outer_fold,inner_fold,hp_name,batch_size,learning_rate,weight_decay,pam_dropout,pam_temperature,distill_alpha,distill_beta,name,epoch,train_loss,val_loss,val_auc,val_aucpr,val_acc,val_cindex,teacher_loss,student_survival_loss,student_repr_loss,student_feature_loss,smil_meta_train_loss,smil_meta_val_loss,smil_meta_val_ce,smil_align_fusion,smil_align_hidden,seed,degrading_modality,train_missing_prop
1,1,lr1e-04_bs8_drop0p2_temp1p0_a0p25_b0p05__wd1e-04trmiss0_degmodglobal,8,0.0001,0.0001,0.2,1.0,0.25,0.05,lr1e-04_bs8_drop0p2_temp1p0_a0p25_b0p05__wd1e-04trmiss0_degmodglobal,1,0.708562970161438,0.6453899145126343,0.8666666666666667,0.9060405643738978,0.8571428571428571,0.0,0.6938206808907645,0.688781201839447,0.05634011168565069,0.11393475426094872,0.0,0.0,0.0,0.0,0.0,18473,global,0.0
1,1,lr1e-04_bs8_drop0p2_temp1p0_a0p25_b0p05__wd1e-04trmiss0_degmodglobal,8,0.0001,0.0001,0.2,1.0,0.25,0.05,lr1e-04_bs8_drop0p2_temp1p0_a0p25_b0p05__wd1e-04trmiss0_degmodglobal,2,0.6647586907659259,0.6474132239818573,0.8666666666666667,0.9060405643738978,0.7857142857142857,0.0,0.6434739913259234,0.6467195664133344,0.049902837191309245,0.11126811323421341,0.0,0.0,0.0,0.0,0.0,18473,global,0.0
1,1,lr1e-04_bs8_drop0p2_temp1p0_a0p25_b0p05__wd1e-04trmiss0_degmodglobal,8,0.0001,0.0001,0.2,1.0,0.25,0.05,lr1e-04_bs8_drop0p2_temp1p0_a0p25_b0p05__wd1e-04trmiss0_degmodglobal,3,0.6851493375641959,0.6420425176620483,0.8666666666666667,0.9060405643738978,0.7857142857142857,0.0,0.634501039981842,0.6689344644546509,0.046492865309119225,0.0918331364435809,0.0,0.0,0.0,0.0,0.0,18473,global,0.0
1,1,lr1e-04_bs8_drop0p2_temp1p0_a0p25_b0p05__wd1e-04trmiss0_degmodglobal,8,0.0001,0.0001,0.2,1.0,0.25,0.05,lr1e-04_bs8_drop0p2_temp1p0_a0p25_b0p05__wd1e-04trmiss0_degmodglobal,4,0.6568433812686375,0.6429696977138519,0.8444444444444444,0.8969496552829888,0.7857142857142857,0.0,0.6041503548622131,0.6405861037118095,0.043299303257039616,0.10864892442311559,0.0,0.0,0.0,0.0,0.0,18473,global,0.0
1,1,lr1e-04_bs8_drop0p2_temp1p0_a0p25_b0p05__wd1e-04trmiss0_degmodglobal,8,0.0001,0.0001,0.2,1.0,0.25,0.05,lr1e-04_bs8_drop0p2_temp1p0_a0p25_b0p05__wd1e-04trmiss0_degmodglobal,5,0.6487563167299543,0.6404102444648743,0.8222222222222222,0.8870731120731121,0.7857142857142857,0.0,0.5871607150350299,0.6284430963652474,0.052637379084314616,0.14307733359081404,0.0,0.0,0.0,0.0,0.0,18473,global,0.0
1,1,lr1e-04_bs8_drop0p2_temp1p0_a0p25_b0p05__wd1e-04trmiss0_degmodglobal,8,0.0001,0.0001,0.2,1.0,0.25,0.05,lr1e-04_bs8_drop0p2_temp1p0_a0p25_b0p05__wd1e-04trmiss0_degmodglobal,6,0.6293759686606271,0.6402129530906677,0.8444444444444444,0.9092953342953345,0.7142857142857143,0.0,0.5845075164522443,0.6118512664522443,0.048291511833667755,0.10903643231306757,0.0,0.0,0.0,0.0,0.0,18473,global,0.0
1,1,lr1e-04_bs8_drop0p2_temp1p0_a0p25_b0p05__wd1e-04trmiss0_degmodglobal,8,0.0001,0.0001,0.2,1.0,0.25,0.05,lr1e-04_bs8_drop0p2_temp1p0_a0p25_b0p05__wd1e-04trmiss0_degmodglobal,7,0.6102625557354519,0.6412708759307861,0.8,0.8909171075837745,0.7142857142857143,0.0,0.5858811565807888,0.5965940952301025,0.04128206468054226,0.06695869032825742,0.0,0.0,0.0,0.0,0.0,18473,global,0.0
1,1,lr1e-04_bs8_drop0p2_temp1p0_a0p25_b0p05__wd1e-04trmiss0_degmodglobal,8,0.0001,0.0001,0.2,1.0,0.25,0.05,lr1e-04_bs8_drop0p2_temp1p0_a0p25_b0p05__wd1e-04trmiss0_degmodglobal,8,0.6107388309070042,0.6392212212085724,0.7555555555555555,0.8741943241943244,0.7142857142857143,0.0,0.5404029914311,0.5935517379215786,0.05022136281643595,0.09263510509793248,0.0,0.0,0.0,0.0,0.0,18473,global,0.0
1,1,lr1e-04_bs8_drop0p2_temp1p0_a0p25_b0p05__wd1e-04trmiss0_degmodglobal,8,0.0001,0.0001,0.2,1.0,0.25,0.05,lr1e-04_bs8_drop0p2_temp1p0_a0p25_b0p05__wd1e-04trmiss0_degmodglobal,9,0.6183046954018729,0.6334646940231323,0.7555555555555555,0.8741943241943244,0.7142857142857143,0.0,0.5400914549827576,0.5973279391016278,0.059148818786655157,0.12379096235547747,0.0,0.0,0.0,0.0,0.0,18473,global,0.0
1,1,lr1e-04_bs8_drop0p2_temp1p0_a0p25_b0p05__wd1e-04trmiss0_degmodglobal,8,0.0001,0.0001,0.2,1.0,0.25,0.05,lr1e-04_bs8_drop0p2_temp1p0_a0p25_b0p05__wd1e-04trmiss0_degmodglobal,10,0.6136780977249146,0.6362584829330444,0.7555555555555555,0.8741943241943244,0.7142857142857143,0.0,0.5484741670744759,0.5937197463853019,0.0500503523009164,0.14891540152685984,0.0,0.0,0.0,0.0,0.0,18473,global,0.0
1,1,lr1e-04_bs8_drop0p2_temp1p0_a0p25_b0p05__wd1e-04trmiss0_degmodglobal,8,0.0001,0.0001,0.2,1.0,0.25,0.05,lr1e-04_bs8_drop0p2_temp1p0_a0p25_b0p05__wd1e-04trmiss0_degmodglobal,11,0.602569077696119,0.6405316591262817,0.7555555555555555,0.8741943241943244,0.7142857142857143,0.0,0.5579315807138171,0.5831625291279384,0.0570213608443737,0.10302408997501646,0.0,0.0,0.0,0.0,0.0,18473,global,0.0
1,1,lr1e-04_bs8_drop0p2_temp1p0_a0p25_b0p05__wd1e-04trmiss0_degmodglobal,8,0.0001,0.0001,0.2,1.0,0.25,0.05,lr1e-04_bs8_drop0p2_temp1p0_a0p25_b0p05__wd1e-04trmiss0_degmodglobal,12,0.5896371603012085,0.6323157548904419,0.7777777777777778,0.8828362995029664,0.7142857142857143,0.0,0.5528069649423871,0.5703681451933724,0.05243163662297385,0.12322220844881875,0.0,0.0,0.0,0.0,0.0,18473,global,0.0
1,1,lr1e-04_bs8_drop0p2_temp1p0_a0p25_b0p05__wd1e-04trmiss0_degmodglobal,8,0.0001,0.0001,0.2,1.0,0.25,0.05,lr1e-04_bs8_drop0p2_temp1p0_a0p25_b0p05__wd1e-04trmiss0_degmodglobal,13,0.607389143535069,0.6107593476772308,0.8444444444444444,0.9170113836780505,0.7142857142857143,0.0,0.5511700170380729,0.5851154582841056,0.062364326523883004,0.13365213626197406,0.0,0.0,0.0,0.0,0.0,18473,global,0.0
1,1,lr1e-04_bs8_drop0p2_temp1p0_a0p25_b0p05__wd1e-04trmiss0_degmodglobal,8,0.0001,0.0001,0.2,1.0,0.25,0.05,lr1e-04_bs8_drop0p2_temp1p0_a0p25_b0p05__wd1e-04trmiss0_degmodglobal,14,0.5948036653654916,0.6139863729476929,0.7555555555555555,0.8882105548772217,0.7142857142857143,0.0,0.5272504602159772,0.5703034230640956,0.06896541214415006,0.14517777519566671,0.0,0.0,0.0,0.0,0.0,18473,global,0.0
1,1,lr1e-04_bs8_drop0p2_temp1p0_a0p25_b0p05__wd1e-04trmiss0_degmodglobal,8,0.0001,0.0001,0.2,1.0,0.25,0.05,lr1e-04_bs8_drop0p2_temp1p0_a0p25_b0p05__wd1e-04trmiss0_degmodglobal,15,0.5712927920477731,0.6271275281906128,0.711111111111111,0.8610500610500613,0.7142857142857143,0.0,0.5247140952519008,0.5499751482691083,0.06056808094893183,0.12351278109209878,0.0,0.0,0.0,0.0,0.0,18473,global,0.0
1,1,lr1e-04_bs8_drop0p2_temp1p0_a0p25_b0p05__wd1e-04trmiss0_degmodglobal,8,0.0001,0.0001,0.2,1.0,0.25,0.05,lr1e-04_bs8_drop0p2_temp1p0_a0p25_b0p05__wd1e-04trmiss0_degmodglobal,16,0.5813747474125454,0.634238064289093,0.7333333333333333,0.867784067784068,0.7142857142857143,0.0,0.5284546656267983,0.5570435949734279,0.06503363539065633,0.16145494048084533,0.0,0.0,0.0,0.0,0.0,18473,global,0.0
1,1,lr1e-04_bs8_drop0p2_temp1p0_a0p25_b0p05__wd1e-04trmiss0_degmodglobal,8,0.0001,0.0001,0.2,1.0,0.25,0.05,lr1e-04_bs8_drop0p2_temp1p0_a0p25_b0p05__wd1e-04trmiss0_degmodglobal,17,0.5593233278819493,0.6509201526641846,0.6888888888888889,0.8491452991452992,0.6428571428571429,0.0,0.5136981308460236,0.5390553006104061,0.056917299915637286,0.12077407538890839,0.0,0.0,0.0,0.0,0.0,18473,global,0.0
1,1,lr1e-04_bs8_drop0p2_temp1p0_a0p25_b0p05__wd1e-04trmiss0_degmodglobal,8,0.0001,0.0001,0.2,1.0,0.25,0.05,lr1e-04_bs8_drop0p2_temp1p0_a0p25_b0p05__wd1e-04trmiss0_degmodglobal,18,0.5660664907523564,0.6275749206542969,0.7333333333333333,0.8795685795685797,0.6428571428571429,0.0,0.4996666354792459,0.5407188321862902,0.07761067684207644,0.118900080876691,0.0,0.0,0.0,0.0,0.0,18473,global,0.0
1,1,lr1e-04_bs8_drop0p2_temp1p0_a0p25_b0p05__wd1e-04trmiss0_degmodglobal,8,0.0001,0.0001,0.2,1.0,0.25,0.05,lr1e-04_bs8_drop0p2_temp1p0_a0p25_b0p05__wd1e-04trmiss0_degmodglobal,19,0.591374967779432,0.6142188310623169,0.7777777777777778,0.8990130240130241,0.7142857142857143,0.0,0.5175245872565678,0.5656950899532863,0.07087146437593869,0.15924006727124965,0.0,0.0,0.0,0.0,0.0,18473,global,0.0
1,1,lr1e-04_bs8_drop0p2_temp1p0_a0p25_b0p05__wd1e-04trmiss0_degmodglobal,8,0.0001,0.0001,0.2,1.0,0.25,0.05,lr1e-04_bs8_drop0p2_temp1p0_a0p25_b0p05__wd1e-04trmiss0_degmodglobal,20,0.5790493743760246,0.6318813860416412,0.7555555555555555,0.8804945054945057,0.7142857142857143,0.0,0.5513979750020164,0.5607133848326546,0.050714338198304176,0.11314831620880536,0.0,0.0,0.0,0.0,0.0,18473,global,0.0
1,1,lr1e-04_bs8_drop0p2_temp1p0_a0p25_b0p05__wd1e-04trmiss0_degmodglobal,8,0.0001,0.0001,0.2,1.0,0.25,0.05,lr1e-04_bs8_drop0p2_temp1p0_a0p25_b0p05__wd1e-04trmiss0_degmodglobal,21,0.5706414239747184,0.6367540061473846,0.7333333333333333,0.8696920363587033,0.7142857142857143,0.0,0.5187868561063494,0.5487717006887708,0.06311196301664625,0.12183468895299095,0.0,0.0,0.0,0.0,0.0,18473,global,0.0
1,1,lr1e-04_bs8_drop0p2_temp1p0_a0p25_b0p05__wd1e-04trmiss0_degmodglobal,8,0.0001,0.0001,0.2,1.0,0.25,0.05,lr1e-04_bs8_drop0p2_temp1p0_a0p25_b0p05__wd1e-04trmiss0_degmodglobal,22,0.5554776958056858,0.6365470290184021,0.7333333333333333,0.8696920363587033,0.7142857142857143,0.0,0.49788810099874226,0.5319704583712986,0.06889312235372407,0.12567940567220962,0.0,0.0,0.0,0.0,0.0,18473,global,0.0
1,1,lr1e-04_bs8_drop0p2_temp1p0_a0p25_b0p05__wd1e-04trmiss0_degmodglobal,8,0.0001,0.0001,0.2,1.0,0.25,0.05,lr1e-04_bs8_drop0p2_temp1p0_a0p25_b0p05__wd1e-04trmiss0_degmodglobal,23,0.5546033680438995,0.6298209130764008,0.7333333333333333,0.8696920363587033,0.6428571428571429,0.0,0.4878414826733725,0.5292231951441083,0.06956402851002556,0.1597833942089762,0.0,0.0,0.0,0.0,0.0,18473,global,0.0
1,1,lr1e-04_bs8_drop0p2_temp1p0_a0p25_b0p05__wd1e-04trmiss0_degmodglobal,8,0.0001,0.0001,0.2,1.0,0.25,0.05,lr1e-04_bs8_drop0p2_temp1p0_a0p25_b0p05__wd1e-04trmiss0_degmodglobal,24,0.5746438503265381,0.6300177276134491,0.7333333333333333,0.8696920363587033,0.6428571428571429,0.0,0.5094122631209237,0.5502405422074454,0.068702047424657,0.14455602105174745,0.0,0.0,0.0,0.0,0.0,18473,global,0.0
1,1,lr1e-04_bs8_drop0p2_temp1p0_a0p25_b0p05__wd1e-04trmiss0_degmodglobal,8,0.0001,0.0001,0.2,1.0,0.25,0.05,lr1e-04_bs8_drop0p2_temp1p0_a0p25_b0p05__wd1e-04trmiss0_degmodglobal,25,0.5317789699350085,0.6279330849647522,0.711111111111111,0.8641975308641978,0.7142857142857143,0.0,0.4825807682105473,0.511820103440966,0.060652107532535283,0.09591662777321679,0.0,0.0,0.0,0.0,0.0,18473,global,0.0
1,1,lr1e-04_bs8_drop0p2_temp1p0_a0p25_b0p05__wd1e-04trmiss0_degmodglobal,8,0.0001,0.0001,0.2,1.0,0.25,0.05,lr1e-04_bs8_drop0p2_temp1p0_a0p25_b0p05__wd1e-04trmiss0_degmodglobal,26,0.5691489321844918,0.6302093267440796,0.711111111111111,0.8641975308641978,0.6428571428571429,0.0,0.5231042504310608,0.5479836804526192,0.06269847229123116,0.10981261144791331,0.0,0.0,0.0,0.0,0.0,18473,global,0.0
1,1,lr1e-04_bs8_drop0p2_temp1p0_a0p25_b0p05__wd1e-04trmiss0_degmodglobal,8,0.0001,0.0001,0.2,1.0,0.25,0.05,lr1e-04_bs8_drop0p2_temp1p0_a0p25_b0p05__wd1e-04trmiss0_degmodglobal,27,0.5684673530714852,0.6216479241847992,0.7333333333333333,0.8827160493827162,0.6428571428571429,0.0,0.5121659636497498,0.5444330487932477,0.06726917464818273,0.1443400861961501,0.0,0.0,0.0,0.0,0.0,18473,global,0.0
1,1,lr1e-04_bs8_drop0p2_temp1p0_a0p25_b0p05__wd1e-04trmiss0_degmodglobal,8,0.0001,0.0001,0.2,1.0,0.25,0.05,lr1e-04_bs8_drop0p2_temp1p0_a0p25_b0p05__wd1e-04trmiss0_degmodglobal,28,0.5790798238345555,0.6159031987190247,0.7555555555555555,0.8882105548772217,0.6428571428571429,0.0,0.5054755636623928,0.5539709627628326,0.07131841113524777,0.14558517187833786,0.0,0.0,0.0,0.0,0.0,18473,global,0.0
1,1,lr1e-04_bs8_drop0p2_temp1p0_a0p25_b0p05__wd1e-04trmiss0_degmodglobal,8,0.0001,0.0001,0.2,1.0,0.25,0.05,lr1e-04_bs8_drop0p2_temp1p0_a0p25_b0p05__wd1e-04trmiss0_degmodglobal,29,0.5534833329064506,0.6138973534107208,0.7333333333333333,0.8696920363587033,0.7142857142857143,0.0,0.47521661860602243,0.5247601866722107,0.07587848550507001,0.19507079997232982,0.0,0.0,0.0,0.0,0.0,18473,global,0.0
1,1,lr1e-04_bs8_drop0p2_temp1p0_a0p25_b0p05__wd1e-04trmiss0_degmodglobal,8,0.0001,0.0001,0.2,1.0,0.25,0.05,lr1e-04_bs8_drop0p2_temp1p0_a0p25_b0p05__wd1e-04trmiss0_degmodglobal,30,0.5536031893321446,0.6197918057441711,0.7333333333333333,0.8696920363587033,0.6428571428571429,0.0,0.4946379917008536,0.5335828576769147,0.05850264642919813,0.10789300714220319,0.0,0.0,0.0,0.0,0.0,18473,global,0.0
1,1,lr1e-04_bs8_drop0p2_temp1p0_a0p25_b0p05__wd1e-04trmiss0_degmodglobal,8,0.0001,0.0001,0.2,1.0,0.25,0.05,lr1e-04_bs8_drop0p2_temp1p0_a0p25_b0p05__wd1e-04trmiss0_degmodglobal,31,0.5585262094225202,0.6173193454742432,0.7333333333333333,0.8696920363587033,0.7142857142857143,0.0,0.48732919352395193,0.533429673739842,0.07026580827576774,0.1506014567400728,0.0,0.0,0.0,0.0,0.0,18473,global,0.0
1,1,lr1e-04_bs8_drop0p2_temp1p0_a0p25_b0p05__wd1e-04trmiss0_degmodglobal,8,0.0001,0.0001,0.2,1.0,0.25,0.05,lr1e-04_bs8_drop0p2_temp1p0_a0p25_b0p05__wd1e-04trmiss0_degmodglobal,32,0.5670478301388877,0.6113572120666504,0.7555555555555555,0.8882105548772217,0.7142857142857143,0.0,0.4875319983278002,0.5345374473503658,0.0928308516740799,0.1860531089561326,0.0,0.0,0.0,0.0,0.0,18473,global,0.0
1,1,lr1e-04_bs8_drop0p2_temp1p0_a0p25_b0p05__wd1e-04trmiss0_degmodglobal,8,0.0001,0.0001,0.2,1.0,0.25,0.05,lr1e-04_bs8_drop0p2_temp1p0_a0p25_b0p05__wd1e-04trmiss0_degmodglobal,33,0.5775380219732013,0.6189143061637878,0.7555555555555555,0.8882105548772217,0.6428571428571429,0.0,0.5172823539802006,0.5453065378325326,0.09287595748901367,0.18024963991982595,0.0,0.0,0.0,0.0,0.0,18473,global,0.0
1,1,lr1e-04_bs8_drop0p2_temp2p0_a0p25_b0p05__wd1e-04trmiss0_degmodglobal,8,0.0001,0.0001,0.2,2.0,0.25,0.05,lr1e-04_bs8_drop0p2_temp2p0_a0p25_b0p05__wd1e-04trmiss0_degmodglobal,1,0.7187253151621137,0.6416074931621552,0.6888888888888889,0.8250000000000002,0.7142857142857143,0.0,0.7219789709363665,0.7001670002937317,0.043858597321169715,0.1518734491297177,0.0,0.0,0.0,0.0,0.0,18473,global,0.0
1,1,lr1e-04_bs8_drop0p2_temp2p0_a0p25_b0p05__wd1e-04trmiss0_degmodglobal,8,0.0001,0.0001,0.2,2.0,0.25,0.05,lr1e-04_bs8_drop0p2_temp2p0_a0p25_b0p05__wd1e-04trmiss0_degmodglobal,2,0.6600067956107003,0.6430604457855225,0.7111111111111111,0.8527777777777779,0.7142857142857143,0.0,0.631180499281202,0.643324477331979,0.0424734822341374,0.12127906882337161,0.0,0.0,0.0,0.0,0.0,18473,global,0.0
1,1,lr1e-04_bs8_drop0p2_temp2p0_a0p25_b0p05__wd1e-04trmiss0_degmodglobal,8,0.0001,0.0001,0.2,2.0,0.25,0.05,lr1e-04_bs8_drop0p2_temp2p0_a0p25_b0p05__wd1e-04trmiss0_degmodglobal,3,0.6352266243525914,0.6443768739700317,0.7333333333333334,0.887820512820513,0.7142857142857143,0.0,0.6535973634038653,0.6154005612645831,0.04875812546483108,0.15273073901023185,0.0,0.0,0.0,0.0,0.0,18473,global,0.0
1,1,lr1e-04_bs8_drop0p2_temp2p0_a0p25_b0p05__wd1e-04trmiss0_degmodglobal,8,0.0001,0.0001,0.2,2.0,0.25,0.05,lr1e-04_bs8_drop0p2_temp2p0_a0p25_b0p05__wd1e-04trmiss0_degmodglobal,4,0.5925911494663784,0.6208527684211731,0.7555555555555556,0.8935185185185186,0.7142857142857143,0.0,0.6160244601113456,0.5697453532900129,0.05792439728975296,0.1672939003578254,0.0,0.0,0.0,0.0,0.0,18473,global,0.0
1,1,lr1e-04_bs8_drop0p2_temp2p0_a0p25_b0p05__wd1e-04trmiss0_degmodglobal,8,0.0001,0.0001,0.2,2.0,0.25,0.05,lr1e-04_bs8_drop0p2_temp2p0_a0p25_b0p05__wd1e-04trmiss0_degmodglobal,5,0.5900641594614301,0.6015186309814453,0.7555555555555555,0.898589065255732,0.6428571428571429,0.0,0.5975779976163592,0.5659876636096409,0.06217410122709615,0.1706592749272074,0.0,0.0,0.0,0.0,0.0,18473,global,0.0
1,1,lr1e-04_bs8_drop0p2_temp2p0_a0p25_b0p05__wd1e-04trmiss0_degmodglobal,8,0.0001,0.0001,0.2,2.0,0.25,0.05,lr1e-04_bs8_drop0p2_temp2p0_a0p25_b0p05__wd1e-04trmiss0_degmodglobal,6,0.5822027666228158,0.614619106054306,0.7555555555555556,0.8935185185185186,0.7142857142857143,0.0,0.5797742690358844,0.5629481758390155,0.05232241164360728,0.12347975719187941,0.0,0.0,0.0,0.0,0.0,18473,global,0.0
1,1,lr1e-04_bs8_drop0p2_temp2p0_a0p25_b0p05__wd1e-04trmiss0_degmodglobal,8,0.0001,0.0001,0.2,2.0,0.25,0.05,lr1e-04_bs8_drop0p2_temp2p0_a0p25_b0p05__wd1e-04trmiss0_degmodglobal,7,0.580540120601654,0.634897768497467,0.7333333333333333,0.8827160493827162,0.7142857142857143,0.0,0.5865784798349652,0.5594640970230103,0.052400656044483185,0.1595170460641384,0.0,0.0,0.0,0.0,0.0,18473,global,0.0
1,1,lr1e-04_bs8_drop0p2_temp2p0_a0p25_b0p05__wd1e-04trmiss0_degmodglobal,8,0.0001,0.0001,0.2,2.0,0.25,0.05,lr1e-04_bs8_drop0p2_temp2p0_a0p25_b0p05__wd1e-04trmiss0_degmodglobal,8,0.5525242686271667,0.6181271374225616,0.7333333333333333,0.877545294211961,0.6428571428571429,0.0,0.5845756190163749,0.5321365680013385,0.05607840897781508,0.12736195591943605,0.0,0.0,0.0,0.0,0.0,18473,global,0.0
1,1,lr1e-04_bs8_drop0p2_temp2p0_a0p25_b0p05__wd1e-04trmiss0_degmodglobal,8,0.0001,0.0001,0.2,2.0,0.25,0.05,lr1e-04_bs8_drop0p2_temp2p0_a0p25_b0p05__wd1e-04trmiss0_degmodglobal,9,0.5490731980119433,0.6173580288887024,0.711111111111111,0.8708112874779543,0.5714285714285714,0.0,0.5592798846108573,0.5287353566714695,0.0532008313706943,0.14075283546532905,0.0,0.0,0.0,0.0,0.0,18473,global,0.0
1,1,lr1e-04_bs8_drop0p2_temp2p0_a0p25_b0p05__wd1e-04trmiss0_degmodglobal,8,0.0001,0.0001,0.2,2.0,0.25,0.05,lr1e-04_bs8_drop0p2_temp2p0_a0p25_b0p05__wd1e-04trmiss0_degmodglobal,10,0.5303608689989362,0.6367729008197784,0.7333333333333333,0.877545294211961,0.5714285714285714,0.0,0.5721290792737689,0.5092489719390869,0.056944411514060836,0.13751568006617682,0.0,0.0,0.0,0.0,0.0,18473,global,0.0
1,1,lr1e-04_bs8_drop0p2_temp2p0_a0p25_b0p05__wd1e-04trmiss0_degmodglobal,8,0.0001,0.0001,0.2,2.0,0.25,0.05,lr1e-04_bs8_drop0p2_temp2p0_a0p25_b0p05__wd1e-04trmiss0_degmodglobal,11,0.5458334301199231,0.6306089758872986,0.6888888888888889,0.8621693121693124,0.6428571428571429,0.0,0.600175108228411,0.5213382840156555,0.05835482983716896,0.19812864703791483,0.0,0.0,0.0,0.0,0.0,18473,global,0.0
1,1,lr1e-04_bs8_drop0p2_temp2p0_a0p25_b0p05__wd1e-04trmiss0_degmodglobal,8,0.0001,0.0001,0.2,2.0,0.25,0.05,lr1e-04_bs8_drop0p2_temp2p0_a0p25_b0p05__wd1e-04trmiss0_degmodglobal,12,0.5556650715214866,0.6078939735889435,0.7333333333333333,0.8827160493827162,0.6428571428571429,0.0,0.5638846840177264,0.5358822856630597,0.05288719119770186,0.13121960258909635,0.0,0.0,0.0,0.0,0.0,18473,global,0.0
1,1,lr1e-04_bs8_drop0p2_temp2p0_a0p25_b0p05__wd1e-04trmiss0_degmodglobal,8,0.0001,0.0001,0.2,2.0,0.25,0.05,lr1e-04_bs8_drop0p2_temp2p0_a0p25_b0p05__wd1e-04trmiss0_degmodglobal,13,0.5594800199781146,0.5966599881649017,0.7555555555555555,0.8894500561167229,0.7142857142857143,0.0,0.5709477918488639,0.5400659441947937,0.05154193751513958,0.1305718868970871,0.0,0.0,0.0,0.0,0.0,18473,global,0.0
1,1,lr1e-04_bs8_drop0p2_temp2p0_a0p25_b0p05__wd1e-04trmiss0_degmodglobal,8,0.0001,0.0001,0.2,2.0,0.25,0.05,lr1e-04_bs8_drop0p2_temp2p0_a0p25_b0p05__wd1e-04trmiss0_degmodglobal,14,0.5229247212409973,0.5952980220317841,0.7333333333333333,0.8827160493827162,0.7142857142857143,0.0,0.5423345182623182,0.5028367255415235,0.056392702140978405,0.11979629631553378,0.0,0.0,0.0,0.0,0.0,18473,global,0.0
1,1,lr1e-04_bs8_drop0p2_temp2p0_a0p25_b0p05__wd1e-04trmiss0_degmodglobal,8,0.0001,0.0001,0.2,2.0,0.25,0.05,lr1e-04_bs8_drop0p2_temp2p0_a0p25_b0p05__wd1e-04trmiss0_degmodglobal,15,0.5304834842681885,0.5928450226783752,0.7777777777777779,0.9002525252525253,0.6428571428571429,0.0,0.5441745179040092,0.509458235331944,0.061234978692872186,0.11433025449514389,0.0,0.0,0.0,0.0,0.0,18473,global,0.0
1,1,lr1e-04_bs8_drop0p2_temp2p0_a0p25_b0p05__wd1e-04trmiss0_degmodglobal,8,0.0001,0.0001,0.2,2.0,0.25,0.05,lr1e-04_bs8_drop0p2_temp2p0_a0p25_b0p05__wd1e-04trmiss0_degmodglobal,16,0.5628639076437268,0.5944840013980865,0.7555555555555555,0.8894500561167229,0.6428571428571429,0.0,0.5488071952547345,0.5421933276312692,0.05680686022554125,0.1293772134397711,0.0,0.0,0.0,0.0,0.0,18473,global,0.0
1,1,lr1e-04_bs8_drop0p2_temp2p0_a0p25_b0p05__wd1e-04trmiss0_degmodglobal,8,0.0001,0.0001,0.2,2.0,0.25,0.05,lr1e-04_bs8_drop0p2_temp2p0_a0p25_b0p05__wd1e-04trmiss0_degmodglobal,17,0.53458029457501,0.595753937959671,0.7555555555555555,0.8894500561167229,0.6428571428571429,0.0,0.5392358090196337,0.5152253125395093,0.05523153021931648,0.11094211041927338,0.0,0.0,0.0,0.0,0.0,18473,global,0.0
1,1,lr1e-04_bs8_drop0p2_temp2p0_a0p25_b0p05__wd1e-04trmiss0_degmodglobal,8,0.0001,0.0001,0.2,2.0,0.25,0.05,lr1e-04_bs8_drop0p2_temp2p0_a0p25_b0p05__wd1e-04trmiss0_degmodglobal,18,0.532662068094526,0.5999056398868561,0.7777777777777779,0.9002525252525253,0.6428571428571429,0.0,0.5477418303489685,0.5139914623328617,0.049636351210730414,0.12523045018315315,0.0,0.0,0.0,0.0,0.0,18473,global,0.0
1,1,lr1e-04_bs8_drop0p2_temp2p0_a0p25_b0p05__wd1e-04trmiss0_degmodglobal,8,0.0001,0.0001,0.2,2.0,0.25,0.05,lr1e-04_bs8_drop0p2_temp2p0_a0p25_b0p05__wd1e-04trmiss0_degmodglobal,19,0.507320408310209,0.5912643671035767,0.7777777777777778,0.8949445616112284,0.6428571428571429,0.0,0.5248546004295349,0.4811710332121168,0.07215762510895729,0.16219919228128024,0.0,0.0,0.0,0.0,0.0,18473,global,0.0
1,1,lr1e-04_bs8_drop0p2_temp2p0_a0p25_b0p05__wd1e-04trmiss0_degmodglobal,8,0.0001,0.0001,0.2,2.0,0.25,0.05,lr1e-04_bs8_drop0p2_temp2p0_a0p25_b0p05__wd1e-04trmiss0_degmodglobal,20,0.5044009728091103,0.5913966596126556,0.8444444444444446,0.9237043820377155,0.6428571428571429,0.0,0.5237695957933154,0.4767810489450182,0.07437420583197049,0.18052729964256287,0.0,0.0,0.0,0.0,0.0,18473,global,0.0
1,1,lr1e-04_bs8_drop0p2_temp2p0_a0p25_b0p05__wd1e-04trmiss0_degmodglobal,8,0.0001,0.0001,0.2,2.0,0.25,0.05,lr1e-04_bs8_drop0p2_temp2p0_a0p25_b0p05__wd1e-04trmiss0_degmodglobal,21,0.4942376783915928,0.5837445855140686,0.7333333333333333,0.8743978243978245,0.6428571428571429,0.0,0.5022534642900739,0.46860614844730925,0.0688578789787633,0.168341230068888,0.0,0.0,0.0,0.0,0.0,18473,global,0.0
1,1,lr1e-04_bs8_drop0p2_temp2p0_a0p25_b0p05__wd1e-04trmiss0_degmodglobal,8,0.0001,0.0001,0.2,2.0,0.25,0.05,lr1e-04_bs8_drop0p2_temp2p0_a0p25_b0p05__wd1e-04trmiss0_degmodglobal,22,0.4926371957574572,0.585379034280777,0.6888888888888889,0.8605931105931108,0.6428571428571429,0.0,0.48357448833329336,0.46971236382211956,0.06667744740843773,0.12510946925197328,0.0,0.0,0.0,0.0,0.0,18473,global,0.0
1,1,lr1e-04_bs8_drop0p2_temp2p0_a0p25_b0p05__wd1e-04trmiss0_degmodglobal,8,0.0001,0.0001,0.2,2.0,0.25,0.05,lr1e-04_bs8_drop0p2_temp2p0_a0p25_b0p05__wd1e-04trmiss0_degmodglobal,23,0.5187854213374001,0.6046839952468872,0.7111111111111111,0.8651385651385652,0.6428571428571429,0.0,0.535487243107387,0.49606288756643024,0.062303404190710614,0.1429335879428046,0.0,0.0,0.0,0.0,0.0,18473,global,0.0
1,1,lr1e-04_bs8_drop0p2_temp2p0_a0p25_b0p05__wd1e-04trmiss0_degmodglobal,8,0.0001,0.0001,0.2,2.0,0.25,0.05,lr1e-04_bs8_drop0p2_temp2p0_a0p25_b0p05__wd1e-04trmiss0_degmodglobal,24,0.4910021424293518,0.589981734752655,0.7333333333333333,0.8795685795685797,0.6428571428571429,0.0,0.4988380925995963,0.4611680507659912,0.08150169572659902,0.18917312153748103,0.0,0.0,0.0,0.0,0.0,18473,global,0.0
1,1,lr1e-04_bs8_drop0p2_temp2p0_a0p25_b0p05__wd1e-04trmiss0_degmodglobal,8,0.0001,0.0001,0.2,2.0,0.25,0.05,lr1e-04_bs8_drop0p2_temp2p0_a0p25_b0p05__wd1e-04trmiss0_degmodglobal,25,0.5060407945087978,0.5736024975776672,0.7333333333333333,0.8743978243978245,0.6428571428571429,0.0,0.5122513941356114,0.47453550355775015,0.08054040053061076,0.22740392280476435,0.0,0.0,0.0,0.0,0.0,18473,global,0.0
1,1,lr1e-04_bs8_drop0p2_temp2p0_a0p25_b0p05__wd1e-04trmiss0_degmodglobal,8,0.0001,0.0001,0.2,2.0,0.25,0.05,lr1e-04_bs8_drop0p2_temp2p0_a0p25_b0p05__wd1e-04trmiss0_degmodglobal,26,0.5209842877728599,0.5741934180259705,0.7555555555555555,0.8882105548772217,0.6428571428571429,0.0,0.5327306006635938,0.49421230810029165,0.0670627664242472,0.20012570917606354,0.0,0.0,0.0,0.0,0.0,18473,global,0.0
1,1,lr1e-04_bs8_drop0p2_temp2p0_a0p25_b0p05__wd1e-04trmiss0_degmodglobal,8,0.0001,0.0001,0.2,2.0,0.25,0.05,lr1e-04_bs8_drop0p2_temp2p0_a0p25_b0p05__wd1e-04trmiss0_degmodglobal,27,0.5233083239623478,0.5816457867622375,0.7555555555555555,0.8882105548772217,0.7142857142857143,0.0,0.5351074508258274,0.49389920064381193,0.08261679698313985,0.17509839364460536,0.0,0.0,0.0,0.0,0.0,18473,global,0.0
1,1,lr1e-04_bs8_drop0p2_temp2p0_a0p25_b0p05__wd1e-04trmiss0_degmodglobal,8,0.0001,0.0001,0.2,2.0,0.25,0.05,lr1e-04_bs8_drop0p2_temp2p0_a0p25_b0p05__wd1e-04trmiss0_degmodglobal,28,0.5135190401758466,0.5814773440361023,0.7555555555555555,0.8882105548772217,0.6428571428571429,0.0,0.5288345898900714,0.4857799368245261,0.07855753254677568,0.16199433963213647,0.0,0.0,0.0,0.0,0.0,18473,global,0.0
1,1,lr1e-04_bs8_drop0p2_temp2p0_a0p25_b0p05__wd1e-04trmiss0_degmodglobal,8,0.0001,0.0001,0.2,2.0,0.25,0.05,lr1e-04_bs8_drop0p2_temp2p0_a0p25_b0p05__wd1e-04trmiss0_degmodglobal,29,0.4929021894931793,0.5750177204608917,0.7777777777777778,0.8949445616112284,0.6428571428571429,0.0,0.48551200117383686,0.4694184490612575,0.06318211768354688,0.1537641840321677,0.0,0.0,0.0,0.0,0.0,18473,global,0.0
1,1,lr1e-04_bs8_drop0p2_temp2p0_a0p25_b0p05__wd1e-04trmiss0_degmodglobal,8,0.0001,0.0001,0.2,2.0,0.25,0.05,lr1e-04_bs8_drop0p2_temp2p0_a0p25_b0p05__wd1e-04trmiss0_degmodglobal,30,0.47675480587141855,0.5865451097488403,0.7777777777777778,0.8990130240130241,0.7857142857142857,0.0,0.502058105809348,0.4455297589302063,0.08010878626789365,0.2239574140736035,0.0,0.0,0.0,0.0,0.0,18473,global,0.0
1,1,lr1e-04_bs8_drop0p2_temp2p0_a0p25_b0p05__wd1e-04trmiss0_degmodglobal,8,0.0001,0.0001,0.2,2.0,0.25,0.05,lr1e-04_bs8_drop0p2_temp2p0_a0p25_b0p05__wd1e-04trmiss0_degmodglobal,31,0.5053996443748474,0.5871325731277466,0.8,0.9057470307470308,0.7142857142857143,0.0,0.5047179119927543,0.4577600913388388,0.12260869358267103,0.3397476981793131,0.0,0.0,0.0,0.0,0.0,18473,global,0.0
1,1,lr1e-04_bs8_drop0p2_temp2p0_a0p25_b0p05__wd1e-04trmiss0_degmodglobal,8,0.0001,0.0001,0.2,2.0,0.25,0.05,lr1e-04_bs8_drop0p2_temp2p0_a0p25_b0p05__wd1e-04trmiss0_degmodglobal,32,0.506008791072028,0.5941049456596375,0.7333333333333333,0.8795685795685797,0.7142857142857143,0.0,0.4799754577023642,0.4773107724530356,0.0878633548106466,0.1346434439931597,0.0,0.0,0.0,0.0,0.0,18473,global,0.0
1,1,lr1e-04_bs8_drop0p2_temp2p0_a0p25_b0p05__wd1e-04trmiss0_degmodglobal,8,0.0001,0.0001,0.2,2.0,0.25,0.05,lr1e-04_bs8_drop0p2_temp2p0_a0p25_b0p05__wd1e-04trmiss0_degmodglobal,33,0.49274527175085886,0.5882546305656433,0.7555555555555555,0.8882105548772217,0.6428571428571429,0.0,0.47662267088890076,0.45870373930249897,0.09040299377271108,0.22881573225770677,0.0,0.0,0.0,0.0,0.0,18473,global,0.0
1,1,lr1e-04_bs8_drop0p2_temp2p0_a0p25_b0p05__wd1e-04trmiss0_degmodglobal,8,0.0001,0.0001,0.2,2.0,0.25,0.05,lr1e-04_bs8_drop0p2_temp2p0_a0p25_b0p05__wd1e-04trmiss0_degmodglobal,34,0.47712147661617826,0.583195149898529,0.7555555555555555,0.8882105548772217,0.7142857142857143,0.0,0.49070497921534945,0.4470410645008087,0.07668680857334818,0.21817412227392197,0.0,0.0,0.0,0.0,0.0,18473,global,0.0
1,1,lr1e-04_bs8_drop0p2_temp2p0_a0p25_b0p05__wd1e-04trmiss0_degmodglobal,8,0.0001,0.0001,0.2,2.0,0.25,0.05,lr1e-04_bs8_drop0p2_temp2p0_a0p25_b0p05__wd1e-04trmiss0_degmodglobal,35,0.4636367346559252,0.5826595723628998,0.7333333333333333,0.8763057929724598,0.7142857142857143,0.0,0.459566559110369,0.4310085007122585,0.09099165882383074,0.1976064560668809,0.0,0.0,0.0,0.0,0.0,18473,global,0.0
1,1,lr1e-04_bs8_drop0p2_temp2p0_a0p25_b0p05__wd1e-04trmiss0_degmodglobal,8,0.0001,0.0001,0.2,2.0,0.25,0.05,lr1e-04_bs8_drop0p2_temp2p0_a0p25_b0p05__wd1e-04trmiss0_degmodglobal,36,0.5100778298718589,0.5783446133136749,0.7333333333333333,0.8763057929724598,0.6428571428571429,0.0,0.491631771836962,0.4788932757718222,0.08892723811524254,0.1790550063763346,0.0,0.0,0.0,0.0,0.0,18473,global,0.0
1,1,lr1e-04_bs8_drop0p2_temp2p0_a0p25_b0p05__wd1e-04trmiss0_degmodglobal,8,0.0001,0.0001,0.2,2.0,0.25,0.05,lr1e-04_bs8_drop0p2_temp2p0_a0p25_b0p05__wd1e-04trmiss0_degmodglobal,37,0.4891272953578404,0.5743097960948944,0.6888888888888889,0.8605931105931108,0.5714285714285714,0.0,0.48411827853747774,0.4562618008681706,0.08801791071891785,0.2172204064471381,0.0,0.0,0.0,0.0,0.0,18473,global,0.0
1,1,lr1e-04_bs8_drop0p2_temp2p0_a0p25_b0p05__wd1e-04trmiss0_degmodglobal,8,0.0001,0.0001,0.2,2.0,0.25,0.05,lr1e-04_bs8_drop0p2_temp2p0_a0p25_b0p05__wd1e-04trmiss0_degmodglobal,38,0.49998292326927185,0.573098212480545,0.6888888888888889,0.8605931105931108,0.6428571428571429,0.0,0.5022628733089992,0.4690354721886771,0.08060466923883983,0.2159257312970502,0.0,0.0,0.0,0.0,0.0,18473,global,0.0
1,1,lr1e-04_bs8_drop0p2_temp2p0_a0p25_b0p05__wd1e-04trmiss0_degmodglobal,8,0.0001,0.0001,0.2,2.0,0.25,0.05,lr1e-04_bs8_drop0p2_temp2p0_a0p25_b0p05__wd1e-04trmiss0_degmodglobal,39,0.4934343269893101,0.5824755132198334,0.7111111111111111,0.8724978724978727,0.6428571428571429,0.0,0.46755737917763845,0.46192120228494915,0.08761126388396535,0.1922063614640917,0.0,0.0,0.0,0.0,0.0,18473,global,0.0
1,1,lr1e-04_bs8_drop0p2_temp2p0_a0p25_b0p05__wd1e-04trmiss0_degmodglobal,8,0.0001,0.0001,0.2,2.0,0.25,0.05,lr1e-04_bs8_drop0p2_temp2p0_a0p25_b0p05__wd1e-04trmiss0_degmodglobal,40,0.4551644963877542,0.5782335102558136,0.7333333333333333,0.8743978243978245,0.6428571428571429,0.0,0.4700497899736677,0.4242333046027592,0.08498867281845637,0.1936803050339222,0.0,0.0,0.0,0.0,0.0,18473,global,0.0
1,1,lr1e-04_bs8_drop0p4_temp1p0_a0p25_b0p05__wd1e-04trmiss0_degmodglobal,8,0.0001,0.0001,0.4,1.0,0.25,0.05,lr1e-04_bs8_drop0p4_temp1p0_a0p25_b0p05__wd1e-04trmiss0_degmodglobal,1,0.7345906496047974,0.6791461706161499,0.7777777777777777,0.8927128427128428,0.7142857142857143,0.0,0.7125234774180821,0.7138648118291583,0.051003219825880866,0.159500424351011,0.0,0.0,0.0,0.0,0.0,18473,global,0.0
1,1,lr1e-04_bs8_drop0p4_temp1p0_a0p25_b0p05__wd1e-04trmiss0_degmodglobal,8,0.0001,0.0001,0.4,1.0,0.25,0.05,lr1e-04_bs8_drop0p4_temp1p0_a0p25_b0p05__wd1e-04trmiss0_degmodglobal,2,0.7163195610046387,0.6656024158000946,0.8666666666666667,0.9328843995510663,0.7857142857142857,0.0,0.6967400908470154,0.6997970938682556,0.04266549753291266,0.11712212248572282,0.0,0.0,0.0,0.0,0.0,18473,global,0.0
1,1,lr1e-04_bs8_drop0p4_temp1p0_a0p25_b0p05__wd1e-04trmiss0_degmodglobal,8,0.0001,0.0001,0.4,1.0,0.25,0.05,lr1e-04_bs8_drop0p4_temp1p0_a0p25_b0p05__wd1e-04trmiss0_degmodglobal,3,0.6683364255087716,0.6705880165100098,0.8,0.8909171075837745,0.6428571428571429,0.0,0.6647736259869167,0.6465759958539691,0.055136897202048986,0.15952383833272116,0.0,0.0,0.0,0.0,0.0,18473,global,0.0
1,1,lr1e-04_bs8_drop0p4_temp1p0_a0p25_b0p05__wd1e-04trmiss0_degmodglobal,8,0.0001,0.0001,0.4,1.0,0.25,0.05,lr1e-04_bs8_drop0p4_temp1p0_a0p25_b0p05__wd1e-04trmiss0_degmodglobal,4,0.651507556438446,0.6599459946155548,0.8222222222222222,0.9051066217732886,0.5714285714285714,0.0,0.6470745801925659,0.6298048751694816,0.058110730456454415,0.1435000646327223,0.0,0.0,0.0,0.0,0.0,18473,global,0.0
1,1,lr1e-04_bs8_drop0p4_temp1p0_a0p25_b0p05__wd1e-04trmiss0_degmodglobal,8,0.0001,0.0001,0.4,1.0,0.25,0.05,lr1e-04_bs8_drop0p4_temp1p0_a0p25_b0p05__wd1e-04trmiss0_degmodglobal,5,0.6323431645120893,0.6583661139011383,0.7333333333333333,0.843562610229277,0.5714285714285714,0.0,0.6122724754469735,0.6118805493627276,0.05103925349456923,0.15405615525586264,0.0,0.0,0.0,0.0,0.0,18473,global,0.0
1,1,lr1e-04_bs8_drop0p4_temp1p0_a0p25_b0p05__wd1e-04trmiss0_degmodglobal,8,0.0001,0.0001,0.4,1.0,0.25,0.05,lr1e-04_bs8_drop0p4_temp1p0_a0p25_b0p05__wd1e-04trmiss0_degmodglobal,6,0.6203059383801052,0.6629462540149689,0.7333333333333333,0.843562610229277,0.5,0.0,0.6223472356796265,0.5955700278282166,0.061985940273318975,0.18478885612317494,0.0,0.0,0.0,0.0,0.0,18473,global,0.0
1,1,lr1e-04_bs8_drop0p4_temp1p0_a0p25_b0p05__wd1e-04trmiss0_degmodglobal,8,0.0001,0.0001,0.4,1.0,0.25,0.05,lr1e-04_bs8_drop0p4_temp1p0_a0p25_b0p05__wd1e-04trmiss0_degmodglobal,7,0.5974461691720145,0.6612676382064819,0.7333333333333333,0.8593745760412428,0.5,0.0,0.6231516088758197,0.5787776282855442,0.04716774555189269,0.1375324704817363,0.0,0.0,0.0,0.0,0.0,18473,global,0.0
1,1,lr1e-04_bs8_drop0p4_temp1p0_a0p25_b0p05__wd1e-04trmiss0_degmodglobal,8,0.0001,0.0001,0.4,1.0,0.25,0.05,lr1e-04_bs8_drop0p4_temp1p0_a0p25_b0p05__wd1e-04trmiss0_degmodglobal,8,0.5977580036435809,0.6645515561103821,0.7111111111111111,0.8512937679604347,0.5714285714285714,0.0,0.6241816878318787,0.5765760966709682,0.05828650748091085,0.13220566191843577,0.0,0.0,0.0,0.0,0.0,18473,global,0.0
1,1,lr1e-04_bs8_drop0p4_temp1p0_a0p25_b0p05__wd1e-04trmiss0_degmodglobal,8,0.0001,0.0001,0.4,1.0,0.25,0.05,lr1e-04_bs8_drop0p4_temp1p0_a0p25_b0p05__wd1e-04trmiss0_degmodglobal,9,0.6310002037457058,0.6692082583904266,0.7111111111111111,0.8512937679604347,0.5,0.0,0.5933428406715393,0.6034875171525138,0.06454382890037128,0.2275347752230508,0.0,0.0,0.0,0.0,0.0,18473,global,0.0
1,1,lr1e-04_bs8_drop0p4_temp1p0_a0p25_b0p05__wd1e-04trmiss0_degmodglobal,8,0.0001,0.0001,0.4,1.0,0.25,0.05,lr1e-04_bs8_drop0p4_temp1p0_a0p25_b0p05__wd1e-04trmiss0_degmodglobal,10,0.6416408930506025,0.662416398525238,0.7111111111111111,0.8512937679604347,0.5,0.0,0.6029965792383466,0.6162692649023873,0.06308106599109513,0.19202725695712225,0.0,0.0,0.0,0.0,0.0,18473,global,0.0
1,1,lr1e-04_bs8_drop0p4_temp1p0_a0p25_b0p05__wd1e-04trmiss0_degmodglobal,8,0.0001,0.0001,0.4,1.0,0.25,0.05,lr1e-04_bs8_drop0p4_temp1p0_a0p25_b0p05__wd1e-04trmiss0_degmodglobal,11,0.5993510569844928,0.6532964110374451,0.7111111111111111,0.8512937679604347,0.5714285714285714,0.0,0.586089551448822,0.5739569919449943,0.06328912238989558,0.19143583731991903,0.0,0.0,0.0,0.0,0.0,18473,global,0.0
1,1,lr1e-04_bs8_drop0p4_temp1p0_a0p25_b0p05__wd1e-04trmiss0_degmodglobal,8,0.0001,0.0001,0.4,1.0,0.25,0.05,lr1e-04_bs8_drop0p4_temp1p0_a0p25_b0p05__wd1e-04trmiss0_degmodglobal,12,0.6147328274590629,0.6535924673080444,0.7333333333333334,0.8645212811879479,0.5714285714285714,0.0,0.6173924718584333,0.588711359671184,0.07037320174276829,0.1685635255915778,0.0,0.0,0.0,0.0,0.0,18473,global,0.0
1,1,lr1e-04_bs8_drop0p4_temp1p0_a0p25_b0p05__wd1e-04trmiss0_degmodglobal,8,0.0001,0.0001,0.4,1.0,0.25,0.05,lr1e-04_bs8_drop0p4_temp1p0_a0p25_b0p05__wd1e-04trmiss0_degmodglobal,13,0.6003709435462952,0.6548575162887573,0.7777777777777778,0.8872285122285124,0.5714285714285714,0.0,0.5855715615408761,0.5674673446587154,0.07917129620909691,0.2622153865439551,0.0,0.0,0.0,0.0,0.0,18473,global,0.0
1,1,lr1e-04_bs8_drop0p4_temp1p0_a0p25_b0p05__wd1e-04trmiss0_degmodglobal,8,0.0001,0.0001,0.4,1.0,0.25,0.05,lr1e-04_bs8_drop0p4_temp1p0_a0p25_b0p05__wd1e-04trmiss0_degmodglobal,14,0.5479492204529899,0.6626212894916534,0.7111111111111111,0.8512937679604347,0.5714285714285714,0.0,0.5673575060708183,0.5150812608855111,0.08604589902928897,0.2271298680986677,0.0,0.0,0.0,0.0,0.0,18473,global,0.0
1,1,lr1e-04_bs8_drop0p4_temp1p0_a0p25_b0p05__wd1e-04trmiss0_degmodglobal,8,0.0001,0.0001,0.4,1.0,0.25,0.05,lr1e-04_bs8_drop0p4_temp1p0_a0p25_b0p05__wd1e-04trmiss0_degmodglobal,15,0.5725528172084263,0.6563383042812347,0.7777777777777778,0.8872285122285124,0.6428571428571429,0.0,0.5602755503995078,0.5417124032974243,0.08810183193002429,0.1762990126652377,0.0,0.0,0.0,0.0,0.0,18473,global,0.0
1,1,lr1e-04_bs8_drop0p4_temp1p0_a0p25_b0p05__wd1e-04trmiss0_degmodglobal,8,0.0001,0.0001,0.4,1.0,0.25,0.05,lr1e-04_bs8_drop0p4_temp1p0_a0p25_b0p05__wd1e-04trmiss0_degmodglobal,16,0.5871294481413705,0.6524137258529663,0.7777777777777778,0.8845068511735181,0.7142857142857143,0.0,0.5666687829153878,0.5562211189951215,0.07259966486266681,0.25516815164259504,0.0,0.0,0.0,0.0,0.0,18473,global,0.0
1,1,lr1e-04_bs8_drop0p4_temp1p0_a0p25_b0p05__wd1e-04trmiss0_degmodglobal,8,0.0001,0.0001,0.4,1.0,0.25,0.05,lr1e-04_bs8_drop0p4_temp1p0_a0p25_b0p05__wd1e-04trmiss0_degmodglobal,17,0.557697479213987,0.6551724970340729,0.7555555555555555,0.87642604309271,0.6428571428571429,0.0,0.5565162130764553,0.5215704568794796,0.09762547165155411,0.23441329279116221,0.0,0.0,0.0,0.0,0.0,18473,global,0.0
1,1,lr1e-04_bs8_drop0p4_temp1p0_a0p25_b0p05__wd1e-04trmiss0_degmodglobal,8,0.0001,0.0001,0.4,1.0,0.25,0.05,lr1e-04_bs8_drop0p4_temp1p0_a0p25_b0p05__wd1e-04trmiss0_degmodglobal,18,0.5683269671031407,0.6532145440578461,0.7333333333333333,0.867784067784068,0.7142857142857143,0.0,0.5897539939199176,0.546111455985478,0.06256238956536565,0.13149803983313696,0.0,0.0,0.0,0.0,0.0,18473,global,0.0
1,1,lr1e-04_bs8_drop0p4_temp1p0_a0p25_b0p05__wd1e-04trmiss0_degmodglobal,8,0.0001,0.0001,0.4,1.0,0.25,0.05,lr1e-04_bs8_drop0p4_temp1p0_a0p25_b0p05__wd1e-04trmiss0_degmodglobal,19,0.5702794534819466,0.6616338789463043,0.6888888888888889,0.8426517926517927,0.5714285714285714,0.0,0.5438445167882102,0.5421316410814013,0.07997799132551466,0.16306651277201517,0.0,0.0,0.0,0.0,0.0,18473,global,0.0
1,1,lr1e-04_bs8_drop0p4_temp1p0_a0p25_b0p05__wd1e-04trmiss0_degmodglobal,8,0.0001,0.0001,0.4,1.0,0.25,0.05,lr1e-04_bs8_drop0p4_temp1p0_a0p25_b0p05__wd1e-04trmiss0_degmodglobal,20,0.5502619104725974,0.6579060554504395,0.6888888888888889,0.8426517926517927,0.5714285714285714,0.0,0.5841165440423148,0.5266176845346179,0.06439218350819179,0.15092368902904646,0.0,0.0,0.0,0.0,0.0,18473,global,0.0
1,1,lr1e-04_bs8_drop0p4_temp1p0_a0p25_b0p05__wd1e-04trmiss0_degmodglobal,8,0.0001,0.0001,0.4,1.0,0.25,0.05,lr1e-04_bs8_drop0p4_temp1p0_a0p25_b0p05__wd1e-04trmiss0_degmodglobal,21,0.5679540038108826,0.6646230220794678,0.6444444444444445,0.8234718984718985,0.5714285714285714,0.0,0.530433156660625,0.5381477049418858,0.07845617405005864,0.20384526359183447,0.0,0.0,0.0,0.0,0.0,18473,global,0.0
1,1,lr1e-04_bs8_drop0p4_temp1p0_a0p25_b0p05__wd1e-04trmiss0_degmodglobal,8,0.0001,0.0001,0.4,1.0,0.25,0.05,lr1e-04_bs8_drop0p4_temp1p0_a0p25_b0p05__wd1e-04trmiss0_degmodglobal,22,0.552929835660117,0.6780921816825867,0.6888888888888889,0.844559761226428,0.5714285714285714,0.0,0.5582038930484227,0.5316950678825378,0.057799631995814185,0.13569737278989383,0.0,0.0,0.0,0.0,0.0,18473,global,0.0
1,1,lr1e-04_bs8_drop0p4_temp1p0_a0p25_b0p05__wd1e-04trmiss0_degmodglobal,8,0.0001,0.0001,0.4,1.0,0.25,0.05,lr1e-04_bs8_drop0p4_temp1p0_a0p25_b0p05__wd1e-04trmiss0_degmodglobal,23,0.5780016269002642,0.6613500118255615,0.6666666666666666,0.8333925333925336,0.5,0.0,0.5589490277426583,0.5511181354522705,0.07009725951190506,0.18718336735452926,0.0,0.0,0.0,0.0,0.0,18473,global,0.0
1,1,lr1e-04_bs8_drop0p4_temp1p0_a0p25_b0p05__wd1e-04trmiss0_degmodglobal,8,0.0001,0.0001,0.4,1.0,0.25,0.05,lr1e-04_bs8_drop0p4_temp1p0_a0p25_b0p05__wd1e-04trmiss0_degmodglobal,24,0.5517631598881313,0.658992737531662,0.6444444444444445,0.8234718984718985,0.5,0.0,0.5692174775259835,0.5261798926762172,0.07413434716207641,0.14099392401320593,0.0,0.0,0.0,0.0,0.0,18473,global,0.0
1,1,lr1e-04_bs8_drop0p4_temp1p0_a0p25_b0p05__wd1e-04trmiss0_degmodglobal,8,0.0001,0.0001,0.4,1.0,0.25,0.05,lr1e-04_bs8_drop0p4_temp1p0_a0p25_b0p05__wd1e-04trmiss0_degmodglobal,25,0.5587755611964634,0.6608010530471802,0.6444444444444445,0.8234718984718985,0.5,0.0,0.5586938091686794,0.5394089775426048,0.04873671010136604,0.1436483029808317,0.0,0.0,0.0,0.0,0.0,18473,global,0.0
1,1,lr1e-04_bs8_drop0p4_temp1p0_a0p25_b0p05__wd1e-04trmiss0_degmodglobal,8,0.0001,0.0001,0.4,1.0,0.25,0.05,lr1e-04_bs8_drop0p4_temp1p0_a0p25_b0p05__wd1e-04trmiss0_degmodglobal,26,0.56900954246521,0.6691765487194061,0.6222222222222222,0.8167378917378918,0.5,0.0,0.5712118191378457,0.5478954272610801,0.05925718056304114,0.12599654123187065,0.0,0.0,0.0,0.0,0.0,18473,global,0.0
1,1,lr1e-04_bs8_drop0p4_temp1p0_a0p25_b0p05__wd1e-04trmiss0_degmodglobal,8,0.0001,0.0001,0.4,1.0,0.25,0.05,lr1e-04_bs8_drop0p4_temp1p0_a0p25_b0p05__wd1e-04trmiss0_degmodglobal,27,0.5499846381800515,0.6682828068733215,0.6222222222222222,0.8167378917378918,0.5,0.0,0.557468661240169,0.5308506275926318,0.05263037553855351,0.11952819089804377,0.0,0.0,0.0,0.0,0.0,18473,global,0.0
1,1,lr1e-04_bs8_drop0p4_temp1p0_a0p25_b0p05__wd1e-04trmiss0_degmodglobal,8,0.0001,0.0001,0.4,1.0,0.25,0.05,lr1e-04_bs8_drop0p4_temp1p0_a0p25_b0p05__wd1e-04trmiss0_degmodglobal,28,0.5248582703726632,0.6646604537963867,0.6444444444444445,0.8234718984718985,0.5,0.0,0.539190377507891,0.5009901693889073,0.06306517603141922,0.1620361464364188,0.0,0.0,0.0,0.0,0.0,18473,global,0.0
1,1,lr1e-04_bs8_drop0p4_temp1p0_a0p25_b0p05__wd1e-04trmiss0_degmodglobal,8,0.0001,0.0001,0.4,1.0,0.25,0.05,lr1e-04_bs8_drop0p4_temp1p0_a0p25_b0p05__wd1e-04trmiss0_degmodglobal,29,0.5430531884942736,0.6537603735923767,0.6444444444444445,0.8234718984718985,0.42857142857142855,0.0,0.5326349990708488,0.517231856073652,0.07153080563460078,0.15877278574875422,0.0,0.0,0.0,0.0,0.0,18473,global,0.0
1,1,lr1e-04_bs8_drop0p4_temp1p0_a0p25_b0p05__wd1e-04trmiss0_degmodglobal,8,0.0001,0.0001,0.4,1.0,0.25,0.05,lr1e-04_bs8_drop0p4_temp1p0_a0p25_b0p05__wd1e-04trmiss0_degmodglobal,30,0.5414787020002093,0.6596297323703766,0.6444444444444445,0.8234718984718985,0.5,0.0,0.5558686298983437,0.519534034388406,0.06390115299395152,0.11938756172146116,0.0,0.0,0.0,0.0,0.0,18473,global,0.0
1,1,lr1e-04_bs8_drop0p4_temp1p0_a0p25_b0p05__wd1e-04trmiss0_degmodglobal,8,0.0001,0.0001,0.4,1.0,0.25,0.05,lr1e-04_bs8_drop0p4_temp1p0_a0p25_b0p05__wd1e-04trmiss0_degmodglobal,31,0.520926799092974,0.6590409278869629,0.6444444444444445,0.8234718984718985,0.5,0.0,0.5569516335214887,0.49252709320613314,0.071369397853102,0.21114712208509445,0.0,0.0,0.0,0.0,0.0,18473,global,0.0
1,1,lr1e-04_bs8_drop0p4_temp1p0_a0p25_b0p05__wd1e-04trmiss0_degmodglobal,8,0.0001,0.0001,0.4,1.0,0.25,0.05,lr1e-04_bs8_drop0p4_temp1p0_a0p25_b0p05__wd1e-04trmiss0_degmodglobal,32,0.5592286246163505,0.6586515307426453,0.6444444444444445,0.8234718984718985,0.5,0.0,0.5613003756318774,0.5351487270423344,0.06529856606253556,0.15510454028844833,0.0,0.0,0.0,0.0,0.0,18473,global,0.0
1,1,lr1e-04_bs8_drop0p4_temp1p0_a0p25_b0p05__wd1e-04trmiss0_degmodglobal,8,0.0001,0.0001,0.4,1.0,0.25,0.05,lr1e-04_bs8_drop0p4_temp1p0_a0p25_b0p05__wd1e-04trmiss0_degmodglobal,33,0.5423120600836617,0.6650912165641785,0.6444444444444445,0.8234718984718985,0.5,0.0,0.5758887699672154,0.5199067720345089,0.060514475618089945,0.14553329135690415,0.0,0.0,0.0,0.0,0.0,18473,global,0.0
1,1,lr1e-04_bs8_drop0p4_temp1p0_a0p25_b0p05__wd1e-04trmiss0_degmodglobal,8,0.0001,0.0001,0.4,1.0,0.25,0.05,lr1e-04_bs8_drop0p4_temp1p0_a0p25_b0p05__wd1e-04trmiss0_degmodglobal,34,0.5061912281172616,0.664221465587616,0.6444444444444445,0.8234718984718985,0.5,0.0,0.5467560929911477,0.48160489542143686,0.06754828883068902,0.15398494633180754,0.0,0.0,0.0,0.0,0.0,18473,global,0.0
1,1,lr1e-04_bs8_drop0p4_temp1p0_a0p25_b0p05__wd1e-04trmiss0_degmodglobal,8,0.0001,0.0001,0.4,1.0,0.25,0.05,lr1e-04_bs8_drop0p4_temp1p0_a0p25_b0p05__wd1e-04trmiss0_degmodglobal,35,0.5255802869796753,0.6656257808208466,0.6444444444444445,0.8234718984718985,0.5,0.0,0.5317901245185307,0.4958986384528024,0.0783669576048851,0.2017979004553386,0.0,0.0,0.0,0.0,0.0,18473,global,0.0
1,1,lr1e-04_bs8_drop0p4_temp1p0_a0p25_b0p05__wd1e-04trmiss0_degmodglobal,8,0.0001,0.0001,0.4,1.0,0.25,0.05,lr1e-04_bs8_drop0p4_temp1p0_a0p25_b0p05__wd1e-04trmiss0_degmodglobal,36,0.49673522795949665,0.6708814799785614,0.6444444444444445,0.8234718984718985,0.5,0.0,0.5224557306085315,0.4773699641227722,0.05183841873492513,0.12811304203101567,0.0,0.0,0.0,0.0,0.0,18473,global,0.0
1,1,lr1e-04_bs8_drop0p4_temp2p0_a0p25_b0p05__wd1e-04trmiss0_degmodglobal,8,0.0001,0.0001,0.4,2.0,0.25,0.05,lr1e-04_bs8_drop0p4_temp2p0_a0p25_b0p05__wd1e-04trmiss0_degmodglobal,1,0.7489385604858398,0.6998029053211212,0.6444444444444444,0.7151114317780985,0.5,0.0,0.7138705764498029,0.7305294275283813,0.04627044339265142,0.13683061833892549,0.0,0.0,0.0,0.0,0.0,18473,global,0.0
1,1,lr1e-04_bs8_drop0p4_temp2p0_a0p25_b0p05__wd1e-04trmiss0_degmodglobal,8,0.0001,0.0001,0.4,2.0,0.25,0.05,lr1e-04_bs8_drop0p4_temp2p0_a0p25_b0p05__wd1e-04trmiss0_degmodglobal,2,0.7492315087999616,0.7040740847587585,0.5777777777777777,0.6883918550585217,0.42857142857142855,0.0,0.6888022422790527,0.7253888334546771,0.06431905339871134,0.15525816806725093,0.0,0.0,0.0,0.0,0.0,18473,global,0.0
1,1,lr1e-04_bs8_drop0p4_temp2p0_a0p25_b0p05__wd1e-04trmiss0_degmodglobal,8,0.0001,0.0001,0.4,2.0,0.25,0.05,lr1e-04_bs8_drop0p4_temp2p0_a0p25_b0p05__wd1e-04trmiss0_degmodglobal,3,0.7094918830054147,0.7060050964355469,0.5555555555555556,0.7186387686387685,0.42857142857142855,0.0,0.7218174253191266,0.6914898327418736,0.04531994382185595,0.13344125130346843,0.0,0.0,0.0,0.0,0.0,18473,global,0.0
1,1,lr1e-04_bs8_drop0p4_temp2p0_a0p25_b0p05__wd1e-04trmiss0_degmodglobal,8,0.0001,0.0001,0.4,2.0,0.25,0.05,lr1e-04_bs8_drop0p4_temp2p0_a0p25_b0p05__wd1e-04trmiss0_degmodglobal,4,0.7614258442606244,0.726046085357666,0.5111111111111111,0.6538239538239539,0.42857142857142855,0.0,0.667728168623788,0.7346634013312203,0.0651280049766813,0.20960860805852072,0.0,0.0,0.0,0.0,0.0,18473,global,0.0
1,1,lr1e-04_bs8_drop0p4_temp2p0_a0p25_b0p05__wd1e-04trmiss0_degmodglobal,8,0.0001,0.0001,0.4,2.0,0.25,0.05,lr1e-04_bs8_drop0p4_temp2p0_a0p25_b0p05__wd1e-04trmiss0_degmodglobal,5,0.6874337792396545,0.7379560768604279,0.4888888888888889,0.643903318903319,0.42857142857142855,0.0,0.6457454221589225,0.6649220074926104,0.06334637690867696,0.13350363661135947,0.0,0.0,0.0,0.0,0.0,18473,global,0.0
1,1,lr1e-04_bs8_drop0p4_temp2p0_a0p25_b0p05__wd1e-04trmiss0_degmodglobal,8,0.0001,0.0001,0.4,2.0,0.25,0.05,lr1e-04_bs8_drop0p4_temp2p0_a0p25_b0p05__wd1e-04trmiss0_degmodglobal,6,0.6937077726636615,0.7213744819164276,0.5111111111111111,0.6493978243978245,0.42857142857142855,0.0,0.690347569329398,0.6766738891601562,0.046427546335118156,0.10853994744164604,0.0,0.0,0.0,0.0,0.0,18473,global,0.0
1,1,lr1e-04_bs8_drop0p4_temp2p0_a0p25_b0p05__wd1e-04trmiss0_degmodglobal,8,0.0001,0.0001,0.4,2.0,0.25,0.05,lr1e-04_bs8_drop0p4_temp2p0_a0p25_b0p05__wd1e-04trmiss0_degmodglobal,7,0.6653089438165937,0.704103946685791,0.5777777777777777,0.7519110519110519,0.5,0.0,0.6507835047585624,0.6431823287691388,0.05438956458653722,0.17058456263371877,0.0,0.0,0.0,0.0,0.0,18473,global,0.0
1,1,lr1e-04_bs8_drop0p4_temp2p0_a0p25_b0p05__wd1e-04trmiss0_degmodglobal,8,0.0001,0.0001,0.4,2.0,0.25,0.05,lr1e-04_bs8_drop0p4_temp2p0_a0p25_b0p05__wd1e-04trmiss0_degmodglobal,8,0.6677566851888385,0.6991963386535645,0.6222222222222222,0.7859177859177859,0.5714285714285714,0.0,0.6579397661345345,0.6515663947377887,0.042823085827486854,0.1096903287938663,0.0,0.0,0.0,0.0,0.0,18473,global,0.0
1,1,lr1e-04_bs8_drop0p4_temp2p0_a0p25_b0p05__wd1e-04trmiss0_degmodglobal,8,0.0001,0.0001,0.4,2.0,0.25,0.05,lr1e-04_bs8_drop0p4_temp2p0_a0p25_b0p05__wd1e-04trmiss0_degmodglobal,9,0.6825783933912005,0.7021045088768005,0.6222222222222222,0.7859177859177859,0.5,0.0,0.6479198592049735,0.6626564264297485,0.057700766782675474,0.10993557104042598,0.0,0.0,0.0,0.0,0.0,18473,global,0.0
1,1,lr1e-04_bs8_drop0p4_temp2p0_a0p25_b0p05__wd1e-04trmiss0_degmodglobal,8,0.0001,0.0001,0.4,2.0,0.25,0.05,lr1e-04_bs8_drop0p4_temp2p0_a0p25_b0p05__wd1e-04trmiss0_degmodglobal,10,0.6467856168746948,0.6859298348426819,0.6666666666666666,0.8223375390042058,0.5714285714285714,0.0,0.6228142636162894,0.6186567885535104,0.07497831540448326,0.1876852469784873,0.0,0.0,0.0,0.0,0.0,18473,global,0.0
1,1,lr1e-04_bs8_drop0p4_temp2p0_a0p25_b0p05__wd1e-04trmiss0_degmodglobal,8,0.0001,0.0001,0.4,2.0,0.25,0.05,lr1e-04_bs8_drop0p4_temp2p0_a0p25_b0p05__wd1e-04trmiss0_degmodglobal,11,0.677414059638977,0.6768781542778015,0.6666666666666666,0.8269230769230771,0.6428571428571429,0.0,0.6281789626394,0.654272164617266,0.05707425996661186,0.17746670810239656,0.0,0.0,0.0,0.0,0.0,18473,global,0.0
1,1,lr1e-04_bs8_drop0p4_temp2p0_a0p25_b0p05__wd1e-04trmiss0_degmodglobal,8,0.0001,0.0001,0.4,2.0,0.25,0.05,lr1e-04_bs8_drop0p4_temp2p0_a0p25_b0p05__wd1e-04trmiss0_degmodglobal,12,0.6553634745734078,0.6774085164070129,0.6444444444444444,0.8136955636955638,0.5714285714285714,0.0,0.6123469812529427,0.6317282489367894,0.05793711489864758,0.1830192133784294,0.0,0.0,0.0,0.0,0.0,18473,global,0.0
1,1,lr1e-04_bs8_drop0p4_temp2p0_a0p25_b0p05__wd1e-04trmiss0_degmodglobal,8,0.0001,0.0001,0.4,2.0,0.25,0.05,lr1e-04_bs8_drop0p4_temp2p0_a0p25_b0p05__wd1e-04trmiss0_degmodglobal,13,0.6592708315168109,0.6762640476226807,0.6666666666666666,0.8269230769230771,0.5714285714285714,0.0,0.6152379427637372,0.6440601434026446,0.04016121290624142,0.10340761180434908,0.0,0.0,0.0,0.0,0.0,18473,global,0.0
1,1,lr1e-04_bs8_drop0p4_temp2p0_a0p25_b0p05__wd1e-04trmiss0_degmodglobal,8,0.0001,0.0001,0.4,2.0,0.25,0.05,lr1e-04_bs8_drop0p4_temp2p0_a0p25_b0p05__wd1e-04trmiss0_degmodglobal,14,0.6265815666743687,0.6654963493347168,0.6666666666666666,0.835917785917786,0.5714285714285714,0.0,0.5908918125288827,0.6025409272738865,0.06600574031472206,0.1507840497153146,0.0,0.0,0.0,0.0,0.0,18473,global,0.0
1,1,lr1e-04_bs8_drop0p4_temp2p0_a0p25_b0p05__wd1e-04trmiss0_degmodglobal,8,0.0001,0.0001,0.4,2.0,0.25,0.05,lr1e-04_bs8_drop0p4_temp2p0_a0p25_b0p05__wd1e-04trmiss0_degmodglobal,15,0.6251077992575509,0.6390511393547058,0.711111111111111,0.8610500610500613,0.7142857142857143,0.0,0.5838299223354885,0.606931345803397,0.04261636308261326,0.1504472829401493,0.0,0.0,0.0,0.0,0.0,18473,global,0.0
1,1,lr1e-04_bs8_drop0p4_temp2p0_a0p25_b0p05__wd1e-04trmiss0_degmodglobal,8,0.0001,0.0001,0.4,2.0,0.25,0.05,lr1e-04_bs8_drop0p4_temp2p0_a0p25_b0p05__wd1e-04trmiss0_degmodglobal,16,0.6687569447926113,0.6257938146591187,0.711111111111111,0.8610500610500613,0.7142857142857143,0.0,0.592327858720507,0.6480722512517657,0.04959856665560177,0.1657006506408964,0.0,0.0,0.0,0.0,0.0,18473,global,0.0
1,1,lr1e-04_bs8_drop0p4_temp2p0_a0p25_b0p05__wd1e-04trmiss0_degmodglobal,8,0.0001,0.0001,0.4,2.0,0.25,0.05,lr1e-04_bs8_drop0p4_temp2p0_a0p25_b0p05__wd1e-04trmiss0_degmodglobal,17,0.6521979825837272,0.6285961270332336,0.711111111111111,0.8610500610500613,0.7142857142857143,0.0,0.5980921643120902,0.6303263562066215,0.05439018777438572,0.1654815599322319,0.0,0.0,0.0,0.0,0.0,18473,global,0.0
1,1,lr1e-04_bs8_drop0p4_temp2p0_a0p25_b0p05__wd1e-04trmiss0_degmodglobal,8,0.0001,0.0001,0.4,2.0,0.25,0.05,lr1e-04_bs8_drop0p4_temp2p0_a0p25_b0p05__wd1e-04trmiss0_degmodglobal,18,0.631169353212629,0.6346321702003479,0.7333333333333333,0.8696920363587033,0.7142857142857143,0.0,0.6063979012625558,0.606757138456617,0.06279196058000837,0.17428434746606009,0.0,0.0,0.0,0.0,0.0,18473,global,0.0
1,1,lr1e-04_bs8_drop0p4_temp2p0_a0p25_b0p05__wd1e-04trmiss0_degmodglobal,8,0.0001,0.0001,0.4,2.0,0.25,0.05,lr1e-04_bs8_drop0p4_temp2p0_a0p25_b0p05__wd1e-04trmiss0_degmodglobal,19,0.640011089188712,0.6540960669517517,0.6888888888888889,0.8539793539793541,0.6428571428571429,0.0,0.5995017460414341,0.616094069821494,0.06183202617934772,0.16918058267661504,0.0,0.0,0.0,0.0,0.0,18473,global,0.0
1,1,lr1e-04_bs8_drop0p4_temp2p0_a0p25_b0p05__wd1e-04trmiss0_degmodglobal,8,0.0001,0.0001,0.4,2.0,0.25,0.05,lr1e-04_bs8_drop0p4_temp2p0_a0p25_b0p05__wd1e-04trmiss0_degmodglobal,20,0.6471177935600281,0.6548660695552826,0.6888888888888889,0.8355650522317191,0.6428571428571429,0.0,0.6160875558853149,0.6231118866375515,0.05920730744089399,0.18408155121973582,0.0,0.0,0.0,0.0,0.0,18473,global,0.0
1,1,lr1e-04_bs8_drop0p4_temp2p0_a0p25_b0p05__wd1e-04trmiss0_degmodglobal,8,0.0001,0.0001,0.4,2.0,0.25,0.05,lr1e-04_bs8_drop0p4_temp2p0_a0p25_b0p05__wd1e-04trmiss0_degmodglobal,21,0.613577493599483,0.6540162563323975,0.6666666666666666,0.8223375390042058,0.6428571428571429,0.0,0.5945228636264801,0.5910534943853106,0.05970096801008497,0.1519753938274724,0.0,0.0,0.0,0.0,0.0,18473,global,0.0
1,1,lr1e-04_bs8_drop0p4_temp2p0_a0p25_b0p05__wd1e-04trmiss0_degmodglobal,8,0.0001,0.0001,0.4,2.0,0.25,0.05,lr1e-04_bs8_drop0p4_temp2p0_a0p25_b0p05__wd1e-04trmiss0_degmodglobal,22,0.6096249733652387,0.6661931574344635,0.6666666666666666,0.8223375390042058,0.6428571428571429,0.0,0.5853896992547172,0.5900987684726715,0.0502291348363672,0.13937865729842866,0.0,0.0,0.0,0.0,0.0,18473,global,0.0
1,1,lr1e-04_bs8_drop0p4_temp2p0_a0p25_b0p05__wd1e-04trmiss0_degmodglobal,8,0.0001,0.0001,0.4,2.0,0.25,0.05,lr1e-04_bs8_drop0p4_temp2p0_a0p25_b0p05__wd1e-04trmiss0_degmodglobal,23,0.6165807502610343,0.6670113503932953,0.6666666666666666,0.8223375390042058,0.6428571428571429,0.0,0.6014974372727531,0.5976637090955462,0.05106821656227112,0.12299948611429759,0.0,0.0,0.0,0.0,0.0,18473,global,0.0
1,1,lr1e-04_bs8_drop0p4_temp2p0_a0p25_b0p05__wd1e-04trmiss0_degmodglobal,8,0.0001,0.0001,0.4,2.0,0.25,0.05,lr1e-04_bs8_drop0p4_temp2p0_a0p25_b0p05__wd1e-04trmiss0_degmodglobal,24,0.6476831265858242,0.664920836687088,0.6888888888888889,0.8355650522317191,0.5714285714285714,0.0,0.57645583152771,0.6267127309526715,0.05058743751474789,0.16647082780088698,0.0,0.0,0.0,0.0,0.0,18473,global,0.0
1,1,lr1e-04_bs8_drop0p4_temp2p0_a0p25_b0p05__wd1e-04trmiss0_degmodglobal,8,0.0001,0.0001,0.4,2.0,0.25,0.05,lr1e-04_bs8_drop0p4_temp2p0_a0p25_b0p05__wd1e-04trmiss0_degmodglobal,25,0.6336708324296134,0.6581841111183167,0.6666666666666666,0.8223375390042058,0.6428571428571429,0.0,0.5761810370853969,0.6137154528072902,0.052329343876668384,0.13746096034135138,0.0,0.0,0.0,0.0,0.0,18473,global,0.0
1,1,lr1e-04_bs8_drop0p4_temp2p0_a0p25_b0p05__wd1e-04trmiss0_degmodglobal,8,0.0001,0.0001,0.4,2.0,0.25,0.05,lr1e-04_bs8_drop0p4_temp2p0_a0p25_b0p05__wd1e-04trmiss0_degmodglobal,26,0.623671144247055,0.6652241051197052,0.6444444444444444,0.8136955636955638,0.5714285714285714,0.0,0.5938870906829834,0.5928857241358075,0.07142533415130206,0.2585815606372697,0.0,0.0,0.0,0.0,0.0,18473,global,0.0
1,1,lr1e-04_bs8_drop0p4_temp2p0_a0p25_b0p05__wd1e-04trmiss0_degmodglobal,8,0.0001,0.0001,0.4,2.0,0.25,0.05,lr1e-04_bs8_drop0p4_temp2p0_a0p25_b0p05__wd1e-04trmiss0_degmodglobal,27,0.6136682288987296,0.6742118000984192,0.6,0.7918100418100418,0.5714285714285714,0.0,0.6223136271749224,0.5958201885223389,0.046757363714277744,0.12317410497260946,0.0,0.0,0.0,0.0,0.0,18473,global,0.0
1,1,lr1e-04_bs8_drop0p4_temp2p0_a0p25_b0p05__wd1e-04trmiss0_degmodglobal,8,0.0001,0.0001,0.4,2.0,0.25,0.05,lr1e-04_bs8_drop0p4_temp2p0_a0p25_b0p05__wd1e-04trmiss0_degmodglobal,28,0.662478221314294,0.676784485578537,0.6222222222222222,0.8066248566248566,0.5714285714285714,0.0,0.6101954238755363,0.640113183430263,0.058277027149285586,0.15591547159211977,0.0,0.0,0.0,0.0,0.0,18473,global,0.0
1,1,lr1e-04_bs8_drop0p4_temp2p0_a0p25_b0p05__wd1e-04trmiss0_degmodglobal,8,0.0001,0.0001,0.4,2.0,0.25,0.05,lr1e-04_bs8_drop0p4_temp2p0_a0p25_b0p05__wd1e-04trmiss0_degmodglobal,29,0.6129143067768642,0.6720531582832336,0.6444444444444444,0.828847078847079,0.5714285714285714,0.0,0.5766561712537494,0.5958046913146973,0.04238673459206309,0.13025884649583272,0.0,0.0,0.0,0.0,0.0,18473,global,0.0
1,1,lr1e-04_bs8_drop0p4_temp2p0_a0p25_b0p05__wd1e-04trmiss0_degmodglobal,8,0.0001,0.0001,0.4,2.0,0.25,0.05,lr1e-04_bs8_drop0p4_temp2p0_a0p25_b0p05__wd1e-04trmiss0_degmodglobal,30,0.5855942709105355,0.6686127483844757,0.6444444444444444,0.828847078847079,0.5714285714285714,0.0,0.5644882832254682,0.5652344652584621,0.05487252399325371,0.13283372776848928,0.0,0.0,0.0,0.0,0.0,18473,global,0.0
1,1,lr1e-04_bs8_drop0p4_temp2p0_a0p25_b0p05__wd1e-04trmiss0_degmodglobal,8,0.0001,0.0001,0.4,2.0,0.25,0.05,lr1e-04_bs8_drop0p4_temp2p0_a0p25_b0p05__wd1e-04trmiss0_degmodglobal,31,0.6014710579599652,0.6665644645690918,0.6666666666666666,0.835917785917786,0.5714285714285714,0.0,0.5926995277404785,0.5836871947560992,0.046384342813066075,0.12375550876770701,0.0,0.0,0.0,0.0,0.0,18473,global,0.0
1,1,lr1e-04_bs8_drop0p4_temp2p0_a0p25_b0p05__wd1e-04trmiss0_degmodglobal,8,0.0001,0.0001,0.4,2.0,0.25,0.05,lr1e-04_bs8_drop0p4_temp2p0_a0p25_b0p05__wd1e-04trmiss0_degmodglobal,32,0.620041583265577,0.6614441573619843,0.6666666666666666,0.835917785917786,0.6428571428571429,0.0,0.5675033756664821,0.5984464713505336,0.0597988593259028,0.1329080584858145,0.0,0.0,0.0,0.0,0.0,18473,global,0.0
1,1,lr1e-04_bs8_drop0p4_temp2p0_a0p25_b0p05__wd1e-04trmiss0_degmodglobal,8,0.0001,0.0001,0.4,2.0,0.25,0.05,lr1e-04_bs8_drop0p4_temp2p0_a0p25_b0p05__wd1e-04trmiss0_degmodglobal,33,0.6087636692183358,0.6710168123245239,0.6,0.7918100418100418,0.6428571428571429,0.0,0.5648568144866398,0.5849451720714569,0.0591077378817967,0.1808312354343278,0.0,0.0,0.0,0.0,0.0,18473,global,0.0
1,1,lr1e-04_bs8_drop0p4_temp2p0_a0p25_b0p05__wd1e-04trmiss0_degmodglobal,8,0.0001,0.0001,0.4,2.0,0.25,0.05,lr1e-04_bs8_drop0p4_temp2p0_a0p25_b0p05__wd1e-04trmiss0_degmodglobal,34,0.6015256302697318,0.6715106964111328,0.6,0.7918100418100418,0.6428571428571429,0.0,0.5539848634174892,0.583342969417572,0.04581406419830663,0.13458284735679626,0.0,0.0,0.0,0.0,0.0,18473,global,0.0
1,1,lr1e-04_bs8_drop0p4_temp2p0_a0p25_b0p05__wd1e-04trmiss0_degmodglobal,8,0.0001,0.0001,0.4,2.0,0.25,0.05,lr1e-04_bs8_drop0p4_temp2p0_a0p25_b0p05__wd1e-04trmiss0_degmodglobal,35,0.5477660894393921,0.6712608635425568,0.6,0.7918100418100418,0.5714285714285714,0.0,0.5353794651372092,0.5292906505720956,0.050280733832291195,0.11810481122561864,0.0,0.0,0.0,0.0,0.0,18473,global,0.0
1,1,lr1e-04_bs8_drop0p4_temp2p0_a0p25_b0p05__wd1e-04trmiss0_degmodglobal,8,0.0001,0.0001,0.4,2.0,0.25,0.05,lr1e-04_bs8_drop0p4_temp2p0_a0p25_b0p05__wd1e-04trmiss0_degmodglobal,36,0.5928311603409904,0.6595972180366516,0.6444444444444444,0.828847078847079,0.6428571428571429,0.0,0.553659336907523,0.5674759915896824,0.06732627164040293,0.1704720093735627,0.0,0.0,0.0,0.0,0.0,18473,global,0.0
1,1,lr1e-04_bs8_drop0p4_temp2p0_a0p25_b0p05__wd1e-04trmiss0_degmodglobal,8,0.0001,0.0001,0.4,2.0,0.25,0.05,lr1e-04_bs8_drop0p4_temp2p0_a0p25_b0p05__wd1e-04trmiss0_degmodglobal,37,0.5854952207633427,0.6533330678939819,0.6444444444444444,0.828847078847079,0.6428571428571429,0.0,0.5268113996301379,0.5573687255382538,0.07346209777253014,0.19521955932889665,0.0,0.0,0.0,0.0,0.0,18473,global,0.0
1,1,lr1e-04_bs8_drop0p4_temp2p0_a0p25_b0p05__wd1e-04trmiss0_degmodglobal,8,0.0001,0.0001,0.4,2.0,0.25,0.05,lr1e-04_bs8_drop0p4_temp2p0_a0p25_b0p05__wd1e-04trmiss0_degmodglobal,38,0.6095548442431858,0.6537355780601501,0.6444444444444444,0.828847078847079,0.6428571428571429,0.0,0.570187875202724,0.5872684972626823,0.05699628644755909,0.16074554861656257,0.0,0.0,0.0,0.0,0.0,18473,global,0.0
1,1,lr5e-05_bs8_drop0p2_temp1p0_a0p25_b0p05__wd1e-04trmiss0_degmodglobal,8,5e-05,0.0001,0.2,1.0,0.25,0.05,lr5e-05_bs8_drop0p2_temp1p0_a0p25_b0p05__wd1e-04trmiss0_degmodglobal,1,0.7280412912368774,0.6746964156627655,0.6222222222222222,0.7151946818613486,0.5714285714285714,0.0,0.6838998624256679,0.7123710087367466,0.043982245826295445,0.09349448499935013,0.0,0.0,0.0,0.0,0.0,18473,global,0.0
1,1,lr5e-05_bs8_drop0p2_temp1p0_a0p25_b0p05__wd1e-04trmiss0_degmodglobal,8,5e-05,0.0001,0.2,1.0,0.25,0.05,lr5e-05_bs8_drop0p2_temp1p0_a0p25_b0p05__wd1e-04trmiss0_degmodglobal,2,0.693109895501818,0.6703487634658813,0.6222222222222222,0.7621082621082622,0.6428571428571429,0.0,0.6869031361171177,0.679172192301069,0.03490137282226767,0.10424707138112613,0.0,0.0,0.0,0.0,0.0,18473,global,0.0
1,1,lr5e-05_bs8_drop0p2_temp1p0_a0p25_b0p05__wd1e-04trmiss0_degmodglobal,8,5e-05,0.0001,0.2,1.0,0.25,0.05,lr5e-05_bs8_drop0p2_temp1p0_a0p25_b0p05__wd1e-04trmiss0_degmodglobal,3,0.7047207610947746,0.6692637503147125,0.6222222222222222,0.7621082621082622,0.6428571428571429,0.0,0.6435636367116656,0.6883569615227836,0.04135914306555476,0.12048031921897616,0.0,0.0,0.0,0.0,0.0,18473,global,0.0
1,1,lr5e-05_bs8_drop0p2_temp1p0_a0p25_b0p05__wd1e-04trmiss0_degmodglobal,8,5e-05,0.0001,0.2,1.0,0.25,0.05,lr5e-05_bs8_drop0p2_temp1p0_a0p25_b0p05__wd1e-04trmiss0_degmodglobal,4,0.6986873745918274,0.6614871323108673,0.6444444444444444,0.7991452991452992,0.6428571428571429,0.0,0.6521185721669879,0.685359503541674,0.036555469036102295,0.08378011480505977,0.0,0.0,0.0,0.0,0.0,18473,global,0.0
1,1,lr5e-05_bs8_drop0p2_temp1p0_a0p25_b0p05__wd1e-04trmiss0_degmodglobal,8,5e-05,0.0001,0.2,1.0,0.25,0.05,lr5e-05_bs8_drop0p2_temp1p0_a0p25_b0p05__wd1e-04trmiss0_degmodglobal,5,0.6583624397005353,0.6819539666175842,0.6,0.7065527065527066,0.5,0.0,0.6407187836510795,0.6489471197128296,0.02597181565527405,0.05844729633203575,0.0,0.0,0.0,0.0,0.0,18473,global,0.0
1,1,lr5e-05_bs8_drop0p2_temp1p0_a0p25_b0p05__wd1e-04trmiss0_degmodglobal,8,5e-05,0.0001,0.2,1.0,0.25,0.05,lr5e-05_bs8_drop0p2_temp1p0_a0p25_b0p05__wd1e-04trmiss0_degmodglobal,6,0.6639699254717145,0.6826603710651398,0.5555555555555556,0.6840659340659342,0.5,0.0,0.6455611075673785,0.6539082527160645,0.028531298307435855,0.05857708517994199,0.0,0.0,0.0,0.0,0.0,18473,global,0.0
1,1,lr5e-05_bs8_drop0p2_temp1p0_a0p25_b0p05__wd1e-04trmiss0_degmodglobal,8,5e-05,0.0001,0.2,1.0,0.25,0.05,lr5e-05_bs8_drop0p2_temp1p0_a0p25_b0p05__wd1e-04trmiss0_degmodglobal,7,0.6497134566307068,0.674065351486206,0.6222222222222222,0.7621082621082622,0.5,0.0,0.6305659924234662,0.6396481394767761,0.027121499446885928,0.06569880140679223,0.0,0.0,0.0,0.0,0.0,18473,global,0.0
1,1,lr5e-05_bs8_drop0p2_temp1p0_a0p25_b0p05__wd1e-04trmiss0_degmodglobal,8,5e-05,0.0001,0.2,1.0,0.25,0.05,lr5e-05_bs8_drop0p2_temp1p0_a0p25_b0p05__wd1e-04trmiss0_degmodglobal,8,0.6469587343079704,0.6618655323982239,0.711111111111111,0.8001914751914752,0.7142857142857143,0.0,0.6177704589707511,0.636762295450483,0.02486602110522134,0.07959854549595288,0.0,0.0,0.0,0.0,0.0,18473,global,0.0
1,1,lr5e-05_bs8_drop0p2_temp1p0_a0p25_b0p05__wd1e-04trmiss0_degmodglobal,8,5e-05,0.0001,0.2,1.0,0.25,0.05,lr5e-05_bs8_drop0p2_temp1p0_a0p25_b0p05__wd1e-04trmiss0_degmodglobal,9,0.6494648882320949,0.6613724529743195,0.7333333333333333,0.8372285122285124,0.7142857142857143,0.0,0.617434425013406,0.6364921075957162,0.03315623902848789,0.09367440002305168,0.0,0.0,0.0,0.0,0.0,18473,global,0.0
1,1,lr5e-05_bs8_drop0p2_temp1p0_a0p25_b0p05__wd1e-04trmiss0_degmodglobal,8,5e-05,0.0001,0.2,1.0,0.25,0.05,lr5e-05_bs8_drop0p2_temp1p0_a0p25_b0p05__wd1e-04trmiss0_degmodglobal,10,0.6367139390536717,0.6608274281024933,0.6888888888888889,0.817784067784068,0.7142857142857143,0.0,0.6201482585498265,0.6232720358031136,0.0349731660847153,0.09397205976503235,0.0,0.0,0.0,0.0,0.0,18473,global,0.0
1,1,lr5e-05_bs8_drop0p2_temp1p0_a0p25_b0p05__wd1e-04trmiss0_degmodglobal,8,5e-05,0.0001,0.2,1.0,0.25,0.05,lr5e-05_bs8_drop0p2_temp1p0_a0p25_b0p05__wd1e-04trmiss0_degmodglobal,11,0.6343290890966143,0.6610381007194519,0.7111111111111111,0.8304945054945057,0.7142857142857143,0.0,0.6130811274051666,0.6225347604070391,0.026250856263296946,0.10463237549577441,0.0,0.0,0.0,0.0,0.0,18473,global,0.0
1,1,lr5e-05_bs8_drop0p2_temp1p0_a0p25_b0p05__wd1e-04trmiss0_degmodglobal,8,5e-05,0.0001,0.2,1.0,0.25,0.05,lr5e-05_bs8_drop0p2_temp1p0_a0p25_b0p05__wd1e-04trmiss0_degmodglobal,12,0.6317507794925145,0.6634105443954468,0.7333333333333333,0.8372285122285124,0.6428571428571429,0.0,0.6041459952081952,0.6203251225607735,0.03117308845477445,0.07264776155352592,0.0,0.0,0.0,0.0,0.0,18473,global,0.0
1,1,lr5e-05_bs8_drop0p2_temp1p0_a0p25_b0p05__wd1e-04trmiss0_degmodglobal,8,5e-05,0.0001,0.2,1.0,0.25,0.05,lr5e-05_bs8_drop0p2_temp1p0_a0p25_b0p05__wd1e-04trmiss0_degmodglobal,13,0.6180705002376011,0.6706840395927429,0.6666666666666665,0.7807470307470308,0.5714285714285714,0.0,0.5831924847194127,0.6072286452565875,0.03005554181124483,0.06655942701867648,0.0,0.0,0.0,0.0,0.0,18473,global,0.0
1,1,lr5e-05_bs8_drop0p2_temp1p0_a0p25_b0p05__wd1e-04trmiss0_degmodglobal,8,5e-05,0.0001,0.2,1.0,0.25,0.05,lr5e-05_bs8_drop0p2_temp1p0_a0p25_b0p05__wd1e-04trmiss0_degmodglobal,14,0.6359103407178607,0.6715278625488281,0.6666666666666666,0.8058793058793059,0.5,0.0,0.5955494599682944,0.6237690448760986,0.03320369603378432,0.07680747205657619,0.0,0.0,0.0,0.0,0.0,18473,global,0.0
1,1,lr5e-05_bs8_drop0p2_temp1p0_a0p25_b0p05__wd1e-04trmiss0_degmodglobal,8,5e-05,0.0001,0.2,1.0,0.25,0.05,lr5e-05_bs8_drop0p2_temp1p0_a0p25_b0p05__wd1e-04trmiss0_degmodglobal,15,0.6191503916467939,0.6800269484519958,0.6,0.7040274540274541,0.5,0.0,0.5984293392726353,0.6067414709499904,0.03204283304512501,0.08796402705567223,0.0,0.0,0.0,0.0,0.0,18473,global,0.0
1,1,lr5e-05_bs8_drop0p2_temp1p0_a0p25_b0p05__wd1e-04trmiss0_degmodglobal,8,5e-05,0.0001,0.2,1.0,0.25,0.05,lr5e-05_bs8_drop0p2_temp1p0_a0p25_b0p05__wd1e-04trmiss0_degmodglobal,16,0.6075204695974078,0.6731811761856079,0.6666666666666665,0.7807470307470308,0.5,0.0,0.554054741348539,0.5946766819272723,0.03342804605407374,0.08973571924226624,0.0,0.0,0.0,0.0,0.0,18473,global,0.0
1,1,lr5e-05_bs8_drop0p2_temp1p0_a0p25_b0p05__wd1e-04trmiss0_degmodglobal,8,5e-05,0.0001,0.2,1.0,0.25,0.05,lr5e-05_bs8_drop0p2_temp1p0_a0p25_b0p05__wd1e-04trmiss0_degmodglobal,17,0.6040084787777492,0.6629236936569214,0.6666666666666666,0.8058793058793059,0.6428571428571429,0.0,0.5786427429744175,0.5919656242643084,0.03232553867357118,0.07922905743388194,0.0,0.0,0.0,0.0,0.0,18473,global,0.0
1,1,lr5e-05_bs8_drop0p2_temp1p0_a0p25_b0p05__wd1e-04trmiss0_degmodglobal,8,5e-05,0.0001,0.2,1.0,0.25,0.05,lr5e-05_bs8_drop0p2_temp1p0_a0p25_b0p05__wd1e-04trmiss0_degmodglobal,18,0.5931789364133563,0.6683383584022522,0.6666666666666666,0.8058793058793059,0.6428571428571429,0.0,0.5594683289527893,0.5798984255109515,0.031501226127147675,0.10810402355023793,0.0,0.0,0.0,0.0,0.0,18473,global,0.0
1,1,lr5e-05_bs8_drop0p2_temp1p0_a0p25_b0p05__wd1e-04trmiss0_degmodglobal,8,5e-05,0.0001,0.2,1.0,0.25,0.05,lr5e-05_bs8_drop0p2_temp1p0_a0p25_b0p05__wd1e-04trmiss0_degmodglobal,19,0.6062337756156921,0.6738028824329376,0.6666666666666665,0.7807470307470308,0.5714285714285714,0.0,0.5619982438428062,0.5941924197333199,0.02965881702091013,0.09253322652408055,0.0,0.0,0.0,0.0,0.0,18473,global,0.0
1,1,lr5e-05_bs8_drop0p2_temp1p0_a0p25_b0p05__wd1e-04trmiss0_degmodglobal,8,5e-05,0.0001,0.2,1.0,0.25,0.05,lr5e-05_bs8_drop0p2_temp1p0_a0p25_b0p05__wd1e-04trmiss0_degmodglobal,20,0.6009284428187779,0.6772785782814026,0.6444444444444444,0.7740130240130241,0.5714285714285714,0.0,0.5703387686184475,0.5863779442650932,0.03612628951668739,0.11037813699139017,0.0,0.0,0.0,0.0,0.0,18473,global,0.0
1,1,lr5e-05_bs8_drop0p2_temp1p0_a0p25_b0p05__wd1e-04trmiss0_degmodglobal,8,5e-05,0.0001,0.2,1.0,0.25,0.05,lr5e-05_bs8_drop0p2_temp1p0_a0p25_b0p05__wd1e-04trmiss0_degmodglobal,21,0.6054645436150687,0.6820520162582397,0.6666666666666667,0.737901912901913,0.5,0.0,0.5675742030143738,0.5922151122774396,0.034264095925859044,0.09366847707756928,0.0,0.0,0.0,0.0,0.0,18473,global,0.0
1,1,lr5e-05_bs8_drop0p2_temp1p0_a0p25_b0p05__wd1e-04trmiss0_degmodglobal,8,5e-05,0.0001,0.2,1.0,0.25,0.05,lr5e-05_bs8_drop0p2_temp1p0_a0p25_b0p05__wd1e-04trmiss0_degmodglobal,22,0.6056236795016697,0.6804532408714294,0.6222222222222222,0.7184574684574686,0.5,0.0,0.5404569719518934,0.5903378639902387,0.04022295081189701,0.10460167697497777,0.0,0.0,0.0,0.0,0.0,18473,global,0.0
1,1,lr5e-05_bs8_drop0p2_temp1p0_a0p25_b0p05__wd1e-04trmiss0_degmodglobal,8,5e-05,0.0001,0.2,1.0,0.25,0.05,lr5e-05_bs8_drop0p2_temp1p0_a0p25_b0p05__wd1e-04trmiss0_degmodglobal,23,0.594422561781747,0.6740995645523071,0.6888888888888889,0.7934574684574685,0.5714285714285714,0.0,0.5428918174334935,0.5774970735822406,0.043848062067159584,0.11926954878228051,0.0,0.0,0.0,0.0,0.0,18473,global,0.0
1,1,lr5e-05_bs8_drop0p2_temp1p0_a0p25_b0p05__wd1e-04trmiss0_degmodglobal,8,5e-05,0.0001,0.2,1.0,0.25,0.05,lr5e-05_bs8_drop0p2_temp1p0_a0p25_b0p05__wd1e-04trmiss0_degmodglobal,24,0.6052138635090419,0.6761486232280731,0.6666666666666666,0.7338334505001173,0.5714285714285714,0.0,0.5306070702416557,0.5901747941970825,0.038079449108668735,0.1103841130222593,0.0,0.0,0.0,0.0,0.0,18473,global,0.0
1,1,lr5e-05_bs8_drop0p2_temp1p0_a0p25_b0p05__wd1e-04trmiss0_degmodglobal,8,5e-05,0.0001,0.2,1.0,0.25,0.05,lr5e-05_bs8_drop0p2_temp1p0_a0p25_b0p05__wd1e-04trmiss0_degmodglobal,25,0.6037050145012992,0.6760842204093933,0.6666666666666666,0.7338334505001173,0.5714285714285714,0.0,0.5175754768507821,0.58488815171378,0.043680605345538685,0.15793403344494955,0.0,0.0,0.0,0.0,0.0,18473,global,0.0
1,1,lr5e-05_bs8_drop0p2_temp1p0_a0p25_b0p05__wd1e-04trmiss0_degmodglobal,8,5e-05,0.0001,0.2,1.0,0.25,0.05,lr5e-05_bs8_drop0p2_temp1p0_a0p25_b0p05__wd1e-04trmiss0_degmodglobal,26,0.6099370632852826,0.6702443063259125,0.7333333333333334,0.8082722832722833,0.5714285714285714,0.0,0.5523789184434074,0.5910946641649518,0.04339803169880595,0.1598577903849738,0.0,0.0,0.0,0.0,0.0,18473,global,0.0
1,1,lr5e-05_bs8_drop0p2_temp1p0_a0p25_b0p05__wd1e-04trmiss0_degmodglobal,8,5e-05,0.0001,0.2,1.0,0.25,0.05,lr5e-05_bs8_drop0p2_temp1p0_a0p25_b0p05__wd1e-04trmiss0_degmodglobal,27,0.5739073583057949,0.679118275642395,0.6666666666666666,0.7300094966761635,0.5,0.0,0.5298516154289246,0.5610135963984898,0.03627501907093184,0.07649993949702807,0.0,0.0,0.0,0.0,0.0,18473,global,0.0
1,1,lr5e-05_bs8_drop0p2_temp1p0_a0p25_b0p05__wd1e-04trmiss0_degmodglobal,8,5e-05,0.0001,0.2,1.0,0.25,0.05,lr5e-05_bs8_drop0p2_temp1p0_a0p25_b0p05__wd1e-04trmiss0_degmodglobal,28,0.5721655658313206,0.6898989975452423,0.5333333333333333,0.6692511192511194,0.5,0.0,0.5082731928144183,0.5589252667767661,0.03499808308801481,0.08981578637446676,0.0,0.0,0.0,0.0,0.0,18473,global,0.0
1,1,lr5e-05_bs8_drop0p2_temp1p0_a0p25_b0p05__wd1e-04trmiss0_degmodglobal,8,5e-05,0.0001,0.2,1.0,0.25,0.05,lr5e-05_bs8_drop0p2_temp1p0_a0p25_b0p05__wd1e-04trmiss0_degmodglobal,29,0.6067343779972622,0.687934547662735,0.5111111111111111,0.6593304843304844,0.5,0.0,0.5356846622058323,0.5920510164328984,0.03615525152002062,0.11289111897349358,0.0,0.0,0.0,0.0,0.0,18473,global,0.0
1,1,lr5e-05_bs8_drop0p2_temp1p0_a0p25_b0p05__wd1e-04trmiss0_degmodglobal,8,5e-05,0.0001,0.2,1.0,0.25,0.05,lr5e-05_bs8_drop0p2_temp1p0_a0p25_b0p05__wd1e-04trmiss0_degmodglobal,30,0.5930154153278896,0.6871404647827148,0.5777777777777777,0.6871523538190205,0.5,0.0,0.5496026916163308,0.5786977665764945,0.03700932434626988,0.10130603717906135,0.0,0.0,0.0,0.0,0.0,18473,global,0.0
1,1,lr5e-05_bs8_drop0p2_temp1p0_a0p25_b0p05__wd1e-04trmiss0_degmodglobal,8,5e-05,0.0001,0.2,1.0,0.25,0.05,lr5e-05_bs8_drop0p2_temp1p0_a0p25_b0p05__wd1e-04trmiss0_degmodglobal,31,0.6014087540762765,0.6831481754779816,0.5777777777777777,0.6852443852443852,0.5,0.0,0.5269860880715507,0.5858165451458522,0.04013483412563801,0.11117007264069148,0.0,0.0,0.0,0.0,0.0,18473,global,0.0
1,1,lr5e-05_bs8_drop0p2_temp1p0_a0p25_b0p05__wd1e-04trmiss0_degmodglobal,8,5e-05,0.0001,0.2,1.0,0.25,0.05,lr5e-05_bs8_drop0p2_temp1p0_a0p25_b0p05__wd1e-04trmiss0_degmodglobal,32,0.5987705332892281,0.6796132326126099,0.5777777777777777,0.6852443852443852,0.5,0.0,0.53702284182821,0.5825092537062508,0.04570883885025978,0.09668155440262385,0.0,0.0,0.0,0.0,0.0,18473,global,0.0
1,1,lr5e-05_bs8_drop0p2_temp1p0_a0p25_b0p05__wd1e-04trmiss0_degmodglobal,8,5e-05,0.0001,0.2,1.0,0.25,0.05,lr5e-05_bs8_drop0p2_temp1p0_a0p25_b0p05__wd1e-04trmiss0_degmodglobal,33,0.5952875741890499,0.6824665069580078,0.6,0.6938863605530272,0.5,0.0,0.5232243537902832,0.5764749901635307,0.045638041836874824,0.14806137180754117,0.0,0.0,0.0,0.0,0.0,18473,global,0.0
1,1,lr5e-05_bs8_drop0p2_temp1p0_a0p25_b0p05__wd1e-04trmiss0_degmodglobal,8,5e-05,0.0001,0.2,1.0,0.25,0.05,lr5e-05_bs8_drop0p2_temp1p0_a0p25_b0p05__wd1e-04trmiss0_degmodglobal,34,0.5779752475874764,0.6782819926738739,0.6,0.6938863605530272,0.5,0.0,0.5318206378391811,0.5645925317491803,0.033345211031181474,0.1009282288806779,0.0,0.0,0.0,0.0,0.0,18473,global,0.0
1,1,lr5e-05_bs8_drop0p2_temp1p0_a0p25_b0p05__wd1e-04trmiss0_degmodglobal,8,5e-05,0.0001,0.2,1.0,0.25,0.05,lr5e-05_bs8_drop0p2_temp1p0_a0p25_b0p05__wd1e-04trmiss0_degmodglobal,35,0.5751755493027824,0.6809319257736206,0.5777777777777777,0.6852443852443852,0.5,0.0,0.5218846499919891,0.5644245743751526,0.02685590833425522,0.0807402389390128,0.0,0.0,0.0,0.0,0.0,18473,global,0.0
1,1,lr5e-05_bs8_drop0p2_temp1p0_a0p25_b0p05__wd1e-04trmiss0_degmodglobal,8,5e-05,0.0001,0.2,1.0,0.25,0.05,lr5e-05_bs8_drop0p2_temp1p0_a0p25_b0p05__wd1e-04trmiss0_degmodglobal,36,0.6073958362851825,0.683244377374649,0.6,0.6938863605530272,0.5,0.0,0.5298936579908643,0.5928000978061131,0.03789426253310272,0.10244322993925639,0.0,0.0,0.0,0.0,0.0,18473,global,0.0
1,1,lr5e-05_bs8_drop0p2_temp1p0_a0p25_b0p05__wd1e-04trmiss0_degmodglobal,8,5e-05,0.0001,0.2,1.0,0.25,0.05,lr5e-05_bs8_drop0p2_temp1p0_a0p25_b0p05__wd1e-04trmiss0_degmodglobal,37,0.5652166519846235,0.681622713804245,0.6,0.6938863605530272,0.5,0.0,0.5244493697370801,0.5543754271098545,0.02928003535739013,0.07042432363544192,0.0,0.0,0.0,0.0,0.0,18473,global,0.0
1,1,lr5e-05_bs8_drop0p2_temp1p0_a0p25_b0p05__wd1e-04trmiss0_degmodglobal,8,5e-05,0.0001,0.2,1.0,0.25,0.05,lr5e-05_bs8_drop0p2_temp1p0_a0p25_b0p05__wd1e-04trmiss0_degmodglobal,38,0.5752488204411098,0.6786440908908844,0.6222222222222222,0.7019671686338353,0.5,0.0,0.5075762059007373,0.559497207403183,0.037725464307836125,0.12640479845660074,0.0,0.0,0.0,0.0,0.0,18473,global,0.0
1,1,lr5e-05_bs8_drop0p2_temp1p0_a0p25_b0p05__wd1e-04trmiss0_degmodglobal,8,5e-05,0.0001,0.2,1.0,0.25,0.05,lr5e-05_bs8_drop0p2_temp1p0_a0p25_b0p05__wd1e-04trmiss0_degmodglobal,39,0.5860086849757603,0.6770448088645935,0.6666666666666666,0.7300094966761635,0.5,0.0,0.5133573455469949,0.5695821642875671,0.04288582690060139,0.11410122205104146,0.0,0.0,0.0,0.0,0.0,18473,global,0.0
1,1,lr5e-05_bs8_drop0p2_temp1p0_a0p25_b0p05__wd1e-04trmiss0_degmodglobal,8,5e-05,0.0001,0.2,1.0,0.25,0.05,lr5e-05_bs8_drop0p2_temp1p0_a0p25_b0p05__wd1e-04trmiss0_degmodglobal,40,0.5770683373723712,0.6790748536586761,0.6888888888888889,0.7419142585809254,0.5,0.0,0.5222044161387852,0.5612194878714425,0.03980998056275504,0.11792713829449245,0.0,0.0,0.0,0.0,0.0,18473,global,0.0
1,1,lr5e-05_bs8_drop0p2_temp1p0_a0p25_b0p05__wd1e-04trmiss0_degmodglobal,8,5e-05,0.0001,0.2,1.0,0.25,0.05,lr5e-05_bs8_drop0p2_temp1p0_a0p25_b0p05__wd1e-04trmiss0_degmodglobal,41,0.5877969946180072,0.6812653839588165,0.6888888888888889,0.7419142585809254,0.5,0.0,0.5299176403454372,0.5745093311582293,0.03491300211421081,0.09118794330528804,0.0,0.0,0.0,0.0,0.0,18473,global,0.0
1,1,lr5e-05_bs8_drop0p2_temp1p0_a0p25_b0p05__wd1e-04trmiss0_degmodglobal,8,5e-05,0.0001,0.2,1.0,0.25,0.05,lr5e-05_bs8_drop0p2_temp1p0_a0p25_b0p05__wd1e-04trmiss0_degmodglobal,42,0.5880811810493469,0.6786350607872009,0.6888888888888889,0.7419142585809254,0.5,0.0,0.5299516575677055,0.5723186986786979,0.03761010271097932,0.1271991240126746,0.0,0.0,0.0,0.0,0.0,18473,global,0.0
1,1,lr5e-05_bs8_drop0p2_temp1p0_a0p25_b0p05__wd1e-04trmiss0_degmodglobal,8,5e-05,0.0001,0.2,1.0,0.25,0.05,lr5e-05_bs8_drop0p2_temp1p0_a0p25_b0p05__wd1e-04trmiss0_degmodglobal,43,0.5741035171917507,0.673553466796875,0.711111111111111,0.7527167277167278,0.5,0.0,0.5380934604576656,0.5596802575247628,0.04136231967381069,0.08165354175227028,0.0,0.0,0.0,0.0,0.0,18473,global,0.0
1,1,lr5e-05_bs8_drop0p2_temp1p0_a0p25_b0p05__wd1e-04trmiss0_degmodglobal,8,5e-05,0.0001,0.2,1.0,0.25,0.05,lr5e-05_bs8_drop0p2_temp1p0_a0p25_b0p05__wd1e-04trmiss0_degmodglobal,44,0.5840402245521545,0.6726452708244324,0.711111111111111,0.7527167277167278,0.5,0.0,0.5196799891335624,0.5683303347655705,0.03817923792770931,0.12330161567245211,0.0,0.0,0.0,0.0,0.0,18473,global,0.0
1,1,lr5e-05_bs8_drop0p2_temp1p0_a0p25_b0p05__wd1e-04trmiss0_degmodglobal,8,5e-05,0.0001,0.2,1.0,0.25,0.05,lr5e-05_bs8_drop0p2_temp1p0_a0p25_b0p05__wd1e-04trmiss0_degmodglobal,45,0.5655807426997593,0.6718662083148956,0.6444444444444444,0.7219286885953553,0.5714285714285714,0.0,0.4912383386066982,0.5515516017164502,0.03943863617522376,0.08338955044746399,0.0,0.0,0.0,0.0,0.0,18473,global,0.0
1,1,lr5e-05_bs8_drop0p2_temp1p0_a0p25_b0p05__wd1e-04trmiss0_degmodglobal,8,5e-05,0.0001,0.2,1.0,0.25,0.05,lr5e-05_bs8_drop0p2_temp1p0_a0p25_b0p05__wd1e-04trmiss0_degmodglobal,46,0.5714671271187919,0.6713902056217194,0.6888888888888889,0.7419142585809254,0.6428571428571429,0.0,0.5184164558138166,0.5577423700264522,0.03714315327150481,0.08877928555011749,0.0,0.0,0.0,0.0,0.0,18473,global,0.0
1,1,lr5e-05_bs8_drop0p2_temp2p0_a0p25_b0p05__wd1e-04trmiss0_degmodglobal,8,5e-05,0.0001,0.2,2.0,0.25,0.05,lr5e-05_bs8_drop0p2_temp2p0_a0p25_b0p05__wd1e-04trmiss0_degmodglobal,1,0.7296458312443325,0.6794381439685822,0.7111111111111111,0.8530303030303032,0.5714285714285714,0.0,0.6960809315953936,0.7115298679896763,0.04323995991476944,0.14611941150256566,0.0,0.0,0.0,0.0,0.0,18473,global,0.0
1,1,lr5e-05_bs8_drop0p2_temp2p0_a0p25_b0p05__wd1e-04trmiss0_degmodglobal,8,5e-05,0.0001,0.2,2.0,0.25,0.05,lr5e-05_bs8_drop0p2_temp2p0_a0p25_b0p05__wd1e-04trmiss0_degmodglobal,2,0.7021953804152352,0.6755580902099609,0.7111111111111111,0.8530303030303032,0.5714285714285714,0.0,0.6300310492515564,0.6840904951095581,0.044796136873109,0.1381168376122202,0.0,0.0,0.0,0.0,0.0,18473,global,0.0
1,1,lr5e-05_bs8_drop0p2_temp2p0_a0p25_b0p05__wd1e-04trmiss0_degmodglobal,8,5e-05,0.0001,0.2,2.0,0.25,0.05,lr5e-05_bs8_drop0p2_temp2p0_a0p25_b0p05__wd1e-04trmiss0_degmodglobal,3,0.6886307937758309,0.6747692227363586,0.7111111111111111,0.8530303030303032,0.5714285714285714,0.0,0.6263339945248195,0.6728044918605259,0.03939343722803252,0.11955905386379787,0.0,0.0,0.0,0.0,0.0,18473,global,0.0
1,1,lr5e-05_bs8_drop0p2_temp2p0_a0p25_b0p05__wd1e-04trmiss0_degmodglobal,8,5e-05,0.0001,0.2,2.0,0.25,0.05,lr5e-05_bs8_drop0p2_temp2p0_a0p25_b0p05__wd1e-04trmiss0_degmodglobal,4,0.6693054437637329,0.6753364503383636,0.6666666666666666,0.8333925333925336,0.5714285714285714,0.0,0.6195798771721976,0.6563673104558673,0.03401177190244198,0.08870360627770424,0.0,0.0,0.0,0.0,0.0,18473,global,0.0
1,1,lr5e-05_bs8_drop0p2_temp2p0_a0p25_b0p05__wd1e-04trmiss0_degmodglobal,8,5e-05,0.0001,0.2,2.0,0.25,0.05,lr5e-05_bs8_drop0p2_temp2p0_a0p25_b0p05__wd1e-04trmiss0_degmodglobal,5,0.6681587100028992,0.6876486539840698,0.6444444444444445,0.8266585266585267,0.5714285714285714,0.0,0.5789086307798114,0.6479570439883641,0.04724187936101641,0.16782389740858758,0.0,0.0,0.0,0.0,0.0,18473,global,0.0
1,1,lr5e-05_bs8_drop0p2_temp2p0_a0p25_b0p05__wd1e-04trmiss0_degmodglobal,8,5e-05,0.0001,0.2,2.0,0.25,0.05,lr5e-05_bs8_drop0p2_temp2p0_a0p25_b0p05__wd1e-04trmiss0_degmodglobal,6,0.6650942819459098,0.697699785232544,0.5777777777777777,0.8022597772597773,0.6428571428571429,0.0,0.600067811352866,0.6486728617123195,0.03981173597276211,0.12936982565692492,0.0,0.0,0.0,0.0,0.0,18473,global,0.0
1,1,lr5e-05_bs8_drop0p2_temp2p0_a0p25_b0p05__wd1e-04trmiss0_degmodglobal,8,5e-05,0.0001,0.2,2.0,0.25,0.05,lr5e-05_bs8_drop0p2_temp2p0_a0p25_b0p05__wd1e-04trmiss0_degmodglobal,7,0.6327016353607178,0.6872159242630005,0.5777777777777777,0.8022597772597773,0.6428571428571429,0.0,0.5737746528216771,0.6159808039665222,0.04577089127685342,0.1055619620851108,0.0,0.0,0.0,0.0,0.0,18473,global,0.0
1,1,lr5e-05_bs8_drop0p2_temp2p0_a0p25_b0p05__wd1e-04trmiss0_degmodglobal,8,5e-05,0.0001,0.2,2.0,0.25,0.05,lr5e-05_bs8_drop0p2_temp2p0_a0p25_b0p05__wd1e-04trmiss0_degmodglobal,8,0.651945275919778,0.6435792744159698,0.6666666666666666,0.8513338513338515,0.7142857142857143,0.0,0.5860839486122131,0.6342693567276001,0.04548990965953895,0.12606867322964327,0.0,0.0,0.0,0.0,0.0,18473,global,0.0
1,1,lr5e-05_bs8_drop0p2_temp2p0_a0p25_b0p05__wd1e-04trmiss0_degmodglobal,8,5e-05,0.0001,0.2,2.0,0.25,0.05,lr5e-05_bs8_drop0p2_temp2p0_a0p25_b0p05__wd1e-04trmiss0_degmodglobal,9,0.626791068485805,0.6159747242927551,0.7111111111111111,0.8676638176638178,0.5714285714285714,0.0,0.5680456161499023,0.6137216516903469,0.03233263614986624,0.09972525760531425,0.0,0.0,0.0,0.0,0.0,18473,global,0.0
1,1,lr5e-05_bs8_drop0p2_temp2p0_a0p25_b0p05__wd1e-04trmiss0_degmodglobal,8,5e-05,0.0001,0.2,2.0,0.25,0.05,lr5e-05_bs8_drop0p2_temp2p0_a0p25_b0p05__wd1e-04trmiss0_degmodglobal,10,0.6372239163943699,0.61512291431427,0.7555555555555555,0.8808080808080809,0.6428571428571429,0.0,0.5450274646282196,0.6182998844555446,0.045689386182597706,0.15003401253904616,0.0,0.0,0.0,0.0,0.0,18473,global,0.0
1,1,lr5e-05_bs8_drop0p2_temp2p0_a0p25_b0p05__wd1e-04trmiss0_degmodglobal,8,5e-05,0.0001,0.2,2.0,0.25,0.05,lr5e-05_bs8_drop0p2_temp2p0_a0p25_b0p05__wd1e-04trmiss0_degmodglobal,11,0.6105676463672093,0.6264476478099823,0.7333333333333334,0.8715488215488216,0.5714285714285714,0.0,0.5215937580381121,0.5890909348215375,0.05906960368156433,0.13418607200895036,0.0,0.0,0.0,0.0,0.0,18473,global,0.0
1,1,lr5e-05_bs8_drop0p2_temp2p0_a0p25_b0p05__wd1e-04trmiss0_degmodglobal,8,5e-05,0.0001,0.2,2.0,0.25,0.05,lr5e-05_bs8_drop0p2_temp2p0_a0p25_b0p05__wd1e-04trmiss0_degmodglobal,12,0.6075495055743626,0.6325358748435974,0.7111111111111111,0.8651385651385652,0.5714285714285714,0.0,0.5167770556041172,0.5841036183493478,0.06341304417167391,0.15185232992683137,0.0,0.0,0.0,0.0,0.0,18473,global,0.0
1,1,lr5e-05_bs8_drop0p2_temp2p0_a0p25_b0p05__wd1e-04trmiss0_degmodglobal,8,5e-05,0.0001,0.2,2.0,0.25,0.05,lr5e-05_bs8_drop0p2_temp2p0_a0p25_b0p05__wd1e-04trmiss0_degmodglobal,13,0.5760518908500671,0.6347714066505432,0.7111111111111111,0.8651385651385652,0.5714285714285714,0.0,0.5058566970484597,0.5610007303101676,0.041072792772735865,0.09565903512494904,0.0,0.0,0.0,0.0,0.0,18473,global,0.0
1,1,lr5e-05_bs8_drop0p2_temp2p0_a0p25_b0p05__wd1e-04trmiss0_degmodglobal,8,5e-05,0.0001,0.2,2.0,0.25,0.05,lr5e-05_bs8_drop0p2_temp2p0_a0p25_b0p05__wd1e-04trmiss0_degmodglobal,14,0.6293490018163409,0.6448009312152863,0.6888888888888889,0.8584045584045585,0.5714285714285714,0.0,0.549846521445683,0.6109062348093305,0.04805831877248628,0.12856386601924896,0.0,0.0,0.0,0.0,0.0,18473,global,0.0
1,1,lr5e-05_bs8_drop0p2_temp2p0_a0p25_b0p05__wd1e-04trmiss0_degmodglobal,8,5e-05,0.0001,0.2,2.0,0.25,0.05,lr5e-05_bs8_drop0p2_temp2p0_a0p25_b0p05__wd1e-04trmiss0_degmodglobal,15,0.5950726696423122,0.6446197330951691,0.7111111111111111,0.8651385651385652,0.5714285714285714,0.0,0.5003836410386222,0.5775997979300362,0.0461900212935039,0.11850688180753163,0.0,0.0,0.0,0.0,0.0,18473,global,0.0
1,1,lr5e-05_bs8_drop0p2_temp2p0_a0p25_b0p05__wd1e-04trmiss0_degmodglobal,8,5e-05,0.0001,0.2,2.0,0.25,0.05,lr5e-05_bs8_drop0p2_temp2p0_a0p25_b0p05__wd1e-04trmiss0_degmodglobal,16,0.5961264797619411,0.6439957320690155,0.7111111111111111,0.8651385651385652,0.5714285714285714,0.0,0.5140127454485212,0.5803405131612506,0.04588006702916963,0.08631911714162145,0.0,0.0,0.0,0.0,0.0,18473,global,0.0
1,1,lr5e-05_bs8_drop0p2_temp2p0_a0p25_b0p05__wd1e-04trmiss0_degmodglobal,8,5e-05,0.0001,0.2,2.0,0.25,0.05,lr5e-05_bs8_drop0p2_temp2p0_a0p25_b0p05__wd1e-04trmiss0_degmodglobal,17,0.6126651849065509,0.6258811950683594,0.7111111111111111,0.8651385651385652,0.5714285714285714,0.0,0.51890139068876,0.5933564390454974,0.047007852366992404,0.1511356724160058,0.0,0.0,0.0,0.0,0.0,18473,global,0.0
1,1,lr5e-05_bs8_drop0p2_temp2p0_a0p25_b0p05__wd1e-04trmiss0_degmodglobal,8,5e-05,0.0001,0.2,2.0,0.25,0.05,lr5e-05_bs8_drop0p2_temp2p0_a0p25_b0p05__wd1e-04trmiss0_degmodglobal,18,0.5766211152076721,0.6314092874526978,0.6666666666666666,0.8513338513338515,0.5714285714285714,0.0,0.4778886990887778,0.5544125310012272,0.05792747757264546,0.15453448785202845,0.0,0.0,0.0,0.0,0.0,18473,global,0.0
1,1,lr5e-05_bs8_drop0p2_temp2p0_a0p25_b0p05__wd1e-04trmiss0_degmodglobal,8,5e-05,0.0001,0.2,2.0,0.25,0.05,lr5e-05_bs8_drop0p2_temp2p0_a0p25_b0p05__wd1e-04trmiss0_degmodglobal,19,0.5815382514681134,0.6320371329784393,0.6444444444444444,0.843926443926444,0.5714285714285714,0.0,0.47436092155320303,0.5622858830860683,0.048003521880933216,0.14502974014197076,0.0,0.0,0.0,0.0,0.0,18473,global,0.0
1,1,lr5e-05_bs8_drop0p2_temp2p0_a0p25_b0p05__wd1e-04trmiss0_degmodglobal,8,5e-05,0.0001,0.2,2.0,0.25,0.05,lr5e-05_bs8_drop0p2_temp2p0_a0p25_b0p05__wd1e-04trmiss0_degmodglobal,20,0.5756372128214154,0.6294634342193604,0.6444444444444444,0.843926443926444,0.5714285714285714,0.0,0.47392518179757254,0.556541553565434,0.051322276570967267,0.1253016356910978,0.0,0.0,0.0,0.0,0.0,18473,global,0.0
1,1,lr5e-05_bs8_drop0p2_temp2p0_a0p25_b0p05__wd1e-04trmiss0_degmodglobal,8,5e-05,0.0001,0.2,2.0,0.25,0.05,lr5e-05_bs8_drop0p2_temp2p0_a0p25_b0p05__wd1e-04trmiss0_degmodglobal,21,0.5897820847375053,0.636106938123703,0.6444444444444444,0.843926443926444,0.5714285714285714,0.0,0.4852750131062099,0.5714342338698251,0.04838107206991741,0.12505172618797847,0.0,0.0,0.0,0.0,0.0,18473,global,0.0
1,1,lr5e-05_bs8_drop0p2_temp2p0_a0p25_b0p05__wd1e-04trmiss0_degmodglobal,8,5e-05,0.0001,0.2,2.0,0.25,0.05,lr5e-05_bs8_drop0p2_temp2p0_a0p25_b0p05__wd1e-04trmiss0_degmodglobal,22,0.5825033613613674,0.6394435167312622,0.6444444444444444,0.843926443926444,0.6428571428571429,0.0,0.4954956684793745,0.5632672224725995,0.05262794239180429,0.12158284549202238,0.0,0.0,0.0,0.0,0.0,18473,global,0.0
1,1,lr5e-05_bs8_drop0p2_temp2p0_a0p25_b0p05__wd1e-04trmiss0_degmodglobal,8,5e-05,0.0001,0.2,2.0,0.25,0.05,lr5e-05_bs8_drop0p2_temp2p0_a0p25_b0p05__wd1e-04trmiss0_degmodglobal,23,0.5664221133504596,0.638216495513916,0.6444444444444444,0.843926443926444,0.6428571428571429,0.0,0.46655327507427763,0.5437369900090354,0.06124382359640939,0.1474830231496266,0.0,0.0,0.0,0.0,0.0,18473,global,0.0
1,1,lr5e-05_bs8_drop0p2_temp2p0_a0p25_b0p05__wd1e-04trmiss0_degmodglobal,8,5e-05,0.0001,0.2,2.0,0.25,0.05,lr5e-05_bs8_drop0p2_temp2p0_a0p25_b0p05__wd1e-04trmiss0_degmodglobal,24,0.553688611303057,0.6436992883682251,0.6444444444444444,0.843926443926444,0.6428571428571429,0.0,0.4617664175374167,0.5371115292821612,0.04562487719314439,0.10341732523271016,0.0,0.0,0.0,0.0,0.0,18473,global,0.0
1,1,lr5e-05_bs8_drop0p2_temp2p0_a0p25_b0p05__wd1e-04trmiss0_degmodglobal,8,5e-05,0.0001,0.2,2.0,0.25,0.05,lr5e-05_bs8_drop0p2_temp2p0_a0p25_b0p05__wd1e-04trmiss0_degmodglobal,25,0.5675101578235626,0.6406896114349365,0.6444444444444444,0.843926443926444,0.5714285714285714,0.0,0.4839812730039869,0.5490265914372036,0.0533029351915632,0.10315649158188275,0.0,0.0,0.0,0.0,0.0,18473,global,0.0
1,1,lr5e-05_bs8_drop0p2_temp2p0_a0p25_b0p05__wd1e-04trmiss0_degmodglobal,8,5e-05,0.0001,0.2,2.0,0.25,0.05,lr5e-05_bs8_drop0p2_temp2p0_a0p25_b0p05__wd1e-04trmiss0_degmodglobal,26,0.5647923563207898,0.6446235179901123,0.6444444444444444,0.843926443926444,0.6428571428571429,0.0,0.4744522827012198,0.5463020546095712,0.050916631306920736,0.11522291015301432,0.0,0.0,0.0,0.0,0.0,18473,global,0.0
1,1,lr5e-05_bs8_drop0p2_temp2p0_a0p25_b0p05__wd1e-04trmiss0_degmodglobal,8,5e-05,0.0001,0.2,2.0,0.25,0.05,lr5e-05_bs8_drop0p2_temp2p0_a0p25_b0p05__wd1e-04trmiss0_degmodglobal,27,0.5933634638786316,0.6381953060626984,0.6444444444444444,0.843926443926444,0.5714285714285714,0.0,0.5158935104097638,0.5696448939187186,0.06423762706773621,0.15318354857819422,0.0,0.0,0.0,0.0,0.0,18473,global,0.0
1,1,lr5e-05_bs8_drop0p2_temp2p0_a0p25_b0p05__wd1e-04trmiss0_degmodglobal,8,5e-05,0.0001,0.2,2.0,0.25,0.05,lr5e-05_bs8_drop0p2_temp2p0_a0p25_b0p05__wd1e-04trmiss0_degmodglobal,28,0.549815548317773,0.6327722668647766,0.6444444444444444,0.843926443926444,0.5714285714285714,0.0,0.4531772562435695,0.5292357206344604,0.056095753397260396,0.13111791600074088,0.0,0.0,0.0,0.0,0.0,18473,global,0.0
1,1,lr5e-05_bs8_drop0p2_temp2p0_a0p25_b0p05__wd1e-04trmiss0_degmodglobal,8,5e-05,0.0001,0.2,2.0,0.25,0.05,lr5e-05_bs8_drop0p2_temp2p0_a0p25_b0p05__wd1e-04trmiss0_degmodglobal,29,0.586967238358089,0.6336406767368317,0.6444444444444444,0.843926443926444,0.5714285714285714,0.0,0.47620845266750883,0.5639547279902867,0.0548368902610881,0.18606601974793843,0.0,0.0,0.0,0.0,0.0,18473,global,0.0
1,1,lr5e-05_bs8_drop0p2_temp2p0_a0p25_b0p05__wd1e-04trmiss0_degmodglobal,8,5e-05,0.0001,0.2,2.0,0.25,0.05,lr5e-05_bs8_drop0p2_temp2p0_a0p25_b0p05__wd1e-04trmiss0_degmodglobal,30,0.5525077623980386,0.6380211412906647,0.6444444444444444,0.843926443926444,0.5714285714285714,0.0,0.45884139622960773,0.531198480299541,0.058721747781549184,0.13257627295596258,0.0,0.0,0.0,0.0,0.0,18473,global,0.0
1,1,lr5e-05_bs8_drop0p4_temp1p0_a0p25_b0p05__wd1e-04trmiss0_degmodglobal,8,5e-05,0.0001,0.4,1.0,0.25,0.05,lr5e-05_bs8_drop0p4_temp1p0_a0p25_b0p05__wd1e-04trmiss0_degmodglobal,1,0.6918227842875889,0.6771903336048126,0.6666666666666666,0.7639329805996473,0.42857142857142855,0.0,0.7170536518096924,0.664478063583374,0.06551451927849225,0.21932209389550344,0.0,0.0,0.0,0.0,0.0,18473,global,0.0
1,1,lr5e-05_bs8_drop0p4_temp1p0_a0p25_b0p05__wd1e-04trmiss0_degmodglobal,8,5e-05,0.0001,0.4,1.0,0.25,0.05,lr5e-05_bs8_drop0p4_temp1p0_a0p25_b0p05__wd1e-04trmiss0_degmodglobal,2,0.6848969970430646,0.6765111684799194,0.6444444444444445,0.7558521725188392,0.5,0.0,0.6988557662282672,0.6591467687061855,0.06211451653923307,0.20443218307835714,0.0,0.0,0.0,0.0,0.0,18473,global,0.0
1,1,lr5e-05_bs8_drop0p4_temp1p0_a0p25_b0p05__wd1e-04trmiss0_degmodglobal,8,5e-05,0.0001,0.4,1.0,0.25,0.05,lr5e-05_bs8_drop0p4_temp1p0_a0p25_b0p05__wd1e-04trmiss0_degmodglobal,3,0.6351919174194336,0.6577179431915283,0.711111111111111,0.8354818021484689,0.5714285714285714,0.0,0.6821759343147278,0.6175939270428249,0.049844683813197274,0.10273672533886773,0.0,0.0,0.0,0.0,0.0,18473,global,0.0
1,1,lr5e-05_bs8_drop0p4_temp1p0_a0p25_b0p05__wd1e-04trmiss0_degmodglobal,8,5e-05,0.0001,0.4,1.0,0.25,0.05,lr5e-05_bs8_drop0p4_temp1p0_a0p25_b0p05__wd1e-04trmiss0_degmodglobal,4,0.6507299797875541,0.6466490030288696,0.7777777777777778,0.8790123456790127,0.5714285714285714,0.0,0.6786584343229022,0.6326492343630109,0.04743993441973414,0.12441478988954,0.0,0.0,0.0,0.0,0.0,18473,global,0.0
1,1,lr5e-05_bs8_drop0p4_temp1p0_a0p25_b0p05__wd1e-04trmiss0_degmodglobal,8,5e-05,0.0001,0.4,1.0,0.25,0.05,lr5e-05_bs8_drop0p4_temp1p0_a0p25_b0p05__wd1e-04trmiss0_degmodglobal,5,0.6261599915368217,0.6433110237121582,0.7555555555555555,0.8709315375982045,0.5714285714285714,0.0,0.6742438077926636,0.6046071904046195,0.05699231209499495,0.14609464896576746,0.0,0.0,0.0,0.0,0.0,18473,global,0.0
1,1,lr5e-05_bs8_drop0p4_temp1p0_a0p25_b0p05__wd1e-04trmiss0_degmodglobal,8,5e-05,0.0001,0.4,1.0,0.25,0.05,lr5e-05_bs8_drop0p4_temp1p0_a0p25_b0p05__wd1e-04trmiss0_degmodglobal,6,0.6514500549861363,0.65157550573349,0.7333333333333334,0.8577040243706913,0.5714285714285714,0.0,0.6697061572756086,0.6300524643489293,0.05150338528411729,0.17043505715472357,0.0,0.0,0.0,0.0,0.0,18473,global,0.0
1,1,lr5e-05_bs8_drop0p4_temp1p0_a0p25_b0p05__wd1e-04trmiss0_degmodglobal,8,5e-05,0.0001,0.4,1.0,0.25,0.05,lr5e-05_bs8_drop0p4_temp1p0_a0p25_b0p05__wd1e-04trmiss0_degmodglobal,7,0.6222606386457171,0.6515429317951202,0.7555555555555555,0.8709315375982045,0.5714285714285714,0.0,0.654666372707912,0.6011625783784049,0.0498452614992857,0.17273501945393427,0.0,0.0,0.0,0.0,0.0,18473,global,0.0
1,1,lr5e-05_bs8_drop0p4_temp1p0_a0p25_b0p05__wd1e-04trmiss0_degmodglobal,8,5e-05,0.0001,0.4,1.0,0.25,0.05,lr5e-05_bs8_drop0p4_temp1p0_a0p25_b0p05__wd1e-04trmiss0_degmodglobal,8,0.6500282543046134,0.6525267362594604,0.6888888888888889,0.8491452991452992,0.5714285714285714,0.0,0.665593181337629,0.6286316769463676,0.049498691356607845,0.18043843976088933,0.0,0.0,0.0,0.0,0.0,18473,global,0.0
1,1,lr5e-05_bs8_drop0p4_temp1p0_a0p25_b0p05__wd1e-04trmiss0_degmodglobal,8,5e-05,0.0001,0.4,1.0,0.25,0.05,lr5e-05_bs8_drop0p4_temp1p0_a0p25_b0p05__wd1e-04trmiss0_degmodglobal,9,0.6316651361329215,0.6587707698345184,0.6666666666666667,0.8398860398860402,0.5714285714285714,0.0,0.6719842893736703,0.6063573615891593,0.06401641560452324,0.18607324681111745,0.0,0.0,0.0,0.0,0.0,18473,global,0.0
1,1,lr5e-05_bs8_drop0p4_temp1p0_a0p25_b0p05__wd1e-04trmiss0_degmodglobal,8,5e-05,0.0001,0.4,1.0,0.25,0.05,lr5e-05_bs8_drop0p4_temp1p0_a0p25_b0p05__wd1e-04trmiss0_degmodglobal,10,0.6178857854434422,0.6706553399562836,0.6,0.7528490028490029,0.5714285714285714,0.0,0.6857378653117588,0.5915065833500454,0.06571173774344581,0.19902532867022923,0.0,0.0,0.0,0.0,0.0,18473,global,0.0
1,1,lr5e-05_bs8_drop0p4_temp1p0_a0p25_b0p05__wd1e-04trmiss0_degmodglobal,8,5e-05,0.0001,0.4,1.0,0.25,0.05,lr5e-05_bs8_drop0p4_temp1p0_a0p25_b0p05__wd1e-04trmiss0_degmodglobal,11,0.6255985498428345,0.6698092818260193,0.6,0.7528490028490029,0.5714285714285714,0.0,0.646541850907462,0.5956120959350041,0.06764459450330053,0.2615060146365847,0.0,0.0,0.0,0.0,0.0,18473,global,0.0
1,1,lr5e-05_bs8_drop0p4_temp1p0_a0p25_b0p05__wd1e-04trmiss0_degmodglobal,8,5e-05,0.0001,0.4,1.0,0.25,0.05,lr5e-05_bs8_drop0p4_temp1p0_a0p25_b0p05__wd1e-04trmiss0_degmodglobal,12,0.6136340243475777,0.6622480750083923,0.6222222222222222,0.7898860398860401,0.5714285714285714,0.0,0.6683933905192784,0.5908490589686802,0.05767565220594406,0.16732086134808405,0.0,0.0,0.0,0.0,0.0,18473,global,0.0
1,1,lr5e-05_bs8_drop0p4_temp1p0_a0p25_b0p05__wd1e-04trmiss0_degmodglobal,8,5e-05,0.0001,0.4,1.0,0.25,0.05,lr5e-05_bs8_drop0p4_temp1p0_a0p25_b0p05__wd1e-04trmiss0_degmodglobal,13,0.6276857682636806,0.6626069843769073,0.6222222222222222,0.7898860398860401,0.5714285714285714,0.0,0.6182754550661359,0.6040485160691398,0.06506488152912684,0.14742066072566168,0.0,0.0,0.0,0.0,0.0,18473,global,0.0
1,1,lr5e-05_bs8_drop0p4_temp1p0_a0p25_b0p05__wd1e-04trmiss0_degmodglobal,8,5e-05,0.0001,0.4,1.0,0.25,0.05,lr5e-05_bs8_drop0p4_temp1p0_a0p25_b0p05__wd1e-04trmiss0_degmodglobal,14,0.6049310224396842,0.6597678661346436,0.6222222222222222,0.7898860398860401,0.5714285714285714,0.0,0.6118214470999581,0.575401782989502,0.08018103188702039,0.18967984191008977,0.0,0.0,0.0,0.0,0.0,18473,global,0.0
1,1,lr5e-05_bs8_drop0p4_temp1p0_a0p25_b0p05__wd1e-04trmiss0_degmodglobal,8,5e-05,0.0001,0.4,1.0,0.25,0.05,lr5e-05_bs8_drop0p4_temp1p0_a0p25_b0p05__wd1e-04trmiss0_degmodglobal,15,0.5991976516587394,0.6543514430522919,0.6888888888888889,0.8355650522317191,0.5714285714285714,0.0,0.6204929266657148,0.5774316021374294,0.054380242845841816,0.16341989168098994,0.0,0.0,0.0,0.0,0.0,18473,global,0.0
1,1,lr5e-05_bs8_drop0p4_temp1p0_a0p25_b0p05__wd1e-04trmiss0_degmodglobal,8,5e-05,0.0001,0.4,1.0,0.25,0.05,lr5e-05_bs8_drop0p4_temp1p0_a0p25_b0p05__wd1e-04trmiss0_degmodglobal,16,0.6201063394546509,0.6508210897445679,0.7111111111111111,0.8676638176638178,0.5714285714285714,0.0,0.6176314183643886,0.5949589269501823,0.0629567743412086,0.18816430973155157,0.0,0.0,0.0,0.0,0.0,18473,global,0.0
1,1,lr5e-05_bs8_drop0p4_temp1p0_a0p25_b0p05__wd1e-04trmiss0_degmodglobal,8,5e-05,0.0001,0.4,1.0,0.25,0.05,lr5e-05_bs8_drop0p4_temp1p0_a0p25_b0p05__wd1e-04trmiss0_degmodglobal,17,0.5891346377985818,0.6545016765594482,0.6444444444444444,0.8176638176638178,0.5,0.0,0.6210924301828656,0.5624752811023167,0.0723934897354671,0.17121970972844533,0.0,0.0,0.0,0.0,0.0,18473,global,0.0
1,1,lr5e-05_bs8_drop0p4_temp1p0_a0p25_b0p05__wd1e-04trmiss0_degmodglobal,8,5e-05,0.0001,0.4,1.0,0.25,0.05,lr5e-05_bs8_drop0p4_temp1p0_a0p25_b0p05__wd1e-04trmiss0_degmodglobal,18,0.5975935799734933,0.655376523733139,0.6444444444444444,0.8176638176638178,0.5,0.0,0.5949420247759137,0.5689669677189418,0.07700000809771675,0.18753200130803244,0.0,0.0,0.0,0.0,0.0,18473,global,0.0
1,1,lr5e-05_bs8_drop0p4_temp1p0_a0p25_b0p05__wd1e-04trmiss0_degmodglobal,8,5e-05,0.0001,0.4,1.0,0.25,0.05,lr5e-05_bs8_drop0p4_temp1p0_a0p25_b0p05__wd1e-04trmiss0_degmodglobal,19,0.6074180688176837,0.6578956544399261,0.6222222222222222,0.7898860398860401,0.5,0.0,0.6325171760150364,0.5852096506527492,0.05639817805162498,0.16217724499957903,0.0,0.0,0.0,0.0,0.0,18473,global,0.0
1,1,lr5e-05_bs8_drop0p4_temp1p0_a0p25_b0p05__wd1e-04trmiss0_degmodglobal,8,5e-05,0.0001,0.4,1.0,0.25,0.05,lr5e-05_bs8_drop0p4_temp1p0_a0p25_b0p05__wd1e-04trmiss0_degmodglobal,20,0.6295522281101772,0.6603994965553284,0.6222222222222222,0.7898860398860401,0.5,0.0,0.6196061032158988,0.6102581194468907,0.05033603470240321,0.1342016107269696,0.0,0.0,0.0,0.0,0.0,18473,global,0.0
1,1,lr5e-05_bs8_drop0p4_temp1p0_a0p25_b0p05__wd1e-04trmiss0_degmodglobal,8,5e-05,0.0001,0.4,1.0,0.25,0.05,lr5e-05_bs8_drop0p4_temp1p0_a0p25_b0p05__wd1e-04trmiss0_degmodglobal,21,0.6103031805583409,0.6629671454429626,0.6222222222222222,0.7898860398860401,0.5714285714285714,0.0,0.6474492975643703,0.5820726667131696,0.0650437522147383,0.23939174732991628,0.0,0.0,0.0,0.0,0.0,18473,global,0.0
1,1,lr5e-05_bs8_drop0p4_temp1p0_a0p25_b0p05__wd1e-04trmiss0_degmodglobal,8,5e-05,0.0001,0.4,1.0,0.25,0.05,lr5e-05_bs8_drop0p4_temp1p0_a0p25_b0p05__wd1e-04trmiss0_degmodglobal,22,0.5961067250796727,0.6627564430236816,0.6222222222222222,0.7898860398860401,0.6428571428571429,0.0,0.6172397306987217,0.5753715293748038,0.05263753182121685,0.15151568182877131,0.0,0.0,0.0,0.0,0.0,18473,global,0.0
1,1,lr5e-05_bs8_drop0p4_temp1p0_a0p25_b0p05__wd1e-04trmiss0_degmodglobal,8,5e-05,0.0001,0.4,1.0,0.25,0.05,lr5e-05_bs8_drop0p4_temp1p0_a0p25_b0p05__wd1e-04trmiss0_degmodglobal,23,0.589918485709599,0.6536324322223663,0.6222222222222222,0.7898860398860401,0.6428571428571429,0.0,0.5865746651376996,0.568402920450483,0.05653498428208487,0.14763645189149038,0.0,0.0,0.0,0.0,0.0,18473,global,0.0
1,1,lr5e-05_bs8_drop0p4_temp1p0_a0p25_b0p05__wd1e-04trmiss0_degmodglobal,8,5e-05,0.0001,0.4,1.0,0.25,0.05,lr5e-05_bs8_drop0p4_temp1p0_a0p25_b0p05__wd1e-04trmiss0_degmodglobal,24,0.6200729949133736,0.6565689742565155,0.6222222222222222,0.7898860398860401,0.6428571428571429,0.0,0.6239840984344482,0.5983334353991917,0.05376957144056048,0.16594356617757253,0.0,0.0,0.0,0.0,0.0,18473,global,0.0
1,1,lr5e-05_bs8_drop0p4_temp1p0_a0p25_b0p05__wd1e-04trmiss0_degmodglobal,8,5e-05,0.0001,0.4,1.0,0.25,0.05,lr5e-05_bs8_drop0p4_temp1p0_a0p25_b0p05__wd1e-04trmiss0_degmodglobal,25,0.5977658629417419,0.656755268573761,0.6222222222222222,0.7898860398860401,0.5714285714285714,0.0,0.6080000400543213,0.5757020115852356,0.06141834759286472,0.134185256170375,0.0,0.0,0.0,0.0,0.0,18473,global,0.0
1,1,lr5e-05_bs8_drop0p4_temp2p0_a0p25_b0p05__wd1e-04trmiss0_degmodglobal,8,5e-05,0.0001,0.4,2.0,0.25,0.05,lr5e-05_bs8_drop0p4_temp2p0_a0p25_b0p05__wd1e-04trmiss0_degmodglobal,1,0.7673104660851615,0.7645586729049683,0.24444444444444446,0.5351990601990603,0.21428571428571427,0.0,0.757117680140904,0.7349137919289725,0.07543105632066727,0.2707782845411982,0.0,0.0,0.0,0.0,0.0,18473,global,0.0
1,1,lr5e-05_bs8_drop0p4_temp2p0_a0p25_b0p05__wd1e-04trmiss0_degmodglobal,8,5e-05,0.0001,0.4,2.0,0.25,0.05,lr5e-05_bs8_drop0p4_temp2p0_a0p25_b0p05__wd1e-04trmiss0_degmodglobal,2,0.7346597995076861,0.7581037282943726,0.31111111111111106,0.5528499278499279,0.21428571428571427,0.0,0.6515169484274728,0.7056319798742022,0.0726623779961041,0.2172445569719587,0.0,0.0,0.0,0.0,0.0,18473,global,0.0
1,1,lr5e-05_bs8_drop0p4_temp2p0_a0p25_b0p05__wd1e-04trmiss0_degmodglobal,8,5e-05,0.0001,0.4,2.0,0.25,0.05,lr5e-05_bs8_drop0p4_temp2p0_a0p25_b0p05__wd1e-04trmiss0_degmodglobal,3,0.70616785969053,0.7625201344490051,0.37777777777777777,0.5740620490620489,0.21428571428571427,0.0,0.6517334921019418,0.6753410271235875,0.07412671510662351,0.24590327590703964,0.0,0.0,0.0,0.0,0.0,18473,global,0.0
1,1,lr5e-05_bs8_drop0p4_temp2p0_a0p25_b0p05__wd1e-04trmiss0_degmodglobal,8,5e-05,0.0001,0.4,2.0,0.25,0.05,lr5e-05_bs8_drop0p4_temp2p0_a0p25_b0p05__wd1e-04trmiss0_degmodglobal,4,0.7174205780029297,0.756092369556427,0.37777777777777777,0.5740620490620489,0.21428571428571427,0.0,0.6459913849830627,0.6851204974310738,0.08034304955175944,0.24428658613136836,0.0,0.0,0.0,0.0,0.0,18473,global,0.0
1,1,lr5e-05_bs8_drop0p4_temp2p0_a0p25_b0p05__wd1e-04trmiss0_degmodglobal,8,5e-05,0.0001,0.4,2.0,0.25,0.05,lr5e-05_bs8_drop0p4_temp2p0_a0p25_b0p05__wd1e-04trmiss0_degmodglobal,5,0.7025765350886753,0.7258011102676392,0.4888888888888889,0.6222814222814224,0.2857142857142857,0.0,0.6466519747461591,0.6787940178598676,0.06036685620035444,0.17381598906857626,0.0,0.0,0.0,0.0,0.0,18473,global,0.0
1,1,lr5e-05_bs8_drop0p4_temp2p0_a0p25_b0p05__wd1e-04trmiss0_degmodglobal,8,5e-05,0.0001,0.4,2.0,0.25,0.05,lr5e-05_bs8_drop0p4_temp2p0_a0p25_b0p05__wd1e-04trmiss0_degmodglobal,6,0.6594102723257882,0.716198593378067,0.5111111111111111,0.6286916786916787,0.2857142857142857,0.0,0.6270987817219326,0.6299342257635934,0.07011866037334714,0.23892754103456224,0.0,0.0,0.0,0.0,0.0,18473,global,0.0
1,1,lr5e-05_bs8_drop0p4_temp2p0_a0p25_b0p05__wd1e-04trmiss0_degmodglobal,8,5e-05,0.0001,0.4,2.0,0.25,0.05,lr5e-05_bs8_drop0p4_temp2p0_a0p25_b0p05__wd1e-04trmiss0_degmodglobal,7,0.691464398588453,0.720980703830719,0.4888888888888889,0.6187710437710439,0.2857142857142857,0.0,0.6305539097104754,0.6640736886433193,0.07065051048994064,0.19456166667597635,0.0,0.0,0.0,0.0,0.0,18473,global,0.0
1,1,lr5e-05_bs8_drop0p4_temp2p0_a0p25_b0p05__wd1e-04trmiss0_degmodglobal,8,5e-05,0.0001,0.4,2.0,0.25,0.05,lr5e-05_bs8_drop0p4_temp2p0_a0p25_b0p05__wd1e-04trmiss0_degmodglobal,8,0.7258270978927612,0.7055042088031769,0.5555555555555556,0.6587011753678421,0.42857142857142855,0.0,0.6155050141470773,0.6919020158903939,0.08716780559292861,0.2426626831293106,0.0,0.0,0.0,0.0,0.0,18473,global,0.0
1,1,lr5e-05_bs8_drop0p4_temp2p0_a0p25_b0p05__wd1e-04trmiss0_degmodglobal,8,5e-05,0.0001,0.4,2.0,0.25,0.05,lr5e-05_bs8_drop0p4_temp2p0_a0p25_b0p05__wd1e-04trmiss0_degmodglobal,9,0.6857291885784694,0.7133858501911163,0.5111111111111111,0.6315406815406814,0.35714285714285715,0.0,0.5965306673731122,0.660814711025783,0.06109665706753731,0.19280625879764557,0.0,0.0,0.0,0.0,0.0,18473,global,0.0
1,1,lr5e-05_bs8_drop0p4_temp2p0_a0p25_b0p05__wd1e-04trmiss0_degmodglobal,8,5e-05,0.0001,0.4,2.0,0.25,0.05,lr5e-05_bs8_drop0p4_temp2p0_a0p25_b0p05__wd1e-04trmiss0_degmodglobal,10,0.6669312970978873,0.7229002714157104,0.4888888888888889,0.6222814222814224,0.2857142857142857,0.0,0.6236964634486607,0.6400186249188015,0.06655256716268403,0.20549067109823227,0.0,0.0,0.0,0.0,0.0,18473,global,0.0
1,1,lr5e-05_bs8_drop0p4_temp2p0_a0p25_b0p05__wd1e-04trmiss0_degmodglobal,8,5e-05,0.0001,0.4,2.0,0.25,0.05,lr5e-05_bs8_drop0p4_temp2p0_a0p25_b0p05__wd1e-04trmiss0_degmodglobal,11,0.6577891877719334,0.7324844002723694,0.4888888888888889,0.6222814222814224,0.2857142857142857,0.0,0.5631349427359444,0.6283833469663348,0.07320021092891693,0.22211564970867975,0.0,0.0,0.0,0.0,0.0,18473,global,0.0
1,1,lr5e-05_bs8_drop0p4_temp2p0_a0p25_b0p05__wd1e-04trmiss0_degmodglobal,8,5e-05,0.0001,0.4,2.0,0.25,0.05,lr5e-05_bs8_drop0p4_temp2p0_a0p25_b0p05__wd1e-04trmiss0_degmodglobal,12,0.6843417457171849,0.729229062795639,0.4888888888888889,0.6222814222814224,0.2857142857142857,0.0,0.5511820060866219,0.6569914817810059,0.07096064356820923,0.19220207631587982,0.0,0.0,0.0,0.0,0.0,18473,global,0.0
1,1,lr5e-05_bs8_drop0p4_temp2p0_a0p25_b0p05__wd1e-04trmiss0_degmodglobal,8,5e-05,0.0001,0.4,2.0,0.25,0.05,lr5e-05_bs8_drop0p4_temp2p0_a0p25_b0p05__wd1e-04trmiss0_degmodglobal,13,0.6524094428334918,0.726699560880661,0.4666666666666667,0.6155474155474157,0.35714285714285715,0.0,0.561312232698713,0.6256061536925179,0.07271448682461466,0.1724937888128417,0.0,0.0,0.0,0.0,0.0,18473,global,0.0
1,1,lr5e-05_bs8_drop0p4_temp2p0_a0p25_b0p05__wd1e-04trmiss0_degmodglobal,8,5e-05,0.0001,0.4,2.0,0.25,0.05,lr5e-05_bs8_drop0p4_temp2p0_a0p25_b0p05__wd1e-04trmiss0_degmodglobal,14,0.6709404928343636,0.724049985408783,0.4444444444444444,0.6084767084767084,0.42857142857142855,0.0,0.5609983120645795,0.6427930338042123,0.07586762362292834,0.18361135678631918,0.0,0.0,0.0,0.0,0.0,18473,global,0.0
1,1,lr5e-05_bs8_drop0p4_temp2p0_a0p25_b0p05__wd1e-04trmiss0_degmodglobal,8,5e-05,0.0001,0.4,2.0,0.25,0.05,lr5e-05_bs8_drop0p4_temp2p0_a0p25_b0p05__wd1e-04trmiss0_degmodglobal,15,0.6936933823994228,0.7251947224140167,0.4666666666666666,0.6177359677359677,0.42857142857142855,0.0,0.5565862442765918,0.6557625021253314,0.09099320960896355,0.30365149889673504,0.0,0.0,0.0,0.0,0.0,18473,global,0.0
1,1,lr5e-05_bs8_drop0p4_temp2p0_a0p25_b0p05__wd1e-04trmiss0_degmodglobal,8,5e-05,0.0001,0.4,2.0,0.25,0.05,lr5e-05_bs8_drop0p4_temp2p0_a0p25_b0p05__wd1e-04trmiss0_degmodglobal,16,0.648278032030378,0.7277211546897888,0.4444444444444444,0.6084767084767084,0.42857142857142855,0.0,0.5811814325196403,0.6218258227620806,0.06965080010039466,0.18079012313059398,0.0,0.0,0.0,0.0,0.0,18473,global,0.0
1,1,lr5e-05_bs8_drop0p4_temp2p0_a0p25_b0p05__wd1e-04trmiss0_degmodglobal,8,5e-05,0.0001,0.4,2.0,0.25,0.05,lr5e-05_bs8_drop0p4_temp2p0_a0p25_b0p05__wd1e-04trmiss0_degmodglobal,17,0.65169871704919,0.7146312594413757,0.4666666666666667,0.6155474155474157,0.5,0.0,0.5614616615431649,0.6176823377609253,0.09130474286420005,0.22380379055227553,0.0,0.0,0.0,0.0,0.0,18473,global,0.0
1,1,lr5e-05_bs8_drop0p4_temp2p0_a0p25_b0p05__wd1e-04trmiss0_degmodglobal,8,5e-05,0.0001,0.4,2.0,0.25,0.05,lr5e-05_bs8_drop0p4_temp2p0_a0p25_b0p05__wd1e-04trmiss0_degmodglobal,18,0.6722941313471112,0.7128008306026459,0.4888888888888889,0.6340659340659341,0.5,0.0,0.5525675415992737,0.6377680046217782,0.09111467961754117,0.2349490863936288,0.0,0.0,0.0,0.0,0.0,18473,global,0.0
1,1,lr5e-05_bs8_drop0p4_temp2p0_a0p25_b0p05__wd1e-04trmiss0_degmodglobal,8,5e-05,0.0001,0.4,2.0,0.25,0.05,lr5e-05_bs8_drop0p4_temp2p0_a0p25_b0p05__wd1e-04trmiss0_degmodglobal,19,0.6886272430419922,0.7179249227046967,0.4444444444444444,0.6084767084767084,0.5,0.0,0.5700319281646183,0.6464072040149144,0.10288936219045094,0.32995399619851795,0.0,0.0,0.0,0.0,0.0,18473,global,0.0
1,1,lr5e-05_bs8_drop0p4_temp2p0_a0p25_b0p05__wd1e-04trmiss0_degmodglobal,8,5e-05,0.0001,0.4,2.0,0.25,0.05,lr5e-05_bs8_drop0p4_temp2p0_a0p25_b0p05__wd1e-04trmiss0_degmodglobal,20,0.6836439882005964,0.7178791761398315,0.4888888888888889,0.6248066748066747,0.5,0.0,0.5294595829078129,0.6304101262773786,0.13631626005683625,0.38309589879853384,0.0,0.0,0.0,0.0,0.0,18473,global,0.0
1,1,lr5e-05_bs8_drop0p4_temp2p0_a0p25_b0p05__wd1e-04trmiss0_degmodglobal,8,5e-05,0.0001,0.4,2.0,0.25,0.05,lr5e-05_bs8_drop0p4_temp2p0_a0p25_b0p05__wd1e-04trmiss0_degmodglobal,21,0.6689707721982684,0.7141994535923004,0.5111111111111111,0.6334486501153169,0.5,0.0,0.5328183259282794,0.6311203837394714,0.10088915697165898,0.25256179592439104,0.0,0.0,0.0,0.0,0.0,18473,global,0.0
1,1,lr5e-05_bs8_drop0p4_temp2p0_a0p25_b0p05__wd1e-04trmiss0_degmodglobal,8,5e-05,0.0001,0.4,2.0,0.25,0.05,lr5e-05_bs8_drop0p4_temp2p0_a0p25_b0p05__wd1e-04trmiss0_degmodglobal,22,0.6633923990385873,0.7177241742610931,0.5111111111111111,0.6334486501153169,0.42857142857142855,0.0,0.5343643043722425,0.6281825304031372,0.0920511462858745,0.2439412921667099,0.0,0.0,0.0,0.0,0.0,18473,global,0.0
1,1,lr5e-05_bs8_drop0p4_temp2p0_a0p25_b0p05__wd1e-04trmiss0_degmodglobal,8,5e-05,0.0001,0.4,2.0,0.25,0.05,lr5e-05_bs8_drop0p4_temp2p0_a0p25_b0p05__wd1e-04trmiss0_degmodglobal,23,0.6646909969193595,0.7212733924388885,0.5111111111111111,0.6334486501153169,0.35714285714285715,0.0,0.5109664329460689,0.6263340541294643,0.0988621993788651,0.27282751564468655,0.0,0.0,0.0,0.0,0.0,18473,global,0.0
1,1,lr5e-05_bs8_drop0p4_temp2p0_a0p25_b0p05__wd1e-04trmiss0_degmodglobal,8,5e-05,0.0001,0.4,2.0,0.25,0.05,lr5e-05_bs8_drop0p4_temp2p0_a0p25_b0p05__wd1e-04trmiss0_degmodglobal,24,0.6511281728744507,0.7266322374343872,0.5111111111111111,0.6334486501153169,0.35714285714285715,0.0,0.5690156306539264,0.614119461604527,0.1022627545254571,0.22886041019644057,0.0,0.0,0.0,0.0,0.0,18473,global,0.0
1,1,lr5e-05_bs8_drop0p4_temp2p0_a0p25_b0p05__wd1e-04trmiss0_degmodglobal,8,5e-05,0.0001,0.4,2.0,0.25,0.05,lr5e-05_bs8_drop0p4_temp2p0_a0p25_b0p05__wd1e-04trmiss0_degmodglobal,25,0.6518287743840899,0.7203913331031799,0.5111111111111111,0.6334486501153169,0.35714285714285715,0.0,0.5133274836199624,0.6075225983347211,0.11407749035528728,0.3157361548926149,0.0,0.0,0.0,0.0,0.0,18473,global,0.0
1,1,lr5e-05_bs8_drop0p4_temp2p0_a0p25_b0p05__wd1e-04trmiss0_degmodglobal,8,5e-05,0.0001,0.4,2.0,0.25,0.05,lr5e-05_bs8_drop0p4_temp2p0_a0p25_b0p05__wd1e-04trmiss0_degmodglobal,26,0.6768707973616463,0.7187783122062683,0.5111111111111111,0.6334486501153169,0.35714285714285715,0.0,0.5473817161151341,0.6329658201762608,0.11609191979680743,0.29763978506837574,0.0,0.0,0.0,0.0,0.0,18473,global,0.0
1,1,lr5e-05_bs8_drop0p4_temp2p0_a0p25_b0p05__wd1e-04trmiss0_degmodglobal,8,5e-05,0.0001,0.4,2.0,0.25,0.05,lr5e-05_bs8_drop0p4_temp2p0_a0p25_b0p05__wd1e-04trmiss0_degmodglobal,27,0.6720108645302909,0.7162555754184723,0.5333333333333332,0.6519671686338354,0.5,0.0,0.5489891043731144,0.6342994059835162,0.09974797070026398,0.25548960348325117,0.0,0.0,0.0,0.0,0.0,18473,global,0.0
1,1,lr5e-05_bs8_drop0p4_temp2p0_a0p25_b0p05__wd1e-04trmiss0_degmodglobal,8,5e-05,0.0001,0.4,2.0,0.25,0.05,lr5e-05_bs8_drop0p4_temp2p0_a0p25_b0p05__wd1e-04trmiss0_degmodglobal,28,0.6362173472132001,0.7126738727092743,0.5111111111111111,0.6334486501153169,0.5,0.0,0.5091288387775421,0.5931054098265511,0.12076194052185331,0.2584289610385895,0.0,0.0,0.0,0.0,0.0,18473,global,0.0
1,1,lr1e-05_bs8_drop0p2_temp1p0_a0p25_b0p05__wd1e-04trmiss0_degmodglobal,8,1e-05,0.0001,0.2,1.0,0.25,0.05,lr1e-05_bs8_drop0p2_temp1p0_a0p25_b0p05__wd1e-04trmiss0_degmodglobal,1,0.7082992451531547,0.692604273557663,0.4666666666666666,0.6123607873607875,0.6428571428571429,0.0,0.6724677341324943,0.6950358067240033,0.035806410280721526,0.0862366956259523,0.0,0.0,0.0,0.0,0.0,18473,global,0.0
1,1,lr1e-05_bs8_drop0p2_temp1p0_a0p25_b0p05__wd1e-04trmiss0_degmodglobal,8,1e-05,0.0001,0.2,1.0,0.25,0.05,lr1e-05_bs8_drop0p2_temp1p0_a0p25_b0p05__wd1e-04trmiss0_degmodglobal,2,0.6893247621400016,0.6929316818714142,0.4666666666666666,0.6123607873607875,0.6428571428571429,0.0,0.6939455100468227,0.6759548783302307,0.03145037032663822,0.11014604302389282,0.0,0.0,0.0,0.0,0.0,18473,global,0.0
1,1,lr1e-05_bs8_drop0p2_temp1p0_a0p25_b0p05__wd1e-04trmiss0_degmodglobal,8,1e-05,0.0001,0.2,1.0,0.25,0.05,lr1e-05_bs8_drop0p2_temp1p0_a0p25_b0p05__wd1e-04trmiss0_degmodglobal,3,0.6629078643662589,0.6922495663166046,0.5111111111111111,0.6593304843304844,0.6428571428571429,0.0,0.6802341938018799,0.6457804441452026,0.04414477092879159,0.12182422195162092,0.0,0.0,0.0,0.0,0.0,18473,global,0.0
1,1,lr1e-05_bs8_drop0p2_temp1p0_a0p25_b0p05__wd1e-04trmiss0_degmodglobal,8,1e-05,0.0001,0.2,1.0,0.25,0.05,lr1e-05_bs8_drop0p2_temp1p0_a0p25_b0p05__wd1e-04trmiss0_degmodglobal,4,0.702611369746072,0.6908136010169983,0.5555555555555556,0.6808793058793059,0.5714285714285714,0.0,0.6821467365537371,0.6913395013128009,0.032445382859025686,0.06321004565273013,0.0,0.0,0.0,0.0,0.0,18473,global,0.0
1,1,lr1e-05_bs8_drop0p2_temp1p0_a0p25_b0p05__wd1e-04trmiss0_degmodglobal,8,1e-05,0.0001,0.2,1.0,0.25,0.05,lr1e-05_bs8_drop0p2_temp1p0_a0p25_b0p05__wd1e-04trmiss0_degmodglobal,5,0.6850538849830627,0.6884351372718811,0.5333333333333333,0.6741452991452992,0.5714285714285714,0.0,0.6757828082357135,0.670401564666203,0.03888223985476153,0.09863536858132907,0.0,0.0,0.0,0.0,0.0,18473,global,0.0
1,1,lr1e-05_bs8_drop0p2_temp1p0_a0p25_b0p05__wd1e-04trmiss0_degmodglobal,8,1e-05,0.0001,0.2,1.0,0.25,0.05,lr1e-05_bs8_drop0p2_temp1p0_a0p25_b0p05__wd1e-04trmiss0_degmodglobal,6,0.6724613990102496,0.6796285808086395,0.4888888888888889,0.6615800865800866,0.5,0.0,0.6720918331827436,0.6561274102755955,0.038848040625452995,0.13243952180658067,0.0,0.0,0.0,0.0,0.0,18473,global,0.0
1,1,lr1e-05_bs8_drop0p2_temp1p0_a0p25_b0p05__wd1e-04trmiss0_degmodglobal,8,1e-05,0.0001,0.2,1.0,0.25,0.05,lr1e-05_bs8_drop0p2_temp1p0_a0p25_b0p05__wd1e-04trmiss0_degmodglobal,7,0.6606787698609489,0.6779855191707611,0.4888888888888889,0.6615800865800866,0.5,0.0,0.6463487233434405,0.6467341014317104,0.03611694648861885,0.09830835142305919,0.0,0.0,0.0,0.0,0.0,18473,global,0.0
1,1,lr1e-05_bs8_drop0p2_temp1p0_a0p25_b0p05__wd1e-04trmiss0_degmodglobal,8,1e-05,0.0001,0.2,1.0,0.25,0.05,lr1e-05_bs8_drop0p2_temp1p0_a0p25_b0p05__wd1e-04trmiss0_degmodglobal,8,0.6555134654045105,0.6900143027305603,0.4888888888888889,0.6640933140933142,0.5,0.0,0.675286318574633,0.6436261790139335,0.03158520880554404,0.07981957548430987,0.0,0.0,0.0,0.0,0.0,18473,global,0.0
1,1,lr1e-05_bs8_drop0p2_temp1p0_a0p25_b0p05__wd1e-04trmiss0_degmodglobal,8,1e-05,0.0001,0.2,1.0,0.25,0.05,lr1e-05_bs8_drop0p2_temp1p0_a0p25_b0p05__wd1e-04trmiss0_degmodglobal,9,0.6612043636185783,0.6870059370994568,0.4888888888888889,0.6640933140933142,0.42857142857142855,0.0,0.6459377748625619,0.6474898542676654,0.03787211860929217,0.0849298954542194,0.0,0.0,0.0,0.0,0.0,18473,global,0.0
1,1,lr1e-05_bs8_drop0p2_temp1p0_a0p25_b0p05__wd1e-04trmiss0_degmodglobal,8,1e-05,0.0001,0.2,1.0,0.25,0.05,lr1e-05_bs8_drop0p2_temp1p0_a0p25_b0p05__wd1e-04trmiss0_degmodglobal,10,0.6558226602418082,0.6820170283317566,0.5111111111111111,0.7196488696488696,0.5,0.0,0.6361529060772487,0.6438165988240924,0.03297586739063263,0.0752417306814875,0.0,0.0,0.0,0.0,0.0,18473,global,0.0
1,1,lr1e-05_bs8_drop0p2_temp1p0_a0p25_b0p05__wd1e-04trmiss0_degmodglobal,8,1e-05,0.0001,0.2,1.0,0.25,0.05,lr1e-05_bs8_drop0p2_temp1p0_a0p25_b0p05__wd1e-04trmiss0_degmodglobal,11,0.6377941710608346,0.6774149239063263,0.5777777777777777,0.7773208273208274,0.5,0.0,0.6400384051459176,0.6234030638422284,0.03873938162411962,0.09412534960678645,0.0,0.0,0.0,0.0,0.0,18473,global,0.0
1,1,lr1e-05_bs8_drop0p2_temp1p0_a0p25_b0p05__wd1e-04trmiss0_degmodglobal,8,1e-05,0.0001,0.2,1.0,0.25,0.05,lr1e-05_bs8_drop0p2_temp1p0_a0p25_b0p05__wd1e-04trmiss0_degmodglobal,12,0.643041159425463,0.6754593551158905,0.5777777777777777,0.7773208273208274,0.5,0.0,0.6483407105718341,0.6284135324614388,0.03668908774852753,0.1091072955834014,0.0,0.0,0.0,0.0,0.0,18473,global,0.0
1,1,lr1e-05_bs8_drop0p2_temp1p0_a0p25_b0p05__wd1e-04trmiss0_degmodglobal,8,1e-05,0.0001,0.2,1.0,0.25,0.05,lr1e-05_bs8_drop0p2_temp1p0_a0p25_b0p05__wd1e-04trmiss0_degmodglobal,13,0.6202234285218375,0.6743820905685425,0.5111111111111111,0.768845043845044,0.5,0.0,0.6341469032423837,0.6043619598661151,0.043012418917247226,0.10216720349022321,0.0,0.0,0.0,0.0,0.0,18473,global,0.0
1,1,lr1e-05_bs8_drop0p2_temp1p0_a0p25_b0p05__wd1e-04trmiss0_degmodglobal,8,1e-05,0.0001,0.2,1.0,0.25,0.05,lr1e-05_bs8_drop0p2_temp1p0_a0p25_b0p05__wd1e-04trmiss0_degmodglobal,14,0.6345284155436924,0.6751348376274109,0.5555555555555555,0.7844636844636845,0.42857142857142855,0.0,0.6526714989117214,0.6197489329746791,0.03734987548419407,0.10884021754775729,0.0,0.0,0.0,0.0,0.0,18473,global,0.0
1,1,lr1e-05_bs8_drop0p2_temp1p0_a0p25_b0p05__wd1e-04trmiss0_degmodglobal,8,1e-05,0.0001,0.2,1.0,0.25,0.05,lr1e-05_bs8_drop0p2_temp1p0_a0p25_b0p05__wd1e-04trmiss0_degmodglobal,15,0.6458223973001752,0.6752651333808899,0.5555555555555555,0.7844636844636845,0.42857142857142855,0.0,0.6459123832838876,0.6312025444848197,0.03906861586230142,0.09705383330583572,0.0,0.0,0.0,0.0,0.0,18473,global,0.0
1,1,lr1e-05_bs8_drop0p2_temp1p0_a0p25_b0p05__wd1e-04trmiss0_degmodglobal,8,1e-05,0.0001,0.2,1.0,0.25,0.05,lr1e-05_bs8_drop0p2_temp1p0_a0p25_b0p05__wd1e-04trmiss0_degmodglobal,16,0.6440781014306205,0.678019255399704,0.5777777777777777,0.7976911976911978,0.42857142857142855,0.0,0.6157669850758144,0.6289524265698024,0.0370725616812706,0.11715077715260643,0.0,0.0,0.0,0.0,0.0,18473,global,0.0
1,1,lr1e-05_bs8_drop0p2_temp1p0_a0p25_b0p05__wd1e-04trmiss0_degmodglobal,8,1e-05,0.0001,0.2,1.0,0.25,0.05,lr1e-05_bs8_drop0p2_temp1p0_a0p25_b0p05__wd1e-04trmiss0_degmodglobal,17,0.6124284778322492,0.6740443706512451,0.5777777777777777,0.7976911976911978,0.42857142857142855,0.0,0.6313098158155169,0.6001854453768048,0.03205249724643571,0.08459823472159249,0.0,0.0,0.0,0.0,0.0,18473,global,0.0
1,1,lr1e-05_bs8_drop0p2_temp1p0_a0p25_b0p05__wd1e-04trmiss0_degmodglobal,8,1e-05,0.0001,0.2,1.0,0.25,0.05,lr1e-05_bs8_drop0p2_temp1p0_a0p25_b0p05__wd1e-04trmiss0_degmodglobal,18,0.6277969309261867,0.6769943833351135,0.5777777777777777,0.7976911976911978,0.42857142857142855,0.0,0.6282604251589093,0.6151920471872602,0.03713161604745047,0.06643964696143355,0.0,0.0,0.0,0.0,0.0,18473,global,0.0
1,1,lr1e-05_bs8_drop0p2_temp1p0_a0p25_b0p05__wd1e-04trmiss0_degmodglobal,8,1e-05,0.0001,0.2,1.0,0.25,0.05,lr1e-05_bs8_drop0p2_temp1p0_a0p25_b0p05__wd1e-04trmiss0_degmodglobal,19,0.6397541420800346,0.6705481708049774,0.5777777777777777,0.7976911976911978,0.42857142857142855,0.0,0.6489639793123517,0.6228139400482178,0.04253869237644332,0.12611048881496703,0.0,0.0,0.0,0.0,0.0,18473,global,0.0
1,1,lr1e-05_bs8_drop0p2_temp1p0_a0p25_b0p05__wd1e-04trmiss0_degmodglobal,8,1e-05,0.0001,0.2,1.0,0.25,0.05,lr1e-05_bs8_drop0p2_temp1p0_a0p25_b0p05__wd1e-04trmiss0_degmodglobal,20,0.6248545391219003,0.6725713312625885,0.5777777777777777,0.7976911976911978,0.42857142857142855,0.0,0.616231450012752,0.6091420139585223,0.04038052393921784,0.11234793386289052,0.0,0.0,0.0,0.0,0.0,18473,global,0.0
1,1,lr1e-05_bs8_drop0p2_temp1p0_a0p25_b0p05__wd1e-04trmiss0_degmodglobal,8,1e-05,0.0001,0.2,1.0,0.25,0.05,lr1e-05_bs8_drop0p2_temp1p0_a0p25_b0p05__wd1e-04trmiss0_degmodglobal,21,0.611986015524183,0.683474987745285,0.5555555555555556,0.7919931919931922,0.42857142857142855,0.0,0.6263950637408665,0.5972582953316825,0.04128263278731278,0.08814113800014768,0.0,0.0,0.0,0.0,0.0,18473,global,0.0
1,1,lr1e-05_bs8_drop0p2_temp1p0_a0p25_b0p05__wd1e-04trmiss0_degmodglobal,8,1e-05,0.0001,0.2,1.0,0.25,0.05,lr1e-05_bs8_drop0p2_temp1p0_a0p25_b0p05__wd1e-04trmiss0_degmodglobal,22,0.6055154544966561,0.6766301989555359,0.6,0.8327339327339327,0.42857142857142855,0.0,0.6130767975534711,0.5923521518707275,0.03555272014013359,0.08550225091832024,0.0,0.0,0.0,0.0,0.0,18473,global,0.0
1,1,lr1e-05_bs8_drop0p2_temp1p0_a0p25_b0p05__wd1e-04trmiss0_degmodglobal,8,1e-05,0.0001,0.2,1.0,0.25,0.05,lr1e-05_bs8_drop0p2_temp1p0_a0p25_b0p05__wd1e-04trmiss0_degmodglobal,23,0.6140806674957275,0.6823788285255432,0.6,0.8327339327339327,0.42857142857142855,0.0,0.6125237090247018,0.5982785650662014,0.03974286120917116,0.11732767522335052,0.0,0.0,0.0,0.0,0.0,18473,global,0.0
1,1,lr1e-05_bs8_drop0p2_temp1p0_a0p25_b0p05__wd1e-04trmiss0_degmodglobal,8,1e-05,0.0001,0.2,1.0,0.25,0.05,lr1e-05_bs8_drop0p2_temp1p0_a0p25_b0p05__wd1e-04trmiss0_degmodglobal,24,0.6059034381593976,0.6773902773857117,0.6,0.8327339327339327,0.42857142857142855,0.0,0.6133114099502563,0.5903060521398272,0.04030700187597956,0.11041284565414701,0.0,0.0,0.0,0.0,0.0,18473,global,0.0
1,1,lr1e-05_bs8_drop0p2_temp1p0_a0p25_b0p05__wd1e-04trmiss0_degmodglobal,8,1e-05,0.0001,0.2,1.0,0.25,0.05,lr1e-05_bs8_drop0p2_temp1p0_a0p25_b0p05__wd1e-04trmiss0_degmodglobal,25,0.619578446660723,0.6619320511817932,0.6,0.8327339327339327,0.5,0.0,0.6401688371385846,0.6017950517790658,0.049259851553610394,0.10936867019959859,0.0,0.0,0.0,0.0,0.0,18473,global,0.0
1,1,lr1e-05_bs8_drop0p2_temp1p0_a0p25_b0p05__wd1e-04trmiss0_degmodglobal,8,1e-05,0.0001,0.2,1.0,0.25,0.05,lr1e-05_bs8_drop0p2_temp1p0_a0p25_b0p05__wd1e-04trmiss0_degmodglobal,26,0.6098795873778207,0.6713625192642212,0.6,0.8327339327339327,0.5,0.0,0.622695803642273,0.5923063584736415,0.04327060601540974,0.1351118055837495,0.0,0.0,0.0,0.0,0.0,18473,global,0.0
1,1,lr1e-05_bs8_drop0p2_temp1p0_a0p25_b0p05__wd1e-04trmiss0_degmodglobal,8,1e-05,0.0001,0.2,1.0,0.25,0.05,lr1e-05_bs8_drop0p2_temp1p0_a0p25_b0p05__wd1e-04trmiss0_degmodglobal,27,0.5980677093778338,0.6917313933372498,0.48888888888888893,0.7540302290302292,0.42857142857142855,0.0,0.6274143031665257,0.5808128629411969,0.04448146479470389,0.12268984317779541,0.0,0.0,0.0,0.0,0.0,18473,global,0.0
1,1,lr1e-05_bs8_drop0p2_temp1p0_a0p25_b0p05__wd1e-04trmiss0_degmodglobal,8,1e-05,0.0001,0.2,1.0,0.25,0.05,lr1e-05_bs8_drop0p2_temp1p0_a0p25_b0p05__wd1e-04trmiss0_degmodglobal,28,0.6068182672773089,0.6922329068183899,0.4444444444444444,0.7404219237552572,0.42857142857142855,0.0,0.5975691761289325,0.59535984482084,0.03191203171653407,0.06960840097495488,0.0,0.0,0.0,0.0,0.0,18473,global,0.0
1,1,lr1e-05_bs8_drop0p2_temp1p0_a0p25_b0p05__wd1e-04trmiss0_degmodglobal,8,1e-05,0.0001,0.2,1.0,0.25,0.05,lr1e-05_bs8_drop0p2_temp1p0_a0p25_b0p05__wd1e-04trmiss0_degmodglobal,29,0.5977230412619454,0.6909236013889313,0.4222222222222222,0.7142995892995894,0.42857142857142855,0.0,0.5905130761010307,0.5822606257029942,0.04279153288475105,0.09529081785253116,0.0,0.0,0.0,0.0,0.0,18473,global,0.0
1,1,lr1e-05_bs8_drop0p2_temp1p0_a0p25_b0p05__wd1e-04trmiss0_degmodglobal,8,1e-05,0.0001,0.2,1.0,0.25,0.05,lr1e-05_bs8_drop0p2_temp1p0_a0p25_b0p05__wd1e-04trmiss0_degmodglobal,30,0.6060953395707267,0.6881364583969116,0.5111111111111111,0.7583231583231584,0.42857142857142855,0.0,0.5950452515057155,0.5922926408903939,0.036706402631742616,0.09252202989799636,0.0,0.0,0.0,0.0,0.0,18473,global,0.0
1,1,lr1e-05_bs8_drop0p2_temp1p0_a0p25_b0p05__wd1e-04trmiss0_degmodglobal,8,1e-05,0.0001,0.2,1.0,0.25,0.05,lr1e-05_bs8_drop0p2_temp1p0_a0p25_b0p05__wd1e-04trmiss0_degmodglobal,31,0.5681025471006121,0.6759912371635437,0.5555555555555556,0.7919931919931922,0.42857142857142855,0.0,0.6057196600096566,0.5534857043198177,0.03849795886448452,0.09984699636697769,0.0,0.0,0.0,0.0,0.0,18473,global,0.0
1,1,lr1e-05_bs8_drop0p2_temp1p0_a0p25_b0p05__wd1e-04trmiss0_degmodglobal,8,1e-05,0.0001,0.2,1.0,0.25,0.05,lr1e-05_bs8_drop0p2_temp1p0_a0p25_b0p05__wd1e-04trmiss0_degmodglobal,32,0.5948253784860883,0.6792704463005066,0.6,0.8327339327339327,0.42857142857142855,0.0,0.5976259112358093,0.5816836953163147,0.03605742832379682,0.08254675593759332,0.0,0.0,0.0,0.0,0.0,18473,global,0.0
1,1,lr1e-05_bs8_drop0p2_temp1p0_a0p25_b0p05__wd1e-04trmiss0_degmodglobal,8,1e-05,0.0001,0.2,1.0,0.25,0.05,lr1e-05_bs8_drop0p2_temp1p0_a0p25_b0p05__wd1e-04trmiss0_degmodglobal,33,0.5830128703798566,0.6794813275337219,0.5555555555555556,0.8083231583231585,0.42857142857142855,0.0,0.5846913882664272,0.5692632113184247,0.037334202389631956,0.08832249896866935,0.0,0.0,0.0,0.0,0.0,18473,global,0.0
1,1,lr1e-05_bs8_drop0p2_temp1p0_a0p25_b0p05__wd1e-04trmiss0_degmodglobal,8,1e-05,0.0001,0.2,1.0,0.25,0.05,lr1e-05_bs8_drop0p2_temp1p0_a0p25_b0p05__wd1e-04trmiss0_degmodglobal,34,0.575240467275892,0.6801887452602386,0.5777777777777777,0.8268416768416769,0.42857142857142855,0.0,0.5879051770482745,0.5593984212194171,0.04294393238212381,0.10212145798972674,0.0,0.0,0.0,0.0,0.0,18473,global,0.0
1,1,lr1e-05_bs8_drop0p2_temp1p0_a0p25_b0p05__wd1e-04trmiss0_degmodglobal,8,1e-05,0.0001,0.2,1.0,0.25,0.05,lr1e-05_bs8_drop0p2_temp1p0_a0p25_b0p05__wd1e-04trmiss0_degmodglobal,35,0.6048932416098458,0.6770531833171844,0.6,0.8327339327339327,0.42857142857142855,0.0,0.5969189660889762,0.5892286385808673,0.04054608728204455,0.11056156137159892,0.0,0.0,0.0,0.0,0.0,18473,global,0.0
1,1,lr1e-05_bs8_drop0p2_temp1p0_a0p25_b0p05__wd1e-04trmiss0_degmodglobal,8,1e-05,0.0001,0.2,1.0,0.25,0.05,lr1e-05_bs8_drop0p2_temp1p0_a0p25_b0p05__wd1e-04trmiss0_degmodglobal,36,0.5877812249319894,0.680309534072876,0.5777777777777777,0.8268416768416769,0.42857142857142855,0.0,0.5772077696663993,0.5685192091124398,0.049362585480724065,0.1384276705128806,0.0,0.0,0.0,0.0,0.0,18473,global,0.0
1,1,lr1e-05_bs8_drop0p2_temp1p0_a0p25_b0p05__wd1e-04trmiss0_degmodglobal,8,1e-05,0.0001,0.2,1.0,0.25,0.05,lr1e-05_bs8_drop0p2_temp1p0_a0p25_b0p05__wd1e-04trmiss0_degmodglobal,37,0.5851337569100517,0.6801820695400238,0.5777777777777777,0.8268416768416769,0.42857142857142855,0.0,0.5853064145360675,0.5689304300716945,0.04607313605291503,0.09370074048638344,0.0,0.0,0.0,0.0,0.0,18473,global,0.0
1,1,lr1e-05_bs8_drop0p2_temp1p0_a0p25_b0p05__wd1e-04trmiss0_degmodglobal,8,1e-05,0.0001,0.2,1.0,0.25,0.05,lr1e-05_bs8_drop0p2_temp1p0_a0p25_b0p05__wd1e-04trmiss0_degmodglobal,38,0.5728683982576642,0.6820085942745209,0.5777777777777777,0.8268416768416769,0.42857142857142855,0.0,0.5961203489984784,0.5546661019325256,0.0500691474548408,0.11370022169181279,0.0,0.0,0.0,0.0,0.0,18473,global,0.0
1,1,lr1e-05_bs8_drop0p2_temp1p0_a0p25_b0p05__wd1e-04trmiss0_degmodglobal,8,1e-05,0.0001,0.2,1.0,0.25,0.05,lr1e-05_bs8_drop0p2_temp1p0_a0p25_b0p05__wd1e-04trmiss0_degmodglobal,39,0.5771803600447518,0.6829432547092438,0.5777777777777777,0.8268416768416769,0.42857142857142855,0.0,0.5747384939874921,0.5595998764038086,0.04975753756506102,0.10282193337168012,0.0,0.0,0.0,0.0,0.0,18473,global,0.0
1,1,lr1e-05_bs8_drop0p2_temp1p0_a0p25_b0p05__wd1e-04trmiss0_degmodglobal,8,1e-05,0.0001,0.2,1.0,0.25,0.05,lr1e-05_bs8_drop0p2_temp1p0_a0p25_b0p05__wd1e-04trmiss0_degmodglobal,40,0.5823766759463719,0.6846777200698853,0.5777777777777777,0.8268416768416769,0.42857142857142855,0.0,0.6109838485717773,0.5664118698665074,0.04350392387381622,0.10177650834832873,0.0,0.0,0.0,0.0,0.0,18473,global,0.0
1,1,lr1e-05_bs8_drop0p2_temp1p0_a0p25_b0p05__wd1e-04trmiss0_degmodglobal,8,1e-05,0.0001,0.2,1.0,0.25,0.05,lr1e-05_bs8_drop0p2_temp1p0_a0p25_b0p05__wd1e-04trmiss0_degmodglobal,41,0.5807550549507141,0.6849779486656189,0.5777777777777777,0.8268416768416769,0.42857142857142855,0.0,0.574317353112357,0.5623243621417454,0.052679020911455154,0.10521872368242059,0.0,0.0,0.0,0.0,0.0,18473,global,0.0
1,1,lr1e-05_bs8_drop0p2_temp1p0_a0p25_b0p05__wd1e-04trmiss0_degmodglobal,8,1e-05,0.0001,0.2,1.0,0.25,0.05,lr1e-05_bs8_drop0p2_temp1p0_a0p25_b0p05__wd1e-04trmiss0_degmodglobal,42,0.5736645885876247,0.6791548132896423,0.5777777777777777,0.8268416768416769,0.42857142857142855,0.0,0.5489276306969779,0.559077765260424,0.039253041946462223,0.09547123845134463,0.0,0.0,0.0,0.0,0.0,18473,global,0.0
1,1,lr1e-05_bs8_drop0p2_temp1p0_a0p25_b0p05__wd1e-04trmiss0_degmodglobal,8,1e-05,0.0001,0.2,1.0,0.25,0.05,lr1e-05_bs8_drop0p2_temp1p0_a0p25_b0p05__wd1e-04trmiss0_degmodglobal,43,0.5787643194198608,0.6778647005558014,0.5777777777777777,0.8268416768416769,0.42857142857142855,0.0,0.5883405974933079,0.564339109829494,0.04000757874122688,0.08846623876265117,0.0,0.0,0.0,0.0,0.0,18473,global,0.0
1,1,lr1e-05_bs8_drop0p2_temp1p0_a0p25_b0p05__wd1e-04trmiss0_degmodglobal,8,1e-05,0.0001,0.2,1.0,0.25,0.05,lr1e-05_bs8_drop0p2_temp1p0_a0p25_b0p05__wd1e-04trmiss0_degmodglobal,44,0.591355391911098,0.6739096343517303,0.5777777777777777,0.8268416768416769,0.42857142857142855,0.0,0.5637287327221462,0.5679146562303815,0.05812473116176469,0.17819095296519144,0.0,0.0,0.0,0.0,0.0,18473,global,0.0
1,1,lr1e-05_bs8_drop0p2_temp1p0_a0p25_b0p05__wd1e-04trmiss0_degmodglobal,8,1e-05,0.0001,0.2,1.0,0.25,0.05,lr1e-05_bs8_drop0p2_temp1p0_a0p25_b0p05__wd1e-04trmiss0_degmodglobal,45,0.5815163935933795,0.6769013106822968,0.5777777777777777,0.8268416768416769,0.42857142857142855,0.0,0.5497717133590153,0.5621509296553475,0.055660903986011236,0.10900448156254632,0.0,0.0,0.0,0.0,0.0,18473,global,0.0
1,1,lr1e-05_bs8_drop0p2_temp2p0_a0p25_b0p05__wd1e-04trmiss0_degmodglobal,8,1e-05,0.0001,0.2,2.0,0.25,0.05,lr1e-05_bs8_drop0p2_temp2p0_a0p25_b0p05__wd1e-04trmiss0_degmodglobal,1,0.7718992062977382,0.7506553530693054,0.3111111111111111,0.5523707773707773,0.21428571428571427,0.0,0.7048301526478359,0.7525212168693542,0.0431872478553227,0.17162357377154486,0.0,0.0,0.0,0.0,0.0,18473,global,0.0
1,1,lr1e-05_bs8_drop0p2_temp2p0_a0p25_b0p05__wd1e-04trmiss0_degmodglobal,8,1e-05,0.0001,0.2,2.0,0.25,0.05,lr1e-05_bs8_drop0p2_temp2p0_a0p25_b0p05__wd1e-04trmiss0_degmodglobal,2,0.7737303631646293,0.7509462237358093,0.37777777777777777,0.5740620490620489,0.21428571428571427,0.0,0.7223762103489467,0.7531141723905291,0.04965797918183463,0.16403374075889587,0.0,0.0,0.0,0.0,0.0,18473,global,0.0
1,1,lr1e-05_bs8_drop0p2_temp2p0_a0p25_b0p05__wd1e-04trmiss0_degmodglobal,8,1e-05,0.0001,0.2,2.0,0.25,0.05,lr1e-05_bs8_drop0p2_temp2p0_a0p25_b0p05__wd1e-04trmiss0_degmodglobal,3,0.7296923398971558,0.754816323518753,0.37777777777777777,0.5740620490620489,0.21428571428571427,0.0,0.7177145395960126,0.7115026116371155,0.04114373613681112,0.1580759244305747,0.0,0.0,0.0,0.0,0.0,18473,global,0.0
1,1,lr1e-05_bs8_drop0p2_temp2p0_a0p25_b0p05__wd1e-04trmiss0_degmodglobal,8,1e-05,0.0001,0.2,2.0,0.25,0.05,lr1e-05_bs8_drop0p2_temp2p0_a0p25_b0p05__wd1e-04trmiss0_degmodglobal,4,0.7547584261213031,0.7522004842758179,0.4222222222222222,0.5962842712842713,0.21428571428571427,0.0,0.6959237456321716,0.7368956804275513,0.046443590096064975,0.12503686813371523,0.0,0.0,0.0,0.0,0.0,18473,global,0.0
1,1,lr1e-05_bs8_drop0p2_temp2p0_a0p25_b0p05__wd1e-04trmiss0_degmodglobal,8,1e-05,0.0001,0.2,2.0,0.25,0.05,lr1e-05_bs8_drop0p2_temp2p0_a0p25_b0p05__wd1e-04trmiss0_degmodglobal,5,0.7284022654805865,0.7472417950630188,0.4444444444444444,0.6148027898027899,0.2857142857142857,0.0,0.6888667600495475,0.7102353743144444,0.04462398216128349,0.1402180056486811,0.0,0.0,0.0,0.0,0.0,18473,global,0.0
1,1,lr1e-05_bs8_drop0p2_temp2p0_a0p25_b0p05__wd1e-04trmiss0_degmodglobal,8,1e-05,0.0001,0.2,2.0,0.25,0.05,lr1e-05_bs8_drop0p2_temp2p0_a0p25_b0p05__wd1e-04trmiss0_degmodglobal,6,0.727687690939222,0.7463515996932983,0.4444444444444444,0.6148027898027899,0.35714285714285715,0.0,0.6939662524632045,0.7119547213826861,0.03940297370510442,0.11764446645975113,0.0,0.0,0.0,0.0,0.0,18473,global,0.0
1,1,lr1e-05_bs8_drop0p2_temp2p0_a0p25_b0p05__wd1e-04trmiss0_degmodglobal,8,1e-05,0.0001,0.2,2.0,0.25,0.05,lr1e-05_bs8_drop0p2_temp2p0_a0p25_b0p05__wd1e-04trmiss0_degmodglobal,7,0.7492845569338117,0.7415926456451416,0.4666666666666667,0.6333213083213084,0.42857142857142855,0.0,0.7107088565826416,0.7342665450913566,0.0391197923038687,0.10476134611027581,0.0,0.0,0.0,0.0,0.0,18473,global,0.0
1,1,lr1e-05_bs8_drop0p2_temp2p0_a0p25_b0p05__wd1e-04trmiss0_degmodglobal,8,1e-05,0.0001,0.2,2.0,0.25,0.05,lr1e-05_bs8_drop0p2_temp2p0_a0p25_b0p05__wd1e-04trmiss0_degmodglobal,8,0.7390852400234768,0.7454037964344025,0.4888888888888889,0.649987974987975,0.35714285714285715,0.0,0.6893588049071175,0.7237683449472699,0.034303909433739524,0.13481832614966802,0.0,0.0,0.0,0.0,0.0,18473,global,0.0
1,1,lr1e-05_bs8_drop0p2_temp2p0_a0p25_b0p05__wd1e-04trmiss0_degmodglobal,8,1e-05,0.0001,0.2,2.0,0.25,0.05,lr1e-05_bs8_drop0p2_temp2p0_a0p25_b0p05__wd1e-04trmiss0_degmodglobal,9,0.7273380756378174,0.7456101477146149,0.4666666666666667,0.6432539682539683,0.2857142857142857,0.0,0.6883301053728376,0.7115694199289594,0.03820063093943255,0.12437014494623456,0.0,0.0,0.0,0.0,0.0,18473,global,0.0
1,1,lr1e-05_bs8_drop0p2_temp2p0_a0p25_b0p05__wd1e-04trmiss0_degmodglobal,8,1e-05,0.0001,0.2,2.0,0.25,0.05,lr1e-05_bs8_drop0p2_temp2p0_a0p25_b0p05__wd1e-04trmiss0_degmodglobal,10,0.7209985937391009,0.7415245473384857,0.4888888888888889,0.649987974987975,0.5,0.0,0.6552030699593681,0.7044492449079242,0.0419310490999903,0.1213317598615374,0.0,0.0,0.0,0.0,0.0,18473,global,0.0
1,1,lr1e-05_bs8_drop0p2_temp2p0_a0p25_b0p05__wd1e-04trmiss0_degmodglobal,8,1e-05,0.0001,0.2,2.0,0.25,0.05,lr1e-05_bs8_drop0p2_temp2p0_a0p25_b0p05__wd1e-04trmiss0_degmodglobal,11,0.7289971283503941,0.7330513596534729,0.4888888888888888,0.6538359788359789,0.5,0.0,0.6800298520496914,0.7135939257485526,0.03787684227739062,0.11867998540401459,0.0,0.0,0.0,0.0,0.0,18473,global,0.0
1,1,lr1e-05_bs8_drop0p2_temp2p0_a0p25_b0p05__wd1e-04trmiss0_degmodglobal,8,1e-05,0.0001,0.2,2.0,0.25,0.05,lr1e-05_bs8_drop0p2_temp2p0_a0p25_b0p05__wd1e-04trmiss0_degmodglobal,12,0.7240362507956368,0.734517514705658,0.5111111111111111,0.6686507936507937,0.5,0.0,0.6768574799810138,0.7083283747945514,0.038649092827524455,0.12091210058757237,0.0,0.0,0.0,0.0,0.0,18473,global,0.0
1,1,lr1e-05_bs8_drop0p2_temp2p0_a0p25_b0p05__wd1e-04trmiss0_degmodglobal,8,1e-05,0.0001,0.2,2.0,0.25,0.05,lr1e-05_bs8_drop0p2_temp2p0_a0p25_b0p05__wd1e-04trmiss0_degmodglobal,13,0.7093040261949811,0.7375950515270233,0.4888888888888888,0.6538359788359789,0.5,0.0,0.6723562053271702,0.6941644038472857,0.03942237102559635,0.10568053222128324,0.0,0.0,0.0,0.0,0.0,18473,global,0.0
1,1,lr1e-05_bs8_drop0p2_temp2p0_a0p25_b0p05__wd1e-04trmiss0_degmodglobal,8,1e-05,0.0001,0.2,2.0,0.25,0.05,lr1e-05_bs8_drop0p2_temp2p0_a0p25_b0p05__wd1e-04trmiss0_degmodglobal,14,0.7347161258969989,0.7399378418922424,0.46666666666666656,0.6467652717652718,0.5,0.0,0.6690203717776707,0.7151869450296674,0.04472168322120394,0.166975166116442,0.0,0.0,0.0,0.0,0.0,18473,global,0.0
1,1,lr1e-05_bs8_drop0p2_temp2p0_a0p25_b0p05__wd1e-04trmiss0_degmodglobal,8,1e-05,0.0001,0.2,2.0,0.25,0.05,lr1e-05_bs8_drop0p2_temp2p0_a0p25_b0p05__wd1e-04trmiss0_degmodglobal,15,0.7235391736030579,0.738979697227478,0.46666666666666656,0.6467652717652718,0.5,0.0,0.6441738690648761,0.7028851594243731,0.05031347168343408,0.16151292622089386,0.0,0.0,0.0,0.0,0.0,18473,global,0.0
1,1,lr1e-05_bs8_drop0p2_temp2p0_a0p25_b0p05__wd1e-04trmiss0_degmodglobal,8,1e-05,0.0001,0.2,2.0,0.25,0.05,lr1e-05_bs8_drop0p2_temp2p0_a0p25_b0p05__wd1e-04trmiss0_degmodglobal,16,0.7000229188374111,0.7418744564056396,0.4444444444444444,0.641067266067266,0.5,0.0,0.6477349741118295,0.6860081127711705,0.03226128965616226,0.11898947480533804,0.0,0.0,0.0,0.0,0.0,18473,global,0.0
1,1,lr1e-05_bs8_drop0p2_temp2p0_a0p25_b0p05__wd1e-04trmiss0_degmodglobal,8,1e-05,0.0001,0.2,2.0,0.25,0.05,lr1e-05_bs8_drop0p2_temp2p0_a0p25_b0p05__wd1e-04trmiss0_degmodglobal,17,0.6952505281993321,0.7440333068370819,0.4444444444444444,0.641067266067266,0.5,0.0,0.6425123044422695,0.680127237524305,0.03588227129408291,0.1230545746428626,0.0,0.0,0.0,0.0,0.0,18473,global,0.0
1,1,lr1e-05_bs8_drop0p2_temp2p0_a0p25_b0p05__wd1e-04trmiss0_degmodglobal,8,1e-05,0.0001,0.2,2.0,0.25,0.05,lr1e-05_bs8_drop0p2_temp2p0_a0p25_b0p05__wd1e-04trmiss0_degmodglobal,18,0.6929853217942374,0.7444437742233276,0.42222222222222217,0.6351750101750102,0.5,0.0,0.6415924259594509,0.6763130341257367,0.04383031704596111,0.11429433205298015,0.0,0.0,0.0,0.0,0.0,18473,global,0.0
1,1,lr1e-05_bs8_drop0p2_temp2p0_a0p25_b0p05__wd1e-04trmiss0_degmodglobal,8,1e-05,0.0001,0.2,2.0,0.25,0.05,lr1e-05_bs8_drop0p2_temp2p0_a0p25_b0p05__wd1e-04trmiss0_degmodglobal,19,0.6846018944467817,0.7463245093822479,0.42222222222222217,0.6351750101750102,0.5,0.0,0.617678450686591,0.6666342530931745,0.0441949473960059,0.13837810339672224,0.0,0.0,0.0,0.0,0.0,18473,global,0.0
1,1,lr1e-05_bs8_drop0p2_temp2p0_a0p25_b0p05__wd1e-04trmiss0_degmodglobal,8,1e-05,0.0001,0.2,2.0,0.25,0.05,lr1e-05_bs8_drop0p2_temp2p0_a0p25_b0p05__wd1e-04trmiss0_degmodglobal,20,0.7080239483288356,0.7467963993549347,0.42222222222222217,0.6351750101750102,0.5,0.0,0.6256825242723737,0.6902226975985936,0.045754825962441306,0.12725087428199394,0.0,0.0,0.0,0.0,0.0,18473,global,0.0
1,1,lr1e-05_bs8_drop0p2_temp2p0_a0p25_b0p05__wd1e-04trmiss0_degmodglobal,8,1e-05,0.0001,0.2,2.0,0.25,0.05,lr1e-05_bs8_drop0p2_temp2p0_a0p25_b0p05__wd1e-04trmiss0_degmodglobal,21,0.6945312534059797,0.7493230104446411,0.39999999999999997,0.6245929995929995,0.5,0.0,0.6443230935505458,0.678901195526123,0.03713058227939265,0.12694840079971723,0.0,0.0,0.0,0.0,0.0,18473,global,0.0
1,1,lr1e-05_bs8_drop0p2_temp2p0_a0p25_b0p05__wd1e-04trmiss0_degmodglobal,8,1e-05,0.0001,0.2,2.0,0.25,0.05,lr1e-05_bs8_drop0p2_temp2p0_a0p25_b0p05__wd1e-04trmiss0_degmodglobal,22,0.6910636254719326,0.7520303428173065,0.42222222222222217,0.6351750101750102,0.5,0.0,0.6195568357195173,0.6718297515596662,0.04412758669682911,0.1640394569507667,0.0,0.0,0.0,0.0,0.0,18473,global,0.0
1,1,lr1e-05_bs8_drop0p2_temp2p0_a0p25_b0p05__wd1e-04trmiss0_degmodglobal,8,1e-05,0.0001,0.2,2.0,0.25,0.05,lr1e-05_bs8_drop0p2_temp2p0_a0p25_b0p05__wd1e-04trmiss0_degmodglobal,23,0.6860368932996478,0.7463871836662292,0.4666666666666667,0.65991045991046,0.5,0.0,0.6321882435253688,0.670165308884212,0.04123593121767044,0.1112518065742084,0.0,0.0,0.0,0.0,0.0,18473,global,0.0
1,1,lr1e-05_bs8_drop0p2_temp2p0_a0p25_b0p05__wd1e-04trmiss0_degmodglobal,8,1e-05,0.0001,0.2,2.0,0.25,0.05,lr1e-05_bs8_drop0p2_temp2p0_a0p25_b0p05__wd1e-04trmiss0_degmodglobal,24,0.6806671789714268,0.7447091341018677,0.4888888888888889,0.6731379731379733,0.5,0.0,0.6221459678241185,0.6648819276264736,0.037496023678353856,0.12822478264570236,0.0,0.0,0.0,0.0,0.0,18473,global,0.0
1,1,lr1e-05_bs8_drop0p2_temp2p0_a0p25_b0p05__wd1e-04trmiss0_degmodglobal,8,1e-05,0.0001,0.2,2.0,0.25,0.05,lr1e-05_bs8_drop0p2_temp2p0_a0p25_b0p05__wd1e-04trmiss0_degmodglobal,25,0.6831443139484951,0.743489682674408,0.4666666666666667,0.65991045991046,0.5,0.0,0.6132005538259234,0.6691690683364868,0.03598280756601265,0.09959096887281962,0.0,0.0,0.0,0.0,0.0,18473,global,0.0
1,1,lr1e-05_bs8_drop0p2_temp2p0_a0p25_b0p05__wd1e-04trmiss0_degmodglobal,8,1e-05,0.0001,0.2,2.0,0.25,0.05,lr1e-05_bs8_drop0p2_temp2p0_a0p25_b0p05__wd1e-04trmiss0_degmodglobal,26,0.7175953558513096,0.7475661039352417,0.4666666666666667,0.65991045991046,0.5,0.0,0.6207331759589059,0.7024293627057757,0.037429021671414375,0.11617470585874148,0.0,0.0,0.0,0.0,0.0,18473,global,0.0
1,1,lr1e-05_bs8_drop0p2_temp2p0_a0p25_b0p05__wd1e-04trmiss0_degmodglobal,8,1e-05,0.0001,0.2,2.0,0.25,0.05,lr1e-05_bs8_drop0p2_temp2p0_a0p25_b0p05__wd1e-04trmiss0_degmodglobal,27,0.6837776643889291,0.7502725720405579,0.4666666666666667,0.65991045991046,0.5,0.0,0.6092276317732674,0.6659873979432243,0.04350864088961056,0.13826201962573187,0.0,0.0,0.0,0.0,0.0,18473,global,0.0
1,1,lr1e-05_bs8_drop0p2_temp2p0_a0p25_b0p05__wd1e-04trmiss0_degmodglobal,8,1e-05,0.0001,0.2,2.0,0.25,0.05,lr1e-05_bs8_drop0p2_temp2p0_a0p25_b0p05__wd1e-04trmiss0_degmodglobal,28,0.6923871891839164,0.7597100138664246,0.4444444444444444,0.6450956450956452,0.5,0.0,0.620703433241163,0.6767924768584115,0.04167717375925609,0.1035085991024971,0.0,0.0,0.0,0.0,0.0,18473,global,0.0
1,1,lr1e-05_bs8_drop0p2_temp2p0_a0p25_b0p05__wd1e-04trmiss0_degmodglobal,8,1e-05,0.0001,0.2,2.0,0.25,0.05,lr1e-05_bs8_drop0p2_temp2p0_a0p25_b0p05__wd1e-04trmiss0_degmodglobal,29,0.7027537652424404,0.7632991075515747,0.4666666666666667,0.65991045991046,0.5,0.0,0.6162718704768589,0.6863246815545219,0.04304314191852297,0.11336583484496389,0.0,0.0,0.0,0.0,0.0,18473,global,0.0
1,1,lr1e-05_bs8_drop0p2_temp2p0_a0p25_b0p05__wd1e-04trmiss0_degmodglobal,8,1e-05,0.0001,0.2,2.0,0.25,0.05,lr1e-05_bs8_drop0p2_temp2p0_a0p25_b0p05__wd1e-04trmiss0_degmodglobal,30,0.6926292351314,0.7632310390472412,0.4888888888888889,0.6691697191697192,0.5,0.0,0.6053868021283831,0.6725056171417236,0.04317772468285901,0.18658366054296494,0.0,0.0,0.0,0.0,0.0,18473,global,0.0
1,1,lr1e-05_bs8_drop0p2_temp2p0_a0p25_b0p05__wd1e-04trmiss0_degmodglobal,8,1e-05,0.0001,0.2,2.0,0.25,0.05,lr1e-05_bs8_drop0p2_temp2p0_a0p25_b0p05__wd1e-04trmiss0_degmodglobal,31,0.6626871057919094,0.7606666088104248,0.4888888888888889,0.6691697191697192,0.5,0.0,0.6095288566180638,0.6452831029891968,0.043936164783579965,0.12839915922709874,0.0,0.0,0.0,0.0,0.0,18473,global,0.0
1,1,lr1e-05_bs8_drop0p2_temp2p0_a0p25_b0p05__wd1e-04trmiss0_degmodglobal,8,1e-05,0.0001,0.2,2.0,0.25,0.05,lr1e-05_bs8_drop0p2_temp2p0_a0p25_b0p05__wd1e-04trmiss0_degmodglobal,32,0.6796865974153791,0.7612939476966858,0.4888888888888889,0.6691697191697192,0.5,0.0,0.6054659826414925,0.6631173236029488,0.0386618258697646,0.13807629155261175,0.0,0.0,0.0,0.0,0.0,18473,global,0.0
1,1,lr1e-05_bs8_drop0p4_temp1p0_a0p25_b0p05__wd1e-04trmiss0_degmodglobal,8,1e-05,0.0001,0.4,1.0,0.25,0.05,lr1e-05_bs8_drop0p4_temp1p0_a0p25_b0p05__wd1e-04trmiss0_degmodglobal,1,0.7101537074361529,0.6656101047992706,0.6888888888888889,0.858499525166192,0.5714285714285714,0.0,0.6809062021119254,0.6866769875798907,0.05408733178462301,0.19909763974802835,0.0,0.0,0.0,0.0,0.0,18473,global,0.0
1,1,lr1e-05_bs8_drop0p4_temp1p0_a0p25_b0p05__wd1e-04trmiss0_degmodglobal,8,1e-05,0.0001,0.4,1.0,0.25,0.05,lr1e-05_bs8_drop0p4_temp1p0_a0p25_b0p05__wd1e-04trmiss0_degmodglobal,2,0.7114698375974383,0.6599219143390656,0.6888888888888889,0.858499525166192,0.5714285714285714,0.0,0.7086894682475499,0.6868457283292498,0.05459348112344742,0.21951451578310557,0.0,0.0,0.0,0.0,0.0,18473,global,0.0
1,1,lr1e-05_bs8_drop0p4_temp1p0_a0p25_b0p05__wd1e-04trmiss0_degmodglobal,8,1e-05,0.0001,0.4,1.0,0.25,0.05,lr1e-05_bs8_drop0p4_temp1p0_a0p25_b0p05__wd1e-04trmiss0_degmodglobal,3,0.7253783004624503,0.6591513752937317,0.6888888888888889,0.858499525166192,0.5714285714285714,0.0,0.704774626663753,0.6922902039119175,0.071068175137043,0.30642116495541166,0.0,0.0,0.0,0.0,0.0,18473,global,0.0
1,1,lr1e-05_bs8_drop0p4_temp1p0_a0p25_b0p05__wd1e-04trmiss0_degmodglobal,8,1e-05,0.0001,0.4,1.0,0.25,0.05,lr1e-05_bs8_drop0p4_temp1p0_a0p25_b0p05__wd1e-04trmiss0_degmodglobal,4,0.7135425124849591,0.6543322205543518,0.6888888888888889,0.8651132817799485,0.5714285714285714,0.0,0.6578836568764278,0.6868457879338946,0.06952155860407012,0.18632649257779121,0.0,0.0,0.0,0.0,0.0,18473,global,0.0
1,1,lr1e-05_bs8_drop0p4_temp1p0_a0p25_b0p05__wd1e-04trmiss0_degmodglobal,8,1e-05,0.0001,0.4,1.0,0.25,0.05,lr1e-05_bs8_drop0p4_temp1p0_a0p25_b0p05__wd1e-04trmiss0_degmodglobal,5,0.6964717166764396,0.6526883542537689,0.6888888888888889,0.8651132817799485,0.5,0.0,0.6803510614803859,0.6764713866370065,0.04549477941223553,0.17253273352980614,0.0,0.0,0.0,0.0,0.0,18473,global,0.0
1,1,lr1e-05_bs8_drop0p4_temp1p0_a0p25_b0p05__wd1e-04trmiss0_degmodglobal,8,1e-05,0.0001,0.4,1.0,0.25,0.05,lr1e-05_bs8_drop0p4_temp1p0_a0p25_b0p05__wd1e-04trmiss0_degmodglobal,6,0.7130429233823504,0.6553111672401428,0.6888888888888889,0.8683760683760686,0.6428571428571429,0.0,0.6823805315153939,0.6889986395835876,0.056377508278403966,0.19899802654981613,0.0,0.0,0.0,0.0,0.0,18473,global,0.0
1,1,lr1e-05_bs8_drop0p4_temp1p0_a0p25_b0p05__wd1e-04trmiss0_degmodglobal,8,1e-05,0.0001,0.4,1.0,0.25,0.05,lr1e-05_bs8_drop0p4_temp1p0_a0p25_b0p05__wd1e-04trmiss0_degmodglobal,7,0.7122597864695958,0.6564690470695496,0.6888888888888889,0.8683760683760686,0.5714285714285714,0.0,0.6881168058940342,0.6804513505526951,0.0644961984029838,0.3136876608644213,0.0,0.0,0.0,0.0,0.0,18473,global,0.0
1,1,lr1e-05_bs8_drop0p4_temp1p0_a0p25_b0p05__wd1e-04trmiss0_degmodglobal,8,1e-05,0.0001,0.4,1.0,0.25,0.05,lr1e-05_bs8_drop0p4_temp1p0_a0p25_b0p05__wd1e-04trmiss0_degmodglobal,8,0.6939892428261893,0.6547017097473145,0.711111111111111,0.8842490842490844,0.5714285714285714,0.0,0.6899889792714801,0.6678755113056728,0.056337143161467144,0.24058884382247925,0.0,0.0,0.0,0.0,0.0,18473,global,0.0
1,1,lr1e-05_bs8_drop0p4_temp1p0_a0p25_b0p05__wd1e-04trmiss0_degmodglobal,8,1e-05,0.0001,0.4,1.0,0.25,0.05,lr1e-05_bs8_drop0p4_temp1p0_a0p25_b0p05__wd1e-04trmiss0_degmodglobal,9,0.7051616736820766,0.6511939764022827,0.7333333333333334,0.8928910595577264,0.5714285714285714,0.0,0.6558184453419277,0.6761418240410941,0.06348883360624313,0.26295277902058195,0.0,0.0,0.0,0.0,0.0,18473,global,0.0
1,1,lr1e-05_bs8_drop0p4_temp1p0_a0p25_b0p05__wd1e-04trmiss0_degmodglobal,8,1e-05,0.0001,0.4,1.0,0.25,0.05,lr1e-05_bs8_drop0p4_temp1p0_a0p25_b0p05__wd1e-04trmiss0_degmodglobal,10,0.6839956300599235,0.6510578989982605,0.7333333333333334,0.8928910595577264,0.5714285714285714,0.0,0.6583950519561768,0.6602227006639753,0.054006241261959076,0.20542735499995096,0.0,0.0,0.0,0.0,0.0,18473,global,0.0
1,1,lr1e-05_bs8_drop0p4_temp1p0_a0p25_b0p05__wd1e-04trmiss0_degmodglobal,8,1e-05,0.0001,0.4,1.0,0.25,0.05,lr1e-05_bs8_drop0p4_temp1p0_a0p25_b0p05__wd1e-04trmiss0_degmodglobal,11,0.6839524762971061,0.6542331576347351,0.7111111111111111,0.8770180436847106,0.5714285714285714,0.0,0.6677653363772801,0.6604104042053223,0.055090335330792835,0.1953899594289916,0.0,0.0,0.0,0.0,0.0,18473,global,0.0
1,1,lr1e-05_bs8_drop0p4_temp1p0_a0p25_b0p05__wd1e-04trmiss0_degmodglobal,8,1e-05,0.0001,0.4,1.0,0.25,0.05,lr1e-05_bs8_drop0p4_temp1p0_a0p25_b0p05__wd1e-04trmiss0_degmodglobal,12,0.6761085731642587,0.6586112678050995,0.6888888888888889,0.858499525166192,0.5714285714285714,0.0,0.6444234848022461,0.6481726595333644,0.06655262889606613,0.2259552606514522,0.0,0.0,0.0,0.0,0.0,18473,global,0.0
1,1,lr1e-05_bs8_drop0p4_temp1p0_a0p25_b0p05__wd1e-04trmiss0_degmodglobal,8,1e-05,0.0001,0.4,1.0,0.25,0.05,lr1e-05_bs8_drop0p4_temp1p0_a0p25_b0p05__wd1e-04trmiss0_degmodglobal,13,0.6615066017423358,0.6626532673835754,0.6444444444444445,0.842786842786843,0.5714285714285714,0.0,0.634110518864223,0.6378181065831866,0.05651978190456118,0.1911710873246193,0.0,0.0,0.0,0.0,0.0,18473,global,0.0
1,1,lr1e-05_bs8_drop0p4_temp1p0_a0p25_b0p05__wd1e-04trmiss0_degmodglobal,8,1e-05,0.0001,0.4,1.0,0.25,0.05,lr1e-05_bs8_drop0p4_temp1p0_a0p25_b0p05__wd1e-04trmiss0_degmodglobal,14,0.6949772919927325,0.6623168587684631,0.6666666666666666,0.84985754985755,0.5714285714285714,0.0,0.604747440133776,0.6697836262839181,0.056601262518337796,0.22086729960782187,0.0,0.0,0.0,0.0,0.0,18473,global,0.0
1,1,lr1e-05_bs8_drop0p4_temp1p0_a0p25_b0p05__wd1e-04trmiss0_degmodglobal,8,1e-05,0.0001,0.4,1.0,0.25,0.05,lr1e-05_bs8_drop0p4_temp1p0_a0p25_b0p05__wd1e-04trmiss0_degmodglobal,15,0.6418271831103733,0.6590427756309509,0.6888888888888889,0.8683760683760686,0.6428571428571429,0.0,0.6446286865643093,0.6252877541950771,0.04177093266376427,0.12193398603371211,0.0,0.0,0.0,0.0,0.0,18473,global,0.0
1,1,lr1e-05_bs8_drop0p4_temp1p0_a0p25_b0p05__wd1e-04trmiss0_degmodglobal,8,1e-05,0.0001,0.4,1.0,0.25,0.05,lr1e-05_bs8_drop0p4_temp1p0_a0p25_b0p05__wd1e-04trmiss0_degmodglobal,16,0.6839452981948853,0.6551244854927063,0.7111111111111111,0.8770180436847106,0.5714285714285714,0.0,0.6324208378791809,0.6650768603597369,0.0470177557851587,0.14227985910006932,0.0,0.0,0.0,0.0,0.0,18473,global,0.0
1,1,lr1e-05_bs8_drop0p4_temp1p0_a0p25_b0p05__wd1e-04trmiss0_degmodglobal,8,1e-05,0.0001,0.4,1.0,0.25,0.05,lr1e-05_bs8_drop0p4_temp1p0_a0p25_b0p05__wd1e-04trmiss0_degmodglobal,17,0.6744421124458313,0.6572182476520538,0.7111111111111111,0.8770180436847106,0.6428571428571429,0.0,0.6436327184949603,0.6465745653424945,0.059706008593950956,0.2588210574218205,0.0,0.0,0.0,0.0,0.0,18473,global,0.0
1,1,lr1e-05_bs8_drop0p4_temp1p0_a0p25_b0p05__wd1e-04trmiss0_degmodglobal,8,1e-05,0.0001,0.4,1.0,0.25,0.05,lr1e-05_bs8_drop0p4_temp1p0_a0p25_b0p05__wd1e-04trmiss0_degmodglobal,18,0.6754521812711444,0.6565757989883423,0.6888888888888889,0.8651132817799485,0.6428571428571429,0.0,0.6082649443830762,0.6500646727425712,0.06445937869804245,0.1854531882064683,0.0,0.0,0.0,0.0,0.0,18473,global,0.0
1,1,lr1e-05_bs8_drop0p4_temp1p0_a0p25_b0p05__wd1e-04trmiss0_degmodglobal,8,1e-05,0.0001,0.4,1.0,0.25,0.05,lr1e-05_bs8_drop0p4_temp1p0_a0p25_b0p05__wd1e-04trmiss0_degmodglobal,19,0.6898403593472072,0.6559367775917053,0.711111111111111,0.8708112874779543,0.7142857142857143,0.0,0.6114447031702314,0.6654918278966632,0.05431231590253966,0.2154091569994177,0.0,0.0,0.0,0.0,0.0,18473,global,0.0
1,1,lr1e-05_bs8_drop0p4_temp1p0_a0p25_b0p05__wd1e-04trmiss0_degmodglobal,8,1e-05,0.0001,0.4,1.0,0.25,0.05,lr1e-05_bs8_drop0p4_temp1p0_a0p25_b0p05__wd1e-04trmiss0_degmodglobal,20,0.6638161965778896,0.65788733959198,0.711111111111111,0.8708112874779543,0.6428571428571429,0.0,0.6086025067738124,0.6427229813167027,0.04991049572293248,0.1723118376518999,0.0,0.0,0.0,0.0,0.0,18473,global,0.0
1,1,lr1e-05_bs8_drop0p4_temp1p0_a0p25_b0p05__wd1e-04trmiss0_degmodglobal,8,1e-05,0.0001,0.4,1.0,0.25,0.05,lr1e-05_bs8_drop0p4_temp1p0_a0p25_b0p05__wd1e-04trmiss0_degmodglobal,21,0.6656081846782139,0.6565625071525574,0.711111111111111,0.8708112874779543,0.6428571428571429,0.0,0.6119672570909772,0.6407666972705296,0.057758349393095286,0.20803778086389815,0.0,0.0,0.0,0.0,0.0,18473,global,0.0
1,1,lr1e-05_bs8_drop0p4_temp1p0_a0p25_b0p05__wd1e-04trmiss0_degmodglobal,8,1e-05,0.0001,0.4,1.0,0.25,0.05,lr1e-05_bs8_drop0p4_temp1p0_a0p25_b0p05__wd1e-04trmiss0_degmodglobal,22,0.6413301484925407,0.6589597463607788,0.7111111111111111,0.8770180436847106,0.6428571428571429,0.0,0.6119861262185233,0.6148003595215934,0.06435782888105937,0.20880650196756637,0.0,0.0,0.0,0.0,0.0,18473,global,0.0
1,1,lr1e-05_bs8_drop0p4_temp1p0_a0p25_b0p05__wd1e-04trmiss0_degmodglobal,8,1e-05,0.0001,0.4,1.0,0.25,0.05,lr1e-05_bs8_drop0p4_temp1p0_a0p25_b0p05__wd1e-04trmiss0_degmodglobal,23,0.6636360798563276,0.6593215763568878,0.7111111111111111,0.8770180436847106,0.5714285714285714,0.0,0.5959275705473763,0.6438070620809283,0.04873003411505904,0.15292981320193835,0.0,0.0,0.0,0.0,0.0,18473,global,0.0
1,1,lr1e-05_bs8_drop0p4_temp1p0_a0p25_b0p05__wd1e-04trmiss0_degmodglobal,8,1e-05,0.0001,0.4,1.0,0.25,0.05,lr1e-05_bs8_drop0p4_temp1p0_a0p25_b0p05__wd1e-04trmiss0_degmodglobal,24,0.6732981034687587,0.6572264134883881,0.7333333333333333,0.8827160493827162,0.5714285714285714,0.0,0.5898626020976475,0.6439819761684963,0.0710015914269856,0.23131442389317922,0.0,0.0,0.0,0.0,0.0,18473,global,0.0
1,1,lr1e-05_bs8_drop0p4_temp1p0_a0p25_b0p05__wd1e-04trmiss0_degmodglobal,8,1e-05,0.0001,0.4,1.0,0.25,0.05,lr1e-05_bs8_drop0p4_temp1p0_a0p25_b0p05__wd1e-04trmiss0_degmodglobal,25,0.6663840242794582,0.6562213599681854,0.7333333333333333,0.8827160493827162,0.5714285714285714,0.0,0.5949163522039141,0.6440205488886152,0.05495771659272058,0.17248091740267618,0.0,0.0,0.0,0.0,0.0,18473,global,0.0
1,1,lr1e-05_bs8_drop0p4_temp1p0_a0p25_b0p05__wd1e-04trmiss0_degmodglobal,8,1e-05,0.0001,0.4,1.0,0.25,0.05,lr1e-05_bs8_drop0p4_temp1p0_a0p25_b0p05__wd1e-04trmiss0_degmodglobal,26,0.6437530262129647,0.6566031873226166,0.7333333333333334,0.8750000000000002,0.6428571428571429,0.0,0.5992063369069781,0.6231881550380162,0.045920261314937046,0.18169645007167542,0.0,0.0,0.0,0.0,0.0,18473,global,0.0
1,1,lr1e-05_bs8_drop0p4_temp1p0_a0p25_b0p05__wd1e-04trmiss0_degmodglobal,8,1e-05,0.0001,0.4,1.0,0.25,0.05,lr1e-05_bs8_drop0p4_temp1p0_a0p25_b0p05__wd1e-04trmiss0_degmodglobal,27,0.6563362223761422,0.6562146544456482,0.6888888888888888,0.8419753086419755,0.6428571428571429,0.0,0.611982022012983,0.6310482706342425,0.0627219480063234,0.19214954652956553,0.0,0.0,0.0,0.0,0.0,18473,global,0.0
1,1,lr1e-05_bs8_drop0p4_temp1p0_a0p25_b0p05__wd1e-04trmiss0_degmodglobal,8,1e-05,0.0001,0.4,1.0,0.25,0.05,lr1e-05_bs8_drop0p4_temp1p0_a0p25_b0p05__wd1e-04trmiss0_degmodglobal,28,0.664742818900517,0.6563370227813721,0.711111111111111,0.8641975308641978,0.5714285714285714,0.0,0.599624331508364,0.6343523519379752,0.06978238693305425,0.2588972949555942,0.0,0.0,0.0,0.0,0.0,18473,global,0.0
1,1,lr1e-05_bs8_drop0p4_temp1p0_a0p25_b0p05__wd1e-04trmiss0_degmodglobal,8,1e-05,0.0001,0.4,1.0,0.25,0.05,lr1e-05_bs8_drop0p4_temp1p0_a0p25_b0p05__wd1e-04trmiss0_degmodglobal,29,0.6562358055795942,0.6581259965896606,0.711111111111111,0.8641975308641978,0.5714285714285714,0.0,0.5853594882147652,0.6270713550703866,0.06936795823276043,0.2364494012934821,0.0,0.0,0.0,0.0,0.0,18473,global,0.0
1,1,lr1e-05_bs8_drop0p4_temp1p0_a0p25_b0p05__wd1e-04trmiss0_degmodglobal,8,1e-05,0.0001,0.4,1.0,0.25,0.05,lr1e-05_bs8_drop0p4_temp1p0_a0p25_b0p05__wd1e-04trmiss0_degmodglobal,30,0.6486414500645229,0.6573627293109894,0.6666666666666666,0.8300705467372136,0.5714285714285714,0.0,0.6028965200696673,0.6216290422848293,0.05837664274232728,0.24836479553154536,0.0,0.0,0.0,0.0,0.0,18473,global,0.0
1,1,lr1e-05_bs8_drop0p4_temp2p0_a0p25_b0p05__wd1e-04trmiss0_degmodglobal,8,1e-05,0.0001,0.4,2.0,0.25,0.05,lr1e-05_bs8_drop0p4_temp2p0_a0p25_b0p05__wd1e-04trmiss0_degmodglobal,1,0.702958515712193,0.6757110357284546,0.5333333333333333,0.661892736892737,0.7142857142857143,0.0,0.6760974781853812,0.6818812830107552,0.06203282251954079,0.11138036953551429,0.0,0.0,0.0,0.0,0.0,18473,global,0.0
1,1,lr1e-05_bs8_drop0p4_temp2p0_a0p25_b0p05__wd1e-04trmiss0_degmodglobal,8,1e-05,0.0001,0.4,2.0,0.25,0.05,lr1e-05_bs8_drop0p4_temp2p0_a0p25_b0p05__wd1e-04trmiss0_degmodglobal,2,0.6695376719747271,0.6668948233127594,0.5555555555555556,0.6724747474747476,0.7142857142857143,0.0,0.6719597067151751,0.6461407882826669,0.06075423264077732,0.1641665611948286,0.0,0.0,0.0,0.0,0.0,18473,global,0.0
1,1,lr1e-05_bs8_drop0p4_temp2p0_a0p25_b0p05__wd1e-04trmiss0_degmodglobal,8,1e-05,0.0001,0.4,2.0,0.25,0.05,lr1e-05_bs8_drop0p4_temp2p0_a0p25_b0p05__wd1e-04trmiss0_degmodglobal,3,0.7030913829803467,0.6591741740703583,0.5777777777777777,0.7212842712842713,0.7142857142857143,0.0,0.7165429421833583,0.6786175114767892,0.06320467963814735,0.1734539610998971,0.0,0.0,0.0,0.0,0.0,18473,global,0.0
1,1,lr1e-05_bs8_drop0p4_temp2p0_a0p25_b0p05__wd1e-04trmiss0_degmodglobal,8,1e-05,0.0001,0.4,2.0,0.25,0.05,lr1e-05_bs8_drop0p4_temp2p0_a0p25_b0p05__wd1e-04trmiss0_degmodglobal,4,0.6799513867923191,0.6542345881462097,0.5777777777777777,0.7212842712842713,0.7142857142857143,0.0,0.6774343933377948,0.6602584293910435,0.05296042455094201,0.12905703165701457,0.0,0.0,0.0,0.0,0.0,18473,global,0.0
1,1,lr1e-05_bs8_drop0p4_temp2p0_a0p25_b0p05__wd1e-04trmiss0_degmodglobal,8,1e-05,0.0001,0.4,2.0,0.25,0.05,lr1e-05_bs8_drop0p4_temp2p0_a0p25_b0p05__wd1e-04trmiss0_degmodglobal,5,0.6917630774634225,0.6505798399448395,0.6,0.7305435305435306,0.7142857142857143,0.0,0.663185042994363,0.6599937081336975,0.08171253757817405,0.2268246284552983,0.0,0.0,0.0,0.0,0.0,18473,global,0.0
1,1,lr1e-05_bs8_drop0p4_temp2p0_a0p25_b0p05__wd1e-04trmiss0_degmodglobal,8,1e-05,0.0001,0.4,2.0,0.25,0.05,lr1e-05_bs8_drop0p4_temp2p0_a0p25_b0p05__wd1e-04trmiss0_degmodglobal,6,0.6700237478528704,0.6452000141143799,0.6222222222222222,0.7675805675805676,0.7142857142857143,0.0,0.668972202709743,0.6435530270848956,0.07454174597348485,0.15670579884733474,0.0,0.0,0.0,0.0,0.0,18473,global,0.0
1,1,lr1e-05_bs8_drop0p4_temp2p0_a0p25_b0p05__wd1e-04trmiss0_degmodglobal,8,1e-05,0.0001,0.4,2.0,0.25,0.05,lr1e-05_bs8_drop0p4_temp2p0_a0p25_b0p05__wd1e-04trmiss0_degmodglobal,7,0.6719218577657428,0.6472745835781097,0.6,0.7305435305435306,0.7142857142857143,0.0,0.6835130197661263,0.642711341381073,0.0804208969431264,0.18210596005831445,0.0,0.0,0.0,0.0,0.0,18473,global,0.0
1,1,lr1e-05_bs8_drop0p4_temp2p0_a0p25_b0p05__wd1e-04trmiss0_degmodglobal,8,1e-05,0.0001,0.4,2.0,0.25,0.05,lr1e-05_bs8_drop0p4_temp2p0_a0p25_b0p05__wd1e-04trmiss0_degmodglobal,8,0.6523136241095406,0.6407634615898132,0.6444444444444444,0.7762225428892096,0.7142857142857143,0.0,0.6678116321563721,0.6268117938722882,0.0689581111073494,0.1652459938611303,0.0,0.0,0.0,0.0,0.0,18473,global,0.0
1,1,lr1e-05_bs8_drop0p4_temp2p0_a0p25_b0p05__wd1e-04trmiss0_degmodglobal,8,1e-05,0.0001,0.4,2.0,0.25,0.05,lr1e-05_bs8_drop0p4_temp2p0_a0p25_b0p05__wd1e-04trmiss0_degmodglobal,9,0.6749235221317836,0.6453130841255188,0.6222222222222222,0.7675805675805676,0.7142857142857143,0.0,0.6619426522936139,0.6520817705563137,0.05996825013841901,0.15699389364038194,0.0,0.0,0.0,0.0,0.0,18473,global,0.0
1,1,lr1e-05_bs8_drop0p4_temp2p0_a0p25_b0p05__wd1e-04trmiss0_degmodglobal,8,1e-05,0.0001,0.4,2.0,0.25,0.05,lr1e-05_bs8_drop0p4_temp2p0_a0p25_b0p05__wd1e-04trmiss0_degmodglobal,10,0.6479950887816293,0.6475099623203278,0.6,0.7305435305435306,0.7142857142857143,0.0,0.6333080615316119,0.6233020680291312,0.06416877572025571,0.17301627887146814,0.0,0.0,0.0,0.0,0.0,18473,global,0.0
1,1,lr1e-05_bs8_drop0p4_temp2p0_a0p25_b0p05__wd1e-04trmiss0_degmodglobal,8,1e-05,0.0001,0.4,2.0,0.25,0.05,lr1e-05_bs8_drop0p4_temp2p0_a0p25_b0p05__wd1e-04trmiss0_degmodglobal,11,0.6942271334784371,0.6476815640926361,0.6,0.7305435305435306,0.7142857142857143,0.0,0.6586605480739048,0.6754216722079686,0.05086640853966985,0.12177719069378716,0.0,0.0,0.0,0.0,0.0,18473,global,0.0
1,1,lr1e-05_bs8_drop0p4_temp2p0_a0p25_b0p05__wd1e-04trmiss0_degmodglobal,8,1e-05,0.0001,0.4,2.0,0.25,0.05,lr1e-05_bs8_drop0p4_temp2p0_a0p25_b0p05__wd1e-04trmiss0_degmodglobal,12,0.6572680132729667,0.6521570682525635,0.6,0.7305435305435306,0.7142857142857143,0.0,0.6564159904207502,0.6326144848551069,0.06247930920549801,0.18067445925303868,0.0,0.0,0.0,0.0,0.0,18473,global,0.0
1,1,lr1e-05_bs8_drop0p4_temp2p0_a0p25_b0p05__wd1e-04trmiss0_degmodglobal,8,1e-05,0.0001,0.4,2.0,0.25,0.05,lr1e-05_bs8_drop0p4_temp2p0_a0p25_b0p05__wd1e-04trmiss0_degmodglobal,13,0.6517586622919355,0.6508921682834625,0.5777777777777777,0.7212842712842713,0.7142857142857143,0.0,0.6409614852496556,0.627710086958749,0.07221786518182073,0.11988179891237191,0.0,0.0,0.0,0.0,0.0,18473,global,0.0
1,1,lr1e-05_bs8_drop0p4_temp2p0_a0p25_b0p05__wd1e-04trmiss0_degmodglobal,8,1e-05,0.0001,0.4,2.0,0.25,0.05,lr1e-05_bs8_drop0p4_temp2p0_a0p25_b0p05__wd1e-04trmiss0_degmodglobal,14,0.6459052818162101,0.6506017446517944,0.5777777777777777,0.7519110519110519,0.7142857142857143,0.0,0.6341308866228376,0.6204602462904794,0.0673072620161942,0.17236400289194925,0.0,0.0,0.0,0.0,0.0,18473,global,0.0
1,1,lr1e-05_bs8_drop0p4_temp2p0_a0p25_b0p05__wd1e-04trmiss0_degmodglobal,8,1e-05,0.0001,0.4,2.0,0.25,0.05,lr1e-05_bs8_drop0p4_temp2p0_a0p25_b0p05__wd1e-04trmiss0_degmodglobal,15,0.669026860169002,0.6446373462677002,0.5777777777777777,0.7519110519110519,0.7142857142857143,0.0,0.6303807241576058,0.6447075264794486,0.06503308564424515,0.16122115616287505,0.0,0.0,0.0,0.0,0.0,18473,global,0.0
1,1,lr1e-05_bs8_drop0p4_temp2p0_a0p25_b0p05__wd1e-04trmiss0_degmodglobal,8,1e-05,0.0001,0.4,2.0,0.25,0.05,lr1e-05_bs8_drop0p4_temp2p0_a0p25_b0p05__wd1e-04trmiss0_degmodglobal,16,0.658312371798924,0.6458219587802887,0.5777777777777777,0.7519110519110519,0.7142857142857143,0.0,0.6144410627228873,0.6305394428116935,0.06991331279277802,0.2058922584567751,0.0,0.0,0.0,0.0,0.0,18473,global,0.0
1,1,lr1e-05_bs8_drop0p4_temp2p0_a0p25_b0p05__wd1e-04trmiss0_degmodglobal,8,1e-05,0.0001,0.4,2.0,0.25,0.05,lr1e-05_bs8_drop0p4_temp2p0_a0p25_b0p05__wd1e-04trmiss0_degmodglobal,17,0.6614180632999965,0.644357442855835,0.5777777777777777,0.7519110519110519,0.7142857142857143,0.0,0.6130308679171971,0.634848415851593,0.06832355899470192,0.18977511887039458,0.0,0.0,0.0,0.0,0.0,18473,global,0.0
1,1,lr1e-05_bs8_drop0p4_temp2p0_a0p25_b0p05__wd1e-04trmiss0_degmodglobal,8,1e-05,0.0001,0.4,2.0,0.25,0.05,lr1e-05_bs8_drop0p4_temp2p0_a0p25_b0p05__wd1e-04trmiss0_degmodglobal,18,0.6577558517456055,0.6445457935333252,0.5777777777777777,0.7519110519110519,0.7142857142857143,0.0,0.6414394889559064,0.6350228105272565,0.06173049019915717,0.14600821478026255,0.0,0.0,0.0,0.0,0.0,18473,global,0.0
1,1,lr1e-05_bs8_drop0p4_temp2p0_a0p25_b0p05__wd1e-04trmiss0_degmodglobal,8,1e-05,0.0001,0.4,2.0,0.25,0.05,lr1e-05_bs8_drop0p4_temp2p0_a0p25_b0p05__wd1e-04trmiss0_degmodglobal,19,0.6578922271728516,0.6406583189964294,0.6,0.7611703111703112,0.7142857142857143,0.0,0.6421540209225246,0.6332985843930926,0.06191128332700048,0.18231653422117233,0.0,0.0,0.0,0.0,0.0,18473,global,0.0
1,1,lr1e-05_bs8_drop0p4_temp2p0_a0p25_b0p05__wd1e-04trmiss0_degmodglobal,8,1e-05,0.0001,0.4,2.0,0.25,0.05,lr1e-05_bs8_drop0p4_temp2p0_a0p25_b0p05__wd1e-04trmiss0_degmodglobal,20,0.6323491505214146,0.6399655342102051,0.6,0.7685777185777187,0.7142857142857143,0.0,0.6103407570293972,0.6085068242890495,0.05852232500910759,0.18423489587647573,0.0,0.0,0.0,0.0,0.0,18473,global,0.0
1,1,lr1e-05_bs8_drop0p4_temp2p0_a0p25_b0p05__wd1e-04trmiss0_degmodglobal,8,1e-05,0.0001,0.4,2.0,0.25,0.05,lr1e-05_bs8_drop0p4_temp2p0_a0p25_b0p05__wd1e-04trmiss0_degmodglobal,21,0.6470129489898682,0.6405431628227234,0.6444444444444444,0.7966200466200468,0.7142857142857143,0.0,0.6159142085484096,0.6267939465386527,0.05340206144111497,0.13736992010048457,0.0,0.0,0.0,0.0,0.0,18473,global,0.0
1,1,lr1e-05_bs8_drop0p4_temp2p0_a0p25_b0p05__wd1e-04trmiss0_degmodglobal,8,1e-05,0.0001,0.4,2.0,0.25,0.05,lr1e-05_bs8_drop0p4_temp2p0_a0p25_b0p05__wd1e-04trmiss0_degmodglobal,22,0.6432473489216396,0.6409801840782166,0.6222222222222222,0.7833925333925336,0.7142857142857143,0.0,0.6058352504457746,0.6192968572889056,0.06813177253518786,0.13835135953766958,0.0,0.0,0.0,0.0,0.0,18473,global,0.0
1,1,lr1e-05_bs8_drop0p4_temp2p0_a0p25_b0p05__wd1e-04trmiss0_degmodglobal,8,1e-05,0.0001,0.4,2.0,0.25,0.05,lr1e-05_bs8_drop0p4_temp2p0_a0p25_b0p05__wd1e-04trmiss0_degmodglobal,23,0.632141615663256,0.6403072774410248,0.6666666666666666,0.8058793058793059,0.7142857142857143,0.0,0.5901776807648795,0.6070984516824994,0.0690186337700912,0.15577014588883945,0.0,0.0,0.0,0.0,0.0,18473,global,0.0
1,1,lr1e-05_bs8_drop0p4_temp2p0_a0p25_b0p05__wd1e-04trmiss0_degmodglobal,8,1e-05,0.0001,0.4,2.0,0.25,0.05,lr1e-05_bs8_drop0p4_temp2p0_a0p25_b0p05__wd1e-04trmiss0_degmodglobal,24,0.6288423197610038,0.6406200230121613,0.6666666666666666,0.8058793058793059,0.7142857142857143,0.0,0.5776545235088894,0.6071436064583915,0.0635549585734095,0.11619948276451655,0.0,0.0,0.0,0.0,0.0,18473,global,0.0
1,1,lr1e-05_bs8_drop0p4_temp2p0_a0p25_b0p05__wd1e-04trmiss0_degmodglobal,8,1e-05,0.0001,0.4,2.0,0.25,0.05,lr1e-05_bs8_drop0p4_temp2p0_a0p25_b0p05__wd1e-04trmiss0_degmodglobal,25,0.6641291124480111,0.6397914290428162,0.6888888888888889,0.817784067784068,0.7142857142857143,0.0,0.5928208913121905,0.6399996450969151,0.062396417771066935,0.17060731883559907,0.0,0.0,0.0,0.0,0.0,18473,global,0.0
1,1,lr1e-05_bs8_drop0p4_temp2p0_a0p25_b0p05__wd1e-04trmiss0_degmodglobal,8,1e-05,0.0001,0.4,2.0,0.25,0.05,lr1e-05_bs8_drop0p4_temp2p0_a0p25_b0p05__wd1e-04trmiss0_degmodglobal,26,0.6275559323174613,0.6367504000663757,0.6888888888888889,0.8336570836570838,0.7142857142857143,0.0,0.5985092222690582,0.6071151835577828,0.054639955184289386,0.13561527909977095,0.0,0.0,0.0,0.0,0.0,18473,global,0.0
1,1,lr1e-05_bs8_drop0p4_temp2p0_a0p25_b0p05__wd1e-04trmiss0_degmodglobal,8,1e-05,0.0001,0.4,2.0,0.25,0.05,lr1e-05_bs8_drop0p4_temp2p0_a0p25_b0p05__wd1e-04trmiss0_degmodglobal,27,0.636587883744921,0.6384735405445099,0.6888888888888889,0.8336570836570838,0.7142857142857143,0.0,0.6032239624432155,0.6125554697854179,0.06477343450699534,0.1567810390676771,0.0,0.0,0.0,0.0,0.0,18473,global,0.0
1,1,lr1e-05_bs8_drop0p4_temp2p0_a0p25_b0p05__wd1e-04trmiss0_degmodglobal,8,1e-05,0.0001,0.4,2.0,0.25,0.05,lr1e-05_bs8_drop0p4_temp2p0_a0p25_b0p05__wd1e-04trmiss0_degmodglobal,28,0.6539068988391331,0.6376557946205139,0.6666666666666666,0.8058793058793059,0.7142857142857143,0.0,0.6173124653952462,0.6337788275309971,0.05281196853944233,0.13850156217813492,0.0,0.0,0.0,0.0,0.0,18473,global,0.0
1,1,lr1e-05_bs8_drop0p4_temp2p0_a0p25_b0p05__wd1e-04trmiss0_degmodglobal,8,1e-05,0.0001,0.4,2.0,0.25,0.05,lr1e-05_bs8_drop0p4_temp2p0_a0p25_b0p05__wd1e-04trmiss0_degmodglobal,29,0.6206312009266445,0.638919323682785,0.6444444444444445,0.7926517926517926,0.7142857142857143,0.0,0.6139991879463196,0.6013719354357038,0.054580947650330405,0.11228054442575999,0.0,0.0,0.0,0.0,0.0,18473,global,0.0
1,1,lr1e-05_bs8_drop0p4_temp2p0_a0p25_b0p05__wd1e-04trmiss0_degmodglobal,8,1e-05,0.0001,0.4,2.0,0.25,0.05,lr1e-05_bs8_drop0p4_temp2p0_a0p25_b0p05__wd1e-04trmiss0_degmodglobal,30,0.6348856772695269,0.6376787424087524,0.6666666666666666,0.8058793058793059,0.7142857142857143,0.0,0.6035565733909607,0.6124903389385769,0.06331766928945269,0.13131856279713766,0.0,0.0,0.0,0.0,0.0,18473,global,0.0
1,1,lr1e-05_bs8_drop0p4_temp2p0_a0p25_b0p05__wd1e-04trmiss0_degmodglobal,8,1e-05,0.0001,0.4,2.0,0.25,0.05,lr1e-05_bs8_drop0p4_temp2p0_a0p25_b0p05__wd1e-04trmiss0_degmodglobal,31,0.6408509526933942,0.6360025703907013,0.6444444444444444,0.7966200466200468,0.7142857142857143,0.0,0.6059489931379046,0.6134484665734428,0.07129177078604698,0.1915909115757261,0.0,0.0,0.0,0.0,0.0,18473,global,0.0
1,1,lr1e-05_bs8_drop0p4_temp2p0_a0p25_b0p05__wd1e-04trmiss0_degmodglobal,8,1e-05,0.0001,0.4,2.0,0.25,0.05,lr1e-05_bs8_drop0p4_temp2p0_a0p25_b0p05__wd1e-04trmiss0_degmodglobal,32,0.6236927509307861,0.6378220617771149,0.6444444444444445,0.7926517926517926,0.7142857142857143,0.0,0.5756632515362331,0.598472705909184,0.06569500640034676,0.1759259562407221,0.0,0.0,0.0,0.0,0.0,18473,global,0.0
1,1,lr1e-05_bs8_drop0p4_temp2p0_a0p25_b0p05__wd1e-04trmiss0_degmodglobal,8,1e-05,0.0001,0.4,2.0,0.25,0.05,lr1e-05_bs8_drop0p4_temp2p0_a0p25_b0p05__wd1e-04trmiss0_degmodglobal,33,0.620336081300463,0.63541379570961,0.6888888888888889,0.8426517926517927,0.7142857142857143,0.0,0.6051815237317767,0.5999638608523777,0.05579225133572306,0.1284830261554037,0.0,0.0,0.0,0.0,0.0,18473,global,0.0
1,1,lr1e-05_bs8_drop0p4_temp2p0_a0p25_b0p05__wd1e-04trmiss0_degmodglobal,8,1e-05,0.0001,0.4,2.0,0.25,0.05,lr1e-05_bs8_drop0p4_temp2p0_a0p25_b0p05__wd1e-04trmiss0_degmodglobal,34,0.643867484160832,0.6372735798358917,0.6444444444444445,0.7926517926517926,0.7142857142857143,0.0,0.5704645386763981,0.614153938634055,0.07384420984557696,0.22504994060311997,0.0,0.0,0.0,0.0,0.0,18473,global,0.0
1,1,lr1e-05_bs8_drop0p4_temp2p0_a0p25_b0p05__wd1e-04trmiss0_degmodglobal,8,1e-05,0.0001,0.4,2.0,0.25,0.05,lr1e-05_bs8_drop0p4_temp2p0_a0p25_b0p05__wd1e-04trmiss0_degmodglobal,35,0.6520820600645882,0.6398838460445404,0.6888888888888889,0.8426517926517927,0.7142857142857143,0.0,0.5725603188787188,0.6222986238343375,0.07831324211188725,0.20410232352358954,0.0,0.0,0.0,0.0,0.0,18473,global,0.0
1,1,lr1e-05_bs8_drop0p4_temp2p0_a0p25_b0p05__wd1e-04trmiss0_degmodglobal,8,1e-05,0.0001,0.4,2.0,0.25,0.05,lr1e-05_bs8_drop0p4_temp2p0_a0p25_b0p05__wd1e-04trmiss0_degmodglobal,36,0.6459691439356122,0.6378744840621948,0.6888888888888889,0.8466200466200469,0.7142857142857143,0.0,0.600816147668021,0.6213848676000323,0.0668388982968671,0.15749100861804827,0.0,0.0,0.0,0.0,0.0,18473,global,0.0
1,1,lr1e-05_bs8_drop0p4_temp2p0_a0p25_b0p05__wd1e-04trmiss0_degmodglobal,8,1e-05,0.0001,0.4,2.0,0.25,0.05,lr1e-05_bs8_drop0p4_temp2p0_a0p25_b0p05__wd1e-04trmiss0_degmodglobal,37,0.6086540647915432,0.6327313780784607,0.7777777777777778,0.9021756021756022,0.7142857142857143,0.0,0.6009434120995658,0.5820458786828178,0.07115649006196431,0.17638140065329416,0.0,0.0,0.0,0.0,0.0,18473,global,0.0
1,1,lr1e-05_bs8_drop0p4_temp2p0_a0p25_b0p05__wd1e-04trmiss0_degmodglobal,8,1e-05,0.0001,0.4,2.0,0.25,0.05,lr1e-05_bs8_drop0p4_temp2p0_a0p25_b0p05__wd1e-04trmiss0_degmodglobal,38,0.6653870599610465,0.6309805512428284,0.7555555555555555,0.8863025863025864,0.7142857142857143,0.0,0.5835510151726859,0.6373835546629769,0.07862173765897751,0.1669614857860974,0.0,0.0,0.0,0.0,0.0,18473,global,0.0
1,1,lr1e-05_bs8_drop0p4_temp2p0_a0p25_b0p05__wd1e-04trmiss0_degmodglobal,8,1e-05,0.0001,0.4,2.0,0.25,0.05,lr1e-05_bs8_drop0p4_temp2p0_a0p25_b0p05__wd1e-04trmiss0_degmodglobal,39,0.6288684010505676,0.6302777826786041,0.7555555555555555,0.8863025863025864,0.7142857142857143,0.0,0.5621804424694606,0.6065532990864345,0.06174640251057489,0.1375703141093254,0.0,0.0,0.0,0.0,0.0,18473,global,0.0
1,1,lr1e-05_bs8_drop0p4_temp2p0_a0p25_b0p05__wd1e-04trmiss0_degmodglobal,8,1e-05,0.0001,0.4,2.0,0.25,0.05,lr1e-05_bs8_drop0p4_temp2p0_a0p25_b0p05__wd1e-04trmiss0_degmodglobal,40,0.6427927442959377,0.6304946541786194,0.7555555555555555,0.8863025863025864,0.7142857142857143,0.0,0.5746927857398987,0.6122031552450997,0.07915687986782619,0.21600736571209772,0.0,0.0,0.0,0.0,0.0,18473,global,0.0
1,1,lr1e-05_bs8_drop0p4_temp2p0_a0p25_b0p05__wd1e-04trmiss0_degmodglobal,8,1e-05,0.0001,0.4,2.0,0.25,0.05,lr1e-05_bs8_drop0p4_temp2p0_a0p25_b0p05__wd1e-04trmiss0_degmodglobal,41,0.6413679037775312,0.6289538145065308,0.7333333333333333,0.867784067784068,0.7142857142857143,0.0,0.5733013153076172,0.6057539241654533,0.0921291575900146,0.25163362600973677,0.0,0.0,0.0,0.0,0.0,18473,global,0.0
1,1,lr1e-05_bs8_drop0p4_temp2p0_a0p25_b0p05__wd1e-04trmiss0_degmodglobal,8,1e-05,0.0001,0.4,2.0,0.25,0.05,lr1e-05_bs8_drop0p4_temp2p0_a0p25_b0p05__wd1e-04trmiss0_degmodglobal,42,0.6303204894065857,0.6263663470745087,0.7555555555555555,0.8863025863025864,0.7142857142857143,0.0,0.5548123802457537,0.599568384034293,0.08125512568014008,0.20876669777291162,0.0,0.0,0.0,0.0,0.0,18473,global,0.0
1,1,lr1e-05_bs8_drop0p4_temp2p0_a0p25_b0p05__wd1e-04trmiss0_degmodglobal,8,1e-05,0.0001,0.4,2.0,0.25,0.05,lr1e-05_bs8_drop0p4_temp2p0_a0p25_b0p05__wd1e-04trmiss0_degmodglobal,43,0.6260727388518197,0.6238045692443848,0.7333333333333333,0.8743978243978245,0.7142857142857143,0.0,0.5717927983828953,0.5932499936648777,0.08988675900868007,0.20702125983578817,0.0,0.0,0.0,0.0,0.0,18473,global,0.0
1,1,lr1e-05_bs8_drop0p4_temp2p0_a0p25_b0p05__wd1e-04trmiss0_degmodglobal,8,1e-05,0.0001,0.4,2.0,0.25,0.05,lr1e-05_bs8_drop0p4_temp2p0_a0p25_b0p05__wd1e-04trmiss0_degmodglobal,44,0.624411404132843,0.6248443126678467,0.7555555555555555,0.8863025863025864,0.7142857142857143,0.0,0.5771338854517255,0.6030291318893433,0.061398140021732876,0.12065488206488746,0.0,0.0,0.0,0.0,0.0,18473,global,0.0
1,1,lr1e-05_bs8_drop0p4_temp2p0_a0p25_b0p05__wd1e-04trmiss0_degmodglobal,8,1e-05,0.0001,0.4,2.0,0.25,0.05,lr1e-05_bs8_drop0p4_temp2p0_a0p25_b0p05__wd1e-04trmiss0_degmodglobal,45,0.6218121988432748,0.6244224309921265,0.7333333333333333,0.867784067784068,0.7142857142857143,0.0,0.5757728389331273,0.6024970497403827,0.05697274474161012,0.10143910561289106,0.0,0.0,0.0,0.0,0.0,18473,global,0.0
1,1,lr1e-05_bs8_drop0p4_temp2p0_a0p25_b0p05__wd1e-04trmiss0_degmodglobal,8,1e-05,0.0001,0.4,2.0,0.25,0.05,lr1e-05_bs8_drop0p4_temp2p0_a0p25_b0p05__wd1e-04trmiss0_degmodglobal,46,0.6263198001044137,0.6221581995487213,0.7555555555555555,0.8863025863025864,0.7142857142857143,0.0,0.5391006256852832,0.6013925075531006,0.06708070210048131,0.16314244163887842,0.0,0.0,0.0,0.0,0.0,18473,global,0.0
1,1,lr1e-05_bs8_drop0p4_temp2p0_a0p25_b0p05__wd1e-04trmiss0_degmodglobal,8,1e-05,0.0001,0.4,2.0,0.25,0.05,lr1e-05_bs8_drop0p4_temp2p0_a0p25_b0p05__wd1e-04trmiss0_degmodglobal,47,0.6123078210013253,0.6177204549312592,0.7777777777777778,0.8949445616112284,0.7142857142857143,0.0,0.5573415500777108,0.590546326977866,0.06323544255324773,0.11905302639518466,0.0,0.0,0.0,0.0,0.0,18473,global,0.0
1,1,lr1e-05_bs8_drop0p4_temp2p0_a0p25_b0p05__wd1e-04trmiss0_degmodglobal,8,1e-05,0.0001,0.4,2.0,0.25,0.05,lr1e-05_bs8_drop0p4_temp2p0_a0p25_b0p05__wd1e-04trmiss0_degmodglobal,48,0.6060827374458313,0.6198840737342834,0.7777777777777778,0.8949445616112284,0.7142857142857143,0.0,0.5485174485615322,0.5824714303016663,0.06572048046759196,0.14362374054534094,0.0,0.0,0.0,0.0,0.0,18473,global,0.0
1,1,lr1e-05_bs8_drop0p4_temp2p0_a0p25_b0p05__wd1e-04trmiss0_degmodglobal,8,1e-05,0.0001,0.4,2.0,0.25,0.05,lr1e-05_bs8_drop0p4_temp2p0_a0p25_b0p05__wd1e-04trmiss0_degmodglobal,49,0.6073477012770516,0.6260674595832825,0.7777777777777778,0.8949445616112284,0.7142857142857143,0.0,0.5205151821885791,0.5790579829897199,0.07630153905068125,0.184286573103496,0.0,0.0,0.0,0.0,0.0,18473,global,0.0
1,1,lr1e-05_bs8_drop0p4_temp2p0_a0p25_b0p05__wd1e-04trmiss0_degmodglobal,8,1e-05,0.0001,0.4,2.0,0.25,0.05,lr1e-05_bs8_drop0p4_temp2p0_a0p25_b0p05__wd1e-04trmiss0_degmodglobal,50,0.6020432880946568,0.6245467066764832,0.7777777777777778,0.8949445616112284,0.7142857142857143,0.0,0.5541273525782994,0.5761599200112479,0.0689270868897438,0.17303199853215898,0.0,0.0,0.0,0.0,0.0,18473,global,0.0
1,1,lr1e-05_bs8_drop0p4_temp2p0_a0p25_b0p05__wd1e-04trmiss0_degmodglobal,8,1e-05,0.0001,0.4,2.0,0.25,0.05,lr1e-05_bs8_drop0p4_temp2p0_a0p25_b0p05__wd1e-04trmiss0_degmodglobal,51,0.6559769936970302,0.6278703212738037,0.7555555555555555,0.8863025863025864,0.7142857142857143,0.0,0.577430955001286,0.6275834526334491,0.07236171726669584,0.2060622519680432,0.0,0.0,0.0,0.0,0.0,18473,global,0.0
1,1,lr1e-05_bs8_drop0p4_temp2p0_a0p25_b0p05__wd1e-04trmiss0_degmodglobal,8,1e-05,0.0001,0.4,2.0,0.25,0.05,lr1e-05_bs8_drop0p4_temp2p0_a0p25_b0p05__wd1e-04trmiss0_degmodglobal,52,0.610512273652213,0.6314122676849365,0.7333333333333333,0.867784067784068,0.7142857142857143,0.0,0.5777279223714556,0.5852918028831482,0.06561378708907536,0.1763405885015215,0.0,0.0,0.0,0.0,0.0,18473,global,0.0
1,1,lr1e-05_bs8_drop0p4_temp2p0_a0p25_b0p05__wd1e-04trmiss0_degmodglobal,8,1e-05,0.0001,0.4,2.0,0.25,0.05,lr1e-05_bs8_drop0p4_temp2p0_a0p25_b0p05__wd1e-04trmiss0_degmodglobal,53,0.6079534036772591,0.629723995923996,0.7777777777777778,0.8949445616112284,0.7142857142857143,0.0,0.5313696435519627,0.5775675177574158,0.0842980689236096,0.18622732481786183,0.0,0.0,0.0,0.0,0.0,18473,global,0.0
1,1,lr1e-05_bs8_drop0p4_temp2p0_a0p25_b0p05__wd1e-04trmiss0_degmodglobal,8,1e-05,0.0001,0.4,2.0,0.25,0.05,lr1e-05_bs8_drop0p4_temp2p0_a0p25_b0p05__wd1e-04trmiss0_degmodglobal,54,0.6372797063418797,0.6284750998020172,0.7333333333333333,0.867784067784068,0.6428571428571429,0.0,0.582519143819809,0.6100203990936279,0.0735204948910645,0.1775841505399772,0.0,0.0,0.0,0.0,0.0,18473,global,0.0
1,1,lr1e-05_bs8_drop0p4_temp2p0_a0p25_b0p05__wd1e-04trmiss0_degmodglobal,8,1e-05,0.0001,0.4,2.0,0.25,0.05,lr1e-05_bs8_drop0p4_temp2p0_a0p25_b0p05__wd1e-04trmiss0_degmodglobal,55,0.6084646923201424,0.6253404021263123,0.7555555555555555,0.8863025863025864,0.7142857142857143,0.0,0.5497653995241437,0.5815074443817139,0.0736568064561912,0.1708611814039094,0.0,0.0,0.0,0.0,0.0,18473,global,0.0
1,1,lr1e-05_bs8_drop0p4_temp2p0_a0p25_b0p05__wd1e-04trmiss0_degmodglobal,8,1e-05,0.0001,0.4,2.0,0.25,0.05,lr1e-05_bs8_drop0p4_temp2p0_a0p25_b0p05__wd1e-04trmiss0_degmodglobal,56,0.6313938753945487,0.6259761452674866,0.7333333333333333,0.867784067784068,0.7142857142857143,0.0,0.5350611848490578,0.6021787013326373,0.07921467136059489,0.18823005152600153,0.0,0.0,0.0,0.0,0.0,18473,global,0.0
1,1,lr1e-05_bs8_drop0p4_temp2p0_a0p25_b0p05__wd1e-04trmiss0_degmodglobal,8,1e-05,0.0001,0.4,2.0,0.25,0.05,lr1e-05_bs8_drop0p4_temp2p0_a0p25_b0p05__wd1e-04trmiss0_degmodglobal,57,0.603176644870213,0.6227719187736511,0.7777777777777778,0.8949445616112284,0.7142857142857143,0.0,0.560838622706277,0.5798819575990949,0.07071328535676003,0.11232747456857137,0.0,0.0,0.0,0.0,0.0,18473,global,0.0
1,1,lr1e-05_bs8_drop0p4_temp2p0_a0p25_b0p05__wd1e-04trmiss0_degmodglobal,8,1e-05,0.0001,0.4,2.0,0.25,0.05,lr1e-05_bs8_drop0p4_temp2p0_a0p25_b0p05__wd1e-04trmiss0_degmodglobal,58,0.6264364889689854,0.6197855472564697,0.7555555555555555,0.8830397997064665,0.7142857142857143,0.0,0.5536995019231524,0.5960851907730103,0.08346428935016904,0.18970438838005066,0.0,0.0,0.0,0.0,0.0,18473,global,0.0
1,1,lr1e-05_bs8_drop0p4_temp2p0_a0p25_b0p05__wd1e-04trmiss0_degmodglobal,8,1e-05,0.0001,0.4,2.0,0.25,0.05,lr1e-05_bs8_drop0p4_temp2p0_a0p25_b0p05__wd1e-04trmiss0_degmodglobal,59,0.6282283663749695,0.6185727417469025,0.7555555555555555,0.8830397997064665,0.6428571428571429,0.0,0.5396914226668221,0.599271263395037,0.07291008425610405,0.2145916447043419,0.0,0.0,0.0,0.0,0.0,18473,global,0.0
1,1,lr1e-05_bs8_drop0p4_temp2p0_a0p25_b0p05__wd1e-04trmiss0_degmodglobal,8,1e-05,0.0001,0.4,2.0,0.25,0.05,lr1e-05_bs8_drop0p4_temp2p0_a0p25_b0p05__wd1e-04trmiss0_degmodglobal,60,0.5991468599864415,0.6194213628768921,0.7333333333333333,0.8743978243978245,0.6428571428571429,0.0,0.5736757857458932,0.5754924671990531,0.06461185642651149,0.15002846611397608,0.0,0.0,0.0,0.0,0.0,18473,global,0.0
1,1,lr1e-05_bs8_drop0p4_temp2p0_a0p25_b0p05__wd1e-04trmiss0_degmodglobal,8,1e-05,0.0001,0.4,2.0,0.25,0.05,lr1e-05_bs8_drop0p4_temp2p0_a0p25_b0p05__wd1e-04trmiss0_degmodglobal,61,0.6131113597324916,0.6210314333438873,0.7555555555555555,0.87642604309271,0.7142857142857143,0.0,0.5612940617970058,0.5908368825912476,0.06529200396367482,0.11902972097907748,0.0,0.0,0.0,0.0,0.0,18473,global,0.0
1,1,lr1e-05_bs8_drop0p4_temp2p0_a0p25_b0p05__wd1e-04trmiss0_degmodglobal,8,1e-05,0.0001,0.4,2.0,0.25,0.05,lr1e-05_bs8_drop0p4_temp2p0_a0p25_b0p05__wd1e-04trmiss0_degmodglobal,62,0.6207547869001117,0.6237683892250061,0.7555555555555555,0.87642604309271,0.7142857142857143,0.0,0.5521950508866992,0.5951598286628723,0.07328175327607564,0.1454907762152808,0.0,0.0,0.0,0.0,0.0,18473,global,0.0
1,1,lr1e-05_bs8_drop0p4_temp2p0_a0p25_b0p05__wd1e-04trmiss0_degmodglobal,8,1e-05,0.0001,0.4,2.0,0.25,0.05,lr1e-05_bs8_drop0p4_temp2p0_a0p25_b0p05__wd1e-04trmiss0_degmodglobal,63,0.612452004637037,0.6219787001609802,0.8,0.9030253696920365,0.7142857142857143,0.0,0.5478585532733372,0.5818713818277631,0.08512523983206068,0.18598629321370805,0.0,0.0,0.0,0.0,0.0,18473,global,0.0
1,1,lr1e-05_bs8_drop0p4_temp2p0_a0p25_b0p05__wd1e-04trmiss0_degmodglobal,8,1e-05,0.0001,0.4,2.0,0.25,0.05,lr1e-05_bs8_drop0p4_temp2p0_a0p25_b0p05__wd1e-04trmiss0_degmodglobal,64,0.6148208209446498,0.6231202483177185,0.7777777777777778,0.8845068511735181,0.7142857142857143,0.0,0.5531784636633736,0.5880023241043091,0.0738846766097205,0.16694637387990952,0.0,0.0,0.0,0.0,0.0,18473,global,0.0
1,1,lr1e-05_bs8_drop0p4_temp2p0_a0p25_b0p05__wd1e-04trmiss0_degmodglobal,8,1e-05,0.0001,0.4,2.0,0.25,0.05,lr1e-05_bs8_drop0p4_temp2p0_a0p25_b0p05__wd1e-04trmiss0_degmodglobal,65,0.5895252227783203,0.624334454536438,0.7777777777777778,0.8949445616112284,0.7142857142857143,0.0,0.5576897944722857,0.5636476022856576,0.06980900732534272,0.16850726732185908,0.0,0.0,0.0,0.0,0.0,18473,global,0.0
1,1,lr1e-05_bs8_drop0p4_temp2p0_a0p25_b0p05__wd1e-04trmiss0_degmodglobal,8,1e-05,0.0001,0.4,2.0,0.25,0.05,lr1e-05_bs8_drop0p4_temp2p0_a0p25_b0p05__wd1e-04trmiss0_degmodglobal,66,0.6306289604731968,0.625310480594635,0.7777777777777778,0.8949445616112284,0.7142857142857143,0.0,0.5258889326027462,0.6005390541894096,0.07390978187322617,0.23224901195083344,0.0,0.0,0.0,0.0,0.0,18473,global,0.0
1,1,lr1e-05_bs8_drop0p4_temp2p0_a0p25_b0p05__wd1e-04trmiss0_degmodglobal,8,1e-05,0.0001,0.4,2.0,0.25,0.05,lr1e-05_bs8_drop0p4_temp2p0_a0p25_b0p05__wd1e-04trmiss0_degmodglobal,67,0.5816496695790973,0.6248723864555359,0.7333333333333333,0.867784067784068,0.7142857142857143,0.0,0.5424108760697501,0.5537495613098145,0.07498507999948092,0.1830766797065735,0.0,0.0,0.0,0.0,0.0,18473,global,0.0
1,1,lr1e-05_bs8_drop0p4_temp2p0_a0p25_b0p05__wd1e-04trmiss0_degmodglobal,8,1e-05,0.0001,0.4,2.0,0.25,0.05,lr1e-05_bs8_drop0p4_temp2p0_a0p25_b0p05__wd1e-04trmiss0_degmodglobal,68,0.6118452974728176,0.6237325966358185,0.7555555555555555,0.8863025863025864,0.7142857142857143,0.0,0.5341671875544957,0.585323052746909,0.07302944894347872,0.16529778710433415,0.0,0.0,0.0,0.0,0.0,18473,global,0.0
1,1,lr1e-05_bs8_drop0p4_temp2p0_a0p25_b0p05__wd1e-04trmiss0_degmodglobal,8,1e-05,0.0001,0.4,2.0,0.25,0.05,lr1e-05_bs8_drop0p4_temp2p0_a0p25_b0p05__wd1e-04trmiss0_degmodglobal,69,0.6142305306025914,0.6223317086696625,0.7777777777777778,0.8949445616112284,0.7142857142857143,0.0,0.5357949563435146,0.5803219931466239,0.08886062673160008,0.23386757182223455,0.0,0.0,0.0,0.0,0.0,18473,global,0.0
1,1,lr1e-05_bs8_drop0p4_temp2p0_a0p25_b0p05__wd1e-04trmiss0_degmodglobal,8,1e-05,0.0001,0.4,2.0,0.25,0.05,lr1e-05_bs8_drop0p4_temp2p0_a0p25_b0p05__wd1e-04trmiss0_degmodglobal,70,0.6129624758447919,0.6233358681201935,0.7777777777777778,0.8949445616112284,0.7142857142857143,0.0,0.5379175288336617,0.5863084878240313,0.07115065998264722,0.17732647167784826,0.0,0.0,0.0,0.0,0.0,18473,global,0.0
1,1,lr1e-05_bs8_drop0p4_temp2p0_a0p25_b0p05__wd1e-04trmiss0_degmodglobal,8,1e-05,0.0001,0.4,2.0,0.25,0.05,lr1e-05_bs8_drop0p4_temp2p0_a0p25_b0p05__wd1e-04trmiss0_degmodglobal,71,0.6187241418021066,0.6229181885719299,0.8,0.9030253696920365,0.7857142857142857,0.0,0.5558102641786847,0.5947973132133484,0.06572554899113518,0.1499089774276529,0.0,0.0,0.0,0.0,0.0,18473,global,0.0
1,1,lr1e-05_bs8_drop0p4_temp2p0_a0p25_b0p05__wd1e-04trmiss0_degmodglobal,8,1e-05,0.0001,0.4,2.0,0.25,0.05,lr1e-05_bs8_drop0p4_temp2p0_a0p25_b0p05__wd1e-04trmiss0_degmodglobal,72,0.611386946269444,0.6233735084533691,0.8,0.9030253696920365,0.7142857142857143,0.0,0.5377727150917053,0.5860849022865295,0.06682206903185163,0.17193079154406274,0.0,0.0,0.0,0.0,0.0,18473,global,0.0
1,1,lr1e-05_bs8_drop0p4_temp2p0_a0p25_b0p05__wd1e-04trmiss0_degmodglobal,8,1e-05,0.0001,0.4,2.0,0.25,0.05,lr1e-05_bs8_drop0p4_temp2p0_a0p25_b0p05__wd1e-04trmiss0_degmodglobal,73,0.6465784311294556,0.623346745967865,0.8,0.9030253696920365,0.7857142857142857,0.0,0.5315874346664974,0.6192976747240339,0.06573473875011716,0.21694156314645494,0.0,0.0,0.0,0.0,0.0,18473,global,0.0
1,1,lr1e-05_bs8_drop0p4_temp2p0_a0p25_b0p05__wd1e-04trmiss0_degmodglobal,8,1e-05,0.0001,0.4,2.0,0.25,0.05,lr1e-05_bs8_drop0p4_temp2p0_a0p25_b0p05__wd1e-04trmiss0_degmodglobal,74,0.6164257100650242,0.6175985932350159,0.8,0.9030253696920365,0.7857142857142857,0.0,0.5197815128735134,0.5866278069359916,0.0783889719418117,0.2040135179247175,0.0,0.0,0.0,0.0,0.0,18473,global,0.0
1,1,lr1e-05_bs8_drop0p4_temp2p0_a0p25_b0p05__wd1e-04trmiss0_degmodglobal,8,1e-05,0.0001,0.4,2.0,0.25,0.05,lr1e-05_bs8_drop0p4_temp2p0_a0p25_b0p05__wd1e-04trmiss0_degmodglobal,75,0.6235945224761963,0.6198816299438477,0.8,0.9030253696920365,0.7857142857142857,0.0,0.5236940213612148,0.5949249012129647,0.07527208221810204,0.1970318587762969,0.0,0.0,0.0,0.0,0.0,18473,global,0.0
1,1,lr1e-05_bs8_drop0p4_temp2p0_a0p25_b0p05__wd1e-04trmiss0_degmodglobal,8,1e-05,0.0001,0.4,2.0,0.25,0.05,lr1e-05_bs8_drop0p4_temp2p0_a0p25_b0p05__wd1e-04trmiss0_degmodglobal,76,0.6084195716040475,0.6219492256641388,0.8,0.9030253696920365,0.7857142857142857,0.0,0.49940273591450285,0.5731580257415771,0.09375213299478803,0.23647042683192662,0.0,0.0,0.0,0.0,0.0,18473,global,0.0
1,1,lr1e-05_bs8_drop0p4_temp2p0_a0p25_b0p05__wd1e-04trmiss0_degmodglobal,8,1e-05,0.0001,0.4,2.0,0.25,0.05,lr1e-05_bs8_drop0p4_temp2p0_a0p25_b0p05__wd1e-04trmiss0_degmodglobal,77,0.6232080033847264,0.624544769525528,0.8,0.9030253696920365,0.7857142857142857,0.0,0.5386937771524701,0.5928457123892648,0.07481048362595695,0.2331930941769055,0.0,0.0,0.0,0.0,0.0,18473,global,0.0
1,1,lr1e-05_bs8_drop0p4_temp2p0_a0p25_b0p05__wd1e-04trmiss0_degmodglobal,8,1e-05,0.0001,0.4,2.0,0.25,0.05,lr1e-05_bs8_drop0p4_temp2p0_a0p25_b0p05__wd1e-04trmiss0_degmodglobal,78,0.6492676990372794,0.6246847212314606,0.7555555555555555,0.87642604309271,0.7142857142857143,0.0,0.5176284440926143,0.6184498071670532,0.08018354326486588,0.2154400497674942,0.0,0.0,0.0,0.0,0.0,18473,global,0.0
1,1,lr1e-05_bs8_drop0p4_temp2p0_a0p25_b0p05__wd1e-04trmiss0_degmodglobal,8,1e-05,0.0001,0.4,2.0,0.25,0.05,lr1e-05_bs8_drop0p4_temp2p0_a0p25_b0p05__wd1e-04trmiss0_degmodglobal,79,0.6058544772011893,0.6235558986663818,0.8,0.9030253696920365,0.7142857142857143,0.0,0.5346847474575043,0.5756339345659528,0.08644843793341092,0.17216904248510087,0.0,0.0,0.0,0.0,0.0,18473,global,0.0
1,1,lr1e-05_bs8_drop0p4_temp2p0_a0p25_b0p05__wd1e-04trmiss0_degmodglobal,8,1e-05,0.0001,0.4,2.0,0.25,0.05,lr1e-05_bs8_drop0p4_temp2p0_a0p25_b0p05__wd1e-04trmiss0_degmodglobal,80,0.6166344881057739,0.6237244606018066,0.7333333333333333,0.867784067784068,0.7142857142857143,0.0,0.5467725566455296,0.592088690825871,0.06377071142196655,0.17206236666866712,0.0,0.0,0.0,0.0,0.0,18473,global,0.0
1,1,lr1e-04_bs16_drop0p2_temp1p0_a0p25_b0p05__wd1e-04trmiss0_degmodglobal,16,0.0001,0.0001,0.2,1.0,0.25,0.05,lr1e-04_bs16_drop0p2_temp1p0_a0p25_b0p05__wd1e-04trmiss0_degmodglobal,1,0.7133907675743103,0.6743109822273254,0.6444444444444445,0.7575227241893909,0.5714285714285714,0.0,0.6686424762010574,0.6966497153043747,0.0411925558000803,0.12885836884379387,0.0,0.0,0.0,0.0,0.0,18473,global,0.0
1,1,lr1e-04_bs16_drop0p2_temp1p0_a0p25_b0p05__wd1e-04trmiss0_degmodglobal,16,0.0001,0.0001,0.2,1.0,0.25,0.05,lr1e-04_bs16_drop0p2_temp1p0_a0p25_b0p05__wd1e-04trmiss0_degmodglobal,2,0.7082275301218033,0.6556016802787781,0.7555555555555555,0.8622846289512958,0.6428571428571429,0.0,0.627555176615715,0.6911660134792328,0.04102125531062484,0.13612357527017593,0.0,0.0,0.0,0.0,0.0,18473,global,0.0
1,1,lr1e-04_bs16_drop0p2_temp1p0_a0p25_b0p05__wd1e-04trmiss0_degmodglobal,16,0.0001,0.0001,0.2,1.0,0.25,0.05,lr1e-04_bs16_drop0p2_temp1p0_a0p25_b0p05__wd1e-04trmiss0_degmodglobal,3,0.6763468086719513,0.6512640118598938,0.7777777777777778,0.8949445616112284,0.6428571428571429,0.0,0.6365992277860641,0.6608107537031174,0.03903705393895507,0.11553550325334072,0.0,0.0,0.0,0.0,0.0,18473,global,0.0
1,1,lr1e-04_bs16_drop0p2_temp1p0_a0p25_b0p05__wd1e-04trmiss0_degmodglobal,16,0.0001,0.0001,0.2,1.0,0.25,0.05,lr1e-04_bs16_drop0p2_temp1p0_a0p25_b0p05__wd1e-04trmiss0_degmodglobal,4,0.6474409103393555,0.6535104513168335,0.7555555555555555,0.8830397997064665,0.5714285714285714,0.0,0.6200589537620544,0.6293542385101318,0.04430574830621481,0.14020466804504395,0.0,0.0,0.0,0.0,0.0,18473,global,0.0
1,1,lr1e-04_bs16_drop0p2_temp1p0_a0p25_b0p05__wd1e-04trmiss0_degmodglobal,16,0.0001,0.0001,0.2,1.0,0.25,0.05,lr1e-04_bs16_drop0p2_temp1p0_a0p25_b0p05__wd1e-04trmiss0_degmodglobal,5,0.6259427219629288,0.6517658233642578,0.7555555555555555,0.8567901234567903,0.6428571428571429,0.0,0.5795203149318695,0.6143448501825333,0.031156085431575775,0.07617670809850097,0.0,0.0,0.0,0.0,0.0,18473,global,0.0
1,1,lr1e-04_bs16_drop0p2_temp1p0_a0p25_b0p05__wd1e-04trmiss0_degmodglobal,16,0.0001,0.0001,0.2,1.0,0.25,0.05,lr1e-04_bs16_drop0p2_temp1p0_a0p25_b0p05__wd1e-04trmiss0_degmodglobal,6,0.6072071194648743,0.646091878414154,0.7777777777777778,0.8894500561167229,0.6428571428571429,0.0,0.5863853096961975,0.5928541719913483,0.03962360601872206,0.0889408215880394,0.0,0.0,0.0,0.0,0.0,18473,global,0.0
1,1,lr1e-04_bs16_drop0p2_temp1p0_a0p25_b0p05__wd1e-04trmiss0_degmodglobal,16,0.0001,0.0001,0.2,1.0,0.25,0.05,lr1e-04_bs16_drop0p2_temp1p0_a0p25_b0p05__wd1e-04trmiss0_degmodglobal,7,0.6038159281015396,0.6433237791061401,0.7333333333333334,0.8715488215488216,0.6428571428571429,0.0,0.5662275701761246,0.5824753642082214,0.053989469073712826,0.15686379745602608,0.0,0.0,0.0,0.0,0.0,18473,global,0.0
1,1,lr1e-04_bs16_drop0p2_temp1p0_a0p25_b0p05__wd1e-04trmiss0_degmodglobal,16,0.0001,0.0001,0.2,1.0,0.25,0.05,lr1e-04_bs16_drop0p2_temp1p0_a0p25_b0p05__wd1e-04trmiss0_degmodglobal,8,0.608047291636467,0.6428062915802002,0.7555555555555555,0.8808080808080809,0.5714285714285714,0.0,0.5987091362476349,0.5892114043235779,0.04650937765836716,0.14417079836130142,0.0,0.0,0.0,0.0,0.0,18473,global,0.0
1,1,lr1e-04_bs16_drop0p2_temp1p0_a0p25_b0p05__wd1e-04trmiss0_degmodglobal,16,0.0001,0.0001,0.2,1.0,0.25,0.05,lr1e-04_bs16_drop0p2_temp1p0_a0p25_b0p05__wd1e-04trmiss0_degmodglobal,9,0.5930253565311432,0.649397075176239,0.7555555555555555,0.8808080808080809,0.5714285714285714,0.0,0.5475027710199356,0.572454109787941,0.05822977237403393,0.12027583830058575,0.0,0.0,0.0,0.0,0.0,18473,global,0.0
1,1,lr1e-04_bs16_drop0p2_temp1p0_a0p25_b0p05__wd1e-04trmiss0_degmodglobal,16,0.0001,0.0001,0.2,1.0,0.25,0.05,lr1e-04_bs16_drop0p2_temp1p0_a0p25_b0p05__wd1e-04trmiss0_degmodglobal,10,0.5961982905864716,0.6461025476455688,0.7555555555555555,0.8808080808080809,0.5714285714285714,0.0,0.5328172445297241,0.5782596170902252,0.04384128097444773,0.1395671982318163,0.0,0.0,0.0,0.0,0.0,18473,global,0.0
1,1,lr1e-04_bs16_drop0p2_temp1p0_a0p25_b0p05__wd1e-04trmiss0_degmodglobal,16,0.0001,0.0001,0.2,1.0,0.25,0.05,lr1e-04_bs16_drop0p2_temp1p0_a0p25_b0p05__wd1e-04trmiss0_degmodglobal,11,0.5703394860029221,0.6408829689025879,0.7555555555555555,0.8808080808080809,0.5714285714285714,0.0,0.5412505269050598,0.5484730750322342,0.061650107614696026,0.12907732650637627,0.0,0.0,0.0,0.0,0.0,18473,global,0.0
1,1,lr1e-04_bs16_drop0p2_temp1p0_a0p25_b0p05__wd1e-04trmiss0_degmodglobal,16,0.0001,0.0001,0.2,1.0,0.25,0.05,lr1e-04_bs16_drop0p2_temp1p0_a0p25_b0p05__wd1e-04trmiss0_degmodglobal,12,0.5557753294706345,0.6126571893692017,0.7333333333333334,0.8715488215488216,0.5714285714285714,0.0,0.5242268517613411,0.5345798581838608,0.05504164192825556,0.1487012505531311,0.0,0.0,0.0,0.0,0.0,18473,global,0.0
1,1,lr1e-04_bs16_drop0p2_temp1p0_a0p25_b0p05__wd1e-04trmiss0_degmodglobal,16,0.0001,0.0001,0.2,1.0,0.25,0.05,lr1e-04_bs16_drop0p2_temp1p0_a0p25_b0p05__wd1e-04trmiss0_degmodglobal,13,0.5642834305763245,0.5875680446624756,0.7555555555555555,0.8808080808080809,0.5714285714285714,0.0,0.5551676154136658,0.547220453619957,0.04652995336800814,0.10861047729849815,0.0,0.0,0.0,0.0,0.0,18473,global,0.0
1,1,lr1e-04_bs16_drop0p2_temp1p0_a0p25_b0p05__wd1e-04trmiss0_degmodglobal,16,0.0001,0.0001,0.2,1.0,0.25,0.05,lr1e-04_bs16_drop0p2_temp1p0_a0p25_b0p05__wd1e-04trmiss0_degmodglobal,14,0.5575462579727173,0.6023107767105103,0.7333333333333334,0.8715488215488216,0.5714285714285714,0.0,0.5220842957496643,0.533285841345787,0.06190930958837271,0.1756617184728384,0.0,0.0,0.0,0.0,0.0,18473,global,0.0
1,1,lr1e-04_bs16_drop0p2_temp1p0_a0p25_b0p05__wd1e-04trmiss0_degmodglobal,16,0.0001,0.0001,0.2,1.0,0.25,0.05,lr1e-04_bs16_drop0p2_temp1p0_a0p25_b0p05__wd1e-04trmiss0_degmodglobal,15,0.5472097024321556,0.6029953360557556,0.7333333333333334,0.8715488215488216,0.5,0.0,0.5403035134077072,0.5267103314399719,0.056627677753567696,0.12684878520667553,0.0,0.0,0.0,0.0,0.0,18473,global,0.0
1,1,lr1e-04_bs16_drop0p2_temp1p0_a0p25_b0p05__wd1e-04trmiss0_degmodglobal,16,0.0001,0.0001,0.2,1.0,0.25,0.05,lr1e-04_bs16_drop0p2_temp1p0_a0p25_b0p05__wd1e-04trmiss0_degmodglobal,16,0.5197636038064957,0.6097820401191711,0.7333333333333334,0.8715488215488216,0.5,0.0,0.5075240433216095,0.4977065548300743,0.056050785817205906,0.160886749625206,0.0,0.0,0.0,0.0,0.0,18473,global,0.0
1,1,lr1e-04_bs16_drop0p2_temp1p0_a0p25_b0p05__wd1e-04trmiss0_degmodglobal,16,0.0001,0.0001,0.2,1.0,0.25,0.05,lr1e-04_bs16_drop0p2_temp1p0_a0p25_b0p05__wd1e-04trmiss0_degmodglobal,17,0.5537860542535782,0.6153146624565125,0.7333333333333334,0.8715488215488216,0.5714285714285714,0.0,0.5320311337709427,0.5352182909846306,0.053622284438461065,0.10324379429221153,0.0,0.0,0.0,0.0,0.0,18473,global,0.0
1,1,lr1e-04_bs16_drop0p2_temp1p0_a0p25_b0p05__wd1e-04trmiss0_degmodglobal,16,0.0001,0.0001,0.2,1.0,0.25,0.05,lr1e-04_bs16_drop0p2_temp1p0_a0p25_b0p05__wd1e-04trmiss0_degmodglobal,18,0.5513613820075989,0.6166120767593384,0.7333333333333334,0.8715488215488216,0.5714285714285714,0.0,0.5281489193439484,0.5227784216403961,0.07611908949911594,0.19106410816311836,0.0,0.0,0.0,0.0,0.0,18473,global,0.0
1,1,lr1e-04_bs16_drop0p2_temp1p0_a0p25_b0p05__wd1e-04trmiss0_degmodglobal,16,0.0001,0.0001,0.2,1.0,0.25,0.05,lr1e-04_bs16_drop0p2_temp1p0_a0p25_b0p05__wd1e-04trmiss0_degmodglobal,19,0.531616747379303,0.6250028610229492,0.7333333333333334,0.8715488215488216,0.6428571428571429,0.0,0.5346725434064865,0.5069422647356987,0.06475920137017965,0.1696934811770916,0.0,0.0,0.0,0.0,0.0,18473,global,0.0
1,1,lr1e-04_bs16_drop0p2_temp1p0_a0p25_b0p05__wd1e-04trmiss0_degmodglobal,16,0.0001,0.0001,0.2,1.0,0.25,0.05,lr1e-04_bs16_drop0p2_temp1p0_a0p25_b0p05__wd1e-04trmiss0_degmodglobal,20,0.5940264165401459,0.6167682409286499,0.7333333333333334,0.8715488215488216,0.5714285714285714,0.0,0.5335472524166107,0.5737654566764832,0.05621380265802145,0.12415025010704994,0.0,0.0,0.0,0.0,0.0,18473,global,0.0
1,1,lr1e-04_bs16_drop0p2_temp1p0_a0p25_b0p05__wd1e-04trmiss0_degmodglobal,16,0.0001,0.0001,0.2,1.0,0.25,0.05,lr1e-04_bs16_drop0p2_temp1p0_a0p25_b0p05__wd1e-04trmiss0_degmodglobal,21,0.5307638719677925,0.6112268567085266,0.7333333333333334,0.8715488215488216,0.5,0.0,0.5253936424851418,0.5054276064038277,0.06275059189647436,0.1929720975458622,0.0,0.0,0.0,0.0,0.0,18473,global,0.0
1,1,lr1e-04_bs16_drop0p2_temp1p0_a0p25_b0p05__wd1e-04trmiss0_degmodglobal,16,0.0001,0.0001,0.2,1.0,0.25,0.05,lr1e-04_bs16_drop0p2_temp1p0_a0p25_b0p05__wd1e-04trmiss0_degmodglobal,22,0.5901151150465012,0.6205291748046875,0.7333333333333334,0.8715488215488216,0.5714285714285714,0.0,0.5503078624606133,0.5693578869104385,0.053690348751842976,0.14669296704232693,0.0,0.0,0.0,0.0,0.0,18473,global,0.0
1,1,lr1e-04_bs16_drop0p2_temp1p0_a0p25_b0p05__wd1e-04trmiss0_degmodglobal,16,0.0001,0.0001,0.2,1.0,0.25,0.05,lr1e-04_bs16_drop0p2_temp1p0_a0p25_b0p05__wd1e-04trmiss0_degmodglobal,23,0.5047779381275177,0.6223675608634949,0.7333333333333334,0.8715488215488216,0.5714285714285714,0.0,0.49602410197257996,0.4841315299272537,0.0608634389936924,0.10861119441688061,0.0,0.0,0.0,0.0,0.0,18473,global,0.0
1,1,lr1e-04_bs16_drop0p2_temp1p0_a0p25_b0p05__wd1e-04trmiss0_degmodglobal,16,0.0001,0.0001,0.2,1.0,0.25,0.05,lr1e-04_bs16_drop0p2_temp1p0_a0p25_b0p05__wd1e-04trmiss0_degmodglobal,24,0.5247451588511467,0.6171044111251831,0.7333333333333334,0.8715488215488216,0.5,0.0,0.5021352097392082,0.5012992173433304,0.06621069088578224,0.13786546885967255,0.0,0.0,0.0,0.0,0.0,18473,global,0.0
1,1,lr1e-04_bs16_drop0p2_temp1p0_a0p25_b0p05__wd1e-04trmiss0_degmodglobal,16,0.0001,0.0001,0.2,1.0,0.25,0.05,lr1e-04_bs16_drop0p2_temp1p0_a0p25_b0p05__wd1e-04trmiss0_degmodglobal,25,0.5514653846621513,0.6221053600311279,0.7333333333333334,0.8715488215488216,0.5714285714285714,0.0,0.5141489282250404,0.5193798989057541,0.08427117299288511,0.2203533947467804,0.0,0.0,0.0,0.0,0.0,18473,global,0.0
1,1,lr1e-04_bs16_drop0p2_temp1p0_a0p25_b0p05__wd1e-04trmiss0_degmodglobal,16,0.0001,0.0001,0.2,1.0,0.25,0.05,lr1e-04_bs16_drop0p2_temp1p0_a0p25_b0p05__wd1e-04trmiss0_degmodglobal,26,0.5228415355086327,0.6339463591575623,0.7333333333333334,0.8715488215488216,0.5714285714285714,0.0,0.5019632875919342,0.49364662915468216,0.08572431653738022,0.15527652669698,0.0,0.0,0.0,0.0,0.0,18473,global,0.0
1,1,lr1e-04_bs16_drop0p2_temp2p0_a0p25_b0p05__wd1e-04trmiss0_degmodglobal,16,0.0001,0.0001,0.2,2.0,0.25,0.05,lr1e-04_bs16_drop0p2_temp2p0_a0p25_b0p05__wd1e-04trmiss0_degmodglobal,1,0.7439445108175278,0.6834531426429749,0.48888888888888893,0.6841269841269841,0.5714285714285714,0.0,0.744839534163475,0.7227133065462112,0.04631080850958824,0.19307009875774384,0.0,0.0,0.0,0.0,0.0,18473,global,0.0
1,1,lr1e-04_bs16_drop0p2_temp2p0_a0p25_b0p05__wd1e-04trmiss0_degmodglobal,16,0.0001,0.0001,0.2,2.0,0.25,0.05,lr1e-04_bs16_drop0p2_temp2p0_a0p25_b0p05__wd1e-04trmiss0_degmodglobal,2,0.661252349615097,0.6801412105560303,0.4888888888888889,0.6969474969474969,0.5714285714285714,0.0,0.6938329935073853,0.6397408246994019,0.043491081800311804,0.21277495473623276,0.0,0.0,0.0,0.0,0.0,18473,global,0.0
1,1,lr1e-04_bs16_drop0p2_temp2p0_a0p25_b0p05__wd1e-04trmiss0_degmodglobal,16,0.0001,0.0001,0.2,2.0,0.25,0.05,lr1e-04_bs16_drop0p2_temp2p0_a0p25_b0p05__wd1e-04trmiss0_degmodglobal,3,0.658082589507103,0.6828358173370361,0.5111111111111111,0.7062067562067562,0.5714285714285714,0.0,0.6695587038993835,0.6381694972515106,0.04363650642335415,0.1800794005393982,0.0,0.0,0.0,0.0,0.0,18473,global,0.0
1,1,lr1e-04_bs16_drop0p2_temp2p0_a0p25_b0p05__wd1e-04trmiss0_degmodglobal,16,0.0001,0.0001,0.2,2.0,0.25,0.05,lr1e-04_bs16_drop0p2_temp2p0_a0p25_b0p05__wd1e-04trmiss0_degmodglobal,4,0.6526697725057602,0.6819779872894287,0.4888888888888888,0.6955747955747955,0.5714285714285714,0.0,0.6662317961454391,0.6276208907365799,0.05269149783998728,0.23751997202634811,0.0,0.0,0.0,0.0,0.0,18473,global,0.0
1,1,lr1e-04_bs16_drop0p2_temp2p0_a0p25_b0p05__wd1e-04trmiss0_degmodglobal,16,0.0001,0.0001,0.2,2.0,0.25,0.05,lr1e-04_bs16_drop0p2_temp2p0_a0p25_b0p05__wd1e-04trmiss0_degmodglobal,5,0.6350750476121902,0.675765335559845,0.5555555555555555,0.7585377585377586,0.5714285714285714,0.0,0.6355897933244705,0.6111065894365311,0.05418867105618119,0.20842531509697437,0.0,0.0,0.0,0.0,0.0,18473,global,0.0
1,1,lr1e-04_bs16_drop0p2_temp2p0_a0p25_b0p05__wd1e-04trmiss0_degmodglobal,16,0.0001,0.0001,0.2,2.0,0.25,0.05,lr1e-04_bs16_drop0p2_temp2p0_a0p25_b0p05__wd1e-04trmiss0_degmodglobal,6,0.6213393956422806,0.6573435068130493,0.6444444444444444,0.8365800865800868,0.5,0.0,0.6371862441301346,0.600166529417038,0.047816247679293156,0.1843763031065464,0.0,0.0,0.0,0.0,0.0,18473,global,0.0
1,1,lr1e-04_bs16_drop0p2_temp2p0_a0p25_b0p05__wd1e-04trmiss0_degmodglobal,16,0.0001,0.0001,0.2,2.0,0.25,0.05,lr1e-04_bs16_drop0p2_temp2p0_a0p25_b0p05__wd1e-04trmiss0_degmodglobal,7,0.609544113278389,0.661005973815918,0.6222222222222222,0.8233525733525735,0.5714285714285714,0.0,0.6093521118164062,0.5831335783004761,0.05791331734508276,0.23864422738552094,0.0,0.0,0.0,0.0,0.0,18473,global,0.0
1,1,lr1e-04_bs16_drop0p2_temp2p0_a0p25_b0p05__wd1e-04trmiss0_degmodglobal,16,0.0001,0.0001,0.2,2.0,0.25,0.05,lr1e-04_bs16_drop0p2_temp2p0_a0p25_b0p05__wd1e-04trmiss0_degmodglobal,8,0.5875742137432098,0.6707885265350342,0.5777777777777777,0.7863155363155363,0.6428571428571429,0.0,0.5972882509231567,0.5636837929487228,0.056343965232372284,0.19608855992555618,0.0,0.0,0.0,0.0,0.0,18473,global,0.0
1,1,lr1e-04_bs16_drop0p2_temp2p0_a0p25_b0p05__wd1e-04trmiss0_degmodglobal,16,0.0001,0.0001,0.2,2.0,0.25,0.05,lr1e-04_bs16_drop0p2_temp2p0_a0p25_b0p05__wd1e-04trmiss0_degmodglobal,9,0.5871350318193436,0.6810336709022522,0.5555555555555555,0.7806175306175307,0.5714285714285714,0.0,0.5646001994609833,0.5668322294950485,0.04777352698147297,0.16718816384673119,0.0,0.0,0.0,0.0,0.0,18473,global,0.0
1,1,lr1e-04_bs16_drop0p2_temp2p0_a0p25_b0p05__wd1e-04trmiss0_degmodglobal,16,0.0001,0.0001,0.2,2.0,0.25,0.05,lr1e-04_bs16_drop0p2_temp2p0_a0p25_b0p05__wd1e-04trmiss0_degmodglobal,10,0.5881364345550537,0.6737793684005737,0.6,0.8176545676545677,0.5714285714285714,0.0,0.6229578256607056,0.5622715055942535,0.055898986756801605,0.23780371248722076,0.0,0.0,0.0,0.0,0.0,18473,global,0.0
1,1,lr1e-04_bs16_drop0p2_temp2p0_a0p25_b0p05__wd1e-04trmiss0_degmodglobal,16,0.0001,0.0001,0.2,2.0,0.25,0.05,lr1e-04_bs16_drop0p2_temp2p0_a0p25_b0p05__wd1e-04trmiss0_degmodglobal,11,0.5921305119991302,0.6586983799934387,0.6444444444444444,0.8494005994005995,0.5714285714285714,0.0,0.5841533541679382,0.5704341381788254,0.055541289038956165,0.15622106567025185,0.0,0.0,0.0,0.0,0.0,18473,global,0.0
1,1,lr1e-04_bs16_drop0p2_temp2p0_a0p25_b0p05__wd1e-04trmiss0_degmodglobal,16,0.0001,0.0001,0.2,2.0,0.25,0.05,lr1e-04_bs16_drop0p2_temp2p0_a0p25_b0p05__wd1e-04trmiss0_degmodglobal,12,0.6123418509960175,0.6456559300422668,0.6666666666666666,0.8564713064713065,0.6428571428571429,0.0,0.6109266132116318,0.5922703891992569,0.04722251184284687,0.1653166562318802,0.0,0.0,0.0,0.0,0.0,18473,global,0.0
1,1,lr1e-04_bs16_drop0p2_temp2p0_a0p25_b0p05__wd1e-04trmiss0_degmodglobal,16,0.0001,0.0001,0.2,2.0,0.25,0.05,lr1e-04_bs16_drop0p2_temp2p0_a0p25_b0p05__wd1e-04trmiss0_degmodglobal,13,0.5966873317956924,0.6582001447677612,0.6666666666666666,0.8411255411255414,0.5714285714285714,0.0,0.551665261387825,0.5699839890003204,0.06467313878238201,0.21070099249482155,0.0,0.0,0.0,0.0,0.0,18473,global,0.0
1,1,lr1e-04_bs16_drop0p2_temp2p0_a0p25_b0p05__wd1e-04trmiss0_degmodglobal,16,0.0001,0.0001,0.2,2.0,0.25,0.05,lr1e-04_bs16_drop0p2_temp2p0_a0p25_b0p05__wd1e-04trmiss0_degmodglobal,14,0.5930745601654053,0.6717460751533508,0.5333333333333333,0.7713582713582714,0.5714285714285714,0.0,0.5540624707937241,0.5716119259595871,0.05126520246267319,0.17292691953480244,0.0,0.0,0.0,0.0,0.0,18473,global,0.0
1,1,lr1e-04_bs16_drop0p2_temp2p0_a0p25_b0p05__wd1e-04trmiss0_degmodglobal,16,0.0001,0.0001,0.2,2.0,0.25,0.05,lr1e-04_bs16_drop0p2_temp2p0_a0p25_b0p05__wd1e-04trmiss0_degmodglobal,15,0.5888638347387314,0.6851660013198853,0.4666666666666667,0.7277676027676028,0.5714285714285714,0.0,0.596842035651207,0.564203217625618,0.05411668960005045,0.22262895107269287,0.0,0.0,0.0,0.0,0.0,18473,global,0.0
1,1,lr1e-04_bs16_drop0p2_temp2p0_a0p25_b0p05__wd1e-04trmiss0_degmodglobal,16,0.0001,0.0001,0.2,2.0,0.25,0.05,lr1e-04_bs16_drop0p2_temp2p0_a0p25_b0p05__wd1e-04trmiss0_degmodglobal,16,0.596458837389946,0.6866070628166199,0.4444444444444444,0.6907305657305658,0.5714285714285714,0.0,0.5504527240991592,0.5685705691576004,0.06769736856222153,0.2192784808576107,0.0,0.0,0.0,0.0,0.0,18473,global,0.0
1,1,lr1e-04_bs16_drop0p2_temp2p0_a0p25_b0p05__wd1e-04trmiss0_degmodglobal,16,0.0001,0.0001,0.2,2.0,0.25,0.05,lr1e-04_bs16_drop0p2_temp2p0_a0p25_b0p05__wd1e-04trmiss0_degmodglobal,17,0.5493456274271011,0.6597835421562195,0.6444444444444445,0.8343915343915347,0.5714285714285714,0.0,0.5780127793550491,0.5244274884462357,0.057343484833836555,0.2116454392671585,0.0,0.0,0.0,0.0,0.0,18473,global,0.0
1,1,lr1e-04_bs16_drop0p2_temp2p0_a0p25_b0p05__wd1e-04trmiss0_degmodglobal,16,0.0001,0.0001,0.2,2.0,0.25,0.05,lr1e-04_bs16_drop0p2_temp2p0_a0p25_b0p05__wd1e-04trmiss0_degmodglobal,18,0.5894855111837387,0.638493001461029,0.6888888888888889,0.8596440596440598,0.6428571428571429,0.0,0.5552704036235809,0.5680579096078873,0.052353876642882824,0.16678248159587383,0.0,0.0,0.0,0.0,0.0,18473,global,0.0
1,1,lr1e-04_bs16_drop0p2_temp2p0_a0p25_b0p05__wd1e-04trmiss0_degmodglobal,16,0.0001,0.0001,0.2,2.0,0.25,0.05,lr1e-04_bs16_drop0p2_temp2p0_a0p25_b0p05__wd1e-04trmiss0_degmodglobal,19,0.5712109506130219,0.6382026672363281,0.6888888888888889,0.8596440596440598,0.6428571428571429,0.0,0.5504347532987595,0.5439248383045197,0.06577115133404732,0.21686628088355064,0.0,0.0,0.0,0.0,0.0,18473,global,0.0
1,1,lr1e-04_bs16_drop0p2_temp2p0_a0p25_b0p05__wd1e-04trmiss0_degmodglobal,16,0.0001,0.0001,0.2,2.0,0.25,0.05,lr1e-04_bs16_drop0p2_temp2p0_a0p25_b0p05__wd1e-04trmiss0_degmodglobal,20,0.5856626629829407,0.6395543813705444,0.6888888888888889,0.8596440596440598,0.5714285714285714,0.0,0.6032584309577942,0.5630652010440826,0.053584019653499126,0.18402889370918274,0.0,0.0,0.0,0.0,0.0,18473,global,0.0
1,1,lr1e-04_bs16_drop0p2_temp2p0_a0p25_b0p05__wd1e-04trmiss0_degmodglobal,16,0.0001,0.0001,0.2,2.0,0.25,0.05,lr1e-04_bs16_drop0p2_temp2p0_a0p25_b0p05__wd1e-04trmiss0_degmodglobal,21,0.5724229961633682,0.6394723057746887,0.6666666666666667,0.8529100529100531,0.5714285714285714,0.0,0.5994104519486427,0.5484540462493896,0.057902898639440536,0.18986394628882408,0.0,0.0,0.0,0.0,0.0,18473,global,0.0
1,1,lr1e-04_bs16_drop0p2_temp2p0_a0p25_b0p05__wd1e-04trmiss0_degmodglobal,16,0.0001,0.0001,0.2,2.0,0.25,0.05,lr1e-04_bs16_drop0p2_temp2p0_a0p25_b0p05__wd1e-04trmiss0_degmodglobal,22,0.5782381594181061,0.6449507474899292,0.6666666666666667,0.8529100529100531,0.5714285714285714,0.0,0.5488999038934708,0.5547863245010376,0.058010490611195564,0.17898383364081383,0.0,0.0,0.0,0.0,0.0,18473,global,0.0
1,1,lr1e-04_bs16_drop0p2_temp2p0_a0p25_b0p05__wd1e-04trmiss0_degmodglobal,16,0.0001,0.0001,0.2,2.0,0.25,0.05,lr1e-04_bs16_drop0p2_temp2p0_a0p25_b0p05__wd1e-04trmiss0_degmodglobal,23,0.5882818102836609,0.6538042426109314,0.6666666666666667,0.8529100529100531,0.5714285714285714,0.0,0.6138404011726379,0.5583677887916565,0.06886889319866896,0.25393616780638695,0.0,0.0,0.0,0.0,0.0,18473,global,0.0
1,1,lr1e-04_bs16_drop0p2_temp2p0_a0p25_b0p05__wd1e-04trmiss0_degmodglobal,16,0.0001,0.0001,0.2,2.0,0.25,0.05,lr1e-04_bs16_drop0p2_temp2p0_a0p25_b0p05__wd1e-04trmiss0_degmodglobal,24,0.5662637650966644,0.6698520183563232,0.6666666666666666,0.8411255411255414,0.5,0.0,0.5696169808506966,0.5424210950732231,0.06077543692663312,0.1729760728776455,0.0,0.0,0.0,0.0,0.0,18473,global,0.0
1,1,lr1e-04_bs16_drop0p2_temp2p0_a0p25_b0p05__wd1e-04trmiss0_degmodglobal,16,0.0001,0.0001,0.2,2.0,0.25,0.05,lr1e-04_bs16_drop0p2_temp2p0_a0p25_b0p05__wd1e-04trmiss0_degmodglobal,25,0.5504554659128189,0.6734054684638977,0.6,0.7778980278980281,0.5714285714285714,0.0,0.5059139281511307,0.519667387008667,0.07588895224034786,0.2363169565796852,0.0,0.0,0.0,0.0,0.0,18473,global,0.0
1,1,lr1e-04_bs16_drop0p2_temp2p0_a0p25_b0p05__wd1e-04trmiss0_degmodglobal,16,0.0001,0.0001,0.2,2.0,0.25,0.05,lr1e-04_bs16_drop0p2_temp2p0_a0p25_b0p05__wd1e-04trmiss0_degmodglobal,26,0.5280791074037552,0.6508102416992188,0.6444444444444445,0.8343915343915347,0.6428571428571429,0.0,0.5348945111036301,0.5073550269007683,0.050663999281823635,0.16116157174110413,0.0,0.0,0.0,0.0,0.0,18473,global,0.0
1,1,lr1e-04_bs16_drop0p2_temp2p0_a0p25_b0p05__wd1e-04trmiss0_degmodglobal,16,0.0001,0.0001,0.2,2.0,0.25,0.05,lr1e-04_bs16_drop0p2_temp2p0_a0p25_b0p05__wd1e-04trmiss0_degmodglobal,27,0.5436905175447464,0.6418267488479614,0.6444444444444445,0.8343915343915347,0.6428571428571429,0.0,0.551460936665535,0.5152134299278259,0.06921353004872799,0.22347429394721985,0.0,0.0,0.0,0.0,0.0,18473,global,0.0
1,1,lr1e-04_bs16_drop0p2_temp2p0_a0p25_b0p05__wd1e-04trmiss0_degmodglobal,16,0.0001,0.0001,0.2,2.0,0.25,0.05,lr1e-04_bs16_drop0p2_temp2p0_a0p25_b0p05__wd1e-04trmiss0_degmodglobal,28,0.5514884442090988,0.6516387462615967,0.6444444444444445,0.8343915343915347,0.5714285714285714,0.0,0.5505234524607658,0.5199887976050377,0.07356847636401653,0.2621506601572037,0.0,0.0,0.0,0.0,0.0,18473,global,0.0
1,1,lr1e-04_bs16_drop0p2_temp2p0_a0p25_b0p05__wd1e-04trmiss0_degmodglobal,16,0.0001,0.0001,0.2,2.0,0.25,0.05,lr1e-04_bs16_drop0p2_temp2p0_a0p25_b0p05__wd1e-04trmiss0_degmodglobal,29,0.5317791476845741,0.6600499153137207,0.6444444444444445,0.8343915343915347,0.5,0.0,0.5101914033293724,0.5079159066081047,0.059028057381510735,0.1821247972548008,0.0,0.0,0.0,0.0,0.0,18473,global,0.0
1,1,lr1e-04_bs16_drop0p2_temp2p0_a0p25_b0p05__wd1e-04trmiss0_degmodglobal,16,0.0001,0.0001,0.2,2.0,0.25,0.05,lr1e-04_bs16_drop0p2_temp2p0_a0p25_b0p05__wd1e-04trmiss0_degmodglobal,30,0.531266376376152,0.6588274240493774,0.6444444444444445,0.8343915343915347,0.6428571428571429,0.0,0.5073782950639725,0.5075103938579559,0.060146755538880825,0.1743864044547081,0.0,0.0,0.0,0.0,0.0,18473,global,0.0
1,1,lr1e-04_bs16_drop0p2_temp2p0_a0p25_b0p05__wd1e-04trmiss0_degmodglobal,16,0.0001,0.0001,0.2,2.0,0.25,0.05,lr1e-04_bs16_drop0p2_temp2p0_a0p25_b0p05__wd1e-04trmiss0_degmodglobal,31,0.5445595234632492,0.6659144163131714,0.6222222222222222,0.8121693121693123,0.5714285714285714,0.0,0.5443251207470894,0.5211054086685181,0.05901924055069685,0.17398626729846,0.0,0.0,0.0,0.0,0.0,18473,global,0.0
1,1,lr1e-04_bs16_drop0p2_temp2p0_a0p25_b0p05__wd1e-04trmiss0_degmodglobal,16,0.0001,0.0001,0.2,2.0,0.25,0.05,lr1e-04_bs16_drop0p2_temp2p0_a0p25_b0p05__wd1e-04trmiss0_degmodglobal,32,0.5434756278991699,0.650524377822876,0.6444444444444445,0.8343915343915347,0.6428571428571429,0.0,0.5196200236678123,0.5180915296077728,0.05610267911106348,0.22716878354549408,0.0,0.0,0.0,0.0,0.0,18473,global,0.0
1,1,lr1e-04_bs16_drop0p2_temp2p0_a0p25_b0p05__wd1e-04trmiss0_degmodglobal,16,0.0001,0.0001,0.2,2.0,0.25,0.05,lr1e-04_bs16_drop0p2_temp2p0_a0p25_b0p05__wd1e-04trmiss0_degmodglobal,33,0.5543075948953629,0.6425662040710449,0.6666666666666667,0.8529100529100531,0.6428571428571429,0.0,0.5767417326569557,0.526637077331543,0.07214898057281971,0.1926654540002346,0.0,0.0,0.0,0.0,0.0,18473,global,0.0
1,1,lr1e-04_bs16_drop0p2_temp2p0_a0p25_b0p05__wd1e-04trmiss0_degmodglobal,16,0.0001,0.0001,0.2,2.0,0.25,0.05,lr1e-04_bs16_drop0p2_temp2p0_a0p25_b0p05__wd1e-04trmiss0_degmodglobal,34,0.5159013867378235,0.647740364074707,0.6666666666666667,0.8529100529100531,0.5714285714285714,0.0,0.5243741422891617,0.49214912950992584,0.061746048741042614,0.1663153227418661,0.0,0.0,0.0,0.0,0.0,18473,global,0.0
1,1,lr1e-04_bs16_drop0p2_temp2p0_a0p25_b0p05__wd1e-04trmiss0_degmodglobal,16,0.0001,0.0001,0.2,2.0,0.25,0.05,lr1e-04_bs16_drop0p2_temp2p0_a0p25_b0p05__wd1e-04trmiss0_degmodglobal,35,0.5604304075241089,0.6439085006713867,0.6666666666666667,0.8529100529100531,0.5714285714285714,0.0,0.5696970969438553,0.5341155156493187,0.0694015584886074,0.17929017543792725,0.0,0.0,0.0,0.0,0.0,18473,global,0.0
1,1,lr1e-04_bs16_drop0p2_temp2p0_a0p25_b0p05__wd1e-04trmiss0_degmodglobal,16,0.0001,0.0001,0.2,2.0,0.25,0.05,lr1e-04_bs16_drop0p2_temp2p0_a0p25_b0p05__wd1e-04trmiss0_degmodglobal,36,0.553256057202816,0.63836270570755,0.6444444444444445,0.8343915343915347,0.6428571428571429,0.0,0.5289591401815414,0.5290187150239944,0.05814789887517691,0.1940072849392891,0.0,0.0,0.0,0.0,0.0,18473,global,0.0
1,1,lr1e-04_bs16_drop0p2_temp2p0_a0p25_b0p05__wd1e-04trmiss0_degmodglobal,16,0.0001,0.0001,0.2,2.0,0.25,0.05,lr1e-04_bs16_drop0p2_temp2p0_a0p25_b0p05__wd1e-04trmiss0_degmodglobal,37,0.5297705829143524,0.6450157165527344,0.6444444444444445,0.8343915343915347,0.6428571428571429,0.0,0.5207350552082062,0.5027456134557724,0.07056374102830887,0.18768102675676346,0.0,0.0,0.0,0.0,0.0,18473,global,0.0
1,1,lr1e-04_bs16_drop0p2_temp2p0_a0p25_b0p05__wd1e-04trmiss0_degmodglobal,16,0.0001,0.0001,0.2,2.0,0.25,0.05,lr1e-04_bs16_drop0p2_temp2p0_a0p25_b0p05__wd1e-04trmiss0_degmodglobal,38,0.5093678757548332,0.6546599864959717,0.6444444444444445,0.8343915343915347,0.5714285714285714,0.0,0.5061472058296204,0.48750118166208267,0.06081742700189352,0.13324670679867268,0.0,0.0,0.0,0.0,0.0,18473,global,0.0
1,1,lr1e-04_bs16_drop0p2_temp2p0_a0p25_b0p05__wd1e-04trmiss0_degmodglobal,16,0.0001,0.0001,0.2,2.0,0.25,0.05,lr1e-04_bs16_drop0p2_temp2p0_a0p25_b0p05__wd1e-04trmiss0_degmodglobal,39,0.5225217267870903,0.6623465418815613,0.6444444444444445,0.8343915343915347,0.5714285714285714,0.0,0.5128989294171333,0.500885359942913,0.054672913160175085,0.15936299040913582,0.0,0.0,0.0,0.0,0.0,18473,global,0.0
1,1,lr1e-04_bs16_drop0p4_temp1p0_a0p25_b0p05__wd1e-04trmiss0_degmodglobal,16,0.0001,0.0001,0.4,1.0,0.25,0.05,lr1e-04_bs16_drop0p4_temp1p0_a0p25_b0p05__wd1e-04trmiss0_degmodglobal,1,0.7069698572158813,0.6698008179664612,0.6666666666666666,0.8281625781625783,0.7142857142857143,0.0,0.7119229882955551,0.6906494647264481,0.04763494245707989,0.08823330700397491,0.0,0.0,0.0,0.0,0.0,18473,global,0.0
1,1,lr1e-04_bs16_drop0p4_temp1p0_a0p25_b0p05__wd1e-04trmiss0_degmodglobal,16,0.0001,0.0001,0.4,1.0,0.25,0.05,lr1e-04_bs16_drop0p4_temp1p0_a0p25_b0p05__wd1e-04trmiss0_degmodglobal,2,0.7216454744338989,0.6562245488166809,0.6888888888888889,0.8316578483245152,0.7142857142857143,0.0,0.7268921583890915,0.685156062245369,0.08728889282792807,0.2933438867330551,0.0,0.0,0.0,0.0,0.0,18473,global,0.0
1,1,lr1e-04_bs16_drop0p4_temp1p0_a0p25_b0p05__wd1e-04trmiss0_degmodglobal,16,0.0001,0.0001,0.4,1.0,0.25,0.05,lr1e-04_bs16_drop0p4_temp1p0_a0p25_b0p05__wd1e-04trmiss0_degmodglobal,3,0.7196923494338989,0.6476240158081055,0.7333333333333334,0.8671075837742506,0.7142857142857143,0.0,0.7258484065532684,0.6976084858179092,0.05543935392051935,0.16448035091161728,0.0,0.0,0.0,0.0,0.0,18473,global,0.0
1,1,lr1e-04_bs16_drop0p4_temp1p0_a0p25_b0p05__wd1e-04trmiss0_degmodglobal,16,0.0001,0.0001,0.4,1.0,0.25,0.05,lr1e-04_bs16_drop0p4_temp1p0_a0p25_b0p05__wd1e-04trmiss0_degmodglobal,4,0.6580558568239212,0.6477150321006775,0.7333333333333334,0.8671075837742506,0.7142857142857143,0.0,0.6689678877592087,0.637381300330162,0.052386146038770676,0.15156043879687786,0.0,0.0,0.0,0.0,0.0,18473,global,0.0
1,1,lr1e-04_bs16_drop0p4_temp1p0_a0p25_b0p05__wd1e-04trmiss0_degmodglobal,16,0.0001,0.0001,0.4,1.0,0.25,0.05,lr1e-04_bs16_drop0p4_temp1p0_a0p25_b0p05__wd1e-04trmiss0_degmodglobal,5,0.656591147184372,0.6459805369377136,0.7333333333333334,0.8645212811879479,0.7142857142857143,0.0,0.683191180229187,0.6295837312936783,0.07502894196659327,0.16500307619571686,0.0,0.0,0.0,0.0,0.0,18473,global,0.0
1,1,lr1e-04_bs16_drop0p4_temp1p0_a0p25_b0p05__wd1e-04trmiss0_degmodglobal,16,0.0001,0.0001,0.4,1.0,0.25,0.05,lr1e-04_bs16_drop0p4_temp1p0_a0p25_b0p05__wd1e-04trmiss0_degmodglobal,6,0.6511267721652985,0.6431750059127808,0.7555555555555555,0.8830397997064665,0.7142857142857143,0.0,0.7083979994058609,0.6213129609823227,0.08087421674281359,0.19190458580851555,0.0,0.0,0.0,0.0,0.0,18473,global,0.0
1,1,lr1e-04_bs16_drop0p4_temp1p0_a0p25_b0p05__wd1e-04trmiss0_degmodglobal,16,0.0001,0.0001,0.4,1.0,0.25,0.05,lr1e-04_bs16_drop0p4_temp1p0_a0p25_b0p05__wd1e-04trmiss0_degmodglobal,7,0.6034683734178543,0.6358038783073425,0.7777777777777778,0.8911206077872746,0.7142857142857143,0.0,0.669855386018753,0.5738775730133057,0.07958810403943062,0.19387539103627205,0.0,0.0,0.0,0.0,0.0,18473,global,0.0
1,1,lr1e-04_bs16_drop0p4_temp1p0_a0p25_b0p05__wd1e-04trmiss0_degmodglobal,16,0.0001,0.0001,0.4,1.0,0.25,0.05,lr1e-04_bs16_drop0p4_temp1p0_a0p25_b0p05__wd1e-04trmiss0_degmodglobal,8,0.6421478688716888,0.6331781148910522,0.7777777777777778,0.8911206077872746,0.7142857142857143,0.0,0.6375835984945297,0.6188448816537857,0.06152290431782603,0.15844547376036644,0.0,0.0,0.0,0.0,0.0,18473,global,0.0
1,1,lr1e-04_bs16_drop0p4_temp1p0_a0p25_b0p05__wd1e-04trmiss0_degmodglobal,16,0.0001,0.0001,0.4,1.0,0.25,0.05,lr1e-04_bs16_drop0p4_temp1p0_a0p25_b0p05__wd1e-04trmiss0_degmodglobal,9,0.6210349202156067,0.6339697241783142,0.7555555555555555,0.8830397997064665,0.7142857142857143,0.0,0.6174100041389465,0.596466138958931,0.06581745017319918,0.16228793375194073,0.0,0.0,0.0,0.0,0.0,18473,global,0.0
1,1,lr1e-04_bs16_drop0p4_temp1p0_a0p25_b0p05__wd1e-04trmiss0_degmodglobal,16,0.0001,0.0001,0.4,1.0,0.25,0.05,lr1e-04_bs16_drop0p4_temp1p0_a0p25_b0p05__wd1e-04trmiss0_degmodglobal,10,0.6449435502290726,0.6363085508346558,0.7333333333333333,0.8743978243978245,0.6428571428571429,0.0,0.6458000987768173,0.6148654967546463,0.08212143927812576,0.19095396250486374,0.0,0.0,0.0,0.0,0.0,18473,global,0.0
1,1,lr1e-04_bs16_drop0p4_temp1p0_a0p25_b0p05__wd1e-04trmiss0_degmodglobal,16,0.0001,0.0001,0.4,1.0,0.25,0.05,lr1e-04_bs16_drop0p4_temp1p0_a0p25_b0p05__wd1e-04trmiss0_degmodglobal,11,0.6307431608438492,0.6367304921150208,0.7111111111111111,0.8651385651385652,0.6428571428571429,0.0,0.6604693382978439,0.5992431193590164,0.07811699993908405,0.23941540718078613,0.0,0.0,0.0,0.0,0.0,18473,global,0.0
1,1,lr1e-04_bs16_drop0p4_temp1p0_a0p25_b0p05__wd1e-04trmiss0_degmodglobal,16,0.0001,0.0001,0.4,1.0,0.25,0.05,lr1e-04_bs16_drop0p4_temp1p0_a0p25_b0p05__wd1e-04trmiss0_degmodglobal,12,0.5963298827409744,0.639072597026825,0.7111111111111111,0.8651385651385652,0.6428571428571429,0.0,0.5896738618612289,0.562080517411232,0.08720887638628483,0.24894318915903568,0.0,0.0,0.0,0.0,0.0,18473,global,0.0
1,1,lr1e-04_bs16_drop0p4_temp1p0_a0p25_b0p05__wd1e-04trmiss0_degmodglobal,16,0.0001,0.0001,0.4,1.0,0.25,0.05,lr1e-04_bs16_drop0p4_temp1p0_a0p25_b0p05__wd1e-04trmiss0_degmodglobal,13,0.6069341599941254,0.641265332698822,0.7111111111111111,0.8651385651385652,0.7142857142857143,0.0,0.5989420115947723,0.5797265470027924,0.07418335415422916,0.17323550209403038,0.0,0.0,0.0,0.0,0.0,18473,global,0.0
1,1,lr1e-04_bs16_drop0p4_temp1p0_a0p25_b0p05__wd1e-04trmiss0_degmodglobal,16,0.0001,0.0001,0.4,1.0,0.25,0.05,lr1e-04_bs16_drop0p4_temp1p0_a0p25_b0p05__wd1e-04trmiss0_degmodglobal,14,0.6164006888866425,0.6456984281539917,0.6888888888888889,0.8466200466200469,0.6428571428571429,0.0,0.641059622168541,0.5928226113319397,0.06711607612669468,0.13598131015896797,0.0,0.0,0.0,0.0,0.0,18473,global,0.0
1,1,lr1e-04_bs16_drop0p4_temp1p0_a0p25_b0p05__wd1e-04trmiss0_degmodglobal,16,0.0001,0.0001,0.4,1.0,0.25,0.05,lr1e-04_bs16_drop0p4_temp1p0_a0p25_b0p05__wd1e-04trmiss0_degmodglobal,15,0.6218678951263428,0.6584981679916382,0.6444444444444444,0.8056147556147557,0.5714285714285714,0.0,0.6512611359357834,0.5934792757034302,0.07149029802531004,0.21032099798321724,0.0,0.0,0.0,0.0,0.0,18473,global,0.0
1,1,lr1e-04_bs16_drop0p4_temp1p0_a0p25_b0p05__wd1e-04trmiss0_degmodglobal,16,0.0001,0.0001,0.4,1.0,0.25,0.05,lr1e-04_bs16_drop0p4_temp1p0_a0p25_b0p05__wd1e-04trmiss0_degmodglobal,16,0.5910936444997787,0.668592095375061,0.6,0.7896214896214897,0.5714285714285714,0.0,0.5966649949550629,0.5722062885761261,0.05411916505545378,0.10715148784220219,0.0,0.0,0.0,0.0,0.0,18473,global,0.0
1,1,lr1e-04_bs16_drop0p4_temp1p0_a0p25_b0p05__wd1e-04trmiss0_degmodglobal,16,0.0001,0.0001,0.4,1.0,0.25,0.05,lr1e-04_bs16_drop0p4_temp1p0_a0p25_b0p05__wd1e-04trmiss0_degmodglobal,17,0.6300133317708969,0.6751940846443176,0.5555555555555556,0.7519230769230769,0.5,0.0,0.6132862269878387,0.608660101890564,0.054929017554968596,0.15241927653551102,0.0,0.0,0.0,0.0,0.0,18473,global,0.0
1,1,lr1e-04_bs16_drop0p4_temp1p0_a0p25_b0p05__wd1e-04trmiss0_degmodglobal,16,0.0001,0.0001,0.4,1.0,0.25,0.05,lr1e-04_bs16_drop0p4_temp1p0_a0p25_b0p05__wd1e-04trmiss0_degmodglobal,18,0.6217386722564697,0.6709128618240356,0.6,0.7945156695156697,0.5,0.0,0.6265996545553207,0.5922574698925018,0.08443701174110174,0.16743904212489724,0.0,0.0,0.0,0.0,0.0,18473,global,0.0
1,1,lr1e-04_bs16_drop0p4_temp1p0_a0p25_b0p05__wd1e-04trmiss0_degmodglobal,16,0.0001,0.0001,0.4,1.0,0.25,0.05,lr1e-04_bs16_drop0p4_temp1p0_a0p25_b0p05__wd1e-04trmiss0_degmodglobal,19,0.6146852523088455,0.6667193174362183,0.6,0.7896214896214897,0.5714285714285714,0.0,0.5898928344249725,0.5872959792613983,0.07358598336577415,0.17985563725233078,0.0,0.0,0.0,0.0,0.0,18473,global,0.0
1,1,lr1e-04_bs16_drop0p4_temp1p0_a0p25_b0p05__wd1e-04trmiss0_degmodglobal,16,0.0001,0.0001,0.4,1.0,0.25,0.05,lr1e-04_bs16_drop0p4_temp1p0_a0p25_b0p05__wd1e-04trmiss0_degmodglobal,20,0.6018083095550537,0.6521911025047302,0.6444444444444444,0.8056147556147557,0.5714285714285714,0.0,0.6105314046144485,0.569711446762085,0.08627124782651663,0.21058107167482376,0.0,0.0,0.0,0.0,0.0,18473,global,0.0
1,1,lr1e-04_bs16_drop0p4_temp1p0_a0p25_b0p05__wd1e-04trmiss0_degmodglobal,16,0.0001,0.0001,0.4,1.0,0.25,0.05,lr1e-04_bs16_drop0p4_temp1p0_a0p25_b0p05__wd1e-04trmiss0_degmodglobal,21,0.5917575508356094,0.6432709097862244,0.6666666666666666,0.8204295704295705,0.5714285714285714,0.0,0.6055614501237869,0.5712074339389801,0.05810554604977369,0.12047428265213966,0.0,0.0,0.0,0.0,0.0,18473,global,0.0
1,1,lr1e-04_bs16_drop0p4_temp1p0_a0p25_b0p05__wd1e-04trmiss0_degmodglobal,16,0.0001,0.0001,0.4,1.0,0.25,0.05,lr1e-04_bs16_drop0p4_temp1p0_a0p25_b0p05__wd1e-04trmiss0_degmodglobal,22,0.5781434178352356,0.6408712267875671,0.6666666666666666,0.8243978243978245,0.6428571428571429,0.0,0.5779334753751755,0.546437531709671,0.08774472959339619,0.19539392739534378,0.0,0.0,0.0,0.0,0.0,18473,global,0.0
1,1,lr1e-04_bs16_drop0p4_temp1p0_a0p25_b0p05__wd1e-04trmiss0_degmodglobal,16,0.0001,0.0001,0.4,1.0,0.25,0.05,lr1e-04_bs16_drop0p4_temp1p0_a0p25_b0p05__wd1e-04trmiss0_degmodglobal,23,0.6221256852149963,0.6433694958686829,0.6666666666666666,0.8243978243978245,0.5714285714285714,0.0,0.6233104467391968,0.5931428074836731,0.07997260568663478,0.17979409359395504,0.0,0.0,0.0,0.0,0.0,18473,global,0.0
1,1,lr1e-04_bs16_drop0p4_temp1p0_a0p25_b0p05__wd1e-04trmiss0_degmodglobal,16,0.0001,0.0001,0.4,1.0,0.25,0.05,lr1e-04_bs16_drop0p4_temp1p0_a0p25_b0p05__wd1e-04trmiss0_degmodglobal,24,0.5640697330236435,0.6383139491081238,0.6666666666666666,0.8243978243978245,0.6428571428571429,0.0,0.5833398401737213,0.5437628924846649,0.058293978683650494,0.11466713063418865,0.0,0.0,0.0,0.0,0.0,18473,global,0.0
1,1,lr1e-04_bs16_drop0p4_temp1p0_a0p25_b0p05__wd1e-04trmiss0_degmodglobal,16,0.0001,0.0001,0.4,1.0,0.25,0.05,lr1e-04_bs16_drop0p4_temp1p0_a0p25_b0p05__wd1e-04trmiss0_degmodglobal,25,0.5483071655035019,0.6332727670669556,0.6666666666666666,0.8243978243978245,0.7142857142857143,0.0,0.5737049877643585,0.5235419273376465,0.07067249063402414,0.14194203168153763,0.0,0.0,0.0,0.0,0.0,18473,global,0.0
1,1,lr1e-04_bs16_drop0p4_temp1p0_a0p25_b0p05__wd1e-04trmiss0_degmodglobal,16,0.0001,0.0001,0.4,1.0,0.25,0.05,lr1e-04_bs16_drop0p4_temp1p0_a0p25_b0p05__wd1e-04trmiss0_degmodglobal,26,0.6129737347364426,0.6322449445724487,0.6666666666666666,0.8243978243978245,0.7142857142857143,0.0,0.5933219492435455,0.5686428993940353,0.13682084530591965,0.20251253806054592,0.0,0.0,0.0,0.0,0.0,18473,global,0.0
1,1,lr1e-04_bs16_drop0p4_temp1p0_a0p25_b0p05__wd1e-04trmiss0_degmodglobal,16,0.0001,0.0001,0.4,1.0,0.25,0.05,lr1e-04_bs16_drop0p4_temp1p0_a0p25_b0p05__wd1e-04trmiss0_degmodglobal,27,0.5994630008935928,0.6313263177871704,0.6888888888888889,0.8336570836570838,0.6428571428571429,0.0,0.6083600968122482,0.5652963221073151,0.08434896729886532,0.26158878207206726,0.0,0.0,0.0,0.0,0.0,18473,global,0.0
1,1,lr1e-04_bs16_drop0p4_temp1p0_a0p25_b0p05__wd1e-04trmiss0_degmodglobal,16,0.0001,0.0001,0.4,1.0,0.25,0.05,lr1e-04_bs16_drop0p4_temp1p0_a0p25_b0p05__wd1e-04trmiss0_degmodglobal,28,0.5773207396268845,0.6325689554214478,0.7111111111111111,0.8422990589657258,0.6428571428571429,0.0,0.5519592761993408,0.5492011904716492,0.07578021008521318,0.1834901012480259,0.0,0.0,0.0,0.0,0.0,18473,global,0.0
1,1,lr1e-04_bs16_drop0p4_temp2p0_a0p25_b0p05__wd1e-04trmiss0_degmodglobal,16,0.0001,0.0001,0.4,2.0,0.25,0.05,lr1e-04_bs16_drop0p4_temp2p0_a0p25_b0p05__wd1e-04trmiss0_degmodglobal,1,0.733259990811348,0.6638844609260559,0.7333333333333334,0.8709315375982045,0.6428571428571429,0.0,0.6796563118696213,0.7084995359182358,0.06229482591152191,0.18373483791947365,0.0,0.0,0.0,0.0,0.0,18473,global,0.0
1,1,lr1e-04_bs16_drop0p4_temp2p0_a0p25_b0p05__wd1e-04trmiss0_degmodglobal,16,0.0001,0.0001,0.4,2.0,0.25,0.05,lr1e-04_bs16_drop0p4_temp2p0_a0p25_b0p05__wd1e-04trmiss0_degmodglobal,2,0.6713899672031403,0.6550233364105225,0.7333333333333334,0.8808080808080809,0.6428571428571429,0.0,0.6590432077646255,0.6461842060089111,0.06950276903808117,0.15660137124359608,0.0,0.0,0.0,0.0,0.0,18473,global,0.0
1,1,lr1e-04_bs16_drop0p4_temp2p0_a0p25_b0p05__wd1e-04trmiss0_degmodglobal,16,0.0001,0.0001,0.4,2.0,0.25,0.05,lr1e-04_bs16_drop0p4_temp2p0_a0p25_b0p05__wd1e-04trmiss0_degmodglobal,3,0.6309413015842438,0.6423580050468445,0.7333333333333334,0.8808080808080809,0.6428571428571429,0.0,0.6625112891197205,0.5958524793386459,0.09256760217249393,0.23893871530890465,0.0,0.0,0.0,0.0,0.0,18473,global,0.0
1,1,lr1e-04_bs16_drop0p4_temp2p0_a0p25_b0p05__wd1e-04trmiss0_degmodglobal,16,0.0001,0.0001,0.4,2.0,0.25,0.05,lr1e-04_bs16_drop0p4_temp2p0_a0p25_b0p05__wd1e-04trmiss0_degmodglobal,4,0.625276505947113,0.6302675604820251,0.7333333333333333,0.877545294211961,0.6428571428571429,0.0,0.6408274322748184,0.5973602384328842,0.07422215957194567,0.1872148676775396,0.0,0.0,0.0,0.0,0.0,18473,global,0.0
1,1,lr1e-04_bs16_drop0p4_temp2p0_a0p25_b0p05__wd1e-04trmiss0_degmodglobal,16,0.0001,0.0001,0.4,2.0,0.25,0.05,lr1e-04_bs16_drop0p4_temp2p0_a0p25_b0p05__wd1e-04trmiss0_degmodglobal,5,0.633395329117775,0.6221106648445129,0.7333333333333333,0.877545294211961,0.6428571428571429,0.0,0.6494194567203522,0.6071433573961258,0.06980043090879917,0.17603716626763344,0.0,0.0,0.0,0.0,0.0,18473,global,0.0
1,1,lr1e-04_bs16_drop0p4_temp2p0_a0p25_b0p05__wd1e-04trmiss0_degmodglobal,16,0.0001,0.0001,0.4,2.0,0.25,0.05,lr1e-04_bs16_drop0p4_temp2p0_a0p25_b0p05__wd1e-04trmiss0_degmodglobal,6,0.5914510935544968,0.6194257736206055,0.7555555555555555,0.8830397997064665,0.7142857142857143,0.0,0.6261662840843201,0.5592415928840637,0.08982837479561567,0.19504793547093868,0.0,0.0,0.0,0.0,0.0,18473,global,0.0
1,1,lr1e-04_bs16_drop0p4_temp2p0_a0p25_b0p05__wd1e-04trmiss0_degmodglobal,16,0.0001,0.0001,0.4,2.0,0.25,0.05,lr1e-04_bs16_drop0p4_temp2p0_a0p25_b0p05__wd1e-04trmiss0_degmodglobal,7,0.5848681628704071,0.6163758039474487,0.7555555555555555,0.8830397997064665,0.6428571428571429,0.0,0.6159629225730896,0.5532222539186478,0.08417681697756052,0.21203409135341644,0.0,0.0,0.0,0.0,0.0,18473,global,0.0
1,1,lr1e-04_bs16_drop0p4_temp2p0_a0p25_b0p05__wd1e-04trmiss0_degmodglobal,16,0.0001,0.0001,0.4,2.0,0.25,0.05,lr1e-04_bs16_drop0p4_temp2p0_a0p25_b0p05__wd1e-04trmiss0_degmodglobal,8,0.5809265524148941,0.6223999261856079,0.7333333333333333,0.8743978243978245,0.6428571428571429,0.0,0.6208999454975128,0.5314682349562645,0.12591533176600933,0.3595895990729332,0.0,0.0,0.0,0.0,0.0,18473,global,0.0
1,1,lr1e-04_bs16_drop0p4_temp2p0_a0p25_b0p05__wd1e-04trmiss0_degmodglobal,16,0.0001,0.0001,0.4,2.0,0.25,0.05,lr1e-04_bs16_drop0p4_temp2p0_a0p25_b0p05__wd1e-04trmiss0_degmodglobal,9,0.5774208903312683,0.6162012815475464,0.7555555555555555,0.8830397997064665,0.6428571428571429,0.0,0.5911420434713364,0.5474998578429222,0.08534572459757328,0.17169173061847687,0.0,0.0,0.0,0.0,0.0,18473,global,0.0
1,1,lr1e-04_bs16_drop0p4_temp2p0_a0p25_b0p05__wd1e-04trmiss0_degmodglobal,16,0.0001,0.0001,0.4,2.0,0.25,0.05,lr1e-04_bs16_drop0p4_temp2p0_a0p25_b0p05__wd1e-04trmiss0_degmodglobal,10,0.5492527186870575,0.6278764605522156,0.7111111111111111,0.8558793058793059,0.6428571428571429,0.0,0.616512656211853,0.5148908123373985,0.097422169521451,0.2001272849738598,0.0,0.0,0.0,0.0,0.0,18473,global,0.0
1,1,lr1e-04_bs16_drop0p4_temp2p0_a0p25_b0p05__wd1e-04trmiss0_degmodglobal,16,0.0001,0.0001,0.4,2.0,0.25,0.05,lr1e-04_bs16_drop0p4_temp2p0_a0p25_b0p05__wd1e-04trmiss0_degmodglobal,11,0.5571403950452805,0.6468969583511353,0.6666666666666666,0.835917785917786,0.5714285714285714,0.0,0.6104784160852432,0.5224059224128723,0.09628027770668268,0.21328789182007313,0.0,0.0,0.0,0.0,0.0,18473,global,0.0
1,1,lr1e-04_bs16_drop0p4_temp2p0_a0p25_b0p05__wd1e-04trmiss0_degmodglobal,16,0.0001,0.0001,0.4,2.0,0.25,0.05,lr1e-04_bs16_drop0p4_temp2p0_a0p25_b0p05__wd1e-04trmiss0_degmodglobal,12,0.5829284936189651,0.6569185256958008,0.6666666666666666,0.835917785917786,0.5714285714285714,0.0,0.5786650776863098,0.5438597649335861,0.10376599431037903,0.26254457607865334,0.0,0.0,0.0,0.0,0.0,18473,global,0.0
1,1,lr1e-04_bs16_drop0p4_temp2p0_a0p25_b0p05__wd1e-04trmiss0_degmodglobal,16,0.0001,0.0001,0.4,2.0,0.25,0.05,lr1e-04_bs16_drop0p4_temp2p0_a0p25_b0p05__wd1e-04trmiss0_degmodglobal,13,0.5660654604434967,0.6722063422203064,0.6222222222222222,0.8167378917378918,0.42857142857142855,0.0,0.596825435757637,0.5252779349684715,0.10782137140631676,0.27664393186569214,0.0,0.0,0.0,0.0,0.0,18473,global,0.0
1,1,lr1e-04_bs16_drop0p4_temp2p0_a0p25_b0p05__wd1e-04trmiss0_degmodglobal,16,0.0001,0.0001,0.4,2.0,0.25,0.05,lr1e-04_bs16_drop0p4_temp2p0_a0p25_b0p05__wd1e-04trmiss0_degmodglobal,14,0.5507055968046188,0.6880863904953003,0.5555555555555555,0.7726301476301476,0.42857142857142855,0.0,0.5727283954620361,0.5328193753957748,0.04409260139800608,0.13726169662550092,0.0,0.0,0.0,0.0,0.0,18473,global,0.0
1,1,lr1e-04_bs16_drop0p4_temp2p0_a0p25_b0p05__wd1e-04trmiss0_degmodglobal,16,0.0001,0.0001,0.4,2.0,0.25,0.05,lr1e-04_bs16_drop0p4_temp2p0_a0p25_b0p05__wd1e-04trmiss0_degmodglobal,15,0.5333740189671516,0.6835505962371826,0.5777777777777777,0.7874449624449624,0.42857142857142855,0.0,0.6083286702632904,0.5016107708215714,0.07513526454567909,0.25958871841430664,0.0,0.0,0.0,0.0,0.0,18473,global,0.0
1,1,lr1e-04_bs16_drop0p4_temp2p0_a0p25_b0p05__wd1e-04trmiss0_degmodglobal,16,0.0001,0.0001,0.4,2.0,0.25,0.05,lr1e-04_bs16_drop0p4_temp2p0_a0p25_b0p05__wd1e-04trmiss0_degmodglobal,16,0.5484645292162895,0.6463582515716553,0.6444444444444445,0.8266585266585267,0.5,0.0,0.5598628222942352,0.5164652615785599,0.08419718593358994,0.21899930760264397,0.0,0.0,0.0,0.0,0.0,18473,global,0.0
1,1,lr1e-04_bs16_drop0p4_temp2p0_a0p25_b0p05__wd1e-04trmiss0_degmodglobal,16,0.0001,0.0001,0.4,2.0,0.25,0.05,lr1e-04_bs16_drop0p4_temp2p0_a0p25_b0p05__wd1e-04trmiss0_degmodglobal,17,0.4980425462126732,0.6398273706436157,0.6888888888888889,0.8584045584045585,0.5,0.0,0.5761125683784485,0.4642024263739586,0.09771356731653214,0.18823431059718132,0.0,0.0,0.0,0.0,0.0,18473,global,0.0
1,1,lr1e-04_bs16_drop0p4_temp2p0_a0p25_b0p05__wd1e-04trmiss0_degmodglobal,16,0.0001,0.0001,0.4,2.0,0.25,0.05,lr1e-04_bs16_drop0p4_temp2p0_a0p25_b0p05__wd1e-04trmiss0_degmodglobal,18,0.5160939693450928,0.6397092938423157,0.6888888888888889,0.8584045584045585,0.5,0.0,0.5701419562101364,0.45862162858247757,0.15217348001897335,0.3885790817439556,0.0,0.0,0.0,0.0,0.0,18473,global,0.0
1,1,lr1e-04_bs16_drop0p4_temp2p0_a0p25_b0p05__wd1e-04trmiss0_degmodglobal,16,0.0001,0.0001,0.4,2.0,0.25,0.05,lr1e-04_bs16_drop0p4_temp2p0_a0p25_b0p05__wd1e-04trmiss0_degmodglobal,19,0.5954132080078125,0.6529605388641357,0.6,0.8096671846671848,0.5,0.0,0.5658261775970459,0.5662060379981995,0.07245892286300659,0.22184882313013077,0.0,0.0,0.0,0.0,0.0,18473,global,0.0
1,1,lr1e-04_bs16_drop0p4_temp2p0_a0p25_b0p05__wd1e-04trmiss0_degmodglobal,16,0.0001,0.0001,0.4,2.0,0.25,0.05,lr1e-04_bs16_drop0p4_temp2p0_a0p25_b0p05__wd1e-04trmiss0_degmodglobal,20,0.5251616537570953,0.6554744243621826,0.6222222222222222,0.8167378917378918,0.5,0.0,0.5743768662214279,0.4929533004760742,0.08879459090530872,0.2001942005008459,0.0,0.0,0.0,0.0,0.0,18473,global,0.0
1,1,lr1e-04_bs16_drop0p4_temp2p0_a0p25_b0p05__wd1e-04trmiss0_degmodglobal,16,0.0001,0.0001,0.4,2.0,0.25,0.05,lr1e-04_bs16_drop0p4_temp2p0_a0p25_b0p05__wd1e-04trmiss0_degmodglobal,21,0.5180979520082474,0.6551691293716431,0.6444444444444445,0.8266585266585267,0.5,0.0,0.5721914768218994,0.4747600853443146,0.11556600499898195,0.28892773017287254,0.0,0.0,0.0,0.0,0.0,18473,global,0.0
1,1,lr1e-04_bs16_drop0p4_temp2p0_a0p25_b0p05__wd1e-04trmiss0_degmodglobal,16,0.0001,0.0001,0.4,2.0,0.25,0.05,lr1e-04_bs16_drop0p4_temp2p0_a0p25_b0p05__wd1e-04trmiss0_degmodglobal,22,0.5311857461929321,0.6523227691650391,0.6444444444444445,0.8266585266585267,0.5,0.0,0.5806658864021301,0.49898891896009445,0.08662139438092709,0.21082934737205505,0.0,0.0,0.0,0.0,0.0,18473,global,0.0
1,1,lr1e-04_bs16_drop0p4_temp2p0_a0p25_b0p05__wd1e-04trmiss0_degmodglobal,16,0.0001,0.0001,0.4,2.0,0.25,0.05,lr1e-04_bs16_drop0p4_temp2p0_a0p25_b0p05__wd1e-04trmiss0_degmodglobal,23,0.549915224313736,0.6470211744308472,0.6444444444444445,0.8266585266585267,0.5,0.0,0.5931287705898285,0.521517239511013,0.07537499628961086,0.1910846047103405,0.0,0.0,0.0,0.0,0.0,18473,global,0.0
1,1,lr1e-04_bs16_drop0p4_temp2p0_a0p25_b0p05__wd1e-04trmiss0_degmodglobal,16,0.0001,0.0001,0.4,2.0,0.25,0.05,lr1e-04_bs16_drop0p4_temp2p0_a0p25_b0p05__wd1e-04trmiss0_degmodglobal,24,0.5457825437188148,0.6479514241218567,0.6444444444444445,0.8266585266585267,0.5,0.0,0.5740190297365189,0.5113463774323463,0.09422256145626307,0.21761002764105797,0.0,0.0,0.0,0.0,0.0,18473,global,0.0
1,1,lr1e-04_bs16_drop0p4_temp2p0_a0p25_b0p05__wd1e-04trmiss0_degmodglobal,16,0.0001,0.0001,0.4,2.0,0.25,0.05,lr1e-04_bs16_drop0p4_temp2p0_a0p25_b0p05__wd1e-04trmiss0_degmodglobal,25,0.5192595720291138,0.6538989543914795,0.6444444444444445,0.8266585266585267,0.5,0.0,0.5787301659584045,0.4825989082455635,0.10196319408714771,0.22339730709791183,0.0,0.0,0.0,0.0,0.0,18473,global,0.0
1,1,lr1e-04_bs16_drop0p4_temp2p0_a0p25_b0p05__wd1e-04trmiss0_degmodglobal,16,0.0001,0.0001,0.4,2.0,0.25,0.05,lr1e-04_bs16_drop0p4_temp2p0_a0p25_b0p05__wd1e-04trmiss0_degmodglobal,26,0.527738057076931,0.6495225429534912,0.6444444444444445,0.8266585266585267,0.5,0.0,0.5947748720645905,0.4890877455472946,0.10001126769930124,0.2729504033923149,0.0,0.0,0.0,0.0,0.0,18473,global,0.0
1,1,lr1e-04_bs16_drop0p4_temp2p0_a0p25_b0p05__wd1e-04trmiss0_degmodglobal,16,0.0001,0.0001,0.4,2.0,0.25,0.05,lr1e-04_bs16_drop0p4_temp2p0_a0p25_b0p05__wd1e-04trmiss0_degmodglobal,27,0.529513955116272,0.6581414341926575,0.6222222222222222,0.8167378917378918,0.5,0.0,0.5509948804974556,0.4956756606698036,0.10270657576620579,0.16323291696608067,0.0,0.0,0.0,0.0,0.0,18473,global,0.0
1,1,lr1e-04_bs16_drop0p4_temp2p0_a0p25_b0p05__wd1e-04trmiss0_degmodglobal,16,0.0001,0.0001,0.4,2.0,0.25,0.05,lr1e-04_bs16_drop0p4_temp2p0_a0p25_b0p05__wd1e-04trmiss0_degmodglobal,28,0.5554130598902702,0.6615575551986694,0.6222222222222222,0.8167378917378918,0.42857142857142855,0.0,0.5968613624572754,0.5216452404856682,0.09422649070620537,0.2042241534218192,0.0,0.0,0.0,0.0,0.0,18473,global,0.0
1,1,lr1e-04_bs16_drop0p4_temp2p0_a0p25_b0p05__wd1e-04trmiss0_degmodglobal,16,0.0001,0.0001,0.4,2.0,0.25,0.05,lr1e-04_bs16_drop0p4_temp2p0_a0p25_b0p05__wd1e-04trmiss0_degmodglobal,29,0.5346460491418839,0.6611732840538025,0.6222222222222222,0.8167378917378918,0.5,0.0,0.5478951930999756,0.4970167577266693,0.09880548249930143,0.25855840370059013,0.0,0.0,0.0,0.0,0.0,18473,global,0.0
1,1,lr5e-05_bs16_drop0p2_temp1p0_a0p25_b0p05__wd1e-04trmiss0_degmodglobal,16,5e-05,0.0001,0.2,1.0,0.25,0.05,lr5e-05_bs16_drop0p2_temp1p0_a0p25_b0p05__wd1e-04trmiss0_degmodglobal,1,0.6950754523277283,0.6865861415863037,0.5777777777777777,0.7212842712842713,0.42857142857142855,0.0,0.6681597232818604,0.6816146373748779,0.04388156346976757,0.049808987416327,0.0,0.0,0.0,0.0,0.0,18473,global,0.0
1,1,lr5e-05_bs16_drop0p2_temp1p0_a0p25_b0p05__wd1e-04trmiss0_degmodglobal,16,5e-05,0.0001,0.2,1.0,0.25,0.05,lr5e-05_bs16_drop0p2_temp1p0_a0p25_b0p05__wd1e-04trmiss0_degmodglobal,2,0.6596577018499374,0.6699121594429016,0.7555555555555555,0.860614077280744,0.6428571428571429,0.0,0.6546940803527832,0.6468795388936996,0.03824852034449577,0.06432079058140516,0.0,0.0,0.0,0.0,0.0,18473,global,0.0
1,1,lr5e-05_bs16_drop0p2_temp1p0_a0p25_b0p05__wd1e-04trmiss0_degmodglobal,16,5e-05,0.0001,0.2,1.0,0.25,0.05,lr5e-05_bs16_drop0p2_temp1p0_a0p25_b0p05__wd1e-04trmiss0_degmodglobal,3,0.6196320652961731,0.6595971584320068,0.7777777777777777,0.8686948853615521,0.7142857142857143,0.0,0.6424480676651001,0.6067389994859695,0.03878787439316511,0.06392213702201843,0.0,0.0,0.0,0.0,0.0,18473,global,0.0
1,1,lr5e-05_bs16_drop0p2_temp1p0_a0p25_b0p05__wd1e-04trmiss0_degmodglobal,16,5e-05,0.0001,0.2,1.0,0.25,0.05,lr5e-05_bs16_drop0p2_temp1p0_a0p25_b0p05__wd1e-04trmiss0_degmodglobal,4,0.662587970495224,0.6529324650764465,0.7555555555555555,0.87642604309271,0.7142857142857143,0.0,0.6347090899944305,0.6483607590198517,0.04230032954365015,0.07304243557155132,0.0,0.0,0.0,0.0,0.0,18473,global,0.0
1,1,lr5e-05_bs16_drop0p2_temp1p0_a0p25_b0p05__wd1e-04trmiss0_degmodglobal,16,5e-05,0.0001,0.2,1.0,0.25,0.05,lr5e-05_bs16_drop0p2_temp1p0_a0p25_b0p05__wd1e-04trmiss0_degmodglobal,5,0.639708548784256,0.6524519324302673,0.7333333333333333,0.8542038208704876,0.7142857142857143,0.0,0.6043182909488678,0.6273847818374634,0.036027876660227776,0.06633577216416597,0.0,0.0,0.0,0.0,0.0,18473,global,0.0
1,1,lr5e-05_bs16_drop0p2_temp1p0_a0p25_b0p05__wd1e-04trmiss0_degmodglobal,16,5e-05,0.0001,0.2,1.0,0.25,0.05,lr5e-05_bs16_drop0p2_temp1p0_a0p25_b0p05__wd1e-04trmiss0_degmodglobal,6,0.634776309132576,0.6542956233024597,0.7111111111111111,0.8422990589657258,0.6428571428571429,0.0,0.6194152384996414,0.6228124052286148,0.036410285625606775,0.05722689814865589,0.0,0.0,0.0,0.0,0.0,18473,global,0.0
1,1,lr5e-05_bs16_drop0p2_temp1p0_a0p25_b0p05__wd1e-04trmiss0_degmodglobal,16,5e-05,0.0001,0.2,1.0,0.25,0.05,lr5e-05_bs16_drop0p2_temp1p0_a0p25_b0p05__wd1e-04trmiss0_degmodglobal,7,0.6261690407991409,0.652856171131134,0.7333333333333334,0.8645212811879479,0.6428571428571429,0.0,0.6109217554330826,0.6138288229703903,0.037688149604946375,0.05836357455700636,0.0,0.0,0.0,0.0,0.0,18473,global,0.0
1,1,lr5e-05_bs16_drop0p2_temp1p0_a0p25_b0p05__wd1e-04trmiss0_degmodglobal,16,5e-05,0.0001,0.2,1.0,0.25,0.05,lr5e-05_bs16_drop0p2_temp1p0_a0p25_b0p05__wd1e-04trmiss0_degmodglobal,8,0.6156622171401978,0.6594612002372742,0.6666666666666666,0.8243978243978245,0.5714285714285714,0.0,0.5930931866168976,0.6011546552181244,0.04510694649070501,0.06461610365658998,0.0,0.0,0.0,0.0,0.0,18473,global,0.0
1,1,lr5e-05_bs16_drop0p2_temp1p0_a0p25_b0p05__wd1e-04trmiss0_degmodglobal,16,5e-05,0.0001,0.2,1.0,0.25,0.05,lr5e-05_bs16_drop0p2_temp1p0_a0p25_b0p05__wd1e-04trmiss0_degmodglobal,9,0.6270222812891006,0.6512355804443359,0.7333333333333334,0.8645212811879479,0.5714285714285714,0.0,0.5995992124080658,0.6147691905498505,0.04178767651319504,0.03612331417389214,0.0,0.0,0.0,0.0,0.0,18473,global,0.0
1,1,lr5e-05_bs16_drop0p2_temp1p0_a0p25_b0p05__wd1e-04trmiss0_degmodglobal,16,5e-05,0.0001,0.2,1.0,0.25,0.05,lr5e-05_bs16_drop0p2_temp1p0_a0p25_b0p05__wd1e-04trmiss0_degmodglobal,10,0.613432765007019,0.6502202153205872,0.7111111111111111,0.8651385651385652,0.6428571428571429,0.0,0.5850460380315781,0.6008796691894531,0.04020457621663809,0.050038987305015326,0.0,0.0,0.0,0.0,0.0,18473,global,0.0
1,1,lr5e-05_bs16_drop0p2_temp1p0_a0p25_b0p05__wd1e-04trmiss0_degmodglobal,16,5e-05,0.0001,0.2,1.0,0.25,0.05,lr5e-05_bs16_drop0p2_temp1p0_a0p25_b0p05__wd1e-04trmiss0_degmodglobal,11,0.5963136404752731,0.6523141860961914,0.7111111111111111,0.8651385651385652,0.5,0.0,0.5466672778129578,0.5805709958076477,0.04525779280811548,0.08856388088315725,0.0,0.0,0.0,0.0,0.0,18473,global,0.0
1,1,lr5e-05_bs16_drop0p2_temp1p0_a0p25_b0p05__wd1e-04trmiss0_degmodglobal,16,5e-05,0.0001,0.2,1.0,0.25,0.05,lr5e-05_bs16_drop0p2_temp1p0_a0p25_b0p05__wd1e-04trmiss0_degmodglobal,12,0.5874160975217819,0.6388857960700989,0.7111111111111111,0.8651385651385652,0.5,0.0,0.5538478642702103,0.5743264406919479,0.04153010714799166,0.05414244532585144,0.0,0.0,0.0,0.0,0.0,18473,global,0.0
1,1,lr5e-05_bs16_drop0p2_temp1p0_a0p25_b0p05__wd1e-04trmiss0_degmodglobal,16,5e-05,0.0001,0.2,1.0,0.25,0.05,lr5e-05_bs16_drop0p2_temp1p0_a0p25_b0p05__wd1e-04trmiss0_degmodglobal,13,0.5822704583406448,0.6216007471084595,0.7333333333333333,0.8743978243978245,0.6428571428571429,0.0,0.5583793967962265,0.5689168274402618,0.043287466280162334,0.05063554085791111,0.0,0.0,0.0,0.0,0.0,18473,global,0.0
1,1,lr5e-05_bs16_drop0p2_temp1p0_a0p25_b0p05__wd1e-04trmiss0_degmodglobal,16,5e-05,0.0001,0.2,1.0,0.25,0.05,lr5e-05_bs16_drop0p2_temp1p0_a0p25_b0p05__wd1e-04trmiss0_degmodglobal,14,0.6316639631986618,0.597432553768158,0.7777777777777778,0.8949445616112284,0.6428571428571429,0.0,0.6076509356498718,0.6188366115093231,0.03972951602190733,0.05789929535239935,0.0,0.0,0.0,0.0,0.0,18473,global,0.0
1,1,lr5e-05_bs16_drop0p2_temp1p0_a0p25_b0p05__wd1e-04trmiss0_degmodglobal,16,5e-05,0.0001,0.2,1.0,0.25,0.05,lr5e-05_bs16_drop0p2_temp1p0_a0p25_b0p05__wd1e-04trmiss0_degmodglobal,15,0.5907639265060425,0.6020548939704895,0.7777777777777778,0.8949445616112284,0.6428571428571429,0.0,0.5429821461439133,0.5786246508359909,0.036418316420167685,0.06069405656307936,0.0,0.0,0.0,0.0,0.0,18473,global,0.0
1,1,lr5e-05_bs16_drop0p2_temp1p0_a0p25_b0p05__wd1e-04trmiss0_degmodglobal,16,5e-05,0.0001,0.2,1.0,0.25,0.05,lr5e-05_bs16_drop0p2_temp1p0_a0p25_b0p05__wd1e-04trmiss0_degmodglobal,16,0.5701011568307877,0.6114420294761658,0.7333333333333333,0.8763057929724598,0.6428571428571429,0.0,0.5488362908363342,0.5589128285646439,0.03648118581622839,0.041360813193023205,0.0,0.0,0.0,0.0,0.0,18473,global,0.0
1,1,lr5e-05_bs16_drop0p2_temp1p0_a0p25_b0p05__wd1e-04trmiss0_degmodglobal,16,5e-05,0.0001,0.2,1.0,0.25,0.05,lr5e-05_bs16_drop0p2_temp1p0_a0p25_b0p05__wd1e-04trmiss0_degmodglobal,17,0.562998503446579,0.6345581412315369,0.6888888888888889,0.8584045584045585,0.5,0.0,0.560557171702385,0.5501055121421814,0.04117819434031844,0.05196884786710143,0.0,0.0,0.0,0.0,0.0,18473,global,0.0
1,1,lr5e-05_bs16_drop0p2_temp1p0_a0p25_b0p05__wd1e-04trmiss0_degmodglobal,16,5e-05,0.0001,0.2,1.0,0.25,0.05,lr5e-05_bs16_drop0p2_temp1p0_a0p25_b0p05__wd1e-04trmiss0_degmodglobal,18,0.5792129784822464,0.6252543926239014,0.6888888888888889,0.8584045584045585,0.5,0.0,0.567946121096611,0.5681102573871613,0.03464606311172247,0.04882410168647766,0.0,0.0,0.0,0.0,0.0,18473,global,0.0
1,1,lr5e-05_bs16_drop0p2_temp1p0_a0p25_b0p05__wd1e-04trmiss0_degmodglobal,16,5e-05,0.0001,0.2,1.0,0.25,0.05,lr5e-05_bs16_drop0p2_temp1p0_a0p25_b0p05__wd1e-04trmiss0_degmodglobal,19,0.56927290558815,0.6130807995796204,0.6444444444444444,0.843926443926444,0.5,0.0,0.5363242030143738,0.5568083375692368,0.039059909991919994,0.053992247208952904,0.0,0.0,0.0,0.0,0.0,18473,global,0.0
1,1,lr5e-05_bs16_drop0p2_temp1p0_a0p25_b0p05__wd1e-04trmiss0_degmodglobal,16,5e-05,0.0001,0.2,1.0,0.25,0.05,lr5e-05_bs16_drop0p2_temp1p0_a0p25_b0p05__wd1e-04trmiss0_degmodglobal,20,0.567763015627861,0.6102536916732788,0.6888888888888889,0.8584045584045585,0.5,0.0,0.5528696328401566,0.5521098524332047,0.047474298626184464,0.07569166831672192,0.0,0.0,0.0,0.0,0.0,18473,global,0.0
1,1,lr5e-05_bs16_drop0p2_temp1p0_a0p25_b0p05__wd1e-04trmiss0_degmodglobal,16,5e-05,0.0001,0.2,1.0,0.25,0.05,lr5e-05_bs16_drop0p2_temp1p0_a0p25_b0p05__wd1e-04trmiss0_degmodglobal,21,0.5607199370861053,0.6105217337608337,0.6888888888888889,0.8584045584045585,0.5714285714285714,0.0,0.5337107628583908,0.5485768020153046,0.04052276210859418,0.04024850018322468,0.0,0.0,0.0,0.0,0.0,18473,global,0.0
1,1,lr5e-05_bs16_drop0p2_temp1p0_a0p25_b0p05__wd1e-04trmiss0_degmodglobal,16,5e-05,0.0001,0.2,1.0,0.25,0.05,lr5e-05_bs16_drop0p2_temp1p0_a0p25_b0p05__wd1e-04trmiss0_degmodglobal,22,0.5461210012435913,0.6171363592147827,0.7111111111111111,0.8651385651385652,0.5714285714285714,0.0,0.5274642258882523,0.5331748574972153,0.04045691899955273,0.056638109032064676,0.0,0.0,0.0,0.0,0.0,18473,global,0.0
1,1,lr5e-05_bs16_drop0p2_temp1p0_a0p25_b0p05__wd1e-04trmiss0_degmodglobal,16,5e-05,0.0001,0.2,1.0,0.25,0.05,lr5e-05_bs16_drop0p2_temp1p0_a0p25_b0p05__wd1e-04trmiss0_degmodglobal,23,0.5460759550333023,0.6170337796211243,0.6888888888888889,0.8584045584045585,0.5,0.0,0.5439568608999252,0.5298545807600021,0.048550184816122055,0.08167662471532822,0.0,0.0,0.0,0.0,0.0,18473,global,0.0
1,1,lr5e-05_bs16_drop0p2_temp1p0_a0p25_b0p05__wd1e-04trmiss0_degmodglobal,16,5e-05,0.0001,0.2,1.0,0.25,0.05,lr5e-05_bs16_drop0p2_temp1p0_a0p25_b0p05__wd1e-04trmiss0_degmodglobal,24,0.5551683753728867,0.6224166750907898,0.6666666666666666,0.8513338513338515,0.5714285714285714,0.0,0.5311523079872131,0.5429540723562241,0.038323227781802416,0.052669699769467115,0.0,0.0,0.0,0.0,0.0,18473,global,0.0
1,1,lr5e-05_bs16_drop0p2_temp1p0_a0p25_b0p05__wd1e-04trmiss0_degmodglobal,16,5e-05,0.0001,0.2,1.0,0.25,0.05,lr5e-05_bs16_drop0p2_temp1p0_a0p25_b0p05__wd1e-04trmiss0_degmodglobal,25,0.5727213770151138,0.6226016879081726,0.6666666666666666,0.8513338513338515,0.5,0.0,0.5573441386222839,0.5593716204166412,0.04048806056380272,0.06455492600798607,0.0,0.0,0.0,0.0,0.0,18473,global,0.0
1,1,lr5e-05_bs16_drop0p2_temp1p0_a0p25_b0p05__wd1e-04trmiss0_degmodglobal,16,5e-05,0.0001,0.2,1.0,0.25,0.05,lr5e-05_bs16_drop0p2_temp1p0_a0p25_b0p05__wd1e-04trmiss0_degmodglobal,26,0.560688778758049,0.6199725270271301,0.6666666666666666,0.8513338513338515,0.5,0.0,0.5203603953123093,0.547175943851471,0.038931014481931925,0.07560157962143421,0.0,0.0,0.0,0.0,0.0,18473,global,0.0
1,1,lr5e-05_bs16_drop0p2_temp1p0_a0p25_b0p05__wd1e-04trmiss0_degmodglobal,16,5e-05,0.0001,0.2,1.0,0.25,0.05,lr5e-05_bs16_drop0p2_temp1p0_a0p25_b0p05__wd1e-04trmiss0_degmodglobal,27,0.554885596036911,0.6091850399971008,0.6666666666666666,0.8513338513338515,0.5714285714285714,0.0,0.5431163609027863,0.5429543033242226,0.03730024863034487,0.05212446395307779,0.0,0.0,0.0,0.0,0.0,18473,global,0.0
1,1,lr5e-05_bs16_drop0p2_temp1p0_a0p25_b0p05__wd1e-04trmiss0_degmodglobal,16,5e-05,0.0001,0.2,1.0,0.25,0.05,lr5e-05_bs16_drop0p2_temp1p0_a0p25_b0p05__wd1e-04trmiss0_degmodglobal,28,0.5683737844228745,0.5984247922897339,0.6444444444444444,0.843926443926444,0.5714285714285714,0.0,0.523573637008667,0.5562733858823776,0.036308206617832184,0.06046715471893549,0.0,0.0,0.0,0.0,0.0,18473,global,0.0
1,1,lr5e-05_bs16_drop0p2_temp1p0_a0p25_b0p05__wd1e-04trmiss0_degmodglobal,16,5e-05,0.0001,0.2,1.0,0.25,0.05,lr5e-05_bs16_drop0p2_temp1p0_a0p25_b0p05__wd1e-04trmiss0_degmodglobal,29,0.5707779228687286,0.5884549617767334,0.6444444444444444,0.843926443926444,0.5,0.0,0.5519989058375359,0.5555971264839172,0.04777517821639776,0.06473998539149761,0.0,0.0,0.0,0.0,0.0,18473,global,0.0
1,1,lr5e-05_bs16_drop0p2_temp1p0_a0p25_b0p05__wd1e-04trmiss0_degmodglobal,16,5e-05,0.0001,0.2,1.0,0.25,0.05,lr5e-05_bs16_drop0p2_temp1p0_a0p25_b0p05__wd1e-04trmiss0_degmodglobal,30,0.5679813623428345,0.5815353393554688,0.6444444444444444,0.843926443926444,0.5714285714285714,0.0,0.5475960820913315,0.555967390537262,0.04104423802345991,0.03505805984605104,0.0,0.0,0.0,0.0,0.0,18473,global,0.0
1,1,lr5e-05_bs16_drop0p2_temp1p0_a0p25_b0p05__wd1e-04trmiss0_degmodglobal,16,5e-05,0.0001,0.2,1.0,0.25,0.05,lr5e-05_bs16_drop0p2_temp1p0_a0p25_b0p05__wd1e-04trmiss0_degmodglobal,31,0.5431308299303055,0.5927455425262451,0.6444444444444444,0.843926443926444,0.5,0.0,0.5340290516614914,0.5293246582150459,0.04266924224793911,0.06277697999030352,0.0,0.0,0.0,0.0,0.0,18473,global,0.0
1,1,lr5e-05_bs16_drop0p2_temp1p0_a0p25_b0p05__wd1e-04trmiss0_degmodglobal,16,5e-05,0.0001,0.2,1.0,0.25,0.05,lr5e-05_bs16_drop0p2_temp1p0_a0p25_b0p05__wd1e-04trmiss0_degmodglobal,32,0.549591064453125,0.5975098013877869,0.6444444444444444,0.843926443926444,0.5,0.0,0.5215475112199783,0.533918023109436,0.048773656599223614,0.06959262397140265,0.0,0.0,0.0,0.0,0.0,18473,global,0.0
1,1,lr5e-05_bs16_drop0p2_temp1p0_a0p25_b0p05__wd1e-04trmiss0_degmodglobal,16,5e-05,0.0001,0.2,1.0,0.25,0.05,lr5e-05_bs16_drop0p2_temp1p0_a0p25_b0p05__wd1e-04trmiss0_degmodglobal,33,0.5553533434867859,0.5948171019554138,0.6444444444444444,0.843926443926444,0.5,0.0,0.511261060833931,0.5382820069789886,0.055907358415424824,0.06189021747559309,0.0,0.0,0.0,0.0,0.0,18473,global,0.0
1,1,lr5e-05_bs16_drop0p2_temp1p0_a0p25_b0p05__wd1e-04trmiss0_degmodglobal,16,5e-05,0.0001,0.2,1.0,0.25,0.05,lr5e-05_bs16_drop0p2_temp1p0_a0p25_b0p05__wd1e-04trmiss0_degmodglobal,34,0.5328752547502518,0.6023285984992981,0.6444444444444444,0.843926443926444,0.5,0.0,0.5126978382468224,0.517800509929657,0.04629845358431339,0.07000263966619968,0.0,0.0,0.0,0.0,0.0,18473,global,0.0
1,1,lr5e-05_bs16_drop0p2_temp2p0_a0p25_b0p05__wd1e-04trmiss0_degmodglobal,16,5e-05,0.0001,0.2,2.0,0.25,0.05,lr5e-05_bs16_drop0p2_temp2p0_a0p25_b0p05__wd1e-04trmiss0_degmodglobal,1,0.7163008898496628,0.6803123354911804,0.6666666666666666,0.7945597612264279,0.7142857142857143,0.0,0.6692323833703995,0.6989807337522507,0.04252884490415454,0.13375909626483917,0.0,0.0,0.0,0.0,0.0,18473,global,0.0
1,1,lr5e-05_bs16_drop0p2_temp2p0_a0p25_b0p05__wd1e-04trmiss0_degmodglobal,16,5e-05,0.0001,0.2,2.0,0.25,0.05,lr5e-05_bs16_drop0p2_temp2p0_a0p25_b0p05__wd1e-04trmiss0_degmodglobal,2,0.6703448295593262,0.6763206124305725,0.7333333333333333,0.8503798670465339,0.6428571428571429,0.0,0.6788959056138992,0.6561801731586456,0.03655736427754164,0.10050604958087206,0.0,0.0,0.0,0.0,0.0,18473,global,0.0
1,1,lr5e-05_bs16_drop0p2_temp2p0_a0p25_b0p05__wd1e-04trmiss0_degmodglobal,16,5e-05,0.0001,0.2,2.0,0.25,0.05,lr5e-05_bs16_drop0p2_temp2p0_a0p25_b0p05__wd1e-04trmiss0_degmodglobal,3,0.6438318938016891,0.6759458780288696,0.7555555555555555,0.8856261022927692,0.5714285714285714,0.0,0.6693623065948486,0.6305056065320969,0.03597619058564305,0.08664478361606598,0.0,0.0,0.0,0.0,0.0,18473,global,0.0
1,1,lr5e-05_bs16_drop0p2_temp2p0_a0p25_b0p05__wd1e-04trmiss0_degmodglobal,16,5e-05,0.0001,0.2,2.0,0.25,0.05,lr5e-05_bs16_drop0p2_temp2p0_a0p25_b0p05__wd1e-04trmiss0_degmodglobal,4,0.6103954166173935,0.6799710392951965,0.7111111111111111,0.8538800705467373,0.5714285714285714,0.0,0.6465418487787247,0.5945072919130325,0.04449508525431156,0.09528671950101852,0.0,0.0,0.0,0.0,0.0,18473,global,0.0
1,1,lr5e-05_bs16_drop0p2_temp2p0_a0p25_b0p05__wd1e-04trmiss0_degmodglobal,16,5e-05,0.0001,0.2,2.0,0.25,0.05,lr5e-05_bs16_drop0p2_temp2p0_a0p25_b0p05__wd1e-04trmiss0_degmodglobal,5,0.6351810395717621,0.6835197806358337,0.6888888888888889,0.8316578483245152,0.5,0.0,0.6443132907152176,0.6215721368789673,0.03651563683524728,0.0895998664200306,0.0,0.0,0.0,0.0,0.0,18473,global,0.0
1,1,lr5e-05_bs16_drop0p2_temp2p0_a0p25_b0p05__wd1e-04trmiss0_degmodglobal,16,5e-05,0.0001,0.2,2.0,0.25,0.05,lr5e-05_bs16_drop0p2_temp2p0_a0p25_b0p05__wd1e-04trmiss0_degmodglobal,6,0.6229424029588699,0.6874765753746033,0.6444444444444445,0.7668430335097003,0.5714285714285714,0.0,0.658841535449028,0.6085890084505081,0.035214112140238285,0.11099733924493194,0.0,0.0,0.0,0.0,0.0,18473,global,0.0
1,1,lr5e-05_bs16_drop0p2_temp2p0_a0p25_b0p05__wd1e-04trmiss0_degmodglobal,16,5e-05,0.0001,0.2,2.0,0.25,0.05,lr5e-05_bs16_drop0p2_temp2p0_a0p25_b0p05__wd1e-04trmiss0_degmodglobal,7,0.6084226965904236,0.6921045184135437,0.6444444444444445,0.7668430335097003,0.5714285714285714,0.0,0.62276890873909,0.5949364453554153,0.03709992580115795,0.08422539103776217,0.0,0.0,0.0,0.0,0.0,18473,global,0.0
1,1,lr5e-05_bs16_drop0p2_temp2p0_a0p25_b0p05__wd1e-04trmiss0_degmodglobal,16,5e-05,0.0001,0.2,2.0,0.25,0.05,lr5e-05_bs16_drop0p2_temp2p0_a0p25_b0p05__wd1e-04trmiss0_degmodglobal,8,0.5789252817630768,0.6891595125198364,0.6444444444444444,0.7719897386564054,0.5714285714285714,0.0,0.6069996207952499,0.5608547478914261,0.04553773067891598,0.13372176513075829,0.0,0.0,0.0,0.0,0.0,18473,global,0.0
1,1,lr5e-05_bs16_drop0p2_temp2p0_a0p25_b0p05__wd1e-04trmiss0_degmodglobal,16,5e-05,0.0001,0.2,2.0,0.25,0.05,lr5e-05_bs16_drop0p2_temp2p0_a0p25_b0p05__wd1e-04trmiss0_degmodglobal,9,0.5858774334192276,0.6838125586509705,0.6222222222222222,0.7587622254288922,0.5714285714285714,0.0,0.6036610901355743,0.5645572692155838,0.05676693003624678,0.1425682995468378,0.0,0.0,0.0,0.0,0.0,18473,global,0.0
1,1,lr5e-05_bs16_drop0p2_temp2p0_a0p25_b0p05__wd1e-04trmiss0_degmodglobal,16,5e-05,0.0001,0.2,2.0,0.25,0.05,lr5e-05_bs16_drop0p2_temp2p0_a0p25_b0p05__wd1e-04trmiss0_degmodglobal,10,0.5721336901187897,0.6816256642341614,0.6666666666666666,0.7774842441509109,0.5714285714285714,0.0,0.602779358625412,0.5510005503892899,0.05635442119091749,0.14089101366698742,0.0,0.0,0.0,0.0,0.0,18473,global,0.0
1,1,lr5e-05_bs16_drop0p2_temp2p0_a0p25_b0p05__wd1e-04trmiss0_degmodglobal,16,5e-05,0.0001,0.2,2.0,0.25,0.05,lr5e-05_bs16_drop0p2_temp2p0_a0p25_b0p05__wd1e-04trmiss0_degmodglobal,11,0.5941473245620728,0.6783883571624756,0.6666666666666665,0.7807470307470308,0.5714285714285714,0.0,0.587288111448288,0.5752717703580856,0.048635548911988735,0.13433296233415604,0.0,0.0,0.0,0.0,0.0,18473,global,0.0
1,1,lr5e-05_bs16_drop0p2_temp2p0_a0p25_b0p05__wd1e-04trmiss0_degmodglobal,16,5e-05,0.0001,0.2,2.0,0.25,0.05,lr5e-05_bs16_drop0p2_temp2p0_a0p25_b0p05__wd1e-04trmiss0_degmodglobal,12,0.5885858535766602,0.6736606955528259,0.6888888888888889,0.817784067784068,0.5714285714285714,0.0,0.5953380167484283,0.5733266621828079,0.0453021889552474,0.0786726363003254,0.0,0.0,0.0,0.0,0.0,18473,global,0.0
1,1,lr5e-05_bs16_drop0p2_temp2p0_a0p25_b0p05__wd1e-04trmiss0_degmodglobal,16,5e-05,0.0001,0.2,2.0,0.25,0.05,lr5e-05_bs16_drop0p2_temp2p0_a0p25_b0p05__wd1e-04trmiss0_degmodglobal,13,0.5523834377527237,0.6780110597610474,0.6666666666666666,0.8058793058793059,0.5714285714285714,0.0,0.5916878879070282,0.5349804759025574,0.04509034287184477,0.12260783649981022,0.0,0.0,0.0,0.0,0.0,18473,global,0.0
1,1,lr5e-05_bs16_drop0p2_temp2p0_a0p25_b0p05__wd1e-04trmiss0_degmodglobal,16,5e-05,0.0001,0.2,2.0,0.25,0.05,lr5e-05_bs16_drop0p2_temp2p0_a0p25_b0p05__wd1e-04trmiss0_degmodglobal,14,0.5346745550632477,0.6775264143943787,0.6666666666666666,0.8243978243978245,0.5714285714285714,0.0,0.5744206309318542,0.5160584002733231,0.051882293075323105,0.11291144229471684,0.0,0.0,0.0,0.0,0.0,18473,global,0.0
1,1,lr5e-05_bs16_drop0p2_temp2p0_a0p25_b0p05__wd1e-04trmiss0_degmodglobal,16,5e-05,0.0001,0.2,2.0,0.25,0.05,lr5e-05_bs16_drop0p2_temp2p0_a0p25_b0p05__wd1e-04trmiss0_degmodglobal,15,0.5590348243713379,0.675190806388855,0.6888888888888889,0.8336570836570838,0.5714285714285714,0.0,0.5937655568122864,0.5437509417533875,0.041495876386761665,0.09819825179874897,0.0,0.0,0.0,0.0,0.0,18473,global,0.0
1,1,lr5e-05_bs16_drop0p2_temp2p0_a0p25_b0p05__wd1e-04trmiss0_degmodglobal,16,5e-05,0.0001,0.2,2.0,0.25,0.05,lr5e-05_bs16_drop0p2_temp2p0_a0p25_b0p05__wd1e-04trmiss0_degmodglobal,16,0.526769146323204,0.6707056760787964,0.7111111111111111,0.8558793058793059,0.5714285714285714,0.0,0.5481671392917633,0.5084543228149414,0.05119738169014454,0.110309649258852,0.0,0.0,0.0,0.0,0.0,18473,global,0.0
1,1,lr5e-05_bs16_drop0p2_temp2p0_a0p25_b0p05__wd1e-04trmiss0_degmodglobal,16,5e-05,0.0001,0.2,2.0,0.25,0.05,lr5e-05_bs16_drop0p2_temp2p0_a0p25_b0p05__wd1e-04trmiss0_degmodglobal,17,0.5384543091058731,0.6712589859962463,0.6888888888888889,0.8336570836570838,0.5714285714285714,0.0,0.5727274715900421,0.5218317359685898,0.046089562587440014,0.10200309008359909,0.0,0.0,0.0,0.0,0.0,18473,global,0.0
1,1,lr5e-05_bs16_drop0p2_temp2p0_a0p25_b0p05__wd1e-04trmiss0_degmodglobal,16,5e-05,0.0001,0.2,2.0,0.25,0.05,lr5e-05_bs16_drop0p2_temp2p0_a0p25_b0p05__wd1e-04trmiss0_degmodglobal,18,0.5471398234367371,0.6782440543174744,0.6666666666666666,0.8243978243978245,0.5714285714285714,0.0,0.6059723347425461,0.5238189175724983,0.05961479898542166,0.16834403946995735,0.0,0.0,0.0,0.0,0.0,18473,global,0.0
1,1,lr5e-05_bs16_drop0p2_temp2p0_a0p25_b0p05__wd1e-04trmiss0_degmodglobal,16,5e-05,0.0001,0.2,2.0,0.25,0.05,lr5e-05_bs16_drop0p2_temp2p0_a0p25_b0p05__wd1e-04trmiss0_degmodglobal,19,0.5610922574996948,0.681614339351654,0.6444444444444444,0.7966200466200468,0.5714285714285714,0.0,0.5537478178739548,0.5445803254842758,0.0444510318338871,0.10798367112874985,0.0,0.0,0.0,0.0,0.0,18473,global,0.0
1,1,lr5e-05_bs16_drop0p2_temp2p0_a0p25_b0p05__wd1e-04trmiss0_degmodglobal,16,5e-05,0.0001,0.2,2.0,0.25,0.05,lr5e-05_bs16_drop0p2_temp2p0_a0p25_b0p05__wd1e-04trmiss0_degmodglobal,20,0.5364458858966827,0.684639036655426,0.6,0.7528490028490029,0.5714285714285714,0.0,0.5823111534118652,0.5110595375299454,0.06417678762227297,0.1868429183959961,0.0,0.0,0.0,0.0,0.0,18473,global,0.0
1,1,lr5e-05_bs16_drop0p2_temp2p0_a0p25_b0p05__wd1e-04trmiss0_degmodglobal,16,5e-05,0.0001,0.2,2.0,0.25,0.05,lr5e-05_bs16_drop0p2_temp2p0_a0p25_b0p05__wd1e-04trmiss0_degmodglobal,21,0.5515259057283401,0.6814572811126709,0.6,0.7528490028490029,0.5714285714285714,0.0,0.5491832047700882,0.5330123603343964,0.05079771485179663,0.11628267727792263,0.0,0.0,0.0,0.0,0.0,18473,global,0.0
1,1,lr5e-05_bs16_drop0p2_temp2p0_a0p25_b0p05__wd1e-04trmiss0_degmodglobal,16,5e-05,0.0001,0.2,2.0,0.25,0.05,lr5e-05_bs16_drop0p2_temp2p0_a0p25_b0p05__wd1e-04trmiss0_degmodglobal,22,0.5326700210571289,0.6789520978927612,0.6,0.7528490028490029,0.5714285714285714,0.0,0.5536113828420639,0.5146892964839935,0.05027128662914038,0.10825805738568306,0.0,0.0,0.0,0.0,0.0,18473,global,0.0
1,1,lr5e-05_bs16_drop0p2_temp2p0_a0p25_b0p05__wd1e-04trmiss0_degmodglobal,16,5e-05,0.0001,0.2,2.0,0.25,0.05,lr5e-05_bs16_drop0p2_temp2p0_a0p25_b0p05__wd1e-04trmiss0_degmodglobal,23,0.5313519835472107,0.6760299205780029,0.6222222222222222,0.7621082621082622,0.6428571428571429,0.0,0.5540524423122406,0.5074637159705162,0.05998550076037645,0.17783772386610508,0.0,0.0,0.0,0.0,0.0,18473,global,0.0
1,1,lr5e-05_bs16_drop0p2_temp2p0_a0p25_b0p05__wd1e-04trmiss0_degmodglobal,16,5e-05,0.0001,0.2,2.0,0.25,0.05,lr5e-05_bs16_drop0p2_temp2p0_a0p25_b0p05__wd1e-04trmiss0_degmodglobal,24,0.5136276632547379,0.6778838634490967,0.6,0.7528490028490029,0.5714285714285714,0.0,0.5382904410362244,0.49173586815595627,0.06000883411616087,0.13779156282544136,0.0,0.0,0.0,0.0,0.0,18473,global,0.0
1,1,lr5e-05_bs16_drop0p2_temp2p0_a0p25_b0p05__wd1e-04trmiss0_degmodglobal,16,5e-05,0.0001,0.2,2.0,0.25,0.05,lr5e-05_bs16_drop0p2_temp2p0_a0p25_b0p05__wd1e-04trmiss0_degmodglobal,25,0.54045669734478,0.6826406717300415,0.6,0.7528490028490029,0.5714285714285714,0.0,0.5665057599544525,0.5216579735279083,0.05035954341292381,0.12417697161436081,0.0,0.0,0.0,0.0,0.0,18473,global,0.0
1,1,lr5e-05_bs16_drop0p2_temp2p0_a0p25_b0p05__wd1e-04trmiss0_degmodglobal,16,5e-05,0.0001,0.2,2.0,0.25,0.05,lr5e-05_bs16_drop0p2_temp2p0_a0p25_b0p05__wd1e-04trmiss0_degmodglobal,26,0.5412279516458511,0.680998682975769,0.6222222222222222,0.7621082621082622,0.5714285714285714,0.0,0.5795785337686539,0.5242872536182404,0.04457669425755739,0.11593054234981537,0.0,0.0,0.0,0.0,0.0,18473,global,0.0
1,1,lr5e-05_bs16_drop0p2_temp2p0_a0p25_b0p05__wd1e-04trmiss0_degmodglobal,16,5e-05,0.0001,0.2,2.0,0.25,0.05,lr5e-05_bs16_drop0p2_temp2p0_a0p25_b0p05__wd1e-04trmiss0_degmodglobal,27,0.5368615463376045,0.6816962361335754,0.6,0.7528490028490029,0.5714285714285714,0.0,0.5637275874614716,0.518645852804184,0.05231183860450983,0.10275492537766695,0.0,0.0,0.0,0.0,0.0,18473,global,0.0
1,1,lr5e-05_bs16_drop0p2_temp2p0_a0p25_b0p05__wd1e-04trmiss0_degmodglobal,16,5e-05,0.0001,0.2,2.0,0.25,0.05,lr5e-05_bs16_drop0p2_temp2p0_a0p25_b0p05__wd1e-04trmiss0_degmodglobal,28,0.5593406409025192,0.6803842782974243,0.6222222222222222,0.7898860398860401,0.5714285714285714,0.0,0.5359500199556351,0.5388196930289268,0.055793157778680325,0.13145332038402557,0.0,0.0,0.0,0.0,0.0,18473,global,0.0
1,1,lr5e-05_bs16_drop0p2_temp2p0_a0p25_b0p05__wd1e-04trmiss0_degmodglobal,16,5e-05,0.0001,0.2,2.0,0.25,0.05,lr5e-05_bs16_drop0p2_temp2p0_a0p25_b0p05__wd1e-04trmiss0_degmodglobal,29,0.5439497530460358,0.6767088770866394,0.6222222222222222,0.7621082621082622,0.6428571428571429,0.0,0.5456708520650864,0.5261623412370682,0.04979338776320219,0.10678096860647202,0.0,0.0,0.0,0.0,0.0,18473,global,0.0
1,1,lr5e-05_bs16_drop0p2_temp2p0_a0p25_b0p05__wd1e-04trmiss0_degmodglobal,16,5e-05,0.0001,0.2,2.0,0.25,0.05,lr5e-05_bs16_drop0p2_temp2p0_a0p25_b0p05__wd1e-04trmiss0_degmodglobal,30,0.524902805685997,0.6729164719581604,0.6222222222222222,0.7920745920745922,0.6428571428571429,0.0,0.5332094579935074,0.5080709084868431,0.049170032143592834,0.09078780189156532,0.0,0.0,0.0,0.0,0.0,18473,global,0.0
1,1,lr5e-05_bs16_drop0p2_temp2p0_a0p25_b0p05__wd1e-04trmiss0_degmodglobal,16,5e-05,0.0001,0.2,2.0,0.25,0.05,lr5e-05_bs16_drop0p2_temp2p0_a0p25_b0p05__wd1e-04trmiss0_degmodglobal,31,0.5374702289700508,0.6760312914848328,0.6222222222222222,0.7898860398860401,0.6428571428571429,0.0,0.5825659930706024,0.51854307949543,0.05087361019104719,0.12417474016547203,0.0,0.0,0.0,0.0,0.0,18473,global,0.0
1,1,lr5e-05_bs16_drop0p2_temp2p0_a0p25_b0p05__wd1e-04trmiss0_degmodglobal,16,5e-05,0.0001,0.2,2.0,0.25,0.05,lr5e-05_bs16_drop0p2_temp2p0_a0p25_b0p05__wd1e-04trmiss0_degmodglobal,32,0.5064363554120064,0.6726786494255066,0.6222222222222222,0.7621082621082622,0.6428571428571429,0.0,0.5229916572570801,0.48787981271743774,0.05227161105722189,0.10977283492684364,0.0,0.0,0.0,0.0,0.0,18473,global,0.0
1,1,lr5e-05_bs16_drop0p2_temp2p0_a0p25_b0p05__wd1e-04trmiss0_degmodglobal,16,5e-05,0.0001,0.2,2.0,0.25,0.05,lr5e-05_bs16_drop0p2_temp2p0_a0p25_b0p05__wd1e-04trmiss0_degmodglobal,33,0.5477544516324997,0.674519956111908,0.6222222222222222,0.7621082621082622,0.6428571428571429,0.0,0.5391362905502319,0.5256173759698868,0.0614459291100502,0.1355116367340088,0.0,0.0,0.0,0.0,0.0,18473,global,0.0
1,1,lr5e-05_bs16_drop0p2_temp2p0_a0p25_b0p05__wd1e-04trmiss0_degmodglobal,16,5e-05,0.0001,0.2,2.0,0.25,0.05,lr5e-05_bs16_drop0p2_temp2p0_a0p25_b0p05__wd1e-04trmiss0_degmodglobal,34,0.5407819300889969,0.676887571811676,0.6222222222222222,0.7621082621082622,0.6428571428571429,0.0,0.5389678403735161,0.5188965871930122,0.06551771145313978,0.11011820775456727,0.0,0.0,0.0,0.0,0.0,18473,global,0.0
1,1,lr5e-05_bs16_drop0p2_temp2p0_a0p25_b0p05__wd1e-04trmiss0_degmodglobal,16,5e-05,0.0001,0.2,2.0,0.25,0.05,lr5e-05_bs16_drop0p2_temp2p0_a0p25_b0p05__wd1e-04trmiss0_degmodglobal,35,0.4941962957382202,0.6704975962638855,0.6,0.7550375550375552,0.6428571428571429,0.0,0.5277293547987938,0.4670649319887161,0.075493598356843,0.16515935398638248,0.0,0.0,0.0,0.0,0.0,18473,global,0.0
1,1,lr5e-05_bs16_drop0p2_temp2p0_a0p25_b0p05__wd1e-04trmiss0_degmodglobal,16,5e-05,0.0001,0.2,2.0,0.25,0.05,lr5e-05_bs16_drop0p2_temp2p0_a0p25_b0p05__wd1e-04trmiss0_degmodglobal,36,0.5156331807374954,0.6678717732429504,0.6222222222222222,0.7669423169423171,0.6428571428571429,0.0,0.520578183233738,0.49245594441890717,0.06936269253492355,0.11673110909759998,0.0,0.0,0.0,0.0,0.0,18473,global,0.0
1,1,lr5e-05_bs16_drop0p4_temp1p0_a0p25_b0p05__wd1e-04trmiss0_degmodglobal,16,5e-05,0.0001,0.4,1.0,0.25,0.05,lr5e-05_bs16_drop0p4_temp1p0_a0p25_b0p05__wd1e-04trmiss0_degmodglobal,1,0.6952711641788483,0.6861015558242798,0.5111111111111111,0.6525844525844526,0.5,0.0,0.6764939874410629,0.6693255007266998,0.07570817973464727,0.1403721198439598,0.0,0.0,0.0,0.0,0.0,18473,global,0.0
1,1,lr5e-05_bs16_drop0p4_temp1p0_a0p25_b0p05__wd1e-04trmiss0_degmodglobal,16,5e-05,0.0001,0.4,1.0,0.25,0.05,lr5e-05_bs16_drop0p4_temp1p0_a0p25_b0p05__wd1e-04trmiss0_degmodglobal,2,0.705748975276947,0.6788778901100159,0.6222222222222222,0.7472101972101972,0.6428571428571429,0.0,0.6852789670228958,0.6814289838075638,0.06642555259168148,0.15427216421812773,0.0,0.0,0.0,0.0,0.0,18473,global,0.0
1,1,lr5e-05_bs16_drop0p4_temp1p0_a0p25_b0p05__wd1e-04trmiss0_degmodglobal,16,5e-05,0.0001,0.4,1.0,0.25,0.05,lr5e-05_bs16_drop0p4_temp1p0_a0p25_b0p05__wd1e-04trmiss0_degmodglobal,3,0.6931789219379425,0.6725223064422607,0.6444444444444445,0.7575227241893909,0.6428571428571429,0.0,0.6405386179685593,0.675196573138237,0.04838861431926489,0.11770419031381607,0.0,0.0,0.0,0.0,0.0,18473,global,0.0
1,1,lr5e-05_bs16_drop0p4_temp1p0_a0p25_b0p05__wd1e-04trmiss0_degmodglobal,16,5e-05,0.0001,0.4,1.0,0.25,0.05,lr5e-05_bs16_drop0p4_temp1p0_a0p25_b0p05__wd1e-04trmiss0_degmodglobal,4,0.6438329070806503,0.6645604372024536,0.6888888888888889,0.8268398268398269,0.6428571428571429,0.0,0.6567919701337814,0.6205848157405853,0.06290605384856462,0.15043182484805584,0.0,0.0,0.0,0.0,0.0,18473,global,0.0
1,1,lr5e-05_bs16_drop0p4_temp1p0_a0p25_b0p05__wd1e-04trmiss0_degmodglobal,16,5e-05,0.0001,0.4,1.0,0.25,0.05,lr5e-05_bs16_drop0p4_temp1p0_a0p25_b0p05__wd1e-04trmiss0_degmodglobal,5,0.6573274880647659,0.6609309315681458,0.6888888888888889,0.8268398268398269,0.6428571428571429,0.0,0.6389497667551041,0.6333341896533966,0.06419098936021328,0.1589109469205141,0.0,0.0,0.0,0.0,0.0,18473,global,0.0
1,1,lr5e-05_bs16_drop0p4_temp1p0_a0p25_b0p05__wd1e-04trmiss0_degmodglobal,16,5e-05,0.0001,0.4,1.0,0.25,0.05,lr5e-05_bs16_drop0p4_temp1p0_a0p25_b0p05__wd1e-04trmiss0_degmodglobal,6,0.6452522426843643,0.6565178036689758,0.6888888888888889,0.8268398268398269,0.6428571428571429,0.0,0.6538335978984833,0.617143988609314,0.07292466517537832,0.19754159823060036,0.0,0.0,0.0,0.0,0.0,18473,global,0.0
1,1,lr5e-05_bs16_drop0p4_temp1p0_a0p25_b0p05__wd1e-04trmiss0_degmodglobal,16,5e-05,0.0001,0.4,1.0,0.25,0.05,lr5e-05_bs16_drop0p4_temp1p0_a0p25_b0p05__wd1e-04trmiss0_degmodglobal,7,0.6527347564697266,0.6564720869064331,0.6888888888888889,0.8268398268398269,0.5714285714285714,0.0,0.6325850188732147,0.6257351040840149,0.07070698542520404,0.18645798601210117,0.0,0.0,0.0,0.0,0.0,18473,global,0.0
1,1,lr5e-05_bs16_drop0p4_temp1p0_a0p25_b0p05__wd1e-04trmiss0_degmodglobal,16,5e-05,0.0001,0.4,1.0,0.25,0.05,lr5e-05_bs16_drop0p4_temp1p0_a0p25_b0p05__wd1e-04trmiss0_degmodglobal,8,0.6250526607036591,0.6469370126724243,0.711111111111111,0.8400673400673402,0.6428571428571429,0.0,0.6131217628717422,0.6003199219703674,0.06681270152330399,0.16059121116995811,0.0,0.0,0.0,0.0,0.0,18473,global,0.0
1,1,lr5e-05_bs16_drop0p4_temp1p0_a0p25_b0p05__wd1e-04trmiss0_degmodglobal,16,5e-05,0.0001,0.4,1.0,0.25,0.05,lr5e-05_bs16_drop0p4_temp1p0_a0p25_b0p05__wd1e-04trmiss0_degmodglobal,9,0.6446443349123001,0.6462655067443848,0.7333333333333334,0.8622895622895626,0.5714285714285714,0.0,0.5671110153198242,0.6167265325784683,0.07829065062105656,0.16690286807715893,0.0,0.0,0.0,0.0,0.0,18473,global,0.0
1,1,lr5e-05_bs16_drop0p4_temp1p0_a0p25_b0p05__wd1e-04trmiss0_degmodglobal,16,5e-05,0.0001,0.4,1.0,0.25,0.05,lr5e-05_bs16_drop0p4_temp1p0_a0p25_b0p05__wd1e-04trmiss0_degmodglobal,10,0.6140472739934921,0.6420092582702637,0.7333333333333334,0.8622895622895626,0.5714285714285714,0.0,0.5790870040655136,0.586481511592865,0.08119010925292969,0.14536485262215137,0.0,0.0,0.0,0.0,0.0,18473,global,0.0
1,1,lr5e-05_bs16_drop0p4_temp1p0_a0p25_b0p05__wd1e-04trmiss0_degmodglobal,16,5e-05,0.0001,0.4,1.0,0.25,0.05,lr5e-05_bs16_drop0p4_temp1p0_a0p25_b0p05__wd1e-04trmiss0_degmodglobal,11,0.629686251282692,0.636364221572876,0.7333333333333334,0.8622895622895626,0.5714285714285714,0.0,0.6500393003225327,0.6064692139625549,0.06288163550198078,0.14993271604180336,0.0,0.0,0.0,0.0,0.0,18473,global,0.0
1,1,lr5e-05_bs16_drop0p4_temp1p0_a0p25_b0p05__wd1e-04trmiss0_degmodglobal,16,5e-05,0.0001,0.4,1.0,0.25,0.05,lr5e-05_bs16_drop0p4_temp1p0_a0p25_b0p05__wd1e-04trmiss0_degmodglobal,12,0.6976979374885559,0.631537675857544,0.7333333333333334,0.8622895622895626,0.6428571428571429,0.0,0.5581443458795547,0.6572783291339874,0.09430006705224514,0.3368917554616928,0.0,0.0,0.0,0.0,0.0,18473,global,0.0
1,1,lr5e-05_bs16_drop0p4_temp1p0_a0p25_b0p05__wd1e-04trmiss0_degmodglobal,16,5e-05,0.0001,0.4,1.0,0.25,0.05,lr5e-05_bs16_drop0p4_temp1p0_a0p25_b0p05__wd1e-04trmiss0_degmodglobal,13,0.6616917997598648,0.6331971287727356,0.711111111111111,0.8400673400673402,0.6428571428571429,0.0,0.6060513705015182,0.6321884542703629,0.07996466755867004,0.19024378061294556,0.0,0.0,0.0,0.0,0.0,18473,global,0.0
1,1,lr5e-05_bs16_drop0p4_temp1p0_a0p25_b0p05__wd1e-04trmiss0_degmodglobal,16,5e-05,0.0001,0.4,1.0,0.25,0.05,lr5e-05_bs16_drop0p4_temp1p0_a0p25_b0p05__wd1e-04trmiss0_degmodglobal,14,0.6482465714216232,0.6336771249771118,0.7333333333333334,0.8622895622895626,0.5714285714285714,0.0,0.5996531993150711,0.6289010941982269,0.056967439129948616,0.10207279957830906,0.0,0.0,0.0,0.0,0.0,18473,global,0.0
1,1,lr5e-05_bs16_drop0p4_temp1p0_a0p25_b0p05__wd1e-04trmiss0_degmodglobal,16,5e-05,0.0001,0.4,1.0,0.25,0.05,lr5e-05_bs16_drop0p4_temp1p0_a0p25_b0p05__wd1e-04trmiss0_degmodglobal,15,0.6103845983743668,0.6341062784194946,0.7333333333333334,0.8622895622895626,0.5714285714285714,0.0,0.5735527127981186,0.5840324908494949,0.0693220105022192,0.18043258041143417,0.0,0.0,0.0,0.0,0.0,18473,global,0.0
1,1,lr5e-05_bs16_drop0p4_temp1p0_a0p25_b0p05__wd1e-04trmiss0_degmodglobal,16,5e-05,0.0001,0.4,1.0,0.25,0.05,lr5e-05_bs16_drop0p4_temp1p0_a0p25_b0p05__wd1e-04trmiss0_degmodglobal,16,0.6392192840576172,0.6437028050422668,0.7111111111111111,0.8530303030303032,0.5714285714285714,0.0,0.6030913293361664,0.6063981056213379,0.08326262049376965,0.2401106394827366,0.0,0.0,0.0,0.0,0.0,18473,global,0.0
1,1,lr5e-05_bs16_drop0p4_temp1p0_a0p25_b0p05__wd1e-04trmiss0_degmodglobal,16,5e-05,0.0001,0.4,1.0,0.25,0.05,lr5e-05_bs16_drop0p4_temp1p0_a0p25_b0p05__wd1e-04trmiss0_degmodglobal,17,0.596456378698349,0.6638157367706299,0.6666666666666667,0.8175805675805676,0.5714285714285714,0.0,0.5777159035205841,0.5760690718889236,0.054221692495048046,0.1366377267986536,0.0,0.0,0.0,0.0,0.0,18473,global,0.0
1,1,lr5e-05_bs16_drop0p4_temp1p0_a0p25_b0p05__wd1e-04trmiss0_degmodglobal,16,5e-05,0.0001,0.4,1.0,0.25,0.05,lr5e-05_bs16_drop0p4_temp1p0_a0p25_b0p05__wd1e-04trmiss0_degmodglobal,18,0.6226469725370407,0.6654804944992065,0.6222222222222222,0.7833925333925336,0.5,0.0,0.597899004817009,0.597022220492363,0.0688472157344222,0.16825894732028246,0.0,0.0,0.0,0.0,0.0,18473,global,0.0
1,1,lr5e-05_bs16_drop0p4_temp1p0_a0p25_b0p05__wd1e-04trmiss0_degmodglobal,16,5e-05,0.0001,0.4,1.0,0.25,0.05,lr5e-05_bs16_drop0p4_temp1p0_a0p25_b0p05__wd1e-04trmiss0_degmodglobal,19,0.5788486152887344,0.6582769751548767,0.6444444444444445,0.7926517926517926,0.5714285714285714,0.0,0.58989217877388,0.5533506870269775,0.07537125237286091,0.13310230523347855,0.0,0.0,0.0,0.0,0.0,18473,global,0.0
1,1,lr5e-05_bs16_drop0p4_temp1p0_a0p25_b0p05__wd1e-04trmiss0_degmodglobal,16,5e-05,0.0001,0.4,1.0,0.25,0.05,lr5e-05_bs16_drop0p4_temp1p0_a0p25_b0p05__wd1e-04trmiss0_degmodglobal,20,0.5911972671747208,0.6619226336479187,0.6222222222222222,0.7859177859177859,0.5714285714285714,0.0,0.5479447990655899,0.5688186585903168,0.061859721317887306,0.13827340118587017,0.0,0.0,0.0,0.0,0.0,18473,global,0.0
1,1,lr5e-05_bs16_drop0p4_temp1p0_a0p25_b0p05__wd1e-04trmiss0_degmodglobal,16,5e-05,0.0001,0.4,1.0,0.25,0.05,lr5e-05_bs16_drop0p4_temp1p0_a0p25_b0p05__wd1e-04trmiss0_degmodglobal,21,0.5762540102005005,0.6593576669692993,0.6444444444444445,0.7926517926517926,0.5714285714285714,0.0,0.5525263696908951,0.551701545715332,0.0720647294074297,0.13072547176852822,0.0,0.0,0.0,0.0,0.0,18473,global,0.0
1,1,lr5e-05_bs16_drop0p4_temp1p0_a0p25_b0p05__wd1e-04trmiss0_degmodglobal,16,5e-05,0.0001,0.4,1.0,0.25,0.05,lr5e-05_bs16_drop0p4_temp1p0_a0p25_b0p05__wd1e-04trmiss0_degmodglobal,22,0.6331197768449783,0.6645691990852356,0.6444444444444445,0.7926517926517926,0.5714285714285714,0.0,0.5702968537807465,0.6052092760801315,0.07538068667054176,0.1813064143061638,0.0,0.0,0.0,0.0,0.0,18473,global,0.0
1,1,lr5e-05_bs16_drop0p4_temp1p0_a0p25_b0p05__wd1e-04trmiss0_degmodglobal,16,5e-05,0.0001,0.4,1.0,0.25,0.05,lr5e-05_bs16_drop0p4_temp1p0_a0p25_b0p05__wd1e-04trmiss0_degmodglobal,23,0.5967569500207901,0.6648604869842529,0.6444444444444445,0.7926517926517926,0.5714285714285714,0.0,0.5442924499511719,0.5717691332101822,0.06546152383089066,0.1724483110010624,0.0,0.0,0.0,0.0,0.0,18473,global,0.0
1,1,lr5e-05_bs16_drop0p4_temp1p0_a0p25_b0p05__wd1e-04trmiss0_degmodglobal,16,5e-05,0.0001,0.4,1.0,0.25,0.05,lr5e-05_bs16_drop0p4_temp1p0_a0p25_b0p05__wd1e-04trmiss0_degmodglobal,24,0.6053300350904465,0.6668819785118103,0.6444444444444445,0.7926517926517926,0.5714285714285714,0.0,0.5121332928538322,0.5747580528259277,0.08258634619414806,0.1985081322491169,0.0,0.0,0.0,0.0,0.0,18473,global,0.0
1,1,lr5e-05_bs16_drop0p4_temp1p0_a0p25_b0p05__wd1e-04trmiss0_degmodglobal,16,5e-05,0.0001,0.4,1.0,0.25,0.05,lr5e-05_bs16_drop0p4_temp1p0_a0p25_b0p05__wd1e-04trmiss0_degmodglobal,25,0.5875808000564575,0.6684561371803284,0.6222222222222222,0.7859177859177859,0.5714285714285714,0.0,0.5680379718542099,0.556125670671463,0.08480718731880188,0.20506670698523521,0.0,0.0,0.0,0.0,0.0,18473,global,0.0
1,1,lr5e-05_bs16_drop0p4_temp1p0_a0p25_b0p05__wd1e-04trmiss0_degmodglobal,16,5e-05,0.0001,0.4,1.0,0.25,0.05,lr5e-05_bs16_drop0p4_temp1p0_a0p25_b0p05__wd1e-04trmiss0_degmodglobal,26,0.5581921935081482,0.6634567975997925,0.6222222222222222,0.7859177859177859,0.5714285714285714,0.0,0.5660472586750984,0.5286493003368378,0.07111043389886618,0.23530538380146027,0.0,0.0,0.0,0.0,0.0,18473,global,0.0
1,1,lr5e-05_bs16_drop0p4_temp1p0_a0p25_b0p05__wd1e-04trmiss0_degmodglobal,16,5e-05,0.0001,0.4,1.0,0.25,0.05,lr5e-05_bs16_drop0p4_temp1p0_a0p25_b0p05__wd1e-04trmiss0_degmodglobal,27,0.6021576225757599,0.6566833853721619,0.6444444444444445,0.7926517926517926,0.5714285714285714,0.0,0.5330295562744141,0.573753222823143,0.08050741767510772,0.16555112972855568,0.0,0.0,0.0,0.0,0.0,18473,global,0.0
1,1,lr5e-05_bs16_drop0p4_temp1p0_a0p25_b0p05__wd1e-04trmiss0_degmodglobal,16,5e-05,0.0001,0.4,1.0,0.25,0.05,lr5e-05_bs16_drop0p4_temp1p0_a0p25_b0p05__wd1e-04trmiss0_degmodglobal,28,0.5669999122619629,0.6586625576019287,0.6444444444444445,0.7926517926517926,0.5714285714285714,0.0,0.5499517396092415,0.5449083149433136,0.059673065319657326,0.14346632175147533,0.0,0.0,0.0,0.0,0.0,18473,global,0.0
1,1,lr5e-05_bs16_drop0p4_temp1p0_a0p25_b0p05__wd1e-04trmiss0_degmodglobal,16,5e-05,0.0001,0.4,1.0,0.25,0.05,lr5e-05_bs16_drop0p4_temp1p0_a0p25_b0p05__wd1e-04trmiss0_degmodglobal,29,0.6039409041404724,0.6574538350105286,0.6222222222222222,0.7833925333925336,0.5714285714285714,0.0,0.5501593351364136,0.572620153427124,0.07844206970185041,0.23420443013310432,0.0,0.0,0.0,0.0,0.0,18473,global,0.0
1,1,lr5e-05_bs16_drop0p4_temp1p0_a0p25_b0p05__wd1e-04trmiss0_degmodglobal,16,5e-05,0.0001,0.4,1.0,0.25,0.05,lr5e-05_bs16_drop0p4_temp1p0_a0p25_b0p05__wd1e-04trmiss0_degmodglobal,30,0.5844158977270126,0.6595137715339661,0.6444444444444444,0.7991452991452992,0.5714285714285714,0.0,0.5532746836543083,0.5513373464345932,0.09272949397563934,0.1979239322245121,0.0,0.0,0.0,0.0,0.0,18473,global,0.0
1,1,lr5e-05_bs16_drop0p4_temp1p0_a0p25_b0p05__wd1e-04trmiss0_degmodglobal,16,5e-05,0.0001,0.4,1.0,0.25,0.05,lr5e-05_bs16_drop0p4_temp1p0_a0p25_b0p05__wd1e-04trmiss0_degmodglobal,31,0.5729615986347198,0.6584957838058472,0.6444444444444444,0.7991452991452992,0.5714285714285714,0.0,0.5190645679831505,0.5423299744725227,0.07896601036190987,0.2178022675216198,0.0,0.0,0.0,0.0,0.0,18473,global,0.0
1,1,lr5e-05_bs16_drop0p4_temp1p0_a0p25_b0p05__wd1e-04trmiss0_degmodglobal,16,5e-05,0.0001,0.4,1.0,0.25,0.05,lr5e-05_bs16_drop0p4_temp1p0_a0p25_b0p05__wd1e-04trmiss0_degmodglobal,32,0.5765057355165482,0.6586332321166992,0.6222222222222222,0.7898860398860401,0.5714285714285714,0.0,0.49246082454919815,0.5495914667844772,0.0705657210201025,0.1854567676782608,0.0,0.0,0.0,0.0,0.0,18473,global,0.0
1,1,lr5e-05_bs16_drop0p4_temp2p0_a0p25_b0p05__wd1e-04trmiss0_degmodglobal,16,5e-05,0.0001,0.4,2.0,0.25,0.05,lr5e-05_bs16_drop0p4_temp2p0_a0p25_b0p05__wd1e-04trmiss0_degmodglobal,1,0.7629239559173584,0.7129925489425659,0.33333333333333326,0.5723215056548391,0.5,0.0,0.6826862841844559,0.7360618263483047,0.06672796420753002,0.2036025933921337,0.0,0.0,0.0,0.0,0.0,18473,global,0.0
1,1,lr5e-05_bs16_drop0p4_temp2p0_a0p25_b0p05__wd1e-04trmiss0_degmodglobal,16,5e-05,0.0001,0.4,2.0,0.25,0.05,lr5e-05_bs16_drop0p4_temp2p0_a0p25_b0p05__wd1e-04trmiss0_degmodglobal,2,0.6737537235021591,0.7109330296516418,0.3333333333333333,0.5691469024802358,0.5,0.0,0.698821634054184,0.6488302648067474,0.0667926175519824,0.16450632363557816,0.0,0.0,0.0,0.0,0.0,18473,global,0.0
1,1,lr5e-05_bs16_drop0p4_temp2p0_a0p25_b0p05__wd1e-04trmiss0_degmodglobal,16,5e-05,0.0001,0.4,2.0,0.25,0.05,lr5e-05_bs16_drop0p4_temp2p0_a0p25_b0p05__wd1e-04trmiss0_degmodglobal,3,0.7149814367294312,0.7178122997283936,0.3555555555555555,0.5768629518629519,0.5,0.0,0.6819891780614853,0.6931566298007965,0.059186894446611404,0.14056153502315283,0.0,0.0,0.0,0.0,0.0,18473,global,0.0
1,1,lr5e-05_bs16_drop0p4_temp2p0_a0p25_b0p05__wd1e-04trmiss0_degmodglobal,16,5e-05,0.0001,0.4,2.0,0.25,0.05,lr5e-05_bs16_drop0p4_temp2p0_a0p25_b0p05__wd1e-04trmiss0_degmodglobal,4,0.6949914693832397,0.7293844819068909,0.31111111111111106,0.5506283839617172,0.35714285714285715,0.0,0.6474692672491074,0.6709385067224503,0.0633242940530181,0.16443798411637545,0.0,0.0,0.0,0.0,0.0,18473,global,0.0
1,1,lr5e-05_bs16_drop0p4_temp2p0_a0p25_b0p05__wd1e-04trmiss0_degmodglobal,16,5e-05,0.0001,0.4,2.0,0.25,0.05,lr5e-05_bs16_drop0p4_temp2p0_a0p25_b0p05__wd1e-04trmiss0_degmodglobal,5,0.6637548059225082,0.736926794052124,0.2666666666666666,0.5347553680887014,0.35714285714285715,0.0,0.6678015440702438,0.6385593116283417,0.06562796607613564,0.17576948553323746,0.0,0.0,0.0,0.0,0.0,18473,global,0.0
1,1,lr5e-05_bs16_drop0p4_temp2p0_a0p25_b0p05__wd1e-04trmiss0_degmodglobal,16,5e-05,0.0001,0.4,2.0,0.25,0.05,lr5e-05_bs16_drop0p4_temp2p0_a0p25_b0p05__wd1e-04trmiss0_degmodglobal,6,0.6564781963825226,0.7350301146507263,0.2666666666666666,0.5347553680887014,0.42857142857142855,0.0,0.6699027121067047,0.6211760193109512,0.09102949872612953,0.2508956082165241,0.0,0.0,0.0,0.0,0.0,18473,global,0.0
1,1,lr5e-05_bs16_drop0p4_temp2p0_a0p25_b0p05__wd1e-04trmiss0_degmodglobal,16,5e-05,0.0001,0.4,2.0,0.25,0.05,lr5e-05_bs16_drop0p4_temp2p0_a0p25_b0p05__wd1e-04trmiss0_degmodglobal,7,0.6901537179946899,0.7334273457527161,0.31111111111111106,0.5506283839617172,0.5,0.0,0.6169668287038803,0.6656301617622375,0.05732455011457205,0.20384862087666988,0.0,0.0,0.0,0.0,0.0,18473,global,0.0
1,1,lr5e-05_bs16_drop0p4_temp2p0_a0p25_b0p05__wd1e-04trmiss0_degmodglobal,16,5e-05,0.0001,0.4,2.0,0.25,0.05,lr5e-05_bs16_drop0p4_temp2p0_a0p25_b0p05__wd1e-04trmiss0_degmodglobal,8,0.6913307458162308,0.7343140244483948,0.31111111111111106,0.5506283839617172,0.5714285714285714,0.0,0.644487589597702,0.6707124710083008,0.05009820405393839,0.16187454015016556,0.0,0.0,0.0,0.0,0.0,18473,global,0.0
1,1,lr5e-05_bs16_drop0p4_temp2p0_a0p25_b0p05__wd1e-04trmiss0_degmodglobal,16,5e-05,0.0001,0.4,2.0,0.25,0.05,lr5e-05_bs16_drop0p4_temp2p0_a0p25_b0p05__wd1e-04trmiss0_degmodglobal,9,0.6612854152917862,0.7312281727790833,0.31111111111111106,0.5506283839617172,0.5714285714285714,0.0,0.6394036114215851,0.6354469209909439,0.07086826954036951,0.16242849826812744,0.0,0.0,0.0,0.0,0.0,18473,global,0.0
1,1,lr5e-05_bs16_drop0p4_temp2p0_a0p25_b0p05__wd1e-04trmiss0_degmodglobal,16,5e-05,0.0001,0.4,2.0,0.25,0.05,lr5e-05_bs16_drop0p4_temp2p0_a0p25_b0p05__wd1e-04trmiss0_degmodglobal,10,0.6467754244804382,0.7319502234458923,0.31111111111111106,0.5506283839617172,0.5714285714285714,0.0,0.6435490846633911,0.6255929172039032,0.05630839802324772,0.14210807159543037,0.0,0.0,0.0,0.0,0.0,18473,global,0.0
1,1,lr5e-05_bs16_drop0p4_temp2p0_a0p25_b0p05__wd1e-04trmiss0_degmodglobal,16,5e-05,0.0001,0.4,2.0,0.25,0.05,lr5e-05_bs16_drop0p4_temp2p0_a0p25_b0p05__wd1e-04trmiss0_degmodglobal,11,0.6244879812002182,0.7371675372123718,0.2888888888888888,0.5426918760252093,0.5714285714285714,0.0,0.6121815592050552,0.6041636765003204,0.057949080131947994,0.11674069333821535,0.0,0.0,0.0,0.0,0.0,18473,global,0.0
1,1,lr5e-05_bs16_drop0p4_temp2p0_a0p25_b0p05__wd1e-04trmiss0_degmodglobal,16,5e-05,0.0001,0.4,2.0,0.25,0.05,lr5e-05_bs16_drop0p4_temp2p0_a0p25_b0p05__wd1e-04trmiss0_degmodglobal,12,0.6143617630004883,0.7386425137519836,0.31111111111111106,0.5506283839617172,0.5,0.0,0.6321229487657547,0.590815395116806,0.06171575654298067,0.16234860010445118,0.0,0.0,0.0,0.0,0.0,18473,global,0.0
1,1,lr5e-05_bs16_drop0p4_temp2p0_a0p25_b0p05__wd1e-04trmiss0_degmodglobal,16,5e-05,0.0001,0.4,2.0,0.25,0.05,lr5e-05_bs16_drop0p4_temp2p0_a0p25_b0p05__wd1e-04trmiss0_degmodglobal,13,0.6087283343076706,0.7368041276931763,0.31111111111111106,0.5506283839617172,0.5,0.0,0.6277189403772354,0.5730987042188644,0.08673471212387085,0.27891886979341507,0.0,0.0,0.0,0.0,0.0,18473,global,0.0
1,1,lr5e-05_bs16_drop0p4_temp2p0_a0p25_b0p05__wd1e-04trmiss0_degmodglobal,16,5e-05,0.0001,0.4,2.0,0.25,0.05,lr5e-05_bs16_drop0p4_temp2p0_a0p25_b0p05__wd1e-04trmiss0_degmodglobal,14,0.6206377893686295,0.7311216592788696,0.31111111111111106,0.5506283839617172,0.5,0.0,0.6086138635873795,0.5940777957439423,0.0690724179148674,0.18583768978714943,0.0,0.0,0.0,0.0,0.0,18473,global,0.0
1,1,lr5e-05_bs16_drop0p4_temp2p0_a0p25_b0p05__wd1e-04trmiss0_degmodglobal,16,5e-05,0.0001,0.4,2.0,0.25,0.05,lr5e-05_bs16_drop0p4_temp2p0_a0p25_b0p05__wd1e-04trmiss0_degmodglobal,15,0.6448404788970947,0.7256173491477966,0.3333333333333333,0.5583444333444334,0.5,0.0,0.61618772149086,0.6165378838777542,0.08172265253961086,0.15743848402053118,0.0,0.0,0.0,0.0,0.0,18473,global,0.0
1,1,lr5e-05_bs16_drop0p4_temp2p0_a0p25_b0p05__wd1e-04trmiss0_degmodglobal,16,5e-05,0.0001,0.4,2.0,0.25,0.05,lr5e-05_bs16_drop0p4_temp2p0_a0p25_b0p05__wd1e-04trmiss0_degmodglobal,16,0.666285365819931,0.728394091129303,0.3333333333333333,0.5583444333444334,0.5,0.0,0.6219253689050674,0.6355331540107727,0.08052383176982403,0.21242565289139748,0.0,0.0,0.0,0.0,0.0,18473,global,0.0
1,1,lr5e-05_bs16_drop0p4_temp2p0_a0p25_b0p05__wd1e-04trmiss0_degmodglobal,16,5e-05,0.0001,0.4,2.0,0.25,0.05,lr5e-05_bs16_drop0p4_temp2p0_a0p25_b0p05__wd1e-04trmiss0_degmodglobal,17,0.6387555599212646,0.728961169719696,0.3333333333333333,0.5583444333444334,0.5,0.0,0.6138369143009186,0.6065514236688614,0.08822098560631275,0.20297787338495255,0.0,0.0,0.0,0.0,0.0,18473,global,0.0
1,1,lr5e-05_bs16_drop0p4_temp2p0_a0p25_b0p05__wd1e-04trmiss0_degmodglobal,16,5e-05,0.0001,0.4,2.0,0.25,0.05,lr5e-05_bs16_drop0p4_temp2p0_a0p25_b0p05__wd1e-04trmiss0_degmodglobal,18,0.6360624879598618,0.7326600551605225,0.28888888888888886,0.541369124702458,0.5,0.0,0.6309494823217392,0.6139655858278275,0.06088526640087366,0.13751203566789627,0.0,0.0,0.0,0.0,0.0,18473,global,0.0
1,1,lr5e-05_bs16_drop0p4_temp2p0_a0p25_b0p05__wd1e-04trmiss0_degmodglobal,16,5e-05,0.0001,0.4,2.0,0.25,0.05,lr5e-05_bs16_drop0p4_temp2p0_a0p25_b0p05__wd1e-04trmiss0_degmodglobal,19,0.6317962855100632,0.7336799502372742,0.3333333333333333,0.5583444333444334,0.5,0.0,0.5962013751268387,0.6032348722219467,0.0824262760579586,0.1590969879180193,0.0,0.0,0.0,0.0,0.0,18473,global,0.0
1,1,lr5e-05_bs16_drop0p4_temp2p0_a0p25_b0p05__wd1e-04trmiss0_degmodglobal,16,5e-05,0.0001,0.4,2.0,0.25,0.05,lr5e-05_bs16_drop0p4_temp2p0_a0p25_b0p05__wd1e-04trmiss0_degmodglobal,20,0.6465222537517548,0.7353706955909729,0.28888888888888886,0.541369124702458,0.5,0.0,0.582031637430191,0.6195953190326691,0.07303463108837605,0.1733655259013176,0.0,0.0,0.0,0.0,0.0,18473,global,0.0
1,1,lr5e-05_bs16_drop0p4_temp2p0_a0p25_b0p05__wd1e-04trmiss0_degmodglobal,16,5e-05,0.0001,0.4,2.0,0.25,0.05,lr5e-05_bs16_drop0p4_temp2p0_a0p25_b0p05__wd1e-04trmiss0_degmodglobal,21,0.6215298771858215,0.7332062125205994,0.3111111111111111,0.5490851740851741,0.42857142857142855,0.0,0.5875544250011444,0.5953346192836761,0.07255727052688599,0.16111944057047367,0.0,0.0,0.0,0.0,0.0,18473,global,0.0
1,1,lr5e-05_bs16_drop0p4_temp2p0_a0p25_b0p05__wd1e-04trmiss0_degmodglobal,16,5e-05,0.0001,0.4,2.0,0.25,0.05,lr5e-05_bs16_drop0p4_temp2p0_a0p25_b0p05__wd1e-04trmiss0_degmodglobal,22,0.6123296171426773,0.730426013469696,0.3111111111111111,0.5490851740851741,0.42857142857142855,0.0,0.5870705395936966,0.5826608687639236,0.0817935410887003,0.18440736271440983,0.0,0.0,0.0,0.0,0.0,18473,global,0.0
1,1,lr5e-05_bs16_drop0p4_temp2p0_a0p25_b0p05__wd1e-04trmiss0_degmodglobal,16,5e-05,0.0001,0.4,2.0,0.25,0.05,lr5e-05_bs16_drop0p4_temp2p0_a0p25_b0p05__wd1e-04trmiss0_degmodglobal,23,0.6408430188894272,0.733411967754364,0.28888888888888886,0.541369124702458,0.42857142857142855,0.0,0.5860195755958557,0.6152145862579346,0.07126796618103981,0.1562285963445902,0.0,0.0,0.0,0.0,0.0,18473,global,0.0
1,1,lr5e-05_bs16_drop0p4_temp2p0_a0p25_b0p05__wd1e-04trmiss0_degmodglobal,16,5e-05,0.0001,0.4,2.0,0.25,0.05,lr5e-05_bs16_drop0p4_temp2p0_a0p25_b0p05__wd1e-04trmiss0_degmodglobal,24,0.6393960118293762,0.7303866147994995,0.28888888888888886,0.541369124702458,0.5,0.0,0.5866275578737259,0.6146537810564041,0.06582995876669884,0.16569499112665653,0.0,0.0,0.0,0.0,0.0,18473,global,0.0
1,1,lr5e-05_bs16_drop0p4_temp2p0_a0p25_b0p05__wd1e-04trmiss0_degmodglobal,16,5e-05,0.0001,0.4,2.0,0.25,0.05,lr5e-05_bs16_drop0p4_temp2p0_a0p25_b0p05__wd1e-04trmiss0_degmodglobal,25,0.6125982850790024,0.7249941229820251,0.3111111111111111,0.5490851740851741,0.5,0.0,0.5804924815893173,0.5893118679523468,0.06302853859961033,0.15058573335409164,0.0,0.0,0.0,0.0,0.0,18473,global,0.0
1,1,lr5e-05_bs16_drop0p4_temp2p0_a0p25_b0p05__wd1e-04trmiss0_degmodglobal,16,5e-05,0.0001,0.4,2.0,0.25,0.05,lr5e-05_bs16_drop0p4_temp2p0_a0p25_b0p05__wd1e-04trmiss0_degmodglobal,26,0.6484383940696716,0.7261181473731995,0.3111111111111111,0.5490851740851741,0.5,0.0,0.6132728010416031,0.6263865679502487,0.05474828090518713,0.1672954075038433,0.0,0.0,0.0,0.0,0.0,18473,global,0.0
1,1,lr5e-05_bs16_drop0p4_temp2p0_a0p25_b0p05__wd1e-04trmiss0_degmodglobal,16,5e-05,0.0001,0.4,2.0,0.25,0.05,lr5e-05_bs16_drop0p4_temp2p0_a0p25_b0p05__wd1e-04trmiss0_degmodglobal,27,0.646431490778923,0.7266570925712585,0.3111111111111111,0.5490851740851741,0.5,0.0,0.5812527984380722,0.6204475462436676,0.07632904313504696,0.13803360238671303,0.0,0.0,0.0,0.0,0.0,18473,global,0.0
1,1,lr5e-05_bs16_drop0p4_temp2p0_a0p25_b0p05__wd1e-04trmiss0_degmodglobal,16,5e-05,0.0001,0.4,2.0,0.25,0.05,lr5e-05_bs16_drop0p4_temp2p0_a0p25_b0p05__wd1e-04trmiss0_degmodglobal,28,0.6661458313465118,0.7279177308082581,0.3111111111111111,0.5490851740851741,0.5,0.0,0.5665446519851685,0.6348868608474731,0.08400103077292442,0.20517410524189472,0.0,0.0,0.0,0.0,0.0,18473,global,0.0
1,1,lr5e-05_bs16_drop0p4_temp2p0_a0p25_b0p05__wd1e-04trmiss0_degmodglobal,16,5e-05,0.0001,0.4,2.0,0.25,0.05,lr5e-05_bs16_drop0p4_temp2p0_a0p25_b0p05__wd1e-04trmiss0_degmodglobal,29,0.6552145183086395,0.7316461801528931,0.28888888888888886,0.541369124702458,0.5,0.0,0.5768276005983353,0.6234669089317322,0.08960864692926407,0.18690897151827812,0.0,0.0,0.0,0.0,0.0,18473,global,0.0
1,1,lr5e-05_bs16_drop0p4_temp2p0_a0p25_b0p05__wd1e-04trmiss0_degmodglobal,16,5e-05,0.0001,0.4,2.0,0.25,0.05,lr5e-05_bs16_drop0p4_temp2p0_a0p25_b0p05__wd1e-04trmiss0_degmodglobal,30,0.6180575042963028,0.7330921292304993,0.28888888888888886,0.541369124702458,0.5,0.0,0.6347466558218002,0.5855507701635361,0.09848891943693161,0.15768970735371113,0.0,0.0,0.0,0.0,0.0,18473,global,0.0
1,1,lr5e-05_bs16_drop0p4_temp2p0_a0p25_b0p05__wd1e-04trmiss0_degmodglobal,16,5e-05,0.0001,0.4,2.0,0.25,0.05,lr5e-05_bs16_drop0p4_temp2p0_a0p25_b0p05__wd1e-04trmiss0_degmodglobal,31,0.6408086121082306,0.7315832376480103,0.28888888888888886,0.541369124702458,0.5,0.0,0.603466808795929,0.6184554845094681,0.06621060520410538,0.11600932478904724,0.0,0.0,0.0,0.0,0.0,18473,global,0.0
1,1,lr5e-05_bs16_drop0p4_temp2p0_a0p25_b0p05__wd1e-04trmiss0_degmodglobal,16,5e-05,0.0001,0.4,2.0,0.25,0.05,lr5e-05_bs16_drop0p4_temp2p0_a0p25_b0p05__wd1e-04trmiss0_degmodglobal,32,0.6217357367277145,0.7306147217750549,0.3111111111111111,0.5490851740851741,0.5,0.0,0.5637466013431549,0.5964061468839645,0.06877865083515644,0.1626983806490898,0.0,0.0,0.0,0.0,0.0,18473,global,0.0
1,1,lr5e-05_bs16_drop0p4_temp2p0_a0p25_b0p05__wd1e-04trmiss0_degmodglobal,16,5e-05,0.0001,0.4,2.0,0.25,0.05,lr5e-05_bs16_drop0p4_temp2p0_a0p25_b0p05__wd1e-04trmiss0_degmodglobal,33,0.6040298938751221,0.7303346991539001,0.3111111111111111,0.5490851740851741,0.42857142857142855,0.0,0.5751836746931076,0.5761673897504807,0.07758820988237858,0.16930885054171085,0.0,0.0,0.0,0.0,0.0,18473,global,0.0
1,1,lr5e-05_bs16_drop0p4_temp2p0_a0p25_b0p05__wd1e-04trmiss0_degmodglobal,16,5e-05,0.0001,0.4,2.0,0.25,0.05,lr5e-05_bs16_drop0p4_temp2p0_a0p25_b0p05__wd1e-04trmiss0_degmodglobal,34,0.6061530858278275,0.7273997664451599,0.3111111111111111,0.5490851740851741,0.42857142857142855,0.0,0.5646837055683136,0.5788912922143936,0.07710651867091656,0.1597026288509369,0.0,0.0,0.0,0.0,0.0,18473,global,0.0
1,1,lr5e-05_bs16_drop0p4_temp2p0_a0p25_b0p05__wd1e-04trmiss0_degmodglobal,16,5e-05,0.0001,0.4,2.0,0.25,0.05,lr5e-05_bs16_drop0p4_temp2p0_a0p25_b0p05__wd1e-04trmiss0_degmodglobal,35,0.6216021776199341,0.7288205623626709,0.3111111111111111,0.5490851740851741,0.42857142857142855,0.0,0.5526117831468582,0.5937242358922958,0.08279185369610786,0.14359932020306587,0.0,0.0,0.0,0.0,0.0,18473,global,0.0
1,1,lr1e-05_bs16_drop0p2_temp1p0_a0p25_b0p05__wd1e-04trmiss0_degmodglobal,16,1e-05,0.0001,0.2,1.0,0.25,0.05,lr1e-05_bs16_drop0p2_temp1p0_a0p25_b0p05__wd1e-04trmiss0_degmodglobal,1,0.6809587180614471,0.6730054020881653,0.7333333333333333,0.8345068511735181,0.6428571428571429,0.0,0.710849940776825,0.6493737101554871,0.07998576480895281,0.23177137225866318,0.0,0.0,0.0,0.0,0.0,18473,global,0.0
1,1,lr1e-05_bs16_drop0p2_temp1p0_a0p25_b0p05__wd1e-04trmiss0_degmodglobal,16,1e-05,0.0001,0.2,1.0,0.25,0.05,lr1e-05_bs16_drop0p2_temp1p0_a0p25_b0p05__wd1e-04trmiss0_degmodglobal,2,0.6567990630865097,0.6669618487358093,0.8,0.897530864197531,0.7142857142857143,0.0,0.6961925476789474,0.6259795576334,0.08130030520260334,0.20988839492201805,0.0,0.0,0.0,0.0,0.0,18473,global,0.0
1,1,lr1e-05_bs16_drop0p2_temp1p0_a0p25_b0p05__wd1e-04trmiss0_degmodglobal,16,1e-05,0.0001,0.2,1.0,0.25,0.05,lr1e-05_bs16_drop0p2_temp1p0_a0p25_b0p05__wd1e-04trmiss0_degmodglobal,3,0.6765926331281662,0.6606611013412476,0.7777777777777778,0.8894500561167229,0.7142857142857143,0.0,0.7083864510059357,0.6440002173185349,0.08432152774184942,0.2302413061261177,0.0,0.0,0.0,0.0,0.0,18473,global,0.0
1,1,lr1e-05_bs16_drop0p2_temp1p0_a0p25_b0p05__wd1e-04trmiss0_degmodglobal,16,1e-05,0.0001,0.2,1.0,0.25,0.05,lr1e-05_bs16_drop0p2_temp1p0_a0p25_b0p05__wd1e-04trmiss0_degmodglobal,4,0.6498866975307465,0.6535794734954834,0.8222222222222222,0.9172278338945008,0.7142857142857143,0.0,0.6954012662172318,0.617948442697525,0.08189759682863951,0.22927714884281158,0.0,0.0,0.0,0.0,0.0,18473,global,0.0
1,1,lr1e-05_bs16_drop0p2_temp1p0_a0p25_b0p05__wd1e-04trmiss0_degmodglobal,16,1e-05,0.0001,0.2,1.0,0.25,0.05,lr1e-05_bs16_drop0p2_temp1p0_a0p25_b0p05__wd1e-04trmiss0_degmodglobal,5,0.7139500826597214,0.6476010680198669,0.7777777777777778,0.8894500561167229,0.7142857142857143,0.0,0.7112514674663544,0.6778876036405563,0.08978425711393356,0.27232877910137177,0.0,0.0,0.0,0.0,0.0,18473,global,0.0
1,1,lr1e-05_bs16_drop0p2_temp1p0_a0p25_b0p05__wd1e-04trmiss0_degmodglobal,16,1e-05,0.0001,0.2,1.0,0.25,0.05,lr1e-05_bs16_drop0p2_temp1p0_a0p25_b0p05__wd1e-04trmiss0_degmodglobal,6,0.6804034411907196,0.6434626579284668,0.7777777777777777,0.8927128427128428,0.7857142857142857,0.0,0.6900299191474915,0.6476620435714722,0.08399557694792747,0.23485000431537628,0.0,0.0,0.0,0.0,0.0,18473,global,0.0
1,1,lr1e-05_bs16_drop0p2_temp1p0_a0p25_b0p05__wd1e-04trmiss0_degmodglobal,16,1e-05,0.0001,0.2,1.0,0.25,0.05,lr1e-05_bs16_drop0p2_temp1p0_a0p25_b0p05__wd1e-04trmiss0_degmodglobal,7,0.6843179315328598,0.6398481726646423,0.7777777777777777,0.8927128427128428,0.7857142857142857,0.0,0.67710280418396,0.6519135981798172,0.07924395985901356,0.2518666908144951,0.0,0.0,0.0,0.0,0.0,18473,global,0.0
1,1,lr1e-05_bs16_drop0p2_temp1p0_a0p25_b0p05__wd1e-04trmiss0_degmodglobal,16,1e-05,0.0001,0.2,1.0,0.25,0.05,lr1e-05_bs16_drop0p2_temp1p0_a0p25_b0p05__wd1e-04trmiss0_degmodglobal,8,0.6354595422744751,0.6401684880256653,0.7777777777777777,0.8927128427128428,0.7857142857142857,0.0,0.6975893527269363,0.6081523299217224,0.07174055185168982,0.18744156882166862,0.0,0.0,0.0,0.0,0.0,18473,global,0.0
1,1,lr1e-05_bs16_drop0p2_temp1p0_a0p25_b0p05__wd1e-04trmiss0_degmodglobal,16,1e-05,0.0001,0.2,1.0,0.25,0.05,lr1e-05_bs16_drop0p2_temp1p0_a0p25_b0p05__wd1e-04trmiss0_degmodglobal,9,0.6648280024528503,0.6402703523635864,0.8,0.9085858585858588,0.7857142857142857,0.0,0.707666665315628,0.6353405117988586,0.07354746572673321,0.22201282903552055,0.0,0.0,0.0,0.0,0.0,18473,global,0.0
1,1,lr1e-05_bs16_drop0p2_temp1p0_a0p25_b0p05__wd1e-04trmiss0_degmodglobal,16,1e-05,0.0001,0.2,1.0,0.25,0.05,lr1e-05_bs16_drop0p2_temp1p0_a0p25_b0p05__wd1e-04trmiss0_degmodglobal,10,0.63531494140625,0.638248860836029,0.8,0.9085858585858588,0.7857142857142857,0.0,0.683132216334343,0.6035426557064056,0.08789597637951374,0.19596609473228455,0.0,0.0,0.0,0.0,0.0,18473,global,0.0
1,1,lr1e-05_bs16_drop0p2_temp1p0_a0p25_b0p05__wd1e-04trmiss0_degmodglobal,16,1e-05,0.0001,0.2,1.0,0.25,0.05,lr1e-05_bs16_drop0p2_temp1p0_a0p25_b0p05__wd1e-04trmiss0_degmodglobal,11,0.6503014117479324,0.6404131650924683,0.8,0.9085858585858588,0.7142857142857143,0.0,0.6706897616386414,0.619384229183197,0.08396094292402267,0.19853923097252846,0.0,0.0,0.0,0.0,0.0,18473,global,0.0
1,1,lr1e-05_bs16_drop0p2_temp1p0_a0p25_b0p05__wd1e-04trmiss0_degmodglobal,16,1e-05,0.0001,0.2,1.0,0.25,0.05,lr1e-05_bs16_drop0p2_temp1p0_a0p25_b0p05__wd1e-04trmiss0_degmodglobal,12,0.6680927574634552,0.6395903825759888,0.7777777777777778,0.9021756021756022,0.7142857142857143,0.0,0.6685649007558823,0.6377158463001251,0.08086806908249855,0.20319768227636814,0.0,0.0,0.0,0.0,0.0,18473,global,0.0
1,1,lr1e-05_bs16_drop0p2_temp1p0_a0p25_b0p05__wd1e-04trmiss0_degmodglobal,16,1e-05,0.0001,0.2,1.0,0.25,0.05,lr1e-05_bs16_drop0p2_temp1p0_a0p25_b0p05__wd1e-04trmiss0_degmodglobal,13,0.6350258439779282,0.6373468637466431,0.7555555555555555,0.8954415954415955,0.6428571428571429,0.0,0.6904850006103516,0.6042907238006592,0.08015748951584101,0.2139148712158203,0.0,0.0,0.0,0.0,0.0,18473,global,0.0
1,1,lr1e-05_bs16_drop0p2_temp1p0_a0p25_b0p05__wd1e-04trmiss0_degmodglobal,16,1e-05,0.0001,0.2,1.0,0.25,0.05,lr1e-05_bs16_drop0p2_temp1p0_a0p25_b0p05__wd1e-04trmiss0_degmodglobal,14,0.6365531384944916,0.6386708617210388,0.7555555555555555,0.8954415954415955,0.5714285714285714,0.0,0.6869785338640213,0.606875941157341,0.07912885025143623,0.19789950922131538,0.0,0.0,0.0,0.0,0.0,18473,global,0.0
1,1,lr1e-05_bs16_drop0p2_temp1p0_a0p25_b0p05__wd1e-04trmiss0_degmodglobal,16,1e-05,0.0001,0.2,1.0,0.25,0.05,lr1e-05_bs16_drop0p2_temp1p0_a0p25_b0p05__wd1e-04trmiss0_degmodglobal,15,0.6613193303346634,0.6364424824714661,0.7555555555555555,0.8954415954415955,0.6428571428571429,0.0,0.6660867780447006,0.6297288984060287,0.08221336826682091,0.22074181586503983,0.0,0.0,0.0,0.0,0.0,18473,global,0.0
1,1,lr1e-05_bs16_drop0p2_temp1p0_a0p25_b0p05__wd1e-04trmiss0_degmodglobal,16,1e-05,0.0001,0.2,1.0,0.25,0.05,lr1e-05_bs16_drop0p2_temp1p0_a0p25_b0p05__wd1e-04trmiss0_degmodglobal,16,0.6111693233251572,0.6377178430557251,0.7555555555555555,0.8954415954415955,0.6428571428571429,0.0,0.6699005961418152,0.5739615857601166,0.09585470892488956,0.2648807764053345,0.0,0.0,0.0,0.0,0.0,18473,global,0.0
1,1,lr1e-05_bs16_drop0p2_temp1p0_a0p25_b0p05__wd1e-04trmiss0_degmodglobal,16,1e-05,0.0001,0.2,1.0,0.25,0.05,lr1e-05_bs16_drop0p2_temp1p0_a0p25_b0p05__wd1e-04trmiss0_degmodglobal,17,0.6409546881914139,0.6325644254684448,0.7777777777777778,0.9021756021756022,0.7142857142857143,0.0,0.6696333885192871,0.5940532982349396,0.11331973783671856,0.37142886221408844,0.0,0.0,0.0,0.0,0.0,18473,global,0.0
1,1,lr1e-05_bs16_drop0p2_temp1p0_a0p25_b0p05__wd1e-04trmiss0_degmodglobal,16,1e-05,0.0001,0.2,1.0,0.25,0.05,lr1e-05_bs16_drop0p2_temp1p0_a0p25_b0p05__wd1e-04trmiss0_degmodglobal,18,0.6442894637584686,0.6369155049324036,0.7555555555555555,0.8954415954415955,0.6428571428571429,0.0,0.6664975881576538,0.6169431507587433,0.07350557204335928,0.17939848452806473,0.0,0.0,0.0,0.0,0.0,18473,global,0.0
1,1,lr1e-05_bs16_drop0p2_temp1p0_a0p25_b0p05__wd1e-04trmiss0_degmodglobal,16,1e-05,0.0001,0.2,1.0,0.25,0.05,lr1e-05_bs16_drop0p2_temp1p0_a0p25_b0p05__wd1e-04trmiss0_degmodglobal,19,0.6061130911111832,0.6402122974395752,0.7555555555555555,0.8954415954415955,0.5714285714285714,0.0,0.6480955928564072,0.5720972716808319,0.09116615727543831,0.22448577731847763,0.0,0.0,0.0,0.0,0.0,18473,global,0.0
1,1,lr1e-05_bs16_drop0p2_temp1p0_a0p25_b0p05__wd1e-04trmiss0_degmodglobal,16,1e-05,0.0001,0.2,1.0,0.25,0.05,lr1e-05_bs16_drop0p2_temp1p0_a0p25_b0p05__wd1e-04trmiss0_degmodglobal,20,0.6040666252374649,0.6424973011016846,0.7333333333333333,0.8883708883708885,0.5714285714285714,0.0,0.6691010594367981,0.5678184926509857,0.09442965686321259,0.2528144530951977,0.0,0.0,0.0,0.0,0.0,18473,global,0.0
1,1,lr1e-05_bs16_drop0p2_temp1p0_a0p25_b0p05__wd1e-04trmiss0_degmodglobal,16,1e-05,0.0001,0.2,1.0,0.25,0.05,lr1e-05_bs16_drop0p2_temp1p0_a0p25_b0p05__wd1e-04trmiss0_degmodglobal,21,0.634859710931778,0.6436785459518433,0.7333333333333333,0.8883708883708885,0.6428571428571429,0.0,0.6511121392250061,0.6071058064699173,0.07525017112493515,0.17882684245705605,0.0,0.0,0.0,0.0,0.0,18473,global,0.0
1,1,lr1e-05_bs16_drop0p2_temp1p0_a0p25_b0p05__wd1e-04trmiss0_degmodglobal,16,1e-05,0.0001,0.2,1.0,0.25,0.05,lr1e-05_bs16_drop0p2_temp1p0_a0p25_b0p05__wd1e-04trmiss0_degmodglobal,22,0.6277058273553848,0.6501762866973877,0.6888888888888889,0.8539793539793541,0.6428571428571429,0.0,0.6947936862707138,0.5905512124300003,0.09894894436001778,0.2483474500477314,0.0,0.0,0.0,0.0,0.0,18473,global,0.0
1,1,lr1e-05_bs16_drop0p2_temp1p0_a0p25_b0p05__wd1e-04trmiss0_degmodglobal,16,1e-05,0.0001,0.2,1.0,0.25,0.05,lr1e-05_bs16_drop0p2_temp1p0_a0p25_b0p05__wd1e-04trmiss0_degmodglobal,23,0.6227181851863861,0.6520195007324219,0.6888888888888889,0.8539793539793541,0.6428571428571429,0.0,0.6719673573970795,0.5896186381578445,0.08632074296474457,0.23038730770349503,0.0,0.0,0.0,0.0,0.0,18473,global,0.0
1,1,lr1e-05_bs16_drop0p2_temp1p0_a0p25_b0p05__wd1e-04trmiss0_degmodglobal,16,1e-05,0.0001,0.2,1.0,0.25,0.05,lr1e-05_bs16_drop0p2_temp1p0_a0p25_b0p05__wd1e-04trmiss0_degmodglobal,24,0.6182931065559387,0.6512608528137207,0.6666666666666666,0.831757131757132,0.6428571428571429,0.0,0.6260394006967545,0.5831878483295441,0.08991909399628639,0.25250979885458946,0.0,0.0,0.0,0.0,0.0,18473,global,0.0
1,1,lr1e-05_bs16_drop0p2_temp1p0_a0p25_b0p05__wd1e-04trmiss0_degmodglobal,16,1e-05,0.0001,0.2,1.0,0.25,0.05,lr1e-05_bs16_drop0p2_temp1p0_a0p25_b0p05__wd1e-04trmiss0_degmodglobal,25,0.5997683703899384,0.6531753540039062,0.6444444444444444,0.8198523698523701,0.5714285714285714,0.0,0.682362899184227,0.5678294599056244,0.08564812690019608,0.21053773909807205,0.0,0.0,0.0,0.0,0.0,18473,global,0.0
1,1,lr1e-05_bs16_drop0p2_temp1p0_a0p25_b0p05__wd1e-04trmiss0_degmodglobal,16,1e-05,0.0001,0.2,1.0,0.25,0.05,lr1e-05_bs16_drop0p2_temp1p0_a0p25_b0p05__wd1e-04trmiss0_degmodglobal,26,0.6182562559843063,0.6535338163375854,0.6444444444444444,0.8198523698523701,0.5714285714285714,0.0,0.6671062260866165,0.5850101113319397,0.08800776675343513,0.2248840034008026,0.0,0.0,0.0,0.0,0.0,18473,global,0.0
1,1,lr1e-05_bs16_drop0p2_temp1p0_a0p25_b0p05__wd1e-04trmiss0_degmodglobal,16,1e-05,0.0001,0.2,1.0,0.25,0.05,lr1e-05_bs16_drop0p2_temp1p0_a0p25_b0p05__wd1e-04trmiss0_degmodglobal,27,0.6015639752149582,0.6530270576477051,0.6444444444444444,0.8198523698523701,0.5714285714285714,0.0,0.6515771150588989,0.5714394897222519,0.08569251839071512,0.17402703873813152,0.0,0.0,0.0,0.0,0.0,18473,global,0.0
1,1,lr1e-05_bs16_drop0p2_temp1p0_a0p25_b0p05__wd1e-04trmiss0_degmodglobal,16,1e-05,0.0001,0.2,1.0,0.25,0.05,lr1e-05_bs16_drop0p2_temp1p0_a0p25_b0p05__wd1e-04trmiss0_degmodglobal,28,0.6333499103784561,0.651229202747345,0.6666666666666666,0.831757131757132,0.5714285714285714,0.0,0.6194262653589249,0.6003821939229965,0.08585967123508453,0.23005621880292892,0.0,0.0,0.0,0.0,0.0,18473,global,0.0
1,1,lr1e-05_bs16_drop0p2_temp1p0_a0p25_b0p05__wd1e-04trmiss0_degmodglobal,16,1e-05,0.0001,0.2,1.0,0.25,0.05,lr1e-05_bs16_drop0p2_temp1p0_a0p25_b0p05__wd1e-04trmiss0_degmodglobal,29,0.6260063648223877,0.650967001914978,0.6666666666666666,0.831757131757132,0.5714285714285714,0.0,0.6420994102954865,0.5966375172138214,0.07854038849473,0.19467510655522346,0.0,0.0,0.0,0.0,0.0,18473,global,0.0
1,1,lr1e-05_bs16_drop0p2_temp1p0_a0p25_b0p05__wd1e-04trmiss0_degmodglobal,16,1e-05,0.0001,0.2,1.0,0.25,0.05,lr1e-05_bs16_drop0p2_temp1p0_a0p25_b0p05__wd1e-04trmiss0_degmodglobal,30,0.6357162892818451,0.6478045582771301,0.6888888888888889,0.8539793539793541,0.5714285714285714,0.0,0.6223097890615463,0.5965275764465332,0.10634674690663815,0.2520402856171131,0.0,0.0,0.0,0.0,0.0,18473,global,0.0
1,1,lr1e-05_bs16_drop0p2_temp2p0_a0p25_b0p05__wd1e-04trmiss0_degmodglobal,16,1e-05,0.0001,0.2,2.0,0.25,0.05,lr1e-05_bs16_drop0p2_temp2p0_a0p25_b0p05__wd1e-04trmiss0_degmodglobal,1,0.758664146065712,0.7478516101837158,0.19999999999999998,0.5287817121150454,0.2857142857142857,0.0,0.691172406077385,0.7350648790597916,0.057934352196753025,0.18231371603906155,0.0,0.0,0.0,0.0,0.0,18473,global,0.0
1,1,lr1e-05_bs16_drop0p2_temp2p0_a0p25_b0p05__wd1e-04trmiss0_degmodglobal,16,1e-05,0.0001,0.2,2.0,0.25,0.05,lr1e-05_bs16_drop0p2_temp2p0_a0p25_b0p05__wd1e-04trmiss0_degmodglobal,2,0.7877085655927658,0.7533779740333557,0.19999999999999998,0.5287817121150454,0.35714285714285715,0.0,0.7052044421434402,0.7632648348808289,0.059691994450986385,0.19041430205106735,0.0,0.0,0.0,0.0,0.0,18473,global,0.0
1,1,lr1e-05_bs16_drop0p2_temp2p0_a0p25_b0p05__wd1e-04trmiss0_degmodglobal,16,1e-05,0.0001,0.2,2.0,0.25,0.05,lr1e-05_bs16_drop0p2_temp2p0_a0p25_b0p05__wd1e-04trmiss0_degmodglobal,3,0.7567134201526642,0.7580345869064331,0.2444444444444444,0.540371973705307,0.35714285714285715,0.0,0.6840778589248657,0.732782855629921,0.06347088888287544,0.16125734895467758,0.0,0.0,0.0,0.0,0.0,18473,global,0.0
1,1,lr1e-05_bs16_drop0p2_temp2p0_a0p25_b0p05__wd1e-04trmiss0_degmodglobal,16,1e-05,0.0001,0.2,2.0,0.25,0.05,lr1e-05_bs16_drop0p2_temp2p0_a0p25_b0p05__wd1e-04trmiss0_degmodglobal,4,0.7585981488227844,0.7595146894454956,0.2444444444444444,0.540371973705307,0.35714285714285715,0.0,0.7239425927400589,0.7318518459796906,0.06703759264200926,0.19973817467689514,0.0,0.0,0.0,0.0,0.0,18473,global,0.0
1,1,lr1e-05_bs16_drop0p2_temp2p0_a0p25_b0p05__wd1e-04trmiss0_degmodglobal,16,1e-05,0.0001,0.2,2.0,0.25,0.05,lr1e-05_bs16_drop0p2_temp2p0_a0p25_b0p05__wd1e-04trmiss0_degmodglobal,5,0.7814183533191681,0.7611242532730103,0.2444444444444444,0.540371973705307,0.35714285714285715,0.0,0.6817781776189804,0.7507408708333969,0.074833570048213,0.2393818087875843,0.0,0.0,0.0,0.0,0.0,18473,global,0.0
1,1,lr1e-05_bs16_drop0p2_temp2p0_a0p25_b0p05__wd1e-04trmiss0_degmodglobal,16,1e-05,0.0001,0.2,2.0,0.25,0.05,lr1e-05_bs16_drop0p2_temp2p0_a0p25_b0p05__wd1e-04trmiss0_degmodglobal,6,0.7621784210205078,0.7639745473861694,0.2666666666666666,0.5959275292608626,0.35714285714285715,0.0,0.6916686445474625,0.7410959750413895,0.056175013072788715,0.1407744660973549,0.0,0.0,0.0,0.0,0.0,18473,global,0.0
1,1,lr1e-05_bs16_drop0p2_temp2p0_a0p25_b0p05__wd1e-04trmiss0_degmodglobal,16,1e-05,0.0001,0.2,2.0,0.25,0.05,lr1e-05_bs16_drop0p2_temp2p0_a0p25_b0p05__wd1e-04trmiss0_degmodglobal,7,0.7332847565412521,0.7651383280754089,0.28888888888888886,0.60333493666827,0.35714285714285715,0.0,0.6836002171039581,0.7131268978118896,0.052818577736616135,0.13906452059745789,0.0,0.0,0.0,0.0,0.0,18473,global,0.0
1,1,lr1e-05_bs16_drop0p2_temp2p0_a0p25_b0p05__wd1e-04trmiss0_degmodglobal,16,1e-05,0.0001,0.2,2.0,0.25,0.05,lr1e-05_bs16_drop0p2_temp2p0_a0p25_b0p05__wd1e-04trmiss0_degmodglobal,8,0.7500250190496445,0.7617915272712708,0.2666666666666666,0.5959275292608626,0.35714285714285715,0.0,0.7041320204734802,0.7321693152189255,0.04561822861433029,0.12902273051440716,0.0,0.0,0.0,0.0,0.0,18473,global,0.0
1,1,lr1e-05_bs16_drop0p2_temp2p0_a0p25_b0p05__wd1e-04trmiss0_degmodglobal,16,1e-05,0.0001,0.2,2.0,0.25,0.05,lr1e-05_bs16_drop0p2_temp2p0_a0p25_b0p05__wd1e-04trmiss0_degmodglobal,9,0.7290526330471039,0.7657549977302551,0.2666666666666666,0.5959275292608626,0.35714285714285715,0.0,0.6795878410339355,0.7084913998842239,0.05297400616109371,0.14635463431477547,0.0,0.0,0.0,0.0,0.0,18473,global,0.0
1,1,lr1e-05_bs16_drop0p2_temp2p0_a0p25_b0p05__wd1e-04trmiss0_degmodglobal,16,1e-05,0.0001,0.2,2.0,0.25,0.05,lr1e-05_bs16_drop0p2_temp2p0_a0p25_b0p05__wd1e-04trmiss0_degmodglobal,10,0.7363331168889999,0.7685980200767517,0.2666666666666666,0.5959275292608626,0.35714285714285715,0.0,0.6680473238229752,0.7196359783411026,0.04091941379010677,0.12934597954154015,0.0,0.0,0.0,0.0,0.0,18473,global,0.0
1,1,lr1e-05_bs16_drop0p2_temp2p0_a0p25_b0p05__wd1e-04trmiss0_degmodglobal,16,1e-05,0.0001,0.2,2.0,0.25,0.05,lr1e-05_bs16_drop0p2_temp2p0_a0p25_b0p05__wd1e-04trmiss0_degmodglobal,11,0.7622693181037903,0.7687038779258728,0.2666666666666666,0.5959275292608626,0.35714285714285715,0.0,0.6638105511665344,0.7410336583852768,0.05037451349198818,0.17284060642123222,0.0,0.0,0.0,0.0,0.0,18473,global,0.0
1,1,lr1e-05_bs16_drop0p2_temp2p0_a0p25_b0p05__wd1e-04trmiss0_degmodglobal,16,1e-05,0.0001,0.2,2.0,0.25,0.05,lr1e-05_bs16_drop0p2_temp2p0_a0p25_b0p05__wd1e-04trmiss0_degmodglobal,12,0.7478409707546234,0.7676571607589722,0.2666666666666666,0.5959275292608626,0.35714285714285715,0.0,0.6461170613765717,0.7307994961738586,0.040958965197205544,0.13603474758565426,0.0,0.0,0.0,0.0,0.0,18473,global,0.0
1,1,lr1e-05_bs16_drop0p2_temp2p0_a0p25_b0p05__wd1e-04trmiss0_degmodglobal,16,1e-05,0.0001,0.2,2.0,0.25,0.05,lr1e-05_bs16_drop0p2_temp2p0_a0p25_b0p05__wd1e-04trmiss0_degmodglobal,13,0.7517732977867126,0.7693229913711548,0.2666666666666666,0.5959275292608626,0.35714285714285715,0.0,0.6392431408166885,0.7333325147628784,0.04921068996191025,0.12276207096874714,0.0,0.0,0.0,0.0,0.0,18473,global,0.0
1,1,lr1e-05_bs16_drop0p2_temp2p0_a0p25_b0p05__wd1e-04trmiss0_degmodglobal,16,1e-05,0.0001,0.2,2.0,0.25,0.05,lr1e-05_bs16_drop0p2_temp2p0_a0p25_b0p05__wd1e-04trmiss0_degmodglobal,14,0.7659454196691513,0.7670799493789673,0.2666666666666666,0.5959275292608626,0.35714285714285715,0.0,0.6673230528831482,0.7478947639465332,0.04598142020404339,0.13110635802149773,0.0,0.0,0.0,0.0,0.0,18473,global,0.0
1,1,lr1e-05_bs16_drop0p2_temp2p0_a0p25_b0p05__wd1e-04trmiss0_degmodglobal,16,1e-05,0.0001,0.2,2.0,0.25,0.05,lr1e-05_bs16_drop0p2_temp2p0_a0p25_b0p05__wd1e-04trmiss0_degmodglobal,15,0.7063415348529816,0.7666672468185425,0.2666666666666666,0.5959275292608626,0.35714285714285715,0.0,0.6785213798284531,0.6868728399276733,0.04929323587566614,0.142907552421093,0.0,0.0,0.0,0.0,0.0,18473,global,0.0
1,1,lr1e-05_bs16_drop0p2_temp2p0_a0p25_b0p05__wd1e-04trmiss0_degmodglobal,16,1e-05,0.0001,0.2,2.0,0.25,0.05,lr1e-05_bs16_drop0p2_temp2p0_a0p25_b0p05__wd1e-04trmiss0_degmodglobal,16,0.7469534575939178,0.7678998708724976,0.2666666666666666,0.5959275292608626,0.35714285714285715,0.0,0.6438201069831848,0.7275841683149338,0.051829658448696136,0.1282378863543272,0.0,0.0,0.0,0.0,0.0,18473,global,0.0
1,1,lr1e-05_bs16_drop0p2_temp2p0_a0p25_b0p05__wd1e-04trmiss0_degmodglobal,16,1e-05,0.0001,0.2,2.0,0.25,0.05,lr1e-05_bs16_drop0p2_temp2p0_a0p25_b0p05__wd1e-04trmiss0_degmodglobal,17,0.7387096285820007,0.770160436630249,0.2666666666666666,0.5959275292608626,0.35714285714285715,0.0,0.6825400143861771,0.7162007242441177,0.054432859644293785,0.17801417410373688,0.0,0.0,0.0,0.0,0.0,18473,global,0.0
1,1,lr1e-05_bs16_drop0p2_temp2p0_a0p25_b0p05__wd1e-04trmiss0_degmodglobal,16,1e-05,0.0001,0.2,2.0,0.25,0.05,lr1e-05_bs16_drop0p2_temp2p0_a0p25_b0p05__wd1e-04trmiss0_degmodglobal,18,0.7355972826480865,0.7681220769882202,0.2666666666666666,0.5959275292608626,0.35714285714285715,0.0,0.6527338325977325,0.7209537923336029,0.03619707189500332,0.11188424192368984,0.0,0.0,0.0,0.0,0.0,18473,global,0.0
1,1,lr1e-05_bs16_drop0p2_temp2p0_a0p25_b0p05__wd1e-04trmiss0_degmodglobal,16,1e-05,0.0001,0.2,2.0,0.25,0.05,lr1e-05_bs16_drop0p2_temp2p0_a0p25_b0p05__wd1e-04trmiss0_degmodglobal,19,0.7604057043790817,0.7733175158500671,0.2666666666666666,0.5959275292608626,0.35714285714285715,0.0,0.6464383602142334,0.7429332584142685,0.04227183107286692,0.13808985520154238,0.0,0.0,0.0,0.0,0.0,18473,global,0.0
1,1,lr1e-05_bs16_drop0p2_temp2p0_a0p25_b0p05__wd1e-04trmiss0_degmodglobal,16,1e-05,0.0001,0.2,2.0,0.25,0.05,lr1e-05_bs16_drop0p2_temp2p0_a0p25_b0p05__wd1e-04trmiss0_degmodglobal,20,0.7220617532730103,0.7720773220062256,0.2444444444444444,0.540371973705307,0.35714285714285715,0.0,0.6573295891284943,0.7038945704698563,0.04733241070061922,0.1266817580908537,0.0,0.0,0.0,0.0,0.0,18473,global,0.0
1,1,lr1e-05_bs16_drop0p2_temp2p0_a0p25_b0p05__wd1e-04trmiss0_degmodglobal,16,1e-05,0.0001,0.2,2.0,0.25,0.05,lr1e-05_bs16_drop0p2_temp2p0_a0p25_b0p05__wd1e-04trmiss0_degmodglobal,21,0.7432563602924347,0.7757496237754822,0.2444444444444444,0.540371973705307,0.35714285714285715,0.0,0.6545219719409943,0.7239256203174591,0.04677082039415836,0.15276065841317177,0.0,0.0,0.0,0.0,0.0,18473,global,0.0
1,1,lr1e-05_bs16_drop0p2_temp2p0_a0p25_b0p05__wd1e-04trmiss0_degmodglobal,16,1e-05,0.0001,0.2,2.0,0.25,0.05,lr1e-05_bs16_drop0p2_temp2p0_a0p25_b0p05__wd1e-04trmiss0_degmodglobal,22,0.7230988144874573,0.7840551137924194,0.2222222222222222,0.5346739680073013,0.35714285714285715,0.0,0.6654512882232666,0.703971728682518,0.04885449167340994,0.1382690966129303,0.0,0.0,0.0,0.0,0.0,18473,global,0.0
1,1,lr1e-05_bs16_drop0p2_temp2p0_a0p25_b0p05__wd1e-04trmiss0_degmodglobal,16,1e-05,0.0001,0.2,2.0,0.25,0.05,lr1e-05_bs16_drop0p2_temp2p0_a0p25_b0p05__wd1e-04trmiss0_degmodglobal,23,0.7392473220825195,0.7832580804824829,0.2222222222222222,0.5346739680073013,0.35714285714285715,0.0,0.6284657865762711,0.717621773481369,0.05511930398643017,0.15691456943750381,0.0,0.0,0.0,0.0,0.0,18473,global,0.0
1,1,lr1e-05_bs16_drop0p2_temp2p0_a0p25_b0p05__wd1e-04trmiss0_degmodglobal,16,1e-05,0.0001,0.2,2.0,0.25,0.05,lr1e-05_bs16_drop0p2_temp2p0_a0p25_b0p05__wd1e-04trmiss0_degmodglobal,24,0.7354830205440521,0.7788971662521362,0.2444444444444444,0.540371973705307,0.35714285714285715,0.0,0.6498686820268631,0.7199682742357254,0.037564576137810946,0.12247229367494583,0.0,0.0,0.0,0.0,0.0,18473,global,0.0
1,1,lr1e-05_bs16_drop0p2_temp2p0_a0p25_b0p05__wd1e-04trmiss0_degmodglobal,16,1e-05,0.0001,0.2,2.0,0.25,0.05,lr1e-05_bs16_drop0p2_temp2p0_a0p25_b0p05__wd1e-04trmiss0_degmodglobal,25,0.7197708040475845,0.778319239616394,0.2444444444444444,0.540371973705307,0.35714285714285715,0.0,0.644071027636528,0.6972714811563492,0.055976943112909794,0.17010177671909332,0.0,0.0,0.0,0.0,0.0,18473,global,0.0
1,1,lr1e-05_bs16_drop0p2_temp2p0_a0p25_b0p05__wd1e-04trmiss0_degmodglobal,16,1e-05,0.0001,0.2,2.0,0.25,0.05,lr1e-05_bs16_drop0p2_temp2p0_a0p25_b0p05__wd1e-04trmiss0_degmodglobal,26,0.7603808343410492,0.7756110429763794,0.2222222222222222,0.5346739680073013,0.35714285714285715,0.0,0.6572045087814331,0.7392987310886383,0.055043634958565235,0.14642371237277985,0.0,0.0,0.0,0.0,0.0,18473,global,0.0
1,1,lr1e-05_bs16_drop0p2_temp2p0_a0p25_b0p05__wd1e-04trmiss0_degmodglobal,16,1e-05,0.0001,0.2,2.0,0.25,0.05,lr1e-05_bs16_drop0p2_temp2p0_a0p25_b0p05__wd1e-04trmiss0_degmodglobal,27,0.7531827688217163,0.7750350832939148,0.2222222222222222,0.5346739680073013,0.35714285714285715,0.0,0.654558852314949,0.7362444400787354,0.04229495208710432,0.12729188427329063,0.0,0.0,0.0,0.0,0.0,18473,global,0.0
1,1,lr1e-05_bs16_drop0p4_temp1p0_a0p25_b0p05__wd1e-04trmiss0_degmodglobal,16,1e-05,0.0001,0.4,1.0,0.25,0.05,lr1e-05_bs16_drop0p4_temp1p0_a0p25_b0p05__wd1e-04trmiss0_degmodglobal,1,0.7385541200637817,0.7139446139335632,0.28888888888888886,0.5574212824212825,0.42857142857142855,0.0,0.7109888195991516,0.7228145748376846,0.04004803439602256,0.11455043219029903,0.0,0.0,0.0,0.0,0.0,18473,global,0.0
1,1,lr1e-05_bs16_drop0p4_temp1p0_a0p25_b0p05__wd1e-04trmiss0_degmodglobal,16,1e-05,0.0001,0.4,1.0,0.25,0.05,lr1e-05_bs16_drop0p4_temp1p0_a0p25_b0p05__wd1e-04trmiss0_degmodglobal,2,0.758056178689003,0.7175256609916687,0.3111111111111111,0.568003293003293,0.42857142857142855,0.0,0.6821912676095963,0.7272140383720398,0.06705310754477978,0.28157742135226727,0.0,0.0,0.0,0.0,0.0,18473,global,0.0
1,1,lr1e-05_bs16_drop0p4_temp1p0_a0p25_b0p05__wd1e-04trmiss0_degmodglobal,16,1e-05,0.0001,0.4,1.0,0.25,0.05,lr1e-05_bs16_drop0p4_temp1p0_a0p25_b0p05__wd1e-04trmiss0_degmodglobal,3,0.7500854134559631,0.7201504111289978,0.31111111111111106,0.575939800939801,0.35714285714285715,0.0,0.7083880007266998,0.7310572862625122,0.047819146420806646,0.14146688766777515,0.0,0.0,0.0,0.0,0.0,18473,global,0.0
1,1,lr1e-05_bs16_drop0p4_temp1p0_a0p25_b0p05__wd1e-04trmiss0_degmodglobal,16,1e-05,0.0001,0.4,1.0,0.25,0.05,lr1e-05_bs16_drop0p4_temp1p0_a0p25_b0p05__wd1e-04trmiss0_degmodglobal,4,0.7256679385900497,0.7229540348052979,0.3555555555555555,0.6500138750138751,0.35714285714285715,0.0,0.691423237323761,0.6977913230657578,0.06375513877719641,0.2387569397687912,0.0,0.0,0.0,0.0,0.0,18473,global,0.0
1,1,lr1e-05_bs16_drop0p4_temp1p0_a0p25_b0p05__wd1e-04trmiss0_degmodglobal,16,1e-05,0.0001,0.4,1.0,0.25,0.05,lr1e-05_bs16_drop0p4_temp1p0_a0p25_b0p05__wd1e-04trmiss0_degmodglobal,5,0.7391589730978012,0.7271716594696045,0.37777777777777777,0.6870509120509121,0.35714285714285715,0.0,0.6802646815776825,0.7189454138278961,0.05004926025867462,0.15402492601424456,0.0,0.0,0.0,0.0,0.0,18473,global,0.0
1,1,lr1e-05_bs16_drop0p4_temp1p0_a0p25_b0p05__wd1e-04trmiss0_degmodglobal,16,1e-05,0.0001,0.4,1.0,0.25,0.05,lr1e-05_bs16_drop0p4_temp1p0_a0p25_b0p05__wd1e-04trmiss0_degmodglobal,6,0.7776199132204056,0.7287692427635193,0.35555555555555557,0.6898286898286898,0.42857142857142855,0.0,0.6722340285778046,0.758496955037117,0.04471539240330458,0.15888230502605438,0.0,0.0,0.0,0.0,0.0,18473,global,0.0
1,1,lr1e-05_bs16_drop0p4_temp1p0_a0p25_b0p05__wd1e-04trmiss0_degmodglobal,16,1e-05,0.0001,0.4,1.0,0.25,0.05,lr1e-05_bs16_drop0p4_temp1p0_a0p25_b0p05__wd1e-04trmiss0_degmodglobal,7,0.7010208517313004,0.7248184084892273,0.4,0.7237793071126406,0.35714285714285715,0.0,0.6794522404670715,0.6816495060920715,0.047604830004274845,0.149402542039752,0.0,0.0,0.0,0.0,0.0,18473,global,0.0
1,1,lr1e-05_bs16_drop0p4_temp1p0_a0p25_b0p05__wd1e-04trmiss0_degmodglobal,16,1e-05,0.0001,0.4,1.0,0.25,0.05,lr1e-05_bs16_drop0p4_temp1p0_a0p25_b0p05__wd1e-04trmiss0_degmodglobal,8,0.7633205354213715,0.7235956788063049,0.37777777777777777,0.7176064676064677,0.5,0.0,0.6858509927988052,0.7418668866157532,0.060083149932324886,0.12865692982450128,0.0,0.0,0.0,0.0,0.0,18473,global,0.0
1,1,lr1e-05_bs16_drop0p4_temp1p0_a0p25_b0p05__wd1e-04trmiss0_degmodglobal,16,1e-05,0.0001,0.4,1.0,0.25,0.05,lr1e-05_bs16_drop0p4_temp1p0_a0p25_b0p05__wd1e-04trmiss0_degmodglobal,9,0.7454311102628708,0.7261310815811157,0.37777777777777777,0.7176064676064677,0.42857142857142855,0.0,0.6936300843954086,0.7160875797271729,0.05861309077590704,0.293804869055748,0.0,0.0,0.0,0.0,0.0,18473,global,0.0
1,1,lr1e-05_bs16_drop0p4_temp1p0_a0p25_b0p05__wd1e-04trmiss0_degmodglobal,16,1e-05,0.0001,0.4,1.0,0.25,0.05,lr1e-05_bs16_drop0p4_temp1p0_a0p25_b0p05__wd1e-04trmiss0_degmodglobal,10,0.7479251623153687,0.7245151400566101,0.37777777777777777,0.7176064676064677,0.35714285714285715,0.0,0.6645914763212204,0.7263263016939163,0.055745222605764866,0.15325084421783686,0.0,0.0,0.0,0.0,0.0,18473,global,0.0
1,1,lr1e-05_bs16_drop0p4_temp1p0_a0p25_b0p05__wd1e-04trmiss0_degmodglobal,16,1e-05,0.0001,0.4,1.0,0.25,0.05,lr1e-05_bs16_drop0p4_temp1p0_a0p25_b0p05__wd1e-04trmiss0_degmodglobal,11,0.7200582325458527,0.7248037457466125,0.37777777777777777,0.7176064676064677,0.42857142857142855,0.0,0.6685407012701035,0.701356440782547,0.04987994208931923,0.12463579885661602,0.0,0.0,0.0,0.0,0.0,18473,global,0.0
1,1,lr1e-05_bs16_drop0p4_temp1p0_a0p25_b0p05__wd1e-04trmiss0_degmodglobal,16,1e-05,0.0001,0.4,1.0,0.25,0.05,lr1e-05_bs16_drop0p4_temp1p0_a0p25_b0p05__wd1e-04trmiss0_degmodglobal,12,0.7176942229270935,0.7211371064186096,0.37777777777777777,0.7176064676064677,0.42857142857142855,0.0,0.6697449237108231,0.6927930563688278,0.06875830702483654,0.15423173736780882,0.0,0.0,0.0,0.0,0.0,18473,global,0.0
1,1,lr1e-05_bs16_drop0p4_temp1p0_a0p25_b0p05__wd1e-04trmiss0_degmodglobal,16,1e-05,0.0001,0.4,1.0,0.25,0.05,lr1e-05_bs16_drop0p4_temp1p0_a0p25_b0p05__wd1e-04trmiss0_degmodglobal,13,0.7009994834661484,0.7234213948249817,0.37777777777777777,0.7176064676064677,0.42857142857142855,0.0,0.6397399306297302,0.6832113265991211,0.0421828250400722,0.14484930969774723,0.0,0.0,0.0,0.0,0.0,18473,global,0.0
1,1,lr1e-05_bs16_drop0p4_temp1p0_a0p25_b0p05__wd1e-04trmiss0_degmodglobal,16,1e-05,0.0001,0.4,1.0,0.25,0.05,lr1e-05_bs16_drop0p4_temp1p0_a0p25_b0p05__wd1e-04trmiss0_degmodglobal,14,0.7315598875284195,0.7260485291481018,0.3555555555555555,0.7096699596699596,0.42857142857142855,0.0,0.7104789912700653,0.7105866968631744,0.05737531557679176,0.1325870268046856,0.0,0.0,0.0,0.0,0.0,18473,global,0.0
1,1,lr1e-05_bs16_drop0p4_temp1p0_a0p25_b0p05__wd1e-04trmiss0_degmodglobal,16,1e-05,0.0001,0.4,1.0,0.25,0.05,lr1e-05_bs16_drop0p4_temp1p0_a0p25_b0p05__wd1e-04trmiss0_degmodglobal,15,0.7076176851987839,0.7260507345199585,0.3555555555555555,0.7096699596699596,0.42857142857142855,0.0,0.6546682417392731,0.6910723447799683,0.0450213891454041,0.10579969547688961,0.0,0.0,0.0,0.0,0.0,18473,global,0.0
1,1,lr1e-05_bs16_drop0p4_temp1p0_a0p25_b0p05__wd1e-04trmiss0_degmodglobal,16,1e-05,0.0001,0.4,1.0,0.25,0.05,lr1e-05_bs16_drop0p4_temp1p0_a0p25_b0p05__wd1e-04trmiss0_degmodglobal,16,0.7205540984869003,0.7252069711685181,0.3555555555555555,0.7096699596699596,0.42857142857142855,0.0,0.7066638320684433,0.7035627663135529,0.04473000345751643,0.11617669835686684,0.0,0.0,0.0,0.0,0.0,18473,global,0.0
1,1,lr1e-05_bs16_drop0p4_temp1p0_a0p25_b0p05__wd1e-04trmiss0_degmodglobal,16,1e-05,0.0001,0.4,1.0,0.25,0.05,lr1e-05_bs16_drop0p4_temp1p0_a0p25_b0p05__wd1e-04trmiss0_degmodglobal,17,0.7158585786819458,0.724610447883606,0.3555555555555555,0.7096699596699596,0.42857142857142855,0.0,0.6677107363939285,0.6946829706430435,0.058012147434055805,0.1334510874003172,0.0,0.0,0.0,0.0,0.0,18473,global,0.0
1,1,lr1e-05_bs16_drop0p4_temp1p0_a0p25_b0p05__wd1e-04trmiss0_degmodglobal,16,1e-05,0.0001,0.4,1.0,0.25,0.05,lr1e-05_bs16_drop0p4_temp1p0_a0p25_b0p05__wd1e-04trmiss0_degmodglobal,18,0.78094881772995,0.7237234711647034,0.3555555555555555,0.7096699596699596,0.42857142857142855,0.0,0.6487410962581635,0.7560462355613708,0.06004165206104517,0.19784313067793846,0.0,0.0,0.0,0.0,0.0,18473,global,0.0
1,1,lr1e-05_bs16_drop0p4_temp1p0_a0p25_b0p05__wd1e-04trmiss0_degmodglobal,16,1e-05,0.0001,0.4,1.0,0.25,0.05,lr1e-05_bs16_drop0p4_temp1p0_a0p25_b0p05__wd1e-04trmiss0_degmodglobal,19,0.7163073271512985,0.7203267216682434,0.37777777777777777,0.7176064676064677,0.42857142857142855,0.0,0.6606011688709259,0.6955841034650803,0.05219054874032736,0.15351178124547005,0.0,0.0,0.0,0.0,0.0,18473,global,0.0
1,1,lr1e-05_bs16_drop0p4_temp1p0_a0p25_b0p05__wd1e-04trmiss0_degmodglobal,16,1e-05,0.0001,0.4,1.0,0.25,0.05,lr1e-05_bs16_drop0p4_temp1p0_a0p25_b0p05__wd1e-04trmiss0_degmodglobal,20,0.6909677535295486,0.7171908020973206,0.4,0.7281884781884782,0.42857142857142855,0.0,0.6497924327850342,0.6739775687456131,0.04271254176273942,0.12624145299196243,0.0,0.0,0.0,0.0,0.0,18473,global,0.0
1,1,lr1e-05_bs16_drop0p4_temp1p0_a0p25_b0p05__wd1e-04trmiss0_degmodglobal,16,1e-05,0.0001,0.4,1.0,0.25,0.05,lr1e-05_bs16_drop0p4_temp1p0_a0p25_b0p05__wd1e-04trmiss0_degmodglobal,21,0.7432724833488464,0.7181466817855835,0.4,0.7281884781884782,0.5,0.0,0.6612312644720078,0.7225847989320755,0.049828311428427696,0.1646118313074112,0.0,0.0,0.0,0.0,0.0,18473,global,0.0
1,1,lr1e-05_bs16_drop0p4_temp1p0_a0p25_b0p05__wd1e-04trmiss0_degmodglobal,16,1e-05,0.0001,0.4,1.0,0.25,0.05,lr1e-05_bs16_drop0p4_temp1p0_a0p25_b0p05__wd1e-04trmiss0_degmodglobal,22,0.7359045296907425,0.7174765467643738,0.37777777777777777,0.7176064676064677,0.5,0.0,0.6855321526527405,0.7157976180315018,0.04681668849661946,0.16805456019937992,0.0,0.0,0.0,0.0,0.0,18473,global,0.0
1,1,lr1e-05_bs16_drop0p4_temp1p0_a0p25_b0p05__wd1e-04trmiss0_degmodglobal,16,1e-05,0.0001,0.4,1.0,0.25,0.05,lr1e-05_bs16_drop0p4_temp1p0_a0p25_b0p05__wd1e-04trmiss0_degmodglobal,23,0.7387518137693405,0.7193320989608765,0.4,0.7281884781884782,0.5,0.0,0.6789818108081818,0.7133234441280365,0.06281211040914059,0.19450701773166656,0.0,0.0,0.0,0.0,0.0,18473,global,0.0
1,1,lr1e-05_bs16_drop0p4_temp1p0_a0p25_b0p05__wd1e-04trmiss0_degmodglobal,16,1e-05,0.0001,0.4,1.0,0.25,0.05,lr1e-05_bs16_drop0p4_temp1p0_a0p25_b0p05__wd1e-04trmiss0_degmodglobal,24,0.7345669269561768,0.720207154750824,0.3555555555555555,0.7096699596699596,0.5,0.0,0.6462587416172028,0.7107553631067276,0.05535147897899151,0.1994742602109909,0.0,0.0,0.0,0.0,0.0,18473,global,0.0
1,1,lr1e-05_bs16_drop0p4_temp1p0_a0p25_b0p05__wd1e-04trmiss0_degmodglobal,16,1e-05,0.0001,0.4,1.0,0.25,0.05,lr1e-05_bs16_drop0p4_temp1p0_a0p25_b0p05__wd1e-04trmiss0_degmodglobal,25,0.7531982064247131,0.7176734805107117,0.37777777777777777,0.7176064676064677,0.5,0.0,0.6400485932826996,0.7309883236885071,0.05716464575380087,0.158374335616827,0.0,0.0,0.0,0.0,0.0,18473,global,0.0
1,1,lr1e-05_bs16_drop0p4_temp1p0_a0p25_b0p05__wd1e-04trmiss0_degmodglobal,16,1e-05,0.0001,0.4,1.0,0.25,0.05,lr1e-05_bs16_drop0p4_temp1p0_a0p25_b0p05__wd1e-04trmiss0_degmodglobal,26,0.7355669289827347,0.7195931077003479,0.37777777777777777,0.7176064676064677,0.5714285714285714,0.0,0.6736812740564346,0.7136731147766113,0.05441366555169225,0.16580840945243835,0.0,0.0,0.0,0.0,0.0,18473,global,0.0
1,1,lr1e-05_bs16_drop0p4_temp1p0_a0p25_b0p05__wd1e-04trmiss0_degmodglobal,16,1e-05,0.0001,0.4,1.0,0.25,0.05,lr1e-05_bs16_drop0p4_temp1p0_a0p25_b0p05__wd1e-04trmiss0_degmodglobal,27,0.7171702235937119,0.7167554497718811,0.42222222222222217,0.7298399131732467,0.5,0.0,0.6660484969615936,0.7031735479831696,0.03935435973107815,0.08316139341332018,0.0,0.0,0.0,0.0,0.0,18473,global,0.0
1,1,lr1e-05_bs16_drop0p4_temp1p0_a0p25_b0p05__wd1e-04trmiss0_degmodglobal,16,1e-05,0.0001,0.4,1.0,0.25,0.05,lr1e-05_bs16_drop0p4_temp1p0_a0p25_b0p05__wd1e-04trmiss0_degmodglobal,28,0.7287550866603851,0.7146719098091125,0.4,0.7281884781884782,0.5,0.0,0.6364684104919434,0.7091689258813858,0.0461325217038393,0.16106076538562775,0.0,0.0,0.0,0.0,0.0,18473,global,0.0
1,1,lr1e-05_bs16_drop0p4_temp1p0_a0p25_b0p05__wd1e-04trmiss0_degmodglobal,16,1e-05,0.0001,0.4,1.0,0.25,0.05,lr1e-05_bs16_drop0p4_temp1p0_a0p25_b0p05__wd1e-04trmiss0_degmodglobal,29,0.7041801512241364,0.7146400213241577,0.4444444444444444,0.7404219237552572,0.5,0.0,0.61209836602211,0.6831220388412476,0.05454236641526222,0.14845066145062447,0.0,0.0,0.0,0.0,0.0,18473,global,0.0
1,1,lr1e-05_bs16_drop0p4_temp1p0_a0p25_b0p05__wd1e-04trmiss0_degmodglobal,16,1e-05,0.0001,0.4,1.0,0.25,0.05,lr1e-05_bs16_drop0p4_temp1p0_a0p25_b0p05__wd1e-04trmiss0_degmodglobal,30,0.6729296743869781,0.7122349143028259,0.4222222222222222,0.743003293003293,0.5,0.0,0.6637206077575684,0.654004380106926,0.051272694021463394,0.12214209511876106,0.0,0.0,0.0,0.0,0.0,18473,global,0.0
1,1,lr1e-05_bs16_drop0p4_temp1p0_a0p25_b0p05__wd1e-04trmiss0_degmodglobal,16,1e-05,0.0001,0.4,1.0,0.25,0.05,lr1e-05_bs16_drop0p4_temp1p0_a0p25_b0p05__wd1e-04trmiss0_degmodglobal,31,0.7245650440454483,0.7136214375495911,0.4,0.7281884781884782,0.5,0.0,0.6511528789997101,0.7061350345611572,0.045307666063308716,0.14206183701753616,0.0,0.0,0.0,0.0,0.0,18473,global,0.0
1,1,lr1e-05_bs16_drop0p4_temp1p0_a0p25_b0p05__wd1e-04trmiss0_degmodglobal,16,1e-05,0.0001,0.4,1.0,0.25,0.05,lr1e-05_bs16_drop0p4_temp1p0_a0p25_b0p05__wd1e-04trmiss0_degmodglobal,32,0.7462387681007385,0.7121008634567261,0.42222222222222217,0.7343613176946511,0.5,0.0,0.6696232557296753,0.7254862934350967,0.053041727282106876,0.14984100498259068,0.0,0.0,0.0,0.0,0.0,18473,global,0.0
1,1,lr1e-05_bs16_drop0p4_temp1p0_a0p25_b0p05__wd1e-04trmiss0_degmodglobal,16,1e-05,0.0001,0.4,1.0,0.25,0.05,lr1e-05_bs16_drop0p4_temp1p0_a0p25_b0p05__wd1e-04trmiss0_degmodglobal,33,0.6886044442653656,0.7124781012535095,0.39999999999999997,0.7219034052367386,0.5,0.0,0.6285776942968369,0.6691088378429413,0.045352961868047714,0.1631473544985056,0.0,0.0,0.0,0.0,0.0,18473,global,0.0
1,1,lr1e-05_bs16_drop0p4_temp1p0_a0p25_b0p05__wd1e-04trmiss0_degmodglobal,16,1e-05,0.0001,0.4,1.0,0.25,0.05,lr1e-05_bs16_drop0p4_temp1p0_a0p25_b0p05__wd1e-04trmiss0_degmodglobal,34,0.7281371504068375,0.711764931678772,0.42222222222222217,0.7298399131732467,0.5,0.0,0.6367806643247604,0.7067283093929291,0.047619618475437164,0.19007845036685467,0.0,0.0,0.0,0.0,0.0,18473,global,0.0
1,1,lr1e-05_bs16_drop0p4_temp1p0_a0p25_b0p05__wd1e-04trmiss0_degmodglobal,16,1e-05,0.0001,0.4,1.0,0.25,0.05,lr1e-05_bs16_drop0p4_temp1p0_a0p25_b0p05__wd1e-04trmiss0_degmodglobal,35,0.7530216574668884,0.7143890261650085,0.37777777777777777,0.7176064676064677,0.5714285714285714,0.0,0.6624149233102798,0.7313023656606674,0.051983295008540154,0.17446917248889804,0.0,0.0,0.0,0.0,0.0,18473,global,0.0
1,1,lr1e-05_bs16_drop0p4_temp1p0_a0p25_b0p05__wd1e-04trmiss0_degmodglobal,16,1e-05,0.0001,0.4,1.0,0.25,0.05,lr1e-05_bs16_drop0p4_temp1p0_a0p25_b0p05__wd1e-04trmiss0_degmodglobal,36,0.7139479219913483,0.7110396027565002,0.4,0.7281884781884782,0.5714285714285714,0.0,0.644185796380043,0.6881763637065887,0.06574045494198799,0.18672871962189674,0.0,0.0,0.0,0.0,0.0,18473,global,0.0
1,1,lr1e-05_bs16_drop0p4_temp1p0_a0p25_b0p05__wd1e-04trmiss0_degmodglobal,16,1e-05,0.0001,0.4,1.0,0.25,0.05,lr1e-05_bs16_drop0p4_temp1p0_a0p25_b0p05__wd1e-04trmiss0_degmodglobal,37,0.6856220811605453,0.7103279829025269,0.4,0.7281884781884782,0.5714285714285714,0.0,0.6211310923099518,0.6699173003435135,0.04287896491587162,0.09970054589211941,0.0,0.0,0.0,0.0,0.0,18473,global,0.0
1,1,lr1e-05_bs16_drop0p4_temp1p0_a0p25_b0p05__wd1e-04trmiss0_degmodglobal,16,1e-05,0.0001,0.4,1.0,0.25,0.05,lr1e-05_bs16_drop0p4_temp1p0_a0p25_b0p05__wd1e-04trmiss0_degmodglobal,38,0.7038036286830902,0.7098982930183411,0.42222222222222217,0.7298399131732467,0.5,0.0,0.6873732656240463,0.6752917170524597,0.06632689293473959,0.2386041320860386,0.0,0.0,0.0,0.0,0.0,18473,global,0.0
1,1,lr1e-05_bs16_drop0p4_temp1p0_a0p25_b0p05__wd1e-04trmiss0_degmodglobal,16,1e-05,0.0001,0.4,1.0,0.25,0.05,lr1e-05_bs16_drop0p4_temp1p0_a0p25_b0p05__wd1e-04trmiss0_degmodglobal,39,0.7168626934289932,0.7088381052017212,0.4,0.7281884781884782,0.5714285714285714,0.0,0.6353815346956253,0.6955943256616592,0.054633223451673985,0.1522008515894413,0.0,0.0,0.0,0.0,0.0,18473,global,0.0
1,1,lr1e-05_bs16_drop0p4_temp1p0_a0p25_b0p05__wd1e-04trmiss0_degmodglobal,16,1e-05,0.0001,0.4,1.0,0.25,0.05,lr1e-05_bs16_drop0p4_temp1p0_a0p25_b0p05__wd1e-04trmiss0_degmodglobal,40,0.7295922189950943,0.7103660106658936,0.4,0.7281884781884782,0.5714285714285714,0.0,0.6532792448997498,0.7093685865402222,0.05838948301970959,0.11252499558031559,0.0,0.0,0.0,0.0,0.0,18473,global,0.0
1,1,lr1e-05_bs16_drop0p4_temp1p0_a0p25_b0p05__wd1e-04trmiss0_degmodglobal,16,1e-05,0.0001,0.4,1.0,0.25,0.05,lr1e-05_bs16_drop0p4_temp1p0_a0p25_b0p05__wd1e-04trmiss0_degmodglobal,41,0.7410469800233841,0.7106673717498779,0.42222222222222217,0.7343613176946511,0.5714285714285714,0.0,0.6438904106616974,0.7231677323579788,0.042365424800664186,0.14575732685625553,0.0,0.0,0.0,0.0,0.0,18473,global,0.0
1,1,lr1e-05_bs16_drop0p4_temp1p0_a0p25_b0p05__wd1e-04trmiss0_degmodglobal,16,1e-05,0.0001,0.4,1.0,0.25,0.05,lr1e-05_bs16_drop0p4_temp1p0_a0p25_b0p05__wd1e-04trmiss0_degmodglobal,42,0.7289493232965469,0.7105204463005066,0.39999999999999997,0.7219034052367386,0.5714285714285714,0.0,0.6546100378036499,0.7105230987071991,0.04366881400346756,0.1501806117594242,0.0,0.0,0.0,0.0,0.0,18473,global,0.0
1,1,lr1e-05_bs16_drop0p4_temp1p0_a0p25_b0p05__wd1e-04trmiss0_degmodglobal,16,1e-05,0.0001,0.4,1.0,0.25,0.05,lr1e-05_bs16_drop0p4_temp1p0_a0p25_b0p05__wd1e-04trmiss0_degmodglobal,43,0.7093923836946487,0.7085579633712769,0.4444444444444444,0.7404219237552572,0.5,0.0,0.6422713100910187,0.6869385242462158,0.05356013774871826,0.18127627111971378,0.0,0.0,0.0,0.0,0.0,18473,global,0.0
1,1,lr1e-05_bs16_drop0p4_temp1p0_a0p25_b0p05__wd1e-04trmiss0_degmodglobal,16,1e-05,0.0001,0.4,1.0,0.25,0.05,lr1e-05_bs16_drop0p4_temp1p0_a0p25_b0p05__wd1e-04trmiss0_degmodglobal,44,0.7035655528306961,0.7084184288978577,0.42222222222222217,0.7298399131732467,0.5,0.0,0.6186482161283493,0.6813042312860489,0.05842865165323019,0.15308266878128052,0.0,0.0,0.0,0.0,0.0,18473,global,0.0
1,1,lr1e-05_bs16_drop0p4_temp1p0_a0p25_b0p05__wd1e-04trmiss0_degmodglobal,16,1e-05,0.0001,0.4,1.0,0.25,0.05,lr1e-05_bs16_drop0p4_temp1p0_a0p25_b0p05__wd1e-04trmiss0_degmodglobal,45,0.7371533066034317,0.7112258672714233,0.37777777777777777,0.7176064676064677,0.5,0.0,0.6150049418210983,0.7143250554800034,0.058407217264175415,0.16452877596020699,0.0,0.0,0.0,0.0,0.0,18473,global,0.0
1,1,lr1e-05_bs16_drop0p4_temp1p0_a0p25_b0p05__wd1e-04trmiss0_degmodglobal,16,1e-05,0.0001,0.4,1.0,0.25,0.05,lr1e-05_bs16_drop0p4_temp1p0_a0p25_b0p05__wd1e-04trmiss0_degmodglobal,46,0.7380709499120712,0.7120617628097534,0.4,0.7237793071126406,0.5,0.0,0.6249856501817703,0.7122613787651062,0.06898922193795443,0.17124549113214016,0.0,0.0,0.0,0.0,0.0,18473,global,0.0
1,1,lr1e-05_bs16_drop0p4_temp1p0_a0p25_b0p05__wd1e-04trmiss0_degmodglobal,16,1e-05,0.0001,0.4,1.0,0.25,0.05,lr1e-05_bs16_drop0p4_temp1p0_a0p25_b0p05__wd1e-04trmiss0_degmodglobal,47,0.6991555392742157,0.7087927460670471,0.4,0.7237793071126406,0.5,0.0,0.6145236194133759,0.6794539391994476,0.05034517962485552,0.14230589754879475,0.0,0.0,0.0,0.0,0.0,18473,global,0.0
1,1,lr1e-05_bs16_drop0p4_temp1p0_a0p25_b0p05__wd1e-04trmiss0_degmodglobal,16,1e-05,0.0001,0.4,1.0,0.25,0.05,lr1e-05_bs16_drop0p4_temp1p0_a0p25_b0p05__wd1e-04trmiss0_degmodglobal,48,0.7561460733413696,0.7083573937416077,0.42222222222222217,0.7298399131732467,0.35714285714285715,0.0,0.6386423259973526,0.7282553762197495,0.0728811714798212,0.19340749643743038,0.0,0.0,0.0,0.0,0.0,18473,global,0.0
1,1,lr1e-05_bs16_drop0p4_temp1p0_a0p25_b0p05__wd1e-04trmiss0_degmodglobal,16,1e-05,0.0001,0.4,1.0,0.25,0.05,lr1e-05_bs16_drop0p4_temp1p0_a0p25_b0p05__wd1e-04trmiss0_degmodglobal,49,0.7537672370672226,0.7052630186080933,0.42222222222222217,0.7343613176946511,0.5,0.0,0.6253294497728348,0.7265119403600693,0.06661538314074278,0.21202919632196426,0.0,0.0,0.0,0.0,0.0,18473,global,0.0
1,1,lr1e-05_bs16_drop0p4_temp1p0_a0p25_b0p05__wd1e-04trmiss0_degmodglobal,16,1e-05,0.0001,0.4,1.0,0.25,0.05,lr1e-05_bs16_drop0p4_temp1p0_a0p25_b0p05__wd1e-04trmiss0_degmodglobal,50,0.716780424118042,0.707992434501648,0.4444444444444444,0.7404219237552572,0.5,0.0,0.6372191458940506,0.6967383325099945,0.05408267769962549,0.13042856194078922,0.0,0.0,0.0,0.0,0.0,18473,global,0.0
1,1,lr1e-05_bs16_drop0p4_temp1p0_a0p25_b0p05__wd1e-04trmiss0_degmodglobal,16,1e-05,0.0001,0.4,1.0,0.25,0.05,lr1e-05_bs16_drop0p4_temp1p0_a0p25_b0p05__wd1e-04trmiss0_degmodglobal,51,0.7303828299045563,0.7090446949005127,0.42222222222222217,0.7298399131732467,0.5,0.0,0.6137418299913406,0.7018244117498398,0.07058669999241829,0.21823513880372047,0.0,0.0,0.0,0.0,0.0,18473,global,0.0
1,1,lr1e-05_bs16_drop0p4_temp1p0_a0p25_b0p05__wd1e-04trmiss0_degmodglobal,16,1e-05,0.0001,0.4,1.0,0.25,0.05,lr1e-05_bs16_drop0p4_temp1p0_a0p25_b0p05__wd1e-04trmiss0_degmodglobal,52,0.7134679853916168,0.7095497250556946,0.42222222222222217,0.7298399131732467,0.5,0.0,0.6093971133232117,0.6896731704473495,0.06289092451334,0.1614421270787716,0.0,0.0,0.0,0.0,0.0,18473,global,0.0
1,1,lr1e-05_bs16_drop0p4_temp1p0_a0p25_b0p05__wd1e-04trmiss0_degmodglobal,16,1e-05,0.0001,0.4,1.0,0.25,0.05,lr1e-05_bs16_drop0p4_temp1p0_a0p25_b0p05__wd1e-04trmiss0_degmodglobal,53,0.6721239387989044,0.7087840437889099,0.42222222222222217,0.7298399131732467,0.35714285714285715,0.0,0.6053553521633148,0.6478402018547058,0.06427054479718208,0.1643221490085125,0.0,0.0,0.0,0.0,0.0,18473,global,0.0
1,1,lr1e-05_bs16_drop0p4_temp1p0_a0p25_b0p05__wd1e-04trmiss0_degmodglobal,16,1e-05,0.0001,0.4,1.0,0.25,0.05,lr1e-05_bs16_drop0p4_temp1p0_a0p25_b0p05__wd1e-04trmiss0_degmodglobal,54,0.7159301489591599,0.7104446887969971,0.42222222222222217,0.7298399131732467,0.42857142857142855,0.0,0.6339672654867172,0.694851890206337,0.05076416861265898,0.16774466447532177,0.0,0.0,0.0,0.0,0.0,18473,global,0.0
1,1,lr1e-05_bs16_drop0p4_temp1p0_a0p25_b0p05__wd1e-04trmiss0_degmodglobal,16,1e-05,0.0001,0.4,1.0,0.25,0.05,lr1e-05_bs16_drop0p4_temp1p0_a0p25_b0p05__wd1e-04trmiss0_degmodglobal,55,0.7364371865987778,0.7067667245864868,0.42222222222222217,0.7298399131732467,0.42857142857142855,0.0,0.6060322821140289,0.7097305655479431,0.06381873600184917,0.2150384522974491,0.0,0.0,0.0,0.0,0.0,18473,global,0.0
1,1,lr1e-05_bs16_drop0p4_temp1p0_a0p25_b0p05__wd1e-04trmiss0_degmodglobal,16,1e-05,0.0001,0.4,1.0,0.25,0.05,lr1e-05_bs16_drop0p4_temp1p0_a0p25_b0p05__wd1e-04trmiss0_degmodglobal,56,0.7446473985910416,0.7103855013847351,0.42222222222222217,0.7298399131732467,0.5,0.0,0.5926156044006348,0.7186035811901093,0.06292838044464588,0.20623445883393288,0.0,0.0,0.0,0.0,0.0,18473,global,0.0
1,1,lr1e-05_bs16_drop0p4_temp1p0_a0p25_b0p05__wd1e-04trmiss0_degmodglobal,16,1e-05,0.0001,0.4,1.0,0.25,0.05,lr1e-05_bs16_drop0p4_temp1p0_a0p25_b0p05__wd1e-04trmiss0_degmodglobal,57,0.6692110300064087,0.7111781239509583,0.4,0.7237793071126406,0.5,0.0,0.6550920158624649,0.6542758941650391,0.04000386316329241,0.09868380799889565,0.0,0.0,0.0,0.0,0.0,18473,global,0.0
1,1,lr1e-05_bs16_drop0p4_temp1p0_a0p25_b0p05__wd1e-04trmiss0_degmodglobal,16,1e-05,0.0001,0.4,1.0,0.25,0.05,lr1e-05_bs16_drop0p4_temp1p0_a0p25_b0p05__wd1e-04trmiss0_degmodglobal,58,0.7296455800533295,0.7129635214805603,0.37777777777777777,0.7158427991761325,0.5,0.0,0.5931735187768936,0.7038858234882355,0.06584891863167286,0.1859508454799652,0.0,0.0,0.0,0.0,0.0,18473,global,0.0
1,1,lr1e-05_bs16_drop0p4_temp1p0_a0p25_b0p05__wd1e-04trmiss0_degmodglobal,16,1e-05,0.0001,0.4,1.0,0.25,0.05,lr1e-05_bs16_drop0p4_temp1p0_a0p25_b0p05__wd1e-04trmiss0_degmodglobal,59,0.7156864702701569,0.7127144932746887,0.37777777777777777,0.7158427991761325,0.5,0.0,0.6075549274682999,0.6950390487909317,0.05210929550230503,0.1524018719792366,0.0,0.0,0.0,0.0,0.0,18473,global,0.0
1,1,lr1e-05_bs16_drop0p4_temp1p0_a0p25_b0p05__wd1e-04trmiss0_degmodglobal,16,1e-05,0.0001,0.4,1.0,0.25,0.05,lr1e-05_bs16_drop0p4_temp1p0_a0p25_b0p05__wd1e-04trmiss0_degmodglobal,60,0.7169571965932846,0.711490273475647,0.37777777777777777,0.7158427991761325,0.5,0.0,0.5960605815052986,0.6936591863632202,0.052834078669548035,0.20178967341780663,0.0,0.0,0.0,0.0,0.0,18473,global,0.0
1,1,lr1e-05_bs16_drop0p4_temp1p0_a0p25_b0p05__wd1e-04trmiss0_degmodglobal,16,1e-05,0.0001,0.4,1.0,0.25,0.05,lr1e-05_bs16_drop0p4_temp1p0_a0p25_b0p05__wd1e-04trmiss0_degmodglobal,61,0.7006560117006302,0.7108361721038818,0.37777777777777777,0.7158427991761325,0.5714285714285714,0.0,0.619467169046402,0.6775256097316742,0.05891852732747793,0.16801480576395988,0.0,0.0,0.0,0.0,0.0,18473,global,0.0
1,1,lr1e-05_bs16_drop0p4_temp1p0_a0p25_b0p05__wd1e-04trmiss0_degmodglobal,16,1e-05,0.0001,0.4,1.0,0.25,0.05,lr1e-05_bs16_drop0p4_temp1p0_a0p25_b0p05__wd1e-04trmiss0_degmodglobal,62,0.706903338432312,0.7080093622207642,0.37777777777777777,0.7158427991761325,0.5,0.0,0.6272563189268112,0.6883033066987991,0.04737000446766615,0.13515052292495966,0.0,0.0,0.0,0.0,0.0,18473,global,0.0
1,1,lr1e-05_bs16_drop0p4_temp1p0_a0p25_b0p05__wd1e-04trmiss0_degmodglobal,16,1e-05,0.0001,0.4,1.0,0.25,0.05,lr1e-05_bs16_drop0p4_temp1p0_a0p25_b0p05__wd1e-04trmiss0_degmodglobal,63,0.7272664457559586,0.7097259163856506,0.37777777777777777,0.7158427991761325,0.5,0.0,0.6427314430475235,0.7058815509080887,0.058591607958078384,0.13473984505981207,0.0,0.0,0.0,0.0,0.0,18473,global,0.0
1,1,lr1e-05_bs16_drop0p4_temp1p0_a0p25_b0p05__wd1e-04trmiss0_degmodglobal,16,1e-05,0.0001,0.4,1.0,0.25,0.05,lr1e-05_bs16_drop0p4_temp1p0_a0p25_b0p05__wd1e-04trmiss0_degmodglobal,64,0.7030676007270813,0.7078974843025208,0.39999999999999997,0.7219034052367386,0.42857142857142855,0.0,0.5977904051542282,0.6770039349794388,0.06072757579386234,0.2176353521645069,0.0,0.0,0.0,0.0,0.0,18473,global,0.0
1,1,lr1e-05_bs16_drop0p4_temp1p0_a0p25_b0p05__wd1e-04trmiss0_degmodglobal,16,1e-05,0.0001,0.4,1.0,0.25,0.05,lr1e-05_bs16_drop0p4_temp1p0_a0p25_b0p05__wd1e-04trmiss0_degmodglobal,65,0.7192639410495758,0.7078275084495544,0.4444444444444444,0.7375559625559627,0.5,0.0,0.6540527790784836,0.6992278099060059,0.04886634089052677,0.15639107022434473,0.0,0.0,0.0,0.0,0.0,18473,global,0.0
1,1,lr1e-05_bs16_drop0p4_temp1p0_a0p25_b0p05__wd1e-04trmiss0_degmodglobal,16,1e-05,0.0001,0.4,1.0,0.25,0.05,lr1e-05_bs16_drop0p4_temp1p0_a0p25_b0p05__wd1e-04trmiss0_degmodglobal,66,0.7158092111349106,0.708804726600647,0.4666666666666667,0.7519980019980022,0.5,0.0,0.6079240590333939,0.6947760134935379,0.05531622655689716,0.14408285357058048,0.0,0.0,0.0,0.0,0.0,18473,global,0.0
1,1,lr1e-05_bs16_drop0p4_temp1p0_a0p25_b0p05__wd1e-04trmiss0_degmodglobal,16,1e-05,0.0001,0.4,1.0,0.25,0.05,lr1e-05_bs16_drop0p4_temp1p0_a0p25_b0p05__wd1e-04trmiss0_degmodglobal,67,0.7017835378646851,0.7101322412490845,0.4666666666666667,0.7519980019980022,0.5714285714285714,0.0,0.6278672218322754,0.6834445744752884,0.049191453494131565,0.12082232534885406,0.0,0.0,0.0,0.0,0.0,18473,global,0.0
1,1,lr1e-05_bs16_drop0p4_temp1p0_a0p25_b0p05__wd1e-04trmiss0_degmodglobal,16,1e-05,0.0001,0.4,1.0,0.25,0.05,lr1e-05_bs16_drop0p4_temp1p0_a0p25_b0p05__wd1e-04trmiss0_degmodglobal,68,0.7047863453626633,0.7069405913352966,0.4888888888888888,0.7580586080586083,0.5,0.0,0.6153904050588608,0.6805673986673355,0.05996479466557503,0.1845548376441002,0.0,0.0,0.0,0.0,0.0,18473,global,0.0
1,1,lr1e-05_bs16_drop0p4_temp1p0_a0p25_b0p05__wd1e-04trmiss0_degmodglobal,16,1e-05,0.0001,0.4,1.0,0.25,0.05,lr1e-05_bs16_drop0p4_temp1p0_a0p25_b0p05__wd1e-04trmiss0_degmodglobal,69,0.6894328147172928,0.7098370790481567,0.42222222222222217,0.7343613176946511,0.5714285714285714,0.0,0.6265051811933517,0.668801948428154,0.05445474665611982,0.140343576669693,0.0,0.0,0.0,0.0,0.0,18473,global,0.0
1,1,lr1e-05_bs16_drop0p4_temp1p0_a0p25_b0p05__wd1e-04trmiss0_degmodglobal,16,1e-05,0.0001,0.4,1.0,0.25,0.05,lr1e-05_bs16_drop0p4_temp1p0_a0p25_b0p05__wd1e-04trmiss0_degmodglobal,70,0.7257208228111267,0.7063656449317932,0.4222222222222222,0.7314953564953566,0.5714285714285714,0.0,0.6114727705717087,0.7033940702676773,0.06294170580804348,0.13182696141302586,0.0,0.0,0.0,0.0,0.0,18473,global,0.0
1,1,lr1e-05_bs16_drop0p4_temp1p0_a0p25_b0p05__wd1e-04trmiss0_degmodglobal,16,1e-05,0.0001,0.4,1.0,0.25,0.05,lr1e-05_bs16_drop0p4_temp1p0_a0p25_b0p05__wd1e-04trmiss0_degmodglobal,71,0.7037562727928162,0.7057055234909058,0.4444444444444444,0.7375559625559627,0.42857142857142855,0.0,0.632761999964714,0.6821459531784058,0.055028894916176796,0.15706227533519268,0.0,0.0,0.0,0.0,0.0,18473,global,0.0
1,1,lr1e-05_bs16_drop0p4_temp1p0_a0p25_b0p05__wd1e-04trmiss0_degmodglobal,16,1e-05,0.0001,0.4,1.0,0.25,0.05,lr1e-05_bs16_drop0p4_temp1p0_a0p25_b0p05__wd1e-04trmiss0_degmodglobal,72,0.7030730098485947,0.7060595154762268,0.4444444444444444,0.7375559625559627,0.5,0.0,0.6303444355726242,0.6833706498146057,0.04940574802458286,0.1470183338969946,0.0,0.0,0.0,0.0,0.0,18473,global,0.0
1,1,lr1e-05_bs16_drop0p4_temp1p0_a0p25_b0p05__wd1e-04trmiss0_degmodglobal,16,1e-05,0.0001,0.4,1.0,0.25,0.05,lr1e-05_bs16_drop0p4_temp1p0_a0p25_b0p05__wd1e-04trmiss0_degmodglobal,73,0.7137860506772995,0.7084569334983826,0.4444444444444444,0.7375559625559627,0.42857142857142855,0.0,0.6354534924030304,0.6937626451253891,0.04976952541619539,0.15162060037255287,0.0,0.0,0.0,0.0,0.0,18473,global,0.0
1,1,lr1e-05_bs16_drop0p4_temp1p0_a0p25_b0p05__wd1e-04trmiss0_degmodglobal,16,1e-05,0.0001,0.4,1.0,0.25,0.05,lr1e-05_bs16_drop0p4_temp1p0_a0p25_b0p05__wd1e-04trmiss0_degmodglobal,74,0.7398742586374283,0.7080913782119751,0.4666666666666667,0.7481379731379731,0.42857142857142855,0.0,0.6188464760780334,0.7177746146917343,0.058843497186899185,0.147775468416512,0.0,0.0,0.0,0.0,0.0,18473,global,0.0
1,1,lr1e-05_bs16_drop0p4_temp1p0_a0p25_b0p05__wd1e-04trmiss0_degmodglobal,16,1e-05,0.0001,0.4,1.0,0.25,0.05,lr1e-05_bs16_drop0p4_temp1p0_a0p25_b0p05__wd1e-04trmiss0_degmodglobal,75,0.7002923786640167,0.7069476246833801,0.4444444444444444,0.7404219237552572,0.42857142857142855,0.0,0.5936814993619919,0.6796197444200516,0.05153057351708412,0.1557997725903988,0.0,0.0,0.0,0.0,0.0,18473,global,0.0
1,1,lr1e-05_bs16_drop0p4_temp1p0_a0p25_b0p05__wd1e-04trmiss0_degmodglobal,16,1e-05,0.0001,0.4,1.0,0.25,0.05,lr1e-05_bs16_drop0p4_temp1p0_a0p25_b0p05__wd1e-04trmiss0_degmodglobal,76,0.6871728301048279,0.7064811587333679,0.4666666666666667,0.7481379731379731,0.5,0.0,0.6326089352369308,0.6571942120790482,0.07051447592675686,0.246999341994524,0.0,0.0,0.0,0.0,0.0,18473,global,0.0
1,1,lr1e-05_bs16_drop0p4_temp1p0_a0p25_b0p05__wd1e-04trmiss0_degmodglobal,16,1e-05,0.0001,0.4,1.0,0.25,0.05,lr1e-05_bs16_drop0p4_temp1p0_a0p25_b0p05__wd1e-04trmiss0_degmodglobal,77,0.7288047671318054,0.7058418989181519,0.4444444444444444,0.7420773670773673,0.42857142857142855,0.0,0.5933798849582672,0.7070628702640533,0.052435501012951136,0.17266023997217417,0.0,0.0,0.0,0.0,0.0,18473,global,0.0
1,1,lr1e-05_bs16_drop0p4_temp1p0_a0p25_b0p05__wd1e-04trmiss0_degmodglobal,16,1e-05,0.0001,0.4,1.0,0.25,0.05,lr1e-05_bs16_drop0p4_temp1p0_a0p25_b0p05__wd1e-04trmiss0_degmodglobal,78,0.7180594503879547,0.7064571976661682,0.4666666666666667,0.7568921818921821,0.5714285714285714,0.0,0.6140686869621277,0.6986857056617737,0.05090435314923525,0.13295328617095947,0.0,0.0,0.0,0.0,0.0,18473,global,0.0
1,1,lr1e-05_bs16_drop0p4_temp1p0_a0p25_b0p05__wd1e-04trmiss0_degmodglobal,16,1e-05,0.0001,0.4,1.0,0.25,0.05,lr1e-05_bs16_drop0p4_temp1p0_a0p25_b0p05__wd1e-04trmiss0_degmodglobal,79,0.7544239610433578,0.7040368914604187,0.4888888888888889,0.766812816812817,0.5,0.0,0.6383561491966248,0.7175808101892471,0.08781617414206266,0.2977822534739971,0.0,0.0,0.0,0.0,0.0,18473,global,0.0
1,1,lr1e-05_bs16_drop0p4_temp1p0_a0p25_b0p05__wd1e-04trmiss0_degmodglobal,16,1e-05,0.0001,0.4,1.0,0.25,0.05,lr1e-05_bs16_drop0p4_temp1p0_a0p25_b0p05__wd1e-04trmiss0_degmodglobal,80,0.7205279916524887,0.7043094038963318,0.4888888888888889,0.762952787952788,0.5,0.0,0.5853440314531326,0.6938491761684418,0.0595663134008646,0.23574455082416534,0.0,0.0,0.0,0.0,0.0,18473,global,0.0
1,1,lr1e-05_bs16_drop0p4_temp2p0_a0p25_b0p05__wd1e-04trmiss0_degmodglobal,16,1e-05,0.0001,0.4,2.0,0.25,0.05,lr1e-05_bs16_drop0p4_temp2p0_a0p25_b0p05__wd1e-04trmiss0_degmodglobal,1,0.7656124532222748,0.7068870067596436,0.2888888888888888,0.5426918760252093,0.35714285714285715,0.0,0.6776632219552994,0.7370485961437225,0.07003494258970022,0.2211026530712843,0.0,0.0,0.0,0.0,0.0,18473,global,0.0
1,1,lr1e-05_bs16_drop0p4_temp2p0_a0p25_b0p05__wd1e-04trmiss0_degmodglobal,16,1e-05,0.0001,0.4,2.0,0.25,0.05,lr1e-05_bs16_drop0p4_temp2p0_a0p25_b0p05__wd1e-04trmiss0_degmodglobal,2,0.7737802863121033,0.7087902426719666,0.2666666666666666,0.5334326167659501,0.35714285714285715,0.0,0.6660814434289932,0.7303840070962906,0.11115696839988232,0.3121410012245178,0.0,0.0,0.0,0.0,0.0,18473,global,0.0
1,1,lr1e-05_bs16_drop0p4_temp2p0_a0p25_b0p05__wd1e-04trmiss0_degmodglobal,16,1e-05,0.0001,0.4,2.0,0.25,0.05,lr1e-05_bs16_drop0p4_temp2p0_a0p25_b0p05__wd1e-04trmiss0_degmodglobal,3,0.7287054359912872,0.7097728252410889,0.2666666666666666,0.5334326167659501,0.35714285714285715,0.0,0.6658160835504532,0.7003835588693619,0.07499905582517385,0.19144206121563911,0.0,0.0,0.0,0.0,0.0,18473,global,0.0
1,1,lr1e-05_bs16_drop0p4_temp2p0_a0p25_b0p05__wd1e-04trmiss0_degmodglobal,16,1e-05,0.0001,0.4,2.0,0.25,0.05,lr1e-05_bs16_drop0p4_temp2p0_a0p25_b0p05__wd1e-04trmiss0_degmodglobal,4,0.7526407092809677,0.7083842158317566,0.2666666666666666,0.5334326167659501,0.42857142857142855,0.0,0.6656535267829895,0.7237324565649033,0.06903794221580029,0.23297544568777084,0.0,0.0,0.0,0.0,0.0,18473,global,0.0
1,1,lr1e-05_bs16_drop0p4_temp2p0_a0p25_b0p05__wd1e-04trmiss0_degmodglobal,16,1e-05,0.0001,0.4,2.0,0.25,0.05,lr1e-05_bs16_drop0p4_temp2p0_a0p25_b0p05__wd1e-04trmiss0_degmodglobal,5,0.7427554875612259,0.7085584998130798,0.28888888888888886,0.541369124702458,0.5,0.0,0.6932548880577087,0.7247578650712967,0.04736887663602829,0.12310791481286287,0.0,0.0,0.0,0.0,0.0,18473,global,0.0
1,1,lr1e-05_bs16_drop0p4_temp2p0_a0p25_b0p05__wd1e-04trmiss0_degmodglobal,16,1e-05,0.0001,0.4,2.0,0.25,0.05,lr1e-05_bs16_drop0p4_temp2p0_a0p25_b0p05__wd1e-04trmiss0_degmodglobal,6,0.7193607240915298,0.7065574526786804,0.28888888888888886,0.541369124702458,0.5,0.0,0.6845000088214874,0.6988814026117325,0.056347016245126724,0.12785166781395674,0.0,0.0,0.0,0.0,0.0,18473,global,0.0
1,1,lr1e-05_bs16_drop0p4_temp2p0_a0p25_b0p05__wd1e-04trmiss0_degmodglobal,16,1e-05,0.0001,0.4,2.0,0.25,0.05,lr1e-05_bs16_drop0p4_temp2p0_a0p25_b0p05__wd1e-04trmiss0_degmodglobal,7,0.7459390163421631,0.7042232751846313,0.3111111111111111,0.5490851740851741,0.5714285714285714,0.0,0.6208194643259048,0.7160483300685883,0.075443628244102,0.22059558518230915,0.0,0.0,0.0,0.0,0.0,18473,global,0.0
1,1,lr1e-05_bs16_drop0p4_temp2p0_a0p25_b0p05__wd1e-04trmiss0_degmodglobal,16,1e-05,0.0001,0.4,2.0,0.25,0.05,lr1e-05_bs16_drop0p4_temp2p0_a0p25_b0p05__wd1e-04trmiss0_degmodglobal,8,0.7399474829435349,0.7009813189506531,0.3333333333333333,0.5564925814925814,0.6428571428571429,0.0,0.6611498892307281,0.7146304100751877,0.06599328573793173,0.17637465335428715,0.0,0.0,0.0,0.0,0.0,18473,global,0.0
1,1,lr1e-05_bs16_drop0p4_temp2p0_a0p25_b0p05__wd1e-04trmiss0_degmodglobal,16,1e-05,0.0001,0.4,2.0,0.25,0.05,lr1e-05_bs16_drop0p4_temp2p0_a0p25_b0p05__wd1e-04trmiss0_degmodglobal,9,0.7224380224943161,0.6989572644233704,0.3333333333333333,0.5564925814925814,0.6428571428571429,0.0,0.616415724158287,0.7045929729938507,0.047261047177016735,0.1205957755446434,0.0,0.0,0.0,0.0,0.0,18473,global,0.0
1,1,lr1e-05_bs16_drop0p4_temp2p0_a0p25_b0p05__wd1e-04trmiss0_degmodglobal,16,1e-05,0.0001,0.4,2.0,0.25,0.05,lr1e-05_bs16_drop0p4_temp2p0_a0p25_b0p05__wd1e-04trmiss0_degmodglobal,10,0.7035030275583267,0.6986302137374878,0.39999999999999997,0.5879740629740628,0.6428571428571429,0.0,0.6523998081684113,0.6712736338376999,0.07749368343502283,0.2571195214986801,0.0,0.0,0.0,0.0,0.0,18473,global,0.0
1,1,lr1e-05_bs16_drop0p4_temp2p0_a0p25_b0p05__wd1e-04trmiss0_degmodglobal,16,1e-05,0.0001,0.4,2.0,0.25,0.05,lr1e-05_bs16_drop0p4_temp2p0_a0p25_b0p05__wd1e-04trmiss0_degmodglobal,11,0.6843064576387405,0.6992766857147217,0.3555555555555555,0.5657518407518407,0.6428571428571429,0.0,0.6597961932420731,0.6631503701210022,0.05186652019619942,0.16378925926983356,0.0,0.0,0.0,0.0,0.0,18473,global,0.0
1,1,lr1e-05_bs16_drop0p4_temp2p0_a0p25_b0p05__wd1e-04trmiss0_degmodglobal,16,1e-05,0.0001,0.4,2.0,0.25,0.05,lr1e-05_bs16_drop0p4_temp2p0_a0p25_b0p05__wd1e-04trmiss0_degmodglobal,12,0.720646396279335,0.6997299790382385,0.37777777777777777,0.5768629518629518,0.6428571428571429,0.0,0.638911098241806,0.6920988410711288,0.07348703220486641,0.20351622812449932,0.0,0.0,0.0,0.0,0.0,18473,global,0.0
1,1,lr1e-05_bs16_drop0p4_temp2p0_a0p25_b0p05__wd1e-04trmiss0_degmodglobal,16,1e-05,0.0001,0.4,2.0,0.25,0.05,lr1e-05_bs16_drop0p4_temp2p0_a0p25_b0p05__wd1e-04trmiss0_degmodglobal,13,0.7110912203788757,0.698586106300354,0.37777777777777777,0.5768629518629518,0.6428571428571429,0.0,0.6395938098430634,0.6882916241884232,0.05893506295979023,0.1613167943432927,0.0,0.0,0.0,0.0,0.0,18473,global,0.0
1,1,lr1e-05_bs16_drop0p4_temp2p0_a0p25_b0p05__wd1e-04trmiss0_degmodglobal,16,1e-05,0.0001,0.4,2.0,0.25,0.05,lr1e-05_bs16_drop0p4_temp2p0_a0p25_b0p05__wd1e-04trmiss0_degmodglobal,14,0.7212427407503128,0.6990619897842407,0.37777777777777777,0.5805666555666555,0.6428571428571429,0.0,0.6208316534757614,0.6966036409139633,0.05940347537398338,0.19576488621532917,0.0,0.0,0.0,0.0,0.0,18473,global,0.0
1,1,lr1e-05_bs16_drop0p4_temp2p0_a0p25_b0p05__wd1e-04trmiss0_degmodglobal,16,1e-05,0.0001,0.4,2.0,0.25,0.05,lr1e-05_bs16_drop0p4_temp2p0_a0p25_b0p05__wd1e-04trmiss0_degmodglobal,15,0.7423595786094666,0.6978236436843872,0.42222222222222217,0.6010693010693011,0.6428571428571429,0.0,0.6422921866178513,0.716170608997345,0.07022250164300203,0.1726673934608698,0.0,0.0,0.0,0.0,0.0,18473,global,0.0
1,1,lr1e-05_bs16_drop0p4_temp2p0_a0p25_b0p05__wd1e-04trmiss0_degmodglobal,16,1e-05,0.0001,0.4,2.0,0.25,0.05,lr1e-05_bs16_drop0p4_temp2p0_a0p25_b0p05__wd1e-04trmiss0_degmodglobal,16,0.7020714581012726,0.6959630846977234,0.4666666666666666,0.6177359677359677,0.5714285714285714,0.0,0.623621940612793,0.6823484152555466,0.05507403612136841,0.11909075640141964,0.0,0.0,0.0,0.0,0.0,18473,global,0.0
1,1,lr1e-05_bs16_drop0p4_temp2p0_a0p25_b0p05__wd1e-04trmiss0_degmodglobal,16,1e-05,0.0001,0.4,2.0,0.25,0.05,lr1e-05_bs16_drop0p4_temp2p0_a0p25_b0p05__wd1e-04trmiss0_degmodglobal,17,0.7373782694339752,0.6915518045425415,0.4666666666666666,0.6177359677359677,0.5,0.0,0.6419916898012161,0.7108356356620789,0.07002447452396154,0.1807302124798298,0.0,0.0,0.0,0.0,0.0,18473,global,0.0
1,1,lr1e-05_bs16_drop0p4_temp2p0_a0p25_b0p05__wd1e-04trmiss0_degmodglobal,16,1e-05,0.0001,0.4,2.0,0.25,0.05,lr1e-05_bs16_drop0p4_temp2p0_a0p25_b0p05__wd1e-04trmiss0_degmodglobal,18,0.6459617912769318,0.6933825612068176,0.4666666666666666,0.6177359677359677,0.5,0.0,0.6745316535234451,0.6253091096878052,0.055454911664128304,0.13577916473150253,0.0,0.0,0.0,0.0,0.0,18473,global,0.0
1,1,lr1e-05_bs16_drop0p4_temp2p0_a0p25_b0p05__wd1e-04trmiss0_degmodglobal,16,1e-05,0.0001,0.4,2.0,0.25,0.05,lr1e-05_bs16_drop0p4_temp2p0_a0p25_b0p05__wd1e-04trmiss0_degmodglobal,19,0.7008863985538483,0.6887043118476868,0.4666666666666666,0.6177359677359677,0.5,0.0,0.655660480260849,0.6775634288787842,0.06099493242800236,0.16148484125733376,0.0,0.0,0.0,0.0,0.0,18473,global,0.0
1,1,lr1e-05_bs16_drop0p4_temp2p0_a0p25_b0p05__wd1e-04trmiss0_degmodglobal,16,1e-05,0.0001,0.4,2.0,0.25,0.05,lr1e-05_bs16_drop0p4_temp2p0_a0p25_b0p05__wd1e-04trmiss0_degmodglobal,20,0.6948007345199585,0.6869685649871826,0.4666666666666666,0.6177359677359677,0.5,0.0,0.6098470091819763,0.6660111993551254,0.07432455662637949,0.20416799187660217,0.0,0.0,0.0,0.0,0.0,18473,global,0.0
1,1,lr1e-05_bs16_drop0p4_temp2p0_a0p25_b0p05__wd1e-04trmiss0_degmodglobal,16,1e-05,0.0001,0.4,2.0,0.25,0.05,lr1e-05_bs16_drop0p4_temp2p0_a0p25_b0p05__wd1e-04trmiss0_degmodglobal,21,0.6971968710422516,0.6853972673416138,0.4888888888888888,0.6362544862544863,0.5,0.0,0.6232863813638687,0.66550512611866,0.08307398669421673,0.2184649109840393,0.0,0.0,0.0,0.0,0.0,18473,global,0.0
1,1,lr1e-05_bs16_drop0p4_temp2p0_a0p25_b0p05__wd1e-04trmiss0_degmodglobal,16,1e-05,0.0001,0.4,2.0,0.25,0.05,lr1e-05_bs16_drop0p4_temp2p0_a0p25_b0p05__wd1e-04trmiss0_degmodglobal,22,0.6481712609529495,0.6893969178199768,0.4888888888888888,0.6362544862544863,0.5714285714285714,0.0,0.6011276543140411,0.6244817227125168,0.06441511958837509,0.15171530470252037,0.0,0.0,0.0,0.0,0.0,18473,global,0.0
1,1,lr1e-05_bs16_drop0p4_temp2p0_a0p25_b0p05__wd1e-04trmiss0_degmodglobal,16,1e-05,0.0001,0.4,2.0,0.25,0.05,lr1e-05_bs16_drop0p4_temp2p0_a0p25_b0p05__wd1e-04trmiss0_degmodglobal,23,0.668394073843956,0.6902177333831787,0.5333333333333332,0.6519671686338354,0.6428571428571429,0.0,0.6327165365219116,0.6466730386018753,0.05770834535360336,0.14587928727269173,0.0,0.0,0.0,0.0,0.0,18473,global,0.0
1,1,lr1e-05_bs16_drop0p4_temp2p0_a0p25_b0p05__wd1e-04trmiss0_degmodglobal,16,1e-05,0.0001,0.4,2.0,0.25,0.05,lr1e-05_bs16_drop0p4_temp2p0_a0p25_b0p05__wd1e-04trmiss0_degmodglobal,24,0.7296830266714096,0.6876329183578491,0.5555555555555556,0.6704856871523539,0.6428571428571429,0.0,0.600461333990097,0.6975825726985931,0.07906572706997395,0.24668045714497566,0.0,0.0,0.0,0.0,0.0,18473,global,0.0
1,1,lr1e-05_bs16_drop0p4_temp2p0_a0p25_b0p05__wd1e-04trmiss0_degmodglobal,16,1e-05,0.0001,0.4,2.0,0.25,0.05,lr1e-05_bs16_drop0p4_temp2p0_a0p25_b0p05__wd1e-04trmiss0_degmodglobal,25,0.6789236515760422,0.6916189789772034,0.4888888888888889,0.6248066748066747,0.6428571428571429,0.0,0.6389438509941101,0.6563940346240997,0.05718419514596462,0.16467103827744722,0.0,0.0,0.0,0.0,0.0,18473,global,0.0
1,1,lr1e-05_bs16_drop0p4_temp2p0_a0p25_b0p05__wd1e-04trmiss0_degmodglobal,16,1e-05,0.0001,0.4,2.0,0.25,0.05,lr1e-05_bs16_drop0p4_temp2p0_a0p25_b0p05__wd1e-04trmiss0_degmodglobal,26,0.6978462934494019,0.6949520707130432,0.4888888888888889,0.6248066748066747,0.6428571428571429,0.0,0.6062633842229843,0.6693174988031387,0.07313936203718185,0.20487885363399982,0.0,0.0,0.0,0.0,0.0,18473,global,0.0
1,1,lr1e-05_bs16_drop0p4_temp2p0_a0p25_b0p05__wd1e-04trmiss0_degmodglobal,16,1e-05,0.0001,0.4,2.0,0.25,0.05,lr1e-05_bs16_drop0p4_temp2p0_a0p25_b0p05__wd1e-04trmiss0_degmodglobal,27,0.6763603240251541,0.6986730098724365,0.4888888888888889,0.6248066748066747,0.6428571428571429,0.0,0.6132417470216751,0.650535374879837,0.06670679431408644,0.18296525487676263,0.0,0.0,0.0,0.0,0.0,18473,global,0.0
1,1,lr1e-05_bs16_drop0p4_temp2p0_a0p25_b0p05__wd1e-04trmiss0_degmodglobal,16,1e-05,0.0001,0.4,2.0,0.25,0.05,lr1e-05_bs16_drop0p4_temp2p0_a0p25_b0p05__wd1e-04trmiss0_degmodglobal,28,0.639227032661438,0.6961833834648132,0.4888888888888889,0.6248066748066747,0.6428571428571429,0.0,0.6160814762115479,0.6122269183397293,0.06941392365843058,0.19293263368308544,0.0,0.0,0.0,0.0,0.0,18473,global,0.0
1,1,lr1e-05_bs16_drop0p4_temp2p0_a0p25_b0p05__wd1e-04trmiss0_degmodglobal,16,1e-05,0.0001,0.4,2.0,0.25,0.05,lr1e-05_bs16_drop0p4_temp2p0_a0p25_b0p05__wd1e-04trmiss0_degmodglobal,29,0.6535688489675522,0.6942055821418762,0.5111111111111111,0.6433251933251933,0.6428571428571429,0.0,0.6034455895423889,0.633144199848175,0.05303948186337948,0.14329597167670727,0.0,0.0,0.0,0.0,0.0,18473,global,0.0
1,1,lr1e-05_bs16_drop0p4_temp2p0_a0p25_b0p05__wd1e-04trmiss0_degmodglobal,16,1e-05,0.0001,0.4,2.0,0.25,0.05,lr1e-05_bs16_drop0p4_temp2p0_a0p25_b0p05__wd1e-04trmiss0_degmodglobal,30,0.6704635918140411,0.6889398097991943,0.5111111111111111,0.6433251933251933,0.6428571428571429,0.0,0.6184320002794266,0.6493034511804581,0.05133519135415554,0.166526947170496,0.0,0.0,0.0,0.0,0.0,18473,global,0.0
1,1,lr1e-05_bs16_drop0p4_temp2p0_a0p25_b0p05__wd1e-04trmiss0_degmodglobal,16,1e-05,0.0001,0.4,2.0,0.25,0.05,lr1e-05_bs16_drop0p4_temp2p0_a0p25_b0p05__wd1e-04trmiss0_degmodglobal,31,0.6793617010116577,0.6866618990898132,0.5111111111111111,0.6433251933251933,0.6428571428571429,0.0,0.6176055371761322,0.6561524122953415,0.06257955357432365,0.15128800086677074,0.0,0.0,0.0,0.0,0.0,18473,global,0.0
1,1,lr1e-05_bs16_drop0p4_temp2p0_a0p25_b0p05__wd1e-04trmiss0_degmodglobal,16,1e-05,0.0001,0.4,2.0,0.25,0.05,lr1e-05_bs16_drop0p4_temp2p0_a0p25_b0p05__wd1e-04trmiss0_degmodglobal,32,0.6886760741472244,0.6854637861251831,0.5333333333333332,0.6500592000592,0.6428571428571429,0.0,0.6150208115577698,0.6595275551080704,0.0745683629065752,0.2101285383105278,0.0,0.0,0.0,0.0,0.0,18473,global,0.0
1,1,lr1e-05_bs16_drop0p4_temp2p0_a0p25_b0p05__wd1e-04trmiss0_degmodglobal,16,1e-05,0.0001,0.4,2.0,0.25,0.05,lr1e-05_bs16_drop0p4_temp2p0_a0p25_b0p05__wd1e-04trmiss0_degmodglobal,33,0.6884338408708572,0.6883672475814819,0.5111111111111111,0.6433251933251933,0.6428571428571429,0.0,0.6167673319578171,0.6663263589143753,0.059782689437270164,0.14323636144399643,0.0,0.0,0.0,0.0,0.0,18473,global,0.0
1,1,lr1e-05_bs16_drop0p4_temp2p0_a0p25_b0p05__wd1e-04trmiss0_degmodglobal,16,1e-05,0.0001,0.4,2.0,0.25,0.05,lr1e-05_bs16_drop0p4_temp2p0_a0p25_b0p05__wd1e-04trmiss0_degmodglobal,34,0.6384884864091873,0.6900312304496765,0.5111111111111111,0.6433251933251933,0.6428571428571429,0.0,0.6235485970973969,0.6132913082838058,0.061441197991371155,0.19673789106309414,0.0,0.0,0.0,0.0,0.0,18473,global,0.0
1,1,lr1e-05_bs16_drop0p4_temp2p0_a0p25_b0p05__wd1e-04trmiss0_degmodglobal,16,1e-05,0.0001,0.4,2.0,0.25,0.05,lr1e-05_bs16_drop0p4_temp2p0_a0p25_b0p05__wd1e-04trmiss0_degmodglobal,35,0.6834978759288788,0.6909396648406982,0.5111111111111111,0.6433251933251933,0.6428571428571429,0.0,0.6497912555932999,0.6584978550672531,0.06904870271682739,0.1547566018998623,0.0,0.0,0.0,0.0,0.0,18473,global,0.0
1,1,lr1e-05_bs16_drop0p4_temp2p0_a0p25_b0p05__wd1e-04trmiss0_degmodglobal,16,1e-05,0.0001,0.4,2.0,0.25,0.05,lr1e-05_bs16_drop0p4_temp2p0_a0p25_b0p05__wd1e-04trmiss0_degmodglobal,36,0.6849883943796158,0.6846781373023987,0.5777777777777777,0.6871523538190205,0.6428571428571429,0.0,0.6035086065530777,0.6653332710266113,0.05443810950964689,0.1209119874984026,0.0,0.0,0.0,0.0,0.0,18473,global,0.0
1,1,lr1e-05_bs16_drop0p4_temp2p0_a0p25_b0p05__wd1e-04trmiss0_degmodglobal,16,1e-05,0.0001,0.4,2.0,0.25,0.05,lr1e-05_bs16_drop0p4_temp2p0_a0p25_b0p05__wd1e-04trmiss0_degmodglobal,37,0.6516491919755936,0.6830688118934631,0.5555555555555556,0.6704856871523539,0.6428571428571429,0.0,0.6149640828371048,0.6261440962553024,0.05891139339655638,0.215544905513525,0.0,0.0,0.0,0.0,0.0,18473,global,0.0
1,1,lr1e-05_bs16_drop0p4_temp2p0_a0p25_b0p05__wd1e-04trmiss0_degmodglobal,16,1e-05,0.0001,0.4,2.0,0.25,0.05,lr1e-05_bs16_drop0p4_temp2p0_a0p25_b0p05__wd1e-04trmiss0_degmodglobal,38,0.6476760804653168,0.6841856241226196,0.5333333333333332,0.6519671686338354,0.6428571428571429,0.0,0.5929505676031113,0.6274918466806412,0.057459973730146885,0.11638479679822922,0.0,0.0,0.0,0.0,0.0,18473,global,0.0
1,1,lr1e-05_bs16_drop0p4_temp2p0_a0p25_b0p05__wd1e-04trmiss0_degmodglobal,16,1e-05,0.0001,0.4,2.0,0.25,0.05,lr1e-05_bs16_drop0p4_temp2p0_a0p25_b0p05__wd1e-04trmiss0_degmodglobal,39,0.639338031411171,0.6842257380485535,0.5333333333333333,0.6618437118437118,0.6428571428571429,0.0,0.6191175580024719,0.6174199432134628,0.06003720685839653,0.13817615807056427,0.0,0.0,0.0,0.0,0.0,18473,global,0.0
1,1,lr1e-05_bs16_drop0p4_temp2p0_a0p25_b0p05__wd1e-04trmiss0_degmodglobal,16,1e-05,0.0001,0.4,2.0,0.25,0.05,lr1e-05_bs16_drop0p4_temp2p0_a0p25_b0p05__wd1e-04trmiss0_degmodglobal,40,0.6477475464344025,0.6855628490447998,0.5333333333333333,0.6618437118437118,0.6428571428571429,0.0,0.6076809912919998,0.6285188496112823,0.052205152809619904,0.12354813516139984,0.0,0.0,0.0,0.0,0.0,18473,global,0.0
1,1,lr1e-05_bs16_drop0p4_temp2p0_a0p25_b0p05__wd1e-04trmiss0_degmodglobal,16,1e-05,0.0001,0.4,2.0,0.25,0.05,lr1e-05_bs16_drop0p4_temp2p0_a0p25_b0p05__wd1e-04trmiss0_degmodglobal,41,0.6504469513893127,0.6869266033172607,0.5333333333333333,0.6618437118437118,0.6428571428571429,0.0,0.5995063781738281,0.6271566599607468,0.061517794616520405,0.1582170408219099,0.0,0.0,0.0,0.0,0.0,18473,global,0.0
1,1,lr1e-05_bs16_drop0p4_temp2p0_a0p25_b0p05__wd1e-04trmiss0_degmodglobal,16,1e-05,0.0001,0.4,2.0,0.25,0.05,lr1e-05_bs16_drop0p4_temp2p0_a0p25_b0p05__wd1e-04trmiss0_degmodglobal,42,0.6814975887537003,0.6803843975067139,0.5777777777777777,0.6871523538190205,0.6428571428571429,0.0,0.5819413810968399,0.6538841277360916,0.07272995822131634,0.1886199712753296,0.0,0.0,0.0,0.0,0.0,18473,global,0.0
1,1,lr1e-05_bs16_drop0p4_temp2p0_a0p25_b0p05__wd1e-04trmiss0_degmodglobal,16,1e-05,0.0001,0.4,2.0,0.25,0.05,lr1e-05_bs16_drop0p4_temp2p0_a0p25_b0p05__wd1e-04trmiss0_degmodglobal,43,0.6886018365621567,0.678236722946167,0.5555555555555556,0.6785103785103785,0.6428571428571429,0.0,0.6016492396593094,0.657909706234932,0.0802601701579988,0.2125418814830482,0.0,0.0,0.0,0.0,0.0,18473,global,0.0
1,1,lr1e-05_bs16_drop0p4_temp2p0_a0p25_b0p05__wd1e-04trmiss0_degmodglobal,16,1e-05,0.0001,0.4,2.0,0.25,0.05,lr1e-05_bs16_drop0p4_temp2p0_a0p25_b0p05__wd1e-04trmiss0_degmodglobal,44,0.6703132390975952,0.6774391531944275,0.5555555555555556,0.6685777185777185,0.6428571428571429,0.0,0.6042671054601669,0.6489225327968597,0.05728181544691324,0.14140531420707703,0.0,0.0,0.0,0.0,0.0,18473,global,0.0
1,1,lr1e-05_bs16_drop0p4_temp2p0_a0p25_b0p05__wd1e-04trmiss0_degmodglobal,16,1e-05,0.0001,0.4,2.0,0.25,0.05,lr1e-05_bs16_drop0p4_temp2p0_a0p25_b0p05__wd1e-04trmiss0_degmodglobal,45,0.6887876987457275,0.6796739101409912,0.5777777777777777,0.674987974987975,0.6428571428571429,0.0,0.5880130231380463,0.6616982668638229,0.06601881794631481,0.2116946578025818,0.0,0.0,0.0,0.0,0.0,18473,global,0.0
1,1,lr1e-05_bs16_drop0p4_temp2p0_a0p25_b0p05__wd1e-04trmiss0_degmodglobal,16,1e-05,0.0001,0.4,2.0,0.25,0.05,lr1e-05_bs16_drop0p4_temp2p0_a0p25_b0p05__wd1e-04trmiss0_degmodglobal,46,0.6976087391376495,0.6803697943687439,0.5555555555555556,0.6685777185777185,0.6428571428571429,0.0,0.5974597632884979,0.6688909828662872,0.07782271597534418,0.18524129688739777,0.0,0.0,0.0,0.0,0.0,18473,global,0.0
1,1,lr1e-05_bs16_drop0p4_temp2p0_a0p25_b0p05__wd1e-04trmiss0_degmodglobal,16,1e-05,0.0001,0.4,2.0,0.25,0.05,lr1e-05_bs16_drop0p4_temp2p0_a0p25_b0p05__wd1e-04trmiss0_degmodglobal,47,0.6487561613321304,0.6800636053085327,0.5777777777777777,0.674987974987975,0.6428571428571429,0.0,0.6432032436132431,0.628198117017746,0.050862289033830166,0.15684949792921543,0.0,0.0,0.0,0.0,0.0,18473,global,0.0
1,1,lr1e-05_bs16_drop0p4_temp2p0_a0p25_b0p05__wd1e-04trmiss0_degmodglobal,16,1e-05,0.0001,0.4,2.0,0.25,0.05,lr1e-05_bs16_drop0p4_temp2p0_a0p25_b0p05__wd1e-04trmiss0_degmodglobal,48,0.6802360266447067,0.682010293006897,0.5777777777777777,0.674987974987975,0.6428571428571429,0.0,0.5649880617856979,0.6458855122327805,0.08512228354811668,0.2613988555967808,0.0,0.0,0.0,0.0,0.0,18473,global,0.0
1,1,lr1e-05_bs16_drop0p4_temp2p0_a0p25_b0p05__wd1e-04trmiss0_degmodglobal,16,1e-05,0.0001,0.4,2.0,0.25,0.05,lr1e-05_bs16_drop0p4_temp2p0_a0p25_b0p05__wd1e-04trmiss0_degmodglobal,49,0.6432035267353058,0.6815639734268188,0.5777777777777777,0.674987974987975,0.6428571428571429,0.0,0.5791720896959305,0.619188666343689,0.06145786214619875,0.17300772666931152,0.0,0.0,0.0,0.0,0.0,18473,global,0.0
1,1,lr1e-05_bs16_drop0p4_temp2p0_a0p25_b0p05__wd1e-04trmiss0_degmodglobal,16,1e-05,0.0001,0.4,2.0,0.25,0.05,lr1e-05_bs16_drop0p4_temp2p0_a0p25_b0p05__wd1e-04trmiss0_degmodglobal,50,0.6680486798286438,0.6763554215431213,0.5555555555555556,0.6785103785103785,0.6428571428571429,0.0,0.5602294057607651,0.6407323032617569,0.06747274845838547,0.2089635320007801,0.0,0.0,0.0,0.0,0.0,18473,global,0.0
1,1,lr1e-05_bs16_drop0p4_temp2p0_a0p25_b0p05__wd1e-04trmiss0_degmodglobal,16,1e-05,0.0001,0.4,2.0,0.25,0.05,lr1e-05_bs16_drop0p4_temp2p0_a0p25_b0p05__wd1e-04trmiss0_degmodglobal,51,0.6581301242113113,0.6777414083480835,0.5555555555555556,0.6704856871523539,0.5714285714285714,0.0,0.6025096923112869,0.6341568827629089,0.0631484892219305,0.1637221509590745,0.0,0.0,0.0,0.0,0.0,18473,global,0.0
1,1,lr1e-05_bs16_drop0p4_temp2p0_a0p25_b0p05__wd1e-04trmiss0_degmodglobal,16,1e-05,0.0001,0.4,2.0,0.25,0.05,lr1e-05_bs16_drop0p4_temp2p0_a0p25_b0p05__wd1e-04trmiss0_degmodglobal,52,0.6849105060100555,0.6826554536819458,0.5333333333333333,0.6618437118437118,0.6428571428571429,0.0,0.6112810969352722,0.6611712872982025,0.058785004541277885,0.1808590069413185,0.0,0.0,0.0,0.0,0.0,18473,global,0.0
1,1,lr1e-05_bs16_drop0p4_temp2p0_a0p25_b0p05__wd1e-04trmiss0_degmodglobal,16,1e-05,0.0001,0.4,2.0,0.25,0.05,lr1e-05_bs16_drop0p4_temp2p0_a0p25_b0p05__wd1e-04trmiss0_degmodglobal,53,0.6892300397157669,0.6839965581893921,0.5333333333333333,0.6618437118437118,0.6428571428571429,0.0,0.5971668809652328,0.6697751879692078,0.05600468069314957,0.10907365754246712,0.0,0.0,0.0,0.0,0.0,18473,global,0.0
1,1,lr1e-05_bs16_drop0p4_temp2p0_a0p25_b0p05__wd1e-04trmiss0_degmodglobal,16,1e-05,0.0001,0.4,2.0,0.25,0.05,lr1e-05_bs16_drop0p4_temp2p0_a0p25_b0p05__wd1e-04trmiss0_degmodglobal,54,0.6871087849140167,0.6809254884719849,0.5333333333333333,0.6618437118437118,0.6428571428571429,0.0,0.5764065533876419,0.6530226618051529,0.08815116994082928,0.2409665435552597,0.0,0.0,0.0,0.0,0.0,18473,global,0.0
1,1,lr1e-05_bs16_drop0p4_temp2p0_a0p25_b0p05__wd1e-04trmiss0_degmodglobal,16,1e-05,0.0001,0.4,2.0,0.25,0.05,lr1e-05_bs16_drop0p4_temp2p0_a0p25_b0p05__wd1e-04trmiss0_degmodglobal,55,0.6684280037879944,0.6798879504203796,0.5555555555555556,0.6685777185777185,0.6428571428571429,0.0,0.5783394426107407,0.6500121057033539,0.04840664565563202,0.12628468312323093,0.0,0.0,0.0,0.0,0.0,18473,global,0.0
1,1,lr1e-05_bs16_drop0p4_temp2p0_a0p25_b0p05__wd1e-04trmiss0_degmodglobal,16,1e-05,0.0001,0.4,2.0,0.25,0.05,lr1e-05_bs16_drop0p4_temp2p0_a0p25_b0p05__wd1e-04trmiss0_degmodglobal,56,0.6361859887838364,0.6798125505447388,0.5333333333333333,0.6618437118437118,0.6428571428571429,0.0,0.5775659680366516,0.6124517023563385,0.0651219617575407,0.14907571487128735,0.0,0.0,0.0,0.0,0.0,18473,global,0.0
1,1,lr1e-05_bs16_drop0p4_temp2p0_a0p25_b0p05__wd1e-04trmiss0_degmodglobal,16,1e-05,0.0001,0.4,2.0,0.25,0.05,lr1e-05_bs16_drop0p4_temp2p0_a0p25_b0p05__wd1e-04trmiss0_degmodglobal,57,0.6901660114526749,0.6754496693611145,0.5777777777777777,0.6933251933251934,0.6428571428571429,0.0,0.5769422054290771,0.6666379570960999,0.06153527740389109,0.16288483701646328,0.0,0.0,0.0,0.0,0.0,18473,global,0.0
1,1,lr1e-05_bs16_drop0p4_temp2p0_a0p25_b0p05__wd1e-04trmiss0_degmodglobal,16,1e-05,0.0001,0.4,2.0,0.25,0.05,lr1e-05_bs16_drop0p4_temp2p0_a0p25_b0p05__wd1e-04trmiss0_degmodglobal,58,0.6503564864397049,0.6781939268112183,0.5555555555555556,0.6785103785103785,0.5714285714285714,0.0,0.5845992118120193,0.6265888065099716,0.06494420021772385,0.15063269436359406,0.0,0.0,0.0,0.0,0.0,18473,global,0.0
1,1,lr1e-05_bs16_drop0p4_temp2p0_a0p25_b0p05__wd1e-04trmiss0_degmodglobal,16,1e-05,0.0001,0.4,2.0,0.25,0.05,lr1e-05_bs16_drop0p4_temp2p0_a0p25_b0p05__wd1e-04trmiss0_degmodglobal,59,0.6965270489454269,0.6774843335151672,0.5777777777777777,0.6933251933251934,0.5714285714285714,0.0,0.5837155282497406,0.6723886728286743,0.06473827734589577,0.15907626785337925,0.0,0.0,0.0,0.0,0.0,18473,global,0.0
1,1,lr1e-05_bs16_drop0p4_temp2p0_a0p25_b0p05__wd1e-04trmiss0_degmodglobal,16,1e-05,0.0001,0.4,2.0,0.25,0.05,lr1e-05_bs16_drop0p4_temp2p0_a0p25_b0p05__wd1e-04trmiss0_degmodglobal,60,0.67436783015728,0.6772567629814148,0.5777777777777777,0.6933251933251934,0.5714285714285714,0.0,0.5980284810066223,0.654778927564621,0.05246662721037865,0.1294445153325796,0.0,0.0,0.0,0.0,0.0,18473,global,0.0
1,1,lr1e-05_bs16_drop0p4_temp2p0_a0p25_b0p05__wd1e-04trmiss0_degmodglobal,16,1e-05,0.0001,0.4,2.0,0.25,0.05,lr1e-05_bs16_drop0p4_temp2p0_a0p25_b0p05__wd1e-04trmiss0_degmodglobal,61,0.6739132255315781,0.6813560128211975,0.5555555555555556,0.6785103785103785,0.5714285714285714,0.0,0.5568329095840454,0.6405669003725052,0.08147371374070644,0.25955774635076523,0.0,0.0,0.0,0.0,0.0,18473,global,0.0
1,1,lr1e-05_bs16_drop0p4_temp2p0_a0p25_b0p05__wd1e-04trmiss0_degmodglobal,16,1e-05,0.0001,0.4,2.0,0.25,0.05,lr1e-05_bs16_drop0p4_temp2p0_a0p25_b0p05__wd1e-04trmiss0_degmodglobal,62,0.6811959147453308,0.6816595196723938,0.5555555555555556,0.6785103785103785,0.5714285714285714,0.0,0.6427969336509705,0.6529964655637741,0.0673519317060709,0.22722959145903587,0.0,0.0,0.0,0.0,0.0,18473,global,0.0
1,1,lr1e-05_bs16_drop0p4_temp2p0_a0p25_b0p05__wd1e-04trmiss0_degmodglobal,16,1e-05,0.0001,0.4,2.0,0.25,0.05,lr1e-05_bs16_drop0p4_temp2p0_a0p25_b0p05__wd1e-04trmiss0_degmodglobal,63,0.6658470332622528,0.6815560460090637,0.5333333333333333,0.6618437118437118,0.6428571428571429,0.0,0.5645427256822586,0.6397048532962799,0.06048216670751572,0.2204330675303936,0.0,0.0,0.0,0.0,0.0,18473,global,0.0
1,1,lr1e-05_bs16_drop0p4_temp2p0_a0p25_b0p05__wd1e-04trmiss0_degmodglobal,16,1e-05,0.0001,0.4,2.0,0.25,0.05,lr1e-05_bs16_drop0p4_temp2p0_a0p25_b0p05__wd1e-04trmiss0_degmodglobal,64,0.6815381795167923,0.68355393409729,0.5333333333333333,0.6618437118437118,0.5714285714285714,0.0,0.5762409865856171,0.655391663312912,0.06478881370276213,0.19898619130253792,0.0,0.0,0.0,0.0,0.0,18473,global,0.0
1,1,lr1e-05_bs16_drop0p4_temp2p0_a0p25_b0p05__wd1e-04trmiss0_degmodglobal,16,1e-05,0.0001,0.4,2.0,0.25,0.05,lr1e-05_bs16_drop0p4_temp2p0_a0p25_b0p05__wd1e-04trmiss0_degmodglobal,65,0.6593490540981293,0.6831936240196228,0.5333333333333333,0.6618437118437118,0.5714285714285714,0.0,0.5987646579742432,0.6347784996032715,0.06430917698889971,0.16986502707004547,0.0,0.0,0.0,0.0,0.0,18473,global,0.0
1,1,lr1e-05_bs16_drop0p4_temp2p0_a0p25_b0p05__wd1e-04trmiss0_degmodglobal,16,1e-05,0.0001,0.4,2.0,0.25,0.05,lr1e-05_bs16_drop0p4_temp2p0_a0p25_b0p05__wd1e-04trmiss0_degmodglobal,66,0.6624759286642075,0.6799610257148743,0.5333333333333333,0.6618437118437118,0.5714285714285714,0.0,0.5764028280973434,0.641448900103569,0.05786329414695501,0.13122453354299068,0.0,0.0,0.0,0.0,0.0,18473,global,0.0
1,1,lr1e-05_bs16_drop0p4_temp2p0_a0p25_b0p05__wd1e-04trmiss0_degmodglobal,16,1e-05,0.0001,0.4,2.0,0.25,0.05,lr1e-05_bs16_drop0p4_temp2p0_a0p25_b0p05__wd1e-04trmiss0_degmodglobal,67,0.6256904006004333,0.6791012287139893,0.5555555555555556,0.6704856871523539,0.5714285714285714,0.0,0.5737018585205078,0.6035945862531662,0.06464228872209787,0.11870489083230495,0.0,0.0,0.0,0.0,0.0,18473,global,0.0
1,1,lr1e-05_bs16_drop0p4_temp2p0_a0p25_b0p05__wd1e-04trmiss0_degmodglobal,16,1e-05,0.0001,0.4,2.0,0.25,0.05,lr1e-05_bs16_drop0p4_temp2p0_a0p25_b0p05__wd1e-04trmiss0_degmodglobal,68,0.6297632604837418,0.6793984174728394,0.5333333333333333,0.6618437118437118,0.5714285714285714,0.0,0.5775351822376251,0.6061173379421234,0.06221036985516548,0.16186637245118618,0.0,0.0,0.0,0.0,0.0,18473,global,0.0
1,1,lr1e-05_bs16_drop0p4_temp2p0_a0p25_b0p05__wd1e-04trmiss0_degmodglobal,16,1e-05,0.0001,0.4,2.0,0.25,0.05,lr1e-05_bs16_drop0p4_temp2p0_a0p25_b0p05__wd1e-04trmiss0_degmodglobal,69,0.6734303832054138,0.6830534338951111,0.5333333333333333,0.6618437118437118,0.6428571428571429,0.0,0.576192781329155,0.6535754054784775,0.05056931730359793,0.14425309002399445,0.0,0.0,0.0,0.0,0.0,18473,global,0.0
1,1,lr1e-05_bs16_drop0p4_temp2p0_a0p25_b0p05__wd1e-04trmiss0_degmodglobal,16,1e-05,0.0001,0.4,2.0,0.25,0.05,lr1e-05_bs16_drop0p4_temp2p0_a0p25_b0p05__wd1e-04trmiss0_degmodglobal,70,0.6510216891765594,0.6835001111030579,0.5333333333333333,0.6618437118437118,0.6428571428571429,0.0,0.577461451292038,0.6209967732429504,0.0777093693614006,0.21195161901414394,0.0,0.0,0.0,0.0,0.0,18473,global,0.0
1,1,lr1e-05_bs16_drop0p4_temp2p0_a0p25_b0p05__wd1e-04trmiss0_degmodglobal,16,1e-05,0.0001,0.4,2.0,0.25,0.05,lr1e-05_bs16_drop0p4_temp2p0_a0p25_b0p05__wd1e-04trmiss0_degmodglobal,71,0.6613503396511078,0.6849059462547302,0.5555555555555556,0.6685777185777185,0.5714285714285714,0.0,0.5805503129959106,0.6340652108192444,0.0731753557920456,0.17982567846775055,0.0,0.0,0.0,0.0,0.0,18473,global,0.0
1,1,lr1e-05_bs16_drop0p4_temp2p0_a0p25_b0p05__wd1e-04trmiss0_degmodglobal,16,1e-05,0.0001,0.4,2.0,0.25,0.05,lr1e-05_bs16_drop0p4_temp2p0_a0p25_b0p05__wd1e-04trmiss0_degmodglobal,72,0.6730020493268967,0.6800348162651062,0.5777777777777777,0.6852443852443852,0.6428571428571429,0.0,0.5602216422557831,0.6531265676021576,0.05608386918902397,0.11709042266011238,0.0,0.0,0.0,0.0,0.0,18473,global,0.0
1,1,lr1e-05_bs16_drop0p4_temp2p0_a0p25_b0p05__wd1e-04trmiss0_degmodglobal,16,1e-05,0.0001,0.4,2.0,0.25,0.05,lr1e-05_bs16_drop0p4_temp2p0_a0p25_b0p05__wd1e-04trmiss0_degmodglobal,73,0.6778443455696106,0.6801044940948486,0.5777777777777777,0.6933251933251934,0.6428571428571429,0.0,0.5483187139034271,0.6493198573589325,0.06948446575552225,0.22306763008236885,0.0,0.0,0.0,0.0,0.0,18473,global,0.0
1,1,lr1e-05_bs16_drop0p4_temp2p0_a0p25_b0p05__wd1e-04trmiss0_degmodglobal,16,1e-05,0.0001,0.4,2.0,0.25,0.05,lr1e-05_bs16_drop0p4_temp2p0_a0p25_b0p05__wd1e-04trmiss0_degmodglobal,74,0.6541715860366821,0.6820153594017029,0.5777777777777777,0.6852443852443852,0.5714285714285714,0.0,0.5948174744844437,0.6250320374965668,0.06768596637994051,0.24436099082231522,0.0,0.0,0.0,0.0,0.0,18473,global,0.0
1,1,lr1e-05_bs16_drop0p4_temp2p0_a0p25_b0p05__wd1e-04trmiss0_degmodglobal,16,1e-05,0.0001,0.4,2.0,0.25,0.05,lr1e-05_bs16_drop0p4_temp2p0_a0p25_b0p05__wd1e-04trmiss0_degmodglobal,75,0.6614463031291962,0.6825506687164307,0.5777777777777777,0.6852443852443852,0.5714285714285714,0.0,0.5568413734436035,0.635766327381134,0.06901681236922741,0.16851503401994705,0.0,0.0,0.0,0.0,0.0,18473,global,0.0
1,1,lr1e-05_bs16_drop0p4_temp2p0_a0p25_b0p05__wd1e-04trmiss0_degmodglobal,16,1e-05,0.0001,0.4,2.0,0.25,0.05,lr1e-05_bs16_drop0p4_temp2p0_a0p25_b0p05__wd1e-04trmiss0_degmodglobal,76,0.6706465482711792,0.6795345544815063,0.5555555555555556,0.6685777185777185,0.5714285714285714,0.0,0.5355129241943359,0.6422056257724762,0.07332805544137955,0.20217804051935673,0.0,0.0,0.0,0.0,0.0,18473,global,0.0
1,1,lr1e-05_bs16_drop0p4_temp2p0_a0p25_b0p05__wd1e-04trmiss0_degmodglobal,16,1e-05,0.0001,0.4,2.0,0.25,0.05,lr1e-05_bs16_drop0p4_temp2p0_a0p25_b0p05__wd1e-04trmiss0_degmodglobal,77,0.6949347704648972,0.6834214329719543,0.5333333333333333,0.6618437118437118,0.5714285714285714,0.0,0.5472844243049622,0.6598538458347321,0.08914833143353462,0.2558765076100826,0.0,0.0,0.0,0.0,0.0,18473,global,0.0
1,2,lr1e-04_bs8_drop0p2_temp1p0_a0p25_b0p05__wd1e-04trmiss0_degmodglobal,8,0.0001,0.0001,0.2,1.0,0.25,0.05,lr1e-04_bs8_drop0p2_temp1p0_a0p25_b0p05__wd1e-04trmiss0_degmodglobal,1,0.7122503178460258,0.6647805571556091,0.95,0.975,0.8461538461538461,0.0,0.6826508385794503,0.6970868791852679,0.0377669275871345,0.11443425927843366,0.0,0.0,0.0,0.0,0.0,18473,global,0.0
1,2,lr1e-04_bs8_drop0p2_temp1p0_a0p25_b0p05__wd1e-04trmiss0_degmodglobal,8,0.0001,0.0001,0.2,1.0,0.25,0.05,lr1e-04_bs8_drop0p2_temp1p0_a0p25_b0p05__wd1e-04trmiss0_degmodglobal,2,0.6713286467960903,0.6642827987670898,0.875,0.9206845238095238,0.7692307692307693,0.0,0.6354259422847203,0.6533492037228176,0.04272389678018434,0.1459694164139884,0.0,0.0,0.0,0.0,0.0,18473,global,0.0
1,2,lr1e-04_bs8_drop0p2_temp1p0_a0p25_b0p05__wd1e-04trmiss0_degmodglobal,8,0.0001,0.0001,0.2,1.0,0.25,0.05,lr1e-04_bs8_drop0p2_temp1p0_a0p25_b0p05__wd1e-04trmiss0_degmodglobal,3,0.654221602848598,0.6639589965343475,0.7,0.7885912698412698,0.7692307692307693,0.0,0.6036215594836644,0.6353361010551453,0.049094468887363164,0.13223751155393465,0.0,0.0,0.0,0.0,0.0,18473,global,0.0
1,2,lr1e-04_bs8_drop0p2_temp1p0_a0p25_b0p05__wd1e-04trmiss0_degmodglobal,8,0.0001,0.0001,0.2,1.0,0.25,0.05,lr1e-04_bs8_drop0p2_temp1p0_a0p25_b0p05__wd1e-04trmiss0_degmodglobal,4,0.6558748824255807,0.6659018695354462,0.675,0.7795003607503607,0.7692307692307693,0.0,0.6073958873748779,0.6332502450261798,0.05134430820388453,0.19577118647950037,0.0,0.0,0.0,0.0,0.0,18473,global,0.0
1,2,lr1e-04_bs8_drop0p2_temp1p0_a0p25_b0p05__wd1e-04trmiss0_degmodglobal,8,0.0001,0.0001,0.2,1.0,0.25,0.05,lr1e-04_bs8_drop0p2_temp1p0_a0p25_b0p05__wd1e-04trmiss0_degmodglobal,5,0.6078907591956002,0.6580851078033447,0.625,0.7669507575757575,0.7692307692307693,0.0,0.5773927569389343,0.5914476343563625,0.04259618850690978,0.11588138874088015,0.0,0.0,0.0,0.0,0.0,18473,global,0.0
1,2,lr1e-04_bs8_drop0p2_temp1p0_a0p25_b0p05__wd1e-04trmiss0_degmodglobal,8,0.0001,0.0001,0.2,1.0,0.25,0.05,lr1e-04_bs8_drop0p2_temp1p0_a0p25_b0p05__wd1e-04trmiss0_degmodglobal,6,0.616103640624455,0.658257007598877,0.65,0.7836174242424242,0.6923076923076923,0.0,0.5663428987775531,0.5997646961893354,0.04552487337163517,0.0991545809166772,0.0,0.0,0.0,0.0,0.0,18473,global,0.0
1,2,lr1e-04_bs8_drop0p2_temp1p0_a0p25_b0p05__wd1e-04trmiss0_degmodglobal,8,0.0001,0.0001,0.2,1.0,0.25,0.05,lr1e-04_bs8_drop0p2_temp1p0_a0p25_b0p05__wd1e-04trmiss0_degmodglobal,7,0.6373431001390729,0.6559094488620758,0.675,0.7947781385281385,0.6153846153846154,0.0,0.5932066781180245,0.6210087963512966,0.04409245241965566,0.10622377321124077,0.0,0.0,0.0,0.0,0.0,18473,global,0.0
1,2,lr1e-04_bs8_drop0p2_temp1p0_a0p25_b0p05__wd1e-04trmiss0_degmodglobal,8,0.0001,0.0001,0.2,1.0,0.25,0.05,lr1e-04_bs8_drop0p2_temp1p0_a0p25_b0p05__wd1e-04trmiss0_degmodglobal,8,0.6043467351368496,0.6706960499286652,0.6,0.7482007575757575,0.46153846153846156,0.0,0.5405460170337132,0.5831038185528347,0.052443837480885644,0.1626390516757965,0.0,0.0,0.0,0.0,0.0,18473,global,0.0
1,2,lr1e-04_bs8_drop0p2_temp1p0_a0p25_b0p05__wd1e-04trmiss0_degmodglobal,8,0.0001,0.0001,0.2,1.0,0.25,0.05,lr1e-04_bs8_drop0p2_temp1p0_a0p25_b0p05__wd1e-04trmiss0_degmodglobal,9,0.5863338879176548,0.6620316803455353,0.65,0.7781114718614719,0.6153846153846154,0.0,0.5429614186286926,0.5678844281605312,0.047413798847368786,0.13192009393657958,0.0,0.0,0.0,0.0,0.0,18473,global,0.0
1,2,lr1e-04_bs8_drop0p2_temp1p0_a0p25_b0p05__wd1e-04trmiss0_degmodglobal,8,0.0001,0.0001,0.2,1.0,0.25,0.05,lr1e-04_bs8_drop0p2_temp1p0_a0p25_b0p05__wd1e-04trmiss0_degmodglobal,10,0.6070303916931152,0.6634852588176727,0.65,0.7836174242424242,0.46153846153846156,0.0,0.5624228843620845,0.5857225230761937,0.05408163954104696,0.15574954556567328,0.0,0.0,0.0,0.0,0.0,18473,global,0.0
1,2,lr1e-04_bs8_drop0p2_temp1p0_a0p25_b0p05__wd1e-04trmiss0_degmodglobal,8,0.0001,0.0001,0.2,1.0,0.25,0.05,lr1e-04_bs8_drop0p2_temp1p0_a0p25_b0p05__wd1e-04trmiss0_degmodglobal,11,0.5960200769560677,0.663158655166626,0.65,0.7836174242424242,0.5384615384615384,0.0,0.5194474756717682,0.5725891590118408,0.058491530162947517,0.176160957132067,0.0,0.0,0.0,0.0,0.0,18473,global,0.0
1,2,lr1e-04_bs8_drop0p2_temp1p0_a0p25_b0p05__wd1e-04trmiss0_degmodglobal,8,0.0001,0.0001,0.2,1.0,0.25,0.05,lr1e-04_bs8_drop0p2_temp1p0_a0p25_b0p05__wd1e-04trmiss0_degmodglobal,12,0.5697289194379535,0.7042374014854431,0.475,0.7135732323232323,0.38461538461538464,0.0,0.5291929798466819,0.5518051981925964,0.04982657677360943,0.10934194816010338,0.0,0.0,0.0,0.0,0.0,18473,global,0.0
1,2,lr1e-04_bs8_drop0p2_temp1p0_a0p25_b0p05__wd1e-04trmiss0_degmodglobal,8,0.0001,0.0001,0.2,1.0,0.25,0.05,lr1e-04_bs8_drop0p2_temp1p0_a0p25_b0p05__wd1e-04trmiss0_degmodglobal,13,0.5854158316339765,0.6803366541862488,0.6000000000000001,0.7550459956709956,0.46153846153846156,0.0,0.5298729879515511,0.5683267457144601,0.04655932475413595,0.10898517364902156,0.0,0.0,0.0,0.0,0.0,18473,global,0.0
1,2,lr1e-04_bs8_drop0p2_temp1p0_a0p25_b0p05__wd1e-04trmiss0_degmodglobal,8,0.0001,0.0001,0.2,1.0,0.25,0.05,lr1e-04_bs8_drop0p2_temp1p0_a0p25_b0p05__wd1e-04trmiss0_degmodglobal,14,0.5585326467241559,0.6707659065723419,0.6000000000000001,0.7550459956709956,0.38461538461538464,0.0,0.5094587930611202,0.537526045526777,0.055612324603966305,0.14207028597593307,0.0,0.0,0.0,0.0,0.0,18473,global,0.0
1,2,lr1e-04_bs8_drop0p2_temp1p0_a0p25_b0p05__wd1e-04trmiss0_degmodglobal,8,0.0001,0.0001,0.2,1.0,0.25,0.05,lr1e-04_bs8_drop0p2_temp1p0_a0p25_b0p05__wd1e-04trmiss0_degmodglobal,15,0.5540303417614528,0.6689788103103638,0.6000000000000001,0.7550459956709956,0.38461538461538464,0.0,0.5331461472170693,0.5306732910020011,0.06205409073403904,0.1568703715290342,0.0,0.0,0.0,0.0,0.0,18473,global,0.0
1,2,lr1e-04_bs8_drop0p2_temp1p0_a0p25_b0p05__wd1e-04trmiss0_degmodglobal,8,0.0001,0.0001,0.2,1.0,0.25,0.05,lr1e-04_bs8_drop0p2_temp1p0_a0p25_b0p05__wd1e-04trmiss0_degmodglobal,16,0.5651048294135502,0.6640524566173553,0.6000000000000001,0.7550459956709956,0.46153846153846156,0.0,0.5204626534666333,0.5448872787611825,0.051300915224211555,0.1478461899927684,0.0,0.0,0.0,0.0,0.0,18473,global,0.0
1,2,lr1e-04_bs8_drop0p2_temp1p0_a0p25_b0p05__wd1e-04trmiss0_degmodglobal,8,0.0001,0.0001,0.2,1.0,0.25,0.05,lr1e-04_bs8_drop0p2_temp1p0_a0p25_b0p05__wd1e-04trmiss0_degmodglobal,17,0.5584848182541984,0.6674725115299225,0.6000000000000001,0.7550459956709956,0.46153846153846156,0.0,0.5194077236311776,0.5375492359910693,0.048162262088486125,0.1779005735048226,0.0,0.0,0.0,0.0,0.0,18473,global,0.0
1,2,lr1e-04_bs8_drop0p2_temp1p0_a0p25_b0p05__wd1e-04trmiss0_degmodglobal,8,0.0001,0.0001,0.2,1.0,0.25,0.05,lr1e-04_bs8_drop0p2_temp1p0_a0p25_b0p05__wd1e-04trmiss0_degmodglobal,18,0.5499049936022077,0.6738281846046448,0.575,0.747470238095238,0.38461538461538464,0.0,0.5136044110570636,0.5289988006864276,0.054509952132190974,0.14557406306266785,0.0,0.0,0.0,0.0,0.0,18473,global,0.0
1,2,lr1e-04_bs8_drop0p2_temp1p0_a0p25_b0p05__wd1e-04trmiss0_degmodglobal,8,0.0001,0.0001,0.2,1.0,0.25,0.05,lr1e-04_bs8_drop0p2_temp1p0_a0p25_b0p05__wd1e-04trmiss0_degmodglobal,19,0.5399945463453021,0.6747804582118988,0.575,0.747470238095238,0.38461538461538464,0.0,0.4989767500332424,0.5129700813974652,0.06594173876302582,0.2107804502759661,0.0,0.0,0.0,0.0,0.0,18473,global,0.0
1,2,lr1e-04_bs8_drop0p2_temp1p0_a0p25_b0p05__wd1e-04trmiss0_degmodglobal,8,0.0001,0.0001,0.2,1.0,0.25,0.05,lr1e-04_bs8_drop0p2_temp1p0_a0p25_b0p05__wd1e-04trmiss0_degmodglobal,20,0.5386117696762085,0.665878415107727,0.625,0.7669507575757575,0.46153846153846156,0.0,0.4826826538358416,0.5156168001038688,0.057825014527354925,0.17077435446637018,0.0,0.0,0.0,0.0,0.0,18473,global,0.0
1,2,lr1e-04_bs8_drop0p2_temp1p0_a0p25_b0p05__wd1e-04trmiss0_degmodglobal,8,0.0001,0.0001,0.2,1.0,0.25,0.05,lr1e-04_bs8_drop0p2_temp1p0_a0p25_b0p05__wd1e-04trmiss0_degmodglobal,21,0.5392906452928271,0.6881789267063141,0.49999999999999994,0.7225018037518037,0.38461538461538464,0.0,0.48402738145419527,0.5143321709973472,0.06506614706345967,0.17383875910724914,0.0,0.0,0.0,0.0,0.0,18473,global,0.0
1,2,lr1e-04_bs8_drop0p2_temp1p0_a0p25_b0p05__wd1e-04trmiss0_degmodglobal,8,0.0001,0.0001,0.2,1.0,0.25,0.05,lr1e-04_bs8_drop0p2_temp1p0_a0p25_b0p05__wd1e-04trmiss0_degmodglobal,22,0.5678019821643829,0.6838017702102661,0.575,0.747470238095238,0.38461538461538464,0.0,0.5075513422489166,0.5439189842769078,0.05885650323969977,0.18337774915354593,0.0,0.0,0.0,0.0,0.0,18473,global,0.0
1,2,lr1e-04_bs8_drop0p2_temp1p0_a0p25_b0p05__wd1e-04trmiss0_degmodglobal,8,0.0001,0.0001,0.2,1.0,0.25,0.05,lr1e-04_bs8_drop0p2_temp1p0_a0p25_b0p05__wd1e-04trmiss0_degmodglobal,23,0.5421284905501774,0.6655468642711639,0.6000000000000001,0.7550459956709956,0.38461538461538464,0.0,0.45953138385500225,0.5126427497182574,0.07345104749713625,0.22245950677565166,0.0,0.0,0.0,0.0,0.0,18473,global,0.0
1,2,lr1e-04_bs8_drop0p2_temp1p0_a0p25_b0p05__wd1e-04trmiss0_degmodglobal,8,0.0001,0.0001,0.2,1.0,0.25,0.05,lr1e-04_bs8_drop0p2_temp1p0_a0p25_b0p05__wd1e-04trmiss0_degmodglobal,24,0.5413404703140259,0.6565625965595245,0.625,0.7669507575757575,0.46153846153846156,0.0,0.47870265586035593,0.5161940923758915,0.06508213388068336,0.1775170596582549,0.0,0.0,0.0,0.0,0.0,18473,global,0.0
1,2,lr1e-04_bs8_drop0p2_temp1p0_a0p25_b0p05__wd1e-04trmiss0_degmodglobal,8,0.0001,0.0001,0.2,1.0,0.25,0.05,lr1e-04_bs8_drop0p2_temp1p0_a0p25_b0p05__wd1e-04trmiss0_degmodglobal,25,0.5430882487978254,0.6503714919090271,0.65,0.7781114718614719,0.5384615384615384,0.0,0.48862855775015696,0.5185691331114087,0.06406589810337339,0.1700528391769954,0.0,0.0,0.0,0.0,0.0,18473,global,0.0
1,2,lr1e-04_bs8_drop0p2_temp1p0_a0p25_b0p05__wd1e-04trmiss0_degmodglobal,8,0.0001,0.0001,0.2,1.0,0.25,0.05,lr1e-04_bs8_drop0p2_temp1p0_a0p25_b0p05__wd1e-04trmiss0_degmodglobal,26,0.5315557675702232,0.6630596220493317,0.6000000000000001,0.7550459956709956,0.46153846153846156,0.0,0.4640474447182247,0.5111769480364663,0.04925170434372766,0.16131775506905147,0.0,0.0,0.0,0.0,0.0,18473,global,0.0
1,2,lr1e-04_bs8_drop0p2_temp1p0_a0p25_b0p05__wd1e-04trmiss0_degmodglobal,8,0.0001,0.0001,0.2,1.0,0.25,0.05,lr1e-04_bs8_drop0p2_temp1p0_a0p25_b0p05__wd1e-04trmiss0_degmodglobal,27,0.540689617395401,0.6702451109886169,0.575,0.747470238095238,0.38461538461538464,0.0,0.5055219445909772,0.5128194434302193,0.07161707164985794,0.1993180098278182,0.0,0.0,0.0,0.0,0.0,18473,global,0.0
1,2,lr1e-04_bs8_drop0p2_temp2p0_a0p25_b0p05__wd1e-04trmiss0_degmodglobal,8,0.0001,0.0001,0.2,2.0,0.25,0.05,lr1e-04_bs8_drop0p2_temp2p0_a0p25_b0p05__wd1e-04trmiss0_degmodglobal,1,0.7089973262378148,0.7312625348567963,0.375,0.598477910977911,0.46153846153846156,0.0,0.6906968184879848,0.6872522830963135,0.05374623090028763,0.16616988820689066,0.0,0.0,0.0,0.0,0.0,18473,global,0.0
1,2,lr1e-04_bs8_drop0p2_temp2p0_a0p25_b0p05__wd1e-04trmiss0_degmodglobal,8,0.0001,0.0001,0.2,2.0,0.25,0.05,lr1e-04_bs8_drop0p2_temp2p0_a0p25_b0p05__wd1e-04trmiss0_degmodglobal,2,0.6791931646210807,0.7123824059963226,0.45,0.6302239427239428,0.5384615384615384,0.0,0.6267797606331962,0.659482479095459,0.04914882353373936,0.14846930014235632,0.0,0.0,0.0,0.0,0.0,18473,global,0.0
1,2,lr1e-04_bs8_drop0p2_temp2p0_a0p25_b0p05__wd1e-04trmiss0_degmodglobal,8,0.0001,0.0001,0.2,2.0,0.25,0.05,lr1e-04_bs8_drop0p2_temp2p0_a0p25_b0p05__wd1e-04trmiss0_degmodglobal,3,0.654524198600224,0.6872455775737762,0.49999999999999994,0.6436709124209125,0.5384615384615384,0.0,0.6222719039235797,0.6323633790016174,0.05785411276987621,0.15394558012485504,0.0,0.0,0.0,0.0,0.0,18473,global,0.0
1,2,lr1e-04_bs8_drop0p2_temp2p0_a0p25_b0p05__wd1e-04trmiss0_degmodglobal,8,0.0001,0.0001,0.2,2.0,0.25,0.05,lr1e-04_bs8_drop0p2_temp2p0_a0p25_b0p05__wd1e-04trmiss0_degmodglobal,4,0.6549516916275024,0.6774259507656097,0.5499999999999999,0.6686709124209125,0.6153846153846154,0.0,0.5906995279448373,0.6321488874299186,0.06173492010150637,0.14738176230873382,0.0,0.0,0.0,0.0,0.0,18473,global,0.0
1,2,lr1e-04_bs8_drop0p2_temp2p0_a0p25_b0p05__wd1e-04trmiss0_degmodglobal,8,0.0001,0.0001,0.2,2.0,0.25,0.05,lr1e-04_bs8_drop0p2_temp2p0_a0p25_b0p05__wd1e-04trmiss0_degmodglobal,5,0.6429292985371181,0.7008070647716522,0.49999999999999994,0.6436709124209125,0.5384615384615384,0.0,0.5715479680470058,0.6219027297837394,0.052374248525926044,0.15866007655858994,0.0,0.0,0.0,0.0,0.0,18473,global,0.0
1,2,lr1e-04_bs8_drop0p2_temp2p0_a0p25_b0p05__wd1e-04trmiss0_degmodglobal,8,0.0001,0.0001,0.2,2.0,0.25,0.05,lr1e-04_bs8_drop0p2_temp2p0_a0p25_b0p05__wd1e-04trmiss0_degmodglobal,6,0.6325216378484454,0.7201434075832367,0.45,0.6302239427239428,0.5384615384615384,0.0,0.5573076435497829,0.6106292264802116,0.05402990696685655,0.16769856746707643,0.0,0.0,0.0,0.0,0.0,18473,global,0.0
1,2,lr1e-04_bs8_drop0p2_temp2p0_a0p25_b0p05__wd1e-04trmiss0_degmodglobal,8,0.0001,0.0001,0.2,2.0,0.25,0.05,lr1e-04_bs8_drop0p2_temp2p0_a0p25_b0p05__wd1e-04trmiss0_degmodglobal,7,0.631868132523128,0.7085350453853607,0.44999999999999996,0.6182921245421246,0.5384615384615384,0.0,0.5614838515009198,0.6146316613469806,0.04288277242864881,0.1303156241774559,0.0,0.0,0.0,0.0,0.0,18473,global,0.0
1,2,lr1e-04_bs8_drop0p2_temp2p0_a0p25_b0p05__wd1e-04trmiss0_degmodglobal,8,0.0001,0.0001,0.2,2.0,0.25,0.05,lr1e-04_bs8_drop0p2_temp2p0_a0p25_b0p05__wd1e-04trmiss0_degmodglobal,8,0.6285159758159092,0.722006231546402,0.425,0.6114739427239427,0.5384615384615384,0.0,0.5579294562339783,0.6093569908823285,0.05231811957699912,0.12158918700047902,0.0,0.0,0.0,0.0,0.0,18473,global,0.0
1,2,lr1e-04_bs8_drop0p2_temp2p0_a0p25_b0p05__wd1e-04trmiss0_degmodglobal,8,0.0001,0.0001,0.2,2.0,0.25,0.05,lr1e-04_bs8_drop0p2_temp2p0_a0p25_b0p05__wd1e-04trmiss0_degmodglobal,9,0.6053152510098049,0.715221107006073,0.425,0.6114739427239427,0.5384615384615384,0.0,0.5324388827596392,0.5891725761549813,0.044983807152935436,0.09793436474033765,0.0,0.0,0.0,0.0,0.0,18473,global,0.0
1,2,lr1e-04_bs8_drop0p2_temp2p0_a0p25_b0p05__wd1e-04trmiss0_degmodglobal,8,0.0001,0.0001,0.2,2.0,0.25,0.05,lr1e-04_bs8_drop0p2_temp2p0_a0p25_b0p05__wd1e-04trmiss0_degmodglobal,10,0.6047788943563189,0.6988890469074249,0.475,0.6370421245421246,0.5384615384615384,0.0,0.5071644186973572,0.5851163012640817,0.0495691927415984,0.145405646945749,0.0,0.0,0.0,0.0,0.0,18473,global,0.0
1,2,lr1e-04_bs8_drop0p2_temp2p0_a0p25_b0p05__wd1e-04trmiss0_degmodglobal,8,0.0001,0.0001,0.2,2.0,0.25,0.05,lr1e-04_bs8_drop0p2_temp2p0_a0p25_b0p05__wd1e-04trmiss0_degmodglobal,11,0.6005363038608006,0.6921702027320862,0.5499999999999999,0.6686709124209125,0.5384615384615384,0.0,0.5071866725172315,0.583042562007904,0.04633946078164237,0.1181775831750461,0.0,0.0,0.0,0.0,0.0,18473,global,0.0
1,2,lr1e-04_bs8_drop0p2_temp2p0_a0p25_b0p05__wd1e-04trmiss0_degmodglobal,8,0.0001,0.0001,0.2,2.0,0.25,0.05,lr1e-04_bs8_drop0p2_temp2p0_a0p25_b0p05__wd1e-04trmiss0_degmodglobal,12,0.5828082306044442,0.6907177567481995,0.5499999999999999,0.6686709124209125,0.5384615384615384,0.0,0.4920896462031773,0.5626358475003924,0.054725781615291326,0.1298183873295784,0.0,0.0,0.0,0.0,0.0,18473,global,0.0
1,2,lr1e-04_bs8_drop0p2_temp2p0_a0p25_b0p05__wd1e-04trmiss0_degmodglobal,8,0.0001,0.0001,0.2,2.0,0.25,0.05,lr1e-04_bs8_drop0p2_temp2p0_a0p25_b0p05__wd1e-04trmiss0_degmodglobal,13,0.5876297184399196,0.6941167712211609,0.5,0.6537087912087913,0.5384615384615384,0.0,0.48947857533182415,0.5690626757485526,0.05019268074205944,0.12037743308714458,0.0,0.0,0.0,0.0,0.0,18473,global,0.0
1,2,lr1e-04_bs8_drop0p2_temp2p0_a0p25_b0p05__wd1e-04trmiss0_degmodglobal,8,0.0001,0.0001,0.2,2.0,0.25,0.05,lr1e-04_bs8_drop0p2_temp2p0_a0p25_b0p05__wd1e-04trmiss0_degmodglobal,14,0.6014946103096008,0.6876422166824341,0.5499999999999999,0.6686709124209125,0.5384615384615384,0.0,0.4787172036511557,0.5777566518102374,0.06152828090957233,0.16711789156709397,0.0,0.0,0.0,0.0,0.0,18473,global,0.0
1,2,lr1e-04_bs8_drop0p2_temp2p0_a0p25_b0p05__wd1e-04trmiss0_degmodglobal,8,0.0001,0.0001,0.2,2.0,0.25,0.05,lr1e-04_bs8_drop0p2_temp2p0_a0p25_b0p05__wd1e-04trmiss0_degmodglobal,15,0.6034677454403469,0.6906889081001282,0.525,0.6620421245421246,0.5384615384615384,0.0,0.5009178987571171,0.5836665204593113,0.05390507674642971,0.12649905255862645,0.0,0.0,0.0,0.0,0.0,18473,global,0.0
1,2,lr1e-04_bs8_drop0p2_temp2p0_a0p25_b0p05__wd1e-04trmiss0_degmodglobal,8,0.0001,0.0001,0.2,2.0,0.25,0.05,lr1e-04_bs8_drop0p2_temp2p0_a0p25_b0p05__wd1e-04trmiss0_degmodglobal,16,0.5776503937585014,0.6776401996612549,0.575,0.6790875790875791,0.5384615384615384,0.0,0.47345990794045584,0.5576885001999992,0.05440427362918854,0.12721635826996394,0.0,0.0,0.0,0.0,0.0,18473,global,0.0
1,2,lr1e-04_bs8_drop0p2_temp2p0_a0p25_b0p05__wd1e-04trmiss0_degmodglobal,8,0.0001,0.0001,0.2,2.0,0.25,0.05,lr1e-04_bs8_drop0p2_temp2p0_a0p25_b0p05__wd1e-04trmiss0_degmodglobal,17,0.5921340669904437,0.6772345304489136,0.575,0.6790875790875791,0.6153846153846154,0.0,0.49608867509024485,0.5665159438337598,0.06778988455023084,0.17341264017990657,0.0,0.0,0.0,0.0,0.0,18473,global,0.0
1,2,lr1e-04_bs8_drop0p2_temp2p0_a0p25_b0p05__wd1e-04trmiss0_degmodglobal,8,0.0001,0.0001,0.2,2.0,0.25,0.05,lr1e-04_bs8_drop0p2_temp2p0_a0p25_b0p05__wd1e-04trmiss0_degmodglobal,18,0.6025224498340062,0.6749058961868286,0.575,0.6790875790875791,0.5384615384615384,0.0,0.4946082702704838,0.5768274324280875,0.06381297430821828,0.19483548083475657,0.0,0.0,0.0,0.0,0.0,18473,global,0.0
1,2,lr1e-04_bs8_drop0p2_temp2p0_a0p25_b0p05__wd1e-04trmiss0_degmodglobal,8,0.0001,0.0001,0.2,2.0,0.25,0.05,lr1e-04_bs8_drop0p2_temp2p0_a0p25_b0p05__wd1e-04trmiss0_degmodglobal,19,0.5711087158748082,0.664320319890976,0.625,0.701923076923077,0.6923076923076923,0.0,0.4534075898783548,0.5460276007652283,0.06852379867008754,0.15900295972824097,0.0,0.0,0.0,0.0,0.0,18473,global,0.0
1,2,lr1e-04_bs8_drop0p2_temp2p0_a0p25_b0p05__wd1e-04trmiss0_degmodglobal,8,0.0001,0.0001,0.2,2.0,0.25,0.05,lr1e-04_bs8_drop0p2_temp2p0_a0p25_b0p05__wd1e-04trmiss0_degmodglobal,20,0.5690279177256993,0.6685231924057007,0.6,0.6870421245421245,0.6153846153846154,0.0,0.46488267183303833,0.5371013156005314,0.0775992279606206,0.2505358010530472,0.0,0.0,0.0,0.0,0.0,18473,global,0.0
1,2,lr1e-04_bs8_drop0p2_temp2p0_a0p25_b0p05__wd1e-04trmiss0_degmodglobal,8,0.0001,0.0001,0.2,2.0,0.25,0.05,lr1e-04_bs8_drop0p2_temp2p0_a0p25_b0p05__wd1e-04trmiss0_degmodglobal,21,0.55964224253382,0.6812019944190979,0.575,0.6790875790875791,0.6153846153846154,0.0,0.45217508929116385,0.5399753791945321,0.05051176941820553,0.140778372330325,0.0,0.0,0.0,0.0,0.0,18473,global,0.0
1,2,lr1e-04_bs8_drop0p2_temp2p0_a0p25_b0p05__wd1e-04trmiss0_degmodglobal,8,0.0001,0.0001,0.2,2.0,0.25,0.05,lr1e-04_bs8_drop0p2_temp2p0_a0p25_b0p05__wd1e-04trmiss0_degmodglobal,22,0.555067390203476,0.6885875463485718,0.575,0.6790875790875791,0.5384615384615384,0.0,0.4458445736340114,0.5292693333966392,0.07050553443176406,0.16343362416539872,0.0,0.0,0.0,0.0,0.0,18473,global,0.0
1,2,lr1e-04_bs8_drop0p2_temp2p0_a0p25_b0p05__wd1e-04trmiss0_degmodglobal,8,0.0001,0.0001,0.2,2.0,0.25,0.05,lr1e-04_bs8_drop0p2_temp2p0_a0p25_b0p05__wd1e-04trmiss0_degmodglobal,23,0.5585866740771702,0.6864835619926453,0.5499999999999999,0.6724587912087913,0.5384615384615384,0.0,0.4507893366473062,0.5299164397375924,0.07956713650907789,0.17556869557925633,0.0,0.0,0.0,0.0,0.0,18473,global,0.0
1,2,lr1e-04_bs8_drop0p2_temp2p0_a0p25_b0p05__wd1e-04trmiss0_degmodglobal,8,0.0001,0.0001,0.2,2.0,0.25,0.05,lr1e-04_bs8_drop0p2_temp2p0_a0p25_b0p05__wd1e-04trmiss0_degmodglobal,24,0.598854558808463,0.6803582012653351,0.575,0.6790875790875791,0.5384615384615384,0.0,0.4815325949873243,0.5697634645870754,0.0725655768598829,0.21899408953530447,0.0,0.0,0.0,0.0,0.0,18473,global,0.0
1,2,lr1e-04_bs8_drop0p2_temp2p0_a0p25_b0p05__wd1e-04trmiss0_degmodglobal,8,0.0001,0.0001,0.2,2.0,0.25,0.05,lr1e-04_bs8_drop0p2_temp2p0_a0p25_b0p05__wd1e-04trmiss0_degmodglobal,25,0.5616891895021711,0.6933282315731049,0.525,0.6620421245421246,0.5384615384615384,0.0,0.43832102843693327,0.5294562961374011,0.08298749104142189,0.2297206904206957,0.0,0.0,0.0,0.0,0.0,18473,global,0.0
1,2,lr1e-04_bs8_drop0p2_temp2p0_a0p25_b0p05__wd1e-04trmiss0_degmodglobal,8,0.0001,0.0001,0.2,2.0,0.25,0.05,lr1e-04_bs8_drop0p2_temp2p0_a0p25_b0p05__wd1e-04trmiss0_degmodglobal,26,0.5609844752720424,0.6893308758735657,0.5499999999999999,0.6724587912087913,0.5384615384615384,0.0,0.44995427983147757,0.5261738130024501,0.09499880192535264,0.22121944917099817,0.0,0.0,0.0,0.0,0.0,18473,global,0.0
1,2,lr1e-04_bs8_drop0p2_temp2p0_a0p25_b0p05__wd1e-04trmiss0_degmodglobal,8,0.0001,0.0001,0.2,2.0,0.25,0.05,lr1e-04_bs8_drop0p2_temp2p0_a0p25_b0p05__wd1e-04trmiss0_degmodglobal,27,0.5532054730824062,0.6820635199546814,0.5499999999999999,0.6724587912087913,0.5384615384615384,0.0,0.43914798753602163,0.5169752155031476,0.1059988300715174,0.1946107814354556,0.0,0.0,0.0,0.0,0.0,18473,global,0.0
1,2,lr1e-04_bs8_drop0p2_temp2p0_a0p25_b0p05__wd1e-04trmiss0_degmodglobal,8,0.0001,0.0001,0.2,2.0,0.25,0.05,lr1e-04_bs8_drop0p2_temp2p0_a0p25_b0p05__wd1e-04trmiss0_degmodglobal,28,0.5445235669612885,0.6723323166370392,0.6,0.6870421245421245,0.5384615384615384,0.0,0.4485662281513214,0.5193045054163251,0.06726323600326266,0.16806517009224212,0.0,0.0,0.0,0.0,0.0,18473,global,0.0
1,2,lr1e-04_bs8_drop0p2_temp2p0_a0p25_b0p05__wd1e-04trmiss0_degmodglobal,8,0.0001,0.0001,0.2,2.0,0.25,0.05,lr1e-04_bs8_drop0p2_temp2p0_a0p25_b0p05__wd1e-04trmiss0_degmodglobal,29,0.5833844457353864,0.6718710064888,0.575,0.6790875790875791,0.6153846153846154,0.0,0.43744479758398874,0.5471169182232448,0.09088580469999995,0.27092163796935764,0.0,0.0,0.0,0.0,0.0,18473,global,0.0
1,2,lr1e-04_bs8_drop0p2_temp2p0_a0p25_b0p05__wd1e-04trmiss0_degmodglobal,8,0.0001,0.0001,0.2,2.0,0.25,0.05,lr1e-04_bs8_drop0p2_temp2p0_a0p25_b0p05__wd1e-04trmiss0_degmodglobal,30,0.5559979251452855,0.6751100122928619,0.575,0.6790875790875791,0.5384615384615384,0.0,0.438568468604769,0.5236426421574184,0.09005799676690783,0.19681515225342341,0.0,0.0,0.0,0.0,0.0,18473,global,0.0
1,2,lr1e-04_bs8_drop0p2_temp2p0_a0p25_b0p05__wd1e-04trmiss0_degmodglobal,8,0.0001,0.0001,0.2,2.0,0.25,0.05,lr1e-04_bs8_drop0p2_temp2p0_a0p25_b0p05__wd1e-04trmiss0_degmodglobal,31,0.5548580288887024,0.6688694059848785,0.575,0.6790875790875791,0.6153846153846154,0.0,0.4306601073060717,0.5242403021880558,0.08121588347213608,0.20627523532935552,0.0,0.0,0.0,0.0,0.0,18473,global,0.0
1,2,lr1e-04_bs8_drop0p2_temp2p0_a0p25_b0p05__wd1e-04trmiss0_degmodglobal,8,0.0001,0.0001,0.2,2.0,0.25,0.05,lr1e-04_bs8_drop0p2_temp2p0_a0p25_b0p05__wd1e-04trmiss0_degmodglobal,32,0.5601082784788949,0.6688190400600433,0.575,0.6790875790875791,0.6923076923076923,0.0,0.43281259707042147,0.5257925689220428,0.09281428796904427,0.2222427555492946,0.0,0.0,0.0,0.0,0.0,18473,global,0.0
1,2,lr1e-04_bs8_drop0p2_temp2p0_a0p25_b0p05__wd1e-04trmiss0_degmodglobal,8,0.0001,0.0001,0.2,2.0,0.25,0.05,lr1e-04_bs8_drop0p2_temp2p0_a0p25_b0p05__wd1e-04trmiss0_degmodglobal,33,0.582510939666203,0.6748475730419159,0.575,0.6790875790875791,0.6153846153846154,0.0,0.4413518011569977,0.53603053518704,0.12186027743986674,0.3203071079083851,0.0,0.0,0.0,0.0,0.0,18473,global,0.0
1,2,lr1e-04_bs8_drop0p2_temp2p0_a0p25_b0p05__wd1e-04trmiss0_degmodglobal,8,0.0001,0.0001,0.2,2.0,0.25,0.05,lr1e-04_bs8_drop0p2_temp2p0_a0p25_b0p05__wd1e-04trmiss0_degmodglobal,34,0.5366889238357544,0.6741097867488861,0.575,0.6790875790875791,0.6153846153846154,0.0,0.4400202887398856,0.5046724804810115,0.08658540674618312,0.20740166306495667,0.0,0.0,0.0,0.0,0.0,18473,global,0.0
1,2,lr1e-04_bs8_drop0p2_temp2p0_a0p25_b0p05__wd1e-04trmiss0_degmodglobal,8,0.0001,0.0001,0.2,2.0,0.25,0.05,lr1e-04_bs8_drop0p2_temp2p0_a0p25_b0p05__wd1e-04trmiss0_degmodglobal,35,0.5744833946228027,0.6762588620185852,0.575,0.6790875790875791,0.5384615384615384,0.0,0.42706320541245596,0.5351771797452655,0.1036679840513638,0.26778398028441835,0.0,0.0,0.0,0.0,0.0,18473,global,0.0
1,2,lr1e-04_bs8_drop0p2_temp2p0_a0p25_b0p05__wd1e-04trmiss0_degmodglobal,8,0.0001,0.0001,0.2,2.0,0.25,0.05,lr1e-04_bs8_drop0p2_temp2p0_a0p25_b0p05__wd1e-04trmiss0_degmodglobal,36,0.569771042891911,0.6726098954677582,0.575,0.6790875790875791,0.5384615384615384,0.0,0.4422427330698286,0.5411311643464225,0.07357796973415784,0.20490771212748118,0.0,0.0,0.0,0.0,0.0,18473,global,0.0
1,2,lr1e-04_bs8_drop0p2_temp2p0_a0p25_b0p05__wd1e-04trmiss0_degmodglobal,8,0.0001,0.0001,0.2,2.0,0.25,0.05,lr1e-04_bs8_drop0p2_temp2p0_a0p25_b0p05__wd1e-04trmiss0_degmodglobal,37,0.5450140493256705,0.6701180636882782,0.575,0.6790875790875791,0.6153846153846154,0.0,0.4373387949807303,0.5104157413755145,0.08985586570841926,0.24268698692321777,0.0,0.0,0.0,0.0,0.0,18473,global,0.0
1,2,lr1e-04_bs8_drop0p2_temp2p0_a0p25_b0p05__wd1e-04trmiss0_degmodglobal,8,0.0001,0.0001,0.2,2.0,0.25,0.05,lr1e-04_bs8_drop0p2_temp2p0_a0p25_b0p05__wd1e-04trmiss0_degmodglobal,38,0.5505581072398594,0.6714245676994324,0.575,0.6790875790875791,0.6153846153846154,0.0,0.4112201418195452,0.5103755635874612,0.10664022501025881,0.27044993532555445,0.0,0.0,0.0,0.0,0.0,18473,global,0.0
1,2,lr1e-04_bs8_drop0p2_temp2p0_a0p25_b0p05__wd1e-04trmiss0_degmodglobal,8,0.0001,0.0001,0.2,2.0,0.25,0.05,lr1e-04_bs8_drop0p2_temp2p0_a0p25_b0p05__wd1e-04trmiss0_degmodglobal,39,0.5634388412748065,0.6666708886623383,0.575,0.6790875790875791,0.6923076923076923,0.0,0.4160107374191284,0.5168607916150775,0.12648704541581018,0.2991260013410023,0.0,0.0,0.0,0.0,0.0,18473,global,0.0
1,2,lr1e-04_bs8_drop0p4_temp1p0_a0p25_b0p05__wd1e-04trmiss0_degmodglobal,8,0.0001,0.0001,0.4,1.0,0.25,0.05,lr1e-04_bs8_drop0p4_temp1p0_a0p25_b0p05__wd1e-04trmiss0_degmodglobal,1,0.7276601110185895,0.7474892139434814,0.4,0.6588675213675215,0.5384615384615384,0.0,0.715684175491333,0.7025265778814044,0.0640758600618158,0.18229129697595323,0.0,0.0,0.0,0.0,0.0,18473,global,0.0
1,2,lr1e-04_bs8_drop0p4_temp1p0_a0p25_b0p05__wd1e-04trmiss0_degmodglobal,8,0.0001,0.0001,0.4,1.0,0.25,0.05,lr1e-04_bs8_drop0p4_temp1p0_a0p25_b0p05__wd1e-04trmiss0_degmodglobal,2,0.6691904664039612,0.7400025427341461,0.45,0.6719065656565657,0.5384615384615384,0.0,0.7011913231440953,0.6367371933800834,0.0824684804039342,0.23672326334885188,0.0,0.0,0.0,0.0,0.0,18473,global,0.0
1,2,lr1e-04_bs8_drop0p4_temp1p0_a0p25_b0p05__wd1e-04trmiss0_degmodglobal,8,0.0001,0.0001,0.4,1.0,0.25,0.05,lr1e-04_bs8_drop0p4_temp1p0_a0p25_b0p05__wd1e-04trmiss0_degmodglobal,3,0.6778558492660522,0.7213490605354309,0.44999999999999996,0.6183351370851371,0.46153846153846156,0.0,0.6625894818987165,0.6527627451079232,0.060277889881815226,0.20047277425016677,0.0,0.0,0.0,0.0,0.0,18473,global,0.0
1,2,lr1e-04_bs8_drop0p4_temp1p0_a0p25_b0p05__wd1e-04trmiss0_degmodglobal,8,0.0001,0.0001,0.4,1.0,0.25,0.05,lr1e-04_bs8_drop0p4_temp1p0_a0p25_b0p05__wd1e-04trmiss0_degmodglobal,4,0.6275754826409476,0.7019798755645752,0.6,0.6767857142857143,0.5384615384615384,0.0,0.6974067262240818,0.5883063503674099,0.09834473047937665,0.293658937726702,0.0,0.0,0.0,0.0,0.0,18473,global,0.0
1,2,lr1e-04_bs8_drop0p4_temp1p0_a0p25_b0p05__wd1e-04trmiss0_degmodglobal,8,0.0001,0.0001,0.4,1.0,0.25,0.05,lr1e-04_bs8_drop0p4_temp1p0_a0p25_b0p05__wd1e-04trmiss0_degmodglobal,5,0.6498366509165082,0.7012498676776886,0.625,0.6843614718614719,0.5384615384615384,0.0,0.6997740268707275,0.6193127887589591,0.08059013209172658,0.2075263432094029,0.0,0.0,0.0,0.0,0.0,18473,global,0.0
1,2,lr1e-04_bs8_drop0p4_temp1p0_a0p25_b0p05__wd1e-04trmiss0_degmodglobal,8,0.0001,0.0001,0.4,1.0,0.25,0.05,lr1e-04_bs8_drop0p4_temp1p0_a0p25_b0p05__wd1e-04trmiss0_degmodglobal,6,0.6398929187229702,0.6992509663105011,0.675,0.7031746031746032,0.5384615384615384,0.0,0.6403766700199672,0.617425160748618,0.056465874293020794,0.1670257459793772,0.0,0.0,0.0,0.0,0.0,18473,global,0.0
1,2,lr1e-04_bs8_drop0p4_temp1p0_a0p25_b0p05__wd1e-04trmiss0_degmodglobal,8,0.0001,0.0001,0.4,1.0,0.25,0.05,lr1e-04_bs8_drop0p4_temp1p0_a0p25_b0p05__wd1e-04trmiss0_degmodglobal,7,0.5860363415309361,0.746601015329361,0.39999999999999997,0.5906565656565657,0.38461538461538464,0.0,0.6543458955628532,0.5580939735685077,0.07012221696121353,0.2082363643816539,0.0,0.0,0.0,0.0,0.0,18473,global,0.0
1,2,lr1e-04_bs8_drop0p4_temp1p0_a0p25_b0p05__wd1e-04trmiss0_degmodglobal,8,0.0001,0.0001,0.4,1.0,0.25,0.05,lr1e-04_bs8_drop0p4_temp1p0_a0p25_b0p05__wd1e-04trmiss0_degmodglobal,8,0.6374997666903904,0.7541296780109406,0.39999999999999997,0.5906565656565657,0.38461538461538464,0.0,0.6569915584155491,0.597384342125484,0.1047903618642262,0.2783567075218473,0.0,0.0,0.0,0.0,0.0,18473,global,0.0
1,2,lr1e-04_bs8_drop0p4_temp1p0_a0p25_b0p05__wd1e-04trmiss0_degmodglobal,8,0.0001,0.0001,0.4,1.0,0.25,0.05,lr1e-04_bs8_drop0p4_temp1p0_a0p25_b0p05__wd1e-04trmiss0_degmodglobal,9,0.574228184563773,0.7553240060806274,0.425,0.6531565656565657,0.38461538461538464,0.0,0.6424925242151532,0.5416892554078784,0.0862461259322507,0.21954786564622605,0.0,0.0,0.0,0.0,0.0,18473,global,0.0
1,2,lr1e-04_bs8_drop0p4_temp1p0_a0p25_b0p05__wd1e-04trmiss0_degmodglobal,8,0.0001,0.0001,0.4,1.0,0.25,0.05,lr1e-04_bs8_drop0p4_temp1p0_a0p25_b0p05__wd1e-04trmiss0_degmodglobal,10,0.614505044051579,0.7225281298160553,0.44999999999999996,0.662085137085137,0.38461538461538464,0.0,0.6091963648796082,0.5815893581935337,0.08676846325397491,0.22447108796664647,0.0,0.0,0.0,0.0,0.0,18473,global,0.0
1,2,lr1e-04_bs8_drop0p4_temp1p0_a0p25_b0p05__wd1e-04trmiss0_degmodglobal,8,0.0001,0.0001,0.4,1.0,0.25,0.05,lr1e-04_bs8_drop0p4_temp1p0_a0p25_b0p05__wd1e-04trmiss0_degmodglobal,11,0.5708290679114205,0.6823207437992096,0.6,0.6830357142857143,0.5384615384615384,0.0,0.6053414600236076,0.5338912180491856,0.09617071066583906,0.25790312992674963,0.0,0.0,0.0,0.0,0.0,18473,global,0.0
1,2,lr1e-04_bs8_drop0p4_temp1p0_a0p25_b0p05__wd1e-04trmiss0_degmodglobal,8,0.0001,0.0001,0.4,1.0,0.25,0.05,lr1e-04_bs8_drop0p4_temp1p0_a0p25_b0p05__wd1e-04trmiss0_degmodglobal,12,0.5892202726432255,0.7023724615573883,0.5249999999999999,0.6396645021645021,0.46153846153846156,0.0,0.589697356734957,0.5605588470186506,0.07118678891233035,0.21729440135615213,0.0,0.0,0.0,0.0,0.0,18473,global,0.0
1,2,lr1e-04_bs8_drop0p4_temp1p0_a0p25_b0p05__wd1e-04trmiss0_degmodglobal,8,0.0001,0.0001,0.4,1.0,0.25,0.05,lr1e-04_bs8_drop0p4_temp1p0_a0p25_b0p05__wd1e-04trmiss0_degmodglobal,13,0.5548280690397535,0.7066433429718018,0.475,0.6165990259740259,0.46153846153846156,0.0,0.5605372871671405,0.5271344951220921,0.07451835913317544,0.18127955389874323,0.0,0.0,0.0,0.0,0.0,18473,global,0.0
1,2,lr1e-04_bs8_drop0p4_temp1p0_a0p25_b0p05__wd1e-04trmiss0_degmodglobal,8,0.0001,0.0001,0.4,1.0,0.25,0.05,lr1e-04_bs8_drop0p4_temp1p0_a0p25_b0p05__wd1e-04trmiss0_degmodglobal,14,0.5594694316387177,0.688638836145401,0.5249999999999999,0.6472537878787878,0.5384615384615384,0.0,0.5647312828472683,0.5346019182886396,0.06008383711533887,0.19693108541624887,0.0,0.0,0.0,0.0,0.0,18473,global,0.0
1,2,lr1e-04_bs8_drop0p4_temp1p0_a0p25_b0p05__wd1e-04trmiss0_degmodglobal,8,0.0001,0.0001,0.4,1.0,0.25,0.05,lr1e-04_bs8_drop0p4_temp1p0_a0p25_b0p05__wd1e-04trmiss0_degmodglobal,15,0.6079019222940717,0.6840271055698395,0.675,0.7250381562881564,0.6153846153846154,0.0,0.5783990280968803,0.5678662146840777,0.09410909935832024,0.3301687708922795,0.0,0.0,0.0,0.0,0.0,18473,global,0.0
1,2,lr1e-04_bs8_drop0p4_temp1p0_a0p25_b0p05__wd1e-04trmiss0_degmodglobal,8,0.0001,0.0001,0.4,1.0,0.25,0.05,lr1e-04_bs8_drop0p4_temp1p0_a0p25_b0p05__wd1e-04trmiss0_degmodglobal,16,0.5590398737362453,0.6841947436332703,0.625,0.7073613886113886,0.6153846153846154,0.0,0.6033035516738892,0.5242872706481388,0.08461657326136317,0.2719689267022269,0.0,0.0,0.0,0.0,0.0,18473,global,0.0
1,2,lr1e-04_bs8_drop0p4_temp1p0_a0p25_b0p05__wd1e-04trmiss0_degmodglobal,8,0.0001,0.0001,0.4,1.0,0.25,0.05,lr1e-04_bs8_drop0p4_temp1p0_a0p25_b0p05__wd1e-04trmiss0_degmodglobal,17,0.5782542313848223,0.6828078329563141,0.65,0.713771645021645,0.6923076923076923,0.0,0.5652838519641331,0.5429123001439231,0.08284452823655945,0.29261595968689236,0.0,0.0,0.0,0.0,0.0,18473,global,0.0
1,2,lr1e-04_bs8_drop0p4_temp1p0_a0p25_b0p05__wd1e-04trmiss0_degmodglobal,8,0.0001,0.0001,0.4,1.0,0.25,0.05,lr1e-04_bs8_drop0p4_temp1p0_a0p25_b0p05__wd1e-04trmiss0_degmodglobal,18,0.5599005264895303,0.6780488789081573,0.6,0.6854978354978355,0.6923076923076923,0.0,0.5525270402431488,0.5274084380694798,0.0758140789610999,0.27077142894268036,0.0,0.0,0.0,0.0,0.0,18473,global,0.0
1,2,lr1e-04_bs8_drop0p4_temp1p0_a0p25_b0p05__wd1e-04trmiss0_degmodglobal,8,0.0001,0.0001,0.4,1.0,0.25,0.05,lr1e-04_bs8_drop0p4_temp1p0_a0p25_b0p05__wd1e-04trmiss0_degmodglobal,19,0.54021355509758,0.6738803088665009,0.625,0.6843614718614719,0.6923076923076923,0.0,0.5484720851693835,0.5164667793682644,0.05855825091046946,0.18214447370597295,0.0,0.0,0.0,0.0,0.0,18473,global,0.0
1,2,lr1e-04_bs8_drop0p4_temp1p0_a0p25_b0p05__wd1e-04trmiss0_degmodglobal,8,0.0001,0.0001,0.4,1.0,0.25,0.05,lr1e-04_bs8_drop0p4_temp1p0_a0p25_b0p05__wd1e-04trmiss0_degmodglobal,20,0.5563083291053772,0.6906016170978546,0.5249999999999999,0.6364583333333333,0.46153846153846156,0.0,0.545207291841507,0.5177508762904576,0.09316592876400266,0.3053196168371609,0.0,0.0,0.0,0.0,0.0,18473,global,0.0
1,2,lr1e-04_bs8_drop0p4_temp1p0_a0p25_b0p05__wd1e-04trmiss0_degmodglobal,8,0.0001,0.0001,0.4,1.0,0.25,0.05,lr1e-04_bs8_drop0p4_temp1p0_a0p25_b0p05__wd1e-04trmiss0_degmodglobal,21,0.5624191548143115,0.6940223276615143,0.49999999999999994,0.6245535714285714,0.46153846153846156,0.0,0.5595679453441075,0.5365437737533024,0.06401551780956131,0.19743030944040843,0.0,0.0,0.0,0.0,0.0,18473,global,0.0
1,2,lr1e-04_bs8_drop0p4_temp1p0_a0p25_b0p05__wd1e-04trmiss0_degmodglobal,8,0.0001,0.0001,0.4,1.0,0.25,0.05,lr1e-04_bs8_drop0p4_temp1p0_a0p25_b0p05__wd1e-04trmiss0_degmodglobal,22,0.5431523067610604,0.6952834129333496,0.55,0.7058035714285714,0.38461538461538464,0.0,0.5265765828745705,0.5168744708810534,0.06493089720606804,0.20090220176747867,0.0,0.0,0.0,0.0,0.0,18473,global,0.0
1,2,lr1e-04_bs8_drop0p4_temp1p0_a0p25_b0p05__wd1e-04trmiss0_degmodglobal,8,0.0001,0.0001,0.4,1.0,0.25,0.05,lr1e-04_bs8_drop0p4_temp1p0_a0p25_b0p05__wd1e-04trmiss0_degmodglobal,23,0.5203761330672673,0.7044460475444794,0.5249999999999999,0.6870535714285714,0.38461538461538464,0.0,0.5525001883506775,0.483470869915826,0.09533596092036792,0.26142555262361256,0.0,0.0,0.0,0.0,0.0,18473,global,0.0
1,2,lr1e-04_bs8_drop0p4_temp1p0_a0p25_b0p05__wd1e-04trmiss0_degmodglobal,8,0.0001,0.0001,0.4,1.0,0.25,0.05,lr1e-04_bs8_drop0p4_temp1p0_a0p25_b0p05__wd1e-04trmiss0_degmodglobal,24,0.5186512640544346,0.71135213971138,0.475,0.6165990259740259,0.38461538461538464,0.0,0.5434416617665973,0.4876261736665453,0.07850883581808635,0.22795754032475607,0.0,0.0,0.0,0.0,0.0,18473,global,0.0
1,2,lr1e-04_bs8_drop0p4_temp1p0_a0p25_b0p05__wd1e-04trmiss0_degmodglobal,8,0.0001,0.0001,0.4,1.0,0.25,0.05,lr1e-04_bs8_drop0p4_temp1p0_a0p25_b0p05__wd1e-04trmiss0_degmodglobal,25,0.5759990811347961,0.6985867917537689,0.5249999999999999,0.6364583333333333,0.46153846153846156,0.0,0.5654108226299286,0.5431326372282845,0.0791060956461089,0.2617982402443886,0.0,0.0,0.0,0.0,0.0,18473,global,0.0
1,2,lr1e-04_bs8_drop0p4_temp1p0_a0p25_b0p05__wd1e-04trmiss0_degmodglobal,8,0.0001,0.0001,0.4,1.0,0.25,0.05,lr1e-04_bs8_drop0p4_temp1p0_a0p25_b0p05__wd1e-04trmiss0_degmodglobal,26,0.5188002841813224,0.6861513555049896,0.5499999999999999,0.7145042457542458,0.6153846153846154,0.0,0.5535769930907658,0.4580849068505423,0.15250303596258163,0.4517924434372357,0.0,0.0,0.0,0.0,0.0,18473,global,0.0
1,2,lr1e-04_bs8_drop0p4_temp1p0_a0p25_b0p05__wd1e-04trmiss0_degmodglobal,8,0.0001,0.0001,0.4,1.0,0.25,0.05,lr1e-04_bs8_drop0p4_temp1p0_a0p25_b0p05__wd1e-04trmiss0_degmodglobal,27,0.5561310606343406,0.696182519197464,0.55,0.7037087912087912,0.46153846153846156,0.0,0.577613136598042,0.5094105729034969,0.1137727541582925,0.36554594550813946,0.0,0.0,0.0,0.0,0.0,18473,global,0.0
1,2,lr1e-04_bs8_drop0p4_temp1p0_a0p25_b0p05__wd1e-04trmiss0_degmodglobal,8,0.0001,0.0001,0.4,1.0,0.25,0.05,lr1e-04_bs8_drop0p4_temp1p0_a0p25_b0p05__wd1e-04trmiss0_degmodglobal,28,0.499271605695997,0.694078654050827,0.55,0.6516254578754579,0.46153846153846156,0.0,0.5313896834850311,0.47188692007746014,0.07215843642396587,0.1869015603193215,0.0,0.0,0.0,0.0,0.0,18473,global,0.0
1,2,lr1e-04_bs8_drop0p4_temp1p0_a0p25_b0p05__wd1e-04trmiss0_degmodglobal,8,0.0001,0.0001,0.4,1.0,0.25,0.05,lr1e-04_bs8_drop0p4_temp1p0_a0p25_b0p05__wd1e-04trmiss0_degmodglobal,29,0.5363426591668811,0.6972236931324005,0.55,0.7037087912087912,0.46153846153846156,0.0,0.553021741764886,0.5002866046769279,0.08775881518210683,0.2823271495955331,0.0,0.0,0.0,0.0,0.0,18473,global,0.0
1,2,lr1e-04_bs8_drop0p4_temp1p0_a0p25_b0p05__wd1e-04trmiss0_degmodglobal,8,0.0001,0.0001,0.4,1.0,0.25,0.05,lr1e-04_bs8_drop0p4_temp1p0_a0p25_b0p05__wd1e-04trmiss0_degmodglobal,30,0.5245674507958549,0.6905911564826965,0.55,0.6516254578754579,0.46153846153846156,0.0,0.5433823423726218,0.5041162371635437,0.05324639140495232,0.1427924143416541,0.0,0.0,0.0,0.0,0.0,18473,global,0.0
1,2,lr1e-04_bs8_drop0p4_temp1p0_a0p25_b0p05__wd1e-04trmiss0_degmodglobal,8,0.0001,0.0001,0.4,1.0,0.25,0.05,lr1e-04_bs8_drop0p4_temp1p0_a0p25_b0p05__wd1e-04trmiss0_degmodglobal,31,0.5263576635292598,0.6871697008609772,0.6,0.6677579365079365,0.46153846153846156,0.0,0.5031532304627555,0.49200235094342915,0.08839308470487595,0.24514070046799524,0.0,0.0,0.0,0.0,0.0,18473,global,0.0
1,2,lr1e-04_bs8_drop0p4_temp1p0_a0p25_b0p05__wd1e-04trmiss0_degmodglobal,8,0.0001,0.0001,0.4,1.0,0.25,0.05,lr1e-04_bs8_drop0p4_temp1p0_a0p25_b0p05__wd1e-04trmiss0_degmodglobal,32,0.4967545654092516,0.6769230365753174,0.6,0.6656114718614718,0.6923076923076923,0.0,0.49107201610292706,0.464818720306669,0.08561817370355129,0.21062600719077246,0.0,0.0,0.0,0.0,0.0,18473,global,0.0
1,2,lr1e-04_bs8_drop0p4_temp1p0_a0p25_b0p05__wd1e-04trmiss0_degmodglobal,8,0.0001,0.0001,0.4,1.0,0.25,0.05,lr1e-04_bs8_drop0p4_temp1p0_a0p25_b0p05__wd1e-04trmiss0_degmodglobal,33,0.5271588563919067,0.6872327625751495,0.6,0.6677579365079365,0.5384615384615384,0.0,0.5150907337665558,0.5043716090066093,0.05667970648833683,0.17234654192413604,0.0,0.0,0.0,0.0,0.0,18473,global,0.0
1,2,lr1e-04_bs8_drop0p4_temp1p0_a0p25_b0p05__wd1e-04trmiss0_degmodglobal,8,0.0001,0.0001,0.4,1.0,0.25,0.05,lr1e-04_bs8_drop0p4_temp1p0_a0p25_b0p05__wd1e-04trmiss0_degmodglobal,34,0.4930926391056606,0.6858400404453278,0.6000000000000001,0.6800976800976801,0.46153846153846156,0.0,0.5243087581225804,0.4584726733820779,0.09079501831105777,0.23842437671763556,0.0,0.0,0.0,0.0,0.0,18473,global,0.0
1,2,lr1e-04_bs8_drop0p4_temp1p0_a0p25_b0p05__wd1e-04trmiss0_degmodglobal,8,0.0001,0.0001,0.4,1.0,0.25,0.05,lr1e-04_bs8_drop0p4_temp1p0_a0p25_b0p05__wd1e-04trmiss0_degmodglobal,35,0.530101614339011,0.6868631541728973,0.65,0.6940836940836941,0.46153846153846156,0.0,0.537735287632261,0.48260232380458284,0.1210073030420712,0.3449493923357555,0.0,0.0,0.0,0.0,0.0,18473,global,0.0
1,2,lr1e-04_bs8_drop0p4_temp2p0_a0p25_b0p05__wd1e-04trmiss0_degmodglobal,8,0.0001,0.0001,0.4,2.0,0.25,0.05,lr1e-04_bs8_drop0p4_temp2p0_a0p25_b0p05__wd1e-04trmiss0_degmodglobal,1,0.7364671145166669,0.7113202810287476,0.4,0.6759129759129759,0.38461538461538464,0.0,0.7089736121041434,0.6938728519848415,0.10955657331006867,0.30410221006189075,0.0,0.0,0.0,0.0,0.0,18473,global,0.0
1,2,lr1e-04_bs8_drop0p4_temp2p0_a0p25_b0p05__wd1e-04trmiss0_degmodglobal,8,0.0001,0.0001,0.4,2.0,0.25,0.05,lr1e-04_bs8_drop0p4_temp2p0_a0p25_b0p05__wd1e-04trmiss0_degmodglobal,2,0.6580315147127423,0.7089325785636902,0.4,0.6431748806748807,0.38461538461538464,0.0,0.6499583125114441,0.6323414615222386,0.07414997049740382,0.14305152424744197,0.0,0.0,0.0,0.0,0.0,18473,global,0.0
1,2,lr1e-04_bs8_drop0p4_temp2p0_a0p25_b0p05__wd1e-04trmiss0_degmodglobal,8,0.0001,0.0001,0.4,2.0,0.25,0.05,lr1e-04_bs8_drop0p4_temp2p0_a0p25_b0p05__wd1e-04trmiss0_degmodglobal,3,0.6538454805101667,0.723282128572464,0.42500000000000004,0.6518554362304363,0.3076923076923077,0.0,0.6393222212791443,0.6255424703870501,0.07419498983238425,0.1950849922639983,0.0,0.0,0.0,0.0,0.0,18473,global,0.0
1,2,lr1e-04_bs8_drop0p4_temp2p0_a0p25_b0p05__wd1e-04trmiss0_degmodglobal,8,0.0001,0.0001,0.4,2.0,0.25,0.05,lr1e-04_bs8_drop0p4_temp2p0_a0p25_b0p05__wd1e-04trmiss0_degmodglobal,4,0.6211106266294207,0.7434045076370239,0.35,0.629727910977911,0.3076923076923077,0.0,0.6505870563643319,0.5954237920897347,0.0698798948100635,0.16433715181691305,0.0,0.0,0.0,0.0,0.0,18473,global,0.0
1,2,lr1e-04_bs8_drop0p4_temp2p0_a0p25_b0p05__wd1e-04trmiss0_degmodglobal,8,0.0001,0.0001,0.4,2.0,0.25,0.05,lr1e-04_bs8_drop0p4_temp2p0_a0p25_b0p05__wd1e-04trmiss0_degmodglobal,5,0.6504377552441188,0.7217451930046082,0.375,0.6365460927960929,0.38461538461538464,0.0,0.6180546794618879,0.6176404101508004,0.09022899929966245,0.20480184363467352,0.0,0.0,0.0,0.0,0.0,18473,global,0.0
1,2,lr1e-04_bs8_drop0p4_temp2p0_a0p25_b0p05__wd1e-04trmiss0_degmodglobal,8,0.0001,0.0001,0.4,2.0,0.25,0.05,lr1e-04_bs8_drop0p4_temp2p0_a0p25_b0p05__wd1e-04trmiss0_degmodglobal,6,0.6183434384209769,0.7125760912895203,0.425,0.6609508547008548,0.38461538461538464,0.0,0.624512084892818,0.5885352747780936,0.08227004589779037,0.1848129459789821,0.0,0.0,0.0,0.0,0.0,18473,global,0.0
1,2,lr1e-04_bs8_drop0p4_temp2p0_a0p25_b0p05__wd1e-04trmiss0_degmodglobal,8,0.0001,0.0001,0.4,2.0,0.25,0.05,lr1e-04_bs8_drop0p4_temp2p0_a0p25_b0p05__wd1e-04trmiss0_degmodglobal,7,0.6226352878979274,0.7082799971103668,0.5,0.6826704545454545,0.46153846153846156,0.0,0.5824627024786813,0.5853818144117083,0.1010129866855485,0.24000429042748042,0.0,0.0,0.0,0.0,0.0,18473,global,0.0
1,2,lr1e-04_bs8_drop0p4_temp2p0_a0p25_b0p05__wd1e-04trmiss0_degmodglobal,8,0.0001,0.0001,0.4,2.0,0.25,0.05,lr1e-04_bs8_drop0p4_temp2p0_a0p25_b0p05__wd1e-04trmiss0_degmodglobal,8,0.6267031686646598,0.7045013308525085,0.5249999999999999,0.6910037878787878,0.46153846153846156,0.0,0.5719562513487679,0.5978907176426479,0.08224393054842949,0.1650298461318016,0.0,0.0,0.0,0.0,0.0,18473,global,0.0
1,2,lr1e-04_bs8_drop0p4_temp2p0_a0p25_b0p05__wd1e-04trmiss0_degmodglobal,8,0.0001,0.0001,0.4,2.0,0.25,0.05,lr1e-04_bs8_drop0p4_temp2p0_a0p25_b0p05__wd1e-04trmiss0_degmodglobal,9,0.5857089247022357,0.7026814520359039,0.475,0.666599025974026,0.38461538461538464,0.0,0.5441947962556567,0.5613258140427726,0.06453234649130277,0.16500070797545568,0.0,0.0,0.0,0.0,0.0,18473,global,0.0
1,2,lr1e-04_bs8_drop0p4_temp2p0_a0p25_b0p05__wd1e-04trmiss0_degmodglobal,8,0.0001,0.0001,0.4,2.0,0.25,0.05,lr1e-04_bs8_drop0p4_temp2p0_a0p25_b0p05__wd1e-04trmiss0_degmodglobal,10,0.5982545784541539,0.6916742026805878,0.5249999999999999,0.6910037878787878,0.46153846153846156,0.0,0.5400993313108172,0.5619631409645081,0.10282624300037112,0.21169756140027726,0.0,0.0,0.0,0.0,0.0,18473,global,0.0
1,2,lr1e-04_bs8_drop0p4_temp2p0_a0p25_b0p05__wd1e-04trmiss0_degmodglobal,8,0.0001,0.0001,0.4,2.0,0.25,0.05,lr1e-04_bs8_drop0p4_temp2p0_a0p25_b0p05__wd1e-04trmiss0_degmodglobal,11,0.6359366604260036,0.6870420873165131,0.5499999999999999,0.7097537878787878,0.46153846153846156,0.0,0.5719182704176221,0.6002815706389291,0.09446153789758682,0.24079398385116033,0.0,0.0,0.0,0.0,0.0,18473,global,0.0
1,2,lr1e-04_bs8_drop0p4_temp2p0_a0p25_b0p05__wd1e-04trmiss0_degmodglobal,8,0.0001,0.0001,0.4,2.0,0.25,0.05,lr1e-04_bs8_drop0p4_temp2p0_a0p25_b0p05__wd1e-04trmiss0_degmodglobal,12,0.5823256117956979,0.6893258094787598,0.525,0.7207656926406927,0.46153846153846156,0.0,0.5506555608340672,0.5502209152494159,0.09084897328700338,0.18784900435379573,0.0,0.0,0.0,0.0,0.0,18473,global,0.0
1,2,lr1e-04_bs8_drop0p4_temp2p0_a0p25_b0p05__wd1e-04trmiss0_degmodglobal,8,0.0001,0.0001,0.4,2.0,0.25,0.05,lr1e-04_bs8_drop0p4_temp2p0_a0p25_b0p05__wd1e-04trmiss0_degmodglobal,13,0.62808929170881,0.7040315568447113,0.5,0.7082656926406926,0.3076923076923077,0.0,0.5312587107930865,0.5963008233479091,0.08390617689916066,0.21623875307185308,0.0,0.0,0.0,0.0,0.0,18473,global,0.0
1,2,lr1e-04_bs8_drop0p4_temp2p0_a0p25_b0p05__wd1e-04trmiss0_degmodglobal,8,0.0001,0.0001,0.4,2.0,0.25,0.05,lr1e-04_bs8_drop0p4_temp2p0_a0p25_b0p05__wd1e-04trmiss0_degmodglobal,14,0.5793794393539429,0.696337103843689,0.525,0.7207656926406927,0.38461538461538464,0.0,0.5094334014824459,0.5514424060072217,0.08147282259804862,0.15137676522135735,0.0,0.0,0.0,0.0,0.0,18473,global,0.0
1,2,lr1e-04_bs8_drop0p4_temp2p0_a0p25_b0p05__wd1e-04trmiss0_degmodglobal,8,0.0001,0.0001,0.4,2.0,0.25,0.05,lr1e-04_bs8_drop0p4_temp2p0_a0p25_b0p05__wd1e-04trmiss0_degmodglobal,15,0.5552775859832764,0.6890023052692413,0.525,0.7207656926406927,0.38461538461538464,0.0,0.48072669761521475,0.5290515167372567,0.07773124266948019,0.13586511143616267,0.0,0.0,0.0,0.0,0.0,18473,global,0.0
1,2,lr1e-04_bs8_drop0p4_temp2p0_a0p25_b0p05__wd1e-04trmiss0_degmodglobal,8,0.0001,0.0001,0.4,2.0,0.25,0.05,lr1e-04_bs8_drop0p4_temp2p0_a0p25_b0p05__wd1e-04trmiss0_degmodglobal,16,0.5898765708718982,0.6746876835823059,0.575,0.747470238095238,0.5384615384615384,0.0,0.5186621759619031,0.5537600219249725,0.10046630033424922,0.2199990919658116,0.0,0.0,0.0,0.0,0.0,18473,global,0.0
1,2,lr1e-04_bs8_drop0p4_temp2p0_a0p25_b0p05__wd1e-04trmiss0_degmodglobal,8,0.0001,0.0001,0.4,2.0,0.25,0.05,lr1e-04_bs8_drop0p4_temp2p0_a0p25_b0p05__wd1e-04trmiss0_degmodglobal,17,0.5900429487228394,0.678657054901123,0.6,0.7625811688311688,0.5384615384615384,0.0,0.4835641895021711,0.5457272189004081,0.12103334601436343,0.2811478536043848,0.0,0.0,0.0,0.0,0.0,18473,global,0.0
1,2,lr1e-04_bs8_drop0p4_temp2p0_a0p25_b0p05__wd1e-04trmiss0_degmodglobal,8,0.0001,0.0001,0.4,2.0,0.25,0.05,lr1e-04_bs8_drop0p4_temp2p0_a0p25_b0p05__wd1e-04trmiss0_degmodglobal,18,0.5854491080556598,0.6795672178268433,0.6,0.7625811688311688,0.5384615384615384,0.0,0.4541530566556113,0.5423390950475421,0.11948660654681069,0.2647674152893679,0.0,0.0,0.0,0.0,0.0,18473,global,0.0
1,2,lr1e-04_bs8_drop0p4_temp2p0_a0p25_b0p05__wd1e-04trmiss0_degmodglobal,8,0.0001,0.0001,0.4,2.0,0.25,0.05,lr1e-04_bs8_drop0p4_temp2p0_a0p25_b0p05__wd1e-04trmiss0_degmodglobal,19,0.5566708147525787,0.6898638606071472,0.5,0.6790990259740259,0.38461538461538464,0.0,0.5067792875426156,0.5315404789788383,0.07145870796271733,0.1453129979116576,0.0,0.0,0.0,0.0,0.0,18473,global,0.0
1,2,lr1e-04_bs8_drop0p4_temp2p0_a0p25_b0p05__wd1e-04trmiss0_degmodglobal,8,0.0001,0.0001,0.4,2.0,0.25,0.05,lr1e-04_bs8_drop0p4_temp2p0_a0p25_b0p05__wd1e-04trmiss0_degmodglobal,20,0.5459447162491935,0.6908624470233917,0.5,0.6790990259740259,0.38461538461538464,0.0,0.497381580727441,0.5136712917259761,0.09332530945539474,0.1788420496242387,0.0,0.0,0.0,0.0,0.0,18473,global,0.0
1,2,lr1e-04_bs8_drop0p4_temp2p0_a0p25_b0p05__wd1e-04trmiss0_degmodglobal,8,0.0001,0.0001,0.4,2.0,0.25,0.05,lr1e-04_bs8_drop0p4_temp2p0_a0p25_b0p05__wd1e-04trmiss0_degmodglobal,21,0.5662019678524562,0.6929380595684052,0.5249999999999999,0.6870535714285714,0.38461538461538464,0.0,0.4488353601523808,0.5210632085800171,0.11534141323396138,0.3260682672262192,0.0,0.0,0.0,0.0,0.0,18473,global,0.0
1,2,lr1e-04_bs8_drop0p4_temp2p0_a0p25_b0p05__wd1e-04trmiss0_degmodglobal,8,0.0001,0.0001,0.4,2.0,0.25,0.05,lr1e-04_bs8_drop0p4_temp2p0_a0p25_b0p05__wd1e-04trmiss0_degmodglobal,22,0.5849606437342507,0.6964836716651917,0.5499999999999999,0.728720238095238,0.38461538461538464,0.0,0.48411581345966886,0.5385545917919704,0.11669910592692238,0.3446252612130983,0.0,0.0,0.0,0.0,0.0,18473,global,0.0
1,2,lr1e-04_bs8_drop0p4_temp2p0_a0p25_b0p05__wd1e-04trmiss0_degmodglobal,8,0.0001,0.0001,0.4,2.0,0.25,0.05,lr1e-04_bs8_drop0p4_temp2p0_a0p25_b0p05__wd1e-04trmiss0_degmodglobal,23,0.5784672285829272,0.693845272064209,0.5499999999999999,0.728720238095238,0.38461538461538464,0.0,0.492412588426045,0.5343048998287746,0.11665326676198415,0.29998030194214415,0.0,0.0,0.0,0.0,0.0,18473,global,0.0
1,2,lr1e-04_bs8_drop0p4_temp2p0_a0p25_b0p05__wd1e-04trmiss0_degmodglobal,8,0.0001,0.0001,0.4,2.0,0.25,0.05,lr1e-04_bs8_drop0p4_temp2p0_a0p25_b0p05__wd1e-04trmiss0_degmodglobal,24,0.548314277614866,0.68553426861763,0.5499999999999999,0.728720238095238,0.38461538461538464,0.0,0.4517450588090079,0.5074905497687203,0.11380030374441828,0.24747306959969656,0.0,0.0,0.0,0.0,0.0,18473,global,0.0
1,2,lr1e-04_bs8_drop0p4_temp2p0_a0p25_b0p05__wd1e-04trmiss0_degmodglobal,8,0.0001,0.0001,0.4,2.0,0.25,0.05,lr1e-04_bs8_drop0p4_temp2p0_a0p25_b0p05__wd1e-04trmiss0_degmodglobal,25,0.530159456389291,0.682756781578064,0.55,0.7395156926406926,0.38461538461538464,0.0,0.4724489322730473,0.4974964899676187,0.09593151190451213,0.1736017039843968,0.0,0.0,0.0,0.0,0.0,18473,global,0.0
1,2,lr1e-04_bs8_drop0p4_temp2p0_a0p25_b0p05__wd1e-04trmiss0_degmodglobal,8,0.0001,0.0001,0.4,2.0,0.25,0.05,lr1e-04_bs8_drop0p4_temp2p0_a0p25_b0p05__wd1e-04trmiss0_degmodglobal,26,0.5751976285661969,0.6833203732967377,0.55,0.7395156926406926,0.38461538461538464,0.0,0.45634559222630094,0.5292332172393799,0.12595269616161073,0.28952484471457346,0.0,0.0,0.0,0.0,0.0,18473,global,0.0
1,2,lr1e-04_bs8_drop0p4_temp2p0_a0p25_b0p05__wd1e-04trmiss0_degmodglobal,8,0.0001,0.0001,0.4,2.0,0.25,0.05,lr1e-04_bs8_drop0p4_temp2p0_a0p25_b0p05__wd1e-04trmiss0_degmodglobal,27,0.562444520848138,0.684337705373764,0.55,0.7395156926406926,0.46153846153846156,0.0,0.4676888755389622,0.510104524237769,0.14918653986283711,0.3008672794593232,0.0,0.0,0.0,0.0,0.0,18473,global,0.0
1,2,lr1e-04_bs8_drop0p4_temp2p0_a0p25_b0p05__wd1e-04trmiss0_degmodglobal,8,0.0001,0.0001,0.4,2.0,0.25,0.05,lr1e-04_bs8_drop0p4_temp2p0_a0p25_b0p05__wd1e-04trmiss0_degmodglobal,28,0.5449709509100232,0.6953540146350861,0.525,0.7207656926406927,0.38461538461538464,0.0,0.49256145102637156,0.5091172797339303,0.09745175178561892,0.2298145517706871,0.0,0.0,0.0,0.0,0.0,18473,global,0.0
1,2,lr1e-04_bs8_drop0p4_temp2p0_a0p25_b0p05__wd1e-04trmiss0_degmodglobal,8,0.0001,0.0001,0.4,2.0,0.25,0.05,lr1e-04_bs8_drop0p4_temp2p0_a0p25_b0p05__wd1e-04trmiss0_degmodglobal,29,0.5803923904895782,0.7051877677440643,0.475,0.6707656926406926,0.38461538461538464,0.0,0.4706891179084778,0.5468223137514931,0.09396798802273613,0.20156159464802062,0.0,0.0,0.0,0.0,0.0,18473,global,0.0
1,2,lr1e-04_bs8_drop0p4_temp2p0_a0p25_b0p05__wd1e-04trmiss0_degmodglobal,8,0.0001,0.0001,0.4,2.0,0.25,0.05,lr1e-04_bs8_drop0p4_temp2p0_a0p25_b0p05__wd1e-04trmiss0_degmodglobal,30,0.5276260205677578,0.701702743768692,0.5249999999999999,0.697849025974026,0.38461538461538464,0.0,0.43977826833724976,0.48651892798287527,0.10037385459457125,0.3202726202351706,0.0,0.0,0.0,0.0,0.0,18473,global,0.0
1,2,lr1e-04_bs8_drop0p4_temp2p0_a0p25_b0p05__wd1e-04trmiss0_degmodglobal,8,0.0001,0.0001,0.4,2.0,0.25,0.05,lr1e-04_bs8_drop0p4_temp2p0_a0p25_b0p05__wd1e-04trmiss0_degmodglobal,31,0.5318498696599688,0.6976575255393982,0.5249999999999999,0.697849025974026,0.38461538461538464,0.0,0.46622670122555326,0.5007010357720512,0.0791769272514752,0.2270919265491622,0.0,0.0,0.0,0.0,0.0,18473,global,0.0
1,2,lr1e-04_bs8_drop0p4_temp2p0_a0p25_b0p05__wd1e-04trmiss0_degmodglobal,8,0.0001,0.0001,0.4,2.0,0.25,0.05,lr1e-04_bs8_drop0p4_temp2p0_a0p25_b0p05__wd1e-04trmiss0_degmodglobal,32,0.5700786539486477,0.6948254704475403,0.5249999999999999,0.697849025974026,0.38461538461538464,0.0,0.4335495914731707,0.5089513318879264,0.16384488769939967,0.403321983558791,0.0,0.0,0.0,0.0,0.0,18473,global,0.0
1,2,lr1e-04_bs8_drop0p4_temp2p0_a0p25_b0p05__wd1e-04trmiss0_degmodglobal,8,0.0001,0.0001,0.4,2.0,0.25,0.05,lr1e-04_bs8_drop0p4_temp2p0_a0p25_b0p05__wd1e-04trmiss0_degmodglobal,33,0.5330706323896136,0.692173421382904,0.55,0.7395156926406926,0.38461538461538464,0.0,0.46680135812078205,0.48438624824796406,0.13058565078037127,0.32075950503349304,0.0,0.0,0.0,0.0,0.0,18473,global,0.0
1,2,lr1e-04_bs8_drop0p4_temp2p0_a0p25_b0p05__wd1e-04trmiss0_degmodglobal,8,0.0001,0.0001,0.4,2.0,0.25,0.05,lr1e-04_bs8_drop0p4_temp2p0_a0p25_b0p05__wd1e-04trmiss0_degmodglobal,34,0.5300256524767194,0.6898951828479767,0.5249999999999999,0.697849025974026,0.38461538461538464,0.0,0.487634288413184,0.5013773271015712,0.07739460627947535,0.18599360755511693,0.0,0.0,0.0,0.0,0.0,18473,global,0.0
1,2,lr1e-04_bs8_drop0p4_temp2p0_a0p25_b0p05__wd1e-04trmiss0_degmodglobal,8,0.0001,0.0001,0.4,2.0,0.25,0.05,lr1e-04_bs8_drop0p4_temp2p0_a0p25_b0p05__wd1e-04trmiss0_degmodglobal,35,0.5367328567164285,0.6887285709381104,0.5249999999999999,0.697849025974026,0.46153846153846156,0.0,0.4258001872471401,0.4939423246043069,0.11456056205289704,0.28300799642290386,0.0,0.0,0.0,0.0,0.0,18473,global,0.0
1,2,lr1e-04_bs8_drop0p4_temp2p0_a0p25_b0p05__wd1e-04trmiss0_degmodglobal,8,0.0001,0.0001,0.4,2.0,0.25,0.05,lr1e-04_bs8_drop0p4_temp2p0_a0p25_b0p05__wd1e-04trmiss0_degmodglobal,36,0.5311798964227948,0.6903754472732544,0.5249999999999999,0.697849025974026,0.38461538461538464,0.0,0.4366286439555032,0.4860031647341592,0.12327286122100693,0.2871700184685843,0.0,0.0,0.0,0.0,0.0,18473,global,0.0
1,2,lr1e-04_bs8_drop0p4_temp2p0_a0p25_b0p05__wd1e-04trmiss0_degmodglobal,8,0.0001,0.0001,0.4,2.0,0.25,0.05,lr1e-04_bs8_drop0p4_temp2p0_a0p25_b0p05__wd1e-04trmiss0_degmodglobal,37,0.5420564413070679,0.6881180107593536,0.5249999999999999,0.697849025974026,0.38461538461538464,0.0,0.409772127866745,0.4868950290339334,0.14646864469562257,0.370885078396116,0.0,0.0,0.0,0.0,0.0,18473,global,0.0
1,2,lr5e-05_bs8_drop0p2_temp1p0_a0p25_b0p05__wd1e-04trmiss0_degmodglobal,8,5e-05,0.0001,0.2,1.0,0.25,0.05,lr5e-05_bs8_drop0p2_temp1p0_a0p25_b0p05__wd1e-04trmiss0_degmodglobal,1,0.7740851555551801,0.709306001663208,0.375,0.5698232323232324,0.38461538461538464,0.0,0.7145183937890189,0.7462601917130607,0.07523850458008903,0.18030654319695064,0.0,0.0,0.0,0.0,0.0,18473,global,0.0
1,2,lr5e-05_bs8_drop0p2_temp1p0_a0p25_b0p05__wd1e-04trmiss0_degmodglobal,8,5e-05,0.0001,0.2,1.0,0.25,0.05,lr5e-05_bs8_drop0p2_temp1p0_a0p25_b0p05__wd1e-04trmiss0_degmodglobal,2,0.7178124189376831,0.7230512499809265,0.44999999999999996,0.6012601981351982,0.3076923076923077,0.0,0.6899190970829555,0.6979790500232151,0.05895042685525758,0.10191578630890165,0.0,0.0,0.0,0.0,0.0,18473,global,0.0
1,2,lr5e-05_bs8_drop0p2_temp1p0_a0p25_b0p05__wd1e-04trmiss0_degmodglobal,8,5e-05,0.0001,0.2,1.0,0.25,0.05,lr5e-05_bs8_drop0p2_temp1p0_a0p25_b0p05__wd1e-04trmiss0_degmodglobal,3,0.7035587515149798,0.7372235655784607,0.4,0.586298076923077,0.38461538461538464,0.0,0.6562623126166207,0.6818796992301941,0.06374248542955943,0.11486876383423805,0.0,0.0,0.0,0.0,0.0,18473,global,0.0
1,2,lr5e-05_bs8_drop0p2_temp1p0_a0p25_b0p05__wd1e-04trmiss0_degmodglobal,8,5e-05,0.0001,0.2,1.0,0.25,0.05,lr5e-05_bs8_drop0p2_temp1p0_a0p25_b0p05__wd1e-04trmiss0_degmodglobal,4,0.7024093781198774,0.745284765958786,0.4,0.586298076923077,0.3076923076923077,0.0,0.64190787928445,0.6831263303756714,0.0576449419770922,0.09743622450956277,0.0,0.0,0.0,0.0,0.0,18473,global,0.0
1,2,lr5e-05_bs8_drop0p2_temp1p0_a0p25_b0p05__wd1e-04trmiss0_degmodglobal,8,5e-05,0.0001,0.2,1.0,0.25,0.05,lr5e-05_bs8_drop0p2_temp1p0_a0p25_b0p05__wd1e-04trmiss0_degmodglobal,5,0.6809787154197693,0.7473970055580139,0.4,0.586298076923077,0.38461538461538464,0.0,0.6273819633892604,0.6584064279283796,0.06688065986548151,0.11704271765691894,0.0,0.0,0.0,0.0,0.0,18473,global,0.0
1,2,lr5e-05_bs8_drop0p2_temp1p0_a0p25_b0p05__wd1e-04trmiss0_degmodglobal,8,5e-05,0.0001,0.2,1.0,0.25,0.05,lr5e-05_bs8_drop0p2_temp1p0_a0p25_b0p05__wd1e-04trmiss0_degmodglobal,6,0.6636490055492946,0.7492179274559021,0.375,0.5776175213675214,0.38461538461538464,0.0,0.6297496557235718,0.6426880359649658,0.060266951365130286,0.11788474661963326,0.0,0.0,0.0,0.0,0.0,18473,global,0.0
1,2,lr5e-05_bs8_drop0p2_temp1p0_a0p25_b0p05__wd1e-04trmiss0_degmodglobal,8,5e-05,0.0001,0.2,1.0,0.25,0.05,lr5e-05_bs8_drop0p2_temp1p0_a0p25_b0p05__wd1e-04trmiss0_degmodglobal,7,0.6700857537133353,0.7475214302539825,0.42500000000000004,0.5929268648018649,0.38461538461538464,0.0,0.6157579932894025,0.6488797324044364,0.06168663129210472,0.11568728621516909,0.0,0.0,0.0,0.0,0.0,18473,global,0.0
1,2,lr5e-05_bs8_drop0p2_temp1p0_a0p25_b0p05__wd1e-04trmiss0_degmodglobal,8,5e-05,0.0001,0.2,1.0,0.25,0.05,lr5e-05_bs8_drop0p2_temp1p0_a0p25_b0p05__wd1e-04trmiss0_degmodglobal,8,0.6589426142828805,0.7401303648948669,0.44999999999999996,0.604087579087579,0.38461538461538464,0.0,0.5948816452707563,0.636307418346405,0.06452312746218272,0.13008821542773927,0.0,0.0,0.0,0.0,0.0,18473,global,0.0
1,2,lr5e-05_bs8_drop0p2_temp1p0_a0p25_b0p05__wd1e-04trmiss0_degmodglobal,8,5e-05,0.0001,0.2,1.0,0.25,0.05,lr5e-05_bs8_drop0p2_temp1p0_a0p25_b0p05__wd1e-04trmiss0_degmodglobal,9,0.6454370532717023,0.7319327294826508,0.4749999999999999,0.6249209124209124,0.38461538461538464,0.0,0.5879425491605487,0.6200337154524667,0.07274737315518516,0.1443298671926771,0.0,0.0,0.0,0.0,0.0,18473,global,0.0
1,2,lr5e-05_bs8_drop0p2_temp1p0_a0p25_b0p05__wd1e-04trmiss0_degmodglobal,8,5e-05,0.0001,0.2,1.0,0.25,0.05,lr5e-05_bs8_drop0p2_temp1p0_a0p25_b0p05__wd1e-04trmiss0_degmodglobal,10,0.6739743437085833,0.7261722087860107,0.49999999999999994,0.6313311688311688,0.38461538461538464,0.0,0.6132015756198338,0.6472978847367423,0.0750386608498437,0.1583358230335372,0.0,0.0,0.0,0.0,0.0,18473,global,0.0
1,2,lr5e-05_bs8_drop0p2_temp1p0_a0p25_b0p05__wd1e-04trmiss0_degmodglobal,8,5e-05,0.0001,0.2,1.0,0.25,0.05,lr5e-05_bs8_drop0p2_temp1p0_a0p25_b0p05__wd1e-04trmiss0_degmodglobal,11,0.639419572693961,0.72688427567482,0.5,0.6332542457542457,0.38461538461538464,0.0,0.571381287915366,0.6158600279263088,0.07015801221132278,0.1204005873629025,0.0,0.0,0.0,0.0,0.0,18473,global,0.0
1,2,lr5e-05_bs8_drop0p2_temp1p0_a0p25_b0p05__wd1e-04trmiss0_degmodglobal,8,5e-05,0.0001,0.2,1.0,0.25,0.05,lr5e-05_bs8_drop0p2_temp1p0_a0p25_b0p05__wd1e-04trmiss0_degmodglobal,12,0.6488049966948373,0.7290310561656952,0.5,0.6332542457542457,0.38461538461538464,0.0,0.5612063748495919,0.6214773399489266,0.0779781879058906,0.15666248330048152,0.0,0.0,0.0,0.0,0.0,18473,global,0.0
1,2,lr5e-05_bs8_drop0p2_temp1p0_a0p25_b0p05__wd1e-04trmiss0_degmodglobal,8,5e-05,0.0001,0.2,1.0,0.25,0.05,lr5e-05_bs8_drop0p2_temp1p0_a0p25_b0p05__wd1e-04trmiss0_degmodglobal,13,0.6483000772339957,0.7299307584762573,0.525,0.6436709124209125,0.38461538461538464,0.0,0.5872883881841388,0.6236608794757298,0.07579320243426732,0.11381811648607254,0.0,0.0,0.0,0.0,0.0,18473,global,0.0
1,2,lr5e-05_bs8_drop0p2_temp1p0_a0p25_b0p05__wd1e-04trmiss0_degmodglobal,8,5e-05,0.0001,0.2,1.0,0.25,0.05,lr5e-05_bs8_drop0p2_temp1p0_a0p25_b0p05__wd1e-04trmiss0_degmodglobal,14,0.6504491823060172,0.7310759425163269,0.5,0.6332542457542457,0.38461538461538464,0.0,0.5820918721812112,0.6229418431009565,0.08352454166327204,0.1325240922825677,0.0,0.0,0.0,0.0,0.0,18473,global,0.0
1,2,lr5e-05_bs8_drop0p2_temp1p0_a0p25_b0p05__wd1e-04trmiss0_degmodglobal,8,5e-05,0.0001,0.2,1.0,0.25,0.05,lr5e-05_bs8_drop0p2_temp1p0_a0p25_b0p05__wd1e-04trmiss0_degmodglobal,15,0.6327021292277745,0.7285676002502441,0.5,0.6332542457542457,0.38461538461538464,0.0,0.5477238893508911,0.6052571449960981,0.08118209402476038,0.14298923632928304,0.0,0.0,0.0,0.0,0.0,18473,global,0.0
1,2,lr5e-05_bs8_drop0p2_temp1p0_a0p25_b0p05__wd1e-04trmiss0_degmodglobal,8,5e-05,0.0001,0.2,1.0,0.25,0.05,lr5e-05_bs8_drop0p2_temp1p0_a0p25_b0p05__wd1e-04trmiss0_degmodglobal,16,0.6050510576793126,0.7348134219646454,0.5,0.6332542457542457,0.38461538461538464,0.0,0.5555304118565151,0.5817780324390956,0.07052182938371386,0.1128511375614575,0.0,0.0,0.0,0.0,0.0,18473,global,0.0
1,2,lr5e-05_bs8_drop0p2_temp1p0_a0p25_b0p05__wd1e-04trmiss0_degmodglobal,8,5e-05,0.0001,0.2,1.0,0.25,0.05,lr5e-05_bs8_drop0p2_temp1p0_a0p25_b0p05__wd1e-04trmiss0_degmodglobal,17,0.6072260907718113,0.7315620183944702,0.5,0.6332542457542457,0.38461538461538464,0.0,0.553624519280025,0.583260885306767,0.07497959530779294,0.10440599120088986,0.0,0.0,0.0,0.0,0.0,18473,global,0.0
1,2,lr5e-05_bs8_drop0p2_temp1p0_a0p25_b0p05__wd1e-04trmiss0_degmodglobal,8,5e-05,0.0001,0.2,1.0,0.25,0.05,lr5e-05_bs8_drop0p2_temp1p0_a0p25_b0p05__wd1e-04trmiss0_degmodglobal,18,0.6434515714645386,0.7342265844345093,0.475,0.6220935314685314,0.38461538461538464,0.0,0.5842327943869999,0.6202334080423627,0.06798276943819863,0.12444952502846718,0.0,0.0,0.0,0.0,0.0,18473,global,0.0
1,2,lr5e-05_bs8_drop0p2_temp1p0_a0p25_b0p05__wd1e-04trmiss0_degmodglobal,8,5e-05,0.0001,0.2,1.0,0.25,0.05,lr5e-05_bs8_drop0p2_temp1p0_a0p25_b0p05__wd1e-04trmiss0_degmodglobal,19,0.6172901051385062,0.7378596365451813,0.475,0.6220935314685314,0.38461538461538464,0.0,0.5244560326848712,0.5915807400430951,0.07308487860219819,0.1487627811729908,0.0,0.0,0.0,0.0,0.0,18473,global,0.0
1,2,lr5e-05_bs8_drop0p2_temp1p0_a0p25_b0p05__wd1e-04trmiss0_degmodglobal,8,5e-05,0.0001,0.2,1.0,0.25,0.05,lr5e-05_bs8_drop0p2_temp1p0_a0p25_b0p05__wd1e-04trmiss0_degmodglobal,20,0.6031694156782967,0.7317454814910889,0.475,0.6220935314685314,0.38461538461538464,0.0,0.5354255565575191,0.5769588606698173,0.07793442159891129,0.13453897408076695,0.0,0.0,0.0,0.0,0.0,18473,global,0.0
1,2,lr5e-05_bs8_drop0p2_temp1p0_a0p25_b0p05__wd1e-04trmiss0_degmodglobal,8,5e-05,0.0001,0.2,1.0,0.25,0.05,lr5e-05_bs8_drop0p2_temp1p0_a0p25_b0p05__wd1e-04trmiss0_degmodglobal,21,0.6262273192405701,0.7313828468322754,0.475,0.6220935314685314,0.38461538461538464,0.0,0.5366796680859157,0.5995514052254813,0.081004762755973,0.12849458679556847,0.0,0.0,0.0,0.0,0.0,18473,global,0.0
1,2,lr5e-05_bs8_drop0p2_temp1p0_a0p25_b0p05__wd1e-04trmiss0_degmodglobal,8,5e-05,0.0001,0.2,1.0,0.25,0.05,lr5e-05_bs8_drop0p2_temp1p0_a0p25_b0p05__wd1e-04trmiss0_degmodglobal,22,0.6356976883752006,0.730846494436264,0.525,0.6412087912087912,0.38461538461538464,0.0,0.5412059383732932,0.6115467037473407,0.06844362350446838,0.14080159046820231,0.0,0.0,0.0,0.0,0.0,18473,global,0.0
1,2,lr5e-05_bs8_drop0p2_temp1p0_a0p25_b0p05__wd1e-04trmiss0_degmodglobal,8,5e-05,0.0001,0.2,1.0,0.25,0.05,lr5e-05_bs8_drop0p2_temp1p0_a0p25_b0p05__wd1e-04trmiss0_degmodglobal,23,0.6195537873676845,0.7303937375545502,0.525,0.6412087912087912,0.38461538461538464,0.0,0.5360657274723053,0.5926839113235474,0.08008485287427902,0.13697319264922822,0.0,0.0,0.0,0.0,0.0,18473,global,0.0
1,2,lr5e-05_bs8_drop0p2_temp1p0_a0p25_b0p05__wd1e-04trmiss0_degmodglobal,8,5e-05,0.0001,0.2,1.0,0.25,0.05,lr5e-05_bs8_drop0p2_temp1p0_a0p25_b0p05__wd1e-04trmiss0_degmodglobal,24,0.6084014517920358,0.7291703820228577,0.5,0.6332542457542457,0.38461538461538464,0.0,0.5305847525596619,0.5807432063988277,0.07992643330778394,0.1535326306309019,0.0,0.0,0.0,0.0,0.0,18473,global,0.0
1,2,lr5e-05_bs8_drop0p2_temp1p0_a0p25_b0p05__wd1e-04trmiss0_degmodglobal,8,5e-05,0.0001,0.2,1.0,0.25,0.05,lr5e-05_bs8_drop0p2_temp1p0_a0p25_b0p05__wd1e-04trmiss0_degmodglobal,25,0.6149501289640155,0.7233991324901581,0.525,0.6436709124209125,0.38461538461538464,0.0,0.5444939051355634,0.5868110316140311,0.08605990558862686,0.13248235306569509,0.0,0.0,0.0,0.0,0.0,18473,global,0.0
1,2,lr5e-05_bs8_drop0p2_temp1p0_a0p25_b0p05__wd1e-04trmiss0_degmodglobal,8,5e-05,0.0001,0.2,1.0,0.25,0.05,lr5e-05_bs8_drop0p2_temp1p0_a0p25_b0p05__wd1e-04trmiss0_degmodglobal,26,0.5979275362832206,0.7248629629611969,0.525,0.6436709124209125,0.38461538461538464,0.0,0.5072380559785026,0.5693514559950147,0.0812627242079803,0.16520814278296062,0.0,0.0,0.0,0.0,0.0,18473,global,0.0
1,2,lr5e-05_bs8_drop0p2_temp1p0_a0p25_b0p05__wd1e-04trmiss0_degmodglobal,8,5e-05,0.0001,0.2,1.0,0.25,0.05,lr5e-05_bs8_drop0p2_temp1p0_a0p25_b0p05__wd1e-04trmiss0_degmodglobal,27,0.6229100397654942,0.7258598208427429,0.525,0.6436709124209125,0.38461538461538464,0.0,0.5196306577750615,0.5909268345151629,0.08979504768337522,0.19068881762879236,0.0,0.0,0.0,0.0,0.0,18473,global,0.0
1,2,lr5e-05_bs8_drop0p2_temp1p0_a0p25_b0p05__wd1e-04trmiss0_degmodglobal,8,5e-05,0.0001,0.2,1.0,0.25,0.05,lr5e-05_bs8_drop0p2_temp1p0_a0p25_b0p05__wd1e-04trmiss0_degmodglobal,28,0.6436335785048348,0.7246830463409424,0.525,0.6436709124209125,0.38461538461538464,0.0,0.532455427306039,0.6084674937384469,0.10194425604173116,0.19360092388732092,0.0,0.0,0.0,0.0,0.0,18473,global,0.0
1,2,lr5e-05_bs8_drop0p2_temp1p0_a0p25_b0p05__wd1e-04trmiss0_degmodglobal,8,5e-05,0.0001,0.2,1.0,0.25,0.05,lr5e-05_bs8_drop0p2_temp1p0_a0p25_b0p05__wd1e-04trmiss0_degmodglobal,29,0.6241649304117475,0.723144918680191,0.525,0.6436709124209125,0.38461538461538464,0.0,0.5199022335665566,0.5911089096750531,0.0948306896856853,0.18696680132831847,0.0,0.0,0.0,0.0,0.0,18473,global,0.0
1,2,lr5e-05_bs8_drop0p2_temp1p0_a0p25_b0p05__wd1e-04trmiss0_degmodglobal,8,5e-05,0.0001,0.2,1.0,0.25,0.05,lr5e-05_bs8_drop0p2_temp1p0_a0p25_b0p05__wd1e-04trmiss0_degmodglobal,30,0.5961033616747174,0.7232852578163147,0.525,0.6436709124209125,0.38461538461538464,0.0,0.5093933429036822,0.5612113560949054,0.1067924935902868,0.16387776604720525,0.0,0.0,0.0,0.0,0.0,18473,global,0.0
1,2,lr5e-05_bs8_drop0p2_temp1p0_a0p25_b0p05__wd1e-04trmiss0_degmodglobal,8,5e-05,0.0001,0.2,1.0,0.25,0.05,lr5e-05_bs8_drop0p2_temp1p0_a0p25_b0p05__wd1e-04trmiss0_degmodglobal,31,0.6023618578910828,0.7256435751914978,0.525,0.6436709124209125,0.38461538461538464,0.0,0.5147210870470319,0.5740692104612078,0.08159466886094638,0.1578795856663159,0.0,0.0,0.0,0.0,0.0,18473,global,0.0
1,2,lr5e-05_bs8_drop0p2_temp1p0_a0p25_b0p05__wd1e-04trmiss0_degmodglobal,8,5e-05,0.0001,0.2,1.0,0.25,0.05,lr5e-05_bs8_drop0p2_temp1p0_a0p25_b0p05__wd1e-04trmiss0_degmodglobal,32,0.606498292514256,0.7230850756168365,0.525,0.6436709124209125,0.38461538461538464,0.0,0.5136023504393441,0.5738654903003148,0.09445808029600553,0.18036555924585887,0.0,0.0,0.0,0.0,0.0,18473,global,0.0
1,2,lr5e-05_bs8_drop0p2_temp1p0_a0p25_b0p05__wd1e-04trmiss0_degmodglobal,8,5e-05,0.0001,0.2,1.0,0.25,0.05,lr5e-05_bs8_drop0p2_temp1p0_a0p25_b0p05__wd1e-04trmiss0_degmodglobal,33,0.6279725006648472,0.7213774919509888,0.525,0.6436709124209125,0.38461538461538464,0.0,0.5030817176614489,0.5957509790148053,0.09281373236860548,0.18036178393023355,0.0,0.0,0.0,0.0,0.0,18473,global,0.0
1,2,lr5e-05_bs8_drop0p2_temp1p0_a0p25_b0p05__wd1e-04trmiss0_degmodglobal,8,5e-05,0.0001,0.2,1.0,0.25,0.05,lr5e-05_bs8_drop0p2_temp1p0_a0p25_b0p05__wd1e-04trmiss0_degmodglobal,34,0.6141542366572789,0.7197056412696838,0.525,0.6436709124209125,0.38461538461538464,0.0,0.5013636350631714,0.5785312908036369,0.10379269825560707,0.1934955082833767,0.0,0.0,0.0,0.0,0.0,18473,global,0.0
1,2,lr5e-05_bs8_drop0p2_temp1p0_a0p25_b0p05__wd1e-04trmiss0_degmodglobal,8,5e-05,0.0001,0.2,1.0,0.25,0.05,lr5e-05_bs8_drop0p2_temp1p0_a0p25_b0p05__wd1e-04trmiss0_degmodglobal,35,0.6244782039097377,0.7226071655750275,0.5,0.6332542457542457,0.38461538461538464,0.0,0.48576687063489643,0.5835075761590686,0.11988571392638343,0.2199841524873461,0.0,0.0,0.0,0.0,0.0,18473,global,0.0
1,2,lr5e-05_bs8_drop0p2_temp1p0_a0p25_b0p05__wd1e-04trmiss0_degmodglobal,8,5e-05,0.0001,0.2,1.0,0.25,0.05,lr5e-05_bs8_drop0p2_temp1p0_a0p25_b0p05__wd1e-04trmiss0_degmodglobal,36,0.6127975583076477,0.7223331034183502,0.5,0.6332542457542457,0.38461538461538464,0.0,0.4923496884959085,0.5796335850443158,0.09479769266077451,0.18929088754313333,0.0,0.0,0.0,0.0,0.0,18473,global,0.0
1,2,lr5e-05_bs8_drop0p2_temp1p0_a0p25_b0p05__wd1e-04trmiss0_degmodglobal,8,5e-05,0.0001,0.2,1.0,0.25,0.05,lr5e-05_bs8_drop0p2_temp1p0_a0p25_b0p05__wd1e-04trmiss0_degmodglobal,37,0.586934643132346,0.7241482436656952,0.525,0.6436709124209125,0.38461538461538464,0.0,0.5124452156679971,0.5551861269133431,0.08953864659581866,0.1872772467987878,0.0,0.0,0.0,0.0,0.0,18473,global,0.0
1,2,lr5e-05_bs8_drop0p2_temp1p0_a0p25_b0p05__wd1e-04trmiss0_degmodglobal,8,5e-05,0.0001,0.2,1.0,0.25,0.05,lr5e-05_bs8_drop0p2_temp1p0_a0p25_b0p05__wd1e-04trmiss0_degmodglobal,38,0.6101828983851841,0.7209732830524445,0.525,0.6436709124209125,0.38461538461538464,0.0,0.5109411137444633,0.5804964985166278,0.08498463779687881,0.16880481157984054,0.0,0.0,0.0,0.0,0.0,18473,global,0.0
1,2,lr5e-05_bs8_drop0p2_temp1p0_a0p25_b0p05__wd1e-04trmiss0_degmodglobal,8,5e-05,0.0001,0.2,1.0,0.25,0.05,lr5e-05_bs8_drop0p2_temp1p0_a0p25_b0p05__wd1e-04trmiss0_degmodglobal,39,0.6090953605515617,0.722086489200592,0.5,0.6332542457542457,0.38461538461538464,0.0,0.5008120196206229,0.571902905191694,0.1078746457185064,0.2044762745499611,0.0,0.0,0.0,0.0,0.0,18473,global,0.0
1,2,lr5e-05_bs8_drop0p2_temp1p0_a0p25_b0p05__wd1e-04trmiss0_degmodglobal,8,5e-05,0.0001,0.2,1.0,0.25,0.05,lr5e-05_bs8_drop0p2_temp1p0_a0p25_b0p05__wd1e-04trmiss0_degmodglobal,40,0.6076184681483677,0.7227446436882019,0.525,0.6436709124209125,0.38461538461538464,0.0,0.47519498637744356,0.569520218031747,0.11311924085021019,0.19636880499976023,0.0,0.0,0.0,0.0,0.0,18473,global,0.0
1,2,lr5e-05_bs8_drop0p2_temp1p0_a0p25_b0p05__wd1e-04trmiss0_degmodglobal,8,5e-05,0.0001,0.2,1.0,0.25,0.05,lr5e-05_bs8_drop0p2_temp1p0_a0p25_b0p05__wd1e-04trmiss0_degmodglobal,41,0.6023498092378888,0.7229713499546051,0.55,0.6500811688311688,0.38461538461538464,0.0,0.4833758771419525,0.5639716642243522,0.11163564771413803,0.20938491182667868,0.0,0.0,0.0,0.0,0.0,18473,global,0.0
1,2,lr5e-05_bs8_drop0p2_temp1p0_a0p25_b0p05__wd1e-04trmiss0_degmodglobal,8,5e-05,0.0001,0.2,1.0,0.25,0.05,lr5e-05_bs8_drop0p2_temp1p0_a0p25_b0p05__wd1e-04trmiss0_degmodglobal,42,0.6197997331619263,0.7230157256126404,0.55,0.6500811688311688,0.38461538461538464,0.0,0.5114766146455493,0.5849578636033195,0.09960181532161576,0.19882843643426895,0.0,0.0,0.0,0.0,0.0,18473,global,0.0
1,2,lr5e-05_bs8_drop0p2_temp1p0_a0p25_b0p05__wd1e-04trmiss0_degmodglobal,8,5e-05,0.0001,0.2,1.0,0.25,0.05,lr5e-05_bs8_drop0p2_temp1p0_a0p25_b0p05__wd1e-04trmiss0_degmodglobal,43,0.6164943064962115,0.7216868102550507,0.525,0.6436709124209125,0.38461538461538464,0.0,0.47977871128490995,0.5780651228768485,0.10693334255899702,0.23391683718987874,0.0,0.0,0.0,0.0,0.0,18473,global,0.0
1,2,lr5e-05_bs8_drop0p2_temp1p0_a0p25_b0p05__wd1e-04trmiss0_degmodglobal,8,5e-05,0.0001,0.2,1.0,0.25,0.05,lr5e-05_bs8_drop0p2_temp1p0_a0p25_b0p05__wd1e-04trmiss0_degmodglobal,44,0.6276302763393947,0.7182112038135529,0.525,0.6436709124209125,0.38461538461538464,0.0,0.5152177853243691,0.5859039851597377,0.12039954481380326,0.23252783715724945,0.0,0.0,0.0,0.0,0.0,18473,global,0.0
1,2,lr5e-05_bs8_drop0p2_temp1p0_a0p25_b0p05__wd1e-04trmiss0_degmodglobal,8,5e-05,0.0001,0.2,1.0,0.25,0.05,lr5e-05_bs8_drop0p2_temp1p0_a0p25_b0p05__wd1e-04trmiss0_degmodglobal,45,0.5852939912251064,0.7184940576553345,0.5,0.6332542457542457,0.38461538461538464,0.0,0.49459860154560636,0.545062712260655,0.11844552787286895,0.21239765201296126,0.0,0.0,0.0,0.0,0.0,18473,global,0.0
1,2,lr5e-05_bs8_drop0p2_temp1p0_a0p25_b0p05__wd1e-04trmiss0_degmodglobal,8,5e-05,0.0001,0.2,1.0,0.25,0.05,lr5e-05_bs8_drop0p2_temp1p0_a0p25_b0p05__wd1e-04trmiss0_degmodglobal,46,0.6039645331246513,0.721781849861145,0.5,0.6332542457542457,0.38461538461538464,0.0,0.47663567321641104,0.5631374291011265,0.11840001813002995,0.22454163378902844,0.0,0.0,0.0,0.0,0.0,18473,global,0.0
1,2,lr5e-05_bs8_drop0p2_temp1p0_a0p25_b0p05__wd1e-04trmiss0_degmodglobal,8,5e-05,0.0001,0.2,1.0,0.25,0.05,lr5e-05_bs8_drop0p2_temp1p0_a0p25_b0p05__wd1e-04trmiss0_degmodglobal,47,0.6471015470368522,0.7241740822792053,0.55,0.6500811688311688,0.38461538461538464,0.0,0.49745712535721914,0.6047537156513759,0.12111183149474007,0.24139761818306787,0.0,0.0,0.0,0.0,0.0,18473,global,0.0
1,2,lr5e-05_bs8_drop0p2_temp1p0_a0p25_b0p05__wd1e-04trmiss0_degmodglobal,8,5e-05,0.0001,0.2,1.0,0.25,0.05,lr5e-05_bs8_drop0p2_temp1p0_a0p25_b0p05__wd1e-04trmiss0_degmodglobal,48,0.6292963709150042,0.7225054204463959,0.525,0.6436709124209125,0.38461538461538464,0.0,0.47621228439467295,0.5891824875559125,0.10798101233584541,0.2623725278036935,0.0,0.0,0.0,0.0,0.0,18473,global,0.0
1,2,lr5e-05_bs8_drop0p2_temp1p0_a0p25_b0p05__wd1e-04trmiss0_degmodglobal,8,5e-05,0.0001,0.2,1.0,0.25,0.05,lr5e-05_bs8_drop0p2_temp1p0_a0p25_b0p05__wd1e-04trmiss0_degmodglobal,49,0.6025305390357971,0.7209905683994293,0.55,0.6516254578754579,0.38461538461538464,0.0,0.4788717882973807,0.5676447834287371,0.098209376846041,0.20666839395250594,0.0,0.0,0.0,0.0,0.0,18473,global,0.0
1,2,lr5e-05_bs8_drop0p2_temp1p0_a0p25_b0p05__wd1e-04trmiss0_degmodglobal,8,5e-05,0.0001,0.2,1.0,0.25,0.05,lr5e-05_bs8_drop0p2_temp1p0_a0p25_b0p05__wd1e-04trmiss0_degmodglobal,50,0.6160567147391183,0.7255991399288177,0.525,0.6436709124209125,0.38461538461538464,0.0,0.48753597906657625,0.5826744352068219,0.09511313374553408,0.1920800315482276,0.0,0.0,0.0,0.0,0.0,18473,global,0.0
1,2,lr5e-05_bs8_drop0p2_temp1p0_a0p25_b0p05__wd1e-04trmiss0_degmodglobal,8,5e-05,0.0001,0.2,1.0,0.25,0.05,lr5e-05_bs8_drop0p2_temp1p0_a0p25_b0p05__wd1e-04trmiss0_degmodglobal,51,0.5970140695571899,0.7223814725875854,0.525,0.6436709124209125,0.38461538461538464,0.0,0.4526149332523346,0.5535423329898289,0.12011960468121938,0.26883657915251596,0.0,0.0,0.0,0.0,0.0,18473,global,0.0
1,2,lr5e-05_bs8_drop0p2_temp1p0_a0p25_b0p05__wd1e-04trmiss0_degmodglobal,8,5e-05,0.0001,0.2,1.0,0.25,0.05,lr5e-05_bs8_drop0p2_temp1p0_a0p25_b0p05__wd1e-04trmiss0_degmodglobal,52,0.6132988929748535,0.7228230535984039,0.5,0.6332542457542457,0.38461538461538464,0.0,0.4642155425889151,0.5645869629723685,0.14054734259843826,0.27150210631745203,0.0,0.0,0.0,0.0,0.0,18473,global,0.0
1,2,lr5e-05_bs8_drop0p2_temp1p0_a0p25_b0p05__wd1e-04trmiss0_degmodglobal,8,5e-05,0.0001,0.2,1.0,0.25,0.05,lr5e-05_bs8_drop0p2_temp1p0_a0p25_b0p05__wd1e-04trmiss0_degmodglobal,53,0.6256363902773175,0.7251714468002319,0.475,0.6124209124209123,0.38461538461538464,0.0,0.5034863693373544,0.5838175586291722,0.12343569525650569,0.2191983706184796,0.0,0.0,0.0,0.0,0.0,18473,global,0.0
1,2,lr5e-05_bs8_drop0p2_temp1p0_a0p25_b0p05__wd1e-04trmiss0_degmodglobal,8,5e-05,0.0001,0.2,1.0,0.25,0.05,lr5e-05_bs8_drop0p2_temp1p0_a0p25_b0p05__wd1e-04trmiss0_degmodglobal,54,0.6181514859199524,0.723316490650177,0.525,0.6436709124209125,0.38461538461538464,0.0,0.4849876122815268,0.5737717832837786,0.12998886832169124,0.2376497664621898,0.0,0.0,0.0,0.0,0.0,18473,global,0.0
1,2,lr5e-05_bs8_drop0p2_temp1p0_a0p25_b0p05__wd1e-04trmiss0_degmodglobal,8,5e-05,0.0001,0.2,1.0,0.25,0.05,lr5e-05_bs8_drop0p2_temp1p0_a0p25_b0p05__wd1e-04trmiss0_degmodglobal,55,0.6214617490768433,0.7220931649208069,0.475,0.6124209124209123,0.38461538461538464,0.0,0.4780654353754861,0.5712977477482387,0.13723291882446834,0.3171153834887913,0.0,0.0,0.0,0.0,0.0,18473,global,0.0
1,2,lr5e-05_bs8_drop0p2_temp1p0_a0p25_b0p05__wd1e-04trmiss0_degmodglobal,8,5e-05,0.0001,0.2,1.0,0.25,0.05,lr5e-05_bs8_drop0p2_temp1p0_a0p25_b0p05__wd1e-04trmiss0_degmodglobal,56,0.620141727583749,0.7220141887664795,0.5,0.6332542457542457,0.38461538461538464,0.0,0.4591323435306549,0.5639646479061672,0.15810626213039672,0.3330101189868791,0.0,0.0,0.0,0.0,0.0,18473,global,0.0
1,2,lr5e-05_bs8_drop0p2_temp1p0_a0p25_b0p05__wd1e-04trmiss0_degmodglobal,8,5e-05,0.0001,0.2,1.0,0.25,0.05,lr5e-05_bs8_drop0p2_temp1p0_a0p25_b0p05__wd1e-04trmiss0_degmodglobal,57,0.6095238838876996,0.7212315201759338,0.525,0.6436709124209125,0.38461538461538464,0.0,0.46582853368350435,0.5679634979793003,0.11864643543958664,0.23797533448253358,0.0,0.0,0.0,0.0,0.0,18473,global,0.0
1,2,lr5e-05_bs8_drop0p2_temp1p0_a0p25_b0p05__wd1e-04trmiss0_degmodglobal,8,5e-05,0.0001,0.2,1.0,0.25,0.05,lr5e-05_bs8_drop0p2_temp1p0_a0p25_b0p05__wd1e-04trmiss0_degmodglobal,58,0.620038458279201,0.7240118086338043,0.525,0.6436709124209125,0.38461538461538464,0.0,0.4695734126227243,0.5775625790868487,0.11880233670983996,0.25550587262426105,0.0,0.0,0.0,0.0,0.0,18473,global,0.0
1,2,lr5e-05_bs8_drop0p2_temp1p0_a0p25_b0p05__wd1e-04trmiss0_degmodglobal,8,5e-05,0.0001,0.2,1.0,0.25,0.05,lr5e-05_bs8_drop0p2_temp1p0_a0p25_b0p05__wd1e-04trmiss0_degmodglobal,59,0.632506787776947,0.7230905592441559,0.525,0.6436709124209125,0.38461538461538464,0.0,0.4559043560709272,0.5779320853097099,0.15192189599786485,0.3318846310888018,0.0,0.0,0.0,0.0,0.0,18473,global,0.0
1,2,lr5e-05_bs8_drop0p2_temp1p0_a0p25_b0p05__wd1e-04trmiss0_degmodglobal,8,5e-05,0.0001,0.2,1.0,0.25,0.05,lr5e-05_bs8_drop0p2_temp1p0_a0p25_b0p05__wd1e-04trmiss0_degmodglobal,60,0.5991599219185966,0.7240837812423706,0.525,0.6436709124209125,0.38461538461538464,0.0,0.4626543181283133,0.5557590126991272,0.12475388922861644,0.24424902669021062,0.0,0.0,0.0,0.0,0.0,18473,global,0.0
1,2,lr5e-05_bs8_drop0p2_temp1p0_a0p25_b0p05__wd1e-04trmiss0_degmodglobal,8,5e-05,0.0001,0.2,1.0,0.25,0.05,lr5e-05_bs8_drop0p2_temp1p0_a0p25_b0p05__wd1e-04trmiss0_degmodglobal,61,0.6395367213657924,0.7246590852737427,0.525,0.6436709124209125,0.38461538461538464,0.0,0.45077077405793325,0.5890250631741115,0.13447471814496176,0.3378595007317407,0.0,0.0,0.0,0.0,0.0,18473,global,0.0
1,2,lr5e-05_bs8_drop0p2_temp1p0_a0p25_b0p05__wd1e-04trmiss0_degmodglobal,8,5e-05,0.0001,0.2,1.0,0.25,0.05,lr5e-05_bs8_drop0p2_temp1p0_a0p25_b0p05__wd1e-04trmiss0_degmodglobal,62,0.6260001574243818,0.722463846206665,0.525,0.6436709124209125,0.38461538461538464,0.0,0.46205056990895954,0.5787881783076695,0.12980370010648454,0.2952209881373814,0.0,0.0,0.0,0.0,0.0,18473,global,0.0
1,2,lr5e-05_bs8_drop0p2_temp1p0_a0p25_b0p05__wd1e-04trmiss0_degmodglobal,8,5e-05,0.0001,0.2,1.0,0.25,0.05,lr5e-05_bs8_drop0p2_temp1p0_a0p25_b0p05__wd1e-04trmiss0_degmodglobal,63,0.6289486629622323,0.7218836843967438,0.525,0.6436709124209125,0.38461538461538464,0.0,0.47551617452076506,0.5856455479349408,0.12192487929548536,0.25643808926854816,0.0,0.0,0.0,0.0,0.0,18473,global,0.0
1,2,lr5e-05_bs8_drop0p2_temp1p0_a0p25_b0p05__wd1e-04trmiss0_degmodglobal,8,5e-05,0.0001,0.2,1.0,0.25,0.05,lr5e-05_bs8_drop0p2_temp1p0_a0p25_b0p05__wd1e-04trmiss0_degmodglobal,64,0.6318626403808594,0.7245797216892242,0.5,0.6332542457542457,0.38461538461538464,0.0,0.4527750313282013,0.5769577707563128,0.15139256098440715,0.3411344662308693,0.0,0.0,0.0,0.0,0.0,18473,global,0.0
1,2,lr5e-05_bs8_drop0p2_temp1p0_a0p25_b0p05__wd1e-04trmiss0_degmodglobal,8,5e-05,0.0001,0.2,1.0,0.25,0.05,lr5e-05_bs8_drop0p2_temp1p0_a0p25_b0p05__wd1e-04trmiss0_degmodglobal,65,0.6187811749322074,0.7201961874961853,0.525,0.6436709124209125,0.38461538461538464,0.0,0.43001528297151836,0.5631654347692218,0.16083280316420964,0.308151119521686,0.0,0.0,0.0,0.0,0.0,18473,global,0.0
1,2,lr5e-05_bs8_drop0p2_temp1p0_a0p25_b0p05__wd1e-04trmiss0_degmodglobal,8,5e-05,0.0001,0.2,1.0,0.25,0.05,lr5e-05_bs8_drop0p2_temp1p0_a0p25_b0p05__wd1e-04trmiss0_degmodglobal,66,0.6129794461386544,0.7193190157413483,0.525,0.6436709124209125,0.38461538461538464,0.0,0.4564681223460606,0.5670015641621181,0.12952464606080735,0.2719341346195766,0.0,0.0,0.0,0.0,0.0,18473,global,0.0
1,2,lr5e-05_bs8_drop0p2_temp1p0_a0p25_b0p05__wd1e-04trmiss0_degmodglobal,8,5e-05,0.0001,0.2,1.0,0.25,0.05,lr5e-05_bs8_drop0p2_temp1p0_a0p25_b0p05__wd1e-04trmiss0_degmodglobal,67,0.5971144778387887,0.716789722442627,0.525,0.6436709124209125,0.38461538461538464,0.0,0.45966955167906626,0.5509340422494071,0.1341426255447524,0.25289584909166607,0.0,0.0,0.0,0.0,0.0,18473,global,0.0
1,2,lr5e-05_bs8_drop0p2_temp1p0_a0p25_b0p05__wd1e-04trmiss0_degmodglobal,8,5e-05,0.0001,0.2,1.0,0.25,0.05,lr5e-05_bs8_drop0p2_temp1p0_a0p25_b0p05__wd1e-04trmiss0_degmodglobal,68,0.6332950677190509,0.718548446893692,0.525,0.6436709124209125,0.38461538461538464,0.0,0.4719950386456081,0.5771459553922925,0.15873038130147116,0.329330142055239,0.0,0.0,0.0,0.0,0.0,18473,global,0.0
1,2,lr5e-05_bs8_drop0p2_temp1p0_a0p25_b0p05__wd1e-04trmiss0_degmodglobal,8,5e-05,0.0001,0.2,1.0,0.25,0.05,lr5e-05_bs8_drop0p2_temp1p0_a0p25_b0p05__wd1e-04trmiss0_degmodglobal,69,0.6324589933667865,0.7236029803752899,0.5,0.6228375790875791,0.38461538461538464,0.0,0.44972938299179077,0.5769529214927128,0.15499818644353322,0.33513068833521437,0.0,0.0,0.0,0.0,0.0,18473,global,0.0
1,2,lr5e-05_bs8_drop0p2_temp2p0_a0p25_b0p05__wd1e-04trmiss0_degmodglobal,8,5e-05,0.0001,0.2,2.0,0.25,0.05,lr5e-05_bs8_drop0p2_temp2p0_a0p25_b0p05__wd1e-04trmiss0_degmodglobal,1,0.7433348553521293,0.7460820972919464,0.32499999999999996,0.5425796425796426,0.23076923076923078,0.0,0.7317915473665509,0.7232159972190857,0.06024966122848647,0.10112869100911277,0.0,0.0,0.0,0.0,0.0,18473,global,0.0
1,2,lr5e-05_bs8_drop0p2_temp2p0_a0p25_b0p05__wd1e-04trmiss0_degmodglobal,8,5e-05,0.0001,0.2,2.0,0.25,0.05,lr5e-05_bs8_drop0p2_temp2p0_a0p25_b0p05__wd1e-04trmiss0_degmodglobal,2,0.7062241605349949,0.7651969492435455,0.32499999999999996,0.5425796425796426,0.3076923076923077,0.0,0.7014253224645343,0.6858313424246651,0.05959932718958173,0.1098599231668881,0.0,0.0,0.0,0.0,0.0,18473,global,0.0
1,2,lr5e-05_bs8_drop0p2_temp2p0_a0p25_b0p05__wd1e-04trmiss0_degmodglobal,8,5e-05,0.0001,0.2,2.0,0.25,0.05,lr5e-05_bs8_drop0p2_temp2p0_a0p25_b0p05__wd1e-04trmiss0_degmodglobal,3,0.7213901621954781,0.7695854902267456,0.35,0.563412975912976,0.3076923076923077,0.0,0.6778067520686558,0.6969636934144157,0.07050826613392149,0.13598796405962535,0.0,0.0,0.0,0.0,0.0,18473,global,0.0
1,2,lr5e-05_bs8_drop0p2_temp2p0_a0p25_b0p05__wd1e-04trmiss0_degmodglobal,8,5e-05,0.0001,0.2,2.0,0.25,0.05,lr5e-05_bs8_drop0p2_temp2p0_a0p25_b0p05__wd1e-04trmiss0_degmodglobal,4,0.7069520098822457,0.7581747174263,0.375,0.5698232323232324,0.3076923076923077,0.0,0.6553588850157601,0.6875575951167515,0.058092325393642695,0.0974262138562543,0.0,0.0,0.0,0.0,0.0,18473,global,0.0
1,2,lr5e-05_bs8_drop0p2_temp2p0_a0p25_b0p05__wd1e-04trmiss0_degmodglobal,8,5e-05,0.0001,0.2,2.0,0.25,0.05,lr5e-05_bs8_drop0p2_temp2p0_a0p25_b0p05__wd1e-04trmiss0_degmodglobal,5,0.6941038881029401,0.7476643025875092,0.425,0.6531565656565657,0.38461538461538464,0.0,0.6462725400924683,0.6737267289842878,0.061911983149392266,0.09798335603305272,0.0,0.0,0.0,0.0,0.0,18473,global,0.0
1,2,lr5e-05_bs8_drop0p2_temp2p0_a0p25_b0p05__wd1e-04trmiss0_degmodglobal,8,5e-05,0.0001,0.2,2.0,0.25,0.05,lr5e-05_bs8_drop0p2_temp2p0_a0p25_b0p05__wd1e-04trmiss0_degmodglobal,6,0.6717128838811602,0.7461991012096405,0.42500000000000004,0.6654963092463093,0.46153846153846156,0.0,0.6303812350545611,0.6521284750529698,0.06320136040449142,0.07568098923989705,0.0,0.0,0.0,0.0,0.0,18473,global,0.0
1,2,lr5e-05_bs8_drop0p2_temp2p0_a0p25_b0p05__wd1e-04trmiss0_degmodglobal,8,5e-05,0.0001,0.2,2.0,0.25,0.05,lr5e-05_bs8_drop0p2_temp2p0_a0p25_b0p05__wd1e-04trmiss0_degmodglobal,7,0.6920964973313468,0.7394333779811859,0.45,0.6719065656565657,0.46153846153846156,0.0,0.6247184361730304,0.6725202883992877,0.05967315499271665,0.09315841139427253,0.0,0.0,0.0,0.0,0.0,18473,global,0.0
1,2,lr5e-05_bs8_drop0p2_temp2p0_a0p25_b0p05__wd1e-04trmiss0_degmodglobal,8,5e-05,0.0001,0.2,2.0,0.25,0.05,lr5e-05_bs8_drop0p2_temp2p0_a0p25_b0p05__wd1e-04trmiss0_degmodglobal,8,0.6488784636769976,0.7471839487552643,0.45,0.6719065656565657,0.46153846153846156,0.0,0.6222250461578369,0.6285287908145359,0.06578493224722999,0.07806892107639994,0.0,0.0,0.0,0.0,0.0,18473,global,0.0
1,2,lr5e-05_bs8_drop0p2_temp2p0_a0p25_b0p05__wd1e-04trmiss0_degmodglobal,8,5e-05,0.0001,0.2,2.0,0.25,0.05,lr5e-05_bs8_drop0p2_temp2p0_a0p25_b0p05__wd1e-04trmiss0_degmodglobal,9,0.6667939509664264,0.7604892551898956,0.45,0.6719065656565657,0.5384615384615384,0.0,0.6146541663578579,0.6426966445786613,0.07382718367236,0.11281017905899457,0.0,0.0,0.0,0.0,0.0,18473,global,0.0
1,2,lr5e-05_bs8_drop0p2_temp2p0_a0p25_b0p05__wd1e-04trmiss0_degmodglobal,8,5e-05,0.0001,0.2,2.0,0.25,0.05,lr5e-05_bs8_drop0p2_temp2p0_a0p25_b0p05__wd1e-04trmiss0_degmodglobal,10,0.6532116276877267,0.7391878664493561,0.44999999999999996,0.6948232323232324,0.46153846153846156,0.0,0.5896025385175433,0.6300534180232457,0.07297808570521218,0.09827380361301559,0.0,0.0,0.0,0.0,0.0,18473,global,0.0
1,2,lr5e-05_bs8_drop0p2_temp2p0_a0p25_b0p05__wd1e-04trmiss0_degmodglobal,8,5e-05,0.0001,0.2,2.0,0.25,0.05,lr5e-05_bs8_drop0p2_temp2p0_a0p25_b0p05__wd1e-04trmiss0_degmodglobal,11,0.6809320024081639,0.7258456349372864,0.44999999999999996,0.6948232323232324,0.46153846153846156,0.0,0.5811361117022378,0.6559529730251857,0.07498825873647418,0.12463911729199546,0.0,0.0,0.0,0.0,0.0,18473,global,0.0
1,2,lr5e-05_bs8_drop0p2_temp2p0_a0p25_b0p05__wd1e-04trmiss0_degmodglobal,8,5e-05,0.0001,0.2,2.0,0.25,0.05,lr5e-05_bs8_drop0p2_temp2p0_a0p25_b0p05__wd1e-04trmiss0_degmodglobal,12,0.6400085772786822,0.7465952038764954,0.44999999999999996,0.6948232323232324,0.46153846153846156,0.0,0.5714513148580279,0.6200301902634757,0.06502068574939456,0.07446435572845596,0.0,0.0,0.0,0.0,0.0,18473,global,0.0
1,2,lr5e-05_bs8_drop0p2_temp2p0_a0p25_b0p05__wd1e-04trmiss0_degmodglobal,8,5e-05,0.0001,0.2,2.0,0.25,0.05,lr5e-05_bs8_drop0p2_temp2p0_a0p25_b0p05__wd1e-04trmiss0_degmodglobal,13,0.6415172219276428,0.7642994821071625,0.44999999999999996,0.6948232323232324,0.46153846153846156,0.0,0.5894289612770081,0.6179175802639553,0.06986804519380842,0.12265243301434177,0.0,0.0,0.0,0.0,0.0,18473,global,0.0
1,2,lr5e-05_bs8_drop0p2_temp2p0_a0p25_b0p05__wd1e-04trmiss0_degmodglobal,8,5e-05,0.0001,0.2,2.0,0.25,0.05,lr5e-05_bs8_drop0p2_temp2p0_a0p25_b0p05__wd1e-04trmiss0_degmodglobal,14,0.631668678351811,0.7447264492511749,0.425,0.6823232323232323,0.38461538461538464,0.0,0.571650002683912,0.6057489429201398,0.07723827340773173,0.13220311062676565,0.0,0.0,0.0,0.0,0.0,18473,global,0.0
1,2,lr5e-05_bs8_drop0p2_temp2p0_a0p25_b0p05__wd1e-04trmiss0_degmodglobal,8,5e-05,0.0001,0.2,2.0,0.25,0.05,lr5e-05_bs8_drop0p2_temp2p0_a0p25_b0p05__wd1e-04trmiss0_degmodglobal,15,0.6118066992078509,0.7250505983829498,0.44999999999999996,0.6912518037518037,0.46153846153846156,0.0,0.5555348226002285,0.5906447342463902,0.06859449350408145,0.08026687967191849,0.0,0.0,0.0,0.0,0.0,18473,global,0.0
1,2,lr5e-05_bs8_drop0p2_temp2p0_a0p25_b0p05__wd1e-04trmiss0_degmodglobal,8,5e-05,0.0001,0.2,2.0,0.25,0.05,lr5e-05_bs8_drop0p2_temp2p0_a0p25_b0p05__wd1e-04trmiss0_degmodglobal,16,0.6324500441551208,0.7416612505912781,0.425,0.6823232323232323,0.3076923076923077,0.0,0.5832500117165702,0.6111873303140912,0.06445874433432307,0.10296041412012917,0.0,0.0,0.0,0.0,0.0,18473,global,0.0
1,2,lr5e-05_bs8_drop0p2_temp2p0_a0p25_b0p05__wd1e-04trmiss0_degmodglobal,8,5e-05,0.0001,0.2,2.0,0.25,0.05,lr5e-05_bs8_drop0p2_temp2p0_a0p25_b0p05__wd1e-04trmiss0_degmodglobal,17,0.6138345514025006,0.7473841607570648,0.425,0.6823232323232323,0.3076923076923077,0.0,0.5795945354870388,0.5889948436192104,0.07828767384801592,0.10535597162587303,0.0,0.0,0.0,0.0,0.0,18473,global,0.0
1,2,lr5e-05_bs8_drop0p2_temp2p0_a0p25_b0p05__wd1e-04trmiss0_degmodglobal,8,5e-05,0.0001,0.2,2.0,0.25,0.05,lr5e-05_bs8_drop0p2_temp2p0_a0p25_b0p05__wd1e-04trmiss0_degmodglobal,18,0.6022887825965881,0.7279144525527954,0.425,0.6823232323232323,0.3076923076923077,0.0,0.5424346668379647,0.5774205071585519,0.07891539218170303,0.10278872613395963,0.0,0.0,0.0,0.0,0.0,18473,global,0.0
1,2,lr5e-05_bs8_drop0p2_temp2p0_a0p25_b0p05__wd1e-04trmiss0_degmodglobal,8,5e-05,0.0001,0.2,2.0,0.25,0.05,lr5e-05_bs8_drop0p2_temp2p0_a0p25_b0p05__wd1e-04trmiss0_degmodglobal,19,0.6043430737086705,0.7174833714962006,0.44999999999999996,0.6912518037518037,0.38461538461538464,0.0,0.5543866838727679,0.5792639085224697,0.07912240656358856,0.10597128846815654,0.0,0.0,0.0,0.0,0.0,18473,global,0.0
1,2,lr5e-05_bs8_drop0p2_temp2p0_a0p25_b0p05__wd1e-04trmiss0_degmodglobal,8,5e-05,0.0001,0.2,2.0,0.25,0.05,lr5e-05_bs8_drop0p2_temp2p0_a0p25_b0p05__wd1e-04trmiss0_degmodglobal,20,0.6158601301056998,0.7146926820278168,0.475,0.6999323593073593,0.38461538461538464,0.0,0.5685913051877703,0.59335344178336,0.06749543334756579,0.11265684770686286,0.0,0.0,0.0,0.0,0.0,18473,global,0.0
1,2,lr5e-05_bs8_drop0p2_temp2p0_a0p25_b0p05__wd1e-04trmiss0_degmodglobal,8,5e-05,0.0001,0.2,2.0,0.25,0.05,lr5e-05_bs8_drop0p2_temp2p0_a0p25_b0p05__wd1e-04trmiss0_degmodglobal,21,0.5977826884814671,0.7070258259773254,0.5,0.7082656926406926,0.38461538461538464,0.0,0.5530948979513985,0.5767132597310203,0.06473944815141815,0.09769138800246376,0.0,0.0,0.0,0.0,0.0,18473,global,0.0
1,2,lr5e-05_bs8_drop0p2_temp2p0_a0p25_b0p05__wd1e-04trmiss0_degmodglobal,8,5e-05,0.0001,0.2,2.0,0.25,0.05,lr5e-05_bs8_drop0p2_temp2p0_a0p25_b0p05__wd1e-04trmiss0_degmodglobal,22,0.5809165920530047,0.7091796696186066,0.5,0.7082656926406926,0.38461538461538464,0.0,0.5555734293801444,0.5611112628664289,0.06428308731743268,0.07469128338353974,0.0,0.0,0.0,0.0,0.0,18473,global,0.0
1,2,lr5e-05_bs8_drop0p2_temp2p0_a0p25_b0p05__wd1e-04trmiss0_degmodglobal,8,5e-05,0.0001,0.2,2.0,0.25,0.05,lr5e-05_bs8_drop0p2_temp2p0_a0p25_b0p05__wd1e-04trmiss0_degmodglobal,23,0.5996086341994149,0.7082696259021759,0.5,0.7082656926406926,0.38461538461538464,0.0,0.5275790308203016,0.5772219853741782,0.07024058859263148,0.09653011709451675,0.0,0.0,0.0,0.0,0.0,18473,global,0.0
1,2,lr5e-05_bs8_drop0p2_temp2p0_a0p25_b0p05__wd1e-04trmiss0_degmodglobal,8,5e-05,0.0001,0.2,2.0,0.25,0.05,lr5e-05_bs8_drop0p2_temp2p0_a0p25_b0p05__wd1e-04trmiss0_degmodglobal,24,0.597585950578962,0.7140451371669769,0.5,0.7082656926406926,0.38461538461538464,0.0,0.5389877600329263,0.5771965214184352,0.06458076781460217,0.08488496392965317,0.0,0.0,0.0,0.0,0.0,18473,global,0.0
1,2,lr5e-05_bs8_drop0p2_temp2p0_a0p25_b0p05__wd1e-04trmiss0_degmodglobal,8,5e-05,0.0001,0.2,2.0,0.25,0.05,lr5e-05_bs8_drop0p2_temp2p0_a0p25_b0p05__wd1e-04trmiss0_degmodglobal,25,0.621250833783831,0.6949763894081116,0.5,0.7082656926406926,0.46153846153846156,0.0,0.5588977081435067,0.5920494709696088,0.08269928555403437,0.17053081733839853,0.0,0.0,0.0,0.0,0.0,18473,global,0.0
1,2,lr5e-05_bs8_drop0p2_temp2p0_a0p25_b0p05__wd1e-04trmiss0_degmodglobal,8,5e-05,0.0001,0.2,2.0,0.25,0.05,lr5e-05_bs8_drop0p2_temp2p0_a0p25_b0p05__wd1e-04trmiss0_degmodglobal,26,0.6066045675958905,0.7042555212974548,0.5,0.7082656926406926,0.38461538461538464,0.0,0.5485457011631557,0.5823272977556501,0.07139097792761666,0.1285905454839979,0.0,0.0,0.0,0.0,0.0,18473,global,0.0
1,2,lr5e-05_bs8_drop0p2_temp2p0_a0p25_b0p05__wd1e-04trmiss0_degmodglobal,8,5e-05,0.0001,0.2,2.0,0.25,0.05,lr5e-05_bs8_drop0p2_temp2p0_a0p25_b0p05__wd1e-04trmiss0_degmodglobal,27,0.5891848376819065,0.7087815403938293,0.5,0.7082656926406926,0.46153846153846156,0.0,0.5310505628585815,0.5680948836462838,0.0676180651145322,0.08370861411094666,0.0,0.0,0.0,0.0,0.0,18473,global,0.0
1,2,lr5e-05_bs8_drop0p2_temp2p0_a0p25_b0p05__wd1e-04trmiss0_degmodglobal,8,5e-05,0.0001,0.2,2.0,0.25,0.05,lr5e-05_bs8_drop0p2_temp2p0_a0p25_b0p05__wd1e-04trmiss0_degmodglobal,28,0.5824619446481977,0.7302384078502655,0.425,0.6823232323232323,0.38461538461538464,0.0,0.5244968022618975,0.5598592673029218,0.0720364579132625,0.09187159314751625,0.0,0.0,0.0,0.0,0.0,18473,global,0.0
1,2,lr5e-05_bs8_drop0p2_temp2p0_a0p25_b0p05__wd1e-04trmiss0_degmodglobal,8,5e-05,0.0001,0.2,2.0,0.25,0.05,lr5e-05_bs8_drop0p2_temp2p0_a0p25_b0p05__wd1e-04trmiss0_degmodglobal,29,0.5686467630522591,0.7162314057350159,0.475,0.6999323593073593,0.38461538461538464,0.0,0.5400479819093432,0.5498965680599213,0.05776470606880529,0.0861799136868545,0.0,0.0,0.0,0.0,0.0,18473,global,0.0
1,2,lr5e-05_bs8_drop0p2_temp2p0_a0p25_b0p05__wd1e-04trmiss0_degmodglobal,8,5e-05,0.0001,0.2,2.0,0.25,0.05,lr5e-05_bs8_drop0p2_temp2p0_a0p25_b0p05__wd1e-04trmiss0_degmodglobal,30,0.5862627370016915,0.7087537348270416,0.5,0.7082656926406926,0.38461538461538464,0.0,0.5482889498983111,0.5663424900599888,0.0633184691624982,0.08181261750204223,0.0,0.0,0.0,0.0,0.0,18473,global,0.0
1,2,lr5e-05_bs8_drop0p2_temp2p0_a0p25_b0p05__wd1e-04trmiss0_degmodglobal,8,5e-05,0.0001,0.2,2.0,0.25,0.05,lr5e-05_bs8_drop0p2_temp2p0_a0p25_b0p05__wd1e-04trmiss0_degmodglobal,31,0.5885040930339268,0.7164902687072754,0.5,0.7124323593073594,0.46153846153846156,0.0,0.5197439534323556,0.5636766254901886,0.07340091679777418,0.12954457529953547,0.0,0.0,0.0,0.0,0.0,18473,global,0.0
1,2,lr5e-05_bs8_drop0p2_temp2p0_a0p25_b0p05__wd1e-04trmiss0_degmodglobal,8,5e-05,0.0001,0.2,2.0,0.25,0.05,lr5e-05_bs8_drop0p2_temp2p0_a0p25_b0p05__wd1e-04trmiss0_degmodglobal,32,0.6084615332739693,0.7078059017658234,0.525,0.7207656926406927,0.46153846153846156,0.0,0.5428803818566459,0.5827891400882176,0.07419317534991673,0.14248174961124146,0.0,0.0,0.0,0.0,0.0,18473,global,0.0
1,2,lr5e-05_bs8_drop0p2_temp2p0_a0p25_b0p05__wd1e-04trmiss0_degmodglobal,8,5e-05,0.0001,0.2,2.0,0.25,0.05,lr5e-05_bs8_drop0p2_temp2p0_a0p25_b0p05__wd1e-04trmiss0_degmodglobal,33,0.5692244682993207,0.7028897106647491,0.525,0.7207656926406927,0.46153846153846156,0.0,0.5091861486434937,0.5470315643719265,0.07096129389745849,0.08905162502612386,0.0,0.0,0.0,0.0,0.0,18473,global,0.0
1,2,lr5e-05_bs8_drop0p2_temp2p0_a0p25_b0p05__wd1e-04trmiss0_degmodglobal,8,5e-05,0.0001,0.2,2.0,0.25,0.05,lr5e-05_bs8_drop0p2_temp2p0_a0p25_b0p05__wd1e-04trmiss0_degmodglobal,34,0.5678585086550031,0.7121287286281586,0.525,0.7207656926406927,0.46153846153846156,0.0,0.5405697183949607,0.5470971848283496,0.06709345855883189,0.07975937319653374,0.0,0.0,0.0,0.0,0.0,18473,global,0.0
1,2,lr5e-05_bs8_drop0p2_temp2p0_a0p25_b0p05__wd1e-04trmiss0_degmodglobal,8,5e-05,0.0001,0.2,2.0,0.25,0.05,lr5e-05_bs8_drop0p2_temp2p0_a0p25_b0p05__wd1e-04trmiss0_degmodglobal,35,0.5761981649058205,0.7147718369960785,0.5,0.7124323593073594,0.38461538461538464,0.0,0.5380205128874097,0.557237833738327,0.06262754968234471,0.06606910510786942,0.0,0.0,0.0,0.0,0.0,18473,global,0.0
1,2,lr5e-05_bs8_drop0p2_temp2p0_a0p25_b0p05__wd1e-04trmiss0_degmodglobal,8,5e-05,0.0001,0.2,2.0,0.25,0.05,lr5e-05_bs8_drop0p2_temp2p0_a0p25_b0p05__wd1e-04trmiss0_degmodglobal,36,0.5601602111543927,0.7137823104858398,0.475,0.7037518037518038,0.38461538461538464,0.0,0.5409321699823652,0.5411187580653599,0.05853003103818212,0.08817881611841065,0.0,0.0,0.0,0.0,0.0,18473,global,0.0
1,2,lr5e-05_bs8_drop0p2_temp2p0_a0p25_b0p05__wd1e-04trmiss0_degmodglobal,8,5e-05,0.0001,0.2,2.0,0.25,0.05,lr5e-05_bs8_drop0p2_temp2p0_a0p25_b0p05__wd1e-04trmiss0_degmodglobal,37,0.5562239331858498,0.7063489854335785,0.475,0.6999323593073593,0.38461538461538464,0.0,0.5275612728936332,0.5263088515826634,0.09392280344452177,0.1286877098360232,0.0,0.0,0.0,0.0,0.0,18473,global,0.0
1,2,lr5e-05_bs8_drop0p2_temp2p0_a0p25_b0p05__wd1e-04trmiss0_degmodglobal,8,5e-05,0.0001,0.2,2.0,0.25,0.05,lr5e-05_bs8_drop0p2_temp2p0_a0p25_b0p05__wd1e-04trmiss0_degmodglobal,38,0.5660522409847805,0.7143542468547821,0.5,0.7124323593073594,0.38461538461538464,0.0,0.5145572423934937,0.5456517125879016,0.06441736327750343,0.08592340642852443,0.0,0.0,0.0,0.0,0.0,18473,global,0.0
1,2,lr5e-05_bs8_drop0p2_temp2p0_a0p25_b0p05__wd1e-04trmiss0_degmodglobal,8,5e-05,0.0001,0.2,2.0,0.25,0.05,lr5e-05_bs8_drop0p2_temp2p0_a0p25_b0p05__wd1e-04trmiss0_degmodglobal,39,0.5569975844451359,0.7038631737232208,0.525,0.7207656926406927,0.38461538461538464,0.0,0.5272132413727897,0.5319796587739672,0.07816989719867706,0.10950905457139015,0.0,0.0,0.0,0.0,0.0,18473,global,0.0
1,2,lr5e-05_bs8_drop0p2_temp2p0_a0p25_b0p05__wd1e-04trmiss0_degmodglobal,8,5e-05,0.0001,0.2,2.0,0.25,0.05,lr5e-05_bs8_drop0p2_temp2p0_a0p25_b0p05__wd1e-04trmiss0_degmodglobal,40,0.5575585961341858,0.7052784860134125,0.525,0.7207656926406927,0.38461538461538464,0.0,0.5442512120519366,0.5386886213506971,0.05606346045221601,0.09708242703761373,0.0,0.0,0.0,0.0,0.0,18473,global,0.0
1,2,lr5e-05_bs8_drop0p2_temp2p0_a0p25_b0p05__wd1e-04trmiss0_degmodglobal,8,5e-05,0.0001,0.2,2.0,0.25,0.05,lr5e-05_bs8_drop0p2_temp2p0_a0p25_b0p05__wd1e-04trmiss0_degmodglobal,41,0.5894068905285427,0.7010729014873505,0.525,0.7207656926406927,0.38461538461538464,0.0,0.5675839781761169,0.5693585532052177,0.0632189427103315,0.08487237777028765,0.0,0.0,0.0,0.0,0.0,18473,global,0.0
1,2,lr5e-05_bs8_drop0p2_temp2p0_a0p25_b0p05__wd1e-04trmiss0_degmodglobal,8,5e-05,0.0001,0.2,2.0,0.25,0.05,lr5e-05_bs8_drop0p2_temp2p0_a0p25_b0p05__wd1e-04trmiss0_degmodglobal,42,0.551290899515152,0.695889800786972,0.525,0.7207656926406927,0.38461538461538464,0.0,0.5046750903129578,0.5293497358049665,0.07066114406500544,0.08551781411681857,0.0,0.0,0.0,0.0,0.0,18473,global,0.0
1,2,lr5e-05_bs8_drop0p2_temp2p0_a0p25_b0p05__wd1e-04trmiss0_degmodglobal,8,5e-05,0.0001,0.2,2.0,0.25,0.05,lr5e-05_bs8_drop0p2_temp2p0_a0p25_b0p05__wd1e-04trmiss0_degmodglobal,43,0.5802299720900399,0.6944572329521179,0.525,0.7207656926406927,0.38461538461538464,0.0,0.4999301859310695,0.5526891095297677,0.08267850428819656,0.13742464355060033,0.0,0.0,0.0,0.0,0.0,18473,global,0.0
1,2,lr5e-05_bs8_drop0p2_temp2p0_a0p25_b0p05__wd1e-04trmiss0_degmodglobal,8,5e-05,0.0001,0.2,2.0,0.25,0.05,lr5e-05_bs8_drop0p2_temp2p0_a0p25_b0p05__wd1e-04trmiss0_degmodglobal,44,0.5813447620187487,0.6868183612823486,0.525,0.7207656926406927,0.38461538461538464,0.0,0.5291382840701512,0.5572477536542075,0.07556171076638359,0.10413174011877604,0.0,0.0,0.0,0.0,0.0,18473,global,0.0
1,2,lr5e-05_bs8_drop0p2_temp2p0_a0p25_b0p05__wd1e-04trmiss0_degmodglobal,8,5e-05,0.0001,0.2,2.0,0.25,0.05,lr5e-05_bs8_drop0p2_temp2p0_a0p25_b0p05__wd1e-04trmiss0_degmodglobal,45,0.554089503628867,0.6870295703411102,0.5499999999999999,0.7326704545454545,0.38461538461538464,0.0,0.49249157309532166,0.5325451237814767,0.06780567233051572,0.09185949234025818,0.0,0.0,0.0,0.0,0.0,18473,global,0.0
1,2,lr5e-05_bs8_drop0p2_temp2p0_a0p25_b0p05__wd1e-04trmiss0_degmodglobal,8,5e-05,0.0001,0.2,2.0,0.25,0.05,lr5e-05_bs8_drop0p2_temp2p0_a0p25_b0p05__wd1e-04trmiss0_degmodglobal,46,0.5428915108953204,0.6870610117912292,0.575,0.7438311688311687,0.46153846153846156,0.0,0.4879411331244877,0.5186047639165606,0.07299218326807022,0.1207740775176457,0.0,0.0,0.0,0.0,0.0,18473,global,0.0
1,2,lr5e-05_bs8_drop0p2_temp2p0_a0p25_b0p05__wd1e-04trmiss0_degmodglobal,8,5e-05,0.0001,0.2,2.0,0.25,0.05,lr5e-05_bs8_drop0p2_temp2p0_a0p25_b0p05__wd1e-04trmiss0_degmodglobal,47,0.5387000015803746,0.6877762079238892,0.575,0.7438311688311687,0.5384615384615384,0.0,0.4938125567776816,0.5157456866332463,0.07106940927250045,0.10373917541333608,0.0,0.0,0.0,0.0,0.0,18473,global,0.0
1,2,lr5e-05_bs8_drop0p2_temp2p0_a0p25_b0p05__wd1e-04trmiss0_degmodglobal,8,5e-05,0.0001,0.2,2.0,0.25,0.05,lr5e-05_bs8_drop0p2_temp2p0_a0p25_b0p05__wd1e-04trmiss0_degmodglobal,48,0.5715898530823844,0.70041224360466,0.525,0.7207656926406927,0.46153846153846156,0.0,0.5349611980574471,0.5465264575822013,0.07914280678544726,0.10555385053157806,0.0,0.0,0.0,0.0,0.0,18473,global,0.0
1,2,lr5e-05_bs8_drop0p2_temp2p0_a0p25_b0p05__wd1e-04trmiss0_degmodglobal,8,5e-05,0.0001,0.2,2.0,0.25,0.05,lr5e-05_bs8_drop0p2_temp2p0_a0p25_b0p05__wd1e-04trmiss0_degmodglobal,49,0.5464047789573669,0.7055363059043884,0.525,0.7207656926406927,0.46153846153846156,0.0,0.49974637797900606,0.5237708985805511,0.06906987726688385,0.10732802535806384,0.0,0.0,0.0,0.0,0.0,18473,global,0.0
1,2,lr5e-05_bs8_drop0p2_temp2p0_a0p25_b0p05__wd1e-04trmiss0_degmodglobal,8,5e-05,0.0001,0.2,2.0,0.25,0.05,lr5e-05_bs8_drop0p2_temp2p0_a0p25_b0p05__wd1e-04trmiss0_degmodglobal,50,0.5472738657678876,0.6998026967048645,0.525,0.7207656926406927,0.46153846153846156,0.0,0.5017862021923065,0.5224821099213192,0.07810023054480553,0.10533422550984792,0.0,0.0,0.0,0.0,0.0,18473,global,0.0
1,2,lr5e-05_bs8_drop0p2_temp2p0_a0p25_b0p05__wd1e-04trmiss0_degmodglobal,8,5e-05,0.0001,0.2,2.0,0.25,0.05,lr5e-05_bs8_drop0p2_temp2p0_a0p25_b0p05__wd1e-04trmiss0_degmodglobal,51,0.5512624255248478,0.704507052898407,0.525,0.7207656926406927,0.46153846153846156,0.0,0.47636880193437847,0.5272594477449145,0.0737823024392128,0.11114791142089027,0.0,0.0,0.0,0.0,0.0,18473,global,0.0
1,2,lr5e-05_bs8_drop0p2_temp2p0_a0p25_b0p05__wd1e-04trmiss0_degmodglobal,8,5e-05,0.0001,0.2,2.0,0.25,0.05,lr5e-05_bs8_drop0p2_temp2p0_a0p25_b0p05__wd1e-04trmiss0_degmodglobal,52,0.542157667023795,0.7049777209758759,0.525,0.7207656926406927,0.46153846153846156,0.0,0.479856870004109,0.5186964869499207,0.07217297809464591,0.10835868439504079,0.0,0.0,0.0,0.0,0.0,18473,global,0.0
1,2,lr5e-05_bs8_drop0p2_temp2p0_a0p25_b0p05__wd1e-04trmiss0_degmodglobal,8,5e-05,0.0001,0.2,2.0,0.25,0.05,lr5e-05_bs8_drop0p2_temp2p0_a0p25_b0p05__wd1e-04trmiss0_degmodglobal,53,0.5402336035455976,0.7054932713508606,0.5,0.7124323593073594,0.46153846153846156,0.0,0.48558613657951355,0.5164300884519305,0.07713120164615768,0.09041436069778033,0.0,0.0,0.0,0.0,0.0,18473,global,0.0
1,2,lr5e-05_bs8_drop0p2_temp2p0_a0p25_b0p05__wd1e-04trmiss0_degmodglobal,8,5e-05,0.0001,0.2,2.0,0.25,0.05,lr5e-05_bs8_drop0p2_temp2p0_a0p25_b0p05__wd1e-04trmiss0_degmodglobal,54,0.5691465437412262,0.7019283771514893,0.525,0.7207656926406927,0.38461538461538464,0.0,0.520467323916299,0.5485062599182129,0.06379818224481174,0.0938151300485645,0.0,0.0,0.0,0.0,0.0,18473,global,0.0
1,2,lr5e-05_bs8_drop0p2_temp2p0_a0p25_b0p05__wd1e-04trmiss0_degmodglobal,8,5e-05,0.0001,0.2,2.0,0.25,0.05,lr5e-05_bs8_drop0p2_temp2p0_a0p25_b0p05__wd1e-04trmiss0_degmodglobal,55,0.5603151789733342,0.6996542513370514,0.525,0.7207656926406927,0.38461538461538464,0.0,0.4723593933241708,0.5367874843733651,0.07398543027894837,0.10062672730003085,0.0,0.0,0.0,0.0,0.0,18473,global,0.0
1,2,lr5e-05_bs8_drop0p2_temp2p0_a0p25_b0p05__wd1e-04trmiss0_degmodglobal,8,5e-05,0.0001,0.2,2.0,0.25,0.05,lr5e-05_bs8_drop0p2_temp2p0_a0p25_b0p05__wd1e-04trmiss0_degmodglobal,56,0.5728327546800885,0.6989025771617889,0.525,0.7207656926406927,0.46153846153846156,0.0,0.5155902547495705,0.5488242421831403,0.07332585485918182,0.11354091710277966,0.0,0.0,0.0,0.0,0.0,18473,global,0.0
1,2,lr5e-05_bs8_drop0p2_temp2p0_a0p25_b0p05__wd1e-04trmiss0_degmodglobal,8,5e-05,0.0001,0.2,2.0,0.25,0.05,lr5e-05_bs8_drop0p2_temp2p0_a0p25_b0p05__wd1e-04trmiss0_degmodglobal,57,0.5636864985738482,0.6957745850086212,0.525,0.7207656926406927,0.46153846153846156,0.0,0.47783910376685007,0.5375067549092429,0.0789789328617709,0.1287002025970391,0.0,0.0,0.0,0.0,0.0,18473,global,0.0
1,2,lr5e-05_bs8_drop0p2_temp2p0_a0p25_b0p05__wd1e-04trmiss0_degmodglobal,8,5e-05,0.0001,0.2,2.0,0.25,0.05,lr5e-05_bs8_drop0p2_temp2p0_a0p25_b0p05__wd1e-04trmiss0_degmodglobal,58,0.5814596584865025,0.6926335990428925,0.5499999999999999,0.7326704545454545,0.38461538461538464,0.0,0.493149642433439,0.5531258540494102,0.08100153505802155,0.16166813937681063,0.0,0.0,0.0,0.0,0.0,18473,global,0.0
1,2,lr5e-05_bs8_drop0p2_temp2p0_a0p25_b0p05__wd1e-04trmiss0_degmodglobal,8,5e-05,0.0001,0.2,2.0,0.25,0.05,lr5e-05_bs8_drop0p2_temp2p0_a0p25_b0p05__wd1e-04trmiss0_degmodglobal,59,0.5479248293808529,0.6895901560783386,0.5499999999999999,0.7326704545454545,0.38461538461538464,0.0,0.4611482492515019,0.522578273500715,0.07477815289582525,0.13304046328578675,0.0,0.0,0.0,0.0,0.0,18473,global,0.0
1,2,lr5e-05_bs8_drop0p2_temp2p0_a0p25_b0p05__wd1e-04trmiss0_degmodglobal,8,5e-05,0.0001,0.2,2.0,0.25,0.05,lr5e-05_bs8_drop0p2_temp2p0_a0p25_b0p05__wd1e-04trmiss0_degmodglobal,60,0.5394831044333321,0.6886968314647675,0.5499999999999999,0.7326704545454545,0.46153846153846156,0.0,0.475462943315506,0.5155517373766217,0.06870334542223386,0.13511048363787787,0.0,0.0,0.0,0.0,0.0,18473,global,0.0
1,2,lr5e-05_bs8_drop0p2_temp2p0_a0p25_b0p05__wd1e-04trmiss0_degmodglobal,8,5e-05,0.0001,0.2,2.0,0.25,0.05,lr5e-05_bs8_drop0p2_temp2p0_a0p25_b0p05__wd1e-04trmiss0_degmodglobal,61,0.5501785491194043,0.6913141906261444,0.5499999999999999,0.7326704545454545,0.38461538461538464,0.0,0.46410187653132845,0.5241975869451251,0.07702263205179147,0.1345061186168875,0.0,0.0,0.0,0.0,0.0,18473,global,0.0
1,2,lr5e-05_bs8_drop0p2_temp2p0_a0p25_b0p05__wd1e-04trmiss0_degmodglobal,8,5e-05,0.0001,0.2,2.0,0.25,0.05,lr5e-05_bs8_drop0p2_temp2p0_a0p25_b0p05__wd1e-04trmiss0_degmodglobal,62,0.5628113235746112,0.6883630454540253,0.5499999999999999,0.7326704545454545,0.46153846153846156,0.0,0.4832027384213039,0.5311102015631539,0.0923882925084659,0.1720810149397169,0.0,0.0,0.0,0.0,0.0,18473,global,0.0
1,2,lr5e-05_bs8_drop0p2_temp2p0_a0p25_b0p05__wd1e-04trmiss0_degmodglobal,8,5e-05,0.0001,0.2,2.0,0.25,0.05,lr5e-05_bs8_drop0p2_temp2p0_a0p25_b0p05__wd1e-04trmiss0_degmodglobal,63,0.5723741608006614,0.6899210214614868,0.5499999999999999,0.7326704545454545,0.38461538461538464,0.0,0.494841605424881,0.5443958597523826,0.08436596446803638,0.13773613635982787,0.0,0.0,0.0,0.0,0.0,18473,global,0.0
1,2,lr5e-05_bs8_drop0p2_temp2p0_a0p25_b0p05__wd1e-04trmiss0_degmodglobal,8,5e-05,0.0001,0.2,2.0,0.25,0.05,lr5e-05_bs8_drop0p2_temp2p0_a0p25_b0p05__wd1e-04trmiss0_degmodglobal,64,0.5521824274744306,0.6875525414943695,0.5499999999999999,0.7326704545454545,0.46153846153846156,0.0,0.47238753948892864,0.524762464421136,0.08353891968727112,0.13070471052612578,0.0,0.0,0.0,0.0,0.0,18473,global,0.0
1,2,lr5e-05_bs8_drop0p2_temp2p0_a0p25_b0p05__wd1e-04trmiss0_degmodglobal,8,5e-05,0.0001,0.2,2.0,0.25,0.05,lr5e-05_bs8_drop0p2_temp2p0_a0p25_b0p05__wd1e-04trmiss0_degmodglobal,65,0.550603734595435,0.6869586408138275,0.575,0.7438311688311687,0.38461538461538464,0.0,0.48212448613984243,0.5247860763754163,0.07954538826431547,0.11862630636564322,0.0,0.0,0.0,0.0,0.0,18473,global,0.0
1,2,lr5e-05_bs8_drop0p2_temp2p0_a0p25_b0p05__wd1e-04trmiss0_degmodglobal,8,5e-05,0.0001,0.2,2.0,0.25,0.05,lr5e-05_bs8_drop0p2_temp2p0_a0p25_b0p05__wd1e-04trmiss0_degmodglobal,66,0.5670262021677834,0.6824225187301636,0.6,0.7542478354978355,0.46153846153846156,0.0,0.4707559517451695,0.536612114736012,0.08967723590987069,0.1598954935159002,0.0,0.0,0.0,0.0,0.0,18473,global,0.0
1,2,lr5e-05_bs8_drop0p2_temp2p0_a0p25_b0p05__wd1e-04trmiss0_degmodglobal,8,5e-05,0.0001,0.2,2.0,0.25,0.05,lr5e-05_bs8_drop0p2_temp2p0_a0p25_b0p05__wd1e-04trmiss0_degmodglobal,67,0.5571123659610748,0.6844976544380188,0.6,0.7542478354978355,0.46153846153846156,0.0,0.48443338700703215,0.5304840888295855,0.08052197524479457,0.12995545566082,0.0,0.0,0.0,0.0,0.0,18473,global,0.0
1,2,lr5e-05_bs8_drop0p2_temp2p0_a0p25_b0p05__wd1e-04trmiss0_degmodglobal,8,5e-05,0.0001,0.2,2.0,0.25,0.05,lr5e-05_bs8_drop0p2_temp2p0_a0p25_b0p05__wd1e-04trmiss0_degmodglobal,68,0.5540446979658944,0.6857720017433167,0.6,0.7542478354978355,0.38461538461538464,0.0,0.4581598809787205,0.522492025579725,0.09000382998159953,0.18103440318788802,0.0,0.0,0.0,0.0,0.0,18473,global,0.0
1,2,lr5e-05_bs8_drop0p2_temp2p0_a0p25_b0p05__wd1e-04trmiss0_degmodglobal,8,5e-05,0.0001,0.2,2.0,0.25,0.05,lr5e-05_bs8_drop0p2_temp2p0_a0p25_b0p05__wd1e-04trmiss0_degmodglobal,69,0.5490865451948983,0.6873456239700317,0.6,0.7542478354978355,0.38461538461538464,0.0,0.456702253648213,0.5247487340654645,0.07435823604464531,0.11496487632393837,0.0,0.0,0.0,0.0,0.0,18473,global,0.0
1,2,lr5e-05_bs8_drop0p2_temp2p0_a0p25_b0p05__wd1e-04trmiss0_degmodglobal,8,5e-05,0.0001,0.2,2.0,0.25,0.05,lr5e-05_bs8_drop0p2_temp2p0_a0p25_b0p05__wd1e-04trmiss0_degmodglobal,70,0.5321616530418396,0.685287743806839,0.6,0.7542478354978355,0.46153846153846156,0.0,0.44958003078188213,0.5078344855989728,0.07400217545883996,0.116532244852611,0.0,0.0,0.0,0.0,0.0,18473,global,0.0
1,2,lr5e-05_bs8_drop0p2_temp2p0_a0p25_b0p05__wd1e-04trmiss0_degmodglobal,8,5e-05,0.0001,0.2,2.0,0.25,0.05,lr5e-05_bs8_drop0p2_temp2p0_a0p25_b0p05__wd1e-04trmiss0_degmodglobal,71,0.5533747460160937,0.6884382963180542,0.6,0.7542478354978355,0.38461538461538464,0.0,0.4624372976166861,0.5228682117802756,0.09046583675912448,0.15780133966888701,0.0,0.0,0.0,0.0,0.0,18473,global,0.0
1,2,lr5e-05_bs8_drop0p2_temp2p0_a0p25_b0p05__wd1e-04trmiss0_degmodglobal,8,5e-05,0.0001,0.2,2.0,0.25,0.05,lr5e-05_bs8_drop0p2_temp2p0_a0p25_b0p05__wd1e-04trmiss0_degmodglobal,72,0.5478054966245379,0.6854352653026581,0.6,0.7542478354978355,0.46153846153846156,0.0,0.47436523863247465,0.5162278711795807,0.09412115599427905,0.1609469364796366,0.0,0.0,0.0,0.0,0.0,18473,global,0.0
1,2,lr5e-05_bs8_drop0p2_temp2p0_a0p25_b0p05__wd1e-04trmiss0_degmodglobal,8,5e-05,0.0001,0.2,2.0,0.25,0.05,lr5e-05_bs8_drop0p2_temp2p0_a0p25_b0p05__wd1e-04trmiss0_degmodglobal,73,0.5488439883504596,0.6876273155212402,0.575,0.7438311688311687,0.38461538461538464,0.0,0.4446925733770643,0.517799266747066,0.08905006040419851,0.17564421147108078,0.0,0.0,0.0,0.0,0.0,18473,global,0.0
1,2,lr5e-05_bs8_drop0p2_temp2p0_a0p25_b0p05__wd1e-04trmiss0_degmodglobal,8,5e-05,0.0001,0.2,2.0,0.25,0.05,lr5e-05_bs8_drop0p2_temp2p0_a0p25_b0p05__wd1e-04trmiss0_degmodglobal,74,0.5568358259541648,0.6906768679618835,0.575,0.7438311688311687,0.38461538461538464,0.0,0.4680918412549155,0.5296747088432312,0.08130049811942237,0.1367200549159731,0.0,0.0,0.0,0.0,0.0,18473,global,0.0
1,2,lr5e-05_bs8_drop0p2_temp2p0_a0p25_b0p05__wd1e-04trmiss0_degmodglobal,8,5e-05,0.0001,0.2,2.0,0.25,0.05,lr5e-05_bs8_drop0p2_temp2p0_a0p25_b0p05__wd1e-04trmiss0_degmodglobal,75,0.537445672920772,0.6888816952705383,0.575,0.7438311688311687,0.38461538461538464,0.0,0.4648077147347586,0.5112969832760947,0.0831711393381868,0.10711832238095147,0.0,0.0,0.0,0.0,0.0,18473,global,0.0
1,2,lr5e-05_bs8_drop0p2_temp2p0_a0p25_b0p05__wd1e-04trmiss0_degmodglobal,8,5e-05,0.0001,0.2,2.0,0.25,0.05,lr5e-05_bs8_drop0p2_temp2p0_a0p25_b0p05__wd1e-04trmiss0_degmodglobal,76,0.5444409166063581,0.6918781399726868,0.5499999999999999,0.7326704545454545,0.38461538461538464,0.0,0.47271219747407095,0.5229641624859401,0.06563773219074522,0.1013462660568101,0.0,0.0,0.0,0.0,0.0,18473,global,0.0
1,2,lr5e-05_bs8_drop0p2_temp2p0_a0p25_b0p05__wd1e-04trmiss0_degmodglobal,8,5e-05,0.0001,0.2,2.0,0.25,0.05,lr5e-05_bs8_drop0p2_temp2p0_a0p25_b0p05__wd1e-04trmiss0_degmodglobal,77,0.5649035913603646,0.6914758682250977,0.5499999999999999,0.7326704545454545,0.46153846153846156,0.0,0.4504706391266414,0.534099280834198,0.08601536548563413,0.18600931763648987,0.0,0.0,0.0,0.0,0.0,18473,global,0.0
1,2,lr5e-05_bs8_drop0p2_temp2p0_a0p25_b0p05__wd1e-04trmiss0_degmodglobal,8,5e-05,0.0001,0.2,2.0,0.25,0.05,lr5e-05_bs8_drop0p2_temp2p0_a0p25_b0p05__wd1e-04trmiss0_degmodglobal,78,0.5603593162127903,0.6941014528274536,0.575,0.7438311688311687,0.38461538461538464,0.0,0.46202607665743145,0.5341661615031106,0.08060772716999054,0.12082439022404808,0.0,0.0,0.0,0.0,0.0,18473,global,0.0
1,2,lr5e-05_bs8_drop0p2_temp2p0_a0p25_b0p05__wd1e-04trmiss0_degmodglobal,8,5e-05,0.0001,0.2,2.0,0.25,0.05,lr5e-05_bs8_drop0p2_temp2p0_a0p25_b0p05__wd1e-04trmiss0_degmodglobal,79,0.5566327699593135,0.6941046714782715,0.5499999999999999,0.7326704545454545,0.38461538461538464,0.0,0.44617389355387005,0.5261884118829455,0.08859607896634511,0.16590664642197744,0.0,0.0,0.0,0.0,0.0,18473,global,0.0
1,2,lr5e-05_bs8_drop0p2_temp2p0_a0p25_b0p05__wd1e-04trmiss0_degmodglobal,8,5e-05,0.0001,0.2,2.0,0.25,0.05,lr5e-05_bs8_drop0p2_temp2p0_a0p25_b0p05__wd1e-04trmiss0_degmodglobal,80,0.5592243841716221,0.6927457451820374,0.5499999999999999,0.7326704545454545,0.46153846153846156,0.0,0.4368310741015843,0.5248129708426339,0.1005457511969975,0.18549938180616923,0.0,0.0,0.0,0.0,0.0,18473,global,0.0
1,2,lr5e-05_bs8_drop0p4_temp1p0_a0p25_b0p05__wd1e-04trmiss0_degmodglobal,8,5e-05,0.0001,0.4,1.0,0.25,0.05,lr5e-05_bs8_drop0p4_temp1p0_a0p25_b0p05__wd1e-04trmiss0_degmodglobal,1,0.7401133860860553,0.7067819535732269,0.475,0.7077266483516484,0.38461538461538464,0.0,0.7393030524253845,0.710343599319458,0.08086490577885083,0.19107145802783115,0.0,0.0,0.0,0.0,0.0,18473,global,0.0
1,2,lr5e-05_bs8_drop0p4_temp1p0_a0p25_b0p05__wd1e-04trmiss0_degmodglobal,8,5e-05,0.0001,0.4,1.0,0.25,0.05,lr5e-05_bs8_drop0p4_temp1p0_a0p25_b0p05__wd1e-04trmiss0_degmodglobal,2,0.6969980852944511,0.7223429977893829,0.35,0.6157127594627595,0.3076923076923077,0.0,0.6852471658161708,0.6718650460243225,0.0761409689273153,0.12195598227637154,0.0,0.0,0.0,0.0,0.0,18473,global,0.0
1,2,lr5e-05_bs8_drop0p4_temp1p0_a0p25_b0p05__wd1e-04trmiss0_degmodglobal,8,5e-05,0.0001,0.4,1.0,0.25,0.05,lr5e-05_bs8_drop0p4_temp1p0_a0p25_b0p05__wd1e-04trmiss0_degmodglobal,3,0.7521841185433524,0.7264507710933685,0.375,0.6185221028971029,0.3076923076923077,0.0,0.7026553153991699,0.7246636748313904,0.08078517179403986,0.14648316374846868,0.0,0.0,0.0,0.0,0.0,18473,global,0.0
1,2,lr5e-05_bs8_drop0p4_temp1p0_a0p25_b0p05__wd1e-04trmiss0_degmodglobal,8,5e-05,0.0001,0.4,1.0,0.25,0.05,lr5e-05_bs8_drop0p4_temp1p0_a0p25_b0p05__wd1e-04trmiss0_degmodglobal,4,0.7124882595879691,0.7298463582992554,0.375,0.6185221028971029,0.3076923076923077,0.0,0.7144254616328648,0.6858268805912563,0.07450219137328011,0.16071671300700732,0.0,0.0,0.0,0.0,0.0,18473,global,0.0
1,2,lr5e-05_bs8_drop0p4_temp1p0_a0p25_b0p05__wd1e-04trmiss0_degmodglobal,8,5e-05,0.0001,0.4,1.0,0.25,0.05,lr5e-05_bs8_drop0p4_temp1p0_a0p25_b0p05__wd1e-04trmiss0_degmodglobal,5,0.7117132714816502,0.7265506982803345,0.375,0.6185221028971029,0.3076923076923077,0.0,0.6687258652278355,0.6887520636831012,0.06659709183233124,0.12623901079807962,0.0,0.0,0.0,0.0,0.0,18473,global,0.0
1,2,lr5e-05_bs8_drop0p4_temp1p0_a0p25_b0p05__wd1e-04trmiss0_degmodglobal,8,5e-05,0.0001,0.4,1.0,0.25,0.05,lr5e-05_bs8_drop0p4_temp1p0_a0p25_b0p05__wd1e-04trmiss0_degmodglobal,6,0.7204938530921936,0.7328068315982819,0.375,0.6185221028971029,0.23076923076923078,0.0,0.6879705105509076,0.6938461491039821,0.08008533130799021,0.1325275589312826,0.0,0.0,0.0,0.0,0.0,18473,global,0.0
1,2,lr5e-05_bs8_drop0p4_temp1p0_a0p25_b0p05__wd1e-04trmiss0_degmodglobal,8,5e-05,0.0001,0.4,1.0,0.25,0.05,lr5e-05_bs8_drop0p4_temp1p0_a0p25_b0p05__wd1e-04trmiss0_degmodglobal,7,0.6950360366276332,0.7416195273399353,0.35,0.6098415473415473,0.3076923076923077,0.0,0.6480421125888824,0.6657548461641584,0.07520937813179833,0.20957701121057784,0.0,0.0,0.0,0.0,0.0,18473,global,0.0
1,2,lr5e-05_bs8_drop0p4_temp1p0_a0p25_b0p05__wd1e-04trmiss0_degmodglobal,8,5e-05,0.0001,0.4,1.0,0.25,0.05,lr5e-05_bs8_drop0p4_temp1p0_a0p25_b0p05__wd1e-04trmiss0_degmodglobal,8,0.6909220388957432,0.7336366474628448,0.35,0.6098415473415473,0.38461538461538464,0.0,0.6720795205661229,0.6619836602892194,0.07819446176290512,0.18779512494802475,0.0,0.0,0.0,0.0,0.0,18473,global,0.0
1,2,lr5e-05_bs8_drop0p4_temp1p0_a0p25_b0p05__wd1e-04trmiss0_degmodglobal,8,5e-05,0.0001,0.4,1.0,0.25,0.05,lr5e-05_bs8_drop0p4_temp1p0_a0p25_b0p05__wd1e-04trmiss0_degmodglobal,9,0.6666361093521118,0.7294237315654755,0.375,0.6185221028971029,0.38461538461538464,0.0,0.6780792048999241,0.6357405441147941,0.08070744574069977,0.2143738567829132,0.0,0.0,0.0,0.0,0.0,18473,global,0.0
1,2,lr5e-05_bs8_drop0p4_temp1p0_a0p25_b0p05__wd1e-04trmiss0_degmodglobal,8,5e-05,0.0001,0.4,1.0,0.25,0.05,lr5e-05_bs8_drop0p4_temp1p0_a0p25_b0p05__wd1e-04trmiss0_degmodglobal,10,0.6618863769939968,0.7268360257148743,0.42500000000000004,0.643522102897103,0.38461538461538464,0.0,0.6366544025284904,0.6279884065900531,0.09503162120069776,0.20280141170535768,0.0,0.0,0.0,0.0,0.0,18473,global,0.0
1,2,lr5e-05_bs8_drop0p4_temp1p0_a0p25_b0p05__wd1e-04trmiss0_degmodglobal,8,5e-05,0.0001,0.4,1.0,0.25,0.05,lr5e-05_bs8_drop0p4_temp1p0_a0p25_b0p05__wd1e-04trmiss0_degmodglobal,11,0.6473962579454694,0.7233975529670715,0.375,0.6185221028971029,0.38461538461538464,0.0,0.6469086068017142,0.6205684202057975,0.08226770694766726,0.12521838077477046,0.0,0.0,0.0,0.0,0.0,18473,global,0.0
1,2,lr5e-05_bs8_drop0p4_temp1p0_a0p25_b0p05__wd1e-04trmiss0_degmodglobal,8,5e-05,0.0001,0.4,1.0,0.25,0.05,lr5e-05_bs8_drop0p4_temp1p0_a0p25_b0p05__wd1e-04trmiss0_degmodglobal,12,0.6708360825266156,0.7250267565250397,0.375,0.6185221028971029,0.38461538461538464,0.0,0.5979781150817871,0.636978668825967,0.1024727847959314,0.16478441229888371,0.0,0.0,0.0,0.0,0.0,18473,global,0.0
1,2,lr5e-05_bs8_drop0p4_temp1p0_a0p25_b0p05__wd1e-04trmiss0_degmodglobal,8,5e-05,0.0001,0.4,1.0,0.25,0.05,lr5e-05_bs8_drop0p4_temp1p0_a0p25_b0p05__wd1e-04trmiss0_degmodglobal,13,0.6766131520271301,0.7297361791133881,0.375,0.6185221028971029,0.38461538461538464,0.0,0.6135968906538827,0.6453287771769932,0.08937023526855878,0.17883642550025666,0.0,0.0,0.0,0.0,0.0,18473,global,0.0
1,2,lr5e-05_bs8_drop0p4_temp1p0_a0p25_b0p05__wd1e-04trmiss0_degmodglobal,8,5e-05,0.0001,0.4,1.0,0.25,0.05,lr5e-05_bs8_drop0p4_temp1p0_a0p25_b0p05__wd1e-04trmiss0_degmodglobal,14,0.6662719164575849,0.7237095236778259,0.4,0.6268554362304363,0.38461538461538464,0.0,0.599091214793069,0.6219149913106646,0.125387255102396,0.2602022093321596,0.0,0.0,0.0,0.0,0.0,18473,global,0.0
1,2,lr5e-05_bs8_drop0p4_temp1p0_a0p25_b0p05__wd1e-04trmiss0_degmodglobal,8,5e-05,0.0001,0.4,1.0,0.25,0.05,lr5e-05_bs8_drop0p4_temp1p0_a0p25_b0p05__wd1e-04trmiss0_degmodglobal,15,0.6878678202629089,0.7152975499629974,0.45,0.6473099816849817,0.38461538461538464,0.0,0.615647554397583,0.6582688433783395,0.07657324096986226,0.20911319819944246,0.0,0.0,0.0,0.0,0.0,18473,global,0.0
1,2,lr5e-05_bs8_drop0p4_temp1p0_a0p25_b0p05__wd1e-04trmiss0_degmodglobal,8,5e-05,0.0001,0.4,1.0,0.25,0.05,lr5e-05_bs8_drop0p4_temp1p0_a0p25_b0p05__wd1e-04trmiss0_degmodglobal,16,0.6587762406894139,0.7158342897891998,0.45,0.6473099816849817,0.46153846153846156,0.0,0.6084047385624477,0.6355446662221637,0.06491363793611526,0.14006311978612626,0.0,0.0,0.0,0.0,0.0,18473,global,0.0
1,2,lr5e-05_bs8_drop0p4_temp1p0_a0p25_b0p05__wd1e-04trmiss0_degmodglobal,8,5e-05,0.0001,0.4,1.0,0.25,0.05,lr5e-05_bs8_drop0p4_temp1p0_a0p25_b0p05__wd1e-04trmiss0_degmodglobal,17,0.6456499355179923,0.7145268321037292,0.47500000000000003,0.668143315018315,0.46153846153846156,0.0,0.605190532548087,0.6154942257063729,0.08717079567057746,0.16726007844720567,0.0,0.0,0.0,0.0,0.0,18473,global,0.0
1,2,lr5e-05_bs8_drop0p4_temp1p0_a0p25_b0p05__wd1e-04trmiss0_degmodglobal,8,5e-05,0.0001,0.4,1.0,0.25,0.05,lr5e-05_bs8_drop0p4_temp1p0_a0p25_b0p05__wd1e-04trmiss0_degmodglobal,18,0.6616114888872419,0.7124456465244293,0.47500000000000003,0.668143315018315,0.46153846153846156,0.0,0.5891489216259548,0.6224217414855957,0.10305184658084597,0.2685358247586659,0.0,0.0,0.0,0.0,0.0,18473,global,0.0
1,2,lr5e-05_bs8_drop0p4_temp1p0_a0p25_b0p05__wd1e-04trmiss0_degmodglobal,8,5e-05,0.0001,0.4,1.0,0.25,0.05,lr5e-05_bs8_drop0p4_temp1p0_a0p25_b0p05__wd1e-04trmiss0_degmodglobal,19,0.6527139970234462,0.7143769562244415,0.47500000000000003,0.668143315018315,0.46153846153846156,0.0,0.590663458619799,0.6156029445784432,0.10882640151040894,0.1980890610388347,0.0,0.0,0.0,0.0,0.0,18473,global,0.0
1,2,lr5e-05_bs8_drop0p4_temp1p0_a0p25_b0p05__wd1e-04trmiss0_degmodglobal,8,5e-05,0.0001,0.4,1.0,0.25,0.05,lr5e-05_bs8_drop0p4_temp1p0_a0p25_b0p05__wd1e-04trmiss0_degmodglobal,20,0.6597935557365417,0.7099973559379578,0.47500000000000003,0.668143315018315,0.46153846153846156,0.0,0.5900435362543378,0.6207640809672219,0.10057145570005689,0.2777322254010609,0.0,0.0,0.0,0.0,0.0,18473,global,0.0
1,2,lr5e-05_bs8_drop0p4_temp1p0_a0p25_b0p05__wd1e-04trmiss0_degmodglobal,8,5e-05,0.0001,0.4,1.0,0.25,0.05,lr5e-05_bs8_drop0p4_temp1p0_a0p25_b0p05__wd1e-04trmiss0_degmodglobal,21,0.628404608794621,0.7108993828296661,0.47500000000000003,0.668143315018315,0.46153846153846156,0.0,0.6114432726587568,0.5918844597680228,0.09755755960941315,0.24261491000652313,0.0,0.0,0.0,0.0,0.0,18473,global,0.0
1,2,lr5e-05_bs8_drop0p4_temp1p0_a0p25_b0p05__wd1e-04trmiss0_degmodglobal,8,5e-05,0.0001,0.4,1.0,0.25,0.05,lr5e-05_bs8_drop0p4_temp1p0_a0p25_b0p05__wd1e-04trmiss0_degmodglobal,22,0.6488633837018695,0.7104689478874207,0.5,0.680643315018315,0.38461538461538464,0.0,0.5766253897121975,0.6201481478554862,0.08003643793719155,0.1741225150014673,0.0,0.0,0.0,0.0,0.0,18473,global,0.0
1,2,lr5e-05_bs8_drop0p4_temp1p0_a0p25_b0p05__wd1e-04trmiss0_degmodglobal,8,5e-05,0.0001,0.4,1.0,0.25,0.05,lr5e-05_bs8_drop0p4_temp1p0_a0p25_b0p05__wd1e-04trmiss0_degmodglobal,23,0.6444003411701748,0.7134058177471161,0.5,0.680643315018315,0.38461538461538464,0.0,0.5741197679724012,0.6107086624417987,0.09284637070127896,0.20960165240934917,0.0,0.0,0.0,0.0,0.0,18473,global,0.0
1,2,lr5e-05_bs8_drop0p4_temp1p0_a0p25_b0p05__wd1e-04trmiss0_degmodglobal,8,5e-05,0.0001,0.4,1.0,0.25,0.05,lr5e-05_bs8_drop0p4_temp1p0_a0p25_b0p05__wd1e-04trmiss0_degmodglobal,24,0.6555725336074829,0.7152047455310822,0.45,0.6660599816849817,0.46153846153846156,0.0,0.6054967726979937,0.6238220419202533,0.09066210580723626,0.18169907001512392,0.0,0.0,0.0,0.0,0.0,18473,global,0.0
1,2,lr5e-05_bs8_drop0p4_temp1p0_a0p25_b0p05__wd1e-04trmiss0_degmodglobal,8,5e-05,0.0001,0.4,1.0,0.25,0.05,lr5e-05_bs8_drop0p4_temp1p0_a0p25_b0p05__wd1e-04trmiss0_degmodglobal,25,0.648285984992981,0.7131532430648804,0.475,0.6726887695637696,0.46153846153846156,0.0,0.5668487548828125,0.6025387219020298,0.1266475681747709,0.281707227230072,0.0,0.0,0.0,0.0,0.0,18473,global,0.0
1,2,lr5e-05_bs8_drop0p4_temp1p0_a0p25_b0p05__wd1e-04trmiss0_degmodglobal,8,5e-05,0.0001,0.4,1.0,0.25,0.05,lr5e-05_bs8_drop0p4_temp1p0_a0p25_b0p05__wd1e-04trmiss0_degmodglobal,26,0.6313351052148002,0.714916467666626,0.475,0.6726887695637696,0.46153846153846156,0.0,0.5906951086861747,0.5871434594903674,0.12299276728715215,0.26886906581265585,0.0,0.0,0.0,0.0,0.0,18473,global,0.0
1,2,lr5e-05_bs8_drop0p4_temp1p0_a0p25_b0p05__wd1e-04trmiss0_degmodglobal,8,5e-05,0.0001,0.4,1.0,0.25,0.05,lr5e-05_bs8_drop0p4_temp1p0_a0p25_b0p05__wd1e-04trmiss0_degmodglobal,27,0.6625851137297494,0.7189265191555023,0.475,0.6726887695637696,0.38461538461538464,0.0,0.5647764801979065,0.6305568984576634,0.08912784606218338,0.19492518369640624,0.0,0.0,0.0,0.0,0.0,18473,global,0.0
1,2,lr5e-05_bs8_drop0p4_temp1p0_a0p25_b0p05__wd1e-04trmiss0_degmodglobal,8,5e-05,0.0001,0.4,1.0,0.25,0.05,lr5e-05_bs8_drop0p4_temp1p0_a0p25_b0p05__wd1e-04trmiss0_degmodglobal,28,0.6466511402811322,0.7175596356391907,0.475,0.6726887695637696,0.38461538461538464,0.0,0.6118485927581787,0.6162597111293248,0.08908480937991824,0.16240463139755384,0.0,0.0,0.0,0.0,0.0,18473,global,0.0
1,2,lr5e-05_bs8_drop0p4_temp1p0_a0p25_b0p05__wd1e-04trmiss0_degmodglobal,8,5e-05,0.0001,0.4,1.0,0.25,0.05,lr5e-05_bs8_drop0p4_temp1p0_a0p25_b0p05__wd1e-04trmiss0_degmodglobal,29,0.6446440305028643,0.7139007747173309,0.5,0.6845935314685314,0.5384615384615384,0.0,0.5702965770448957,0.6042792626789638,0.1181677191385201,0.216456766639437,0.0,0.0,0.0,0.0,0.0,18473,global,0.0
1,2,lr5e-05_bs8_drop0p4_temp1p0_a0p25_b0p05__wd1e-04trmiss0_degmodglobal,8,5e-05,0.0001,0.4,1.0,0.25,0.05,lr5e-05_bs8_drop0p4_temp1p0_a0p25_b0p05__wd1e-04trmiss0_degmodglobal,30,0.6323596835136414,0.7152161300182343,0.525,0.6925480769230768,0.5384615384615384,0.0,0.5780271121433803,0.5993425250053406,0.09648814052343369,0.17790248298219272,0.0,0.0,0.0,0.0,0.0,18473,global,0.0
1,2,lr5e-05_bs8_drop0p4_temp1p0_a0p25_b0p05__wd1e-04trmiss0_degmodglobal,8,5e-05,0.0001,0.4,1.0,0.25,0.05,lr5e-05_bs8_drop0p4_temp1p0_a0p25_b0p05__wd1e-04trmiss0_degmodglobal,31,0.6462349721363613,0.7154769003391266,0.5,0.680643315018315,0.46153846153846156,0.0,0.5449067779949733,0.6049265776361737,0.11278104675667626,0.26226273604801725,0.0,0.0,0.0,0.0,0.0,18473,global,0.0
1,2,lr5e-05_bs8_drop0p4_temp1p0_a0p25_b0p05__wd1e-04trmiss0_degmodglobal,8,5e-05,0.0001,0.4,1.0,0.25,0.05,lr5e-05_bs8_drop0p4_temp1p0_a0p25_b0p05__wd1e-04trmiss0_degmodglobal,32,0.6585410067013332,0.7139410972595215,0.525,0.6925480769230768,0.5384615384615384,0.0,0.5691817658288139,0.6183282051767621,0.10918546148708888,0.2583289657320295,0.0,0.0,0.0,0.0,0.0,18473,global,0.0
1,2,lr5e-05_bs8_drop0p4_temp1p0_a0p25_b0p05__wd1e-04trmiss0_degmodglobal,8,5e-05,0.0001,0.4,1.0,0.25,0.05,lr5e-05_bs8_drop0p4_temp1p0_a0p25_b0p05__wd1e-04trmiss0_degmodglobal,33,0.669968707220895,0.7189090549945831,0.5,0.680643315018315,0.46153846153846156,0.0,0.5945366152695247,0.6344633443014962,0.10527286784989494,0.18374308411564147,0.0,0.0,0.0,0.0,0.0,18473,global,0.0
1,2,lr5e-05_bs8_drop0p4_temp1p0_a0p25_b0p05__wd1e-04trmiss0_degmodglobal,8,5e-05,0.0001,0.4,1.0,0.25,0.05,lr5e-05_bs8_drop0p4_temp1p0_a0p25_b0p05__wd1e-04trmiss0_degmodglobal,34,0.6650410635130746,0.7194367051124573,0.5,0.680643315018315,0.38461538461538464,0.0,0.5812959841319493,0.6148326567241124,0.14967783008302962,0.2557789066008159,0.0,0.0,0.0,0.0,0.0,18473,global,0.0
1,2,lr5e-05_bs8_drop0p4_temp1p0_a0p25_b0p05__wd1e-04trmiss0_degmodglobal,8,5e-05,0.0001,0.4,1.0,0.25,0.05,lr5e-05_bs8_drop0p4_temp1p0_a0p25_b0p05__wd1e-04trmiss0_degmodglobal,35,0.6139176573072161,0.7174354195594788,0.5,0.680643315018315,0.46153846153846156,0.0,0.538448406117303,0.5764502499784742,0.11233813422066825,0.1876575244324548,0.0,0.0,0.0,0.0,0.0,18473,global,0.0
1,2,lr5e-05_bs8_drop0p4_temp1p0_a0p25_b0p05__wd1e-04trmiss0_degmodglobal,8,5e-05,0.0001,0.4,1.0,0.25,0.05,lr5e-05_bs8_drop0p4_temp1p0_a0p25_b0p05__wd1e-04trmiss0_degmodglobal,36,0.6742988739694867,0.7159589231014252,0.5,0.680643315018315,0.38461538461538464,0.0,0.5360965217862811,0.6178851553371975,0.165916950574943,0.29868958464690615,0.0,0.0,0.0,0.0,0.0,18473,global,0.0
1,2,lr5e-05_bs8_drop0p4_temp1p0_a0p25_b0p05__wd1e-04trmiss0_degmodglobal,8,5e-05,0.0001,0.4,1.0,0.25,0.05,lr5e-05_bs8_drop0p4_temp1p0_a0p25_b0p05__wd1e-04trmiss0_degmodglobal,37,0.6480007256780352,0.7148208320140839,0.5,0.680643315018315,0.46153846153846156,0.0,0.5335895844868251,0.6050260407584054,0.12363498338631221,0.241319049681936,0.0,0.0,0.0,0.0,0.0,18473,global,0.0
1,2,lr5e-05_bs8_drop0p4_temp1p0_a0p25_b0p05__wd1e-04trmiss0_degmodglobal,8,5e-05,0.0001,0.4,1.0,0.25,0.05,lr5e-05_bs8_drop0p4_temp1p0_a0p25_b0p05__wd1e-04trmiss0_degmodglobal,38,0.6716993280819484,0.7147539556026459,0.5,0.680643315018315,0.38461538461538464,0.0,0.5356305965355465,0.6188743199620929,0.15332982582705362,0.28985095396637917,0.0,0.0,0.0,0.0,0.0,18473,global,0.0
1,2,lr5e-05_bs8_drop0p4_temp1p0_a0p25_b0p05__wd1e-04trmiss0_degmodglobal,8,5e-05,0.0001,0.4,1.0,0.25,0.05,lr5e-05_bs8_drop0p4_temp1p0_a0p25_b0p05__wd1e-04trmiss0_degmodglobal,39,0.6527678455625262,0.7163756191730499,0.5,0.680643315018315,0.46153846153846156,0.0,0.495583244732448,0.6023758224078587,0.14310362190008163,0.2923222482204437,0.0,0.0,0.0,0.0,0.0,18473,global,0.0
1,2,lr5e-05_bs8_drop0p4_temp1p0_a0p25_b0p05__wd1e-04trmiss0_degmodglobal,8,5e-05,0.0001,0.4,1.0,0.25,0.05,lr5e-05_bs8_drop0p4_temp1p0_a0p25_b0p05__wd1e-04trmiss0_degmodglobal,40,0.6781226055962699,0.7143809795379639,0.47500000000000003,0.668143315018315,0.46153846153846156,0.0,0.5488407782145909,0.6359601191111973,0.11856559717229434,0.25042171350547243,0.0,0.0,0.0,0.0,0.0,18473,global,0.0
1,2,lr5e-05_bs8_drop0p4_temp1p0_a0p25_b0p05__wd1e-04trmiss0_degmodglobal,8,5e-05,0.0001,0.4,1.0,0.25,0.05,lr5e-05_bs8_drop0p4_temp1p0_a0p25_b0p05__wd1e-04trmiss0_degmodglobal,41,0.6420905930655343,0.7181320786476135,0.475,0.6726887695637696,0.46153846153846156,0.0,0.5128948518208095,0.5997145857129779,0.12026993823902947,0.24617043350424087,0.0,0.0,0.0,0.0,0.0,18473,global,0.0
1,2,lr5e-05_bs8_drop0p4_temp1p0_a0p25_b0p05__wd1e-04trmiss0_degmodglobal,8,5e-05,0.0001,0.4,1.0,0.25,0.05,lr5e-05_bs8_drop0p4_temp1p0_a0p25_b0p05__wd1e-04trmiss0_degmodglobal,42,0.6147907887186322,0.7175993025302887,0.475,0.6726887695637696,0.38461538461538464,0.0,0.5176724323204586,0.5578824494566236,0.16889263689517975,0.29370356670447756,0.0,0.0,0.0,0.0,0.0,18473,global,0.0
1,2,lr5e-05_bs8_drop0p4_temp1p0_a0p25_b0p05__wd1e-04trmiss0_degmodglobal,8,5e-05,0.0001,0.4,1.0,0.25,0.05,lr5e-05_bs8_drop0p4_temp1p0_a0p25_b0p05__wd1e-04trmiss0_degmodglobal,43,0.6837259190423148,0.7142874002456665,0.525,0.6925480769230768,0.46153846153846156,0.0,0.5252391185079303,0.6387133087430682,0.12179658455508095,0.2912692257336208,0.0,0.0,0.0,0.0,0.0,18473,global,0.0
1,2,lr5e-05_bs8_drop0p4_temp1p0_a0p25_b0p05__wd1e-04trmiss0_degmodglobal,8,5e-05,0.0001,0.4,1.0,0.25,0.05,lr5e-05_bs8_drop0p4_temp1p0_a0p25_b0p05__wd1e-04trmiss0_degmodglobal,44,0.6670054367610386,0.7130690515041351,0.525,0.6925480769230768,0.46153846153846156,0.0,0.5071080837930951,0.6178094233785357,0.1358256180371557,0.3047919502215726,0.0,0.0,0.0,0.0,0.0,18473,global,0.0
1,2,lr5e-05_bs8_drop0p4_temp1p0_a0p25_b0p05__wd1e-04trmiss0_degmodglobal,8,5e-05,0.0001,0.4,1.0,0.25,0.05,lr5e-05_bs8_drop0p4_temp1p0_a0p25_b0p05__wd1e-04trmiss0_degmodglobal,45,0.6908254793712071,0.7114529311656952,0.525,0.6925480769230768,0.46153846153846156,0.0,0.5083709572042737,0.6195524164608547,0.19030559488705226,0.4739336094685963,0.0,0.0,0.0,0.0,0.0,18473,global,0.0
1,2,lr5e-05_bs8_drop0p4_temp1p0_a0p25_b0p05__wd1e-04trmiss0_degmodglobal,8,5e-05,0.0001,0.4,1.0,0.25,0.05,lr5e-05_bs8_drop0p4_temp1p0_a0p25_b0p05__wd1e-04trmiss0_degmodglobal,46,0.6590089201927185,0.7122900187969208,0.525,0.6925480769230768,0.46153846153846156,0.0,0.507092786686761,0.5974429505211967,0.1783477844936507,0.33958059549331665,0.0,0.0,0.0,0.0,0.0,18473,global,0.0
1,2,lr5e-05_bs8_drop0p4_temp1p0_a0p25_b0p05__wd1e-04trmiss0_degmodglobal,8,5e-05,0.0001,0.4,1.0,0.25,0.05,lr5e-05_bs8_drop0p4_temp1p0_a0p25_b0p05__wd1e-04trmiss0_degmodglobal,47,0.6287481529372079,0.7115709781646729,0.525,0.6925480769230768,0.5384615384615384,0.0,0.5278326060090747,0.588998828615461,0.11702334774391991,0.20987010640757425,0.0,0.0,0.0,0.0,0.0,18473,global,0.0
1,2,lr5e-05_bs8_drop0p4_temp1p0_a0p25_b0p05__wd1e-04trmiss0_degmodglobal,8,5e-05,0.0001,0.4,1.0,0.25,0.05,lr5e-05_bs8_drop0p4_temp1p0_a0p25_b0p05__wd1e-04trmiss0_degmodglobal,48,0.6469047495297023,0.7121988534927368,0.525,0.6925480769230768,0.46153846153846156,0.0,0.5540620642048972,0.581306517124176,0.18582175459180558,0.3828559922320502,0.0,0.0,0.0,0.0,0.0,18473,global,0.0
1,2,lr5e-05_bs8_drop0p4_temp1p0_a0p25_b0p05__wd1e-04trmiss0_degmodglobal,8,5e-05,0.0001,0.4,1.0,0.25,0.05,lr5e-05_bs8_drop0p4_temp1p0_a0p25_b0p05__wd1e-04trmiss0_degmodglobal,49,0.6755865045956203,0.7131629884243011,0.525,0.6925480769230768,0.5384615384615384,0.0,0.5497694994722094,0.6294042553220477,0.1256647572985717,0.29532133255686077,0.0,0.0,0.0,0.0,0.0,18473,global,0.0
1,2,lr5e-05_bs8_drop0p4_temp1p0_a0p25_b0p05__wd1e-04trmiss0_degmodglobal,8,5e-05,0.0001,0.4,1.0,0.25,0.05,lr5e-05_bs8_drop0p4_temp1p0_a0p25_b0p05__wd1e-04trmiss0_degmodglobal,50,0.6706963777542114,0.7126070857048035,0.525,0.6925480769230768,0.5384615384615384,0.0,0.5051388101918357,0.6103333064488002,0.1751822062901088,0.33135027810931206,0.0,0.0,0.0,0.0,0.0,18473,global,0.0
1,2,lr5e-05_bs8_drop0p4_temp1p0_a0p25_b0p05__wd1e-04trmiss0_degmodglobal,8,5e-05,0.0001,0.4,1.0,0.25,0.05,lr5e-05_bs8_drop0p4_temp1p0_a0p25_b0p05__wd1e-04trmiss0_degmodglobal,51,0.690440697329385,0.7122795581817627,0.525,0.6925480769230768,0.46153846153846156,0.0,0.4732759807791029,0.597340098449162,0.2619252790297781,0.5523854206715312,0.0,0.0,0.0,0.0,0.0,18473,global,0.0
1,2,lr5e-05_bs8_drop0p4_temp1p0_a0p25_b0p05__wd1e-04trmiss0_degmodglobal,8,5e-05,0.0001,0.4,1.0,0.25,0.05,lr5e-05_bs8_drop0p4_temp1p0_a0p25_b0p05__wd1e-04trmiss0_degmodglobal,52,0.7252974169594901,0.7154942452907562,0.5,0.680643315018315,0.38461538461538464,0.0,0.4951906885419573,0.6162057944706508,0.29937959568841116,0.684934486235891,0.0,0.0,0.0,0.0,0.0,18473,global,0.0
1,2,lr5e-05_bs8_drop0p4_temp1p0_a0p25_b0p05__wd1e-04trmiss0_degmodglobal,8,5e-05,0.0001,0.4,1.0,0.25,0.05,lr5e-05_bs8_drop0p4_temp1p0_a0p25_b0p05__wd1e-04trmiss0_degmodglobal,53,0.6482969692775181,0.7119497656822205,0.525,0.6925480769230768,0.46153846153846156,0.0,0.5382416844367981,0.6055973512785775,0.1285364574619702,0.21130983425038202,0.0,0.0,0.0,0.0,0.0,18473,global,0.0
1,2,lr5e-05_bs8_drop0p4_temp1p0_a0p25_b0p05__wd1e-04trmiss0_degmodglobal,8,5e-05,0.0001,0.4,1.0,0.25,0.05,lr5e-05_bs8_drop0p4_temp1p0_a0p25_b0p05__wd1e-04trmiss0_degmodglobal,54,0.6766120110239301,0.7139889895915985,0.525,0.6925480769230768,0.5384615384615384,0.0,0.5000896411282676,0.6102593200547355,0.18208480945655278,0.41662995517253876,0.0,0.0,0.0,0.0,0.0,18473,global,0.0
1,2,lr5e-05_bs8_drop0p4_temp1p0_a0p25_b0p05__wd1e-04trmiss0_degmodglobal,8,5e-05,0.0001,0.4,1.0,0.25,0.05,lr5e-05_bs8_drop0p4_temp1p0_a0p25_b0p05__wd1e-04trmiss0_degmodglobal,55,0.6745358790670123,0.7147515416145325,0.525,0.6925480769230768,0.5384615384615384,0.0,0.4805046958582742,0.6103688819067818,0.16247319749423436,0.47097412390368326,0.0,0.0,0.0,0.0,0.0,18473,global,0.0
1,2,lr5e-05_bs8_drop0p4_temp1p0_a0p25_b0p05__wd1e-04trmiss0_degmodglobal,8,5e-05,0.0001,0.4,1.0,0.25,0.05,lr5e-05_bs8_drop0p4_temp1p0_a0p25_b0p05__wd1e-04trmiss0_degmodglobal,56,0.6578128167561123,0.7109259366989136,0.525,0.6925480769230768,0.46153846153846156,0.0,0.5446277260780334,0.6019161428724017,0.1570447619472231,0.332709581724235,0.0,0.0,0.0,0.0,0.0,18473,global,0.0
1,2,lr5e-05_bs8_drop0p4_temp1p0_a0p25_b0p05__wd1e-04trmiss0_degmodglobal,8,5e-05,0.0001,0.4,1.0,0.25,0.05,lr5e-05_bs8_drop0p4_temp1p0_a0p25_b0p05__wd1e-04trmiss0_degmodglobal,57,0.6664249897003174,0.7120426893234253,0.525,0.6925480769230768,0.5384615384615384,0.0,0.5320921412536076,0.6116765737533569,0.15302814756120955,0.32982801645994186,0.0,0.0,0.0,0.0,0.0,18473,global,0.0
1,2,lr5e-05_bs8_drop0p4_temp1p0_a0p25_b0p05__wd1e-04trmiss0_degmodglobal,8,5e-05,0.0001,0.4,1.0,0.25,0.05,lr5e-05_bs8_drop0p4_temp1p0_a0p25_b0p05__wd1e-04trmiss0_degmodglobal,58,0.639253556728363,0.7091801166534424,0.525,0.6925480769230768,0.46153846153846156,0.0,0.5475123311792102,0.5784943572112492,0.17891343789441244,0.32061680406332016,0.0,0.0,0.0,0.0,0.0,18473,global,0.0
1,2,lr5e-05_bs8_drop0p4_temp1p0_a0p25_b0p05__wd1e-04trmiss0_degmodglobal,8,5e-05,0.0001,0.4,1.0,0.25,0.05,lr5e-05_bs8_drop0p4_temp1p0_a0p25_b0p05__wd1e-04trmiss0_degmodglobal,59,0.6781297751835415,0.7089589536190033,0.525,0.6925480769230768,0.46153846153846156,0.0,0.4941699377128056,0.6033584730965751,0.20358377269336156,0.47750714847019743,0.0,0.0,0.0,0.0,0.0,18473,global,0.0
1,2,lr5e-05_bs8_drop0p4_temp1p0_a0p25_b0p05__wd1e-04trmiss0_degmodglobal,8,5e-05,0.0001,0.4,1.0,0.25,0.05,lr5e-05_bs8_drop0p4_temp1p0_a0p25_b0p05__wd1e-04trmiss0_degmodglobal,60,0.6440477796963283,0.7090461254119873,0.525,0.6925480769230768,0.5384615384615384,0.0,0.46408688596316744,0.5855706419263568,0.16269477669681823,0.35606880698885235,0.0,0.0,0.0,0.0,0.0,18473,global,0.0
1,2,lr5e-05_bs8_drop0p4_temp1p0_a0p25_b0p05__wd1e-04trmiss0_degmodglobal,8,5e-05,0.0001,0.4,1.0,0.25,0.05,lr5e-05_bs8_drop0p4_temp1p0_a0p25_b0p05__wd1e-04trmiss0_degmodglobal,61,0.6805765203067234,0.7088951766490936,0.5,0.680643315018315,0.38461538461538464,0.0,0.5103787226336343,0.6210968153817313,0.16822851236377442,0.3484517027224813,0.0,0.0,0.0,0.0,0.0,18473,global,0.0
1,2,lr5e-05_bs8_drop0p4_temp1p0_a0p25_b0p05__wd1e-04trmiss0_degmodglobal,8,5e-05,0.0001,0.4,1.0,0.25,0.05,lr5e-05_bs8_drop0p4_temp1p0_a0p25_b0p05__wd1e-04trmiss0_degmodglobal,62,0.6681502461433411,0.7071303427219391,0.525,0.6925480769230768,0.5384615384615384,0.0,0.5327898136207035,0.6199921539851597,0.12915539635079248,0.3173848901476179,0.0,0.0,0.0,0.0,0.0,18473,global,0.0
1,2,lr5e-05_bs8_drop0p4_temp1p0_a0p25_b0p05__wd1e-04trmiss0_degmodglobal,8,5e-05,0.0001,0.4,1.0,0.25,0.05,lr5e-05_bs8_drop0p4_temp1p0_a0p25_b0p05__wd1e-04trmiss0_degmodglobal,63,0.6728744847433907,0.70942822098732,0.525,0.6925480769230768,0.5384615384615384,0.0,0.4872264436313084,0.6098663210868835,0.1739602865917342,0.39036180078983307,0.0,0.0,0.0,0.0,0.0,18473,global,0.0
1,2,lr5e-05_bs8_drop0p4_temp1p0_a0p25_b0p05__wd1e-04trmiss0_degmodglobal,8,5e-05,0.0001,0.4,1.0,0.25,0.05,lr5e-05_bs8_drop0p4_temp1p0_a0p25_b0p05__wd1e-04trmiss0_degmodglobal,64,0.6993885891778129,0.7117060720920563,0.525,0.6925480769230768,0.46153846153846156,0.0,0.46122442398752483,0.6065698180879865,0.24847947273935592,0.6139780112675258,0.0,0.0,0.0,0.0,0.0,18473,global,0.0
1,2,lr5e-05_bs8_drop0p4_temp1p0_a0p25_b0p05__wd1e-04trmiss0_degmodglobal,8,5e-05,0.0001,0.4,1.0,0.25,0.05,lr5e-05_bs8_drop0p4_temp1p0_a0p25_b0p05__wd1e-04trmiss0_degmodglobal,65,0.6952649780682155,0.7097824215888977,0.525,0.6925480769230768,0.46153846153846156,0.0,0.5256880862372262,0.6284853049686977,0.18077748801027024,0.43170607515743803,0.0,0.0,0.0,0.0,0.0,18473,global,0.0
1,2,lr5e-05_bs8_drop0p4_temp1p0_a0p25_b0p05__wd1e-04trmiss0_degmodglobal,8,5e-05,0.0001,0.4,1.0,0.25,0.05,lr5e-05_bs8_drop0p4_temp1p0_a0p25_b0p05__wd1e-04trmiss0_degmodglobal,66,0.6878572361809867,0.7089077830314636,0.5,0.680643315018315,0.46153846153846156,0.0,0.5004829594067165,0.6218880755560738,0.19309869248952186,0.35388982934611185,0.0,0.0,0.0,0.0,0.0,18473,global,0.0
1,2,lr5e-05_bs8_drop0p4_temp1p0_a0p25_b0p05__wd1e-04trmiss0_degmodglobal,8,5e-05,0.0001,0.4,1.0,0.25,0.05,lr5e-05_bs8_drop0p4_temp1p0_a0p25_b0p05__wd1e-04trmiss0_degmodglobal,67,0.6620516691889081,0.7108735740184784,0.525,0.6925480769230768,0.46153846153846156,0.0,0.47477242776325773,0.5973325542041233,0.17811303905078343,0.4038170895406178,0.0,0.0,0.0,0.0,0.0,18473,global,0.0
1,2,lr5e-05_bs8_drop0p4_temp1p0_a0p25_b0p05__wd1e-04trmiss0_degmodglobal,8,5e-05,0.0001,0.4,1.0,0.25,0.05,lr5e-05_bs8_drop0p4_temp1p0_a0p25_b0p05__wd1e-04trmiss0_degmodglobal,68,0.6754310982567924,0.7102223038673401,0.525,0.6925480769230768,0.46153846153846156,0.0,0.4872605374881199,0.6104400157928467,0.17764691902058466,0.4115871406559433,0.0,0.0,0.0,0.0,0.0,18473,global,0.0
1,2,lr5e-05_bs8_drop0p4_temp1p0_a0p25_b0p05__wd1e-04trmiss0_degmodglobal,8,5e-05,0.0001,0.4,1.0,0.25,0.05,lr5e-05_bs8_drop0p4_temp1p0_a0p25_b0p05__wd1e-04trmiss0_degmodglobal,69,0.6976692080497742,0.7108640968799591,0.525,0.6925480769230768,0.5384615384615384,0.0,0.4694343762738364,0.6173117416245597,0.21184796520641871,0.5479093747479575,0.0,0.0,0.0,0.0,0.0,18473,global,0.0
1,2,lr5e-05_bs8_drop0p4_temp1p0_a0p25_b0p05__wd1e-04trmiss0_degmodglobal,8,5e-05,0.0001,0.4,1.0,0.25,0.05,lr5e-05_bs8_drop0p4_temp1p0_a0p25_b0p05__wd1e-04trmiss0_degmodglobal,70,0.6481352703911918,0.7098132967948914,0.5,0.680643315018315,0.46153846153846156,0.0,0.48692789673805237,0.589172533580235,0.16213608107396535,0.3685742552791323,0.0,0.0,0.0,0.0,0.0,18473,global,0.0
1,2,lr5e-05_bs8_drop0p4_temp1p0_a0p25_b0p05__wd1e-04trmiss0_degmodglobal,8,5e-05,0.0001,0.4,1.0,0.25,0.05,lr5e-05_bs8_drop0p4_temp1p0_a0p25_b0p05__wd1e-04trmiss0_degmodglobal,71,0.6657919457980565,0.7093316614627838,0.5,0.680643315018315,0.38461538461538464,0.0,0.44367730617523193,0.5869925149849483,0.21089686027594975,0.5215044149330684,0.0,0.0,0.0,0.0,0.0,18473,global,0.0
1,2,lr5e-05_bs8_drop0p4_temp1p0_a0p25_b0p05__wd1e-04trmiss0_degmodglobal,8,5e-05,0.0001,0.4,1.0,0.25,0.05,lr5e-05_bs8_drop0p4_temp1p0_a0p25_b0p05__wd1e-04trmiss0_degmodglobal,72,0.6651429533958435,0.7063145637512207,0.525,0.6925480769230768,0.46153846153846156,0.0,0.47918497238840374,0.6046805552073887,0.16587825758116587,0.3798567312104361,0.0,0.0,0.0,0.0,0.0,18473,global,0.0
1,2,lr5e-05_bs8_drop0p4_temp1p0_a0p25_b0p05__wd1e-04trmiss0_degmodglobal,8,5e-05,0.0001,0.4,1.0,0.25,0.05,lr5e-05_bs8_drop0p4_temp1p0_a0p25_b0p05__wd1e-04trmiss0_degmodglobal,73,0.6922447255679539,0.707726776599884,0.525,0.6925480769230768,0.5384615384615384,0.0,0.48779680473463877,0.6179909110069275,0.19854296105248587,0.492361735020365,0.0,0.0,0.0,0.0,0.0,18473,global,0.0
1,2,lr5e-05_bs8_drop0p4_temp1p0_a0p25_b0p05__wd1e-04trmiss0_degmodglobal,8,5e-05,0.0001,0.4,1.0,0.25,0.05,lr5e-05_bs8_drop0p4_temp1p0_a0p25_b0p05__wd1e-04trmiss0_degmodglobal,74,0.7265744635037014,0.7085932195186615,0.5,0.680643315018315,0.46153846153846156,0.0,0.4934389420918056,0.6551136289324079,0.18235071109873907,0.5174630965505328,0.0,0.0,0.0,0.0,0.0,18473,global,0.0
1,2,lr5e-05_bs8_drop0p4_temp1p0_a0p25_b0p05__wd1e-04trmiss0_degmodglobal,8,5e-05,0.0001,0.4,1.0,0.25,0.05,lr5e-05_bs8_drop0p4_temp1p0_a0p25_b0p05__wd1e-04trmiss0_degmodglobal,75,0.6780726739338466,0.7073725461959839,0.5,0.680643315018315,0.38461538461538464,0.0,0.49236672265189035,0.6130484427724566,0.19421267190149852,0.32942117963518414,0.0,0.0,0.0,0.0,0.0,18473,global,0.0
1,2,lr5e-05_bs8_drop0p4_temp1p0_a0p25_b0p05__wd1e-04trmiss0_degmodglobal,8,5e-05,0.0001,0.4,1.0,0.25,0.05,lr5e-05_bs8_drop0p4_temp1p0_a0p25_b0p05__wd1e-04trmiss0_degmodglobal,76,0.6523215174674988,0.7076803147792816,0.525,0.6925480769230768,0.5384615384615384,0.0,0.5039901222501483,0.5962590490068708,0.1629104337521962,0.30669692371572765,0.0,0.0,0.0,0.0,0.0,18473,global,0.0
1,2,lr5e-05_bs8_drop0p4_temp1p0_a0p25_b0p05__wd1e-04trmiss0_degmodglobal,8,5e-05,0.0001,0.4,1.0,0.25,0.05,lr5e-05_bs8_drop0p4_temp1p0_a0p25_b0p05__wd1e-04trmiss0_degmodglobal,77,0.6627601981163025,0.7087855041027069,0.525,0.6925480769230768,0.5384615384615384,0.0,0.46221551299095154,0.5950220312391009,0.17905697652271815,0.4594784549304417,0.0,0.0,0.0,0.0,0.0,18473,global,0.0
1,2,lr5e-05_bs8_drop0p4_temp1p0_a0p25_b0p05__wd1e-04trmiss0_degmodglobal,8,5e-05,0.0001,0.4,1.0,0.25,0.05,lr5e-05_bs8_drop0p4_temp1p0_a0p25_b0p05__wd1e-04trmiss0_degmodglobal,78,0.6417919567653111,0.710473358631134,0.525,0.6925480769230768,0.46153846153846156,0.0,0.5287048135484967,0.5890304105622428,0.14794828636305674,0.3154891324894769,0.0,0.0,0.0,0.0,0.0,18473,global,0.0
1,2,lr5e-05_bs8_drop0p4_temp1p0_a0p25_b0p05__wd1e-04trmiss0_degmodglobal,8,5e-05,0.0001,0.4,1.0,0.25,0.05,lr5e-05_bs8_drop0p4_temp1p0_a0p25_b0p05__wd1e-04trmiss0_degmodglobal,79,0.6958667891366142,0.7079655826091766,0.525,0.6925480769230768,0.5384615384615384,0.0,0.4808048095021929,0.6180600779397147,0.21338712743350438,0.48919875600508284,0.0,0.0,0.0,0.0,0.0,18473,global,0.0
1,2,lr5e-05_bs8_drop0p4_temp1p0_a0p25_b0p05__wd1e-04trmiss0_degmodglobal,8,5e-05,0.0001,0.4,1.0,0.25,0.05,lr5e-05_bs8_drop0p4_temp1p0_a0p25_b0p05__wd1e-04trmiss0_degmodglobal,80,0.6792764663696289,0.7094769179821014,0.525,0.6925480769230768,0.46153846153846156,0.0,0.49674110753195627,0.608366174357278,0.20173142743962152,0.4095489020858492,0.0,0.0,0.0,0.0,0.0,18473,global,0.0
1,2,lr5e-05_bs8_drop0p4_temp2p0_a0p25_b0p05__wd1e-04trmiss0_degmodglobal,8,5e-05,0.0001,0.4,2.0,0.25,0.05,lr5e-05_bs8_drop0p4_temp2p0_a0p25_b0p05__wd1e-04trmiss0_degmodglobal,1,0.7204673119953701,0.6991925835609436,0.6,0.7826704545454545,0.6153846153846154,0.0,0.7006991505622864,0.7042921526091439,0.04151473380625248,0.11592914589813777,0.0,0.0,0.0,0.0,0.0,18473,global,0.0
1,2,lr5e-05_bs8_drop0p4_temp2p0_a0p25_b0p05__wd1e-04trmiss0_degmodglobal,8,5e-05,0.0001,0.4,2.0,0.25,0.05,lr5e-05_bs8_drop0p4_temp2p0_a0p25_b0p05__wd1e-04trmiss0_degmodglobal,2,0.7092383418764386,0.6827366352081299,0.7,0.8519230769230769,0.6923076923076923,0.0,0.679940002305167,0.6869532976831708,0.05501071097595351,0.17064713633486203,0.0,0.0,0.0,0.0,0.0,18473,global,0.0
1,2,lr5e-05_bs8_drop0p4_temp2p0_a0p25_b0p05__wd1e-04trmiss0_degmodglobal,8,5e-05,0.0001,0.4,2.0,0.25,0.05,lr5e-05_bs8_drop0p4_temp2p0_a0p25_b0p05__wd1e-04trmiss0_degmodglobal,3,0.7558251278741019,0.6706890165805817,0.7000000000000001,0.8611492673992674,0.6153846153846154,0.0,0.6431078825678144,0.724978506565094,0.07376826128789357,0.24809133261442184,0.0,0.0,0.0,0.0,0.0,18473,global,0.0
1,2,lr5e-05_bs8_drop0p4_temp2p0_a0p25_b0p05__wd1e-04trmiss0_degmodglobal,8,5e-05,0.0001,0.4,2.0,0.25,0.05,lr5e-05_bs8_drop0p4_temp2p0_a0p25_b0p05__wd1e-04trmiss0_degmodglobal,4,0.7092468738555908,0.6693017184734344,0.725,0.8677780552780553,0.6923076923076923,0.0,0.6588490435055324,0.6790911981037685,0.07364705950021744,0.2348783165216446,0.0,0.0,0.0,0.0,0.0,18473,global,0.0
1,2,lr5e-05_bs8_drop0p4_temp2p0_a0p25_b0p05__wd1e-04trmiss0_degmodglobal,8,5e-05,0.0001,0.4,2.0,0.25,0.05,lr5e-05_bs8_drop0p4_temp2p0_a0p25_b0p05__wd1e-04trmiss0_degmodglobal,5,0.7256117974008832,0.6666763424873352,0.875,0.9519230769230769,0.7692307692307693,0.0,0.6479282634598869,0.7018040078026908,0.05473848219428744,0.20246360344546183,0.0,0.0,0.0,0.0,0.0,18473,global,0.0
1,2,lr5e-05_bs8_drop0p4_temp2p0_a0p25_b0p05__wd1e-04trmiss0_degmodglobal,8,5e-05,0.0001,0.4,2.0,0.25,0.05,lr5e-05_bs8_drop0p4_temp2p0_a0p25_b0p05__wd1e-04trmiss0_degmodglobal,6,0.650910062449319,0.667389839887619,0.8250000000000001,0.9184409340659341,0.7692307692307693,0.0,0.6218689935547965,0.6321761437824794,0.04995714793247836,0.12489277975899833,0.0,0.0,0.0,0.0,0.0,18473,global,0.0
1,2,lr5e-05_bs8_drop0p4_temp2p0_a0p25_b0p05__wd1e-04trmiss0_degmodglobal,8,5e-05,0.0001,0.4,2.0,0.25,0.05,lr5e-05_bs8_drop0p4_temp2p0_a0p25_b0p05__wd1e-04trmiss0_degmodglobal,7,0.6686987195696149,0.6612423062324524,0.8500000000000001,0.9248511904761905,0.6923076923076923,0.0,0.6195008754730225,0.6458212052072797,0.0591193006506988,0.16195398994854518,0.0,0.0,0.0,0.0,0.0,18473,global,0.0
1,2,lr5e-05_bs8_drop0p4_temp2p0_a0p25_b0p05__wd1e-04trmiss0_degmodglobal,8,5e-05,0.0001,0.4,2.0,0.25,0.05,lr5e-05_bs8_drop0p4_temp2p0_a0p25_b0p05__wd1e-04trmiss0_degmodglobal,8,0.6408658027648926,0.6890150904655457,0.6499999999999999,0.7941287878787878,0.46153846153846156,0.0,0.6121978504317147,0.6229368533406939,0.04920332107160773,0.11256220830338341,0.0,0.0,0.0,0.0,0.0,18473,global,0.0
1,2,lr5e-05_bs8_drop0p4_temp2p0_a0p25_b0p05__wd1e-04trmiss0_degmodglobal,8,5e-05,0.0001,0.4,2.0,0.25,0.05,lr5e-05_bs8_drop0p4_temp2p0_a0p25_b0p05__wd1e-04trmiss0_degmodglobal,9,0.6341124858175006,0.6926779448986053,0.625,0.7857954545454545,0.46153846153846156,0.0,0.6001777138028827,0.6145033240318298,0.05247096398047039,0.12982839505587304,0.0,0.0,0.0,0.0,0.0,18473,global,0.0
1,2,lr5e-05_bs8_drop0p4_temp2p0_a0p25_b0p05__wd1e-04trmiss0_degmodglobal,8,5e-05,0.0001,0.4,2.0,0.25,0.05,lr5e-05_bs8_drop0p4_temp2p0_a0p25_b0p05__wd1e-04trmiss0_degmodglobal,10,0.6499130555561611,0.6916756629943848,0.5999999999999999,0.7709145021645022,0.46153846153846156,0.0,0.5952408143452236,0.6295731067657471,0.0560999470097678,0.12629923224449158,0.0,0.0,0.0,0.0,0.0,18473,global,0.0
1,2,lr5e-05_bs8_drop0p4_temp2p0_a0p25_b0p05__wd1e-04trmiss0_degmodglobal,8,5e-05,0.0001,0.4,2.0,0.25,0.05,lr5e-05_bs8_drop0p4_temp2p0_a0p25_b0p05__wd1e-04trmiss0_degmodglobal,11,0.6232981852122715,0.6821408271789551,0.575,0.7542478354978355,0.5384615384615384,0.0,0.5758364285741534,0.6048109872000558,0.05794464849999973,0.08002071029373578,0.0,0.0,0.0,0.0,0.0,18473,global,0.0
1,2,lr5e-05_bs8_drop0p4_temp2p0_a0p25_b0p05__wd1e-04trmiss0_degmodglobal,8,5e-05,0.0001,0.4,2.0,0.25,0.05,lr5e-05_bs8_drop0p4_temp2p0_a0p25_b0p05__wd1e-04trmiss0_degmodglobal,12,0.606432591165815,0.6794074177742004,0.575,0.7542478354978355,0.5384615384615384,0.0,0.5583922181810651,0.5852570363453456,0.05473745933600834,0.14982350383486068,0.0,0.0,0.0,0.0,0.0,18473,global,0.0
1,2,lr5e-05_bs8_drop0p4_temp2p0_a0p25_b0p05__wd1e-04trmiss0_degmodglobal,8,5e-05,0.0001,0.4,2.0,0.25,0.05,lr5e-05_bs8_drop0p4_temp2p0_a0p25_b0p05__wd1e-04trmiss0_degmodglobal,13,0.6184858679771423,0.6742536127567291,0.625,0.7792478354978355,0.5384615384615384,0.0,0.5729888251849583,0.5947650415556771,0.06948444779430117,0.12699457045112336,0.0,0.0,0.0,0.0,0.0,18473,global,0.0
1,2,lr5e-05_bs8_drop0p4_temp2p0_a0p25_b0p05__wd1e-04trmiss0_degmodglobal,8,5e-05,0.0001,0.4,2.0,0.25,0.05,lr5e-05_bs8_drop0p4_temp2p0_a0p25_b0p05__wd1e-04trmiss0_degmodglobal,14,0.6026041081973484,0.6741177439689636,0.675,0.8045454545454546,0.5384615384615384,0.0,0.5723668166569301,0.5770132201058524,0.0672923204089914,0.1753565019794873,0.0,0.0,0.0,0.0,0.0,18473,global,0.0
1,2,lr5e-05_bs8_drop0p4_temp2p0_a0p25_b0p05__wd1e-04trmiss0_degmodglobal,8,5e-05,0.0001,0.4,2.0,0.25,0.05,lr5e-05_bs8_drop0p4_temp2p0_a0p25_b0p05__wd1e-04trmiss0_degmodglobal,15,0.5989987083843776,0.6699517071247101,0.725,0.8258928571428571,0.6153846153846154,0.0,0.5876295396259853,0.5782929488590786,0.060698862586702616,0.11062087225062507,0.0,0.0,0.0,0.0,0.0,18473,global,0.0
1,2,lr5e-05_bs8_drop0p4_temp2p0_a0p25_b0p05__wd1e-04trmiss0_degmodglobal,8,5e-05,0.0001,0.4,2.0,0.25,0.05,lr5e-05_bs8_drop0p4_temp2p0_a0p25_b0p05__wd1e-04trmiss0_degmodglobal,16,0.600867475782122,0.6677756607532501,0.725,0.8258928571428571,0.6153846153846154,0.0,0.5732860054288592,0.5760019251278469,0.07044238543936185,0.14509920190487588,0.0,0.0,0.0,0.0,0.0,18473,global,0.0
1,2,lr5e-05_bs8_drop0p4_temp2p0_a0p25_b0p05__wd1e-04trmiss0_degmodglobal,8,5e-05,0.0001,0.4,2.0,0.25,0.05,lr5e-05_bs8_drop0p4_temp2p0_a0p25_b0p05__wd1e-04trmiss0_degmodglobal,17,0.5864326102393014,0.6612831056118011,0.725,0.8200757575757576,0.6153846153846154,0.0,0.5614295601844788,0.564272152526038,0.06547069549560547,0.11585606741053718,0.0,0.0,0.0,0.0,0.0,18473,global,0.0
1,2,lr5e-05_bs8_drop0p4_temp2p0_a0p25_b0p05__wd1e-04trmiss0_degmodglobal,8,5e-05,0.0001,0.4,2.0,0.25,0.05,lr5e-05_bs8_drop0p4_temp2p0_a0p25_b0p05__wd1e-04trmiss0_degmodglobal,18,0.5974710753985814,0.6626280844211578,0.75,0.8297979797979798,0.6153846153846154,0.0,0.5779382075582232,0.572891618524279,0.07815000893814224,0.10083903265850884,0.0,0.0,0.0,0.0,0.0,18473,global,0.0
1,2,lr5e-05_bs8_drop0p4_temp2p0_a0p25_b0p05__wd1e-04trmiss0_degmodglobal,8,5e-05,0.0001,0.4,2.0,0.25,0.05,lr5e-05_bs8_drop0p4_temp2p0_a0p25_b0p05__wd1e-04trmiss0_degmodglobal,19,0.598231451851981,0.662164717912674,0.725,0.8200757575757576,0.6153846153846154,0.0,0.5487686906542096,0.570285039288657,0.07641413754650525,0.1768575417143958,0.0,0.0,0.0,0.0,0.0,18473,global,0.0
1,2,lr5e-05_bs8_drop0p4_temp2p0_a0p25_b0p05__wd1e-04trmiss0_degmodglobal,8,5e-05,0.0001,0.4,2.0,0.25,0.05,lr5e-05_bs8_drop0p4_temp2p0_a0p25_b0p05__wd1e-04trmiss0_degmodglobal,20,0.5733933023044041,0.666263222694397,0.725,0.8149170274170274,0.5384615384615384,0.0,0.5421633635248456,0.5479800701141357,0.07180888737951006,0.1492199312363352,0.0,0.0,0.0,0.0,0.0,18473,global,0.0
1,2,lr5e-05_bs8_drop0p4_temp2p0_a0p25_b0p05__wd1e-04trmiss0_degmodglobal,8,5e-05,0.0001,0.4,2.0,0.25,0.05,lr5e-05_bs8_drop0p4_temp2p0_a0p25_b0p05__wd1e-04trmiss0_degmodglobal,21,0.5729124546051025,0.6684249341487885,0.725,0.8149170274170274,0.5384615384615384,0.0,0.5603848951203483,0.5470034650393895,0.06725493978176798,0.18190501683524676,0.0,0.0,0.0,0.0,0.0,18473,global,0.0
1,2,lr5e-05_bs8_drop0p4_temp2p0_a0p25_b0p05__wd1e-04trmiss0_degmodglobal,8,5e-05,0.0001,0.4,2.0,0.25,0.05,lr5e-05_bs8_drop0p4_temp2p0_a0p25_b0p05__wd1e-04trmiss0_degmodglobal,22,0.600563074861254,0.6684211790561676,0.725,0.8149170274170274,0.5384615384615384,0.0,0.5815206553254809,0.574375331401825,0.06881161725946836,0.17969686165452003,0.0,0.0,0.0,0.0,0.0,18473,global,0.0
1,2,lr5e-05_bs8_drop0p4_temp2p0_a0p25_b0p05__wd1e-04trmiss0_degmodglobal,8,5e-05,0.0001,0.4,2.0,0.25,0.05,lr5e-05_bs8_drop0p4_temp2p0_a0p25_b0p05__wd1e-04trmiss0_degmodglobal,23,0.5805249299321856,0.6638148725032806,0.725,0.8149170274170274,0.5384615384615384,0.0,0.5475238817078727,0.5560648441314697,0.06893114160214152,0.14454627994980132,0.0,0.0,0.0,0.0,0.0,18473,global,0.0
1,2,lr5e-05_bs8_drop0p4_temp2p0_a0p25_b0p05__wd1e-04trmiss0_degmodglobal,8,5e-05,0.0001,0.4,2.0,0.25,0.05,lr5e-05_bs8_drop0p4_temp2p0_a0p25_b0p05__wd1e-04trmiss0_degmodglobal,24,0.5706942166600909,0.6644835472106934,0.75,0.8240079365079365,0.5384615384615384,0.0,0.5694472193717957,0.5427465609141758,0.08513775893620082,0.133264814636537,0.0,0.0,0.0,0.0,0.0,18473,global,0.0
1,2,lr5e-05_bs8_drop0p4_temp2p0_a0p25_b0p05__wd1e-04trmiss0_degmodglobal,8,5e-05,0.0001,0.4,2.0,0.25,0.05,lr5e-05_bs8_drop0p4_temp2p0_a0p25_b0p05__wd1e-04trmiss0_degmodglobal,25,0.5982059921537127,0.6591580212116241,0.7749999999999999,0.8388888888888889,0.6153846153846154,0.0,0.5284695114408221,0.5652904169900077,0.09403841037835393,0.18811933270522527,0.0,0.0,0.0,0.0,0.0,18473,global,0.0
1,2,lr1e-05_bs8_drop0p2_temp1p0_a0p25_b0p05__wd1e-04trmiss0_degmodglobal,8,1e-05,0.0001,0.2,1.0,0.25,0.05,lr1e-05_bs8_drop0p2_temp1p0_a0p25_b0p05__wd1e-04trmiss0_degmodglobal,1,0.7073662451335362,0.7070061266422272,0.425,0.5787202380952381,0.3076923076923077,0.0,0.6986609356743949,0.6950827751840863,0.025553719007543156,0.11790053439991814,0.0,0.0,0.0,0.0,0.0,18473,global,0.0
1,2,lr1e-05_bs8_drop0p2_temp1p0_a0p25_b0p05__wd1e-04trmiss0_degmodglobal,8,1e-05,0.0001,0.2,1.0,0.25,0.05,lr1e-05_bs8_drop0p2_temp1p0_a0p25_b0p05__wd1e-04trmiss0_degmodglobal,2,0.7271407927785601,0.7106503844261169,0.475,0.6120535714285714,0.38461538461538464,0.0,0.6887467929295131,0.7108172263417926,0.03328027070633003,0.16006988340190478,0.0,0.0,0.0,0.0,0.0,18473,global,0.0
1,2,lr1e-05_bs8_drop0p2_temp1p0_a0p25_b0p05__wd1e-04trmiss0_degmodglobal,8,1e-05,0.0001,0.2,1.0,0.25,0.05,lr1e-05_bs8_drop0p2_temp1p0_a0p25_b0p05__wd1e-04trmiss0_degmodglobal,3,0.6914100136075702,0.7146174013614655,0.45,0.604099025974026,0.38461538461538464,0.0,0.6897402065140861,0.6789967843464443,0.030906357137220248,0.09373260821614947,0.0,0.0,0.0,0.0,0.0,18473,global,0.0
1,2,lr1e-05_bs8_drop0p2_temp1p0_a0p25_b0p05__wd1e-04trmiss0_degmodglobal,8,1e-05,0.0001,0.2,1.0,0.25,0.05,lr1e-05_bs8_drop0p2_temp1p0_a0p25_b0p05__wd1e-04trmiss0_degmodglobal,4,0.6899660314832415,0.7143060564994812,0.45,0.604099025974026,0.38461538461538464,0.0,0.690723351069859,0.6776823146002633,0.027672547048756053,0.10731152897434575,0.0,0.0,0.0,0.0,0.0,18473,global,0.0
1,2,lr1e-05_bs8_drop0p2_temp1p0_a0p25_b0p05__wd1e-04trmiss0_degmodglobal,8,1e-05,0.0001,0.2,1.0,0.25,0.05,lr1e-05_bs8_drop0p2_temp1p0_a0p25_b0p05__wd1e-04trmiss0_degmodglobal,5,0.6998082995414734,0.7123031318187714,0.425,0.5832656926406926,0.38461538461538464,0.0,0.6709997398512704,0.6879552773066929,0.028146143204399517,0.09632959749017443,0.0,0.0,0.0,0.0,0.0,18473,global,0.0
1,2,lr1e-05_bs8_drop0p2_temp1p0_a0p25_b0p05__wd1e-04trmiss0_degmodglobal,8,1e-05,0.0001,0.2,1.0,0.25,0.05,lr1e-05_bs8_drop0p2_temp1p0_a0p25_b0p05__wd1e-04trmiss0_degmodglobal,6,0.6773995671953473,0.7088847458362579,0.49999999999999994,0.6245535714285714,0.38461538461538464,0.0,0.6832838995116097,0.6673840199198041,0.024164110688226565,0.07949068024754524,0.0,0.0,0.0,0.0,0.0,18473,global,0.0
1,2,lr1e-05_bs8_drop0p2_temp1p0_a0p25_b0p05__wd1e-04trmiss0_degmodglobal,8,1e-05,0.0001,0.2,1.0,0.25,0.05,lr1e-05_bs8_drop0p2_temp1p0_a0p25_b0p05__wd1e-04trmiss0_degmodglobal,7,0.7035502025059291,0.7091741561889648,0.475,0.6165990259740259,0.46153846153846156,0.0,0.6816697290965489,0.6925921099526542,0.028071779491645948,0.07880309170910291,0.0,0.0,0.0,0.0,0.0,18473,global,0.0
1,2,lr1e-05_bs8_drop0p2_temp1p0_a0p25_b0p05__wd1e-04trmiss0_degmodglobal,8,1e-05,0.0001,0.2,1.0,0.25,0.05,lr1e-05_bs8_drop0p2_temp1p0_a0p25_b0p05__wd1e-04trmiss0_degmodglobal,8,0.6929564220564706,0.7114316523075104,0.45,0.604099025974026,0.46153846153846156,0.0,0.6462502309254238,0.6817306109837123,0.027109447600586072,0.08896881022623607,0.0,0.0,0.0,0.0,0.0,18473,global,0.0
1,2,lr1e-05_bs8_drop0p2_temp1p0_a0p25_b0p05__wd1e-04trmiss0_degmodglobal,8,1e-05,0.0001,0.2,1.0,0.25,0.05,lr1e-05_bs8_drop0p2_temp1p0_a0p25_b0p05__wd1e-04trmiss0_degmodglobal,9,0.6809663687433515,0.7088812291622162,0.475,0.6165990259740259,0.46153846153846156,0.0,0.6620564545903888,0.6709313988685608,0.022447196500641958,0.08846369917903628,0.0,0.0,0.0,0.0,0.0,18473,global,0.0
1,2,lr1e-05_bs8_drop0p2_temp1p0_a0p25_b0p05__wd1e-04trmiss0_degmodglobal,8,1e-05,0.0001,0.2,1.0,0.25,0.05,lr1e-05_bs8_drop0p2_temp1p0_a0p25_b0p05__wd1e-04trmiss0_degmodglobal,10,0.6802734051431928,0.7094238102436066,0.49999999999999994,0.6245535714285714,0.46153846153846156,0.0,0.6569680145808628,0.6691862940788269,0.02773085209940161,0.08308805072946208,0.0,0.0,0.0,0.0,0.0,18473,global,0.0
1,2,lr1e-05_bs8_drop0p2_temp1p0_a0p25_b0p05__wd1e-04trmiss0_degmodglobal,8,1e-05,0.0001,0.2,1.0,0.25,0.05,lr1e-05_bs8_drop0p2_temp1p0_a0p25_b0p05__wd1e-04trmiss0_degmodglobal,11,0.6784612280981881,0.7082721889019012,0.49999999999999994,0.6245535714285714,0.46153846153846156,0.0,0.6386635473796299,0.6680994204112461,0.0255989312593426,0.07924134976097516,0.0,0.0,0.0,0.0,0.0,18473,global,0.0
1,2,lr1e-05_bs8_drop0p2_temp1p0_a0p25_b0p05__wd1e-04trmiss0_degmodglobal,8,1e-05,0.0001,0.2,1.0,0.25,0.05,lr1e-05_bs8_drop0p2_temp1p0_a0p25_b0p05__wd1e-04trmiss0_degmodglobal,12,0.6866169827325004,0.7057303190231323,0.525,0.6433035714285714,0.46153846153846156,0.0,0.6441771728651864,0.6742604204586574,0.03065730631351471,0.09384483471512794,0.0,0.0,0.0,0.0,0.0,18473,global,0.0
1,2,lr1e-05_bs8_drop0p2_temp1p0_a0p25_b0p05__wd1e-04trmiss0_degmodglobal,8,1e-05,0.0001,0.2,1.0,0.25,0.05,lr1e-05_bs8_drop0p2_temp1p0_a0p25_b0p05__wd1e-04trmiss0_degmodglobal,13,0.6976792642048427,0.704418271780014,0.525,0.6433035714285714,0.46153846153846156,0.0,0.6384818128177098,0.6849374600819179,0.03034848812967539,0.10309371405414172,0.0,0.0,0.0,0.0,0.0,18473,global,0.0
1,2,lr1e-05_bs8_drop0p2_temp1p0_a0p25_b0p05__wd1e-04trmiss0_degmodglobal,8,1e-05,0.0001,0.2,1.0,0.25,0.05,lr1e-05_bs8_drop0p2_temp1p0_a0p25_b0p05__wd1e-04trmiss0_degmodglobal,14,0.6954879760742188,0.7070873081684113,0.525,0.6433035714285714,0.46153846153846156,0.0,0.6287434526852199,0.6825946910040719,0.030833532235452106,0.10369801680956568,0.0,0.0,0.0,0.0,0.0,18473,global,0.0
1,2,lr1e-05_bs8_drop0p2_temp1p0_a0p25_b0p05__wd1e-04trmiss0_degmodglobal,8,1e-05,0.0001,0.2,1.0,0.25,0.05,lr1e-05_bs8_drop0p2_temp1p0_a0p25_b0p05__wd1e-04trmiss0_degmodglobal,15,0.6901097212518964,0.7055666744709015,0.525,0.6433035714285714,0.46153846153846156,0.0,0.6231472066470555,0.6775641015597752,0.029144456343991414,0.10519024091107505,0.0,0.0,0.0,0.0,0.0,18473,global,0.0
1,2,lr1e-05_bs8_drop0p2_temp1p0_a0p25_b0p05__wd1e-04trmiss0_degmodglobal,8,1e-05,0.0001,0.2,1.0,0.25,0.05,lr1e-05_bs8_drop0p2_temp1p0_a0p25_b0p05__wd1e-04trmiss0_degmodglobal,16,0.6684822269848415,0.7019749283790588,0.55,0.6552083333333333,0.46153846153846156,0.0,0.6133120741162982,0.6556551967348371,0.03178544555391584,0.09761313827974456,0.0,0.0,0.0,0.0,0.0,18473,global,0.0
1,2,lr1e-05_bs8_drop0p2_temp1p0_a0p25_b0p05__wd1e-04trmiss0_degmodglobal,8,1e-05,0.0001,0.2,1.0,0.25,0.05,lr1e-05_bs8_drop0p2_temp1p0_a0p25_b0p05__wd1e-04trmiss0_degmodglobal,17,0.684492928641183,0.700095534324646,0.6,0.6739448051948053,0.5384615384615384,0.0,0.6138135279927935,0.6685994693211147,0.036198832360761504,0.13687509511198317,0.0,0.0,0.0,0.0,0.0,18473,global,0.0
1,2,lr1e-05_bs8_drop0p2_temp1p0_a0p25_b0p05__wd1e-04trmiss0_degmodglobal,8,1e-05,0.0001,0.2,1.0,0.25,0.05,lr1e-05_bs8_drop0p2_temp1p0_a0p25_b0p05__wd1e-04trmiss0_degmodglobal,18,0.6710800613675799,0.7000237107276917,0.6,0.6794507575757576,0.46153846153846156,0.0,0.61022059406553,0.6586095775876727,0.03020950353571347,0.0983619328056063,0.0,0.0,0.0,0.0,0.0,18473,global,0.0
1,2,lr1e-05_bs8_drop0p2_temp1p0_a0p25_b0p05__wd1e-04trmiss0_degmodglobal,8,1e-05,0.0001,0.2,1.0,0.25,0.05,lr1e-05_bs8_drop0p2_temp1p0_a0p25_b0p05__wd1e-04trmiss0_degmodglobal,19,0.6782192502702985,0.6990470588207245,0.6,0.6794507575757576,0.46153846153846156,0.0,0.6207517300333295,0.663616384778704,0.03530877376241343,0.1155134556548936,0.0,0.0,0.0,0.0,0.0,18473,global,0.0
1,2,lr1e-05_bs8_drop0p2_temp1p0_a0p25_b0p05__wd1e-04trmiss0_degmodglobal,8,1e-05,0.0001,0.2,1.0,0.25,0.05,lr1e-05_bs8_drop0p2_temp1p0_a0p25_b0p05__wd1e-04trmiss0_degmodglobal,20,0.6731330667223249,0.6982777416706085,0.6,0.6830357142857143,0.5384615384615384,0.0,0.6085937108312335,0.6577592747552055,0.03779534889119012,0.11849921409572874,0.0,0.0,0.0,0.0,0.0,18473,global,0.0
1,2,lr1e-05_bs8_drop0p2_temp1p0_a0p25_b0p05__wd1e-04trmiss0_degmodglobal,8,1e-05,0.0001,0.2,1.0,0.25,0.05,lr1e-05_bs8_drop0p2_temp1p0_a0p25_b0p05__wd1e-04trmiss0_degmodglobal,21,0.6708779675619942,0.6995584070682526,0.575,0.671875,0.5384615384615384,0.0,0.6053194999694824,0.6576605609485081,0.032364681363105774,0.10252470895648003,0.0,0.0,0.0,0.0,0.0,18473,global,0.0
1,2,lr1e-05_bs8_drop0p2_temp1p0_a0p25_b0p05__wd1e-04trmiss0_degmodglobal,8,1e-05,0.0001,0.2,1.0,0.25,0.05,lr1e-05_bs8_drop0p2_temp1p0_a0p25_b0p05__wd1e-04trmiss0_degmodglobal,22,0.6991886922291347,0.6949612200260162,0.625,0.6906114718614719,0.5384615384615384,0.0,0.608721137046814,0.6844982249396188,0.03300484429512705,0.12878516263195447,0.0,0.0,0.0,0.0,0.0,18473,global,0.0
1,2,lr1e-05_bs8_drop0p2_temp1p0_a0p25_b0p05__wd1e-04trmiss0_degmodglobal,8,1e-05,0.0001,0.2,1.0,0.25,0.05,lr1e-05_bs8_drop0p2_temp1p0_a0p25_b0p05__wd1e-04trmiss0_degmodglobal,23,0.6803399750164577,0.6941306889057159,0.65,0.7054924242424243,0.5384615384615384,0.0,0.5917351586478097,0.6621567010879517,0.04334656069321292,0.14693268494946615,0.0,0.0,0.0,0.0,0.0,18473,global,0.0
1,2,lr1e-05_bs8_drop0p2_temp1p0_a0p25_b0p05__wd1e-04trmiss0_degmodglobal,8,1e-05,0.0001,0.2,1.0,0.25,0.05,lr1e-05_bs8_drop0p2_temp1p0_a0p25_b0p05__wd1e-04trmiss0_degmodglobal,24,0.6793884379523141,0.6931138336658478,0.65,0.7054924242424243,0.5384615384615384,0.0,0.5922691140856061,0.6641284312520709,0.036891461216977665,0.12074266853077072,0.0,0.0,0.0,0.0,0.0,18473,global,0.0
1,2,lr1e-05_bs8_drop0p2_temp1p0_a0p25_b0p05__wd1e-04trmiss0_degmodglobal,8,1e-05,0.0001,0.2,1.0,0.25,0.05,lr1e-05_bs8_drop0p2_temp1p0_a0p25_b0p05__wd1e-04trmiss0_degmodglobal,25,0.6890749335289001,0.6891207993030548,0.65,0.7054924242424243,0.5384615384615384,0.0,0.6058839218957084,0.6743024417332241,0.03627121687999794,0.1140936974968229,0.0,0.0,0.0,0.0,0.0,18473,global,0.0
1,2,lr1e-05_bs8_drop0p2_temp1p0_a0p25_b0p05__wd1e-04trmiss0_degmodglobal,8,1e-05,0.0001,0.2,1.0,0.25,0.05,lr1e-05_bs8_drop0p2_temp1p0_a0p25_b0p05__wd1e-04trmiss0_degmodglobal,26,0.6710701925413949,0.6892886459827423,0.65,0.7054924242424243,0.5384615384615384,0.0,0.587597804410117,0.6530307275908334,0.043544432680521696,0.14306725934147835,0.0,0.0,0.0,0.0,0.0,18473,global,0.0
1,2,lr1e-05_bs8_drop0p2_temp1p0_a0p25_b0p05__wd1e-04trmiss0_degmodglobal,8,1e-05,0.0001,0.2,1.0,0.25,0.05,lr1e-05_bs8_drop0p2_temp1p0_a0p25_b0p05__wd1e-04trmiss0_degmodglobal,27,0.6704093132700238,0.6893482506275177,0.65,0.7054924242424243,0.5384615384615384,0.0,0.5773452775818961,0.6498681051390511,0.05020127924425261,0.1598176769912243,0.0,0.0,0.0,0.0,0.0,18473,global,0.0
1,2,lr1e-05_bs8_drop0p2_temp1p0_a0p25_b0p05__wd1e-04trmiss0_degmodglobal,8,1e-05,0.0001,0.2,1.0,0.25,0.05,lr1e-05_bs8_drop0p2_temp1p0_a0p25_b0p05__wd1e-04trmiss0_degmodglobal,28,0.6710465720721653,0.6899472177028656,0.65,0.7054924242424243,0.5384615384615384,0.0,0.6001079763684954,0.6566730907985142,0.033261919394135475,0.12115985580853053,0.0,0.0,0.0,0.0,0.0,18473,global,0.0
1,2,lr1e-05_bs8_drop0p2_temp1p0_a0p25_b0p05__wd1e-04trmiss0_degmodglobal,8,1e-05,0.0001,0.2,1.0,0.25,0.05,lr1e-05_bs8_drop0p2_temp1p0_a0p25_b0p05__wd1e-04trmiss0_degmodglobal,29,0.6633377926690238,0.6886798739433289,0.65,0.7054924242424243,0.6153846153846154,0.0,0.571159975869315,0.6478474906512669,0.037041028163262775,0.12460082077554294,0.0,0.0,0.0,0.0,0.0,18473,global,0.0
1,2,lr1e-05_bs8_drop0p2_temp1p0_a0p25_b0p05__wd1e-04trmiss0_degmodglobal,8,1e-05,0.0001,0.2,1.0,0.25,0.05,lr1e-05_bs8_drop0p2_temp1p0_a0p25_b0p05__wd1e-04trmiss0_degmodglobal,30,0.6536995257650103,0.6894918084144592,0.65,0.7054924242424243,0.6153846153846154,0.0,0.5698021990912301,0.6360610893794468,0.04249954489724977,0.1402707270213536,0.0,0.0,0.0,0.0,0.0,18473,global,0.0
1,2,lr1e-05_bs8_drop0p2_temp1p0_a0p25_b0p05__wd1e-04trmiss0_degmodglobal,8,1e-05,0.0001,0.2,1.0,0.25,0.05,lr1e-05_bs8_drop0p2_temp1p0_a0p25_b0p05__wd1e-04trmiss0_degmodglobal,31,0.6629789812224252,0.6920481622219086,0.65,0.7054924242424243,0.6153846153846154,0.0,0.5910423057419913,0.6474685498646328,0.0394517577120236,0.11294972790139061,0.0,0.0,0.0,0.0,0.0,18473,global,0.0
1,2,lr1e-05_bs8_drop0p2_temp1p0_a0p25_b0p05__wd1e-04trmiss0_degmodglobal,8,1e-05,0.0001,0.2,1.0,0.25,0.05,lr1e-05_bs8_drop0p2_temp1p0_a0p25_b0p05__wd1e-04trmiss0_degmodglobal,32,0.658363972391401,0.6883682310581207,0.65,0.7054924242424243,0.6153846153846154,0.0,0.5814268078122821,0.6434964963368007,0.039346590105976374,0.10061647450285298,0.0,0.0,0.0,0.0,0.0,18473,global,0.0
1,2,lr1e-05_bs8_drop0p2_temp1p0_a0p25_b0p05__wd1e-04trmiss0_degmodglobal,8,1e-05,0.0001,0.2,1.0,0.25,0.05,lr1e-05_bs8_drop0p2_temp1p0_a0p25_b0p05__wd1e-04trmiss0_degmodglobal,33,0.6783346618924823,0.6833962500095367,0.65,0.7054924242424243,0.6153846153846154,0.0,0.613831205027444,0.6620926516396659,0.03886143969638007,0.1305328378719943,0.0,0.0,0.0,0.0,0.0,18473,global,0.0
1,2,lr1e-05_bs8_drop0p2_temp1p0_a0p25_b0p05__wd1e-04trmiss0_degmodglobal,8,1e-05,0.0001,0.2,1.0,0.25,0.05,lr1e-05_bs8_drop0p2_temp1p0_a0p25_b0p05__wd1e-04trmiss0_degmodglobal,34,0.6902687719890049,0.6832510530948639,0.65,0.7054924242424243,0.6923076923076923,0.0,0.605335567678724,0.6687054804393223,0.05159050013337817,0.17331343995673315,0.0,0.0,0.0,0.0,0.0,18473,global,0.0
1,2,lr1e-05_bs8_drop0p2_temp1p0_a0p25_b0p05__wd1e-04trmiss0_degmodglobal,8,1e-05,0.0001,0.2,1.0,0.25,0.05,lr1e-05_bs8_drop0p2_temp1p0_a0p25_b0p05__wd1e-04trmiss0_degmodglobal,35,0.6532476544380188,0.6828671395778656,0.65,0.7054924242424243,0.6923076923076923,0.0,0.5758338485445295,0.6349845102855137,0.04827852121421269,0.12387048133781978,0.0,0.0,0.0,0.0,0.0,18473,global,0.0
1,2,lr1e-05_bs8_drop0p2_temp1p0_a0p25_b0p05__wd1e-04trmiss0_degmodglobal,8,1e-05,0.0001,0.2,1.0,0.25,0.05,lr1e-05_bs8_drop0p2_temp1p0_a0p25_b0p05__wd1e-04trmiss0_degmodglobal,36,0.6674624851771763,0.682313472032547,0.65,0.7054924242424243,0.6923076923076923,0.0,0.582530847617558,0.6550537177494594,0.03178674142275538,0.08924191179020065,0.0,0.0,0.0,0.0,0.0,18473,global,0.0
1,2,lr1e-05_bs8_drop0p2_temp1p0_a0p25_b0p05__wd1e-04trmiss0_degmodglobal,8,1e-05,0.0001,0.2,1.0,0.25,0.05,lr1e-05_bs8_drop0p2_temp1p0_a0p25_b0p05__wd1e-04trmiss0_degmodglobal,37,0.6998366628374372,0.6836971640586853,0.65,0.7054924242424243,0.6923076923076923,0.0,0.556495223726545,0.6762487803186689,0.052040190036807744,0.21155673371894018,0.0,0.0,0.0,0.0,0.0,18473,global,0.0
1,2,lr1e-05_bs8_drop0p2_temp1p0_a0p25_b0p05__wd1e-04trmiss0_degmodglobal,8,1e-05,0.0001,0.2,1.0,0.25,0.05,lr1e-05_bs8_drop0p2_temp1p0_a0p25_b0p05__wd1e-04trmiss0_degmodglobal,38,0.6619867767606463,0.6802785992622375,0.675,0.7159090909090909,0.6923076923076923,0.0,0.5512384857450213,0.6449291280337742,0.04265127570501396,0.12789646429674967,0.0,0.0,0.0,0.0,0.0,18473,global,0.0
1,2,lr1e-05_bs8_drop0p2_temp1p0_a0p25_b0p05__wd1e-04trmiss0_degmodglobal,8,1e-05,0.0001,0.2,1.0,0.25,0.05,lr1e-05_bs8_drop0p2_temp1p0_a0p25_b0p05__wd1e-04trmiss0_degmodglobal,39,0.6537338069507054,0.6781149208545685,0.675,0.7159090909090909,0.6923076923076923,0.0,0.5652599164417812,0.6374651789665222,0.0413003358989954,0.11887089269501823,0.0,0.0,0.0,0.0,0.0,18473,global,0.0
1,2,lr1e-05_bs8_drop0p2_temp1p0_a0p25_b0p05__wd1e-04trmiss0_degmodglobal,8,1e-05,0.0001,0.2,1.0,0.25,0.05,lr1e-05_bs8_drop0p2_temp1p0_a0p25_b0p05__wd1e-04trmiss0_degmodglobal,40,0.6622068541390556,0.6758445501327515,0.7,0.729301948051948,0.6923076923076923,0.0,0.5712161575044904,0.645980145250048,0.04378407847668443,0.10561367443629674,0.0,0.0,0.0,0.0,0.0,18473,global,0.0
1,2,lr1e-05_bs8_drop0p2_temp1p0_a0p25_b0p05__wd1e-04trmiss0_degmodglobal,8,1e-05,0.0001,0.2,1.0,0.25,0.05,lr1e-05_bs8_drop0p2_temp1p0_a0p25_b0p05__wd1e-04trmiss0_degmodglobal,41,0.649584446634565,0.6777417659759521,0.7,0.729301948051948,0.6923076923076923,0.0,0.5698772753987994,0.6335027643612453,0.041491767657654624,0.11417499503919057,0.0,0.0,0.0,0.0,0.0,18473,global,0.0
1,2,lr1e-05_bs8_drop0p2_temp1p0_a0p25_b0p05__wd1e-04trmiss0_degmodglobal,8,1e-05,0.0001,0.2,1.0,0.25,0.05,lr1e-05_bs8_drop0p2_temp1p0_a0p25_b0p05__wd1e-04trmiss0_degmodglobal,42,0.6498720901353019,0.6790578067302704,0.675,0.7159090909090909,0.6923076923076923,0.0,0.565002977848053,0.6336837921823774,0.041241448904786794,0.11755883267947606,0.0,0.0,0.0,0.0,0.0,18473,global,0.0
1,2,lr1e-05_bs8_drop0p2_temp1p0_a0p25_b0p05__wd1e-04trmiss0_degmodglobal,8,1e-05,0.0001,0.2,1.0,0.25,0.05,lr1e-05_bs8_drop0p2_temp1p0_a0p25_b0p05__wd1e-04trmiss0_degmodglobal,43,0.6358828204018729,0.6787947118282318,0.675,0.7159090909090909,0.6923076923076923,0.0,0.5283485523291996,0.6162087150982448,0.05128367564507893,0.1370638981461525,0.0,0.0,0.0,0.0,0.0,18473,global,0.0
1,2,lr1e-05_bs8_drop0p2_temp1p0_a0p25_b0p05__wd1e-04trmiss0_degmodglobal,8,1e-05,0.0001,0.2,1.0,0.25,0.05,lr1e-05_bs8_drop0p2_temp1p0_a0p25_b0p05__wd1e-04trmiss0_degmodglobal,44,0.6556529743330819,0.6817979216575623,0.65,0.7054924242424243,0.6923076923076923,0.0,0.5422351488045284,0.6360979420798165,0.04757229504840715,0.15323978343180247,0.0,0.0,0.0,0.0,0.0,18473,global,0.0
1,2,lr1e-05_bs8_drop0p2_temp1p0_a0p25_b0p05__wd1e-04trmiss0_degmodglobal,8,1e-05,0.0001,0.2,1.0,0.25,0.05,lr1e-05_bs8_drop0p2_temp1p0_a0p25_b0p05__wd1e-04trmiss0_degmodglobal,45,0.6286296163286481,0.6812158524990082,0.65,0.7054924242424243,0.6923076923076923,0.0,0.5438301052365985,0.6087996533938816,0.050649308998669894,0.14335267032895768,0.0,0.0,0.0,0.0,0.0,18473,global,0.0
1,2,lr1e-05_bs8_drop0p2_temp1p0_a0p25_b0p05__wd1e-04trmiss0_degmodglobal,8,1e-05,0.0001,0.2,1.0,0.25,0.05,lr1e-05_bs8_drop0p2_temp1p0_a0p25_b0p05__wd1e-04trmiss0_degmodglobal,46,0.6523412210600716,0.6790423691272736,0.65,0.7054924242424243,0.6923076923076923,0.0,0.5507101118564606,0.6301558443478176,0.05870551988482475,0.15017999070031302,0.0,0.0,0.0,0.0,0.0,18473,global,0.0
1,2,lr1e-05_bs8_drop0p2_temp1p0_a0p25_b0p05__wd1e-04trmiss0_degmodglobal,8,1e-05,0.0001,0.2,1.0,0.25,0.05,lr1e-05_bs8_drop0p2_temp1p0_a0p25_b0p05__wd1e-04trmiss0_degmodglobal,47,0.6318091835294452,0.679175853729248,0.65,0.7054924242424243,0.6923076923076923,0.0,0.559322544506618,0.6138765982219151,0.04826002075736012,0.11735198753220695,0.0,0.0,0.0,0.0,0.0,18473,global,0.0
1,2,lr1e-05_bs8_drop0p2_temp1p0_a0p25_b0p05__wd1e-04trmiss0_degmodglobal,8,1e-05,0.0001,0.2,1.0,0.25,0.05,lr1e-05_bs8_drop0p2_temp1p0_a0p25_b0p05__wd1e-04trmiss0_degmodglobal,48,0.6499233245849609,0.680649071931839,0.65,0.7054924242424243,0.6923076923076923,0.0,0.544847811971392,0.6321243473461696,0.04083378825868879,0.15181063541344234,0.0,0.0,0.0,0.0,0.0,18473,global,0.0
1,2,lr1e-05_bs8_drop0p2_temp1p0_a0p25_b0p05__wd1e-04trmiss0_degmodglobal,8,1e-05,0.0001,0.2,1.0,0.25,0.05,lr1e-05_bs8_drop0p2_temp1p0_a0p25_b0p05__wd1e-04trmiss0_degmodglobal,49,0.6353187475885663,0.679508239030838,0.65,0.7054924242424243,0.6923076923076923,0.0,0.5345948679106576,0.6167610117367336,0.04842466701354299,0.1290315698300089,0.0,0.0,0.0,0.0,0.0,18473,global,0.0
1,2,lr1e-05_bs8_drop0p2_temp1p0_a0p25_b0p05__wd1e-04trmiss0_degmodglobal,8,1e-05,0.0001,0.2,1.0,0.25,0.05,lr1e-05_bs8_drop0p2_temp1p0_a0p25_b0p05__wd1e-04trmiss0_degmodglobal,50,0.6391902055059161,0.6790620684623718,0.65,0.7054924242424243,0.6923076923076923,0.0,0.55073624423572,0.6188065665108817,0.05302348041108677,0.14255560083048685,0.0,0.0,0.0,0.0,0.0,18473,global,0.0
1,2,lr1e-05_bs8_drop0p2_temp1p0_a0p25_b0p05__wd1e-04trmiss0_degmodglobal,8,1e-05,0.0001,0.2,1.0,0.25,0.05,lr1e-05_bs8_drop0p2_temp1p0_a0p25_b0p05__wd1e-04trmiss0_degmodglobal,51,0.6569525344031197,0.679419070482254,0.65,0.7054924242424243,0.6923076923076923,0.0,0.5563937638487134,0.6406381641115461,0.042023549122469764,0.11616959635700498,0.0,0.0,0.0,0.0,0.0,18473,global,0.0
1,2,lr1e-05_bs8_drop0p2_temp1p0_a0p25_b0p05__wd1e-04trmiss0_degmodglobal,8,1e-05,0.0001,0.2,1.0,0.25,0.05,lr1e-05_bs8_drop0p2_temp1p0_a0p25_b0p05__wd1e-04trmiss0_degmodglobal,52,0.6474818246705192,0.6796080768108368,0.65,0.7054924242424243,0.6923076923076923,0.0,0.5248688757419586,0.6255592788968768,0.052752516099384854,0.17468807846307755,0.0,0.0,0.0,0.0,0.0,18473,global,0.0
1,2,lr1e-05_bs8_drop0p2_temp1p0_a0p25_b0p05__wd1e-04trmiss0_degmodglobal,8,1e-05,0.0001,0.2,1.0,0.25,0.05,lr1e-05_bs8_drop0p2_temp1p0_a0p25_b0p05__wd1e-04trmiss0_degmodglobal,53,0.6734387193407331,0.6818971931934357,0.65,0.7054924242424243,0.6153846153846154,0.0,0.5465075756822314,0.6533230798585075,0.0492127069405147,0.15624930496726716,0.0,0.0,0.0,0.0,0.0,18473,global,0.0
1,2,lr1e-05_bs8_drop0p2_temp1p0_a0p25_b0p05__wd1e-04trmiss0_degmodglobal,8,1e-05,0.0001,0.2,1.0,0.25,0.05,lr1e-05_bs8_drop0p2_temp1p0_a0p25_b0p05__wd1e-04trmiss0_degmodglobal,54,0.6850266967500959,0.6841806769371033,0.65,0.7054924242424243,0.6153846153846154,0.0,0.5503014751843044,0.6660337277821132,0.04372015329343932,0.16125849847282683,0.0,0.0,0.0,0.0,0.0,18473,global,0.0
1,2,lr1e-05_bs8_drop0p2_temp1p0_a0p25_b0p05__wd1e-04trmiss0_degmodglobal,8,1e-05,0.0001,0.2,1.0,0.25,0.05,lr1e-05_bs8_drop0p2_temp1p0_a0p25_b0p05__wd1e-04trmiss0_degmodglobal,55,0.627888560295105,0.6837481558322906,0.625,0.6906114718614719,0.6153846153846154,0.0,0.5427395105361938,0.6114634616034371,0.04301646112331322,0.11341960302421025,0.0,0.0,0.0,0.0,0.0,18473,global,0.0
1,2,lr1e-05_bs8_drop0p2_temp1p0_a0p25_b0p05__wd1e-04trmiss0_degmodglobal,8,1e-05,0.0001,0.2,1.0,0.25,0.05,lr1e-05_bs8_drop0p2_temp1p0_a0p25_b0p05__wd1e-04trmiss0_degmodglobal,56,0.6359636443001884,0.6801069974899292,0.65,0.7054924242424243,0.6153846153846154,0.0,0.5196826841150012,0.6188197987420219,0.04136737622320652,0.13604023626872472,0.0,0.0,0.0,0.0,0.0,18473,global,0.0
1,2,lr1e-05_bs8_drop0p2_temp1p0_a0p25_b0p05__wd1e-04trmiss0_degmodglobal,8,1e-05,0.0001,0.2,1.0,0.25,0.05,lr1e-05_bs8_drop0p2_temp1p0_a0p25_b0p05__wd1e-04trmiss0_degmodglobal,57,0.627575125013079,0.6804125607013702,0.65,0.7054924242424243,0.6153846153846154,0.0,0.5152833504336221,0.6081544160842896,0.04872941438640867,0.1447670321379389,0.0,0.0,0.0,0.0,0.0,18473,global,0.0
1,2,lr1e-05_bs8_drop0p2_temp1p0_a0p25_b0p05__wd1e-04trmiss0_degmodglobal,8,1e-05,0.0001,0.2,1.0,0.25,0.05,lr1e-05_bs8_drop0p2_temp1p0_a0p25_b0p05__wd1e-04trmiss0_degmodglobal,58,0.6387003064155579,0.6805320680141449,0.625,0.6906114718614719,0.6153846153846154,0.0,0.5258960511003222,0.6200498342514038,0.0455745884350368,0.14513647024120604,0.0,0.0,0.0,0.0,0.0,18473,global,0.0
1,2,lr1e-05_bs8_drop0p2_temp1p0_a0p25_b0p05__wd1e-04trmiss0_degmodglobal,8,1e-05,0.0001,0.2,1.0,0.25,0.05,lr1e-05_bs8_drop0p2_temp1p0_a0p25_b0p05__wd1e-04trmiss0_degmodglobal,59,0.6232509783336094,0.6822576820850372,0.625,0.6906114718614719,0.6153846153846154,0.0,0.5399052373000554,0.606609753199986,0.04034564058695521,0.13109619170427322,0.0,0.0,0.0,0.0,0.0,18473,global,0.0
1,2,lr1e-05_bs8_drop0p2_temp1p0_a0p25_b0p05__wd1e-04trmiss0_degmodglobal,8,1e-05,0.0001,0.2,1.0,0.25,0.05,lr1e-05_bs8_drop0p2_temp1p0_a0p25_b0p05__wd1e-04trmiss0_degmodglobal,60,0.6309642195701599,0.6844469308853149,0.625,0.6906114718614719,0.6153846153846154,0.0,0.5184123814105988,0.611400672367641,0.048517542758158276,0.1486830631537097,0.0,0.0,0.0,0.0,0.0,18473,global,0.0
1,2,lr1e-05_bs8_drop0p2_temp2p0_a0p25_b0p05__wd1e-04trmiss0_degmodglobal,8,1e-05,0.0001,0.2,2.0,0.25,0.05,lr1e-05_bs8_drop0p2_temp2p0_a0p25_b0p05__wd1e-04trmiss0_degmodglobal,1,0.718384964125497,0.6557429432868958,0.55,0.6752185314685315,0.6153846153846154,0.0,0.7053521871566772,0.6998189091682434,0.03911404072174004,0.1757510080933571,0.0,0.0,0.0,0.0,0.0,18473,global,0.0
1,2,lr1e-05_bs8_drop0p2_temp2p0_a0p25_b0p05__wd1e-04trmiss0_degmodglobal,8,1e-05,0.0001,0.2,2.0,0.25,0.05,lr1e-05_bs8_drop0p2_temp2p0_a0p25_b0p05__wd1e-04trmiss0_degmodglobal,2,0.7097028579030719,0.6566344797611237,0.55,0.6752185314685315,0.6153846153846154,0.0,0.6829339265823364,0.6890152437346322,0.04500285163521767,0.1887378091258662,0.0,0.0,0.0,0.0,0.0,18473,global,0.0
1,2,lr1e-05_bs8_drop0p2_temp2p0_a0p25_b0p05__wd1e-04trmiss0_degmodglobal,8,1e-05,0.0001,0.2,2.0,0.25,0.05,lr1e-05_bs8_drop0p2_temp2p0_a0p25_b0p05__wd1e-04trmiss0_degmodglobal,3,0.6997548256601606,0.6599982976913452,0.55,0.6752185314685315,0.6153846153846154,0.0,0.7083508883203778,0.6800821338381086,0.04434803181460926,0.1717136182955333,0.0,0.0,0.0,0.0,0.0,18473,global,0.0
1,2,lr1e-05_bs8_drop0p2_temp2p0_a0p25_b0p05__wd1e-04trmiss0_degmodglobal,8,1e-05,0.0001,0.2,2.0,0.25,0.05,lr1e-05_bs8_drop0p2_temp2p0_a0p25_b0p05__wd1e-04trmiss0_degmodglobal,4,0.6907785790307182,0.661969929933548,0.55,0.6752185314685315,0.5384615384615384,0.0,0.6840522118977138,0.6735129356384277,0.03879351115652493,0.1513451747596264,0.0,0.0,0.0,0.0,0.0,18473,global,0.0
1,2,lr1e-05_bs8_drop0p2_temp2p0_a0p25_b0p05__wd1e-04trmiss0_degmodglobal,8,1e-05,0.0001,0.2,2.0,0.25,0.05,lr1e-05_bs8_drop0p2_temp2p0_a0p25_b0p05__wd1e-04trmiss0_degmodglobal,5,0.6725905537605286,0.66412752866745,0.525,0.6620421245421246,0.5384615384615384,0.0,0.6817057132720947,0.6554262638092041,0.038967899712068696,0.14844638960702078,0.0,0.0,0.0,0.0,0.0,18473,global,0.0
1,2,lr1e-05_bs8_drop0p2_temp2p0_a0p25_b0p05__wd1e-04trmiss0_degmodglobal,8,1e-05,0.0001,0.2,2.0,0.25,0.05,lr1e-05_bs8_drop0p2_temp2p0_a0p25_b0p05__wd1e-04trmiss0_degmodglobal,6,0.6705257637160165,0.6675065457820892,0.47500000000000003,0.6266254578754579,0.5384615384615384,0.0,0.6734952756336757,0.6530562724385943,0.04000109247863293,0.1493842452764511,0.0,0.0,0.0,0.0,0.0,18473,global,0.0
1,2,lr1e-05_bs8_drop0p2_temp2p0_a0p25_b0p05__wd1e-04trmiss0_degmodglobal,8,1e-05,0.0001,0.2,2.0,0.25,0.05,lr1e-05_bs8_drop0p2_temp2p0_a0p25_b0p05__wd1e-04trmiss0_degmodglobal,7,0.6710628696850368,0.6708573400974274,0.49999999999999994,0.6787087912087912,0.5384615384615384,0.0,0.6864850691386631,0.6547570994922093,0.039464982758675306,0.12879057547875813,0.0,0.0,0.0,0.0,0.0,18473,global,0.0
1,2,lr1e-05_bs8_drop0p2_temp2p0_a0p25_b0p05__wd1e-04trmiss0_degmodglobal,8,1e-05,0.0001,0.2,2.0,0.25,0.05,lr1e-05_bs8_drop0p2_temp2p0_a0p25_b0p05__wd1e-04trmiss0_degmodglobal,8,0.6623283624649048,0.6735734343528748,0.475,0.6162087912087912,0.5384615384615384,0.0,0.6527673091207232,0.645819400038038,0.042149821030242104,0.11943021097353526,0.0,0.0,0.0,0.0,0.0,18473,global,0.0
1,2,lr1e-05_bs8_drop0p2_temp2p0_a0p25_b0p05__wd1e-04trmiss0_degmodglobal,8,1e-05,0.0001,0.2,2.0,0.25,0.05,lr1e-05_bs8_drop0p2_temp2p0_a0p25_b0p05__wd1e-04trmiss0_degmodglobal,9,0.6778033801487514,0.6741331219673157,0.475,0.6162087912087912,0.5384615384615384,0.0,0.6591816203934806,0.6594427653721401,0.041487780532666614,0.15977332315274648,0.0,0.0,0.0,0.0,0.0,18473,global,0.0
1,2,lr1e-05_bs8_drop0p2_temp2p0_a0p25_b0p05__wd1e-04trmiss0_degmodglobal,8,1e-05,0.0001,0.2,2.0,0.25,0.05,lr1e-05_bs8_drop0p2_temp2p0_a0p25_b0p05__wd1e-04trmiss0_degmodglobal,10,0.6599118198667254,0.6727485656738281,0.475,0.6162087912087912,0.5384615384615384,0.0,0.6399367281368801,0.6430635878017971,0.03967230926666941,0.1386029331811837,0.0,0.0,0.0,0.0,0.0,18473,global,0.0
1,2,lr1e-05_bs8_drop0p2_temp2p0_a0p25_b0p05__wd1e-04trmiss0_degmodglobal,8,1e-05,0.0001,0.2,2.0,0.25,0.05,lr1e-05_bs8_drop0p2_temp2p0_a0p25_b0p05__wd1e-04trmiss0_degmodglobal,11,0.6597666570118496,0.6732185781002045,0.475,0.6162087912087912,0.5384615384615384,0.0,0.6280620268412999,0.6454446656363351,0.03520762734115124,0.11040154631648745,0.0,0.0,0.0,0.0,0.0,18473,global,0.0
1,2,lr1e-05_bs8_drop0p2_temp2p0_a0p25_b0p05__wd1e-04trmiss0_degmodglobal,8,1e-05,0.0001,0.2,2.0,0.25,0.05,lr1e-05_bs8_drop0p2_temp2p0_a0p25_b0p05__wd1e-04trmiss0_degmodglobal,12,0.6572767410959516,0.6743895411491394,0.475,0.6162087912087912,0.5384615384615384,0.0,0.6415738803999764,0.6407269665173122,0.038909965859992166,0.1364453567990235,0.0,0.0,0.0,0.0,0.0,18473,global,0.0
1,2,lr1e-05_bs8_drop0p2_temp2p0_a0p25_b0p05__wd1e-04trmiss0_degmodglobal,8,1e-05,0.0001,0.2,2.0,0.25,0.05,lr1e-05_bs8_drop0p2_temp2p0_a0p25_b0p05__wd1e-04trmiss0_degmodglobal,13,0.6667007378169468,0.6735893785953522,0.525,0.6307921245421245,0.5384615384615384,0.0,0.6613787412643433,0.650002488068172,0.042226250150374005,0.12283363831894738,0.0,0.0,0.0,0.0,0.0,18473,global,0.0
1,2,lr1e-05_bs8_drop0p2_temp2p0_a0p25_b0p05__wd1e-04trmiss0_degmodglobal,8,1e-05,0.0001,0.2,2.0,0.25,0.05,lr1e-05_bs8_drop0p2_temp2p0_a0p25_b0p05__wd1e-04trmiss0_degmodglobal,14,0.6564945919173104,0.6770139634609222,0.55,0.6516254578754579,0.5384615384615384,0.0,0.6268549987248012,0.6419523443494525,0.034931349967207224,0.11618814564176969,0.0,0.0,0.0,0.0,0.0,18473,global,0.0
1,2,lr1e-05_bs8_drop0p2_temp2p0_a0p25_b0p05__wd1e-04trmiss0_degmodglobal,8,1e-05,0.0001,0.2,2.0,0.25,0.05,lr1e-05_bs8_drop0p2_temp2p0_a0p25_b0p05__wd1e-04trmiss0_degmodglobal,15,0.6456265023776463,0.6810043156147003,0.5750000000000001,0.6613476800976801,0.5384615384615384,0.0,0.6372249467032296,0.6311618856021336,0.032954594386475425,0.12451924490077156,0.0,0.0,0.0,0.0,0.0,18473,global,0.0
1,2,lr1e-05_bs8_drop0p2_temp2p0_a0p25_b0p05__wd1e-04trmiss0_degmodglobal,8,1e-05,0.0001,0.2,2.0,0.25,0.05,lr1e-05_bs8_drop0p2_temp2p0_a0p25_b0p05__wd1e-04trmiss0_degmodglobal,16,0.6538694671222142,0.6826783120632172,0.5750000000000001,0.6613476800976801,0.5384615384615384,0.0,0.6405548964227948,0.6354500225612095,0.04337357570018087,0.15152080144201005,0.0,0.0,0.0,0.0,0.0,18473,global,0.0
1,2,lr1e-05_bs8_drop0p2_temp2p0_a0p25_b0p05__wd1e-04trmiss0_degmodglobal,8,1e-05,0.0001,0.2,2.0,0.25,0.05,lr1e-05_bs8_drop0p2_temp2p0_a0p25_b0p05__wd1e-04trmiss0_degmodglobal,17,0.6474566374506269,0.6844859421253204,0.575,0.6703754578754579,0.5384615384615384,0.0,0.6348749569484166,0.6336923582213265,0.03641184898359435,0.09322652220726013,0.0,0.0,0.0,0.0,0.0,18473,global,0.0
1,2,lr1e-05_bs8_drop0p2_temp2p0_a0p25_b0p05__wd1e-04trmiss0_degmodglobal,8,1e-05,0.0001,0.2,2.0,0.25,0.05,lr1e-05_bs8_drop0p2_temp2p0_a0p25_b0p05__wd1e-04trmiss0_degmodglobal,18,0.6511809570448739,0.6857205927371979,0.575,0.6703754578754579,0.5384615384615384,0.0,0.6414968626839774,0.6369709202221462,0.03374216945043632,0.11548970160739762,0.0,0.0,0.0,0.0,0.0,18473,global,0.0
1,2,lr1e-05_bs8_drop0p2_temp2p0_a0p25_b0p05__wd1e-04trmiss0_degmodglobal,8,1e-05,0.0001,0.2,2.0,0.25,0.05,lr1e-05_bs8_drop0p2_temp2p0_a0p25_b0p05__wd1e-04trmiss0_degmodglobal,19,0.6613025324685233,0.6850250363349915,0.6000000000000001,0.6800976800976801,0.5384615384615384,0.0,0.6295320476804461,0.6454809308052063,0.03658887264983995,0.13348756836993353,0.0,0.0,0.0,0.0,0.0,18473,global,0.0
1,2,lr1e-05_bs8_drop0p2_temp2p0_a0p25_b0p05__wd1e-04trmiss0_degmodglobal,8,1e-05,0.0001,0.2,2.0,0.25,0.05,lr1e-05_bs8_drop0p2_temp2p0_a0p25_b0p05__wd1e-04trmiss0_degmodglobal,20,0.649685263633728,0.6848928332328796,0.575,0.6703754578754579,0.5384615384615384,0.0,0.634777307510376,0.6343078783580235,0.0360463574262602,0.12731623809252465,0.0,0.0,0.0,0.0,0.0,18473,global,0.0
1,2,lr1e-05_bs8_drop0p2_temp2p0_a0p25_b0p05__wd1e-04trmiss0_degmodglobal,8,1e-05,0.0001,0.2,2.0,0.25,0.05,lr1e-05_bs8_drop0p2_temp2p0_a0p25_b0p05__wd1e-04trmiss0_degmodglobal,21,0.6441360030855451,0.6853339374065399,0.6000000000000001,0.6800976800976801,0.5384615384615384,0.0,0.6109305364745004,0.6290840932301113,0.03555120634181159,0.12328216167432922,0.0,0.0,0.0,0.0,0.0,18473,global,0.0
1,2,lr1e-05_bs8_drop0p2_temp2p0_a0p25_b0p05__wd1e-04trmiss0_degmodglobal,8,1e-05,0.0001,0.2,2.0,0.25,0.05,lr1e-05_bs8_drop0p2_temp2p0_a0p25_b0p05__wd1e-04trmiss0_degmodglobal,22,0.6389240622520447,0.6864941716194153,0.575,0.6703754578754579,0.5384615384615384,0.0,0.6106423905917576,0.6244663170405796,0.03441293032041618,0.11709001234599523,0.0,0.0,0.0,0.0,0.0,18473,global,0.0
1,2,lr1e-05_bs8_drop0p2_temp2p0_a0p25_b0p05__wd1e-04trmiss0_degmodglobal,8,1e-05,0.0001,0.2,2.0,0.25,0.05,lr1e-05_bs8_drop0p2_temp2p0_a0p25_b0p05__wd1e-04trmiss0_degmodglobal,23,0.6232145343508039,0.6882761418819427,0.5249999999999999,0.6603375790875792,0.5384615384615384,0.0,0.6269680687359401,0.607848482472556,0.03564915885882718,0.1290752435369151,0.0,0.0,0.0,0.0,0.0,18473,global,0.0
1,2,lr1e-05_bs8_drop0p2_temp2p0_a0p25_b0p05__wd1e-04trmiss0_degmodglobal,8,1e-05,0.0001,0.2,2.0,0.25,0.05,lr1e-05_bs8_drop0p2_temp2p0_a0p25_b0p05__wd1e-04trmiss0_degmodglobal,24,0.6369312575885228,0.685695230960846,0.5249999999999999,0.6603375790875792,0.5384615384615384,0.0,0.6221425618444171,0.6220855712890625,0.03647166596991675,0.11455537165914263,0.0,0.0,0.0,0.0,0.0,18473,global,0.0
1,2,lr1e-05_bs8_drop0p2_temp2p0_a0p25_b0p05__wd1e-04trmiss0_degmodglobal,8,1e-05,0.0001,0.2,2.0,0.25,0.05,lr1e-05_bs8_drop0p2_temp2p0_a0p25_b0p05__wd1e-04trmiss0_degmodglobal,25,0.6301729423659188,0.6853362917900085,0.6,0.6870421245421245,0.5384615384615384,0.0,0.6249028614589146,0.615291144166674,0.03505361106778894,0.1223678897534098,0.0,0.0,0.0,0.0,0.0,18473,global,0.0
1,2,lr1e-05_bs8_drop0p2_temp2p0_a0p25_b0p05__wd1e-04trmiss0_degmodglobal,8,1e-05,0.0001,0.2,2.0,0.25,0.05,lr1e-05_bs8_drop0p2_temp2p0_a0p25_b0p05__wd1e-04trmiss0_degmodglobal,26,0.6259395224707467,0.6854486465454102,0.5499999999999999,0.6686709124209125,0.5384615384615384,0.0,0.6086810060909816,0.6128490396908352,0.03328063591782536,0.09540665468999318,0.0,0.0,0.0,0.0,0.0,18473,global,0.0
1,2,lr1e-05_bs8_drop0p2_temp2p0_a0p25_b0p05__wd1e-04trmiss0_degmodglobal,8,1e-05,0.0001,0.2,2.0,0.25,0.05,lr1e-05_bs8_drop0p2_temp2p0_a0p25_b0p05__wd1e-04trmiss0_degmodglobal,27,0.6431376252855573,0.6860177218914032,0.575,0.6790875790875791,0.5384615384615384,0.0,0.6029449360711234,0.6244544557162693,0.04360788581626756,0.15562391600438527,0.0,0.0,0.0,0.0,0.0,18473,global,0.0
1,2,lr1e-05_bs8_drop0p2_temp2p0_a0p25_b0p05__wd1e-04trmiss0_degmodglobal,8,1e-05,0.0001,0.2,2.0,0.25,0.05,lr1e-05_bs8_drop0p2_temp2p0_a0p25_b0p05__wd1e-04trmiss0_degmodglobal,28,0.6234415258680072,0.686674028635025,0.5499999999999999,0.6686709124209125,0.5384615384615384,0.0,0.6076504502977643,0.6056508592196873,0.04097389083887849,0.15094367734023503,0.0,0.0,0.0,0.0,0.0,18473,global,0.0
1,2,lr1e-05_bs8_drop0p2_temp2p0_a0p25_b0p05__wd1e-04trmiss0_degmodglobal,8,1e-05,0.0001,0.2,2.0,0.25,0.05,lr1e-05_bs8_drop0p2_temp2p0_a0p25_b0p05__wd1e-04trmiss0_degmodglobal,29,0.6281110303742545,0.6868278086185455,0.5249999999999999,0.6603375790875792,0.5384615384615384,0.0,0.6070638043539864,0.6133551256997245,0.034827624048505514,0.12098001688718796,0.0,0.0,0.0,0.0,0.0,18473,global,0.0
1,2,lr1e-05_bs8_drop0p2_temp2p0_a0p25_b0p05__wd1e-04trmiss0_degmodglobal,8,1e-05,0.0001,0.2,2.0,0.25,0.05,lr1e-05_bs8_drop0p2_temp2p0_a0p25_b0p05__wd1e-04trmiss0_degmodglobal,30,0.6599105937140328,0.686198890209198,0.5,0.6537087912087913,0.5384615384615384,0.0,0.5961230312074933,0.6438755648476737,0.03707726379590375,0.1353142224252224,0.0,0.0,0.0,0.0,0.0,18473,global,0.0
1,2,lr1e-05_bs8_drop0p2_temp2p0_a0p25_b0p05__wd1e-04trmiss0_degmodglobal,8,1e-05,0.0001,0.2,2.0,0.25,0.05,lr1e-05_bs8_drop0p2_temp2p0_a0p25_b0p05__wd1e-04trmiss0_degmodglobal,31,0.652051934174129,0.6864245235919952,0.5499999999999999,0.6686709124209125,0.5384615384615384,0.0,0.6012065155165536,0.6359760335513523,0.03521535040012428,0.1454410372035844,0.0,0.0,0.0,0.0,0.0,18473,global,0.0
1,2,lr1e-05_bs8_drop0p2_temp2p0_a0p25_b0p05__wd1e-04trmiss0_degmodglobal,8,1e-05,0.0001,0.2,2.0,0.25,0.05,lr1e-05_bs8_drop0p2_temp2p0_a0p25_b0p05__wd1e-04trmiss0_degmodglobal,32,0.6398001398359027,0.6872624456882477,0.5499999999999999,0.6686709124209125,0.5384615384615384,0.0,0.5841466912201473,0.6227659583091736,0.0376788353813546,0.1522891686430999,0.0,0.0,0.0,0.0,0.0,18473,global,0.0
1,2,lr1e-05_bs8_drop0p2_temp2p0_a0p25_b0p05__wd1e-04trmiss0_degmodglobal,8,1e-05,0.0001,0.2,2.0,0.25,0.05,lr1e-05_bs8_drop0p2_temp2p0_a0p25_b0p05__wd1e-04trmiss0_degmodglobal,33,0.6299277288573129,0.6858046054840088,0.5249999999999999,0.6603375790875792,0.5384615384615384,0.0,0.5973467571394784,0.6148148264203753,0.034705238682883124,0.12873181062085287,0.0,0.0,0.0,0.0,0.0,18473,global,0.0
1,2,lr1e-05_bs8_drop0p2_temp2p0_a0p25_b0p05__wd1e-04trmiss0_degmodglobal,8,1e-05,0.0001,0.2,2.0,0.25,0.05,lr1e-05_bs8_drop0p2_temp2p0_a0p25_b0p05__wd1e-04trmiss0_degmodglobal,34,0.638079047203064,0.686969667673111,0.5249999999999999,0.6603375790875792,0.5384615384615384,0.0,0.5940753817558289,0.6205899715423584,0.04051463066467217,0.147208500121321,0.0,0.0,0.0,0.0,0.0,18473,global,0.0
1,2,lr1e-05_bs8_drop0p2_temp2p0_a0p25_b0p05__wd1e-04trmiss0_degmodglobal,8,1e-05,0.0001,0.2,2.0,0.25,0.05,lr1e-05_bs8_drop0p2_temp2p0_a0p25_b0p05__wd1e-04trmiss0_degmodglobal,35,0.6564848167555672,0.68808713555336,0.5,0.6537087912087913,0.5384615384615384,0.0,0.5744554144995553,0.636208346911839,0.0467995676611151,0.17153173897947585,0.0,0.0,0.0,0.0,0.0,18473,global,0.0
1,2,lr1e-05_bs8_drop0p2_temp2p0_a0p25_b0p05__wd1e-04trmiss0_degmodglobal,8,1e-05,0.0001,0.2,2.0,0.25,0.05,lr1e-05_bs8_drop0p2_temp2p0_a0p25_b0p05__wd1e-04trmiss0_degmodglobal,36,0.6417173743247986,0.6890328824520111,0.5499999999999999,0.6686709124209125,0.5384615384615384,0.0,0.5957019754818508,0.6252351828983852,0.037776915090424676,0.14075959473848343,0.0,0.0,0.0,0.0,0.0,18473,global,0.0
1,2,lr1e-05_bs8_drop0p2_temp2p0_a0p25_b0p05__wd1e-04trmiss0_degmodglobal,8,1e-05,0.0001,0.2,2.0,0.25,0.05,lr1e-05_bs8_drop0p2_temp2p0_a0p25_b0p05__wd1e-04trmiss0_degmodglobal,37,0.6606609054974147,0.6879461109638214,0.5249999999999999,0.6603375790875792,0.5384615384615384,0.0,0.5960514715739659,0.6420743806021554,0.04401865974068642,0.15163721782820566,0.0,0.0,0.0,0.0,0.0,18473,global,0.0
1,2,lr1e-05_bs8_drop0p2_temp2p0_a0p25_b0p05__wd1e-04trmiss0_degmodglobal,8,1e-05,0.0001,0.2,2.0,0.25,0.05,lr1e-05_bs8_drop0p2_temp2p0_a0p25_b0p05__wd1e-04trmiss0_degmodglobal,38,0.641640441758292,0.6879630982875824,0.5,0.6537087912087913,0.5384615384615384,0.0,0.5874275139399937,0.6212862474577767,0.04470741216625486,0.1835469656756946,0.0,0.0,0.0,0.0,0.0,18473,global,0.0
1,2,lr1e-05_bs8_drop0p2_temp2p0_a0p25_b0p05__wd1e-04trmiss0_degmodglobal,8,1e-05,0.0001,0.2,2.0,0.25,0.05,lr1e-05_bs8_drop0p2_temp2p0_a0p25_b0p05__wd1e-04trmiss0_degmodglobal,39,0.6315479108265468,0.6891882121562958,0.5249999999999999,0.6603375790875792,0.5384615384615384,0.0,0.5973441515650068,0.6149991239820208,0.038167396294219155,0.14013913699558803,0.0,0.0,0.0,0.0,0.0,18473,global,0.0
1,2,lr1e-05_bs8_drop0p4_temp1p0_a0p25_b0p05__wd1e-04trmiss0_degmodglobal,8,1e-05,0.0001,0.4,1.0,0.25,0.05,lr1e-05_bs8_drop0p4_temp1p0_a0p25_b0p05__wd1e-04trmiss0_degmodglobal,1,0.7620564273425511,0.6876955032348633,0.575,0.740625,0.46153846153846156,0.0,0.6898203492164612,0.7340262361935207,0.07163391900914055,0.20243448976959502,0.0,0.0,0.0,0.0,0.0,18473,global,0.0
1,2,lr1e-05_bs8_drop0p4_temp1p0_a0p25_b0p05__wd1e-04trmiss0_degmodglobal,8,1e-05,0.0001,0.4,1.0,0.25,0.05,lr1e-05_bs8_drop0p4_temp1p0_a0p25_b0p05__wd1e-04trmiss0_degmodglobal,2,0.742730302470071,0.6869885623455048,0.575,0.747470238095238,0.46153846153846156,0.0,0.6755879691668919,0.7134312646729606,0.07716881058045796,0.2001366423709052,0.0,0.0,0.0,0.0,0.0,18473,global,0.0
1,2,lr1e-05_bs8_drop0p4_temp1p0_a0p25_b0p05__wd1e-04trmiss0_degmodglobal,8,1e-05,0.0001,0.4,1.0,0.25,0.05,lr1e-05_bs8_drop0p4_temp1p0_a0p25_b0p05__wd1e-04trmiss0_degmodglobal,3,0.7507068855421883,0.68996861577034,0.6,0.778720238095238,0.5384615384615384,0.0,0.6835339154515948,0.7127597076552254,0.09582189576966423,0.2798343300819397,0.0,0.0,0.0,0.0,0.0,18473,global,0.0
1,2,lr1e-05_bs8_drop0p4_temp1p0_a0p25_b0p05__wd1e-04trmiss0_degmodglobal,8,1e-05,0.0001,0.4,1.0,0.25,0.05,lr1e-05_bs8_drop0p4_temp1p0_a0p25_b0p05__wd1e-04trmiss0_degmodglobal,4,0.7121207288333348,0.6917543411254883,0.6,0.778720238095238,0.5384615384615384,0.0,0.6648133907999311,0.6830024123191833,0.0742345457630498,0.2111939021519252,0.0,0.0,0.0,0.0,0.0,18473,global,0.0
1,2,lr1e-05_bs8_drop0p4_temp1p0_a0p25_b0p05__wd1e-04trmiss0_degmodglobal,8,1e-05,0.0001,0.4,1.0,0.25,0.05,lr1e-05_bs8_drop0p4_temp1p0_a0p25_b0p05__wd1e-04trmiss0_degmodglobal,5,0.7039413026400975,0.6959365010261536,0.625,0.7906249999999999,0.5384615384615384,0.0,0.6867891550064087,0.6803096617971148,0.06145027545945985,0.16538174929363386,0.0,0.0,0.0,0.0,0.0,18473,global,0.0
1,2,lr1e-05_bs8_drop0p4_temp1p0_a0p25_b0p05__wd1e-04trmiss0_degmodglobal,8,1e-05,0.0001,0.4,1.0,0.25,0.05,lr1e-05_bs8_drop0p4_temp1p0_a0p25_b0p05__wd1e-04trmiss0_degmodglobal,6,0.7155254483222961,0.6987728178501129,0.6,0.7593749999999999,0.46153846153846156,0.0,0.6582258769444057,0.6883602653230939,0.06359598838857242,0.22532379733664648,0.0,0.0,0.0,0.0,0.0,18473,global,0.0
1,2,lr1e-05_bs8_drop0p4_temp1p0_a0p25_b0p05__wd1e-04trmiss0_degmodglobal,8,1e-05,0.0001,0.4,1.0,0.25,0.05,lr1e-05_bs8_drop0p4_temp1p0_a0p25_b0p05__wd1e-04trmiss0_degmodglobal,7,0.6858561720166888,0.7022462785243988,0.6,0.7593749999999999,0.46153846153846156,0.0,0.6684743165969849,0.6617005893162319,0.06959986527051244,0.13511222388063157,0.0,0.0,0.0,0.0,0.0,18473,global,0.0
1,2,lr1e-05_bs8_drop0p4_temp1p0_a0p25_b0p05__wd1e-04trmiss0_degmodglobal,8,1e-05,0.0001,0.4,1.0,0.25,0.05,lr1e-05_bs8_drop0p4_temp1p0_a0p25_b0p05__wd1e-04trmiss0_degmodglobal,8,0.7335757868630546,0.7020532488822937,0.6,0.7593749999999999,0.46153846153846156,0.0,0.6512091755867004,0.6970234428133283,0.08560349472931453,0.30302938180310385,0.0,0.0,0.0,0.0,0.0,18473,global,0.0
1,2,lr1e-05_bs8_drop0p4_temp1p0_a0p25_b0p05__wd1e-04trmiss0_degmodglobal,8,1e-05,0.0001,0.4,1.0,0.25,0.05,lr1e-05_bs8_drop0p4_temp1p0_a0p25_b0p05__wd1e-04trmiss0_degmodglobal,9,0.7115551403590611,0.6963561177253723,0.6,0.7593749999999999,0.5384615384615384,0.0,0.6548305238996234,0.681037860257285,0.08146188195262637,0.2030364434633936,0.0,0.0,0.0,0.0,0.0,18473,global,0.0
1,2,lr1e-05_bs8_drop0p4_temp1p0_a0p25_b0p05__wd1e-04trmiss0_degmodglobal,8,1e-05,0.0001,0.4,1.0,0.25,0.05,lr1e-05_bs8_drop0p4_temp1p0_a0p25_b0p05__wd1e-04trmiss0_degmodglobal,10,0.7200017826897758,0.6966908872127533,0.6,0.7593749999999999,0.5384615384615384,0.0,0.6395234210150582,0.6934993181909833,0.06613578274846077,0.19937047681638173,0.0,0.0,0.0,0.0,0.0,18473,global,0.0
1,2,lr1e-05_bs8_drop0p4_temp1p0_a0p25_b0p05__wd1e-04trmiss0_degmodglobal,8,1e-05,0.0001,0.4,1.0,0.25,0.05,lr1e-05_bs8_drop0p4_temp1p0_a0p25_b0p05__wd1e-04trmiss0_degmodglobal,11,0.71324223279953,0.6988913416862488,0.6,0.7593749999999999,0.5384615384615384,0.0,0.6319341829844883,0.6817944986479623,0.08175742306879588,0.22016783484390803,0.0,0.0,0.0,0.0,0.0,18473,global,0.0
1,2,lr1e-05_bs8_drop0p4_temp1p0_a0p25_b0p05__wd1e-04trmiss0_degmodglobal,8,1e-05,0.0001,0.4,1.0,0.25,0.05,lr1e-05_bs8_drop0p4_temp1p0_a0p25_b0p05__wd1e-04trmiss0_degmodglobal,12,0.6929624080657959,0.6968139708042145,0.6,0.7593749999999999,0.5384615384615384,0.0,0.65843608549663,0.6628046461514064,0.08202993710126195,0.1930058683667864,0.0,0.0,0.0,0.0,0.0,18473,global,0.0
1,2,lr1e-05_bs8_drop0p4_temp1p0_a0p25_b0p05__wd1e-04trmiss0_degmodglobal,8,1e-05,0.0001,0.4,1.0,0.25,0.05,lr1e-05_bs8_drop0p4_temp1p0_a0p25_b0p05__wd1e-04trmiss0_degmodglobal,13,0.6913506218365261,0.6976747214794159,0.625,0.7906249999999999,0.5384615384615384,0.0,0.6297908084733146,0.6650735906192234,0.07203845999070577,0.165348154093538,0.0,0.0,0.0,0.0,0.0,18473,global,0.0
1,2,lr1e-05_bs8_drop0p4_temp1p0_a0p25_b0p05__wd1e-04trmiss0_degmodglobal,8,1e-05,0.0001,0.4,1.0,0.25,0.05,lr1e-05_bs8_drop0p4_temp1p0_a0p25_b0p05__wd1e-04trmiss0_degmodglobal,14,0.6992474964686802,0.6949605643749237,0.625,0.7906249999999999,0.5384615384615384,0.0,0.6472552418708801,0.6655062096459525,0.08833951290164675,0.2331280271921839,0.0,0.0,0.0,0.0,0.0,18473,global,0.0
1,2,lr1e-05_bs8_drop0p4_temp1p0_a0p25_b0p05__wd1e-04trmiss0_degmodglobal,8,1e-05,0.0001,0.4,1.0,0.25,0.05,lr1e-05_bs8_drop0p4_temp1p0_a0p25_b0p05__wd1e-04trmiss0_degmodglobal,15,0.7077769892556327,0.691717803478241,0.6499999999999999,0.8072916666666666,0.5384615384615384,0.0,0.6311204433441162,0.674098287309919,0.0819874427148274,0.26363662630319595,0.0,0.0,0.0,0.0,0.0,18473,global,0.0
1,2,lr1e-05_bs8_drop0p4_temp1p0_a0p25_b0p05__wd1e-04trmiss0_degmodglobal,8,1e-05,0.0001,0.4,1.0,0.25,0.05,lr1e-05_bs8_drop0p4_temp1p0_a0p25_b0p05__wd1e-04trmiss0_degmodglobal,16,0.6904635769980294,0.6908409893512726,0.6499999999999999,0.8072916666666666,0.5384615384615384,0.0,0.6394276874405997,0.6576991677284241,0.0861628417457853,0.22447428107261658,0.0,0.0,0.0,0.0,0.0,18473,global,0.0
1,2,lr1e-05_bs8_drop0p4_temp1p0_a0p25_b0p05__wd1e-04trmiss0_degmodglobal,8,1e-05,0.0001,0.4,1.0,0.25,0.05,lr1e-05_bs8_drop0p4_temp1p0_a0p25_b0p05__wd1e-04trmiss0_degmodglobal,17,0.6979903323309762,0.6917992532253265,0.625,0.8008814102564102,0.5384615384615384,0.0,0.6059212854930333,0.6671748842511859,0.07706347640071597,0.2309915849140712,0.0,0.0,0.0,0.0,0.0,18473,global,0.0
1,2,lr1e-05_bs8_drop0p4_temp1p0_a0p25_b0p05__wd1e-04trmiss0_degmodglobal,8,1e-05,0.0001,0.4,1.0,0.25,0.05,lr1e-05_bs8_drop0p4_temp1p0_a0p25_b0p05__wd1e-04trmiss0_degmodglobal,18,0.7028847507068089,0.6940561830997467,0.625,0.8008814102564102,0.5384615384615384,0.0,0.6343930193356105,0.6726415242467608,0.07366984976189477,0.23651513989482606,0.0,0.0,0.0,0.0,0.0,18473,global,0.0
1,2,lr1e-05_bs8_drop0p4_temp1p0_a0p25_b0p05__wd1e-04trmiss0_degmodglobal,8,1e-05,0.0001,0.4,1.0,0.25,0.05,lr1e-05_bs8_drop0p4_temp1p0_a0p25_b0p05__wd1e-04trmiss0_degmodglobal,19,0.6782136814934867,0.694421261548996,0.6000000000000001,0.7842147435897435,0.5384615384615384,0.0,0.5741188100406102,0.6410210984093803,0.09452255495956965,0.2712390273809433,0.0,0.0,0.0,0.0,0.0,18473,global,0.0
1,2,lr1e-05_bs8_drop0p4_temp1p0_a0p25_b0p05__wd1e-04trmiss0_degmodglobal,8,1e-05,0.0001,0.4,1.0,0.25,0.05,lr1e-05_bs8_drop0p4_temp1p0_a0p25_b0p05__wd1e-04trmiss0_degmodglobal,20,0.6693037322589329,0.695055365562439,0.625,0.8008814102564102,0.5384615384615384,0.0,0.6732370597975594,0.6384330136435372,0.0831459563757692,0.20168485811778478,0.0,0.0,0.0,0.0,0.0,18473,global,0.0
1,2,lr1e-05_bs8_drop0p4_temp1p0_a0p25_b0p05__wd1e-04trmiss0_degmodglobal,8,1e-05,0.0001,0.4,1.0,0.25,0.05,lr1e-05_bs8_drop0p4_temp1p0_a0p25_b0p05__wd1e-04trmiss0_degmodglobal,21,0.6944140025547573,0.6911202371120453,0.6,0.7929268648018648,0.5384615384615384,0.0,0.6002433555466788,0.6666699392454964,0.07431557402014732,0.18330328272921698,0.0,0.0,0.0,0.0,0.0,18473,global,0.0
1,2,lr1e-05_bs8_drop0p4_temp1p0_a0p25_b0p05__wd1e-04trmiss0_degmodglobal,8,1e-05,0.0001,0.4,1.0,0.25,0.05,lr1e-05_bs8_drop0p4_temp1p0_a0p25_b0p05__wd1e-04trmiss0_degmodglobal,22,0.7038900171007428,0.6893055438995361,0.625,0.8008814102564102,0.5384615384615384,0.0,0.6109843850135803,0.6754756399563381,0.0734749643930367,0.2009124979376793,0.0,0.0,0.0,0.0,0.0,18473,global,0.0
1,2,lr1e-05_bs8_drop0p4_temp1p0_a0p25_b0p05__wd1e-04trmiss0_degmodglobal,8,1e-05,0.0001,0.4,1.0,0.25,0.05,lr1e-05_bs8_drop0p4_temp1p0_a0p25_b0p05__wd1e-04trmiss0_degmodglobal,23,0.725348711013794,0.6885479688644409,0.625,0.8008814102564102,0.5384615384615384,0.0,0.618892320564815,0.6940821749823434,0.07761037243264061,0.23727892977850779,0.0,0.0,0.0,0.0,0.0,18473,global,0.0
1,2,lr1e-05_bs8_drop0p4_temp1p0_a0p25_b0p05__wd1e-04trmiss0_degmodglobal,8,1e-05,0.0001,0.4,1.0,0.25,0.05,lr1e-05_bs8_drop0p4_temp1p0_a0p25_b0p05__wd1e-04trmiss0_degmodglobal,24,0.6901866027287075,0.688779205083847,0.65,0.8120421245421245,0.5384615384615384,0.0,0.6135820490973336,0.6558445862361363,0.09381343637193952,0.2177732778447015,0.0,0.0,0.0,0.0,0.0,18473,global,0.0
1,2,lr1e-05_bs8_drop0p4_temp1p0_a0p25_b0p05__wd1e-04trmiss0_degmodglobal,8,1e-05,0.0001,0.4,1.0,0.25,0.05,lr1e-05_bs8_drop0p4_temp1p0_a0p25_b0p05__wd1e-04trmiss0_degmodglobal,25,0.6887942808015006,0.6917062103748322,0.65,0.8120421245421245,0.5384615384615384,0.0,0.5991283740316119,0.6550538114139012,0.08755355328321457,0.23704198747873306,0.0,0.0,0.0,0.0,0.0,18473,global,0.0
1,2,lr1e-05_bs8_drop0p4_temp1p0_a0p25_b0p05__wd1e-04trmiss0_degmodglobal,8,1e-05,0.0001,0.4,1.0,0.25,0.05,lr1e-05_bs8_drop0p4_temp1p0_a0p25_b0p05__wd1e-04trmiss0_degmodglobal,26,0.6704873357500348,0.6939100325107574,0.625,0.8040875790875791,0.5384615384615384,0.0,0.6207422188350132,0.6365841201373509,0.09305982717445918,0.2127651452486004,0.0,0.0,0.0,0.0,0.0,18473,global,0.0
1,2,lr1e-05_bs8_drop0p4_temp1p0_a0p25_b0p05__wd1e-04trmiss0_degmodglobal,8,1e-05,0.0001,0.4,1.0,0.25,0.05,lr1e-05_bs8_drop0p4_temp1p0_a0p25_b0p05__wd1e-04trmiss0_degmodglobal,27,0.7005808183125087,0.6944709122180939,0.5750000000000001,0.7845935314685315,0.5384615384615384,0.0,0.5865696498325893,0.6671034097671509,0.08341205652270998,0.2524877424751009,0.0,0.0,0.0,0.0,0.0,18473,global,0.0
1,2,lr1e-05_bs8_drop0p4_temp1p0_a0p25_b0p05__wd1e-04trmiss0_degmodglobal,8,1e-05,0.0001,0.4,1.0,0.25,0.05,lr1e-05_bs8_drop0p4_temp1p0_a0p25_b0p05__wd1e-04trmiss0_degmodglobal,28,0.6885735818317958,0.6945399641990662,0.6,0.7929268648018648,0.5384615384615384,0.0,0.5999334709984916,0.6558982048715863,0.08377226548535484,0.23464602019105638,0.0,0.0,0.0,0.0,0.0,18473,global,0.0
1,2,lr1e-05_bs8_drop0p4_temp1p0_a0p25_b0p05__wd1e-04trmiss0_degmodglobal,8,1e-05,0.0001,0.4,1.0,0.25,0.05,lr1e-05_bs8_drop0p4_temp1p0_a0p25_b0p05__wd1e-04trmiss0_degmodglobal,29,0.6982753617422921,0.6919185519218445,0.65,0.8120421245421245,0.5384615384615384,0.0,0.5983706031526838,0.6524177363940648,0.12204239517450333,0.30694050980465754,0.0,0.0,0.0,0.0,0.0,18473,global,0.0
1,2,lr1e-05_bs8_drop0p4_temp1p0_a0p25_b0p05__wd1e-04trmiss0_degmodglobal,8,1e-05,0.0001,0.4,1.0,0.25,0.05,lr1e-05_bs8_drop0p4_temp1p0_a0p25_b0p05__wd1e-04trmiss0_degmodglobal,30,0.6870655928339277,0.6916157901287079,0.625,0.8008814102564102,0.5384615384615384,0.0,0.6146055374826703,0.6498967579432896,0.09941668914897102,0.24629295191594533,0.0,0.0,0.0,0.0,0.0,18473,global,0.0
1,2,lr1e-05_bs8_drop0p4_temp1p0_a0p25_b0p05__wd1e-04trmiss0_degmodglobal,8,1e-05,0.0001,0.4,1.0,0.25,0.05,lr1e-05_bs8_drop0p4_temp1p0_a0p25_b0p05__wd1e-04trmiss0_degmodglobal,31,0.6794195430619376,0.6910618841648102,0.625,0.8008814102564102,0.5384615384615384,0.0,0.5860352856772286,0.6496471336909703,0.08243809161441666,0.18325797468423843,0.0,0.0,0.0,0.0,0.0,18473,global,0.0
1,2,lr1e-05_bs8_drop0p4_temp1p0_a0p25_b0p05__wd1e-04trmiss0_degmodglobal,8,1e-05,0.0001,0.4,1.0,0.25,0.05,lr1e-05_bs8_drop0p4_temp1p0_a0p25_b0p05__wd1e-04trmiss0_degmodglobal,32,0.6957377791404724,0.6919981837272644,0.625,0.8040875790875791,0.5384615384615384,0.0,0.610930757863181,0.6506415350096566,0.10999551947627749,0.35194735122578485,0.0,0.0,0.0,0.0,0.0,18473,global,0.0
1,2,lr1e-05_bs8_drop0p4_temp1p0_a0p25_b0p05__wd1e-04trmiss0_degmodglobal,8,1e-05,0.0001,0.4,1.0,0.25,0.05,lr1e-05_bs8_drop0p4_temp1p0_a0p25_b0p05__wd1e-04trmiss0_degmodglobal,33,0.698242689882006,0.6923664510250092,0.6,0.7957542457542458,0.5384615384615384,0.0,0.5612790925162179,0.64934412922178,0.12919860386422702,0.3319779708981514,0.0,0.0,0.0,0.0,0.0,18473,global,0.0
1,2,lr1e-05_bs8_drop0p4_temp1p0_a0p25_b0p05__wd1e-04trmiss0_degmodglobal,8,1e-05,0.0001,0.4,1.0,0.25,0.05,lr1e-05_bs8_drop0p4_temp1p0_a0p25_b0p05__wd1e-04trmiss0_degmodglobal,34,0.6918412957872663,0.6905918717384338,0.6,0.7957542457542458,0.5384615384615384,0.0,0.5876869303839547,0.6604147723742894,0.08150706227336611,0.22099535380090987,0.0,0.0,0.0,0.0,0.0,18473,global,0.0
1,2,lr1e-05_bs8_drop0p4_temp1p0_a0p25_b0p05__wd1e-04trmiss0_degmodglobal,8,1e-05,0.0001,0.4,1.0,0.25,0.05,lr1e-05_bs8_drop0p4_temp1p0_a0p25_b0p05__wd1e-04trmiss0_degmodglobal,35,0.6807669741766793,0.6944873034954071,0.6,0.7957542457542458,0.5384615384615384,0.0,0.6108571120670864,0.6514174001557487,0.08026156893798284,0.18568320785249984,0.0,0.0,0.0,0.0,0.0,18473,global,0.0
1,2,lr1e-05_bs8_drop0p4_temp1p0_a0p25_b0p05__wd1e-04trmiss0_degmodglobal,8,1e-05,0.0001,0.4,1.0,0.25,0.05,lr1e-05_bs8_drop0p4_temp1p0_a0p25_b0p05__wd1e-04trmiss0_degmodglobal,36,0.7290044341768537,0.6930608749389648,0.6,0.7957542457542458,0.5384615384615384,0.0,0.5958172168050494,0.679334112576076,0.12172577955893107,0.38477751506226404,0.0,0.0,0.0,0.0,0.0,18473,global,0.0
1,2,lr1e-05_bs8_drop0p4_temp1p0_a0p25_b0p05__wd1e-04trmiss0_degmodglobal,8,1e-05,0.0001,0.4,1.0,0.25,0.05,lr1e-05_bs8_drop0p4_temp1p0_a0p25_b0p05__wd1e-04trmiss0_degmodglobal,37,0.6896893552371434,0.6921009719371796,0.65,0.8120421245421245,0.5384615384615384,0.0,0.5473493593079704,0.644530611378806,0.11754816344806127,0.3154339811631611,0.0,0.0,0.0,0.0,0.0,18473,global,0.0
1,2,lr1e-05_bs8_drop0p4_temp1p0_a0p25_b0p05__wd1e-04trmiss0_degmodglobal,8,1e-05,0.0001,0.4,1.0,0.25,0.05,lr1e-05_bs8_drop0p4_temp1p0_a0p25_b0p05__wd1e-04trmiss0_degmodglobal,38,0.6922827192715236,0.6907914578914642,0.65,0.8145042457542457,0.5384615384615384,0.0,0.616730979510716,0.6603663904326302,0.09051067701407842,0.18577307782002858,0.0,0.0,0.0,0.0,0.0,18473,global,0.0
1,2,lr1e-05_bs8_drop0p4_temp1p0_a0p25_b0p05__wd1e-04trmiss0_degmodglobal,8,1e-05,0.0001,0.4,1.0,0.25,0.05,lr1e-05_bs8_drop0p4_temp1p0_a0p25_b0p05__wd1e-04trmiss0_degmodglobal,39,0.7078991276877267,0.6887415647506714,0.7,0.8288690476190477,0.5384615384615384,0.0,0.5890873670578003,0.6694493208612714,0.10445942357182503,0.24669870734214783,0.0,0.0,0.0,0.0,0.0,18473,global,0.0
1,2,lr1e-05_bs8_drop0p4_temp1p0_a0p25_b0p05__wd1e-04trmiss0_degmodglobal,8,1e-05,0.0001,0.4,1.0,0.25,0.05,lr1e-05_bs8_drop0p4_temp1p0_a0p25_b0p05__wd1e-04trmiss0_degmodglobal,40,0.7068456837109157,0.688232809305191,0.7,0.8288690476190477,0.5384615384615384,0.0,0.596125568662371,0.6651992797851562,0.11056467997176307,0.2801045626401901,0.0,0.0,0.0,0.0,0.0,18473,global,0.0
1,2,lr1e-05_bs8_drop0p4_temp1p0_a0p25_b0p05__wd1e-04trmiss0_degmodglobal,8,1e-05,0.0001,0.4,1.0,0.25,0.05,lr1e-05_bs8_drop0p4_temp1p0_a0p25_b0p05__wd1e-04trmiss0_degmodglobal,41,0.711290214742933,0.6891346573829651,0.675,0.8184523809523809,0.5384615384615384,0.0,0.5946603161948067,0.6703771097319466,0.10697867082698005,0.2833685129880905,0.0,0.0,0.0,0.0,0.0,18473,global,0.0
1,2,lr1e-05_bs8_drop0p4_temp1p0_a0p25_b0p05__wd1e-04trmiss0_degmodglobal,8,1e-05,0.0001,0.4,1.0,0.25,0.05,lr1e-05_bs8_drop0p4_temp1p0_a0p25_b0p05__wd1e-04trmiss0_degmodglobal,42,0.7170540264674595,0.6894830465316772,0.65,0.8104978354978355,0.5384615384615384,0.0,0.5615883214133126,0.6761821763856071,0.10149837285280228,0.3099451703684671,0.0,0.0,0.0,0.0,0.0,18473,global,0.0
1,2,lr1e-05_bs8_drop0p4_temp1p0_a0p25_b0p05__wd1e-04trmiss0_degmodglobal,8,1e-05,0.0001,0.4,1.0,0.25,0.05,lr1e-05_bs8_drop0p4_temp1p0_a0p25_b0p05__wd1e-04trmiss0_degmodglobal,43,0.682725327355521,0.6885177493095398,0.65,0.8104978354978355,0.5384615384615384,0.0,0.6188731278691973,0.6555812444005694,0.07351171065654073,0.17532316355832986,0.0,0.0,0.0,0.0,0.0,18473,global,0.0
1,2,lr1e-05_bs8_drop0p4_temp1p0_a0p25_b0p05__wd1e-04trmiss0_degmodglobal,8,1e-05,0.0001,0.4,1.0,0.25,0.05,lr1e-05_bs8_drop0p4_temp1p0_a0p25_b0p05__wd1e-04trmiss0_degmodglobal,44,0.716994149344308,0.6879050135612488,0.65,0.8104978354978355,0.5384615384615384,0.0,0.5903073123523167,0.6712053673607963,0.12044274860194751,0.3135616992201124,0.0,0.0,0.0,0.0,0.0,18473,global,0.0
1,2,lr1e-05_bs8_drop0p4_temp1p0_a0p25_b0p05__wd1e-04trmiss0_degmodglobal,8,1e-05,0.0001,0.4,1.0,0.25,0.05,lr1e-05_bs8_drop0p4_temp1p0_a0p25_b0p05__wd1e-04trmiss0_degmodglobal,45,0.7049737828118461,0.688923716545105,0.6,0.7957542457542458,0.5384615384615384,0.0,0.597500707421984,0.665660193988255,0.10244354924985341,0.2740540658789022,0.0,0.0,0.0,0.0,0.0,18473,global,0.0
1,2,lr1e-05_bs8_drop0p4_temp1p0_a0p25_b0p05__wd1e-04trmiss0_degmodglobal,8,1e-05,0.0001,0.4,1.0,0.25,0.05,lr1e-05_bs8_drop0p4_temp1p0_a0p25_b0p05__wd1e-04trmiss0_degmodglobal,46,0.6979203224182129,0.6896432936191559,0.625,0.8021645021645022,0.5384615384615384,0.0,0.600110479763576,0.6568484646933419,0.11044190983687129,0.26922745789800373,0.0,0.0,0.0,0.0,0.0,18473,global,0.0
1,2,lr1e-05_bs8_drop0p4_temp1p0_a0p25_b0p05__wd1e-04trmiss0_degmodglobal,8,1e-05,0.0001,0.4,1.0,0.25,0.05,lr1e-05_bs8_drop0p4_temp1p0_a0p25_b0p05__wd1e-04trmiss0_degmodglobal,47,0.6913403272628784,0.6911700665950775,0.6,0.7957542457542458,0.5384615384615384,0.0,0.5800524779728481,0.6525167226791382,0.10271260568073817,0.2629095358507974,0.0,0.0,0.0,0.0,0.0,18473,global,0.0
1,2,lr1e-05_bs8_drop0p4_temp1p0_a0p25_b0p05__wd1e-04trmiss0_degmodglobal,8,1e-05,0.0001,0.4,1.0,0.25,0.05,lr1e-05_bs8_drop0p4_temp1p0_a0p25_b0p05__wd1e-04trmiss0_degmodglobal,48,0.6910581503595624,0.6902869343757629,0.65,0.8120421245421245,0.5384615384615384,0.0,0.5918015667370388,0.6494577867644173,0.11275466212204524,0.2682339357478278,0.0,0.0,0.0,0.0,0.0,18473,global,0.0
1,2,lr1e-05_bs8_drop0p4_temp1p0_a0p25_b0p05__wd1e-04trmiss0_degmodglobal,8,1e-05,0.0001,0.4,1.0,0.25,0.05,lr1e-05_bs8_drop0p4_temp1p0_a0p25_b0p05__wd1e-04trmiss0_degmodglobal,49,0.7083286472729274,0.6874147951602936,0.65,0.8145042457542457,0.5384615384615384,0.0,0.5503417381218502,0.6641452057021004,0.11775858806712287,0.2948757867727961,0.0,0.0,0.0,0.0,0.0,18473,global,0.0
1,2,lr1e-05_bs8_drop0p4_temp1p0_a0p25_b0p05__wd1e-04trmiss0_degmodglobal,8,1e-05,0.0001,0.4,1.0,0.25,0.05,lr1e-05_bs8_drop0p4_temp1p0_a0p25_b0p05__wd1e-04trmiss0_degmodglobal,50,0.6984566279820034,0.6866555511951447,0.65,0.8189685314685314,0.5384615384615384,0.0,0.5735536132540021,0.6638351423399789,0.09320379687207085,0.2264107827629362,0.0,0.0,0.0,0.0,0.0,18473,global,0.0
1,2,lr1e-05_bs8_drop0p4_temp1p0_a0p25_b0p05__wd1e-04trmiss0_degmodglobal,8,1e-05,0.0001,0.4,1.0,0.25,0.05,lr1e-05_bs8_drop0p4_temp1p0_a0p25_b0p05__wd1e-04trmiss0_degmodglobal,51,0.7024084329605103,0.6886877119541168,0.6749999999999999,0.8293851981351982,0.5384615384615384,0.0,0.5599360891750881,0.6577637110437665,0.11384831581796918,0.32365267298051287,0.0,0.0,0.0,0.0,0.0,18473,global,0.0
1,2,lr1e-05_bs8_drop0p4_temp1p0_a0p25_b0p05__wd1e-04trmiss0_degmodglobal,8,1e-05,0.0001,0.4,1.0,0.25,0.05,lr1e-05_bs8_drop0p4_temp1p0_a0p25_b0p05__wd1e-04trmiss0_degmodglobal,52,0.6902778659548078,0.6901983320713043,0.65,0.8145042457542457,0.5384615384615384,0.0,0.556549710886819,0.652757568018777,0.09161008681569781,0.2923554331064224,0.0,0.0,0.0,0.0,0.0,18473,global,0.0
1,2,lr1e-05_bs8_drop0p4_temp1p0_a0p25_b0p05__wd1e-04trmiss0_degmodglobal,8,1e-05,0.0001,0.4,1.0,0.25,0.05,lr1e-05_bs8_drop0p4_temp1p0_a0p25_b0p05__wd1e-04trmiss0_degmodglobal,53,0.6964283159800938,0.6873141527175903,0.675,0.8224587912087912,0.5384615384615384,0.0,0.5643296241760254,0.6583444646426609,0.09544017378773008,0.2844768006886755,0.0,0.0,0.0,0.0,0.0,18473,global,0.0
1,2,lr1e-05_bs8_drop0p4_temp1p0_a0p25_b0p05__wd1e-04trmiss0_degmodglobal,8,1e-05,0.0001,0.4,1.0,0.25,0.05,lr1e-05_bs8_drop0p4_temp1p0_a0p25_b0p05__wd1e-04trmiss0_degmodglobal,54,0.7248775362968445,0.6866465508937836,0.7250000000000001,0.8470619658119658,0.5384615384615384,0.0,0.5724757654326302,0.6812242354665484,0.10823489725589752,0.3318916197334017,0.0,0.0,0.0,0.0,0.0,18473,global,0.0
1,2,lr1e-05_bs8_drop0p4_temp1p0_a0p25_b0p05__wd1e-04trmiss0_degmodglobal,8,1e-05,0.0001,0.4,1.0,0.25,0.05,lr1e-05_bs8_drop0p4_temp1p0_a0p25_b0p05__wd1e-04trmiss0_degmodglobal,55,0.6914041553224836,0.6893178522586823,0.65,0.8189685314685314,0.5384615384615384,0.0,0.582315981388092,0.6520653111594064,0.09915765534554209,0.2909885767315115,0.0,0.0,0.0,0.0,0.0,18473,global,0.0
1,2,lr1e-05_bs8_drop0p4_temp1p0_a0p25_b0p05__wd1e-04trmiss0_degmodglobal,8,1e-05,0.0001,0.4,1.0,0.25,0.05,lr1e-05_bs8_drop0p4_temp1p0_a0p25_b0p05__wd1e-04trmiss0_degmodglobal,56,0.7148367507117135,0.6905714571475983,0.65,0.8189685314685314,0.5384615384615384,0.0,0.578897408076695,0.666163444519043,0.12890930899551936,0.3289196469954082,0.0,0.0,0.0,0.0,0.0,18473,global,0.0
1,2,lr1e-05_bs8_drop0p4_temp1p0_a0p25_b0p05__wd1e-04trmiss0_degmodglobal,8,1e-05,0.0001,0.4,1.0,0.25,0.05,lr1e-05_bs8_drop0p4_temp1p0_a0p25_b0p05__wd1e-04trmiss0_degmodglobal,57,0.6954099621091571,0.6910154223442078,0.65,0.8145042457542457,0.5384615384615384,0.0,0.5557135343551636,0.6587163805961609,0.09399050793477468,0.2639190394963537,0.0,0.0,0.0,0.0,0.0,18473,global,0.0
1,2,lr1e-05_bs8_drop0p4_temp1p0_a0p25_b0p05__wd1e-04trmiss0_degmodglobal,8,1e-05,0.0001,0.4,1.0,0.25,0.05,lr1e-05_bs8_drop0p4_temp1p0_a0p25_b0p05__wd1e-04trmiss0_degmodglobal,58,0.7277748669896807,0.6907036006450653,0.675,0.8224587912087912,0.5384615384615384,0.0,0.5618307164737156,0.6883337923458644,0.09851938698972974,0.2962248538221632,0.0,0.0,0.0,0.0,0.0,18473,global,0.0
1,2,lr1e-05_bs8_drop0p4_temp1p0_a0p25_b0p05__wd1e-04trmiss0_degmodglobal,8,1e-05,0.0001,0.4,1.0,0.25,0.05,lr1e-05_bs8_drop0p4_temp1p0_a0p25_b0p05__wd1e-04trmiss0_degmodglobal,59,0.706370336668832,0.6890139877796173,0.7,0.8288690476190477,0.5384615384615384,0.0,0.5309470253331321,0.6558366162436349,0.13441099865095957,0.33861926198005676,0.0,0.0,0.0,0.0,0.0,18473,global,0.0
1,2,lr1e-05_bs8_drop0p4_temp1p0_a0p25_b0p05__wd1e-04trmiss0_degmodglobal,8,1e-05,0.0001,0.4,1.0,0.25,0.05,lr1e-05_bs8_drop0p4_temp1p0_a0p25_b0p05__wd1e-04trmiss0_degmodglobal,60,0.688478980745588,0.6885670125484467,0.7250000000000001,0.8385912698412699,0.5384615384615384,0.0,0.5591910992349897,0.6486555508204869,0.10146282453622137,0.28915429753916605,0.0,0.0,0.0,0.0,0.0,18473,global,0.0
1,2,lr1e-05_bs8_drop0p4_temp1p0_a0p25_b0p05__wd1e-04trmiss0_degmodglobal,8,1e-05,0.0001,0.4,1.0,0.25,0.05,lr1e-05_bs8_drop0p4_temp1p0_a0p25_b0p05__wd1e-04trmiss0_degmodglobal,61,0.7104140094348362,0.6855820715427399,0.7250000000000001,0.8385912698412699,0.5384615384615384,0.0,0.5433383158275059,0.6592815518379211,0.13041790894099645,0.370559315596308,0.0,0.0,0.0,0.0,0.0,18473,global,0.0
1,2,lr1e-05_bs8_drop0p4_temp1p0_a0p25_b0p05__wd1e-04trmiss0_degmodglobal,8,1e-05,0.0001,0.4,1.0,0.25,0.05,lr1e-05_bs8_drop0p4_temp1p0_a0p25_b0p05__wd1e-04trmiss0_degmodglobal,62,0.7054698637553624,0.6860206425189972,0.675,0.8269230769230769,0.5384615384615384,0.0,0.5331271588802338,0.6486369115965707,0.14701753748314722,0.40157161014420645,0.0,0.0,0.0,0.0,0.0,18473,global,0.0
1,2,lr1e-05_bs8_drop0p4_temp1p0_a0p25_b0p05__wd1e-04trmiss0_degmodglobal,8,1e-05,0.0001,0.4,1.0,0.25,0.05,lr1e-05_bs8_drop0p4_temp1p0_a0p25_b0p05__wd1e-04trmiss0_degmodglobal,63,0.6834766439029148,0.6873087882995605,0.6749999999999999,0.8293851981351982,0.5384615384615384,0.0,0.5660644258771624,0.6466812832014901,0.09817931056022644,0.24501081236771174,0.0,0.0,0.0,0.0,0.0,18473,global,0.0
1,2,lr1e-05_bs8_drop0p4_temp1p0_a0p25_b0p05__wd1e-04trmiss0_degmodglobal,8,1e-05,0.0001,0.4,1.0,0.25,0.05,lr1e-05_bs8_drop0p4_temp1p0_a0p25_b0p05__wd1e-04trmiss0_degmodglobal,64,0.7170745730400085,0.6853336989879608,0.725,0.84375,0.5384615384615384,0.0,0.5253188865525382,0.6707959430558341,0.11392999653305326,0.35592253719057354,0.0,0.0,0.0,0.0,0.0,18473,global,0.0
1,2,lr1e-05_bs8_drop0p4_temp1p0_a0p25_b0p05__wd1e-04trmiss0_degmodglobal,8,1e-05,0.0001,0.4,1.0,0.25,0.05,lr1e-05_bs8_drop0p4_temp1p0_a0p25_b0p05__wd1e-04trmiss0_degmodglobal,65,0.726637031350817,0.6879489123821259,0.7,0.8373397435897436,0.5384615384615384,0.0,0.5534974379198891,0.6725968548229763,0.13197739528758184,0.42091664246150423,0.0,0.0,0.0,0.0,0.0,18473,global,0.0
1,2,lr1e-05_bs8_drop0p4_temp1p0_a0p25_b0p05__wd1e-04trmiss0_degmodglobal,8,1e-05,0.0001,0.4,1.0,0.25,0.05,lr1e-05_bs8_drop0p4_temp1p0_a0p25_b0p05__wd1e-04trmiss0_degmodglobal,66,0.6972045472690037,0.6886488199234009,0.65,0.8145042457542457,0.5384615384615384,0.0,0.5879782949175153,0.6477640696934291,0.12597833573818207,0.35891783237457275,0.0,0.0,0.0,0.0,0.0,18473,global,0.0
1,2,lr1e-05_bs8_drop0p4_temp1p0_a0p25_b0p05__wd1e-04trmiss0_degmodglobal,8,1e-05,0.0001,0.4,1.0,0.25,0.05,lr1e-05_bs8_drop0p4_temp1p0_a0p25_b0p05__wd1e-04trmiss0_degmodglobal,67,0.6874718836375645,0.6897358894348145,0.675,0.8224587912087912,0.5384615384615384,0.0,0.5369827577045986,0.6444723776408604,0.10916841189776148,0.3141484963042395,0.0,0.0,0.0,0.0,0.0,18473,global,0.0
1,2,lr1e-05_bs8_drop0p4_temp1p0_a0p25_b0p05__wd1e-04trmiss0_degmodglobal,8,1e-05,0.0001,0.4,1.0,0.25,0.05,lr1e-05_bs8_drop0p4_temp1p0_a0p25_b0p05__wd1e-04trmiss0_degmodglobal,68,0.699559884411948,0.6912147700786591,0.65,0.8145042457542457,0.5384615384615384,0.0,0.574297947543008,0.6651296360152108,0.09120449636663709,0.2325824499130249,0.0,0.0,0.0,0.0,0.0,18473,global,0.0
1,2,lr1e-05_bs8_drop0p4_temp1p0_a0p25_b0p05__wd1e-04trmiss0_degmodglobal,8,1e-05,0.0001,0.4,1.0,0.25,0.05,lr1e-05_bs8_drop0p4_temp1p0_a0p25_b0p05__wd1e-04trmiss0_degmodglobal,69,0.7227469682693481,0.6893692314624786,0.675,0.8224587912087912,0.5384615384615384,0.0,0.5322749785014561,0.6734366246632167,0.12424231746367045,0.364995393369879,0.0,0.0,0.0,0.0,0.0,18473,global,0.0
1,2,lr1e-05_bs8_drop0p4_temp1p0_a0p25_b0p05__wd1e-04trmiss0_degmodglobal,8,1e-05,0.0001,0.4,1.0,0.25,0.05,lr1e-05_bs8_drop0p4_temp1p0_a0p25_b0p05__wd1e-04trmiss0_degmodglobal,70,0.7239558611597333,0.6860860884189606,0.725,0.84375,0.5384615384615384,0.0,0.536384812423161,0.6559991751398359,0.16903970496995108,0.513934959258352,0.0,0.0,0.0,0.0,0.0,18473,global,0.0
1,2,lr1e-05_bs8_drop0p4_temp1p0_a0p25_b0p05__wd1e-04trmiss0_degmodglobal,8,1e-05,0.0001,0.4,1.0,0.25,0.05,lr1e-05_bs8_drop0p4_temp1p0_a0p25_b0p05__wd1e-04trmiss0_degmodglobal,71,0.689616995198386,0.6874811053276062,0.675,0.8224587912087912,0.5384615384615384,0.0,0.5294420463698251,0.6488985334123883,0.10497114488056727,0.28951346235615866,0.0,0.0,0.0,0.0,0.0,18473,global,0.0
1,2,lr1e-05_bs8_drop0p4_temp1p0_a0p25_b0p05__wd1e-04trmiss0_degmodglobal,8,1e-05,0.0001,0.4,1.0,0.25,0.05,lr1e-05_bs8_drop0p4_temp1p0_a0p25_b0p05__wd1e-04trmiss0_degmodglobal,72,0.6986535106386457,0.6906464993953705,0.65,0.8120421245421245,0.5384615384615384,0.0,0.5704109924180167,0.6537565163203648,0.12389108219317027,0.2784842210156577,0.0,0.0,0.0,0.0,0.0,18473,global,0.0
1,2,lr1e-05_bs8_drop0p4_temp1p0_a0p25_b0p05__wd1e-04trmiss0_degmodglobal,8,1e-05,0.0001,0.4,1.0,0.25,0.05,lr1e-05_bs8_drop0p4_temp1p0_a0p25_b0p05__wd1e-04trmiss0_degmodglobal,73,0.7112614938191005,0.6906165182590485,0.65,0.8145042457542457,0.5384615384615384,0.0,0.5464406950133187,0.6683352334158761,0.11537508985825948,0.2816496640443802,0.0,0.0,0.0,0.0,0.0,18473,global,0.0
1,2,lr1e-05_bs8_drop0p4_temp1p0_a0p25_b0p05__wd1e-04trmiss0_degmodglobal,8,1e-05,0.0001,0.4,1.0,0.25,0.05,lr1e-05_bs8_drop0p4_temp1p0_a0p25_b0p05__wd1e-04trmiss0_degmodglobal,74,0.6997701866286141,0.6899292469024658,0.65,0.8120421245421245,0.5384615384615384,0.0,0.5382729683603559,0.6599172949790955,0.10660476982593536,0.26403416054589407,0.0,0.0,0.0,0.0,0.0,18473,global,0.0
1,2,lr1e-05_bs8_drop0p4_temp1p0_a0p25_b0p05__wd1e-04trmiss0_degmodglobal,8,1e-05,0.0001,0.4,1.0,0.25,0.05,lr1e-05_bs8_drop0p4_temp1p0_a0p25_b0p05__wd1e-04trmiss0_degmodglobal,75,0.6712335518428257,0.6886534988880157,0.65,0.8120421245421245,0.5384615384615384,0.0,0.5427195600100926,0.6300114904131208,0.11123619015727725,0.26826038530894686,0.0,0.0,0.0,0.0,0.0,18473,global,0.0
1,2,lr1e-05_bs8_drop0p4_temp1p0_a0p25_b0p05__wd1e-04trmiss0_degmodglobal,8,1e-05,0.0001,0.4,1.0,0.25,0.05,lr1e-05_bs8_drop0p4_temp1p0_a0p25_b0p05__wd1e-04trmiss0_degmodglobal,76,0.6680528776986259,0.6875003278255463,0.7,0.8288690476190477,0.5384615384615384,0.0,0.5511432460376194,0.6202788097517831,0.13636376070124762,0.27366253840071814,0.0,0.0,0.0,0.0,0.0,18473,global,0.0
1,2,lr1e-05_bs8_drop0p4_temp1p0_a0p25_b0p05__wd1e-04trmiss0_degmodglobal,8,1e-05,0.0001,0.4,1.0,0.25,0.05,lr1e-05_bs8_drop0p4_temp1p0_a0p25_b0p05__wd1e-04trmiss0_degmodglobal,77,0.7088310973984855,0.6843484342098236,0.75,0.8534722222222222,0.5384615384615384,0.0,0.5196365118026733,0.6569483365331378,0.13121812897069113,0.38156438512461527,0.0,0.0,0.0,0.0,0.0,18473,global,0.0
1,2,lr1e-05_bs8_drop0p4_temp1p0_a0p25_b0p05__wd1e-04trmiss0_degmodglobal,8,1e-05,0.0001,0.4,1.0,0.25,0.05,lr1e-05_bs8_drop0p4_temp1p0_a0p25_b0p05__wd1e-04trmiss0_degmodglobal,78,0.6641831483159747,0.6863054931163788,0.7250000000000001,0.8470619658119658,0.5384615384615384,0.0,0.5225660588060107,0.6230372020176479,0.10677652167422431,0.2890362398965018,0.0,0.0,0.0,0.0,0.0,18473,global,0.0
1,2,lr1e-05_bs8_drop0p4_temp1p0_a0p25_b0p05__wd1e-04trmiss0_degmodglobal,8,1e-05,0.0001,0.4,1.0,0.25,0.05,lr1e-05_bs8_drop0p4_temp1p0_a0p25_b0p05__wd1e-04trmiss0_degmodglobal,79,0.6926586031913757,0.6828421652317047,0.7250000000000001,0.8470619658119658,0.5384615384615384,0.0,0.5440664121082851,0.6529685088566372,0.10316292941570282,0.2779871416943414,0.0,0.0,0.0,0.0,0.0,18473,global,0.0
1,2,lr1e-05_bs8_drop0p4_temp1p0_a0p25_b0p05__wd1e-04trmiss0_degmodglobal,8,1e-05,0.0001,0.4,1.0,0.25,0.05,lr1e-05_bs8_drop0p4_temp1p0_a0p25_b0p05__wd1e-04trmiss0_degmodglobal,80,0.7012970277241298,0.6850251853466034,0.7250000000000001,0.8470619658119658,0.5384615384615384,0.0,0.5417121776512691,0.6573399645941598,0.11433067492076329,0.3074877826230867,0.0,0.0,0.0,0.0,0.0,18473,global,0.0
1,2,lr1e-05_bs8_drop0p4_temp2p0_a0p25_b0p05__wd1e-04trmiss0_degmodglobal,8,1e-05,0.0001,0.4,2.0,0.25,0.05,lr1e-05_bs8_drop0p4_temp2p0_a0p25_b0p05__wd1e-04trmiss0_degmodglobal,1,0.7284508092062814,0.7457724809646606,0.32499999999999996,0.536489898989899,0.3076923076923077,0.0,0.739307531288692,0.683833931173597,0.12077567832810539,0.2884590657693999,0.0,0.0,0.0,0.0,0.0,18473,global,0.0
1,2,lr1e-05_bs8_drop0p4_temp2p0_a0p25_b0p05__wd1e-04trmiss0_degmodglobal,8,1e-05,0.0001,0.4,2.0,0.25,0.05,lr1e-05_bs8_drop0p4_temp2p0_a0p25_b0p05__wd1e-04trmiss0_degmodglobal,2,0.743485723223005,0.7544213235378265,0.32499999999999996,0.536489898989899,0.3076923076923077,0.0,0.7073506542614528,0.704855637890952,0.1045404848243509,0.2498992681503296,0.0,0.0,0.0,0.0,0.0,18473,global,0.0
1,2,lr1e-05_bs8_drop0p4_temp2p0_a0p25_b0p05__wd1e-04trmiss0_degmodglobal,8,1e-05,0.0001,0.4,2.0,0.25,0.05,lr1e-05_bs8_drop0p4_temp2p0_a0p25_b0p05__wd1e-04trmiss0_degmodglobal,3,0.764667979308537,0.7612735629081726,0.29999999999999993,0.5275613275613276,0.38461538461538464,0.0,0.7089401057788304,0.719616004398891,0.12007568670170647,0.30066116952470373,0.0,0.0,0.0,0.0,0.0,18473,global,0.0
1,2,lr1e-05_bs8_drop0p4_temp2p0_a0p25_b0p05__wd1e-04trmiss0_degmodglobal,8,1e-05,0.0001,0.4,2.0,0.25,0.05,lr1e-05_bs8_drop0p4_temp2p0_a0p25_b0p05__wd1e-04trmiss0_degmodglobal,4,0.7147321360451835,0.7673740386962891,0.29999999999999993,0.5275613275613276,0.38461538461538464,0.0,0.7356997302600315,0.6801645585468837,0.1015574751155717,0.18356412010533468,0.0,0.0,0.0,0.0,0.0,18473,global,0.0
1,2,lr1e-05_bs8_drop0p4_temp2p0_a0p25_b0p05__wd1e-04trmiss0_degmodglobal,8,1e-05,0.0001,0.4,2.0,0.25,0.05,lr1e-05_bs8_drop0p4_temp2p0_a0p25_b0p05__wd1e-04trmiss0_degmodglobal,5,0.737325302192143,0.7720383405685425,0.29999999999999993,0.5275613275613276,0.3076923076923077,0.0,0.7277831264904567,0.6985604166984558,0.10632677376270294,0.24366380806480134,0.0,0.0,0.0,0.0,0.0,18473,global,0.0
1,2,lr1e-05_bs8_drop0p4_temp2p0_a0p25_b0p05__wd1e-04trmiss0_degmodglobal,8,1e-05,0.0001,0.4,2.0,0.25,0.05,lr1e-05_bs8_drop0p4_temp2p0_a0p25_b0p05__wd1e-04trmiss0_degmodglobal,6,0.717347536768232,0.7765321731567383,0.29999999999999993,0.5275613275613276,0.38461538461538464,0.0,0.669624286038535,0.6852256229945591,0.0894942826458386,0.19496709427663259,0.0,0.0,0.0,0.0,0.0,18473,global,0.0
1,2,lr1e-05_bs8_drop0p4_temp2p0_a0p25_b0p05__wd1e-04trmiss0_degmodglobal,8,1e-05,0.0001,0.4,2.0,0.25,0.05,lr1e-05_bs8_drop0p4_temp2p0_a0p25_b0p05__wd1e-04trmiss0_degmodglobal,7,0.7357831852776664,0.7700097858905792,0.29999999999999993,0.5275613275613276,0.38461538461538464,0.0,0.718072201524462,0.6948153461728778,0.10505041373627526,0.294104628264904,0.0,0.0,0.0,0.0,0.0,18473,global,0.0
1,2,lr1e-05_bs8_drop0p4_temp2p0_a0p25_b0p05__wd1e-04trmiss0_degmodglobal,8,1e-05,0.0001,0.4,2.0,0.25,0.05,lr1e-05_bs8_drop0p4_temp2p0_a0p25_b0p05__wd1e-04trmiss0_degmodglobal,8,0.7176304885319301,0.7675801813602448,0.32499999999999996,0.5483946608946608,0.3076923076923077,0.0,0.6766558970723834,0.6853312679699489,0.08832192527396339,0.2043747210076877,0.0,0.0,0.0,0.0,0.0,18473,global,0.0
1,2,lr1e-05_bs8_drop0p4_temp2p0_a0p25_b0p05__wd1e-04trmiss0_degmodglobal,8,1e-05,0.0001,0.4,2.0,0.25,0.05,lr1e-05_bs8_drop0p4_temp2p0_a0p25_b0p05__wd1e-04trmiss0_degmodglobal,9,0.7160580669130597,0.7654792964458466,0.32499999999999996,0.5483946608946608,0.38461538461538464,0.0,0.6488468647003174,0.6811555453709194,0.10427199942725045,0.17669034962143218,0.0,0.0,0.0,0.0,0.0,18473,global,0.0
1,2,lr1e-05_bs8_drop0p4_temp2p0_a0p25_b0p05__wd1e-04trmiss0_degmodglobal,8,1e-05,0.0001,0.4,2.0,0.25,0.05,lr1e-05_bs8_drop0p4_temp2p0_a0p25_b0p05__wd1e-04trmiss0_degmodglobal,10,0.696669706276485,0.7615406513214111,0.32499999999999996,0.5483946608946608,0.38461538461538464,0.0,0.6593168122427804,0.663119409765516,0.09873356031520027,0.17733777527298247,0.0,0.0,0.0,0.0,0.0,18473,global,0.0
1,2,lr1e-05_bs8_drop0p4_temp2p0_a0p25_b0p05__wd1e-04trmiss0_degmodglobal,8,1e-05,0.0001,0.4,2.0,0.25,0.05,lr1e-05_bs8_drop0p4_temp2p0_a0p25_b0p05__wd1e-04trmiss0_degmodglobal,11,0.7274021932056972,0.7622272372245789,0.32499999999999996,0.5483946608946608,0.38461538461538464,0.0,0.7011561904634748,0.6827582802091327,0.12423168016331536,0.2717198665652956,0.0,0.0,0.0,0.0,0.0,18473,global,0.0
1,2,lr1e-05_bs8_drop0p4_temp2p0_a0p25_b0p05__wd1e-04trmiss0_degmodglobal,8,1e-05,0.0001,0.4,2.0,0.25,0.05,lr1e-05_bs8_drop0p4_temp2p0_a0p25_b0p05__wd1e-04trmiss0_degmodglobal,12,0.7038825324603489,0.768552154302597,0.32499999999999996,0.5483946608946608,0.38461538461538464,0.0,0.7107974886894226,0.6624307291848319,0.11999452220542091,0.22906339594296046,0.0,0.0,0.0,0.0,0.0,18473,global,0.0
1,2,lr1e-05_bs8_drop0p4_temp2p0_a0p25_b0p05__wd1e-04trmiss0_degmodglobal,8,1e-05,0.0001,0.4,2.0,0.25,0.05,lr1e-05_bs8_drop0p4_temp2p0_a0p25_b0p05__wd1e-04trmiss0_degmodglobal,13,0.7137920175279889,0.7638514637947083,0.32499999999999996,0.5483946608946608,0.38461538461538464,0.0,0.687581752027784,0.6677289094243731,0.1238768036876406,0.301878317126206,0.0,0.0,0.0,0.0,0.0,18473,global,0.0
1,2,lr1e-05_bs8_drop0p4_temp2p0_a0p25_b0p05__wd1e-04trmiss0_degmodglobal,8,1e-05,0.0001,0.4,2.0,0.25,0.05,lr1e-05_bs8_drop0p4_temp2p0_a0p25_b0p05__wd1e-04trmiss0_degmodglobal,14,0.6921823365347726,0.7627801597118378,0.32499999999999996,0.5483946608946608,0.3076923076923077,0.0,0.6444435375077384,0.6607170275279454,0.09223730223519462,0.1681197647537504,0.0,0.0,0.0,0.0,0.0,18473,global,0.0
1,2,lr1e-05_bs8_drop0p4_temp2p0_a0p25_b0p05__wd1e-04trmiss0_degmodglobal,8,1e-05,0.0001,0.4,2.0,0.25,0.05,lr1e-05_bs8_drop0p4_temp2p0_a0p25_b0p05__wd1e-04trmiss0_degmodglobal,15,0.7232297999518258,0.7632459998130798,0.35,0.5692279942279942,0.3076923076923077,0.0,0.6392666186605181,0.6786152039255414,0.11864630665097918,0.2990605192525046,0.0,0.0,0.0,0.0,0.0,18473,global,0.0
1,2,lr1e-05_bs8_drop0p4_temp2p0_a0p25_b0p05__wd1e-04trmiss0_degmodglobal,8,1e-05,0.0001,0.4,2.0,0.25,0.05,lr1e-05_bs8_drop0p4_temp2p0_a0p25_b0p05__wd1e-04trmiss0_degmodglobal,16,0.7099790402821132,0.7643170058727264,0.35,0.5692279942279942,0.3076923076923077,0.0,0.6312159895896912,0.6724017688206264,0.11126160728079933,0.19523751416376658,0.0,0.0,0.0,0.0,0.0,18473,global,0.0
1,2,lr1e-05_bs8_drop0p4_temp2p0_a0p25_b0p05__wd1e-04trmiss0_degmodglobal,8,1e-05,0.0001,0.4,2.0,0.25,0.05,lr1e-05_bs8_drop0p4_temp2p0_a0p25_b0p05__wd1e-04trmiss0_degmodglobal,17,0.673228553363255,0.7635151445865631,0.32499999999999996,0.5483946608946608,0.3076923076923077,0.0,0.6209049480301994,0.6313444290842328,0.12049305438995361,0.2352171316742897,0.0,0.0,0.0,0.0,0.0,18473,global,0.0
1,2,lr1e-05_bs8_drop0p4_temp2p0_a0p25_b0p05__wd1e-04trmiss0_degmodglobal,8,1e-05,0.0001,0.4,2.0,0.25,0.05,lr1e-05_bs8_drop0p4_temp2p0_a0p25_b0p05__wd1e-04trmiss0_degmodglobal,18,0.7163461531911578,0.7683962881565094,0.32499999999999996,0.5483946608946608,0.38461538461538464,0.0,0.6564777323177883,0.6711099062647138,0.12432574267898287,0.2830959845866476,0.0,0.0,0.0,0.0,0.0,18473,global,0.0
1,2,lr1e-05_bs8_drop0p4_temp2p0_a0p25_b0p05__wd1e-04trmiss0_degmodglobal,8,1e-05,0.0001,0.4,2.0,0.25,0.05,lr1e-05_bs8_drop0p4_temp2p0_a0p25_b0p05__wd1e-04trmiss0_degmodglobal,19,0.6948653714997428,0.7673183083534241,0.32499999999999996,0.5483946608946608,0.38461538461538464,0.0,0.6253992744854519,0.6563416123390198,0.10874970789466586,0.2267265341111592,0.0,0.0,0.0,0.0,0.0,18473,global,0.0
1,2,lr1e-05_bs8_drop0p4_temp2p0_a0p25_b0p05__wd1e-04trmiss0_degmodglobal,8,1e-05,0.0001,0.4,2.0,0.25,0.05,lr1e-05_bs8_drop0p4_temp2p0_a0p25_b0p05__wd1e-04trmiss0_degmodglobal,20,0.7202939391136169,0.7645671367645264,0.35,0.5692279942279942,0.38461538461538464,0.0,0.643835152898516,0.6881213528769357,0.0929825124996049,0.1785391845873424,0.0,0.0,0.0,0.0,0.0,18473,global,0.0
1,2,lr1e-05_bs8_drop0p4_temp2p0_a0p25_b0p05__wd1e-04trmiss0_degmodglobal,8,1e-05,0.0001,0.4,2.0,0.25,0.05,lr1e-05_bs8_drop0p4_temp2p0_a0p25_b0p05__wd1e-04trmiss0_degmodglobal,21,0.7108562503542218,0.7614749073982239,0.35,0.5692279942279942,0.3076923076923077,0.0,0.6259841620922089,0.6638055528913226,0.1236426904797554,0.32280036168439047,0.0,0.0,0.0,0.0,0.0,18473,global,0.0
1,2,lr1e-05_bs8_drop0p4_temp2p0_a0p25_b0p05__wd1e-04trmiss0_degmodglobal,8,1e-05,0.0001,0.4,2.0,0.25,0.05,lr1e-05_bs8_drop0p4_temp2p0_a0p25_b0p05__wd1e-04trmiss0_degmodglobal,22,0.7160526514053345,0.7637418806552887,0.35,0.5692279942279942,0.3076923076923077,0.0,0.6388634698731559,0.6808685745511737,0.10176915249654225,0.19483571286712373,0.0,0.0,0.0,0.0,0.0,18473,global,0.0
1,2,lr1e-05_bs8_drop0p4_temp2p0_a0p25_b0p05__wd1e-04trmiss0_degmodglobal,8,1e-05,0.0001,0.4,2.0,0.25,0.05,lr1e-05_bs8_drop0p4_temp2p0_a0p25_b0p05__wd1e-04trmiss0_degmodglobal,23,0.6880778244563511,0.7618003785610199,0.35,0.5692279942279942,0.3076923076923077,0.0,0.6124825137002128,0.6531714626720974,0.09430378462587084,0.22660847433975764,0.0,0.0,0.0,0.0,0.0,18473,global,0.0
1,2,lr1e-05_bs8_drop0p4_temp2p0_a0p25_b0p05__wd1e-04trmiss0_degmodglobal,8,1e-05,0.0001,0.4,2.0,0.25,0.05,lr1e-05_bs8_drop0p4_temp2p0_a0p25_b0p05__wd1e-04trmiss0_degmodglobal,24,0.7230842964989799,0.7605695426464081,0.35,0.5692279942279942,0.38461538461538464,0.0,0.608027526310512,0.6808844634464809,0.11873591052634376,0.25031728403908865,0.0,0.0,0.0,0.0,0.0,18473,global,0.0
1,2,lr1e-05_bs8_drop0p4_temp2p0_a0p25_b0p05__wd1e-04trmiss0_degmodglobal,8,1e-05,0.0001,0.4,2.0,0.25,0.05,lr1e-05_bs8_drop0p4_temp2p0_a0p25_b0p05__wd1e-04trmiss0_degmodglobal,25,0.750656179019383,0.7638214528560638,0.35,0.5692279942279942,0.38461538461538464,0.0,0.6153438346726554,0.7140781964574542,0.10044419552598681,0.22933869915349142,0.0,0.0,0.0,0.0,0.0,18473,global,0.0
1,2,lr1e-05_bs8_drop0p4_temp2p0_a0p25_b0p05__wd1e-04trmiss0_degmodglobal,8,1e-05,0.0001,0.4,2.0,0.25,0.05,lr1e-05_bs8_drop0p4_temp2p0_a0p25_b0p05__wd1e-04trmiss0_degmodglobal,26,0.7355035287993295,0.7600362598896027,0.35,0.5692279942279942,0.3076923076923077,0.0,0.6247101851872036,0.6847679104123797,0.1407858282327652,0.3107833308832986,0.0,0.0,0.0,0.0,0.0,18473,global,0.0
1,2,lr1e-05_bs8_drop0p4_temp2p0_a0p25_b0p05__wd1e-04trmiss0_degmodglobal,8,1e-05,0.0001,0.4,2.0,0.25,0.05,lr1e-05_bs8_drop0p4_temp2p0_a0p25_b0p05__wd1e-04trmiss0_degmodglobal,27,0.7195360234805516,0.765827089548111,0.32499999999999996,0.5483946608946608,0.38461538461538464,0.0,0.607370274407523,0.6751717499324253,0.1298736504146031,0.23791695492608206,0.0,0.0,0.0,0.0,0.0,18473,global,0.0
1,2,lr1e-05_bs8_drop0p4_temp2p0_a0p25_b0p05__wd1e-04trmiss0_degmodglobal,8,1e-05,0.0001,0.4,2.0,0.25,0.05,lr1e-05_bs8_drop0p4_temp2p0_a0p25_b0p05__wd1e-04trmiss0_degmodglobal,28,0.729789503983089,0.7677613794803619,0.32499999999999996,0.5483946608946608,0.38461538461538464,0.0,0.6015715939658028,0.6850552899496896,0.11878307376589094,0.3007690353052957,0.0,0.0,0.0,0.0,0.0,18473,global,0.0
1,2,lr1e-05_bs8_drop0p4_temp2p0_a0p25_b0p05__wd1e-04trmiss0_degmodglobal,8,1e-05,0.0001,0.4,2.0,0.25,0.05,lr1e-05_bs8_drop0p4_temp2p0_a0p25_b0p05__wd1e-04trmiss0_degmodglobal,29,0.7718033194541931,0.7667232155799866,0.35,0.5692279942279942,0.38461538461538464,0.0,0.6241459676197597,0.722420300756182,0.12912178997482573,0.34205144909875734,0.0,0.0,0.0,0.0,0.0,18473,global,0.0
1,2,lr1e-05_bs8_drop0p4_temp2p0_a0p25_b0p05__wd1e-04trmiss0_degmodglobal,8,1e-05,0.0001,0.4,2.0,0.25,0.05,lr1e-05_bs8_drop0p4_temp2p0_a0p25_b0p05__wd1e-04trmiss0_degmodglobal,30,0.715887291090829,0.7655080556869507,0.35,0.5692279942279942,0.38461538461538464,0.0,0.6155361362865993,0.6793085251535688,0.10943162228379931,0.18441758091960633,0.0,0.0,0.0,0.0,0.0,18473,global,0.0
1,2,lr1e-05_bs8_drop0p4_temp2p0_a0p25_b0p05__wd1e-04trmiss0_degmodglobal,8,1e-05,0.0001,0.4,2.0,0.25,0.05,lr1e-05_bs8_drop0p4_temp2p0_a0p25_b0p05__wd1e-04trmiss0_degmodglobal,31,0.6881038802010673,0.7632250785827637,0.35,0.5692279942279942,0.38461538461538464,0.0,0.6238146296569279,0.6451179725783212,0.11930663457938603,0.2631852403283119,0.0,0.0,0.0,0.0,0.0,18473,global,0.0
1,2,lr1e-05_bs8_drop0p4_temp2p0_a0p25_b0p05__wd1e-04trmiss0_degmodglobal,8,1e-05,0.0001,0.4,2.0,0.25,0.05,lr1e-05_bs8_drop0p4_temp2p0_a0p25_b0p05__wd1e-04trmiss0_degmodglobal,32,0.7022169402667454,0.7636787593364716,0.32499999999999996,0.5483946608946608,0.38461538461538464,0.0,0.6336611041000911,0.6606480734688895,0.1171376992549215,0.24568888545036316,0.0,0.0,0.0,0.0,0.0,18473,global,0.0
1,2,lr1e-05_bs8_drop0p4_temp2p0_a0p25_b0p05__wd1e-04trmiss0_degmodglobal,8,1e-05,0.0001,0.4,2.0,0.25,0.05,lr1e-05_bs8_drop0p4_temp2p0_a0p25_b0p05__wd1e-04trmiss0_degmodglobal,33,0.7178728921072823,0.7602495849132538,0.35,0.5692279942279942,0.3076923076923077,0.0,0.5962792677538735,0.6756633179528373,0.11302499366658074,0.27906640033636776,0.0,0.0,0.0,0.0,0.0,18473,global,0.0
1,2,lr1e-05_bs8_drop0p4_temp2p0_a0p25_b0p05__wd1e-04trmiss0_degmodglobal,8,1e-05,0.0001,0.4,2.0,0.25,0.05,lr1e-05_bs8_drop0p4_temp2p0_a0p25_b0p05__wd1e-04trmiss0_degmodglobal,34,0.7098233870097569,0.7598638832569122,0.35,0.5692279942279942,0.38461538461538464,0.0,0.5899833057607923,0.667469322681427,0.12207816754068647,0.23669048292296274,0.0,0.0,0.0,0.0,0.0,18473,global,0.0
1,2,lr1e-05_bs8_drop0p4_temp2p0_a0p25_b0p05__wd1e-04trmiss0_degmodglobal,8,1e-05,0.0001,0.4,2.0,0.25,0.05,lr1e-05_bs8_drop0p4_temp2p0_a0p25_b0p05__wd1e-04trmiss0_degmodglobal,35,0.73134674344744,0.7617098391056061,0.35,0.5692279942279942,0.3076923076923077,0.0,0.5928977813039508,0.6828526684216091,0.12577546813658305,0.34100412683827536,0.0,0.0,0.0,0.0,0.0,18473,global,0.0
1,2,lr1e-05_bs8_drop0p4_temp2p0_a0p25_b0p05__wd1e-04trmiss0_degmodglobal,8,1e-05,0.0001,0.4,2.0,0.25,0.05,lr1e-05_bs8_drop0p4_temp2p0_a0p25_b0p05__wd1e-04trmiss0_degmodglobal,36,0.70490734066282,0.7611564099788666,0.35,0.5692279942279942,0.38461538461538464,0.0,0.6089554982525962,0.6707463349614825,0.0929152901683535,0.21864373769078935,0.0,0.0,0.0,0.0,0.0,18473,global,0.0
1,2,lr1e-05_bs8_drop0p4_temp2p0_a0p25_b0p05__wd1e-04trmiss0_degmodglobal,8,1e-05,0.0001,0.4,2.0,0.25,0.05,lr1e-05_bs8_drop0p4_temp2p0_a0p25_b0p05__wd1e-04trmiss0_degmodglobal,37,0.7138520649501255,0.7607507109642029,0.32499999999999996,0.5483946608946608,0.3076923076923077,0.0,0.5741790107318333,0.6628349934305463,0.14041427735771453,0.3182701915502548,0.0,0.0,0.0,0.0,0.0,18473,global,0.0
1,2,lr1e-05_bs8_drop0p4_temp2p0_a0p25_b0p05__wd1e-04trmiss0_degmodglobal,8,1e-05,0.0001,0.4,2.0,0.25,0.05,lr1e-05_bs8_drop0p4_temp2p0_a0p25_b0p05__wd1e-04trmiss0_degmodglobal,38,0.7152085730007717,0.762220710515976,0.32499999999999996,0.5483946608946608,0.38461538461538464,0.0,0.5834550261497498,0.6682120050702777,0.1282199269958905,0.2988320014306477,0.0,0.0,0.0,0.0,0.0,18473,global,0.0
1,2,lr1e-05_bs8_drop0p4_temp2p0_a0p25_b0p05__wd1e-04trmiss0_degmodglobal,8,1e-05,0.0001,0.4,2.0,0.25,0.05,lr1e-05_bs8_drop0p4_temp2p0_a0p25_b0p05__wd1e-04trmiss0_degmodglobal,39,0.7184530241148812,0.7615833878517151,0.35,0.5692279942279942,0.38461538461538464,0.0,0.5460158841950553,0.6540496093886239,0.17315470640148437,0.4222948742764337,0.0,0.0,0.0,0.0,0.0,18473,global,0.0
1,2,lr1e-05_bs8_drop0p4_temp2p0_a0p25_b0p05__wd1e-04trmiss0_degmodglobal,8,1e-05,0.0001,0.4,2.0,0.25,0.05,lr1e-05_bs8_drop0p4_temp2p0_a0p25_b0p05__wd1e-04trmiss0_degmodglobal,40,0.7090846044676644,0.7609617114067078,0.35,0.5692279942279942,0.38461538461538464,0.0,0.5328258701733181,0.6548112205096653,0.14790078731519835,0.34596354407923563,0.0,0.0,0.0,0.0,0.0,18473,global,0.0
1,2,lr1e-05_bs8_drop0p4_temp2p0_a0p25_b0p05__wd1e-04trmiss0_degmodglobal,8,1e-05,0.0001,0.4,2.0,0.25,0.05,lr1e-05_bs8_drop0p4_temp2p0_a0p25_b0p05__wd1e-04trmiss0_degmodglobal,41,0.7577018226896014,0.7644537389278412,0.35,0.5692279942279942,0.38461538461538464,0.0,0.5394914320537022,0.6937826446124485,0.15541460471493856,0.5013104272740228,0.0,0.0,0.0,0.0,0.0,18473,global,0.0
1,2,lr1e-05_bs8_drop0p4_temp2p0_a0p25_b0p05__wd1e-04trmiss0_degmodglobal,8,1e-05,0.0001,0.4,2.0,0.25,0.05,lr1e-05_bs8_drop0p4_temp2p0_a0p25_b0p05__wd1e-04trmiss0_degmodglobal,42,0.7351531726973397,0.7613824009895325,0.35,0.5692279942279942,0.38461538461538464,0.0,0.5663617679050991,0.6874576551573617,0.13760222175291606,0.2658989940370832,0.0,0.0,0.0,0.0,0.0,18473,global,0.0
1,2,lr1e-05_bs8_drop0p4_temp2p0_a0p25_b0p05__wd1e-04trmiss0_degmodglobal,8,1e-05,0.0001,0.4,2.0,0.25,0.05,lr1e-05_bs8_drop0p4_temp2p0_a0p25_b0p05__wd1e-04trmiss0_degmodglobal,43,0.7173999888556344,0.7644415497779846,0.35,0.5692279942279942,0.38461538461538464,0.0,0.5794019188199725,0.6693062697138105,0.1338797946061407,0.2924754023551941,0.0,0.0,0.0,0.0,0.0,18473,global,0.0
1,2,lr1e-05_bs8_drop0p4_temp2p0_a0p25_b0p05__wd1e-04trmiss0_degmodglobal,8,1e-05,0.0001,0.4,2.0,0.25,0.05,lr1e-05_bs8_drop0p4_temp2p0_a0p25_b0p05__wd1e-04trmiss0_degmodglobal,44,0.7019399745123727,0.7636764645576477,0.35,0.5692279942279942,0.38461538461538464,0.0,0.5539010890892574,0.657579243183136,0.1302213424018451,0.2361079944031579,0.0,0.0,0.0,0.0,0.0,18473,global,0.0
1,2,lr1e-05_bs8_drop0p4_temp2p0_a0p25_b0p05__wd1e-04trmiss0_degmodglobal,8,1e-05,0.0001,0.4,2.0,0.25,0.05,lr1e-05_bs8_drop0p4_temp2p0_a0p25_b0p05__wd1e-04trmiss0_degmodglobal,45,0.7570420759064811,0.7608759701251984,0.35,0.5692279942279942,0.3076923076923077,0.0,0.5738900516714368,0.7054124900272915,0.13400091443743026,0.36258709856442045,0.0,0.0,0.0,0.0,0.0,18473,global,0.0
1,2,lr1e-05_bs8_drop0p4_temp2p0_a0p25_b0p05__wd1e-04trmiss0_degmodglobal,8,1e-05,0.0001,0.4,2.0,0.25,0.05,lr1e-05_bs8_drop0p4_temp2p0_a0p25_b0p05__wd1e-04trmiss0_degmodglobal,46,0.7493210775511605,0.7616666853427887,0.35,0.5692279942279942,0.38461538461538464,0.0,0.5725249775818416,0.6726328389985221,0.2019577654344695,0.5239757810320173,0.0,0.0,0.0,0.0,0.0,18473,global,0.0
1,2,lr1e-05_bs8_drop0p4_temp2p0_a0p25_b0p05__wd1e-04trmiss0_degmodglobal,8,1e-05,0.0001,0.4,2.0,0.25,0.05,lr1e-05_bs8_drop0p4_temp2p0_a0p25_b0p05__wd1e-04trmiss0_degmodglobal,47,0.6742127708026341,0.7602682709693909,0.35,0.5692279942279942,0.3076923076923077,0.0,0.5530756499086108,0.6182765960693359,0.1592492237687111,0.32247710866587503,0.0,0.0,0.0,0.0,0.0,18473,global,0.0
1,2,lr1e-05_bs8_drop0p4_temp2p0_a0p25_b0p05__wd1e-04trmiss0_degmodglobal,8,1e-05,0.0001,0.4,2.0,0.25,0.05,lr1e-05_bs8_drop0p4_temp2p0_a0p25_b0p05__wd1e-04trmiss0_degmodglobal,48,0.7148583616529193,0.7623993158340454,0.32499999999999996,0.5483946608946608,0.3076923076923077,0.0,0.5417301825114659,0.6566986101014274,0.16017957031726837,0.362297069813524,0.0,0.0,0.0,0.0,0.0,18473,global,0.0
1,2,lr1e-05_bs8_drop0p4_temp2p0_a0p25_b0p05__wd1e-04trmiss0_degmodglobal,8,1e-05,0.0001,0.4,2.0,0.25,0.05,lr1e-05_bs8_drop0p4_temp2p0_a0p25_b0p05__wd1e-04trmiss0_degmodglobal,49,0.701218979699271,0.76144739985466,0.35,0.5692279942279942,0.3076923076923077,0.0,0.5393489130905696,0.6621478881154742,0.1056935435959271,0.2529543212481907,0.0,0.0,0.0,0.0,0.0,18473,global,0.0
1,2,lr1e-05_bs8_drop0p4_temp2p0_a0p25_b0p05__wd1e-04trmiss0_degmodglobal,8,1e-05,0.0001,0.4,2.0,0.25,0.05,lr1e-05_bs8_drop0p4_temp2p0_a0p25_b0p05__wd1e-04trmiss0_degmodglobal,50,0.7330121738570077,0.7630751729011536,0.32499999999999996,0.5483946608946608,0.3076923076923077,0.0,0.5480865665844509,0.6790222184998649,0.1382624421800886,0.3884871133736202,0.0,0.0,0.0,0.0,0.0,18473,global,0.0
1,2,lr1e-05_bs8_drop0p4_temp2p0_a0p25_b0p05__wd1e-04trmiss0_degmodglobal,8,1e-05,0.0001,0.4,2.0,0.25,0.05,lr1e-05_bs8_drop0p4_temp2p0_a0p25_b0p05__wd1e-04trmiss0_degmodglobal,51,0.7183751463890076,0.7644135355949402,0.32499999999999996,0.5483946608946608,0.38461538461538464,0.0,0.5708792677947453,0.6736594012805394,0.12321697920560837,0.27823004126548767,0.0,0.0,0.0,0.0,0.0,18473,global,0.0
1,2,lr1e-05_bs8_drop0p4_temp2p0_a0p25_b0p05__wd1e-04trmiss0_degmodglobal,8,1e-05,0.0001,0.4,2.0,0.25,0.05,lr1e-05_bs8_drop0p4_temp2p0_a0p25_b0p05__wd1e-04trmiss0_degmodglobal,52,0.7529025673866272,0.7627651989459991,0.32499999999999996,0.5483946608946608,0.3076923076923077,0.0,0.5529510634286063,0.6902467012405396,0.1657989908541952,0.42412249531064716,0.0,0.0,0.0,0.0,0.0,18473,global,0.0
1,2,lr1e-05_bs8_drop0p4_temp2p0_a0p25_b0p05__wd1e-04trmiss0_degmodglobal,8,1e-05,0.0001,0.4,2.0,0.25,0.05,lr1e-05_bs8_drop0p4_temp2p0_a0p25_b0p05__wd1e-04trmiss0_degmodglobal,53,0.754766081060682,0.7657694518566132,0.35,0.5692279942279942,0.38461538461538464,0.0,0.5613660642078945,0.6951104232243129,0.14378732868603297,0.47417656012943815,0.0,0.0,0.0,0.0,0.0,18473,global,0.0
1,2,lr1e-05_bs8_drop0p4_temp2p0_a0p25_b0p05__wd1e-04trmiss0_degmodglobal,8,1e-05,0.0001,0.4,2.0,0.25,0.05,lr1e-05_bs8_drop0p4_temp2p0_a0p25_b0p05__wd1e-04trmiss0_degmodglobal,54,0.7175514272281102,0.764141172170639,0.32499999999999996,0.5483946608946608,0.38461538461538464,0.0,0.5295037116323199,0.6618903619902474,0.14298544079065323,0.39829436583178385,0.0,0.0,0.0,0.0,0.0,18473,global,0.0
1,2,lr1e-04_bs16_drop0p2_temp1p0_a0p25_b0p05__wd1e-04trmiss0_degmodglobal,16,0.0001,0.0001,0.2,1.0,0.25,0.05,lr1e-04_bs16_drop0p2_temp1p0_a0p25_b0p05__wd1e-04trmiss0_degmodglobal,1,0.7173495888710022,0.6683041453361511,0.75,0.86875,0.6923076923076923,0.0,0.6989969164133072,0.6944863945245743,0.06056767515838146,0.1544256340712309,0.0,0.0,0.0,0.0,0.0,18473,global,0.0
1,2,lr1e-04_bs16_drop0p2_temp1p0_a0p25_b0p05__wd1e-04trmiss0_degmodglobal,16,0.0001,0.0001,0.2,1.0,0.25,0.05,lr1e-04_bs16_drop0p2_temp1p0_a0p25_b0p05__wd1e-04trmiss0_degmodglobal,2,0.6974691152572632,0.6562508940696716,0.825,0.9208333333333334,0.6923076923076923,0.0,0.6377894282341003,0.6782257705926895,0.06211973540484905,0.07426822185516357,0.0,0.0,0.0,0.0,0.0,18473,global,0.0
1,2,lr1e-04_bs16_drop0p2_temp1p0_a0p25_b0p05__wd1e-04trmiss0_degmodglobal,16,0.0001,0.0001,0.2,1.0,0.25,0.05,lr1e-04_bs16_drop0p2_temp1p0_a0p25_b0p05__wd1e-04trmiss0_degmodglobal,3,0.6669164001941681,0.6468772888183594,0.7999999999999999,0.8860479797979798,0.6923076923076923,0.0,0.6092610359191895,0.6510178744792938,0.048785108141601086,0.07404500618577003,0.0,0.0,0.0,0.0,0.0,18473,global,0.0
1,2,lr1e-04_bs16_drop0p2_temp1p0_a0p25_b0p05__wd1e-04trmiss0_degmodglobal,16,0.0001,0.0001,0.2,1.0,0.25,0.05,lr1e-04_bs16_drop0p2_temp1p0_a0p25_b0p05__wd1e-04trmiss0_degmodglobal,4,0.6410340219736099,0.645026445388794,0.75,0.8240079365079365,0.6923076923076923,0.0,0.5968104302883148,0.6205909103155136,0.0641728462651372,0.08799771033227444,0.0,0.0,0.0,0.0,0.0,18473,global,0.0
1,2,lr1e-04_bs16_drop0p2_temp1p0_a0p25_b0p05__wd1e-04trmiss0_degmodglobal,16,0.0001,0.0001,0.2,1.0,0.25,0.05,lr1e-04_bs16_drop0p2_temp1p0_a0p25_b0p05__wd1e-04trmiss0_degmodglobal,5,0.6293397843837738,0.6594666242599487,0.7,0.7885912698412698,0.6153846153846154,0.0,0.5785903930664062,0.607489138841629,0.0675978809595108,0.09902322106063366,0.0,0.0,0.0,0.0,0.0,18473,global,0.0
1,2,lr1e-04_bs16_drop0p2_temp1p0_a0p25_b0p05__wd1e-04trmiss0_degmodglobal,16,0.0001,0.0001,0.2,1.0,0.25,0.05,lr1e-04_bs16_drop0p2_temp1p0_a0p25_b0p05__wd1e-04trmiss0_degmodglobal,6,0.6262104660272598,0.6880123615264893,0.5249999999999999,0.6938311688311688,0.5384615384615384,0.0,0.5870813876390457,0.6050474941730499,0.061793357133865356,0.11429252848029137,0.0,0.0,0.0,0.0,0.0,18473,global,0.0
1,2,lr1e-04_bs16_drop0p2_temp1p0_a0p25_b0p05__wd1e-04trmiss0_degmodglobal,16,0.0001,0.0001,0.2,1.0,0.25,0.05,lr1e-04_bs16_drop0p2_temp1p0_a0p25_b0p05__wd1e-04trmiss0_degmodglobal,7,0.639310821890831,0.7057900428771973,0.5,0.7124323593073594,0.46153846153846156,0.0,0.5660911649465561,0.6149803698062897,0.07285232841968536,0.12234741449356079,0.0,0.0,0.0,0.0,0.0,18473,global,0.0
1,2,lr1e-04_bs16_drop0p2_temp1p0_a0p25_b0p05__wd1e-04trmiss0_degmodglobal,16,0.0001,0.0001,0.2,1.0,0.25,0.05,lr1e-04_bs16_drop0p2_temp1p0_a0p25_b0p05__wd1e-04trmiss0_degmodglobal,8,0.6137750595808029,0.7085006833076477,0.5,0.7124323593073594,0.46153846153846156,0.0,0.5759197473526001,0.5876545161008835,0.08346832171082497,0.10506925918161869,0.0,0.0,0.0,0.0,0.0,18473,global,0.0
1,2,lr1e-04_bs16_drop0p2_temp1p0_a0p25_b0p05__wd1e-04trmiss0_degmodglobal,16,0.0001,0.0001,0.2,1.0,0.25,0.05,lr1e-04_bs16_drop0p2_temp1p0_a0p25_b0p05__wd1e-04trmiss0_degmodglobal,9,0.5785655230283737,0.7084819078445435,0.5,0.6826704545454545,0.46153846153846156,0.0,0.5643284618854523,0.5573211163282394,0.0684710219502449,0.08253268152475357,0.0,0.0,0.0,0.0,0.0,18473,global,0.0
1,2,lr1e-04_bs16_drop0p2_temp1p0_a0p25_b0p05__wd1e-04trmiss0_degmodglobal,16,0.0001,0.0001,0.2,1.0,0.25,0.05,lr1e-04_bs16_drop0p2_temp1p0_a0p25_b0p05__wd1e-04trmiss0_degmodglobal,10,0.6035987436771393,0.7018580436706543,0.49999999999999994,0.6729978354978354,0.46153846153846156,0.0,0.5412711650133133,0.5801524221897125,0.06773696932941675,0.13024123013019562,0.0,0.0,0.0,0.0,0.0,18473,global,0.0
1,2,lr1e-04_bs16_drop0p2_temp1p0_a0p25_b0p05__wd1e-04trmiss0_degmodglobal,16,0.0001,0.0001,0.2,1.0,0.25,0.05,lr1e-04_bs16_drop0p2_temp1p0_a0p25_b0p05__wd1e-04trmiss0_degmodglobal,11,0.6277959197759628,0.6670866012573242,0.65,0.7260912698412698,0.6153846153846154,0.0,0.5182296484708786,0.5969301164150238,0.09879926033318043,0.12331965565681458,0.0,0.0,0.0,0.0,0.0,18473,global,0.0
1,2,lr1e-04_bs16_drop0p2_temp1p0_a0p25_b0p05__wd1e-04trmiss0_degmodglobal,16,0.0001,0.0001,0.2,1.0,0.25,0.05,lr1e-04_bs16_drop0p2_temp1p0_a0p25_b0p05__wd1e-04trmiss0_degmodglobal,12,0.584316298365593,0.6607074737548828,0.65,0.7260912698412698,0.7692307692307693,0.0,0.5112608596682549,0.5589489638805389,0.07549411430954933,0.12987619452178478,0.0,0.0,0.0,0.0,0.0,18473,global,0.0
1,2,lr1e-04_bs16_drop0p2_temp1p0_a0p25_b0p05__wd1e-04trmiss0_degmodglobal,16,0.0001,0.0001,0.2,1.0,0.25,0.05,lr1e-04_bs16_drop0p2_temp1p0_a0p25_b0p05__wd1e-04trmiss0_degmodglobal,13,0.5777813494205475,0.6615239977836609,0.65,0.7260912698412698,0.6153846153846154,0.0,0.5216079130768776,0.5532040297985077,0.07854878529906273,0.09880223218351603,0.0,0.0,0.0,0.0,0.0,18473,global,0.0
1,2,lr1e-04_bs16_drop0p2_temp1p0_a0p25_b0p05__wd1e-04trmiss0_degmodglobal,16,0.0001,0.0001,0.2,1.0,0.25,0.05,lr1e-04_bs16_drop0p2_temp1p0_a0p25_b0p05__wd1e-04trmiss0_degmodglobal,14,0.5915558487176895,0.6633385419845581,0.65,0.7260912698412698,0.6153846153846154,0.0,0.518563985824585,0.5679025501012802,0.07433617301285267,0.10138506442308426,0.0,0.0,0.0,0.0,0.0,18473,global,0.0
1,2,lr1e-04_bs16_drop0p2_temp1p0_a0p25_b0p05__wd1e-04trmiss0_degmodglobal,16,0.0001,0.0001,0.2,1.0,0.25,0.05,lr1e-04_bs16_drop0p2_temp1p0_a0p25_b0p05__wd1e-04trmiss0_degmodglobal,15,0.6219171285629272,0.6633510589599609,0.675,0.7469246031746032,0.6153846153846154,0.0,0.5052913129329681,0.5908188074827194,0.09202953241765499,0.16181867755949497,0.0,0.0,0.0,0.0,0.0,18473,global,0.0
1,2,lr1e-04_bs16_drop0p2_temp1p0_a0p25_b0p05__wd1e-04trmiss0_degmodglobal,16,0.0001,0.0001,0.2,1.0,0.25,0.05,lr1e-04_bs16_drop0p2_temp1p0_a0p25_b0p05__wd1e-04trmiss0_degmodglobal,16,0.5727311223745346,0.6602617502212524,0.675,0.7469246031746032,0.6923076923076923,0.0,0.5050216317176819,0.5424470752477646,0.09510183706879616,0.13017141819000244,0.0,0.0,0.0,0.0,0.0,18473,global,0.0
1,2,lr1e-04_bs16_drop0p2_temp1p0_a0p25_b0p05__wd1e-04trmiss0_degmodglobal,16,0.0001,0.0001,0.2,1.0,0.25,0.05,lr1e-04_bs16_drop0p2_temp1p0_a0p25_b0p05__wd1e-04trmiss0_degmodglobal,17,0.5749758332967758,0.6558840274810791,0.675,0.7469246031746032,0.7692307692307693,0.0,0.5173307806253433,0.5512338504195213,0.07028097379952669,0.12343454547226429,0.0,0.0,0.0,0.0,0.0,18473,global,0.0
1,2,lr1e-04_bs16_drop0p2_temp1p0_a0p25_b0p05__wd1e-04trmiss0_degmodglobal,16,0.0001,0.0001,0.2,1.0,0.25,0.05,lr1e-04_bs16_drop0p2_temp1p0_a0p25_b0p05__wd1e-04trmiss0_degmodglobal,18,0.5593798011541367,0.6510157585144043,0.675,0.7469246031746032,0.7692307692307693,0.0,0.47104766964912415,0.5241025984287262,0.10647730715572834,0.17315756902098656,0.0,0.0,0.0,0.0,0.0,18473,global,0.0
1,2,lr1e-04_bs16_drop0p2_temp1p0_a0p25_b0p05__wd1e-04trmiss0_degmodglobal,16,0.0001,0.0001,0.2,1.0,0.25,0.05,lr1e-04_bs16_drop0p2_temp1p0_a0p25_b0p05__wd1e-04trmiss0_degmodglobal,19,0.5708493590354919,0.650921642780304,0.675,0.7469246031746032,0.7692307692307693,0.0,0.47931496798992157,0.5406869351863861,0.09369765967130661,0.13476045429706573,0.0,0.0,0.0,0.0,0.0,18473,global,0.0
1,2,lr1e-04_bs16_drop0p2_temp1p0_a0p25_b0p05__wd1e-04trmiss0_degmodglobal,16,0.0001,0.0001,0.2,1.0,0.25,0.05,lr1e-04_bs16_drop0p2_temp1p0_a0p25_b0p05__wd1e-04trmiss0_degmodglobal,20,0.5635177493095398,0.6507057547569275,0.675,0.7469246031746032,0.7692307692307693,0.0,0.4810190126299858,0.5296899676322937,0.10090485028922558,0.172031432390213,0.0,0.0,0.0,0.0,0.0,18473,global,0.0
1,2,lr1e-04_bs16_drop0p2_temp1p0_a0p25_b0p05__wd1e-04trmiss0_degmodglobal,16,0.0001,0.0001,0.2,1.0,0.25,0.05,lr1e-04_bs16_drop0p2_temp1p0_a0p25_b0p05__wd1e-04trmiss0_degmodglobal,21,0.5453709810972214,0.6542310118675232,0.675,0.7469246031746032,0.6153846153846154,0.0,0.47424623370170593,0.5169787853956223,0.08869774639606476,0.12435522489249706,0.0,0.0,0.0,0.0,0.0,18473,global,0.0
1,2,lr1e-04_bs16_drop0p2_temp1p0_a0p25_b0p05__wd1e-04trmiss0_degmodglobal,16,0.0001,0.0001,0.2,1.0,0.25,0.05,lr1e-04_bs16_drop0p2_temp1p0_a0p25_b0p05__wd1e-04trmiss0_degmodglobal,22,0.5605511963367462,0.6543512344360352,0.675,0.7469246031746032,0.6153846153846154,0.0,0.4894208535552025,0.5329786241054535,0.08414611965417862,0.13072060700505972,0.0,0.0,0.0,0.0,0.0,18473,global,0.0
1,2,lr1e-04_bs16_drop0p2_temp1p0_a0p25_b0p05__wd1e-04trmiss0_degmodglobal,16,0.0001,0.0001,0.2,1.0,0.25,0.05,lr1e-04_bs16_drop0p2_temp1p0_a0p25_b0p05__wd1e-04trmiss0_degmodglobal,23,0.5579297095537186,0.6502835154533386,0.675,0.7469246031746032,0.6153846153846154,0.0,0.4791131988167763,0.5317101925611496,0.0816833283752203,0.11597383953630924,0.0,0.0,0.0,0.0,0.0,18473,global,0.0
1,2,lr1e-04_bs16_drop0p2_temp1p0_a0p25_b0p05__wd1e-04trmiss0_degmodglobal,16,0.0001,0.0001,0.2,1.0,0.25,0.05,lr1e-04_bs16_drop0p2_temp1p0_a0p25_b0p05__wd1e-04trmiss0_degmodglobal,24,0.5609908252954483,0.6496102213859558,0.675,0.7469246031746032,0.6923076923076923,0.0,0.4728226363658905,0.5316967517137527,0.09110248275101185,0.13036896660923958,0.0,0.0,0.0,0.0,0.0,18473,global,0.0
1,2,lr1e-04_bs16_drop0p2_temp1p0_a0p25_b0p05__wd1e-04trmiss0_degmodglobal,16,0.0001,0.0001,0.2,1.0,0.25,0.05,lr1e-04_bs16_drop0p2_temp1p0_a0p25_b0p05__wd1e-04trmiss0_degmodglobal,25,0.5537832006812096,0.6499905586242676,0.675,0.7469246031746032,0.6923076923076923,0.0,0.4591965079307556,0.5171278566122055,0.10914640314877033,0.18737471476197243,0.0,0.0,0.0,0.0,0.0,18473,global,0.0
1,2,lr1e-04_bs16_drop0p2_temp2p0_a0p25_b0p05__wd1e-04trmiss0_degmodglobal,16,0.0001,0.0001,0.2,2.0,0.25,0.05,lr1e-04_bs16_drop0p2_temp2p0_a0p25_b0p05__wd1e-04trmiss0_degmodglobal,1,0.7021291255950928,0.7226253151893616,0.35,0.5692279942279942,0.38461538461538464,0.0,0.6528692841529846,0.6846473813056946,0.047020687721669674,0.11453178897500038,0.0,0.0,0.0,0.0,0.0,18473,global,0.0
1,2,lr1e-04_bs16_drop0p2_temp2p0_a0p25_b0p05__wd1e-04trmiss0_degmodglobal,16,0.0001,0.0001,0.2,2.0,0.25,0.05,lr1e-04_bs16_drop0p2_temp2p0_a0p25_b0p05__wd1e-04trmiss0_degmodglobal,2,0.69466432929039,0.7231441140174866,0.39999999999999997,0.5906565656565657,0.46153846153846156,0.0,0.6125280559062958,0.6685382127761841,0.06468642316758633,0.1990901418030262,0.0,0.0,0.0,0.0,0.0,18473,global,0.0
1,2,lr1e-04_bs16_drop0p2_temp2p0_a0p25_b0p05__wd1e-04trmiss0_degmodglobal,16,0.0001,0.0001,0.2,2.0,0.25,0.05,lr1e-04_bs16_drop0p2_temp2p0_a0p25_b0p05__wd1e-04trmiss0_degmodglobal,3,0.6151998490095139,0.7216874957084656,0.44999999999999996,0.6183351370851371,0.46153846153846156,0.0,0.5862623453140259,0.5973393321037292,0.04449322074651718,0.13474448770284653,0.0,0.0,0.0,0.0,0.0,18473,global,0.0
1,2,lr1e-04_bs16_drop0p2_temp2p0_a0p25_b0p05__wd1e-04trmiss0_degmodglobal,16,0.0001,0.0001,0.2,2.0,0.25,0.05,lr1e-04_bs16_drop0p2_temp2p0_a0p25_b0p05__wd1e-04trmiss0_degmodglobal,4,0.6089727282524109,0.7185357213020325,0.475,0.630239898989899,0.46153846153846156,0.0,0.5667743682861328,0.583137720823288,0.06775772012770176,0.17791168205440044,0.0,0.0,0.0,0.0,0.0,18473,global,0.0
1,2,lr1e-04_bs16_drop0p2_temp2p0_a0p25_b0p05__wd1e-04trmiss0_degmodglobal,16,0.0001,0.0001,0.2,2.0,0.25,0.05,lr1e-04_bs16_drop0p2_temp2p0_a0p25_b0p05__wd1e-04trmiss0_degmodglobal,5,0.6041685938835144,0.7178835272789001,0.5,0.6469065656565657,0.46153846153846156,0.0,0.5539279729127884,0.5845626145601273,0.05076103378087282,0.13831441290676594,0.0,0.0,0.0,0.0,0.0,18473,global,0.0
1,2,lr1e-04_bs16_drop0p2_temp2p0_a0p25_b0p05__wd1e-04trmiss0_degmodglobal,16,0.0001,0.0001,0.2,2.0,0.25,0.05,lr1e-04_bs16_drop0p2_temp2p0_a0p25_b0p05__wd1e-04trmiss0_degmodglobal,6,0.5867714434862137,0.717132568359375,0.5,0.6469065656565657,0.5384615384615384,0.0,0.5253107696771622,0.5619568675756454,0.06337553448975086,0.17941365018486977,0.0,0.0,0.0,0.0,0.0,18473,global,0.0
1,2,lr1e-04_bs16_drop0p2_temp2p0_a0p25_b0p05__wd1e-04trmiss0_degmodglobal,16,0.0001,0.0001,0.2,2.0,0.25,0.05,lr1e-04_bs16_drop0p2_temp2p0_a0p25_b0p05__wd1e-04trmiss0_degmodglobal,7,0.57839435338974,0.7100920081138611,0.5,0.6469065656565657,0.5384615384615384,0.0,0.5210520029067993,0.554596059024334,0.06164877861738205,0.16772212460637093,0.0,0.0,0.0,0.0,0.0,18473,global,0.0
1,2,lr1e-04_bs16_drop0p2_temp2p0_a0p25_b0p05__wd1e-04trmiss0_degmodglobal,16,0.0001,0.0001,0.2,2.0,0.25,0.05,lr1e-04_bs16_drop0p2_temp2p0_a0p25_b0p05__wd1e-04trmiss0_degmodglobal,8,0.5885860472917557,0.708344578742981,0.475,0.630239898989899,0.5384615384615384,0.0,0.5287850648164749,0.5638727620244026,0.06267545651644468,0.18088839575648308,0.0,0.0,0.0,0.0,0.0,18473,global,0.0
1,2,lr1e-04_bs16_drop0p2_temp2p0_a0p25_b0p05__wd1e-04trmiss0_degmodglobal,16,0.0001,0.0001,0.2,2.0,0.25,0.05,lr1e-04_bs16_drop0p2_temp2p0_a0p25_b0p05__wd1e-04trmiss0_degmodglobal,9,0.5702789723873138,0.7181029915809631,0.42499999999999993,0.5906565656565657,0.46153846153846156,0.0,0.5285344272851944,0.5520095676183701,0.048458384815603495,0.12309594638645649,0.0,0.0,0.0,0.0,0.0,18473,global,0.0
1,2,lr1e-04_bs16_drop0p2_temp2p0_a0p25_b0p05__wd1e-04trmiss0_degmodglobal,16,0.0001,0.0001,0.2,2.0,0.25,0.05,lr1e-04_bs16_drop0p2_temp2p0_a0p25_b0p05__wd1e-04trmiss0_degmodglobal,10,0.5579330623149872,0.7259828448295593,0.375,0.5698232323232324,0.38461538461538464,0.0,0.548186406493187,0.5372525602579117,0.052175831981003284,0.1527307592332363,0.0,0.0,0.0,0.0,0.0,18473,global,0.0
1,2,lr1e-04_bs16_drop0p2_temp2p0_a0p25_b0p05__wd1e-04trmiss0_degmodglobal,16,0.0001,0.0001,0.2,2.0,0.25,0.05,lr1e-04_bs16_drop0p2_temp2p0_a0p25_b0p05__wd1e-04trmiss0_degmodglobal,11,0.5907636284828186,0.7304277420043945,0.39999999999999997,0.5906565656565657,0.46153846153846156,0.0,0.5513246580958366,0.5730234235525131,0.050429374910891056,0.10265738796442747,0.0,0.0,0.0,0.0,0.0,18473,global,0.0
1,2,lr1e-04_bs16_drop0p2_temp2p0_a0p25_b0p05__wd1e-04trmiss0_degmodglobal,16,0.0001,0.0001,0.2,2.0,0.25,0.05,lr1e-04_bs16_drop0p2_temp2p0_a0p25_b0p05__wd1e-04trmiss0_degmodglobal,12,0.5316883474588394,0.7291566729545593,0.44999999999999996,0.6183351370851371,0.5384615384615384,0.0,0.5252138376235962,0.513311505317688,0.05060173477977514,0.11452850233763456,0.0,0.0,0.0,0.0,0.0,18473,global,0.0
1,2,lr1e-04_bs16_drop0p2_temp2p0_a0p25_b0p05__wd1e-04trmiss0_degmodglobal,16,0.0001,0.0001,0.2,2.0,0.25,0.05,lr1e-04_bs16_drop0p2_temp2p0_a0p25_b0p05__wd1e-04trmiss0_degmodglobal,13,0.5528198108077049,0.7319271564483643,0.375,0.5698232323232324,0.3076923076923077,0.0,0.5169903039932251,0.5294284820556641,0.057980273850262165,0.17792538739740849,0.0,0.0,0.0,0.0,0.0,18473,global,0.0
1,2,lr1e-04_bs16_drop0p2_temp2p0_a0p25_b0p05__wd1e-04trmiss0_degmodglobal,16,0.0001,0.0001,0.2,2.0,0.25,0.05,lr1e-04_bs16_drop0p2_temp2p0_a0p25_b0p05__wd1e-04trmiss0_degmodglobal,14,0.5978605300188065,0.7333992719650269,0.425,0.6412518037518038,0.3076923076923077,0.0,0.5198110267519951,0.5736120492219925,0.06368927098810673,0.16652297042310238,0.0,0.0,0.0,0.0,0.0,18473,global,0.0
1,2,lr1e-04_bs16_drop0p2_temp2p0_a0p25_b0p05__wd1e-04trmiss0_degmodglobal,16,0.0001,0.0001,0.2,2.0,0.25,0.05,lr1e-04_bs16_drop0p2_temp2p0_a0p25_b0p05__wd1e-04trmiss0_degmodglobal,15,0.5258610099554062,0.7181386947631836,0.44999999999999996,0.6531565656565657,0.38461538461538464,0.0,0.49714457243680954,0.5055254474282265,0.052008625119924545,0.14666813611984253,0.0,0.0,0.0,0.0,0.0,18473,global,0.0
1,2,lr1e-04_bs16_drop0p2_temp2p0_a0p25_b0p05__wd1e-04trmiss0_degmodglobal,16,0.0001,0.0001,0.2,2.0,0.25,0.05,lr1e-04_bs16_drop0p2_temp2p0_a0p25_b0p05__wd1e-04trmiss0_degmodglobal,16,0.5234617292881012,0.7155807614326477,0.42499999999999993,0.5906565656565657,0.46153846153846156,0.0,0.49799616634845734,0.5020121112465858,0.057629442773759365,0.1408451721072197,0.0,0.0,0.0,0.0,0.0,18473,global,0.0
1,2,lr1e-04_bs16_drop0p2_temp2p0_a0p25_b0p05__wd1e-04trmiss0_degmodglobal,16,0.0001,0.0001,0.2,2.0,0.25,0.05,lr1e-04_bs16_drop0p2_temp2p0_a0p25_b0p05__wd1e-04trmiss0_degmodglobal,17,0.5519844219088554,0.7207006812095642,0.42499999999999993,0.5906565656565657,0.38461538461538464,0.0,0.48429983109235764,0.5274506211280823,0.061951545998454094,0.18091800808906555,0.0,0.0,0.0,0.0,0.0,18473,global,0.0
1,2,lr1e-04_bs16_drop0p2_temp2p0_a0p25_b0p05__wd1e-04trmiss0_degmodglobal,16,0.0001,0.0001,0.2,2.0,0.25,0.05,lr1e-04_bs16_drop0p2_temp2p0_a0p25_b0p05__wd1e-04trmiss0_degmodglobal,18,0.5147708207368851,0.7263326048851013,0.42499999999999993,0.5906565656565657,0.3076923076923077,0.0,0.5182914435863495,0.49289578944444656,0.05956537462770939,0.1396736167371273,0.0,0.0,0.0,0.0,0.0,18473,global,0.0
1,2,lr1e-04_bs16_drop0p2_temp2p0_a0p25_b0p05__wd1e-04trmiss0_degmodglobal,16,0.0001,0.0001,0.2,2.0,0.25,0.05,lr1e-04_bs16_drop0p2_temp2p0_a0p25_b0p05__wd1e-04trmiss0_degmodglobal,19,0.5256275907158852,0.7303863763809204,0.42499999999999993,0.5906565656565657,0.3076923076923077,0.0,0.4955342561006546,0.4986425191164017,0.06962896883487701,0.191556541249156,0.0,0.0,0.0,0.0,0.0,18473,global,0.0
1,2,lr1e-04_bs16_drop0p2_temp2p0_a0p25_b0p05__wd1e-04trmiss0_degmodglobal,16,0.0001,0.0001,0.2,2.0,0.25,0.05,lr1e-04_bs16_drop0p2_temp2p0_a0p25_b0p05__wd1e-04trmiss0_degmodglobal,20,0.5009082406759262,0.7294673919677734,0.42499999999999993,0.5906565656565657,0.3076923076923077,0.0,0.454137347638607,0.47987427562475204,0.05445741908624768,0.14839225076138973,0.0,0.0,0.0,0.0,0.0,18473,global,0.0
1,2,lr1e-04_bs16_drop0p2_temp2p0_a0p25_b0p05__wd1e-04trmiss0_degmodglobal,16,0.0001,0.0001,0.2,2.0,0.25,0.05,lr1e-04_bs16_drop0p2_temp2p0_a0p25_b0p05__wd1e-04trmiss0_degmodglobal,21,0.5372354835271835,0.7264593243598938,0.42499999999999993,0.5906565656565657,0.38461538461538464,0.0,0.45086249709129333,0.5145457163453102,0.05376193858683109,0.18498555198311806,0.0,0.0,0.0,0.0,0.0,18473,global,0.0
1,2,lr1e-04_bs16_drop0p2_temp2p0_a0p25_b0p05__wd1e-04trmiss0_degmodglobal,16,0.0001,0.0001,0.2,2.0,0.25,0.05,lr1e-04_bs16_drop0p2_temp2p0_a0p25_b0p05__wd1e-04trmiss0_degmodglobal,22,0.5160855427384377,0.7229318022727966,0.45,0.5993371212121212,0.38461538461538464,0.0,0.4572654590010643,0.49043817818164825,0.06521731056272984,0.1868608258664608,0.0,0.0,0.0,0.0,0.0,18473,global,0.0
1,2,lr1e-04_bs16_drop0p2_temp2p0_a0p25_b0p05__wd1e-04trmiss0_degmodglobal,16,0.0001,0.0001,0.2,2.0,0.25,0.05,lr1e-04_bs16_drop0p2_temp2p0_a0p25_b0p05__wd1e-04trmiss0_degmodglobal,23,0.4988425523042679,0.7212137579917908,0.45,0.5993371212121212,0.3076923076923077,0.0,0.45575394481420517,0.4810422509908676,0.04957167012616992,0.10814736876636744,0.0,0.0,0.0,0.0,0.0,18473,global,0.0
1,2,lr1e-04_bs16_drop0p2_temp2p0_a0p25_b0p05__wd1e-04trmiss0_degmodglobal,16,0.0001,0.0001,0.2,2.0,0.25,0.05,lr1e-04_bs16_drop0p2_temp2p0_a0p25_b0p05__wd1e-04trmiss0_degmodglobal,24,0.50115567445755,0.7184298634529114,0.475,0.6104978354978354,0.3076923076923077,0.0,0.4720458537340164,0.4774632304906845,0.06413126178085804,0.1531924270093441,0.0,0.0,0.0,0.0,0.0,18473,global,0.0
1,2,lr1e-04_bs16_drop0p2_temp2p0_a0p25_b0p05__wd1e-04trmiss0_degmodglobal,16,0.0001,0.0001,0.2,2.0,0.25,0.05,lr1e-04_bs16_drop0p2_temp2p0_a0p25_b0p05__wd1e-04trmiss0_degmodglobal,25,0.557705320417881,0.7249026298522949,0.475,0.6104978354978354,0.3076923076923077,0.0,0.5103791058063507,0.5375460535287857,0.05429707281291485,0.13170029036700726,0.0,0.0,0.0,0.0,0.0,18473,global,0.0
1,2,lr1e-04_bs16_drop0p2_temp2p0_a0p25_b0p05__wd1e-04trmiss0_degmodglobal,16,0.0001,0.0001,0.2,2.0,0.25,0.05,lr1e-04_bs16_drop0p2_temp2p0_a0p25_b0p05__wd1e-04trmiss0_degmodglobal,26,0.5067362785339355,0.7225753664970398,0.475,0.6104978354978354,0.3076923076923077,0.0,0.4587886109948158,0.48025794327259064,0.06642069388180971,0.1974629871547222,0.0,0.0,0.0,0.0,0.0,18473,global,0.0
1,2,lr1e-04_bs16_drop0p2_temp2p0_a0p25_b0p05__wd1e-04trmiss0_degmodglobal,16,0.0001,0.0001,0.2,2.0,0.25,0.05,lr1e-04_bs16_drop0p2_temp2p0_a0p25_b0p05__wd1e-04trmiss0_degmodglobal,27,0.5533691719174385,0.7251709699630737,0.475,0.6104978354978354,0.3076923076923077,0.0,0.4885435625910759,0.5290544480085373,0.06384806614369154,0.1670540701597929,0.0,0.0,0.0,0.0,0.0,18473,global,0.0
1,2,lr1e-04_bs16_drop0p4_temp1p0_a0p25_b0p05__wd1e-04trmiss0_degmodglobal,16,0.0001,0.0001,0.4,1.0,0.25,0.05,lr1e-04_bs16_drop0p4_temp1p0_a0p25_b0p05__wd1e-04trmiss0_degmodglobal,1,0.7056052386760712,0.6888829469680786,0.7,0.8373397435897436,0.6153846153846154,0.0,0.6983235776424408,0.687506839632988,0.04741985071450472,0.12486875988543034,0.0,0.0,0.0,0.0,0.0,18473,global,0.0
1,2,lr1e-04_bs16_drop0p4_temp1p0_a0p25_b0p05__wd1e-04trmiss0_degmodglobal,16,0.0001,0.0001,0.4,1.0,0.25,0.05,lr1e-04_bs16_drop0p4_temp1p0_a0p25_b0p05__wd1e-04trmiss0_degmodglobal,2,0.7299236506223679,0.6823697686195374,0.7000000000000001,0.8158119658119658,0.7692307692307693,0.0,0.7119188755750656,0.7103196829557419,0.04706147871911526,0.15677200816571712,0.0,0.0,0.0,0.0,0.0,18473,global,0.0
1,2,lr1e-04_bs16_drop0p4_temp1p0_a0p25_b0p05__wd1e-04trmiss0_degmodglobal,16,0.0001,0.0001,0.4,1.0,0.25,0.05,lr1e-04_bs16_drop0p4_temp1p0_a0p25_b0p05__wd1e-04trmiss0_degmodglobal,3,0.6811899840831757,0.6730511784553528,0.675,0.8155143467643468,0.6923076923076923,0.0,0.6485484540462494,0.6625458300113678,0.04402011074125767,0.1527822008356452,0.0,0.0,0.0,0.0,0.0,18473,global,0.0
1,2,lr1e-04_bs16_drop0p4_temp1p0_a0p25_b0p05__wd1e-04trmiss0_degmodglobal,16,0.0001,0.0001,0.4,1.0,0.25,0.05,lr1e-04_bs16_drop0p4_temp1p0_a0p25_b0p05__wd1e-04trmiss0_degmodglobal,4,0.6448897570371628,0.6686151623725891,0.625,0.7953754578754578,0.6923076923076923,0.0,0.6573090255260468,0.6234335005283356,0.05230439221486449,0.16760346665978432,0.0,0.0,0.0,0.0,0.0,18473,global,0.0
1,2,lr1e-04_bs16_drop0p4_temp1p0_a0p25_b0p05__wd1e-04trmiss0_degmodglobal,16,0.0001,0.0001,0.4,1.0,0.25,0.05,lr1e-04_bs16_drop0p4_temp1p0_a0p25_b0p05__wd1e-04trmiss0_degmodglobal,5,0.642390787601471,0.6663970947265625,0.6000000000000001,0.7641254578754578,0.6923076923076923,0.0,0.6067715883255005,0.6243942677974701,0.04310486651957035,0.14440623950213194,0.0,0.0,0.0,0.0,0.0,18473,global,0.0
1,2,lr1e-04_bs16_drop0p4_temp1p0_a0p25_b0p05__wd1e-04trmiss0_degmodglobal,16,0.0001,0.0001,0.4,1.0,0.25,0.05,lr1e-04_bs16_drop0p4_temp1p0_a0p25_b0p05__wd1e-04trmiss0_degmodglobal,6,0.5900300592184067,0.6646093726158142,0.525,0.699393315018315,0.6923076923076923,0.0,0.5994433015584946,0.567014753818512,0.0550382025539875,0.18511516973376274,0.0,0.0,0.0,0.0,0.0,18473,global,0.0
1,2,lr1e-04_bs16_drop0p4_temp1p0_a0p25_b0p05__wd1e-04trmiss0_degmodglobal,16,0.0001,0.0001,0.4,1.0,0.25,0.05,lr1e-04_bs16_drop0p4_temp1p0_a0p25_b0p05__wd1e-04trmiss0_degmodglobal,7,0.6211273223161697,0.6722294092178345,0.525,0.699393315018315,0.6153846153846154,0.0,0.617746889591217,0.5877616852521896,0.08850797452032566,0.22477268055081367,0.0,0.0,0.0,0.0,0.0,18473,global,0.0
1,2,lr1e-04_bs16_drop0p4_temp1p0_a0p25_b0p05__wd1e-04trmiss0_degmodglobal,16,0.0001,0.0001,0.4,1.0,0.25,0.05,lr1e-04_bs16_drop0p4_temp1p0_a0p25_b0p05__wd1e-04trmiss0_degmodglobal,8,0.5941645056009293,0.6754326820373535,0.5,0.6914387695637696,0.6153846153846154,0.0,0.5730222761631012,0.569950208067894,0.05820533540099859,0.19325962290167809,0.0,0.0,0.0,0.0,0.0,18473,global,0.0
1,2,lr1e-04_bs16_drop0p4_temp1p0_a0p25_b0p05__wd1e-04trmiss0_degmodglobal,16,0.0001,0.0001,0.4,1.0,0.25,0.05,lr1e-04_bs16_drop0p4_temp1p0_a0p25_b0p05__wd1e-04trmiss0_degmodglobal,9,0.6320192664861679,0.6768357157707214,0.5,0.6914387695637696,0.6153846153846154,0.0,0.5712308883666992,0.5898716002702713,0.09271757304668427,0.379365649074316,0.0,0.0,0.0,0.0,0.0,18473,global,0.0
1,2,lr1e-04_bs16_drop0p4_temp1p0_a0p25_b0p05__wd1e-04trmiss0_degmodglobal,16,0.0001,0.0001,0.4,1.0,0.25,0.05,lr1e-04_bs16_drop0p4_temp1p0_a0p25_b0p05__wd1e-04trmiss0_degmodglobal,10,0.605059877038002,0.6851189732551575,0.475,0.6726887695637696,0.6153846153846154,0.0,0.5804529786109924,0.5848131030797958,0.04934391472488642,0.15821592323482037,0.0,0.0,0.0,0.0,0.0,18473,global,0.0
1,2,lr1e-04_bs16_drop0p4_temp1p0_a0p25_b0p05__wd1e-04trmiss0_degmodglobal,16,0.0001,0.0001,0.4,1.0,0.25,0.05,lr1e-04_bs16_drop0p4_temp1p0_a0p25_b0p05__wd1e-04trmiss0_degmodglobal,11,0.5910560190677643,0.6861754655838013,0.47500000000000003,0.6848099816849818,0.6153846153846154,0.0,0.5931894332170486,0.5671458691358566,0.059810963459312916,0.17914780974388123,0.0,0.0,0.0,0.0,0.0,18473,global,0.0
1,2,lr1e-04_bs16_drop0p4_temp1p0_a0p25_b0p05__wd1e-04trmiss0_degmodglobal,16,0.0001,0.0001,0.4,1.0,0.25,0.05,lr1e-04_bs16_drop0p4_temp1p0_a0p25_b0p05__wd1e-04trmiss0_degmodglobal,12,0.6193687170743942,0.6878771185874939,0.5,0.6891254578754579,0.5384615384615384,0.0,0.5507196635007858,0.5794021338224411,0.10029336716979742,0.2978650890290737,0.0,0.0,0.0,0.0,0.0,18473,global,0.0
1,2,lr1e-04_bs16_drop0p4_temp1p0_a0p25_b0p05__wd1e-04trmiss0_degmodglobal,16,0.0001,0.0001,0.4,1.0,0.25,0.05,lr1e-04_bs16_drop0p4_temp1p0_a0p25_b0p05__wd1e-04trmiss0_degmodglobal,13,0.5751366764307022,0.6879645586013794,0.475,0.6807921245421246,0.5384615384615384,0.0,0.5265516042709351,0.5471361726522446,0.07099729869514704,0.2050235401839018,0.0,0.0,0.0,0.0,0.0,18473,global,0.0
1,2,lr1e-04_bs16_drop0p4_temp1p0_a0p25_b0p05__wd1e-04trmiss0_degmodglobal,16,0.0001,0.0001,0.4,1.0,0.25,0.05,lr1e-04_bs16_drop0p4_temp1p0_a0p25_b0p05__wd1e-04trmiss0_degmodglobal,14,0.5775081217288971,0.6854909062385559,0.49999999999999994,0.6874209124209124,0.5384615384615384,0.0,0.5736940205097198,0.5513829588890076,0.05860170163214207,0.22949468716979027,0.0,0.0,0.0,0.0,0.0,18473,global,0.0
1,2,lr1e-04_bs16_drop0p4_temp1p0_a0p25_b0p05__wd1e-04trmiss0_degmodglobal,16,0.0001,0.0001,0.4,1.0,0.25,0.05,lr1e-04_bs16_drop0p4_temp1p0_a0p25_b0p05__wd1e-04trmiss0_degmodglobal,15,0.572044849395752,0.6809423565864563,0.525,0.6957542457542457,0.5384615384615384,0.0,0.5260665193200111,0.5341449081897736,0.09871645923703909,0.26441699638962746,0.0,0.0,0.0,0.0,0.0,18473,global,0.0
1,2,lr1e-04_bs16_drop0p4_temp1p0_a0p25_b0p05__wd1e-04trmiss0_degmodglobal,16,0.0001,0.0001,0.4,1.0,0.25,0.05,lr1e-04_bs16_drop0p4_temp1p0_a0p25_b0p05__wd1e-04trmiss0_degmodglobal,16,0.559084102511406,0.671839714050293,0.5499999999999999,0.7145042457542458,0.5384615384615384,0.0,0.5246581956744194,0.5336824059486389,0.06652161199599504,0.1754256971180439,0.0,0.0,0.0,0.0,0.0,18473,global,0.0
1,2,lr1e-04_bs16_drop0p4_temp1p0_a0p25_b0p05__wd1e-04trmiss0_degmodglobal,16,0.0001,0.0001,0.4,1.0,0.25,0.05,lr1e-04_bs16_drop0p4_temp1p0_a0p25_b0p05__wd1e-04trmiss0_degmodglobal,17,0.5279623866081238,0.6796320676803589,0.5249999999999999,0.7061709124209125,0.5384615384615384,0.0,0.5035436227917671,0.5122383311390877,0.03908325685188174,0.11906509473919868,0.0,0.0,0.0,0.0,0.0,18473,global,0.0
1,2,lr1e-04_bs16_drop0p4_temp1p0_a0p25_b0p05__wd1e-04trmiss0_degmodglobal,16,0.0001,0.0001,0.4,1.0,0.25,0.05,lr1e-04_bs16_drop0p4_temp1p0_a0p25_b0p05__wd1e-04trmiss0_degmodglobal,18,0.575849860906601,0.6819180250167847,0.49999999999999994,0.6874209124209124,0.46153846153846156,0.0,0.5456325560808182,0.5455460548400879,0.0735201882198453,0.2384749911725521,0.0,0.0,0.0,0.0,0.0,18473,global,0.0
1,2,lr1e-04_bs16_drop0p4_temp1p0_a0p25_b0p05__wd1e-04trmiss0_degmodglobal,16,0.0001,0.0001,0.4,1.0,0.25,0.05,lr1e-04_bs16_drop0p4_temp1p0_a0p25_b0p05__wd1e-04trmiss0_degmodglobal,19,0.5806572288274765,0.6739912033081055,0.5499999999999999,0.7097537878787878,0.5384615384615384,0.0,0.5548378974199295,0.549456775188446,0.0717252055183053,0.2653828412294388,0.0,0.0,0.0,0.0,0.0,18473,global,0.0
1,2,lr1e-04_bs16_drop0p4_temp1p0_a0p25_b0p05__wd1e-04trmiss0_degmodglobal,16,0.0001,0.0001,0.4,1.0,0.25,0.05,lr1e-04_bs16_drop0p4_temp1p0_a0p25_b0p05__wd1e-04trmiss0_degmodglobal,20,0.5396480709314346,0.6715448498725891,0.575,0.7264204545454546,0.5384615384615384,0.0,0.5074971914291382,0.5119940638542175,0.07101046107709408,0.19802768900990486,0.0,0.0,0.0,0.0,0.0,18473,global,0.0
1,2,lr1e-04_bs16_drop0p4_temp1p0_a0p25_b0p05__wd1e-04trmiss0_degmodglobal,16,0.0001,0.0001,0.4,1.0,0.25,0.05,lr1e-04_bs16_drop0p4_temp1p0_a0p25_b0p05__wd1e-04trmiss0_degmodglobal,21,0.5728378742933273,0.6672225594520569,0.575,0.7264204545454546,0.5384615384615384,0.0,0.4849148839712143,0.5400334522128105,0.07982536870986223,0.25696176663041115,0.0,0.0,0.0,0.0,0.0,18473,global,0.0
1,2,lr1e-04_bs16_drop0p4_temp1p0_a0p25_b0p05__wd1e-04trmiss0_degmodglobal,16,0.0001,0.0001,0.4,1.0,0.25,0.05,lr1e-04_bs16_drop0p4_temp1p0_a0p25_b0p05__wd1e-04trmiss0_degmodglobal,22,0.5372487008571625,0.6701312065124512,0.5499999999999999,0.7097537878787878,0.5384615384615384,0.0,0.5045225471258163,0.5051979348063469,0.0793383065611124,0.24432403966784477,0.0,0.0,0.0,0.0,0.0,18473,global,0.0
1,2,lr1e-04_bs16_drop0p4_temp1p0_a0p25_b0p05__wd1e-04trmiss0_degmodglobal,16,0.0001,0.0001,0.4,1.0,0.25,0.05,lr1e-04_bs16_drop0p4_temp1p0_a0p25_b0p05__wd1e-04trmiss0_degmodglobal,23,0.5682536214590073,0.6738611459732056,0.5499999999999999,0.7125811688311688,0.5384615384615384,0.0,0.5488688349723816,0.5386017858982086,0.07524942420423031,0.21678968705236912,0.0,0.0,0.0,0.0,0.0,18473,global,0.0
1,2,lr1e-04_bs16_drop0p4_temp1p0_a0p25_b0p05__wd1e-04trmiss0_degmodglobal,16,0.0001,0.0001,0.4,1.0,0.25,0.05,lr1e-04_bs16_drop0p4_temp1p0_a0p25_b0p05__wd1e-04trmiss0_degmodglobal,24,0.5561347603797913,0.6771045923233032,0.5249999999999999,0.7061709124209125,0.46153846153846156,0.0,0.5124435350298882,0.5058714896440506,0.12329524010419846,0.38878926262259483,0.0,0.0,0.0,0.0,0.0,18473,global,0.0
1,2,lr1e-04_bs16_drop0p4_temp1p0_a0p25_b0p05__wd1e-04trmiss0_degmodglobal,16,0.0001,0.0001,0.4,1.0,0.25,0.05,lr1e-04_bs16_drop0p4_temp1p0_a0p25_b0p05__wd1e-04trmiss0_degmodglobal,25,0.5387288182973862,0.6762890815734863,0.5249999999999999,0.7061709124209125,0.46153846153846156,0.0,0.4992508962750435,0.5063811093568802,0.08583982568234205,0.21775485947728157,0.0,0.0,0.0,0.0,0.0,18473,global,0.0
1,2,lr1e-04_bs16_drop0p4_temp2p0_a0p25_b0p05__wd1e-04trmiss0_degmodglobal,16,0.0001,0.0001,0.4,2.0,0.25,0.05,lr1e-04_bs16_drop0p4_temp2p0_a0p25_b0p05__wd1e-04trmiss0_degmodglobal,1,0.7062713354825974,0.718405544757843,0.45,0.6764766483516484,0.5384615384615384,0.0,0.7095306217670441,0.6749644875526428,0.08794419374316931,0.18641611002385616,0.0,0.0,0.0,0.0,0.0,18473,global,0.0
1,2,lr1e-04_bs16_drop0p4_temp2p0_a0p25_b0p05__wd1e-04trmiss0_degmodglobal,16,0.0001,0.0001,0.4,2.0,0.25,0.05,lr1e-04_bs16_drop0p4_temp2p0_a0p25_b0p05__wd1e-04trmiss0_degmodglobal,2,0.6910012364387512,0.7388618588447571,0.42500000000000004,0.6654963092463093,0.46153846153846156,0.0,0.7065288424491882,0.6620592623949051,0.08066145330667496,0.17553215101361275,0.0,0.0,0.0,0.0,0.0,18473,global,0.0
1,2,lr1e-04_bs16_drop0p4_temp2p0_a0p25_b0p05__wd1e-04trmiss0_degmodglobal,16,0.0001,0.0001,0.4,2.0,0.25,0.05,lr1e-04_bs16_drop0p4_temp2p0_a0p25_b0p05__wd1e-04trmiss0_degmodglobal,3,0.6853431612253189,0.735784113407135,0.45,0.6744248806748807,0.46153846153846156,0.0,0.6818397641181946,0.6639202535152435,0.060530638322234154,0.12580539844930172,0.0,0.0,0.0,0.0,0.0,18473,global,0.0
1,2,lr1e-04_bs16_drop0p4_temp2p0_a0p25_b0p05__wd1e-04trmiss0_degmodglobal,16,0.0001,0.0001,0.4,2.0,0.25,0.05,lr1e-04_bs16_drop0p4_temp2p0_a0p25_b0p05__wd1e-04trmiss0_degmodglobal,4,0.678345799446106,0.7298303246498108,0.475,0.6863296425796426,0.46153846153846156,0.0,0.6750105321407318,0.6542234122753143,0.06619518250226974,0.1514718346297741,0.0,0.0,0.0,0.0,0.0,18473,global,0.0
1,2,lr1e-04_bs16_drop0p4_temp2p0_a0p25_b0p05__wd1e-04trmiss0_degmodglobal,16,0.0001,0.0001,0.4,2.0,0.25,0.05,lr1e-04_bs16_drop0p4_temp2p0_a0p25_b0p05__wd1e-04trmiss0_degmodglobal,5,0.6753578782081604,0.7289522886276245,0.425,0.6050796425796426,0.46153846153846156,0.0,0.6788106858730316,0.6505478620529175,0.07339858449995518,0.12920728977769613,0.0,0.0,0.0,0.0,0.0,18473,global,0.0
1,2,lr1e-04_bs16_drop0p4_temp2p0_a0p25_b0p05__wd1e-04trmiss0_degmodglobal,16,0.0001,0.0001,0.4,2.0,0.25,0.05,lr1e-04_bs16_drop0p4_temp2p0_a0p25_b0p05__wd1e-04trmiss0_degmodglobal,6,0.6431711167097092,0.7478294372558594,0.4,0.5931748806748807,0.46153846153846156,0.0,0.7083644419908524,0.6044261604547501,0.10483209230005741,0.2507385015487671,0.0,0.0,0.0,0.0,0.0,18473,global,0.0
1,2,lr1e-04_bs16_drop0p4_temp2p0_a0p25_b0p05__wd1e-04trmiss0_degmodglobal,16,0.0001,0.0001,0.4,2.0,0.25,0.05,lr1e-04_bs16_drop0p4_temp2p0_a0p25_b0p05__wd1e-04trmiss0_degmodglobal,7,0.6609508395195007,0.7603002190589905,0.37499999999999994,0.5842463092463093,0.38461538461538464,0.0,0.6600633561611176,0.6355608552694321,0.06900990009307861,0.16275041736662388,0.0,0.0,0.0,0.0,0.0,18473,global,0.0
1,2,lr1e-04_bs16_drop0p4_temp2p0_a0p25_b0p05__wd1e-04trmiss0_degmodglobal,16,0.0001,0.0001,0.4,2.0,0.25,0.05,lr1e-04_bs16_drop0p4_temp2p0_a0p25_b0p05__wd1e-04trmiss0_degmodglobal,8,0.6461128294467926,0.7562243938446045,0.37499999999999994,0.5842463092463093,0.38461538461538464,0.0,0.6399683207273483,0.6179844737052917,0.07740442641079426,0.17554549407213926,0.0,0.0,0.0,0.0,0.0,18473,global,0.0
1,2,lr1e-04_bs16_drop0p4_temp2p0_a0p25_b0p05__wd1e-04trmiss0_degmodglobal,16,0.0001,0.0001,0.4,2.0,0.25,0.05,lr1e-04_bs16_drop0p4_temp2p0_a0p25_b0p05__wd1e-04trmiss0_degmodglobal,9,0.652144655585289,0.7572347521781921,0.37499999999999994,0.5842463092463093,0.46153846153846156,0.0,0.6169546693563461,0.6260223537683487,0.06856384500861168,0.17962679639458656,0.0,0.0,0.0,0.0,0.0,18473,global,0.0
1,2,lr1e-04_bs16_drop0p4_temp2p0_a0p25_b0p05__wd1e-04trmiss0_degmodglobal,16,0.0001,0.0001,0.4,2.0,0.25,0.05,lr1e-04_bs16_drop0p4_temp2p0_a0p25_b0p05__wd1e-04trmiss0_degmodglobal,10,0.6617631167173386,0.7437821626663208,0.37499999999999994,0.5842463092463093,0.38461538461538464,0.0,0.6038694679737091,0.6236882507801056,0.09519044030457735,0.2855449542403221,0.0,0.0,0.0,0.0,0.0,18473,global,0.0
1,2,lr1e-04_bs16_drop0p4_temp2p0_a0p25_b0p05__wd1e-04trmiss0_degmodglobal,16,0.0001,0.0001,0.4,2.0,0.25,0.05,lr1e-04_bs16_drop0p4_temp2p0_a0p25_b0p05__wd1e-04trmiss0_degmodglobal,11,0.6104067713022232,0.7337856292724609,0.4,0.5931748806748807,0.46153846153846156,0.0,0.5954534709453583,0.5826897174119949,0.07512058783322573,0.17873799055814743,0.0,0.0,0.0,0.0,0.0,18473,global,0.0
1,2,lr1e-04_bs16_drop0p4_temp2p0_a0p25_b0p05__wd1e-04trmiss0_degmodglobal,16,0.0001,0.0001,0.4,2.0,0.25,0.05,lr1e-04_bs16_drop0p4_temp2p0_a0p25_b0p05__wd1e-04trmiss0_degmodglobal,12,0.6217445731163025,0.729290783405304,0.425,0.6050796425796426,0.46153846153846156,0.0,0.61508709192276,0.6001238077878952,0.06288613937795162,0.11798483971506357,0.0,0.0,0.0,0.0,0.0,18473,global,0.0
1,2,lr1e-04_bs16_drop0p4_temp2p0_a0p25_b0p05__wd1e-04trmiss0_degmodglobal,16,0.0001,0.0001,0.4,2.0,0.25,0.05,lr1e-04_bs16_drop0p4_temp2p0_a0p25_b0p05__wd1e-04trmiss0_degmodglobal,13,0.6347427368164062,0.7277761697769165,0.425,0.6050796425796426,0.46153846153846156,0.0,0.5250480473041534,0.6003450900316238,0.08480622991919518,0.26392168179154396,0.0,0.0,0.0,0.0,0.0,18473,global,0.0
1,2,lr1e-04_bs16_drop0p4_temp2p0_a0p25_b0p05__wd1e-04trmiss0_degmodglobal,16,0.0001,0.0001,0.4,2.0,0.25,0.05,lr1e-04_bs16_drop0p4_temp2p0_a0p25_b0p05__wd1e-04trmiss0_degmodglobal,14,0.6577714830636978,0.7282789349555969,0.45,0.6675796425796426,0.46153846153846156,0.0,0.5733061879873276,0.6305316090583801,0.06598271243274212,0.2148844487965107,0.0,0.0,0.0,0.0,0.0,18473,global,0.0
1,2,lr1e-04_bs16_drop0p4_temp2p0_a0p25_b0p05__wd1e-04trmiss0_degmodglobal,16,0.0001,0.0001,0.4,2.0,0.25,0.05,lr1e-04_bs16_drop0p4_temp2p0_a0p25_b0p05__wd1e-04trmiss0_degmodglobal,15,0.6495993286371231,0.7259676456451416,0.425,0.6050796425796426,0.46153846153846156,0.0,0.5133871138095856,0.6160142570734024,0.09004762209951878,0.22146299481391907,0.0,0.0,0.0,0.0,0.0,18473,global,0.0
1,2,lr1e-04_bs16_drop0p4_temp2p0_a0p25_b0p05__wd1e-04trmiss0_degmodglobal,16,0.0001,0.0001,0.4,2.0,0.25,0.05,lr1e-04_bs16_drop0p4_temp2p0_a0p25_b0p05__wd1e-04trmiss0_degmodglobal,16,0.6328658163547516,0.7218966484069824,0.475,0.6762601981351981,0.46153846153846156,0.0,0.5745395869016647,0.6057272702455521,0.06979530677199364,0.193794347345829,0.0,0.0,0.0,0.0,0.0,18473,global,0.0
1,2,lr1e-04_bs16_drop0p4_temp2p0_a0p25_b0p05__wd1e-04trmiss0_degmodglobal,16,0.0001,0.0001,0.4,2.0,0.25,0.05,lr1e-04_bs16_drop0p4_temp2p0_a0p25_b0p05__wd1e-04trmiss0_degmodglobal,17,0.6283487975597382,0.7222101092338562,0.475,0.6762601981351981,0.46153846153846156,0.0,0.5903567522764206,0.5932031869888306,0.09742837399244308,0.2157704420387745,0.0,0.0,0.0,0.0,0.0,18473,global,0.0
1,2,lr1e-04_bs16_drop0p4_temp2p0_a0p25_b0p05__wd1e-04trmiss0_degmodglobal,16,0.0001,0.0001,0.4,2.0,0.25,0.05,lr1e-04_bs16_drop0p4_temp2p0_a0p25_b0p05__wd1e-04trmiss0_degmodglobal,18,0.663921445608139,0.720877468585968,0.475,0.6762601981351981,0.46153846153846156,0.0,0.5681255757808685,0.6365262120962143,0.06777389999479055,0.2090347446501255,0.0,0.0,0.0,0.0,0.0,18473,global,0.0
1,2,lr1e-04_bs16_drop0p4_temp2p0_a0p25_b0p05__wd1e-04trmiss0_degmodglobal,16,0.0001,0.0001,0.4,2.0,0.25,0.05,lr1e-04_bs16_drop0p4_temp2p0_a0p25_b0p05__wd1e-04trmiss0_degmodglobal,19,0.6072342544794083,0.7246894240379333,0.475,0.6762601981351981,0.46153846153846156,0.0,0.5204698517918587,0.5726761817932129,0.08872347231954336,0.24754442274570465,0.0,0.0,0.0,0.0,0.0,18473,global,0.0
1,2,lr1e-04_bs16_drop0p4_temp2p0_a0p25_b0p05__wd1e-04trmiss0_degmodglobal,16,0.0001,0.0001,0.4,2.0,0.25,0.05,lr1e-04_bs16_drop0p4_temp2p0_a0p25_b0p05__wd1e-04trmiss0_degmodglobal,20,0.6388475894927979,0.7213757038116455,0.475,0.6762601981351981,0.46153846153846156,0.0,0.5265943184494972,0.6046709716320038,0.07985389232635498,0.2842629663646221,0.0,0.0,0.0,0.0,0.0,18473,global,0.0
1,2,lr1e-04_bs16_drop0p4_temp2p0_a0p25_b0p05__wd1e-04trmiss0_degmodglobal,16,0.0001,0.0001,0.4,2.0,0.25,0.05,lr1e-04_bs16_drop0p4_temp2p0_a0p25_b0p05__wd1e-04trmiss0_degmodglobal,21,0.5812536180019379,0.7150514125823975,0.5,0.6845935314685314,0.46153846153846156,0.0,0.5442626923322678,0.550264373421669,0.08161920681595802,0.2116885269060731,0.0,0.0,0.0,0.0,0.0,18473,global,0.0
1,2,lr1e-04_bs16_drop0p4_temp2p0_a0p25_b0p05__wd1e-04trmiss0_degmodglobal,16,0.0001,0.0001,0.4,2.0,0.25,0.05,lr1e-04_bs16_drop0p4_temp2p0_a0p25_b0p05__wd1e-04trmiss0_degmodglobal,22,0.5957961976528168,0.7090465426445007,0.5,0.6845935314685314,0.46153846153846156,0.0,0.537156954407692,0.5607117265462875,0.09527726750820875,0.22530296817421913,0.0,0.0,0.0,0.0,0.0,18473,global,0.0
1,2,lr1e-04_bs16_drop0p4_temp2p0_a0p25_b0p05__wd1e-04trmiss0_degmodglobal,16,0.0001,0.0001,0.4,2.0,0.25,0.05,lr1e-04_bs16_drop0p4_temp2p0_a0p25_b0p05__wd1e-04trmiss0_degmodglobal,23,0.5848233848810196,0.7074645161628723,0.475,0.6220935314685314,0.5384615384615384,0.0,0.507425993680954,0.5531084686517715,0.08488403353840113,0.20987815223634243,0.0,0.0,0.0,0.0,0.0,18473,global,0.0
1,2,lr1e-04_bs16_drop0p4_temp2p0_a0p25_b0p05__wd1e-04trmiss0_degmodglobal,16,0.0001,0.0001,0.4,2.0,0.25,0.05,lr1e-04_bs16_drop0p4_temp2p0_a0p25_b0p05__wd1e-04trmiss0_degmodglobal,24,0.5772600471973419,0.7002275586128235,0.525,0.6436709124209125,0.5384615384615384,0.0,0.5034511759877205,0.5492789894342422,0.07214393559843302,0.1989017315208912,0.0,0.0,0.0,0.0,0.0,18473,global,0.0
1,2,lr1e-04_bs16_drop0p4_temp2p0_a0p25_b0p05__wd1e-04trmiss0_degmodglobal,16,0.0001,0.0001,0.4,2.0,0.25,0.05,lr1e-04_bs16_drop0p4_temp2p0_a0p25_b0p05__wd1e-04trmiss0_degmodglobal,25,0.6268917471170425,0.6977323889732361,0.525,0.6436709124209125,0.5384615384615384,0.0,0.48609357327222824,0.579033151268959,0.1281219646334648,0.31656190380454063,0.0,0.0,0.0,0.0,0.0,18473,global,0.0
1,2,lr1e-04_bs16_drop0p4_temp2p0_a0p25_b0p05__wd1e-04trmiss0_degmodglobal,16,0.0001,0.0001,0.4,2.0,0.25,0.05,lr1e-04_bs16_drop0p4_temp2p0_a0p25_b0p05__wd1e-04trmiss0_degmodglobal,26,0.5887093096971512,0.690841555595398,0.575,0.6703754578754579,0.6153846153846154,0.0,0.5725404024124146,0.5593112260103226,0.07960644364356995,0.18992992118000984,0.0,0.0,0.0,0.0,0.0,18473,global,0.0
1,2,lr1e-04_bs16_drop0p4_temp2p0_a0p25_b0p05__wd1e-04trmiss0_degmodglobal,16,0.0001,0.0001,0.4,2.0,0.25,0.05,lr1e-04_bs16_drop0p4_temp2p0_a0p25_b0p05__wd1e-04trmiss0_degmodglobal,27,0.6114337891340256,0.6996097564697266,0.525,0.6436709124209125,0.5384615384615384,0.0,0.5200408399105072,0.576139435172081,0.09026952972635627,0.2545397970825434,0.0,0.0,0.0,0.0,0.0,18473,global,0.0
1,2,lr1e-04_bs16_drop0p4_temp2p0_a0p25_b0p05__wd1e-04trmiss0_degmodglobal,16,0.0001,0.0001,0.4,2.0,0.25,0.05,lr1e-04_bs16_drop0p4_temp2p0_a0p25_b0p05__wd1e-04trmiss0_degmodglobal,28,0.6108969449996948,0.7020364999771118,0.525,0.6436709124209125,0.5384615384615384,0.0,0.5207814201712608,0.5874371081590652,0.06639299634844065,0.13723114039748907,0.0,0.0,0.0,0.0,0.0,18473,global,0.0
1,2,lr1e-04_bs16_drop0p4_temp2p0_a0p25_b0p05__wd1e-04trmiss0_degmodglobal,16,0.0001,0.0001,0.4,2.0,0.25,0.05,lr1e-04_bs16_drop0p4_temp2p0_a0p25_b0p05__wd1e-04trmiss0_degmodglobal,29,0.5746058896183968,0.6990528106689453,0.525,0.6436709124209125,0.5384615384615384,0.0,0.5374316722154617,0.5441449135541916,0.07817225158214569,0.2183583900332451,0.0,0.0,0.0,0.0,0.0,18473,global,0.0
1,2,lr1e-04_bs16_drop0p4_temp2p0_a0p25_b0p05__wd1e-04trmiss0_degmodglobal,16,0.0001,0.0001,0.4,2.0,0.25,0.05,lr1e-04_bs16_drop0p4_temp2p0_a0p25_b0p05__wd1e-04trmiss0_degmodglobal,30,0.6045603156089783,0.7061775922775269,0.5,0.6332542457542457,0.5384615384615384,0.0,0.5581120178103447,0.5789610594511032,0.06931875552982092,0.1653916947543621,0.0,0.0,0.0,0.0,0.0,18473,global,0.0
1,2,lr1e-04_bs16_drop0p4_temp2p0_a0p25_b0p05__wd1e-04trmiss0_degmodglobal,16,0.0001,0.0001,0.4,2.0,0.25,0.05,lr1e-04_bs16_drop0p4_temp2p0_a0p25_b0p05__wd1e-04trmiss0_degmodglobal,31,0.5958883315324783,0.7052449584007263,0.5,0.6332542457542457,0.5384615384615384,0.0,0.512298583984375,0.5672213137149811,0.07625754922628403,0.1920525673776865,0.0,0.0,0.0,0.0,0.0,18473,global,0.0
1,2,lr1e-04_bs16_drop0p4_temp2p0_a0p25_b0p05__wd1e-04trmiss0_degmodglobal,16,0.0001,0.0001,0.4,2.0,0.25,0.05,lr1e-04_bs16_drop0p4_temp2p0_a0p25_b0p05__wd1e-04trmiss0_degmodglobal,32,0.5800197124481201,0.7045337557792664,0.525,0.6436709124209125,0.5384615384615384,0.0,0.5045644789934158,0.5498238503932953,0.08098447136580944,0.19899504631757736,0.0,0.0,0.0,0.0,0.0,18473,global,0.0
1,2,lr1e-04_bs16_drop0p4_temp2p0_a0p25_b0p05__wd1e-04trmiss0_degmodglobal,16,0.0001,0.0001,0.4,2.0,0.25,0.05,lr1e-04_bs16_drop0p4_temp2p0_a0p25_b0p05__wd1e-04trmiss0_degmodglobal,33,0.5740078836679459,0.7026702761650085,0.525,0.6436709124209125,0.5384615384615384,0.0,0.521693766117096,0.5521074533462524,0.062050921842455864,0.12775400467216969,0.0,0.0,0.0,0.0,0.0,18473,global,0.0
1,2,lr1e-04_bs16_drop0p4_temp2p0_a0p25_b0p05__wd1e-04trmiss0_degmodglobal,16,0.0001,0.0001,0.4,2.0,0.25,0.05,lr1e-04_bs16_drop0p4_temp2p0_a0p25_b0p05__wd1e-04trmiss0_degmodglobal,34,0.6001480966806412,0.6996166110038757,0.525,0.6436709124209125,0.5384615384615384,0.0,0.46716422587633133,0.5601635426282883,0.10264112241566181,0.286485455930233,0.0,0.0,0.0,0.0,0.0,18473,global,0.0
1,2,lr1e-04_bs16_drop0p4_temp2p0_a0p25_b0p05__wd1e-04trmiss0_degmodglobal,16,0.0001,0.0001,0.4,2.0,0.25,0.05,lr1e-04_bs16_drop0p4_temp2p0_a0p25_b0p05__wd1e-04trmiss0_degmodglobal,35,0.6375246942043304,0.6973585486412048,0.55,0.6516254578754579,0.5384615384615384,0.0,0.5179794952273369,0.5929746180772781,0.10923912562429905,0.3448057435452938,0.0,0.0,0.0,0.0,0.0,18473,global,0.0
1,2,lr1e-04_bs16_drop0p4_temp2p0_a0p25_b0p05__wd1e-04trmiss0_degmodglobal,16,0.0001,0.0001,0.4,2.0,0.25,0.05,lr1e-04_bs16_drop0p4_temp2p0_a0p25_b0p05__wd1e-04trmiss0_degmodglobal,36,0.5695614814758301,0.6940532326698303,0.55,0.6516254578754579,0.5384615384615384,0.0,0.49965350329875946,0.5426261872053146,0.06960351020097733,0.19068829156458378,0.0,0.0,0.0,0.0,0.0,18473,global,0.0
1,2,lr1e-04_bs16_drop0p4_temp2p0_a0p25_b0p05__wd1e-04trmiss0_degmodglobal,16,0.0001,0.0001,0.4,2.0,0.25,0.05,lr1e-04_bs16_drop0p4_temp2p0_a0p25_b0p05__wd1e-04trmiss0_degmodglobal,37,0.5682737678289413,0.6958131790161133,0.55,0.6516254578754579,0.5384615384615384,0.0,0.5078596100211143,0.5379938036203384,0.08303346019238234,0.19043225049972534,0.0,0.0,0.0,0.0,0.0,18473,global,0.0
1,2,lr1e-04_bs16_drop0p4_temp2p0_a0p25_b0p05__wd1e-04trmiss0_degmodglobal,16,0.0001,0.0001,0.4,2.0,0.25,0.05,lr1e-04_bs16_drop0p4_temp2p0_a0p25_b0p05__wd1e-04trmiss0_degmodglobal,38,0.5713644325733185,0.7001770734786987,0.525,0.6436709124209125,0.5384615384615384,0.0,0.47726503759622574,0.5430498793721199,0.07614950556308031,0.18554356321692467,0.0,0.0,0.0,0.0,0.0,18473,global,0.0
1,2,lr1e-04_bs16_drop0p4_temp2p0_a0p25_b0p05__wd1e-04trmiss0_degmodglobal,16,0.0001,0.0001,0.4,2.0,0.25,0.05,lr1e-04_bs16_drop0p4_temp2p0_a0p25_b0p05__wd1e-04trmiss0_degmodglobal,39,0.5519914329051971,0.7020862102508545,0.525,0.6436709124209125,0.5384615384615384,0.0,0.48389795422554016,0.5224603191018105,0.08820537105202675,0.14959546364843845,0.0,0.0,0.0,0.0,0.0,18473,global,0.0
1,2,lr1e-04_bs16_drop0p4_temp2p0_a0p25_b0p05__wd1e-04trmiss0_degmodglobal,16,0.0001,0.0001,0.4,2.0,0.25,0.05,lr1e-04_bs16_drop0p4_temp2p0_a0p25_b0p05__wd1e-04trmiss0_degmodglobal,40,0.5821034610271454,0.704497218132019,0.5,0.6332542457542457,0.5384615384615384,0.0,0.4962359443306923,0.5518253296613693,0.07459630630910397,0.23258142173290253,0.0,0.0,0.0,0.0,0.0,18473,global,0.0
1,2,lr1e-04_bs16_drop0p4_temp2p0_a0p25_b0p05__wd1e-04trmiss0_degmodglobal,16,0.0001,0.0001,0.4,2.0,0.25,0.05,lr1e-04_bs16_drop0p4_temp2p0_a0p25_b0p05__wd1e-04trmiss0_degmodglobal,41,0.5924025774002075,0.7062411904335022,0.5,0.6332542457542457,0.5384615384615384,0.0,0.4788005128502846,0.5584795475006104,0.09111746028065681,0.2228732779622078,0.0,0.0,0.0,0.0,0.0,18473,global,0.0
1,2,lr1e-04_bs16_drop0p4_temp2p0_a0p25_b0p05__wd1e-04trmiss0_degmodglobal,16,0.0001,0.0001,0.4,2.0,0.25,0.05,lr1e-04_bs16_drop0p4_temp2p0_a0p25_b0p05__wd1e-04trmiss0_degmodglobal,42,0.5849582850933075,0.7033680081367493,0.525,0.6436709124209125,0.5384615384615384,0.0,0.4763534814119339,0.5411544144153595,0.1074933148920536,0.3386109322309494,0.0,0.0,0.0,0.0,0.0,18473,global,0.0
1,2,lr1e-04_bs16_drop0p4_temp2p0_a0p25_b0p05__wd1e-04trmiss0_degmodglobal,16,0.0001,0.0001,0.4,2.0,0.25,0.05,lr1e-04_bs16_drop0p4_temp2p0_a0p25_b0p05__wd1e-04trmiss0_degmodglobal,43,0.6008829921483994,0.7013310790061951,0.525,0.6436709124209125,0.5384615384615384,0.0,0.4668320268392563,0.5603023618459702,0.10034832451492548,0.3098712470382452,0.0,0.0,0.0,0.0,0.0,18473,global,0.0
1,2,lr1e-04_bs16_drop0p4_temp2p0_a0p25_b0p05__wd1e-04trmiss0_degmodglobal,16,0.0001,0.0001,0.4,2.0,0.25,0.05,lr1e-04_bs16_drop0p4_temp2p0_a0p25_b0p05__wd1e-04trmiss0_degmodglobal,44,0.5750332325696945,0.701894998550415,0.525,0.6436709124209125,0.5384615384615384,0.0,0.47934702038764954,0.5482432246208191,0.07402934785932302,0.16565344668924809,0.0,0.0,0.0,0.0,0.0,18473,global,0.0
1,2,lr1e-04_bs16_drop0p4_temp2p0_a0p25_b0p05__wd1e-04trmiss0_degmodglobal,16,0.0001,0.0001,0.4,2.0,0.25,0.05,lr1e-04_bs16_drop0p4_temp2p0_a0p25_b0p05__wd1e-04trmiss0_degmodglobal,45,0.6196107119321823,0.702211856842041,0.525,0.6436709124209125,0.5384615384615384,0.0,0.5189776048064232,0.5829086527228355,0.10259153507649899,0.22108313906937838,0.0,0.0,0.0,0.0,0.0,18473,global,0.0
1,2,lr1e-04_bs16_drop0p4_temp2p0_a0p25_b0p05__wd1e-04trmiss0_degmodglobal,16,0.0001,0.0001,0.4,2.0,0.25,0.05,lr1e-04_bs16_drop0p4_temp2p0_a0p25_b0p05__wd1e-04trmiss0_degmodglobal,46,0.5926979333162308,0.699528694152832,0.525,0.6436709124209125,0.5384615384615384,0.0,0.48106105625629425,0.5527018010616302,0.10953724384307861,0.2522363141179085,0.0,0.0,0.0,0.0,0.0,18473,global,0.0
1,2,lr5e-05_bs16_drop0p2_temp1p0_a0p25_b0p05__wd1e-04trmiss0_degmodglobal,16,5e-05,0.0001,0.2,1.0,0.25,0.05,lr5e-05_bs16_drop0p2_temp1p0_a0p25_b0p05__wd1e-04trmiss0_degmodglobal,1,0.6768093556165695,0.680741548538208,0.275,0.5910374347874348,0.6153846153846154,0.0,0.7002294510602951,0.6472931951284409,0.05974008655175567,0.2916227988898754,0.0,0.0,0.0,0.0,0.0,18473,global,0.0
1,2,lr5e-05_bs16_drop0p2_temp1p0_a0p25_b0p05__wd1e-04trmiss0_degmodglobal,16,5e-05,0.0001,0.2,1.0,0.25,0.05,lr5e-05_bs16_drop0p2_temp1p0_a0p25_b0p05__wd1e-04trmiss0_degmodglobal,2,0.6927234679460526,0.6831607818603516,0.32499999999999996,0.6555215617715617,0.6153846153846154,0.0,0.6713159084320068,0.6578250676393509,0.06672780215740204,0.3643287494778633,0.0,0.0,0.0,0.0,0.0,18473,global,0.0
1,2,lr5e-05_bs16_drop0p2_temp1p0_a0p25_b0p05__wd1e-04trmiss0_degmodglobal,16,5e-05,0.0001,0.2,1.0,0.25,0.05,lr5e-05_bs16_drop0p2_temp1p0_a0p25_b0p05__wd1e-04trmiss0_degmodglobal,3,0.6453388333320618,0.6889438033103943,0.32499999999999996,0.6555215617715617,0.6153846153846154,0.0,0.6528380066156387,0.6179125607013702,0.05428413022309542,0.27710530906915665,0.0,0.0,0.0,0.0,0.0,18473,global,0.0
1,2,lr5e-05_bs16_drop0p2_temp1p0_a0p25_b0p05__wd1e-04trmiss0_degmodglobal,16,5e-05,0.0001,0.2,1.0,0.25,0.05,lr5e-05_bs16_drop0p2_temp1p0_a0p25_b0p05__wd1e-04trmiss0_degmodglobal,4,0.5994044095277786,0.6905863881111145,0.35,0.6624660062160063,0.6153846153846154,0.0,0.6516801118850708,0.5727179795503616,0.056743000634014606,0.25001367181539536,0.0,0.0,0.0,0.0,0.0,18473,global,0.0
1,2,lr5e-05_bs16_drop0p2_temp1p0_a0p25_b0p05__wd1e-04trmiss0_degmodglobal,16,5e-05,0.0001,0.2,1.0,0.25,0.05,lr5e-05_bs16_drop0p2_temp1p0_a0p25_b0p05__wd1e-04trmiss0_degmodglobal,5,0.6113236397504807,0.6945862174034119,0.35,0.6624660062160063,0.6153846153846154,0.0,0.6409951150417328,0.5813804417848587,0.05912083759903908,0.3032595291733742,0.0,0.0,0.0,0.0,0.0,18473,global,0.0
1,2,lr5e-05_bs16_drop0p2_temp1p0_a0p25_b0p05__wd1e-04trmiss0_degmodglobal,16,5e-05,0.0001,0.2,1.0,0.25,0.05,lr5e-05_bs16_drop0p2_temp1p0_a0p25_b0p05__wd1e-04trmiss0_degmodglobal,6,0.5824309587478638,0.7043541073799133,0.35,0.6624660062160063,0.5384615384615384,0.0,0.6557260751724243,0.5516951233148575,0.05781008768826723,0.32566623762249947,0.0,0.0,0.0,0.0,0.0,18473,global,0.0
1,2,lr5e-05_bs16_drop0p2_temp1p0_a0p25_b0p05__wd1e-04trmiss0_degmodglobal,16,5e-05,0.0001,0.2,1.0,0.25,0.05,lr5e-05_bs16_drop0p2_temp1p0_a0p25_b0p05__wd1e-04trmiss0_degmodglobal,7,0.5720445215702057,0.7044053673744202,0.35,0.6624660062160063,0.5384615384615384,0.0,0.6188269704580307,0.5445774346590042,0.06140018627047539,0.24234088137745857,0.0,0.0,0.0,0.0,0.0,18473,global,0.0
1,2,lr5e-05_bs16_drop0p2_temp1p0_a0p25_b0p05__wd1e-04trmiss0_degmodglobal,16,5e-05,0.0001,0.2,1.0,0.25,0.05,lr5e-05_bs16_drop0p2_temp1p0_a0p25_b0p05__wd1e-04trmiss0_degmodglobal,8,0.5976871103048325,0.6988832354545593,0.35,0.6624660062160063,0.5384615384615384,0.0,0.6031049638986588,0.5708461999893188,0.05383272934705019,0.2676546759903431,0.0,0.0,0.0,0.0,0.0,18473,global,0.0
1,2,lr5e-05_bs16_drop0p2_temp1p0_a0p25_b0p05__wd1e-04trmiss0_degmodglobal,16,5e-05,0.0001,0.2,1.0,0.25,0.05,lr5e-05_bs16_drop0p2_temp1p0_a0p25_b0p05__wd1e-04trmiss0_degmodglobal,9,0.5542229413986206,0.6942614316940308,0.35,0.6624660062160063,0.6153846153846154,0.0,0.5959684997797012,0.5243172496557236,0.06053636036813259,0.2954321466386318,0.0,0.0,0.0,0.0,0.0,18473,global,0.0
1,2,lr5e-05_bs16_drop0p2_temp1p0_a0p25_b0p05__wd1e-04trmiss0_degmodglobal,16,5e-05,0.0001,0.2,1.0,0.25,0.05,lr5e-05_bs16_drop0p2_temp1p0_a0p25_b0p05__wd1e-04trmiss0_degmodglobal,10,0.5714949369430542,0.6912065744400024,0.375,0.6713945776445777,0.6153846153846154,0.0,0.5902512669563293,0.542296938598156,0.05859886948019266,0.29096531867980957,0.0,0.0,0.0,0.0,0.0,18473,global,0.0
1,2,lr5e-05_bs16_drop0p2_temp1p0_a0p25_b0p05__wd1e-04trmiss0_degmodglobal,16,5e-05,0.0001,0.2,1.0,0.25,0.05,lr5e-05_bs16_drop0p2_temp1p0_a0p25_b0p05__wd1e-04trmiss0_degmodglobal,11,0.6192770898342133,0.6893542408943176,0.4,0.6838945776445777,0.6153846153846154,0.0,0.5949023365974426,0.5902203917503357,0.06100316997617483,0.2761178985238075,0.0,0.0,0.0,0.0,0.0,18473,global,0.0
1,2,lr5e-05_bs16_drop0p2_temp1p0_a0p25_b0p05__wd1e-04trmiss0_degmodglobal,16,5e-05,0.0001,0.2,1.0,0.25,0.05,lr5e-05_bs16_drop0p2_temp1p0_a0p25_b0p05__wd1e-04trmiss0_degmodglobal,12,0.5687216073274612,0.6794165372848511,0.42499999999999993,0.6925751332001333,0.6153846153846154,0.0,0.6094138771295547,0.5396396666765213,0.06603296753019094,0.2514738440513611,0.0,0.0,0.0,0.0,0.0,18473,global,0.0
1,2,lr5e-05_bs16_drop0p2_temp1p0_a0p25_b0p05__wd1e-04trmiss0_degmodglobal,16,5e-05,0.0001,0.2,1.0,0.25,0.05,lr5e-05_bs16_drop0p2_temp1p0_a0p25_b0p05__wd1e-04trmiss0_degmodglobal,13,0.5653361529111862,0.677524983882904,0.42499999999999993,0.6925751332001333,0.6153846153846154,0.0,0.5839576572179794,0.5412565767765045,0.050026293843984604,0.23145989328622818,0.0,0.0,0.0,0.0,0.0,18473,global,0.0
1,2,lr5e-05_bs16_drop0p2_temp1p0_a0p25_b0p05__wd1e-04trmiss0_degmodglobal,16,5e-05,0.0001,0.2,1.0,0.25,0.05,lr5e-05_bs16_drop0p2_temp1p0_a0p25_b0p05__wd1e-04trmiss0_degmodglobal,14,0.5498567968606949,0.6739431619644165,0.475,0.706022102897103,0.6153846153846154,0.0,0.5748292952775955,0.5230107605457306,0.05534970201551914,0.26017190888524055,0.0,0.0,0.0,0.0,0.0,18473,global,0.0
1,2,lr5e-05_bs16_drop0p2_temp1p0_a0p25_b0p05__wd1e-04trmiss0_degmodglobal,16,5e-05,0.0001,0.2,1.0,0.25,0.05,lr5e-05_bs16_drop0p2_temp1p0_a0p25_b0p05__wd1e-04trmiss0_degmodglobal,15,0.5520146042108536,0.6739259362220764,0.425,0.6907127594627596,0.6153846153846154,0.0,0.5719144344329834,0.5211207121610641,0.06244648154824972,0.30564532801508904,0.0,0.0,0.0,0.0,0.0,18473,global,0.0
1,2,lr5e-05_bs16_drop0p2_temp1p0_a0p25_b0p05__wd1e-04trmiss0_degmodglobal,16,5e-05,0.0001,0.2,1.0,0.25,0.05,lr5e-05_bs16_drop0p2_temp1p0_a0p25_b0p05__wd1e-04trmiss0_degmodglobal,16,0.5411445796489716,0.6725646257400513,0.45,0.6993933150183151,0.6153846153846154,0.0,0.5725859254598618,0.5096197798848152,0.06662326771765947,0.29737963527441025,0.0,0.0,0.0,0.0,0.0,18473,global,0.0
1,2,lr5e-05_bs16_drop0p2_temp1p0_a0p25_b0p05__wd1e-04trmiss0_degmodglobal,16,5e-05,0.0001,0.2,1.0,0.25,0.05,lr5e-05_bs16_drop0p2_temp1p0_a0p25_b0p05__wd1e-04trmiss0_degmodglobal,17,0.532061979174614,0.6683474779129028,0.45,0.6993933150183151,0.6153846153846154,0.0,0.5926577597856522,0.5024142786860466,0.058246820233762264,0.3017202392220497,0.0,0.0,0.0,0.0,0.0,18473,global,0.0
1,2,lr5e-05_bs16_drop0p2_temp1p0_a0p25_b0p05__wd1e-04trmiss0_degmodglobal,16,5e-05,0.0001,0.2,1.0,0.25,0.05,lr5e-05_bs16_drop0p2_temp1p0_a0p25_b0p05__wd1e-04trmiss0_degmodglobal,18,0.5633765608072281,0.6679467558860779,0.45,0.6993933150183151,0.6153846153846154,0.0,0.578933447599411,0.5402342677116394,0.05025477381423116,0.21157247200608253,0.0,0.0,0.0,0.0,0.0,18473,global,0.0
1,2,lr5e-05_bs16_drop0p2_temp1p0_a0p25_b0p05__wd1e-04trmiss0_degmodglobal,16,5e-05,0.0001,0.2,1.0,0.25,0.05,lr5e-05_bs16_drop0p2_temp1p0_a0p25_b0p05__wd1e-04trmiss0_degmodglobal,19,0.5359346717596054,0.6648741960525513,0.45,0.6993933150183151,0.6153846153846154,0.0,0.539173498749733,0.5073464214801788,0.06038997042924166,0.26981494948267937,0.0,0.0,0.0,0.0,0.0,18473,global,0.0
1,2,lr5e-05_bs16_drop0p2_temp1p0_a0p25_b0p05__wd1e-04trmiss0_degmodglobal,16,5e-05,0.0001,0.2,1.0,0.25,0.05,lr5e-05_bs16_drop0p2_temp1p0_a0p25_b0p05__wd1e-04trmiss0_degmodglobal,20,0.5753168761730194,0.666907548904419,0.45,0.6993933150183151,0.6153846153846154,0.0,0.5507640242576599,0.5497872903943062,0.053330833092331886,0.24393747746944427,0.0,0.0,0.0,0.0,0.0,18473,global,0.0
1,2,lr5e-05_bs16_drop0p2_temp1p0_a0p25_b0p05__wd1e-04trmiss0_degmodglobal,16,5e-05,0.0001,0.2,1.0,0.25,0.05,lr5e-05_bs16_drop0p2_temp1p0_a0p25_b0p05__wd1e-04trmiss0_degmodglobal,21,0.5229116156697273,0.6666305661201477,0.5,0.7124323593073594,0.6153846153846154,0.0,0.5597276538610458,0.49323777109384537,0.06431848462671041,0.2718847617506981,0.0,0.0,0.0,0.0,0.0,18473,global,0.0
1,2,lr5e-05_bs16_drop0p2_temp1p0_a0p25_b0p05__wd1e-04trmiss0_degmodglobal,16,5e-05,0.0001,0.2,1.0,0.25,0.05,lr5e-05_bs16_drop0p2_temp1p0_a0p25_b0p05__wd1e-04trmiss0_degmodglobal,22,0.5408313721418381,0.6683830618858337,0.475,0.7037518037518038,0.6153846153846154,0.0,0.5592083930969238,0.5141681879758835,0.055544719099998474,0.25554071366786957,0.0,0.0,0.0,0.0,0.0,18473,global,0.0
1,2,lr5e-05_bs16_drop0p2_temp1p0_a0p25_b0p05__wd1e-04trmiss0_degmodglobal,16,5e-05,0.0001,0.2,1.0,0.25,0.05,lr5e-05_bs16_drop0p2_temp1p0_a0p25_b0p05__wd1e-04trmiss0_degmodglobal,23,0.5227310657501221,0.6693177819252014,0.5,0.7124323593073594,0.6153846153846154,0.0,0.5514209717512131,0.49419666081666946,0.05902306083589792,0.2755734156817198,0.0,0.0,0.0,0.0,0.0,18473,global,0.0
1,2,lr5e-05_bs16_drop0p2_temp1p0_a0p25_b0p05__wd1e-04trmiss0_degmodglobal,16,5e-05,0.0001,0.2,1.0,0.25,0.05,lr5e-05_bs16_drop0p2_temp1p0_a0p25_b0p05__wd1e-04trmiss0_degmodglobal,24,0.5393321439623833,0.6707612872123718,0.475,0.7037518037518038,0.6153846153846154,0.0,0.5425394028425217,0.5051463544368744,0.07342968974262476,0.31656742095947266,0.0,0.0,0.0,0.0,0.0,18473,global,0.0
1,2,lr5e-05_bs16_drop0p2_temp1p0_a0p25_b0p05__wd1e-04trmiss0_degmodglobal,16,5e-05,0.0001,0.2,1.0,0.25,0.05,lr5e-05_bs16_drop0p2_temp1p0_a0p25_b0p05__wd1e-04trmiss0_degmodglobal,25,0.5076821893453598,0.6769618988037109,0.475,0.7037518037518038,0.6153846153846154,0.0,0.5275531262159348,0.48528722673654556,0.04856244195252657,0.20508703589439392,0.0,0.0,0.0,0.0,0.0,18473,global,0.0
1,2,lr5e-05_bs16_drop0p2_temp1p0_a0p25_b0p05__wd1e-04trmiss0_degmodglobal,16,5e-05,0.0001,0.2,1.0,0.25,0.05,lr5e-05_bs16_drop0p2_temp1p0_a0p25_b0p05__wd1e-04trmiss0_degmodglobal,26,0.5337669029831886,0.6763979196548462,0.475,0.7037518037518038,0.6153846153846154,0.0,0.5278575569391251,0.5086434930562973,0.05131361307576299,0.24590003862977028,0.0,0.0,0.0,0.0,0.0,18473,global,0.0
1,2,lr5e-05_bs16_drop0p2_temp1p0_a0p25_b0p05__wd1e-04trmiss0_degmodglobal,16,5e-05,0.0001,0.2,1.0,0.25,0.05,lr5e-05_bs16_drop0p2_temp1p0_a0p25_b0p05__wd1e-04trmiss0_degmodglobal,27,0.5321969538927078,0.6738083362579346,0.475,0.7037518037518038,0.6153846153846154,0.0,0.5483905002474785,0.5073874071240425,0.0506066819652915,0.24315748363733292,0.0,0.0,0.0,0.0,0.0,18473,global,0.0
1,2,lr5e-05_bs16_drop0p2_temp1p0_a0p25_b0p05__wd1e-04trmiss0_degmodglobal,16,5e-05,0.0001,0.2,1.0,0.25,0.05,lr5e-05_bs16_drop0p2_temp1p0_a0p25_b0p05__wd1e-04trmiss0_degmodglobal,28,0.5339081883430481,0.6738956570625305,0.475,0.7037518037518038,0.6153846153846154,0.0,0.5116410106420517,0.5031434148550034,0.06575107015669346,0.28654029965400696,0.0,0.0,0.0,0.0,0.0,18473,global,0.0
1,2,lr5e-05_bs16_drop0p2_temp1p0_a0p25_b0p05__wd1e-04trmiss0_degmodglobal,16,5e-05,0.0001,0.2,1.0,0.25,0.05,lr5e-05_bs16_drop0p2_temp1p0_a0p25_b0p05__wd1e-04trmiss0_degmodglobal,29,0.5398274511098862,0.6738117337226868,0.5,0.7124323593073594,0.6153846153846154,0.0,0.5806757658720016,0.5105386674404144,0.0632295785471797,0.26962797343730927,0.0,0.0,0.0,0.0,0.0,18473,global,0.0
1,2,lr5e-05_bs16_drop0p2_temp1p0_a0p25_b0p05__wd1e-04trmiss0_degmodglobal,16,5e-05,0.0001,0.2,1.0,0.25,0.05,lr5e-05_bs16_drop0p2_temp1p0_a0p25_b0p05__wd1e-04trmiss0_degmodglobal,30,0.5384092926979065,0.6754992604255676,0.5,0.7124323593073594,0.6153846153846154,0.0,0.5715419799089432,0.510229304432869,0.05895762797445059,0.2688116654753685,0.0,0.0,0.0,0.0,0.0,18473,global,0.0
1,2,lr5e-05_bs16_drop0p2_temp1p0_a0p25_b0p05__wd1e-04trmiss0_degmodglobal,16,5e-05,0.0001,0.2,1.0,0.25,0.05,lr5e-05_bs16_drop0p2_temp1p0_a0p25_b0p05__wd1e-04trmiss0_degmodglobal,31,0.5200251489877701,0.6751793026924133,0.44999999999999996,0.6948232323232324,0.6153846153846154,0.0,0.5022553876042366,0.49250660836696625,0.05454400833696127,0.27765070647001266,0.0,0.0,0.0,0.0,0.0,18473,global,0.0
1,2,lr5e-05_bs16_drop0p2_temp1p0_a0p25_b0p05__wd1e-04trmiss0_degmodglobal,16,5e-05,0.0001,0.2,1.0,0.25,0.05,lr5e-05_bs16_drop0p2_temp1p0_a0p25_b0p05__wd1e-04trmiss0_degmodglobal,32,0.5383148491382599,0.6691992878913879,0.5,0.7124323593073594,0.6153846153846154,0.0,0.5475832521915436,0.5137738436460495,0.052501275669783354,0.2283137310296297,0.0,0.0,0.0,0.0,0.0,18473,global,0.0
1,2,lr5e-05_bs16_drop0p2_temp1p0_a0p25_b0p05__wd1e-04trmiss0_degmodglobal,16,5e-05,0.0001,0.2,1.0,0.25,0.05,lr5e-05_bs16_drop0p2_temp1p0_a0p25_b0p05__wd1e-04trmiss0_degmodglobal,33,0.5033517628908157,0.6703968048095703,0.5,0.7124323593073594,0.6153846153846154,0.0,0.531359389424324,0.47053439915180206,0.06750595476478338,0.318817313760519,0.0,0.0,0.0,0.0,0.0,18473,global,0.0
1,2,lr5e-05_bs16_drop0p2_temp1p0_a0p25_b0p05__wd1e-04trmiss0_degmodglobal,16,5e-05,0.0001,0.2,1.0,0.25,0.05,lr5e-05_bs16_drop0p2_temp1p0_a0p25_b0p05__wd1e-04trmiss0_degmodglobal,34,0.5041604489088058,0.6706961393356323,0.5,0.7124323593073594,0.6153846153846154,0.0,0.5269964784383774,0.4632282853126526,0.09139057621359825,0.3616902567446232,0.0,0.0,0.0,0.0,0.0,18473,global,0.0
1,2,lr5e-05_bs16_drop0p2_temp1p0_a0p25_b0p05__wd1e-04trmiss0_degmodglobal,16,5e-05,0.0001,0.2,1.0,0.25,0.05,lr5e-05_bs16_drop0p2_temp1p0_a0p25_b0p05__wd1e-04trmiss0_degmodglobal,35,0.4864167049527168,0.6695387959480286,0.5,0.7124323593073594,0.6153846153846154,0.0,0.5258187800645828,0.44694938510656357,0.09077143669128418,0.3354891426861286,0.0,0.0,0.0,0.0,0.0,18473,global,0.0
1,2,lr5e-05_bs16_drop0p2_temp1p0_a0p25_b0p05__wd1e-04trmiss0_degmodglobal,16,5e-05,0.0001,0.2,1.0,0.25,0.05,lr5e-05_bs16_drop0p2_temp1p0_a0p25_b0p05__wd1e-04trmiss0_degmodglobal,36,0.4897250011563301,0.6681254506111145,0.5,0.7124323593073594,0.6153846153846154,0.0,0.5156425833702087,0.4566645324230194,0.07573331613093615,0.28254294767975807,0.0,0.0,0.0,0.0,0.0,18473,global,0.0
1,2,lr5e-05_bs16_drop0p2_temp1p0_a0p25_b0p05__wd1e-04trmiss0_degmodglobal,16,5e-05,0.0001,0.2,1.0,0.25,0.05,lr5e-05_bs16_drop0p2_temp1p0_a0p25_b0p05__wd1e-04trmiss0_degmodglobal,37,0.49752946197986603,0.6675095558166504,0.5,0.7124323593073594,0.6153846153846154,0.0,0.5015032216906548,0.464559368789196,0.06933387648314238,0.3127324730157852,0.0,0.0,0.0,0.0,0.0,18473,global,0.0
1,2,lr5e-05_bs16_drop0p2_temp1p0_a0p25_b0p05__wd1e-04trmiss0_degmodglobal,16,5e-05,0.0001,0.2,1.0,0.25,0.05,lr5e-05_bs16_drop0p2_temp1p0_a0p25_b0p05__wd1e-04trmiss0_degmodglobal,38,0.5431389585137367,0.6682649254798889,0.5,0.7124323593073594,0.6153846153846154,0.0,0.5142861008644104,0.5093220844864845,0.06878689490258694,0.332403477281332,0.0,0.0,0.0,0.0,0.0,18473,global,0.0
1,2,lr5e-05_bs16_drop0p2_temp1p0_a0p25_b0p05__wd1e-04trmiss0_degmodglobal,16,5e-05,0.0001,0.2,1.0,0.25,0.05,lr5e-05_bs16_drop0p2_temp1p0_a0p25_b0p05__wd1e-04trmiss0_degmodglobal,39,0.5074280425906181,0.6648548245429993,0.525,0.7207656926406927,0.6153846153846154,0.0,0.5089916288852692,0.475492000579834,0.06708142906427383,0.30331362783908844,0.0,0.0,0.0,0.0,0.0,18473,global,0.0
1,2,lr5e-05_bs16_drop0p2_temp1p0_a0p25_b0p05__wd1e-04trmiss0_degmodglobal,16,5e-05,0.0001,0.2,1.0,0.25,0.05,lr5e-05_bs16_drop0p2_temp1p0_a0p25_b0p05__wd1e-04trmiss0_degmodglobal,40,0.4954996705055237,0.6632031798362732,0.525,0.7207656926406927,0.6153846153846154,0.0,0.5006423145532608,0.4566319212317467,0.0845569409430027,0.3545704036951065,0.0,0.0,0.0,0.0,0.0,18473,global,0.0
1,2,lr5e-05_bs16_drop0p2_temp1p0_a0p25_b0p05__wd1e-04trmiss0_degmodglobal,16,5e-05,0.0001,0.2,1.0,0.25,0.05,lr5e-05_bs16_drop0p2_temp1p0_a0p25_b0p05__wd1e-04trmiss0_degmodglobal,41,0.5144325569272041,0.6614891886711121,0.525,0.7207656926406927,0.6153846153846154,0.0,0.5081611201167107,0.48625678569078445,0.060869558714330196,0.25916770100593567,0.0,0.0,0.0,0.0,0.0,18473,global,0.0
1,2,lr5e-05_bs16_drop0p2_temp1p0_a0p25_b0p05__wd1e-04trmiss0_degmodglobal,16,5e-05,0.0001,0.2,1.0,0.25,0.05,lr5e-05_bs16_drop0p2_temp1p0_a0p25_b0p05__wd1e-04trmiss0_degmodglobal,42,0.5236145779490471,0.6576640009880066,0.5499999999999999,0.728720238095238,0.6153846153846154,0.0,0.4738336354494095,0.48968904465436935,0.07050586305558681,0.32598140835762024,0.0,0.0,0.0,0.0,0.0,18473,global,0.0
1,2,lr5e-05_bs16_drop0p2_temp1p0_a0p25_b0p05__wd1e-04trmiss0_degmodglobal,16,5e-05,0.0001,0.2,1.0,0.25,0.05,lr5e-05_bs16_drop0p2_temp1p0_a0p25_b0p05__wd1e-04trmiss0_degmodglobal,43,0.5077973157167435,0.6583631634712219,0.5499999999999999,0.728720238095238,0.6153846153846154,0.0,0.49453892558813095,0.47660163789987564,0.06799537315964699,0.28393638134002686,0.0,0.0,0.0,0.0,0.0,18473,global,0.0
1,2,lr5e-05_bs16_drop0p2_temp1p0_a0p25_b0p05__wd1e-04trmiss0_degmodglobal,16,5e-05,0.0001,0.2,1.0,0.25,0.05,lr5e-05_bs16_drop0p2_temp1p0_a0p25_b0p05__wd1e-04trmiss0_degmodglobal,44,0.5031707212328911,0.6647680401802063,0.525,0.7223099816849816,0.6153846153846154,0.0,0.49224865436553955,0.4754800423979759,0.06046269088983536,0.2515000179409981,0.0,0.0,0.0,0.0,0.0,18473,global,0.0
1,2,lr5e-05_bs16_drop0p2_temp1p0_a0p25_b0p05__wd1e-04trmiss0_degmodglobal,16,5e-05,0.0001,0.2,1.0,0.25,0.05,lr5e-05_bs16_drop0p2_temp1p0_a0p25_b0p05__wd1e-04trmiss0_degmodglobal,45,0.5014659240841866,0.6680893898010254,0.475,0.706022102897103,0.6153846153846154,0.0,0.5127089470624924,0.4781588986515999,0.049316213466227055,0.21955957263708115,0.0,0.0,0.0,0.0,0.0,18473,global,0.0
1,2,lr5e-05_bs16_drop0p2_temp1p0_a0p25_b0p05__wd1e-04trmiss0_degmodglobal,16,5e-05,0.0001,0.2,1.0,0.25,0.05,lr5e-05_bs16_drop0p2_temp1p0_a0p25_b0p05__wd1e-04trmiss0_degmodglobal,46,0.5215940475463867,0.6663171648979187,0.525,0.7207656926406927,0.6153846153846154,0.0,0.4937441423535347,0.4882074296474457,0.07145721837878227,0.31044622510671616,0.0,0.0,0.0,0.0,0.0,18473,global,0.0
1,2,lr5e-05_bs16_drop0p2_temp1p0_a0p25_b0p05__wd1e-04trmiss0_degmodglobal,16,5e-05,0.0001,0.2,1.0,0.25,0.05,lr5e-05_bs16_drop0p2_temp1p0_a0p25_b0p05__wd1e-04trmiss0_degmodglobal,47,0.5079029202461243,0.6675558090209961,0.525,0.7207656926406927,0.6153846153846154,0.0,0.48908042162656784,0.47233494371175766,0.07481202110648155,0.33729907497763634,0.0,0.0,0.0,0.0,0.0,18473,global,0.0
1,2,lr5e-05_bs16_drop0p2_temp1p0_a0p25_b0p05__wd1e-04trmiss0_degmodglobal,16,5e-05,0.0001,0.2,1.0,0.25,0.05,lr5e-05_bs16_drop0p2_temp1p0_a0p25_b0p05__wd1e-04trmiss0_degmodglobal,48,0.4923962354660034,0.6690883040428162,0.525,0.7207656926406927,0.6153846153846154,0.0,0.49811945110559464,0.45995810627937317,0.07008206658065319,0.2983524203300476,0.0,0.0,0.0,0.0,0.0,18473,global,0.0
1,2,lr5e-05_bs16_drop0p2_temp1p0_a0p25_b0p05__wd1e-04trmiss0_degmodglobal,16,5e-05,0.0001,0.2,1.0,0.25,0.05,lr5e-05_bs16_drop0p2_temp1p0_a0p25_b0p05__wd1e-04trmiss0_degmodglobal,49,0.49509531259536743,0.6688181161880493,0.525,0.7207656926406927,0.6153846153846154,0.0,0.4898176044225693,0.46572303771972656,0.06256416346877813,0.27462473325431347,0.0,0.0,0.0,0.0,0.0,18473,global,0.0
1,2,lr5e-05_bs16_drop0p2_temp1p0_a0p25_b0p05__wd1e-04trmiss0_degmodglobal,16,5e-05,0.0001,0.2,1.0,0.25,0.05,lr5e-05_bs16_drop0p2_temp1p0_a0p25_b0p05__wd1e-04trmiss0_degmodglobal,50,0.5022684335708618,0.6660759449005127,0.525,0.7207656926406927,0.6153846153846154,0.0,0.4753102511167526,0.468559205532074,0.06500104814767838,0.3491792678833008,0.0,0.0,0.0,0.0,0.0,18473,global,0.0
1,2,lr5e-05_bs16_drop0p2_temp1p0_a0p25_b0p05__wd1e-04trmiss0_degmodglobal,16,5e-05,0.0001,0.2,1.0,0.25,0.05,lr5e-05_bs16_drop0p2_temp1p0_a0p25_b0p05__wd1e-04trmiss0_degmodglobal,51,0.5089186578989029,0.6657557487487793,0.525,0.7207656926406927,0.6153846153846154,0.0,0.5031879395246506,0.4721466079354286,0.0804076986387372,0.3334026299417019,0.0,0.0,0.0,0.0,0.0,18473,global,0.0
1,2,lr5e-05_bs16_drop0p2_temp1p0_a0p25_b0p05__wd1e-04trmiss0_degmodglobal,16,5e-05,0.0001,0.2,1.0,0.25,0.05,lr5e-05_bs16_drop0p2_temp1p0_a0p25_b0p05__wd1e-04trmiss0_degmodglobal,52,0.5280201286077499,0.6638830900192261,0.525,0.7207656926406927,0.6153846153846154,0.0,0.4888423979282379,0.489351287484169,0.08281934075057507,0.3592803217470646,0.0,0.0,0.0,0.0,0.0,18473,global,0.0
1,2,lr5e-05_bs16_drop0p2_temp1p0_a0p25_b0p05__wd1e-04trmiss0_degmodglobal,16,5e-05,0.0001,0.2,1.0,0.25,0.05,lr5e-05_bs16_drop0p2_temp1p0_a0p25_b0p05__wd1e-04trmiss0_degmodglobal,53,0.5009070932865143,0.6664822101593018,0.525,0.7207656926406927,0.6153846153846154,0.0,0.48607470095157623,0.46794265508651733,0.07246143463999033,0.29698145017027855,0.0,0.0,0.0,0.0,0.0,18473,global,0.0
1,2,lr5e-05_bs16_drop0p2_temp1p0_a0p25_b0p05__wd1e-04trmiss0_degmodglobal,16,5e-05,0.0001,0.2,1.0,0.25,0.05,lr5e-05_bs16_drop0p2_temp1p0_a0p25_b0p05__wd1e-04trmiss0_degmodglobal,54,0.4977644607424736,0.6663395166397095,0.525,0.7207656926406927,0.6153846153846154,0.0,0.5034161433577538,0.4643474295735359,0.07240601815283298,0.30631065368652344,0.0,0.0,0.0,0.0,0.0,18473,global,0.0
1,2,lr5e-05_bs16_drop0p2_temp1p0_a0p25_b0p05__wd1e-04trmiss0_degmodglobal,16,5e-05,0.0001,0.2,1.0,0.25,0.05,lr5e-05_bs16_drop0p2_temp1p0_a0p25_b0p05__wd1e-04trmiss0_degmodglobal,55,0.4879877641797066,0.6676300168037415,0.525,0.7207656926406927,0.6153846153846154,0.0,0.4773569703102112,0.4550837054848671,0.0721439030021429,0.29736175388097763,0.0,0.0,0.0,0.0,0.0,18473,global,0.0
1,2,lr5e-05_bs16_drop0p2_temp1p0_a0p25_b0p05__wd1e-04trmiss0_degmodglobal,16,5e-05,0.0001,0.2,1.0,0.25,0.05,lr5e-05_bs16_drop0p2_temp1p0_a0p25_b0p05__wd1e-04trmiss0_degmodglobal,56,0.5595993474125862,0.6691725254058838,0.5,0.7124323593073594,0.6153846153846154,0.0,0.46558530628681183,0.523574486374855,0.07196066435426474,0.3606936000287533,0.0,0.0,0.0,0.0,0.0,18473,global,0.0
1,2,lr5e-05_bs16_drop0p2_temp1p0_a0p25_b0p05__wd1e-04trmiss0_degmodglobal,16,5e-05,0.0001,0.2,1.0,0.25,0.05,lr5e-05_bs16_drop0p2_temp1p0_a0p25_b0p05__wd1e-04trmiss0_degmodglobal,57,0.5223942771553993,0.6667739152908325,0.525,0.7207656926406927,0.6153846153846154,0.0,0.5339208170771599,0.4917207285761833,0.06894952710717916,0.2687229961156845,0.0,0.0,0.0,0.0,0.0,18473,global,0.0
1,2,lr5e-05_bs16_drop0p2_temp1p0_a0p25_b0p05__wd1e-04trmiss0_degmodglobal,16,5e-05,0.0001,0.2,1.0,0.25,0.05,lr5e-05_bs16_drop0p2_temp1p0_a0p25_b0p05__wd1e-04trmiss0_degmodglobal,58,0.5842880010604858,0.6651908159255981,0.525,0.7207656926406927,0.6153846153846154,0.0,0.5136745572090149,0.5462045818567276,0.08079258166253567,0.3577054962515831,0.0,0.0,0.0,0.0,0.0,18473,global,0.0
1,2,lr5e-05_bs16_drop0p2_temp1p0_a0p25_b0p05__wd1e-04trmiss0_degmodglobal,16,5e-05,0.0001,0.2,1.0,0.25,0.05,lr5e-05_bs16_drop0p2_temp1p0_a0p25_b0p05__wd1e-04trmiss0_degmodglobal,59,0.5195008739829063,0.6653427481651306,0.525,0.7207656926406927,0.6153846153846154,0.0,0.46671290695667267,0.4831567034125328,0.07810347341001034,0.33636578917503357,0.0,0.0,0.0,0.0,0.0,18473,global,0.0
1,2,lr5e-05_bs16_drop0p2_temp1p0_a0p25_b0p05__wd1e-04trmiss0_degmodglobal,16,5e-05,0.0001,0.2,1.0,0.25,0.05,lr5e-05_bs16_drop0p2_temp1p0_a0p25_b0p05__wd1e-04trmiss0_degmodglobal,60,0.50651466101408,0.6658998727798462,0.525,0.7207656926406927,0.6153846153846154,0.0,0.5413876473903656,0.46675774455070496,0.08589435461908579,0.36566653847694397,0.0,0.0,0.0,0.0,0.0,18473,global,0.0
1,2,lr5e-05_bs16_drop0p2_temp1p0_a0p25_b0p05__wd1e-04trmiss0_degmodglobal,16,5e-05,0.0001,0.2,1.0,0.25,0.05,lr5e-05_bs16_drop0p2_temp1p0_a0p25_b0p05__wd1e-04trmiss0_degmodglobal,61,0.5018535628914833,0.6681151986122131,0.5499999999999999,0.728720238095238,0.6153846153846154,0.0,0.4511208236217499,0.46070343255996704,0.08937742374837399,0.37611568719148636,0.0,0.0,0.0,0.0,0.0,18473,global,0.0
1,2,lr5e-05_bs16_drop0p2_temp1p0_a0p25_b0p05__wd1e-04trmiss0_degmodglobal,16,5e-05,0.0001,0.2,1.0,0.25,0.05,lr5e-05_bs16_drop0p2_temp1p0_a0p25_b0p05__wd1e-04trmiss0_degmodglobal,62,0.5191712006926537,0.669852077960968,0.5,0.7124323593073594,0.6153846153846154,0.0,0.4753677770495415,0.4869430661201477,0.07203379366546869,0.2843935489654541,0.0,0.0,0.0,0.0,0.0,18473,global,0.0
1,2,lr5e-05_bs16_drop0p2_temp2p0_a0p25_b0p05__wd1e-04trmiss0_degmodglobal,16,5e-05,0.0001,0.2,2.0,0.25,0.05,lr5e-05_bs16_drop0p2_temp2p0_a0p25_b0p05__wd1e-04trmiss0_degmodglobal,1,0.7792078703641891,0.7029518485069275,0.625,0.8224587912087913,0.46153846153846156,0.0,0.7540197670459747,0.7635989785194397,0.039965431205928326,0.11235076561570168,0.0,0.0,0.0,0.0,0.0,18473,global,0.0
1,2,lr5e-05_bs16_drop0p2_temp2p0_a0p25_b0p05__wd1e-04trmiss0_degmodglobal,16,5e-05,0.0001,0.2,2.0,0.25,0.05,lr5e-05_bs16_drop0p2_temp2p0_a0p25_b0p05__wd1e-04trmiss0_degmodglobal,2,0.7339395731687546,0.7001074552536011,0.625,0.8224587912087913,0.46153846153846156,0.0,0.7128085047006607,0.7210705280303955,0.033742510713636875,0.08866829425096512,0.0,0.0,0.0,0.0,0.0,18473,global,0.0
1,2,lr5e-05_bs16_drop0p2_temp2p0_a0p25_b0p05__wd1e-04trmiss0_degmodglobal,16,5e-05,0.0001,0.2,2.0,0.25,0.05,lr5e-05_bs16_drop0p2_temp2p0_a0p25_b0p05__wd1e-04trmiss0_degmodglobal,3,0.7060431689023972,0.6979226469993591,0.65,0.8373397435897436,0.46153846153846156,0.0,0.7063040286302567,0.6950006186962128,0.028803181368857622,0.07683546282351017,0.0,0.0,0.0,0.0,0.0,18473,global,0.0
1,2,lr5e-05_bs16_drop0p2_temp2p0_a0p25_b0p05__wd1e-04trmiss0_degmodglobal,16,5e-05,0.0001,0.2,2.0,0.25,0.05,lr5e-05_bs16_drop0p2_temp2p0_a0p25_b0p05__wd1e-04trmiss0_degmodglobal,4,0.6900144070386887,0.6959579586982727,0.65,0.8373397435897436,0.5384615384615384,0.0,0.6862156242132187,0.6777921915054321,0.030592477414757013,0.09148155990988016,0.0,0.0,0.0,0.0,0.0,18473,global,0.0
1,2,lr5e-05_bs16_drop0p2_temp2p0_a0p25_b0p05__wd1e-04trmiss0_degmodglobal,16,5e-05,0.0001,0.2,2.0,0.25,0.05,lr5e-05_bs16_drop0p2_temp2p0_a0p25_b0p05__wd1e-04trmiss0_degmodglobal,5,0.70218425989151,0.6926249861717224,0.7,0.8519230769230769,0.6153846153846154,0.0,0.6850022077560425,0.6894979923963547,0.030641015619039536,0.10052022524178028,0.0,0.0,0.0,0.0,0.0,18473,global,0.0
1,2,lr5e-05_bs16_drop0p2_temp2p0_a0p25_b0p05__wd1e-04trmiss0_degmodglobal,16,5e-05,0.0001,0.2,2.0,0.25,0.05,lr5e-05_bs16_drop0p2_temp2p0_a0p25_b0p05__wd1e-04trmiss0_degmodglobal,6,0.677652969956398,0.6965810656547546,0.6749999999999999,0.8439685314685315,0.6153846153846154,0.0,0.6507298946380615,0.6659719347953796,0.029843705240637064,0.08440256677567959,0.0,0.0,0.0,0.0,0.0,18473,global,0.0
1,2,lr5e-05_bs16_drop0p2_temp2p0_a0p25_b0p05__wd1e-04trmiss0_degmodglobal,16,5e-05,0.0001,0.2,2.0,0.25,0.05,lr5e-05_bs16_drop0p2_temp2p0_a0p25_b0p05__wd1e-04trmiss0_degmodglobal,7,0.6899587363004684,0.7017731666564941,0.6000000000000001,0.8112980769230769,0.5384615384615384,0.0,0.6819987893104553,0.6776604503393173,0.03447411675006151,0.07359525095671415,0.0,0.0,0.0,0.0,0.0,18473,global,0.0
1,2,lr5e-05_bs16_drop0p2_temp2p0_a0p25_b0p05__wd1e-04trmiss0_degmodglobal,16,5e-05,0.0001,0.2,2.0,0.25,0.05,lr5e-05_bs16_drop0p2_temp2p0_a0p25_b0p05__wd1e-04trmiss0_degmodglobal,8,0.6788793206214905,0.6991732716560364,0.575,0.8029647435897436,0.6153846153846154,0.0,0.6213993728160858,0.6641684025526047,0.035804263316094875,0.11519688926637173,0.0,0.0,0.0,0.0,0.0,18473,global,0.0
1,2,lr5e-05_bs16_drop0p2_temp2p0_a0p25_b0p05__wd1e-04trmiss0_degmodglobal,16,5e-05,0.0001,0.2,2.0,0.25,0.05,lr5e-05_bs16_drop0p2_temp2p0_a0p25_b0p05__wd1e-04trmiss0_degmodglobal,9,0.6642588526010513,0.6961650848388672,0.6,0.814125457875458,0.6153846153846154,0.0,0.6518450528383255,0.6531958281993866,0.02816039347089827,0.08045812603086233,0.0,0.0,0.0,0.0,0.0,18473,global,0.0
1,2,lr5e-05_bs16_drop0p2_temp2p0_a0p25_b0p05__wd1e-04trmiss0_degmodglobal,16,5e-05,0.0001,0.2,2.0,0.25,0.05,lr5e-05_bs16_drop0p2_temp2p0_a0p25_b0p05__wd1e-04trmiss0_degmodglobal,10,0.6495512872934341,0.6963264346122742,0.625,0.8290064102564103,0.6153846153846154,0.0,0.6201274544000626,0.6354966163635254,0.03490906720981002,0.10654803179204464,0.0,0.0,0.0,0.0,0.0,18473,global,0.0
1,2,lr5e-05_bs16_drop0p2_temp2p0_a0p25_b0p05__wd1e-04trmiss0_degmodglobal,16,5e-05,0.0001,0.2,2.0,0.25,0.05,lr5e-05_bs16_drop0p2_temp2p0_a0p25_b0p05__wd1e-04trmiss0_degmodglobal,11,0.6373748034238815,0.6959216594696045,0.6,0.814125457875458,0.6153846153846154,0.0,0.6398829072713852,0.6276004612445831,0.02616355987265706,0.06466902233660221,0.0,0.0,0.0,0.0,0.0,18473,global,0.0
1,2,lr5e-05_bs16_drop0p2_temp2p0_a0p25_b0p05__wd1e-04trmiss0_degmodglobal,16,5e-05,0.0001,0.2,2.0,0.25,0.05,lr5e-05_bs16_drop0p2_temp2p0_a0p25_b0p05__wd1e-04trmiss0_degmodglobal,12,0.6410998553037643,0.6903796195983887,0.625,0.8290064102564103,0.6153846153846154,0.0,0.6143277883529663,0.6301168352365494,0.029510658234357834,0.07210715161636472,0.0,0.0,0.0,0.0,0.0,18473,global,0.0
1,2,lr5e-05_bs16_drop0p2_temp2p0_a0p25_b0p05__wd1e-04trmiss0_degmodglobal,16,5e-05,0.0001,0.2,2.0,0.25,0.05,lr5e-05_bs16_drop0p2_temp2p0_a0p25_b0p05__wd1e-04trmiss0_degmodglobal,13,0.6590361446142197,0.692297101020813,0.625,0.8290064102564103,0.6153846153846154,0.0,0.625549852848053,0.645984947681427,0.03552220994606614,0.08341284468770027,0.0,0.0,0.0,0.0,0.0,18473,global,0.0
1,2,lr5e-05_bs16_drop0p2_temp2p0_a0p25_b0p05__wd1e-04trmiss0_degmodglobal,16,5e-05,0.0001,0.2,2.0,0.25,0.05,lr5e-05_bs16_drop0p2_temp2p0_a0p25_b0p05__wd1e-04trmiss0_degmodglobal,14,0.642287939786911,0.6943743824958801,0.575,0.8029647435897436,0.6153846153846154,0.0,0.6183648705482483,0.6295119971036911,0.035919634625315666,0.07592086773365736,0.0,0.0,0.0,0.0,0.0,18473,global,0.0
1,2,lr5e-05_bs16_drop0p2_temp2p0_a0p25_b0p05__wd1e-04trmiss0_degmodglobal,16,5e-05,0.0001,0.2,2.0,0.25,0.05,lr5e-05_bs16_drop0p2_temp2p0_a0p25_b0p05__wd1e-04trmiss0_degmodglobal,15,0.6214538961648941,0.6976324319839478,0.55,0.7942841880341881,0.5384615384615384,0.0,0.5985764712095261,0.6095238476991653,0.030703308060765266,0.08508435636758804,0.0,0.0,0.0,0.0,0.0,18473,global,0.0
1,2,lr5e-05_bs16_drop0p2_temp2p0_a0p25_b0p05__wd1e-04trmiss0_degmodglobal,16,5e-05,0.0001,0.2,2.0,0.25,0.05,lr5e-05_bs16_drop0p2_temp2p0_a0p25_b0p05__wd1e-04trmiss0_degmodglobal,16,0.6325193643569946,0.7071138620376587,0.55,0.7942841880341881,0.5384615384615384,0.0,0.602374330163002,0.6151217818260193,0.04610334988683462,0.11743471398949623,0.0,0.0,0.0,0.0,0.0,18473,global,0.0
1,2,lr5e-05_bs16_drop0p2_temp2p0_a0p25_b0p05__wd1e-04trmiss0_degmodglobal,16,5e-05,0.0001,0.2,2.0,0.25,0.05,lr5e-05_bs16_drop0p2_temp2p0_a0p25_b0p05__wd1e-04trmiss0_degmodglobal,17,0.605719119310379,0.7087810635566711,0.6000000000000001,0.8112980769230769,0.5384615384615384,0.0,0.6043247133493423,0.5944500863552094,0.029636819381266832,0.07719699293375015,0.0,0.0,0.0,0.0,0.0,18473,global,0.0
1,2,lr5e-05_bs16_drop0p2_temp2p0_a0p25_b0p05__wd1e-04trmiss0_degmodglobal,16,5e-05,0.0001,0.2,2.0,0.25,0.05,lr5e-05_bs16_drop0p2_temp2p0_a0p25_b0p05__wd1e-04trmiss0_degmodglobal,18,0.636388510465622,0.7062704563140869,0.6000000000000001,0.8112980769230769,0.5384615384615384,0.0,0.587740495800972,0.622331902384758,0.036339668557047844,0.09943395294249058,0.0,0.0,0.0,0.0,0.0,18473,global,0.0
1,2,lr5e-05_bs16_drop0p2_temp2p0_a0p25_b0p05__wd1e-04trmiss0_degmodglobal,16,5e-05,0.0001,0.2,2.0,0.25,0.05,lr5e-05_bs16_drop0p2_temp2p0_a0p25_b0p05__wd1e-04trmiss0_degmodglobal,19,0.6045668870210648,0.7064973711967468,0.6000000000000001,0.8112980769230769,0.5384615384615384,0.0,0.5938357561826706,0.5896129906177521,0.03925944119691849,0.10278062615543604,0.0,0.0,0.0,0.0,0.0,18473,global,0.0
1,2,lr5e-05_bs16_drop0p2_temp2p0_a0p25_b0p05__wd1e-04trmiss0_degmodglobal,16,5e-05,0.0001,0.2,2.0,0.25,0.05,lr5e-05_bs16_drop0p2_temp2p0_a0p25_b0p05__wd1e-04trmiss0_degmodglobal,20,0.6281838715076447,0.7015447020530701,0.6000000000000001,0.8112980769230769,0.6153846153846154,0.0,0.5911077260971069,0.6101226210594177,0.04764272924512625,0.12301136739552021,0.0,0.0,0.0,0.0,0.0,18473,global,0.0
1,2,lr5e-05_bs16_drop0p2_temp2p0_a0p25_b0p05__wd1e-04trmiss0_degmodglobal,16,5e-05,0.0001,0.2,2.0,0.25,0.05,lr5e-05_bs16_drop0p2_temp2p0_a0p25_b0p05__wd1e-04trmiss0_degmodglobal,21,0.5856705754995346,0.6990243792533875,0.6000000000000001,0.8112980769230769,0.6153846153846154,0.0,0.5638585984706879,0.5716712176799774,0.03463227301836014,0.10682547651231289,0.0,0.0,0.0,0.0,0.0,18473,global,0.0
1,2,lr5e-05_bs16_drop0p2_temp2p0_a0p25_b0p05__wd1e-04trmiss0_degmodglobal,16,5e-05,0.0001,0.2,2.0,0.25,0.05,lr5e-05_bs16_drop0p2_temp2p0_a0p25_b0p05__wd1e-04trmiss0_degmodglobal,22,0.6103561520576477,0.7014511227607727,0.6000000000000001,0.8112980769230769,0.6153846153846154,0.0,0.6085866391658783,0.5913364887237549,0.04837551899254322,0.13851535320281982,0.0,0.0,0.0,0.0,0.0,18473,global,0.0
1,2,lr5e-05_bs16_drop0p2_temp2p0_a0p25_b0p05__wd1e-04trmiss0_degmodglobal,16,5e-05,0.0001,0.2,2.0,0.25,0.05,lr5e-05_bs16_drop0p2_temp2p0_a0p25_b0p05__wd1e-04trmiss0_degmodglobal,23,0.6156406700611115,0.6959220170974731,0.6000000000000001,0.8112980769230769,0.6153846153846154,0.0,0.5837365090847015,0.6010805666446686,0.036850760225206614,0.10694792214781046,0.0,0.0,0.0,0.0,0.0,18473,global,0.0
1,2,lr5e-05_bs16_drop0p2_temp2p0_a0p25_b0p05__wd1e-04trmiss0_degmodglobal,16,5e-05,0.0001,0.2,2.0,0.25,0.05,lr5e-05_bs16_drop0p2_temp2p0_a0p25_b0p05__wd1e-04trmiss0_degmodglobal,24,0.6077227890491486,0.693830132484436,0.6000000000000001,0.8112980769230769,0.6153846153846154,0.0,0.5658419728279114,0.5912125706672668,0.043404095340520144,0.11318403948098421,0.0,0.0,0.0,0.0,0.0,18473,global,0.0
1,2,lr5e-05_bs16_drop0p2_temp2p0_a0p25_b0p05__wd1e-04trmiss0_degmodglobal,16,5e-05,0.0001,0.2,2.0,0.25,0.05,lr5e-05_bs16_drop0p2_temp2p0_a0p25_b0p05__wd1e-04trmiss0_degmodglobal,25,0.6344054490327835,0.6968187689781189,0.6000000000000001,0.8112980769230769,0.5384615384615384,0.0,0.6123411655426025,0.6216277182102203,0.033902607858181,0.08604121953248978,0.0,0.0,0.0,0.0,0.0,18473,global,0.0
1,2,lr5e-05_bs16_drop0p4_temp1p0_a0p25_b0p05__wd1e-04trmiss0_degmodglobal,16,5e-05,0.0001,0.4,1.0,0.25,0.05,lr5e-05_bs16_drop0p4_temp1p0_a0p25_b0p05__wd1e-04trmiss0_degmodglobal,1,0.753193661570549,0.6904582381248474,0.65,0.764423076923077,0.6153846153846154,0.0,0.7247061878442764,0.7295466214418411,0.0657481923699379,0.1442002784460783,0.0,0.0,0.0,0.0,0.0,18473,global,0.0
1,2,lr5e-05_bs16_drop0p4_temp1p0_a0p25_b0p05__wd1e-04trmiss0_degmodglobal,16,5e-05,0.0001,0.4,1.0,0.25,0.05,lr5e-05_bs16_drop0p4_temp1p0_a0p25_b0p05__wd1e-04trmiss0_degmodglobal,2,0.6804518699645996,0.6911187767982483,0.65,0.7912087912087912,0.6153846153846154,0.0,0.6950509548187256,0.6572849750518799,0.061756646260619164,0.15455482807010412,0.0,0.0,0.0,0.0,0.0,18473,global,0.0
1,2,lr5e-05_bs16_drop0p4_temp1p0_a0p25_b0p05__wd1e-04trmiss0_degmodglobal,16,5e-05,0.0001,0.4,1.0,0.25,0.05,lr5e-05_bs16_drop0p4_temp1p0_a0p25_b0p05__wd1e-04trmiss0_degmodglobal,3,0.6835801005363464,0.6885682344436646,0.675,0.8224587912087912,0.6153846153846154,0.0,0.6681704521179199,0.6620031595230103,0.0570888789370656,0.14609438925981522,0.0,0.0,0.0,0.0,0.0,18473,global,0.0
1,2,lr5e-05_bs16_drop0p4_temp1p0_a0p25_b0p05__wd1e-04trmiss0_degmodglobal,16,5e-05,0.0001,0.4,1.0,0.25,0.05,lr5e-05_bs16_drop0p4_temp1p0_a0p25_b0p05__wd1e-04trmiss0_degmodglobal,4,0.7204615622758865,0.6945035457611084,0.625,0.7745421245421246,0.5384615384615384,0.0,0.6608965843915939,0.6919456869363785,0.06715928483754396,0.23452145233750343,0.0,0.0,0.0,0.0,0.0,18473,global,0.0
1,2,lr5e-05_bs16_drop0p4_temp1p0_a0p25_b0p05__wd1e-04trmiss0_degmodglobal,16,5e-05,0.0001,0.4,1.0,0.25,0.05,lr5e-05_bs16_drop0p4_temp1p0_a0p25_b0p05__wd1e-04trmiss0_degmodglobal,5,0.6410197615623474,0.7022430896759033,0.5249999999999999,0.7262601981351982,0.38461538461538464,0.0,0.6782258003950119,0.6163821965456009,0.06424323655664921,0.17153525725007057,0.0,0.0,0.0,0.0,0.0,18473,global,0.0
1,2,lr5e-05_bs16_drop0p4_temp1p0_a0p25_b0p05__wd1e-04trmiss0_degmodglobal,16,5e-05,0.0001,0.4,1.0,0.25,0.05,lr5e-05_bs16_drop0p4_temp1p0_a0p25_b0p05__wd1e-04trmiss0_degmodglobal,6,0.6785888969898224,0.701546311378479,0.55,0.7342147435897435,0.38461538461538464,0.0,0.6609491109848022,0.6546818017959595,0.06479387730360031,0.15417258627712727,0.0,0.0,0.0,0.0,0.0,18473,global,0.0
1,2,lr5e-05_bs16_drop0p4_temp1p0_a0p25_b0p05__wd1e-04trmiss0_degmodglobal,16,5e-05,0.0001,0.4,1.0,0.25,0.05,lr5e-05_bs16_drop0p4_temp1p0_a0p25_b0p05__wd1e-04trmiss0_degmodglobal,7,0.6805801242589951,0.693078875541687,0.625,0.7729978354978355,0.5384615384615384,0.0,0.6652548313140869,0.6611025184392929,0.052980219945311546,0.12465111073106527,0.0,0.0,0.0,0.0,0.0,18473,global,0.0
1,2,lr5e-05_bs16_drop0p4_temp1p0_a0p25_b0p05__wd1e-04trmiss0_degmodglobal,16,5e-05,0.0001,0.4,1.0,0.25,0.05,lr5e-05_bs16_drop0p4_temp1p0_a0p25_b0p05__wd1e-04trmiss0_degmodglobal,8,0.6557990312576294,0.6995868682861328,0.575,0.7438311688311687,0.38461538461538464,0.0,0.608093649148941,0.6299270987510681,0.06115248054265976,0.21167650073766708,0.0,0.0,0.0,0.0,0.0,18473,global,0.0
1,2,lr5e-05_bs16_drop0p4_temp1p0_a0p25_b0p05__wd1e-04trmiss0_degmodglobal,16,5e-05,0.0001,0.4,1.0,0.25,0.05,lr5e-05_bs16_drop0p4_temp1p0_a0p25_b0p05__wd1e-04trmiss0_degmodglobal,9,0.6594005525112152,0.7078390121459961,0.525,0.7207656926406927,0.38461538461538464,0.0,0.6516135483980179,0.638858750462532,0.051592109724879265,0.15287544578313828,0.0,0.0,0.0,0.0,0.0,18473,global,0.0
1,2,lr5e-05_bs16_drop0p4_temp1p0_a0p25_b0p05__wd1e-04trmiss0_degmodglobal,16,5e-05,0.0001,0.4,1.0,0.25,0.05,lr5e-05_bs16_drop0p4_temp1p0_a0p25_b0p05__wd1e-04trmiss0_degmodglobal,10,0.6723169535398483,0.7051874399185181,0.525,0.7207656926406927,0.46153846153846156,0.0,0.6369591653347015,0.6499335020780563,0.05497609172016382,0.17278852220624685,0.0,0.0,0.0,0.0,0.0,18473,global,0.0
1,2,lr5e-05_bs16_drop0p4_temp1p0_a0p25_b0p05__wd1e-04trmiss0_degmodglobal,16,5e-05,0.0001,0.4,1.0,0.25,0.05,lr5e-05_bs16_drop0p4_temp1p0_a0p25_b0p05__wd1e-04trmiss0_degmodglobal,11,0.6522313952445984,0.7004768252372742,0.5499999999999999,0.7326704545454545,0.46153846153846156,0.0,0.6171384900808334,0.6235795766115189,0.07128672301769257,0.21660250797867775,0.0,0.0,0.0,0.0,0.0,18473,global,0.0
1,2,lr5e-05_bs16_drop0p4_temp1p0_a0p25_b0p05__wd1e-04trmiss0_degmodglobal,16,5e-05,0.0001,0.4,1.0,0.25,0.05,lr5e-05_bs16_drop0p4_temp1p0_a0p25_b0p05__wd1e-04trmiss0_degmodglobal,12,0.650900736451149,0.6967695355415344,0.625,0.7729978354978355,0.46153846153846156,0.0,0.6419508308172226,0.6291083693504333,0.05760641023516655,0.14781496115028858,0.0,0.0,0.0,0.0,0.0,18473,global,0.0
1,2,lr5e-05_bs16_drop0p4_temp1p0_a0p25_b0p05__wd1e-04trmiss0_degmodglobal,16,5e-05,0.0001,0.4,1.0,0.25,0.05,lr5e-05_bs16_drop0p4_temp1p0_a0p25_b0p05__wd1e-04trmiss0_degmodglobal,13,0.6288187503814697,0.6910385489463806,0.65,0.8042478354978355,0.6153846153846154,0.0,0.6175994277000427,0.609566405415535,0.05018757004290819,0.13410931639373302,0.0,0.0,0.0,0.0,0.0,18473,global,0.0
1,2,lr5e-05_bs16_drop0p4_temp1p0_a0p25_b0p05__wd1e-04trmiss0_degmodglobal,16,5e-05,0.0001,0.4,1.0,0.25,0.05,lr5e-05_bs16_drop0p4_temp1p0_a0p25_b0p05__wd1e-04trmiss0_degmodglobal,14,0.6434420943260193,0.6894745826721191,0.675,0.8209145021645021,0.6153846153846154,0.0,0.613903358578682,0.6235868334770203,0.051023636944592,0.14198710676282644,0.0,0.0,0.0,0.0,0.0,18473,global,0.0
1,2,lr5e-05_bs16_drop0p4_temp1p0_a0p25_b0p05__wd1e-04trmiss0_degmodglobal,16,5e-05,0.0001,0.4,1.0,0.25,0.05,lr5e-05_bs16_drop0p4_temp1p0_a0p25_b0p05__wd1e-04trmiss0_degmodglobal,15,0.660095751285553,0.6905385851860046,0.7,0.8459145021645021,0.6153846153846154,0.0,0.6345434933900833,0.6427558958530426,0.04871904477477074,0.10320179397240281,0.0,0.0,0.0,0.0,0.0,18473,global,0.0
1,2,lr5e-05_bs16_drop0p4_temp1p0_a0p25_b0p05__wd1e-04trmiss0_degmodglobal,16,5e-05,0.0001,0.4,1.0,0.25,0.05,lr5e-05_bs16_drop0p4_temp1p0_a0p25_b0p05__wd1e-04trmiss0_degmodglobal,16,0.6878481358289719,0.6867902278900146,0.7,0.8459145021645021,0.6153846153846154,0.0,0.6365486830472946,0.6683315336704254,0.05114800110459328,0.13459210749715567,0.0,0.0,0.0,0.0,0.0,18473,global,0.0
1,2,lr5e-05_bs16_drop0p4_temp1p0_a0p25_b0p05__wd1e-04trmiss0_degmodglobal,16,5e-05,0.0001,0.4,1.0,0.25,0.05,lr5e-05_bs16_drop0p4_temp1p0_a0p25_b0p05__wd1e-04trmiss0_degmodglobal,17,0.6395849287509918,0.6814348697662354,0.675,0.8395042457542458,0.6153846153846154,0.0,0.5968007743358612,0.614018976688385,0.060156211256980896,0.21053799986839294,0.0,0.0,0.0,0.0,0.0,18473,global,0.0
1,2,lr5e-05_bs16_drop0p4_temp1p0_a0p25_b0p05__wd1e-04trmiss0_degmodglobal,16,5e-05,0.0001,0.4,1.0,0.25,0.05,lr5e-05_bs16_drop0p4_temp1p0_a0p25_b0p05__wd1e-04trmiss0_degmodglobal,18,0.6396192908287048,0.6781173944473267,0.7,0.8543851981351982,0.6923076923076923,0.0,0.5947674065828323,0.617544636130333,0.05642290413379669,0.15937871858477592,0.0,0.0,0.0,0.0,0.0,18473,global,0.0
1,2,lr5e-05_bs16_drop0p4_temp1p0_a0p25_b0p05__wd1e-04trmiss0_degmodglobal,16,5e-05,0.0001,0.4,1.0,0.25,0.05,lr5e-05_bs16_drop0p4_temp1p0_a0p25_b0p05__wd1e-04trmiss0_degmodglobal,19,0.650371715426445,0.677289605140686,0.6499999999999999,0.8328754578754579,0.6153846153846154,0.0,0.6233443915843964,0.6236387938261032,0.0574244512245059,0.24753654561936855,0.0,0.0,0.0,0.0,0.0,18473,global,0.0
1,2,lr5e-05_bs16_drop0p4_temp1p0_a0p25_b0p05__wd1e-04trmiss0_degmodglobal,16,5e-05,0.0001,0.4,1.0,0.25,0.05,lr5e-05_bs16_drop0p4_temp1p0_a0p25_b0p05__wd1e-04trmiss0_degmodglobal,20,0.6150926947593689,0.6762735843658447,0.6499999999999999,0.8328754578754579,0.6923076923076923,0.0,0.5772720277309418,0.5893106311559677,0.06676213629543781,0.18183070234954357,0.0,0.0,0.0,0.0,0.0,18473,global,0.0
1,2,lr5e-05_bs16_drop0p4_temp1p0_a0p25_b0p05__wd1e-04trmiss0_degmodglobal,16,5e-05,0.0001,0.4,1.0,0.25,0.05,lr5e-05_bs16_drop0p4_temp1p0_a0p25_b0p05__wd1e-04trmiss0_degmodglobal,21,0.6476575285196304,0.6785528063774109,0.675,0.8395042457542458,0.5384615384615384,0.0,0.5503855869174004,0.6204453855752945,0.07112689968198538,0.18860850483179092,0.0,0.0,0.0,0.0,0.0,18473,global,0.0
1,2,lr5e-05_bs16_drop0p4_temp1p0_a0p25_b0p05__wd1e-04trmiss0_degmodglobal,16,5e-05,0.0001,0.4,1.0,0.25,0.05,lr5e-05_bs16_drop0p4_temp1p0_a0p25_b0p05__wd1e-04trmiss0_degmodglobal,22,0.6556774377822876,0.685396671295166,0.65,0.8042478354978355,0.5384615384615384,0.0,0.5625088661909103,0.635253518819809,0.05115544889122248,0.15270104259252548,0.0,0.0,0.0,0.0,0.0,18473,global,0.0
1,2,lr5e-05_bs16_drop0p4_temp1p0_a0p25_b0p05__wd1e-04trmiss0_degmodglobal,16,5e-05,0.0001,0.4,1.0,0.25,0.05,lr5e-05_bs16_drop0p4_temp1p0_a0p25_b0p05__wd1e-04trmiss0_degmodglobal,23,0.6269104480743408,0.6858990788459778,0.625,0.7978375790875791,0.46153846153846156,0.0,0.5925285518169403,0.6097833961248398,0.045809540431946516,0.11349323764443398,0.0,0.0,0.0,0.0,0.0,18473,global,0.0
1,2,lr5e-05_bs16_drop0p4_temp1p0_a0p25_b0p05__wd1e-04trmiss0_degmodglobal,16,5e-05,0.0001,0.4,1.0,0.25,0.05,lr5e-05_bs16_drop0p4_temp1p0_a0p25_b0p05__wd1e-04trmiss0_degmodglobal,24,0.59775510430336,0.6844643354415894,0.625,0.7978375790875791,0.46153846153846156,0.0,0.5996373742818832,0.5806712210178375,0.044116550125181675,0.12109505012631416,0.0,0.0,0.0,0.0,0.0,18473,global,0.0
1,2,lr5e-05_bs16_drop0p4_temp1p0_a0p25_b0p05__wd1e-04trmiss0_degmodglobal,16,5e-05,0.0001,0.4,1.0,0.25,0.05,lr5e-05_bs16_drop0p4_temp1p0_a0p25_b0p05__wd1e-04trmiss0_degmodglobal,25,0.5798301994800568,0.6864398121833801,0.65,0.8057921245421246,0.46153846153846156,0.0,0.5675869584083557,0.5621764659881592,0.04821130447089672,0.1120181567966938,0.0,0.0,0.0,0.0,0.0,18473,global,0.0
1,2,lr5e-05_bs16_drop0p4_temp1p0_a0p25_b0p05__wd1e-04trmiss0_degmodglobal,16,5e-05,0.0001,0.4,1.0,0.25,0.05,lr5e-05_bs16_drop0p4_temp1p0_a0p25_b0p05__wd1e-04trmiss0_degmodglobal,26,0.6004253476858139,0.6895578503608704,0.65,0.8042478354978355,0.46153846153846156,0.0,0.5658853203058243,0.5771190375089645,0.06139105744659901,0.15917138382792473,0.0,0.0,0.0,0.0,0.0,18473,global,0.0
1,2,lr5e-05_bs16_drop0p4_temp1p0_a0p25_b0p05__wd1e-04trmiss0_degmodglobal,16,5e-05,0.0001,0.4,1.0,0.25,0.05,lr5e-05_bs16_drop0p4_temp1p0_a0p25_b0p05__wd1e-04trmiss0_degmodglobal,27,0.6260736584663391,0.6864181756973267,0.65,0.8042478354978355,0.6153846153846154,0.0,0.5647095292806625,0.597725436091423,0.06902030669152737,0.22186303697526455,0.0,0.0,0.0,0.0,0.0,18473,global,0.0
1,2,lr5e-05_bs16_drop0p4_temp1p0_a0p25_b0p05__wd1e-04trmiss0_degmodglobal,16,5e-05,0.0001,0.4,1.0,0.25,0.05,lr5e-05_bs16_drop0p4_temp1p0_a0p25_b0p05__wd1e-04trmiss0_degmodglobal,28,0.640751987695694,0.6867465972900391,0.65,0.8042478354978355,0.6153846153846154,0.0,0.5679632425308228,0.6176649928092957,0.055124783888459206,0.18611662089824677,0.0,0.0,0.0,0.0,0.0,18473,global,0.0
1,2,lr5e-05_bs16_drop0p4_temp1p0_a0p25_b0p05__wd1e-04trmiss0_degmodglobal,16,5e-05,0.0001,0.4,1.0,0.25,0.05,lr5e-05_bs16_drop0p4_temp1p0_a0p25_b0p05__wd1e-04trmiss0_degmodglobal,29,0.6006369739770889,0.6818629503250122,0.65,0.8042478354978355,0.5384615384615384,0.0,0.5412144809961319,0.578946977853775,0.05384952249005437,0.1645522490143776,0.0,0.0,0.0,0.0,0.0,18473,global,0.0
1,2,lr5e-05_bs16_drop0p4_temp1p0_a0p25_b0p05__wd1e-04trmiss0_degmodglobal,16,5e-05,0.0001,0.4,1.0,0.25,0.05,lr5e-05_bs16_drop0p4_temp1p0_a0p25_b0p05__wd1e-04trmiss0_degmodglobal,30,0.5985168516635895,0.6795312762260437,0.675,0.8209145021645021,0.6153846153846154,0.0,0.5399283543229103,0.5776706635951996,0.059476468712091446,0.11954139079898596,0.0,0.0,0.0,0.0,0.0,18473,global,0.0
1,2,lr5e-05_bs16_drop0p4_temp1p0_a0p25_b0p05__wd1e-04trmiss0_degmodglobal,16,5e-05,0.0001,0.4,1.0,0.25,0.05,lr5e-05_bs16_drop0p4_temp1p0_a0p25_b0p05__wd1e-04trmiss0_degmodglobal,31,0.5868351459503174,0.6805503368377686,0.65,0.8145042457542457,0.6153846153846154,0.0,0.5377832502126694,0.5696367174386978,0.04149432294070721,0.13649682514369488,0.0,0.0,0.0,0.0,0.0,18473,global,0.0
1,2,lr5e-05_bs16_drop0p4_temp1p0_a0p25_b0p05__wd1e-04trmiss0_degmodglobal,16,5e-05,0.0001,0.4,1.0,0.25,0.05,lr5e-05_bs16_drop0p4_temp1p0_a0p25_b0p05__wd1e-04trmiss0_degmodglobal,32,0.617362380027771,0.6798921823501587,0.65,0.8145042457542457,0.6153846153846154,0.0,0.5544424578547478,0.5983859151601791,0.04813789390027523,0.13883960247039795,0.0,0.0,0.0,0.0,0.0,18473,global,0.0
1,2,lr5e-05_bs16_drop0p4_temp1p0_a0p25_b0p05__wd1e-04trmiss0_degmodglobal,16,5e-05,0.0001,0.4,1.0,0.25,0.05,lr5e-05_bs16_drop0p4_temp1p0_a0p25_b0p05__wd1e-04trmiss0_degmodglobal,33,0.6284211426973343,0.6803979277610779,0.675,0.8224587912087912,0.5384615384615384,0.0,0.5804919302463531,0.5950653254985809,0.08430172875523567,0.2456076741218567,0.0,0.0,0.0,0.0,0.0,18473,global,0.0
1,2,lr5e-05_bs16_drop0p4_temp1p0_a0p25_b0p05__wd1e-04trmiss0_degmodglobal,16,5e-05,0.0001,0.4,1.0,0.25,0.05,lr5e-05_bs16_drop0p4_temp1p0_a0p25_b0p05__wd1e-04trmiss0_degmodglobal,34,0.5980114638805389,0.6786930561065674,0.65,0.8057921245421246,0.46153846153846156,0.0,0.5643129050731659,0.5690561980009079,0.0790337361395359,0.18393655493855476,0.0,0.0,0.0,0.0,0.0,18473,global,0.0
1,2,lr5e-05_bs16_drop0p4_temp1p0_a0p25_b0p05__wd1e-04trmiss0_degmodglobal,16,5e-05,0.0001,0.4,1.0,0.25,0.05,lr5e-05_bs16_drop0p4_temp1p0_a0p25_b0p05__wd1e-04trmiss0_degmodglobal,35,0.6239670515060425,0.6797454953193665,0.625,0.7978375790875791,0.46153846153846156,0.0,0.5395919680595398,0.5935754328966141,0.07101438660174608,0.25276051834225655,0.0,0.0,0.0,0.0,0.0,18473,global,0.0
1,2,lr5e-05_bs16_drop0p4_temp1p0_a0p25_b0p05__wd1e-04trmiss0_degmodglobal,16,5e-05,0.0001,0.4,1.0,0.25,0.05,lr5e-05_bs16_drop0p4_temp1p0_a0p25_b0p05__wd1e-04trmiss0_degmodglobal,36,0.594597727060318,0.6764842867851257,0.625,0.8078754578754579,0.5384615384615384,0.0,0.521127350628376,0.5739127993583679,0.058857391588389874,0.11941168457269669,0.0,0.0,0.0,0.0,0.0,18473,global,0.0
1,2,lr5e-05_bs16_drop0p4_temp1p0_a0p25_b0p05__wd1e-04trmiss0_degmodglobal,16,5e-05,0.0001,0.4,1.0,0.25,0.05,lr5e-05_bs16_drop0p4_temp1p0_a0p25_b0p05__wd1e-04trmiss0_degmodglobal,37,0.5928872227668762,0.6742355227470398,0.625,0.8078754578754579,0.5384615384615384,0.0,0.5505083203315735,0.5709764361381531,0.058749692514538765,0.14446699991822243,0.0,0.0,0.0,0.0,0.0,18473,global,0.0
1,2,lr5e-05_bs16_drop0p4_temp1p0_a0p25_b0p05__wd1e-04trmiss0_degmodglobal,16,5e-05,0.0001,0.4,1.0,0.25,0.05,lr5e-05_bs16_drop0p4_temp1p0_a0p25_b0p05__wd1e-04trmiss0_degmodglobal,38,0.590828076004982,0.6728295087814331,0.65,0.8145042457542457,0.5384615384615384,0.0,0.519777201116085,0.5674491226673126,0.06076008081436157,0.16377854719758034,0.0,0.0,0.0,0.0,0.0,18473,global,0.0
1,2,lr5e-05_bs16_drop0p4_temp2p0_a0p25_b0p05__wd1e-04trmiss0_degmodglobal,16,5e-05,0.0001,0.4,2.0,0.25,0.05,lr5e-05_bs16_drop0p4_temp2p0_a0p25_b0p05__wd1e-04trmiss0_degmodglobal,1,0.7391786277294159,0.7182510495185852,0.375,0.5662518037518037,0.38461538461538464,0.0,0.6904280781745911,0.7186312079429626,0.05130225978791714,0.15443699527531862,0.0,0.0,0.0,0.0,0.0,18473,global,0.0
1,2,lr5e-05_bs16_drop0p4_temp2p0_a0p25_b0p05__wd1e-04trmiss0_degmodglobal,16,5e-05,0.0001,0.4,2.0,0.25,0.05,lr5e-05_bs16_drop0p4_temp2p0_a0p25_b0p05__wd1e-04trmiss0_degmodglobal,2,0.7382717579603195,0.721733808517456,0.425,0.5874323593073594,0.38461538461538464,0.0,0.6735910922288895,0.7172012627124786,0.05412732809782028,0.15077354665845633,0.0,0.0,0.0,0.0,0.0,18473,global,0.0
1,2,lr5e-05_bs16_drop0p4_temp2p0_a0p25_b0p05__wd1e-04trmiss0_degmodglobal,16,5e-05,0.0001,0.4,2.0,0.25,0.05,lr5e-05_bs16_drop0p4_temp2p0_a0p25_b0p05__wd1e-04trmiss0_degmodglobal,3,0.7389482706785202,0.7196205258369446,0.525,0.6555871212121213,0.3076923076923077,0.0,0.6071779578924179,0.709050789475441,0.06723131518810987,0.26179281808435917,0.0,0.0,0.0,0.0,0.0,18473,global,0.0
1,2,lr5e-05_bs16_drop0p4_temp2p0_a0p25_b0p05__wd1e-04trmiss0_degmodglobal,16,5e-05,0.0001,0.4,2.0,0.25,0.05,lr5e-05_bs16_drop0p4_temp2p0_a0p25_b0p05__wd1e-04trmiss0_degmodglobal,4,0.7187087088823318,0.7275083661079407,0.5,0.6389204545454545,0.38461538461538464,0.0,0.593727819621563,0.6867085546255112,0.08919772133231163,0.19401413947343826,0.0,0.0,0.0,0.0,0.0,18473,global,0.0
1,2,lr5e-05_bs16_drop0p4_temp2p0_a0p25_b0p05__wd1e-04trmiss0_degmodglobal,16,5e-05,0.0001,0.4,2.0,0.25,0.05,lr5e-05_bs16_drop0p4_temp2p0_a0p25_b0p05__wd1e-04trmiss0_degmodglobal,5,0.7499217391014099,0.7368935346603394,0.475,0.6201704545454545,0.38461538461538464,0.0,0.5864210277795792,0.7150009572505951,0.08101960364729166,0.2933172285556793,0.0,0.0,0.0,0.0,0.0,18473,global,0.0
1,2,lr5e-05_bs16_drop0p4_temp2p0_a0p25_b0p05__wd1e-04trmiss0_degmodglobal,16,5e-05,0.0001,0.4,2.0,0.25,0.05,lr5e-05_bs16_drop0p4_temp2p0_a0p25_b0p05__wd1e-04trmiss0_degmodglobal,6,0.706671804189682,0.7379932403564453,0.5249999999999999,0.6938311688311688,0.46153846153846156,0.0,0.5752791315317154,0.6728444695472717,0.08998571895062923,0.22661834210157394,0.0,0.0,0.0,0.0,0.0,18473,global,0.0
1,2,lr5e-05_bs16_drop0p4_temp2p0_a0p25_b0p05__wd1e-04trmiss0_degmodglobal,16,5e-05,0.0001,0.4,2.0,0.25,0.05,lr5e-05_bs16_drop0p4_temp2p0_a0p25_b0p05__wd1e-04trmiss0_degmodglobal,7,0.7070160210132599,0.7321862578392029,0.5249999999999999,0.6938311688311688,0.46153846153846156,0.0,0.5582392513751984,0.6732199788093567,0.07525364775210619,0.29965241998434067,0.0,0.0,0.0,0.0,0.0,18473,global,0.0
1,2,lr5e-05_bs16_drop0p4_temp2p0_a0p25_b0p05__wd1e-04trmiss0_degmodglobal,16,5e-05,0.0001,0.4,2.0,0.25,0.05,lr5e-05_bs16_drop0p4_temp2p0_a0p25_b0p05__wd1e-04trmiss0_degmodglobal,8,0.6369117051362991,0.7389740943908691,0.55,0.7021645021645021,0.38461538461538464,0.0,0.5857532322406769,0.6041713953018188,0.09436218440532684,0.18299512565135956,0.0,0.0,0.0,0.0,0.0,18473,global,0.0
1,2,lr5e-05_bs16_drop0p4_temp2p0_a0p25_b0p05__wd1e-04trmiss0_degmodglobal,16,5e-05,0.0001,0.4,2.0,0.25,0.05,lr5e-05_bs16_drop0p4_temp2p0_a0p25_b0p05__wd1e-04trmiss0_degmodglobal,9,0.730588972568512,0.7465782165527344,0.55,0.7021645021645021,0.38461538461538464,0.0,0.5890630930662155,0.6981805562973022,0.07410419173538685,0.2776474356651306,0.0,0.0,0.0,0.0,0.0,18473,global,0.0
1,2,lr5e-05_bs16_drop0p4_temp2p0_a0p25_b0p05__wd1e-04trmiss0_degmodglobal,16,5e-05,0.0001,0.4,2.0,0.25,0.05,lr5e-05_bs16_drop0p4_temp2p0_a0p25_b0p05__wd1e-04trmiss0_degmodglobal,10,0.6410056203603745,0.7436631321907043,0.55,0.7021645021645021,0.38461538461538464,0.0,0.5320619195699692,0.6125131696462631,0.07193628046661615,0.21016734279692173,0.0,0.0,0.0,0.0,0.0,18473,global,0.0
1,2,lr5e-05_bs16_drop0p4_temp2p0_a0p25_b0p05__wd1e-04trmiss0_degmodglobal,16,5e-05,0.0001,0.4,2.0,0.25,0.05,lr5e-05_bs16_drop0p4_temp2p0_a0p25_b0p05__wd1e-04trmiss0_degmodglobal,11,0.6406564265489578,0.7463820576667786,0.5249999999999999,0.6396645021645021,0.46153846153846156,0.0,0.5804798454046249,0.6126574575901031,0.07116230297833681,0.20416755974292755,0.0,0.0,0.0,0.0,0.0,18473,global,0.0
1,2,lr5e-05_bs16_drop0p4_temp2p0_a0p25_b0p05__wd1e-04trmiss0_degmodglobal,16,5e-05,0.0001,0.4,2.0,0.25,0.05,lr5e-05_bs16_drop0p4_temp2p0_a0p25_b0p05__wd1e-04trmiss0_degmodglobal,12,0.6189398020505905,0.743506669998169,0.525,0.6957542457542457,0.46153846153846156,0.0,0.559888020157814,0.591352179646492,0.0688206572085619,0.2076490856707096,0.0,0.0,0.0,0.0,0.0,18473,global,0.0
1,2,lr5e-05_bs16_drop0p4_temp2p0_a0p25_b0p05__wd1e-04trmiss0_degmodglobal,16,5e-05,0.0001,0.4,2.0,0.25,0.05,lr5e-05_bs16_drop0p4_temp2p0_a0p25_b0p05__wd1e-04trmiss0_degmodglobal,13,0.6888675838708878,0.7451188564300537,0.5,0.6332542457542457,0.46153846153846156,0.0,0.5916943997144699,0.6618657410144806,0.058398072607815266,0.248046413064003,0.0,0.0,0.0,0.0,0.0,18473,global,0.0
1,2,lr5e-05_bs16_drop0p4_temp2p0_a0p25_b0p05__wd1e-04trmiss0_degmodglobal,16,5e-05,0.0001,0.4,2.0,0.25,0.05,lr5e-05_bs16_drop0p4_temp2p0_a0p25_b0p05__wd1e-04trmiss0_degmodglobal,14,0.6076164543628693,0.7508435249328613,0.5249999999999999,0.6396645021645021,0.46153846153846156,0.0,0.5461572855710983,0.5820641964673996,0.06921571027487516,0.16496641747653484,0.0,0.0,0.0,0.0,0.0,18473,global,0.0
1,2,lr5e-05_bs16_drop0p4_temp2p0_a0p25_b0p05__wd1e-04trmiss0_degmodglobal,16,5e-05,0.0001,0.4,2.0,0.25,0.05,lr5e-05_bs16_drop0p4_temp2p0_a0p25_b0p05__wd1e-04trmiss0_degmodglobal,15,0.6312317103147507,0.7528780102729797,0.475,0.6201704545454545,0.38461538461538464,0.0,0.5506149008870125,0.5989609956741333,0.09107556752860546,0.1900363229215145,0.0,0.0,0.0,0.0,0.0,18473,global,0.0
1,2,lr5e-05_bs16_drop0p4_temp2p0_a0p25_b0p05__wd1e-04trmiss0_degmodglobal,16,5e-05,0.0001,0.4,2.0,0.25,0.05,lr5e-05_bs16_drop0p4_temp2p0_a0p25_b0p05__wd1e-04trmiss0_degmodglobal,16,0.6837287843227386,0.7475008964538574,0.49999999999999994,0.6313311688311688,0.38461538461538464,0.0,0.5285356789827347,0.6411846727132797,0.10375787876546383,0.3320923447608948,0.0,0.0,0.0,0.0,0.0,18473,global,0.0
1,2,lr5e-05_bs16_drop0p4_temp2p0_a0p25_b0p05__wd1e-04trmiss0_degmodglobal,16,5e-05,0.0001,0.4,2.0,0.25,0.05,lr5e-05_bs16_drop0p4_temp2p0_a0p25_b0p05__wd1e-04trmiss0_degmodglobal,17,0.6658069938421249,0.7477734088897705,0.5249999999999999,0.6396645021645021,0.38461538461538464,0.0,0.5272472724318504,0.6304937154054642,0.08223560266196728,0.2950875498354435,0.0,0.0,0.0,0.0,0.0,18473,global,0.0
1,2,lr5e-05_bs16_drop0p4_temp2p0_a0p25_b0p05__wd1e-04trmiss0_degmodglobal,16,5e-05,0.0001,0.4,2.0,0.25,0.05,lr5e-05_bs16_drop0p4_temp2p0_a0p25_b0p05__wd1e-04trmiss0_degmodglobal,18,0.678359255194664,0.7472314238548279,0.5249999999999999,0.6396645021645021,0.38461538461538464,0.0,0.510813869535923,0.6441244781017303,0.08238396607339382,0.2727758623659611,0.0,0.0,0.0,0.0,0.0,18473,global,0.0
1,2,lr5e-05_bs16_drop0p4_temp2p0_a0p25_b0p05__wd1e-04trmiss0_degmodglobal,16,5e-05,0.0001,0.4,2.0,0.25,0.05,lr5e-05_bs16_drop0p4_temp2p0_a0p25_b0p05__wd1e-04trmiss0_degmodglobal,19,0.6581548899412155,0.7546700835227966,0.55,0.6476190476190476,0.46153846153846156,0.0,0.532106839120388,0.6151091009378433,0.0968919200822711,0.37645597755908966,0.0,0.0,0.0,0.0,0.0,18473,global,0.0
1,2,lr5e-05_bs16_drop0p4_temp2p0_a0p25_b0p05__wd1e-04trmiss0_degmodglobal,16,5e-05,0.0001,0.4,2.0,0.25,0.05,lr5e-05_bs16_drop0p4_temp2p0_a0p25_b0p05__wd1e-04trmiss0_degmodglobal,20,0.6573727577924728,0.7521102428436279,0.5249999999999999,0.6396645021645021,0.46153846153846156,0.0,0.4962368682026863,0.6172681748867035,0.09449671115726233,0.32960784807801247,0.0,0.0,0.0,0.0,0.0,18473,global,0.0
1,2,lr5e-05_bs16_drop0p4_temp2p0_a0p25_b0p05__wd1e-04trmiss0_degmodglobal,16,5e-05,0.0001,0.4,2.0,0.25,0.05,lr5e-05_bs16_drop0p4_temp2p0_a0p25_b0p05__wd1e-04trmiss0_degmodglobal,21,0.6776551455259323,0.7461352348327637,0.55,0.6476190476190476,0.46153846153846156,0.0,0.4818728491663933,0.6296837478876114,0.11761135421693325,0.3713712990283966,0.0,0.0,0.0,0.0,0.0,18473,global,0.0
1,2,lr5e-05_bs16_drop0p4_temp2p0_a0p25_b0p05__wd1e-04trmiss0_degmodglobal,16,5e-05,0.0001,0.4,2.0,0.25,0.05,lr5e-05_bs16_drop0p4_temp2p0_a0p25_b0p05__wd1e-04trmiss0_degmodglobal,22,0.6458700895309448,0.7439554333686829,0.55,0.6476190476190476,0.46153846153846156,0.0,0.48008444905281067,0.6084752827882767,0.09505327232182026,0.2726297155022621,0.0,0.0,0.0,0.0,0.0,18473,global,0.0
1,2,lr5e-05_bs16_drop0p4_temp2p0_a0p25_b0p05__wd1e-04trmiss0_degmodglobal,16,5e-05,0.0001,0.4,2.0,0.25,0.05,lr5e-05_bs16_drop0p4_temp2p0_a0p25_b0p05__wd1e-04trmiss0_degmodglobal,23,0.6258864551782608,0.7435250282287598,0.55,0.6476190476190476,0.46153846153846156,0.0,0.4876178279519081,0.5817053914070129,0.10926223360002041,0.33730971813201904,0.0,0.0,0.0,0.0,0.0,18473,global,0.0
1,2,lr5e-05_bs16_drop0p4_temp2p0_a0p25_b0p05__wd1e-04trmiss0_degmodglobal,16,5e-05,0.0001,0.4,2.0,0.25,0.05,lr5e-05_bs16_drop0p4_temp2p0_a0p25_b0p05__wd1e-04trmiss0_degmodglobal,24,0.6294492781162262,0.7409346699714661,0.55,0.6476190476190476,0.46153846153846156,0.0,0.5088276341557503,0.5850819796323776,0.10745942872017622,0.35004853270947933,0.0,0.0,0.0,0.0,0.0,18473,global,0.0
1,2,lr5e-05_bs16_drop0p4_temp2p0_a0p25_b0p05__wd1e-04trmiss0_degmodglobal,16,5e-05,0.0001,0.4,2.0,0.25,0.05,lr5e-05_bs16_drop0p4_temp2p0_a0p25_b0p05__wd1e-04trmiss0_degmodglobal,25,0.6257515698671341,0.7414733171463013,0.55,0.6476190476190476,0.46153846153846156,0.0,0.4810983017086983,0.5908785760402679,0.08412410970777273,0.2768395356833935,0.0,0.0,0.0,0.0,0.0,18473,global,0.0
1,2,lr5e-05_bs16_drop0p4_temp2p0_a0p25_b0p05__wd1e-04trmiss0_degmodglobal,16,5e-05,0.0001,0.4,2.0,0.25,0.05,lr5e-05_bs16_drop0p4_temp2p0_a0p25_b0p05__wd1e-04trmiss0_degmodglobal,26,0.6887568980455399,0.743679940700531,0.55,0.6476190476190476,0.46153846153846156,0.0,0.5043710917234421,0.6423583626747131,0.11223973706364632,0.3667720593512058,0.0,0.0,0.0,0.0,0.0,18473,global,0.0
1,2,lr5e-05_bs16_drop0p4_temp2p0_a0p25_b0p05__wd1e-04trmiss0_degmodglobal,16,5e-05,0.0001,0.4,2.0,0.25,0.05,lr5e-05_bs16_drop0p4_temp2p0_a0p25_b0p05__wd1e-04trmiss0_degmodglobal,27,0.6494180858135223,0.7407054305076599,0.6000000000000001,0.7176948051948052,0.46153846153846156,0.0,0.47466816008090973,0.6043550968170166,0.10619970224797726,0.37026116251945496,0.0,0.0,0.0,0.0,0.0,18473,global,0.0
1,2,lr5e-05_bs16_drop0p4_temp2p0_a0p25_b0p05__wd1e-04trmiss0_degmodglobal,16,5e-05,0.0001,0.4,2.0,0.25,0.05,lr5e-05_bs16_drop0p4_temp2p0_a0p25_b0p05__wd1e-04trmiss0_degmodglobal,28,0.641123428940773,0.7412891387939453,0.6000000000000001,0.7176948051948052,0.46153846153846156,0.0,0.4765837714076042,0.6014192849397659,0.09909570030868053,0.298604778945446,0.0,0.0,0.0,0.0,0.0,18473,global,0.0
1,2,lr5e-05_bs16_drop0p4_temp2p0_a0p25_b0p05__wd1e-04trmiss0_degmodglobal,16,5e-05,0.0001,0.4,2.0,0.25,0.05,lr5e-05_bs16_drop0p4_temp2p0_a0p25_b0p05__wd1e-04trmiss0_degmodglobal,29,0.6266915947198868,0.7323623299598694,0.6000000000000001,0.7176948051948052,0.46153846153846156,0.0,0.4965519309043884,0.5897007882595062,0.09670414961874485,0.2562952823936939,0.0,0.0,0.0,0.0,0.0,18473,global,0.0
1,2,lr5e-05_bs16_drop0p4_temp2p0_a0p25_b0p05__wd1e-04trmiss0_degmodglobal,16,5e-05,0.0001,0.4,2.0,0.25,0.05,lr5e-05_bs16_drop0p4_temp2p0_a0p25_b0p05__wd1e-04trmiss0_degmodglobal,30,0.6494244784116745,0.7344492673873901,0.575,0.7101190476190476,0.46153846153846156,0.0,0.5001405030488968,0.6081790775060654,0.10432056151330471,0.30330549739301205,0.0,0.0,0.0,0.0,0.0,18473,global,0.0
1,2,lr5e-05_bs16_drop0p4_temp2p0_a0p25_b0p05__wd1e-04trmiss0_degmodglobal,16,5e-05,0.0001,0.4,2.0,0.25,0.05,lr5e-05_bs16_drop0p4_temp2p0_a0p25_b0p05__wd1e-04trmiss0_degmodglobal,31,0.6735605299472809,0.7333258390426636,0.575,0.7101190476190476,0.46153846153846156,0.0,0.4716193228960037,0.6153546273708344,0.14411231502890587,0.4435562789440155,0.0,0.0,0.0,0.0,0.0,18473,global,0.0
1,2,lr5e-05_bs16_drop0p4_temp2p0_a0p25_b0p05__wd1e-04trmiss0_degmodglobal,16,5e-05,0.0001,0.4,2.0,0.25,0.05,lr5e-05_bs16_drop0p4_temp2p0_a0p25_b0p05__wd1e-04trmiss0_degmodglobal,32,0.6877073347568512,0.7323137521743774,0.575,0.7101190476190476,0.46153846153846156,0.0,0.4786614775657654,0.6367792338132858,0.11634388566017151,0.4368426576256752,0.0,0.0,0.0,0.0,0.0,18473,global,0.0
1,2,lr5e-05_bs16_drop0p4_temp2p0_a0p25_b0p05__wd1e-04trmiss0_degmodglobal,16,5e-05,0.0001,0.4,2.0,0.25,0.05,lr5e-05_bs16_drop0p4_temp2p0_a0p25_b0p05__wd1e-04trmiss0_degmodglobal,33,0.6634477525949478,0.7349465489387512,0.575,0.7101190476190476,0.46153846153846156,0.0,0.5469965860247612,0.630886048078537,0.08023416996002197,0.2500633988529444,0.0,0.0,0.0,0.0,0.0,18473,global,0.0
1,2,lr5e-05_bs16_drop0p4_temp2p0_a0p25_b0p05__wd1e-04trmiss0_degmodglobal,16,5e-05,0.0001,0.4,2.0,0.25,0.05,lr5e-05_bs16_drop0p4_temp2p0_a0p25_b0p05__wd1e-04trmiss0_degmodglobal,34,0.655634731054306,0.7409629821777344,0.575,0.7101190476190476,0.46153846153846156,0.0,0.497258760035038,0.617464691400528,0.09959343262016773,0.26543353497982025,0.0,0.0,0.0,0.0,0.0,18473,global,0.0
1,2,lr5e-05_bs16_drop0p4_temp2p0_a0p25_b0p05__wd1e-04trmiss0_degmodglobal,16,5e-05,0.0001,0.4,2.0,0.25,0.05,lr5e-05_bs16_drop0p4_temp2p0_a0p25_b0p05__wd1e-04trmiss0_degmodglobal,35,0.6622075289487839,0.7394523620605469,0.575,0.7101190476190476,0.46153846153846156,0.0,0.5130565762519836,0.628268763422966,0.09194059669971466,0.21907229721546173,0.0,0.0,0.0,0.0,0.0,18473,global,0.0
1,2,lr5e-05_bs16_drop0p4_temp2p0_a0p25_b0p05__wd1e-04trmiss0_degmodglobal,16,5e-05,0.0001,0.4,2.0,0.25,0.05,lr5e-05_bs16_drop0p4_temp2p0_a0p25_b0p05__wd1e-04trmiss0_degmodglobal,36,0.6461010575294495,0.7391753792762756,0.575,0.7101190476190476,0.46153846153846156,0.0,0.46935075521469116,0.594300389289856,0.13079922273755074,0.38201700150966644,0.0,0.0,0.0,0.0,0.0,18473,global,0.0
1,2,lr5e-05_bs16_drop0p4_temp2p0_a0p25_b0p05__wd1e-04trmiss0_degmodglobal,16,5e-05,0.0001,0.4,2.0,0.25,0.05,lr5e-05_bs16_drop0p4_temp2p0_a0p25_b0p05__wd1e-04trmiss0_degmodglobal,37,0.6402537077665329,0.7376039028167725,0.6000000000000001,0.7176948051948052,0.46153846153846156,0.0,0.41667670011520386,0.585857704281807,0.13755600154399872,0.4001402035355568,0.0,0.0,0.0,0.0,0.0,18473,global,0.0
1,2,lr5e-05_bs16_drop0p4_temp2p0_a0p25_b0p05__wd1e-04trmiss0_degmodglobal,16,5e-05,0.0001,0.4,2.0,0.25,0.05,lr5e-05_bs16_drop0p4_temp2p0_a0p25_b0p05__wd1e-04trmiss0_degmodglobal,38,0.6851359903812408,0.7394014000892639,0.575,0.7101190476190476,0.46153846153846156,0.0,0.4806089326739311,0.633757695555687,0.1325559038668871,0.36478641629219055,0.0,0.0,0.0,0.0,0.0,18473,global,0.0
1,2,lr5e-05_bs16_drop0p4_temp2p0_a0p25_b0p05__wd1e-04trmiss0_degmodglobal,16,5e-05,0.0001,0.4,2.0,0.25,0.05,lr5e-05_bs16_drop0p4_temp2p0_a0p25_b0p05__wd1e-04trmiss0_degmodglobal,39,0.7006381303071976,0.7383370399475098,0.575,0.7101190476190476,0.46153846153846156,0.0,0.44780047982931137,0.639595702290535,0.14664911665022373,0.48760250210762024,0.0,0.0,0.0,0.0,0.0,18473,global,0.0
1,2,lr5e-05_bs16_drop0p4_temp2p0_a0p25_b0p05__wd1e-04trmiss0_degmodglobal,16,5e-05,0.0001,0.4,2.0,0.25,0.05,lr5e-05_bs16_drop0p4_temp2p0_a0p25_b0p05__wd1e-04trmiss0_degmodglobal,40,0.6564866453409195,0.7402602434158325,0.575,0.7101190476190476,0.46153846153846156,0.0,0.45715682953596115,0.6178964376449585,0.09302839823067188,0.30666232109069824,0.0,0.0,0.0,0.0,0.0,18473,global,0.0
1,2,lr5e-05_bs16_drop0p4_temp2p0_a0p25_b0p05__wd1e-04trmiss0_degmodglobal,16,5e-05,0.0001,0.4,2.0,0.25,0.05,lr5e-05_bs16_drop0p4_temp2p0_a0p25_b0p05__wd1e-04trmiss0_degmodglobal,41,0.6509963124990463,0.7301307320594788,0.6000000000000001,0.7176948051948052,0.46153846153846156,0.0,0.45327796787023544,0.5982133001089096,0.12639937736093998,0.4236636087298393,0.0,0.0,0.0,0.0,0.0,18473,global,0.0
1,2,lr5e-05_bs16_drop0p4_temp2p0_a0p25_b0p05__wd1e-04trmiss0_degmodglobal,16,5e-05,0.0001,0.4,2.0,0.25,0.05,lr5e-05_bs16_drop0p4_temp2p0_a0p25_b0p05__wd1e-04trmiss0_degmodglobal,42,0.6552460193634033,0.7326993346214294,0.575,0.7101190476190476,0.46153846153846156,0.0,0.442356213927269,0.5955506414175034,0.1561550348997116,0.4131324365735054,0.0,0.0,0.0,0.0,0.0,18473,global,0.0
1,2,lr5e-05_bs16_drop0p4_temp2p0_a0p25_b0p05__wd1e-04trmiss0_degmodglobal,16,5e-05,0.0001,0.4,2.0,0.25,0.05,lr5e-05_bs16_drop0p4_temp2p0_a0p25_b0p05__wd1e-04trmiss0_degmodglobal,43,0.7225713133811951,0.7369285225868225,0.575,0.7101190476190476,0.46153846153846156,0.0,0.46595244109630585,0.6523678302764893,0.17735062912106514,0.5173167362809181,0.0,0.0,0.0,0.0,0.0,18473,global,0.0
1,2,lr5e-05_bs16_drop0p4_temp2p0_a0p25_b0p05__wd1e-04trmiss0_degmodglobal,16,5e-05,0.0001,0.4,2.0,0.25,0.05,lr5e-05_bs16_drop0p4_temp2p0_a0p25_b0p05__wd1e-04trmiss0_degmodglobal,44,0.6408313065767288,0.7333597540855408,0.575,0.7101190476190476,0.46153846153846156,0.0,0.4481036141514778,0.5946302562952042,0.11966348625719547,0.3257034085690975,0.0,0.0,0.0,0.0,0.0,18473,global,0.0
1,2,lr5e-05_bs16_drop0p4_temp2p0_a0p25_b0p05__wd1e-04trmiss0_degmodglobal,16,5e-05,0.0001,0.4,2.0,0.25,0.05,lr5e-05_bs16_drop0p4_temp2p0_a0p25_b0p05__wd1e-04trmiss0_degmodglobal,45,0.6781126111745834,0.7355058193206787,0.575,0.7101190476190476,0.46153846153846156,0.0,0.4505961686372757,0.6104540079832077,0.17054990865290165,0.500422079116106,0.0,0.0,0.0,0.0,0.0,18473,global,0.0
1,2,lr5e-05_bs16_drop0p4_temp2p0_a0p25_b0p05__wd1e-04trmiss0_degmodglobal,16,5e-05,0.0001,0.4,2.0,0.25,0.05,lr5e-05_bs16_drop0p4_temp2p0_a0p25_b0p05__wd1e-04trmiss0_degmodglobal,46,0.6556380689144135,0.7321394681930542,0.6000000000000001,0.7176948051948052,0.46153846153846156,0.0,0.4406866654753685,0.5879980623722076,0.16829126700758934,0.5113440230488777,0.0,0.0,0.0,0.0,0.0,18473,global,0.0
1,2,lr5e-05_bs16_drop0p4_temp2p0_a0p25_b0p05__wd1e-04trmiss0_degmodglobal,16,5e-05,0.0001,0.4,2.0,0.25,0.05,lr5e-05_bs16_drop0p4_temp2p0_a0p25_b0p05__wd1e-04trmiss0_degmodglobal,47,0.7078405767679214,0.734948992729187,0.575,0.7101190476190476,0.46153846153846156,0.0,0.49240759015083313,0.6469876766204834,0.14814150519669056,0.47635049372911453,0.0,0.0,0.0,0.0,0.0,18473,global,0.0
1,2,lr5e-05_bs16_drop0p4_temp2p0_a0p25_b0p05__wd1e-04trmiss0_degmodglobal,16,5e-05,0.0001,0.4,2.0,0.25,0.05,lr5e-05_bs16_drop0p4_temp2p0_a0p25_b0p05__wd1e-04trmiss0_degmodglobal,48,0.6762007921934128,0.7394795417785645,0.6000000000000001,0.7176948051948052,0.46153846153846156,0.0,0.491934671998024,0.6256843358278275,0.11784095130860806,0.4211244285106659,0.0,0.0,0.0,0.0,0.0,18473,global,0.0
1,2,lr5e-05_bs16_drop0p4_temp2p0_a0p25_b0p05__wd1e-04trmiss0_degmodglobal,16,5e-05,0.0001,0.4,2.0,0.25,0.05,lr5e-05_bs16_drop0p4_temp2p0_a0p25_b0p05__wd1e-04trmiss0_degmodglobal,49,0.6425298601388931,0.7362719774246216,0.575,0.7101190476190476,0.46153846153846156,0.0,0.4786285534501076,0.5937998443841934,0.11967393103986979,0.3762305714190006,0.0,0.0,0.0,0.0,0.0,18473,global,0.0
1,2,lr5e-05_bs16_drop0p4_temp2p0_a0p25_b0p05__wd1e-04trmiss0_degmodglobal,16,5e-05,0.0001,0.4,2.0,0.25,0.05,lr5e-05_bs16_drop0p4_temp2p0_a0p25_b0p05__wd1e-04trmiss0_degmodglobal,50,0.6900681853294373,0.7414727210998535,0.575,0.7101190476190476,0.46153846153846156,0.0,0.5116234123706818,0.6447471082210541,0.12354587018489838,0.2886923998594284,0.0,0.0,0.0,0.0,0.0,18473,global,0.0
1,2,lr5e-05_bs16_drop0p4_temp2p0_a0p25_b0p05__wd1e-04trmiss0_degmodglobal,16,5e-05,0.0001,0.4,2.0,0.25,0.05,lr5e-05_bs16_drop0p4_temp2p0_a0p25_b0p05__wd1e-04trmiss0_degmodglobal,51,0.6734357178211212,0.7391371130943298,0.6000000000000001,0.7176948051948052,0.46153846153846156,0.0,0.4356057047843933,0.605137825012207,0.16786712035536766,0.5266226381063461,0.0,0.0,0.0,0.0,0.0,18473,global,0.0
1,2,lr5e-05_bs16_drop0p4_temp2p0_a0p25_b0p05__wd1e-04trmiss0_degmodglobal,16,5e-05,0.0001,0.4,2.0,0.25,0.05,lr5e-05_bs16_drop0p4_temp2p0_a0p25_b0p05__wd1e-04trmiss0_degmodglobal,52,0.6600902676582336,0.7324710488319397,0.6000000000000001,0.7176948051948052,0.46153846153846156,0.0,0.43648582696914673,0.6106322109699249,0.12560584768652916,0.361131489276886,0.0,0.0,0.0,0.0,0.0,18473,global,0.0
1,2,lr5e-05_bs16_drop0p4_temp2p0_a0p25_b0p05__wd1e-04trmiss0_degmodglobal,16,5e-05,0.0001,0.4,2.0,0.25,0.05,lr5e-05_bs16_drop0p4_temp2p0_a0p25_b0p05__wd1e-04trmiss0_degmodglobal,53,0.6191769540309906,0.7353175282478333,0.6000000000000001,0.7176948051948052,0.46153846153846156,0.0,0.4408285543322563,0.5760762691497803,0.10935463942587376,0.31524041295051575,0.0,0.0,0.0,0.0,0.0,18473,global,0.0
1,2,lr5e-05_bs16_drop0p4_temp2p0_a0p25_b0p05__wd1e-04trmiss0_degmodglobal,16,5e-05,0.0001,0.4,2.0,0.25,0.05,lr5e-05_bs16_drop0p4_temp2p0_a0p25_b0p05__wd1e-04trmiss0_degmodglobal,54,0.6271344572305679,0.7318719029426575,0.6000000000000001,0.7176948051948052,0.46153846153846156,0.0,0.4570458009839058,0.5678527355194092,0.1471416987478733,0.44992605596780777,0.0,0.0,0.0,0.0,0.0,18473,global,0.0
1,2,lr5e-05_bs16_drop0p4_temp2p0_a0p25_b0p05__wd1e-04trmiss0_degmodglobal,16,5e-05,0.0001,0.4,2.0,0.25,0.05,lr5e-05_bs16_drop0p4_temp2p0_a0p25_b0p05__wd1e-04trmiss0_degmodglobal,55,0.6816392540931702,0.7376354336738586,0.6000000000000001,0.7176948051948052,0.46153846153846156,0.0,0.4428205341100693,0.6131704747676849,0.16139677911996841,0.5623918175697327,0.0,0.0,0.0,0.0,0.0,18473,global,0.0
1,2,lr5e-05_bs16_drop0p4_temp2p0_a0p25_b0p05__wd1e-04trmiss0_degmodglobal,16,5e-05,0.0001,0.4,2.0,0.25,0.05,lr5e-05_bs16_drop0p4_temp2p0_a0p25_b0p05__wd1e-04trmiss0_degmodglobal,56,0.6759165823459625,0.734748125076294,0.6000000000000001,0.7176948051948052,0.46153846153846156,0.0,0.43890150636434555,0.6110729575157166,0.1651024017482996,0.47136058658361435,0.0,0.0,0.0,0.0,0.0,18473,global,0.0
1,2,lr5e-05_bs16_drop0p4_temp2p0_a0p25_b0p05__wd1e-04trmiss0_degmodglobal,16,5e-05,0.0001,0.4,2.0,0.25,0.05,lr5e-05_bs16_drop0p4_temp2p0_a0p25_b0p05__wd1e-04trmiss0_degmodglobal,57,0.6620351225137711,0.7341639995574951,0.6000000000000001,0.7176948051948052,0.46153846153846156,0.0,0.46347054094076157,0.6059291064739227,0.13887942023575306,0.42772284895181656,0.0,0.0,0.0,0.0,0.0,18473,global,0.0
1,2,lr5e-05_bs16_drop0p4_temp2p0_a0p25_b0p05__wd1e-04trmiss0_degmodglobal,16,5e-05,0.0001,0.4,2.0,0.25,0.05,lr5e-05_bs16_drop0p4_temp2p0_a0p25_b0p05__wd1e-04trmiss0_degmodglobal,58,0.6401038616895676,0.7308472990989685,0.6000000000000001,0.7176948051948052,0.46153846153846156,0.0,0.43235982954502106,0.5906129628419876,0.12283849157392979,0.37562552839517593,0.0,0.0,0.0,0.0,0.0,18473,global,0.0
1,2,lr5e-05_bs16_drop0p4_temp2p0_a0p25_b0p05__wd1e-04trmiss0_degmodglobal,16,5e-05,0.0001,0.4,2.0,0.25,0.05,lr5e-05_bs16_drop0p4_temp2p0_a0p25_b0p05__wd1e-04trmiss0_degmodglobal,59,0.621892660856247,0.7326672673225403,0.6000000000000001,0.7176948051948052,0.46153846153846156,0.0,0.43716976046562195,0.5638727024197578,0.14813953451812267,0.41970157250761986,0.0,0.0,0.0,0.0,0.0,18473,global,0.0
1,2,lr5e-05_bs16_drop0p4_temp2p0_a0p25_b0p05__wd1e-04trmiss0_degmodglobal,16,5e-05,0.0001,0.4,2.0,0.25,0.05,lr5e-05_bs16_drop0p4_temp2p0_a0p25_b0p05__wd1e-04trmiss0_degmodglobal,60,0.6726660579442978,0.7353570461273193,0.6000000000000001,0.7176948051948052,0.46153846153846156,0.0,0.4374203160405159,0.6172533631324768,0.1389218531548977,0.4136442691087723,0.0,0.0,0.0,0.0,0.0,18473,global,0.0
1,2,lr5e-05_bs16_drop0p4_temp2p0_a0p25_b0p05__wd1e-04trmiss0_degmodglobal,16,5e-05,0.0001,0.4,2.0,0.25,0.05,lr5e-05_bs16_drop0p4_temp2p0_a0p25_b0p05__wd1e-04trmiss0_degmodglobal,61,0.670550748705864,0.7362599968910217,0.6000000000000001,0.7176948051948052,0.46153846153846156,0.0,0.47734858095645905,0.6261064410209656,0.1175642553716898,0.30106500908732414,0.0,0.0,0.0,0.0,0.0,18473,global,0.0
1,2,lr1e-05_bs16_drop0p2_temp1p0_a0p25_b0p05__wd1e-04trmiss0_degmodglobal,16,1e-05,0.0001,0.2,1.0,0.25,0.05,lr1e-05_bs16_drop0p2_temp1p0_a0p25_b0p05__wd1e-04trmiss0_degmodglobal,1,0.7444462031126022,0.6987536549568176,0.675,0.7906746031746031,0.46153846153846156,0.0,0.7338595539331436,0.7287466824054718,0.04081620555371046,0.10990947112441063,0.0,0.0,0.0,0.0,0.0,18473,global,0.0
1,2,lr1e-05_bs16_drop0p2_temp1p0_a0p25_b0p05__wd1e-04trmiss0_degmodglobal,16,1e-05,0.0001,0.2,1.0,0.25,0.05,lr1e-05_bs16_drop0p2_temp1p0_a0p25_b0p05__wd1e-04trmiss0_degmodglobal,2,0.7333452850580215,0.7023520469665527,0.6,0.7593749999999999,0.46153846153846156,0.0,0.712620422244072,0.7189095914363861,0.04008665820583701,0.08828091900795698,0.0,0.0,0.0,0.0,0.0,18473,global,0.0
1,2,lr1e-05_bs16_drop0p2_temp1p0_a0p25_b0p05__wd1e-04trmiss0_degmodglobal,16,1e-05,0.0001,0.2,1.0,0.25,0.05,lr1e-05_bs16_drop0p2_temp1p0_a0p25_b0p05__wd1e-04trmiss0_degmodglobal,3,0.7664257884025574,0.7046884894371033,0.575,0.7514204545454545,0.46153846153846156,0.0,0.7309133410453796,0.7521387487649918,0.036680248100310564,0.1023393739014864,0.0,0.0,0.0,0.0,0.0,18473,global,0.0
1,2,lr1e-05_bs16_drop0p2_temp1p0_a0p25_b0p05__wd1e-04trmiss0_degmodglobal,16,1e-05,0.0001,0.2,1.0,0.25,0.05,lr1e-05_bs16_drop0p2_temp1p0_a0p25_b0p05__wd1e-04trmiss0_degmodglobal,4,0.7395039349794388,0.7048147320747375,0.6,0.7826704545454545,0.6153846153846154,0.0,0.7208006083965302,0.7255792766809464,0.04058287525549531,0.07557868584990501,0.0,0.0,0.0,0.0,0.0,18473,global,0.0
1,2,lr1e-05_bs16_drop0p2_temp1p0_a0p25_b0p05__wd1e-04trmiss0_degmodglobal,16,1e-05,0.0001,0.2,1.0,0.25,0.05,lr1e-05_bs16_drop0p2_temp1p0_a0p25_b0p05__wd1e-04trmiss0_degmodglobal,5,0.735476553440094,0.7065990567207336,0.55,0.7696314102564102,0.5384615384615384,0.0,0.7225399911403656,0.7239551246166229,0.03189718211069703,0.0709427148103714,0.0,0.0,0.0,0.0,0.0,18473,global,0.0
1,2,lr1e-05_bs16_drop0p2_temp1p0_a0p25_b0p05__wd1e-04trmiss0_degmodglobal,16,1e-05,0.0001,0.2,1.0,0.25,0.05,lr1e-05_bs16_drop0p2_temp1p0_a0p25_b0p05__wd1e-04trmiss0_degmodglobal,6,0.7162733823060989,0.7067121863365173,0.5,0.7247721028971029,0.5384615384615384,0.0,0.7203928530216217,0.7045397013425827,0.03284094762057066,0.07046875171363354,0.0,0.0,0.0,0.0,0.0,18473,global,0.0
1,2,lr1e-05_bs16_drop0p2_temp1p0_a0p25_b0p05__wd1e-04trmiss0_degmodglobal,16,1e-05,0.0001,0.2,1.0,0.25,0.05,lr1e-05_bs16_drop0p2_temp1p0_a0p25_b0p05__wd1e-04trmiss0_degmodglobal,7,0.701198011636734,0.7058010101318359,0.475,0.7160915473415473,0.5384615384615384,0.0,0.7189362198114395,0.6904405802488327,0.028374736197292805,0.07327496632933617,0.0,0.0,0.0,0.0,0.0,18473,global,0.0
1,2,lr1e-05_bs16_drop0p2_temp1p0_a0p25_b0p05__wd1e-04trmiss0_degmodglobal,16,1e-05,0.0001,0.2,1.0,0.25,0.05,lr1e-05_bs16_drop0p2_temp1p0_a0p25_b0p05__wd1e-04trmiss0_degmodglobal,8,0.7083656936883926,0.7073817253112793,0.45,0.7071629759129759,0.5384615384615384,0.0,0.7084041237831116,0.6940935999155045,0.03389356890693307,0.11597391776740551,0.0,0.0,0.0,0.0,0.0,18473,global,0.0
1,2,lr1e-05_bs16_drop0p2_temp1p0_a0p25_b0p05__wd1e-04trmiss0_degmodglobal,16,1e-05,0.0001,0.2,1.0,0.25,0.05,lr1e-05_bs16_drop0p2_temp1p0_a0p25_b0p05__wd1e-04trmiss0_degmodglobal,9,0.6965087354183197,0.7085616588592529,0.45,0.7071629759129759,0.5384615384615384,0.0,0.7065438479185104,0.6823914796113968,0.038935803808271885,0.08766619861125946,0.0,0.0,0.0,0.0,0.0,18473,global,0.0
1,2,lr1e-05_bs16_drop0p2_temp1p0_a0p25_b0p05__wd1e-04trmiss0_degmodglobal,16,1e-05,0.0001,0.2,1.0,0.25,0.05,lr1e-05_bs16_drop0p2_temp1p0_a0p25_b0p05__wd1e-04trmiss0_degmodglobal,10,0.6979885995388031,0.7097973227500916,0.45,0.7071629759129759,0.5384615384615384,0.0,0.6991685479879379,0.6863484680652618,0.0353499548509717,0.05605258932337165,0.0,0.0,0.0,0.0,0.0,18473,global,0.0
1,2,lr1e-05_bs16_drop0p2_temp1p0_a0p25_b0p05__wd1e-04trmiss0_degmodglobal,16,1e-05,0.0001,0.2,1.0,0.25,0.05,lr1e-05_bs16_drop0p2_temp1p0_a0p25_b0p05__wd1e-04trmiss0_degmodglobal,11,0.7169737368822098,0.7094553709030151,0.4,0.6759129759129759,0.5384615384615384,0.0,0.7155320197343826,0.7038795053958893,0.034358467906713486,0.0900921169668436,0.0,0.0,0.0,0.0,0.0,18473,global,0.0
1,2,lr1e-05_bs16_drop0p2_temp1p0_a0p25_b0p05__wd1e-04trmiss0_degmodglobal,16,1e-05,0.0001,0.2,1.0,0.25,0.05,lr1e-05_bs16_drop0p2_temp1p0_a0p25_b0p05__wd1e-04trmiss0_degmodglobal,12,0.6787966787815094,0.7067756652832031,0.4,0.6759129759129759,0.5384615384615384,0.0,0.6831803023815155,0.6696233749389648,0.028325818944722414,0.04183739481959492,0.0,0.0,0.0,0.0,0.0,18473,global,0.0
1,2,lr1e-05_bs16_drop0p2_temp1p0_a0p25_b0p05__wd1e-04trmiss0_degmodglobal,16,1e-05,0.0001,0.2,1.0,0.25,0.05,lr1e-05_bs16_drop0p2_temp1p0_a0p25_b0p05__wd1e-04trmiss0_degmodglobal,13,0.7191294878721237,0.7041240930557251,0.42499999999999993,0.688412975912976,0.5384615384615384,0.0,0.6781087815761566,0.707589328289032,0.031476878095418215,0.07341921329498291,0.0,0.0,0.0,0.0,0.0,18473,global,0.0
1,2,lr1e-05_bs16_drop0p2_temp1p0_a0p25_b0p05__wd1e-04trmiss0_degmodglobal,16,1e-05,0.0001,0.2,1.0,0.25,0.05,lr1e-05_bs16_drop0p2_temp1p0_a0p25_b0p05__wd1e-04trmiss0_degmodglobal,14,0.708702340722084,0.7026722431182861,0.4,0.6759129759129759,0.5384615384615384,0.0,0.6865678429603577,0.6960088610649109,0.0331218633800745,0.08826016820967197,0.0,0.0,0.0,0.0,0.0,18473,global,0.0
1,2,lr1e-05_bs16_drop0p2_temp1p0_a0p25_b0p05__wd1e-04trmiss0_degmodglobal,16,1e-05,0.0001,0.2,1.0,0.25,0.05,lr1e-05_bs16_drop0p2_temp1p0_a0p25_b0p05__wd1e-04trmiss0_degmodglobal,15,0.6968849450349808,0.7003852128982544,0.45,0.7071629759129759,0.5384615384615384,0.0,0.6821179091930389,0.6855532824993134,0.02929726243019104,0.08014689106494188,0.0,0.0,0.0,0.0,0.0,18473,global,0.0
1,2,lr1e-05_bs16_drop0p2_temp1p0_a0p25_b0p05__wd1e-04trmiss0_degmodglobal,16,1e-05,0.0001,0.2,1.0,0.25,0.05,lr1e-05_bs16_drop0p2_temp1p0_a0p25_b0p05__wd1e-04trmiss0_degmodglobal,16,0.6819762736558914,0.6991169452667236,0.475,0.7384129759129759,0.5384615384615384,0.0,0.6911331415176392,0.6668961197137833,0.03986276779323816,0.102289367467165,0.0,0.0,0.0,0.0,0.0,18473,global,0.0
1,2,lr1e-05_bs16_drop0p2_temp1p0_a0p25_b0p05__wd1e-04trmiss0_degmodglobal,16,1e-05,0.0001,0.2,1.0,0.25,0.05,lr1e-05_bs16_drop0p2_temp1p0_a0p25_b0p05__wd1e-04trmiss0_degmodglobal,17,0.6699152141809464,0.6983152627944946,0.475,0.7384129759129759,0.5384615384615384,0.0,0.6778610944747925,0.661298081278801,0.024328529369086027,0.05070046940818429,0.0,0.0,0.0,0.0,0.0,18473,global,0.0
1,2,lr1e-05_bs16_drop0p2_temp1p0_a0p25_b0p05__wd1e-04trmiss0_degmodglobal,16,1e-05,0.0001,0.2,1.0,0.25,0.05,lr1e-05_bs16_drop0p2_temp1p0_a0p25_b0p05__wd1e-04trmiss0_degmodglobal,18,0.6679837554693222,0.6974441409111023,0.475,0.7384129759129759,0.5384615384615384,0.0,0.6614700108766556,0.6557658612728119,0.032407088205218315,0.08232268504798412,0.0,0.0,0.0,0.0,0.0,18473,global,0.0
1,2,lr1e-05_bs16_drop0p2_temp1p0_a0p25_b0p05__wd1e-04trmiss0_degmodglobal,16,1e-05,0.0001,0.2,1.0,0.25,0.05,lr1e-05_bs16_drop0p2_temp1p0_a0p25_b0p05__wd1e-04trmiss0_degmodglobal,19,0.6864906251430511,0.6997565031051636,0.45,0.7071629759129759,0.5384615384615384,0.0,0.6820574253797531,0.6746023446321487,0.034038759768009186,0.0675722248852253,0.0,0.0,0.0,0.0,0.0,18473,global,0.0
1,2,lr1e-05_bs16_drop0p2_temp1p0_a0p25_b0p05__wd1e-04trmiss0_degmodglobal,16,1e-05,0.0001,0.2,1.0,0.25,0.05,lr1e-05_bs16_drop0p2_temp1p0_a0p25_b0p05__wd1e-04trmiss0_degmodglobal,20,0.7191010415554047,0.6994262337684631,0.45,0.7071629759129759,0.5384615384615384,0.0,0.7096878439188004,0.7053956389427185,0.0362470643594861,0.0928726950660348,0.0,0.0,0.0,0.0,0.0,18473,global,0.0
1,2,lr1e-05_bs16_drop0p2_temp1p0_a0p25_b0p05__wd1e-04trmiss0_degmodglobal,16,1e-05,0.0001,0.2,1.0,0.25,0.05,lr1e-05_bs16_drop0p2_temp1p0_a0p25_b0p05__wd1e-04trmiss0_degmodglobal,21,0.6968954503536224,0.6981145739555359,0.45,0.7071629759129759,0.5384615384615384,0.0,0.6887947767972946,0.6860297918319702,0.02921453444287181,0.07124078553169966,0.0,0.0,0.0,0.0,0.0,18473,global,0.0
1,2,lr1e-05_bs16_drop0p2_temp1p0_a0p25_b0p05__wd1e-04trmiss0_degmodglobal,16,1e-05,0.0001,0.2,1.0,0.25,0.05,lr1e-05_bs16_drop0p2_temp1p0_a0p25_b0p05__wd1e-04trmiss0_degmodglobal,22,0.7182770669460297,0.6972090005874634,0.475,0.7384129759129759,0.5384615384615384,0.0,0.6912298500537872,0.7087298482656479,0.02456282591447234,0.06813015416264534,0.0,0.0,0.0,0.0,0.0,18473,global,0.0
1,2,lr1e-05_bs16_drop0p2_temp1p0_a0p25_b0p05__wd1e-04trmiss0_degmodglobal,16,1e-05,0.0001,0.2,1.0,0.25,0.05,lr1e-05_bs16_drop0p2_temp1p0_a0p25_b0p05__wd1e-04trmiss0_degmodglobal,23,0.6586120426654816,0.6944853067398071,0.475,0.7384129759129759,0.5384615384615384,0.0,0.66168113052845,0.6465494483709335,0.03582248743623495,0.062139193061739206,0.0,0.0,0.0,0.0,0.0,18473,global,0.0
1,2,lr1e-05_bs16_drop0p2_temp1p0_a0p25_b0p05__wd1e-04trmiss0_degmodglobal,16,1e-05,0.0001,0.2,1.0,0.25,0.05,lr1e-05_bs16_drop0p2_temp1p0_a0p25_b0p05__wd1e-04trmiss0_degmodglobal,24,0.6757408231496811,0.6963102221488953,0.45,0.7071629759129759,0.5384615384615384,0.0,0.6698461025953293,0.6650811433792114,0.02832726901397109,0.07155687268823385,0.0,0.0,0.0,0.0,0.0,18473,global,0.0
1,2,lr1e-05_bs16_drop0p2_temp1p0_a0p25_b0p05__wd1e-04trmiss0_degmodglobal,16,1e-05,0.0001,0.2,1.0,0.25,0.05,lr1e-05_bs16_drop0p2_temp1p0_a0p25_b0p05__wd1e-04trmiss0_degmodglobal,25,0.6836069673299789,0.6981484889984131,0.45,0.7071629759129759,0.5384615384615384,0.0,0.6742110401391983,0.6709153652191162,0.033600178081542253,0.08583150245249271,0.0,0.0,0.0,0.0,0.0,18473,global,0.0
1,2,lr1e-05_bs16_drop0p2_temp2p0_a0p25_b0p05__wd1e-04trmiss0_degmodglobal,16,1e-05,0.0001,0.2,2.0,0.25,0.05,lr1e-05_bs16_drop0p2_temp2p0_a0p25_b0p05__wd1e-04trmiss0_degmodglobal,1,0.7151323109865189,0.6970577239990234,0.29999999999999993,0.5919844044844045,0.6153846153846154,0.0,0.743693619966507,0.6939042806625366,0.050941155292093754,0.1698554828763008,0.0,0.0,0.0,0.0,0.0,18473,global,0.0
1,2,lr1e-05_bs16_drop0p2_temp2p0_a0p25_b0p05__wd1e-04trmiss0_degmodglobal,16,1e-05,0.0001,0.2,2.0,0.25,0.05,lr1e-05_bs16_drop0p2_temp2p0_a0p25_b0p05__wd1e-04trmiss0_degmodglobal,2,0.7156221717596054,0.7018699049949646,0.27499999999999997,0.5836510711510712,0.6153846153846154,0.0,0.716951921582222,0.6923154443502426,0.053997788578271866,0.19614595547318459,0.0,0.0,0.0,0.0,0.0,18473,global,0.0
1,2,lr1e-05_bs16_drop0p2_temp2p0_a0p25_b0p05__wd1e-04trmiss0_degmodglobal,16,1e-05,0.0001,0.2,2.0,0.25,0.05,lr1e-05_bs16_drop0p2_temp2p0_a0p25_b0p05__wd1e-04trmiss0_degmodglobal,3,0.7255353927612305,0.7069754004478455,0.27499999999999997,0.5836510711510712,0.5384615384615384,0.0,0.724726065993309,0.701027050614357,0.057915602810680866,0.20058899745345116,0.0,0.0,0.0,0.0,0.0,18473,global,0.0
1,2,lr1e-05_bs16_drop0p2_temp2p0_a0p25_b0p05__wd1e-04trmiss0_degmodglobal,16,1e-05,0.0001,0.2,2.0,0.25,0.05,lr1e-05_bs16_drop0p2_temp2p0_a0p25_b0p05__wd1e-04trmiss0_degmodglobal,4,0.694142535328865,0.7104272842407227,0.27499999999999997,0.5836510711510712,0.5384615384615384,0.0,0.7419310361146927,0.6715963184833527,0.056144723668694496,0.1702009253203869,0.0,0.0,0.0,0.0,0.0,18473,global,0.0
1,2,lr1e-05_bs16_drop0p2_temp2p0_a0p25_b0p05__wd1e-04trmiss0_degmodglobal,16,1e-05,0.0001,0.2,2.0,0.25,0.05,lr1e-05_bs16_drop0p2_temp2p0_a0p25_b0p05__wd1e-04trmiss0_degmodglobal,5,0.6928074657917023,0.7132055759429932,0.27499999999999997,0.5836510711510712,0.46153846153846156,0.0,0.7182503044605255,0.6684240996837616,0.060650188475847244,0.18441655114293098,0.0,0.0,0.0,0.0,0.0,18473,global,0.0
1,2,lr1e-05_bs16_drop0p2_temp2p0_a0p25_b0p05__wd1e-04trmiss0_degmodglobal,16,1e-05,0.0001,0.2,2.0,0.25,0.05,lr1e-05_bs16_drop0p2_temp2p0_a0p25_b0p05__wd1e-04trmiss0_degmodglobal,6,0.7123404145240784,0.715010404586792,0.27499999999999997,0.5836510711510712,0.46153846153846156,0.0,0.7244671583175659,0.6907221525907516,0.052336865570396185,0.17068134807050228,0.0,0.0,0.0,0.0,0.0,18473,global,0.0
1,2,lr1e-05_bs16_drop0p2_temp2p0_a0p25_b0p05__wd1e-04trmiss0_degmodglobal,16,1e-05,0.0001,0.2,2.0,0.25,0.05,lr1e-05_bs16_drop0p2_temp2p0_a0p25_b0p05__wd1e-04trmiss0_degmodglobal,7,0.6899763643741608,0.7146459817886353,0.27499999999999997,0.5836510711510712,0.46153846153846156,0.0,0.6951558887958527,0.6679569035768509,0.054496134631335735,0.1679082978516817,0.0,0.0,0.0,0.0,0.0,18473,global,0.0
1,2,lr1e-05_bs16_drop0p2_temp2p0_a0p25_b0p05__wd1e-04trmiss0_degmodglobal,16,1e-05,0.0001,0.2,2.0,0.25,0.05,lr1e-05_bs16_drop0p2_temp2p0_a0p25_b0p05__wd1e-04trmiss0_degmodglobal,8,0.7114339470863342,0.7132608890533447,0.27499999999999997,0.5836510711510712,0.46153846153846156,0.0,0.7107847034931183,0.6878005564212799,0.0522471871227026,0.2114322129637003,0.0,0.0,0.0,0.0,0.0,18473,global,0.0
1,2,lr1e-05_bs16_drop0p2_temp2p0_a0p25_b0p05__wd1e-04trmiss0_degmodglobal,16,1e-05,0.0001,0.2,2.0,0.25,0.05,lr1e-05_bs16_drop0p2_temp2p0_a0p25_b0p05__wd1e-04trmiss0_degmodglobal,9,0.7162812799215317,0.7131407856941223,0.27499999999999997,0.5836510711510712,0.46153846153846156,0.0,0.6980537623167038,0.6927618533372879,0.0504434984177351,0.2181710209697485,0.0,0.0,0.0,0.0,0.0,18473,global,0.0
1,2,lr1e-05_bs16_drop0p2_temp2p0_a0p25_b0p05__wd1e-04trmiss0_degmodglobal,16,1e-05,0.0001,0.2,2.0,0.25,0.05,lr1e-05_bs16_drop0p2_temp2p0_a0p25_b0p05__wd1e-04trmiss0_degmodglobal,10,0.6918887197971344,0.7133740186691284,0.27499999999999997,0.5836510711510712,0.5384615384615384,0.0,0.7348805516958237,0.6701074242591858,0.05236878991127014,0.17378216981887817,0.0,0.0,0.0,0.0,0.0,18473,global,0.0
1,2,lr1e-05_bs16_drop0p2_temp2p0_a0p25_b0p05__wd1e-04trmiss0_degmodglobal,16,1e-05,0.0001,0.2,2.0,0.25,0.05,lr1e-05_bs16_drop0p2_temp2p0_a0p25_b0p05__wd1e-04trmiss0_degmodglobal,11,0.7103087157011032,0.7143417000770569,0.27499999999999997,0.5836510711510712,0.46153846153846156,0.0,0.7472645342350006,0.6848936676979065,0.06335314642637968,0.19153480231761932,0.0,0.0,0.0,0.0,0.0,18473,global,0.0
1,2,lr1e-05_bs16_drop0p2_temp2p0_a0p25_b0p05__wd1e-04trmiss0_degmodglobal,16,1e-05,0.0001,0.2,2.0,0.25,0.05,lr1e-05_bs16_drop0p2_temp2p0_a0p25_b0p05__wd1e-04trmiss0_degmodglobal,12,0.7047285735607147,0.7152736783027649,0.27499999999999997,0.5836510711510712,0.46153846153846156,0.0,0.6867760270833969,0.6828491538763046,0.050350152887403965,0.1858378741890192,0.0,0.0,0.0,0.0,0.0,18473,global,0.0
1,2,lr1e-05_bs16_drop0p2_temp2p0_a0p25_b0p05__wd1e-04trmiss0_degmodglobal,16,1e-05,0.0001,0.2,2.0,0.25,0.05,lr1e-05_bs16_drop0p2_temp2p0_a0p25_b0p05__wd1e-04trmiss0_degmodglobal,13,0.6617927700281143,0.7164134979248047,0.27499999999999997,0.5836510711510712,0.46153846153846156,0.0,0.7026514708995819,0.6435505300760269,0.043489293195307255,0.14739837311208248,0.0,0.0,0.0,0.0,0.0,18473,global,0.0
1,2,lr1e-05_bs16_drop0p2_temp2p0_a0p25_b0p05__wd1e-04trmiss0_degmodglobal,16,1e-05,0.0001,0.2,2.0,0.25,0.05,lr1e-05_bs16_drop0p2_temp2p0_a0p25_b0p05__wd1e-04trmiss0_degmodglobal,14,0.6686916053295135,0.7160308361053467,0.27499999999999997,0.5836510711510712,0.46153846153846156,0.0,0.6907762885093689,0.6446583718061447,0.055563499219715595,0.20284681394696236,0.0,0.0,0.0,0.0,0.0,18473,global,0.0
1,2,lr1e-05_bs16_drop0p2_temp2p0_a0p25_b0p05__wd1e-04trmiss0_degmodglobal,16,1e-05,0.0001,0.2,2.0,0.25,0.05,lr1e-05_bs16_drop0p2_temp2p0_a0p25_b0p05__wd1e-04trmiss0_degmodglobal,15,0.676432654261589,0.7147601246833801,0.27499999999999997,0.5836510711510712,0.46153846153846156,0.0,0.6802279204130173,0.6528211385011673,0.05518233124166727,0.19631821662187576,0.0,0.0,0.0,0.0,0.0,18473,global,0.0
1,2,lr1e-05_bs16_drop0p2_temp2p0_a0p25_b0p05__wd1e-04trmiss0_degmodglobal,16,1e-05,0.0001,0.2,2.0,0.25,0.05,lr1e-05_bs16_drop0p2_temp2p0_a0p25_b0p05__wd1e-04trmiss0_degmodglobal,16,0.6911797672510147,0.7156170010566711,0.27499999999999997,0.5836510711510712,0.46153846153846156,0.0,0.7054015398025513,0.6690393090248108,0.05470094457268715,0.16930417716503143,0.0,0.0,0.0,0.0,0.0,18473,global,0.0
1,2,lr1e-05_bs16_drop0p2_temp2p0_a0p25_b0p05__wd1e-04trmiss0_degmodglobal,16,1e-05,0.0001,0.2,2.0,0.25,0.05,lr1e-05_bs16_drop0p2_temp2p0_a0p25_b0p05__wd1e-04trmiss0_degmodglobal,17,0.6687650829553604,0.7147186398506165,0.27499999999999997,0.5836510711510712,0.46153846153846156,0.0,0.6878375560045242,0.6485841423273087,0.04944896884262562,0.15637421235442162,0.0,0.0,0.0,0.0,0.0,18473,global,0.0
1,2,lr1e-05_bs16_drop0p2_temp2p0_a0p25_b0p05__wd1e-04trmiss0_degmodglobal,16,1e-05,0.0001,0.2,2.0,0.25,0.05,lr1e-05_bs16_drop0p2_temp2p0_a0p25_b0p05__wd1e-04trmiss0_degmodglobal,18,0.6715553253889084,0.7149694561958313,0.27499999999999997,0.5836510711510712,0.46153846153846156,0.0,0.6638069897890091,0.6515716761350632,0.05258927308022976,0.13672678731381893,0.0,0.0,0.0,0.0,0.0,18473,global,0.0
1,2,lr1e-05_bs16_drop0p2_temp2p0_a0p25_b0p05__wd1e-04trmiss0_degmodglobal,16,1e-05,0.0001,0.2,2.0,0.25,0.05,lr1e-05_bs16_drop0p2_temp2p0_a0p25_b0p05__wd1e-04trmiss0_degmodglobal,19,0.6746522188186646,0.7162197232246399,0.27499999999999997,0.5836510711510712,0.46153846153846156,0.0,0.6937388628721237,0.6528117656707764,0.05051917443051934,0.18421319872140884,0.0,0.0,0.0,0.0,0.0,18473,global,0.0
1,2,lr1e-05_bs16_drop0p2_temp2p0_a0p25_b0p05__wd1e-04trmiss0_degmodglobal,16,1e-05,0.0001,0.2,2.0,0.25,0.05,lr1e-05_bs16_drop0p2_temp2p0_a0p25_b0p05__wd1e-04trmiss0_degmodglobal,20,0.6584833115339279,0.7163606286048889,0.27499999999999997,0.5836510711510712,0.46153846153846156,0.0,0.6941931396722794,0.6352570205926895,0.053019870072603226,0.19942633621394634,0.0,0.0,0.0,0.0,0.0,18473,global,0.0
1,2,lr1e-05_bs16_drop0p2_temp2p0_a0p25_b0p05__wd1e-04trmiss0_degmodglobal,16,1e-05,0.0001,0.2,2.0,0.25,0.05,lr1e-05_bs16_drop0p2_temp2p0_a0p25_b0p05__wd1e-04trmiss0_degmodglobal,21,0.6789600849151611,0.716008722782135,0.27499999999999997,0.5836510711510712,0.46153846153846156,0.0,0.7148985117673874,0.6524564474821091,0.05861438438296318,0.2370004542171955,0.0,0.0,0.0,0.0,0.0,18473,global,0.0
1,2,lr1e-05_bs16_drop0p2_temp2p0_a0p25_b0p05__wd1e-04trmiss0_degmodglobal,16,1e-05,0.0001,0.2,2.0,0.25,0.05,lr1e-05_bs16_drop0p2_temp2p0_a0p25_b0p05__wd1e-04trmiss0_degmodglobal,22,0.6661409884691238,0.7144955992698669,0.27499999999999997,0.5836510711510712,0.46153846153846156,0.0,0.6769639551639557,0.6404522657394409,0.058610365726053715,0.22072286531329155,0.0,0.0,0.0,0.0,0.0,18473,global,0.0
1,2,lr1e-05_bs16_drop0p2_temp2p0_a0p25_b0p05__wd1e-04trmiss0_degmodglobal,16,1e-05,0.0001,0.2,2.0,0.25,0.05,lr1e-05_bs16_drop0p2_temp2p0_a0p25_b0p05__wd1e-04trmiss0_degmodglobal,23,0.6770471483469009,0.7148576974868774,0.27499999999999997,0.5836510711510712,0.46153846153846156,0.0,0.6984536796808243,0.6479245871305466,0.06629418581724167,0.25098029151558876,0.0,0.0,0.0,0.0,0.0,18473,global,0.0
1,2,lr1e-05_bs16_drop0p2_temp2p0_a0p25_b0p05__wd1e-04trmiss0_degmodglobal,16,1e-05,0.0001,0.2,2.0,0.25,0.05,lr1e-05_bs16_drop0p2_temp2p0_a0p25_b0p05__wd1e-04trmiss0_degmodglobal,24,0.6612666547298431,0.7156933546066284,0.27499999999999997,0.5836510711510712,0.46153846153846156,0.0,0.6517139971256256,0.6407455950975418,0.05207547917962074,0.15004349872469902,0.0,0.0,0.0,0.0,0.0,18473,global,0.0
1,2,lr1e-05_bs16_drop0p2_temp2p0_a0p25_b0p05__wd1e-04trmiss0_degmodglobal,16,1e-05,0.0001,0.2,2.0,0.25,0.05,lr1e-05_bs16_drop0p2_temp2p0_a0p25_b0p05__wd1e-04trmiss0_degmodglobal,25,0.6825510859489441,0.717289388179779,0.27499999999999997,0.5836510711510712,0.46153846153846156,0.0,0.6757409125566483,0.663896232843399,0.04405619204044342,0.1528154667466879,0.0,0.0,0.0,0.0,0.0,18473,global,0.0
1,2,lr1e-05_bs16_drop0p2_temp2p0_a0p25_b0p05__wd1e-04trmiss0_degmodglobal,16,1e-05,0.0001,0.2,2.0,0.25,0.05,lr1e-05_bs16_drop0p2_temp2p0_a0p25_b0p05__wd1e-04trmiss0_degmodglobal,26,0.6776871532201767,0.715922474861145,0.27499999999999997,0.5836510711510712,0.46153846153846156,0.0,0.6769593507051468,0.6546488404273987,0.05451060924679041,0.18821333348751068,0.0,0.0,0.0,0.0,0.0,18473,global,0.0
1,2,lr1e-05_bs16_drop0p2_temp2p0_a0p25_b0p05__wd1e-04trmiss0_degmodglobal,16,1e-05,0.0001,0.2,2.0,0.25,0.05,lr1e-05_bs16_drop0p2_temp2p0_a0p25_b0p05__wd1e-04trmiss0_degmodglobal,27,0.6637981534004211,0.7170212268829346,0.27499999999999997,0.5836510711510712,0.46153846153846156,0.0,0.6754054874181747,0.6424520313739777,0.050834907218813896,0.17274808511137962,0.0,0.0,0.0,0.0,0.0,18473,global,0.0
1,2,lr1e-05_bs16_drop0p2_temp2p0_a0p25_b0p05__wd1e-04trmiss0_degmodglobal,16,1e-05,0.0001,0.2,2.0,0.25,0.05,lr1e-05_bs16_drop0p2_temp2p0_a0p25_b0p05__wd1e-04trmiss0_degmodglobal,28,0.6805337518453598,0.7167242765426636,0.27499999999999997,0.5836510711510712,0.46153846153846156,0.0,0.6616045981645584,0.6628019958734512,0.045305147767066956,0.1281091896817088,0.0,0.0,0.0,0.0,0.0,18473,global,0.0
1,2,lr1e-05_bs16_drop0p2_temp2p0_a0p25_b0p05__wd1e-04trmiss0_degmodglobal,16,1e-05,0.0001,0.2,2.0,0.25,0.05,lr1e-05_bs16_drop0p2_temp2p0_a0p25_b0p05__wd1e-04trmiss0_degmodglobal,29,0.6797549575567245,0.7174110412597656,0.27499999999999997,0.5836510711510712,0.46153846153846156,0.0,0.6574695408344269,0.6544577479362488,0.05840702913701534,0.21390865743160248,0.0,0.0,0.0,0.0,0.0,18473,global,0.0
1,2,lr1e-05_bs16_drop0p4_temp1p0_a0p25_b0p05__wd1e-04trmiss0_degmodglobal,16,1e-05,0.0001,0.4,1.0,0.25,0.05,lr1e-05_bs16_drop0p4_temp1p0_a0p25_b0p05__wd1e-04trmiss0_degmodglobal,1,0.6742688119411469,0.6923562288284302,0.45,0.6302239427239428,0.46153846153846156,0.0,0.7138005197048187,0.6435365080833435,0.07315747812390327,0.2488583642989397,0.0,0.0,0.0,0.0,0.0,18473,global,0.0
1,2,lr1e-05_bs16_drop0p4_temp1p0_a0p25_b0p05__wd1e-04trmiss0_degmodglobal,16,1e-05,0.0001,0.4,1.0,0.25,0.05,lr1e-05_bs16_drop0p4_temp1p0_a0p25_b0p05__wd1e-04trmiss0_degmodglobal,2,0.6789511293172836,0.69269859790802,0.45,0.6302239427239428,0.46153846153846156,0.0,0.700336828827858,0.6590106636285782,0.04980858787894249,0.1497668605297804,0.0,0.0,0.0,0.0,0.0,18473,global,0.0
1,2,lr1e-05_bs16_drop0p4_temp1p0_a0p25_b0p05__wd1e-04trmiss0_degmodglobal,16,1e-05,0.0001,0.4,1.0,0.25,0.05,lr1e-05_bs16_drop0p4_temp1p0_a0p25_b0p05__wd1e-04trmiss0_degmodglobal,3,0.7474631071090698,0.6906604766845703,0.45,0.6302239427239428,0.46153846153846156,0.0,0.7067503482103348,0.7206135243177414,0.05772526888176799,0.24836543574929237,0.0,0.0,0.0,0.0,0.0,18473,global,0.0
1,2,lr1e-05_bs16_drop0p4_temp1p0_a0p25_b0p05__wd1e-04trmiss0_degmodglobal,16,1e-05,0.0001,0.4,1.0,0.25,0.05,lr1e-05_bs16_drop0p4_temp1p0_a0p25_b0p05__wd1e-04trmiss0_degmodglobal,4,0.7113974243402481,0.6916921138763428,0.45,0.6302239427239428,0.46153846153846156,0.0,0.695704773068428,0.6834239363670349,0.06887693051248789,0.21508557349443436,0.0,0.0,0.0,0.0,0.0,18473,global,0.0
1,2,lr1e-05_bs16_drop0p4_temp1p0_a0p25_b0p05__wd1e-04trmiss0_degmodglobal,16,1e-05,0.0001,0.4,1.0,0.25,0.05,lr1e-05_bs16_drop0p4_temp1p0_a0p25_b0p05__wd1e-04trmiss0_degmodglobal,5,0.6982342749834061,0.6890419125556946,0.45,0.6302239427239428,0.46153846153846156,0.0,0.7032179683446884,0.6773542016744614,0.05171401193365455,0.1590316817164421,0.0,0.0,0.0,0.0,0.0,18473,global,0.0
1,2,lr1e-05_bs16_drop0p4_temp1p0_a0p25_b0p05__wd1e-04trmiss0_degmodglobal,16,1e-05,0.0001,0.4,1.0,0.25,0.05,lr1e-05_bs16_drop0p4_temp1p0_a0p25_b0p05__wd1e-04trmiss0_degmodglobal,6,0.6951062679290771,0.6888973712921143,0.425,0.6190632284382285,0.46153846153846156,0.0,0.6881915479898453,0.6801885515451431,0.034764193929731846,0.1245329175144434,0.0,0.0,0.0,0.0,0.0,18473,global,0.0
1,2,lr1e-05_bs16_drop0p4_temp1p0_a0p25_b0p05__wd1e-04trmiss0_degmodglobal,16,1e-05,0.0001,0.4,1.0,0.25,0.05,lr1e-05_bs16_drop0p4_temp1p0_a0p25_b0p05__wd1e-04trmiss0_degmodglobal,7,0.6609610915184021,0.6882201433181763,0.425,0.6190632284382285,0.46153846153846156,0.0,0.6824447959661484,0.6374427676200867,0.062173099257051945,0.15950077213346958,0.0,0.0,0.0,0.0,0.0,18473,global,0.0
1,2,lr1e-05_bs16_drop0p4_temp1p0_a0p25_b0p05__wd1e-04trmiss0_degmodglobal,16,1e-05,0.0001,0.4,1.0,0.25,0.05,lr1e-05_bs16_drop0p4_temp1p0_a0p25_b0p05__wd1e-04trmiss0_degmodglobal,8,0.6681496948003769,0.6865391135215759,0.475,0.6370421245421246,0.5384615384615384,0.0,0.6606302708387375,0.6423538327217102,0.06681767106056213,0.18182893842458725,0.0,0.0,0.0,0.0,0.0,18473,global,0.0
1,2,lr1e-05_bs16_drop0p4_temp1p0_a0p25_b0p05__wd1e-04trmiss0_degmodglobal,16,1e-05,0.0001,0.4,1.0,0.25,0.05,lr1e-05_bs16_drop0p4_temp1p0_a0p25_b0p05__wd1e-04trmiss0_degmodglobal,9,0.6867247074842453,0.6834638118743896,0.5,0.7300480769230769,0.46153846153846156,0.0,0.6667243093252182,0.6623566448688507,0.05805602390319109,0.19708137959241867,0.0,0.0,0.0,0.0,0.0,18473,global,0.0
1,2,lr1e-05_bs16_drop0p4_temp1p0_a0p25_b0p05__wd1e-04trmiss0_degmodglobal,16,1e-05,0.0001,0.4,1.0,0.25,0.05,lr1e-05_bs16_drop0p4_temp1p0_a0p25_b0p05__wd1e-04trmiss0_degmodglobal,10,0.6714886426925659,0.6832563281059265,0.55,0.7724587912087912,0.5384615384615384,0.0,0.6660023182630539,0.6454665064811707,0.0722762318328023,0.15906148217618465,0.0,0.0,0.0,0.0,0.0,18473,global,0.0
1,2,lr1e-05_bs16_drop0p4_temp1p0_a0p25_b0p05__wd1e-04trmiss0_degmodglobal,16,1e-05,0.0001,0.4,1.0,0.25,0.05,lr1e-05_bs16_drop0p4_temp1p0_a0p25_b0p05__wd1e-04trmiss0_degmodglobal,11,0.6811191737651825,0.6836035847663879,0.5,0.6995421245421246,0.5384615384615384,0.0,0.6802418529987335,0.6634295433759689,0.04558252729475498,0.12587985768914223,0.0,0.0,0.0,0.0,0.0,18473,global,0.0
1,2,lr1e-05_bs16_drop0p4_temp1p0_a0p25_b0p05__wd1e-04trmiss0_degmodglobal,16,1e-05,0.0001,0.4,1.0,0.25,0.05,lr1e-05_bs16_drop0p4_temp1p0_a0p25_b0p05__wd1e-04trmiss0_degmodglobal,12,0.6680520474910736,0.6822109222412109,0.5249999999999999,0.7412087912087912,0.5384615384615384,0.0,0.674940824508667,0.6452620625495911,0.05413262918591499,0.18513696268200874,0.0,0.0,0.0,0.0,0.0,18473,global,0.0
1,2,lr1e-05_bs16_drop0p4_temp1p0_a0p25_b0p05__wd1e-04trmiss0_degmodglobal,16,1e-05,0.0001,0.4,1.0,0.25,0.05,lr1e-05_bs16_drop0p4_temp1p0_a0p25_b0p05__wd1e-04trmiss0_degmodglobal,13,0.6665347069501877,0.6824486255645752,0.5,0.6995421245421246,0.5384615384615384,0.0,0.6692090928554535,0.6454276442527771,0.05053697247058153,0.16945666074752808,0.0,0.0,0.0,0.0,0.0,18473,global,0.0
1,2,lr1e-05_bs16_drop0p4_temp1p0_a0p25_b0p05__wd1e-04trmiss0_degmodglobal,16,1e-05,0.0001,0.4,1.0,0.25,0.05,lr1e-05_bs16_drop0p4_temp1p0_a0p25_b0p05__wd1e-04trmiss0_degmodglobal,14,0.6546978503465652,0.6820276379585266,0.5,0.6995421245421246,0.5384615384615384,0.0,0.6571530550718307,0.6317788809537888,0.050278409384191036,0.20698784291744232,0.0,0.0,0.0,0.0,0.0,18473,global,0.0
1,2,lr1e-05_bs16_drop0p4_temp1p0_a0p25_b0p05__wd1e-04trmiss0_degmodglobal,16,1e-05,0.0001,0.4,1.0,0.25,0.05,lr1e-05_bs16_drop0p4_temp1p0_a0p25_b0p05__wd1e-04trmiss0_degmodglobal,15,0.6270543485879898,0.6785517930984497,0.5249999999999999,0.7412087912087912,0.5384615384615384,0.0,0.6724864989519119,0.6051273196935654,0.05377120152115822,0.16968488693237305,0.0,0.0,0.0,0.0,0.0,18473,global,0.0
1,2,lr1e-05_bs16_drop0p4_temp1p0_a0p25_b0p05__wd1e-04trmiss0_degmodglobal,16,1e-05,0.0001,0.4,1.0,0.25,0.05,lr1e-05_bs16_drop0p4_temp1p0_a0p25_b0p05__wd1e-04trmiss0_degmodglobal,16,0.6384874582290649,0.6764775514602661,0.5,0.7300480769230769,0.5384615384615384,0.0,0.6830717772245407,0.6151265203952789,0.05759904347360134,0.17922354489564896,0.0,0.0,0.0,0.0,0.0,18473,global,0.0
1,2,lr1e-05_bs16_drop0p4_temp1p0_a0p25_b0p05__wd1e-04trmiss0_degmodglobal,16,1e-05,0.0001,0.4,1.0,0.25,0.05,lr1e-05_bs16_drop0p4_temp1p0_a0p25_b0p05__wd1e-04trmiss0_degmodglobal,17,0.6587208807468414,0.6748751997947693,0.5,0.7300480769230769,0.5384615384615384,0.0,0.6637772470712662,0.6375035792589188,0.05487074097618461,0.1499920468777418,0.0,0.0,0.0,0.0,0.0,18473,global,0.0
1,2,lr1e-05_bs16_drop0p4_temp1p0_a0p25_b0p05__wd1e-04trmiss0_degmodglobal,16,1e-05,0.0001,0.4,1.0,0.25,0.05,lr1e-05_bs16_drop0p4_temp1p0_a0p25_b0p05__wd1e-04trmiss0_degmodglobal,18,0.6458967328071594,0.6752175092697144,0.5249999999999999,0.7412087912087912,0.5384615384615384,0.0,0.6629148423671722,0.6250934302806854,0.05326328380033374,0.14974923245608807,0.0,0.0,0.0,0.0,0.0,18473,global,0.0
1,2,lr1e-05_bs16_drop0p4_temp1p0_a0p25_b0p05__wd1e-04trmiss0_degmodglobal,16,1e-05,0.0001,0.4,1.0,0.25,0.05,lr1e-05_bs16_drop0p4_temp1p0_a0p25_b0p05__wd1e-04trmiss0_degmodglobal,19,0.6389893591403961,0.6776373386383057,0.5249999999999999,0.7412087912087912,0.5384615384615384,0.0,0.6575588285923004,0.6204318553209305,0.04752162378281355,0.1335415504872799,0.0,0.0,0.0,0.0,0.0,18473,global,0.0
1,2,lr1e-05_bs16_drop0p4_temp1p0_a0p25_b0p05__wd1e-04trmiss0_degmodglobal,16,1e-05,0.0001,0.4,1.0,0.25,0.05,lr1e-05_bs16_drop0p4_temp1p0_a0p25_b0p05__wd1e-04trmiss0_degmodglobal,20,0.6702526211738586,0.6753631234169006,0.525,0.7612980769230769,0.5384615384615384,0.0,0.6705330610275269,0.647559642791748,0.05678520165383816,0.1699331570416689,0.0,0.0,0.0,0.0,0.0,18473,global,0.0
1,2,lr1e-05_bs16_drop0p4_temp1p0_a0p25_b0p05__wd1e-04trmiss0_degmodglobal,16,1e-05,0.0001,0.4,1.0,0.25,0.05,lr1e-05_bs16_drop0p4_temp1p0_a0p25_b0p05__wd1e-04trmiss0_degmodglobal,21,0.6288149356842041,0.6713753938674927,0.525,0.7612980769230769,0.5384615384615384,0.0,0.670077383518219,0.6076926440000534,0.052056060172617435,0.162165567278862,0.0,0.0,0.0,0.0,0.0,18473,global,0.0
1,2,lr1e-05_bs16_drop0p4_temp1p0_a0p25_b0p05__wd1e-04trmiss0_degmodglobal,16,1e-05,0.0001,0.4,1.0,0.25,0.05,lr1e-05_bs16_drop0p4_temp1p0_a0p25_b0p05__wd1e-04trmiss0_degmodglobal,22,0.6246701329946518,0.6689448356628418,0.575,0.7645042457542458,0.5384615384615384,0.0,0.6823654472827911,0.5962700843811035,0.07118373736739159,0.21208250895142555,0.0,0.0,0.0,0.0,0.0,18473,global,0.0
1,2,lr1e-05_bs16_drop0p4_temp1p0_a0p25_b0p05__wd1e-04trmiss0_degmodglobal,16,1e-05,0.0001,0.4,1.0,0.25,0.05,lr1e-05_bs16_drop0p4_temp1p0_a0p25_b0p05__wd1e-04trmiss0_degmodglobal,23,0.6223251521587372,0.6679980158805847,0.5750000000000001,0.7845935314685315,0.5384615384615384,0.0,0.6438437253236771,0.6027884930372238,0.04666575323790312,0.15740492194890976,0.0,0.0,0.0,0.0,0.0,18473,global,0.0
1,2,lr1e-05_bs16_drop0p4_temp1p0_a0p25_b0p05__wd1e-04trmiss0_degmodglobal,16,1e-05,0.0001,0.4,1.0,0.25,0.05,lr1e-05_bs16_drop0p4_temp1p0_a0p25_b0p05__wd1e-04trmiss0_degmodglobal,24,0.6179572641849518,0.6705334186553955,0.5499999999999999,0.7478375790875791,0.5384615384615384,0.0,0.6370732337236404,0.5913344770669937,0.055699135176837444,0.25396014004945755,0.0,0.0,0.0,0.0,0.0,18473,global,0.0
1,2,lr1e-05_bs16_drop0p4_temp1p0_a0p25_b0p05__wd1e-04trmiss0_degmodglobal,16,1e-05,0.0001,0.4,1.0,0.25,0.05,lr1e-05_bs16_drop0p4_temp1p0_a0p25_b0p05__wd1e-04trmiss0_degmodglobal,25,0.646254226565361,0.6725255846977234,0.5499999999999999,0.7478375790875791,0.5384615384615384,0.0,0.6457964479923248,0.6244935691356659,0.05454494897276163,0.16248836182057858,0.0,0.0,0.0,0.0,0.0,18473,global,0.0
1,2,lr1e-05_bs16_drop0p4_temp1p0_a0p25_b0p05__wd1e-04trmiss0_degmodglobal,16,1e-05,0.0001,0.4,1.0,0.25,0.05,lr1e-05_bs16_drop0p4_temp1p0_a0p25_b0p05__wd1e-04trmiss0_degmodglobal,26,0.6164111942052841,0.6738071441650391,0.5499999999999999,0.7478375790875791,0.5384615384615384,0.0,0.6713898330926895,0.5978464931249619,0.05171407386660576,0.11272363550961018,0.0,0.0,0.0,0.0,0.0,18473,global,0.0
1,2,lr1e-05_bs16_drop0p4_temp1p0_a0p25_b0p05__wd1e-04trmiss0_degmodglobal,16,1e-05,0.0001,0.4,1.0,0.25,0.05,lr1e-05_bs16_drop0p4_temp1p0_a0p25_b0p05__wd1e-04trmiss0_degmodglobal,27,0.6227881461381912,0.6745291948318481,0.575,0.7542478354978355,0.5384615384615384,0.0,0.6499272882938385,0.5995644181966782,0.06092535983771086,0.15984779968857765,0.0,0.0,0.0,0.0,0.0,18473,global,0.0
1,2,lr1e-05_bs16_drop0p4_temp1p0_a0p25_b0p05__wd1e-04trmiss0_degmodglobal,16,1e-05,0.0001,0.4,1.0,0.25,0.05,lr1e-05_bs16_drop0p4_temp1p0_a0p25_b0p05__wd1e-04trmiss0_degmodglobal,28,0.6137863844633102,0.6713045835494995,0.575,0.7542478354978355,0.5384615384615384,0.0,0.6474745124578476,0.5932424068450928,0.05152665078639984,0.15324622206389904,0.0,0.0,0.0,0.0,0.0,18473,global,0.0
1,2,lr1e-05_bs16_drop0p4_temp1p0_a0p25_b0p05__wd1e-04trmiss0_degmodglobal,16,1e-05,0.0001,0.4,1.0,0.25,0.05,lr1e-05_bs16_drop0p4_temp1p0_a0p25_b0p05__wd1e-04trmiss0_degmodglobal,29,0.6377866566181183,0.6711558103561401,0.6,0.7625811688311688,0.5384615384615384,0.0,0.6578864455223083,0.6102024465799332,0.06912390235811472,0.20606480166316032,0.0,0.0,0.0,0.0,0.0,18473,global,0.0
1,2,lr1e-05_bs16_drop0p4_temp1p0_a0p25_b0p05__wd1e-04trmiss0_degmodglobal,16,1e-05,0.0001,0.4,1.0,0.25,0.05,lr1e-05_bs16_drop0p4_temp1p0_a0p25_b0p05__wd1e-04trmiss0_degmodglobal,30,0.6268050372600555,0.6688686013221741,0.6,0.7625811688311688,0.5384615384615384,0.0,0.6561883687973022,0.6070352047681808,0.05370479729026556,0.1268727146089077,0.0,0.0,0.0,0.0,0.0,18473,global,0.0
1,2,lr1e-05_bs16_drop0p4_temp1p0_a0p25_b0p05__wd1e-04trmiss0_degmodglobal,16,1e-05,0.0001,0.4,1.0,0.25,0.05,lr1e-05_bs16_drop0p4_temp1p0_a0p25_b0p05__wd1e-04trmiss0_degmodglobal,31,0.622562512755394,0.6689425706863403,0.6,0.7625811688311688,0.5384615384615384,0.0,0.6404314190149307,0.5995772778987885,0.06237177271395922,0.14784570038318634,0.0,0.0,0.0,0.0,0.0,18473,global,0.0
1,2,lr1e-05_bs16_drop0p4_temp1p0_a0p25_b0p05__wd1e-04trmiss0_degmodglobal,16,1e-05,0.0001,0.4,1.0,0.25,0.05,lr1e-05_bs16_drop0p4_temp1p0_a0p25_b0p05__wd1e-04trmiss0_degmodglobal,32,0.6111067831516266,0.6702288389205933,0.575,0.7438311688311687,0.5384615384615384,0.0,0.6244495064020157,0.5899266749620438,0.05375471990555525,0.15482838079333305,0.0,0.0,0.0,0.0,0.0,18473,global,0.0
1,2,lr1e-05_bs16_drop0p4_temp1p0_a0p25_b0p05__wd1e-04trmiss0_degmodglobal,16,1e-05,0.0001,0.4,1.0,0.25,0.05,lr1e-05_bs16_drop0p4_temp1p0_a0p25_b0p05__wd1e-04trmiss0_degmodglobal,33,0.6083536446094513,0.6705875396728516,0.5499999999999999,0.7354978354978354,0.5384615384615384,0.0,0.6384240239858627,0.5878395140171051,0.05340489745140076,0.14325831271708012,0.0,0.0,0.0,0.0,0.0,18473,global,0.0
1,2,lr1e-05_bs16_drop0p4_temp1p0_a0p25_b0p05__wd1e-04trmiss0_degmodglobal,16,1e-05,0.0001,0.4,1.0,0.25,0.05,lr1e-05_bs16_drop0p4_temp1p0_a0p25_b0p05__wd1e-04trmiss0_degmodglobal,34,0.630545124411583,0.672586977481842,0.575,0.7438311688311687,0.5384615384615384,0.0,0.6494819074869156,0.6027950197458267,0.0703881848603487,0.2030613273382187,0.0,0.0,0.0,0.0,0.0,18473,global,0.0
1,2,lr1e-05_bs16_drop0p4_temp1p0_a0p25_b0p05__wd1e-04trmiss0_degmodglobal,16,1e-05,0.0001,0.4,1.0,0.25,0.05,lr1e-05_bs16_drop0p4_temp1p0_a0p25_b0p05__wd1e-04trmiss0_degmodglobal,35,0.6109835356473923,0.6727359890937805,0.575,0.7542478354978355,0.5384615384615384,0.0,0.6255684047937393,0.5915627032518387,0.051496987231075764,0.13093171920627356,0.0,0.0,0.0,0.0,0.0,18473,global,0.0
1,2,lr1e-05_bs16_drop0p4_temp1p0_a0p25_b0p05__wd1e-04trmiss0_degmodglobal,16,1e-05,0.0001,0.4,1.0,0.25,0.05,lr1e-05_bs16_drop0p4_temp1p0_a0p25_b0p05__wd1e-04trmiss0_degmodglobal,36,0.636510357260704,0.6718056797981262,0.575,0.7542478354978355,0.5384615384615384,0.0,0.6438027918338776,0.6150911450386047,0.049485803581774235,0.18095516227185726,0.0,0.0,0.0,0.0,0.0,18473,global,0.0
1,2,lr1e-05_bs16_drop0p4_temp1p0_a0p25_b0p05__wd1e-04trmiss0_degmodglobal,16,1e-05,0.0001,0.4,1.0,0.25,0.05,lr1e-05_bs16_drop0p4_temp1p0_a0p25_b0p05__wd1e-04trmiss0_degmodglobal,37,0.5978785157203674,0.6726353168487549,0.575,0.7438311688311687,0.5384615384615384,0.0,0.6189096570014954,0.5772564858198166,0.058136412873864174,0.12175844656303525,0.0,0.0,0.0,0.0,0.0,18473,global,0.0
1,2,lr1e-05_bs16_drop0p4_temp1p0_a0p25_b0p05__wd1e-04trmiss0_degmodglobal,16,1e-05,0.0001,0.4,1.0,0.25,0.05,lr1e-05_bs16_drop0p4_temp1p0_a0p25_b0p05__wd1e-04trmiss0_degmodglobal,38,0.5909675657749176,0.6715444922447205,0.6,0.7625811688311688,0.5384615384615384,0.0,0.6347185224294662,0.5668382793664932,0.05537099950015545,0.20573067106306553,0.0,0.0,0.0,0.0,0.0,18473,global,0.0
1,2,lr1e-05_bs16_drop0p4_temp1p0_a0p25_b0p05__wd1e-04trmiss0_degmodglobal,16,1e-05,0.0001,0.4,1.0,0.25,0.05,lr1e-05_bs16_drop0p4_temp1p0_a0p25_b0p05__wd1e-04trmiss0_degmodglobal,39,0.6087087839841843,0.6726574301719666,0.575,0.7542478354978355,0.5384615384615384,0.0,0.6395788490772247,0.5900328904390335,0.05064894538372755,0.12027341034263372,0.0,0.0,0.0,0.0,0.0,18473,global,0.0
1,2,lr1e-05_bs16_drop0p4_temp1p0_a0p25_b0p05__wd1e-04trmiss0_degmodglobal,16,1e-05,0.0001,0.4,1.0,0.25,0.05,lr1e-05_bs16_drop0p4_temp1p0_a0p25_b0p05__wd1e-04trmiss0_degmodglobal,40,0.6181733906269073,0.6704519987106323,0.6,0.7625811688311688,0.5384615384615384,0.0,0.6085379719734192,0.5927354842424393,0.06564282439649105,0.18054404854774475,0.0,0.0,0.0,0.0,0.0,18473,global,0.0
1,2,lr1e-05_bs16_drop0p4_temp1p0_a0p25_b0p05__wd1e-04trmiss0_degmodglobal,16,1e-05,0.0001,0.4,1.0,0.25,0.05,lr1e-05_bs16_drop0p4_temp1p0_a0p25_b0p05__wd1e-04trmiss0_degmodglobal,41,0.6269942671060562,0.670361340045929,0.6,0.7625811688311688,0.5384615384615384,0.0,0.6146754771471024,0.6070443540811539,0.06023011915385723,0.09784759767353535,0.0,0.0,0.0,0.0,0.0,18473,global,0.0
1,2,lr1e-05_bs16_drop0p4_temp1p0_a0p25_b0p05__wd1e-04trmiss0_degmodglobal,16,1e-05,0.0001,0.4,1.0,0.25,0.05,lr1e-05_bs16_drop0p4_temp1p0_a0p25_b0p05__wd1e-04trmiss0_degmodglobal,42,0.5975918173789978,0.6690599918365479,0.6,0.7625811688311688,0.5384615384615384,0.0,0.6342293918132782,0.5751451998949051,0.054288363084197044,0.17749049328267574,0.0,0.0,0.0,0.0,0.0,18473,global,0.0
1,2,lr1e-05_bs16_drop0p4_temp1p0_a0p25_b0p05__wd1e-04trmiss0_degmodglobal,16,1e-05,0.0001,0.4,1.0,0.25,0.05,lr1e-05_bs16_drop0p4_temp1p0_a0p25_b0p05__wd1e-04trmiss0_degmodglobal,43,0.5844005793333054,0.6682360172271729,0.575,0.7542478354978355,0.5384615384615384,0.0,0.6174866110086441,0.5605399832129478,0.059099817648530006,0.18171281926333904,0.0,0.0,0.0,0.0,0.0,18473,global,0.0
1,2,lr1e-05_bs16_drop0p4_temp1p0_a0p25_b0p05__wd1e-04trmiss0_degmodglobal,16,1e-05,0.0001,0.4,1.0,0.25,0.05,lr1e-05_bs16_drop0p4_temp1p0_a0p25_b0p05__wd1e-04trmiss0_degmodglobal,44,0.6190008670091629,0.6674625873565674,0.6,0.7625811688311688,0.5384615384615384,0.0,0.6486543416976929,0.5998469144105911,0.04667437542229891,0.14970725402235985,0.0,0.0,0.0,0.0,0.0,18473,global,0.0
1,2,lr1e-05_bs16_drop0p4_temp1p0_a0p25_b0p05__wd1e-04trmiss0_degmodglobal,16,1e-05,0.0001,0.4,1.0,0.25,0.05,lr1e-05_bs16_drop0p4_temp1p0_a0p25_b0p05__wd1e-04trmiss0_degmodglobal,45,0.5976647138595581,0.6661696434020996,0.6,0.7625811688311688,0.5384615384615384,0.0,0.5815799087285995,0.5726875066757202,0.06298520043492317,0.18461836874485016,0.0,0.0,0.0,0.0,0.0,18473,global,0.0
1,2,lr1e-05_bs16_drop0p4_temp1p0_a0p25_b0p05__wd1e-04trmiss0_degmodglobal,16,1e-05,0.0001,0.4,1.0,0.25,0.05,lr1e-05_bs16_drop0p4_temp1p0_a0p25_b0p05__wd1e-04trmiss0_degmodglobal,46,0.5736915767192841,0.6665418744087219,0.575,0.7542478354978355,0.5384615384615384,0.0,0.6361571997404099,0.5469907969236374,0.07092676591128111,0.1793813668191433,0.0,0.0,0.0,0.0,0.0,18473,global,0.0
1,2,lr1e-05_bs16_drop0p4_temp1p0_a0p25_b0p05__wd1e-04trmiss0_degmodglobal,16,1e-05,0.0001,0.4,1.0,0.25,0.05,lr1e-05_bs16_drop0p4_temp1p0_a0p25_b0p05__wd1e-04trmiss0_degmodglobal,47,0.5690253227949142,0.6667218804359436,0.6,0.7625811688311688,0.5384615384615384,0.0,0.5946905165910721,0.5465795546770096,0.06109252758324146,0.14345289953052998,0.0,0.0,0.0,0.0,0.0,18473,global,0.0
1,2,lr1e-05_bs16_drop0p4_temp1p0_a0p25_b0p05__wd1e-04trmiss0_degmodglobal,16,1e-05,0.0001,0.4,1.0,0.25,0.05,lr1e-05_bs16_drop0p4_temp1p0_a0p25_b0p05__wd1e-04trmiss0_degmodglobal,48,0.5907704830169678,0.667574405670166,0.575,0.7542478354978355,0.5384615384615384,0.0,0.6228012442588806,0.5665199309587479,0.05720983352512121,0.19896159321069717,0.0,0.0,0.0,0.0,0.0,18473,global,0.0
1,2,lr1e-05_bs16_drop0p4_temp1p0_a0p25_b0p05__wd1e-04trmiss0_degmodglobal,16,1e-05,0.0001,0.4,1.0,0.25,0.05,lr1e-05_bs16_drop0p4_temp1p0_a0p25_b0p05__wd1e-04trmiss0_degmodglobal,49,0.5985288321971893,0.6702250242233276,0.5499999999999999,0.7354978354978354,0.5384615384615384,0.0,0.6070573925971985,0.5772879421710968,0.057220811024308205,0.13871360570192337,0.0,0.0,0.0,0.0,0.0,18473,global,0.0
1,2,lr1e-05_bs16_drop0p4_temp1p0_a0p25_b0p05__wd1e-04trmiss0_degmodglobal,16,1e-05,0.0001,0.4,1.0,0.25,0.05,lr1e-05_bs16_drop0p4_temp1p0_a0p25_b0p05__wd1e-04trmiss0_degmodglobal,50,0.6512321829795837,0.6695160865783691,0.575,0.7542478354978355,0.5384615384615384,0.0,0.6029665321111679,0.6347485035657883,0.046779016964137554,0.09577855281531811,0.0,0.0,0.0,0.0,0.0,18473,global,0.0
1,2,lr1e-05_bs16_drop0p4_temp1p0_a0p25_b0p05__wd1e-04trmiss0_degmodglobal,16,1e-05,0.0001,0.4,1.0,0.25,0.05,lr1e-05_bs16_drop0p4_temp1p0_a0p25_b0p05__wd1e-04trmiss0_degmodglobal,51,0.5899738967418671,0.6687712073326111,0.575,0.7542478354978355,0.5384615384615384,0.0,0.6201715618371964,0.574849009513855,0.04285797104239464,0.08820839133113623,0.0,0.0,0.0,0.0,0.0,18473,global,0.0
1,2,lr1e-05_bs16_drop0p4_temp1p0_a0p25_b0p05__wd1e-04trmiss0_degmodglobal,16,1e-05,0.0001,0.4,1.0,0.25,0.05,lr1e-05_bs16_drop0p4_temp1p0_a0p25_b0p05__wd1e-04trmiss0_degmodglobal,52,0.5861604362726212,0.6670337319374084,0.575,0.7542478354978355,0.5384615384615384,0.0,0.5795688331127167,0.5679308176040649,0.04827377758920193,0.12322318716906011,0.0,0.0,0.0,0.0,0.0,18473,global,0.0
1,2,lr1e-05_bs16_drop0p4_temp1p0_a0p25_b0p05__wd1e-04trmiss0_degmodglobal,16,1e-05,0.0001,0.4,1.0,0.25,0.05,lr1e-05_bs16_drop0p4_temp1p0_a0p25_b0p05__wd1e-04trmiss0_degmodglobal,53,0.591764360666275,0.6687998175621033,0.575,0.7542478354978355,0.5384615384615384,0.0,0.605634793639183,0.5686298459768295,0.05798204708844423,0.17278029024600983,0.0,0.0,0.0,0.0,0.0,18473,global,0.0
1,2,lr1e-05_bs16_drop0p4_temp1p0_a0p25_b0p05__wd1e-04trmiss0_degmodglobal,16,1e-05,0.0001,0.4,1.0,0.25,0.05,lr1e-05_bs16_drop0p4_temp1p0_a0p25_b0p05__wd1e-04trmiss0_degmodglobal,54,0.5854216516017914,0.6686370968818665,0.575,0.7542478354978355,0.5384615384615384,0.0,0.6369407027959824,0.5640128552913666,0.05532535817474127,0.1515488512814045,0.0,0.0,0.0,0.0,0.0,18473,global,0.0
1,2,lr1e-05_bs16_drop0p4_temp1p0_a0p25_b0p05__wd1e-04trmiss0_degmodglobal,16,1e-05,0.0001,0.4,1.0,0.25,0.05,lr1e-05_bs16_drop0p4_temp1p0_a0p25_b0p05__wd1e-04trmiss0_degmodglobal,55,0.612503245472908,0.6688669919967651,0.575,0.7542478354978355,0.5384615384615384,0.0,0.5872915834188461,0.5875858068466187,0.06281325314193964,0.18428251892328262,0.0,0.0,0.0,0.0,0.0,18473,global,0.0
1,2,lr1e-05_bs16_drop0p4_temp1p0_a0p25_b0p05__wd1e-04trmiss0_degmodglobal,16,1e-05,0.0001,0.4,1.0,0.25,0.05,lr1e-05_bs16_drop0p4_temp1p0_a0p25_b0p05__wd1e-04trmiss0_degmodglobal,56,0.6000909507274628,0.6681872606277466,0.575,0.7542478354978355,0.5384615384615384,0.0,0.5865030884742737,0.5772020667791367,0.05556192807853222,0.17996810004115105,0.0,0.0,0.0,0.0,0.0,18473,global,0.0
1,2,lr1e-05_bs16_drop0p4_temp1p0_a0p25_b0p05__wd1e-04trmiss0_degmodglobal,16,1e-05,0.0001,0.4,1.0,0.25,0.05,lr1e-05_bs16_drop0p4_temp1p0_a0p25_b0p05__wd1e-04trmiss0_degmodglobal,57,0.5798547565937042,0.6690452694892883,0.575,0.7542478354978355,0.5384615384615384,0.0,0.5508188009262085,0.5515592098236084,0.07009225711226463,0.21544958278536797,0.0,0.0,0.0,0.0,0.0,18473,global,0.0
1,2,lr1e-05_bs16_drop0p4_temp1p0_a0p25_b0p05__wd1e-04trmiss0_degmodglobal,16,1e-05,0.0001,0.4,1.0,0.25,0.05,lr1e-05_bs16_drop0p4_temp1p0_a0p25_b0p05__wd1e-04trmiss0_degmodglobal,58,0.5955449491739273,0.6694261431694031,0.575,0.7542478354978355,0.5384615384615384,0.0,0.5892830193042755,0.5778999775648117,0.04663756303489208,0.11971157975494862,0.0,0.0,0.0,0.0,0.0,18473,global,0.0
1,2,lr1e-05_bs16_drop0p4_temp1p0_a0p25_b0p05__wd1e-04trmiss0_degmodglobal,16,1e-05,0.0001,0.4,1.0,0.25,0.05,lr1e-05_bs16_drop0p4_temp1p0_a0p25_b0p05__wd1e-04trmiss0_degmodglobal,59,0.5983958095312119,0.6683588027954102,0.575,0.7542478354978355,0.5384615384615384,0.0,0.5968338549137115,0.5813585817813873,0.04419961851090193,0.11974634043872356,0.0,0.0,0.0,0.0,0.0,18473,global,0.0
1,2,lr1e-05_bs16_drop0p4_temp1p0_a0p25_b0p05__wd1e-04trmiss0_degmodglobal,16,1e-05,0.0001,0.4,1.0,0.25,0.05,lr1e-05_bs16_drop0p4_temp1p0_a0p25_b0p05__wd1e-04trmiss0_degmodglobal,60,0.6245798915624619,0.6672312021255493,0.6,0.7625811688311688,0.5384615384615384,0.0,0.581661194562912,0.6016501039266586,0.06188315153121948,0.14917989447712898,0.0,0.0,0.0,0.0,0.0,18473,global,0.0
1,2,lr1e-05_bs16_drop0p4_temp1p0_a0p25_b0p05__wd1e-04trmiss0_degmodglobal,16,1e-05,0.0001,0.4,1.0,0.25,0.05,lr1e-05_bs16_drop0p4_temp1p0_a0p25_b0p05__wd1e-04trmiss0_degmodglobal,61,0.6069984138011932,0.6691573262214661,0.575,0.7542478354978355,0.5384615384615384,0.0,0.5866645276546478,0.578045517206192,0.07697498053312302,0.19418342784047127,0.0,0.0,0.0,0.0,0.0,18473,global,0.0
1,2,lr1e-05_bs16_drop0p4_temp1p0_a0p25_b0p05__wd1e-04trmiss0_degmodglobal,16,1e-05,0.0001,0.4,1.0,0.25,0.05,lr1e-05_bs16_drop0p4_temp1p0_a0p25_b0p05__wd1e-04trmiss0_degmodglobal,62,0.6047321707010269,0.669516384601593,0.575,0.7438311688311687,0.5384615384615384,0.0,0.60645392537117,0.5834290087223053,0.05100246611982584,0.17105108126997948,0.0,0.0,0.0,0.0,0.0,18473,global,0.0
1,2,lr1e-05_bs16_drop0p4_temp1p0_a0p25_b0p05__wd1e-04trmiss0_degmodglobal,16,1e-05,0.0001,0.4,1.0,0.25,0.05,lr1e-05_bs16_drop0p4_temp1p0_a0p25_b0p05__wd1e-04trmiss0_degmodglobal,63,0.56939797103405,0.6688593626022339,0.575,0.7438311688311687,0.5384615384615384,0.0,0.6219484061002731,0.5450449436903,0.06502286531031132,0.1619457881897688,0.0,0.0,0.0,0.0,0.0,18473,global,0.0
1,2,lr1e-05_bs16_drop0p4_temp1p0_a0p25_b0p05__wd1e-04trmiss0_degmodglobal,16,1e-05,0.0001,0.4,1.0,0.25,0.05,lr1e-05_bs16_drop0p4_temp1p0_a0p25_b0p05__wd1e-04trmiss0_degmodglobal,64,0.5950793772935867,0.6694042682647705,0.575,0.7542478354978355,0.5384615384615384,0.0,0.5976619124412537,0.5728236734867096,0.05648269969969988,0.162700604647398,0.0,0.0,0.0,0.0,0.0,18473,global,0.0
1,2,lr1e-05_bs16_drop0p4_temp1p0_a0p25_b0p05__wd1e-04trmiss0_degmodglobal,16,1e-05,0.0001,0.4,1.0,0.25,0.05,lr1e-05_bs16_drop0p4_temp1p0_a0p25_b0p05__wd1e-04trmiss0_degmodglobal,65,0.5907947719097137,0.6695606708526611,0.575,0.7542478354978355,0.5384615384615384,0.0,0.5853696465492249,0.5604861527681351,0.06919889245182276,0.2601778730750084,0.0,0.0,0.0,0.0,0.0,18473,global,0.0
1,2,lr1e-05_bs16_drop0p4_temp2p0_a0p25_b0p05__wd1e-04trmiss0_degmodglobal,16,1e-05,0.0001,0.4,2.0,0.25,0.05,lr1e-05_bs16_drop0p4_temp2p0_a0p25_b0p05__wd1e-04trmiss0_degmodglobal,1,0.7044151425361633,0.6943141222000122,0.4,0.581022102897103,0.46153846153846156,0.0,0.7337170392274857,0.6766082793474197,0.0754114929586649,0.17907936684787273,0.0,0.0,0.0,0.0,0.0,18473,global,0.0
1,2,lr1e-05_bs16_drop0p4_temp2p0_a0p25_b0p05__wd1e-04trmiss0_degmodglobal,16,1e-05,0.0001,0.4,2.0,0.25,0.05,lr1e-05_bs16_drop0p4_temp2p0_a0p25_b0p05__wd1e-04trmiss0_degmodglobal,2,0.6956085711717606,0.699138879776001,0.35,0.563412975912976,0.5384615384615384,0.0,0.7371833175420761,0.6627569943666458,0.0841028057038784,0.2365177571773529,0.0,0.0,0.0,0.0,0.0,18473,global,0.0
1,2,lr1e-05_bs16_drop0p4_temp2p0_a0p25_b0p05__wd1e-04trmiss0_degmodglobal,16,1e-05,0.0001,0.4,2.0,0.25,0.05,lr1e-05_bs16_drop0p4_temp2p0_a0p25_b0p05__wd1e-04trmiss0_degmodglobal,3,0.7214556187391281,0.7006378173828125,0.32499999999999996,0.5425796425796426,0.5384615384615384,0.0,0.7094424068927765,0.6925861239433289,0.0807472551241517,0.1736534647643566,0.0,0.0,0.0,0.0,0.0,18473,global,0.0
1,2,lr1e-05_bs16_drop0p4_temp2p0_a0p25_b0p05__wd1e-04trmiss0_degmodglobal,16,1e-05,0.0001,0.4,2.0,0.25,0.05,lr1e-05_bs16_drop0p4_temp2p0_a0p25_b0p05__wd1e-04trmiss0_degmodglobal,4,0.7228258550167084,0.702882707118988,0.32499999999999996,0.5425796425796426,0.5384615384615384,0.0,0.6912088096141815,0.681997612118721,0.0989335160702467,0.3218969441950321,0.0,0.0,0.0,0.0,0.0,18473,global,0.0
1,2,lr1e-05_bs16_drop0p4_temp2p0_a0p25_b0p05__wd1e-04trmiss0_degmodglobal,16,1e-05,0.0001,0.4,2.0,0.25,0.05,lr1e-05_bs16_drop0p4_temp2p0_a0p25_b0p05__wd1e-04trmiss0_degmodglobal,5,0.7051428556442261,0.7028543949127197,0.35,0.551508214008214,0.5384615384615384,0.0,0.7242299914360046,0.6649633347988129,0.10159105807542801,0.29563502222299576,0.0,0.0,0.0,0.0,0.0,18473,global,0.0
1,2,lr1e-05_bs16_drop0p4_temp2p0_a0p25_b0p05__wd1e-04trmiss0_degmodglobal,16,1e-05,0.0001,0.4,2.0,0.25,0.05,lr1e-05_bs16_drop0p4_temp2p0_a0p25_b0p05__wd1e-04trmiss0_degmodglobal,6,0.6897171139717102,0.7018996477127075,0.35,0.551508214008214,0.5384615384615384,0.0,0.7216829657554626,0.6588270366191864,0.08426121063530445,0.1964957220479846,0.0,0.0,0.0,0.0,0.0,18473,global,0.0
1,2,lr1e-05_bs16_drop0p4_temp2p0_a0p25_b0p05__wd1e-04trmiss0_degmodglobal,16,1e-05,0.0001,0.4,2.0,0.25,0.05,lr1e-05_bs16_drop0p4_temp2p0_a0p25_b0p05__wd1e-04trmiss0_degmodglobal,7,0.7234467417001724,0.7030078172683716,0.375,0.5723415473415474,0.46153846153846156,0.0,0.6871305406093597,0.6831813454627991,0.10604316275566816,0.27509232982993126,0.0,0.0,0.0,0.0,0.0,18473,global,0.0
1,2,lr1e-05_bs16_drop0p4_temp2p0_a0p25_b0p05__wd1e-04trmiss0_degmodglobal,16,1e-05,0.0001,0.4,2.0,0.25,0.05,lr1e-05_bs16_drop0p4_temp2p0_a0p25_b0p05__wd1e-04trmiss0_degmodglobal,8,0.7143009305000305,0.7020766735076904,0.4,0.5842463092463093,0.46153846153846156,0.0,0.7460475862026215,0.6866789013147354,0.07710111513733864,0.16693494468927383,0.0,0.0,0.0,0.0,0.0,18473,global,0.0
1,2,lr1e-05_bs16_drop0p4_temp2p0_a0p25_b0p05__wd1e-04trmiss0_degmodglobal,16,1e-05,0.0001,0.4,2.0,0.25,0.05,lr1e-05_bs16_drop0p4_temp2p0_a0p25_b0p05__wd1e-04trmiss0_degmodglobal,9,0.6854716241359711,0.7023023962974548,0.42499999999999993,0.6467463092463093,0.46153846153846156,0.0,0.7152851969003677,0.6617179363965988,0.06110429484397173,0.16955239325761795,0.0,0.0,0.0,0.0,0.0,18473,global,0.0
1,2,lr1e-05_bs16_drop0p4_temp2p0_a0p25_b0p05__wd1e-04trmiss0_degmodglobal,16,1e-05,0.0001,0.4,2.0,0.25,0.05,lr1e-05_bs16_drop0p4_temp2p0_a0p25_b0p05__wd1e-04trmiss0_degmodglobal,10,0.6941046714782715,0.7017115354537964,0.42499999999999993,0.6467463092463093,0.46153846153846156,0.0,0.7065037339925766,0.6701465547084808,0.06732483021914959,0.1425382774323225,0.0,0.0,0.0,0.0,0.0,18473,global,0.0
1,2,lr1e-05_bs16_drop0p4_temp2p0_a0p25_b0p05__wd1e-04trmiss0_degmodglobal,16,1e-05,0.0001,0.4,2.0,0.25,0.05,lr1e-05_bs16_drop0p4_temp2p0_a0p25_b0p05__wd1e-04trmiss0_degmodglobal,11,0.68583744764328,0.6999900937080383,0.45,0.6675796425796426,0.46153846153846156,0.0,0.7328467518091202,0.6561342775821686,0.08273632079362869,0.18038197048008442,0.0,0.0,0.0,0.0,0.0,18473,global,0.0
1,2,lr1e-05_bs16_drop0p4_temp2p0_a0p25_b0p05__wd1e-04trmiss0_degmodglobal,16,1e-05,0.0001,0.4,2.0,0.25,0.05,lr1e-05_bs16_drop0p4_temp2p0_a0p25_b0p05__wd1e-04trmiss0_degmodglobal,12,0.6993344873189926,0.7000373005867004,0.42499999999999993,0.6467463092463093,0.46153846153846156,0.0,0.6814701557159424,0.6686838269233704,0.08762870542705059,0.1748694833368063,0.0,0.0,0.0,0.0,0.0,18473,global,0.0
1,2,lr1e-05_bs16_drop0p4_temp2p0_a0p25_b0p05__wd1e-04trmiss0_degmodglobal,16,1e-05,0.0001,0.4,2.0,0.25,0.05,lr1e-05_bs16_drop0p4_temp2p0_a0p25_b0p05__wd1e-04trmiss0_degmodglobal,13,0.6898891925811768,0.700105607509613,0.42499999999999993,0.6467463092463093,0.46153846153846156,0.0,0.6515744030475616,0.6673050671815872,0.05949373356997967,0.15421409904956818,0.0,0.0,0.0,0.0,0.0,18473,global,0.0
1,2,lr1e-05_bs16_drop0p4_temp2p0_a0p25_b0p05__wd1e-04trmiss0_degmodglobal,16,1e-05,0.0001,0.4,2.0,0.25,0.05,lr1e-05_bs16_drop0p4_temp2p0_a0p25_b0p05__wd1e-04trmiss0_degmodglobal,14,0.6863614022731781,0.6963534355163574,0.42499999999999993,0.6467463092463093,0.5384615384615384,0.0,0.689860612154007,0.6551605612039566,0.07908700965344906,0.2285814769566059,0.0,0.0,0.0,0.0,0.0,18473,global,0.0
1,2,lr1e-05_bs16_drop0p4_temp2p0_a0p25_b0p05__wd1e-04trmiss0_degmodglobal,16,1e-05,0.0001,0.4,2.0,0.25,0.05,lr1e-05_bs16_drop0p4_temp2p0_a0p25_b0p05__wd1e-04trmiss0_degmodglobal,15,0.6939100921154022,0.6965858340263367,0.45,0.6675796425796426,0.46153846153846156,0.0,0.6855516880750656,0.6628212332725525,0.08031407464295626,0.2202066406607628,0.0,0.0,0.0,0.0,0.0,18473,global,0.0
1,2,lr1e-05_bs16_drop0p4_temp2p0_a0p25_b0p05__wd1e-04trmiss0_degmodglobal,16,1e-05,0.0001,0.4,2.0,0.25,0.05,lr1e-05_bs16_drop0p4_temp2p0_a0p25_b0p05__wd1e-04trmiss0_degmodglobal,16,0.690973162651062,0.6966159343719482,0.45,0.6675796425796426,0.46153846153846156,0.0,0.664685532450676,0.6653960794210434,0.06562050711363554,0.18343934044241905,0.0,0.0,0.0,0.0,0.0,18473,global,0.0
1,2,lr1e-05_bs16_drop0p4_temp2p0_a0p25_b0p05__wd1e-04trmiss0_degmodglobal,16,1e-05,0.0001,0.4,2.0,0.25,0.05,lr1e-05_bs16_drop0p4_temp2p0_a0p25_b0p05__wd1e-04trmiss0_degmodglobal,17,0.6914045810699463,0.6961337924003601,0.45,0.6675796425796426,0.46153846153846156,0.0,0.6974175572395325,0.6651086211204529,0.06740129366517067,0.18891242146492004,0.0,0.0,0.0,0.0,0.0,18473,global,0.0
1,2,lr1e-05_bs16_drop0p4_temp2p0_a0p25_b0p05__wd1e-04trmiss0_degmodglobal,16,1e-05,0.0001,0.4,2.0,0.25,0.05,lr1e-05_bs16_drop0p4_temp2p0_a0p25_b0p05__wd1e-04trmiss0_degmodglobal,18,0.72135129570961,0.6973840594291687,0.475,0.7092463092463093,0.46153846153846156,0.0,0.7055090218782425,0.6925506144762039,0.08095043897628784,0.171261228621006,0.0,0.0,0.0,0.0,0.0,18473,global,0.0
1,2,lr1e-05_bs16_drop0p4_temp2p0_a0p25_b0p05__wd1e-04trmiss0_degmodglobal,16,1e-05,0.0001,0.4,2.0,0.25,0.05,lr1e-05_bs16_drop0p4_temp2p0_a0p25_b0p05__wd1e-04trmiss0_degmodglobal,19,0.6982574164867401,0.6995617151260376,0.475,0.7092463092463093,0.46153846153846156,0.0,0.6921201795339584,0.6748205423355103,0.06836862955242395,0.12689415365457535,0.0,0.0,0.0,0.0,0.0,18473,global,0.0
1,2,lr1e-05_bs16_drop0p4_temp2p0_a0p25_b0p05__wd1e-04trmiss0_degmodglobal,16,1e-05,0.0001,0.4,2.0,0.25,0.05,lr1e-05_bs16_drop0p4_temp2p0_a0p25_b0p05__wd1e-04trmiss0_degmodglobal,20,0.6886169463396072,0.6994310617446899,0.475,0.7092463092463093,0.46153846153846156,0.0,0.64750075340271,0.6603486090898514,0.07089127786457539,0.2109104972332716,0.0,0.0,0.0,0.0,0.0,18473,global,0.0
1,2,lr1e-05_bs16_drop0p4_temp2p0_a0p25_b0p05__wd1e-04trmiss0_degmodglobal,16,1e-05,0.0001,0.4,2.0,0.25,0.05,lr1e-05_bs16_drop0p4_temp2p0_a0p25_b0p05__wd1e-04trmiss0_degmodglobal,21,0.6553066074848175,0.6971249580383301,0.475,0.7092463092463093,0.46153846153846156,0.0,0.6598637998104095,0.6292644292116165,0.07201933301985264,0.16074668429791927,0.0,0.0,0.0,0.0,0.0,18473,global,0.0
1,2,lr1e-05_bs16_drop0p4_temp2p0_a0p25_b0p05__wd1e-04trmiss0_degmodglobal,16,1e-05,0.0001,0.4,2.0,0.25,0.05,lr1e-05_bs16_drop0p4_temp2p0_a0p25_b0p05__wd1e-04trmiss0_degmodglobal,22,0.6615985929965973,0.6975874900817871,0.42499999999999993,0.6467463092463093,0.46153846153846156,0.0,0.6506877690553665,0.6366824805736542,0.07140494044870138,0.14129729010164738,0.0,0.0,0.0,0.0,0.0,18473,global,0.0
1,2,lr1e-05_bs16_drop0p4_temp2p0_a0p25_b0p05__wd1e-04trmiss0_degmodglobal,16,1e-05,0.0001,0.4,2.0,0.25,0.05,lr1e-05_bs16_drop0p4_temp2p0_a0p25_b0p05__wd1e-04trmiss0_degmodglobal,23,0.666016697883606,0.6959510445594788,0.475,0.7092463092463093,0.46153846153846156,0.0,0.7134103775024414,0.6286921352148056,0.09495393931865692,0.2717212066054344,0.0,0.0,0.0,0.0,0.0,18473,global,0.0
1,2,lr1e-05_bs16_drop0p4_temp2p0_a0p25_b0p05__wd1e-04trmiss0_degmodglobal,16,1e-05,0.0001,0.4,2.0,0.25,0.05,lr1e-05_bs16_drop0p4_temp2p0_a0p25_b0p05__wd1e-04trmiss0_degmodglobal,24,0.6824542880058289,0.6964743733406067,0.475,0.7092463092463093,0.46153846153846156,0.0,0.6827702671289444,0.6508982926607132,0.08217266574501991,0.2202565260231495,0.0,0.0,0.0,0.0,0.0,18473,global,0.0
1,2,lr1e-05_bs16_drop0p4_temp2p0_a0p25_b0p05__wd1e-04trmiss0_degmodglobal,16,1e-05,0.0001,0.4,2.0,0.25,0.05,lr1e-05_bs16_drop0p4_temp2p0_a0p25_b0p05__wd1e-04trmiss0_degmodglobal,25,0.6410300880670547,0.6955832242965698,0.45,0.6675796425796426,0.46153846153846156,0.0,0.6630105525255203,0.6104198321700096,0.07836333103477955,0.22038869187235832,0.0,0.0,0.0,0.0,0.0,18473,global,0.0
1,2,lr1e-05_bs16_drop0p4_temp2p0_a0p25_b0p05__wd1e-04trmiss0_degmodglobal,16,1e-05,0.0001,0.4,2.0,0.25,0.05,lr1e-05_bs16_drop0p4_temp2p0_a0p25_b0p05__wd1e-04trmiss0_degmodglobal,26,0.6717646270990372,0.6974707841873169,0.45,0.6675796425796426,0.46153846153846156,0.0,0.6445318460464478,0.6365295499563217,0.10101820528507233,0.1996106393635273,0.0,0.0,0.0,0.0,0.0,18473,global,0.0
1,2,lr1e-05_bs16_drop0p4_temp2p0_a0p25_b0p05__wd1e-04trmiss0_degmodglobal,16,1e-05,0.0001,0.4,2.0,0.25,0.05,lr1e-05_bs16_drop0p4_temp2p0_a0p25_b0p05__wd1e-04trmiss0_degmodglobal,27,0.6787999123334885,0.696668803691864,0.5249999999999999,0.729087579087579,0.46153846153846156,0.0,0.6160688251256943,0.64235919713974,0.09537406079471111,0.2519437037408352,0.0,0.0,0.0,0.0,0.0,18473,global,0.0
1,2,lr1e-05_bs16_drop0p4_temp2p0_a0p25_b0p05__wd1e-04trmiss0_degmodglobal,16,1e-05,0.0001,0.4,2.0,0.25,0.05,lr1e-05_bs16_drop0p4_temp2p0_a0p25_b0p05__wd1e-04trmiss0_degmodglobal,28,0.6578250378370285,0.6973965764045715,0.475,0.6762601981351981,0.46153846153846156,0.0,0.7024936676025391,0.6299272626638412,0.07482608407735825,0.18382480554282665,0.0,0.0,0.0,0.0,0.0,18473,global,0.0
1,2,lr1e-05_bs16_drop0p4_temp2p0_a0p25_b0p05__wd1e-04trmiss0_degmodglobal,16,1e-05,0.0001,0.4,2.0,0.25,0.05,lr1e-05_bs16_drop0p4_temp2p0_a0p25_b0p05__wd1e-04trmiss0_degmodglobal,29,0.710184782743454,0.6944389343261719,0.475,0.6762601981351981,0.5384615384615384,0.0,0.6331494003534317,0.6770737171173096,0.09152969159185886,0.20457280054688454,0.0,0.0,0.0,0.0,0.0,18473,global,0.0
1,2,lr1e-05_bs16_drop0p4_temp2p0_a0p25_b0p05__wd1e-04trmiss0_degmodglobal,16,1e-05,0.0001,0.4,2.0,0.25,0.05,lr1e-05_bs16_drop0p4_temp2p0_a0p25_b0p05__wd1e-04trmiss0_degmodglobal,30,0.6681182980537415,0.6952188611030579,0.475,0.6762601981351981,0.46153846153846156,0.0,0.6443873643875122,0.6414457261562347,0.07467598468065262,0.16007141023874283,0.0,0.0,0.0,0.0,0.0,18473,global,0.0
1,2,lr1e-05_bs16_drop0p4_temp2p0_a0p25_b0p05__wd1e-04trmiss0_degmodglobal,16,1e-05,0.0001,0.4,2.0,0.25,0.05,lr1e-05_bs16_drop0p4_temp2p0_a0p25_b0p05__wd1e-04trmiss0_degmodglobal,31,0.6983459442853928,0.6964337825775146,0.475,0.6762601981351981,0.46153846153846156,0.0,0.6745554208755493,0.6688655316829681,0.08095774054527283,0.18481997400522232,0.0,0.0,0.0,0.0,0.0,18473,global,0.0
1,2,lr1e-05_bs16_drop0p4_temp2p0_a0p25_b0p05__wd1e-04trmiss0_degmodglobal,16,1e-05,0.0001,0.4,2.0,0.25,0.05,lr1e-05_bs16_drop0p4_temp2p0_a0p25_b0p05__wd1e-04trmiss0_degmodglobal,32,0.6786652952432632,0.6976982355117798,0.475,0.6762601981351981,0.46153846153846156,0.0,0.6428468972444534,0.6453403234481812,0.09431455656886101,0.19492624700069427,0.0,0.0,0.0,0.0,0.0,18473,global,0.0
1,2,lr1e-05_bs16_drop0p4_temp2p0_a0p25_b0p05__wd1e-04trmiss0_degmodglobal,16,1e-05,0.0001,0.4,2.0,0.25,0.05,lr1e-05_bs16_drop0p4_temp2p0_a0p25_b0p05__wd1e-04trmiss0_degmodglobal,33,0.7032951265573502,0.6977053880691528,0.42499999999999993,0.6467463092463093,0.46153846153846156,0.0,0.6526621878147125,0.6730453222990036,0.07753625512123108,0.21731450781226158,0.0,0.0,0.0,0.0,0.0,18473,global,0.0
1,2,lr1e-05_bs16_drop0p4_temp2p0_a0p25_b0p05__wd1e-04trmiss0_degmodglobal,16,1e-05,0.0001,0.4,2.0,0.25,0.05,lr1e-05_bs16_drop0p4_temp2p0_a0p25_b0p05__wd1e-04trmiss0_degmodglobal,34,0.7122763842344284,0.6978456377983093,0.475,0.7092463092463093,0.46153846153846156,0.0,0.6702337563037872,0.6711411029100418,0.1161904651671648,0.2417534738779068,0.0,0.0,0.0,0.0,0.0,18473,global,0.0
1,2,lr1e-05_bs16_drop0p4_temp2p0_a0p25_b0p05__wd1e-04trmiss0_degmodglobal,16,1e-05,0.0001,0.4,2.0,0.25,0.05,lr1e-05_bs16_drop0p4_temp2p0_a0p25_b0p05__wd1e-04trmiss0_degmodglobal,35,0.6897163689136505,0.6969047784805298,0.45,0.6554268648018649,0.46153846153846156,0.0,0.6473957151174545,0.6610292494297028,0.07328032981604338,0.2073405496776104,0.0,0.0,0.0,0.0,0.0,18473,global,0.0
1,2,lr1e-05_bs16_drop0p4_temp2p0_a0p25_b0p05__wd1e-04trmiss0_degmodglobal,16,1e-05,0.0001,0.4,2.0,0.25,0.05,lr1e-05_bs16_drop0p4_temp2p0_a0p25_b0p05__wd1e-04trmiss0_degmodglobal,36,0.67871955037117,0.6962578296661377,0.42499999999999993,0.6467463092463093,0.46153846153846156,0.0,0.6397992521524429,0.6460648328065872,0.08754832856357098,0.21535282023251057,0.0,0.0,0.0,0.0,0.0,18473,global,0.0
1,2,lr1e-05_bs16_drop0p4_temp2p0_a0p25_b0p05__wd1e-04trmiss0_degmodglobal,16,1e-05,0.0001,0.4,2.0,0.25,0.05,lr1e-05_bs16_drop0p4_temp2p0_a0p25_b0p05__wd1e-04trmiss0_degmodglobal,37,0.6735250800848007,0.6978196501731873,0.45,0.6675796425796426,0.46153846153846156,0.0,0.6796188950538635,0.6444676369428635,0.08093382976949215,0.1764799114316702,0.0,0.0,0.0,0.0,0.0,18473,global,0.0
1,2,lr1e-05_bs16_drop0p4_temp2p0_a0p25_b0p05__wd1e-04trmiss0_degmodglobal,16,1e-05,0.0001,0.4,2.0,0.25,0.05,lr1e-05_bs16_drop0p4_temp2p0_a0p25_b0p05__wd1e-04trmiss0_degmodglobal,38,0.6649819165468216,0.6977033019065857,0.42499999999999993,0.6467463092463093,0.46153846153846156,0.0,0.6332313567399979,0.6332549601793289,0.0848805233836174,0.21013689786195755,0.0,0.0,0.0,0.0,0.0,18473,global,0.0
1,2,lr1e-05_bs16_drop0p4_temp2p0_a0p25_b0p05__wd1e-04trmiss0_degmodglobal,16,1e-05,0.0001,0.4,2.0,0.25,0.05,lr1e-05_bs16_drop0p4_temp2p0_a0p25_b0p05__wd1e-04trmiss0_degmodglobal,39,0.6956415474414825,0.698498547077179,0.42499999999999993,0.6467463092463093,0.46153846153846156,0.0,0.6800209581851959,0.6638966798782349,0.08218842279165983,0.22395543195307255,0.0,0.0,0.0,0.0,0.0,18473,global,0.0
1,2,lr1e-05_bs16_drop0p4_temp2p0_a0p25_b0p05__wd1e-04trmiss0_degmodglobal,16,1e-05,0.0001,0.4,2.0,0.25,0.05,lr1e-05_bs16_drop0p4_temp2p0_a0p25_b0p05__wd1e-04trmiss0_degmodglobal,40,0.7267430126667023,0.6985214352607727,0.42499999999999993,0.6467463092463093,0.46153846153846156,0.0,0.6753576844930649,0.6879139244556427,0.1041008960455656,0.2560771517455578,0.0,0.0,0.0,0.0,0.0,18473,global,0.0
1,2,lr1e-05_bs16_drop0p4_temp2p0_a0p25_b0p05__wd1e-04trmiss0_degmodglobal,16,1e-05,0.0001,0.4,2.0,0.25,0.05,lr1e-05_bs16_drop0p4_temp2p0_a0p25_b0p05__wd1e-04trmiss0_degmodglobal,41,0.6887748539447784,0.6985870003700256,0.42499999999999993,0.6467463092463093,0.46153846153846156,0.0,0.6343526542186737,0.6582286655902863,0.08041209354996681,0.20886344835162163,0.0,0.0,0.0,0.0,0.0,18473,global,0.0
1,2,lr1e-05_bs16_drop0p4_temp2p0_a0p25_b0p05__wd1e-04trmiss0_degmodglobal,16,1e-05,0.0001,0.4,2.0,0.25,0.05,lr1e-05_bs16_drop0p4_temp2p0_a0p25_b0p05__wd1e-04trmiss0_degmodglobal,42,0.7115751802921295,0.6972816586494446,0.45,0.6675796425796426,0.46153846153846156,0.0,0.6412617862224579,0.6710734367370605,0.1152151357382536,0.23395930230617523,0.0,0.0,0.0,0.0,0.0,18473,global,0.0
1,2,lr1e-05_bs16_drop0p4_temp2p0_a0p25_b0p05__wd1e-04trmiss0_degmodglobal,16,1e-05,0.0001,0.4,2.0,0.25,0.05,lr1e-05_bs16_drop0p4_temp2p0_a0p25_b0p05__wd1e-04trmiss0_degmodglobal,43,0.6843181997537613,0.6966370940208435,0.475,0.7092463092463093,0.46153846153846156,0.0,0.6713796705007553,0.6492512077093124,0.09335597418248653,0.23455999977886677,0.0,0.0,0.0,0.0,0.0,18473,global,0.0
1,2,lr1e-05_bs16_drop0p4_temp2p0_a0p25_b0p05__wd1e-04trmiss0_degmodglobal,16,1e-05,0.0001,0.4,2.0,0.25,0.05,lr1e-05_bs16_drop0p4_temp2p0_a0p25_b0p05__wd1e-04trmiss0_degmodglobal,44,0.7058145105838776,0.6972169876098633,0.45,0.6675796425796426,0.46153846153846156,0.0,0.655913919210434,0.6707306951284409,0.09634907729923725,0.21993140876293182,0.0,0.0,0.0,0.0,0.0,18473,global,0.0
1,2,lr1e-05_bs16_drop0p4_temp2p0_a0p25_b0p05__wd1e-04trmiss0_degmodglobal,16,1e-05,0.0001,0.4,2.0,0.25,0.05,lr1e-05_bs16_drop0p4_temp2p0_a0p25_b0p05__wd1e-04trmiss0_degmodglobal,45,0.6887882053852081,0.6980236768722534,0.45,0.6675796425796426,0.46153846153846156,0.0,0.6287224143743515,0.6451175063848495,0.12115333043038845,0.26764746755361557,0.0,0.0,0.0,0.0,0.0,18473,global,0.0
1,2,lr1e-05_bs16_drop0p4_temp2p0_a0p25_b0p05__wd1e-04trmiss0_degmodglobal,16,1e-05,0.0001,0.4,2.0,0.25,0.05,lr1e-05_bs16_drop0p4_temp2p0_a0p25_b0p05__wd1e-04trmiss0_degmodglobal,46,0.6860856711864471,0.6991063356399536,0.45,0.6675796425796426,0.46153846153846156,0.0,0.6160755306482315,0.6564636677503586,0.07720783725380898,0.20640084519982338,0.0,0.0,0.0,0.0,0.0,18473,global,0.0
1,2,lr1e-05_bs16_drop0p4_temp2p0_a0p25_b0p05__wd1e-04trmiss0_degmodglobal,16,1e-05,0.0001,0.4,2.0,0.25,0.05,lr1e-05_bs16_drop0p4_temp2p0_a0p25_b0p05__wd1e-04trmiss0_degmodglobal,47,0.6542684435844421,0.7002699971199036,0.45,0.6675796425796426,0.46153846153846156,0.0,0.6307206302881241,0.6255851536989212,0.08138088323175907,0.16676132939755917,0.0,0.0,0.0,0.0,0.0,18473,global,0.0
1,3,lr1e-04_bs8_drop0p2_temp1p0_a0p25_b0p05__wd1e-04trmiss0_degmodglobal,8,0.0001,0.0001,0.2,1.0,0.25,0.05,lr1e-04_bs8_drop0p2_temp1p0_a0p25_b0p05__wd1e-04trmiss0_degmodglobal,1,0.7002325057983398,0.693631500005722,0.3055555555555556,0.658007733007733,0.46153846153846156,0.0,0.7349576779774257,0.6823446750640869,0.04479231791836875,0.1337949958230768,0.0,0.0,0.0,0.0,0.0,18473,global,0.0
1,3,lr1e-04_bs8_drop0p2_temp1p0_a0p25_b0p05__wd1e-04trmiss0_degmodglobal,8,0.0001,0.0001,0.2,1.0,0.25,0.05,lr1e-04_bs8_drop0p2_temp1p0_a0p25_b0p05__wd1e-04trmiss0_degmodglobal,2,0.6773787481444222,0.7006683945655823,0.3055555555555556,0.6170745920745921,0.38461538461538464,0.0,0.6854836770466396,0.6606015137263707,0.03998791426420212,0.13560493077550614,0.0,0.0,0.0,0.0,0.0,18473,global,0.0
1,3,lr1e-04_bs8_drop0p2_temp1p0_a0p25_b0p05__wd1e-04trmiss0_degmodglobal,8,0.0001,0.0001,0.2,1.0,0.25,0.05,lr1e-04_bs8_drop0p2_temp1p0_a0p25_b0p05__wd1e-04trmiss0_degmodglobal,3,0.6748102307319641,0.7137334942817688,0.3611111111111111,0.6936618936618937,0.38461538461538464,0.0,0.6956939782415118,0.6618966375078473,0.03333050651209695,0.09161945059895515,0.0,0.0,0.0,0.0,0.0,18473,global,0.0
1,3,lr1e-04_bs8_drop0p2_temp1p0_a0p25_b0p05__wd1e-04trmiss0_degmodglobal,8,0.0001,0.0001,0.2,1.0,0.25,0.05,lr1e-04_bs8_drop0p2_temp1p0_a0p25_b0p05__wd1e-04trmiss0_degmodglobal,4,0.6252454604421344,0.7169716060161591,0.3055555555555556,0.6694555444555446,0.46153846153846156,0.0,0.6686815704618182,0.6084201165607998,0.04140687175095081,0.12947213649749756,0.0,0.0,0.0,0.0,0.0,18473,global,0.0
1,3,lr1e-04_bs8_drop0p2_temp1p0_a0p25_b0p05__wd1e-04trmiss0_degmodglobal,8,0.0001,0.0001,0.2,1.0,0.25,0.05,lr1e-04_bs8_drop0p2_temp1p0_a0p25_b0p05__wd1e-04trmiss0_degmodglobal,5,0.6350618089948382,0.7173244655132294,0.3611111111111111,0.7176036926036926,0.38461538461538464,0.0,0.6400397675377982,0.6178254570279803,0.04263305344751903,0.1315617976444108,0.0,0.0,0.0,0.0,0.0,18473,global,0.0
1,3,lr1e-04_bs8_drop0p2_temp1p0_a0p25_b0p05__wd1e-04trmiss0_degmodglobal,8,0.0001,0.0001,0.2,1.0,0.25,0.05,lr1e-04_bs8_drop0p2_temp1p0_a0p25_b0p05__wd1e-04trmiss0_degmodglobal,6,0.5972565582820347,0.7112795114517212,0.3333333333333333,0.7064925814925815,0.46153846153846156,0.0,0.6247391785894122,0.5783532857894897,0.047485493921807835,0.140637890036617,0.0,0.0,0.0,0.0,0.0,18473,global,0.0
1,3,lr1e-04_bs8_drop0p2_temp1p0_a0p25_b0p05__wd1e-04trmiss0_degmodglobal,8,0.0001,0.0001,0.2,1.0,0.25,0.05,lr1e-04_bs8_drop0p2_temp1p0_a0p25_b0p05__wd1e-04trmiss0_degmodglobal,7,0.6088216304779053,0.7113209366798401,0.33333333333333337,0.6765262515262516,0.38461538461538464,0.0,0.6238263845443726,0.5913290296282087,0.04656277809824262,0.1170379923922675,0.0,0.0,0.0,0.0,0.0,18473,global,0.0
1,3,lr1e-04_bs8_drop0p2_temp1p0_a0p25_b0p05__wd1e-04trmiss0_degmodglobal,8,0.0001,0.0001,0.2,1.0,0.25,0.05,lr1e-04_bs8_drop0p2_temp1p0_a0p25_b0p05__wd1e-04trmiss0_degmodglobal,8,0.5778704115322658,0.7076943516731262,0.3055555555555556,0.658007733007733,0.38461538461538464,0.0,0.6086066450391497,0.5607828668185643,0.04408645310572216,0.12131851485797338,0.0,0.0,0.0,0.0,0.0,18473,global,0.0
1,3,lr1e-04_bs8_drop0p2_temp1p0_a0p25_b0p05__wd1e-04trmiss0_degmodglobal,8,0.0001,0.0001,0.2,1.0,0.25,0.05,lr1e-04_bs8_drop0p2_temp1p0_a0p25_b0p05__wd1e-04trmiss0_degmodglobal,9,0.5818554333278111,0.7080298066139221,0.38888888888888884,0.7043040293040292,0.38461538461538464,0.0,0.6028350591659546,0.5648535404886518,0.04258491577846663,0.12711320391723088,0.0,0.0,0.0,0.0,0.0,18473,global,0.0
1,3,lr1e-04_bs8_drop0p2_temp1p0_a0p25_b0p05__wd1e-04trmiss0_degmodglobal,8,0.0001,0.0001,0.2,1.0,0.25,0.05,lr1e-04_bs8_drop0p2_temp1p0_a0p25_b0p05__wd1e-04trmiss0_degmodglobal,10,0.6035476497241429,0.7021612823009491,0.38888888888888884,0.7043040293040292,0.46153846153846156,0.0,0.6171732885496957,0.5896751795496259,0.03584593055503709,0.09821968632084983,0.0,0.0,0.0,0.0,0.0,18473,global,0.0
1,3,lr1e-04_bs8_drop0p2_temp1p0_a0p25_b0p05__wd1e-04trmiss0_degmodglobal,8,0.0001,0.0001,0.2,1.0,0.25,0.05,lr1e-04_bs8_drop0p2_temp1p0_a0p25_b0p05__wd1e-04trmiss0_degmodglobal,11,0.5803644061088562,0.7020915746688843,0.4444444444444444,0.7519230769230769,0.46153846153846156,0.0,0.5904651539666312,0.5653761540140424,0.04026170713560922,0.09845678827592305,0.0,0.0,0.0,0.0,0.0,18473,global,0.0
1,3,lr1e-04_bs8_drop0p2_temp1p0_a0p25_b0p05__wd1e-04trmiss0_degmodglobal,8,0.0001,0.0001,0.2,1.0,0.25,0.05,lr1e-04_bs8_drop0p2_temp1p0_a0p25_b0p05__wd1e-04trmiss0_degmodglobal,12,0.5468270523207528,0.6984997391700745,0.41666666666666663,0.7448523698523699,0.46153846153846156,0.0,0.5933014920779637,0.5311513202530997,0.040349425481898446,0.11176772522074836,0.0,0.0,0.0,0.0,0.0,18473,global,0.0
1,3,lr1e-04_bs8_drop0p2_temp1p0_a0p25_b0p05__wd1e-04trmiss0_degmodglobal,8,0.0001,0.0001,0.2,1.0,0.25,0.05,lr1e-04_bs8_drop0p2_temp1p0_a0p25_b0p05__wd1e-04trmiss0_degmodglobal,13,0.5822516509464809,0.693990170955658,0.5277777777777778,0.8167378917378918,0.46153846153846156,0.0,0.5900722954954419,0.5657107489449638,0.04322191859994616,0.11470854122723852,0.0,0.0,0.0,0.0,0.0,18473,global,0.0
1,3,lr1e-04_bs8_drop0p2_temp1p0_a0p25_b0p05__wd1e-04trmiss0_degmodglobal,8,0.0001,0.0001,0.2,1.0,0.25,0.05,lr1e-04_bs8_drop0p2_temp1p0_a0p25_b0p05__wd1e-04trmiss0_degmodglobal,14,0.5408716797828674,0.6963638663291931,0.49999999999999994,0.7945156695156697,0.46153846153846156,0.0,0.5584566508020673,0.5284899004868099,0.034470285954219956,0.07528424848403249,0.0,0.0,0.0,0.0,0.0,18473,global,0.0
1,3,lr1e-04_bs8_drop0p2_temp1p0_a0p25_b0p05__wd1e-04trmiss0_degmodglobal,8,0.0001,0.0001,0.2,1.0,0.25,0.05,lr1e-04_bs8_drop0p2_temp1p0_a0p25_b0p05__wd1e-04trmiss0_degmodglobal,15,0.548326918057033,0.6988189816474915,0.4722222222222222,0.7797008547008548,0.46153846153846156,0.0,0.53558035833495,0.5299814088003976,0.048036093158381324,0.1267298012971878,0.0,0.0,0.0,0.0,0.0,18473,global,0.0
1,3,lr1e-04_bs8_drop0p2_temp1p0_a0p25_b0p05__wd1e-04trmiss0_degmodglobal,8,0.0001,0.0001,0.2,1.0,0.25,0.05,lr1e-04_bs8_drop0p2_temp1p0_a0p25_b0p05__wd1e-04trmiss0_degmodglobal,16,0.5618842967918941,0.6942659616470337,0.5277777777777778,0.8167378917378918,0.46153846153846156,0.0,0.5518953417028699,0.5472865871020726,0.040030156661357195,0.09180337483329433,0.0,0.0,0.0,0.0,0.0,18473,global,0.0
1,3,lr1e-04_bs8_drop0p2_temp1p0_a0p25_b0p05__wd1e-04trmiss0_degmodglobal,8,0.0001,0.0001,0.2,1.0,0.25,0.05,lr1e-04_bs8_drop0p2_temp1p0_a0p25_b0p05__wd1e-04trmiss0_degmodglobal,17,0.5625795381409782,0.69339919090271,0.5277777777777778,0.8167378917378918,0.46153846153846156,0.0,0.5654882660933903,0.5444485119410923,0.04436846396752766,0.14077826482909067,0.0,0.0,0.0,0.0,0.0,18473,global,0.0
1,3,lr1e-04_bs8_drop0p2_temp1p0_a0p25_b0p05__wd1e-04trmiss0_degmodglobal,8,0.0001,0.0001,0.2,1.0,0.25,0.05,lr1e-04_bs8_drop0p2_temp1p0_a0p25_b0p05__wd1e-04trmiss0_degmodglobal,18,0.5417444705963135,0.6967612504959106,0.5,0.8096671846671848,0.46153846153846156,0.0,0.5244064927101135,0.5231793906007495,0.04856458306312561,0.12847882296357835,0.0,0.0,0.0,0.0,0.0,18473,global,0.0
1,3,lr1e-04_bs8_drop0p2_temp1p0_a0p25_b0p05__wd1e-04trmiss0_degmodglobal,8,0.0001,0.0001,0.2,1.0,0.25,0.05,lr1e-04_bs8_drop0p2_temp1p0_a0p25_b0p05__wd1e-04trmiss0_degmodglobal,19,0.5401686217103686,0.6995641589164734,0.5,0.8096671846671848,0.46153846153846156,0.0,0.5752431750297546,0.5232180612427848,0.04572118180138724,0.11040511035493442,0.0,0.0,0.0,0.0,0.0,18473,global,0.0
1,3,lr1e-04_bs8_drop0p2_temp1p0_a0p25_b0p05__wd1e-04trmiss0_degmodglobal,8,0.0001,0.0001,0.2,1.0,0.25,0.05,lr1e-04_bs8_drop0p2_temp1p0_a0p25_b0p05__wd1e-04trmiss0_degmodglobal,20,0.5330056122371128,0.700995922088623,0.5,0.8096671846671848,0.38461538461538464,0.0,0.5566472240856716,0.5159258246421814,0.04685638179736478,0.10731357442481178,0.0,0.0,0.0,0.0,0.0,18473,global,0.0
1,3,lr1e-04_bs8_drop0p2_temp1p0_a0p25_b0p05__wd1e-04trmiss0_degmodglobal,8,0.0001,0.0001,0.2,1.0,0.25,0.05,lr1e-04_bs8_drop0p2_temp1p0_a0p25_b0p05__wd1e-04trmiss0_degmodglobal,21,0.5168400491986956,0.692646324634552,0.5277777777777778,0.8167378917378918,0.46153846153846156,0.0,0.5330738084656852,0.5028726926871708,0.04042608769876616,0.07721696368285588,0.0,0.0,0.0,0.0,0.0,18473,global,0.0
1,3,lr1e-04_bs8_drop0p2_temp1p0_a0p25_b0p05__wd1e-04trmiss0_degmodglobal,8,0.0001,0.0001,0.2,1.0,0.25,0.05,lr1e-04_bs8_drop0p2_temp1p0_a0p25_b0p05__wd1e-04trmiss0_degmodglobal,22,0.5438091158866882,0.6899043023586273,0.5277777777777778,0.8167378917378918,0.38461538461538464,0.0,0.5362065306731633,0.525802480322974,0.04876362159848213,0.11631484156740564,0.0,0.0,0.0,0.0,0.0,18473,global,0.0
1,3,lr1e-04_bs8_drop0p2_temp1p0_a0p25_b0p05__wd1e-04trmiss0_degmodglobal,8,0.0001,0.0001,0.2,1.0,0.25,0.05,lr1e-04_bs8_drop0p2_temp1p0_a0p25_b0p05__wd1e-04trmiss0_degmodglobal,23,0.529770974602018,0.6943333148956299,0.5277777777777778,0.8167378917378918,0.46153846153846156,0.0,0.5468219092914036,0.5109512295041766,0.054574472563607354,0.10352253701005663,0.0,0.0,0.0,0.0,0.0,18473,global,0.0
1,3,lr1e-04_bs8_drop0p2_temp1p0_a0p25_b0p05__wd1e-04trmiss0_degmodglobal,8,0.0001,0.0001,0.2,1.0,0.25,0.05,lr1e-04_bs8_drop0p2_temp1p0_a0p25_b0p05__wd1e-04trmiss0_degmodglobal,24,0.5506002051489693,0.7023418545722961,0.5277777777777778,0.8167378917378918,0.46153846153846156,0.0,0.5590982862881252,0.5311506049973624,0.0574109112577779,0.10193722375801631,0.0,0.0,0.0,0.0,0.0,18473,global,0.0
1,3,lr1e-04_bs8_drop0p2_temp1p0_a0p25_b0p05__wd1e-04trmiss0_degmodglobal,8,0.0001,0.0001,0.2,1.0,0.25,0.05,lr1e-04_bs8_drop0p2_temp1p0_a0p25_b0p05__wd1e-04trmiss0_degmodglobal,25,0.5203252732753754,0.6961924135684967,0.5277777777777778,0.8167378917378918,0.46153846153846156,0.0,0.5249091173921313,0.4976970766271864,0.06382490588085991,0.13343931947435653,0.0,0.0,0.0,0.0,0.0,18473,global,0.0
1,3,lr1e-04_bs8_drop0p2_temp1p0_a0p25_b0p05__wd1e-04trmiss0_degmodglobal,8,0.0001,0.0001,0.2,1.0,0.25,0.05,lr1e-04_bs8_drop0p2_temp1p0_a0p25_b0p05__wd1e-04trmiss0_degmodglobal,26,0.556355574301311,0.6990193426609039,0.5277777777777778,0.8167378917378918,0.38461538461538464,0.0,0.5319782069751194,0.5357903284685952,0.059253714446510584,0.11503649769084794,0.0,0.0,0.0,0.0,0.0,18473,global,0.0
1,3,lr1e-04_bs8_drop0p2_temp1p0_a0p25_b0p05__wd1e-04trmiss0_degmodglobal,8,0.0001,0.0001,0.2,1.0,0.25,0.05,lr1e-04_bs8_drop0p2_temp1p0_a0p25_b0p05__wd1e-04trmiss0_degmodglobal,27,0.5344408622809819,0.6999285519123077,0.49999999999999994,0.7945156695156697,0.38461538461538464,0.0,0.5203066085066114,0.5145335240023476,0.06031057717544692,0.09659386639084135,0.0,0.0,0.0,0.0,0.0,18473,global,0.0
1,3,lr1e-04_bs8_drop0p2_temp1p0_a0p25_b0p05__wd1e-04trmiss0_degmodglobal,8,0.0001,0.0001,0.2,1.0,0.25,0.05,lr1e-04_bs8_drop0p2_temp1p0_a0p25_b0p05__wd1e-04trmiss0_degmodglobal,28,0.5404594583170754,0.6960951685905457,0.4722222222222222,0.7797008547008548,0.38461538461538464,0.0,0.5135650379317147,0.5194136330059597,0.05800035063709531,0.1309149871979441,0.0,0.0,0.0,0.0,0.0,18473,global,0.0
1,3,lr1e-04_bs8_drop0p2_temp1p0_a0p25_b0p05__wd1e-04trmiss0_degmodglobal,8,0.0001,0.0001,0.2,1.0,0.25,0.05,lr1e-04_bs8_drop0p2_temp1p0_a0p25_b0p05__wd1e-04trmiss0_degmodglobal,29,0.5521698551518577,0.7045228481292725,0.4444444444444444,0.7726301476301476,0.38461538461538464,0.0,0.5224868527480534,0.5256445194993701,0.07077224233320781,0.17664543007101333,0.0,0.0,0.0,0.0,0.0,18473,global,0.0
1,3,lr1e-04_bs8_drop0p2_temp1p0_a0p25_b0p05__wd1e-04trmiss0_degmodglobal,8,0.0001,0.0001,0.2,1.0,0.25,0.05,lr1e-04_bs8_drop0p2_temp1p0_a0p25_b0p05__wd1e-04trmiss0_degmodglobal,30,0.528261912720544,0.7009604275226593,0.4444444444444444,0.7726301476301476,0.38461538461538464,0.0,0.4936323719365256,0.5041023535387856,0.07377064707023757,0.11433784450803484,0.0,0.0,0.0,0.0,0.0,18473,global,0.0
1,3,lr1e-04_bs8_drop0p2_temp1p0_a0p25_b0p05__wd1e-04trmiss0_degmodglobal,8,0.0001,0.0001,0.2,1.0,0.25,0.05,lr1e-04_bs8_drop0p2_temp1p0_a0p25_b0p05__wd1e-04trmiss0_degmodglobal,31,0.5608784811837333,0.6996030509471893,0.5,0.8096671846671848,0.38461538461538464,0.0,0.5348892509937286,0.5424775736672538,0.05477928237191269,0.09412156876974873,0.0,0.0,0.0,0.0,0.0,18473,global,0.0
1,3,lr1e-04_bs8_drop0p2_temp1p0_a0p25_b0p05__wd1e-04trmiss0_degmodglobal,8,0.0001,0.0001,0.2,1.0,0.25,0.05,lr1e-04_bs8_drop0p2_temp1p0_a0p25_b0p05__wd1e-04trmiss0_degmodglobal,32,0.5407910091536385,0.701633870601654,0.5,0.8096671846671848,0.38461538461538464,0.0,0.5434342452457973,0.5247549499784198,0.05142417762960706,0.06360001462910857,0.0,0.0,0.0,0.0,0.0,18473,global,0.0
1,3,lr1e-04_bs8_drop0p2_temp1p0_a0p25_b0p05__wd1e-04trmiss0_degmodglobal,8,0.0001,0.0001,0.2,1.0,0.25,0.05,lr1e-04_bs8_drop0p2_temp1p0_a0p25_b0p05__wd1e-04trmiss0_degmodglobal,33,0.518292737858636,0.6991502344608307,0.47222222222222215,0.7874449624449624,0.38461538461538464,0.0,0.5131219114576068,0.4985414871147701,0.061701297227825434,0.08651854284107685,0.0,0.0,0.0,0.0,0.0,18473,global,0.0
1,3,lr1e-04_bs8_drop0p2_temp1p0_a0p25_b0p05__wd1e-04trmiss0_degmodglobal,8,0.0001,0.0001,0.2,1.0,0.25,0.05,lr1e-04_bs8_drop0p2_temp1p0_a0p25_b0p05__wd1e-04trmiss0_degmodglobal,34,0.5341344858918872,0.6943107545375824,0.5277777777777778,0.8167378917378918,0.38461538461538464,0.0,0.5043230312211173,0.5133571752480098,0.0630781560071877,0.10015571649585452,0.0,0.0,0.0,0.0,0.0,18473,global,0.0
1,3,lr1e-04_bs8_drop0p2_temp1p0_a0p25_b0p05__wd1e-04trmiss0_degmodglobal,8,0.0001,0.0001,0.2,1.0,0.25,0.05,lr1e-04_bs8_drop0p2_temp1p0_a0p25_b0p05__wd1e-04trmiss0_degmodglobal,35,0.5049550405570439,0.6917862296104431,0.5277777777777778,0.8167378917378918,0.38461538461538464,0.0,0.4919523852212088,0.48401351485933575,0.06563252370272364,0.09066779166460037,0.0,0.0,0.0,0.0,0.0,18473,global,0.0
1,3,lr1e-04_bs8_drop0p2_temp1p0_a0p25_b0p05__wd1e-04trmiss0_degmodglobal,8,0.0001,0.0001,0.2,1.0,0.25,0.05,lr1e-04_bs8_drop0p2_temp1p0_a0p25_b0p05__wd1e-04trmiss0_degmodglobal,36,0.5501389844076974,0.6911922097206116,0.5277777777777778,0.8167378917378918,0.38461538461538464,0.0,0.49165829590388704,0.521656973021371,0.07840997938598905,0.17759026374135697,0.0,0.0,0.0,0.0,0.0,18473,global,0.0
1,3,lr1e-04_bs8_drop0p2_temp1p0_a0p25_b0p05__wd1e-04trmiss0_degmodglobal,8,0.0001,0.0001,0.2,1.0,0.25,0.05,lr1e-04_bs8_drop0p2_temp1p0_a0p25_b0p05__wd1e-04trmiss0_degmodglobal,37,0.5419302753039769,0.6954633593559265,0.5277777777777778,0.8167378917378918,0.38461538461538464,0.0,0.522719532251358,0.5160428924219949,0.07702424403812204,0.13262636374150003,0.0,0.0,0.0,0.0,0.0,18473,global,0.0
1,3,lr1e-04_bs8_drop0p2_temp1p0_a0p25_b0p05__wd1e-04trmiss0_degmodglobal,8,0.0001,0.0001,0.2,1.0,0.25,0.05,lr1e-04_bs8_drop0p2_temp1p0_a0p25_b0p05__wd1e-04trmiss0_degmodglobal,38,0.527604056256158,0.6933230757713318,0.5277777777777778,0.8167378917378918,0.38461538461538464,0.0,0.48719888074057444,0.5040828159877232,0.06707136439425605,0.13506795359509333,0.0,0.0,0.0,0.0,0.0,18473,global,0.0
1,3,lr1e-04_bs8_drop0p2_temp1p0_a0p25_b0p05__wd1e-04trmiss0_degmodglobal,8,0.0001,0.0001,0.2,1.0,0.25,0.05,lr1e-04_bs8_drop0p2_temp1p0_a0p25_b0p05__wd1e-04trmiss0_degmodglobal,39,0.49902766942977905,0.691463977098465,0.5277777777777778,0.8167378917378918,0.46153846153846156,0.0,0.46706982595579966,0.47752327152660917,0.0657360420695373,0.10140773387891906,0.0,0.0,0.0,0.0,0.0,18473,global,0.0
1,3,lr1e-04_bs8_drop0p2_temp1p0_a0p25_b0p05__wd1e-04trmiss0_degmodglobal,8,0.0001,0.0001,0.2,1.0,0.25,0.05,lr1e-04_bs8_drop0p2_temp1p0_a0p25_b0p05__wd1e-04trmiss0_degmodglobal,40,0.5265368010316577,0.6888979077339172,0.5277777777777778,0.8167378917378918,0.46153846153846156,0.0,0.4674250738961356,0.4972855235849108,0.08606247710330146,0.15471322195870535,0.0,0.0,0.0,0.0,0.0,18473,global,0.0
1,3,lr1e-04_bs8_drop0p2_temp1p0_a0p25_b0p05__wd1e-04trmiss0_degmodglobal,8,0.0001,0.0001,0.2,1.0,0.25,0.05,lr1e-04_bs8_drop0p2_temp1p0_a0p25_b0p05__wd1e-04trmiss0_degmodglobal,41,0.5052819890635354,0.6894950568675995,0.5277777777777778,0.8167378917378918,0.38461538461538464,0.0,0.48418771794864107,0.4823686565671648,0.06824827673179763,0.11702529873166766,0.0,0.0,0.0,0.0,0.0,18473,global,0.0
1,3,lr1e-04_bs8_drop0p2_temp1p0_a0p25_b0p05__wd1e-04trmiss0_degmodglobal,8,0.0001,0.0001,0.2,1.0,0.25,0.05,lr1e-04_bs8_drop0p2_temp1p0_a0p25_b0p05__wd1e-04trmiss0_degmodglobal,42,0.5279007511479514,0.6930784285068512,0.5277777777777778,0.8167378917378918,0.46153846153846156,0.0,0.49486554520470755,0.5027942274297986,0.07319588267377444,0.1361510923930577,0.0,0.0,0.0,0.0,0.0,18473,global,0.0
1,3,lr1e-04_bs8_drop0p2_temp1p0_a0p25_b0p05__wd1e-04trmiss0_degmodglobal,8,0.0001,0.0001,0.2,1.0,0.25,0.05,lr1e-04_bs8_drop0p2_temp1p0_a0p25_b0p05__wd1e-04trmiss0_degmodglobal,43,0.4986224217074258,0.6936995089054108,0.5277777777777778,0.8167378917378918,0.38461538461538464,0.0,0.45987044061933247,0.47283935121127535,0.07870841239179883,0.12211930166397776,0.0,0.0,0.0,0.0,0.0,18473,global,0.0
1,3,lr1e-04_bs8_drop0p2_temp1p0_a0p25_b0p05__wd1e-04trmiss0_degmodglobal,8,0.0001,0.0001,0.2,1.0,0.25,0.05,lr1e-04_bs8_drop0p2_temp1p0_a0p25_b0p05__wd1e-04trmiss0_degmodglobal,44,0.5215761022908347,0.6974482834339142,0.5277777777777778,0.8167378917378918,0.38461538461538464,0.0,0.4678024819919041,0.49308896916253225,0.08352134483201164,0.15213570530925477,0.0,0.0,0.0,0.0,0.0,18473,global,0.0
1,3,lr1e-04_bs8_drop0p2_temp1p0_a0p25_b0p05__wd1e-04trmiss0_degmodglobal,8,0.0001,0.0001,0.2,1.0,0.25,0.05,lr1e-04_bs8_drop0p2_temp1p0_a0p25_b0p05__wd1e-04trmiss0_degmodglobal,45,0.509076109954289,0.6989551484584808,0.5277777777777778,0.8167378917378918,0.38461538461538464,0.0,0.4536788506167276,0.4778472099985395,0.0913669786282948,0.16774313577583858,0.0,0.0,0.0,0.0,0.0,18473,global,0.0
1,3,lr1e-04_bs8_drop0p2_temp1p0_a0p25_b0p05__wd1e-04trmiss0_degmodglobal,8,0.0001,0.0001,0.2,1.0,0.25,0.05,lr1e-04_bs8_drop0p2_temp1p0_a0p25_b0p05__wd1e-04trmiss0_degmodglobal,46,0.5263761367116656,0.7033667266368866,0.5277777777777778,0.8167378917378918,0.38461538461538464,0.0,0.4581450181347983,0.48226330961499897,0.12391637212463788,0.2626745104789734,0.0,0.0,0.0,0.0,0.0,18473,global,0.0
1,3,lr1e-04_bs8_drop0p2_temp1p0_a0p25_b0p05__wd1e-04trmiss0_degmodglobal,8,0.0001,0.0001,0.2,1.0,0.25,0.05,lr1e-04_bs8_drop0p2_temp1p0_a0p25_b0p05__wd1e-04trmiss0_degmodglobal,47,0.5107421278953552,0.6998987793922424,0.5277777777777778,0.8167378917378918,0.38461538461538464,0.0,0.46188474552971975,0.4800027140549251,0.08901342483503479,0.1697211813713823,0.0,0.0,0.0,0.0,0.0,18473,global,0.0
1,3,lr1e-04_bs8_drop0p2_temp1p0_a0p25_b0p05__wd1e-04trmiss0_degmodglobal,8,0.0001,0.0001,0.2,1.0,0.25,0.05,lr1e-04_bs8_drop0p2_temp1p0_a0p25_b0p05__wd1e-04trmiss0_degmodglobal,48,0.5476400000708443,0.6954719722270966,0.5277777777777778,0.8167378917378918,0.38461538461538464,0.0,0.4792685295854296,0.5055519299847739,0.11913759367806571,0.246073453021901,0.0,0.0,0.0,0.0,0.0,18473,global,0.0
1,3,lr1e-04_bs8_drop0p2_temp1p0_a0p25_b0p05__wd1e-04trmiss0_degmodglobal,8,0.0001,0.0001,0.2,1.0,0.25,0.05,lr1e-04_bs8_drop0p2_temp1p0_a0p25_b0p05__wd1e-04trmiss0_degmodglobal,49,0.5255919694900513,0.6975536346435547,0.5277777777777778,0.8167378917378918,0.46153846153846156,0.0,0.45874100497790743,0.48953520825931,0.10718489118984767,0.18521082933459962,0.0,0.0,0.0,0.0,0.0,18473,global,0.0
1,3,lr1e-04_bs8_drop0p2_temp1p0_a0p25_b0p05__wd1e-04trmiss0_degmodglobal,8,0.0001,0.0001,0.2,1.0,0.25,0.05,lr1e-04_bs8_drop0p2_temp1p0_a0p25_b0p05__wd1e-04trmiss0_degmodglobal,50,0.5565388543265206,0.6960310637950897,0.5277777777777778,0.8167378917378918,0.38461538461538464,0.0,0.4500258139201573,0.5104606577328273,0.1302780317408698,0.2701738051005772,0.0,0.0,0.0,0.0,0.0,18473,global,0.0
1,3,lr1e-04_bs8_drop0p2_temp1p0_a0p25_b0p05__wd1e-04trmiss0_degmodglobal,8,0.0001,0.0001,0.2,1.0,0.25,0.05,lr1e-04_bs8_drop0p2_temp1p0_a0p25_b0p05__wd1e-04trmiss0_degmodglobal,51,0.5327559624399457,0.6986958384513855,0.5277777777777778,0.8167378917378918,0.46153846153846156,0.0,0.4551560878753662,0.49895418116024565,0.09738422877022199,0.18911462330392428,0.0,0.0,0.0,0.0,0.0,18473,global,0.0
1,3,lr1e-04_bs8_drop0p2_temp1p0_a0p25_b0p05__wd1e-04trmiss0_degmodglobal,8,0.0001,0.0001,0.2,1.0,0.25,0.05,lr1e-04_bs8_drop0p2_temp1p0_a0p25_b0p05__wd1e-04trmiss0_degmodglobal,52,0.5093214724745069,0.697662889957428,0.5277777777777778,0.8167378917378918,0.46153846153846156,0.0,0.4316527971199581,0.47359380551746916,0.11403281720621246,0.14438950163977488,0.0,0.0,0.0,0.0,0.0,18473,global,0.0
1,3,lr1e-04_bs8_drop0p2_temp1p0_a0p25_b0p05__wd1e-04trmiss0_degmodglobal,8,0.0001,0.0001,0.2,1.0,0.25,0.05,lr1e-04_bs8_drop0p2_temp1p0_a0p25_b0p05__wd1e-04trmiss0_degmodglobal,53,0.5471114090510777,0.6991301476955414,0.5277777777777778,0.8167378917378918,0.46153846153846156,0.0,0.46402093342372347,0.5065501715455737,0.11315930847610746,0.24542809543865068,0.0,0.0,0.0,0.0,0.0,18473,global,0.0
1,3,lr1e-04_bs8_drop0p2_temp1p0_a0p25_b0p05__wd1e-04trmiss0_degmodglobal,8,0.0001,0.0001,0.2,1.0,0.25,0.05,lr1e-04_bs8_drop0p2_temp1p0_a0p25_b0p05__wd1e-04trmiss0_degmodglobal,54,0.5187606598649707,0.6959660053253174,0.5277777777777778,0.8167378917378918,0.38461538461538464,0.0,0.43818906375340055,0.4903779753616878,0.08114037715962955,0.1619520080941064,0.0,0.0,0.0,0.0,0.0,18473,global,0.0
1,3,lr1e-04_bs8_drop0p2_temp1p0_a0p25_b0p05__wd1e-04trmiss0_degmodglobal,8,0.0001,0.0001,0.2,1.0,0.25,0.05,lr1e-04_bs8_drop0p2_temp1p0_a0p25_b0p05__wd1e-04trmiss0_degmodglobal,55,0.5169815421104431,0.6968584358692169,0.5277777777777778,0.8167378917378918,0.46153846153846156,0.0,0.46265158482960295,0.49020793608256746,0.07636118094835963,0.15366640793425695,0.0,0.0,0.0,0.0,0.0,18473,global,0.0
1,3,lr1e-04_bs8_drop0p2_temp1p0_a0p25_b0p05__wd1e-04trmiss0_degmodglobal,8,0.0001,0.0001,0.2,1.0,0.25,0.05,lr1e-04_bs8_drop0p2_temp1p0_a0p25_b0p05__wd1e-04trmiss0_degmodglobal,56,0.5381577951567513,0.7015193998813629,0.5277777777777778,0.8167378917378918,0.46153846153846156,0.0,0.43959074360983713,0.5051425652844566,0.0908149140221732,0.20623004649366652,0.0,0.0,0.0,0.0,0.0,18473,global,0.0
1,3,lr1e-04_bs8_drop0p2_temp1p0_a0p25_b0p05__wd1e-04trmiss0_degmodglobal,8,0.0001,0.0001,0.2,1.0,0.25,0.05,lr1e-04_bs8_drop0p2_temp1p0_a0p25_b0p05__wd1e-04trmiss0_degmodglobal,57,0.5188992151192257,0.6988421380519867,0.5277777777777778,0.8167378917378918,0.46153846153846156,0.0,0.4396403006144932,0.48337358236312866,0.09266338071652822,0.24719579943588801,0.0,0.0,0.0,0.0,0.0,18473,global,0.0
1,3,lr1e-04_bs8_drop0p2_temp1p0_a0p25_b0p05__wd1e-04trmiss0_degmodglobal,8,0.0001,0.0001,0.2,1.0,0.25,0.05,lr1e-04_bs8_drop0p2_temp1p0_a0p25_b0p05__wd1e-04trmiss0_degmodglobal,58,0.5060294781412397,0.6942171454429626,0.5277777777777778,0.8167378917378918,0.46153846153846156,0.0,0.4439886382647923,0.47916726555143085,0.07357776058571679,0.16935567557811737,0.0,0.0,0.0,0.0,0.0,18473,global,0.0
1,3,lr1e-04_bs8_drop0p2_temp1p0_a0p25_b0p05__wd1e-04trmiss0_degmodglobal,8,0.0001,0.0001,0.2,1.0,0.25,0.05,lr1e-04_bs8_drop0p2_temp1p0_a0p25_b0p05__wd1e-04trmiss0_degmodglobal,59,0.535325152533395,0.7000517547130585,0.5277777777777778,0.8167378917378918,0.46153846153846156,0.0,0.4198101546083178,0.49030979190553936,0.12830688059329987,0.25877298627580914,0.0,0.0,0.0,0.0,0.0,18473,global,0.0
1,3,lr1e-04_bs8_drop0p2_temp1p0_a0p25_b0p05__wd1e-04trmiss0_degmodglobal,8,0.0001,0.0001,0.2,1.0,0.25,0.05,lr1e-04_bs8_drop0p2_temp1p0_a0p25_b0p05__wd1e-04trmiss0_degmodglobal,60,0.5200782503400531,0.698167473077774,0.5277777777777778,0.8167378917378918,0.46153846153846156,0.0,0.4148390931742532,0.4917452931404114,0.08601411432027817,0.13658858835697174,0.0,0.0,0.0,0.0,0.0,18473,global,0.0
1,3,lr1e-04_bs8_drop0p2_temp2p0_a0p25_b0p05__wd1e-04trmiss0_degmodglobal,8,0.0001,0.0001,0.2,2.0,0.25,0.05,lr1e-04_bs8_drop0p2_temp2p0_a0p25_b0p05__wd1e-04trmiss0_degmodglobal,1,0.7051164167267936,0.6838318705558777,0.6388888888888888,0.7919753086419754,0.6153846153846154,0.0,0.6992480669702802,0.6851891108921596,0.05232986994087696,0.13689657087836946,0.0,0.0,0.0,0.0,0.0,18473,global,0.0
1,3,lr1e-04_bs8_drop0p2_temp2p0_a0p25_b0p05__wd1e-04trmiss0_degmodglobal,8,0.0001,0.0001,0.2,2.0,0.25,0.05,lr1e-04_bs8_drop0p2_temp2p0_a0p25_b0p05__wd1e-04trmiss0_degmodglobal,2,0.6865048408508301,0.6832659542560577,0.611111111111111,0.7419142585809253,0.6153846153846154,0.0,0.6818506973130363,0.6724020327840533,0.038282862465296476,0.09064186949815069,0.0,0.0,0.0,0.0,0.0,18473,global,0.0
1,3,lr1e-04_bs8_drop0p2_temp2p0_a0p25_b0p05__wd1e-04trmiss0_degmodglobal,8,0.0001,0.0001,0.2,2.0,0.25,0.05,lr1e-04_bs8_drop0p2_temp2p0_a0p25_b0p05__wd1e-04trmiss0_degmodglobal,3,0.6785246900149754,0.6845062971115112,0.611111111111111,0.7419142585809253,0.6153846153846154,0.0,0.630104524748666,0.6609968883650643,0.04594907004918371,0.1208105981349945,0.0,0.0,0.0,0.0,0.0,18473,global,0.0
1,3,lr1e-04_bs8_drop0p2_temp2p0_a0p25_b0p05__wd1e-04trmiss0_degmodglobal,8,0.0001,0.0001,0.2,2.0,0.25,0.05,lr1e-04_bs8_drop0p2_temp2p0_a0p25_b0p05__wd1e-04trmiss0_degmodglobal,4,0.6457911559513637,0.6794135570526123,0.6388888888888888,0.7527167277167278,0.6153846153846154,0.0,0.6006983688899449,0.6267617089407784,0.05261322323765073,0.11752312005098377,0.0,0.0,0.0,0.0,0.0,18473,global,0.0
1,3,lr1e-04_bs8_drop0p2_temp2p0_a0p25_b0p05__wd1e-04trmiss0_degmodglobal,8,0.0001,0.0001,0.2,2.0,0.25,0.05,lr1e-04_bs8_drop0p2_temp2p0_a0p25_b0p05__wd1e-04trmiss0_degmodglobal,5,0.6152091877801078,0.6736314296722412,0.6666666666666666,0.7591269841269842,0.6153846153846154,0.0,0.6005203468458993,0.5982486605644226,0.04815702858780112,0.09842555544206075,0.0,0.0,0.0,0.0,0.0,18473,global,0.0
1,3,lr1e-04_bs8_drop0p2_temp2p0_a0p25_b0p05__wd1e-04trmiss0_degmodglobal,8,0.0001,0.0001,0.2,2.0,0.25,0.05,lr1e-04_bs8_drop0p2_temp2p0_a0p25_b0p05__wd1e-04trmiss0_degmodglobal,6,0.6340505395616803,0.671278566122055,0.5833333333333333,0.7231922398589066,0.5384615384615384,0.0,0.5921385713985988,0.6135334287370954,0.05860105050461633,0.11733675588454519,0.0,0.0,0.0,0.0,0.0,18473,global,0.0
1,3,lr1e-04_bs8_drop0p2_temp2p0_a0p25_b0p05__wd1e-04trmiss0_degmodglobal,8,0.0001,0.0001,0.2,2.0,0.25,0.05,lr1e-04_bs8_drop0p2_temp2p0_a0p25_b0p05__wd1e-04trmiss0_degmodglobal,7,0.5882850629942757,0.6753320693969727,0.6111111111111112,0.7364197530864198,0.5384615384615384,0.0,0.581058280808585,0.5674410334655217,0.06058834200458867,0.11393891008836883,0.0,0.0,0.0,0.0,0.0,18473,global,0.0
1,3,lr1e-04_bs8_drop0p2_temp2p0_a0p25_b0p05__wd1e-04trmiss0_degmodglobal,8,0.0001,0.0001,0.2,2.0,0.25,0.05,lr1e-04_bs8_drop0p2_temp2p0_a0p25_b0p05__wd1e-04trmiss0_degmodglobal,8,0.6089968255587986,0.677511066198349,0.5833333333333333,0.7231922398589066,0.5384615384615384,0.0,0.6019168410982404,0.5910439235823495,0.048644040312085836,0.11583755218556949,0.0,0.0,0.0,0.0,0.0,18473,global,0.0
1,3,lr1e-04_bs8_drop0p2_temp2p0_a0p25_b0p05__wd1e-04trmiss0_degmodglobal,8,0.0001,0.0001,0.2,2.0,0.25,0.05,lr1e-04_bs8_drop0p2_temp2p0_a0p25_b0p05__wd1e-04trmiss0_degmodglobal,9,0.5891878519739423,0.6741985380649567,0.6111111111111112,0.8077040243706912,0.46153846153846156,0.0,0.5384855696133205,0.5663194145475116,0.0628601536154747,0.1430683167917388,0.0,0.0,0.0,0.0,0.0,18473,global,0.0
1,3,lr1e-04_bs8_drop0p2_temp2p0_a0p25_b0p05__wd1e-04trmiss0_degmodglobal,8,0.0001,0.0001,0.2,2.0,0.25,0.05,lr1e-04_bs8_drop0p2_temp2p0_a0p25_b0p05__wd1e-04trmiss0_degmodglobal,10,0.6089719363621303,0.6663274765014648,0.5833333333333333,0.770666987333654,0.5384615384615384,0.0,0.5720722334725517,0.592217641217368,0.04904572958392756,0.08985711128583976,0.0,0.0,0.0,0.0,0.0,18473,global,0.0
1,3,lr1e-04_bs8_drop0p2_temp2p0_a0p25_b0p05__wd1e-04trmiss0_degmodglobal,8,0.0001,0.0001,0.2,2.0,0.25,0.05,lr1e-04_bs8_drop0p2_temp2p0_a0p25_b0p05__wd1e-04trmiss0_degmodglobal,11,0.5974526745932442,0.6715294420719147,0.5833333333333333,0.770666987333654,0.46153846153846156,0.0,0.5539325731141227,0.5793367113385882,0.0520293153822422,0.10217290903840746,0.0,0.0,0.0,0.0,0.0,18473,global,0.0
1,3,lr1e-04_bs8_drop0p2_temp2p0_a0p25_b0p05__wd1e-04trmiss0_degmodglobal,8,0.0001,0.0001,0.2,2.0,0.25,0.05,lr1e-04_bs8_drop0p2_temp2p0_a0p25_b0p05__wd1e-04trmiss0_degmodglobal,12,0.5831432512828282,0.6778063774108887,0.6666666666666666,0.843562610229277,0.5384615384615384,0.0,0.5344639718532562,0.561817969594683,0.06196590140461922,0.11667635611125401,0.0,0.0,0.0,0.0,0.0,18473,global,0.0
1,3,lr1e-04_bs8_drop0p2_temp2p0_a0p25_b0p05__wd1e-04trmiss0_degmodglobal,8,0.0001,0.0001,0.2,2.0,0.25,0.05,lr1e-04_bs8_drop0p2_temp2p0_a0p25_b0p05__wd1e-04trmiss0_degmodglobal,13,0.5946178095681327,0.672334760427475,0.5555555555555556,0.7842472342472344,0.46153846153846156,0.0,0.5659722941262382,0.5772311602319989,0.057652395218610764,0.059471002114670615,0.0,0.0,0.0,0.0,0.0,18473,global,0.0
1,3,lr1e-04_bs8_drop0p2_temp2p0_a0p25_b0p05__wd1e-04trmiss0_degmodglobal,8,0.0001,0.0001,0.2,2.0,0.25,0.05,lr1e-04_bs8_drop0p2_temp2p0_a0p25_b0p05__wd1e-04trmiss0_degmodglobal,14,0.5835715191704887,0.6611738204956055,0.6388888888888888,0.8354818021484689,0.5384615384615384,0.0,0.5507789637361254,0.5625486288751874,0.06001816051346915,0.12036711296864919,0.0,0.0,0.0,0.0,0.0,18473,global,0.0
1,3,lr1e-04_bs8_drop0p2_temp2p0_a0p25_b0p05__wd1e-04trmiss0_degmodglobal,8,0.0001,0.0001,0.2,2.0,0.25,0.05,lr1e-04_bs8_drop0p2_temp2p0_a0p25_b0p05__wd1e-04trmiss0_degmodglobal,15,0.5937532016209194,0.6624544858932495,0.6111111111111112,0.7838945005611673,0.6153846153846154,0.0,0.5485282923494067,0.5707888347761971,0.0668802202812263,0.12488639088613647,0.0,0.0,0.0,0.0,0.0,18473,global,0.0
1,3,lr1e-04_bs8_drop0p2_temp2p0_a0p25_b0p05__wd1e-04trmiss0_degmodglobal,8,0.0001,0.0001,0.2,2.0,0.25,0.05,lr1e-04_bs8_drop0p2_temp2p0_a0p25_b0p05__wd1e-04trmiss0_degmodglobal,16,0.5497560245650155,0.6582004427909851,0.6111111111111112,0.7402437069103737,0.6153846153846154,0.0,0.5045979065554482,0.5278448717934745,0.062354308153901784,0.1264515540429524,0.0,0.0,0.0,0.0,0.0,18473,global,0.0
1,3,lr1e-04_bs8_drop0p2_temp2p0_a0p25_b0p05__wd1e-04trmiss0_degmodglobal,8,0.0001,0.0001,0.2,2.0,0.25,0.05,lr1e-04_bs8_drop0p2_temp2p0_a0p25_b0p05__wd1e-04trmiss0_degmodglobal,17,0.5684870907238552,0.6640650033950806,0.6388888888888888,0.7483245149911817,0.6153846153846154,0.0,0.5206511659281594,0.549621752330235,0.053022557337369235,0.11219385692051478,0.0,0.0,0.0,0.0,0.0,18473,global,0.0
1,3,lr1e-04_bs8_drop0p2_temp2p0_a0p25_b0p05__wd1e-04trmiss0_degmodglobal,8,0.0001,0.0001,0.2,2.0,0.25,0.05,lr1e-04_bs8_drop0p2_temp2p0_a0p25_b0p05__wd1e-04trmiss0_degmodglobal,18,0.5429243530545916,0.6632174849510193,0.6944444444444444,0.8114558281224948,0.6153846153846154,0.0,0.5198931779180255,0.524328704391207,0.05570641905069351,0.09338094826255526,0.0,0.0,0.0,0.0,0.0,18473,global,0.0
1,3,lr1e-04_bs8_drop0p2_temp2p0_a0p25_b0p05__wd1e-04trmiss0_degmodglobal,8,0.0001,0.0001,0.2,2.0,0.25,0.05,lr1e-04_bs8_drop0p2_temp2p0_a0p25_b0p05__wd1e-04trmiss0_degmodglobal,19,0.5663619126592364,0.6636401116847992,0.6666666666666666,0.7559002725669393,0.6153846153846154,0.0,0.5162517641271863,0.5394779997212547,0.07855441607534885,0.14490621483751706,0.0,0.0,0.0,0.0,0.0,18473,global,0.0
1,3,lr1e-04_bs8_drop0p2_temp2p0_a0p25_b0p05__wd1e-04trmiss0_degmodglobal,8,0.0001,0.0001,0.2,2.0,0.25,0.05,lr1e-04_bs8_drop0p2_temp2p0_a0p25_b0p05__wd1e-04trmiss0_degmodglobal,20,0.5647516165460859,0.6647275388240814,0.6388888888888888,0.7439955106621774,0.6153846153846154,0.0,0.4996913416045053,0.5397847039358956,0.07671294467789787,0.11577358469367027,0.0,0.0,0.0,0.0,0.0,18473,global,0.0
1,3,lr1e-04_bs8_drop0p2_temp2p0_a0p25_b0p05__wd1e-04trmiss0_degmodglobal,8,0.0001,0.0001,0.2,2.0,0.25,0.05,lr1e-04_bs8_drop0p2_temp2p0_a0p25_b0p05__wd1e-04trmiss0_degmodglobal,21,0.5523620503289359,0.6490509212017059,0.7222222222222222,0.8643658810325479,0.5384615384615384,0.0,0.48288834520748686,0.5299454501696995,0.06583789310285024,0.11914251851184028,0.0,0.0,0.0,0.0,0.0,18473,global,0.0
1,3,lr1e-04_bs8_drop0p2_temp2p0_a0p25_b0p05__wd1e-04trmiss0_degmodglobal,8,0.0001,0.0001,0.2,2.0,0.25,0.05,lr1e-04_bs8_drop0p2_temp2p0_a0p25_b0p05__wd1e-04trmiss0_degmodglobal,22,0.5491566743169513,0.6522301137447357,0.7222222222222222,0.8643658810325479,0.6153846153846154,0.0,0.5247122943401337,0.5266009952340808,0.07612627851111549,0.07048196984188897,0.0,0.0,0.0,0.0,0.0,18473,global,0.0
1,3,lr1e-04_bs8_drop0p2_temp2p0_a0p25_b0p05__wd1e-04trmiss0_degmodglobal,8,0.0001,0.0001,0.2,2.0,0.25,0.05,lr1e-04_bs8_drop0p2_temp2p0_a0p25_b0p05__wd1e-04trmiss0_degmodglobal,23,0.5499865157263619,0.6518403887748718,0.7222222222222222,0.8643658810325479,0.6153846153846154,0.0,0.4669257955891745,0.5205402544566563,0.08951572541679655,0.14134657116872923,0.0,0.0,0.0,0.0,0.0,18473,global,0.0
1,3,lr1e-04_bs8_drop0p2_temp2p0_a0p25_b0p05__wd1e-04trmiss0_degmodglobal,8,0.0001,0.0001,0.2,2.0,0.25,0.05,lr1e-04_bs8_drop0p2_temp2p0_a0p25_b0p05__wd1e-04trmiss0_degmodglobal,24,0.5335949659347534,0.6588488817214966,0.7222222222222222,0.8643658810325479,0.6153846153846154,0.0,0.48321734155927387,0.5088510300431933,0.07455565673964364,0.12210045329162053,0.0,0.0,0.0,0.0,0.0,18473,global,0.0
1,3,lr1e-04_bs8_drop0p2_temp2p0_a0p25_b0p05__wd1e-04trmiss0_degmodglobal,8,0.0001,0.0001,0.2,2.0,0.25,0.05,lr1e-04_bs8_drop0p2_temp2p0_a0p25_b0p05__wd1e-04trmiss0_degmodglobal,25,0.5305635545934949,0.6542362570762634,0.6666666666666666,0.8290123456790124,0.6153846153846154,0.0,0.48566945110048565,0.5135285428592137,0.050768088549375534,0.08686021183218275,0.0,0.0,0.0,0.0,0.0,18473,global,0.0
1,3,lr1e-04_bs8_drop0p2_temp2p0_a0p25_b0p05__wd1e-04trmiss0_degmodglobal,8,0.0001,0.0001,0.2,2.0,0.25,0.05,lr1e-04_bs8_drop0p2_temp2p0_a0p25_b0p05__wd1e-04trmiss0_degmodglobal,26,0.5605573441301074,0.6579812467098236,0.7222222222222222,0.8643658810325479,0.6153846153846154,0.0,0.5316824402127948,0.5383920073509216,0.06903209111520223,0.09814620869500297,0.0,0.0,0.0,0.0,0.0,18473,global,0.0
1,3,lr1e-04_bs8_drop0p2_temp2p0_a0p25_b0p05__wd1e-04trmiss0_degmodglobal,8,0.0001,0.0001,0.2,2.0,0.25,0.05,lr1e-04_bs8_drop0p2_temp2p0_a0p25_b0p05__wd1e-04trmiss0_degmodglobal,27,0.5252040709768023,0.6530905067920685,0.638888888888889,0.8209315375982045,0.6153846153846154,0.0,0.4910949638911656,0.49605401498930796,0.08532529058200973,0.15637469877089774,0.0,0.0,0.0,0.0,0.0,18473,global,0.0
1,3,lr1e-04_bs8_drop0p2_temp2p0_a0p25_b0p05__wd1e-04trmiss0_degmodglobal,8,0.0001,0.0001,0.2,2.0,0.25,0.05,lr1e-04_bs8_drop0p2_temp2p0_a0p25_b0p05__wd1e-04trmiss0_degmodglobal,28,0.5229497466768537,0.6462348103523254,0.6666666666666667,0.8487093153759822,0.6153846153846154,0.0,0.48014127782412935,0.49768778681755066,0.08161181956529617,0.0971802765769618,0.0,0.0,0.0,0.0,0.0,18473,global,0.0
1,3,lr1e-04_bs8_drop0p2_temp2p0_a0p25_b0p05__wd1e-04trmiss0_degmodglobal,8,0.0001,0.0001,0.2,2.0,0.25,0.05,lr1e-04_bs8_drop0p2_temp2p0_a0p25_b0p05__wd1e-04trmiss0_degmodglobal,29,0.5205634321485247,0.650166928768158,0.6944444444444444,0.8567901234567903,0.6153846153846154,0.0,0.4781501463481358,0.4965394650186811,0.0714468163039003,0.12324504181742668,0.0,0.0,0.0,0.0,0.0,18473,global,0.0
1,3,lr1e-04_bs8_drop0p2_temp2p0_a0p25_b0p05__wd1e-04trmiss0_degmodglobal,8,0.0001,0.0001,0.2,2.0,0.25,0.05,lr1e-04_bs8_drop0p2_temp2p0_a0p25_b0p05__wd1e-04trmiss0_degmodglobal,30,0.5374747387000492,0.6462716460227966,0.6944444444444444,0.8567901234567903,0.5384615384615384,0.0,0.46052461862564087,0.508744844368526,0.08758933975228242,0.13665115647017956,0.0,0.0,0.0,0.0,0.0,18473,global,0.0
1,3,lr1e-04_bs8_drop0p2_temp2p0_a0p25_b0p05__wd1e-04trmiss0_degmodglobal,8,0.0001,0.0001,0.2,2.0,0.25,0.05,lr1e-04_bs8_drop0p2_temp2p0_a0p25_b0p05__wd1e-04trmiss0_degmodglobal,31,0.5327953355652946,0.6432687044143677,0.6944444444444444,0.8567901234567903,0.5384615384615384,0.0,0.44459101131984163,0.5089695964540754,0.07041408068367414,0.12444456347397395,0.0,0.0,0.0,0.0,0.0,18473,global,0.0
1,3,lr1e-04_bs8_drop0p2_temp2p0_a0p25_b0p05__wd1e-04trmiss0_degmodglobal,8,0.0001,0.0001,0.2,2.0,0.25,0.05,lr1e-04_bs8_drop0p2_temp2p0_a0p25_b0p05__wd1e-04trmiss0_degmodglobal,32,0.5151239335536957,0.6483848989009857,0.6944444444444444,0.8567901234567903,0.5384615384615384,0.0,0.44905030727386475,0.4944453920636858,0.05808240547776222,0.12315889873674937,0.0,0.0,0.0,0.0,0.0,18473,global,0.0
1,3,lr1e-04_bs8_drop0p2_temp2p0_a0p25_b0p05__wd1e-04trmiss0_degmodglobal,8,0.0001,0.0001,0.2,2.0,0.25,0.05,lr1e-04_bs8_drop0p2_temp2p0_a0p25_b0p05__wd1e-04trmiss0_degmodglobal,33,0.5116801602499825,0.6488828957080841,0.75,0.8762706429373097,0.6153846153846154,0.0,0.4589769925389971,0.4892011157103947,0.06898658296891622,0.104647874299969,0.0,0.0,0.0,0.0,0.0,18473,global,0.0
1,3,lr1e-04_bs8_drop0p2_temp2p0_a0p25_b0p05__wd1e-04trmiss0_degmodglobal,8,0.0001,0.0001,0.2,2.0,0.25,0.05,lr1e-04_bs8_drop0p2_temp2p0_a0p25_b0p05__wd1e-04trmiss0_degmodglobal,34,0.5187266426427024,0.6354361474514008,0.7222222222222222,0.8790123456790124,0.6153846153846154,0.0,0.4429576311792646,0.4866957664489746,0.09614992301378932,0.15986787953547069,0.0,0.0,0.0,0.0,0.0,18473,global,0.0
1,3,lr1e-04_bs8_drop0p2_temp2p0_a0p25_b0p05__wd1e-04trmiss0_degmodglobal,8,0.0001,0.0001,0.2,2.0,0.25,0.05,lr1e-04_bs8_drop0p2_temp2p0_a0p25_b0p05__wd1e-04trmiss0_degmodglobal,35,0.49949720076152254,0.6297645270824432,0.7222222222222222,0.8790123456790124,0.5384615384615384,0.0,0.4293652091707502,0.4722606326852526,0.08252512024981636,0.13210568630269595,0.0,0.0,0.0,0.0,0.0,18473,global,0.0
1,3,lr1e-04_bs8_drop0p2_temp2p0_a0p25_b0p05__wd1e-04trmiss0_degmodglobal,8,0.0001,0.0001,0.2,2.0,0.25,0.05,lr1e-04_bs8_drop0p2_temp2p0_a0p25_b0p05__wd1e-04trmiss0_degmodglobal,36,0.5216991858822959,0.6380669176578522,0.6944444444444444,0.8567901234567903,0.6153846153846154,0.0,0.4339515822274344,0.4825884699821472,0.11112952019487109,0.22656662442854472,0.0,0.0,0.0,0.0,0.0,18473,global,0.0
1,3,lr1e-04_bs8_drop0p2_temp2p0_a0p25_b0p05__wd1e-04trmiss0_degmodglobal,8,0.0001,0.0001,0.2,2.0,0.25,0.05,lr1e-04_bs8_drop0p2_temp2p0_a0p25_b0p05__wd1e-04trmiss0_degmodglobal,37,0.5122761641229902,0.6319560706615448,0.6944444444444444,0.8567901234567903,0.6153846153846154,0.0,0.437676089150565,0.4761894771030971,0.1106456411736352,0.16850557018603599,0.0,0.0,0.0,0.0,0.0,18473,global,0.0
1,3,lr1e-04_bs8_drop0p2_temp2p0_a0p25_b0p05__wd1e-04trmiss0_degmodglobal,8,0.0001,0.0001,0.2,2.0,0.25,0.05,lr1e-04_bs8_drop0p2_temp2p0_a0p25_b0p05__wd1e-04trmiss0_degmodglobal,38,0.5131130346230098,0.6327151656150818,0.6944444444444444,0.8567901234567903,0.5384615384615384,0.0,0.44089594057628084,0.4822678736277989,0.08570483060819763,0.1883791025195803,0.0,0.0,0.0,0.0,0.0,18473,global,0.0
1,3,lr1e-04_bs8_drop0p2_temp2p0_a0p25_b0p05__wd1e-04trmiss0_degmodglobal,8,0.0001,0.0001,0.2,2.0,0.25,0.05,lr1e-04_bs8_drop0p2_temp2p0_a0p25_b0p05__wd1e-04trmiss0_degmodglobal,39,0.49914745347840445,0.6387744247913361,0.6944444444444444,0.8567901234567903,0.5384615384615384,0.0,0.4565932537828173,0.4698901517050607,0.08780530095100403,0.14611958552684104,0.0,0.0,0.0,0.0,0.0,18473,global,0.0
1,3,lr1e-04_bs8_drop0p2_temp2p0_a0p25_b0p05__wd1e-04trmiss0_degmodglobal,8,0.0001,0.0001,0.2,2.0,0.25,0.05,lr1e-04_bs8_drop0p2_temp2p0_a0p25_b0p05__wd1e-04trmiss0_degmodglobal,40,0.49866101145744324,0.6302064955234528,0.6666666666666666,0.8290123456790124,0.6153846153846154,0.0,0.429187400000436,0.4651067384651729,0.09461956737296921,0.1979877714599882,0.0,0.0,0.0,0.0,0.0,18473,global,0.0
1,3,lr1e-04_bs8_drop0p2_temp2p0_a0p25_b0p05__wd1e-04trmiss0_degmodglobal,8,0.0001,0.0001,0.2,2.0,0.25,0.05,lr1e-04_bs8_drop0p2_temp2p0_a0p25_b0p05__wd1e-04trmiss0_degmodglobal,41,0.5095535261290414,0.6268739104270935,0.6666666666666666,0.8290123456790124,0.5384615384615384,0.0,0.43925207427569796,0.4782632419041225,0.09544132224151067,0.14859922230243683,0.0,0.0,0.0,0.0,0.0,18473,global,0.0
1,3,lr1e-04_bs8_drop0p2_temp2p0_a0p25_b0p05__wd1e-04trmiss0_degmodglobal,8,0.0001,0.0001,0.2,2.0,0.25,0.05,lr1e-04_bs8_drop0p2_temp2p0_a0p25_b0p05__wd1e-04trmiss0_degmodglobal,42,0.48844803656850544,0.6451646983623505,0.6666666666666666,0.8290123456790124,0.5384615384615384,0.0,0.46519470640591215,0.46632565770830425,0.06200595945119858,0.1324177517422608,0.0,0.0,0.0,0.0,0.0,18473,global,0.0
1,3,lr1e-04_bs8_drop0p2_temp2p0_a0p25_b0p05__wd1e-04trmiss0_degmodglobal,8,0.0001,0.0001,0.2,2.0,0.25,0.05,lr1e-04_bs8_drop0p2_temp2p0_a0p25_b0p05__wd1e-04trmiss0_degmodglobal,43,0.5008799987179893,0.636581301689148,0.6666666666666666,0.8290123456790124,0.5384615384615384,0.0,0.4408224182469504,0.47961136272975374,0.06096412826861654,0.12055211939982005,0.0,0.0,0.0,0.0,0.0,18473,global,0.0
1,3,lr1e-04_bs8_drop0p2_temp2p0_a0p25_b0p05__wd1e-04trmiss0_degmodglobal,8,0.0001,0.0001,0.2,2.0,0.25,0.05,lr1e-04_bs8_drop0p2_temp2p0_a0p25_b0p05__wd1e-04trmiss0_degmodglobal,44,0.4914378225803375,0.6333794593811035,0.6666666666666666,0.8290123456790124,0.5384615384615384,0.0,0.4400824521269117,0.4651125499180385,0.07883521834654468,0.13232913533491747,0.0,0.0,0.0,0.0,0.0,18473,global,0.0
1,3,lr1e-04_bs8_drop0p2_temp2p0_a0p25_b0p05__wd1e-04trmiss0_degmodglobal,8,0.0001,0.0001,0.2,2.0,0.25,0.05,lr1e-04_bs8_drop0p2_temp2p0_a0p25_b0p05__wd1e-04trmiss0_degmodglobal,45,0.48052219833646503,0.6282876133918762,0.6388888888888888,0.7919753086419754,0.6153846153846154,0.0,0.4233195994581495,0.45495299782071796,0.07573248020240239,0.1327215592776026,0.0,0.0,0.0,0.0,0.0,18473,global,0.0
1,3,lr1e-04_bs8_drop0p2_temp2p0_a0p25_b0p05__wd1e-04trmiss0_degmodglobal,8,0.0001,0.0001,0.2,2.0,0.25,0.05,lr1e-04_bs8_drop0p2_temp2p0_a0p25_b0p05__wd1e-04trmiss0_degmodglobal,46,0.4978400468826294,0.6295106112957001,0.6666666666666666,0.8290123456790124,0.6153846153846154,0.0,0.41801928196634563,0.4653299152851105,0.0900122949055263,0.2001412601343223,0.0,0.0,0.0,0.0,0.0,18473,global,0.0
1,3,lr1e-04_bs8_drop0p2_temp2p0_a0p25_b0p05__wd1e-04trmiss0_degmodglobal,8,0.0001,0.0001,0.2,2.0,0.25,0.05,lr1e-04_bs8_drop0p2_temp2p0_a0p25_b0p05__wd1e-04trmiss0_degmodglobal,47,0.48364446418625967,0.6357389390468597,0.6388888888888888,0.7919753086419754,0.6153846153846154,0.0,0.4186732385839735,0.4591721551758902,0.07004334830812045,0.13922945942197526,0.0,0.0,0.0,0.0,0.0,18473,global,0.0
1,3,lr1e-04_bs8_drop0p2_temp2p0_a0p25_b0p05__wd1e-04trmiss0_degmodglobal,8,0.0001,0.0001,0.2,2.0,0.25,0.05,lr1e-04_bs8_drop0p2_temp2p0_a0p25_b0p05__wd1e-04trmiss0_degmodglobal,48,0.5059737477983747,0.6460809111595154,0.6111111111111112,0.7364197530864198,0.6153846153846154,0.0,0.41786056756973267,0.47342388544763836,0.09304615535906383,0.18576623605830328,0.0,0.0,0.0,0.0,0.0,18473,global,0.0
1,3,lr1e-04_bs8_drop0p2_temp2p0_a0p25_b0p05__wd1e-04trmiss0_degmodglobal,8,0.0001,0.0001,0.2,2.0,0.25,0.05,lr1e-04_bs8_drop0p2_temp2p0_a0p25_b0p05__wd1e-04trmiss0_degmodglobal,49,0.5046564553465162,0.6347938179969788,0.6388888888888888,0.7919753086419754,0.6923076923076923,0.0,0.4260018255029406,0.48035671029772076,0.07102711019771439,0.1308594388621194,0.0,0.0,0.0,0.0,0.0,18473,global,0.0
1,3,lr1e-04_bs8_drop0p2_temp2p0_a0p25_b0p05__wd1e-04trmiss0_degmodglobal,8,0.0001,0.0001,0.2,2.0,0.25,0.05,lr1e-04_bs8_drop0p2_temp2p0_a0p25_b0p05__wd1e-04trmiss0_degmodglobal,50,0.5003136737006051,0.6376676857471466,0.6388888888888888,0.7919753086419754,0.6923076923076923,0.0,0.3976573092596872,0.4708387425967625,0.08185862590159688,0.1802055122596877,0.0,0.0,0.0,0.0,0.0,18473,global,0.0
1,3,lr1e-04_bs8_drop0p2_temp2p0_a0p25_b0p05__wd1e-04trmiss0_degmodglobal,8,0.0001,0.0001,0.2,2.0,0.25,0.05,lr1e-04_bs8_drop0p2_temp2p0_a0p25_b0p05__wd1e-04trmiss0_degmodglobal,51,0.5144275937761579,0.6348340213298798,0.6388888888888888,0.7919753086419754,0.6923076923076923,0.0,0.3776126078196934,0.47271450076784405,0.11274066886731557,0.2705586829355785,0.0,0.0,0.0,0.0,0.0,18473,global,0.0
1,3,lr1e-04_bs8_drop0p2_temp2p0_a0p25_b0p05__wd1e-04trmiss0_degmodglobal,8,0.0001,0.0001,0.2,2.0,0.25,0.05,lr1e-04_bs8_drop0p2_temp2p0_a0p25_b0p05__wd1e-04trmiss0_degmodglobal,52,0.5057757028511592,0.6420462727546692,0.6111111111111112,0.7787477954144622,0.6153846153846154,0.0,0.39934652192252024,0.46999930483954294,0.10006016492843628,0.21522741232599532,0.0,0.0,0.0,0.0,0.0,18473,global,0.0
1,3,lr1e-04_bs8_drop0p2_temp2p0_a0p25_b0p05__wd1e-04trmiss0_degmodglobal,8,0.0001,0.0001,0.2,2.0,0.25,0.05,lr1e-04_bs8_drop0p2_temp2p0_a0p25_b0p05__wd1e-04trmiss0_degmodglobal,53,0.5124614366463253,0.6391001045703888,0.5833333333333333,0.7639329805996473,0.6923076923076923,0.0,0.37300242696489605,0.47282483748027254,0.10574342097554888,0.2640147571052824,0.0,0.0,0.0,0.0,0.0,18473,global,0.0
1,3,lr1e-04_bs8_drop0p4_temp1p0_a0p25_b0p05__wd1e-04trmiss0_degmodglobal,8,0.0001,0.0001,0.4,1.0,0.25,0.05,lr1e-04_bs8_drop0p4_temp1p0_a0p25_b0p05__wd1e-04trmiss0_degmodglobal,1,0.737744118486132,0.7080154418945312,0.8055555555555556,0.9115961199294533,0.5384615384615384,0.0,0.6756091799054827,0.7126703347478595,0.06454741209745407,0.17873861960002355,0.0,0.0,0.0,0.0,0.0,18473,global,0.0
1,3,lr1e-04_bs8_drop0p4_temp1p0_a0p25_b0p05__wd1e-04trmiss0_degmodglobal,8,0.0001,0.0001,0.4,1.0,0.25,0.05,lr1e-04_bs8_drop0p4_temp1p0_a0p25_b0p05__wd1e-04trmiss0_degmodglobal,2,0.7151150958878654,0.7109077274799347,0.7777777777777778,0.8893738977072312,0.5384615384615384,0.0,0.6529982430594308,0.6926631586892265,0.06021132745913097,0.14798215670245035,0.0,0.0,0.0,0.0,0.0,18473,global,0.0
1,3,lr1e-04_bs8_drop0p4_temp1p0_a0p25_b0p05__wd1e-04trmiss0_degmodglobal,8,0.0001,0.0001,0.4,1.0,0.25,0.05,lr1e-04_bs8_drop0p4_temp1p0_a0p25_b0p05__wd1e-04trmiss0_degmodglobal,3,0.6974564705576215,0.7197912335395813,0.8055555555555556,0.8969496552829888,0.46153846153846156,0.0,0.633635333606175,0.6708963939121791,0.062072178082806725,0.2208405403154237,0.0,0.0,0.0,0.0,0.0,18473,global,0.0
1,3,lr1e-04_bs8_drop0p4_temp1p0_a0p25_b0p05__wd1e-04trmiss0_degmodglobal,8,0.0001,0.0001,0.4,1.0,0.25,0.05,lr1e-04_bs8_drop0p4_temp1p0_a0p25_b0p05__wd1e-04trmiss0_degmodglobal,4,0.7199266808373588,0.7178264260292053,0.75,0.8829636412969748,0.46153846153846156,0.0,0.6202619842120579,0.6939602323940822,0.06085421011916229,0.21505792226110185,0.0,0.0,0.0,0.0,0.0,18473,global,0.0
1,3,lr1e-04_bs8_drop0p4_temp1p0_a0p25_b0p05__wd1e-04trmiss0_degmodglobal,8,0.0001,0.0001,0.4,1.0,0.25,0.05,lr1e-04_bs8_drop0p4_temp1p0_a0p25_b0p05__wd1e-04trmiss0_degmodglobal,5,0.6694713320050921,0.7070493400096893,0.7777777777777778,0.8893738977072312,0.5384615384615384,0.0,0.5826544080461774,0.6453566295760018,0.05995360336133412,0.18252572417259216,0.0,0.0,0.0,0.0,0.0,18473,global,0.0
1,3,lr1e-04_bs8_drop0p4_temp1p0_a0p25_b0p05__wd1e-04trmiss0_degmodglobal,8,0.0001,0.0001,0.4,1.0,0.25,0.05,lr1e-04_bs8_drop0p4_temp1p0_a0p25_b0p05__wd1e-04trmiss0_degmodglobal,6,0.6257022193499974,0.7073789834976196,0.8055555555555556,0.8969496552829888,0.5384615384615384,0.0,0.5709473831312997,0.5965207048824855,0.069424355668681,0.2365085557103157,0.0,0.0,0.0,0.0,0.0,18473,global,0.0
1,3,lr1e-04_bs8_drop0p4_temp1p0_a0p25_b0p05__wd1e-04trmiss0_degmodglobal,8,0.0001,0.0001,0.4,1.0,0.25,0.05,lr1e-04_bs8_drop0p4_temp1p0_a0p25_b0p05__wd1e-04trmiss0_degmodglobal,7,0.6188510017735618,0.7009265422821045,0.8055555555555556,0.8969496552829888,0.46153846153846156,0.0,0.602325805595943,0.5890564918518066,0.07076695295316833,0.2420554075922285,0.0,0.0,0.0,0.0,0.0,18473,global,0.0
1,3,lr1e-04_bs8_drop0p4_temp1p0_a0p25_b0p05__wd1e-04trmiss0_degmodglobal,8,0.0001,0.0001,0.4,1.0,0.25,0.05,lr1e-04_bs8_drop0p4_temp1p0_a0p25_b0p05__wd1e-04trmiss0_degmodglobal,8,0.6186169385910034,0.7091690897941589,0.8055555555555556,0.8969496552829888,0.5384615384615384,0.0,0.5768375737326485,0.5966589280537197,0.056037833648068566,0.15897112685654843,0.0,0.0,0.0,0.0,0.0,18473,global,0.0
1,3,lr1e-04_bs8_drop0p4_temp1p0_a0p25_b0p05__wd1e-04trmiss0_degmodglobal,8,0.0001,0.0001,0.4,1.0,0.25,0.05,lr1e-04_bs8_drop0p4_temp1p0_a0p25_b0p05__wd1e-04trmiss0_degmodglobal,9,0.6477077007293701,0.7218375205993652,0.8055555555555556,0.8969496552829888,0.5384615384615384,0.0,0.6118554302624294,0.6163657477923802,0.07488520656313215,0.2524129588689123,0.0,0.0,0.0,0.0,0.0,18473,global,0.0
1,3,lr1e-04_bs8_drop0p4_temp1p0_a0p25_b0p05__wd1e-04trmiss0_degmodglobal,8,0.0001,0.0001,0.4,1.0,0.25,0.05,lr1e-04_bs8_drop0p4_temp1p0_a0p25_b0p05__wd1e-04trmiss0_degmodglobal,10,0.5999467032296317,0.7163239121437073,0.8055555555555556,0.8969496552829888,0.46153846153846156,0.0,0.5777799827711922,0.5686012165887016,0.07417089811393193,0.25605536358697073,0.0,0.0,0.0,0.0,0.0,18473,global,0.0
1,3,lr1e-04_bs8_drop0p4_temp1p0_a0p25_b0p05__wd1e-04trmiss0_degmodglobal,8,0.0001,0.0001,0.4,1.0,0.25,0.05,lr1e-04_bs8_drop0p4_temp1p0_a0p25_b0p05__wd1e-04trmiss0_degmodglobal,11,0.6003568768501282,0.7140253484249115,0.7777777777777778,0.8870731120731121,0.46153846153846156,0.0,0.5532767857824054,0.5692658935274396,0.0752214714884758,0.24571247026324272,0.0,0.0,0.0,0.0,0.0,18473,global,0.0
1,3,lr1e-04_bs8_drop0p4_temp1p0_a0p25_b0p05__wd1e-04trmiss0_degmodglobal,8,0.0001,0.0001,0.4,1.0,0.25,0.05,lr1e-04_bs8_drop0p4_temp1p0_a0p25_b0p05__wd1e-04trmiss0_degmodglobal,12,0.6167397243635995,0.7096235752105713,0.7777777777777778,0.8870731120731121,0.46153846153846156,0.0,0.5691719736371722,0.5895088740757534,0.06587825289794377,0.21522588176386698,0.0,0.0,0.0,0.0,0.0,18473,global,0.0
1,3,lr1e-04_bs8_drop0p4_temp1p0_a0p25_b0p05__wd1e-04trmiss0_degmodglobal,8,0.0001,0.0001,0.4,1.0,0.25,0.05,lr1e-04_bs8_drop0p4_temp1p0_a0p25_b0p05__wd1e-04trmiss0_degmodglobal,13,0.5934293610709054,0.7090618014335632,0.75,0.8794973544973546,0.46153846153846156,0.0,0.5641703605651855,0.5586060157843998,0.07992726724062647,0.2968303955027035,0.0,0.0,0.0,0.0,0.0,18473,global,0.0
1,3,lr1e-04_bs8_drop0p4_temp1p0_a0p25_b0p05__wd1e-04trmiss0_degmodglobal,8,0.0001,0.0001,0.4,1.0,0.25,0.05,lr1e-04_bs8_drop0p4_temp1p0_a0p25_b0p05__wd1e-04trmiss0_degmodglobal,14,0.6272090758596148,0.7115941047668457,0.75,0.8794973544973546,0.46153846153846156,0.0,0.5758006232125419,0.6002237200737,0.06693327693002564,0.20504089551312582,0.0,0.0,0.0,0.0,0.0,18473,global,0.0
1,3,lr1e-04_bs8_drop0p4_temp1p0_a0p25_b0p05__wd1e-04trmiss0_degmodglobal,8,0.0001,0.0001,0.4,1.0,0.25,0.05,lr1e-04_bs8_drop0p4_temp1p0_a0p25_b0p05__wd1e-04trmiss0_degmodglobal,15,0.6147555794034686,0.7140232920646667,0.7777777777777778,0.8870731120731121,0.46153846153846156,0.0,0.5762921827180045,0.5868531039782933,0.06948877658162798,0.21060532863651002,0.0,0.0,0.0,0.0,0.0,18473,global,0.0
1,3,lr1e-04_bs8_drop0p4_temp1p0_a0p25_b0p05__wd1e-04trmiss0_degmodglobal,8,0.0001,0.0001,0.4,1.0,0.25,0.05,lr1e-04_bs8_drop0p4_temp1p0_a0p25_b0p05__wd1e-04trmiss0_degmodglobal,16,0.6105285372052874,0.7101146876811981,0.7777777777777778,0.8870731120731121,0.46153846153846156,0.0,0.5866676143237523,0.5699431853634971,0.09473686345985957,0.3380224917616163,0.0,0.0,0.0,0.0,0.0,18473,global,0.0
1,3,lr1e-04_bs8_drop0p4_temp1p0_a0p25_b0p05__wd1e-04trmiss0_degmodglobal,8,0.0001,0.0001,0.4,1.0,0.25,0.05,lr1e-04_bs8_drop0p4_temp1p0_a0p25_b0p05__wd1e-04trmiss0_degmodglobal,17,0.583883455821446,0.715245932340622,0.75,0.8762706429373097,0.46153846153846156,0.0,0.5705617495945522,0.5495049953460693,0.08746636605688504,0.2502376085945538,0.0,0.0,0.0,0.0,0.0,18473,global,0.0
1,3,lr1e-04_bs8_drop0p4_temp1p0_a0p25_b0p05__wd1e-04trmiss0_degmodglobal,8,0.0001,0.0001,0.4,1.0,0.25,0.05,lr1e-04_bs8_drop0p4_temp1p0_a0p25_b0p05__wd1e-04trmiss0_degmodglobal,18,0.5866053232124874,0.7116652429103851,0.7222222222222221,0.8686948853615521,0.46153846153846156,0.0,0.5656544991901943,0.537815021617072,0.11948796042374202,0.37836620424474987,0.0,0.0,0.0,0.0,0.0,18473,global,0.0
1,3,lr1e-04_bs8_drop0p4_temp1p0_a0p25_b0p05__wd1e-04trmiss0_degmodglobal,8,0.0001,0.0001,0.4,1.0,0.25,0.05,lr1e-04_bs8_drop0p4_temp1p0_a0p25_b0p05__wd1e-04trmiss0_degmodglobal,19,0.5937828762190682,0.7118431329727173,0.6944444444444444,0.8409171075837742,0.46153846153846156,0.0,0.5932304816586631,0.5498830590929303,0.10398197014416967,0.3580866264445441,0.0,0.0,0.0,0.0,0.0,18473,global,0.0
1,3,lr1e-04_bs8_drop0p4_temp1p0_a0p25_b0p05__wd1e-04trmiss0_degmodglobal,8,0.0001,0.0001,0.4,1.0,0.25,0.05,lr1e-04_bs8_drop0p4_temp1p0_a0p25_b0p05__wd1e-04trmiss0_degmodglobal,20,0.6377219600336892,0.7133388519287109,0.7222222222222221,0.8686948853615521,0.5384615384615384,0.0,0.5822646788188389,0.6060173852103097,0.06841034734887737,0.29203973178352627,0.0,0.0,0.0,0.0,0.0,18473,global,0.0
1,3,lr1e-04_bs8_drop0p4_temp1p0_a0p25_b0p05__wd1e-04trmiss0_degmodglobal,8,0.0001,0.0001,0.4,1.0,0.25,0.05,lr1e-04_bs8_drop0p4_temp1p0_a0p25_b0p05__wd1e-04trmiss0_degmodglobal,21,0.5915587885039193,0.7145819365978241,0.7222222222222221,0.8686948853615521,0.5384615384615384,0.0,0.561501145362854,0.5489473598343986,0.097458899553333,0.36493387605462757,0.0,0.0,0.0,0.0,0.0,18473,global,0.0
1,3,lr1e-04_bs8_drop0p4_temp1p0_a0p25_b0p05__wd1e-04trmiss0_degmodglobal,8,0.0001,0.0001,0.4,1.0,0.25,0.05,lr1e-04_bs8_drop0p4_temp1p0_a0p25_b0p05__wd1e-04trmiss0_degmodglobal,22,0.5775891712733677,0.7177198827266693,0.75,0.8762706429373097,0.46153846153846156,0.0,0.5680585588727679,0.5480759952749524,0.07726812309452466,0.20392272834266936,0.0,0.0,0.0,0.0,0.0,18473,global,0.0
1,3,lr1e-04_bs8_drop0p4_temp1p0_a0p25_b0p05__wd1e-04trmiss0_degmodglobal,8,0.0001,0.0001,0.4,1.0,0.25,0.05,lr1e-04_bs8_drop0p4_temp1p0_a0p25_b0p05__wd1e-04trmiss0_degmodglobal,23,0.5474208082471576,0.7041938304901123,0.75,0.8762706429373097,0.46153846153846156,0.0,0.5622154559407916,0.5067672772066933,0.09832008661968368,0.3214701052222933,0.0,0.0,0.0,0.0,0.0,18473,global,0.0
1,3,lr1e-04_bs8_drop0p4_temp1p0_a0p25_b0p05__wd1e-04trmiss0_degmodglobal,8,0.0001,0.0001,0.4,1.0,0.25,0.05,lr1e-04_bs8_drop0p4_temp1p0_a0p25_b0p05__wd1e-04trmiss0_degmodglobal,24,0.6257036924362183,0.711221843957901,0.75,0.8762706429373097,0.5384615384615384,0.0,0.5620566606521606,0.5913989884512765,0.08065573551825114,0.2828159491930689,0.0,0.0,0.0,0.0,0.0,18473,global,0.0
1,3,lr1e-04_bs8_drop0p4_temp1p0_a0p25_b0p05__wd1e-04trmiss0_degmodglobal,8,0.0001,0.0001,0.4,1.0,0.25,0.05,lr1e-04_bs8_drop0p4_temp1p0_a0p25_b0p05__wd1e-04trmiss0_degmodglobal,25,0.5884636214801243,0.7069934606552124,0.7777777777777778,0.8870731120731121,0.46153846153846156,0.0,0.5442960517747062,0.5545934183256966,0.08041472733020782,0.2753301922764097,0.0,0.0,0.0,0.0,0.0,18473,global,0.0
1,3,lr1e-04_bs8_drop0p4_temp1p0_a0p25_b0p05__wd1e-04trmiss0_degmodglobal,8,0.0001,0.0001,0.4,1.0,0.25,0.05,lr1e-04_bs8_drop0p4_temp1p0_a0p25_b0p05__wd1e-04trmiss0_degmodglobal,26,0.6017024517059326,0.7018048465251923,0.7777777777777778,0.8870731120731121,0.46153846153846156,0.0,0.5611805319786072,0.5626357878957476,0.09747470170259476,0.29395934300763266,0.0,0.0,0.0,0.0,0.0,18473,global,0.0
1,3,lr1e-04_bs8_drop0p4_temp1p0_a0p25_b0p05__wd1e-04trmiss0_degmodglobal,8,0.0001,0.0001,0.4,1.0,0.25,0.05,lr1e-04_bs8_drop0p4_temp1p0_a0p25_b0p05__wd1e-04trmiss0_degmodglobal,27,0.5844514625413078,0.7067464292049408,0.7777777777777778,0.8870731120731121,0.46153846153846156,0.0,0.5344863619123187,0.5560841815812247,0.07487028251801219,0.19299402407237462,0.0,0.0,0.0,0.0,0.0,18473,global,0.0
1,3,lr1e-04_bs8_drop0p4_temp2p0_a0p25_b0p05__wd1e-04trmiss0_degmodglobal,8,0.0001,0.0001,0.4,2.0,0.25,0.05,lr1e-04_bs8_drop0p4_temp2p0_a0p25_b0p05__wd1e-04trmiss0_degmodglobal,1,0.8067686813218253,0.7603111565113068,0.4444444444444444,0.6808793058793059,0.3076923076923077,0.0,0.6834447128432137,0.7782136712755475,0.07145118553723608,0.21384413753237044,0.0,0.0,0.0,0.0,0.0,18473,global,0.0
1,3,lr1e-04_bs8_drop0p4_temp2p0_a0p25_b0p05__wd1e-04trmiss0_degmodglobal,8,0.0001,0.0001,0.4,2.0,0.25,0.05,lr1e-04_bs8_drop0p4_temp2p0_a0p25_b0p05__wd1e-04trmiss0_degmodglobal,2,0.79270110811506,0.7773096263408661,0.4444444444444444,0.6808793058793059,0.3076923076923077,0.0,0.6712740574564252,0.7456203699111938,0.11955761590174266,0.3438268154859543,0.0,0.0,0.0,0.0,0.0,18473,global,0.0
1,3,lr1e-04_bs8_drop0p4_temp2p0_a0p25_b0p05__wd1e-04trmiss0_degmodglobal,8,0.0001,0.0001,0.4,2.0,0.25,0.05,lr1e-04_bs8_drop0p4_temp2p0_a0p25_b0p05__wd1e-04trmiss0_degmodglobal,3,0.7234073621886117,0.7733014225959778,0.4444444444444444,0.6808793058793059,0.46153846153846156,0.0,0.6193890571594238,0.6885390281677246,0.08015532685177666,0.2965899014047214,0.0,0.0,0.0,0.0,0.0,18473,global,0.0
1,3,lr1e-04_bs8_drop0p4_temp2p0_a0p25_b0p05__wd1e-04trmiss0_degmodglobal,8,0.0001,0.0001,0.4,2.0,0.25,0.05,lr1e-04_bs8_drop0p4_temp2p0_a0p25_b0p05__wd1e-04trmiss0_degmodglobal,4,0.6623443535396031,0.7892393469810486,0.5555555555555556,0.7196969696969697,0.46153846153846156,0.0,0.6337176561355591,0.6247322857379913,0.09346319309302739,0.28492504358291626,0.0,0.0,0.0,0.0,0.0,18473,global,0.0
1,3,lr1e-04_bs8_drop0p4_temp2p0_a0p25_b0p05__wd1e-04trmiss0_degmodglobal,8,0.0001,0.0001,0.4,2.0,0.25,0.05,lr1e-04_bs8_drop0p4_temp2p0_a0p25_b0p05__wd1e-04trmiss0_degmodglobal,5,0.7067941767828805,0.7849644124507904,0.5555555555555556,0.7196969696969697,0.46153846153846156,0.0,0.5740559356553214,0.671319808278765,0.08937545865774155,0.2626101555568831,0.0,0.0,0.0,0.0,0.0,18473,global,0.0
1,3,lr1e-04_bs8_drop0p4_temp2p0_a0p25_b0p05__wd1e-04trmiss0_degmodglobal,8,0.0001,0.0001,0.4,2.0,0.25,0.05,lr1e-04_bs8_drop0p4_temp2p0_a0p25_b0p05__wd1e-04trmiss0_degmodglobal,6,0.717135523046766,0.7737294137477875,0.4722222222222222,0.6823953823953824,0.38461538461538464,0.0,0.5757959314755031,0.6747303179332188,0.10952006493295942,0.30050376270498547,0.0,0.0,0.0,0.0,0.0,18473,global,0.0
1,3,lr1e-04_bs8_drop0p4_temp2p0_a0p25_b0p05__wd1e-04trmiss0_degmodglobal,8,0.0001,0.0001,0.4,2.0,0.25,0.05,lr1e-04_bs8_drop0p4_temp2p0_a0p25_b0p05__wd1e-04trmiss0_degmodglobal,7,0.6953679067747933,0.766042172908783,0.4444444444444444,0.6724747474747474,0.38461538461538464,0.0,0.5561468516077314,0.6668019635336739,0.07232959621718951,0.20967093855142593,0.0,0.0,0.0,0.0,0.0,18473,global,0.0
1,3,lr1e-04_bs8_drop0p4_temp2p0_a0p25_b0p05__wd1e-04trmiss0_degmodglobal,8,0.0001,0.0001,0.4,2.0,0.25,0.05,lr1e-04_bs8_drop0p4_temp2p0_a0p25_b0p05__wd1e-04trmiss0_degmodglobal,8,0.7155499032565525,0.7620196044445038,0.41666666666666663,0.6660644910644911,0.38461538461538464,0.0,0.5488120062010629,0.670326122215816,0.10872078580515725,0.36087179609707426,0.0,0.0,0.0,0.0,0.0,18473,global,0.0
1,3,lr1e-04_bs8_drop0p4_temp2p0_a0p25_b0p05__wd1e-04trmiss0_degmodglobal,8,0.0001,0.0001,0.4,2.0,0.25,0.05,lr1e-04_bs8_drop0p4_temp2p0_a0p25_b0p05__wd1e-04trmiss0_degmodglobal,9,0.6997594663075039,0.7571662962436676,0.4444444444444444,0.6759851259851261,0.38461538461538464,0.0,0.5730803694043841,0.6539662735802787,0.10673367764268603,0.38219533754246576,0.0,0.0,0.0,0.0,0.0,18473,global,0.0
1,3,lr1e-04_bs8_drop0p4_temp2p0_a0p25_b0p05__wd1e-04trmiss0_degmodglobal,8,0.0001,0.0001,0.4,2.0,0.25,0.05,lr1e-04_bs8_drop0p4_temp2p0_a0p25_b0p05__wd1e-04trmiss0_degmodglobal,10,0.7071264471326556,0.7551576197147369,0.41666666666666663,0.6660644910644911,0.38461538461538464,0.0,0.5507881215640477,0.6573169827461243,0.12407221645116806,0.3758283534220287,0.0,0.0,0.0,0.0,0.0,18473,global,0.0
1,3,lr1e-04_bs8_drop0p4_temp2p0_a0p25_b0p05__wd1e-04trmiss0_degmodglobal,8,0.0001,0.0001,0.4,2.0,0.25,0.05,lr1e-04_bs8_drop0p4_temp2p0_a0p25_b0p05__wd1e-04trmiss0_degmodglobal,11,0.6306553993906293,0.7603138089179993,0.3611111111111111,0.6522597772597772,0.38461538461538464,0.0,0.5627535709312984,0.6011113183838981,0.08005584723183087,0.19060209127409117,0.0,0.0,0.0,0.0,0.0,18473,global,0.0
1,3,lr1e-04_bs8_drop0p4_temp2p0_a0p25_b0p05__wd1e-04trmiss0_degmodglobal,8,0.0001,0.0001,0.4,2.0,0.25,0.05,lr1e-04_bs8_drop0p4_temp2p0_a0p25_b0p05__wd1e-04trmiss0_degmodglobal,12,0.6736148425510952,0.7638401687145233,0.3888888888888889,0.6621804121804122,0.46153846153846156,0.0,0.5653243235179356,0.6340336629322597,0.08991046462740217,0.34207124369485037,0.0,0.0,0.0,0.0,0.0,18473,global,0.0
1,3,lr1e-04_bs8_drop0p4_temp2p0_a0p25_b0p05__wd1e-04trmiss0_degmodglobal,8,0.0001,0.0001,0.4,2.0,0.25,0.05,lr1e-04_bs8_drop0p4_temp2p0_a0p25_b0p05__wd1e-04trmiss0_degmodglobal,13,0.6373545442308698,0.7614571154117584,0.5277777777777777,0.7132867132867133,0.46153846153846156,0.0,0.5151016669613975,0.6065382957458496,0.07741320771830422,0.2292588683111327,0.0,0.0,0.0,0.0,0.0,18473,global,0.0
1,3,lr1e-04_bs8_drop0p4_temp2p0_a0p25_b0p05__wd1e-04trmiss0_degmodglobal,8,0.0001,0.0001,0.4,2.0,0.25,0.05,lr1e-04_bs8_drop0p4_temp2p0_a0p25_b0p05__wd1e-04trmiss0_degmodglobal,14,0.6638484001159668,0.7604974508285522,0.5,0.7065527065527066,0.46153846153846156,0.0,0.524897643498012,0.6244792682783944,0.10467360275132316,0.26401445056710926,0.0,0.0,0.0,0.0,0.0,18473,global,0.0
1,3,lr1e-04_bs8_drop0p4_temp2p0_a0p25_b0p05__wd1e-04trmiss0_degmodglobal,8,0.0001,0.0001,0.4,2.0,0.25,0.05,lr1e-04_bs8_drop0p4_temp2p0_a0p25_b0p05__wd1e-04trmiss0_degmodglobal,15,0.6565837178911481,0.7595763504505157,0.4444444444444444,0.6902227402227403,0.46153846153846156,0.0,0.539741154227938,0.6141766224588666,0.11355842224189214,0.28034973996026175,0.0,0.0,0.0,0.0,0.0,18473,global,0.0
1,3,lr1e-04_bs8_drop0p4_temp2p0_a0p25_b0p05__wd1e-04trmiss0_degmodglobal,8,0.0001,0.0001,0.4,2.0,0.25,0.05,lr1e-04_bs8_drop0p4_temp2p0_a0p25_b0p05__wd1e-04trmiss0_degmodglobal,16,0.6653434804507664,0.7708454728126526,0.4166666666666667,0.6769952269952271,0.38461538461538464,0.0,0.5600741377898625,0.6275203057697841,0.08777643048337527,0.31758154715810505,0.0,0.0,0.0,0.0,0.0,18473,global,0.0
1,3,lr1e-04_bs8_drop0p4_temp2p0_a0p25_b0p05__wd1e-04trmiss0_degmodglobal,8,0.0001,0.0001,0.4,2.0,0.25,0.05,lr1e-04_bs8_drop0p4_temp2p0_a0p25_b0p05__wd1e-04trmiss0_degmodglobal,17,0.6410024080957685,0.7617973685264587,0.3888888888888889,0.6621804121804122,0.38461538461538464,0.0,0.5088228583335876,0.6062830090522766,0.08862798341682979,0.2512476678405489,0.0,0.0,0.0,0.0,0.0,18473,global,0.0
1,3,lr1e-04_bs8_drop0p4_temp2p0_a0p25_b0p05__wd1e-04trmiss0_degmodglobal,8,0.0001,0.0001,0.4,2.0,0.25,0.05,lr1e-04_bs8_drop0p4_temp2p0_a0p25_b0p05__wd1e-04trmiss0_degmodglobal,18,0.6266572645732335,0.7590154111385345,0.4166666666666667,0.6769952269952271,0.38461538461538464,0.0,0.5459468535014561,0.6009539110319955,0.06831490248441696,0.17249275531087602,0.0,0.0,0.0,0.0,0.0,18473,global,0.0
1,3,lr1e-04_bs8_drop0p4_temp2p0_a0p25_b0p05__wd1e-04trmiss0_degmodglobal,8,0.0001,0.0001,0.4,2.0,0.25,0.05,lr1e-04_bs8_drop0p4_temp2p0_a0p25_b0p05__wd1e-04trmiss0_degmodglobal,19,0.6314426915986198,0.7482416331768036,0.4444444444444444,0.6902227402227403,0.38461538461538464,0.0,0.48314607569149565,0.5914151583399091,0.09743553453258105,0.31337309948035647,0.0,0.0,0.0,0.0,0.0,18473,global,0.0
1,3,lr1e-04_bs8_drop0p4_temp2p0_a0p25_b0p05__wd1e-04trmiss0_degmodglobal,8,0.0001,0.0001,0.4,2.0,0.25,0.05,lr1e-04_bs8_drop0p4_temp2p0_a0p25_b0p05__wd1e-04trmiss0_degmodglobal,20,0.6173233985900879,0.7543872594833374,0.4722222222222222,0.6994819994819995,0.38461538461538464,0.0,0.5313050278595516,0.5858235103743417,0.08168369105884007,0.22157941120011465,0.0,0.0,0.0,0.0,0.0,18473,global,0.0
1,3,lr1e-04_bs8_drop0p4_temp2p0_a0p25_b0p05__wd1e-04trmiss0_degmodglobal,8,0.0001,0.0001,0.4,2.0,0.25,0.05,lr1e-04_bs8_drop0p4_temp2p0_a0p25_b0p05__wd1e-04trmiss0_degmodglobal,21,0.6536009056227547,0.7589658200740814,0.5,0.7113867613867615,0.38461538461538464,0.0,0.4995224731309073,0.606506381716047,0.11193293865237917,0.3822255241019385,0.0,0.0,0.0,0.0,0.0,18473,global,0.0
1,3,lr1e-04_bs8_drop0p4_temp2p0_a0p25_b0p05__wd1e-04trmiss0_degmodglobal,8,0.0001,0.0001,0.4,2.0,0.25,0.05,lr1e-04_bs8_drop0p4_temp2p0_a0p25_b0p05__wd1e-04trmiss0_degmodglobal,22,0.6301104596682957,0.7563289403915405,0.5,0.7113867613867615,0.38461538461538464,0.0,0.5143570942538125,0.5990952253341675,0.07895753958395549,0.22551724314689636,0.0,0.0,0.0,0.0,0.0,18473,global,0.0
1,3,lr1e-04_bs8_drop0p4_temp2p0_a0p25_b0p05__wd1e-04trmiss0_degmodglobal,8,0.0001,0.0001,0.4,2.0,0.25,0.05,lr1e-04_bs8_drop0p4_temp2p0_a0p25_b0p05__wd1e-04trmiss0_degmodglobal,23,0.6146323723452431,0.7511604130268097,0.5,0.7113867613867615,0.38461538461538464,0.0,0.4967396003859384,0.5772885084152222,0.09259258396923542,0.28391448834112715,0.0,0.0,0.0,0.0,0.0,18473,global,0.0
1,3,lr1e-04_bs8_drop0p4_temp2p0_a0p25_b0p05__wd1e-04trmiss0_degmodglobal,8,0.0001,0.0001,0.4,2.0,0.25,0.05,lr1e-04_bs8_drop0p4_temp2p0_a0p25_b0p05__wd1e-04trmiss0_degmodglobal,24,0.6340261484895434,0.7518205940723419,0.5,0.7113867613867615,0.38461538461538464,0.0,0.47780706201280865,0.5939689065728869,0.08961927518248558,0.35304854597364155,0.0,0.0,0.0,0.0,0.0,18473,global,0.0
1,3,lr1e-04_bs8_drop0p4_temp2p0_a0p25_b0p05__wd1e-04trmiss0_degmodglobal,8,0.0001,0.0001,0.4,2.0,0.25,0.05,lr1e-04_bs8_drop0p4_temp2p0_a0p25_b0p05__wd1e-04trmiss0_degmodglobal,25,0.6270578759057182,0.7499031126499176,0.5,0.7113867613867615,0.38461538461538464,0.0,0.5116301987852369,0.5920144745281765,0.09029486562524523,0.2493934610060283,0.0,0.0,0.0,0.0,0.0,18473,global,0.0
1,3,lr5e-05_bs8_drop0p2_temp1p0_a0p25_b0p05__wd1e-04trmiss0_degmodglobal,8,5e-05,0.0001,0.2,1.0,0.25,0.05,lr5e-05_bs8_drop0p2_temp1p0_a0p25_b0p05__wd1e-04trmiss0_degmodglobal,1,0.7009995664869036,0.6885761916637421,0.2222222222222222,0.6324185074185074,0.5384615384615384,0.0,0.6940619264330182,0.6773392047200885,0.056920231985194344,0.18860599611486709,0.0,0.0,0.0,0.0,0.0,18473,global,0.0
1,3,lr5e-05_bs8_drop0p2_temp1p0_a0p25_b0p05__wd1e-04trmiss0_degmodglobal,8,5e-05,0.0001,0.2,1.0,0.25,0.05,lr5e-05_bs8_drop0p2_temp1p0_a0p25_b0p05__wd1e-04trmiss0_degmodglobal,2,0.6817570584160941,0.6858554482460022,0.2222222222222222,0.6358135691469025,0.5384615384615384,0.0,0.6829841222081866,0.662375807762146,0.051245255661862235,0.13139850859131133,0.0,0.0,0.0,0.0,0.0,18473,global,0.0
1,3,lr5e-05_bs8_drop0p2_temp1p0_a0p25_b0p05__wd1e-04trmiss0_degmodglobal,8,5e-05,0.0001,0.2,1.0,0.25,0.05,lr5e-05_bs8_drop0p2_temp1p0_a0p25_b0p05__wd1e-04trmiss0_degmodglobal,3,0.6643350550106594,0.6812220513820648,0.2777777777777778,0.650937025937026,0.5384615384615384,0.0,0.6644399251256671,0.6461303234100342,0.0451640034360545,0.13827465793916158,0.0,0.0,0.0,0.0,0.0,18473,global,0.0
1,3,lr5e-05_bs8_drop0p2_temp1p0_a0p25_b0p05__wd1e-04trmiss0_degmodglobal,8,5e-05,0.0001,0.2,1.0,0.25,0.05,lr5e-05_bs8_drop0p2_temp1p0_a0p25_b0p05__wd1e-04trmiss0_degmodglobal,4,0.6514599323272705,0.6781128346920013,0.25,0.6398259148259149,0.46153846153846156,0.0,0.6681222489901951,0.6331000242914472,0.044472758525184224,0.14483476164085524,0.0,0.0,0.0,0.0,0.0,18473,global,0.0
1,3,lr5e-05_bs8_drop0p2_temp1p0_a0p25_b0p05__wd1e-04trmiss0_degmodglobal,8,5e-05,0.0001,0.2,1.0,0.25,0.05,lr5e-05_bs8_drop0p2_temp1p0_a0p25_b0p05__wd1e-04trmiss0_degmodglobal,5,0.6489318694387164,0.6783374845981598,0.3055555555555556,0.6694555444555446,0.46153846153846156,0.0,0.644748330116272,0.6321236150605338,0.042247171114598005,0.12492933656488146,0.0,0.0,0.0,0.0,0.0,18473,global,0.0
1,3,lr5e-05_bs8_drop0p2_temp1p0_a0p25_b0p05__wd1e-04trmiss0_degmodglobal,8,5e-05,0.0001,0.2,1.0,0.25,0.05,lr5e-05_bs8_drop0p2_temp1p0_a0p25_b0p05__wd1e-04trmiss0_degmodglobal,6,0.6312905294554574,0.6777188777923584,0.3611111111111111,0.6911486661486661,0.5384615384615384,0.0,0.6466721211160932,0.6106732572828021,0.0505908557346889,0.15939095935651235,0.0,0.0,0.0,0.0,0.0,18473,global,0.0
1,3,lr5e-05_bs8_drop0p2_temp1p0_a0p25_b0p05__wd1e-04trmiss0_degmodglobal,8,5e-05,0.0001,0.2,1.0,0.25,0.05,lr5e-05_bs8_drop0p2_temp1p0_a0p25_b0p05__wd1e-04trmiss0_degmodglobal,7,0.6271238327026367,0.6830116510391235,0.3611111111111111,0.6911486661486661,0.46153846153846156,0.0,0.6332016246659415,0.611357297216143,0.03937879603888307,0.11843672607626234,0.0,0.0,0.0,0.0,0.0,18473,global,0.0
1,3,lr5e-05_bs8_drop0p2_temp1p0_a0p25_b0p05__wd1e-04trmiss0_degmodglobal,8,5e-05,0.0001,0.2,1.0,0.25,0.05,lr5e-05_bs8_drop0p2_temp1p0_a0p25_b0p05__wd1e-04trmiss0_degmodglobal,8,0.6225977199418204,0.6842073798179626,0.2777777777777778,0.6546407296407297,0.38461538461538464,0.0,0.6338437455041068,0.6078495383262634,0.038182345618094714,0.10405172194753375,0.0,0.0,0.0,0.0,0.0,18473,global,0.0
1,3,lr5e-05_bs8_drop0p2_temp1p0_a0p25_b0p05__wd1e-04trmiss0_degmodglobal,8,5e-05,0.0001,0.2,1.0,0.25,0.05,lr5e-05_bs8_drop0p2_temp1p0_a0p25_b0p05__wd1e-04trmiss0_degmodglobal,9,0.6001236523900714,0.6857471466064453,0.2777777777777778,0.662048137048137,0.46153846153846156,0.0,0.6258287004062107,0.5831938811710903,0.04350909271410534,0.12104997730680875,0.0,0.0,0.0,0.0,0.0,18473,global,0.0
1,3,lr5e-05_bs8_drop0p2_temp1p0_a0p25_b0p05__wd1e-04trmiss0_degmodglobal,8,5e-05,0.0001,0.2,1.0,0.25,0.05,lr5e-05_bs8_drop0p2_temp1p0_a0p25_b0p05__wd1e-04trmiss0_degmodglobal,10,0.6000954934528896,0.686826229095459,0.2777777777777778,0.662048137048137,0.46153846153846156,0.0,0.6098505173410688,0.5834647672516959,0.04489902380321707,0.10811941644975118,0.0,0.0,0.0,0.0,0.0,18473,global,0.0
1,3,lr5e-05_bs8_drop0p2_temp1p0_a0p25_b0p05__wd1e-04trmiss0_degmodglobal,8,5e-05,0.0001,0.2,1.0,0.25,0.05,lr5e-05_bs8_drop0p2_temp1p0_a0p25_b0p05__wd1e-04trmiss0_degmodglobal,11,0.5971051284245082,0.6854097843170166,0.3055555555555556,0.6694555444555446,0.46153846153846156,0.0,0.6088608077594212,0.5806530458586556,0.04395163006016186,0.1092834866472653,0.0,0.0,0.0,0.0,0.0,18473,global,0.0
1,3,lr5e-05_bs8_drop0p2_temp1p0_a0p25_b0p05__wd1e-04trmiss0_degmodglobal,8,5e-05,0.0001,0.2,1.0,0.25,0.05,lr5e-05_bs8_drop0p2_temp1p0_a0p25_b0p05__wd1e-04trmiss0_degmodglobal,12,0.5736654571124485,0.678857296705246,0.3888888888888889,0.7078153328153327,0.5384615384615384,0.0,0.6094486883708409,0.5550785831042698,0.048966266214847565,0.12690602668694087,0.0,0.0,0.0,0.0,0.0,18473,global,0.0
1,3,lr5e-05_bs8_drop0p2_temp1p0_a0p25_b0p05__wd1e-04trmiss0_degmodglobal,8,5e-05,0.0001,0.2,1.0,0.25,0.05,lr5e-05_bs8_drop0p2_temp1p0_a0p25_b0p05__wd1e-04trmiss0_degmodglobal,13,0.5884906053543091,0.6768999099731445,0.3888888888888889,0.7078153328153327,0.5384615384615384,0.0,0.6092462369373867,0.5726532595498222,0.04209171182342938,0.1062881276011467,0.0,0.0,0.0,0.0,0.0,18473,global,0.0
1,3,lr5e-05_bs8_drop0p2_temp1p0_a0p25_b0p05__wd1e-04trmiss0_degmodglobal,8,5e-05,0.0001,0.2,1.0,0.25,0.05,lr5e-05_bs8_drop0p2_temp1p0_a0p25_b0p05__wd1e-04trmiss0_degmodglobal,14,0.583656873021807,0.6780895888805389,0.3611111111111111,0.6911486661486661,0.5384615384615384,0.0,0.6104194181306022,0.5695441450391497,0.03783892946583884,0.09305989210094724,0.0,0.0,0.0,0.0,0.0,18473,global,0.0
1,3,lr5e-05_bs8_drop0p2_temp1p0_a0p25_b0p05__wd1e-04trmiss0_degmodglobal,8,5e-05,0.0001,0.2,1.0,0.25,0.05,lr5e-05_bs8_drop0p2_temp1p0_a0p25_b0p05__wd1e-04trmiss0_degmodglobal,15,0.5800862397466388,0.6797632575035095,0.3888888888888889,0.7078153328153327,0.5384615384615384,0.0,0.5899556875228882,0.5610147203717913,0.04739598051777908,0.14445036756140844,0.0,0.0,0.0,0.0,0.0,18473,global,0.0
1,3,lr5e-05_bs8_drop0p2_temp1p0_a0p25_b0p05__wd1e-04trmiss0_degmodglobal,8,5e-05,0.0001,0.2,1.0,0.25,0.05,lr5e-05_bs8_drop0p2_temp1p0_a0p25_b0p05__wd1e-04trmiss0_degmodglobal,16,0.577749388558524,0.6785926520824432,0.3888888888888889,0.6982193732193731,0.5384615384615384,0.0,0.582302817276546,0.5625112737928119,0.04114388168922493,0.0990428701043129,0.0,0.0,0.0,0.0,0.0,18473,global,0.0
1,3,lr5e-05_bs8_drop0p2_temp1p0_a0p25_b0p05__wd1e-04trmiss0_degmodglobal,8,5e-05,0.0001,0.2,1.0,0.25,0.05,lr5e-05_bs8_drop0p2_temp1p0_a0p25_b0p05__wd1e-04trmiss0_degmodglobal,17,0.5639515519142151,0.6763868629932404,0.3888888888888889,0.6982193732193731,0.5384615384615384,0.0,0.5744425569261823,0.5485915456499372,0.03894322232476303,0.11248410493135452,0.0,0.0,0.0,0.0,0.0,18473,global,0.0
1,3,lr5e-05_bs8_drop0p2_temp1p0_a0p25_b0p05__wd1e-04trmiss0_degmodglobal,8,5e-05,0.0001,0.2,1.0,0.25,0.05,lr5e-05_bs8_drop0p2_temp1p0_a0p25_b0p05__wd1e-04trmiss0_degmodglobal,18,0.5765815121786935,0.6750696003437042,0.4444444444444444,0.7216200466200466,0.5384615384615384,0.0,0.6004746982029506,0.5612501416887555,0.03943974711000919,0.10942907737834114,0.0,0.0,0.0,0.0,0.0,18473,global,0.0
1,3,lr5e-05_bs8_drop0p2_temp1p0_a0p25_b0p05__wd1e-04trmiss0_degmodglobal,8,5e-05,0.0001,0.2,1.0,0.25,0.05,lr5e-05_bs8_drop0p2_temp1p0_a0p25_b0p05__wd1e-04trmiss0_degmodglobal,19,0.572561000074659,0.6733288168907166,0.4444444444444444,0.7113636363636364,0.38461538461538464,0.0,0.5855007512228829,0.5574924264635358,0.03721279517880508,0.11530734971165657,0.0,0.0,0.0,0.0,0.0,18473,global,0.0
1,3,lr5e-05_bs8_drop0p2_temp1p0_a0p25_b0p05__wd1e-04trmiss0_degmodglobal,8,5e-05,0.0001,0.2,1.0,0.25,0.05,lr5e-05_bs8_drop0p2_temp1p0_a0p25_b0p05__wd1e-04trmiss0_degmodglobal,20,0.5738080058779035,0.6721124053001404,0.4444444444444444,0.7113636363636364,0.46153846153846156,0.0,0.5835317969322205,0.5579003436224801,0.04321423385824476,0.10208209550806455,0.0,0.0,0.0,0.0,0.0,18473,global,0.0
1,3,lr5e-05_bs8_drop0p2_temp1p0_a0p25_b0p05__wd1e-04trmiss0_degmodglobal,8,5e-05,0.0001,0.2,1.0,0.25,0.05,lr5e-05_bs8_drop0p2_temp1p0_a0p25_b0p05__wd1e-04trmiss0_degmodglobal,21,0.5757198248590741,0.6651486158370972,0.4444444444444444,0.7216200466200466,0.5384615384615384,0.0,0.5658083643232074,0.5590683903012957,0.04475349826472146,0.10926110723188945,0.0,0.0,0.0,0.0,0.0,18473,global,0.0
1,3,lr5e-05_bs8_drop0p2_temp1p0_a0p25_b0p05__wd1e-04trmiss0_degmodglobal,8,5e-05,0.0001,0.2,1.0,0.25,0.05,lr5e-05_bs8_drop0p2_temp1p0_a0p25_b0p05__wd1e-04trmiss0_degmodglobal,22,0.5642472761017936,0.6676230728626251,0.4444444444444444,0.7297008547008548,0.5384615384615384,0.0,0.5820508428982326,0.5505257844924927,0.03494064110730376,0.09972678923181125,0.0,0.0,0.0,0.0,0.0,18473,global,0.0
1,3,lr5e-05_bs8_drop0p2_temp1p0_a0p25_b0p05__wd1e-04trmiss0_degmodglobal,8,5e-05,0.0001,0.2,1.0,0.25,0.05,lr5e-05_bs8_drop0p2_temp1p0_a0p25_b0p05__wd1e-04trmiss0_degmodglobal,23,0.5859287636620658,0.6773911118507385,0.4444444444444444,0.7297008547008548,0.5384615384615384,0.0,0.5939587354660034,0.564106068440846,0.056461850979498455,0.15414473627294814,0.0,0.0,0.0,0.0,0.0,18473,global,0.0
1,3,lr5e-05_bs8_drop0p2_temp1p0_a0p25_b0p05__wd1e-04trmiss0_degmodglobal,8,5e-05,0.0001,0.2,1.0,0.25,0.05,lr5e-05_bs8_drop0p2_temp1p0_a0p25_b0p05__wd1e-04trmiss0_degmodglobal,24,0.5552194544247219,0.6817206740379333,0.4444444444444444,0.7297008547008548,0.46153846153846156,0.0,0.5758381485939026,0.5405707912785667,0.038595523685216904,0.09999553806015424,0.0,0.0,0.0,0.0,0.0,18473,global,0.0
1,3,lr5e-05_bs8_drop0p2_temp1p0_a0p25_b0p05__wd1e-04trmiss0_degmodglobal,8,5e-05,0.0001,0.2,1.0,0.25,0.05,lr5e-05_bs8_drop0p2_temp1p0_a0p25_b0p05__wd1e-04trmiss0_degmodglobal,25,0.5468800493649074,0.6874351501464844,0.4722222222222222,0.7364348614348615,0.46153846153846156,0.0,0.5717531868389675,0.5309612623282841,0.04294704273343086,0.10364069576774325,0.0,0.0,0.0,0.0,0.0,18473,global,0.0
1,3,lr5e-05_bs8_drop0p2_temp1p0_a0p25_b0p05__wd1e-04trmiss0_degmodglobal,8,5e-05,0.0001,0.2,1.0,0.25,0.05,lr5e-05_bs8_drop0p2_temp1p0_a0p25_b0p05__wd1e-04trmiss0_degmodglobal,26,0.5417756140232086,0.680234283208847,0.5277777777777778,0.7527657527657527,0.5384615384615384,0.0,0.5368354575974601,0.5253066335405622,0.04757804263915334,0.09148936186517988,0.0,0.0,0.0,0.0,0.0,18473,global,0.0
1,3,lr5e-05_bs8_drop0p2_temp1p0_a0p25_b0p05__wd1e-04trmiss0_degmodglobal,8,5e-05,0.0001,0.2,1.0,0.25,0.05,lr5e-05_bs8_drop0p2_temp1p0_a0p25_b0p05__wd1e-04trmiss0_degmodglobal,27,0.5808584349496024,0.6703122556209564,0.4722222222222222,0.7364348614348615,0.5384615384615384,0.0,0.5621784670012338,0.562714193548475,0.04715767822095326,0.1270965039730072,0.0,0.0,0.0,0.0,0.0,18473,global,0.0
1,3,lr5e-05_bs8_drop0p2_temp1p0_a0p25_b0p05__wd1e-04trmiss0_degmodglobal,8,5e-05,0.0001,0.2,1.0,0.25,0.05,lr5e-05_bs8_drop0p2_temp1p0_a0p25_b0p05__wd1e-04trmiss0_degmodglobal,28,0.5263402802603585,0.6669686436653137,0.5277777777777778,0.7527657527657527,0.46153846153846156,0.0,0.5446978977748326,0.509055597441537,0.046875676938465664,0.11131524933235985,0.0,0.0,0.0,0.0,0.0,18473,global,0.0
1,3,lr5e-05_bs8_drop0p2_temp1p0_a0p25_b0p05__wd1e-04trmiss0_degmodglobal,8,5e-05,0.0001,0.2,1.0,0.25,0.05,lr5e-05_bs8_drop0p2_temp1p0_a0p25_b0p05__wd1e-04trmiss0_degmodglobal,29,0.5443066699164254,0.6706313192844391,0.5,0.7463554963554964,0.46153846153846156,0.0,0.56232807465962,0.5288277609007699,0.0421974922397307,0.09859061454023633,0.0,0.0,0.0,0.0,0.0,18473,global,0.0
1,3,lr5e-05_bs8_drop0p2_temp1p0_a0p25_b0p05__wd1e-04trmiss0_degmodglobal,8,5e-05,0.0001,0.2,1.0,0.25,0.05,lr5e-05_bs8_drop0p2_temp1p0_a0p25_b0p05__wd1e-04trmiss0_degmodglobal,30,0.5420364141464233,0.6758389472961426,0.5,0.7463554963554964,0.46153846153846156,0.0,0.5728452375956944,0.5269343469824109,0.04421374494475978,0.0809725954064301,0.0,0.0,0.0,0.0,0.0,18473,global,0.0
1,3,lr5e-05_bs8_drop0p2_temp1p0_a0p25_b0p05__wd1e-04trmiss0_degmodglobal,8,5e-05,0.0001,0.2,1.0,0.25,0.05,lr5e-05_bs8_drop0p2_temp1p0_a0p25_b0p05__wd1e-04trmiss0_degmodglobal,31,0.5131795448916299,0.6748660504817963,0.5,0.7463554963554964,0.46153846153846156,0.0,0.539864936045238,0.498045346566609,0.042700963360922675,0.08917913426245962,0.0,0.0,0.0,0.0,0.0,18473,global,0.0
1,3,lr5e-05_bs8_drop0p2_temp1p0_a0p25_b0p05__wd1e-04trmiss0_degmodglobal,8,5e-05,0.0001,0.2,1.0,0.25,0.05,lr5e-05_bs8_drop0p2_temp1p0_a0p25_b0p05__wd1e-04trmiss0_degmodglobal,32,0.5254642920834678,0.6746141910552979,0.5,0.7463554963554964,0.5384615384615384,0.0,0.5494888595172337,0.5093985753399985,0.04551705611603601,0.09372855456812042,0.0,0.0,0.0,0.0,0.0,18473,global,0.0
1,3,lr5e-05_bs8_drop0p2_temp1p0_a0p25_b0p05__wd1e-04trmiss0_degmodglobal,8,5e-05,0.0001,0.2,1.0,0.25,0.05,lr5e-05_bs8_drop0p2_temp1p0_a0p25_b0p05__wd1e-04trmiss0_degmodglobal,33,0.525406824690955,0.6732239127159119,0.5,0.7463554963554964,0.46153846153846156,0.0,0.5426363902432578,0.5113150009087154,0.04094407973544938,0.07711609080433846,0.0,0.0,0.0,0.0,0.0,18473,global,0.0
1,3,lr5e-05_bs8_drop0p2_temp1p0_a0p25_b0p05__wd1e-04trmiss0_degmodglobal,8,5e-05,0.0001,0.2,1.0,0.25,0.05,lr5e-05_bs8_drop0p2_temp1p0_a0p25_b0p05__wd1e-04trmiss0_degmodglobal,34,0.5630400691713605,0.6755993962287903,0.5277777777777777,0.7556147556147557,0.5384615384615384,0.0,0.5561471836907523,0.5470435704503741,0.0485734229109117,0.07706274571163314,0.0,0.0,0.0,0.0,0.0,18473,global,0.0
1,3,lr5e-05_bs8_drop0p2_temp1p0_a0p25_b0p05__wd1e-04trmiss0_degmodglobal,8,5e-05,0.0001,0.2,1.0,0.25,0.05,lr5e-05_bs8_drop0p2_temp1p0_a0p25_b0p05__wd1e-04trmiss0_degmodglobal,35,0.5026045867374965,0.6736670136451721,0.5555555555555556,0.762025012025012,0.5384615384615384,0.0,0.5172289822782788,0.4859418443271092,0.046852672206504006,0.09899160798106875,0.0,0.0,0.0,0.0,0.0,18473,global,0.0
1,3,lr5e-05_bs8_drop0p2_temp1p0_a0p25_b0p05__wd1e-04trmiss0_degmodglobal,8,5e-05,0.0001,0.2,1.0,0.25,0.05,lr5e-05_bs8_drop0p2_temp1p0_a0p25_b0p05__wd1e-04trmiss0_degmodglobal,36,0.5440510043076107,0.6636785268783569,0.6111111111111112,0.8077040243706912,0.5384615384615384,0.0,0.5441438640866961,0.5249598026275635,0.05386586274419512,0.11249455277408872,0.0,0.0,0.0,0.0,0.0,18473,global,0.0
1,3,lr5e-05_bs8_drop0p2_temp1p0_a0p25_b0p05__wd1e-04trmiss0_degmodglobal,8,5e-05,0.0001,0.2,1.0,0.25,0.05,lr5e-05_bs8_drop0p2_temp1p0_a0p25_b0p05__wd1e-04trmiss0_degmodglobal,37,0.5201232263020107,0.6697460114955902,0.5277777777777778,0.7527657527657527,0.5384615384615384,0.0,0.5426518023014069,0.505605263369424,0.03955632208713463,0.09257780866963523,0.0,0.0,0.0,0.0,0.0,18473,global,0.0
1,3,lr5e-05_bs8_drop0p2_temp1p0_a0p25_b0p05__wd1e-04trmiss0_degmodglobal,8,5e-05,0.0001,0.2,1.0,0.25,0.05,lr5e-05_bs8_drop0p2_temp1p0_a0p25_b0p05__wd1e-04trmiss0_degmodglobal,38,0.5334681613104684,0.6679889559745789,0.5555555555555556,0.762025012025012,0.5384615384615384,0.0,0.521287568977901,0.5163539605481284,0.046874821186065674,0.10791024352822985,0.0,0.0,0.0,0.0,0.0,18473,global,0.0
1,3,lr5e-05_bs8_drop0p2_temp1p0_a0p25_b0p05__wd1e-04trmiss0_degmodglobal,8,5e-05,0.0001,0.2,1.0,0.25,0.05,lr5e-05_bs8_drop0p2_temp1p0_a0p25_b0p05__wd1e-04trmiss0_degmodglobal,39,0.556256788117545,0.6733155250549316,0.5555555555555556,0.762025012025012,0.5384615384615384,0.0,0.5618983422006879,0.5322167490209851,0.06580640375614166,0.15176848428589956,0.0,0.0,0.0,0.0,0.0,18473,global,0.0
1,3,lr5e-05_bs8_drop0p2_temp1p0_a0p25_b0p05__wd1e-04trmiss0_degmodglobal,8,5e-05,0.0001,0.2,1.0,0.25,0.05,lr5e-05_bs8_drop0p2_temp1p0_a0p25_b0p05__wd1e-04trmiss0_degmodglobal,40,0.5294082292488643,0.6719017922878265,0.5555555555555556,0.7842472342472344,0.5384615384615384,0.0,0.5299382763249534,0.5135291644505092,0.045337783971003125,0.09089234098792076,0.0,0.0,0.0,0.0,0.0,18473,global,0.0
1,3,lr5e-05_bs8_drop0p2_temp1p0_a0p25_b0p05__wd1e-04trmiss0_degmodglobal,8,5e-05,0.0001,0.2,1.0,0.25,0.05,lr5e-05_bs8_drop0p2_temp1p0_a0p25_b0p05__wd1e-04trmiss0_degmodglobal,41,0.5330308888639722,0.6692394018173218,0.5555555555555556,0.7842472342472344,0.5384615384615384,0.0,0.5408427630152021,0.5189150401524135,0.03952432849577495,0.08469548023172788,0.0,0.0,0.0,0.0,0.0,18473,global,0.0
1,3,lr5e-05_bs8_drop0p2_temp1p0_a0p25_b0p05__wd1e-04trmiss0_degmodglobal,8,5e-05,0.0001,0.2,1.0,0.25,0.05,lr5e-05_bs8_drop0p2_temp1p0_a0p25_b0p05__wd1e-04trmiss0_degmodglobal,42,0.515566851411547,0.6637394428253174,0.5555555555555556,0.7842472342472344,0.5384615384615384,0.0,0.5171049407550267,0.5006822432790484,0.04450395277568272,0.07517267524131707,0.0,0.0,0.0,0.0,0.0,18473,global,0.0
1,3,lr5e-05_bs8_drop0p2_temp1p0_a0p25_b0p05__wd1e-04trmiss0_degmodglobal,8,5e-05,0.0001,0.2,1.0,0.25,0.05,lr5e-05_bs8_drop0p2_temp1p0_a0p25_b0p05__wd1e-04trmiss0_degmodglobal,43,0.5224648671490806,0.6649165749549866,0.5833333333333334,0.799062049062049,0.5384615384615384,0.0,0.5450194946357182,0.5002163478306362,0.06256367984626975,0.1321521731359618,0.0,0.0,0.0,0.0,0.0,18473,global,0.0
1,3,lr5e-05_bs8_drop0p2_temp1p0_a0p25_b0p05__wd1e-04trmiss0_degmodglobal,8,5e-05,0.0001,0.2,1.0,0.25,0.05,lr5e-05_bs8_drop0p2_temp1p0_a0p25_b0p05__wd1e-04trmiss0_degmodglobal,44,0.5454089939594269,0.6645240485668182,0.5555555555555556,0.78980278980279,0.5384615384615384,0.0,0.547725362437112,0.5290722336087909,0.04612049886158535,0.0961328846003328,0.0,0.0,0.0,0.0,0.0,18473,global,0.0
1,3,lr5e-05_bs8_drop0p2_temp1p0_a0p25_b0p05__wd1e-04trmiss0_degmodglobal,8,5e-05,0.0001,0.2,1.0,0.25,0.05,lr5e-05_bs8_drop0p2_temp1p0_a0p25_b0p05__wd1e-04trmiss0_degmodglobal,45,0.5178926927702767,0.6680481135845184,0.5833333333333334,0.799062049062049,0.5384615384615384,0.0,0.524924669946943,0.5025118546826499,0.04482614914221423,0.08348587900400162,0.0,0.0,0.0,0.0,0.0,18473,global,0.0
1,3,lr5e-05_bs8_drop0p2_temp1p0_a0p25_b0p05__wd1e-04trmiss0_degmodglobal,8,5e-05,0.0001,0.2,1.0,0.25,0.05,lr5e-05_bs8_drop0p2_temp1p0_a0p25_b0p05__wd1e-04trmiss0_degmodglobal,46,0.5079689962523324,0.6654247343540192,0.5,0.7463554963554964,0.5384615384615384,0.0,0.5136515711035047,0.4889103812830789,0.052632459572383335,0.11800971414361681,0.0,0.0,0.0,0.0,0.0,18473,global,0.0
1,3,lr5e-05_bs8_drop0p2_temp1p0_a0p25_b0p05__wd1e-04trmiss0_degmodglobal,8,5e-05,0.0001,0.2,1.0,0.25,0.05,lr5e-05_bs8_drop0p2_temp1p0_a0p25_b0p05__wd1e-04trmiss0_degmodglobal,47,0.5226472616195679,0.6707757115364075,0.5555555555555556,0.762025012025012,0.5384615384615384,0.0,0.5343670504433768,0.5050224491528102,0.053266819034303935,0.08616226698671069,0.0,0.0,0.0,0.0,0.0,18473,global,0.0
1,3,lr5e-05_bs8_drop0p2_temp1p0_a0p25_b0p05__wd1e-04trmiss0_degmodglobal,8,5e-05,0.0001,0.2,1.0,0.25,0.05,lr5e-05_bs8_drop0p2_temp1p0_a0p25_b0p05__wd1e-04trmiss0_degmodglobal,48,0.5124378970691136,0.670443058013916,0.5833333333333334,0.799062049062049,0.5384615384615384,0.0,0.5064017219202859,0.4938045953001295,0.050691276522619386,0.11920968522982937,0.0,0.0,0.0,0.0,0.0,18473,global,0.0
1,3,lr5e-05_bs8_drop0p2_temp1p0_a0p25_b0p05__wd1e-04trmiss0_degmodglobal,8,5e-05,0.0001,0.2,1.0,0.25,0.05,lr5e-05_bs8_drop0p2_temp1p0_a0p25_b0p05__wd1e-04trmiss0_degmodglobal,49,0.5381495015961784,0.6739962100982666,0.5277777777777778,0.7527657527657527,0.5384615384615384,0.0,0.5400710701942444,0.5183465778827667,0.05570379112448011,0.11753951438835689,0.0,0.0,0.0,0.0,0.0,18473,global,0.0
1,3,lr5e-05_bs8_drop0p2_temp1p0_a0p25_b0p05__wd1e-04trmiss0_degmodglobal,8,5e-05,0.0001,0.2,1.0,0.25,0.05,lr5e-05_bs8_drop0p2_temp1p0_a0p25_b0p05__wd1e-04trmiss0_degmodglobal,50,0.5392927953175136,0.6764747500419617,0.5,0.7463554963554964,0.5384615384615384,0.0,0.5308407843112946,0.5233666471072606,0.046589458361268044,0.0855759188000645,0.0,0.0,0.0,0.0,0.0,18473,global,0.0
1,3,lr5e-05_bs8_drop0p2_temp1p0_a0p25_b0p05__wd1e-04trmiss0_degmodglobal,8,5e-05,0.0001,0.2,1.0,0.25,0.05,lr5e-05_bs8_drop0p2_temp1p0_a0p25_b0p05__wd1e-04trmiss0_degmodglobal,51,0.5137812112058912,0.6725800633430481,0.5,0.7463554963554964,0.5384615384615384,0.0,0.5040215168680463,0.4961341491767338,0.05101154079394681,0.09788365236350469,0.0,0.0,0.0,0.0,0.0,18473,global,0.0
1,3,lr5e-05_bs8_drop0p2_temp1p0_a0p25_b0p05__wd1e-04trmiss0_degmodglobal,8,5e-05,0.0001,0.2,1.0,0.25,0.05,lr5e-05_bs8_drop0p2_temp1p0_a0p25_b0p05__wd1e-04trmiss0_degmodglobal,52,0.5056991193975721,0.6719585359096527,0.5,0.7463554963554964,0.5384615384615384,0.0,0.5002965501376561,0.48777379734175547,0.049808774409549575,0.1094626071197646,0.0,0.0,0.0,0.0,0.0,18473,global,0.0
1,3,lr5e-05_bs8_drop0p2_temp1p0_a0p25_b0p05__wd1e-04trmiss0_degmodglobal,8,5e-05,0.0001,0.2,1.0,0.25,0.05,lr5e-05_bs8_drop0p2_temp1p0_a0p25_b0p05__wd1e-04trmiss0_degmodglobal,53,0.5309977744306836,0.6696907877922058,0.5277777777777778,0.7833925333925336,0.5384615384615384,0.0,0.5151849814823696,0.5147337402616229,0.046633462820734294,0.09211342861609799,0.0,0.0,0.0,0.0,0.0,18473,global,0.0
1,3,lr5e-05_bs8_drop0p2_temp1p0_a0p25_b0p05__wd1e-04trmiss0_degmodglobal,8,5e-05,0.0001,0.2,1.0,0.25,0.05,lr5e-05_bs8_drop0p2_temp1p0_a0p25_b0p05__wd1e-04trmiss0_degmodglobal,54,0.5016512657914843,0.664762407541275,0.5277777777777778,0.7833925333925336,0.5384615384615384,0.0,0.5133016620363507,0.4821849933692387,0.054561940154859,0.11651560025555747,0.0,0.0,0.0,0.0,0.0,18473,global,0.0
1,3,lr5e-05_bs8_drop0p2_temp1p0_a0p25_b0p05__wd1e-04trmiss0_degmodglobal,8,5e-05,0.0001,0.2,1.0,0.25,0.05,lr5e-05_bs8_drop0p2_temp1p0_a0p25_b0p05__wd1e-04trmiss0_degmodglobal,55,0.5276118474347251,0.6675054430961609,0.5,0.7463554963554964,0.46153846153846156,0.0,0.5386338361671993,0.5118977384907859,0.04523293940084321,0.08811767080000468,0.0,0.0,0.0,0.0,0.0,18473,global,0.0
1,3,lr5e-05_bs8_drop0p2_temp1p0_a0p25_b0p05__wd1e-04trmiss0_degmodglobal,8,5e-05,0.0001,0.2,1.0,0.25,0.05,lr5e-05_bs8_drop0p2_temp1p0_a0p25_b0p05__wd1e-04trmiss0_degmodglobal,56,0.5025255467210498,0.6703780293464661,0.5,0.7463554963554964,0.46153846153846156,0.0,0.5050122950758252,0.4838278889656067,0.05324577327285494,0.10772419986980301,0.0,0.0,0.0,0.0,0.0,18473,global,0.0
1,3,lr5e-05_bs8_drop0p2_temp2p0_a0p25_b0p05__wd1e-04trmiss0_degmodglobal,8,5e-05,0.0001,0.2,2.0,0.25,0.05,lr5e-05_bs8_drop0p2_temp2p0_a0p25_b0p05__wd1e-04trmiss0_degmodglobal,1,0.7621400015694755,0.7308496832847595,0.6111111111111112,0.8466200466200469,0.46153846153846156,0.0,0.7339853729520526,0.7427168488502502,0.049640851627503126,0.14025915626968657,0.0,0.0,0.0,0.0,0.0,18473,global,0.0
1,3,lr5e-05_bs8_drop0p2_temp2p0_a0p25_b0p05__wd1e-04trmiss0_degmodglobal,8,5e-05,0.0001,0.2,2.0,0.25,0.05,lr5e-05_bs8_drop0p2_temp2p0_a0p25_b0p05__wd1e-04trmiss0_degmodglobal,2,0.719439515045711,0.7428030073642731,0.6111111111111112,0.8336570836570838,0.5384615384615384,0.0,0.7055973580905369,0.699524632522038,0.04878968532596316,0.15434907908950532,0.0,0.0,0.0,0.0,0.0,18473,global,0.0
1,3,lr5e-05_bs8_drop0p2_temp2p0_a0p25_b0p05__wd1e-04trmiss0_degmodglobal,8,5e-05,0.0001,0.2,2.0,0.25,0.05,lr5e-05_bs8_drop0p2_temp2p0_a0p25_b0p05__wd1e-04trmiss0_degmodglobal,3,0.7292499797684806,0.7632202208042145,0.638888888888889,0.8455618455618457,0.46153846153846156,0.0,0.6605131370680672,0.708480315549033,0.05291287334901946,0.15082893627030508,0.0,0.0,0.0,0.0,0.0,18473,global,0.0
1,3,lr5e-05_bs8_drop0p2_temp2p0_a0p25_b0p05__wd1e-04trmiss0_degmodglobal,8,5e-05,0.0001,0.2,2.0,0.25,0.05,lr5e-05_bs8_drop0p2_temp2p0_a0p25_b0p05__wd1e-04trmiss0_degmodglobal,4,0.7150033456938607,0.7687486708164215,0.638888888888889,0.8455618455618457,0.5384615384615384,0.0,0.6528810603278024,0.6942387734140668,0.054488971297230036,0.14284667731927975,0.0,0.0,0.0,0.0,0.0,18473,global,0.0
1,3,lr5e-05_bs8_drop0p2_temp2p0_a0p25_b0p05__wd1e-04trmiss0_degmodglobal,8,5e-05,0.0001,0.2,2.0,0.25,0.05,lr5e-05_bs8_drop0p2_temp2p0_a0p25_b0p05__wd1e-04trmiss0_degmodglobal,5,0.7141482148851667,0.7661342918872833,0.5555555555555556,0.7688422688422689,0.38461538461538464,0.0,0.6910238095692226,0.6950593420437404,0.05373501032590866,0.11310218168156487,0.0,0.0,0.0,0.0,0.0,18473,global,0.0
1,3,lr5e-05_bs8_drop0p2_temp2p0_a0p25_b0p05__wd1e-04trmiss0_degmodglobal,8,5e-05,0.0001,0.2,2.0,0.25,0.05,lr5e-05_bs8_drop0p2_temp2p0_a0p25_b0p05__wd1e-04trmiss0_degmodglobal,6,0.6773296764918736,0.7746272683143616,0.47222222222222227,0.7396214896214897,0.38461538461538464,0.0,0.6114254678998675,0.6569569025720868,0.05602800686444555,0.12731513806751796,0.0,0.0,0.0,0.0,0.0,18473,global,0.0
1,3,lr5e-05_bs8_drop0p2_temp2p0_a0p25_b0p05__wd1e-04trmiss0_degmodglobal,8,5e-05,0.0001,0.2,2.0,0.25,0.05,lr5e-05_bs8_drop0p2_temp2p0_a0p25_b0p05__wd1e-04trmiss0_degmodglobal,7,0.6799171907561166,0.7727307081222534,0.5,0.7463554963554964,0.38461538461538464,0.0,0.6052836094583783,0.6542519841875348,0.06922387757471629,0.16718463599681854,0.0,0.0,0.0,0.0,0.0,18473,global,0.0
1,3,lr5e-05_bs8_drop0p2_temp2p0_a0p25_b0p05__wd1e-04trmiss0_degmodglobal,8,5e-05,0.0001,0.2,2.0,0.25,0.05,lr5e-05_bs8_drop0p2_temp2p0_a0p25_b0p05__wd1e-04trmiss0_degmodglobal,8,0.6449294771466937,0.7766475081443787,0.5277777777777778,0.7621082621082622,0.3076923076923077,0.0,0.5850805555071149,0.6220307690756661,0.061626359820365906,0.14984237402677536,0.0,0.0,0.0,0.0,0.0,18473,global,0.0
1,3,lr5e-05_bs8_drop0p2_temp2p0_a0p25_b0p05__wd1e-04trmiss0_degmodglobal,8,5e-05,0.0001,0.2,2.0,0.25,0.05,lr5e-05_bs8_drop0p2_temp2p0_a0p25_b0p05__wd1e-04trmiss0_degmodglobal,9,0.6682794094085693,0.7741864025592804,0.5833333333333333,0.782654999321666,0.3076923076923077,0.0,0.5693886280059814,0.6408851061548505,0.06985665432044438,0.198603056371212,0.0,0.0,0.0,0.0,0.0,18473,global,0.0
1,3,lr5e-05_bs8_drop0p2_temp2p0_a0p25_b0p05__wd1e-04trmiss0_degmodglobal,8,5e-05,0.0001,0.2,2.0,0.25,0.05,lr5e-05_bs8_drop0p2_temp2p0_a0p25_b0p05__wd1e-04trmiss0_degmodglobal,10,0.6500829628535679,0.7688771188259125,0.5555555555555556,0.7707502374169042,0.3076923076923077,0.0,0.5778280070849827,0.621400603226253,0.07649766760213035,0.19115886837244034,0.0,0.0,0.0,0.0,0.0,18473,global,0.0
1,3,lr5e-05_bs8_drop0p2_temp2p0_a0p25_b0p05__wd1e-04trmiss0_degmodglobal,8,5e-05,0.0001,0.2,2.0,0.25,0.05,lr5e-05_bs8_drop0p2_temp2p0_a0p25_b0p05__wd1e-04trmiss0_degmodglobal,11,0.6572076252528599,0.7678094506263733,0.47222222222222227,0.7396214896214897,0.3076923076923077,0.0,0.5393225337777819,0.6267526320048741,0.07957692444324493,0.21121535024472646,0.0,0.0,0.0,0.0,0.0,18473,global,0.0
1,3,lr5e-05_bs8_drop0p2_temp2p0_a0p25_b0p05__wd1e-04trmiss0_degmodglobal,8,5e-05,0.0001,0.2,2.0,0.25,0.05,lr5e-05_bs8_drop0p2_temp2p0_a0p25_b0p05__wd1e-04trmiss0_degmodglobal,12,0.6408652748380389,0.7680560946464539,0.5277777777777778,0.7669423169423171,0.3076923076923077,0.0,0.571354831968035,0.6178293739046369,0.06342007805194173,0.14361789662923133,0.0,0.0,0.0,0.0,0.0,18473,global,0.0
1,3,lr5e-05_bs8_drop0p2_temp2p0_a0p25_b0p05__wd1e-04trmiss0_degmodglobal,8,5e-05,0.0001,0.2,2.0,0.25,0.05,lr5e-05_bs8_drop0p2_temp2p0_a0p25_b0p05__wd1e-04trmiss0_degmodglobal,13,0.6543626700128827,0.762289971113205,0.5277777777777778,0.7669423169423171,0.38461538461538464,0.0,0.5869126660483224,0.6335860746247428,0.055461340716906955,0.13822526378290995,0.0,0.0,0.0,0.0,0.0,18473,global,0.0
1,3,lr5e-05_bs8_drop0p2_temp2p0_a0p25_b0p05__wd1e-04trmiss0_degmodglobal,8,5e-05,0.0001,0.2,2.0,0.25,0.05,lr5e-05_bs8_drop0p2_temp2p0_a0p25_b0p05__wd1e-04trmiss0_degmodglobal,14,0.6467779278755188,0.7691855728626251,0.4722222222222222,0.7457782957782959,0.3076923076923077,0.0,0.5530881370816912,0.6225552388599941,0.07076359433787209,0.13063569579805648,0.0,0.0,0.0,0.0,0.0,18473,global,0.0
1,3,lr5e-05_bs8_drop0p2_temp2p0_a0p25_b0p05__wd1e-04trmiss0_degmodglobal,8,5e-05,0.0001,0.2,2.0,0.25,0.05,lr5e-05_bs8_drop0p2_temp2p0_a0p25_b0p05__wd1e-04trmiss0_degmodglobal,15,0.6371410744530814,0.7667864859104156,0.4444444444444445,0.7383708883708884,0.38461538461538464,0.0,0.5415821160588946,0.6107017993927002,0.0714908375271729,0.17133107568536485,0.0,0.0,0.0,0.0,0.0,18473,global,0.0
1,3,lr5e-05_bs8_drop0p2_temp2p0_a0p25_b0p05__wd1e-04trmiss0_degmodglobal,8,5e-05,0.0001,0.2,2.0,0.25,0.05,lr5e-05_bs8_drop0p2_temp2p0_a0p25_b0p05__wd1e-04trmiss0_degmodglobal,16,0.6223768847329276,0.7735679149627686,0.4722222222222222,0.7754079254079256,0.38461538461538464,0.0,0.5613712753568377,0.601993305342538,0.05473566401217665,0.13399303598063333,0.0,0.0,0.0,0.0,0.0,18473,global,0.0
1,3,lr5e-05_bs8_drop0p2_temp2p0_a0p25_b0p05__wd1e-04trmiss0_degmodglobal,8,5e-05,0.0001,0.2,2.0,0.25,0.05,lr5e-05_bs8_drop0p2_temp2p0_a0p25_b0p05__wd1e-04trmiss0_degmodglobal,17,0.6428238749504089,0.7779897153377533,0.4722222222222222,0.7754079254079256,0.38461538461538464,0.0,0.5841154626437596,0.6192703247070312,0.06505155031170164,0.1458130840744291,0.0,0.0,0.0,0.0,0.0,18473,global,0.0
1,3,lr5e-05_bs8_drop0p2_temp2p0_a0p25_b0p05__wd1e-04trmiss0_degmodglobal,8,5e-05,0.0001,0.2,2.0,0.25,0.05,lr5e-05_bs8_drop0p2_temp2p0_a0p25_b0p05__wd1e-04trmiss0_degmodglobal,18,0.6409516504832676,0.7715970277786255,0.4722222222222222,0.7754079254079256,0.46153846153846156,0.0,0.5467233955860138,0.6133035336221967,0.07581711826579911,0.1738769741994994,0.0,0.0,0.0,0.0,0.0,18473,global,0.0
1,3,lr5e-05_bs8_drop0p2_temp2p0_a0p25_b0p05__wd1e-04trmiss0_degmodglobal,8,5e-05,0.0001,0.2,2.0,0.25,0.05,lr5e-05_bs8_drop0p2_temp2p0_a0p25_b0p05__wd1e-04trmiss0_degmodglobal,19,0.6287245239530291,0.7734755277633667,0.4722222222222222,0.7754079254079256,0.38461538461538464,0.0,0.5676992280142648,0.6090658732822963,0.05320219695568085,0.12716203023280417,0.0,0.0,0.0,0.0,0.0,18473,global,0.0
1,3,lr5e-05_bs8_drop0p2_temp2p0_a0p25_b0p05__wd1e-04trmiss0_degmodglobal,8,5e-05,0.0001,0.2,2.0,0.25,0.05,lr5e-05_bs8_drop0p2_temp2p0_a0p25_b0p05__wd1e-04trmiss0_degmodglobal,20,0.6302732910428729,0.7727953791618347,0.4444444444444445,0.7383708883708884,0.38461538461538464,0.0,0.5552248060703278,0.6046199372836522,0.06734678096004895,0.17633309534617833,0.0,0.0,0.0,0.0,0.0,18473,global,0.0
1,3,lr5e-05_bs8_drop0p2_temp2p0_a0p25_b0p05__wd1e-04trmiss0_degmodglobal,8,5e-05,0.0001,0.2,2.0,0.25,0.05,lr5e-05_bs8_drop0p2_temp2p0_a0p25_b0p05__wd1e-04trmiss0_degmodglobal,21,0.6421258705002921,0.7796168923377991,0.5,0.755037555037555,0.38461538461538464,0.0,0.5452325344085693,0.6167528203555516,0.06649037982736315,0.17500921285578183,0.0,0.0,0.0,0.0,0.0,18473,global,0.0
1,3,lr5e-05_bs8_drop0p2_temp2p0_a0p25_b0p05__wd1e-04trmiss0_degmodglobal,8,5e-05,0.0001,0.2,2.0,0.25,0.05,lr5e-05_bs8_drop0p2_temp2p0_a0p25_b0p05__wd1e-04trmiss0_degmodglobal,22,0.6067327686718532,0.7813548743724823,0.5277777777777778,0.7621082621082622,0.3076923076923077,0.0,0.4982243478298187,0.5786324654306684,0.07311838333095823,0.1964142226747104,0.0,0.0,0.0,0.0,0.0,18473,global,0.0
1,3,lr5e-05_bs8_drop0p2_temp2p0_a0p25_b0p05__wd1e-04trmiss0_degmodglobal,8,5e-05,0.0001,0.2,2.0,0.25,0.05,lr5e-05_bs8_drop0p2_temp2p0_a0p25_b0p05__wd1e-04trmiss0_degmodglobal,23,0.6226843765803746,0.7743195295333862,0.4444444444444445,0.7383708883708884,0.3076923076923077,0.0,0.5198982443128314,0.5913979922022138,0.08654329180717468,0.19301123172044754,0.0,0.0,0.0,0.0,0.0,18473,global,0.0
1,3,lr5e-05_bs8_drop0p2_temp2p0_a0p25_b0p05__wd1e-04trmiss0_degmodglobal,8,5e-05,0.0001,0.2,2.0,0.25,0.05,lr5e-05_bs8_drop0p2_temp2p0_a0p25_b0p05__wd1e-04trmiss0_degmodglobal,24,0.6131600652422223,0.771098405122757,0.4166666666666667,0.7251433751433751,0.3076923076923077,0.0,0.5062062314578465,0.5856247459139142,0.07334685964243752,0.18397191805498941,0.0,0.0,0.0,0.0,0.0,18473,global,0.0
1,3,lr5e-05_bs8_drop0p2_temp2p0_a0p25_b0p05__wd1e-04trmiss0_degmodglobal,8,5e-05,0.0001,0.2,2.0,0.25,0.05,lr5e-05_bs8_drop0p2_temp2p0_a0p25_b0p05__wd1e-04trmiss0_degmodglobal,25,0.6335586905479431,0.7752168774604797,0.4444444444444445,0.7383708883708884,0.38461538461538464,0.0,0.536082923412323,0.6077638779367719,0.06258175389042922,0.20298756339720317,0.0,0.0,0.0,0.0,0.0,18473,global,0.0
1,3,lr5e-05_bs8_drop0p2_temp2p0_a0p25_b0p05__wd1e-04trmiss0_degmodglobal,8,5e-05,0.0001,0.2,2.0,0.25,0.05,lr5e-05_bs8_drop0p2_temp2p0_a0p25_b0p05__wd1e-04trmiss0_degmodglobal,26,0.6357944181987217,0.7883769571781158,0.4722222222222222,0.7457782957782959,0.3076923076923077,0.0,0.5724879843848092,0.6148735625403268,0.05849017468946321,0.12596604254628932,0.0,0.0,0.0,0.0,0.0,18473,global,0.0
1,3,lr5e-05_bs8_drop0p2_temp2p0_a0p25_b0p05__wd1e-04trmiss0_degmodglobal,8,5e-05,0.0001,0.2,2.0,0.25,0.05,lr5e-05_bs8_drop0p2_temp2p0_a0p25_b0p05__wd1e-04trmiss0_degmodglobal,27,0.6012060131345477,0.7887914478778839,0.4444444444444445,0.7383708883708884,0.3076923076923077,0.0,0.5019262901374272,0.5739275387355259,0.0764142753822463,0.16349814193589346,0.0,0.0,0.0,0.0,0.0,18473,global,0.0
1,3,lr5e-05_bs8_drop0p2_temp2p0_a0p25_b0p05__wd1e-04trmiss0_degmodglobal,8,5e-05,0.0001,0.2,2.0,0.25,0.05,lr5e-05_bs8_drop0p2_temp2p0_a0p25_b0p05__wd1e-04trmiss0_degmodglobal,28,0.6312041623251778,0.7890058755874634,0.4166666666666667,0.7251433751433751,0.3076923076923077,0.0,0.5144526404993874,0.6003577709197998,0.08367337605782918,0.19856089034250804,0.0,0.0,0.0,0.0,0.0,18473,global,0.0
1,3,lr5e-05_bs8_drop0p2_temp2p0_a0p25_b0p05__wd1e-04trmiss0_degmodglobal,8,5e-05,0.0001,0.2,2.0,0.25,0.05,lr5e-05_bs8_drop0p2_temp2p0_a0p25_b0p05__wd1e-04trmiss0_degmodglobal,29,0.5976387177194867,0.7891306281089783,0.4166666666666667,0.7251433751433751,0.38461538461538464,0.0,0.5132919294493539,0.5762469640799931,0.057462243629353385,0.14052405314786093,0.0,0.0,0.0,0.0,0.0,18473,global,0.0
1,3,lr5e-05_bs8_drop0p4_temp1p0_a0p25_b0p05__wd1e-04trmiss0_degmodglobal,8,5e-05,0.0001,0.4,1.0,0.25,0.05,lr5e-05_bs8_drop0p4_temp1p0_a0p25_b0p05__wd1e-04trmiss0_degmodglobal,1,0.7940384064401899,0.7029385566711426,0.7222222222222222,0.8949445616112284,0.6153846153846154,0.0,0.6862868581499372,0.7717704176902771,0.056415890476533344,0.16327992507389613,0.0,0.0,0.0,0.0,0.0,18473,global,0.0
1,3,lr5e-05_bs8_drop0p4_temp1p0_a0p25_b0p05__wd1e-04trmiss0_degmodglobal,8,5e-05,0.0001,0.4,1.0,0.25,0.05,lr5e-05_bs8_drop0p4_temp1p0_a0p25_b0p05__wd1e-04trmiss0_degmodglobal,2,0.7395787409373692,0.7019103467464447,0.6944444444444444,0.8863025863025864,0.6153846153846154,0.0,0.6644178628921509,0.712660380772182,0.0636526287666389,0.2201040110417775,0.0,0.0,0.0,0.0,0.0,18473,global,0.0
1,3,lr5e-05_bs8_drop0p4_temp1p0_a0p25_b0p05__wd1e-04trmiss0_degmodglobal,8,5e-05,0.0001,0.4,1.0,0.25,0.05,lr5e-05_bs8_drop0p4_temp1p0_a0p25_b0p05__wd1e-04trmiss0_degmodglobal,3,0.7096474937030247,0.7101005017757416,0.6666666666666667,0.8677840677840678,0.6153846153846154,0.0,0.6365133694240025,0.6853578686714172,0.06470256990620069,0.16227952071598598,0.0,0.0,0.0,0.0,0.0,18473,global,0.0
1,3,lr5e-05_bs8_drop0p4_temp1p0_a0p25_b0p05__wd1e-04trmiss0_degmodglobal,8,5e-05,0.0001,0.4,1.0,0.25,0.05,lr5e-05_bs8_drop0p4_temp1p0_a0p25_b0p05__wd1e-04trmiss0_degmodglobal,4,0.7141598803656442,0.7125616073608398,0.611111111111111,0.8426517926517927,0.5384615384615384,0.0,0.6475464446204049,0.689245172909328,0.0609633278633867,0.1934774283851896,0.0,0.0,0.0,0.0,0.0,18473,global,0.0
1,3,lr5e-05_bs8_drop0p4_temp1p0_a0p25_b0p05__wd1e-04trmiss0_degmodglobal,8,5e-05,0.0001,0.4,1.0,0.25,0.05,lr5e-05_bs8_drop0p4_temp1p0_a0p25_b0p05__wd1e-04trmiss0_degmodglobal,5,0.6676021814346313,0.713594913482666,0.6388888888888888,0.8490620490620491,0.5384615384615384,0.0,0.6446315901620048,0.6482300843511309,0.057134123252970834,0.10177126367177282,0.0,0.0,0.0,0.0,0.0,18473,global,0.0
1,3,lr5e-05_bs8_drop0p4_temp1p0_a0p25_b0p05__wd1e-04trmiss0_degmodglobal,8,5e-05,0.0001,0.4,1.0,0.25,0.05,lr5e-05_bs8_drop0p4_temp1p0_a0p25_b0p05__wd1e-04trmiss0_degmodglobal,6,0.6833315321377346,0.7196514308452606,0.6388888888888888,0.8490620490620491,0.5384615384615384,0.0,0.635715229170663,0.6626959613391331,0.048763329695378034,0.16889468367610658,0.0,0.0,0.0,0.0,0.0,18473,global,0.0
1,3,lr5e-05_bs8_drop0p4_temp1p0_a0p25_b0p05__wd1e-04trmiss0_degmodglobal,8,5e-05,0.0001,0.4,1.0,0.25,0.05,lr5e-05_bs8_drop0p4_temp1p0_a0p25_b0p05__wd1e-04trmiss0_degmodglobal,7,0.7062251993588039,0.7255608439445496,0.6388888888888888,0.8490620490620491,0.5384615384615384,0.0,0.637567903314318,0.6870585339409965,0.04785784759691784,0.14404450356960297,0.0,0.0,0.0,0.0,0.0,18473,global,0.0
1,3,lr5e-05_bs8_drop0p4_temp1p0_a0p25_b0p05__wd1e-04trmiss0_degmodglobal,8,5e-05,0.0001,0.4,1.0,0.25,0.05,lr5e-05_bs8_drop0p4_temp1p0_a0p25_b0p05__wd1e-04trmiss0_degmodglobal,8,0.6166942885943821,0.7264598608016968,0.6111111111111112,0.8268398268398269,0.5384615384615384,0.0,0.5972925765173775,0.5940309081758771,0.060538836887904575,0.15057365064110076,0.0,0.0,0.0,0.0,0.0,18473,global,0.0
1,3,lr5e-05_bs8_drop0p4_temp1p0_a0p25_b0p05__wd1e-04trmiss0_degmodglobal,8,5e-05,0.0001,0.4,1.0,0.25,0.05,lr5e-05_bs8_drop0p4_temp1p0_a0p25_b0p05__wd1e-04trmiss0_degmodglobal,9,0.6600389991487775,0.7241185307502747,0.6666666666666666,0.843562610229277,0.5384615384615384,0.0,0.6002741541181292,0.6378296273095267,0.06278054043650627,0.13028476813009807,0.0,0.0,0.0,0.0,0.0,18473,global,0.0
1,3,lr5e-05_bs8_drop0p4_temp1p0_a0p25_b0p05__wd1e-04trmiss0_degmodglobal,8,5e-05,0.0001,0.4,1.0,0.25,0.05,lr5e-05_bs8_drop0p4_temp1p0_a0p25_b0p05__wd1e-04trmiss0_degmodglobal,10,0.6854310972349984,0.7269772589206696,0.6666666666666666,0.843562610229277,0.5384615384615384,0.0,0.5801277501242501,0.6601672683443341,0.06407666472452027,0.18489320682627813,0.0,0.0,0.0,0.0,0.0,18473,global,0.0
1,3,lr5e-05_bs8_drop0p4_temp1p0_a0p25_b0p05__wd1e-04trmiss0_degmodglobal,8,5e-05,0.0001,0.4,1.0,0.25,0.05,lr5e-05_bs8_drop0p4_temp1p0_a0p25_b0p05__wd1e-04trmiss0_degmodglobal,11,0.6240223561014447,0.7252676784992218,0.638888888888889,0.8371523538190206,0.5384615384615384,0.0,0.578310455594744,0.6022245287895203,0.055348114243575504,0.15921612403222493,0.0,0.0,0.0,0.0,0.0,18473,global,0.0
1,3,lr5e-05_bs8_drop0p4_temp1p0_a0p25_b0p05__wd1e-04trmiss0_degmodglobal,8,5e-05,0.0001,0.4,1.0,0.25,0.05,lr5e-05_bs8_drop0p4_temp1p0_a0p25_b0p05__wd1e-04trmiss0_degmodglobal,12,0.620027312210628,0.7258456647396088,0.638888888888889,0.8371523538190206,0.5384615384615384,0.0,0.5839587024280003,0.5978779452187675,0.05915135943463871,0.14723075181245804,0.0,0.0,0.0,0.0,0.0,18473,global,0.0
1,3,lr5e-05_bs8_drop0p4_temp1p0_a0p25_b0p05__wd1e-04trmiss0_degmodglobal,8,5e-05,0.0001,0.4,1.0,0.25,0.05,lr5e-05_bs8_drop0p4_temp1p0_a0p25_b0p05__wd1e-04trmiss0_degmodglobal,13,0.6183289119175502,0.7283543646335602,0.6111111111111112,0.8093745760412427,0.5384615384615384,0.0,0.5763594337872097,0.598737678357533,0.05209035586033549,0.13137288710900716,0.0,0.0,0.0,0.0,0.0,18473,global,0.0
1,3,lr5e-05_bs8_drop0p4_temp1p0_a0p25_b0p05__wd1e-04trmiss0_degmodglobal,8,5e-05,0.0001,0.4,1.0,0.25,0.05,lr5e-05_bs8_drop0p4_temp1p0_a0p25_b0p05__wd1e-04trmiss0_degmodglobal,14,0.6232249736785889,0.7304425537586212,0.6111111111111112,0.8093745760412427,0.46153846153846156,0.0,0.5768893105643136,0.5958858472960336,0.07319947385362216,0.1807852600302015,0.0,0.0,0.0,0.0,0.0,18473,global,0.0
1,3,lr5e-05_bs8_drop0p4_temp1p0_a0p25_b0p05__wd1e-04trmiss0_degmodglobal,8,5e-05,0.0001,0.4,1.0,0.25,0.05,lr5e-05_bs8_drop0p4_temp1p0_a0p25_b0p05__wd1e-04trmiss0_degmodglobal,15,0.6218869600977216,0.7296084761619568,0.6111111111111112,0.8093745760412427,0.46153846153846156,0.0,0.5866462758609227,0.5999642525400434,0.05648075310247285,0.15605014030422484,0.0,0.0,0.0,0.0,0.0,18473,global,0.0
1,3,lr5e-05_bs8_drop0p4_temp1p0_a0p25_b0p05__wd1e-04trmiss0_degmodglobal,8,5e-05,0.0001,0.4,1.0,0.25,0.05,lr5e-05_bs8_drop0p4_temp1p0_a0p25_b0p05__wd1e-04trmiss0_degmodglobal,16,0.5995196316923413,0.7342419326305389,0.6111111111111112,0.8093745760412427,0.46153846153846156,0.0,0.5879269071987697,0.5764574791703906,0.06653925670044762,0.1285469148840223,0.0,0.0,0.0,0.0,0.0,18473,global,0.0
1,3,lr5e-05_bs8_drop0p4_temp1p0_a0p25_b0p05__wd1e-04trmiss0_degmodglobal,8,5e-05,0.0001,0.4,1.0,0.25,0.05,lr5e-05_bs8_drop0p4_temp1p0_a0p25_b0p05__wd1e-04trmiss0_degmodglobal,17,0.6033978291920253,0.7409714162349701,0.6111111111111112,0.8093745760412427,0.46153846153846156,0.0,0.5512968472072056,0.57929927110672,0.06585110298224858,0.1527156616960253,0.0,0.0,0.0,0.0,0.0,18473,global,0.0
1,3,lr5e-05_bs8_drop0p4_temp1p0_a0p25_b0p05__wd1e-04trmiss0_degmodglobal,8,5e-05,0.0001,0.4,1.0,0.25,0.05,lr5e-05_bs8_drop0p4_temp1p0_a0p25_b0p05__wd1e-04trmiss0_degmodglobal,18,0.6314784458705357,0.7370531260967255,0.6111111111111112,0.8093745760412427,0.46153846153846156,0.0,0.5700987236840385,0.6110594953809466,0.052154721692204475,0.14760525950363704,0.0,0.0,0.0,0.0,0.0,18473,global,0.0
1,3,lr5e-05_bs8_drop0p4_temp1p0_a0p25_b0p05__wd1e-04trmiss0_degmodglobal,8,5e-05,0.0001,0.4,1.0,0.25,0.05,lr5e-05_bs8_drop0p4_temp1p0_a0p25_b0p05__wd1e-04trmiss0_degmodglobal,19,0.63894465139934,0.7318137288093567,0.6111111111111112,0.8093745760412427,0.46153846153846156,0.0,0.5758307363305774,0.6106908065932137,0.06749291132603373,0.22761236556938716,0.0,0.0,0.0,0.0,0.0,18473,global,0.0
1,3,lr5e-05_bs8_drop0p4_temp1p0_a0p25_b0p05__wd1e-04trmiss0_degmodglobal,8,5e-05,0.0001,0.4,1.0,0.25,0.05,lr5e-05_bs8_drop0p4_temp1p0_a0p25_b0p05__wd1e-04trmiss0_degmodglobal,20,0.6125361791678837,0.7296048998832703,0.6111111111111112,0.8093745760412427,0.46153846153846156,0.0,0.5545725396701268,0.5844971409865788,0.07404238198484693,0.19056878558226995,0.0,0.0,0.0,0.0,0.0,18473,global,0.0
1,3,lr5e-05_bs8_drop0p4_temp1p0_a0p25_b0p05__wd1e-04trmiss0_degmodglobal,8,5e-05,0.0001,0.4,1.0,0.25,0.05,lr5e-05_bs8_drop0p4_temp1p0_a0p25_b0p05__wd1e-04trmiss0_degmodglobal,21,0.6092109935624259,0.7245182693004608,0.6111111111111112,0.8093745760412427,0.46153846153846156,0.0,0.5740462669304439,0.5885671504906246,0.05363137248371329,0.144719909876585,0.0,0.0,0.0,0.0,0.0,18473,global,0.0
1,3,lr5e-05_bs8_drop0p4_temp1p0_a0p25_b0p05__wd1e-04trmiss0_degmodglobal,8,5e-05,0.0001,0.4,1.0,0.25,0.05,lr5e-05_bs8_drop0p4_temp1p0_a0p25_b0p05__wd1e-04trmiss0_degmodglobal,22,0.5964469058173043,0.7286231815814972,0.6111111111111112,0.8093745760412427,0.46153846153846156,0.0,0.5586215896265847,0.5705422503607613,0.06537587993911334,0.19121382146009377,0.0,0.0,0.0,0.0,0.0,18473,global,0.0
1,3,lr5e-05_bs8_drop0p4_temp1p0_a0p25_b0p05__wd1e-04trmiss0_degmodglobal,8,5e-05,0.0001,0.4,1.0,0.25,0.05,lr5e-05_bs8_drop0p4_temp1p0_a0p25_b0p05__wd1e-04trmiss0_degmodglobal,23,0.5756257133824485,0.7259676158428192,0.638888888888889,0.8371523538190206,0.5384615384615384,0.0,0.5247495302132198,0.5504544930798667,0.06707314561520304,0.16805879239525115,0.0,0.0,0.0,0.0,0.0,18473,global,0.0
1,3,lr5e-05_bs8_drop0p4_temp1p0_a0p25_b0p05__wd1e-04trmiss0_degmodglobal,8,5e-05,0.0001,0.4,1.0,0.25,0.05,lr5e-05_bs8_drop0p4_temp1p0_a0p25_b0p05__wd1e-04trmiss0_degmodglobal,24,0.6082726589271,0.7290048897266388,0.638888888888889,0.8371523538190206,0.46153846153846156,0.0,0.5432612683091845,0.5810393861361912,0.07208850899977344,0.18422321336609976,0.0,0.0,0.0,0.0,0.0,18473,global,0.0
1,3,lr5e-05_bs8_drop0p4_temp1p0_a0p25_b0p05__wd1e-04trmiss0_degmodglobal,8,5e-05,0.0001,0.4,1.0,0.25,0.05,lr5e-05_bs8_drop0p4_temp1p0_a0p25_b0p05__wd1e-04trmiss0_degmodglobal,25,0.6138389536312648,0.7307640016078949,0.638888888888889,0.8371523538190206,0.46153846153846156,0.0,0.5599859612328666,0.5926272017615182,0.05939522332378796,0.1272588319012097,0.0,0.0,0.0,0.0,0.0,18473,global,0.0
1,3,lr5e-05_bs8_drop0p4_temp1p0_a0p25_b0p05__wd1e-04trmiss0_degmodglobal,8,5e-05,0.0001,0.4,1.0,0.25,0.05,lr5e-05_bs8_drop0p4_temp1p0_a0p25_b0p05__wd1e-04trmiss0_degmodglobal,26,0.6234351055962699,0.7286415100097656,0.638888888888889,0.8371523538190206,0.46153846153846156,0.0,0.5432859233447483,0.5921668069703239,0.0800224489399365,0.22525362351111003,0.0,0.0,0.0,0.0,0.0,18473,global,0.0
1,3,lr5e-05_bs8_drop0p4_temp1p0_a0p25_b0p05__wd1e-04trmiss0_degmodglobal,8,5e-05,0.0001,0.4,1.0,0.25,0.05,lr5e-05_bs8_drop0p4_temp1p0_a0p25_b0p05__wd1e-04trmiss0_degmodglobal,27,0.5973564343793052,0.7380337715148926,0.6111111111111112,0.8093745760412427,0.46153846153846156,0.0,0.5180945609297071,0.5731152977262225,0.060427069664001465,0.18268719741276332,0.0,0.0,0.0,0.0,0.0,18473,global,0.0
1,3,lr5e-05_bs8_drop0p4_temp1p0_a0p25_b0p05__wd1e-04trmiss0_degmodglobal,8,5e-05,0.0001,0.4,1.0,0.25,0.05,lr5e-05_bs8_drop0p4_temp1p0_a0p25_b0p05__wd1e-04trmiss0_degmodglobal,28,0.5992362584386554,0.7399211525917053,0.6111111111111112,0.8093745760412427,0.46153846153846156,0.0,0.5122169383934566,0.572756154196603,0.07052667013236455,0.17696855323655264,0.0,0.0,0.0,0.0,0.0,18473,global,0.0
1,3,lr5e-05_bs8_drop0p4_temp1p0_a0p25_b0p05__wd1e-04trmiss0_degmodglobal,8,5e-05,0.0001,0.4,1.0,0.25,0.05,lr5e-05_bs8_drop0p4_temp1p0_a0p25_b0p05__wd1e-04trmiss0_degmodglobal,29,0.6201157314436776,0.7339506447315216,0.6111111111111112,0.8093745760412427,0.46153846153846156,0.0,0.5255212826388223,0.5923539229801723,0.0699361903326852,0.2055550707238061,0.0,0.0,0.0,0.0,0.0,18473,global,0.0
1,3,lr5e-05_bs8_drop0p4_temp2p0_a0p25_b0p05__wd1e-04trmiss0_degmodglobal,8,5e-05,0.0001,0.4,2.0,0.25,0.05,lr5e-05_bs8_drop0p4_temp2p0_a0p25_b0p05__wd1e-04trmiss0_degmodglobal,1,0.7254514183316912,0.6948606967926025,0.2777777777777778,0.6945437278770612,0.38461538461538464,0.0,0.7583032676151821,0.6879825677190509,0.09162469208240509,0.29125366466385977,0.0,0.0,0.0,0.0,0.0,18473,global,0.0
1,3,lr5e-05_bs8_drop0p4_temp2p0_a0p25_b0p05__wd1e-04trmiss0_degmodglobal,8,5e-05,0.0001,0.4,2.0,0.25,0.05,lr5e-05_bs8_drop0p4_temp2p0_a0p25_b0p05__wd1e-04trmiss0_degmodglobal,2,0.6909441266741071,0.6958046555519104,0.25,0.6435296185296187,0.38461538461538464,0.0,0.6727927582604545,0.6660210575376239,0.06379111164382525,0.17950577501739776,0.0,0.0,0.0,0.0,0.0,18473,global,0.0
1,3,lr5e-05_bs8_drop0p4_temp2p0_a0p25_b0p05__wd1e-04trmiss0_degmodglobal,8,5e-05,0.0001,0.4,2.0,0.25,0.05,lr5e-05_bs8_drop0p4_temp2p0_a0p25_b0p05__wd1e-04trmiss0_degmodglobal,3,0.7087546501840863,0.7000167965888977,0.2222222222222222,0.6358135691469025,0.38461538461538464,0.0,0.690929080758776,0.6824358361107963,0.06389020968760763,0.20692508135523116,0.0,0.0,0.0,0.0,0.0,18473,global,0.0
1,3,lr5e-05_bs8_drop0p4_temp2p0_a0p25_b0p05__wd1e-04trmiss0_degmodglobal,8,5e-05,0.0001,0.4,2.0,0.25,0.05,lr5e-05_bs8_drop0p4_temp2p0_a0p25_b0p05__wd1e-04trmiss0_degmodglobal,4,0.7023077181407383,0.7023034393787384,0.3333333333333333,0.7101962851962853,0.46153846153846156,0.0,0.6322054011481149,0.6698317527770996,0.07836855628660747,0.257676685495036,0.0,0.0,0.0,0.0,0.0,18473,global,0.0
1,3,lr5e-05_bs8_drop0p4_temp2p0_a0p25_b0p05__wd1e-04trmiss0_degmodglobal,8,5e-05,0.0001,0.4,2.0,0.25,0.05,lr5e-05_bs8_drop0p4_temp2p0_a0p25_b0p05__wd1e-04trmiss0_degmodglobal,5,0.6762011902672904,0.7038326859474182,0.3611111111111111,0.7207782957782958,0.38461538461538464,0.0,0.6508586577006749,0.6547929048538208,0.05761319292443139,0.14009964412876538,0.0,0.0,0.0,0.0,0.0,18473,global,0.0
1,3,lr5e-05_bs8_drop0p4_temp2p0_a0p25_b0p05__wd1e-04trmiss0_degmodglobal,8,5e-05,0.0001,0.4,2.0,0.25,0.05,lr5e-05_bs8_drop0p4_temp2p0_a0p25_b0p05__wd1e-04trmiss0_degmodglobal,6,0.6679946099008832,0.7020196616649628,0.38888888888888884,0.7445437278770612,0.3076923076923077,0.0,0.6142800620623997,0.6444261244365147,0.060156279908759255,0.17058851889201573,0.0,0.0,0.0,0.0,0.0,18473,global,0.0
1,3,lr5e-05_bs8_drop0p4_temp2p0_a0p25_b0p05__wd1e-04trmiss0_degmodglobal,8,5e-05,0.0001,0.4,2.0,0.25,0.05,lr5e-05_bs8_drop0p4_temp2p0_a0p25_b0p05__wd1e-04trmiss0_degmodglobal,7,0.659539418561118,0.7032037675380707,0.41666666666666663,0.7723215056548391,0.3076923076923077,0.0,0.6183409605707441,0.6323113015719822,0.06653772693659578,0.211873859167099,0.0,0.0,0.0,0.0,0.0,18473,global,0.0
1,3,lr5e-05_bs8_drop0p4_temp2p0_a0p25_b0p05__wd1e-04trmiss0_degmodglobal,8,5e-05,0.0001,0.4,2.0,0.25,0.05,lr5e-05_bs8_drop0p4_temp2p0_a0p25_b0p05__wd1e-04trmiss0_degmodglobal,8,0.680341294833592,0.704712450504303,0.4444444444444444,0.7945437278770613,0.38461538461538464,0.0,0.6069499594824654,0.6479351775986808,0.07645791343280248,0.2658328850354467,0.0,0.0,0.0,0.0,0.0,18473,global,0.0
1,3,lr5e-05_bs8_drop0p4_temp2p0_a0p25_b0p05__wd1e-04trmiss0_degmodglobal,8,5e-05,0.0001,0.4,2.0,0.25,0.05,lr5e-05_bs8_drop0p4_temp2p0_a0p25_b0p05__wd1e-04trmiss0_degmodglobal,9,0.6741700087274823,0.6961462199687958,0.4444444444444444,0.7945437278770613,0.3076923076923077,0.0,0.5904677680560521,0.6416079572268895,0.08335966670087405,0.23444283647196634,0.0,0.0,0.0,0.0,0.0,18473,global,0.0
1,3,lr5e-05_bs8_drop0p4_temp2p0_a0p25_b0p05__wd1e-04trmiss0_degmodglobal,8,5e-05,0.0001,0.4,2.0,0.25,0.05,lr5e-05_bs8_drop0p4_temp2p0_a0p25_b0p05__wd1e-04trmiss0_degmodglobal,10,0.6846936345100403,0.6915701925754547,0.4444444444444444,0.7945437278770613,0.3076923076923077,0.0,0.5999323640550885,0.6531522529465812,0.07495381736329623,0.25605821290186476,0.0,0.0,0.0,0.0,0.0,18473,global,0.0
1,3,lr5e-05_bs8_drop0p4_temp2p0_a0p25_b0p05__wd1e-04trmiss0_degmodglobal,8,5e-05,0.0001,0.4,2.0,0.25,0.05,lr5e-05_bs8_drop0p4_temp2p0_a0p25_b0p05__wd1e-04trmiss0_degmodglobal,11,0.6675705228533063,0.6896713972091675,0.4444444444444444,0.7945437278770613,0.3076923076923077,0.0,0.6260435666356768,0.642697444983891,0.06543009249227387,0.17031099221536092,0.0,0.0,0.0,0.0,0.0,18473,global,0.0
1,3,lr5e-05_bs8_drop0p4_temp2p0_a0p25_b0p05__wd1e-04trmiss0_degmodglobal,8,5e-05,0.0001,0.4,2.0,0.25,0.05,lr5e-05_bs8_drop0p4_temp2p0_a0p25_b0p05__wd1e-04trmiss0_degmodglobal,12,0.6586225543703351,0.6893894970417023,0.4444444444444444,0.7945437278770613,0.3076923076923077,0.0,0.591957185949598,0.633282048361642,0.06388826295733452,0.18736893577235086,0.0,0.0,0.0,0.0,0.0,18473,global,0.0
1,3,lr5e-05_bs8_drop0p4_temp2p0_a0p25_b0p05__wd1e-04trmiss0_degmodglobal,8,5e-05,0.0001,0.4,2.0,0.25,0.05,lr5e-05_bs8_drop0p4_temp2p0_a0p25_b0p05__wd1e-04trmiss0_degmodglobal,13,0.6929495930671692,0.6983927190303802,0.3888888888888889,0.7546407296407298,0.38461538461538464,0.0,0.5778415032795498,0.6536677394594465,0.0876528328018529,0.3473728064979826,0.0,0.0,0.0,0.0,0.0,18473,global,0.0
1,3,lr5e-05_bs8_drop0p4_temp2p0_a0p25_b0p05__wd1e-04trmiss0_degmodglobal,8,5e-05,0.0001,0.4,2.0,0.25,0.05,lr5e-05_bs8_drop0p4_temp2p0_a0p25_b0p05__wd1e-04trmiss0_degmodglobal,14,0.6655477455684117,0.6979191303253174,0.4444444444444444,0.7945437278770613,0.46153846153846156,0.0,0.5596717851502555,0.6348487479346139,0.0790838971734047,0.21856076270341873,0.0,0.0,0.0,0.0,0.0,18473,global,0.0
1,3,lr5e-05_bs8_drop0p4_temp2p0_a0p25_b0p05__wd1e-04trmiss0_degmodglobal,8,5e-05,0.0001,0.4,2.0,0.25,0.05,lr5e-05_bs8_drop0p4_temp2p0_a0p25_b0p05__wd1e-04trmiss0_degmodglobal,15,0.6811561073575702,0.7015222609043121,0.41666666666666663,0.7723215056548391,0.46153846153846156,0.0,0.5889161143984113,0.6448205283709935,0.09112935247165817,0.2710648168410574,0.0,0.0,0.0,0.0,0.0,18473,global,0.0
1,3,lr5e-05_bs8_drop0p4_temp2p0_a0p25_b0p05__wd1e-04trmiss0_degmodglobal,8,5e-05,0.0001,0.4,2.0,0.25,0.05,lr5e-05_bs8_drop0p4_temp2p0_a0p25_b0p05__wd1e-04trmiss0_degmodglobal,16,0.6593042867524284,0.703064888715744,0.4722222222222222,0.8022597772597773,0.46153846153846156,0.0,0.5626172891684941,0.6202858771596637,0.10209310906273979,0.2699024368609701,0.0,0.0,0.0,0.0,0.0,18473,global,0.0
1,3,lr5e-05_bs8_drop0p4_temp2p0_a0p25_b0p05__wd1e-04trmiss0_degmodglobal,8,5e-05,0.0001,0.4,2.0,0.25,0.05,lr5e-05_bs8_drop0p4_temp2p0_a0p25_b0p05__wd1e-04trmiss0_degmodglobal,17,0.6694434796060834,0.6983390152454376,0.4722222222222222,0.78995818995819,0.46153846153846156,0.0,0.5409649355070931,0.6197644131524223,0.12664980441331863,0.3603322681571756,0.0,0.0,0.0,0.0,0.0,18473,global,0.0
1,3,lr5e-05_bs8_drop0p4_temp2p0_a0p25_b0p05__wd1e-04trmiss0_degmodglobal,8,5e-05,0.0001,0.4,2.0,0.25,0.05,lr5e-05_bs8_drop0p4_temp2p0_a0p25_b0p05__wd1e-04trmiss0_degmodglobal,18,0.6503966535840716,0.6973482668399811,0.4722222222222222,0.78995818995819,0.46153846153846156,0.0,0.5696506244795663,0.6113470281873431,0.10554746219090053,0.25325522092836245,0.0,0.0,0.0,0.0,0.0,18473,global,0.0
1,3,lr5e-05_bs8_drop0p4_temp2p0_a0p25_b0p05__wd1e-04trmiss0_degmodglobal,8,5e-05,0.0001,0.4,2.0,0.25,0.05,lr5e-05_bs8_drop0p4_temp2p0_a0p25_b0p05__wd1e-04trmiss0_degmodglobal,19,0.6453631179673331,0.7014470398426056,0.4722222222222222,0.78995818995819,0.46153846153846156,0.0,0.5392907346997943,0.6056661009788513,0.10477781242557935,0.2700511504496847,0.0,0.0,0.0,0.0,0.0,18473,global,0.0
1,3,lr5e-05_bs8_drop0p4_temp2p0_a0p25_b0p05__wd1e-04trmiss0_degmodglobal,8,5e-05,0.0001,0.4,2.0,0.25,0.05,lr5e-05_bs8_drop0p4_temp2p0_a0p25_b0p05__wd1e-04trmiss0_degmodglobal,20,0.7015892778124128,0.7065914869308472,0.4722222222222222,0.78995818995819,0.5384615384615384,0.0,0.5652345674378532,0.6432847380638123,0.1379342951944896,0.476419135928154,0.0,0.0,0.0,0.0,0.0,18473,global,0.0
1,3,lr5e-05_bs8_drop0p4_temp2p0_a0p25_b0p05__wd1e-04trmiss0_degmodglobal,8,5e-05,0.0001,0.4,2.0,0.25,0.05,lr5e-05_bs8_drop0p4_temp2p0_a0p25_b0p05__wd1e-04trmiss0_degmodglobal,21,0.6566236274582999,0.7069747149944305,0.4722222222222222,0.78995818995819,0.5384615384615384,0.0,0.5338094489915031,0.6078085814203534,0.1278479312147413,0.33706131471054895,0.0,0.0,0.0,0.0,0.0,18473,global,0.0
1,3,lr5e-05_bs8_drop0p4_temp2p0_a0p25_b0p05__wd1e-04trmiss0_degmodglobal,8,5e-05,0.0001,0.4,2.0,0.25,0.05,lr5e-05_bs8_drop0p4_temp2p0_a0p25_b0p05__wd1e-04trmiss0_degmodglobal,22,0.6526557973452977,0.7059431672096252,0.4722222222222222,0.78995818995819,0.5384615384615384,0.0,0.5382631293364933,0.6113088045801435,0.10409637593797275,0.30645804745810373,0.0,0.0,0.0,0.0,0.0,18473,global,0.0
1,3,lr5e-05_bs8_drop0p4_temp2p0_a0p25_b0p05__wd1e-04trmiss0_degmodglobal,8,5e-05,0.0001,0.4,2.0,0.25,0.05,lr5e-05_bs8_drop0p4_temp2p0_a0p25_b0p05__wd1e-04trmiss0_degmodglobal,23,0.662533666406359,0.7017221748828888,0.4722222222222222,0.78995818995819,0.5384615384615384,0.0,0.54481069956507,0.6237132889883858,0.10510036083204406,0.2509055031197412,0.0,0.0,0.0,0.0,0.0,18473,global,0.0
1,3,lr5e-05_bs8_drop0p4_temp2p0_a0p25_b0p05__wd1e-04trmiss0_degmodglobal,8,5e-05,0.0001,0.4,2.0,0.25,0.05,lr5e-05_bs8_drop0p4_temp2p0_a0p25_b0p05__wd1e-04trmiss0_degmodglobal,24,0.6797503914151873,0.7025733590126038,0.4722222222222222,0.78995818995819,0.46153846153846156,0.0,0.534686016184943,0.6198268617902484,0.1530099484537329,0.433420724102429,0.0,0.0,0.0,0.0,0.0,18473,global,0.0
1,3,lr5e-05_bs8_drop0p4_temp2p0_a0p25_b0p05__wd1e-04trmiss0_degmodglobal,8,5e-05,0.0001,0.4,2.0,0.25,0.05,lr5e-05_bs8_drop0p4_temp2p0_a0p25_b0p05__wd1e-04trmiss0_degmodglobal,25,0.6707983016967773,0.7046561241149902,0.41666666666666663,0.7723215056548391,0.46153846153846156,0.0,0.5280325625623975,0.6167916229793003,0.1337632281439645,0.41131740489176344,0.0,0.0,0.0,0.0,0.0,18473,global,0.0
1,3,lr5e-05_bs8_drop0p4_temp2p0_a0p25_b0p05__wd1e-04trmiss0_degmodglobal,8,5e-05,0.0001,0.4,2.0,0.25,0.05,lr5e-05_bs8_drop0p4_temp2p0_a0p25_b0p05__wd1e-04trmiss0_degmodglobal,26,0.6736061743327549,0.7011045515537262,0.4444444444444444,0.7945437278770613,0.46153846153846156,0.0,0.5555015887532916,0.6384298801422119,0.08450820775968688,0.28098481042044504,0.0,0.0,0.0,0.0,0.0,18473,global,0.0
1,3,lr5e-05_bs8_drop0p4_temp2p0_a0p25_b0p05__wd1e-04trmiss0_degmodglobal,8,5e-05,0.0001,0.4,2.0,0.25,0.05,lr5e-05_bs8_drop0p4_temp2p0_a0p25_b0p05__wd1e-04trmiss0_degmodglobal,27,0.6644419346536908,0.7009667456150055,0.4444444444444444,0.7945437278770613,0.46153846153846156,0.0,0.5416367394583566,0.6124820964676994,0.13228975342852728,0.3777480742761067,0.0,0.0,0.0,0.0,0.0,18473,global,0.0
1,3,lr5e-05_bs8_drop0p4_temp2p0_a0p25_b0p05__wd1e-04trmiss0_degmodglobal,8,5e-05,0.0001,0.4,2.0,0.25,0.05,lr5e-05_bs8_drop0p4_temp2p0_a0p25_b0p05__wd1e-04trmiss0_degmodglobal,28,0.6598209057535444,0.7022513747215271,0.4444444444444444,0.7945437278770613,0.46153846153846156,0.0,0.5413360042231423,0.6296885354178292,0.07120106236210891,0.24664191901683807,0.0,0.0,0.0,0.0,0.0,18473,global,0.0
1,3,lr5e-05_bs8_drop0p4_temp2p0_a0p25_b0p05__wd1e-04trmiss0_degmodglobal,8,5e-05,0.0001,0.4,2.0,0.25,0.05,lr5e-05_bs8_drop0p4_temp2p0_a0p25_b0p05__wd1e-04trmiss0_degmodglobal,29,0.6492577024868557,0.7023248374462128,0.4444444444444444,0.7945437278770613,0.46153846153846156,0.0,0.5440998077392578,0.6156885198184422,0.0789999035852296,0.2763841152191162,0.0,0.0,0.0,0.0,0.0,18473,global,0.0
1,3,lr5e-05_bs8_drop0p4_temp2p0_a0p25_b0p05__wd1e-04trmiss0_degmodglobal,8,5e-05,0.0001,0.4,2.0,0.25,0.05,lr5e-05_bs8_drop0p4_temp2p0_a0p25_b0p05__wd1e-04trmiss0_degmodglobal,30,0.668928325176239,0.7030509412288666,0.5,0.8121804121804124,0.5384615384615384,0.0,0.5094566089766366,0.6328246338026864,0.08459544501134328,0.29909683763980865,0.0,0.0,0.0,0.0,0.0,18473,global,0.0
1,3,lr5e-05_bs8_drop0p4_temp2p0_a0p25_b0p05__wd1e-04trmiss0_degmodglobal,8,5e-05,0.0001,0.4,2.0,0.25,0.05,lr5e-05_bs8_drop0p4_temp2p0_a0p25_b0p05__wd1e-04trmiss0_degmodglobal,31,0.6329369034085955,0.7049488425254822,0.5,0.8121804121804124,0.5384615384615384,0.0,0.4964721287999834,0.5842617324420384,0.1222698592713901,0.36215404740401674,0.0,0.0,0.0,0.0,0.0,18473,global,0.0
1,3,lr5e-05_bs8_drop0p4_temp2p0_a0p25_b0p05__wd1e-04trmiss0_degmodglobal,8,5e-05,0.0001,0.4,2.0,0.25,0.05,lr5e-05_bs8_drop0p4_temp2p0_a0p25_b0p05__wd1e-04trmiss0_degmodglobal,32,0.6637155839375087,0.7081356942653656,0.5277777777777778,0.8254079254079254,0.5384615384615384,0.0,0.5576729135853904,0.6202491436685834,0.10554816041673933,0.3415879969085966,0.0,0.0,0.0,0.0,0.0,18473,global,0.0
1,3,lr5e-05_bs8_drop0p4_temp2p0_a0p25_b0p05__wd1e-04trmiss0_degmodglobal,8,5e-05,0.0001,0.4,2.0,0.25,0.05,lr5e-05_bs8_drop0p4_temp2p0_a0p25_b0p05__wd1e-04trmiss0_degmodglobal,33,0.6721657088824681,0.7006112635135651,0.5,0.8121804121804124,0.5384615384615384,0.0,0.5191643195492881,0.6256734728813171,0.1146183732364859,0.3567531428166798,0.0,0.0,0.0,0.0,0.0,18473,global,0.0
1,3,lr5e-05_bs8_drop0p4_temp2p0_a0p25_b0p05__wd1e-04trmiss0_degmodglobal,8,5e-05,0.0001,0.4,2.0,0.25,0.05,lr5e-05_bs8_drop0p4_temp2p0_a0p25_b0p05__wd1e-04trmiss0_degmodglobal,34,0.6352878723825727,0.702443391084671,0.5,0.8121804121804124,0.5384615384615384,0.0,0.5014700293540955,0.6012969868523734,0.09288398495742253,0.2153977512248925,0.0,0.0,0.0,0.0,0.0,18473,global,0.0
1,3,lr5e-05_bs8_drop0p4_temp2p0_a0p25_b0p05__wd1e-04trmiss0_degmodglobal,8,5e-05,0.0001,0.4,2.0,0.25,0.05,lr5e-05_bs8_drop0p4_temp2p0_a0p25_b0p05__wd1e-04trmiss0_degmodglobal,35,0.6642169952392578,0.7001867592334747,0.5,0.8121804121804124,0.5384615384615384,0.0,0.5030709760529655,0.6127658826964242,0.13157389100108827,0.37115293954099926,0.0,0.0,0.0,0.0,0.0,18473,global,0.0
1,3,lr5e-05_bs8_drop0p4_temp2p0_a0p25_b0p05__wd1e-04trmiss0_degmodglobal,8,5e-05,0.0001,0.4,2.0,0.25,0.05,lr5e-05_bs8_drop0p4_temp2p0_a0p25_b0p05__wd1e-04trmiss0_degmodglobal,36,0.6408500160489764,0.6989787518978119,0.5,0.8121804121804124,0.5384615384615384,0.0,0.5020978025027684,0.5974263548851013,0.1124422097844737,0.3062623143196106,0.0,0.0,0.0,0.0,0.0,18473,global,0.0
1,3,lr5e-05_bs8_drop0p4_temp2p0_a0p25_b0p05__wd1e-04trmiss0_degmodglobal,8,5e-05,0.0001,0.4,2.0,0.25,0.05,lr5e-05_bs8_drop0p4_temp2p0_a0p25_b0p05__wd1e-04trmiss0_degmodglobal,37,0.6438378861972264,0.6979754865169525,0.5,0.8121804121804124,0.5384615384615384,0.0,0.5054378041199276,0.6056823304721287,0.0912150793841907,0.3070358293397086,0.0,0.0,0.0,0.0,0.0,18473,global,0.0
1,3,lr5e-05_bs8_drop0p4_temp2p0_a0p25_b0p05__wd1e-04trmiss0_degmodglobal,8,5e-05,0.0001,0.4,2.0,0.25,0.05,lr5e-05_bs8_drop0p4_temp2p0_a0p25_b0p05__wd1e-04trmiss0_degmodglobal,38,0.647853706564222,0.7029854953289032,0.5,0.8121804121804124,0.5384615384615384,0.0,0.5309812383992332,0.5966000727244786,0.13834413566759654,0.3333518249647958,0.0,0.0,0.0,0.0,0.0,18473,global,0.0
1,3,lr5e-05_bs8_drop0p4_temp2p0_a0p25_b0p05__wd1e-04trmiss0_degmodglobal,8,5e-05,0.0001,0.4,2.0,0.25,0.05,lr5e-05_bs8_drop0p4_temp2p0_a0p25_b0p05__wd1e-04trmiss0_degmodglobal,39,0.6668395570346287,0.7040800750255585,0.5,0.8121804121804124,0.5384615384615384,0.0,0.4943530687264034,0.6114270431654794,0.13470721298030444,0.4347143684114729,0.0,0.0,0.0,0.0,0.0,18473,global,0.0
1,3,lr5e-05_bs8_drop0p4_temp2p0_a0p25_b0p05__wd1e-04trmiss0_degmodglobal,8,5e-05,0.0001,0.4,2.0,0.25,0.05,lr5e-05_bs8_drop0p4_temp2p0_a0p25_b0p05__wd1e-04trmiss0_degmodglobal,40,0.642026254108974,0.706100583076477,0.5,0.8121804121804124,0.5384615384615384,0.0,0.5049278650965009,0.5982590615749359,0.11177536206586021,0.31646697755370823,0.0,0.0,0.0,0.0,0.0,18473,global,0.0
1,3,lr5e-05_bs8_drop0p4_temp2p0_a0p25_b0p05__wd1e-04trmiss0_degmodglobal,8,5e-05,0.0001,0.4,2.0,0.25,0.05,lr5e-05_bs8_drop0p4_temp2p0_a0p25_b0p05__wd1e-04trmiss0_degmodglobal,41,0.6279317481177193,0.7034503221511841,0.4722222222222222,0.78995818995819,0.5384615384615384,0.0,0.49784711429050993,0.585211558001382,0.11722855855311666,0.26826086001736776,0.0,0.0,0.0,0.0,0.0,18473,global,0.0
1,3,lr5e-05_bs8_drop0p4_temp2p0_a0p25_b0p05__wd1e-04trmiss0_degmodglobal,8,5e-05,0.0001,0.4,2.0,0.25,0.05,lr5e-05_bs8_drop0p4_temp2p0_a0p25_b0p05__wd1e-04trmiss0_degmodglobal,42,0.6643535579953875,0.7009291052818298,0.4722222222222222,0.78995818995819,0.5384615384615384,0.0,0.5162053533962795,0.612137862614223,0.14023428303854807,0.3431428149342537,0.0,0.0,0.0,0.0,0.0,18473,global,0.0
1,3,lr5e-05_bs8_drop0p4_temp2p0_a0p25_b0p05__wd1e-04trmiss0_degmodglobal,8,5e-05,0.0001,0.4,2.0,0.25,0.05,lr5e-05_bs8_drop0p4_temp2p0_a0p25_b0p05__wd1e-04trmiss0_degmodglobal,43,0.6387365800993783,0.7009776830673218,0.4722222222222222,0.78995818995819,0.5384615384615384,0.0,0.46702736616134644,0.5784738659858704,0.15139868536165782,0.4482608011790684,0.0,0.0,0.0,0.0,0.0,18473,global,0.0
1,3,lr5e-05_bs8_drop0p4_temp2p0_a0p25_b0p05__wd1e-04trmiss0_degmodglobal,8,5e-05,0.0001,0.4,2.0,0.25,0.05,lr5e-05_bs8_drop0p4_temp2p0_a0p25_b0p05__wd1e-04trmiss0_degmodglobal,44,0.6457180210522243,0.7018250823020935,0.4722222222222222,0.78995818995819,0.5384615384615384,0.0,0.49738140617098126,0.5843771951539176,0.16387459955045156,0.40744356917483465,0.0,0.0,0.0,0.0,0.0,18473,global,0.0
1,3,lr5e-05_bs8_drop0p4_temp2p0_a0p25_b0p05__wd1e-04trmiss0_degmodglobal,8,5e-05,0.0001,0.4,2.0,0.25,0.05,lr5e-05_bs8_drop0p4_temp2p0_a0p25_b0p05__wd1e-04trmiss0_degmodglobal,45,0.6518798129899162,0.7002377808094025,0.4722222222222222,0.78995818995819,0.5384615384615384,0.0,0.5058990589209965,0.6032245840345111,0.11782150502715792,0.38399710399763926,0.0,0.0,0.0,0.0,0.0,18473,global,0.0
1,3,lr5e-05_bs8_drop0p4_temp2p0_a0p25_b0p05__wd1e-04trmiss0_degmodglobal,8,5e-05,0.0001,0.4,2.0,0.25,0.05,lr5e-05_bs8_drop0p4_temp2p0_a0p25_b0p05__wd1e-04trmiss0_degmodglobal,46,0.6571980629648481,0.7024729549884796,0.5,0.8121804121804124,0.5384615384615384,0.0,0.45874238439968656,0.6081763080188206,0.12126131675073079,0.3741282650402614,0.0,0.0,0.0,0.0,0.0,18473,global,0.0
1,3,lr5e-05_bs8_drop0p4_temp2p0_a0p25_b0p05__wd1e-04trmiss0_degmodglobal,8,5e-05,0.0001,0.4,2.0,0.25,0.05,lr5e-05_bs8_drop0p4_temp2p0_a0p25_b0p05__wd1e-04trmiss0_degmodglobal,47,0.6268758858953204,0.704074501991272,0.5,0.8121804121804124,0.5384615384615384,0.0,0.516541029725756,0.5878751192774091,0.09962613614542144,0.28188432859522955,0.0,0.0,0.0,0.0,0.0,18473,global,0.0
1,3,lr5e-05_bs8_drop0p4_temp2p0_a0p25_b0p05__wd1e-04trmiss0_degmodglobal,8,5e-05,0.0001,0.4,2.0,0.25,0.05,lr5e-05_bs8_drop0p4_temp2p0_a0p25_b0p05__wd1e-04trmiss0_degmodglobal,48,0.6655656865664891,0.7082036137580872,0.4722222222222222,0.78995818995819,0.5384615384615384,0.0,0.4654319797243391,0.5900963374546596,0.18813210406473704,0.5687266417912075,0.0,0.0,0.0,0.0,0.0,18473,global,0.0
1,3,lr5e-05_bs8_drop0p4_temp2p0_a0p25_b0p05__wd1e-04trmiss0_degmodglobal,8,5e-05,0.0001,0.4,2.0,0.25,0.05,lr5e-05_bs8_drop0p4_temp2p0_a0p25_b0p05__wd1e-04trmiss0_degmodglobal,49,0.6439810054642814,0.7088979184627533,0.4722222222222222,0.78995818995819,0.5384615384615384,0.0,0.4810602707522256,0.5939764635903495,0.13084225968590804,0.3458793642265456,0.0,0.0,0.0,0.0,0.0,18473,global,0.0
1,3,lr5e-05_bs8_drop0p4_temp2p0_a0p25_b0p05__wd1e-04trmiss0_degmodglobal,8,5e-05,0.0001,0.4,2.0,0.25,0.05,lr5e-05_bs8_drop0p4_temp2p0_a0p25_b0p05__wd1e-04trmiss0_degmodglobal,50,0.6674743465014866,0.7068797051906586,0.5,0.8121804121804124,0.5384615384615384,0.0,0.5161871782370976,0.6038066489355904,0.16201390166367804,0.46328440627881456,0.0,0.0,0.0,0.0,0.0,18473,global,0.0
1,3,lr5e-05_bs8_drop0p4_temp2p0_a0p25_b0p05__wd1e-04trmiss0_degmodglobal,8,5e-05,0.0001,0.4,2.0,0.25,0.05,lr5e-05_bs8_drop0p4_temp2p0_a0p25_b0p05__wd1e-04trmiss0_degmodglobal,51,0.6677539604050773,0.7097375392913818,0.5,0.8121804121804124,0.5384615384615384,0.0,0.4619019755295345,0.6134887507983616,0.13459640688129834,0.4123221550668989,0.0,0.0,0.0,0.0,0.0,18473,global,0.0
1,3,lr5e-05_bs8_drop0p4_temp2p0_a0p25_b0p05__wd1e-04trmiss0_degmodglobal,8,5e-05,0.0001,0.4,2.0,0.25,0.05,lr5e-05_bs8_drop0p4_temp2p0_a0p25_b0p05__wd1e-04trmiss0_degmodglobal,52,0.6226633702005658,0.7069239914417267,0.4722222222222222,0.78995818995819,0.5384615384615384,0.0,0.477266217981066,0.5749302336147853,0.12718162898506438,0.31875448141779217,0.0,0.0,0.0,0.0,0.0,18473,global,0.0
1,3,lr1e-05_bs8_drop0p2_temp1p0_a0p25_b0p05__wd1e-04trmiss0_degmodglobal,8,1e-05,0.0001,0.2,1.0,0.25,0.05,lr1e-05_bs8_drop0p2_temp1p0_a0p25_b0p05__wd1e-04trmiss0_degmodglobal,1,0.7118395226342338,0.6785104274749756,0.5277777777777777,0.708701175367842,0.6153846153846154,0.0,0.6860878893307277,0.6885694946561541,0.06527212847556386,0.1390396005340985,0.0,0.0,0.0,0.0,0.0,18473,global,0.0
1,3,lr1e-05_bs8_drop0p2_temp1p0_a0p25_b0p05__wd1e-04trmiss0_degmodglobal,8,1e-05,0.0001,0.2,1.0,0.25,0.05,lr1e-05_bs8_drop0p2_temp1p0_a0p25_b0p05__wd1e-04trmiss0_degmodglobal,2,0.7144095046179635,0.6759946048259735,0.5277777777777777,0.708701175367842,0.6923076923076923,0.0,0.695303201675415,0.6899484736578805,0.06682092111025538,0.15511606420789445,0.0,0.0,0.0,0.0,0.0,18473,global,0.0
1,3,lr1e-05_bs8_drop0p2_temp1p0_a0p25_b0p05__wd1e-04trmiss0_degmodglobal,8,1e-05,0.0001,0.2,1.0,0.25,0.05,lr1e-05_bs8_drop0p2_temp1p0_a0p25_b0p05__wd1e-04trmiss0_degmodglobal,3,0.7307882479258946,0.6743858158588409,0.5277777777777777,0.708701175367842,0.6153846153846154,0.0,0.6605369108063834,0.7066254615783691,0.06869897991418839,0.139760856117521,0.0,0.0,0.0,0.0,0.0,18473,global,0.0
1,3,lr1e-05_bs8_drop0p2_temp1p0_a0p25_b0p05__wd1e-04trmiss0_degmodglobal,8,1e-05,0.0001,0.2,1.0,0.25,0.05,lr1e-05_bs8_drop0p2_temp1p0_a0p25_b0p05__wd1e-04trmiss0_degmodglobal,4,0.7249721799577985,0.6730492115020752,0.5,0.7019671686338353,0.6923076923076923,0.0,0.6805473395756313,0.698948221547263,0.07476729952863284,0.14664275518485478,0.0,0.0,0.0,0.0,0.0,18473,global,0.0
1,3,lr1e-05_bs8_drop0p2_temp1p0_a0p25_b0p05__wd1e-04trmiss0_degmodglobal,8,1e-05,0.0001,0.2,1.0,0.25,0.05,lr1e-05_bs8_drop0p2_temp1p0_a0p25_b0p05__wd1e-04trmiss0_degmodglobal,5,0.720497156892504,0.6731227338314056,0.5833333333333333,0.7338334505001172,0.6923076923076923,0.0,0.6631435241018023,0.6972893391336713,0.06599827270422663,0.13416506403258868,0.0,0.0,0.0,0.0,0.0,18473,global,0.0
1,3,lr1e-05_bs8_drop0p2_temp1p0_a0p25_b0p05__wd1e-04trmiss0_degmodglobal,8,1e-05,0.0001,0.2,1.0,0.25,0.05,lr1e-05_bs8_drop0p2_temp1p0_a0p25_b0p05__wd1e-04trmiss0_degmodglobal,6,0.7131396787507194,0.6756020784378052,0.6111111111111112,0.7446359196359197,0.6153846153846154,0.0,0.6713266457830157,0.6890205655779157,0.07517057018620628,0.10652990812169653,0.0,0.0,0.0,0.0,0.0,18473,global,0.0
1,3,lr1e-05_bs8_drop0p2_temp1p0_a0p25_b0p05__wd1e-04trmiss0_degmodglobal,8,1e-05,0.0001,0.2,1.0,0.25,0.05,lr1e-05_bs8_drop0p2_temp1p0_a0p25_b0p05__wd1e-04trmiss0_degmodglobal,7,0.7081179193087986,0.6727897226810455,0.6111111111111112,0.7446359196359197,0.6153846153846154,0.0,0.6533400842121669,0.6846392665590558,0.06990575205002512,0.12004451666559492,0.0,0.0,0.0,0.0,0.0,18473,global,0.0
1,3,lr1e-05_bs8_drop0p2_temp1p0_a0p25_b0p05__wd1e-04trmiss0_degmodglobal,8,1e-05,0.0001,0.2,1.0,0.25,0.05,lr1e-05_bs8_drop0p2_temp1p0_a0p25_b0p05__wd1e-04trmiss0_degmodglobal,8,0.7031440649713788,0.673739105463028,0.5833333333333333,0.7338334505001172,0.6153846153846154,0.0,0.6600555522101266,0.6820886731147766,0.0665160103568009,0.08852791892630714,0.0,0.0,0.0,0.0,0.0,18473,global,0.0
1,3,lr1e-05_bs8_drop0p2_temp1p0_a0p25_b0p05__wd1e-04trmiss0_degmodglobal,8,1e-05,0.0001,0.2,1.0,0.25,0.05,lr1e-05_bs8_drop0p2_temp1p0_a0p25_b0p05__wd1e-04trmiss0_degmodglobal,9,0.6989960329873222,0.6701153516769409,0.5555555555555556,0.7219286885953553,0.6153846153846154,0.0,0.6497395549501691,0.6760082840919495,0.07009198835917882,0.10929489162351404,0.0,0.0,0.0,0.0,0.0,18473,global,0.0
1,3,lr1e-05_bs8_drop0p2_temp1p0_a0p25_b0p05__wd1e-04trmiss0_degmodglobal,8,1e-05,0.0001,0.2,1.0,0.25,0.05,lr1e-05_bs8_drop0p2_temp1p0_a0p25_b0p05__wd1e-04trmiss0_degmodglobal,10,0.6993648494992938,0.669718474149704,0.5555555555555556,0.7219286885953553,0.6153846153846154,0.0,0.6706316981996808,0.676829823425838,0.0692052346255098,0.10467423817941121,0.0,0.0,0.0,0.0,0.0,18473,global,0.0
1,3,lr1e-05_bs8_drop0p2_temp1p0_a0p25_b0p05__wd1e-04trmiss0_degmodglobal,8,1e-05,0.0001,0.2,1.0,0.25,0.05,lr1e-05_bs8_drop0p2_temp1p0_a0p25_b0p05__wd1e-04trmiss0_degmodglobal,11,0.6912159408841815,0.6733056902885437,0.5555555555555556,0.7219286885953553,0.6153846153846154,0.0,0.6403445856911796,0.6695199012756348,0.06334301962384156,0.11720556260219642,0.0,0.0,0.0,0.0,0.0,18473,global,0.0
1,3,lr1e-05_bs8_drop0p2_temp1p0_a0p25_b0p05__wd1e-04trmiss0_degmodglobal,8,1e-05,0.0001,0.2,1.0,0.25,0.05,lr1e-05_bs8_drop0p2_temp1p0_a0p25_b0p05__wd1e-04trmiss0_degmodglobal,12,0.6876282010759626,0.6744152009487152,0.5277777777777777,0.7132867132867133,0.6153846153846154,0.0,0.6410495042800903,0.6654234102794102,0.06845299527049065,0.10183054155537061,0.0,0.0,0.0,0.0,0.0,18473,global,0.0
1,3,lr1e-05_bs8_drop0p2_temp1p0_a0p25_b0p05__wd1e-04trmiss0_degmodglobal,8,1e-05,0.0001,0.2,1.0,0.25,0.05,lr1e-05_bs8_drop0p2_temp1p0_a0p25_b0p05__wd1e-04trmiss0_degmodglobal,13,0.6883585708481925,0.6762138307094574,0.5277777777777777,0.7132867132867133,0.6153846153846154,0.0,0.6100946920258659,0.6660361886024475,0.06420729256102017,0.1254110730120114,0.0,0.0,0.0,0.0,0.0,18473,global,0.0
1,3,lr1e-05_bs8_drop0p2_temp1p0_a0p25_b0p05__wd1e-04trmiss0_degmodglobal,8,1e-05,0.0001,0.2,1.0,0.25,0.05,lr1e-05_bs8_drop0p2_temp1p0_a0p25_b0p05__wd1e-04trmiss0_degmodglobal,14,0.6848718438829694,0.6754926443099976,0.5277777777777777,0.7132867132867133,0.6153846153846154,0.0,0.6499202932630267,0.6632508380072457,0.06417532478060041,0.11154367455414363,0.0,0.0,0.0,0.0,0.0,18473,global,0.0
1,3,lr1e-05_bs8_drop0p2_temp1p0_a0p25_b0p05__wd1e-04trmiss0_degmodglobal,8,1e-05,0.0001,0.2,1.0,0.25,0.05,lr1e-05_bs8_drop0p2_temp1p0_a0p25_b0p05__wd1e-04trmiss0_degmodglobal,15,0.6925826839038304,0.67704176902771,0.5,0.7040274540274541,0.5384615384615384,0.0,0.6329073139599392,0.6707427842276437,0.06508929654955864,0.11135144904255867,0.0,0.0,0.0,0.0,0.0,18473,global,0.0
1,3,lr1e-05_bs8_drop0p2_temp1p0_a0p25_b0p05__wd1e-04trmiss0_degmodglobal,8,1e-05,0.0001,0.2,1.0,0.25,0.05,lr1e-05_bs8_drop0p2_temp1p0_a0p25_b0p05__wd1e-04trmiss0_degmodglobal,16,0.6842619180679321,0.6791275441646576,0.4722222222222222,0.6907999407999409,0.5384615384615384,0.0,0.6180136374064854,0.6632494756153652,0.06718826400382179,0.08430713095835277,0.0,0.0,0.0,0.0,0.0,18473,global,0.0
1,3,lr1e-05_bs8_drop0p2_temp1p0_a0p25_b0p05__wd1e-04trmiss0_degmodglobal,8,1e-05,0.0001,0.2,1.0,0.25,0.05,lr1e-05_bs8_drop0p2_temp1p0_a0p25_b0p05__wd1e-04trmiss0_degmodglobal,17,0.6774381399154663,0.6780944764614105,0.5,0.7040274540274541,0.5384615384615384,0.0,0.6327398930277143,0.6592689837728228,0.054462335471596034,0.09107095322438649,0.0,0.0,0.0,0.0,0.0,18473,global,0.0
1,3,lr1e-05_bs8_drop0p2_temp1p0_a0p25_b0p05__wd1e-04trmiss0_degmodglobal,8,1e-05,0.0001,0.2,1.0,0.25,0.05,lr1e-05_bs8_drop0p2_temp1p0_a0p25_b0p05__wd1e-04trmiss0_degmodglobal,18,0.6730908325740269,0.6770282685756683,0.5,0.7040274540274541,0.5384615384615384,0.0,0.6100461227553231,0.6507844073431832,0.06708727138383049,0.11069191566535405,0.0,0.0,0.0,0.0,0.0,18473,global,0.0
1,3,lr1e-05_bs8_drop0p2_temp1p0_a0p25_b0p05__wd1e-04trmiss0_degmodglobal,8,1e-05,0.0001,0.2,1.0,0.25,0.05,lr1e-05_bs8_drop0p2_temp1p0_a0p25_b0p05__wd1e-04trmiss0_degmodglobal,19,0.6930925335202899,0.6751585006713867,0.5,0.7040274540274541,0.6923076923076923,0.0,0.6111954535756793,0.6672864641462054,0.07650574403149742,0.13359301909804344,0.0,0.0,0.0,0.0,0.0,18473,global,0.0
1,3,lr1e-05_bs8_drop0p2_temp1p0_a0p25_b0p05__wd1e-04trmiss0_degmodglobal,8,1e-05,0.0001,0.2,1.0,0.25,0.05,lr1e-05_bs8_drop0p2_temp1p0_a0p25_b0p05__wd1e-04trmiss0_degmodglobal,20,0.6717626622744969,0.6780641376972198,0.5,0.7040274540274541,0.5384615384615384,0.0,0.5978549804006305,0.6468916535377502,0.07463532739451953,0.1242436021566391,0.0,0.0,0.0,0.0,0.0,18473,global,0.0
1,3,lr1e-05_bs8_drop0p2_temp1p0_a0p25_b0p05__wd1e-04trmiss0_degmodglobal,8,1e-05,0.0001,0.2,1.0,0.25,0.05,lr1e-05_bs8_drop0p2_temp1p0_a0p25_b0p05__wd1e-04trmiss0_degmodglobal,21,0.6758071950503758,0.6733553111553192,0.5,0.7040274540274541,0.6153846153846154,0.0,0.5874955313546317,0.6474191546440125,0.08427661071930613,0.1463776912008013,0.0,0.0,0.0,0.0,0.0,18473,global,0.0
1,3,lr1e-05_bs8_drop0p2_temp1p0_a0p25_b0p05__wd1e-04trmiss0_degmodglobal,8,1e-05,0.0001,0.2,1.0,0.25,0.05,lr1e-05_bs8_drop0p2_temp1p0_a0p25_b0p05__wd1e-04trmiss0_degmodglobal,22,0.6846104519707816,0.6704414486885071,0.5,0.7040274540274541,0.6923076923076923,0.0,0.5773318324770246,0.6524855920246669,0.09342954414231437,0.17534962402922766,0.0,0.0,0.0,0.0,0.0,18473,global,0.0
1,3,lr1e-05_bs8_drop0p2_temp1p0_a0p25_b0p05__wd1e-04trmiss0_degmodglobal,8,1e-05,0.0001,0.2,1.0,0.25,0.05,lr1e-05_bs8_drop0p2_temp1p0_a0p25_b0p05__wd1e-04trmiss0_degmodglobal,23,0.6912411536489215,0.6707733869552612,0.5,0.7040274540274541,0.6923076923076923,0.0,0.6095873372895377,0.6586708767073495,0.09818619010703904,0.16047445152487075,0.0,0.0,0.0,0.0,0.0,18473,global,0.0
1,3,lr1e-05_bs8_drop0p2_temp1p0_a0p25_b0p05__wd1e-04trmiss0_degmodglobal,8,1e-05,0.0001,0.2,1.0,0.25,0.05,lr1e-05_bs8_drop0p2_temp1p0_a0p25_b0p05__wd1e-04trmiss0_degmodglobal,24,0.6923611419541496,0.6751672327518463,0.5,0.7040274540274541,0.6153846153846154,0.0,0.6191692352294922,0.6611962233270917,0.09126301109790802,0.16698319997106278,0.0,0.0,0.0,0.0,0.0,18473,global,0.0
1,3,lr1e-05_bs8_drop0p2_temp1p0_a0p25_b0p05__wd1e-04trmiss0_degmodglobal,8,1e-05,0.0001,0.2,1.0,0.25,0.05,lr1e-05_bs8_drop0p2_temp1p0_a0p25_b0p05__wd1e-04trmiss0_degmodglobal,25,0.6870004534721375,0.6712315380573273,0.4722222222222222,0.6972934472934474,0.5384615384615384,0.0,0.5733137215886798,0.6536434803690229,0.09348173545939582,0.1997307145169803,0.0,0.0,0.0,0.0,0.0,18473,global,0.0
1,3,lr1e-05_bs8_drop0p2_temp1p0_a0p25_b0p05__wd1e-04trmiss0_degmodglobal,8,1e-05,0.0001,0.2,1.0,0.25,0.05,lr1e-05_bs8_drop0p2_temp1p0_a0p25_b0p05__wd1e-04trmiss0_degmodglobal,26,0.6642599787030902,0.672515332698822,0.4722222222222222,0.6972934472934474,0.6153846153846154,0.0,0.5911225591387067,0.6371896266937256,0.08289945923856326,0.12690993398427963,0.0,0.0,0.0,0.0,0.0,18473,global,0.0
1,3,lr1e-05_bs8_drop0p2_temp1p0_a0p25_b0p05__wd1e-04trmiss0_degmodglobal,8,1e-05,0.0001,0.2,1.0,0.25,0.05,lr1e-05_bs8_drop0p2_temp1p0_a0p25_b0p05__wd1e-04trmiss0_degmodglobal,27,0.6892010569572449,0.6742495596408844,0.5,0.7040274540274541,0.6153846153846154,0.0,0.5756259986332485,0.6566601140158517,0.09493604941027504,0.1761386383857046,0.0,0.0,0.0,0.0,0.0,18473,global,0.0
1,3,lr1e-05_bs8_drop0p2_temp2p0_a0p25_b0p05__wd1e-04trmiss0_degmodglobal,8,1e-05,0.0001,0.2,2.0,0.25,0.05,lr1e-05_bs8_drop0p2_temp2p0_a0p25_b0p05__wd1e-04trmiss0_degmodglobal,1,0.7321016107286725,0.6777676045894623,0.5555555555555556,0.8027657527657528,0.5384615384615384,0.0,0.657069172177996,0.7032369460378375,0.07006675217832838,0.22695937007665634,0.0,0.0,0.0,0.0,0.0,18473,global,0.0
1,3,lr1e-05_bs8_drop0p2_temp2p0_a0p25_b0p05__wd1e-04trmiss0_degmodglobal,8,1e-05,0.0001,0.2,2.0,0.25,0.05,lr1e-05_bs8_drop0p2_temp2p0_a0p25_b0p05__wd1e-04trmiss0_degmodglobal,2,0.7058161071368626,0.6773995459079742,0.5,0.76506734006734,0.5384615384615384,0.0,0.6929938111986432,0.6821186201913017,0.058774589960064204,0.1800769322684833,0.0,0.0,0.0,0.0,0.0,18473,global,0.0
1,3,lr1e-05_bs8_drop0p2_temp2p0_a0p25_b0p05__wd1e-04trmiss0_degmodglobal,8,1e-05,0.0001,0.2,2.0,0.25,0.05,lr1e-05_bs8_drop0p2_temp2p0_a0p25_b0p05__wd1e-04trmiss0_degmodglobal,3,0.6924551555088588,0.6815330386161804,0.3888888888888889,0.6896705146705147,0.5384615384615384,0.0,0.6879239422934396,0.672462522983551,0.04992534779012203,0.15022587031126022,0.0,0.0,0.0,0.0,0.0,18473,global,0.0
1,3,lr1e-05_bs8_drop0p2_temp2p0_a0p25_b0p05__wd1e-04trmiss0_degmodglobal,8,1e-05,0.0001,0.2,2.0,0.25,0.05,lr1e-05_bs8_drop0p2_temp2p0_a0p25_b0p05__wd1e-04trmiss0_degmodglobal,4,0.6908490487507412,0.6878986656665802,0.4444444444444444,0.7174482924482923,0.5384615384615384,0.0,0.6650897605078561,0.6692338245255607,0.05359745504600661,0.16431721406323568,0.0,0.0,0.0,0.0,0.0,18473,global,0.0
1,3,lr1e-05_bs8_drop0p2_temp2p0_a0p25_b0p05__wd1e-04trmiss0_degmodglobal,8,1e-05,0.0001,0.2,2.0,0.25,0.05,lr1e-05_bs8_drop0p2_temp2p0_a0p25_b0p05__wd1e-04trmiss0_degmodglobal,5,0.6908412320273263,0.6928368508815765,0.4444444444444444,0.7378186628186629,0.46153846153846156,0.0,0.6478229675974164,0.6713741591998509,0.049362308744873316,0.14252996817231178,0.0,0.0,0.0,0.0,0.0,18473,global,0.0
1,3,lr1e-05_bs8_drop0p2_temp2p0_a0p25_b0p05__wd1e-04trmiss0_degmodglobal,8,1e-05,0.0001,0.2,2.0,0.25,0.05,lr1e-05_bs8_drop0p2_temp2p0_a0p25_b0p05__wd1e-04trmiss0_degmodglobal,6,0.6653849567685809,0.696328729391098,0.41666666666666663,0.7007816257816257,0.46153846153846156,0.0,0.656746404511588,0.6515013405254909,0.036388850903936794,0.09572785400918551,0.0,0.0,0.0,0.0,0.0,18473,global,0.0
1,3,lr1e-05_bs8_drop0p2_temp2p0_a0p25_b0p05__wd1e-04trmiss0_degmodglobal,8,1e-05,0.0001,0.2,2.0,0.25,0.05,lr1e-05_bs8_drop0p2_temp2p0_a0p25_b0p05__wd1e-04trmiss0_degmodglobal,7,0.6821896263531276,0.6965312361717224,0.3888888888888889,0.6822631072631073,0.46153846153846156,0.0,0.6684378640992301,0.6643930673599243,0.04287742610488619,0.14154399505683354,0.0,0.0,0.0,0.0,0.0,18473,global,0.0
1,3,lr1e-05_bs8_drop0p2_temp2p0_a0p25_b0p05__wd1e-04trmiss0_degmodglobal,8,1e-05,0.0001,0.2,2.0,0.25,0.05,lr1e-05_bs8_drop0p2_temp2p0_a0p25_b0p05__wd1e-04trmiss0_degmodglobal,8,0.6722711750439235,0.6951464712619781,0.4444444444444444,0.7174482924482923,0.46153846153846156,0.0,0.6602020519120353,0.6564390999930245,0.0397898368537426,0.11769232153892517,0.0,0.0,0.0,0.0,0.0,18473,global,0.0
1,3,lr1e-05_bs8_drop0p2_temp2p0_a0p25_b0p05__wd1e-04trmiss0_degmodglobal,8,1e-05,0.0001,0.2,2.0,0.25,0.05,lr1e-05_bs8_drop0p2_temp2p0_a0p25_b0p05__wd1e-04trmiss0_degmodglobal,9,0.6705575244767326,0.6955801248550415,0.41666666666666663,0.7007816257816257,0.46153846153846156,0.0,0.6679367423057556,0.6513608523777553,0.04660370493573802,0.15091490000486374,0.0,0.0,0.0,0.0,0.0,18473,global,0.0
1,3,lr1e-05_bs8_drop0p2_temp2p0_a0p25_b0p05__wd1e-04trmiss0_degmodglobal,8,1e-05,0.0001,0.2,2.0,0.25,0.05,lr1e-05_bs8_drop0p2_temp2p0_a0p25_b0p05__wd1e-04trmiss0_degmodglobal,10,0.6586743337767464,0.6958177089691162,0.3888888888888889,0.6896705146705147,0.46153846153846156,0.0,0.6331874643053327,0.637651094368526,0.04913777645145144,0.17477583565882274,0.0,0.0,0.0,0.0,0.0,18473,global,0.0
1,3,lr1e-05_bs8_drop0p2_temp2p0_a0p25_b0p05__wd1e-04trmiss0_degmodglobal,8,1e-05,0.0001,0.2,2.0,0.25,0.05,lr1e-05_bs8_drop0p2_temp2p0_a0p25_b0p05__wd1e-04trmiss0_degmodglobal,11,0.6669108271598816,0.6956458687782288,0.3888888888888889,0.6896705146705147,0.46153846153846156,0.0,0.6242338759558541,0.6466813257762364,0.05006437003612518,0.15426840633153915,0.0,0.0,0.0,0.0,0.0,18473,global,0.0
1,3,lr1e-05_bs8_drop0p2_temp2p0_a0p25_b0p05__wd1e-04trmiss0_degmodglobal,8,1e-05,0.0001,0.2,2.0,0.25,0.05,lr1e-05_bs8_drop0p2_temp2p0_a0p25_b0p05__wd1e-04trmiss0_degmodglobal,12,0.6684814180646624,0.6953822672367096,0.3888888888888889,0.6896705146705147,0.46153846153846156,0.0,0.6529561196054731,0.6485495482172284,0.046878455472843986,0.16424524996961867,0.0,0.0,0.0,0.0,0.0,18473,global,0.0
1,3,lr1e-05_bs8_drop0p2_temp2p0_a0p25_b0p05__wd1e-04trmiss0_degmodglobal,8,1e-05,0.0001,0.2,2.0,0.25,0.05,lr1e-05_bs8_drop0p2_temp2p0_a0p25_b0p05__wd1e-04trmiss0_degmodglobal,13,0.6546463200024196,0.6951302587985992,0.3888888888888889,0.6896705146705147,0.46153846153846156,0.0,0.6198581116540092,0.636773134980883,0.04729096697909491,0.12100886447089058,0.0,0.0,0.0,0.0,0.0,18473,global,0.0
1,3,lr1e-05_bs8_drop0p2_temp2p0_a0p25_b0p05__wd1e-04trmiss0_degmodglobal,8,1e-05,0.0001,0.2,2.0,0.25,0.05,lr1e-05_bs8_drop0p2_temp2p0_a0p25_b0p05__wd1e-04trmiss0_degmodglobal,14,0.6831827674593244,0.6942117810249329,0.41666666666666663,0.7007816257816257,0.46153846153846156,0.0,0.6233858210699899,0.6509256107466561,0.07927351178867477,0.24877540873629705,0.0,0.0,0.0,0.0,0.0,18473,global,0.0
1,3,lr1e-05_bs8_drop0p2_temp2p0_a0p25_b0p05__wd1e-04trmiss0_degmodglobal,8,1e-05,0.0001,0.2,2.0,0.25,0.05,lr1e-05_bs8_drop0p2_temp2p0_a0p25_b0p05__wd1e-04trmiss0_degmodglobal,15,0.6537474053246635,0.6952769458293915,0.41666666666666663,0.7007816257816257,0.46153846153846156,0.0,0.6300435491970607,0.6335442747388568,0.05095852113195828,0.14926996507814952,0.0,0.0,0.0,0.0,0.0,18473,global,0.0
1,3,lr1e-05_bs8_drop0p2_temp2p0_a0p25_b0p05__wd1e-04trmiss0_degmodglobal,8,1e-05,0.0001,0.2,2.0,0.25,0.05,lr1e-05_bs8_drop0p2_temp2p0_a0p25_b0p05__wd1e-04trmiss0_degmodglobal,16,0.6672758800642831,0.6971243321895599,0.3611111111111111,0.6711519961519963,0.46153846153846156,0.0,0.6149547951562064,0.6422181725502014,0.06305714164461408,0.18586856765406473,0.0,0.0,0.0,0.0,0.0,18473,global,0.0
1,3,lr1e-05_bs8_drop0p2_temp2p0_a0p25_b0p05__wd1e-04trmiss0_degmodglobal,8,1e-05,0.0001,0.2,2.0,0.25,0.05,lr1e-05_bs8_drop0p2_temp2p0_a0p25_b0p05__wd1e-04trmiss0_degmodglobal,17,0.6636679768562317,0.6967417001724243,0.3611111111111111,0.6711519961519963,0.46153846153846156,0.0,0.6296050122806004,0.6321257523127964,0.0762401574424335,0.24964361850704467,0.0,0.0,0.0,0.0,0.0,18473,global,0.0
1,3,lr1e-05_bs8_drop0p2_temp2p0_a0p25_b0p05__wd1e-04trmiss0_degmodglobal,8,1e-05,0.0001,0.2,2.0,0.25,0.05,lr1e-05_bs8_drop0p2_temp2p0_a0p25_b0p05__wd1e-04trmiss0_degmodglobal,18,0.6619908809661865,0.7007252275943756,0.3333333333333333,0.660040885040885,0.46153846153846156,0.0,0.6247637101582119,0.6393091593469892,0.054840214018310816,0.17943347990512848,0.0,0.0,0.0,0.0,0.0,18473,global,0.0
1,3,lr1e-05_bs8_drop0p2_temp2p0_a0p25_b0p05__wd1e-04trmiss0_degmodglobal,8,1e-05,0.0001,0.2,2.0,0.25,0.05,lr1e-05_bs8_drop0p2_temp2p0_a0p25_b0p05__wd1e-04trmiss0_degmodglobal,19,0.664995653288705,0.7013069689273834,0.3333333333333333,0.660040885040885,0.46153846153846156,0.0,0.6040850537163871,0.642437185559954,0.058030119964054654,0.16101879945823125,0.0,0.0,0.0,0.0,0.0,18473,global,0.0
1,3,lr1e-05_bs8_drop0p2_temp2p0_a0p25_b0p05__wd1e-04trmiss0_degmodglobal,8,1e-05,0.0001,0.2,2.0,0.25,0.05,lr1e-05_bs8_drop0p2_temp2p0_a0p25_b0p05__wd1e-04trmiss0_degmodglobal,20,0.6558450886181423,0.6997340619564056,0.3333333333333333,0.660040885040885,0.46153846153846156,0.0,0.6079190117972237,0.6353418145860944,0.05213116269026484,0.14940958629761422,0.0,0.0,0.0,0.0,0.0,18473,global,0.0
1,3,lr1e-05_bs8_drop0p2_temp2p0_a0p25_b0p05__wd1e-04trmiss0_degmodglobal,8,1e-05,0.0001,0.2,2.0,0.25,0.05,lr1e-05_bs8_drop0p2_temp2p0_a0p25_b0p05__wd1e-04trmiss0_degmodglobal,21,0.6761710047721863,0.6994951069355011,0.3333333333333333,0.660040885040885,0.46153846153846156,0.0,0.6139535733631679,0.6463530233928135,0.07264407085520881,0.23313935952527182,0.0,0.0,0.0,0.0,0.0,18473,global,0.0
1,3,lr1e-05_bs8_drop0p2_temp2p0_a0p25_b0p05__wd1e-04trmiss0_degmodglobal,8,1e-05,0.0001,0.2,2.0,0.25,0.05,lr1e-05_bs8_drop0p2_temp2p0_a0p25_b0p05__wd1e-04trmiss0_degmodglobal,22,0.6468595521790641,0.699616014957428,0.3333333333333333,0.660040885040885,0.46153846153846156,0.0,0.6158096960612706,0.6206933345113482,0.06914269498416356,0.1776107602885791,0.0,0.0,0.0,0.0,0.0,18473,global,0.0
1,3,lr1e-05_bs8_drop0p2_temp2p0_a0p25_b0p05__wd1e-04trmiss0_degmodglobal,8,1e-05,0.0001,0.2,2.0,0.25,0.05,lr1e-05_bs8_drop0p2_temp2p0_a0p25_b0p05__wd1e-04trmiss0_degmodglobal,23,0.6690999610083443,0.7002080380916595,0.3333333333333333,0.660040885040885,0.46153846153846156,0.0,0.601993237222944,0.641691769872393,0.06739387554781777,0.21119425020047597,0.0,0.0,0.0,0.0,0.0,18473,global,0.0
1,3,lr1e-05_bs8_drop0p2_temp2p0_a0p25_b0p05__wd1e-04trmiss0_degmodglobal,8,1e-05,0.0001,0.2,2.0,0.25,0.05,lr1e-05_bs8_drop0p2_temp2p0_a0p25_b0p05__wd1e-04trmiss0_degmodglobal,24,0.6830757175173078,0.6971118450164795,0.3333333333333333,0.660040885040885,0.46153846153846156,0.0,0.6228080306734357,0.6513832041195461,0.07832290924021176,0.24223567226103374,0.0,0.0,0.0,0.0,0.0,18473,global,0.0
1,3,lr1e-05_bs8_drop0p2_temp2p0_a0p25_b0p05__wd1e-04trmiss0_degmodglobal,8,1e-05,0.0001,0.2,2.0,0.25,0.05,lr1e-05_bs8_drop0p2_temp2p0_a0p25_b0p05__wd1e-04trmiss0_degmodglobal,25,0.666728036744254,0.6992919147014618,0.3333333333333333,0.660040885040885,0.46153846153846156,0.0,0.5954460501670837,0.6363390343529838,0.07380522840789386,0.23875405426536286,0.0,0.0,0.0,0.0,0.0,18473,global,0.0
1,3,lr1e-05_bs8_drop0p4_temp1p0_a0p25_b0p05__wd1e-04trmiss0_degmodglobal,8,1e-05,0.0001,0.4,1.0,0.25,0.05,lr1e-05_bs8_drop0p4_temp1p0_a0p25_b0p05__wd1e-04trmiss0_degmodglobal,1,0.8088451538767133,0.6897733211517334,0.7777777777777777,0.9017195767195769,0.6153846153846154,0.0,0.6890093003000531,0.7783230287688119,0.07617950333016259,0.22954442458493368,0.0,0.0,0.0,0.0,0.0,18473,global,0.0
1,3,lr1e-05_bs8_drop0p4_temp1p0_a0p25_b0p05__wd1e-04trmiss0_degmodglobal,8,1e-05,0.0001,0.4,1.0,0.25,0.05,lr1e-05_bs8_drop0p4_temp1p0_a0p25_b0p05__wd1e-04trmiss0_degmodglobal,2,0.8129026208605085,0.6860961318016052,0.8055555555555556,0.9202380952380953,0.6153846153846154,0.0,0.6439668536186218,0.7716832671846662,0.10321983907903944,0.30828779510089327,0.0,0.0,0.0,0.0,0.0,18473,global,0.0
1,3,lr1e-05_bs8_drop0p4_temp1p0_a0p25_b0p05__wd1e-04trmiss0_degmodglobal,8,1e-05,0.0001,0.4,1.0,0.25,0.05,lr1e-05_bs8_drop0p4_temp1p0_a0p25_b0p05__wd1e-04trmiss0_degmodglobal,3,0.804543503693172,0.6826738119125366,0.8333333333333334,0.9278138528138529,0.6153846153846154,0.0,0.6526287623814174,0.7670509559767587,0.08597051671573094,0.31999816426209043,0.0,0.0,0.0,0.0,0.0,18473,global,0.0
1,3,lr1e-05_bs8_drop0p4_temp1p0_a0p25_b0p05__wd1e-04trmiss0_degmodglobal,8,1e-05,0.0001,0.4,1.0,0.25,0.05,lr1e-05_bs8_drop0p4_temp1p0_a0p25_b0p05__wd1e-04trmiss0_degmodglobal,4,0.7765416162354606,0.683793693780899,0.8333333333333334,0.9278138528138529,0.6923076923076923,0.0,0.6900676659175328,0.7507858191217694,0.06780768771256719,0.17607765325478145,0.0,0.0,0.0,0.0,0.0,18473,global,0.0
1,3,lr1e-05_bs8_drop0p4_temp1p0_a0p25_b0p05__wd1e-04trmiss0_degmodglobal,8,1e-05,0.0001,0.4,1.0,0.25,0.05,lr1e-05_bs8_drop0p4_temp1p0_a0p25_b0p05__wd1e-04trmiss0_degmodglobal,5,0.7746366432734898,0.6860426664352417,0.8333333333333334,0.9278138528138529,0.6153846153846154,0.0,0.6663906744548252,0.7457965271813529,0.07149061879941396,0.2193490213581494,0.0,0.0,0.0,0.0,0.0,18473,global,0.0
1,3,lr1e-05_bs8_drop0p4_temp1p0_a0p25_b0p05__wd1e-04trmiss0_degmodglobal,8,1e-05,0.0001,0.4,1.0,0.25,0.05,lr1e-05_bs8_drop0p4_temp1p0_a0p25_b0p05__wd1e-04trmiss0_degmodglobal,6,0.7960285544395447,0.6856407225131989,0.8333333333333334,0.9278138528138529,0.6153846153846154,0.0,0.6963413272585187,0.7612238015447345,0.08475873033915247,0.2723010608128139,0.0,0.0,0.0,0.0,0.0,18473,global,0.0
1,3,lr1e-05_bs8_drop0p4_temp1p0_a0p25_b0p05__wd1e-04trmiss0_degmodglobal,8,1e-05,0.0001,0.4,1.0,0.25,0.05,lr1e-05_bs8_drop0p4_temp1p0_a0p25_b0p05__wd1e-04trmiss0_degmodglobal,7,0.7544569458280291,0.6839222013950348,0.8333333333333333,0.9191718775052109,0.6153846153846154,0.0,0.6447915349687848,0.7257229856082371,0.07473129406571388,0.20102262922695704,0.0,0.0,0.0,0.0,0.0,18473,global,0.0
1,3,lr1e-05_bs8_drop0p4_temp1p0_a0p25_b0p05__wd1e-04trmiss0_degmodglobal,8,1e-05,0.0001,0.4,1.0,0.25,0.05,lr1e-05_bs8_drop0p4_temp1p0_a0p25_b0p05__wd1e-04trmiss0_degmodglobal,8,0.7674205218042646,0.6900570690631866,0.8333333333333333,0.9191718775052109,0.6153846153846154,0.0,0.6304756828716823,0.7270233120237078,0.08600851520895958,0.3779015562364033,0.0,0.0,0.0,0.0,0.0,18473,global,0.0
1,3,lr1e-05_bs8_drop0p4_temp1p0_a0p25_b0p05__wd1e-04trmiss0_degmodglobal,8,1e-05,0.0001,0.4,1.0,0.25,0.05,lr1e-05_bs8_drop0p4_temp1p0_a0p25_b0p05__wd1e-04trmiss0_degmodglobal,9,0.7924568227359227,0.6894775331020355,0.8611111111111112,0.9376903960237295,0.6153846153846154,0.0,0.6291759269578117,0.755475572177342,0.08512973306434495,0.31397614095892223,0.0,0.0,0.0,0.0,0.0,18473,global,0.0
1,3,lr1e-05_bs8_drop0p4_temp1p0_a0p25_b0p05__wd1e-04trmiss0_degmodglobal,8,1e-05,0.0001,0.4,1.0,0.25,0.05,lr1e-05_bs8_drop0p4_temp1p0_a0p25_b0p05__wd1e-04trmiss0_degmodglobal,10,0.7487572176115853,0.6913819015026093,0.8333333333333333,0.9191718775052109,0.5384615384615384,0.0,0.6454417620386396,0.7164623992783683,0.07968734736953463,0.24745950741427286,0.0,0.0,0.0,0.0,0.0,18473,global,0.0
1,3,lr1e-05_bs8_drop0p4_temp1p0_a0p25_b0p05__wd1e-04trmiss0_degmodglobal,8,1e-05,0.0001,0.4,1.0,0.25,0.05,lr1e-05_bs8_drop0p4_temp1p0_a0p25_b0p05__wd1e-04trmiss0_degmodglobal,11,0.7673014828136989,0.6876118183135986,0.8333333333333333,0.9191718775052109,0.6153846153846154,0.0,0.6321212904793876,0.7349427427564349,0.07657599023410253,0.26429484145981924,0.0,0.0,0.0,0.0,0.0,18473,global,0.0
1,3,lr1e-05_bs8_drop0p4_temp1p0_a0p25_b0p05__wd1e-04trmiss0_degmodglobal,8,1e-05,0.0001,0.4,1.0,0.25,0.05,lr1e-05_bs8_drop0p4_temp1p0_a0p25_b0p05__wd1e-04trmiss0_degmodglobal,12,0.7623083591461182,0.6863045692443848,0.8333333333333333,0.9191718775052109,0.6153846153846154,0.0,0.6199181590761457,0.7261292934417725,0.0834206800375666,0.3064779745680945,0.0,0.0,0.0,0.0,0.0,18473,global,0.0
1,3,lr1e-05_bs8_drop0p4_temp1p0_a0p25_b0p05__wd1e-04trmiss0_degmodglobal,8,1e-05,0.0001,0.4,1.0,0.25,0.05,lr1e-05_bs8_drop0p4_temp1p0_a0p25_b0p05__wd1e-04trmiss0_degmodglobal,13,0.7385301760264805,0.6873044073581696,0.8333333333333333,0.9191718775052109,0.5384615384615384,0.0,0.6306476252419608,0.7035048944609505,0.08988584365163531,0.25107646201338085,0.0,0.0,0.0,0.0,0.0,18473,global,0.0
1,3,lr1e-05_bs8_drop0p4_temp1p0_a0p25_b0p05__wd1e-04trmiss0_degmodglobal,8,1e-05,0.0001,0.4,1.0,0.25,0.05,lr1e-05_bs8_drop0p4_temp1p0_a0p25_b0p05__wd1e-04trmiss0_degmodglobal,14,0.7634781002998352,0.6855535209178925,0.8333333333333333,0.9191718775052109,0.6153846153846154,0.0,0.6150295053209577,0.7316701497350421,0.07686325481959752,0.25184317571776255,0.0,0.0,0.0,0.0,0.0,18473,global,0.0
1,3,lr1e-05_bs8_drop0p4_temp1p0_a0p25_b0p05__wd1e-04trmiss0_degmodglobal,8,1e-05,0.0001,0.4,1.0,0.25,0.05,lr1e-05_bs8_drop0p4_temp1p0_a0p25_b0p05__wd1e-04trmiss0_degmodglobal,15,0.7420096737997872,0.6845610439777374,0.8333333333333333,0.9191718775052109,0.6153846153846154,0.0,0.6151684437479291,0.7028411456516811,0.10270992772919792,0.2698208349091666,0.0,0.0,0.0,0.0,0.0,18473,global,0.0
1,3,lr1e-05_bs8_drop0p4_temp1p0_a0p25_b0p05__wd1e-04trmiss0_degmodglobal,8,1e-05,0.0001,0.4,1.0,0.25,0.05,lr1e-05_bs8_drop0p4_temp1p0_a0p25_b0p05__wd1e-04trmiss0_degmodglobal,16,0.759081278528486,0.6844751834869385,0.8333333333333333,0.9191718775052109,0.6153846153846154,0.0,0.6131115130015782,0.7222736307552883,0.08406322130135127,0.31583733005183084,0.0,0.0,0.0,0.0,0.0,18473,global,0.0
1,3,lr1e-05_bs8_drop0p4_temp1p0_a0p25_b0p05__wd1e-04trmiss0_degmodglobal,8,1e-05,0.0001,0.4,1.0,0.25,0.05,lr1e-05_bs8_drop0p4_temp1p0_a0p25_b0p05__wd1e-04trmiss0_degmodglobal,17,0.7327545710972377,0.6838481724262238,0.8333333333333333,0.9191718775052109,0.6153846153846154,0.0,0.631304247038705,0.6981087582451957,0.08863898047379085,0.24972155583756311,0.0,0.0,0.0,0.0,0.0,18473,global,0.0
1,3,lr1e-05_bs8_drop0p4_temp1p0_a0p25_b0p05__wd1e-04trmiss0_degmodglobal,8,1e-05,0.0001,0.4,1.0,0.25,0.05,lr1e-05_bs8_drop0p4_temp1p0_a0p25_b0p05__wd1e-04trmiss0_degmodglobal,18,0.7361121092523847,0.6840766370296478,0.8333333333333333,0.9191718775052109,0.6153846153846154,0.0,0.6386167917932782,0.6956921304975238,0.09589588163154465,0.32892010680266787,0.0,0.0,0.0,0.0,0.0,18473,global,0.0
1,3,lr1e-05_bs8_drop0p4_temp1p0_a0p25_b0p05__wd1e-04trmiss0_degmodglobal,8,1e-05,0.0001,0.4,1.0,0.25,0.05,lr1e-05_bs8_drop0p4_temp1p0_a0p25_b0p05__wd1e-04trmiss0_degmodglobal,19,0.7575693726539612,0.685306966304779,0.8333333333333333,0.9191718775052109,0.6153846153846154,0.0,0.6050082104546683,0.7210605995995658,0.0913884916475841,0.2732329751764025,0.0,0.0,0.0,0.0,0.0,18473,global,0.0
1,3,lr1e-05_bs8_drop0p4_temp1p0_a0p25_b0p05__wd1e-04trmiss0_degmodglobal,8,1e-05,0.0001,0.4,1.0,0.25,0.05,lr1e-05_bs8_drop0p4_temp1p0_a0p25_b0p05__wd1e-04trmiss0_degmodglobal,20,0.7216902460370745,0.6846174001693726,0.8333333333333333,0.9191718775052109,0.6153846153846154,0.0,0.6221720831734794,0.6937846200806754,0.06877083624047893,0.21425843238830566,0.0,0.0,0.0,0.0,0.0,18473,global,0.0
1,3,lr1e-05_bs8_drop0p4_temp1p0_a0p25_b0p05__wd1e-04trmiss0_degmodglobal,8,1e-05,0.0001,0.4,1.0,0.25,0.05,lr1e-05_bs8_drop0p4_temp1p0_a0p25_b0p05__wd1e-04trmiss0_degmodglobal,21,0.7417387621743339,0.6827351152896881,0.8333333333333333,0.9191718775052109,0.6153846153846154,0.0,0.6044323870113918,0.709646897656577,0.08129535242915154,0.23536083634410584,0.0,0.0,0.0,0.0,0.0,18473,global,0.0
1,3,lr1e-05_bs8_drop0p4_temp1p0_a0p25_b0p05__wd1e-04trmiss0_degmodglobal,8,1e-05,0.0001,0.4,1.0,0.25,0.05,lr1e-05_bs8_drop0p4_temp1p0_a0p25_b0p05__wd1e-04trmiss0_degmodglobal,22,0.7165246435574123,0.6779114007949829,0.8333333333333333,0.9191718775052109,0.6153846153846154,0.0,0.6127492274556842,0.6878081815583366,0.07254582111324583,0.2116001205784934,0.0,0.0,0.0,0.0,0.0,18473,global,0.0
1,3,lr1e-05_bs8_drop0p4_temp1p0_a0p25_b0p05__wd1e-04trmiss0_degmodglobal,8,1e-05,0.0001,0.4,1.0,0.25,0.05,lr1e-05_bs8_drop0p4_temp1p0_a0p25_b0p05__wd1e-04trmiss0_degmodglobal,23,0.731143661907741,0.6830158233642578,0.8333333333333333,0.9191718775052109,0.6153846153846154,0.0,0.6182385172162738,0.6974280221121651,0.0783078425696918,0.28277368417807985,0.0,0.0,0.0,0.0,0.0,18473,global,0.0
1,3,lr1e-05_bs8_drop0p4_temp1p0_a0p25_b0p05__wd1e-04trmiss0_degmodglobal,8,1e-05,0.0001,0.4,1.0,0.25,0.05,lr1e-05_bs8_drop0p4_temp1p0_a0p25_b0p05__wd1e-04trmiss0_degmodglobal,24,0.7562607611928668,0.6816529035568237,0.8333333333333333,0.9191718775052109,0.6153846153846154,0.0,0.6216617482049125,0.716293351990836,0.09584801218339375,0.32010790705680847,0.0,0.0,0.0,0.0,0.0,18473,global,0.0
1,3,lr1e-05_bs8_drop0p4_temp1p0_a0p25_b0p05__wd1e-04trmiss0_degmodglobal,8,1e-05,0.0001,0.4,1.0,0.25,0.05,lr1e-05_bs8_drop0p4_temp1p0_a0p25_b0p05__wd1e-04trmiss0_degmodglobal,25,0.7469753537859235,0.6846209764480591,0.8333333333333333,0.9191718775052109,0.6153846153846154,0.0,0.6363907200949532,0.7104384303092957,0.09237262766276087,0.2688754051923752,0.0,0.0,0.0,0.0,0.0,18473,global,0.0
1,3,lr1e-05_bs8_drop0p4_temp1p0_a0p25_b0p05__wd1e-04trmiss0_degmodglobal,8,1e-05,0.0001,0.4,1.0,0.25,0.05,lr1e-05_bs8_drop0p4_temp1p0_a0p25_b0p05__wd1e-04trmiss0_degmodglobal,26,0.7327198726790292,0.6855678558349609,0.8333333333333333,0.9191718775052109,0.6153846153846154,0.0,0.6449363998004368,0.6971110190664019,0.09314070641994476,0.24647316336631775,0.0,0.0,0.0,0.0,0.0,18473,global,0.0
1,3,lr1e-05_bs8_drop0p4_temp1p0_a0p25_b0p05__wd1e-04trmiss0_degmodglobal,8,1e-05,0.0001,0.4,1.0,0.25,0.05,lr1e-05_bs8_drop0p4_temp1p0_a0p25_b0p05__wd1e-04trmiss0_degmodglobal,27,0.7262837971959796,0.6818896532058716,0.8333333333333333,0.9191718775052109,0.6153846153846154,0.0,0.5924271941184998,0.6938229884420123,0.07984748589141029,0.24997864663600922,0.0,0.0,0.0,0.0,0.0,18473,global,0.0
1,3,lr1e-05_bs8_drop0p4_temp1p0_a0p25_b0p05__wd1e-04trmiss0_degmodglobal,8,1e-05,0.0001,0.4,1.0,0.25,0.05,lr1e-05_bs8_drop0p4_temp1p0_a0p25_b0p05__wd1e-04trmiss0_degmodglobal,28,0.7395686336926052,0.6850573420524597,0.8333333333333333,0.9191718775052109,0.6153846153846154,0.0,0.6240168809890747,0.6987603732517788,0.09780441756759371,0.3271432327372687,0.0,0.0,0.0,0.0,0.0,18473,global,0.0
1,3,lr1e-05_bs8_drop0p4_temp1p0_a0p25_b0p05__wd1e-04trmiss0_degmodglobal,8,1e-05,0.0001,0.4,1.0,0.25,0.05,lr1e-05_bs8_drop0p4_temp1p0_a0p25_b0p05__wd1e-04trmiss0_degmodglobal,29,0.6995989509991237,0.6815301775932312,0.8333333333333333,0.9191718775052109,0.6153846153846154,0.0,0.5921351739338466,0.666378242628915,0.08147414826921054,0.25704329354422434,0.0,0.0,0.0,0.0,0.0,18473,global,0.0
1,3,lr1e-05_bs8_drop0p4_temp2p0_a0p25_b0p05__wd1e-04trmiss0_degmodglobal,8,1e-05,0.0001,0.4,2.0,0.25,0.05,lr1e-05_bs8_drop0p4_temp2p0_a0p25_b0p05__wd1e-04trmiss0_degmodglobal,1,0.71409159047263,0.6543261706829071,0.5,0.76506734006734,0.7692307692307693,0.0,0.7557414855275836,0.6804733616965157,0.06653693265148572,0.3396798712866647,0.0,0.0,0.0,0.0,0.0,18473,global,0.0
1,3,lr1e-05_bs8_drop0p4_temp2p0_a0p25_b0p05__wd1e-04trmiss0_degmodglobal,8,1e-05,0.0001,0.4,2.0,0.25,0.05,lr1e-05_bs8_drop0p4_temp2p0_a0p25_b0p05__wd1e-04trmiss0_degmodglobal,2,0.7134208338601249,0.6500996947288513,0.4722222222222222,0.728030303030303,0.7692307692307693,0.0,0.7743170601981026,0.6831480690411159,0.06018953983272825,0.3045076919453485,0.0,0.0,0.0,0.0,0.0,18473,global,0.0
1,3,lr1e-05_bs8_drop0p4_temp2p0_a0p25_b0p05__wd1e-04trmiss0_degmodglobal,8,1e-05,0.0001,0.4,2.0,0.25,0.05,lr1e-05_bs8_drop0p4_temp2p0_a0p25_b0p05__wd1e-04trmiss0_degmodglobal,3,0.6772786719458443,0.6483459770679474,0.4722222222222222,0.7484006734006734,0.7692307692307693,0.0,0.7259382350104195,0.6513985565730503,0.05572713006819997,0.23896661826542445,0.0,0.0,0.0,0.0,0.0,18473,global,0.0
1,3,lr1e-05_bs8_drop0p4_temp2p0_a0p25_b0p05__wd1e-04trmiss0_degmodglobal,8,1e-05,0.0001,0.4,2.0,0.25,0.05,lr1e-05_bs8_drop0p4_temp2p0_a0p25_b0p05__wd1e-04trmiss0_degmodglobal,4,0.6824314509119306,0.645380049943924,0.4722222222222222,0.7484006734006734,0.7692307692307693,0.0,0.7400341970579964,0.6465752039636884,0.07380437531641551,0.3481026462146214,0.0,0.0,0.0,0.0,0.0,18473,global,0.0
1,3,lr1e-05_bs8_drop0p4_temp2p0_a0p25_b0p05__wd1e-04trmiss0_degmodglobal,8,1e-05,0.0001,0.4,2.0,0.25,0.05,lr1e-05_bs8_drop0p4_temp2p0_a0p25_b0p05__wd1e-04trmiss0_degmodglobal,5,0.688564692224775,0.6451526284217834,0.4722222222222222,0.7484006734006734,0.7692307692307693,0.0,0.7343864440917969,0.6608735408101764,0.056476163012640815,0.27144189178943634,0.0,0.0,0.0,0.0,0.0,18473,global,0.0
1,3,lr1e-05_bs8_drop0p4_temp2p0_a0p25_b0p05__wd1e-04trmiss0_degmodglobal,8,1e-05,0.0001,0.4,2.0,0.25,0.05,lr1e-05_bs8_drop0p4_temp2p0_a0p25_b0p05__wd1e-04trmiss0_degmodglobal,6,0.6948025567190987,0.6435678005218506,0.4444444444444444,0.7113636363636364,0.6923076923076923,0.0,0.7082484364509583,0.6654203874724252,0.06156776366489274,0.2798047257321222,0.0,0.0,0.0,0.0,0.0,18473,global,0.0
1,3,lr1e-05_bs8_drop0p4_temp2p0_a0p25_b0p05__wd1e-04trmiss0_degmodglobal,8,1e-05,0.0001,0.4,2.0,0.25,0.05,lr1e-05_bs8_drop0p4_temp2p0_a0p25_b0p05__wd1e-04trmiss0_degmodglobal,7,0.6878048011234829,0.6441488862037659,0.4444444444444444,0.7113636363636364,0.7692307692307693,0.0,0.7142667514937264,0.6580188614981515,0.0625596743609224,0.2829203818525587,0.0,0.0,0.0,0.0,0.0,18473,global,0.0
1,3,lr1e-05_bs8_drop0p4_temp2p0_a0p25_b0p05__wd1e-04trmiss0_degmodglobal,8,1e-05,0.0001,0.4,2.0,0.25,0.05,lr1e-05_bs8_drop0p4_temp2p0_a0p25_b0p05__wd1e-04trmiss0_degmodglobal,8,0.6583378144672939,0.6440202295780182,0.4444444444444444,0.7113636363636364,0.6923076923076923,0.0,0.7289974348885673,0.6269836170332772,0.06217089614697865,0.31622946688107084,0.0,0.0,0.0,0.0,0.0,18473,global,0.0
1,3,lr1e-05_bs8_drop0p4_temp2p0_a0p25_b0p05__wd1e-04trmiss0_degmodglobal,8,1e-05,0.0001,0.4,2.0,0.25,0.05,lr1e-05_bs8_drop0p4_temp2p0_a0p25_b0p05__wd1e-04trmiss0_degmodglobal,9,0.6709021074431283,0.6466571986675262,0.4444444444444444,0.7113636363636364,0.7692307692307693,0.0,0.6913997105189732,0.6453517419951302,0.051945491560867856,0.25127993736948284,0.0,0.0,0.0,0.0,0.0,18473,global,0.0
1,3,lr1e-05_bs8_drop0p4_temp2p0_a0p25_b0p05__wd1e-04trmiss0_degmodglobal,8,1e-05,0.0001,0.4,2.0,0.25,0.05,lr1e-05_bs8_drop0p4_temp2p0_a0p25_b0p05__wd1e-04trmiss0_degmodglobal,10,0.6798130444117955,0.6485752761363983,0.4444444444444444,0.7113636363636364,0.7692307692307693,0.0,0.711133565221514,0.6309867075511387,0.10052644142082759,0.4738945620400565,0.0,0.0,0.0,0.0,0.0,18473,global,0.0
1,3,lr1e-05_bs8_drop0p4_temp2p0_a0p25_b0p05__wd1e-04trmiss0_degmodglobal,8,1e-05,0.0001,0.4,2.0,0.25,0.05,lr1e-05_bs8_drop0p4_temp2p0_a0p25_b0p05__wd1e-04trmiss0_degmodglobal,11,0.6619208795683724,0.6514546871185303,0.41666666666666663,0.6928451178451178,0.6923076923076923,0.0,0.7007613522665841,0.6309543762888227,0.06530393926160676,0.29281060823372435,0.0,0.0,0.0,0.0,0.0,18473,global,0.0
1,3,lr1e-05_bs8_drop0p4_temp2p0_a0p25_b0p05__wd1e-04trmiss0_degmodglobal,8,1e-05,0.0001,0.4,2.0,0.25,0.05,lr1e-05_bs8_drop0p4_temp2p0_a0p25_b0p05__wd1e-04trmiss0_degmodglobal,12,0.656745868069785,0.6520670354366302,0.41666666666666663,0.6928451178451178,0.7692307692307693,0.0,0.726568170956203,0.6271635634558541,0.06016989344997065,0.2907963969877788,0.0,0.0,0.0,0.0,0.0,18473,global,0.0
1,3,lr1e-05_bs8_drop0p4_temp2p0_a0p25_b0p05__wd1e-04trmiss0_degmodglobal,8,1e-05,0.0001,0.4,2.0,0.25,0.05,lr1e-05_bs8_drop0p4_temp2p0_a0p25_b0p05__wd1e-04trmiss0_degmodglobal,13,0.6548985498292106,0.6520805060863495,0.3611111111111111,0.6711519961519963,0.7692307692307693,0.0,0.7103988528251648,0.626717575958797,0.05715643082346235,0.2778372530426298,0.0,0.0,0.0,0.0,0.0,18473,global,0.0
1,3,lr1e-05_bs8_drop0p4_temp2p0_a0p25_b0p05__wd1e-04trmiss0_degmodglobal,8,1e-05,0.0001,0.4,2.0,0.25,0.05,lr1e-05_bs8_drop0p4_temp2p0_a0p25_b0p05__wd1e-04trmiss0_degmodglobal,14,0.6744356410843986,0.6517536044120789,0.41666666666666663,0.6928451178451178,0.7692307692307693,0.0,0.6813863856451852,0.6383053064346313,0.07274514330284935,0.3588810775961195,0.0,0.0,0.0,0.0,0.0,18473,global,0.0
1,3,lr1e-05_bs8_drop0p4_temp2p0_a0p25_b0p05__wd1e-04trmiss0_degmodglobal,8,1e-05,0.0001,0.4,2.0,0.25,0.05,lr1e-05_bs8_drop0p4_temp2p0_a0p25_b0p05__wd1e-04trmiss0_degmodglobal,15,0.6534250634057182,0.6516242027282715,0.41666666666666663,0.6928451178451178,0.7692307692307693,0.0,0.7100069011960711,0.6262609362602234,0.05538637776459966,0.2663507301892553,0.0,0.0,0.0,0.0,0.0,18473,global,0.0
1,3,lr1e-05_bs8_drop0p4_temp2p0_a0p25_b0p05__wd1e-04trmiss0_degmodglobal,8,1e-05,0.0001,0.4,2.0,0.25,0.05,lr1e-05_bs8_drop0p4_temp2p0_a0p25_b0p05__wd1e-04trmiss0_degmodglobal,16,0.6447853701455253,0.6533678770065308,0.3888888888888889,0.6822631072631073,0.7692307692307693,0.0,0.6895431705883571,0.615361077444894,0.05866050241248948,0.295183675629752,0.0,0.0,0.0,0.0,0.0,18473,global,0.0
1,3,lr1e-05_bs8_drop0p4_temp2p0_a0p25_b0p05__wd1e-04trmiss0_degmodglobal,8,1e-05,0.0001,0.4,2.0,0.25,0.05,lr1e-05_bs8_drop0p4_temp2p0_a0p25_b0p05__wd1e-04trmiss0_degmodglobal,17,0.6625056266784668,0.6513469815254211,0.3888888888888889,0.6822631072631073,0.7692307692307693,0.0,0.697768781866346,0.6246306470462254,0.07813854515552521,0.3668067029544285,0.0,0.0,0.0,0.0,0.0,18473,global,0.0
1,3,lr1e-05_bs8_drop0p4_temp2p0_a0p25_b0p05__wd1e-04trmiss0_degmodglobal,8,1e-05,0.0001,0.4,2.0,0.25,0.05,lr1e-05_bs8_drop0p4_temp2p0_a0p25_b0p05__wd1e-04trmiss0_degmodglobal,18,0.6387457421847752,0.6500988006591797,0.41666666666666663,0.7007816257816257,0.7692307692307693,0.0,0.681470377104623,0.6077403426170349,0.06341401700462614,0.30303768813610077,0.0,0.0,0.0,0.0,0.0,18473,global,0.0
1,3,lr1e-05_bs8_drop0p4_temp2p0_a0p25_b0p05__wd1e-04trmiss0_degmodglobal,8,1e-05,0.0001,0.4,2.0,0.25,0.05,lr1e-05_bs8_drop0p4_temp2p0_a0p25_b0p05__wd1e-04trmiss0_degmodglobal,19,0.6666635360036578,0.6505925357341766,0.41666666666666663,0.7007816257816257,0.7692307692307693,0.0,0.6757857799530029,0.6428709200450352,0.04802001853074346,0.23575233348778316,0.0,0.0,0.0,0.0,0.0,18473,global,0.0
1,3,lr1e-05_bs8_drop0p4_temp2p0_a0p25_b0p05__wd1e-04trmiss0_degmodglobal,8,1e-05,0.0001,0.4,2.0,0.25,0.05,lr1e-05_bs8_drop0p4_temp2p0_a0p25_b0p05__wd1e-04trmiss0_degmodglobal,20,0.6822647537503924,0.6510731279850006,0.3611111111111111,0.6267075517075518,0.6923076923076923,0.0,0.6922387565885272,0.6465126190866742,0.07426794299057551,0.3437029847076961,0.0,0.0,0.0,0.0,0.0,18473,global,0.0
1,3,lr1e-05_bs8_drop0p4_temp2p0_a0p25_b0p05__wd1e-04trmiss0_degmodglobal,8,1e-05,0.0001,0.4,2.0,0.25,0.05,lr1e-05_bs8_drop0p4_temp2p0_a0p25_b0p05__wd1e-04trmiss0_degmodglobal,21,0.6553141134125846,0.6506134569644928,0.41666666666666663,0.6928451178451178,0.7692307692307693,0.0,0.6712650997298104,0.6309809344155448,0.04936590311782701,0.2398340255022049,0.0,0.0,0.0,0.0,0.0,18473,global,0.0
1,3,lr1e-05_bs8_drop0p4_temp2p0_a0p25_b0p05__wd1e-04trmiss0_degmodglobal,8,1e-05,0.0001,0.4,2.0,0.25,0.05,lr1e-05_bs8_drop0p4_temp2p0_a0p25_b0p05__wd1e-04trmiss0_degmodglobal,22,0.692404466015952,0.6499456465244293,0.4444444444444444,0.7113636363636364,0.7692307692307693,0.0,0.7043165564537048,0.6592920252255031,0.06527894628899437,0.3358540045363562,0.0,0.0,0.0,0.0,0.0,18473,global,0.0
1,3,lr1e-05_bs8_drop0p4_temp2p0_a0p25_b0p05__wd1e-04trmiss0_degmodglobal,8,1e-05,0.0001,0.4,2.0,0.25,0.05,lr1e-05_bs8_drop0p4_temp2p0_a0p25_b0p05__wd1e-04trmiss0_degmodglobal,23,0.6450973238263812,0.6524787843227386,0.41666666666666663,0.6928451178451178,0.7692307692307693,0.0,0.6449348671095712,0.620912892477853,0.0525300284581525,0.22103845647403172,0.0,0.0,0.0,0.0,0.0,18473,global,0.0
1,3,lr1e-05_bs8_drop0p4_temp2p0_a0p25_b0p05__wd1e-04trmiss0_degmodglobal,8,1e-05,0.0001,0.4,2.0,0.25,0.05,lr1e-05_bs8_drop0p4_temp2p0_a0p25_b0p05__wd1e-04trmiss0_degmodglobal,24,0.6552227480070931,0.6523007452487946,0.41666666666666663,0.6928451178451178,0.7692307692307693,0.0,0.6433528576578412,0.624092561858041,0.063215471804142,0.306526569383485,0.0,0.0,0.0,0.0,0.0,18473,global,0.0
1,3,lr1e-05_bs8_drop0p4_temp2p0_a0p25_b0p05__wd1e-04trmiss0_degmodglobal,8,1e-05,0.0001,0.4,2.0,0.25,0.05,lr1e-05_bs8_drop0p4_temp2p0_a0p25_b0p05__wd1e-04trmiss0_degmodglobal,25,0.6536129542759487,0.6513838768005371,0.4444444444444444,0.7113636363636364,0.7692307692307693,0.0,0.6758735690798078,0.6290924974850246,0.0519884279263871,0.23046655740056718,0.0,0.0,0.0,0.0,0.0,18473,global,0.0
1,3,lr1e-04_bs16_drop0p2_temp1p0_a0p25_b0p05__wd1e-04trmiss0_degmodglobal,16,0.0001,0.0001,0.2,1.0,0.25,0.05,lr1e-04_bs16_drop0p2_temp1p0_a0p25_b0p05__wd1e-04trmiss0_degmodglobal,1,0.7091019302606583,0.7162872552871704,0.2222222222222222,0.6019511352844686,0.3076923076923077,0.0,0.6883751153945923,0.6969898194074631,0.03156476886942983,0.08441845700144768,0.0,0.0,0.0,0.0,0.0,18473,global,0.0
1,3,lr1e-04_bs16_drop0p2_temp1p0_a0p25_b0p05__wd1e-04trmiss0_degmodglobal,16,0.0001,0.0001,0.2,1.0,0.25,0.05,lr1e-04_bs16_drop0p2_temp1p0_a0p25_b0p05__wd1e-04trmiss0_degmodglobal,2,0.6788751482963562,0.7157022953033447,0.2777777777777778,0.6741733575066908,0.3076923076923077,0.0,0.6269989162683487,0.6656398177146912,0.031359896529465914,0.10790696367621422,0.0,0.0,0.0,0.0,0.0,18473,global,0.0
1,3,lr1e-04_bs16_drop0p2_temp1p0_a0p25_b0p05__wd1e-04trmiss0_degmodglobal,16,0.0001,0.0001,0.2,1.0,0.25,0.05,lr1e-04_bs16_drop0p2_temp1p0_a0p25_b0p05__wd1e-04trmiss0_degmodglobal,3,0.6639736592769623,0.7145577669143677,0.3055555555555556,0.7112103945437278,0.23076923076923078,0.0,0.6075046807527542,0.649403303861618,0.038492183201014996,0.09894665144383907,0.0,0.0,0.0,0.0,0.0,18473,global,0.0
1,3,lr1e-04_bs16_drop0p2_temp1p0_a0p25_b0p05__wd1e-04trmiss0_degmodglobal,16,0.0001,0.0001,0.2,1.0,0.25,0.05,lr1e-04_bs16_drop0p2_temp1p0_a0p25_b0p05__wd1e-04trmiss0_degmodglobal,4,0.6698587536811829,0.7072969675064087,0.33333333333333337,0.7191469024802357,0.3076923076923077,0.0,0.6188177317380905,0.6557476818561554,0.039655997417867184,0.08394150622189045,0.0,0.0,0.0,0.0,0.0,18473,global,0.0
1,3,lr1e-04_bs16_drop0p2_temp1p0_a0p25_b0p05__wd1e-04trmiss0_degmodglobal,16,0.0001,0.0001,0.2,1.0,0.25,0.05,lr1e-04_bs16_drop0p2_temp1p0_a0p25_b0p05__wd1e-04trmiss0_degmodglobal,5,0.6291288882493973,0.7043187618255615,0.4444444444444444,0.7596671846671847,0.46153846153846156,0.0,0.5874617993831635,0.6157190650701523,0.03415806172415614,0.09740600176155567,0.0,0.0,0.0,0.0,0.0,18473,global,0.0
1,3,lr1e-04_bs16_drop0p2_temp1p0_a0p25_b0p05__wd1e-04trmiss0_degmodglobal,16,0.0001,0.0001,0.2,1.0,0.25,0.05,lr1e-04_bs16_drop0p2_temp1p0_a0p25_b0p05__wd1e-04trmiss0_degmodglobal,6,0.6046991348266602,0.7131640911102295,0.33333333333333337,0.7191469024802357,0.38461538461538464,0.0,0.5785318613052368,0.5895819664001465,0.04198250640183687,0.09243085607886314,0.0,0.0,0.0,0.0,0.0,18473,global,0.0
1,3,lr1e-04_bs16_drop0p2_temp1p0_a0p25_b0p05__wd1e-04trmiss0_degmodglobal,16,0.0001,0.0001,0.2,1.0,0.25,0.05,lr1e-04_bs16_drop0p2_temp1p0_a0p25_b0p05__wd1e-04trmiss0_degmodglobal,7,0.6259086281061172,0.7201573848724365,0.36111111111111116,0.7268629518629519,0.38461538461538464,0.0,0.5858506411314011,0.6158314347267151,0.02869960619136691,0.05804587109014392,0.0,0.0,0.0,0.0,0.0,18473,global,0.0
1,3,lr1e-04_bs16_drop0p2_temp1p0_a0p25_b0p05__wd1e-04trmiss0_degmodglobal,16,0.0001,0.0001,0.2,1.0,0.25,0.05,lr1e-04_bs16_drop0p2_temp1p0_a0p25_b0p05__wd1e-04trmiss0_degmodglobal,8,0.6113865673542023,0.7182152271270752,0.4444444444444444,0.7547730047730048,0.46153846153846156,0.0,0.5838637948036194,0.5974993705749512,0.03645488852635026,0.09546970762312412,0.0,0.0,0.0,0.0,0.0,18473,global,0.0
1,3,lr1e-04_bs16_drop0p2_temp1p0_a0p25_b0p05__wd1e-04trmiss0_degmodglobal,16,0.0001,0.0001,0.2,1.0,0.25,0.05,lr1e-04_bs16_drop0p2_temp1p0_a0p25_b0p05__wd1e-04trmiss0_degmodglobal,9,0.6033525168895721,0.7199598550796509,0.5,0.7766585266585269,0.46153846153846156,0.0,0.5572400838136673,0.5926834791898727,0.03063995623961091,0.06018070690333843,0.0,0.0,0.0,0.0,0.0,18473,global,0.0
1,3,lr1e-04_bs16_drop0p2_temp1p0_a0p25_b0p05__wd1e-04trmiss0_degmodglobal,16,0.0001,0.0001,0.2,1.0,0.25,0.05,lr1e-04_bs16_drop0p2_temp1p0_a0p25_b0p05__wd1e-04trmiss0_degmodglobal,10,0.5868505537509918,0.7169560790061951,0.4722222222222222,0.7667378917378918,0.46153846153846156,0.0,0.5501305609941483,0.5748542845249176,0.03535796608775854,0.06313544418662786,0.0,0.0,0.0,0.0,0.0,18473,global,0.0
1,3,lr1e-04_bs16_drop0p2_temp1p0_a0p25_b0p05__wd1e-04trmiss0_degmodglobal,16,0.0001,0.0001,0.2,1.0,0.25,0.05,lr1e-04_bs16_drop0p2_temp1p0_a0p25_b0p05__wd1e-04trmiss0_degmodglobal,11,0.5941250622272491,0.7089124917984009,0.6111111111111112,0.838827838827839,0.46153846153846156,0.0,0.5547114312648773,0.5782308429479599,0.03974186070263386,0.11917534098029137,0.0,0.0,0.0,0.0,0.0,18473,global,0.0
1,3,lr1e-04_bs16_drop0p2_temp1p0_a0p25_b0p05__wd1e-04trmiss0_degmodglobal,16,0.0001,0.0001,0.2,1.0,0.25,0.05,lr1e-04_bs16_drop0p2_temp1p0_a0p25_b0p05__wd1e-04trmiss0_degmodglobal,12,0.5775394588708878,0.7025527954101562,0.6666666666666667,0.8582722832722833,0.5384615384615384,0.0,0.5268402546644211,0.5602151900529861,0.045539832673966885,0.11878609471023083,0.0,0.0,0.0,0.0,0.0,18473,global,0.0
1,3,lr1e-04_bs16_drop0p2_temp1p0_a0p25_b0p05__wd1e-04trmiss0_degmodglobal,16,0.0001,0.0001,0.2,1.0,0.25,0.05,lr1e-04_bs16_drop0p2_temp1p0_a0p25_b0p05__wd1e-04trmiss0_degmodglobal,13,0.5759069472551346,0.6944484710693359,0.6666666666666667,0.8582722832722833,0.5384615384615384,0.0,0.5640260130167007,0.562004029750824,0.03972472157329321,0.0794348493218422,0.0,0.0,0.0,0.0,0.0,18473,global,0.0
1,3,lr1e-04_bs16_drop0p2_temp1p0_a0p25_b0p05__wd1e-04trmiss0_degmodglobal,16,0.0001,0.0001,0.2,1.0,0.25,0.05,lr1e-04_bs16_drop0p2_temp1p0_a0p25_b0p05__wd1e-04trmiss0_degmodglobal,14,0.5799944996833801,0.70216965675354,0.4444444444444444,0.7691188441188441,0.38461538461538464,0.0,0.5358718484640121,0.5645469427108765,0.040925925597548485,0.10432138852775097,0.0,0.0,0.0,0.0,0.0,18473,global,0.0
1,3,lr1e-04_bs16_drop0p2_temp1p0_a0p25_b0p05__wd1e-04trmiss0_degmodglobal,16,0.0001,0.0001,0.2,1.0,0.25,0.05,lr1e-04_bs16_drop0p2_temp1p0_a0p25_b0p05__wd1e-04trmiss0_degmodglobal,15,0.5691189020872116,0.7028317451477051,0.4444444444444444,0.7691188441188441,0.3076923076923077,0.0,0.5438723936676979,0.5577597469091415,0.03087672498077154,0.07279961183667183,0.0,0.0,0.0,0.0,0.0,18473,global,0.0
1,3,lr1e-04_bs16_drop0p2_temp1p0_a0p25_b0p05__wd1e-04trmiss0_degmodglobal,16,0.0001,0.0001,0.2,1.0,0.25,0.05,lr1e-04_bs16_drop0p2_temp1p0_a0p25_b0p05__wd1e-04trmiss0_degmodglobal,16,0.5543864369392395,0.7134591937065125,0.3888888888888889,0.7546407296407298,0.38461538461538464,0.0,0.520764671266079,0.5398368090391159,0.03903635870665312,0.09581085667014122,0.0,0.0,0.0,0.0,0.0,18473,global,0.0
1,3,lr1e-04_bs16_drop0p2_temp1p0_a0p25_b0p05__wd1e-04trmiss0_degmodglobal,16,0.0001,0.0001,0.2,1.0,0.25,0.05,lr1e-04_bs16_drop0p2_temp1p0_a0p25_b0p05__wd1e-04trmiss0_degmodglobal,17,0.5790654718875885,0.713895320892334,0.41666666666666663,0.7620481370481371,0.38461538461538464,0.0,0.523509293794632,0.5638887137174606,0.038317862432450056,0.11194582562893629,0.0,0.0,0.0,0.0,0.0,18473,global,0.0
1,3,lr1e-04_bs16_drop0p2_temp1p0_a0p25_b0p05__wd1e-04trmiss0_degmodglobal,16,0.0001,0.0001,0.2,1.0,0.25,0.05,lr1e-04_bs16_drop0p2_temp1p0_a0p25_b0p05__wd1e-04trmiss0_degmodglobal,18,0.552422970533371,0.695192813873291,0.6111111111111112,0.838827838827839,0.6153846153846154,0.0,0.5065275281667709,0.5416009277105331,0.03170846775174141,0.0578984497115016,0.0,0.0,0.0,0.0,0.0,18473,global,0.0
1,3,lr1e-04_bs16_drop0p2_temp1p0_a0p25_b0p05__wd1e-04trmiss0_degmodglobal,16,0.0001,0.0001,0.2,1.0,0.25,0.05,lr1e-04_bs16_drop0p2_temp1p0_a0p25_b0p05__wd1e-04trmiss0_degmodglobal,19,0.5396428257226944,0.6962088942527771,0.5555555555555556,0.8176638176638178,0.6153846153846154,0.0,0.5059828460216522,0.5270175635814667,0.03332209587097168,0.08589432202279568,0.0,0.0,0.0,0.0,0.0,18473,global,0.0
1,3,lr1e-04_bs16_drop0p2_temp1p0_a0p25_b0p05__wd1e-04trmiss0_degmodglobal,16,0.0001,0.0001,0.2,1.0,0.25,0.05,lr1e-04_bs16_drop0p2_temp1p0_a0p25_b0p05__wd1e-04trmiss0_degmodglobal,20,0.5407470166683197,0.7013974189758301,0.5277777777777778,0.8044363044363045,0.5384615384615384,0.0,0.5114333480596542,0.527196004986763,0.04158574156463146,0.0630912808701396,0.0,0.0,0.0,0.0,0.0,18473,global,0.0
1,3,lr1e-04_bs16_drop0p2_temp1p0_a0p25_b0p05__wd1e-04trmiss0_degmodglobal,16,0.0001,0.0001,0.2,1.0,0.25,0.05,lr1e-04_bs16_drop0p2_temp1p0_a0p25_b0p05__wd1e-04trmiss0_degmodglobal,21,0.5367686003446579,0.6987242102622986,0.5833333333333334,0.8269230769230771,0.5384615384615384,0.0,0.5189330205321312,0.5246645659208298,0.034653366543352604,0.06881400384008884,0.0,0.0,0.0,0.0,0.0,18473,global,0.0
1,3,lr1e-04_bs16_drop0p2_temp1p0_a0p25_b0p05__wd1e-04trmiss0_degmodglobal,16,0.0001,0.0001,0.2,1.0,0.25,0.05,lr1e-04_bs16_drop0p2_temp1p0_a0p25_b0p05__wd1e-04trmiss0_degmodglobal,22,0.5451726913452148,0.7043579816818237,0.4722222222222222,0.7797008547008548,0.38461538461538464,0.0,0.5332226008176804,0.532506562769413,0.03491243626922369,0.07876038085669279,0.0,0.0,0.0,0.0,0.0,18473,global,0.0
1,3,lr1e-04_bs16_drop0p2_temp1p0_a0p25_b0p05__wd1e-04trmiss0_degmodglobal,16,0.0001,0.0001,0.2,1.0,0.25,0.05,lr1e-04_bs16_drop0p2_temp1p0_a0p25_b0p05__wd1e-04trmiss0_degmodglobal,23,0.5158943384885788,0.7026553750038147,0.5,0.7896214896214897,0.38461538461538464,0.0,0.5096635967493057,0.5018528178334236,0.03963057044893503,0.08267769683152437,0.0,0.0,0.0,0.0,0.0,18473,global,0.0
1,3,lr1e-04_bs16_drop0p2_temp1p0_a0p25_b0p05__wd1e-04trmiss0_degmodglobal,16,0.0001,0.0001,0.2,1.0,0.25,0.05,lr1e-04_bs16_drop0p2_temp1p0_a0p25_b0p05__wd1e-04trmiss0_degmodglobal,24,0.5588825792074203,0.6928640007972717,0.5555555555555556,0.8136955636955638,0.46153846153846156,0.0,0.5489920824766159,0.5456578880548477,0.040251164231449366,0.06323795486241579,0.0,0.0,0.0,0.0,0.0,18473,global,0.0
1,3,lr1e-04_bs16_drop0p2_temp1p0_a0p25_b0p05__wd1e-04trmiss0_degmodglobal,16,0.0001,0.0001,0.2,1.0,0.25,0.05,lr1e-04_bs16_drop0p2_temp1p0_a0p25_b0p05__wd1e-04trmiss0_degmodglobal,25,0.5326789319515228,0.6936770677566528,0.5833333333333334,0.811050061050061,0.5384615384615384,0.0,0.49012375622987747,0.515070728957653,0.04751977138221264,0.11456522159278393,0.0,0.0,0.0,0.0,0.0,18473,global,0.0
1,3,lr1e-04_bs16_drop0p2_temp1p0_a0p25_b0p05__wd1e-04trmiss0_degmodglobal,16,0.0001,0.0001,0.2,1.0,0.25,0.05,lr1e-04_bs16_drop0p2_temp1p0_a0p25_b0p05__wd1e-04trmiss0_degmodglobal,26,0.5681067556142807,0.697344958782196,0.6111111111111112,0.819692036358703,0.46153846153846156,0.0,0.5262219309806824,0.552996426820755,0.042178512550890446,0.09131399728357792,0.0,0.0,0.0,0.0,0.0,18473,global,0.0
1,3,lr1e-04_bs16_drop0p2_temp1p0_a0p25_b0p05__wd1e-04trmiss0_degmodglobal,16,0.0001,0.0001,0.2,1.0,0.25,0.05,lr1e-04_bs16_drop0p2_temp1p0_a0p25_b0p05__wd1e-04trmiss0_degmodglobal,27,0.5369494706392288,0.6958892941474915,0.6111111111111112,0.819692036358703,0.5384615384615384,0.0,0.48652320355176926,0.522389680147171,0.04337495286017656,0.07432106044143438,0.0,0.0,0.0,0.0,0.0,18473,global,0.0
1,3,lr1e-04_bs16_drop0p2_temp1p0_a0p25_b0p05__wd1e-04trmiss0_degmodglobal,16,0.0001,0.0001,0.2,1.0,0.25,0.05,lr1e-04_bs16_drop0p2_temp1p0_a0p25_b0p05__wd1e-04trmiss0_degmodglobal,28,0.5222413241863251,0.6946659088134766,0.5833333333333334,0.8077872744539412,0.6153846153846154,0.0,0.4925907552242279,0.510218545794487,0.038507680874317884,0.047917481046169996,0.0,0.0,0.0,0.0,0.0,18473,global,0.0
1,3,lr1e-04_bs16_drop0p2_temp1p0_a0p25_b0p05__wd1e-04trmiss0_degmodglobal,16,0.0001,0.0001,0.2,1.0,0.25,0.05,lr1e-04_bs16_drop0p2_temp1p0_a0p25_b0p05__wd1e-04trmiss0_degmodglobal,29,0.5256640240550041,0.7018827795982361,0.5277777777777778,0.7859177859177859,0.46153846153846156,0.0,0.4744482710957527,0.5080700442194939,0.049491479992866516,0.10442208126187325,0.0,0.0,0.0,0.0,0.0,18473,global,0.0
1,3,lr1e-04_bs16_drop0p2_temp1p0_a0p25_b0p05__wd1e-04trmiss0_degmodglobal,16,0.0001,0.0001,0.2,1.0,0.25,0.05,lr1e-04_bs16_drop0p2_temp1p0_a0p25_b0p05__wd1e-04trmiss0_degmodglobal,30,0.5577132850885391,0.7029620409011841,0.5555555555555556,0.7991452991452992,0.46153846153846156,0.0,0.49247226119041443,0.5376230850815773,0.050308884121477604,0.15025916323065758,0.0,0.0,0.0,0.0,0.0,18473,global,0.0
1,3,lr1e-04_bs16_drop0p2_temp1p0_a0p25_b0p05__wd1e-04trmiss0_degmodglobal,16,0.0001,0.0001,0.2,1.0,0.25,0.05,lr1e-04_bs16_drop0p2_temp1p0_a0p25_b0p05__wd1e-04trmiss0_degmodglobal,31,0.5377623587846756,0.69533371925354,0.638888888888889,0.8304945054945057,0.5384615384615384,0.0,0.4979063421487808,0.5215404182672501,0.04143942799419165,0.11724215745925903,0.0,0.0,0.0,0.0,0.0,18473,global,0.0
1,3,lr1e-04_bs16_drop0p2_temp1p0_a0p25_b0p05__wd1e-04trmiss0_degmodglobal,16,0.0001,0.0001,0.2,1.0,0.25,0.05,lr1e-04_bs16_drop0p2_temp1p0_a0p25_b0p05__wd1e-04trmiss0_degmodglobal,32,0.53337761759758,0.6923096179962158,0.638888888888889,0.8304945054945057,0.6153846153846154,0.0,0.5149839445948601,0.5154083743691444,0.048246586695313454,0.11815207730978727,0.0,0.0,0.0,0.0,0.0,18473,global,0.0
1,3,lr1e-04_bs16_drop0p2_temp1p0_a0p25_b0p05__wd1e-04trmiss0_degmodglobal,16,0.0001,0.0001,0.2,1.0,0.25,0.05,lr1e-04_bs16_drop0p2_temp1p0_a0p25_b0p05__wd1e-04trmiss0_degmodglobal,33,0.4993436262011528,0.6983317732810974,0.5833333333333334,0.8077872744539412,0.46153846153846156,0.0,0.4854203462600708,0.4880504459142685,0.03055626153945923,0.07308226823806763,0.0,0.0,0.0,0.0,0.0,18473,global,0.0
1,3,lr1e-04_bs16_drop0p2_temp2p0_a0p25_b0p05__wd1e-04trmiss0_degmodglobal,16,0.0001,0.0001,0.2,2.0,0.25,0.05,lr1e-04_bs16_drop0p2_temp2p0_a0p25_b0p05__wd1e-04trmiss0_degmodglobal,1,0.7827371954917908,0.6929522752761841,0.5833333333333333,0.7752525252525253,0.5384615384615384,0.0,0.6733059883117676,0.7505192160606384,0.08587775658816099,0.2149706967175007,0.0,0.0,0.0,0.0,0.0,18473,global,0.0
1,3,lr1e-04_bs16_drop0p2_temp2p0_a0p25_b0p05__wd1e-04trmiss0_degmodglobal,16,0.0001,0.0001,0.2,2.0,0.25,0.05,lr1e-04_bs16_drop0p2_temp2p0_a0p25_b0p05__wd1e-04trmiss0_degmodglobal,2,0.6896373480558395,0.6957220435142517,0.6388888888888888,0.7957992624659291,0.38461538461538464,0.0,0.6614038199186325,0.6727900803089142,0.05026058852672577,0.08564277924597263,0.0,0.0,0.0,0.0,0.0,18473,global,0.0
1,3,lr1e-04_bs16_drop0p2_temp2p0_a0p25_b0p05__wd1e-04trmiss0_degmodglobal,16,0.0001,0.0001,0.2,2.0,0.25,0.05,lr1e-04_bs16_drop0p2_temp2p0_a0p25_b0p05__wd1e-04trmiss0_degmodglobal,3,0.6914412975311279,0.7011618614196777,0.6666666666666666,0.8038800705467373,0.38461538461538464,0.0,0.6579910218715668,0.6759762465953827,0.04708881862461567,0.07385686412453651,0.0,0.0,0.0,0.0,0.0,18473,global,0.0
1,3,lr1e-04_bs16_drop0p2_temp2p0_a0p25_b0p05__wd1e-04trmiss0_degmodglobal,16,0.0001,0.0001,0.2,2.0,0.25,0.05,lr1e-04_bs16_drop0p2_temp2p0_a0p25_b0p05__wd1e-04trmiss0_degmodglobal,4,0.6894915550947189,0.7071430683135986,0.6944444444444444,0.8146825396825397,0.3076923076923077,0.0,0.6476569920778275,0.6731515526771545,0.04974979255348444,0.07805107906460762,0.0,0.0,0.0,0.0,0.0,18473,global,0.0
1,3,lr1e-04_bs16_drop0p2_temp2p0_a0p25_b0p05__wd1e-04trmiss0_degmodglobal,16,0.0001,0.0001,0.2,2.0,0.25,0.05,lr1e-04_bs16_drop0p2_temp2p0_a0p25_b0p05__wd1e-04trmiss0_degmodglobal,5,0.6602326482534409,0.7020778656005859,0.6388888888888888,0.7919753086419754,0.3076923076923077,0.0,0.6230883151292801,0.6427153944969177,0.054437954910099506,0.07815508265048265,0.0,0.0,0.0,0.0,0.0,18473,global,0.0
1,3,lr1e-04_bs16_drop0p2_temp2p0_a0p25_b0p05__wd1e-04trmiss0_degmodglobal,16,0.0001,0.0001,0.2,2.0,0.25,0.05,lr1e-04_bs16_drop0p2_temp2p0_a0p25_b0p05__wd1e-04trmiss0_degmodglobal,6,0.6879141628742218,0.7054495215415955,0.6111111111111112,0.7787477954144622,0.3076923076923077,0.0,0.6116280406713486,0.6685126274824142,0.05527996085584164,0.1116312388330698,0.0,0.0,0.0,0.0,0.0,18473,global,0.0
1,3,lr1e-04_bs16_drop0p2_temp2p0_a0p25_b0p05__wd1e-04trmiss0_degmodglobal,16,0.0001,0.0001,0.2,2.0,0.25,0.05,lr1e-04_bs16_drop0p2_temp2p0_a0p25_b0p05__wd1e-04trmiss0_degmodglobal,7,0.6404140889644623,0.7043061256408691,0.49999999999999994,0.7327752494419162,0.38461538461538464,0.0,0.6459966599941254,0.6217229515314102,0.05314788036048412,0.1080831028521061,0.0,0.0,0.0,0.0,0.0,18473,global,0.0
1,3,lr1e-04_bs16_drop0p2_temp2p0_a0p25_b0p05__wd1e-04trmiss0_degmodglobal,16,0.0001,0.0001,0.2,2.0,0.25,0.05,lr1e-04_bs16_drop0p2_temp2p0_a0p25_b0p05__wd1e-04trmiss0_degmodglobal,8,0.6680487841367722,0.7097621560096741,0.5,0.7630782797449465,0.38461538461538464,0.0,0.6406874507665634,0.6518538892269135,0.050925401505082846,0.06927033606916666,0.0,0.0,0.0,0.0,0.0,18473,global,0.0
1,3,lr1e-04_bs16_drop0p2_temp2p0_a0p25_b0p05__wd1e-04trmiss0_degmodglobal,16,0.0001,0.0001,0.2,2.0,0.25,0.05,lr1e-04_bs16_drop0p2_temp2p0_a0p25_b0p05__wd1e-04trmiss0_degmodglobal,9,0.6442427933216095,0.7087982296943665,0.4722222222222222,0.7544363044363045,0.38461538461538464,0.0,0.6075747460126877,0.6254806965589523,0.05441541504114866,0.10316462256014347,0.0,0.0,0.0,0.0,0.0,18473,global,0.0
1,3,lr1e-04_bs16_drop0p2_temp2p0_a0p25_b0p05__wd1e-04trmiss0_degmodglobal,16,0.0001,0.0001,0.2,2.0,0.25,0.05,lr1e-04_bs16_drop0p2_temp2p0_a0p25_b0p05__wd1e-04trmiss0_degmodglobal,10,0.6331251561641693,0.7121034860610962,0.49999999999999994,0.7611703111703112,0.38461538461538464,0.0,0.6051847040653229,0.6205039173364639,0.041497454047203064,0.0449374346062541,0.0,0.0,0.0,0.0,0.0,18473,global,0.0
1,3,lr1e-04_bs16_drop0p2_temp2p0_a0p25_b0p05__wd1e-04trmiss0_degmodglobal,16,0.0001,0.0001,0.2,2.0,0.25,0.05,lr1e-04_bs16_drop0p2_temp2p0_a0p25_b0p05__wd1e-04trmiss0_degmodglobal,11,0.6247694343328476,0.7128473520278931,0.5277777777777778,0.7778369778369778,0.38461538461538464,0.0,0.5972041487693787,0.6121010184288025,0.03797742212191224,0.06348079070448875,0.0,0.0,0.0,0.0,0.0,18473,global,0.0
1,3,lr1e-04_bs16_drop0p2_temp2p0_a0p25_b0p05__wd1e-04trmiss0_degmodglobal,16,0.0001,0.0001,0.2,2.0,0.25,0.05,lr1e-04_bs16_drop0p2_temp2p0_a0p25_b0p05__wd1e-04trmiss0_degmodglobal,12,0.6262386292219162,0.7056689262390137,0.5555555555555556,0.7926517926517926,0.38461538461538464,0.0,0.5811408311128616,0.6081337034702301,0.0520169073715806,0.10201428085565567,0.0,0.0,0.0,0.0,0.0,18473,global,0.0
1,3,lr1e-04_bs16_drop0p2_temp2p0_a0p25_b0p05__wd1e-04trmiss0_degmodglobal,16,0.0001,0.0001,0.2,2.0,0.25,0.05,lr1e-04_bs16_drop0p2_temp2p0_a0p25_b0p05__wd1e-04trmiss0_degmodglobal,13,0.6187115162611008,0.7023215889930725,0.5,0.7788470788470789,0.5384615384615384,0.0,0.5890069305896759,0.6007141023874283,0.05052790138870478,0.10730852000415325,0.0,0.0,0.0,0.0,0.0,18473,global,0.0
1,3,lr1e-04_bs16_drop0p2_temp2p0_a0p25_b0p05__wd1e-04trmiss0_degmodglobal,16,0.0001,0.0001,0.2,2.0,0.25,0.05,lr1e-04_bs16_drop0p2_temp2p0_a0p25_b0p05__wd1e-04trmiss0_degmodglobal,14,0.6087422519922256,0.7023761868476868,0.5,0.7788470788470789,0.5384615384615384,0.0,0.5657907128334045,0.5911244601011276,0.05229895655065775,0.09086108580231667,0.0,0.0,0.0,0.0,0.0,18473,global,0.0
1,3,lr1e-04_bs16_drop0p2_temp2p0_a0p25_b0p05__wd1e-04trmiss0_degmodglobal,16,0.0001,0.0001,0.2,2.0,0.25,0.05,lr1e-04_bs16_drop0p2_temp2p0_a0p25_b0p05__wd1e-04trmiss0_degmodglobal,15,0.5974454134702682,0.7110103964805603,0.5555555555555556,0.7991452991452992,0.5384615384615384,0.0,0.5541130602359772,0.5786526799201965,0.057840222492814064,0.08665316738188267,0.0,0.0,0.0,0.0,0.0,18473,global,0.0
1,3,lr1e-04_bs16_drop0p2_temp2p0_a0p25_b0p05__wd1e-04trmiss0_degmodglobal,16,0.0001,0.0001,0.2,2.0,0.25,0.05,lr1e-04_bs16_drop0p2_temp2p0_a0p25_b0p05__wd1e-04trmiss0_degmodglobal,16,0.610715851187706,0.7151052355766296,0.5277777777777778,0.7621082621082622,0.46153846153846156,0.0,0.5566012263298035,0.5880171656608582,0.06487636175006628,0.1295911855995655,0.0,0.0,0.0,0.0,0.0,18473,global,0.0
1,3,lr1e-04_bs16_drop0p2_temp2p0_a0p25_b0p05__wd1e-04trmiss0_degmodglobal,16,0.0001,0.0001,0.2,2.0,0.25,0.05,lr1e-04_bs16_drop0p2_temp2p0_a0p25_b0p05__wd1e-04trmiss0_degmodglobal,17,0.617717832326889,0.717759370803833,0.5277777777777778,0.7621082621082622,0.46153846153846156,0.0,0.5801724195480347,0.5971755087375641,0.06231834180653095,0.09925445914268494,0.0,0.0,0.0,0.0,0.0,18473,global,0.0
1,3,lr1e-04_bs16_drop0p2_temp2p0_a0p25_b0p05__wd1e-04trmiss0_degmodglobal,16,0.0001,0.0001,0.2,2.0,0.25,0.05,lr1e-04_bs16_drop0p2_temp2p0_a0p25_b0p05__wd1e-04trmiss0_degmodglobal,18,0.5918217897415161,0.7164430022239685,0.5277777777777778,0.7621082621082622,0.46153846153846156,0.0,0.5490130484104156,0.5680790916085243,0.06761188711971045,0.13679474126547575,0.0,0.0,0.0,0.0,0.0,18473,global,0.0
1,3,lr1e-04_bs16_drop0p2_temp2p0_a0p25_b0p05__wd1e-04trmiss0_degmodglobal,16,0.0001,0.0001,0.2,2.0,0.25,0.05,lr1e-04_bs16_drop0p2_temp2p0_a0p25_b0p05__wd1e-04trmiss0_degmodglobal,19,0.5959755629301071,0.7196257710456848,0.5277777777777778,0.7621082621082622,0.46153846153846156,0.0,0.5830979198217392,0.5788404792547226,0.052207536064088345,0.08166353031992912,0.0,0.0,0.0,0.0,0.0,18473,global,0.0
1,3,lr1e-04_bs16_drop0p2_temp2p0_a0p25_b0p05__wd1e-04trmiss0_degmodglobal,16,0.0001,0.0001,0.2,2.0,0.25,0.05,lr1e-04_bs16_drop0p2_temp2p0_a0p25_b0p05__wd1e-04trmiss0_degmodglobal,20,0.6092051565647125,0.723266065120697,0.4722222222222222,0.7695878195878196,0.46153846153846156,0.0,0.5505715757608414,0.5881001353263855,0.06216196250170469,0.11129080783575773,0.0,0.0,0.0,0.0,0.0,18473,global,0.0
1,3,lr1e-04_bs16_drop0p2_temp2p0_a0p25_b0p05__wd1e-04trmiss0_degmodglobal,16,0.0001,0.0001,0.2,2.0,0.25,0.05,lr1e-04_bs16_drop0p2_temp2p0_a0p25_b0p05__wd1e-04trmiss0_degmodglobal,21,0.600131094455719,0.720295250415802,0.4722222222222222,0.7695878195878196,0.46153846153846156,0.0,0.5407731980085373,0.5729637891054153,0.07532959617674351,0.16669783741235733,0.0,0.0,0.0,0.0,0.0,18473,global,0.0
1,3,lr1e-04_bs16_drop0p2_temp2p0_a0p25_b0p05__wd1e-04trmiss0_degmodglobal,16,0.0001,0.0001,0.2,2.0,0.25,0.05,lr1e-04_bs16_drop0p2_temp2p0_a0p25_b0p05__wd1e-04trmiss0_degmodglobal,22,0.6017684638500214,0.7114613056182861,0.5277777777777778,0.7920745920745922,0.5384615384615384,0.0,0.5388260707259178,0.5707111358642578,0.09313426725566387,0.15547544695436954,0.0,0.0,0.0,0.0,0.0,18473,global,0.0
1,3,lr1e-04_bs16_drop0p2_temp2p0_a0p25_b0p05__wd1e-04trmiss0_degmodglobal,16,0.0001,0.0001,0.2,2.0,0.25,0.05,lr1e-04_bs16_drop0p2_temp2p0_a0p25_b0p05__wd1e-04trmiss0_degmodglobal,23,0.6581685245037079,0.7175463438034058,0.5277777777777778,0.7920745920745922,0.5384615384615384,0.0,0.6007489264011383,0.6307610422372818,0.0779192540794611,0.15855343639850616,0.0,0.0,0.0,0.0,0.0,18473,global,0.0
1,3,lr1e-04_bs16_drop0p2_temp2p0_a0p25_b0p05__wd1e-04trmiss0_degmodglobal,16,0.0001,0.0001,0.2,2.0,0.25,0.05,lr1e-04_bs16_drop0p2_temp2p0_a0p25_b0p05__wd1e-04trmiss0_degmodglobal,24,0.6352879703044891,0.7260010242462158,0.5277777777777778,0.7920745920745922,0.46153846153846156,0.0,0.5894992649555206,0.607428178191185,0.08004192262887955,0.15698625519871712,0.0,0.0,0.0,0.0,0.0,18473,global,0.0
1,3,lr1e-04_bs16_drop0p2_temp2p0_a0p25_b0p05__wd1e-04trmiss0_degmodglobal,16,0.0001,0.0001,0.2,2.0,0.25,0.05,lr1e-04_bs16_drop0p2_temp2p0_a0p25_b0p05__wd1e-04trmiss0_degmodglobal,25,0.6162192821502686,0.7238840460777283,0.5277777777777778,0.7920745920745922,0.46153846153846156,0.0,0.565686509013176,0.5866816192865372,0.08776040747761726,0.15195093676447868,0.0,0.0,0.0,0.0,0.0,18473,global,0.0
1,3,lr1e-04_bs16_drop0p4_temp1p0_a0p25_b0p05__wd1e-04trmiss0_degmodglobal,16,0.0001,0.0001,0.4,1.0,0.25,0.05,lr1e-04_bs16_drop0p4_temp1p0_a0p25_b0p05__wd1e-04trmiss0_degmodglobal,1,0.7765344530344009,0.7112919092178345,0.5277777777777778,0.7064694564694565,0.23076923076923078,0.0,0.6802901774644852,0.7556811571121216,0.04579885955899954,0.1880712229758501,0.0,0.0,0.0,0.0,0.0,18473,global,0.0
1,3,lr1e-04_bs16_drop0p4_temp1p0_a0p25_b0p05__wd1e-04trmiss0_degmodglobal,16,0.0001,0.0001,0.4,1.0,0.25,0.05,lr1e-04_bs16_drop0p4_temp1p0_a0p25_b0p05__wd1e-04trmiss0_degmodglobal,2,0.7545268386602402,0.7145651578903198,0.5833333333333334,0.7283389450056118,0.3076923076923077,0.0,0.6419214755296707,0.7341664433479309,0.045079223811626434,0.18181202560663223,0.0,0.0,0.0,0.0,0.0,18473,global,0.0
1,3,lr1e-04_bs16_drop0p4_temp1p0_a0p25_b0p05__wd1e-04trmiss0_degmodglobal,16,0.0001,0.0001,0.4,1.0,0.25,0.05,lr1e-04_bs16_drop0p4_temp1p0_a0p25_b0p05__wd1e-04trmiss0_degmodglobal,3,0.7156654447317123,0.7128275632858276,0.5,0.6916546416546417,0.38461538461538464,0.0,0.652149885892868,0.6923865526914597,0.05050413403660059,0.21305733174085617,0.0,0.0,0.0,0.0,0.0,18473,global,0.0
1,3,lr1e-04_bs16_drop0p4_temp1p0_a0p25_b0p05__wd1e-04trmiss0_degmodglobal,16,0.0001,0.0001,0.4,1.0,0.25,0.05,lr1e-04_bs16_drop0p4_temp1p0_a0p25_b0p05__wd1e-04trmiss0_degmodglobal,4,0.7003816813230515,0.7199547290802002,0.4722222222222222,0.6651114317780985,0.38461538461538464,0.0,0.5931563526391983,0.6766777038574219,0.051366230472922325,0.2172488598152995,0.0,0.0,0.0,0.0,0.0,18473,global,0.0
1,3,lr1e-04_bs16_drop0p4_temp1p0_a0p25_b0p05__wd1e-04trmiss0_degmodglobal,16,0.0001,0.0001,0.4,1.0,0.25,0.05,lr1e-04_bs16_drop0p4_temp1p0_a0p25_b0p05__wd1e-04trmiss0_degmodglobal,5,0.6388513594865799,0.7178362607955933,0.4444444444444444,0.6564694564694565,0.38461538461538464,0.0,0.5890499949455261,0.6197172999382019,0.04226825758814812,0.17134004086256027,0.0,0.0,0.0,0.0,0.0,18473,global,0.0
1,3,lr1e-04_bs16_drop0p4_temp1p0_a0p25_b0p05__wd1e-04trmiss0_degmodglobal,16,0.0001,0.0001,0.4,1.0,0.25,0.05,lr1e-04_bs16_drop0p4_temp1p0_a0p25_b0p05__wd1e-04trmiss0_degmodglobal,6,0.6469593793153763,0.713049054145813,0.5,0.683629950296617,0.38461538461538464,0.0,0.5971170961856842,0.6197864562273026,0.0639759860932827,0.2235788106918335,0.0,0.0,0.0,0.0,0.0,18473,global,0.0
1,3,lr1e-04_bs16_drop0p4_temp1p0_a0p25_b0p05__wd1e-04trmiss0_degmodglobal,16,0.0001,0.0001,0.4,1.0,0.25,0.05,lr1e-04_bs16_drop0p4_temp1p0_a0p25_b0p05__wd1e-04trmiss0_degmodglobal,7,0.6325086355209351,0.7084078192710876,0.5555555555555556,0.7762225428892096,0.38461538461538464,0.0,0.5685429573059082,0.6039618402719498,0.06586553156375885,0.24160855636000633,0.0,0.0,0.0,0.0,0.0,18473,global,0.0
1,3,lr1e-04_bs16_drop0p4_temp1p0_a0p25_b0p05__wd1e-04trmiss0_degmodglobal,16,0.0001,0.0001,0.4,1.0,0.25,0.05,lr1e-04_bs16_drop0p4_temp1p0_a0p25_b0p05__wd1e-04trmiss0_degmodglobal,8,0.6506222039461136,0.7059493064880371,0.5555555555555556,0.7762225428892096,0.38461538461538464,0.0,0.5650360286235809,0.6254093050956726,0.05763164348900318,0.21609965711832047,0.0,0.0,0.0,0.0,0.0,18473,global,0.0
1,3,lr1e-04_bs16_drop0p4_temp1p0_a0p25_b0p05__wd1e-04trmiss0_degmodglobal,16,0.0001,0.0001,0.4,1.0,0.25,0.05,lr1e-04_bs16_drop0p4_temp1p0_a0p25_b0p05__wd1e-04trmiss0_degmodglobal,9,0.6748045086860657,0.7043538093566895,0.5555555555555556,0.7558521725188392,0.46153846153846156,0.0,0.5898568481206894,0.654075562953949,0.052171978168189526,0.1537193525582552,0.0,0.0,0.0,0.0,0.0,18473,global,0.0
1,3,lr1e-04_bs16_drop0p4_temp1p0_a0p25_b0p05__wd1e-04trmiss0_degmodglobal,16,0.0001,0.0001,0.4,1.0,0.25,0.05,lr1e-04_bs16_drop0p4_temp1p0_a0p25_b0p05__wd1e-04trmiss0_degmodglobal,10,0.6341058164834976,0.7047147750854492,0.5555555555555556,0.7472663139329807,0.38461538461538464,0.0,0.5585220009088516,0.607280820608139,0.06394732277840376,0.21676306799054146,0.0,0.0,0.0,0.0,0.0,18473,global,0.0
1,3,lr1e-04_bs16_drop0p4_temp1p0_a0p25_b0p05__wd1e-04trmiss0_degmodglobal,16,0.0001,0.0001,0.4,1.0,0.25,0.05,lr1e-04_bs16_drop0p4_temp1p0_a0p25_b0p05__wd1e-04trmiss0_degmodglobal,11,0.6213242411613464,0.6958492398262024,0.6111111111111112,0.7918791085457753,0.46153846153846156,0.0,0.5752747058868408,0.5949053168296814,0.06673900317400694,0.19468317553400993,0.0,0.0,0.0,0.0,0.0,18473,global,0.0
1,3,lr1e-04_bs16_drop0p4_temp1p0_a0p25_b0p05__wd1e-04trmiss0_degmodglobal,16,0.0001,0.0001,0.4,1.0,0.25,0.05,lr1e-04_bs16_drop0p4_temp1p0_a0p25_b0p05__wd1e-04trmiss0_degmodglobal,12,0.635736957192421,0.6914891600608826,0.6388888888888888,0.8085457752124419,0.46153846153846156,0.0,0.5502026826143265,0.6051343977451324,0.07623706944286823,0.23086600750684738,0.0,0.0,0.0,0.0,0.0,18473,global,0.0
1,3,lr1e-04_bs16_drop0p4_temp1p0_a0p25_b0p05__wd1e-04trmiss0_degmodglobal,16,0.0001,0.0001,0.4,1.0,0.25,0.05,lr1e-04_bs16_drop0p4_temp1p0_a0p25_b0p05__wd1e-04trmiss0_degmodglobal,13,0.6172000467777252,0.6939431428909302,0.6666666666666666,0.8363235529902198,0.46153846153846156,0.0,0.5406916737556458,0.5865470916032791,0.07851310446858406,0.22049380093812943,0.0,0.0,0.0,0.0,0.0,18473,global,0.0
1,3,lr1e-04_bs16_drop0p4_temp1p0_a0p25_b0p05__wd1e-04trmiss0_degmodglobal,16,0.0001,0.0001,0.4,1.0,0.25,0.05,lr1e-04_bs16_drop0p4_temp1p0_a0p25_b0p05__wd1e-04trmiss0_degmodglobal,14,0.6466396749019623,0.6958869099617004,0.6666666666666666,0.8363235529902198,0.46153846153846156,0.0,0.5626796185970306,0.6145347505807877,0.08003551419824362,0.24192102812230587,0.0,0.0,0.0,0.0,0.0,18473,global,0.0
1,3,lr1e-04_bs16_drop0p4_temp1p0_a0p25_b0p05__wd1e-04trmiss0_degmodglobal,16,0.0001,0.0001,0.4,1.0,0.25,0.05,lr1e-04_bs16_drop0p4_temp1p0_a0p25_b0p05__wd1e-04trmiss0_degmodglobal,15,0.5874526351690292,0.7007671594619751,0.6111111111111112,0.7715087381754049,0.46153846153846156,0.0,0.5333352759480476,0.5632839053869247,0.06458375882357359,0.16045556217432022,0.0,0.0,0.0,0.0,0.0,18473,global,0.0
1,3,lr1e-04_bs16_drop0p4_temp1p0_a0p25_b0p05__wd1e-04trmiss0_degmodglobal,16,0.0001,0.0001,0.4,1.0,0.25,0.05,lr1e-04_bs16_drop0p4_temp1p0_a0p25_b0p05__wd1e-04trmiss0_degmodglobal,16,0.6266676485538483,0.6988806128501892,0.6388888888888888,0.8085457752124419,0.46153846153846156,0.0,0.5361718684434891,0.6033485531806946,0.05211458774283528,0.20580899715423584,0.0,0.0,0.0,0.0,0.0,18473,global,0.0
1,3,lr1e-04_bs16_drop0p4_temp1p0_a0p25_b0p05__wd1e-04trmiss0_degmodglobal,16,0.0001,0.0001,0.4,1.0,0.25,0.05,lr1e-04_bs16_drop0p4_temp1p0_a0p25_b0p05__wd1e-04trmiss0_degmodglobal,17,0.6609055250883102,0.699331521987915,0.7222222222222222,0.8733605900272567,0.5384615384615384,0.0,0.5309704318642616,0.6292140930891037,0.07226246409118176,0.272516455501318,0.0,0.0,0.0,0.0,0.0,18473,global,0.0
1,3,lr1e-04_bs16_drop0p4_temp1p0_a0p25_b0p05__wd1e-04trmiss0_degmodglobal,16,0.0001,0.0001,0.4,1.0,0.25,0.05,lr1e-04_bs16_drop0p4_temp1p0_a0p25_b0p05__wd1e-04trmiss0_degmodglobal,18,0.6353206634521484,0.6944881677627563,0.6944444444444444,0.8511383678050346,0.5384615384615384,0.0,0.5093770921230316,0.609682708978653,0.06051295902580023,0.21019398048520088,0.0,0.0,0.0,0.0,0.0,18473,global,0.0
1,3,lr1e-04_bs16_drop0p4_temp1p0_a0p25_b0p05__wd1e-04trmiss0_degmodglobal,16,0.0001,0.0001,0.4,1.0,0.25,0.05,lr1e-04_bs16_drop0p4_temp1p0_a0p25_b0p05__wd1e-04trmiss0_degmodglobal,19,0.5897539108991623,0.7028860449790955,0.6666666666666666,0.8363235529902198,0.46153846153846156,0.0,0.5250045582652092,0.5655815899372101,0.06025433726608753,0.18217480927705765,0.0,0.0,0.0,0.0,0.0,18473,global,0.0
1,3,lr1e-04_bs16_drop0p4_temp1p0_a0p25_b0p05__wd1e-04trmiss0_degmodglobal,16,0.0001,0.0001,0.4,1.0,0.25,0.05,lr1e-04_bs16_drop0p4_temp1p0_a0p25_b0p05__wd1e-04trmiss0_degmodglobal,20,0.5912948548793793,0.7025692462921143,0.6111111111111112,0.7715087381754049,0.46153846153846156,0.0,0.5121351182460785,0.5634570717811584,0.06439888756722212,0.23476096987724304,0.0,0.0,0.0,0.0,0.0,18473,global,0.0
1,3,lr1e-04_bs16_drop0p4_temp1p0_a0p25_b0p05__wd1e-04trmiss0_degmodglobal,16,0.0001,0.0001,0.4,1.0,0.25,0.05,lr1e-04_bs16_drop0p4_temp1p0_a0p25_b0p05__wd1e-04trmiss0_degmodglobal,21,0.5884821116924286,0.7072422504425049,0.5833333333333334,0.7159531826198493,0.46153846153846156,0.0,0.5161371901631355,0.5584128350019455,0.06795570719987154,0.261607151478529,0.0,0.0,0.0,0.0,0.0,18473,global,0.0
1,3,lr1e-04_bs16_drop0p4_temp1p0_a0p25_b0p05__wd1e-04trmiss0_degmodglobal,16,0.0001,0.0001,0.4,1.0,0.25,0.05,lr1e-04_bs16_drop0p4_temp1p0_a0p25_b0p05__wd1e-04trmiss0_degmodglobal,22,0.5726408213376999,0.7091636657714844,0.5833333333333334,0.7159531826198493,0.46153846153846156,0.0,0.5060524567961693,0.5423001796007156,0.06942223850637674,0.25970178097486496,0.0,0.0,0.0,0.0,0.0,18473,global,0.0
1,3,lr1e-04_bs16_drop0p4_temp1p0_a0p25_b0p05__wd1e-04trmiss0_degmodglobal,16,0.0001,0.0001,0.4,1.0,0.25,0.05,lr1e-04_bs16_drop0p4_temp1p0_a0p25_b0p05__wd1e-04trmiss0_degmodglobal,23,0.6213032305240631,0.7108007669448853,0.6388888888888888,0.7863235529902197,0.46153846153846156,0.0,0.5094503238797188,0.5911911278963089,0.07580605335533619,0.22321199625730515,0.0,0.0,0.0,0.0,0.0,18473,global,0.0
1,3,lr1e-04_bs16_drop0p4_temp1p0_a0p25_b0p05__wd1e-04trmiss0_degmodglobal,16,0.0001,0.0001,0.4,1.0,0.25,0.05,lr1e-04_bs16_drop0p4_temp1p0_a0p25_b0p05__wd1e-04trmiss0_degmodglobal,24,0.5686120539903641,0.7053418755531311,0.6388888888888888,0.7863235529902197,0.46153846153846156,0.0,0.5085910186171532,0.5404141321778297,0.0712602948769927,0.2076569814234972,0.0,0.0,0.0,0.0,0.0,18473,global,0.0
1,3,lr1e-04_bs16_drop0p4_temp1p0_a0p25_b0p05__wd1e-04trmiss0_degmodglobal,16,0.0001,0.0001,0.4,1.0,0.25,0.05,lr1e-04_bs16_drop0p4_temp1p0_a0p25_b0p05__wd1e-04trmiss0_degmodglobal,25,0.5918830335140228,0.7057937979698181,0.6388888888888888,0.7863235529902197,0.46153846153846156,0.0,0.5022173151373863,0.557565301656723,0.07564190309494734,0.3081446886062622,0.0,0.0,0.0,0.0,0.0,18473,global,0.0
1,3,lr1e-04_bs16_drop0p4_temp1p0_a0p25_b0p05__wd1e-04trmiss0_degmodglobal,16,0.0001,0.0001,0.4,1.0,0.25,0.05,lr1e-04_bs16_drop0p4_temp1p0_a0p25_b0p05__wd1e-04trmiss0_degmodglobal,26,0.579838827252388,0.7022995948791504,0.6666666666666666,0.8233605900272567,0.46153846153846156,0.0,0.5111077129840851,0.538209468126297,0.09924604929983616,0.336356557905674,0.0,0.0,0.0,0.0,0.0,18473,global,0.0
1,3,lr1e-04_bs16_drop0p4_temp1p0_a0p25_b0p05__wd1e-04trmiss0_degmodglobal,16,0.0001,0.0001,0.4,1.0,0.25,0.05,lr1e-04_bs16_drop0p4_temp1p0_a0p25_b0p05__wd1e-04trmiss0_degmodglobal,27,0.5884491950273514,0.7057613730430603,0.6388888888888888,0.7863235529902197,0.46153846153846156,0.0,0.4632634073495865,0.5621974766254425,0.058037723414599895,0.23484551161527634,0.0,0.0,0.0,0.0,0.0,18473,global,0.0
1,3,lr1e-04_bs16_drop0p4_temp1p0_a0p25_b0p05__wd1e-04trmiss0_degmodglobal,16,0.0001,0.0001,0.4,1.0,0.25,0.05,lr1e-04_bs16_drop0p4_temp1p0_a0p25_b0p05__wd1e-04trmiss0_degmodglobal,28,0.5938477963209152,0.7076570391654968,0.6111111111111112,0.7307679974346641,0.46153846153846156,0.0,0.4930427372455597,0.5676584094762802,0.0647810772061348,0.19988222233951092,0.0,0.0,0.0,0.0,0.0,18473,global,0.0
1,3,lr1e-04_bs16_drop0p4_temp1p0_a0p25_b0p05__wd1e-04trmiss0_degmodglobal,16,0.0001,0.0001,0.4,1.0,0.25,0.05,lr1e-04_bs16_drop0p4_temp1p0_a0p25_b0p05__wd1e-04trmiss0_degmodglobal,29,0.5683080852031708,0.7061524391174316,0.6111111111111112,0.7307679974346641,0.46153846153846156,0.0,0.49422428756952286,0.5393789261579514,0.06714106630533934,0.24287785962224007,0.0,0.0,0.0,0.0,0.0,18473,global,0.0
1,3,lr1e-04_bs16_drop0p4_temp1p0_a0p25_b0p05__wd1e-04trmiss0_degmodglobal,16,0.0001,0.0001,0.4,1.0,0.25,0.05,lr1e-04_bs16_drop0p4_temp1p0_a0p25_b0p05__wd1e-04trmiss0_degmodglobal,30,0.579030767083168,0.7086233496665955,0.6111111111111112,0.7307679974346641,0.46153846153846156,0.0,0.5041717663407326,0.5500760674476624,0.07215947471559048,0.21829654648900032,0.0,0.0,0.0,0.0,0.0,18473,global,0.0
1,3,lr1e-04_bs16_drop0p4_temp1p0_a0p25_b0p05__wd1e-04trmiss0_degmodglobal,16,0.0001,0.0001,0.4,1.0,0.25,0.05,lr1e-04_bs16_drop0p4_temp1p0_a0p25_b0p05__wd1e-04trmiss0_degmodglobal,31,0.5788291394710541,0.7101750373840332,0.6111111111111112,0.7307679974346641,0.46153846153846156,0.0,0.4699087142944336,0.5410411059856415,0.09519829228520393,0.2797693461179733,0.0,0.0,0.0,0.0,0.0,18473,global,0.0
1,3,lr1e-04_bs16_drop0p4_temp1p0_a0p25_b0p05__wd1e-04trmiss0_degmodglobal,16,0.0001,0.0001,0.4,1.0,0.25,0.05,lr1e-04_bs16_drop0p4_temp1p0_a0p25_b0p05__wd1e-04trmiss0_degmodglobal,32,0.5852449238300323,0.7100323438644409,0.6111111111111112,0.7307679974346641,0.46153846153846156,0.0,0.4775247946381569,0.5544022172689438,0.07517213188111782,0.24099316075444221,0.0,0.0,0.0,0.0,0.0,18473,global,0.0
1,3,lr1e-04_bs16_drop0p4_temp1p0_a0p25_b0p05__wd1e-04trmiss0_degmodglobal,16,0.0001,0.0001,0.4,1.0,0.25,0.05,lr1e-04_bs16_drop0p4_temp1p0_a0p25_b0p05__wd1e-04trmiss0_degmodglobal,33,0.5819563716650009,0.7091823220252991,0.5833333333333334,0.7159531826198493,0.46153846153846156,0.0,0.4691872298717499,0.5478455722332001,0.07576530147343874,0.30338962003588676,0.0,0.0,0.0,0.0,0.0,18473,global,0.0
1,3,lr1e-04_bs16_drop0p4_temp1p0_a0p25_b0p05__wd1e-04trmiss0_degmodglobal,16,0.0001,0.0001,0.4,1.0,0.25,0.05,lr1e-04_bs16_drop0p4_temp1p0_a0p25_b0p05__wd1e-04trmiss0_degmodglobal,34,0.5632819756865501,0.7061637043952942,0.5833333333333334,0.7159531826198493,0.46153846153846156,0.0,0.4506660923361778,0.5304688960313797,0.08176838979125023,0.24741992354393005,0.0,0.0,0.0,0.0,0.0,18473,global,0.0
1,3,lr1e-04_bs16_drop0p4_temp1p0_a0p25_b0p05__wd1e-04trmiss0_degmodglobal,16,0.0001,0.0001,0.4,1.0,0.25,0.05,lr1e-04_bs16_drop0p4_temp1p0_a0p25_b0p05__wd1e-04trmiss0_degmodglobal,35,0.5521062389016151,0.707186222076416,0.6111111111111112,0.7307679974346641,0.46153846153846156,0.0,0.46739234775304794,0.5198177024722099,0.07818526681512594,0.2548447698354721,0.0,0.0,0.0,0.0,0.0,18473,global,0.0
1,3,lr1e-04_bs16_drop0p4_temp1p0_a0p25_b0p05__wd1e-04trmiss0_degmodglobal,16,0.0001,0.0001,0.4,1.0,0.25,0.05,lr1e-04_bs16_drop0p4_temp1p0_a0p25_b0p05__wd1e-04trmiss0_degmodglobal,36,0.5558377355337143,0.705939531326294,0.6111111111111112,0.7307679974346641,0.46153846153846156,0.0,0.46874599903821945,0.5311146453022957,0.06536318361759186,0.16764600202441216,0.0,0.0,0.0,0.0,0.0,18473,global,0.0
1,3,lr1e-04_bs16_drop0p4_temp1p0_a0p25_b0p05__wd1e-04trmiss0_degmodglobal,16,0.0001,0.0001,0.4,1.0,0.25,0.05,lr1e-04_bs16_drop0p4_temp1p0_a0p25_b0p05__wd1e-04trmiss0_degmodglobal,37,0.6386726051568985,0.7123059630393982,0.6666666666666666,0.8233605900272567,0.46153846153846156,0.0,0.49341437965631485,0.5983951985836029,0.09130611084401608,0.34901779890060425,0.0,0.0,0.0,0.0,0.0,18473,global,0.0
1,3,lr1e-04_bs16_drop0p4_temp2p0_a0p25_b0p05__wd1e-04trmiss0_degmodglobal,16,0.0001,0.0001,0.4,2.0,0.25,0.05,lr1e-04_bs16_drop0p4_temp2p0_a0p25_b0p05__wd1e-04trmiss0_degmodglobal,1,0.7056990712881088,0.7101156115531921,0.5833333333333333,0.782654999321666,0.3076923076923077,0.0,0.7053548842668533,0.6930370628833771,0.03561925096437335,0.07514385203830898,0.0,0.0,0.0,0.0,0.0,18473,global,0.0
1,3,lr1e-04_bs16_drop0p4_temp2p0_a0p25_b0p05__wd1e-04trmiss0_degmodglobal,16,0.0001,0.0001,0.4,2.0,0.25,0.05,lr1e-04_bs16_drop0p4_temp2p0_a0p25_b0p05__wd1e-04trmiss0_degmodglobal,2,0.7056089341640472,0.7087661623954773,0.5555555555555556,0.7707502374169042,0.46153846153846156,0.0,0.6773524284362793,0.6857796609401703,0.05045834183692932,0.14429378882050514,0.0,0.0,0.0,0.0,0.0,18473,global,0.0
1,3,lr1e-04_bs16_drop0p4_temp2p0_a0p25_b0p05__wd1e-04trmiss0_degmodglobal,16,0.0001,0.0001,0.4,2.0,0.25,0.05,lr1e-04_bs16_drop0p4_temp2p0_a0p25_b0p05__wd1e-04trmiss0_degmodglobal,3,0.6765622496604919,0.7110733985900879,0.4166666666666667,0.7251433751433751,0.46153846153846156,0.0,0.6687633991241455,0.6613557040691376,0.04333033785223961,0.08747948333621025,0.0,0.0,0.0,0.0,0.0,18473,global,0.0
1,3,lr1e-04_bs16_drop0p4_temp2p0_a0p25_b0p05__wd1e-04trmiss0_degmodglobal,16,0.0001,0.0001,0.4,2.0,0.25,0.05,lr1e-04_bs16_drop0p4_temp2p0_a0p25_b0p05__wd1e-04trmiss0_degmodglobal,4,0.6520832926034927,0.7138217091560364,0.4444444444444445,0.7383708883708884,0.46153846153846156,0.0,0.6498732268810272,0.6375561207532883,0.036571484757587314,0.10768577456474304,0.0,0.0,0.0,0.0,0.0,18473,global,0.0
1,3,lr1e-04_bs16_drop0p4_temp2p0_a0p25_b0p05__wd1e-04trmiss0_degmodglobal,16,0.0001,0.0001,0.4,2.0,0.25,0.05,lr1e-04_bs16_drop0p4_temp2p0_a0p25_b0p05__wd1e-04trmiss0_degmodglobal,5,0.6362843364477158,0.7085192799568176,0.4444444444444445,0.7383708883708884,0.5384615384615384,0.0,0.6336981356143951,0.6219062954187393,0.04169297590851784,0.07909571938216686,0.0,0.0,0.0,0.0,0.0,18473,global,0.0
1,3,lr1e-04_bs16_drop0p4_temp2p0_a0p25_b0p05__wd1e-04trmiss0_degmodglobal,16,0.0001,0.0001,0.4,2.0,0.25,0.05,lr1e-04_bs16_drop0p4_temp2p0_a0p25_b0p05__wd1e-04trmiss0_degmodglobal,6,0.5922708213329315,0.7088255882263184,0.4166666666666667,0.7251433751433751,0.5384615384615384,0.0,0.6573339551687241,0.5749084427952766,0.045013352297246456,0.12218084931373596,0.0,0.0,0.0,0.0,0.0,18473,global,0.0
1,3,lr1e-04_bs16_drop0p4_temp2p0_a0p25_b0p05__wd1e-04trmiss0_degmodglobal,16,0.0001,0.0001,0.4,2.0,0.25,0.05,lr1e-04_bs16_drop0p4_temp2p0_a0p25_b0p05__wd1e-04trmiss0_degmodglobal,7,0.6416584998369217,0.7046557664871216,0.4166666666666667,0.6828153328153329,0.5384615384615384,0.0,0.6682395935058594,0.6234757900238037,0.04689831426367164,0.12916221283376217,0.0,0.0,0.0,0.0,0.0,18473,global,0.0
1,3,lr1e-04_bs16_drop0p4_temp2p0_a0p25_b0p05__wd1e-04trmiss0_degmodglobal,16,0.0001,0.0001,0.4,2.0,0.25,0.05,lr1e-04_bs16_drop0p4_temp2p0_a0p25_b0p05__wd1e-04trmiss0_degmodglobal,8,0.6027343571186066,0.7033942341804504,0.4444444444444444,0.6902227402227403,0.5384615384615384,0.0,0.6290981024503708,0.5819758772850037,0.052913147024810314,0.15060394071042538,0.0,0.0,0.0,0.0,0.0,18473,global,0.0
1,3,lr1e-04_bs16_drop0p4_temp2p0_a0p25_b0p05__wd1e-04trmiss0_degmodglobal,16,0.0001,0.0001,0.4,2.0,0.25,0.05,lr1e-04_bs16_drop0p4_temp2p0_a0p25_b0p05__wd1e-04trmiss0_degmodglobal,9,0.5919304341077805,0.7031703591346741,0.4444444444444444,0.6902227402227403,0.5384615384615384,0.0,0.6365823298692703,0.5714014172554016,0.060999657958745956,0.10558240115642548,0.0,0.0,0.0,0.0,0.0,18473,global,0.0
1,3,lr1e-04_bs16_drop0p4_temp2p0_a0p25_b0p05__wd1e-04trmiss0_degmodglobal,16,0.0001,0.0001,0.4,2.0,0.25,0.05,lr1e-04_bs16_drop0p4_temp2p0_a0p25_b0p05__wd1e-04trmiss0_degmodglobal,10,0.5907064378261566,0.7027955055236816,0.4722222222222222,0.7457782957782959,0.5384615384615384,0.0,0.5858147069811821,0.5730135440826416,0.046698602847754955,0.12036486715078354,0.0,0.0,0.0,0.0,0.0,18473,global,0.0
1,3,lr1e-04_bs16_drop0p4_temp2p0_a0p25_b0p05__wd1e-04trmiss0_degmodglobal,16,0.0001,0.0001,0.4,2.0,0.25,0.05,lr1e-04_bs16_drop0p4_temp2p0_a0p25_b0p05__wd1e-04trmiss0_degmodglobal,11,0.5982925891876221,0.7068673968315125,0.5,0.7040274540274541,0.5384615384615384,0.0,0.6036175787448883,0.5752282589673996,0.06305080465972424,0.1460324665531516,0.0,0.0,0.0,0.0,0.0,18473,global,0.0
1,3,lr1e-04_bs16_drop0p4_temp2p0_a0p25_b0p05__wd1e-04trmiss0_degmodglobal,16,0.0001,0.0001,0.4,2.0,0.25,0.05,lr1e-04_bs16_drop0p4_temp2p0_a0p25_b0p05__wd1e-04trmiss0_degmodglobal,12,0.6555396318435669,0.7061256766319275,0.5,0.7040274540274541,0.5384615384615384,0.0,0.6198720484972,0.6365554481744766,0.05190219543874264,0.12017285265028477,0.0,0.0,0.0,0.0,0.0,18473,global,0.0
1,3,lr1e-04_bs16_drop0p4_temp2p0_a0p25_b0p05__wd1e-04trmiss0_degmodglobal,16,0.0001,0.0001,0.4,2.0,0.25,0.05,lr1e-04_bs16_drop0p4_temp2p0_a0p25_b0p05__wd1e-04trmiss0_degmodglobal,13,0.591095045208931,0.7074201107025146,0.5,0.7528490028490029,0.5384615384615384,0.0,0.6166670769453049,0.5732016414403915,0.05078022927045822,0.10396707896143198,0.0,0.0,0.0,0.0,0.0,18473,global,0.0
1,3,lr1e-04_bs16_drop0p4_temp2p0_a0p25_b0p05__wd1e-04trmiss0_degmodglobal,16,0.0001,0.0001,0.4,2.0,0.25,0.05,lr1e-04_bs16_drop0p4_temp2p0_a0p25_b0p05__wd1e-04trmiss0_degmodglobal,14,0.554548054933548,0.7048105597496033,0.5,0.7528490028490029,0.5384615384615384,0.0,0.5932242423295975,0.5320509970188141,0.06464402191340923,0.12672117725014687,0.0,0.0,0.0,0.0,0.0,18473,global,0.0
1,3,lr1e-04_bs16_drop0p4_temp2p0_a0p25_b0p05__wd1e-04trmiss0_degmodglobal,16,0.0001,0.0001,0.4,2.0,0.25,0.05,lr1e-04_bs16_drop0p4_temp2p0_a0p25_b0p05__wd1e-04trmiss0_degmodglobal,15,0.5661925822496414,0.706382691860199,0.5,0.7040274540274541,0.5384615384615384,0.0,0.6156207323074341,0.5476794987916946,0.04917484242469072,0.12438756600022316,0.0,0.0,0.0,0.0,0.0,18473,global,0.0
1,3,lr1e-04_bs16_drop0p4_temp2p0_a0p25_b0p05__wd1e-04trmiss0_degmodglobal,16,0.0001,0.0001,0.4,2.0,0.25,0.05,lr1e-04_bs16_drop0p4_temp2p0_a0p25_b0p05__wd1e-04trmiss0_degmodglobal,16,0.5437275320291519,0.705212414264679,0.5,0.7040274540274541,0.5384615384615384,0.0,0.6131387203931808,0.5237000435590744,0.05130047257989645,0.14404776319861412,0.0,0.0,0.0,0.0,0.0,18473,global,0.0
1,3,lr1e-04_bs16_drop0p4_temp2p0_a0p25_b0p05__wd1e-04trmiss0_degmodglobal,16,0.0001,0.0001,0.4,2.0,0.25,0.05,lr1e-04_bs16_drop0p4_temp2p0_a0p25_b0p05__wd1e-04trmiss0_degmodglobal,17,0.5823628902435303,0.7149821519851685,0.4166666666666667,0.6769952269952271,0.46153846153846156,0.0,0.6506035625934601,0.5662350505590439,0.0432293601334095,0.10640993434935808,0.0,0.0,0.0,0.0,0.0,18473,global,0.0
1,3,lr1e-04_bs16_drop0p4_temp2p0_a0p25_b0p05__wd1e-04trmiss0_degmodglobal,16,0.0001,0.0001,0.4,2.0,0.25,0.05,lr1e-04_bs16_drop0p4_temp2p0_a0p25_b0p05__wd1e-04trmiss0_degmodglobal,18,0.5512830317020416,0.7115291953086853,0.38888888888888884,0.6670745920745921,0.5384615384615384,0.0,0.6307289898395538,0.5246263146400452,0.0664258748292923,0.20100517198443413,0.0,0.0,0.0,0.0,0.0,18473,global,0.0
1,3,lr1e-04_bs16_drop0p4_temp2p0_a0p25_b0p05__wd1e-04trmiss0_degmodglobal,16,0.0001,0.0001,0.4,2.0,0.25,0.05,lr1e-04_bs16_drop0p4_temp2p0_a0p25_b0p05__wd1e-04trmiss0_degmodglobal,19,0.5537619888782501,0.7133212685585022,0.38888888888888884,0.6670745920745921,0.5384615384615384,0.0,0.5773657858371735,0.5292995423078537,0.06507023423910141,0.16389745846390724,0.0,0.0,0.0,0.0,0.0,18473,global,0.0
1,3,lr1e-04_bs16_drop0p4_temp2p0_a0p25_b0p05__wd1e-04trmiss0_degmodglobal,16,0.0001,0.0001,0.4,2.0,0.25,0.05,lr1e-04_bs16_drop0p4_temp2p0_a0p25_b0p05__wd1e-04trmiss0_degmodglobal,20,0.5756329894065857,0.7093828916549683,0.4166666666666667,0.6769952269952271,0.5384615384615384,0.0,0.6076147258281708,0.5599013268947601,0.04298044554889202,0.0997312143445015,0.0,0.0,0.0,0.0,0.0,18473,global,0.0
1,3,lr1e-04_bs16_drop0p4_temp2p0_a0p25_b0p05__wd1e-04trmiss0_degmodglobal,16,0.0001,0.0001,0.4,2.0,0.25,0.05,lr1e-04_bs16_drop0p4_temp2p0_a0p25_b0p05__wd1e-04trmiss0_degmodglobal,21,0.544373631477356,0.7087036371231079,0.4722222222222222,0.6907999407999409,0.5384615384615384,0.0,0.596318930387497,0.5232806354761124,0.057248727418482304,0.1356165036559105,0.0,0.0,0.0,0.0,0.0,18473,global,0.0
1,3,lr1e-04_bs16_drop0p4_temp2p0_a0p25_b0p05__wd1e-04trmiss0_degmodglobal,16,0.0001,0.0001,0.4,2.0,0.25,0.05,lr1e-04_bs16_drop0p4_temp2p0_a0p25_b0p05__wd1e-04trmiss0_degmodglobal,22,0.6190687716007233,0.7211527228355408,0.4722222222222222,0.6907999407999409,0.46153846153846156,0.0,0.609465703368187,0.5919084846973419,0.07276597432792187,0.17937595024704933,0.0,0.0,0.0,0.0,0.0,18473,global,0.0
1,3,lr1e-04_bs16_drop0p4_temp2p0_a0p25_b0p05__wd1e-04trmiss0_degmodglobal,16,0.0001,0.0001,0.4,2.0,0.25,0.05,lr1e-04_bs16_drop0p4_temp2p0_a0p25_b0p05__wd1e-04trmiss0_degmodglobal,23,0.5486785173416138,0.7163162231445312,0.4722222222222222,0.6907999407999409,0.46153846153846156,0.0,0.5908493995666504,0.5247957557439804,0.0646131681278348,0.15458928979933262,0.0,0.0,0.0,0.0,0.0,18473,global,0.0
1,3,lr1e-04_bs16_drop0p4_temp2p0_a0p25_b0p05__wd1e-04trmiss0_degmodglobal,16,0.0001,0.0001,0.4,2.0,0.25,0.05,lr1e-04_bs16_drop0p4_temp2p0_a0p25_b0p05__wd1e-04trmiss0_degmodglobal,24,0.5393922626972198,0.7129629850387573,0.4722222222222222,0.6907999407999409,0.46153846153846156,0.0,0.5861141085624695,0.5168782472610474,0.06178631633520126,0.14134888723492622,0.0,0.0,0.0,0.0,0.0,18473,global,0.0
1,3,lr1e-04_bs16_drop0p4_temp2p0_a0p25_b0p05__wd1e-04trmiss0_degmodglobal,16,0.0001,0.0001,0.4,2.0,0.25,0.05,lr1e-04_bs16_drop0p4_temp2p0_a0p25_b0p05__wd1e-04trmiss0_degmodglobal,25,0.53612020611763,0.7162706255912781,0.4722222222222222,0.6907999407999409,0.46153846153846156,0.0,0.6021866202354431,0.5088889449834824,0.06895310524851084,0.19985975325107574,0.0,0.0,0.0,0.0,0.0,18473,global,0.0
1,3,lr1e-04_bs16_drop0p4_temp2p0_a0p25_b0p05__wd1e-04trmiss0_degmodglobal,16,0.0001,0.0001,0.4,2.0,0.25,0.05,lr1e-04_bs16_drop0p4_temp2p0_a0p25_b0p05__wd1e-04trmiss0_degmodglobal,26,0.5716429501771927,0.7144873738288879,0.4722222222222222,0.6907999407999409,0.46153846153846156,0.0,0.5943313986063004,0.5554691404104233,0.04773259395733476,0.08481322787702084,0.0,0.0,0.0,0.0,0.0,18473,global,0.0
1,3,lr1e-04_bs16_drop0p4_temp2p0_a0p25_b0p05__wd1e-04trmiss0_degmodglobal,16,0.0001,0.0001,0.4,2.0,0.25,0.05,lr1e-04_bs16_drop0p4_temp2p0_a0p25_b0p05__wd1e-04trmiss0_degmodglobal,27,0.5553331673145294,0.7121222019195557,0.4722222222222222,0.6907999407999409,0.5384615384615384,0.0,0.6310693621635437,0.5339327305555344,0.052328270860016346,0.16636754758656025,0.0,0.0,0.0,0.0,0.0,18473,global,0.0
1,3,lr1e-04_bs16_drop0p4_temp2p0_a0p25_b0p05__wd1e-04trmiss0_degmodglobal,16,0.0001,0.0001,0.4,2.0,0.25,0.05,lr1e-04_bs16_drop0p4_temp2p0_a0p25_b0p05__wd1e-04trmiss0_degmodglobal,28,0.5453683882951736,0.7151203155517578,0.4722222222222222,0.6907999407999409,0.46153846153846156,0.0,0.6004107147455215,0.5186137706041336,0.07041062042117119,0.1830389630049467,0.0,0.0,0.0,0.0,0.0,18473,global,0.0
1,3,lr1e-04_bs16_drop0p4_temp2p0_a0p25_b0p05__wd1e-04trmiss0_degmodglobal,16,0.0001,0.0001,0.4,2.0,0.25,0.05,lr1e-04_bs16_drop0p4_temp2p0_a0p25_b0p05__wd1e-04trmiss0_degmodglobal,29,0.5311305001378059,0.7135043740272522,0.4722222222222222,0.6907999407999409,0.5384615384615384,0.0,0.581685334444046,0.5129364132881165,0.05219179857522249,0.10292287170886993,0.0,0.0,0.0,0.0,0.0,18473,global,0.0
1,3,lr1e-04_bs16_drop0p4_temp2p0_a0p25_b0p05__wd1e-04trmiss0_degmodglobal,16,0.0001,0.0001,0.4,2.0,0.25,0.05,lr1e-04_bs16_drop0p4_temp2p0_a0p25_b0p05__wd1e-04trmiss0_degmodglobal,30,0.5437610894441605,0.7092898488044739,0.4722222222222222,0.6907999407999409,0.5384615384615384,0.0,0.6059588640928268,0.5253482908010483,0.050432092510163784,0.11609573382884264,0.0,0.0,0.0,0.0,0.0,18473,global,0.0
1,3,lr1e-04_bs16_drop0p4_temp2p0_a0p25_b0p05__wd1e-04trmiss0_degmodglobal,16,0.0001,0.0001,0.4,2.0,0.25,0.05,lr1e-04_bs16_drop0p4_temp2p0_a0p25_b0p05__wd1e-04trmiss0_degmodglobal,31,0.5587074309587479,0.7107126116752625,0.4722222222222222,0.6907999407999409,0.5384615384615384,0.0,0.5745757222175598,0.5381219983100891,0.052559731528162956,0.14890998415648937,0.0,0.0,0.0,0.0,0.0,18473,global,0.0
1,3,lr1e-04_bs16_drop0p4_temp2p0_a0p25_b0p05__wd1e-04trmiss0_degmodglobal,16,0.0001,0.0001,0.4,2.0,0.25,0.05,lr1e-04_bs16_drop0p4_temp2p0_a0p25_b0p05__wd1e-04trmiss0_degmodglobal,32,0.528596505522728,0.7130800485610962,0.4722222222222222,0.6907999407999409,0.5384615384615384,0.0,0.5568335726857185,0.500804603099823,0.07760594226419926,0.16780862398445606,0.0,0.0,0.0,0.0,0.0,18473,global,0.0
1,3,lr1e-04_bs16_drop0p4_temp2p0_a0p25_b0p05__wd1e-04trmiss0_degmodglobal,16,0.0001,0.0001,0.4,2.0,0.25,0.05,lr1e-04_bs16_drop0p4_temp2p0_a0p25_b0p05__wd1e-04trmiss0_degmodglobal,33,0.5613405108451843,0.7137291431427002,0.4722222222222222,0.6907999407999409,0.5384615384615384,0.0,0.5886439085006714,0.5353497564792633,0.07222196087241173,0.15870532020926476,0.0,0.0,0.0,0.0,0.0,18473,global,0.0
1,3,lr1e-04_bs16_drop0p4_temp2p0_a0p25_b0p05__wd1e-04trmiss0_degmodglobal,16,0.0001,0.0001,0.4,2.0,0.25,0.05,lr1e-04_bs16_drop0p4_temp2p0_a0p25_b0p05__wd1e-04trmiss0_degmodglobal,34,0.5452110916376114,0.712552547454834,0.4722222222222222,0.6907999407999409,0.5384615384615384,0.0,0.5626726746559143,0.5167285203933716,0.08038796950131655,0.16771220788359642,0.0,0.0,0.0,0.0,0.0,18473,global,0.0
1,3,lr5e-05_bs16_drop0p2_temp1p0_a0p25_b0p05__wd1e-04trmiss0_degmodglobal,16,5e-05,0.0001,0.2,1.0,0.25,0.05,lr5e-05_bs16_drop0p2_temp1p0_a0p25_b0p05__wd1e-04trmiss0_degmodglobal,1,0.7487559616565704,0.7126491069793701,0.5833333333333333,0.7774842441509109,0.3076923076923077,0.0,0.7142825275659561,0.725607767701149,0.051700000651180744,0.20446405187249184,0.0,0.0,0.0,0.0,0.0,18473,global,0.0
1,3,lr5e-05_bs16_drop0p2_temp1p0_a0p25_b0p05__wd1e-04trmiss0_degmodglobal,16,5e-05,0.0001,0.2,1.0,0.25,0.05,lr5e-05_bs16_drop0p2_temp1p0_a0p25_b0p05__wd1e-04trmiss0_degmodglobal,2,0.7304961383342743,0.7119485139846802,0.6944444444444444,0.8181488264821599,0.3076923076923077,0.0,0.6656885296106339,0.7129822224378586,0.039436476305127144,0.15309582836925983,0.0,0.0,0.0,0.0,0.0,18473,global,0.0
1,3,lr5e-05_bs16_drop0p2_temp1p0_a0p25_b0p05__wd1e-04trmiss0_degmodglobal,16,5e-05,0.0001,0.2,1.0,0.25,0.05,lr5e-05_bs16_drop0p2_temp1p0_a0p25_b0p05__wd1e-04trmiss0_degmodglobal,3,0.7144738882780075,0.7090065479278564,0.6666666666666666,0.7625932709266043,0.3076923076923077,0.0,0.6480569988489151,0.7008630931377411,0.028607584070414305,0.1291778488084674,0.0,0.0,0.0,0.0,0.0,18473,global,0.0
1,3,lr5e-05_bs16_drop0p2_temp1p0_a0p25_b0p05__wd1e-04trmiss0_degmodglobal,16,5e-05,0.0001,0.2,1.0,0.25,0.05,lr5e-05_bs16_drop0p2_temp1p0_a0p25_b0p05__wd1e-04trmiss0_degmodglobal,4,0.6988763064146042,0.705202579498291,0.6666666666666666,0.7625932709266043,0.38461538461538464,0.0,0.6108055412769318,0.677666187286377,0.04386742692440748,0.20486553013324738,0.0,0.0,0.0,0.0,0.0,18473,global,0.0
1,3,lr5e-05_bs16_drop0p2_temp1p0_a0p25_b0p05__wd1e-04trmiss0_degmodglobal,16,5e-05,0.0001,0.2,1.0,0.25,0.05,lr5e-05_bs16_drop0p2_temp1p0_a0p25_b0p05__wd1e-04trmiss0_degmodglobal,5,0.6875192821025848,0.7059744000434875,0.6666666666666666,0.7625932709266043,0.38461538461538464,0.0,0.614536389708519,0.6683411747217178,0.03971580229699612,0.18498291075229645,0.0,0.0,0.0,0.0,0.0,18473,global,0.0
1,3,lr5e-05_bs16_drop0p2_temp1p0_a0p25_b0p05__wd1e-04trmiss0_degmodglobal,16,5e-05,0.0001,0.2,1.0,0.25,0.05,lr5e-05_bs16_drop0p2_temp1p0_a0p25_b0p05__wd1e-04trmiss0_degmodglobal,6,0.7028056085109711,0.7093918919563293,0.6666666666666666,0.7625932709266043,0.3076923076923077,0.0,0.6145491600036621,0.684731513261795,0.037396314553916454,0.17450019344687462,0.0,0.0,0.0,0.0,0.0,18473,global,0.0
1,3,lr5e-05_bs16_drop0p2_temp1p0_a0p25_b0p05__wd1e-04trmiss0_degmodglobal,16,5e-05,0.0001,0.2,1.0,0.25,0.05,lr5e-05_bs16_drop0p2_temp1p0_a0p25_b0p05__wd1e-04trmiss0_degmodglobal,7,0.7151162624359131,0.7126609086990356,0.6666666666666666,0.7625932709266043,0.23076923076923078,0.0,0.6046796292066574,0.6944051831960678,0.0469350041821599,0.17954638972878456,0.0,0.0,0.0,0.0,0.0,18473,global,0.0
1,3,lr5e-05_bs16_drop0p2_temp1p0_a0p25_b0p05__wd1e-04trmiss0_degmodglobal,16,5e-05,0.0001,0.2,1.0,0.25,0.05,lr5e-05_bs16_drop0p2_temp1p0_a0p25_b0p05__wd1e-04trmiss0_degmodglobal,8,0.6797845959663391,0.7111598253250122,0.611111111111111,0.7419142585809253,0.23076923076923078,0.0,0.5789784938097,0.6561639159917831,0.050166805274784565,0.22157961130142212,0.0,0.0,0.0,0.0,0.0,18473,global,0.0
1,3,lr5e-05_bs16_drop0p2_temp1p0_a0p25_b0p05__wd1e-04trmiss0_degmodglobal,16,5e-05,0.0001,0.2,1.0,0.25,0.05,lr5e-05_bs16_drop0p2_temp1p0_a0p25_b0p05__wd1e-04trmiss0_degmodglobal,9,0.6537628173828125,0.7059939503669739,0.6388888888888888,0.7919753086419754,0.3076923076923077,0.0,0.6117264777421951,0.6305968463420868,0.0486488351598382,0.22007526084780693,0.0,0.0,0.0,0.0,0.0,18473,global,0.0
1,3,lr5e-05_bs16_drop0p2_temp1p0_a0p25_b0p05__wd1e-04trmiss0_degmodglobal,16,5e-05,0.0001,0.2,1.0,0.25,0.05,lr5e-05_bs16_drop0p2_temp1p0_a0p25_b0p05__wd1e-04trmiss0_degmodglobal,10,0.6420809924602509,0.6991004943847656,0.7222222222222222,0.8222582972582972,0.3076923076923077,0.0,0.5838446915149689,0.6263979226350784,0.03795397747308016,0.12389155104756355,0.0,0.0,0.0,0.0,0.0,18473,global,0.0
1,3,lr5e-05_bs16_drop0p2_temp1p0_a0p25_b0p05__wd1e-04trmiss0_degmodglobal,16,5e-05,0.0001,0.2,1.0,0.25,0.05,lr5e-05_bs16_drop0p2_temp1p0_a0p25_b0p05__wd1e-04trmiss0_degmodglobal,11,0.6337280869483948,0.7008429765701294,0.6944444444444444,0.8114558281224948,0.38461538461538464,0.0,0.5503340661525726,0.6135976165533066,0.046764631755650043,0.168786333873868,0.0,0.0,0.0,0.0,0.0,18473,global,0.0
1,3,lr5e-05_bs16_drop0p2_temp1p0_a0p25_b0p05__wd1e-04trmiss0_degmodglobal,16,5e-05,0.0001,0.2,1.0,0.25,0.05,lr5e-05_bs16_drop0p2_temp1p0_a0p25_b0p05__wd1e-04trmiss0_degmodglobal,12,0.6421941965818405,0.6998252868652344,0.6944444444444444,0.8114558281224948,0.46153846153846156,0.0,0.5436174124479294,0.6206454336643219,0.04755647946149111,0.19319293275475502,0.0,0.0,0.0,0.0,0.0,18473,global,0.0
1,3,lr5e-05_bs16_drop0p2_temp1p0_a0p25_b0p05__wd1e-04trmiss0_degmodglobal,16,5e-05,0.0001,0.2,1.0,0.25,0.05,lr5e-05_bs16_drop0p2_temp1p0_a0p25_b0p05__wd1e-04trmiss0_degmodglobal,13,0.6300125122070312,0.7006608843803406,0.6666666666666667,0.799551066217733,0.46153846153846156,0.0,0.5417909175157547,0.6086280196905136,0.04602334462106228,0.19757327064871788,0.0,0.0,0.0,0.0,0.0,18473,global,0.0
1,3,lr5e-05_bs16_drop0p2_temp1p0_a0p25_b0p05__wd1e-04trmiss0_degmodglobal,16,5e-05,0.0001,0.2,1.0,0.25,0.05,lr5e-05_bs16_drop0p2_temp1p0_a0p25_b0p05__wd1e-04trmiss0_degmodglobal,14,0.6613009423017502,0.7071629762649536,0.6944444444444444,0.8114558281224948,0.38461538461538464,0.0,0.5518209487199783,0.6401385813951492,0.04933066759258509,0.17659397050738335,0.0,0.0,0.0,0.0,0.0,18473,global,0.0
1,3,lr5e-05_bs16_drop0p2_temp1p0_a0p25_b0p05__wd1e-04trmiss0_degmodglobal,16,5e-05,0.0001,0.2,1.0,0.25,0.05,lr5e-05_bs16_drop0p2_temp1p0_a0p25_b0p05__wd1e-04trmiss0_degmodglobal,15,0.6498598754405975,0.7124737501144409,0.6666666666666667,0.799551066217733,0.3076923076923077,0.0,0.5571883022785187,0.6283632218837738,0.0481076966971159,0.18939474783837795,0.0,0.0,0.0,0.0,0.0,18473,global,0.0
1,3,lr5e-05_bs16_drop0p2_temp1p0_a0p25_b0p05__wd1e-04trmiss0_degmodglobal,16,5e-05,0.0001,0.2,1.0,0.25,0.05,lr5e-05_bs16_drop0p2_temp1p0_a0p25_b0p05__wd1e-04trmiss0_degmodglobal,16,0.6334287375211716,0.7065826654434204,0.75,0.8321348404681739,0.46153846153846156,0.0,0.5406662076711655,0.6065397411584854,0.05625924374908209,0.25648387521505356,0.0,0.0,0.0,0.0,0.0,18473,global,0.0
1,3,lr5e-05_bs16_drop0p2_temp1p0_a0p25_b0p05__wd1e-04trmiss0_degmodglobal,16,5e-05,0.0001,0.2,1.0,0.25,0.05,lr5e-05_bs16_drop0p2_temp1p0_a0p25_b0p05__wd1e-04trmiss0_degmodglobal,17,0.6571200042963028,0.7076293230056763,0.7777777777777778,0.8691718775052109,0.46153846153846156,0.0,0.5396888926625252,0.6351836174726486,0.04620828479528427,0.20768609642982483,0.0,0.0,0.0,0.0,0.0,18473,global,0.0
1,3,lr5e-05_bs16_drop0p2_temp1p0_a0p25_b0p05__wd1e-04trmiss0_degmodglobal,16,5e-05,0.0001,0.2,1.0,0.25,0.05,lr5e-05_bs16_drop0p2_temp1p0_a0p25_b0p05__wd1e-04trmiss0_degmodglobal,18,0.6277251988649368,0.7009646892547607,0.75,0.8615961199294533,0.46153846153846156,0.0,0.550803892314434,0.6073322743177414,0.049134030006825924,0.16218834184110165,0.0,0.0,0.0,0.0,0.0,18473,global,0.0
1,3,lr5e-05_bs16_drop0p2_temp1p0_a0p25_b0p05__wd1e-04trmiss0_degmodglobal,16,5e-05,0.0001,0.2,1.0,0.25,0.05,lr5e-05_bs16_drop0p2_temp1p0_a0p25_b0p05__wd1e-04trmiss0_degmodglobal,19,0.6199018508195877,0.6969568729400635,0.75,0.8615961199294533,0.46153846153846156,0.0,0.536662757396698,0.6004186719655991,0.04722724622115493,0.1535274237394333,0.0,0.0,0.0,0.0,0.0,18473,global,0.0
1,3,lr5e-05_bs16_drop0p2_temp1p0_a0p25_b0p05__wd1e-04trmiss0_degmodglobal,16,5e-05,0.0001,0.2,1.0,0.25,0.05,lr5e-05_bs16_drop0p2_temp1p0_a0p25_b0p05__wd1e-04trmiss0_degmodglobal,20,0.6264216303825378,0.6995450854301453,0.7222222222222222,0.8517195767195769,0.46153846153846156,0.0,0.54568300396204,0.6086032539606094,0.042109905276447535,0.14581820368766785,0.0,0.0,0.0,0.0,0.0,18473,global,0.0
1,3,lr5e-05_bs16_drop0p2_temp1p0_a0p25_b0p05__wd1e-04trmiss0_degmodglobal,16,5e-05,0.0001,0.2,1.0,0.25,0.05,lr5e-05_bs16_drop0p2_temp1p0_a0p25_b0p05__wd1e-04trmiss0_degmodglobal,21,0.6008316278457642,0.7020907998085022,0.6666666666666666,0.8345068511735179,0.46153846153846156,0.0,0.5308205783367157,0.5816102176904678,0.04363770689815283,0.1662396565079689,0.0,0.0,0.0,0.0,0.0,18473,global,0.0
1,3,lr5e-05_bs16_drop0p2_temp1p0_a0p25_b0p05__wd1e-04trmiss0_degmodglobal,16,5e-05,0.0001,0.2,1.0,0.25,0.05,lr5e-05_bs16_drop0p2_temp1p0_a0p25_b0p05__wd1e-04trmiss0_degmodglobal,22,0.6001749932765961,0.7031537294387817,0.6944444444444444,0.8409171075837742,0.46153846153846156,0.0,0.5094054788351059,0.576663538813591,0.05761024355888367,0.18217812106013298,0.0,0.0,0.0,0.0,0.0,18473,global,0.0
1,3,lr5e-05_bs16_drop0p2_temp1p0_a0p25_b0p05__wd1e-04trmiss0_degmodglobal,16,5e-05,0.0001,0.2,1.0,0.25,0.05,lr5e-05_bs16_drop0p2_temp1p0_a0p25_b0p05__wd1e-04trmiss0_degmodglobal,23,0.6220632046461105,0.7046735882759094,0.6944444444444444,0.8114558281224948,0.46153846153846156,0.0,0.5093499422073364,0.5974150747060776,0.05280864890664816,0.22891920804977417,0.0,0.0,0.0,0.0,0.0,18473,global,0.0
1,3,lr5e-05_bs16_drop0p2_temp1p0_a0p25_b0p05__wd1e-04trmiss0_degmodglobal,16,5e-05,0.0001,0.2,1.0,0.25,0.05,lr5e-05_bs16_drop0p2_temp1p0_a0p25_b0p05__wd1e-04trmiss0_degmodglobal,24,0.6471346616744995,0.7114526629447937,0.6388888888888888,0.7974698141364809,0.46153846153846156,0.0,0.5135222226381302,0.6250234097242355,0.04666174575686455,0.20891628041863441,0.0,0.0,0.0,0.0,0.0,18473,global,0.0
1,3,lr5e-05_bs16_drop0p2_temp1p0_a0p25_b0p05__wd1e-04trmiss0_degmodglobal,16,5e-05,0.0001,0.2,1.0,0.25,0.05,lr5e-05_bs16_drop0p2_temp1p0_a0p25_b0p05__wd1e-04trmiss0_degmodglobal,25,0.6317775696516037,0.7177433371543884,0.6388888888888888,0.7974698141364809,0.46153846153846156,0.0,0.49671168625354767,0.6028907001018524,0.06870810687541962,0.2341964989900589,0.0,0.0,0.0,0.0,0.0,18473,global,0.0
1,3,lr5e-05_bs16_drop0p2_temp1p0_a0p25_b0p05__wd1e-04trmiss0_degmodglobal,16,5e-05,0.0001,0.2,1.0,0.25,0.05,lr5e-05_bs16_drop0p2_temp1p0_a0p25_b0p05__wd1e-04trmiss0_degmodglobal,26,0.6067216694355011,0.7137779593467712,0.6111111111111112,0.785565052231719,0.46153846153846156,0.0,0.4931255802512169,0.5868475139141083,0.03937692567706108,0.2005983479321003,0.0,0.0,0.0,0.0,0.0,18473,global,0.0
1,3,lr5e-05_bs16_drop0p2_temp1p0_a0p25_b0p05__wd1e-04trmiss0_degmodglobal,16,5e-05,0.0001,0.2,1.0,0.25,0.05,lr5e-05_bs16_drop0p2_temp1p0_a0p25_b0p05__wd1e-04trmiss0_degmodglobal,27,0.6198640912771225,0.7128777503967285,0.6388888888888888,0.7974698141364809,0.46153846153846156,0.0,0.4942421540617943,0.5911218523979187,0.06595581397414207,0.24506566673517227,0.0,0.0,0.0,0.0,0.0,18473,global,0.0
1,3,lr5e-05_bs16_drop0p2_temp1p0_a0p25_b0p05__wd1e-04trmiss0_degmodglobal,16,5e-05,0.0001,0.2,1.0,0.25,0.05,lr5e-05_bs16_drop0p2_temp1p0_a0p25_b0p05__wd1e-04trmiss0_degmodglobal,28,0.5943037122488022,0.7083204984664917,0.6666666666666666,0.8345068511735179,0.46153846153846156,0.0,0.49205250293016434,0.5709905177354813,0.05200063902884722,0.20626064389944077,0.0,0.0,0.0,0.0,0.0,18473,global,0.0
1,3,lr5e-05_bs16_drop0p2_temp1p0_a0p25_b0p05__wd1e-04trmiss0_degmodglobal,16,5e-05,0.0001,0.2,1.0,0.25,0.05,lr5e-05_bs16_drop0p2_temp1p0_a0p25_b0p05__wd1e-04trmiss0_degmodglobal,29,0.5767045319080353,0.7080707550048828,0.6666666666666666,0.8345068511735179,0.46153846153846156,0.0,0.5057739168405533,0.557366818189621,0.04390716180205345,0.16721867304295301,0.0,0.0,0.0,0.0,0.0,18473,global,0.0
1,3,lr5e-05_bs16_drop0p2_temp1p0_a0p25_b0p05__wd1e-04trmiss0_degmodglobal,16,5e-05,0.0001,0.2,1.0,0.25,0.05,lr5e-05_bs16_drop0p2_temp1p0_a0p25_b0p05__wd1e-04trmiss0_degmodglobal,30,0.6037811785936356,0.7018206715583801,0.6666666666666666,0.8345068511735179,0.46153846153846156,0.0,0.5160104259848595,0.5825311988592148,0.049751144368201494,0.17624402418732643,0.0,0.0,0.0,0.0,0.0,18473,global,0.0
1,3,lr5e-05_bs16_drop0p2_temp1p0_a0p25_b0p05__wd1e-04trmiss0_degmodglobal,16,5e-05,0.0001,0.2,1.0,0.25,0.05,lr5e-05_bs16_drop0p2_temp1p0_a0p25_b0p05__wd1e-04trmiss0_degmodglobal,31,0.6205142736434937,0.7007941007614136,0.6666666666666666,0.8345068511735179,0.46153846153846156,0.0,0.4692232832312584,0.5922790765762329,0.06225184444338083,0.25344500690698624,0.0,0.0,0.0,0.0,0.0,18473,global,0.0
1,3,lr5e-05_bs16_drop0p2_temp1p0_a0p25_b0p05__wd1e-04trmiss0_degmodglobal,16,5e-05,0.0001,0.2,1.0,0.25,0.05,lr5e-05_bs16_drop0p2_temp1p0_a0p25_b0p05__wd1e-04trmiss0_degmodglobal,32,0.5910104513168335,0.7016972899436951,0.6666666666666666,0.8345068511735179,0.46153846153846156,0.0,0.49157650768756866,0.5671545565128326,0.05619210936129093,0.19615735113620758,0.0,0.0,0.0,0.0,0.0,18473,global,0.0
1,3,lr5e-05_bs16_drop0p2_temp1p0_a0p25_b0p05__wd1e-04trmiss0_degmodglobal,16,5e-05,0.0001,0.2,1.0,0.25,0.05,lr5e-05_bs16_drop0p2_temp1p0_a0p25_b0p05__wd1e-04trmiss0_degmodglobal,33,0.6003271788358688,0.7045816779136658,0.6666666666666666,0.8345068511735179,0.46153846153846156,0.0,0.47267933189868927,0.5752197802066803,0.05883684195578098,0.20796386152505875,0.0,0.0,0.0,0.0,0.0,18473,global,0.0
1,3,lr5e-05_bs16_drop0p2_temp1p0_a0p25_b0p05__wd1e-04trmiss0_degmodglobal,16,5e-05,0.0001,0.2,1.0,0.25,0.05,lr5e-05_bs16_drop0p2_temp1p0_a0p25_b0p05__wd1e-04trmiss0_degmodglobal,34,0.6036669611930847,0.705639660358429,0.6944444444444444,0.8409171075837742,0.46153846153846156,0.0,0.4608107805252075,0.5761418491601944,0.06374033633619547,0.2318010963499546,0.0,0.0,0.0,0.0,0.0,18473,global,0.0
1,3,lr5e-05_bs16_drop0p2_temp1p0_a0p25_b0p05__wd1e-04trmiss0_degmodglobal,16,5e-05,0.0001,0.2,1.0,0.25,0.05,lr5e-05_bs16_drop0p2_temp1p0_a0p25_b0p05__wd1e-04trmiss0_degmodglobal,35,0.5909262746572495,0.7048091292381287,0.6944444444444444,0.8409171075837742,0.46153846153846156,0.0,0.46689338237047195,0.5677253603935242,0.05329160299152136,0.19756070896983147,0.0,0.0,0.0,0.0,0.0,18473,global,0.0
1,3,lr5e-05_bs16_drop0p2_temp1p0_a0p25_b0p05__wd1e-04trmiss0_degmodglobal,16,5e-05,0.0001,0.2,1.0,0.25,0.05,lr5e-05_bs16_drop0p2_temp1p0_a0p25_b0p05__wd1e-04trmiss0_degmodglobal,36,0.578958086669445,0.7029719948768616,0.6944444444444444,0.8409171075837742,0.46153846153846156,0.0,0.45795685797929764,0.5532689839601517,0.05912366043776274,0.21816407144069672,0.0,0.0,0.0,0.0,0.0,18473,global,0.0
1,3,lr5e-05_bs16_drop0p2_temp1p0_a0p25_b0p05__wd1e-04trmiss0_degmodglobal,16,5e-05,0.0001,0.2,1.0,0.25,0.05,lr5e-05_bs16_drop0p2_temp1p0_a0p25_b0p05__wd1e-04trmiss0_degmodglobal,37,0.5721938461065292,0.7019760608673096,0.7222222222222222,0.8517195767195769,0.46153846153846156,0.0,0.47226911783218384,0.551454059779644,0.05024662707000971,0.16356319189071655,0.0,0.0,0.0,0.0,0.0,18473,global,0.0
1,3,lr5e-05_bs16_drop0p2_temp2p0_a0p25_b0p05__wd1e-04trmiss0_degmodglobal,16,5e-05,0.0001,0.2,2.0,0.25,0.05,lr5e-05_bs16_drop0p2_temp2p0_a0p25_b0p05__wd1e-04trmiss0_degmodglobal,1,0.7042304873466492,0.6981484889984131,0.6111111111111112,0.7787477954144622,0.38461538461538464,0.0,0.7420442998409271,0.6861273050308228,0.04671265557408333,0.12850051652640104,0.0,0.0,0.0,0.0,0.0,18473,global,0.0
1,3,lr5e-05_bs16_drop0p2_temp2p0_a0p25_b0p05__wd1e-04trmiss0_degmodglobal,16,5e-05,0.0001,0.2,2.0,0.25,0.05,lr5e-05_bs16_drop0p2_temp2p0_a0p25_b0p05__wd1e-04trmiss0_degmodglobal,2,0.6748396456241608,0.6966394782066345,0.6111111111111112,0.7787477954144622,0.46153846153846156,0.0,0.738119825720787,0.6539385467767715,0.05358214024454355,0.15011144801974297,0.0,0.0,0.0,0.0,0.0,18473,global,0.0
1,3,lr5e-05_bs16_drop0p2_temp2p0_a0p25_b0p05__wd1e-04trmiss0_degmodglobal,16,5e-05,0.0001,0.2,2.0,0.25,0.05,lr5e-05_bs16_drop0p2_temp2p0_a0p25_b0p05__wd1e-04trmiss0_degmodglobal,3,0.6754976063966751,0.6921212673187256,0.6388888888888888,0.8157848324514991,0.5384615384615384,0.0,0.7294660657644272,0.6579704880714417,0.04083769116550684,0.1463538073003292,0.0,0.0,0.0,0.0,0.0,18473,global,0.0
1,3,lr5e-05_bs16_drop0p2_temp2p0_a0p25_b0p05__wd1e-04trmiss0_degmodglobal,16,5e-05,0.0001,0.2,2.0,0.25,0.05,lr5e-05_bs16_drop0p2_temp2p0_a0p25_b0p05__wd1e-04trmiss0_degmodglobal,4,0.649403989315033,0.6898154020309448,0.6944444444444444,0.8622846289512958,0.46153846153846156,0.0,0.7109356820583344,0.6305617243051529,0.0473913736641407,0.13988839276134968,0.0,0.0,0.0,0.0,0.0,18473,global,0.0
1,3,lr5e-05_bs16_drop0p2_temp2p0_a0p25_b0p05__wd1e-04trmiss0_degmodglobal,16,5e-05,0.0001,0.2,2.0,0.25,0.05,lr5e-05_bs16_drop0p2_temp2p0_a0p25_b0p05__wd1e-04trmiss0_degmodglobal,5,0.6516442447900772,0.6898812651634216,0.7222222222222222,0.8730870980870982,0.46153846153846156,0.0,0.6766993403434753,0.6372419744729996,0.0371966203674674,0.1020624078810215,0.0,0.0,0.0,0.0,0.0,18473,global,0.0
1,3,lr5e-05_bs16_drop0p2_temp2p0_a0p25_b0p05__wd1e-04trmiss0_degmodglobal,16,5e-05,0.0001,0.2,2.0,0.25,0.05,lr5e-05_bs16_drop0p2_temp2p0_a0p25_b0p05__wd1e-04trmiss0_degmodglobal,6,0.6149171739816666,0.6929176449775696,0.75,0.8829636412969748,0.5384615384615384,0.0,0.6511090099811554,0.6030140817165375,0.03280313219875097,0.07404633145779371,0.0,0.0,0.0,0.0,0.0,18473,global,0.0
1,3,lr5e-05_bs16_drop0p2_temp2p0_a0p25_b0p05__wd1e-04trmiss0_degmodglobal,16,5e-05,0.0001,0.2,2.0,0.25,0.05,lr5e-05_bs16_drop0p2_temp2p0_a0p25_b0p05__wd1e-04trmiss0_degmodglobal,7,0.6193417012691498,0.6865643262863159,0.6944444444444444,0.8622846289512958,0.5384615384615384,0.0,0.6668683290481567,0.6056622266769409,0.03569362685084343,0.0951217208057642,0.0,0.0,0.0,0.0,0.0,18473,global,0.0
1,3,lr5e-05_bs16_drop0p2_temp2p0_a0p25_b0p05__wd1e-04trmiss0_degmodglobal,16,5e-05,0.0001,0.2,2.0,0.25,0.05,lr5e-05_bs16_drop0p2_temp2p0_a0p25_b0p05__wd1e-04trmiss0_degmodglobal,8,0.6202630996704102,0.6863455176353455,0.6666666666666666,0.8542038208704876,0.46153846153846156,0.0,0.674689844250679,0.6033271998167038,0.041667694225907326,0.1303800642490387,0.0,0.0,0.0,0.0,0.0,18473,global,0.0
1,3,lr5e-05_bs16_drop0p2_temp2p0_a0p25_b0p05__wd1e-04trmiss0_degmodglobal,16,5e-05,0.0001,0.2,2.0,0.25,0.05,lr5e-05_bs16_drop0p2_temp2p0_a0p25_b0p05__wd1e-04trmiss0_degmodglobal,9,0.6178180426359177,0.6829107999801636,0.6944444444444445,0.86500629000629,0.5384615384615384,0.0,0.6307983547449112,0.5968636572360992,0.05134226940572262,0.1623765453696251,0.0,0.0,0.0,0.0,0.0,18473,global,0.0
1,3,lr5e-05_bs16_drop0p2_temp2p0_a0p25_b0p05__wd1e-04trmiss0_degmodglobal,16,5e-05,0.0001,0.2,2.0,0.25,0.05,lr5e-05_bs16_drop0p2_temp2p0_a0p25_b0p05__wd1e-04trmiss0_degmodglobal,10,0.5935332030057907,0.675076425075531,0.7222222222222221,0.8845068511735179,0.5384615384615384,0.0,0.6385890394449234,0.5762285739183426,0.04603172931820154,0.1159338541328907,0.0,0.0,0.0,0.0,0.0,18473,global,0.0
1,3,lr5e-05_bs16_drop0p2_temp2p0_a0p25_b0p05__wd1e-04trmiss0_degmodglobal,16,5e-05,0.0001,0.2,2.0,0.25,0.05,lr5e-05_bs16_drop0p2_temp2p0_a0p25_b0p05__wd1e-04trmiss0_degmodglobal,11,0.6098793298006058,0.6733789443969727,0.8055555555555556,0.9253086419753087,0.5384615384615384,0.0,0.6502366662025452,0.5951964259147644,0.03832540242001414,0.10203136131167412,0.0,0.0,0.0,0.0,0.0,18473,global,0.0
1,3,lr5e-05_bs16_drop0p2_temp2p0_a0p25_b0p05__wd1e-04trmiss0_degmodglobal,16,5e-05,0.0001,0.2,2.0,0.25,0.05,lr5e-05_bs16_drop0p2_temp2p0_a0p25_b0p05__wd1e-04trmiss0_degmodglobal,12,0.6092426031827927,0.6676292419433594,0.8055555555555556,0.9253086419753087,0.6923076923076923,0.0,0.6044621914625168,0.5902625471353531,0.04699365422129631,0.14463290013372898,0.0,0.0,0.0,0.0,0.0,18473,global,0.0
1,3,lr5e-05_bs16_drop0p2_temp2p0_a0p25_b0p05__wd1e-04trmiss0_degmodglobal,16,5e-05,0.0001,0.2,2.0,0.25,0.05,lr5e-05_bs16_drop0p2_temp2p0_a0p25_b0p05__wd1e-04trmiss0_degmodglobal,13,0.5885570794343948,0.6760097146034241,0.75,0.8909171075837743,0.5384615384615384,0.0,0.6378055661916733,0.5704628527164459,0.05191941000521183,0.1022872207686305,0.0,0.0,0.0,0.0,0.0,18473,global,0.0
1,3,lr5e-05_bs16_drop0p2_temp2p0_a0p25_b0p05__wd1e-04trmiss0_degmodglobal,16,5e-05,0.0001,0.2,2.0,0.25,0.05,lr5e-05_bs16_drop0p2_temp2p0_a0p25_b0p05__wd1e-04trmiss0_degmodglobal,14,0.6413883119821548,0.6882430911064148,0.6944444444444444,0.8567901234567903,0.46153846153846156,0.0,0.6788478046655655,0.6247196048498154,0.043074344750493765,0.11800236906856298,0.0,0.0,0.0,0.0,0.0,18473,global,0.0
1,3,lr5e-05_bs16_drop0p2_temp2p0_a0p25_b0p05__wd1e-04trmiss0_degmodglobal,16,5e-05,0.0001,0.2,2.0,0.25,0.05,lr5e-05_bs16_drop0p2_temp2p0_a0p25_b0p05__wd1e-04trmiss0_degmodglobal,15,0.6166112571954727,0.6835837960243225,0.7222222222222222,0.8790123456790124,0.5384615384615384,0.0,0.6237844079732895,0.5967878550291061,0.05189862661063671,0.13697470910847187,0.0,0.0,0.0,0.0,0.0,18473,global,0.0
1,3,lr5e-05_bs16_drop0p2_temp2p0_a0p25_b0p05__wd1e-04trmiss0_degmodglobal,16,5e-05,0.0001,0.2,2.0,0.25,0.05,lr5e-05_bs16_drop0p2_temp2p0_a0p25_b0p05__wd1e-04trmiss0_degmodglobal,16,0.5863544642925262,0.6772434115409851,0.6388888888888888,0.8264260430927097,0.5384615384615384,0.0,0.6207681894302368,0.5688991695642471,0.046330951154232025,0.11745098046958447,0.0,0.0,0.0,0.0,0.0,18473,global,0.0
1,3,lr5e-05_bs16_drop0p2_temp2p0_a0p25_b0p05__wd1e-04trmiss0_degmodglobal,16,5e-05,0.0001,0.2,2.0,0.25,0.05,lr5e-05_bs16_drop0p2_temp2p0_a0p25_b0p05__wd1e-04trmiss0_degmodglobal,17,0.5570324659347534,0.6732056140899658,0.6666666666666666,0.8345068511735179,0.6923076923076923,0.0,0.5965864956378937,0.5372046530246735,0.05187298823148012,0.13719163462519646,0.0,0.0,0.0,0.0,0.0,18473,global,0.0
1,3,lr5e-05_bs16_drop0p2_temp2p0_a0p25_b0p05__wd1e-04trmiss0_degmodglobal,16,5e-05,0.0001,0.2,2.0,0.25,0.05,lr5e-05_bs16_drop0p2_temp2p0_a0p25_b0p05__wd1e-04trmiss0_degmodglobal,18,0.5560116618871689,0.6708201169967651,0.6944444444444444,0.8409171075837742,0.6153846153846154,0.0,0.6102574616670609,0.5396763831377029,0.041307445615530014,0.12016862444579601,0.0,0.0,0.0,0.0,0.0,18473,global,0.0
1,3,lr5e-05_bs16_drop0p2_temp2p0_a0p25_b0p05__wd1e-04trmiss0_degmodglobal,16,5e-05,0.0001,0.2,2.0,0.25,0.05,lr5e-05_bs16_drop0p2_temp2p0_a0p25_b0p05__wd1e-04trmiss0_degmodglobal,19,0.571692168712616,0.6740099191665649,0.6388888888888888,0.8264260430927097,0.5384615384615384,0.0,0.6061844229698181,0.557287409901619,0.04200350400060415,0.07807769998908043,0.0,0.0,0.0,0.0,0.0,18473,global,0.0
1,3,lr5e-05_bs16_drop0p2_temp2p0_a0p25_b0p05__wd1e-04trmiss0_degmodglobal,16,5e-05,0.0001,0.2,2.0,0.25,0.05,lr5e-05_bs16_drop0p2_temp2p0_a0p25_b0p05__wd1e-04trmiss0_degmodglobal,20,0.5749284029006958,0.6728902459144592,0.6388888888888888,0.8264260430927097,0.6153846153846154,0.0,0.5721830427646637,0.5550093501806259,0.05093424115329981,0.1437101773917675,0.0,0.0,0.0,0.0,0.0,18473,global,0.0
1,3,lr5e-05_bs16_drop0p2_temp2p0_a0p25_b0p05__wd1e-04trmiss0_degmodglobal,16,5e-05,0.0001,0.2,2.0,0.25,0.05,lr5e-05_bs16_drop0p2_temp2p0_a0p25_b0p05__wd1e-04trmiss0_degmodglobal,21,0.5691042989492416,0.6747778654098511,0.6388888888888888,0.8264260430927097,0.6153846153846154,0.0,0.5709448158740997,0.551889032125473,0.0477988300845027,0.10531143937259912,0.0,0.0,0.0,0.0,0.0,18473,global,0.0
1,3,lr5e-05_bs16_drop0p2_temp2p0_a0p25_b0p05__wd1e-04trmiss0_degmodglobal,16,5e-05,0.0001,0.2,2.0,0.25,0.05,lr5e-05_bs16_drop0p2_temp2p0_a0p25_b0p05__wd1e-04trmiss0_degmodglobal,22,0.5614848434925079,0.6796265840530396,0.6388888888888888,0.8264260430927097,0.6153846153846154,0.0,0.5862782597541809,0.545891597867012,0.04360102862119675,0.09385975450277328,0.0,0.0,0.0,0.0,0.0,18473,global,0.0
1,3,lr5e-05_bs16_drop0p2_temp2p0_a0p25_b0p05__wd1e-04trmiss0_degmodglobal,16,5e-05,0.0001,0.2,2.0,0.25,0.05,lr5e-05_bs16_drop0p2_temp2p0_a0p25_b0p05__wd1e-04trmiss0_degmodglobal,23,0.5571006760001183,0.6768478751182556,0.6388888888888888,0.8264260430927097,0.6923076923076923,0.0,0.5874373316764832,0.5397643074393272,0.05053453706204891,0.09405423700809479,0.0,0.0,0.0,0.0,0.0,18473,global,0.0
1,3,lr5e-05_bs16_drop0p2_temp2p0_a0p25_b0p05__wd1e-04trmiss0_degmodglobal,16,5e-05,0.0001,0.2,2.0,0.25,0.05,lr5e-05_bs16_drop0p2_temp2p0_a0p25_b0p05__wd1e-04trmiss0_degmodglobal,24,0.5652230978012085,0.6790146827697754,0.6388888888888888,0.8264260430927097,0.6923076923076923,0.0,0.5860977321863174,0.5467670112848282,0.054433375131338835,0.09695476852357388,0.0,0.0,0.0,0.0,0.0,18473,global,0.0
1,3,lr5e-05_bs16_drop0p2_temp2p0_a0p25_b0p05__wd1e-04trmiss0_degmodglobal,16,5e-05,0.0001,0.2,2.0,0.25,0.05,lr5e-05_bs16_drop0p2_temp2p0_a0p25_b0p05__wd1e-04trmiss0_degmodglobal,25,0.557145744562149,0.676506519317627,0.6388888888888888,0.8264260430927097,0.6923076923076923,0.0,0.5900774896144867,0.5393694490194321,0.0524772759526968,0.09313939046114683,0.0,0.0,0.0,0.0,0.0,18473,global,0.0
1,3,lr5e-05_bs16_drop0p2_temp2p0_a0p25_b0p05__wd1e-04trmiss0_degmodglobal,16,5e-05,0.0001,0.2,2.0,0.25,0.05,lr5e-05_bs16_drop0p2_temp2p0_a0p25_b0p05__wd1e-04trmiss0_degmodglobal,26,0.556401789188385,0.6741475462913513,0.6666666666666666,0.8328362995029663,0.6153846153846154,0.0,0.5870108604431152,0.5406187176704407,0.042895153630524874,0.10118560306727886,0.0,0.0,0.0,0.0,0.0,18473,global,0.0
1,3,lr5e-05_bs16_drop0p2_temp2p0_a0p25_b0p05__wd1e-04trmiss0_degmodglobal,16,5e-05,0.0001,0.2,2.0,0.25,0.05,lr5e-05_bs16_drop0p2_temp2p0_a0p25_b0p05__wd1e-04trmiss0_degmodglobal,27,0.5385739803314209,0.6732332110404968,0.6666666666666666,0.8328362995029663,0.6153846153846154,0.0,0.5590176731348038,0.5223411023616791,0.04412207333371043,0.10404729004949331,0.0,0.0,0.0,0.0,0.0,18473,global,0.0
1,3,lr5e-05_bs16_drop0p2_temp2p0_a0p25_b0p05__wd1e-04trmiss0_degmodglobal,16,5e-05,0.0001,0.2,2.0,0.25,0.05,lr5e-05_bs16_drop0p2_temp2p0_a0p25_b0p05__wd1e-04trmiss0_degmodglobal,28,0.5655015408992767,0.6742234230041504,0.6666666666666666,0.8328362995029663,0.6923076923076923,0.0,0.5924559682607651,0.5469577014446259,0.05032248981297016,0.11926419101655483,0.0,0.0,0.0,0.0,0.0,18473,global,0.0
1,3,lr5e-05_bs16_drop0p2_temp2p0_a0p25_b0p05__wd1e-04trmiss0_degmodglobal,16,5e-05,0.0001,0.2,2.0,0.25,0.05,lr5e-05_bs16_drop0p2_temp2p0_a0p25_b0p05__wd1e-04trmiss0_degmodglobal,29,0.5535810440778732,0.6818008422851562,0.6388888888888888,0.8264260430927097,0.6153846153846154,0.0,0.5675927996635437,0.5362518131732941,0.04616902954876423,0.11573982611298561,0.0,0.0,0.0,0.0,0.0,18473,global,0.0
1,3,lr5e-05_bs16_drop0p2_temp2p0_a0p25_b0p05__wd1e-04trmiss0_degmodglobal,16,5e-05,0.0001,0.2,2.0,0.25,0.05,lr5e-05_bs16_drop0p2_temp2p0_a0p25_b0p05__wd1e-04trmiss0_degmodglobal,30,0.5414916425943375,0.6819965839385986,0.6388888888888888,0.8264260430927097,0.6153846153846154,0.0,0.5657095462083817,0.526059478521347,0.04099110048264265,0.10368818789720535,0.0,0.0,0.0,0.0,0.0,18473,global,0.0
1,3,lr5e-05_bs16_drop0p2_temp2p0_a0p25_b0p05__wd1e-04trmiss0_degmodglobal,16,5e-05,0.0001,0.2,2.0,0.25,0.05,lr5e-05_bs16_drop0p2_temp2p0_a0p25_b0p05__wd1e-04trmiss0_degmodglobal,31,0.5633968114852905,0.682630181312561,0.6388888888888888,0.8264260430927097,0.6153846153846154,0.0,0.563416600227356,0.5479640662670135,0.04522890318185091,0.08251078985631466,0.0,0.0,0.0,0.0,0.0,18473,global,0.0
1,3,lr5e-05_bs16_drop0p2_temp2p0_a0p25_b0p05__wd1e-04trmiss0_degmodglobal,16,5e-05,0.0001,0.2,2.0,0.25,0.05,lr5e-05_bs16_drop0p2_temp2p0_a0p25_b0p05__wd1e-04trmiss0_degmodglobal,32,0.5784227177500725,0.6863160729408264,0.6388888888888888,0.8264260430927097,0.5384615384615384,0.0,0.5984025150537491,0.5640883818268776,0.03932982822880149,0.09003780363127589,0.0,0.0,0.0,0.0,0.0,18473,global,0.0
1,3,lr5e-05_bs16_drop0p4_temp1p0_a0p25_b0p05__wd1e-04trmiss0_degmodglobal,16,5e-05,0.0001,0.4,1.0,0.25,0.05,lr5e-05_bs16_drop0p4_temp1p0_a0p25_b0p05__wd1e-04trmiss0_degmodglobal,1,0.7482012361288071,0.6736855506896973,0.7222222222222222,0.8643658810325479,0.6153846153846154,0.0,0.7346141040325165,0.7279592156410217,0.05257540661841631,0.1419632863253355,0.0,0.0,0.0,0.0,0.0,18473,global,0.0
1,3,lr5e-05_bs16_drop0p4_temp1p0_a0p25_b0p05__wd1e-04trmiss0_degmodglobal,16,5e-05,0.0001,0.4,1.0,0.25,0.05,lr5e-05_bs16_drop0p4_temp1p0_a0p25_b0p05__wd1e-04trmiss0_degmodglobal,2,0.718225970864296,0.6701229214668274,0.75,0.8762706429373097,0.6153846153846154,0.0,0.7531369924545288,0.6936763525009155,0.0591462217271328,0.19526119157671928,0.0,0.0,0.0,0.0,0.0,18473,global,0.0
1,3,lr5e-05_bs16_drop0p4_temp1p0_a0p25_b0p05__wd1e-04trmiss0_degmodglobal,16,5e-05,0.0001,0.4,1.0,0.25,0.05,lr5e-05_bs16_drop0p4_temp1p0_a0p25_b0p05__wd1e-04trmiss0_degmodglobal,3,0.7006464302539825,0.6696508526802063,0.7777777777777778,0.9051066217732886,0.6153846153846154,0.0,0.7238843739032745,0.6848383843898773,0.040738342329859734,0.11246888060122728,0.0,0.0,0.0,0.0,0.0,18473,global,0.0
1,3,lr5e-05_bs16_drop0p4_temp1p0_a0p25_b0p05__wd1e-04trmiss0_degmodglobal,16,5e-05,0.0001,0.4,1.0,0.25,0.05,lr5e-05_bs16_drop0p4_temp1p0_a0p25_b0p05__wd1e-04trmiss0_degmodglobal,4,0.671356737613678,0.6684428453445435,0.7777777777777778,0.9051066217732886,0.6153846153846154,0.0,0.6872213035821915,0.6524453610181808,0.051865916699171066,0.11889800895005465,0.0,0.0,0.0,0.0,0.0,18473,global,0.0
1,3,lr5e-05_bs16_drop0p4_temp1p0_a0p25_b0p05__wd1e-04trmiss0_degmodglobal,16,5e-05,0.0001,0.4,1.0,0.25,0.05,lr5e-05_bs16_drop0p4_temp1p0_a0p25_b0p05__wd1e-04trmiss0_degmodglobal,5,0.6654374599456787,0.6685119271278381,0.8055555555555556,0.9170113836780505,0.6153846153846154,0.0,0.7006710171699524,0.6433289498090744,0.05285279732197523,0.17790602147579193,0.0,0.0,0.0,0.0,0.0,18473,global,0.0
1,3,lr5e-05_bs16_drop0p4_temp1p0_a0p25_b0p05__wd1e-04trmiss0_degmodglobal,16,5e-05,0.0001,0.4,1.0,0.25,0.05,lr5e-05_bs16_drop0p4_temp1p0_a0p25_b0p05__wd1e-04trmiss0_degmodglobal,6,0.6480640470981598,0.669260561466217,0.7777777777777778,0.8984928651595319,0.6153846153846154,0.0,0.6962089985609055,0.6283806562423706,0.048213055357337,0.1526024229824543,0.0,0.0,0.0,0.0,0.0,18473,global,0.0
1,3,lr5e-05_bs16_drop0p4_temp1p0_a0p25_b0p05__wd1e-04trmiss0_degmodglobal,16,5e-05,0.0001,0.4,1.0,0.25,0.05,lr5e-05_bs16_drop0p4_temp1p0_a0p25_b0p05__wd1e-04trmiss0_degmodglobal,7,0.6512478739023209,0.6699538826942444,0.75,0.8762706429373097,0.5384615384615384,0.0,0.6536408513784409,0.6317296475172043,0.048731809481978416,0.14670545980334282,0.0,0.0,0.0,0.0,0.0,18473,global,0.0
1,3,lr5e-05_bs16_drop0p4_temp1p0_a0p25_b0p05__wd1e-04trmiss0_degmodglobal,16,5e-05,0.0001,0.4,1.0,0.25,0.05,lr5e-05_bs16_drop0p4_temp1p0_a0p25_b0p05__wd1e-04trmiss0_degmodglobal,8,0.6574397683143616,0.6717853546142578,0.7777777777777778,0.8870731120731121,0.46153846153846156,0.0,0.6426952332258224,0.6379762291908264,0.050782930105924606,0.1353561021387577,0.0,0.0,0.0,0.0,0.0,18473,global,0.0
1,3,lr5e-05_bs16_drop0p4_temp1p0_a0p25_b0p05__wd1e-04trmiss0_degmodglobal,16,5e-05,0.0001,0.4,1.0,0.25,0.05,lr5e-05_bs16_drop0p4_temp1p0_a0p25_b0p05__wd1e-04trmiss0_degmodglobal,9,0.6569007486104965,0.6671141386032104,0.75,0.8762706429373097,0.5384615384615384,0.0,0.6466331034898758,0.6353910714387894,0.051347353495657444,0.1734565682709217,0.0,0.0,0.0,0.0,0.0,18473,global,0.0
1,3,lr5e-05_bs16_drop0p4_temp1p0_a0p25_b0p05__wd1e-04trmiss0_degmodglobal,16,5e-05,0.0001,0.4,1.0,0.25,0.05,lr5e-05_bs16_drop0p4_temp1p0_a0p25_b0p05__wd1e-04trmiss0_degmodglobal,10,0.6581222116947174,0.6666352152824402,0.75,0.8762706429373097,0.5384615384615384,0.0,0.6422324776649475,0.6426807343959808,0.040453358087688684,0.1065627858042717,0.0,0.0,0.0,0.0,0.0,18473,global,0.0
1,3,lr5e-05_bs16_drop0p4_temp1p0_a0p25_b0p05__wd1e-04trmiss0_degmodglobal,16,5e-05,0.0001,0.4,1.0,0.25,0.05,lr5e-05_bs16_drop0p4_temp1p0_a0p25_b0p05__wd1e-04trmiss0_degmodglobal,11,0.6376899927854538,0.6756778359413147,0.7777777777777777,0.9094356261022929,0.6153846153846154,0.0,0.6508074551820755,0.6185080856084824,0.051873764023184776,0.12426947243511677,0.0,0.0,0.0,0.0,0.0,18473,global,0.0
1,3,lr5e-05_bs16_drop0p4_temp1p0_a0p25_b0p05__wd1e-04trmiss0_degmodglobal,16,5e-05,0.0001,0.4,1.0,0.25,0.05,lr5e-05_bs16_drop0p4_temp1p0_a0p25_b0p05__wd1e-04trmiss0_degmodglobal,12,0.6349404454231262,0.679595410823822,0.7777777777777777,0.9094356261022929,0.5384615384615384,0.0,0.6463626176118851,0.6085679680109024,0.06766169425100088,0.18914121761918068,0.0,0.0,0.0,0.0,0.0,18473,global,0.0
1,3,lr5e-05_bs16_drop0p4_temp1p0_a0p25_b0p05__wd1e-04trmiss0_degmodglobal,16,5e-05,0.0001,0.4,1.0,0.25,0.05,lr5e-05_bs16_drop0p4_temp1p0_a0p25_b0p05__wd1e-04trmiss0_degmodglobal,13,0.6250649094581604,0.677498459815979,0.7222222222222221,0.8686948853615521,0.5384615384615384,0.0,0.652440682053566,0.6111882925033569,0.03626827476546168,0.09619075525552034,0.0,0.0,0.0,0.0,0.0,18473,global,0.0
1,3,lr5e-05_bs16_drop0p4_temp1p0_a0p25_b0p05__wd1e-04trmiss0_degmodglobal,16,5e-05,0.0001,0.4,1.0,0.25,0.05,lr5e-05_bs16_drop0p4_temp1p0_a0p25_b0p05__wd1e-04trmiss0_degmodglobal,14,0.6076696813106537,0.6757990121841431,0.7777777777777777,0.9094356261022929,0.6923076923076923,0.0,0.6422037929296494,0.5893462300300598,0.05112641304731369,0.1108368020504713,0.0,0.0,0.0,0.0,0.0,18473,global,0.0
1,3,lr5e-05_bs16_drop0p4_temp1p0_a0p25_b0p05__wd1e-04trmiss0_degmodglobal,16,5e-05,0.0001,0.4,1.0,0.25,0.05,lr5e-05_bs16_drop0p4_temp1p0_a0p25_b0p05__wd1e-04trmiss0_degmodglobal,15,0.6658530682325363,0.6792755126953125,0.7777777777777777,0.9094356261022929,0.6153846153846154,0.0,0.6447739750146866,0.6416867971420288,0.06675937306135893,0.14952835347503424,0.0,0.0,0.0,0.0,0.0,18473,global,0.0
1,3,lr5e-05_bs16_drop0p4_temp1p0_a0p25_b0p05__wd1e-04trmiss0_degmodglobal,16,5e-05,0.0001,0.4,1.0,0.25,0.05,lr5e-05_bs16_drop0p4_temp1p0_a0p25_b0p05__wd1e-04trmiss0_degmodglobal,16,0.6344873607158661,0.6757845282554626,0.7777777777777777,0.9094356261022929,0.6923076923076923,0.0,0.6361782401800156,0.6155965030193329,0.04988420661538839,0.12839607149362564,0.0,0.0,0.0,0.0,0.0,18473,global,0.0
1,3,lr5e-05_bs16_drop0p4_temp1p0_a0p25_b0p05__wd1e-04trmiss0_degmodglobal,16,5e-05,0.0001,0.4,1.0,0.25,0.05,lr5e-05_bs16_drop0p4_temp1p0_a0p25_b0p05__wd1e-04trmiss0_degmodglobal,17,0.6502269357442856,0.6748483777046204,0.7777777777777777,0.9094356261022929,0.6923076923076923,0.0,0.6585419625043869,0.6265321224927902,0.06366101931780577,0.15559145994484425,0.0,0.0,0.0,0.0,0.0,18473,global,0.0
1,3,lr5e-05_bs16_drop0p4_temp1p0_a0p25_b0p05__wd1e-04trmiss0_degmodglobal,16,5e-05,0.0001,0.4,1.0,0.25,0.05,lr5e-05_bs16_drop0p4_temp1p0_a0p25_b0p05__wd1e-04trmiss0_degmodglobal,18,0.6196293383836746,0.6714206337928772,0.7777777777777777,0.9094356261022929,0.6153846153846154,0.0,0.6391116827726364,0.5977402478456497,0.05518655991181731,0.16184901259839535,0.0,0.0,0.0,0.0,0.0,18473,global,0.0
1,3,lr5e-05_bs16_drop0p4_temp1p0_a0p25_b0p05__wd1e-04trmiss0_degmodglobal,16,5e-05,0.0001,0.4,1.0,0.25,0.05,lr5e-05_bs16_drop0p4_temp1p0_a0p25_b0p05__wd1e-04trmiss0_degmodglobal,19,0.6046280860900879,0.6709734201431274,0.7222222222222221,0.8686948853615521,0.6153846153846154,0.0,0.5852543115615845,0.5880645215511322,0.04314424283802509,0.11554975248873234,0.0,0.0,0.0,0.0,0.0,18473,global,0.0
1,3,lr5e-05_bs16_drop0p4_temp1p0_a0p25_b0p05__wd1e-04trmiss0_degmodglobal,16,5e-05,0.0001,0.4,1.0,0.25,0.05,lr5e-05_bs16_drop0p4_temp1p0_a0p25_b0p05__wd1e-04trmiss0_degmodglobal,20,0.6195342242717743,0.6709011793136597,0.7222222222222221,0.8686948853615521,0.6153846153846154,0.0,0.6253609508275986,0.5999643802642822,0.050281399860978127,0.13998997025191784,0.0,0.0,0.0,0.0,0.0,18473,global,0.0
1,3,lr5e-05_bs16_drop0p4_temp1p0_a0p25_b0p05__wd1e-04trmiss0_degmodglobal,16,5e-05,0.0001,0.4,1.0,0.25,0.05,lr5e-05_bs16_drop0p4_temp1p0_a0p25_b0p05__wd1e-04trmiss0_degmodglobal,21,0.6472370624542236,0.6773517727851868,0.7777777777777777,0.9094356261022929,0.6153846153846154,0.0,0.6289386004209518,0.6257248222827911,0.055176795460283756,0.15436097979545593,0.0,0.0,0.0,0.0,0.0,18473,global,0.0
1,3,lr5e-05_bs16_drop0p4_temp1p0_a0p25_b0p05__wd1e-04trmiss0_degmodglobal,16,5e-05,0.0001,0.4,1.0,0.25,0.05,lr5e-05_bs16_drop0p4_temp1p0_a0p25_b0p05__wd1e-04trmiss0_degmodglobal,22,0.6263094395399094,0.6809394955635071,0.75,0.897530864197531,0.6153846153846154,0.0,0.6204598695039749,0.6011994034051895,0.060479290783405304,0.19980429112911224,0.0,0.0,0.0,0.0,0.0,18473,global,0.0
1,3,lr5e-05_bs16_drop0p4_temp1p0_a0p25_b0p05__wd1e-04trmiss0_degmodglobal,16,5e-05,0.0001,0.4,1.0,0.25,0.05,lr5e-05_bs16_drop0p4_temp1p0_a0p25_b0p05__wd1e-04trmiss0_degmodglobal,23,0.6300560981035233,0.6847610473632812,0.6944444444444444,0.8808080808080809,0.6923076923076923,0.0,0.6213049739599228,0.6042854934930801,0.06758244149386883,0.17749975621700287,0.0,0.0,0.0,0.0,0.0,18473,global,0.0
1,3,lr5e-05_bs16_drop0p4_temp1p0_a0p25_b0p05__wd1e-04trmiss0_degmodglobal,16,5e-05,0.0001,0.4,1.0,0.25,0.05,lr5e-05_bs16_drop0p4_temp1p0_a0p25_b0p05__wd1e-04trmiss0_degmodglobal,24,0.6265296339988708,0.6875873804092407,0.7222222222222222,0.8927128427128428,0.6923076923076923,0.0,0.6166293174028397,0.6114024668931961,0.03986628446727991,0.10321182105690241,0.0,0.0,0.0,0.0,0.0,18473,global,0.0
1,3,lr5e-05_bs16_drop0p4_temp1p0_a0p25_b0p05__wd1e-04trmiss0_degmodglobal,16,5e-05,0.0001,0.4,1.0,0.25,0.05,lr5e-05_bs16_drop0p4_temp1p0_a0p25_b0p05__wd1e-04trmiss0_degmodglobal,25,0.5889111906290054,0.6889811754226685,0.7222222222222222,0.8927128427128428,0.6923076923076923,0.0,0.5966971516609192,0.568888783454895,0.05813173996284604,0.10978943388909101,0.0,0.0,0.0,0.0,0.0,18473,global,0.0
1,3,lr5e-05_bs16_drop0p4_temp2p0_a0p25_b0p05__wd1e-04trmiss0_degmodglobal,16,5e-05,0.0001,0.4,2.0,0.25,0.05,lr5e-05_bs16_drop0p4_temp2p0_a0p25_b0p05__wd1e-04trmiss0_degmodglobal,1,0.7243843674659729,0.7147511839866638,0.4722222222222222,0.7418100418100417,0.5384615384615384,0.0,0.7591701000928879,0.6866593658924103,0.09275391139090061,0.29073021188378334,0.0,0.0,0.0,0.0,0.0,18473,global,0.0
1,3,lr5e-05_bs16_drop0p4_temp2p0_a0p25_b0p05__wd1e-04trmiss0_degmodglobal,16,5e-05,0.0001,0.4,2.0,0.25,0.05,lr5e-05_bs16_drop0p4_temp2p0_a0p25_b0p05__wd1e-04trmiss0_degmodglobal,2,0.6950197070837021,0.7190642356872559,0.4444444444444444,0.7173992673992675,0.38461538461538464,0.0,0.6780668795108795,0.6659200638532639,0.06397625152021646,0.2621119376271963,0.0,0.0,0.0,0.0,0.0,18473,global,0.0
1,3,lr5e-05_bs16_drop0p4_temp2p0_a0p25_b0p05__wd1e-04trmiss0_degmodglobal,16,5e-05,0.0001,0.4,2.0,0.25,0.05,lr5e-05_bs16_drop0p4_temp2p0_a0p25_b0p05__wd1e-04trmiss0_degmodglobal,3,0.6787362843751907,0.7220540046691895,0.4166666666666667,0.7352564102564103,0.38461538461538464,0.0,0.6921855211257935,0.6521982550621033,0.07152190059423447,0.17315096035599709,0.0,0.0,0.0,0.0,0.0,18473,global,0.0
1,3,lr5e-05_bs16_drop0p4_temp2p0_a0p25_b0p05__wd1e-04trmiss0_degmodglobal,16,5e-05,0.0001,0.4,2.0,0.25,0.05,lr5e-05_bs16_drop0p4_temp2p0_a0p25_b0p05__wd1e-04trmiss0_degmodglobal,4,0.7087541073560715,0.7278203368186951,0.41666666666666663,0.7314084064084063,0.38461538461538464,0.0,0.7094542384147644,0.6669548898935318,0.09095900505781174,0.38118960335850716,0.0,0.0,0.0,0.0,0.0,18473,global,0.0
1,3,lr5e-05_bs16_drop0p4_temp2p0_a0p25_b0p05__wd1e-04trmiss0_degmodglobal,16,5e-05,0.0001,0.4,2.0,0.25,0.05,lr5e-05_bs16_drop0p4_temp2p0_a0p25_b0p05__wd1e-04trmiss0_degmodglobal,5,0.6823424994945526,0.7330464720726013,0.41666666666666663,0.7314084064084063,0.38461538461538464,0.0,0.6526343822479248,0.6545637995004654,0.07183897402137518,0.1963791623711586,0.0,0.0,0.0,0.0,0.0,18473,global,0.0
1,3,lr5e-05_bs16_drop0p4_temp2p0_a0p25_b0p05__wd1e-04trmiss0_degmodglobal,16,5e-05,0.0001,0.4,2.0,0.25,0.05,lr5e-05_bs16_drop0p4_temp2p0_a0p25_b0p05__wd1e-04trmiss0_degmodglobal,6,0.6849100142717361,0.7364481687545776,0.41666666666666663,0.7314084064084063,0.38461538461538464,0.0,0.6308678090572357,0.6552999913692474,0.07934558298438787,0.19547229260206223,0.0,0.0,0.0,0.0,0.0,18473,global,0.0
1,3,lr5e-05_bs16_drop0p4_temp2p0_a0p25_b0p05__wd1e-04trmiss0_degmodglobal,16,5e-05,0.0001,0.4,2.0,0.25,0.05,lr5e-05_bs16_drop0p4_temp2p0_a0p25_b0p05__wd1e-04trmiss0_degmodglobal,7,0.672510027885437,0.7380176186561584,0.38888888888888884,0.7202972952972952,0.38461538461538464,0.0,0.6892095655202866,0.6467388272285461,0.07424063887447119,0.1442208681255579,0.0,0.0,0.0,0.0,0.0,18473,global,0.0
1,3,lr5e-05_bs16_drop0p4_temp2p0_a0p25_b0p05__wd1e-04trmiss0_degmodglobal,16,5e-05,0.0001,0.4,2.0,0.25,0.05,lr5e-05_bs16_drop0p4_temp2p0_a0p25_b0p05__wd1e-04trmiss0_degmodglobal,8,0.6450315862894058,0.7353214621543884,0.38888888888888884,0.7202972952972952,0.38461538461538464,0.0,0.6407432854175568,0.6173025965690613,0.07011184934526682,0.20402039773762226,0.0,0.0,0.0,0.0,0.0,18473,global,0.0
1,3,lr5e-05_bs16_drop0p4_temp2p0_a0p25_b0p05__wd1e-04trmiss0_degmodglobal,16,5e-05,0.0001,0.4,2.0,0.25,0.05,lr5e-05_bs16_drop0p4_temp2p0_a0p25_b0p05__wd1e-04trmiss0_degmodglobal,9,0.6606884747743607,0.7361583113670349,0.38888888888888884,0.7202972952972952,0.38461538461538464,0.0,0.6123992502689362,0.6281969547271729,0.08063630294054747,0.2466490902006626,0.0,0.0,0.0,0.0,0.0,18473,global,0.0
1,3,lr5e-05_bs16_drop0p4_temp2p0_a0p25_b0p05__wd1e-04trmiss0_degmodglobal,16,5e-05,0.0001,0.4,2.0,0.25,0.05,lr5e-05_bs16_drop0p4_temp2p0_a0p25_b0p05__wd1e-04trmiss0_degmodglobal,10,0.6796955615282059,0.7292373180389404,0.38888888888888884,0.7202972952972952,0.38461538461538464,0.0,0.6401924937963486,0.6507504135370255,0.08056971896439791,0.17605410516262054,0.0,0.0,0.0,0.0,0.0,18473,global,0.0
1,3,lr5e-05_bs16_drop0p4_temp2p0_a0p25_b0p05__wd1e-04trmiss0_degmodglobal,16,5e-05,0.0001,0.4,2.0,0.25,0.05,lr5e-05_bs16_drop0p4_temp2p0_a0p25_b0p05__wd1e-04trmiss0_degmodglobal,11,0.6175950616598129,0.7281724214553833,0.38888888888888884,0.7202972952972952,0.38461538461538464,0.0,0.6282228231430054,0.5937421321868896,0.06691453792154789,0.14248567819595337,0.0,0.0,0.0,0.0,0.0,18473,global,0.0
1,3,lr5e-05_bs16_drop0p4_temp2p0_a0p25_b0p05__wd1e-04trmiss0_degmodglobal,16,5e-05,0.0001,0.4,2.0,0.25,0.05,lr5e-05_bs16_drop0p4_temp2p0_a0p25_b0p05__wd1e-04trmiss0_degmodglobal,12,0.6419576406478882,0.7248862385749817,0.38888888888888884,0.7202972952972952,0.3076923076923077,0.0,0.5986580848693848,0.6094365566968918,0.090829037129879,0.1962764449417591,0.0,0.0,0.0,0.0,0.0,18473,global,0.0
1,3,lr5e-05_bs16_drop0p4_temp2p0_a0p25_b0p05__wd1e-04trmiss0_degmodglobal,16,5e-05,0.0001,0.4,2.0,0.25,0.05,lr5e-05_bs16_drop0p4_temp2p0_a0p25_b0p05__wd1e-04trmiss0_degmodglobal,13,0.6089275479316711,0.725269079208374,0.3611111111111111,0.7176036926036926,0.3076923076923077,0.0,0.6292242705821991,0.5817909613251686,0.06820269022136927,0.2017189972102642,0.0,0.0,0.0,0.0,0.0,18473,global,0.0
1,3,lr5e-05_bs16_drop0p4_temp2p0_a0p25_b0p05__wd1e-04trmiss0_degmodglobal,16,5e-05,0.0001,0.4,2.0,0.25,0.05,lr5e-05_bs16_drop0p4_temp2p0_a0p25_b0p05__wd1e-04trmiss0_degmodglobal,14,0.6569407433271408,0.7288417220115662,0.3611111111111111,0.7176036926036926,0.38461538461538464,0.0,0.6482397317886353,0.6344002187252045,0.06079429108649492,0.14683875627815723,0.0,0.0,0.0,0.0,0.0,18473,global,0.0
1,3,lr5e-05_bs16_drop0p4_temp2p0_a0p25_b0p05__wd1e-04trmiss0_degmodglobal,16,5e-05,0.0001,0.4,2.0,0.25,0.05,lr5e-05_bs16_drop0p4_temp2p0_a0p25_b0p05__wd1e-04trmiss0_degmodglobal,15,0.6298966407775879,0.7368782162666321,0.36111111111111105,0.6972333222333222,0.46153846153846156,0.0,0.6323728710412979,0.6038993895053864,0.06988938804715872,0.17049861699342728,0.0,0.0,0.0,0.0,0.0,18473,global,0.0
1,3,lr5e-05_bs16_drop0p4_temp2p0_a0p25_b0p05__wd1e-04trmiss0_degmodglobal,16,5e-05,0.0001,0.4,2.0,0.25,0.05,lr5e-05_bs16_drop0p4_temp2p0_a0p25_b0p05__wd1e-04trmiss0_degmodglobal,16,0.6273203194141388,0.7372955679893494,0.36111111111111105,0.6972333222333222,0.46153846153846156,0.0,0.6109321713447571,0.601994052529335,0.0664230678230524,0.17441066727042198,0.0,0.0,0.0,0.0,0.0,18473,global,0.0
1,3,lr5e-05_bs16_drop0p4_temp2p0_a0p25_b0p05__wd1e-04trmiss0_degmodglobal,16,5e-05,0.0001,0.4,2.0,0.25,0.05,lr5e-05_bs16_drop0p4_temp2p0_a0p25_b0p05__wd1e-04trmiss0_degmodglobal,17,0.6410093158483505,0.7339086532592773,0.36111111111111105,0.6972333222333222,0.38461538461538464,0.0,0.6190957576036453,0.6064818650484085,0.09151002019643784,0.23299876600503922,0.0,0.0,0.0,0.0,0.0,18473,global,0.0
1,3,lr5e-05_bs16_drop0p4_temp2p0_a0p25_b0p05__wd1e-04trmiss0_degmodglobal,16,5e-05,0.0001,0.4,2.0,0.25,0.05,lr5e-05_bs16_drop0p4_temp2p0_a0p25_b0p05__wd1e-04trmiss0_degmodglobal,18,0.6274278610944748,0.7277703881263733,0.38888888888888884,0.7342703592703592,0.38461538461538464,0.0,0.6000310927629471,0.6023980677127838,0.06529512908309698,0.174119564704597,0.0,0.0,0.0,0.0,0.0,18473,global,0.0
1,3,lr5e-05_bs16_drop0p4_temp2p0_a0p25_b0p05__wd1e-04trmiss0_degmodglobal,16,5e-05,0.0001,0.4,2.0,0.25,0.05,lr5e-05_bs16_drop0p4_temp2p0_a0p25_b0p05__wd1e-04trmiss0_degmodglobal,19,0.6205992251634598,0.7290436029434204,0.3611111111111111,0.7176036926036926,0.38461538461538464,0.0,0.6421884745359421,0.5987976491451263,0.05771825276315212,0.1474398970603943,0.0,0.0,0.0,0.0,0.0,18473,global,0.0
1,3,lr5e-05_bs16_drop0p4_temp2p0_a0p25_b0p05__wd1e-04trmiss0_degmodglobal,16,5e-05,0.0001,0.4,2.0,0.25,0.05,lr5e-05_bs16_drop0p4_temp2p0_a0p25_b0p05__wd1e-04trmiss0_degmodglobal,20,0.6746190190315247,0.7262381315231323,0.41666666666666663,0.7413410663410664,0.38461538461538464,0.0,0.5639557838439941,0.6388552039861679,0.09589279256761074,0.235812209546566,0.0,0.0,0.0,0.0,0.0,18473,global,0.0
1,3,lr5e-05_bs16_drop0p4_temp2p0_a0p25_b0p05__wd1e-04trmiss0_degmodglobal,16,5e-05,0.0001,0.4,2.0,0.25,0.05,lr5e-05_bs16_drop0p4_temp2p0_a0p25_b0p05__wd1e-04trmiss0_degmodglobal,21,0.6744274199008942,0.725324809551239,0.4444444444444444,0.7480750730750731,0.38461538461538464,0.0,0.6279021948575974,0.6423683315515518,0.08140521682798862,0.2341558262705803,0.0,0.0,0.0,0.0,0.0,18473,global,0.0
1,3,lr5e-05_bs16_drop0p4_temp2p0_a0p25_b0p05__wd1e-04trmiss0_degmodglobal,16,5e-05,0.0001,0.4,2.0,0.25,0.05,lr5e-05_bs16_drop0p4_temp2p0_a0p25_b0p05__wd1e-04trmiss0_degmodglobal,22,0.6291455924510956,0.7303729057312012,0.41666666666666663,0.7413410663410664,0.38461538461538464,0.0,0.5836714804172516,0.5987557917833328,0.07998493500053883,0.20787150412797928,0.0,0.0,0.0,0.0,0.0,18473,global,0.0
1,3,lr5e-05_bs16_drop0p4_temp2p0_a0p25_b0p05__wd1e-04trmiss0_degmodglobal,16,5e-05,0.0001,0.4,2.0,0.25,0.05,lr5e-05_bs16_drop0p4_temp2p0_a0p25_b0p05__wd1e-04trmiss0_degmodglobal,23,0.6411953717470169,0.7282716035842896,0.41666666666666663,0.7413410663410664,0.38461538461538464,0.0,0.5768062323331833,0.6121513247489929,0.07796366699039936,0.19106272421777248,0.0,0.0,0.0,0.0,0.0,18473,global,0.0
1,3,lr5e-05_bs16_drop0p4_temp2p0_a0p25_b0p05__wd1e-04trmiss0_degmodglobal,16,5e-05,0.0001,0.4,2.0,0.25,0.05,lr5e-05_bs16_drop0p4_temp2p0_a0p25_b0p05__wd1e-04trmiss0_degmodglobal,24,0.637416422367096,0.7350360155105591,0.4444444444444444,0.7519230769230769,0.38461538461538464,0.0,0.5958547592163086,0.605973020195961,0.07575883716344833,0.25007362850010395,0.0,0.0,0.0,0.0,0.0,18473,global,0.0
1,3,lr5e-05_bs16_drop0p4_temp2p0_a0p25_b0p05__wd1e-04trmiss0_degmodglobal,16,5e-05,0.0001,0.4,2.0,0.25,0.05,lr5e-05_bs16_drop0p4_temp2p0_a0p25_b0p05__wd1e-04trmiss0_degmodglobal,25,0.62325519323349,0.7379820942878723,0.41666666666666663,0.7413410663410664,0.38461538461538464,0.0,0.6036437004804611,0.5935430973768234,0.07961747609078884,0.19615473225712776,0.0,0.0,0.0,0.0,0.0,18473,global,0.0
1,3,lr5e-05_bs16_drop0p4_temp2p0_a0p25_b0p05__wd1e-04trmiss0_degmodglobal,16,5e-05,0.0001,0.4,2.0,0.25,0.05,lr5e-05_bs16_drop0p4_temp2p0_a0p25_b0p05__wd1e-04trmiss0_degmodglobal,26,0.6348631381988525,0.7350255846977234,0.41666666666666663,0.7413410663410664,0.38461538461538464,0.0,0.5750134885311127,0.605390191078186,0.07919591013342142,0.193479273468256,0.0,0.0,0.0,0.0,0.0,18473,global,0.0
1,3,lr5e-05_bs16_drop0p4_temp2p0_a0p25_b0p05__wd1e-04trmiss0_degmodglobal,16,5e-05,0.0001,0.4,2.0,0.25,0.05,lr5e-05_bs16_drop0p4_temp2p0_a0p25_b0p05__wd1e-04trmiss0_degmodglobal,27,0.6335542649030685,0.7360721826553345,0.41666666666666663,0.7413410663410664,0.38461538461538464,0.0,0.5776778608560562,0.5974832624197006,0.09097396768629551,0.2665503192692995,0.0,0.0,0.0,0.0,0.0,18473,global,0.0
1,3,lr5e-05_bs16_drop0p4_temp2p0_a0p25_b0p05__wd1e-04trmiss0_degmodglobal,16,5e-05,0.0001,0.4,2.0,0.25,0.05,lr5e-05_bs16_drop0p4_temp2p0_a0p25_b0p05__wd1e-04trmiss0_degmodglobal,28,0.6036814600229263,0.7384113669395447,0.41666666666666663,0.7413410663410664,0.46153846153846156,0.0,0.5621043890714645,0.5747220367193222,0.07918249908834696,0.18327631801366806,0.0,0.0,0.0,0.0,0.0,18473,global,0.0
1,3,lr5e-05_bs16_drop0p4_temp2p0_a0p25_b0p05__wd1e-04trmiss0_degmodglobal,16,5e-05,0.0001,0.4,2.0,0.25,0.05,lr5e-05_bs16_drop0p4_temp2p0_a0p25_b0p05__wd1e-04trmiss0_degmodglobal,29,0.609421968460083,0.7415101528167725,0.41666666666666663,0.7413410663410664,0.46153846153846156,0.0,0.5613013505935669,0.5760060101747513,0.09321592841297388,0.20223941281437874,0.0,0.0,0.0,0.0,0.0,18473,global,0.0
1,3,lr5e-05_bs16_drop0p4_temp2p0_a0p25_b0p05__wd1e-04trmiss0_degmodglobal,16,5e-05,0.0001,0.4,2.0,0.25,0.05,lr5e-05_bs16_drop0p4_temp2p0_a0p25_b0p05__wd1e-04trmiss0_degmodglobal,30,0.6434206068515778,0.7445439696311951,0.41666666666666663,0.7413410663410664,0.46153846153846156,0.0,0.5622393041849136,0.6120788007974625,0.07721462287008762,0.2407628297805786,0.0,0.0,0.0,0.0,0.0,18473,global,0.0
1,3,lr5e-05_bs16_drop0p4_temp2p0_a0p25_b0p05__wd1e-04trmiss0_degmodglobal,16,5e-05,0.0001,0.4,2.0,0.25,0.05,lr5e-05_bs16_drop0p4_temp2p0_a0p25_b0p05__wd1e-04trmiss0_degmodglobal,31,0.637392207980156,0.7386800050735474,0.4444444444444444,0.7691188441188441,0.46153846153846156,0.0,0.5831181555986404,0.6083370745182037,0.07368797529488802,0.21266263909637928,0.0,0.0,0.0,0.0,0.0,18473,global,0.0
1,3,lr5e-05_bs16_drop0p4_temp2p0_a0p25_b0p05__wd1e-04trmiss0_degmodglobal,16,5e-05,0.0001,0.4,2.0,0.25,0.05,lr5e-05_bs16_drop0p4_temp2p0_a0p25_b0p05__wd1e-04trmiss0_degmodglobal,32,0.6025476604700089,0.7420024871826172,0.4444444444444444,0.7691188441188441,0.46153846153846156,0.0,0.544736459851265,0.5715835243463516,0.08806183654814959,0.1789737530052662,0.0,0.0,0.0,0.0,0.0,18473,global,0.0
1,3,lr5e-05_bs16_drop0p4_temp2p0_a0p25_b0p05__wd1e-04trmiss0_degmodglobal,16,5e-05,0.0001,0.4,2.0,0.25,0.05,lr5e-05_bs16_drop0p4_temp2p0_a0p25_b0p05__wd1e-04trmiss0_degmodglobal,33,0.6259125173091888,0.7380347847938538,0.4722222222222222,0.7797008547008548,0.46153846153846156,0.0,0.5290411710739136,0.5944422334432602,0.08748207055032253,0.19199556671082973,0.0,0.0,0.0,0.0,0.0,18473,global,0.0
1,3,lr5e-05_bs16_drop0p4_temp2p0_a0p25_b0p05__wd1e-04trmiss0_degmodglobal,16,5e-05,0.0001,0.4,2.0,0.25,0.05,lr5e-05_bs16_drop0p4_temp2p0_a0p25_b0p05__wd1e-04trmiss0_degmodglobal,34,0.6276703923940659,0.7330626249313354,0.4444444444444444,0.7480750730750731,0.46153846153846156,0.0,0.5525738671422005,0.5992342382669449,0.08135616034269333,0.16194232180714607,0.0,0.0,0.0,0.0,0.0,18473,global,0.0
1,3,lr5e-05_bs16_drop0p4_temp2p0_a0p25_b0p05__wd1e-04trmiss0_degmodglobal,16,5e-05,0.0001,0.4,2.0,0.25,0.05,lr5e-05_bs16_drop0p4_temp2p0_a0p25_b0p05__wd1e-04trmiss0_degmodglobal,35,0.6424406617879868,0.7340036034584045,0.4722222222222222,0.7797008547008548,0.46153846153846156,0.0,0.6292303800582886,0.6141057461500168,0.07608532346785069,0.18627173639833927,0.0,0.0,0.0,0.0,0.0,18473,global,0.0
1,3,lr5e-05_bs16_drop0p4_temp2p0_a0p25_b0p05__wd1e-04trmiss0_degmodglobal,16,5e-05,0.0001,0.4,2.0,0.25,0.05,lr5e-05_bs16_drop0p4_temp2p0_a0p25_b0p05__wd1e-04trmiss0_degmodglobal,36,0.6321912109851837,0.7367448210716248,0.4722222222222222,0.7797008547008548,0.46153846153846156,0.0,0.5288628041744232,0.5983048528432846,0.08894164022058249,0.23301886022090912,0.0,0.0,0.0,0.0,0.0,18473,global,0.0
1,3,lr5e-05_bs16_drop0p4_temp2p0_a0p25_b0p05__wd1e-04trmiss0_degmodglobal,16,5e-05,0.0001,0.4,2.0,0.25,0.05,lr5e-05_bs16_drop0p4_temp2p0_a0p25_b0p05__wd1e-04trmiss0_degmodglobal,37,0.6124779284000397,0.7296686172485352,0.4722222222222222,0.7667378917378918,0.46153846153846156,0.0,0.552860327064991,0.5838102102279663,0.08312619384378195,0.15772333182394505,0.0,0.0,0.0,0.0,0.0,18473,global,0.0
1,3,lr5e-05_bs16_drop0p4_temp2p0_a0p25_b0p05__wd1e-04trmiss0_degmodglobal,16,5e-05,0.0001,0.4,2.0,0.25,0.05,lr5e-05_bs16_drop0p4_temp2p0_a0p25_b0p05__wd1e-04trmiss0_degmodglobal,38,0.6159386187791824,0.7277736663818359,0.4722222222222222,0.7667378917378918,0.46153846153846156,0.0,0.5364227443933487,0.5727040022611618,0.12117292452603579,0.25882742181420326,0.0,0.0,0.0,0.0,0.0,18473,global,0.0
1,3,lr5e-05_bs16_drop0p4_temp2p0_a0p25_b0p05__wd1e-04trmiss0_degmodglobal,16,5e-05,0.0001,0.4,2.0,0.25,0.05,lr5e-05_bs16_drop0p4_temp2p0_a0p25_b0p05__wd1e-04trmiss0_degmodglobal,39,0.6288293749094009,0.7322875261306763,0.4722222222222222,0.7667378917378918,0.46153846153846156,0.0,0.5440904498100281,0.5901064872741699,0.11182647850364447,0.21532578766345978,0.0,0.0,0.0,0.0,0.0,18473,global,0.0
1,3,lr5e-05_bs16_drop0p4_temp2p0_a0p25_b0p05__wd1e-04trmiss0_degmodglobal,16,5e-05,0.0001,0.4,2.0,0.25,0.05,lr5e-05_bs16_drop0p4_temp2p0_a0p25_b0p05__wd1e-04trmiss0_degmodglobal,40,0.631084144115448,0.7350183129310608,0.4444444444444444,0.7519230769230769,0.46153846153846156,0.0,0.5439837276935577,0.5964775383472443,0.09240654110908508,0.23009952157735825,0.0,0.0,0.0,0.0,0.0,18473,global,0.0
1,3,lr5e-05_bs16_drop0p4_temp2p0_a0p25_b0p05__wd1e-04trmiss0_degmodglobal,16,5e-05,0.0001,0.4,2.0,0.25,0.05,lr5e-05_bs16_drop0p4_temp2p0_a0p25_b0p05__wd1e-04trmiss0_degmodglobal,41,0.5844841152429581,0.731659471988678,0.5,0.7734718984718985,0.46153846153846156,0.0,0.5254535749554634,0.556156687438488,0.08364660292863846,0.1483154185116291,0.0,0.0,0.0,0.0,0.0,18473,global,0.0
1,3,lr5e-05_bs16_drop0p4_temp2p0_a0p25_b0p05__wd1e-04trmiss0_degmodglobal,16,5e-05,0.0001,0.4,2.0,0.25,0.05,lr5e-05_bs16_drop0p4_temp2p0_a0p25_b0p05__wd1e-04trmiss0_degmodglobal,42,0.6035386025905609,0.7284751534461975,0.5,0.7864348614348615,0.46153846153846156,0.0,0.5574835538864136,0.5718061476945877,0.09554163506254554,0.15694139525294304,0.0,0.0,0.0,0.0,0.0,18473,global,0.0
1,3,lr5e-05_bs16_drop0p4_temp2p0_a0p25_b0p05__wd1e-04trmiss0_degmodglobal,16,5e-05,0.0001,0.4,2.0,0.25,0.05,lr5e-05_bs16_drop0p4_temp2p0_a0p25_b0p05__wd1e-04trmiss0_degmodglobal,43,0.6135939359664917,0.7286975383758545,0.4722222222222222,0.7364348614348615,0.46153846153846156,0.0,0.5682010501623154,0.575895369052887,0.0981565248221159,0.26318903267383575,0.0,0.0,0.0,0.0,0.0,18473,global,0.0
1,3,lr5e-05_bs16_drop0p4_temp2p0_a0p25_b0p05__wd1e-04trmiss0_degmodglobal,16,5e-05,0.0001,0.4,2.0,0.25,0.05,lr5e-05_bs16_drop0p4_temp2p0_a0p25_b0p05__wd1e-04trmiss0_degmodglobal,44,0.676914632320404,0.733994722366333,0.4722222222222222,0.7364348614348615,0.46153846153846156,0.0,0.564143717288971,0.6429270952939987,0.08432868681848049,0.25810741633176804,0.0,0.0,0.0,0.0,0.0,18473,global,0.0
1,3,lr5e-05_bs16_drop0p4_temp2p0_a0p25_b0p05__wd1e-04trmiss0_degmodglobal,16,5e-05,0.0001,0.4,2.0,0.25,0.05,lr5e-05_bs16_drop0p4_temp2p0_a0p25_b0p05__wd1e-04trmiss0_degmodglobal,45,0.6437386572360992,0.735986053943634,0.4722222222222222,0.7364348614348615,0.46153846153846156,0.0,0.5173080936074257,0.597758561372757,0.11364779807627201,0.3513627201318741,0.0,0.0,0.0,0.0,0.0,18473,global,0.0
1,3,lr5e-05_bs16_drop0p4_temp2p0_a0p25_b0p05__wd1e-04trmiss0_degmodglobal,16,5e-05,0.0001,0.4,2.0,0.25,0.05,lr5e-05_bs16_drop0p4_temp2p0_a0p25_b0p05__wd1e-04trmiss0_degmodglobal,46,0.6143668293952942,0.7375607490539551,0.4444444444444444,0.7216200466200466,0.46153846153846156,0.0,0.5370559990406036,0.5830239206552505,0.08395223692059517,0.2070967797189951,0.0,0.0,0.0,0.0,0.0,18473,global,0.0
1,3,lr5e-05_bs16_drop0p4_temp2p0_a0p25_b0p05__wd1e-04trmiss0_degmodglobal,16,5e-05,0.0001,0.4,2.0,0.25,0.05,lr5e-05_bs16_drop0p4_temp2p0_a0p25_b0p05__wd1e-04trmiss0_degmodglobal,47,0.6128453463315964,0.7336224317550659,0.4722222222222222,0.7364348614348615,0.46153846153846156,0.0,0.5410048514604568,0.5780741721391678,0.09400629438459873,0.2253919430077076,0.0,0.0,0.0,0.0,0.0,18473,global,0.0
1,3,lr5e-05_bs16_drop0p4_temp2p0_a0p25_b0p05__wd1e-04trmiss0_degmodglobal,16,5e-05,0.0001,0.4,2.0,0.25,0.05,lr5e-05_bs16_drop0p4_temp2p0_a0p25_b0p05__wd1e-04trmiss0_degmodglobal,48,0.6162951439619064,0.7319996356964111,0.5,0.7734718984718985,0.46153846153846156,0.0,0.5232297256588936,0.5792055279016495,0.09027683455497026,0.29040777683258057,0.0,0.0,0.0,0.0,0.0,18473,global,0.0
1,3,lr5e-05_bs16_drop0p4_temp2p0_a0p25_b0p05__wd1e-04trmiss0_degmodglobal,16,5e-05,0.0001,0.4,2.0,0.25,0.05,lr5e-05_bs16_drop0p4_temp2p0_a0p25_b0p05__wd1e-04trmiss0_degmodglobal,49,0.5998689085245132,0.7275465726852417,0.5,0.7734718984718985,0.46153846153846156,0.0,0.5379755347967148,0.5687461048364639,0.0883137509226799,0.18088771123439074,0.0,0.0,0.0,0.0,0.0,18473,global,0.0
1,3,lr5e-05_bs16_drop0p4_temp2p0_a0p25_b0p05__wd1e-04trmiss0_degmodglobal,16,5e-05,0.0001,0.4,2.0,0.25,0.05,lr5e-05_bs16_drop0p4_temp2p0_a0p25_b0p05__wd1e-04trmiss0_degmodglobal,50,0.6089044660329819,0.7238661050796509,0.5,0.7734718984718985,0.46153846153846156,0.0,0.5371612012386322,0.5766389518976212,0.08253157511353493,0.23265215754508972,0.0,0.0,0.0,0.0,0.0,18473,global,0.0
1,3,lr5e-05_bs16_drop0p4_temp2p0_a0p25_b0p05__wd1e-04trmiss0_degmodglobal,16,5e-05,0.0001,0.4,2.0,0.25,0.05,lr5e-05_bs16_drop0p4_temp2p0_a0p25_b0p05__wd1e-04trmiss0_degmodglobal,51,0.6332355588674545,0.7253945469856262,0.4722222222222222,0.7586570836570836,0.46153846153846156,0.0,0.5220339298248291,0.5968794375658035,0.09561093524098396,0.2490679696202278,0.0,0.0,0.0,0.0,0.0,18473,global,0.0
1,3,lr5e-05_bs16_drop0p4_temp2p0_a0p25_b0p05__wd1e-04trmiss0_degmodglobal,16,5e-05,0.0001,0.4,2.0,0.25,0.05,lr5e-05_bs16_drop0p4_temp2p0_a0p25_b0p05__wd1e-04trmiss0_degmodglobal,52,0.6203605532646179,0.726593017578125,0.5,0.7734718984718985,0.46153846153846156,0.0,0.5177980437874794,0.5809356272220612,0.10192700661718845,0.2788633182644844,0.0,0.0,0.0,0.0,0.0,18473,global,0.0
1,3,lr5e-05_bs16_drop0p4_temp2p0_a0p25_b0p05__wd1e-04trmiss0_degmodglobal,16,5e-05,0.0001,0.4,2.0,0.25,0.05,lr5e-05_bs16_drop0p4_temp2p0_a0p25_b0p05__wd1e-04trmiss0_degmodglobal,53,0.6271584331989288,0.7306822538375854,0.4444444444444444,0.7519230769230769,0.46153846153846156,0.0,0.5385463684797287,0.5985621213912964,0.08202727418392897,0.16178957745432854,0.0,0.0,0.0,0.0,0.0,18473,global,0.0
1,3,lr5e-05_bs16_drop0p4_temp2p0_a0p25_b0p05__wd1e-04trmiss0_degmodglobal,16,5e-05,0.0001,0.4,2.0,0.25,0.05,lr5e-05_bs16_drop0p4_temp2p0_a0p25_b0p05__wd1e-04trmiss0_degmodglobal,54,0.668587327003479,0.7414501309394836,0.4722222222222222,0.7586570836570836,0.46153846153846156,0.0,0.5768115371465683,0.6234550923109055,0.11744596250355244,0.31541498377919197,0.0,0.0,0.0,0.0,0.0,18473,global,0.0
1,3,lr5e-05_bs16_drop0p4_temp2p0_a0p25_b0p05__wd1e-04trmiss0_degmodglobal,16,5e-05,0.0001,0.4,2.0,0.25,0.05,lr5e-05_bs16_drop0p4_temp2p0_a0p25_b0p05__wd1e-04trmiss0_degmodglobal,55,0.6381715089082718,0.7423008680343628,0.5,0.7864348614348615,0.46153846153846156,0.0,0.5941851139068604,0.5986883044242859,0.09961751289665699,0.2915763221681118,0.0,0.0,0.0,0.0,0.0,18473,global,0.0
1,3,lr5e-05_bs16_drop0p4_temp2p0_a0p25_b0p05__wd1e-04trmiss0_degmodglobal,16,5e-05,0.0001,0.4,2.0,0.25,0.05,lr5e-05_bs16_drop0p4_temp2p0_a0p25_b0p05__wd1e-04trmiss0_degmodglobal,56,0.6016383022069931,0.742786169052124,0.5,0.7864348614348615,0.46153846153846156,0.0,0.5419037789106369,0.5643088668584824,0.11293846741318703,0.1818966493010521,0.0,0.0,0.0,0.0,0.0,18473,global,0.0
1,3,lr5e-05_bs16_drop0p4_temp2p0_a0p25_b0p05__wd1e-04trmiss0_degmodglobal,16,5e-05,0.0001,0.4,2.0,0.25,0.05,lr5e-05_bs16_drop0p4_temp2p0_a0p25_b0p05__wd1e-04trmiss0_degmodglobal,57,0.6422414183616638,0.7420095801353455,0.4722222222222222,0.7758528508528508,0.46153846153846156,0.0,0.5079632624983788,0.6029713898897171,0.09744258224964142,0.29818763583898544,0.0,0.0,0.0,0.0,0.0,18473,global,0.0
1,3,lr5e-05_bs16_drop0p4_temp2p0_a0p25_b0p05__wd1e-04trmiss0_degmodglobal,16,5e-05,0.0001,0.4,2.0,0.25,0.05,lr5e-05_bs16_drop0p4_temp2p0_a0p25_b0p05__wd1e-04trmiss0_degmodglobal,58,0.6825627684593201,0.7384111285209656,0.4722222222222222,0.7797008547008548,0.46153846153846156,0.0,0.5413587912917137,0.6448885202407837,0.09843813814222813,0.2612939886748791,0.0,0.0,0.0,0.0,0.0,18473,global,0.0
1,3,lr5e-05_bs16_drop0p4_temp2p0_a0p25_b0p05__wd1e-04trmiss0_degmodglobal,16,5e-05,0.0001,0.4,2.0,0.25,0.05,lr5e-05_bs16_drop0p4_temp2p0_a0p25_b0p05__wd1e-04trmiss0_degmodglobal,59,0.6086661219596863,0.7397937774658203,0.5,0.7864348614348615,0.46153846153846156,0.0,0.5309712216258049,0.5720797330141068,0.09837085381150246,0.23987340927124023,0.0,0.0,0.0,0.0,0.0,18473,global,0.0
1,3,lr5e-05_bs16_drop0p4_temp2p0_a0p25_b0p05__wd1e-04trmiss0_degmodglobal,16,5e-05,0.0001,0.4,2.0,0.25,0.05,lr5e-05_bs16_drop0p4_temp2p0_a0p25_b0p05__wd1e-04trmiss0_degmodglobal,60,0.6193929314613342,0.7423794865608215,0.5,0.7864348614348615,0.5384615384615384,0.0,0.5555453523993492,0.5860704630613327,0.08615285344421864,0.23568495362997055,0.0,0.0,0.0,0.0,0.0,18473,global,0.0
1,3,lr5e-05_bs16_drop0p4_temp2p0_a0p25_b0p05__wd1e-04trmiss0_degmodglobal,16,5e-05,0.0001,0.4,2.0,0.25,0.05,lr5e-05_bs16_drop0p4_temp2p0_a0p25_b0p05__wd1e-04trmiss0_degmodglobal,61,0.6106308996677399,0.7428869605064392,0.4444444444444444,0.7519230769230769,0.46153846153846156,0.0,0.49627935886383057,0.5695770978927612,0.10467257909476757,0.2977129630744457,0.0,0.0,0.0,0.0,0.0,18473,global,0.0
1,3,lr5e-05_bs16_drop0p4_temp2p0_a0p25_b0p05__wd1e-04trmiss0_degmodglobal,16,5e-05,0.0001,0.4,2.0,0.25,0.05,lr5e-05_bs16_drop0p4_temp2p0_a0p25_b0p05__wd1e-04trmiss0_degmodglobal,62,0.6540545672178268,0.7404044270515442,0.4444444444444444,0.7216200466200466,0.46153846153846156,0.0,0.5928677096962929,0.6218297332525253,0.0857779048383236,0.2156073283404112,0.0,0.0,0.0,0.0,0.0,18473,global,0.0
1,3,lr5e-05_bs16_drop0p4_temp2p0_a0p25_b0p05__wd1e-04trmiss0_degmodglobal,16,5e-05,0.0001,0.4,2.0,0.25,0.05,lr5e-05_bs16_drop0p4_temp2p0_a0p25_b0p05__wd1e-04trmiss0_degmodglobal,63,0.6479576230049133,0.7375065088272095,0.4444444444444444,0.7216200466200466,0.46153846153846156,0.0,0.5344680696725845,0.6080244481563568,0.0992625467479229,0.30235065519809723,0.0,0.0,0.0,0.0,0.0,18473,global,0.0
1,3,lr5e-05_bs16_drop0p4_temp2p0_a0p25_b0p05__wd1e-04trmiss0_degmodglobal,16,5e-05,0.0001,0.4,2.0,0.25,0.05,lr5e-05_bs16_drop0p4_temp2p0_a0p25_b0p05__wd1e-04trmiss0_degmodglobal,64,0.6470256894826889,0.7412039041519165,0.4166666666666667,0.7148860398860399,0.46153846153846156,0.0,0.5756548643112183,0.6157199069857597,0.08910997305065393,0.18056571949273348,0.0,0.0,0.0,0.0,0.0,18473,global,0.0
1,3,lr5e-05_bs16_drop0p4_temp2p0_a0p25_b0p05__wd1e-04trmiss0_degmodglobal,16,5e-05,0.0001,0.4,2.0,0.25,0.05,lr5e-05_bs16_drop0p4_temp2p0_a0p25_b0p05__wd1e-04trmiss0_degmodglobal,65,0.6229929774999619,0.7419747710227966,0.4444444444444444,0.7519230769230769,0.46153846153846156,0.0,0.5401980131864548,0.5825193002820015,0.10951420105993748,0.2619025446474552,0.0,0.0,0.0,0.0,0.0,18473,global,0.0
1,3,lr5e-05_bs16_drop0p4_temp2p0_a0p25_b0p05__wd1e-04trmiss0_degmodglobal,16,5e-05,0.0001,0.4,2.0,0.25,0.05,lr5e-05_bs16_drop0p4_temp2p0_a0p25_b0p05__wd1e-04trmiss0_degmodglobal,66,0.6564527899026871,0.7401995658874512,0.4166666666666667,0.7148860398860399,0.46153846153846156,0.0,0.5219091475009918,0.6048684418201447,0.14197413064539433,0.32181617990136147,0.0,0.0,0.0,0.0,0.0,18473,global,0.0
1,3,lr5e-05_bs16_drop0p4_temp2p0_a0p25_b0p05__wd1e-04trmiss0_degmodglobal,16,5e-05,0.0001,0.4,2.0,0.25,0.05,lr5e-05_bs16_drop0p4_temp2p0_a0p25_b0p05__wd1e-04trmiss0_degmodglobal,67,0.6541962027549744,0.7392496466636658,0.5,0.7864348614348615,0.46153846153846156,0.0,0.464442677795887,0.601795107126236,0.1236259825527668,0.4298924244940281,0.0,0.0,0.0,0.0,0.0,18473,global,0.0
1,3,lr5e-05_bs16_drop0p4_temp2p0_a0p25_b0p05__wd1e-04trmiss0_degmodglobal,16,5e-05,0.0001,0.4,2.0,0.25,0.05,lr5e-05_bs16_drop0p4_temp2p0_a0p25_b0p05__wd1e-04trmiss0_degmodglobal,68,0.6372412443161011,0.7344372272491455,0.4722222222222222,0.7586570836570836,0.46153846153846156,0.0,0.5574277117848396,0.595371663570404,0.10479362681508064,0.31342365592718124,0.0,0.0,0.0,0.0,0.0,18473,global,0.0
1,3,lr5e-05_bs16_drop0p4_temp2p0_a0p25_b0p05__wd1e-04trmiss0_degmodglobal,16,5e-05,0.0001,0.4,2.0,0.25,0.05,lr5e-05_bs16_drop0p4_temp2p0_a0p25_b0p05__wd1e-04trmiss0_degmodglobal,69,0.655755415558815,0.7403032183647156,0.5,0.7864348614348615,0.46153846153846156,0.0,0.4994933679699898,0.5947516858577728,0.17010600306093693,0.36954454332590103,0.0,0.0,0.0,0.0,0.0,18473,global,0.0
1,3,lr5e-05_bs16_drop0p4_temp2p0_a0p25_b0p05__wd1e-04trmiss0_degmodglobal,16,5e-05,0.0001,0.4,2.0,0.25,0.05,lr5e-05_bs16_drop0p4_temp2p0_a0p25_b0p05__wd1e-04trmiss0_degmodglobal,70,0.5984058827161789,0.7363470196723938,0.4722222222222222,0.7586570836570836,0.46153846153846156,0.0,0.5066415816545486,0.5490120053291321,0.1509592905640602,0.233081198297441,0.0,0.0,0.0,0.0,0.0,18473,global,0.0
1,3,lr1e-05_bs16_drop0p2_temp1p0_a0p25_b0p05__wd1e-04trmiss0_degmodglobal,16,1e-05,0.0001,0.2,1.0,0.25,0.05,lr1e-05_bs16_drop0p2_temp1p0_a0p25_b0p05__wd1e-04trmiss0_degmodglobal,1,0.7227567285299301,0.709436297416687,0.38888888888888884,0.6547730047730048,0.38461538461538464,0.0,0.7354631870985031,0.7069793492555618,0.043156981002539396,0.09976223297417164,0.0,0.0,0.0,0.0,0.0,18473,global,0.0
1,3,lr1e-05_bs16_drop0p2_temp1p0_a0p25_b0p05__wd1e-04trmiss0_degmodglobal,16,1e-05,0.0001,0.2,1.0,0.25,0.05,lr1e-05_bs16_drop0p2_temp1p0_a0p25_b0p05__wd1e-04trmiss0_degmodglobal,2,0.7086137384176254,0.7083562016487122,0.41666666666666663,0.6618437118437119,0.46153846153846156,0.0,0.708141952753067,0.6925307661294937,0.041241447906941175,0.11545224860310555,0.0,0.0,0.0,0.0,0.0,18473,global,0.0
1,3,lr1e-05_bs16_drop0p2_temp1p0_a0p25_b0p05__wd1e-04trmiss0_degmodglobal,16,1e-05,0.0001,0.2,1.0,0.25,0.05,lr1e-05_bs16_drop0p2_temp1p0_a0p25_b0p05__wd1e-04trmiss0_degmodglobal,3,0.7145056873559952,0.7078784108161926,0.4444444444444444,0.7173992673992675,0.5384615384615384,0.0,0.6846424639225006,0.6965338885784149,0.04415544867515564,0.13865931704640388,0.0,0.0,0.0,0.0,0.0,18473,global,0.0
1,3,lr1e-05_bs16_drop0p2_temp1p0_a0p25_b0p05__wd1e-04trmiss0_degmodglobal,16,1e-05,0.0001,0.2,1.0,0.25,0.05,lr1e-05_bs16_drop0p2_temp1p0_a0p25_b0p05__wd1e-04trmiss0_degmodglobal,4,0.69550421833992,0.706299364566803,0.4444444444444444,0.7173992673992675,0.5384615384615384,0.0,0.695929691195488,0.6781383752822876,0.04256910737603903,0.13447106629610062,0.0,0.0,0.0,0.0,0.0,18473,global,0.0
1,3,lr1e-05_bs16_drop0p2_temp1p0_a0p25_b0p05__wd1e-04trmiss0_degmodglobal,16,1e-05,0.0001,0.2,1.0,0.25,0.05,lr1e-05_bs16_drop0p2_temp1p0_a0p25_b0p05__wd1e-04trmiss0_degmodglobal,5,0.688496395945549,0.7036577463150024,0.5,0.748880748880749,0.5384615384615384,0.0,0.6943253725767136,0.6740164011716843,0.03791958629153669,0.10000220593065023,0.0,0.0,0.0,0.0,0.0,18473,global,0.0
1,3,lr1e-05_bs16_drop0p2_temp1p0_a0p25_b0p05__wd1e-04trmiss0_degmodglobal,16,1e-05,0.0001,0.2,1.0,0.25,0.05,lr1e-05_bs16_drop0p2_temp1p0_a0p25_b0p05__wd1e-04trmiss0_degmodglobal,6,0.6863674968481064,0.6995612382888794,0.5,0.748880748880749,0.5384615384615384,0.0,0.6802887618541718,0.6716428995132446,0.03630376420915127,0.11297295242547989,0.0,0.0,0.0,0.0,0.0,18473,global,0.0
1,3,lr1e-05_bs16_drop0p2_temp1p0_a0p25_b0p05__wd1e-04trmiss0_degmodglobal,16,1e-05,0.0001,0.2,1.0,0.25,0.05,lr1e-05_bs16_drop0p2_temp1p0_a0p25_b0p05__wd1e-04trmiss0_degmodglobal,7,0.6977703124284744,0.6944152116775513,0.5833333333333334,0.8077872744539412,0.5384615384615384,0.0,0.7044602185487747,0.6802486181259155,0.04550088942050934,0.12292967177927494,0.0,0.0,0.0,0.0,0.0,18473,global,0.0
1,3,lr1e-05_bs16_drop0p2_temp1p0_a0p25_b0p05__wd1e-04trmiss0_degmodglobal,16,1e-05,0.0001,0.2,1.0,0.25,0.05,lr1e-05_bs16_drop0p2_temp1p0_a0p25_b0p05__wd1e-04trmiss0_degmodglobal,8,0.7035257816314697,0.6938109993934631,0.5833333333333334,0.8077872744539412,0.5384615384615384,0.0,0.6724100261926651,0.6873512268066406,0.042389330454170704,0.11154436692595482,0.0,0.0,0.0,0.0,0.0,18473,global,0.0
1,3,lr1e-05_bs16_drop0p2_temp1p0_a0p25_b0p05__wd1e-04trmiss0_degmodglobal,16,1e-05,0.0001,0.2,1.0,0.25,0.05,lr1e-05_bs16_drop0p2_temp1p0_a0p25_b0p05__wd1e-04trmiss0_degmodglobal,9,0.6953095048666,0.6943174004554749,0.5833333333333334,0.8269230769230771,0.6153846153846154,0.0,0.6674565076828003,0.6827581375837326,0.031379287131130695,0.0941310990601778,0.0,0.0,0.0,0.0,0.0,18473,global,0.0
1,3,lr1e-05_bs16_drop0p2_temp1p0_a0p25_b0p05__wd1e-04trmiss0_degmodglobal,16,1e-05,0.0001,0.2,1.0,0.25,0.05,lr1e-05_bs16_drop0p2_temp1p0_a0p25_b0p05__wd1e-04trmiss0_degmodglobal,10,0.676178827881813,0.6948997378349304,0.6111111111111112,0.8336570836570838,0.6153846153846154,0.0,0.6435509324073792,0.6589117795228958,0.04377213912084699,0.12648047506809235,0.0,0.0,0.0,0.0,0.0,18473,global,0.0
1,3,lr1e-05_bs16_drop0p2_temp1p0_a0p25_b0p05__wd1e-04trmiss0_degmodglobal,16,1e-05,0.0001,0.2,1.0,0.25,0.05,lr1e-05_bs16_drop0p2_temp1p0_a0p25_b0p05__wd1e-04trmiss0_degmodglobal,11,0.6845591962337494,0.6953321695327759,0.638888888888889,0.8455618455618457,0.6153846153846154,0.0,0.6637330949306488,0.6673230230808258,0.04324151575565338,0.1285155639052391,0.0,0.0,0.0,0.0,0.0,18473,global,0.0
1,3,lr1e-05_bs16_drop0p2_temp1p0_a0p25_b0p05__wd1e-04trmiss0_degmodglobal,16,1e-05,0.0001,0.2,1.0,0.25,0.05,lr1e-05_bs16_drop0p2_temp1p0_a0p25_b0p05__wd1e-04trmiss0_degmodglobal,12,0.6890668869018555,0.6968052387237549,0.6111111111111112,0.838827838827839,0.6153846153846154,0.0,0.6611800640821457,0.6753648221492767,0.034585741348564625,0.10111260786652565,0.0,0.0,0.0,0.0,0.0,18473,global,0.0
1,3,lr1e-05_bs16_drop0p2_temp1p0_a0p25_b0p05__wd1e-04trmiss0_degmodglobal,16,1e-05,0.0001,0.2,1.0,0.25,0.05,lr1e-05_bs16_drop0p2_temp1p0_a0p25_b0p05__wd1e-04trmiss0_degmodglobal,13,0.671454906463623,0.6983961462974548,0.638888888888889,0.8455618455618457,0.5384615384615384,0.0,0.679701566696167,0.6593074351549149,0.03229583241045475,0.08147033909335732,0.0,0.0,0.0,0.0,0.0,18473,global,0.0
1,3,lr1e-05_bs16_drop0p2_temp1p0_a0p25_b0p05__wd1e-04trmiss0_degmodglobal,16,1e-05,0.0001,0.2,1.0,0.25,0.05,lr1e-05_bs16_drop0p2_temp1p0_a0p25_b0p05__wd1e-04trmiss0_degmodglobal,14,0.6652620881795883,0.7000197172164917,0.6111111111111112,0.838827838827839,0.5384615384615384,0.0,0.6751096695661545,0.6531320512294769,0.03407756891101599,0.07221303042024374,0.0,0.0,0.0,0.0,0.0,18473,global,0.0
1,3,lr1e-05_bs16_drop0p2_temp1p0_a0p25_b0p05__wd1e-04trmiss0_degmodglobal,16,1e-05,0.0001,0.2,1.0,0.25,0.05,lr1e-05_bs16_drop0p2_temp1p0_a0p25_b0p05__wd1e-04trmiss0_degmodglobal,15,0.6736394315958023,0.6989867687225342,0.6111111111111112,0.838827838827839,0.5384615384615384,0.0,0.6581362634897232,0.6600772738456726,0.03810262680053711,0.0807298319414258,0.0,0.0,0.0,0.0,0.0,18473,global,0.0
1,3,lr1e-05_bs16_drop0p2_temp1p0_a0p25_b0p05__wd1e-04trmiss0_degmodglobal,16,1e-05,0.0001,0.2,1.0,0.25,0.05,lr1e-05_bs16_drop0p2_temp1p0_a0p25_b0p05__wd1e-04trmiss0_degmodglobal,16,0.6669813245534897,0.6989153623580933,0.638888888888889,0.8455618455618457,0.5384615384615384,0.0,0.646648183465004,0.653446614742279,0.03520749742165208,0.09465679712593555,0.0,0.0,0.0,0.0,0.0,18473,global,0.0
1,3,lr1e-05_bs16_drop0p2_temp1p0_a0p25_b0p05__wd1e-04trmiss0_degmodglobal,16,1e-05,0.0001,0.2,1.0,0.25,0.05,lr1e-05_bs16_drop0p2_temp1p0_a0p25_b0p05__wd1e-04trmiss0_degmodglobal,17,0.6528497487306595,0.7004063129425049,0.638888888888889,0.8455618455618457,0.5384615384615384,0.0,0.6357051879167557,0.6386149376630783,0.038873243145644665,0.09033004869706929,0.0,0.0,0.0,0.0,0.0,18473,global,0.0
1,3,lr1e-05_bs16_drop0p2_temp1p0_a0p25_b0p05__wd1e-04trmiss0_degmodglobal,16,1e-05,0.0001,0.2,1.0,0.25,0.05,lr1e-05_bs16_drop0p2_temp1p0_a0p25_b0p05__wd1e-04trmiss0_degmodglobal,18,0.6668840795755386,0.7003186345100403,0.638888888888889,0.8455618455618457,0.5384615384615384,0.0,0.6647078990936279,0.6573859453201294,0.024531957693398,0.06730322912335396,0.0,0.0,0.0,0.0,0.0,18473,global,0.0
1,3,lr1e-05_bs16_drop0p2_temp1p0_a0p25_b0p05__wd1e-04trmiss0_degmodglobal,16,1e-05,0.0001,0.2,1.0,0.25,0.05,lr1e-05_bs16_drop0p2_temp1p0_a0p25_b0p05__wd1e-04trmiss0_degmodglobal,19,0.6757645457983017,0.7000593543052673,0.638888888888889,0.8455618455618457,0.5384615384615384,0.0,0.6500332951545715,0.6612120121717453,0.03970811050385237,0.09251020103693008,0.0,0.0,0.0,0.0,0.0,18473,global,0.0
1,3,lr1e-05_bs16_drop0p2_temp1p0_a0p25_b0p05__wd1e-04trmiss0_degmodglobal,16,1e-05,0.0001,0.2,1.0,0.25,0.05,lr1e-05_bs16_drop0p2_temp1p0_a0p25_b0p05__wd1e-04trmiss0_degmodglobal,20,0.6714101284742355,0.6984331011772156,0.638888888888889,0.8455618455618457,0.5384615384615384,0.0,0.6674747169017792,0.6555516570806503,0.03982209041714668,0.11805879417806864,0.0,0.0,0.0,0.0,0.0,18473,global,0.0
1,3,lr1e-05_bs16_drop0p2_temp1p0_a0p25_b0p05__wd1e-04trmiss0_degmodglobal,16,1e-05,0.0001,0.2,1.0,0.25,0.05,lr1e-05_bs16_drop0p2_temp1p0_a0p25_b0p05__wd1e-04trmiss0_degmodglobal,21,0.6862554401159286,0.7003008127212524,0.638888888888889,0.8455618455618457,0.5384615384615384,0.0,0.6638086140155792,0.6725299209356308,0.034177674911916256,0.10362187772989273,0.0,0.0,0.0,0.0,0.0,18473,global,0.0
1,3,lr1e-05_bs16_drop0p2_temp1p0_a0p25_b0p05__wd1e-04trmiss0_degmodglobal,16,1e-05,0.0001,0.2,1.0,0.25,0.05,lr1e-05_bs16_drop0p2_temp1p0_a0p25_b0p05__wd1e-04trmiss0_degmodglobal,22,0.6505655497312546,0.7001007795333862,0.638888888888889,0.8455618455618457,0.5384615384615384,0.0,0.6152794361114502,0.6341224163770676,0.046369681134819984,0.09701444208621979,0.0,0.0,0.0,0.0,0.0,18473,global,0.0
1,3,lr1e-05_bs16_drop0p2_temp1p0_a0p25_b0p05__wd1e-04trmiss0_degmodglobal,16,1e-05,0.0001,0.2,1.0,0.25,0.05,lr1e-05_bs16_drop0p2_temp1p0_a0p25_b0p05__wd1e-04trmiss0_degmodglobal,23,0.67225481569767,0.702567994594574,0.638888888888889,0.8455618455618457,0.5384615384615384,0.0,0.6621109843254089,0.6549029052257538,0.04300366388633847,0.13201966136693954,0.0,0.0,0.0,0.0,0.0,18473,global,0.0
1,3,lr1e-05_bs16_drop0p2_temp1p0_a0p25_b0p05__wd1e-04trmiss0_degmodglobal,16,1e-05,0.0001,0.2,1.0,0.25,0.05,lr1e-05_bs16_drop0p2_temp1p0_a0p25_b0p05__wd1e-04trmiss0_degmodglobal,24,0.6620621979236603,0.7003675103187561,0.638888888888889,0.8455618455618457,0.5384615384615384,0.0,0.628684014081955,0.6517668068408966,0.02915959106758237,0.060110175516456366,0.0,0.0,0.0,0.0,0.0,18473,global,0.0
1,3,lr1e-05_bs16_drop0p2_temp1p0_a0p25_b0p05__wd1e-04trmiss0_degmodglobal,16,1e-05,0.0001,0.2,1.0,0.25,0.05,lr1e-05_bs16_drop0p2_temp1p0_a0p25_b0p05__wd1e-04trmiss0_degmodglobal,25,0.6469644457101822,0.7004497051239014,0.638888888888889,0.8455618455618457,0.5384615384615384,0.0,0.6337733715772629,0.6319094300270081,0.04142114892601967,0.09399480279535055,0.0,0.0,0.0,0.0,0.0,18473,global,0.0
1,3,lr1e-05_bs16_drop0p2_temp1p0_a0p25_b0p05__wd1e-04trmiss0_degmodglobal,16,1e-05,0.0001,0.2,1.0,0.25,0.05,lr1e-05_bs16_drop0p2_temp1p0_a0p25_b0p05__wd1e-04trmiss0_degmodglobal,26,0.667382225394249,0.7008055448532104,0.638888888888889,0.8455618455618457,0.5384615384615384,0.0,0.6609736829996109,0.6526709198951721,0.03752519376575947,0.10659995675086975,0.0,0.0,0.0,0.0,0.0,18473,global,0.0
1,3,lr1e-05_bs16_drop0p2_temp1p0_a0p25_b0p05__wd1e-04trmiss0_degmodglobal,16,1e-05,0.0001,0.2,1.0,0.25,0.05,lr1e-05_bs16_drop0p2_temp1p0_a0p25_b0p05__wd1e-04trmiss0_degmodglobal,27,0.6686834990978241,0.6983495950698853,0.638888888888889,0.8455618455618457,0.5384615384615384,0.0,0.6117318421602249,0.6507346630096436,0.04719997476786375,0.12297695130109787,0.0,0.0,0.0,0.0,0.0,18473,global,0.0
1,3,lr1e-05_bs16_drop0p2_temp1p0_a0p25_b0p05__wd1e-04trmiss0_degmodglobal,16,1e-05,0.0001,0.2,1.0,0.25,0.05,lr1e-05_bs16_drop0p2_temp1p0_a0p25_b0p05__wd1e-04trmiss0_degmodglobal,28,0.6639367192983627,0.699104905128479,0.638888888888889,0.8455618455618457,0.5384615384615384,0.0,0.6164853721857071,0.6504584550857544,0.03603793075308204,0.0893755117431283,0.0,0.0,0.0,0.0,0.0,18473,global,0.0
1,3,lr1e-05_bs16_drop0p2_temp1p0_a0p25_b0p05__wd1e-04trmiss0_degmodglobal,16,1e-05,0.0001,0.2,1.0,0.25,0.05,lr1e-05_bs16_drop0p2_temp1p0_a0p25_b0p05__wd1e-04trmiss0_degmodglobal,29,0.6608507186174393,0.7012690901756287,0.638888888888889,0.8455618455618457,0.5384615384615384,0.0,0.6237477362155914,0.6481916606426239,0.03399296524003148,0.08321642503142357,0.0,0.0,0.0,0.0,0.0,18473,global,0.0
1,3,lr1e-05_bs16_drop0p2_temp1p0_a0p25_b0p05__wd1e-04trmiss0_degmodglobal,16,1e-05,0.0001,0.2,1.0,0.25,0.05,lr1e-05_bs16_drop0p2_temp1p0_a0p25_b0p05__wd1e-04trmiss0_degmodglobal,30,0.6652354449033737,0.7028954029083252,0.638888888888889,0.8455618455618457,0.46153846153846156,0.0,0.6342814564704895,0.6529383957386017,0.03528991946950555,0.06949155684560537,0.0,0.0,0.0,0.0,0.0,18473,global,0.0
1,3,lr1e-05_bs16_drop0p2_temp1p0_a0p25_b0p05__wd1e-04trmiss0_degmodglobal,16,1e-05,0.0001,0.2,1.0,0.25,0.05,lr1e-05_bs16_drop0p2_temp1p0_a0p25_b0p05__wd1e-04trmiss0_degmodglobal,31,0.6707431375980377,0.7041434049606323,0.638888888888889,0.8455618455618457,0.46153846153846156,0.0,0.6056485325098038,0.6541775465011597,0.043452168349176645,0.11405147612094879,0.0,0.0,0.0,0.0,0.0,18473,global,0.0
1,3,lr1e-05_bs16_drop0p2_temp2p0_a0p25_b0p05__wd1e-04trmiss0_degmodglobal,16,1e-05,0.0001,0.2,2.0,0.25,0.05,lr1e-05_bs16_drop0p2_temp2p0_a0p25_b0p05__wd1e-04trmiss0_degmodglobal,1,0.7619004845619202,0.7045848369598389,0.6111111111111112,0.8336570836570838,0.46153846153846156,0.0,0.7186918258666992,0.7491978257894516,0.032466218806803226,0.09172174520790577,0.0,0.0,0.0,0.0,0.0,18473,global,0.0
1,3,lr1e-05_bs16_drop0p2_temp2p0_a0p25_b0p05__wd1e-04trmiss0_degmodglobal,16,1e-05,0.0001,0.2,2.0,0.25,0.05,lr1e-05_bs16_drop0p2_temp2p0_a0p25_b0p05__wd1e-04trmiss0_degmodglobal,2,0.7316814064979553,0.7038901448249817,0.5833333333333333,0.8204295704295705,0.46153846153846156,0.0,0.7132225632667542,0.7200524508953094,0.029798015486449003,0.08358869981020689,0.0,0.0,0.0,0.0,0.0,18473,global,0.0
1,3,lr1e-05_bs16_drop0p2_temp2p0_a0p25_b0p05__wd1e-04trmiss0_degmodglobal,16,1e-05,0.0001,0.2,2.0,0.25,0.05,lr1e-05_bs16_drop0p2_temp2p0_a0p25_b0p05__wd1e-04trmiss0_degmodglobal,3,0.7567566335201263,0.7058321237564087,0.5833333333333333,0.8204295704295705,0.46153846153846156,0.0,0.6962892264127731,0.7455465793609619,0.028320853132754564,0.08259675558656454,0.0,0.0,0.0,0.0,0.0,18473,global,0.0
1,3,lr1e-05_bs16_drop0p2_temp2p0_a0p25_b0p05__wd1e-04trmiss0_degmodglobal,16,1e-05,0.0001,0.2,2.0,0.25,0.05,lr1e-05_bs16_drop0p2_temp2p0_a0p25_b0p05__wd1e-04trmiss0_degmodglobal,4,0.7286074459552765,0.7067539691925049,0.5555555555555556,0.7926517926517926,0.46153846153846156,0.0,0.7156382352113724,0.715887114405632,0.03082087403163314,0.10030201356858015,0.0,0.0,0.0,0.0,0.0,18473,global,0.0
1,3,lr1e-05_bs16_drop0p2_temp2p0_a0p25_b0p05__wd1e-04trmiss0_degmodglobal,16,1e-05,0.0001,0.2,2.0,0.25,0.05,lr1e-05_bs16_drop0p2_temp2p0_a0p25_b0p05__wd1e-04trmiss0_degmodglobal,5,0.71974977850914,0.7053180932998657,0.5833333333333334,0.8012937679604346,0.46153846153846156,0.0,0.6829099953174591,0.7042912989854813,0.03540220996364951,0.13215894252061844,0.0,0.0,0.0,0.0,0.0,18473,global,0.0
1,3,lr1e-05_bs16_drop0p2_temp2p0_a0p25_b0p05__wd1e-04trmiss0_degmodglobal,16,1e-05,0.0001,0.2,2.0,0.25,0.05,lr1e-05_bs16_drop0p2_temp2p0_a0p25_b0p05__wd1e-04trmiss0_degmodglobal,6,0.7039177566766739,0.7072422504425049,0.5833333333333334,0.8012937679604346,0.46153846153846156,0.0,0.6886581480503082,0.6870068311691284,0.038038525730371475,0.14802578650414944,0.0,0.0,0.0,0.0,0.0,18473,global,0.0
1,3,lr1e-05_bs16_drop0p2_temp2p0_a0p25_b0p05__wd1e-04trmiss0_degmodglobal,16,1e-05,0.0001,0.2,2.0,0.25,0.05,lr1e-05_bs16_drop0p2_temp2p0_a0p25_b0p05__wd1e-04trmiss0_degmodglobal,7,0.726494237780571,0.7093390226364136,0.5555555555555556,0.7864789531456198,0.46153846153846156,0.0,0.6970532238483429,0.7124460935592651,0.0338077312335372,0.11192411929368973,0.0,0.0,0.0,0.0,0.0,18473,global,0.0
1,3,lr1e-05_bs16_drop0p2_temp2p0_a0p25_b0p05__wd1e-04trmiss0_degmodglobal,16,1e-05,0.0001,0.2,2.0,0.25,0.05,lr1e-05_bs16_drop0p2_temp2p0_a0p25_b0p05__wd1e-04trmiss0_degmodglobal,8,0.7001631259918213,0.7079532146453857,0.5555555555555556,0.7864789531456198,0.46153846153846156,0.0,0.6761104017496109,0.6838218569755554,0.03807394206523895,0.1364559903740883,0.0,0.0,0.0,0.0,0.0,18473,global,0.0
1,3,lr1e-05_bs16_drop0p2_temp2p0_a0p25_b0p05__wd1e-04trmiss0_degmodglobal,16,1e-05,0.0001,0.2,2.0,0.25,0.05,lr1e-05_bs16_drop0p2_temp2p0_a0p25_b0p05__wd1e-04trmiss0_degmodglobal,9,0.7158334106206894,0.709505558013916,0.611111111111111,0.8223375390042058,0.46153846153846156,0.0,0.6728506535291672,0.701757475733757,0.03452675836160779,0.10888513550162315,0.0,0.0,0.0,0.0,0.0,18473,global,0.0
1,3,lr1e-05_bs16_drop0p2_temp2p0_a0p25_b0p05__wd1e-04trmiss0_degmodglobal,16,1e-05,0.0001,0.2,2.0,0.25,0.05,lr1e-05_bs16_drop0p2_temp2p0_a0p25_b0p05__wd1e-04trmiss0_degmodglobal,10,0.70437091588974,0.7051936388015747,0.611111111111111,0.8223375390042058,0.5384615384615384,0.0,0.6557539999485016,0.6917917281389236,0.03271795390173793,0.08799419924616814,0.0,0.0,0.0,0.0,0.0,18473,global,0.0
1,3,lr1e-05_bs16_drop0p2_temp2p0_a0p25_b0p05__wd1e-04trmiss0_degmodglobal,16,1e-05,0.0001,0.2,2.0,0.25,0.05,lr1e-05_bs16_drop0p2_temp2p0_a0p25_b0p05__wd1e-04trmiss0_degmodglobal,11,0.708485022187233,0.7044675350189209,0.611111111111111,0.8223375390042058,0.5384615384615384,0.0,0.6786258816719055,0.6949647814035416,0.033280767034739256,0.10400065965950489,0.0,0.0,0.0,0.0,0.0,18473,global,0.0
1,3,lr1e-05_bs16_drop0p2_temp2p0_a0p25_b0p05__wd1e-04trmiss0_degmodglobal,16,1e-05,0.0001,0.2,2.0,0.25,0.05,lr1e-05_bs16_drop0p2_temp2p0_a0p25_b0p05__wd1e-04trmiss0_degmodglobal,12,0.6950613707304001,0.7060535550117493,0.611111111111111,0.8223375390042058,0.5384615384615384,0.0,0.6761543154716492,0.6802695840597153,0.03763564443215728,0.10765730403363705,0.0,0.0,0.0,0.0,0.0,18473,global,0.0
1,3,lr1e-05_bs16_drop0p2_temp2p0_a0p25_b0p05__wd1e-04trmiss0_degmodglobal,16,1e-05,0.0001,0.2,2.0,0.25,0.05,lr1e-05_bs16_drop0p2_temp2p0_a0p25_b0p05__wd1e-04trmiss0_degmodglobal,13,0.7050539255142212,0.7072802782058716,0.611111111111111,0.8223375390042058,0.46153846153846156,0.0,0.6521790772676468,0.6901158541440964,0.03435596823692322,0.12698174361139536,0.0,0.0,0.0,0.0,0.0,18473,global,0.0
1,3,lr1e-05_bs16_drop0p2_temp2p0_a0p25_b0p05__wd1e-04trmiss0_degmodglobal,16,1e-05,0.0001,0.2,2.0,0.25,0.05,lr1e-05_bs16_drop0p2_temp2p0_a0p25_b0p05__wd1e-04trmiss0_degmodglobal,14,0.7138299345970154,0.7061415910720825,0.611111111111111,0.8223375390042058,0.46153846153846156,0.0,0.655244454741478,0.6997443437576294,0.03479310404509306,0.1077459454536438,0.0,0.0,0.0,0.0,0.0,18473,global,0.0
1,3,lr1e-05_bs16_drop0p2_temp2p0_a0p25_b0p05__wd1e-04trmiss0_degmodglobal,16,1e-05,0.0001,0.2,2.0,0.25,0.05,lr1e-05_bs16_drop0p2_temp2p0_a0p25_b0p05__wd1e-04trmiss0_degmodglobal,15,0.7144800424575806,0.706635594367981,0.6388888888888888,0.8287477954144622,0.46153846153846156,0.0,0.6541130840778351,0.7009071409702301,0.03387306025251746,0.10209250822663307,0.0,0.0,0.0,0.0,0.0,18473,global,0.0
1,3,lr1e-05_bs16_drop0p2_temp2p0_a0p25_b0p05__wd1e-04trmiss0_degmodglobal,16,1e-05,0.0001,0.2,2.0,0.25,0.05,lr1e-05_bs16_drop0p2_temp2p0_a0p25_b0p05__wd1e-04trmiss0_degmodglobal,16,0.6986702531576157,0.7045153379440308,0.6388888888888888,0.8287477954144622,0.46153846153846156,0.0,0.6724157631397247,0.684488371014595,0.03625095076858997,0.10238317772746086,0.0,0.0,0.0,0.0,0.0,18473,global,0.0
1,3,lr1e-05_bs16_drop0p2_temp2p0_a0p25_b0p05__wd1e-04trmiss0_degmodglobal,16,1e-05,0.0001,0.2,2.0,0.25,0.05,lr1e-05_bs16_drop0p2_temp2p0_a0p25_b0p05__wd1e-04trmiss0_degmodglobal,17,0.7136609703302383,0.7072547078132629,0.6388888888888888,0.8287477954144622,0.46153846153846156,0.0,0.6517395675182343,0.701251432299614,0.032373249996453524,0.08632470853626728,0.0,0.0,0.0,0.0,0.0,18473,global,0.0
1,3,lr1e-05_bs16_drop0p2_temp2p0_a0p25_b0p05__wd1e-04trmiss0_degmodglobal,16,1e-05,0.0001,0.2,2.0,0.25,0.05,lr1e-05_bs16_drop0p2_temp2p0_a0p25_b0p05__wd1e-04trmiss0_degmodglobal,18,0.6859990507364273,0.7064896821975708,0.6388888888888888,0.8287477954144622,0.46153846153846156,0.0,0.6388706266880035,0.6705156415700912,0.03958176774904132,0.11175915040075779,0.0,0.0,0.0,0.0,0.0,18473,global,0.0
1,3,lr1e-05_bs16_drop0p2_temp2p0_a0p25_b0p05__wd1e-04trmiss0_degmodglobal,16,1e-05,0.0001,0.2,2.0,0.25,0.05,lr1e-05_bs16_drop0p2_temp2p0_a0p25_b0p05__wd1e-04trmiss0_degmodglobal,19,0.7048047333955765,0.705443263053894,0.611111111111111,0.8223375390042058,0.38461538461538464,0.0,0.6412013024091721,0.6888997554779053,0.03923922497779131,0.12190335988998413,0.0,0.0,0.0,0.0,0.0,18473,global,0.0
1,3,lr1e-05_bs16_drop0p2_temp2p0_a0p25_b0p05__wd1e-04trmiss0_degmodglobal,16,1e-05,0.0001,0.2,2.0,0.25,0.05,lr1e-05_bs16_drop0p2_temp2p0_a0p25_b0p05__wd1e-04trmiss0_degmodglobal,20,0.6878922432661057,0.7036933302879333,0.6388888888888888,0.8287477954144622,0.46153846153846156,0.0,0.6493236273527145,0.6743924170732498,0.038025117479264736,0.07987108360975981,0.0,0.0,0.0,0.0,0.0,18473,global,0.0
1,3,lr1e-05_bs16_drop0p2_temp2p0_a0p25_b0p05__wd1e-04trmiss0_degmodglobal,16,1e-05,0.0001,0.2,2.0,0.25,0.05,lr1e-05_bs16_drop0p2_temp2p0_a0p25_b0p05__wd1e-04trmiss0_degmodglobal,21,0.7162497937679291,0.7033293843269348,0.611111111111111,0.8223375390042058,0.46153846153846156,0.0,0.6318180710077286,0.7008401900529861,0.04002152616158128,0.10808420181274414,0.0,0.0,0.0,0.0,0.0,18473,global,0.0
1,3,lr1e-05_bs16_drop0p2_temp2p0_a0p25_b0p05__wd1e-04trmiss0_degmodglobal,16,1e-05,0.0001,0.2,2.0,0.25,0.05,lr1e-05_bs16_drop0p2_temp2p0_a0p25_b0p05__wd1e-04trmiss0_degmodglobal,22,0.6848505437374115,0.7010686993598938,0.6388888888888888,0.8287477954144622,0.46153846153846156,0.0,0.6229113787412643,0.6701264679431915,0.03556877141818404,0.11663807556033134,0.0,0.0,0.0,0.0,0.0,18473,global,0.0
1,3,lr1e-05_bs16_drop0p2_temp2p0_a0p25_b0p05__wd1e-04trmiss0_degmodglobal,16,1e-05,0.0001,0.2,2.0,0.25,0.05,lr1e-05_bs16_drop0p2_temp2p0_a0p25_b0p05__wd1e-04trmiss0_degmodglobal,23,0.698019951581955,0.6999281048774719,0.6388888888888888,0.8287477954144622,0.5384615384615384,0.0,0.644028052687645,0.683658555150032,0.0385995814576745,0.09423043113201857,0.0,0.0,0.0,0.0,0.0,18473,global,0.0
1,3,lr1e-05_bs16_drop0p2_temp2p0_a0p25_b0p05__wd1e-04trmiss0_degmodglobal,16,1e-05,0.0001,0.2,2.0,0.25,0.05,lr1e-05_bs16_drop0p2_temp2p0_a0p25_b0p05__wd1e-04trmiss0_degmodglobal,24,0.7020146548748016,0.7016034126281738,0.6388888888888888,0.8287477954144622,0.46153846153846156,0.0,0.623636469244957,0.6858512610197067,0.04249204881489277,0.11080758087337017,0.0,0.0,0.0,0.0,0.0,18473,global,0.0
1,3,lr1e-05_bs16_drop0p2_temp2p0_a0p25_b0p05__wd1e-04trmiss0_degmodglobal,16,1e-05,0.0001,0.2,2.0,0.25,0.05,lr1e-05_bs16_drop0p2_temp2p0_a0p25_b0p05__wd1e-04trmiss0_degmodglobal,25,0.7148525416851044,0.7028005123138428,0.6388888888888888,0.8157848324514991,0.46153846153846156,0.0,0.6176590770483017,0.6981211155653,0.040487018413841724,0.13219342567026615,0.0,0.0,0.0,0.0,0.0,18473,global,0.0
1,3,lr1e-05_bs16_drop0p2_temp2p0_a0p25_b0p05__wd1e-04trmiss0_degmodglobal,16,1e-05,0.0001,0.2,2.0,0.25,0.05,lr1e-05_bs16_drop0p2_temp2p0_a0p25_b0p05__wd1e-04trmiss0_degmodglobal,26,0.7054280191659927,0.7044334411621094,0.5833333333333334,0.7945597612264279,0.38461538461538464,0.0,0.644869789481163,0.6888570785522461,0.0436594788916409,0.11312131583690643,0.0,0.0,0.0,0.0,0.0,18473,global,0.0
1,3,lr1e-05_bs16_drop0p2_temp2p0_a0p25_b0p05__wd1e-04trmiss0_degmodglobal,16,1e-05,0.0001,0.2,2.0,0.25,0.05,lr1e-05_bs16_drop0p2_temp2p0_a0p25_b0p05__wd1e-04trmiss0_degmodglobal,27,0.6913585811853409,0.7084074020385742,0.5833333333333334,0.7945597612264279,0.38461538461538464,0.0,0.65053291618824,0.6768624931573868,0.03968679020181298,0.09148790687322617,0.0,0.0,0.0,0.0,0.0,18473,global,0.0
1,3,lr1e-05_bs16_drop0p2_temp2p0_a0p25_b0p05__wd1e-04trmiss0_degmodglobal,16,1e-05,0.0001,0.2,2.0,0.25,0.05,lr1e-05_bs16_drop0p2_temp2p0_a0p25_b0p05__wd1e-04trmiss0_degmodglobal,28,0.7161606699228287,0.7106565833091736,0.5833333333333334,0.7945597612264279,0.38461538461538464,0.0,0.6345269680023193,0.6969082951545715,0.04353131353855133,0.16739068180322647,0.0,0.0,0.0,0.0,0.0,18473,global,0.0
1,3,lr1e-05_bs16_drop0p2_temp2p0_a0p25_b0p05__wd1e-04trmiss0_degmodglobal,16,1e-05,0.0001,0.2,2.0,0.25,0.05,lr1e-05_bs16_drop0p2_temp2p0_a0p25_b0p05__wd1e-04trmiss0_degmodglobal,29,0.6892981678247452,0.7045890092849731,0.6388888888888888,0.8287477954144622,0.38461538461538464,0.0,0.6168121248483658,0.6737325638532639,0.037976049818098545,0.12143227271735668,0.0,0.0,0.0,0.0,0.0,18473,global,0.0
1,3,lr1e-05_bs16_drop0p2_temp2p0_a0p25_b0p05__wd1e-04trmiss0_degmodglobal,16,1e-05,0.0001,0.2,2.0,0.25,0.05,lr1e-05_bs16_drop0p2_temp2p0_a0p25_b0p05__wd1e-04trmiss0_degmodglobal,30,0.6954443007707596,0.7051066756248474,0.611111111111111,0.8009700176366843,0.38461538461538464,0.0,0.6199925988912582,0.6794400215148926,0.03722826624289155,0.1339442152529955,0.0,0.0,0.0,0.0,0.0,18473,global,0.0
1,3,lr1e-05_bs16_drop0p2_temp2p0_a0p25_b0p05__wd1e-04trmiss0_degmodglobal,16,1e-05,0.0001,0.2,2.0,0.25,0.05,lr1e-05_bs16_drop0p2_temp2p0_a0p25_b0p05__wd1e-04trmiss0_degmodglobal,31,0.6969349831342697,0.7003915905952454,0.611111111111111,0.8009700176366843,0.38461538461538464,0.0,0.6262030750513077,0.6824798583984375,0.03717007581144571,0.1032518744468689,0.0,0.0,0.0,0.0,0.0,18473,global,0.0
1,3,lr1e-05_bs16_drop0p2_temp2p0_a0p25_b0p05__wd1e-04trmiss0_degmodglobal,16,1e-05,0.0001,0.2,2.0,0.25,0.05,lr1e-05_bs16_drop0p2_temp2p0_a0p25_b0p05__wd1e-04trmiss0_degmodglobal,32,0.6760907769203186,0.7011329531669617,0.6388888888888888,0.8287477954144622,0.38461538461538464,0.0,0.6112389415502548,0.6614790260791779,0.03756578452885151,0.10440632235258818,0.0,0.0,0.0,0.0,0.0,18473,global,0.0
1,3,lr1e-05_bs16_drop0p2_temp2p0_a0p25_b0p05__wd1e-04trmiss0_degmodglobal,16,1e-05,0.0001,0.2,2.0,0.25,0.05,lr1e-05_bs16_drop0p2_temp2p0_a0p25_b0p05__wd1e-04trmiss0_degmodglobal,33,0.6960006654262543,0.705363392829895,0.611111111111111,0.8009700176366843,0.38461538461538464,0.0,0.5774639993906021,0.6779824644327164,0.044428564608097076,0.1382212843745947,0.0,0.0,0.0,0.0,0.0,18473,global,0.0
1,3,lr1e-05_bs16_drop0p2_temp2p0_a0p25_b0p05__wd1e-04trmiss0_degmodglobal,16,1e-05,0.0001,0.2,2.0,0.25,0.05,lr1e-05_bs16_drop0p2_temp2p0_a0p25_b0p05__wd1e-04trmiss0_degmodglobal,34,0.68410424888134,0.7034180164337158,0.611111111111111,0.8009700176366843,0.38461538461538464,0.0,0.6041273325681686,0.6644507348537445,0.05225538555532694,0.1317938193678856,0.0,0.0,0.0,0.0,0.0,18473,global,0.0
1,3,lr1e-05_bs16_drop0p2_temp2p0_a0p25_b0p05__wd1e-04trmiss0_degmodglobal,16,1e-05,0.0001,0.2,2.0,0.25,0.05,lr1e-05_bs16_drop0p2_temp2p0_a0p25_b0p05__wd1e-04trmiss0_degmodglobal,35,0.690429076552391,0.7040395140647888,0.611111111111111,0.8009700176366843,0.38461538461538464,0.0,0.6095122694969177,0.6711743324995041,0.04968785680830479,0.1366550549864769,0.0,0.0,0.0,0.0,0.0,18473,global,0.0
1,3,lr1e-05_bs16_drop0p2_temp2p0_a0p25_b0p05__wd1e-04trmiss0_degmodglobal,16,1e-05,0.0001,0.2,2.0,0.25,0.05,lr1e-05_bs16_drop0p2_temp2p0_a0p25_b0p05__wd1e-04trmiss0_degmodglobal,36,0.694262832403183,0.704134464263916,0.6388888888888888,0.8287477954144622,0.38461538461538464,0.0,0.593506395816803,0.6749770045280457,0.05040355492383242,0.13369888998568058,0.0,0.0,0.0,0.0,0.0,18473,global,0.0
1,3,lr1e-05_bs16_drop0p2_temp2p0_a0p25_b0p05__wd1e-04trmiss0_degmodglobal,16,1e-05,0.0001,0.2,2.0,0.25,0.05,lr1e-05_bs16_drop0p2_temp2p0_a0p25_b0p05__wd1e-04trmiss0_degmodglobal,37,0.6890594661235809,0.7070239186286926,0.611111111111111,0.8009700176366843,0.38461538461538464,0.0,0.5995037108659744,0.6705954819917679,0.04581623710691929,0.14019826240837574,0.0,0.0,0.0,0.0,0.0,18473,global,0.0
1,3,lr1e-05_bs16_drop0p2_temp2p0_a0p25_b0p05__wd1e-04trmiss0_degmodglobal,16,1e-05,0.0001,0.2,2.0,0.25,0.05,lr1e-05_bs16_drop0p2_temp2p0_a0p25_b0p05__wd1e-04trmiss0_degmodglobal,38,0.6872410327196121,0.7028593420982361,0.6666666666666666,0.8363235529902198,0.38461538461538464,0.0,0.5961205661296844,0.6680864095687866,0.04761103168129921,0.14503761939704418,0.0,0.0,0.0,0.0,0.0,18473,global,0.0
1,3,lr1e-05_bs16_drop0p2_temp2p0_a0p25_b0p05__wd1e-04trmiss0_degmodglobal,16,1e-05,0.0001,0.2,2.0,0.25,0.05,lr1e-05_bs16_drop0p2_temp2p0_a0p25_b0p05__wd1e-04trmiss0_degmodglobal,39,0.7017868906259537,0.7019866108894348,0.6388888888888888,0.8287477954144622,0.38461538461538464,0.0,0.591994509100914,0.6851526498794556,0.042134234216064215,0.12201379425823689,0.0,0.0,0.0,0.0,0.0,18473,global,0.0
1,3,lr1e-05_bs16_drop0p2_temp2p0_a0p25_b0p05__wd1e-04trmiss0_degmodglobal,16,1e-05,0.0001,0.2,2.0,0.25,0.05,lr1e-05_bs16_drop0p2_temp2p0_a0p25_b0p05__wd1e-04trmiss0_degmodglobal,40,0.6881436258554459,0.7015957832336426,0.6666666666666666,0.8363235529902198,0.38461538461538464,0.0,0.5768279433250427,0.6668436080217361,0.052905590273439884,0.161472262814641,0.0,0.0,0.0,0.0,0.0,18473,global,0.0
1,3,lr1e-05_bs16_drop0p2_temp2p0_a0p25_b0p05__wd1e-04trmiss0_degmodglobal,16,1e-05,0.0001,0.2,2.0,0.25,0.05,lr1e-05_bs16_drop0p2_temp2p0_a0p25_b0p05__wd1e-04trmiss0_degmodglobal,41,0.6726289391517639,0.7019891142845154,0.6666666666666666,0.8363235529902198,0.38461538461538464,0.0,0.5690783262252808,0.6546825021505356,0.04894576221704483,0.11420013010501862,0.0,0.0,0.0,0.0,0.0,18473,global,0.0
1,3,lr1e-05_bs16_drop0p2_temp2p0_a0p25_b0p05__wd1e-04trmiss0_degmodglobal,16,1e-05,0.0001,0.2,2.0,0.25,0.05,lr1e-05_bs16_drop0p2_temp2p0_a0p25_b0p05__wd1e-04trmiss0_degmodglobal,42,0.6830413043498993,0.7046449780464172,0.6388888888888888,0.8085457752124419,0.38461538461538464,0.0,0.6131475120782852,0.6691319942474365,0.03623128216713667,0.09703001845628023,0.0,0.0,0.0,0.0,0.0,18473,global,0.0
1,3,lr1e-05_bs16_drop0p2_temp2p0_a0p25_b0p05__wd1e-04trmiss0_degmodglobal,16,1e-05,0.0001,0.2,2.0,0.25,0.05,lr1e-05_bs16_drop0p2_temp2p0_a0p25_b0p05__wd1e-04trmiss0_degmodglobal,43,0.6837020665407181,0.7024322152137756,0.6666666666666666,0.8363235529902198,0.38461538461538464,0.0,0.5771341770887375,0.6604666709899902,0.05956457369029522,0.1668850239366293,0.0,0.0,0.0,0.0,0.0,18473,global,0.0
1,3,lr1e-05_bs16_drop0p2_temp2p0_a0p25_b0p05__wd1e-04trmiss0_degmodglobal,16,1e-05,0.0001,0.2,2.0,0.25,0.05,lr1e-05_bs16_drop0p2_temp2p0_a0p25_b0p05__wd1e-04trmiss0_degmodglobal,44,0.6976844668388367,0.7035623788833618,0.6388888888888888,0.8085457752124419,0.38461538461538464,0.0,0.6044602394104004,0.6810304224491119,0.044310469180345535,0.11152857542037964,0.0,0.0,0.0,0.0,0.0,18473,global,0.0
1,3,lr1e-05_bs16_drop0p2_temp2p0_a0p25_b0p05__wd1e-04trmiss0_degmodglobal,16,1e-05,0.0001,0.2,2.0,0.25,0.05,lr1e-05_bs16_drop0p2_temp2p0_a0p25_b0p05__wd1e-04trmiss0_degmodglobal,45,0.6982527673244476,0.7052099108695984,0.6388888888888888,0.8085457752124419,0.38461538461538464,0.0,0.5790535658597946,0.6754236817359924,0.05810104124248028,0.16607660613954067,0.0,0.0,0.0,0.0,0.0,18473,global,0.0
1,3,lr1e-05_bs16_drop0p2_temp2p0_a0p25_b0p05__wd1e-04trmiss0_degmodglobal,16,1e-05,0.0001,0.2,2.0,0.25,0.05,lr1e-05_bs16_drop0p2_temp2p0_a0p25_b0p05__wd1e-04trmiss0_degmodglobal,46,0.7062067836523056,0.7045398950576782,0.6388888888888888,0.8085457752124419,0.38461538461538464,0.0,0.584499716758728,0.6855883747339249,0.0552986916154623,0.1358745712786913,0.0,0.0,0.0,0.0,0.0,18473,global,0.0
1,3,lr1e-05_bs16_drop0p2_temp2p0_a0p25_b0p05__wd1e-04trmiss0_degmodglobal,16,1e-05,0.0001,0.2,2.0,0.25,0.05,lr1e-05_bs16_drop0p2_temp2p0_a0p25_b0p05__wd1e-04trmiss0_degmodglobal,47,0.6844902634620667,0.7050491571426392,0.6666666666666666,0.8363235529902198,0.38461538461538464,0.0,0.5669583827257156,0.6640304625034332,0.04839430283755064,0.16722456738352776,0.0,0.0,0.0,0.0,0.0,18473,global,0.0
1,3,lr1e-05_bs16_drop0p2_temp2p0_a0p25_b0p05__wd1e-04trmiss0_degmodglobal,16,1e-05,0.0001,0.2,2.0,0.25,0.05,lr1e-05_bs16_drop0p2_temp2p0_a0p25_b0p05__wd1e-04trmiss0_degmodglobal,48,0.695218950510025,0.7036179900169373,0.6666666666666666,0.8363235529902198,0.38461538461538464,0.0,0.5768334269523621,0.677581861615181,0.0410610968247056,0.14743614196777344,0.0,0.0,0.0,0.0,0.0,18473,global,0.0
1,3,lr1e-05_bs16_drop0p2_temp2p0_a0p25_b0p05__wd1e-04trmiss0_degmodglobal,16,1e-05,0.0001,0.2,2.0,0.25,0.05,lr1e-05_bs16_drop0p2_temp2p0_a0p25_b0p05__wd1e-04trmiss0_degmodglobal,49,0.6897998750209808,0.7040181159973145,0.6666666666666666,0.8363235529902198,0.38461538461538464,0.0,0.5686319768428802,0.6691725850105286,0.04924530629068613,0.16631906479597092,0.0,0.0,0.0,0.0,0.0,18473,global,0.0
1,3,lr1e-05_bs16_drop0p2_temp2p0_a0p25_b0p05__wd1e-04trmiss0_degmodglobal,16,1e-05,0.0001,0.2,2.0,0.25,0.05,lr1e-05_bs16_drop0p2_temp2p0_a0p25_b0p05__wd1e-04trmiss0_degmodglobal,50,0.6699793934822083,0.7069777250289917,0.6388888888888888,0.8085457752124419,0.38461538461538464,0.0,0.5603517144918442,0.6509272903203964,0.05276752449572086,0.11720404773950577,0.0,0.0,0.0,0.0,0.0,18473,global,0.0
1,3,lr1e-05_bs16_drop0p2_temp2p0_a0p25_b0p05__wd1e-04trmiss0_degmodglobal,16,1e-05,0.0001,0.2,2.0,0.25,0.05,lr1e-05_bs16_drop0p2_temp2p0_a0p25_b0p05__wd1e-04trmiss0_degmodglobal,51,0.6797212362289429,0.7025039792060852,0.6388888888888888,0.8085457752124419,0.38461538461538464,0.0,0.566906288266182,0.6641447991132736,0.04055283311754465,0.10876529384404421,0.0,0.0,0.0,0.0,0.0,18473,global,0.0
1,3,lr1e-05_bs16_drop0p2_temp2p0_a0p25_b0p05__wd1e-04trmiss0_degmodglobal,16,1e-05,0.0001,0.2,2.0,0.25,0.05,lr1e-05_bs16_drop0p2_temp2p0_a0p25_b0p05__wd1e-04trmiss0_degmodglobal,52,0.691297322511673,0.7008215188980103,0.6388888888888888,0.8085457752124419,0.38461538461538464,0.0,0.5679916143417358,0.666970431804657,0.06593106687068939,0.15688210725784302,0.0,0.0,0.0,0.0,0.0,18473,global,0.0
1,3,lr1e-05_bs16_drop0p2_temp2p0_a0p25_b0p05__wd1e-04trmiss0_degmodglobal,16,1e-05,0.0001,0.2,2.0,0.25,0.05,lr1e-05_bs16_drop0p2_temp2p0_a0p25_b0p05__wd1e-04trmiss0_degmodglobal,53,0.6894787698984146,0.6974180340766907,0.6388888888888888,0.8085457752124419,0.38461538461538464,0.0,0.5505436360836029,0.6657990664243698,0.061189777217805386,0.16764510795474052,0.0,0.0,0.0,0.0,0.0,18473,global,0.0
1,3,lr1e-05_bs16_drop0p2_temp2p0_a0p25_b0p05__wd1e-04trmiss0_degmodglobal,16,1e-05,0.0001,0.2,2.0,0.25,0.05,lr1e-05_bs16_drop0p2_temp2p0_a0p25_b0p05__wd1e-04trmiss0_degmodglobal,54,0.7087671458721161,0.6995593309402466,0.6388888888888888,0.8085457752124419,0.38461538461538464,0.0,0.5971550196409225,0.6818396747112274,0.06666180584579706,0.20524056628346443,0.0,0.0,0.0,0.0,0.0,18473,global,0.0
1,3,lr1e-05_bs16_drop0p2_temp2p0_a0p25_b0p05__wd1e-04trmiss0_degmodglobal,16,1e-05,0.0001,0.2,2.0,0.25,0.05,lr1e-05_bs16_drop0p2_temp2p0_a0p25_b0p05__wd1e-04trmiss0_degmodglobal,55,0.6887514889240265,0.6972342729568481,0.6388888888888888,0.8085457752124419,0.38461538461538464,0.0,0.5667004138231277,0.669986829161644,0.04727685730904341,0.1389087773859501,0.0,0.0,0.0,0.0,0.0,18473,global,0.0
1,3,lr1e-05_bs16_drop0p2_temp2p0_a0p25_b0p05__wd1e-04trmiss0_degmodglobal,16,1e-05,0.0001,0.2,2.0,0.25,0.05,lr1e-05_bs16_drop0p2_temp2p0_a0p25_b0p05__wd1e-04trmiss0_degmodglobal,56,0.7068729251623154,0.7018063068389893,0.6388888888888888,0.8085457752124419,0.38461538461538464,0.0,0.5606641322374344,0.6788202971220016,0.07307893317192793,0.19565781392157078,0.0,0.0,0.0,0.0,0.0,18473,global,0.0
1,3,lr1e-05_bs16_drop0p2_temp2p0_a0p25_b0p05__wd1e-04trmiss0_degmodglobal,16,1e-05,0.0001,0.2,2.0,0.25,0.05,lr1e-05_bs16_drop0p2_temp2p0_a0p25_b0p05__wd1e-04trmiss0_degmodglobal,57,0.661885991692543,0.7027677893638611,0.6388888888888888,0.8085457752124419,0.38461538461538464,0.0,0.5575557053089142,0.6413860023021698,0.05321797262877226,0.1439099097624421,0.0,0.0,0.0,0.0,0.0,18473,global,0.0
1,3,lr1e-05_bs16_drop0p2_temp2p0_a0p25_b0p05__wd1e-04trmiss0_degmodglobal,16,1e-05,0.0001,0.2,2.0,0.25,0.05,lr1e-05_bs16_drop0p2_temp2p0_a0p25_b0p05__wd1e-04trmiss0_degmodglobal,58,0.7003323286771774,0.7057775855064392,0.6388888888888888,0.8085457752124419,0.38461538461538464,0.0,0.5578456819057465,0.6789606511592865,0.05538016930222511,0.15053295716643333,0.0,0.0,0.0,0.0,0.0,18473,global,0.0
1,3,lr1e-05_bs16_drop0p2_temp2p0_a0p25_b0p05__wd1e-04trmiss0_degmodglobal,16,1e-05,0.0001,0.2,2.0,0.25,0.05,lr1e-05_bs16_drop0p2_temp2p0_a0p25_b0p05__wd1e-04trmiss0_degmodglobal,59,0.6956362724304199,0.7021539211273193,0.6388888888888888,0.8085457752124419,0.38461538461538464,0.0,0.5552466511726379,0.6705264747142792,0.0650831158272922,0.17677987553179264,0.0,0.0,0.0,0.0,0.0,18473,global,0.0
1,3,lr1e-05_bs16_drop0p2_temp2p0_a0p25_b0p05__wd1e-04trmiss0_degmodglobal,16,1e-05,0.0001,0.2,2.0,0.25,0.05,lr1e-05_bs16_drop0p2_temp2p0_a0p25_b0p05__wd1e-04trmiss0_degmodglobal,60,0.6803801208734512,0.7009211778640747,0.6388888888888888,0.8085457752124419,0.38461538461538464,0.0,0.5524600148200989,0.6572014689445496,0.05798658728599548,0.17363987118005753,0.0,0.0,0.0,0.0,0.0,18473,global,0.0
1,3,lr1e-05_bs16_drop0p4_temp1p0_a0p25_b0p05__wd1e-04trmiss0_degmodglobal,16,1e-05,0.0001,0.4,1.0,0.25,0.05,lr1e-05_bs16_drop0p4_temp1p0_a0p25_b0p05__wd1e-04trmiss0_degmodglobal,1,0.7203250825405121,0.6790528893470764,0.8055555555555556,0.9115961199294533,0.6153846153846154,0.0,0.747918501496315,0.6779720932245255,0.0959903821349144,0.3671078160405159,0.0,0.0,0.0,0.0,0.0,18473,global,0.0
1,3,lr1e-05_bs16_drop0p4_temp1p0_a0p25_b0p05__wd1e-04trmiss0_degmodglobal,16,1e-05,0.0001,0.4,1.0,0.25,0.05,lr1e-05_bs16_drop0p4_temp1p0_a0p25_b0p05__wd1e-04trmiss0_degmodglobal,2,0.7296220809221268,0.6768814921379089,0.8055555555555556,0.9115961199294533,0.6153846153846154,0.0,0.7265704721212387,0.6982435137033463,0.06875185389071703,0.2838122472167015,0.0,0.0,0.0,0.0,0.0,18473,global,0.0
1,3,lr1e-05_bs16_drop0p4_temp1p0_a0p25_b0p05__wd1e-04trmiss0_degmodglobal,16,1e-05,0.0001,0.4,1.0,0.25,0.05,lr1e-05_bs16_drop0p4_temp1p0_a0p25_b0p05__wd1e-04trmiss0_degmodglobal,3,0.7494492828845978,0.6760450005531311,0.8055555555555556,0.9092953342953345,0.6153846153846154,0.0,0.7301396578550339,0.7120718359947205,0.08431317284703255,0.32598263770341873,0.0,0.0,0.0,0.0,0.0,18473,global,0.0
1,3,lr1e-05_bs16_drop0p4_temp1p0_a0p25_b0p05__wd1e-04trmiss0_degmodglobal,16,1e-05,0.0001,0.4,1.0,0.25,0.05,lr1e-05_bs16_drop0p4_temp1p0_a0p25_b0p05__wd1e-04trmiss0_degmodglobal,4,0.6912936568260193,0.6756289601325989,0.7777777777777778,0.8870731120731121,0.6923076923076923,0.0,0.7160752564668655,0.6616365015506744,0.07257101871073246,0.23028790205717087,0.0,0.0,0.0,0.0,0.0,18473,global,0.0
1,3,lr1e-05_bs16_drop0p4_temp1p0_a0p25_b0p05__wd1e-04trmiss0_degmodglobal,16,1e-05,0.0001,0.4,1.0,0.25,0.05,lr1e-05_bs16_drop0p4_temp1p0_a0p25_b0p05__wd1e-04trmiss0_degmodglobal,5,0.7379986941814423,0.6737384796142578,0.8055555555555556,0.9202380952380953,0.7692307692307693,0.0,0.725480243563652,0.7049391716718674,0.07248344086110592,0.29877323284745216,0.0,0.0,0.0,0.0,0.0,18473,global,0.0
1,3,lr1e-05_bs16_drop0p4_temp1p0_a0p25_b0p05__wd1e-04trmiss0_degmodglobal,16,1e-05,0.0001,0.4,1.0,0.25,0.05,lr1e-05_bs16_drop0p4_temp1p0_a0p25_b0p05__wd1e-04trmiss0_degmodglobal,6,0.6887647807598114,0.6727515459060669,0.8333333333333333,0.9361111111111113,0.7692307692307693,0.0,0.7523964643478394,0.655861884355545,0.07640938833355904,0.2760110944509506,0.0,0.0,0.0,0.0,0.0,18473,global,0.0
1,3,lr1e-05_bs16_drop0p4_temp1p0_a0p25_b0p05__wd1e-04trmiss0_degmodglobal,16,1e-05,0.0001,0.4,1.0,0.25,0.05,lr1e-05_bs16_drop0p4_temp1p0_a0p25_b0p05__wd1e-04trmiss0_degmodglobal,7,0.7291437685489655,0.6688750386238098,0.8888888888888888,0.9575757575757577,0.7692307692307693,0.0,0.7476724982261658,0.6948075741529465,0.07002987340092659,0.33657413721084595,0.0,0.0,0.0,0.0,0.0,18473,global,0.0
1,3,lr1e-05_bs16_drop0p4_temp1p0_a0p25_b0p05__wd1e-04trmiss0_degmodglobal,16,1e-05,0.0001,0.4,1.0,0.25,0.05,lr1e-05_bs16_drop0p4_temp1p0_a0p25_b0p05__wd1e-04trmiss0_degmodglobal,8,0.7290535420179367,0.6650868654251099,0.9166666666666666,0.9674523007856344,0.8461538461538461,0.0,0.6934541761875153,0.6875651925802231,0.09042674116790295,0.3776332959532738,0.0,0.0,0.0,0.0,0.0,18473,global,0.0
1,3,lr1e-05_bs16_drop0p4_temp1p0_a0p25_b0p05__wd1e-04trmiss0_degmodglobal,16,1e-05,0.0001,0.4,1.0,0.25,0.05,lr1e-05_bs16_drop0p4_temp1p0_a0p25_b0p05__wd1e-04trmiss0_degmodglobal,9,0.6848288178443909,0.6624274849891663,0.9166666666666666,0.9674523007856344,0.8461538461538461,0.0,0.6578122675418854,0.6512397229671478,0.07801607064902782,0.2817019112408161,0.0,0.0,0.0,0.0,0.0,18473,global,0.0
1,3,lr1e-05_bs16_drop0p4_temp1p0_a0p25_b0p05__wd1e-04trmiss0_degmodglobal,16,1e-05,0.0001,0.4,1.0,0.25,0.05,lr1e-05_bs16_drop0p4_temp1p0_a0p25_b0p05__wd1e-04trmiss0_degmodglobal,10,0.686868742108345,0.6656883358955383,0.9444444444444444,0.9797979797979799,0.8461538461538461,0.0,0.7402558624744415,0.66336689889431,0.05889426125213504,0.17556540481746197,0.0,0.0,0.0,0.0,0.0,18473,global,0.0
1,3,lr1e-05_bs16_drop0p4_temp1p0_a0p25_b0p05__wd1e-04trmiss0_degmodglobal,16,1e-05,0.0001,0.4,1.0,0.25,0.05,lr1e-05_bs16_drop0p4_temp1p0_a0p25_b0p05__wd1e-04trmiss0_degmodglobal,11,0.6866335570812225,0.670087456703186,0.9166666666666666,0.9674523007856344,0.7692307692307693,0.0,0.7359516322612762,0.6571938246488571,0.07230575662106276,0.22726652398705482,0.0,0.0,0.0,0.0,0.0,18473,global,0.0
1,3,lr1e-05_bs16_drop0p4_temp1p0_a0p25_b0p05__wd1e-04trmiss0_degmodglobal,16,1e-05,0.0001,0.4,1.0,0.25,0.05,lr1e-05_bs16_drop0p4_temp1p0_a0p25_b0p05__wd1e-04trmiss0_degmodglobal,12,0.6973479092121124,0.6688963174819946,0.9166666666666666,0.9674523007856344,0.8461538461538461,0.0,0.7238032072782516,0.6582947373390198,0.09139174409210682,0.3241048604249954,0.0,0.0,0.0,0.0,0.0,18473,global,0.0
1,3,lr1e-05_bs16_drop0p4_temp1p0_a0p25_b0p05__wd1e-04trmiss0_degmodglobal,16,1e-05,0.0001,0.4,1.0,0.25,0.05,lr1e-05_bs16_drop0p4_temp1p0_a0p25_b0p05__wd1e-04trmiss0_degmodglobal,13,0.6939377933740616,0.668428897857666,0.9166666666666666,0.9674523007856344,0.6923076923076923,0.0,0.7207276076078415,0.6500219702720642,0.10901185125112534,0.3332568556070328,0.0,0.0,0.0,0.0,0.0,18473,global,0.0
1,3,lr1e-05_bs16_drop0p4_temp1p0_a0p25_b0p05__wd1e-04trmiss0_degmodglobal,16,1e-05,0.0001,0.4,1.0,0.25,0.05,lr1e-05_bs16_drop0p4_temp1p0_a0p25_b0p05__wd1e-04trmiss0_degmodglobal,14,0.717720091342926,0.6683953404426575,0.9444444444444444,0.9797979797979799,0.6923076923076923,0.0,0.724244013428688,0.6802144050598145,0.08404365926980972,0.329895731061697,0.0,0.0,0.0,0.0,0.0,18473,global,0.0
1,3,lr1e-05_bs16_drop0p4_temp1p0_a0p25_b0p05__wd1e-04trmiss0_degmodglobal,16,1e-05,0.0001,0.4,1.0,0.25,0.05,lr1e-05_bs16_drop0p4_temp1p0_a0p25_b0p05__wd1e-04trmiss0_degmodglobal,15,0.6749589443206787,0.6731608510017395,0.8611111111111112,0.9376903960237295,0.6153846153846154,0.0,0.7034235149621964,0.6389161795377731,0.09064205549657345,0.2676452063024044,0.0,0.0,0.0,0.0,0.0,18473,global,0.0
1,3,lr1e-05_bs16_drop0p4_temp1p0_a0p25_b0p05__wd1e-04trmiss0_degmodglobal,16,1e-05,0.0001,0.4,1.0,0.25,0.05,lr1e-05_bs16_drop0p4_temp1p0_a0p25_b0p05__wd1e-04trmiss0_degmodglobal,16,0.6782834231853485,0.6682734489440918,0.9444444444444444,0.9797979797979799,0.6923076923076923,0.0,0.687250554561615,0.6388645172119141,0.09217983856797218,0.32747890800237656,0.0,0.0,0.0,0.0,0.0,18473,global,0.0
1,3,lr1e-05_bs16_drop0p4_temp1p0_a0p25_b0p05__wd1e-04trmiss0_degmodglobal,16,1e-05,0.0001,0.4,1.0,0.25,0.05,lr1e-05_bs16_drop0p4_temp1p0_a0p25_b0p05__wd1e-04trmiss0_degmodglobal,17,0.6638957113027573,0.6652445197105408,0.9444444444444444,0.9797979797979799,0.7692307692307693,0.0,0.7173480093479156,0.6268154680728912,0.08518431708216667,0.3156830593943596,0.0,0.0,0.0,0.0,0.0,18473,global,0.0
1,3,lr1e-05_bs16_drop0p4_temp1p0_a0p25_b0p05__wd1e-04trmiss0_degmodglobal,16,1e-05,0.0001,0.4,1.0,0.25,0.05,lr1e-05_bs16_drop0p4_temp1p0_a0p25_b0p05__wd1e-04trmiss0_degmodglobal,18,0.6875325739383698,0.6671156883239746,0.9166666666666666,0.9674523007856344,0.6923076923076923,0.0,0.7167886793613434,0.6549021303653717,0.07816911116242409,0.2617633752524853,0.0,0.0,0.0,0.0,0.0,18473,global,0.0
1,3,lr1e-05_bs16_drop0p4_temp1p0_a0p25_b0p05__wd1e-04trmiss0_degmodglobal,16,1e-05,0.0001,0.4,1.0,0.25,0.05,lr1e-05_bs16_drop0p4_temp1p0_a0p25_b0p05__wd1e-04trmiss0_degmodglobal,19,0.6756996810436249,0.6654464602470398,0.9444444444444444,0.9797979797979799,0.7692307692307693,0.0,0.6436471343040466,0.6477240920066833,0.06868884712457657,0.21606749296188354,0.0,0.0,0.0,0.0,0.0,18473,global,0.0
1,3,lr1e-05_bs16_drop0p4_temp1p0_a0p25_b0p05__wd1e-04trmiss0_degmodglobal,16,1e-05,0.0001,0.4,1.0,0.25,0.05,lr1e-05_bs16_drop0p4_temp1p0_a0p25_b0p05__wd1e-04trmiss0_degmodglobal,20,0.6504898071289062,0.6653863787651062,0.9444444444444444,0.9797979797979799,0.7692307692307693,0.0,0.6950940787792206,0.6154270172119141,0.07831075880676508,0.30970218777656555,0.0,0.0,0.0,0.0,0.0,18473,global,0.0
1,3,lr1e-05_bs16_drop0p4_temp1p0_a0p25_b0p05__wd1e-04trmiss0_degmodglobal,16,1e-05,0.0001,0.4,1.0,0.25,0.05,lr1e-05_bs16_drop0p4_temp1p0_a0p25_b0p05__wd1e-04trmiss0_degmodglobal,21,0.6789728701114655,0.6640118360519409,0.9444444444444444,0.9797979797979799,0.7692307692307693,0.0,0.7125143557786942,0.6379876881837845,0.09443002752959728,0.34755367785692215,0.0,0.0,0.0,0.0,0.0,18473,global,0.0
1,3,lr1e-05_bs16_drop0p4_temp1p0_a0p25_b0p05__wd1e-04trmiss0_degmodglobal,16,1e-05,0.0001,0.4,1.0,0.25,0.05,lr1e-05_bs16_drop0p4_temp1p0_a0p25_b0p05__wd1e-04trmiss0_degmodglobal,22,0.6516023278236389,0.6664668321609497,0.8888888888888888,0.9535634118967453,0.7692307692307693,0.0,0.6785319000482559,0.6232478618621826,0.06589134596288204,0.23763252794742584,0.0,0.0,0.0,0.0,0.0,18473,global,0.0
1,3,lr1e-05_bs16_drop0p4_temp1p0_a0p25_b0p05__wd1e-04trmiss0_degmodglobal,16,1e-05,0.0001,0.4,1.0,0.25,0.05,lr1e-05_bs16_drop0p4_temp1p0_a0p25_b0p05__wd1e-04trmiss0_degmodglobal,23,0.6743717640638351,0.6656318306922913,0.9166666666666666,0.9674523007856344,0.7692307692307693,0.0,0.6950375586748123,0.6469696313142776,0.0687443446367979,0.2043211180716753,0.0,0.0,0.0,0.0,0.0,18473,global,0.0
1,3,lr1e-05_bs16_drop0p4_temp1p0_a0p25_b0p05__wd1e-04trmiss0_degmodglobal,16,1e-05,0.0001,0.4,1.0,0.25,0.05,lr1e-05_bs16_drop0p4_temp1p0_a0p25_b0p05__wd1e-04trmiss0_degmodglobal,24,0.6892342865467072,0.6648183465003967,0.9166666666666666,0.9674523007856344,0.7692307692307693,0.0,0.7110485434532166,0.6537137031555176,0.08816763944923878,0.2695735953748226,0.0,0.0,0.0,0.0,0.0,18473,global,0.0
1,3,lr1e-05_bs16_drop0p4_temp1p0_a0p25_b0p05__wd1e-04trmiss0_degmodglobal,16,1e-05,0.0001,0.4,1.0,0.25,0.05,lr1e-05_bs16_drop0p4_temp1p0_a0p25_b0p05__wd1e-04trmiss0_degmodglobal,25,0.6322405487298965,0.6644025444984436,0.9166666666666666,0.9674523007856344,0.7692307692307693,0.0,0.7398386597633362,0.5963830500841141,0.07826138753443956,0.3258429653942585,0.0,0.0,0.0,0.0,0.0,18473,global,0.0
1,3,lr1e-05_bs16_drop0p4_temp1p0_a0p25_b0p05__wd1e-04trmiss0_degmodglobal,16,1e-05,0.0001,0.4,1.0,0.25,0.05,lr1e-05_bs16_drop0p4_temp1p0_a0p25_b0p05__wd1e-04trmiss0_degmodglobal,26,0.6929262727499008,0.6668537855148315,0.8611111111111112,0.9436868686868689,0.7692307692307693,0.0,0.6704123765230179,0.6625388562679291,0.0759019860997796,0.22823793068528175,0.0,0.0,0.0,0.0,0.0,18473,global,0.0
1,3,lr1e-05_bs16_drop0p4_temp1p0_a0p25_b0p05__wd1e-04trmiss0_degmodglobal,16,1e-05,0.0001,0.4,1.0,0.25,0.05,lr1e-05_bs16_drop0p4_temp1p0_a0p25_b0p05__wd1e-04trmiss0_degmodglobal,27,0.7254232913255692,0.6716622710227966,0.8888888888888888,0.9535634118967453,0.7692307692307693,0.0,0.6874298602342606,0.6855021864175797,0.09128757007420063,0.34198417514562607,0.0,0.0,0.0,0.0,0.0,18473,global,0.0
1,3,lr1e-05_bs16_drop0p4_temp1p0_a0p25_b0p05__wd1e-04trmiss0_degmodglobal,16,1e-05,0.0001,0.4,1.0,0.25,0.05,lr1e-05_bs16_drop0p4_temp1p0_a0p25_b0p05__wd1e-04trmiss0_degmodglobal,28,0.6851793676614761,0.672249972820282,0.8611111111111112,0.9436868686868689,0.7692307692307693,0.0,0.6919643431901932,0.6388881504535675,0.10453846864402294,0.4031324237585068,0.0,0.0,0.0,0.0,0.0,18473,global,0.0
1,3,lr1e-05_bs16_drop0p4_temp1p0_a0p25_b0p05__wd1e-04trmiss0_degmodglobal,16,1e-05,0.0001,0.4,1.0,0.25,0.05,lr1e-05_bs16_drop0p4_temp1p0_a0p25_b0p05__wd1e-04trmiss0_degmodglobal,29,0.6508568674325943,0.6699875593185425,0.8888888888888888,0.9535634118967453,0.7692307692307693,0.0,0.6625226438045502,0.6175244152545929,0.07721844874322414,0.28055674210190773,0.0,0.0,0.0,0.0,0.0,18473,global,0.0
1,3,lr1e-05_bs16_drop0p4_temp1p0_a0p25_b0p05__wd1e-04trmiss0_degmodglobal,16,1e-05,0.0001,0.4,1.0,0.25,0.05,lr1e-05_bs16_drop0p4_temp1p0_a0p25_b0p05__wd1e-04trmiss0_degmodglobal,30,0.6736008673906326,0.6696233153343201,0.8888888888888888,0.9535634118967453,0.7692307692307693,0.0,0.6569983661174774,0.6382944285869598,0.08407967910170555,0.2857304774224758,0.0,0.0,0.0,0.0,0.0,18473,global,0.0
1,3,lr1e-05_bs16_drop0p4_temp1p0_a0p25_b0p05__wd1e-04trmiss0_degmodglobal,16,1e-05,0.0001,0.4,1.0,0.25,0.05,lr1e-05_bs16_drop0p4_temp1p0_a0p25_b0p05__wd1e-04trmiss0_degmodglobal,31,0.6763456612825394,0.6713938117027283,0.8888888888888888,0.9535634118967453,0.6923076923076923,0.0,0.7241809815168381,0.6430501490831375,0.07629279978573322,0.28444651141762733,0.0,0.0,0.0,0.0,0.0,18473,global,0.0
1,3,lr1e-05_bs16_drop0p4_temp1p0_a0p25_b0p05__wd1e-04trmiss0_degmodglobal,16,1e-05,0.0001,0.4,1.0,0.25,0.05,lr1e-05_bs16_drop0p4_temp1p0_a0p25_b0p05__wd1e-04trmiss0_degmodglobal,32,0.6706585586071014,0.6744452714920044,0.861111111111111,0.9459876543209877,0.6153846153846154,0.0,0.6729212403297424,0.6251085698604584,0.10664515383541584,0.3777739033102989,0.0,0.0,0.0,0.0,0.0,18473,global,0.0
1,3,lr1e-05_bs16_drop0p4_temp1p0_a0p25_b0p05__wd1e-04trmiss0_degmodglobal,16,1e-05,0.0001,0.4,1.0,0.25,0.05,lr1e-05_bs16_drop0p4_temp1p0_a0p25_b0p05__wd1e-04trmiss0_degmodglobal,33,0.6626498848199844,0.6717296838760376,0.8888888888888888,0.9535634118967453,0.7692307692307693,0.0,0.6778046488761902,0.6270744055509567,0.07607446424663067,0.3311375752091408,0.0,0.0,0.0,0.0,0.0,18473,global,0.0
1,3,lr1e-05_bs16_drop0p4_temp1p0_a0p25_b0p05__wd1e-04trmiss0_degmodglobal,16,1e-05,0.0001,0.4,1.0,0.25,0.05,lr1e-05_bs16_drop0p4_temp1p0_a0p25_b0p05__wd1e-04trmiss0_degmodglobal,34,0.6840608417987823,0.6666091084480286,0.8888888888888888,0.9535634118967453,0.7692307692307693,0.0,0.6412938237190247,0.6435575485229492,0.0915678683668375,0.35222627222537994,0.0,0.0,0.0,0.0,0.0,18473,global,0.0
1,3,lr1e-05_bs16_drop0p4_temp1p0_a0p25_b0p05__wd1e-04trmiss0_degmodglobal,16,1e-05,0.0001,0.4,1.0,0.25,0.05,lr1e-05_bs16_drop0p4_temp1p0_a0p25_b0p05__wd1e-04trmiss0_degmodglobal,35,0.6889610141515732,0.6687230467796326,0.8888888888888888,0.9535634118967453,0.7692307692307693,0.0,0.6854247450828552,0.6540306955575943,0.07955307699739933,0.3008405789732933,0.0,0.0,0.0,0.0,0.0,18473,global,0.0
1,3,lr1e-05_bs16_drop0p4_temp1p0_a0p25_b0p05__wd1e-04trmiss0_degmodglobal,16,1e-05,0.0001,0.4,1.0,0.25,0.05,lr1e-05_bs16_drop0p4_temp1p0_a0p25_b0p05__wd1e-04trmiss0_degmodglobal,36,0.688950926065445,0.6711633801460266,0.8888888888888888,0.9535634118967453,0.6923076923076923,0.0,0.6903548687696457,0.6520802229642868,0.08713293820619583,0.3017497807741165,0.0,0.0,0.0,0.0,0.0,18473,global,0.0
1,3,lr1e-05_bs16_drop0p4_temp1p0_a0p25_b0p05__wd1e-04trmiss0_degmodglobal,16,1e-05,0.0001,0.4,1.0,0.25,0.05,lr1e-05_bs16_drop0p4_temp1p0_a0p25_b0p05__wd1e-04trmiss0_degmodglobal,37,0.6641540080308914,0.6695408821105957,0.8611111111111112,0.9376903960237295,0.6923076923076923,0.0,0.6449960470199585,0.6258038580417633,0.09841481130570173,0.2749293949455023,0.0,0.0,0.0,0.0,0.0,18473,global,0.0
1,3,lr1e-05_bs16_drop0p4_temp1p0_a0p25_b0p05__wd1e-04trmiss0_degmodglobal,16,1e-05,0.0001,0.4,1.0,0.25,0.05,lr1e-05_bs16_drop0p4_temp1p0_a0p25_b0p05__wd1e-04trmiss0_degmodglobal,38,0.6693040728569031,0.6705477833747864,0.8611111111111112,0.9376903960237295,0.6923076923076923,0.0,0.6836825013160706,0.6461884081363678,0.05410433653742075,0.19179153256118298,0.0,0.0,0.0,0.0,0.0,18473,global,0.0
1,3,lr1e-05_bs16_drop0p4_temp1p0_a0p25_b0p05__wd1e-04trmiss0_degmodglobal,16,1e-05,0.0001,0.4,1.0,0.25,0.05,lr1e-05_bs16_drop0p4_temp1p0_a0p25_b0p05__wd1e-04trmiss0_degmodglobal,39,0.6727412194013596,0.6723312735557556,0.8611111111111112,0.9376903960237295,0.6923076923076923,0.0,0.6774370074272156,0.6326586306095123,0.08922639675438404,0.3555200342088938,0.0,0.0,0.0,0.0,0.0,18473,global,0.0
1,3,lr1e-05_bs16_drop0p4_temp1p0_a0p25_b0p05__wd1e-04trmiss0_degmodglobal,16,1e-05,0.0001,0.4,1.0,0.25,0.05,lr1e-05_bs16_drop0p4_temp1p0_a0p25_b0p05__wd1e-04trmiss0_degmodglobal,40,0.6599311381578445,0.6700460314750671,0.8888888888888888,0.9535634118967453,0.7692307692307693,0.0,0.6511186510324478,0.6213971823453903,0.09033438190817833,0.3190077915787697,0.0,0.0,0.0,0.0,0.0,18473,global,0.0
1,3,lr1e-05_bs16_drop0p4_temp1p0_a0p25_b0p05__wd1e-04trmiss0_degmodglobal,16,1e-05,0.0001,0.4,1.0,0.25,0.05,lr1e-05_bs16_drop0p4_temp1p0_a0p25_b0p05__wd1e-04trmiss0_degmodglobal,41,0.6480725854635239,0.6650387644767761,0.9166666666666666,0.9674523007856344,0.7692307692307693,0.0,0.6229385584592819,0.609323114156723,0.09467649459838867,0.3016068711876869,0.0,0.0,0.0,0.0,0.0,18473,global,0.0
1,3,lr1e-05_bs16_drop0p4_temp2p0_a0p25_b0p05__wd1e-04trmiss0_degmodglobal,16,1e-05,0.0001,0.4,2.0,0.25,0.05,lr1e-05_bs16_drop0p4_temp2p0_a0p25_b0p05__wd1e-04trmiss0_degmodglobal,1,0.8054288327693939,0.7185522317886353,0.25,0.6186178019511352,0.3076923076923077,0.0,0.7035665065050125,0.7817512005567551,0.0681457407772541,0.13282415084540844,0.0,0.0,0.0,0.0,0.0,18473,global,0.0
1,3,lr1e-05_bs16_drop0p4_temp2p0_a0p25_b0p05__wd1e-04trmiss0_degmodglobal,16,1e-05,0.0001,0.4,2.0,0.25,0.05,lr1e-05_bs16_drop0p4_temp2p0_a0p25_b0p05__wd1e-04trmiss0_degmodglobal,2,0.7179342210292816,0.7193088531494141,0.25,0.6064925814925816,0.3076923076923077,0.0,0.6868432760238647,0.6998477429151535,0.04995047114789486,0.11197750270366669,0.0,0.0,0.0,0.0,0.0,18473,global,0.0
1,3,lr1e-05_bs16_drop0p4_temp2p0_a0p25_b0p05__wd1e-04trmiss0_degmodglobal,16,1e-05,0.0001,0.4,2.0,0.25,0.05,lr1e-05_bs16_drop0p4_temp2p0_a0p25_b0p05__wd1e-04trmiss0_degmodglobal,3,0.7247643321752548,0.7216026782989502,0.25,0.6064925814925816,0.46153846153846156,0.0,0.6864470839500427,0.7036177217960358,0.05281001143157482,0.158882150426507,0.0,0.0,0.0,0.0,0.0,18473,global,0.0
1,3,lr1e-05_bs16_drop0p4_temp2p0_a0p25_b0p05__wd1e-04trmiss0_degmodglobal,16,1e-05,0.0001,0.4,2.0,0.25,0.05,lr1e-05_bs16_drop0p4_temp2p0_a0p25_b0p05__wd1e-04trmiss0_degmodglobal,4,0.7384185940027237,0.725054919719696,0.2777777777777778,0.6176036926036926,0.38461538461538464,0.0,0.6878359019756317,0.7198534905910492,0.04852354386821389,0.1286841183900833,0.0,0.0,0.0,0.0,0.0,18473,global,0.0
1,3,lr1e-05_bs16_drop0p4_temp2p0_a0p25_b0p05__wd1e-04trmiss0_degmodglobal,16,1e-05,0.0001,0.4,2.0,0.25,0.05,lr1e-05_bs16_drop0p4_temp2p0_a0p25_b0p05__wd1e-04trmiss0_degmodglobal,5,0.7335557639598846,0.7258842587471008,0.2777777777777778,0.6176036926036926,0.38461538461538464,0.0,0.6678901314735413,0.7116680890321732,0.0532066086307168,0.1717204637825489,0.0,0.0,0.0,0.0,0.0,18473,global,0.0
1,3,lr1e-05_bs16_drop0p4_temp2p0_a0p25_b0p05__wd1e-04trmiss0_degmodglobal,16,1e-05,0.0001,0.4,2.0,0.25,0.05,lr1e-05_bs16_drop0p4_temp2p0_a0p25_b0p05__wd1e-04trmiss0_degmodglobal,6,0.7321716696023941,0.7255785465240479,0.2777777777777778,0.6176036926036926,0.46153846153846156,0.0,0.6738566160202026,0.7135770916938782,0.05095824506133795,0.11710027605295181,0.0,0.0,0.0,0.0,0.0,18473,global,0.0
1,3,lr1e-05_bs16_drop0p4_temp2p0_a0p25_b0p05__wd1e-04trmiss0_degmodglobal,16,1e-05,0.0001,0.4,2.0,0.25,0.05,lr1e-05_bs16_drop0p4_temp2p0_a0p25_b0p05__wd1e-04trmiss0_degmodglobal,7,0.7222402989864349,0.7271372079849243,0.3055555555555556,0.6281857031857032,0.38461538461538464,0.0,0.6860464066267014,0.7007792443037033,0.05783944018185139,0.14002390950918198,0.0,0.0,0.0,0.0,0.0,18473,global,0.0
1,3,lr1e-05_bs16_drop0p4_temp2p0_a0p25_b0p05__wd1e-04trmiss0_degmodglobal,16,1e-05,0.0001,0.4,2.0,0.25,0.05,lr1e-05_bs16_drop0p4_temp2p0_a0p25_b0p05__wd1e-04trmiss0_degmodglobal,8,0.6886812001466751,0.7276221513748169,0.3055555555555556,0.6281857031857032,0.38461538461538464,0.0,0.6876334995031357,0.6678498089313507,0.05511211883276701,0.14106733724474907,0.0,0.0,0.0,0.0,0.0,18473,global,0.0
1,3,lr1e-05_bs16_drop0p4_temp2p0_a0p25_b0p05__wd1e-04trmiss0_degmodglobal,16,1e-05,0.0001,0.4,2.0,0.25,0.05,lr1e-05_bs16_drop0p4_temp2p0_a0p25_b0p05__wd1e-04trmiss0_degmodglobal,9,0.6743821054697037,0.728875458240509,0.24999999999999997,0.6098876432209765,0.3076923076923077,0.0,0.6626548916101456,0.6530115157365799,0.05616396851837635,0.14659195765852928,0.0,0.0,0.0,0.0,0.0,18473,global,0.0
1,3,lr1e-05_bs16_drop0p4_temp2p0_a0p25_b0p05__wd1e-04trmiss0_degmodglobal,16,1e-05,0.0001,0.4,2.0,0.25,0.05,lr1e-05_bs16_drop0p4_temp2p0_a0p25_b0p05__wd1e-04trmiss0_degmodglobal,10,0.6941847056150436,0.7292587757110596,0.2777777777777778,0.6176036926036926,0.38461538461538464,0.0,0.685580387711525,0.6685860008001328,0.05973734799772501,0.21328720822930336,0.0,0.0,0.0,0.0,0.0,18473,global,0.0
1,3,lr1e-05_bs16_drop0p4_temp2p0_a0p25_b0p05__wd1e-04trmiss0_degmodglobal,16,1e-05,0.0001,0.4,2.0,0.25,0.05,lr1e-05_bs16_drop0p4_temp2p0_a0p25_b0p05__wd1e-04trmiss0_degmodglobal,11,0.7144850343465805,0.7334400415420532,0.2222222222222222,0.6019511352844686,0.3076923076923077,0.0,0.6552627086639404,0.6914134323596954,0.06109573785215616,0.1559534016996622,0.0,0.0,0.0,0.0,0.0,18473,global,0.0
1,3,lr1e-05_bs16_drop0p4_temp2p0_a0p25_b0p05__wd1e-04trmiss0_degmodglobal,16,1e-05,0.0001,0.4,2.0,0.25,0.05,lr1e-05_bs16_drop0p4_temp2p0_a0p25_b0p05__wd1e-04trmiss0_degmodglobal,12,0.6898058652877808,0.7354189157485962,0.2222222222222222,0.5987765321098655,0.3076923076923077,0.0,0.6617069244384766,0.6719858050346375,0.052705381996929646,0.09287432301789522,0.0,0.0,0.0,0.0,0.0,18473,global,0.0
1,3,lr1e-05_bs16_drop0p4_temp2p0_a0p25_b0p05__wd1e-04trmiss0_degmodglobal,16,1e-05,0.0001,0.4,2.0,0.25,0.05,lr1e-05_bs16_drop0p4_temp2p0_a0p25_b0p05__wd1e-04trmiss0_degmodglobal,13,0.6920393109321594,0.7342718839645386,0.24999999999999997,0.6098876432209765,0.38461538461538464,0.0,0.6435101479291916,0.6699659377336502,0.05612719990313053,0.16083114594221115,0.0,0.0,0.0,0.0,0.0,18473,global,0.0
1,3,lr1e-05_bs16_drop0p4_temp2p0_a0p25_b0p05__wd1e-04trmiss0_degmodglobal,16,1e-05,0.0001,0.4,2.0,0.25,0.05,lr1e-05_bs16_drop0p4_temp2p0_a0p25_b0p05__wd1e-04trmiss0_degmodglobal,14,0.7179758846759796,0.7357186675071716,0.24999999999999997,0.6098876432209765,0.3076923076923077,0.0,0.6412842720746994,0.6955803483724594,0.06328011490404606,0.13150976784527302,0.0,0.0,0.0,0.0,0.0,18473,global,0.0
1,3,lr1e-05_bs16_drop0p4_temp2p0_a0p25_b0p05__wd1e-04trmiss0_degmodglobal,16,1e-05,0.0001,0.4,2.0,0.25,0.05,lr1e-05_bs16_drop0p4_temp2p0_a0p25_b0p05__wd1e-04trmiss0_degmodglobal,15,0.6815690100193024,0.7371261715888977,0.24999999999999997,0.6098876432209765,0.3076923076923077,0.0,0.6378908157348633,0.6607151478528976,0.05751363839954138,0.12950887717306614,0.0,0.0,0.0,0.0,0.0,18473,global,0.0
1,3,lr1e-05_bs16_drop0p4_temp2p0_a0p25_b0p05__wd1e-04trmiss0_degmodglobal,16,1e-05,0.0001,0.4,2.0,0.25,0.05,lr1e-05_bs16_drop0p4_temp2p0_a0p25_b0p05__wd1e-04trmiss0_degmodglobal,16,0.6878716200590134,0.7366952896118164,0.24999999999999997,0.6098876432209765,0.3076923076923077,0.0,0.6298397183418274,0.6646526604890823,0.06234951876103878,0.15263172052800655,0.0,0.0,0.0,0.0,0.0,18473,global,0.0
1,3,lr1e-05_bs16_drop0p4_temp2p0_a0p25_b0p05__wd1e-04trmiss0_degmodglobal,16,1e-05,0.0001,0.4,2.0,0.25,0.05,lr1e-05_bs16_drop0p4_temp2p0_a0p25_b0p05__wd1e-04trmiss0_degmodglobal,17,0.6832980960607529,0.7372040152549744,0.2222222222222222,0.5987765321098655,0.23076923076923078,0.0,0.6390141695737839,0.6554164737462997,0.07362235244363546,0.18952056393027306,0.0,0.0,0.0,0.0,0.0,18473,global,0.0
1,3,lr1e-05_bs16_drop0p4_temp2p0_a0p25_b0p05__wd1e-04trmiss0_degmodglobal,16,1e-05,0.0001,0.4,2.0,0.25,0.05,lr1e-05_bs16_drop0p4_temp2p0_a0p25_b0p05__wd1e-04trmiss0_degmodglobal,18,0.6545676440000534,0.7322176694869995,0.2777777777777778,0.6204696538029871,0.38461538461538464,0.0,0.6531339287757874,0.6357738077640533,0.05403244588524103,0.10571454651653767,0.0,0.0,0.0,0.0,0.0,18473,global,0.0
1,3,lr1e-05_bs16_drop0p4_temp2p0_a0p25_b0p05__wd1e-04trmiss0_degmodglobal,16,1e-05,0.0001,0.4,2.0,0.25,0.05,lr1e-05_bs16_drop0p4_temp2p0_a0p25_b0p05__wd1e-04trmiss0_degmodglobal,19,0.6601606160402298,0.7311981320381165,0.2777777777777778,0.6204696538029871,0.38461538461538464,0.0,0.6698890924453735,0.6369256377220154,0.06354874931275845,0.14695599675178528,0.0,0.0,0.0,0.0,0.0,18473,global,0.0
1,3,lr1e-05_bs16_drop0p4_temp2p0_a0p25_b0p05__wd1e-04trmiss0_degmodglobal,16,1e-05,0.0001,0.4,2.0,0.25,0.05,lr1e-05_bs16_drop0p4_temp2p0_a0p25_b0p05__wd1e-04trmiss0_degmodglobal,20,0.675253838300705,0.7313625812530518,0.24999999999999997,0.6098876432209765,0.38461538461538464,0.0,0.642273485660553,0.6470991224050522,0.07580209895968437,0.1840836964547634,0.0,0.0,0.0,0.0,0.0,18473,global,0.0
1,3,lr1e-05_bs16_drop0p4_temp2p0_a0p25_b0p05__wd1e-04trmiss0_degmodglobal,16,1e-05,0.0001,0.4,2.0,0.25,0.05,lr1e-05_bs16_drop0p4_temp2p0_a0p25_b0p05__wd1e-04trmiss0_degmodglobal,21,0.7120534926652908,0.7307337522506714,0.2222222222222222,0.6019511352844686,0.38461538461538464,0.0,0.6514306366443634,0.6862828135490417,0.06224724929779768,0.20417701452970505,0.0,0.0,0.0,0.0,0.0,18473,global,0.0
1,3,lr1e-05_bs16_drop0p4_temp2p0_a0p25_b0p05__wd1e-04trmiss0_degmodglobal,16,1e-05,0.0001,0.4,2.0,0.25,0.05,lr1e-05_bs16_drop0p4_temp2p0_a0p25_b0p05__wd1e-04trmiss0_degmodglobal,22,0.6641046702861786,0.730790376663208,0.2222222222222222,0.6019511352844686,0.38461538461538464,0.0,0.6505738496780396,0.6338867545127869,0.07716002687811852,0.21855837851762772,0.0,0.0,0.0,0.0,0.0,18473,global,0.0
1,3,lr1e-05_bs16_drop0p4_temp2p0_a0p25_b0p05__wd1e-04trmiss0_degmodglobal,16,1e-05,0.0001,0.4,2.0,0.25,0.05,lr1e-05_bs16_drop0p4_temp2p0_a0p25_b0p05__wd1e-04trmiss0_degmodglobal,23,0.696212112903595,0.7329736351966858,0.2777777777777778,0.6176036926036926,0.38461538461538464,0.0,0.6336401402950287,0.6726754009723663,0.06358436588197947,0.15281195100396872,0.0,0.0,0.0,0.0,0.0,18473,global,0.0
1,3,lr1e-05_bs16_drop0p4_temp2p0_a0p25_b0p05__wd1e-04trmiss0_degmodglobal,16,1e-05,0.0001,0.4,2.0,0.25,0.05,lr1e-05_bs16_drop0p4_temp2p0_a0p25_b0p05__wd1e-04trmiss0_degmodglobal,24,0.7052394151687622,0.7314509749412537,0.3055555555555556,0.6250111000111,0.38461538461538464,0.0,0.5923254564404488,0.6748816967010498,0.07036689855158329,0.2553197368979454,0.0,0.0,0.0,0.0,0.0,18473,global,0.0
1,3,lr1e-05_bs16_drop0p4_temp2p0_a0p25_b0p05__wd1e-04trmiss0_degmodglobal,16,1e-05,0.0001,0.4,2.0,0.25,0.05,lr1e-05_bs16_drop0p4_temp2p0_a0p25_b0p05__wd1e-04trmiss0_degmodglobal,25,0.6892178505659103,0.7313399314880371,0.3055555555555556,0.6250111000111,0.38461538461538464,0.0,0.6624314934015274,0.6668307334184647,0.05738412123173475,0.16082144901156425,0.0,0.0,0.0,0.0,0.0,18473,global,0.0
1,3,lr1e-05_bs16_drop0p4_temp2p0_a0p25_b0p05__wd1e-04trmiss0_degmodglobal,16,1e-05,0.0001,0.4,2.0,0.25,0.05,lr1e-05_bs16_drop0p4_temp2p0_a0p25_b0p05__wd1e-04trmiss0_degmodglobal,26,0.6518395990133286,0.7306780219078064,0.33333333333333337,0.6355931105931106,0.38461538461538464,0.0,0.6278826594352722,0.6328951120376587,0.0556355370208621,0.10071182250976562,0.0,0.0,0.0,0.0,0.0,18473,global,0.0
1,3,lr1e-05_bs16_drop0p4_temp2p0_a0p25_b0p05__wd1e-04trmiss0_degmodglobal,16,1e-05,0.0001,0.4,2.0,0.25,0.05,lr1e-05_bs16_drop0p4_temp2p0_a0p25_b0p05__wd1e-04trmiss0_degmodglobal,27,0.6893821358680725,0.7309604287147522,0.3055555555555556,0.6250111000111,0.38461538461538464,0.0,0.6194616556167603,0.6694955229759216,0.05843444634228945,0.10556012392044067,0.0,0.0,0.0,0.0,0.0,18473,global,0.0
1,3,lr1e-05_bs16_drop0p4_temp2p0_a0p25_b0p05__wd1e-04trmiss0_degmodglobal,16,1e-05,0.0001,0.4,2.0,0.25,0.05,lr1e-05_bs16_drop0p4_temp2p0_a0p25_b0p05__wd1e-04trmiss0_degmodglobal,28,0.6717201769351959,0.7310764789581299,0.38888888888888884,0.6547730047730048,0.38461538461538464,0.0,0.6168244481086731,0.6465692967176437,0.06477242149412632,0.17915540002286434,0.0,0.0,0.0,0.0,0.0,18473,global,0.0
1,3,lr1e-05_bs16_drop0p4_temp2p0_a0p25_b0p05__wd1e-04trmiss0_degmodglobal,16,1e-05,0.0001,0.4,2.0,0.25,0.05,lr1e-05_bs16_drop0p4_temp2p0_a0p25_b0p05__wd1e-04trmiss0_degmodglobal,29,0.6869639456272125,0.7318495512008667,0.3055555555555556,0.6281857031857032,0.38461538461538464,0.0,0.5928869396448135,0.6628983020782471,0.06784588750451803,0.14208360388875008,0.0,0.0,0.0,0.0,0.0,18473,global,0.0
1,3,lr1e-05_bs16_drop0p4_temp2p0_a0p25_b0p05__wd1e-04trmiss0_degmodglobal,16,1e-05,0.0001,0.4,2.0,0.25,0.05,lr1e-05_bs16_drop0p4_temp2p0_a0p25_b0p05__wd1e-04trmiss0_degmodglobal,30,0.688419833779335,0.7334210872650146,0.33333333333333337,0.6381063381063382,0.38461538461538464,0.0,0.6354922503232956,0.6689227372407913,0.056523104663938284,0.1073265178129077,0.0,0.0,0.0,0.0,0.0,18473,global,0.0
1,3,lr1e-05_bs16_drop0p4_temp2p0_a0p25_b0p05__wd1e-04trmiss0_degmodglobal,16,1e-05,0.0001,0.4,2.0,0.25,0.05,lr1e-05_bs16_drop0p4_temp2p0_a0p25_b0p05__wd1e-04trmiss0_degmodglobal,31,0.6566687226295471,0.7352993488311768,0.2777777777777778,0.6204696538029871,0.38461538461538464,0.0,0.6302924454212189,0.6398773044347763,0.044508504681289196,0.11328587122261524,0.0,0.0,0.0,0.0,0.0,18473,global,0.0
1,3,lr1e-05_bs16_drop0p4_temp2p0_a0p25_b0p05__wd1e-04trmiss0_degmodglobal,16,1e-05,0.0001,0.4,2.0,0.25,0.05,lr1e-05_bs16_drop0p4_temp2p0_a0p25_b0p05__wd1e-04trmiss0_degmodglobal,32,0.6805896013975143,0.7313740253448486,0.33333333333333337,0.6381063381063382,0.38461538461538464,0.0,0.619398906826973,0.6501170843839645,0.08564909175038338,0.18120505660772324,0.0,0.0,0.0,0.0,0.0,18473,global,0.0
1,3,lr1e-05_bs16_drop0p4_temp2p0_a0p25_b0p05__wd1e-04trmiss0_degmodglobal,16,1e-05,0.0001,0.4,2.0,0.25,0.05,lr1e-05_bs16_drop0p4_temp2p0_a0p25_b0p05__wd1e-04trmiss0_degmodglobal,33,0.6947884857654572,0.734229326248169,0.2777777777777778,0.6176036926036926,0.38461538461538464,0.0,0.6226378679275513,0.6634157299995422,0.07273398339748383,0.26378538087010384,0.0,0.0,0.0,0.0,0.0,18473,global,0.0
1,3,lr1e-05_bs16_drop0p4_temp2p0_a0p25_b0p05__wd1e-04trmiss0_degmodglobal,16,1e-05,0.0001,0.4,2.0,0.25,0.05,lr1e-05_bs16_drop0p4_temp2p0_a0p25_b0p05__wd1e-04trmiss0_degmodglobal,34,0.6661768704652786,0.7318118214607239,0.33333333333333337,0.6355931105931106,0.38461538461538464,0.0,0.6222759187221527,0.6434204578399658,0.05185245722532272,0.1958665642887354,0.0,0.0,0.0,0.0,0.0,18473,global,0.0
1,3,lr1e-05_bs16_drop0p4_temp2p0_a0p25_b0p05__wd1e-04trmiss0_degmodglobal,16,1e-05,0.0001,0.4,2.0,0.25,0.05,lr1e-05_bs16_drop0p4_temp2p0_a0p25_b0p05__wd1e-04trmiss0_degmodglobal,35,0.6676774770021439,0.7310025691986084,0.33333333333333337,0.6381063381063382,0.38461538461538464,0.0,0.5760197341442108,0.6420921683311462,0.0727623887360096,0.14789412636309862,0.0,0.0,0.0,0.0,0.0,18473,global,0.0
1,3,lr1e-05_bs16_drop0p4_temp2p0_a0p25_b0p05__wd1e-04trmiss0_degmodglobal,16,1e-05,0.0001,0.4,2.0,0.25,0.05,lr1e-05_bs16_drop0p4_temp2p0_a0p25_b0p05__wd1e-04trmiss0_degmodglobal,36,0.6987015604972839,0.7301537990570068,0.33333333333333337,0.6381063381063382,0.38461538461538464,0.0,0.6033333390951157,0.677373394370079,0.0502046812325716,0.17553997039794922,0.0,0.0,0.0,0.0,0.0,18473,global,0.0
1,3,lr1e-05_bs16_drop0p4_temp2p0_a0p25_b0p05__wd1e-04trmiss0_degmodglobal,16,1e-05,0.0001,0.4,2.0,0.25,0.05,lr1e-05_bs16_drop0p4_temp2p0_a0p25_b0p05__wd1e-04trmiss0_degmodglobal,37,0.6917589902877808,0.7310598492622375,0.3055555555555556,0.6250111000111,0.38461538461538464,0.0,0.6530489474534988,0.6691976189613342,0.06299759726971388,0.13623914122581482,0.0,0.0,0.0,0.0,0.0,18473,global,0.0
1,3,lr1e-05_bs16_drop0p4_temp2p0_a0p25_b0p05__wd1e-04trmiss0_degmodglobal,16,1e-05,0.0001,0.4,2.0,0.25,0.05,lr1e-05_bs16_drop0p4_temp2p0_a0p25_b0p05__wd1e-04trmiss0_degmodglobal,38,0.7006077617406845,0.7325640916824341,0.33333333333333337,0.6355931105931106,0.38461538461538464,0.0,0.6238743215799332,0.6788188964128494,0.06131339259445667,0.12921107187867165,0.0,0.0,0.0,0.0,0.0,18473,global,0.0
1,3,lr1e-05_bs16_drop0p4_temp2p0_a0p25_b0p05__wd1e-04trmiss0_degmodglobal,16,1e-05,0.0001,0.4,2.0,0.25,0.05,lr1e-05_bs16_drop0p4_temp2p0_a0p25_b0p05__wd1e-04trmiss0_degmodglobal,39,0.7259437292814255,0.7301779985427856,0.33333333333333337,0.6355931105931106,0.38461538461538464,0.0,0.6014393121004105,0.6927890479564667,0.08731713145971298,0.22650817409157753,0.0,0.0,0.0,0.0,0.0,18473,global,0.0
1,3,lr1e-05_bs16_drop0p4_temp2p0_a0p25_b0p05__wd1e-04trmiss0_degmodglobal,16,1e-05,0.0001,0.4,2.0,0.25,0.05,lr1e-05_bs16_drop0p4_temp2p0_a0p25_b0p05__wd1e-04trmiss0_degmodglobal,40,0.6443992853164673,0.7313981056213379,0.3055555555555556,0.6281857031857032,0.38461538461538464,0.0,0.5817687511444092,0.6239598244428635,0.05428015347570181,0.1373885665088892,0.0,0.0,0.0,0.0,0.0,18473,global,0.0
1,3,lr1e-05_bs16_drop0p4_temp2p0_a0p25_b0p05__wd1e-04trmiss0_degmodglobal,16,1e-05,0.0001,0.4,2.0,0.25,0.05,lr1e-05_bs16_drop0p4_temp2p0_a0p25_b0p05__wd1e-04trmiss0_degmodglobal,41,0.6558891534805298,0.7328105568885803,0.33333333333333337,0.6355931105931106,0.38461538461538464,0.0,0.5938258320093155,0.6337986439466476,0.05988957453519106,0.14236234687268734,0.0,0.0,0.0,0.0,0.0,18473,global,0.0
1,3,lr1e-05_bs16_drop0p4_temp2p0_a0p25_b0p05__wd1e-04trmiss0_degmodglobal,16,1e-05,0.0001,0.4,2.0,0.25,0.05,lr1e-05_bs16_drop0p4_temp2p0_a0p25_b0p05__wd1e-04trmiss0_degmodglobal,42,0.685692772269249,0.7318946123123169,0.33333333333333337,0.6355931105931106,0.38461538461538464,0.0,0.5966743230819702,0.6622816473245621,0.0591455539688468,0.17249493300914764,0.0,0.0,0.0,0.0,0.0,18473,global,0.0
1,3,lr1e-05_bs16_drop0p4_temp2p0_a0p25_b0p05__wd1e-04trmiss0_degmodglobal,16,1e-05,0.0001,0.4,2.0,0.25,0.05,lr1e-05_bs16_drop0p4_temp2p0_a0p25_b0p05__wd1e-04trmiss0_degmodglobal,43,0.6980907768011093,0.7275516390800476,0.36111111111111116,0.6455137455137455,0.46153846153846156,0.0,0.6064808517694473,0.6765304207801819,0.05680888704955578,0.14716308657079935,0.0,0.0,0.0,0.0,0.0,18473,global,0.0
1,3,lr1e-05_bs16_drop0p4_temp2p0_a0p25_b0p05__wd1e-04trmiss0_degmodglobal,16,1e-05,0.0001,0.4,2.0,0.25,0.05,lr1e-05_bs16_drop0p4_temp2p0_a0p25_b0p05__wd1e-04trmiss0_degmodglobal,44,0.7017733454704285,0.7308799028396606,0.33333333333333337,0.6355931105931106,0.38461538461538464,0.0,0.6151066720485687,0.6684976518154144,0.08092490024864674,0.26088961586356163,0.0,0.0,0.0,0.0,0.0,18473,global,0.0
1,3,lr1e-05_bs16_drop0p4_temp2p0_a0p25_b0p05__wd1e-04trmiss0_degmodglobal,16,1e-05,0.0001,0.4,2.0,0.25,0.05,lr1e-05_bs16_drop0p4_temp2p0_a0p25_b0p05__wd1e-04trmiss0_degmodglobal,45,0.6812615543603897,0.7316574454307556,0.36111111111111116,0.6455137455137455,0.3076923076923077,0.0,0.599218338727951,0.6529259234666824,0.08322413079440594,0.15059173107147217,0.0,0.0,0.0,0.0,0.0,18473,global,0.0
1,3,lr1e-05_bs16_drop0p4_temp2p0_a0p25_b0p05__wd1e-04trmiss0_degmodglobal,16,1e-05,0.0001,0.4,2.0,0.25,0.05,lr1e-05_bs16_drop0p4_temp2p0_a0p25_b0p05__wd1e-04trmiss0_degmodglobal,46,0.6789033710956573,0.733108401298523,0.33333333333333337,0.6355931105931106,0.3076923076923077,0.0,0.5826710015535355,0.653987392783165,0.06696617975831032,0.16348887607455254,0.0,0.0,0.0,0.0,0.0,18473,global,0.0
1,3,lr1e-05_bs16_drop0p4_temp2p0_a0p25_b0p05__wd1e-04trmiss0_degmodglobal,16,1e-05,0.0001,0.4,2.0,0.25,0.05,lr1e-05_bs16_drop0p4_temp2p0_a0p25_b0p05__wd1e-04trmiss0_degmodglobal,47,0.6739060878753662,0.7352569103240967,0.3055555555555556,0.6250111000111,0.3076923076923077,0.0,0.570031002163887,0.6434893161058426,0.08386196382343769,0.1890252847224474,0.0,0.0,0.0,0.0,0.0,18473,global,0.0
1,3,lr1e-05_bs16_drop0p4_temp2p0_a0p25_b0p05__wd1e-04trmiss0_degmodglobal,16,1e-05,0.0001,0.4,2.0,0.25,0.05,lr1e-05_bs16_drop0p4_temp2p0_a0p25_b0p05__wd1e-04trmiss0_degmodglobal,48,0.6920997202396393,0.735241711139679,0.3055555555555556,0.6250111000111,0.3076923076923077,0.0,0.5713371932506561,0.6646752655506134,0.07174680475145578,0.18975520506501198,0.0,0.0,0.0,0.0,0.0,18473,global,0.0
1,4,lr1e-04_bs8_drop0p2_temp1p0_a0p25_b0p05__wd1e-04trmiss0_degmodglobal,8,0.0001,0.0001,0.2,1.0,0.25,0.05,lr1e-04_bs8_drop0p2_temp1p0_a0p25_b0p05__wd1e-04trmiss0_degmodglobal,1,0.7153207574571881,0.6659809350967407,0.5,0.7822631072631072,0.6923076923076923,0.0,0.6674676537513733,0.6911728296961103,0.06562012806534767,0.1548577504498618,0.0,0.0,0.0,0.0,0.0,18473,global,0.0
1,4,lr1e-04_bs8_drop0p2_temp1p0_a0p25_b0p05__wd1e-04trmiss0_degmodglobal,8,0.0001,0.0001,0.2,1.0,0.25,0.05,lr1e-04_bs8_drop0p2_temp1p0_a0p25_b0p05__wd1e-04trmiss0_degmodglobal,2,0.6396093453679766,0.6449347138404846,0.5277777777777777,0.7698122864789532,0.6923076923076923,0.0,0.6411258152553013,0.6155579004968915,0.06446284428238869,0.15871453498091018,0.0,0.0,0.0,0.0,0.0,18473,global,0.0
1,4,lr1e-04_bs8_drop0p2_temp1p0_a0p25_b0p05__wd1e-04trmiss0_degmodglobal,8,0.0001,0.0001,0.2,1.0,0.25,0.05,lr1e-04_bs8_drop0p2_temp1p0_a0p25_b0p05__wd1e-04trmiss0_degmodglobal,3,0.6313729371343341,0.6392888426780701,0.5555555555555556,0.7864789531456198,0.6923076923076923,0.0,0.606376758643559,0.6064131259918213,0.07284347180809293,0.13497870309012278,0.0,0.0,0.0,0.0,0.0,18473,global,0.0
1,4,lr1e-04_bs8_drop0p2_temp1p0_a0p25_b0p05__wd1e-04trmiss0_degmodglobal,8,0.0001,0.0001,0.2,1.0,0.25,0.05,lr1e-04_bs8_drop0p2_temp1p0_a0p25_b0p05__wd1e-04trmiss0_degmodglobal,4,0.6061462249074664,0.6394603550434113,0.6388888888888888,0.822602089268756,0.6923076923076923,0.0,0.6023606487682888,0.5789134502410889,0.07751568193946566,0.15707732577409064,0.0,0.0,0.0,0.0,0.0,18473,global,0.0
1,4,lr1e-04_bs8_drop0p2_temp1p0_a0p25_b0p05__wd1e-04trmiss0_degmodglobal,8,0.0001,0.0001,0.2,1.0,0.25,0.05,lr1e-04_bs8_drop0p2_temp1p0_a0p25_b0p05__wd1e-04trmiss0_degmodglobal,5,0.5923513003758022,0.6342889964580536,0.6388888888888888,0.7974698141364809,0.6923076923076923,0.0,0.5448791469846453,0.558732441493443,0.09705731964537076,0.18709080666303635,0.0,0.0,0.0,0.0,0.0,18473,global,0.0
1,4,lr1e-04_bs8_drop0p2_temp1p0_a0p25_b0p05__wd1e-04trmiss0_degmodglobal,8,0.0001,0.0001,0.2,1.0,0.25,0.05,lr1e-04_bs8_drop0p2_temp1p0_a0p25_b0p05__wd1e-04trmiss0_degmodglobal,6,0.5708961657115391,0.6329732537269592,0.6388888888888888,0.8001914751914752,0.6153846153846154,0.0,0.5386219833578382,0.5389768481254578,0.09209882148674556,0.17789226131779806,0.0,0.0,0.0,0.0,0.0,18473,global,0.0
1,4,lr1e-04_bs8_drop0p2_temp1p0_a0p25_b0p05__wd1e-04trmiss0_degmodglobal,8,0.0001,0.0001,0.2,1.0,0.25,0.05,lr1e-04_bs8_drop0p2_temp1p0_a0p25_b0p05__wd1e-04trmiss0_degmodglobal,7,0.5743477599961417,0.6345702409744263,0.6666666666666666,0.8082722832722833,0.6153846153846154,0.0,0.55013621704919,0.5461218867983136,0.08142554014921188,0.15738971212080546,0.0,0.0,0.0,0.0,0.0,18473,global,0.0
1,4,lr1e-04_bs8_drop0p2_temp1p0_a0p25_b0p05__wd1e-04trmiss0_degmodglobal,8,0.0001,0.0001,0.2,1.0,0.25,0.05,lr1e-04_bs8_drop0p2_temp1p0_a0p25_b0p05__wd1e-04trmiss0_degmodglobal,8,0.5949289543288094,0.6321784257888794,0.6388888888888888,0.8001914751914752,0.6153846153846154,0.0,0.5157543122768402,0.5487180437360492,0.12685065184320723,0.28996500332972835,0.0,0.0,0.0,0.0,0.0,18473,global,0.0
1,4,lr1e-04_bs8_drop0p2_temp1p0_a0p25_b0p05__wd1e-04trmiss0_degmodglobal,8,0.0001,0.0001,0.2,1.0,0.25,0.05,lr1e-04_bs8_drop0p2_temp1p0_a0p25_b0p05__wd1e-04trmiss0_degmodglobal,9,0.5659556133406503,0.6314738690853119,0.6666666666666667,0.8372285122285124,0.6153846153846154,0.0,0.5211372971534729,0.5312541425228119,0.10384114299501691,0.17482411009924753,0.0,0.0,0.0,0.0,0.0,18473,global,0.0
1,4,lr1e-04_bs8_drop0p2_temp1p0_a0p25_b0p05__wd1e-04trmiss0_degmodglobal,8,0.0001,0.0001,0.2,1.0,0.25,0.05,lr1e-04_bs8_drop0p2_temp1p0_a0p25_b0p05__wd1e-04trmiss0_degmodglobal,10,0.5550678457532611,0.6351030170917511,0.6666666666666667,0.8372285122285124,0.6153846153846154,0.0,0.5082579978874752,0.5228230782917568,0.0984454910670008,0.15266798543078558,0.0,0.0,0.0,0.0,0.0,18473,global,0.0
1,4,lr1e-04_bs8_drop0p2_temp1p0_a0p25_b0p05__wd1e-04trmiss0_degmodglobal,8,0.0001,0.0001,0.2,1.0,0.25,0.05,lr1e-04_bs8_drop0p2_temp1p0_a0p25_b0p05__wd1e-04trmiss0_degmodglobal,11,0.5484497249126434,0.6423587203025818,0.6111111111111112,0.8177840677840678,0.6153846153846154,0.0,0.4953239985874721,0.5127259152276176,0.10755794388907296,0.17668666264840535,0.0,0.0,0.0,0.0,0.0,18473,global,0.0
1,4,lr1e-04_bs8_drop0p2_temp1p0_a0p25_b0p05__wd1e-04trmiss0_degmodglobal,8,0.0001,0.0001,0.2,1.0,0.25,0.05,lr1e-04_bs8_drop0p2_temp1p0_a0p25_b0p05__wd1e-04trmiss0_degmodglobal,12,0.5619849307196481,0.6480723023414612,0.6111111111111112,0.8177840677840678,0.5384615384615384,0.0,0.5252789046083178,0.5337621782507215,0.08727761783770152,0.1280670573136636,0.0,0.0,0.0,0.0,0.0,18473,global,0.0
1,4,lr1e-04_bs8_drop0p2_temp1p0_a0p25_b0p05__wd1e-04trmiss0_degmodglobal,8,0.0001,0.0001,0.2,1.0,0.25,0.05,lr1e-04_bs8_drop0p2_temp1p0_a0p25_b0p05__wd1e-04trmiss0_degmodglobal,13,0.5832330754825047,0.6495821177959442,0.5833333333333333,0.7807470307470308,0.6923076923076923,0.0,0.4772741837160928,0.5254703078951154,0.168265878622021,0.3139261869447572,0.0,0.0,0.0,0.0,0.0,18473,global,0.0
1,4,lr1e-04_bs8_drop0p2_temp1p0_a0p25_b0p05__wd1e-04trmiss0_degmodglobal,8,0.0001,0.0001,0.2,1.0,0.25,0.05,lr1e-04_bs8_drop0p2_temp1p0_a0p25_b0p05__wd1e-04trmiss0_degmodglobal,14,0.5470294058322906,0.6475566923618317,0.5833333333333333,0.7807470307470308,0.6923076923076923,0.0,0.4577638123716627,0.4980602094105312,0.14163669518062047,0.271200139607702,0.0,0.0,0.0,0.0,0.0,18473,global,0.0
1,4,lr1e-04_bs8_drop0p2_temp1p0_a0p25_b0p05__wd1e-04trmiss0_degmodglobal,8,0.0001,0.0001,0.2,1.0,0.25,0.05,lr1e-04_bs8_drop0p2_temp1p0_a0p25_b0p05__wd1e-04trmiss0_degmodglobal,15,0.5884458763258797,0.6436540186405182,0.5833333333333333,0.7807470307470308,0.6923076923076923,0.0,0.46291992919785635,0.533191591501236,0.16224844647305353,0.2938432124044214,0.0,0.0,0.0,0.0,0.0,18473,global,0.0
1,4,lr1e-04_bs8_drop0p2_temp1p0_a0p25_b0p05__wd1e-04trmiss0_degmodglobal,8,0.0001,0.0001,0.2,1.0,0.25,0.05,lr1e-04_bs8_drop0p2_temp1p0_a0p25_b0p05__wd1e-04trmiss0_degmodglobal,16,0.5294848808220455,0.6452455222606659,0.6111111111111112,0.7871572871572872,0.6153846153846154,0.0,0.4611989770616804,0.48312548654420034,0.1407368161848613,0.22350383762802398,0.0,0.0,0.0,0.0,0.0,18473,global,0.0
1,4,lr1e-04_bs8_drop0p2_temp1p0_a0p25_b0p05__wd1e-04trmiss0_degmodglobal,8,0.0001,0.0001,0.2,1.0,0.25,0.05,lr1e-04_bs8_drop0p2_temp1p0_a0p25_b0p05__wd1e-04trmiss0_degmodglobal,17,0.5382536479404995,0.6412596106529236,0.5833333333333333,0.7807470307470308,0.6153846153846154,0.0,0.4911965940679823,0.5058372914791107,0.09940254794699806,0.15131459278719767,0.0,0.0,0.0,0.0,0.0,18473,global,0.0
1,4,lr1e-04_bs8_drop0p2_temp1p0_a0p25_b0p05__wd1e-04trmiss0_degmodglobal,8,0.0001,0.0001,0.2,1.0,0.25,0.05,lr1e-04_bs8_drop0p2_temp1p0_a0p25_b0p05__wd1e-04trmiss0_degmodglobal,18,0.5106254943779537,0.6411165297031403,0.5833333333333333,0.7807470307470308,0.5384615384615384,0.0,0.4603975330080305,0.46675723791122437,0.12178956823689598,0.2684171668120793,0.0,0.0,0.0,0.0,0.0,18473,global,0.0
1,4,lr1e-04_bs8_drop0p2_temp1p0_a0p25_b0p05__wd1e-04trmiss0_degmodglobal,8,0.0001,0.0001,0.2,1.0,0.25,0.05,lr1e-04_bs8_drop0p2_temp1p0_a0p25_b0p05__wd1e-04trmiss0_degmodglobal,19,0.5618177652359009,0.6389496326446533,0.6111111111111112,0.8177840677840678,0.6153846153846154,0.0,0.4753394680363791,0.5028255241257804,0.1775084627526147,0.29230225724833353,0.0,0.0,0.0,0.0,0.0,18473,global,0.0
1,4,lr1e-04_bs8_drop0p2_temp1p0_a0p25_b0p05__wd1e-04trmiss0_degmodglobal,8,0.0001,0.0001,0.2,1.0,0.25,0.05,lr1e-04_bs8_drop0p2_temp1p0_a0p25_b0p05__wd1e-04trmiss0_degmodglobal,20,0.5370989697320121,0.6392570436000824,0.6666666666666666,0.851972101972102,0.5384615384615384,0.0,0.48312787072999136,0.49109133226530893,0.1312363169022969,0.26397119356053217,0.0,0.0,0.0,0.0,0.0,18473,global,0.0
1,4,lr1e-04_bs8_drop0p2_temp1p0_a0p25_b0p05__wd1e-04trmiss0_degmodglobal,8,0.0001,0.0001,0.2,1.0,0.25,0.05,lr1e-04_bs8_drop0p2_temp1p0_a0p25_b0p05__wd1e-04trmiss0_degmodglobal,21,0.5258361612047467,0.6390084326267242,0.638888888888889,0.8455618455618457,0.5384615384615384,0.0,0.46142901693071636,0.4858304900782449,0.12263485257114683,0.18693889411432402,0.0,0.0,0.0,0.0,0.0,18473,global,0.0
1,4,lr1e-04_bs8_drop0p2_temp1p0_a0p25_b0p05__wd1e-04trmiss0_degmodglobal,8,0.0001,0.0001,0.2,1.0,0.25,0.05,lr1e-04_bs8_drop0p2_temp1p0_a0p25_b0p05__wd1e-04trmiss0_degmodglobal,22,0.5322882618222918,0.6357355117797852,0.6666666666666667,0.8677840677840678,0.5384615384615384,0.0,0.4417557290622166,0.4801009254796164,0.1522496725831713,0.282498374581337,0.0,0.0,0.0,0.0,0.0,18473,global,0.0
1,4,lr1e-04_bs8_drop0p2_temp1p0_a0p25_b0p05__wd1e-04trmiss0_degmodglobal,8,0.0001,0.0001,0.2,1.0,0.25,0.05,lr1e-04_bs8_drop0p2_temp1p0_a0p25_b0p05__wd1e-04trmiss0_degmodglobal,23,0.5336636517729078,0.6367393732070923,0.6111111111111112,0.8491452991452992,0.5384615384615384,0.0,0.46594507353646414,0.48595012511525837,0.14755263498851232,0.21650718791144236,0.0,0.0,0.0,0.0,0.0,18473,global,0.0
1,4,lr1e-04_bs8_drop0p2_temp1p0_a0p25_b0p05__wd1e-04trmiss0_degmodglobal,8,0.0001,0.0001,0.2,1.0,0.25,0.05,lr1e-04_bs8_drop0p2_temp1p0_a0p25_b0p05__wd1e-04trmiss0_degmodglobal,24,0.5132199014936175,0.6397388875484467,0.6388888888888888,0.8676638176638178,0.5384615384615384,0.0,0.48941828523363384,0.4798922666481563,0.10168188384601048,0.1581433963562761,0.0,0.0,0.0,0.0,0.0,18473,global,0.0
1,4,lr1e-04_bs8_drop0p2_temp1p0_a0p25_b0p05__wd1e-04trmiss0_degmodglobal,8,0.0001,0.0001,0.2,1.0,0.25,0.05,lr1e-04_bs8_drop0p2_temp1p0_a0p25_b0p05__wd1e-04trmiss0_degmodglobal,25,0.5203238299914769,0.6413215398788452,0.6111111111111112,0.8491452991452992,0.5384615384615384,0.0,0.45548397302627563,0.47778561285563875,0.12379886848585946,0.23176987788506917,0.0,0.0,0.0,0.0,0.0,18473,global,0.0
1,4,lr1e-04_bs8_drop0p2_temp1p0_a0p25_b0p05__wd1e-04trmiss0_degmodglobal,8,0.0001,0.0001,0.2,1.0,0.25,0.05,lr1e-04_bs8_drop0p2_temp1p0_a0p25_b0p05__wd1e-04trmiss0_degmodglobal,26,0.5033409169742039,0.6435540616512299,0.6111111111111112,0.8491452991452992,0.5384615384615384,0.0,0.45023074746131897,0.46901677761759075,0.10477672410862786,0.16259918468339102,0.0,0.0,0.0,0.0,0.0,18473,global,0.0
1,4,lr1e-04_bs8_drop0p2_temp1p0_a0p25_b0p05__wd1e-04trmiss0_degmodglobal,8,0.0001,0.0001,0.2,1.0,0.25,0.05,lr1e-04_bs8_drop0p2_temp1p0_a0p25_b0p05__wd1e-04trmiss0_degmodglobal,27,0.5097803473472595,0.6422688066959381,0.6388888888888888,0.8676638176638178,0.5384615384615384,0.0,0.44421436956950594,0.4554727716105325,0.15497408381530217,0.31128098496368956,0.0,0.0,0.0,0.0,0.0,18473,global,0.0
1,4,lr1e-04_bs8_drop0p2_temp1p0_a0p25_b0p05__wd1e-04trmiss0_degmodglobal,8,0.0001,0.0001,0.2,1.0,0.25,0.05,lr1e-04_bs8_drop0p2_temp1p0_a0p25_b0p05__wd1e-04trmiss0_degmodglobal,28,0.5285502033574241,0.6440041065216064,0.6666666666666666,0.8743978243978245,0.5384615384615384,0.0,0.4373854398727417,0.4755792277199881,0.15186587401798793,0.3000900830541338,0.0,0.0,0.0,0.0,0.0,18473,global,0.0
1,4,lr1e-04_bs8_drop0p2_temp1p0_a0p25_b0p05__wd1e-04trmiss0_degmodglobal,8,0.0001,0.0001,0.2,1.0,0.25,0.05,lr1e-04_bs8_drop0p2_temp1p0_a0p25_b0p05__wd1e-04trmiss0_degmodglobal,29,0.5149435784135546,0.6512956023216248,0.6388888888888888,0.8558793058793059,0.5384615384615384,0.0,0.4304282409804208,0.46773417932646616,0.14505758402603014,0.21889997938913958,0.0,0.0,0.0,0.0,0.0,18473,global,0.0
1,4,lr1e-04_bs8_drop0p2_temp2p0_a0p25_b0p05__wd1e-04trmiss0_degmodglobal,8,0.0001,0.0001,0.2,2.0,0.25,0.05,lr1e-04_bs8_drop0p2_temp2p0_a0p25_b0p05__wd1e-04trmiss0_degmodglobal,1,0.7027598364012582,1.2267949283123016,0.49999999999999994,0.7611703111703112,0.3076923076923077,0.0,0.7109298195157733,0.6768894876752581,0.06491487845778465,0.19283259127821242,0.0,0.0,0.0,0.0,0.0,18473,global,0.0
1,4,lr1e-04_bs8_drop0p2_temp2p0_a0p25_b0p05__wd1e-04trmiss0_degmodglobal,8,0.0001,0.0001,0.2,2.0,0.25,0.05,lr1e-04_bs8_drop0p2_temp2p0_a0p25_b0p05__wd1e-04trmiss0_degmodglobal,2,0.6675278374126979,1.332381546497345,0.5555555555555555,0.8056147556147557,0.38461538461538464,0.0,0.6434749024254935,0.6442286457334246,0.05873771437576839,0.17229542881250381,0.0,0.0,0.0,0.0,0.0,18473,global,0.0
1,4,lr1e-04_bs8_drop0p2_temp2p0_a0p25_b0p05__wd1e-04trmiss0_degmodglobal,8,0.0001,0.0001,0.2,2.0,0.25,0.05,lr1e-04_bs8_drop0p2_temp2p0_a0p25_b0p05__wd1e-04trmiss0_degmodglobal,3,0.6895209295409066,1.40730419754982,0.5277777777777778,0.7963554963554964,0.38461538461538464,0.0,0.6541473865509033,0.6706936444555011,0.04663797414728573,0.1433557319853987,0.0,0.0,0.0,0.0,0.0,18473,global,0.0
1,4,lr1e-04_bs8_drop0p2_temp2p0_a0p25_b0p05__wd1e-04trmiss0_degmodglobal,8,0.0001,0.0001,0.2,2.0,0.25,0.05,lr1e-04_bs8_drop0p2_temp2p0_a0p25_b0p05__wd1e-04trmiss0_degmodglobal,4,0.6288989271436419,1.4669021964073181,0.5555555555555555,0.8056147556147557,0.38461538461538464,0.0,0.6347518307822091,0.6061505505016872,0.056803000824792046,0.1709522988115038,0.0,0.0,0.0,0.0,0.0,18473,global,0.0
1,4,lr1e-04_bs8_drop0p2_temp2p0_a0p25_b0p05__wd1e-04trmiss0_degmodglobal,8,0.0001,0.0001,0.2,2.0,0.25,0.05,lr1e-04_bs8_drop0p2_temp2p0_a0p25_b0p05__wd1e-04trmiss0_degmodglobal,5,0.6069340535572597,1.5053114593029022,0.5277777777777778,0.7833925333925336,0.46153846153846156,0.0,0.604574169431414,0.5834507431302752,0.06253880102719579,0.15697211985077178,0.0,0.0,0.0,0.0,0.0,18473,global,0.0
1,4,lr1e-04_bs8_drop0p2_temp2p0_a0p25_b0p05__wd1e-04trmiss0_degmodglobal,8,0.0001,0.0001,0.2,2.0,0.25,0.05,lr1e-04_bs8_drop0p2_temp2p0_a0p25_b0p05__wd1e-04trmiss0_degmodglobal,6,0.6383983705724988,1.4761354327201843,0.5277777777777778,0.7833925333925336,0.38461538461538464,0.0,0.6027359877313886,0.6104697201933179,0.07573473187429565,0.17989932426384517,0.0,0.0,0.0,0.0,0.0,18473,global,0.0
1,4,lr1e-04_bs8_drop0p2_temp2p0_a0p25_b0p05__wd1e-04trmiss0_degmodglobal,8,0.0001,0.0001,0.2,2.0,0.25,0.05,lr1e-04_bs8_drop0p2_temp2p0_a0p25_b0p05__wd1e-04trmiss0_degmodglobal,7,0.6099190797124591,1.5033429563045502,0.5,0.7685777185777187,0.38461538461538464,0.0,0.6000884260450091,0.58883969272886,0.056459939905575345,0.139288137533835,0.0,0.0,0.0,0.0,0.0,18473,global,0.0
1,4,lr1e-04_bs8_drop0p2_temp2p0_a0p25_b0p05__wd1e-04trmiss0_degmodglobal,8,0.0001,0.0001,0.2,2.0,0.25,0.05,lr1e-04_bs8_drop0p2_temp2p0_a0p25_b0p05__wd1e-04trmiss0_degmodglobal,8,0.5680621351514544,1.508199781179428,0.5,0.7685777185777187,0.38461538461538464,0.0,0.5842330966676984,0.5345096247536796,0.08722397365740367,0.234929980976241,0.0,0.0,0.0,0.0,0.0,18473,global,0.0
1,4,lr1e-04_bs8_drop0p2_temp2p0_a0p25_b0p05__wd1e-04trmiss0_degmodglobal,8,0.0001,0.0001,0.2,2.0,0.25,0.05,lr1e-04_bs8_drop0p2_temp2p0_a0p25_b0p05__wd1e-04trmiss0_degmodglobal,9,0.5727408613477435,1.5172738432884216,0.5277777777777778,0.8012496762496764,0.5384615384615384,0.0,0.5811530521937779,0.5473312480109078,0.065642597419875,0.17997904228312628,0.0,0.0,0.0,0.0,0.0,18473,global,0.0
1,4,lr1e-04_bs8_drop0p2_temp2p0_a0p25_b0p05__wd1e-04trmiss0_degmodglobal,8,0.0001,0.0001,0.2,2.0,0.25,0.05,lr1e-04_bs8_drop0p2_temp2p0_a0p25_b0p05__wd1e-04trmiss0_degmodglobal,10,0.5847196664128985,1.5034423768520355,0.4722222222222222,0.7758528508528508,0.5384615384615384,0.0,0.5825758576393127,0.5587046359266553,0.06175046307700021,0.21154812191213881,0.0,0.0,0.0,0.0,0.0,18473,global,0.0
1,4,lr1e-04_bs8_drop0p2_temp2p0_a0p25_b0p05__wd1e-04trmiss0_degmodglobal,8,0.0001,0.0001,0.2,2.0,0.25,0.05,lr1e-04_bs8_drop0p2_temp2p0_a0p25_b0p05__wd1e-04trmiss0_degmodglobal,11,0.5805971877915519,1.5078361630439758,0.5277777777777778,0.7833925333925336,0.46153846153846156,0.0,0.5970741425241742,0.53696038041796,0.11373522345508848,0.30405986521925243,0.0,0.0,0.0,0.0,0.0,18473,global,0.0
1,4,lr1e-04_bs8_drop0p2_temp2p0_a0p25_b0p05__wd1e-04trmiss0_degmodglobal,8,0.0001,0.0001,0.2,2.0,0.25,0.05,lr1e-04_bs8_drop0p2_temp2p0_a0p25_b0p05__wd1e-04trmiss0_degmodglobal,12,0.5602486303874424,1.4893080592155457,0.5555555555555556,0.7966200466200468,0.38461538461538464,0.0,0.5829286319868905,0.5212860064847129,0.10109036096504756,0.2738007754087448,0.0,0.0,0.0,0.0,0.0,18473,global,0.0
1,4,lr1e-04_bs8_drop0p2_temp2p0_a0p25_b0p05__wd1e-04trmiss0_degmodglobal,8,0.0001,0.0001,0.2,2.0,0.25,0.05,lr1e-04_bs8_drop0p2_temp2p0_a0p25_b0p05__wd1e-04trmiss0_degmodglobal,13,0.5842363238334656,1.4997556805610657,0.5555555555555556,0.7966200466200468,0.38461538461538464,0.0,0.5515606829098293,0.5561448037624359,0.07844367729766029,0.1696120255759784,0.0,0.0,0.0,0.0,0.0,18473,global,0.0
1,4,lr1e-04_bs8_drop0p2_temp2p0_a0p25_b0p05__wd1e-04trmiss0_degmodglobal,8,0.0001,0.0001,0.2,2.0,0.25,0.05,lr1e-04_bs8_drop0p2_temp2p0_a0p25_b0p05__wd1e-04trmiss0_degmodglobal,14,0.5471413518701281,1.486636370420456,0.5555555555555556,0.7966200466200468,0.38461538461538464,0.0,0.5831715975488935,0.5153057788099561,0.08464068014706884,0.2135079481772014,0.0,0.0,0.0,0.0,0.0,18473,global,0.0
1,4,lr1e-04_bs8_drop0p2_temp2p0_a0p25_b0p05__wd1e-04trmiss0_degmodglobal,8,0.0001,0.0001,0.2,2.0,0.25,0.05,lr1e-04_bs8_drop0p2_temp2p0_a0p25_b0p05__wd1e-04trmiss0_degmodglobal,15,0.5640577801636287,1.448533982038498,0.5555555555555556,0.7966200466200468,0.38461538461538464,0.0,0.557348200253078,0.5311285768236432,0.09162194867219244,0.20047456877572195,0.0,0.0,0.0,0.0,0.0,18473,global,0.0
1,4,lr1e-04_bs8_drop0p2_temp2p0_a0p25_b0p05__wd1e-04trmiss0_degmodglobal,8,0.0001,0.0001,0.2,2.0,0.25,0.05,lr1e-04_bs8_drop0p2_temp2p0_a0p25_b0p05__wd1e-04trmiss0_degmodglobal,16,0.5364845863410405,1.4398468434810638,0.5555555555555556,0.7966200466200468,0.38461538461538464,0.0,0.5437424864087786,0.49543389678001404,0.11341529658862523,0.253937552017825,0.0,0.0,0.0,0.0,0.0,18473,global,0.0
1,4,lr1e-04_bs8_drop0p2_temp2p0_a0p25_b0p05__wd1e-04trmiss0_degmodglobal,8,0.0001,0.0001,0.2,2.0,0.25,0.05,lr1e-04_bs8_drop0p2_temp2p0_a0p25_b0p05__wd1e-04trmiss0_degmodglobal,17,0.54688361287117,1.4777054488658905,0.5555555555555556,0.7966200466200468,0.38461538461538464,0.0,0.5526069743292672,0.5034855263573783,0.1180129029921123,0.2778974856649126,0.0,0.0,0.0,0.0,0.0,18473,global,0.0
1,4,lr1e-04_bs8_drop0p2_temp2p0_a0p25_b0p05__wd1e-04trmiss0_degmodglobal,8,0.0001,0.0001,0.2,2.0,0.25,0.05,lr1e-04_bs8_drop0p2_temp2p0_a0p25_b0p05__wd1e-04trmiss0_degmodglobal,18,0.5303230328219277,1.507903665304184,0.5,0.7685777185777187,0.38461538461538464,0.0,0.5402306233133588,0.49373723779405865,0.10644190652029854,0.1995064222386905,0.0,0.0,0.0,0.0,0.0,18473,global,0.0
1,4,lr1e-04_bs8_drop0p2_temp2p0_a0p25_b0p05__wd1e-04trmiss0_degmodglobal,8,0.0001,0.0001,0.2,2.0,0.25,0.05,lr1e-04_bs8_drop0p2_temp2p0_a0p25_b0p05__wd1e-04trmiss0_degmodglobal,19,0.5373564319951194,1.5007186830043793,0.4722222222222222,0.7519110519110519,0.38461538461538464,0.0,0.522141477891377,0.5063874338354383,0.0852977814418929,0.1928908292736326,0.0,0.0,0.0,0.0,0.0,18473,global,0.0
1,4,lr1e-04_bs8_drop0p2_temp2p0_a0p25_b0p05__wd1e-04trmiss0_degmodglobal,8,0.0001,0.0001,0.2,2.0,0.25,0.05,lr1e-04_bs8_drop0p2_temp2p0_a0p25_b0p05__wd1e-04trmiss0_degmodglobal,20,0.5336312523909977,1.4488739967346191,0.4722222222222222,0.7519110519110519,0.38461538461538464,0.0,0.5309887869017464,0.4879587803568159,0.12346768804958888,0.2961110132081168,0.0,0.0,0.0,0.0,0.0,18473,global,0.0
1,4,lr1e-04_bs8_drop0p2_temp2p0_a0p25_b0p05__wd1e-04trmiss0_degmodglobal,8,0.0001,0.0001,0.2,2.0,0.25,0.05,lr1e-04_bs8_drop0p2_temp2p0_a0p25_b0p05__wd1e-04trmiss0_degmodglobal,21,0.5169887883322579,1.460343599319458,0.4722222222222222,0.7519110519110519,0.38461538461538464,0.0,0.5032491939408439,0.47973268798419405,0.10582451522350311,0.21599960965769632,0.0,0.0,0.0,0.0,0.0,18473,global,0.0
1,4,lr1e-04_bs8_drop0p2_temp2p0_a0p25_b0p05__wd1e-04trmiss0_degmodglobal,8,0.0001,0.0001,0.2,2.0,0.25,0.05,lr1e-04_bs8_drop0p2_temp2p0_a0p25_b0p05__wd1e-04trmiss0_degmodglobal,22,0.544722033398492,1.4992270767688751,0.5277777777777778,0.7833925333925336,0.38461538461538464,0.0,0.5146635941096714,0.5119901640074593,0.09379462046282631,0.1856643972652299,0.0,0.0,0.0,0.0,0.0,18473,global,0.0
1,4,lr1e-04_bs8_drop0p2_temp2p0_a0p25_b0p05__wd1e-04trmiss0_degmodglobal,8,0.0001,0.0001,0.2,2.0,0.25,0.05,lr1e-04_bs8_drop0p2_temp2p0_a0p25_b0p05__wd1e-04trmiss0_degmodglobal,23,0.5336569888251168,1.4650616645812988,0.5555555555555556,0.7966200466200468,0.38461538461538464,0.0,0.5138359878744397,0.4950087709086282,0.10786825365253858,0.23362299587045396,0.0,0.0,0.0,0.0,0.0,18473,global,0.0
1,4,lr1e-04_bs8_drop0p2_temp2p0_a0p25_b0p05__wd1e-04trmiss0_degmodglobal,8,0.0001,0.0001,0.2,2.0,0.25,0.05,lr1e-04_bs8_drop0p2_temp2p0_a0p25_b0p05__wd1e-04trmiss0_degmodglobal,24,0.5039678045681545,1.477320373058319,0.5,0.7734718984718985,0.38461538461538464,0.0,0.4887666872569493,0.4619454400879996,0.11932969838380814,0.2437989435025624,0.0,0.0,0.0,0.0,0.0,18473,global,0.0
1,4,lr1e-04_bs8_drop0p2_temp2p0_a0p25_b0p05__wd1e-04trmiss0_degmodglobal,8,0.0001,0.0001,0.2,2.0,0.25,0.05,lr1e-04_bs8_drop0p2_temp2p0_a0p25_b0p05__wd1e-04trmiss0_degmodglobal,25,0.51626404268401,1.4846114814281464,0.5,0.7734718984718985,0.38461538461538464,0.0,0.505922372852053,0.48006271038736614,0.10862485053283828,0.18090259922402246,0.0,0.0,0.0,0.0,0.0,18473,global,0.0
1,4,lr1e-04_bs8_drop0p2_temp2p0_a0p25_b0p05__wd1e-04trmiss0_degmodglobal,8,0.0001,0.0001,0.2,2.0,0.25,0.05,lr1e-04_bs8_drop0p2_temp2p0_a0p25_b0p05__wd1e-04trmiss0_degmodglobal,26,0.5341739526816777,1.4888624250888824,0.5,0.7734718984718985,0.38461538461538464,0.0,0.5122040595327105,0.4963594845363072,0.11324414078678403,0.1900687696678298,0.0,0.0,0.0,0.0,0.0,18473,global,0.0
1,4,lr1e-04_bs8_drop0p2_temp2p0_a0p25_b0p05__wd1e-04trmiss0_degmodglobal,8,0.0001,0.0001,0.2,2.0,0.25,0.05,lr1e-04_bs8_drop0p2_temp2p0_a0p25_b0p05__wd1e-04trmiss0_degmodglobal,27,0.5163494561399732,1.4909784197807312,0.4722222222222222,0.7519110519110519,0.38461538461538464,0.0,0.49607313530785696,0.46862358280590605,0.13647451996803284,0.27214505629880087,0.0,0.0,0.0,0.0,0.0,18473,global,0.0
1,4,lr1e-04_bs8_drop0p2_temp2p0_a0p25_b0p05__wd1e-04trmiss0_degmodglobal,8,0.0001,0.0001,0.2,2.0,0.25,0.05,lr1e-04_bs8_drop0p2_temp2p0_a0p25_b0p05__wd1e-04trmiss0_degmodglobal,28,0.5242205858230591,1.488491952419281,0.4722222222222222,0.7519110519110519,0.38461538461538464,0.0,0.49577833499227253,0.48406452366283964,0.1055252764906202,0.2754946712936674,0.0,0.0,0.0,0.0,0.0,18473,global,0.0
1,4,lr1e-04_bs8_drop0p2_temp2p0_a0p25_b0p05__wd1e-04trmiss0_degmodglobal,8,0.0001,0.0001,0.2,2.0,0.25,0.05,lr1e-04_bs8_drop0p2_temp2p0_a0p25_b0p05__wd1e-04trmiss0_degmodglobal,29,0.5064915546349117,1.4532909095287323,0.4722222222222222,0.7519110519110519,0.38461538461538464,0.0,0.47401501876967295,0.4571788821901594,0.15037224548203604,0.2343921171767371,0.0,0.0,0.0,0.0,0.0,18473,global,0.0
1,4,lr1e-04_bs8_drop0p2_temp2p0_a0p25_b0p05__wd1e-04trmiss0_degmodglobal,8,0.0001,0.0001,0.2,2.0,0.25,0.05,lr1e-04_bs8_drop0p2_temp2p0_a0p25_b0p05__wd1e-04trmiss0_degmodglobal,30,0.5411141003881182,1.4792594611644745,0.4722222222222222,0.7519110519110519,0.38461538461538464,0.0,0.4988889353615897,0.5004450508526394,0.12570087718112127,0.18487657606601715,0.0,0.0,0.0,0.0,0.0,18473,global,0.0
1,4,lr1e-04_bs8_drop0p2_temp2p0_a0p25_b0p05__wd1e-04trmiss0_degmodglobal,8,0.0001,0.0001,0.2,2.0,0.25,0.05,lr1e-04_bs8_drop0p2_temp2p0_a0p25_b0p05__wd1e-04trmiss0_degmodglobal,31,0.5735759649957929,1.4875583946704865,0.5,0.7685777185777187,0.38461538461538464,0.0,0.5374733975955418,0.5350043262754168,0.10959074859108243,0.2234790718981198,0.0,0.0,0.0,0.0,0.0,18473,global,0.0
1,4,lr1e-04_bs8_drop0p2_temp2p0_a0p25_b0p05__wd1e-04trmiss0_degmodglobal,8,0.0001,0.0001,0.2,2.0,0.25,0.05,lr1e-04_bs8_drop0p2_temp2p0_a0p25_b0p05__wd1e-04trmiss0_degmodglobal,32,0.5302459214414869,1.4976381659507751,0.5,0.7685777185777187,0.38461538461538464,0.0,0.4889512487820217,0.4862281722681863,0.13218584124531066,0.219425553722041,0.0,0.0,0.0,0.0,0.0,18473,global,0.0
1,4,lr1e-04_bs8_drop0p2_temp2p0_a0p25_b0p05__wd1e-04trmiss0_degmodglobal,8,0.0001,0.0001,0.2,2.0,0.25,0.05,lr1e-04_bs8_drop0p2_temp2p0_a0p25_b0p05__wd1e-04trmiss0_degmodglobal,33,0.5347332954406738,1.5075208842754364,0.4722222222222222,0.7519110519110519,0.38461538461538464,0.0,0.49117970892361235,0.47955732686179026,0.15588615515402385,0.3240885761167322,0.0,0.0,0.0,0.0,0.0,18473,global,0.0
1,4,lr1e-04_bs8_drop0p2_temp2p0_a0p25_b0p05__wd1e-04trmiss0_degmodglobal,8,0.0001,0.0001,0.2,2.0,0.25,0.05,lr1e-04_bs8_drop0p2_temp2p0_a0p25_b0p05__wd1e-04trmiss0_degmodglobal,34,0.5452247176851545,1.4931873679161072,0.4722222222222222,0.7519110519110519,0.38461538461538464,0.0,0.4993384523051126,0.49781778880528044,0.1342986939208848,0.27664496430328916,0.0,0.0,0.0,0.0,0.0,18473,global,0.0
1,4,lr1e-04_bs8_drop0p2_temp2p0_a0p25_b0p05__wd1e-04trmiss0_degmodglobal,8,0.0001,0.0001,0.2,2.0,0.25,0.05,lr1e-04_bs8_drop0p2_temp2p0_a0p25_b0p05__wd1e-04trmiss0_degmodglobal,35,0.5513145072119576,1.5002253651618958,0.4722222222222222,0.7519110519110519,0.38461538461538464,0.0,0.5132151927266803,0.5098286398819515,0.12537070363759995,0.20286380286727632,0.0,0.0,0.0,0.0,0.0,18473,global,0.0
1,4,lr1e-04_bs8_drop0p2_temp2p0_a0p25_b0p05__wd1e-04trmiss0_degmodglobal,8,0.0001,0.0001,0.2,2.0,0.25,0.05,lr1e-04_bs8_drop0p2_temp2p0_a0p25_b0p05__wd1e-04trmiss0_degmodglobal,36,0.5082659508500781,1.5116754472255707,0.4722222222222222,0.7519110519110519,0.38461538461538464,0.0,0.4828342412199293,0.46722857866968426,0.12464598034109388,0.1975175929921014,0.0,0.0,0.0,0.0,0.0,18473,global,0.0
1,4,lr1e-04_bs8_drop0p4_temp1p0_a0p25_b0p05__wd1e-04trmiss0_degmodglobal,8,0.0001,0.0001,0.4,1.0,0.25,0.05,lr1e-04_bs8_drop0p4_temp1p0_a0p25_b0p05__wd1e-04trmiss0_degmodglobal,1,0.7220180800982884,0.6930519044399261,0.38888888888888884,0.6864348614348614,0.46153846153846156,0.0,0.7281576991081238,0.6889590535845075,0.0916939452290535,0.2027107732636588,0.0,0.0,0.0,0.0,0.0,18473,global,0.0
1,4,lr1e-04_bs8_drop0p4_temp1p0_a0p25_b0p05__wd1e-04trmiss0_degmodglobal,8,0.0001,0.0001,0.4,1.0,0.25,0.05,lr1e-04_bs8_drop0p4_temp1p0_a0p25_b0p05__wd1e-04trmiss0_degmodglobal,2,0.6519664185387748,0.6784581542015076,0.4444444444444444,0.7056147556147556,0.6153846153846154,0.0,0.6951415879385812,0.61519284759249,0.09582143064056124,0.25636411032506395,0.0,0.0,0.0,0.0,0.0,18473,global,0.0
1,4,lr1e-04_bs8_drop0p4_temp1p0_a0p25_b0p05__wd1e-04trmiss0_degmodglobal,8,0.0001,0.0001,0.4,1.0,0.25,0.05,lr1e-04_bs8_drop0p4_temp1p0_a0p25_b0p05__wd1e-04trmiss0_degmodglobal,3,0.6469186118670872,0.6800092458724976,0.4444444444444444,0.6587011753678421,0.6153846153846154,0.0,0.6775153449603489,0.6188211185591561,0.07911354196923119,0.16638232235397613,0.0,0.0,0.0,0.0,0.0,18473,global,0.0
1,4,lr1e-04_bs8_drop0p4_temp1p0_a0p25_b0p05__wd1e-04trmiss0_degmodglobal,8,0.0001,0.0001,0.4,1.0,0.25,0.05,lr1e-04_bs8_drop0p4_temp1p0_a0p25_b0p05__wd1e-04trmiss0_degmodglobal,4,0.6684755086898804,0.6734983325004578,0.5555555555555556,0.7219286885953553,0.6153846153846154,0.0,0.6962511028562274,0.6332251940454755,0.09171491329159055,0.24643161041396006,0.0,0.0,0.0,0.0,0.0,18473,global,0.0
1,4,lr1e-04_bs8_drop0p4_temp1p0_a0p25_b0p05__wd1e-04trmiss0_degmodglobal,8,0.0001,0.0001,0.4,1.0,0.25,0.05,lr1e-04_bs8_drop0p4_temp1p0_a0p25_b0p05__wd1e-04trmiss0_degmodglobal,5,0.7001216411590576,0.6688655912876129,0.5555555555555556,0.7219286885953553,0.6153846153846154,0.0,0.6525355918066842,0.666367735181536,0.08742073976567813,0.23797460326126643,0.0,0.0,0.0,0.0,0.0,18473,global,0.0
1,4,lr1e-04_bs8_drop0p4_temp1p0_a0p25_b0p05__wd1e-04trmiss0_degmodglobal,8,0.0001,0.0001,0.4,1.0,0.25,0.05,lr1e-04_bs8_drop0p4_temp1p0_a0p25_b0p05__wd1e-04trmiss0_degmodglobal,6,0.63202246597835,0.6665545105934143,0.5555555555555556,0.7219286885953553,0.6153846153846154,0.0,0.6189249668802533,0.6041178447859628,0.07006782293319702,0.20775354440723146,0.0,0.0,0.0,0.0,0.0,18473,global,0.0
1,4,lr1e-04_bs8_drop0p4_temp1p0_a0p25_b0p05__wd1e-04trmiss0_degmodglobal,8,0.0001,0.0001,0.4,1.0,0.25,0.05,lr1e-04_bs8_drop0p4_temp1p0_a0p25_b0p05__wd1e-04trmiss0_degmodglobal,7,0.6305722168513707,0.6735452115535736,0.5555555555555556,0.7219286885953553,0.6153846153846154,0.0,0.6624399764197213,0.599301176411765,0.07612908738000053,0.24477511857237136,0.0,0.0,0.0,0.0,0.0,18473,global,0.0
1,4,lr1e-04_bs8_drop0p4_temp1p0_a0p25_b0p05__wd1e-04trmiss0_degmodglobal,8,0.0001,0.0001,0.4,1.0,0.25,0.05,lr1e-04_bs8_drop0p4_temp1p0_a0p25_b0p05__wd1e-04trmiss0_degmodglobal,8,0.608202976839883,0.6739633679389954,0.5833333333333333,0.7338334505001172,0.6923076923076923,0.0,0.6320672460964748,0.5762201036725726,0.08093722750033651,0.23497134021350316,0.0,0.0,0.0,0.0,0.0,18473,global,0.0
1,4,lr1e-04_bs8_drop0p4_temp1p0_a0p25_b0p05__wd1e-04trmiss0_degmodglobal,8,0.0001,0.0001,0.4,1.0,0.25,0.05,lr1e-04_bs8_drop0p4_temp1p0_a0p25_b0p05__wd1e-04trmiss0_degmodglobal,9,0.6131257244518825,0.6769491732120514,0.5833333333333333,0.7338334505001172,0.6923076923076923,0.0,0.6105572964463916,0.5803200347082955,0.08347970992326736,0.23871512072426931,0.0,0.0,0.0,0.0,0.0,18473,global,0.0
1,4,lr1e-04_bs8_drop0p4_temp1p0_a0p25_b0p05__wd1e-04trmiss0_degmodglobal,8,0.0001,0.0001,0.4,1.0,0.25,0.05,lr1e-04_bs8_drop0p4_temp1p0_a0p25_b0p05__wd1e-04trmiss0_degmodglobal,10,0.5878846730504718,0.67719566822052,0.5555555555555556,0.7219286885953553,0.6923076923076923,0.0,0.5812644021851676,0.5548962099211556,0.08234060662133354,0.2480659442288535,0.0,0.0,0.0,0.0,0.0,18473,global,0.0
1,4,lr1e-04_bs8_drop0p4_temp1p0_a0p25_b0p05__wd1e-04trmiss0_degmodglobal,8,0.0001,0.0001,0.4,1.0,0.25,0.05,lr1e-04_bs8_drop0p4_temp1p0_a0p25_b0p05__wd1e-04trmiss0_degmodglobal,11,0.5958222150802612,0.6766069233417511,0.4722222222222222,0.6772196938863606,0.6923076923076923,0.0,0.616430538041251,0.5671884587832859,0.0713624959545476,0.21586241839187487,0.0,0.0,0.0,0.0,0.0,18473,global,0.0
1,4,lr1e-04_bs8_drop0p4_temp1p0_a0p25_b0p05__wd1e-04trmiss0_degmodglobal,8,0.0001,0.0001,0.4,1.0,0.25,0.05,lr1e-04_bs8_drop0p4_temp1p0_a0p25_b0p05__wd1e-04trmiss0_degmodglobal,12,0.6190267630985805,0.6862630248069763,0.4722222222222222,0.6667819834486501,0.6923076923076923,0.0,0.6255063414573669,0.5922426751681736,0.06195025412099702,0.22593060242278235,0.0,0.0,0.0,0.0,0.0,18473,global,0.0
1,4,lr1e-04_bs8_drop0p4_temp1p0_a0p25_b0p05__wd1e-04trmiss0_degmodglobal,8,0.0001,0.0001,0.4,1.0,0.25,0.05,lr1e-04_bs8_drop0p4_temp1p0_a0p25_b0p05__wd1e-04trmiss0_degmodglobal,13,0.5742019159453255,0.6821229159832001,0.4444444444444444,0.6482634649301315,0.6923076923076923,0.0,0.606002424444471,0.5366377745355878,0.09169004431792668,0.292832439499242,0.0,0.0,0.0,0.0,0.0,18473,global,0.0
1,4,lr1e-04_bs8_drop0p4_temp1p0_a0p25_b0p05__wd1e-04trmiss0_degmodglobal,8,0.0001,0.0001,0.4,1.0,0.25,0.05,lr1e-04_bs8_drop0p4_temp1p0_a0p25_b0p05__wd1e-04trmiss0_degmodglobal,14,0.5746724775859288,0.6753787994384766,0.4722222222222222,0.6667819834486501,0.6923076923076923,0.0,0.5931760924203056,0.5430074887616294,0.08881860758577075,0.18920706851141794,0.0,0.0,0.0,0.0,0.0,18473,global,0.0
1,4,lr1e-04_bs8_drop0p4_temp1p0_a0p25_b0p05__wd1e-04trmiss0_degmodglobal,8,0.0001,0.0001,0.4,1.0,0.25,0.05,lr1e-04_bs8_drop0p4_temp1p0_a0p25_b0p05__wd1e-04trmiss0_degmodglobal,15,0.5691889354160854,0.6741050183773041,0.4722222222222222,0.6667819834486501,0.6923076923076923,0.0,0.5699463742119926,0.5301865254129682,0.09732630636010851,0.29341658098357065,0.0,0.0,0.0,0.0,0.0,18473,global,0.0
1,4,lr1e-04_bs8_drop0p4_temp1p0_a0p25_b0p05__wd1e-04trmiss0_degmodglobal,8,0.0001,0.0001,0.4,1.0,0.25,0.05,lr1e-04_bs8_drop0p4_temp1p0_a0p25_b0p05__wd1e-04trmiss0_degmodglobal,16,0.6083398887089321,0.6773966252803802,0.4722222222222222,0.6667819834486501,0.6923076923076923,0.0,0.5888114145823887,0.5660220810345241,0.10410132897751671,0.3258497289248875,0.0,0.0,0.0,0.0,0.0,18473,global,0.0
1,4,lr1e-04_bs8_drop0p4_temp1p0_a0p25_b0p05__wd1e-04trmiss0_degmodglobal,8,0.0001,0.0001,0.4,1.0,0.25,0.05,lr1e-04_bs8_drop0p4_temp1p0_a0p25_b0p05__wd1e-04trmiss0_degmodglobal,17,0.5901721545628139,0.6805863678455353,0.5,0.6853005019671686,0.6923076923076923,0.0,0.5776010751724243,0.5559711669172559,0.08821989170142583,0.24292057273643358,0.0,0.0,0.0,0.0,0.0,18473,global,0.0
1,4,lr1e-04_bs8_drop0p4_temp1p0_a0p25_b0p05__wd1e-04trmiss0_degmodglobal,8,0.0001,0.0001,0.4,1.0,0.25,0.05,lr1e-04_bs8_drop0p4_temp1p0_a0p25_b0p05__wd1e-04trmiss0_degmodglobal,18,0.5757198120866504,0.6794367134571075,0.5,0.6853005019671686,0.6923076923076923,0.0,0.5503019647938865,0.5408038922718593,0.0899428299495152,0.2486044562288693,0.0,0.0,0.0,0.0,0.0,18473,global,0.0
1,4,lr1e-04_bs8_drop0p4_temp1p0_a0p25_b0p05__wd1e-04trmiss0_degmodglobal,8,0.0001,0.0001,0.4,1.0,0.25,0.05,lr1e-04_bs8_drop0p4_temp1p0_a0p25_b0p05__wd1e-04trmiss0_degmodglobal,19,0.5908790145601545,0.6712053716182709,0.611111111111111,0.7419142585809253,0.6923076923076923,0.0,0.5585168600082397,0.5563434404986245,0.10005896644932884,0.19041652232408524,0.0,0.0,0.0,0.0,0.0,18473,global,0.0
1,4,lr1e-04_bs8_drop0p4_temp1p0_a0p25_b0p05__wd1e-04trmiss0_degmodglobal,8,0.0001,0.0001,0.4,1.0,0.25,0.05,lr1e-04_bs8_drop0p4_temp1p0_a0p25_b0p05__wd1e-04trmiss0_degmodglobal,20,0.5543979619230542,0.6743077337741852,0.611111111111111,0.7419142585809253,0.6923076923076923,0.0,0.5213806544031415,0.5197808487074715,0.09649293337549482,0.2098774633237294,0.0,0.0,0.0,0.0,0.0,18473,global,0.0
1,4,lr1e-04_bs8_drop0p4_temp1p0_a0p25_b0p05__wd1e-04trmiss0_degmodglobal,8,0.0001,0.0001,0.4,1.0,0.25,0.05,lr1e-04_bs8_drop0p4_temp1p0_a0p25_b0p05__wd1e-04trmiss0_degmodglobal,21,0.564516944544656,0.6781913340091705,0.5833333333333333,0.7300094966761634,0.6923076923076923,0.0,0.5545180439949036,0.5265015235968998,0.10139631905726024,0.2533268651791981,0.0,0.0,0.0,0.0,0.0,18473,global,0.0
1,4,lr1e-04_bs8_drop0p4_temp1p0_a0p25_b0p05__wd1e-04trmiss0_degmodglobal,8,0.0001,0.0001,0.4,1.0,0.25,0.05,lr1e-04_bs8_drop0p4_temp1p0_a0p25_b0p05__wd1e-04trmiss0_degmodglobal,22,0.5515756521906171,0.6766227781772614,0.5,0.6853005019671686,0.6923076923076923,0.0,0.5540331857545036,0.5192570899214063,0.08355486659067017,0.22859702152865274,0.0,0.0,0.0,0.0,0.0,18473,global,0.0
1,4,lr1e-04_bs8_drop0p4_temp1p0_a0p25_b0p05__wd1e-04trmiss0_degmodglobal,8,0.0001,0.0001,0.4,1.0,0.25,0.05,lr1e-04_bs8_drop0p4_temp1p0_a0p25_b0p05__wd1e-04trmiss0_degmodglobal,23,0.5663927793502808,0.6742707788944244,0.5277777777777778,0.7019671686338353,0.6923076923076923,0.0,0.5414275654724666,0.5276469077382769,0.09852855971881322,0.2822747230529785,0.0,0.0,0.0,0.0,0.0,18473,global,0.0
1,4,lr1e-04_bs8_drop0p4_temp1p0_a0p25_b0p05__wd1e-04trmiss0_degmodglobal,8,0.0001,0.0001,0.4,1.0,0.25,0.05,lr1e-04_bs8_drop0p4_temp1p0_a0p25_b0p05__wd1e-04trmiss0_degmodglobal,24,0.5711387736456734,0.6757723391056061,0.5,0.6853005019671686,0.6923076923076923,0.0,0.5453662020819527,0.5290399960109166,0.10987732985189982,0.29258882999420166,0.0,0.0,0.0,0.0,0.0,18473,global,0.0
1,4,lr1e-04_bs8_drop0p4_temp1p0_a0p25_b0p05__wd1e-04trmiss0_degmodglobal,8,0.0001,0.0001,0.4,1.0,0.25,0.05,lr1e-04_bs8_drop0p4_temp1p0_a0p25_b0p05__wd1e-04trmiss0_degmodglobal,25,0.5581696203776768,0.6726921200752258,0.5,0.6853005019671686,0.6923076923076923,0.0,0.5539761355945042,0.5180437564849854,0.10740926702107702,0.2654711433819362,0.0,0.0,0.0,0.0,0.0,18473,global,0.0
1,4,lr1e-04_bs8_drop0p4_temp1p0_a0p25_b0p05__wd1e-04trmiss0_degmodglobal,8,0.0001,0.0001,0.4,1.0,0.25,0.05,lr1e-04_bs8_drop0p4_temp1p0_a0p25_b0p05__wd1e-04trmiss0_degmodglobal,26,0.5280543650899615,0.6695797145366669,0.611111111111111,0.7419142585809253,0.6923076923076923,0.0,0.5344045800822121,0.4982057809829712,0.07311579212546349,0.23139227288109915,0.0,0.0,0.0,0.0,0.0,18473,global,0.0
1,4,lr1e-04_bs8_drop0p4_temp1p0_a0p25_b0p05__wd1e-04trmiss0_degmodglobal,8,0.0001,0.0001,0.4,1.0,0.25,0.05,lr1e-04_bs8_drop0p4_temp1p0_a0p25_b0p05__wd1e-04trmiss0_degmodglobal,27,0.5209876852376121,0.6738801002502441,0.5833333333333333,0.7300094966761634,0.6923076923076923,0.0,0.5199035448687417,0.48350647517613005,0.10332428451095309,0.23300298090491975,0.0,0.0,0.0,0.0,0.0,18473,global,0.0
1,4,lr1e-04_bs8_drop0p4_temp1p0_a0p25_b0p05__wd1e-04trmiss0_degmodglobal,8,0.0001,0.0001,0.4,1.0,0.25,0.05,lr1e-04_bs8_drop0p4_temp1p0_a0p25_b0p05__wd1e-04trmiss0_degmodglobal,28,0.5403750879423959,0.6744241714477539,0.5555555555555556,0.7167819834486502,0.6923076923076923,0.0,0.5261658898421696,0.5015011216912951,0.1025640634553773,0.2646587427173342,0.0,0.0,0.0,0.0,0.0,18473,global,0.0
1,4,lr1e-04_bs8_drop0p4_temp1p0_a0p25_b0p05__wd1e-04trmiss0_degmodglobal,8,0.0001,0.0001,0.4,1.0,0.25,0.05,lr1e-04_bs8_drop0p4_temp1p0_a0p25_b0p05__wd1e-04trmiss0_degmodglobal,29,0.5371014475822449,0.6700737178325653,0.5555555555555556,0.7167819834486502,0.6923076923076923,0.0,0.4965825208595821,0.505339401108878,0.08314640713589531,0.21950880544526236,0.0,0.0,0.0,0.0,0.0,18473,global,0.0
1,4,lr1e-04_bs8_drop0p4_temp1p0_a0p25_b0p05__wd1e-04trmiss0_degmodglobal,8,0.0001,0.0001,0.4,1.0,0.25,0.05,lr1e-04_bs8_drop0p4_temp1p0_a0p25_b0p05__wd1e-04trmiss0_degmodglobal,30,0.5337686538696289,0.6663500666618347,0.5555555555555556,0.7167819834486502,0.6923076923076923,0.0,0.4913317050252642,0.4979378155299595,0.09491749640022006,0.2420294369970049,0.0,0.0,0.0,0.0,0.0,18473,global,0.0
1,4,lr1e-04_bs8_drop0p4_temp1p0_a0p25_b0p05__wd1e-04trmiss0_degmodglobal,8,0.0001,0.0001,0.4,1.0,0.25,0.05,lr1e-04_bs8_drop0p4_temp1p0_a0p25_b0p05__wd1e-04trmiss0_degmodglobal,31,0.5689242993082319,0.66778364777565,0.5555555555555556,0.7167819834486502,0.6923076923076923,0.0,0.5074232135500226,0.5377114883490971,0.08770479634404182,0.1857320719531604,0.0,0.0,0.0,0.0,0.0,18473,global,0.0
1,4,lr1e-04_bs8_drop0p4_temp1p0_a0p25_b0p05__wd1e-04trmiss0_degmodglobal,8,0.0001,0.0001,0.4,1.0,0.25,0.05,lr1e-04_bs8_drop0p4_temp1p0_a0p25_b0p05__wd1e-04trmiss0_degmodglobal,32,0.5654606137956891,0.6664324104785919,0.5555555555555556,0.7167819834486502,0.6923076923076923,0.0,0.4916041535990579,0.525617527110236,0.11125844131622996,0.24056943080254964,0.0,0.0,0.0,0.0,0.0,18473,global,0.0
1,4,lr1e-04_bs8_drop0p4_temp1p0_a0p25_b0p05__wd1e-04trmiss0_degmodglobal,8,0.0001,0.0001,0.4,1.0,0.25,0.05,lr1e-04_bs8_drop0p4_temp1p0_a0p25_b0p05__wd1e-04trmiss0_degmodglobal,33,0.5413371537412915,0.6722293496131897,0.5833333333333333,0.7300094966761634,0.6923076923076923,0.0,0.5072613401072366,0.5064711911337716,0.09684558425630842,0.21309148626668112,0.0,0.0,0.0,0.0,0.0,18473,global,0.0
1,4,lr1e-04_bs8_drop0p4_temp1p0_a0p25_b0p05__wd1e-04trmiss0_degmodglobal,8,0.0001,0.0001,0.4,1.0,0.25,0.05,lr1e-04_bs8_drop0p4_temp1p0_a0p25_b0p05__wd1e-04trmiss0_degmodglobal,34,0.552632212638855,0.6720513999462128,0.5833333333333333,0.7300094966761634,0.6923076923076923,0.0,0.5045053958892822,0.5111484144415174,0.11687801246132169,0.24528583139181137,0.0,0.0,0.0,0.0,0.0,18473,global,0.0
1,4,lr1e-04_bs8_drop0p4_temp1p0_a0p25_b0p05__wd1e-04trmiss0_degmodglobal,8,0.0001,0.0001,0.4,1.0,0.25,0.05,lr1e-04_bs8_drop0p4_temp1p0_a0p25_b0p05__wd1e-04trmiss0_degmodglobal,35,0.5749270192214421,0.6711475849151611,0.5555555555555556,0.7167819834486502,0.6923076923076923,0.0,0.5094062728541238,0.5330166987010411,0.10954738674419266,0.2904693675892694,0.0,0.0,0.0,0.0,0.0,18473,global,0.0
1,4,lr1e-04_bs8_drop0p4_temp1p0_a0p25_b0p05__wd1e-04trmiss0_degmodglobal,8,0.0001,0.0001,0.4,1.0,0.25,0.05,lr1e-04_bs8_drop0p4_temp1p0_a0p25_b0p05__wd1e-04trmiss0_degmodglobal,36,0.5542770113263812,0.6669190227985382,0.5555555555555556,0.7167819834486502,0.6923076923076923,0.0,0.49492292744772776,0.5077959682260241,0.12253824515002114,0.31693001091480255,0.0,0.0,0.0,0.0,0.0,18473,global,0.0
1,4,lr1e-04_bs8_drop0p4_temp1p0_a0p25_b0p05__wd1e-04trmiss0_degmodglobal,8,0.0001,0.0001,0.4,1.0,0.25,0.05,lr1e-04_bs8_drop0p4_temp1p0_a0p25_b0p05__wd1e-04trmiss0_degmodglobal,37,0.5958403604371207,0.6730867028236389,0.5277777777777778,0.7019671686338353,0.6923076923076923,0.0,0.5224062034061977,0.5484408267906734,0.12334779969283513,0.3312516308256558,0.0,0.0,0.0,0.0,0.0,18473,global,0.0
1,4,lr1e-04_bs8_drop0p4_temp1p0_a0p25_b0p05__wd1e-04trmiss0_degmodglobal,8,0.0001,0.0001,0.4,1.0,0.25,0.05,lr1e-04_bs8_drop0p4_temp1p0_a0p25_b0p05__wd1e-04trmiss0_degmodglobal,38,0.5758491371359143,0.6733731031417847,0.5,0.6853005019671686,0.6923076923076923,0.0,0.5202807741505759,0.5380556924002511,0.10136478287833077,0.24904477064098632,0.0,0.0,0.0,0.0,0.0,18473,global,0.0
1,4,lr1e-04_bs8_drop0p4_temp1p0_a0p25_b0p05__wd1e-04trmiss0_degmodglobal,8,0.0001,0.0001,0.4,1.0,0.25,0.05,lr1e-04_bs8_drop0p4_temp1p0_a0p25_b0p05__wd1e-04trmiss0_degmodglobal,39,0.5466126586709704,0.6727499067783356,0.5,0.6853005019671686,0.6923076923076923,0.0,0.5134370795318058,0.5103978003774371,0.10171820968389511,0.21570617812020437,0.0,0.0,0.0,0.0,0.0,18473,global,0.0
1,4,lr1e-04_bs8_drop0p4_temp1p0_a0p25_b0p05__wd1e-04trmiss0_degmodglobal,8,0.0001,0.0001,0.4,1.0,0.25,0.05,lr1e-04_bs8_drop0p4_temp1p0_a0p25_b0p05__wd1e-04trmiss0_degmodglobal,40,0.5753354855946132,0.6719456315040588,0.5,0.6853005019671686,0.6923076923076923,0.0,0.46758685793195454,0.5023922579629081,0.20075351212705886,0.4550969366516386,0.0,0.0,0.0,0.0,0.0,18473,global,0.0
1,4,lr1e-04_bs8_drop0p4_temp1p0_a0p25_b0p05__wd1e-04trmiss0_degmodglobal,8,0.0001,0.0001,0.4,1.0,0.25,0.05,lr1e-04_bs8_drop0p4_temp1p0_a0p25_b0p05__wd1e-04trmiss0_degmodglobal,41,0.5831208399363926,0.6719899475574493,0.5,0.6853005019671686,0.6923076923076923,0.0,0.5040913649967739,0.53494907276971,0.12453195825219154,0.34077537804841995,0.0,0.0,0.0,0.0,0.0,18473,global,0.0
1,4,lr1e-04_bs8_drop0p4_temp1p0_a0p25_b0p05__wd1e-04trmiss0_degmodglobal,8,0.0001,0.0001,0.4,1.0,0.25,0.05,lr1e-04_bs8_drop0p4_temp1p0_a0p25_b0p05__wd1e-04trmiss0_degmodglobal,42,0.5559213757514954,0.6719801127910614,0.5,0.6853005019671686,0.6923076923076923,0.0,0.5046740685190473,0.5182853213378361,0.10066520529133934,0.24939492557729995,0.0,0.0,0.0,0.0,0.0,18473,global,0.0
1,4,lr1e-04_bs8_drop0p4_temp1p0_a0p25_b0p05__wd1e-04trmiss0_degmodglobal,8,0.0001,0.0001,0.4,1.0,0.25,0.05,lr1e-04_bs8_drop0p4_temp1p0_a0p25_b0p05__wd1e-04trmiss0_degmodglobal,43,0.5370346222605024,0.6731426119804382,0.5,0.6853005019671686,0.6923076923076923,0.0,0.5034738651343754,0.506594181060791,0.08485282106058938,0.18454497839723313,0.0,0.0,0.0,0.0,0.0,18473,global,0.0
1,4,lr1e-04_bs8_drop0p4_temp1p0_a0p25_b0p05__wd1e-04trmiss0_degmodglobal,8,0.0001,0.0001,0.4,1.0,0.25,0.05,lr1e-04_bs8_drop0p4_temp1p0_a0p25_b0p05__wd1e-04trmiss0_degmodglobal,44,0.548988184758595,0.6701639592647552,0.5,0.6853005019671686,0.6923076923076923,0.0,0.46789446473121643,0.4973003438540867,0.14532145112752914,0.30714973913771765,0.0,0.0,0.0,0.0,0.0,18473,global,0.0
1,4,lr1e-04_bs8_drop0p4_temp1p0_a0p25_b0p05__wd1e-04trmiss0_degmodglobal,8,0.0001,0.0001,0.4,1.0,0.25,0.05,lr1e-04_bs8_drop0p4_temp1p0_a0p25_b0p05__wd1e-04trmiss0_degmodglobal,45,0.5501999131270817,0.6719873249530792,0.5,0.6853005019671686,0.6923076923076923,0.0,0.46447070581572397,0.5023827935968127,0.1290868387690612,0.3109082707336971,0.0,0.0,0.0,0.0,0.0,18473,global,0.0
1,4,lr1e-04_bs8_drop0p4_temp1p0_a0p25_b0p05__wd1e-04trmiss0_degmodglobal,8,0.0001,0.0001,0.4,1.0,0.25,0.05,lr1e-04_bs8_drop0p4_temp1p0_a0p25_b0p05__wd1e-04trmiss0_degmodglobal,46,0.556248107126781,0.6726085245609283,0.5,0.6853005019671686,0.6923076923076923,0.0,0.4681824658598219,0.4956855135304587,0.16640749147960118,0.37921453373772757,0.0,0.0,0.0,0.0,0.0,18473,global,0.0
1,4,lr1e-04_bs8_drop0p4_temp2p0_a0p25_b0p05__wd1e-04trmiss0_degmodglobal,8,0.0001,0.0001,0.4,2.0,0.25,0.05,lr1e-04_bs8_drop0p4_temp2p0_a0p25_b0p05__wd1e-04trmiss0_degmodglobal,1,0.7001100608280727,1.5725555717945099,0.4444444444444444,0.7547730047730048,0.38461538461538464,0.0,0.7173934323447091,0.6791947824614388,0.052614618092775345,0.15523257000105722,0.0,0.0,0.0,0.0,0.0,18473,global,0.0
1,4,lr1e-04_bs8_drop0p4_temp2p0_a0p25_b0p05__wd1e-04trmiss0_degmodglobal,8,0.0001,0.0001,0.4,2.0,0.25,0.05,lr1e-04_bs8_drop0p4_temp2p0_a0p25_b0p05__wd1e-04trmiss0_degmodglobal,2,0.6780067341668266,1.708421230316162,0.4444444444444444,0.7547730047730048,0.46153846153846156,0.0,0.6536340968949454,0.6607600365366254,0.0480171913014991,0.10484797401087624,0.0,0.0,0.0,0.0,0.0,18473,global,0.0
1,4,lr1e-04_bs8_drop0p4_temp2p0_a0p25_b0p05__wd1e-04trmiss0_degmodglobal,8,0.0001,0.0001,0.4,2.0,0.25,0.05,lr1e-04_bs8_drop0p4_temp2p0_a0p25_b0p05__wd1e-04trmiss0_degmodglobal,3,0.6686304807662964,1.8419723510742188,0.4444444444444444,0.7547730047730048,0.38461538461538464,0.0,0.6481493541172573,0.6467346378735134,0.05923501987542425,0.14174158232552664,0.0,0.0,0.0,0.0,0.0,18473,global,0.0
1,4,lr1e-04_bs8_drop0p4_temp2p0_a0p25_b0p05__wd1e-04trmiss0_degmodglobal,8,0.0001,0.0001,0.4,2.0,0.25,0.05,lr1e-04_bs8_drop0p4_temp2p0_a0p25_b0p05__wd1e-04trmiss0_degmodglobal,4,0.6582883426121303,1.8807527720928192,0.4444444444444444,0.7547730047730048,0.38461538461538464,0.0,0.6446931787899562,0.6414958749498639,0.04481180704065731,0.11179024832589286,0.0,0.0,0.0,0.0,0.0,18473,global,0.0
1,4,lr1e-04_bs8_drop0p4_temp2p0_a0p25_b0p05__wd1e-04trmiss0_degmodglobal,8,0.0001,0.0001,0.4,2.0,0.25,0.05,lr1e-04_bs8_drop0p4_temp2p0_a0p25_b0p05__wd1e-04trmiss0_degmodglobal,5,0.6509848151888166,1.9387627840042114,0.4722222222222222,0.7825507825507827,0.46153846153846156,0.0,0.6495342765535627,0.6356767160551888,0.047697762825659344,0.0676729107009513,0.0,0.0,0.0,0.0,0.0,18473,global,0.0
1,4,lr1e-04_bs8_drop0p4_temp2p0_a0p25_b0p05__wd1e-04trmiss0_degmodglobal,8,0.0001,0.0001,0.4,2.0,0.25,0.05,lr1e-04_bs8_drop0p4_temp2p0_a0p25_b0p05__wd1e-04trmiss0_degmodglobal,6,0.6821465236800057,1.9859834611415863,0.41666666666666663,0.7620481370481371,0.46153846153846156,0.0,0.6464613590921674,0.6619015506335667,0.05166890232690743,0.14655481332114764,0.0,0.0,0.0,0.0,0.0,18473,global,0.0
1,4,lr1e-04_bs8_drop0p4_temp2p0_a0p25_b0p05__wd1e-04trmiss0_degmodglobal,8,0.0001,0.0001,0.4,2.0,0.25,0.05,lr1e-04_bs8_drop0p4_temp2p0_a0p25_b0p05__wd1e-04trmiss0_degmodglobal,7,0.6734801956585476,1.9988104701042175,0.41666666666666663,0.7620481370481371,0.46153846153846156,0.0,0.6359098127910069,0.6513828209468296,0.05605138758463519,0.16169026281152452,0.0,0.0,0.0,0.0,0.0,18473,global,0.0
1,4,lr1e-04_bs8_drop0p4_temp2p0_a0p25_b0p05__wd1e-04trmiss0_degmodglobal,8,0.0001,0.0001,0.4,2.0,0.25,0.05,lr1e-04_bs8_drop0p4_temp2p0_a0p25_b0p05__wd1e-04trmiss0_degmodglobal,8,0.621093383857182,2.00933900475502,0.36111111111111116,0.7268629518629519,0.46153846153846156,0.0,0.6186849560056414,0.6071175081389291,0.03824103517191751,0.08831220758812768,0.0,0.0,0.0,0.0,0.0,18473,global,0.0
1,4,lr1e-04_bs8_drop0p4_temp2p0_a0p25_b0p05__wd1e-04trmiss0_degmodglobal,8,0.0001,0.0001,0.4,2.0,0.25,0.05,lr1e-04_bs8_drop0p4_temp2p0_a0p25_b0p05__wd1e-04trmiss0_degmodglobal,9,0.6476602980068752,2.0025695264339447,0.36111111111111116,0.7268629518629519,0.38461538461538464,0.0,0.6081589545522418,0.6321907894951957,0.04213292311344828,0.09872570367796081,0.0,0.0,0.0,0.0,0.0,18473,global,0.0
1,4,lr1e-04_bs8_drop0p4_temp2p0_a0p25_b0p05__wd1e-04trmiss0_degmodglobal,8,0.0001,0.0001,0.4,2.0,0.25,0.05,lr1e-04_bs8_drop0p4_temp2p0_a0p25_b0p05__wd1e-04trmiss0_degmodglobal,10,0.6447840247835431,1.9725926518440247,0.41666666666666663,0.7413410663410664,0.38461538461538464,0.0,0.5883609993117196,0.6210682136671883,0.058363287044422965,0.18249970355204173,0.0,0.0,0.0,0.0,0.0,18473,global,0.0
1,4,lr1e-04_bs8_drop0p4_temp2p0_a0p25_b0p05__wd1e-04trmiss0_degmodglobal,8,0.0001,0.0001,0.4,2.0,0.25,0.05,lr1e-04_bs8_drop0p4_temp2p0_a0p25_b0p05__wd1e-04trmiss0_degmodglobal,11,0.6237591249602181,1.9553157687187195,0.41666666666666663,0.7620481370481371,0.38461538461538464,0.0,0.6135976314544678,0.5997643045016697,0.060913968299116404,0.17532623452799662,0.0,0.0,0.0,0.0,0.0,18473,global,0.0
1,4,lr1e-04_bs8_drop0p4_temp2p0_a0p25_b0p05__wd1e-04trmiss0_degmodglobal,8,0.0001,0.0001,0.4,2.0,0.25,0.05,lr1e-04_bs8_drop0p4_temp2p0_a0p25_b0p05__wd1e-04trmiss0_degmodglobal,12,0.6078082493373326,1.952047348022461,0.3888888888888889,0.7546407296407298,0.38461538461538464,0.0,0.5899630614689418,0.5824899588312421,0.07164518322263445,0.14813971732343947,0.0,0.0,0.0,0.0,0.0,18473,global,0.0
1,4,lr1e-04_bs8_drop0p4_temp2p0_a0p25_b0p05__wd1e-04trmiss0_degmodglobal,8,0.0001,0.0001,0.4,2.0,0.25,0.05,lr1e-04_bs8_drop0p4_temp2p0_a0p25_b0p05__wd1e-04trmiss0_degmodglobal,13,0.6065503358840942,1.972715437412262,0.4444444444444444,0.7691188441188441,0.38461538461538464,0.0,0.5860934768404279,0.5858244981084552,0.06065176853111812,0.11125791498592921,0.0,0.0,0.0,0.0,0.0,18473,global,0.0
1,4,lr1e-04_bs8_drop0p4_temp2p0_a0p25_b0p05__wd1e-04trmiss0_degmodglobal,8,0.0001,0.0001,0.4,2.0,0.25,0.05,lr1e-04_bs8_drop0p4_temp2p0_a0p25_b0p05__wd1e-04trmiss0_degmodglobal,14,0.5899489011083331,1.976282685995102,0.4444444444444444,0.7691188441188441,0.46153846153846156,0.0,0.5672033429145813,0.5715008122580392,0.051335304975509644,0.11228543519973755,0.0,0.0,0.0,0.0,0.0,18473,global,0.0
1,4,lr1e-04_bs8_drop0p4_temp2p0_a0p25_b0p05__wd1e-04trmiss0_degmodglobal,8,0.0001,0.0001,0.4,2.0,0.25,0.05,lr1e-04_bs8_drop0p4_temp2p0_a0p25_b0p05__wd1e-04trmiss0_degmodglobal,15,0.6253775783947536,1.9755176603794098,0.4444444444444444,0.7519230769230769,0.46153846153846156,0.0,0.5742751445089068,0.6029772673334394,0.05965131813926356,0.14974956533738545,0.0,0.0,0.0,0.0,0.0,18473,global,0.0
1,4,lr1e-04_bs8_drop0p4_temp2p0_a0p25_b0p05__wd1e-04trmiss0_degmodglobal,8,0.0001,0.0001,0.4,2.0,0.25,0.05,lr1e-04_bs8_drop0p4_temp2p0_a0p25_b0p05__wd1e-04trmiss0_degmodglobal,16,0.6260463765689305,1.9384309947490692,0.4722222222222222,0.761843711843712,0.46153846153846156,0.0,0.5587901983942304,0.6008920925004142,0.07127748216901507,0.14669818111828395,0.0,0.0,0.0,0.0,0.0,18473,global,0.0
1,4,lr1e-04_bs8_drop0p4_temp2p0_a0p25_b0p05__wd1e-04trmiss0_degmodglobal,8,0.0001,0.0001,0.4,2.0,0.25,0.05,lr1e-04_bs8_drop0p4_temp2p0_a0p25_b0p05__wd1e-04trmiss0_degmodglobal,17,0.619098322732108,1.9861751198768616,0.4444444444444444,0.7519230769230769,0.46153846153846156,0.0,0.5644343069621495,0.5877676180430821,0.08370083517261914,0.20811000572783606,0.0,0.0,0.0,0.0,0.0,18473,global,0.0
1,4,lr1e-04_bs8_drop0p4_temp2p0_a0p25_b0p05__wd1e-04trmiss0_degmodglobal,8,0.0001,0.0001,0.4,2.0,0.25,0.05,lr1e-04_bs8_drop0p4_temp2p0_a0p25_b0p05__wd1e-04trmiss0_degmodglobal,18,0.610962518623897,1.970009058713913,0.41666666666666663,0.7413410663410664,0.46153846153846156,0.0,0.5940300396510533,0.587502794606345,0.06615389191678592,0.1384252831339836,0.0,0.0,0.0,0.0,0.0,18473,global,0.0
1,4,lr1e-04_bs8_drop0p4_temp2p0_a0p25_b0p05__wd1e-04trmiss0_degmodglobal,8,0.0001,0.0001,0.4,2.0,0.25,0.05,lr1e-04_bs8_drop0p4_temp2p0_a0p25_b0p05__wd1e-04trmiss0_degmodglobal,19,0.6051125867026192,1.9706945419311523,0.4444444444444444,0.7519230769230769,0.46153846153846156,0.0,0.5598366005080087,0.5835203187806266,0.05392421835235187,0.16222439759543963,0.0,0.0,0.0,0.0,0.0,18473,global,0.0
1,4,lr1e-04_bs8_drop0p4_temp2p0_a0p25_b0p05__wd1e-04trmiss0_degmodglobal,8,0.0001,0.0001,0.4,2.0,0.25,0.05,lr1e-04_bs8_drop0p4_temp2p0_a0p25_b0p05__wd1e-04trmiss0_degmodglobal,20,0.6173317943300519,1.9602303802967072,0.4722222222222222,0.7797008547008548,0.46153846153846156,0.0,0.5661357811519078,0.5969964180673871,0.061166049646479745,0.10087734354393822,0.0,0.0,0.0,0.0,0.0,18473,global,0.0
1,4,lr1e-04_bs8_drop0p4_temp2p0_a0p25_b0p05__wd1e-04trmiss0_degmodglobal,8,0.0001,0.0001,0.4,2.0,0.25,0.05,lr1e-04_bs8_drop0p4_temp2p0_a0p25_b0p05__wd1e-04trmiss0_degmodglobal,21,0.6132067271641323,1.9687518179416656,0.4722222222222222,0.7797008547008548,0.46153846153846156,0.0,0.5533510957445417,0.588209969656808,0.0691415114062173,0.15422776447875158,0.0,0.0,0.0,0.0,0.0,18473,global,0.0
1,4,lr1e-04_bs8_drop0p4_temp2p0_a0p25_b0p05__wd1e-04trmiss0_degmodglobal,8,0.0001,0.0001,0.4,2.0,0.25,0.05,lr1e-04_bs8_drop0p4_temp2p0_a0p25_b0p05__wd1e-04trmiss0_degmodglobal,22,0.6006294659205845,1.957124650478363,0.4722222222222222,0.7797008547008548,0.46153846153846156,0.0,0.5538174254553658,0.5763134615761893,0.06619401249502387,0.15535022956984385,0.0,0.0,0.0,0.0,0.0,18473,global,0.0
1,4,lr1e-04_bs8_drop0p4_temp2p0_a0p25_b0p05__wd1e-04trmiss0_degmodglobal,8,0.0001,0.0001,0.4,2.0,0.25,0.05,lr1e-04_bs8_drop0p4_temp2p0_a0p25_b0p05__wd1e-04trmiss0_degmodglobal,23,0.5925495879990714,1.9362176358699799,0.4722222222222222,0.7797008547008548,0.46153846153846156,0.0,0.5795972262110028,0.5638206686292376,0.0787677818111011,0.180739303784711,0.0,0.0,0.0,0.0,0.0,18473,global,0.0
1,4,lr1e-04_bs8_drop0p4_temp2p0_a0p25_b0p05__wd1e-04trmiss0_degmodglobal,8,0.0001,0.0001,0.4,2.0,0.25,0.05,lr1e-04_bs8_drop0p4_temp2p0_a0p25_b0p05__wd1e-04trmiss0_degmodglobal,24,0.6180572169167655,1.9521228671073914,0.5,0.7896214896214897,0.46153846153846156,0.0,0.5860980493681771,0.5924398899078369,0.07119267327444893,0.15638322276728495,0.0,0.0,0.0,0.0,0.0,18473,global,0.0
1,4,lr1e-04_bs8_drop0p4_temp2p0_a0p25_b0p05__wd1e-04trmiss0_degmodglobal,8,0.0001,0.0001,0.4,2.0,0.25,0.05,lr1e-04_bs8_drop0p4_temp2p0_a0p25_b0p05__wd1e-04trmiss0_degmodglobal,25,0.5922935605049133,1.9182033240795135,0.5277777777777778,0.798880748880749,0.46153846153846156,0.0,0.5512679900441851,0.5646313428878784,0.07893068183745656,0.15859066269227437,0.0,0.0,0.0,0.0,0.0,18473,global,0.0
1,4,lr1e-04_bs8_drop0p4_temp2p0_a0p25_b0p05__wd1e-04trmiss0_degmodglobal,8,0.0001,0.0001,0.4,2.0,0.25,0.05,lr1e-04_bs8_drop0p4_temp2p0_a0p25_b0p05__wd1e-04trmiss0_degmodglobal,26,0.5731239574296134,1.8960890471935272,0.5277777777777778,0.798880748880749,0.46153846153846156,0.0,0.5555223141397748,0.539249198777335,0.09886376559734344,0.18317635357379913,0.0,0.0,0.0,0.0,0.0,18473,global,0.0
1,4,lr1e-04_bs8_drop0p4_temp2p0_a0p25_b0p05__wd1e-04trmiss0_degmodglobal,8,0.0001,0.0001,0.4,2.0,0.25,0.05,lr1e-04_bs8_drop0p4_temp2p0_a0p25_b0p05__wd1e-04trmiss0_degmodglobal,27,0.59661808184215,1.8843786418437958,0.5277777777777778,0.798880748880749,0.46153846153846156,0.0,0.5667075685092381,0.5696473462241036,0.07124658940093857,0.1831816275204931,0.0,0.0,0.0,0.0,0.0,18473,global,0.0
1,4,lr1e-04_bs8_drop0p4_temp2p0_a0p25_b0p05__wd1e-04trmiss0_degmodglobal,8,0.0001,0.0001,0.4,2.0,0.25,0.05,lr1e-04_bs8_drop0p4_temp2p0_a0p25_b0p05__wd1e-04trmiss0_degmodglobal,28,0.5933110799108233,1.9131299555301666,0.5277777777777778,0.798880748880749,0.46153846153846156,0.0,0.5159675478935242,0.5588766932487488,0.09400378965905734,0.21866876206227712,0.0,0.0,0.0,0.0,0.0,18473,global,0.0
1,4,lr1e-04_bs8_drop0p4_temp2p0_a0p25_b0p05__wd1e-04trmiss0_degmodglobal,8,0.0001,0.0001,0.4,2.0,0.25,0.05,lr1e-04_bs8_drop0p4_temp2p0_a0p25_b0p05__wd1e-04trmiss0_degmodglobal,29,0.5731779762676784,1.9440087378025055,0.5277777777777778,0.798880748880749,0.46153846153846156,0.0,0.5267494406018939,0.5501025659697396,0.06446460208722524,0.13918496136154448,0.0,0.0,0.0,0.0,0.0,18473,global,0.0
1,4,lr1e-04_bs8_drop0p4_temp2p0_a0p25_b0p05__wd1e-04trmiss0_degmodglobal,8,0.0001,0.0001,0.4,2.0,0.25,0.05,lr1e-04_bs8_drop0p4_temp2p0_a0p25_b0p05__wd1e-04trmiss0_degmodglobal,30,0.5774881584303719,1.9519622027873993,0.5277777777777778,0.798880748880749,0.46153846153846156,0.0,0.5205533972808293,0.5528397219521659,0.07049678691795894,0.14048484712839127,0.0,0.0,0.0,0.0,0.0,18473,global,0.0
1,4,lr1e-04_bs8_drop0p4_temp2p0_a0p25_b0p05__wd1e-04trmiss0_degmodglobal,8,0.0001,0.0001,0.4,2.0,0.25,0.05,lr1e-04_bs8_drop0p4_temp2p0_a0p25_b0p05__wd1e-04trmiss0_degmodglobal,31,0.610823495047433,1.965695708990097,0.5277777777777778,0.798880748880749,0.46153846153846156,0.0,0.5271555355616978,0.5837160178593227,0.07327095472386905,0.17579480686358043,0.0,0.0,0.0,0.0,0.0,18473,global,0.0
1,4,lr1e-04_bs8_drop0p4_temp2p0_a0p25_b0p05__wd1e-04trmiss0_degmodglobal,8,0.0001,0.0001,0.4,2.0,0.25,0.05,lr1e-04_bs8_drop0p4_temp2p0_a0p25_b0p05__wd1e-04trmiss0_degmodglobal,32,0.5881772552217756,1.9459573328495026,0.5277777777777778,0.798880748880749,0.46153846153846156,0.0,0.5326947399548122,0.5631063325064523,0.07575207576155663,0.12265827879309654,0.0,0.0,0.0,0.0,0.0,18473,global,0.0
1,4,lr1e-04_bs8_drop0p4_temp2p0_a0p25_b0p05__wd1e-04trmiss0_degmodglobal,8,0.0001,0.0001,0.4,2.0,0.25,0.05,lr1e-04_bs8_drop0p4_temp2p0_a0p25_b0p05__wd1e-04trmiss0_degmodglobal,33,0.5993251374789647,1.9301430583000183,0.5277777777777778,0.798880748880749,0.46153846153846156,0.0,0.5237732955387661,0.5692272101129804,0.08619278403265136,0.17099468729325704,0.0,0.0,0.0,0.0,0.0,18473,global,0.0
1,4,lr1e-04_bs8_drop0p4_temp2p0_a0p25_b0p05__wd1e-04trmiss0_degmodglobal,8,0.0001,0.0001,0.4,2.0,0.25,0.05,lr1e-04_bs8_drop0p4_temp2p0_a0p25_b0p05__wd1e-04trmiss0_degmodglobal,34,0.5945901274681091,1.9294037222862244,0.5277777777777778,0.798880748880749,0.46153846153846156,0.0,0.5142794549465179,0.5684751527650016,0.0701578062559877,0.17150989973119327,0.0,0.0,0.0,0.0,0.0,18473,global,0.0
1,4,lr1e-04_bs8_drop0p4_temp2p0_a0p25_b0p05__wd1e-04trmiss0_degmodglobal,8,0.0001,0.0001,0.4,2.0,0.25,0.05,lr1e-04_bs8_drop0p4_temp2p0_a0p25_b0p05__wd1e-04trmiss0_degmodglobal,35,0.6040271520614624,1.9455967843532562,0.5277777777777778,0.798880748880749,0.46153846153846156,0.0,0.5266226402350834,0.5730450664247785,0.08286241708057267,0.20532961828368052,0.0,0.0,0.0,0.0,0.0,18473,global,0.0
1,4,lr1e-04_bs8_drop0p4_temp2p0_a0p25_b0p05__wd1e-04trmiss0_degmodglobal,8,0.0001,0.0001,0.4,2.0,0.25,0.05,lr1e-04_bs8_drop0p4_temp2p0_a0p25_b0p05__wd1e-04trmiss0_degmodglobal,36,0.6017702221870422,1.9252181947231293,0.5277777777777778,0.798880748880749,0.46153846153846156,0.0,0.5250169123922076,0.5737682580947876,0.07639274187386036,0.17807555039014136,0.0,0.0,0.0,0.0,0.0,18473,global,0.0
1,4,lr1e-04_bs8_drop0p4_temp2p0_a0p25_b0p05__wd1e-04trmiss0_degmodglobal,8,0.0001,0.0001,0.4,2.0,0.25,0.05,lr1e-04_bs8_drop0p4_temp2p0_a0p25_b0p05__wd1e-04trmiss0_degmodglobal,37,0.6166550857680184,1.9190212190151215,0.5277777777777778,0.798880748880749,0.46153846153846156,0.0,0.5097541979381016,0.5658283318792071,0.13160519195454462,0.35850893386772703,0.0,0.0,0.0,0.0,0.0,18473,global,0.0
1,4,lr1e-04_bs8_drop0p4_temp2p0_a0p25_b0p05__wd1e-04trmiss0_degmodglobal,8,0.0001,0.0001,0.4,2.0,0.25,0.05,lr1e-04_bs8_drop0p4_temp2p0_a0p25_b0p05__wd1e-04trmiss0_degmodglobal,38,0.5934495287282127,1.9034917056560516,0.5277777777777778,0.798880748880749,0.46153846153846156,0.0,0.5206367416041238,0.5675981598240989,0.07271395597074713,0.15345786618334906,0.0,0.0,0.0,0.0,0.0,18473,global,0.0
1,4,lr1e-04_bs8_drop0p4_temp2p0_a0p25_b0p05__wd1e-04trmiss0_degmodglobal,8,0.0001,0.0001,0.4,2.0,0.25,0.05,lr1e-04_bs8_drop0p4_temp2p0_a0p25_b0p05__wd1e-04trmiss0_degmodglobal,39,0.6179223997252328,1.8704673945903778,0.5277777777777778,0.798880748880749,0.46153846153846156,0.0,0.4914916583469936,0.5716079728943961,0.11696060853345054,0.3414856887289456,0.0,0.0,0.0,0.0,0.0,18473,global,0.0
1,4,lr1e-04_bs8_drop0p4_temp2p0_a0p25_b0p05__wd1e-04trmiss0_degmodglobal,8,0.0001,0.0001,0.4,2.0,0.25,0.05,lr1e-04_bs8_drop0p4_temp2p0_a0p25_b0p05__wd1e-04trmiss0_degmodglobal,40,0.6192593233925956,1.9025655686855316,0.5277777777777778,0.798880748880749,0.46153846153846156,0.0,0.4917918017932347,0.5765902059418815,0.10884409078529902,0.30916195682116915,0.0,0.0,0.0,0.0,0.0,18473,global,0.0
1,4,lr1e-04_bs8_drop0p4_temp2p0_a0p25_b0p05__wd1e-04trmiss0_degmodglobal,8,0.0001,0.0001,0.4,2.0,0.25,0.05,lr1e-04_bs8_drop0p4_temp2p0_a0p25_b0p05__wd1e-04trmiss0_degmodglobal,41,0.5842526469911847,1.9300333261489868,0.5277777777777778,0.798880748880749,0.46153846153846156,0.0,0.4951012134552002,0.5478898925440652,0.09700411771024976,0.24223447697503225,0.0,0.0,0.0,0.0,0.0,18473,global,0.0
1,4,lr1e-04_bs8_drop0p4_temp2p0_a0p25_b0p05__wd1e-04trmiss0_degmodglobal,8,0.0001,0.0001,0.4,2.0,0.25,0.05,lr1e-04_bs8_drop0p4_temp2p0_a0p25_b0p05__wd1e-04trmiss0_degmodglobal,42,0.600487402507237,1.9175091683864594,0.5277777777777778,0.798880748880749,0.46153846153846156,0.0,0.5149191064493996,0.5540796220302582,0.1165371026311602,0.3454699558871133,0.0,0.0,0.0,0.0,0.0,18473,global,0.0
1,4,lr1e-04_bs8_drop0p4_temp2p0_a0p25_b0p05__wd1e-04trmiss0_degmodglobal,8,0.0001,0.0001,0.4,2.0,0.25,0.05,lr1e-04_bs8_drop0p4_temp2p0_a0p25_b0p05__wd1e-04trmiss0_degmodglobal,43,0.5763011830193656,1.9138011038303375,0.5277777777777778,0.798880748880749,0.46153846153846156,0.0,0.4585848024913243,0.5444788081305367,0.08340739458799362,0.21941060359988893,0.0,0.0,0.0,0.0,0.0,18473,global,0.0
1,4,lr1e-04_bs8_drop0p4_temp2p0_a0p25_b0p05__wd1e-04trmiss0_degmodglobal,8,0.0001,0.0001,0.4,2.0,0.25,0.05,lr1e-04_bs8_drop0p4_temp2p0_a0p25_b0p05__wd1e-04trmiss0_degmodglobal,44,0.5992615478379386,1.8891400396823883,0.5277777777777778,0.798880748880749,0.46153846153846156,0.0,0.48485182438577923,0.548602785382952,0.13021057418414525,0.36212220575128284,0.0,0.0,0.0,0.0,0.0,18473,global,0.0
1,4,lr1e-04_bs8_drop0p4_temp2p0_a0p25_b0p05__wd1e-04trmiss0_degmodglobal,8,0.0001,0.0001,0.4,2.0,0.25,0.05,lr1e-04_bs8_drop0p4_temp2p0_a0p25_b0p05__wd1e-04trmiss0_degmodglobal,45,0.5954110877854484,1.91550412774086,0.5277777777777778,0.798880748880749,0.46153846153846156,0.0,0.5247026937348502,0.5681552290916443,0.07064815371164254,0.1918761847274644,0.0,0.0,0.0,0.0,0.0,18473,global,0.0
1,4,lr1e-04_bs8_drop0p4_temp2p0_a0p25_b0p05__wd1e-04trmiss0_degmodglobal,8,0.0001,0.0001,0.4,2.0,0.25,0.05,lr1e-04_bs8_drop0p4_temp2p0_a0p25_b0p05__wd1e-04trmiss0_degmodglobal,46,0.5962194119180951,1.8685671389102936,0.5555555555555556,0.807522724189391,0.46153846153846156,0.0,0.4750131240912846,0.5504217403275626,0.11593252420425415,0.33629073415483746,0.0,0.0,0.0,0.0,0.0,18473,global,0.0
1,4,lr1e-04_bs8_drop0p4_temp2p0_a0p25_b0p05__wd1e-04trmiss0_degmodglobal,8,0.0001,0.0001,0.4,2.0,0.25,0.05,lr1e-04_bs8_drop0p4_temp2p0_a0p25_b0p05__wd1e-04trmiss0_degmodglobal,47,0.5889662419046674,1.8938535451889038,0.5277777777777778,0.798880748880749,0.46153846153846156,0.0,0.4756396881171635,0.5531884389264243,0.0884300454386643,0.27340557851961683,0.0,0.0,0.0,0.0,0.0,18473,global,0.0
1,4,lr1e-04_bs8_drop0p4_temp2p0_a0p25_b0p05__wd1e-04trmiss0_degmodglobal,8,0.0001,0.0001,0.4,2.0,0.25,0.05,lr1e-04_bs8_drop0p4_temp2p0_a0p25_b0p05__wd1e-04trmiss0_degmodglobal,48,0.6063485145568848,1.9047668874263763,0.5277777777777778,0.798880748880749,0.46153846153846156,0.0,0.45852160453796387,0.5567691240991864,0.12909543461033277,0.3461103843791144,0.0,0.0,0.0,0.0,0.0,18473,global,0.0
1,4,lr1e-04_bs8_drop0p4_temp2p0_a0p25_b0p05__wd1e-04trmiss0_degmodglobal,8,0.0001,0.0001,0.4,2.0,0.25,0.05,lr1e-04_bs8_drop0p4_temp2p0_a0p25_b0p05__wd1e-04trmiss0_degmodglobal,49,0.6167567372322083,1.9651140868663788,0.5277777777777778,0.798880748880749,0.46153846153846156,0.0,0.5164034238883427,0.5831638319151742,0.09177651948162488,0.21297530084848404,0.0,0.0,0.0,0.0,0.0,18473,global,0.0
1,4,lr1e-04_bs8_drop0p4_temp2p0_a0p25_b0p05__wd1e-04trmiss0_degmodglobal,8,0.0001,0.0001,0.4,2.0,0.25,0.05,lr1e-04_bs8_drop0p4_temp2p0_a0p25_b0p05__wd1e-04trmiss0_degmodglobal,50,0.5961316994258335,1.936337798833847,0.5555555555555556,0.807522724189391,0.46153846153846156,0.0,0.4789970942905971,0.5605721643992833,0.0943415207522256,0.23948282642023905,0.0,0.0,0.0,0.0,0.0,18473,global,0.0
1,4,lr1e-04_bs8_drop0p4_temp2p0_a0p25_b0p05__wd1e-04trmiss0_degmodglobal,8,0.0001,0.0001,0.4,2.0,0.25,0.05,lr1e-04_bs8_drop0p4_temp2p0_a0p25_b0p05__wd1e-04trmiss0_degmodglobal,51,0.5982013770512172,1.9316119253635406,0.5277777777777778,0.798880748880749,0.46153846153846156,0.0,0.5050558192389352,0.5588465205260685,0.10635627007910184,0.25531574125800816,0.0,0.0,0.0,0.0,0.0,18473,global,0.0
1,4,lr1e-04_bs8_drop0p4_temp2p0_a0p25_b0p05__wd1e-04trmiss0_degmodglobal,8,0.0001,0.0001,0.4,2.0,0.25,0.05,lr1e-04_bs8_drop0p4_temp2p0_a0p25_b0p05__wd1e-04trmiss0_degmodglobal,52,0.5798255120004926,1.9022331833839417,0.5277777777777778,0.798880748880749,0.46153846153846156,0.0,0.48520390902246746,0.5458969388689313,0.09225452265569142,0.21729875462395803,0.0,0.0,0.0,0.0,0.0,18473,global,0.0
1,4,lr1e-04_bs8_drop0p4_temp2p0_a0p25_b0p05__wd1e-04trmiss0_degmodglobal,8,0.0001,0.0001,0.4,2.0,0.25,0.05,lr1e-04_bs8_drop0p4_temp2p0_a0p25_b0p05__wd1e-04trmiss0_degmodglobal,53,0.6122132880347115,1.9247343242168427,0.5277777777777778,0.798880748880749,0.46153846153846156,0.0,0.4643497977937971,0.5692727906363351,0.10982964241078921,0.30966173857450485,0.0,0.0,0.0,0.0,0.0,18473,global,0.0
1,4,lr1e-04_bs8_drop0p4_temp2p0_a0p25_b0p05__wd1e-04trmiss0_degmodglobal,8,0.0001,0.0001,0.4,2.0,0.25,0.05,lr1e-04_bs8_drop0p4_temp2p0_a0p25_b0p05__wd1e-04trmiss0_degmodglobal,54,0.648762719971793,1.9631300866603851,0.5277777777777778,0.798880748880749,0.46153846153846156,0.0,0.49310560311589924,0.5997203673635211,0.11450798277344022,0.4083071691649301,0.0,0.0,0.0,0.0,0.0,18473,global,0.0
1,4,lr1e-04_bs8_drop0p4_temp2p0_a0p25_b0p05__wd1e-04trmiss0_degmodglobal,8,0.0001,0.0001,0.4,2.0,0.25,0.05,lr1e-04_bs8_drop0p4_temp2p0_a0p25_b0p05__wd1e-04trmiss0_degmodglobal,55,0.6034580298832485,1.9285067319869995,0.5277777777777778,0.798880748880749,0.46153846153846156,0.0,0.4847611997808729,0.559641855103629,0.11650259154183525,0.29381051127399715,0.0,0.0,0.0,0.0,0.0,18473,global,0.0
1,4,lr1e-04_bs8_drop0p4_temp2p0_a0p25_b0p05__wd1e-04trmiss0_degmodglobal,8,0.0001,0.0001,0.4,2.0,0.25,0.05,lr1e-04_bs8_drop0p4_temp2p0_a0p25_b0p05__wd1e-04trmiss0_degmodglobal,56,0.6096382907458714,1.930040329694748,0.5277777777777778,0.798880748880749,0.46153846153846156,0.0,0.4661769483770643,0.5563041056905474,0.1367096443261419,0.3831353187561035,0.0,0.0,0.0,0.0,0.0,18473,global,0.0
1,4,lr1e-04_bs8_drop0p4_temp2p0_a0p25_b0p05__wd1e-04trmiss0_degmodglobal,8,0.0001,0.0001,0.4,2.0,0.25,0.05,lr1e-04_bs8_drop0p4_temp2p0_a0p25_b0p05__wd1e-04trmiss0_degmodglobal,57,0.6101289136069161,1.9141503274440765,0.5277777777777778,0.798880748880749,0.46153846153846156,0.0,0.4748567683356149,0.5665698988097054,0.11504046406064715,0.2959780352456229,0.0,0.0,0.0,0.0,0.0,18473,global,0.0
1,4,lr1e-04_bs8_drop0p4_temp2p0_a0p25_b0p05__wd1e-04trmiss0_degmodglobal,8,0.0001,0.0001,0.4,2.0,0.25,0.05,lr1e-04_bs8_drop0p4_temp2p0_a0p25_b0p05__wd1e-04trmiss0_degmodglobal,58,0.6223526086126056,1.956445336341858,0.5277777777777778,0.798880748880749,0.46153846153846156,0.0,0.4571689452443804,0.5801975727081299,0.1120371286358152,0.2829152005059378,0.0,0.0,0.0,0.0,0.0,18473,global,0.0
1,4,lr1e-04_bs8_drop0p4_temp2p0_a0p25_b0p05__wd1e-04trmiss0_degmodglobal,8,0.0001,0.0001,0.4,2.0,0.25,0.05,lr1e-04_bs8_drop0p4_temp2p0_a0p25_b0p05__wd1e-04trmiss0_degmodglobal,59,0.5858546921185085,1.9195721745491028,0.5277777777777778,0.798880748880749,0.46153846153846156,0.0,0.4626001077038901,0.5466918008668082,0.10636240243911743,0.2514459320477077,0.0,0.0,0.0,0.0,0.0,18473,global,0.0
1,4,lr1e-04_bs8_drop0p4_temp2p0_a0p25_b0p05__wd1e-04trmiss0_degmodglobal,8,0.0001,0.0001,0.4,2.0,0.25,0.05,lr1e-04_bs8_drop0p4_temp2p0_a0p25_b0p05__wd1e-04trmiss0_degmodglobal,60,0.6005485909325736,1.9059904515743256,0.5277777777777778,0.798880748880749,0.46153846153846156,0.0,0.4714278451034001,0.5630934025560107,0.09385454548256737,0.2798306941986084,0.0,0.0,0.0,0.0,0.0,18473,global,0.0
1,4,lr1e-04_bs8_drop0p4_temp2p0_a0p25_b0p05__wd1e-04trmiss0_degmodglobal,8,0.0001,0.0001,0.4,2.0,0.25,0.05,lr1e-04_bs8_drop0p4_temp2p0_a0p25_b0p05__wd1e-04trmiss0_degmodglobal,61,0.6044876064573016,1.8916018605232239,0.5277777777777778,0.798880748880749,0.46153846153846156,0.0,0.4822912812232971,0.5582923718861171,0.12467079716069358,0.30055065878799986,0.0,0.0,0.0,0.0,0.0,18473,global,0.0
1,4,lr1e-04_bs8_drop0p4_temp2p0_a0p25_b0p05__wd1e-04trmiss0_degmodglobal,8,0.0001,0.0001,0.4,2.0,0.25,0.05,lr1e-04_bs8_drop0p4_temp2p0_a0p25_b0p05__wd1e-04trmiss0_degmodglobal,62,0.5916918856757027,1.9007909297943115,0.5277777777777778,0.798880748880749,0.46153846153846156,0.0,0.4564823508262634,0.5543456673622131,0.10283232533505984,0.23276277099336898,0.0,0.0,0.0,0.0,0.0,18473,global,0.0
1,4,lr1e-04_bs8_drop0p4_temp2p0_a0p25_b0p05__wd1e-04trmiss0_degmodglobal,8,0.0001,0.0001,0.4,2.0,0.25,0.05,lr1e-04_bs8_drop0p4_temp2p0_a0p25_b0p05__wd1e-04trmiss0_degmodglobal,63,0.6286695344107491,1.916841208934784,0.5277777777777778,0.798880748880749,0.46153846153846156,0.0,0.489587949854987,0.585547821862357,0.11497844702431134,0.28754206214632305,0.0,0.0,0.0,0.0,0.0,18473,global,0.0
1,4,lr1e-04_bs8_drop0p4_temp2p0_a0p25_b0p05__wd1e-04trmiss0_degmodglobal,8,0.0001,0.0001,0.4,2.0,0.25,0.05,lr1e-04_bs8_drop0p4_temp2p0_a0p25_b0p05__wd1e-04trmiss0_degmodglobal,64,0.6023073451859611,1.9192007780075073,0.5277777777777778,0.798880748880749,0.46153846153846156,0.0,0.4631527917725699,0.5586293893201011,0.11137168428727559,0.3167007735797337,0.0,0.0,0.0,0.0,0.0,18473,global,0.0
1,4,lr1e-04_bs8_drop0p4_temp2p0_a0p25_b0p05__wd1e-04trmiss0_degmodglobal,8,0.0001,0.0001,0.4,2.0,0.25,0.05,lr1e-04_bs8_drop0p4_temp2p0_a0p25_b0p05__wd1e-04trmiss0_degmodglobal,65,0.5984291774885995,1.9448947310447693,0.5,0.7896214896214897,0.46153846153846156,0.0,0.4382336863449642,0.5507775161947522,0.12630741617509297,0.32149614819458555,0.0,0.0,0.0,0.0,0.0,18473,global,0.0
1,4,lr1e-04_bs8_drop0p4_temp2p0_a0p25_b0p05__wd1e-04trmiss0_degmodglobal,8,0.0001,0.0001,0.4,2.0,0.25,0.05,lr1e-04_bs8_drop0p4_temp2p0_a0p25_b0p05__wd1e-04trmiss0_degmodglobal,66,0.6339981385639736,1.93182373046875,0.5277777777777778,0.798880748880749,0.46153846153846156,0.0,0.45560508966445923,0.5843276807240078,0.12642846150057657,0.3612669195447649,0.0,0.0,0.0,0.0,0.0,18473,global,0.0
1,4,lr5e-05_bs8_drop0p2_temp1p0_a0p25_b0p05__wd1e-04trmiss0_degmodglobal,8,5e-05,0.0001,0.2,1.0,0.25,0.05,lr5e-05_bs8_drop0p2_temp1p0_a0p25_b0p05__wd1e-04trmiss0_degmodglobal,1,0.7244586859430585,0.7112661302089691,0.6666666666666666,0.8082722832722833,0.6923076923076923,0.0,0.6627422571182251,0.7037967443466187,0.04960407316684723,0.16521818722997392,0.0,0.0,0.0,0.0,0.0,18473,global,0.0
1,4,lr5e-05_bs8_drop0p2_temp1p0_a0p25_b0p05__wd1e-04trmiss0_degmodglobal,8,5e-05,0.0001,0.2,1.0,0.25,0.05,lr5e-05_bs8_drop0p2_temp1p0_a0p25_b0p05__wd1e-04trmiss0_degmodglobal,2,0.6963460530553546,0.7072856426239014,0.6944444444444444,0.8764260430927098,0.6923076923076923,0.0,0.64640873670578,0.6807576162474496,0.03814533033541271,0.12104204616376332,0.0,0.0,0.0,0.0,0.0,18473,global,0.0
1,4,lr5e-05_bs8_drop0p2_temp1p0_a0p25_b0p05__wd1e-04trmiss0_degmodglobal,8,5e-05,0.0001,0.2,1.0,0.25,0.05,lr5e-05_bs8_drop0p2_temp1p0_a0p25_b0p05__wd1e-04trmiss0_degmodglobal,3,0.6598809361457825,0.7060566842556,0.75,0.9108175774842442,0.6923076923076923,0.0,0.6059053029332843,0.6471466422080994,0.03274410484092576,0.09096566294985158,0.0,0.0,0.0,0.0,0.0,18473,global,0.0
1,4,lr5e-05_bs8_drop0p2_temp1p0_a0p25_b0p05__wd1e-04trmiss0_degmodglobal,8,5e-05,0.0001,0.2,1.0,0.25,0.05,lr5e-05_bs8_drop0p2_temp1p0_a0p25_b0p05__wd1e-04trmiss0_degmodglobal,4,0.641937119620187,0.7111064493656158,0.75,0.9108175774842442,0.6923076923076923,0.0,0.6087820019040789,0.6303591132164001,0.030125406703778675,0.08093310041087014,0.0,0.0,0.0,0.0,0.0,18473,global,0.0
1,4,lr5e-05_bs8_drop0p2_temp1p0_a0p25_b0p05__wd1e-04trmiss0_degmodglobal,8,5e-05,0.0001,0.2,1.0,0.25,0.05,lr5e-05_bs8_drop0p2_temp1p0_a0p25_b0p05__wd1e-04trmiss0_degmodglobal,5,0.6405936138970512,0.7074263691902161,0.7222222222222222,0.9021756021756022,0.5384615384615384,0.0,0.6056999436446598,0.6258554458618164,0.03769792057573795,0.10627367294260434,0.0,0.0,0.0,0.0,0.0,18473,global,0.0
1,4,lr5e-05_bs8_drop0p2_temp1p0_a0p25_b0p05__wd1e-04trmiss0_degmodglobal,8,5e-05,0.0001,0.2,1.0,0.25,0.05,lr5e-05_bs8_drop0p2_temp1p0_a0p25_b0p05__wd1e-04trmiss0_degmodglobal,6,0.6258937631334577,0.6996006369590759,0.8055555555555556,0.9355089355089357,0.7692307692307693,0.0,0.5806264196123395,0.6111313530376979,0.04023519105144909,0.09407192841172218,0.0,0.0,0.0,0.0,0.0,18473,global,0.0
1,4,lr5e-05_bs8_drop0p2_temp1p0_a0p25_b0p05__wd1e-04trmiss0_degmodglobal,8,5e-05,0.0001,0.2,1.0,0.25,0.05,lr5e-05_bs8_drop0p2_temp1p0_a0p25_b0p05__wd1e-04trmiss0_degmodglobal,7,0.6355056932994297,0.688518762588501,0.8055555555555556,0.9355089355089357,0.7692307692307693,0.0,0.5817258017403739,0.622434675693512,0.03527922236493656,0.08502408649240221,0.0,0.0,0.0,0.0,0.0,18473,global,0.0
1,4,lr5e-05_bs8_drop0p2_temp1p0_a0p25_b0p05__wd1e-04trmiss0_degmodglobal,8,5e-05,0.0001,0.2,1.0,0.25,0.05,lr5e-05_bs8_drop0p2_temp1p0_a0p25_b0p05__wd1e-04trmiss0_degmodglobal,8,0.6197452970913478,0.6821633577346802,0.7777777777777778,0.9216200466200468,0.7692307692307693,0.0,0.5419945589133671,0.6036769321986607,0.04063693221126284,0.11818250588008336,0.0,0.0,0.0,0.0,0.0,18473,global,0.0
1,4,lr5e-05_bs8_drop0p2_temp1p0_a0p25_b0p05__wd1e-04trmiss0_degmodglobal,8,5e-05,0.0001,0.2,1.0,0.25,0.05,lr5e-05_bs8_drop0p2_temp1p0_a0p25_b0p05__wd1e-04trmiss0_degmodglobal,9,0.6168585504804339,0.6839692294597626,0.8055555555555556,0.9355089355089357,0.7692307692307693,0.0,0.5702046837125506,0.6011464084897723,0.041510315611958504,0.10669143604380744,0.0,0.0,0.0,0.0,0.0,18473,global,0.0
1,4,lr5e-05_bs8_drop0p2_temp1p0_a0p25_b0p05__wd1e-04trmiss0_degmodglobal,8,5e-05,0.0001,0.2,1.0,0.25,0.05,lr5e-05_bs8_drop0p2_temp1p0_a0p25_b0p05__wd1e-04trmiss0_degmodglobal,10,0.5960593223571777,0.6827395558357239,0.8055555555555556,0.9355089355089357,0.7692307692307693,0.0,0.5560762499059949,0.5808717778750828,0.0415648663682597,0.09592681218470846,0.0,0.0,0.0,0.0,0.0,18473,global,0.0
1,4,lr5e-05_bs8_drop0p2_temp1p0_a0p25_b0p05__wd1e-04trmiss0_degmodglobal,8,5e-05,0.0001,0.2,1.0,0.25,0.05,lr5e-05_bs8_drop0p2_temp1p0_a0p25_b0p05__wd1e-04trmiss0_degmodglobal,11,0.5917095371655056,0.6781833469867706,0.8055555555555556,0.9355089355089357,0.7692307692307693,0.0,0.5401973809514727,0.5804211837904794,0.03182167799345085,0.06665869403098311,0.0,0.0,0.0,0.0,0.0,18473,global,0.0
1,4,lr5e-05_bs8_drop0p2_temp1p0_a0p25_b0p05__wd1e-04trmiss0_degmodglobal,8,5e-05,0.0001,0.2,1.0,0.25,0.05,lr5e-05_bs8_drop0p2_temp1p0_a0p25_b0p05__wd1e-04trmiss0_degmodglobal,12,0.6015655994415283,0.6728942692279816,0.8055555555555556,0.9355089355089357,0.7692307692307693,0.0,0.5281266570091248,0.58632835320064,0.04068077701543059,0.10134145298174449,0.0,0.0,0.0,0.0,0.0,18473,global,0.0
1,4,lr5e-05_bs8_drop0p2_temp1p0_a0p25_b0p05__wd1e-04trmiss0_degmodglobal,8,5e-05,0.0001,0.2,1.0,0.25,0.05,lr5e-05_bs8_drop0p2_temp1p0_a0p25_b0p05__wd1e-04trmiss0_degmodglobal,13,0.5842543925557818,0.6784047782421112,0.8055555555555556,0.9355089355089357,0.6923076923076923,0.0,0.5311848521232605,0.5731585621833801,0.028326353590403284,0.0802849004311221,0.0,0.0,0.0,0.0,0.0,18473,global,0.0
1,4,lr5e-05_bs8_drop0p2_temp1p0_a0p25_b0p05__wd1e-04trmiss0_degmodglobal,8,5e-05,0.0001,0.2,1.0,0.25,0.05,lr5e-05_bs8_drop0p2_temp1p0_a0p25_b0p05__wd1e-04trmiss0_degmodglobal,14,0.583917464528765,0.677046537399292,0.75,0.9057470307470308,0.6923076923076923,0.0,0.5265848466328212,0.5705137550830841,0.03613673443240779,0.08739068678447179,0.0,0.0,0.0,0.0,0.0,18473,global,0.0
1,4,lr5e-05_bs8_drop0p2_temp1p0_a0p25_b0p05__wd1e-04trmiss0_degmodglobal,8,5e-05,0.0001,0.2,1.0,0.25,0.05,lr5e-05_bs8_drop0p2_temp1p0_a0p25_b0p05__wd1e-04trmiss0_degmodglobal,15,0.5926148891448975,0.6727977693080902,0.7777777777777778,0.9216200466200468,0.6923076923076923,0.0,0.5047058846269336,0.5750146848814828,0.04611458922071116,0.12143089888351304,0.0,0.0,0.0,0.0,0.0,18473,global,0.0
1,4,lr5e-05_bs8_drop0p2_temp1p0_a0p25_b0p05__wd1e-04trmiss0_degmodglobal,8,5e-05,0.0001,0.2,1.0,0.25,0.05,lr5e-05_bs8_drop0p2_temp1p0_a0p25_b0p05__wd1e-04trmiss0_degmodglobal,16,0.5728572351591927,0.6740220189094543,0.7777777777777778,0.9216200466200468,0.7692307692307693,0.0,0.5050073606627328,0.5592853682381767,0.03460623882710934,0.09840622544288635,0.0,0.0,0.0,0.0,0.0,18473,global,0.0
1,4,lr5e-05_bs8_drop0p2_temp1p0_a0p25_b0p05__wd1e-04trmiss0_degmodglobal,8,5e-05,0.0001,0.2,1.0,0.25,0.05,lr5e-05_bs8_drop0p2_temp1p0_a0p25_b0p05__wd1e-04trmiss0_degmodglobal,17,0.5816973618098668,0.6629845499992371,0.7777777777777778,0.9216200466200468,0.6923076923076923,0.0,0.5238818143095288,0.5638148614338466,0.045755572084869654,0.12887228014213697,0.0,0.0,0.0,0.0,0.0,18473,global,0.0
1,4,lr5e-05_bs8_drop0p2_temp1p0_a0p25_b0p05__wd1e-04trmiss0_degmodglobal,8,5e-05,0.0001,0.2,1.0,0.25,0.05,lr5e-05_bs8_drop0p2_temp1p0_a0p25_b0p05__wd1e-04trmiss0_degmodglobal,18,0.5785450169018337,0.6601076424121857,0.7777777777777778,0.9216200466200468,0.6923076923076923,0.0,0.4960326552391052,0.563902735710144,0.03669671554650579,0.10936213391167778,0.0,0.0,0.0,0.0,0.0,18473,global,0.0
1,4,lr5e-05_bs8_drop0p2_temp1p0_a0p25_b0p05__wd1e-04trmiss0_degmodglobal,8,5e-05,0.0001,0.2,1.0,0.25,0.05,lr5e-05_bs8_drop0p2_temp1p0_a0p25_b0p05__wd1e-04trmiss0_degmodglobal,19,0.5736715708460126,0.6603792607784271,0.7777777777777778,0.9216200466200468,0.7692307692307693,0.0,0.5011586546897888,0.5537656375340053,0.050042479165962765,0.14790658972093038,0.0,0.0,0.0,0.0,0.0,18473,global,0.0
1,4,lr5e-05_bs8_drop0p2_temp1p0_a0p25_b0p05__wd1e-04trmiss0_degmodglobal,8,5e-05,0.0001,0.2,1.0,0.25,0.05,lr5e-05_bs8_drop0p2_temp1p0_a0p25_b0p05__wd1e-04trmiss0_degmodglobal,20,0.5738399922847748,0.6645988821983337,0.75,0.9108175774842442,0.7692307692307693,0.0,0.5278286380427224,0.5609813843454633,0.03362315760127136,0.08905634390456336,0.0,0.0,0.0,0.0,0.0,18473,global,0.0
1,4,lr5e-05_bs8_drop0p2_temp1p0_a0p25_b0p05__wd1e-04trmiss0_degmodglobal,8,5e-05,0.0001,0.2,1.0,0.25,0.05,lr5e-05_bs8_drop0p2_temp1p0_a0p25_b0p05__wd1e-04trmiss0_degmodglobal,21,0.5424535061631884,0.6646440923213959,0.7222222222222222,0.9021756021756022,0.7692307692307693,0.0,0.47272306254931856,0.5277042984962463,0.04245574772357941,0.08270521994147982,0.0,0.0,0.0,0.0,0.0,18473,global,0.0
1,4,lr5e-05_bs8_drop0p2_temp1p0_a0p25_b0p05__wd1e-04trmiss0_degmodglobal,8,5e-05,0.0001,0.2,1.0,0.25,0.05,lr5e-05_bs8_drop0p2_temp1p0_a0p25_b0p05__wd1e-04trmiss0_degmodglobal,22,0.5340659277779716,0.6597998440265656,0.7222222222222222,0.9021756021756022,0.7692307692307693,0.0,0.4890114324433463,0.5215362395559039,0.03504057042300701,0.07539070677012205,0.0,0.0,0.0,0.0,0.0,18473,global,0.0
1,4,lr5e-05_bs8_drop0p2_temp1p0_a0p25_b0p05__wd1e-04trmiss0_degmodglobal,8,5e-05,0.0001,0.2,1.0,0.25,0.05,lr5e-05_bs8_drop0p2_temp1p0_a0p25_b0p05__wd1e-04trmiss0_degmodglobal,23,0.5537030100822449,0.6559110283851624,0.7222222222222222,0.9021756021756022,0.7692307692307693,0.0,0.4860880162034716,0.539315232208797,0.03679365584892886,0.10378711218280452,0.0,0.0,0.0,0.0,0.0,18473,global,0.0
1,4,lr5e-05_bs8_drop0p2_temp1p0_a0p25_b0p05__wd1e-04trmiss0_degmodglobal,8,5e-05,0.0001,0.2,1.0,0.25,0.05,lr5e-05_bs8_drop0p2_temp1p0_a0p25_b0p05__wd1e-04trmiss0_degmodglobal,24,0.558820515871048,0.655114471912384,0.75,0.9108175774842442,0.7692307692307693,0.0,0.4916901631014688,0.5412598890917641,0.0439207378242697,0.1316088145332677,0.0,0.0,0.0,0.0,0.0,18473,global,0.0
1,4,lr5e-05_bs8_drop0p2_temp1p0_a0p25_b0p05__wd1e-04trmiss0_degmodglobal,8,5e-05,0.0001,0.2,1.0,0.25,0.05,lr5e-05_bs8_drop0p2_temp1p0_a0p25_b0p05__wd1e-04trmiss0_degmodglobal,25,0.5435758999415806,0.6531447768211365,0.7777777777777778,0.9172278338945008,0.7692307692307693,0.0,0.49394745911870686,0.5264132022857666,0.04220624574060951,0.13222284827913558,0.0,0.0,0.0,0.0,0.0,18473,global,0.0
1,4,lr5e-05_bs8_drop0p2_temp1p0_a0p25_b0p05__wd1e-04trmiss0_degmodglobal,8,5e-05,0.0001,0.2,1.0,0.25,0.05,lr5e-05_bs8_drop0p2_temp1p0_a0p25_b0p05__wd1e-04trmiss0_degmodglobal,26,0.5183927289077214,0.648959755897522,0.8055555555555556,0.9280303030303032,0.7692307692307693,0.0,0.46855267882347107,0.5037383735179901,0.04018621891736984,0.09215589399848666,0.0,0.0,0.0,0.0,0.0,18473,global,0.0
1,4,lr5e-05_bs8_drop0p2_temp1p0_a0p25_b0p05__wd1e-04trmiss0_degmodglobal,8,5e-05,0.0001,0.2,1.0,0.25,0.05,lr5e-05_bs8_drop0p2_temp1p0_a0p25_b0p05__wd1e-04trmiss0_degmodglobal,27,0.5442540730748858,0.6441197097301483,0.8333333333333334,0.941919191919192,0.7692307692307693,0.0,0.47621367233140127,0.5277921600001199,0.04495089873671532,0.10448357037135533,0.0,0.0,0.0,0.0,0.0,18473,global,0.0
1,4,lr5e-05_bs8_drop0p2_temp1p0_a0p25_b0p05__wd1e-04trmiss0_degmodglobal,8,5e-05,0.0001,0.2,1.0,0.25,0.05,lr5e-05_bs8_drop0p2_temp1p0_a0p25_b0p05__wd1e-04trmiss0_degmodglobal,28,0.5332326931612832,0.6486974954605103,0.8333333333333334,0.941919191919192,0.7692307692307693,0.0,0.4566595767225538,0.513970536845071,0.05191502906382084,0.12566802916782244,0.0,0.0,0.0,0.0,0.0,18473,global,0.0
1,4,lr5e-05_bs8_drop0p2_temp1p0_a0p25_b0p05__wd1e-04trmiss0_degmodglobal,8,5e-05,0.0001,0.2,1.0,0.25,0.05,lr5e-05_bs8_drop0p2_temp1p0_a0p25_b0p05__wd1e-04trmiss0_degmodglobal,29,0.5598404322351728,0.6451008021831512,0.8333333333333334,0.941919191919192,0.7692307692307693,0.0,0.49284460714885164,0.5445695008550372,0.03853409364819527,0.11274827271699905,0.0,0.0,0.0,0.0,0.0,18473,global,0.0
1,4,lr5e-05_bs8_drop0p2_temp1p0_a0p25_b0p05__wd1e-04trmiss0_degmodglobal,8,5e-05,0.0001,0.2,1.0,0.25,0.05,lr5e-05_bs8_drop0p2_temp1p0_a0p25_b0p05__wd1e-04trmiss0_degmodglobal,30,0.5336766796452659,0.6410163640975952,0.8333333333333334,0.941919191919192,0.7692307692307693,0.0,0.4620193711348942,0.5176068501813071,0.043540624901652336,0.10369331283228737,0.0,0.0,0.0,0.0,0.0,18473,global,0.0
1,4,lr5e-05_bs8_drop0p2_temp1p0_a0p25_b0p05__wd1e-04trmiss0_degmodglobal,8,5e-05,0.0001,0.2,1.0,0.25,0.05,lr5e-05_bs8_drop0p2_temp1p0_a0p25_b0p05__wd1e-04trmiss0_degmodglobal,31,0.5556898968560355,0.6424034237861633,0.8333333333333334,0.941919191919192,0.7692307692307693,0.0,0.45335391589573454,0.5334745986121041,0.058300518563815525,0.15280347423894064,0.0,0.0,0.0,0.0,0.0,18473,global,0.0
1,4,lr5e-05_bs8_drop0p2_temp1p0_a0p25_b0p05__wd1e-04trmiss0_degmodglobal,8,5e-05,0.0001,0.2,1.0,0.25,0.05,lr5e-05_bs8_drop0p2_temp1p0_a0p25_b0p05__wd1e-04trmiss0_degmodglobal,32,0.5493570012705666,0.6432212293148041,0.8888888888888888,0.9598765432098768,0.7692307692307693,0.0,0.48811388867241995,0.5314090805394309,0.044803100771137645,0.13494289027793066,0.0,0.0,0.0,0.0,0.0,18473,global,0.0
1,4,lr5e-05_bs8_drop0p2_temp1p0_a0p25_b0p05__wd1e-04trmiss0_degmodglobal,8,5e-05,0.0001,0.2,1.0,0.25,0.05,lr5e-05_bs8_drop0p2_temp1p0_a0p25_b0p05__wd1e-04trmiss0_degmodglobal,33,0.5646547206810543,0.6490878462791443,0.8055555555555556,0.9280303030303032,0.7692307692307693,0.0,0.48040671007973806,0.5452315040997097,0.04735113973064082,0.15170849380748613,0.0,0.0,0.0,0.0,0.0,18473,global,0.0
1,4,lr5e-05_bs8_drop0p2_temp1p0_a0p25_b0p05__wd1e-04trmiss0_degmodglobal,8,5e-05,0.0001,0.2,1.0,0.25,0.05,lr5e-05_bs8_drop0p2_temp1p0_a0p25_b0p05__wd1e-04trmiss0_degmodglobal,34,0.5342265793255397,0.6579204201698303,0.7777777777777778,0.9172278338945008,0.7692307692307693,0.0,0.4842259671006884,0.5189787319728306,0.03980502379792077,0.10593165763254676,0.0,0.0,0.0,0.0,0.0,18473,global,0.0
1,4,lr5e-05_bs8_drop0p2_temp1p0_a0p25_b0p05__wd1e-04trmiss0_degmodglobal,8,5e-05,0.0001,0.2,1.0,0.25,0.05,lr5e-05_bs8_drop0p2_temp1p0_a0p25_b0p05__wd1e-04trmiss0_degmodglobal,35,0.5430326504366738,0.6577524542808533,0.7777777777777778,0.9172278338945008,0.7692307692307693,0.0,0.4651962731565748,0.5166246337550027,0.06622582620808057,0.19703148092542375,0.0,0.0,0.0,0.0,0.0,18473,global,0.0
1,4,lr5e-05_bs8_drop0p2_temp1p0_a0p25_b0p05__wd1e-04trmiss0_degmodglobal,8,5e-05,0.0001,0.2,1.0,0.25,0.05,lr5e-05_bs8_drop0p2_temp1p0_a0p25_b0p05__wd1e-04trmiss0_degmodglobal,36,0.5247148530823844,0.647604376077652,0.7777777777777778,0.9172278338945008,0.7692307692307693,0.0,0.4392575536455427,0.5029459467955998,0.0581368271793638,0.14469393023422786,0.0,0.0,0.0,0.0,0.0,18473,global,0.0
1,4,lr5e-05_bs8_drop0p2_temp1p0_a0p25_b0p05__wd1e-04trmiss0_degmodglobal,8,5e-05,0.0001,0.2,1.0,0.25,0.05,lr5e-05_bs8_drop0p2_temp1p0_a0p25_b0p05__wd1e-04trmiss0_degmodglobal,37,0.508879942553384,0.6400742530822754,0.8333333333333333,0.9361111111111113,0.7692307692307693,0.0,0.45211905241012573,0.48854723146983553,0.05390474945306778,0.13713053188153676,0.0,0.0,0.0,0.0,0.0,18473,global,0.0
1,4,lr5e-05_bs8_drop0p2_temp1p0_a0p25_b0p05__wd1e-04trmiss0_degmodglobal,8,5e-05,0.0001,0.2,1.0,0.25,0.05,lr5e-05_bs8_drop0p2_temp1p0_a0p25_b0p05__wd1e-04trmiss0_degmodglobal,38,0.5215574162346976,0.6480134725570679,0.8611111111111112,0.9500000000000002,0.7692307692307693,0.0,0.49352715270859854,0.5123133829661778,0.0251338928937912,0.05921138876250812,0.0,0.0,0.0,0.0,0.0,18473,global,0.0
1,4,lr5e-05_bs8_drop0p2_temp1p0_a0p25_b0p05__wd1e-04trmiss0_degmodglobal,8,5e-05,0.0001,0.2,1.0,0.25,0.05,lr5e-05_bs8_drop0p2_temp1p0_a0p25_b0p05__wd1e-04trmiss0_degmodglobal,39,0.5160087134156909,0.645862340927124,0.8611111111111112,0.9500000000000002,0.7692307692307693,0.0,0.449725512947355,0.5005991586617061,0.03818847265626703,0.11724886670708656,0.0,0.0,0.0,0.0,0.0,18473,global,0.0
1,4,lr5e-05_bs8_drop0p2_temp1p0_a0p25_b0p05__wd1e-04trmiss0_degmodglobal,8,5e-05,0.0001,0.2,1.0,0.25,0.05,lr5e-05_bs8_drop0p2_temp1p0_a0p25_b0p05__wd1e-04trmiss0_degmodglobal,40,0.5119932506765638,0.6418458819389343,0.8333333333333333,0.9361111111111113,0.7692307692307693,0.0,0.45745517526354107,0.4968225487640926,0.03932913046862398,0.10676848728741918,0.0,0.0,0.0,0.0,0.0,18473,global,0.0
1,4,lr5e-05_bs8_drop0p2_temp1p0_a0p25_b0p05__wd1e-04trmiss0_degmodglobal,8,5e-05,0.0001,0.2,1.0,0.25,0.05,lr5e-05_bs8_drop0p2_temp1p0_a0p25_b0p05__wd1e-04trmiss0_degmodglobal,41,0.5447656682559422,0.6416358649730682,0.8333333333333333,0.9361111111111113,0.7692307692307693,0.0,0.4799454297338213,0.5285808316298893,0.04368510310138975,0.10527123404400689,0.0,0.0,0.0,0.0,0.0,18473,global,0.0
1,4,lr5e-05_bs8_drop0p2_temp1p0_a0p25_b0p05__wd1e-04trmiss0_degmodglobal,8,5e-05,0.0001,0.2,1.0,0.25,0.05,lr5e-05_bs8_drop0p2_temp1p0_a0p25_b0p05__wd1e-04trmiss0_degmodglobal,42,0.5565250643662044,0.6373500823974609,0.9166666666666666,0.9722222222222223,0.7692307692307693,0.0,0.4987562724522182,0.5414660317557198,0.03763340280524322,0.1130134676183973,0.0,0.0,0.0,0.0,0.0,18473,global,0.0
1,4,lr5e-05_bs8_drop0p2_temp1p0_a0p25_b0p05__wd1e-04trmiss0_degmodglobal,8,5e-05,0.0001,0.2,1.0,0.25,0.05,lr5e-05_bs8_drop0p2_temp1p0_a0p25_b0p05__wd1e-04trmiss0_degmodglobal,43,0.5127450270312173,0.6356646120548248,0.9444444444444444,0.9797979797979799,0.7692307692307693,0.0,0.45129906705447603,0.4971879039491926,0.04171103478542396,0.10258728265762329,0.0,0.0,0.0,0.0,0.0,18473,global,0.0
1,4,lr5e-05_bs8_drop0p2_temp1p0_a0p25_b0p05__wd1e-04trmiss0_degmodglobal,8,5e-05,0.0001,0.2,1.0,0.25,0.05,lr5e-05_bs8_drop0p2_temp1p0_a0p25_b0p05__wd1e-04trmiss0_degmodglobal,44,0.5058266861098153,0.6364579498767853,0.9166666666666666,0.9722222222222223,0.8461538461538461,0.0,0.45975035429000854,0.49201775448662893,0.038068147908364026,0.08583787509373256,0.0,0.0,0.0,0.0,0.0,18473,global,0.0
1,4,lr5e-05_bs8_drop0p2_temp1p0_a0p25_b0p05__wd1e-04trmiss0_degmodglobal,8,5e-05,0.0001,0.2,1.0,0.25,0.05,lr5e-05_bs8_drop0p2_temp1p0_a0p25_b0p05__wd1e-04trmiss0_degmodglobal,45,0.5155852138996124,0.6355128288269043,0.9166666666666666,0.9722222222222223,0.8461538461538461,0.0,0.45921361446380615,0.5005068438393729,0.03968651060547147,0.10313478059002332,0.0,0.0,0.0,0.0,0.0,18473,global,0.0
1,4,lr5e-05_bs8_drop0p2_temp1p0_a0p25_b0p05__wd1e-04trmiss0_degmodglobal,8,5e-05,0.0001,0.2,1.0,0.25,0.05,lr5e-05_bs8_drop0p2_temp1p0_a0p25_b0p05__wd1e-04trmiss0_degmodglobal,46,0.519135845558984,0.6328484416007996,0.8888888888888888,0.9598765432098768,0.8461538461538461,0.0,0.4180098644324711,0.49366025839533123,0.06227722657578332,0.19812540922846114,0.0,0.0,0.0,0.0,0.0,18473,global,0.0
1,4,lr5e-05_bs8_drop0p2_temp1p0_a0p25_b0p05__wd1e-04trmiss0_degmodglobal,8,5e-05,0.0001,0.2,1.0,0.25,0.05,lr5e-05_bs8_drop0p2_temp1p0_a0p25_b0p05__wd1e-04trmiss0_degmodglobal,47,0.5310535984379905,0.6373717784881592,0.9166666666666666,0.9722222222222223,0.8461538461538461,0.0,0.45565142801829744,0.5114293609346662,0.05150409149272101,0.13496422661202295,0.0,0.0,0.0,0.0,0.0,18473,global,0.0
1,4,lr5e-05_bs8_drop0p2_temp1p0_a0p25_b0p05__wd1e-04trmiss0_degmodglobal,8,5e-05,0.0001,0.2,1.0,0.25,0.05,lr5e-05_bs8_drop0p2_temp1p0_a0p25_b0p05__wd1e-04trmiss0_degmodglobal,48,0.5406770024980817,0.6409419476985931,0.9444444444444444,0.9797979797979799,0.8461538461538461,0.0,0.42923092416354586,0.5077666597706931,0.08492730345044817,0.23357046289103373,0.0,0.0,0.0,0.0,0.0,18473,global,0.0
1,4,lr5e-05_bs8_drop0p2_temp1p0_a0p25_b0p05__wd1e-04trmiss0_degmodglobal,8,5e-05,0.0001,0.2,1.0,0.25,0.05,lr5e-05_bs8_drop0p2_temp1p0_a0p25_b0p05__wd1e-04trmiss0_degmodglobal,49,0.4997402216706957,0.6297132968902588,0.9444444444444444,0.9797979797979799,0.9230769230769231,0.0,0.4133437361036028,0.47791099548339844,0.054639563230531554,0.1633866003581456,0.0,0.0,0.0,0.0,0.0,18473,global,0.0
1,4,lr5e-05_bs8_drop0p2_temp1p0_a0p25_b0p05__wd1e-04trmiss0_degmodglobal,8,5e-05,0.0001,0.2,1.0,0.25,0.05,lr5e-05_bs8_drop0p2_temp1p0_a0p25_b0p05__wd1e-04trmiss0_degmodglobal,50,0.5110497261796679,0.6265276372432709,0.9444444444444444,0.9797979797979799,0.8461538461538461,0.0,0.4163844457694462,0.48854229705674307,0.06035776862076351,0.14836001289742334,0.0,0.0,0.0,0.0,0.0,18473,global,0.0
1,4,lr5e-05_bs8_drop0p2_temp1p0_a0p25_b0p05__wd1e-04trmiss0_degmodglobal,8,5e-05,0.0001,0.2,1.0,0.25,0.05,lr5e-05_bs8_drop0p2_temp1p0_a0p25_b0p05__wd1e-04trmiss0_degmodglobal,51,0.48977135334696087,0.6308844983577728,0.9444444444444444,0.9797979797979799,0.9230769230769231,0.0,0.417712254183633,0.47570561936923433,0.0378001585070576,0.09231405918087278,0.0,0.0,0.0,0.0,0.0,18473,global,0.0
1,4,lr5e-05_bs8_drop0p2_temp1p0_a0p25_b0p05__wd1e-04trmiss0_degmodglobal,8,5e-05,0.0001,0.2,1.0,0.25,0.05,lr5e-05_bs8_drop0p2_temp1p0_a0p25_b0p05__wd1e-04trmiss0_degmodglobal,52,0.5182101556232998,0.6364153623580933,0.9444444444444444,0.9797979797979799,0.7692307692307693,0.0,0.4635555020400456,0.5009636070047107,0.047074483175362856,0.10955856261508805,0.0,0.0,0.0,0.0,0.0,18473,global,0.0
1,4,lr5e-05_bs8_drop0p2_temp1p0_a0p25_b0p05__wd1e-04trmiss0_degmodglobal,8,5e-05,0.0001,0.2,1.0,0.25,0.05,lr5e-05_bs8_drop0p2_temp1p0_a0p25_b0p05__wd1e-04trmiss0_degmodglobal,53,0.5128155095236642,0.6348864734172821,0.9444444444444444,0.9797979797979799,0.9230769230769231,0.0,0.4581819176673889,0.4986139450754438,0.03883631048457963,0.0898497924208641,0.0,0.0,0.0,0.0,0.0,18473,global,0.0
1,4,lr5e-05_bs8_drop0p2_temp1p0_a0p25_b0p05__wd1e-04trmiss0_degmodglobal,8,5e-05,0.0001,0.2,1.0,0.25,0.05,lr5e-05_bs8_drop0p2_temp1p0_a0p25_b0p05__wd1e-04trmiss0_degmodglobal,54,0.4763728082180023,0.6347522735595703,0.9722222222222222,0.9888888888888892,0.8461538461538461,0.0,0.4334559866360256,0.46116334199905396,0.042105107967342646,0.09366389789751597,0.0,0.0,0.0,0.0,0.0,18473,global,0.0
1,4,lr5e-05_bs8_drop0p2_temp1p0_a0p25_b0p05__wd1e-04trmiss0_degmodglobal,8,5e-05,0.0001,0.2,1.0,0.25,0.05,lr5e-05_bs8_drop0p2_temp1p0_a0p25_b0p05__wd1e-04trmiss0_degmodglobal,55,0.4878109948975699,0.6213833689689636,0.9444444444444444,0.9797979797979799,0.8461538461538461,0.0,0.4397709582533155,0.47345214656421114,0.039529550820589066,0.08952910772391728,0.0,0.0,0.0,0.0,0.0,18473,global,0.0
1,4,lr5e-05_bs8_drop0p2_temp1p0_a0p25_b0p05__wd1e-04trmiss0_degmodglobal,8,5e-05,0.0001,0.2,1.0,0.25,0.05,lr5e-05_bs8_drop0p2_temp1p0_a0p25_b0p05__wd1e-04trmiss0_degmodglobal,56,0.5150936245918274,0.6204550266265869,0.9722222222222222,0.9888888888888892,0.9230769230769231,0.0,0.44631298950740267,0.49651061637060984,0.04800166030015264,0.13165204280189105,0.0,0.0,0.0,0.0,0.0,18473,global,0.0
1,4,lr5e-05_bs8_drop0p2_temp1p0_a0p25_b0p05__wd1e-04trmiss0_degmodglobal,8,5e-05,0.0001,0.2,1.0,0.25,0.05,lr5e-05_bs8_drop0p2_temp1p0_a0p25_b0p05__wd1e-04trmiss0_degmodglobal,57,0.48161758695329937,0.6228460669517517,0.9444444444444444,0.9797979797979799,0.9230769230769231,0.0,0.41550478764942717,0.46390614339283537,0.04884529512907777,0.11000224788274084,0.0,0.0,0.0,0.0,0.0,18473,global,0.0
1,4,lr5e-05_bs8_drop0p2_temp1p0_a0p25_b0p05__wd1e-04trmiss0_degmodglobal,8,5e-05,0.0001,0.2,1.0,0.25,0.05,lr5e-05_bs8_drop0p2_temp1p0_a0p25_b0p05__wd1e-04trmiss0_degmodglobal,58,0.4555709149156298,0.6249010264873505,0.9444444444444444,0.9797979797979799,0.8461538461538461,0.0,0.4164596029690334,0.4404816712651934,0.043966562886323245,0.08195216421570096,0.0,0.0,0.0,0.0,0.0,18473,global,0.0
1,4,lr5e-05_bs8_drop0p2_temp1p0_a0p25_b0p05__wd1e-04trmiss0_degmodglobal,8,5e-05,0.0001,0.2,1.0,0.25,0.05,lr5e-05_bs8_drop0p2_temp1p0_a0p25_b0p05__wd1e-04trmiss0_degmodglobal,59,0.4897512367793492,0.6252456307411194,0.9722222222222222,0.9888888888888892,0.7692307692307693,0.0,0.43200816001210895,0.47004054699625286,0.05362716343786035,0.1260779526616846,0.0,0.0,0.0,0.0,0.0,18473,global,0.0
1,4,lr5e-05_bs8_drop0p2_temp1p0_a0p25_b0p05__wd1e-04trmiss0_degmodglobal,8,5e-05,0.0001,0.2,1.0,0.25,0.05,lr5e-05_bs8_drop0p2_temp1p0_a0p25_b0p05__wd1e-04trmiss0_degmodglobal,60,0.47676969851766315,0.6266059875488281,0.9722222222222222,0.9888888888888892,0.7692307692307693,0.0,0.4131013538156237,0.4599664466721671,0.04648982360959053,0.10361605935863086,0.0,0.0,0.0,0.0,0.0,18473,global,0.0
1,4,lr5e-05_bs8_drop0p2_temp1p0_a0p25_b0p05__wd1e-04trmiss0_degmodglobal,8,5e-05,0.0001,0.2,1.0,0.25,0.05,lr5e-05_bs8_drop0p2_temp1p0_a0p25_b0p05__wd1e-04trmiss0_degmodglobal,61,0.4680313340255192,0.624808132648468,0.9722222222222222,0.9888888888888892,0.8461538461538461,0.0,0.4137446369443621,0.45224155272756306,0.04241625698549407,0.10371431548680578,0.0,0.0,0.0,0.0,0.0,18473,global,0.0
1,4,lr5e-05_bs8_drop0p2_temp1p0_a0p25_b0p05__wd1e-04trmiss0_degmodglobal,8,5e-05,0.0001,0.2,1.0,0.25,0.05,lr5e-05_bs8_drop0p2_temp1p0_a0p25_b0p05__wd1e-04trmiss0_degmodglobal,62,0.5148525408336094,0.625958651304245,0.9722222222222222,0.9888888888888892,0.7692307692307693,0.0,0.4106321930885315,0.48312374523707796,0.08425357192754745,0.21330801770091057,0.0,0.0,0.0,0.0,0.0,18473,global,0.0
1,4,lr5e-05_bs8_drop0p2_temp1p0_a0p25_b0p05__wd1e-04trmiss0_degmodglobal,8,5e-05,0.0001,0.2,1.0,0.25,0.05,lr5e-05_bs8_drop0p2_temp1p0_a0p25_b0p05__wd1e-04trmiss0_degmodglobal,63,0.4577619092805045,0.6169779002666473,0.9444444444444444,0.9797979797979799,0.8461538461538461,0.0,0.40140595180647715,0.44294299823897226,0.04001966730824539,0.09627970361283847,0.0,0.0,0.0,0.0,0.0,18473,global,0.0
1,4,lr5e-05_bs8_drop0p2_temp1p0_a0p25_b0p05__wd1e-04trmiss0_degmodglobal,8,5e-05,0.0001,0.2,1.0,0.25,0.05,lr5e-05_bs8_drop0p2_temp1p0_a0p25_b0p05__wd1e-04trmiss0_degmodglobal,64,0.4830307151590075,0.6246711015701294,0.9444444444444444,0.9797979797979799,0.8461538461538461,0.0,0.41576496192387175,0.46453397614615305,0.04837059123175485,0.12808171127523696,0.0,0.0,0.0,0.0,0.0,18473,global,0.0
1,4,lr5e-05_bs8_drop0p2_temp1p0_a0p25_b0p05__wd1e-04trmiss0_degmodglobal,8,5e-05,0.0001,0.2,1.0,0.25,0.05,lr5e-05_bs8_drop0p2_temp1p0_a0p25_b0p05__wd1e-04trmiss0_degmodglobal,65,0.4844208572592054,0.6268750131130219,0.9444444444444444,0.9797979797979799,0.8461538461538461,0.0,0.41195121833256315,0.4646715223789215,0.05090928157525403,0.14044025487133435,0.0,0.0,0.0,0.0,0.0,18473,global,0.0
1,4,lr5e-05_bs8_drop0p2_temp1p0_a0p25_b0p05__wd1e-04trmiss0_degmodglobal,8,5e-05,0.0001,0.2,1.0,0.25,0.05,lr5e-05_bs8_drop0p2_temp1p0_a0p25_b0p05__wd1e-04trmiss0_degmodglobal,66,0.49853097966739107,0.6235178112983704,0.9444444444444444,0.9797979797979799,0.7692307692307693,0.0,0.4405236116477421,0.47369760274887085,0.06617561142359461,0.16578941579375947,0.0,0.0,0.0,0.0,0.0,18473,global,0.0
1,4,lr5e-05_bs8_drop0p2_temp1p0_a0p25_b0p05__wd1e-04trmiss0_degmodglobal,8,5e-05,0.0001,0.2,1.0,0.25,0.05,lr5e-05_bs8_drop0p2_temp1p0_a0p25_b0p05__wd1e-04trmiss0_degmodglobal,67,0.4868506193161011,0.6171192824840546,0.9722222222222222,0.9888888888888892,0.8461538461538461,0.0,0.4259436045374189,0.4657135818685804,0.057454134204557965,0.13547008165291377,0.0,0.0,0.0,0.0,0.0,18473,global,0.0
1,4,lr5e-05_bs8_drop0p2_temp1p0_a0p25_b0p05__wd1e-04trmiss0_degmodglobal,8,5e-05,0.0001,0.2,1.0,0.25,0.05,lr5e-05_bs8_drop0p2_temp1p0_a0p25_b0p05__wd1e-04trmiss0_degmodglobal,68,0.45685856682913645,0.6175988018512726,0.9444444444444444,0.9765432098765434,0.7692307692307693,0.0,0.40130867276872906,0.43979879362242563,0.04731161253792899,0.10463737057788032,0.0,0.0,0.0,0.0,0.0,18473,global,0.0
1,4,lr5e-05_bs8_drop0p2_temp1p0_a0p25_b0p05__wd1e-04trmiss0_degmodglobal,8,5e-05,0.0001,0.2,1.0,0.25,0.05,lr5e-05_bs8_drop0p2_temp1p0_a0p25_b0p05__wd1e-04trmiss0_degmodglobal,69,0.47799138511930195,0.6214541494846344,0.8888888888888888,0.9535634118967453,0.7692307692307693,0.0,0.4054190899644579,0.45456099084445406,0.061897088906594684,0.15912261605262756,0.0,0.0,0.0,0.0,0.0,18473,global,0.0
1,4,lr5e-05_bs8_drop0p2_temp1p0_a0p25_b0p05__wd1e-04trmiss0_degmodglobal,8,5e-05,0.0001,0.2,1.0,0.25,0.05,lr5e-05_bs8_drop0p2_temp1p0_a0p25_b0p05__wd1e-04trmiss0_degmodglobal,70,0.47886585337775095,0.6249655187129974,0.9444444444444444,0.9797979797979799,0.7692307692307693,0.0,0.40987410289900644,0.46126345651490347,0.04874592913048608,0.10831845019544874,0.0,0.0,0.0,0.0,0.0,18473,global,0.0
1,4,lr5e-05_bs8_drop0p2_temp1p0_a0p25_b0p05__wd1e-04trmiss0_degmodglobal,8,5e-05,0.0001,0.2,1.0,0.25,0.05,lr5e-05_bs8_drop0p2_temp1p0_a0p25_b0p05__wd1e-04trmiss0_degmodglobal,71,0.4821973741054535,0.6297162473201752,0.8888888888888888,0.9535634118967453,0.7692307692307693,0.0,0.41533917614391874,0.4635814130306244,0.04970099377845015,0.12381430502448763,0.0,0.0,0.0,0.0,0.0,18473,global,0.0
1,4,lr5e-05_bs8_drop0p2_temp1p0_a0p25_b0p05__wd1e-04trmiss0_degmodglobal,8,5e-05,0.0001,0.2,1.0,0.25,0.05,lr5e-05_bs8_drop0p2_temp1p0_a0p25_b0p05__wd1e-04trmiss0_degmodglobal,72,0.47706836462020874,0.6315197050571442,0.8888888888888888,0.9535634118967453,0.7692307692307693,0.0,0.37063178420066833,0.44892753447805134,0.07695012539625168,0.1780661360493728,0.0,0.0,0.0,0.0,0.0,18473,global,0.0
1,4,lr5e-05_bs8_drop0p2_temp1p0_a0p25_b0p05__wd1e-04trmiss0_degmodglobal,8,5e-05,0.0001,0.2,1.0,0.25,0.05,lr5e-05_bs8_drop0p2_temp1p0_a0p25_b0p05__wd1e-04trmiss0_degmodglobal,73,0.5301995277404785,0.6280896067619324,0.8611111111111112,0.9436868686868689,0.7692307692307693,0.0,0.4507994736943926,0.5045918566840035,0.06743544872317996,0.17497625627688,0.0,0.0,0.0,0.0,0.0,18473,global,0.0
1,4,lr5e-05_bs8_drop0p2_temp1p0_a0p25_b0p05__wd1e-04trmiss0_degmodglobal,8,5e-05,0.0001,0.2,1.0,0.25,0.05,lr5e-05_bs8_drop0p2_temp1p0_a0p25_b0p05__wd1e-04trmiss0_degmodglobal,74,0.4673639237880707,0.6258382797241211,0.8333333333333333,0.9328843995510663,0.7692307692307693,0.0,0.36988318817956106,0.44292240909167696,0.06733712287885803,0.15214469443474496,0.0,0.0,0.0,0.0,0.0,18473,global,0.0
1,4,lr5e-05_bs8_drop0p2_temp1p0_a0p25_b0p05__wd1e-04trmiss0_degmodglobal,8,5e-05,0.0001,0.2,1.0,0.25,0.05,lr5e-05_bs8_drop0p2_temp1p0_a0p25_b0p05__wd1e-04trmiss0_degmodglobal,75,0.4530463431562696,0.6236747205257416,0.8888888888888888,0.9575757575757577,0.7692307692307693,0.0,0.3677127276148115,0.43056431838444303,0.06061266469103949,0.14657719965491975,0.0,0.0,0.0,0.0,0.0,18473,global,0.0
1,4,lr5e-05_bs8_drop0p2_temp1p0_a0p25_b0p05__wd1e-04trmiss0_degmodglobal,8,5e-05,0.0001,0.2,1.0,0.25,0.05,lr5e-05_bs8_drop0p2_temp1p0_a0p25_b0p05__wd1e-04trmiss0_degmodglobal,76,0.45783086333956036,0.6250732839107513,0.8888888888888888,0.9535634118967453,0.7692307692307693,0.0,0.3929275572299957,0.4368122560637338,0.05865904688835144,0.1270769006971802,0.0,0.0,0.0,0.0,0.0,18473,global,0.0
1,4,lr5e-05_bs8_drop0p2_temp1p0_a0p25_b0p05__wd1e-04trmiss0_degmodglobal,8,5e-05,0.0001,0.2,1.0,0.25,0.05,lr5e-05_bs8_drop0p2_temp1p0_a0p25_b0p05__wd1e-04trmiss0_degmodglobal,77,0.47015235679490225,0.6258708536624908,0.8888888888888888,0.9535634118967453,0.7692307692307693,0.0,0.3994559815951756,0.45146453380584717,0.05134852948997702,0.11701373676104206,0.0,0.0,0.0,0.0,0.0,18473,global,0.0
1,4,lr5e-05_bs8_drop0p2_temp1p0_a0p25_b0p05__wd1e-04trmiss0_degmodglobal,8,5e-05,0.0001,0.2,1.0,0.25,0.05,lr5e-05_bs8_drop0p2_temp1p0_a0p25_b0p05__wd1e-04trmiss0_degmodglobal,78,0.46175413046564373,0.6239394247531891,0.9166666666666666,0.9674523007856344,0.7692307692307693,0.0,0.3963926775114877,0.43988889030047823,0.0582966578326055,0.14582145426954543,0.0,0.0,0.0,0.0,0.0,18473,global,0.0
1,4,lr5e-05_bs8_drop0p2_temp1p0_a0p25_b0p05__wd1e-04trmiss0_degmodglobal,8,5e-05,0.0001,0.2,1.0,0.25,0.05,lr5e-05_bs8_drop0p2_temp1p0_a0p25_b0p05__wd1e-04trmiss0_degmodglobal,79,0.451210686138698,0.6188439130783081,0.9166666666666666,0.9674523007856344,0.7692307692307693,0.0,0.3695177137851715,0.429445709500994,0.060152536524193626,0.13453687674232892,0.0,0.0,0.0,0.0,0.0,18473,global,0.0
1,4,lr5e-05_bs8_drop0p2_temp1p0_a0p25_b0p05__wd1e-04trmiss0_degmodglobal,8,5e-05,0.0001,0.2,1.0,0.25,0.05,lr5e-05_bs8_drop0p2_temp1p0_a0p25_b0p05__wd1e-04trmiss0_degmodglobal,80,0.45704589997019085,0.6158899664878845,0.9166666666666666,0.9674523007856344,0.7692307692307693,0.0,0.38076317736080717,0.43582415155002047,0.06014528977019446,0.12370850890874863,0.0,0.0,0.0,0.0,0.0,18473,global,0.0
1,4,lr5e-05_bs8_drop0p2_temp2p0_a0p25_b0p05__wd1e-04trmiss0_degmodglobal,8,5e-05,0.0001,0.2,2.0,0.25,0.05,lr5e-05_bs8_drop0p2_temp2p0_a0p25_b0p05__wd1e-04trmiss0_degmodglobal,1,0.699002708707537,0.968349039554596,0.5277777777777778,0.7669423169423171,0.46153846153846156,0.0,0.7269118598529271,0.6842296293803624,0.033813372786555974,0.12639443310243742,0.0,0.0,0.0,0.0,0.0,18473,global,0.0
1,4,lr5e-05_bs8_drop0p2_temp2p0_a0p25_b0p05__wd1e-04trmiss0_degmodglobal,8,5e-05,0.0001,0.2,2.0,0.25,0.05,lr5e-05_bs8_drop0p2_temp2p0_a0p25_b0p05__wd1e-04trmiss0_degmodglobal,2,0.6879393713814872,0.9935919642448425,0.5555555555555556,0.7740130240130241,0.6153846153846154,0.0,0.6925876821790423,0.6758494802883693,0.030977646421108927,0.08690920631800379,0.0,0.0,0.0,0.0,0.0,18473,global,0.0
1,4,lr5e-05_bs8_drop0p2_temp2p0_a0p25_b0p05__wd1e-04trmiss0_degmodglobal,8,5e-05,0.0001,0.2,2.0,0.25,0.05,lr5e-05_bs8_drop0p2_temp2p0_a0p25_b0p05__wd1e-04trmiss0_degmodglobal,3,0.6550773978233337,0.9810506701469421,0.5833333333333334,0.811050061050061,0.6153846153846154,0.0,0.7054807458605085,0.6345235194478717,0.04909931655441012,0.16558103156941278,0.0,0.0,0.0,0.0,0.0,18473,global,0.0
1,4,lr5e-05_bs8_drop0p2_temp2p0_a0p25_b0p05__wd1e-04trmiss0_degmodglobal,8,5e-05,0.0001,0.2,2.0,0.25,0.05,lr5e-05_bs8_drop0p2_temp2p0_a0p25_b0p05__wd1e-04trmiss0_degmodglobal,4,0.6529820050512042,0.9961252510547638,0.6111111111111112,0.838827838827839,0.6153846153846154,0.0,0.6727520057133266,0.6367908460753304,0.04242363465683801,0.11170488489525658,0.0,0.0,0.0,0.0,0.0,18473,global,0.0
1,4,lr5e-05_bs8_drop0p2_temp2p0_a0p25_b0p05__wd1e-04trmiss0_degmodglobal,8,5e-05,0.0001,0.2,2.0,0.25,0.05,lr5e-05_bs8_drop0p2_temp2p0_a0p25_b0p05__wd1e-04trmiss0_degmodglobal,5,0.6399837306567601,0.9707832038402557,0.5833333333333334,0.8269230769230771,0.5384615384615384,0.0,0.6770013315337045,0.621975268636431,0.04716007650962898,0.12436888366937637,0.0,0.0,0.0,0.0,0.0,18473,global,0.0
1,4,lr5e-05_bs8_drop0p2_temp2p0_a0p25_b0p05__wd1e-04trmiss0_degmodglobal,8,5e-05,0.0001,0.2,2.0,0.25,0.05,lr5e-05_bs8_drop0p2_temp2p0_a0p25_b0p05__wd1e-04trmiss0_degmodglobal,6,0.6264306477137974,1.025011420249939,0.6388888888888888,0.8577872744539412,0.6153846153846154,0.0,0.6648962838309151,0.6077501348086766,0.048312410712242126,0.13204827159643173,0.0,0.0,0.0,0.0,0.0,18473,global,0.0
1,4,lr5e-05_bs8_drop0p2_temp2p0_a0p25_b0p05__wd1e-04trmiss0_degmodglobal,8,5e-05,0.0001,0.2,2.0,0.25,0.05,lr5e-05_bs8_drop0p2_temp2p0_a0p25_b0p05__wd1e-04trmiss0_degmodglobal,7,0.6117672324180603,0.9845380783081055,0.6666666666666667,0.8763057929724598,0.6923076923076923,0.0,0.6495765617915562,0.598901058946337,0.03554879341806684,0.07957942491131169,0.0,0.0,0.0,0.0,0.0,18473,global,0.0
1,4,lr5e-05_bs8_drop0p2_temp2p0_a0p25_b0p05__wd1e-04trmiss0_degmodglobal,8,5e-05,0.0001,0.2,2.0,0.25,0.05,lr5e-05_bs8_drop0p2_temp2p0_a0p25_b0p05__wd1e-04trmiss0_degmodglobal,8,0.5994532023157392,0.9466511905193329,0.6666666666666667,0.8696920363587031,0.5384615384615384,0.0,0.649399493421827,0.5771495955330985,0.057745752590043206,0.15734385645815305,0.0,0.0,0.0,0.0,0.0,18473,global,0.0
1,4,lr5e-05_bs8_drop0p2_temp2p0_a0p25_b0p05__wd1e-04trmiss0_degmodglobal,8,5e-05,0.0001,0.2,2.0,0.25,0.05,lr5e-05_bs8_drop0p2_temp2p0_a0p25_b0p05__wd1e-04trmiss0_degmodglobal,9,0.5778346359729767,1.0098038017749786,0.6666666666666667,0.8645212811879479,0.5384615384615384,0.0,0.6274976985795158,0.5609907252447945,0.049740679029907496,0.08817509189248085,0.0,0.0,0.0,0.0,0.0,18473,global,0.0
1,4,lr5e-05_bs8_drop0p2_temp2p0_a0p25_b0p05__wd1e-04trmiss0_degmodglobal,8,5e-05,0.0001,0.2,2.0,0.25,0.05,lr5e-05_bs8_drop0p2_temp2p0_a0p25_b0p05__wd1e-04trmiss0_degmodglobal,10,0.5698358927454267,0.970348060131073,0.6666666666666666,0.8542038208704876,0.46153846153846156,0.0,0.6507334368569511,0.5462036728858948,0.0624457842537335,0.16041553925190652,0.0,0.0,0.0,0.0,0.0,18473,global,0.0
1,4,lr5e-05_bs8_drop0p2_temp2p0_a0p25_b0p05__wd1e-04trmiss0_degmodglobal,8,5e-05,0.0001,0.2,2.0,0.25,0.05,lr5e-05_bs8_drop0p2_temp2p0_a0p25_b0p05__wd1e-04trmiss0_degmodglobal,11,0.5939904110772269,0.9770326316356659,0.6944444444444445,0.86500629000629,0.5384615384615384,0.0,0.6211825098310199,0.5752017498016357,0.05489204664315496,0.10131291326667581,0.0,0.0,0.0,0.0,0.0,18473,global,0.0
1,4,lr5e-05_bs8_drop0p2_temp2p0_a0p25_b0p05__wd1e-04trmiss0_degmodglobal,8,5e-05,0.0001,0.2,2.0,0.25,0.05,lr5e-05_bs8_drop0p2_temp2p0_a0p25_b0p05__wd1e-04trmiss0_degmodglobal,12,0.611654451915196,0.9882661998271942,0.7222222222222222,0.8730870980870982,0.5384615384615384,0.0,0.6493569953101022,0.5879331656864711,0.061617269047669,0.16633983914341247,0.0,0.0,0.0,0.0,0.0,18473,global,0.0
1,4,lr5e-05_bs8_drop0p2_temp2p0_a0p25_b0p05__wd1e-04trmiss0_degmodglobal,8,5e-05,0.0001,0.2,2.0,0.25,0.05,lr5e-05_bs8_drop0p2_temp2p0_a0p25_b0p05__wd1e-04trmiss0_degmodglobal,13,0.578713229724339,1.0098161399364471,0.6944444444444444,0.8622846289512958,0.5384615384615384,0.0,0.6270274945667812,0.558305561542511,0.055021509528160095,0.13304570743015834,0.0,0.0,0.0,0.0,0.0,18473,global,0.0
1,4,lr5e-05_bs8_drop0p2_temp2p0_a0p25_b0p05__wd1e-04trmiss0_degmodglobal,8,5e-05,0.0001,0.2,2.0,0.25,0.05,lr5e-05_bs8_drop0p2_temp2p0_a0p25_b0p05__wd1e-04trmiss0_degmodglobal,14,0.5660313240119389,0.9394458532333374,0.6944444444444444,0.8622846289512958,0.5384615384615384,0.0,0.5983535732541766,0.5463417300156185,0.052588162677628655,0.13085101544857025,0.0,0.0,0.0,0.0,0.0,18473,global,0.0
1,4,lr5e-05_bs8_drop0p2_temp2p0_a0p25_b0p05__wd1e-04trmiss0_degmodglobal,8,5e-05,0.0001,0.2,2.0,0.25,0.05,lr5e-05_bs8_drop0p2_temp2p0_a0p25_b0p05__wd1e-04trmiss0_degmodglobal,15,0.5595991356032235,0.9355999529361725,0.7222222222222223,0.8872285122285124,0.5384615384615384,0.0,0.5910869240760803,0.5390377300126212,0.056346674848880084,0.12949476018548012,0.0,0.0,0.0,0.0,0.0,18473,global,0.0
1,4,lr5e-05_bs8_drop0p2_temp2p0_a0p25_b0p05__wd1e-04trmiss0_degmodglobal,8,5e-05,0.0001,0.2,2.0,0.25,0.05,lr5e-05_bs8_drop0p2_temp2p0_a0p25_b0p05__wd1e-04trmiss0_degmodglobal,16,0.5735224229948861,0.8891222178936005,0.7222222222222223,0.8872285122285124,0.5384615384615384,0.0,0.6087026425770351,0.5564428014414651,0.050833250262907574,0.08742615208029747,0.0,0.0,0.0,0.0,0.0,18473,global,0.0
1,4,lr5e-05_bs8_drop0p2_temp2p0_a0p25_b0p05__wd1e-04trmiss0_degmodglobal,8,5e-05,0.0001,0.2,2.0,0.25,0.05,lr5e-05_bs8_drop0p2_temp2p0_a0p25_b0p05__wd1e-04trmiss0_degmodglobal,17,0.5723316073417664,0.9045032262802124,0.6944444444444445,0.86500629000629,0.5384615384615384,0.0,0.6042808549744743,0.5505846696240562,0.060714032500982285,0.13136880365865572,0.0,0.0,0.0,0.0,0.0,18473,global,0.0
1,4,lr5e-05_bs8_drop0p2_temp2p0_a0p25_b0p05__wd1e-04trmiss0_degmodglobal,8,5e-05,0.0001,0.2,2.0,0.25,0.05,lr5e-05_bs8_drop0p2_temp2p0_a0p25_b0p05__wd1e-04trmiss0_degmodglobal,18,0.5449584935392652,0.9497402608394623,0.6111111111111112,0.8336570836570838,0.5384615384615384,0.0,0.579320456300463,0.5218847053391593,0.06644749880901404,0.12923837399908475,0.0,0.0,0.0,0.0,0.0,18473,global,0.0
1,4,lr5e-05_bs8_drop0p2_temp2p0_a0p25_b0p05__wd1e-04trmiss0_degmodglobal,8,5e-05,0.0001,0.2,2.0,0.25,0.05,lr5e-05_bs8_drop0p2_temp2p0_a0p25_b0p05__wd1e-04trmiss0_degmodglobal,19,0.5368442279951913,0.9184109270572662,0.6388888888888888,0.8558793058793059,0.5384615384615384,0.0,0.5852078795433044,0.5123510616166251,0.06594007036515645,0.16016300980533874,0.0,0.0,0.0,0.0,0.0,18473,global,0.0
1,4,lr5e-05_bs8_drop0p2_temp2p0_a0p25_b0p05__wd1e-04trmiss0_degmodglobal,8,5e-05,0.0001,0.2,2.0,0.25,0.05,lr5e-05_bs8_drop0p2_temp2p0_a0p25_b0p05__wd1e-04trmiss0_degmodglobal,20,0.5473865653787341,0.9113683998584747,0.6388888888888888,0.8558793058793059,0.5384615384615384,0.0,0.6002112201281956,0.5211439217839923,0.07503343054226466,0.14968578411000116,0.0,0.0,0.0,0.0,0.0,18473,global,0.0
1,4,lr5e-05_bs8_drop0p2_temp2p0_a0p25_b0p05__wd1e-04trmiss0_degmodglobal,8,5e-05,0.0001,0.2,2.0,0.25,0.05,lr5e-05_bs8_drop0p2_temp2p0_a0p25_b0p05__wd1e-04trmiss0_degmodglobal,21,0.5459627849715096,0.9139634072780609,0.5555555555555556,0.8111703111703112,0.5384615384615384,0.0,0.5977396965026855,0.5264304918902261,0.053755794784852436,0.12186710722744465,0.0,0.0,0.0,0.0,0.0,18473,global,0.0
1,4,lr5e-05_bs8_drop0p2_temp2p0_a0p25_b0p05__wd1e-04trmiss0_degmodglobal,8,5e-05,0.0001,0.2,2.0,0.25,0.05,lr5e-05_bs8_drop0p2_temp2p0_a0p25_b0p05__wd1e-04trmiss0_degmodglobal,22,0.5478399353367942,0.864373505115509,0.5555555555555556,0.8111703111703112,0.5384615384615384,0.0,0.5735538261277335,0.5247149978365216,0.06491013430058956,0.1379479600914887,0.0,0.0,0.0,0.0,0.0,18473,global,0.0
1,4,lr5e-05_bs8_drop0p2_temp2p0_a0p25_b0p05__wd1e-04trmiss0_degmodglobal,8,5e-05,0.0001,0.2,2.0,0.25,0.05,lr5e-05_bs8_drop0p2_temp2p0_a0p25_b0p05__wd1e-04trmiss0_degmodglobal,23,0.5416852533817291,0.8596540987491608,0.6388888888888888,0.8512937679604347,0.5384615384615384,0.0,0.573616257735661,0.5183121902602059,0.0664179798747812,0.1353712555553232,0.0,0.0,0.0,0.0,0.0,18473,global,0.0
1,4,lr5e-05_bs8_drop0p2_temp2p0_a0p25_b0p05__wd1e-04trmiss0_degmodglobal,8,5e-05,0.0001,0.2,2.0,0.25,0.05,lr5e-05_bs8_drop0p2_temp2p0_a0p25_b0p05__wd1e-04trmiss0_degmodglobal,24,0.5519067985670907,0.8906227350234985,0.6388888888888888,0.8512937679604347,0.5384615384615384,0.0,0.5701333710125515,0.5337758617741721,0.05124152238879885,0.10641142140541758,0.0,0.0,0.0,0.0,0.0,18473,global,0.0
1,4,lr5e-05_bs8_drop0p2_temp2p0_a0p25_b0p05__wd1e-04trmiss0_degmodglobal,8,5e-05,0.0001,0.2,2.0,0.25,0.05,lr5e-05_bs8_drop0p2_temp2p0_a0p25_b0p05__wd1e-04trmiss0_degmodglobal,25,0.5351814585072654,0.8984901905059814,0.5277777777777778,0.7963554963554964,0.5384615384615384,0.0,0.589248103754861,0.5116448828152248,0.0631834204707827,0.15481432207993098,0.0,0.0,0.0,0.0,0.0,18473,global,0.0
1,4,lr5e-05_bs8_drop0p2_temp2p0_a0p25_b0p05__wd1e-04trmiss0_degmodglobal,8,5e-05,0.0001,0.2,2.0,0.25,0.05,lr5e-05_bs8_drop0p2_temp2p0_a0p25_b0p05__wd1e-04trmiss0_degmodglobal,26,0.5099274686404637,0.8972504734992981,0.5555555555555555,0.8056147556147557,0.5384615384615384,0.0,0.5522327593394688,0.48870464307921274,0.059311429304736,0.12789950519800186,0.0,0.0,0.0,0.0,0.0,18473,global,0.0
1,4,lr5e-05_bs8_drop0p2_temp2p0_a0p25_b0p05__wd1e-04trmiss0_degmodglobal,8,5e-05,0.0001,0.2,2.0,0.25,0.05,lr5e-05_bs8_drop0p2_temp2p0_a0p25_b0p05__wd1e-04trmiss0_degmodglobal,27,0.5131100756781442,0.9370664656162262,0.611111111111111,0.8426517926517927,0.5384615384615384,0.0,0.5559374519756862,0.48967109833444866,0.06326873334390777,0.15243578382900783,0.0,0.0,0.0,0.0,0.0,18473,global,0.0
1,4,lr5e-05_bs8_drop0p2_temp2p0_a0p25_b0p05__wd1e-04trmiss0_degmodglobal,8,5e-05,0.0001,0.2,2.0,0.25,0.05,lr5e-05_bs8_drop0p2_temp2p0_a0p25_b0p05__wd1e-04trmiss0_degmodglobal,28,0.5452364087104797,0.8975547254085541,0.5833333333333333,0.8142567309233977,0.5384615384615384,0.0,0.5644450826304299,0.5250347937856402,0.05182834661432675,0.14489060853208816,0.0,0.0,0.0,0.0,0.0,18473,global,0.0
1,4,lr5e-05_bs8_drop0p2_temp2p0_a0p25_b0p05__wd1e-04trmiss0_degmodglobal,8,5e-05,0.0001,0.2,2.0,0.25,0.05,lr5e-05_bs8_drop0p2_temp2p0_a0p25_b0p05__wd1e-04trmiss0_degmodglobal,29,0.4980483651161194,0.870959609746933,0.5555555555555555,0.8056147556147557,0.5384615384615384,0.0,0.547953507729939,0.4721892263208117,0.06989929931504386,0.1676862591079303,0.0,0.0,0.0,0.0,0.0,18473,global,0.0
1,4,lr5e-05_bs8_drop0p2_temp2p0_a0p25_b0p05__wd1e-04trmiss0_degmodglobal,8,5e-05,0.0001,0.2,2.0,0.25,0.05,lr5e-05_bs8_drop0p2_temp2p0_a0p25_b0p05__wd1e-04trmiss0_degmodglobal,30,0.5311416430132729,0.8660086095333099,0.5833333333333333,0.8204295704295705,0.5384615384615384,0.0,0.5677585857255119,0.48456614358084543,0.12580869240420206,0.3024665755884988,0.0,0.0,0.0,0.0,0.0,18473,global,0.0
1,4,lr5e-05_bs8_drop0p2_temp2p0_a0p25_b0p05__wd1e-04trmiss0_degmodglobal,8,5e-05,0.0001,0.2,2.0,0.25,0.05,lr5e-05_bs8_drop0p2_temp2p0_a0p25_b0p05__wd1e-04trmiss0_degmodglobal,31,0.5230043360165187,0.8499765694141388,0.5833333333333333,0.8204295704295705,0.5384615384615384,0.0,0.5414094414029803,0.5014008326189858,0.062246639015419145,0.1208370423742703,0.0,0.0,0.0,0.0,0.0,18473,global,0.0
1,4,lr5e-05_bs8_drop0p2_temp2p0_a0p25_b0p05__wd1e-04trmiss0_degmodglobal,8,5e-05,0.0001,0.2,2.0,0.25,0.05,lr5e-05_bs8_drop0p2_temp2p0_a0p25_b0p05__wd1e-04trmiss0_degmodglobal,32,0.5220285526343754,0.8680490851402283,0.5833333333333333,0.8142567309233977,0.5384615384615384,0.0,0.5827494263648987,0.5033497171742576,0.05065347121230194,0.12030943376677376,0.0,0.0,0.0,0.0,0.0,18473,global,0.0
1,4,lr5e-05_bs8_drop0p2_temp2p0_a0p25_b0p05__wd1e-04trmiss0_degmodglobal,8,5e-05,0.0001,0.2,2.0,0.25,0.05,lr5e-05_bs8_drop0p2_temp2p0_a0p25_b0p05__wd1e-04trmiss0_degmodglobal,33,0.5276394273553576,0.8299952447414398,0.5833333333333333,0.8142567309233977,0.46153846153846156,0.0,0.561632113797324,0.5094428317887443,0.05259570426174572,0.1009534341948373,0.0,0.0,0.0,0.0,0.0,18473,global,0.0
1,4,lr5e-05_bs8_drop0p2_temp2p0_a0p25_b0p05__wd1e-04trmiss0_degmodglobal,8,5e-05,0.0001,0.2,2.0,0.25,0.05,lr5e-05_bs8_drop0p2_temp2p0_a0p25_b0p05__wd1e-04trmiss0_degmodglobal,34,0.5160844836916242,0.8902622759342194,0.5555555555555555,0.8056147556147557,0.5384615384615384,0.0,0.5532599432127816,0.4945886049951826,0.05651737430265972,0.14733078703284264,0.0,0.0,0.0,0.0,0.0,18473,global,0.0
1,4,lr5e-05_bs8_drop0p2_temp2p0_a0p25_b0p05__wd1e-04trmiss0_degmodglobal,8,5e-05,0.0001,0.2,2.0,0.25,0.05,lr5e-05_bs8_drop0p2_temp2p0_a0p25_b0p05__wd1e-04trmiss0_degmodglobal,35,0.5008001540388379,0.8572952151298523,0.5555555555555555,0.8056147556147557,0.5384615384615384,0.0,0.5304139426776341,0.47766005992889404,0.06290700605937413,0.1482667981513909,0.0,0.0,0.0,0.0,0.0,18473,global,0.0
1,4,lr5e-05_bs8_drop0p2_temp2p0_a0p25_b0p05__wd1e-04trmiss0_degmodglobal,8,5e-05,0.0001,0.2,2.0,0.25,0.05,lr5e-05_bs8_drop0p2_temp2p0_a0p25_b0p05__wd1e-04trmiss0_degmodglobal,36,0.48088201880455017,0.8958521783351898,0.5277777777777778,0.7963554963554964,0.5384615384615384,0.0,0.5495870070798057,0.456758337361472,0.06618586342249598,0.15154428354331426,0.0,0.0,0.0,0.0,0.0,18473,global,0.0
1,4,lr5e-05_bs8_drop0p4_temp1p0_a0p25_b0p05__wd1e-04trmiss0_degmodglobal,8,5e-05,0.0001,0.4,1.0,0.25,0.05,lr5e-05_bs8_drop0p4_temp1p0_a0p25_b0p05__wd1e-04trmiss0_degmodglobal,1,0.7854782598359245,0.6829144060611725,0.6944444444444444,0.8954415954415955,0.6153846153846154,0.0,0.6841305324009487,0.744417028767722,0.10729426145553589,0.2847530118056706,0.0,0.0,0.0,0.0,0.0,18473,global,0.0
1,4,lr5e-05_bs8_drop0p4_temp1p0_a0p25_b0p05__wd1e-04trmiss0_degmodglobal,8,5e-05,0.0001,0.4,1.0,0.25,0.05,lr5e-05_bs8_drop0p4_temp1p0_a0p25_b0p05__wd1e-04trmiss0_degmodglobal,2,0.7648536307471139,0.6868245899677277,0.6944444444444444,0.8954415954415955,0.6153846153846154,0.0,0.6506399852888924,0.7275631768362862,0.10306717029639653,0.2304731479712895,0.0,0.0,0.0,0.0,0.0,18473,global,0.0
1,4,lr5e-05_bs8_drop0p4_temp1p0_a0p25_b0p05__wd1e-04trmiss0_degmodglobal,8,5e-05,0.0001,0.4,1.0,0.25,0.05,lr5e-05_bs8_drop0p4_temp1p0_a0p25_b0p05__wd1e-04trmiss0_degmodglobal,3,0.7132939440863473,0.6898975074291229,0.7222222222222222,0.9040835707502375,0.6153846153846154,0.0,0.6742661595344543,0.6790581004960197,0.09002607741526195,0.23458644960607802,0.0,0.0,0.0,0.0,0.0,18473,global,0.0
1,4,lr5e-05_bs8_drop0p4_temp1p0_a0p25_b0p05__wd1e-04trmiss0_degmodglobal,8,5e-05,0.0001,0.4,1.0,0.25,0.05,lr5e-05_bs8_drop0p4_temp1p0_a0p25_b0p05__wd1e-04trmiss0_degmodglobal,4,0.7277385933058602,0.6849268674850464,0.7222222222222222,0.9040835707502375,0.6153846153846154,0.0,0.6658564295087542,0.6896024857248578,0.10721236520579883,0.22666040914399282,0.0,0.0,0.0,0.0,0.0,18473,global,0.0
1,4,lr5e-05_bs8_drop0p4_temp1p0_a0p25_b0p05__wd1e-04trmiss0_degmodglobal,8,5e-05,0.0001,0.4,1.0,0.25,0.05,lr5e-05_bs8_drop0p4_temp1p0_a0p25_b0p05__wd1e-04trmiss0_degmodglobal,5,0.6786478161811829,0.6918509602546692,0.6666666666666666,0.8883708883708885,0.5384615384615384,0.0,0.6333599175725665,0.6409819807325091,0.0995636550443513,0.25549850293568205,0.0,0.0,0.0,0.0,0.0,18473,global,0.0
1,4,lr5e-05_bs8_drop0p4_temp1p0_a0p25_b0p05__wd1e-04trmiss0_degmodglobal,8,5e-05,0.0001,0.4,1.0,0.25,0.05,lr5e-05_bs8_drop0p4_temp1p0_a0p25_b0p05__wd1e-04trmiss0_degmodglobal,6,0.6704508917672294,0.6973783373832703,0.6666666666666666,0.8883708883708885,0.5384615384615384,0.0,0.6533200570515224,0.6300049083573478,0.10432248243263789,0.28730734969888416,0.0,0.0,0.0,0.0,0.0,18473,global,0.0
1,4,lr5e-05_bs8_drop0p4_temp1p0_a0p25_b0p05__wd1e-04trmiss0_degmodglobal,8,5e-05,0.0001,0.4,1.0,0.25,0.05,lr5e-05_bs8_drop0p4_temp1p0_a0p25_b0p05__wd1e-04trmiss0_degmodglobal,7,0.6866380827767509,0.6973342895507812,0.6388888888888888,0.8724978724978727,0.5384615384615384,0.0,0.6664531826972961,0.642586350440979,0.1111187892300742,0.32544090705258505,0.0,0.0,0.0,0.0,0.0,18473,global,0.0
1,4,lr5e-05_bs8_drop0p4_temp1p0_a0p25_b0p05__wd1e-04trmiss0_degmodglobal,8,5e-05,0.0001,0.4,1.0,0.25,0.05,lr5e-05_bs8_drop0p4_temp1p0_a0p25_b0p05__wd1e-04trmiss0_degmodglobal,8,0.6853492770876203,0.6928609311580658,0.6388888888888888,0.8610500610500611,0.5384615384615384,0.0,0.6492699044091361,0.6374627947807312,0.12825225932257517,0.3164686645780291,0.0,0.0,0.0,0.0,0.0,18473,global,0.0
1,4,lr5e-05_bs8_drop0p4_temp1p0_a0p25_b0p05__wd1e-04trmiss0_degmodglobal,8,5e-05,0.0001,0.4,1.0,0.25,0.05,lr5e-05_bs8_drop0p4_temp1p0_a0p25_b0p05__wd1e-04trmiss0_degmodglobal,9,0.636582246848515,0.6930931508541107,0.6388888888888888,0.8610500610500611,0.5384615384615384,0.0,0.6344004784311567,0.5993467611925942,0.09681439878685134,0.260637386568955,0.0,0.0,0.0,0.0,0.0,18473,global,0.0
1,4,lr5e-05_bs8_drop0p4_temp1p0_a0p25_b0p05__wd1e-04trmiss0_degmodglobal,8,5e-05,0.0001,0.4,1.0,0.25,0.05,lr5e-05_bs8_drop0p4_temp1p0_a0p25_b0p05__wd1e-04trmiss0_degmodglobal,10,0.6385935119220189,0.6897577345371246,0.6388888888888888,0.8610500610500611,0.5384615384615384,0.0,0.6108451230185372,0.6075135554586139,0.08373712428978511,0.2029135259134429,0.0,0.0,0.0,0.0,0.0,18473,global,0.0
1,4,lr5e-05_bs8_drop0p4_temp1p0_a0p25_b0p05__wd1e-04trmiss0_degmodglobal,8,5e-05,0.0001,0.4,1.0,0.25,0.05,lr5e-05_bs8_drop0p4_temp1p0_a0p25_b0p05__wd1e-04trmiss0_degmodglobal,11,0.6399510247366769,0.6882466673851013,0.5833333333333334,0.8269230769230771,0.5384615384615384,0.0,0.6057358298982892,0.6006972704614911,0.1061642010297094,0.2542539026056017,0.0,0.0,0.0,0.0,0.0,18473,global,0.0
1,4,lr5e-05_bs8_drop0p4_temp1p0_a0p25_b0p05__wd1e-04trmiss0_degmodglobal,8,5e-05,0.0001,0.4,1.0,0.25,0.05,lr5e-05_bs8_drop0p4_temp1p0_a0p25_b0p05__wd1e-04trmiss0_degmodglobal,12,0.6469067249979291,0.6889306306838989,0.6388888888888888,0.8422990589657258,0.5384615384615384,0.0,0.5678326317242214,0.6026293294770377,0.11627471021243505,0.3041744700499943,0.0,0.0,0.0,0.0,0.0,18473,global,0.0
1,4,lr5e-05_bs8_drop0p4_temp1p0_a0p25_b0p05__wd1e-04trmiss0_degmodglobal,8,5e-05,0.0001,0.4,1.0,0.25,0.05,lr5e-05_bs8_drop0p4_temp1p0_a0p25_b0p05__wd1e-04trmiss0_degmodglobal,13,0.5919468317713056,0.68862584233284,0.6111111111111112,0.8355650522317191,0.5384615384615384,0.0,0.5769494261060443,0.5422964096069336,0.13119361656052725,0.33703998369829996,0.0,0.0,0.0,0.0,0.0,18473,global,0.0
1,4,lr5e-05_bs8_drop0p4_temp1p0_a0p25_b0p05__wd1e-04trmiss0_degmodglobal,8,5e-05,0.0001,0.4,1.0,0.25,0.05,lr5e-05_bs8_drop0p4_temp1p0_a0p25_b0p05__wd1e-04trmiss0_degmodglobal,14,0.6269514220101493,0.6929269433021545,0.6111111111111112,0.8355650522317191,0.5384615384615384,0.0,0.5850947328976223,0.5808362322194236,0.11945179264460291,0.325044789484569,0.0,0.0,0.0,0.0,0.0,18473,global,0.0
1,4,lr5e-05_bs8_drop0p4_temp1p0_a0p25_b0p05__wd1e-04trmiss0_degmodglobal,8,5e-05,0.0001,0.4,1.0,0.25,0.05,lr5e-05_bs8_drop0p4_temp1p0_a0p25_b0p05__wd1e-04trmiss0_degmodglobal,15,0.6217695644923619,0.6961094737052917,0.638888888888889,0.8474698141364809,0.5384615384615384,0.0,0.5886871985026768,0.5781984925270081,0.12138537849698748,0.26449479375566753,0.0,0.0,0.0,0.0,0.0,18473,global,0.0
1,4,lr5e-05_bs8_drop0p4_temp1p0_a0p25_b0p05__wd1e-04trmiss0_degmodglobal,8,5e-05,0.0001,0.4,1.0,0.25,0.05,lr5e-05_bs8_drop0p4_temp1p0_a0p25_b0p05__wd1e-04trmiss0_degmodglobal,16,0.6398363624300275,0.6984045803546906,0.638888888888889,0.8474698141364809,0.5384615384615384,0.0,0.5816483157021659,0.5956446017537799,0.1252633413033826,0.2575185735310827,0.0,0.0,0.0,0.0,0.0,18473,global,0.0
1,4,lr5e-05_bs8_drop0p4_temp1p0_a0p25_b0p05__wd1e-04trmiss0_degmodglobal,8,5e-05,0.0001,0.4,1.0,0.25,0.05,lr5e-05_bs8_drop0p4_temp1p0_a0p25_b0p05__wd1e-04trmiss0_degmodglobal,17,0.6054487143244062,0.6945640444755554,0.638888888888889,0.8474698141364809,0.5384615384615384,0.0,0.5835575631686619,0.5611887191023145,0.115947389709098,0.3054628276399204,0.0,0.0,0.0,0.0,0.0,18473,global,0.0
1,4,lr5e-05_bs8_drop0p4_temp1p0_a0p25_b0p05__wd1e-04trmiss0_degmodglobal,8,5e-05,0.0001,0.4,1.0,0.25,0.05,lr5e-05_bs8_drop0p4_temp1p0_a0p25_b0p05__wd1e-04trmiss0_degmodglobal,18,0.6635251981871468,0.694429486989975,0.6111111111111112,0.838827838827839,0.5384615384615384,0.0,0.5739336609840393,0.5949421099254063,0.184684585247721,0.4482389049870627,0.0,0.0,0.0,0.0,0.0,18473,global,0.0
1,4,lr5e-05_bs8_drop0p4_temp1p0_a0p25_b0p05__wd1e-04trmiss0_degmodglobal,8,5e-05,0.0001,0.4,1.0,0.25,0.05,lr5e-05_bs8_drop0p4_temp1p0_a0p25_b0p05__wd1e-04trmiss0_degmodglobal,19,0.6133229817662921,0.6914087533950806,0.6111111111111112,0.838827838827839,0.5384615384615384,0.0,0.5662466287612915,0.5698134090219226,0.11746571745191302,0.2828628101519176,0.0,0.0,0.0,0.0,0.0,18473,global,0.0
1,4,lr5e-05_bs8_drop0p4_temp1p0_a0p25_b0p05__wd1e-04trmiss0_degmodglobal,8,5e-05,0.0001,0.4,1.0,0.25,0.05,lr5e-05_bs8_drop0p4_temp1p0_a0p25_b0p05__wd1e-04trmiss0_degmodglobal,20,0.6052720546722412,0.6898790895938873,0.6666666666666667,0.8582722832722833,0.5384615384615384,0.0,0.5714321136474609,0.543254166841507,0.15688581551824296,0.45592828520706724,0.0,0.0,0.0,0.0,0.0,18473,global,0.0
1,4,lr5e-05_bs8_drop0p4_temp1p0_a0p25_b0p05__wd1e-04trmiss0_degmodglobal,8,5e-05,0.0001,0.4,1.0,0.25,0.05,lr5e-05_bs8_drop0p4_temp1p0_a0p25_b0p05__wd1e-04trmiss0_degmodglobal,21,0.5903745208467756,0.6919543743133545,0.6111111111111112,0.838827838827839,0.5384615384615384,0.0,0.5510398277214595,0.5520947618143899,0.10423957343612399,0.24439707451633044,0.0,0.0,0.0,0.0,0.0,18473,global,0.0
1,4,lr5e-05_bs8_drop0p4_temp1p0_a0p25_b0p05__wd1e-04trmiss0_degmodglobal,8,5e-05,0.0001,0.4,1.0,0.25,0.05,lr5e-05_bs8_drop0p4_temp1p0_a0p25_b0p05__wd1e-04trmiss0_degmodglobal,22,0.637795456818172,0.6919350028038025,0.6666666666666666,0.851972101972102,0.5384615384615384,0.0,0.5777351132461003,0.5942215578896659,0.11322288906999997,0.30536368595702307,0.0,0.0,0.0,0.0,0.0,18473,global,0.0
1,4,lr5e-05_bs8_drop0p4_temp1p0_a0p25_b0p05__wd1e-04trmiss0_degmodglobal,8,5e-05,0.0001,0.4,1.0,0.25,0.05,lr5e-05_bs8_drop0p4_temp1p0_a0p25_b0p05__wd1e-04trmiss0_degmodglobal,23,0.5762995311192104,0.6940262019634247,0.6388888888888888,0.8400673400673402,0.5384615384615384,0.0,0.5235115417412349,0.5321545047419411,0.1315546610525676,0.22512702430997575,0.0,0.0,0.0,0.0,0.0,18473,global,0.0
1,4,lr5e-05_bs8_drop0p4_temp1p0_a0p25_b0p05__wd1e-04trmiss0_degmodglobal,8,5e-05,0.0001,0.4,1.0,0.25,0.05,lr5e-05_bs8_drop0p4_temp1p0_a0p25_b0p05__wd1e-04trmiss0_degmodglobal,24,0.5845357009342739,0.694659948348999,0.6944444444444444,0.8741943241943244,0.5384615384615384,0.0,0.5396535992622375,0.543243944644928,0.11836389026471547,0.23401576919215067,0.0,0.0,0.0,0.0,0.0,18473,global,0.0
1,4,lr5e-05_bs8_drop0p4_temp1p0_a0p25_b0p05__wd1e-04trmiss0_degmodglobal,8,5e-05,0.0001,0.4,1.0,0.25,0.05,lr5e-05_bs8_drop0p4_temp1p0_a0p25_b0p05__wd1e-04trmiss0_degmodglobal,25,0.6012795141765049,0.7007312774658203,0.638888888888889,0.8474698141364809,0.5384615384615384,0.0,0.5492156233106341,0.5635458145822797,0.10694116141114916,0.21996791447911943,0.0,0.0,0.0,0.0,0.0,18473,global,0.0
1,4,lr5e-05_bs8_drop0p4_temp1p0_a0p25_b0p05__wd1e-04trmiss0_degmodglobal,8,5e-05,0.0001,0.4,1.0,0.25,0.05,lr5e-05_bs8_drop0p4_temp1p0_a0p25_b0p05__wd1e-04trmiss0_degmodglobal,26,0.5969315000942775,0.6977100074291229,0.6666666666666667,0.8582722832722833,0.5384615384615384,0.0,0.5411583738667625,0.5421686257634845,0.14909125013010843,0.34980115933077677,0.0,0.0,0.0,0.0,0.0,18473,global,0.0
1,4,lr5e-05_bs8_drop0p4_temp1p0_a0p25_b0p05__wd1e-04trmiss0_degmodglobal,8,5e-05,0.0001,0.4,1.0,0.25,0.05,lr5e-05_bs8_drop0p4_temp1p0_a0p25_b0p05__wd1e-04trmiss0_degmodglobal,27,0.6236062475613185,0.6978322267532349,0.6666666666666667,0.8582722832722833,0.5384615384615384,0.0,0.5334538561957223,0.576862211738314,0.1332885484610285,0.2684376857110432,0.0,0.0,0.0,0.0,0.0,18473,global,0.0
1,4,lr5e-05_bs8_drop0p4_temp1p0_a0p25_b0p05__wd1e-04trmiss0_degmodglobal,8,5e-05,0.0001,0.4,1.0,0.25,0.05,lr5e-05_bs8_drop0p4_temp1p0_a0p25_b0p05__wd1e-04trmiss0_degmodglobal,28,0.5912701317242214,0.6978716552257538,0.638888888888889,0.8474698141364809,0.5384615384615384,0.0,0.5227336840970176,0.5499608601842608,0.11302362382411957,0.26106702642781393,0.0,0.0,0.0,0.0,0.0,18473,global,0.0
1,4,lr5e-05_bs8_drop0p4_temp1p0_a0p25_b0p05__wd1e-04trmiss0_degmodglobal,8,5e-05,0.0001,0.4,1.0,0.25,0.05,lr5e-05_bs8_drop0p4_temp1p0_a0p25_b0p05__wd1e-04trmiss0_degmodglobal,29,0.6328786867005485,0.6981627345085144,0.6666666666666667,0.8582722832722833,0.5384615384615384,0.0,0.5359935973371778,0.5897211815629687,0.11378137767314911,0.2942429003970964,0.0,0.0,0.0,0.0,0.0,18473,global,0.0
1,4,lr5e-05_bs8_drop0p4_temp1p0_a0p25_b0p05__wd1e-04trmiss0_degmodglobal,8,5e-05,0.0001,0.4,1.0,0.25,0.05,lr5e-05_bs8_drop0p4_temp1p0_a0p25_b0p05__wd1e-04trmiss0_degmodglobal,30,0.6126093438693455,0.697969913482666,0.6388888888888888,0.8422990589657258,0.5384615384615384,0.0,0.5433053544589451,0.5565337027822223,0.15365706916366303,0.35322744292872293,0.0,0.0,0.0,0.0,0.0,18473,global,0.0
1,4,lr5e-05_bs8_drop0p4_temp1p0_a0p25_b0p05__wd1e-04trmiss0_degmodglobal,8,5e-05,0.0001,0.4,1.0,0.25,0.05,lr5e-05_bs8_drop0p4_temp1p0_a0p25_b0p05__wd1e-04trmiss0_degmodglobal,31,0.6391725284712655,0.6957396268844604,0.6111111111111112,0.8355650522317191,0.5384615384615384,0.0,0.561063894203731,0.5933496611458915,0.12522689838494575,0.2903227816734995,0.0,0.0,0.0,0.0,0.0,18473,global,0.0
1,4,lr5e-05_bs8_drop0p4_temp1p0_a0p25_b0p05__wd1e-04trmiss0_degmodglobal,8,5e-05,0.0001,0.4,1.0,0.25,0.05,lr5e-05_bs8_drop0p4_temp1p0_a0p25_b0p05__wd1e-04trmiss0_degmodglobal,32,0.5990805285317558,0.6974027156829834,0.6944444444444445,0.86500629000629,0.5384615384615384,0.0,0.5533106667654855,0.555276232106345,0.11783276285443987,0.2869222802775247,0.0,0.0,0.0,0.0,0.0,18473,global,0.0
1,4,lr5e-05_bs8_drop0p4_temp1p0_a0p25_b0p05__wd1e-04trmiss0_degmodglobal,8,5e-05,0.0001,0.4,1.0,0.25,0.05,lr5e-05_bs8_drop0p4_temp1p0_a0p25_b0p05__wd1e-04trmiss0_degmodglobal,33,0.6088413766452244,0.6990618705749512,0.6388888888888888,0.8422990589657258,0.5384615384615384,0.0,0.5257834877286639,0.5652505585125515,0.13359104629073823,0.20386108543191636,0.0,0.0,0.0,0.0,0.0,18473,global,0.0
1,4,lr5e-05_bs8_drop0p4_temp1p0_a0p25_b0p05__wd1e-04trmiss0_degmodglobal,8,5e-05,0.0001,0.4,1.0,0.25,0.05,lr5e-05_bs8_drop0p4_temp1p0_a0p25_b0p05__wd1e-04trmiss0_degmodglobal,34,0.6380753517150879,0.6924903094768524,0.6388888888888888,0.8422990589657258,0.5384615384615384,0.0,0.5482658232961383,0.575240467275892,0.17199509484427317,0.3967220868383135,0.0,0.0,0.0,0.0,0.0,18473,global,0.0
1,4,lr5e-05_bs8_drop0p4_temp1p0_a0p25_b0p05__wd1e-04trmiss0_degmodglobal,8,5e-05,0.0001,0.4,1.0,0.25,0.05,lr5e-05_bs8_drop0p4_temp1p0_a0p25_b0p05__wd1e-04trmiss0_degmodglobal,35,0.6066230024610247,0.6970097720623016,0.6666666666666667,0.8487093153759822,0.5384615384615384,0.0,0.5299656902040754,0.5572785266808101,0.1463978247983115,0.25490021013787817,0.0,0.0,0.0,0.0,0.0,18473,global,0.0
1,4,lr5e-05_bs8_drop0p4_temp1p0_a0p25_b0p05__wd1e-04trmiss0_degmodglobal,8,5e-05,0.0001,0.4,1.0,0.25,0.05,lr5e-05_bs8_drop0p4_temp1p0_a0p25_b0p05__wd1e-04trmiss0_degmodglobal,36,0.6085464358329773,0.6934278309345245,0.6666666666666666,0.8542038208704876,0.5384615384615384,0.0,0.5421378697667804,0.5699205994606018,0.09892718334283147,0.2778807580471039,0.0,0.0,0.0,0.0,0.0,18473,global,0.0
1,4,lr5e-05_bs8_drop0p4_temp1p0_a0p25_b0p05__wd1e-04trmiss0_degmodglobal,8,5e-05,0.0001,0.4,1.0,0.25,0.05,lr5e-05_bs8_drop0p4_temp1p0_a0p25_b0p05__wd1e-04trmiss0_degmodglobal,37,0.5867382117680141,0.6931652724742889,0.6388888888888888,0.8422990589657258,0.5384615384615384,0.0,0.5055827413286481,0.5413771782602582,0.12772912425654276,0.268575057387352,0.0,0.0,0.0,0.0,0.0,18473,global,0.0
1,4,lr5e-05_bs8_drop0p4_temp1p0_a0p25_b0p05__wd1e-04trmiss0_degmodglobal,8,5e-05,0.0001,0.4,1.0,0.25,0.05,lr5e-05_bs8_drop0p4_temp1p0_a0p25_b0p05__wd1e-04trmiss0_degmodglobal,38,0.6128301450184414,0.69778773188591,0.6388888888888888,0.8422990589657258,0.5384615384615384,0.0,0.54221282686506,0.5720330561910357,0.11247049804244723,0.2535891192299979,0.0,0.0,0.0,0.0,0.0,18473,global,0.0
1,4,lr5e-05_bs8_drop0p4_temp1p0_a0p25_b0p05__wd1e-04trmiss0_degmodglobal,8,5e-05,0.0001,0.4,1.0,0.25,0.05,lr5e-05_bs8_drop0p4_temp1p0_a0p25_b0p05__wd1e-04trmiss0_degmodglobal,39,0.5824475969587054,0.6945809721946716,0.6388888888888888,0.8422990589657258,0.5384615384615384,0.0,0.5102649033069611,0.53213483946664,0.13775499377931869,0.31748035337243763,0.0,0.0,0.0,0.0,0.0,18473,global,0.0
1,4,lr5e-05_bs8_drop0p4_temp1p0_a0p25_b0p05__wd1e-04trmiss0_degmodglobal,8,5e-05,0.0001,0.4,1.0,0.25,0.05,lr5e-05_bs8_drop0p4_temp1p0_a0p25_b0p05__wd1e-04trmiss0_degmodglobal,40,0.5986473986080715,0.6926804184913635,0.6388888888888888,0.8354818021484689,0.5384615384615384,0.0,0.535176157951355,0.5557245356695992,0.1267540603876114,0.2246870877487319,0.0,0.0,0.0,0.0,0.0,18473,global,0.0
1,4,lr5e-05_bs8_drop0p4_temp1p0_a0p25_b0p05__wd1e-04trmiss0_degmodglobal,8,5e-05,0.0001,0.4,1.0,0.25,0.05,lr5e-05_bs8_drop0p4_temp1p0_a0p25_b0p05__wd1e-04trmiss0_degmodglobal,41,0.5948262214660645,0.6952369213104248,0.6111111111111112,0.8355650522317191,0.5384615384615384,0.0,0.5434756066117968,0.5340505923543658,0.16592751336949213,0.38587493130138945,0.0,0.0,0.0,0.0,0.0,18473,global,0.0
1,4,lr5e-05_bs8_drop0p4_temp1p0_a0p25_b0p05__wd1e-04trmiss0_degmodglobal,8,5e-05,0.0001,0.4,1.0,0.25,0.05,lr5e-05_bs8_drop0p4_temp1p0_a0p25_b0p05__wd1e-04trmiss0_degmodglobal,42,0.6173121503421238,0.6944898664951324,0.6111111111111112,0.8355650522317191,0.5384615384615384,0.0,0.5247832451547895,0.5591910353728703,0.15694729025874818,0.3776857427188328,0.0,0.0,0.0,0.0,0.0,18473,global,0.0
1,4,lr5e-05_bs8_drop0p4_temp1p0_a0p25_b0p05__wd1e-04trmiss0_degmodglobal,8,5e-05,0.0001,0.4,1.0,0.25,0.05,lr5e-05_bs8_drop0p4_temp1p0_a0p25_b0p05__wd1e-04trmiss0_degmodglobal,43,0.6228173204830715,0.6955725848674774,0.6111111111111112,0.8355650522317191,0.5384615384615384,0.0,0.5110548521791186,0.5731327022824969,0.13522954285144806,0.31754436769655775,0.0,0.0,0.0,0.0,0.0,18473,global,0.0
1,4,lr5e-05_bs8_drop0p4_temp1p0_a0p25_b0p05__wd1e-04trmiss0_degmodglobal,8,5e-05,0.0001,0.4,1.0,0.25,0.05,lr5e-05_bs8_drop0p4_temp1p0_a0p25_b0p05__wd1e-04trmiss0_degmodglobal,44,0.5827628544398716,0.6960604786872864,0.6388888888888888,0.8577872744539412,0.5384615384615384,0.0,0.5270565833364215,0.5408099549157279,0.11319837399891444,0.2730661502906254,0.0,0.0,0.0,0.0,0.0,18473,global,0.0
1,4,lr5e-05_bs8_drop0p4_temp1p0_a0p25_b0p05__wd1e-04trmiss0_degmodglobal,8,5e-05,0.0001,0.4,1.0,0.25,0.05,lr5e-05_bs8_drop0p4_temp1p0_a0p25_b0p05__wd1e-04trmiss0_degmodglobal,45,0.6056619541985648,0.6962639391422272,0.6666666666666667,0.8645212811879479,0.5384615384615384,0.0,0.5277967921325138,0.5483481245381492,0.15801137685775757,0.35621972169194904,0.0,0.0,0.0,0.0,0.0,18473,global,0.0
1,4,lr5e-05_bs8_drop0p4_temp1p0_a0p25_b0p05__wd1e-04trmiss0_degmodglobal,8,5e-05,0.0001,0.4,1.0,0.25,0.05,lr5e-05_bs8_drop0p4_temp1p0_a0p25_b0p05__wd1e-04trmiss0_degmodglobal,46,0.5965641992432731,0.6986445486545563,0.6388888888888888,0.8422990589657258,0.5384615384615384,0.0,0.4951029121875763,0.5482633752482278,0.12642535460846765,0.33388970153672354,0.0,0.0,0.0,0.0,0.0,18473,global,0.0
1,4,lr5e-05_bs8_drop0p4_temp1p0_a0p25_b0p05__wd1e-04trmiss0_degmodglobal,8,5e-05,0.0001,0.4,1.0,0.25,0.05,lr5e-05_bs8_drop0p4_temp1p0_a0p25_b0p05__wd1e-04trmiss0_degmodglobal,47,0.6027987684522357,0.7016648948192596,0.6388888888888888,0.8422990589657258,0.5384615384615384,0.0,0.5230856239795685,0.5436817450182778,0.16842072137764522,0.340236776641437,0.0,0.0,0.0,0.0,0.0,18473,global,0.0
1,4,lr5e-05_bs8_drop0p4_temp1p0_a0p25_b0p05__wd1e-04trmiss0_degmodglobal,8,5e-05,0.0001,0.4,1.0,0.25,0.05,lr5e-05_bs8_drop0p4_temp1p0_a0p25_b0p05__wd1e-04trmiss0_degmodglobal,48,0.6478077088083539,0.7008316516876221,0.6388888888888888,0.8422990589657258,0.5384615384615384,0.0,0.52371198790414,0.5817766955920628,0.17339077591896057,0.4536666806255068,0.0,0.0,0.0,0.0,0.0,18473,global,0.0
1,4,lr5e-05_bs8_drop0p4_temp1p0_a0p25_b0p05__wd1e-04trmiss0_degmodglobal,8,5e-05,0.0001,0.4,1.0,0.25,0.05,lr5e-05_bs8_drop0p4_temp1p0_a0p25_b0p05__wd1e-04trmiss0_degmodglobal,49,0.6181619082178388,0.6963491439819336,0.6388888888888888,0.8577872744539412,0.5384615384615384,0.0,0.4776435707296644,0.5573860704898834,0.16760301057781493,0.3775019198656082,0.0,0.0,0.0,0.0,0.0,18473,global,0.0
1,4,lr5e-05_bs8_drop0p4_temp1p0_a0p25_b0p05__wd1e-04trmiss0_degmodglobal,8,5e-05,0.0001,0.4,1.0,0.25,0.05,lr5e-05_bs8_drop0p4_temp1p0_a0p25_b0p05__wd1e-04trmiss0_degmodglobal,50,0.5855582867349897,0.6961421966552734,0.6388888888888888,0.8422990589657258,0.5384615384615384,0.0,0.5098896835531507,0.5373709499835968,0.1350117027759552,0.2886882477572986,0.0,0.0,0.0,0.0,0.0,18473,global,0.0
1,4,lr5e-05_bs8_drop0p4_temp1p0_a0p25_b0p05__wd1e-04trmiss0_degmodglobal,8,5e-05,0.0001,0.4,1.0,0.25,0.05,lr5e-05_bs8_drop0p4_temp1p0_a0p25_b0p05__wd1e-04trmiss0_degmodglobal,51,0.6038216437612262,0.6977638602256775,0.6388888888888888,0.8512937679604347,0.5384615384615384,0.0,0.5082332023552486,0.5417245285851615,0.16097855887242726,0.437049714582307,0.0,0.0,0.0,0.0,0.0,18473,global,0.0
1,4,lr5e-05_bs8_drop0p4_temp1p0_a0p25_b0p05__wd1e-04trmiss0_degmodglobal,8,5e-05,0.0001,0.4,1.0,0.25,0.05,lr5e-05_bs8_drop0p4_temp1p0_a0p25_b0p05__wd1e-04trmiss0_degmodglobal,52,0.6259900161198207,0.7031290829181671,0.6111111111111112,0.8290715457382125,0.5384615384615384,0.0,0.5410658972603934,0.568072749035699,0.16256208504949296,0.34553506118910654,0.0,0.0,0.0,0.0,0.0,18473,global,0.0
1,4,lr5e-05_bs8_drop0p4_temp2p0_a0p25_b0p05__wd1e-04trmiss0_degmodglobal,8,5e-05,0.0001,0.4,2.0,0.25,0.05,lr5e-05_bs8_drop0p4_temp2p0_a0p25_b0p05__wd1e-04trmiss0_degmodglobal,1,0.8046502215521676,0.7103871703147888,0.6944444444444444,0.8181488264821599,0.38461538461538464,0.0,0.693594924041203,0.782855212688446,0.04765290926609721,0.19763565489224025,0.0,0.0,0.0,0.0,0.0,18473,global,0.0
1,4,lr5e-05_bs8_drop0p4_temp2p0_a0p25_b0p05__wd1e-04trmiss0_degmodglobal,8,5e-05,0.0001,0.4,2.0,0.25,0.05,lr5e-05_bs8_drop0p4_temp2p0_a0p25_b0p05__wd1e-04trmiss0_degmodglobal,2,0.7434173481804984,0.7131749987602234,0.6944444444444444,0.8181488264821599,0.3076923076923077,0.0,0.6700715507779803,0.72157883644104,0.04825117385813168,0.19551408077989305,0.0,0.0,0.0,0.0,0.0,18473,global,0.0
1,4,lr5e-05_bs8_drop0p4_temp2p0_a0p25_b0p05__wd1e-04trmiss0_degmodglobal,8,5e-05,0.0001,0.4,2.0,0.25,0.05,lr5e-05_bs8_drop0p4_temp2p0_a0p25_b0p05__wd1e-04trmiss0_degmodglobal,3,0.7121724316052028,0.7174555957317352,0.6666666666666666,0.7625932709266043,0.3076923076923077,0.0,0.6779048017093113,0.6930317963872638,0.04372481842126165,0.1641885286995343,0.0,0.0,0.0,0.0,0.0,18473,global,0.0
1,4,lr5e-05_bs8_drop0p4_temp2p0_a0p25_b0p05__wd1e-04trmiss0_degmodglobal,8,5e-05,0.0001,0.4,2.0,0.25,0.05,lr5e-05_bs8_drop0p4_temp2p0_a0p25_b0p05__wd1e-04trmiss0_degmodglobal,4,0.7083834750311715,0.7146127223968506,0.6944444444444444,0.8181488264821599,0.3076923076923077,0.0,0.6354653579848153,0.6883179800851005,0.04427181077854974,0.17995086844478334,0.0,0.0,0.0,0.0,0.0,18473,global,0.0
1,4,lr5e-05_bs8_drop0p4_temp2p0_a0p25_b0p05__wd1e-04trmiss0_degmodglobal,8,5e-05,0.0001,0.4,2.0,0.25,0.05,lr5e-05_bs8_drop0p4_temp2p0_a0p25_b0p05__wd1e-04trmiss0_degmodglobal,5,0.6971731952258519,0.7097543776035309,0.6944444444444444,0.8181488264821599,0.38461538461538464,0.0,0.621715784072876,0.6703819462231227,0.06045210787228176,0.2335643810885293,0.0,0.0,0.0,0.0,0.0,18473,global,0.0
1,4,lr5e-05_bs8_drop0p4_temp2p0_a0p25_b0p05__wd1e-04trmiss0_degmodglobal,8,5e-05,0.0001,0.4,2.0,0.25,0.05,lr5e-05_bs8_drop0p4_temp2p0_a0p25_b0p05__wd1e-04trmiss0_degmodglobal,6,0.6958587510245187,0.7046406269073486,0.6666666666666666,0.8345068511735179,0.38461538461538464,0.0,0.6081041097640991,0.6689634152821132,0.06588364392518997,0.20848839836461203,0.0,0.0,0.0,0.0,0.0,18473,global,0.0
1,4,lr5e-05_bs8_drop0p4_temp2p0_a0p25_b0p05__wd1e-04trmiss0_degmodglobal,8,5e-05,0.0001,0.4,2.0,0.25,0.05,lr5e-05_bs8_drop0p4_temp2p0_a0p25_b0p05__wd1e-04trmiss0_degmodglobal,7,0.6932539428983416,0.7066256701946259,0.6944444444444444,0.872602089268756,0.38461538461538464,0.0,0.6015505364962986,0.6689547555787223,0.056418104363339286,0.2038929419858115,0.0,0.0,0.0,0.0,0.0,18473,global,0.0
1,4,lr5e-05_bs8_drop0p4_temp2p0_a0p25_b0p05__wd1e-04trmiss0_degmodglobal,8,5e-05,0.0001,0.4,2.0,0.25,0.05,lr5e-05_bs8_drop0p4_temp2p0_a0p25_b0p05__wd1e-04trmiss0_degmodglobal,8,0.7080661143575396,0.7096511125564575,0.7222222222222222,0.8790123456790124,0.3076923076923077,0.0,0.5835952077593122,0.6754571029118129,0.06793173775076866,0.3125211979661669,0.0,0.0,0.0,0.0,0.0,18473,global,0.0
1,4,lr5e-05_bs8_drop0p4_temp2p0_a0p25_b0p05__wd1e-04trmiss0_degmodglobal,8,5e-05,0.0001,0.4,2.0,0.25,0.05,lr5e-05_bs8_drop0p4_temp2p0_a0p25_b0p05__wd1e-04trmiss0_degmodglobal,9,0.7031584978103638,0.7112625539302826,0.6666666666666667,0.799551066217733,0.38461538461538464,0.0,0.6011116760117667,0.669175216129848,0.08019096830061503,0.2787106526749475,0.0,0.0,0.0,0.0,0.0,18473,global,0.0
1,4,lr5e-05_bs8_drop0p4_temp2p0_a0p25_b0p05__wd1e-04trmiss0_degmodglobal,8,5e-05,0.0001,0.4,2.0,0.25,0.05,lr5e-05_bs8_drop0p4_temp2p0_a0p25_b0p05__wd1e-04trmiss0_degmodglobal,10,0.6686467783791679,0.7033397853374481,0.75,0.897530864197531,0.38461538461538464,0.0,0.585933268070221,0.6386203936168126,0.07253272671784673,0.23786389189107077,0.0,0.0,0.0,0.0,0.0,18473,global,0.0
1,4,lr5e-05_bs8_drop0p4_temp2p0_a0p25_b0p05__wd1e-04trmiss0_degmodglobal,8,5e-05,0.0001,0.4,2.0,0.25,0.05,lr5e-05_bs8_drop0p4_temp2p0_a0p25_b0p05__wd1e-04trmiss0_degmodglobal,11,0.6064127853938511,0.7092202007770538,0.75,0.897530864197531,0.38461538461538464,0.0,0.610837493624006,0.5829101204872131,0.055906541645526886,0.19052040736590112,0.0,0.0,0.0,0.0,0.0,18473,global,0.0
1,4,lr5e-05_bs8_drop0p4_temp2p0_a0p25_b0p05__wd1e-04trmiss0_degmodglobal,8,5e-05,0.0001,0.4,2.0,0.25,0.05,lr5e-05_bs8_drop0p4_temp2p0_a0p25_b0p05__wd1e-04trmiss0_degmodglobal,12,0.6261419228145054,0.7036179602146149,0.75,0.897530864197531,0.46153846153846156,0.0,0.5830956016268048,0.5989740065165928,0.06750861608556338,0.20581548660993576,0.0,0.0,0.0,0.0,0.0,18473,global,0.0
1,4,lr5e-05_bs8_drop0p4_temp2p0_a0p25_b0p05__wd1e-04trmiss0_degmodglobal,8,5e-05,0.0001,0.4,2.0,0.25,0.05,lr5e-05_bs8_drop0p4_temp2p0_a0p25_b0p05__wd1e-04trmiss0_degmodglobal,13,0.666824494089399,0.7191692590713501,0.75,0.88658810325477,0.38461538461538464,0.0,0.590502415384565,0.6437785199710301,0.055250128997223716,0.18466907633202417,0.0,0.0,0.0,0.0,0.0,18473,global,0.0
1,4,lr5e-05_bs8_drop0p4_temp2p0_a0p25_b0p05__wd1e-04trmiss0_degmodglobal,8,5e-05,0.0001,0.4,2.0,0.25,0.05,lr5e-05_bs8_drop0p4_temp2p0_a0p25_b0p05__wd1e-04trmiss0_degmodglobal,14,0.6555241516658238,0.7214974462985992,0.7777777777777778,0.9051066217732886,0.3076923076923077,0.0,0.596600455897195,0.6289495144571576,0.06697059263076101,0.19663953994001662,0.0,0.0,0.0,0.0,0.0,18473,global,0.0
1,4,lr5e-05_bs8_drop0p4_temp2p0_a0p25_b0p05__wd1e-04trmiss0_degmodglobal,8,5e-05,0.0001,0.4,2.0,0.25,0.05,lr5e-05_bs8_drop0p4_temp2p0_a0p25_b0p05__wd1e-04trmiss0_degmodglobal,15,0.6266325967652457,0.7184944748878479,0.75,0.897530864197531,0.3076923076923077,0.0,0.5865895322390965,0.5975008266312736,0.06830486761672157,0.24111101244177138,0.0,0.0,0.0,0.0,0.0,18473,global,0.0
1,4,lr5e-05_bs8_drop0p4_temp2p0_a0p25_b0p05__wd1e-04trmiss0_degmodglobal,8,5e-05,0.0001,0.4,2.0,0.25,0.05,lr5e-05_bs8_drop0p4_temp2p0_a0p25_b0p05__wd1e-04trmiss0_degmodglobal,16,0.6095297592026847,0.7062313258647919,0.75,0.897530864197531,0.46153846153846156,0.0,0.5921158960887364,0.5855004659720829,0.057639648871762414,0.1923877660717283,0.0,0.0,0.0,0.0,0.0,18473,global,0.0
1,4,lr5e-05_bs8_drop0p4_temp2p0_a0p25_b0p05__wd1e-04trmiss0_degmodglobal,8,5e-05,0.0001,0.4,2.0,0.25,0.05,lr5e-05_bs8_drop0p4_temp2p0_a0p25_b0p05__wd1e-04trmiss0_degmodglobal,17,0.6164760504450116,0.7005907893180847,0.75,0.897530864197531,0.46153846153846156,0.0,0.5893629278455462,0.5892375452177865,0.06219573638268879,0.23379153864724295,0.0,0.0,0.0,0.0,0.0,18473,global,0.0
1,4,lr5e-05_bs8_drop0p4_temp2p0_a0p25_b0p05__wd1e-04trmiss0_degmodglobal,8,5e-05,0.0001,0.4,2.0,0.25,0.05,lr5e-05_bs8_drop0p4_temp2p0_a0p25_b0p05__wd1e-04trmiss0_degmodglobal,18,0.6537120342254639,0.6972267925739288,0.7777777777777778,0.9051066217732886,0.46153846153846156,0.0,0.5992961057594844,0.6122159957885742,0.0912358287189688,0.37374147347041536,0.0,0.0,0.0,0.0,0.0,18473,global,0.0
1,4,lr5e-05_bs8_drop0p4_temp2p0_a0p25_b0p05__wd1e-04trmiss0_degmodglobal,8,5e-05,0.0001,0.4,2.0,0.25,0.05,lr5e-05_bs8_drop0p4_temp2p0_a0p25_b0p05__wd1e-04trmiss0_degmodglobal,19,0.6051111136163984,0.7008077502250671,0.7777777777777778,0.9051066217732886,0.46153846153846156,0.0,0.5566097327641079,0.5758611559867859,0.0678073215697493,0.24596257827111653,0.0,0.0,0.0,0.0,0.0,18473,global,0.0
1,4,lr5e-05_bs8_drop0p4_temp2p0_a0p25_b0p05__wd1e-04trmiss0_degmodglobal,8,5e-05,0.0001,0.4,2.0,0.25,0.05,lr5e-05_bs8_drop0p4_temp2p0_a0p25_b0p05__wd1e-04trmiss0_degmodglobal,20,0.6217803869928632,0.7037272155284882,0.75,0.897530864197531,0.46153846153846156,0.0,0.5645133512360709,0.5914246184485299,0.06894463673233986,0.26239209728581564,0.0,0.0,0.0,0.0,0.0,18473,global,0.0
1,4,lr5e-05_bs8_drop0p4_temp2p0_a0p25_b0p05__wd1e-04trmiss0_degmodglobal,8,5e-05,0.0001,0.4,2.0,0.25,0.05,lr5e-05_bs8_drop0p4_temp2p0_a0p25_b0p05__wd1e-04trmiss0_degmodglobal,21,0.6137338621275765,0.7008768618106842,0.75,0.897530864197531,0.5384615384615384,0.0,0.5794005223682949,0.5853870681353978,0.06386904817606721,0.24759060783045633,0.0,0.0,0.0,0.0,0.0,18473,global,0.0
1,4,lr5e-05_bs8_drop0p4_temp2p0_a0p25_b0p05__wd1e-04trmiss0_degmodglobal,8,5e-05,0.0001,0.4,2.0,0.25,0.05,lr5e-05_bs8_drop0p4_temp2p0_a0p25_b0p05__wd1e-04trmiss0_degmodglobal,22,0.6070625185966492,0.6934375464916229,0.7777777777777777,0.9094356261022929,0.5384615384615384,0.0,0.5749801908220563,0.5813371241092682,0.06044125184416771,0.21230137880359376,0.0,0.0,0.0,0.0,0.0,18473,global,0.0
1,4,lr5e-05_bs8_drop0p4_temp2p0_a0p25_b0p05__wd1e-04trmiss0_degmodglobal,8,5e-05,0.0001,0.4,2.0,0.25,0.05,lr5e-05_bs8_drop0p4_temp2p0_a0p25_b0p05__wd1e-04trmiss0_degmodglobal,23,0.6243920922279358,0.6880002617835999,0.7777777777777777,0.9188983855650523,0.5384615384615384,0.0,0.553789598601205,0.5985996723175049,0.06583638808556966,0.18666635879448482,0.0,0.0,0.0,0.0,0.0,18473,global,0.0
1,4,lr5e-05_bs8_drop0p4_temp2p0_a0p25_b0p05__wd1e-04trmiss0_degmodglobal,8,5e-05,0.0001,0.4,2.0,0.25,0.05,lr5e-05_bs8_drop0p4_temp2p0_a0p25_b0p05__wd1e-04trmiss0_degmodglobal,24,0.618207403591701,0.6922981441020966,0.7777777777777777,0.9188983855650523,0.5384615384615384,0.0,0.5555154212883541,0.5856262700898307,0.0756986742573125,0.27312916091510225,0.0,0.0,0.0,0.0,0.0,18473,global,0.0
1,4,lr5e-05_bs8_drop0p4_temp2p0_a0p25_b0p05__wd1e-04trmiss0_degmodglobal,8,5e-05,0.0001,0.4,2.0,0.25,0.05,lr5e-05_bs8_drop0p4_temp2p0_a0p25_b0p05__wd1e-04trmiss0_degmodglobal,25,0.6386290277753558,0.69928178191185,0.7777777777777777,0.9138278388278389,0.5384615384615384,0.0,0.6037703497069222,0.6066847613879612,0.06766942010394164,0.3005384462220328,0.0,0.0,0.0,0.0,0.0,18473,global,0.0
1,4,lr5e-05_bs8_drop0p4_temp2p0_a0p25_b0p05__wd1e-04trmiss0_degmodglobal,8,5e-05,0.0001,0.4,2.0,0.25,0.05,lr5e-05_bs8_drop0p4_temp2p0_a0p25_b0p05__wd1e-04trmiss0_degmodglobal,26,0.5688604457037789,0.7066441476345062,0.7222222222222221,0.8686948853615521,0.46153846153846156,0.0,0.5353250758988517,0.5391162719045367,0.06501482799649239,0.2698095164128712,0.0,0.0,0.0,0.0,0.0,18473,global,0.0
1,4,lr5e-05_bs8_drop0p4_temp2p0_a0p25_b0p05__wd1e-04trmiss0_degmodglobal,8,5e-05,0.0001,0.4,2.0,0.25,0.05,lr5e-05_bs8_drop0p4_temp2p0_a0p25_b0p05__wd1e-04trmiss0_degmodglobal,27,0.6137914827891758,0.7003079950809479,0.7222222222222221,0.8845068511735179,0.5384615384615384,0.0,0.561659995998655,0.5878190398216248,0.060602122119494846,0.21643842543874467,0.0,0.0,0.0,0.0,0.0,18473,global,0.0
1,4,lr5e-05_bs8_drop0p4_temp2p0_a0p25_b0p05__wd1e-04trmiss0_degmodglobal,8,5e-05,0.0001,0.4,2.0,0.25,0.05,lr5e-05_bs8_drop0p4_temp2p0_a0p25_b0p05__wd1e-04trmiss0_degmodglobal,28,0.5958030649593898,0.7054438292980194,0.7222222222222221,0.8845068511735179,0.5384615384615384,0.0,0.5491225719451904,0.5696748409952436,0.06205860046403749,0.2122714157615389,0.0,0.0,0.0,0.0,0.0,18473,global,0.0
1,4,lr5e-05_bs8_drop0p4_temp2p0_a0p25_b0p05__wd1e-04trmiss0_degmodglobal,8,5e-05,0.0001,0.4,2.0,0.25,0.05,lr5e-05_bs8_drop0p4_temp2p0_a0p25_b0p05__wd1e-04trmiss0_degmodglobal,29,0.5940493174961635,0.7110559940338135,0.6944444444444444,0.8882105548772217,0.46153846153846156,0.0,0.5314051508903503,0.5644204786845616,0.077615068427154,0.20450124889612198,0.0,0.0,0.0,0.0,0.0,18473,global,0.0
1,4,lr5e-05_bs8_drop0p4_temp2p0_a0p25_b0p05__wd1e-04trmiss0_degmodglobal,8,5e-05,0.0001,0.4,2.0,0.25,0.05,lr5e-05_bs8_drop0p4_temp2p0_a0p25_b0p05__wd1e-04trmiss0_degmodglobal,30,0.59189920766013,0.6902719438076019,0.7777777777777778,0.9172278338945008,0.46153846153846156,0.0,0.551814581666674,0.5654261537960598,0.06718009071690696,0.19356033418859755,0.0,0.0,0.0,0.0,0.0,18473,global,0.0
1,4,lr5e-05_bs8_drop0p4_temp2p0_a0p25_b0p05__wd1e-04trmiss0_degmodglobal,8,5e-05,0.0001,0.4,2.0,0.25,0.05,lr5e-05_bs8_drop0p4_temp2p0_a0p25_b0p05__wd1e-04trmiss0_degmodglobal,31,0.5982642003468105,0.6896668374538422,0.7777777777777777,0.9188983855650523,0.5384615384615384,0.0,0.5758919801030841,0.5773969633238656,0.052444204688072205,0.155123593551772,0.0,0.0,0.0,0.0,0.0,18473,global,0.0
1,4,lr5e-05_bs8_drop0p4_temp2p0_a0p25_b0p05__wd1e-04trmiss0_degmodglobal,8,5e-05,0.0001,0.4,2.0,0.25,0.05,lr5e-05_bs8_drop0p4_temp2p0_a0p25_b0p05__wd1e-04trmiss0_degmodglobal,32,0.5741998681000301,0.6835474371910095,0.75,0.9030253696920365,0.5384615384615384,0.0,0.5527315480368478,0.5480389807905469,0.06113041298730033,0.2175658866763115,0.0,0.0,0.0,0.0,0.0,18473,global,0.0
1,4,lr5e-05_bs8_drop0p4_temp2p0_a0p25_b0p05__wd1e-04trmiss0_degmodglobal,8,5e-05,0.0001,0.4,2.0,0.25,0.05,lr5e-05_bs8_drop0p4_temp2p0_a0p25_b0p05__wd1e-04trmiss0_degmodglobal,33,0.5703365547316415,0.691924661397934,0.7222222222222222,0.8911206077872746,0.5384615384615384,0.0,0.5528259873390198,0.5388346442154476,0.07662413535373551,0.24691782678876603,0.0,0.0,0.0,0.0,0.0,18473,global,0.0
1,4,lr5e-05_bs8_drop0p4_temp2p0_a0p25_b0p05__wd1e-04trmiss0_degmodglobal,8,5e-05,0.0001,0.4,2.0,0.25,0.05,lr5e-05_bs8_drop0p4_temp2p0_a0p25_b0p05__wd1e-04trmiss0_degmodglobal,34,0.5641561661447797,0.6898395419120789,0.75,0.9030253696920365,0.5384615384615384,0.0,0.5450231773512704,0.5347912865025657,0.07525145688227244,0.21104025840759277,0.0,0.0,0.0,0.0,0.0,18473,global,0.0
1,4,lr5e-05_bs8_drop0p4_temp2p0_a0p25_b0p05__wd1e-04trmiss0_degmodglobal,8,5e-05,0.0001,0.4,2.0,0.25,0.05,lr5e-05_bs8_drop0p4_temp2p0_a0p25_b0p05__wd1e-04trmiss0_degmodglobal,35,0.558209057365145,0.6918309330940247,0.7222222222222222,0.8949445616112284,0.5384615384615384,0.0,0.5251988215105874,0.5290754522596087,0.0735214315354824,0.2150647576366152,0.0,0.0,0.0,0.0,0.0,18473,global,0.0
1,4,lr5e-05_bs8_drop0p4_temp2p0_a0p25_b0p05__wd1e-04trmiss0_degmodglobal,8,5e-05,0.0001,0.4,2.0,0.25,0.05,lr5e-05_bs8_drop0p4_temp2p0_a0p25_b0p05__wd1e-04trmiss0_degmodglobal,36,0.5732849666050502,0.6952233612537384,0.7222222222222222,0.8949445616112284,0.5384615384615384,0.0,0.538214738879885,0.5438666343688965,0.07275440809982163,0.2245947058711733,0.0,0.0,0.0,0.0,0.0,18473,global,0.0
1,4,lr5e-05_bs8_drop0p4_temp2p0_a0p25_b0p05__wd1e-04trmiss0_degmodglobal,8,5e-05,0.0001,0.4,2.0,0.25,0.05,lr5e-05_bs8_drop0p4_temp2p0_a0p25_b0p05__wd1e-04trmiss0_degmodglobal,37,0.588195162160056,0.7018016278743744,0.7222222222222222,0.8828362995029664,0.5384615384615384,0.0,0.5405701313699994,0.559669669185366,0.06571712983506066,0.24192425395761216,0.0,0.0,0.0,0.0,0.0,18473,global,0.0
1,4,lr5e-05_bs8_drop0p4_temp2p0_a0p25_b0p05__wd1e-04trmiss0_degmodglobal,8,5e-05,0.0001,0.4,2.0,0.25,0.05,lr5e-05_bs8_drop0p4_temp2p0_a0p25_b0p05__wd1e-04trmiss0_degmodglobal,38,0.5752398712294442,0.6984030902385712,0.75,0.9013548180214848,0.5384615384615384,0.0,0.525173830134528,0.5540496323789869,0.05823748984507152,0.1326175970690591,0.0,0.0,0.0,0.0,0.0,18473,global,0.0
1,4,lr5e-05_bs8_drop0p4_temp2p0_a0p25_b0p05__wd1e-04trmiss0_degmodglobal,8,5e-05,0.0001,0.4,2.0,0.25,0.05,lr5e-05_bs8_drop0p4_temp2p0_a0p25_b0p05__wd1e-04trmiss0_degmodglobal,39,0.5817914519991193,0.6982575058937073,0.75,0.9013548180214848,0.5384615384615384,0.0,0.536900520324707,0.5456693981375013,0.09529872185417584,0.2459475493856839,0.0,0.0,0.0,0.0,0.0,18473,global,0.0
1,4,lr5e-05_bs8_drop0p4_temp2p0_a0p25_b0p05__wd1e-04trmiss0_degmodglobal,8,5e-05,0.0001,0.4,2.0,0.25,0.05,lr5e-05_bs8_drop0p4_temp2p0_a0p25_b0p05__wd1e-04trmiss0_degmodglobal,40,0.5625506937503815,0.6887671649456024,0.7222222222222222,0.8949445616112284,0.5384615384615384,0.0,0.5519988834857941,0.5383347059999194,0.056497090096984594,0.20183426940015384,0.0,0.0,0.0,0.0,0.0,18473,global,0.0
1,4,lr5e-05_bs8_drop0p4_temp2p0_a0p25_b0p05__wd1e-04trmiss0_degmodglobal,8,5e-05,0.0001,0.4,2.0,0.25,0.05,lr5e-05_bs8_drop0p4_temp2p0_a0p25_b0p05__wd1e-04trmiss0_degmodglobal,41,0.5663344604628426,0.6869671940803528,0.6944444444444444,0.8863025863025864,0.5384615384615384,0.0,0.5250929338591439,0.5280566258089883,0.08415084545101438,0.3448027925831931,0.0,0.0,0.0,0.0,0.0,18473,global,0.0
1,4,lr5e-05_bs8_drop0p4_temp2p0_a0p25_b0p05__wd1e-04trmiss0_degmodglobal,8,5e-05,0.0001,0.4,2.0,0.25,0.05,lr5e-05_bs8_drop0p4_temp2p0_a0p25_b0p05__wd1e-04trmiss0_degmodglobal,42,0.5461671735559191,0.6910915374755859,0.6944444444444444,0.8863025863025864,0.5384615384615384,0.0,0.5064048298767635,0.5228577979973384,0.05997518716113908,0.16631142369338445,0.0,0.0,0.0,0.0,0.0,18473,global,0.0
1,4,lr5e-05_bs8_drop0p4_temp2p0_a0p25_b0p05__wd1e-04trmiss0_degmodglobal,8,5e-05,0.0001,0.4,2.0,0.25,0.05,lr5e-05_bs8_drop0p4_temp2p0_a0p25_b0p05__wd1e-04trmiss0_degmodglobal,43,0.5550787789481026,0.6868264675140381,0.6944444444444444,0.8863025863025864,0.5384615384615384,0.0,0.5299077928066254,0.5311385606016431,0.06561001124126571,0.15075413350548064,0.0,0.0,0.0,0.0,0.0,18473,global,0.0
1,4,lr5e-05_bs8_drop0p4_temp2p0_a0p25_b0p05__wd1e-04trmiss0_degmodglobal,8,5e-05,0.0001,0.4,2.0,0.25,0.05,lr5e-05_bs8_drop0p4_temp2p0_a0p25_b0p05__wd1e-04trmiss0_degmodglobal,44,0.5737587426389966,0.6876804232597351,0.6944444444444444,0.8863025863025864,0.5384615384615384,0.0,0.5427592439310891,0.5474088788032532,0.07058138027787209,0.17409026809036732,0.0,0.0,0.0,0.0,0.0,18473,global,0.0
1,4,lr5e-05_bs8_drop0p4_temp2p0_a0p25_b0p05__wd1e-04trmiss0_degmodglobal,8,5e-05,0.0001,0.4,2.0,0.25,0.05,lr5e-05_bs8_drop0p4_temp2p0_a0p25_b0p05__wd1e-04trmiss0_degmodglobal,45,0.5940138655049461,0.6972313821315765,0.6666666666666666,0.8743978243978245,0.5384615384615384,0.0,0.533834172146661,0.5535818423543658,0.09450260603002139,0.3361273535660335,0.0,0.0,0.0,0.0,0.0,18473,global,0.0
1,4,lr5e-05_bs8_drop0p4_temp2p0_a0p25_b0p05__wd1e-04trmiss0_degmodglobal,8,5e-05,0.0001,0.4,2.0,0.25,0.05,lr5e-05_bs8_drop0p4_temp2p0_a0p25_b0p05__wd1e-04trmiss0_degmodglobal,46,0.5752312541007996,0.6915554106235504,0.7222222222222222,0.9021756021756022,0.5384615384615384,0.0,0.5282255325998578,0.5510087609291077,0.06248213031462261,0.1720391203250204,0.0,0.0,0.0,0.0,0.0,18473,global,0.0
1,4,lr5e-05_bs8_drop0p4_temp2p0_a0p25_b0p05__wd1e-04trmiss0_degmodglobal,8,5e-05,0.0001,0.4,2.0,0.25,0.05,lr5e-05_bs8_drop0p4_temp2p0_a0p25_b0p05__wd1e-04trmiss0_degmodglobal,47,0.5877531383718763,0.6899886429309845,0.7222222222222222,0.9021756021756022,0.5384615384615384,0.0,0.54571875504085,0.5602798887661525,0.0755224706871169,0.17185257295412676,0.0,0.0,0.0,0.0,0.0,18473,global,0.0
1,4,lr5e-05_bs8_drop0p4_temp2p0_a0p25_b0p05__wd1e-04trmiss0_degmodglobal,8,5e-05,0.0001,0.4,2.0,0.25,0.05,lr5e-05_bs8_drop0p4_temp2p0_a0p25_b0p05__wd1e-04trmiss0_degmodglobal,48,0.5643998512199947,0.6905853152275085,0.7222222222222222,0.9021756021756022,0.5384615384615384,0.0,0.5291841924190521,0.5322196143014091,0.07871086842247418,0.25005052478185724,0.0,0.0,0.0,0.0,0.0,18473,global,0.0
1,4,lr5e-05_bs8_drop0p4_temp2p0_a0p25_b0p05__wd1e-04trmiss0_degmodglobal,8,5e-05,0.0001,0.4,2.0,0.25,0.05,lr5e-05_bs8_drop0p4_temp2p0_a0p25_b0p05__wd1e-04trmiss0_degmodglobal,49,0.5530552055154528,0.6859732270240784,0.7222222222222222,0.9021756021756022,0.5384615384615384,0.0,0.530682555266789,0.5336926451751164,0.04582810268870422,0.15811102677668845,0.0,0.0,0.0,0.0,0.0,18473,global,0.0
1,4,lr5e-05_bs8_drop0p4_temp2p0_a0p25_b0p05__wd1e-04trmiss0_degmodglobal,8,5e-05,0.0001,0.4,2.0,0.25,0.05,lr5e-05_bs8_drop0p4_temp2p0_a0p25_b0p05__wd1e-04trmiss0_degmodglobal,50,0.5221914010388511,0.6864962577819824,0.7222222222222222,0.8949445616112284,0.5384615384615384,0.0,0.5282462111541203,0.4963675652231489,0.06525205022522382,0.19021632096597127,0.0,0.0,0.0,0.0,0.0,18473,global,0.0
1,4,lr1e-05_bs8_drop0p2_temp1p0_a0p25_b0p05__wd1e-04trmiss0_degmodglobal,8,1e-05,0.0001,0.2,1.0,0.25,0.05,lr1e-05_bs8_drop0p2_temp1p0_a0p25_b0p05__wd1e-04trmiss0_degmodglobal,1,0.7639351998056684,0.7372963428497314,0.3333333333333333,0.6926918760252094,0.38461538461538464,0.0,0.6935716697147915,0.7519721899713788,0.028860322598900114,0.09495845649923597,0.0,0.0,0.0,0.0,0.0,18473,global,0.0
1,4,lr1e-05_bs8_drop0p2_temp1p0_a0p25_b0p05__wd1e-04trmiss0_degmodglobal,8,1e-05,0.0001,0.2,1.0,0.25,0.05,lr1e-05_bs8_drop0p2_temp1p0_a0p25_b0p05__wd1e-04trmiss0_degmodglobal,2,0.7432131426674979,0.7366794645786285,0.3888888888888889,0.6982193732193731,0.38461538461538464,0.0,0.6776779038565499,0.7315144964626857,0.026648951561323235,0.1007280381662505,0.0,0.0,0.0,0.0,0.0,18473,global,0.0
1,4,lr1e-05_bs8_drop0p2_temp1p0_a0p25_b0p05__wd1e-04trmiss0_degmodglobal,8,1e-05,0.0001,0.2,1.0,0.25,0.05,lr1e-05_bs8_drop0p2_temp1p0_a0p25_b0p05__wd1e-04trmiss0_degmodglobal,3,0.7479059185300555,0.7426711022853851,0.4166666666666667,0.7148860398860399,0.38461538461538464,0.0,0.6926379033497402,0.7354521751403809,0.02866192561175142,0.10576524479048592,0.0,0.0,0.0,0.0,0.0,18473,global,0.0
1,4,lr1e-05_bs8_drop0p2_temp1p0_a0p25_b0p05__wd1e-04trmiss0_degmodglobal,8,1e-05,0.0001,0.2,1.0,0.25,0.05,lr1e-05_bs8_drop0p2_temp1p0_a0p25_b0p05__wd1e-04trmiss0_degmodglobal,4,0.7270460554531643,0.7430019676685333,0.4722222222222222,0.7586570836570836,0.38461538461538464,0.0,0.6803864155496869,0.7150991218430656,0.02653556357004813,0.10626062431505748,0.0,0.0,0.0,0.0,0.0,18473,global,0.0
1,4,lr1e-05_bs8_drop0p2_temp1p0_a0p25_b0p05__wd1e-04trmiss0_degmodglobal,8,1e-05,0.0001,0.2,1.0,0.25,0.05,lr1e-05_bs8_drop0p2_temp1p0_a0p25_b0p05__wd1e-04trmiss0_degmodglobal,5,0.7636996933392116,0.7490741014480591,0.5,0.7864348614348615,0.38461538461538464,0.0,0.6783292634146554,0.7479796239307949,0.033830212695258,0.14525034597941808,0.0,0.0,0.0,0.0,0.0,18473,global,0.0
1,4,lr1e-05_bs8_drop0p2_temp1p0_a0p25_b0p05__wd1e-04trmiss0_degmodglobal,8,1e-05,0.0001,0.2,1.0,0.25,0.05,lr1e-05_bs8_drop0p2_temp1p0_a0p25_b0p05__wd1e-04trmiss0_degmodglobal,6,0.7331326859337943,0.754554033279419,0.5,0.7864348614348615,0.38461538461538464,0.0,0.6792899625641959,0.7148030229977199,0.03837466958378043,0.1747200627412115,0.0,0.0,0.0,0.0,0.0,18473,global,0.0
1,4,lr1e-05_bs8_drop0p2_temp1p0_a0p25_b0p05__wd1e-04trmiss0_degmodglobal,8,1e-05,0.0001,0.2,1.0,0.25,0.05,lr1e-05_bs8_drop0p2_temp1p0_a0p25_b0p05__wd1e-04trmiss0_degmodglobal,7,0.7349734902381897,0.7581245303153992,0.5,0.7864348614348615,0.38461538461538464,0.0,0.6535159604890006,0.7182622381619045,0.03436942132455962,0.16237786199365342,0.0,0.0,0.0,0.0,0.0,18473,global,0.0
1,4,lr1e-05_bs8_drop0p2_temp1p0_a0p25_b0p05__wd1e-04trmiss0_degmodglobal,8,1e-05,0.0001,0.2,1.0,0.25,0.05,lr1e-05_bs8_drop0p2_temp1p0_a0p25_b0p05__wd1e-04trmiss0_degmodglobal,8,0.7234843032700675,0.756081759929657,0.5,0.7864348614348615,0.38461538461538464,0.0,0.6563891257558551,0.7100802149091449,0.031478969912443845,0.11068700679710933,0.0,0.0,0.0,0.0,0.0,18473,global,0.0
1,4,lr1e-05_bs8_drop0p2_temp1p0_a0p25_b0p05__wd1e-04trmiss0_degmodglobal,8,1e-05,0.0001,0.2,1.0,0.25,0.05,lr1e-05_bs8_drop0p2_temp1p0_a0p25_b0p05__wd1e-04trmiss0_degmodglobal,9,0.7129584891455514,0.7550095915794373,0.4722222222222222,0.7758528508528508,0.38461538461538464,0.0,0.6481162735394069,0.699887888772147,0.03088684912238802,0.10697767830320767,0.0,0.0,0.0,0.0,0.0,18473,global,0.0
1,4,lr1e-05_bs8_drop0p2_temp1p0_a0p25_b0p05__wd1e-04trmiss0_degmodglobal,8,1e-05,0.0001,0.2,1.0,0.25,0.05,lr1e-05_bs8_drop0p2_temp1p0_a0p25_b0p05__wd1e-04trmiss0_degmodglobal,10,0.717492767742702,0.7512016892433167,0.4722222222222222,0.7586570836570836,0.38461538461538464,0.0,0.6521903446742466,0.7026705316134861,0.034924061436738284,0.1218244167310851,0.0,0.0,0.0,0.0,0.0,18473,global,0.0
1,4,lr1e-05_bs8_drop0p2_temp1p0_a0p25_b0p05__wd1e-04trmiss0_degmodglobal,8,1e-05,0.0001,0.2,1.0,0.25,0.05,lr1e-05_bs8_drop0p2_temp1p0_a0p25_b0p05__wd1e-04trmiss0_degmodglobal,11,0.7061964273452759,0.7526100277900696,0.4722222222222222,0.7315406815406815,0.38461538461538464,0.0,0.6350340417453221,0.692342494215284,0.029838074264781817,0.127888485789299,0.0,0.0,0.0,0.0,0.0,18473,global,0.0
1,4,lr1e-05_bs8_drop0p2_temp1p0_a0p25_b0p05__wd1e-04trmiss0_degmodglobal,8,1e-05,0.0001,0.2,1.0,0.25,0.05,lr1e-05_bs8_drop0p2_temp1p0_a0p25_b0p05__wd1e-04trmiss0_degmodglobal,12,0.7245894840785435,0.7530189752578735,0.5277777777777778,0.7778369778369778,0.38461538461538464,0.0,0.6550621730940682,0.7101836885724749,0.030501308185713633,0.13560928191457475,0.0,0.0,0.0,0.0,0.0,18473,global,0.0
1,4,lr1e-05_bs8_drop0p2_temp1p0_a0p25_b0p05__wd1e-04trmiss0_degmodglobal,8,1e-05,0.0001,0.2,1.0,0.25,0.05,lr1e-05_bs8_drop0p2_temp1p0_a0p25_b0p05__wd1e-04trmiss0_degmodglobal,13,0.70973687512534,0.7528062462806702,0.5,0.7864348614348615,0.38461538461538464,0.0,0.6330563511167254,0.6953307049615043,0.031238158366509845,0.13193295470305852,0.0,0.0,0.0,0.0,0.0,18473,global,0.0
1,4,lr1e-05_bs8_drop0p2_temp1p0_a0p25_b0p05__wd1e-04trmiss0_degmodglobal,8,1e-05,0.0001,0.2,1.0,0.25,0.05,lr1e-05_bs8_drop0p2_temp1p0_a0p25_b0p05__wd1e-04trmiss0_degmodglobal,14,0.7281075119972229,0.7551254034042358,0.5,0.7864348614348615,0.38461538461538464,0.0,0.6518314736230033,0.7162392054285321,0.026122653590781347,0.10675292036363057,0.0,0.0,0.0,0.0,0.0,18473,global,0.0
1,4,lr1e-05_bs8_drop0p2_temp1p0_a0p25_b0p05__wd1e-04trmiss0_degmodglobal,8,1e-05,0.0001,0.2,1.0,0.25,0.05,lr1e-05_bs8_drop0p2_temp1p0_a0p25_b0p05__wd1e-04trmiss0_degmodglobal,15,0.7029442872319903,0.7501744627952576,0.4722222222222222,0.7586570836570836,0.38461538461538464,0.0,0.6492216076169696,0.690864792891911,0.02781273065400975,0.1025261501116412,0.0,0.0,0.0,0.0,0.0,18473,global,0.0
1,4,lr1e-05_bs8_drop0p2_temp1p0_a0p25_b0p05__wd1e-04trmiss0_degmodglobal,8,1e-05,0.0001,0.2,1.0,0.25,0.05,lr1e-05_bs8_drop0p2_temp1p0_a0p25_b0p05__wd1e-04trmiss0_degmodglobal,16,0.6870219622339521,0.7494988739490509,0.5,0.7864348614348615,0.38461538461538464,0.0,0.6018756968634469,0.671258773122515,0.034605937876871655,0.14223400130867958,0.0,0.0,0.0,0.0,0.0,18473,global,0.0
1,4,lr1e-05_bs8_drop0p2_temp1p0_a0p25_b0p05__wd1e-04trmiss0_degmodglobal,8,1e-05,0.0001,0.2,1.0,0.25,0.05,lr1e-05_bs8_drop0p2_temp1p0_a0p25_b0p05__wd1e-04trmiss0_degmodglobal,17,0.6862121394702366,0.7500721514225006,0.5277777777777778,0.7963554963554964,0.38461538461538464,0.0,0.6276350106511798,0.6725667459624154,0.031949800705271106,0.11315892317465373,0.0,0.0,0.0,0.0,0.0,18473,global,0.0
1,4,lr1e-05_bs8_drop0p2_temp1p0_a0p25_b0p05__wd1e-04trmiss0_degmodglobal,8,1e-05,0.0001,0.2,1.0,0.25,0.05,lr1e-05_bs8_drop0p2_temp1p0_a0p25_b0p05__wd1e-04trmiss0_degmodglobal,18,0.7197871719087873,0.7514680325984955,0.5,0.7864348614348615,0.38461538461538464,0.0,0.6214078068733215,0.7029995151928493,0.03754867719752448,0.1480096791471754,0.0,0.0,0.0,0.0,0.0,18473,global,0.0
1,4,lr1e-05_bs8_drop0p2_temp1p0_a0p25_b0p05__wd1e-04trmiss0_degmodglobal,8,1e-05,0.0001,0.2,1.0,0.25,0.05,lr1e-05_bs8_drop0p2_temp1p0_a0p25_b0p05__wd1e-04trmiss0_degmodglobal,19,0.7029916899544852,0.7488647103309631,0.5277777777777778,0.7778369778369778,0.38461538461538464,0.0,0.6305505973952157,0.688039915902274,0.03616861466850553,0.11819243324654442,0.0,0.0,0.0,0.0,0.0,18473,global,0.0
1,4,lr1e-05_bs8_drop0p2_temp1p0_a0p25_b0p05__wd1e-04trmiss0_degmodglobal,8,1e-05,0.0001,0.2,1.0,0.25,0.05,lr1e-05_bs8_drop0p2_temp1p0_a0p25_b0p05__wd1e-04trmiss0_degmodglobal,20,0.7001745530537197,0.7471163868904114,0.5555555555555556,0.7926517926517926,0.38461538461538464,0.0,0.6168642725263324,0.6851351261138916,0.03357432223856449,0.13291709976536886,0.0,0.0,0.0,0.0,0.0,18473,global,0.0
1,4,lr1e-05_bs8_drop0p2_temp1p0_a0p25_b0p05__wd1e-04trmiss0_degmodglobal,8,1e-05,0.0001,0.2,1.0,0.25,0.05,lr1e-05_bs8_drop0p2_temp1p0_a0p25_b0p05__wd1e-04trmiss0_degmodglobal,21,0.7105437857764108,0.7471230030059814,0.5833333333333334,0.8058793058793059,0.38461538461538464,0.0,0.6135117326463971,0.6910504698753357,0.04005506049309458,0.1895913886172431,0.0,0.0,0.0,0.0,0.0,18473,global,0.0
1,4,lr1e-05_bs8_drop0p2_temp1p0_a0p25_b0p05__wd1e-04trmiss0_degmodglobal,8,1e-05,0.0001,0.2,1.0,0.25,0.05,lr1e-05_bs8_drop0p2_temp1p0_a0p25_b0p05__wd1e-04trmiss0_degmodglobal,22,0.6893036450658526,0.74852254986763,0.5277777777777777,0.7556147556147557,0.38461538461538464,0.0,0.6141320892742702,0.6756470288549151,0.030048198465790068,0.12289143673011235,0.0,0.0,0.0,0.0,0.0,18473,global,0.0
1,4,lr1e-05_bs8_drop0p2_temp1p0_a0p25_b0p05__wd1e-04trmiss0_degmodglobal,8,1e-05,0.0001,0.2,1.0,0.25,0.05,lr1e-05_bs8_drop0p2_temp1p0_a0p25_b0p05__wd1e-04trmiss0_degmodglobal,23,0.7123876554625375,0.7477555572986603,0.5277777777777777,0.7556147556147557,0.38461538461538464,0.0,0.6170745321682521,0.6998458164078849,0.02935640367546252,0.10405494432364192,0.0,0.0,0.0,0.0,0.0,18473,global,0.0
1,4,lr1e-05_bs8_drop0p2_temp1p0_a0p25_b0p05__wd1e-04trmiss0_degmodglobal,8,1e-05,0.0001,0.2,1.0,0.25,0.05,lr1e-05_bs8_drop0p2_temp1p0_a0p25_b0p05__wd1e-04trmiss0_degmodglobal,24,0.6878733124051776,0.7498234212398529,0.49999999999999994,0.7407999407999408,0.38461538461538464,0.0,0.6009257010051182,0.6708568930625916,0.03818785425807748,0.14938917330333165,0.0,0.0,0.0,0.0,0.0,18473,global,0.0
1,4,lr1e-05_bs8_drop0p2_temp1p0_a0p25_b0p05__wd1e-04trmiss0_degmodglobal,8,1e-05,0.0001,0.2,1.0,0.25,0.05,lr1e-05_bs8_drop0p2_temp1p0_a0p25_b0p05__wd1e-04trmiss0_degmodglobal,25,0.6829778977802822,0.7472231686115265,0.49999999999999994,0.7407999407999408,0.38461538461538464,0.0,0.6144619754382542,0.6696450369698661,0.027403992733785083,0.1296371157680239,0.0,0.0,0.0,0.0,0.0,18473,global,0.0
1,4,lr1e-05_bs8_drop0p2_temp1p0_a0p25_b0p05__wd1e-04trmiss0_degmodglobal,8,1e-05,0.0001,0.2,1.0,0.25,0.05,lr1e-05_bs8_drop0p2_temp1p0_a0p25_b0p05__wd1e-04trmiss0_degmodglobal,26,0.6872025983674186,0.7487634718418121,0.5277777777777778,0.7778369778369778,0.38461538461538464,0.0,0.6007861835615975,0.6737163066864014,0.03246801213494369,0.1073857769370079,0.0,0.0,0.0,0.0,0.0,18473,global,0.0
1,4,lr1e-05_bs8_drop0p2_temp1p0_a0p25_b0p05__wd1e-04trmiss0_degmodglobal,8,1e-05,0.0001,0.2,1.0,0.25,0.05,lr1e-05_bs8_drop0p2_temp1p0_a0p25_b0p05__wd1e-04trmiss0_degmodglobal,27,0.6903617892946515,0.7492692768573761,0.5277777777777778,0.7778369778369778,0.38461538461538464,0.0,0.5992953607014248,0.6738939370427813,0.03911728571568217,0.13377059091414725,0.0,0.0,0.0,0.0,0.0,18473,global,0.0
1,4,lr1e-05_bs8_drop0p2_temp1p0_a0p25_b0p05__wd1e-04trmiss0_degmodglobal,8,1e-05,0.0001,0.2,1.0,0.25,0.05,lr1e-05_bs8_drop0p2_temp1p0_a0p25_b0p05__wd1e-04trmiss0_degmodglobal,28,0.7158962317875454,0.7532955706119537,0.5277777777777778,0.7778369778369778,0.38461538461538464,0.0,0.6271952816418239,0.7001973816326686,0.03282546305230686,0.14984990230628423,0.0,0.0,0.0,0.0,0.0,18473,global,0.0
1,4,lr1e-05_bs8_drop0p2_temp1p0_a0p25_b0p05__wd1e-04trmiss0_degmodglobal,8,1e-05,0.0001,0.2,1.0,0.25,0.05,lr1e-05_bs8_drop0p2_temp1p0_a0p25_b0p05__wd1e-04trmiss0_degmodglobal,29,0.7034028342791966,0.7543753087520599,0.49999999999999994,0.7407999407999408,0.38461538461538464,0.0,0.5962955781391689,0.686517562185015,0.038667402629341395,0.14436847929443633,0.0,0.0,0.0,0.0,0.0,18473,global,0.0
1,4,lr1e-05_bs8_drop0p2_temp1p0_a0p25_b0p05__wd1e-04trmiss0_degmodglobal,8,1e-05,0.0001,0.2,1.0,0.25,0.05,lr1e-05_bs8_drop0p2_temp1p0_a0p25_b0p05__wd1e-04trmiss0_degmodglobal,30,0.6963023969105312,0.7520433962345123,0.49999999999999994,0.7407999407999408,0.38461538461538464,0.0,0.5872040731566293,0.6803746819496155,0.03766387913908277,0.1302351142678942,0.0,0.0,0.0,0.0,0.0,18473,global,0.0
1,4,lr1e-05_bs8_drop0p2_temp1p0_a0p25_b0p05__wd1e-04trmiss0_degmodglobal,8,1e-05,0.0001,0.2,1.0,0.25,0.05,lr1e-05_bs8_drop0p2_temp1p0_a0p25_b0p05__wd1e-04trmiss0_degmodglobal,31,0.6852309022630964,0.7513803839683533,0.5277777777777778,0.7778369778369778,0.38461538461538464,0.0,0.6034008945737567,0.669444033077785,0.03766877496881144,0.12739344952361925,0.0,0.0,0.0,0.0,0.0,18473,global,0.0
1,4,lr1e-05_bs8_drop0p2_temp1p0_a0p25_b0p05__wd1e-04trmiss0_degmodglobal,8,1e-05,0.0001,0.2,1.0,0.25,0.05,lr1e-05_bs8_drop0p2_temp1p0_a0p25_b0p05__wd1e-04trmiss0_degmodglobal,32,0.7009393317358834,0.7527791559696198,0.5277777777777778,0.7778369778369778,0.38461538461538464,0.0,0.6176744018282209,0.6864048157419477,0.033560312752212794,0.12288869385208402,0.0,0.0,0.0,0.0,0.0,18473,global,0.0
1,4,lr1e-05_bs8_drop0p2_temp1p0_a0p25_b0p05__wd1e-04trmiss0_degmodglobal,8,1e-05,0.0001,0.2,1.0,0.25,0.05,lr1e-05_bs8_drop0p2_temp1p0_a0p25_b0p05__wd1e-04trmiss0_degmodglobal,33,0.6694683943475995,0.7498095035552979,0.5277777777777778,0.7778369778369778,0.38461538461538464,0.0,0.5820957677704948,0.6528207659721375,0.03844499667840345,0.14072720812899725,0.0,0.0,0.0,0.0,0.0,18473,global,0.0
1,4,lr1e-05_bs8_drop0p2_temp1p0_a0p25_b0p05__wd1e-04trmiss0_degmodglobal,8,1e-05,0.0001,0.2,1.0,0.25,0.05,lr1e-05_bs8_drop0p2_temp1p0_a0p25_b0p05__wd1e-04trmiss0_degmodglobal,34,0.7018395577158246,0.7482186853885651,0.5277777777777778,0.7778369778369778,0.38461538461538464,0.0,0.5767578993524823,0.6827317816870553,0.045419729447790554,0.15505714182342803,0.0,0.0,0.0,0.0,0.0,18473,global,0.0
1,4,lr1e-05_bs8_drop0p2_temp1p0_a0p25_b0p05__wd1e-04trmiss0_degmodglobal,8,1e-05,0.0001,0.2,1.0,0.25,0.05,lr1e-05_bs8_drop0p2_temp1p0_a0p25_b0p05__wd1e-04trmiss0_degmodglobal,35,0.7003526432173592,0.7481826543807983,0.5277777777777778,0.7778369778369778,0.38461538461538464,0.0,0.599787780216762,0.6840812904494149,0.041598117777279446,0.1174364345414298,0.0,0.0,0.0,0.0,0.0,18473,global,0.0
1,4,lr1e-05_bs8_drop0p2_temp1p0_a0p25_b0p05__wd1e-04trmiss0_degmodglobal,8,1e-05,0.0001,0.2,1.0,0.25,0.05,lr1e-05_bs8_drop0p2_temp1p0_a0p25_b0p05__wd1e-04trmiss0_degmodglobal,36,0.6746778232710702,0.7487899363040924,0.5277777777777778,0.7778369778369778,0.38461538461538464,0.0,0.590469343321664,0.6598571794373649,0.03438807864274297,0.12447233072349004,0.0,0.0,0.0,0.0,0.0,18473,global,0.0
1,4,lr1e-05_bs8_drop0p2_temp1p0_a0p25_b0p05__wd1e-04trmiss0_degmodglobal,8,1e-05,0.0001,0.2,1.0,0.25,0.05,lr1e-05_bs8_drop0p2_temp1p0_a0p25_b0p05__wd1e-04trmiss0_degmodglobal,37,0.6893465944698879,0.7516338229179382,0.5277777777777778,0.7778369778369778,0.38461538461538464,0.0,0.592661440372467,0.672818626676287,0.03906665263431413,0.13522628588335855,0.0,0.0,0.0,0.0,0.0,18473,global,0.0
1,4,lr1e-05_bs8_drop0p2_temp1p0_a0p25_b0p05__wd1e-04trmiss0_degmodglobal,8,1e-05,0.0001,0.2,1.0,0.25,0.05,lr1e-05_bs8_drop0p2_temp1p0_a0p25_b0p05__wd1e-04trmiss0_degmodglobal,38,0.691507373537336,0.7492918372154236,0.5277777777777778,0.7778369778369778,0.38461538461538464,0.0,0.5762506978852409,0.6737313526017326,0.04114512779882976,0.14979459877525056,0.0,0.0,0.0,0.0,0.0,18473,global,0.0
1,4,lr1e-05_bs8_drop0p2_temp1p0_a0p25_b0p05__wd1e-04trmiss0_degmodglobal,8,1e-05,0.0001,0.2,1.0,0.25,0.05,lr1e-05_bs8_drop0p2_temp1p0_a0p25_b0p05__wd1e-04trmiss0_degmodglobal,39,0.6617680447442191,0.7510369122028351,0.5277777777777778,0.7778369778369778,0.38461538461538464,0.0,0.5915329371179853,0.6464461003031049,0.035841229903910844,0.12723273038864136,0.0,0.0,0.0,0.0,0.0,18473,global,0.0
1,4,lr1e-05_bs8_drop0p2_temp1p0_a0p25_b0p05__wd1e-04trmiss0_degmodglobal,8,1e-05,0.0001,0.2,1.0,0.25,0.05,lr1e-05_bs8_drop0p2_temp1p0_a0p25_b0p05__wd1e-04trmiss0_degmodglobal,40,0.6821947353226798,0.7507126033306122,0.5277777777777778,0.7778369778369778,0.38461538461538464,0.0,0.5915067791938782,0.6689783164433071,0.03215161710977554,0.10357018719826426,0.0,0.0,0.0,0.0,0.0,18473,global,0.0
1,4,lr1e-05_bs8_drop0p2_temp1p0_a0p25_b0p05__wd1e-04trmiss0_degmodglobal,8,1e-05,0.0001,0.2,1.0,0.25,0.05,lr1e-05_bs8_drop0p2_temp1p0_a0p25_b0p05__wd1e-04trmiss0_degmodglobal,41,0.6691196049962725,0.7480180561542511,0.5555555555555556,0.7926517926517926,0.38461538461538464,0.0,0.5830327187265668,0.6543741141046796,0.03556477730827672,0.11708597945315498,0.0,0.0,0.0,0.0,0.0,18473,global,0.0
1,4,lr1e-05_bs8_drop0p2_temp2p0_a0p25_b0p05__wd1e-04trmiss0_degmodglobal,8,1e-05,0.0001,0.2,2.0,0.25,0.05,lr1e-05_bs8_drop0p2_temp2p0_a0p25_b0p05__wd1e-04trmiss0_degmodglobal,1,0.6853417669023786,0.6729190945625305,0.5,0.7065527065527066,0.5384615384615384,0.0,0.7131538987159729,0.66159040587289,0.06656611870442118,0.14219666059528077,0.0,0.0,0.0,0.0,0.0,18473,global,0.0
1,4,lr1e-05_bs8_drop0p2_temp2p0_a0p25_b0p05__wd1e-04trmiss0_degmodglobal,8,1e-05,0.0001,0.2,2.0,0.25,0.05,lr1e-05_bs8_drop0p2_temp2p0_a0p25_b0p05__wd1e-04trmiss0_degmodglobal,2,0.7010779551097325,0.6688665747642517,0.5833333333333334,0.737901912901913,0.5384615384615384,0.0,0.7052249567849296,0.6826527885028294,0.05274250890527453,0.1047909925026553,0.0,0.0,0.0,0.0,0.0,18473,global,0.0
1,4,lr1e-05_bs8_drop0p2_temp2p0_a0p25_b0p05__wd1e-04trmiss0_degmodglobal,8,1e-05,0.0001,0.2,2.0,0.25,0.05,lr1e-05_bs8_drop0p2_temp2p0_a0p25_b0p05__wd1e-04trmiss0_degmodglobal,3,0.6903024315834045,0.666405588388443,0.5833333333333334,0.737901912901913,0.5384615384615384,0.0,0.7057669843946185,0.6732037322861808,0.05183444172143936,0.0828017768050943,0.0,0.0,0.0,0.0,0.0,18473,global,0.0
1,4,lr1e-05_bs8_drop0p2_temp2p0_a0p25_b0p05__wd1e-04trmiss0_degmodglobal,8,1e-05,0.0001,0.2,2.0,0.25,0.05,lr1e-05_bs8_drop0p2_temp2p0_a0p25_b0p05__wd1e-04trmiss0_degmodglobal,4,0.6612985730171204,0.6608462035655975,0.5833333333333333,0.782654999321666,0.5384615384615384,0.0,0.6814123136656625,0.6419511011668614,0.052204644041402,0.12592635410172598,0.0,0.0,0.0,0.0,0.0,18473,global,0.0
1,4,lr1e-05_bs8_drop0p2_temp2p0_a0p25_b0p05__wd1e-04trmiss0_degmodglobal,8,1e-05,0.0001,0.2,2.0,0.25,0.05,lr1e-05_bs8_drop0p2_temp2p0_a0p25_b0p05__wd1e-04trmiss0_degmodglobal,5,0.6651916333607265,0.6567815542221069,0.5833333333333333,0.782654999321666,0.5384615384615384,0.0,0.7090035591806684,0.6449453830718994,0.05327639356255531,0.13854319282940455,0.0,0.0,0.0,0.0,0.0,18473,global,0.0
1,4,lr1e-05_bs8_drop0p2_temp2p0_a0p25_b0p05__wd1e-04trmiss0_degmodglobal,8,1e-05,0.0001,0.2,2.0,0.25,0.05,lr1e-05_bs8_drop0p2_temp2p0_a0p25_b0p05__wd1e-04trmiss0_degmodglobal,6,0.6552771925926208,0.6546585261821747,0.6388888888888888,0.8264260430927097,0.6153846153846154,0.0,0.693999205316816,0.6366692525999886,0.0514335459364312,0.11499089055827685,0.0,0.0,0.0,0.0,0.0,18473,global,0.0
1,4,lr1e-05_bs8_drop0p2_temp2p0_a0p25_b0p05__wd1e-04trmiss0_degmodglobal,8,1e-05,0.0001,0.2,2.0,0.25,0.05,lr1e-05_bs8_drop0p2_temp2p0_a0p25_b0p05__wd1e-04trmiss0_degmodglobal,7,0.670779653957912,0.6523813605308533,0.6388888888888888,0.8264260430927097,0.6153846153846154,0.0,0.6788226110594613,0.6503499320575169,0.05561905247824533,0.13049915432929993,0.0,0.0,0.0,0.0,0.0,18473,global,0.0
1,4,lr1e-05_bs8_drop0p2_temp2p0_a0p25_b0p05__wd1e-04trmiss0_degmodglobal,8,1e-05,0.0001,0.2,2.0,0.25,0.05,lr1e-05_bs8_drop0p2_temp2p0_a0p25_b0p05__wd1e-04trmiss0_degmodglobal,8,0.6543249402727399,0.6507822275161743,0.6388888888888888,0.8264260430927097,0.6923076923076923,0.0,0.6750241262572152,0.6352931005614144,0.05260378707732473,0.11761776251452309,0.0,0.0,0.0,0.0,0.0,18473,global,0.0
1,4,lr1e-05_bs8_drop0p2_temp2p0_a0p25_b0p05__wd1e-04trmiss0_degmodglobal,8,1e-05,0.0001,0.2,2.0,0.25,0.05,lr1e-05_bs8_drop0p2_temp2p0_a0p25_b0p05__wd1e-04trmiss0_degmodglobal,9,0.651076078414917,0.6498067378997803,0.6666666666666667,0.8372285122285124,0.6153846153846154,0.0,0.6741885968617031,0.6310257400785174,0.05353322625160217,0.1333406093929495,0.0,0.0,0.0,0.0,0.0,18473,global,0.0
1,4,lr1e-05_bs8_drop0p2_temp2p0_a0p25_b0p05__wd1e-04trmiss0_degmodglobal,8,1e-05,0.0001,0.2,2.0,0.25,0.05,lr1e-05_bs8_drop0p2_temp2p0_a0p25_b0p05__wd1e-04trmiss0_degmodglobal,10,0.6598611048289708,0.6490786373615265,0.6388888888888888,0.8264260430927097,0.6923076923076923,0.0,0.6621235609054565,0.6400220138686044,0.057316290480749946,0.11020047324044364,0.0,0.0,0.0,0.0,0.0,18473,global,0.0
1,4,lr1e-05_bs8_drop0p2_temp2p0_a0p25_b0p05__wd1e-04trmiss0_degmodglobal,8,1e-05,0.0001,0.2,2.0,0.25,0.05,lr1e-05_bs8_drop0p2_temp2p0_a0p25_b0p05__wd1e-04trmiss0_degmodglobal,11,0.6605483378682818,0.6482454538345337,0.6666666666666667,0.8372285122285124,0.6923076923076923,0.0,0.6804768187659127,0.6413384931428092,0.048855796456336975,0.1399178153702191,0.0,0.0,0.0,0.0,0.0,18473,global,0.0
1,4,lr1e-05_bs8_drop0p2_temp2p0_a0p25_b0p05__wd1e-04trmiss0_degmodglobal,8,1e-05,0.0001,0.2,2.0,0.25,0.05,lr1e-05_bs8_drop0p2_temp2p0_a0p25_b0p05__wd1e-04trmiss0_degmodglobal,12,0.6381138392857143,0.6469531953334808,0.6666666666666667,0.8372285122285124,0.6153846153846154,0.0,0.6754896300179618,0.6200903313500541,0.051692101040056775,0.10200948161738259,0.0,0.0,0.0,0.0,0.0,18473,global,0.0
1,4,lr1e-05_bs8_drop0p2_temp2p0_a0p25_b0p05__wd1e-04trmiss0_degmodglobal,8,1e-05,0.0001,0.2,2.0,0.25,0.05,lr1e-05_bs8_drop0p2_temp2p0_a0p25_b0p05__wd1e-04trmiss0_degmodglobal,13,0.652856843812125,0.645148903131485,0.6666666666666667,0.8372285122285124,0.6153846153846154,0.0,0.6672777448381696,0.6342140351022992,0.052171465541635244,0.11199863467897687,0.0,0.0,0.0,0.0,0.0,18473,global,0.0
1,4,lr1e-05_bs8_drop0p2_temp2p0_a0p25_b0p05__wd1e-04trmiss0_degmodglobal,8,1e-05,0.0001,0.2,2.0,0.25,0.05,lr1e-05_bs8_drop0p2_temp2p0_a0p25_b0p05__wd1e-04trmiss0_degmodglobal,14,0.6486416288784572,0.6473368406295776,0.6666666666666667,0.8372285122285124,0.6153846153846154,0.0,0.6502407193183899,0.6288010988916669,0.05520097113081387,0.12080612086824008,0.0,0.0,0.0,0.0,0.0,18473,global,0.0
1,4,lr1e-05_bs8_drop0p2_temp2p0_a0p25_b0p05__wd1e-04trmiss0_degmodglobal,8,1e-05,0.0001,0.2,2.0,0.25,0.05,lr1e-05_bs8_drop0p2_temp2p0_a0p25_b0p05__wd1e-04trmiss0_degmodglobal,15,0.645608936037336,0.6472148597240448,0.6944444444444445,0.86500629000629,0.6923076923076923,0.0,0.6672680292810712,0.6270523922783988,0.05022357936416354,0.12001302093267441,0.0,0.0,0.0,0.0,0.0,18473,global,0.0
1,4,lr1e-05_bs8_drop0p2_temp2p0_a0p25_b0p05__wd1e-04trmiss0_degmodglobal,8,1e-05,0.0001,0.2,2.0,0.25,0.05,lr1e-05_bs8_drop0p2_temp2p0_a0p25_b0p05__wd1e-04trmiss0_degmodglobal,16,0.6395385691097805,0.6462321281433105,0.6944444444444445,0.86500629000629,0.6923076923076923,0.0,0.6550272362572807,0.6202183791569301,0.054232904953616004,0.11523932165333203,0.0,0.0,0.0,0.0,0.0,18473,global,0.0
1,4,lr1e-05_bs8_drop0p2_temp2p0_a0p25_b0p05__wd1e-04trmiss0_degmodglobal,8,1e-05,0.0001,0.2,2.0,0.25,0.05,lr1e-05_bs8_drop0p2_temp2p0_a0p25_b0p05__wd1e-04trmiss0_degmodglobal,17,0.630507903439658,0.6491546332836151,0.6666666666666666,0.8542038208704876,0.6153846153846154,0.0,0.6713269438062396,0.6117856161934989,0.04941840150526592,0.12735386618546077,0.0,0.0,0.0,0.0,0.0,18473,global,0.0
1,4,lr1e-05_bs8_drop0p2_temp2p0_a0p25_b0p05__wd1e-04trmiss0_degmodglobal,8,1e-05,0.0001,0.2,2.0,0.25,0.05,lr1e-05_bs8_drop0p2_temp2p0_a0p25_b0p05__wd1e-04trmiss0_degmodglobal,18,0.6153179918016706,0.6489702761173248,0.6388888888888888,0.8422990589657258,0.6923076923076923,0.0,0.6364831328392029,0.5956638029643467,0.05589191881673677,0.11362414221678462,0.0,0.0,0.0,0.0,0.0,18473,global,0.0
1,4,lr1e-05_bs8_drop0p2_temp2p0_a0p25_b0p05__wd1e-04trmiss0_degmodglobal,8,1e-05,0.0001,0.2,2.0,0.25,0.05,lr1e-05_bs8_drop0p2_temp2p0_a0p25_b0p05__wd1e-04trmiss0_degmodglobal,19,0.6361867444855827,0.6460738778114319,0.6666666666666666,0.8542038208704876,0.6923076923076923,0.0,0.6475608689444405,0.6169084480830601,0.052203099110296795,0.12455026698963982,0.0,0.0,0.0,0.0,0.0,18473,global,0.0
1,4,lr1e-05_bs8_drop0p2_temp2p0_a0p25_b0p05__wd1e-04trmiss0_degmodglobal,8,1e-05,0.0001,0.2,2.0,0.25,0.05,lr1e-05_bs8_drop0p2_temp2p0_a0p25_b0p05__wd1e-04trmiss0_degmodglobal,20,0.6562046323503766,0.6427038609981537,0.6666666666666666,0.8542038208704876,0.6923076923076923,0.0,0.6892161965370178,0.6317716666630336,0.06337213250143188,0.17179854533502034,0.0,0.0,0.0,0.0,0.0,18473,global,0.0
1,4,lr1e-05_bs8_drop0p2_temp2p0_a0p25_b0p05__wd1e-04trmiss0_degmodglobal,8,1e-05,0.0001,0.2,2.0,0.25,0.05,lr1e-05_bs8_drop0p2_temp2p0_a0p25_b0p05__wd1e-04trmiss0_degmodglobal,21,0.6207391449383327,0.6440093219280243,0.6666666666666666,0.8542038208704876,0.6153846153846154,0.0,0.6448262078421456,0.6020241635186332,0.051080570689269474,0.11889692395925522,0.0,0.0,0.0,0.0,0.0,18473,global,0.0
1,4,lr1e-05_bs8_drop0p2_temp2p0_a0p25_b0p05__wd1e-04trmiss0_degmodglobal,8,1e-05,0.0001,0.2,2.0,0.25,0.05,lr1e-05_bs8_drop0p2_temp2p0_a0p25_b0p05__wd1e-04trmiss0_degmodglobal,22,0.6200307948248727,0.6471032798290253,0.6388888888888888,0.8264260430927097,0.6923076923076923,0.0,0.6339652708598545,0.6019577809742519,0.04955313407949039,0.11369425164801734,0.0,0.0,0.0,0.0,0.0,18473,global,0.0
1,4,lr1e-05_bs8_drop0p2_temp2p0_a0p25_b0p05__wd1e-04trmiss0_degmodglobal,8,1e-05,0.0001,0.2,2.0,0.25,0.05,lr1e-05_bs8_drop0p2_temp2p0_a0p25_b0p05__wd1e-04trmiss0_degmodglobal,23,0.6129883527755737,0.6488999128341675,0.6388888888888888,0.8264260430927097,0.6923076923076923,0.0,0.6631846853664943,0.5939197710582188,0.05328761999096189,0.11493369138666562,0.0,0.0,0.0,0.0,0.0,18473,global,0.0
1,4,lr1e-05_bs8_drop0p2_temp2p0_a0p25_b0p05__wd1e-04trmiss0_degmodglobal,8,1e-05,0.0001,0.2,2.0,0.25,0.05,lr1e-05_bs8_drop0p2_temp2p0_a0p25_b0p05__wd1e-04trmiss0_degmodglobal,24,0.6343731795038495,0.6507315635681152,0.611111111111111,0.7893890060556727,0.6153846153846154,0.0,0.6389141849109105,0.6130421927997044,0.05837282804506166,0.13475560822657176,0.0,0.0,0.0,0.0,0.0,18473,global,0.0
1,4,lr1e-05_bs8_drop0p2_temp2p0_a0p25_b0p05__wd1e-04trmiss0_degmodglobal,8,1e-05,0.0001,0.2,2.0,0.25,0.05,lr1e-05_bs8_drop0p2_temp2p0_a0p25_b0p05__wd1e-04trmiss0_degmodglobal,25,0.6090094787733895,0.6462931632995605,0.6666666666666666,0.8542038208704876,0.6153846153846154,0.0,0.6340095826557705,0.5890564407621112,0.05511007724063737,0.1235106885433197,0.0,0.0,0.0,0.0,0.0,18473,global,0.0
1,4,lr1e-05_bs8_drop0p2_temp2p0_a0p25_b0p05__wd1e-04trmiss0_degmodglobal,8,1e-05,0.0001,0.2,2.0,0.25,0.05,lr1e-05_bs8_drop0p2_temp2p0_a0p25_b0p05__wd1e-04trmiss0_degmodglobal,26,0.617943389075143,0.6455938816070557,0.6388888888888888,0.8422990589657258,0.6153846153846154,0.0,0.6378962312425885,0.5975908551897321,0.060605822929314206,0.1040215753018856,0.0,0.0,0.0,0.0,0.0,18473,global,0.0
1,4,lr1e-05_bs8_drop0p2_temp2p0_a0p25_b0p05__wd1e-04trmiss0_degmodglobal,8,1e-05,0.0001,0.2,2.0,0.25,0.05,lr1e-05_bs8_drop0p2_temp2p0_a0p25_b0p05__wd1e-04trmiss0_degmodglobal,27,0.610314667224884,0.6465218365192413,0.6388888888888888,0.8422990589657258,0.6153846153846154,0.0,0.6243267229625157,0.5917090688432965,0.0508443255509649,0.11789039096661977,0.0,0.0,0.0,0.0,0.0,18473,global,0.0
1,4,lr1e-05_bs8_drop0p2_temp2p0_a0p25_b0p05__wd1e-04trmiss0_degmodglobal,8,1e-05,0.0001,0.2,2.0,0.25,0.05,lr1e-05_bs8_drop0p2_temp2p0_a0p25_b0p05__wd1e-04trmiss0_degmodglobal,28,0.6067148447036743,0.6418040096759796,0.6388888888888888,0.8422990589657258,0.6923076923076923,0.0,0.6411399585860116,0.585641588483538,0.05805556369679315,0.1311871095427445,0.0,0.0,0.0,0.0,0.0,18473,global,0.0
1,4,lr1e-05_bs8_drop0p2_temp2p0_a0p25_b0p05__wd1e-04trmiss0_degmodglobal,8,1e-05,0.0001,0.2,2.0,0.25,0.05,lr1e-05_bs8_drop0p2_temp2p0_a0p25_b0p05__wd1e-04trmiss0_degmodglobal,29,0.6158187304224286,0.645243227481842,0.6388888888888888,0.8422990589657258,0.6153846153846154,0.0,0.6223341567175729,0.5918761236327035,0.06497151138527053,0.15399448999336787,0.0,0.0,0.0,0.0,0.0,18473,global,0.0
1,4,lr1e-05_bs8_drop0p2_temp2p0_a0p25_b0p05__wd1e-04trmiss0_degmodglobal,8,1e-05,0.0001,0.2,2.0,0.25,0.05,lr1e-05_bs8_drop0p2_temp2p0_a0p25_b0p05__wd1e-04trmiss0_degmodglobal,30,0.6149746264730181,0.6450224220752716,0.6388888888888888,0.8422990589657258,0.6153846153846154,0.0,0.6384658983775547,0.5928941794804165,0.06091941414134843,0.1370119351361479,0.0,0.0,0.0,0.0,0.0,18473,global,0.0
1,4,lr1e-05_bs8_drop0p2_temp2p0_a0p25_b0p05__wd1e-04trmiss0_degmodglobal,8,1e-05,0.0001,0.2,2.0,0.25,0.05,lr1e-05_bs8_drop0p2_temp2p0_a0p25_b0p05__wd1e-04trmiss0_degmodglobal,31,0.6158453396388462,0.6468836069107056,0.6388888888888888,0.8422990589657258,0.6153846153846154,0.0,0.62111325774874,0.593491085938045,0.05652310858879771,0.16446945071220398,0.0,0.0,0.0,0.0,0.0,18473,global,0.0
1,4,lr1e-05_bs8_drop0p2_temp2p0_a0p25_b0p05__wd1e-04trmiss0_degmodglobal,8,1e-05,0.0001,0.2,2.0,0.25,0.05,lr1e-05_bs8_drop0p2_temp2p0_a0p25_b0p05__wd1e-04trmiss0_degmodglobal,32,0.6114081229482379,0.6463556885719299,0.6388888888888888,0.8422990589657258,0.6923076923076923,0.0,0.6174764377730233,0.5900731597627912,0.05849863003407206,0.13420606777071953,0.0,0.0,0.0,0.0,0.0,18473,global,0.0
1,4,lr1e-05_bs8_drop0p2_temp2p0_a0p25_b0p05__wd1e-04trmiss0_degmodglobal,8,1e-05,0.0001,0.2,2.0,0.25,0.05,lr1e-05_bs8_drop0p2_temp2p0_a0p25_b0p05__wd1e-04trmiss0_degmodglobal,33,0.6011458890778678,0.6445885896682739,0.6388888888888888,0.8422990589657258,0.6923076923076923,0.0,0.6205184800284249,0.5833741000720433,0.05035280542714255,0.10367166463817869,0.0,0.0,0.0,0.0,0.0,18473,global,0.0
1,4,lr1e-05_bs8_drop0p2_temp2p0_a0p25_b0p05__wd1e-04trmiss0_degmodglobal,8,1e-05,0.0001,0.2,2.0,0.25,0.05,lr1e-05_bs8_drop0p2_temp2p0_a0p25_b0p05__wd1e-04trmiss0_degmodglobal,34,0.588074905531747,0.6441499888896942,0.6388888888888888,0.8422990589657258,0.6923076923076923,0.0,0.6092066935130528,0.5630330528531756,0.0739237405359745,0.1312183908053807,0.0,0.0,0.0,0.0,0.0,18473,global,0.0
1,4,lr1e-05_bs8_drop0p2_temp2p0_a0p25_b0p05__wd1e-04trmiss0_degmodglobal,8,1e-05,0.0001,0.2,2.0,0.25,0.05,lr1e-05_bs8_drop0p2_temp2p0_a0p25_b0p05__wd1e-04trmiss0_degmodglobal,35,0.5986137134688241,0.6416924893856049,0.6388888888888888,0.8422990589657258,0.6923076923076923,0.0,0.6002454076494489,0.5779074430465698,0.05791237364922251,0.1245635130575725,0.0,0.0,0.0,0.0,0.0,18473,global,0.0
1,4,lr1e-05_bs8_drop0p2_temp2p0_a0p25_b0p05__wd1e-04trmiss0_degmodglobal,8,1e-05,0.0001,0.2,2.0,0.25,0.05,lr1e-05_bs8_drop0p2_temp2p0_a0p25_b0p05__wd1e-04trmiss0_degmodglobal,36,0.6074039084570748,0.6429757177829742,0.6388888888888888,0.8422990589657258,0.6923076923076923,0.0,0.6163250548498971,0.582769342831203,0.06844274167503629,0.15047747961112432,0.0,0.0,0.0,0.0,0.0,18473,global,0.0
1,4,lr1e-05_bs8_drop0p4_temp1p0_a0p25_b0p05__wd1e-04trmiss0_degmodglobal,8,1e-05,0.0001,0.4,1.0,0.25,0.05,lr1e-05_bs8_drop0p4_temp1p0_a0p25_b0p05__wd1e-04trmiss0_degmodglobal,1,0.7008569666317531,0.6344050765037537,0.5833333333333333,0.8120250120250121,0.7692307692307693,0.0,0.7088116577693394,0.6614980527332851,0.0991592247571264,0.29138210841587614,0.0,0.0,0.0,0.0,0.0,18473,global,0.0
1,4,lr1e-05_bs8_drop0p4_temp1p0_a0p25_b0p05__wd1e-04trmiss0_degmodglobal,8,1e-05,0.0001,0.4,1.0,0.25,0.05,lr1e-05_bs8_drop0p4_temp1p0_a0p25_b0p05__wd1e-04trmiss0_degmodglobal,2,0.7108421836580548,0.6311350166797638,0.5833333333333333,0.8120250120250121,0.7692307692307693,0.0,0.7484667045729501,0.6719584124428886,0.08801706401365143,0.33759021759033203,0.0,0.0,0.0,0.0,0.0,18473,global,0.0
1,4,lr1e-05_bs8_drop0p4_temp1p0_a0p25_b0p05__wd1e-04trmiss0_degmodglobal,8,1e-05,0.0001,0.4,1.0,0.25,0.05,lr1e-05_bs8_drop0p4_temp1p0_a0p25_b0p05__wd1e-04trmiss0_degmodglobal,3,0.7184507506234306,0.6273608803749084,0.6111111111111112,0.8206669873336541,0.7692307692307693,0.0,0.6712628943579537,0.68651625088283,0.07647474535873958,0.2563162626964705,0.0,0.0,0.0,0.0,0.0,18473,global,0.0
1,4,lr1e-05_bs8_drop0p4_temp1p0_a0p25_b0p05__wd1e-04trmiss0_degmodglobal,8,1e-05,0.0001,0.4,1.0,0.25,0.05,lr1e-05_bs8_drop0p4_temp1p0_a0p25_b0p05__wd1e-04trmiss0_degmodglobal,4,0.6712313124111721,0.6230590045452118,0.6388888888888888,0.8354818021484689,0.7692307692307693,0.0,0.7070832337651934,0.6428147980145046,0.07200747462255615,0.2082928376538413,0.0,0.0,0.0,0.0,0.0,18473,global,0.0
1,4,lr1e-05_bs8_drop0p4_temp1p0_a0p25_b0p05__wd1e-04trmiss0_degmodglobal,8,1e-05,0.0001,0.4,1.0,0.25,0.05,lr1e-05_bs8_drop0p4_temp1p0_a0p25_b0p05__wd1e-04trmiss0_degmodglobal,5,0.7164648175239563,0.6196741163730621,0.6666666666666666,0.8577040243706913,0.7692307692307693,0.0,0.7121154580797467,0.6672355958393642,0.12017824075051717,0.3836929351091385,0.0,0.0,0.0,0.0,0.0,18473,global,0.0
1,4,lr1e-05_bs8_drop0p4_temp1p0_a0p25_b0p05__wd1e-04trmiss0_degmodglobal,8,1e-05,0.0001,0.4,1.0,0.25,0.05,lr1e-05_bs8_drop0p4_temp1p0_a0p25_b0p05__wd1e-04trmiss0_degmodglobal,6,0.6750128780092511,0.612250804901123,0.6944444444444444,0.8709315375982045,0.7692307692307693,0.0,0.6703604885510036,0.6472579836845398,0.0738416989999158,0.1858892579163824,0.0,0.0,0.0,0.0,0.0,18473,global,0.0
1,4,lr1e-05_bs8_drop0p4_temp1p0_a0p25_b0p05__wd1e-04trmiss0_degmodglobal,8,1e-05,0.0001,0.4,1.0,0.25,0.05,lr1e-05_bs8_drop0p4_temp1p0_a0p25_b0p05__wd1e-04trmiss0_degmodglobal,7,0.7071864094052996,0.6090863347053528,0.7777777777777778,0.9051066217732886,0.7692307692307693,0.0,0.7097039307866778,0.669005709035056,0.10049301598753248,0.2611490253891264,0.0,0.0,0.0,0.0,0.0,18473,global,0.0
1,4,lr1e-05_bs8_drop0p4_temp1p0_a0p25_b0p05__wd1e-04trmiss0_degmodglobal,8,1e-05,0.0001,0.4,1.0,0.25,0.05,lr1e-05_bs8_drop0p4_temp1p0_a0p25_b0p05__wd1e-04trmiss0_degmodglobal,8,0.7228052275521415,0.6067131161689758,0.75,0.88658810325477,0.8461538461538461,0.0,0.7006725498608181,0.6850115060806274,0.089657012373209,0.30758966505527496,0.0,0.0,0.0,0.0,0.0,18473,global,0.0
1,4,lr1e-05_bs8_drop0p4_temp1p0_a0p25_b0p05__wd1e-04trmiss0_degmodglobal,8,1e-05,0.0001,0.4,1.0,0.25,0.05,lr1e-05_bs8_drop0p4_temp1p0_a0p25_b0p05__wd1e-04trmiss0_degmodglobal,9,0.6965990492275783,0.6059907078742981,0.75,0.88658810325477,0.8461538461538461,0.0,0.7095836911882673,0.6557826910700116,0.10787832311221532,0.276935481599399,0.0,0.0,0.0,0.0,0.0,18473,global,0.0
1,4,lr1e-05_bs8_drop0p4_temp1p0_a0p25_b0p05__wd1e-04trmiss0_degmodglobal,8,1e-05,0.0001,0.4,1.0,0.25,0.05,lr1e-05_bs8_drop0p4_temp1p0_a0p25_b0p05__wd1e-04trmiss0_degmodglobal,10,0.710379787853786,0.6057800054550171,0.7222222222222222,0.8733605900272567,0.8461538461538461,0.0,0.6639658468110221,0.6657209311212812,0.10742106288671494,0.3560717872210911,0.0,0.0,0.0,0.0,0.0,18473,global,0.0
1,4,lr1e-05_bs8_drop0p4_temp1p0_a0p25_b0p05__wd1e-04trmiss0_degmodglobal,8,1e-05,0.0001,0.4,1.0,0.25,0.05,lr1e-05_bs8_drop0p4_temp1p0_a0p25_b0p05__wd1e-04trmiss0_degmodglobal,11,0.6765222464288984,0.6063294112682343,0.7222222222222222,0.8733605900272567,0.8461538461538461,0.0,0.670103941644941,0.6381814309528896,0.0993650598185403,0.26999093166419436,0.0,0.0,0.0,0.0,0.0,18473,global,0.0
1,4,lr1e-05_bs8_drop0p4_temp1p0_a0p25_b0p05__wd1e-04trmiss0_degmodglobal,8,1e-05,0.0001,0.4,1.0,0.25,0.05,lr1e-05_bs8_drop0p4_temp1p0_a0p25_b0p05__wd1e-04trmiss0_degmodglobal,12,0.6881643959454128,0.6067917048931122,0.7222222222222222,0.8733605900272567,0.7692307692307693,0.0,0.6679096392222813,0.6513812584536416,0.08762816020420619,0.29752178490161896,0.0,0.0,0.0,0.0,0.0,18473,global,0.0
1,4,lr1e-05_bs8_drop0p4_temp1p0_a0p25_b0p05__wd1e-04trmiss0_degmodglobal,8,1e-05,0.0001,0.4,1.0,0.25,0.05,lr1e-05_bs8_drop0p4_temp1p0_a0p25_b0p05__wd1e-04trmiss0_degmodglobal,13,0.6676300508635384,0.6079787611961365,0.7222222222222222,0.8733605900272567,0.7692307692307693,0.0,0.6438000287328448,0.6362188032695225,0.07474056631326675,0.254522191626685,0.0,0.0,0.0,0.0,0.0,18473,global,0.0
1,4,lr1e-05_bs8_drop0p4_temp1p0_a0p25_b0p05__wd1e-04trmiss0_degmodglobal,8,1e-05,0.0001,0.4,1.0,0.25,0.05,lr1e-05_bs8_drop0p4_temp1p0_a0p25_b0p05__wd1e-04trmiss0_degmodglobal,14,0.6729327951158796,0.607678085565567,0.75,0.88658810325477,0.7692307692307693,0.0,0.6571148633956909,0.647802438054766,0.05825646088591644,0.2113252037337848,0.0,0.0,0.0,0.0,0.0,18473,global,0.0
1,4,lr1e-05_bs8_drop0p4_temp1p0_a0p25_b0p05__wd1e-04trmiss0_degmodglobal,8,1e-05,0.0001,0.4,1.0,0.25,0.05,lr1e-05_bs8_drop0p4_temp1p0_a0p25_b0p05__wd1e-04trmiss0_degmodglobal,15,0.6633185488837106,0.6075970232486725,0.75,0.88658810325477,0.7692307692307693,0.0,0.6516137208257403,0.6323152184486389,0.08054727954523903,0.21732997042792185,0.0,0.0,0.0,0.0,0.0,18473,global,0.0
1,4,lr1e-05_bs8_drop0p4_temp1p0_a0p25_b0p05__wd1e-04trmiss0_degmodglobal,8,1e-05,0.0001,0.4,1.0,0.25,0.05,lr1e-05_bs8_drop0p4_temp1p0_a0p25_b0p05__wd1e-04trmiss0_degmodglobal,16,0.6975317512239728,0.6077874004840851,0.75,0.88658810325477,0.7692307692307693,0.0,0.654129581792014,0.6655267987932477,0.08132878850613322,0.23345522582530975,0.0,0.0,0.0,0.0,0.0,18473,global,0.0
1,4,lr1e-05_bs8_drop0p4_temp1p0_a0p25_b0p05__wd1e-04trmiss0_degmodglobal,8,1e-05,0.0001,0.4,1.0,0.25,0.05,lr1e-05_bs8_drop0p4_temp1p0_a0p25_b0p05__wd1e-04trmiss0_degmodglobal,17,0.6637452159609113,0.6081437468528748,0.75,0.88658810325477,0.7692307692307693,0.0,0.6501048377582005,0.6281232833862305,0.08701508545449801,0.2773630427462714,0.0,0.0,0.0,0.0,0.0,18473,global,0.0
1,4,lr1e-05_bs8_drop0p4_temp1p0_a0p25_b0p05__wd1e-04trmiss0_degmodglobal,8,1e-05,0.0001,0.4,1.0,0.25,0.05,lr1e-05_bs8_drop0p4_temp1p0_a0p25_b0p05__wd1e-04trmiss0_degmodglobal,18,0.6653449279921395,0.6090301871299744,0.75,0.88658810325477,0.7692307692307693,0.0,0.6252248202051435,0.6397006171090263,0.06695667547839028,0.17810316383838654,0.0,0.0,0.0,0.0,0.0,18473,global,0.0
1,4,lr1e-05_bs8_drop0p4_temp1p0_a0p25_b0p05__wd1e-04trmiss0_degmodglobal,8,1e-05,0.0001,0.4,1.0,0.25,0.05,lr1e-05_bs8_drop0p4_temp1p0_a0p25_b0p05__wd1e-04trmiss0_degmodglobal,19,0.6619593330792019,0.608750969171524,0.75,0.88658810325477,0.7692307692307693,0.0,0.6351588368415833,0.6249151655605861,0.09405048830168587,0.2706309450524194,0.0,0.0,0.0,0.0,0.0,18473,global,0.0
1,4,lr1e-05_bs8_drop0p4_temp1p0_a0p25_b0p05__wd1e-04trmiss0_degmodglobal,8,1e-05,0.0001,0.4,1.0,0.25,0.05,lr1e-05_bs8_drop0p4_temp1p0_a0p25_b0p05__wd1e-04trmiss0_degmodglobal,20,0.6480715956006732,0.6077160537242889,0.7222222222222222,0.8733605900272567,0.7692307692307693,0.0,0.6411819883755275,0.6093626022338867,0.08667447258319173,0.3408076592854091,0.0,0.0,0.0,0.0,0.0,18473,global,0.0
1,4,lr1e-05_bs8_drop0p4_temp1p0_a0p25_b0p05__wd1e-04trmiss0_degmodglobal,8,1e-05,0.0001,0.4,1.0,0.25,0.05,lr1e-05_bs8_drop0p4_temp1p0_a0p25_b0p05__wd1e-04trmiss0_degmodglobal,21,0.6791618977274213,0.6072704493999481,0.75,0.88658810325477,0.7692307692307693,0.0,0.6743088024003165,0.6400357825415475,0.09489729095782552,0.30803591864449636,0.0,0.0,0.0,0.0,0.0,18473,global,0.0
1,4,lr1e-05_bs8_drop0p4_temp1p0_a0p25_b0p05__wd1e-04trmiss0_degmodglobal,8,1e-05,0.0001,0.4,1.0,0.25,0.05,lr1e-05_bs8_drop0p4_temp1p0_a0p25_b0p05__wd1e-04trmiss0_degmodglobal,22,0.6781379665647235,0.6074690222740173,0.75,0.88658810325477,0.7692307692307693,0.0,0.6495928253446307,0.6401850666318621,0.09132419207266398,0.30243689673287527,0.0,0.0,0.0,0.0,0.0,18473,global,0.0
1,4,lr1e-05_bs8_drop0p4_temp1p0_a0p25_b0p05__wd1e-04trmiss0_degmodglobal,8,1e-05,0.0001,0.4,1.0,0.25,0.05,lr1e-05_bs8_drop0p4_temp1p0_a0p25_b0p05__wd1e-04trmiss0_degmodglobal,23,0.6685729197093419,0.606638640165329,0.75,0.88658810325477,0.7692307692307693,0.0,0.6193393298557827,0.6317628196307591,0.09835244076592582,0.24443995313985006,0.0,0.0,0.0,0.0,0.0,18473,global,0.0
1,4,lr1e-05_bs8_drop0p4_temp1p0_a0p25_b0p05__wd1e-04trmiss0_degmodglobal,8,1e-05,0.0001,0.4,1.0,0.25,0.05,lr1e-05_bs8_drop0p4_temp1p0_a0p25_b0p05__wd1e-04trmiss0_degmodglobal,24,0.6563107541629246,0.6051509380340576,0.75,0.88658810325477,0.7692307692307693,0.0,0.6311179058892387,0.6252676972321102,0.0722247479217393,0.25973778111594065,0.0,0.0,0.0,0.0,0.0,18473,global,0.0
1,4,lr1e-05_bs8_drop0p4_temp1p0_a0p25_b0p05__wd1e-04trmiss0_degmodglobal,8,1e-05,0.0001,0.4,1.0,0.25,0.05,lr1e-05_bs8_drop0p4_temp1p0_a0p25_b0p05__wd1e-04trmiss0_degmodglobal,25,0.6818443792206901,0.6058542132377625,0.7222222222222222,0.8733605900272567,0.7692307692307693,0.0,0.5867936440876552,0.641704763684954,0.09850279986858368,0.3102785050868988,0.0,0.0,0.0,0.0,0.0,18473,global,0.0
1,4,lr1e-05_bs8_drop0p4_temp1p0_a0p25_b0p05__wd1e-04trmiss0_degmodglobal,8,1e-05,0.0001,0.4,1.0,0.25,0.05,lr1e-05_bs8_drop0p4_temp1p0_a0p25_b0p05__wd1e-04trmiss0_degmodglobal,26,0.6706226297787258,0.6049580872058868,0.7222222222222222,0.8733605900272567,0.7692307692307693,0.0,0.5982542974608285,0.631435147353581,0.09523363624300275,0.30758145664419445,0.0,0.0,0.0,0.0,0.0,18473,global,0.0
1,4,lr1e-05_bs8_drop0p4_temp1p0_a0p25_b0p05__wd1e-04trmiss0_degmodglobal,8,1e-05,0.0001,0.4,1.0,0.25,0.05,lr1e-05_bs8_drop0p4_temp1p0_a0p25_b0p05__wd1e-04trmiss0_degmodglobal,27,0.6754568644932338,0.6038753986358643,0.75,0.88658810325477,0.7692307692307693,0.0,0.6061825752258301,0.634597224848611,0.0990612299314567,0.3218866927283151,0.0,0.0,0.0,0.0,0.0,18473,global,0.0
1,4,lr1e-05_bs8_drop0p4_temp2p0_a0p25_b0p05__wd1e-04trmiss0_degmodglobal,8,1e-05,0.0001,0.4,2.0,0.25,0.05,lr1e-05_bs8_drop0p4_temp2p0_a0p25_b0p05__wd1e-04trmiss0_degmodglobal,1,0.7038721442222595,0.674052894115448,0.6944444444444444,0.7690035273368607,0.7692307692307693,0.0,0.7015046392168317,0.6881583077566964,0.04523862951568195,0.08808354128684316,0.0,0.0,0.0,0.0,0.0,18473,global,0.0
1,4,lr1e-05_bs8_drop0p4_temp2p0_a0p25_b0p05__wd1e-04trmiss0_degmodglobal,8,1e-05,0.0001,0.4,2.0,0.25,0.05,lr1e-05_bs8_drop0p4_temp2p0_a0p25_b0p05__wd1e-04trmiss0_degmodglobal,2,0.7040695462908063,0.6700743436813354,0.7777777777777778,0.8412257495590829,0.7692307692307693,0.0,0.6768027203423637,0.6856405649866376,0.049684559660298486,0.12015659468514579,0.0,0.0,0.0,0.0,0.0,18473,global,0.0
1,4,lr1e-05_bs8_drop0p4_temp2p0_a0p25_b0p05__wd1e-04trmiss0_degmodglobal,8,1e-05,0.0001,0.4,2.0,0.25,0.05,lr1e-05_bs8_drop0p4_temp2p0_a0p25_b0p05__wd1e-04trmiss0_degmodglobal,3,0.6874918597085136,0.668157547712326,0.6944444444444444,0.8114558281224948,0.6923076923076923,0.0,0.716361539704459,0.6645767518452236,0.05936947997127261,0.1614548691681453,0.0,0.0,0.0,0.0,0.0,18473,global,0.0
1,4,lr1e-05_bs8_drop0p4_temp2p0_a0p25_b0p05__wd1e-04trmiss0_degmodglobal,8,1e-05,0.0001,0.4,2.0,0.25,0.05,lr1e-05_bs8_drop0p4_temp2p0_a0p25_b0p05__wd1e-04trmiss0_degmodglobal,4,0.6869496788297381,0.6679306328296661,0.6944444444444444,0.8114558281224948,0.6923076923076923,0.0,0.6861923933029175,0.6670292019844055,0.059882239039455144,0.09899843430944852,0.0,0.0,0.0,0.0,0.0,18473,global,0.0
1,4,lr1e-05_bs8_drop0p4_temp2p0_a0p25_b0p05__wd1e-04trmiss0_degmodglobal,8,1e-05,0.0001,0.4,2.0,0.25,0.05,lr1e-05_bs8_drop0p4_temp2p0_a0p25_b0p05__wd1e-04trmiss0_degmodglobal,5,0.6864959001541138,0.6674655675888062,0.6666666666666666,0.8038800705467373,0.6923076923076923,0.0,0.6902288624218532,0.6655441182000297,0.055560060909816196,0.14123502107603209,0.0,0.0,0.0,0.0,0.0,18473,global,0.0
1,4,lr1e-05_bs8_drop0p4_temp2p0_a0p25_b0p05__wd1e-04trmiss0_degmodglobal,8,1e-05,0.0001,0.4,2.0,0.25,0.05,lr1e-05_bs8_drop0p4_temp2p0_a0p25_b0p05__wd1e-04trmiss0_degmodglobal,6,0.7119000894682748,0.6669288575649261,0.7222222222222222,0.8222582972582972,0.7692307692307693,0.0,0.7105862157685416,0.6906630567141941,0.058190779494387765,0.13378692524773733,0.0,0.0,0.0,0.0,0.0,18473,global,0.0
1,4,lr1e-05_bs8_drop0p4_temp2p0_a0p25_b0p05__wd1e-04trmiss0_degmodglobal,8,1e-05,0.0001,0.4,2.0,0.25,0.05,lr1e-05_bs8_drop0p4_temp2p0_a0p25_b0p05__wd1e-04trmiss0_degmodglobal,7,0.6838751179831368,0.6655642986297607,0.7222222222222222,0.8222582972582972,0.6923076923076923,0.0,0.6970054251807076,0.6617842742374965,0.06368912756443024,0.12337108382156917,0.0,0.0,0.0,0.0,0.0,18473,global,0.0
1,4,lr1e-05_bs8_drop0p4_temp2p0_a0p25_b0p05__wd1e-04trmiss0_degmodglobal,8,1e-05,0.0001,0.4,2.0,0.25,0.05,lr1e-05_bs8_drop0p4_temp2p0_a0p25_b0p05__wd1e-04trmiss0_degmodglobal,8,0.6847068922860282,0.6670098900794983,0.6944444444444444,0.8146825396825397,0.6923076923076923,0.0,0.6912501198904855,0.662515904222216,0.06162274203130177,0.1357060471283538,0.0,0.0,0.0,0.0,0.0,18473,global,0.0
1,4,lr1e-05_bs8_drop0p4_temp2p0_a0p25_b0p05__wd1e-04trmiss0_degmodglobal,8,1e-05,0.0001,0.4,2.0,0.25,0.05,lr1e-05_bs8_drop0p4_temp2p0_a0p25_b0p05__wd1e-04trmiss0_degmodglobal,9,0.6729535375322614,0.6662821173667908,0.6666666666666666,0.8082722832722833,0.6923076923076923,0.0,0.6745795948164803,0.6457433189664569,0.07330151966639928,0.17769664419548853,0.0,0.0,0.0,0.0,0.0,18473,global,0.0
1,4,lr1e-05_bs8_drop0p4_temp2p0_a0p25_b0p05__wd1e-04trmiss0_degmodglobal,8,1e-05,0.0001,0.4,2.0,0.25,0.05,lr1e-05_bs8_drop0p4_temp2p0_a0p25_b0p05__wd1e-04trmiss0_degmodglobal,10,0.6630986758640834,0.665173202753067,0.6666666666666666,0.8082722832722833,0.7692307692307693,0.0,0.673291632107326,0.6426257065364293,0.05574060071791921,0.1307562759944371,0.0,0.0,0.0,0.0,0.0,18473,global,0.0
1,4,lr1e-05_bs8_drop0p4_temp2p0_a0p25_b0p05__wd1e-04trmiss0_degmodglobal,8,1e-05,0.0001,0.4,2.0,0.25,0.05,lr1e-05_bs8_drop0p4_temp2p0_a0p25_b0p05__wd1e-04trmiss0_degmodglobal,11,0.6708729522568839,0.6666376888751984,0.6944444444444444,0.8181488264821599,0.7692307692307693,0.0,0.6665546638625008,0.6491848826408386,0.06493361720017024,0.10909299446003777,0.0,0.0,0.0,0.0,0.0,18473,global,0.0
1,4,lr1e-05_bs8_drop0p4_temp2p0_a0p25_b0p05__wd1e-04trmiss0_degmodglobal,8,1e-05,0.0001,0.4,2.0,0.25,0.05,lr1e-05_bs8_drop0p4_temp2p0_a0p25_b0p05__wd1e-04trmiss0_degmodglobal,12,0.6694420320647103,0.6674809157848358,0.6666666666666666,0.8082722832722833,0.7692307692307693,0.0,0.6600434609821865,0.6466887678418841,0.05992817772286279,0.1554241861615862,0.0,0.0,0.0,0.0,0.0,18473,global,0.0
1,4,lr1e-05_bs8_drop0p4_temp2p0_a0p25_b0p05__wd1e-04trmiss0_degmodglobal,8,1e-05,0.0001,0.4,2.0,0.25,0.05,lr1e-05_bs8_drop0p4_temp2p0_a0p25_b0p05__wd1e-04trmiss0_degmodglobal,13,0.6562708786555699,0.6685056388378143,0.6666666666666666,0.8082722832722833,0.7692307692307693,0.0,0.6751461029052734,0.6321041413715908,0.06488682648965291,0.15890037694147655,0.0,0.0,0.0,0.0,0.0,18473,global,0.0
1,4,lr1e-05_bs8_drop0p4_temp2p0_a0p25_b0p05__wd1e-04trmiss0_degmodglobal,8,1e-05,0.0001,0.4,2.0,0.25,0.05,lr1e-05_bs8_drop0p4_temp2p0_a0p25_b0p05__wd1e-04trmiss0_degmodglobal,14,0.6759886060442243,0.6719413995742798,0.6388888888888888,0.8001914751914752,0.6923076923076923,0.0,0.6813950538635254,0.6529450161116463,0.06156280317476818,0.15305782109498978,0.0,0.0,0.0,0.0,0.0,18473,global,0.0
1,4,lr1e-05_bs8_drop0p4_temp2p0_a0p25_b0p05__wd1e-04trmiss0_degmodglobal,8,1e-05,0.0001,0.4,2.0,0.25,0.05,lr1e-05_bs8_drop0p4_temp2p0_a0p25_b0p05__wd1e-04trmiss0_degmodglobal,15,0.6649536831038338,0.6750949919223785,0.611111111111111,0.7893890060556727,0.6923076923076923,0.0,0.6622335229601178,0.6362167426518032,0.07864127201693398,0.1815325724227088,0.0,0.0,0.0,0.0,0.0,18473,global,0.0
1,4,lr1e-05_bs8_drop0p4_temp2p0_a0p25_b0p05__wd1e-04trmiss0_degmodglobal,8,1e-05,0.0001,0.4,2.0,0.25,0.05,lr1e-05_bs8_drop0p4_temp2p0_a0p25_b0p05__wd1e-04trmiss0_degmodglobal,16,0.6814439381871905,0.6742333173751831,0.611111111111111,0.7893890060556727,0.6923076923076923,0.0,0.6452548418726239,0.6549209441457476,0.07430406446967806,0.15893937753779547,0.0,0.0,0.0,0.0,0.0,18473,global,0.0
1,4,lr1e-05_bs8_drop0p4_temp2p0_a0p25_b0p05__wd1e-04trmiss0_degmodglobal,8,1e-05,0.0001,0.4,2.0,0.25,0.05,lr1e-05_bs8_drop0p4_temp2p0_a0p25_b0p05__wd1e-04trmiss0_degmodglobal,17,0.6657001035554069,0.6739688813686371,0.611111111111111,0.7893890060556727,0.6923076923076923,0.0,0.6495385084833417,0.647253019469125,0.05343803949654102,0.10175187034266335,0.0,0.0,0.0,0.0,0.0,18473,global,0.0
1,4,lr1e-05_bs8_drop0p4_temp2p0_a0p25_b0p05__wd1e-04trmiss0_degmodglobal,8,1e-05,0.0001,0.4,2.0,0.25,0.05,lr1e-05_bs8_drop0p4_temp2p0_a0p25_b0p05__wd1e-04trmiss0_degmodglobal,18,0.6426569819450378,0.6748069226741791,0.6388888888888888,0.8001914751914752,0.6923076923076923,0.0,0.63082583461489,0.6219006521361214,0.05912451020308903,0.11950366199016571,0.0,0.0,0.0,0.0,0.0,18473,global,0.0
1,4,lr1e-05_bs8_drop0p4_temp2p0_a0p25_b0p05__wd1e-04trmiss0_degmodglobal,8,1e-05,0.0001,0.4,2.0,0.25,0.05,lr1e-05_bs8_drop0p4_temp2p0_a0p25_b0p05__wd1e-04trmiss0_degmodglobal,19,0.6580580302647182,0.6760609447956085,0.5833333333333333,0.782654999321666,0.6923076923076923,0.0,0.6391419087137494,0.6385764394487653,0.06009742511170251,0.08914456889033318,0.0,0.0,0.0,0.0,0.0,18473,global,0.0
1,4,lr1e-05_bs8_drop0p4_temp2p0_a0p25_b0p05__wd1e-04trmiss0_degmodglobal,8,1e-05,0.0001,0.4,2.0,0.25,0.05,lr1e-05_bs8_drop0p4_temp2p0_a0p25_b0p05__wd1e-04trmiss0_degmodglobal,20,0.6586962597710746,0.6750743091106415,0.6388888888888888,0.8001914751914752,0.6923076923076923,0.0,0.6394018701144627,0.6416203549930027,0.04804348360214915,0.10130057750003678,0.0,0.0,0.0,0.0,0.0,18473,global,0.0
1,4,lr1e-05_bs8_drop0p4_temp2p0_a0p25_b0p05__wd1e-04trmiss0_degmodglobal,8,1e-05,0.0001,0.4,2.0,0.25,0.05,lr1e-05_bs8_drop0p4_temp2p0_a0p25_b0p05__wd1e-04trmiss0_degmodglobal,21,0.6449673175811768,0.6764200925827026,0.6111111111111112,0.7934574684574685,0.6923076923076923,0.0,0.6129861984934125,0.6176882471357074,0.07587955413120133,0.16618407943419047,0.0,0.0,0.0,0.0,0.0,18473,global,0.0
1,4,lr1e-05_bs8_drop0p4_temp2p0_a0p25_b0p05__wd1e-04trmiss0_degmodglobal,8,1e-05,0.0001,0.4,2.0,0.25,0.05,lr1e-05_bs8_drop0p4_temp2p0_a0p25_b0p05__wd1e-04trmiss0_degmodglobal,22,0.6435710276876178,0.6790399253368378,0.6111111111111112,0.7934574684574685,0.6923076923076923,0.0,0.6304041743278503,0.6212956990514483,0.05976104417017528,0.14670162435088838,0.0,0.0,0.0,0.0,0.0,18473,global,0.0
1,4,lr1e-05_bs8_drop0p4_temp2p0_a0p25_b0p05__wd1e-04trmiss0_degmodglobal,8,1e-05,0.0001,0.4,2.0,0.25,0.05,lr1e-05_bs8_drop0p4_temp2p0_a0p25_b0p05__wd1e-04trmiss0_degmodglobal,23,0.6639764053480965,0.679102212190628,0.6111111111111112,0.7934574684574685,0.6923076923076923,0.0,0.6106897081647601,0.6366101503372192,0.07232244153107915,0.18571315705776215,0.0,0.0,0.0,0.0,0.0,18473,global,0.0
1,4,lr1e-05_bs8_drop0p4_temp2p0_a0p25_b0p05__wd1e-04trmiss0_degmodglobal,8,1e-05,0.0001,0.4,2.0,0.25,0.05,lr1e-05_bs8_drop0p4_temp2p0_a0p25_b0p05__wd1e-04trmiss0_degmodglobal,24,0.6665245464869908,0.6785063743591309,0.6111111111111112,0.7934574684574685,0.6923076923076923,0.0,0.6421571118491036,0.6432112285069057,0.06213990918227604,0.15556698718241282,0.0,0.0,0.0,0.0,0.0,18473,global,0.0
1,4,lr1e-05_bs8_drop0p4_temp2p0_a0p25_b0p05__wd1e-04trmiss0_degmodglobal,8,1e-05,0.0001,0.4,2.0,0.25,0.05,lr1e-05_bs8_drop0p4_temp2p0_a0p25_b0p05__wd1e-04trmiss0_degmodglobal,25,0.6554548825536456,0.6780886948108673,0.6111111111111112,0.7934574684574685,0.6923076923076923,0.0,0.6033127052443368,0.6295883400099618,0.07139854612095016,0.16033795050212316,0.0,0.0,0.0,0.0,0.0,18473,global,0.0
1,4,lr1e-05_bs8_drop0p4_temp2p0_a0p25_b0p05__wd1e-04trmiss0_degmodglobal,8,1e-05,0.0001,0.4,2.0,0.25,0.05,lr1e-05_bs8_drop0p4_temp2p0_a0p25_b0p05__wd1e-04trmiss0_degmodglobal,26,0.6539802295821053,0.677076667547226,0.6111111111111112,0.7934574684574685,0.6923076923076923,0.0,0.6240210362843105,0.6271521193640572,0.07674836048058101,0.15282056108117104,0.0,0.0,0.0,0.0,0.0,18473,global,0.0
1,4,lr1e-05_bs8_drop0p4_temp2p0_a0p25_b0p05__wd1e-04trmiss0_degmodglobal,8,1e-05,0.0001,0.4,2.0,0.25,0.05,lr1e-05_bs8_drop0p4_temp2p0_a0p25_b0p05__wd1e-04trmiss0_degmodglobal,27,0.6496965544564384,0.6746549904346466,0.6388888888888888,0.8001914751914752,0.6923076923076923,0.0,0.6095783880778721,0.6203085780143738,0.08332772606185504,0.1711208830986704,0.0,0.0,0.0,0.0,0.0,18473,global,0.0
1,4,lr1e-04_bs16_drop0p2_temp1p0_a0p25_b0p05__wd1e-04trmiss0_degmodglobal,16,0.0001,0.0001,0.2,1.0,0.25,0.05,lr1e-04_bs16_drop0p2_temp1p0_a0p25_b0p05__wd1e-04trmiss0_degmodglobal,1,0.762104868888855,0.6819220781326294,0.7222222222222222,0.8730870980870982,0.6153846153846154,0.0,0.6946425288915634,0.7369339764118195,0.061833969317376614,0.19424790143966675,0.0,0.0,0.0,0.0,0.0,18473,global,0.0
1,4,lr1e-04_bs16_drop0p2_temp1p0_a0p25_b0p05__wd1e-04trmiss0_degmodglobal,16,0.0001,0.0001,0.2,1.0,0.25,0.05,lr1e-04_bs16_drop0p2_temp1p0_a0p25_b0p05__wd1e-04trmiss0_degmodglobal,2,0.6708283573389053,0.6715598106384277,0.75,0.8321348404681739,0.8461538461538461,0.0,0.6443081945180893,0.651923194527626,0.04686351725831628,0.14378543198108673,0.0,0.0,0.0,0.0,0.0,18473,global,0.0
1,4,lr1e-04_bs16_drop0p2_temp1p0_a0p25_b0p05__wd1e-04trmiss0_degmodglobal,16,0.0001,0.0001,0.2,1.0,0.25,0.05,lr1e-04_bs16_drop0p2_temp1p0_a0p25_b0p05__wd1e-04trmiss0_degmodglobal,3,0.6664725542068481,0.665614664554596,0.75,0.7856701940035273,0.6923076923076923,0.0,0.6436144709587097,0.6432699710130692,0.05429792869836092,0.1925617102533579,0.0,0.0,0.0,0.0,0.0,18473,global,0.0
1,4,lr1e-04_bs16_drop0p2_temp1p0_a0p25_b0p05__wd1e-04trmiss0_degmodglobal,16,0.0001,0.0001,0.2,1.0,0.25,0.05,lr1e-04_bs16_drop0p2_temp1p0_a0p25_b0p05__wd1e-04trmiss0_degmodglobal,4,0.6142963469028473,0.6604074835777283,0.75,0.7856701940035273,0.7692307692307693,0.0,0.5997640639543533,0.5905139148235321,0.06639752816408873,0.1436608862131834,0.0,0.0,0.0,0.0,0.0,18473,global,0.0
1,4,lr1e-04_bs16_drop0p2_temp1p0_a0p25_b0p05__wd1e-04trmiss0_degmodglobal,16,0.0001,0.0001,0.2,1.0,0.25,0.05,lr1e-04_bs16_drop0p2_temp1p0_a0p25_b0p05__wd1e-04trmiss0_degmodglobal,5,0.6306774914264679,0.655739426612854,0.75,0.7856701940035273,0.6923076923076923,0.0,0.6017158329486847,0.6119060069322586,0.05071324482560158,0.12186325155198574,0.0,0.0,0.0,0.0,0.0,18473,global,0.0
1,4,lr1e-04_bs16_drop0p2_temp1p0_a0p25_b0p05__wd1e-04trmiss0_degmodglobal,16,0.0001,0.0001,0.2,1.0,0.25,0.05,lr1e-04_bs16_drop0p2_temp1p0_a0p25_b0p05__wd1e-04trmiss0_degmodglobal,6,0.5995016247034073,0.6554487347602844,0.75,0.7856701940035273,0.7692307692307693,0.0,0.6115786731243134,0.5774678736925125,0.053668227046728134,0.17233362048864365,0.0,0.0,0.0,0.0,0.0,18473,global,0.0
1,4,lr1e-04_bs16_drop0p2_temp1p0_a0p25_b0p05__wd1e-04trmiss0_degmodglobal,16,0.0001,0.0001,0.2,1.0,0.25,0.05,lr1e-04_bs16_drop0p2_temp1p0_a0p25_b0p05__wd1e-04trmiss0_degmodglobal,7,0.5923351496458054,0.6494400501251221,0.75,0.7856701940035273,0.8461538461538461,0.0,0.5817750245332718,0.570740818977356,0.06655021850019693,0.09913543332368135,0.0,0.0,0.0,0.0,0.0,18473,global,0.0
1,4,lr1e-04_bs16_drop0p2_temp1p0_a0p25_b0p05__wd1e-04trmiss0_degmodglobal,16,0.0001,0.0001,0.2,1.0,0.25,0.05,lr1e-04_bs16_drop0p2_temp1p0_a0p25_b0p05__wd1e-04trmiss0_degmodglobal,8,0.596853107213974,0.6592844724655151,0.7222222222222222,0.7765792849126183,0.6923076923076923,0.0,0.5825871676206589,0.5741800963878632,0.06291910726577044,0.13886448834091425,0.0,0.0,0.0,0.0,0.0,18473,global,0.0
1,4,lr1e-04_bs16_drop0p2_temp1p0_a0p25_b0p05__wd1e-04trmiss0_degmodglobal,16,0.0001,0.0001,0.2,1.0,0.25,0.05,lr1e-04_bs16_drop0p2_temp1p0_a0p25_b0p05__wd1e-04trmiss0_degmodglobal,9,0.570988118648529,0.6556488871574402,0.7222222222222222,0.7765792849126183,0.6923076923076923,0.0,0.5639598369598389,0.5478382110595703,0.06231460068374872,0.1514250412583351,0.0,0.0,0.0,0.0,0.0,18473,global,0.0
1,4,lr1e-04_bs16_drop0p2_temp1p0_a0p25_b0p05__wd1e-04trmiss0_degmodglobal,16,0.0001,0.0001,0.2,1.0,0.25,0.05,lr1e-04_bs16_drop0p2_temp1p0_a0p25_b0p05__wd1e-04trmiss0_degmodglobal,10,0.566798210144043,0.6597782373428345,0.7222222222222222,0.7765792849126183,0.6923076923076923,0.0,0.545754685997963,0.5383261889219284,0.08605596981942654,0.13916057907044888,0.0,0.0,0.0,0.0,0.0,18473,global,0.0
1,4,lr1e-04_bs16_drop0p2_temp1p0_a0p25_b0p05__wd1e-04trmiss0_degmodglobal,16,0.0001,0.0001,0.2,1.0,0.25,0.05,lr1e-04_bs16_drop0p2_temp1p0_a0p25_b0p05__wd1e-04trmiss0_degmodglobal,11,0.6123604327440262,0.6641927361488342,0.75,0.7856701940035273,0.6153846153846154,0.0,0.5646782964468002,0.5867797881364822,0.07341568544507027,0.1445351094007492,0.0,0.0,0.0,0.0,0.0,18473,global,0.0
1,4,lr1e-04_bs16_drop0p2_temp1p0_a0p25_b0p05__wd1e-04trmiss0_degmodglobal,16,0.0001,0.0001,0.2,1.0,0.25,0.05,lr1e-04_bs16_drop0p2_temp1p0_a0p25_b0p05__wd1e-04trmiss0_degmodglobal,12,0.5553691536188126,0.6615745425224304,0.6666666666666666,0.7559002725669393,0.6153846153846154,0.0,0.5518255829811096,0.5289050936698914,0.07333489693701267,0.1626068279147148,0.0,0.0,0.0,0.0,0.0,18473,global,0.0
1,4,lr1e-04_bs16_drop0p2_temp1p0_a0p25_b0p05__wd1e-04trmiss0_degmodglobal,16,0.0001,0.0001,0.2,1.0,0.25,0.05,lr1e-04_bs16_drop0p2_temp1p0_a0p25_b0p05__wd1e-04trmiss0_degmodglobal,13,0.5529724806547165,0.6660975217819214,0.6666666666666667,0.799551066217733,0.5384615384615384,0.0,0.5539284497499466,0.5267666131258011,0.08465253096073866,0.10085510741919279,0.0,0.0,0.0,0.0,0.0,18473,global,0.0
1,4,lr1e-04_bs16_drop0p2_temp1p0_a0p25_b0p05__wd1e-04trmiss0_degmodglobal,16,0.0001,0.0001,0.2,1.0,0.25,0.05,lr1e-04_bs16_drop0p2_temp1p0_a0p25_b0p05__wd1e-04trmiss0_degmodglobal,14,0.5694835335016251,0.6724100112915039,0.6666666666666667,0.799551066217733,0.5384615384615384,0.0,0.5527798980474472,0.5497700423002243,0.06178691238164902,0.08533492963761091,0.0,0.0,0.0,0.0,0.0,18473,global,0.0
1,4,lr1e-04_bs16_drop0p2_temp1p0_a0p25_b0p05__wd1e-04trmiss0_degmodglobal,16,0.0001,0.0001,0.2,1.0,0.25,0.05,lr1e-04_bs16_drop0p2_temp1p0_a0p25_b0p05__wd1e-04trmiss0_degmodglobal,15,0.5409527719020844,0.6704177856445312,0.6666666666666667,0.799551066217733,0.5384615384615384,0.0,0.5227011889219284,0.513926774263382,0.07992144580930471,0.14091296214610338,0.0,0.0,0.0,0.0,0.0,18473,global,0.0
1,4,lr1e-04_bs16_drop0p2_temp1p0_a0p25_b0p05__wd1e-04trmiss0_degmodglobal,16,0.0001,0.0001,0.2,1.0,0.25,0.05,lr1e-04_bs16_drop0p2_temp1p0_a0p25_b0p05__wd1e-04trmiss0_degmodglobal,16,0.5362926125526428,0.6718662977218628,0.6666666666666667,0.799551066217733,0.5384615384615384,0.0,0.5335164815187454,0.5122409909963608,0.0698107173666358,0.1319791879504919,0.0,0.0,0.0,0.0,0.0,18473,global,0.0
1,4,lr1e-04_bs16_drop0p2_temp1p0_a0p25_b0p05__wd1e-04trmiss0_degmodglobal,16,0.0001,0.0001,0.2,1.0,0.25,0.05,lr1e-04_bs16_drop0p2_temp1p0_a0p25_b0p05__wd1e-04trmiss0_degmodglobal,17,0.5645932853221893,0.6715347766876221,0.6666666666666667,0.799551066217733,0.5384615384615384,0.0,0.5287354961037636,0.5329528898000717,0.08988716639578342,0.18337172642350197,0.0,0.0,0.0,0.0,0.0,18473,global,0.0
1,4,lr1e-04_bs16_drop0p2_temp1p0_a0p25_b0p05__wd1e-04trmiss0_degmodglobal,16,0.0001,0.0001,0.2,1.0,0.25,0.05,lr1e-04_bs16_drop0p2_temp1p0_a0p25_b0p05__wd1e-04trmiss0_degmodglobal,18,0.5449159517884254,0.6695888638496399,0.6944444444444444,0.8114558281224948,0.6153846153846154,0.0,0.518023282289505,0.5138067975640297,0.09132370445877314,0.16556438244879246,0.0,0.0,0.0,0.0,0.0,18473,global,0.0
1,4,lr1e-04_bs16_drop0p2_temp1p0_a0p25_b0p05__wd1e-04trmiss0_degmodglobal,16,0.0001,0.0001,0.2,1.0,0.25,0.05,lr1e-04_bs16_drop0p2_temp1p0_a0p25_b0p05__wd1e-04trmiss0_degmodglobal,19,0.532073400914669,0.6684883236885071,0.6111111111111112,0.7364197530864198,0.6153846153846154,0.0,0.5145991370081902,0.49924423545598984,0.09969406574964523,0.15811308473348618,0.0,0.0,0.0,0.0,0.0,18473,global,0.0
1,4,lr1e-04_bs16_drop0p2_temp1p0_a0p25_b0p05__wd1e-04trmiss0_degmodglobal,16,0.0001,0.0001,0.2,1.0,0.25,0.05,lr1e-04_bs16_drop0p2_temp1p0_a0p25_b0p05__wd1e-04trmiss0_degmodglobal,20,0.5647941678762436,0.6702157258987427,0.6111111111111112,0.7364197530864198,0.5384615384615384,0.0,0.5100213587284088,0.5295109897851944,0.10409405454993248,0.1851935014128685,0.0,0.0,0.0,0.0,0.0,18473,global,0.0
1,4,lr1e-04_bs16_drop0p2_temp1p0_a0p25_b0p05__wd1e-04trmiss0_degmodglobal,16,0.0001,0.0001,0.2,1.0,0.25,0.05,lr1e-04_bs16_drop0p2_temp1p0_a0p25_b0p05__wd1e-04trmiss0_degmodglobal,21,0.5219816640019417,0.6746708750724792,0.6111111111111112,0.7364197530864198,0.5384615384615384,0.0,0.4970897510647774,0.4823963865637779,0.11555812880396843,0.2139151133596897,0.0,0.0,0.0,0.0,0.0,18473,global,0.0
1,4,lr1e-04_bs16_drop0p2_temp1p0_a0p25_b0p05__wd1e-04trmiss0_degmodglobal,16,0.0001,0.0001,0.2,1.0,0.25,0.05,lr1e-04_bs16_drop0p2_temp1p0_a0p25_b0p05__wd1e-04trmiss0_degmodglobal,22,0.5373955816030502,0.677079975605011,0.6111111111111112,0.7364197530864198,0.5384615384615384,0.0,0.5199461132287979,0.5088642835617065,0.08540427032858133,0.14360490813851357,0.0,0.0,0.0,0.0,0.0,18473,global,0.0
1,4,lr1e-04_bs16_drop0p2_temp1p0_a0p25_b0p05__wd1e-04trmiss0_degmodglobal,16,0.0001,0.0001,0.2,1.0,0.25,0.05,lr1e-04_bs16_drop0p2_temp1p0_a0p25_b0p05__wd1e-04trmiss0_degmodglobal,23,0.5141440108418465,0.677222490310669,0.6111111111111112,0.7364197530864198,0.5384615384615384,0.0,0.5062110796570778,0.48904430121183395,0.07879454456269741,0.10802108980715275,0.0,0.0,0.0,0.0,0.0,18473,global,0.0
1,4,lr1e-04_bs16_drop0p2_temp1p0_a0p25_b0p05__wd1e-04trmiss0_degmodglobal,16,0.0001,0.0001,0.2,1.0,0.25,0.05,lr1e-04_bs16_drop0p2_temp1p0_a0p25_b0p05__wd1e-04trmiss0_degmodglobal,24,0.540253683924675,0.6761252284049988,0.6111111111111112,0.7364197530864198,0.5384615384615384,0.0,0.5027262270450592,0.5083265751600266,0.09380529634654522,0.16951557621359825,0.0,0.0,0.0,0.0,0.0,18473,global,0.0
1,4,lr1e-04_bs16_drop0p2_temp1p0_a0p25_b0p05__wd1e-04trmiss0_degmodglobal,16,0.0001,0.0001,0.2,1.0,0.25,0.05,lr1e-04_bs16_drop0p2_temp1p0_a0p25_b0p05__wd1e-04trmiss0_degmodglobal,25,0.5433944314718246,0.6728294491767883,0.6388888888888888,0.7919753086419754,0.5384615384615384,0.0,0.47956065833568573,0.49928586930036545,0.1325815375894308,0.21926381811499596,0.0,0.0,0.0,0.0,0.0,18473,global,0.0
1,4,lr1e-04_bs16_drop0p2_temp1p0_a0p25_b0p05__wd1e-04trmiss0_degmodglobal,16,0.0001,0.0001,0.2,1.0,0.25,0.05,lr1e-04_bs16_drop0p2_temp1p0_a0p25_b0p05__wd1e-04trmiss0_degmodglobal,26,0.5358911454677582,0.6723008751869202,0.6388888888888888,0.7919753086419754,0.6153846153846154,0.0,0.4855041056871414,0.49389901757240295,0.11661703884601593,0.256757702678442,0.0,0.0,0.0,0.0,0.0,18473,global,0.0
1,4,lr1e-04_bs16_drop0p2_temp1p0_a0p25_b0p05__wd1e-04trmiss0_degmodglobal,16,0.0001,0.0001,0.2,1.0,0.25,0.05,lr1e-04_bs16_drop0p2_temp1p0_a0p25_b0p05__wd1e-04trmiss0_degmodglobal,27,0.5520922839641571,0.6756142973899841,0.6388888888888888,0.7919753086419754,0.6153846153846154,0.0,0.5024274438619614,0.5212146863341331,0.09074260015040636,0.16383863054215908,0.0,0.0,0.0,0.0,0.0,18473,global,0.0
1,4,lr1e-04_bs16_drop0p2_temp2p0_a0p25_b0p05__wd1e-04trmiss0_degmodglobal,16,0.0001,0.0001,0.2,2.0,0.25,0.05,lr1e-04_bs16_drop0p2_temp2p0_a0p25_b0p05__wd1e-04trmiss0_degmodglobal,1,0.7376255989074707,0.6362907290458679,0.6944444444444444,0.8804945054945057,0.7692307692307693,0.0,0.733147606253624,0.7243752777576447,0.03168663149699569,0.10657330323010683,0.0,0.0,0.0,0.0,0.0,18473,global,0.0
1,4,lr1e-04_bs16_drop0p2_temp2p0_a0p25_b0p05__wd1e-04trmiss0_degmodglobal,16,0.0001,0.0001,0.2,2.0,0.25,0.05,lr1e-04_bs16_drop0p2_temp2p0_a0p25_b0p05__wd1e-04trmiss0_degmodglobal,2,0.6833323389291763,0.6264147162437439,0.8055555555555556,0.9280303030303032,0.7692307692307693,0.0,0.6990852653980255,0.6731633394956589,0.02652234537526965,0.0707689244300127,0.0,0.0,0.0,0.0,0.0,18473,global,0.0
1,4,lr1e-04_bs16_drop0p2_temp2p0_a0p25_b0p05__wd1e-04trmiss0_degmodglobal,16,0.0001,0.0001,0.2,2.0,0.25,0.05,lr1e-04_bs16_drop0p2_temp2p0_a0p25_b0p05__wd1e-04trmiss0_degmodglobal,3,0.671299085021019,0.6185308694839478,0.8333333333333334,0.9278138528138529,0.6923076923076923,0.0,0.6509571820497513,0.6591034680604935,0.030859412625432014,0.0896150553599,0.0,0.0,0.0,0.0,0.0,18473,global,0.0
1,4,lr1e-04_bs16_drop0p2_temp2p0_a0p25_b0p05__wd1e-04trmiss0_degmodglobal,16,0.0001,0.0001,0.2,2.0,0.25,0.05,lr1e-04_bs16_drop0p2_temp2p0_a0p25_b0p05__wd1e-04trmiss0_degmodglobal,4,0.6655506938695908,0.6155181527137756,0.7777777777777778,0.8984928651595319,0.6923076923076923,0.0,0.639004185795784,0.6543641835451126,0.029320744331926107,0.07712641404941678,0.0,0.0,0.0,0.0,0.0,18473,global,0.0
1,4,lr1e-04_bs16_drop0p2_temp2p0_a0p25_b0p05__wd1e-04trmiss0_degmodglobal,16,0.0001,0.0001,0.2,2.0,0.25,0.05,lr1e-04_bs16_drop0p2_temp2p0_a0p25_b0p05__wd1e-04trmiss0_degmodglobal,5,0.617845818400383,0.6145970821380615,0.7777777777777778,0.8984928651595319,0.6153846153846154,0.0,0.6338377296924591,0.6072697192430496,0.026304808678105474,0.07999751530587673,0.0,0.0,0.0,0.0,0.0,18473,global,0.0
1,4,lr1e-04_bs16_drop0p2_temp2p0_a0p25_b0p05__wd1e-04trmiss0_degmodglobal,16,0.0001,0.0001,0.2,2.0,0.25,0.05,lr1e-04_bs16_drop0p2_temp2p0_a0p25_b0p05__wd1e-04trmiss0_degmodglobal,6,0.607807457447052,0.6108930706977844,0.8055555555555556,0.9092953342953345,0.6923076923076923,0.0,0.6325107514858246,0.5987366735935211,0.0242286897264421,0.06027241609990597,0.0,0.0,0.0,0.0,0.0,18473,global,0.0
1,4,lr1e-04_bs16_drop0p2_temp2p0_a0p25_b0p05__wd1e-04trmiss0_degmodglobal,16,0.0001,0.0001,0.2,2.0,0.25,0.05,lr1e-04_bs16_drop0p2_temp2p0_a0p25_b0p05__wd1e-04trmiss0_degmodglobal,7,0.6005440801382065,0.6135755777359009,0.8055555555555556,0.9092953342953345,0.7692307692307693,0.0,0.601062685251236,0.5879857093095779,0.03396043088287115,0.08136508800089359,0.0,0.0,0.0,0.0,0.0,18473,global,0.0
1,4,lr1e-04_bs16_drop0p2_temp2p0_a0p25_b0p05__wd1e-04trmiss0_degmodglobal,16,0.0001,0.0001,0.2,2.0,0.25,0.05,lr1e-04_bs16_drop0p2_temp2p0_a0p25_b0p05__wd1e-04trmiss0_degmodglobal,8,0.603980079293251,0.620313823223114,0.7777777777777778,0.8870731120731121,0.5384615384615384,0.0,0.574942484498024,0.5913104265928268,0.036079573445022106,0.07299566641449928,0.0,0.0,0.0,0.0,0.0,18473,global,0.0
1,4,lr1e-04_bs16_drop0p2_temp2p0_a0p25_b0p05__wd1e-04trmiss0_degmodglobal,16,0.0001,0.0001,0.2,2.0,0.25,0.05,lr1e-04_bs16_drop0p2_temp2p0_a0p25_b0p05__wd1e-04trmiss0_degmodglobal,9,0.5836659073829651,0.6197575926780701,0.7777777777777778,0.8870731120731121,0.6153846153846154,0.0,0.5627591460943222,0.5723113119602203,0.030821731314063072,0.07298340741544962,0.0,0.0,0.0,0.0,0.0,18473,global,0.0
1,4,lr1e-04_bs16_drop0p2_temp2p0_a0p25_b0p05__wd1e-04trmiss0_degmodglobal,16,0.0001,0.0001,0.2,2.0,0.25,0.05,lr1e-04_bs16_drop0p2_temp2p0_a0p25_b0p05__wd1e-04trmiss0_degmodglobal,10,0.5848602801561356,0.6126817464828491,0.75,0.8592953342953344,0.7692307692307693,0.0,0.5819421112537384,0.5723982751369476,0.035658751614391804,0.0709466403350234,0.0,0.0,0.0,0.0,0.0,18473,global,0.0
1,4,lr1e-04_bs16_drop0p2_temp2p0_a0p25_b0p05__wd1e-04trmiss0_degmodglobal,16,0.0001,0.0001,0.2,2.0,0.25,0.05,lr1e-04_bs16_drop0p2_temp2p0_a0p25_b0p05__wd1e-04trmiss0_degmodglobal,11,0.6016823351383209,0.6072340607643127,0.7777777777777778,0.8870731120731121,0.7692307692307693,0.0,0.5940171182155609,0.5871347486972809,0.03779831947758794,0.10195989906787872,0.0,0.0,0.0,0.0,0.0,18473,global,0.0
1,4,lr1e-04_bs16_drop0p2_temp2p0_a0p25_b0p05__wd1e-04trmiss0_degmodglobal,16,0.0001,0.0001,0.2,2.0,0.25,0.05,lr1e-04_bs16_drop0p2_temp2p0_a0p25_b0p05__wd1e-04trmiss0_degmodglobal,12,0.5741215944290161,0.6029973030090332,0.7777777777777778,0.8870731120731121,0.7692307692307693,0.0,0.5734578222036362,0.5637564957141876,0.03054120158776641,0.05459571722894907,0.0,0.0,0.0,0.0,0.0,18473,global,0.0
1,4,lr1e-04_bs16_drop0p2_temp2p0_a0p25_b0p05__wd1e-04trmiss0_degmodglobal,16,0.0001,0.0001,0.2,2.0,0.25,0.05,lr1e-04_bs16_drop0p2_temp2p0_a0p25_b0p05__wd1e-04trmiss0_degmodglobal,13,0.5584400147199631,0.6022623181343079,0.7777777777777778,0.8870731120731121,0.7692307692307693,0.0,0.553190141916275,0.5473338663578033,0.032294283621013165,0.060651384643279016,0.0,0.0,0.0,0.0,0.0,18473,global,0.0
1,4,lr1e-04_bs16_drop0p2_temp2p0_a0p25_b0p05__wd1e-04trmiss0_degmodglobal,16,0.0001,0.0001,0.2,2.0,0.25,0.05,lr1e-04_bs16_drop0p2_temp2p0_a0p25_b0p05__wd1e-04trmiss0_degmodglobal,14,0.6110692173242569,0.6088271141052246,0.75,0.8762706429373097,0.6153846153846154,0.0,0.588828906416893,0.598338395357132,0.03393667517229915,0.08493288233876228,0.0,0.0,0.0,0.0,0.0,18473,global,0.0
1,4,lr1e-04_bs16_drop0p2_temp2p0_a0p25_b0p05__wd1e-04trmiss0_degmodglobal,16,0.0001,0.0001,0.2,2.0,0.25,0.05,lr1e-04_bs16_drop0p2_temp2p0_a0p25_b0p05__wd1e-04trmiss0_degmodglobal,15,0.6003423035144806,0.6155269742012024,0.7222222222222222,0.8643658810325479,0.6153846153846154,0.0,0.6132476031780243,0.5867395401000977,0.03882987983524799,0.07790604885667562,0.0,0.0,0.0,0.0,0.0,18473,global,0.0
1,4,lr1e-04_bs16_drop0p2_temp2p0_a0p25_b0p05__wd1e-04trmiss0_degmodglobal,16,0.0001,0.0001,0.2,2.0,0.25,0.05,lr1e-04_bs16_drop0p2_temp2p0_a0p25_b0p05__wd1e-04trmiss0_degmodglobal,16,0.5540469288825989,0.6067752838134766,0.7777777777777778,0.8984928651595319,0.6153846153846154,0.0,0.5412191301584244,0.5412483364343643,0.036029499024152756,0.07582466269377619,0.0,0.0,0.0,0.0,0.0,18473,global,0.0
1,4,lr1e-04_bs16_drop0p2_temp2p0_a0p25_b0p05__wd1e-04trmiss0_degmodglobal,16,0.0001,0.0001,0.2,2.0,0.25,0.05,lr1e-04_bs16_drop0p2_temp2p0_a0p25_b0p05__wd1e-04trmiss0_degmodglobal,17,0.5374496057629585,0.6078464984893799,0.8055555555555556,0.8969496552829888,0.6923076923076923,0.0,0.5450473725795746,0.5222875624895096,0.038981434889137745,0.10833326727151871,0.0,0.0,0.0,0.0,0.0,18473,global,0.0
1,4,lr1e-04_bs16_drop0p2_temp2p0_a0p25_b0p05__wd1e-04trmiss0_degmodglobal,16,0.0001,0.0001,0.2,2.0,0.25,0.05,lr1e-04_bs16_drop0p2_temp2p0_a0p25_b0p05__wd1e-04trmiss0_degmodglobal,18,0.5706622451543808,0.6078794598579407,0.8333333333333334,0.9060405643738978,0.6923076923076923,0.0,0.5510886162519455,0.5559375286102295,0.04103542352095246,0.08931673131883144,0.0,0.0,0.0,0.0,0.0,18473,global,0.0
1,4,lr1e-04_bs16_drop0p2_temp2p0_a0p25_b0p05__wd1e-04trmiss0_degmodglobal,16,0.0001,0.0001,0.2,2.0,0.25,0.05,lr1e-04_bs16_drop0p2_temp2p0_a0p25_b0p05__wd1e-04trmiss0_degmodglobal,19,0.5548683404922485,0.6085183024406433,0.8055555555555556,0.8969496552829888,0.6923076923076923,0.0,0.5466432422399521,0.5390590727329254,0.04200686328113079,0.10615069046616554,0.0,0.0,0.0,0.0,0.0,18473,global,0.0
1,4,lr1e-04_bs16_drop0p2_temp2p0_a0p25_b0p05__wd1e-04trmiss0_degmodglobal,16,0.0001,0.0001,0.2,2.0,0.25,0.05,lr1e-04_bs16_drop0p2_temp2p0_a0p25_b0p05__wd1e-04trmiss0_degmodglobal,20,0.544433981180191,0.6030818223953247,0.8055555555555556,0.8782627865961199,0.7692307692307693,0.0,0.5295702815055847,0.5321920365095139,0.034932699520140886,0.07017539627850056,0.0,0.0,0.0,0.0,0.0,18473,global,0.0
1,4,lr1e-04_bs16_drop0p2_temp2p0_a0p25_b0p05__wd1e-04trmiss0_degmodglobal,16,0.0001,0.0001,0.2,2.0,0.25,0.05,lr1e-04_bs16_drop0p2_temp2p0_a0p25_b0p05__wd1e-04trmiss0_degmodglobal,21,0.575800746679306,0.6015238761901855,0.8611111111111112,0.9282627865961199,0.6923076923076923,0.0,0.5470862835645676,0.5548377558588982,0.06262954976409674,0.10611194558441639,0.0,0.0,0.0,0.0,0.0,18473,global,0.0
1,4,lr1e-04_bs16_drop0p2_temp2p0_a0p25_b0p05__wd1e-04trmiss0_degmodglobal,16,0.0001,0.0001,0.2,2.0,0.25,0.05,lr1e-04_bs16_drop0p2_temp2p0_a0p25_b0p05__wd1e-04trmiss0_degmodglobal,22,0.5347843915224075,0.6003369688987732,0.8333333333333333,0.9191718775052109,0.6923076923076923,0.0,0.5288136303424835,0.5222513228654861,0.03424461046233773,0.07943843957036734,0.0,0.0,0.0,0.0,0.0,18473,global,0.0
1,4,lr1e-04_bs16_drop0p2_temp2p0_a0p25_b0p05__wd1e-04trmiss0_degmodglobal,16,0.0001,0.0001,0.2,2.0,0.25,0.05,lr1e-04_bs16_drop0p2_temp2p0_a0p25_b0p05__wd1e-04trmiss0_degmodglobal,23,0.5176386013627052,0.5982882380485535,0.8333333333333333,0.9191718775052109,0.7692307692307693,0.0,0.49953073263168335,0.5030423328280449,0.03986510680988431,0.09260010346770287,0.0,0.0,0.0,0.0,0.0,18473,global,0.0
1,4,lr1e-04_bs16_drop0p2_temp2p0_a0p25_b0p05__wd1e-04trmiss0_degmodglobal,16,0.0001,0.0001,0.2,2.0,0.25,0.05,lr1e-04_bs16_drop0p2_temp2p0_a0p25_b0p05__wd1e-04trmiss0_degmodglobal,24,0.5367056131362915,0.5962400436401367,0.8333333333333333,0.9191718775052109,0.6923076923076923,0.0,0.529184103012085,0.5230755731463432,0.03559176251292229,0.09464200120419264,0.0,0.0,0.0,0.0,0.0,18473,global,0.0
1,4,lr1e-04_bs16_drop0p2_temp2p0_a0p25_b0p05__wd1e-04trmiss0_degmodglobal,16,0.0001,0.0001,0.2,2.0,0.25,0.05,lr1e-04_bs16_drop0p2_temp2p0_a0p25_b0p05__wd1e-04trmiss0_degmodglobal,25,0.5026275739073753,0.6000502705574036,0.8055555555555556,0.8969496552829888,0.6923076923076923,0.0,0.5015393942594528,0.4896296039223671,0.038959233555942774,0.06516326358541846,0.0,0.0,0.0,0.0,0.0,18473,global,0.0
1,4,lr1e-04_bs16_drop0p2_temp2p0_a0p25_b0p05__wd1e-04trmiss0_degmodglobal,16,0.0001,0.0001,0.2,2.0,0.25,0.05,lr1e-04_bs16_drop0p2_temp2p0_a0p25_b0p05__wd1e-04trmiss0_degmodglobal,26,0.5369099080562592,0.5976740121841431,0.8333333333333334,0.9060405643738978,0.7692307692307693,0.0,0.500998005270958,0.5232700407505035,0.03545481851324439,0.09552287682890892,0.0,0.0,0.0,0.0,0.0,18473,global,0.0
1,4,lr1e-04_bs16_drop0p2_temp2p0_a0p25_b0p05__wd1e-04trmiss0_degmodglobal,16,0.0001,0.0001,0.2,2.0,0.25,0.05,lr1e-04_bs16_drop0p2_temp2p0_a0p25_b0p05__wd1e-04trmiss0_degmodglobal,27,0.539088174700737,0.5937337279319763,0.8333333333333333,0.9191718775052109,0.8461538461538461,0.0,0.4981069713830948,0.5226466357707977,0.042760219890624285,0.11502963490784168,0.0,0.0,0.0,0.0,0.0,18473,global,0.0
1,4,lr1e-04_bs16_drop0p2_temp2p0_a0p25_b0p05__wd1e-04trmiss0_degmodglobal,16,0.0001,0.0001,0.2,2.0,0.25,0.05,lr1e-04_bs16_drop0p2_temp2p0_a0p25_b0p05__wd1e-04trmiss0_degmodglobal,28,0.5315313413739204,0.5988948941230774,0.8333333333333333,0.9191718775052109,0.6153846153846154,0.0,0.48451562225818634,0.5175661370158195,0.03897301806136966,0.08443914726376534,0.0,0.0,0.0,0.0,0.0,18473,global,0.0
1,4,lr1e-04_bs16_drop0p2_temp2p0_a0p25_b0p05__wd1e-04trmiss0_degmodglobal,16,0.0001,0.0001,0.2,2.0,0.25,0.05,lr1e-04_bs16_drop0p2_temp2p0_a0p25_b0p05__wd1e-04trmiss0_degmodglobal,29,0.5167838633060455,0.6033009886741638,0.7777777777777777,0.9017195767195769,0.6153846153846154,0.0,0.5095442906022072,0.5036338418722153,0.03704024013131857,0.07779913023114204,0.0,0.0,0.0,0.0,0.0,18473,global,0.0
1,4,lr1e-04_bs16_drop0p2_temp2p0_a0p25_b0p05__wd1e-04trmiss0_degmodglobal,16,0.0001,0.0001,0.2,2.0,0.25,0.05,lr1e-04_bs16_drop0p2_temp2p0_a0p25_b0p05__wd1e-04trmiss0_degmodglobal,30,0.5232615545392036,0.6032378673553467,0.75,0.8794973544973546,0.6923076923076923,0.0,0.5053894072771072,0.5125321298837662,0.02959748194552958,0.06660113856196404,0.0,0.0,0.0,0.0,0.0,18473,global,0.0
1,4,lr1e-04_bs16_drop0p2_temp2p0_a0p25_b0p05__wd1e-04trmiss0_degmodglobal,16,0.0001,0.0001,0.2,2.0,0.25,0.05,lr1e-04_bs16_drop0p2_temp2p0_a0p25_b0p05__wd1e-04trmiss0_degmodglobal,31,0.5300599783658981,0.6030369400978088,0.7777777777777778,0.8691718775052109,0.6923076923076923,0.0,0.4868753105401993,0.5130840986967087,0.04587462544441223,0.11014444567263126,0.0,0.0,0.0,0.0,0.0,18473,global,0.0
1,4,lr1e-04_bs16_drop0p2_temp2p0_a0p25_b0p05__wd1e-04trmiss0_degmodglobal,16,0.0001,0.0001,0.2,2.0,0.25,0.05,lr1e-04_bs16_drop0p2_temp2p0_a0p25_b0p05__wd1e-04trmiss0_degmodglobal,32,0.5122645497322083,0.6049094796180725,0.7777777777777778,0.8691718775052109,0.6923076923076923,0.0,0.50281623005867,0.4957008808851242,0.04744282830506563,0.09405893087387085,0.0,0.0,0.0,0.0,0.0,18473,global,0.0
1,4,lr1e-04_bs16_drop0p2_temp2p0_a0p25_b0p05__wd1e-04trmiss0_degmodglobal,16,0.0001,0.0001,0.2,2.0,0.25,0.05,lr1e-04_bs16_drop0p2_temp2p0_a0p25_b0p05__wd1e-04trmiss0_degmodglobal,33,0.5136144682765007,0.6015715003013611,0.7222222222222222,0.8484928651595318,0.6923076923076923,0.0,0.5049870610237122,0.49623771011829376,0.044265867210924625,0.12620563618838787,0.0,0.0,0.0,0.0,0.0,18473,global,0.0
1,4,lr1e-04_bs16_drop0p2_temp2p0_a0p25_b0p05__wd1e-04trmiss0_degmodglobal,16,0.0001,0.0001,0.2,2.0,0.25,0.05,lr1e-04_bs16_drop0p2_temp2p0_a0p25_b0p05__wd1e-04trmiss0_degmodglobal,34,0.5310147404670715,0.6012301445007324,0.75,0.8592953342953344,0.6923076923076923,0.0,0.4880887567996979,0.5130303725600243,0.048353081569075584,0.1179219800978899,0.0,0.0,0.0,0.0,0.0,18473,global,0.0
1,4,lr1e-04_bs16_drop0p2_temp2p0_a0p25_b0p05__wd1e-04trmiss0_degmodglobal,16,0.0001,0.0001,0.2,2.0,0.25,0.05,lr1e-04_bs16_drop0p2_temp2p0_a0p25_b0p05__wd1e-04trmiss0_degmodglobal,35,0.5070555657148361,0.6027459502220154,0.8055555555555556,0.8782627865961199,0.6923076923076923,0.0,0.482230044901371,0.4909045323729515,0.045210293028503656,0.09696932230144739,0.0,0.0,0.0,0.0,0.0,18473,global,0.0
1,4,lr1e-04_bs16_drop0p2_temp2p0_a0p25_b0p05__wd1e-04trmiss0_degmodglobal,16,0.0001,0.0001,0.2,2.0,0.25,0.05,lr1e-04_bs16_drop0p2_temp2p0_a0p25_b0p05__wd1e-04trmiss0_degmodglobal,36,0.5217797458171844,0.6028100252151489,0.8055555555555556,0.8782627865961199,0.7692307692307693,0.0,0.48649610579013824,0.49678047746419907,0.06787620112299919,0.1606045588850975,0.0,0.0,0.0,0.0,0.0,18473,global,0.0
1,4,lr1e-04_bs16_drop0p2_temp2p0_a0p25_b0p05__wd1e-04trmiss0_degmodglobal,16,0.0001,0.0001,0.2,2.0,0.25,0.05,lr1e-04_bs16_drop0p2_temp2p0_a0p25_b0p05__wd1e-04trmiss0_degmodglobal,37,0.5573751255869865,0.607178807258606,0.8055555555555556,0.8782627865961199,0.6923076923076923,0.0,0.5347844362258911,0.5441721826791763,0.037187563022598624,0.07812108565121889,0.0,0.0,0.0,0.0,0.0,18473,global,0.0
1,4,lr1e-04_bs16_drop0p2_temp2p0_a0p25_b0p05__wd1e-04trmiss0_degmodglobal,16,0.0001,0.0001,0.2,2.0,0.25,0.05,lr1e-04_bs16_drop0p2_temp2p0_a0p25_b0p05__wd1e-04trmiss0_degmodglobal,38,0.5240988805890083,0.5967656970024109,0.8333333333333334,0.9060405643738978,0.6923076923076923,0.0,0.47984854131937027,0.5050845742225647,0.05717423465102911,0.09441502764821053,0.0,0.0,0.0,0.0,0.0,18473,global,0.0
1,4,lr1e-04_bs16_drop0p2_temp2p0_a0p25_b0p05__wd1e-04trmiss0_degmodglobal,16,0.0001,0.0001,0.2,2.0,0.25,0.05,lr1e-04_bs16_drop0p2_temp2p0_a0p25_b0p05__wd1e-04trmiss0_degmodglobal,39,0.5101563185453415,0.5990175604820251,0.75,0.8762706429373097,0.6923076923076923,0.0,0.49578794091939926,0.49335505813360214,0.046347246039658785,0.10428918432444334,0.0,0.0,0.0,0.0,0.0,18473,global,0.0
1,4,lr1e-04_bs16_drop0p2_temp2p0_a0p25_b0p05__wd1e-04trmiss0_degmodglobal,16,0.0001,0.0001,0.2,2.0,0.25,0.05,lr1e-04_bs16_drop0p2_temp2p0_a0p25_b0p05__wd1e-04trmiss0_degmodglobal,40,0.5028681755065918,0.6042764186859131,0.75,0.8762706429373097,0.6923076923076923,0.0,0.4795159175992012,0.48672428727149963,0.04183339048177004,0.1137106902897358,0.0,0.0,0.0,0.0,0.0,18473,global,0.0
1,4,lr1e-04_bs16_drop0p2_temp2p0_a0p25_b0p05__wd1e-04trmiss0_degmodglobal,16,0.0001,0.0001,0.2,2.0,0.25,0.05,lr1e-04_bs16_drop0p2_temp2p0_a0p25_b0p05__wd1e-04trmiss0_degmodglobal,41,0.542899027466774,0.6052368879318237,0.75,0.8762706429373097,0.6923076923076923,0.0,0.5217853337526321,0.5310940816998482,0.03534936159849167,0.05935212131589651,0.0,0.0,0.0,0.0,0.0,18473,global,0.0
1,4,lr1e-04_bs16_drop0p4_temp1p0_a0p25_b0p05__wd1e-04trmiss0_degmodglobal,16,0.0001,0.0001,0.4,1.0,0.25,0.05,lr1e-04_bs16_drop0p4_temp1p0_a0p25_b0p05__wd1e-04trmiss0_degmodglobal,1,0.7273867577314377,0.6564986109733582,0.5555555555555556,0.828847078847079,0.46153846153846156,0.0,0.6479808986186981,0.7030660510063171,0.06655527837574482,0.15363766252994537,0.0,0.0,0.0,0.0,0.0,18473,global,0.0
1,4,lr1e-04_bs16_drop0p4_temp1p0_a0p25_b0p05__wd1e-04trmiss0_degmodglobal,16,0.0001,0.0001,0.4,1.0,0.25,0.05,lr1e-04_bs16_drop0p4_temp1p0_a0p25_b0p05__wd1e-04trmiss0_degmodglobal,2,0.6904431581497192,0.6435326933860779,0.5555555555555556,0.828847078847079,0.46153846153846156,0.0,0.6225416362285614,0.670875146985054,0.05099859880283475,0.13636735640466213,0.0,0.0,0.0,0.0,0.0,18473,global,0.0
1,4,lr1e-04_bs16_drop0p4_temp1p0_a0p25_b0p05__wd1e-04trmiss0_degmodglobal,16,0.0001,0.0001,0.4,1.0,0.25,0.05,lr1e-04_bs16_drop0p4_temp1p0_a0p25_b0p05__wd1e-04trmiss0_degmodglobal,3,0.6930341869592667,0.6338092684745789,0.5555555555555556,0.8328153328153329,0.5384615384615384,0.0,0.6123883575201035,0.6670795679092407,0.06472733244299889,0.19545599445700645,0.0,0.0,0.0,0.0,0.0,18473,global,0.0
1,4,lr1e-04_bs16_drop0p4_temp1p0_a0p25_b0p05__wd1e-04trmiss0_degmodglobal,16,0.0001,0.0001,0.4,1.0,0.25,0.05,lr1e-04_bs16_drop0p4_temp1p0_a0p25_b0p05__wd1e-04trmiss0_degmodglobal,4,0.664036825299263,0.6306489109992981,0.5833333333333334,0.8513338513338515,0.46153846153846156,0.0,0.6199857443571091,0.6369992196559906,0.07351316325366497,0.17318612709641457,0.0,0.0,0.0,0.0,0.0,18473,global,0.0
1,4,lr1e-04_bs16_drop0p4_temp1p0_a0p25_b0p05__wd1e-04trmiss0_degmodglobal,16,0.0001,0.0001,0.4,1.0,0.25,0.05,lr1e-04_bs16_drop0p4_temp1p0_a0p25_b0p05__wd1e-04trmiss0_degmodglobal,5,0.6510386765003204,0.6293830871582031,0.5555555555555556,0.8328153328153329,0.46153846153846156,0.0,0.5859863311052322,0.6296158283948898,0.0614527827128768,0.12119312584400177,0.0,0.0,0.0,0.0,0.0,18473,global,0.0
1,4,lr1e-04_bs16_drop0p4_temp1p0_a0p25_b0p05__wd1e-04trmiss0_degmodglobal,16,0.0001,0.0001,0.4,1.0,0.25,0.05,lr1e-04_bs16_drop0p4_temp1p0_a0p25_b0p05__wd1e-04trmiss0_degmodglobal,6,0.6854348480701447,0.6328547596931458,0.5555555555555556,0.8266585266585267,0.6153846153846154,0.0,0.5698724985122681,0.6576194167137146,0.07261484675109386,0.19323420897126198,0.0,0.0,0.0,0.0,0.0,18473,global,0.0
1,4,lr1e-04_bs16_drop0p4_temp1p0_a0p25_b0p05__wd1e-04trmiss0_degmodglobal,16,0.0001,0.0001,0.4,1.0,0.25,0.05,lr1e-04_bs16_drop0p4_temp1p0_a0p25_b0p05__wd1e-04trmiss0_degmodglobal,7,0.6452769488096237,0.6378042697906494,0.5277777777777778,0.8167378917378918,0.5384615384615384,0.0,0.5492694228887558,0.6153232157230377,0.08787145372480154,0.15971794165670872,0.0,0.0,0.0,0.0,0.0,18473,global,0.0
1,4,lr1e-04_bs16_drop0p4_temp1p0_a0p25_b0p05__wd1e-04trmiss0_degmodglobal,16,0.0001,0.0001,0.4,1.0,0.25,0.05,lr1e-04_bs16_drop0p4_temp1p0_a0p25_b0p05__wd1e-04trmiss0_degmodglobal,8,0.6751449108123779,0.6349255442619324,0.49999999999999994,0.7945156695156697,0.5384615384615384,0.0,0.5539284348487854,0.6513255685567856,0.05755417887121439,0.1886160522699356,0.0,0.0,0.0,0.0,0.0,18473,global,0.0
1,4,lr1e-04_bs16_drop0p4_temp1p0_a0p25_b0p05__wd1e-04trmiss0_degmodglobal,16,0.0001,0.0001,0.4,1.0,0.25,0.05,lr1e-04_bs16_drop0p4_temp1p0_a0p25_b0p05__wd1e-04trmiss0_degmodglobal,9,0.6228147745132446,0.6333086490631104,0.4722222222222222,0.7825507825507827,0.46153846153846156,0.0,0.5651248842477798,0.6009466052055359,0.05943759623914957,0.140175499022007,0.0,0.0,0.0,0.0,0.0,18473,global,0.0
1,4,lr1e-04_bs16_drop0p4_temp1p0_a0p25_b0p05__wd1e-04trmiss0_degmodglobal,16,0.0001,0.0001,0.4,1.0,0.25,0.05,lr1e-04_bs16_drop0p4_temp1p0_a0p25_b0p05__wd1e-04trmiss0_degmodglobal,10,0.6455767899751663,0.626748263835907,0.4722222222222222,0.7825507825507827,0.5384615384615384,0.0,0.5615677535533905,0.6238785833120346,0.055629889480769634,0.15581448934972286,0.0,0.0,0.0,0.0,0.0,18473,global,0.0
1,4,lr1e-04_bs16_drop0p4_temp1p0_a0p25_b0p05__wd1e-04trmiss0_degmodglobal,16,0.0001,0.0001,0.4,1.0,0.25,0.05,lr1e-04_bs16_drop0p4_temp1p0_a0p25_b0p05__wd1e-04trmiss0_degmodglobal,11,0.6434978395700455,0.6303628087043762,0.5277777777777778,0.8105931105931108,0.46153846153846156,0.0,0.5363786369562149,0.6142906993627548,0.0840411689132452,0.16393676586449146,0.0,0.0,0.0,0.0,0.0,18473,global,0.0
1,4,lr1e-04_bs16_drop0p4_temp1p0_a0p25_b0p05__wd1e-04trmiss0_degmodglobal,16,0.0001,0.0001,0.4,1.0,0.25,0.05,lr1e-04_bs16_drop0p4_temp1p0_a0p25_b0p05__wd1e-04trmiss0_degmodglobal,12,0.619464173913002,0.6293321847915649,0.5,0.8031857031857033,0.38461538461538464,0.0,0.5598862767219543,0.5993035435676575,0.0544342789798975,0.13104094192385674,0.0,0.0,0.0,0.0,0.0,18473,global,0.0
1,4,lr1e-04_bs16_drop0p4_temp1p0_a0p25_b0p05__wd1e-04trmiss0_degmodglobal,16,0.0001,0.0001,0.4,1.0,0.25,0.05,lr1e-04_bs16_drop0p4_temp1p0_a0p25_b0p05__wd1e-04trmiss0_degmodglobal,13,0.6629028171300888,0.6266815662384033,0.5277777777777778,0.8105931105931108,0.46153846153846156,0.0,0.5212147012352943,0.6344680935144424,0.06997043453156948,0.21884223073720932,0.0,0.0,0.0,0.0,0.0,18473,global,0.0
1,4,lr1e-04_bs16_drop0p4_temp1p0_a0p25_b0p05__wd1e-04trmiss0_degmodglobal,16,0.0001,0.0001,0.4,1.0,0.25,0.05,lr1e-04_bs16_drop0p4_temp1p0_a0p25_b0p05__wd1e-04trmiss0_degmodglobal,14,0.6207643300294876,0.6269477009773254,0.5277777777777778,0.8195878195878197,0.46153846153846156,0.0,0.5423551350831985,0.5987995564937592,0.05701590236276388,0.15421591699123383,0.0,0.0,0.0,0.0,0.0,18473,global,0.0
1,4,lr1e-04_bs16_drop0p4_temp1p0_a0p25_b0p05__wd1e-04trmiss0_degmodglobal,16,0.0001,0.0001,0.4,1.0,0.25,0.05,lr1e-04_bs16_drop0p4_temp1p0_a0p25_b0p05__wd1e-04trmiss0_degmodglobal,15,0.5932723134756088,0.6292794346809387,0.5,0.8121804121804124,0.46153846153846156,0.0,0.5687063038349152,0.5723461806774139,0.05923175811767578,0.12236401438713074,0.0,0.0,0.0,0.0,0.0,18473,global,0.0
1,4,lr1e-04_bs16_drop0p4_temp1p0_a0p25_b0p05__wd1e-04trmiss0_degmodglobal,16,0.0001,0.0001,0.4,1.0,0.25,0.05,lr1e-04_bs16_drop0p4_temp1p0_a0p25_b0p05__wd1e-04trmiss0_degmodglobal,16,0.61726875603199,0.6288179755210876,0.5277777777777778,0.8195878195878197,0.46153846153846156,0.0,0.5153167098760605,0.5885281264781952,0.07627261336892843,0.19344979152083397,0.0,0.0,0.0,0.0,0.0,18473,global,0.0
1,4,lr1e-04_bs16_drop0p4_temp1p0_a0p25_b0p05__wd1e-04trmiss0_degmodglobal,16,0.0001,0.0001,0.4,1.0,0.25,0.05,lr1e-04_bs16_drop0p4_temp1p0_a0p25_b0p05__wd1e-04trmiss0_degmodglobal,17,0.6178281307220459,0.6254885792732239,0.5555555555555556,0.828847078847079,0.46153846153846156,0.0,0.5204089134931564,0.5902719646692276,0.07206514477729797,0.19079770892858505,0.0,0.0,0.0,0.0,0.0,18473,global,0.0
1,4,lr1e-04_bs16_drop0p4_temp1p0_a0p25_b0p05__wd1e-04trmiss0_degmodglobal,16,0.0001,0.0001,0.4,1.0,0.25,0.05,lr1e-04_bs16_drop0p4_temp1p0_a0p25_b0p05__wd1e-04trmiss0_degmodglobal,18,0.5975010097026825,0.6282688975334167,0.4722222222222222,0.7825507825507827,0.5384615384615384,0.0,0.5285221263766289,0.5733615458011627,0.06627126224339008,0.1514326147735119,0.0,0.0,0.0,0.0,0.0,18473,global,0.0
1,4,lr1e-04_bs16_drop0p4_temp1p0_a0p25_b0p05__wd1e-04trmiss0_degmodglobal,16,0.0001,0.0001,0.4,1.0,0.25,0.05,lr1e-04_bs16_drop0p4_temp1p0_a0p25_b0p05__wd1e-04trmiss0_degmodglobal,19,0.5699359029531479,0.6315874457359314,0.47222222222222215,0.7874449624449624,0.5384615384615384,0.0,0.5222111269831657,0.5457847714424133,0.07137577794492245,0.12614426389336586,0.0,0.0,0.0,0.0,0.0,18473,global,0.0
1,4,lr1e-04_bs16_drop0p4_temp1p0_a0p25_b0p05__wd1e-04trmiss0_degmodglobal,16,0.0001,0.0001,0.4,1.0,0.25,0.05,lr1e-04_bs16_drop0p4_temp1p0_a0p25_b0p05__wd1e-04trmiss0_degmodglobal,20,0.6060493588447571,0.6261548399925232,0.5,0.7896214896214897,0.5384615384615384,0.0,0.5214019864797592,0.5768881589174271,0.07738910615444183,0.19627816416323185,0.0,0.0,0.0,0.0,0.0,18473,global,0.0
1,4,lr1e-04_bs16_drop0p4_temp1p0_a0p25_b0p05__wd1e-04trmiss0_degmodglobal,16,0.0001,0.0001,0.4,1.0,0.25,0.05,lr1e-04_bs16_drop0p4_temp1p0_a0p25_b0p05__wd1e-04trmiss0_degmodglobal,21,0.5921594947576523,0.6218971610069275,0.5,0.8096671846671848,0.5384615384615384,0.0,0.5338040739297867,0.5613116174936295,0.08076594769954681,0.21312787383794785,0.0,0.0,0.0,0.0,0.0,18473,global,0.0
1,4,lr1e-04_bs16_drop0p4_temp1p0_a0p25_b0p05__wd1e-04trmiss0_degmodglobal,16,0.0001,0.0001,0.4,1.0,0.25,0.05,lr1e-04_bs16_drop0p4_temp1p0_a0p25_b0p05__wd1e-04trmiss0_degmodglobal,22,0.6214323192834854,0.6206951141357422,0.5277777777777778,0.8167378917378918,0.5384615384615384,0.0,0.5132254883646965,0.5964860320091248,0.06259389407932758,0.18595655262470245,0.0,0.0,0.0,0.0,0.0,18473,global,0.0
1,4,lr1e-04_bs16_drop0p4_temp1p0_a0p25_b0p05__wd1e-04trmiss0_degmodglobal,16,0.0001,0.0001,0.4,1.0,0.25,0.05,lr1e-04_bs16_drop0p4_temp1p0_a0p25_b0p05__wd1e-04trmiss0_degmodglobal,23,0.5936969369649887,0.619547963142395,0.5277777777777778,0.8167378917378918,0.5384615384615384,0.0,0.47671687602996826,0.5628256946802139,0.07840996235609055,0.22537507861852646,0.0,0.0,0.0,0.0,0.0,18473,global,0.0
1,4,lr1e-04_bs16_drop0p4_temp1p0_a0p25_b0p05__wd1e-04trmiss0_degmodglobal,16,0.0001,0.0001,0.4,1.0,0.25,0.05,lr1e-04_bs16_drop0p4_temp1p0_a0p25_b0p05__wd1e-04trmiss0_degmodglobal,24,0.5614097416400909,0.6160029172897339,0.5277777777777778,0.8167378917378918,0.6153846153846154,0.0,0.5314330533146858,0.5373332649469376,0.07512710988521576,0.10589411668479443,0.0,0.0,0.0,0.0,0.0,18473,global,0.0
1,4,lr1e-04_bs16_drop0p4_temp1p0_a0p25_b0p05__wd1e-04trmiss0_degmodglobal,16,0.0001,0.0001,0.4,1.0,0.25,0.05,lr1e-04_bs16_drop0p4_temp1p0_a0p25_b0p05__wd1e-04trmiss0_degmodglobal,25,0.5773795694112778,0.6211783289909363,0.5833333333333333,0.8398860398860402,0.6153846153846154,0.0,0.5334739983081818,0.5479558631777763,0.08322527538985014,0.17234782129526138,0.0,0.0,0.0,0.0,0.0,18473,global,0.0
1,4,lr1e-04_bs16_drop0p4_temp1p0_a0p25_b0p05__wd1e-04trmiss0_degmodglobal,16,0.0001,0.0001,0.4,1.0,0.25,0.05,lr1e-04_bs16_drop0p4_temp1p0_a0p25_b0p05__wd1e-04trmiss0_degmodglobal,26,0.5776915848255157,0.6240624189376831,0.5555555555555556,0.8176638176638178,0.5384615384615384,0.0,0.5284992456436157,0.5500820875167847,0.07227225694805384,0.19082893058657646,0.0,0.0,0.0,0.0,0.0,18473,global,0.0
1,4,lr1e-04_bs16_drop0p4_temp1p0_a0p25_b0p05__wd1e-04trmiss0_degmodglobal,16,0.0001,0.0001,0.4,1.0,0.25,0.05,lr1e-04_bs16_drop0p4_temp1p0_a0p25_b0p05__wd1e-04trmiss0_degmodglobal,27,0.6148748993873596,0.6276969909667969,0.5277777777777778,0.8167378917378918,0.46153846153846156,0.0,0.5455899834632874,0.5861431509256363,0.07424983568489552,0.20338575541973114,0.0,0.0,0.0,0.0,0.0,18473,global,0.0
1,4,lr1e-04_bs16_drop0p4_temp1p0_a0p25_b0p05__wd1e-04trmiss0_degmodglobal,16,0.0001,0.0001,0.4,1.0,0.25,0.05,lr1e-04_bs16_drop0p4_temp1p0_a0p25_b0p05__wd1e-04trmiss0_degmodglobal,28,0.5588659048080444,0.6284354329109192,0.49999999999999994,0.7945156695156697,0.5384615384615384,0.0,0.5293306708335876,0.5279175490140915,0.0924258716404438,0.15683775022625923,0.0,0.0,0.0,0.0,0.0,18473,global,0.0
1,4,lr1e-04_bs16_drop0p4_temp1p0_a0p25_b0p05__wd1e-04trmiss0_degmodglobal,16,0.0001,0.0001,0.4,1.0,0.25,0.05,lr1e-04_bs16_drop0p4_temp1p0_a0p25_b0p05__wd1e-04trmiss0_degmodglobal,29,0.5788091123104095,0.626311719417572,0.5833333333333333,0.8298821548821549,0.46153846153846156,0.0,0.5270664915442467,0.5396570563316345,0.10338380932807922,0.2661217525601387,0.0,0.0,0.0,0.0,0.0,18473,global,0.0
1,4,lr1e-04_bs16_drop0p4_temp1p0_a0p25_b0p05__wd1e-04trmiss0_degmodglobal,16,0.0001,0.0001,0.4,1.0,0.25,0.05,lr1e-04_bs16_drop0p4_temp1p0_a0p25_b0p05__wd1e-04trmiss0_degmodglobal,30,0.5990290641784668,0.6235246062278748,0.5833333333333333,0.8298821548821549,0.46153846153846156,0.0,0.52467031031847,0.5646686553955078,0.08657734282314777,0.25432122871279716,0.0,0.0,0.0,0.0,0.0,18473,global,0.0
1,4,lr1e-04_bs16_drop0p4_temp1p0_a0p25_b0p05__wd1e-04trmiss0_degmodglobal,16,0.0001,0.0001,0.4,1.0,0.25,0.05,lr1e-04_bs16_drop0p4_temp1p0_a0p25_b0p05__wd1e-04trmiss0_degmodglobal,31,0.5403650104999542,0.6210609078407288,0.5277777777777778,0.8012496762496764,0.6153846153846154,0.0,0.5098554790019989,0.5145994946360588,0.07464283891022205,0.14209598116576672,0.0,0.0,0.0,0.0,0.0,18473,global,0.0
1,4,lr1e-04_bs16_drop0p4_temp1p0_a0p25_b0p05__wd1e-04trmiss0_degmodglobal,16,0.0001,0.0001,0.4,1.0,0.25,0.05,lr1e-04_bs16_drop0p4_temp1p0_a0p25_b0p05__wd1e-04trmiss0_degmodglobal,32,0.5660378336906433,0.6223340630531311,0.5,0.7973655973655975,0.5384615384615384,0.0,0.5431277304887772,0.5397010073065758,0.07038555294275284,0.17480924725532532,0.0,0.0,0.0,0.0,0.0,18473,global,0.0
1,4,lr1e-04_bs16_drop0p4_temp1p0_a0p25_b0p05__wd1e-04trmiss0_degmodglobal,16,0.0001,0.0001,0.4,1.0,0.25,0.05,lr1e-04_bs16_drop0p4_temp1p0_a0p25_b0p05__wd1e-04trmiss0_degmodglobal,33,0.5591147989034653,0.6234672665596008,0.5277777777777778,0.8105931105931108,0.46153846153846156,0.0,0.49774497747421265,0.5206977352499962,0.09790946170687675,0.278794102370739,0.0,0.0,0.0,0.0,0.0,18473,global,0.0
1,4,lr1e-04_bs16_drop0p4_temp1p0_a0p25_b0p05__wd1e-04trmiss0_degmodglobal,16,0.0001,0.0001,0.4,1.0,0.25,0.05,lr1e-04_bs16_drop0p4_temp1p0_a0p25_b0p05__wd1e-04trmiss0_degmodglobal,34,0.5752147734165192,0.6242201328277588,0.47222222222222215,0.7874449624449624,0.46153846153846156,0.0,0.5204632133245468,0.5466366112232208,0.08439327031373978,0.14959711767733097,0.0,0.0,0.0,0.0,0.0,18473,global,0.0
1,4,lr1e-04_bs16_drop0p4_temp1p0_a0p25_b0p05__wd1e-04trmiss0_degmodglobal,16,0.0001,0.0001,0.4,1.0,0.25,0.05,lr1e-04_bs16_drop0p4_temp1p0_a0p25_b0p05__wd1e-04trmiss0_degmodglobal,35,0.5958852022886276,0.622805118560791,0.49999999999999994,0.7945156695156697,0.6153846153846154,0.0,0.5098519772291183,0.5641318708658218,0.08168515935540199,0.2266405001282692,0.0,0.0,0.0,0.0,0.0,18473,global,0.0
1,4,lr1e-04_bs16_drop0p4_temp1p0_a0p25_b0p05__wd1e-04trmiss0_degmodglobal,16,0.0001,0.0001,0.4,1.0,0.25,0.05,lr1e-04_bs16_drop0p4_temp1p0_a0p25_b0p05__wd1e-04trmiss0_degmodglobal,36,0.5787179470062256,0.6248766183853149,0.5833333333333333,0.8298821548821549,0.46153846153846156,0.0,0.5112520530819893,0.5534465461969376,0.07005681842565536,0.15514381788671017,0.0,0.0,0.0,0.0,0.0,18473,global,0.0
1,4,lr1e-04_bs16_drop0p4_temp1p0_a0p25_b0p05__wd1e-04trmiss0_degmodglobal,16,0.0001,0.0001,0.4,1.0,0.25,0.05,lr1e-04_bs16_drop0p4_temp1p0_a0p25_b0p05__wd1e-04trmiss0_degmodglobal,37,0.5696684271097183,0.621060848236084,0.5555555555555556,0.8076599326599327,0.6153846153846154,0.0,0.5011650323867798,0.5352396667003632,0.09662786312401295,0.20543573424220085,0.0,0.0,0.0,0.0,0.0,18473,global,0.0
1,4,lr1e-04_bs16_drop0p4_temp1p0_a0p25_b0p05__wd1e-04trmiss0_degmodglobal,16,0.0001,0.0001,0.4,1.0,0.25,0.05,lr1e-04_bs16_drop0p4_temp1p0_a0p25_b0p05__wd1e-04trmiss0_degmodglobal,38,0.5229870975017548,0.6219366788864136,0.49999999999999994,0.7945156695156697,0.5384615384615384,0.0,0.47466641664505005,0.48947400599718094,0.09638512320816517,0.18833638727664948,0.0,0.0,0.0,0.0,0.0,18473,global,0.0
1,4,lr1e-04_bs16_drop0p4_temp1p0_a0p25_b0p05__wd1e-04trmiss0_degmodglobal,16,0.0001,0.0001,0.4,1.0,0.25,0.05,lr1e-04_bs16_drop0p4_temp1p0_a0p25_b0p05__wd1e-04trmiss0_degmodglobal,39,0.5660429894924164,0.6202215552330017,0.5277777777777778,0.8044363044363045,0.6153846153846154,0.0,0.4698643311858177,0.5378519743680954,0.07353772036731243,0.19613158702850342,0.0,0.0,0.0,0.0,0.0,18473,global,0.0
1,4,lr1e-04_bs16_drop0p4_temp1p0_a0p25_b0p05__wd1e-04trmiss0_degmodglobal,16,0.0001,0.0001,0.4,1.0,0.25,0.05,lr1e-04_bs16_drop0p4_temp1p0_a0p25_b0p05__wd1e-04trmiss0_degmodglobal,40,0.5595120191574097,0.6218269467353821,0.5,0.7973655973655975,0.5384615384615384,0.0,0.499854177236557,0.5367230772972107,0.06938024889677763,0.108877994120121,0.0,0.0,0.0,0.0,0.0,18473,global,0.0
1,4,lr1e-04_bs16_drop0p4_temp1p0_a0p25_b0p05__wd1e-04trmiss0_degmodglobal,16,0.0001,0.0001,0.4,1.0,0.25,0.05,lr1e-04_bs16_drop0p4_temp1p0_a0p25_b0p05__wd1e-04trmiss0_degmodglobal,41,0.5402094274759293,0.6202009916305542,0.49999999999999994,0.7945156695156697,0.5384615384615384,0.0,0.47624267637729645,0.5106049254536629,0.0876173097640276,0.15400335751473904,0.0,0.0,0.0,0.0,0.0,18473,global,0.0
1,4,lr1e-04_bs16_drop0p4_temp1p0_a0p25_b0p05__wd1e-04trmiss0_degmodglobal,16,0.0001,0.0001,0.4,1.0,0.25,0.05,lr1e-04_bs16_drop0p4_temp1p0_a0p25_b0p05__wd1e-04trmiss0_degmodglobal,42,0.571790024638176,0.6172494292259216,0.49999999999999994,0.7945156695156697,0.6153846153846154,0.0,0.49571873992681503,0.5478881746530533,0.06362054403871298,0.15993418544530869,0.0,0.0,0.0,0.0,0.0,18473,global,0.0
1,4,lr1e-04_bs16_drop0p4_temp1p0_a0p25_b0p05__wd1e-04trmiss0_degmodglobal,16,0.0001,0.0001,0.4,1.0,0.25,0.05,lr1e-04_bs16_drop0p4_temp1p0_a0p25_b0p05__wd1e-04trmiss0_degmodglobal,43,0.5393199473619461,0.6160222291946411,0.5833333333333333,0.8298821548821549,0.5384615384615384,0.0,0.4863998591899872,0.5089269056916237,0.08465593867003918,0.18458080850541592,0.0,0.0,0.0,0.0,0.0,18473,global,0.0
1,4,lr1e-04_bs16_drop0p4_temp1p0_a0p25_b0p05__wd1e-04trmiss0_degmodglobal,16,0.0001,0.0001,0.4,1.0,0.25,0.05,lr1e-04_bs16_drop0p4_temp1p0_a0p25_b0p05__wd1e-04trmiss0_degmodglobal,44,0.6443325206637383,0.6111290454864502,0.5277777777777778,0.8167378917378918,0.6923076923076923,0.0,0.5651080459356308,0.6161163300275803,0.07515067141503096,0.1885706288740039,0.0,0.0,0.0,0.0,0.0,18473,global,0.0
1,4,lr1e-04_bs16_drop0p4_temp1p0_a0p25_b0p05__wd1e-04trmiss0_degmodglobal,16,0.0001,0.0001,0.4,1.0,0.25,0.05,lr1e-04_bs16_drop0p4_temp1p0_a0p25_b0p05__wd1e-04trmiss0_degmodglobal,45,0.5349221378564835,0.6116767525672913,0.5277777777777778,0.8195878195878197,0.6153846153846154,0.0,0.46656517684459686,0.50094074010849,0.09168382734060287,0.22120864316821098,0.0,0.0,0.0,0.0,0.0,18473,global,0.0
1,4,lr1e-04_bs16_drop0p4_temp1p0_a0p25_b0p05__wd1e-04trmiss0_degmodglobal,16,0.0001,0.0001,0.4,1.0,0.25,0.05,lr1e-04_bs16_drop0p4_temp1p0_a0p25_b0p05__wd1e-04trmiss0_degmodglobal,46,0.5392527133226395,0.6122308373451233,0.5555555555555556,0.828847078847079,0.5384615384615384,0.0,0.48786310851573944,0.5133691057562828,0.07251525018364191,0.15509583055973053,0.0,0.0,0.0,0.0,0.0,18473,global,0.0
1,4,lr1e-04_bs16_drop0p4_temp1p0_a0p25_b0p05__wd1e-04trmiss0_degmodglobal,16,0.0001,0.0001,0.4,1.0,0.25,0.05,lr1e-04_bs16_drop0p4_temp1p0_a0p25_b0p05__wd1e-04trmiss0_degmodglobal,47,0.5549210458993912,0.6136069297790527,0.5555555555555556,0.828847078847079,0.5384615384615384,0.0,0.46673374623060226,0.5276272669434547,0.06800250057131052,0.20586322993040085,0.0,0.0,0.0,0.0,0.0,18473,global,0.0
1,4,lr1e-04_bs16_drop0p4_temp1p0_a0p25_b0p05__wd1e-04trmiss0_degmodglobal,16,0.0001,0.0001,0.4,1.0,0.25,0.05,lr1e-04_bs16_drop0p4_temp1p0_a0p25_b0p05__wd1e-04trmiss0_degmodglobal,48,0.5406004041433334,0.6167048215866089,0.5555555555555556,0.8266585266585267,0.5384615384615384,0.0,0.5158072337508202,0.514668382704258,0.08010013215243816,0.11814001016318798,0.0,0.0,0.0,0.0,0.0,18473,global,0.0
1,4,lr1e-04_bs16_drop0p4_temp1p0_a0p25_b0p05__wd1e-04trmiss0_degmodglobal,16,0.0001,0.0001,0.4,1.0,0.25,0.05,lr1e-04_bs16_drop0p4_temp1p0_a0p25_b0p05__wd1e-04trmiss0_degmodglobal,49,0.5386160314083099,0.6165791749954224,0.5555555555555556,0.8234718984718985,0.5384615384615384,0.0,0.433834508061409,0.5098632574081421,0.08381960820406675,0.15595752745866776,0.0,0.0,0.0,0.0,0.0,18473,global,0.0
1,4,lr1e-04_bs16_drop0p4_temp1p0_a0p25_b0p05__wd1e-04trmiss0_degmodglobal,16,0.0001,0.0001,0.4,1.0,0.25,0.05,lr1e-04_bs16_drop0p4_temp1p0_a0p25_b0p05__wd1e-04trmiss0_degmodglobal,50,0.5290872305631638,0.6191992163658142,0.5555555555555556,0.8234718984718985,0.46153846153846156,0.0,0.49447473883628845,0.5053820386528969,0.06933324877172709,0.12743769958615303,0.0,0.0,0.0,0.0,0.0,18473,global,0.0
1,4,lr1e-04_bs16_drop0p4_temp1p0_a0p25_b0p05__wd1e-04trmiss0_degmodglobal,16,0.0001,0.0001,0.4,1.0,0.25,0.05,lr1e-04_bs16_drop0p4_temp1p0_a0p25_b0p05__wd1e-04trmiss0_degmodglobal,51,0.5257952138781548,0.6206870675086975,0.5555555555555556,0.8234718984718985,0.38461538461538464,0.0,0.48854657262563705,0.5013307854533195,0.06550032831728458,0.16178672388195992,0.0,0.0,0.0,0.0,0.0,18473,global,0.0
1,4,lr1e-04_bs16_drop0p4_temp1p0_a0p25_b0p05__wd1e-04trmiss0_degmodglobal,16,0.0001,0.0001,0.4,1.0,0.25,0.05,lr1e-04_bs16_drop0p4_temp1p0_a0p25_b0p05__wd1e-04trmiss0_degmodglobal,52,0.563834585249424,0.6182634830474854,0.5277777777777778,0.8167378917378918,0.46153846153846156,0.0,0.45545245707035065,0.5228271409869194,0.1041131392121315,0.299582801759243,0.0,0.0,0.0,0.0,0.0,18473,global,0.0
1,4,lr1e-04_bs16_drop0p4_temp1p0_a0p25_b0p05__wd1e-04trmiss0_degmodglobal,16,0.0001,0.0001,0.4,1.0,0.25,0.05,lr1e-04_bs16_drop0p4_temp1p0_a0p25_b0p05__wd1e-04trmiss0_degmodglobal,53,0.5408576279878616,0.6164085865020752,0.5555555555555556,0.8234718984718985,0.5384615384615384,0.0,0.4421882778406143,0.5060086697340012,0.09353612922132015,0.22929876670241356,0.0,0.0,0.0,0.0,0.0,18473,global,0.0
1,4,lr1e-04_bs16_drop0p4_temp1p0_a0p25_b0p05__wd1e-04trmiss0_degmodglobal,16,0.0001,0.0001,0.4,1.0,0.25,0.05,lr1e-04_bs16_drop0p4_temp1p0_a0p25_b0p05__wd1e-04trmiss0_degmodglobal,54,0.5467551797628403,0.6159682869911194,0.5555555555555556,0.8234718984718985,0.5384615384615384,0.0,0.45742490142583847,0.5126358643174171,0.0950257508084178,0.2072577178478241,0.0,0.0,0.0,0.0,0.0,18473,global,0.0
1,4,lr1e-04_bs16_drop0p4_temp1p0_a0p25_b0p05__wd1e-04trmiss0_degmodglobal,16,0.0001,0.0001,0.4,1.0,0.25,0.05,lr1e-04_bs16_drop0p4_temp1p0_a0p25_b0p05__wd1e-04trmiss0_degmodglobal,55,0.5703726559877396,0.61778724193573,0.5555555555555556,0.8234718984718985,0.46153846153846156,0.0,0.49488409608602524,0.5374663770198822,0.08437428250908852,0.23625419288873672,0.0,0.0,0.0,0.0,0.0,18473,global,0.0
1,4,lr1e-04_bs16_drop0p4_temp1p0_a0p25_b0p05__wd1e-04trmiss0_degmodglobal,16,0.0001,0.0001,0.4,1.0,0.25,0.05,lr1e-04_bs16_drop0p4_temp1p0_a0p25_b0p05__wd1e-04trmiss0_degmodglobal,56,0.5283212140202522,0.6146166920661926,0.5277777777777778,0.8167378917378918,0.38461538461538464,0.0,0.479277066886425,0.505424439907074,0.06143165472894907,0.15077720303088427,0.0,0.0,0.0,0.0,0.0,18473,global,0.0
1,4,lr1e-04_bs16_drop0p4_temp1p0_a0p25_b0p05__wd1e-04trmiss0_degmodglobal,16,0.0001,0.0001,0.4,1.0,0.25,0.05,lr1e-04_bs16_drop0p4_temp1p0_a0p25_b0p05__wd1e-04trmiss0_degmodglobal,57,0.5638979822397232,0.6107048392295837,0.5277777777777778,0.8167378917378918,0.5384615384615384,0.0,0.48184235394001007,0.5345075502991676,0.08686714991927147,0.15347262285649776,0.0,0.0,0.0,0.0,0.0,18473,global,0.0
1,4,lr1e-04_bs16_drop0p4_temp1p0_a0p25_b0p05__wd1e-04trmiss0_degmodglobal,16,0.0001,0.0001,0.4,1.0,0.25,0.05,lr1e-04_bs16_drop0p4_temp1p0_a0p25_b0p05__wd1e-04trmiss0_degmodglobal,58,0.5316855758428574,0.6094942688941956,0.5277777777777778,0.8195878195878197,0.6153846153846154,0.0,0.4484211280941963,0.5048486068844795,0.07241779938340187,0.17465073242783546,0.0,0.0,0.0,0.0,0.0,18473,global,0.0
1,4,lr1e-04_bs16_drop0p4_temp1p0_a0p25_b0p05__wd1e-04trmiss0_degmodglobal,16,0.0001,0.0001,0.4,1.0,0.25,0.05,lr1e-04_bs16_drop0p4_temp1p0_a0p25_b0p05__wd1e-04trmiss0_degmodglobal,59,0.5635639727115631,0.6150185465812683,0.5555555555555556,0.8266585266585267,0.5384615384615384,0.0,0.48286110162734985,0.5331485569477081,0.08123503439128399,0.20213324204087257,0.0,0.0,0.0,0.0,0.0,18473,global,0.0
1,4,lr1e-04_bs16_drop0p4_temp1p0_a0p25_b0p05__wd1e-04trmiss0_degmodglobal,16,0.0001,0.0001,0.4,1.0,0.25,0.05,lr1e-04_bs16_drop0p4_temp1p0_a0p25_b0p05__wd1e-04trmiss0_degmodglobal,60,0.522317185997963,0.6133313775062561,0.5555555555555556,0.8266585266585267,0.6153846153846154,0.0,0.4298418313264847,0.49295374006032944,0.08080521412193775,0.1832427754998207,0.0,0.0,0.0,0.0,0.0,18473,global,0.0
1,4,lr1e-04_bs16_drop0p4_temp1p0_a0p25_b0p05__wd1e-04trmiss0_degmodglobal,16,0.0001,0.0001,0.4,1.0,0.25,0.05,lr1e-04_bs16_drop0p4_temp1p0_a0p25_b0p05__wd1e-04trmiss0_degmodglobal,61,0.56222964823246,0.6133407950401306,0.5555555555555556,0.8266585266585267,0.6153846153846154,0.0,0.43585900217294693,0.5229670777916908,0.1053489726036787,0.25850605592131615,0.0,0.0,0.0,0.0,0.0,18473,global,0.0
1,4,lr1e-04_bs16_drop0p4_temp1p0_a0p25_b0p05__wd1e-04trmiss0_degmodglobal,16,0.0001,0.0001,0.4,1.0,0.25,0.05,lr1e-04_bs16_drop0p4_temp1p0_a0p25_b0p05__wd1e-04trmiss0_degmodglobal,62,0.5598696321249008,0.6136614680290222,0.5277777777777778,0.8167378917378918,0.46153846153846156,0.0,0.4514293745160103,0.5201334059238434,0.09793854504823685,0.3050313927233219,0.0,0.0,0.0,0.0,0.0,18473,global,0.0
1,4,lr1e-04_bs16_drop0p4_temp1p0_a0p25_b0p05__wd1e-04trmiss0_degmodglobal,16,0.0001,0.0001,0.4,1.0,0.25,0.05,lr1e-04_bs16_drop0p4_temp1p0_a0p25_b0p05__wd1e-04trmiss0_degmodglobal,63,0.5352001935243607,0.616752564907074,0.5555555555555556,0.8266585266585267,0.46153846153846156,0.0,0.45907507091760635,0.5064965635538101,0.07508244458585978,0.19866002164781094,0.0,0.0,0.0,0.0,0.0,18473,global,0.0
1,4,lr1e-04_bs16_drop0p4_temp2p0_a0p25_b0p05__wd1e-04trmiss0_degmodglobal,16,0.0001,0.0001,0.4,2.0,0.25,0.05,lr1e-04_bs16_drop0p4_temp2p0_a0p25_b0p05__wd1e-04trmiss0_degmodglobal,1,0.7279522120952606,0.7023658156394958,0.4444444444444444,0.6902227402227403,0.46153846153846156,0.0,0.665059357881546,0.693803071975708,0.08247969299554825,0.2705841660499573,0.0,0.0,0.0,0.0,0.0,18473,global,0.0
1,4,lr1e-04_bs16_drop0p4_temp2p0_a0p25_b0p05__wd1e-04trmiss0_degmodglobal,16,0.0001,0.0001,0.4,2.0,0.25,0.05,lr1e-04_bs16_drop0p4_temp2p0_a0p25_b0p05__wd1e-04trmiss0_degmodglobal,2,0.7149251401424408,0.6940321326255798,0.4722222222222222,0.6907999407999409,0.5384615384615384,0.0,0.6728061586618423,0.6817678958177567,0.07801909372210503,0.2730493042618036,0.0,0.0,0.0,0.0,0.0,18473,global,0.0
1,4,lr1e-04_bs16_drop0p4_temp2p0_a0p25_b0p05__wd1e-04trmiss0_degmodglobal,16,0.0001,0.0001,0.4,2.0,0.25,0.05,lr1e-04_bs16_drop0p4_temp2p0_a0p25_b0p05__wd1e-04trmiss0_degmodglobal,3,0.6580314040184021,0.6821090579032898,0.49999999999999994,0.7000592000592001,0.5384615384615384,0.0,0.6336986869573593,0.634633481502533,0.06030812207609415,0.16641755402088165,0.0,0.0,0.0,0.0,0.0,18473,global,0.0
1,4,lr1e-04_bs16_drop0p4_temp2p0_a0p25_b0p05__wd1e-04trmiss0_degmodglobal,16,0.0001,0.0001,0.4,2.0,0.25,0.05,lr1e-04_bs16_drop0p4_temp2p0_a0p25_b0p05__wd1e-04trmiss0_degmodglobal,4,0.6581278741359711,0.6773571968078613,0.5,0.7463554963554964,0.5384615384615384,0.0,0.634702518582344,0.6320226788520813,0.07107041217386723,0.16675171814858913,0.0,0.0,0.0,0.0,0.0,18473,global,0.0
1,4,lr1e-04_bs16_drop0p4_temp2p0_a0p25_b0p05__wd1e-04trmiss0_degmodglobal,16,0.0001,0.0001,0.4,2.0,0.25,0.05,lr1e-04_bs16_drop0p4_temp2p0_a0p25_b0p05__wd1e-04trmiss0_degmodglobal,5,0.6395025700330734,0.6777332425117493,0.5,0.7734718984718985,0.46153846153846156,0.0,0.6468021720647812,0.6064066141843796,0.08505652751773596,0.23663636669516563,0.0,0.0,0.0,0.0,0.0,18473,global,0.0
1,4,lr1e-04_bs16_drop0p4_temp2p0_a0p25_b0p05__wd1e-04trmiss0_degmodglobal,16,0.0001,0.0001,0.4,2.0,0.25,0.05,lr1e-04_bs16_drop0p4_temp2p0_a0p25_b0p05__wd1e-04trmiss0_degmodglobal,6,0.6228057444095612,0.6749892830848694,0.5833333333333334,0.799062049062049,0.46153846153846156,0.0,0.606156662106514,0.5963820070028305,0.08059800136834383,0.1254849974066019,0.0,0.0,0.0,0.0,0.0,18473,global,0.0
1,4,lr1e-04_bs16_drop0p4_temp2p0_a0p25_b0p05__wd1e-04trmiss0_degmodglobal,16,0.0001,0.0001,0.4,2.0,0.25,0.05,lr1e-04_bs16_drop0p4_temp2p0_a0p25_b0p05__wd1e-04trmiss0_degmodglobal,7,0.622151717543602,0.6647290587425232,0.6388888888888888,0.8287477954144622,0.6153846153846154,0.0,0.6065127104520798,0.586747407913208,0.10173142701387405,0.19942867755889893,0.0,0.0,0.0,0.0,0.0,18473,global,0.0
1,4,lr1e-04_bs16_drop0p4_temp2p0_a0p25_b0p05__wd1e-04trmiss0_degmodglobal,16,0.0001,0.0001,0.4,2.0,0.25,0.05,lr1e-04_bs16_drop0p4_temp2p0_a0p25_b0p05__wd1e-04trmiss0_degmodglobal,8,0.604129895567894,0.6579993367195129,0.638888888888889,0.8371523538190206,0.6153846153846154,0.0,0.5608800426125526,0.5712319910526276,0.0860914196819067,0.2275010086596012,0.0,0.0,0.0,0.0,0.0,18473,global,0.0
1,4,lr1e-04_bs16_drop0p4_temp2p0_a0p25_b0p05__wd1e-04trmiss0_degmodglobal,16,0.0001,0.0001,0.4,2.0,0.25,0.05,lr1e-04_bs16_drop0p4_temp2p0_a0p25_b0p05__wd1e-04trmiss0_degmodglobal,9,0.6039531230926514,0.6692120432853699,0.5833333333333334,0.8012937679604346,0.5384615384615384,0.0,0.5952337682247162,0.5796953737735748,0.05993645149283111,0.18547226022928953,0.0,0.0,0.0,0.0,0.0,18473,global,0.0
1,4,lr1e-04_bs16_drop0p4_temp2p0_a0p25_b0p05__wd1e-04trmiss0_degmodglobal,16,0.0001,0.0001,0.4,2.0,0.25,0.05,lr1e-04_bs16_drop0p4_temp2p0_a0p25_b0p05__wd1e-04trmiss0_degmodglobal,10,0.5759842544794083,0.6682738065719604,0.5833333333333334,0.8223375390042058,0.5384615384615384,0.0,0.5656783133745193,0.5428139939904213,0.08996342308819294,0.21358805149793625,0.0,0.0,0.0,0.0,0.0,18473,global,0.0
1,4,lr1e-04_bs16_drop0p4_temp2p0_a0p25_b0p05__wd1e-04trmiss0_degmodglobal,16,0.0001,0.0001,0.4,2.0,0.25,0.05,lr1e-04_bs16_drop0p4_temp2p0_a0p25_b0p05__wd1e-04trmiss0_degmodglobal,11,0.604450449347496,0.6674947738647461,0.5833333333333334,0.8223375390042058,0.5384615384615384,0.0,0.5876280963420868,0.5695544481277466,0.09910397604107857,0.20240047946572304,0.0,0.0,0.0,0.0,0.0,18473,global,0.0
1,4,lr1e-04_bs16_drop0p4_temp2p0_a0p25_b0p05__wd1e-04trmiss0_degmodglobal,16,0.0001,0.0001,0.4,2.0,0.25,0.05,lr1e-04_bs16_drop0p4_temp2p0_a0p25_b0p05__wd1e-04trmiss0_degmodglobal,12,0.5665003061294556,0.6599604487419128,0.6111111111111112,0.8355650522317191,0.6153846153846154,0.0,0.5480306297540665,0.5401642248034477,0.07157380133867264,0.16885275393724442,0.0,0.0,0.0,0.0,0.0,18473,global,0.0
1,4,lr1e-04_bs16_drop0p4_temp2p0_a0p25_b0p05__wd1e-04trmiss0_degmodglobal,16,0.0001,0.0001,0.4,2.0,0.25,0.05,lr1e-04_bs16_drop0p4_temp2p0_a0p25_b0p05__wd1e-04trmiss0_degmodglobal,13,0.5906772166490555,0.6473820209503174,0.6666666666666667,0.8645212811879479,0.6153846153846154,0.0,0.5665083825588226,0.5564675033092499,0.08631873317062855,0.25260067358613014,0.0,0.0,0.0,0.0,0.0,18473,global,0.0
1,4,lr1e-04_bs16_drop0p4_temp2p0_a0p25_b0p05__wd1e-04trmiss0_degmodglobal,16,0.0001,0.0001,0.4,2.0,0.25,0.05,lr1e-04_bs16_drop0p4_temp2p0_a0p25_b0p05__wd1e-04trmiss0_degmodglobal,14,0.5722580254077911,0.6506059765815735,0.6111111111111112,0.8290715457382125,0.5384615384615384,0.0,0.5371657386422157,0.5387012213468552,0.09541609138250351,0.19405592512339354,0.0,0.0,0.0,0.0,0.0,18473,global,0.0
1,4,lr1e-04_bs16_drop0p4_temp2p0_a0p25_b0p05__wd1e-04trmiss0_degmodglobal,16,0.0001,0.0001,0.4,2.0,0.25,0.05,lr1e-04_bs16_drop0p4_temp2p0_a0p25_b0p05__wd1e-04trmiss0_degmodglobal,15,0.6137628555297852,0.6565019488334656,0.638888888888889,0.8371523538190206,0.5384615384615384,0.0,0.5718463063240051,0.5684266984462738,0.11910327896475792,0.3112064525485039,0.0,0.0,0.0,0.0,0.0,18473,global,0.0
1,4,lr1e-04_bs16_drop0p4_temp2p0_a0p25_b0p05__wd1e-04trmiss0_degmodglobal,16,0.0001,0.0001,0.4,2.0,0.25,0.05,lr1e-04_bs16_drop0p4_temp2p0_a0p25_b0p05__wd1e-04trmiss0_degmodglobal,16,0.5634218901395798,0.6621521711349487,0.6944444444444444,0.8657848324514992,0.5384615384615384,0.0,0.577560693025589,0.5352557897567749,0.07746118819341063,0.17601615190505981,0.0,0.0,0.0,0.0,0.0,18473,global,0.0
1,4,lr1e-04_bs16_drop0p4_temp2p0_a0p25_b0p05__wd1e-04trmiss0_degmodglobal,16,0.0001,0.0001,0.4,2.0,0.25,0.05,lr1e-04_bs16_drop0p4_temp2p0_a0p25_b0p05__wd1e-04trmiss0_degmodglobal,17,0.5442314594984055,0.658022403717041,0.6111111111111112,0.8355650522317191,0.5384615384615384,0.0,0.496986947953701,0.5109206661581993,0.097691984847188,0.17775586061179638,0.0,0.0,0.0,0.0,0.0,18473,global,0.0
1,4,lr1e-04_bs16_drop0p4_temp2p0_a0p25_b0p05__wd1e-04trmiss0_degmodglobal,16,0.0001,0.0001,0.4,2.0,0.25,0.05,lr1e-04_bs16_drop0p4_temp2p0_a0p25_b0p05__wd1e-04trmiss0_degmodglobal,18,0.5448732823133469,0.656135082244873,0.6388888888888888,0.8577872744539412,0.5384615384615384,0.0,0.5394033268094063,0.5147861391305923,0.08018364198505878,0.20082440972328186,0.0,0.0,0.0,0.0,0.0,18473,global,0.0
1,4,lr1e-04_bs16_drop0p4_temp2p0_a0p25_b0p05__wd1e-04trmiss0_degmodglobal,16,0.0001,0.0001,0.4,2.0,0.25,0.05,lr1e-04_bs16_drop0p4_temp2p0_a0p25_b0p05__wd1e-04trmiss0_degmodglobal,19,0.586099699139595,0.6507925987243652,0.6111111111111112,0.8355650522317191,0.5384615384615384,0.0,0.534095510840416,0.5543880462646484,0.08075016643851995,0.23048245534300804,0.0,0.0,0.0,0.0,0.0,18473,global,0.0
1,4,lr1e-04_bs16_drop0p4_temp2p0_a0p25_b0p05__wd1e-04trmiss0_degmodglobal,16,0.0001,0.0001,0.4,2.0,0.25,0.05,lr1e-04_bs16_drop0p4_temp2p0_a0p25_b0p05__wd1e-04trmiss0_degmodglobal,20,0.5472655147314072,0.6488805413246155,0.638888888888889,0.8474698141364809,0.6153846153846154,0.0,0.548722431063652,0.5123984813690186,0.08849419467151165,0.2548695579171181,0.0,0.0,0.0,0.0,0.0,18473,global,0.0
1,4,lr1e-04_bs16_drop0p4_temp2p0_a0p25_b0p05__wd1e-04trmiss0_degmodglobal,16,0.0001,0.0001,0.4,2.0,0.25,0.05,lr1e-04_bs16_drop0p4_temp2p0_a0p25_b0p05__wd1e-04trmiss0_degmodglobal,21,0.627744771540165,0.650385856628418,0.6111111111111112,0.8355650522317191,0.6153846153846154,0.0,0.5491901338100433,0.5834396481513977,0.11967689078301191,0.2877174951136112,0.0,0.0,0.0,0.0,0.0,18473,global,0.0
1,4,lr1e-04_bs16_drop0p4_temp2p0_a0p25_b0p05__wd1e-04trmiss0_degmodglobal,16,0.0001,0.0001,0.4,2.0,0.25,0.05,lr1e-04_bs16_drop0p4_temp2p0_a0p25_b0p05__wd1e-04trmiss0_degmodglobal,22,0.5730605572462082,0.6505059003829956,0.6111111111111112,0.8355650522317191,0.6153846153846154,0.0,0.537453331053257,0.5383255630731583,0.09159286320209503,0.23673534579575062,0.0,0.0,0.0,0.0,0.0,18473,global,0.0
1,4,lr1e-04_bs16_drop0p4_temp2p0_a0p25_b0p05__wd1e-04trmiss0_degmodglobal,16,0.0001,0.0001,0.4,2.0,0.25,0.05,lr1e-04_bs16_drop0p4_temp2p0_a0p25_b0p05__wd1e-04trmiss0_degmodglobal,23,0.5502431690692902,0.6558720469474792,0.6666666666666667,0.8487093153759822,0.5384615384615384,0.0,0.5238608419895172,0.5065153986215591,0.11245396360754967,0.31228527799248695,0.0,0.0,0.0,0.0,0.0,18473,global,0.0
1,4,lr1e-04_bs16_drop0p4_temp2p0_a0p25_b0p05__wd1e-04trmiss0_degmodglobal,16,0.0001,0.0001,0.4,2.0,0.25,0.05,lr1e-04_bs16_drop0p4_temp2p0_a0p25_b0p05__wd1e-04trmiss0_degmodglobal,24,0.5425849556922913,0.6594617962837219,0.75,0.88658810325477,0.5384615384615384,0.0,0.5393347144126892,0.5043578371405602,0.09190487675368786,0.3050180897116661,0.0,0.0,0.0,0.0,0.0,18473,global,0.0
1,4,lr1e-04_bs16_drop0p4_temp2p0_a0p25_b0p05__wd1e-04trmiss0_degmodglobal,16,0.0001,0.0001,0.4,2.0,0.25,0.05,lr1e-04_bs16_drop0p4_temp2p0_a0p25_b0p05__wd1e-04trmiss0_degmodglobal,25,0.5375944972038269,0.6583302617073059,0.6666666666666666,0.8363235529902198,0.5384615384615384,0.0,0.5483503490686417,0.5066831111907959,0.08256436139345169,0.20540551096200943,0.0,0.0,0.0,0.0,0.0,18473,global,0.0
1,4,lr1e-04_bs16_drop0p4_temp2p0_a0p25_b0p05__wd1e-04trmiss0_degmodglobal,16,0.0001,0.0001,0.4,2.0,0.25,0.05,lr1e-04_bs16_drop0p4_temp2p0_a0p25_b0p05__wd1e-04trmiss0_degmodglobal,26,0.5362522751092911,0.6594713926315308,0.6666666666666666,0.8233605900272567,0.5384615384615384,0.0,0.5372320786118507,0.5030238032341003,0.09033590834587812,0.21289001032710075,0.0,0.0,0.0,0.0,0.0,18473,global,0.0
1,4,lr1e-04_bs16_drop0p4_temp2p0_a0p25_b0p05__wd1e-04trmiss0_degmodglobal,16,0.0001,0.0001,0.4,2.0,0.25,0.05,lr1e-04_bs16_drop0p4_temp2p0_a0p25_b0p05__wd1e-04trmiss0_degmodglobal,27,0.5196299254894257,0.6540486216545105,0.6944444444444444,0.83658810325477,0.5384615384615384,0.0,0.5197197273373604,0.48733682185411453,0.08558338135480881,0.21794523298740387,0.0,0.0,0.0,0.0,0.0,18473,global,0.0
1,4,lr1e-04_bs16_drop0p4_temp2p0_a0p25_b0p05__wd1e-04trmiss0_degmodglobal,16,0.0001,0.0001,0.4,2.0,0.25,0.05,lr1e-04_bs16_drop0p4_temp2p0_a0p25_b0p05__wd1e-04trmiss0_degmodglobal,28,0.5389875322580338,0.6591960191726685,0.6666666666666666,0.8233605900272567,0.5384615384615384,0.0,0.5224416628479958,0.507992260158062,0.08318719081580639,0.20396933518350124,0.0,0.0,0.0,0.0,0.0,18473,global,0.0
1,4,lr1e-04_bs16_drop0p4_temp2p0_a0p25_b0p05__wd1e-04trmiss0_degmodglobal,16,0.0001,0.0001,0.4,2.0,0.25,0.05,lr1e-04_bs16_drop0p4_temp2p0_a0p25_b0p05__wd1e-04trmiss0_degmodglobal,29,0.5399954468011856,0.6588377952575684,0.6388888888888888,0.8157848324514991,0.5384615384615384,0.0,0.5328018814325333,0.5116857066750526,0.07126148790121078,0.20988761261105537,0.0,0.0,0.0,0.0,0.0,18473,global,0.0
1,4,lr1e-04_bs16_drop0p4_temp2p0_a0p25_b0p05__wd1e-04trmiss0_degmodglobal,16,0.0001,0.0001,0.4,2.0,0.25,0.05,lr1e-04_bs16_drop0p4_temp2p0_a0p25_b0p05__wd1e-04trmiss0_degmodglobal,30,0.5411592572927475,0.6649104952812195,0.6388888888888888,0.8157848324514991,0.5384615384615384,0.0,0.5038813948631287,0.5000245869159698,0.1073617935180664,0.28588439524173737,0.0,0.0,0.0,0.0,0.0,18473,global,0.0
1,4,lr1e-04_bs16_drop0p4_temp2p0_a0p25_b0p05__wd1e-04trmiss0_degmodglobal,16,0.0001,0.0001,0.4,2.0,0.25,0.05,lr1e-04_bs16_drop0p4_temp2p0_a0p25_b0p05__wd1e-04trmiss0_degmodglobal,31,0.5057480111718178,0.6693562269210815,0.6666666666666666,0.8233605900272567,0.5384615384615384,0.0,0.5224504843354225,0.47050008922815323,0.09329088684171438,0.23850396648049355,0.0,0.0,0.0,0.0,0.0,18473,global,0.0
1,4,lr1e-04_bs16_drop0p4_temp2p0_a0p25_b0p05__wd1e-04trmiss0_degmodglobal,16,0.0001,0.0001,0.4,2.0,0.25,0.05,lr1e-04_bs16_drop0p4_temp2p0_a0p25_b0p05__wd1e-04trmiss0_degmodglobal,32,0.5146971493959427,0.6740307807922363,0.6666666666666666,0.8233605900272567,0.46153846153846156,0.0,0.5006423220038414,0.48412496596574783,0.08680337108671665,0.17742646485567093,0.0,0.0,0.0,0.0,0.0,18473,global,0.0
1,4,lr1e-04_bs16_drop0p4_temp2p0_a0p25_b0p05__wd1e-04trmiss0_degmodglobal,16,0.0001,0.0001,0.4,2.0,0.25,0.05,lr1e-04_bs16_drop0p4_temp2p0_a0p25_b0p05__wd1e-04trmiss0_degmodglobal,33,0.5604337304830551,0.6735477447509766,0.6388888888888888,0.8085457752124419,0.5384615384615384,0.0,0.5243598744273186,0.5264073610305786,0.09782198816537857,0.191417021676898,0.0,0.0,0.0,0.0,0.0,18473,global,0.0
1,4,lr1e-04_bs16_drop0p4_temp2p0_a0p25_b0p05__wd1e-04trmiss0_degmodglobal,16,0.0001,0.0001,0.4,2.0,0.25,0.05,lr1e-04_bs16_drop0p4_temp2p0_a0p25_b0p05__wd1e-04trmiss0_degmodglobal,34,0.5317744016647339,0.665260910987854,0.6666666666666666,0.8233605900272567,0.5384615384615384,0.0,0.5090322270989418,0.5003271624445915,0.0899658054113388,0.17911562277004123,0.0,0.0,0.0,0.0,0.0,18473,global,0.0
1,4,lr1e-04_bs16_drop0p4_temp2p0_a0p25_b0p05__wd1e-04trmiss0_degmodglobal,16,0.0001,0.0001,0.4,2.0,0.25,0.05,lr1e-04_bs16_drop0p4_temp2p0_a0p25_b0p05__wd1e-04trmiss0_degmodglobal,35,0.5493164882063866,0.6626624464988708,0.6388888888888888,0.8085457752124419,0.5384615384615384,0.0,0.5383426249027252,0.5177318081259727,0.07835610397160053,0.2399129755795002,0.0,0.0,0.0,0.0,0.0,18473,global,0.0
1,4,lr1e-04_bs16_drop0p4_temp2p0_a0p25_b0p05__wd1e-04trmiss0_degmodglobal,16,0.0001,0.0001,0.4,2.0,0.25,0.05,lr1e-04_bs16_drop0p4_temp2p0_a0p25_b0p05__wd1e-04trmiss0_degmodglobal,36,0.5151597410440445,0.6604374051094055,0.6666666666666666,0.8233605900272567,0.5384615384615384,0.0,0.5053569227457047,0.4812030643224716,0.09449328854680061,0.20666774362325668,0.0,0.0,0.0,0.0,0.0,18473,global,0.0
1,4,lr1e-04_bs16_drop0p4_temp2p0_a0p25_b0p05__wd1e-04trmiss0_degmodglobal,16,0.0001,0.0001,0.4,2.0,0.25,0.05,lr1e-04_bs16_drop0p4_temp2p0_a0p25_b0p05__wd1e-04trmiss0_degmodglobal,37,0.5258919298648834,0.6600356698036194,0.6388888888888888,0.8085457752124419,0.5384615384615384,0.0,0.5164909511804581,0.4811200127005577,0.12009711004793644,0.29495298862457275,0.0,0.0,0.0,0.0,0.0,18473,global,0.0
1,4,lr1e-04_bs16_drop0p4_temp2p0_a0p25_b0p05__wd1e-04trmiss0_degmodglobal,16,0.0001,0.0001,0.4,2.0,0.25,0.05,lr1e-04_bs16_drop0p4_temp2p0_a0p25_b0p05__wd1e-04trmiss0_degmodglobal,38,0.5167402029037476,0.6619246602058411,0.6388888888888888,0.8085457752124419,0.5384615384615384,0.0,0.5293120369315147,0.4884413182735443,0.07812594994902611,0.17534774914383888,0.0,0.0,0.0,0.0,0.0,18473,global,0.0
1,4,lr1e-04_bs16_drop0p4_temp2p0_a0p25_b0p05__wd1e-04trmiss0_degmodglobal,16,0.0001,0.0001,0.4,2.0,0.25,0.05,lr1e-04_bs16_drop0p4_temp2p0_a0p25_b0p05__wd1e-04trmiss0_degmodglobal,39,0.4999934211373329,0.6601601839065552,0.6388888888888888,0.8085457752124419,0.5384615384615384,0.0,0.5166753903031349,0.45984897017478943,0.10544507950544357,0.275663860142231,0.0,0.0,0.0,0.0,0.0,18473,global,0.0
1,4,lr1e-04_bs16_drop0p4_temp2p0_a0p25_b0p05__wd1e-04trmiss0_degmodglobal,16,0.0001,0.0001,0.4,2.0,0.25,0.05,lr1e-04_bs16_drop0p4_temp2p0_a0p25_b0p05__wd1e-04trmiss0_degmodglobal,40,0.49747151881456375,0.6596277952194214,0.6666666666666666,0.8233605900272567,0.5384615384615384,0.0,0.5222911685705185,0.45957981050014496,0.09691586159169674,0.27325472608208656,0.0,0.0,0.0,0.0,0.0,18473,global,0.0
1,4,lr1e-04_bs16_drop0p4_temp2p0_a0p25_b0p05__wd1e-04trmiss0_degmodglobal,16,0.0001,0.0001,0.4,2.0,0.25,0.05,lr1e-04_bs16_drop0p4_temp2p0_a0p25_b0p05__wd1e-04trmiss0_degmodglobal,41,0.5122763067483902,0.6633362174034119,0.6388888888888888,0.8085457752124419,0.5384615384615384,0.0,0.5145504996180534,0.4691244140267372,0.11461147107183933,0.28998037055134773,0.0,0.0,0.0,0.0,0.0,18473,global,0.0
1,4,lr1e-04_bs16_drop0p4_temp2p0_a0p25_b0p05__wd1e-04trmiss0_degmodglobal,16,0.0001,0.0001,0.4,2.0,0.25,0.05,lr1e-04_bs16_drop0p4_temp2p0_a0p25_b0p05__wd1e-04trmiss0_degmodglobal,42,0.5018307417631149,0.6643814444541931,0.6388888888888888,0.8085457752124419,0.5384615384615384,0.0,0.4931252747774124,0.46427781134843826,0.10845484025776386,0.2087842896580696,0.0,0.0,0.0,0.0,0.0,18473,global,0.0
1,4,lr1e-04_bs16_drop0p4_temp2p0_a0p25_b0p05__wd1e-04trmiss0_degmodglobal,16,0.0001,0.0001,0.4,2.0,0.25,0.05,lr1e-04_bs16_drop0p4_temp2p0_a0p25_b0p05__wd1e-04trmiss0_degmodglobal,43,0.5062882825732231,0.6673785448074341,0.6388888888888888,0.8085457752124419,0.5384615384615384,0.0,0.504647471010685,0.4742700606584549,0.09609005972743034,0.15991396084427834,0.0,0.0,0.0,0.0,0.0,18473,global,0.0
1,4,lr1e-04_bs16_drop0p4_temp2p0_a0p25_b0p05__wd1e-04trmiss0_degmodglobal,16,0.0001,0.0001,0.4,2.0,0.25,0.05,lr1e-04_bs16_drop0p4_temp2p0_a0p25_b0p05__wd1e-04trmiss0_degmodglobal,44,0.530748538672924,0.6679375767707825,0.6388888888888888,0.8085457752124419,0.5384615384615384,0.0,0.4913748428225517,0.49038710445165634,0.11148036736994982,0.2498267125338316,0.0,0.0,0.0,0.0,0.0,18473,global,0.0
1,4,lr5e-05_bs16_drop0p2_temp1p0_a0p25_b0p05__wd1e-04trmiss0_degmodglobal,16,5e-05,0.0001,0.2,1.0,0.25,0.05,lr5e-05_bs16_drop0p2_temp1p0_a0p25_b0p05__wd1e-04trmiss0_degmodglobal,1,0.6829709410667419,0.7401186227798462,0.5555555555555556,0.8266585266585267,0.5384615384615384,0.0,0.6826431304216385,0.6710057705640793,0.03426444297656417,0.0679808808490634,0.0,0.0,0.0,0.0,0.0,18473,global,0.0
1,4,lr5e-05_bs16_drop0p2_temp1p0_a0p25_b0p05__wd1e-04trmiss0_degmodglobal,16,5e-05,0.0001,0.2,1.0,0.25,0.05,lr5e-05_bs16_drop0p2_temp1p0_a0p25_b0p05__wd1e-04trmiss0_degmodglobal,2,0.6518730819225311,0.7347351312637329,0.5555555555555556,0.8176638176638178,0.5384615384615384,0.0,0.6747822016477585,0.6369324922561646,0.04169565159827471,0.0903330035507679,0.0,0.0,0.0,0.0,0.0,18473,global,0.0
1,4,lr5e-05_bs16_drop0p2_temp1p0_a0p25_b0p05__wd1e-04trmiss0_degmodglobal,16,5e-05,0.0001,0.2,1.0,0.25,0.05,lr5e-05_bs16_drop0p2_temp1p0_a0p25_b0p05__wd1e-04trmiss0_degmodglobal,3,0.6564525663852692,0.7187283039093018,0.6111111111111112,0.8355650522317191,0.5384615384615384,0.0,0.6408229768276215,0.6431500613689423,0.037065193988382816,0.08072430826723576,0.0,0.0,0.0,0.0,0.0,18473,global,0.0
1,4,lr5e-05_bs16_drop0p2_temp1p0_a0p25_b0p05__wd1e-04trmiss0_degmodglobal,16,5e-05,0.0001,0.2,1.0,0.25,0.05,lr5e-05_bs16_drop0p2_temp1p0_a0p25_b0p05__wd1e-04trmiss0_degmodglobal,4,0.63602614402771,0.6930879950523376,0.5555555555555556,0.7991452991452992,0.6153846153846154,0.0,0.6339588910341263,0.6222178488969803,0.03697330644354224,0.09129931963980198,0.0,0.0,0.0,0.0,0.0,18473,global,0.0
1,4,lr5e-05_bs16_drop0p2_temp1p0_a0p25_b0p05__wd1e-04trmiss0_degmodglobal,16,5e-05,0.0001,0.2,1.0,0.25,0.05,lr5e-05_bs16_drop0p2_temp1p0_a0p25_b0p05__wd1e-04trmiss0_degmodglobal,5,0.634183719754219,0.6871126890182495,0.5277777777777778,0.7898860398860401,0.5384615384615384,0.0,0.6358412653207779,0.6215455085039139,0.036879027262330055,0.06836922839283943,0.0,0.0,0.0,0.0,0.0,18473,global,0.0
1,4,lr5e-05_bs16_drop0p2_temp1p0_a0p25_b0p05__wd1e-04trmiss0_degmodglobal,16,5e-05,0.0001,0.2,1.0,0.25,0.05,lr5e-05_bs16_drop0p2_temp1p0_a0p25_b0p05__wd1e-04trmiss0_degmodglobal,6,0.5935939252376556,0.6759790778160095,0.5,0.7828153328153329,0.5384615384615384,0.0,0.6053352504968643,0.577591598033905,0.044025151059031487,0.09992079436779022,0.0,0.0,0.0,0.0,0.0,18473,global,0.0
1,4,lr5e-05_bs16_drop0p2_temp1p0_a0p25_b0p05__wd1e-04trmiss0_degmodglobal,16,5e-05,0.0001,0.2,1.0,0.25,0.05,lr5e-05_bs16_drop0p2_temp1p0_a0p25_b0p05__wd1e-04trmiss0_degmodglobal,7,0.6331264823675156,0.6625996828079224,0.5555555555555556,0.803979353979354,0.6153846153846154,0.0,0.62699855864048,0.6145846396684647,0.04936453653499484,0.12401412799954414,0.0,0.0,0.0,0.0,0.0,18473,global,0.0
1,4,lr5e-05_bs16_drop0p2_temp1p0_a0p25_b0p05__wd1e-04trmiss0_degmodglobal,16,5e-05,0.0001,0.2,1.0,0.25,0.05,lr5e-05_bs16_drop0p2_temp1p0_a0p25_b0p05__wd1e-04trmiss0_degmodglobal,8,0.5874002128839493,0.6565311551094055,0.6388888888888888,0.822602089268756,0.7692307692307693,0.0,0.594679519534111,0.5696737319231033,0.049283334985375404,0.10811292193830013,0.0,0.0,0.0,0.0,0.0,18473,global,0.0
1,4,lr5e-05_bs16_drop0p2_temp1p0_a0p25_b0p05__wd1e-04trmiss0_degmodglobal,16,5e-05,0.0001,0.2,1.0,0.25,0.05,lr5e-05_bs16_drop0p2_temp1p0_a0p25_b0p05__wd1e-04trmiss0_degmodglobal,9,0.6043812483549118,0.6518122553825378,0.6944444444444444,0.8114558281224948,0.7692307692307693,0.0,0.5811615735292435,0.5867866426706314,0.048848191276192665,0.10765126347541809,0.0,0.0,0.0,0.0,0.0,18473,global,0.0
1,4,lr5e-05_bs16_drop0p2_temp1p0_a0p25_b0p05__wd1e-04trmiss0_degmodglobal,16,5e-05,0.0001,0.2,1.0,0.25,0.05,lr5e-05_bs16_drop0p2_temp1p0_a0p25_b0p05__wd1e-04trmiss0_degmodglobal,10,0.5821342617273331,0.6552844643592834,0.6666666666666666,0.8328362995029663,0.6923076923076923,0.0,0.5739807337522507,0.5634406954050064,0.057220528833568096,0.0877686613239348,0.0,0.0,0.0,0.0,0.0,18473,global,0.0
1,4,lr5e-05_bs16_drop0p2_temp1p0_a0p25_b0p05__wd1e-04trmiss0_degmodglobal,16,5e-05,0.0001,0.2,1.0,0.25,0.05,lr5e-05_bs16_drop0p2_temp1p0_a0p25_b0p05__wd1e-04trmiss0_degmodglobal,11,0.600174143910408,0.6462202072143555,0.6666666666666667,0.8487093153759822,0.6923076923076923,0.0,0.5989403873682022,0.5798349678516388,0.05634062550961971,0.12508036755025387,0.0,0.0,0.0,0.0,0.0,18473,global,0.0
1,4,lr5e-05_bs16_drop0p2_temp1p0_a0p25_b0p05__wd1e-04trmiss0_degmodglobal,16,5e-05,0.0001,0.2,1.0,0.25,0.05,lr5e-05_bs16_drop0p2_temp1p0_a0p25_b0p05__wd1e-04trmiss0_degmodglobal,12,0.5721343755722046,0.6409291625022888,0.5833333333333334,0.8030303030303032,0.6923076923076923,0.0,0.573524072766304,0.5542488694190979,0.05001920182257891,0.10761379916220903,0.0,0.0,0.0,0.0,0.0,18473,global,0.0
1,4,lr5e-05_bs16_drop0p2_temp1p0_a0p25_b0p05__wd1e-04trmiss0_degmodglobal,16,5e-05,0.0001,0.2,1.0,0.25,0.05,lr5e-05_bs16_drop0p2_temp1p0_a0p25_b0p05__wd1e-04trmiss0_degmodglobal,13,0.587464302778244,0.6339076161384583,0.6388888888888888,0.8400673400673402,0.6923076923076923,0.0,0.5773789584636688,0.5582712441682816,0.07640787400305271,0.20182210206985474,0.0,0.0,0.0,0.0,0.0,18473,global,0.0
1,4,lr5e-05_bs16_drop0p2_temp1p0_a0p25_b0p05__wd1e-04trmiss0_degmodglobal,16,5e-05,0.0001,0.2,1.0,0.25,0.05,lr5e-05_bs16_drop0p2_temp1p0_a0p25_b0p05__wd1e-04trmiss0_degmodglobal,14,0.5581904649734497,0.6366146206855774,0.6666666666666667,0.8487093153759822,0.7692307692307693,0.0,0.5717267990112305,0.5412607342004776,0.044398833997547626,0.11660039518028498,0.0,0.0,0.0,0.0,0.0,18473,global,0.0
1,4,lr5e-05_bs16_drop0p2_temp1p0_a0p25_b0p05__wd1e-04trmiss0_degmodglobal,16,5e-05,0.0001,0.2,1.0,0.25,0.05,lr5e-05_bs16_drop0p2_temp1p0_a0p25_b0p05__wd1e-04trmiss0_degmodglobal,15,0.5441341996192932,0.6306755542755127,0.6388888888888888,0.8400673400673402,0.6923076923076923,0.0,0.5584703981876373,0.5251299515366554,0.0519059170037508,0.12055551074445248,0.0,0.0,0.0,0.0,0.0,18473,global,0.0
1,4,lr5e-05_bs16_drop0p2_temp1p0_a0p25_b0p05__wd1e-04trmiss0_degmodglobal,16,5e-05,0.0001,0.2,1.0,0.25,0.05,lr5e-05_bs16_drop0p2_temp1p0_a0p25_b0p05__wd1e-04trmiss0_degmodglobal,16,0.5344073623418808,0.6397243142127991,0.6111111111111112,0.8308080808080809,0.6153846153846154,0.0,0.5299886912107468,0.5155164450407028,0.0559780215844512,0.0979281272739172,0.0,0.0,0.0,0.0,0.0,18473,global,0.0
1,4,lr5e-05_bs16_drop0p2_temp1p0_a0p25_b0p05__wd1e-04trmiss0_degmodglobal,16,5e-05,0.0001,0.2,1.0,0.25,0.05,lr5e-05_bs16_drop0p2_temp1p0_a0p25_b0p05__wd1e-04trmiss0_degmodglobal,17,0.5446140766143799,0.6469293832778931,0.6666666666666667,0.8622895622895623,0.5384615384615384,0.0,0.5305698066949844,0.5262257754802704,0.055648088455200195,0.08952561859041452,0.0,0.0,0.0,0.0,0.0,18473,global,0.0
1,4,lr5e-05_bs16_drop0p2_temp1p0_a0p25_b0p05__wd1e-04trmiss0_degmodglobal,16,5e-05,0.0001,0.2,1.0,0.25,0.05,lr5e-05_bs16_drop0p2_temp1p0_a0p25_b0p05__wd1e-04trmiss0_degmodglobal,18,0.5568534135818481,0.6391010284423828,0.6944444444444444,0.8567901234567903,0.6153846153846154,0.0,0.5336370319128036,0.5357640013098717,0.05916436482220888,0.1259661428630352,0.0,0.0,0.0,0.0,0.0,18473,global,0.0
1,4,lr5e-05_bs16_drop0p2_temp1p0_a0p25_b0p05__wd1e-04trmiss0_degmodglobal,16,5e-05,0.0001,0.2,1.0,0.25,0.05,lr5e-05_bs16_drop0p2_temp1p0_a0p25_b0p05__wd1e-04trmiss0_degmodglobal,19,0.5902915894985199,0.6342463493347168,0.6388888888888888,0.8400673400673402,0.5384615384615384,0.0,0.5587007403373718,0.5680813938379288,0.0673720808699727,0.10734387952834368,0.0,0.0,0.0,0.0,0.0,18473,global,0.0
1,4,lr5e-05_bs16_drop0p2_temp1p0_a0p25_b0p05__wd1e-04trmiss0_degmodglobal,16,5e-05,0.0001,0.2,1.0,0.25,0.05,lr5e-05_bs16_drop0p2_temp1p0_a0p25_b0p05__wd1e-04trmiss0_degmodglobal,20,0.5260100066661835,0.6234081983566284,0.6111111111111112,0.8308080808080809,0.6153846153846154,0.0,0.5555667281150818,0.5045469030737877,0.06281770579516888,0.11517389118671417,0.0,0.0,0.0,0.0,0.0,18473,global,0.0
1,4,lr5e-05_bs16_drop0p2_temp1p0_a0p25_b0p05__wd1e-04trmiss0_degmodglobal,16,5e-05,0.0001,0.2,1.0,0.25,0.05,lr5e-05_bs16_drop0p2_temp1p0_a0p25_b0p05__wd1e-04trmiss0_degmodglobal,21,0.5359357818961143,0.6207137703895569,0.6388888888888888,0.8400673400673402,0.6153846153846154,0.0,0.5332672670483589,0.513347789645195,0.06544215977191925,0.12454909458756447,0.0,0.0,0.0,0.0,0.0,18473,global,0.0
1,4,lr5e-05_bs16_drop0p2_temp1p0_a0p25_b0p05__wd1e-04trmiss0_degmodglobal,16,5e-05,0.0001,0.2,1.0,0.25,0.05,lr5e-05_bs16_drop0p2_temp1p0_a0p25_b0p05__wd1e-04trmiss0_degmodglobal,22,0.5352905690670013,0.6234048008918762,0.6388888888888888,0.8400673400673402,0.6153846153846154,0.0,0.5373278111219406,0.5113385245203972,0.07289960980415344,0.11454270780086517,0.0,0.0,0.0,0.0,0.0,18473,global,0.0
1,4,lr5e-05_bs16_drop0p2_temp1p0_a0p25_b0p05__wd1e-04trmiss0_degmodglobal,16,5e-05,0.0001,0.2,1.0,0.25,0.05,lr5e-05_bs16_drop0p2_temp1p0_a0p25_b0p05__wd1e-04trmiss0_degmodglobal,23,0.5577934831380844,0.6226039528846741,0.6388888888888888,0.8400673400673402,0.6153846153846154,0.0,0.5374188348650932,0.5403057485818863,0.054958089254796505,0.07496409118175507,0.0,0.0,0.0,0.0,0.0,18473,global,0.0
1,4,lr5e-05_bs16_drop0p2_temp1p0_a0p25_b0p05__wd1e-04trmiss0_degmodglobal,16,5e-05,0.0001,0.2,1.0,0.25,0.05,lr5e-05_bs16_drop0p2_temp1p0_a0p25_b0p05__wd1e-04trmiss0_degmodglobal,24,0.5385352522134781,0.6294048428535461,0.6388888888888888,0.8400673400673402,0.6153846153846154,0.0,0.5318423956632614,0.5116888657212257,0.07531107682734728,0.16037231497466564,0.0,0.0,0.0,0.0,0.0,18473,global,0.0
1,4,lr5e-05_bs16_drop0p2_temp1p0_a0p25_b0p05__wd1e-04trmiss0_degmodglobal,16,5e-05,0.0001,0.2,1.0,0.25,0.05,lr5e-05_bs16_drop0p2_temp1p0_a0p25_b0p05__wd1e-04trmiss0_degmodglobal,25,0.5079840272665024,0.6264844536781311,0.6666666666666667,0.8487093153759822,0.6153846153846154,0.0,0.5281184241175652,0.4864372983574867,0.06759684160351753,0.0929505554959178,0.0,0.0,0.0,0.0,0.0,18473,global,0.0
1,4,lr5e-05_bs16_drop0p2_temp1p0_a0p25_b0p05__wd1e-04trmiss0_degmodglobal,16,5e-05,0.0001,0.2,1.0,0.25,0.05,lr5e-05_bs16_drop0p2_temp1p0_a0p25_b0p05__wd1e-04trmiss0_degmodglobal,26,0.5347706377506256,0.6318679451942444,0.6944444444444444,0.860614077280744,0.6153846153846154,0.0,0.538782462477684,0.5102330073714256,0.07043453305959702,0.13857989944517612,0.0,0.0,0.0,0.0,0.0,18473,global,0.0
1,4,lr5e-05_bs16_drop0p2_temp1p0_a0p25_b0p05__wd1e-04trmiss0_degmodglobal,16,5e-05,0.0001,0.2,1.0,0.25,0.05,lr5e-05_bs16_drop0p2_temp1p0_a0p25_b0p05__wd1e-04trmiss0_degmodglobal,27,0.5325447618961334,0.6288809180259705,0.6944444444444444,0.860614077280744,0.6153846153846154,0.0,0.5433779507875443,0.5145823210477829,0.05705749150365591,0.07396153081208467,0.0,0.0,0.0,0.0,0.0,18473,global,0.0
1,4,lr5e-05_bs16_drop0p2_temp1p0_a0p25_b0p05__wd1e-04trmiss0_degmodglobal,16,5e-05,0.0001,0.2,1.0,0.25,0.05,lr5e-05_bs16_drop0p2_temp1p0_a0p25_b0p05__wd1e-04trmiss0_degmodglobal,28,0.5532022938132286,0.6195236444473267,0.6666666666666666,0.851972101972102,0.6153846153846154,0.0,0.5393695086240768,0.5274491161108017,0.06971596647053957,0.1664840579032898,0.0,0.0,0.0,0.0,0.0,18473,global,0.0
1,4,lr5e-05_bs16_drop0p2_temp1p0_a0p25_b0p05__wd1e-04trmiss0_degmodglobal,16,5e-05,0.0001,0.2,1.0,0.25,0.05,lr5e-05_bs16_drop0p2_temp1p0_a0p25_b0p05__wd1e-04trmiss0_degmodglobal,29,0.5464052706956863,0.6212372183799744,0.6666666666666666,0.851972101972102,0.5384615384615384,0.0,0.5331312790513039,0.5212831050157547,0.0713755926117301,0.14556549303233624,0.0,0.0,0.0,0.0,0.0,18473,global,0.0
1,4,lr5e-05_bs16_drop0p2_temp1p0_a0p25_b0p05__wd1e-04trmiss0_degmodglobal,16,5e-05,0.0001,0.2,1.0,0.25,0.05,lr5e-05_bs16_drop0p2_temp1p0_a0p25_b0p05__wd1e-04trmiss0_degmodglobal,30,0.5027058646082878,0.6305314898490906,0.6666666666666666,0.851972101972102,0.5384615384615384,0.0,0.5439137518405914,0.4763164445757866,0.07301940210163593,0.1626911275088787,0.0,0.0,0.0,0.0,0.0,18473,global,0.0
1,4,lr5e-05_bs16_drop0p2_temp1p0_a0p25_b0p05__wd1e-04trmiss0_degmodglobal,16,5e-05,0.0001,0.2,1.0,0.25,0.05,lr5e-05_bs16_drop0p2_temp1p0_a0p25_b0p05__wd1e-04trmiss0_degmodglobal,31,0.5146912783384323,0.6227757334709167,0.6388888888888888,0.8400673400673402,0.6153846153846154,0.0,0.5199988484382629,0.4900123178958893,0.07137296814471483,0.136714743450284,0.0,0.0,0.0,0.0,0.0,18473,global,0.0
1,4,lr5e-05_bs16_drop0p2_temp1p0_a0p25_b0p05__wd1e-04trmiss0_degmodglobal,16,5e-05,0.0001,0.2,1.0,0.25,0.05,lr5e-05_bs16_drop0p2_temp1p0_a0p25_b0p05__wd1e-04trmiss0_degmodglobal,32,0.5542061626911163,0.6173352599143982,0.6388888888888888,0.8400673400673402,0.6153846153846154,0.0,0.531597450375557,0.5360798612236977,0.051863785833120346,0.10320691578090191,0.0,0.0,0.0,0.0,0.0,18473,global,0.0
1,4,lr5e-05_bs16_drop0p2_temp1p0_a0p25_b0p05__wd1e-04trmiss0_degmodglobal,16,5e-05,0.0001,0.2,1.0,0.25,0.05,lr5e-05_bs16_drop0p2_temp1p0_a0p25_b0p05__wd1e-04trmiss0_degmodglobal,33,0.5144309923052788,0.622552752494812,0.6388888888888888,0.8400673400673402,0.6153846153846154,0.0,0.4931085482239723,0.49354322254657745,0.059800962917506695,0.11875038780272007,0.0,0.0,0.0,0.0,0.0,18473,global,0.0
1,4,lr5e-05_bs16_drop0p2_temp1p0_a0p25_b0p05__wd1e-04trmiss0_degmodglobal,16,5e-05,0.0001,0.2,1.0,0.25,0.05,lr5e-05_bs16_drop0p2_temp1p0_a0p25_b0p05__wd1e-04trmiss0_degmodglobal,34,0.524769514799118,0.6265735626220703,0.6388888888888888,0.8400673400673402,0.6153846153846154,0.0,0.5389015600085258,0.5005480349063873,0.06375914067029953,0.16563402116298676,0.0,0.0,0.0,0.0,0.0,18473,global,0.0
1,4,lr5e-05_bs16_drop0p2_temp1p0_a0p25_b0p05__wd1e-04trmiss0_degmodglobal,16,5e-05,0.0001,0.2,1.0,0.25,0.05,lr5e-05_bs16_drop0p2_temp1p0_a0p25_b0p05__wd1e-04trmiss0_degmodglobal,35,0.5027725696563721,0.6206448078155518,0.6388888888888888,0.8400673400673402,0.6153846153846154,0.0,0.5116868540644646,0.4742419943213463,0.08021714352071285,0.16952579468488693,0.0,0.0,0.0,0.0,0.0,18473,global,0.0
1,4,lr5e-05_bs16_drop0p2_temp1p0_a0p25_b0p05__wd1e-04trmiss0_degmodglobal,16,5e-05,0.0001,0.2,1.0,0.25,0.05,lr5e-05_bs16_drop0p2_temp1p0_a0p25_b0p05__wd1e-04trmiss0_degmodglobal,36,0.5122108906507492,0.6129865050315857,0.6388888888888888,0.8400673400673402,0.6153846153846154,0.0,0.5114578232169151,0.49241548031568527,0.058391472324728966,0.10395057499408722,0.0,0.0,0.0,0.0,0.0,18473,global,0.0
1,4,lr5e-05_bs16_drop0p2_temp1p0_a0p25_b0p05__wd1e-04trmiss0_degmodglobal,16,5e-05,0.0001,0.2,1.0,0.25,0.05,lr5e-05_bs16_drop0p2_temp1p0_a0p25_b0p05__wd1e-04trmiss0_degmodglobal,37,0.5230915173888206,0.613327145576477,0.6388888888888888,0.8400673400673402,0.6153846153846154,0.0,0.5010479241609573,0.5008779764175415,0.06512425001710653,0.11865006387233734,0.0,0.0,0.0,0.0,0.0,18473,global,0.0
1,4,lr5e-05_bs16_drop0p2_temp1p0_a0p25_b0p05__wd1e-04trmiss0_degmodglobal,16,5e-05,0.0001,0.2,1.0,0.25,0.05,lr5e-05_bs16_drop0p2_temp1p0_a0p25_b0p05__wd1e-04trmiss0_degmodglobal,38,0.520000733435154,0.6061331033706665,0.75,0.8909171075837743,0.7692307692307693,0.0,0.5117857903242111,0.49704795330762863,0.06739654671400785,0.12207259610295296,0.0,0.0,0.0,0.0,0.0,18473,global,0.0
1,4,lr5e-05_bs16_drop0p2_temp1p0_a0p25_b0p05__wd1e-04trmiss0_degmodglobal,16,5e-05,0.0001,0.2,1.0,0.25,0.05,lr5e-05_bs16_drop0p2_temp1p0_a0p25_b0p05__wd1e-04trmiss0_degmodglobal,39,0.5236471965909004,0.6021003723144531,0.75,0.8909171075837743,0.7692307692307693,0.0,0.5182486027479172,0.5009855255484581,0.06552406400442123,0.125613147392869,0.0,0.0,0.0,0.0,0.0,18473,global,0.0
1,4,lr5e-05_bs16_drop0p2_temp1p0_a0p25_b0p05__wd1e-04trmiss0_degmodglobal,16,5e-05,0.0001,0.2,1.0,0.25,0.05,lr5e-05_bs16_drop0p2_temp1p0_a0p25_b0p05__wd1e-04trmiss0_degmodglobal,40,0.49669236689805984,0.6173657774925232,0.75,0.8794973544973546,0.7692307692307693,0.0,0.49284836649894714,0.4724592790007591,0.07086699176579714,0.13032678049057722,0.0,0.0,0.0,0.0,0.0,18473,global,0.0
1,4,lr5e-05_bs16_drop0p2_temp1p0_a0p25_b0p05__wd1e-04trmiss0_degmodglobal,16,5e-05,0.0001,0.2,1.0,0.25,0.05,lr5e-05_bs16_drop0p2_temp1p0_a0p25_b0p05__wd1e-04trmiss0_degmodglobal,41,0.5010135173797607,0.6207357048988342,0.75,0.8794973544973546,0.7692307692307693,0.0,0.511938638985157,0.4772186726331711,0.07200131472200155,0.11589044146239758,0.0,0.0,0.0,0.0,0.0,18473,global,0.0
1,4,lr5e-05_bs16_drop0p2_temp1p0_a0p25_b0p05__wd1e-04trmiss0_degmodglobal,16,5e-05,0.0001,0.2,1.0,0.25,0.05,lr5e-05_bs16_drop0p2_temp1p0_a0p25_b0p05__wd1e-04trmiss0_degmodglobal,42,0.49944624304771423,0.6250953674316406,0.7222222222222221,0.8686948853615521,0.7692307692307693,0.0,0.4999146834015846,0.47698692977428436,0.06523883901536465,0.12299247644841671,0.0,0.0,0.0,0.0,0.0,18473,global,0.0
1,4,lr5e-05_bs16_drop0p2_temp1p0_a0p25_b0p05__wd1e-04trmiss0_degmodglobal,16,5e-05,0.0001,0.2,1.0,0.25,0.05,lr5e-05_bs16_drop0p2_temp1p0_a0p25_b0p05__wd1e-04trmiss0_degmodglobal,43,0.48629000782966614,0.6174355745315552,0.7777777777777778,0.8893738977072312,0.7692307692307693,0.0,0.5099148005247116,0.46270810067653656,0.07143017649650574,0.11448713764548302,0.0,0.0,0.0,0.0,0.0,18473,global,0.0
1,4,lr5e-05_bs16_drop0p2_temp1p0_a0p25_b0p05__wd1e-04trmiss0_degmodglobal,16,5e-05,0.0001,0.2,1.0,0.25,0.05,lr5e-05_bs16_drop0p2_temp1p0_a0p25_b0p05__wd1e-04trmiss0_degmodglobal,44,0.4874984622001648,0.6140457987785339,0.75,0.8794973544973546,0.6923076923076923,0.0,0.508900448679924,0.4691717177629471,0.05251759756356478,0.10394702665507793,0.0,0.0,0.0,0.0,0.0,18473,global,0.0
1,4,lr5e-05_bs16_drop0p2_temp1p0_a0p25_b0p05__wd1e-04trmiss0_degmodglobal,16,5e-05,0.0001,0.2,1.0,0.25,0.05,lr5e-05_bs16_drop0p2_temp1p0_a0p25_b0p05__wd1e-04trmiss0_degmodglobal,45,0.48792610317468643,0.6088283658027649,0.6944444444444444,0.8436387686387687,0.6923076923076923,0.0,0.4892641380429268,0.462987020611763,0.07625982258468866,0.11748233810067177,0.0,0.0,0.0,0.0,0.0,18473,global,0.0
1,4,lr5e-05_bs16_drop0p2_temp1p0_a0p25_b0p05__wd1e-04trmiss0_degmodglobal,16,5e-05,0.0001,0.2,1.0,0.25,0.05,lr5e-05_bs16_drop0p2_temp1p0_a0p25_b0p05__wd1e-04trmiss0_degmodglobal,46,0.4894166737794876,0.6084830164909363,0.7222222222222222,0.8714165464165466,0.6923076923076923,0.0,0.4781542345881462,0.466965414583683,0.06655117310583591,0.11626927554607391,0.0,0.0,0.0,0.0,0.0,18473,global,0.0
1,4,lr5e-05_bs16_drop0p2_temp1p0_a0p25_b0p05__wd1e-04trmiss0_degmodglobal,16,5e-05,0.0001,0.2,1.0,0.25,0.05,lr5e-05_bs16_drop0p2_temp1p0_a0p25_b0p05__wd1e-04trmiss0_degmodglobal,47,0.508336991071701,0.6106682419776917,0.7222222222222222,0.8714165464165466,0.6153846153846154,0.0,0.48416657745838165,0.48929690569639206,0.058940610848367214,0.08609864255413413,0.0,0.0,0.0,0.0,0.0,18473,global,0.0
1,4,lr5e-05_bs16_drop0p2_temp1p0_a0p25_b0p05__wd1e-04trmiss0_degmodglobal,16,5e-05,0.0001,0.2,1.0,0.25,0.05,lr5e-05_bs16_drop0p2_temp1p0_a0p25_b0p05__wd1e-04trmiss0_degmodglobal,48,0.4982725754380226,0.6132256388664246,0.7222222222222222,0.8714165464165466,0.6153846153846154,0.0,0.47663309425115585,0.47581033408641815,0.07054200302809477,0.0965349767357111,0.0,0.0,0.0,0.0,0.0,18473,global,0.0
1,4,lr5e-05_bs16_drop0p2_temp1p0_a0p25_b0p05__wd1e-04trmiss0_degmodglobal,16,5e-05,0.0001,0.2,1.0,0.25,0.05,lr5e-05_bs16_drop0p2_temp1p0_a0p25_b0p05__wd1e-04trmiss0_degmodglobal,49,0.5174696147441864,0.609325110912323,0.7222222222222222,0.8714165464165466,0.6923076923076923,0.0,0.504822202026844,0.49297988414764404,0.06598691456019878,0.15986032411456108,0.0,0.0,0.0,0.0,0.0,18473,global,0.0
1,4,lr5e-05_bs16_drop0p2_temp1p0_a0p25_b0p05__wd1e-04trmiss0_degmodglobal,16,5e-05,0.0001,0.2,1.0,0.25,0.05,lr5e-05_bs16_drop0p2_temp1p0_a0p25_b0p05__wd1e-04trmiss0_degmodglobal,50,0.49404098838567734,0.6094275712966919,0.7222222222222222,0.8714165464165466,0.6153846153846154,0.0,0.49198032915592194,0.47388580441474915,0.06178233586251736,0.09419190138578415,0.0,0.0,0.0,0.0,0.0,18473,global,0.0
1,4,lr5e-05_bs16_drop0p2_temp1p0_a0p25_b0p05__wd1e-04trmiss0_degmodglobal,16,5e-05,0.0001,0.2,1.0,0.25,0.05,lr5e-05_bs16_drop0p2_temp1p0_a0p25_b0p05__wd1e-04trmiss0_degmodglobal,51,0.48787418752908707,0.6101664900779724,0.6944444444444444,0.860614077280744,0.6153846153846154,0.0,0.5099182277917862,0.4584182798862457,0.08503483980894089,0.16394376009702682,0.0,0.0,0.0,0.0,0.0,18473,global,0.0
1,4,lr5e-05_bs16_drop0p2_temp1p0_a0p25_b0p05__wd1e-04trmiss0_degmodglobal,16,5e-05,0.0001,0.2,1.0,0.25,0.05,lr5e-05_bs16_drop0p2_temp1p0_a0p25_b0p05__wd1e-04trmiss0_degmodglobal,52,0.4859541282057762,0.609393298625946,0.6944444444444444,0.860614077280744,0.6923076923076923,0.0,0.49029865115880966,0.4614681079983711,0.07983471360057592,0.0905469823628664,0.0,0.0,0.0,0.0,0.0,18473,global,0.0
1,4,lr5e-05_bs16_drop0p2_temp1p0_a0p25_b0p05__wd1e-04trmiss0_degmodglobal,16,5e-05,0.0001,0.2,1.0,0.25,0.05,lr5e-05_bs16_drop0p2_temp1p0_a0p25_b0p05__wd1e-04trmiss0_degmodglobal,53,0.5158543959259987,0.6108950972557068,0.7222222222222222,0.8714165464165466,0.6153846153846154,0.0,0.481483094394207,0.48293326050043106,0.09295368567109108,0.1936546042561531,0.0,0.0,0.0,0.0,0.0,18473,global,0.0
1,4,lr5e-05_bs16_drop0p2_temp1p0_a0p25_b0p05__wd1e-04trmiss0_degmodglobal,16,5e-05,0.0001,0.2,1.0,0.25,0.05,lr5e-05_bs16_drop0p2_temp1p0_a0p25_b0p05__wd1e-04trmiss0_degmodglobal,54,0.5054321885108948,0.5989441275596619,0.7222222222222222,0.8714165464165466,0.6153846153846154,0.0,0.5047545731067657,0.4794207066297531,0.07610955089330673,0.13968202471733093,0.0,0.0,0.0,0.0,0.0,18473,global,0.0
1,4,lr5e-05_bs16_drop0p2_temp1p0_a0p25_b0p05__wd1e-04trmiss0_degmodglobal,16,5e-05,0.0001,0.2,1.0,0.25,0.05,lr5e-05_bs16_drop0p2_temp1p0_a0p25_b0p05__wd1e-04trmiss0_degmodglobal,55,0.48877499252557755,0.604749321937561,0.7222222222222222,0.8714165464165466,0.6153846153846154,0.0,0.4729902967810631,0.45137806981801987,0.10969007760286331,0.19948785379529,0.0,0.0,0.0,0.0,0.0,18473,global,0.0
1,4,lr5e-05_bs16_drop0p2_temp1p0_a0p25_b0p05__wd1e-04trmiss0_degmodglobal,16,5e-05,0.0001,0.2,1.0,0.25,0.05,lr5e-05_bs16_drop0p2_temp1p0_a0p25_b0p05__wd1e-04trmiss0_degmodglobal,56,0.5178850740194321,0.6047483682632446,0.7222222222222222,0.8714165464165466,0.6923076923076923,0.0,0.5129057988524437,0.4927864596247673,0.06989644560962915,0.15249022282660007,0.0,0.0,0.0,0.0,0.0,18473,global,0.0
1,4,lr5e-05_bs16_drop0p2_temp1p0_a0p25_b0p05__wd1e-04trmiss0_degmodglobal,16,5e-05,0.0001,0.2,1.0,0.25,0.05,lr5e-05_bs16_drop0p2_temp1p0_a0p25_b0p05__wd1e-04trmiss0_degmodglobal,57,0.5126888081431389,0.6013206243515015,0.7222222222222222,0.8714165464165466,0.6923076923076923,0.0,0.5007797405123711,0.4893157556653023,0.06966141704469919,0.11915383208543062,0.0,0.0,0.0,0.0,0.0,18473,global,0.0
1,4,lr5e-05_bs16_drop0p2_temp1p0_a0p25_b0p05__wd1e-04trmiss0_degmodglobal,16,5e-05,0.0001,0.2,1.0,0.25,0.05,lr5e-05_bs16_drop0p2_temp1p0_a0p25_b0p05__wd1e-04trmiss0_degmodglobal,58,0.46106095612049103,0.5990771651268005,0.6944444444444444,0.860614077280744,0.6923076923076923,0.0,0.483928918838501,0.43316198140382767,0.0842990130186081,0.13648428954184055,0.0,0.0,0.0,0.0,0.0,18473,global,0.0
1,4,lr5e-05_bs16_drop0p2_temp1p0_a0p25_b0p05__wd1e-04trmiss0_degmodglobal,16,5e-05,0.0001,0.2,1.0,0.25,0.05,lr5e-05_bs16_drop0p2_temp1p0_a0p25_b0p05__wd1e-04trmiss0_degmodglobal,59,0.45121922343969345,0.5941148996353149,0.6944444444444444,0.860614077280744,0.6923076923076923,0.0,0.4676399901509285,0.4227931946516037,0.08812897093594074,0.12787572294473648,0.0,0.0,0.0,0.0,0.0,18473,global,0.0
1,4,lr5e-05_bs16_drop0p2_temp1p0_a0p25_b0p05__wd1e-04trmiss0_degmodglobal,16,5e-05,0.0001,0.2,1.0,0.25,0.05,lr5e-05_bs16_drop0p2_temp1p0_a0p25_b0p05__wd1e-04trmiss0_degmodglobal,60,0.49392566084861755,0.5909865498542786,0.6944444444444444,0.860614077280744,0.6923076923076923,0.0,0.5033768191933632,0.46883755922317505,0.07395053561776876,0.1320090563967824,0.0,0.0,0.0,0.0,0.0,18473,global,0.0
1,4,lr5e-05_bs16_drop0p2_temp1p0_a0p25_b0p05__wd1e-04trmiss0_degmodglobal,16,5e-05,0.0001,0.2,1.0,0.25,0.05,lr5e-05_bs16_drop0p2_temp1p0_a0p25_b0p05__wd1e-04trmiss0_degmodglobal,61,0.48636990040540695,0.5945385694503784,0.7222222222222222,0.8714165464165466,0.6923076923076923,0.0,0.4911583960056305,0.4586494192481041,0.0844043493270874,0.13238790817558765,0.0,0.0,0.0,0.0,0.0,18473,global,0.0
1,4,lr5e-05_bs16_drop0p2_temp1p0_a0p25_b0p05__wd1e-04trmiss0_degmodglobal,16,5e-05,0.0001,0.2,1.0,0.25,0.05,lr5e-05_bs16_drop0p2_temp1p0_a0p25_b0p05__wd1e-04trmiss0_degmodglobal,62,0.46473802626132965,0.6028116345405579,0.7222222222222222,0.8714165464165466,0.6923076923076923,0.0,0.46738652139902115,0.4377126842737198,0.08262582495808601,0.12737753801047802,0.0,0.0,0.0,0.0,0.0,18473,global,0.0
1,4,lr5e-05_bs16_drop0p2_temp1p0_a0p25_b0p05__wd1e-04trmiss0_degmodglobal,16,5e-05,0.0001,0.2,1.0,0.25,0.05,lr5e-05_bs16_drop0p2_temp1p0_a0p25_b0p05__wd1e-04trmiss0_degmodglobal,63,0.4737071618437767,0.6039132475852966,0.7222222222222222,0.8714165464165466,0.6923076923076923,0.0,0.49949126690626144,0.44155240803956985,0.08594204764813185,0.21338475868105888,0.0,0.0,0.0,0.0,0.0,18473,global,0.0
1,4,lr5e-05_bs16_drop0p2_temp2p0_a0p25_b0p05__wd1e-04trmiss0_degmodglobal,16,5e-05,0.0001,0.2,2.0,0.25,0.05,lr5e-05_bs16_drop0p2_temp2p0_a0p25_b0p05__wd1e-04trmiss0_degmodglobal,1,0.7082230895757675,0.8696063160896301,0.25,0.6064925814925816,0.3076923076923077,0.0,0.7133358716964722,0.6856603920459747,0.054471940733492374,0.17889416590332985,0.0,0.0,0.0,0.0,0.0,18473,global,0.0
1,4,lr5e-05_bs16_drop0p2_temp2p0_a0p25_b0p05__wd1e-04trmiss0_degmodglobal,16,5e-05,0.0001,0.2,2.0,0.25,0.05,lr5e-05_bs16_drop0p2_temp2p0_a0p25_b0p05__wd1e-04trmiss0_degmodglobal,2,0.6832833886146545,0.8989470601081848,0.2777777777777778,0.613899988899989,0.3076923076923077,0.0,0.6734395176172256,0.6639481335878372,0.05438090581446886,0.11480028182268143,0.0,0.0,0.0,0.0,0.0,18473,global,0.0
1,4,lr5e-05_bs16_drop0p2_temp2p0_a0p25_b0p05__wd1e-04trmiss0_degmodglobal,16,5e-05,0.0001,0.2,2.0,0.25,0.05,lr5e-05_bs16_drop0p2_temp2p0_a0p25_b0p05__wd1e-04trmiss0_degmodglobal,3,0.6837196052074432,0.934131383895874,0.2777777777777778,0.613899988899989,0.3076923076923077,0.0,0.637396514415741,0.662823349237442,0.056401305831968784,0.13591828104108572,0.0,0.0,0.0,0.0,0.0,18473,global,0.0
1,4,lr5e-05_bs16_drop0p2_temp2p0_a0p25_b0p05__wd1e-04trmiss0_degmodglobal,16,5e-05,0.0001,0.2,2.0,0.25,0.05,lr5e-05_bs16_drop0p2_temp2p0_a0p25_b0p05__wd1e-04trmiss0_degmodglobal,4,0.6713495254516602,0.9763602018356323,0.3333333333333333,0.6277047027047027,0.3076923076923077,0.0,0.646361455321312,0.6533297002315521,0.054225267842411995,0.08927002642303705,0.0,0.0,0.0,0.0,0.0,18473,global,0.0
1,4,lr5e-05_bs16_drop0p2_temp2p0_a0p25_b0p05__wd1e-04trmiss0_degmodglobal,16,5e-05,0.0001,0.2,2.0,0.25,0.05,lr5e-05_bs16_drop0p2_temp2p0_a0p25_b0p05__wd1e-04trmiss0_degmodglobal,5,0.6563002467155457,1.0009037256240845,0.3333333333333333,0.6277047027047027,0.3076923076923077,0.0,0.6191435307264328,0.6329042315483093,0.06252328027039766,0.15530364029109478,0.0,0.0,0.0,0.0,0.0,18473,global,0.0
1,4,lr5e-05_bs16_drop0p2_temp2p0_a0p25_b0p05__wd1e-04trmiss0_degmodglobal,16,5e-05,0.0001,0.2,2.0,0.25,0.05,lr5e-05_bs16_drop0p2_temp2p0_a0p25_b0p05__wd1e-04trmiss0_degmodglobal,6,0.6417759209871292,1.0014227628707886,0.3333333333333333,0.6277047027047027,0.3076923076923077,0.0,0.639292299747467,0.6229631900787354,0.051303071435540915,0.11973935086280107,0.0,0.0,0.0,0.0,0.0,18473,global,0.0
1,4,lr5e-05_bs16_drop0p2_temp2p0_a0p25_b0p05__wd1e-04trmiss0_degmodglobal,16,5e-05,0.0001,0.2,2.0,0.25,0.05,lr5e-05_bs16_drop0p2_temp2p0_a0p25_b0p05__wd1e-04trmiss0_degmodglobal,7,0.6685520857572556,1.0273300409317017,0.3333333333333333,0.6277047027047027,0.38461538461538464,0.0,0.6051705181598663,0.647199347615242,0.05784382298588753,0.13783523067831993,0.0,0.0,0.0,0.0,0.0,18473,global,0.0
1,4,lr5e-05_bs16_drop0p2_temp2p0_a0p25_b0p05__wd1e-04trmiss0_degmodglobal,16,5e-05,0.0001,0.2,2.0,0.25,0.05,lr5e-05_bs16_drop0p2_temp2p0_a0p25_b0p05__wd1e-04trmiss0_degmodglobal,8,0.6315206438302994,1.054100513458252,0.3333333333333333,0.6277047027047027,0.38461538461538464,0.0,0.6082601398229599,0.6158622056245804,0.041002796962857246,0.10815518535673618,0.0,0.0,0.0,0.0,0.0,18473,global,0.0
1,4,lr5e-05_bs16_drop0p2_temp2p0_a0p25_b0p05__wd1e-04trmiss0_degmodglobal,16,5e-05,0.0001,0.2,2.0,0.25,0.05,lr5e-05_bs16_drop0p2_temp2p0_a0p25_b0p05__wd1e-04trmiss0_degmodglobal,9,0.6181522160768509,1.0533912181854248,0.3333333333333333,0.6277047027047027,0.38461538461538464,0.0,0.5916358381509781,0.5975071489810944,0.06219063885509968,0.10194812435656786,0.0,0.0,0.0,0.0,0.0,18473,global,0.0
1,4,lr5e-05_bs16_drop0p2_temp2p0_a0p25_b0p05__wd1e-04trmiss0_degmodglobal,16,5e-05,0.0001,0.2,2.0,0.25,0.05,lr5e-05_bs16_drop0p2_temp2p0_a0p25_b0p05__wd1e-04trmiss0_degmodglobal,10,0.6067070662975311,1.0460811853408813,0.36111111111111105,0.6388158138158138,0.38461538461538464,0.0,0.6074586361646652,0.5889346450567245,0.046444174367934465,0.1232271920889616,0.0,0.0,0.0,0.0,0.0,18473,global,0.0
1,4,lr5e-05_bs16_drop0p2_temp2p0_a0p25_b0p05__wd1e-04trmiss0_degmodglobal,16,5e-05,0.0001,0.2,2.0,0.25,0.05,lr5e-05_bs16_drop0p2_temp2p0_a0p25_b0p05__wd1e-04trmiss0_degmodglobal,11,0.5984258055686951,1.056814432144165,0.36111111111111105,0.6388158138158138,0.38461538461538464,0.0,0.5591821521520615,0.5796777158975601,0.05833059269934893,0.08330879593268037,0.0,0.0,0.0,0.0,0.0,18473,global,0.0
1,4,lr5e-05_bs16_drop0p2_temp2p0_a0p25_b0p05__wd1e-04trmiss0_degmodglobal,16,5e-05,0.0001,0.2,2.0,0.25,0.05,lr5e-05_bs16_drop0p2_temp2p0_a0p25_b0p05__wd1e-04trmiss0_degmodglobal,12,0.5899794548749924,1.0442520380020142,0.36111111111111105,0.6388158138158138,0.38461538461538464,0.0,0.5935995727777481,0.5756032466888428,0.04309210507199168,0.07206400576978922,0.0,0.0,0.0,0.0,0.0,18473,global,0.0
1,4,lr5e-05_bs16_drop0p2_temp2p0_a0p25_b0p05__wd1e-04trmiss0_degmodglobal,16,5e-05,0.0001,0.2,2.0,0.25,0.05,lr5e-05_bs16_drop0p2_temp2p0_a0p25_b0p05__wd1e-04trmiss0_degmodglobal,13,0.6148022413253784,1.0381548404693604,0.38888888888888884,0.6554824804824805,0.38461538461538464,0.0,0.5719483941793442,0.5932097136974335,0.062117522582411766,0.12126283347606659,0.0,0.0,0.0,0.0,0.0,18473,global,0.0
1,4,lr5e-05_bs16_drop0p2_temp2p0_a0p25_b0p05__wd1e-04trmiss0_degmodglobal,16,5e-05,0.0001,0.2,2.0,0.25,0.05,lr5e-05_bs16_drop0p2_temp2p0_a0p25_b0p05__wd1e-04trmiss0_degmodglobal,14,0.5999570041894913,1.0488163232803345,0.38888888888888884,0.6554824804824805,0.38461538461538464,0.0,0.5734219998121262,0.582368478178978,0.055795697029680014,0.07279208675026894,0.0,0.0,0.0,0.0,0.0,18473,global,0.0
1,4,lr5e-05_bs16_drop0p2_temp2p0_a0p25_b0p05__wd1e-04trmiss0_degmodglobal,16,5e-05,0.0001,0.2,2.0,0.25,0.05,lr5e-05_bs16_drop0p2_temp2p0_a0p25_b0p05__wd1e-04trmiss0_degmodglobal,15,0.5914541482925415,1.0360063314437866,0.38888888888888884,0.6554824804824805,0.38461538461538464,0.0,0.5527821481227875,0.572346493601799,0.05603699013590813,0.10196813754737377,0.0,0.0,0.0,0.0,0.0,18473,global,0.0
1,4,lr5e-05_bs16_drop0p2_temp2p0_a0p25_b0p05__wd1e-04trmiss0_degmodglobal,16,5e-05,0.0001,0.2,2.0,0.25,0.05,lr5e-05_bs16_drop0p2_temp2p0_a0p25_b0p05__wd1e-04trmiss0_degmodglobal,16,0.5869603455066681,1.0637986660003662,0.38888888888888884,0.6554824804824805,0.38461538461538464,0.0,0.5621071755886078,0.5710326284170151,0.04625175381079316,0.08729565422981977,0.0,0.0,0.0,0.0,0.0,18473,global,0.0
1,4,lr5e-05_bs16_drop0p2_temp2p0_a0p25_b0p05__wd1e-04trmiss0_degmodglobal,16,5e-05,0.0001,0.2,2.0,0.25,0.05,lr5e-05_bs16_drop0p2_temp2p0_a0p25_b0p05__wd1e-04trmiss0_degmodglobal,17,0.590902179479599,1.0586144924163818,0.36111111111111105,0.6388158138158138,0.38461538461538464,0.0,0.5545613616704941,0.5691405981779099,0.06189567595720291,0.12575299479067326,0.0,0.0,0.0,0.0,0.0,18473,global,0.0
1,4,lr5e-05_bs16_drop0p2_temp2p0_a0p25_b0p05__wd1e-04trmiss0_degmodglobal,16,5e-05,0.0001,0.2,2.0,0.25,0.05,lr5e-05_bs16_drop0p2_temp2p0_a0p25_b0p05__wd1e-04trmiss0_degmodglobal,18,0.58204385638237,1.0365194082260132,0.38888888888888884,0.6554824804824805,0.38461538461538464,0.0,0.5341368839144707,0.5601046085357666,0.06606964487582445,0.10843674652278423,0.0,0.0,0.0,0.0,0.0,18473,global,0.0
1,4,lr5e-05_bs16_drop0p2_temp2p0_a0p25_b0p05__wd1e-04trmiss0_degmodglobal,16,5e-05,0.0001,0.2,2.0,0.25,0.05,lr5e-05_bs16_drop0p2_temp2p0_a0p25_b0p05__wd1e-04trmiss0_degmodglobal,19,0.5866275429725647,1.0580205917358398,0.38888888888888884,0.6554824804824805,0.38461538461538464,0.0,0.5432884991168976,0.566221609711647,0.06363977305591106,0.08992000110447407,0.0,0.0,0.0,0.0,0.0,18473,global,0.0
1,4,lr5e-05_bs16_drop0p2_temp2p0_a0p25_b0p05__wd1e-04trmiss0_degmodglobal,16,5e-05,0.0001,0.2,2.0,0.25,0.05,lr5e-05_bs16_drop0p2_temp2p0_a0p25_b0p05__wd1e-04trmiss0_degmodglobal,20,0.6027402579784393,1.0383570194244385,0.38888888888888884,0.6554824804824805,0.38461538461538464,0.0,0.528639405965805,0.5716759264469147,0.09068229049444199,0.16787521168589592,0.0,0.0,0.0,0.0,0.0,18473,global,0.0
1,4,lr5e-05_bs16_drop0p2_temp2p0_a0p25_b0p05__wd1e-04trmiss0_degmodglobal,16,5e-05,0.0001,0.2,2.0,0.25,0.05,lr5e-05_bs16_drop0p2_temp2p0_a0p25_b0p05__wd1e-04trmiss0_degmodglobal,21,0.5956739634275436,1.0624679327011108,0.36111111111111105,0.6388158138158138,0.3076923076923077,0.0,0.5480550974607468,0.5671047419309616,0.07893418427556753,0.17671353369951248,0.0,0.0,0.0,0.0,0.0,18473,global,0.0
1,4,lr5e-05_bs16_drop0p2_temp2p0_a0p25_b0p05__wd1e-04trmiss0_degmodglobal,16,5e-05,0.0001,0.2,2.0,0.25,0.05,lr5e-05_bs16_drop0p2_temp2p0_a0p25_b0p05__wd1e-04trmiss0_degmodglobal,22,0.5868443101644516,1.0662695169448853,0.36111111111111105,0.6388158138158138,0.3076923076923077,0.0,0.5068182870745659,0.5594618022441864,0.07605903223156929,0.16735535860061646,0.0,0.0,0.0,0.0,0.0,18473,global,0.0
1,4,lr5e-05_bs16_drop0p2_temp2p0_a0p25_b0p05__wd1e-04trmiss0_degmodglobal,16,5e-05,0.0001,0.2,2.0,0.25,0.05,lr5e-05_bs16_drop0p2_temp2p0_a0p25_b0p05__wd1e-04trmiss0_degmodglobal,23,0.569245457649231,1.0968211889266968,0.36111111111111105,0.6388158138158138,0.38461538461538464,0.0,0.5317790657281876,0.5475135147571564,0.0625953464768827,0.12166216317564249,0.0,0.0,0.0,0.0,0.0,18473,global,0.0
1,4,lr5e-05_bs16_drop0p2_temp2p0_a0p25_b0p05__wd1e-04trmiss0_degmodglobal,16,5e-05,0.0001,0.2,2.0,0.25,0.05,lr5e-05_bs16_drop0p2_temp2p0_a0p25_b0p05__wd1e-04trmiss0_degmodglobal,24,0.607556164264679,1.0493006706237793,0.36111111111111105,0.6388158138158138,0.38461538461538464,0.0,0.49599361419677734,0.5716742426156998,0.09244793839752674,0.25539861619472504,0.0,0.0,0.0,0.0,0.0,18473,global,0.0
1,4,lr5e-05_bs16_drop0p2_temp2p0_a0p25_b0p05__wd1e-04trmiss0_degmodglobal,16,5e-05,0.0001,0.2,2.0,0.25,0.05,lr5e-05_bs16_drop0p2_temp2p0_a0p25_b0p05__wd1e-04trmiss0_degmodglobal,25,0.6018540114164352,1.0293185710906982,0.38888888888888884,0.6554824804824805,0.38461538461538464,0.0,0.5777627825737,0.5849993079900742,0.05131822545081377,0.08050297573208809,0.0,0.0,0.0,0.0,0.0,18473,global,0.0
1,4,lr5e-05_bs16_drop0p2_temp2p0_a0p25_b0p05__wd1e-04trmiss0_degmodglobal,16,5e-05,0.0001,0.2,2.0,0.25,0.05,lr5e-05_bs16_drop0p2_temp2p0_a0p25_b0p05__wd1e-04trmiss0_degmodglobal,26,0.5654678344726562,1.060420274734497,0.38888888888888884,0.6554824804824805,0.38461538461538464,0.0,0.5120418965816498,0.5353825092315674,0.08840321842581034,0.15969063062220812,0.0,0.0,0.0,0.0,0.0,18473,global,0.0
1,4,lr5e-05_bs16_drop0p2_temp2p0_a0p25_b0p05__wd1e-04trmiss0_degmodglobal,16,5e-05,0.0001,0.2,2.0,0.25,0.05,lr5e-05_bs16_drop0p2_temp2p0_a0p25_b0p05__wd1e-04trmiss0_degmodglobal,27,0.5753135979175568,1.0660569667816162,0.38888888888888884,0.6554824804824805,0.38461538461538464,0.0,0.5659789890050888,0.5546044260263443,0.05856053717434406,0.12138050608336926,0.0,0.0,0.0,0.0,0.0,18473,global,0.0
1,4,lr5e-05_bs16_drop0p2_temp2p0_a0p25_b0p05__wd1e-04trmiss0_degmodglobal,16,5e-05,0.0001,0.2,2.0,0.25,0.05,lr5e-05_bs16_drop0p2_temp2p0_a0p25_b0p05__wd1e-04trmiss0_degmodglobal,28,0.6057160049676895,1.0607445240020752,0.38888888888888884,0.6554824804824805,0.3076923076923077,0.0,0.570300817489624,0.5783456116914749,0.07883471250534058,0.15323412232100964,0.0,0.0,0.0,0.0,0.0,18473,global,0.0
1,4,lr5e-05_bs16_drop0p2_temp2p0_a0p25_b0p05__wd1e-04trmiss0_degmodglobal,16,5e-05,0.0001,0.2,2.0,0.25,0.05,lr5e-05_bs16_drop0p2_temp2p0_a0p25_b0p05__wd1e-04trmiss0_degmodglobal,29,0.5812905132770538,1.0645480155944824,0.38888888888888884,0.6554824804824805,0.38461538461538464,0.0,0.5264392644166946,0.5595160275697708,0.0632545743137598,0.11921705864369869,0.0,0.0,0.0,0.0,0.0,18473,global,0.0
1,4,lr5e-05_bs16_drop0p2_temp2p0_a0p25_b0p05__wd1e-04trmiss0_degmodglobal,16,5e-05,0.0001,0.2,2.0,0.25,0.05,lr5e-05_bs16_drop0p2_temp2p0_a0p25_b0p05__wd1e-04trmiss0_degmodglobal,30,0.5850795805454254,1.0731165409088135,0.38888888888888884,0.6554824804824805,0.3076923076923077,0.0,0.5325013250112534,0.555387943983078,0.08689848054200411,0.1593402922153473,0.0,0.0,0.0,0.0,0.0,18473,global,0.0
1,4,lr5e-05_bs16_drop0p2_temp2p0_a0p25_b0p05__wd1e-04trmiss0_degmodglobal,16,5e-05,0.0001,0.2,2.0,0.25,0.05,lr5e-05_bs16_drop0p2_temp2p0_a0p25_b0p05__wd1e-04trmiss0_degmodglobal,31,0.5746909826993942,1.0240535736083984,0.38888888888888884,0.6554824804824805,0.38461538461538464,0.0,0.5225519984960556,0.5494657754898071,0.07277972251176834,0.14060529321432114,0.0,0.0,0.0,0.0,0.0,18473,global,0.0
1,4,lr5e-05_bs16_drop0p2_temp2p0_a0p25_b0p05__wd1e-04trmiss0_degmodglobal,16,5e-05,0.0001,0.2,2.0,0.25,0.05,lr5e-05_bs16_drop0p2_temp2p0_a0p25_b0p05__wd1e-04trmiss0_degmodglobal,32,0.59006467461586,1.034624457359314,0.38888888888888884,0.6554824804824805,0.3076923076923077,0.0,0.539676621556282,0.5645507276058197,0.07297078985720873,0.14542514132335782,0.0,0.0,0.0,0.0,0.0,18473,global,0.0
1,4,lr5e-05_bs16_drop0p2_temp2p0_a0p25_b0p05__wd1e-04trmiss0_degmodglobal,16,5e-05,0.0001,0.2,2.0,0.25,0.05,lr5e-05_bs16_drop0p2_temp2p0_a0p25_b0p05__wd1e-04trmiss0_degmodglobal,33,0.5714395046234131,1.0386775732040405,0.38888888888888884,0.6554824804824805,0.3076923076923077,0.0,0.4927230551838875,0.5413968935608864,0.08538478054106236,0.17392794601619244,0.0,0.0,0.0,0.0,0.0,18473,global,0.0
1,4,lr5e-05_bs16_drop0p2_temp2p0_a0p25_b0p05__wd1e-04trmiss0_degmodglobal,16,5e-05,0.0001,0.2,2.0,0.25,0.05,lr5e-05_bs16_drop0p2_temp2p0_a0p25_b0p05__wd1e-04trmiss0_degmodglobal,34,0.6143386512994766,1.058206558227539,0.41666666666666663,0.711038036038036,0.3076923076923077,0.0,0.5234488621354103,0.581057533621788,0.08792505133897066,0.225997818633914,0.0,0.0,0.0,0.0,0.0,18473,global,0.0
1,4,lr5e-05_bs16_drop0p2_temp2p0_a0p25_b0p05__wd1e-04trmiss0_degmodglobal,16,5e-05,0.0001,0.2,2.0,0.25,0.05,lr5e-05_bs16_drop0p2_temp2p0_a0p25_b0p05__wd1e-04trmiss0_degmodglobal,35,0.6084149777889252,1.0787925720214844,0.41666666666666663,0.711038036038036,0.3076923076923077,0.0,0.5231739804148674,0.5756896883249283,0.09111279807984829,0.19894171878695488,0.0,0.0,0.0,0.0,0.0,18473,global,0.0
1,4,lr5e-05_bs16_drop0p2_temp2p0_a0p25_b0p05__wd1e-04trmiss0_degmodglobal,16,5e-05,0.0001,0.2,2.0,0.25,0.05,lr5e-05_bs16_drop0p2_temp2p0_a0p25_b0p05__wd1e-04trmiss0_degmodglobal,36,0.6015905439853668,1.0721867084503174,0.41666666666666663,0.711038036038036,0.38461538461538464,0.0,0.5022100061178207,0.5626653134822845,0.10366982221603394,0.26015598699450493,0.0,0.0,0.0,0.0,0.0,18473,global,0.0
1,4,lr5e-05_bs16_drop0p2_temp2p0_a0p25_b0p05__wd1e-04trmiss0_degmodglobal,16,5e-05,0.0001,0.2,2.0,0.25,0.05,lr5e-05_bs16_drop0p2_temp2p0_a0p25_b0p05__wd1e-04trmiss0_degmodglobal,37,0.58395716547966,1.0652179718017578,0.38888888888888884,0.6554824804824805,0.38461538461538464,0.0,0.49538153409957886,0.553030252456665,0.08435056731104851,0.19678518921136856,0.0,0.0,0.0,0.0,0.0,18473,global,0.0
1,4,lr5e-05_bs16_drop0p2_temp2p0_a0p25_b0p05__wd1e-04trmiss0_degmodglobal,16,5e-05,0.0001,0.2,2.0,0.25,0.05,lr5e-05_bs16_drop0p2_temp2p0_a0p25_b0p05__wd1e-04trmiss0_degmodglobal,38,0.5756164193153381,1.062306523323059,0.41666666666666663,0.711038036038036,0.38461538461538464,0.0,0.5227893739938736,0.5457943081855774,0.08597773127257824,0.16655374690890312,0.0,0.0,0.0,0.0,0.0,18473,global,0.0
1,4,lr5e-05_bs16_drop0p2_temp2p0_a0p25_b0p05__wd1e-04trmiss0_degmodglobal,16,5e-05,0.0001,0.2,2.0,0.25,0.05,lr5e-05_bs16_drop0p2_temp2p0_a0p25_b0p05__wd1e-04trmiss0_degmodglobal,39,0.5957613885402679,1.0596221685409546,0.41666666666666663,0.711038036038036,0.38461538461538464,0.0,0.5233494862914085,0.5690919160842896,0.07035611011087894,0.18160923570394516,0.0,0.0,0.0,0.0,0.0,18473,global,0.0
1,4,lr5e-05_bs16_drop0p2_temp2p0_a0p25_b0p05__wd1e-04trmiss0_degmodglobal,16,5e-05,0.0001,0.2,2.0,0.25,0.05,lr5e-05_bs16_drop0p2_temp2p0_a0p25_b0p05__wd1e-04trmiss0_degmodglobal,40,0.5999256372451782,1.0704511404037476,0.41666666666666663,0.711038036038036,0.38461538461538464,0.0,0.5110798105597496,0.5674628913402557,0.09149408247321844,0.1917847190052271,0.0,0.0,0.0,0.0,0.0,18473,global,0.0
1,4,lr5e-05_bs16_drop0p2_temp2p0_a0p25_b0p05__wd1e-04trmiss0_degmodglobal,16,5e-05,0.0001,0.2,2.0,0.25,0.05,lr5e-05_bs16_drop0p2_temp2p0_a0p25_b0p05__wd1e-04trmiss0_degmodglobal,41,0.6011943519115448,1.0728988647460938,0.41666666666666663,0.711038036038036,0.38461538461538464,0.0,0.5019956454634666,0.5659847557544708,0.0999744851142168,0.20431928895413876,0.0,0.0,0.0,0.0,0.0,18473,global,0.0
1,4,lr5e-05_bs16_drop0p2_temp2p0_a0p25_b0p05__wd1e-04trmiss0_degmodglobal,16,5e-05,0.0001,0.2,2.0,0.25,0.05,lr5e-05_bs16_drop0p2_temp2p0_a0p25_b0p05__wd1e-04trmiss0_degmodglobal,42,0.6374044865369797,1.0654969215393066,0.41666666666666663,0.711038036038036,0.3076923076923077,0.0,0.5524544566869736,0.6011784672737122,0.09554943814873695,0.24677327647805214,0.0,0.0,0.0,0.0,0.0,18473,global,0.0
1,4,lr5e-05_bs16_drop0p2_temp2p0_a0p25_b0p05__wd1e-04trmiss0_degmodglobal,16,5e-05,0.0001,0.2,2.0,0.25,0.05,lr5e-05_bs16_drop0p2_temp2p0_a0p25_b0p05__wd1e-04trmiss0_degmodglobal,43,0.5679857432842255,1.0713775157928467,0.41666666666666663,0.711038036038036,0.38461538461538464,0.0,0.4866879880428314,0.5292874500155449,0.11018871050328016,0.22302241250872612,0.0,0.0,0.0,0.0,0.0,18473,global,0.0
1,4,lr5e-05_bs16_drop0p2_temp2p0_a0p25_b0p05__wd1e-04trmiss0_degmodglobal,16,5e-05,0.0001,0.2,2.0,0.25,0.05,lr5e-05_bs16_drop0p2_temp2p0_a0p25_b0p05__wd1e-04trmiss0_degmodglobal,44,0.6183284670114517,1.0599958896636963,0.41666666666666663,0.711038036038036,0.38461538461538464,0.0,0.5570831745862961,0.5824550837278366,0.09426480066031218,0.24614356830716133,0.0,0.0,0.0,0.0,0.0,18473,global,0.0
1,4,lr5e-05_bs16_drop0p2_temp2p0_a0p25_b0p05__wd1e-04trmiss0_degmodglobal,16,5e-05,0.0001,0.2,2.0,0.25,0.05,lr5e-05_bs16_drop0p2_temp2p0_a0p25_b0p05__wd1e-04trmiss0_degmodglobal,45,0.5834099501371384,1.0802785158157349,0.41666666666666663,0.711038036038036,0.38461538461538464,0.0,0.5098274275660515,0.5495789647102356,0.10440025478601456,0.15461800061166286,0.0,0.0,0.0,0.0,0.0,18473,global,0.0
1,4,lr5e-05_bs16_drop0p2_temp2p0_a0p25_b0p05__wd1e-04trmiss0_degmodglobal,16,5e-05,0.0001,0.2,2.0,0.25,0.05,lr5e-05_bs16_drop0p2_temp2p0_a0p25_b0p05__wd1e-04trmiss0_degmodglobal,46,0.5737666040658951,1.0795756578445435,0.41666666666666663,0.711038036038036,0.38461538461538464,0.0,0.5001777410507202,0.545431062579155,0.07362857181578875,0.19856791384518147,0.0,0.0,0.0,0.0,0.0,18473,global,0.0
1,4,lr5e-05_bs16_drop0p2_temp2p0_a0p25_b0p05__wd1e-04trmiss0_degmodglobal,16,5e-05,0.0001,0.2,2.0,0.25,0.05,lr5e-05_bs16_drop0p2_temp2p0_a0p25_b0p05__wd1e-04trmiss0_degmodglobal,47,0.594502180814743,1.0153937339782715,0.41666666666666663,0.711038036038036,0.38461538461538464,0.0,0.5017964318394661,0.5670498758554459,0.07830030377954245,0.1575446082279086,0.0,0.0,0.0,0.0,0.0,18473,global,0.0
1,4,lr5e-05_bs16_drop0p2_temp2p0_a0p25_b0p05__wd1e-04trmiss0_degmodglobal,16,5e-05,0.0001,0.2,2.0,0.25,0.05,lr5e-05_bs16_drop0p2_temp2p0_a0p25_b0p05__wd1e-04trmiss0_degmodglobal,48,0.6066195219755173,1.0067241191864014,0.41666666666666663,0.711038036038036,0.38461538461538464,0.0,0.5122348666191101,0.5747357159852982,0.09471564181149006,0.16409790515899658,0.0,0.0,0.0,0.0,0.0,18473,global,0.0
1,4,lr5e-05_bs16_drop0p2_temp2p0_a0p25_b0p05__wd1e-04trmiss0_degmodglobal,16,5e-05,0.0001,0.2,2.0,0.25,0.05,lr5e-05_bs16_drop0p2_temp2p0_a0p25_b0p05__wd1e-04trmiss0_degmodglobal,49,0.563490480184555,0.9882158637046814,0.41666666666666663,0.711038036038036,0.38461538461538464,0.0,0.4829048663377762,0.5348418802022934,0.08057260513305664,0.17010927386581898,0.0,0.0,0.0,0.0,0.0,18473,global,0.0
1,4,lr5e-05_bs16_drop0p2_temp2p0_a0p25_b0p05__wd1e-04trmiss0_degmodglobal,16,5e-05,0.0001,0.2,2.0,0.25,0.05,lr5e-05_bs16_drop0p2_temp2p0_a0p25_b0p05__wd1e-04trmiss0_degmodglobal,50,0.587063267827034,1.016189694404602,0.41666666666666663,0.711038036038036,0.38461538461538464,0.0,0.5155130326747894,0.5572863668203354,0.08748290315270424,0.15812348388135433,0.0,0.0,0.0,0.0,0.0,18473,global,0.0
1,4,lr5e-05_bs16_drop0p2_temp2p0_a0p25_b0p05__wd1e-04trmiss0_degmodglobal,16,5e-05,0.0001,0.2,2.0,0.25,0.05,lr5e-05_bs16_drop0p2_temp2p0_a0p25_b0p05__wd1e-04trmiss0_degmodglobal,51,0.5573679283261299,1.0448771715164185,0.41666666666666663,0.711038036038036,0.38461538461538464,0.0,0.4883740022778511,0.5298018380999565,0.08031328953802586,0.14975535217672586,0.0,0.0,0.0,0.0,0.0,18473,global,0.0
1,4,lr5e-05_bs16_drop0p2_temp2p0_a0p25_b0p05__wd1e-04trmiss0_degmodglobal,16,5e-05,0.0001,0.2,2.0,0.25,0.05,lr5e-05_bs16_drop0p2_temp2p0_a0p25_b0p05__wd1e-04trmiss0_degmodglobal,52,0.565468817949295,1.0628507137298584,0.41666666666666663,0.711038036038036,0.38461538461538464,0.0,0.4928506389260292,0.5365455150604248,0.0849167462438345,0.15388194471597672,0.0,0.0,0.0,0.0,0.0,18473,global,0.0
1,4,lr5e-05_bs16_drop0p2_temp2p0_a0p25_b0p05__wd1e-04trmiss0_degmodglobal,16,5e-05,0.0001,0.2,2.0,0.25,0.05,lr5e-05_bs16_drop0p2_temp2p0_a0p25_b0p05__wd1e-04trmiss0_degmodglobal,53,0.5773272812366486,1.0659600496292114,0.41666666666666663,0.711038036038036,0.38461538461538464,0.0,0.45982925593852997,0.5378448069095612,0.11221693269908428,0.22856532037258148,0.0,0.0,0.0,0.0,0.0,18473,global,0.0
1,4,lr5e-05_bs16_drop0p2_temp2p0_a0p25_b0p05__wd1e-04trmiss0_degmodglobal,16,5e-05,0.0001,0.2,2.0,0.25,0.05,lr5e-05_bs16_drop0p2_temp2p0_a0p25_b0p05__wd1e-04trmiss0_degmodglobal,54,0.6368411034345627,1.0823745727539062,0.41666666666666663,0.711038036038036,0.3076923076923077,0.0,0.5282837003469467,0.6064601093530655,0.08660409972071648,0.1745994919911027,0.0,0.0,0.0,0.0,0.0,18473,global,0.0
1,4,lr5e-05_bs16_drop0p2_temp2p0_a0p25_b0p05__wd1e-04trmiss0_degmodglobal,16,5e-05,0.0001,0.2,2.0,0.25,0.05,lr5e-05_bs16_drop0p2_temp2p0_a0p25_b0p05__wd1e-04trmiss0_degmodglobal,55,0.5961703211069107,1.0851012468338013,0.41666666666666663,0.711038036038036,0.3076923076923077,0.0,0.4921003058552742,0.5528473630547523,0.1129528721794486,0.301694605499506,0.0,0.0,0.0,0.0,0.0,18473,global,0.0
1,4,lr5e-05_bs16_drop0p2_temp2p0_a0p25_b0p05__wd1e-04trmiss0_degmodglobal,16,5e-05,0.0001,0.2,2.0,0.25,0.05,lr5e-05_bs16_drop0p2_temp2p0_a0p25_b0p05__wd1e-04trmiss0_degmodglobal,56,0.563316285610199,1.0569705963134766,0.41666666666666663,0.711038036038036,0.38461538461538464,0.0,0.4700147658586502,0.5311689972877502,0.09007454477250576,0.19257318135350943,0.0,0.0,0.0,0.0,0.0,18473,global,0.0
1,4,lr5e-05_bs16_drop0p2_temp2p0_a0p25_b0p05__wd1e-04trmiss0_degmodglobal,16,5e-05,0.0001,0.2,2.0,0.25,0.05,lr5e-05_bs16_drop0p2_temp2p0_a0p25_b0p05__wd1e-04trmiss0_degmodglobal,57,0.6055624783039093,1.0522232055664062,0.41666666666666663,0.711038036038036,0.38461538461538464,0.0,0.4849216490983963,0.5676881670951843,0.10527675598859787,0.2311023436486721,0.0,0.0,0.0,0.0,0.0,18473,global,0.0
1,4,lr5e-05_bs16_drop0p2_temp2p0_a0p25_b0p05__wd1e-04trmiss0_degmodglobal,16,5e-05,0.0001,0.2,2.0,0.25,0.05,lr5e-05_bs16_drop0p2_temp2p0_a0p25_b0p05__wd1e-04trmiss0_degmodglobal,58,0.580857053399086,1.058107852935791,0.41666666666666663,0.711038036038036,0.3076923076923077,0.0,0.4698543921113014,0.5497300773859024,0.08684372715651989,0.18832078762352467,0.0,0.0,0.0,0.0,0.0,18473,global,0.0
1,4,lr5e-05_bs16_drop0p2_temp2p0_a0p25_b0p05__wd1e-04trmiss0_degmodglobal,16,5e-05,0.0001,0.2,2.0,0.25,0.05,lr5e-05_bs16_drop0p2_temp2p0_a0p25_b0p05__wd1e-04trmiss0_degmodglobal,59,0.606023833155632,1.0609900951385498,0.41666666666666663,0.711038036038036,0.38461538461538464,0.0,0.46756770461797714,0.5680859535932541,0.10025511309504509,0.25748182460665703,0.0,0.0,0.0,0.0,0.0,18473,global,0.0
1,4,lr5e-05_bs16_drop0p2_temp2p0_a0p25_b0p05__wd1e-04trmiss0_degmodglobal,16,5e-05,0.0001,0.2,2.0,0.25,0.05,lr5e-05_bs16_drop0p2_temp2p0_a0p25_b0p05__wd1e-04trmiss0_degmodglobal,60,0.5833182632923126,1.0734775066375732,0.41666666666666663,0.711038036038036,0.38461538461538464,0.0,0.45515326410532,0.540300264954567,0.12582346610724926,0.23124254494905472,0.0,0.0,0.0,0.0,0.0,18473,global,0.0
1,4,lr5e-05_bs16_drop0p2_temp2p0_a0p25_b0p05__wd1e-04trmiss0_degmodglobal,16,5e-05,0.0001,0.2,2.0,0.25,0.05,lr5e-05_bs16_drop0p2_temp2p0_a0p25_b0p05__wd1e-04trmiss0_degmodglobal,61,0.5752998441457748,1.0676254034042358,0.41666666666666663,0.711038036038036,0.3076923076923077,0.0,0.4592333361506462,0.5321908965706825,0.1203454788774252,0.2604515329003334,0.0,0.0,0.0,0.0,0.0,18473,global,0.0
1,4,lr5e-05_bs16_drop0p2_temp2p0_a0p25_b0p05__wd1e-04trmiss0_degmodglobal,16,5e-05,0.0001,0.2,2.0,0.25,0.05,lr5e-05_bs16_drop0p2_temp2p0_a0p25_b0p05__wd1e-04trmiss0_degmodglobal,62,0.5707763880491257,1.061537504196167,0.41666666666666663,0.711038036038036,0.38461538461538464,0.0,0.4989137500524521,0.5425758510828018,0.08878695778548717,0.1200761660002172,0.0,0.0,0.0,0.0,0.0,18473,global,0.0
1,4,lr5e-05_bs16_drop0p2_temp2p0_a0p25_b0p05__wd1e-04trmiss0_degmodglobal,16,5e-05,0.0001,0.2,2.0,0.25,0.05,lr5e-05_bs16_drop0p2_temp2p0_a0p25_b0p05__wd1e-04trmiss0_degmodglobal,63,0.6051124185323715,1.0607184171676636,0.41666666666666663,0.711038036038036,0.38461538461538464,0.0,0.46489374339580536,0.5613966286182404,0.12260716781020164,0.2612796574831009,0.0,0.0,0.0,0.0,0.0,18473,global,0.0
1,4,lr5e-05_bs16_drop0p2_temp2p0_a0p25_b0p05__wd1e-04trmiss0_degmodglobal,16,5e-05,0.0001,0.2,2.0,0.25,0.05,lr5e-05_bs16_drop0p2_temp2p0_a0p25_b0p05__wd1e-04trmiss0_degmodglobal,64,0.581251472234726,1.033928394317627,0.41666666666666663,0.711038036038036,0.38461538461538464,0.0,0.48292822390794754,0.5421644598245621,0.1072831004858017,0.24532493762671947,0.0,0.0,0.0,0.0,0.0,18473,global,0.0
1,4,lr5e-05_bs16_drop0p2_temp2p0_a0p25_b0p05__wd1e-04trmiss0_degmodglobal,16,5e-05,0.0001,0.2,2.0,0.25,0.05,lr5e-05_bs16_drop0p2_temp2p0_a0p25_b0p05__wd1e-04trmiss0_degmodglobal,65,0.5935403406620026,1.0201257467269897,0.41666666666666663,0.711038036038036,0.38461538461538464,0.0,0.4604467526078224,0.5486824214458466,0.12435195222496986,0.27539846673607826,0.0,0.0,0.0,0.0,0.0,18473,global,0.0
1,4,lr5e-05_bs16_drop0p2_temp2p0_a0p25_b0p05__wd1e-04trmiss0_degmodglobal,16,5e-05,0.0001,0.2,2.0,0.25,0.05,lr5e-05_bs16_drop0p2_temp2p0_a0p25_b0p05__wd1e-04trmiss0_degmodglobal,66,0.5949092656373978,1.032098412513733,0.41666666666666663,0.711038036038036,0.38461538461538464,0.0,0.454825684428215,0.5501225739717484,0.12951048091053963,0.24818097427487373,0.0,0.0,0.0,0.0,0.0,18473,global,0.0
1,4,lr5e-05_bs16_drop0p2_temp2p0_a0p25_b0p05__wd1e-04trmiss0_degmodglobal,16,5e-05,0.0001,0.2,2.0,0.25,0.05,lr5e-05_bs16_drop0p2_temp2p0_a0p25_b0p05__wd1e-04trmiss0_degmodglobal,67,0.5987454056739807,1.0534330606460571,0.41666666666666663,0.711038036038036,0.38461538461538464,0.0,0.4350115954875946,0.5481873601675034,0.13218876346945763,0.3502172380685806,0.0,0.0,0.0,0.0,0.0,18473,global,0.0
1,4,lr5e-05_bs16_drop0p2_temp2p0_a0p25_b0p05__wd1e-04trmiss0_degmodglobal,16,5e-05,0.0001,0.2,2.0,0.25,0.05,lr5e-05_bs16_drop0p2_temp2p0_a0p25_b0p05__wd1e-04trmiss0_degmodglobal,68,0.5951888710260391,1.0590488910675049,0.41666666666666663,0.711038036038036,0.38461538461538464,0.0,0.49237141758203506,0.5569788068532944,0.10928931459784508,0.217755027115345,0.0,0.0,0.0,0.0,0.0,18473,global,0.0
1,4,lr5e-05_bs16_drop0p2_temp2p0_a0p25_b0p05__wd1e-04trmiss0_degmodglobal,16,5e-05,0.0001,0.2,2.0,0.25,0.05,lr5e-05_bs16_drop0p2_temp2p0_a0p25_b0p05__wd1e-04trmiss0_degmodglobal,69,0.6200079470872879,1.0658982992172241,0.41666666666666663,0.711038036038036,0.38461538461538464,0.0,0.46759431064128876,0.5554358214139938,0.17496240697801113,0.4166302755475044,0.0,0.0,0.0,0.0,0.0,18473,global,0.0
1,4,lr5e-05_bs16_drop0p4_temp1p0_a0p25_b0p05__wd1e-04trmiss0_degmodglobal,16,5e-05,0.0001,0.4,1.0,0.25,0.05,lr5e-05_bs16_drop0p4_temp1p0_a0p25_b0p05__wd1e-04trmiss0_degmodglobal,1,0.724246010184288,0.6778557300567627,0.5,0.7528490028490029,0.5384615384615384,0.0,0.7157578319311142,0.7094285190105438,0.040647624991834164,0.09311177115887403,0.0,0.0,0.0,0.0,0.0,18473,global,0.0
1,4,lr5e-05_bs16_drop0p4_temp1p0_a0p25_b0p05__wd1e-04trmiss0_degmodglobal,16,5e-05,0.0001,0.4,1.0,0.25,0.05,lr5e-05_bs16_drop0p4_temp1p0_a0p25_b0p05__wd1e-04trmiss0_degmodglobal,2,0.6735191196203232,0.678826630115509,0.5,0.7528490028490029,0.5384615384615384,0.0,0.6945184618234634,0.6536200791597366,0.04748767241835594,0.16054256446659565,0.0,0.0,0.0,0.0,0.0,18473,global,0.0
1,4,lr5e-05_bs16_drop0p4_temp1p0_a0p25_b0p05__wd1e-04trmiss0_degmodglobal,16,5e-05,0.0001,0.4,1.0,0.25,0.05,lr5e-05_bs16_drop0p4_temp1p0_a0p25_b0p05__wd1e-04trmiss0_degmodglobal,3,0.7033800780773163,0.6811492443084717,0.5,0.7528490028490029,0.5384615384615384,0.0,0.6708696484565735,0.6782813966274261,0.057183725759387016,0.21605470776557922,0.0,0.0,0.0,0.0,0.0,18473,global,0.0
1,4,lr5e-05_bs16_drop0p4_temp1p0_a0p25_b0p05__wd1e-04trmiss0_degmodglobal,16,5e-05,0.0001,0.4,1.0,0.25,0.05,lr5e-05_bs16_drop0p4_temp1p0_a0p25_b0p05__wd1e-04trmiss0_degmodglobal,4,0.6691584438085556,0.6807058453559875,0.5277777777777778,0.7621082621082622,0.5384615384615384,0.0,0.647905245423317,0.6500537097454071,0.049582505133002996,0.1341823125258088,0.0,0.0,0.0,0.0,0.0,18473,global,0.0
1,4,lr5e-05_bs16_drop0p4_temp1p0_a0p25_b0p05__wd1e-04trmiss0_degmodglobal,16,5e-05,0.0001,0.4,1.0,0.25,0.05,lr5e-05_bs16_drop0p4_temp1p0_a0p25_b0p05__wd1e-04trmiss0_degmodglobal,5,0.6689932644367218,0.680841863155365,0.5277777777777778,0.7621082621082622,0.6153846153846154,0.0,0.6352152079343796,0.6532214879989624,0.040391657035797834,0.11347724683582783,0.0,0.0,0.0,0.0,0.0,18473,global,0.0
1,4,lr5e-05_bs16_drop0p4_temp1p0_a0p25_b0p05__wd1e-04trmiss0_degmodglobal,16,5e-05,0.0001,0.4,1.0,0.25,0.05,lr5e-05_bs16_drop0p4_temp1p0_a0p25_b0p05__wd1e-04trmiss0_degmodglobal,6,0.6466118693351746,0.6776120662689209,0.5555555555555556,0.7740130240130241,0.6153846153846154,0.0,0.6415847986936569,0.6229829341173172,0.05999980214983225,0.17257929407060146,0.0,0.0,0.0,0.0,0.0,18473,global,0.0
1,4,lr5e-05_bs16_drop0p4_temp1p0_a0p25_b0p05__wd1e-04trmiss0_degmodglobal,16,5e-05,0.0001,0.4,1.0,0.25,0.05,lr5e-05_bs16_drop0p4_temp1p0_a0p25_b0p05__wd1e-04trmiss0_degmodglobal,7,0.703144297003746,0.6762985587120056,0.5833333333333333,0.782654999321666,0.6153846153846154,0.0,0.6540188491344452,0.6864515244960785,0.04472006671130657,0.11025535315275192,0.0,0.0,0.0,0.0,0.0,18473,global,0.0
1,4,lr5e-05_bs16_drop0p4_temp1p0_a0p25_b0p05__wd1e-04trmiss0_degmodglobal,16,5e-05,0.0001,0.4,1.0,0.25,0.05,lr5e-05_bs16_drop0p4_temp1p0_a0p25_b0p05__wd1e-04trmiss0_degmodglobal,8,0.6232549995183945,0.6794312000274658,0.5833333333333333,0.782654999321666,0.6153846153846154,0.0,0.6519753187894821,0.6038084477186203,0.04764461424201727,0.15070779249072075,0.0,0.0,0.0,0.0,0.0,18473,global,0.0
1,4,lr5e-05_bs16_drop0p4_temp1p0_a0p25_b0p05__wd1e-04trmiss0_degmodglobal,16,5e-05,0.0001,0.4,1.0,0.25,0.05,lr5e-05_bs16_drop0p4_temp1p0_a0p25_b0p05__wd1e-04trmiss0_degmodglobal,9,0.635293647646904,0.6828746199607849,0.5555555555555556,0.7270994437661105,0.6153846153846154,0.0,0.6178153306245804,0.6097498536109924,0.06474498752504587,0.18715067952871323,0.0,0.0,0.0,0.0,0.0,18473,global,0.0
1,4,lr5e-05_bs16_drop0p4_temp1p0_a0p25_b0p05__wd1e-04trmiss0_degmodglobal,16,5e-05,0.0001,0.4,1.0,0.25,0.05,lr5e-05_bs16_drop0p4_temp1p0_a0p25_b0p05__wd1e-04trmiss0_degmodglobal,10,0.6394270062446594,0.6845381259918213,0.5555555555555556,0.7270994437661105,0.6153846153846154,0.0,0.6300187259912491,0.6149255931377411,0.05785493180155754,0.20075421035289764,0.0,0.0,0.0,0.0,0.0,18473,global,0.0
1,4,lr5e-05_bs16_drop0p4_temp1p0_a0p25_b0p05__wd1e-04trmiss0_degmodglobal,16,5e-05,0.0001,0.4,1.0,0.25,0.05,lr5e-05_bs16_drop0p4_temp1p0_a0p25_b0p05__wd1e-04trmiss0_degmodglobal,11,0.6584355235099792,0.6838437914848328,0.5833333333333334,0.7283389450056118,0.6153846153846154,0.0,0.5867706537246704,0.6279847323894501,0.07977766077965498,0.21012724936008453,0.0,0.0,0.0,0.0,0.0,18473,global,0.0
1,4,lr5e-05_bs16_drop0p4_temp1p0_a0p25_b0p05__wd1e-04trmiss0_degmodglobal,16,5e-05,0.0001,0.4,1.0,0.25,0.05,lr5e-05_bs16_drop0p4_temp1p0_a0p25_b0p05__wd1e-04trmiss0_degmodglobal,12,0.6156270354986191,0.683559000492096,0.5833333333333334,0.7928892095558764,0.5384615384615384,0.0,0.5964456349611282,0.5975591242313385,0.047442054376006126,0.12414787150919437,0.0,0.0,0.0,0.0,0.0,18473,global,0.0
1,4,lr5e-05_bs16_drop0p4_temp1p0_a0p25_b0p05__wd1e-04trmiss0_degmodglobal,16,5e-05,0.0001,0.4,1.0,0.25,0.05,lr5e-05_bs16_drop0p4_temp1p0_a0p25_b0p05__wd1e-04trmiss0_degmodglobal,13,0.6520077884197235,0.6797450184822083,0.6111111111111112,0.8077040243706912,0.5384615384615384,0.0,0.580906093120575,0.6304881423711777,0.05253923311829567,0.16769708693027496,0.0,0.0,0.0,0.0,0.0,18473,global,0.0
1,4,lr5e-05_bs16_drop0p4_temp1p0_a0p25_b0p05__wd1e-04trmiss0_degmodglobal,16,5e-05,0.0001,0.4,1.0,0.25,0.05,lr5e-05_bs16_drop0p4_temp1p0_a0p25_b0p05__wd1e-04trmiss0_degmodglobal,14,0.6158525347709656,0.6798714399337769,0.6111111111111112,0.8077040243706912,0.5384615384615384,0.0,0.6317298412322998,0.5938110798597336,0.05304803419858217,0.17558910697698593,0.0,0.0,0.0,0.0,0.0,18473,global,0.0
1,4,lr5e-05_bs16_drop0p4_temp1p0_a0p25_b0p05__wd1e-04trmiss0_degmodglobal,16,5e-05,0.0001,0.4,1.0,0.25,0.05,lr5e-05_bs16_drop0p4_temp1p0_a0p25_b0p05__wd1e-04trmiss0_degmodglobal,15,0.6046067178249359,0.6817257404327393,0.5833333333333333,0.770666987333654,0.5384615384615384,0.0,0.6248593479394913,0.5796558409929276,0.06564709730446339,0.17078199051320553,0.0,0.0,0.0,0.0,0.0,18473,global,0.0
1,4,lr5e-05_bs16_drop0p4_temp1p0_a0p25_b0p05__wd1e-04trmiss0_degmodglobal,16,5e-05,0.0001,0.4,1.0,0.25,0.05,lr5e-05_bs16_drop0p4_temp1p0_a0p25_b0p05__wd1e-04trmiss0_degmodglobal,16,0.5834915041923523,0.683236837387085,0.5555555555555556,0.762025012025012,0.5384615384615384,0.0,0.5604995787143707,0.5668740272521973,0.041164599591866136,0.12652639858424664,0.0,0.0,0.0,0.0,0.0,18473,global,0.0
1,4,lr5e-05_bs16_drop0p4_temp1p0_a0p25_b0p05__wd1e-04trmiss0_degmodglobal,16,5e-05,0.0001,0.4,1.0,0.25,0.05,lr5e-05_bs16_drop0p4_temp1p0_a0p25_b0p05__wd1e-04trmiss0_degmodglobal,17,0.6251064091920853,0.6808263063430786,0.5555555555555556,0.762025012025012,0.5384615384615384,0.0,0.5579960495233536,0.6033003926277161,0.06063384283334017,0.13295124657452106,0.0,0.0,0.0,0.0,0.0,18473,global,0.0
1,4,lr5e-05_bs16_drop0p4_temp1p0_a0p25_b0p05__wd1e-04trmiss0_degmodglobal,16,5e-05,0.0001,0.4,1.0,0.25,0.05,lr5e-05_bs16_drop0p4_temp1p0_a0p25_b0p05__wd1e-04trmiss0_degmodglobal,18,0.5733763426542282,0.67740398645401,0.5555555555555556,0.7642567309233976,0.6153846153846154,0.0,0.5594954490661621,0.5531564652919769,0.051644318737089634,0.14617547392845154,0.0,0.0,0.0,0.0,0.0,18473,global,0.0
1,4,lr5e-05_bs16_drop0p4_temp1p0_a0p25_b0p05__wd1e-04trmiss0_degmodglobal,16,5e-05,0.0001,0.4,1.0,0.25,0.05,lr5e-05_bs16_drop0p4_temp1p0_a0p25_b0p05__wd1e-04trmiss0_degmodglobal,19,0.6281736493110657,0.6793123483657837,0.5833333333333333,0.770666987333654,0.6153846153846154,0.0,0.621249184012413,0.6070542484521866,0.05306993657723069,0.1570379980839789,0.0,0.0,0.0,0.0,0.0,18473,global,0.0
1,4,lr5e-05_bs16_drop0p4_temp1p0_a0p25_b0p05__wd1e-04trmiss0_degmodglobal,16,5e-05,0.0001,0.4,1.0,0.25,0.05,lr5e-05_bs16_drop0p4_temp1p0_a0p25_b0p05__wd1e-04trmiss0_degmodglobal,20,0.6326275616884232,0.679102897644043,0.6111111111111112,0.7838945005611673,0.6153846153846154,0.0,0.548785999417305,0.6020108461380005,0.07520986348390579,0.23628510534763336,0.0,0.0,0.0,0.0,0.0,18473,global,0.0
1,4,lr5e-05_bs16_drop0p4_temp1p0_a0p25_b0p05__wd1e-04trmiss0_degmodglobal,16,5e-05,0.0001,0.4,1.0,0.25,0.05,lr5e-05_bs16_drop0p4_temp1p0_a0p25_b0p05__wd1e-04trmiss0_degmodglobal,21,0.6089181154966354,0.675459086894989,0.638888888888889,0.8209315375982045,0.6153846153846154,0.0,0.5813362151384354,0.5821800827980042,0.06705117039382458,0.1995048075914383,0.0,0.0,0.0,0.0,0.0,18473,global,0.0
1,4,lr5e-05_bs16_drop0p4_temp1p0_a0p25_b0p05__wd1e-04trmiss0_degmodglobal,16,5e-05,0.0001,0.4,1.0,0.25,0.05,lr5e-05_bs16_drop0p4_temp1p0_a0p25_b0p05__wd1e-04trmiss0_degmodglobal,22,0.6033927649259567,0.6818417310714722,0.5833333333333333,0.7774842441509109,0.6153846153846154,0.0,0.5715852379798889,0.5784958750009537,0.06097652483731508,0.19305535405874252,0.0,0.0,0.0,0.0,0.0,18473,global,0.0
1,4,lr5e-05_bs16_drop0p4_temp1p0_a0p25_b0p05__wd1e-04trmiss0_degmodglobal,16,5e-05,0.0001,0.4,1.0,0.25,0.05,lr5e-05_bs16_drop0p4_temp1p0_a0p25_b0p05__wd1e-04trmiss0_degmodglobal,23,0.5956429541110992,0.6786077618598938,0.6111111111111112,0.7838945005611673,0.6153846153846154,0.0,0.5730186700820923,0.5721933543682098,0.06194197200238705,0.15928200632333755,0.0,0.0,0.0,0.0,0.0,18473,global,0.0
1,4,lr5e-05_bs16_drop0p4_temp1p0_a0p25_b0p05__wd1e-04trmiss0_degmodglobal,16,5e-05,0.0001,0.4,1.0,0.25,0.05,lr5e-05_bs16_drop0p4_temp1p0_a0p25_b0p05__wd1e-04trmiss0_degmodglobal,24,0.5750559270381927,0.6773213148117065,0.6111111111111112,0.7838945005611673,0.6153846153846154,0.0,0.5574323832988739,0.5534265041351318,0.054673039354383945,0.15922356396913528,0.0,0.0,0.0,0.0,0.0,18473,global,0.0
1,4,lr5e-05_bs16_drop0p4_temp1p0_a0p25_b0p05__wd1e-04trmiss0_degmodglobal,16,5e-05,0.0001,0.4,1.0,0.25,0.05,lr5e-05_bs16_drop0p4_temp1p0_a0p25_b0p05__wd1e-04trmiss0_degmodglobal,25,0.5754719972610474,0.6755944490432739,0.638888888888889,0.8209315375982045,0.6153846153846154,0.0,0.5654399991035461,0.5598988831043243,0.04423879086971283,0.09026853670366108,0.0,0.0,0.0,0.0,0.0,18473,global,0.0
1,4,lr5e-05_bs16_drop0p4_temp1p0_a0p25_b0p05__wd1e-04trmiss0_degmodglobal,16,5e-05,0.0001,0.4,1.0,0.25,0.05,lr5e-05_bs16_drop0p4_temp1p0_a0p25_b0p05__wd1e-04trmiss0_degmodglobal,26,0.5725389719009399,0.6753193736076355,0.6111111111111112,0.8077040243706912,0.5384615384615384,0.0,0.547920823097229,0.5497215539216995,0.0640898309648037,0.13589918240904808,0.0,0.0,0.0,0.0,0.0,18473,global,0.0
1,4,lr5e-05_bs16_drop0p4_temp1p0_a0p25_b0p05__wd1e-04trmiss0_degmodglobal,16,5e-05,0.0001,0.4,1.0,0.25,0.05,lr5e-05_bs16_drop0p4_temp1p0_a0p25_b0p05__wd1e-04trmiss0_degmodglobal,27,0.5663707107305527,0.6724379658699036,0.6388888888888888,0.8354818021484689,0.5384615384615384,0.0,0.5631345510482788,0.5464721918106079,0.05237843841314316,0.13607851415872574,0.0,0.0,0.0,0.0,0.0,18473,global,0.0
1,4,lr5e-05_bs16_drop0p4_temp1p0_a0p25_b0p05__wd1e-04trmiss0_degmodglobal,16,5e-05,0.0001,0.4,1.0,0.25,0.05,lr5e-05_bs16_drop0p4_temp1p0_a0p25_b0p05__wd1e-04trmiss0_degmodglobal,28,0.5965226888656616,0.6716144680976868,0.6666666666666666,0.8577040243706913,0.5384615384615384,0.0,0.5799645110964775,0.5737877935171127,0.059438690543174744,0.15750451758503914,0.0,0.0,0.0,0.0,0.0,18473,global,0.0
1,4,lr5e-05_bs16_drop0p4_temp1p0_a0p25_b0p05__wd1e-04trmiss0_degmodglobal,16,5e-05,0.0001,0.4,1.0,0.25,0.05,lr5e-05_bs16_drop0p4_temp1p0_a0p25_b0p05__wd1e-04trmiss0_degmodglobal,29,0.5552968755364418,0.6681554913520813,0.6666666666666667,0.8487093153759822,0.5384615384615384,0.0,0.5735950246453285,0.5380408614873886,0.045995570719242096,0.11514220759272575,0.0,0.0,0.0,0.0,0.0,18473,global,0.0
1,4,lr5e-05_bs16_drop0p4_temp1p0_a0p25_b0p05__wd1e-04trmiss0_degmodglobal,16,5e-05,0.0001,0.4,1.0,0.25,0.05,lr5e-05_bs16_drop0p4_temp1p0_a0p25_b0p05__wd1e-04trmiss0_degmodglobal,30,0.5726750642061234,0.6686527729034424,0.638888888888889,0.8209315375982045,0.5384615384615384,0.0,0.5450480729341507,0.549356147646904,0.05651409085839987,0.18380855582654476,0.0,0.0,0.0,0.0,0.0,18473,global,0.0
1,4,lr5e-05_bs16_drop0p4_temp1p0_a0p25_b0p05__wd1e-04trmiss0_degmodglobal,16,5e-05,0.0001,0.4,1.0,0.25,0.05,lr5e-05_bs16_drop0p4_temp1p0_a0p25_b0p05__wd1e-04trmiss0_degmodglobal,31,0.5891809612512589,0.6625006794929504,0.638888888888889,0.8209315375982045,0.6153846153846154,0.0,0.5477022081613541,0.5648768097162247,0.06235185731202364,0.1743239425122738,0.0,0.0,0.0,0.0,0.0,18473,global,0.0
1,4,lr5e-05_bs16_drop0p4_temp1p0_a0p25_b0p05__wd1e-04trmiss0_degmodglobal,16,5e-05,0.0001,0.4,1.0,0.25,0.05,lr5e-05_bs16_drop0p4_temp1p0_a0p25_b0p05__wd1e-04trmiss0_degmodglobal,32,0.607925146818161,0.6644507646560669,0.6666666666666667,0.8487093153759822,0.6923076923076923,0.0,0.5503333508968353,0.5811928510665894,0.07744808960705996,0.14740546606481075,0.0,0.0,0.0,0.0,0.0,18473,global,0.0
1,4,lr5e-05_bs16_drop0p4_temp1p0_a0p25_b0p05__wd1e-04trmiss0_degmodglobal,16,5e-05,0.0001,0.4,1.0,0.25,0.05,lr5e-05_bs16_drop0p4_temp1p0_a0p25_b0p05__wd1e-04trmiss0_degmodglobal,33,0.5869060903787613,0.6613380908966064,0.6666666666666667,0.8487093153759822,0.6923076923076923,0.0,0.614465594291687,0.5654208362102509,0.05290783569216728,0.16516564786434174,0.0,0.0,0.0,0.0,0.0,18473,global,0.0
1,4,lr5e-05_bs16_drop0p4_temp1p0_a0p25_b0p05__wd1e-04trmiss0_degmodglobal,16,5e-05,0.0001,0.4,1.0,0.25,0.05,lr5e-05_bs16_drop0p4_temp1p0_a0p25_b0p05__wd1e-04trmiss0_degmodglobal,34,0.5523312240839005,0.6659688949584961,0.6666666666666667,0.8487093153759822,0.5384615384615384,0.0,0.5334073826670647,0.5241083577275276,0.07165713422000408,0.20617203786969185,0.0,0.0,0.0,0.0,0.0,18473,global,0.0
1,4,lr5e-05_bs16_drop0p4_temp1p0_a0p25_b0p05__wd1e-04trmiss0_degmodglobal,16,5e-05,0.0001,0.4,1.0,0.25,0.05,lr5e-05_bs16_drop0p4_temp1p0_a0p25_b0p05__wd1e-04trmiss0_degmodglobal,35,0.6012077033519745,0.6713927388191223,0.638888888888889,0.8209315375982045,0.5384615384615384,0.0,0.554734617471695,0.5778871923685074,0.05991464713588357,0.1668371930718422,0.0,0.0,0.0,0.0,0.0,18473,global,0.0
1,4,lr5e-05_bs16_drop0p4_temp1p0_a0p25_b0p05__wd1e-04trmiss0_degmodglobal,16,5e-05,0.0001,0.4,1.0,0.25,0.05,lr5e-05_bs16_drop0p4_temp1p0_a0p25_b0p05__wd1e-04trmiss0_degmodglobal,36,0.5505922883749008,0.6711053848266602,0.6666666666666667,0.8487093153759822,0.5384615384615384,0.0,0.553424671292305,0.5253321528434753,0.06776499655097723,0.16637834534049034,0.0,0.0,0.0,0.0,0.0,18473,global,0.0
1,4,lr5e-05_bs16_drop0p4_temp1p0_a0p25_b0p05__wd1e-04trmiss0_degmodglobal,16,5e-05,0.0001,0.4,1.0,0.25,0.05,lr5e-05_bs16_drop0p4_temp1p0_a0p25_b0p05__wd1e-04trmiss0_degmodglobal,37,0.5762931704521179,0.6697144508361816,0.6666666666666667,0.8487093153759822,0.5384615384615384,0.0,0.5263713374733925,0.5427063703536987,0.0839025853201747,0.25222344882786274,0.0,0.0,0.0,0.0,0.0,18473,global,0.0
1,4,lr5e-05_bs16_drop0p4_temp1p0_a0p25_b0p05__wd1e-04trmiss0_degmodglobal,16,5e-05,0.0001,0.4,1.0,0.25,0.05,lr5e-05_bs16_drop0p4_temp1p0_a0p25_b0p05__wd1e-04trmiss0_degmodglobal,38,0.6157819181680679,0.6732689738273621,0.638888888888889,0.8209315375982045,0.5384615384615384,0.0,0.6137164533138275,0.594601646065712,0.056097847409546375,0.14311616122722626,0.0,0.0,0.0,0.0,0.0,18473,global,0.0
1,4,lr5e-05_bs16_drop0p4_temp1p0_a0p25_b0p05__wd1e-04trmiss0_degmodglobal,16,5e-05,0.0001,0.4,1.0,0.25,0.05,lr5e-05_bs16_drop0p4_temp1p0_a0p25_b0p05__wd1e-04trmiss0_degmodglobal,39,0.5567062795162201,0.6720408201217651,0.6111111111111112,0.7838945005611673,0.5384615384615384,0.0,0.5255649238824844,0.5238598436117172,0.08341194782406092,0.2398689892143011,0.0,0.0,0.0,0.0,0.0,18473,global,0.0
1,4,lr5e-05_bs16_drop0p4_temp1p0_a0p25_b0p05__wd1e-04trmiss0_degmodglobal,16,5e-05,0.0001,0.4,1.0,0.25,0.05,lr5e-05_bs16_drop0p4_temp1p0_a0p25_b0p05__wd1e-04trmiss0_degmodglobal,40,0.56002376973629,0.6728141903877258,0.6111111111111112,0.7838945005611673,0.5384615384615384,0.0,0.5231451392173767,0.5360101759433746,0.06693681981414557,0.14558787643909454,0.0,0.0,0.0,0.0,0.0,18473,global,0.0
1,4,lr5e-05_bs16_drop0p4_temp1p0_a0p25_b0p05__wd1e-04trmiss0_degmodglobal,16,5e-05,0.0001,0.4,1.0,0.25,0.05,lr5e-05_bs16_drop0p4_temp1p0_a0p25_b0p05__wd1e-04trmiss0_degmodglobal,41,0.5964925736188889,0.6749632954597473,0.6111111111111112,0.7838945005611673,0.5384615384615384,0.0,0.5963059663772583,0.5764816403388977,0.053769650869071484,0.13137052953243256,0.0,0.0,0.0,0.0,0.0,18473,global,0.0
1,4,lr5e-05_bs16_drop0p4_temp1p0_a0p25_b0p05__wd1e-04trmiss0_degmodglobal,16,5e-05,0.0001,0.4,1.0,0.25,0.05,lr5e-05_bs16_drop0p4_temp1p0_a0p25_b0p05__wd1e-04trmiss0_degmodglobal,42,0.588215097784996,0.6722881197929382,0.6111111111111112,0.7838945005611673,0.5384615384615384,0.0,0.5453709214925766,0.5650248676538467,0.05861811526119709,0.17071380093693733,0.0,0.0,0.0,0.0,0.0,18473,global,0.0
1,4,lr5e-05_bs16_drop0p4_temp1p0_a0p25_b0p05__wd1e-04trmiss0_degmodglobal,16,5e-05,0.0001,0.4,1.0,0.25,0.05,lr5e-05_bs16_drop0p4_temp1p0_a0p25_b0p05__wd1e-04trmiss0_degmodglobal,43,0.5832792520523071,0.6755291223526001,0.638888888888889,0.8209315375982045,0.5384615384615384,0.0,0.5357886701822281,0.5496186017990112,0.0839427262544632,0.25349926576018333,0.0,0.0,0.0,0.0,0.0,18473,global,0.0
1,4,lr5e-05_bs16_drop0p4_temp1p0_a0p25_b0p05__wd1e-04trmiss0_degmodglobal,16,5e-05,0.0001,0.4,1.0,0.25,0.05,lr5e-05_bs16_drop0p4_temp1p0_a0p25_b0p05__wd1e-04trmiss0_degmodglobal,44,0.5722311437129974,0.6715646386146545,0.638888888888889,0.8209315375982045,0.5384615384615384,0.0,0.5482086688280106,0.5502213686704636,0.055920638144016266,0.16059283539652824,0.0,0.0,0.0,0.0,0.0,18473,global,0.0
1,4,lr5e-05_bs16_drop0p4_temp1p0_a0p25_b0p05__wd1e-04trmiss0_degmodglobal,16,5e-05,0.0001,0.4,1.0,0.25,0.05,lr5e-05_bs16_drop0p4_temp1p0_a0p25_b0p05__wd1e-04trmiss0_degmodglobal,45,0.551183670759201,0.6667885780334473,0.6111111111111112,0.8077040243706912,0.6153846153846154,0.0,0.5058148205280304,0.5267166793346405,0.06321550067514181,0.17326251044869423,0.0,0.0,0.0,0.0,0.0,18473,global,0.0
1,4,lr5e-05_bs16_drop0p4_temp1p0_a0p25_b0p05__wd1e-04trmiss0_degmodglobal,16,5e-05,0.0001,0.4,1.0,0.25,0.05,lr5e-05_bs16_drop0p4_temp1p0_a0p25_b0p05__wd1e-04trmiss0_degmodglobal,46,0.5635053068399429,0.667887806892395,0.6388888888888888,0.8354818021484689,0.6153846153846154,0.0,0.5039666146039963,0.5431181043386459,0.05002076365053654,0.15764034539461136,0.0,0.0,0.0,0.0,0.0,18473,global,0.0
1,4,lr5e-05_bs16_drop0p4_temp1p0_a0p25_b0p05__wd1e-04trmiss0_degmodglobal,16,5e-05,0.0001,0.4,1.0,0.25,0.05,lr5e-05_bs16_drop0p4_temp1p0_a0p25_b0p05__wd1e-04trmiss0_degmodglobal,47,0.541393905878067,0.6683226823806763,0.6388888888888888,0.8354818021484689,0.5384615384615384,0.0,0.5271077454090118,0.518609456717968,0.0606469688937068,0.15245410799980164,0.0,0.0,0.0,0.0,0.0,18473,global,0.0
1,4,lr5e-05_bs16_drop0p4_temp1p0_a0p25_b0p05__wd1e-04trmiss0_degmodglobal,16,5e-05,0.0001,0.4,1.0,0.25,0.05,lr5e-05_bs16_drop0p4_temp1p0_a0p25_b0p05__wd1e-04trmiss0_degmodglobal,48,0.5695683658123016,0.6710296273231506,0.6111111111111112,0.8077040243706912,0.5384615384615384,0.0,0.5619644150137901,0.5358643382787704,0.09009279031306505,0.22361639235168695,0.0,0.0,0.0,0.0,0.0,18473,global,0.0
1,4,lr5e-05_bs16_drop0p4_temp1p0_a0p25_b0p05__wd1e-04trmiss0_degmodglobal,16,5e-05,0.0001,0.4,1.0,0.25,0.05,lr5e-05_bs16_drop0p4_temp1p0_a0p25_b0p05__wd1e-04trmiss0_degmodglobal,49,0.5400848239660263,0.6667446494102478,0.6666666666666667,0.8487093153759822,0.5384615384615384,0.0,0.5000503361225128,0.5164353176951408,0.06330018490552902,0.15648918133229017,0.0,0.0,0.0,0.0,0.0,18473,global,0.0
1,4,lr5e-05_bs16_drop0p4_temp1p0_a0p25_b0p05__wd1e-04trmiss0_degmodglobal,16,5e-05,0.0001,0.4,1.0,0.25,0.05,lr5e-05_bs16_drop0p4_temp1p0_a0p25_b0p05__wd1e-04trmiss0_degmodglobal,50,0.550403967499733,0.6675265431404114,0.6111111111111112,0.8077040243706912,0.6153846153846154,0.0,0.4878998249769211,0.508954755961895,0.1103244386613369,0.27736202999949455,0.0,0.0,0.0,0.0,0.0,18473,global,0.0
1,4,lr5e-05_bs16_drop0p4_temp1p0_a0p25_b0p05__wd1e-04trmiss0_degmodglobal,16,5e-05,0.0001,0.4,1.0,0.25,0.05,lr5e-05_bs16_drop0p4_temp1p0_a0p25_b0p05__wd1e-04trmiss0_degmodglobal,51,0.5481087416410446,0.6682206988334656,0.638888888888889,0.8209315375982045,0.6153846153846154,0.0,0.5364397317171097,0.5118736103177071,0.09038766473531723,0.27276450023055077,0.0,0.0,0.0,0.0,0.0,18473,global,0.0
1,4,lr5e-05_bs16_drop0p4_temp1p0_a0p25_b0p05__wd1e-04trmiss0_degmodglobal,16,5e-05,0.0001,0.4,1.0,0.25,0.05,lr5e-05_bs16_drop0p4_temp1p0_a0p25_b0p05__wd1e-04trmiss0_degmodglobal,52,0.5754596590995789,0.6738874316215515,0.638888888888889,0.8209315375982045,0.5384615384615384,0.0,0.5504566878080368,0.5451751947402954,0.07585088536143303,0.22643515095114708,0.0,0.0,0.0,0.0,0.0,18473,global,0.0
1,4,lr5e-05_bs16_drop0p4_temp1p0_a0p25_b0p05__wd1e-04trmiss0_degmodglobal,16,5e-05,0.0001,0.4,1.0,0.25,0.05,lr5e-05_bs16_drop0p4_temp1p0_a0p25_b0p05__wd1e-04trmiss0_degmodglobal,53,0.5504641979932785,0.6712493896484375,0.6111111111111112,0.8077040243706912,0.5384615384615384,0.0,0.5169955268502235,0.5238543152809143,0.06831151526421309,0.19064021110534668,0.0,0.0,0.0,0.0,0.0,18473,global,0.0
1,4,lr5e-05_bs16_drop0p4_temp2p0_a0p25_b0p05__wd1e-04trmiss0_degmodglobal,16,5e-05,0.0001,0.4,2.0,0.25,0.05,lr5e-05_bs16_drop0p4_temp2p0_a0p25_b0p05__wd1e-04trmiss0_degmodglobal,1,0.82162044942379,0.7170628309249878,0.5277777777777778,0.8044363044363045,0.46153846153846156,0.0,0.6915461868047714,0.788131058216095,0.06448941305279732,0.3473408855497837,0.0,0.0,0.0,0.0,0.0,18473,global,0.0
1,4,lr5e-05_bs16_drop0p4_temp2p0_a0p25_b0p05__wd1e-04trmiss0_degmodglobal,16,5e-05,0.0001,0.4,2.0,0.25,0.05,lr5e-05_bs16_drop0p4_temp2p0_a0p25_b0p05__wd1e-04trmiss0_degmodglobal,2,0.7859477251768112,0.7171562314033508,0.49999999999999994,0.7945156695156697,0.5384615384615384,0.0,0.6891749501228333,0.7474515736103058,0.07964601833373308,0.37169261276721954,0.0,0.0,0.0,0.0,0.0,18473,global,0.0
1,4,lr5e-05_bs16_drop0p4_temp2p0_a0p25_b0p05__wd1e-04trmiss0_degmodglobal,16,5e-05,0.0001,0.4,2.0,0.25,0.05,lr5e-05_bs16_drop0p4_temp2p0_a0p25_b0p05__wd1e-04trmiss0_degmodglobal,3,0.8207846581935883,0.7176098227500916,0.4722222222222222,0.7797008547008548,0.46153846153846156,0.0,0.6561979800462723,0.7831659913063049,0.07871596235781908,0.3587932512164116,0.0,0.0,0.0,0.0,0.0,18473,global,0.0
1,4,lr5e-05_bs16_drop0p4_temp2p0_a0p25_b0p05__wd1e-04trmiss0_degmodglobal,16,5e-05,0.0001,0.4,2.0,0.25,0.05,lr5e-05_bs16_drop0p4_temp2p0_a0p25_b0p05__wd1e-04trmiss0_degmodglobal,4,0.8208189159631729,0.7225751280784607,0.4722222222222222,0.7586570836570836,0.46153846153846156,0.0,0.6437286287546158,0.7739959955215454,0.09561749920248985,0.4583713710308075,0.0,0.0,0.0,0.0,0.0,18473,global,0.0
1,4,lr5e-05_bs16_drop0p4_temp2p0_a0p25_b0p05__wd1e-04trmiss0_degmodglobal,16,5e-05,0.0001,0.4,2.0,0.25,0.05,lr5e-05_bs16_drop0p4_temp2p0_a0p25_b0p05__wd1e-04trmiss0_degmodglobal,5,0.7783056348562241,0.7291025519371033,0.4722222222222222,0.7797008547008548,0.38461538461538464,0.0,0.6473391652107239,0.7382770031690598,0.08479691669344902,0.37658800929784775,0.0,0.0,0.0,0.0,0.0,18473,global,0.0
1,4,lr5e-05_bs16_drop0p4_temp2p0_a0p25_b0p05__wd1e-04trmiss0_degmodglobal,16,5e-05,0.0001,0.4,2.0,0.25,0.05,lr5e-05_bs16_drop0p4_temp2p0_a0p25_b0p05__wd1e-04trmiss0_degmodglobal,6,0.7379333227872849,0.729132890701294,0.5,0.7864348614348615,0.38461538461538464,0.0,0.6257484704256058,0.6983985304832458,0.08273404650390148,0.37702567130327225,0.0,0.0,0.0,0.0,0.0,18473,global,0.0
1,4,lr5e-05_bs16_drop0p4_temp2p0_a0p25_b0p05__wd1e-04trmiss0_degmodglobal,16,5e-05,0.0001,0.4,2.0,0.25,0.05,lr5e-05_bs16_drop0p4_temp2p0_a0p25_b0p05__wd1e-04trmiss0_degmodglobal,7,0.731451153755188,0.7303979396820068,0.4722222222222222,0.7586570836570836,0.38461538461538464,0.0,0.6531876921653748,0.6937603652477264,0.07237248495221138,0.39195311069488525,0.0,0.0,0.0,0.0,0.0,18473,global,0.0
1,4,lr5e-05_bs16_drop0p4_temp2p0_a0p25_b0p05__wd1e-04trmiss0_degmodglobal,16,5e-05,0.0001,0.4,2.0,0.25,0.05,lr5e-05_bs16_drop0p4_temp2p0_a0p25_b0p05__wd1e-04trmiss0_degmodglobal,8,0.7402604222297668,0.7310711145401001,0.4722222222222222,0.7586570836570836,0.38461538461538464,0.0,0.6084975749254227,0.6955145746469498,0.09523198939859867,0.41875677555799484,0.0,0.0,0.0,0.0,0.0,18473,global,0.0
1,4,lr5e-05_bs16_drop0p4_temp2p0_a0p25_b0p05__wd1e-04trmiss0_degmodglobal,16,5e-05,0.0001,0.4,2.0,0.25,0.05,lr5e-05_bs16_drop0p4_temp2p0_a0p25_b0p05__wd1e-04trmiss0_degmodglobal,9,0.7375392764806747,0.7322303056716919,0.5,0.7685777185777187,0.38461538461538464,0.0,0.5912666320800781,0.6938692629337311,0.09045729227364063,0.42111393064260483,0.0,0.0,0.0,0.0,0.0,18473,global,0.0
1,4,lr5e-05_bs16_drop0p4_temp2p0_a0p25_b0p05__wd1e-04trmiss0_degmodglobal,16,5e-05,0.0001,0.4,2.0,0.25,0.05,lr5e-05_bs16_drop0p4_temp2p0_a0p25_b0p05__wd1e-04trmiss0_degmodglobal,10,0.673368901014328,0.731158435344696,0.4722222222222222,0.7640322640322641,0.38461538461538464,0.0,0.6062978506088257,0.6424075216054916,0.06572432443499565,0.2906061075627804,0.0,0.0,0.0,0.0,0.0,18473,global,0.0
1,4,lr5e-05_bs16_drop0p4_temp2p0_a0p25_b0p05__wd1e-04trmiss0_degmodglobal,16,5e-05,0.0001,0.4,2.0,0.25,0.05,lr5e-05_bs16_drop0p4_temp2p0_a0p25_b0p05__wd1e-04trmiss0_degmodglobal,11,0.7197473645210266,0.7306163311004639,0.4722222222222222,0.7544363044363045,0.38461538461538464,0.0,0.6245890855789185,0.6653485894203186,0.11638842523097992,0.5060335844755173,0.0,0.0,0.0,0.0,0.0,18473,global,0.0
1,4,lr5e-05_bs16_drop0p4_temp2p0_a0p25_b0p05__wd1e-04trmiss0_degmodglobal,16,5e-05,0.0001,0.4,2.0,0.25,0.05,lr5e-05_bs16_drop0p4_temp2p0_a0p25_b0p05__wd1e-04trmiss0_degmodglobal,12,0.7406198382377625,0.7293618321418762,0.49999999999999994,0.7611703111703112,0.38461538461538464,0.0,0.5718180388212204,0.6978179514408112,0.08735820092260838,0.41924694180488586,0.0,0.0,0.0,0.0,0.0,18473,global,0.0
1,4,lr5e-05_bs16_drop0p4_temp2p0_a0p25_b0p05__wd1e-04trmiss0_degmodglobal,16,5e-05,0.0001,0.4,2.0,0.25,0.05,lr5e-05_bs16_drop0p4_temp2p0_a0p25_b0p05__wd1e-04trmiss0_degmodglobal,13,0.7518023699522018,0.733637273311615,0.4444444444444444,0.7473655973655975,0.38461538461538464,0.0,0.584227129817009,0.7127466201782227,0.08372790087014437,0.3624752089381218,0.0,0.0,0.0,0.0,0.0,18473,global,0.0
1,4,lr5e-05_bs16_drop0p4_temp2p0_a0p25_b0p05__wd1e-04trmiss0_degmodglobal,16,5e-05,0.0001,0.4,2.0,0.25,0.05,lr5e-05_bs16_drop0p4_temp2p0_a0p25_b0p05__wd1e-04trmiss0_degmodglobal,14,0.7217275351285934,0.733988881111145,0.4722222222222222,0.7640322640322641,0.38461538461538464,0.0,0.5757527500391006,0.6779293715953827,0.09662634320557117,0.3928317576646805,0.0,0.0,0.0,0.0,0.0,18473,global,0.0
1,4,lr5e-05_bs16_drop0p4_temp2p0_a0p25_b0p05__wd1e-04trmiss0_degmodglobal,16,5e-05,0.0001,0.4,2.0,0.25,0.05,lr5e-05_bs16_drop0p4_temp2p0_a0p25_b0p05__wd1e-04trmiss0_degmodglobal,15,0.7034906446933746,0.7346352934837341,0.4722222222222222,0.7640322640322641,0.38461538461538464,0.0,0.5886863023042679,0.660158321261406,0.09408108331263065,0.39624087512493134,0.0,0.0,0.0,0.0,0.0,18473,global,0.0
1,4,lr5e-05_bs16_drop0p4_temp2p0_a0p25_b0p05__wd1e-04trmiss0_degmodglobal,16,5e-05,0.0001,0.4,2.0,0.25,0.05,lr5e-05_bs16_drop0p4_temp2p0_a0p25_b0p05__wd1e-04trmiss0_degmodglobal,16,0.7213912010192871,0.7363013029098511,0.4722222222222222,0.761843711843712,0.38461538461538464,0.0,0.5845178067684174,0.676006406545639,0.09794737584888935,0.41795898228883743,0.0,0.0,0.0,0.0,0.0,18473,global,0.0
1,4,lr5e-05_bs16_drop0p4_temp2p0_a0p25_b0p05__wd1e-04trmiss0_degmodglobal,16,5e-05,0.0001,0.4,2.0,0.25,0.05,lr5e-05_bs16_drop0p4_temp2p0_a0p25_b0p05__wd1e-04trmiss0_degmodglobal,17,0.6892296969890594,0.7336521148681641,0.5277777777777778,0.7778369778369778,0.38461538461538464,0.0,0.588991716504097,0.6461618393659592,0.09219364635646343,0.40038929879665375,0.0,0.0,0.0,0.0,0.0,18473,global,0.0
1,4,lr5e-05_bs16_drop0p4_temp2p0_a0p25_b0p05__wd1e-04trmiss0_degmodglobal,16,5e-05,0.0001,0.4,2.0,0.25,0.05,lr5e-05_bs16_drop0p4_temp2p0_a0p25_b0p05__wd1e-04trmiss0_degmodglobal,18,0.7247297912836075,0.729570209980011,0.5277777777777778,0.7778369778369778,0.38461538461538464,0.0,0.5554457977414131,0.6792634576559067,0.09354854933917522,0.4415840655565262,0.0,0.0,0.0,0.0,0.0,18473,global,0.0
1,4,lr5e-05_bs16_drop0p4_temp2p0_a0p25_b0p05__wd1e-04trmiss0_degmodglobal,16,5e-05,0.0001,0.4,2.0,0.25,0.05,lr5e-05_bs16_drop0p4_temp2p0_a0p25_b0p05__wd1e-04trmiss0_degmodglobal,19,0.7241794914007187,0.7292096614837646,0.5277777777777778,0.7778369778369778,0.38461538461538464,0.0,0.5795293003320694,0.6812979578971863,0.08679612725973129,0.42364952713251114,0.0,0.0,0.0,0.0,0.0,18473,global,0.0
1,4,lr5e-05_bs16_drop0p4_temp2p0_a0p25_b0p05__wd1e-04trmiss0_degmodglobal,16,5e-05,0.0001,0.4,2.0,0.25,0.05,lr5e-05_bs16_drop0p4_temp2p0_a0p25_b0p05__wd1e-04trmiss0_degmodglobal,20,0.7260221987962723,0.7255421876907349,0.5555555555555555,0.8056147556147557,0.38461538461538464,0.0,0.5628916919231415,0.6684318482875824,0.11551681719720364,0.5742229968309402,0.0,0.0,0.0,0.0,0.0,18473,global,0.0
1,4,lr5e-05_bs16_drop0p4_temp2p0_a0p25_b0p05__wd1e-04trmiss0_degmodglobal,16,5e-05,0.0001,0.4,2.0,0.25,0.05,lr5e-05_bs16_drop0p4_temp2p0_a0p25_b0p05__wd1e-04trmiss0_degmodglobal,21,0.7048776298761368,0.7304418087005615,0.5555555555555555,0.8056147556147557,0.38461538461538464,0.0,0.5450514778494835,0.6547034084796906,0.11357666924595833,0.43560119718313217,0.0,0.0,0.0,0.0,0.0,18473,global,0.0
1,4,lr5e-05_bs16_drop0p4_temp2p0_a0p25_b0p05__wd1e-04trmiss0_degmodglobal,16,5e-05,0.0001,0.4,2.0,0.25,0.05,lr5e-05_bs16_drop0p4_temp2p0_a0p25_b0p05__wd1e-04trmiss0_degmodglobal,22,0.7050280719995499,0.7295161485671997,0.5277777777777778,0.7778369778369778,0.46153846153846156,0.0,0.5588779151439667,0.6596253961324692,0.105506906285882,0.3805193603038788,0.0,0.0,0.0,0.0,0.0,18473,global,0.0
1,4,lr5e-05_bs16_drop0p4_temp2p0_a0p25_b0p05__wd1e-04trmiss0_degmodglobal,16,5e-05,0.0001,0.4,2.0,0.25,0.05,lr5e-05_bs16_drop0p4_temp2p0_a0p25_b0p05__wd1e-04trmiss0_degmodglobal,23,0.7142996042966843,0.7261379361152649,0.5277777777777778,0.7778369778369778,0.46153846153846156,0.0,0.5816672593355179,0.6580792963504791,0.1159738190472126,0.544537179172039,0.0,0.0,0.0,0.0,0.0,18473,global,0.0
1,4,lr5e-05_bs16_drop0p4_temp2p0_a0p25_b0p05__wd1e-04trmiss0_degmodglobal,16,5e-05,0.0001,0.4,2.0,0.25,0.05,lr5e-05_bs16_drop0p4_temp2p0_a0p25_b0p05__wd1e-04trmiss0_degmodglobal,24,0.6702621281147003,0.7257096767425537,0.5555555555555556,0.7778930945597613,0.46153846153846156,0.0,0.5635048598051071,0.6219381839036942,0.10306787304580212,0.4511394053697586,0.0,0.0,0.0,0.0,0.0,18473,global,0.0
1,4,lr5e-05_bs16_drop0p4_temp2p0_a0p25_b0p05__wd1e-04trmiss0_degmodglobal,16,5e-05,0.0001,0.4,2.0,0.25,0.05,lr5e-05_bs16_drop0p4_temp2p0_a0p25_b0p05__wd1e-04trmiss0_degmodglobal,25,0.7651583552360535,0.72894287109375,0.5555555555555556,0.7778930945597613,0.46153846153846156,0.0,0.5581810921430588,0.7118709087371826,0.1070424783974886,0.5305369645357132,0.0,0.0,0.0,0.0,0.0,18473,global,0.0
1,4,lr5e-05_bs16_drop0p4_temp2p0_a0p25_b0p05__wd1e-04trmiss0_degmodglobal,16,5e-05,0.0001,0.4,2.0,0.25,0.05,lr5e-05_bs16_drop0p4_temp2p0_a0p25_b0p05__wd1e-04trmiss0_degmodglobal,26,0.7105065733194351,0.7307946681976318,0.5277777777777777,0.7698122864789532,0.46153846153846156,0.0,0.5591480284929276,0.6597640961408615,0.11329451948404312,0.44837693125009537,0.0,0.0,0.0,0.0,0.0,18473,global,0.0
1,4,lr5e-05_bs16_drop0p4_temp2p0_a0p25_b0p05__wd1e-04trmiss0_degmodglobal,16,5e-05,0.0001,0.4,2.0,0.25,0.05,lr5e-05_bs16_drop0p4_temp2p0_a0p25_b0p05__wd1e-04trmiss0_degmodglobal,27,0.7075825482606888,0.7306269407272339,0.5277777777777777,0.7698122864789532,0.46153846153846156,0.0,0.5300536155700684,0.6509864926338196,0.12162001430988312,0.5238209590315819,0.0,0.0,0.0,0.0,0.0,18473,global,0.0
1,4,lr5e-05_bs16_drop0p4_temp2p0_a0p25_b0p05__wd1e-04trmiss0_degmodglobal,16,5e-05,0.0001,0.4,2.0,0.25,0.05,lr5e-05_bs16_drop0p4_temp2p0_a0p25_b0p05__wd1e-04trmiss0_degmodglobal,28,0.6838196516036987,0.7256841659545898,0.5555555555555556,0.7778930945597613,0.46153846153846156,0.0,0.6011458337306976,0.6339237987995148,0.11100156791508198,0.44290969520807266,0.0,0.0,0.0,0.0,0.0,18473,global,0.0
1,4,lr5e-05_bs16_drop0p4_temp2p0_a0p25_b0p05__wd1e-04trmiss0_degmodglobal,16,5e-05,0.0001,0.4,2.0,0.25,0.05,lr5e-05_bs16_drop0p4_temp2p0_a0p25_b0p05__wd1e-04trmiss0_degmodglobal,29,0.7280343770980835,0.7318702340126038,0.5555555555555556,0.7778930945597613,0.46153846153846156,0.0,0.5642063617706299,0.679380401968956,0.10621112585067749,0.44202425330877304,0.0,0.0,0.0,0.0,0.0,18473,global,0.0
1,4,lr5e-05_bs16_drop0p4_temp2p0_a0p25_b0p05__wd1e-04trmiss0_degmodglobal,16,5e-05,0.0001,0.4,2.0,0.25,0.05,lr5e-05_bs16_drop0p4_temp2p0_a0p25_b0p05__wd1e-04trmiss0_degmodglobal,30,0.693318322300911,0.7238023281097412,0.5833333333333334,0.7945597612264279,0.46153846153846156,0.0,0.5787213146686554,0.6486167758703232,0.09934250824153423,0.39731835946440697,0.0,0.0,0.0,0.0,0.0,18473,global,0.0
1,4,lr5e-05_bs16_drop0p4_temp2p0_a0p25_b0p05__wd1e-04trmiss0_degmodglobal,16,5e-05,0.0001,0.4,2.0,0.25,0.05,lr5e-05_bs16_drop0p4_temp2p0_a0p25_b0p05__wd1e-04trmiss0_degmodglobal,31,0.6793785095214844,0.7234845757484436,0.5833333333333334,0.7945597612264279,0.46153846153846156,0.0,0.5772695243358612,0.6287840455770493,0.10676923394203186,0.4780428484082222,0.0,0.0,0.0,0.0,0.0,18473,global,0.0
1,4,lr5e-05_bs16_drop0p4_temp2p0_a0p25_b0p05__wd1e-04trmiss0_degmodglobal,16,5e-05,0.0001,0.4,2.0,0.25,0.05,lr5e-05_bs16_drop0p4_temp2p0_a0p25_b0p05__wd1e-04trmiss0_degmodglobal,32,0.6722948551177979,0.7290112972259521,0.5555555555555556,0.7778930945597613,0.46153846153846156,0.0,0.5632088482379913,0.6319224387407303,0.08422680199146271,0.3863144591450691,0.0,0.0,0.0,0.0,0.0,18473,global,0.0
1,4,lr5e-05_bs16_drop0p4_temp2p0_a0p25_b0p05__wd1e-04trmiss0_degmodglobal,16,5e-05,0.0001,0.4,2.0,0.25,0.05,lr5e-05_bs16_drop0p4_temp2p0_a0p25_b0p05__wd1e-04trmiss0_degmodglobal,33,0.7242182493209839,0.7325200438499451,0.5555555555555556,0.7778930945597613,0.46153846153846156,0.0,0.5718337893486023,0.676228478550911,0.10526931285858154,0.43344898521900177,0.0,0.0,0.0,0.0,0.0,18473,global,0.0
1,4,lr5e-05_bs16_drop0p4_temp2p0_a0p25_b0p05__wd1e-04trmiss0_degmodglobal,16,5e-05,0.0001,0.4,2.0,0.25,0.05,lr5e-05_bs16_drop0p4_temp2p0_a0p25_b0p05__wd1e-04trmiss0_degmodglobal,34,0.6848875135183334,0.7319936752319336,0.5277777777777777,0.7698122864789532,0.46153846153846156,0.0,0.5389567166566849,0.6284985393285751,0.12460880726575851,0.5047351717948914,0.0,0.0,0.0,0.0,0.0,18473,global,0.0
1,4,lr5e-05_bs16_drop0p4_temp2p0_a0p25_b0p05__wd1e-04trmiss0_degmodglobal,16,5e-05,0.0001,0.4,2.0,0.25,0.05,lr5e-05_bs16_drop0p4_temp2p0_a0p25_b0p05__wd1e-04trmiss0_degmodglobal,35,0.6406217515468597,0.7322778701782227,0.5277777777777777,0.7698122864789532,0.38461538461538464,0.0,0.5505395382642746,0.5892224386334419,0.1124729085713625,0.4656215235590935,0.0,0.0,0.0,0.0,0.0,18473,global,0.0
1,4,lr5e-05_bs16_drop0p4_temp2p0_a0p25_b0p05__wd1e-04trmiss0_degmodglobal,16,5e-05,0.0001,0.4,2.0,0.25,0.05,lr5e-05_bs16_drop0p4_temp2p0_a0p25_b0p05__wd1e-04trmiss0_degmodglobal,36,0.7127238214015961,0.7369651794433594,0.5277777777777778,0.7797449464116131,0.38461538461538464,0.0,0.5620203912258148,0.6639796793460846,0.10086451657116413,0.4705599918961525,0.0,0.0,0.0,0.0,0.0,18473,global,0.0
1,4,lr5e-05_bs16_drop0p4_temp2p0_a0p25_b0p05__wd1e-04trmiss0_degmodglobal,16,5e-05,0.0001,0.4,2.0,0.25,0.05,lr5e-05_bs16_drop0p4_temp2p0_a0p25_b0p05__wd1e-04trmiss0_degmodglobal,37,0.6892873197793961,0.7339170575141907,0.5555555555555556,0.7945597612264279,0.46153846153846156,0.0,0.5402413308620453,0.632420003414154,0.11717056296765804,0.5514931082725525,0.0,0.0,0.0,0.0,0.0,18473,global,0.0
1,4,lr5e-05_bs16_drop0p4_temp2p0_a0p25_b0p05__wd1e-04trmiss0_degmodglobal,16,5e-05,0.0001,0.4,2.0,0.25,0.05,lr5e-05_bs16_drop0p4_temp2p0_a0p25_b0p05__wd1e-04trmiss0_degmodglobal,38,0.6895061433315277,0.7346780300140381,0.5555555555555556,0.7945597612264279,0.38461538461538464,0.0,0.5471631735563278,0.6349144876003265,0.11226417496800423,0.5305120795965195,0.0,0.0,0.0,0.0,0.0,18473,global,0.0
1,4,lr5e-05_bs16_drop0p4_temp2p0_a0p25_b0p05__wd1e-04trmiss0_degmodglobal,16,5e-05,0.0001,0.4,2.0,0.25,0.05,lr5e-05_bs16_drop0p4_temp2p0_a0p25_b0p05__wd1e-04trmiss0_degmodglobal,39,0.6935354620218277,0.7337594032287598,0.5555555555555556,0.7864789531456198,0.38461538461538464,0.0,0.5747945308685303,0.6481316387653351,0.10211938992142677,0.39747919142246246,0.0,0.0,0.0,0.0,0.0,18473,global,0.0
1,4,lr5e-05_bs16_drop0p4_temp2p0_a0p25_b0p05__wd1e-04trmiss0_degmodglobal,16,5e-05,0.0001,0.4,2.0,0.25,0.05,lr5e-05_bs16_drop0p4_temp2p0_a0p25_b0p05__wd1e-04trmiss0_degmodglobal,40,0.7171196341514587,0.7362961173057556,0.5555555555555556,0.7864789531456198,0.38461538461538464,0.0,0.5395103022456169,0.6572796255350113,0.13336903043091297,0.5299549773335457,0.0,0.0,0.0,0.0,0.0,18473,global,0.0
1,4,lr5e-05_bs16_drop0p4_temp2p0_a0p25_b0p05__wd1e-04trmiss0_degmodglobal,16,5e-05,0.0001,0.4,2.0,0.25,0.05,lr5e-05_bs16_drop0p4_temp2p0_a0p25_b0p05__wd1e-04trmiss0_degmodglobal,41,0.6838075667619705,0.7324329018592834,0.5,0.7630782797449465,0.38461538461538464,0.0,0.5565224587917328,0.6341992914676666,0.10575495474040508,0.4633909910917282,0.0,0.0,0.0,0.0,0.0,18473,global,0.0
1,4,lr5e-05_bs16_drop0p4_temp2p0_a0p25_b0p05__wd1e-04trmiss0_degmodglobal,16,5e-05,0.0001,0.4,2.0,0.25,0.05,lr5e-05_bs16_drop0p4_temp2p0_a0p25_b0p05__wd1e-04trmiss0_degmodglobal,42,0.7048084586858749,0.7307462096214294,0.5,0.7630782797449465,0.46153846153846156,0.0,0.5313612222671509,0.6483615785837173,0.12613643147051334,0.4982557147741318,0.0,0.0,0.0,0.0,0.0,18473,global,0.0
1,4,lr5e-05_bs16_drop0p4_temp2p0_a0p25_b0p05__wd1e-04trmiss0_degmodglobal,16,5e-05,0.0001,0.4,2.0,0.25,0.05,lr5e-05_bs16_drop0p4_temp2p0_a0p25_b0p05__wd1e-04trmiss0_degmodglobal,43,0.6893672496080399,0.7309333086013794,0.5277777777777777,0.7698122864789532,0.46153846153846156,0.0,0.5579393059015274,0.635916531085968,0.11148815415799618,0.5115737468004227,0.0,0.0,0.0,0.0,0.0,18473,global,0.0
1,4,lr5e-05_bs16_drop0p4_temp2p0_a0p25_b0p05__wd1e-04trmiss0_degmodglobal,16,5e-05,0.0001,0.4,2.0,0.25,0.05,lr5e-05_bs16_drop0p4_temp2p0_a0p25_b0p05__wd1e-04trmiss0_degmodglobal,44,0.7101510316133499,0.7367762327194214,0.5277777777777778,0.7797449464116131,0.38461538461538464,0.0,0.5563434064388275,0.6637711077928543,0.10756080597639084,0.3897940330207348,0.0,0.0,0.0,0.0,0.0,18473,global,0.0
1,4,lr5e-05_bs16_drop0p4_temp2p0_a0p25_b0p05__wd1e-04trmiss0_degmodglobal,16,5e-05,0.0001,0.4,2.0,0.25,0.05,lr5e-05_bs16_drop0p4_temp2p0_a0p25_b0p05__wd1e-04trmiss0_degmodglobal,45,0.6835393607616425,0.7328400611877441,0.5277777777777777,0.7698122864789532,0.46153846153846156,0.0,0.5664876848459244,0.6360848695039749,0.10454059578478336,0.42638691514730453,0.0,0.0,0.0,0.0,0.0,18473,global,0.0
1,4,lr5e-05_bs16_drop0p4_temp2p0_a0p25_b0p05__wd1e-04trmiss0_degmodglobal,16,5e-05,0.0001,0.4,2.0,0.25,0.05,lr5e-05_bs16_drop0p4_temp2p0_a0p25_b0p05__wd1e-04trmiss0_degmodglobal,46,0.7085676789283752,0.7370637059211731,0.5,0.7630782797449465,0.38461538461538464,0.0,0.5332470163702965,0.6449817568063736,0.14032407477498055,0.5700982064008713,0.0,0.0,0.0,0.0,0.0,18473,global,0.0
1,4,lr5e-05_bs16_drop0p4_temp2p0_a0p25_b0p05__wd1e-04trmiss0_degmodglobal,16,5e-05,0.0001,0.4,2.0,0.25,0.05,lr5e-05_bs16_drop0p4_temp2p0_a0p25_b0p05__wd1e-04trmiss0_degmodglobal,47,0.6830916255712509,0.7340584993362427,0.5277777777777778,0.7797449464116131,0.38461538461538464,0.0,0.5187039822340012,0.6205777674913406,0.13197585754096508,0.5903980061411858,0.0,0.0,0.0,0.0,0.0,18473,global,0.0
1,4,lr5e-05_bs16_drop0p4_temp2p0_a0p25_b0p05__wd1e-04trmiss0_degmodglobal,16,5e-05,0.0001,0.4,2.0,0.25,0.05,lr5e-05_bs16_drop0p4_temp2p0_a0p25_b0p05__wd1e-04trmiss0_degmodglobal,48,0.653618797659874,0.7279915809631348,0.5277777777777777,0.7698122864789532,0.46153846153846156,0.0,0.5370011329650879,0.600810781121254,0.11204431392252445,0.49593858420848846,0.0,0.0,0.0,0.0,0.0,18473,global,0.0
1,4,lr5e-05_bs16_drop0p4_temp2p0_a0p25_b0p05__wd1e-04trmiss0_degmodglobal,16,5e-05,0.0001,0.4,2.0,0.25,0.05,lr5e-05_bs16_drop0p4_temp2p0_a0p25_b0p05__wd1e-04trmiss0_degmodglobal,49,0.7302148789167404,0.7321920394897461,0.5277777777777778,0.7797449464116131,0.38461538461538464,0.0,0.5222537368535995,0.6747980713844299,0.1304764412343502,0.4559538662433624,0.0,0.0,0.0,0.0,0.0,18473,global,0.0
1,4,lr5e-05_bs16_drop0p4_temp2p0_a0p25_b0p05__wd1e-04trmiss0_degmodglobal,16,5e-05,0.0001,0.4,2.0,0.25,0.05,lr5e-05_bs16_drop0p4_temp2p0_a0p25_b0p05__wd1e-04trmiss0_degmodglobal,50,0.7158782929182053,0.7334080934524536,0.5,0.7630782797449465,0.38461538461538464,0.0,0.5382048338651657,0.6605102568864822,0.12220351211726665,0.49634304642677307,0.0,0.0,0.0,0.0,0.0,18473,global,0.0
1,4,lr5e-05_bs16_drop0p4_temp2p0_a0p25_b0p05__wd1e-04trmiss0_degmodglobal,16,5e-05,0.0001,0.4,2.0,0.25,0.05,lr5e-05_bs16_drop0p4_temp2p0_a0p25_b0p05__wd1e-04trmiss0_degmodglobal,51,0.6953968554735184,0.7338199019432068,0.5,0.7630782797449465,0.38461538461538464,0.0,0.506639376282692,0.6304025202989578,0.14601781591773033,0.5697975605726242,0.0,0.0,0.0,0.0,0.0,18473,global,0.0
1,4,lr1e-05_bs16_drop0p2_temp1p0_a0p25_b0p05__wd1e-04trmiss0_degmodglobal,16,1e-05,0.0001,0.2,1.0,0.25,0.05,lr1e-05_bs16_drop0p2_temp1p0_a0p25_b0p05__wd1e-04trmiss0_degmodglobal,1,0.743333712220192,0.7301802039146423,0.16666666666666669,0.5583444333444334,0.23076923076923078,0.0,0.7363166064023972,0.7270354181528091,0.04564932268112898,0.09771900437772274,0.0,0.0,0.0,0.0,0.0,18473,global,0.0
1,4,lr1e-05_bs16_drop0p2_temp1p0_a0p25_b0p05__wd1e-04trmiss0_degmodglobal,16,1e-05,0.0001,0.2,1.0,0.25,0.05,lr1e-05_bs16_drop0p2_temp1p0_a0p25_b0p05__wd1e-04trmiss0_degmodglobal,2,0.7113514095544815,0.734832227230072,0.1111111111111111,0.541369124702458,0.23076923076923078,0.0,0.7291538864374161,0.6951245069503784,0.0430892426520586,0.10909203626215458,0.0,0.0,0.0,0.0,0.0,18473,global,0.0
1,4,lr1e-05_bs16_drop0p2_temp1p0_a0p25_b0p05__wd1e-04trmiss0_degmodglobal,16,1e-05,0.0001,0.2,1.0,0.25,0.05,lr1e-05_bs16_drop0p2_temp1p0_a0p25_b0p05__wd1e-04trmiss0_degmodglobal,3,0.7199961841106415,0.7392780780792236,0.1388888888888889,0.5490851740851741,0.23076923076923078,0.0,0.7203986048698425,0.7006955444812775,0.05056752450764179,0.13317518308758736,0.0,0.0,0.0,0.0,0.0,18473,global,0.0
1,4,lr1e-05_bs16_drop0p2_temp1p0_a0p25_b0p05__wd1e-04trmiss0_degmodglobal,16,1e-05,0.0001,0.2,1.0,0.25,0.05,lr1e-05_bs16_drop0p2_temp1p0_a0p25_b0p05__wd1e-04trmiss0_degmodglobal,4,0.7207314968109131,0.7453427910804749,0.1388888888888889,0.5490851740851741,0.15384615384615385,0.0,0.668714702129364,0.6993733197450638,0.060341231524944305,0.12545752711594105,0.0,0.0,0.0,0.0,0.0,18473,global,0.0
1,4,lr1e-05_bs16_drop0p2_temp1p0_a0p25_b0p05__wd1e-04trmiss0_degmodglobal,16,1e-05,0.0001,0.2,1.0,0.25,0.05,lr1e-05_bs16_drop0p2_temp1p0_a0p25_b0p05__wd1e-04trmiss0_degmodglobal,5,0.7272607386112213,0.7484772205352783,0.1388888888888889,0.5490851740851741,0.15384615384615385,0.0,0.683241605758667,0.7083427906036377,0.048165442422032356,0.1375320553779602,0.0,0.0,0.0,0.0,0.0,18473,global,0.0
1,4,lr1e-05_bs16_drop0p2_temp1p0_a0p25_b0p05__wd1e-04trmiss0_degmodglobal,16,1e-05,0.0001,0.2,1.0,0.25,0.05,lr1e-05_bs16_drop0p2_temp1p0_a0p25_b0p05__wd1e-04trmiss0_degmodglobal,6,0.7087412178516388,0.7535300850868225,0.16666666666666669,0.5583444333444334,0.15384615384615385,0.0,0.6985843926668167,0.6920900195837021,0.047035674564540386,0.0978456400334835,0.0,0.0,0.0,0.0,0.0,18473,global,0.0
1,4,lr1e-05_bs16_drop0p2_temp1p0_a0p25_b0p05__wd1e-04trmiss0_degmodglobal,16,1e-05,0.0001,0.2,1.0,0.25,0.05,lr1e-05_bs16_drop0p2_temp1p0_a0p25_b0p05__wd1e-04trmiss0_degmodglobal,7,0.6846411526203156,0.7590916752815247,0.16666666666666669,0.5583444333444334,0.23076923076923078,0.0,0.6916788667440414,0.6649223566055298,0.05584376025944948,0.11515760375186801,0.0,0.0,0.0,0.0,0.0,18473,global,0.0
1,4,lr1e-05_bs16_drop0p2_temp1p0_a0p25_b0p05__wd1e-04trmiss0_degmodglobal,16,1e-05,0.0001,0.2,1.0,0.25,0.05,lr1e-05_bs16_drop0p2_temp1p0_a0p25_b0p05__wd1e-04trmiss0_degmodglobal,8,0.7142587900161743,0.7588604092597961,0.19444444444444445,0.5768629518629519,0.23076923076923078,0.0,0.7022542804479599,0.6986905485391617,0.0422337525524199,0.10019598342478275,0.0,0.0,0.0,0.0,0.0,18473,global,0.0
1,4,lr1e-05_bs16_drop0p2_temp1p0_a0p25_b0p05__wd1e-04trmiss0_degmodglobal,16,1e-05,0.0001,0.2,1.0,0.25,0.05,lr1e-05_bs16_drop0p2_temp1p0_a0p25_b0p05__wd1e-04trmiss0_degmodglobal,9,0.7008707225322723,0.7623722553253174,0.19444444444444445,0.5768629518629519,0.23076923076923078,0.0,0.6779072135686874,0.6760412007570267,0.06769910734146833,0.1580948904156685,0.0,0.0,0.0,0.0,0.0,18473,global,0.0
1,4,lr1e-05_bs16_drop0p2_temp1p0_a0p25_b0p05__wd1e-04trmiss0_degmodglobal,16,1e-05,0.0001,0.2,1.0,0.25,0.05,lr1e-05_bs16_drop0p2_temp1p0_a0p25_b0p05__wd1e-04trmiss0_degmodglobal,10,0.699253037571907,0.7647690773010254,0.19444444444444445,0.5768629518629519,0.23076923076923078,0.0,0.6726605594158173,0.6784538477659225,0.06257823575288057,0.10309244133532047,0.0,0.0,0.0,0.0,0.0,18473,global,0.0
1,4,lr1e-05_bs16_drop0p2_temp1p0_a0p25_b0p05__wd1e-04trmiss0_degmodglobal,16,1e-05,0.0001,0.2,1.0,0.25,0.05,lr1e-05_bs16_drop0p2_temp1p0_a0p25_b0p05__wd1e-04trmiss0_degmodglobal,11,0.6917152404785156,0.766107439994812,0.19444444444444445,0.5768629518629519,0.3076923076923077,0.0,0.6587827950716019,0.6721269190311432,0.055713205598294735,0.11320062913000584,0.0,0.0,0.0,0.0,0.0,18473,global,0.0
1,4,lr1e-05_bs16_drop0p2_temp1p0_a0p25_b0p05__wd1e-04trmiss0_degmodglobal,16,1e-05,0.0001,0.2,1.0,0.25,0.05,lr1e-05_bs16_drop0p2_temp1p0_a0p25_b0p05__wd1e-04trmiss0_degmodglobal,12,0.6909499019384384,0.7696481943130493,0.2222222222222222,0.5879740629740631,0.3076923076923077,0.0,0.6407611519098282,0.6721525937318802,0.052384293638169765,0.11402460001409054,0.0,0.0,0.0,0.0,0.0,18473,global,0.0
1,4,lr1e-05_bs16_drop0p2_temp1p0_a0p25_b0p05__wd1e-04trmiss0_degmodglobal,16,1e-05,0.0001,0.2,1.0,0.25,0.05,lr1e-05_bs16_drop0p2_temp1p0_a0p25_b0p05__wd1e-04trmiss0_degmodglobal,13,0.6815581768751144,0.7743905186653137,0.2222222222222222,0.5987765321098655,0.3076923076923077,0.0,0.6609456688165665,0.6655119210481644,0.045113188214600086,0.09535910282284021,0.0,0.0,0.0,0.0,0.0,18473,global,0.0
1,4,lr1e-05_bs16_drop0p2_temp1p0_a0p25_b0p05__wd1e-04trmiss0_degmodglobal,16,1e-05,0.0001,0.2,1.0,0.25,0.05,lr1e-05_bs16_drop0p2_temp1p0_a0p25_b0p05__wd1e-04trmiss0_degmodglobal,14,0.6695995330810547,0.7734275460243225,0.2222222222222222,0.6358135691469025,0.3076923076923077,0.0,0.6478383243083954,0.6525978744029999,0.047010672744363546,0.10497977957129478,0.0,0.0,0.0,0.0,0.0,18473,global,0.0
1,4,lr1e-05_bs16_drop0p2_temp1p0_a0p25_b0p05__wd1e-04trmiss0_degmodglobal,16,1e-05,0.0001,0.2,1.0,0.25,0.05,lr1e-05_bs16_drop0p2_temp1p0_a0p25_b0p05__wd1e-04trmiss0_degmodglobal,15,0.6760098189115524,0.7738925814628601,0.25,0.6435296185296187,0.3076923076923077,0.0,0.6386723816394806,0.6527936011552811,0.06681695859879255,0.1302392352372408,0.0,0.0,0.0,0.0,0.0,18473,global,0.0
1,4,lr1e-05_bs16_drop0p2_temp1p0_a0p25_b0p05__wd1e-04trmiss0_degmodglobal,16,1e-05,0.0001,0.2,1.0,0.25,0.05,lr1e-05_bs16_drop0p2_temp1p0_a0p25_b0p05__wd1e-04trmiss0_degmodglobal,16,0.6771863847970963,0.7732830047607422,0.25,0.6435296185296187,0.3076923076923077,0.0,0.646835669875145,0.6597796678543091,0.04704331560060382,0.112917710095644,0.0,0.0,0.0,0.0,0.0,18473,global,0.0
1,4,lr1e-05_bs16_drop0p2_temp1p0_a0p25_b0p05__wd1e-04trmiss0_degmodglobal,16,1e-05,0.0001,0.2,1.0,0.25,0.05,lr1e-05_bs16_drop0p2_temp1p0_a0p25_b0p05__wd1e-04trmiss0_degmodglobal,17,0.7047989070415497,0.7724267840385437,0.2222222222222222,0.6358135691469025,0.23076923076923078,0.0,0.6550870984792709,0.688896432518959,0.0440107025206089,0.09799597784876823,0.0,0.0,0.0,0.0,0.0,18473,global,0.0
1,4,lr1e-05_bs16_drop0p2_temp1p0_a0p25_b0p05__wd1e-04trmiss0_degmodglobal,16,1e-05,0.0001,0.2,1.0,0.25,0.05,lr1e-05_bs16_drop0p2_temp1p0_a0p25_b0p05__wd1e-04trmiss0_degmodglobal,18,0.6854844987392426,0.7743726968765259,0.2222222222222222,0.6358135691469025,0.3076923076923077,0.0,0.6411759257316589,0.6677850037813187,0.05024579539895058,0.10276129096746445,0.0,0.0,0.0,0.0,0.0,18473,global,0.0
1,4,lr1e-05_bs16_drop0p2_temp1p0_a0p25_b0p05__wd1e-04trmiss0_degmodglobal,16,1e-05,0.0001,0.2,1.0,0.25,0.05,lr1e-05_bs16_drop0p2_temp1p0_a0p25_b0p05__wd1e-04trmiss0_degmodglobal,19,0.6739768385887146,0.7737407088279724,0.19444444444444442,0.580258013591347,0.3076923076923077,0.0,0.5943141132593155,0.6540761888027191,0.051139602437615395,0.14231515303254128,0.0,0.0,0.0,0.0,0.0,18473,global,0.0
1,4,lr1e-05_bs16_drop0p2_temp1p0_a0p25_b0p05__wd1e-04trmiss0_degmodglobal,16,1e-05,0.0001,0.2,1.0,0.25,0.05,lr1e-05_bs16_drop0p2_temp1p0_a0p25_b0p05__wd1e-04trmiss0_degmodglobal,20,0.6766858100891113,0.7758185863494873,0.19444444444444442,0.580258013591347,0.23076923076923078,0.0,0.6164990961551666,0.6601676642894745,0.04704878851771355,0.09511925838887691,0.0,0.0,0.0,0.0,0.0,18473,global,0.0
1,4,lr1e-05_bs16_drop0p2_temp1p0_a0p25_b0p05__wd1e-04trmiss0_degmodglobal,16,1e-05,0.0001,0.2,1.0,0.25,0.05,lr1e-05_bs16_drop0p2_temp1p0_a0p25_b0p05__wd1e-04trmiss0_degmodglobal,21,0.6652555018663406,0.7755903601646423,0.19444444444444442,0.580258013591347,0.3076923076923077,0.0,0.6080418676137924,0.647400289773941,0.04766447190195322,0.1187820378690958,0.0,0.0,0.0,0.0,0.0,18473,global,0.0
1,4,lr1e-05_bs16_drop0p2_temp1p0_a0p25_b0p05__wd1e-04trmiss0_degmodglobal,16,1e-05,0.0001,0.2,1.0,0.25,0.05,lr1e-05_bs16_drop0p2_temp1p0_a0p25_b0p05__wd1e-04trmiss0_degmodglobal,22,0.6847171485424042,0.7738492488861084,0.2222222222222222,0.5987765321098655,0.3076923076923077,0.0,0.6006893068552017,0.662841871380806,0.05475364439189434,0.16373710706830025,0.0,0.0,0.0,0.0,0.0,18473,global,0.0
1,4,lr1e-05_bs16_drop0p2_temp1p0_a0p25_b0p05__wd1e-04trmiss0_degmodglobal,16,1e-05,0.0001,0.2,1.0,0.25,0.05,lr1e-05_bs16_drop0p2_temp1p0_a0p25_b0p05__wd1e-04trmiss0_degmodglobal,23,0.6761893332004547,0.7737256288528442,0.2222222222222222,0.5987765321098655,0.3076923076923077,0.0,0.6220082938671112,0.6580013781785965,0.049882033839821815,0.11434869281947613,0.0,0.0,0.0,0.0,0.0,18473,global,0.0
1,4,lr1e-05_bs16_drop0p2_temp1p0_a0p25_b0p05__wd1e-04trmiss0_degmodglobal,16,1e-05,0.0001,0.2,1.0,0.25,0.05,lr1e-05_bs16_drop0p2_temp1p0_a0p25_b0p05__wd1e-04trmiss0_degmodglobal,24,0.6887962967157364,0.7692843675613403,0.2222222222222222,0.5987765321098655,0.3076923076923077,0.0,0.6198337376117706,0.6697140485048294,0.05143528804183006,0.12446816451847553,0.0,0.0,0.0,0.0,0.0,18473,global,0.0
1,4,lr1e-05_bs16_drop0p2_temp1p0_a0p25_b0p05__wd1e-04trmiss0_degmodglobal,16,1e-05,0.0001,0.2,1.0,0.25,0.05,lr1e-05_bs16_drop0p2_temp1p0_a0p25_b0p05__wd1e-04trmiss0_degmodglobal,25,0.6633480936288834,0.7721502184867859,0.2222222222222222,0.5987765321098655,0.3076923076923077,0.0,0.6008489578962326,0.6408556997776031,0.05965975672006607,0.1515493169426918,0.0,0.0,0.0,0.0,0.0,18473,global,0.0
1,4,lr1e-05_bs16_drop0p2_temp1p0_a0p25_b0p05__wd1e-04trmiss0_degmodglobal,16,1e-05,0.0001,0.2,1.0,0.25,0.05,lr1e-05_bs16_drop0p2_temp1p0_a0p25_b0p05__wd1e-04trmiss0_degmodglobal,26,0.7164858728647232,0.7756895422935486,0.2222222222222222,0.5987765321098655,0.3076923076923077,0.0,0.6058102548122406,0.6959709972143173,0.051469432190060616,0.15295081585645676,0.0,0.0,0.0,0.0,0.0,18473,global,0.0
1,4,lr1e-05_bs16_drop0p2_temp1p0_a0p25_b0p05__wd1e-04trmiss0_degmodglobal,16,1e-05,0.0001,0.2,1.0,0.25,0.05,lr1e-05_bs16_drop0p2_temp1p0_a0p25_b0p05__wd1e-04trmiss0_degmodglobal,27,0.6896210461854935,0.7760608792304993,0.24999999999999997,0.6098876432209765,0.38461538461538464,0.0,0.6443170756101608,0.6691558063030243,0.05757099576294422,0.12144998461008072,0.0,0.0,0.0,0.0,0.0,18473,global,0.0
1,4,lr1e-05_bs16_drop0p2_temp1p0_a0p25_b0p05__wd1e-04trmiss0_degmodglobal,16,1e-05,0.0001,0.2,1.0,0.25,0.05,lr1e-05_bs16_drop0p2_temp1p0_a0p25_b0p05__wd1e-04trmiss0_degmodglobal,28,0.6709796041250229,0.7739732265472412,0.24999999999999997,0.6098876432209765,0.3076923076923077,0.0,0.5888058990240097,0.6497584581375122,0.05709163844585419,0.13896457478404045,0.0,0.0,0.0,0.0,0.0,18473,global,0.0
1,4,lr1e-05_bs16_drop0p2_temp1p0_a0p25_b0p05__wd1e-04trmiss0_degmodglobal,16,1e-05,0.0001,0.2,1.0,0.25,0.05,lr1e-05_bs16_drop0p2_temp1p0_a0p25_b0p05__wd1e-04trmiss0_degmodglobal,29,0.6981034278869629,0.7732973098754883,0.24999999999999997,0.6098876432209765,0.3076923076923077,0.0,0.627253919839859,0.6762847900390625,0.06387309171259403,0.11700746603310108,0.0,0.0,0.0,0.0,0.0,18473,global,0.0
1,4,lr1e-05_bs16_drop0p2_temp1p0_a0p25_b0p05__wd1e-04trmiss0_degmodglobal,16,1e-05,0.0001,0.2,1.0,0.25,0.05,lr1e-05_bs16_drop0p2_temp1p0_a0p25_b0p05__wd1e-04trmiss0_degmodglobal,30,0.6926080137491226,0.7694026231765747,0.25,0.6469246802580135,0.23076923076923078,0.0,0.6191529482603073,0.6738495081663132,0.053698272444307804,0.10667862184345722,0.0,0.0,0.0,0.0,0.0,18473,global,0.0
1,4,lr1e-05_bs16_drop0p2_temp1p0_a0p25_b0p05__wd1e-04trmiss0_degmodglobal,16,1e-05,0.0001,0.2,1.0,0.25,0.05,lr1e-05_bs16_drop0p2_temp1p0_a0p25_b0p05__wd1e-04trmiss0_degmodglobal,31,0.6956290900707245,0.7703948616981506,0.19444444444444442,0.580258013591347,0.3076923076923077,0.0,0.598516196012497,0.6731514930725098,0.06376368179917336,0.1307336501777172,0.0,0.0,0.0,0.0,0.0,18473,global,0.0
1,4,lr1e-05_bs16_drop0p2_temp1p0_a0p25_b0p05__wd1e-04trmiss0_degmodglobal,16,1e-05,0.0001,0.2,1.0,0.25,0.05,lr1e-05_bs16_drop0p2_temp1p0_a0p25_b0p05__wd1e-04trmiss0_degmodglobal,32,0.6930805891752243,0.774753987789154,0.2222222222222222,0.5987765321098655,0.3076923076923077,0.0,0.6095398664474487,0.6726261526346207,0.05492993723601103,0.13443864695727825,0.0,0.0,0.0,0.0,0.0,18473,global,0.0
1,4,lr1e-05_bs16_drop0p2_temp1p0_a0p25_b0p05__wd1e-04trmiss0_degmodglobal,16,1e-05,0.0001,0.2,1.0,0.25,0.05,lr1e-05_bs16_drop0p2_temp1p0_a0p25_b0p05__wd1e-04trmiss0_degmodglobal,33,0.6871479898691177,0.7749866843223572,0.19444444444444442,0.580258013591347,0.3076923076923077,0.0,0.5966919511556625,0.6628965437412262,0.062470171600580215,0.17267796397209167,0.0,0.0,0.0,0.0,0.0,18473,global,0.0
1,4,lr1e-05_bs16_drop0p2_temp1p0_a0p25_b0p05__wd1e-04trmiss0_degmodglobal,16,1e-05,0.0001,0.2,1.0,0.25,0.05,lr1e-05_bs16_drop0p2_temp1p0_a0p25_b0p05__wd1e-04trmiss0_degmodglobal,34,0.6666095405817032,0.7750312089920044,0.2222222222222222,0.5987765321098655,0.3076923076923077,0.0,0.5785130560398102,0.6434264928102493,0.06296560913324356,0.14883259125053883,0.0,0.0,0.0,0.0,0.0,18473,global,0.0
1,4,lr1e-05_bs16_drop0p2_temp1p0_a0p25_b0p05__wd1e-04trmiss0_degmodglobal,16,1e-05,0.0001,0.2,1.0,0.25,0.05,lr1e-05_bs16_drop0p2_temp1p0_a0p25_b0p05__wd1e-04trmiss0_degmodglobal,35,0.6630645841360092,0.7701391577720642,0.2222222222222222,0.6358135691469025,0.23076923076923078,0.0,0.5863314419984818,0.641498938202858,0.06156069412827492,0.1235092543065548,0.0,0.0,0.0,0.0,0.0,18473,global,0.0
1,4,lr1e-05_bs16_drop0p2_temp1p0_a0p25_b0p05__wd1e-04trmiss0_degmodglobal,16,1e-05,0.0001,0.2,1.0,0.25,0.05,lr1e-05_bs16_drop0p2_temp1p0_a0p25_b0p05__wd1e-04trmiss0_degmodglobal,36,0.6888269633054733,0.7725911140441895,0.19444444444444442,0.580258013591347,0.23076923076923078,0.0,0.5963241010904312,0.6634742766618729,0.07182272337377071,0.14794054068624973,0.0,0.0,0.0,0.0,0.0,18473,global,0.0
1,4,lr1e-05_bs16_drop0p2_temp1p0_a0p25_b0p05__wd1e-04trmiss0_degmodglobal,16,1e-05,0.0001,0.2,1.0,0.25,0.05,lr1e-05_bs16_drop0p2_temp1p0_a0p25_b0p05__wd1e-04trmiss0_degmodglobal,37,0.6595048308372498,0.7700114846229553,0.2777777777777778,0.6204696538029871,0.38461538461538464,0.0,0.5597621500492096,0.6320772469043732,0.07050345186144114,0.19603431969881058,0.0,0.0,0.0,0.0,0.0,18473,global,0.0
1,4,lr1e-05_bs16_drop0p2_temp1p0_a0p25_b0p05__wd1e-04trmiss0_degmodglobal,16,1e-05,0.0001,0.2,1.0,0.25,0.05,lr1e-05_bs16_drop0p2_temp1p0_a0p25_b0p05__wd1e-04trmiss0_degmodglobal,38,0.6843668669462204,0.7699571847915649,0.2222222222222222,0.5987765321098655,0.3076923076923077,0.0,0.5468548238277435,0.6567254364490509,0.07207566685974598,0.1924499087035656,0.0,0.0,0.0,0.0,0.0,18473,global,0.0
1,4,lr1e-05_bs16_drop0p2_temp1p0_a0p25_b0p05__wd1e-04trmiss0_degmodglobal,16,1e-05,0.0001,0.2,1.0,0.25,0.05,lr1e-05_bs16_drop0p2_temp1p0_a0p25_b0p05__wd1e-04trmiss0_degmodglobal,39,0.6791141182184219,0.7716918587684631,0.2222222222222222,0.5987765321098655,0.3076923076923077,0.0,0.5606256872415543,0.647418811917305,0.0827927514910698,0.2199423797428608,0.0,0.0,0.0,0.0,0.0,18473,global,0.0
1,4,lr1e-05_bs16_drop0p2_temp1p0_a0p25_b0p05__wd1e-04trmiss0_degmodglobal,16,1e-05,0.0001,0.2,1.0,0.25,0.05,lr1e-05_bs16_drop0p2_temp1p0_a0p25_b0p05__wd1e-04trmiss0_degmodglobal,40,0.6953941583633423,0.7757608890533447,0.2222222222222222,0.5987765321098655,0.3076923076923077,0.0,0.5870106071233749,0.6686767637729645,0.07053695153445005,0.1816631555557251,0.0,0.0,0.0,0.0,0.0,18473,global,0.0
1,4,lr1e-05_bs16_drop0p2_temp1p0_a0p25_b0p05__wd1e-04trmiss0_degmodglobal,16,1e-05,0.0001,0.2,1.0,0.25,0.05,lr1e-05_bs16_drop0p2_temp1p0_a0p25_b0p05__wd1e-04trmiss0_degmodglobal,41,0.6808052211999893,0.7763135433197021,0.2222222222222222,0.5987765321098655,0.3076923076923077,0.0,0.5769500434398651,0.6541405916213989,0.07262716256082058,0.1701570600271225,0.0,0.0,0.0,0.0,0.0,18473,global,0.0
1,4,lr1e-05_bs16_drop0p2_temp1p0_a0p25_b0p05__wd1e-04trmiss0_degmodglobal,16,1e-05,0.0001,0.2,1.0,0.25,0.05,lr1e-05_bs16_drop0p2_temp1p0_a0p25_b0p05__wd1e-04trmiss0_degmodglobal,42,0.6891390979290009,0.7754429578781128,0.2222222222222222,0.5987765321098655,0.3076923076923077,0.0,0.5741795897483826,0.664202481508255,0.06503150844946504,0.1735744916368276,0.0,0.0,0.0,0.0,0.0,18473,global,0.0
1,4,lr1e-05_bs16_drop0p2_temp1p0_a0p25_b0p05__wd1e-04trmiss0_degmodglobal,16,1e-05,0.0001,0.2,1.0,0.25,0.05,lr1e-05_bs16_drop0p2_temp1p0_a0p25_b0p05__wd1e-04trmiss0_degmodglobal,43,0.6941094249486923,0.7723708748817444,0.2222222222222222,0.5987765321098655,0.3076923076923077,0.0,0.5244182646274567,0.6604453474283218,0.08578745275735855,0.24434443935751915,0.0,0.0,0.0,0.0,0.0,18473,global,0.0
1,4,lr1e-05_bs16_drop0p2_temp1p0_a0p25_b0p05__wd1e-04trmiss0_degmodglobal,16,1e-05,0.0001,0.2,1.0,0.25,0.05,lr1e-05_bs16_drop0p2_temp1p0_a0p25_b0p05__wd1e-04trmiss0_degmodglobal,44,0.6747956424951553,0.7717909216880798,0.19444444444444442,0.580258013591347,0.3076923076923077,0.0,0.5641109198331833,0.6392166018486023,0.08797071874141693,0.2717273496091366,0.0,0.0,0.0,0.0,0.0,18473,global,0.0
1,4,lr1e-05_bs16_drop0p2_temp1p0_a0p25_b0p05__wd1e-04trmiss0_degmodglobal,16,1e-05,0.0001,0.2,1.0,0.25,0.05,lr1e-05_bs16_drop0p2_temp1p0_a0p25_b0p05__wd1e-04trmiss0_degmodglobal,45,0.6877863854169846,0.7756696939468384,0.19444444444444442,0.580258013591347,0.3076923076923077,0.0,0.5696232914924622,0.655582532286644,0.08781910687685013,0.20498173125088215,0.0,0.0,0.0,0.0,0.0,18473,global,0.0
1,4,lr1e-05_bs16_drop0p2_temp1p0_a0p25_b0p05__wd1e-04trmiss0_degmodglobal,16,1e-05,0.0001,0.2,1.0,0.25,0.05,lr1e-05_bs16_drop0p2_temp1p0_a0p25_b0p05__wd1e-04trmiss0_degmodglobal,46,0.6709787547588348,0.779298722743988,0.2222222222222222,0.5987765321098655,0.3076923076923077,0.0,0.5276069715619087,0.643042728304863,0.07225459534674883,0.19744769111275673,0.0,0.0,0.0,0.0,0.0,18473,global,0.0
1,4,lr1e-05_bs16_drop0p2_temp1p0_a0p25_b0p05__wd1e-04trmiss0_degmodglobal,16,1e-05,0.0001,0.2,1.0,0.25,0.05,lr1e-05_bs16_drop0p2_temp1p0_a0p25_b0p05__wd1e-04trmiss0_degmodglobal,47,0.6832215636968613,0.7786431312561035,0.2222222222222222,0.5987765321098655,0.3076923076923077,0.0,0.5517289489507675,0.6521108746528625,0.08451111242175102,0.19965831190347672,0.0,0.0,0.0,0.0,0.0,18473,global,0.0
1,4,lr1e-05_bs16_drop0p2_temp1p0_a0p25_b0p05__wd1e-04trmiss0_degmodglobal,16,1e-05,0.0001,0.2,1.0,0.25,0.05,lr1e-05_bs16_drop0p2_temp1p0_a0p25_b0p05__wd1e-04trmiss0_degmodglobal,48,0.6896365880966187,0.774727463722229,0.2222222222222222,0.5987765321098655,0.3076923076923077,0.0,0.5658232122659683,0.661804735660553,0.0706932358443737,0.2031709924340248,0.0,0.0,0.0,0.0,0.0,18473,global,0.0
1,4,lr1e-05_bs16_drop0p2_temp1p0_a0p25_b0p05__wd1e-04trmiss0_degmodglobal,16,1e-05,0.0001,0.2,1.0,0.25,0.05,lr1e-05_bs16_drop0p2_temp1p0_a0p25_b0p05__wd1e-04trmiss0_degmodglobal,49,0.6826151013374329,0.7738893032073975,0.2222222222222222,0.5987765321098655,0.3076923076923077,0.0,0.5219023823738098,0.6500679552555084,0.08083107322454453,0.2467874437570572,0.0,0.0,0.0,0.0,0.0,18473,global,0.0
1,4,lr1e-05_bs16_drop0p2_temp1p0_a0p25_b0p05__wd1e-04trmiss0_degmodglobal,16,1e-05,0.0001,0.2,1.0,0.25,0.05,lr1e-05_bs16_drop0p2_temp1p0_a0p25_b0p05__wd1e-04trmiss0_degmodglobal,50,0.6776794493198395,0.7741043567657471,0.24999999999999997,0.6098876432209765,0.3076923076923077,0.0,0.5324717685580254,0.643323227763176,0.08753972593694925,0.24942613765597343,0.0,0.0,0.0,0.0,0.0,18473,global,0.0
1,4,lr1e-05_bs16_drop0p2_temp1p0_a0p25_b0p05__wd1e-04trmiss0_degmodglobal,16,1e-05,0.0001,0.2,1.0,0.25,0.05,lr1e-05_bs16_drop0p2_temp1p0_a0p25_b0p05__wd1e-04trmiss0_degmodglobal,51,0.6647553741931915,0.7697849273681641,0.25,0.6543320876654211,0.3076923076923077,0.0,0.5618908926844597,0.6261000037193298,0.09437507204711437,0.30123206600546837,0.0,0.0,0.0,0.0,0.0,18473,global,0.0
1,4,lr1e-05_bs16_drop0p2_temp1p0_a0p25_b0p05__wd1e-04trmiss0_degmodglobal,16,1e-05,0.0001,0.2,1.0,0.25,0.05,lr1e-05_bs16_drop0p2_temp1p0_a0p25_b0p05__wd1e-04trmiss0_degmodglobal,52,0.6659319251775742,0.7694039344787598,0.25,0.6543320876654211,0.3076923076923077,0.0,0.5321627631783485,0.6374676376581192,0.07707212585955858,0.1839251248165965,0.0,0.0,0.0,0.0,0.0,18473,global,0.0
1,4,lr1e-05_bs16_drop0p2_temp1p0_a0p25_b0p05__wd1e-04trmiss0_degmodglobal,16,1e-05,0.0001,0.2,1.0,0.25,0.05,lr1e-05_bs16_drop0p2_temp1p0_a0p25_b0p05__wd1e-04trmiss0_degmodglobal,53,0.6748964637517929,0.7729058265686035,0.2222222222222222,0.5987765321098655,0.3076923076923077,0.0,0.5467945635318756,0.6490200310945511,0.06968426331877708,0.16910716518759727,0.0,0.0,0.0,0.0,0.0,18473,global,0.0
1,4,lr1e-05_bs16_drop0p2_temp1p0_a0p25_b0p05__wd1e-04trmiss0_degmodglobal,16,1e-05,0.0001,0.2,1.0,0.25,0.05,lr1e-05_bs16_drop0p2_temp1p0_a0p25_b0p05__wd1e-04trmiss0_degmodglobal,54,0.7020556181669235,0.776731014251709,0.2222222222222222,0.5987765321098655,0.3076923076923077,0.0,0.539027526974678,0.672196239233017,0.07568283565342426,0.21877386048436165,0.0,0.0,0.0,0.0,0.0,18473,global,0.0
1,4,lr1e-05_bs16_drop0p2_temp1p0_a0p25_b0p05__wd1e-04trmiss0_degmodglobal,16,1e-05,0.0001,0.2,1.0,0.25,0.05,lr1e-05_bs16_drop0p2_temp1p0_a0p25_b0p05__wd1e-04trmiss0_degmodglobal,55,0.6851181983947754,0.7776570320129395,0.2222222222222222,0.5987765321098655,0.3076923076923077,0.0,0.5610473155975342,0.6555642783641815,0.07797004748135805,0.20122787356376648,0.0,0.0,0.0,0.0,0.0,18473,global,0.0
1,4,lr1e-05_bs16_drop0p2_temp1p0_a0p25_b0p05__wd1e-04trmiss0_degmodglobal,16,1e-05,0.0001,0.2,1.0,0.25,0.05,lr1e-05_bs16_drop0p2_temp1p0_a0p25_b0p05__wd1e-04trmiss0_degmodglobal,56,0.6700531095266342,0.7717171907424927,0.2222222222222222,0.5987765321098655,0.3076923076923077,0.0,0.5796783268451691,0.6466206312179565,0.06582196429371834,0.139539685100317,0.0,0.0,0.0,0.0,0.0,18473,global,0.0
1,4,lr1e-05_bs16_drop0p2_temp1p0_a0p25_b0p05__wd1e-04trmiss0_degmodglobal,16,1e-05,0.0001,0.2,1.0,0.25,0.05,lr1e-05_bs16_drop0p2_temp1p0_a0p25_b0p05__wd1e-04trmiss0_degmodglobal,57,0.6984919160604477,0.7734824419021606,0.2222222222222222,0.5987765321098655,0.3076923076923077,0.0,0.5439837574958801,0.6587809920310974,0.10406608320772648,0.2738882154226303,0.0,0.0,0.0,0.0,0.0,18473,global,0.0
1,4,lr1e-05_bs16_drop0p2_temp2p0_a0p25_b0p05__wd1e-04trmiss0_degmodglobal,16,1e-05,0.0001,0.2,2.0,0.25,0.05,lr1e-05_bs16_drop0p2_temp2p0_a0p25_b0p05__wd1e-04trmiss0_degmodglobal,1,0.7204474806785583,0.6349811553955078,0.6111111111111112,0.838827838827839,0.6153846153846154,0.0,0.6870746314525604,0.7100037485361099,0.027520323172211647,0.07127321697771549,0.0,0.0,0.0,0.0,0.0,18473,global,0.0
1,4,lr1e-05_bs16_drop0p2_temp2p0_a0p25_b0p05__wd1e-04trmiss0_degmodglobal,16,1e-05,0.0001,0.2,2.0,0.25,0.05,lr1e-05_bs16_drop0p2_temp2p0_a0p25_b0p05__wd1e-04trmiss0_degmodglobal,2,0.7038272768259048,0.6327096819877625,0.638888888888889,0.8474698141364809,0.6153846153846154,0.0,0.6842314153909683,0.6921360939741135,0.029062929563224316,0.08850909397006035,0.0,0.0,0.0,0.0,0.0,18473,global,0.0
1,4,lr1e-05_bs16_drop0p2_temp2p0_a0p25_b0p05__wd1e-04trmiss0_degmodglobal,16,1e-05,0.0001,0.2,2.0,0.25,0.05,lr1e-05_bs16_drop0p2_temp2p0_a0p25_b0p05__wd1e-04trmiss0_degmodglobal,3,0.6908005177974701,0.6310794949531555,0.6111111111111112,0.8355650522317191,0.6153846153846154,0.0,0.6878788620233536,0.6820918172597885,0.023239473812282085,0.05797612853348255,0.0,0.0,0.0,0.0,0.0,18473,global,0.0
1,4,lr1e-05_bs16_drop0p2_temp2p0_a0p25_b0p05__wd1e-04trmiss0_degmodglobal,16,1e-05,0.0001,0.2,2.0,0.25,0.05,lr1e-05_bs16_drop0p2_temp2p0_a0p25_b0p05__wd1e-04trmiss0_degmodglobal,4,0.6878718435764313,0.6301118731498718,0.5833333333333334,0.8077872744539412,0.5384615384615384,0.0,0.6889861673116684,0.6789392828941345,0.024247474037110806,0.05741335637867451,0.0,0.0,0.0,0.0,0.0,18473,global,0.0
1,4,lr1e-05_bs16_drop0p2_temp2p0_a0p25_b0p05__wd1e-04trmiss0_degmodglobal,16,1e-05,0.0001,0.2,2.0,0.25,0.05,lr1e-05_bs16_drop0p2_temp2p0_a0p25_b0p05__wd1e-04trmiss0_degmodglobal,5,0.6888502538204193,0.6289862394332886,0.5277777777777778,0.7797449464116131,0.6153846153846154,0.0,0.6719114929437637,0.6793749183416367,0.02553650038316846,0.06182427052408457,0.0,0.0,0.0,0.0,0.0,18473,global,0.0
1,4,lr1e-05_bs16_drop0p2_temp2p0_a0p25_b0p05__wd1e-04trmiss0_degmodglobal,16,1e-05,0.0001,0.2,2.0,0.25,0.05,lr1e-05_bs16_drop0p2_temp2p0_a0p25_b0p05__wd1e-04trmiss0_degmodglobal,6,0.6959754228591919,0.6308789253234863,0.5555555555555556,0.7945597612264279,0.6153846153846154,0.0,0.7046296894550323,0.6854075193405151,0.02686874335631728,0.07701432146131992,0.0,0.0,0.0,0.0,0.0,18473,global,0.0
1,4,lr1e-05_bs16_drop0p2_temp2p0_a0p25_b0p05__wd1e-04trmiss0_degmodglobal,16,1e-05,0.0001,0.2,2.0,0.25,0.05,lr1e-05_bs16_drop0p2_temp2p0_a0p25_b0p05__wd1e-04trmiss0_degmodglobal,7,0.6668766289949417,0.632910430431366,0.5833333333333334,0.8223375390042058,0.5384615384615384,0.0,0.6675848215818405,0.6559215784072876,0.029519161907956004,0.07150552794337273,0.0,0.0,0.0,0.0,0.0,18473,global,0.0
1,4,lr1e-05_bs16_drop0p2_temp2p0_a0p25_b0p05__wd1e-04trmiss0_degmodglobal,16,1e-05,0.0001,0.2,2.0,0.25,0.05,lr1e-05_bs16_drop0p2_temp2p0_a0p25_b0p05__wd1e-04trmiss0_degmodglobal,8,0.6780871450901031,0.6349292993545532,0.5833333333333334,0.8223375390042058,0.6153846153846154,0.0,0.683567151427269,0.6706113070249557,0.020638258196413517,0.04632525611668825,0.0,0.0,0.0,0.0,0.0,18473,global,0.0
1,4,lr1e-05_bs16_drop0p2_temp2p0_a0p25_b0p05__wd1e-04trmiss0_degmodglobal,16,1e-05,0.0001,0.2,2.0,0.25,0.05,lr1e-05_bs16_drop0p2_temp2p0_a0p25_b0p05__wd1e-04trmiss0_degmodglobal,9,0.6540658921003342,0.6455958485603333,0.5833333333333334,0.8223375390042058,0.6923076923076923,0.0,0.6759290993213654,0.6449122130870819,0.022997405380010605,0.06808634754270315,0.0,0.0,0.0,0.0,0.0,18473,global,0.0
1,4,lr1e-05_bs16_drop0p2_temp2p0_a0p25_b0p05__wd1e-04trmiss0_degmodglobal,16,1e-05,0.0001,0.2,2.0,0.25,0.05,lr1e-05_bs16_drop0p2_temp2p0_a0p25_b0p05__wd1e-04trmiss0_degmodglobal,10,0.6589350402355194,0.6485902667045593,0.5833333333333334,0.8223375390042058,0.6923076923076923,0.0,0.6624377220869064,0.6509331464767456,0.022467923816293478,0.047698519891127944,0.0,0.0,0.0,0.0,0.0,18473,global,0.0
1,4,lr1e-05_bs16_drop0p2_temp2p0_a0p25_b0p05__wd1e-04trmiss0_degmodglobal,16,1e-05,0.0001,0.2,2.0,0.25,0.05,lr1e-05_bs16_drop0p2_temp2p0_a0p25_b0p05__wd1e-04trmiss0_degmodglobal,11,0.6431349962949753,0.651846170425415,0.5833333333333334,0.8223375390042058,0.6923076923076923,0.0,0.6505508571863174,0.6335688978433609,0.025684143882244825,0.0629015862941742,0.0,0.0,0.0,0.0,0.0,18473,global,0.0
1,4,lr1e-05_bs16_drop0p2_temp2p0_a0p25_b0p05__wd1e-04trmiss0_degmodglobal,16,1e-05,0.0001,0.2,2.0,0.25,0.05,lr1e-05_bs16_drop0p2_temp2p0_a0p25_b0p05__wd1e-04trmiss0_degmodglobal,12,0.6700878143310547,0.6470924019813538,0.5555555555555556,0.807522724189391,0.6923076923076923,0.0,0.656425803899765,0.6619784235954285,0.020993034821003675,0.05722214560955763,0.0,0.0,0.0,0.0,0.0,18473,global,0.0
1,4,lr1e-05_bs16_drop0p2_temp2p0_a0p25_b0p05__wd1e-04trmiss0_degmodglobal,16,1e-05,0.0001,0.2,2.0,0.25,0.05,lr1e-05_bs16_drop0p2_temp2p0_a0p25_b0p05__wd1e-04trmiss0_degmodglobal,13,0.6598412841558456,0.6644387245178223,0.5555555555555556,0.807522724189391,0.6923076923076923,0.0,0.6390446871519089,0.6519694626331329,0.023088895017281175,0.041992147103883326,0.0,0.0,0.0,0.0,0.0,18473,global,0.0
1,4,lr1e-05_bs16_drop0p2_temp2p0_a0p25_b0p05__wd1e-04trmiss0_degmodglobal,16,1e-05,0.0001,0.2,2.0,0.25,0.05,lr1e-05_bs16_drop0p2_temp2p0_a0p25_b0p05__wd1e-04trmiss0_degmodglobal,14,0.664352610707283,0.6768545508384705,0.5555555555555556,0.807522724189391,0.6153846153846154,0.0,0.6650011986494064,0.6561689078807831,0.022859859745949507,0.049374463967978954,0.0,0.0,0.0,0.0,0.0,18473,global,0.0
1,4,lr1e-05_bs16_drop0p2_temp2p0_a0p25_b0p05__wd1e-04trmiss0_degmodglobal,16,1e-05,0.0001,0.2,2.0,0.25,0.05,lr1e-05_bs16_drop0p2_temp2p0_a0p25_b0p05__wd1e-04trmiss0_degmodglobal,15,0.6667176634073257,0.6863787770271301,0.5277777777777778,0.7797449464116131,0.6153846153846154,0.0,0.6442906260490417,0.6572036445140839,0.027444287668913603,0.05305911600589752,0.0,0.0,0.0,0.0,0.0,18473,global,0.0
1,4,lr1e-05_bs16_drop0p2_temp2p0_a0p25_b0p05__wd1e-04trmiss0_degmodglobal,16,1e-05,0.0001,0.2,2.0,0.25,0.05,lr1e-05_bs16_drop0p2_temp2p0_a0p25_b0p05__wd1e-04trmiss0_degmodglobal,16,0.6592422425746918,0.6897305846214294,0.5,0.7630782797449465,0.5384615384615384,0.0,0.6411868184804916,0.6498517990112305,0.02386526484042406,0.06848235987126827,0.0,0.0,0.0,0.0,0.0,18473,global,0.0
1,4,lr1e-05_bs16_drop0p2_temp2p0_a0p25_b0p05__wd1e-04trmiss0_degmodglobal,16,1e-05,0.0001,0.2,2.0,0.25,0.05,lr1e-05_bs16_drop0p2_temp2p0_a0p25_b0p05__wd1e-04trmiss0_degmodglobal,17,0.6274597942829132,0.6879828572273254,0.5555555555555556,0.807522724189391,0.5384615384615384,0.0,0.6302134394645691,0.619388073682785,0.022935816552489996,0.046755590941756964,0.0,0.0,0.0,0.0,0.0,18473,global,0.0
1,4,lr1e-05_bs16_drop0p2_temp2p0_a0p25_b0p05__wd1e-04trmiss0_degmodglobal,16,1e-05,0.0001,0.2,2.0,0.25,0.05,lr1e-05_bs16_drop0p2_temp2p0_a0p25_b0p05__wd1e-04trmiss0_degmodglobal,18,0.6620556861162186,0.6847594380378723,0.5555555555555556,0.807522724189391,0.5384615384615384,0.0,0.6254886984825134,0.6513242870569229,0.03090073959901929,0.06012432184070349,0.0,0.0,0.0,0.0,0.0,18473,global,0.0
1,4,lr1e-05_bs16_drop0p2_temp2p0_a0p25_b0p05__wd1e-04trmiss0_degmodglobal,16,1e-05,0.0001,0.2,2.0,0.25,0.05,lr1e-05_bs16_drop0p2_temp2p0_a0p25_b0p05__wd1e-04trmiss0_degmodglobal,19,0.6549452394247055,0.6842145323753357,0.5555555555555556,0.807522724189391,0.5384615384615384,0.0,0.627940908074379,0.6457149535417557,0.025966464076191187,0.05477346898987889,0.0,0.0,0.0,0.0,0.0,18473,global,0.0
1,4,lr1e-05_bs16_drop0p2_temp2p0_a0p25_b0p05__wd1e-04trmiss0_degmodglobal,16,1e-05,0.0001,0.2,2.0,0.25,0.05,lr1e-05_bs16_drop0p2_temp2p0_a0p25_b0p05__wd1e-04trmiss0_degmodglobal,20,0.6381445825099945,0.6835007667541504,0.5555555555555556,0.807522724189391,0.5384615384615384,0.0,0.6256930381059647,0.6287963837385178,0.024589261040091515,0.06401776988059282,0.0,0.0,0.0,0.0,0.0,18473,global,0.0
1,4,lr1e-05_bs16_drop0p2_temp2p0_a0p25_b0p05__wd1e-04trmiss0_degmodglobal,16,1e-05,0.0001,0.2,2.0,0.25,0.05,lr1e-05_bs16_drop0p2_temp2p0_a0p25_b0p05__wd1e-04trmiss0_degmodglobal,21,0.631804957985878,0.6835513710975647,0.5555555555555556,0.807522724189391,0.5384615384615384,0.0,0.6362317204475403,0.6220301687717438,0.025503231212496758,0.06797966361045837,0.0,0.0,0.0,0.0,0.0,18473,global,0.0
1,4,lr1e-05_bs16_drop0p2_temp2p0_a0p25_b0p05__wd1e-04trmiss0_degmodglobal,16,1e-05,0.0001,0.2,2.0,0.25,0.05,lr1e-05_bs16_drop0p2_temp2p0_a0p25_b0p05__wd1e-04trmiss0_degmodglobal,22,0.6438793838024139,0.6768288612365723,0.5555555555555556,0.807522724189391,0.5384615384615384,0.0,0.6527094691991806,0.6347038149833679,0.024772529024630785,0.05964904371649027,0.0,0.0,0.0,0.0,0.0,18473,global,0.0
1,4,lr1e-05_bs16_drop0p2_temp2p0_a0p25_b0p05__wd1e-04trmiss0_degmodglobal,16,1e-05,0.0001,0.2,2.0,0.25,0.05,lr1e-05_bs16_drop0p2_temp2p0_a0p25_b0p05__wd1e-04trmiss0_degmodglobal,23,0.6645344793796539,0.6798034906387329,0.5555555555555556,0.807522724189391,0.5384615384615384,0.0,0.6171737164258957,0.6554194688796997,0.02520377514883876,0.05628089513629675,0.0,0.0,0.0,0.0,0.0,18473,global,0.0
1,4,lr1e-05_bs16_drop0p2_temp2p0_a0p25_b0p05__wd1e-04trmiss0_degmodglobal,16,1e-05,0.0001,0.2,2.0,0.25,0.05,lr1e-05_bs16_drop0p2_temp2p0_a0p25_b0p05__wd1e-04trmiss0_degmodglobal,24,0.643727719783783,0.6678675413131714,0.5277777777777778,0.798880748880749,0.5384615384615384,0.0,0.6186602711677551,0.6348684579133987,0.025790318846702576,0.04823378357104957,0.0,0.0,0.0,0.0,0.0,18473,global,0.0
1,4,lr1e-05_bs16_drop0p2_temp2p0_a0p25_b0p05__wd1e-04trmiss0_degmodglobal,16,1e-05,0.0001,0.2,2.0,0.25,0.05,lr1e-05_bs16_drop0p2_temp2p0_a0p25_b0p05__wd1e-04trmiss0_degmodglobal,25,0.6362065076828003,0.6659072041511536,0.5277777777777778,0.798880748880749,0.5384615384615384,0.0,0.6166000217199326,0.626701295375824,0.024727479554712772,0.06646682787686586,0.0,0.0,0.0,0.0,0.0,18473,global,0.0
1,4,lr1e-05_bs16_drop0p2_temp2p0_a0p25_b0p05__wd1e-04trmiss0_degmodglobal,16,1e-05,0.0001,0.2,2.0,0.25,0.05,lr1e-05_bs16_drop0p2_temp2p0_a0p25_b0p05__wd1e-04trmiss0_degmodglobal,26,0.6415651440620422,0.6617910861968994,0.5277777777777778,0.798880748880749,0.5384615384615384,0.0,0.6336315125226974,0.6310356706380844,0.030106234829872847,0.06005813926458359,0.0,0.0,0.0,0.0,0.0,18473,global,0.0
1,4,lr1e-05_bs16_drop0p2_temp2p0_a0p25_b0p05__wd1e-04trmiss0_degmodglobal,16,1e-05,0.0001,0.2,2.0,0.25,0.05,lr1e-05_bs16_drop0p2_temp2p0_a0p25_b0p05__wd1e-04trmiss0_degmodglobal,27,0.6414145678281784,0.6615169644355774,0.5277777777777778,0.7859177859177859,0.5384615384615384,0.0,0.627677321434021,0.6332680135965347,0.022214208263903856,0.05186000361572951,0.0,0.0,0.0,0.0,0.0,18473,global,0.0
1,4,lr1e-05_bs16_drop0p4_temp1p0_a0p25_b0p05__wd1e-04trmiss0_degmodglobal,16,1e-05,0.0001,0.4,1.0,0.25,0.05,lr1e-05_bs16_drop0p4_temp1p0_a0p25_b0p05__wd1e-04trmiss0_degmodglobal,1,0.7608331590890884,0.6898097991943359,0.5277777777777778,0.798880748880749,0.6153846153846154,0.0,0.7767790257930756,0.7293139547109604,0.06969939358532429,0.28188686817884445,0.0,0.0,0.0,0.0,0.0,18473,global,0.0
1,4,lr1e-05_bs16_drop0p4_temp1p0_a0p25_b0p05__wd1e-04trmiss0_degmodglobal,16,1e-05,0.0001,0.4,1.0,0.25,0.05,lr1e-05_bs16_drop0p4_temp1p0_a0p25_b0p05__wd1e-04trmiss0_degmodglobal,2,0.7478122413158417,0.6843931674957275,0.5833333333333334,0.8223375390042058,0.6923076923076923,0.0,0.7708108574151993,0.7197007983922958,0.06060400977730751,0.25920896977186203,0.0,0.0,0.0,0.0,0.0,18473,global,0.0
1,4,lr1e-05_bs16_drop0p4_temp1p0_a0p25_b0p05__wd1e-04trmiss0_degmodglobal,16,1e-05,0.0001,0.4,1.0,0.25,0.05,lr1e-05_bs16_drop0p4_temp1p0_a0p25_b0p05__wd1e-04trmiss0_degmodglobal,3,0.7438192367553711,0.6818897128105164,0.5833333333333334,0.8223375390042058,0.6923076923076923,0.0,0.7383056282997131,0.7232735604047775,0.05062235239893198,0.15780193358659744,0.0,0.0,0.0,0.0,0.0,18473,global,0.0
1,4,lr1e-05_bs16_drop0p4_temp1p0_a0p25_b0p05__wd1e-04trmiss0_degmodglobal,16,1e-05,0.0001,0.4,1.0,0.25,0.05,lr1e-05_bs16_drop0p4_temp1p0_a0p25_b0p05__wd1e-04trmiss0_degmodglobal,4,0.7124609351158142,0.6794963479042053,0.5833333333333334,0.8223375390042058,0.6923076923076923,0.0,0.784711554646492,0.6867208778858185,0.061650121584534645,0.2065507136285305,0.0,0.0,0.0,0.0,0.0,18473,global,0.0
1,4,lr1e-05_bs16_drop0p4_temp1p0_a0p25_b0p05__wd1e-04trmiss0_degmodglobal,16,1e-05,0.0001,0.4,1.0,0.25,0.05,lr1e-05_bs16_drop0p4_temp1p0_a0p25_b0p05__wd1e-04trmiss0_degmodglobal,5,0.7360292375087738,0.6720700860023499,0.5833333333333334,0.8223375390042058,0.6923076923076923,0.0,0.6994636803865433,0.7106126695871353,0.05961472727358341,0.21025741286575794,0.0,0.0,0.0,0.0,0.0,18473,global,0.0
1,4,lr1e-05_bs16_drop0p4_temp1p0_a0p25_b0p05__wd1e-04trmiss0_degmodglobal,16,1e-05,0.0001,0.4,1.0,0.25,0.05,lr1e-05_bs16_drop0p4_temp1p0_a0p25_b0p05__wd1e-04trmiss0_degmodglobal,6,0.7198721319437027,0.6680254936218262,0.5833333333333334,0.8223375390042058,0.6153846153846154,0.0,0.7590760141611099,0.6878580152988434,0.07446890696883202,0.26793764531612396,0.0,0.0,0.0,0.0,0.0,18473,global,0.0
1,4,lr1e-05_bs16_drop0p4_temp1p0_a0p25_b0p05__wd1e-04trmiss0_degmodglobal,16,1e-05,0.0001,0.4,1.0,0.25,0.05,lr1e-05_bs16_drop0p4_temp1p0_a0p25_b0p05__wd1e-04trmiss0_degmodglobal,7,0.7233446538448334,0.6697395443916321,0.6111111111111112,0.8355650522317191,0.6153846153846154,0.0,0.7711000591516495,0.6988669037818909,0.0556993568316102,0.21105819568037987,0.0,0.0,0.0,0.0,0.0,18473,global,0.0
1,4,lr1e-05_bs16_drop0p4_temp1p0_a0p25_b0p05__wd1e-04trmiss0_degmodglobal,16,1e-05,0.0001,0.4,1.0,0.25,0.05,lr1e-05_bs16_drop0p4_temp1p0_a0p25_b0p05__wd1e-04trmiss0_degmodglobal,8,0.689702108502388,0.6697477698326111,0.6111111111111112,0.8355650522317191,0.6153846153846154,0.0,0.7562998384237289,0.6633783429861069,0.06292939372360706,0.21182875987142324,0.0,0.0,0.0,0.0,0.0,18473,global,0.0
1,4,lr1e-05_bs16_drop0p4_temp1p0_a0p25_b0p05__wd1e-04trmiss0_degmodglobal,16,1e-05,0.0001,0.4,1.0,0.25,0.05,lr1e-05_bs16_drop0p4_temp1p0_a0p25_b0p05__wd1e-04trmiss0_degmodglobal,9,0.6797351241111755,0.6672855615615845,0.6388888888888888,0.8577872744539412,0.6153846153846154,0.0,0.7333283424377441,0.6544173806905746,0.06063622236251831,0.2031736522912979,0.0,0.0,0.0,0.0,0.0,18473,global,0.0
1,4,lr1e-05_bs16_drop0p4_temp1p0_a0p25_b0p05__wd1e-04trmiss0_degmodglobal,16,1e-05,0.0001,0.4,1.0,0.25,0.05,lr1e-05_bs16_drop0p4_temp1p0_a0p25_b0p05__wd1e-04trmiss0_degmodglobal,10,0.7099088728427887,0.6610575914382935,0.6666666666666667,0.8645212811879479,0.6923076923076923,0.0,0.7748291045427322,0.68753382563591,0.057666280306875706,0.1591694913804531,0.0,0.0,0.0,0.0,0.0,18473,global,0.0
1,4,lr1e-05_bs16_drop0p4_temp1p0_a0p25_b0p05__wd1e-04trmiss0_degmodglobal,16,1e-05,0.0001,0.4,1.0,0.25,0.05,lr1e-05_bs16_drop0p4_temp1p0_a0p25_b0p05__wd1e-04trmiss0_degmodglobal,11,0.7281424701213837,0.6634593605995178,0.6666666666666667,0.8763057929724598,0.6923076923076923,0.0,0.7209214270114899,0.6943531334400177,0.07228541653603315,0.3143599405884743,0.0,0.0,0.0,0.0,0.0,18473,global,0.0
1,4,lr1e-05_bs16_drop0p4_temp1p0_a0p25_b0p05__wd1e-04trmiss0_degmodglobal,16,1e-05,0.0001,0.4,1.0,0.25,0.05,lr1e-05_bs16_drop0p4_temp1p0_a0p25_b0p05__wd1e-04trmiss0_degmodglobal,12,0.690285786986351,0.6609541177749634,0.6388888888888888,0.8676638176638178,0.6153846153846154,0.0,0.7479511052370071,0.6605896651744843,0.07136421091854572,0.23710151761770248,0.0,0.0,0.0,0.0,0.0,18473,global,0.0
1,4,lr1e-05_bs16_drop0p4_temp1p0_a0p25_b0p05__wd1e-04trmiss0_degmodglobal,16,1e-05,0.0001,0.4,1.0,0.25,0.05,lr1e-05_bs16_drop0p4_temp1p0_a0p25_b0p05__wd1e-04trmiss0_degmodglobal,13,0.6930121183395386,0.66087806224823,0.6388888888888888,0.8676638176638178,0.6153846153846154,0.0,0.7640886902809143,0.6651540994644165,0.06403438560664654,0.2369884829968214,0.0,0.0,0.0,0.0,0.0,18473,global,0.0
1,4,lr1e-05_bs16_drop0p4_temp1p0_a0p25_b0p05__wd1e-04trmiss0_degmodglobal,16,1e-05,0.0001,0.4,1.0,0.25,0.05,lr1e-05_bs16_drop0p4_temp1p0_a0p25_b0p05__wd1e-04trmiss0_degmodglobal,14,0.6571209579706192,0.6642096042633057,0.6388888888888888,0.8676638176638178,0.5384615384615384,0.0,0.6958610713481903,0.6220478862524033,0.0784414391964674,0.30925445817410946,0.0,0.0,0.0,0.0,0.0,18473,global,0.0
1,4,lr1e-05_bs16_drop0p4_temp1p0_a0p25_b0p05__wd1e-04trmiss0_degmodglobal,16,1e-05,0.0001,0.4,1.0,0.25,0.05,lr1e-05_bs16_drop0p4_temp1p0_a0p25_b0p05__wd1e-04trmiss0_degmodglobal,15,0.6596383899450302,0.663651168346405,0.6666666666666667,0.8795685795685797,0.5384615384615384,0.0,0.7216092348098755,0.6329178512096405,0.06186951324343681,0.22506330907344818,0.0,0.0,0.0,0.0,0.0,18473,global,0.0
1,4,lr1e-05_bs16_drop0p4_temp1p0_a0p25_b0p05__wd1e-04trmiss0_degmodglobal,16,1e-05,0.0001,0.4,1.0,0.25,0.05,lr1e-05_bs16_drop0p4_temp1p0_a0p25_b0p05__wd1e-04trmiss0_degmodglobal,16,0.7203808426856995,0.6636494994163513,0.6666666666666667,0.8795685795685797,0.6153846153846154,0.0,0.7422136664390564,0.6941783428192139,0.06402434129267931,0.20392871648073196,0.0,0.0,0.0,0.0,0.0,18473,global,0.0
1,4,lr1e-05_bs16_drop0p4_temp1p0_a0p25_b0p05__wd1e-04trmiss0_degmodglobal,16,1e-05,0.0001,0.4,1.0,0.25,0.05,lr1e-05_bs16_drop0p4_temp1p0_a0p25_b0p05__wd1e-04trmiss0_degmodglobal,17,0.6701170951128006,0.6642805933952332,0.6388888888888888,0.8676638176638178,0.5384615384615384,0.0,0.7246416360139847,0.6408290863037109,0.05989094544202089,0.28630530834198,0.0,0.0,0.0,0.0,0.0,18473,global,0.0
1,4,lr1e-05_bs16_drop0p4_temp1p0_a0p25_b0p05__wd1e-04trmiss0_degmodglobal,16,1e-05,0.0001,0.4,1.0,0.25,0.05,lr1e-05_bs16_drop0p4_temp1p0_a0p25_b0p05__wd1e-04trmiss0_degmodglobal,18,0.7024388611316681,0.6632798314094543,0.6666666666666667,0.8795685795685797,0.6153846153846154,0.0,0.7360539436340332,0.6755572855472565,0.06169420201331377,0.22916047647595406,0.0,0.0,0.0,0.0,0.0,18473,global,0.0
1,4,lr1e-05_bs16_drop0p4_temp1p0_a0p25_b0p05__wd1e-04trmiss0_degmodglobal,16,1e-05,0.0001,0.4,1.0,0.25,0.05,lr1e-05_bs16_drop0p4_temp1p0_a0p25_b0p05__wd1e-04trmiss0_degmodglobal,19,0.6749535202980042,0.65862637758255,0.6944444444444444,0.8863025863025864,0.5384615384615384,0.0,0.7031107395887375,0.6504028886556625,0.0592368021607399,0.1948285549879074,0.0,0.0,0.0,0.0,0.0,18473,global,0.0
1,4,lr1e-05_bs16_drop0p4_temp1p0_a0p25_b0p05__wd1e-04trmiss0_degmodglobal,16,1e-05,0.0001,0.4,1.0,0.25,0.05,lr1e-05_bs16_drop0p4_temp1p0_a0p25_b0p05__wd1e-04trmiss0_degmodglobal,20,0.6626129895448685,0.6599199175834656,0.6944444444444444,0.8863025863025864,0.5384615384615384,0.0,0.7163601815700531,0.6212343722581863,0.10049898643046618,0.3250771835446358,0.0,0.0,0.0,0.0,0.0,18473,global,0.0
1,4,lr1e-05_bs16_drop0p4_temp1p0_a0p25_b0p05__wd1e-04trmiss0_degmodglobal,16,1e-05,0.0001,0.4,1.0,0.25,0.05,lr1e-05_bs16_drop0p4_temp1p0_a0p25_b0p05__wd1e-04trmiss0_degmodglobal,21,0.6947455704212189,0.6625909209251404,0.6666666666666667,0.8795685795685797,0.5384615384615384,0.0,0.7225933820009232,0.6671258360147476,0.06541878823190928,0.22530068457126617,0.0,0.0,0.0,0.0,0.0,18473,global,0.0
1,4,lr1e-05_bs16_drop0p4_temp1p0_a0p25_b0p05__wd1e-04trmiss0_degmodglobal,16,1e-05,0.0001,0.4,1.0,0.25,0.05,lr1e-05_bs16_drop0p4_temp1p0_a0p25_b0p05__wd1e-04trmiss0_degmodglobal,22,0.7106829136610031,0.6602336168289185,0.6666666666666667,0.8795685795685797,0.5384615384615384,0.0,0.7031468152999878,0.6827360689640045,0.0656828610226512,0.23052271082997322,0.0,0.0,0.0,0.0,0.0,18473,global,0.0
1,4,lr1e-05_bs16_drop0p4_temp1p0_a0p25_b0p05__wd1e-04trmiss0_degmodglobal,16,1e-05,0.0001,0.4,1.0,0.25,0.05,lr1e-05_bs16_drop0p4_temp1p0_a0p25_b0p05__wd1e-04trmiss0_degmodglobal,23,0.6581412106752396,0.6621807217597961,0.6666666666666667,0.8795685795685797,0.5384615384615384,0.0,0.7553355246782303,0.6335583180189133,0.05591132119297981,0.21210092306137085,0.0,0.0,0.0,0.0,0.0,18473,global,0.0
1,4,lr1e-05_bs16_drop0p4_temp1p0_a0p25_b0p05__wd1e-04trmiss0_degmodglobal,16,1e-05,0.0001,0.4,1.0,0.25,0.05,lr1e-05_bs16_drop0p4_temp1p0_a0p25_b0p05__wd1e-04trmiss0_degmodglobal,24,0.6467539370059967,0.6650468707084656,0.6666666666666667,0.8795685795685797,0.6153846153846154,0.0,0.7106183171272278,0.6216263473033905,0.06170602701604366,0.19402176141738892,0.0,0.0,0.0,0.0,0.0,18473,global,0.0
1,4,lr1e-05_bs16_drop0p4_temp1p0_a0p25_b0p05__wd1e-04trmiss0_degmodglobal,16,1e-05,0.0001,0.4,1.0,0.25,0.05,lr1e-05_bs16_drop0p4_temp1p0_a0p25_b0p05__wd1e-04trmiss0_degmodglobal,25,0.6403481811285019,0.6690043807029724,0.6388888888888888,0.8676638176638178,0.6153846153846154,0.0,0.6965049058198929,0.6185842752456665,0.055657834745943546,0.1569887176156044,0.0,0.0,0.0,0.0,0.0,18473,global,0.0
1,4,lr1e-05_bs16_drop0p4_temp1p0_a0p25_b0p05__wd1e-04trmiss0_degmodglobal,16,1e-05,0.0001,0.4,1.0,0.25,0.05,lr1e-05_bs16_drop0p4_temp1p0_a0p25_b0p05__wd1e-04trmiss0_degmodglobal,26,0.6378048360347748,0.6694062352180481,0.6388888888888888,0.8676638176638178,0.6153846153846154,0.0,0.6921909600496292,0.6164859384298325,0.057132196612656116,0.14071682281792164,0.0,0.0,0.0,0.0,0.0,18473,global,0.0
1,4,lr1e-05_bs16_drop0p4_temp1p0_a0p25_b0p05__wd1e-04trmiss0_degmodglobal,16,1e-05,0.0001,0.4,1.0,0.25,0.05,lr1e-05_bs16_drop0p4_temp1p0_a0p25_b0p05__wd1e-04trmiss0_degmodglobal,27,0.6672360748052597,0.6634238362312317,0.6388888888888888,0.8676638176638178,0.6153846153846154,0.0,0.7045268416404724,0.6400078535079956,0.06647472828626633,0.212190929800272,0.0,0.0,0.0,0.0,0.0,18473,global,0.0
1,4,lr1e-05_bs16_drop0p4_temp1p0_a0p25_b0p05__wd1e-04trmiss0_degmodglobal,16,1e-05,0.0001,0.4,1.0,0.25,0.05,lr1e-05_bs16_drop0p4_temp1p0_a0p25_b0p05__wd1e-04trmiss0_degmodglobal,28,0.6612895429134369,0.6651695370674133,0.6388888888888888,0.8676638176638178,0.6153846153846154,0.0,0.7220188528299332,0.6380731910467148,0.057587143033742905,0.17639117687940598,0.0,0.0,0.0,0.0,0.0,18473,global,0.0
1,4,lr1e-05_bs16_drop0p4_temp1p0_a0p25_b0p05__wd1e-04trmiss0_degmodglobal,16,1e-05,0.0001,0.4,1.0,0.25,0.05,lr1e-05_bs16_drop0p4_temp1p0_a0p25_b0p05__wd1e-04trmiss0_degmodglobal,29,0.6821225434541702,0.6641680002212524,0.6388888888888888,0.8676638176638178,0.5384615384615384,0.0,0.6996496021747589,0.6486110687255859,0.07915394380688667,0.27445952221751213,0.0,0.0,0.0,0.0,0.0,18473,global,0.0
1,4,lr1e-05_bs16_drop0p4_temp1p0_a0p25_b0p05__wd1e-04trmiss0_degmodglobal,16,1e-05,0.0001,0.4,1.0,0.25,0.05,lr1e-05_bs16_drop0p4_temp1p0_a0p25_b0p05__wd1e-04trmiss0_degmodglobal,30,0.6424484550952911,0.6602963209152222,0.6666666666666666,0.8743978243978245,0.6153846153846154,0.0,0.7118509262800217,0.6119206547737122,0.072690156288445,0.24710551276803017,0.0,0.0,0.0,0.0,0.0,18473,global,0.0
1,4,lr1e-05_bs16_drop0p4_temp1p0_a0p25_b0p05__wd1e-04trmiss0_degmodglobal,16,1e-05,0.0001,0.4,1.0,0.25,0.05,lr1e-05_bs16_drop0p4_temp1p0_a0p25_b0p05__wd1e-04trmiss0_degmodglobal,31,0.6584086567163467,0.6590195894241333,0.6666666666666666,0.8743978243978245,0.6153846153846154,0.0,0.7136086970567703,0.6282805651426315,0.07786505483090878,0.21323668770492077,0.0,0.0,0.0,0.0,0.0,18473,global,0.0
1,4,lr1e-05_bs16_drop0p4_temp1p0_a0p25_b0p05__wd1e-04trmiss0_degmodglobal,16,1e-05,0.0001,0.4,1.0,0.25,0.05,lr1e-05_bs16_drop0p4_temp1p0_a0p25_b0p05__wd1e-04trmiss0_degmodglobal,32,0.6219664216041565,0.6613706946372986,0.6666666666666666,0.8743978243978245,0.6153846153846154,0.0,0.6903757601976395,0.5954734981060028,0.0627775164321065,0.21597113460302353,0.0,0.0,0.0,0.0,0.0,18473,global,0.0
1,4,lr1e-05_bs16_drop0p4_temp1p0_a0p25_b0p05__wd1e-04trmiss0_degmodglobal,16,1e-05,0.0001,0.4,1.0,0.25,0.05,lr1e-05_bs16_drop0p4_temp1p0_a0p25_b0p05__wd1e-04trmiss0_degmodglobal,33,0.6763084679841995,0.6628818511962891,0.6666666666666667,0.8795685795685797,0.6153846153846154,0.0,0.6989202201366425,0.6466362029314041,0.06811767444014549,0.2528572753071785,0.0,0.0,0.0,0.0,0.0,18473,global,0.0
1,4,lr1e-05_bs16_drop0p4_temp1p0_a0p25_b0p05__wd1e-04trmiss0_degmodglobal,16,1e-05,0.0001,0.4,1.0,0.25,0.05,lr1e-05_bs16_drop0p4_temp1p0_a0p25_b0p05__wd1e-04trmiss0_degmodglobal,34,0.620623916387558,0.6632479429244995,0.6666666666666667,0.8795685795685797,0.6153846153846154,0.0,0.6767696291208267,0.5979028642177582,0.06051457207649946,0.15184812247753143,0.0,0.0,0.0,0.0,0.0,18473,global,0.0
1,4,lr1e-05_bs16_drop0p4_temp1p0_a0p25_b0p05__wd1e-04trmiss0_degmodglobal,16,1e-05,0.0001,0.4,1.0,0.25,0.05,lr1e-05_bs16_drop0p4_temp1p0_a0p25_b0p05__wd1e-04trmiss0_degmodglobal,35,0.647312194108963,0.6674336791038513,0.6666666666666667,0.8795685795685797,0.6153846153846154,0.0,0.6531254351139069,0.6213230490684509,0.06364480219781399,0.20155872404575348,0.0,0.0,0.0,0.0,0.0,18473,global,0.0
1,4,lr1e-05_bs16_drop0p4_temp1p0_a0p25_b0p05__wd1e-04trmiss0_degmodglobal,16,1e-05,0.0001,0.4,1.0,0.25,0.05,lr1e-05_bs16_drop0p4_temp1p0_a0p25_b0p05__wd1e-04trmiss0_degmodglobal,36,0.6268085390329361,0.6627306342124939,0.6666666666666667,0.8795685795685797,0.6153846153846154,0.0,0.699173629283905,0.6035787463188171,0.0581432543694973,0.17387949116528034,0.0,0.0,0.0,0.0,0.0,18473,global,0.0
1,4,lr1e-05_bs16_drop0p4_temp1p0_a0p25_b0p05__wd1e-04trmiss0_degmodglobal,16,1e-05,0.0001,0.4,1.0,0.25,0.05,lr1e-05_bs16_drop0p4_temp1p0_a0p25_b0p05__wd1e-04trmiss0_degmodglobal,37,0.643028974533081,0.6628811359405518,0.6388888888888888,0.8676638176638178,0.6153846153846154,0.0,0.6893911510705948,0.6144032031297684,0.07070083916187286,0.21901122853159904,0.0,0.0,0.0,0.0,0.0,18473,global,0.0
1,4,lr1e-05_bs16_drop0p4_temp1p0_a0p25_b0p05__wd1e-04trmiss0_degmodglobal,16,1e-05,0.0001,0.4,1.0,0.25,0.05,lr1e-05_bs16_drop0p4_temp1p0_a0p25_b0p05__wd1e-04trmiss0_degmodglobal,38,0.653263196349144,0.6581318378448486,0.6666666666666667,0.8795685795685797,0.6153846153846154,0.0,0.6688482463359833,0.6215194463729858,0.08012322708964348,0.23425916209816933,0.0,0.0,0.0,0.0,0.0,18473,global,0.0
1,4,lr1e-05_bs16_drop0p4_temp1p0_a0p25_b0p05__wd1e-04trmiss0_degmodglobal,16,1e-05,0.0001,0.4,1.0,0.25,0.05,lr1e-05_bs16_drop0p4_temp1p0_a0p25_b0p05__wd1e-04trmiss0_degmodglobal,39,0.6469977051019669,0.659408450126648,0.6666666666666667,0.8795685795685797,0.6153846153846154,0.0,0.6898974925279617,0.6185893267393112,0.06860692985355854,0.22513306140899658,0.0,0.0,0.0,0.0,0.0,18473,global,0.0
1,4,lr1e-05_bs16_drop0p4_temp2p0_a0p25_b0p05__wd1e-04trmiss0_degmodglobal,16,1e-05,0.0001,0.4,2.0,0.25,0.05,lr1e-05_bs16_drop0p4_temp2p0_a0p25_b0p05__wd1e-04trmiss0_degmodglobal,1,0.7267027944326401,0.9074764847755432,0.5277777777777778,0.8044363044363045,0.6153846153846154,0.0,0.6559128314256668,0.6921557039022446,0.09357567317783833,0.22306346893310547,0.0,0.0,0.0,0.0,0.0,18473,global,0.0
1,4,lr1e-05_bs16_drop0p4_temp2p0_a0p25_b0p05__wd1e-04trmiss0_degmodglobal,16,1e-05,0.0001,0.4,2.0,0.25,0.05,lr1e-05_bs16_drop0p4_temp2p0_a0p25_b0p05__wd1e-04trmiss0_degmodglobal,2,0.699974462389946,0.9346717596054077,0.5277777777777778,0.8044363044363045,0.6153846153846154,0.0,0.6354181915521622,0.6711728870868683,0.08336961083114147,0.15918336808681488,0.0,0.0,0.0,0.0,0.0,18473,global,0.0
1,4,lr1e-05_bs16_drop0p4_temp2p0_a0p25_b0p05__wd1e-04trmiss0_degmodglobal,16,1e-05,0.0001,0.4,2.0,0.25,0.05,lr1e-05_bs16_drop0p4_temp2p0_a0p25_b0p05__wd1e-04trmiss0_degmodglobal,3,0.6977980881929398,0.9494144916534424,0.5277777777777778,0.8044363044363045,0.6153846153846154,0.0,0.6178557723760605,0.648077130317688,0.13006004318594933,0.344118881970644,0.0,0.0,0.0,0.0,0.0,18473,global,0.0
1,4,lr1e-05_bs16_drop0p4_temp2p0_a0p25_b0p05__wd1e-04trmiss0_degmodglobal,16,1e-05,0.0001,0.4,2.0,0.25,0.05,lr1e-05_bs16_drop0p4_temp2p0_a0p25_b0p05__wd1e-04trmiss0_degmodglobal,4,0.6853925883769989,0.9509924650192261,0.5277777777777778,0.8044363044363045,0.6153846153846154,0.0,0.6790577918291092,0.645999014377594,0.10331930033862591,0.27127471193671227,0.0,0.0,0.0,0.0,0.0,18473,global,0.0
1,4,lr1e-05_bs16_drop0p4_temp2p0_a0p25_b0p05__wd1e-04trmiss0_degmodglobal,16,1e-05,0.0001,0.4,2.0,0.25,0.05,lr1e-05_bs16_drop0p4_temp2p0_a0p25_b0p05__wd1e-04trmiss0_degmodglobal,5,0.6944191306829453,0.9573104381561279,0.5277777777777778,0.8044363044363045,0.6153846153846154,0.0,0.6098089516162872,0.6610973179340363,0.08948088996112347,0.21903151273727417,0.0,0.0,0.0,0.0,0.0,18473,global,0.0
1,4,lr1e-05_bs16_drop0p4_temp2p0_a0p25_b0p05__wd1e-04trmiss0_degmodglobal,16,1e-05,0.0001,0.4,2.0,0.25,0.05,lr1e-05_bs16_drop0p4_temp2p0_a0p25_b0p05__wd1e-04trmiss0_degmodglobal,6,0.661717489361763,0.973350465297699,0.5277777777777778,0.8044363044363045,0.6153846153846154,0.0,0.6280759423971176,0.6364313215017319,0.07481080293655396,0.1316694924607873,0.0,0.0,0.0,0.0,0.0,18473,global,0.0
1,4,lr1e-05_bs16_drop0p4_temp2p0_a0p25_b0p05__wd1e-04trmiss0_degmodglobal,16,1e-05,0.0001,0.4,2.0,0.25,0.05,lr1e-05_bs16_drop0p4_temp2p0_a0p25_b0p05__wd1e-04trmiss0_degmodglobal,7,0.6593037545681,0.9731596112251282,0.5277777777777778,0.8044363044363045,0.6153846153846154,0.0,0.5801472365856171,0.6266269087791443,0.08912430703639984,0.20791548490524292,0.0,0.0,0.0,0.0,0.0,18473,global,0.0
1,4,lr1e-05_bs16_drop0p4_temp2p0_a0p25_b0p05__wd1e-04trmiss0_degmodglobal,16,1e-05,0.0001,0.4,2.0,0.25,0.05,lr1e-05_bs16_drop0p4_temp2p0_a0p25_b0p05__wd1e-04trmiss0_degmodglobal,8,0.6404819339513779,0.9377262592315674,0.5277777777777778,0.8044363044363045,0.6153846153846154,0.0,0.6272118091583252,0.6028614938259125,0.11516330763697624,0.17659216187894344,0.0,0.0,0.0,0.0,0.0,18473,global,0.0
1,4,lr1e-05_bs16_drop0p4_temp2p0_a0p25_b0p05__wd1e-04trmiss0_degmodglobal,16,1e-05,0.0001,0.4,2.0,0.25,0.05,lr1e-05_bs16_drop0p4_temp2p0_a0p25_b0p05__wd1e-04trmiss0_degmodglobal,9,0.6663822382688522,0.9691755771636963,0.5555555555555556,0.8136955636955638,0.6153846153846154,0.0,0.6064692288637161,0.6365521252155304,0.08214252814650536,0.18588904291391373,0.0,0.0,0.0,0.0,0.0,18473,global,0.0
1,4,lr1e-05_bs16_drop0p4_temp2p0_a0p25_b0p05__wd1e-04trmiss0_degmodglobal,16,1e-05,0.0001,0.4,2.0,0.25,0.05,lr1e-05_bs16_drop0p4_temp2p0_a0p25_b0p05__wd1e-04trmiss0_degmodglobal,10,0.6679615825414658,0.9719661474227905,0.5555555555555556,0.8136955636955638,0.6153846153846154,0.0,0.5943197906017303,0.6327613443136215,0.09652673080563545,0.22137106955051422,0.0,0.0,0.0,0.0,0.0,18473,global,0.0
1,4,lr1e-05_bs16_drop0p4_temp2p0_a0p25_b0p05__wd1e-04trmiss0_degmodglobal,16,1e-05,0.0001,0.4,2.0,0.25,0.05,lr1e-05_bs16_drop0p4_temp2p0_a0p25_b0p05__wd1e-04trmiss0_degmodglobal,11,0.681562751531601,0.9756647348403931,0.5555555555555556,0.8136955636955638,0.6153846153846154,0.0,0.6127346307039261,0.6585934609174728,0.06520309345796704,0.13337040692567825,0.0,0.0,0.0,0.0,0.0,18473,global,0.0
1,4,lr1e-05_bs16_drop0p4_temp2p0_a0p25_b0p05__wd1e-04trmiss0_degmodglobal,16,1e-05,0.0001,0.4,2.0,0.25,0.05,lr1e-05_bs16_drop0p4_temp2p0_a0p25_b0p05__wd1e-04trmiss0_degmodglobal,12,0.6917935758829117,0.9615386724472046,0.5555555555555556,0.8136955636955638,0.6153846153846154,0.0,0.5951970219612122,0.6613019853830338,0.0766160050407052,0.22675156593322754,0.0,0.0,0.0,0.0,0.0,18473,global,0.0
1,4,lr1e-05_bs16_drop0p4_temp2p0_a0p25_b0p05__wd1e-04trmiss0_degmodglobal,16,1e-05,0.0001,0.4,2.0,0.25,0.05,lr1e-05_bs16_drop0p4_temp2p0_a0p25_b0p05__wd1e-04trmiss0_degmodglobal,13,0.6907945424318314,0.9680981040000916,0.5555555555555556,0.8136955636955638,0.5384615384615384,0.0,0.5937233418226242,0.6495752334594727,0.10104640386998653,0.31915388256311417,0.0,0.0,0.0,0.0,0.0,18473,global,0.0
1,4,lr1e-05_bs16_drop0p4_temp2p0_a0p25_b0p05__wd1e-04trmiss0_degmodglobal,16,1e-05,0.0001,0.4,2.0,0.25,0.05,lr1e-05_bs16_drop0p4_temp2p0_a0p25_b0p05__wd1e-04trmiss0_degmodglobal,14,0.6991566121578217,1.00681734085083,0.5555555555555556,0.8136955636955638,0.5384615384615384,0.0,0.5966096520423889,0.664280891418457,0.09964239690452814,0.19930206332355738,0.0,0.0,0.0,0.0,0.0,18473,global,0.0
1,4,lr1e-05_bs16_drop0p4_temp2p0_a0p25_b0p05__wd1e-04trmiss0_degmodglobal,16,1e-05,0.0001,0.4,2.0,0.25,0.05,lr1e-05_bs16_drop0p4_temp2p0_a0p25_b0p05__wd1e-04trmiss0_degmodglobal,15,0.6402918845415115,0.9714522957801819,0.5555555555555556,0.8136955636955638,0.5384615384615384,0.0,0.5933678299188614,0.5998793393373489,0.10155611950904131,0.3004700392484665,0.0,0.0,0.0,0.0,0.0,18473,global,0.0
1,4,lr1e-05_bs16_drop0p4_temp2p0_a0p25_b0p05__wd1e-04trmiss0_degmodglobal,16,1e-05,0.0001,0.4,2.0,0.25,0.05,lr1e-05_bs16_drop0p4_temp2p0_a0p25_b0p05__wd1e-04trmiss0_degmodglobal,16,0.6652663797140121,0.9881489276885986,0.5833333333333334,0.8223375390042058,0.6153846153846154,0.0,0.6165299564599991,0.6395795941352844,0.07494167238473892,0.13902757177129388,0.0,0.0,0.0,0.0,0.0,18473,global,0.0
1,4,lr1e-05_bs16_drop0p4_temp2p0_a0p25_b0p05__wd1e-04trmiss0_degmodglobal,16,1e-05,0.0001,0.4,2.0,0.25,0.05,lr1e-05_bs16_drop0p4_temp2p0_a0p25_b0p05__wd1e-04trmiss0_degmodglobal,17,0.6861513406038284,0.9604774713516235,0.5833333333333334,0.8223375390042058,0.6153846153846154,0.0,0.5717442631721497,0.6522783935070038,0.09575475007295609,0.19868509657680988,0.0,0.0,0.0,0.0,0.0,18473,global,0.0
1,4,lr1e-05_bs16_drop0p4_temp2p0_a0p25_b0p05__wd1e-04trmiss0_degmodglobal,16,1e-05,0.0001,0.4,2.0,0.25,0.05,lr1e-05_bs16_drop0p4_temp2p0_a0p25_b0p05__wd1e-04trmiss0_degmodglobal,18,0.6899621784687042,0.9601836800575256,0.5833333333333334,0.8223375390042058,0.6153846153846154,0.0,0.5774928629398346,0.6550012975931168,0.09606544021517038,0.21889052167534828,0.0,0.0,0.0,0.0,0.0,18473,global,0.0
1,4,lr1e-05_bs16_drop0p4_temp2p0_a0p25_b0p05__wd1e-04trmiss0_degmodglobal,16,1e-05,0.0001,0.4,2.0,0.25,0.05,lr1e-05_bs16_drop0p4_temp2p0_a0p25_b0p05__wd1e-04trmiss0_degmodglobal,19,0.6648495048284531,0.9799644351005554,0.5833333333333334,0.8223375390042058,0.6153846153846154,0.0,0.6006860733032227,0.6360475122928619,0.07849330361932516,0.18357331305742264,0.0,0.0,0.0,0.0,0.0,18473,global,0.0
1,4,lr1e-05_bs16_drop0p4_temp2p0_a0p25_b0p05__wd1e-04trmiss0_degmodglobal,16,1e-05,0.0001,0.4,2.0,0.25,0.05,lr1e-05_bs16_drop0p4_temp2p0_a0p25_b0p05__wd1e-04trmiss0_degmodglobal,20,0.6743628233671188,0.9389952421188354,0.5833333333333334,0.8223375390042058,0.6153846153846154,0.0,0.6018801480531693,0.6381002068519592,0.09309450536966324,0.2597799804061651,0.0,0.0,0.0,0.0,0.0,18473,global,0.0
1,4,lr1e-05_bs16_drop0p4_temp2p0_a0p25_b0p05__wd1e-04trmiss0_degmodglobal,16,1e-05,0.0001,0.4,2.0,0.25,0.05,lr1e-05_bs16_drop0p4_temp2p0_a0p25_b0p05__wd1e-04trmiss0_degmodglobal,21,0.6835350394248962,0.9283980131149292,0.5833333333333334,0.8223375390042058,0.6153846153846154,0.0,0.5826724618673325,0.6436529606580734,0.11091987788677216,0.24304263666272163,0.0,0.0,0.0,0.0,0.0,18473,global,0.0
1,4,lr1e-05_bs16_drop0p4_temp2p0_a0p25_b0p05__wd1e-04trmiss0_degmodglobal,16,1e-05,0.0001,0.4,2.0,0.25,0.05,lr1e-05_bs16_drop0p4_temp2p0_a0p25_b0p05__wd1e-04trmiss0_degmodglobal,22,0.6542728245258331,0.9474730491638184,0.5833333333333334,0.8223375390042058,0.6153846153846154,0.0,0.5750574320554733,0.6213602125644684,0.09339667484164238,0.1912690754979849,0.0,0.0,0.0,0.0,0.0,18473,global,0.0
1,4,lr1e-05_bs16_drop0p4_temp2p0_a0p25_b0p05__wd1e-04trmiss0_degmodglobal,16,1e-05,0.0001,0.4,2.0,0.25,0.05,lr1e-05_bs16_drop0p4_temp2p0_a0p25_b0p05__wd1e-04trmiss0_degmodglobal,23,0.6279296875,0.9776036739349365,0.6111111111111112,0.844559761226428,0.6153846153846154,0.0,0.5952905863523483,0.6037413626909256,0.06787429004907608,0.14439533092081547,0.0,0.0,0.0,0.0,0.0,18473,global,0.0
1,4,lr1e-05_bs16_drop0p4_temp2p0_a0p25_b0p05__wd1e-04trmiss0_degmodglobal,16,1e-05,0.0001,0.4,2.0,0.25,0.05,lr1e-05_bs16_drop0p4_temp2p0_a0p25_b0p05__wd1e-04trmiss0_degmodglobal,24,0.6357017755508423,0.9616065621376038,0.5833333333333334,0.8223375390042058,0.6153846153846154,0.0,0.5951337367296219,0.6075287610292435,0.07567633874714375,0.1850792020559311,0.0,0.0,0.0,0.0,0.0,18473,global,0.0
1,4,lr1e-05_bs16_drop0p4_temp2p0_a0p25_b0p05__wd1e-04trmiss0_degmodglobal,16,1e-05,0.0001,0.4,2.0,0.25,0.05,lr1e-05_bs16_drop0p4_temp2p0_a0p25_b0p05__wd1e-04trmiss0_degmodglobal,25,0.6522469371557236,0.9878507852554321,0.5555555555555556,0.8136955636955638,0.6153846153846154,0.0,0.5626437589526176,0.6166027635335922,0.09328143857419491,0.24647612497210503,0.0,0.0,0.0,0.0,0.0,18473,global,0.0
1,4,lr1e-05_bs16_drop0p4_temp2p0_a0p25_b0p05__wd1e-04trmiss0_degmodglobal,16,1e-05,0.0001,0.4,2.0,0.25,0.05,lr1e-05_bs16_drop0p4_temp2p0_a0p25_b0p05__wd1e-04trmiss0_degmodglobal,26,0.626461461186409,0.9718909859657288,0.5555555555555556,0.8136955636955638,0.6153846153846154,0.0,0.5564700961112976,0.5878515616059303,0.10204565897583961,0.2619693651795387,0.0,0.0,0.0,0.0,0.0,18473,global,0.0
1,4,lr1e-05_bs16_drop0p4_temp2p0_a0p25_b0p05__wd1e-04trmiss0_degmodglobal,16,1e-05,0.0001,0.4,2.0,0.25,0.05,lr1e-05_bs16_drop0p4_temp2p0_a0p25_b0p05__wd1e-04trmiss0_degmodglobal,27,0.6696130931377411,0.9596973657608032,0.5555555555555556,0.8136955636955638,0.5384615384615384,0.0,0.5605910122394562,0.6348689794540405,0.09729010239243507,0.20843197032809258,0.0,0.0,0.0,0.0,0.0,18473,global,0.0
1,4,lr1e-05_bs16_drop0p4_temp2p0_a0p25_b0p05__wd1e-04trmiss0_degmodglobal,16,1e-05,0.0001,0.4,2.0,0.25,0.05,lr1e-05_bs16_drop0p4_temp2p0_a0p25_b0p05__wd1e-04trmiss0_degmodglobal,28,0.6704961508512497,0.9345235228538513,0.5555555555555556,0.8136955636955638,0.6153846153846154,0.0,0.5639438927173615,0.6358060836791992,0.09791173599660397,0.20424289628863335,0.0,0.0,0.0,0.0,0.0,18473,global,0.0
1,4,lr1e-05_bs16_drop0p4_temp2p0_a0p25_b0p05__wd1e-04trmiss0_degmodglobal,16,1e-05,0.0001,0.4,2.0,0.25,0.05,lr1e-05_bs16_drop0p4_temp2p0_a0p25_b0p05__wd1e-04trmiss0_degmodglobal,29,0.639753133058548,0.9581955075263977,0.5555555555555556,0.8136955636955638,0.5384615384615384,0.0,0.552245169878006,0.6024862378835678,0.1014090683311224,0.23829298466444016,0.0,0.0,0.0,0.0,0.0,18473,global,0.0
1,4,lr1e-05_bs16_drop0p4_temp2p0_a0p25_b0p05__wd1e-04trmiss0_degmodglobal,16,1e-05,0.0001,0.4,2.0,0.25,0.05,lr1e-05_bs16_drop0p4_temp2p0_a0p25_b0p05__wd1e-04trmiss0_degmodglobal,30,0.6611639261245728,0.9131239652633667,0.5833333333333334,0.8223375390042058,0.6153846153846154,0.0,0.553807333111763,0.6219744384288788,0.10787893645465374,0.2443949058651924,0.0,0.0,0.0,0.0,0.0,18473,global,0.0
1,4,lr1e-05_bs16_drop0p4_temp2p0_a0p25_b0p05__wd1e-04trmiss0_degmodglobal,16,1e-05,0.0001,0.4,2.0,0.25,0.05,lr1e-05_bs16_drop0p4_temp2p0_a0p25_b0p05__wd1e-04trmiss0_degmodglobal,31,0.7089537382125854,0.9344144463539124,0.5555555555555556,0.8136955636955638,0.6153846153846154,0.0,0.5676097124814987,0.6663993895053864,0.12096671760082245,0.2462536059319973,0.0,0.0,0.0,0.0,0.0,18473,global,0.0
1,4,lr1e-05_bs16_drop0p4_temp2p0_a0p25_b0p05__wd1e-04trmiss0_degmodglobal,16,1e-05,0.0001,0.4,2.0,0.25,0.05,lr1e-05_bs16_drop0p4_temp2p0_a0p25_b0p05__wd1e-04trmiss0_degmodglobal,32,0.6905592083930969,0.9459071159362793,0.5555555555555556,0.8136955636955638,0.5384615384615384,0.0,0.5772987902164459,0.6485869884490967,0.12032725289463997,0.2378079779446125,0.0,0.0,0.0,0.0,0.0,18473,global,0.0
1,4,lr1e-05_bs16_drop0p4_temp2p0_a0p25_b0p05__wd1e-04trmiss0_degmodglobal,16,1e-05,0.0001,0.4,2.0,0.25,0.05,lr1e-05_bs16_drop0p4_temp2p0_a0p25_b0p05__wd1e-04trmiss0_degmodglobal,33,0.6013104170560837,0.9610556364059448,0.5555555555555556,0.8136955636955638,0.5384615384615384,0.0,0.5473311543464661,0.5670653879642487,0.10172556061297655,0.17627245374023914,0.0,0.0,0.0,0.0,0.0,18473,global,0.0
1,4,lr1e-05_bs16_drop0p4_temp2p0_a0p25_b0p05__wd1e-04trmiss0_degmodglobal,16,1e-05,0.0001,0.4,2.0,0.25,0.05,lr1e-05_bs16_drop0p4_temp2p0_a0p25_b0p05__wd1e-04trmiss0_degmodglobal,34,0.6958575546741486,0.9492796659469604,0.5555555555555556,0.8136955636955638,0.6153846153846154,0.0,0.5913828611373901,0.6569668650627136,0.11102848313748837,0.2226712368428707,0.0,0.0,0.0,0.0,0.0,18473,global,0.0
1,4,lr1e-05_bs16_drop0p4_temp2p0_a0p25_b0p05__wd1e-04trmiss0_degmodglobal,16,1e-05,0.0001,0.4,2.0,0.25,0.05,lr1e-05_bs16_drop0p4_temp2p0_a0p25_b0p05__wd1e-04trmiss0_degmodglobal,35,0.6679804921150208,0.9732409715652466,0.5555555555555556,0.8136955636955638,0.6153846153846154,0.0,0.5964118391275406,0.6398221701383591,0.07522862358018756,0.18702381290495396,0.0,0.0,0.0,0.0,0.0,18473,global,0.0
1,4,lr1e-05_bs16_drop0p4_temp2p0_a0p25_b0p05__wd1e-04trmiss0_degmodglobal,16,1e-05,0.0001,0.4,2.0,0.25,0.05,lr1e-05_bs16_drop0p4_temp2p0_a0p25_b0p05__wd1e-04trmiss0_degmodglobal,36,0.6255930066108704,0.9688974618911743,0.5555555555555556,0.8136955636955638,0.6153846153846154,0.0,0.5761432647705078,0.5951223224401474,0.089293641038239,0.1629457389935851,0.0,0.0,0.0,0.0,0.0,18473,global,0.0
1,4,lr1e-05_bs16_drop0p4_temp2p0_a0p25_b0p05__wd1e-04trmiss0_degmodglobal,16,1e-05,0.0001,0.4,2.0,0.25,0.05,lr1e-05_bs16_drop0p4_temp2p0_a0p25_b0p05__wd1e-04trmiss0_degmodglobal,37,0.6721241027116776,0.9818835854530334,0.5555555555555556,0.8136955636955638,0.5384615384615384,0.0,0.5224739983677864,0.6212284713983536,0.1194366030395031,0.4207295048981905,0.0,0.0,0.0,0.0,0.0,18473,global,0.0
1,4,lr1e-05_bs16_drop0p4_temp2p0_a0p25_b0p05__wd1e-04trmiss0_degmodglobal,16,1e-05,0.0001,0.4,2.0,0.25,0.05,lr1e-05_bs16_drop0p4_temp2p0_a0p25_b0p05__wd1e-04trmiss0_degmodglobal,38,0.6653924882411957,0.9734262824058533,0.5555555555555556,0.8136955636955638,0.6153846153846154,0.0,0.5869631767272949,0.6231554001569748,0.1169993057847023,0.25974560156464577,0.0,0.0,0.0,0.0,0.0,18473,global,0.0
1,4,lr1e-05_bs16_drop0p4_temp2p0_a0p25_b0p05__wd1e-04trmiss0_degmodglobal,16,1e-05,0.0001,0.4,2.0,0.25,0.05,lr1e-05_bs16_drop0p4_temp2p0_a0p25_b0p05__wd1e-04trmiss0_degmodglobal,39,0.7011845409870148,0.9780574440956116,0.5555555555555556,0.8136955636955638,0.6153846153846154,0.0,0.5499415099620819,0.6616828739643097,0.10414395108819008,0.2693137116730213,0.0,0.0,0.0,0.0,0.0,18473,global,0.0
1,4,lr1e-05_bs16_drop0p4_temp2p0_a0p25_b0p05__wd1e-04trmiss0_degmodglobal,16,1e-05,0.0001,0.4,2.0,0.25,0.05,lr1e-05_bs16_drop0p4_temp2p0_a0p25_b0p05__wd1e-04trmiss0_degmodglobal,40,0.6485331654548645,0.9722427725791931,0.5555555555555556,0.8136955636955638,0.6153846153846154,0.0,0.5741909444332123,0.6088166385889053,0.10113671235740185,0.288646899163723,0.0,0.0,0.0,0.0,0.0,18473,global,0.0
1,4,lr1e-05_bs16_drop0p4_temp2p0_a0p25_b0p05__wd1e-04trmiss0_degmodglobal,16,1e-05,0.0001,0.4,2.0,0.25,0.05,lr1e-05_bs16_drop0p4_temp2p0_a0p25_b0p05__wd1e-04trmiss0_degmodglobal,41,0.6959217488765717,0.942373514175415,0.5833333333333334,0.8223375390042058,0.6153846153846154,0.0,0.5602933764457703,0.6616568118333817,0.09467718563973904,0.21191253885626793,0.0,0.0,0.0,0.0,0.0,18473,global,0.0
1,4,lr1e-05_bs16_drop0p4_temp2p0_a0p25_b0p05__wd1e-04trmiss0_degmodglobal,16,1e-05,0.0001,0.4,2.0,0.25,0.05,lr1e-05_bs16_drop0p4_temp2p0_a0p25_b0p05__wd1e-04trmiss0_degmodglobal,42,0.6923063695430756,0.969934344291687,0.5833333333333334,0.8223375390042058,0.6153846153846154,0.0,0.5431311130523682,0.6516098082065582,0.11456774175167084,0.2410924881696701,0.0,0.0,0.0,0.0,0.0,18473,global,0.0
1,4,lr1e-05_bs16_drop0p4_temp2p0_a0p25_b0p05__wd1e-04trmiss0_degmodglobal,16,1e-05,0.0001,0.4,2.0,0.25,0.05,lr1e-05_bs16_drop0p4_temp2p0_a0p25_b0p05__wd1e-04trmiss0_degmodglobal,43,0.6833673417568207,0.9505451321601868,0.5833333333333334,0.8223375390042058,0.6153846153846154,0.0,0.5491242557764053,0.6399971544742584,0.1148447971791029,0.2931801341474056,0.0,0.0,0.0,0.0,0.0,18473,global,0.0
1,5,lr1e-04_bs8_drop0p2_temp1p0_a0p25_b0p05__wd1e-04trmiss0_degmodglobal,8,0.0001,0.0001,0.2,1.0,0.25,0.05,lr1e-04_bs8_drop0p2_temp1p0_a0p25_b0p05__wd1e-04trmiss0_degmodglobal,1,0.6815455045018878,0.6327295899391174,0.6944444444444444,0.8830397997064665,0.6923076923076923,0.0,0.6670382193156651,0.6641651732581002,0.047365356768880575,0.1107799740774291,0.0,0.0,0.0,0.0,0.0,18473,global,0.0
1,5,lr1e-04_bs8_drop0p2_temp1p0_a0p25_b0p05__wd1e-04trmiss0_degmodglobal,8,0.0001,0.0001,0.2,1.0,0.25,0.05,lr1e-04_bs8_drop0p2_temp1p0_a0p25_b0p05__wd1e-04trmiss0_degmodglobal,2,0.6537210089819772,0.6302075088024139,0.6388888888888888,0.8530303030303032,0.7692307692307693,0.0,0.6198268192155021,0.636070796421596,0.04971075536949294,0.10444993099996022,0.0,0.0,0.0,0.0,0.0,18473,global,0.0
1,5,lr1e-04_bs8_drop0p2_temp1p0_a0p25_b0p05__wd1e-04trmiss0_degmodglobal,8,0.0001,0.0001,0.2,1.0,0.25,0.05,lr1e-04_bs8_drop0p2_temp1p0_a0p25_b0p05__wd1e-04trmiss0_degmodglobal,3,0.6325822728020805,0.6283199191093445,0.6111111111111112,0.83980278980279,0.6923076923076923,0.0,0.5868415662220546,0.6132087962968009,0.05464177951216698,0.11426087255988802,0.0,0.0,0.0,0.0,0.0,18473,global,0.0
1,5,lr1e-04_bs8_drop0p2_temp1p0_a0p25_b0p05__wd1e-04trmiss0_degmodglobal,8,0.0001,0.0001,0.2,1.0,0.25,0.05,lr1e-04_bs8_drop0p2_temp1p0_a0p25_b0p05__wd1e-04trmiss0_degmodglobal,4,0.6037003142493111,0.6160486340522766,0.5833333333333333,0.8298821548821549,0.6923076923076923,0.0,0.593864347253527,0.5844771436282566,0.05469409030463014,0.11099281162023544,0.0,0.0,0.0,0.0,0.0,18473,global,0.0
1,5,lr1e-04_bs8_drop0p2_temp1p0_a0p25_b0p05__wd1e-04trmiss0_degmodglobal,8,0.0001,0.0001,0.2,1.0,0.25,0.05,lr1e-04_bs8_drop0p2_temp1p0_a0p25_b0p05__wd1e-04trmiss0_degmodglobal,5,0.5989277533122471,0.6115947663784027,0.6111111111111112,0.83980278980279,0.7692307692307693,0.0,0.5685913477625165,0.5783851572445461,0.058345214064632146,0.11912568658590317,0.0,0.0,0.0,0.0,0.0,18473,global,0.0
1,5,lr1e-04_bs8_drop0p2_temp1p0_a0p25_b0p05__wd1e-04trmiss0_degmodglobal,8,0.0001,0.0001,0.2,1.0,0.25,0.05,lr1e-04_bs8_drop0p2_temp1p0_a0p25_b0p05__wd1e-04trmiss0_degmodglobal,6,0.6126538940838405,0.6147237718105316,0.6388888888888888,0.8490620490620491,0.7692307692307693,0.0,0.5350770439420428,0.592495994908469,0.056563692433493476,0.12033978596861873,0.0,0.0,0.0,0.0,0.0,18473,global,0.0
1,5,lr1e-04_bs8_drop0p2_temp1p0_a0p25_b0p05__wd1e-04trmiss0_degmodglobal,8,0.0001,0.0001,0.2,1.0,0.25,0.05,lr1e-04_bs8_drop0p2_temp1p0_a0p25_b0p05__wd1e-04trmiss0_degmodglobal,7,0.5576300706182208,0.6214326620101929,0.6111111111111112,0.83980278980279,0.6923076923076923,0.0,0.5370801091194153,0.5410317991461072,0.05050828600568431,0.0794239549764565,0.0,0.0,0.0,0.0,0.0,18473,global,0.0
1,5,lr1e-04_bs8_drop0p2_temp1p0_a0p25_b0p05__wd1e-04trmiss0_degmodglobal,8,0.0001,0.0001,0.2,1.0,0.25,0.05,lr1e-04_bs8_drop0p2_temp1p0_a0p25_b0p05__wd1e-04trmiss0_degmodglobal,8,0.5608953492982047,0.6234841346740723,0.6111111111111112,0.8268398268398269,0.6153846153846154,0.0,0.5183209691728864,0.5400729519980294,0.06187264993786812,0.10708468833139964,0.0,0.0,0.0,0.0,0.0,18473,global,0.0
1,5,lr1e-04_bs8_drop0p2_temp1p0_a0p25_b0p05__wd1e-04trmiss0_degmodglobal,8,0.0001,0.0001,0.2,1.0,0.25,0.05,lr1e-04_bs8_drop0p2_temp1p0_a0p25_b0p05__wd1e-04trmiss0_degmodglobal,9,0.5693853412355695,0.6199630498886108,0.5555555555555556,0.762025012025012,0.6153846153846154,0.0,0.5029033592769078,0.5443639159202576,0.07300157924847943,0.1354204663740737,0.0,0.0,0.0,0.0,0.0,18473,global,0.0
1,5,lr1e-04_bs8_drop0p2_temp1p0_a0p25_b0p05__wd1e-04trmiss0_degmodglobal,8,0.0001,0.0001,0.2,1.0,0.25,0.05,lr1e-04_bs8_drop0p2_temp1p0_a0p25_b0p05__wd1e-04trmiss0_degmodglobal,10,0.5749673502785819,0.623603105545044,0.5833333333333333,0.7752525252525253,0.6923076923076923,0.0,0.5265374737126487,0.552037605217525,0.06865607308489936,0.1153143968965326,0.0,0.0,0.0,0.0,0.0,18473,global,0.0
1,5,lr1e-04_bs8_drop0p2_temp1p0_a0p25_b0p05__wd1e-04trmiss0_degmodglobal,8,0.0001,0.0001,0.2,1.0,0.25,0.05,lr1e-04_bs8_drop0p2_temp1p0_a0p25_b0p05__wd1e-04trmiss0_degmodglobal,11,0.566373952797481,0.6214828789234161,0.5833333333333333,0.7752525252525253,0.6153846153846154,0.0,0.5012582497937339,0.5459269285202026,0.06271511954920632,0.09536494314670563,0.0,0.0,0.0,0.0,0.0,18473,global,0.0
1,5,lr1e-04_bs8_drop0p2_temp1p0_a0p25_b0p05__wd1e-04trmiss0_degmodglobal,8,0.0001,0.0001,0.2,1.0,0.25,0.05,lr1e-04_bs8_drop0p2_temp1p0_a0p25_b0p05__wd1e-04trmiss0_degmodglobal,12,0.5552074994359698,0.6161694228649139,0.5833333333333333,0.7752525252525253,0.6923076923076923,0.0,0.4676480165549687,0.5283733776637486,0.07960508125168937,0.13865703344345093,0.0,0.0,0.0,0.0,0.0,18473,global,0.0
1,5,lr1e-04_bs8_drop0p2_temp1p0_a0p25_b0p05__wd1e-04trmiss0_degmodglobal,8,0.0001,0.0001,0.2,1.0,0.25,0.05,lr1e-04_bs8_drop0p2_temp1p0_a0p25_b0p05__wd1e-04trmiss0_degmodglobal,13,0.5665272303989956,0.6121787428855896,0.6111111111111112,0.7871572871572872,0.6923076923076923,0.0,0.4608592092990875,0.5377085421766553,0.07939712543572698,0.17938814099345887,0.0,0.0,0.0,0.0,0.0,18473,global,0.0
1,5,lr1e-04_bs8_drop0p2_temp1p0_a0p25_b0p05__wd1e-04trmiss0_degmodglobal,8,0.0001,0.0001,0.2,1.0,0.25,0.05,lr1e-04_bs8_drop0p2_temp1p0_a0p25_b0p05__wd1e-04trmiss0_degmodglobal,14,0.5713529075895037,0.6153808832168579,0.6388888888888888,0.7957992624659291,0.6153846153846154,0.0,0.5233621043818337,0.5436738303729466,0.0803883464208671,0.15163988513605936,0.0,0.0,0.0,0.0,0.0,18473,global,0.0
1,5,lr1e-04_bs8_drop0p2_temp1p0_a0p25_b0p05__wd1e-04trmiss0_degmodglobal,8,0.0001,0.0001,0.2,1.0,0.25,0.05,lr1e-04_bs8_drop0p2_temp1p0_a0p25_b0p05__wd1e-04trmiss0_degmodglobal,15,0.539217689207622,0.610558271408081,0.6388888888888888,0.7957992624659291,0.6153846153846154,0.0,0.48827224544116427,0.5174860102789742,0.06825123461229461,0.09337729162403516,0.0,0.0,0.0,0.0,0.0,18473,global,0.0
1,5,lr1e-04_bs8_drop0p2_temp1p0_a0p25_b0p05__wd1e-04trmiss0_degmodglobal,8,0.0001,0.0001,0.2,1.0,0.25,0.05,lr1e-04_bs8_drop0p2_temp1p0_a0p25_b0p05__wd1e-04trmiss0_degmodglobal,16,0.5205147181238446,0.6036467850208282,0.6666666666666666,0.8328362995029663,0.6153846153846154,0.0,0.4523686298302242,0.49598351546696257,0.07807497626968793,0.10024900095803398,0.0,0.0,0.0,0.0,0.0,18473,global,0.0
1,5,lr1e-04_bs8_drop0p2_temp1p0_a0p25_b0p05__wd1e-04trmiss0_degmodglobal,8,0.0001,0.0001,0.2,1.0,0.25,0.05,lr1e-04_bs8_drop0p2_temp1p0_a0p25_b0p05__wd1e-04trmiss0_degmodglobal,17,0.5530666155474526,0.6016646921634674,0.6666666666666666,0.8328362995029663,0.6153846153846154,0.0,0.4927652435643332,0.5296344203608376,0.06283372108425413,0.15447518788278103,0.0,0.0,0.0,0.0,0.0,18473,global,0.0
1,5,lr1e-04_bs8_drop0p2_temp1p0_a0p25_b0p05__wd1e-04trmiss0_degmodglobal,8,0.0001,0.0001,0.2,1.0,0.25,0.05,lr1e-04_bs8_drop0p2_temp1p0_a0p25_b0p05__wd1e-04trmiss0_degmodglobal,18,0.5436728383813586,0.6072824001312256,0.6388888888888888,0.7957992624659291,0.6153846153846154,0.0,0.4707094558647701,0.5176788440772465,0.07569359721882003,0.14141198566981725,0.0,0.0,0.0,0.0,0.0,18473,global,0.0
1,5,lr1e-04_bs8_drop0p2_temp1p0_a0p25_b0p05__wd1e-04trmiss0_degmodglobal,8,0.0001,0.0001,0.2,1.0,0.25,0.05,lr1e-04_bs8_drop0p2_temp1p0_a0p25_b0p05__wd1e-04trmiss0_degmodglobal,19,0.5481792603220258,0.6096808910369873,0.6666666666666667,0.8066017316017318,0.6153846153846154,0.0,0.46479969791003634,0.5227493303162711,0.07057441238846097,0.15572634871516908,0.0,0.0,0.0,0.0,0.0,18473,global,0.0
1,5,lr1e-04_bs8_drop0p2_temp1p0_a0p25_b0p05__wd1e-04trmiss0_degmodglobal,8,0.0001,0.0001,0.2,1.0,0.25,0.05,lr1e-04_bs8_drop0p2_temp1p0_a0p25_b0p05__wd1e-04trmiss0_degmodglobal,20,0.5446947472436088,0.6082959473133087,0.6666666666666667,0.8066017316017318,0.6153846153846154,0.0,0.4670364260673523,0.512085463319506,0.09461363990392004,0.179117385830198,0.0,0.0,0.0,0.0,0.0,18473,global,0.0
1,5,lr1e-04_bs8_drop0p2_temp1p0_a0p25_b0p05__wd1e-04trmiss0_degmodglobal,8,0.0001,0.0001,0.2,1.0,0.25,0.05,lr1e-04_bs8_drop0p2_temp1p0_a0p25_b0p05__wd1e-04trmiss0_degmodglobal,21,0.5438583663531712,0.6050947606563568,0.6388888888888888,0.7957992624659291,0.6153846153846154,0.0,0.479018258196967,0.5204327191625323,0.06769540373768125,0.13003574631043843,0.0,0.0,0.0,0.0,0.0,18473,global,0.0
1,5,lr1e-04_bs8_drop0p2_temp1p0_a0p25_b0p05__wd1e-04trmiss0_degmodglobal,8,0.0001,0.0001,0.2,1.0,0.25,0.05,lr1e-04_bs8_drop0p2_temp1p0_a0p25_b0p05__wd1e-04trmiss0_degmodglobal,22,0.5375708639621735,0.6010798811912537,0.6666666666666666,0.8328362995029663,0.6153846153846154,0.0,0.44209764684949604,0.5059785374573299,0.09553230447428566,0.15418530734522,0.0,0.0,0.0,0.0,0.0,18473,global,0.0
1,5,lr1e-04_bs8_drop0p2_temp1p0_a0p25_b0p05__wd1e-04trmiss0_degmodglobal,8,0.0001,0.0001,0.2,1.0,0.25,0.05,lr1e-04_bs8_drop0p2_temp1p0_a0p25_b0p05__wd1e-04trmiss0_degmodglobal,23,0.5449118954794747,0.5957692861557007,0.6666666666666666,0.8328362995029663,0.6153846153846154,0.0,0.4783530703612736,0.5196381339005062,0.0746988622205598,0.13198062351771764,0.0,0.0,0.0,0.0,0.0,18473,global,0.0
1,5,lr1e-04_bs8_drop0p2_temp1p0_a0p25_b0p05__wd1e-04trmiss0_degmodglobal,8,0.0001,0.0001,0.2,1.0,0.25,0.05,lr1e-04_bs8_drop0p2_temp1p0_a0p25_b0p05__wd1e-04trmiss0_degmodglobal,24,0.5255457886627742,0.5949712991714478,0.6666666666666666,0.8328362995029663,0.6153846153846154,0.0,0.4359762285436903,0.49612829089164734,0.08946153361882482,0.1410427668264934,0.0,0.0,0.0,0.0,0.0,18473,global,0.0
1,5,lr1e-04_bs8_drop0p2_temp1p0_a0p25_b0p05__wd1e-04trmiss0_degmodglobal,8,0.0001,0.0001,0.2,1.0,0.25,0.05,lr1e-04_bs8_drop0p2_temp1p0_a0p25_b0p05__wd1e-04trmiss0_degmodglobal,25,0.5159747770854405,0.5922689735889435,0.6944444444444444,0.8436387686387687,0.6153846153846154,0.0,0.44066126005990164,0.4885941914149693,0.081907400063106,0.1380747045789446,0.0,0.0,0.0,0.0,0.0,18473,global,0.0
1,5,lr1e-04_bs8_drop0p2_temp1p0_a0p25_b0p05__wd1e-04trmiss0_degmodglobal,8,0.0001,0.0001,0.2,1.0,0.25,0.05,lr1e-04_bs8_drop0p2_temp1p0_a0p25_b0p05__wd1e-04trmiss0_degmodglobal,26,0.5250322222709656,0.6028046011924744,0.6666666666666667,0.8066017316017318,0.6923076923076923,0.0,0.47008004784584045,0.5013057163783482,0.07348617113062314,0.10709933297974723,0.0,0.0,0.0,0.0,0.0,18473,global,0.0
1,5,lr1e-04_bs8_drop0p2_temp1p0_a0p25_b0p05__wd1e-04trmiss0_degmodglobal,8,0.0001,0.0001,0.2,1.0,0.25,0.05,lr1e-04_bs8_drop0p2_temp1p0_a0p25_b0p05__wd1e-04trmiss0_degmodglobal,27,0.5299618925367083,0.5948716700077057,0.6944444444444444,0.8436387686387687,0.6923076923076923,0.0,0.4617575151579721,0.5052585346358163,0.07434916868805885,0.1223208239035947,0.0,0.0,0.0,0.0,0.0,18473,global,0.0
1,5,lr1e-04_bs8_drop0p2_temp1p0_a0p25_b0p05__wd1e-04trmiss0_degmodglobal,8,0.0001,0.0001,0.2,1.0,0.25,0.05,lr1e-04_bs8_drop0p2_temp1p0_a0p25_b0p05__wd1e-04trmiss0_degmodglobal,28,0.5011727639607021,0.5826915800571442,0.6944444444444444,0.8436387686387687,0.6153846153846154,0.0,0.43269193172454834,0.47640277232442585,0.07385473166193281,0.1261265171425683,0.0,0.0,0.0,0.0,0.0,18473,global,0.0
1,5,lr1e-04_bs8_drop0p2_temp1p0_a0p25_b0p05__wd1e-04trmiss0_degmodglobal,8,0.0001,0.0001,0.2,1.0,0.25,0.05,lr1e-04_bs8_drop0p2_temp1p0_a0p25_b0p05__wd1e-04trmiss0_degmodglobal,29,0.522898256778717,0.5823256075382233,0.7222222222222222,0.8714165464165466,0.6153846153846154,0.0,0.4296303263732365,0.4899533476148333,0.10222024364130837,0.14779689774981566,0.0,0.0,0.0,0.0,0.0,18473,global,0.0
1,5,lr1e-04_bs8_drop0p2_temp1p0_a0p25_b0p05__wd1e-04trmiss0_degmodglobal,8,0.0001,0.0001,0.2,1.0,0.25,0.05,lr1e-04_bs8_drop0p2_temp1p0_a0p25_b0p05__wd1e-04trmiss0_degmodglobal,30,0.5348129059587207,0.5819992125034332,0.7222222222222222,0.8714165464165466,0.6153846153846154,0.0,0.43642603925296236,0.5000741822378976,0.09644468714083944,0.21255125531128474,0.0,0.0,0.0,0.0,0.0,18473,global,0.0
1,5,lr1e-04_bs8_drop0p2_temp1p0_a0p25_b0p05__wd1e-04trmiss0_degmodglobal,8,0.0001,0.0001,0.2,1.0,0.25,0.05,lr1e-04_bs8_drop0p2_temp1p0_a0p25_b0p05__wd1e-04trmiss0_degmodglobal,31,0.5037519080298287,0.5809742510318756,0.7222222222222222,0.8714165464165466,0.6153846153846154,0.0,0.4287621336323874,0.4764907104628427,0.07834052879895483,0.15352132810013636,0.0,0.0,0.0,0.0,0.0,18473,global,0.0
1,5,lr1e-04_bs8_drop0p2_temp1p0_a0p25_b0p05__wd1e-04trmiss0_degmodglobal,8,0.0001,0.0001,0.2,1.0,0.25,0.05,lr1e-04_bs8_drop0p2_temp1p0_a0p25_b0p05__wd1e-04trmiss0_degmodglobal,32,0.5164522911821093,0.5837371647357941,0.7222222222222222,0.8714165464165466,0.6153846153846154,0.0,0.4437261436666761,0.487269788980484,0.08075468774352755,0.1798766893999917,0.0,0.0,0.0,0.0,0.0,18473,global,0.0
1,5,lr1e-04_bs8_drop0p2_temp1p0_a0p25_b0p05__wd1e-04trmiss0_degmodglobal,8,0.0001,0.0001,0.2,1.0,0.25,0.05,lr1e-04_bs8_drop0p2_temp1p0_a0p25_b0p05__wd1e-04trmiss0_degmodglobal,33,0.4947829714843205,0.5794481337070465,0.7222222222222222,0.8714165464165466,0.6153846153846154,0.0,0.4195760488510132,0.4594732310090746,0.0993604404585702,0.20939250077520097,0.0,0.0,0.0,0.0,0.0,18473,global,0.0
1,5,lr1e-04_bs8_drop0p2_temp1p0_a0p25_b0p05__wd1e-04trmiss0_degmodglobal,8,0.0001,0.0001,0.2,1.0,0.25,0.05,lr1e-04_bs8_drop0p2_temp1p0_a0p25_b0p05__wd1e-04trmiss0_degmodglobal,34,0.49347198009490967,0.5768381357192993,0.7222222222222222,0.8714165464165466,0.6153846153846154,0.0,0.4128497157778059,0.4657114786761148,0.08246068869318281,0.14290676984403813,0.0,0.0,0.0,0.0,0.0,18473,global,0.0
1,5,lr1e-04_bs8_drop0p2_temp1p0_a0p25_b0p05__wd1e-04trmiss0_degmodglobal,8,0.0001,0.0001,0.2,1.0,0.25,0.05,lr1e-04_bs8_drop0p2_temp1p0_a0p25_b0p05__wd1e-04trmiss0_degmodglobal,35,0.49476695912224905,0.5810018181800842,0.7222222222222222,0.8714165464165466,0.6153846153846154,0.0,0.40904501932007925,0.45918772901807514,0.10579333826899529,0.1826180602822985,0.0,0.0,0.0,0.0,0.0,18473,global,0.0
1,5,lr1e-04_bs8_drop0p2_temp1p0_a0p25_b0p05__wd1e-04trmiss0_degmodglobal,8,0.0001,0.0001,0.2,1.0,0.25,0.05,lr1e-04_bs8_drop0p2_temp1p0_a0p25_b0p05__wd1e-04trmiss0_degmodglobal,36,0.49115208217075895,0.5931617021560669,0.7222222222222222,0.8714165464165466,0.6153846153846154,0.0,0.4080633521080017,0.4655407837459019,0.07737574353814125,0.12534721421876124,0.0,0.0,0.0,0.0,0.0,18473,global,0.0
1,5,lr1e-04_bs8_drop0p2_temp1p0_a0p25_b0p05__wd1e-04trmiss0_degmodglobal,8,0.0001,0.0001,0.2,1.0,0.25,0.05,lr1e-04_bs8_drop0p2_temp1p0_a0p25_b0p05__wd1e-04trmiss0_degmodglobal,37,0.4993749346051897,0.590825617313385,0.7222222222222222,0.8714165464165466,0.6153846153846154,0.0,0.4263655287878854,0.4716741272381374,0.08246079938752311,0.14171194710901805,0.0,0.0,0.0,0.0,0.0,18473,global,0.0
1,5,lr1e-04_bs8_drop0p2_temp1p0_a0p25_b0p05__wd1e-04trmiss0_degmodglobal,8,0.0001,0.0001,0.2,1.0,0.25,0.05,lr1e-04_bs8_drop0p2_temp1p0_a0p25_b0p05__wd1e-04trmiss0_degmodglobal,38,0.5012732020446232,0.5905115008354187,0.7222222222222222,0.8714165464165466,0.6153846153846154,0.0,0.40815491335732595,0.4723628801958902,0.08602409171206611,0.14808583046708787,0.0,0.0,0.0,0.0,0.0,18473,global,0.0
1,5,lr1e-04_bs8_drop0p2_temp1p0_a0p25_b0p05__wd1e-04trmiss0_degmodglobal,8,0.0001,0.0001,0.2,1.0,0.25,0.05,lr1e-04_bs8_drop0p2_temp1p0_a0p25_b0p05__wd1e-04trmiss0_degmodglobal,39,0.5061252500329699,0.5846768319606781,0.7222222222222222,0.8714165464165466,0.6153846153846154,0.0,0.42784678084509714,0.4768044054508209,0.08795357548764773,0.14664886785405024,0.0,0.0,0.0,0.0,0.0,18473,global,0.0
1,5,lr1e-04_bs8_drop0p2_temp1p0_a0p25_b0p05__wd1e-04trmiss0_degmodglobal,8,0.0001,0.0001,0.2,1.0,0.25,0.05,lr1e-04_bs8_drop0p2_temp1p0_a0p25_b0p05__wd1e-04trmiss0_degmodglobal,40,0.5367896343980517,0.5992547273635864,0.6666666666666667,0.8066017316017318,0.6153846153846154,0.0,0.42600556356566294,0.5024907376085009,0.1010247990489006,0.18085382453032903,0.0,0.0,0.0,0.0,0.0,18473,global,0.0
1,5,lr1e-04_bs8_drop0p2_temp1p0_a0p25_b0p05__wd1e-04trmiss0_degmodglobal,8,0.0001,0.0001,0.2,1.0,0.25,0.05,lr1e-04_bs8_drop0p2_temp1p0_a0p25_b0p05__wd1e-04trmiss0_degmodglobal,41,0.49919008782931734,0.5864576995372772,0.7222222222222222,0.8714165464165466,0.6153846153846154,0.0,0.4086123321737562,0.4696861803531647,0.08939816909176963,0.14308721252850123,0.0,0.0,0.0,0.0,0.0,18473,global,0.0
1,5,lr1e-04_bs8_drop0p2_temp1p0_a0p25_b0p05__wd1e-04trmiss0_degmodglobal,8,0.0001,0.0001,0.2,1.0,0.25,0.05,lr1e-04_bs8_drop0p2_temp1p0_a0p25_b0p05__wd1e-04trmiss0_degmodglobal,42,0.5062954979283469,0.5860803425312042,0.7222222222222222,0.8714165464165466,0.6153846153846154,0.0,0.4158341033118112,0.47422148074422565,0.10664289604340281,0.10826591987695013,0.0,0.0,0.0,0.0,0.0,18473,global,0.0
1,5,lr1e-04_bs8_drop0p2_temp1p0_a0p25_b0p05__wd1e-04trmiss0_degmodglobal,8,0.0001,0.0001,0.2,1.0,0.25,0.05,lr1e-04_bs8_drop0p2_temp1p0_a0p25_b0p05__wd1e-04trmiss0_degmodglobal,43,0.49305611848831177,0.5843715965747833,0.7222222222222222,0.8714165464165466,0.6153846153846154,0.0,0.392005341393607,0.4559933968952724,0.1134171975510461,0.17416858353785106,0.0,0.0,0.0,0.0,0.0,18473,global,0.0
1,5,lr1e-04_bs8_drop0p2_temp1p0_a0p25_b0p05__wd1e-04trmiss0_degmodglobal,8,0.0001,0.0001,0.2,1.0,0.25,0.05,lr1e-04_bs8_drop0p2_temp1p0_a0p25_b0p05__wd1e-04trmiss0_degmodglobal,44,0.5049893260002136,0.5831059515476227,0.7222222222222222,0.8714165464165466,0.6153846153846154,0.0,0.40827013765062603,0.4615729706627982,0.12186443699257714,0.2590049207210541,0.0,0.0,0.0,0.0,0.0,18473,global,0.0
1,5,lr1e-04_bs8_drop0p2_temp1p0_a0p25_b0p05__wd1e-04trmiss0_degmodglobal,8,0.0001,0.0001,0.2,1.0,0.25,0.05,lr1e-04_bs8_drop0p2_temp1p0_a0p25_b0p05__wd1e-04trmiss0_degmodglobal,45,0.5233757325581142,0.5811748802661896,0.7222222222222222,0.8714165464165466,0.6923076923076923,0.0,0.42910648243767874,0.48160595127514433,0.11902968053306852,0.24024721767221177,0.0,0.0,0.0,0.0,0.0,18473,global,0.0
1,5,lr1e-04_bs8_drop0p2_temp1p0_a0p25_b0p05__wd1e-04trmiss0_degmodglobal,8,0.0001,0.0001,0.2,1.0,0.25,0.05,lr1e-04_bs8_drop0p2_temp1p0_a0p25_b0p05__wd1e-04trmiss0_degmodglobal,46,0.4895693234034947,0.5807400643825531,0.7222222222222222,0.8714165464165466,0.6153846153846154,0.0,0.39328561936106,0.44720370854650227,0.12469847393887383,0.22381999450070517,0.0,0.0,0.0,0.0,0.0,18473,global,0.0
1,5,lr1e-04_bs8_drop0p2_temp1p0_a0p25_b0p05__wd1e-04trmiss0_degmodglobal,8,0.0001,0.0001,0.2,1.0,0.25,0.05,lr1e-04_bs8_drop0p2_temp1p0_a0p25_b0p05__wd1e-04trmiss0_degmodglobal,47,0.5071481168270111,0.5657773613929749,0.7222222222222222,0.8714165464165466,0.6923076923076923,0.0,0.4221338757446834,0.4731352371828897,0.10152160376310349,0.17264965868421964,0.0,0.0,0.0,0.0,0.0,18473,global,0.0
1,5,lr1e-04_bs8_drop0p2_temp1p0_a0p25_b0p05__wd1e-04trmiss0_degmodglobal,8,0.0001,0.0001,0.2,1.0,0.25,0.05,lr1e-04_bs8_drop0p2_temp1p0_a0p25_b0p05__wd1e-04trmiss0_degmodglobal,48,0.5321427243096488,0.5693503320217133,0.7222222222222222,0.8714165464165466,0.6923076923076923,0.0,0.4074644148349762,0.4847215584346226,0.14377047973019735,0.22957096568175725,0.0,0.0,0.0,0.0,0.0,18473,global,0.0
1,5,lr1e-04_bs8_drop0p2_temp1p0_a0p25_b0p05__wd1e-04trmiss0_degmodglobal,8,0.0001,0.0001,0.2,1.0,0.25,0.05,lr1e-04_bs8_drop0p2_temp1p0_a0p25_b0p05__wd1e-04trmiss0_degmodglobal,49,0.4931131771632603,0.5750512480735779,0.7222222222222222,0.8714165464165466,0.6923076923076923,0.0,0.41109647495406015,0.46208138125283377,0.09386544248887471,0.15130878133433207,0.0,0.0,0.0,0.0,0.0,18473,global,0.0
1,5,lr1e-04_bs8_drop0p2_temp1p0_a0p25_b0p05__wd1e-04trmiss0_degmodglobal,8,0.0001,0.0001,0.2,1.0,0.25,0.05,lr1e-04_bs8_drop0p2_temp1p0_a0p25_b0p05__wd1e-04trmiss0_degmodglobal,50,0.4934507352965219,0.5802253186702728,0.7222222222222222,0.8714165464165466,0.6923076923076923,0.0,0.4061986080237797,0.44982875670705524,0.13086552917957306,0.21811192802020482,0.0,0.0,0.0,0.0,0.0,18473,global,0.0
1,5,lr1e-04_bs8_drop0p2_temp1p0_a0p25_b0p05__wd1e-04trmiss0_degmodglobal,8,0.0001,0.0001,0.2,1.0,0.25,0.05,lr1e-04_bs8_drop0p2_temp1p0_a0p25_b0p05__wd1e-04trmiss0_degmodglobal,51,0.5014884897640773,0.5814871788024902,0.7222222222222222,0.8714165464165466,0.6923076923076923,0.0,0.40734246373176575,0.4581913309437888,0.12646099286420004,0.23363803327083588,0.0,0.0,0.0,0.0,0.0,18473,global,0.0
1,5,lr1e-04_bs8_drop0p2_temp1p0_a0p25_b0p05__wd1e-04trmiss0_degmodglobal,8,0.0001,0.0001,0.2,1.0,0.25,0.05,lr1e-04_bs8_drop0p2_temp1p0_a0p25_b0p05__wd1e-04trmiss0_degmodglobal,52,0.4876203451837812,0.5805765092372894,0.7222222222222222,0.8714165464165466,0.6923076923076923,0.0,0.41345420479774475,0.46021103858947754,0.07990716770291328,0.14865013451448508,0.0,0.0,0.0,0.0,0.0,18473,global,0.0
1,5,lr1e-04_bs8_drop0p2_temp1p0_a0p25_b0p05__wd1e-04trmiss0_degmodglobal,8,0.0001,0.0001,0.2,1.0,0.25,0.05,lr1e-04_bs8_drop0p2_temp1p0_a0p25_b0p05__wd1e-04trmiss0_degmodglobal,53,0.48352169564792086,0.5775516629219055,0.7222222222222222,0.8714165464165466,0.6923076923076923,0.0,0.3719375090939658,0.45035191093172344,0.09763149544596672,0.17523835439767158,0.0,0.0,0.0,0.0,0.0,18473,global,0.0
1,5,lr1e-04_bs8_drop0p2_temp1p0_a0p25_b0p05__wd1e-04trmiss0_degmodglobal,8,0.0001,0.0001,0.2,1.0,0.25,0.05,lr1e-04_bs8_drop0p2_temp1p0_a0p25_b0p05__wd1e-04trmiss0_degmodglobal,54,0.49744878496442524,0.5697655975818634,0.7222222222222222,0.8714165464165466,0.6923076923076923,0.0,0.3693628226007734,0.46066273536000935,0.1160475303019796,0.1554832554289273,0.0,0.0,0.0,0.0,0.0,18473,global,0.0
1,5,lr1e-04_bs8_drop0p2_temp1p0_a0p25_b0p05__wd1e-04trmiss0_degmodglobal,8,0.0001,0.0001,0.2,1.0,0.25,0.05,lr1e-04_bs8_drop0p2_temp1p0_a0p25_b0p05__wd1e-04trmiss0_degmodglobal,55,0.4686852012361799,0.570590078830719,0.7222222222222222,0.8714165464165466,0.6923076923076923,0.0,0.35209284509931293,0.4270238493170057,0.124384486249515,0.21130460607154028,0.0,0.0,0.0,0.0,0.0,18473,global,0.0
1,5,lr1e-04_bs8_drop0p2_temp1p0_a0p25_b0p05__wd1e-04trmiss0_degmodglobal,8,0.0001,0.0001,0.2,1.0,0.25,0.05,lr1e-04_bs8_drop0p2_temp1p0_a0p25_b0p05__wd1e-04trmiss0_degmodglobal,56,0.46204460518700735,0.5699237585067749,0.7222222222222222,0.8714165464165466,0.6153846153846154,0.0,0.36071692620004925,0.4244513213634491,0.10617935870374952,0.22096875309944153,0.0,0.0,0.0,0.0,0.0,18473,global,0.0
1,5,lr1e-04_bs8_drop0p2_temp1p0_a0p25_b0p05__wd1e-04trmiss0_degmodglobal,8,0.0001,0.0001,0.2,1.0,0.25,0.05,lr1e-04_bs8_drop0p2_temp1p0_a0p25_b0p05__wd1e-04trmiss0_degmodglobal,57,0.4993712433746883,0.5699256658554077,0.7222222222222222,0.8714165464165466,0.6153846153846154,0.0,0.3466361037322453,0.4496860589299883,0.13641580939292908,0.31162454932928085,0.0,0.0,0.0,0.0,0.0,18473,global,0.0
1,5,lr1e-04_bs8_drop0p2_temp1p0_a0p25_b0p05__wd1e-04trmiss0_degmodglobal,8,0.0001,0.0001,0.2,1.0,0.25,0.05,lr1e-04_bs8_drop0p2_temp1p0_a0p25_b0p05__wd1e-04trmiss0_degmodglobal,58,0.4918056087834494,0.5758996605873108,0.7222222222222222,0.8714165464165466,0.6153846153846154,0.0,0.3680231102875301,0.4506786721093314,0.11960464396647044,0.2245153130165168,0.0,0.0,0.0,0.0,0.0,18473,global,0.0
1,5,lr1e-04_bs8_drop0p2_temp1p0_a0p25_b0p05__wd1e-04trmiss0_degmodglobal,8,0.0001,0.0001,0.2,1.0,0.25,0.05,lr1e-04_bs8_drop0p2_temp1p0_a0p25_b0p05__wd1e-04trmiss0_degmodglobal,59,0.48433651668684824,0.5731248557567596,0.7222222222222222,0.8714165464165466,0.6153846153846154,0.0,0.3543016825403486,0.43683395215443205,0.1357090792485646,0.27150605618953705,0.0,0.0,0.0,0.0,0.0,18473,global,0.0
1,5,lr1e-04_bs8_drop0p2_temp1p0_a0p25_b0p05__wd1e-04trmiss0_degmodglobal,8,0.0001,0.0001,0.2,1.0,0.25,0.05,lr1e-04_bs8_drop0p2_temp1p0_a0p25_b0p05__wd1e-04trmiss0_degmodglobal,60,0.5173617431095668,0.5736213028430939,0.7222222222222222,0.8714165464165466,0.6153846153846154,0.0,0.4024763362748282,0.46465603368622915,0.14581737454448426,0.3250272667833737,0.0,0.0,0.0,0.0,0.0,18473,global,0.0
1,5,lr1e-04_bs8_drop0p2_temp1p0_a0p25_b0p05__wd1e-04trmiss0_degmodglobal,8,0.0001,0.0001,0.2,1.0,0.25,0.05,lr1e-04_bs8_drop0p2_temp1p0_a0p25_b0p05__wd1e-04trmiss0_degmodglobal,61,0.49680728571755545,0.572026401758194,0.7222222222222222,0.8714165464165466,0.6153846153846154,0.0,0.3816808249269213,0.45424463067735943,0.12062431233269828,0.24813146995646612,0.0,0.0,0.0,0.0,0.0,18473,global,0.0
1,5,lr1e-04_bs8_drop0p2_temp1p0_a0p25_b0p05__wd1e-04trmiss0_degmodglobal,8,0.0001,0.0001,0.2,1.0,0.25,0.05,lr1e-04_bs8_drop0p2_temp1p0_a0p25_b0p05__wd1e-04trmiss0_degmodglobal,62,0.4965358759675707,0.572314441204071,0.7222222222222222,0.8714165464165466,0.6153846153846154,0.0,0.36928997720990864,0.44487184286117554,0.14199437626770564,0.32330880207674845,0.0,0.0,0.0,0.0,0.0,18473,global,0.0
1,5,lr1e-04_bs8_drop0p2_temp1p0_a0p25_b0p05__wd1e-04trmiss0_degmodglobal,8,0.0001,0.0001,0.2,1.0,0.25,0.05,lr1e-04_bs8_drop0p2_temp1p0_a0p25_b0p05__wd1e-04trmiss0_degmodglobal,63,0.4766126998833248,0.571610152721405,0.7222222222222222,0.8714165464165466,0.6153846153846154,0.0,0.3523442915507725,0.43146159393446787,0.13221392886979239,0.24195254487650736,0.0,0.0,0.0,0.0,0.0,18473,global,0.0
1,5,lr1e-04_bs8_drop0p2_temp1p0_a0p25_b0p05__wd1e-04trmiss0_degmodglobal,8,0.0001,0.0001,0.2,1.0,0.25,0.05,lr1e-04_bs8_drop0p2_temp1p0_a0p25_b0p05__wd1e-04trmiss0_degmodglobal,64,0.4857777271951948,0.5729667842388153,0.7222222222222222,0.8714165464165466,0.6153846153846154,0.0,0.3698344613824572,0.4449497674192701,0.11628048388021332,0.23515676174845015,0.0,0.0,0.0,0.0,0.0,18473,global,0.0
1,5,lr1e-04_bs8_drop0p2_temp1p0_a0p25_b0p05__wd1e-04trmiss0_degmodglobal,8,0.0001,0.0001,0.2,1.0,0.25,0.05,lr1e-04_bs8_drop0p2_temp1p0_a0p25_b0p05__wd1e-04trmiss0_degmodglobal,65,0.48952328733035494,0.5727504193782806,0.7222222222222222,0.8714165464165466,0.6153846153846154,0.0,0.3579908992562975,0.44059386423655916,0.14361220385347093,0.2605277331812041,0.0,0.0,0.0,0.0,0.0,18473,global,0.0
1,5,lr1e-04_bs8_drop0p2_temp1p0_a0p25_b0p05__wd1e-04trmiss0_degmodglobal,8,0.0001,0.0001,0.2,1.0,0.25,0.05,lr1e-04_bs8_drop0p2_temp1p0_a0p25_b0p05__wd1e-04trmiss0_degmodglobal,66,0.4939108746392386,0.5747629702091217,0.7222222222222222,0.8714165464165466,0.6153846153846154,0.0,0.33488732150622774,0.43966579863003324,0.15507434734276362,0.3095298132726124,0.0,0.0,0.0,0.0,0.0,18473,global,0.0
1,5,lr1e-04_bs8_drop0p2_temp1p0_a0p25_b0p05__wd1e-04trmiss0_degmodglobal,8,0.0001,0.0001,0.2,1.0,0.25,0.05,lr1e-04_bs8_drop0p2_temp1p0_a0p25_b0p05__wd1e-04trmiss0_degmodglobal,67,0.4826519617012569,0.5714006125926971,0.7222222222222222,0.8714165464165466,0.6153846153846154,0.0,0.36407304235867094,0.44297277075903757,0.12100054430110115,0.18858109840324946,0.0,0.0,0.0,0.0,0.0,18473,global,0.0
1,5,lr1e-04_bs8_drop0p2_temp2p0_a0p25_b0p05__wd1e-04trmiss0_degmodglobal,8,0.0001,0.0001,0.2,2.0,0.25,0.05,lr1e-04_bs8_drop0p2_temp2p0_a0p25_b0p05__wd1e-04trmiss0_degmodglobal,1,0.7024473633084979,0.7064729630947113,0.41666666666666663,0.7103285603285603,0.5384615384615384,0.0,0.6677806973457336,0.6897608893258231,0.032056460423128944,0.09344729568277087,0.0,0.0,0.0,0.0,0.0,18473,global,0.0
1,5,lr1e-04_bs8_drop0p2_temp2p0_a0p25_b0p05__wd1e-04trmiss0_degmodglobal,8,0.0001,0.0001,0.2,2.0,0.25,0.05,lr1e-04_bs8_drop0p2_temp2p0_a0p25_b0p05__wd1e-04trmiss0_degmodglobal,2,0.6722642779350281,0.6923336386680603,0.41666666666666663,0.6714396714396715,0.5384615384615384,0.0,0.6285204717091152,0.6598263808659145,0.030205257769141878,0.09773172491363116,0.0,0.0,0.0,0.0,0.0,18473,global,0.0
1,5,lr1e-04_bs8_drop0p2_temp2p0_a0p25_b0p05__wd1e-04trmiss0_degmodglobal,8,0.0001,0.0001,0.2,2.0,0.25,0.05,lr1e-04_bs8_drop0p2_temp2p0_a0p25_b0p05__wd1e-04trmiss0_degmodglobal,3,0.6218616110937936,0.6871854364871979,0.4722222222222222,0.6994819994819995,0.5384615384615384,0.0,0.6141451682363238,0.6097523995808193,0.02968790994158813,0.09374472073146276,0.0,0.0,0.0,0.0,0.0,18473,global,0.0
1,5,lr1e-04_bs8_drop0p2_temp2p0_a0p25_b0p05__wd1e-04trmiss0_degmodglobal,8,0.0001,0.0001,0.2,2.0,0.25,0.05,lr1e-04_bs8_drop0p2_temp2p0_a0p25_b0p05__wd1e-04trmiss0_degmodglobal,4,0.595549966607775,0.6793577671051025,0.4722222222222222,0.7457782957782959,0.46153846153846156,0.0,0.592284117426191,0.5840456741196769,0.028831019731504575,0.08593096610690866,0.0,0.0,0.0,0.0,0.0,18473,global,0.0
1,5,lr1e-04_bs8_drop0p2_temp2p0_a0p25_b0p05__wd1e-04trmiss0_degmodglobal,8,0.0001,0.0001,0.2,2.0,0.25,0.05,lr1e-04_bs8_drop0p2_temp2p0_a0p25_b0p05__wd1e-04trmiss0_degmodglobal,5,0.6126483678817749,0.6735956072807312,0.4722222222222222,0.7457782957782959,0.46153846153846156,0.0,0.5633243833269391,0.6016844511032104,0.028457934835127423,0.0769885288817542,0.0,0.0,0.0,0.0,0.0,18473,global,0.0
1,5,lr1e-04_bs8_drop0p2_temp2p0_a0p25_b0p05__wd1e-04trmiss0_degmodglobal,8,0.0001,0.0001,0.2,2.0,0.25,0.05,lr1e-04_bs8_drop0p2_temp2p0_a0p25_b0p05__wd1e-04trmiss0_degmodglobal,6,0.5768996136529105,0.6662247180938721,0.5,0.7528490028490029,0.5384615384615384,0.0,0.56412444795881,0.5686657428741455,0.02325922543449061,0.048381579773766656,0.0,0.0,0.0,0.0,0.0,18473,global,0.0
1,5,lr1e-04_bs8_drop0p2_temp2p0_a0p25_b0p05__wd1e-04trmiss0_degmodglobal,8,0.0001,0.0001,0.2,2.0,0.25,0.05,lr1e-04_bs8_drop0p2_temp2p0_a0p25_b0p05__wd1e-04trmiss0_degmodglobal,7,0.6024851713861737,0.6671431064605713,0.5,0.7528490028490029,0.46153846153846156,0.0,0.5780401570456368,0.5891065512384687,0.03574152038033519,0.0888648618544851,0.0,0.0,0.0,0.0,0.0,18473,global,0.0
1,5,lr1e-04_bs8_drop0p2_temp2p0_a0p25_b0p05__wd1e-04trmiss0_degmodglobal,8,0.0001,0.0001,0.2,2.0,0.25,0.05,lr1e-04_bs8_drop0p2_temp2p0_a0p25_b0p05__wd1e-04trmiss0_degmodglobal,8,0.5826987028121948,0.6727151870727539,0.5,0.7528490028490029,0.46153846153846156,0.0,0.5517050112996783,0.5725105490003314,0.029167245009115765,0.057926862367561886,0.0,0.0,0.0,0.0,0.0,18473,global,0.0
1,5,lr1e-04_bs8_drop0p2_temp2p0_a0p25_b0p05__wd1e-04trmiss0_degmodglobal,8,0.0001,0.0001,0.2,2.0,0.25,0.05,lr1e-04_bs8_drop0p2_temp2p0_a0p25_b0p05__wd1e-04trmiss0_degmodglobal,9,0.6043574469430106,0.6834138929843903,0.4722222222222222,0.7457782957782959,0.46153846153846156,0.0,0.5741676943642753,0.5885314430509295,0.0459952208080462,0.08654404750892095,0.0,0.0,0.0,0.0,0.0,18473,global,0.0
1,5,lr1e-04_bs8_drop0p2_temp2p0_a0p25_b0p05__wd1e-04trmiss0_degmodglobal,8,0.0001,0.0001,0.2,2.0,0.25,0.05,lr1e-04_bs8_drop0p2_temp2p0_a0p25_b0p05__wd1e-04trmiss0_degmodglobal,10,0.5931356719561985,0.6944551765918732,0.4444444444444445,0.7325507825507827,0.46153846153846156,0.0,0.5763940811157227,0.5757895112037659,0.05095891122307096,0.09212848597339221,0.0,0.0,0.0,0.0,0.0,18473,global,0.0
1,5,lr1e-04_bs8_drop0p2_temp2p0_a0p25_b0p05__wd1e-04trmiss0_degmodglobal,8,0.0001,0.0001,0.2,2.0,0.25,0.05,lr1e-04_bs8_drop0p2_temp2p0_a0p25_b0p05__wd1e-04trmiss0_degmodglobal,11,0.5590507984161377,0.6856487393379211,0.5,0.7828153328153329,0.46153846153846156,0.0,0.5251370966434479,0.5483366676739284,0.03090071145977293,0.05977895137454782,0.0,0.0,0.0,0.0,0.0,18473,global,0.0
1,5,lr1e-04_bs8_drop0p2_temp2p0_a0p25_b0p05__wd1e-04trmiss0_degmodglobal,8,0.0001,0.0001,0.2,2.0,0.25,0.05,lr1e-04_bs8_drop0p2_temp2p0_a0p25_b0p05__wd1e-04trmiss0_degmodglobal,12,0.5626435961042132,0.6811273396015167,0.5,0.7828153328153329,0.46153846153846156,0.0,0.5221890125955854,0.5475014277866909,0.03912342047052724,0.10722612696034568,0.0,0.0,0.0,0.0,0.0,18473,global,0.0
1,5,lr1e-04_bs8_drop0p2_temp2p0_a0p25_b0p05__wd1e-04trmiss0_degmodglobal,8,0.0001,0.0001,0.2,2.0,0.25,0.05,lr1e-04_bs8_drop0p2_temp2p0_a0p25_b0p05__wd1e-04trmiss0_degmodglobal,13,0.5596404756818499,0.6808280646800995,0.5,0.7828153328153329,0.46153846153846156,0.0,0.537854152066367,0.5460522643157414,0.03474042245319912,0.09806209802627563,0.0,0.0,0.0,0.0,0.0,18473,global,0.0
1,5,lr1e-04_bs8_drop0p2_temp2p0_a0p25_b0p05__wd1e-04trmiss0_degmodglobal,8,0.0001,0.0001,0.2,2.0,0.25,0.05,lr1e-04_bs8_drop0p2_temp2p0_a0p25_b0p05__wd1e-04trmiss0_degmodglobal,14,0.5435082146099636,0.6736038029193878,0.5555555555555556,0.8328153328153329,0.46153846153846156,0.0,0.5328100323677063,0.5330285515104022,0.030822148812668666,0.05548271297344139,0.0,0.0,0.0,0.0,0.0,18473,global,0.0
1,5,lr1e-04_bs8_drop0p2_temp2p0_a0p25_b0p05__wd1e-04trmiss0_degmodglobal,8,0.0001,0.0001,0.2,2.0,0.25,0.05,lr1e-04_bs8_drop0p2_temp2p0_a0p25_b0p05__wd1e-04trmiss0_degmodglobal,15,0.5474148052079337,0.672131359577179,0.5555555555555556,0.8198523698523699,0.5384615384615384,0.0,0.522220083645412,0.5368030795029232,0.027684656903147697,0.07381111915622439,0.0,0.0,0.0,0.0,0.0,18473,global,0.0
1,5,lr1e-04_bs8_drop0p2_temp2p0_a0p25_b0p05__wd1e-04trmiss0_degmodglobal,8,0.0001,0.0001,0.2,2.0,0.25,0.05,lr1e-04_bs8_drop0p2_temp2p0_a0p25_b0p05__wd1e-04trmiss0_degmodglobal,16,0.5527625381946564,0.681100457906723,0.5,0.791810041810042,0.46153846153846156,0.0,0.5298956206866673,0.5407026920999799,0.030869954265654087,0.08684717690838235,0.0,0.0,0.0,0.0,0.0,18473,global,0.0
1,5,lr1e-04_bs8_drop0p2_temp2p0_a0p25_b0p05__wd1e-04trmiss0_degmodglobal,8,0.0001,0.0001,0.2,2.0,0.25,0.05,lr1e-04_bs8_drop0p2_temp2p0_a0p25_b0p05__wd1e-04trmiss0_degmodglobal,17,0.5503978771822793,0.6908586919307709,0.5,0.7828153328153329,0.5384615384615384,0.0,0.4891529210976192,0.534409408058439,0.04634086202297892,0.08806516655853816,0.0,0.0,0.0,0.0,0.0,18473,global,0.0
1,5,lr1e-04_bs8_drop0p2_temp2p0_a0p25_b0p05__wd1e-04trmiss0_degmodglobal,8,0.0001,0.0001,0.2,2.0,0.25,0.05,lr1e-04_bs8_drop0p2_temp2p0_a0p25_b0p05__wd1e-04trmiss0_degmodglobal,18,0.5248002367360252,0.6907768845558167,0.5,0.7828153328153329,0.5384615384615384,0.0,0.4962509104183742,0.5076137994016919,0.04561991963003363,0.11562904076916831,0.0,0.0,0.0,0.0,0.0,18473,global,0.0
1,5,lr1e-04_bs8_drop0p2_temp2p0_a0p25_b0p05__wd1e-04trmiss0_degmodglobal,8,0.0001,0.0001,0.2,2.0,0.25,0.05,lr1e-04_bs8_drop0p2_temp2p0_a0p25_b0p05__wd1e-04trmiss0_degmodglobal,19,0.5193961773599897,0.692153662443161,0.5277777777777778,0.7920745920745922,0.5384615384615384,0.0,0.49065774253436495,0.5034086235931942,0.04650488602263587,0.08722660530890737,0.0,0.0,0.0,0.0,0.0,18473,global,0.0
1,5,lr1e-04_bs8_drop0p2_temp2p0_a0p25_b0p05__wd1e-04trmiss0_degmodglobal,8,0.0001,0.0001,0.2,2.0,0.25,0.05,lr1e-04_bs8_drop0p2_temp2p0_a0p25_b0p05__wd1e-04trmiss0_degmodglobal,20,0.520518204995564,0.6920233368873596,0.5,0.7828153328153329,0.46153846153846156,0.0,0.5059971468789237,0.5071396316800799,0.03966142237186432,0.06926419213414192,0.0,0.0,0.0,0.0,0.0,18473,global,0.0
1,5,lr1e-04_bs8_drop0p2_temp2p0_a0p25_b0p05__wd1e-04trmiss0_degmodglobal,8,0.0001,0.0001,0.2,2.0,0.25,0.05,lr1e-04_bs8_drop0p2_temp2p0_a0p25_b0p05__wd1e-04trmiss0_degmodglobal,21,0.5114252609866006,0.6938121616840363,0.5,0.7828153328153329,0.46153846153846156,0.0,0.4775695971080235,0.4995269094194685,0.03597143159380981,0.058109973690339496,0.0,0.0,0.0,0.0,0.0,18473,global,0.0
1,5,lr1e-04_bs8_drop0p2_temp2p0_a0p25_b0p05__wd1e-04trmiss0_degmodglobal,8,0.0001,0.0001,0.2,2.0,0.25,0.05,lr1e-04_bs8_drop0p2_temp2p0_a0p25_b0p05__wd1e-04trmiss0_degmodglobal,22,0.5216577010495322,0.6799283623695374,0.5,0.7828153328153329,0.46153846153846156,0.0,0.4722289400441306,0.506837717124394,0.040410270382251055,0.09434811451605388,0.0,0.0,0.0,0.0,0.0,18473,global,0.0
1,5,lr1e-04_bs8_drop0p2_temp2p0_a0p25_b0p05__wd1e-04trmiss0_degmodglobal,8,0.0001,0.0001,0.2,2.0,0.25,0.05,lr1e-04_bs8_drop0p2_temp2p0_a0p25_b0p05__wd1e-04trmiss0_degmodglobal,23,0.546676197222301,0.6791994273662567,0.4722222222222222,0.7457782957782959,0.5384615384615384,0.0,0.49541926809719633,0.532377302646637,0.039883971746478765,0.08655794177736555,0.0,0.0,0.0,0.0,0.0,18473,global,0.0
1,5,lr1e-04_bs8_drop0p2_temp2p0_a0p25_b0p05__wd1e-04trmiss0_degmodglobal,8,0.0001,0.0001,0.2,2.0,0.25,0.05,lr1e-04_bs8_drop0p2_temp2p0_a0p25_b0p05__wd1e-04trmiss0_degmodglobal,24,0.5542680323123932,0.6797323226928711,0.5,0.7828153328153329,0.5384615384615384,0.0,0.5075267255306244,0.5426261169569833,0.03326468888138022,0.06651510511125837,0.0,0.0,0.0,0.0,0.0,18473,global,0.0
1,5,lr1e-04_bs8_drop0p2_temp2p0_a0p25_b0p05__wd1e-04trmiss0_degmodglobal,8,0.0001,0.0001,0.2,2.0,0.25,0.05,lr1e-04_bs8_drop0p2_temp2p0_a0p25_b0p05__wd1e-04trmiss0_degmodglobal,25,0.5122156654085431,0.6743440926074982,0.5,0.7828153328153329,0.5384615384615384,0.0,0.481208473443985,0.4968521126679012,0.04553493857383728,0.07959645081843648,0.0,0.0,0.0,0.0,0.0,18473,global,0.0
1,5,lr1e-04_bs8_drop0p2_temp2p0_a0p25_b0p05__wd1e-04trmiss0_degmodglobal,8,0.0001,0.0001,0.2,2.0,0.25,0.05,lr1e-04_bs8_drop0p2_temp2p0_a0p25_b0p05__wd1e-04trmiss0_degmodglobal,26,0.5038483015128544,0.6715438365936279,0.5555555555555556,0.7991452991452992,0.5384615384615384,0.0,0.46248960494995117,0.49103695154190063,0.03633415446217571,0.07455643851842199,0.0,0.0,0.0,0.0,0.0,18473,global,0.0
1,5,lr1e-04_bs8_drop0p2_temp2p0_a0p25_b0p05__wd1e-04trmiss0_degmodglobal,8,0.0001,0.0001,0.2,2.0,0.25,0.05,lr1e-04_bs8_drop0p2_temp2p0_a0p25_b0p05__wd1e-04trmiss0_degmodglobal,27,0.515582378421511,0.6738683581352234,0.5833333333333334,0.811050061050061,0.6153846153846154,0.0,0.474823351417269,0.5027189041887011,0.036870723856346946,0.07291599948491369,0.0,0.0,0.0,0.0,0.0,18473,global,0.0
1,5,lr1e-04_bs8_drop0p2_temp2p0_a0p25_b0p05__wd1e-04trmiss0_degmodglobal,8,0.0001,0.0001,0.2,2.0,0.25,0.05,lr1e-04_bs8_drop0p2_temp2p0_a0p25_b0p05__wd1e-04trmiss0_degmodglobal,28,0.5124446153640747,0.6742337942123413,0.6111111111111112,0.8177840677840678,0.6153846153846154,0.0,0.4582162967750004,0.5012362131050655,0.03127125584121261,0.067811911127397,0.0,0.0,0.0,0.0,0.0,18473,global,0.0
1,5,lr1e-04_bs8_drop0p2_temp2p0_a0p25_b0p05__wd1e-04trmiss0_degmodglobal,8,0.0001,0.0001,0.2,2.0,0.25,0.05,lr1e-04_bs8_drop0p2_temp2p0_a0p25_b0p05__wd1e-04trmiss0_degmodglobal,29,0.5211476044995444,0.6750809252262115,0.5833333333333334,0.8269230769230771,0.6153846153846154,0.0,0.44362981830324444,0.5044947053704943,0.04425167664885521,0.1117998595748629,0.0,0.0,0.0,0.0,0.0,18473,global,0.0
1,5,lr1e-04_bs8_drop0p2_temp2p0_a0p25_b0p05__wd1e-04trmiss0_degmodglobal,8,0.0001,0.0001,0.2,2.0,0.25,0.05,lr1e-04_bs8_drop0p2_temp2p0_a0p25_b0p05__wd1e-04trmiss0_degmodglobal,30,0.5532032166208539,0.6723194718360901,0.5555555555555556,0.8198523698523699,0.5384615384615384,0.0,0.4926710511956896,0.5386426448822021,0.04252877139619419,0.07856784202158451,0.0,0.0,0.0,0.0,0.0,18473,global,0.0
1,5,lr1e-04_bs8_drop0p2_temp2p0_a0p25_b0p05__wd1e-04trmiss0_degmodglobal,8,0.0001,0.0001,0.2,2.0,0.25,0.05,lr1e-04_bs8_drop0p2_temp2p0_a0p25_b0p05__wd1e-04trmiss0_degmodglobal,31,0.5132044000285012,0.6689504683017731,0.5555555555555556,0.8198523698523699,0.6153846153846154,0.0,0.4539324300629752,0.49945944973400663,0.03659971457506929,0.09190059932214874,0.0,0.0,0.0,0.0,0.0,18473,global,0.0
1,5,lr1e-04_bs8_drop0p2_temp2p0_a0p25_b0p05__wd1e-04trmiss0_degmodglobal,8,0.0001,0.0001,0.2,2.0,0.25,0.05,lr1e-04_bs8_drop0p2_temp2p0_a0p25_b0p05__wd1e-04trmiss0_degmodglobal,32,0.5241973102092743,0.6750874817371368,0.6111111111111112,0.8177840677840678,0.6153846153846154,0.0,0.46673437527247835,0.511498715196337,0.03490402123757771,0.0794517073248114,0.0,0.0,0.0,0.0,0.0,18473,global,0.0
1,5,lr1e-04_bs8_drop0p2_temp2p0_a0p25_b0p05__wd1e-04trmiss0_degmodglobal,8,0.0001,0.0001,0.2,2.0,0.25,0.05,lr1e-04_bs8_drop0p2_temp2p0_a0p25_b0p05__wd1e-04trmiss0_degmodglobal,33,0.5031028049332755,0.6707697808742523,0.6111111111111112,0.8177840677840678,0.6923076923076923,0.0,0.47427020754132954,0.48656873192105976,0.04355190055710929,0.11292192073804992,0.0,0.0,0.0,0.0,0.0,18473,global,0.0
1,5,lr1e-04_bs8_drop0p2_temp2p0_a0p25_b0p05__wd1e-04trmiss0_degmodglobal,8,0.0001,0.0001,0.2,2.0,0.25,0.05,lr1e-04_bs8_drop0p2_temp2p0_a0p25_b0p05__wd1e-04trmiss0_degmodglobal,34,0.5220171000276294,0.6717256903648376,0.6111111111111112,0.8177840677840678,0.6923076923076923,0.0,0.45925856062344145,0.5041830539703369,0.05042199604213238,0.10457093747598785,0.0,0.0,0.0,0.0,0.0,18473,global,0.0
1,5,lr1e-04_bs8_drop0p2_temp2p0_a0p25_b0p05__wd1e-04trmiss0_degmodglobal,8,0.0001,0.0001,0.2,2.0,0.25,0.05,lr1e-04_bs8_drop0p2_temp2p0_a0p25_b0p05__wd1e-04trmiss0_degmodglobal,35,0.5147848001548222,0.6709624826908112,0.6111111111111112,0.8177840677840678,0.6923076923076923,0.0,0.4444288781711033,0.49778961283820017,0.04269357477980001,0.12643579287188395,0.0,0.0,0.0,0.0,0.0,18473,global,0.0
1,5,lr1e-04_bs8_drop0p2_temp2p0_a0p25_b0p05__wd1e-04trmiss0_degmodglobal,8,0.0001,0.0001,0.2,2.0,0.25,0.05,lr1e-04_bs8_drop0p2_temp2p0_a0p25_b0p05__wd1e-04trmiss0_degmodglobal,36,0.4981804745537894,0.6798208355903625,0.6111111111111112,0.8177840677840678,0.6153846153846154,0.0,0.4365581231457846,0.4851103723049164,0.03709157795778343,0.0759442515139069,0.0,0.0,0.0,0.0,0.0,18473,global,0.0
1,5,lr1e-04_bs8_drop0p2_temp2p0_a0p25_b0p05__wd1e-04trmiss0_degmodglobal,8,0.0001,0.0001,0.2,2.0,0.25,0.05,lr1e-04_bs8_drop0p2_temp2p0_a0p25_b0p05__wd1e-04trmiss0_degmodglobal,37,0.5220153885228294,0.6868776977062225,0.5833333333333334,0.8058793058793059,0.6153846153846154,0.0,0.4389129195894514,0.5048635218824659,0.04560353819813047,0.11501957582575935,0.0,0.0,0.0,0.0,0.0,18473,global,0.0
1,5,lr1e-04_bs8_drop0p2_temp2p0_a0p25_b0p05__wd1e-04trmiss0_degmodglobal,8,0.0001,0.0001,0.2,2.0,0.25,0.05,lr1e-04_bs8_drop0p2_temp2p0_a0p25_b0p05__wd1e-04trmiss0_degmodglobal,38,0.49540919065475464,0.6836211383342743,0.6111111111111112,0.8177840677840678,0.6153846153846154,0.0,0.42935553193092346,0.4767190558569772,0.05166577334914889,0.11547385821385044,0.0,0.0,0.0,0.0,0.0,18473,global,0.0
1,5,lr1e-04_bs8_drop0p2_temp2p0_a0p25_b0p05__wd1e-04trmiss0_degmodglobal,8,0.0001,0.0001,0.2,2.0,0.25,0.05,lr1e-04_bs8_drop0p2_temp2p0_a0p25_b0p05__wd1e-04trmiss0_degmodglobal,39,0.5093903882162911,0.6831380426883698,0.6111111111111112,0.8177840677840678,0.6153846153846154,0.0,0.4307816880089896,0.4847366384097508,0.06768779190523284,0.15463610206331527,0.0,0.0,0.0,0.0,0.0,18473,global,0.0
1,5,lr1e-04_bs8_drop0p2_temp2p0_a0p25_b0p05__wd1e-04trmiss0_degmodglobal,8,0.0001,0.0001,0.2,2.0,0.25,0.05,lr1e-04_bs8_drop0p2_temp2p0_a0p25_b0p05__wd1e-04trmiss0_degmodglobal,40,0.517974146774837,0.6852093636989594,0.6111111111111112,0.8177840677840678,0.6153846153846154,0.0,0.42588123253413607,0.49294636079243254,0.064727214298078,0.17691971787384578,0.0,0.0,0.0,0.0,0.0,18473,global,0.0
1,5,lr1e-04_bs8_drop0p2_temp2p0_a0p25_b0p05__wd1e-04trmiss0_degmodglobal,8,0.0001,0.0001,0.2,2.0,0.25,0.05,lr1e-04_bs8_drop0p2_temp2p0_a0p25_b0p05__wd1e-04trmiss0_degmodglobal,41,0.5000901945999691,0.680156946182251,0.6111111111111112,0.8177840677840678,0.6153846153846154,0.0,0.42393456612314495,0.47699988314083647,0.06295759071196828,0.14701841611947333,0.0,0.0,0.0,0.0,0.0,18473,global,0.0
1,5,lr1e-04_bs8_drop0p2_temp2p0_a0p25_b0p05__wd1e-04trmiss0_degmodglobal,8,0.0001,0.0001,0.2,2.0,0.25,0.05,lr1e-04_bs8_drop0p2_temp2p0_a0p25_b0p05__wd1e-04trmiss0_degmodglobal,42,0.4979385733604431,0.6795091032981873,0.6111111111111112,0.8177840677840678,0.6153846153846154,0.0,0.41462925502232145,0.47294215645108906,0.07325912107314382,0.13363256358674594,0.0,0.0,0.0,0.0,0.0,18473,global,0.0
1,5,lr1e-04_bs8_drop0p2_temp2p0_a0p25_b0p05__wd1e-04trmiss0_degmodglobal,8,0.0001,0.0001,0.2,2.0,0.25,0.05,lr1e-04_bs8_drop0p2_temp2p0_a0p25_b0p05__wd1e-04trmiss0_degmodglobal,43,0.5190782717296055,0.677434116601944,0.6111111111111112,0.8177840677840678,0.6153846153846154,0.0,0.40594565868377686,0.49592543074062895,0.060357968722070963,0.16126717520611628,0.0,0.0,0.0,0.0,0.0,18473,global,0.0
1,5,lr1e-04_bs8_drop0p2_temp2p0_a0p25_b0p05__wd1e-04trmiss0_degmodglobal,8,0.0001,0.0001,0.2,2.0,0.25,0.05,lr1e-04_bs8_drop0p2_temp2p0_a0p25_b0p05__wd1e-04trmiss0_degmodglobal,44,0.4926702891077314,0.6794433891773224,0.5833333333333334,0.8058793058793059,0.6153846153846154,0.0,0.4057989631380354,0.4688232157911573,0.06696661881038121,0.14210837706923485,0.0,0.0,0.0,0.0,0.0,18473,global,0.0
1,5,lr1e-04_bs8_drop0p2_temp2p0_a0p25_b0p05__wd1e-04trmiss0_degmodglobal,8,0.0001,0.0001,0.2,2.0,0.25,0.05,lr1e-04_bs8_drop0p2_temp2p0_a0p25_b0p05__wd1e-04trmiss0_degmodglobal,45,0.5210661334650857,0.6749820709228516,0.6111111111111112,0.8177840677840678,0.6923076923076923,0.0,0.41937450000217985,0.4862568846770695,0.09279005748352834,0.23223469273320266,0.0,0.0,0.0,0.0,0.0,18473,global,0.0
1,5,lr1e-04_bs8_drop0p2_temp2p0_a0p25_b0p05__wd1e-04trmiss0_degmodglobal,8,0.0001,0.0001,0.2,2.0,0.25,0.05,lr1e-04_bs8_drop0p2_temp2p0_a0p25_b0p05__wd1e-04trmiss0_degmodglobal,46,0.5047617724963597,0.675552487373352,0.6111111111111112,0.8177840677840678,0.6153846153846154,0.0,0.41683497173445566,0.4814666679927281,0.06519269677145141,0.1399388462305069,0.0,0.0,0.0,0.0,0.0,18473,global,0.0
1,5,lr1e-04_bs8_drop0p2_temp2p0_a0p25_b0p05__wd1e-04trmiss0_degmodglobal,8,0.0001,0.0001,0.2,2.0,0.25,0.05,lr1e-04_bs8_drop0p2_temp2p0_a0p25_b0p05__wd1e-04trmiss0_degmodglobal,47,0.5253738377775464,0.6725583076477051,0.6111111111111112,0.8177840677840678,0.6153846153846154,0.0,0.41003456711769104,0.49668270349502563,0.07062505877443723,0.22069732419082097,0.0,0.0,0.0,0.0,0.0,18473,global,0.0
1,5,lr1e-04_bs8_drop0p2_temp2p0_a0p25_b0p05__wd1e-04trmiss0_degmodglobal,8,0.0001,0.0001,0.2,2.0,0.25,0.05,lr1e-04_bs8_drop0p2_temp2p0_a0p25_b0p05__wd1e-04trmiss0_degmodglobal,48,0.4982480619634901,0.6674230694770813,0.638888888888889,0.8455618455618457,0.6153846153846154,0.0,0.39105253560202463,0.4695568723337991,0.07565925217100553,0.1955274705375944,0.0,0.0,0.0,0.0,0.0,18473,global,0.0
1,5,lr1e-04_bs8_drop0p2_temp2p0_a0p25_b0p05__wd1e-04trmiss0_degmodglobal,8,0.0001,0.0001,0.2,2.0,0.25,0.05,lr1e-04_bs8_drop0p2_temp2p0_a0p25_b0p05__wd1e-04trmiss0_degmodglobal,49,0.5272291771003178,0.6660342514514923,0.638888888888889,0.8455618455618457,0.6153846153846154,0.0,0.4215015896729061,0.4991999481405531,0.07638057214873177,0.1786818408540317,0.0,0.0,0.0,0.0,0.0,18473,global,0.0
1,5,lr1e-04_bs8_drop0p2_temp2p0_a0p25_b0p05__wd1e-04trmiss0_degmodglobal,8,0.0001,0.0001,0.2,2.0,0.25,0.05,lr1e-04_bs8_drop0p2_temp2p0_a0p25_b0p05__wd1e-04trmiss0_degmodglobal,50,0.517422731433596,0.6663936078548431,0.638888888888889,0.8455618455618457,0.6153846153846154,0.0,0.44687874402318684,0.4987421844686781,0.0523796874497618,0.11171245841043335,0.0,0.0,0.0,0.0,0.0,18473,global,0.0
1,5,lr1e-04_bs8_drop0p2_temp2p0_a0p25_b0p05__wd1e-04trmiss0_degmodglobal,8,0.0001,0.0001,0.2,2.0,0.25,0.05,lr1e-04_bs8_drop0p2_temp2p0_a0p25_b0p05__wd1e-04trmiss0_degmodglobal,51,0.4987574432577406,0.6657412946224213,0.638888888888889,0.8455618455618457,0.6153846153846154,0.0,0.3841829172202519,0.4716947717326028,0.07404788583517075,0.171013919370515,0.0,0.0,0.0,0.0,0.0,18473,global,0.0
1,5,lr1e-04_bs8_drop0p2_temp2p0_a0p25_b0p05__wd1e-04trmiss0_degmodglobal,8,0.0001,0.0001,0.2,2.0,0.25,0.05,lr1e-04_bs8_drop0p2_temp2p0_a0p25_b0p05__wd1e-04trmiss0_degmodglobal,52,0.5057084602969033,0.6680269539356232,0.638888888888889,0.8455618455618457,0.6153846153846154,0.0,0.40201749971934725,0.4815694902624403,0.06845476425119809,0.14050534686871938,0.0,0.0,0.0,0.0,0.0,18473,global,0.0
1,5,lr1e-04_bs8_drop0p2_temp2p0_a0p25_b0p05__wd1e-04trmiss0_degmodglobal,8,0.0001,0.0001,0.2,2.0,0.25,0.05,lr1e-04_bs8_drop0p2_temp2p0_a0p25_b0p05__wd1e-04trmiss0_degmodglobal,53,0.5494218426091331,0.6687750816345215,0.638888888888889,0.8455618455618457,0.6153846153846154,0.0,0.438597104379109,0.5157221640859332,0.0942084863781929,0.20295105714883124,0.0,0.0,0.0,0.0,0.0,18473,global,0.0
1,5,lr1e-04_bs8_drop0p2_temp2p0_a0p25_b0p05__wd1e-04trmiss0_degmodglobal,8,0.0001,0.0001,0.2,2.0,0.25,0.05,lr1e-04_bs8_drop0p2_temp2p0_a0p25_b0p05__wd1e-04trmiss0_degmodglobal,54,0.5458835363388062,0.6665419638156891,0.638888888888889,0.8455618455618457,0.6153846153846154,0.0,0.41875846896852764,0.5152731112071446,0.08130270934530667,0.20569491599287307,0.0,0.0,0.0,0.0,0.0,18473,global,0.0
1,5,lr1e-04_bs8_drop0p2_temp2p0_a0p25_b0p05__wd1e-04trmiss0_degmodglobal,8,0.0001,0.0001,0.2,2.0,0.25,0.05,lr1e-04_bs8_drop0p2_temp2p0_a0p25_b0p05__wd1e-04trmiss0_degmodglobal,55,0.5362813004425594,0.6673277318477631,0.638888888888889,0.8455618455618457,0.6923076923076923,0.0,0.39286633900233675,0.5049727261066437,0.08208286655800683,0.2157573966043336,0.0,0.0,0.0,0.0,0.0,18473,global,0.0
1,5,lr1e-04_bs8_drop0p2_temp2p0_a0p25_b0p05__wd1e-04trmiss0_degmodglobal,8,0.0001,0.0001,0.2,2.0,0.25,0.05,lr1e-04_bs8_drop0p2_temp2p0_a0p25_b0p05__wd1e-04trmiss0_degmodglobal,56,0.5179605994905744,0.6708946824073792,0.6111111111111112,0.8177840677840678,0.6153846153846154,0.0,0.3990990902696337,0.4874239308493478,0.07999039068818092,0.2107817679643631,0.0,0.0,0.0,0.0,0.0,18473,global,0.0
1,5,lr1e-04_bs8_drop0p2_temp2p0_a0p25_b0p05__wd1e-04trmiss0_degmodglobal,8,0.0001,0.0001,0.2,2.0,0.25,0.05,lr1e-04_bs8_drop0p2_temp2p0_a0p25_b0p05__wd1e-04trmiss0_degmodglobal,57,0.4987370925290244,0.6732239723205566,0.6111111111111112,0.8177840677840678,0.6153846153846154,0.0,0.40439209767750334,0.4742720765726907,0.06618851636137281,0.1583577139036996,0.0,0.0,0.0,0.0,0.0,18473,global,0.0
1,5,lr1e-04_bs8_drop0p2_temp2p0_a0p25_b0p05__wd1e-04trmiss0_degmodglobal,8,0.0001,0.0001,0.2,2.0,0.25,0.05,lr1e-04_bs8_drop0p2_temp2p0_a0p25_b0p05__wd1e-04trmiss0_degmodglobal,58,0.5089910413537707,0.6730494797229767,0.6111111111111112,0.8177840677840678,0.6153846153846154,0.0,0.3704758882522583,0.47856121403830393,0.0762819376374994,0.2271869597690446,0.0,0.0,0.0,0.0,0.0,18473,global,0.0
1,5,lr1e-04_bs8_drop0p2_temp2p0_a0p25_b0p05__wd1e-04trmiss0_degmodglobal,8,0.0001,0.0001,0.2,2.0,0.25,0.05,lr1e-04_bs8_drop0p2_temp2p0_a0p25_b0p05__wd1e-04trmiss0_degmodglobal,59,0.5339894465037754,0.6710189282894135,0.6111111111111112,0.8177840677840678,0.6923076923076923,0.0,0.38962602615356445,0.4961342087813786,0.10842814615794591,0.21496424398251943,0.0,0.0,0.0,0.0,0.0,18473,global,0.0
1,5,lr1e-04_bs8_drop0p2_temp2p0_a0p25_b0p05__wd1e-04trmiss0_degmodglobal,8,0.0001,0.0001,0.2,2.0,0.25,0.05,lr1e-04_bs8_drop0p2_temp2p0_a0p25_b0p05__wd1e-04trmiss0_degmodglobal,60,0.5123305363314492,0.6718813478946686,0.6111111111111112,0.8177840677840678,0.6153846153846154,0.0,0.36729239565985544,0.47127360105514526,0.11222016172749656,0.2600380533507892,0.0,0.0,0.0,0.0,0.0,18473,global,0.0
1,5,lr1e-04_bs8_drop0p2_temp2p0_a0p25_b0p05__wd1e-04trmiss0_degmodglobal,8,0.0001,0.0001,0.2,2.0,0.25,0.05,lr1e-04_bs8_drop0p2_temp2p0_a0p25_b0p05__wd1e-04trmiss0_degmodglobal,61,0.5137756892613002,0.673352986574173,0.6111111111111112,0.8177840677840678,0.6153846153846154,0.0,0.37313051734651836,0.4784636752946036,0.09390715828963689,0.23670442402362823,0.0,0.0,0.0,0.0,0.0,18473,global,0.0
1,5,lr1e-04_bs8_drop0p2_temp2p0_a0p25_b0p05__wd1e-04trmiss0_degmodglobal,8,0.0001,0.0001,0.2,2.0,0.25,0.05,lr1e-04_bs8_drop0p2_temp2p0_a0p25_b0p05__wd1e-04trmiss0_degmodglobal,62,0.5460405094282967,0.676492840051651,0.6111111111111112,0.8177840677840678,0.6153846153846154,0.0,0.4043006045477731,0.5133217189993177,0.08654462599328586,0.22165233961173467,0.0,0.0,0.0,0.0,0.0,18473,global,0.0
1,5,lr1e-04_bs8_drop0p2_temp2p0_a0p25_b0p05__wd1e-04trmiss0_degmodglobal,8,0.0001,0.0001,0.2,2.0,0.25,0.05,lr1e-04_bs8_drop0p2_temp2p0_a0p25_b0p05__wd1e-04trmiss0_degmodglobal,63,0.5187691918441227,0.6730676889419556,0.6111111111111112,0.8177840677840678,0.6153846153846154,0.0,0.368444915328707,0.483054165329252,0.09345812989132744,0.24701004768056528,0.0,0.0,0.0,0.0,0.0,18473,global,0.0
1,5,lr1e-04_bs8_drop0p2_temp2p0_a0p25_b0p05__wd1e-04trmiss0_degmodglobal,8,0.0001,0.0001,0.2,2.0,0.25,0.05,lr1e-04_bs8_drop0p2_temp2p0_a0p25_b0p05__wd1e-04trmiss0_degmodglobal,64,0.5438521078654698,0.6770867109298706,0.6111111111111112,0.8177840677840678,0.6153846153846154,0.0,0.39264300039836336,0.5132959144456046,0.08099739253520966,0.20613695361784526,0.0,0.0,0.0,0.0,0.0,18473,global,0.0
1,5,lr1e-04_bs8_drop0p2_temp2p0_a0p25_b0p05__wd1e-04trmiss0_degmodglobal,8,0.0001,0.0001,0.2,2.0,0.25,0.05,lr1e-04_bs8_drop0p2_temp2p0_a0p25_b0p05__wd1e-04trmiss0_degmodglobal,65,0.5138963886669704,0.6738828122615814,0.6111111111111112,0.8177840677840678,0.6153846153846154,0.0,0.4014650966439928,0.4862652931894575,0.0755755321255752,0.17474421220166342,0.0,0.0,0.0,0.0,0.0,18473,global,0.0
1,5,lr1e-04_bs8_drop0p2_temp2p0_a0p25_b0p05__wd1e-04trmiss0_degmodglobal,8,0.0001,0.0001,0.2,2.0,0.25,0.05,lr1e-04_bs8_drop0p2_temp2p0_a0p25_b0p05__wd1e-04trmiss0_degmodglobal,66,0.5358242222240993,0.6781318783760071,0.6111111111111112,0.8177840677840678,0.6153846153846154,0.0,0.4034348172800882,0.5011233389377594,0.09013193047472409,0.24335782123463495,0.0,0.0,0.0,0.0,0.0,18473,global,0.0
1,5,lr1e-04_bs8_drop0p2_temp2p0_a0p25_b0p05__wd1e-04trmiss0_degmodglobal,8,0.0001,0.0001,0.2,2.0,0.25,0.05,lr1e-04_bs8_drop0p2_temp2p0_a0p25_b0p05__wd1e-04trmiss0_degmodglobal,67,0.5110321768692562,0.6755832135677338,0.6111111111111112,0.8177840677840678,0.6153846153846154,0.0,0.35757245336260113,0.47428751417568754,0.09504487312265805,0.25966861844062805,0.0,0.0,0.0,0.0,0.0,18473,global,0.0
1,5,lr1e-04_bs8_drop0p2_temp2p0_a0p25_b0p05__wd1e-04trmiss0_degmodglobal,8,0.0001,0.0001,0.2,2.0,0.25,0.05,lr1e-04_bs8_drop0p2_temp2p0_a0p25_b0p05__wd1e-04trmiss0_degmodglobal,68,0.5411244290215629,0.6749429702758789,0.6111111111111112,0.8177840677840678,0.6153846153846154,0.0,0.3831251731940678,0.5023175605705806,0.09893351048231125,0.2814701891371182,0.0,0.0,0.0,0.0,0.0,18473,global,0.0
1,5,lr1e-04_bs8_drop0p2_temp2p0_a0p25_b0p05__wd1e-04trmiss0_degmodglobal,8,0.0001,0.0001,0.2,2.0,0.25,0.05,lr1e-04_bs8_drop0p2_temp2p0_a0p25_b0p05__wd1e-04trmiss0_degmodglobal,69,0.5194286448614938,0.6765249669551849,0.6111111111111112,0.8177840677840678,0.6153846153846154,0.0,0.3588923386165074,0.48364498785563875,0.09305318657841001,0.25040736155850546,0.0,0.0,0.0,0.0,0.0,18473,global,0.0
1,5,lr1e-04_bs8_drop0p2_temp2p0_a0p25_b0p05__wd1e-04trmiss0_degmodglobal,8,0.0001,0.0001,0.2,2.0,0.25,0.05,lr1e-04_bs8_drop0p2_temp2p0_a0p25_b0p05__wd1e-04trmiss0_degmodglobal,70,0.5162971956389291,0.6722588241100311,0.6111111111111112,0.8177840677840678,0.6153846153846154,0.0,0.3714014376912798,0.4763577878475189,0.10907814864601408,0.25339745730161667,0.0,0.0,0.0,0.0,0.0,18473,global,0.0
1,5,lr1e-04_bs8_drop0p2_temp2p0_a0p25_b0p05__wd1e-04trmiss0_degmodglobal,8,0.0001,0.0001,0.2,2.0,0.25,0.05,lr1e-04_bs8_drop0p2_temp2p0_a0p25_b0p05__wd1e-04trmiss0_degmodglobal,71,0.5202055445739201,0.6722400486469269,0.6111111111111112,0.8177840677840678,0.6153846153846154,0.0,0.36127749936921255,0.4808355484689985,0.10188119964940208,0.2779940090009144,0.0,0.0,0.0,0.0,0.0,18473,global,0.0
1,5,lr1e-04_bs8_drop0p4_temp1p0_a0p25_b0p05__wd1e-04trmiss0_degmodglobal,8,0.0001,0.0001,0.4,1.0,0.25,0.05,lr1e-04_bs8_drop0p4_temp1p0_a0p25_b0p05__wd1e-04trmiss0_degmodglobal,1,0.6723042471068246,0.6449518203735352,0.6388888888888888,0.7510461760461762,0.6923076923076923,0.0,0.6613043035779681,0.6512735741479057,0.04879888413207872,0.1766188783305032,0.0,0.0,0.0,0.0,0.0,18473,global,0.0
1,5,lr1e-04_bs8_drop0p4_temp1p0_a0p25_b0p05__wd1e-04trmiss0_degmodglobal,8,0.0001,0.0001,0.4,1.0,0.25,0.05,lr1e-04_bs8_drop0p4_temp1p0_a0p25_b0p05__wd1e-04trmiss0_degmodglobal,2,0.6736170904976981,0.6354275047779083,0.611111111111111,0.7419142585809253,0.6923076923076923,0.0,0.6603158797536578,0.6462257078715733,0.06322418100067548,0.2317067427294595,0.0,0.0,0.0,0.0,0.0,18473,global,0.0
1,5,lr1e-04_bs8_drop0p4_temp1p0_a0p25_b0p05__wd1e-04trmiss0_degmodglobal,8,0.0001,0.0001,0.4,1.0,0.25,0.05,lr1e-04_bs8_drop0p4_temp1p0_a0p25_b0p05__wd1e-04trmiss0_degmodglobal,3,0.6462101340293884,0.6315908432006836,0.6666666666666666,0.8038800705467373,0.6923076923076923,0.0,0.6385418006352016,0.6246844359806606,0.04909972633634295,0.18501530906983785,0.0,0.0,0.0,0.0,0.0,18473,global,0.0
1,5,lr1e-04_bs8_drop0p4_temp1p0_a0p25_b0p05__wd1e-04trmiss0_degmodglobal,8,0.0001,0.0001,0.4,1.0,0.25,0.05,lr1e-04_bs8_drop0p4_temp1p0_a0p25_b0p05__wd1e-04trmiss0_degmodglobal,4,0.6523871677262443,0.6306042373180389,0.6388888888888888,0.7919753086419754,0.6923076923076923,0.0,0.6105425102370126,0.6299209679876056,0.0566380862146616,0.16613336386425154,0.0,0.0,0.0,0.0,0.0,18473,global,0.0
1,5,lr1e-04_bs8_drop0p4_temp1p0_a0p25_b0p05__wd1e-04trmiss0_degmodglobal,8,0.0001,0.0001,0.4,1.0,0.25,0.05,lr1e-04_bs8_drop0p4_temp1p0_a0p25_b0p05__wd1e-04trmiss0_degmodglobal,5,0.6154737046786717,0.6297169625759125,0.6944444444444444,0.83658810325477,0.6923076923076923,0.0,0.6158397964068821,0.5827045653547559,0.07535240586314883,0.27862080718789783,0.0,0.0,0.0,0.0,0.0,18473,global,0.0
1,5,lr1e-04_bs8_drop0p4_temp1p0_a0p25_b0p05__wd1e-04trmiss0_degmodglobal,8,0.0001,0.0001,0.4,1.0,0.25,0.05,lr1e-04_bs8_drop0p4_temp1p0_a0p25_b0p05__wd1e-04trmiss0_degmodglobal,6,0.6112372875213623,0.6344374120235443,0.6388888888888888,0.7863235529902197,0.7692307692307693,0.0,0.5554189596857343,0.5822440556117466,0.06771020431603704,0.24131351709365845,0.0,0.0,0.0,0.0,0.0,18473,global,0.0
1,5,lr1e-04_bs8_drop0p4_temp1p0_a0p25_b0p05__wd1e-04trmiss0_degmodglobal,8,0.0001,0.0001,0.4,1.0,0.25,0.05,lr1e-04_bs8_drop0p4_temp1p0_a0p25_b0p05__wd1e-04trmiss0_degmodglobal,7,0.6030040809086391,0.6390242576599121,0.6111111111111112,0.7715087381754049,0.7692307692307693,0.0,0.6001725622585842,0.571354193346841,0.07309554197958537,0.2675202786922455,0.0,0.0,0.0,0.0,0.0,18473,global,0.0
1,5,lr1e-04_bs8_drop0p4_temp1p0_a0p25_b0p05__wd1e-04trmiss0_degmodglobal,8,0.0001,0.0001,0.4,1.0,0.25,0.05,lr1e-04_bs8_drop0p4_temp1p0_a0p25_b0p05__wd1e-04trmiss0_degmodglobal,8,0.6061163033757891,0.6390939354896545,0.6111111111111112,0.7715087381754049,0.7692307692307693,0.0,0.5754336203847613,0.5741141395909446,0.07773155878697123,0.2513854599424771,0.0,0.0,0.0,0.0,0.0,18473,global,0.0
1,5,lr1e-04_bs8_drop0p4_temp1p0_a0p25_b0p05__wd1e-04trmiss0_degmodglobal,8,0.0001,0.0001,0.4,1.0,0.25,0.05,lr1e-04_bs8_drop0p4_temp1p0_a0p25_b0p05__wd1e-04trmiss0_degmodglobal,9,0.6073588473456246,0.6426117420196533,0.5833333333333334,0.7159531826198493,0.7692307692307693,0.0,0.6010916062763759,0.5846948453358242,0.05200176207082612,0.193271561392716,0.0,0.0,0.0,0.0,0.0,18473,global,0.0
1,5,lr1e-04_bs8_drop0p4_temp1p0_a0p25_b0p05__wd1e-04trmiss0_degmodglobal,8,0.0001,0.0001,0.4,1.0,0.25,0.05,lr1e-04_bs8_drop0p4_temp1p0_a0p25_b0p05__wd1e-04trmiss0_degmodglobal,10,0.6215568270002093,0.6420303285121918,0.6111111111111112,0.7307679974346641,0.7692307692307693,0.0,0.5734107664653233,0.5919641894953591,0.07914113466228757,0.1961469522544316,0.0,0.0,0.0,0.0,0.0,18473,global,0.0
1,5,lr1e-04_bs8_drop0p4_temp1p0_a0p25_b0p05__wd1e-04trmiss0_degmodglobal,8,0.0001,0.0001,0.4,1.0,0.25,0.05,lr1e-04_bs8_drop0p4_temp1p0_a0p25_b0p05__wd1e-04trmiss0_degmodglobal,11,0.5904292804854256,0.6282332539558411,0.6944444444444444,0.83658810325477,0.8461538461538461,0.0,0.5589929308210101,0.5608828748975482,0.0714024869459016,0.23391588032245636,0.0,0.0,0.0,0.0,0.0,18473,global,0.0
1,5,lr1e-04_bs8_drop0p4_temp1p0_a0p25_b0p05__wd1e-04trmiss0_degmodglobal,8,0.0001,0.0001,0.4,1.0,0.25,0.05,lr1e-04_bs8_drop0p4_temp1p0_a0p25_b0p05__wd1e-04trmiss0_degmodglobal,12,0.5801664335387093,0.6219640076160431,0.6666666666666666,0.8290123456790124,0.7692307692307693,0.0,0.5735687187739781,0.5452632095132556,0.07770612037607602,0.3095337876251766,0.0,0.0,0.0,0.0,0.0,18473,global,0.0
1,5,lr1e-04_bs8_drop0p4_temp1p0_a0p25_b0p05__wd1e-04trmiss0_degmodglobal,8,0.0001,0.0001,0.4,1.0,0.25,0.05,lr1e-04_bs8_drop0p4_temp1p0_a0p25_b0p05__wd1e-04trmiss0_degmodglobal,13,0.5475528836250305,0.6212098002433777,0.6666666666666666,0.8290123456790124,0.7692307692307693,0.0,0.5613731571606227,0.5219749127115522,0.06309607305697032,0.19607907799737795,0.0,0.0,0.0,0.0,0.0,18473,global,0.0
1,5,lr1e-04_bs8_drop0p4_temp1p0_a0p25_b0p05__wd1e-04trmiss0_degmodglobal,8,0.0001,0.0001,0.4,1.0,0.25,0.05,lr1e-04_bs8_drop0p4_temp1p0_a0p25_b0p05__wd1e-04trmiss0_degmodglobal,14,0.5685023239680699,0.6240697503089905,0.6666666666666666,0.8290123456790124,0.7692307692307693,0.0,0.5926722628729684,0.5502412148884365,0.04292781837284565,0.15058301548872674,0.0,0.0,0.0,0.0,0.0,18473,global,0.0
1,5,lr1e-04_bs8_drop0p4_temp1p0_a0p25_b0p05__wd1e-04trmiss0_degmodglobal,8,0.0001,0.0001,0.4,1.0,0.25,0.05,lr1e-04_bs8_drop0p4_temp1p0_a0p25_b0p05__wd1e-04trmiss0_degmodglobal,15,0.5696587988308498,0.6268742382526398,0.6666666666666666,0.8038800705467373,0.7692307692307693,0.0,0.5880670036588397,0.5422564830098834,0.06479529025299209,0.22407004343611853,0.0,0.0,0.0,0.0,0.0,18473,global,0.0
1,5,lr1e-04_bs8_drop0p4_temp1p0_a0p25_b0p05__wd1e-04trmiss0_degmodglobal,8,0.0001,0.0001,0.4,1.0,0.25,0.05,lr1e-04_bs8_drop0p4_temp1p0_a0p25_b0p05__wd1e-04trmiss0_degmodglobal,16,0.587187477520534,0.638050377368927,0.6388888888888888,0.7483245149911817,0.7692307692307693,0.0,0.5896149746009282,0.5589401296206883,0.06748169554131371,0.22753858619502612,0.0,0.0,0.0,0.0,0.0,18473,global,0.0
1,5,lr1e-04_bs8_drop0p4_temp1p0_a0p25_b0p05__wd1e-04trmiss0_degmodglobal,8,0.0001,0.0001,0.4,1.0,0.25,0.05,lr1e-04_bs8_drop0p4_temp1p0_a0p25_b0p05__wd1e-04trmiss0_degmodglobal,17,0.5968817387308393,0.6388328969478607,0.6388888888888888,0.7527167277167278,0.7692307692307693,0.0,0.5331533423491887,0.5652640461921692,0.07806825744254249,0.24201247202498571,0.0,0.0,0.0,0.0,0.0,18473,global,0.0
1,5,lr1e-04_bs8_drop0p4_temp1p0_a0p25_b0p05__wd1e-04trmiss0_degmodglobal,8,0.0001,0.0001,0.4,1.0,0.25,0.05,lr1e-04_bs8_drop0p4_temp1p0_a0p25_b0p05__wd1e-04trmiss0_degmodglobal,18,0.5722896541867938,0.6370577216148376,0.6666666666666666,0.7591269841269842,0.7692307692307693,0.0,0.556461010660444,0.543729590518134,0.07183643856218883,0.21201937326363154,0.0,0.0,0.0,0.0,0.0,18473,global,0.0
1,5,lr1e-04_bs8_drop0p4_temp1p0_a0p25_b0p05__wd1e-04trmiss0_degmodglobal,8,0.0001,0.0001,0.4,1.0,0.25,0.05,lr1e-04_bs8_drop0p4_temp1p0_a0p25_b0p05__wd1e-04trmiss0_degmodglobal,19,0.5831286566598075,0.637352705001831,0.6666666666666666,0.7591269841269842,0.7692307692307693,0.0,0.5614028487886701,0.544859162398747,0.09162376235638346,0.30727130813258036,0.0,0.0,0.0,0.0,0.0,18473,global,0.0
1,5,lr1e-04_bs8_drop0p4_temp1p0_a0p25_b0p05__wd1e-04trmiss0_degmodglobal,8,0.0001,0.0001,0.4,1.0,0.25,0.05,lr1e-04_bs8_drop0p4_temp1p0_a0p25_b0p05__wd1e-04trmiss0_degmodglobal,20,0.546333406652723,0.6392899453639984,0.6666666666666666,0.7591269841269842,0.6923076923076923,0.0,0.519531956740788,0.514761243547712,0.08150150094713483,0.22393553597586496,0.0,0.0,0.0,0.0,0.0,18473,global,0.0
1,5,lr1e-04_bs8_drop0p4_temp1p0_a0p25_b0p05__wd1e-04trmiss0_degmodglobal,8,0.0001,0.0001,0.4,1.0,0.25,0.05,lr1e-04_bs8_drop0p4_temp1p0_a0p25_b0p05__wd1e-04trmiss0_degmodglobal,21,0.5661508611270359,0.6334301829338074,0.6666666666666666,0.7591269841269842,0.6923076923076923,0.0,0.5629974518503461,0.5353016214711326,0.0745293027056115,0.24433849539075578,0.0,0.0,0.0,0.0,0.0,18473,global,0.0
1,5,lr1e-04_bs8_drop0p4_temp1p0_a0p25_b0p05__wd1e-04trmiss0_degmodglobal,8,0.0001,0.0001,0.4,1.0,0.25,0.05,lr1e-04_bs8_drop0p4_temp1p0_a0p25_b0p05__wd1e-04trmiss0_degmodglobal,22,0.5648504538195473,0.6327088177204132,0.6944444444444444,0.8146825396825397,0.6923076923076923,0.0,0.5307758578232357,0.5361698269844055,0.07216898245470864,0.21276785113981792,0.0,0.0,0.0,0.0,0.0,18473,global,0.0
1,5,lr1e-04_bs8_drop0p4_temp1p0_a0p25_b0p05__wd1e-04trmiss0_degmodglobal,8,0.0001,0.0001,0.4,1.0,0.25,0.05,lr1e-04_bs8_drop0p4_temp1p0_a0p25_b0p05__wd1e-04trmiss0_degmodglobal,23,0.5600710511207581,0.6304703950881958,0.7222222222222222,0.8245590828924163,0.6923076923076923,0.0,0.5639774543898446,0.5317709871700832,0.0701939735029425,0.21503118319170816,0.0,0.0,0.0,0.0,0.0,18473,global,0.0
1,5,lr1e-04_bs8_drop0p4_temp1p0_a0p25_b0p05__wd1e-04trmiss0_degmodglobal,8,0.0001,0.0001,0.4,1.0,0.25,0.05,lr1e-04_bs8_drop0p4_temp1p0_a0p25_b0p05__wd1e-04trmiss0_degmodglobal,24,0.5580369234085083,0.6170906126499176,0.75,0.8615961199294533,0.6923076923076923,0.0,0.5178967671734946,0.5266690041337695,0.08237651203359876,0.21547600094761168,0.0,0.0,0.0,0.0,0.0,18473,global,0.0
1,5,lr1e-04_bs8_drop0p4_temp1p0_a0p25_b0p05__wd1e-04trmiss0_degmodglobal,8,0.0001,0.0001,0.4,1.0,0.25,0.05,lr1e-04_bs8_drop0p4_temp1p0_a0p25_b0p05__wd1e-04trmiss0_degmodglobal,25,0.587920606136322,0.6135023534297943,0.75,0.8615961199294533,0.6923076923076923,0.0,0.5398542966161456,0.5629201531410217,0.06309006948556219,0.18455874707017625,0.0,0.0,0.0,0.0,0.0,18473,global,0.0
1,5,lr1e-04_bs8_drop0p4_temp1p0_a0p25_b0p05__wd1e-04trmiss0_degmodglobal,8,0.0001,0.0001,0.4,1.0,0.25,0.05,lr1e-04_bs8_drop0p4_temp1p0_a0p25_b0p05__wd1e-04trmiss0_degmodglobal,26,0.5719056129455566,0.6217631101608276,0.6944444444444444,0.8146825396825397,0.6923076923076923,0.0,0.497657767363957,0.5379639140197209,0.08681072880114828,0.24478042445012502,0.0,0.0,0.0,0.0,0.0,18473,global,0.0
1,5,lr1e-04_bs8_drop0p4_temp1p0_a0p25_b0p05__wd1e-04trmiss0_degmodglobal,8,0.0001,0.0001,0.4,1.0,0.25,0.05,lr1e-04_bs8_drop0p4_temp1p0_a0p25_b0p05__wd1e-04trmiss0_degmodglobal,27,0.5686972481863839,0.6246214210987091,0.6944444444444444,0.8146825396825397,0.6923076923076923,0.0,0.5177937022277287,0.5321640968322754,0.09008434042334557,0.28024114455495563,0.0,0.0,0.0,0.0,0.0,18473,global,0.0
1,5,lr1e-04_bs8_drop0p4_temp1p0_a0p25_b0p05__wd1e-04trmiss0_degmodglobal,8,0.0001,0.0001,0.4,1.0,0.25,0.05,lr1e-04_bs8_drop0p4_temp1p0_a0p25_b0p05__wd1e-04trmiss0_degmodglobal,28,0.5487997106143406,0.6245083510875702,0.6944444444444444,0.8146825396825397,0.7692307692307693,0.0,0.522268146276474,0.5148510720048632,0.08595630579761096,0.2491912389440196,0.0,0.0,0.0,0.0,0.0,18473,global,0.0
1,5,lr1e-04_bs8_drop0p4_temp1p0_a0p25_b0p05__wd1e-04trmiss0_degmodglobal,8,0.0001,0.0001,0.4,1.0,0.25,0.05,lr1e-04_bs8_drop0p4_temp1p0_a0p25_b0p05__wd1e-04trmiss0_degmodglobal,29,0.5580437694277082,0.6280466318130493,0.6944444444444444,0.8146825396825397,0.7692307692307693,0.0,0.5134401619434357,0.5271582816328321,0.08226780593395233,0.2063707315496036,0.0,0.0,0.0,0.0,0.0,18473,global,0.0
1,5,lr1e-04_bs8_drop0p4_temp1p0_a0p25_b0p05__wd1e-04trmiss0_degmodglobal,8,0.0001,0.0001,0.4,1.0,0.25,0.05,lr1e-04_bs8_drop0p4_temp1p0_a0p25_b0p05__wd1e-04trmiss0_degmodglobal,30,0.526882495198931,0.6243780851364136,0.7222222222222222,0.8517195767195769,0.7692307692307693,0.0,0.5371599452836173,0.498291552066803,0.0703487651688712,0.22007500380277634,0.0,0.0,0.0,0.0,0.0,18473,global,0.0
1,5,lr1e-04_bs8_drop0p4_temp1p0_a0p25_b0p05__wd1e-04trmiss0_degmodglobal,8,0.0001,0.0001,0.4,1.0,0.25,0.05,lr1e-04_bs8_drop0p4_temp1p0_a0p25_b0p05__wd1e-04trmiss0_degmodglobal,31,0.561327372278486,0.608820378780365,0.7222222222222222,0.8517195767195769,0.7692307692307693,0.0,0.5088791804654258,0.5286979675292969,0.08366450454507555,0.23426561376878194,0.0,0.0,0.0,0.0,0.0,18473,global,0.0
1,5,lr1e-04_bs8_drop0p4_temp1p0_a0p25_b0p05__wd1e-04trmiss0_degmodglobal,8,0.0001,0.0001,0.4,1.0,0.25,0.05,lr1e-04_bs8_drop0p4_temp1p0_a0p25_b0p05__wd1e-04trmiss0_degmodglobal,32,0.5774001393999372,0.6128652393817902,0.7222222222222222,0.8517195767195769,0.7692307692307693,0.0,0.5183780874524798,0.5403671434947422,0.09583463945559093,0.2614867389202118,0.0,0.0,0.0,0.0,0.0,18473,global,0.0
1,5,lr1e-04_bs8_drop0p4_temp1p0_a0p25_b0p05__wd1e-04trmiss0_degmodglobal,8,0.0001,0.0001,0.4,1.0,0.25,0.05,lr1e-04_bs8_drop0p4_temp1p0_a0p25_b0p05__wd1e-04trmiss0_degmodglobal,33,0.5439389433179583,0.6193795502185822,0.7222222222222222,0.8517195767195769,0.7692307692307693,0.0,0.48494953768593924,0.5180017479828426,0.0659594711448465,0.1889463695032256,0.0,0.0,0.0,0.0,0.0,18473,global,0.0
1,5,lr1e-04_bs8_drop0p4_temp1p0_a0p25_b0p05__wd1e-04trmiss0_degmodglobal,8,0.0001,0.0001,0.4,1.0,0.25,0.05,lr1e-04_bs8_drop0p4_temp1p0_a0p25_b0p05__wd1e-04trmiss0_degmodglobal,34,0.5603470802307129,0.6225153207778931,0.7222222222222222,0.8517195767195769,0.7692307692307693,0.0,0.5105398850781577,0.5269601685660226,0.08725901320576668,0.2314430954200881,0.0,0.0,0.0,0.0,0.0,18473,global,0.0
1,5,lr1e-04_bs8_drop0p4_temp1p0_a0p25_b0p05__wd1e-04trmiss0_degmodglobal,8,0.0001,0.0001,0.4,1.0,0.25,0.05,lr1e-04_bs8_drop0p4_temp1p0_a0p25_b0p05__wd1e-04trmiss0_degmodglobal,35,0.5526230335235596,0.620801717042923,0.6944444444444444,0.8146825396825397,0.7692307692307693,0.0,0.4980875849723816,0.5170106547219413,0.09082035720348358,0.2581458113023213,0.0,0.0,0.0,0.0,0.0,18473,global,0.0
1,5,lr1e-04_bs8_drop0p4_temp1p0_a0p25_b0p05__wd1e-04trmiss0_degmodglobal,8,0.0001,0.0001,0.4,1.0,0.25,0.05,lr1e-04_bs8_drop0p4_temp1p0_a0p25_b0p05__wd1e-04trmiss0_degmodglobal,36,0.5579695616449628,0.6219601631164551,0.6944444444444444,0.8146825396825397,0.7692307692307693,0.0,0.5138775110244751,0.5148714014462062,0.12434802736554827,0.24022286917482102,0.0,0.0,0.0,0.0,0.0,18473,global,0.0
1,5,lr1e-04_bs8_drop0p4_temp1p0_a0p25_b0p05__wd1e-04trmiss0_degmodglobal,8,0.0001,0.0001,0.4,1.0,0.25,0.05,lr1e-04_bs8_drop0p4_temp1p0_a0p25_b0p05__wd1e-04trmiss0_degmodglobal,37,0.5347284419195992,0.6266201436519623,0.6944444444444444,0.8146825396825397,0.7692307692307693,0.0,0.5109075307846069,0.490379525082452,0.11766572190182549,0.298649970974241,0.0,0.0,0.0,0.0,0.0,18473,global,0.0
1,5,lr1e-04_bs8_drop0p4_temp1p0_a0p25_b0p05__wd1e-04trmiss0_degmodglobal,8,0.0001,0.0001,0.4,1.0,0.25,0.05,lr1e-04_bs8_drop0p4_temp1p0_a0p25_b0p05__wd1e-04trmiss0_degmodglobal,38,0.539704714502607,0.6293237209320068,0.6666666666666666,0.8038800705467373,0.7692307692307693,0.0,0.4912940774645124,0.5018613338470459,0.10199653516922678,0.24688480368682317,0.0,0.0,0.0,0.0,0.0,18473,global,0.0
1,5,lr1e-04_bs8_drop0p4_temp1p0_a0p25_b0p05__wd1e-04trmiss0_degmodglobal,8,0.0001,0.0001,0.4,1.0,0.25,0.05,lr1e-04_bs8_drop0p4_temp1p0_a0p25_b0p05__wd1e-04trmiss0_degmodglobal,39,0.5209719240665436,0.6263892352581024,0.6666666666666666,0.8038800705467373,0.7692307692307693,0.0,0.4996653454644339,0.49008228523390635,0.08313593481268201,0.20211299402373178,0.0,0.0,0.0,0.0,0.0,18473,global,0.0
1,5,lr1e-04_bs8_drop0p4_temp1p0_a0p25_b0p05__wd1e-04trmiss0_degmodglobal,8,0.0001,0.0001,0.4,1.0,0.25,0.05,lr1e-04_bs8_drop0p4_temp1p0_a0p25_b0p05__wd1e-04trmiss0_degmodglobal,40,0.5331993784223285,0.6262629330158234,0.6666666666666666,0.8038800705467373,0.7692307692307693,0.0,0.49421447941235136,0.49208091838019236,0.10839419173342842,0.28039837309292387,0.0,0.0,0.0,0.0,0.0,18473,global,0.0
1,5,lr1e-04_bs8_drop0p4_temp1p0_a0p25_b0p05__wd1e-04trmiss0_degmodglobal,8,0.0001,0.0001,0.4,1.0,0.25,0.05,lr1e-04_bs8_drop0p4_temp1p0_a0p25_b0p05__wd1e-04trmiss0_degmodglobal,41,0.5402089697974068,0.6256090104579926,0.6944444444444444,0.8146825396825397,0.7692307692307693,0.0,0.49433934688568115,0.4945180628980909,0.13107447432620184,0.2584458344749042,0.0,0.0,0.0,0.0,0.0,18473,global,0.0
1,5,lr1e-04_bs8_drop0p4_temp1p0_a0p25_b0p05__wd1e-04trmiss0_degmodglobal,8,0.0001,0.0001,0.4,1.0,0.25,0.05,lr1e-04_bs8_drop0p4_temp1p0_a0p25_b0p05__wd1e-04trmiss0_degmodglobal,42,0.5365498151097979,0.6207381188869476,0.6944444444444444,0.8146825396825397,0.7692307692307693,0.0,0.47831287554332186,0.5008353974137988,0.08783960661717824,0.2750898620912007,0.0,0.0,0.0,0.0,0.0,18473,global,0.0
1,5,lr1e-04_bs8_drop0p4_temp1p0_a0p25_b0p05__wd1e-04trmiss0_degmodglobal,8,0.0001,0.0001,0.4,1.0,0.25,0.05,lr1e-04_bs8_drop0p4_temp1p0_a0p25_b0p05__wd1e-04trmiss0_degmodglobal,43,0.530464666230338,0.6185422241687775,0.7222222222222222,0.8517195767195769,0.7692307692307693,0.0,0.4848460980824062,0.5018737443855831,0.08452171885541507,0.14921013744814055,0.0,0.0,0.0,0.0,0.0,18473,global,0.0
1,5,lr1e-04_bs8_drop0p4_temp1p0_a0p25_b0p05__wd1e-04trmiss0_degmodglobal,8,0.0001,0.0001,0.4,1.0,0.25,0.05,lr1e-04_bs8_drop0p4_temp1p0_a0p25_b0p05__wd1e-04trmiss0_degmodglobal,44,0.5488737310682025,0.6184215247631073,0.7222222222222222,0.8517195767195769,0.7692307692307693,0.0,0.500683775969914,0.510358418737139,0.10150340678436416,0.26278927283627646,0.0,0.0,0.0,0.0,0.0,18473,global,0.0
1,5,lr1e-04_bs8_drop0p4_temp1p0_a0p25_b0p05__wd1e-04trmiss0_degmodglobal,8,0.0001,0.0001,0.4,1.0,0.25,0.05,lr1e-04_bs8_drop0p4_temp1p0_a0p25_b0p05__wd1e-04trmiss0_degmodglobal,45,0.5637859191213336,0.6184239387512207,0.7222222222222222,0.8517195767195769,0.6923076923076923,0.0,0.4615523942879268,0.5189954170158931,0.11071711565767016,0.34222429777894703,0.0,0.0,0.0,0.0,0.0,18473,global,0.0
1,5,lr1e-04_bs8_drop0p4_temp2p0_a0p25_b0p05__wd1e-04trmiss0_degmodglobal,8,0.0001,0.0001,0.4,2.0,0.25,0.05,lr1e-04_bs8_drop0p4_temp2p0_a0p25_b0p05__wd1e-04trmiss0_degmodglobal,1,0.7079645821026394,0.6881958544254303,0.3888888888888889,0.7281857031857033,0.5384615384615384,0.0,0.6682973333767482,0.688553478036608,0.05582198074885777,0.10911232286265918,0.0,0.0,0.0,0.0,0.0,18473,global,0.0
1,5,lr1e-04_bs8_drop0p4_temp2p0_a0p25_b0p05__wd1e-04trmiss0_degmodglobal,8,0.0001,0.0001,0.4,2.0,0.25,0.05,lr1e-04_bs8_drop0p4_temp2p0_a0p25_b0p05__wd1e-04trmiss0_degmodglobal,2,0.6869292088917324,0.6948011219501495,0.3611111111111111,0.7176036926036926,0.5384615384615384,0.0,0.6506786857332502,0.6617913671902248,0.06825677890862737,0.16147319174238614,0.0,0.0,0.0,0.0,0.0,18473,global,0.0
1,5,lr1e-04_bs8_drop0p4_temp2p0_a0p25_b0p05__wd1e-04trmiss0_degmodglobal,8,0.0001,0.0001,0.4,2.0,0.25,0.05,lr1e-04_bs8_drop0p4_temp2p0_a0p25_b0p05__wd1e-04trmiss0_degmodglobal,3,0.6557691778455462,0.7040538787841797,0.3055555555555556,0.6990851740851742,0.3076923076923077,0.0,0.6549926996231079,0.6410085218293327,0.03901438441659723,0.10014114741768156,0.0,0.0,0.0,0.0,0.0,18473,global,0.0
1,5,lr1e-04_bs8_drop0p4_temp2p0_a0p25_b0p05__wd1e-04trmiss0_degmodglobal,8,0.0001,0.0001,0.4,2.0,0.25,0.05,lr1e-04_bs8_drop0p4_temp2p0_a0p25_b0p05__wd1e-04trmiss0_degmodglobal,4,0.653954838003431,0.7079107165336609,0.3333333333333333,0.7101962851962853,0.38461538461538464,0.0,0.6555662155151367,0.632183917931148,0.05729786253401211,0.14892907653536117,0.0,0.0,0.0,0.0,0.0,18473,global,0.0
1,5,lr1e-04_bs8_drop0p4_temp2p0_a0p25_b0p05__wd1e-04trmiss0_degmodglobal,8,0.0001,0.0001,0.4,2.0,0.25,0.05,lr1e-04_bs8_drop0p4_temp2p0_a0p25_b0p05__wd1e-04trmiss0_degmodglobal,5,0.6080743329865592,0.7022877037525177,0.3888888888888889,0.7306989306989309,0.38461538461538464,0.0,0.6149135913167681,0.5820261027131762,0.07426173399601664,0.14965596901518957,0.0,0.0,0.0,0.0,0.0,18473,global,0.0
1,5,lr1e-04_bs8_drop0p4_temp2p0_a0p25_b0p05__wd1e-04trmiss0_degmodglobal,8,0.0001,0.0001,0.4,2.0,0.25,0.05,lr1e-04_bs8_drop0p4_temp2p0_a0p25_b0p05__wd1e-04trmiss0_degmodglobal,6,0.6030053155762809,0.6917275786399841,0.4166666666666667,0.7381063381063382,0.5384615384615384,0.0,0.6047414711543492,0.5805249341896602,0.060593490089688985,0.14664025817598617,0.0,0.0,0.0,0.0,0.0,18473,global,0.0
1,5,lr1e-04_bs8_drop0p4_temp2p0_a0p25_b0p05__wd1e-04trmiss0_degmodglobal,8,0.0001,0.0001,0.4,2.0,0.25,0.05,lr1e-04_bs8_drop0p4_temp2p0_a0p25_b0p05__wd1e-04trmiss0_degmodglobal,7,0.6030849048069545,0.6850872337818146,0.4444444444444444,0.7473655973655975,0.5384615384615384,0.0,0.5873974391392299,0.5800493359565735,0.06395314314535686,0.14094565489462443,0.0,0.0,0.0,0.0,0.0,18473,global,0.0
1,5,lr1e-04_bs8_drop0p4_temp2p0_a0p25_b0p05__wd1e-04trmiss0_degmodglobal,8,0.0001,0.0001,0.4,2.0,0.25,0.05,lr1e-04_bs8_drop0p4_temp2p0_a0p25_b0p05__wd1e-04trmiss0_degmodglobal,8,0.6263500792639596,0.7010884284973145,0.4166666666666667,0.7381063381063382,0.46153846153846156,0.0,0.5963283010891506,0.6005902886390686,0.06662747450172901,0.1820581385067531,0.0,0.0,0.0,0.0,0.0,18473,global,0.0
1,5,lr1e-04_bs8_drop0p4_temp2p0_a0p25_b0p05__wd1e-04trmiss0_degmodglobal,8,0.0001,0.0001,0.4,2.0,0.25,0.05,lr1e-04_bs8_drop0p4_temp2p0_a0p25_b0p05__wd1e-04trmiss0_degmodglobal,9,0.6173201288495745,0.6956254541873932,0.4166666666666667,0.7081400081400082,0.5384615384615384,0.0,0.5559162327221462,0.5837841033935547,0.08899973545755659,0.2257219638143267,0.0,0.0,0.0,0.0,0.0,18473,global,0.0
1,5,lr1e-04_bs8_drop0p4_temp2p0_a0p25_b0p05__wd1e-04trmiss0_degmodglobal,8,0.0001,0.0001,0.4,2.0,0.25,0.05,lr1e-04_bs8_drop0p4_temp2p0_a0p25_b0p05__wd1e-04trmiss0_degmodglobal,10,0.5946511796542576,0.6739402711391449,0.5277777777777778,0.7797449464116131,0.6153846153846154,0.0,0.5782382999147687,0.5642715181623187,0.0842357309801238,0.18641478249004909,0.0,0.0,0.0,0.0,0.0,18473,global,0.0
1,5,lr1e-04_bs8_drop0p4_temp2p0_a0p25_b0p05__wd1e-04trmiss0_degmodglobal,8,0.0001,0.0001,0.4,2.0,0.25,0.05,lr1e-04_bs8_drop0p4_temp2p0_a0p25_b0p05__wd1e-04trmiss0_degmodglobal,11,0.5936043773378644,0.669283539056778,0.5277777777777778,0.8066248566248566,0.5384615384615384,0.0,0.5689352452754974,0.5623187167303902,0.0853881271822112,0.19877241126128606,0.0,0.0,0.0,0.0,0.0,18473,global,0.0
1,5,lr1e-04_bs8_drop0p4_temp2p0_a0p25_b0p05__wd1e-04trmiss0_degmodglobal,8,0.0001,0.0001,0.4,2.0,0.25,0.05,lr1e-04_bs8_drop0p4_temp2p0_a0p25_b0p05__wd1e-04trmiss0_degmodglobal,12,0.58493344272886,0.6733939051628113,0.5277777777777778,0.7920745920745922,0.6153846153846154,0.0,0.538361234324319,0.5580872041838509,0.07753399599875722,0.14925487020186015,0.0,0.0,0.0,0.0,0.0,18473,global,0.0
1,5,lr1e-04_bs8_drop0p4_temp2p0_a0p25_b0p05__wd1e-04trmiss0_degmodglobal,8,0.0001,0.0001,0.4,2.0,0.25,0.05,lr1e-04_bs8_drop0p4_temp2p0_a0p25_b0p05__wd1e-04trmiss0_degmodglobal,13,0.6089961103030613,0.6705824136734009,0.5833333333333334,0.811050061050061,0.6153846153846154,0.0,0.5630918996674674,0.5882249048777989,0.060470233272228925,0.11307307785110814,0.0,0.0,0.0,0.0,0.0,18473,global,0.0
1,5,lr1e-04_bs8_drop0p4_temp2p0_a0p25_b0p05__wd1e-04trmiss0_degmodglobal,8,0.0001,0.0001,0.4,2.0,0.25,0.05,lr1e-04_bs8_drop0p4_temp2p0_a0p25_b0p05__wd1e-04trmiss0_degmodglobal,14,0.5674079997198922,0.6746200025081635,0.5555555555555556,0.8176638176638178,0.5384615384615384,0.0,0.5420362438474383,0.5418442743165153,0.07314898233328547,0.14552960757698333,0.0,0.0,0.0,0.0,0.0,18473,global,0.0
1,5,lr1e-04_bs8_drop0p4_temp2p0_a0p25_b0p05__wd1e-04trmiss0_degmodglobal,8,0.0001,0.0001,0.4,2.0,0.25,0.05,lr1e-04_bs8_drop0p4_temp2p0_a0p25_b0p05__wd1e-04trmiss0_degmodglobal,15,0.5961642435618809,0.6618822515010834,0.5833333333333334,0.8243978243978245,0.6153846153846154,0.0,0.5328535991055625,0.5688967534473964,0.07170552760362625,0.1868222685796874,0.0,0.0,0.0,0.0,0.0,18473,global,0.0
1,5,lr1e-04_bs8_drop0p4_temp2p0_a0p25_b0p05__wd1e-04trmiss0_degmodglobal,8,0.0001,0.0001,0.4,2.0,0.25,0.05,lr1e-04_bs8_drop0p4_temp2p0_a0p25_b0p05__wd1e-04trmiss0_degmodglobal,16,0.5422325687749046,0.6699777543544769,0.5277777777777778,0.8105931105931108,0.6153846153846154,0.0,0.5235034738268171,0.5166437413011279,0.0708704526935305,0.15742445949997222,0.0,0.0,0.0,0.0,0.0,18473,global,0.0
1,5,lr1e-04_bs8_drop0p4_temp2p0_a0p25_b0p05__wd1e-04trmiss0_degmodglobal,8,0.0001,0.0001,0.4,2.0,0.25,0.05,lr1e-04_bs8_drop0p4_temp2p0_a0p25_b0p05__wd1e-04trmiss0_degmodglobal,17,0.5651337248938424,0.668520987033844,0.5555555555555556,0.8176638176638178,0.6153846153846154,0.0,0.5376648562295097,0.5439359545707703,0.06077349638300283,0.12008823427770819,0.0,0.0,0.0,0.0,0.0,18473,global,0.0
1,5,lr1e-04_bs8_drop0p4_temp2p0_a0p25_b0p05__wd1e-04trmiss0_degmodglobal,8,0.0001,0.0001,0.4,2.0,0.25,0.05,lr1e-04_bs8_drop0p4_temp2p0_a0p25_b0p05__wd1e-04trmiss0_degmodglobal,18,0.5576021245547703,0.6799518465995789,0.5833333333333334,0.811050061050061,0.46153846153846156,0.0,0.5662400935377393,0.5360905953816005,0.06173525537763323,0.1215544231235981,0.0,0.0,0.0,0.0,0.0,18473,global,0.0
1,5,lr1e-04_bs8_drop0p4_temp2p0_a0p25_b0p05__wd1e-04trmiss0_degmodglobal,8,0.0001,0.0001,0.4,2.0,0.25,0.05,lr1e-04_bs8_drop0p4_temp2p0_a0p25_b0p05__wd1e-04trmiss0_degmodglobal,19,0.5710351126534599,0.6842425167560577,0.6111111111111112,0.819692036358703,0.46153846153846156,0.0,0.5463099139077323,0.5430690390723092,0.07694161949413163,0.1746135013444083,0.0,0.0,0.0,0.0,0.0,18473,global,0.0
1,5,lr1e-04_bs8_drop0p4_temp2p0_a0p25_b0p05__wd1e-04trmiss0_degmodglobal,8,0.0001,0.0001,0.4,2.0,0.25,0.05,lr1e-04_bs8_drop0p4_temp2p0_a0p25_b0p05__wd1e-04trmiss0_degmodglobal,20,0.5631073372704642,0.6736404597759247,0.638888888888889,0.8304945054945057,0.6923076923076923,0.0,0.51443492940494,0.5374925775187356,0.07183713412710599,0.15310952918870108,0.0,0.0,0.0,0.0,0.0,18473,global,0.0
1,5,lr1e-04_bs8_drop0p4_temp2p0_a0p25_b0p05__wd1e-04trmiss0_degmodglobal,8,0.0001,0.0001,0.4,2.0,0.25,0.05,lr1e-04_bs8_drop0p4_temp2p0_a0p25_b0p05__wd1e-04trmiss0_degmodglobal,21,0.5475781347070422,0.6694587469100952,0.638888888888889,0.8304945054945057,0.5384615384615384,0.0,0.5289439473833356,0.5190692842006683,0.07946557125874928,0.17284936351435526,0.0,0.0,0.0,0.0,0.0,18473,global,0.0
1,5,lr1e-04_bs8_drop0p4_temp2p0_a0p25_b0p05__wd1e-04trmiss0_degmodglobal,8,0.0001,0.0001,0.4,2.0,0.25,0.05,lr1e-04_bs8_drop0p4_temp2p0_a0p25_b0p05__wd1e-04trmiss0_degmodglobal,22,0.5633338689804077,0.6681806743144989,0.6111111111111112,0.819692036358703,0.6153846153846154,0.0,0.5288147415433612,0.5307472518512181,0.09320778612579618,0.18569349497556686,0.0,0.0,0.0,0.0,0.0,18473,global,0.0
1,5,lr1e-04_bs8_drop0p4_temp2p0_a0p25_b0p05__wd1e-04trmiss0_degmodglobal,8,0.0001,0.0001,0.4,2.0,0.25,0.05,lr1e-04_bs8_drop0p4_temp2p0_a0p25_b0p05__wd1e-04trmiss0_degmodglobal,23,0.5166926085948944,0.6757886409759521,0.638888888888889,0.8304945054945057,0.46153846153846156,0.0,0.508985732282911,0.49299203923770357,0.06936935867582049,0.12716476725680487,0.0,0.0,0.0,0.0,0.0,18473,global,0.0
1,5,lr1e-04_bs8_drop0p4_temp2p0_a0p25_b0p05__wd1e-04trmiss0_degmodglobal,8,0.0001,0.0001,0.4,2.0,0.25,0.05,lr1e-04_bs8_drop0p4_temp2p0_a0p25_b0p05__wd1e-04trmiss0_degmodglobal,24,0.5643614275114877,0.6818821728229523,0.6111111111111112,0.7934574684574685,0.5384615384615384,0.0,0.5062076789992196,0.5352176768439156,0.07767381519079208,0.19450595762048448,0.0,0.0,0.0,0.0,0.0,18473,global,0.0
1,5,lr1e-04_bs8_drop0p4_temp2p0_a0p25_b0p05__wd1e-04trmiss0_degmodglobal,8,0.0001,0.0001,0.4,2.0,0.25,0.05,lr1e-04_bs8_drop0p4_temp2p0_a0p25_b0p05__wd1e-04trmiss0_degmodglobal,25,0.5535089373588562,0.6736511588096619,0.6111111111111112,0.7934574684574685,0.7692307692307693,0.0,0.4933264212948935,0.511899105140141,0.11581161990761757,0.2531384548970631,0.0,0.0,0.0,0.0,0.0,18473,global,0.0
1,5,lr1e-04_bs8_drop0p4_temp2p0_a0p25_b0p05__wd1e-04trmiss0_degmodglobal,8,0.0001,0.0001,0.4,2.0,0.25,0.05,lr1e-04_bs8_drop0p4_temp2p0_a0p25_b0p05__wd1e-04trmiss0_degmodglobal,26,0.541487957750048,0.6685125529766083,0.6111111111111112,0.7934574684574685,0.6923076923076923,0.0,0.546919618334089,0.49416581221989225,0.12711926496454648,0.31084647668259485,0.0,0.0,0.0,0.0,0.0,18473,global,0.0
1,5,lr1e-04_bs8_drop0p4_temp2p0_a0p25_b0p05__wd1e-04trmiss0_degmodglobal,8,0.0001,0.0001,0.4,2.0,0.25,0.05,lr1e-04_bs8_drop0p4_temp2p0_a0p25_b0p05__wd1e-04trmiss0_degmodglobal,27,0.5442417093685695,0.659658670425415,0.638888888888889,0.8304945054945057,0.6923076923076923,0.0,0.5038457385131291,0.5083254362855639,0.10441375098058156,0.1962566865342004,0.0,0.0,0.0,0.0,0.0,18473,global,0.0
1,5,lr1e-04_bs8_drop0p4_temp2p0_a0p25_b0p05__wd1e-04trmiss0_degmodglobal,8,0.0001,0.0001,0.4,2.0,0.25,0.05,lr1e-04_bs8_drop0p4_temp2p0_a0p25_b0p05__wd1e-04trmiss0_degmodglobal,28,0.552045396396092,0.6595354378223419,0.5833333333333333,0.782654999321666,0.6923076923076923,0.0,0.5147170892783574,0.519071638584137,0.08639602735638618,0.22749485501221248,0.0,0.0,0.0,0.0,0.0,18473,global,0.0
1,5,lr1e-04_bs8_drop0p4_temp2p0_a0p25_b0p05__wd1e-04trmiss0_degmodglobal,8,0.0001,0.0001,0.4,2.0,0.25,0.05,lr1e-04_bs8_drop0p4_temp2p0_a0p25_b0p05__wd1e-04trmiss0_degmodglobal,29,0.5299029137407031,0.6601458787918091,0.6111111111111112,0.7934574684574685,0.7692307692307693,0.0,0.4986135150705065,0.49436131971223013,0.10760956683329173,0.17278416454792023,0.0,0.0,0.0,0.0,0.0,18473,global,0.0
1,5,lr1e-04_bs8_drop0p4_temp2p0_a0p25_b0p05__wd1e-04trmiss0_degmodglobal,8,0.0001,0.0001,0.4,2.0,0.25,0.05,lr1e-04_bs8_drop0p4_temp2p0_a0p25_b0p05__wd1e-04trmiss0_degmodglobal,30,0.5385294216019767,0.6419657170772552,0.638888888888889,0.8304945054945057,0.6923076923076923,0.0,0.4857762541089739,0.5027602485248021,0.10502854308911733,0.19024058431386948,0.0,0.0,0.0,0.0,0.0,18473,global,0.0
1,5,lr1e-04_bs8_drop0p4_temp2p0_a0p25_b0p05__wd1e-04trmiss0_degmodglobal,8,0.0001,0.0001,0.4,2.0,0.25,0.05,lr1e-04_bs8_drop0p4_temp2p0_a0p25_b0p05__wd1e-04trmiss0_degmodglobal,31,0.5655247952256884,0.6512647271156311,0.638888888888889,0.8304945054945057,0.6153846153846154,0.0,0.5117866226605007,0.5380012903894696,0.07709677889943123,0.16498650291136333,0.0,0.0,0.0,0.0,0.0,18473,global,0.0
1,5,lr1e-04_bs8_drop0p4_temp2p0_a0p25_b0p05__wd1e-04trmiss0_degmodglobal,8,0.0001,0.0001,0.4,2.0,0.25,0.05,lr1e-04_bs8_drop0p4_temp2p0_a0p25_b0p05__wd1e-04trmiss0_degmodglobal,32,0.5487546111856189,0.6535460650920868,0.6666666666666667,0.8582722832722833,0.6923076923076923,0.0,0.5257468351296016,0.5200651926653725,0.08576971452151026,0.14493950137070247,0.0,0.0,0.0,0.0,0.0,18473,global,0.0
1,5,lr1e-04_bs8_drop0p4_temp2p0_a0p25_b0p05__wd1e-04trmiss0_degmodglobal,8,0.0001,0.0001,0.4,2.0,0.25,0.05,lr1e-04_bs8_drop0p4_temp2p0_a0p25_b0p05__wd1e-04trmiss0_degmodglobal,33,0.568123323576791,0.6501553654670715,0.638888888888889,0.8304945054945057,0.6153846153846154,0.0,0.5381342385496412,0.541228643485478,0.078897339957101,0.14340689512235777,0.0,0.0,0.0,0.0,0.0,18473,global,0.0
1,5,lr1e-04_bs8_drop0p4_temp2p0_a0p25_b0p05__wd1e-04trmiss0_degmodglobal,8,0.0001,0.0001,0.4,2.0,0.25,0.05,lr1e-04_bs8_drop0p4_temp2p0_a0p25_b0p05__wd1e-04trmiss0_degmodglobal,34,0.5343856045178005,0.6577112376689911,0.6111111111111112,0.7934574684574685,0.6923076923076923,0.0,0.5051549800804683,0.493449581520898,0.11582735713039126,0.23958361042397364,0.0,0.0,0.0,0.0,0.0,18473,global,0.0
1,5,lr1e-04_bs8_drop0p4_temp2p0_a0p25_b0p05__wd1e-04trmiss0_degmodglobal,8,0.0001,0.0001,0.4,2.0,0.25,0.05,lr1e-04_bs8_drop0p4_temp2p0_a0p25_b0p05__wd1e-04trmiss0_degmodglobal,35,0.5210862798350198,0.6611897349357605,0.6111111111111112,0.7934574684574685,0.7692307692307693,0.0,0.4812933845179422,0.47930860093661715,0.11630389626537051,0.2540339540157999,0.0,0.0,0.0,0.0,0.0,18473,global,0.0
1,5,lr1e-04_bs8_drop0p4_temp2p0_a0p25_b0p05__wd1e-04trmiss0_degmodglobal,8,0.0001,0.0001,0.4,2.0,0.25,0.05,lr1e-04_bs8_drop0p4_temp2p0_a0p25_b0p05__wd1e-04trmiss0_degmodglobal,36,0.5139870515891484,0.674544095993042,0.6111111111111112,0.7934574684574685,0.7692307692307693,0.0,0.47822123765945435,0.4752074863229479,0.10861216059752873,0.23253065666982106,0.0,0.0,0.0,0.0,0.0,18473,global,0.0
1,5,lr1e-04_bs8_drop0p4_temp2p0_a0p25_b0p05__wd1e-04trmiss0_degmodglobal,8,0.0001,0.0001,0.4,2.0,0.25,0.05,lr1e-04_bs8_drop0p4_temp2p0_a0p25_b0p05__wd1e-04trmiss0_degmodglobal,37,0.49946067162922453,0.6661082804203033,0.6111111111111112,0.7934574684574685,0.6923076923076923,0.0,0.47145608919007437,0.46539496523993357,0.10735685697623662,0.1445300140018974,0.0,0.0,0.0,0.0,0.0,18473,global,0.0
1,5,lr1e-04_bs8_drop0p4_temp2p0_a0p25_b0p05__wd1e-04trmiss0_degmodglobal,8,0.0001,0.0001,0.4,2.0,0.25,0.05,lr1e-04_bs8_drop0p4_temp2p0_a0p25_b0p05__wd1e-04trmiss0_degmodglobal,38,0.5427395956856864,0.6628677546977997,0.6111111111111112,0.7934574684574685,0.6923076923076923,0.0,0.520515216248376,0.5094622543879918,0.0931273281042065,0.19991027962948596,0.0,0.0,0.0,0.0,0.0,18473,global,0.0
1,5,lr1e-04_bs8_drop0p4_temp2p0_a0p25_b0p05__wd1e-04trmiss0_degmodglobal,8,0.0001,0.0001,0.4,2.0,0.25,0.05,lr1e-04_bs8_drop0p4_temp2p0_a0p25_b0p05__wd1e-04trmiss0_degmodglobal,39,0.5273812413215637,0.6595691740512848,0.6111111111111112,0.7934574684574685,0.6923076923076923,0.0,0.49673748867852346,0.4963724272591727,0.08634342945047788,0.1884589801941599,0.0,0.0,0.0,0.0,0.0,18473,global,0.0
1,5,lr1e-04_bs8_drop0p4_temp2p0_a0p25_b0p05__wd1e-04trmiss0_degmodglobal,8,0.0001,0.0001,0.4,2.0,0.25,0.05,lr1e-04_bs8_drop0p4_temp2p0_a0p25_b0p05__wd1e-04trmiss0_degmodglobal,40,0.5290981999465397,0.6560167968273163,0.6111111111111112,0.7934574684574685,0.6923076923076923,0.0,0.4394040065152304,0.49614582317216055,0.08881803282669612,0.21495731813567026,0.0,0.0,0.0,0.0,0.0,18473,global,0.0
1,5,lr1e-04_bs8_drop0p4_temp2p0_a0p25_b0p05__wd1e-04trmiss0_degmodglobal,8,0.0001,0.0001,0.4,2.0,0.25,0.05,lr1e-04_bs8_drop0p4_temp2p0_a0p25_b0p05__wd1e-04trmiss0_degmodglobal,41,0.5203016442911965,0.6510573923587799,0.638888888888889,0.8304945054945057,0.6923076923076923,0.0,0.4760507217475346,0.4701155892440251,0.1401401651757104,0.30302034850631443,0.0,0.0,0.0,0.0,0.0,18473,global,0.0
1,5,lr1e-04_bs8_drop0p4_temp2p0_a0p25_b0p05__wd1e-04trmiss0_degmodglobal,8,0.0001,0.0001,0.4,2.0,0.25,0.05,lr1e-04_bs8_drop0p4_temp2p0_a0p25_b0p05__wd1e-04trmiss0_degmodglobal,42,0.5096157193183899,0.6549869775772095,0.6111111111111112,0.7934574684574685,0.6923076923076923,0.0,0.4885171183518001,0.48324855736323763,0.07929723337292671,0.13085686841181346,0.0,0.0,0.0,0.0,0.0,18473,global,0.0
1,5,lr1e-04_bs8_drop0p4_temp2p0_a0p25_b0p05__wd1e-04trmiss0_degmodglobal,8,0.0001,0.0001,0.4,2.0,0.25,0.05,lr1e-04_bs8_drop0p4_temp2p0_a0p25_b0p05__wd1e-04trmiss0_degmodglobal,43,0.5325092801025936,0.6538330614566803,0.6111111111111112,0.7934574684574685,0.6923076923076923,0.0,0.4701939267771585,0.4844797934804644,0.14440071689231054,0.2385862852845873,0.0,0.0,0.0,0.0,0.0,18473,global,0.0
1,5,lr1e-04_bs8_drop0p4_temp2p0_a0p25_b0p05__wd1e-04trmiss0_degmodglobal,8,0.0001,0.0001,0.4,2.0,0.25,0.05,lr1e-04_bs8_drop0p4_temp2p0_a0p25_b0p05__wd1e-04trmiss0_degmodglobal,44,0.4978353679180145,0.6519497931003571,0.6111111111111112,0.7934574684574685,0.7692307692307693,0.0,0.4902584169592176,0.4634300598076412,0.09976935227002416,0.18925960787705012,0.0,0.0,0.0,0.0,0.0,18473,global,0.0
1,5,lr1e-04_bs8_drop0p4_temp2p0_a0p25_b0p05__wd1e-04trmiss0_degmodglobal,8,0.0001,0.0001,0.4,2.0,0.25,0.05,lr1e-04_bs8_drop0p4_temp2p0_a0p25_b0p05__wd1e-04trmiss0_degmodglobal,45,0.5059579951422555,0.6515075862407684,0.6111111111111112,0.7934574684574685,0.7692307692307693,0.0,0.47161613617624554,0.4626237792628152,0.12371731815593583,0.24809767518724715,0.0,0.0,0.0,0.0,0.0,18473,global,0.0
1,5,lr1e-04_bs8_drop0p4_temp2p0_a0p25_b0p05__wd1e-04trmiss0_degmodglobal,8,0.0001,0.0001,0.4,2.0,0.25,0.05,lr1e-04_bs8_drop0p4_temp2p0_a0p25_b0p05__wd1e-04trmiss0_degmodglobal,46,0.5512077638081142,0.6475565433502197,0.6111111111111112,0.7934574684574685,0.7692307692307693,0.0,0.4819179688181196,0.4957213955266135,0.14474488182791642,0.38600305201751844,0.0,0.0,0.0,0.0,0.0,18473,global,0.0
1,5,lr1e-04_bs8_drop0p4_temp2p0_a0p25_b0p05__wd1e-04trmiss0_degmodglobal,8,0.0001,0.0001,0.4,2.0,0.25,0.05,lr1e-04_bs8_drop0p4_temp2p0_a0p25_b0p05__wd1e-04trmiss0_degmodglobal,47,0.5156849580151694,0.6422008275985718,0.6666666666666667,0.8372285122285124,0.7692307692307693,0.0,0.4477361100060599,0.46363174063818796,0.1475462168455124,0.3033331430384091,0.0,0.0,0.0,0.0,0.0,18473,global,0.0
1,5,lr1e-04_bs8_drop0p4_temp2p0_a0p25_b0p05__wd1e-04trmiss0_degmodglobal,8,0.0001,0.0001,0.4,2.0,0.25,0.05,lr1e-04_bs8_drop0p4_temp2p0_a0p25_b0p05__wd1e-04trmiss0_degmodglobal,48,0.5107054880687169,0.6435433030128479,0.638888888888889,0.8304945054945057,0.7692307692307693,0.0,0.4302741416863033,0.45945474079677034,0.1417931765317917,0.31604918943984167,0.0,0.0,0.0,0.0,0.0,18473,global,0.0
1,5,lr1e-04_bs8_drop0p4_temp2p0_a0p25_b0p05__wd1e-04trmiss0_degmodglobal,8,0.0001,0.0001,0.4,2.0,0.25,0.05,lr1e-04_bs8_drop0p4_temp2p0_a0p25_b0p05__wd1e-04trmiss0_degmodglobal,49,0.5110046182359967,0.6484822332859039,0.638888888888889,0.8304945054945057,0.7692307692307693,0.0,0.4694420397281647,0.4810226389339992,0.0849544033408165,0.17486732027360372,0.0,0.0,0.0,0.0,0.0,18473,global,0.0
1,5,lr1e-04_bs8_drop0p4_temp2p0_a0p25_b0p05__wd1e-04trmiss0_degmodglobal,8,0.0001,0.0001,0.4,2.0,0.25,0.05,lr1e-04_bs8_drop0p4_temp2p0_a0p25_b0p05__wd1e-04trmiss0_degmodglobal,50,0.5499379847730909,0.6538928747177124,0.6666666666666667,0.8372285122285124,0.6153846153846154,0.0,0.48432926195008413,0.5034433773585728,0.1258531649197851,0.30062632422362057,0.0,0.0,0.0,0.0,0.0,18473,global,0.0
1,5,lr1e-04_bs8_drop0p4_temp2p0_a0p25_b0p05__wd1e-04trmiss0_degmodglobal,8,0.0001,0.0001,0.4,2.0,0.25,0.05,lr1e-04_bs8_drop0p4_temp2p0_a0p25_b0p05__wd1e-04trmiss0_degmodglobal,51,0.5075591036251613,0.6511784493923187,0.6666666666666667,0.8372285122285124,0.6923076923076923,0.0,0.4559771077973502,0.4618323658193861,0.130609963621412,0.2614848951676062,0.0,0.0,0.0,0.0,0.0,18473,global,0.0
1,5,lr1e-04_bs8_drop0p4_temp2p0_a0p25_b0p05__wd1e-04trmiss0_degmodglobal,8,0.0001,0.0001,0.4,2.0,0.25,0.05,lr1e-04_bs8_drop0p4_temp2p0_a0p25_b0p05__wd1e-04trmiss0_degmodglobal,52,0.5219394224030631,0.6484310030937195,0.6666666666666667,0.8372285122285124,0.6153846153846154,0.0,0.4488847553730011,0.4872747276510511,0.09508320369890758,0.21787811709301813,0.0,0.0,0.0,0.0,0.0,18473,global,0.0
1,5,lr1e-04_bs8_drop0p4_temp2p0_a0p25_b0p05__wd1e-04trmiss0_degmodglobal,8,0.0001,0.0001,0.4,2.0,0.25,0.05,lr1e-04_bs8_drop0p4_temp2p0_a0p25_b0p05__wd1e-04trmiss0_degmodglobal,53,0.5135173797607422,0.6471258699893951,0.6666666666666667,0.8372285122285124,0.6923076923076923,0.0,0.4455689149243491,0.46890238778931753,0.130406953394413,0.24026520550251007,0.0,0.0,0.0,0.0,0.0,18473,global,0.0
1,5,lr1e-04_bs8_drop0p4_temp2p0_a0p25_b0p05__wd1e-04trmiss0_degmodglobal,8,0.0001,0.0001,0.4,2.0,0.25,0.05,lr1e-04_bs8_drop0p4_temp2p0_a0p25_b0p05__wd1e-04trmiss0_degmodglobal,54,0.5085137699331556,0.6441603302955627,0.6666666666666667,0.8372285122285124,0.6923076923076923,0.0,0.4571929233414786,0.4697311818599701,0.11680120868342263,0.19164596604449408,0.0,0.0,0.0,0.0,0.0,18473,global,0.0
1,5,lr1e-04_bs8_drop0p4_temp2p0_a0p25_b0p05__wd1e-04trmiss0_degmodglobal,8,0.0001,0.0001,0.4,2.0,0.25,0.05,lr1e-04_bs8_drop0p4_temp2p0_a0p25_b0p05__wd1e-04trmiss0_degmodglobal,55,0.5106745788029262,0.6406073272228241,0.6666666666666667,0.8372285122285124,0.6923076923076923,0.0,0.4365626445838383,0.45768518107278006,0.14894324008907592,0.31507175522191183,0.0,0.0,0.0,0.0,0.0,18473,global,0.0
1,5,lr1e-04_bs8_drop0p4_temp2p0_a0p25_b0p05__wd1e-04trmiss0_degmodglobal,8,0.0001,0.0001,0.4,2.0,0.25,0.05,lr1e-04_bs8_drop0p4_temp2p0_a0p25_b0p05__wd1e-04trmiss0_degmodglobal,56,0.5038089794772012,0.6408709287643433,0.6666666666666667,0.8372285122285124,0.6923076923076923,0.0,0.4546294254916055,0.46331679821014404,0.11846324056386948,0.21752738420452392,0.0,0.0,0.0,0.0,0.0,18473,global,0.0
1,5,lr1e-04_bs8_drop0p4_temp2p0_a0p25_b0p05__wd1e-04trmiss0_degmodglobal,8,0.0001,0.0001,0.4,2.0,0.25,0.05,lr1e-04_bs8_drop0p4_temp2p0_a0p25_b0p05__wd1e-04trmiss0_degmodglobal,57,0.5346008624349322,0.6425654888153076,0.6666666666666667,0.8372285122285124,0.6923076923076923,0.0,0.4123954347201756,0.4810014707701547,0.15103833270924433,0.31679600051471163,0.0,0.0,0.0,0.0,0.0,18473,global,0.0
1,5,lr1e-04_bs8_drop0p4_temp2p0_a0p25_b0p05__wd1e-04trmiss0_degmodglobal,8,0.0001,0.0001,0.4,2.0,0.25,0.05,lr1e-04_bs8_drop0p4_temp2p0_a0p25_b0p05__wd1e-04trmiss0_degmodglobal,58,0.5606984964438847,0.6430367231369019,0.6666666666666667,0.8372285122285124,0.6153846153846154,0.0,0.46904989225523813,0.5190446632249015,0.11931825908167022,0.23648530031953538,0.0,0.0,0.0,0.0,0.0,18473,global,0.0
1,5,lr1e-04_bs8_drop0p4_temp2p0_a0p25_b0p05__wd1e-04trmiss0_degmodglobal,8,0.0001,0.0001,0.4,2.0,0.25,0.05,lr1e-04_bs8_drop0p4_temp2p0_a0p25_b0p05__wd1e-04trmiss0_degmodglobal,59,0.5301002221448081,0.6420056819915771,0.6666666666666667,0.8372285122285124,0.6153846153846154,0.0,0.48001858592033386,0.47480878233909607,0.1547279804944992,0.33218892557280405,0.0,0.0,0.0,0.0,0.0,18473,global,0.0
1,5,lr1e-04_bs8_drop0p4_temp2p0_a0p25_b0p05__wd1e-04trmiss0_degmodglobal,8,0.0001,0.0001,0.4,2.0,0.25,0.05,lr1e-04_bs8_drop0p4_temp2p0_a0p25_b0p05__wd1e-04trmiss0_degmodglobal,60,0.5333234029156821,0.6375652849674225,0.6666666666666667,0.8372285122285124,0.6923076923076923,0.0,0.4435795928750719,0.47816559246608187,0.15824598286833083,0.31192634999752045,0.0,0.0,0.0,0.0,0.0,18473,global,0.0
1,5,lr1e-04_bs8_drop0p4_temp2p0_a0p25_b0p05__wd1e-04trmiss0_degmodglobal,8,0.0001,0.0001,0.4,2.0,0.25,0.05,lr1e-04_bs8_drop0p4_temp2p0_a0p25_b0p05__wd1e-04trmiss0_degmodglobal,61,0.4826182339872633,0.6385166347026825,0.6666666666666667,0.8372285122285124,0.6923076923076923,0.0,0.43546449712344576,0.43858679277556284,0.13434978042330062,0.2088798816714968,0.0,0.0,0.0,0.0,0.0,18473,global,0.0
1,5,lr1e-04_bs8_drop0p4_temp2p0_a0p25_b0p05__wd1e-04trmiss0_degmodglobal,8,0.0001,0.0001,0.4,2.0,0.25,0.05,lr1e-04_bs8_drop0p4_temp2p0_a0p25_b0p05__wd1e-04trmiss0_degmodglobal,62,0.4940680350576128,0.6371014714241028,0.6666666666666667,0.8372285122285124,0.6923076923076923,0.0,0.43406898209026884,0.4445301762648991,0.14057900437286922,0.2878622258348124,0.0,0.0,0.0,0.0,0.0,18473,global,0.0
1,5,lr1e-04_bs8_drop0p4_temp2p0_a0p25_b0p05__wd1e-04trmiss0_degmodglobal,8,0.0001,0.0001,0.4,2.0,0.25,0.05,lr1e-04_bs8_drop0p4_temp2p0_a0p25_b0p05__wd1e-04trmiss0_degmodglobal,63,0.5123070137841361,0.6387049555778503,0.6666666666666667,0.8372285122285124,0.6923076923076923,0.0,0.4413947079862867,0.4509886120046888,0.17523343648229325,0.35020082337515696,0.0,0.0,0.0,0.0,0.0,18473,global,0.0
1,5,lr1e-04_bs8_drop0p4_temp2p0_a0p25_b0p05__wd1e-04trmiss0_degmodglobal,8,0.0001,0.0001,0.4,2.0,0.25,0.05,lr1e-04_bs8_drop0p4_temp2p0_a0p25_b0p05__wd1e-04trmiss0_degmodglobal,64,0.5223132031304496,0.6422728896141052,0.6666666666666667,0.8372285122285124,0.6923076923076923,0.0,0.4260819298880441,0.4633920363017491,0.16499021010739462,0.3534722115312304,0.0,0.0,0.0,0.0,0.0,18473,global,0.0
1,5,lr1e-04_bs8_drop0p4_temp2p0_a0p25_b0p05__wd1e-04trmiss0_degmodglobal,8,0.0001,0.0001,0.4,2.0,0.25,0.05,lr1e-04_bs8_drop0p4_temp2p0_a0p25_b0p05__wd1e-04trmiss0_degmodglobal,65,0.5305444811071668,0.6429239511489868,0.6666666666666667,0.8372285122285124,0.6153846153846154,0.0,0.4514901638031006,0.46935428040368216,0.162199362048081,0.4128073113305228,0.0,0.0,0.0,0.0,0.0,18473,global,0.0
1,5,lr1e-04_bs8_drop0p4_temp2p0_a0p25_b0p05__wd1e-04trmiss0_degmodglobal,8,0.0001,0.0001,0.4,2.0,0.25,0.05,lr1e-04_bs8_drop0p4_temp2p0_a0p25_b0p05__wd1e-04trmiss0_degmodglobal,66,0.5077558330127171,0.6449920237064362,0.6666666666666667,0.8372285122285124,0.5384615384615384,0.0,0.46235405121530804,0.4686872022492545,0.11402635276317596,0.2112409429890769,0.0,0.0,0.0,0.0,0.0,18473,global,0.0
1,5,lr1e-04_bs8_drop0p4_temp2p0_a0p25_b0p05__wd1e-04trmiss0_degmodglobal,8,0.0001,0.0001,0.4,2.0,0.25,0.05,lr1e-04_bs8_drop0p4_temp2p0_a0p25_b0p05__wd1e-04trmiss0_degmodglobal,67,0.5359536111354828,0.6363969147205353,0.6666666666666667,0.8372285122285124,0.5384615384615384,0.0,0.4830661714076996,0.49346077016421724,0.1157771646976471,0.27097088737147196,0.0,0.0,0.0,0.0,0.0,18473,global,0.0
1,5,lr1e-04_bs8_drop0p4_temp2p0_a0p25_b0p05__wd1e-04trmiss0_degmodglobal,8,0.0001,0.0001,0.4,2.0,0.25,0.05,lr1e-04_bs8_drop0p4_temp2p0_a0p25_b0p05__wd1e-04trmiss0_degmodglobal,68,0.506263758455004,0.6375886797904968,0.6666666666666667,0.8372285122285124,0.5384615384615384,0.0,0.4259722828865051,0.46123990416526794,0.1267196120960372,0.2668792073215757,0.0,0.0,0.0,0.0,0.0,18473,global,0.0
1,5,lr1e-04_bs8_drop0p4_temp2p0_a0p25_b0p05__wd1e-04trmiss0_degmodglobal,8,0.0001,0.0001,0.4,2.0,0.25,0.05,lr1e-04_bs8_drop0p4_temp2p0_a0p25_b0p05__wd1e-04trmiss0_degmodglobal,69,0.4922938219138554,0.6386770904064178,0.6666666666666667,0.8372285122285124,0.6153846153846154,0.0,0.42660496490342276,0.4495039667401995,0.12729872656720026,0.21930356323719025,0.0,0.0,0.0,0.0,0.0,18473,global,0.0
1,5,lr1e-04_bs8_drop0p4_temp2p0_a0p25_b0p05__wd1e-04trmiss0_degmodglobal,8,0.0001,0.0001,0.4,2.0,0.25,0.05,lr1e-04_bs8_drop0p4_temp2p0_a0p25_b0p05__wd1e-04trmiss0_degmodglobal,70,0.5421310663223267,0.6396113932132721,0.6666666666666667,0.8372285122285124,0.6153846153846154,0.0,0.4205185813563211,0.45881362898009165,0.23612316591399057,0.4857329704931804,0.0,0.0,0.0,0.0,0.0,18473,global,0.0
1,5,lr1e-04_bs8_drop0p4_temp2p0_a0p25_b0p05__wd1e-04trmiss0_degmodglobal,8,0.0001,0.0001,0.4,2.0,0.25,0.05,lr1e-04_bs8_drop0p4_temp2p0_a0p25_b0p05__wd1e-04trmiss0_degmodglobal,71,0.5205611288547516,0.6415591835975647,0.6666666666666667,0.8372285122285124,0.6153846153846154,0.0,0.42545333078929354,0.47717204689979553,0.13096776019249642,0.2129430722977434,0.0,0.0,0.0,0.0,0.0,18473,global,0.0
1,5,lr1e-04_bs8_drop0p4_temp2p0_a0p25_b0p05__wd1e-04trmiss0_degmodglobal,8,0.0001,0.0001,0.4,2.0,0.25,0.05,lr1e-04_bs8_drop0p4_temp2p0_a0p25_b0p05__wd1e-04trmiss0_degmodglobal,72,0.5149149511541639,0.6407844722270966,0.6666666666666666,0.8542038208704876,0.6153846153846154,0.0,0.42537157450403484,0.46678867510386873,0.1391794697514602,0.2666282589946474,0.0,0.0,0.0,0.0,0.0,18473,global,0.0
1,5,lr1e-04_bs8_drop0p4_temp2p0_a0p25_b0p05__wd1e-04trmiss0_degmodglobal,8,0.0001,0.0001,0.4,2.0,0.25,0.05,lr1e-04_bs8_drop0p4_temp2p0_a0p25_b0p05__wd1e-04trmiss0_degmodglobal,73,0.5431578287056514,0.6410489976406097,0.6666666666666666,0.8542038208704876,0.6153846153846154,0.0,0.42826993124825613,0.4870569791112627,0.16163051447698049,0.313864603638649,0.0,0.0,0.0,0.0,0.0,18473,global,0.0
1,5,lr1e-04_bs8_drop0p4_temp2p0_a0p25_b0p05__wd1e-04trmiss0_degmodglobal,8,0.0001,0.0001,0.4,2.0,0.25,0.05,lr1e-04_bs8_drop0p4_temp2p0_a0p25_b0p05__wd1e-04trmiss0_degmodglobal,74,0.5022956473486764,0.6414902210235596,0.6388888888888888,0.8264260430927097,0.6153846153846154,0.0,0.3992629178932735,0.4511158679212843,0.1579369721668107,0.23391038605145045,0.0,0.0,0.0,0.0,0.0,18473,global,0.0
1,5,lr1e-04_bs8_drop0p4_temp2p0_a0p25_b0p05__wd1e-04trmiss0_degmodglobal,8,0.0001,0.0001,0.4,2.0,0.25,0.05,lr1e-04_bs8_drop0p4_temp2p0_a0p25_b0p05__wd1e-04trmiss0_degmodglobal,75,0.49807542136737276,0.6442164182662964,0.6111111111111112,0.8177840677840678,0.6153846153846154,0.0,0.3963090351649693,0.43915127004895893,0.16049137179340636,0.3760261195046561,0.0,0.0,0.0,0.0,0.0,18473,global,0.0
1,5,lr1e-04_bs8_drop0p4_temp2p0_a0p25_b0p05__wd1e-04trmiss0_degmodglobal,8,0.0001,0.0001,0.4,2.0,0.25,0.05,lr1e-04_bs8_drop0p4_temp2p0_a0p25_b0p05__wd1e-04trmiss0_degmodglobal,76,0.515780338219234,0.643858015537262,0.6388888888888888,0.8264260430927097,0.5384615384615384,0.0,0.4158154513154711,0.4645926484039852,0.15754842545304978,0.2360118499823979,0.0,0.0,0.0,0.0,0.0,18473,global,0.0
1,5,lr1e-04_bs8_drop0p4_temp2p0_a0p25_b0p05__wd1e-04trmiss0_degmodglobal,8,0.0001,0.0001,0.4,2.0,0.25,0.05,lr1e-04_bs8_drop0p4_temp2p0_a0p25_b0p05__wd1e-04trmiss0_degmodglobal,77,0.5074122760977063,0.6449745297431946,0.6388888888888888,0.8264260430927097,0.5384615384615384,0.0,0.38973156469208853,0.44308774386133465,0.1894411657537733,0.33928490217242924,0.0,0.0,0.0,0.0,0.0,18473,global,0.0
1,5,lr1e-04_bs8_drop0p4_temp2p0_a0p25_b0p05__wd1e-04trmiss0_degmodglobal,8,0.0001,0.0001,0.4,2.0,0.25,0.05,lr1e-04_bs8_drop0p4_temp2p0_a0p25_b0p05__wd1e-04trmiss0_degmodglobal,78,0.5321865933282035,0.641672670841217,0.6388888888888888,0.8264260430927097,0.6153846153846154,0.0,0.4187753541128976,0.46891739538737703,0.1596745481448514,0.46701131973947796,0.0,0.0,0.0,0.0,0.0,18473,global,0.0
1,5,lr1e-04_bs8_drop0p4_temp2p0_a0p25_b0p05__wd1e-04trmiss0_degmodglobal,8,0.0001,0.0001,0.4,2.0,0.25,0.05,lr1e-04_bs8_drop0p4_temp2p0_a0p25_b0p05__wd1e-04trmiss0_degmodglobal,79,0.4816672546522958,0.6415204703807831,0.6388888888888888,0.8264260430927097,0.6153846153846154,0.0,0.38400172335760935,0.4257099415574755,0.16803328160728728,0.2789796952690397,0.0,0.0,0.0,0.0,0.0,18473,global,0.0
1,5,lr1e-04_bs8_drop0p4_temp2p0_a0p25_b0p05__wd1e-04trmiss0_degmodglobal,8,0.0001,0.0001,0.4,2.0,0.25,0.05,lr1e-04_bs8_drop0p4_temp2p0_a0p25_b0p05__wd1e-04trmiss0_degmodglobal,80,0.5306405893393925,0.6406541764736176,0.6388888888888888,0.8264260430927097,0.6153846153846154,0.0,0.42695546575954985,0.4642666152545384,0.18010477934564864,0.42695574888161253,0.0,0.0,0.0,0.0,0.0,18473,global,0.0
1,5,lr5e-05_bs8_drop0p2_temp1p0_a0p25_b0p05__wd1e-04trmiss0_degmodglobal,8,5e-05,0.0001,0.2,1.0,0.25,0.05,lr5e-05_bs8_drop0p2_temp1p0_a0p25_b0p05__wd1e-04trmiss0_degmodglobal,1,0.7205846309661865,0.6399702429771423,0.7222222222222222,0.8551858635191969,0.7692307692307693,0.0,0.6981632709503174,0.7017072268894741,0.05216837727597782,0.116705983877182,0.0,0.0,0.0,0.0,0.0,18473,global,0.0
1,5,lr5e-05_bs8_drop0p2_temp1p0_a0p25_b0p05__wd1e-04trmiss0_degmodglobal,8,5e-05,0.0001,0.2,1.0,0.25,0.05,lr5e-05_bs8_drop0p2_temp1p0_a0p25_b0p05__wd1e-04trmiss0_degmodglobal,2,0.681198707648686,0.6488016247749329,0.75,0.8794973544973546,0.7692307692307693,0.0,0.702424441065107,0.6601124235561916,0.053438110543148856,0.1545350423880986,0.0,0.0,0.0,0.0,0.0,18473,global,0.0
1,5,lr5e-05_bs8_drop0p2_temp1p0_a0p25_b0p05__wd1e-04trmiss0_degmodglobal,8,5e-05,0.0001,0.2,1.0,0.25,0.05,lr5e-05_bs8_drop0p2_temp1p0_a0p25_b0p05__wd1e-04trmiss0_degmodglobal,3,0.6709183028766087,0.6513733863830566,0.7222222222222222,0.8730870980870982,0.7692307692307693,0.0,0.6952755876949855,0.6509231414113726,0.05174108913966587,0.14119816145726613,0.0,0.0,0.0,0.0,0.0,18473,global,0.0
1,5,lr5e-05_bs8_drop0p2_temp1p0_a0p25_b0p05__wd1e-04trmiss0_degmodglobal,8,5e-05,0.0001,0.2,1.0,0.25,0.05,lr5e-05_bs8_drop0p2_temp1p0_a0p25_b0p05__wd1e-04trmiss0_degmodglobal,4,0.6259251832962036,0.6444472074508667,0.7222222222222222,0.8730870980870982,0.6923076923076923,0.0,0.6626708848135812,0.6051256656646729,0.05580698139965534,0.1369552548442568,0.0,0.0,0.0,0.0,0.0,18473,global,0.0
1,5,lr5e-05_bs8_drop0p2_temp1p0_a0p25_b0p05__wd1e-04trmiss0_degmodglobal,8,5e-05,0.0001,0.2,1.0,0.25,0.05,lr5e-05_bs8_drop0p2_temp1p0_a0p25_b0p05__wd1e-04trmiss0_degmodglobal,5,0.652987539768219,0.626099020242691,0.75,0.8794973544973546,0.6923076923076923,0.0,0.657523615019662,0.634741118976048,0.05011145185147013,0.11437083248581205,0.0,0.0,0.0,0.0,0.0,18473,global,0.0
1,5,lr5e-05_bs8_drop0p2_temp1p0_a0p25_b0p05__wd1e-04trmiss0_degmodglobal,8,5e-05,0.0001,0.2,1.0,0.25,0.05,lr5e-05_bs8_drop0p2_temp1p0_a0p25_b0p05__wd1e-04trmiss0_degmodglobal,6,0.6135736533573696,0.6363240778446198,0.7222222222222222,0.8730870980870982,0.6923076923076923,0.0,0.6324498312813895,0.5919526730264936,0.05587918630668095,0.15302360323922976,0.0,0.0,0.0,0.0,0.0,18473,global,0.0
1,5,lr5e-05_bs8_drop0p2_temp1p0_a0p25_b0p05__wd1e-04trmiss0_degmodglobal,8,5e-05,0.0001,0.2,1.0,0.25,0.05,lr5e-05_bs8_drop0p2_temp1p0_a0p25_b0p05__wd1e-04trmiss0_degmodglobal,7,0.6068660531725202,0.6361973881721497,0.6944444444444444,0.8453093203093205,0.7692307692307693,0.0,0.6502215606825692,0.5895766701017108,0.04802746059639113,0.10565043560096196,0.0,0.0,0.0,0.0,0.0,18473,global,0.0
1,5,lr5e-05_bs8_drop0p2_temp1p0_a0p25_b0p05__wd1e-04trmiss0_degmodglobal,8,5e-05,0.0001,0.2,1.0,0.25,0.05,lr5e-05_bs8_drop0p2_temp1p0_a0p25_b0p05__wd1e-04trmiss0_degmodglobal,8,0.5946471776281085,0.6289922893047333,0.6944444444444444,0.8453093203093205,0.7692307692307693,0.0,0.6188316345214844,0.5759990470749992,0.0540001317858696,0.10296162111418587,0.0,0.0,0.0,0.0,0.0,18473,global,0.0
1,5,lr5e-05_bs8_drop0p2_temp1p0_a0p25_b0p05__wd1e-04trmiss0_degmodglobal,8,5e-05,0.0001,0.2,1.0,0.25,0.05,lr5e-05_bs8_drop0p2_temp1p0_a0p25_b0p05__wd1e-04trmiss0_degmodglobal,9,0.5840626358985901,0.626311719417572,0.7222222222222222,0.8730870980870982,0.6923076923076923,0.0,0.6080792461122785,0.5655761361122131,0.05109544311250959,0.11425286531448364,0.0,0.0,0.0,0.0,0.0,18473,global,0.0
1,5,lr5e-05_bs8_drop0p2_temp1p0_a0p25_b0p05__wd1e-04trmiss0_degmodglobal,8,5e-05,0.0001,0.2,1.0,0.25,0.05,lr5e-05_bs8_drop0p2_temp1p0_a0p25_b0p05__wd1e-04trmiss0_degmodglobal,10,0.5498556665011815,0.6373545825481415,0.6944444444444444,0.8453093203093205,0.6923076923076923,0.0,0.620864885193961,0.5309691727161407,0.05277336867792266,0.11386319462742124,0.0,0.0,0.0,0.0,0.0,18473,global,0.0
1,5,lr5e-05_bs8_drop0p2_temp1p0_a0p25_b0p05__wd1e-04trmiss0_degmodglobal,8,5e-05,0.0001,0.2,1.0,0.25,0.05,lr5e-05_bs8_drop0p2_temp1p0_a0p25_b0p05__wd1e-04trmiss0_degmodglobal,11,0.5662993362971714,0.6329474151134491,0.6944444444444444,0.8453093203093205,0.6923076923076923,0.0,0.6058943271636963,0.5459846598761422,0.06057073388780866,0.10343972593545914,0.0,0.0,0.0,0.0,0.0,18473,global,0.0
1,5,lr5e-05_bs8_drop0p2_temp1p0_a0p25_b0p05__wd1e-04trmiss0_degmodglobal,8,5e-05,0.0001,0.2,1.0,0.25,0.05,lr5e-05_bs8_drop0p2_temp1p0_a0p25_b0p05__wd1e-04trmiss0_degmodglobal,12,0.5804089052336556,0.6345260739326477,0.7222222222222222,0.8730870980870982,0.6923076923076923,0.0,0.6173218062945774,0.5582700456891742,0.06283329693334443,0.12861067908150808,0.0,0.0,0.0,0.0,0.0,18473,global,0.0
1,5,lr5e-05_bs8_drop0p2_temp1p0_a0p25_b0p05__wd1e-04trmiss0_degmodglobal,8,5e-05,0.0001,0.2,1.0,0.25,0.05,lr5e-05_bs8_drop0p2_temp1p0_a0p25_b0p05__wd1e-04trmiss0_degmodglobal,13,0.5411595276423863,0.6322301030158997,0.7222222222222222,0.8551858635191969,0.7692307692307693,0.0,0.5913771305765424,0.516899585723877,0.06303779727646283,0.17000994937760489,0.0,0.0,0.0,0.0,0.0,18473,global,0.0
1,5,lr5e-05_bs8_drop0p2_temp1p0_a0p25_b0p05__wd1e-04trmiss0_degmodglobal,8,5e-05,0.0001,0.2,1.0,0.25,0.05,lr5e-05_bs8_drop0p2_temp1p0_a0p25_b0p05__wd1e-04trmiss0_degmodglobal,14,0.5745880348341805,0.6219530999660492,0.7222222222222222,0.8730870980870982,0.7692307692307693,0.0,0.5926129136766706,0.5556632322924477,0.05472811737230846,0.10485516648207392,0.0,0.0,0.0,0.0,0.0,18473,global,0.0
1,5,lr5e-05_bs8_drop0p2_temp1p0_a0p25_b0p05__wd1e-04trmiss0_degmodglobal,8,5e-05,0.0001,0.2,1.0,0.25,0.05,lr5e-05_bs8_drop0p2_temp1p0_a0p25_b0p05__wd1e-04trmiss0_degmodglobal,15,0.5431636827332633,0.6229108572006226,0.7222222222222222,0.8730870980870982,0.6923076923076923,0.0,0.5671117901802063,0.5225305003779275,0.059491103781121116,0.11520816864711898,0.0,0.0,0.0,0.0,0.0,18473,global,0.0
1,5,lr5e-05_bs8_drop0p2_temp1p0_a0p25_b0p05__wd1e-04trmiss0_degmodglobal,8,5e-05,0.0001,0.2,1.0,0.25,0.05,lr5e-05_bs8_drop0p2_temp1p0_a0p25_b0p05__wd1e-04trmiss0_degmodglobal,16,0.5388658344745636,0.6265148222446442,0.7222222222222222,0.8730870980870982,0.6923076923076923,0.0,0.5842129332678658,0.5202415415218898,0.05444898349898202,0.10024095965283257,0.0,0.0,0.0,0.0,0.0,18473,global,0.0
1,5,lr5e-05_bs8_drop0p2_temp1p0_a0p25_b0p05__wd1e-04trmiss0_degmodglobal,8,5e-05,0.0001,0.2,1.0,0.25,0.05,lr5e-05_bs8_drop0p2_temp1p0_a0p25_b0p05__wd1e-04trmiss0_degmodglobal,17,0.5524542289120811,0.6225145757198334,0.7222222222222222,0.8730870980870982,0.6923076923076923,0.0,0.5840667741639274,0.5313856473990849,0.060603631394250054,0.11835371915783201,0.0,0.0,0.0,0.0,0.0,18473,global,0.0
1,5,lr5e-05_bs8_drop0p2_temp1p0_a0p25_b0p05__wd1e-04trmiss0_degmodglobal,8,5e-05,0.0001,0.2,1.0,0.25,0.05,lr5e-05_bs8_drop0p2_temp1p0_a0p25_b0p05__wd1e-04trmiss0_degmodglobal,18,0.5721333367483956,0.6161465048789978,0.7222222222222222,0.8730870980870982,0.6923076923076923,0.0,0.5836372886385236,0.5547200398785728,0.04985570375408445,0.0989873835018703,0.0,0.0,0.0,0.0,0.0,18473,global,0.0
1,5,lr5e-05_bs8_drop0p2_temp1p0_a0p25_b0p05__wd1e-04trmiss0_degmodglobal,8,5e-05,0.0001,0.2,1.0,0.25,0.05,lr5e-05_bs8_drop0p2_temp1p0_a0p25_b0p05__wd1e-04trmiss0_degmodglobal,19,0.5403295797961098,0.6200254559516907,0.7222222222222222,0.8730870980870982,0.7692307692307693,0.0,0.5741099544933864,0.5226968569414956,0.053019535328660695,0.08755698906523841,0.0,0.0,0.0,0.0,0.0,18473,global,0.0
1,5,lr5e-05_bs8_drop0p2_temp1p0_a0p25_b0p05__wd1e-04trmiss0_degmodglobal,8,5e-05,0.0001,0.2,1.0,0.25,0.05,lr5e-05_bs8_drop0p2_temp1p0_a0p25_b0p05__wd1e-04trmiss0_degmodglobal,20,0.5390215345791408,0.623141884803772,0.7222222222222222,0.8730870980870982,0.7692307692307693,0.0,0.558935454913548,0.5145315229892731,0.07197280015264239,0.12993608734437398,0.0,0.0,0.0,0.0,0.0,18473,global,0.0
1,5,lr5e-05_bs8_drop0p2_temp1p0_a0p25_b0p05__wd1e-04trmiss0_degmodglobal,8,5e-05,0.0001,0.2,1.0,0.25,0.05,lr5e-05_bs8_drop0p2_temp1p0_a0p25_b0p05__wd1e-04trmiss0_degmodglobal,21,0.534073463508061,0.6235476136207581,0.7222222222222222,0.8730870980870982,0.6923076923076923,0.0,0.5618131501334054,0.5160055458545685,0.052536667457648685,0.09867483430675097,0.0,0.0,0.0,0.0,0.0,18473,global,0.0
1,5,lr5e-05_bs8_drop0p2_temp1p0_a0p25_b0p05__wd1e-04trmiss0_degmodglobal,8,5e-05,0.0001,0.2,1.0,0.25,0.05,lr5e-05_bs8_drop0p2_temp1p0_a0p25_b0p05__wd1e-04trmiss0_degmodglobal,22,0.5217898232596261,0.623761385679245,0.7222222222222222,0.8730870980870982,0.6923076923076923,0.0,0.5619692461831229,0.49873670509883333,0.06148660821574075,0.15362942112343653,0.0,0.0,0.0,0.0,0.0,18473,global,0.0
1,5,lr5e-05_bs8_drop0p2_temp1p0_a0p25_b0p05__wd1e-04trmiss0_degmodglobal,8,5e-05,0.0001,0.2,1.0,0.25,0.05,lr5e-05_bs8_drop0p2_temp1p0_a0p25_b0p05__wd1e-04trmiss0_degmodglobal,23,0.5095113047531673,0.6210035681724548,0.7222222222222222,0.8730870980870982,0.6923076923076923,0.0,0.537251455443246,0.488697418144771,0.06280560365745,0.10224987992218562,0.0,0.0,0.0,0.0,0.0,18473,global,0.0
1,5,lr5e-05_bs8_drop0p2_temp1p0_a0p25_b0p05__wd1e-04trmiss0_degmodglobal,8,5e-05,0.0001,0.2,1.0,0.25,0.05,lr5e-05_bs8_drop0p2_temp1p0_a0p25_b0p05__wd1e-04trmiss0_degmodglobal,24,0.5138403986181531,0.6156087815761566,0.6944444444444444,0.8622846289512958,0.6923076923076923,0.0,0.5348972848483494,0.4922987563269479,0.06308485461132866,0.11540853977203369,0.0,0.0,0.0,0.0,0.0,18473,global,0.0
1,5,lr5e-05_bs8_drop0p2_temp1p0_a0p25_b0p05__wd1e-04trmiss0_degmodglobal,8,5e-05,0.0001,0.2,1.0,0.25,0.05,lr5e-05_bs8_drop0p2_temp1p0_a0p25_b0p05__wd1e-04trmiss0_degmodglobal,25,0.5423456345285688,0.6156381368637085,0.6944444444444444,0.8622846289512958,0.6153846153846154,0.0,0.5709456035069057,0.5158186214310783,0.07677880993911199,0.14664612763694354,0.0,0.0,0.0,0.0,0.0,18473,global,0.0
1,5,lr5e-05_bs8_drop0p2_temp2p0_a0p25_b0p05__wd1e-04trmiss0_degmodglobal,8,5e-05,0.0001,0.2,2.0,0.25,0.05,lr5e-05_bs8_drop0p2_temp2p0_a0p25_b0p05__wd1e-04trmiss0_degmodglobal,1,0.680781330381121,0.6465131044387817,0.6666666666666666,0.8743978243978245,0.6153846153846154,0.0,0.7123786040714809,0.6502607464790344,0.07764154619404248,0.22220392738069808,0.0,0.0,0.0,0.0,0.0,18473,global,0.0
1,5,lr5e-05_bs8_drop0p2_temp2p0_a0p25_b0p05__wd1e-04trmiss0_degmodglobal,8,5e-05,0.0001,0.2,2.0,0.25,0.05,lr5e-05_bs8_drop0p2_temp2p0_a0p25_b0p05__wd1e-04trmiss0_degmodglobal,2,0.6574714609554836,0.6370023488998413,0.6666666666666666,0.8743978243978245,0.6153846153846154,0.0,0.6917631711278643,0.6261261786733355,0.07289720007351466,0.2624199922595705,0.0,0.0,0.0,0.0,0.0,18473,global,0.0
1,5,lr5e-05_bs8_drop0p2_temp2p0_a0p25_b0p05__wd1e-04trmiss0_degmodglobal,8,5e-05,0.0001,0.2,2.0,0.25,0.05,lr5e-05_bs8_drop0p2_temp2p0_a0p25_b0p05__wd1e-04trmiss0_degmodglobal,3,0.6221837997436523,0.6335472762584686,0.6388888888888888,0.8610500610500611,0.6153846153846154,0.0,0.6523998550006321,0.5879753572600228,0.08204615541866847,0.2739382130759103,0.0,0.0,0.0,0.0,0.0,18473,global,0.0
1,5,lr5e-05_bs8_drop0p2_temp2p0_a0p25_b0p05__wd1e-04trmiss0_degmodglobal,8,5e-05,0.0001,0.2,2.0,0.25,0.05,lr5e-05_bs8_drop0p2_temp2p0_a0p25_b0p05__wd1e-04trmiss0_degmodglobal,4,0.599847572190421,0.6322062313556671,0.6111111111111112,0.8491452991452992,0.6153846153846154,0.0,0.6639962707247052,0.5708788207599095,0.07221993963633265,0.21827496801103866,0.0,0.0,0.0,0.0,0.0,18473,global,0.0
1,5,lr5e-05_bs8_drop0p2_temp2p0_a0p25_b0p05__wd1e-04trmiss0_degmodglobal,8,5e-05,0.0001,0.2,2.0,0.25,0.05,lr5e-05_bs8_drop0p2_temp2p0_a0p25_b0p05__wd1e-04trmiss0_degmodglobal,5,0.6044069358280727,0.6330350935459137,0.5833333333333333,0.835917785917786,0.6153846153846154,0.0,0.6320702603885106,0.5756163086209979,0.07316111879689353,0.21000672770398005,0.0,0.0,0.0,0.0,0.0,18473,global,0.0
1,5,lr5e-05_bs8_drop0p2_temp2p0_a0p25_b0p05__wd1e-04trmiss0_degmodglobal,8,5e-05,0.0001,0.2,2.0,0.25,0.05,lr5e-05_bs8_drop0p2_temp2p0_a0p25_b0p05__wd1e-04trmiss0_degmodglobal,6,0.5863677859306335,0.6400013267993927,0.611111111111111,0.8426517926517927,0.6153846153846154,0.0,0.6151760050228664,0.5534706796918597,0.08108581123607499,0.25251342356204987,0.0,0.0,0.0,0.0,0.0,18473,global,0.0
1,5,lr5e-05_bs8_drop0p2_temp2p0_a0p25_b0p05__wd1e-04trmiss0_degmodglobal,8,5e-05,0.0001,0.2,2.0,0.25,0.05,lr5e-05_bs8_drop0p2_temp2p0_a0p25_b0p05__wd1e-04trmiss0_degmodglobal,7,0.6079267348561969,0.6413336098194122,0.5555555555555556,0.8111703111703112,0.6923076923076923,0.0,0.6293781314577375,0.5798652001789638,0.07092693714158875,0.20659567841461726,0.0,0.0,0.0,0.0,0.0,18473,global,0.0
1,5,lr5e-05_bs8_drop0p2_temp2p0_a0p25_b0p05__wd1e-04trmiss0_degmodglobal,8,5e-05,0.0001,0.2,2.0,0.25,0.05,lr5e-05_bs8_drop0p2_temp2p0_a0p25_b0p05__wd1e-04trmiss0_degmodglobal,8,0.5699512447629657,0.6407949924468994,0.5555555555555555,0.8056147556147557,0.6923076923076923,0.0,0.6114681788853237,0.5346230225903648,0.08802962409598487,0.2664160302707127,0.0,0.0,0.0,0.0,0.0,18473,global,0.0
1,5,lr5e-05_bs8_drop0p2_temp2p0_a0p25_b0p05__wd1e-04trmiss0_degmodglobal,8,5e-05,0.0001,0.2,2.0,0.25,0.05,lr5e-05_bs8_drop0p2_temp2p0_a0p25_b0p05__wd1e-04trmiss0_degmodglobal,9,0.5605322207723346,0.6520021259784698,0.5555555555555555,0.8056147556147557,0.6923076923076923,0.0,0.588456507240023,0.5249149331024715,0.0883984842470714,0.270353513104575,0.0,0.0,0.0,0.0,0.0,18473,global,0.0
1,5,lr5e-05_bs8_drop0p2_temp2p0_a0p25_b0p05__wd1e-04trmiss0_degmodglobal,8,5e-05,0.0001,0.2,2.0,0.25,0.05,lr5e-05_bs8_drop0p2_temp2p0_a0p25_b0p05__wd1e-04trmiss0_degmodglobal,10,0.5553842868123736,0.6417195796966553,0.5833333333333334,0.8223375390042058,0.6153846153846154,0.0,0.6015646713120597,0.5245047509670258,0.07803589052387647,0.22741086142403738,0.0,0.0,0.0,0.0,0.0,18473,global,0.0
1,5,lr5e-05_bs8_drop0p2_temp2p0_a0p25_b0p05__wd1e-04trmiss0_degmodglobal,8,5e-05,0.0001,0.2,2.0,0.25,0.05,lr5e-05_bs8_drop0p2_temp2p0_a0p25_b0p05__wd1e-04trmiss0_degmodglobal,11,0.5412070410592216,0.6334860622882843,0.6111111111111112,0.8290715457382125,0.6923076923076923,0.0,0.5764196004186358,0.5043651376451764,0.09523031009095055,0.2606863464627947,0.0,0.0,0.0,0.0,0.0,18473,global,0.0
1,5,lr5e-05_bs8_drop0p2_temp2p0_a0p25_b0p05__wd1e-04trmiss0_degmodglobal,8,5e-05,0.0001,0.2,2.0,0.25,0.05,lr5e-05_bs8_drop0p2_temp2p0_a0p25_b0p05__wd1e-04trmiss0_degmodglobal,12,0.5389301691736493,0.6310684382915497,0.6388888888888888,0.8354818021484689,0.6923076923076923,0.0,0.5864924703325544,0.509191496031625,0.07456341119749206,0.22195622963564737,0.0,0.0,0.0,0.0,0.0,18473,global,0.0
1,5,lr5e-05_bs8_drop0p2_temp2p0_a0p25_b0p05__wd1e-04trmiss0_degmodglobal,8,5e-05,0.0001,0.2,2.0,0.25,0.05,lr5e-05_bs8_drop0p2_temp2p0_a0p25_b0p05__wd1e-04trmiss0_degmodglobal,13,0.606264420918056,0.6289366185665131,0.5833333333333334,0.8012937679604346,0.6923076923076923,0.0,0.6063293303762164,0.5713854687554496,0.08493788859673909,0.2728892596704619,0.0,0.0,0.0,0.0,0.0,18473,global,0.0
1,5,lr5e-05_bs8_drop0p2_temp2p0_a0p25_b0p05__wd1e-04trmiss0_degmodglobal,8,5e-05,0.0001,0.2,2.0,0.25,0.05,lr5e-05_bs8_drop0p2_temp2p0_a0p25_b0p05__wd1e-04trmiss0_degmodglobal,14,0.526521099465234,0.6335245072841644,0.5833333333333334,0.8012937679604346,0.6923076923076923,0.0,0.5543471149035862,0.49525034001895357,0.08322889570678983,0.209270573088101,0.0,0.0,0.0,0.0,0.0,18473,global,0.0
1,5,lr5e-05_bs8_drop0p2_temp2p0_a0p25_b0p05__wd1e-04trmiss0_degmodglobal,8,5e-05,0.0001,0.2,2.0,0.25,0.05,lr5e-05_bs8_drop0p2_temp2p0_a0p25_b0p05__wd1e-04trmiss0_degmodglobal,15,0.5388513292585101,0.642196387052536,0.5833333333333333,0.770666987333654,0.6923076923076923,0.0,0.5905988471848624,0.500843631369727,0.09700007843119758,0.27515357732772827,0.0,0.0,0.0,0.0,0.0,18473,global,0.0
1,5,lr5e-05_bs8_drop0p2_temp2p0_a0p25_b0p05__wd1e-04trmiss0_degmodglobal,8,5e-05,0.0001,0.2,2.0,0.25,0.05,lr5e-05_bs8_drop0p2_temp2p0_a0p25_b0p05__wd1e-04trmiss0_degmodglobal,16,0.5326034596988133,0.6396226584911346,0.6111111111111112,0.8077040243706912,0.6923076923076923,0.0,0.5657923136438642,0.5024036637374333,0.07841806060501508,0.21190571572099412,0.0,0.0,0.0,0.0,0.0,18473,global,0.0
1,5,lr5e-05_bs8_drop0p2_temp2p0_a0p25_b0p05__wd1e-04trmiss0_degmodglobal,8,5e-05,0.0001,0.2,2.0,0.25,0.05,lr5e-05_bs8_drop0p2_temp2p0_a0p25_b0p05__wd1e-04trmiss0_degmodglobal,17,0.5491658874920436,0.6403150856494904,0.5833333333333334,0.8012937679604346,0.6153846153846154,0.0,0.5634158253669739,0.5141488271100181,0.088157271700246,0.2595548523323877,0.0,0.0,0.0,0.0,0.0,18473,global,0.0
1,5,lr5e-05_bs8_drop0p2_temp2p0_a0p25_b0p05__wd1e-04trmiss0_degmodglobal,8,5e-05,0.0001,0.2,2.0,0.25,0.05,lr5e-05_bs8_drop0p2_temp2p0_a0p25_b0p05__wd1e-04trmiss0_degmodglobal,18,0.5423135842595782,0.6401638090610504,0.5833333333333334,0.8223375390042058,0.6153846153846154,0.0,0.5693395904132298,0.5121081556592669,0.07999075789536748,0.20415463192122324,0.0,0.0,0.0,0.0,0.0,18473,global,0.0
1,5,lr5e-05_bs8_drop0p2_temp2p0_a0p25_b0p05__wd1e-04trmiss0_degmodglobal,8,5e-05,0.0001,0.2,2.0,0.25,0.05,lr5e-05_bs8_drop0p2_temp2p0_a0p25_b0p05__wd1e-04trmiss0_degmodglobal,19,0.5322871463639396,0.6359496712684631,0.5833333333333334,0.8223375390042058,0.5384615384615384,0.0,0.532617028270449,0.4968779810837337,0.09260112792253494,0.2451775414603097,0.0,0.0,0.0,0.0,0.0,18473,global,0.0
1,5,lr5e-05_bs8_drop0p2_temp2p0_a0p25_b0p05__wd1e-04trmiss0_degmodglobal,8,5e-05,0.0001,0.2,2.0,0.25,0.05,lr5e-05_bs8_drop0p2_temp2p0_a0p25_b0p05__wd1e-04trmiss0_degmodglobal,20,0.5514134849820819,0.6406696140766144,0.6111111111111112,0.8145212811879479,0.6923076923076923,0.0,0.5534133229936872,0.515248030424118,0.09889108368328639,0.2288537962096078,0.0,0.0,0.0,0.0,0.0,18473,global,0.0
1,5,lr5e-05_bs8_drop0p2_temp2p0_a0p25_b0p05__wd1e-04trmiss0_degmodglobal,8,5e-05,0.0001,0.2,2.0,0.25,0.05,lr5e-05_bs8_drop0p2_temp2p0_a0p25_b0p05__wd1e-04trmiss0_degmodglobal,21,0.540896577494485,0.6434132754802704,0.638888888888889,0.8209315375982045,0.6923076923076923,0.0,0.5746980352061135,0.5034015008381435,0.09558691723006112,0.27196695123400005,0.0,0.0,0.0,0.0,0.0,18473,global,0.0
1,5,lr5e-05_bs8_drop0p2_temp2p0_a0p25_b0p05__wd1e-04trmiss0_degmodglobal,8,5e-05,0.0001,0.2,2.0,0.25,0.05,lr5e-05_bs8_drop0p2_temp2p0_a0p25_b0p05__wd1e-04trmiss0_degmodglobal,22,0.5324011147022247,0.6398981809616089,0.5833333333333333,0.770666987333654,0.6923076923076923,0.0,0.5336074914251056,0.49270438296454294,0.10601589296545301,0.2638552508183888,0.0,0.0,0.0,0.0,0.0,18473,global,0.0
1,5,lr5e-05_bs8_drop0p2_temp2p0_a0p25_b0p05__wd1e-04trmiss0_degmodglobal,8,5e-05,0.0001,0.2,2.0,0.25,0.05,lr5e-05_bs8_drop0p2_temp2p0_a0p25_b0p05__wd1e-04trmiss0_degmodglobal,23,0.5205272350992475,0.6376104354858398,0.6111111111111112,0.8077040243706912,0.6923076923076923,0.0,0.5428695167813983,0.4805431536265782,0.10152429342269897,0.2920600644179753,0.0,0.0,0.0,0.0,0.0,18473,global,0.0
1,5,lr5e-05_bs8_drop0p2_temp2p0_a0p25_b0p05__wd1e-04trmiss0_degmodglobal,8,5e-05,0.0001,0.2,2.0,0.25,0.05,lr5e-05_bs8_drop0p2_temp2p0_a0p25_b0p05__wd1e-04trmiss0_degmodglobal,24,0.5402953284127372,0.6312449276447296,0.6111111111111112,0.8077040243706912,0.6923076923076923,0.0,0.5175259496484484,0.5007904853139605,0.1109350738780839,0.2354216809783663,0.0,0.0,0.0,0.0,0.0,18473,global,0.0
1,5,lr5e-05_bs8_drop0p2_temp2p0_a0p25_b0p05__wd1e-04trmiss0_degmodglobal,8,5e-05,0.0001,0.2,2.0,0.25,0.05,lr5e-05_bs8_drop0p2_temp2p0_a0p25_b0p05__wd1e-04trmiss0_degmodglobal,25,0.5408765801361629,0.6358866691589355,0.6111111111111112,0.8077040243706912,0.7692307692307693,0.0,0.5178636951105935,0.5069785969597953,0.09117892597402845,0.22206467390060425,0.0,0.0,0.0,0.0,0.0,18473,global,0.0
1,5,lr5e-05_bs8_drop0p2_temp2p0_a0p25_b0p05__wd1e-04trmiss0_degmodglobal,8,5e-05,0.0001,0.2,2.0,0.25,0.05,lr5e-05_bs8_drop0p2_temp2p0_a0p25_b0p05__wd1e-04trmiss0_degmodglobal,26,0.5409129006522042,0.6333391070365906,0.6944444444444444,0.83658810325477,0.7692307692307693,0.0,0.5371456061090741,0.5007285092558179,0.10671453124710492,0.27011537339006153,0.0,0.0,0.0,0.0,0.0,18473,global,0.0
1,5,lr5e-05_bs8_drop0p2_temp2p0_a0p25_b0p05__wd1e-04trmiss0_degmodglobal,8,5e-05,0.0001,0.2,2.0,0.25,0.05,lr5e-05_bs8_drop0p2_temp2p0_a0p25_b0p05__wd1e-04trmiss0_degmodglobal,27,0.5392577392714364,0.6392914056777954,0.6944444444444444,0.8114558281224948,0.7692307692307693,0.0,0.555767297744751,0.5021626395838601,0.09882746849741254,0.24776466829436167,0.0,0.0,0.0,0.0,0.0,18473,global,0.0
1,5,lr5e-05_bs8_drop0p2_temp2p0_a0p25_b0p05__wd1e-04trmiss0_degmodglobal,8,5e-05,0.0001,0.2,2.0,0.25,0.05,lr5e-05_bs8_drop0p2_temp2p0_a0p25_b0p05__wd1e-04trmiss0_degmodglobal,28,0.5138683148792812,0.6357996165752411,0.6666666666666667,0.799551066217733,0.7692307692307693,0.0,0.5237890779972076,0.47733935713768005,0.1008772679737636,0.22619275003671646,0.0,0.0,0.0,0.0,0.0,18473,global,0.0
1,5,lr5e-05_bs8_drop0p2_temp2p0_a0p25_b0p05__wd1e-04trmiss0_degmodglobal,8,5e-05,0.0001,0.2,2.0,0.25,0.05,lr5e-05_bs8_drop0p2_temp2p0_a0p25_b0p05__wd1e-04trmiss0_degmodglobal,29,0.5445065540926797,0.6331861615180969,0.6666666666666667,0.799551066217733,0.7692307692307693,0.0,0.5774867449487958,0.5058598135198865,0.10499336038316999,0.24796813939298903,0.0,0.0,0.0,0.0,0.0,18473,global,0.0
1,5,lr5e-05_bs8_drop0p2_temp2p0_a0p25_b0p05__wd1e-04trmiss0_degmodglobal,8,5e-05,0.0001,0.2,2.0,0.25,0.05,lr5e-05_bs8_drop0p2_temp2p0_a0p25_b0p05__wd1e-04trmiss0_degmodglobal,30,0.5343252079827445,0.6326089799404144,0.6666666666666666,0.8290123456790124,0.7692307692307693,0.0,0.5286351825509753,0.48489080582346233,0.12542498537472316,0.36156337176050457,0.0,0.0,0.0,0.0,0.0,18473,global,0.0
1,5,lr5e-05_bs8_drop0p2_temp2p0_a0p25_b0p05__wd1e-04trmiss0_degmodglobal,8,5e-05,0.0001,0.2,2.0,0.25,0.05,lr5e-05_bs8_drop0p2_temp2p0_a0p25_b0p05__wd1e-04trmiss0_degmodglobal,31,0.5285147896834782,0.6353384256362915,0.6388888888888888,0.7957992624659291,0.7692307692307693,0.0,0.5356440969875881,0.4876053588730948,0.1078624278306961,0.2788764557668141,0.0,0.0,0.0,0.0,0.0,18473,global,0.0
1,5,lr5e-05_bs8_drop0p2_temp2p0_a0p25_b0p05__wd1e-04trmiss0_degmodglobal,8,5e-05,0.0001,0.2,2.0,0.25,0.05,lr5e-05_bs8_drop0p2_temp2p0_a0p25_b0p05__wd1e-04trmiss0_degmodglobal,32,0.5067686821733203,0.6327911913394928,0.6666666666666667,0.799551066217733,0.7692307692307693,0.0,0.543369323015213,0.46986660787037443,0.10326029998915535,0.22173980517046793,0.0,0.0,0.0,0.0,0.0,18473,global,0.0
1,5,lr5e-05_bs8_drop0p2_temp2p0_a0p25_b0p05__wd1e-04trmiss0_degmodglobal,8,5e-05,0.0001,0.2,2.0,0.25,0.05,lr5e-05_bs8_drop0p2_temp2p0_a0p25_b0p05__wd1e-04trmiss0_degmodglobal,33,0.552469619682857,0.6326023042201996,0.6944444444444444,0.8114558281224948,0.7692307692307693,0.0,0.5346396863460541,0.5104313279901233,0.10790432457412992,0.3012445090072496,0.0,0.0,0.0,0.0,0.0,18473,global,0.0
1,5,lr5e-05_bs8_drop0p2_temp2p0_a0p25_b0p05__wd1e-04trmiss0_degmodglobal,8,5e-05,0.0001,0.2,2.0,0.25,0.05,lr5e-05_bs8_drop0p2_temp2p0_a0p25_b0p05__wd1e-04trmiss0_degmodglobal,34,0.539740115404129,0.6330660879611969,0.6944444444444444,0.8114558281224948,0.7692307692307693,0.0,0.5428899782044547,0.5036395703043256,0.09461424286876406,0.24893958866596222,0.0,0.0,0.0,0.0,0.0,18473,global,0.0
1,5,lr5e-05_bs8_drop0p2_temp2p0_a0p25_b0p05__wd1e-04trmiss0_degmodglobal,8,5e-05,0.0001,0.2,2.0,0.25,0.05,lr5e-05_bs8_drop0p2_temp2p0_a0p25_b0p05__wd1e-04trmiss0_degmodglobal,35,0.513246693781444,0.632099986076355,0.6944444444444444,0.8114558281224948,0.7692307692307693,0.0,0.5186381382601601,0.4831369093486241,0.08338505508644241,0.1852704350437437,0.0,0.0,0.0,0.0,0.0,18473,global,0.0
1,5,lr5e-05_bs8_drop0p2_temp2p0_a0p25_b0p05__wd1e-04trmiss0_degmodglobal,8,5e-05,0.0001,0.2,2.0,0.25,0.05,lr5e-05_bs8_drop0p2_temp2p0_a0p25_b0p05__wd1e-04trmiss0_degmodglobal,36,0.549158832856587,0.6265283823013306,0.7222222222222222,0.8484928651595318,0.7692307692307693,0.0,0.5398218631744385,0.5022798989500318,0.11902643207992826,0.3424466699361801,0.0,0.0,0.0,0.0,0.0,18473,global,0.0
1,5,lr5e-05_bs8_drop0p2_temp2p0_a0p25_b0p05__wd1e-04trmiss0_degmodglobal,8,5e-05,0.0001,0.2,2.0,0.25,0.05,lr5e-05_bs8_drop0p2_temp2p0_a0p25_b0p05__wd1e-04trmiss0_degmodglobal,37,0.5259096452168056,0.6285831332206726,0.7222222222222222,0.8484928651595318,0.7692307692307693,0.0,0.4822201005050114,0.4842017037527902,0.10643283863152776,0.30199472499745234,0.0,0.0,0.0,0.0,0.0,18473,global,0.0
1,5,lr5e-05_bs8_drop0p2_temp2p0_a0p25_b0p05__wd1e-04trmiss0_degmodglobal,8,5e-05,0.0001,0.2,2.0,0.25,0.05,lr5e-05_bs8_drop0p2_temp2p0_a0p25_b0p05__wd1e-04trmiss0_degmodglobal,38,0.5091540685721806,0.6314098536968231,0.7222222222222222,0.8484928651595318,0.7692307692307693,0.0,0.4921972709042685,0.4600776902266911,0.13191946116941317,0.32193057239055634,0.0,0.0,0.0,0.0,0.0,18473,global,0.0
1,5,lr5e-05_bs8_drop0p2_temp2p0_a0p25_b0p05__wd1e-04trmiss0_degmodglobal,8,5e-05,0.0001,0.2,2.0,0.25,0.05,lr5e-05_bs8_drop0p2_temp2p0_a0p25_b0p05__wd1e-04trmiss0_degmodglobal,39,0.5259719789028168,0.6309297978878021,0.6944444444444444,0.8114558281224948,0.7692307692307693,0.0,0.5432210990360805,0.48767093675477163,0.1041762541447367,0.2451397595661027,0.0,0.0,0.0,0.0,0.0,18473,global,0.0
1,5,lr5e-05_bs8_drop0p2_temp2p0_a0p25_b0p05__wd1e-04trmiss0_degmodglobal,8,5e-05,0.0001,0.2,2.0,0.25,0.05,lr5e-05_bs8_drop0p2_temp2p0_a0p25_b0p05__wd1e-04trmiss0_degmodglobal,40,0.5220194969858442,0.6294942796230316,0.6944444444444444,0.8114558281224948,0.7692307692307693,0.0,0.5238213283675057,0.4834029589380537,0.09823628621441978,0.2811490425041744,0.0,0.0,0.0,0.0,0.0,18473,global,0.0
1,5,lr5e-05_bs8_drop0p2_temp2p0_a0p25_b0p05__wd1e-04trmiss0_degmodglobal,8,5e-05,0.0001,0.2,2.0,0.25,0.05,lr5e-05_bs8_drop0p2_temp2p0_a0p25_b0p05__wd1e-04trmiss0_degmodglobal,41,0.54705268570355,0.6309635639190674,0.6944444444444444,0.8114558281224948,0.7692307692307693,0.0,0.5282037471021924,0.48419929827962604,0.1575728537780898,0.46920331461089,0.0,0.0,0.0,0.0,0.0,18473,global,0.0
1,5,lr5e-05_bs8_drop0p2_temp2p0_a0p25_b0p05__wd1e-04trmiss0_degmodglobal,8,5e-05,0.0001,0.2,2.0,0.25,0.05,lr5e-05_bs8_drop0p2_temp2p0_a0p25_b0p05__wd1e-04trmiss0_degmodglobal,42,0.5351281123501914,0.6275859177112579,0.6944444444444444,0.8114558281224948,0.7692307692307693,0.0,0.527307003736496,0.4969991956438337,0.09908942771809441,0.2671312115022114,0.0,0.0,0.0,0.0,0.0,18473,global,0.0
1,5,lr5e-05_bs8_drop0p2_temp2p0_a0p25_b0p05__wd1e-04trmiss0_degmodglobal,8,5e-05,0.0001,0.2,2.0,0.25,0.05,lr5e-05_bs8_drop0p2_temp2p0_a0p25_b0p05__wd1e-04trmiss0_degmodglobal,43,0.5094155200890133,0.6291391849517822,0.6944444444444444,0.8114558281224948,0.7692307692307693,0.0,0.48911800554820467,0.46579481448446003,0.11140861468655723,0.31537085345813204,0.0,0.0,0.0,0.0,0.0,18473,global,0.0
1,5,lr5e-05_bs8_drop0p2_temp2p0_a0p25_b0p05__wd1e-04trmiss0_degmodglobal,8,5e-05,0.0001,0.2,2.0,0.25,0.05,lr5e-05_bs8_drop0p2_temp2p0_a0p25_b0p05__wd1e-04trmiss0_degmodglobal,44,0.5488621464797429,0.6340969502925873,0.6944444444444444,0.8114558281224948,0.7692307692307693,0.0,0.4980819949081966,0.49842141781534466,0.13891806134155818,0.3142244219779968,0.0,0.0,0.0,0.0,0.0,18473,global,0.0
1,5,lr5e-05_bs8_drop0p2_temp2p0_a0p25_b0p05__wd1e-04trmiss0_degmodglobal,8,5e-05,0.0001,0.2,2.0,0.25,0.05,lr5e-05_bs8_drop0p2_temp2p0_a0p25_b0p05__wd1e-04trmiss0_degmodglobal,45,0.5325583049229213,0.6343698501586914,0.6944444444444444,0.8114558281224948,0.7692307692307693,0.0,0.5396663887160165,0.49350764070238384,0.10646128548043114,0.24870681124074118,0.0,0.0,0.0,0.0,0.0,18473,global,0.0
1,5,lr5e-05_bs8_drop0p2_temp2p0_a0p25_b0p05__wd1e-04trmiss0_degmodglobal,8,5e-05,0.0001,0.2,2.0,0.25,0.05,lr5e-05_bs8_drop0p2_temp2p0_a0p25_b0p05__wd1e-04trmiss0_degmodglobal,46,0.5406868287495205,0.6302322149276733,0.6944444444444444,0.8114558281224948,0.7692307692307693,0.0,0.5490201796804156,0.5011599276747022,0.10986062245709556,0.2412345079439027,0.0,0.0,0.0,0.0,0.0,18473,global,0.0
1,5,lr5e-05_bs8_drop0p2_temp2p0_a0p25_b0p05__wd1e-04trmiss0_degmodglobal,8,5e-05,0.0001,0.2,2.0,0.25,0.05,lr5e-05_bs8_drop0p2_temp2p0_a0p25_b0p05__wd1e-04trmiss0_degmodglobal,47,0.5183138804776328,0.6305324733257294,0.6944444444444444,0.8114558281224948,0.7692307692307693,0.0,0.5011137000152043,0.4789816992623465,0.10705025813409261,0.2513923794031143,0.0,0.0,0.0,0.0,0.0,18473,global,0.0
1,5,lr5e-05_bs8_drop0p2_temp2p0_a0p25_b0p05__wd1e-04trmiss0_degmodglobal,8,5e-05,0.0001,0.2,2.0,0.25,0.05,lr5e-05_bs8_drop0p2_temp2p0_a0p25_b0p05__wd1e-04trmiss0_degmodglobal,48,0.5423720819609505,0.6282682120800018,0.7222222222222222,0.8484928651595318,0.7692307692307693,0.0,0.5101599863597325,0.4926798641681671,0.13461590664727346,0.32076496950217653,0.0,0.0,0.0,0.0,0.0,18473,global,0.0
1,5,lr5e-05_bs8_drop0p2_temp2p0_a0p25_b0p05__wd1e-04trmiss0_degmodglobal,8,5e-05,0.0001,0.2,2.0,0.25,0.05,lr5e-05_bs8_drop0p2_temp2p0_a0p25_b0p05__wd1e-04trmiss0_degmodglobal,49,0.5260071754455566,0.6280045509338379,0.6944444444444444,0.8114558281224948,0.7692307692307693,0.0,0.4866873494216374,0.47951516934803556,0.12033038054193769,0.32818842359951567,0.0,0.0,0.0,0.0,0.0,18473,global,0.0
1,5,lr5e-05_bs8_drop0p2_temp2p0_a0p25_b0p05__wd1e-04trmiss0_degmodglobal,8,5e-05,0.0001,0.2,2.0,0.25,0.05,lr5e-05_bs8_drop0p2_temp2p0_a0p25_b0p05__wd1e-04trmiss0_degmodglobal,50,0.5160464687006814,0.6256499290466309,0.7222222222222222,0.8484928651595318,0.7692307692307693,0.0,0.47352210112980436,0.46670142667634146,0.13274431228637695,0.32317923860890524,0.0,0.0,0.0,0.0,0.0,18473,global,0.0
1,5,lr5e-05_bs8_drop0p2_temp2p0_a0p25_b0p05__wd1e-04trmiss0_degmodglobal,8,5e-05,0.0001,0.2,2.0,0.25,0.05,lr5e-05_bs8_drop0p2_temp2p0_a0p25_b0p05__wd1e-04trmiss0_degmodglobal,51,0.5063370593956539,0.628151923418045,0.6944444444444444,0.8114558281224948,0.7692307692307693,0.0,0.4673802980354854,0.4646742982523782,0.10713061796767372,0.2976021830524717,0.0,0.0,0.0,0.0,0.0,18473,global,0.0
1,5,lr5e-05_bs8_drop0p2_temp2p0_a0p25_b0p05__wd1e-04trmiss0_degmodglobal,8,5e-05,0.0001,0.2,2.0,0.25,0.05,lr5e-05_bs8_drop0p2_temp2p0_a0p25_b0p05__wd1e-04trmiss0_degmodglobal,52,0.518096251147134,0.629255473613739,0.6944444444444444,0.8114558281224948,0.7692307692307693,0.0,0.4969851757798876,0.47389326776776997,0.12446459595646177,0.2617369954075132,0.0,0.0,0.0,0.0,0.0,18473,global,0.0
1,5,lr5e-05_bs8_drop0p2_temp2p0_a0p25_b0p05__wd1e-04trmiss0_degmodglobal,8,5e-05,0.0001,0.2,2.0,0.25,0.05,lr5e-05_bs8_drop0p2_temp2p0_a0p25_b0p05__wd1e-04trmiss0_degmodglobal,53,0.5077199552740369,0.6301021575927734,0.6944444444444444,0.8114558281224948,0.7692307692307693,0.0,0.479827208178384,0.4655786710126059,0.12254231103828975,0.23011436419827597,0.0,0.0,0.0,0.0,0.0,18473,global,0.0
1,5,lr5e-05_bs8_drop0p2_temp2p0_a0p25_b0p05__wd1e-04trmiss0_degmodglobal,8,5e-05,0.0001,0.2,2.0,0.25,0.05,lr5e-05_bs8_drop0p2_temp2p0_a0p25_b0p05__wd1e-04trmiss0_degmodglobal,54,0.5249148820127759,0.6320118606090546,0.6944444444444444,0.8114558281224948,0.7692307692307693,0.0,0.4776837272303445,0.4865253354821886,0.10135064061198916,0.2610379159450531,0.0,0.0,0.0,0.0,0.0,18473,global,0.0
1,5,lr5e-05_bs8_drop0p2_temp2p0_a0p25_b0p05__wd1e-04trmiss0_degmodglobal,8,5e-05,0.0001,0.2,2.0,0.25,0.05,lr5e-05_bs8_drop0p2_temp2p0_a0p25_b0p05__wd1e-04trmiss0_degmodglobal,55,0.5076114705630711,0.6331031918525696,0.6944444444444444,0.8114558281224948,0.7692307692307693,0.0,0.47544640728405546,0.4616706201008388,0.12777221309287207,0.27995578944683075,0.0,0.0,0.0,0.0,0.0,18473,global,0.0
1,5,lr5e-05_bs8_drop0p2_temp2p0_a0p25_b0p05__wd1e-04trmiss0_degmodglobal,8,5e-05,0.0001,0.2,2.0,0.25,0.05,lr5e-05_bs8_drop0p2_temp2p0_a0p25_b0p05__wd1e-04trmiss0_degmodglobal,56,0.5196283970560346,0.6316359043121338,0.7222222222222222,0.8484928651595318,0.7692307692307693,0.0,0.49657573444502695,0.4817171777997698,0.10167227046830314,0.24986305619989121,0.0,0.0,0.0,0.0,0.0,18473,global,0.0
1,5,lr5e-05_bs8_drop0p2_temp2p0_a0p25_b0p05__wd1e-04trmiss0_degmodglobal,8,5e-05,0.0001,0.2,2.0,0.25,0.05,lr5e-05_bs8_drop0p2_temp2p0_a0p25_b0p05__wd1e-04trmiss0_degmodglobal,57,0.5197813212871552,0.63274747133255,0.6944444444444444,0.8114558281224948,0.7692307692307693,0.0,0.5177670248917171,0.4776198523385184,0.11579508866582598,0.26425411232880186,0.0,0.0,0.0,0.0,0.0,18473,global,0.0
1,5,lr5e-05_bs8_drop0p2_temp2p0_a0p25_b0p05__wd1e-04trmiss0_degmodglobal,8,5e-05,0.0001,0.2,2.0,0.25,0.05,lr5e-05_bs8_drop0p2_temp2p0_a0p25_b0p05__wd1e-04trmiss0_degmodglobal,58,0.5450743905135563,0.6314311027526855,0.6944444444444444,0.8114558281224948,0.7692307692307693,0.0,0.46896733556474957,0.4988480167729514,0.12065365378345762,0.3212592431477138,0.0,0.0,0.0,0.0,0.0,18473,global,0.0
1,5,lr5e-05_bs8_drop0p2_temp2p0_a0p25_b0p05__wd1e-04trmiss0_degmodglobal,8,5e-05,0.0001,0.2,2.0,0.25,0.05,lr5e-05_bs8_drop0p2_temp2p0_a0p25_b0p05__wd1e-04trmiss0_degmodglobal,59,0.5150188292775836,0.6303390562534332,0.7222222222222222,0.8484928651595318,0.7692307692307693,0.0,0.4652709152017321,0.47981360980442594,0.09039281255432538,0.2521405358399664,0.0,0.0,0.0,0.0,0.0,18473,global,0.0
1,5,lr5e-05_bs8_drop0p2_temp2p0_a0p25_b0p05__wd1e-04trmiss0_degmodglobal,8,5e-05,0.0001,0.2,2.0,0.25,0.05,lr5e-05_bs8_drop0p2_temp2p0_a0p25_b0p05__wd1e-04trmiss0_degmodglobal,60,0.5236810105187553,0.6318828165531158,0.6944444444444444,0.8114558281224948,0.7692307692307693,0.0,0.5007110621247973,0.4869272666318076,0.09658810496330261,0.2521343912397112,0.0,0.0,0.0,0.0,0.0,18473,global,0.0
1,5,lr5e-05_bs8_drop0p2_temp2p0_a0p25_b0p05__wd1e-04trmiss0_degmodglobal,8,5e-05,0.0001,0.2,2.0,0.25,0.05,lr5e-05_bs8_drop0p2_temp2p0_a0p25_b0p05__wd1e-04trmiss0_degmodglobal,61,0.5377687982150486,0.632049560546875,0.6944444444444444,0.8114558281224948,0.7692307692307693,0.0,0.5087690608842033,0.4959626282964434,0.10761820524930954,0.29803236041750225,0.0,0.0,0.0,0.0,0.0,18473,global,0.0
1,5,lr5e-05_bs8_drop0p2_temp2p0_a0p25_b0p05__wd1e-04trmiss0_degmodglobal,8,5e-05,0.0001,0.2,2.0,0.25,0.05,lr5e-05_bs8_drop0p2_temp2p0_a0p25_b0p05__wd1e-04trmiss0_degmodglobal,62,0.5091075088296618,0.6303807199001312,0.6944444444444444,0.8114558281224948,0.7692307692307693,0.0,0.46361619234085083,0.46232035756111145,0.12945535672562464,0.28846660469259533,0.0,0.0,0.0,0.0,0.0,18473,global,0.0
1,5,lr5e-05_bs8_drop0p2_temp2p0_a0p25_b0p05__wd1e-04trmiss0_degmodglobal,8,5e-05,0.0001,0.2,2.0,0.25,0.05,lr5e-05_bs8_drop0p2_temp2p0_a0p25_b0p05__wd1e-04trmiss0_degmodglobal,63,0.522691160440445,0.630172073841095,0.6666666666666666,0.8038800705467373,0.7692307692307693,0.0,0.4944876389844077,0.4707190564700535,0.14408390436853682,0.31902227231434416,0.0,0.0,0.0,0.0,0.0,18473,global,0.0
1,5,lr5e-05_bs8_drop0p2_temp2p0_a0p25_b0p05__wd1e-04trmiss0_degmodglobal,8,5e-05,0.0001,0.2,2.0,0.25,0.05,lr5e-05_bs8_drop0p2_temp2p0_a0p25_b0p05__wd1e-04trmiss0_degmodglobal,64,0.5288836828299931,0.6298073530197144,0.7222222222222222,0.8484928651595318,0.7692307692307693,0.0,0.45169150829315186,0.4787549206188747,0.12843418759959085,0.3604044233049665,0.0,0.0,0.0,0.0,0.0,18473,global,0.0
1,5,lr5e-05_bs8_drop0p2_temp2p0_a0p25_b0p05__wd1e-04trmiss0_degmodglobal,8,5e-05,0.0001,0.2,2.0,0.25,0.05,lr5e-05_bs8_drop0p2_temp2p0_a0p25_b0p05__wd1e-04trmiss0_degmodglobal,65,0.5322402885981968,0.6297713816165924,0.7222222222222222,0.8484928651595318,0.7692307692307693,0.0,0.4727102049759456,0.4953164756298065,0.10095937230757304,0.2336794680782727,0.0,0.0,0.0,0.0,0.0,18473,global,0.0
1,5,lr5e-05_bs8_drop0p2_temp2p0_a0p25_b0p05__wd1e-04trmiss0_degmodglobal,8,5e-05,0.0001,0.2,2.0,0.25,0.05,lr5e-05_bs8_drop0p2_temp2p0_a0p25_b0p05__wd1e-04trmiss0_degmodglobal,66,0.5175144076347351,0.6314692199230194,0.7222222222222222,0.8484928651595318,0.7692307692307693,0.0,0.4615113522325243,0.4676860272884369,0.142951029751982,0.28181225061416626,0.0,0.0,0.0,0.0,0.0,18473,global,0.0
1,5,lr5e-05_bs8_drop0p2_temp2p0_a0p25_b0p05__wd1e-04trmiss0_degmodglobal,8,5e-05,0.0001,0.2,2.0,0.25,0.05,lr5e-05_bs8_drop0p2_temp2p0_a0p25_b0p05__wd1e-04trmiss0_degmodglobal,67,0.5223571062088013,0.6316352784633636,0.6944444444444444,0.8114558281224948,0.7692307692307693,0.0,0.47691015686307636,0.4892076551914215,0.0934331055198397,0.19582355661051615,0.0,0.0,0.0,0.0,0.0,18473,global,0.0
1,5,lr5e-05_bs8_drop0p2_temp2p0_a0p25_b0p05__wd1e-04trmiss0_degmodglobal,8,5e-05,0.0001,0.2,2.0,0.25,0.05,lr5e-05_bs8_drop0p2_temp2p0_a0p25_b0p05__wd1e-04trmiss0_degmodglobal,68,0.5304927825927734,0.6307770013809204,0.6944444444444444,0.8114558281224948,0.7692307692307693,0.0,0.4705575278827122,0.46902430057525635,0.16672583988734654,0.39574017907891956,0.0,0.0,0.0,0.0,0.0,18473,global,0.0
1,5,lr5e-05_bs8_drop0p2_temp2p0_a0p25_b0p05__wd1e-04trmiss0_degmodglobal,8,5e-05,0.0001,0.2,2.0,0.25,0.05,lr5e-05_bs8_drop0p2_temp2p0_a0p25_b0p05__wd1e-04trmiss0_degmodglobal,69,0.5334924587181636,0.6331668198108673,0.6944444444444444,0.8114558281224948,0.7692307692307693,0.0,0.4979039430618286,0.48909176673207966,0.12063943914004735,0.2848163992166519,0.0,0.0,0.0,0.0,0.0,18473,global,0.0
1,5,lr5e-05_bs8_drop0p2_temp2p0_a0p25_b0p05__wd1e-04trmiss0_degmodglobal,8,5e-05,0.0001,0.2,2.0,0.25,0.05,lr5e-05_bs8_drop0p2_temp2p0_a0p25_b0p05__wd1e-04trmiss0_degmodglobal,70,0.5201959269387382,0.6351089775562286,0.6944444444444444,0.8114558281224948,0.7692307692307693,0.0,0.44676331111363005,0.4719829559326172,0.12927145723785674,0.3179021179676056,0.0,0.0,0.0,0.0,0.0,18473,global,0.0
1,5,lr5e-05_bs8_drop0p4_temp1p0_a0p25_b0p05__wd1e-04trmiss0_degmodglobal,8,5e-05,0.0001,0.4,1.0,0.25,0.05,lr5e-05_bs8_drop0p4_temp1p0_a0p25_b0p05__wd1e-04trmiss0_degmodglobal,1,0.763247013092041,0.6953153312206268,0.5,0.6972101972101973,0.5384615384615384,0.0,0.6977200082370213,0.7385774680546352,0.06853581831923553,0.15071193554571696,0.0,0.0,0.0,0.0,0.0,18473,global,0.0
1,5,lr5e-05_bs8_drop0p4_temp1p0_a0p25_b0p05__wd1e-04trmiss0_degmodglobal,8,5e-05,0.0001,0.4,1.0,0.25,0.05,lr5e-05_bs8_drop0p4_temp1p0_a0p25_b0p05__wd1e-04trmiss0_degmodglobal,2,0.6960116965430123,0.6947181224822998,0.5277777777777778,0.7798821548821548,0.46153846153846156,0.0,0.6821149587631226,0.6716605084283012,0.07067947408982686,0.1336260437965393,0.0,0.0,0.0,0.0,0.0,18473,global,0.0
1,5,lr5e-05_bs8_drop0p4_temp1p0_a0p25_b0p05__wd1e-04trmiss0_degmodglobal,8,5e-05,0.0001,0.4,1.0,0.25,0.05,lr5e-05_bs8_drop0p4_temp1p0_a0p25_b0p05__wd1e-04trmiss0_degmodglobal,3,0.7039366023881095,0.6935005784034729,0.5,0.7734718984718985,0.46153846153846156,0.0,0.6776849372046334,0.6788960695266724,0.07255521735974721,0.13803487031587533,0.0,0.0,0.0,0.0,0.0,18473,global,0.0
1,5,lr5e-05_bs8_drop0p4_temp1p0_a0p25_b0p05__wd1e-04trmiss0_degmodglobal,8,5e-05,0.0001,0.4,1.0,0.25,0.05,lr5e-05_bs8_drop0p4_temp1p0_a0p25_b0p05__wd1e-04trmiss0_degmodglobal,4,0.6867773277418954,0.6914734840393066,0.5555555555555556,0.8234718984718985,0.46153846153846156,0.0,0.647971877029964,0.6563320074762616,0.08754077074783188,0.17120253587407724,0.0,0.0,0.0,0.0,0.0,18473,global,0.0
1,5,lr5e-05_bs8_drop0p4_temp1p0_a0p25_b0p05__wd1e-04trmiss0_degmodglobal,8,5e-05,0.0001,0.4,1.0,0.25,0.05,lr5e-05_bs8_drop0p4_temp1p0_a0p25_b0p05__wd1e-04trmiss0_degmodglobal,5,0.6757606778826032,0.6914157271385193,0.5555555555555556,0.8234718984718985,0.46153846153846156,0.0,0.6616861309323993,0.6457382951463971,0.08231078886560031,0.18889367473976953,0.0,0.0,0.0,0.0,0.0,18473,global,0.0
1,5,lr5e-05_bs8_drop0p4_temp1p0_a0p25_b0p05__wd1e-04trmiss0_degmodglobal,8,5e-05,0.0001,0.4,1.0,0.25,0.05,lr5e-05_bs8_drop0p4_temp1p0_a0p25_b0p05__wd1e-04trmiss0_degmodglobal,6,0.690553571496691,0.6822197735309601,0.611111111111111,0.8426517926517927,0.46153846153846156,0.0,0.6924007875578744,0.6658122539520264,0.06377965265086719,0.17592811211943626,0.0,0.0,0.0,0.0,0.0,18473,global,0.0
1,5,lr5e-05_bs8_drop0p4_temp1p0_a0p25_b0p05__wd1e-04trmiss0_degmodglobal,8,5e-05,0.0001,0.4,1.0,0.25,0.05,lr5e-05_bs8_drop0p4_temp1p0_a0p25_b0p05__wd1e-04trmiss0_degmodglobal,7,0.6458799498421806,0.6756991147994995,0.6944444444444444,0.8830397997064665,0.6153846153846154,0.0,0.6484630789075579,0.61525559425354,0.08645954515252795,0.18018950894474983,0.0,0.0,0.0,0.0,0.0,18473,global,0.0
1,5,lr5e-05_bs8_drop0p4_temp1p0_a0p25_b0p05__wd1e-04trmiss0_degmodglobal,8,5e-05,0.0001,0.4,1.0,0.25,0.05,lr5e-05_bs8_drop0p4_temp1p0_a0p25_b0p05__wd1e-04trmiss0_degmodglobal,8,0.6407567688396999,0.6759790182113647,0.6666666666666666,0.8743978243978245,0.6153846153846154,0.0,0.6084615417889186,0.6015877297946385,0.10539202604975019,0.2564204494868006,0.0,0.0,0.0,0.0,0.0,18473,global,0.0
1,5,lr5e-05_bs8_drop0p4_temp1p0_a0p25_b0p05__wd1e-04trmiss0_degmodglobal,8,5e-05,0.0001,0.4,1.0,0.25,0.05,lr5e-05_bs8_drop0p4_temp1p0_a0p25_b0p05__wd1e-04trmiss0_degmodglobal,9,0.6713236570358276,0.6711877882480621,0.6666666666666666,0.8743978243978245,0.6153846153846154,0.0,0.6320826922144208,0.6382137792451041,0.0968827163534505,0.17778368294239044,0.0,0.0,0.0,0.0,0.0,18473,global,0.0
1,5,lr5e-05_bs8_drop0p4_temp1p0_a0p25_b0p05__wd1e-04trmiss0_degmodglobal,8,5e-05,0.0001,0.4,1.0,0.25,0.05,lr5e-05_bs8_drop0p4_temp1p0_a0p25_b0p05__wd1e-04trmiss0_degmodglobal,10,0.6341700383595058,0.6607633233070374,0.6666666666666666,0.8883708883708885,0.6153846153846154,0.0,0.6116478059973035,0.6080311962536403,0.07644397605742727,0.14055725346718514,0.0,0.0,0.0,0.0,0.0,18473,global,0.0
1,5,lr5e-05_bs8_drop0p4_temp1p0_a0p25_b0p05__wd1e-04trmiss0_degmodglobal,8,5e-05,0.0001,0.4,1.0,0.25,0.05,lr5e-05_bs8_drop0p4_temp1p0_a0p25_b0p05__wd1e-04trmiss0_degmodglobal,11,0.6326490640640259,0.665386825799942,0.6944444444444444,0.8830397997064665,0.6153846153846154,0.0,0.6493062632424491,0.6007758123534066,0.08787151159984725,0.1981072383267539,0.0,0.0,0.0,0.0,0.0,18473,global,0.0
1,5,lr5e-05_bs8_drop0p4_temp1p0_a0p25_b0p05__wd1e-04trmiss0_degmodglobal,8,5e-05,0.0001,0.4,1.0,0.25,0.05,lr5e-05_bs8_drop0p4_temp1p0_a0p25_b0p05__wd1e-04trmiss0_degmodglobal,12,0.6479594281741551,0.668412834405899,0.6944444444444444,0.8954415954415955,0.6153846153846154,0.0,0.600273677280971,0.6173616051673889,0.08764804314289774,0.17371623750243867,0.0,0.0,0.0,0.0,0.0,18473,global,0.0
1,5,lr5e-05_bs8_drop0p4_temp1p0_a0p25_b0p05__wd1e-04trmiss0_degmodglobal,8,5e-05,0.0001,0.4,1.0,0.25,0.05,lr5e-05_bs8_drop0p4_temp1p0_a0p25_b0p05__wd1e-04trmiss0_degmodglobal,13,0.6031665205955505,0.6619881093502045,0.7222222222222223,0.8990130240130241,0.6923076923076923,0.0,0.6101628031049456,0.5702966451644897,0.09396074818713325,0.1875940720949854,0.0,0.0,0.0,0.0,0.0,18473,global,0.0
1,5,lr5e-05_bs8_drop0p4_temp1p0_a0p25_b0p05__wd1e-04trmiss0_degmodglobal,8,5e-05,0.0001,0.4,1.0,0.25,0.05,lr5e-05_bs8_drop0p4_temp1p0_a0p25_b0p05__wd1e-04trmiss0_degmodglobal,14,0.6400966048240662,0.6502559185028076,0.75,0.9148860398860401,0.6923076923076923,0.0,0.6212539502552578,0.5973772406578064,0.12338604778051376,0.23745687944548471,0.0,0.0,0.0,0.0,0.0,18473,global,0.0
1,5,lr5e-05_bs8_drop0p4_temp1p0_a0p25_b0p05__wd1e-04trmiss0_degmodglobal,8,5e-05,0.0001,0.4,1.0,0.25,0.05,lr5e-05_bs8_drop0p4_temp1p0_a0p25_b0p05__wd1e-04trmiss0_degmodglobal,15,0.6096732701574054,0.6480544209480286,0.6944444444444444,0.8954415954415955,0.5384615384615384,0.0,0.5652639780725751,0.5807147196360997,0.08886498212814331,0.13484610404287065,0.0,0.0,0.0,0.0,0.0,18473,global,0.0
1,5,lr5e-05_bs8_drop0p4_temp1p0_a0p25_b0p05__wd1e-04trmiss0_degmodglobal,8,5e-05,0.0001,0.4,1.0,0.25,0.05,lr5e-05_bs8_drop0p4_temp1p0_a0p25_b0p05__wd1e-04trmiss0_degmodglobal,16,0.6062639696257455,0.6523828208446503,0.6944444444444444,0.8954415954415955,0.6153846153846154,0.0,0.5802026901926313,0.5775912063462394,0.08914217885051455,0.12774481837238585,0.0,0.0,0.0,0.0,0.0,18473,global,0.0
1,5,lr5e-05_bs8_drop0p4_temp1p0_a0p25_b0p05__wd1e-04trmiss0_degmodglobal,8,5e-05,0.0001,0.4,1.0,0.25,0.05,lr5e-05_bs8_drop0p4_temp1p0_a0p25_b0p05__wd1e-04trmiss0_degmodglobal,17,0.6110350149018424,0.6741601526737213,0.6944444444444444,0.8954415954415955,0.6153846153846154,0.0,0.5498737011637006,0.5787165633269719,0.10504920780658722,0.12112281684364591,0.0,0.0,0.0,0.0,0.0,18473,global,0.0
1,5,lr5e-05_bs8_drop0p4_temp1p0_a0p25_b0p05__wd1e-04trmiss0_degmodglobal,8,5e-05,0.0001,0.4,1.0,0.25,0.05,lr5e-05_bs8_drop0p4_temp1p0_a0p25_b0p05__wd1e-04trmiss0_degmodglobal,18,0.6073844688279288,0.6685019731521606,0.6388888888888888,0.8610500610500611,0.6153846153846154,0.0,0.5864333169800895,0.5733134235654559,0.0952498008097921,0.20517177347626006,0.0,0.0,0.0,0.0,0.0,18473,global,0.0
1,5,lr5e-05_bs8_drop0p4_temp1p0_a0p25_b0p05__wd1e-04trmiss0_degmodglobal,8,5e-05,0.0001,0.4,1.0,0.25,0.05,lr5e-05_bs8_drop0p4_temp1p0_a0p25_b0p05__wd1e-04trmiss0_degmodglobal,19,0.5828172053609576,0.6623042821884155,0.7222222222222222,0.9021756021756022,0.6153846153846154,0.0,0.5470552955354963,0.5533381615366254,0.09147554263472557,0.13220330886542797,0.0,0.0,0.0,0.0,0.0,18473,global,0.0
1,5,lr5e-05_bs8_drop0p4_temp1p0_a0p25_b0p05__wd1e-04trmiss0_degmodglobal,8,5e-05,0.0001,0.4,1.0,0.25,0.05,lr5e-05_bs8_drop0p4_temp1p0_a0p25_b0p05__wd1e-04trmiss0_degmodglobal,20,0.5986797383853367,0.6639131605625153,0.6944444444444444,0.8863025863025864,0.6923076923076923,0.0,0.54004619377,0.5660638638905117,0.0996244911636625,0.15419506920235498,0.0,0.0,0.0,0.0,0.0,18473,global,0.0
1,5,lr5e-05_bs8_drop0p4_temp1p0_a0p25_b0p05__wd1e-04trmiss0_degmodglobal,8,5e-05,0.0001,0.4,1.0,0.25,0.05,lr5e-05_bs8_drop0p4_temp1p0_a0p25_b0p05__wd1e-04trmiss0_degmodglobal,21,0.5852620261056083,0.6412521600723267,0.6388888888888888,0.8651385651385652,0.5384615384615384,0.0,0.5445606367928642,0.5447898592267718,0.1196628739791257,0.21112875640392303,0.0,0.0,0.0,0.0,0.0,18473,global,0.0
1,5,lr5e-05_bs8_drop0p4_temp1p0_a0p25_b0p05__wd1e-04trmiss0_degmodglobal,8,5e-05,0.0001,0.4,1.0,0.25,0.05,lr5e-05_bs8_drop0p4_temp1p0_a0p25_b0p05__wd1e-04trmiss0_degmodglobal,22,0.5943840571812221,0.6340509951114655,0.6388888888888888,0.8651385651385652,0.5384615384615384,0.0,0.5510502968515668,0.5606822882379804,0.10096015461853572,0.1692344205720084,0.0,0.0,0.0,0.0,0.0,18473,global,0.0
1,5,lr5e-05_bs8_drop0p4_temp1p0_a0p25_b0p05__wd1e-04trmiss0_degmodglobal,8,5e-05,0.0001,0.4,1.0,0.25,0.05,lr5e-05_bs8_drop0p4_temp1p0_a0p25_b0p05__wd1e-04trmiss0_degmodglobal,23,0.587653398513794,0.6454647183418274,0.6388888888888888,0.8558793058793059,0.6153846153846154,0.0,0.5561412402561733,0.552517328943525,0.10748991316982678,0.16527205386332103,0.0,0.0,0.0,0.0,0.0,18473,global,0.0
1,5,lr5e-05_bs8_drop0p4_temp1p0_a0p25_b0p05__wd1e-04trmiss0_degmodglobal,8,5e-05,0.0001,0.4,1.0,0.25,0.05,lr5e-05_bs8_drop0p4_temp1p0_a0p25_b0p05__wd1e-04trmiss0_degmodglobal,24,0.6070585421153477,0.6492238938808441,0.6666666666666667,0.8645212811879479,0.6153846153846154,0.0,0.589176859174456,0.5719749416623797,0.10294130231652941,0.18696522499833787,0.0,0.0,0.0,0.0,0.0,18473,global,0.0
1,5,lr5e-05_bs8_drop0p4_temp1p0_a0p25_b0p05__wd1e-04trmiss0_degmodglobal,8,5e-05,0.0001,0.4,1.0,0.25,0.05,lr5e-05_bs8_drop0p4_temp1p0_a0p25_b0p05__wd1e-04trmiss0_degmodglobal,25,0.5822859832218715,0.6594235301017761,0.6388888888888888,0.8577872744539412,0.6153846153846154,0.0,0.52211993932724,0.5496763459273747,0.09885132632085256,0.1579361270580973,0.0,0.0,0.0,0.0,0.0,18473,global,0.0
1,5,lr5e-05_bs8_drop0p4_temp1p0_a0p25_b0p05__wd1e-04trmiss0_degmodglobal,8,5e-05,0.0001,0.4,1.0,0.25,0.05,lr5e-05_bs8_drop0p4_temp1p0_a0p25_b0p05__wd1e-04trmiss0_degmodglobal,26,0.5839957850319999,0.6694868505001068,0.6111111111111112,0.8355650522317191,0.6153846153846154,0.0,0.5220881061894553,0.5389394632407597,0.1291766773377146,0.25524318856852396,0.0,0.0,0.0,0.0,0.0,18473,global,0.0
1,5,lr5e-05_bs8_drop0p4_temp1p0_a0p25_b0p05__wd1e-04trmiss0_degmodglobal,8,5e-05,0.0001,0.4,1.0,0.25,0.05,lr5e-05_bs8_drop0p4_temp1p0_a0p25_b0p05__wd1e-04trmiss0_degmodglobal,27,0.5956301518848964,0.6620123386383057,0.6111111111111112,0.8355650522317191,0.6153846153846154,0.0,0.5391913567270551,0.563971723828997,0.09446336328983307,0.16085201395409449,0.0,0.0,0.0,0.0,0.0,18473,global,0.0
1,5,lr5e-05_bs8_drop0p4_temp1p0_a0p25_b0p05__wd1e-04trmiss0_degmodglobal,8,5e-05,0.0001,0.4,1.0,0.25,0.05,lr5e-05_bs8_drop0p4_temp1p0_a0p25_b0p05__wd1e-04trmiss0_degmodglobal,28,0.5996409484318325,0.6411201655864716,0.7222222222222221,0.8845068511735179,0.6923076923076923,0.0,0.5294352855001178,0.5639471922601972,0.10456087972436633,0.19107107711689814,0.0,0.0,0.0,0.0,0.0,18473,global,0.0
1,5,lr5e-05_bs8_drop0p4_temp1p0_a0p25_b0p05__wd1e-04trmiss0_degmodglobal,8,5e-05,0.0001,0.4,1.0,0.25,0.05,lr5e-05_bs8_drop0p4_temp1p0_a0p25_b0p05__wd1e-04trmiss0_degmodglobal,29,0.585963921887534,0.6436557173728943,0.7222222222222221,0.8845068511735179,0.6923076923076923,0.0,0.5146799683570862,0.536638902766364,0.14959873791251863,0.23850671095507486,0.0,0.0,0.0,0.0,0.0,18473,global,0.0
1,5,lr5e-05_bs8_drop0p4_temp1p0_a0p25_b0p05__wd1e-04trmiss0_degmodglobal,8,5e-05,0.0001,0.4,1.0,0.25,0.05,lr5e-05_bs8_drop0p4_temp1p0_a0p25_b0p05__wd1e-04trmiss0_degmodglobal,30,0.5559407813208443,0.641649454832077,0.7222222222222221,0.8845068511735179,0.6923076923076923,0.0,0.5132593640259334,0.5103171254907336,0.13966273037450655,0.2141596728137561,0.0,0.0,0.0,0.0,0.0,18473,global,0.0
1,5,lr5e-05_bs8_drop0p4_temp1p0_a0p25_b0p05__wd1e-04trmiss0_degmodglobal,8,5e-05,0.0001,0.4,1.0,0.25,0.05,lr5e-05_bs8_drop0p4_temp1p0_a0p25_b0p05__wd1e-04trmiss0_degmodglobal,31,0.5585825272968837,0.6403938233852386,0.7222222222222221,0.8845068511735179,0.6923076923076923,0.0,0.521894919020789,0.5218526976449149,0.11669127855982099,0.1511403096041509,0.0,0.0,0.0,0.0,0.0,18473,global,0.0
1,5,lr5e-05_bs8_drop0p4_temp1p0_a0p25_b0p05__wd1e-04trmiss0_degmodglobal,8,5e-05,0.0001,0.4,1.0,0.25,0.05,lr5e-05_bs8_drop0p4_temp1p0_a0p25_b0p05__wd1e-04trmiss0_degmodglobal,32,0.5829837960856301,0.6383374631404877,0.7222222222222221,0.8845068511735179,0.6923076923076923,0.0,0.5217522851058415,0.5484954076153892,0.10791018285921641,0.15021683994148458,0.0,0.0,0.0,0.0,0.0,18473,global,0.0
1,5,lr5e-05_bs8_drop0p4_temp1p0_a0p25_b0p05__wd1e-04trmiss0_degmodglobal,8,5e-05,0.0001,0.4,1.0,0.25,0.05,lr5e-05_bs8_drop0p4_temp1p0_a0p25_b0p05__wd1e-04trmiss0_degmodglobal,33,0.5918010984148298,0.651814341545105,0.6944444444444444,0.8764260430927098,0.6153846153846154,0.0,0.4986138216086796,0.5339503032820565,0.16738195717334747,0.3201065616948264,0.0,0.0,0.0,0.0,0.0,18473,global,0.0
1,5,lr5e-05_bs8_drop0p4_temp1p0_a0p25_b0p05__wd1e-04trmiss0_degmodglobal,8,5e-05,0.0001,0.4,1.0,0.25,0.05,lr5e-05_bs8_drop0p4_temp1p0_a0p25_b0p05__wd1e-04trmiss0_degmodglobal,34,0.5785646694047111,0.6582949161529541,0.6944444444444444,0.8764260430927098,0.6153846153846154,0.0,0.5145498769623893,0.5411312707832882,0.10881290159055165,0.20460369012185506,0.0,0.0,0.0,0.0,0.0,18473,global,0.0
1,5,lr5e-05_bs8_drop0p4_temp2p0_a0p25_b0p05__wd1e-04trmiss0_degmodglobal,8,5e-05,0.0001,0.4,2.0,0.25,0.05,lr5e-05_bs8_drop0p4_temp2p0_a0p25_b0p05__wd1e-04trmiss0_degmodglobal,1,0.7319816946983337,0.7137576937675476,0.3888888888888889,0.6372895622895624,0.23076923076923078,0.0,0.6498071551322937,0.6847972273826599,0.1044868358543941,0.42125495416777475,0.0,0.0,0.0,0.0,0.0,18473,global,0.0
1,5,lr5e-05_bs8_drop0p4_temp2p0_a0p25_b0p05__wd1e-04trmiss0_degmodglobal,8,5e-05,0.0001,0.4,2.0,0.25,0.05,lr5e-05_bs8_drop0p4_temp2p0_a0p25_b0p05__wd1e-04trmiss0_degmodglobal,2,0.7038196240152631,0.7152400314807892,0.4166666666666667,0.6472101972101972,0.23076923076923078,0.0,0.6236576608249119,0.6625302944864545,0.09224503327693258,0.3645611660821097,0.0,0.0,0.0,0.0,0.0,18473,global,0.0
1,5,lr5e-05_bs8_drop0p4_temp2p0_a0p25_b0p05__wd1e-04trmiss0_degmodglobal,8,5e-05,0.0001,0.4,2.0,0.25,0.05,lr5e-05_bs8_drop0p4_temp2p0_a0p25_b0p05__wd1e-04trmiss0_degmodglobal,3,0.7233094998768398,0.7126411497592926,0.4722222222222222,0.6772196938863606,0.3076923076923077,0.0,0.6165955236979893,0.6790759307997567,0.10648124026400703,0.35226528559412273,0.0,0.0,0.0,0.0,0.0,18473,global,0.0
1,5,lr5e-05_bs8_drop0p4_temp2p0_a0p25_b0p05__wd1e-04trmiss0_degmodglobal,8,5e-05,0.0001,0.4,2.0,0.25,0.05,lr5e-05_bs8_drop0p4_temp2p0_a0p25_b0p05__wd1e-04trmiss0_degmodglobal,4,0.7083017315183368,0.711782306432724,0.5,0.7427079093745761,0.38461538461538464,0.0,0.6117780549185616,0.6571296623774937,0.11548886554581779,0.4459973318236215,0.0,0.0,0.0,0.0,0.0,18473,global,0.0
1,5,lr5e-05_bs8_drop0p4_temp2p0_a0p25_b0p05__wd1e-04trmiss0_degmodglobal,8,5e-05,0.0001,0.4,2.0,0.25,0.05,lr5e-05_bs8_drop0p4_temp2p0_a0p25_b0p05__wd1e-04trmiss0_degmodglobal,5,0.6962031381470817,0.6869434416294098,0.638888888888889,0.8304945054945057,0.46153846153846156,0.0,0.5741695506232125,0.6537741507802691,0.09957598309431757,0.3506998334612165,0.0,0.0,0.0,0.0,0.0,18473,global,0.0
1,5,lr5e-05_bs8_drop0p4_temp2p0_a0p25_b0p05__wd1e-04trmiss0_degmodglobal,8,5e-05,0.0001,0.4,2.0,0.25,0.05,lr5e-05_bs8_drop0p4_temp2p0_a0p25_b0p05__wd1e-04trmiss0_degmodglobal,6,0.6912808588572911,0.6775230765342712,0.7222222222222221,0.8845068511735179,0.5384615384615384,0.0,0.5536332300731114,0.6490929467337472,0.09021407419017383,0.39268787843840464,0.0,0.0,0.0,0.0,0.0,18473,global,0.0
1,5,lr5e-05_bs8_drop0p4_temp2p0_a0p25_b0p05__wd1e-04trmiss0_degmodglobal,8,5e-05,0.0001,0.4,2.0,0.25,0.05,lr5e-05_bs8_drop0p4_temp2p0_a0p25_b0p05__wd1e-04trmiss0_degmodglobal,7,0.6934840934617179,0.6879693567752838,0.6111111111111112,0.8336570836570838,0.46153846153846156,0.0,0.5698447866099221,0.6497314912932259,0.09613918087312154,0.3943562422479902,0.0,0.0,0.0,0.0,0.0,18473,global,0.0
1,5,lr5e-05_bs8_drop0p4_temp2p0_a0p25_b0p05__wd1e-04trmiss0_degmodglobal,8,5e-05,0.0001,0.4,2.0,0.25,0.05,lr5e-05_bs8_drop0p4_temp2p0_a0p25_b0p05__wd1e-04trmiss0_degmodglobal,8,0.6834067702293396,0.6888851225376129,0.6388888888888888,0.822602089268756,0.46153846153846156,0.0,0.5598506033420563,0.6386559094701495,0.10205826589039393,0.3847255962235587,0.0,0.0,0.0,0.0,0.0,18473,global,0.0
1,5,lr5e-05_bs8_drop0p4_temp2p0_a0p25_b0p05__wd1e-04trmiss0_degmodglobal,8,5e-05,0.0001,0.4,2.0,0.25,0.05,lr5e-05_bs8_drop0p4_temp2p0_a0p25_b0p05__wd1e-04trmiss0_degmodglobal,9,0.6575830323355538,0.6887159049510956,0.6666666666666666,0.8503798670465339,0.46153846153846156,0.0,0.5510915730680738,0.6180557864052909,0.08363329565950803,0.372378619653838,0.0,0.0,0.0,0.0,0.0,18473,global,0.0
1,5,lr5e-05_bs8_drop0p4_temp2p0_a0p25_b0p05__wd1e-04trmiss0_degmodglobal,8,5e-05,0.0001,0.4,2.0,0.25,0.05,lr5e-05_bs8_drop0p4_temp2p0_a0p25_b0p05__wd1e-04trmiss0_degmodglobal,10,0.6445545128413609,0.6894622147083282,0.6944444444444444,0.8882105548772217,0.6153846153846154,0.0,0.5355624982288906,0.5967958910124642,0.11188429487603051,0.3957512527704239,0.0,0.0,0.0,0.0,0.0,18473,global,0.0
1,5,lr5e-05_bs8_drop0p4_temp2p0_a0p25_b0p05__wd1e-04trmiss0_degmodglobal,8,5e-05,0.0001,0.4,2.0,0.25,0.05,lr5e-05_bs8_drop0p4_temp2p0_a0p25_b0p05__wd1e-04trmiss0_degmodglobal,11,0.6585220949990409,0.6685341894626617,0.7222222222222222,0.9040835707502375,0.6153846153846154,0.0,0.5044502701078143,0.6121616448674884,0.11495175744806017,0.35245012385504587,0.0,0.0,0.0,0.0,0.0,18473,global,0.0
1,5,lr5e-05_bs8_drop0p4_temp2p0_a0p25_b0p05__wd1e-04trmiss0_degmodglobal,8,5e-05,0.0001,0.4,2.0,0.25,0.05,lr5e-05_bs8_drop0p4_temp2p0_a0p25_b0p05__wd1e-04trmiss0_degmodglobal,12,0.6486718314034599,0.6681456863880157,0.6944444444444444,0.8954415954415955,0.6153846153846154,0.0,0.5417749115398952,0.6062242559024266,0.09595271093504769,0.3691879894052233,0.0,0.0,0.0,0.0,0.0,18473,global,0.0
1,5,lr5e-05_bs8_drop0p4_temp2p0_a0p25_b0p05__wd1e-04trmiss0_degmodglobal,8,5e-05,0.0001,0.4,2.0,0.25,0.05,lr5e-05_bs8_drop0p4_temp2p0_a0p25_b0p05__wd1e-04trmiss0_degmodglobal,13,0.6382386088371277,0.6734485328197479,0.6944444444444444,0.8954415954415955,0.6923076923076923,0.0,0.534409646477018,0.5892996532576424,0.11165960558823176,0.4204808899334499,0.0,0.0,0.0,0.0,0.0,18473,global,0.0
1,5,lr5e-05_bs8_drop0p4_temp2p0_a0p25_b0p05__wd1e-04trmiss0_degmodglobal,8,5e-05,0.0001,0.4,2.0,0.25,0.05,lr5e-05_bs8_drop0p4_temp2p0_a0p25_b0p05__wd1e-04trmiss0_degmodglobal,14,0.599539612020765,0.6751834154129028,0.638888888888889,0.8474698141364809,0.6923076923076923,0.0,0.5269210508891514,0.5620709444795337,0.08445473281400544,0.32709976392132895,0.0,0.0,0.0,0.0,0.0,18473,global,0.0
1,5,lr5e-05_bs8_drop0p4_temp2p0_a0p25_b0p05__wd1e-04trmiss0_degmodglobal,8,5e-05,0.0001,0.4,2.0,0.25,0.05,lr5e-05_bs8_drop0p4_temp2p0_a0p25_b0p05__wd1e-04trmiss0_degmodglobal,15,0.6477279322487968,0.6480182409286499,0.6944444444444444,0.8882105548772217,0.6923076923076923,0.0,0.5178834753377097,0.5874097517558506,0.1444512563092368,0.4841072921242033,0.0,0.0,0.0,0.0,0.0,18473,global,0.0
1,5,lr5e-05_bs8_drop0p4_temp2p0_a0p25_b0p05__wd1e-04trmiss0_degmodglobal,8,5e-05,0.0001,0.4,2.0,0.25,0.05,lr5e-05_bs8_drop0p4_temp2p0_a0p25_b0p05__wd1e-04trmiss0_degmodglobal,16,0.6037758588790894,0.6496790051460266,0.7222222222222222,0.8949445616112284,0.6923076923076923,0.0,0.5044849259512765,0.5554795605795724,0.10855547870908465,0.42314843620572773,0.0,0.0,0.0,0.0,0.0,18473,global,0.0
1,5,lr5e-05_bs8_drop0p4_temp2p0_a0p25_b0p05__wd1e-04trmiss0_degmodglobal,8,5e-05,0.0001,0.4,2.0,0.25,0.05,lr5e-05_bs8_drop0p4_temp2p0_a0p25_b0p05__wd1e-04trmiss0_degmodglobal,17,0.614678144454956,0.6425884366035461,0.75,0.9108175774842442,0.7692307692307693,0.0,0.5687869744641441,0.5782068925244468,0.08082683703729085,0.3252905820097242,0.0,0.0,0.0,0.0,0.0,18473,global,0.0
1,5,lr5e-05_bs8_drop0p4_temp2p0_a0p25_b0p05__wd1e-04trmiss0_degmodglobal,8,5e-05,0.0001,0.4,2.0,0.25,0.05,lr5e-05_bs8_drop0p4_temp2p0_a0p25_b0p05__wd1e-04trmiss0_degmodglobal,18,0.593314528465271,0.642391175031662,0.7222222222222222,0.9040835707502375,0.6923076923076923,0.0,0.5046015807560512,0.5500196729387555,0.09837115023817335,0.37404138701302664,0.0,0.0,0.0,0.0,0.0,18473,global,0.0
1,5,lr5e-05_bs8_drop0p4_temp2p0_a0p25_b0p05__wd1e-04trmiss0_degmodglobal,8,5e-05,0.0001,0.4,2.0,0.25,0.05,lr5e-05_bs8_drop0p4_temp2p0_a0p25_b0p05__wd1e-04trmiss0_degmodglobal,19,0.6041531477655683,0.6500343382358551,0.7777777777777777,0.9188983855650523,0.6923076923076923,0.0,0.5343848722321647,0.5479373931884766,0.13758396463734762,0.43639539395059856,0.0,0.0,0.0,0.0,0.0,18473,global,0.0
1,5,lr5e-05_bs8_drop0p4_temp2p0_a0p25_b0p05__wd1e-04trmiss0_degmodglobal,8,5e-05,0.0001,0.4,2.0,0.25,0.05,lr5e-05_bs8_drop0p4_temp2p0_a0p25_b0p05__wd1e-04trmiss0_degmodglobal,20,0.601790189743042,0.6480637490749359,0.7777777777777777,0.9188983855650523,0.6153846153846154,0.0,0.5287582363401141,0.5550442210265568,0.1169286694909845,0.35027611894266947,0.0,0.0,0.0,0.0,0.0,18473,global,0.0
1,5,lr5e-05_bs8_drop0p4_temp2p0_a0p25_b0p05__wd1e-04trmiss0_degmodglobal,8,5e-05,0.0001,0.4,2.0,0.25,0.05,lr5e-05_bs8_drop0p4_temp2p0_a0p25_b0p05__wd1e-04trmiss0_degmodglobal,21,0.5923362033707755,0.6450410783290863,0.7777777777777777,0.9188983855650523,0.6923076923076923,0.0,0.5152301447732108,0.5483344835894448,0.10994648933410645,0.33030206177915844,0.0,0.0,0.0,0.0,0.0,18473,global,0.0
1,5,lr5e-05_bs8_drop0p4_temp2p0_a0p25_b0p05__wd1e-04trmiss0_degmodglobal,8,5e-05,0.0001,0.4,2.0,0.25,0.05,lr5e-05_bs8_drop0p4_temp2p0_a0p25_b0p05__wd1e-04trmiss0_degmodglobal,22,0.6202536821365356,0.6433885395526886,0.7222222222222221,0.8845068511735179,0.6923076923076923,0.0,0.5458237443651471,0.566156165940421,0.13556096702814102,0.4041456856897899,0.0,0.0,0.0,0.0,0.0,18473,global,0.0
1,5,lr5e-05_bs8_drop0p4_temp2p0_a0p25_b0p05__wd1e-04trmiss0_degmodglobal,8,5e-05,0.0001,0.4,2.0,0.25,0.05,lr5e-05_bs8_drop0p4_temp2p0_a0p25_b0p05__wd1e-04trmiss0_degmodglobal,23,0.588536833013807,0.6325701177120209,0.7222222222222221,0.8845068511735179,0.6923076923076923,0.0,0.493344498532159,0.5343896491186959,0.12894133584839956,0.4382368539060865,0.0,0.0,0.0,0.0,0.0,18473,global,0.0
1,5,lr5e-05_bs8_drop0p4_temp2p0_a0p25_b0p05__wd1e-04trmiss0_degmodglobal,8,5e-05,0.0001,0.4,2.0,0.25,0.05,lr5e-05_bs8_drop0p4_temp2p0_a0p25_b0p05__wd1e-04trmiss0_degmodglobal,24,0.6005937371935163,0.637721061706543,0.75,0.8953093203093205,0.6923076923076923,0.0,0.5031493902206421,0.5555966539042336,0.11775160048689161,0.3111837548868997,0.0,0.0,0.0,0.0,0.0,18473,global,0.0
1,5,lr5e-05_bs8_drop0p4_temp2p0_a0p25_b0p05__wd1e-04trmiss0_degmodglobal,8,5e-05,0.0001,0.4,2.0,0.25,0.05,lr5e-05_bs8_drop0p4_temp2p0_a0p25_b0p05__wd1e-04trmiss0_degmodglobal,25,0.5836522238595145,0.6492039263248444,0.7222222222222222,0.8730870980870982,0.6153846153846154,0.0,0.5168775958674294,0.5506852865219116,0.08403955825737544,0.23914108744689397,0.0,0.0,0.0,0.0,0.0,18473,global,0.0
1,5,lr5e-05_bs8_drop0p4_temp2p0_a0p25_b0p05__wd1e-04trmiss0_degmodglobal,8,5e-05,0.0001,0.4,2.0,0.25,0.05,lr5e-05_bs8_drop0p4_temp2p0_a0p25_b0p05__wd1e-04trmiss0_degmodglobal,26,0.5687057631356376,0.6325494349002838,0.75,0.8953093203093205,0.6153846153846154,0.0,0.49999915276254925,0.5346169216292245,0.08288991664137159,0.2673272522432463,0.0,0.0,0.0,0.0,0.0,18473,global,0.0
1,5,lr5e-05_bs8_drop0p4_temp2p0_a0p25_b0p05__wd1e-04trmiss0_degmodglobal,8,5e-05,0.0001,0.4,2.0,0.25,0.05,lr5e-05_bs8_drop0p4_temp2p0_a0p25_b0p05__wd1e-04trmiss0_degmodglobal,27,0.5926672645977565,0.6464177966117859,0.75,0.9030253696920365,0.6923076923076923,0.0,0.47732944999422344,0.5501704216003418,0.11136889510921069,0.29309258077825817,0.0,0.0,0.0,0.0,0.0,18473,global,0.0
1,5,lr5e-05_bs8_drop0p4_temp2p0_a0p25_b0p05__wd1e-04trmiss0_degmodglobal,8,5e-05,0.0001,0.4,2.0,0.25,0.05,lr5e-05_bs8_drop0p4_temp2p0_a0p25_b0p05__wd1e-04trmiss0_degmodglobal,28,0.57474542089871,0.6503240764141083,0.7222222222222222,0.8911206077872746,0.6923076923076923,0.0,0.5065151240144458,0.5412501437323434,0.08843343651720456,0.2277382356779916,0.0,0.0,0.0,0.0,0.0,18473,global,0.0
1,5,lr5e-05_bs8_drop0p4_temp2p0_a0p25_b0p05__wd1e-04trmiss0_degmodglobal,8,5e-05,0.0001,0.4,2.0,0.25,0.05,lr5e-05_bs8_drop0p4_temp2p0_a0p25_b0p05__wd1e-04trmiss0_degmodglobal,29,0.5698665635926383,0.6410441696643829,0.7222222222222222,0.8911206077872746,0.6153846153846154,0.0,0.5111209281853267,0.5370496256010873,0.083482740180833,0.23892501635210855,0.0,0.0,0.0,0.0,0.0,18473,global,0.0
1,5,lr5e-05_bs8_drop0p4_temp2p0_a0p25_b0p05__wd1e-04trmiss0_degmodglobal,8,5e-05,0.0001,0.4,2.0,0.25,0.05,lr5e-05_bs8_drop0p4_temp2p0_a0p25_b0p05__wd1e-04trmiss0_degmodglobal,30,0.5896526319640023,0.6389102935791016,0.75,0.9030253696920365,0.6153846153846154,0.0,0.5163937338760921,0.5414216475827354,0.12134141155651637,0.3579122317688806,0.0,0.0,0.0,0.0,0.0,18473,global,0.0
1,5,lr5e-05_bs8_drop0p4_temp2p0_a0p25_b0p05__wd1e-04trmiss0_degmodglobal,8,5e-05,0.0001,0.4,2.0,0.25,0.05,lr5e-05_bs8_drop0p4_temp2p0_a0p25_b0p05__wd1e-04trmiss0_degmodglobal,31,0.5729898895536151,0.6323860287666321,0.75,0.8953093203093205,0.6153846153846154,0.0,0.458731655563627,0.521117912871497,0.13157136951174056,0.37958256900310516,0.0,0.0,0.0,0.0,0.0,18473,global,0.0
1,5,lr5e-05_bs8_drop0p4_temp2p0_a0p25_b0p05__wd1e-04trmiss0_degmodglobal,8,5e-05,0.0001,0.4,2.0,0.25,0.05,lr5e-05_bs8_drop0p4_temp2p0_a0p25_b0p05__wd1e-04trmiss0_degmodglobal,32,0.5699320009776524,0.6387162804603577,0.7777777777777777,0.9138278388278389,0.6153846153846154,0.0,0.5095171119485583,0.5250238478183746,0.1150859807218824,0.32273333413260324,0.0,0.0,0.0,0.0,0.0,18473,global,0.0
1,5,lr5e-05_bs8_drop0p4_temp2p0_a0p25_b0p05__wd1e-04trmiss0_degmodglobal,8,5e-05,0.0001,0.4,2.0,0.25,0.05,lr5e-05_bs8_drop0p4_temp2p0_a0p25_b0p05__wd1e-04trmiss0_degmodglobal,33,0.5813108086585999,0.6370693147182465,0.7777777777777777,0.9138278388278389,0.6153846153846154,0.0,0.5027945978300912,0.5439786868435996,0.09451015612908772,0.2740913789187159,0.0,0.0,0.0,0.0,0.0,18473,global,0.0
1,5,lr5e-05_bs8_drop0p4_temp2p0_a0p25_b0p05__wd1e-04trmiss0_degmodglobal,8,5e-05,0.0001,0.4,2.0,0.25,0.05,lr5e-05_bs8_drop0p4_temp2p0_a0p25_b0p05__wd1e-04trmiss0_degmodglobal,34,0.5532143073422569,0.6255696415901184,0.75,0.8953093203093205,0.6923076923076923,0.0,0.4780288338661194,0.5131432073456901,0.09635681925075394,0.3196377477475575,0.0,0.0,0.0,0.0,0.0,18473,global,0.0
1,5,lr5e-05_bs8_drop0p4_temp2p0_a0p25_b0p05__wd1e-04trmiss0_degmodglobal,8,5e-05,0.0001,0.4,2.0,0.25,0.05,lr5e-05_bs8_drop0p4_temp2p0_a0p25_b0p05__wd1e-04trmiss0_degmodglobal,35,0.5890499523707798,0.6204248368740082,0.7222222222222222,0.8730870980870982,0.7692307692307693,0.0,0.5405892133712769,0.5524094700813293,0.09049614306007113,0.28032881234373364,0.0,0.0,0.0,0.0,0.0,18473,global,0.0
1,5,lr5e-05_bs8_drop0p4_temp2p0_a0p25_b0p05__wd1e-04trmiss0_degmodglobal,8,5e-05,0.0001,0.4,2.0,0.25,0.05,lr5e-05_bs8_drop0p4_temp2p0_a0p25_b0p05__wd1e-04trmiss0_degmodglobal,36,0.592619274343763,0.6483054161071777,0.7222222222222222,0.8730870980870982,0.7692307692307693,0.0,0.46215812649045673,0.5475635017667498,0.10802429541945457,0.36099404096603394,0.0,0.0,0.0,0.0,0.0,18473,global,0.0
1,5,lr5e-05_bs8_drop0p4_temp2p0_a0p25_b0p05__wd1e-04trmiss0_degmodglobal,8,5e-05,0.0001,0.4,2.0,0.25,0.05,lr5e-05_bs8_drop0p4_temp2p0_a0p25_b0p05__wd1e-04trmiss0_degmodglobal,37,0.5644317269325256,0.6433758735656738,0.6944444444444444,0.8453093203093205,0.7692307692307693,0.0,0.4698473257677896,0.5290124927248273,0.0884804395692689,0.2659826385123389,0.0,0.0,0.0,0.0,0.0,18473,global,0.0
1,5,lr5e-05_bs8_drop0p4_temp2p0_a0p25_b0p05__wd1e-04trmiss0_degmodglobal,8,5e-05,0.0001,0.4,2.0,0.25,0.05,lr5e-05_bs8_drop0p4_temp2p0_a0p25_b0p05__wd1e-04trmiss0_degmodglobal,38,0.5186518728733063,0.6435024738311768,0.7222222222222222,0.8730870980870982,0.7692307692307693,0.0,0.45812505057879854,0.4833387902804783,0.09423450593437467,0.23508914027895247,0.0,0.0,0.0,0.0,0.0,18473,global,0.0
1,5,lr5e-05_bs8_drop0p4_temp2p0_a0p25_b0p05__wd1e-04trmiss0_degmodglobal,8,5e-05,0.0001,0.4,2.0,0.25,0.05,lr5e-05_bs8_drop0p4_temp2p0_a0p25_b0p05__wd1e-04trmiss0_degmodglobal,39,0.540598886353629,0.6410191059112549,0.7222222222222222,0.8730870980870982,0.7692307692307693,0.0,0.443952066557748,0.5058690650122506,0.08926686272025108,0.2482619285583496,0.0,0.0,0.0,0.0,0.0,18473,global,0.0
1,5,lr5e-05_bs8_drop0p4_temp2p0_a0p25_b0p05__wd1e-04trmiss0_degmodglobal,8,5e-05,0.0001,0.4,2.0,0.25,0.05,lr5e-05_bs8_drop0p4_temp2p0_a0p25_b0p05__wd1e-04trmiss0_degmodglobal,40,0.5098207550389426,0.6258033514022827,0.7222222222222222,0.8730870980870982,0.7692307692307693,0.0,0.48023429938725065,0.47768658825329374,0.0825316570699215,0.23002503386565618,0.0,0.0,0.0,0.0,0.0,18473,global,0.0
1,5,lr5e-05_bs8_drop0p4_temp2p0_a0p25_b0p05__wd1e-04trmiss0_degmodglobal,8,5e-05,0.0001,0.4,2.0,0.25,0.05,lr5e-05_bs8_drop0p4_temp2p0_a0p25_b0p05__wd1e-04trmiss0_degmodglobal,41,0.530654319695064,0.6321102976799011,0.7222222222222222,0.8730870980870982,0.7692307692307693,0.0,0.4908958971500397,0.4932567945548466,0.09772269002028874,0.25933729644332615,0.0,0.0,0.0,0.0,0.0,18473,global,0.0
1,5,lr5e-05_bs8_drop0p4_temp2p0_a0p25_b0p05__wd1e-04trmiss0_degmodglobal,8,5e-05,0.0001,0.4,2.0,0.25,0.05,lr5e-05_bs8_drop0p4_temp2p0_a0p25_b0p05__wd1e-04trmiss0_degmodglobal,42,0.6066478150231498,0.6314318478107452,0.7222222222222222,0.8730870980870982,0.7692307692307693,0.0,0.4917599175657545,0.5484399582658496,0.15633641289813177,0.38247530800955637,0.0,0.0,0.0,0.0,0.0,18473,global,0.0
1,5,lr5e-05_bs8_drop0p4_temp2p0_a0p25_b0p05__wd1e-04trmiss0_degmodglobal,8,5e-05,0.0001,0.4,2.0,0.25,0.05,lr5e-05_bs8_drop0p4_temp2p0_a0p25_b0p05__wd1e-04trmiss0_degmodglobal,43,0.5565868232931409,0.6339476704597473,0.7222222222222222,0.8730870980870982,0.7692307692307693,0.0,0.4735245108604431,0.5123501207147326,0.10660106795174736,0.3517285031931741,0.0,0.0,0.0,0.0,0.0,18473,global,0.0
1,5,lr5e-05_bs8_drop0p4_temp2p0_a0p25_b0p05__wd1e-04trmiss0_degmodglobal,8,5e-05,0.0001,0.4,2.0,0.25,0.05,lr5e-05_bs8_drop0p4_temp2p0_a0p25_b0p05__wd1e-04trmiss0_degmodglobal,44,0.562665832894189,0.6336313784122467,0.7222222222222222,0.8730870980870982,0.7692307692307693,0.0,0.47712630884987967,0.5204408381666455,0.10425527234162603,0.32322356211287634,0.0,0.0,0.0,0.0,0.0,18473,global,0.0
1,5,lr5e-05_bs8_drop0p4_temp2p0_a0p25_b0p05__wd1e-04trmiss0_degmodglobal,8,5e-05,0.0001,0.4,2.0,0.25,0.05,lr5e-05_bs8_drop0p4_temp2p0_a0p25_b0p05__wd1e-04trmiss0_degmodglobal,45,0.5413660492215838,0.6317374110221863,0.7222222222222222,0.8730870980870982,0.7692307692307693,0.0,0.4725117300237928,0.5022184039865222,0.09822625773293632,0.2918216713837215,0.0,0.0,0.0,0.0,0.0,18473,global,0.0
1,5,lr5e-05_bs8_drop0p4_temp2p0_a0p25_b0p05__wd1e-04trmiss0_degmodglobal,8,5e-05,0.0001,0.4,2.0,0.25,0.05,lr5e-05_bs8_drop0p4_temp2p0_a0p25_b0p05__wd1e-04trmiss0_degmodglobal,46,0.559165494782584,0.6332952976226807,0.7222222222222222,0.8730870980870982,0.7692307692307693,0.0,0.489103193793978,0.5292753662381854,0.07840813270636968,0.20576199144124985,0.0,0.0,0.0,0.0,0.0,18473,global,0.0
1,5,lr5e-05_bs8_drop0p4_temp2p0_a0p25_b0p05__wd1e-04trmiss0_degmodglobal,8,5e-05,0.0001,0.4,2.0,0.25,0.05,lr5e-05_bs8_drop0p4_temp2p0_a0p25_b0p05__wd1e-04trmiss0_degmodglobal,47,0.5261858446257455,0.6400724649429321,0.7222222222222222,0.8730870980870982,0.7692307692307693,0.0,0.4424764003072466,0.4879750268799918,0.09888876974582672,0.26977260197911945,0.0,0.0,0.0,0.0,0.0,18473,global,0.0
1,5,lr5e-05_bs8_drop0p4_temp2p0_a0p25_b0p05__wd1e-04trmiss0_degmodglobal,8,5e-05,0.0001,0.4,2.0,0.25,0.05,lr5e-05_bs8_drop0p4_temp2p0_a0p25_b0p05__wd1e-04trmiss0_degmodglobal,48,0.5455597426210131,0.6396803855895996,0.6944444444444444,0.8453093203093205,0.6923076923076923,0.0,0.47232526540756226,0.5049411271299634,0.10094245948961802,0.30765985803944723,0.0,0.0,0.0,0.0,0.0,18473,global,0.0
1,5,lr5e-05_bs8_drop0p4_temp2p0_a0p25_b0p05__wd1e-04trmiss0_degmodglobal,8,5e-05,0.0001,0.4,2.0,0.25,0.05,lr5e-05_bs8_drop0p4_temp2p0_a0p25_b0p05__wd1e-04trmiss0_degmodglobal,49,0.51146342924663,0.6447719633579254,0.7222222222222222,0.8730870980870982,0.6923076923076923,0.0,0.49644981963293894,0.46327823400497437,0.10757875442504883,0.42581040412187576,0.0,0.0,0.0,0.0,0.0,18473,global,0.0
1,5,lr5e-05_bs8_drop0p4_temp2p0_a0p25_b0p05__wd1e-04trmiss0_degmodglobal,8,5e-05,0.0001,0.4,2.0,0.25,0.05,lr5e-05_bs8_drop0p4_temp2p0_a0p25_b0p05__wd1e-04trmiss0_degmodglobal,50,0.5617066238607679,0.6416064500808716,0.7222222222222222,0.8730870980870982,0.6923076923076923,0.0,0.46182380403791157,0.520253564630236,0.09528560510703496,0.3526330089994839,0.0,0.0,0.0,0.0,0.0,18473,global,0.0
1,5,lr5e-05_bs8_drop0p4_temp2p0_a0p25_b0p05__wd1e-04trmiss0_degmodglobal,8,5e-05,0.0001,0.4,2.0,0.25,0.05,lr5e-05_bs8_drop0p4_temp2p0_a0p25_b0p05__wd1e-04trmiss0_degmodglobal,51,0.5681649148464203,0.6356668770313263,0.6944444444444444,0.8453093203093205,0.6923076923076923,0.0,0.4761096111365727,0.5245819730418069,0.11446945049933024,0.29931153995650156,0.0,0.0,0.0,0.0,0.0,18473,global,0.0
1,5,lr5e-05_bs8_drop0p4_temp2p0_a0p25_b0p05__wd1e-04trmiss0_degmodglobal,8,5e-05,0.0001,0.4,2.0,0.25,0.05,lr5e-05_bs8_drop0p4_temp2p0_a0p25_b0p05__wd1e-04trmiss0_degmodglobal,52,0.5311184312616076,0.6360545456409454,0.6944444444444444,0.8453093203093205,0.6923076923076923,0.0,0.452513758625303,0.49343610661370413,0.09952556927289281,0.25601870885917116,0.0,0.0,0.0,0.0,0.0,18473,global,0.0
1,5,lr5e-05_bs8_drop0p4_temp2p0_a0p25_b0p05__wd1e-04trmiss0_degmodglobal,8,5e-05,0.0001,0.4,2.0,0.25,0.05,lr5e-05_bs8_drop0p4_temp2p0_a0p25_b0p05__wd1e-04trmiss0_degmodglobal,53,0.5295510845524924,0.6356343626976013,0.6944444444444444,0.8453093203093205,0.6923076923076923,0.0,0.44459873863628935,0.47797771436827524,0.1375129669904709,0.3439023569226265,0.0,0.0,0.0,0.0,0.0,18473,global,0.0
1,5,lr1e-05_bs8_drop0p2_temp1p0_a0p25_b0p05__wd1e-04trmiss0_degmodglobal,8,1e-05,0.0001,0.2,1.0,0.25,0.05,lr1e-05_bs8_drop0p2_temp1p0_a0p25_b0p05__wd1e-04trmiss0_degmodglobal,1,0.7262554509299142,0.7088103592395782,0.5833333333333333,0.8398860398860402,0.46153846153846156,0.0,0.6973969340324402,0.713534380708422,0.032059705683163235,0.09412275361163276,0.0,0.0,0.0,0.0,0.0,18473,global,0.0
1,5,lr1e-05_bs8_drop0p2_temp1p0_a0p25_b0p05__wd1e-04trmiss0_degmodglobal,8,1e-05,0.0001,0.2,1.0,0.25,0.05,lr1e-05_bs8_drop0p2_temp1p0_a0p25_b0p05__wd1e-04trmiss0_degmodglobal,2,0.7443073221615383,0.7100204229354858,0.6111111111111112,0.8584045584045585,0.46153846153846156,0.0,0.6940339548247201,0.7338031104632786,0.0260212223178574,0.0799782622073378,0.0,0.0,0.0,0.0,0.0,18473,global,0.0
1,5,lr1e-05_bs8_drop0p2_temp1p0_a0p25_b0p05__wd1e-04trmiss0_degmodglobal,8,1e-05,0.0001,0.2,1.0,0.25,0.05,lr1e-05_bs8_drop0p2_temp1p0_a0p25_b0p05__wd1e-04trmiss0_degmodglobal,3,0.7270384345735822,0.7111049890518188,0.6944444444444444,0.8830397997064665,0.46153846153846156,0.0,0.7149998375347683,0.7150806529181344,0.030991799597229277,0.0841967197401183,0.0,0.0,0.0,0.0,0.0,18473,global,0.0
1,5,lr1e-05_bs8_drop0p2_temp1p0_a0p25_b0p05__wd1e-04trmiss0_degmodglobal,8,1e-05,0.0001,0.2,1.0,0.25,0.05,lr1e-05_bs8_drop0p2_temp1p0_a0p25_b0p05__wd1e-04trmiss0_degmodglobal,4,0.718830440725599,0.7105728983879089,0.6666666666666666,0.8743978243978245,0.46153846153846156,0.0,0.675107078892844,0.707827057157244,0.030017406812735965,0.06998065406722682,0.0,0.0,0.0,0.0,0.0,18473,global,0.0
1,5,lr1e-05_bs8_drop0p2_temp1p0_a0p25_b0p05__wd1e-04trmiss0_degmodglobal,8,1e-05,0.0001,0.2,1.0,0.25,0.05,lr1e-05_bs8_drop0p2_temp1p0_a0p25_b0p05__wd1e-04trmiss0_degmodglobal,5,0.7305986881256104,0.7146958410739899,0.6944444444444444,0.8830397997064665,0.38461538461538464,0.0,0.6901563576289585,0.7172044941357204,0.03232356373752866,0.10626644587942533,0.0,0.0,0.0,0.0,0.0,18473,global,0.0
1,5,lr1e-05_bs8_drop0p2_temp1p0_a0p25_b0p05__wd1e-04trmiss0_degmodglobal,8,1e-05,0.0001,0.2,1.0,0.25,0.05,lr1e-05_bs8_drop0p2_temp1p0_a0p25_b0p05__wd1e-04trmiss0_degmodglobal,6,0.7093579598835537,0.7122957706451416,0.6944444444444444,0.8830397997064665,0.38461538461538464,0.0,0.682627260684967,0.6974508421761649,0.030064438602754047,0.0878202888582434,0.0,0.0,0.0,0.0,0.0,18473,global,0.0
1,5,lr1e-05_bs8_drop0p2_temp1p0_a0p25_b0p05__wd1e-04trmiss0_degmodglobal,8,1e-05,0.0001,0.2,1.0,0.25,0.05,lr1e-05_bs8_drop0p2_temp1p0_a0p25_b0p05__wd1e-04trmiss0_degmodglobal,7,0.6998446072850909,0.7133791744709015,0.6666666666666667,0.8763057929724598,0.46153846153846156,0.0,0.6671434726033892,0.6872879862785339,0.03509214334189892,0.07567172710384641,0.0,0.0,0.0,0.0,0.0,18473,global,0.0
1,5,lr1e-05_bs8_drop0p2_temp1p0_a0p25_b0p05__wd1e-04trmiss0_degmodglobal,8,1e-05,0.0001,0.2,1.0,0.25,0.05,lr1e-05_bs8_drop0p2_temp1p0_a0p25_b0p05__wd1e-04trmiss0_degmodglobal,8,0.6824645314897809,0.7098234593868256,0.7222222222222222,0.8911206077872746,0.46153846153846156,0.0,0.6430034126554217,0.6701827475002834,0.03256782676492419,0.08279633096286229,0.0,0.0,0.0,0.0,0.0,18473,global,0.0
1,5,lr1e-05_bs8_drop0p2_temp1p0_a0p25_b0p05__wd1e-04trmiss0_degmodglobal,8,1e-05,0.0001,0.2,1.0,0.25,0.05,lr1e-05_bs8_drop0p2_temp1p0_a0p25_b0p05__wd1e-04trmiss0_degmodglobal,9,0.6764558638845172,0.7141358554363251,0.7222222222222222,0.8911206077872746,0.38461538461538464,0.0,0.6421959570475987,0.6639305693762643,0.03385249764791557,0.08124329043286187,0.0,0.0,0.0,0.0,0.0,18473,global,0.0
1,5,lr1e-05_bs8_drop0p2_temp1p0_a0p25_b0p05__wd1e-04trmiss0_degmodglobal,8,1e-05,0.0001,0.2,1.0,0.25,0.05,lr1e-05_bs8_drop0p2_temp1p0_a0p25_b0p05__wd1e-04trmiss0_degmodglobal,10,0.7003311429704938,0.7112546265125275,0.7222222222222222,0.8911206077872746,0.38461538461538464,0.0,0.6790149807929993,0.687874572617667,0.032064744138291905,0.0888074625815664,0.0,0.0,0.0,0.0,0.0,18473,global,0.0
1,5,lr1e-05_bs8_drop0p2_temp1p0_a0p25_b0p05__wd1e-04trmiss0_degmodglobal,8,1e-05,0.0001,0.2,1.0,0.25,0.05,lr1e-05_bs8_drop0p2_temp1p0_a0p25_b0p05__wd1e-04trmiss0_degmodglobal,11,0.6871192966188703,0.7136185765266418,0.7222222222222222,0.8911206077872746,0.38461538461538464,0.0,0.6425133006913322,0.6748219047273908,0.03153658525219986,0.08826513934348311,0.0,0.0,0.0,0.0,0.0,18473,global,0.0
1,5,lr1e-05_bs8_drop0p2_temp1p0_a0p25_b0p05__wd1e-04trmiss0_degmodglobal,8,1e-05,0.0001,0.2,1.0,0.25,0.05,lr1e-05_bs8_drop0p2_temp1p0_a0p25_b0p05__wd1e-04trmiss0_degmodglobal,12,0.7060204403741019,0.7135335505008698,0.6944444444444444,0.8830397997064665,0.46153846153846156,0.0,0.6514049172401428,0.6941787855965751,0.030693615121500834,0.0833650923201016,0.0,0.0,0.0,0.0,0.0,18473,global,0.0
1,5,lr1e-05_bs8_drop0p2_temp1p0_a0p25_b0p05__wd1e-04trmiss0_degmodglobal,8,1e-05,0.0001,0.2,1.0,0.25,0.05,lr1e-05_bs8_drop0p2_temp1p0_a0p25_b0p05__wd1e-04trmiss0_degmodglobal,13,0.7128896372658866,0.712648868560791,0.7222222222222222,0.8911206077872746,0.38461538461538464,0.0,0.6543668338230678,0.6992990544864109,0.03756104622568403,0.08400644415191241,0.0,0.0,0.0,0.0,0.0,18473,global,0.0
1,5,lr1e-05_bs8_drop0p2_temp1p0_a0p25_b0p05__wd1e-04trmiss0_degmodglobal,8,1e-05,0.0001,0.2,1.0,0.25,0.05,lr1e-05_bs8_drop0p2_temp1p0_a0p25_b0p05__wd1e-04trmiss0_degmodglobal,14,0.704879071031298,0.707311749458313,0.7222222222222222,0.8911206077872746,0.38461538461538464,0.0,0.6493173156465802,0.6917400700705392,0.03545436954924038,0.08550816348620824,0.0,0.0,0.0,0.0,0.0,18473,global,0.0
1,5,lr1e-05_bs8_drop0p2_temp1p0_a0p25_b0p05__wd1e-04trmiss0_degmodglobal,8,1e-05,0.0001,0.2,1.0,0.25,0.05,lr1e-05_bs8_drop0p2_temp1p0_a0p25_b0p05__wd1e-04trmiss0_degmodglobal,15,0.6846233180591038,0.7101611793041229,0.6944444444444444,0.8830397997064665,0.38461538461538464,0.0,0.64066025188991,0.6730952688625881,0.030459136302982057,0.07826556265354156,0.0,0.0,0.0,0.0,0.0,18473,global,0.0
1,5,lr1e-05_bs8_drop0p2_temp1p0_a0p25_b0p05__wd1e-04trmiss0_degmodglobal,8,1e-05,0.0001,0.2,1.0,0.25,0.05,lr1e-05_bs8_drop0p2_temp1p0_a0p25_b0p05__wd1e-04trmiss0_degmodglobal,16,0.6803406647273472,0.7091668546199799,0.7222222222222222,0.8911206077872746,0.38461538461538464,0.0,0.6461197137832642,0.6705403072493417,0.025020395538636615,0.07090508192777634,0.0,0.0,0.0,0.0,0.0,18473,global,0.0
1,5,lr1e-05_bs8_drop0p2_temp1p0_a0p25_b0p05__wd1e-04trmiss0_degmodglobal,8,1e-05,0.0001,0.2,1.0,0.25,0.05,lr1e-05_bs8_drop0p2_temp1p0_a0p25_b0p05__wd1e-04trmiss0_degmodglobal,17,0.688633109842028,0.7040858268737793,0.75,0.897530864197531,0.38461538461538464,0.0,0.6451911670821053,0.6752638731684003,0.033862181806138585,0.09807387553155422,0.0,0.0,0.0,0.0,0.0,18473,global,0.0
1,5,lr1e-05_bs8_drop0p2_temp1p0_a0p25_b0p05__wd1e-04trmiss0_degmodglobal,8,1e-05,0.0001,0.2,1.0,0.25,0.05,lr1e-05_bs8_drop0p2_temp1p0_a0p25_b0p05__wd1e-04trmiss0_degmodglobal,18,0.6771709408078875,0.7057836949825287,0.7222222222222222,0.8911206077872746,0.46153846153846156,0.0,0.6102663789476667,0.6629887052944728,0.0362890785826104,0.10219922395689147,0.0,0.0,0.0,0.0,0.0,18473,global,0.0
1,5,lr1e-05_bs8_drop0p2_temp1p0_a0p25_b0p05__wd1e-04trmiss0_degmodglobal,8,1e-05,0.0001,0.2,1.0,0.25,0.05,lr1e-05_bs8_drop0p2_temp1p0_a0p25_b0p05__wd1e-04trmiss0_degmodglobal,19,0.6824776359966823,0.7074710428714752,0.7222222222222222,0.8911206077872746,0.38461538461538464,0.0,0.6301137294088092,0.6701589482171195,0.029331514212702,0.09971614394869123,0.0,0.0,0.0,0.0,0.0,18473,global,0.0
1,5,lr1e-05_bs8_drop0p2_temp1p0_a0p25_b0p05__wd1e-04trmiss0_degmodglobal,8,1e-05,0.0001,0.2,1.0,0.25,0.05,lr1e-05_bs8_drop0p2_temp1p0_a0p25_b0p05__wd1e-04trmiss0_degmodglobal,20,0.691311640398843,0.7095931768417358,0.7222222222222222,0.8911206077872746,0.46153846153846156,0.0,0.6357581785746983,0.6796456405094692,0.0293125326612166,0.08675739994006497,0.0,0.0,0.0,0.0,0.0,18473,global,0.0
1,5,lr1e-05_bs8_drop0p2_temp1p0_a0p25_b0p05__wd1e-04trmiss0_degmodglobal,8,1e-05,0.0001,0.2,1.0,0.25,0.05,lr1e-05_bs8_drop0p2_temp1p0_a0p25_b0p05__wd1e-04trmiss0_degmodglobal,21,0.6731199196406773,0.7093291580677032,0.6944444444444444,0.8830397997064665,0.46153846153846156,0.0,0.6393420696258545,0.6609073281288147,0.031389200261660984,0.0873061226946967,0.0,0.0,0.0,0.0,0.0,18473,global,0.0
1,5,lr1e-05_bs8_drop0p2_temp1p0_a0p25_b0p05__wd1e-04trmiss0_degmodglobal,8,1e-05,0.0001,0.2,1.0,0.25,0.05,lr1e-05_bs8_drop0p2_temp1p0_a0p25_b0p05__wd1e-04trmiss0_degmodglobal,22,0.6850603989192418,0.7100900113582611,0.6944444444444444,0.8830397997064665,0.46153846153846156,0.0,0.6191334043230329,0.6694223710468837,0.04097465505557401,0.10788739153317042,0.0,0.0,0.0,0.0,0.0,18473,global,0.0
1,5,lr1e-05_bs8_drop0p2_temp1p0_a0p25_b0p05__wd1e-04trmiss0_degmodglobal,8,1e-05,0.0001,0.2,1.0,0.25,0.05,lr1e-05_bs8_drop0p2_temp1p0_a0p25_b0p05__wd1e-04trmiss0_degmodglobal,23,0.6893670984676906,0.706136167049408,0.75,0.897530864197531,0.38461538461538464,0.0,0.6400599564824786,0.6774050167628697,0.033168800973466465,0.07339758106640407,0.0,0.0,0.0,0.0,0.0,18473,global,0.0
1,5,lr1e-05_bs8_drop0p2_temp1p0_a0p25_b0p05__wd1e-04trmiss0_degmodglobal,8,1e-05,0.0001,0.2,1.0,0.25,0.05,lr1e-05_bs8_drop0p2_temp1p0_a0p25_b0p05__wd1e-04trmiss0_degmodglobal,24,0.6796440482139587,0.7083147764205933,0.6944444444444444,0.8830397997064665,0.38461538461538464,0.0,0.6256277050290789,0.6656283395630973,0.03728624300232956,0.09388320786612374,0.0,0.0,0.0,0.0,0.0,18473,global,0.0
1,5,lr1e-05_bs8_drop0p2_temp1p0_a0p25_b0p05__wd1e-04trmiss0_degmodglobal,8,1e-05,0.0001,0.2,1.0,0.25,0.05,lr1e-05_bs8_drop0p2_temp1p0_a0p25_b0p05__wd1e-04trmiss0_degmodglobal,25,0.6545750498771667,0.7087714970111847,0.6944444444444444,0.8830397997064665,0.38461538461538464,0.0,0.620413064956665,0.6432611431394305,0.02868528916899647,0.08285188009696347,0.0,0.0,0.0,0.0,0.0,18473,global,0.0
1,5,lr1e-05_bs8_drop0p2_temp1p0_a0p25_b0p05__wd1e-04trmiss0_degmodglobal,8,1e-05,0.0001,0.2,1.0,0.25,0.05,lr1e-05_bs8_drop0p2_temp1p0_a0p25_b0p05__wd1e-04trmiss0_degmodglobal,26,0.6790411727769035,0.7075609564781189,0.7222222222222222,0.8911206077872746,0.38461538461538464,0.0,0.629020128931318,0.6672284092221942,0.03087501440729414,0.08188044226595334,0.0,0.0,0.0,0.0,0.0,18473,global,0.0
1,5,lr1e-05_bs8_drop0p2_temp1p0_a0p25_b0p05__wd1e-04trmiss0_degmodglobal,8,1e-05,0.0001,0.2,1.0,0.25,0.05,lr1e-05_bs8_drop0p2_temp1p0_a0p25_b0p05__wd1e-04trmiss0_degmodglobal,27,0.7042839016233172,0.7064860165119171,0.6944444444444444,0.8830397997064665,0.46153846153846156,0.0,0.6466267790113177,0.692861829485212,0.02662256040743419,0.09532863008124488,0.0,0.0,0.0,0.0,0.0,18473,global,0.0
1,5,lr1e-05_bs8_drop0p2_temp1p0_a0p25_b0p05__wd1e-04trmiss0_degmodglobal,8,1e-05,0.0001,0.2,1.0,0.25,0.05,lr1e-05_bs8_drop0p2_temp1p0_a0p25_b0p05__wd1e-04trmiss0_degmodglobal,28,0.7012038145746503,0.7052732706069946,0.75,0.897530864197531,0.46153846153846156,0.0,0.6084605029651097,0.6861944964953831,0.04038800804742745,0.09824656641909055,0.0,0.0,0.0,0.0,0.0,18473,global,0.0
1,5,lr1e-05_bs8_drop0p2_temp1p0_a0p25_b0p05__wd1e-04trmiss0_degmodglobal,8,1e-05,0.0001,0.2,1.0,0.25,0.05,lr1e-05_bs8_drop0p2_temp1p0_a0p25_b0p05__wd1e-04trmiss0_degmodglobal,29,0.688924525465284,0.7050957977771759,0.75,0.897530864197531,0.46153846153846156,0.0,0.615829416683742,0.6742985418864659,0.03491277407322611,0.11795589966433388,0.0,0.0,0.0,0.0,0.0,18473,global,0.0
1,5,lr1e-05_bs8_drop0p2_temp1p0_a0p25_b0p05__wd1e-04trmiss0_degmodglobal,8,1e-05,0.0001,0.2,1.0,0.25,0.05,lr1e-05_bs8_drop0p2_temp1p0_a0p25_b0p05__wd1e-04trmiss0_degmodglobal,30,0.6636049406869071,0.7063169181346893,0.7222222222222222,0.8894500561167229,0.46153846153846156,0.0,0.6178067667143685,0.6512663790157863,0.03336794355085918,0.07993158378771373,0.0,0.0,0.0,0.0,0.0,18473,global,0.0
1,5,lr1e-05_bs8_drop0p2_temp1p0_a0p25_b0p05__wd1e-04trmiss0_degmodglobal,8,1e-05,0.0001,0.2,1.0,0.25,0.05,lr1e-05_bs8_drop0p2_temp1p0_a0p25_b0p05__wd1e-04trmiss0_degmodglobal,31,0.6840124641145978,0.7068341970443726,0.6944444444444444,0.8830397997064665,0.46153846153846156,0.0,0.5978532433509827,0.6665263772010803,0.0425860762063946,0.13679139475737298,0.0,0.0,0.0,0.0,0.0,18473,global,0.0
1,5,lr1e-05_bs8_drop0p2_temp1p0_a0p25_b0p05__wd1e-04trmiss0_degmodglobal,8,1e-05,0.0001,0.2,1.0,0.25,0.05,lr1e-05_bs8_drop0p2_temp1p0_a0p25_b0p05__wd1e-04trmiss0_degmodglobal,32,0.6868540474346706,0.7049503326416016,0.7222222222222222,0.8911206077872746,0.38461538461538464,0.0,0.6246570604188102,0.6735535093716213,0.033659983426332474,0.09771081911666053,0.0,0.0,0.0,0.0,0.0,18473,global,0.0
1,5,lr1e-05_bs8_drop0p2_temp1p0_a0p25_b0p05__wd1e-04trmiss0_degmodglobal,8,1e-05,0.0001,0.2,1.0,0.25,0.05,lr1e-05_bs8_drop0p2_temp1p0_a0p25_b0p05__wd1e-04trmiss0_degmodglobal,33,0.6632073266165597,0.7032587826251984,0.7222222222222222,0.8911206077872746,0.46153846153846156,0.0,0.6072347334453038,0.6516388995306832,0.03268050029873848,0.06796577679259437,0.0,0.0,0.0,0.0,0.0,18473,global,0.0
1,5,lr1e-05_bs8_drop0p2_temp1p0_a0p25_b0p05__wd1e-04trmiss0_degmodglobal,8,1e-05,0.0001,0.2,1.0,0.25,0.05,lr1e-05_bs8_drop0p2_temp1p0_a0p25_b0p05__wd1e-04trmiss0_degmodglobal,34,0.6634555459022522,0.7065402269363403,0.6944444444444444,0.8830397997064665,0.46153846153846156,0.0,0.5878712960651943,0.6476619328771319,0.039142430893012455,0.1201600826212338,0.0,0.0,0.0,0.0,0.0,18473,global,0.0
1,5,lr1e-05_bs8_drop0p2_temp1p0_a0p25_b0p05__wd1e-04trmiss0_degmodglobal,8,1e-05,0.0001,0.2,1.0,0.25,0.05,lr1e-05_bs8_drop0p2_temp1p0_a0p25_b0p05__wd1e-04trmiss0_degmodglobal,35,0.6676500269344875,0.7045154869556427,0.6944444444444444,0.8830397997064665,0.46153846153846156,0.0,0.5946403401238578,0.6537342412131173,0.033384822575109344,0.11139164598924774,0.0,0.0,0.0,0.0,0.0,18473,global,0.0
1,5,lr1e-05_bs8_drop0p2_temp1p0_a0p25_b0p05__wd1e-04trmiss0_degmodglobal,8,1e-05,0.0001,0.2,1.0,0.25,0.05,lr1e-05_bs8_drop0p2_temp1p0_a0p25_b0p05__wd1e-04trmiss0_degmodglobal,36,0.6561807904924665,0.7020966708660126,0.7222222222222222,0.8894500561167229,0.46153846153846156,0.0,0.5877399572304317,0.6400105357170105,0.041756904018776755,0.11462070260729108,0.0,0.0,0.0,0.0,0.0,18473,global,0.0
1,5,lr1e-05_bs8_drop0p2_temp1p0_a0p25_b0p05__wd1e-04trmiss0_degmodglobal,8,1e-05,0.0001,0.2,1.0,0.25,0.05,lr1e-05_bs8_drop0p2_temp1p0_a0p25_b0p05__wd1e-04trmiss0_degmodglobal,37,0.6865760428564889,0.7048112154006958,0.75,0.897530864197531,0.46153846153846156,0.0,0.5938473684447152,0.6713462131364005,0.04112167762858527,0.09898793218391282,0.0,0.0,0.0,0.0,0.0,18473,global,0.0
1,5,lr1e-05_bs8_drop0p2_temp2p0_a0p25_b0p05__wd1e-04trmiss0_degmodglobal,8,1e-05,0.0001,0.2,2.0,0.25,0.05,lr1e-05_bs8_drop0p2_temp2p0_a0p25_b0p05__wd1e-04trmiss0_degmodglobal,1,0.7043560828481402,0.6863251328468323,0.4444444444444444,0.6785103785103785,0.6153846153846154,0.0,0.7219653129577637,0.6754705565316337,0.06053714933139937,0.27502472911562237,0.0,0.0,0.0,0.0,0.0,18473,global,0.0
1,5,lr1e-05_bs8_drop0p2_temp2p0_a0p25_b0p05__wd1e-04trmiss0_degmodglobal,8,1e-05,0.0001,0.2,2.0,0.25,0.05,lr1e-05_bs8_drop0p2_temp2p0_a0p25_b0p05__wd1e-04trmiss0_degmodglobal,2,0.6659492254257202,0.6786038279533386,0.47222222222222215,0.6852443852443852,0.6153846153846154,0.0,0.7220814142908368,0.6357933282852173,0.06401917072279113,0.283022227031844,0.0,0.0,0.0,0.0,0.0,18473,global,0.0
1,5,lr1e-05_bs8_drop0p2_temp2p0_a0p25_b0p05__wd1e-04trmiss0_degmodglobal,8,1e-05,0.0001,0.2,2.0,0.25,0.05,lr1e-05_bs8_drop0p2_temp2p0_a0p25_b0p05__wd1e-04trmiss0_degmodglobal,3,0.6989337887082782,0.6730379164218903,0.49999999999999994,0.7407999407999408,0.6153846153846154,0.0,0.7229907257216317,0.6664862547601972,0.06659357356173652,0.31598263340336935,0.0,0.0,0.0,0.0,0.0,18473,global,0.0
1,5,lr1e-05_bs8_drop0p2_temp2p0_a0p25_b0p05__wd1e-04trmiss0_degmodglobal,8,1e-05,0.0001,0.2,2.0,0.25,0.05,lr1e-05_bs8_drop0p2_temp2p0_a0p25_b0p05__wd1e-04trmiss0_degmodglobal,4,0.6703827466283526,0.6681565940380096,0.5277777777777777,0.7494419161085828,0.6153846153846154,0.0,0.7118455597332546,0.6445278014455523,0.05660938897303173,0.23405214079788753,0.0,0.0,0.0,0.0,0.0,18473,global,0.0
1,5,lr1e-05_bs8_drop0p2_temp2p0_a0p25_b0p05__wd1e-04trmiss0_degmodglobal,8,1e-05,0.0001,0.2,2.0,0.25,0.05,lr1e-05_bs8_drop0p2_temp2p0_a0p25_b0p05__wd1e-04trmiss0_degmodglobal,5,0.6735061407089233,0.6644022762775421,0.5555555555555556,0.7864789531456198,0.6923076923076923,0.0,0.6941703047071185,0.6449160150119236,0.06174005355153765,0.26310230791568756,0.0,0.0,0.0,0.0,0.0,18473,global,0.0
1,5,lr1e-05_bs8_drop0p2_temp2p0_a0p25_b0p05__wd1e-04trmiss0_degmodglobal,8,1e-05,0.0001,0.2,2.0,0.25,0.05,lr1e-05_bs8_drop0p2_temp2p0_a0p25_b0p05__wd1e-04trmiss0_degmodglobal,6,0.657082838671548,0.6598221659660339,0.6388888888888888,0.8287477954144622,0.6923076923076923,0.0,0.7038855808121818,0.6289906076022557,0.06123386749199459,0.25567516897405895,0.0,0.0,0.0,0.0,0.0,18473,global,0.0
1,5,lr1e-05_bs8_drop0p2_temp2p0_a0p25_b0p05__wd1e-04trmiss0_degmodglobal,8,1e-05,0.0001,0.2,2.0,0.25,0.05,lr1e-05_bs8_drop0p2_temp2p0_a0p25_b0p05__wd1e-04trmiss0_degmodglobal,7,0.665924608707428,0.6560543775558472,0.6388888888888888,0.8287477954144622,0.7692307692307693,0.0,0.7166032535689217,0.6342436671257019,0.06850318397794451,0.291103258728981,0.0,0.0,0.0,0.0,0.0,18473,global,0.0
1,5,lr1e-05_bs8_drop0p2_temp2p0_a0p25_b0p05__wd1e-04trmiss0_degmodglobal,8,1e-05,0.0001,0.2,2.0,0.25,0.05,lr1e-05_bs8_drop0p2_temp2p0_a0p25_b0p05__wd1e-04trmiss0_degmodglobal,8,0.6384513974189758,0.6570696830749512,0.6111111111111112,0.8206669873336541,0.6923076923076923,0.0,0.6958989160401481,0.6085174254008702,0.06805056067449707,0.2584261638777597,0.0,0.0,0.0,0.0,0.0,18473,global,0.0
1,5,lr1e-05_bs8_drop0p2_temp2p0_a0p25_b0p05__wd1e-04trmiss0_degmodglobal,8,1e-05,0.0001,0.2,2.0,0.25,0.05,lr1e-05_bs8_drop0p2_temp2p0_a0p25_b0p05__wd1e-04trmiss0_degmodglobal,9,0.6517065933772496,0.6529625952243805,0.6666666666666667,0.8487093153759822,0.6923076923076923,0.0,0.6867491517748151,0.6278824891362872,0.05299124813505581,0.21152567650590623,0.0,0.0,0.0,0.0,0.0,18473,global,0.0
1,5,lr1e-05_bs8_drop0p2_temp2p0_a0p25_b0p05__wd1e-04trmiss0_degmodglobal,8,1e-05,0.0001,0.2,2.0,0.25,0.05,lr1e-05_bs8_drop0p2_temp2p0_a0p25_b0p05__wd1e-04trmiss0_degmodglobal,10,0.654033967426845,0.6551153063774109,0.6388888888888888,0.8354818021484689,0.6923076923076923,0.0,0.7102254714284625,0.624404217515673,0.06069231938038554,0.28913319749491556,0.0,0.0,0.0,0.0,0.0,18473,global,0.0
1,5,lr1e-05_bs8_drop0p2_temp2p0_a0p25_b0p05__wd1e-04trmiss0_degmodglobal,8,1e-05,0.0001,0.2,2.0,0.25,0.05,lr1e-05_bs8_drop0p2_temp2p0_a0p25_b0p05__wd1e-04trmiss0_degmodglobal,11,0.6477013996669224,0.651461124420166,0.6944444444444444,0.860614077280744,0.6153846153846154,0.0,0.6841166019439697,0.6147672193390983,0.07092147852693285,0.3040761223861149,0.0,0.0,0.0,0.0,0.0,18473,global,0.0
1,5,lr1e-05_bs8_drop0p2_temp2p0_a0p25_b0p05__wd1e-04trmiss0_degmodglobal,8,1e-05,0.0001,0.2,2.0,0.25,0.05,lr1e-05_bs8_drop0p2_temp2p0_a0p25_b0p05__wd1e-04trmiss0_degmodglobal,12,0.637407728603908,0.6488529145717621,0.6111111111111112,0.8308080808080809,0.6153846153846154,0.0,0.6769902195249285,0.6123728496687753,0.05726274635110583,0.2143841470990862,0.0,0.0,0.0,0.0,0.0,18473,global,0.0
1,5,lr1e-05_bs8_drop0p2_temp2p0_a0p25_b0p05__wd1e-04trmiss0_degmodglobal,8,1e-05,0.0001,0.2,2.0,0.25,0.05,lr1e-05_bs8_drop0p2_temp2p0_a0p25_b0p05__wd1e-04trmiss0_degmodglobal,13,0.6350428036281041,0.6456574499607086,0.6666666666666667,0.8487093153759822,0.6153846153846154,0.0,0.6806666680744716,0.6052134207316807,0.06701231534991946,0.26152609501566204,0.0,0.0,0.0,0.0,0.0,18473,global,0.0
1,5,lr1e-05_bs8_drop0p2_temp2p0_a0p25_b0p05__wd1e-04trmiss0_degmodglobal,8,1e-05,0.0001,0.2,2.0,0.25,0.05,lr1e-05_bs8_drop0p2_temp2p0_a0p25_b0p05__wd1e-04trmiss0_degmodglobal,14,0.6438458732196263,0.6420793235301971,0.6666666666666667,0.8487093153759822,0.6153846153846154,0.0,0.6761874556541443,0.6115881630352565,0.06876689993909427,0.3013199823243277,0.0,0.0,0.0,0.0,0.0,18473,global,0.0
1,5,lr1e-05_bs8_drop0p2_temp2p0_a0p25_b0p05__wd1e-04trmiss0_degmodglobal,8,1e-05,0.0001,0.2,2.0,0.25,0.05,lr1e-05_bs8_drop0p2_temp2p0_a0p25_b0p05__wd1e-04trmiss0_degmodglobal,15,0.6266986472266061,0.640438437461853,0.7222222222222222,0.8714165464165466,0.6153846153846154,0.0,0.697126533303942,0.5963331631251744,0.06860233151486941,0.2642981559038162,0.0,0.0,0.0,0.0,0.0,18473,global,0.0
1,5,lr1e-05_bs8_drop0p2_temp2p0_a0p25_b0p05__wd1e-04trmiss0_degmodglobal,8,1e-05,0.0001,0.2,2.0,0.25,0.05,lr1e-05_bs8_drop0p2_temp2p0_a0p25_b0p05__wd1e-04trmiss0_degmodglobal,16,0.6183421441486904,0.6395746171474457,0.7777777777777778,0.9121572871572874,0.7692307692307693,0.0,0.656602008002145,0.5950004884174892,0.052574843700443,0.20395913294383458,0.0,0.0,0.0,0.0,0.0,18473,global,0.0
1,5,lr1e-05_bs8_drop0p2_temp2p0_a0p25_b0p05__wd1e-04trmiss0_degmodglobal,8,1e-05,0.0001,0.2,2.0,0.25,0.05,lr1e-05_bs8_drop0p2_temp2p0_a0p25_b0p05__wd1e-04trmiss0_degmodglobal,17,0.6319536651883807,0.63539057970047,0.7777777777777778,0.9121572871572874,0.6153846153846154,0.0,0.6670760086604527,0.6063858100346157,0.055882305172937255,0.23194519962583268,0.0,0.0,0.0,0.0,0.0,18473,global,0.0
1,5,lr1e-05_bs8_drop0p2_temp2p0_a0p25_b0p05__wd1e-04trmiss0_degmodglobal,8,1e-05,0.0001,0.2,2.0,0.25,0.05,lr1e-05_bs8_drop0p2_temp2p0_a0p25_b0p05__wd1e-04trmiss0_degmodglobal,18,0.6144624522754124,0.6365197598934174,0.7222222222222222,0.8894500561167229,0.6153846153846154,0.0,0.6505583780152457,0.58571971314294,0.06898054480552673,0.22995233642203466,0.0,0.0,0.0,0.0,0.0,18473,global,0.0
1,5,lr1e-05_bs8_drop0p2_temp2p0_a0p25_b0p05__wd1e-04trmiss0_degmodglobal,8,1e-05,0.0001,0.2,2.0,0.25,0.05,lr1e-05_bs8_drop0p2_temp2p0_a0p25_b0p05__wd1e-04trmiss0_degmodglobal,19,0.606223830154964,0.6354252994060516,0.7222222222222222,0.8894500561167229,0.6923076923076923,0.0,0.664518552167075,0.5769272446632385,0.06649774791938919,0.25344301760196686,0.0,0.0,0.0,0.0,0.0,18473,global,0.0
1,5,lr1e-05_bs8_drop0p2_temp2p0_a0p25_b0p05__wd1e-04trmiss0_degmodglobal,8,1e-05,0.0001,0.2,2.0,0.25,0.05,lr1e-05_bs8_drop0p2_temp2p0_a0p25_b0p05__wd1e-04trmiss0_degmodglobal,20,0.6141718540872846,0.634400874376297,0.75,0.9013548180214848,0.6923076923076923,0.0,0.6587767430714199,0.5884600877761841,0.058713893805231364,0.22066624143293925,0.0,0.0,0.0,0.0,0.0,18473,global,0.0
1,5,lr1e-05_bs8_drop0p2_temp2p0_a0p25_b0p05__wd1e-04trmiss0_degmodglobal,8,1e-05,0.0001,0.2,2.0,0.25,0.05,lr1e-05_bs8_drop0p2_temp2p0_a0p25_b0p05__wd1e-04trmiss0_degmodglobal,21,0.6160465478897095,0.6354042589664459,0.6944444444444444,0.8709315375982045,0.6923076923076923,0.0,0.6498801027025495,0.587189086845943,0.06318721228412219,0.2612131897892271,0.0,0.0,0.0,0.0,0.0,18473,global,0.0
1,5,lr1e-05_bs8_drop0p2_temp2p0_a0p25_b0p05__wd1e-04trmiss0_degmodglobal,8,1e-05,0.0001,0.2,2.0,0.25,0.05,lr1e-05_bs8_drop0p2_temp2p0_a0p25_b0p05__wd1e-04trmiss0_degmodglobal,22,0.6128854751586914,0.6403835415840149,0.6666666666666667,0.8622895622895623,0.6153846153846154,0.0,0.6766110147748675,0.5851343274116516,0.05892622257981982,0.2603918356554849,0.0,0.0,0.0,0.0,0.0,18473,global,0.0
1,5,lr1e-05_bs8_drop0p2_temp2p0_a0p25_b0p05__wd1e-04trmiss0_degmodglobal,8,1e-05,0.0001,0.2,2.0,0.25,0.05,lr1e-05_bs8_drop0p2_temp2p0_a0p25_b0p05__wd1e-04trmiss0_degmodglobal,23,0.5914755037852696,0.6406728327274323,0.6666666666666667,0.8622895622895623,0.5384615384615384,0.0,0.6497253434998649,0.5640061071940831,0.06239023751446179,0.23743675649166107,0.0,0.0,0.0,0.0,0.0,18473,global,0.0
1,5,lr1e-05_bs8_drop0p2_temp2p0_a0p25_b0p05__wd1e-04trmiss0_degmodglobal,8,1e-05,0.0001,0.2,2.0,0.25,0.05,lr1e-05_bs8_drop0p2_temp2p0_a0p25_b0p05__wd1e-04trmiss0_degmodglobal,24,0.5980127368654523,0.6386835277080536,0.6666666666666667,0.8622895622895623,0.6153846153846154,0.0,0.644231745174953,0.572892461504255,0.05963260893310819,0.2042423507996968,0.0,0.0,0.0,0.0,0.0,18473,global,0.0
1,5,lr1e-05_bs8_drop0p2_temp2p0_a0p25_b0p05__wd1e-04trmiss0_degmodglobal,8,1e-05,0.0001,0.2,2.0,0.25,0.05,lr1e-05_bs8_drop0p2_temp2p0_a0p25_b0p05__wd1e-04trmiss0_degmodglobal,25,0.5841225470815387,0.635359913110733,0.75,0.897530864197531,0.6153846153846154,0.0,0.643458000251225,0.5581128341811044,0.061093474605253766,0.2147270973239626,0.0,0.0,0.0,0.0,0.0,18473,global,0.0
1,5,lr1e-05_bs8_drop0p2_temp2p0_a0p25_b0p05__wd1e-04trmiss0_degmodglobal,8,1e-05,0.0001,0.2,2.0,0.25,0.05,lr1e-05_bs8_drop0p2_temp2p0_a0p25_b0p05__wd1e-04trmiss0_degmodglobal,26,0.6208511590957642,0.6349170506000519,0.75,0.897530864197531,0.6153846153846154,0.0,0.6581161447933742,0.5908407398632595,0.06730138297591891,0.26370153043951305,0.0,0.0,0.0,0.0,0.0,18473,global,0.0
1,5,lr1e-05_bs8_drop0p2_temp2p0_a0p25_b0p05__wd1e-04trmiss0_degmodglobal,8,1e-05,0.0001,0.2,2.0,0.25,0.05,lr1e-05_bs8_drop0p2_temp2p0_a0p25_b0p05__wd1e-04trmiss0_degmodglobal,27,0.5942291872841972,0.6342200934886932,0.75,0.897530864197531,0.6153846153846154,0.0,0.6521658301353455,0.5683717812810626,0.05911011408482279,0.22159728407859802,0.0,0.0,0.0,0.0,0.0,18473,global,0.0
1,5,lr1e-05_bs8_drop0p2_temp2p0_a0p25_b0p05__wd1e-04trmiss0_degmodglobal,8,1e-05,0.0001,0.2,2.0,0.25,0.05,lr1e-05_bs8_drop0p2_temp2p0_a0p25_b0p05__wd1e-04trmiss0_degmodglobal,28,0.6150378584861755,0.6315881013870239,0.75,0.897530864197531,0.6923076923076923,0.0,0.6633720908846173,0.589265729699816,0.060752659503902705,0.2116790669304984,0.0,0.0,0.0,0.0,0.0,18473,global,0.0
1,5,lr1e-05_bs8_drop0p2_temp2p0_a0p25_b0p05__wd1e-04trmiss0_degmodglobal,8,1e-05,0.0001,0.2,2.0,0.25,0.05,lr1e-05_bs8_drop0p2_temp2p0_a0p25_b0p05__wd1e-04trmiss0_degmodglobal,29,0.6201587574822562,0.6327612996101379,0.7222222222222222,0.8911206077872746,0.6923076923076923,0.0,0.6475686941828046,0.5930043629237584,0.06141013598867825,0.23603729265076773,0.0,0.0,0.0,0.0,0.0,18473,global,0.0
1,5,lr1e-05_bs8_drop0p2_temp2p0_a0p25_b0p05__wd1e-04trmiss0_degmodglobal,8,1e-05,0.0001,0.2,2.0,0.25,0.05,lr1e-05_bs8_drop0p2_temp2p0_a0p25_b0p05__wd1e-04trmiss0_degmodglobal,30,0.5850458059992109,0.6330567598342896,0.7222222222222222,0.8911206077872746,0.7692307692307693,0.0,0.6460738011768886,0.5594932053770337,0.05800085089036396,0.22104788890906743,0.0,0.0,0.0,0.0,0.0,18473,global,0.0
1,5,lr1e-05_bs8_drop0p2_temp2p0_a0p25_b0p05__wd1e-04trmiss0_degmodglobal,8,1e-05,0.0001,0.2,2.0,0.25,0.05,lr1e-05_bs8_drop0p2_temp2p0_a0p25_b0p05__wd1e-04trmiss0_degmodglobal,31,0.610421461718423,0.6360128819942474,0.7222222222222222,0.8911206077872746,0.6923076923076923,0.0,0.6565899167742048,0.5858984248978751,0.055922617337533405,0.21084749911512649,0.0,0.0,0.0,0.0,0.0,18473,global,0.0
1,5,lr1e-05_bs8_drop0p2_temp2p0_a0p25_b0p05__wd1e-04trmiss0_degmodglobal,8,1e-05,0.0001,0.2,2.0,0.25,0.05,lr1e-05_bs8_drop0p2_temp2p0_a0p25_b0p05__wd1e-04trmiss0_degmodglobal,32,0.6021445563861302,0.6389583647251129,0.7222222222222222,0.8894500561167229,0.6923076923076923,0.0,0.6540823238236564,0.5724313770021711,0.06488687651497978,0.269829307283674,0.0,0.0,0.0,0.0,0.0,18473,global,0.0
1,5,lr1e-05_bs8_drop0p2_temp2p0_a0p25_b0p05__wd1e-04trmiss0_degmodglobal,8,1e-05,0.0001,0.2,2.0,0.25,0.05,lr1e-05_bs8_drop0p2_temp2p0_a0p25_b0p05__wd1e-04trmiss0_degmodglobal,33,0.5760364702769688,0.6429966986179352,0.6666666666666667,0.8645212811879479,0.6923076923076923,0.0,0.6300218445914132,0.5487764264856066,0.0649075736956937,0.22066316221441543,0.0,0.0,0.0,0.0,0.0,18473,global,0.0
1,5,lr1e-05_bs8_drop0p2_temp2p0_a0p25_b0p05__wd1e-04trmiss0_degmodglobal,8,1e-05,0.0001,0.2,2.0,0.25,0.05,lr1e-05_bs8_drop0p2_temp2p0_a0p25_b0p05__wd1e-04trmiss0_degmodglobal,34,0.5833679522786822,0.6410892903804779,0.6944444444444444,0.8830397997064665,0.6923076923076923,0.0,0.6378039121627808,0.555605160338538,0.0705920500414712,0.20229579508304596,0.0,0.0,0.0,0.0,0.0,18473,global,0.0
1,5,lr1e-05_bs8_drop0p2_temp2p0_a0p25_b0p05__wd1e-04trmiss0_degmodglobal,8,1e-05,0.0001,0.2,2.0,0.25,0.05,lr1e-05_bs8_drop0p2_temp2p0_a0p25_b0p05__wd1e-04trmiss0_degmodglobal,35,0.5995544024876186,0.6315898597240448,0.7222222222222222,0.8911206077872746,0.6923076923076923,0.0,0.6390864849090576,0.5722366060529437,0.06379018830401557,0.22740515853677476,0.0,0.0,0.0,0.0,0.0,18473,global,0.0
1,5,lr1e-05_bs8_drop0p2_temp2p0_a0p25_b0p05__wd1e-04trmiss0_degmodglobal,8,1e-05,0.0001,0.2,2.0,0.25,0.05,lr1e-05_bs8_drop0p2_temp2p0_a0p25_b0p05__wd1e-04trmiss0_degmodglobal,36,0.5876857808658055,0.6300774216651917,0.7222222222222222,0.8911206077872746,0.6923076923076923,0.0,0.6424529807908195,0.5592792459896633,0.06970526916640145,0.2196041281734194,0.0,0.0,0.0,0.0,0.0,18473,global,0.0
1,5,lr1e-05_bs8_drop0p2_temp2p0_a0p25_b0p05__wd1e-04trmiss0_degmodglobal,8,1e-05,0.0001,0.2,2.0,0.25,0.05,lr1e-05_bs8_drop0p2_temp2p0_a0p25_b0p05__wd1e-04trmiss0_degmodglobal,37,0.5715116603033883,0.6287520229816437,0.7222222222222222,0.8911206077872746,0.6923076923076923,0.0,0.6316560932568142,0.546109676361084,0.059452960533755164,0.21077480273587362,0.0,0.0,0.0,0.0,0.0,18473,global,0.0
1,5,lr1e-05_bs8_drop0p4_temp1p0_a0p25_b0p05__wd1e-04trmiss0_degmodglobal,8,1e-05,0.0001,0.4,1.0,0.25,0.05,lr1e-05_bs8_drop0p4_temp1p0_a0p25_b0p05__wd1e-04trmiss0_degmodglobal,1,0.7571743897029332,0.6623426079750061,0.6388888888888888,0.8400673400673402,0.6153846153846154,0.0,0.6956863403320312,0.7405034984861102,0.045456357300281525,0.10613576003483363,0.0,0.0,0.0,0.0,0.0,18473,global,0.0
1,5,lr1e-05_bs8_drop0p4_temp1p0_a0p25_b0p05__wd1e-04trmiss0_degmodglobal,8,1e-05,0.0001,0.4,1.0,0.25,0.05,lr1e-05_bs8_drop0p4_temp1p0_a0p25_b0p05__wd1e-04trmiss0_degmodglobal,2,0.6926734021731785,0.6568315327167511,0.6388888888888888,0.8400673400673402,0.5384615384615384,0.0,0.6925354855401176,0.668634329523359,0.0576721972652844,0.19242045283317566,0.0,0.0,0.0,0.0,0.0,18473,global,0.0
1,5,lr1e-05_bs8_drop0p4_temp1p0_a0p25_b0p05__wd1e-04trmiss0_degmodglobal,8,1e-05,0.0001,0.4,1.0,0.25,0.05,lr1e-05_bs8_drop0p4_temp1p0_a0p25_b0p05__wd1e-04trmiss0_degmodglobal,3,0.6918082322393145,0.6551050245761871,0.6666666666666667,0.8622895622895623,0.5384615384615384,0.0,0.707209859575544,0.6776768054280963,0.03644666927201407,0.10039539049778666,0.0,0.0,0.0,0.0,0.0,18473,global,0.0
1,5,lr1e-05_bs8_drop0p4_temp1p0_a0p25_b0p05__wd1e-04trmiss0_degmodglobal,8,1e-05,0.0001,0.4,1.0,0.25,0.05,lr1e-05_bs8_drop0p4_temp1p0_a0p25_b0p05__wd1e-04trmiss0_degmodglobal,4,0.7099795596940177,0.652680516242981,0.6944444444444444,0.8808080808080809,0.5384615384615384,0.0,0.7027255296707153,0.6944340808050973,0.0451955289712974,0.08493222189801079,0.0,0.0,0.0,0.0,0.0,18473,global,0.0
1,5,lr1e-05_bs8_drop0p4_temp1p0_a0p25_b0p05__wd1e-04trmiss0_degmodglobal,8,1e-05,0.0001,0.4,1.0,0.25,0.05,lr1e-05_bs8_drop0p4_temp1p0_a0p25_b0p05__wd1e-04trmiss0_degmodglobal,5,0.7326912369046893,0.6540305316448212,0.6944444444444444,0.8808080808080809,0.5384615384615384,0.0,0.6888467669487,0.7121028474399022,0.04831552851412978,0.17019019701651164,0.0,0.0,0.0,0.0,0.0,18473,global,0.0
1,5,lr1e-05_bs8_drop0p4_temp1p0_a0p25_b0p05__wd1e-04trmiss0_degmodglobal,8,1e-05,0.0001,0.4,1.0,0.25,0.05,lr1e-05_bs8_drop0p4_temp1p0_a0p25_b0p05__wd1e-04trmiss0_degmodglobal,6,0.690279849937984,0.6530076563358307,0.6944444444444444,0.8808080808080809,0.5384615384615384,0.0,0.666715749672481,0.6739876866340637,0.042200533407075067,0.11484025418758392,0.0,0.0,0.0,0.0,0.0,18473,global,0.0
1,5,lr1e-05_bs8_drop0p4_temp1p0_a0p25_b0p05__wd1e-04trmiss0_degmodglobal,8,1e-05,0.0001,0.4,1.0,0.25,0.05,lr1e-05_bs8_drop0p4_temp1p0_a0p25_b0p05__wd1e-04trmiss0_degmodglobal,7,0.7095779435975211,0.655255138874054,0.7222222222222222,0.8894500561167229,0.5384615384615384,0.0,0.6812163846833366,0.6913412043026516,0.04841490515640804,0.1226603202521801,0.0,0.0,0.0,0.0,0.0,18473,global,0.0
1,5,lr1e-05_bs8_drop0p4_temp1p0_a0p25_b0p05__wd1e-04trmiss0_degmodglobal,8,1e-05,0.0001,0.4,1.0,0.25,0.05,lr1e-05_bs8_drop0p4_temp1p0_a0p25_b0p05__wd1e-04trmiss0_degmodglobal,8,0.6738818628447396,0.6518407166004181,0.7222222222222222,0.8894500561167229,0.5384615384615384,0.0,0.6978032503809247,0.6548036081450326,0.05135197139212063,0.12480514815875463,0.0,0.0,0.0,0.0,0.0,18473,global,0.0
1,5,lr1e-05_bs8_drop0p4_temp1p0_a0p25_b0p05__wd1e-04trmiss0_degmodglobal,8,1e-05,0.0001,0.4,1.0,0.25,0.05,lr1e-05_bs8_drop0p4_temp1p0_a0p25_b0p05__wd1e-04trmiss0_degmodglobal,9,0.7000755327088493,0.6505032181739807,0.7222222222222222,0.8894500561167229,0.5384615384615384,0.0,0.6677015764372689,0.685785004070827,0.037464785522648265,0.09848667761044842,0.0,0.0,0.0,0.0,0.0,18473,global,0.0
1,5,lr1e-05_bs8_drop0p4_temp1p0_a0p25_b0p05__wd1e-04trmiss0_degmodglobal,8,1e-05,0.0001,0.4,1.0,0.25,0.05,lr1e-05_bs8_drop0p4_temp1p0_a0p25_b0p05__wd1e-04trmiss0_degmodglobal,10,0.6578843763896397,0.6474559605121613,0.7222222222222222,0.8894500561167229,0.5384615384615384,0.0,0.6672095060348511,0.6425449933324542,0.044289278398667066,0.08534176807318415,0.0,0.0,0.0,0.0,0.0,18473,global,0.0
1,5,lr1e-05_bs8_drop0p4_temp1p0_a0p25_b0p05__wd1e-04trmiss0_degmodglobal,8,1e-05,0.0001,0.4,1.0,0.25,0.05,lr1e-05_bs8_drop0p4_temp1p0_a0p25_b0p05__wd1e-04trmiss0_degmodglobal,11,0.6731160283088684,0.648538202047348,0.7222222222222222,0.8894500561167229,0.6153846153846154,0.0,0.702637357371194,0.6549654517854963,0.045653894543647766,0.13474203699401446,0.0,0.0,0.0,0.0,0.0,18473,global,0.0
1,5,lr1e-05_bs8_drop0p4_temp1p0_a0p25_b0p05__wd1e-04trmiss0_degmodglobal,8,1e-05,0.0001,0.4,1.0,0.25,0.05,lr1e-05_bs8_drop0p4_temp1p0_a0p25_b0p05__wd1e-04trmiss0_degmodglobal,12,0.6762956380844116,0.6467500329017639,0.75,0.9013548180214848,0.6153846153846154,0.0,0.656240028994424,0.6535000630787441,0.05600163713097572,0.17590314256293432,0.0,0.0,0.0,0.0,0.0,18473,global,0.0
1,5,lr1e-05_bs8_drop0p4_temp1p0_a0p25_b0p05__wd1e-04trmiss0_degmodglobal,8,1e-05,0.0001,0.4,1.0,0.25,0.05,lr1e-05_bs8_drop0p4_temp1p0_a0p25_b0p05__wd1e-04trmiss0_degmodglobal,13,0.679264383656638,0.6459643244743347,0.75,0.9013548180214848,0.6153846153846154,0.0,0.6630338771002633,0.6621671404157367,0.04566174851996558,0.11363633589020797,0.0,0.0,0.0,0.0,0.0,18473,global,0.0
1,5,lr1e-05_bs8_drop0p4_temp1p0_a0p25_b0p05__wd1e-04trmiss0_degmodglobal,8,1e-05,0.0001,0.4,1.0,0.25,0.05,lr1e-05_bs8_drop0p4_temp1p0_a0p25_b0p05__wd1e-04trmiss0_degmodglobal,14,0.6773720553943089,0.6444733440876007,0.7777777777777778,0.9172278338945008,0.6923076923076923,0.0,0.651642884526934,0.6608514445168632,0.04220741907400744,0.11937539279460907,0.0,0.0,0.0,0.0,0.0,18473,global,0.0
1,5,lr1e-05_bs8_drop0p4_temp1p0_a0p25_b0p05__wd1e-04trmiss0_degmodglobal,8,1e-05,0.0001,0.4,1.0,0.25,0.05,lr1e-05_bs8_drop0p4_temp1p0_a0p25_b0p05__wd1e-04trmiss0_degmodglobal,15,0.6797299044472831,0.6404226422309875,0.7777777777777778,0.9172278338945008,0.6923076923076923,0.0,0.6651844382286072,0.6638267125402179,0.042645166761108806,0.1048380093915122,0.0,0.0,0.0,0.0,0.0,18473,global,0.0
1,5,lr1e-05_bs8_drop0p4_temp1p0_a0p25_b0p05__wd1e-04trmiss0_degmodglobal,8,1e-05,0.0001,0.4,1.0,0.25,0.05,lr1e-05_bs8_drop0p4_temp1p0_a0p25_b0p05__wd1e-04trmiss0_degmodglobal,16,0.6768326759338379,0.6353739798069,0.8055555555555556,0.9280303030303032,0.6923076923076923,0.0,0.6580842307635716,0.6622187835829598,0.04262517073324749,0.07915233661021505,0.0,0.0,0.0,0.0,0.0,18473,global,0.0
1,5,lr1e-05_bs8_drop0p4_temp1p0_a0p25_b0p05__wd1e-04trmiss0_degmodglobal,8,1e-05,0.0001,0.4,1.0,0.25,0.05,lr1e-05_bs8_drop0p4_temp1p0_a0p25_b0p05__wd1e-04trmiss0_degmodglobal,17,0.6450049025671822,0.6304562091827393,0.7777777777777778,0.9172278338945008,0.6923076923076923,0.0,0.6577302302633014,0.6271991218839373,0.046605395818395276,0.12308870362383979,0.0,0.0,0.0,0.0,0.0,18473,global,0.0
1,5,lr1e-05_bs8_drop0p4_temp1p0_a0p25_b0p05__wd1e-04trmiss0_degmodglobal,8,1e-05,0.0001,0.4,1.0,0.25,0.05,lr1e-05_bs8_drop0p4_temp1p0_a0p25_b0p05__wd1e-04trmiss0_degmodglobal,18,0.6517204897744315,0.6314098834991455,0.8055555555555556,0.9280303030303032,0.7692307692307693,0.0,0.639799245766231,0.6349558234214783,0.04741724394261837,0.09820711399827685,0.0,0.0,0.0,0.0,0.0,18473,global,0.0
1,5,lr1e-05_bs8_drop0p4_temp1p0_a0p25_b0p05__wd1e-04trmiss0_degmodglobal,8,1e-05,0.0001,0.4,1.0,0.25,0.05,lr1e-05_bs8_drop0p4_temp1p0_a0p25_b0p05__wd1e-04trmiss0_degmodglobal,19,0.6584024003573826,0.6332212090492249,0.8055555555555556,0.9280303030303032,0.7692307692307693,0.0,0.6473205941064017,0.6405322466577802,0.0468580781349114,0.1231127998658589,0.0,0.0,0.0,0.0,0.0,18473,global,0.0
1,5,lr1e-05_bs8_drop0p4_temp1p0_a0p25_b0p05__wd1e-04trmiss0_degmodglobal,8,1e-05,0.0001,0.4,1.0,0.25,0.05,lr1e-05_bs8_drop0p4_temp1p0_a0p25_b0p05__wd1e-04trmiss0_degmodglobal,20,0.6767203722681318,0.6269789934158325,0.8055555555555556,0.9280303030303032,0.6923076923076923,0.0,0.6469695568084717,0.6586825762476239,0.04724632389843464,0.12452418197478567,0.0,0.0,0.0,0.0,0.0,18473,global,0.0
1,5,lr1e-05_bs8_drop0p4_temp1p0_a0p25_b0p05__wd1e-04trmiss0_degmodglobal,8,1e-05,0.0001,0.4,1.0,0.25,0.05,lr1e-05_bs8_drop0p4_temp1p0_a0p25_b0p05__wd1e-04trmiss0_degmodglobal,21,0.6564240796225411,0.6255087852478027,0.8055555555555556,0.9280303030303032,0.7692307692307693,0.0,0.6500973871776036,0.639325099331992,0.04677259522889342,0.10811683854886464,0.0,0.0,0.0,0.0,0.0,18473,global,0.0
1,5,lr1e-05_bs8_drop0p4_temp1p0_a0p25_b0p05__wd1e-04trmiss0_degmodglobal,8,1e-05,0.0001,0.4,1.0,0.25,0.05,lr1e-05_bs8_drop0p4_temp1p0_a0p25_b0p05__wd1e-04trmiss0_degmodglobal,22,0.6221804193087986,0.6270075738430023,0.8055555555555556,0.9280303030303032,0.7692307692307693,0.0,0.6402232902390617,0.6051154732704163,0.050486676661031585,0.08886529159333025,0.0,0.0,0.0,0.0,0.0,18473,global,0.0
1,5,lr1e-05_bs8_drop0p4_temp1p0_a0p25_b0p05__wd1e-04trmiss0_degmodglobal,8,1e-05,0.0001,0.4,1.0,0.25,0.05,lr1e-05_bs8_drop0p4_temp1p0_a0p25_b0p05__wd1e-04trmiss0_degmodglobal,23,0.6351002539907183,0.628344863653183,0.7777777777777778,0.9172278338945008,0.6923076923076923,0.0,0.6516076752117702,0.6131726929119655,0.05796204188040325,0.14874088764190674,0.0,0.0,0.0,0.0,0.0,18473,global,0.0
1,5,lr1e-05_bs8_drop0p4_temp1p0_a0p25_b0p05__wd1e-04trmiss0_degmodglobal,8,1e-05,0.0001,0.4,1.0,0.25,0.05,lr1e-05_bs8_drop0p4_temp1p0_a0p25_b0p05__wd1e-04trmiss0_degmodglobal,24,0.631676937852587,0.6290956437587738,0.8333333333333334,0.941919191919192,0.6923076923076923,0.0,0.6626023735318866,0.6129929678780692,0.047840534044163566,0.13447675188737257,0.0,0.0,0.0,0.0,0.0,18473,global,0.0
1,5,lr1e-05_bs8_drop0p4_temp1p0_a0p25_b0p05__wd1e-04trmiss0_degmodglobal,8,1e-05,0.0001,0.4,1.0,0.25,0.05,lr1e-05_bs8_drop0p4_temp1p0_a0p25_b0p05__wd1e-04trmiss0_degmodglobal,25,0.6279193673815046,0.6261755526065826,0.8333333333333334,0.941919191919192,0.6923076923076923,0.0,0.6371208855084011,0.608085002217974,0.05590514253292765,0.11716132185288838,0.0,0.0,0.0,0.0,0.0,18473,global,0.0
1,5,lr1e-05_bs8_drop0p4_temp1p0_a0p25_b0p05__wd1e-04trmiss0_degmodglobal,8,1e-05,0.0001,0.4,1.0,0.25,0.05,lr1e-05_bs8_drop0p4_temp1p0_a0p25_b0p05__wd1e-04trmiss0_degmodglobal,26,0.6425792149135044,0.6237977743148804,0.8333333333333334,0.941919191919192,0.6923076923076923,0.0,0.6551390630858285,0.6202889255114964,0.060087770223617554,0.14536668732762337,0.0,0.0,0.0,0.0,0.0,18473,global,0.0
1,5,lr1e-05_bs8_drop0p4_temp1p0_a0p25_b0p05__wd1e-04trmiss0_degmodglobal,8,1e-05,0.0001,0.4,1.0,0.25,0.05,lr1e-05_bs8_drop0p4_temp1p0_a0p25_b0p05__wd1e-04trmiss0_degmodglobal,27,0.6316078305244446,0.6223441064357758,0.8333333333333334,0.941919191919192,0.7692307692307693,0.0,0.6425728627613613,0.6094111374446324,0.060766156762838364,0.14010334174547875,0.0,0.0,0.0,0.0,0.0,18473,global,0.0
1,5,lr1e-05_bs8_drop0p4_temp1p0_a0p25_b0p05__wd1e-04trmiss0_degmodglobal,8,1e-05,0.0001,0.4,1.0,0.25,0.05,lr1e-05_bs8_drop0p4_temp1p0_a0p25_b0p05__wd1e-04trmiss0_degmodglobal,28,0.6239934137889317,0.6246151030063629,0.8333333333333334,0.941919191919192,0.7692307692307693,0.0,0.6440178837094989,0.6042545863560268,0.05254548415541649,0.13204952435834066,0.0,0.0,0.0,0.0,0.0,18473,global,0.0
1,5,lr1e-05_bs8_drop0p4_temp1p0_a0p25_b0p05__wd1e-04trmiss0_degmodglobal,8,1e-05,0.0001,0.4,1.0,0.25,0.05,lr1e-05_bs8_drop0p4_temp1p0_a0p25_b0p05__wd1e-04trmiss0_degmodglobal,29,0.6153355070522853,0.6242059767246246,0.8333333333333334,0.941919191919192,0.7692307692307693,0.0,0.6466711929866246,0.5933124848774501,0.05575910024344921,0.16166489464896067,0.0,0.0,0.0,0.0,0.0,18473,global,0.0
1,5,lr1e-05_bs8_drop0p4_temp1p0_a0p25_b0p05__wd1e-04trmiss0_degmodglobal,8,1e-05,0.0001,0.4,1.0,0.25,0.05,lr1e-05_bs8_drop0p4_temp1p0_a0p25_b0p05__wd1e-04trmiss0_degmodglobal,30,0.6049896138054984,0.6234932839870453,0.8333333333333334,0.941919191919192,0.6923076923076923,0.0,0.6249920470373971,0.5849975943565369,0.05322722239153726,0.13370446834181035,0.0,0.0,0.0,0.0,0.0,18473,global,0.0
1,5,lr1e-05_bs8_drop0p4_temp1p0_a0p25_b0p05__wd1e-04trmiss0_degmodglobal,8,1e-05,0.0001,0.4,1.0,0.25,0.05,lr1e-05_bs8_drop0p4_temp1p0_a0p25_b0p05__wd1e-04trmiss0_degmodglobal,31,0.6178730726242065,0.624775767326355,0.8333333333333334,0.941919191919192,0.6923076923076923,0.0,0.6513628363609314,0.594139541898455,0.06369233796639102,0.15620930918625422,0.0,0.0,0.0,0.0,0.0,18473,global,0.0
1,5,lr1e-05_bs8_drop0p4_temp1p0_a0p25_b0p05__wd1e-04trmiss0_degmodglobal,8,1e-05,0.0001,0.4,1.0,0.25,0.05,lr1e-05_bs8_drop0p4_temp1p0_a0p25_b0p05__wd1e-04trmiss0_degmodglobal,32,0.612934444631849,0.6261578798294067,0.8333333333333334,0.941919191919192,0.8461538461538461,0.0,0.6431662270001003,0.5924179298537118,0.05239967576095036,0.14833165811640875,0.0,0.0,0.0,0.0,0.0,18473,global,0.0
1,5,lr1e-05_bs8_drop0p4_temp1p0_a0p25_b0p05__wd1e-04trmiss0_degmodglobal,8,1e-05,0.0001,0.4,1.0,0.25,0.05,lr1e-05_bs8_drop0p4_temp1p0_a0p25_b0p05__wd1e-04trmiss0_degmodglobal,33,0.6102174009595599,0.6252476274967194,0.8333333333333334,0.941919191919192,0.8461538461538461,0.0,0.6640500852039882,0.5871956178120205,0.05731585196086338,0.17385638771312578,0.0,0.0,0.0,0.0,0.0,18473,global,0.0
1,5,lr1e-05_bs8_drop0p4_temp1p0_a0p25_b0p05__wd1e-04trmiss0_degmodglobal,8,1e-05,0.0001,0.4,1.0,0.25,0.05,lr1e-05_bs8_drop0p4_temp1p0_a0p25_b0p05__wd1e-04trmiss0_degmodglobal,34,0.5965601035526821,0.6215741336345673,0.8333333333333334,0.941919191919192,0.7692307692307693,0.0,0.6142118573188782,0.578685828617641,0.05264674127101898,0.09425191687686103,0.0,0.0,0.0,0.0,0.0,18473,global,0.0
1,5,lr1e-05_bs8_drop0p4_temp1p0_a0p25_b0p05__wd1e-04trmiss0_degmodglobal,8,1e-05,0.0001,0.4,1.0,0.25,0.05,lr1e-05_bs8_drop0p4_temp1p0_a0p25_b0p05__wd1e-04trmiss0_degmodglobal,35,0.5915450538907733,0.6252523362636566,0.8333333333333334,0.941919191919192,0.6923076923076923,0.0,0.6261247651917594,0.5671932739870889,0.06582131449665342,0.15792898195130484,0.0,0.0,0.0,0.0,0.0,18473,global,0.0
1,5,lr1e-05_bs8_drop0p4_temp1p0_a0p25_b0p05__wd1e-04trmiss0_degmodglobal,8,1e-05,0.0001,0.4,1.0,0.25,0.05,lr1e-05_bs8_drop0p4_temp1p0_a0p25_b0p05__wd1e-04trmiss0_degmodglobal,36,0.6358452609607151,0.6244921386241913,0.8333333333333334,0.941919191919192,0.7692307692307693,0.0,0.60975752558027,0.6133804491588047,0.056845739749925475,0.16506750349487578,0.0,0.0,0.0,0.0,0.0,18473,global,0.0
1,5,lr1e-05_bs8_drop0p4_temp1p0_a0p25_b0p05__wd1e-04trmiss0_degmodglobal,8,1e-05,0.0001,0.4,1.0,0.25,0.05,lr1e-05_bs8_drop0p4_temp1p0_a0p25_b0p05__wd1e-04trmiss0_degmodglobal,37,0.6353608965873718,0.6280154883861542,0.8055555555555556,0.9280303030303032,0.7692307692307693,0.0,0.6429421305656433,0.6067332199641636,0.07683501445821353,0.18837840216500418,0.0,0.0,0.0,0.0,0.0,18473,global,0.0
1,5,lr1e-05_bs8_drop0p4_temp1p0_a0p25_b0p05__wd1e-04trmiss0_degmodglobal,8,1e-05,0.0001,0.4,1.0,0.25,0.05,lr1e-05_bs8_drop0p4_temp1p0_a0p25_b0p05__wd1e-04trmiss0_degmodglobal,38,0.6016151564461845,0.6251704394817352,0.8333333333333334,0.941919191919192,0.7692307692307693,0.0,0.6148138131414141,0.5819529294967651,0.056400476289646964,0.11124207930905479,0.0,0.0,0.0,0.0,0.0,18473,global,0.0
1,5,lr1e-05_bs8_drop0p4_temp1p0_a0p25_b0p05__wd1e-04trmiss0_degmodglobal,8,1e-05,0.0001,0.4,1.0,0.25,0.05,lr1e-05_bs8_drop0p4_temp1p0_a0p25_b0p05__wd1e-04trmiss0_degmodglobal,39,0.562676693711962,0.624281257390976,0.8333333333333334,0.941919191919192,0.6923076923076923,0.0,0.5937470027378627,0.5440066116196769,0.0506378569241081,0.1202119208340134,0.0,0.0,0.0,0.0,0.0,18473,global,0.0
1,5,lr1e-05_bs8_drop0p4_temp1p0_a0p25_b0p05__wd1e-04trmiss0_degmodglobal,8,1e-05,0.0001,0.4,1.0,0.25,0.05,lr1e-05_bs8_drop0p4_temp1p0_a0p25_b0p05__wd1e-04trmiss0_degmodglobal,40,0.6014247536659241,0.6240762770175934,0.8333333333333334,0.941919191919192,0.7692307692307693,0.0,0.631904831954411,0.5820310286113194,0.0556628443300724,0.1095604422901358,0.0,0.0,0.0,0.0,0.0,18473,global,0.0
1,5,lr1e-05_bs8_drop0p4_temp1p0_a0p25_b0p05__wd1e-04trmiss0_degmodglobal,8,1e-05,0.0001,0.4,1.0,0.25,0.05,lr1e-05_bs8_drop0p4_temp1p0_a0p25_b0p05__wd1e-04trmiss0_degmodglobal,41,0.6234942504337856,0.6238130331039429,0.8333333333333334,0.941919191919192,0.7692307692307693,0.0,0.6121396507535662,0.6048422030040196,0.05261369102767536,0.10997248919946807,0.0,0.0,0.0,0.0,0.0,18473,global,0.0
1,5,lr1e-05_bs8_drop0p4_temp1p0_a0p25_b0p05__wd1e-04trmiss0_degmodglobal,8,1e-05,0.0001,0.4,1.0,0.25,0.05,lr1e-05_bs8_drop0p4_temp1p0_a0p25_b0p05__wd1e-04trmiss0_degmodglobal,42,0.599183942590441,0.6236235499382019,0.8055555555555556,0.9280303030303032,0.7692307692307693,0.0,0.617770859173366,0.5780079449926104,0.05800272497747626,0.1335062182375363,0.0,0.0,0.0,0.0,0.0,18473,global,0.0
1,5,lr1e-05_bs8_drop0p4_temp1p0_a0p25_b0p05__wd1e-04trmiss0_degmodglobal,8,1e-05,0.0001,0.4,1.0,0.25,0.05,lr1e-05_bs8_drop0p4_temp1p0_a0p25_b0p05__wd1e-04trmiss0_degmodglobal,43,0.5881023406982422,0.6245145797729492,0.8333333333333334,0.941919191919192,0.7692307692307693,0.0,0.6078013437134879,0.5735776850155422,0.041292749611394744,0.08402948986206736,0.0,0.0,0.0,0.0,0.0,18473,global,0.0
1,5,lr1e-05_bs8_drop0p4_temp1p0_a0p25_b0p05__wd1e-04trmiss0_degmodglobal,8,1e-05,0.0001,0.4,1.0,0.25,0.05,lr1e-05_bs8_drop0p4_temp1p0_a0p25_b0p05__wd1e-04trmiss0_degmodglobal,44,0.5872272253036499,0.6231604218482971,0.8055555555555556,0.9280303030303032,0.7692307692307693,0.0,0.6133479475975037,0.5693077828202929,0.05010562070778438,0.10786075011960097,0.0,0.0,0.0,0.0,0.0,18473,global,0.0
1,5,lr1e-05_bs8_drop0p4_temp1p0_a0p25_b0p05__wd1e-04trmiss0_degmodglobal,8,1e-05,0.0001,0.4,1.0,0.25,0.05,lr1e-05_bs8_drop0p4_temp1p0_a0p25_b0p05__wd1e-04trmiss0_degmodglobal,45,0.6230977858815875,0.6250132620334625,0.8333333333333334,0.941919191919192,0.7692307692307693,0.0,0.6310314025197711,0.6063200490815299,0.04430808499455452,0.11401410187993731,0.0,0.0,0.0,0.0,0.0,18473,global,0.0
1,5,lr1e-05_bs8_drop0p4_temp1p0_a0p25_b0p05__wd1e-04trmiss0_degmodglobal,8,1e-05,0.0001,0.4,1.0,0.25,0.05,lr1e-05_bs8_drop0p4_temp1p0_a0p25_b0p05__wd1e-04trmiss0_degmodglobal,46,0.6096202645983014,0.6226177513599396,0.8333333333333334,0.941919191919192,0.7692307692307693,0.0,0.6139449902943203,0.587932825088501,0.05707430626664843,0.14837729877659253,0.0,0.0,0.0,0.0,0.0,18473,global,0.0
1,5,lr1e-05_bs8_drop0p4_temp1p0_a0p25_b0p05__wd1e-04trmiss0_degmodglobal,8,1e-05,0.0001,0.4,1.0,0.25,0.05,lr1e-05_bs8_drop0p4_temp1p0_a0p25_b0p05__wd1e-04trmiss0_degmodglobal,47,0.6194595439093453,0.6233706772327423,0.8055555555555556,0.9280303030303032,0.7692307692307693,0.0,0.594103353364127,0.5932016542979649,0.06840972442712102,0.18310959956475667,0.0,0.0,0.0,0.0,0.0,18473,global,0.0
1,5,lr1e-05_bs8_drop0p4_temp1p0_a0p25_b0p05__wd1e-04trmiss0_degmodglobal,8,1e-05,0.0001,0.4,1.0,0.25,0.05,lr1e-05_bs8_drop0p4_temp1p0_a0p25_b0p05__wd1e-04trmiss0_degmodglobal,48,0.5874441862106323,0.6274640560150146,0.8055555555555556,0.9280303030303032,0.7692307692307693,0.0,0.6420618210520063,0.5623038709163666,0.059362421078341346,0.20599418452807836,0.0,0.0,0.0,0.0,0.0,18473,global,0.0
1,5,lr1e-05_bs8_drop0p4_temp1p0_a0p25_b0p05__wd1e-04trmiss0_degmodglobal,8,1e-05,0.0001,0.4,1.0,0.25,0.05,lr1e-05_bs8_drop0p4_temp1p0_a0p25_b0p05__wd1e-04trmiss0_degmodglobal,49,0.6221103412764413,0.6198557019233704,0.8055555555555556,0.9280303030303032,0.6923076923076923,0.0,0.6213625924927848,0.5992579545293536,0.06289497177515711,0.1425729106579508,0.0,0.0,0.0,0.0,0.0,18473,global,0.0
1,5,lr1e-05_bs8_drop0p4_temp1p0_a0p25_b0p05__wd1e-04trmiss0_degmodglobal,8,1e-05,0.0001,0.4,1.0,0.25,0.05,lr1e-05_bs8_drop0p4_temp1p0_a0p25_b0p05__wd1e-04trmiss0_degmodglobal,50,0.570678676877703,0.6196546852588654,0.8055555555555556,0.9280303030303032,0.7692307692307693,0.0,0.6067853995731899,0.5473670661449432,0.06215387157031468,0.15546310267278127,0.0,0.0,0.0,0.0,0.0,18473,global,0.0
1,5,lr1e-05_bs8_drop0p4_temp1p0_a0p25_b0p05__wd1e-04trmiss0_degmodglobal,8,1e-05,0.0001,0.4,1.0,0.25,0.05,lr1e-05_bs8_drop0p4_temp1p0_a0p25_b0p05__wd1e-04trmiss0_degmodglobal,51,0.5929374609674726,0.6179097890853882,0.8055555555555556,0.9280303030303032,0.7692307692307693,0.0,0.6136278510093689,0.5722938690866742,0.05736846902540752,0.12602953346712248,0.0,0.0,0.0,0.0,0.0,18473,global,0.0
1,5,lr1e-05_bs8_drop0p4_temp1p0_a0p25_b0p05__wd1e-04trmiss0_degmodglobal,8,1e-05,0.0001,0.4,1.0,0.25,0.05,lr1e-05_bs8_drop0p4_temp1p0_a0p25_b0p05__wd1e-04trmiss0_degmodglobal,52,0.576274859053748,0.6168045401573181,0.8055555555555556,0.9280303030303032,0.6923076923076923,0.0,0.6569494605064392,0.5508142709732056,0.06330442588244166,0.19268940814903804,0.0,0.0,0.0,0.0,0.0,18473,global,0.0
1,5,lr1e-05_bs8_drop0p4_temp1p0_a0p25_b0p05__wd1e-04trmiss0_degmodglobal,8,1e-05,0.0001,0.4,1.0,0.25,0.05,lr1e-05_bs8_drop0p4_temp1p0_a0p25_b0p05__wd1e-04trmiss0_degmodglobal,53,0.6054928047316415,0.6209543645381927,0.8055555555555556,0.9280303030303032,0.6923076923076923,0.0,0.6236857346126011,0.5806744524410793,0.06151984632015228,0.18876805688653672,0.0,0.0,0.0,0.0,0.0,18473,global,0.0
1,5,lr1e-05_bs8_drop0p4_temp1p0_a0p25_b0p05__wd1e-04trmiss0_degmodglobal,8,1e-05,0.0001,0.4,1.0,0.25,0.05,lr1e-05_bs8_drop0p4_temp1p0_a0p25_b0p05__wd1e-04trmiss0_degmodglobal,54,0.5972574268068586,0.6265574991703033,0.8055555555555556,0.9280303030303032,0.7692307692307693,0.0,0.6121866447584969,0.5789897867611477,0.05068884204540934,0.11190877854824066,0.0,0.0,0.0,0.0,0.0,18473,global,0.0
1,5,lr1e-05_bs8_drop0p4_temp2p0_a0p25_b0p05__wd1e-04trmiss0_degmodglobal,8,1e-05,0.0001,0.4,2.0,0.25,0.05,lr1e-05_bs8_drop0p4_temp2p0_a0p25_b0p05__wd1e-04trmiss0_degmodglobal,1,0.7041648285729545,0.6416670680046082,0.7777777777777777,0.9051858635191969,0.6153846153846154,0.0,0.6883838091577802,0.6807367290769305,0.05826242374522345,0.1772500148841313,0.0,0.0,0.0,0.0,0.0,18473,global,0.0
1,5,lr1e-05_bs8_drop0p4_temp2p0_a0p25_b0p05__wd1e-04trmiss0_degmodglobal,8,1e-05,0.0001,0.4,2.0,0.25,0.05,lr1e-05_bs8_drop0p4_temp2p0_a0p25_b0p05__wd1e-04trmiss0_degmodglobal,2,0.6847926463399615,0.6346567571163177,0.8055555555555556,0.9237043820377155,0.6153846153846154,0.0,0.6816185968262809,0.6612450650760106,0.05892394642744746,0.17633158820016043,0.0,0.0,0.0,0.0,0.0,18473,global,0.0
1,5,lr1e-05_bs8_drop0p4_temp2p0_a0p25_b0p05__wd1e-04trmiss0_degmodglobal,8,1e-05,0.0001,0.4,2.0,0.25,0.05,lr1e-05_bs8_drop0p4_temp2p0_a0p25_b0p05__wd1e-04trmiss0_degmodglobal,3,0.7238316365650722,0.6354085206985474,0.8055555555555556,0.9237043820377155,0.6153846153846154,0.0,0.6569022280829293,0.6949419379234314,0.0662266883466925,0.24666074450526917,0.0,0.0,0.0,0.0,0.0,18473,global,0.0
1,5,lr1e-05_bs8_drop0p4_temp2p0_a0p25_b0p05__wd1e-04trmiss0_degmodglobal,8,1e-05,0.0001,0.4,2.0,0.25,0.05,lr1e-05_bs8_drop0p4_temp2p0_a0p25_b0p05__wd1e-04trmiss0_degmodglobal,4,0.6843934995787484,0.6352785527706146,0.8055555555555556,0.9237043820377155,0.6153846153846154,0.0,0.6689239144325256,0.6605347224644252,0.06331125593611173,0.16061916095869883,0.0,0.0,0.0,0.0,0.0,18473,global,0.0
1,5,lr1e-05_bs8_drop0p4_temp2p0_a0p25_b0p05__wd1e-04trmiss0_degmodglobal,8,1e-05,0.0001,0.4,2.0,0.25,0.05,lr1e-05_bs8_drop0p4_temp2p0_a0p25_b0p05__wd1e-04trmiss0_degmodglobal,5,0.6653449705668858,0.6352575719356537,0.7777777777777777,0.9138278388278389,0.6153846153846154,0.0,0.6531070300510952,0.6426236033439636,0.06031262342418943,0.152863971889019,0.0,0.0,0.0,0.0,0.0,18473,global,0.0
1,5,lr1e-05_bs8_drop0p4_temp2p0_a0p25_b0p05__wd1e-04trmiss0_degmodglobal,8,1e-05,0.0001,0.4,2.0,0.25,0.05,lr1e-05_bs8_drop0p4_temp2p0_a0p25_b0p05__wd1e-04trmiss0_degmodglobal,6,0.6614315850394112,0.6376522481441498,0.75,0.9030253696920365,0.6153846153846154,0.0,0.6392701693943569,0.6375642929758344,0.05923395391021456,0.18117630801030568,0.0,0.0,0.0,0.0,0.0,18473,global,0.0
1,5,lr1e-05_bs8_drop0p4_temp2p0_a0p25_b0p05__wd1e-04trmiss0_degmodglobal,8,1e-05,0.0001,0.4,2.0,0.25,0.05,lr1e-05_bs8_drop0p4_temp2p0_a0p25_b0p05__wd1e-04trmiss0_degmodglobal,7,0.6565998537199838,0.6375106573104858,0.7222222222222222,0.8911206077872746,0.6153846153846154,0.0,0.6401532718113491,0.6339461973735264,0.06357373190777642,0.13520440964826516,0.0,0.0,0.0,0.0,0.0,18473,global,0.0
1,5,lr1e-05_bs8_drop0p4_temp2p0_a0p25_b0p05__wd1e-04trmiss0_degmodglobal,8,1e-05,0.0001,0.4,2.0,0.25,0.05,lr1e-05_bs8_drop0p4_temp2p0_a0p25_b0p05__wd1e-04trmiss0_degmodglobal,8,0.689051900591169,0.6348975598812103,0.7222222222222222,0.8911206077872746,0.6153846153846154,0.0,0.6618812935692924,0.6675485457692828,0.054822226986289024,0.15595633696232522,0.0,0.0,0.0,0.0,0.0,18473,global,0.0
1,5,lr1e-05_bs8_drop0p4_temp2p0_a0p25_b0p05__wd1e-04trmiss0_degmodglobal,8,1e-05,0.0001,0.4,2.0,0.25,0.05,lr1e-05_bs8_drop0p4_temp2p0_a0p25_b0p05__wd1e-04trmiss0_degmodglobal,9,0.6508472561836243,0.6324069499969482,0.7222222222222222,0.8911206077872746,0.6153846153846154,0.0,0.6364764315741402,0.622509947844914,0.07137426148567881,0.20987485349178314,0.0,0.0,0.0,0.0,0.0,18473,global,0.0
1,5,lr1e-05_bs8_drop0p4_temp2p0_a0p25_b0p05__wd1e-04trmiss0_degmodglobal,8,1e-05,0.0001,0.4,2.0,0.25,0.05,lr1e-05_bs8_drop0p4_temp2p0_a0p25_b0p05__wd1e-04trmiss0_degmodglobal,10,0.6600432566234044,0.6319036781787872,0.7777777777777777,0.9138278388278389,0.6153846153846154,0.0,0.6561563270432609,0.6452116966247559,0.03952318217073168,0.0990149879029819,0.0,0.0,0.0,0.0,0.0,18473,global,0.0
1,5,lr1e-05_bs8_drop0p4_temp2p0_a0p25_b0p05__wd1e-04trmiss0_degmodglobal,8,1e-05,0.0001,0.4,2.0,0.25,0.05,lr1e-05_bs8_drop0p4_temp2p0_a0p25_b0p05__wd1e-04trmiss0_degmodglobal,11,0.6504315052713666,0.6317186653614044,0.75,0.9030253696920365,0.6923076923076923,0.0,0.6280887808118548,0.6290455715996879,0.05460101206387792,0.15471352051411355,0.0,0.0,0.0,0.0,0.0,18473,global,0.0
1,5,lr1e-05_bs8_drop0p4_temp2p0_a0p25_b0p05__wd1e-04trmiss0_degmodglobal,8,1e-05,0.0001,0.4,2.0,0.25,0.05,lr1e-05_bs8_drop0p4_temp2p0_a0p25_b0p05__wd1e-04trmiss0_degmodglobal,12,0.6589529258864266,0.6280797719955444,0.6944444444444444,0.8954415954415955,0.6153846153846154,0.0,0.628844542162759,0.6368709887777056,0.05343099470649447,0.17448366859129497,0.0,0.0,0.0,0.0,0.0,18473,global,0.0
1,5,lr1e-05_bs8_drop0p4_temp2p0_a0p25_b0p05__wd1e-04trmiss0_degmodglobal,8,1e-05,0.0001,0.4,2.0,0.25,0.05,lr1e-05_bs8_drop0p4_temp2p0_a0p25_b0p05__wd1e-04trmiss0_degmodglobal,13,0.671494049685342,0.6263595521450043,0.7222222222222222,0.8949445616112284,0.6153846153846154,0.0,0.6126570190702166,0.6491190024784633,0.0576542392373085,0.1592295877635479,0.0,0.0,0.0,0.0,0.0,18473,global,0.0
1,5,lr1e-05_bs8_drop0p4_temp2p0_a0p25_b0p05__wd1e-04trmiss0_degmodglobal,8,1e-05,0.0001,0.4,2.0,0.25,0.05,lr1e-05_bs8_drop0p4_temp2p0_a0p25_b0p05__wd1e-04trmiss0_degmodglobal,14,0.6624376603535244,0.6240592300891876,0.75,0.9057470307470308,0.6153846153846154,0.0,0.6203863961356026,0.6396270224026271,0.05603596195578575,0.17603294072406633,0.0,0.0,0.0,0.0,0.0,18473,global,0.0
1,5,lr1e-05_bs8_drop0p4_temp2p0_a0p25_b0p05__wd1e-04trmiss0_degmodglobal,8,1e-05,0.0001,0.4,2.0,0.25,0.05,lr1e-05_bs8_drop0p4_temp2p0_a0p25_b0p05__wd1e-04trmiss0_degmodglobal,15,0.642867020198277,0.6243514120578766,0.7777777777777777,0.9138278388278389,0.6923076923076923,0.0,0.6006746717861721,0.6234806265149798,0.05141459059502397,0.13065520780427115,0.0,0.0,0.0,0.0,0.0,18473,global,0.0
1,5,lr1e-05_bs8_drop0p4_temp2p0_a0p25_b0p05__wd1e-04trmiss0_degmodglobal,8,1e-05,0.0001,0.4,2.0,0.25,0.05,lr1e-05_bs8_drop0p4_temp2p0_a0p25_b0p05__wd1e-04trmiss0_degmodglobal,16,0.6445174302373614,0.6245673894882202,0.7777777777777777,0.9138278388278389,0.7692307692307693,0.0,0.6030804174286979,0.617887590612684,0.06454728676804475,0.20986025141818182,0.0,0.0,0.0,0.0,0.0,18473,global,0.0
1,5,lr1e-05_bs8_drop0p4_temp2p0_a0p25_b0p05__wd1e-04trmiss0_degmodglobal,8,1e-05,0.0001,0.4,2.0,0.25,0.05,lr1e-05_bs8_drop0p4_temp2p0_a0p25_b0p05__wd1e-04trmiss0_degmodglobal,17,0.6043393611907959,0.6209620237350464,0.75,0.9030253696920365,0.6923076923076923,0.0,0.6095461504799979,0.5871514337403434,0.05063459223934582,0.09058565327099391,0.0,0.0,0.0,0.0,0.0,18473,global,0.0
1,5,lr1e-05_bs8_drop0p4_temp2p0_a0p25_b0p05__wd1e-04trmiss0_degmodglobal,8,1e-05,0.0001,0.4,2.0,0.25,0.05,lr1e-05_bs8_drop0p4_temp2p0_a0p25_b0p05__wd1e-04trmiss0_degmodglobal,18,0.5909924677440098,0.6179011762142181,0.7777777777777777,0.9138278388278389,0.7692307692307693,0.0,0.6079349177224296,0.5738408650670733,0.04644013542149748,0.11083109197872025,0.0,0.0,0.0,0.0,0.0,18473,global,0.0
1,5,lr1e-05_bs8_drop0p4_temp2p0_a0p25_b0p05__wd1e-04trmiss0_degmodglobal,8,1e-05,0.0001,0.4,2.0,0.25,0.05,lr1e-05_bs8_drop0p4_temp2p0_a0p25_b0p05__wd1e-04trmiss0_degmodglobal,19,0.6289426599230085,0.615526407957077,0.8055555555555556,0.9237043820377155,0.8461538461538461,0.0,0.630366427557809,0.611774206161499,0.04421423269169671,0.12229775770434312,0.0,0.0,0.0,0.0,0.0,18473,global,0.0
1,5,lr1e-05_bs8_drop0p4_temp2p0_a0p25_b0p05__wd1e-04trmiss0_degmodglobal,8,1e-05,0.0001,0.4,2.0,0.25,0.05,lr1e-05_bs8_drop0p4_temp2p0_a0p25_b0p05__wd1e-04trmiss0_degmodglobal,20,0.6256656987326485,0.613486260175705,0.8055555555555556,0.9237043820377155,0.8461538461538461,0.0,0.6085172891616821,0.6042606745447431,0.05215397370713098,0.16733062586614064,0.0,0.0,0.0,0.0,0.0,18473,global,0.0
1,5,lr1e-05_bs8_drop0p4_temp2p0_a0p25_b0p05__wd1e-04trmiss0_degmodglobal,8,1e-05,0.0001,0.4,2.0,0.25,0.05,lr1e-05_bs8_drop0p4_temp2p0_a0p25_b0p05__wd1e-04trmiss0_degmodglobal,21,0.6377558537891933,0.6196959614753723,0.7777777777777777,0.9138278388278389,0.7692307692307693,0.0,0.5989301715578351,0.616283791405814,0.04665699175425938,0.19615630166871206,0.0,0.0,0.0,0.0,0.0,18473,global,0.0
1,5,lr1e-05_bs8_drop0p4_temp2p0_a0p25_b0p05__wd1e-04trmiss0_degmodglobal,8,1e-05,0.0001,0.4,2.0,0.25,0.05,lr1e-05_bs8_drop0p4_temp2p0_a0p25_b0p05__wd1e-04trmiss0_degmodglobal,22,0.5938530479158673,0.6211390495300293,0.7777777777777777,0.9138278388278389,0.7692307692307693,0.0,0.5912589005061558,0.5744127886635917,0.0493982939847878,0.14181390990103995,0.0,0.0,0.0,0.0,0.0,18473,global,0.0
1,5,lr1e-05_bs8_drop0p4_temp2p0_a0p25_b0p05__wd1e-04trmiss0_degmodglobal,8,1e-05,0.0001,0.4,2.0,0.25,0.05,lr1e-05_bs8_drop0p4_temp2p0_a0p25_b0p05__wd1e-04trmiss0_degmodglobal,23,0.6198040757860456,0.6217796504497528,0.8055555555555556,0.9237043820377155,0.7692307692307693,0.0,0.6029811671801976,0.5973064814295087,0.05415460893086025,0.17917885099138534,0.0,0.0,0.0,0.0,0.0,18473,global,0.0
1,5,lr1e-05_bs8_drop0p4_temp2p0_a0p25_b0p05__wd1e-04trmiss0_degmodglobal,8,1e-05,0.0001,0.4,2.0,0.25,0.05,lr1e-05_bs8_drop0p4_temp2p0_a0p25_b0p05__wd1e-04trmiss0_degmodglobal,24,0.6151083537510463,0.6205773055553436,0.7777777777777777,0.9138278388278389,0.7692307692307693,0.0,0.6017717804227557,0.5929875033242362,0.05319749803415367,0.17642949162317173,0.0,0.0,0.0,0.0,0.0,18473,global,0.0
1,5,lr1e-05_bs8_drop0p4_temp2p0_a0p25_b0p05__wd1e-04trmiss0_degmodglobal,8,1e-05,0.0001,0.4,2.0,0.25,0.05,lr1e-05_bs8_drop0p4_temp2p0_a0p25_b0p05__wd1e-04trmiss0_degmodglobal,25,0.6151153530393328,0.6176268458366394,0.7777777777777777,0.9138278388278389,0.7692307692307693,0.0,0.5879284143447876,0.5999096802302769,0.037488874047994614,0.1166693749172347,0.0,0.0,0.0,0.0,0.0,18473,global,0.0
1,5,lr1e-05_bs8_drop0p4_temp2p0_a0p25_b0p05__wd1e-04trmiss0_degmodglobal,8,1e-05,0.0001,0.4,2.0,0.25,0.05,lr1e-05_bs8_drop0p4_temp2p0_a0p25_b0p05__wd1e-04trmiss0_degmodglobal,26,0.5898763622556414,0.6189641058444977,0.8055555555555556,0.9237043820377155,0.7692307692307693,0.0,0.6118229883057731,0.5697347266333443,0.05408879742026329,0.13238860560314997,0.0,0.0,0.0,0.0,0.0,18473,global,0.0
1,5,lr1e-05_bs8_drop0p4_temp2p0_a0p25_b0p05__wd1e-04trmiss0_degmodglobal,8,1e-05,0.0001,0.4,2.0,0.25,0.05,lr1e-05_bs8_drop0p4_temp2p0_a0p25_b0p05__wd1e-04trmiss0_degmodglobal,27,0.6081679207938058,0.6160646080970764,0.8055555555555556,0.9237043820377155,0.7692307692307693,0.0,0.5801366482462201,0.5907878194536481,0.05039931993399348,0.09560552026544299,0.0,0.0,0.0,0.0,0.0,18473,global,0.0
1,5,lr1e-05_bs8_drop0p4_temp2p0_a0p25_b0p05__wd1e-04trmiss0_degmodglobal,8,1e-05,0.0001,0.4,2.0,0.25,0.05,lr1e-05_bs8_drop0p4_temp2p0_a0p25_b0p05__wd1e-04trmiss0_degmodglobal,28,0.5922097308295113,0.614010363817215,0.8055555555555556,0.9237043820377155,0.6923076923076923,0.0,0.5853506411824908,0.567239122731345,0.0612107909151486,0.19335828508649552,0.0,0.0,0.0,0.0,0.0,18473,global,0.0
1,5,lr1e-05_bs8_drop0p4_temp2p0_a0p25_b0p05__wd1e-04trmiss0_degmodglobal,8,1e-05,0.0001,0.4,2.0,0.25,0.05,lr1e-05_bs8_drop0p4_temp2p0_a0p25_b0p05__wd1e-04trmiss0_degmodglobal,29,0.5820350817271641,0.6129878759384155,0.8055555555555556,0.9237043820377155,0.7692307692307693,0.0,0.6079901371683393,0.5558960267475673,0.06529596714036805,0.19630147836038045,0.0,0.0,0.0,0.0,0.0,18473,global,0.0
1,5,lr1e-05_bs8_drop0p4_temp2p0_a0p25_b0p05__wd1e-04trmiss0_degmodglobal,8,1e-05,0.0001,0.4,2.0,0.25,0.05,lr1e-05_bs8_drop0p4_temp2p0_a0p25_b0p05__wd1e-04trmiss0_degmodglobal,30,0.6129761678831918,0.6152034997940063,0.8055555555555556,0.9237043820377155,0.7692307692307693,0.0,0.5845590574400765,0.5901904446738107,0.06487204932740756,0.13135458369340217,0.0,0.0,0.0,0.0,0.0,18473,global,0.0
1,5,lr1e-05_bs8_drop0p4_temp2p0_a0p25_b0p05__wd1e-04trmiss0_degmodglobal,8,1e-05,0.0001,0.4,2.0,0.25,0.05,lr1e-05_bs8_drop0p4_temp2p0_a0p25_b0p05__wd1e-04trmiss0_degmodglobal,31,0.6089740991592407,0.6152393519878387,0.8055555555555556,0.9237043820377155,0.7692307692307693,0.0,0.5910278984478542,0.5869360821587699,0.05334027963025229,0.1740592122077942,0.0,0.0,0.0,0.0,0.0,18473,global,0.0
1,5,lr1e-05_bs8_drop0p4_temp2p0_a0p25_b0p05__wd1e-04trmiss0_degmodglobal,8,1e-05,0.0001,0.4,2.0,0.25,0.05,lr1e-05_bs8_drop0p4_temp2p0_a0p25_b0p05__wd1e-04trmiss0_degmodglobal,32,0.5844509942190987,0.6125457584857941,0.8055555555555556,0.9237043820377155,0.7692307692307693,0.0,0.5781248807907104,0.5637971588543483,0.05358796087758882,0.14513661712408066,0.0,0.0,0.0,0.0,0.0,18473,global,0.0
1,5,lr1e-05_bs8_drop0p4_temp2p0_a0p25_b0p05__wd1e-04trmiss0_degmodglobal,8,1e-05,0.0001,0.4,2.0,0.25,0.05,lr1e-05_bs8_drop0p4_temp2p0_a0p25_b0p05__wd1e-04trmiss0_degmodglobal,33,0.5677041241100856,0.6120792627334595,0.8055555555555556,0.9237043820377155,0.8461538461538461,0.0,0.5762970702988761,0.5414182841777802,0.07152251739587102,0.16810439314161027,0.0,0.0,0.0,0.0,0.0,18473,global,0.0
1,5,lr1e-05_bs8_drop0p4_temp2p0_a0p25_b0p05__wd1e-04trmiss0_degmodglobal,8,1e-05,0.0001,0.4,2.0,0.25,0.05,lr1e-05_bs8_drop0p4_temp2p0_a0p25_b0p05__wd1e-04trmiss0_degmodglobal,34,0.5545826554298401,0.6110378205776215,0.8055555555555556,0.9237043820377155,0.8461538461538461,0.0,0.5609626344272068,0.5303268092019218,0.06177735222237451,0.1762302060212408,0.0,0.0,0.0,0.0,0.0,18473,global,0.0
1,5,lr1e-05_bs8_drop0p4_temp2p0_a0p25_b0p05__wd1e-04trmiss0_degmodglobal,8,1e-05,0.0001,0.4,2.0,0.25,0.05,lr1e-05_bs8_drop0p4_temp2p0_a0p25_b0p05__wd1e-04trmiss0_degmodglobal,35,0.5922355396406991,0.6108784377574921,0.8055555555555556,0.9237043820377155,0.8461538461538461,0.0,0.5698404482432774,0.5720288242612567,0.048678510689309666,0.16074177197047643,0.0,0.0,0.0,0.0,0.0,18473,global,0.0
1,5,lr1e-05_bs8_drop0p4_temp2p0_a0p25_b0p05__wd1e-04trmiss0_degmodglobal,8,1e-05,0.0001,0.4,2.0,0.25,0.05,lr1e-05_bs8_drop0p4_temp2p0_a0p25_b0p05__wd1e-04trmiss0_degmodglobal,36,0.5803442852837699,0.6130624413490295,0.8055555555555556,0.9237043820377155,0.8461538461538461,0.0,0.5503048854214805,0.5504036460603986,0.07274399325251579,0.23509243290339196,0.0,0.0,0.0,0.0,0.0,18473,global,0.0
1,5,lr1e-05_bs8_drop0p4_temp2p0_a0p25_b0p05__wd1e-04trmiss0_degmodglobal,8,1e-05,0.0001,0.4,2.0,0.25,0.05,lr1e-05_bs8_drop0p4_temp2p0_a0p25_b0p05__wd1e-04trmiss0_degmodglobal,37,0.5760651188237327,0.6107194125652313,0.8055555555555556,0.9237043820377155,0.8461538461538461,0.0,0.5474315157958439,0.5477461772305625,0.07396295347384044,0.19656417944601604,0.0,0.0,0.0,0.0,0.0,18473,global,0.0
1,5,lr1e-05_bs8_drop0p4_temp2p0_a0p25_b0p05__wd1e-04trmiss0_degmodglobal,8,1e-05,0.0001,0.4,2.0,0.25,0.05,lr1e-05_bs8_drop0p4_temp2p0_a0p25_b0p05__wd1e-04trmiss0_degmodglobal,38,0.5875877227102008,0.6124840080738068,0.8055555555555556,0.9237043820377155,0.8461538461538461,0.0,0.5543371268681118,0.5667042221341815,0.05517043971589634,0.14181815194232122,0.0,0.0,0.0,0.0,0.0,18473,global,0.0
1,5,lr1e-05_bs8_drop0p4_temp2p0_a0p25_b0p05__wd1e-04trmiss0_degmodglobal,8,1e-05,0.0001,0.4,2.0,0.25,0.05,lr1e-05_bs8_drop0p4_temp2p0_a0p25_b0p05__wd1e-04trmiss0_degmodglobal,39,0.5717082917690277,0.6137937009334564,0.8055555555555556,0.9237043820377155,0.8461538461538461,0.0,0.5891773445265633,0.5532300983156476,0.05012210511735508,0.11895319699708905,0.0,0.0,0.0,0.0,0.0,18473,global,0.0
1,5,lr1e-05_bs8_drop0p4_temp2p0_a0p25_b0p05__wd1e-04trmiss0_degmodglobal,8,1e-05,0.0001,0.4,2.0,0.25,0.05,lr1e-05_bs8_drop0p4_temp2p0_a0p25_b0p05__wd1e-04trmiss0_degmodglobal,40,0.6008365750312805,0.6154071688652039,0.8055555555555556,0.9237043820377155,0.7692307692307693,0.0,0.6082023807934352,0.5824808308056423,0.046126563634191244,0.13648215255567006,0.0,0.0,0.0,0.0,0.0,18473,global,0.0
1,5,lr1e-05_bs8_drop0p4_temp2p0_a0p25_b0p05__wd1e-04trmiss0_degmodglobal,8,1e-05,0.0001,0.4,2.0,0.25,0.05,lr1e-05_bs8_drop0p4_temp2p0_a0p25_b0p05__wd1e-04trmiss0_degmodglobal,41,0.5983930315290179,0.617745965719223,0.8055555555555556,0.9237043820377155,0.7692307692307693,0.0,0.580499529838562,0.5666220017841884,0.0781914017030171,0.2444635203906468,0.0,0.0,0.0,0.0,0.0,18473,global,0.0
1,5,lr1e-05_bs8_drop0p4_temp2p0_a0p25_b0p05__wd1e-04trmiss0_degmodglobal,8,1e-05,0.0001,0.4,2.0,0.25,0.05,lr1e-05_bs8_drop0p4_temp2p0_a0p25_b0p05__wd1e-04trmiss0_degmodglobal,42,0.565871366432735,0.6152693927288055,0.8055555555555556,0.9237043820377155,0.8461538461538461,0.0,0.5616479175431388,0.539263550724302,0.0675365584237235,0.19447330172572816,0.0,0.0,0.0,0.0,0.0,18473,global,0.0
1,5,lr1e-05_bs8_drop0p4_temp2p0_a0p25_b0p05__wd1e-04trmiss0_degmodglobal,8,1e-05,0.0001,0.4,2.0,0.25,0.05,lr1e-05_bs8_drop0p4_temp2p0_a0p25_b0p05__wd1e-04trmiss0_degmodglobal,43,0.5656145853655679,0.613290011882782,0.8055555555555556,0.9237043820377155,0.8461538461538461,0.0,0.5694722362927028,0.5434925513608115,0.05874773859977722,0.14870157944304602,0.0,0.0,0.0,0.0,0.0,18473,global,0.0
1,5,lr1e-05_bs8_drop0p4_temp2p0_a0p25_b0p05__wd1e-04trmiss0_degmodglobal,8,1e-05,0.0001,0.4,2.0,0.25,0.05,lr1e-05_bs8_drop0p4_temp2p0_a0p25_b0p05__wd1e-04trmiss0_degmodglobal,44,0.5709382040160043,0.6113716661930084,0.8055555555555556,0.9237043820377155,0.8461538461538461,0.0,0.578978670494897,0.5472995298249381,0.055537338235548565,0.19508705820356095,0.0,0.0,0.0,0.0,0.0,18473,global,0.0
1,5,lr1e-05_bs8_drop0p4_temp2p0_a0p25_b0p05__wd1e-04trmiss0_degmodglobal,8,1e-05,0.0001,0.4,2.0,0.25,0.05,lr1e-05_bs8_drop0p4_temp2p0_a0p25_b0p05__wd1e-04trmiss0_degmodglobal,45,0.593667847769601,0.6092141270637512,0.8055555555555556,0.9237043820377155,0.8461538461538461,0.0,0.5644394925662449,0.5712284360613141,0.058534763753414154,0.1561146154999733,0.0,0.0,0.0,0.0,0.0,18473,global,0.0
1,5,lr1e-05_bs8_drop0p4_temp2p0_a0p25_b0p05__wd1e-04trmiss0_degmodglobal,8,1e-05,0.0001,0.4,2.0,0.25,0.05,lr1e-05_bs8_drop0p4_temp2p0_a0p25_b0p05__wd1e-04trmiss0_degmodglobal,46,0.5999641844204494,0.6086705327033997,0.8055555555555556,0.9237043820377155,0.8461538461538461,0.0,0.5598183529717582,0.5803335223879132,0.05066901232515063,0.1392680864248957,0.0,0.0,0.0,0.0,0.0,18473,global,0.0
1,5,lr1e-05_bs8_drop0p4_temp2p0_a0p25_b0p05__wd1e-04trmiss0_degmodglobal,8,1e-05,0.0001,0.4,2.0,0.25,0.05,lr1e-05_bs8_drop0p4_temp2p0_a0p25_b0p05__wd1e-04trmiss0_degmodglobal,47,0.570462167263031,0.6111103594303131,0.8055555555555556,0.9237043820377155,0.8461538461538461,0.0,0.5567827480179923,0.5515965563910348,0.052394931869847436,0.11533749316419874,0.0,0.0,0.0,0.0,0.0,18473,global,0.0
1,5,lr1e-05_bs8_drop0p4_temp2p0_a0p25_b0p05__wd1e-04trmiss0_degmodglobal,8,1e-05,0.0001,0.4,2.0,0.25,0.05,lr1e-05_bs8_drop0p4_temp2p0_a0p25_b0p05__wd1e-04trmiss0_degmodglobal,48,0.5718770708356585,0.6099566221237183,0.8055555555555556,0.9237043820377155,0.8461538461538461,0.0,0.5365734696388245,0.5450208101953778,0.06652013212442398,0.20452446384089334,0.0,0.0,0.0,0.0,0.0,18473,global,0.0
1,5,lr1e-05_bs8_drop0p4_temp2p0_a0p25_b0p05__wd1e-04trmiss0_degmodglobal,8,1e-05,0.0001,0.4,2.0,0.25,0.05,lr1e-05_bs8_drop0p4_temp2p0_a0p25_b0p05__wd1e-04trmiss0_degmodglobal,49,0.5695940213544028,0.6094984412193298,0.8055555555555556,0.9237043820377155,0.8461538461538461,0.0,0.5322229734488896,0.5478850901126862,0.0603175333568028,0.13259092079741613,0.0,0.0,0.0,0.0,0.0,18473,global,0.0
1,5,lr1e-05_bs8_drop0p4_temp2p0_a0p25_b0p05__wd1e-04trmiss0_degmodglobal,8,1e-05,0.0001,0.4,2.0,0.25,0.05,lr1e-05_bs8_drop0p4_temp2p0_a0p25_b0p05__wd1e-04trmiss0_degmodglobal,50,0.5513876506260463,0.6110802888870239,0.8055555555555556,0.9237043820377155,0.8461538461538461,0.0,0.5303135812282562,0.5171002319880894,0.08168693206139974,0.277313905102866,0.0,0.0,0.0,0.0,0.0,18473,global,0.0
1,5,lr1e-05_bs8_drop0p4_temp2p0_a0p25_b0p05__wd1e-04trmiss0_degmodglobal,8,1e-05,0.0001,0.4,2.0,0.25,0.05,lr1e-05_bs8_drop0p4_temp2p0_a0p25_b0p05__wd1e-04trmiss0_degmodglobal,51,0.5431953626019614,0.6104501485824585,0.8055555555555556,0.9237043820377155,0.8461538461538461,0.0,0.5464059582778386,0.5238025060721806,0.05247762692826135,0.12546903054629052,0.0,0.0,0.0,0.0,0.0,18473,global,0.0
1,5,lr1e-05_bs8_drop0p4_temp2p0_a0p25_b0p05__wd1e-04trmiss0_degmodglobal,8,1e-05,0.0001,0.4,2.0,0.25,0.05,lr1e-05_bs8_drop0p4_temp2p0_a0p25_b0p05__wd1e-04trmiss0_degmodglobal,52,0.5548425487109593,0.6096311509609222,0.8055555555555556,0.9237043820377155,0.8461538461538461,0.0,0.5437661239079067,0.5326412916183472,0.06049091688224247,0.14157063301120484,0.0,0.0,0.0,0.0,0.0,18473,global,0.0
1,5,lr1e-05_bs8_drop0p4_temp2p0_a0p25_b0p05__wd1e-04trmiss0_degmodglobal,8,1e-05,0.0001,0.4,2.0,0.25,0.05,lr1e-05_bs8_drop0p4_temp2p0_a0p25_b0p05__wd1e-04trmiss0_degmodglobal,53,0.5577123420579093,0.6087014973163605,0.8055555555555556,0.9237043820377155,0.8461538461538461,0.0,0.5514642511095319,0.5357363224029541,0.05649112564112459,0.157064611358302,0.0,0.0,0.0,0.0,0.0,18473,global,0.0
1,5,lr1e-05_bs8_drop0p4_temp2p0_a0p25_b0p05__wd1e-04trmiss0_degmodglobal,8,1e-05,0.0001,0.4,2.0,0.25,0.05,lr1e-05_bs8_drop0p4_temp2p0_a0p25_b0p05__wd1e-04trmiss0_degmodglobal,54,0.5831674933433533,0.6107765734195709,0.8055555555555556,0.9237043820377155,0.8461538461538461,0.0,0.5476991959980556,0.5612001419067383,0.05805463130984988,0.14907392753022058,0.0,0.0,0.0,0.0,0.0,18473,global,0.0
1,5,lr1e-05_bs8_drop0p4_temp2p0_a0p25_b0p05__wd1e-04trmiss0_degmodglobal,8,1e-05,0.0001,0.4,2.0,0.25,0.05,lr1e-05_bs8_drop0p4_temp2p0_a0p25_b0p05__wd1e-04trmiss0_degmodglobal,55,0.5655022859573364,0.6114992797374725,0.8055555555555556,0.9237043820377155,0.8461538461538461,0.0,0.531868291752679,0.5377750609602246,0.07515051907726697,0.1787920067352908,0.0,0.0,0.0,0.0,0.0,18473,global,0.0
1,5,lr1e-05_bs8_drop0p4_temp2p0_a0p25_b0p05__wd1e-04trmiss0_degmodglobal,8,1e-05,0.0001,0.4,2.0,0.25,0.05,lr1e-05_bs8_drop0p4_temp2p0_a0p25_b0p05__wd1e-04trmiss0_degmodglobal,56,0.5936666003295353,0.6082255244255066,0.8055555555555556,0.9237043820377155,0.8461538461538461,0.0,0.5801983603409359,0.5708575674465725,0.05879402479955128,0.16221045330166817,0.0,0.0,0.0,0.0,0.0,18473,global,0.0
1,5,lr1e-05_bs8_drop0p4_temp2p0_a0p25_b0p05__wd1e-04trmiss0_degmodglobal,8,1e-05,0.0001,0.4,2.0,0.25,0.05,lr1e-05_bs8_drop0p4_temp2p0_a0p25_b0p05__wd1e-04trmiss0_degmodglobal,57,0.5675415056092399,0.6090739667415619,0.8055555555555556,0.9237043820377155,0.8461538461538461,0.0,0.5445472427776882,0.5411947199276516,0.06549836322665215,0.1994436521615301,0.0,0.0,0.0,0.0,0.0,18473,global,0.0
1,5,lr1e-05_bs8_drop0p4_temp2p0_a0p25_b0p05__wd1e-04trmiss0_degmodglobal,8,1e-05,0.0001,0.4,2.0,0.25,0.05,lr1e-05_bs8_drop0p4_temp2p0_a0p25_b0p05__wd1e-04trmiss0_degmodglobal,58,0.5777031438691276,0.6114259660243988,0.8055555555555556,0.9237043820377155,0.8461538461538461,0.0,0.5374462604522705,0.54762949688094,0.08134701688374792,0.19473796071750776,0.0,0.0,0.0,0.0,0.0,18473,global,0.0
1,5,lr1e-05_bs8_drop0p4_temp2p0_a0p25_b0p05__wd1e-04trmiss0_degmodglobal,8,1e-05,0.0001,0.4,2.0,0.25,0.05,lr1e-05_bs8_drop0p4_temp2p0_a0p25_b0p05__wd1e-04trmiss0_degmodglobal,59,0.5587477173124041,0.6087477803230286,0.8055555555555556,0.9237043820377155,0.8461538461538461,0.0,0.5430924466678074,0.5369920602866581,0.06004183313676289,0.1349041536450386,0.0,0.0,0.0,0.0,0.0,18473,global,0.0
1,5,lr1e-05_bs8_drop0p4_temp2p0_a0p25_b0p05__wd1e-04trmiss0_degmodglobal,8,1e-05,0.0001,0.4,2.0,0.25,0.05,lr1e-05_bs8_drop0p4_temp2p0_a0p25_b0p05__wd1e-04trmiss0_degmodglobal,60,0.5575385051114219,0.6086157560348511,0.8055555555555556,0.9237043820377155,0.8461538461538461,0.0,0.5220383959157127,0.5375097479139056,0.056203258889062066,0.11955876648426056,0.0,0.0,0.0,0.0,0.0,18473,global,0.0
1,5,lr1e-05_bs8_drop0p4_temp2p0_a0p25_b0p05__wd1e-04trmiss0_degmodglobal,8,1e-05,0.0001,0.4,2.0,0.25,0.05,lr1e-05_bs8_drop0p4_temp2p0_a0p25_b0p05__wd1e-04trmiss0_degmodglobal,61,0.5588208309241703,0.607045441865921,0.8055555555555556,0.9237043820377155,0.8461538461538461,0.0,0.5117416254111699,0.5332040318420955,0.06569936924747058,0.18383916041680745,0.0,0.0,0.0,0.0,0.0,18473,global,0.0
1,5,lr1e-05_bs8_drop0p4_temp2p0_a0p25_b0p05__wd1e-04trmiss0_degmodglobal,8,1e-05,0.0001,0.4,2.0,0.25,0.05,lr1e-05_bs8_drop0p4_temp2p0_a0p25_b0p05__wd1e-04trmiss0_degmodglobal,62,0.5733968785830906,0.6072811782360077,0.8055555555555556,0.9237043820377155,0.8461538461538461,0.0,0.5401896749223981,0.5511658063956669,0.055874822927372794,0.1652472141597952,0.0,0.0,0.0,0.0,0.0,18473,global,0.0
1,5,lr1e-05_bs8_drop0p4_temp2p0_a0p25_b0p05__wd1e-04trmiss0_degmodglobal,8,1e-05,0.0001,0.4,2.0,0.25,0.05,lr1e-05_bs8_drop0p4_temp2p0_a0p25_b0p05__wd1e-04trmiss0_degmodglobal,63,0.5604503835950579,0.6096237301826477,0.8055555555555556,0.9237043820377155,0.8461538461538461,0.0,0.5216961375304631,0.5397919416427612,0.05312867356198175,0.1475254020520619,0.0,0.0,0.0,0.0,0.0,18473,global,0.0
1,5,lr1e-05_bs8_drop0p4_temp2p0_a0p25_b0p05__wd1e-04trmiss0_degmodglobal,8,1e-05,0.0001,0.4,2.0,0.25,0.05,lr1e-05_bs8_drop0p4_temp2p0_a0p25_b0p05__wd1e-04trmiss0_degmodglobal,64,0.598230378968375,0.6059329807758331,0.8055555555555556,0.9237043820377155,0.8461538461538461,0.0,0.5448322125843593,0.5707590069089618,0.06819592948470797,0.2084480364407812,0.0,0.0,0.0,0.0,0.0,18473,global,0.0
1,5,lr1e-05_bs8_drop0p4_temp2p0_a0p25_b0p05__wd1e-04trmiss0_degmodglobal,8,1e-05,0.0001,0.4,2.0,0.25,0.05,lr1e-05_bs8_drop0p4_temp2p0_a0p25_b0p05__wd1e-04trmiss0_degmodglobal,65,0.5584425926208496,0.6082495450973511,0.8055555555555556,0.9237043820377155,0.8461538461538461,0.0,0.5452554907117572,0.5317013093403408,0.07394971858177866,0.16507704981735774,0.0,0.0,0.0,0.0,0.0,18473,global,0.0
1,5,lr1e-05_bs8_drop0p4_temp2p0_a0p25_b0p05__wd1e-04trmiss0_degmodglobal,8,1e-05,0.0001,0.4,2.0,0.25,0.05,lr1e-05_bs8_drop0p4_temp2p0_a0p25_b0p05__wd1e-04trmiss0_degmodglobal,66,0.5677987507411412,0.6090463101863861,0.8055555555555556,0.9237043820377155,0.8461538461538461,0.0,0.557278288262231,0.5434495849268777,0.06145582614200456,0.17970395620380128,0.0,0.0,0.0,0.0,0.0,18473,global,0.0
1,5,lr1e-05_bs8_drop0p4_temp2p0_a0p25_b0p05__wd1e-04trmiss0_degmodglobal,8,1e-05,0.0001,0.4,2.0,0.25,0.05,lr1e-05_bs8_drop0p4_temp2p0_a0p25_b0p05__wd1e-04trmiss0_degmodglobal,67,0.5618059124265399,0.6072477698326111,0.8055555555555556,0.9237043820377155,0.8461538461538461,0.0,0.5413392313889095,0.5350852949278695,0.07564295242939677,0.1561975356723581,0.0,0.0,0.0,0.0,0.0,18473,global,0.0
1,5,lr1e-05_bs8_drop0p4_temp2p0_a0p25_b0p05__wd1e-04trmiss0_degmodglobal,8,1e-05,0.0001,0.4,2.0,0.25,0.05,lr1e-05_bs8_drop0p4_temp2p0_a0p25_b0p05__wd1e-04trmiss0_degmodglobal,68,0.5808607041835785,0.6072154641151428,0.8055555555555556,0.9237043820377155,0.8461538461538461,0.0,0.5336213197026934,0.5491340586117336,0.0778223994587149,0.24542093489851272,0.0,0.0,0.0,0.0,0.0,18473,global,0.0
1,5,lr1e-05_bs8_drop0p4_temp2p0_a0p25_b0p05__wd1e-04trmiss0_degmodglobal,8,1e-05,0.0001,0.4,2.0,0.25,0.05,lr1e-05_bs8_drop0p4_temp2p0_a0p25_b0p05__wd1e-04trmiss0_degmodglobal,69,0.5670972807066781,0.6081533133983612,0.8055555555555556,0.9237043820377155,0.8461538461538461,0.0,0.5152531521660941,0.541783332824707,0.0654700616640704,0.17892873606511525,0.0,0.0,0.0,0.0,0.0,18473,global,0.0
1,5,lr1e-05_bs8_drop0p4_temp2p0_a0p25_b0p05__wd1e-04trmiss0_degmodglobal,8,1e-05,0.0001,0.4,2.0,0.25,0.05,lr1e-05_bs8_drop0p4_temp2p0_a0p25_b0p05__wd1e-04trmiss0_degmodglobal,70,0.5627173781394958,0.6124825477600098,0.8055555555555556,0.9237043820377155,0.8461538461538461,0.0,0.5117393604346684,0.5416533095496041,0.05901905042784555,0.12618613562413625,0.0,0.0,0.0,0.0,0.0,18473,global,0.0
1,5,lr1e-05_bs8_drop0p4_temp2p0_a0p25_b0p05__wd1e-04trmiss0_degmodglobal,8,1e-05,0.0001,0.4,2.0,0.25,0.05,lr1e-05_bs8_drop0p4_temp2p0_a0p25_b0p05__wd1e-04trmiss0_degmodglobal,71,0.561604516846793,0.6111061275005341,0.8055555555555556,0.9237043820377155,0.8461538461538461,0.0,0.5139207712241581,0.5424367955752781,0.05097367348415511,0.12848595423357828,0.0,0.0,0.0,0.0,0.0,18473,global,0.0
1,5,lr1e-05_bs8_drop0p4_temp2p0_a0p25_b0p05__wd1e-04trmiss0_degmodglobal,8,1e-05,0.0001,0.4,2.0,0.25,0.05,lr1e-05_bs8_drop0p4_temp2p0_a0p25_b0p05__wd1e-04trmiss0_degmodglobal,72,0.5554271255220685,0.6121294796466827,0.8055555555555556,0.9237043820377155,0.8461538461538461,0.0,0.5277178883552551,0.5322486502783639,0.05765306257775852,0.17530415207147598,0.0,0.0,0.0,0.0,0.0,18473,global,0.0
1,5,lr1e-05_bs8_drop0p4_temp2p0_a0p25_b0p05__wd1e-04trmiss0_degmodglobal,8,1e-05,0.0001,0.4,2.0,0.25,0.05,lr1e-05_bs8_drop0p4_temp2p0_a0p25_b0p05__wd1e-04trmiss0_degmodglobal,73,0.5660795910017831,0.6084528565406799,0.8055555555555556,0.9237043820377155,0.8461538461538461,0.0,0.5091359402452197,0.5462583516325269,0.05760275945067406,0.10841095979724612,0.0,0.0,0.0,0.0,0.0,18473,global,0.0
1,5,lr1e-05_bs8_drop0p4_temp2p0_a0p25_b0p05__wd1e-04trmiss0_degmodglobal,8,1e-05,0.0001,0.4,2.0,0.25,0.05,lr1e-05_bs8_drop0p4_temp2p0_a0p25_b0p05__wd1e-04trmiss0_degmodglobal,74,0.5902421985353742,0.6086218059062958,0.8055555555555556,0.9237043820377155,0.8461538461538461,0.0,0.5462244493620736,0.559674688747951,0.07605425481285367,0.23107919096946716,0.0,0.0,0.0,0.0,0.0,18473,global,0.0
1,5,lr1e-05_bs8_drop0p4_temp2p0_a0p25_b0p05__wd1e-04trmiss0_degmodglobal,8,1e-05,0.0001,0.4,2.0,0.25,0.05,lr1e-05_bs8_drop0p4_temp2p0_a0p25_b0p05__wd1e-04trmiss0_degmodglobal,75,0.5654977772917066,0.609686940908432,0.8055555555555556,0.9237043820377155,0.8461538461538461,0.0,0.5188063383102417,0.5435363778046199,0.05504573668752398,0.1639994861824172,0.0,0.0,0.0,0.0,0.0,18473,global,0.0
1,5,lr1e-05_bs8_drop0p4_temp2p0_a0p25_b0p05__wd1e-04trmiss0_degmodglobal,8,1e-05,0.0001,0.4,2.0,0.25,0.05,lr1e-05_bs8_drop0p4_temp2p0_a0p25_b0p05__wd1e-04trmiss0_degmodglobal,76,0.5642094016075134,0.607806533575058,0.8055555555555556,0.9237043820377155,0.8461538461538461,0.0,0.5442549458571843,0.5424023824078696,0.0566771642438003,0.15275491241897857,0.0,0.0,0.0,0.0,0.0,18473,global,0.0
1,5,lr1e-05_bs8_drop0p4_temp2p0_a0p25_b0p05__wd1e-04trmiss0_degmodglobal,8,1e-05,0.0001,0.4,2.0,0.25,0.05,lr1e-05_bs8_drop0p4_temp2p0_a0p25_b0p05__wd1e-04trmiss0_degmodglobal,77,0.5449939966201782,0.610476016998291,0.8055555555555556,0.9237043820377155,0.8461538461538461,0.0,0.5256042991365705,0.5231656304427555,0.054569934627839496,0.16371787658759526,0.0,0.0,0.0,0.0,0.0,18473,global,0.0
1,5,lr1e-05_bs8_drop0p4_temp2p0_a0p25_b0p05__wd1e-04trmiss0_degmodglobal,8,1e-05,0.0001,0.4,2.0,0.25,0.05,lr1e-05_bs8_drop0p4_temp2p0_a0p25_b0p05__wd1e-04trmiss0_degmodglobal,78,0.5679480859211513,0.6058886647224426,0.8055555555555556,0.9237043820377155,0.7692307692307693,0.0,0.5378204882144928,0.5426193944045475,0.06854889275772232,0.16382940858602524,0.0,0.0,0.0,0.0,0.0,18473,global,0.0
1,5,lr1e-05_bs8_drop0p4_temp2p0_a0p25_b0p05__wd1e-04trmiss0_degmodglobal,8,1e-05,0.0001,0.4,2.0,0.25,0.05,lr1e-05_bs8_drop0p4_temp2p0_a0p25_b0p05__wd1e-04trmiss0_degmodglobal,79,0.5977183835847037,0.6081804633140564,0.8055555555555556,0.9237043820377155,0.8461538461538461,0.0,0.4924727593149458,0.5721025466918945,0.061436591403824944,0.20513344875403813,0.0,0.0,0.0,0.0,0.0,18473,global,0.0
1,5,lr1e-05_bs8_drop0p4_temp2p0_a0p25_b0p05__wd1e-04trmiss0_degmodglobal,8,1e-05,0.0001,0.4,2.0,0.25,0.05,lr1e-05_bs8_drop0p4_temp2p0_a0p25_b0p05__wd1e-04trmiss0_degmodglobal,80,0.5869003789765495,0.6077060401439667,0.8055555555555556,0.9237043820377155,0.8461538461538461,0.0,0.5318842487675803,0.5588943191937038,0.07591987081936427,0.18052210339478084,0.0,0.0,0.0,0.0,0.0,18473,global,0.0
1,5,lr1e-04_bs16_drop0p2_temp1p0_a0p25_b0p05__wd1e-04trmiss0_degmodglobal,16,0.0001,0.0001,0.2,1.0,0.25,0.05,lr1e-04_bs16_drop0p2_temp1p0_a0p25_b0p05__wd1e-04trmiss0_degmodglobal,1,0.7100322991609573,0.7161478400230408,0.16666666666666669,0.5583444333444334,0.38461538461538464,0.0,0.7018935978412628,0.6901648789644241,0.05488928593695164,0.1229020543396473,0.0,0.0,0.0,0.0,0.0,18473,global,0.0
1,5,lr1e-04_bs16_drop0p2_temp1p0_a0p25_b0p05__wd1e-04trmiss0_degmodglobal,16,0.0001,0.0001,0.2,1.0,0.25,0.05,lr1e-04_bs16_drop0p2_temp1p0_a0p25_b0p05__wd1e-04trmiss0_degmodglobal,2,0.6788601726293564,0.7061635851860046,0.16666666666666669,0.5583444333444334,0.6153846153846154,0.0,0.6496052592992783,0.6575282663106918,0.06112297624349594,0.12102320976555347,0.0,0.0,0.0,0.0,0.0,18473,global,0.0
1,5,lr1e-04_bs16_drop0p2_temp1p0_a0p25_b0p05__wd1e-04trmiss0_degmodglobal,16,0.0001,0.0001,0.2,1.0,0.25,0.05,lr1e-04_bs16_drop0p2_temp1p0_a0p25_b0p05__wd1e-04trmiss0_degmodglobal,3,0.6422300040721893,0.6964136362075806,0.2777777777777778,0.5950447700447701,0.5384615384615384,0.0,0.637296199798584,0.6264248043298721,0.04468225594609976,0.09269233420491219,0.0,0.0,0.0,0.0,0.0,18473,global,0.0
1,5,lr1e-04_bs16_drop0p2_temp1p0_a0p25_b0p05__wd1e-04trmiss0_degmodglobal,16,0.0001,0.0001,0.2,1.0,0.25,0.05,lr1e-04_bs16_drop0p2_temp1p0_a0p25_b0p05__wd1e-04trmiss0_degmodglobal,4,0.6435814648866653,0.687390148639679,0.3611111111111111,0.7207782957782958,0.5384615384615384,0.0,0.6165632456541061,0.6263042539358139,0.05333929602056742,0.07884778827428818,0.0,0.0,0.0,0.0,0.0,18473,global,0.0
1,5,lr1e-04_bs16_drop0p2_temp1p0_a0p25_b0p05__wd1e-04trmiss0_degmodglobal,16,0.0001,0.0001,0.2,1.0,0.25,0.05,lr1e-04_bs16_drop0p2_temp1p0_a0p25_b0p05__wd1e-04trmiss0_degmodglobal,5,0.6275053471326828,0.6898271441459656,0.41666666666666663,0.7652227402227403,0.38461538461538464,0.0,0.6115564405918121,0.6114854067564011,0.047512042336165905,0.08283873833715916,0.0,0.0,0.0,0.0,0.0,18473,global,0.0
1,5,lr1e-04_bs16_drop0p2_temp1p0_a0p25_b0p05__wd1e-04trmiss0_degmodglobal,16,0.0001,0.0001,0.2,1.0,0.25,0.05,lr1e-04_bs16_drop0p2_temp1p0_a0p25_b0p05__wd1e-04trmiss0_degmodglobal,6,0.617789164185524,0.6791933178901672,0.41666666666666663,0.7652227402227403,0.46153846153846156,0.0,0.6011944860219955,0.600395143032074,0.04868747387081385,0.10444274358451366,0.0,0.0,0.0,0.0,0.0,18473,global,0.0
1,5,lr1e-04_bs16_drop0p2_temp1p0_a0p25_b0p05__wd1e-04trmiss0_degmodglobal,16,0.0001,0.0001,0.2,1.0,0.25,0.05,lr1e-04_bs16_drop0p2_temp1p0_a0p25_b0p05__wd1e-04trmiss0_degmodglobal,7,0.6150839328765869,0.6755061745643616,0.41666666666666663,0.7652227402227403,0.46153846153846156,0.0,0.590699091553688,0.5954142659902573,0.060148078948259354,0.09265311062335968,0.0,0.0,0.0,0.0,0.0,18473,global,0.0
1,5,lr1e-04_bs16_drop0p2_temp1p0_a0p25_b0p05__wd1e-04trmiss0_degmodglobal,16,0.0001,0.0001,0.2,1.0,0.25,0.05,lr1e-04_bs16_drop0p2_temp1p0_a0p25_b0p05__wd1e-04trmiss0_degmodglobal,8,0.5919325947761536,0.6813825964927673,0.41666666666666663,0.7652227402227403,0.46153846153846156,0.0,0.5786246806383133,0.5727149993181229,0.055762833915650845,0.10553805343806744,0.0,0.0,0.0,0.0,0.0,18473,global,0.0
1,5,lr1e-04_bs16_drop0p2_temp1p0_a0p25_b0p05__wd1e-04trmiss0_degmodglobal,16,0.0001,0.0001,0.2,1.0,0.25,0.05,lr1e-04_bs16_drop0p2_temp1p0_a0p25_b0p05__wd1e-04trmiss0_degmodglobal,9,0.6117244511842728,0.6765041351318359,0.4444444444444444,0.7726301476301476,0.46153846153846156,0.0,0.5803865194320679,0.593046709895134,0.05548217985779047,0.0961436778306961,0.0,0.0,0.0,0.0,0.0,18473,global,0.0
1,5,lr1e-04_bs16_drop0p2_temp1p0_a0p25_b0p05__wd1e-04trmiss0_degmodglobal,16,0.0001,0.0001,0.2,1.0,0.25,0.05,lr1e-04_bs16_drop0p2_temp1p0_a0p25_b0p05__wd1e-04trmiss0_degmodglobal,10,0.5800183713436127,0.673017680644989,0.38888888888888884,0.7342703592703592,0.5384615384615384,0.0,0.5785012245178223,0.5656883120536804,0.046643540263175964,0.05338341509923339,0.0,0.0,0.0,0.0,0.0,18473,global,0.0
1,5,lr1e-04_bs16_drop0p2_temp1p0_a0p25_b0p05__wd1e-04trmiss0_degmodglobal,16,0.0001,0.0001,0.2,1.0,0.25,0.05,lr1e-04_bs16_drop0p2_temp1p0_a0p25_b0p05__wd1e-04trmiss0_degmodglobal,11,0.576724573969841,0.6770323514938354,0.41666666666666663,0.7620481370481371,0.5384615384615384,0.0,0.6162124276161194,0.55511175096035,0.061432067304849625,0.1250961795449257,0.0,0.0,0.0,0.0,0.0,18473,global,0.0
1,5,lr1e-04_bs16_drop0p2_temp1p0_a0p25_b0p05__wd1e-04trmiss0_degmodglobal,16,0.0001,0.0001,0.2,1.0,0.25,0.05,lr1e-04_bs16_drop0p2_temp1p0_a0p25_b0p05__wd1e-04trmiss0_degmodglobal,12,0.5732626467943192,0.6839665174484253,0.41666666666666663,0.7448523698523699,0.5384615384615384,0.0,0.584312692284584,0.5545997768640518,0.05853735003620386,0.08057069405913353,0.0,0.0,0.0,0.0,0.0,18473,global,0.0
1,5,lr1e-04_bs16_drop0p2_temp1p0_a0p25_b0p05__wd1e-04trmiss0_degmodglobal,16,0.0001,0.0001,0.2,1.0,0.25,0.05,lr1e-04_bs16_drop0p2_temp1p0_a0p25_b0p05__wd1e-04trmiss0_degmodglobal,13,0.5756918042898178,0.6826017498970032,0.38888888888888884,0.7342703592703592,0.5384615384615384,0.0,0.5618890672922134,0.5591488629579544,0.05512211564928293,0.055248589254915714,0.0,0.0,0.0,0.0,0.0,18473,global,0.0
1,5,lr1e-04_bs16_drop0p2_temp1p0_a0p25_b0p05__wd1e-04trmiss0_degmodglobal,16,0.0001,0.0001,0.2,1.0,0.25,0.05,lr1e-04_bs16_drop0p2_temp1p0_a0p25_b0p05__wd1e-04trmiss0_degmodglobal,14,0.5667323768138885,0.6780662536621094,0.41666666666666663,0.7620481370481371,0.5384615384615384,0.0,0.5727076828479767,0.5395865440368652,0.0786848422139883,0.14949290826916695,0.0,0.0,0.0,0.0,0.0,18473,global,0.0
1,5,lr1e-04_bs16_drop0p2_temp1p0_a0p25_b0p05__wd1e-04trmiss0_degmodglobal,16,0.0001,0.0001,0.2,1.0,0.25,0.05,lr1e-04_bs16_drop0p2_temp1p0_a0p25_b0p05__wd1e-04trmiss0_degmodglobal,15,0.561162143945694,0.6712750792503357,0.41666666666666663,0.7620481370481371,0.5384615384615384,0.0,0.5701678842306137,0.5419727116823196,0.0613842997699976,0.07686697412282228,0.0,0.0,0.0,0.0,0.0,18473,global,0.0
1,5,lr1e-04_bs16_drop0p2_temp1p0_a0p25_b0p05__wd1e-04trmiss0_degmodglobal,16,0.0001,0.0001,0.2,1.0,0.25,0.05,lr1e-04_bs16_drop0p2_temp1p0_a0p25_b0p05__wd1e-04trmiss0_degmodglobal,16,0.5531708300113678,0.67393958568573,0.41666666666666663,0.7620481370481371,0.5384615384615384,0.0,0.5695617198944092,0.5343534350395203,0.0522186690941453,0.11525467224419117,0.0,0.0,0.0,0.0,0.0,18473,global,0.0
1,5,lr1e-04_bs16_drop0p2_temp1p0_a0p25_b0p05__wd1e-04trmiss0_degmodglobal,16,0.0001,0.0001,0.2,1.0,0.25,0.05,lr1e-04_bs16_drop0p2_temp1p0_a0p25_b0p05__wd1e-04trmiss0_degmodglobal,17,0.545604944229126,0.675233006477356,0.41666666666666663,0.7620481370481371,0.5384615384615384,0.0,0.5656997412443161,0.5236235558986664,0.0639047296717763,0.1201045848429203,0.0,0.0,0.0,0.0,0.0,18473,global,0.0
1,5,lr1e-04_bs16_drop0p2_temp1p0_a0p25_b0p05__wd1e-04trmiss0_degmodglobal,16,0.0001,0.0001,0.2,1.0,0.25,0.05,lr1e-04_bs16_drop0p2_temp1p0_a0p25_b0p05__wd1e-04trmiss0_degmodglobal,18,0.5550270676612854,0.6752743124961853,0.4444444444444444,0.7691188441188441,0.5384615384615384,0.0,0.5506751537322998,0.5370493233203888,0.05452330969274044,0.0869381045922637,0.0,0.0,0.0,0.0,0.0,18473,global,0.0
1,5,lr1e-04_bs16_drop0p2_temp1p0_a0p25_b0p05__wd1e-04trmiss0_degmodglobal,16,0.0001,0.0001,0.2,1.0,0.25,0.05,lr1e-04_bs16_drop0p2_temp1p0_a0p25_b0p05__wd1e-04trmiss0_degmodglobal,19,0.532781295478344,0.6699929237365723,0.4722222222222222,0.7758528508528508,0.6153846153846154,0.0,0.5451772063970566,0.5133202224969864,0.06010106299072504,0.0887162908911705,0.0,0.0,0.0,0.0,0.0,18473,global,0.0
1,5,lr1e-04_bs16_drop0p2_temp1p0_a0p25_b0p05__wd1e-04trmiss0_degmodglobal,16,0.0001,0.0001,0.2,1.0,0.25,0.05,lr1e-04_bs16_drop0p2_temp1p0_a0p25_b0p05__wd1e-04trmiss0_degmodglobal,20,0.5326821655035019,0.6708592772483826,0.4722222222222222,0.7758528508528508,0.6153846153846154,0.0,0.5562916696071625,0.5114193856716156,0.06105900648981333,0.11996082589030266,0.0,0.0,0.0,0.0,0.0,18473,global,0.0
1,5,lr1e-04_bs16_drop0p2_temp1p0_a0p25_b0p05__wd1e-04trmiss0_degmodglobal,16,0.0001,0.0001,0.2,1.0,0.25,0.05,lr1e-04_bs16_drop0p2_temp1p0_a0p25_b0p05__wd1e-04trmiss0_degmodglobal,21,0.5394046753644943,0.6703900694847107,0.4722222222222222,0.7758528508528508,0.6153846153846154,0.0,0.5642765611410141,0.5220141112804413,0.05481161270290613,0.07375347707420588,0.0,0.0,0.0,0.0,0.0,18473,global,0.0
1,5,lr1e-04_bs16_drop0p2_temp1p0_a0p25_b0p05__wd1e-04trmiss0_degmodglobal,16,0.0001,0.0001,0.2,1.0,0.25,0.05,lr1e-04_bs16_drop0p2_temp1p0_a0p25_b0p05__wd1e-04trmiss0_degmodglobal,22,0.5249976515769958,0.670684278011322,0.5,0.7864348614348615,0.6153846153846154,0.0,0.5235919281840324,0.5093439593911171,0.053229362703859806,0.04692680202424526,0.0,0.0,0.0,0.0,0.0,18473,global,0.0
1,5,lr1e-04_bs16_drop0p2_temp1p0_a0p25_b0p05__wd1e-04trmiss0_degmodglobal,16,0.0001,0.0001,0.2,1.0,0.25,0.05,lr1e-04_bs16_drop0p2_temp1p0_a0p25_b0p05__wd1e-04trmiss0_degmodglobal,23,0.5232972577214241,0.6774815917015076,0.5,0.7685777185777187,0.6153846153846154,0.0,0.5129112750291824,0.5040989443659782,0.06286546401679516,0.06963854841887951,0.0,0.0,0.0,0.0,0.0,18473,global,0.0
1,5,lr1e-04_bs16_drop0p2_temp1p0_a0p25_b0p05__wd1e-04trmiss0_degmodglobal,16,0.0001,0.0001,0.2,1.0,0.25,0.05,lr1e-04_bs16_drop0p2_temp1p0_a0p25_b0p05__wd1e-04trmiss0_degmodglobal,24,0.5743805319070816,0.6813721060752869,0.5277777777777778,0.7963554963554964,0.5384615384615384,0.0,0.5770318657159805,0.5559938251972198,0.05829311814159155,0.07626844150945544,0.0,0.0,0.0,0.0,0.0,18473,global,0.0
1,5,lr1e-04_bs16_drop0p2_temp1p0_a0p25_b0p05__wd1e-04trmiss0_degmodglobal,16,0.0001,0.0001,0.2,1.0,0.25,0.05,lr1e-04_bs16_drop0p2_temp1p0_a0p25_b0p05__wd1e-04trmiss0_degmodglobal,25,0.5343868881464005,0.6796382069587708,0.4722222222222222,0.7758528508528508,0.46153846153846156,0.0,0.5352728068828583,0.5140886753797531,0.0634971521794796,0.08847874123603106,0.0,0.0,0.0,0.0,0.0,18473,global,0.0
1,5,lr1e-04_bs16_drop0p2_temp1p0_a0p25_b0p05__wd1e-04trmiss0_degmodglobal,16,0.0001,0.0001,0.2,1.0,0.25,0.05,lr1e-04_bs16_drop0p2_temp1p0_a0p25_b0p05__wd1e-04trmiss0_degmodglobal,26,0.5217902660369873,0.6721183061599731,0.5,0.7864348614348615,0.46153846153846156,0.0,0.5379108861088753,0.4996591880917549,0.066697190515697,0.10913536697626114,0.0,0.0,0.0,0.0,0.0,18473,global,0.0
1,5,lr1e-04_bs16_drop0p2_temp1p0_a0p25_b0p05__wd1e-04trmiss0_degmodglobal,16,0.0001,0.0001,0.2,1.0,0.25,0.05,lr1e-04_bs16_drop0p2_temp1p0_a0p25_b0p05__wd1e-04trmiss0_degmodglobal,27,0.5234327390789986,0.6678842902183533,0.5,0.7864348614348615,0.5384615384615384,0.0,0.5147001519799232,0.49399928003549576,0.08792212139815092,0.14905890077352524,0.0,0.0,0.0,0.0,0.0,18473,global,0.0
1,5,lr1e-04_bs16_drop0p2_temp1p0_a0p25_b0p05__wd1e-04trmiss0_degmodglobal,16,0.0001,0.0001,0.2,1.0,0.25,0.05,lr1e-04_bs16_drop0p2_temp1p0_a0p25_b0p05__wd1e-04trmiss0_degmodglobal,28,0.5340283960103989,0.6653823852539062,0.5,0.7864348614348615,0.5384615384615384,0.0,0.5384550169110298,0.5130110085010529,0.06938782054930925,0.07340837456285954,0.0,0.0,0.0,0.0,0.0,18473,global,0.0
1,5,lr1e-04_bs16_drop0p2_temp1p0_a0p25_b0p05__wd1e-04trmiss0_degmodglobal,16,0.0001,0.0001,0.2,1.0,0.25,0.05,lr1e-04_bs16_drop0p2_temp1p0_a0p25_b0p05__wd1e-04trmiss0_degmodglobal,29,0.5168054103851318,0.6670703887939453,0.5,0.7864348614348615,0.5384615384615384,0.0,0.4921855628490448,0.4958237037062645,0.06805172841995955,0.0793756740167737,0.0,0.0,0.0,0.0,0.0,18473,global,0.0
1,5,lr1e-04_bs16_drop0p2_temp1p0_a0p25_b0p05__wd1e-04trmiss0_degmodglobal,16,0.0001,0.0001,0.2,1.0,0.25,0.05,lr1e-04_bs16_drop0p2_temp1p0_a0p25_b0p05__wd1e-04trmiss0_degmodglobal,30,0.528726764023304,0.671845555305481,0.5,0.7896214896214897,0.5384615384615384,0.0,0.530697226524353,0.5095754861831665,0.06336569879204035,0.06619732081890106,0.0,0.0,0.0,0.0,0.0,18473,global,0.0
1,5,lr1e-04_bs16_drop0p2_temp1p0_a0p25_b0p05__wd1e-04trmiss0_degmodglobal,16,0.0001,0.0001,0.2,1.0,0.25,0.05,lr1e-04_bs16_drop0p2_temp1p0_a0p25_b0p05__wd1e-04trmiss0_degmodglobal,31,0.5345828384160995,0.6705388426780701,0.5277777777777778,0.7963554963554964,0.5384615384615384,0.0,0.5253085345029831,0.5104236453771591,0.07313578203320503,0.11750486865639687,0.0,0.0,0.0,0.0,0.0,18473,global,0.0
1,5,lr1e-04_bs16_drop0p2_temp1p0_a0p25_b0p05__wd1e-04trmiss0_degmodglobal,16,0.0001,0.0001,0.2,1.0,0.25,0.05,lr1e-04_bs16_drop0p2_temp1p0_a0p25_b0p05__wd1e-04trmiss0_degmodglobal,32,0.4960324913263321,0.6681174039840698,0.5277777777777778,0.7963554963554964,0.5384615384615384,0.0,0.5088725909590721,0.47565899789333344,0.06754903215914965,0.06972497515380383,0.0,0.0,0.0,0.0,0.0,18473,global,0.0
1,5,lr1e-04_bs16_drop0p2_temp1p0_a0p25_b0p05__wd1e-04trmiss0_degmodglobal,16,0.0001,0.0001,0.2,1.0,0.25,0.05,lr1e-04_bs16_drop0p2_temp1p0_a0p25_b0p05__wd1e-04trmiss0_degmodglobal,33,0.5073270872235298,0.6625984907150269,0.5277777777777778,0.7963554963554964,0.5384615384615384,0.0,0.5242210254073143,0.48720740526914597,0.05827426165342331,0.11102201789617538,0.0,0.0,0.0,0.0,0.0,18473,global,0.0
1,5,lr1e-04_bs16_drop0p2_temp1p0_a0p25_b0p05__wd1e-04trmiss0_degmodglobal,16,0.0001,0.0001,0.2,1.0,0.25,0.05,lr1e-04_bs16_drop0p2_temp1p0_a0p25_b0p05__wd1e-04trmiss0_degmodglobal,34,0.48417798429727554,0.6550552248954773,0.5277777777777778,0.7963554963554964,0.46153846153846156,0.0,0.5150223225355148,0.4637497738003731,0.06335749942809343,0.09177683666348457,0.0,0.0,0.0,0.0,0.0,18473,global,0.0
1,5,lr1e-04_bs16_drop0p2_temp1p0_a0p25_b0p05__wd1e-04trmiss0_degmodglobal,16,0.0001,0.0001,0.2,1.0,0.25,0.05,lr1e-04_bs16_drop0p2_temp1p0_a0p25_b0p05__wd1e-04trmiss0_degmodglobal,35,0.5066089853644371,0.6477919816970825,0.5277777777777778,0.7963554963554964,0.5384615384615384,0.0,0.490991473197937,0.48431800305843353,0.0746505968272686,0.0725665669888258,0.0,0.0,0.0,0.0,0.0,18473,global,0.0
1,5,lr1e-04_bs16_drop0p2_temp1p0_a0p25_b0p05__wd1e-04trmiss0_degmodglobal,16,0.0001,0.0001,0.2,1.0,0.25,0.05,lr1e-04_bs16_drop0p2_temp1p0_a0p25_b0p05__wd1e-04trmiss0_degmodglobal,36,0.5150135830044746,0.6549236178398132,0.5277777777777778,0.7963554963554964,0.46153846153846156,0.0,0.5236691758036613,0.4945627301931381,0.06310394685715437,0.09349721111357212,0.0,0.0,0.0,0.0,0.0,18473,global,0.0
1,5,lr1e-04_bs16_drop0p2_temp1p0_a0p25_b0p05__wd1e-04trmiss0_degmodglobal,16,0.0001,0.0001,0.2,1.0,0.25,0.05,lr1e-04_bs16_drop0p2_temp1p0_a0p25_b0p05__wd1e-04trmiss0_degmodglobal,37,0.4967529773712158,0.6601336598396301,0.5277777777777778,0.7963554963554964,0.5384615384615384,0.0,0.4979494735598564,0.4731026962399483,0.07985394913703203,0.07373570464551449,0.0,0.0,0.0,0.0,0.0,18473,global,0.0
1,5,lr1e-04_bs16_drop0p2_temp1p0_a0p25_b0p05__wd1e-04trmiss0_degmodglobal,16,0.0001,0.0001,0.2,1.0,0.25,0.05,lr1e-04_bs16_drop0p2_temp1p0_a0p25_b0p05__wd1e-04trmiss0_degmodglobal,38,0.5497397407889366,0.6571440100669861,0.5277777777777778,0.7963554963554964,0.5384615384615384,0.0,0.5715759992599487,0.5325091928243637,0.05434135999530554,0.07290398608893156,0.0,0.0,0.0,0.0,0.0,18473,global,0.0
1,5,lr1e-04_bs16_drop0p2_temp1p0_a0p25_b0p05__wd1e-04trmiss0_degmodglobal,16,0.0001,0.0001,0.2,1.0,0.25,0.05,lr1e-04_bs16_drop0p2_temp1p0_a0p25_b0p05__wd1e-04trmiss0_degmodglobal,39,0.49458426237106323,0.6629644632339478,0.5277777777777778,0.7963554963554964,0.46153846153846156,0.0,0.49384140968322754,0.4683924466371536,0.08103498071432114,0.11866158433258533,0.0,0.0,0.0,0.0,0.0,18473,global,0.0
1,5,lr1e-04_bs16_drop0p2_temp1p0_a0p25_b0p05__wd1e-04trmiss0_degmodglobal,16,0.0001,0.0001,0.2,1.0,0.25,0.05,lr1e-04_bs16_drop0p2_temp1p0_a0p25_b0p05__wd1e-04trmiss0_degmodglobal,40,0.5103084072470665,0.6612979173660278,0.5277777777777778,0.7963554963554964,0.46153846153846156,0.0,0.48616261035203934,0.4862499460577965,0.07576881814748049,0.10232483223080635,0.0,0.0,0.0,0.0,0.0,18473,global,0.0
1,5,lr1e-04_bs16_drop0p2_temp1p0_a0p25_b0p05__wd1e-04trmiss0_degmodglobal,16,0.0001,0.0001,0.2,1.0,0.25,0.05,lr1e-04_bs16_drop0p2_temp1p0_a0p25_b0p05__wd1e-04trmiss0_degmodglobal,41,0.5058248564600945,0.6597086191177368,0.5277777777777778,0.7963554963554964,0.46153846153846156,0.0,0.5198116600513458,0.4802504777908325,0.08008304610848427,0.11107265017926693,0.0,0.0,0.0,0.0,0.0,18473,global,0.0
1,5,lr1e-04_bs16_drop0p2_temp1p0_a0p25_b0p05__wd1e-04trmiss0_degmodglobal,16,0.0001,0.0001,0.2,1.0,0.25,0.05,lr1e-04_bs16_drop0p2_temp1p0_a0p25_b0p05__wd1e-04trmiss0_degmodglobal,42,0.5004061758518219,0.6612086892127991,0.5277777777777778,0.7963554963554964,0.46153846153846156,0.0,0.49770618230104446,0.4813719168305397,0.06388530228286982,0.06125835934653878,0.0,0.0,0.0,0.0,0.0,18473,global,0.0
1,5,lr1e-04_bs16_drop0p2_temp1p0_a0p25_b0p05__wd1e-04trmiss0_degmodglobal,16,0.0001,0.0001,0.2,1.0,0.25,0.05,lr1e-04_bs16_drop0p2_temp1p0_a0p25_b0p05__wd1e-04trmiss0_degmodglobal,43,0.48671021312475204,0.6599308848381042,0.5277777777777778,0.7963554963554964,0.46153846153846156,0.0,0.5048298239707947,0.46549244970083237,0.07005305588245392,0.07408984191715717,0.0,0.0,0.0,0.0,0.0,18473,global,0.0
1,5,lr1e-04_bs16_drop0p2_temp1p0_a0p25_b0p05__wd1e-04trmiss0_degmodglobal,16,0.0001,0.0001,0.2,1.0,0.25,0.05,lr1e-04_bs16_drop0p2_temp1p0_a0p25_b0p05__wd1e-04trmiss0_degmodglobal,44,0.49962683767080307,0.6589995622634888,0.5277777777777778,0.7963554963554964,0.46153846153846156,0.0,0.48376405239105225,0.4762277454137802,0.07086899317800999,0.11363683640956879,0.0,0.0,0.0,0.0,0.0,18473,global,0.0
1,5,lr1e-04_bs16_drop0p2_temp1p0_a0p25_b0p05__wd1e-04trmiss0_degmodglobal,16,0.0001,0.0001,0.2,1.0,0.25,0.05,lr1e-04_bs16_drop0p2_temp1p0_a0p25_b0p05__wd1e-04trmiss0_degmodglobal,45,0.5306099876761436,0.6561170816421509,0.5277777777777778,0.7963554963554964,0.46153846153846156,0.0,0.5002691373229027,0.5082614123821259,0.0731015745550394,0.08146348316222429,0.0,0.0,0.0,0.0,0.0,18473,global,0.0
1,5,lr1e-04_bs16_drop0p2_temp1p0_a0p25_b0p05__wd1e-04trmiss0_degmodglobal,16,0.0001,0.0001,0.2,1.0,0.25,0.05,lr1e-04_bs16_drop0p2_temp1p0_a0p25_b0p05__wd1e-04trmiss0_degmodglobal,46,0.5287846326828003,0.6611015796661377,0.5277777777777778,0.7963554963554964,0.46153846153846156,0.0,0.5293675810098648,0.5145496875047684,0.045648026280105114,0.05645848158746958,0.0,0.0,0.0,0.0,0.0,18473,global,0.0
1,5,lr1e-04_bs16_drop0p2_temp1p0_a0p25_b0p05__wd1e-04trmiss0_degmodglobal,16,0.0001,0.0001,0.2,1.0,0.25,0.05,lr1e-04_bs16_drop0p2_temp1p0_a0p25_b0p05__wd1e-04trmiss0_degmodglobal,47,0.5760567262768745,0.656040608882904,0.5277777777777778,0.7963554963554964,0.46153846153846156,0.0,0.5603806674480438,0.5565819889307022,0.05981526616960764,0.0904184514656663,0.0,0.0,0.0,0.0,0.0,18473,global,0.0
1,5,lr1e-04_bs16_drop0p2_temp1p0_a0p25_b0p05__wd1e-04trmiss0_degmodglobal,16,0.0001,0.0001,0.2,1.0,0.25,0.05,lr1e-04_bs16_drop0p2_temp1p0_a0p25_b0p05__wd1e-04trmiss0_degmodglobal,48,0.5002093315124512,0.6573557257652283,0.5277777777777778,0.7963554963554964,0.46153846153846156,0.0,0.4877054914832115,0.479086771607399,0.06691766623407602,0.08786245435476303,0.0,0.0,0.0,0.0,0.0,18473,global,0.0
1,5,lr1e-04_bs16_drop0p2_temp1p0_a0p25_b0p05__wd1e-04trmiss0_degmodglobal,16,0.0001,0.0001,0.2,1.0,0.25,0.05,lr1e-04_bs16_drop0p2_temp1p0_a0p25_b0p05__wd1e-04trmiss0_degmodglobal,49,0.47845064103603363,0.6622981429100037,0.5277777777777778,0.7963554963554964,0.46153846153846156,0.0,0.4837699308991432,0.45936155319213867,0.0588352857157588,0.08760549500584602,0.0,0.0,0.0,0.0,0.0,18473,global,0.0
1,5,lr1e-04_bs16_drop0p2_temp1p0_a0p25_b0p05__wd1e-04trmiss0_degmodglobal,16,0.0001,0.0001,0.2,1.0,0.25,0.05,lr1e-04_bs16_drop0p2_temp1p0_a0p25_b0p05__wd1e-04trmiss0_degmodglobal,50,0.5296325087547302,0.6585219502449036,0.5277777777777778,0.7963554963554964,0.46153846153846156,0.0,0.5393985658884048,0.506012998521328,0.07437040656805038,0.10053830966353416,0.0,0.0,0.0,0.0,0.0,18473,global,0.0
1,5,lr1e-04_bs16_drop0p2_temp1p0_a0p25_b0p05__wd1e-04trmiss0_degmodglobal,16,0.0001,0.0001,0.2,1.0,0.25,0.05,lr1e-04_bs16_drop0p2_temp1p0_a0p25_b0p05__wd1e-04trmiss0_degmodglobal,51,0.4793923795223236,0.6617195010185242,0.5277777777777778,0.7963554963554964,0.46153846153846156,0.0,0.48436491936445236,0.4572971388697624,0.06966117769479752,0.09359902143478394,0.0,0.0,0.0,0.0,0.0,18473,global,0.0
1,5,lr1e-04_bs16_drop0p2_temp1p0_a0p25_b0p05__wd1e-04trmiss0_degmodglobal,16,0.0001,0.0001,0.2,1.0,0.25,0.05,lr1e-04_bs16_drop0p2_temp1p0_a0p25_b0p05__wd1e-04trmiss0_degmodglobal,52,0.49507106095552444,0.6655486226081848,0.5277777777777778,0.7963554963554964,0.46153846153846156,0.0,0.49135828018188477,0.4720684066414833,0.07332771271467209,0.09341451805084944,0.0,0.0,0.0,0.0,0.0,18473,global,0.0
1,5,lr1e-04_bs16_drop0p2_temp1p0_a0p25_b0p05__wd1e-04trmiss0_degmodglobal,16,0.0001,0.0001,0.2,1.0,0.25,0.05,lr1e-04_bs16_drop0p2_temp1p0_a0p25_b0p05__wd1e-04trmiss0_degmodglobal,53,0.5206878408789635,0.6664752960205078,0.5,0.7896214896214897,0.46153846153846156,0.0,0.4775586873292923,0.4952428638935089,0.08310204930603504,0.09338939562439919,0.0,0.0,0.0,0.0,0.0,18473,global,0.0
1,5,lr1e-04_bs16_drop0p2_temp1p0_a0p25_b0p05__wd1e-04trmiss0_degmodglobal,16,0.0001,0.0001,0.2,1.0,0.25,0.05,lr1e-04_bs16_drop0p2_temp1p0_a0p25_b0p05__wd1e-04trmiss0_degmodglobal,54,0.5053321123123169,0.666223406791687,0.5,0.7896214896214897,0.46153846153846156,0.0,0.4938680976629257,0.4854336902499199,0.06331988517194986,0.0813690721988678,0.0,0.0,0.0,0.0,0.0,18473,global,0.0
1,5,lr1e-04_bs16_drop0p2_temp1p0_a0p25_b0p05__wd1e-04trmiss0_degmodglobal,16,0.0001,0.0001,0.2,1.0,0.25,0.05,lr1e-04_bs16_drop0p2_temp1p0_a0p25_b0p05__wd1e-04trmiss0_degmodglobal,55,0.49599242955446243,0.6680567860603333,0.5,0.7896214896214897,0.46153846153846156,0.0,0.4493580535054207,0.47073642909526825,0.07988317124545574,0.10570409521460533,0.0,0.0,0.0,0.0,0.0,18473,global,0.0
1,5,lr1e-04_bs16_drop0p2_temp2p0_a0p25_b0p05__wd1e-04trmiss0_degmodglobal,16,0.0001,0.0001,0.2,2.0,0.25,0.05,lr1e-04_bs16_drop0p2_temp2p0_a0p25_b0p05__wd1e-04trmiss0_degmodglobal,1,0.7082799524068832,0.6863763332366943,0.5277777777777778,0.7064694564694565,0.5384615384615384,0.0,0.6861381381750107,0.6914506107568741,0.038437286391854286,0.14440055564045906,0.0,0.0,0.0,0.0,0.0,18473,global,0.0
1,5,lr1e-04_bs16_drop0p2_temp2p0_a0p25_b0p05__wd1e-04trmiss0_degmodglobal,16,0.0001,0.0001,0.2,2.0,0.25,0.05,lr1e-04_bs16_drop0p2_temp2p0_a0p25_b0p05__wd1e-04trmiss0_degmodglobal,2,0.6599539518356323,0.6830949783325195,0.5555555555555556,0.7196969696969697,0.5384615384615384,0.0,0.6630000919103622,0.6452990919351578,0.033846871461719275,0.12386265955865383,0.0,0.0,0.0,0.0,0.0,18473,global,0.0
1,5,lr1e-04_bs16_drop0p2_temp2p0_a0p25_b0p05__wd1e-04trmiss0_degmodglobal,16,0.0001,0.0001,0.2,2.0,0.25,0.05,lr1e-04_bs16_drop0p2_temp2p0_a0p25_b0p05__wd1e-04trmiss0_degmodglobal,3,0.6447469145059586,0.6814955472946167,0.5555555555555556,0.7688422688422689,0.6153846153846154,0.0,0.6586524397134781,0.6324917376041412,0.028806368354707956,0.10107176005840302,0.0,0.0,0.0,0.0,0.0,18473,global,0.0
1,5,lr1e-04_bs16_drop0p2_temp2p0_a0p25_b0p05__wd1e-04trmiss0_degmodglobal,16,0.0001,0.0001,0.2,2.0,0.25,0.05,lr1e-04_bs16_drop0p2_temp2p0_a0p25_b0p05__wd1e-04trmiss0_degmodglobal,4,0.6297975480556488,0.6801084876060486,0.5833333333333333,0.7774842441509109,0.6923076923076923,0.0,0.6278876215219498,0.6191291958093643,0.025064196437597275,0.08804611954838037,0.0,0.0,0.0,0.0,0.0,18473,global,0.0
1,5,lr1e-04_bs16_drop0p2_temp2p0_a0p25_b0p05__wd1e-04trmiss0_degmodglobal,16,0.0001,0.0001,0.2,2.0,0.25,0.05,lr1e-04_bs16_drop0p2_temp2p0_a0p25_b0p05__wd1e-04trmiss0_degmodglobal,5,0.6252613961696625,0.6772463917732239,0.5555555555555556,0.7707502374169042,0.6923076923076923,0.0,0.6260337829589844,0.6121209561824799,0.031665893737226725,0.10447924956679344,0.0,0.0,0.0,0.0,0.0,18473,global,0.0
1,5,lr1e-04_bs16_drop0p2_temp2p0_a0p25_b0p05__wd1e-04trmiss0_degmodglobal,16,0.0001,0.0001,0.2,2.0,0.25,0.05,lr1e-04_bs16_drop0p2_temp2p0_a0p25_b0p05__wd1e-04trmiss0_degmodglobal,6,0.6090596169233322,0.6698683500289917,0.5833333333333333,0.782654999321666,0.6923076923076923,0.0,0.6185230612754822,0.5960038006305695,0.03089995915070176,0.10661661811172962,0.0,0.0,0.0,0.0,0.0,18473,global,0.0
1,5,lr1e-04_bs16_drop0p2_temp2p0_a0p25_b0p05__wd1e-04trmiss0_degmodglobal,16,0.0001,0.0001,0.2,2.0,0.25,0.05,lr1e-04_bs16_drop0p2_temp2p0_a0p25_b0p05__wd1e-04trmiss0_degmodglobal,7,0.6147589236497879,0.6713863015174866,0.638888888888889,0.8304945054945057,0.6923076923076923,0.0,0.5982993692159653,0.6029825508594513,0.02952708164229989,0.08789232559502125,0.0,0.0,0.0,0.0,0.0,18473,global,0.0
1,5,lr1e-04_bs16_drop0p2_temp2p0_a0p25_b0p05__wd1e-04trmiss0_degmodglobal,16,0.0001,0.0001,0.2,2.0,0.25,0.05,lr1e-04_bs16_drop0p2_temp2p0_a0p25_b0p05__wd1e-04trmiss0_degmodglobal,8,0.6000440567731857,0.6708006858825684,0.638888888888889,0.8304945054945057,0.6923076923076923,0.0,0.563175156712532,0.5881673246622086,0.028808401431888342,0.09349245578050613,0.0,0.0,0.0,0.0,0.0,18473,global,0.0
1,5,lr1e-04_bs16_drop0p2_temp2p0_a0p25_b0p05__wd1e-04trmiss0_degmodglobal,16,0.0001,0.0001,0.2,2.0,0.25,0.05,lr1e-04_bs16_drop0p2_temp2p0_a0p25_b0p05__wd1e-04trmiss0_degmodglobal,9,0.5911339074373245,0.6694675087928772,0.6388888888888888,0.8001914751914752,0.6923076923076923,0.0,0.5692404061555862,0.5807314664125443,0.027085670735687017,0.07262051850557327,0.0,0.0,0.0,0.0,0.0,18473,global,0.0
1,5,lr1e-04_bs16_drop0p2_temp2p0_a0p25_b0p05__wd1e-04trmiss0_degmodglobal,16,0.0001,0.0001,0.2,2.0,0.25,0.05,lr1e-04_bs16_drop0p2_temp2p0_a0p25_b0p05__wd1e-04trmiss0_degmodglobal,10,0.5969819873571396,0.6723564863204956,0.6388888888888888,0.8001914751914752,0.6923076923076923,0.0,0.5792713016271591,0.5849942862987518,0.03169415472075343,0.0812830994836986,0.0,0.0,0.0,0.0,0.0,18473,global,0.0
1,5,lr1e-04_bs16_drop0p2_temp2p0_a0p25_b0p05__wd1e-04trmiss0_degmodglobal,16,0.0001,0.0001,0.2,2.0,0.25,0.05,lr1e-04_bs16_drop0p2_temp2p0_a0p25_b0p05__wd1e-04trmiss0_degmodglobal,11,0.5741742998361588,0.6679935455322266,0.5833333333333334,0.7945597612264279,0.6923076923076923,0.0,0.5685406029224396,0.5621272027492523,0.030824286863207817,0.08682075794786215,0.0,0.0,0.0,0.0,0.0,18473,global,0.0
1,5,lr1e-04_bs16_drop0p2_temp2p0_a0p25_b0p05__wd1e-04trmiss0_degmodglobal,16,0.0001,0.0001,0.2,2.0,0.25,0.05,lr1e-04_bs16_drop0p2_temp2p0_a0p25_b0p05__wd1e-04trmiss0_degmodglobal,12,0.6044970452785492,0.6575997471809387,0.611111111111111,0.8223375390042058,0.7692307692307693,0.0,0.5899634808301926,0.590069368481636,0.03659434616565704,0.10558181814849377,0.0,0.0,0.0,0.0,0.0,18473,global,0.0
1,5,lr1e-04_bs16_drop0p2_temp2p0_a0p25_b0p05__wd1e-04trmiss0_degmodglobal,16,0.0001,0.0001,0.2,2.0,0.25,0.05,lr1e-04_bs16_drop0p2_temp2p0_a0p25_b0p05__wd1e-04trmiss0_degmodglobal,13,0.5878094732761383,0.6510629653930664,0.6944444444444444,0.872602089268756,0.7692307692307693,0.0,0.5611913502216339,0.5769942253828049,0.02745348564349115,0.0790375154465437,0.0,0.0,0.0,0.0,0.0,18473,global,0.0
1,5,lr1e-04_bs16_drop0p2_temp2p0_a0p25_b0p05__wd1e-04trmiss0_degmodglobal,16,0.0001,0.0001,0.2,2.0,0.25,0.05,lr1e-04_bs16_drop0p2_temp2p0_a0p25_b0p05__wd1e-04trmiss0_degmodglobal,14,0.5944332331418991,0.652192234992981,0.6666666666666666,0.8593745760412428,0.7692307692307693,0.0,0.5328896194696426,0.5788269937038422,0.03653992200270295,0.12942531891167164,0.0,0.0,0.0,0.0,0.0,18473,global,0.0
1,5,lr1e-04_bs16_drop0p2_temp2p0_a0p25_b0p05__wd1e-04trmiss0_degmodglobal,16,0.0001,0.0001,0.2,2.0,0.25,0.05,lr1e-04_bs16_drop0p2_temp2p0_a0p25_b0p05__wd1e-04trmiss0_degmodglobal,15,0.5559542328119278,0.6502351760864258,0.6388888888888888,0.8157848324514991,0.7692307692307693,0.0,0.5248216316103935,0.5433256477117538,0.03387318388558924,0.08320582285523415,0.0,0.0,0.0,0.0,0.0,18473,global,0.0
1,5,lr1e-04_bs16_drop0p2_temp2p0_a0p25_b0p05__wd1e-04trmiss0_degmodglobal,16,0.0001,0.0001,0.2,2.0,0.25,0.05,lr1e-04_bs16_drop0p2_temp2p0_a0p25_b0p05__wd1e-04trmiss0_degmodglobal,16,0.5441108644008636,0.6466909050941467,0.6666666666666666,0.8233605900272567,0.7692307692307693,0.0,0.5267818793654442,0.529659204185009,0.033644464798271656,0.12081071734428406,0.0,0.0,0.0,0.0,0.0,18473,global,0.0
1,5,lr1e-04_bs16_drop0p2_temp2p0_a0p25_b0p05__wd1e-04trmiss0_degmodglobal,16,0.0001,0.0001,0.2,2.0,0.25,0.05,lr1e-04_bs16_drop0p2_temp2p0_a0p25_b0p05__wd1e-04trmiss0_degmodglobal,17,0.5775984972715378,0.6485750675201416,0.6666666666666666,0.8233605900272567,0.6923076923076923,0.0,0.5627854913473129,0.563481941819191,0.03480568644590676,0.10830285679548979,0.0,0.0,0.0,0.0,0.0,18473,global,0.0
1,5,lr1e-04_bs16_drop0p2_temp2p0_a0p25_b0p05__wd1e-04trmiss0_degmodglobal,16,0.0001,0.0001,0.2,2.0,0.25,0.05,lr1e-04_bs16_drop0p2_temp2p0_a0p25_b0p05__wd1e-04trmiss0_degmodglobal,18,0.5356935262680054,0.6470375061035156,0.6666666666666666,0.8363235529902198,0.7692307692307693,0.0,0.5148873403668404,0.5214625895023346,0.03583463840186596,0.1054457575082779,0.0,0.0,0.0,0.0,0.0,18473,global,0.0
1,5,lr1e-04_bs16_drop0p2_temp2p0_a0p25_b0p05__wd1e-04trmiss0_degmodglobal,16,0.0001,0.0001,0.2,2.0,0.25,0.05,lr1e-04_bs16_drop0p2_temp2p0_a0p25_b0p05__wd1e-04trmiss0_degmodglobal,19,0.5362239331007004,0.661250650882721,0.6666666666666666,0.8363235529902198,0.6923076923076923,0.0,0.5306758284568787,0.5268946290016174,0.025107431691139936,0.06104842759668827,0.0,0.0,0.0,0.0,0.0,18473,global,0.0
1,5,lr1e-04_bs16_drop0p2_temp2p0_a0p25_b0p05__wd1e-04trmiss0_degmodglobal,16,0.0001,0.0001,0.2,2.0,0.25,0.05,lr1e-04_bs16_drop0p2_temp2p0_a0p25_b0p05__wd1e-04trmiss0_degmodglobal,20,0.5478168725967407,0.6693850755691528,0.6388888888888888,0.8085457752124419,0.6923076923076923,0.0,0.50282271951437,0.5332597941160202,0.03438166156411171,0.1192332748323679,0.0,0.0,0.0,0.0,0.0,18473,global,0.0
1,5,lr1e-04_bs16_drop0p2_temp2p0_a0p25_b0p05__wd1e-04trmiss0_degmodglobal,16,0.0001,0.0001,0.2,2.0,0.25,0.05,lr1e-04_bs16_drop0p2_temp2p0_a0p25_b0p05__wd1e-04trmiss0_degmodglobal,21,0.5295857340097427,0.6732370853424072,0.6388888888888888,0.8287477954144622,0.5384615384615384,0.0,0.4998430535197258,0.5150810852646828,0.03826138097792864,0.09878611005842686,0.0,0.0,0.0,0.0,0.0,18473,global,0.0
1,5,lr1e-04_bs16_drop0p2_temp2p0_a0p25_b0p05__wd1e-04trmiss0_degmodglobal,16,0.0001,0.0001,0.2,2.0,0.25,0.05,lr1e-04_bs16_drop0p2_temp2p0_a0p25_b0p05__wd1e-04trmiss0_degmodglobal,22,0.5506911277770996,0.6692548394203186,0.6666666666666666,0.8363235529902198,0.46153846153846156,0.0,0.5162411332130432,0.5349411964416504,0.03968195151537657,0.11658868007361889,0.0,0.0,0.0,0.0,0.0,18473,global,0.0
1,5,lr1e-04_bs16_drop0p2_temp2p0_a0p25_b0p05__wd1e-04trmiss0_degmodglobal,16,0.0001,0.0001,0.2,2.0,0.25,0.05,lr1e-04_bs16_drop0p2_temp2p0_a0p25_b0p05__wd1e-04trmiss0_degmodglobal,23,0.5591069608926773,0.6568776965141296,0.6666666666666666,0.8363235529902198,0.6153846153846154,0.0,0.537098154425621,0.54584139585495,0.033573505003005266,0.09744355827569962,0.0,0.0,0.0,0.0,0.0,18473,global,0.0
1,5,lr1e-04_bs16_drop0p2_temp2p0_a0p25_b0p05__wd1e-04trmiss0_degmodglobal,16,0.0001,0.0001,0.2,2.0,0.25,0.05,lr1e-04_bs16_drop0p2_temp2p0_a0p25_b0p05__wd1e-04trmiss0_degmodglobal,24,0.5492223799228668,0.6507735252380371,0.6944444444444444,0.8511383678050346,0.6153846153846154,0.0,0.49956995248794556,0.5325204133987427,0.044320432003587484,0.1124374121427536,0.0,0.0,0.0,0.0,0.0,18473,global,0.0
1,5,lr1e-04_bs16_drop0p2_temp2p0_a0p25_b0p05__wd1e-04trmiss0_degmodglobal,16,0.0001,0.0001,0.2,2.0,0.25,0.05,lr1e-04_bs16_drop0p2_temp2p0_a0p25_b0p05__wd1e-04trmiss0_degmodglobal,25,0.5758682936429977,0.6465873718261719,0.6944444444444444,0.8511383678050346,0.6923076923076923,0.0,0.5091398358345032,0.5583001673221588,0.03951119724661112,0.15380683541297913,0.0,0.0,0.0,0.0,0.0,18473,global,0.0
1,5,lr1e-04_bs16_drop0p2_temp2p0_a0p25_b0p05__wd1e-04trmiss0_degmodglobal,16,0.0001,0.0001,0.2,2.0,0.25,0.05,lr1e-04_bs16_drop0p2_temp2p0_a0p25_b0p05__wd1e-04trmiss0_degmodglobal,26,0.5392847061157227,0.64570152759552,0.6944444444444444,0.8511383678050346,0.6923076923076923,0.0,0.49910807609558105,0.5224446356296539,0.04741588793694973,0.09972233092412353,0.0,0.0,0.0,0.0,0.0,18473,global,0.0
1,5,lr1e-04_bs16_drop0p2_temp2p0_a0p25_b0p05__wd1e-04trmiss0_degmodglobal,16,0.0001,0.0001,0.2,2.0,0.25,0.05,lr1e-04_bs16_drop0p2_temp2p0_a0p25_b0p05__wd1e-04trmiss0_degmodglobal,27,0.5515696704387665,0.6424820423126221,0.7222222222222222,0.8733605900272567,0.6923076923076923,0.0,0.517740398645401,0.5301313102245331,0.052716730162501335,0.1651832703500986,0.0,0.0,0.0,0.0,0.0,18473,global,0.0
1,5,lr1e-04_bs16_drop0p2_temp2p0_a0p25_b0p05__wd1e-04trmiss0_degmodglobal,16,0.0001,0.0001,0.2,2.0,0.25,0.05,lr1e-04_bs16_drop0p2_temp2p0_a0p25_b0p05__wd1e-04trmiss0_degmodglobal,28,0.5760642886161804,0.649798572063446,0.7222222222222222,0.8733605900272567,0.6153846153846154,0.0,0.5429587438702583,0.5580765455961227,0.04640322457998991,0.12773897126317024,0.0,0.0,0.0,0.0,0.0,18473,global,0.0
1,5,lr1e-04_bs16_drop0p2_temp2p0_a0p25_b0p05__wd1e-04trmiss0_degmodglobal,16,0.0001,0.0001,0.2,2.0,0.25,0.05,lr1e-04_bs16_drop0p2_temp2p0_a0p25_b0p05__wd1e-04trmiss0_degmodglobal,29,0.544452965259552,0.6479736566543579,0.6944444444444444,0.8511383678050346,0.6153846153846154,0.0,0.4922318160533905,0.5221473723649979,0.05944240279495716,0.1488997284322977,0.0,0.0,0.0,0.0,0.0,18473,global,0.0
1,5,lr1e-04_bs16_drop0p2_temp2p0_a0p25_b0p05__wd1e-04trmiss0_degmodglobal,16,0.0001,0.0001,0.2,2.0,0.25,0.05,lr1e-04_bs16_drop0p2_temp2p0_a0p25_b0p05__wd1e-04trmiss0_degmodglobal,30,0.5239150673151016,0.6475672125816345,0.6944444444444444,0.8511383678050346,0.6153846153846154,0.0,0.48581650853157043,0.5084993690252304,0.04195456858724356,0.09854099899530411,0.0,0.0,0.0,0.0,0.0,18473,global,0.0
1,5,lr1e-04_bs16_drop0p2_temp2p0_a0p25_b0p05__wd1e-04trmiss0_degmodglobal,16,0.0001,0.0001,0.2,2.0,0.25,0.05,lr1e-04_bs16_drop0p2_temp2p0_a0p25_b0p05__wd1e-04trmiss0_degmodglobal,31,0.5196007117629051,0.6441160440444946,0.7222222222222222,0.8733605900272567,0.6153846153846154,0.0,0.47249753028154373,0.5034382492303848,0.04178089229390025,0.11434474866837263,0.0,0.0,0.0,0.0,0.0,18473,global,0.0
1,5,lr1e-04_bs16_drop0p2_temp2p0_a0p25_b0p05__wd1e-04trmiss0_degmodglobal,16,0.0001,0.0001,0.2,2.0,0.25,0.05,lr1e-04_bs16_drop0p2_temp2p0_a0p25_b0p05__wd1e-04trmiss0_degmodglobal,32,0.5425875186920166,0.6400623321533203,0.7222222222222222,0.8733605900272567,0.6153846153846154,0.0,0.5052273645997047,0.5211742594838142,0.055400023236870766,0.1512649841606617,0.0,0.0,0.0,0.0,0.0,18473,global,0.0
1,5,lr1e-04_bs16_drop0p2_temp2p0_a0p25_b0p05__wd1e-04trmiss0_degmodglobal,16,0.0001,0.0001,0.2,2.0,0.25,0.05,lr1e-04_bs16_drop0p2_temp2p0_a0p25_b0p05__wd1e-04trmiss0_degmodglobal,33,0.5066782310605049,0.6384863257408142,0.7222222222222222,0.8733605900272567,0.6923076923076923,0.0,0.4761012941598892,0.4919748306274414,0.03940701438114047,0.09703296981751919,0.0,0.0,0.0,0.0,0.0,18473,global,0.0
1,5,lr1e-04_bs16_drop0p2_temp2p0_a0p25_b0p05__wd1e-04trmiss0_degmodglobal,16,0.0001,0.0001,0.2,2.0,0.25,0.05,lr1e-04_bs16_drop0p2_temp2p0_a0p25_b0p05__wd1e-04trmiss0_degmodglobal,34,0.542109027504921,0.6427897214889526,0.7222222222222222,0.8733605900272567,0.6153846153846154,0.0,0.48285339772701263,0.5183291882276535,0.05947293620556593,0.178232092410326,0.0,0.0,0.0,0.0,0.0,18473,global,0.0
1,5,lr1e-04_bs16_drop0p2_temp2p0_a0p25_b0p05__wd1e-04trmiss0_degmodglobal,16,0.0001,0.0001,0.2,2.0,0.25,0.05,lr1e-04_bs16_drop0p2_temp2p0_a0p25_b0p05__wd1e-04trmiss0_degmodglobal,35,0.521306961774826,0.6448923349380493,0.7222222222222222,0.8733605900272567,0.6153846153846154,0.0,0.47941112518310547,0.498492106795311,0.05338900722563267,0.1893523633480072,0.0,0.0,0.0,0.0,0.0,18473,global,0.0
1,5,lr1e-04_bs16_drop0p2_temp2p0_a0p25_b0p05__wd1e-04trmiss0_degmodglobal,16,0.0001,0.0001,0.2,2.0,0.25,0.05,lr1e-04_bs16_drop0p2_temp2p0_a0p25_b0p05__wd1e-04trmiss0_degmodglobal,36,0.5130114629864693,0.6414563059806824,0.7222222222222222,0.8733605900272567,0.6153846153846154,0.0,0.4829195439815521,0.49455561488866806,0.048433708027005196,0.12694826535880566,0.0,0.0,0.0,0.0,0.0,18473,global,0.0
1,5,lr1e-04_bs16_drop0p2_temp2p0_a0p25_b0p05__wd1e-04trmiss0_degmodglobal,16,0.0001,0.0001,0.2,2.0,0.25,0.05,lr1e-04_bs16_drop0p2_temp2p0_a0p25_b0p05__wd1e-04trmiss0_degmodglobal,37,0.5258955135941505,0.6381981372833252,0.7222222222222222,0.8733605900272567,0.6153846153846154,0.0,0.47914691269397736,0.5100865438580513,0.04138313885778189,0.10926398634910583,0.0,0.0,0.0,0.0,0.0,18473,global,0.0
1,5,lr1e-04_bs16_drop0p2_temp2p0_a0p25_b0p05__wd1e-04trmiss0_degmodglobal,16,0.0001,0.0001,0.2,2.0,0.25,0.05,lr1e-04_bs16_drop0p2_temp2p0_a0p25_b0p05__wd1e-04trmiss0_degmodglobal,38,0.548615574836731,0.6409835815429688,0.7222222222222222,0.8733605900272567,0.5384615384615384,0.0,0.5130965709686279,0.5282676443457603,0.049193866550922394,0.16098923981189728,0.0,0.0,0.0,0.0,0.0,18473,global,0.0
1,5,lr1e-04_bs16_drop0p2_temp2p0_a0p25_b0p05__wd1e-04trmiss0_degmodglobal,16,0.0001,0.0001,0.2,2.0,0.25,0.05,lr1e-04_bs16_drop0p2_temp2p0_a0p25_b0p05__wd1e-04trmiss0_degmodglobal,39,0.5070923715829849,0.6315463185310364,0.75,0.88658810325477,0.6923076923076923,0.0,0.4640481546521187,0.48962581902742386,0.047503190115094185,0.11181545350700617,0.0,0.0,0.0,0.0,0.0,18473,global,0.0
1,5,lr1e-04_bs16_drop0p2_temp2p0_a0p25_b0p05__wd1e-04trmiss0_degmodglobal,16,0.0001,0.0001,0.2,2.0,0.25,0.05,lr1e-04_bs16_drop0p2_temp2p0_a0p25_b0p05__wd1e-04trmiss0_degmodglobal,40,0.5085174664855003,0.6322663426399231,0.75,0.88658810325477,0.6923076923076923,0.0,0.48127317428588867,0.49036335200071335,0.05080689024180174,0.10904806479811668,0.0,0.0,0.0,0.0,0.0,18473,global,0.0
1,5,lr1e-04_bs16_drop0p2_temp2p0_a0p25_b0p05__wd1e-04trmiss0_degmodglobal,16,0.0001,0.0001,0.2,2.0,0.25,0.05,lr1e-04_bs16_drop0p2_temp2p0_a0p25_b0p05__wd1e-04trmiss0_degmodglobal,41,0.4956294670701027,0.6404694318771362,0.6944444444444444,0.8657848324514992,0.6923076923076923,0.0,0.4559291824698448,0.48009490966796875,0.04238870460540056,0.09874760918319225,0.0,0.0,0.0,0.0,0.0,18473,global,0.0
1,5,lr1e-04_bs16_drop0p2_temp2p0_a0p25_b0p05__wd1e-04trmiss0_degmodglobal,16,0.0001,0.0001,0.2,2.0,0.25,0.05,lr1e-04_bs16_drop0p2_temp2p0_a0p25_b0p05__wd1e-04trmiss0_degmodglobal,42,0.5085045695304871,0.6437520384788513,0.6944444444444444,0.8657848324514992,0.5384615384615384,0.0,0.491651713848114,0.49580636620521545,0.03579895896837115,0.0749691091477871,0.0,0.0,0.0,0.0,0.0,18473,global,0.0
1,5,lr1e-04_bs16_drop0p2_temp2p0_a0p25_b0p05__wd1e-04trmiss0_degmodglobal,16,0.0001,0.0001,0.2,2.0,0.25,0.05,lr1e-04_bs16_drop0p2_temp2p0_a0p25_b0p05__wd1e-04trmiss0_degmodglobal,43,0.5203007608652115,0.6412801742553711,0.6944444444444444,0.8657848324514992,0.6153846153846154,0.0,0.49201568216085434,0.5051642581820488,0.039587419014424086,0.10479303076863289,0.0,0.0,0.0,0.0,0.0,18473,global,0.0
1,5,lr1e-04_bs16_drop0p2_temp2p0_a0p25_b0p05__wd1e-04trmiss0_degmodglobal,16,0.0001,0.0001,0.2,2.0,0.25,0.05,lr1e-04_bs16_drop0p2_temp2p0_a0p25_b0p05__wd1e-04trmiss0_degmodglobal,44,0.5355316400527954,0.6357182860374451,0.6944444444444444,0.8657848324514992,0.6153846153846154,0.0,0.4798618033528328,0.5154436752200127,0.05286124907433987,0.13745267875492573,0.0,0.0,0.0,0.0,0.0,18473,global,0.0
1,5,lr1e-04_bs16_drop0p2_temp2p0_a0p25_b0p05__wd1e-04trmiss0_degmodglobal,16,0.0001,0.0001,0.2,2.0,0.25,0.05,lr1e-04_bs16_drop0p2_temp2p0_a0p25_b0p05__wd1e-04trmiss0_degmodglobal,45,0.5351890549063683,0.6379322409629822,0.6666666666666666,0.8593745760412428,0.6153846153846154,0.0,0.5142514035105705,0.5202921032905579,0.03581019816920161,0.11888777278363705,0.0,0.0,0.0,0.0,0.0,18473,global,0.0
1,5,lr1e-04_bs16_drop0p2_temp2p0_a0p25_b0p05__wd1e-04trmiss0_degmodglobal,16,0.0001,0.0001,0.2,2.0,0.25,0.05,lr1e-04_bs16_drop0p2_temp2p0_a0p25_b0p05__wd1e-04trmiss0_degmodglobal,46,0.5415489673614502,0.6343779563903809,0.6666666666666666,0.8593745760412428,0.6153846153846154,0.0,0.48717018216848373,0.5221235007047653,0.04889035876840353,0.1440574750304222,0.0,0.0,0.0,0.0,0.0,18473,global,0.0
1,5,lr1e-04_bs16_drop0p2_temp2p0_a0p25_b0p05__wd1e-04trmiss0_degmodglobal,16,0.0001,0.0001,0.2,2.0,0.25,0.05,lr1e-04_bs16_drop0p2_temp2p0_a0p25_b0p05__wd1e-04trmiss0_degmodglobal,47,0.5047755464911461,0.6351314187049866,0.6666666666666666,0.8593745760412428,0.6153846153846154,0.0,0.47086816281080246,0.4918783903121948,0.03512283321470022,0.08232908137142658,0.0,0.0,0.0,0.0,0.0,18473,global,0.0
1,5,lr1e-04_bs16_drop0p2_temp2p0_a0p25_b0p05__wd1e-04trmiss0_degmodglobal,16,0.0001,0.0001,0.2,2.0,0.25,0.05,lr1e-04_bs16_drop0p2_temp2p0_a0p25_b0p05__wd1e-04trmiss0_degmodglobal,48,0.4715360850095749,0.63445645570755,0.6944444444444444,0.8657848324514992,0.6923076923076923,0.0,0.4721480533480644,0.4594244882464409,0.030938862822949886,0.0875375447794795,0.0,0.0,0.0,0.0,0.0,18473,global,0.0
1,5,lr1e-04_bs16_drop0p2_temp2p0_a0p25_b0p05__wd1e-04trmiss0_degmodglobal,16,0.0001,0.0001,0.2,2.0,0.25,0.05,lr1e-04_bs16_drop0p2_temp2p0_a0p25_b0p05__wd1e-04trmiss0_degmodglobal,49,0.5392641723155975,0.6384063363075256,0.6944444444444444,0.8657848324514992,0.6153846153846154,0.0,0.5220349207520485,0.5238977670669556,0.042819302063435316,0.09323158673942089,0.0,0.0,0.0,0.0,0.0,18473,global,0.0
1,5,lr1e-04_bs16_drop0p2_temp2p0_a0p25_b0p05__wd1e-04trmiss0_degmodglobal,16,0.0001,0.0001,0.2,2.0,0.25,0.05,lr1e-04_bs16_drop0p2_temp2p0_a0p25_b0p05__wd1e-04trmiss0_degmodglobal,50,0.49076465517282486,0.6416601538658142,0.6944444444444444,0.8657848324514992,0.6153846153846154,0.0,0.46316374838352203,0.47539565712213516,0.04333047289401293,0.09072763565927744,0.0,0.0,0.0,0.0,0.0,18473,global,0.0
1,5,lr1e-04_bs16_drop0p2_temp2p0_a0p25_b0p05__wd1e-04trmiss0_degmodglobal,16,0.0001,0.0001,0.2,2.0,0.25,0.05,lr1e-04_bs16_drop0p2_temp2p0_a0p25_b0p05__wd1e-04trmiss0_degmodglobal,51,0.5340222865343094,0.6459702849388123,0.6944444444444444,0.8657848324514992,0.6153846153846154,0.0,0.4825045093894005,0.516286663711071,0.04624531976878643,0.12348591536283493,0.0,0.0,0.0,0.0,0.0,18473,global,0.0
1,5,lr1e-04_bs16_drop0p2_temp2p0_a0p25_b0p05__wd1e-04trmiss0_degmodglobal,16,0.0001,0.0001,0.2,2.0,0.25,0.05,lr1e-04_bs16_drop0p2_temp2p0_a0p25_b0p05__wd1e-04trmiss0_degmodglobal,52,0.5187024548649788,0.6532667279243469,0.6388888888888888,0.8287477954144622,0.6153846153846154,0.0,0.4854319542646408,0.49413540959358215,0.06474663317203522,0.16760799288749695,0.0,0.0,0.0,0.0,0.0,18473,global,0.0
1,5,lr1e-04_bs16_drop0p2_temp2p0_a0p25_b0p05__wd1e-04trmiss0_degmodglobal,16,0.0001,0.0001,0.2,2.0,0.25,0.05,lr1e-04_bs16_drop0p2_temp2p0_a0p25_b0p05__wd1e-04trmiss0_degmodglobal,53,0.5310998186469078,0.6511127352714539,0.6666666666666666,0.843562610229277,0.6153846153846154,0.0,0.48757220059633255,0.5178136751055717,0.035459209233522415,0.08842721488326788,0.0,0.0,0.0,0.0,0.0,18473,global,0.0
1,5,lr1e-04_bs16_drop0p2_temp2p0_a0p25_b0p05__wd1e-04trmiss0_degmodglobal,16,0.0001,0.0001,0.2,2.0,0.25,0.05,lr1e-04_bs16_drop0p2_temp2p0_a0p25_b0p05__wd1e-04trmiss0_degmodglobal,54,0.48918113857507706,0.6445724368095398,0.6944444444444444,0.8657848324514992,0.6153846153846154,0.0,0.4720498397946358,0.4763819947838783,0.03294466156512499,0.0912594273686409,0.0,0.0,0.0,0.0,0.0,18473,global,0.0
1,5,lr1e-04_bs16_drop0p2_temp2p0_a0p25_b0p05__wd1e-04trmiss0_degmodglobal,16,0.0001,0.0001,0.2,2.0,0.25,0.05,lr1e-04_bs16_drop0p2_temp2p0_a0p25_b0p05__wd1e-04trmiss0_degmodglobal,55,0.5182461589574814,0.6383291482925415,0.6944444444444444,0.8657848324514992,0.6923076923076923,0.0,0.471793070435524,0.5028142109513283,0.0384700670838356,0.11628883518278599,0.0,0.0,0.0,0.0,0.0,18473,global,0.0
1,5,lr1e-04_bs16_drop0p2_temp2p0_a0p25_b0p05__wd1e-04trmiss0_degmodglobal,16,0.0001,0.0001,0.2,2.0,0.25,0.05,lr1e-04_bs16_drop0p2_temp2p0_a0p25_b0p05__wd1e-04trmiss0_degmodglobal,56,0.47174345701932907,0.6382967233657837,0.6944444444444444,0.8657848324514992,0.6153846153846154,0.0,0.4555748328566551,0.457069531083107,0.04219757113605738,0.08249069936573505,0.0,0.0,0.0,0.0,0.0,18473,global,0.0
1,5,lr1e-04_bs16_drop0p2_temp2p0_a0p25_b0p05__wd1e-04trmiss0_degmodglobal,16,0.0001,0.0001,0.2,2.0,0.25,0.05,lr1e-04_bs16_drop0p2_temp2p0_a0p25_b0p05__wd1e-04trmiss0_degmodglobal,57,0.49347657710313797,0.6364497542381287,0.6944444444444444,0.8657848324514992,0.6923076923076923,0.0,0.4476999491453171,0.47791940718889236,0.04419964924454689,0.0901450626552105,0.0,0.0,0.0,0.0,0.0,18473,global,0.0
1,5,lr1e-04_bs16_drop0p2_temp2p0_a0p25_b0p05__wd1e-04trmiss0_degmodglobal,16,0.0001,0.0001,0.2,2.0,0.25,0.05,lr1e-04_bs16_drop0p2_temp2p0_a0p25_b0p05__wd1e-04trmiss0_degmodglobal,58,0.4914039969444275,0.6367564797401428,0.75,0.8909171075837743,0.6923076923076923,0.0,0.4669434055685997,0.4720083102583885,0.05558705236762762,0.10997846722602844,0.0,0.0,0.0,0.0,0.0,18473,global,0.0
1,5,lr1e-04_bs16_drop0p2_temp2p0_a0p25_b0p05__wd1e-04trmiss0_degmodglobal,16,0.0001,0.0001,0.2,2.0,0.25,0.05,lr1e-04_bs16_drop0p2_temp2p0_a0p25_b0p05__wd1e-04trmiss0_degmodglobal,59,0.4895157739520073,0.6333659291267395,0.6944444444444444,0.8657848324514992,0.6923076923076923,0.0,0.4553053081035614,0.4769289121031761,0.03337895683944225,0.08484238293021917,0.0,0.0,0.0,0.0,0.0,18473,global,0.0
1,5,lr1e-04_bs16_drop0p4_temp1p0_a0p25_b0p05__wd1e-04trmiss0_degmodglobal,16,0.0001,0.0001,0.4,1.0,0.25,0.05,lr1e-04_bs16_drop0p4_temp1p0_a0p25_b0p05__wd1e-04trmiss0_degmodglobal,1,0.7068629860877991,0.6627295017242432,0.6388888888888888,0.8085457752124419,0.8461538461538461,0.0,0.7918472439050674,0.6729267090559006,0.07159392349421978,0.32075637578964233,0.0,0.0,0.0,0.0,0.0,18473,global,0.0
1,5,lr1e-04_bs16_drop0p4_temp1p0_a0p25_b0p05__wd1e-04trmiss0_degmodglobal,16,0.0001,0.0001,0.4,1.0,0.25,0.05,lr1e-04_bs16_drop0p4_temp1p0_a0p25_b0p05__wd1e-04trmiss0_degmodglobal,2,0.6569998264312744,0.6522997617721558,0.6666666666666666,0.8363235529902198,0.8461538461538461,0.0,0.7214887887239456,0.6206962317228317,0.08053732477128506,0.3233848437666893,0.0,0.0,0.0,0.0,0.0,18473,global,0.0
1,5,lr1e-04_bs16_drop0p4_temp1p0_a0p25_b0p05__wd1e-04trmiss0_degmodglobal,16,0.0001,0.0001,0.4,1.0,0.25,0.05,lr1e-04_bs16_drop0p4_temp1p0_a0p25_b0p05__wd1e-04trmiss0_degmodglobal,3,0.6544605195522308,0.6475418210029602,0.6666666666666666,0.8363235529902198,0.8461538461538461,0.0,0.6881316304206848,0.6326532959938049,0.05016830191016197,0.1853029653429985,0.0,0.0,0.0,0.0,0.0,18473,global,0.0
1,5,lr1e-04_bs16_drop0p4_temp1p0_a0p25_b0p05__wd1e-04trmiss0_degmodglobal,16,0.0001,0.0001,0.4,1.0,0.25,0.05,lr1e-04_bs16_drop0p4_temp1p0_a0p25_b0p05__wd1e-04trmiss0_degmodglobal,4,0.6464410424232483,0.6396887898445129,0.6944444444444444,0.8511383678050346,0.8461538461538461,0.0,0.6531037390232086,0.618756040930748,0.06077187787741423,0.24984104931354523,0.0,0.0,0.0,0.0,0.0,18473,global,0.0
1,5,lr1e-04_bs16_drop0p4_temp1p0_a0p25_b0p05__wd1e-04trmiss0_degmodglobal,16,0.0001,0.0001,0.4,1.0,0.25,0.05,lr1e-04_bs16_drop0p4_temp1p0_a0p25_b0p05__wd1e-04trmiss0_degmodglobal,5,0.6340702474117279,0.6325963139533997,0.6944444444444444,0.8511383678050346,0.8461538461538461,0.0,0.6714898347854614,0.6048775911331177,0.06239913683384657,0.27185778319835663,0.0,0.0,0.0,0.0,0.0,18473,global,0.0
1,5,lr1e-04_bs16_drop0p4_temp1p0_a0p25_b0p05__wd1e-04trmiss0_degmodglobal,16,0.0001,0.0001,0.4,1.0,0.25,0.05,lr1e-04_bs16_drop0p4_temp1p0_a0p25_b0p05__wd1e-04trmiss0_degmodglobal,6,0.6387379169464111,0.6294732093811035,0.6944444444444444,0.8511383678050346,0.8461538461538461,0.0,0.6762688606977463,0.6007030308246613,0.08619746565818787,0.32971033453941345,0.0,0.0,0.0,0.0,0.0,18473,global,0.0
1,5,lr1e-04_bs16_drop0p4_temp1p0_a0p25_b0p05__wd1e-04trmiss0_degmodglobal,16,0.0001,0.0001,0.4,1.0,0.25,0.05,lr1e-04_bs16_drop0p4_temp1p0_a0p25_b0p05__wd1e-04trmiss0_degmodglobal,7,0.6230819374322891,0.6313000917434692,0.6944444444444444,0.8511383678050346,0.8461538461538461,0.0,0.6671692281961441,0.598117858171463,0.05813587363809347,0.2086024321615696,0.0,0.0,0.0,0.0,0.0,18473,global,0.0
1,5,lr1e-04_bs16_drop0p4_temp1p0_a0p25_b0p05__wd1e-04trmiss0_degmodglobal,16,0.0001,0.0001,0.4,1.0,0.25,0.05,lr1e-04_bs16_drop0p4_temp1p0_a0p25_b0p05__wd1e-04trmiss0_degmodglobal,8,0.6230129897594452,0.6279372572898865,0.6666666666666666,0.8233605900272567,0.8461538461538461,0.0,0.6230218559503555,0.5875335186719894,0.08460931573063135,0.28654241375625134,0.0,0.0,0.0,0.0,0.0,18473,global,0.0
1,5,lr1e-04_bs16_drop0p4_temp1p0_a0p25_b0p05__wd1e-04trmiss0_degmodglobal,16,0.0001,0.0001,0.4,1.0,0.25,0.05,lr1e-04_bs16_drop0p4_temp1p0_a0p25_b0p05__wd1e-04trmiss0_degmodglobal,9,0.6047821789979935,0.6241914629936218,0.6944444444444444,0.83658810325477,0.8461538461538461,0.0,0.6276574432849884,0.585946261882782,0.04182283626869321,0.16760433092713356,0.0,0.0,0.0,0.0,0.0,18473,global,0.0
1,5,lr1e-04_bs16_drop0p4_temp1p0_a0p25_b0p05__wd1e-04trmiss0_degmodglobal,16,0.0001,0.0001,0.4,1.0,0.25,0.05,lr1e-04_bs16_drop0p4_temp1p0_a0p25_b0p05__wd1e-04trmiss0_degmodglobal,10,0.6297536641359329,0.6210170388221741,0.6388888888888888,0.8400673400673402,0.6153846153846154,0.0,0.655172735452652,0.5956898778676987,0.07623553741723299,0.3000981956720352,0.0,0.0,0.0,0.0,0.0,18473,global,0.0
1,5,lr1e-04_bs16_drop0p4_temp1p0_a0p25_b0p05__wd1e-04trmiss0_degmodglobal,16,0.0001,0.0001,0.4,1.0,0.25,0.05,lr1e-04_bs16_drop0p4_temp1p0_a0p25_b0p05__wd1e-04trmiss0_degmodglobal,11,0.6420251727104187,0.6191688179969788,0.6388888888888888,0.8400673400673402,0.6153846153846154,0.0,0.6070919334888458,0.5979761928319931,0.09580904617905617,0.4019347131252289,0.0,0.0,0.0,0.0,0.0,18473,global,0.0
1,5,lr1e-04_bs16_drop0p4_temp1p0_a0p25_b0p05__wd1e-04trmiss0_degmodglobal,16,0.0001,0.0001,0.4,1.0,0.25,0.05,lr1e-04_bs16_drop0p4_temp1p0_a0p25_b0p05__wd1e-04trmiss0_degmodglobal,12,0.6078705340623856,0.6152530908584595,0.7222222222222222,0.8643658810325479,0.6153846153846154,0.0,0.5676845461130142,0.5814139246940613,0.059882910922169685,0.2297174669802189,0.0,0.0,0.0,0.0,0.0,18473,global,0.0
1,5,lr1e-04_bs16_drop0p4_temp1p0_a0p25_b0p05__wd1e-04trmiss0_degmodglobal,16,0.0001,0.0001,0.4,1.0,0.25,0.05,lr1e-04_bs16_drop0p4_temp1p0_a0p25_b0p05__wd1e-04trmiss0_degmodglobal,13,0.5888718664646149,0.6213194727897644,0.6666666666666666,0.8233605900272567,0.7692307692307693,0.0,0.6018959134817123,0.560140997171402,0.0618863869458437,0.2651849389076233,0.0,0.0,0.0,0.0,0.0,18473,global,0.0
1,5,lr1e-04_bs16_drop0p4_temp1p0_a0p25_b0p05__wd1e-04trmiss0_degmodglobal,16,0.0001,0.0001,0.4,1.0,0.25,0.05,lr1e-04_bs16_drop0p4_temp1p0_a0p25_b0p05__wd1e-04trmiss0_degmodglobal,14,0.6019201427698135,0.6236730217933655,0.6666666666666666,0.8233605900272567,0.7692307692307693,0.0,0.6521002650260925,0.565705731511116,0.07291356008499861,0.35972070693969727,0.0,0.0,0.0,0.0,0.0,18473,global,0.0
1,5,lr1e-04_bs16_drop0p4_temp1p0_a0p25_b0p05__wd1e-04trmiss0_degmodglobal,16,0.0001,0.0001,0.4,1.0,0.25,0.05,lr1e-04_bs16_drop0p4_temp1p0_a0p25_b0p05__wd1e-04trmiss0_degmodglobal,15,0.5751103460788727,0.6235818862915039,0.6666666666666666,0.8233605900272567,0.8461538461538461,0.0,0.5712632387876511,0.538035161793232,0.08537620678544044,0.3146226555109024,0.0,0.0,0.0,0.0,0.0,18473,global,0.0
1,5,lr1e-04_bs16_drop0p4_temp1p0_a0p25_b0p05__wd1e-04trmiss0_degmodglobal,16,0.0001,0.0001,0.4,1.0,0.25,0.05,lr1e-04_bs16_drop0p4_temp1p0_a0p25_b0p05__wd1e-04trmiss0_degmodglobal,16,0.6025168597698212,0.6261106133460999,0.6666666666666666,0.8233605900272567,0.8461538461538461,0.0,0.620404988527298,0.5728168487548828,0.06972604058682919,0.24537014588713646,0.0,0.0,0.0,0.0,0.0,18473,global,0.0
1,5,lr1e-04_bs16_drop0p4_temp1p0_a0p25_b0p05__wd1e-04trmiss0_degmodglobal,16,0.0001,0.0001,0.4,1.0,0.25,0.05,lr1e-04_bs16_drop0p4_temp1p0_a0p25_b0p05__wd1e-04trmiss0_degmodglobal,17,0.5830101817846298,0.6240302920341492,0.7222222222222222,0.8484928651595318,0.7692307692307693,0.0,0.598989725112915,0.5515372157096863,0.07045786082744598,0.2771698161959648,0.0,0.0,0.0,0.0,0.0,18473,global,0.0
1,5,lr1e-04_bs16_drop0p4_temp1p0_a0p25_b0p05__wd1e-04trmiss0_degmodglobal,16,0.0001,0.0001,0.4,1.0,0.25,0.05,lr1e-04_bs16_drop0p4_temp1p0_a0p25_b0p05__wd1e-04trmiss0_degmodglobal,18,0.581227034330368,0.6269833445549011,0.75,0.8592953342953344,0.7692307692307693,0.0,0.5818649232387543,0.5478078573942184,0.07344179414212704,0.30117474496364594,0.0,0.0,0.0,0.0,0.0,18473,global,0.0
1,5,lr1e-04_bs16_drop0p4_temp1p0_a0p25_b0p05__wd1e-04trmiss0_degmodglobal,16,0.0001,0.0001,0.4,1.0,0.25,0.05,lr1e-04_bs16_drop0p4_temp1p0_a0p25_b0p05__wd1e-04trmiss0_degmodglobal,19,0.598145991563797,0.6344544291496277,0.7222222222222222,0.8222582972582972,0.7692307692307693,0.0,0.5713601559400558,0.5687680393457413,0.06367797031998634,0.26916931569576263,0.0,0.0,0.0,0.0,0.0,18473,global,0.0
1,5,lr1e-04_bs16_drop0p4_temp1p0_a0p25_b0p05__wd1e-04trmiss0_degmodglobal,16,0.0001,0.0001,0.4,1.0,0.25,0.05,lr1e-04_bs16_drop0p4_temp1p0_a0p25_b0p05__wd1e-04trmiss0_degmodglobal,20,0.5816923677921295,0.6346462368965149,0.6944444444444444,0.7667027417027418,0.7692307692307693,0.0,0.5687558799982071,0.5573276579380035,0.05604218877851963,0.20708315074443817,0.0,0.0,0.0,0.0,0.0,18473,global,0.0
1,5,lr1e-04_bs16_drop0p4_temp1p0_a0p25_b0p05__wd1e-04trmiss0_degmodglobal,16,0.0001,0.0001,0.4,1.0,0.25,0.05,lr1e-04_bs16_drop0p4_temp1p0_a0p25_b0p05__wd1e-04trmiss0_degmodglobal,21,0.616177499294281,0.6289370059967041,0.75,0.8592953342953344,0.7692307692307693,0.0,0.6154555827379227,0.584207609295845,0.07211933005601168,0.2788010649383068,0.0,0.0,0.0,0.0,0.0,18473,global,0.0
1,5,lr1e-04_bs16_drop0p4_temp1p0_a0p25_b0p05__wd1e-04trmiss0_degmodglobal,16,0.0001,0.0001,0.4,1.0,0.25,0.05,lr1e-04_bs16_drop0p4_temp1p0_a0p25_b0p05__wd1e-04trmiss0_degmodglobal,22,0.5653064996004105,0.6386235356330872,0.6944444444444444,0.7667027417027418,0.7692307692307693,0.0,0.5469232723116875,0.5280888751149178,0.08636273443698883,0.31253914535045624,0.0,0.0,0.0,0.0,0.0,18473,global,0.0
1,5,lr1e-04_bs16_drop0p4_temp1p0_a0p25_b0p05__wd1e-04trmiss0_degmodglobal,16,0.0001,0.0001,0.4,1.0,0.25,0.05,lr1e-04_bs16_drop0p4_temp1p0_a0p25_b0p05__wd1e-04trmiss0_degmodglobal,23,0.5707064270973206,0.6450186967849731,0.7222222222222222,0.7765792849126183,0.7692307692307693,0.0,0.6040549129247665,0.5433285534381866,0.06341695599257946,0.2304726392030716,0.0,0.0,0.0,0.0,0.0,18473,global,0.0
1,5,lr1e-04_bs16_drop0p4_temp1p0_a0p25_b0p05__wd1e-04trmiss0_degmodglobal,16,0.0001,0.0001,0.4,1.0,0.25,0.05,lr1e-04_bs16_drop0p4_temp1p0_a0p25_b0p05__wd1e-04trmiss0_degmodglobal,24,0.5988036543130875,0.6386951804161072,0.7777777777777778,0.8691718775052109,0.7692307692307693,0.0,0.627911239862442,0.5693241357803345,0.07212311774492264,0.2289750874042511,0.0,0.0,0.0,0.0,0.0,18473,global,0.0
1,5,lr1e-04_bs16_drop0p4_temp1p0_a0p25_b0p05__wd1e-04trmiss0_degmodglobal,16,0.0001,0.0001,0.4,1.0,0.25,0.05,lr1e-04_bs16_drop0p4_temp1p0_a0p25_b0p05__wd1e-04trmiss0_degmodglobal,25,0.5850076377391815,0.6339866518974304,0.75,0.8592953342953344,0.6923076923076923,0.0,0.6572448164224625,0.5519685596227646,0.06792572047561407,0.32115310057997704,0.0,0.0,0.0,0.0,0.0,18473,global,0.0
1,5,lr1e-04_bs16_drop0p4_temp1p0_a0p25_b0p05__wd1e-04trmiss0_degmodglobal,16,0.0001,0.0001,0.4,1.0,0.25,0.05,lr1e-04_bs16_drop0p4_temp1p0_a0p25_b0p05__wd1e-04trmiss0_degmodglobal,26,0.6010733991861343,0.6301048398017883,0.7222222222222222,0.8484928651595318,0.6923076923076923,0.0,0.5974096655845642,0.5671631991863251,0.0842324960976839,0.25704160518944263,0.0,0.0,0.0,0.0,0.0,18473,global,0.0
1,5,lr1e-04_bs16_drop0p4_temp1p0_a0p25_b0p05__wd1e-04trmiss0_degmodglobal,16,0.0001,0.0001,0.4,1.0,0.25,0.05,lr1e-04_bs16_drop0p4_temp1p0_a0p25_b0p05__wd1e-04trmiss0_degmodglobal,27,0.5793017596006393,0.6252897381782532,0.7222222222222222,0.8484928651595318,0.6923076923076923,0.0,0.5581514984369278,0.5464341044425964,0.08342121914029121,0.2402469888329506,0.0,0.0,0.0,0.0,0.0,18473,global,0.0
1,5,lr1e-04_bs16_drop0p4_temp1p0_a0p25_b0p05__wd1e-04trmiss0_degmodglobal,16,0.0001,0.0001,0.4,1.0,0.25,0.05,lr1e-04_bs16_drop0p4_temp1p0_a0p25_b0p05__wd1e-04trmiss0_degmodglobal,28,0.5806677937507629,0.625111997127533,0.7222222222222222,0.8484928651595318,0.6153846153846154,0.0,0.5784049183130264,0.5449985861778259,0.08716756664216518,0.27754577435553074,0.0,0.0,0.0,0.0,0.0,18473,global,0.0
1,5,lr1e-04_bs16_drop0p4_temp1p0_a0p25_b0p05__wd1e-04trmiss0_degmodglobal,16,0.0001,0.0001,0.4,1.0,0.25,0.05,lr1e-04_bs16_drop0p4_temp1p0_a0p25_b0p05__wd1e-04trmiss0_degmodglobal,29,0.5757513046264648,0.627122163772583,0.7222222222222222,0.8484928651595318,0.6153846153846154,0.0,0.579383060336113,0.5379057303071022,0.08278078585863113,0.34300725907087326,0.0,0.0,0.0,0.0,0.0,18473,global,0.0
1,5,lr1e-04_bs16_drop0p4_temp1p0_a0p25_b0p05__wd1e-04trmiss0_degmodglobal,16,0.0001,0.0001,0.4,1.0,0.25,0.05,lr1e-04_bs16_drop0p4_temp1p0_a0p25_b0p05__wd1e-04trmiss0_degmodglobal,30,0.5593333095312119,0.6351154446601868,0.7222222222222222,0.8484928651595318,0.6923076923076923,0.0,0.5907999128103256,0.516219437122345,0.10542315244674683,0.33516183495521545,0.0,0.0,0.0,0.0,0.0,18473,global,0.0
1,5,lr1e-04_bs16_drop0p4_temp1p0_a0p25_b0p05__wd1e-04trmiss0_degmodglobal,16,0.0001,0.0001,0.4,1.0,0.25,0.05,lr1e-04_bs16_drop0p4_temp1p0_a0p25_b0p05__wd1e-04trmiss0_degmodglobal,31,0.5896482914686203,0.633000373840332,0.7222222222222222,0.8484928651595318,0.6923076923076923,0.0,0.6185059249401093,0.5574029237031937,0.07699636183679104,0.2599259987473488,0.0,0.0,0.0,0.0,0.0,18473,global,0.0
1,5,lr1e-04_bs16_drop0p4_temp1p0_a0p25_b0p05__wd1e-04trmiss0_degmodglobal,16,0.0001,0.0001,0.4,1.0,0.25,0.05,lr1e-04_bs16_drop0p4_temp1p0_a0p25_b0p05__wd1e-04trmiss0_degmodglobal,32,0.5730150938034058,0.6333535313606262,0.7222222222222222,0.8484928651595318,0.6923076923076923,0.0,0.5808520168066025,0.5397142767906189,0.07620425894856453,0.2849952280521393,0.0,0.0,0.0,0.0,0.0,18473,global,0.0
1,5,lr1e-04_bs16_drop0p4_temp1p0_a0p25_b0p05__wd1e-04trmiss0_degmodglobal,16,0.0001,0.0001,0.4,1.0,0.25,0.05,lr1e-04_bs16_drop0p4_temp1p0_a0p25_b0p05__wd1e-04trmiss0_degmodglobal,33,0.5450683832168579,0.6296443343162537,0.75,0.8592953342953344,0.6923076923076923,0.0,0.5690599530935287,0.5127101689577103,0.07349841389805079,0.27967194840312004,0.0,0.0,0.0,0.0,0.0,18473,global,0.0
1,5,lr1e-04_bs16_drop0p4_temp1p0_a0p25_b0p05__wd1e-04trmiss0_degmodglobal,16,0.0001,0.0001,0.4,1.0,0.25,0.05,lr1e-04_bs16_drop0p4_temp1p0_a0p25_b0p05__wd1e-04trmiss0_degmodglobal,34,0.546296589076519,0.625893235206604,0.75,0.8592953342953344,0.6923076923076923,0.0,0.5394645035266876,0.5184586346149445,0.06465412862598896,0.23348889499902725,0.0,0.0,0.0,0.0,0.0,18473,global,0.0
1,5,lr1e-04_bs16_drop0p4_temp1p0_a0p25_b0p05__wd1e-04trmiss0_degmodglobal,16,0.0001,0.0001,0.4,1.0,0.25,0.05,lr1e-04_bs16_drop0p4_temp1p0_a0p25_b0p05__wd1e-04trmiss0_degmodglobal,35,0.575876921415329,0.6223999857902527,0.75,0.8592953342953344,0.6923076923076923,0.0,0.5540037900209427,0.5446384400129318,0.06915398221462965,0.278999999165535,0.0,0.0,0.0,0.0,0.0,18473,global,0.0
1,5,lr1e-04_bs16_drop0p4_temp1p0_a0p25_b0p05__wd1e-04trmiss0_degmodglobal,16,0.0001,0.0001,0.4,1.0,0.25,0.05,lr1e-04_bs16_drop0p4_temp1p0_a0p25_b0p05__wd1e-04trmiss0_degmodglobal,36,0.5379599332809448,0.6217812895774841,0.75,0.8592953342953344,0.6923076923076923,0.0,0.5503890067338943,0.5130904540419579,0.06150284223258495,0.1898753084242344,0.0,0.0,0.0,0.0,0.0,18473,global,0.0
1,5,lr1e-04_bs16_drop0p4_temp1p0_a0p25_b0p05__wd1e-04trmiss0_degmodglobal,16,0.0001,0.0001,0.4,1.0,0.25,0.05,lr1e-04_bs16_drop0p4_temp1p0_a0p25_b0p05__wd1e-04trmiss0_degmodglobal,37,0.5506561696529388,0.6182742118835449,0.75,0.8592953342953344,0.6923076923076923,0.0,0.5348033234477043,0.5241844058036804,0.06472001504153013,0.20583536475896835,0.0,0.0,0.0,0.0,0.0,18473,global,0.0
1,5,lr1e-04_bs16_drop0p4_temp1p0_a0p25_b0p05__wd1e-04trmiss0_degmodglobal,16,0.0001,0.0001,0.4,1.0,0.25,0.05,lr1e-04_bs16_drop0p4_temp1p0_a0p25_b0p05__wd1e-04trmiss0_degmodglobal,38,0.5528658777475357,0.6163325905799866,0.75,0.8592953342953344,0.7692307692307693,0.0,0.513881266117096,0.5191840380430222,0.08569497801363468,0.2451619915664196,0.0,0.0,0.0,0.0,0.0,18473,global,0.0
1,5,lr1e-04_bs16_drop0p4_temp1p0_a0p25_b0p05__wd1e-04trmiss0_degmodglobal,16,0.0001,0.0001,0.4,1.0,0.25,0.05,lr1e-04_bs16_drop0p4_temp1p0_a0p25_b0p05__wd1e-04trmiss0_degmodglobal,39,0.6102630198001862,0.6110947728157043,0.75,0.8592953342953344,0.7692307692307693,0.0,0.5369947329163551,0.5637305900454521,0.10471487417817116,0.40707431733608246,0.0,0.0,0.0,0.0,0.0,18473,global,0.0
1,5,lr1e-04_bs16_drop0p4_temp1p0_a0p25_b0p05__wd1e-04trmiss0_degmodglobal,16,0.0001,0.0001,0.4,1.0,0.25,0.05,lr1e-04_bs16_drop0p4_temp1p0_a0p25_b0p05__wd1e-04trmiss0_degmodglobal,40,0.5855851918458939,0.6140630841255188,0.75,0.8592953342953344,0.7692307692307693,0.0,0.6146731972694397,0.5520104467868805,0.07737383991479874,0.28462549299001694,0.0,0.0,0.0,0.0,0.0,18473,global,0.0
1,5,lr1e-04_bs16_drop0p4_temp1p0_a0p25_b0p05__wd1e-04trmiss0_degmodglobal,16,0.0001,0.0001,0.4,1.0,0.25,0.05,lr1e-04_bs16_drop0p4_temp1p0_a0p25_b0p05__wd1e-04trmiss0_degmodglobal,41,0.5751689970493317,0.609163224697113,0.7777777777777778,0.8691718775052109,0.7692307692307693,0.0,0.5448533818125725,0.5341550782322884,0.0920743327587843,0.3599065840244293,0.0,0.0,0.0,0.0,0.0,18473,global,0.0
1,5,lr1e-04_bs16_drop0p4_temp1p0_a0p25_b0p05__wd1e-04trmiss0_degmodglobal,16,0.0001,0.0001,0.4,1.0,0.25,0.05,lr1e-04_bs16_drop0p4_temp1p0_a0p25_b0p05__wd1e-04trmiss0_degmodglobal,42,0.5446608364582062,0.6078981757164001,0.75,0.8592953342953344,0.7692307692307693,0.0,0.5181720852851868,0.5187990963459015,0.06465085502713919,0.19398067146539688,0.0,0.0,0.0,0.0,0.0,18473,global,0.0
1,5,lr1e-04_bs16_drop0p4_temp1p0_a0p25_b0p05__wd1e-04trmiss0_degmodglobal,16,0.0001,0.0001,0.4,1.0,0.25,0.05,lr1e-04_bs16_drop0p4_temp1p0_a0p25_b0p05__wd1e-04trmiss0_degmodglobal,43,0.5297718346118927,0.6093148589134216,0.7777777777777778,0.8691718775052109,0.7692307692307693,0.0,0.5390859693288803,0.49506906419992447,0.08336187712848186,0.27724599838256836,0.0,0.0,0.0,0.0,0.0,18473,global,0.0
1,5,lr1e-04_bs16_drop0p4_temp1p0_a0p25_b0p05__wd1e-04trmiss0_degmodglobal,16,0.0001,0.0001,0.4,1.0,0.25,0.05,lr1e-04_bs16_drop0p4_temp1p0_a0p25_b0p05__wd1e-04trmiss0_degmodglobal,44,0.5833844244480133,0.6077865958213806,0.7777777777777778,0.8691718775052109,0.7692307692307693,0.0,0.5110849216580391,0.5535932183265686,0.07273618318140507,0.23214370384812355,0.0,0.0,0.0,0.0,0.0,18473,global,0.0
1,5,lr1e-04_bs16_drop0p4_temp1p0_a0p25_b0p05__wd1e-04trmiss0_degmodglobal,16,0.0001,0.0001,0.4,1.0,0.25,0.05,lr1e-04_bs16_drop0p4_temp1p0_a0p25_b0p05__wd1e-04trmiss0_degmodglobal,45,0.5338749587535858,0.6115317940711975,0.7777777777777778,0.8691718775052109,0.7692307692307693,0.0,0.5044135823845863,0.503826878964901,0.07737032976001501,0.21410981379449368,0.0,0.0,0.0,0.0,0.0,18473,global,0.0
1,5,lr1e-04_bs16_drop0p4_temp1p0_a0p25_b0p05__wd1e-04trmiss0_degmodglobal,16,0.0001,0.0001,0.4,1.0,0.25,0.05,lr1e-04_bs16_drop0p4_temp1p0_a0p25_b0p05__wd1e-04trmiss0_degmodglobal,46,0.5410720705986023,0.6118273735046387,0.7777777777777778,0.8691718775052109,0.7692307692307693,0.0,0.5303841084241867,0.49573756009340286,0.09952441230416298,0.40906839817762375,0.0,0.0,0.0,0.0,0.0,18473,global,0.0
1,5,lr1e-04_bs16_drop0p4_temp1p0_a0p25_b0p05__wd1e-04trmiss0_degmodglobal,16,0.0001,0.0001,0.4,1.0,0.25,0.05,lr1e-04_bs16_drop0p4_temp1p0_a0p25_b0p05__wd1e-04trmiss0_degmodglobal,47,0.5265093892812729,0.6129190325737,0.7777777777777778,0.8691718775052109,0.8461538461538461,0.0,0.4822388216853142,0.49989984929561615,0.06891325954347849,0.1876243446022272,0.0,0.0,0.0,0.0,0.0,18473,global,0.0
1,5,lr1e-04_bs16_drop0p4_temp1p0_a0p25_b0p05__wd1e-04trmiss0_degmodglobal,16,0.0001,0.0001,0.4,1.0,0.25,0.05,lr1e-04_bs16_drop0p4_temp1p0_a0p25_b0p05__wd1e-04trmiss0_degmodglobal,48,0.5471267998218536,0.6160215735435486,0.7777777777777778,0.8691718775052109,0.8461538461538461,0.0,0.5192786976695061,0.5194930285215378,0.0669374717399478,0.21798832528293133,0.0,0.0,0.0,0.0,0.0,18473,global,0.0
1,5,lr1e-04_bs16_drop0p4_temp1p0_a0p25_b0p05__wd1e-04trmiss0_degmodglobal,16,0.0001,0.0001,0.4,1.0,0.25,0.05,lr1e-04_bs16_drop0p4_temp1p0_a0p25_b0p05__wd1e-04trmiss0_degmodglobal,49,0.5313322246074677,0.613702654838562,0.7777777777777778,0.8691718775052109,0.7692307692307693,0.0,0.4970467537641525,0.4943331778049469,0.09255265817046165,0.27721787989139557,0.0,0.0,0.0,0.0,0.0,18473,global,0.0
1,5,lr1e-04_bs16_drop0p4_temp1p0_a0p25_b0p05__wd1e-04trmiss0_degmodglobal,16,0.0001,0.0001,0.4,1.0,0.25,0.05,lr1e-04_bs16_drop0p4_temp1p0_a0p25_b0p05__wd1e-04trmiss0_degmodglobal,50,0.5365007370710373,0.6139137148857117,0.7777777777777778,0.8691718775052109,0.7692307692307693,0.0,0.5051373615860939,0.5037070661783218,0.07880242355167866,0.261861227452755,0.0,0.0,0.0,0.0,0.0,18473,global,0.0
1,5,lr1e-04_bs16_drop0p4_temp1p0_a0p25_b0p05__wd1e-04trmiss0_degmodglobal,16,0.0001,0.0001,0.4,1.0,0.25,0.05,lr1e-04_bs16_drop0p4_temp1p0_a0p25_b0p05__wd1e-04trmiss0_degmodglobal,51,0.5393535122275352,0.617790699005127,0.7777777777777778,0.8691718775052109,0.7692307692307693,0.0,0.5180067270994186,0.5106899067759514,0.06767929159104824,0.23487577587366104,0.0,0.0,0.0,0.0,0.0,18473,global,0.0
1,5,lr1e-04_bs16_drop0p4_temp1p0_a0p25_b0p05__wd1e-04trmiss0_degmodglobal,16,0.0001,0.0001,0.4,1.0,0.25,0.05,lr1e-04_bs16_drop0p4_temp1p0_a0p25_b0p05__wd1e-04trmiss0_degmodglobal,52,0.5684632509946823,0.6221400499343872,0.7777777777777778,0.8691718775052109,0.8461538461538461,0.0,0.5476347506046295,0.5359154045581818,0.07587918173521757,0.2715607099235058,0.0,0.0,0.0,0.0,0.0,18473,global,0.0
1,5,lr1e-04_bs16_drop0p4_temp1p0_a0p25_b0p05__wd1e-04trmiss0_degmodglobal,16,0.0001,0.0001,0.4,1.0,0.25,0.05,lr1e-04_bs16_drop0p4_temp1p0_a0p25_b0p05__wd1e-04trmiss0_degmodglobal,53,0.5458924993872643,0.6186771392822266,0.7777777777777778,0.8691718775052109,0.7692307692307693,0.0,0.5027926191687584,0.5114543586969376,0.08752272929996252,0.25114900805056095,0.0,0.0,0.0,0.0,0.0,18473,global,0.0
1,5,lr1e-04_bs16_drop0p4_temp1p0_a0p25_b0p05__wd1e-04trmiss0_degmodglobal,16,0.0001,0.0001,0.4,1.0,0.25,0.05,lr1e-04_bs16_drop0p4_temp1p0_a0p25_b0p05__wd1e-04trmiss0_degmodglobal,54,0.5725807547569275,0.6218584179878235,0.7777777777777778,0.8691718775052109,0.8461538461538461,0.0,0.5625830367207527,0.5441424399614334,0.06719212234020233,0.23280523251742125,0.0,0.0,0.0,0.0,0.0,18473,global,0.0
1,5,lr1e-04_bs16_drop0p4_temp1p0_a0p25_b0p05__wd1e-04trmiss0_degmodglobal,16,0.0001,0.0001,0.4,1.0,0.25,0.05,lr1e-04_bs16_drop0p4_temp1p0_a0p25_b0p05__wd1e-04trmiss0_degmodglobal,55,0.5174696668982506,0.6235779523849487,0.7777777777777778,0.8691718775052109,0.8461538461538461,0.0,0.5222809687256813,0.4714162275195122,0.11492189578711987,0.346459336578846,0.0,0.0,0.0,0.0,0.0,18473,global,0.0
1,5,lr1e-04_bs16_drop0p4_temp1p0_a0p25_b0p05__wd1e-04trmiss0_degmodglobal,16,0.0001,0.0001,0.4,1.0,0.25,0.05,lr1e-04_bs16_drop0p4_temp1p0_a0p25_b0p05__wd1e-04trmiss0_degmodglobal,56,0.6314872205257416,0.6181527972221375,0.7777777777777778,0.8691718775052109,0.7692307692307693,0.0,0.5252333879470825,0.5895863920450211,0.09218636061996222,0.37708504498004913,0.0,0.0,0.0,0.0,0.0,18473,global,0.0
1,5,lr1e-04_bs16_drop0p4_temp1p0_a0p25_b0p05__wd1e-04trmiss0_degmodglobal,16,0.0001,0.0001,0.4,1.0,0.25,0.05,lr1e-04_bs16_drop0p4_temp1p0_a0p25_b0p05__wd1e-04trmiss0_degmodglobal,57,0.5758147835731506,0.6155678629875183,0.7777777777777778,0.8691718775052109,0.7692307692307693,0.0,0.49057552963495255,0.5330428779125214,0.1001982819288969,0.35444672778248787,0.0,0.0,0.0,0.0,0.0,18473,global,0.0
1,5,lr1e-04_bs16_drop0p4_temp1p0_a0p25_b0p05__wd1e-04trmiss0_degmodglobal,16,0.0001,0.0001,0.4,1.0,0.25,0.05,lr1e-04_bs16_drop0p4_temp1p0_a0p25_b0p05__wd1e-04trmiss0_degmodglobal,58,0.5280829221010208,0.6170444488525391,0.7777777777777778,0.8691718775052109,0.7692307692307693,0.0,0.5170303210616112,0.49257999658584595,0.08927475195378065,0.2636844292283058,0.0,0.0,0.0,0.0,0.0,18473,global,0.0
1,5,lr1e-04_bs16_drop0p4_temp1p0_a0p25_b0p05__wd1e-04trmiss0_degmodglobal,16,0.0001,0.0001,0.4,1.0,0.25,0.05,lr1e-04_bs16_drop0p4_temp1p0_a0p25_b0p05__wd1e-04trmiss0_degmodglobal,59,0.5836936980485916,0.6155706644058228,0.7777777777777778,0.8691718775052109,0.7692307692307693,0.0,0.4893794506788254,0.5491417795419693,0.0801719157025218,0.29017918556928635,0.0,0.0,0.0,0.0,0.0,18473,global,0.0
1,5,lr1e-04_bs16_drop0p4_temp1p0_a0p25_b0p05__wd1e-04trmiss0_degmodglobal,16,0.0001,0.0001,0.4,1.0,0.25,0.05,lr1e-04_bs16_drop0p4_temp1p0_a0p25_b0p05__wd1e-04trmiss0_degmodglobal,60,0.5572555512189865,0.6165506839752197,0.7777777777777778,0.8691718775052109,0.7692307692307693,0.0,0.5063955560326576,0.5194425284862518,0.09309989959001541,0.2907610237598419,0.0,0.0,0.0,0.0,0.0,18473,global,0.0
1,5,lr1e-04_bs16_drop0p4_temp1p0_a0p25_b0p05__wd1e-04trmiss0_degmodglobal,16,0.0001,0.0001,0.4,1.0,0.25,0.05,lr1e-04_bs16_drop0p4_temp1p0_a0p25_b0p05__wd1e-04trmiss0_degmodglobal,61,0.543922021985054,0.6171890497207642,0.7777777777777778,0.8691718775052109,0.7692307692307693,0.0,0.5028840601444244,0.5129242688417435,0.07335994206368923,0.2531554512679577,0.0,0.0,0.0,0.0,0.0,18473,global,0.0
1,5,lr1e-04_bs16_drop0p4_temp1p0_a0p25_b0p05__wd1e-04trmiss0_degmodglobal,16,0.0001,0.0001,0.4,1.0,0.25,0.05,lr1e-04_bs16_drop0p4_temp1p0_a0p25_b0p05__wd1e-04trmiss0_degmodglobal,62,0.5359835028648376,0.6195279955863953,0.7777777777777778,0.8691718775052109,0.8461538461538461,0.0,0.5181155651807785,0.5105322822928429,0.06260584108531475,0.1959950588643551,0.0,0.0,0.0,0.0,0.0,18473,global,0.0
1,5,lr1e-04_bs16_drop0p4_temp1p0_a0p25_b0p05__wd1e-04trmiss0_degmodglobal,16,0.0001,0.0001,0.4,1.0,0.25,0.05,lr1e-04_bs16_drop0p4_temp1p0_a0p25_b0p05__wd1e-04trmiss0_degmodglobal,63,0.5396116748452187,0.6187968850135803,0.7777777777777778,0.8691718775052109,0.8461538461538461,0.0,0.5338046476244926,0.49835824966430664,0.10049007274210453,0.3226180300116539,0.0,0.0,0.0,0.0,0.0,18473,global,0.0
1,5,lr1e-04_bs16_drop0p4_temp1p0_a0p25_b0p05__wd1e-04trmiss0_degmodglobal,16,0.0001,0.0001,0.4,1.0,0.25,0.05,lr1e-04_bs16_drop0p4_temp1p0_a0p25_b0p05__wd1e-04trmiss0_degmodglobal,64,0.5807546824216843,0.6240835189819336,0.7777777777777778,0.8691718775052109,0.8461538461538461,0.0,0.5855813175439835,0.5451889634132385,0.08332709968090057,0.29467911273241043,0.0,0.0,0.0,0.0,0.0,18473,global,0.0
1,5,lr1e-04_bs16_drop0p4_temp2p0_a0p25_b0p05__wd1e-04trmiss0_degmodglobal,16,0.0001,0.0001,0.4,2.0,0.25,0.05,lr1e-04_bs16_drop0p4_temp2p0_a0p25_b0p05__wd1e-04trmiss0_degmodglobal,1,0.7379983067512512,0.6914999485015869,0.6111111111111112,0.8177840677840678,0.5384615384615384,0.0,0.712853342294693,0.7018528878688812,0.08434146642684937,0.30120095424354076,0.0,0.0,0.0,0.0,0.0,18473,global,0.0
1,5,lr1e-04_bs16_drop0p4_temp2p0_a0p25_b0p05__wd1e-04trmiss0_degmodglobal,16,0.0001,0.0001,0.4,2.0,0.25,0.05,lr1e-04_bs16_drop0p4_temp2p0_a0p25_b0p05__wd1e-04trmiss0_degmodglobal,2,0.6984904557466507,0.6817728281021118,0.5555555555555556,0.7945597612264279,0.46153846153846156,0.0,0.6572571247816086,0.670944333076477,0.06744089163839817,0.21371793001890182,0.0,0.0,0.0,0.0,0.0,18473,global,0.0
1,5,lr1e-04_bs16_drop0p4_temp2p0_a0p25_b0p05__wd1e-04trmiss0_degmodglobal,16,0.0001,0.0001,0.4,2.0,0.25,0.05,lr1e-04_bs16_drop0p4_temp2p0_a0p25_b0p05__wd1e-04trmiss0_degmodglobal,3,0.6847007423639297,0.686384379863739,0.5277777777777778,0.7797449464116131,0.5384615384615384,0.0,0.6293641328811646,0.6525200307369232,0.08260782528668642,0.2305752970278263,0.0,0.0,0.0,0.0,0.0,18473,global,0.0
1,5,lr1e-04_bs16_drop0p4_temp2p0_a0p25_b0p05__wd1e-04trmiss0_degmodglobal,16,0.0001,0.0001,0.4,2.0,0.25,0.05,lr1e-04_bs16_drop0p4_temp2p0_a0p25_b0p05__wd1e-04trmiss0_degmodglobal,4,0.6459588259458542,0.6839350461959839,0.5277777777777778,0.7778369778369778,0.5384615384615384,0.0,0.6111283898353577,0.6223477572202682,0.05829166341573,0.18076365161687136,0.0,0.0,0.0,0.0,0.0,18473,global,0.0
1,5,lr1e-04_bs16_drop0p4_temp2p0_a0p25_b0p05__wd1e-04trmiss0_degmodglobal,16,0.0001,0.0001,0.4,2.0,0.25,0.05,lr1e-04_bs16_drop0p4_temp2p0_a0p25_b0p05__wd1e-04trmiss0_degmodglobal,5,0.6702170073986053,0.6755678057670593,0.5277777777777778,0.7778369778369778,0.5384615384615384,0.0,0.6268593370914459,0.6215525269508362,0.11147778481245041,0.4159005135297775,0.0,0.0,0.0,0.0,0.0,18473,global,0.0
1,5,lr1e-04_bs16_drop0p4_temp2p0_a0p25_b0p05__wd1e-04trmiss0_degmodglobal,16,0.0001,0.0001,0.4,2.0,0.25,0.05,lr1e-04_bs16_drop0p4_temp2p0_a0p25_b0p05__wd1e-04trmiss0_degmodglobal,6,0.6542026102542877,0.6749860644340515,0.6111111111111112,0.8206669873336541,0.46153846153846156,0.0,0.6218103170394897,0.6117829531431198,0.10218453034758568,0.33747052401304245,0.0,0.0,0.0,0.0,0.0,18473,global,0.0
1,5,lr1e-04_bs16_drop0p4_temp2p0_a0p25_b0p05__wd1e-04trmiss0_degmodglobal,16,0.0001,0.0001,0.4,2.0,0.25,0.05,lr1e-04_bs16_drop0p4_temp2p0_a0p25_b0p05__wd1e-04trmiss0_degmodglobal,7,0.619994267821312,0.6696909666061401,0.6111111111111112,0.8206669873336541,0.46153846153846156,0.0,0.5935812294483185,0.5852880403399467,0.08401011675596237,0.2740740291774273,0.0,0.0,0.0,0.0,0.0,18473,global,0.0
1,5,lr1e-04_bs16_drop0p4_temp2p0_a0p25_b0p05__wd1e-04trmiss0_degmodglobal,16,0.0001,0.0001,0.4,2.0,0.25,0.05,lr1e-04_bs16_drop0p4_temp2p0_a0p25_b0p05__wd1e-04trmiss0_degmodglobal,8,0.6414205878973007,0.6625508069992065,0.6111111111111112,0.8206669873336541,0.46153846153846156,0.0,0.5650851428508759,0.6045638769865036,0.09691377449780703,0.25256521441042423,0.0,0.0,0.0,0.0,0.0,18473,global,0.0
1,5,lr1e-04_bs16_drop0p4_temp2p0_a0p25_b0p05__wd1e-04trmiss0_degmodglobal,16,0.0001,0.0001,0.4,2.0,0.25,0.05,lr1e-04_bs16_drop0p4_temp2p0_a0p25_b0p05__wd1e-04trmiss0_degmodglobal,9,0.6606451869010925,0.6582371592521667,0.6111111111111112,0.8206669873336541,0.38461538461538464,0.0,0.5957366973161697,0.6212613731622696,0.09673489443957806,0.3040016144514084,0.0,0.0,0.0,0.0,0.0,18473,global,0.0
1,5,lr1e-04_bs16_drop0p4_temp2p0_a0p25_b0p05__wd1e-04trmiss0_degmodglobal,16,0.0001,0.0001,0.4,2.0,0.25,0.05,lr1e-04_bs16_drop0p4_temp2p0_a0p25_b0p05__wd1e-04trmiss0_degmodglobal,10,0.6141397356987,0.664026141166687,0.6111111111111112,0.8206669873336541,0.38461538461538464,0.0,0.6011029779911041,0.5627781227231026,0.12325413338840008,0.41096174344420433,0.0,0.0,0.0,0.0,0.0,18473,global,0.0
1,5,lr1e-04_bs16_drop0p4_temp2p0_a0p25_b0p05__wd1e-04trmiss0_degmodglobal,16,0.0001,0.0001,0.4,2.0,0.25,0.05,lr1e-04_bs16_drop0p4_temp2p0_a0p25_b0p05__wd1e-04trmiss0_degmodglobal,11,0.607567772269249,0.6651467084884644,0.6111111111111112,0.8206669873336541,0.5384615384615384,0.0,0.5760035365819931,0.569743886590004,0.09330146759748459,0.28997062146663666,0.0,0.0,0.0,0.0,0.0,18473,global,0.0
1,5,lr1e-04_bs16_drop0p4_temp2p0_a0p25_b0p05__wd1e-04trmiss0_degmodglobal,16,0.0001,0.0001,0.4,2.0,0.25,0.05,lr1e-04_bs16_drop0p4_temp2p0_a0p25_b0p05__wd1e-04trmiss0_degmodglobal,12,0.5818910151720047,0.6633641123771667,0.6388888888888888,0.8354818021484689,0.6153846153846154,0.0,0.5628646314144135,0.5361265242099762,0.11517113819718361,0.3394346162676811,0.0,0.0,0.0,0.0,0.0,18473,global,0.0
1,5,lr1e-04_bs16_drop0p4_temp2p0_a0p25_b0p05__wd1e-04trmiss0_degmodglobal,16,0.0001,0.0001,0.4,2.0,0.25,0.05,lr1e-04_bs16_drop0p4_temp2p0_a0p25_b0p05__wd1e-04trmiss0_degmodglobal,13,0.5807940512895584,0.6687798500061035,0.6111111111111112,0.8206669873336541,0.6153846153846154,0.0,0.5649576038122177,0.5538267344236374,0.07550990767776966,0.16179630160331726,0.0,0.0,0.0,0.0,0.0,18473,global,0.0
1,5,lr1e-04_bs16_drop0p4_temp2p0_a0p25_b0p05__wd1e-04trmiss0_degmodglobal,16,0.0001,0.0001,0.4,2.0,0.25,0.05,lr1e-04_bs16_drop0p4_temp2p0_a0p25_b0p05__wd1e-04trmiss0_degmodglobal,14,0.6206366121768951,0.6676603555679321,0.6111111111111112,0.8206669873336541,0.46153846153846156,0.0,0.559388667345047,0.5955427587032318,0.06586992274969816,0.17252745851874352,0.0,0.0,0.0,0.0,0.0,18473,global,0.0
1,5,lr1e-04_bs16_drop0p4_temp2p0_a0p25_b0p05__wd1e-04trmiss0_degmodglobal,16,0.0001,0.0001,0.4,2.0,0.25,0.05,lr1e-04_bs16_drop0p4_temp2p0_a0p25_b0p05__wd1e-04trmiss0_degmodglobal,15,0.5999503135681152,0.6755754351615906,0.5833333333333333,0.8120250120250121,0.46153846153846156,0.0,0.5587418526411057,0.5603275001049042,0.10033636726438999,0.2907751426100731,0.0,0.0,0.0,0.0,0.0,18473,global,0.0
1,5,lr1e-04_bs16_drop0p4_temp2p0_a0p25_b0p05__wd1e-04trmiss0_degmodglobal,16,0.0001,0.0001,0.4,2.0,0.25,0.05,lr1e-04_bs16_drop0p4_temp2p0_a0p25_b0p05__wd1e-04trmiss0_degmodglobal,16,0.60886549949646,0.6977525949478149,0.5833333333333334,0.799062049062049,0.5384615384615384,0.0,0.5852288454771042,0.5792366117238998,0.07847535517066717,0.20020107552409172,0.0,0.0,0.0,0.0,0.0,18473,global,0.0
1,5,lr1e-04_bs16_drop0p4_temp2p0_a0p25_b0p05__wd1e-04trmiss0_degmodglobal,16,0.0001,0.0001,0.4,2.0,0.25,0.05,lr1e-04_bs16_drop0p4_temp2p0_a0p25_b0p05__wd1e-04trmiss0_degmodglobal,17,0.5762688964605331,0.6847204566001892,0.6388888888888888,0.8400673400673402,0.46153846153846156,0.0,0.5190328434109688,0.5466357171535492,0.08655271399766207,0.15989967994391918,0.0,0.0,0.0,0.0,0.0,18473,global,0.0
1,5,lr1e-04_bs16_drop0p4_temp2p0_a0p25_b0p05__wd1e-04trmiss0_degmodglobal,16,0.0001,0.0001,0.4,2.0,0.25,0.05,lr1e-04_bs16_drop0p4_temp2p0_a0p25_b0p05__wd1e-04trmiss0_degmodglobal,18,0.5835704505443573,0.6824345588684082,0.6388888888888888,0.8400673400673402,0.46153846153846156,0.0,0.5525063276290894,0.5528394430875778,0.07891041226685047,0.2200685255229473,0.0,0.0,0.0,0.0,0.0,18473,global,0.0
1,5,lr1e-04_bs16_drop0p4_temp2p0_a0p25_b0p05__wd1e-04trmiss0_degmodglobal,16,0.0001,0.0001,0.4,2.0,0.25,0.05,lr1e-04_bs16_drop0p4_temp2p0_a0p25_b0p05__wd1e-04trmiss0_degmodglobal,19,0.5920415073633194,0.6844792366027832,0.6388888888888888,0.8400673400673402,0.46153846153846156,0.0,0.5634365826845169,0.5569253861904144,0.08733268268406391,0.2656588517129421,0.0,0.0,0.0,0.0,0.0,18473,global,0.0
1,5,lr1e-04_bs16_drop0p4_temp2p0_a0p25_b0p05__wd1e-04trmiss0_degmodglobal,16,0.0001,0.0001,0.4,2.0,0.25,0.05,lr1e-04_bs16_drop0p4_temp2p0_a0p25_b0p05__wd1e-04trmiss0_degmodglobal,20,0.5971634835004807,0.6804509162902832,0.6388888888888888,0.8400673400673402,0.46153846153846156,0.0,0.5492058098316193,0.5675375163555145,0.08104167133569717,0.1873111017048359,0.0,0.0,0.0,0.0,0.0,18473,global,0.0
1,5,lr1e-04_bs16_drop0p4_temp2p0_a0p25_b0p05__wd1e-04trmiss0_degmodglobal,16,0.0001,0.0001,0.4,2.0,0.25,0.05,lr1e-04_bs16_drop0p4_temp2p0_a0p25_b0p05__wd1e-04trmiss0_degmodglobal,21,0.546429380774498,0.6773260831832886,0.6388888888888888,0.8264260430927097,0.5384615384615384,0.0,0.5539469867944717,0.5191913545131683,0.06379581708461046,0.22578118927776814,0.0,0.0,0.0,0.0,0.0,18473,global,0.0
1,5,lr1e-04_bs16_drop0p4_temp2p0_a0p25_b0p05__wd1e-04trmiss0_degmodglobal,16,0.0001,0.0001,0.4,2.0,0.25,0.05,lr1e-04_bs16_drop0p4_temp2p0_a0p25_b0p05__wd1e-04trmiss0_degmodglobal,22,0.5887234658002853,0.6811922788619995,0.5833333333333333,0.7807470307470308,0.6153846153846154,0.0,0.521284706890583,0.559698149561882,0.08225993998348713,0.1692067594267428,0.0,0.0,0.0,0.0,0.0,18473,global,0.0
1,5,lr1e-04_bs16_drop0p4_temp2p0_a0p25_b0p05__wd1e-04trmiss0_degmodglobal,16,0.0001,0.0001,0.4,2.0,0.25,0.05,lr1e-04_bs16_drop0p4_temp2p0_a0p25_b0p05__wd1e-04trmiss0_degmodglobal,23,0.5693856626749039,0.6775377988815308,0.6111111111111112,0.8177840677840678,0.5384615384615384,0.0,0.5754894465208054,0.5404408425092697,0.07205991540104151,0.2185967219993472,0.0,0.0,0.0,0.0,0.0,18473,global,0.0
1,5,lr1e-04_bs16_drop0p4_temp2p0_a0p25_b0p05__wd1e-04trmiss0_degmodglobal,16,0.0001,0.0001,0.4,2.0,0.25,0.05,lr1e-04_bs16_drop0p4_temp2p0_a0p25_b0p05__wd1e-04trmiss0_degmodglobal,24,0.5928853005170822,0.6749200224876404,0.6111111111111112,0.8177840677840678,0.5384615384615384,0.0,0.586865559220314,0.5579765737056732,0.08200082927942276,0.2881700862199068,0.0,0.0,0.0,0.0,0.0,18473,global,0.0
1,5,lr1e-04_bs16_drop0p4_temp2p0_a0p25_b0p05__wd1e-04trmiss0_degmodglobal,16,0.0001,0.0001,0.4,2.0,0.25,0.05,lr1e-04_bs16_drop0p4_temp2p0_a0p25_b0p05__wd1e-04trmiss0_degmodglobal,25,0.6047932505607605,0.6766283512115479,0.6111111111111112,0.8177840677840678,0.5384615384615384,0.0,0.5429164320230484,0.5533247739076614,0.13593309745192528,0.34970369935035706,0.0,0.0,0.0,0.0,0.0,18473,global,0.0
1,5,lr1e-04_bs16_drop0p4_temp2p0_a0p25_b0p05__wd1e-04trmiss0_degmodglobal,16,0.0001,0.0001,0.4,2.0,0.25,0.05,lr1e-04_bs16_drop0p4_temp2p0_a0p25_b0p05__wd1e-04trmiss0_degmodglobal,26,0.572510376572609,0.6621280908584595,0.6111111111111112,0.8177840677840678,0.6923076923076923,0.0,0.5636069029569626,0.5415561944246292,0.08605464734137058,0.18881017435342073,0.0,0.0,0.0,0.0,0.0,18473,global,0.0
1,5,lr1e-04_bs16_drop0p4_temp2p0_a0p25_b0p05__wd1e-04trmiss0_degmodglobal,16,0.0001,0.0001,0.4,2.0,0.25,0.05,lr1e-04_bs16_drop0p4_temp2p0_a0p25_b0p05__wd1e-04trmiss0_degmodglobal,27,0.5607874691486359,0.6605314612388611,0.6111111111111112,0.8177840677840678,0.6923076923076923,0.0,0.5187133625149727,0.5298102796077728,0.08069753460586071,0.2160564437508583,0.0,0.0,0.0,0.0,0.0,18473,global,0.0
1,5,lr1e-04_bs16_drop0p4_temp2p0_a0p25_b0p05__wd1e-04trmiss0_degmodglobal,16,0.0001,0.0001,0.4,2.0,0.25,0.05,lr1e-04_bs16_drop0p4_temp2p0_a0p25_b0p05__wd1e-04trmiss0_degmodglobal,28,0.5805422514677048,0.6612979173660278,0.5833333333333334,0.811050061050061,0.6923076923076923,0.0,0.5254264324903488,0.5468251556158066,0.09354750625789165,0.2066045217216015,0.0,0.0,0.0,0.0,0.0,18473,global,0.0
1,5,lr1e-04_bs16_drop0p4_temp2p0_a0p25_b0p05__wd1e-04trmiss0_degmodglobal,16,0.0001,0.0001,0.4,2.0,0.25,0.05,lr1e-04_bs16_drop0p4_temp2p0_a0p25_b0p05__wd1e-04trmiss0_degmodglobal,29,0.5736449062824249,0.6644917726516724,0.5555555555555556,0.7740130240130241,0.6923076923076923,0.0,0.5620513707399368,0.521675169467926,0.12601986154913902,0.40929557755589485,0.0,0.0,0.0,0.0,0.0,18473,global,0.0
1,5,lr1e-04_bs16_drop0p4_temp2p0_a0p25_b0p05__wd1e-04trmiss0_degmodglobal,16,0.0001,0.0001,0.4,2.0,0.25,0.05,lr1e-04_bs16_drop0p4_temp2p0_a0p25_b0p05__wd1e-04trmiss0_degmodglobal,30,0.5459662154316902,0.6649562120437622,0.5833333333333334,0.811050061050061,0.6923076923076923,0.0,0.53102707862854,0.5127892792224884,0.090618503279984,0.21044611930847168,0.0,0.0,0.0,0.0,0.0,18473,global,0.0
1,5,lr1e-04_bs16_drop0p4_temp2p0_a0p25_b0p05__wd1e-04trmiss0_degmodglobal,16,0.0001,0.0001,0.4,2.0,0.25,0.05,lr1e-04_bs16_drop0p4_temp2p0_a0p25_b0p05__wd1e-04trmiss0_degmodglobal,31,0.5519799292087555,0.6729727983474731,0.5277777777777778,0.7669423169423171,0.6923076923076923,0.0,0.5248539596796036,0.5279199928045273,0.06490370724350214,0.15668001398444176,0.0,0.0,0.0,0.0,0.0,18473,global,0.0
1,5,lr1e-04_bs16_drop0p4_temp2p0_a0p25_b0p05__wd1e-04trmiss0_degmodglobal,16,0.0001,0.0001,0.4,2.0,0.25,0.05,lr1e-04_bs16_drop0p4_temp2p0_a0p25_b0p05__wd1e-04trmiss0_degmodglobal,32,0.5476590394973755,0.6731217503547668,0.5555555555555556,0.7740130240130241,0.6923076923076923,0.0,0.49712442606687546,0.516996867954731,0.08258240949362516,0.20033136196434498,0.0,0.0,0.0,0.0,0.0,18473,global,0.0
1,5,lr5e-05_bs16_drop0p2_temp1p0_a0p25_b0p05__wd1e-04trmiss0_degmodglobal,16,5e-05,0.0001,0.2,1.0,0.25,0.05,lr5e-05_bs16_drop0p2_temp1p0_a0p25_b0p05__wd1e-04trmiss0_degmodglobal,1,0.6944368928670883,0.6665442585945129,0.4444444444444444,0.7800375550375551,0.46153846153846156,0.0,0.6863642930984497,0.6651499271392822,0.09060353133827448,0.13272177008911967,0.0,0.0,0.0,0.0,0.0,18473,global,0.0
1,5,lr5e-05_bs16_drop0p2_temp1p0_a0p25_b0p05__wd1e-04trmiss0_degmodglobal,16,5e-05,0.0001,0.2,1.0,0.25,0.05,lr5e-05_bs16_drop0p2_temp1p0_a0p25_b0p05__wd1e-04trmiss0_degmodglobal,2,0.6740919500589371,0.6603814363479614,0.4722222222222222,0.78995818995819,0.46153846153846156,0.0,0.6422466933727264,0.6447708010673523,0.0878897774964571,0.14697396010160446,0.0,0.0,0.0,0.0,0.0,18473,global,0.0
1,5,lr5e-05_bs16_drop0p2_temp1p0_a0p25_b0p05__wd1e-04trmiss0_degmodglobal,16,5e-05,0.0001,0.2,1.0,0.25,0.05,lr5e-05_bs16_drop0p2_temp1p0_a0p25_b0p05__wd1e-04trmiss0_degmodglobal,3,0.6256333291530609,0.656814455986023,0.5,0.7896214896214897,0.5384615384615384,0.0,0.6010111421346664,0.6026826351881027,0.07141593471169472,0.10193398967385292,0.0,0.0,0.0,0.0,0.0,18473,global,0.0
1,5,lr5e-05_bs16_drop0p2_temp1p0_a0p25_b0p05__wd1e-04trmiss0_degmodglobal,16,5e-05,0.0001,0.2,1.0,0.25,0.05,lr5e-05_bs16_drop0p2_temp1p0_a0p25_b0p05__wd1e-04trmiss0_degmodglobal,4,0.6231855154037476,0.6547055840492249,0.5555555555555556,0.8266585266585267,0.5384615384615384,0.0,0.6069186925888062,0.5954663753509521,0.08714710362255573,0.1186472731642425,0.0,0.0,0.0,0.0,0.0,18473,global,0.0
1,5,lr5e-05_bs16_drop0p2_temp1p0_a0p25_b0p05__wd1e-04trmiss0_degmodglobal,16,5e-05,0.0001,0.2,1.0,0.25,0.05,lr5e-05_bs16_drop0p2_temp1p0_a0p25_b0p05__wd1e-04trmiss0_degmodglobal,5,0.6336720734834671,0.6511557698249817,0.5833333333333333,0.8398860398860402,0.46153846153846156,0.0,0.5879514962434769,0.6030314117670059,0.09110073372721672,0.15730918385088444,0.0,0.0,0.0,0.0,0.0,18473,global,0.0
1,5,lr5e-05_bs16_drop0p2_temp1p0_a0p25_b0p05__wd1e-04trmiss0_degmodglobal,16,5e-05,0.0001,0.2,1.0,0.25,0.05,lr5e-05_bs16_drop0p2_temp1p0_a0p25_b0p05__wd1e-04trmiss0_degmodglobal,6,0.6313133537769318,0.6498932838439941,0.5833333333333333,0.8398860398860402,0.46153846153846156,0.0,0.5906360596418381,0.5995083898305893,0.0958330538123846,0.15693400148302317,0.0,0.0,0.0,0.0,0.0,18473,global,0.0
1,5,lr5e-05_bs16_drop0p2_temp1p0_a0p25_b0p05__wd1e-04trmiss0_degmodglobal,16,5e-05,0.0001,0.2,1.0,0.25,0.05,lr5e-05_bs16_drop0p2_temp1p0_a0p25_b0p05__wd1e-04trmiss0_degmodglobal,7,0.618889257311821,0.6457868218421936,0.6388888888888888,0.8577872744539412,0.5384615384615384,0.0,0.5529408305883408,0.5814977884292603,0.11272023059427738,0.184228653088212,0.0,0.0,0.0,0.0,0.0,18473,global,0.0
1,5,lr5e-05_bs16_drop0p2_temp1p0_a0p25_b0p05__wd1e-04trmiss0_degmodglobal,16,5e-05,0.0001,0.2,1.0,0.25,0.05,lr5e-05_bs16_drop0p2_temp1p0_a0p25_b0p05__wd1e-04trmiss0_degmodglobal,8,0.6287054568529129,0.6442359089851379,0.6388888888888888,0.8577872744539412,0.6153846153846154,0.0,0.5622987151145935,0.601419135928154,0.08763755299150944,0.10753869079053402,0.0,0.0,0.0,0.0,0.0,18473,global,0.0
1,5,lr5e-05_bs16_drop0p2_temp1p0_a0p25_b0p05__wd1e-04trmiss0_degmodglobal,16,5e-05,0.0001,0.2,1.0,0.25,0.05,lr5e-05_bs16_drop0p2_temp1p0_a0p25_b0p05__wd1e-04trmiss0_degmodglobal,9,0.5960203856229782,0.6402423977851868,0.6944444444444444,0.872602089268756,0.6153846153846154,0.0,0.5541534125804901,0.570119172334671,0.08652266673743725,0.08541076071560383,0.0,0.0,0.0,0.0,0.0,18473,global,0.0
1,5,lr5e-05_bs16_drop0p2_temp1p0_a0p25_b0p05__wd1e-04trmiss0_degmodglobal,16,5e-05,0.0001,0.2,1.0,0.25,0.05,lr5e-05_bs16_drop0p2_temp1p0_a0p25_b0p05__wd1e-04trmiss0_degmodglobal,10,0.620168924331665,0.6334024667739868,0.6944444444444444,0.872602089268756,0.6923076923076923,0.0,0.5435246825218201,0.5851420164108276,0.10924126952886581,0.15433179028332233,0.0,0.0,0.0,0.0,0.0,18473,global,0.0
1,5,lr5e-05_bs16_drop0p2_temp1p0_a0p25_b0p05__wd1e-04trmiss0_degmodglobal,16,5e-05,0.0001,0.2,1.0,0.25,0.05,lr5e-05_bs16_drop0p2_temp1p0_a0p25_b0p05__wd1e-04trmiss0_degmodglobal,11,0.5912802815437317,0.6313724517822266,0.7222222222222221,0.8845068511735179,0.6923076923076923,0.0,0.5622171312570572,0.5613620579242706,0.09129931777715683,0.1418674299493432,0.0,0.0,0.0,0.0,0.0,18473,global,0.0
1,5,lr5e-05_bs16_drop0p2_temp1p0_a0p25_b0p05__wd1e-04trmiss0_degmodglobal,16,5e-05,0.0001,0.2,1.0,0.25,0.05,lr5e-05_bs16_drop0p2_temp1p0_a0p25_b0p05__wd1e-04trmiss0_degmodglobal,12,0.5831655710935593,0.6273714900016785,0.75,0.8953093203093205,0.6923076923076923,0.0,0.5255286395549774,0.5538128614425659,0.09442206285893917,0.11494406871497631,0.0,0.0,0.0,0.0,0.0,18473,global,0.0
1,5,lr5e-05_bs16_drop0p2_temp1p0_a0p25_b0p05__wd1e-04trmiss0_degmodglobal,16,5e-05,0.0001,0.2,1.0,0.25,0.05,lr5e-05_bs16_drop0p2_temp1p0_a0p25_b0p05__wd1e-04trmiss0_degmodglobal,13,0.5864331424236298,0.6355745792388916,0.7222222222222223,0.8872285122285124,0.6923076923076923,0.0,0.5331846624612808,0.5505674183368683,0.11201778799295425,0.15722531080245972,0.0,0.0,0.0,0.0,0.0,18473,global,0.0
1,5,lr5e-05_bs16_drop0p2_temp1p0_a0p25_b0p05__wd1e-04trmiss0_degmodglobal,16,5e-05,0.0001,0.2,1.0,0.25,0.05,lr5e-05_bs16_drop0p2_temp1p0_a0p25_b0p05__wd1e-04trmiss0_degmodglobal,14,0.5872791558504105,0.6282029747962952,0.7777777777777777,0.9138278388278389,0.7692307692307693,0.0,0.5508445203304291,0.544395238161087,0.13288768380880356,0.19323980808258057,0.0,0.0,0.0,0.0,0.0,18473,global,0.0
1,5,lr5e-05_bs16_drop0p2_temp1p0_a0p25_b0p05__wd1e-04trmiss0_degmodglobal,16,5e-05,0.0001,0.2,1.0,0.25,0.05,lr5e-05_bs16_drop0p2_temp1p0_a0p25_b0p05__wd1e-04trmiss0_degmodglobal,15,0.5936448276042938,0.6233386993408203,0.8055555555555555,0.929700854700855,0.7692307692307693,0.0,0.5257190018892288,0.5606900602579117,0.10486902948468924,0.13475000206381083,0.0,0.0,0.0,0.0,0.0,18473,global,0.0
1,5,lr5e-05_bs16_drop0p2_temp1p0_a0p25_b0p05__wd1e-04trmiss0_degmodglobal,16,5e-05,0.0001,0.2,1.0,0.25,0.05,lr5e-05_bs16_drop0p2_temp1p0_a0p25_b0p05__wd1e-04trmiss0_degmodglobal,16,0.602409765124321,0.6146669983863831,0.8333333333333333,0.9435897435897438,0.7692307692307693,0.0,0.5230095013976097,0.5673088431358337,0.11482581309974194,0.12788947485387325,0.0,0.0,0.0,0.0,0.0,18473,global,0.0
1,5,lr5e-05_bs16_drop0p2_temp1p0_a0p25_b0p05__wd1e-04trmiss0_degmodglobal,16,5e-05,0.0001,0.2,1.0,0.25,0.05,lr5e-05_bs16_drop0p2_temp1p0_a0p25_b0p05__wd1e-04trmiss0_degmodglobal,17,0.5787917673587799,0.6078306436538696,0.861111111111111,0.9534662867996202,0.7692307692307693,0.0,0.5435405075550079,0.5497814565896988,0.09480417147278786,0.10618546605110168,0.0,0.0,0.0,0.0,0.0,18473,global,0.0
1,5,lr5e-05_bs16_drop0p2_temp1p0_a0p25_b0p05__wd1e-04trmiss0_degmodglobal,16,5e-05,0.0001,0.2,1.0,0.25,0.05,lr5e-05_bs16_drop0p2_temp1p0_a0p25_b0p05__wd1e-04trmiss0_degmodglobal,18,0.5829636007547379,0.6010101437568665,0.861111111111111,0.9534662867996202,0.7692307692307693,0.0,0.5148380175232887,0.5455921739339828,0.1207774206995964,0.1435413621366024,0.0,0.0,0.0,0.0,0.0,18473,global,0.0
1,5,lr5e-05_bs16_drop0p2_temp1p0_a0p25_b0p05__wd1e-04trmiss0_degmodglobal,16,5e-05,0.0001,0.2,1.0,0.25,0.05,lr5e-05_bs16_drop0p2_temp1p0_a0p25_b0p05__wd1e-04trmiss0_degmodglobal,19,0.5850417762994766,0.5994210243225098,0.8333333333333333,0.9435897435897438,0.7692307692307693,0.0,0.5022074729204178,0.5456081330776215,0.12350902520120144,0.17112795636057854,0.0,0.0,0.0,0.0,0.0,18473,global,0.0
1,5,lr5e-05_bs16_drop0p2_temp1p0_a0p25_b0p05__wd1e-04trmiss0_degmodglobal,16,5e-05,0.0001,0.2,1.0,0.25,0.05,lr5e-05_bs16_drop0p2_temp1p0_a0p25_b0p05__wd1e-04trmiss0_degmodglobal,20,0.5965194553136826,0.5947475433349609,0.861111111111111,0.9534662867996202,0.7692307692307693,0.0,0.54279924929142,0.557356096804142,0.12515955604612827,0.15746924839913845,0.0,0.0,0.0,0.0,0.0,18473,global,0.0
1,5,lr5e-05_bs16_drop0p2_temp1p0_a0p25_b0p05__wd1e-04trmiss0_degmodglobal,16,5e-05,0.0001,0.2,1.0,0.25,0.05,lr5e-05_bs16_drop0p2_temp1p0_a0p25_b0p05__wd1e-04trmiss0_degmodglobal,21,0.5765705555677414,0.5965115427970886,0.8333333333333333,0.9435897435897438,0.7692307692307693,0.0,0.49643574655056,0.535618394613266,0.1312607079744339,0.16273979470133781,0.0,0.0,0.0,0.0,0.0,18473,global,0.0
1,5,lr5e-05_bs16_drop0p2_temp1p0_a0p25_b0p05__wd1e-04trmiss0_degmodglobal,16,5e-05,0.0001,0.2,1.0,0.25,0.05,lr5e-05_bs16_drop0p2_temp1p0_a0p25_b0p05__wd1e-04trmiss0_degmodglobal,22,0.5845647305250168,0.6058945059776306,0.7777777777777778,0.9216200466200468,0.7692307692307693,0.0,0.4883119463920593,0.5462834686040878,0.1192968413233757,0.16914118453860283,0.0,0.0,0.0,0.0,0.0,18473,global,0.0
1,5,lr5e-05_bs16_drop0p2_temp1p0_a0p25_b0p05__wd1e-04trmiss0_degmodglobal,16,5e-05,0.0001,0.2,1.0,0.25,0.05,lr5e-05_bs16_drop0p2_temp1p0_a0p25_b0p05__wd1e-04trmiss0_degmodglobal,23,0.5627118200063705,0.6028427481651306,0.8055555555555555,0.929700854700855,0.7692307692307693,0.0,0.5101466476917267,0.5240970626473427,0.1231541596353054,0.15652458183467388,0.0,0.0,0.0,0.0,0.0,18473,global,0.0
1,5,lr5e-05_bs16_drop0p2_temp1p0_a0p25_b0p05__wd1e-04trmiss0_degmodglobal,16,5e-05,0.0001,0.2,1.0,0.25,0.05,lr5e-05_bs16_drop0p2_temp1p0_a0p25_b0p05__wd1e-04trmiss0_degmodglobal,24,0.5486471951007843,0.6074327230453491,0.7777777777777777,0.9138278388278389,0.7692307692307693,0.0,0.4953564181923866,0.5077013596892357,0.14006229676306248,0.11860542185604572,0.0,0.0,0.0,0.0,0.0,18473,global,0.0
1,5,lr5e-05_bs16_drop0p2_temp1p0_a0p25_b0p05__wd1e-04trmiss0_degmodglobal,16,5e-05,0.0001,0.2,1.0,0.25,0.05,lr5e-05_bs16_drop0p2_temp1p0_a0p25_b0p05__wd1e-04trmiss0_degmodglobal,25,0.5522951036691666,0.6054267287254333,0.8333333333333333,0.9301146384479719,0.7692307692307693,0.0,0.49004265666007996,0.5170856863260269,0.11836839467287064,0.11234607361257076,0.0,0.0,0.0,0.0,0.0,18473,global,0.0
1,5,lr5e-05_bs16_drop0p2_temp1p0_a0p25_b0p05__wd1e-04trmiss0_degmodglobal,16,5e-05,0.0001,0.2,1.0,0.25,0.05,lr5e-05_bs16_drop0p2_temp1p0_a0p25_b0p05__wd1e-04trmiss0_degmodglobal,26,0.5589084774255753,0.6050572991371155,0.8333333333333333,0.9301146384479719,0.7692307692307693,0.0,0.5141780748963356,0.5239605009555817,0.11056181602180004,0.14615083672106266,0.0,0.0,0.0,0.0,0.0,18473,global,0.0
1,5,lr5e-05_bs16_drop0p2_temp1p0_a0p25_b0p05__wd1e-04trmiss0_degmodglobal,16,5e-05,0.0001,0.2,1.0,0.25,0.05,lr5e-05_bs16_drop0p2_temp1p0_a0p25_b0p05__wd1e-04trmiss0_degmodglobal,27,0.5710513442754745,0.6010200381278992,0.8333333333333333,0.9301146384479719,0.7692307692307693,0.0,0.5056459307670593,0.5315463095903397,0.12602431513369083,0.15997928567230701,0.0,0.0,0.0,0.0,0.0,18473,global,0.0
1,5,lr5e-05_bs16_drop0p2_temp1p0_a0p25_b0p05__wd1e-04trmiss0_degmodglobal,16,5e-05,0.0001,0.2,1.0,0.25,0.05,lr5e-05_bs16_drop0p2_temp1p0_a0p25_b0p05__wd1e-04trmiss0_degmodglobal,28,0.5408001095056534,0.5995540022850037,0.8333333333333333,0.9301146384479719,0.7692307692307693,0.0,0.5003753155469894,0.508210301399231,0.11145484633743763,0.09452224522829056,0.0,0.0,0.0,0.0,0.0,18473,global,0.0
1,5,lr5e-05_bs16_drop0p2_temp1p0_a0p25_b0p05__wd1e-04trmiss0_degmodglobal,16,5e-05,0.0001,0.2,1.0,0.25,0.05,lr5e-05_bs16_drop0p2_temp1p0_a0p25_b0p05__wd1e-04trmiss0_degmodglobal,29,0.5616520643234253,0.5966157913208008,0.8333333333333333,0.9301146384479719,0.7692307692307693,0.0,0.4869329333305359,0.5255995541810989,0.11337053403258324,0.15419741719961166,0.0,0.0,0.0,0.0,0.0,18473,global,0.0
1,5,lr5e-05_bs16_drop0p2_temp1p0_a0p25_b0p05__wd1e-04trmiss0_degmodglobal,16,5e-05,0.0001,0.2,1.0,0.25,0.05,lr5e-05_bs16_drop0p2_temp1p0_a0p25_b0p05__wd1e-04trmiss0_degmodglobal,30,0.533489003777504,0.595231294631958,0.8333333333333333,0.9301146384479719,0.7692307692307693,0.0,0.4860042557120323,0.49489689618349075,0.12911604717373848,0.12626185826957226,0.0,0.0,0.0,0.0,0.0,18473,global,0.0
1,5,lr5e-05_bs16_drop0p2_temp1p0_a0p25_b0p05__wd1e-04trmiss0_degmodglobal,16,5e-05,0.0001,0.2,1.0,0.25,0.05,lr5e-05_bs16_drop0p2_temp1p0_a0p25_b0p05__wd1e-04trmiss0_degmodglobal,31,0.540133535861969,0.5938897132873535,0.861111111111111,0.9459876543209877,0.7692307692307693,0.0,0.5073335021734238,0.4998037964105606,0.12420103698968887,0.18558931723237038,0.0,0.0,0.0,0.0,0.0,18473,global,0.0
1,5,lr5e-05_bs16_drop0p2_temp1p0_a0p25_b0p05__wd1e-04trmiss0_degmodglobal,16,5e-05,0.0001,0.2,1.0,0.25,0.05,lr5e-05_bs16_drop0p2_temp1p0_a0p25_b0p05__wd1e-04trmiss0_degmodglobal,32,0.574382409453392,0.5894360542297363,0.8333333333333333,0.9301146384479719,0.7692307692307693,0.0,0.4980827867984772,0.5323158875107765,0.1252119243144989,0.2152707353234291,0.0,0.0,0.0,0.0,0.0,18473,global,0.0
1,5,lr5e-05_bs16_drop0p2_temp1p0_a0p25_b0p05__wd1e-04trmiss0_degmodglobal,16,5e-05,0.0001,0.2,1.0,0.25,0.05,lr5e-05_bs16_drop0p2_temp1p0_a0p25_b0p05__wd1e-04trmiss0_degmodglobal,33,0.5545893311500549,0.5923013091087341,0.8333333333333333,0.9301146384479719,0.7692307692307693,0.0,0.4696512371301651,0.5173002928495407,0.11757054552435875,0.1579282097518444,0.0,0.0,0.0,0.0,0.0,18473,global,0.0
1,5,lr5e-05_bs16_drop0p2_temp1p0_a0p25_b0p05__wd1e-04trmiss0_degmodglobal,16,5e-05,0.0001,0.2,1.0,0.25,0.05,lr5e-05_bs16_drop0p2_temp1p0_a0p25_b0p05__wd1e-04trmiss0_degmodglobal,34,0.549359604716301,0.5878110527992249,0.8333333333333333,0.9301146384479719,0.7692307692307693,0.0,0.470229335129261,0.5076118186116219,0.13820737786591053,0.14391884207725525,0.0,0.0,0.0,0.0,0.0,18473,global,0.0
1,5,lr5e-05_bs16_drop0p2_temp1p0_a0p25_b0p05__wd1e-04trmiss0_degmodglobal,16,5e-05,0.0001,0.2,1.0,0.25,0.05,lr5e-05_bs16_drop0p2_temp1p0_a0p25_b0p05__wd1e-04trmiss0_degmodglobal,35,0.5514895021915436,0.5899528861045837,0.8333333333333333,0.9301146384479719,0.7692307692307693,0.0,0.4574901610612869,0.5075534209609032,0.14219039678573608,0.16776972450315952,0.0,0.0,0.0,0.0,0.0,18473,global,0.0
1,5,lr5e-05_bs16_drop0p2_temp1p0_a0p25_b0p05__wd1e-04trmiss0_degmodglobal,16,5e-05,0.0001,0.2,1.0,0.25,0.05,lr5e-05_bs16_drop0p2_temp1p0_a0p25_b0p05__wd1e-04trmiss0_degmodglobal,36,0.5252832695841789,0.5863736271858215,0.8333333333333333,0.9301146384479719,0.7692307692307693,0.0,0.46730847656726837,0.47593775391578674,0.16387709975242615,0.16752502135932446,0.0,0.0,0.0,0.0,0.0,18473,global,0.0
1,5,lr5e-05_bs16_drop0p2_temp1p0_a0p25_b0p05__wd1e-04trmiss0_degmodglobal,16,5e-05,0.0001,0.2,1.0,0.25,0.05,lr5e-05_bs16_drop0p2_temp1p0_a0p25_b0p05__wd1e-04trmiss0_degmodglobal,37,0.548791915178299,0.5882855653762817,0.861111111111111,0.9459876543209877,0.7692307692307693,0.0,0.4787757024168968,0.5160934627056122,0.11285290867090225,0.08970515988767147,0.0,0.0,0.0,0.0,0.0,18473,global,0.0
1,5,lr5e-05_bs16_drop0p2_temp1p0_a0p25_b0p05__wd1e-04trmiss0_degmodglobal,16,5e-05,0.0001,0.2,1.0,0.25,0.05,lr5e-05_bs16_drop0p2_temp1p0_a0p25_b0p05__wd1e-04trmiss0_degmodglobal,38,0.5600050687789917,0.5879703760147095,0.8333333333333333,0.9301146384479719,0.7692307692307693,0.0,0.4742877036333084,0.5186384171247482,0.13819462060928345,0.13636026345193386,0.0,0.0,0.0,0.0,0.0,18473,global,0.0
1,5,lr5e-05_bs16_drop0p2_temp1p0_a0p25_b0p05__wd1e-04trmiss0_degmodglobal,16,5e-05,0.0001,0.2,1.0,0.25,0.05,lr5e-05_bs16_drop0p2_temp1p0_a0p25_b0p05__wd1e-04trmiss0_degmodglobal,39,0.531251460313797,0.586664617061615,0.8333333333333333,0.9301146384479719,0.7692307692307693,0.0,0.47792818397283554,0.49593040347099304,0.11980609595775604,0.1073911003768444,0.0,0.0,0.0,0.0,0.0,18473,global,0.0
1,5,lr5e-05_bs16_drop0p2_temp1p0_a0p25_b0p05__wd1e-04trmiss0_degmodglobal,16,5e-05,0.0001,0.2,1.0,0.25,0.05,lr5e-05_bs16_drop0p2_temp1p0_a0p25_b0p05__wd1e-04trmiss0_degmodglobal,40,0.5513725876808167,0.5865366458892822,0.8888888888888888,0.9598765432098768,0.7692307692307693,0.0,0.4763313829898834,0.5180369913578033,0.11329950578510761,0.10021436400711536,0.0,0.0,0.0,0.0,0.0,18473,global,0.0
1,5,lr5e-05_bs16_drop0p2_temp1p0_a0p25_b0p05__wd1e-04trmiss0_degmodglobal,16,5e-05,0.0001,0.2,1.0,0.25,0.05,lr5e-05_bs16_drop0p2_temp1p0_a0p25_b0p05__wd1e-04trmiss0_degmodglobal,41,0.5758125334978104,0.5849072337150574,0.8888888888888888,0.9598765432098768,0.7692307692307693,0.0,0.4759419783949852,0.5407460629940033,0.11468174494802952,0.12792089395225048,0.0,0.0,0.0,0.0,0.0,18473,global,0.0
1,5,lr5e-05_bs16_drop0p2_temp1p0_a0p25_b0p05__wd1e-04trmiss0_degmodglobal,16,5e-05,0.0001,0.2,1.0,0.25,0.05,lr5e-05_bs16_drop0p2_temp1p0_a0p25_b0p05__wd1e-04trmiss0_degmodglobal,42,0.5723435282707214,0.5835056304931641,0.861111111111111,0.9459876543209877,0.8461538461538461,0.0,0.45353539288043976,0.520208828151226,0.16551324725151062,0.21512723341584206,0.0,0.0,0.0,0.0,0.0,18473,global,0.0
1,5,lr5e-05_bs16_drop0p2_temp1p0_a0p25_b0p05__wd1e-04trmiss0_degmodglobal,16,5e-05,0.0001,0.2,1.0,0.25,0.05,lr5e-05_bs16_drop0p2_temp1p0_a0p25_b0p05__wd1e-04trmiss0_degmodglobal,43,0.5531516224145889,0.5881347060203552,0.8333333333333333,0.9301146384479719,0.7692307692307693,0.0,0.48118777573108673,0.5162256732583046,0.11877201497554779,0.14465909637510777,0.0,0.0,0.0,0.0,0.0,18473,global,0.0
1,5,lr5e-05_bs16_drop0p2_temp1p0_a0p25_b0p05__wd1e-04trmiss0_degmodglobal,16,5e-05,0.0001,0.2,1.0,0.25,0.05,lr5e-05_bs16_drop0p2_temp1p0_a0p25_b0p05__wd1e-04trmiss0_degmodglobal,44,0.5262937694787979,0.5912383794784546,0.8888888888888888,0.9598765432098768,0.7692307692307693,0.0,0.4707421809434891,0.489410936832428,0.12056597508490086,0.13482702057808638,0.0,0.0,0.0,0.0,0.0,18473,global,0.0
1,5,lr5e-05_bs16_drop0p2_temp1p0_a0p25_b0p05__wd1e-04trmiss0_degmodglobal,16,5e-05,0.0001,0.2,1.0,0.25,0.05,lr5e-05_bs16_drop0p2_temp1p0_a0p25_b0p05__wd1e-04trmiss0_degmodglobal,45,0.5592402517795563,0.592980682849884,0.8888888888888888,0.9598765432098768,0.7692307692307693,0.0,0.47235189378261566,0.5179373919963837,0.13434463739395142,0.1543337069451809,0.0,0.0,0.0,0.0,0.0,18473,global,0.0
1,5,lr5e-05_bs16_drop0p2_temp1p0_a0p25_b0p05__wd1e-04trmiss0_degmodglobal,16,5e-05,0.0001,0.2,1.0,0.25,0.05,lr5e-05_bs16_drop0p2_temp1p0_a0p25_b0p05__wd1e-04trmiss0_degmodglobal,46,0.5599492639303207,0.5967374444007874,0.8333333333333333,0.9395773979107314,0.7692307692307693,0.0,0.4855497479438782,0.5151537507772446,0.14483842812478542,0.17171833664178848,0.0,0.0,0.0,0.0,0.0,18473,global,0.0
1,5,lr5e-05_bs16_drop0p2_temp1p0_a0p25_b0p05__wd1e-04trmiss0_degmodglobal,16,5e-05,0.0001,0.2,1.0,0.25,0.05,lr5e-05_bs16_drop0p2_temp1p0_a0p25_b0p05__wd1e-04trmiss0_degmodglobal,47,0.5585552453994751,0.5910852551460266,0.8888888888888888,0.9598765432098768,0.7692307692307693,0.0,0.4679604843258858,0.5156412124633789,0.14347853139042854,0.1408882513642311,0.0,0.0,0.0,0.0,0.0,18473,global,0.0
1,5,lr5e-05_bs16_drop0p2_temp1p0_a0p25_b0p05__wd1e-04trmiss0_degmodglobal,16,5e-05,0.0001,0.2,1.0,0.25,0.05,lr5e-05_bs16_drop0p2_temp1p0_a0p25_b0p05__wd1e-04trmiss0_degmodglobal,48,0.556073397397995,0.5938683152198792,0.8333333333333333,0.9395773979107314,0.7692307692307693,0.0,0.45222746580839157,0.5083166062831879,0.15050167217850685,0.2026272416114807,0.0,0.0,0.0,0.0,0.0,18473,global,0.0
1,5,lr5e-05_bs16_drop0p2_temp1p0_a0p25_b0p05__wd1e-04trmiss0_degmodglobal,16,5e-05,0.0001,0.2,1.0,0.25,0.05,lr5e-05_bs16_drop0p2_temp1p0_a0p25_b0p05__wd1e-04trmiss0_degmodglobal,49,0.5680150538682938,0.6023562550544739,0.8055555555555556,0.9237043820377155,0.7692307692307693,0.0,0.45622557401657104,0.5160234719514847,0.16740753687918186,0.20279412530362606,0.0,0.0,0.0,0.0,0.0,18473,global,0.0
1,5,lr5e-05_bs16_drop0p2_temp1p0_a0p25_b0p05__wd1e-04trmiss0_degmodglobal,16,5e-05,0.0001,0.2,1.0,0.25,0.05,lr5e-05_bs16_drop0p2_temp1p0_a0p25_b0p05__wd1e-04trmiss0_degmodglobal,50,0.5444774180650711,0.6052044034004211,0.8055555555555556,0.9237043820377155,0.7692307692307693,0.0,0.46038374304771423,0.49093587696552277,0.16494888067245483,0.24608663842082024,0.0,0.0,0.0,0.0,0.0,18473,global,0.0
1,5,lr5e-05_bs16_drop0p2_temp1p0_a0p25_b0p05__wd1e-04trmiss0_degmodglobal,16,5e-05,0.0001,0.2,1.0,0.25,0.05,lr5e-05_bs16_drop0p2_temp1p0_a0p25_b0p05__wd1e-04trmiss0_degmodglobal,51,0.5352725684642792,0.6013292670249939,0.8055555555555556,0.9237043820377155,0.7692307692307693,0.0,0.45236601680517197,0.4887130409479141,0.15956074744462967,0.1333864303305745,0.0,0.0,0.0,0.0,0.0,18473,global,0.0
1,5,lr5e-05_bs16_drop0p2_temp1p0_a0p25_b0p05__wd1e-04trmiss0_degmodglobal,16,5e-05,0.0001,0.2,1.0,0.25,0.05,lr5e-05_bs16_drop0p2_temp1p0_a0p25_b0p05__wd1e-04trmiss0_degmodglobal,52,0.5420471131801605,0.6009571552276611,0.8333333333333333,0.9395773979107314,0.7692307692307693,0.0,0.4516034945845604,0.4945327341556549,0.16176068410277367,0.14148403890430927,0.0,0.0,0.0,0.0,0.0,18473,global,0.0
1,5,lr5e-05_bs16_drop0p2_temp1p0_a0p25_b0p05__wd1e-04trmiss0_degmodglobal,16,5e-05,0.0001,0.2,1.0,0.25,0.05,lr5e-05_bs16_drop0p2_temp1p0_a0p25_b0p05__wd1e-04trmiss0_degmodglobal,53,0.6101888865232468,0.5961443781852722,0.8055555555555556,0.9237043820377155,0.7692307692307693,0.0,0.47665343433618546,0.5513840541243553,0.18065555021166801,0.27281922474503517,0.0,0.0,0.0,0.0,0.0,18473,global,0.0
1,5,lr5e-05_bs16_drop0p2_temp1p0_a0p25_b0p05__wd1e-04trmiss0_degmodglobal,16,5e-05,0.0001,0.2,1.0,0.25,0.05,lr5e-05_bs16_drop0p2_temp1p0_a0p25_b0p05__wd1e-04trmiss0_degmodglobal,54,0.5364154279232025,0.5929986238479614,0.8055555555555556,0.9237043820377155,0.7692307692307693,0.0,0.4528743252158165,0.4994170665740967,0.1316370852291584,0.08178234472870827,0.0,0.0,0.0,0.0,0.0,18473,global,0.0
1,5,lr5e-05_bs16_drop0p2_temp1p0_a0p25_b0p05__wd1e-04trmiss0_degmodglobal,16,5e-05,0.0001,0.2,1.0,0.25,0.05,lr5e-05_bs16_drop0p2_temp1p0_a0p25_b0p05__wd1e-04trmiss0_degmodglobal,55,0.5649562776088715,0.5926784873008728,0.8333333333333333,0.9301146384479719,0.7692307692307693,0.0,0.4428378567099571,0.518310621380806,0.15585456416010857,0.15364009886980057,0.0,0.0,0.0,0.0,0.0,18473,global,0.0
1,5,lr5e-05_bs16_drop0p2_temp1p0_a0p25_b0p05__wd1e-04trmiss0_degmodglobal,16,5e-05,0.0001,0.2,1.0,0.25,0.05,lr5e-05_bs16_drop0p2_temp1p0_a0p25_b0p05__wd1e-04trmiss0_degmodglobal,56,0.5342981368303299,0.5922635197639465,0.8333333333333333,0.9301146384479719,0.7692307692307693,0.0,0.4529060274362564,0.48165926337242126,0.17054098844528198,0.20007266476750374,0.0,0.0,0.0,0.0,0.0,18473,global,0.0
1,5,lr5e-05_bs16_drop0p2_temp1p0_a0p25_b0p05__wd1e-04trmiss0_degmodglobal,16,5e-05,0.0001,0.2,1.0,0.25,0.05,lr5e-05_bs16_drop0p2_temp1p0_a0p25_b0p05__wd1e-04trmiss0_degmodglobal,57,0.5631571412086487,0.592826783657074,0.8055555555555556,0.9237043820377155,0.7692307692307693,0.0,0.45119839161634445,0.5143612921237946,0.1556113213300705,0.19786034524440765,0.0,0.0,0.0,0.0,0.0,18473,global,0.0
1,5,lr5e-05_bs16_drop0p2_temp1p0_a0p25_b0p05__wd1e-04trmiss0_degmodglobal,16,5e-05,0.0001,0.2,1.0,0.25,0.05,lr5e-05_bs16_drop0p2_temp1p0_a0p25_b0p05__wd1e-04trmiss0_degmodglobal,58,0.5113226398825645,0.594220757484436,0.8055555555555556,0.9237043820377155,0.7692307692307693,0.0,0.4246257543563843,0.4501545801758766,0.20379375666379929,0.2043926827609539,0.0,0.0,0.0,0.0,0.0,18473,global,0.0
1,5,lr5e-05_bs16_drop0p2_temp1p0_a0p25_b0p05__wd1e-04trmiss0_degmodglobal,16,5e-05,0.0001,0.2,1.0,0.25,0.05,lr5e-05_bs16_drop0p2_temp1p0_a0p25_b0p05__wd1e-04trmiss0_degmodglobal,59,0.5591624826192856,0.5919889807701111,0.8055555555555556,0.9237043820377155,0.7692307692307693,0.0,0.46663350611925125,0.5128246769309044,0.14552468061447144,0.19913267344236374,0.0,0.0,0.0,0.0,0.0,18473,global,0.0
1,5,lr5e-05_bs16_drop0p2_temp1p0_a0p25_b0p05__wd1e-04trmiss0_degmodglobal,16,5e-05,0.0001,0.2,1.0,0.25,0.05,lr5e-05_bs16_drop0p2_temp1p0_a0p25_b0p05__wd1e-04trmiss0_degmodglobal,60,0.5424060225486755,0.5996119379997253,0.7777777777777778,0.9121572871572874,0.7692307692307693,0.0,0.43910476565361023,0.49808281660079956,0.14619174040853977,0.1555053722113371,0.0,0.0,0.0,0.0,0.0,18473,global,0.0
1,5,lr5e-05_bs16_drop0p2_temp1p0_a0p25_b0p05__wd1e-04trmiss0_degmodglobal,16,5e-05,0.0001,0.2,1.0,0.25,0.05,lr5e-05_bs16_drop0p2_temp1p0_a0p25_b0p05__wd1e-04trmiss0_degmodglobal,61,0.5352226942777634,0.5961615443229675,0.8055555555555556,0.9202380952380953,0.7692307692307693,0.0,0.4371962547302246,0.4839354380965233,0.1671407949179411,0.19004096649587154,0.0,0.0,0.0,0.0,0.0,18473,global,0.0
1,5,lr5e-05_bs16_drop0p2_temp2p0_a0p25_b0p05__wd1e-04trmiss0_degmodglobal,16,5e-05,0.0001,0.2,2.0,0.25,0.05,lr5e-05_bs16_drop0p2_temp2p0_a0p25_b0p05__wd1e-04trmiss0_degmodglobal,1,0.8183581531047821,0.7423335313796997,0.4722222222222222,0.7142567309233976,0.3076923076923077,0.0,0.669497936964035,0.7723403871059418,0.10414117202162743,0.3996491879224777,0.0,0.0,0.0,0.0,0.0,18473,global,0.0
1,5,lr5e-05_bs16_drop0p2_temp2p0_a0p25_b0p05__wd1e-04trmiss0_degmodglobal,16,5e-05,0.0001,0.2,2.0,0.25,0.05,lr5e-05_bs16_drop0p2_temp2p0_a0p25_b0p05__wd1e-04trmiss0_degmodglobal,2,0.7994011491537094,0.745122492313385,0.5555555555555556,0.7363235529902197,0.3076923076923077,0.0,0.6369137018918991,0.7547862678766251,0.10581868700683117,0.36320409178733826,0.0,0.0,0.0,0.0,0.0,18473,global,0.0
1,5,lr5e-05_bs16_drop0p2_temp2p0_a0p25_b0p05__wd1e-04trmiss0_degmodglobal,16,5e-05,0.0001,0.2,2.0,0.25,0.05,lr5e-05_bs16_drop0p2_temp2p0_a0p25_b0p05__wd1e-04trmiss0_degmodglobal,3,0.7821924835443497,0.7505819201469421,0.41666666666666663,0.6988807488807489,0.3076923076923077,0.0,0.6279872804880142,0.745805948972702,0.0843263603746891,0.3060985803604126,0.0,0.0,0.0,0.0,0.0,18473,global,0.0
1,5,lr5e-05_bs16_drop0p2_temp2p0_a0p25_b0p05__wd1e-04trmiss0_degmodglobal,16,5e-05,0.0001,0.2,2.0,0.25,0.05,lr5e-05_bs16_drop0p2_temp2p0_a0p25_b0p05__wd1e-04trmiss0_degmodglobal,4,0.7291224300861359,0.7573962807655334,0.3888888888888889,0.6896214896214896,0.3076923076923077,0.0,0.6038772165775299,0.6972217857837677,0.07500761421397328,0.2629748973995447,0.0,0.0,0.0,0.0,0.0,18473,global,0.0
1,5,lr5e-05_bs16_drop0p2_temp2p0_a0p25_b0p05__wd1e-04trmiss0_degmodglobal,16,5e-05,0.0001,0.2,2.0,0.25,0.05,lr5e-05_bs16_drop0p2_temp2p0_a0p25_b0p05__wd1e-04trmiss0_degmodglobal,5,0.7234531193971634,0.7619749307632446,0.3611111111111111,0.6797008547008547,0.3076923076923077,0.0,0.6163419187068939,0.689671590924263,0.08284158259630203,0.2614229880273342,0.0,0.0,0.0,0.0,0.0,18473,global,0.0
1,5,lr5e-05_bs16_drop0p2_temp2p0_a0p25_b0p05__wd1e-04trmiss0_degmodglobal,16,5e-05,0.0001,0.2,2.0,0.25,0.05,lr5e-05_bs16_drop0p2_temp2p0_a0p25_b0p05__wd1e-04trmiss0_degmodglobal,6,0.7273608446121216,0.7667836546897888,0.33333333333333337,0.669118844118844,0.3076923076923077,0.0,0.6159721165895462,0.6921946257352829,0.08416209183633327,0.2825141176581383,0.0,0.0,0.0,0.0,0.0,18473,global,0.0
1,5,lr5e-05_bs16_drop0p2_temp2p0_a0p25_b0p05__wd1e-04trmiss0_degmodglobal,16,5e-05,0.0001,0.2,2.0,0.25,0.05,lr5e-05_bs16_drop0p2_temp2p0_a0p25_b0p05__wd1e-04trmiss0_degmodglobal,7,0.6979646682739258,0.7714773416519165,0.3055555555555556,0.658007733007733,0.3076923076923077,0.0,0.5576418042182922,0.6583039462566376,0.09429348073899746,0.3217466101050377,0.0,0.0,0.0,0.0,0.0,18473,global,0.0
1,5,lr5e-05_bs16_drop0p2_temp2p0_a0p25_b0p05__wd1e-04trmiss0_degmodglobal,16,5e-05,0.0001,0.2,2.0,0.25,0.05,lr5e-05_bs16_drop0p2_temp2p0_a0p25_b0p05__wd1e-04trmiss0_degmodglobal,8,0.6678938716650009,0.7700226902961731,0.3055555555555556,0.658007733007733,0.3076923076923077,0.0,0.5779514461755753,0.624256893992424,0.10378859005868435,0.3537968173623085,0.0,0.0,0.0,0.0,0.0,18473,global,0.0
1,5,lr5e-05_bs16_drop0p2_temp2p0_a0p25_b0p05__wd1e-04trmiss0_degmodglobal,16,5e-05,0.0001,0.2,2.0,0.25,0.05,lr5e-05_bs16_drop0p2_temp2p0_a0p25_b0p05__wd1e-04trmiss0_degmodglobal,9,0.6756543964147568,0.7704415917396545,0.3333333333333333,0.6647417397417397,0.3076923076923077,0.0,0.5923978686332703,0.6372293829917908,0.08789130952209234,0.329043909907341,0.0,0.0,0.0,0.0,0.0,18473,global,0.0
1,5,lr5e-05_bs16_drop0p2_temp2p0_a0p25_b0p05__wd1e-04trmiss0_degmodglobal,16,5e-05,0.0001,0.2,2.0,0.25,0.05,lr5e-05_bs16_drop0p2_temp2p0_a0p25_b0p05__wd1e-04trmiss0_degmodglobal,10,0.7109659761190414,0.7755239009857178,0.3333333333333333,0.6647417397417397,0.3076923076923077,0.0,0.5590186566114426,0.6686222702264786,0.09655794501304626,0.3640844076871872,0.0,0.0,0.0,0.0,0.0,18473,global,0.0
1,5,lr5e-05_bs16_drop0p2_temp2p0_a0p25_b0p05__wd1e-04trmiss0_degmodglobal,16,5e-05,0.0001,0.2,2.0,0.25,0.05,lr5e-05_bs16_drop0p2_temp2p0_a0p25_b0p05__wd1e-04trmiss0_degmodglobal,11,0.6492265313863754,0.7733855843544006,0.3333333333333333,0.6647417397417397,0.3076923076923077,0.0,0.5427254661917686,0.6072297245264053,0.10064622201025486,0.33670513331890106,0.0,0.0,0.0,0.0,0.0,18473,global,0.0
1,5,lr5e-05_bs16_drop0p2_temp2p0_a0p25_b0p05__wd1e-04trmiss0_degmodglobal,16,5e-05,0.0001,0.2,2.0,0.25,0.05,lr5e-05_bs16_drop0p2_temp2p0_a0p25_b0p05__wd1e-04trmiss0_degmodglobal,12,0.6586733907461166,0.7728086113929749,0.3333333333333333,0.6647417397417397,0.3076923076923077,0.0,0.5094332695007324,0.6247456222772598,0.07887185178697109,0.28419627249240875,0.0,0.0,0.0,0.0,0.0,18473,global,0.0
1,5,lr5e-05_bs16_drop0p2_temp2p0_a0p25_b0p05__wd1e-04trmiss0_degmodglobal,16,5e-05,0.0001,0.2,2.0,0.25,0.05,lr5e-05_bs16_drop0p2_temp2p0_a0p25_b0p05__wd1e-04trmiss0_degmodglobal,13,0.6394155621528625,0.7695591449737549,0.3055555555555556,0.6091861841861842,0.23076923076923078,0.0,0.5414570420980453,0.5995274186134338,0.09886296652257442,0.3034481331706047,0.0,0.0,0.0,0.0,0.0,18473,global,0.0
1,5,lr5e-05_bs16_drop0p2_temp2p0_a0p25_b0p05__wd1e-04trmiss0_degmodglobal,16,5e-05,0.0001,0.2,2.0,0.25,0.05,lr5e-05_bs16_drop0p2_temp2p0_a0p25_b0p05__wd1e-04trmiss0_degmodglobal,14,0.6516734659671783,0.7720968127250671,0.3055555555555556,0.6091861841861842,0.23076923076923078,0.0,0.5117225050926208,0.6150698661804199,0.08378311060369015,0.3131566569209099,0.0,0.0,0.0,0.0,0.0,18473,global,0.0
1,5,lr5e-05_bs16_drop0p2_temp2p0_a0p25_b0p05__wd1e-04trmiss0_degmodglobal,16,5e-05,0.0001,0.2,2.0,0.25,0.05,lr5e-05_bs16_drop0p2_temp2p0_a0p25_b0p05__wd1e-04trmiss0_degmodglobal,15,0.6472003310918808,0.7681950926780701,0.3333333333333333,0.6647417397417397,0.3076923076923077,0.0,0.5234304964542389,0.6061801016330719,0.10003077425062656,0.32025089859962463,0.0,0.0,0.0,0.0,0.0,18473,global,0.0
1,5,lr5e-05_bs16_drop0p2_temp2p0_a0p25_b0p05__wd1e-04trmiss0_degmodglobal,16,5e-05,0.0001,0.2,2.0,0.25,0.05,lr5e-05_bs16_drop0p2_temp2p0_a0p25_b0p05__wd1e-04trmiss0_degmodglobal,16,0.6510404348373413,0.7686835527420044,0.3333333333333333,0.6647417397417397,0.3076923076923077,0.0,0.5532741844654083,0.6104031801223755,0.0984425637871027,0.32053230702877045,0.0,0.0,0.0,0.0,0.0,18473,global,0.0
1,5,lr5e-05_bs16_drop0p2_temp2p0_a0p25_b0p05__wd1e-04trmiss0_degmodglobal,16,5e-05,0.0001,0.2,2.0,0.25,0.05,lr5e-05_bs16_drop0p2_temp2p0_a0p25_b0p05__wd1e-04trmiss0_degmodglobal,17,0.6483416855335236,0.7676831483840942,0.3333333333333333,0.6647417397417397,0.38461538461538464,0.0,0.49263301491737366,0.6061990410089493,0.10278969071805477,0.32890399917960167,0.0,0.0,0.0,0.0,0.0,18473,global,0.0
1,5,lr5e-05_bs16_drop0p2_temp2p0_a0p25_b0p05__wd1e-04trmiss0_degmodglobal,16,5e-05,0.0001,0.2,2.0,0.25,0.05,lr5e-05_bs16_drop0p2_temp2p0_a0p25_b0p05__wd1e-04trmiss0_degmodglobal,18,0.6302976608276367,0.7644559741020203,0.3333333333333333,0.6647417397417397,0.38461538461538464,0.0,0.49775825440883636,0.58134476095438,0.11766954883933067,0.390710074454546,0.0,0.0,0.0,0.0,0.0,18473,global,0.0
1,5,lr5e-05_bs16_drop0p2_temp2p0_a0p25_b0p05__wd1e-04trmiss0_degmodglobal,16,5e-05,0.0001,0.2,2.0,0.25,0.05,lr5e-05_bs16_drop0p2_temp2p0_a0p25_b0p05__wd1e-04trmiss0_degmodglobal,19,0.6554670482873917,0.7551658749580383,0.3333333333333333,0.6647417397417397,0.38461538461538464,0.0,0.5167529135942459,0.6111705899238586,0.10381673090159893,0.36684567481279373,0.0,0.0,0.0,0.0,0.0,18473,global,0.0
1,5,lr5e-05_bs16_drop0p2_temp2p0_a0p25_b0p05__wd1e-04trmiss0_degmodglobal,16,5e-05,0.0001,0.2,2.0,0.25,0.05,lr5e-05_bs16_drop0p2_temp2p0_a0p25_b0p05__wd1e-04trmiss0_degmodglobal,20,0.6263956278562546,0.760654866695404,0.3333333333333333,0.6647417397417397,0.38461538461538464,0.0,0.4807613268494606,0.5917552560567856,0.07916544377803802,0.29698024690151215,0.0,0.0,0.0,0.0,0.0,18473,global,0.0
1,5,lr5e-05_bs16_drop0p2_temp2p0_a0p25_b0p05__wd1e-04trmiss0_degmodglobal,16,5e-05,0.0001,0.2,2.0,0.25,0.05,lr5e-05_bs16_drop0p2_temp2p0_a0p25_b0p05__wd1e-04trmiss0_degmodglobal,21,0.6584498286247253,0.7661389708518982,0.3333333333333333,0.6647417397417397,0.38461538461538464,0.0,0.48291724920272827,0.6084952503442764,0.12304289266467094,0.3838772028684616,0.0,0.0,0.0,0.0,0.0,18473,global,0.0
1,5,lr5e-05_bs16_drop0p2_temp2p0_a0p25_b0p05__wd1e-04trmiss0_degmodglobal,16,5e-05,0.0001,0.2,2.0,0.25,0.05,lr5e-05_bs16_drop0p2_temp2p0_a0p25_b0p05__wd1e-04trmiss0_degmodglobal,22,0.6348308473825455,0.7660341262817383,0.3333333333333333,0.6647417397417397,0.38461538461538464,0.0,0.4824897423386574,0.5981446504592896,0.09027661569416523,0.282340694218874,0.0,0.0,0.0,0.0,0.0,18473,global,0.0
1,5,lr5e-05_bs16_drop0p2_temp2p0_a0p25_b0p05__wd1e-04trmiss0_degmodglobal,16,5e-05,0.0001,0.2,2.0,0.25,0.05,lr5e-05_bs16_drop0p2_temp2p0_a0p25_b0p05__wd1e-04trmiss0_degmodglobal,23,0.6570218503475189,0.7670553922653198,0.3611111111111111,0.6758528508528507,0.38461538461538464,0.0,0.5057440847158432,0.6151250898838043,0.10223138518631458,0.3267783522605896,0.0,0.0,0.0,0.0,0.0,18473,global,0.0
1,5,lr5e-05_bs16_drop0p2_temp2p0_a0p25_b0p05__wd1e-04trmiss0_degmodglobal,16,5e-05,0.0001,0.2,2.0,0.25,0.05,lr5e-05_bs16_drop0p2_temp2p0_a0p25_b0p05__wd1e-04trmiss0_degmodglobal,24,0.6146692037582397,0.7640218734741211,0.3611111111111111,0.6758528508528507,0.38461538461538464,0.0,0.4663362428545952,0.5774812400341034,0.09098244830965996,0.2888471931219101,0.0,0.0,0.0,0.0,0.0,18473,global,0.0
1,5,lr5e-05_bs16_drop0p2_temp2p0_a0p25_b0p05__wd1e-04trmiss0_degmodglobal,16,5e-05,0.0001,0.2,2.0,0.25,0.05,lr5e-05_bs16_drop0p2_temp2p0_a0p25_b0p05__wd1e-04trmiss0_degmodglobal,25,0.6398129910230637,0.7640897035598755,0.3611111111111111,0.6758528508528507,0.38461538461538464,0.0,0.47952353954315186,0.5976137667894363,0.09577506687492132,0.3651092201471329,0.0,0.0,0.0,0.0,0.0,18473,global,0.0
1,5,lr5e-05_bs16_drop0p4_temp1p0_a0p25_b0p05__wd1e-04trmiss0_degmodglobal,16,5e-05,0.0001,0.4,1.0,0.25,0.05,lr5e-05_bs16_drop0p4_temp1p0_a0p25_b0p05__wd1e-04trmiss0_degmodglobal,1,0.7166582643985748,0.6934587955474854,0.6666666666666667,0.8645212811879479,0.5384615384615384,0.0,0.6728688478469849,0.6926271319389343,0.0657899770885706,0.1516726277768612,0.0,0.0,0.0,0.0,0.0,18473,global,0.0
1,5,lr5e-05_bs16_drop0p4_temp1p0_a0p25_b0p05__wd1e-04trmiss0_degmodglobal,16,5e-05,0.0001,0.4,1.0,0.25,0.05,lr5e-05_bs16_drop0p4_temp1p0_a0p25_b0p05__wd1e-04trmiss0_degmodglobal,2,0.7348838299512863,0.6953842043876648,0.6111111111111112,0.8336570836570838,0.46153846153846156,0.0,0.6172626912593842,0.7075618207454681,0.07149257324635983,0.18897735700011253,0.0,0.0,0.0,0.0,0.0,18473,global,0.0
1,5,lr5e-05_bs16_drop0p4_temp1p0_a0p25_b0p05__wd1e-04trmiss0_degmodglobal,16,5e-05,0.0001,0.4,1.0,0.25,0.05,lr5e-05_bs16_drop0p4_temp1p0_a0p25_b0p05__wd1e-04trmiss0_degmodglobal,3,0.7207939028739929,0.6993482708930969,0.6111111111111112,0.8336570836570838,0.46153846153846156,0.0,0.6246299296617508,0.6914505809545517,0.07546218670904636,0.20955536887049675,0.0,0.0,0.0,0.0,0.0,18473,global,0.0
1,5,lr5e-05_bs16_drop0p4_temp1p0_a0p25_b0p05__wd1e-04trmiss0_degmodglobal,16,5e-05,0.0001,0.4,1.0,0.25,0.05,lr5e-05_bs16_drop0p4_temp1p0_a0p25_b0p05__wd1e-04trmiss0_degmodglobal,4,0.7124365568161011,0.7021207213401794,0.5833333333333334,0.8243978243978245,0.46153846153846156,0.0,0.6764471977949142,0.6805775612592697,0.0834560226649046,0.21990001015365124,0.0,0.0,0.0,0.0,0.0,18473,global,0.0
1,5,lr5e-05_bs16_drop0p4_temp1p0_a0p25_b0p05__wd1e-04trmiss0_degmodglobal,16,5e-05,0.0001,0.4,1.0,0.25,0.05,lr5e-05_bs16_drop0p4_temp1p0_a0p25_b0p05__wd1e-04trmiss0_degmodglobal,5,0.6889617592096329,0.7031300663948059,0.5833333333333334,0.8243978243978245,0.46153846153846156,0.0,0.616476446390152,0.6594119518995285,0.08001362532377243,0.1909283734858036,0.0,0.0,0.0,0.0,0.0,18473,global,0.0
1,5,lr5e-05_bs16_drop0p4_temp1p0_a0p25_b0p05__wd1e-04trmiss0_degmodglobal,16,5e-05,0.0001,0.4,1.0,0.25,0.05,lr5e-05_bs16_drop0p4_temp1p0_a0p25_b0p05__wd1e-04trmiss0_degmodglobal,6,0.70814548432827,0.7020300626754761,0.6111111111111112,0.8336570836570838,0.5384615384615384,0.0,0.600519984960556,0.6770146489143372,0.07700532022863626,0.23759013041853905,0.0,0.0,0.0,0.0,0.0,18473,global,0.0
1,5,lr5e-05_bs16_drop0p4_temp1p0_a0p25_b0p05__wd1e-04trmiss0_degmodglobal,16,5e-05,0.0001,0.4,1.0,0.25,0.05,lr5e-05_bs16_drop0p4_temp1p0_a0p25_b0p05__wd1e-04trmiss0_degmodglobal,7,0.6859976053237915,0.7028455138206482,0.6666666666666667,0.8645212811879479,0.6153846153846154,0.0,0.6255801320075989,0.6596945524215698,0.06657286174595356,0.1931963451206684,0.0,0.0,0.0,0.0,0.0,18473,global,0.0
1,5,lr5e-05_bs16_drop0p4_temp1p0_a0p25_b0p05__wd1e-04trmiss0_degmodglobal,16,5e-05,0.0001,0.4,1.0,0.25,0.05,lr5e-05_bs16_drop0p4_temp1p0_a0p25_b0p05__wd1e-04trmiss0_degmodglobal,8,0.6534308642148972,0.699953556060791,0.6388888888888888,0.8512937679604347,0.5384615384615384,0.0,0.6060581356287003,0.6294703632593155,0.06717361509799957,0.14334195852279663,0.0,0.0,0.0,0.0,0.0,18473,global,0.0
1,5,lr5e-05_bs16_drop0p4_temp1p0_a0p25_b0p05__wd1e-04trmiss0_degmodglobal,16,5e-05,0.0001,0.4,1.0,0.25,0.05,lr5e-05_bs16_drop0p4_temp1p0_a0p25_b0p05__wd1e-04trmiss0_degmodglobal,9,0.675831213593483,0.6975149512290955,0.5833333333333334,0.8223375390042058,0.5384615384615384,0.0,0.615942969918251,0.650200754404068,0.0688285082578659,0.16846664249897003,0.0,0.0,0.0,0.0,0.0,18473,global,0.0
1,5,lr5e-05_bs16_drop0p4_temp1p0_a0p25_b0p05__wd1e-04trmiss0_degmodglobal,16,5e-05,0.0001,0.4,1.0,0.25,0.05,lr5e-05_bs16_drop0p4_temp1p0_a0p25_b0p05__wd1e-04trmiss0_degmodglobal,10,0.689993217587471,0.699458658695221,0.6111111111111112,0.8290715457382125,0.5384615384615384,0.0,0.5918522924184799,0.6633336097002029,0.07685557473450899,0.1489145401865244,0.0,0.0,0.0,0.0,0.0,18473,global,0.0
1,5,lr5e-05_bs16_drop0p4_temp1p0_a0p25_b0p05__wd1e-04trmiss0_degmodglobal,16,5e-05,0.0001,0.4,1.0,0.25,0.05,lr5e-05_bs16_drop0p4_temp1p0_a0p25_b0p05__wd1e-04trmiss0_degmodglobal,11,0.6781871169805527,0.7015315294265747,0.6388888888888888,0.8422990589657258,0.5384615384615384,0.0,0.5836798250675201,0.6423732489347458,0.09268542937934399,0.25284991040825844,0.0,0.0,0.0,0.0,0.0,18473,global,0.0
1,5,lr5e-05_bs16_drop0p4_temp1p0_a0p25_b0p05__wd1e-04trmiss0_degmodglobal,16,5e-05,0.0001,0.4,1.0,0.25,0.05,lr5e-05_bs16_drop0p4_temp1p0_a0p25_b0p05__wd1e-04trmiss0_degmodglobal,12,0.6752469092607498,0.7017782330513,0.6388888888888888,0.8422990589657258,0.5384615384615384,0.0,0.5888383984565735,0.6382748931646347,0.09648874588310719,0.2569967843592167,0.0,0.0,0.0,0.0,0.0,18473,global,0.0
1,5,lr5e-05_bs16_drop0p4_temp1p0_a0p25_b0p05__wd1e-04trmiss0_degmodglobal,16,5e-05,0.0001,0.4,1.0,0.25,0.05,lr5e-05_bs16_drop0p4_temp1p0_a0p25_b0p05__wd1e-04trmiss0_degmodglobal,13,0.6465950608253479,0.6978501677513123,0.6388888888888888,0.8422990589657258,0.5384615384615384,0.0,0.5869858711957932,0.616460308432579,0.08057534508407116,0.1998184248805046,0.0,0.0,0.0,0.0,0.0,18473,global,0.0
1,5,lr5e-05_bs16_drop0p4_temp1p0_a0p25_b0p05__wd1e-04trmiss0_degmodglobal,16,5e-05,0.0001,0.4,1.0,0.25,0.05,lr5e-05_bs16_drop0p4_temp1p0_a0p25_b0p05__wd1e-04trmiss0_degmodglobal,14,0.6799933016300201,0.6986109018325806,0.6388888888888888,0.8422990589657258,0.5384615384615384,0.0,0.5555288940668106,0.6460681557655334,0.08732070028781891,0.24189979955554008,0.0,0.0,0.0,0.0,0.0,18473,global,0.0
1,5,lr5e-05_bs16_drop0p4_temp1p0_a0p25_b0p05__wd1e-04trmiss0_degmodglobal,16,5e-05,0.0001,0.4,1.0,0.25,0.05,lr5e-05_bs16_drop0p4_temp1p0_a0p25_b0p05__wd1e-04trmiss0_degmodglobal,15,0.6542764455080032,0.6924738883972168,0.6666666666666666,0.8542038208704876,0.5384615384615384,0.0,0.596705824136734,0.6206672936677933,0.08571640960872173,0.24360084161162376,0.0,0.0,0.0,0.0,0.0,18473,global,0.0
1,5,lr5e-05_bs16_drop0p4_temp1p0_a0p25_b0p05__wd1e-04trmiss0_degmodglobal,16,5e-05,0.0001,0.4,1.0,0.25,0.05,lr5e-05_bs16_drop0p4_temp1p0_a0p25_b0p05__wd1e-04trmiss0_degmodglobal,16,0.6354898065328598,0.6893860101699829,0.6666666666666666,0.8542038208704876,0.6923076923076923,0.0,0.5612739771604538,0.6129632741212845,0.06384026445448399,0.13132963655516505,0.0,0.0,0.0,0.0,0.0,18473,global,0.0
1,5,lr5e-05_bs16_drop0p4_temp1p0_a0p25_b0p05__wd1e-04trmiss0_degmodglobal,16,5e-05,0.0001,0.4,1.0,0.25,0.05,lr5e-05_bs16_drop0p4_temp1p0_a0p25_b0p05__wd1e-04trmiss0_degmodglobal,17,0.6291656196117401,0.6887997388839722,0.6666666666666666,0.8542038208704876,0.6923076923076923,0.0,0.5660261064767838,0.6051252335309982,0.07069286610931158,0.12734332215040922,0.0,0.0,0.0,0.0,0.0,18473,global,0.0
1,5,lr5e-05_bs16_drop0p4_temp1p0_a0p25_b0p05__wd1e-04trmiss0_degmodglobal,16,5e-05,0.0001,0.4,1.0,0.25,0.05,lr5e-05_bs16_drop0p4_temp1p0_a0p25_b0p05__wd1e-04trmiss0_degmodglobal,18,0.6404310762882233,0.6899175643920898,0.638888888888889,0.8474698141364809,0.6923076923076923,0.0,0.5620178803801537,0.6073497235774994,0.0877957884222269,0.222647862508893,0.0,0.0,0.0,0.0,0.0,18473,global,0.0
1,5,lr5e-05_bs16_drop0p4_temp1p0_a0p25_b0p05__wd1e-04trmiss0_degmodglobal,16,5e-05,0.0001,0.4,1.0,0.25,0.05,lr5e-05_bs16_drop0p4_temp1p0_a0p25_b0p05__wd1e-04trmiss0_degmodglobal,19,0.6367537379264832,0.6883336305618286,0.638888888888889,0.8474698141364809,0.6923076923076923,0.0,0.55314140021801,0.5996087193489075,0.08921136520802975,0.2968432754278183,0.0,0.0,0.0,0.0,0.0,18473,global,0.0
1,5,lr5e-05_bs16_drop0p4_temp1p0_a0p25_b0p05__wd1e-04trmiss0_degmodglobal,16,5e-05,0.0001,0.4,1.0,0.25,0.05,lr5e-05_bs16_drop0p4_temp1p0_a0p25_b0p05__wd1e-04trmiss0_degmodglobal,20,0.6494612097740173,0.6867044568061829,0.6666666666666666,0.8542038208704876,0.6923076923076923,0.0,0.5415485203266144,0.6159384697675705,0.09297958016395569,0.20555663108825684,0.0,0.0,0.0,0.0,0.0,18473,global,0.0
1,5,lr5e-05_bs16_drop0p4_temp1p0_a0p25_b0p05__wd1e-04trmiss0_degmodglobal,16,5e-05,0.0001,0.4,1.0,0.25,0.05,lr5e-05_bs16_drop0p4_temp1p0_a0p25_b0p05__wd1e-04trmiss0_degmodglobal,21,0.634930431842804,0.6873440742492676,0.6944444444444444,0.8764260430927098,0.6923076923076923,0.0,0.5686871856451035,0.6112506538629532,0.06758878473192453,0.13565159775316715,0.0,0.0,0.0,0.0,0.0,18473,global,0.0
1,5,lr5e-05_bs16_drop0p4_temp1p0_a0p25_b0p05__wd1e-04trmiss0_degmodglobal,16,5e-05,0.0001,0.4,1.0,0.25,0.05,lr5e-05_bs16_drop0p4_temp1p0_a0p25_b0p05__wd1e-04trmiss0_degmodglobal,22,0.6631204187870026,0.6916421055793762,0.6111111111111112,0.819692036358703,0.6923076923076923,0.0,0.5293518602848053,0.6324664503335953,0.0768363531678915,0.2288973368704319,0.0,0.0,0.0,0.0,0.0,18473,global,0.0
1,5,lr5e-05_bs16_drop0p4_temp1p0_a0p25_b0p05__wd1e-04trmiss0_degmodglobal,16,5e-05,0.0001,0.4,1.0,0.25,0.05,lr5e-05_bs16_drop0p4_temp1p0_a0p25_b0p05__wd1e-04trmiss0_degmodglobal,23,0.6478988081216812,0.6946125030517578,0.638888888888889,0.8474698141364809,0.6153846153846154,0.0,0.5558729320764542,0.6183926612138748,0.08353295177221298,0.1724581252783537,0.0,0.0,0.0,0.0,0.0,18473,global,0.0
1,5,lr5e-05_bs16_drop0p4_temp1p0_a0p25_b0p05__wd1e-04trmiss0_degmodglobal,16,5e-05,0.0001,0.4,1.0,0.25,0.05,lr5e-05_bs16_drop0p4_temp1p0_a0p25_b0p05__wd1e-04trmiss0_degmodglobal,24,0.6719846278429031,0.7024705410003662,0.6111111111111112,0.819692036358703,0.5384615384615384,0.0,0.5718162804841995,0.6326820701360703,0.10775615833699703,0.24726996570825577,0.0,0.0,0.0,0.0,0.0,18473,global,0.0
1,5,lr5e-05_bs16_drop0p4_temp1p0_a0p25_b0p05__wd1e-04trmiss0_degmodglobal,16,5e-05,0.0001,0.4,1.0,0.25,0.05,lr5e-05_bs16_drop0p4_temp1p0_a0p25_b0p05__wd1e-04trmiss0_degmodglobal,25,0.6555999964475632,0.7067453861236572,0.6111111111111112,0.819692036358703,0.38461538461538464,0.0,0.5405774042010307,0.6225660890340805,0.09083446208387613,0.2065058220177889,0.0,0.0,0.0,0.0,0.0,18473,global,0.0
1,5,lr5e-05_bs16_drop0p4_temp1p0_a0p25_b0p05__wd1e-04trmiss0_degmodglobal,16,5e-05,0.0001,0.4,1.0,0.25,0.05,lr5e-05_bs16_drop0p4_temp1p0_a0p25_b0p05__wd1e-04trmiss0_degmodglobal,26,0.6515395790338516,0.6985465884208679,0.6111111111111112,0.819692036358703,0.5384615384615384,0.0,0.5705756396055222,0.6190790832042694,0.08514275029301643,0.2234962172806263,0.0,0.0,0.0,0.0,0.0,18473,global,0.0
1,5,lr5e-05_bs16_drop0p4_temp1p0_a0p25_b0p05__wd1e-04trmiss0_degmodglobal,16,5e-05,0.0001,0.4,1.0,0.25,0.05,lr5e-05_bs16_drop0p4_temp1p0_a0p25_b0p05__wd1e-04trmiss0_degmodglobal,27,0.6453804522752762,0.6969518065452576,0.6666666666666666,0.8542038208704876,0.6153846153846154,0.0,0.5737015604972839,0.6169025748968124,0.07789628300815821,0.18007653951644897,0.0,0.0,0.0,0.0,0.0,18473,global,0.0
1,5,lr5e-05_bs16_drop0p4_temp1p0_a0p25_b0p05__wd1e-04trmiss0_degmodglobal,16,5e-05,0.0001,0.4,1.0,0.25,0.05,lr5e-05_bs16_drop0p4_temp1p0_a0p25_b0p05__wd1e-04trmiss0_degmodglobal,28,0.6170410662889481,0.6909871101379395,0.6666666666666666,0.8542038208704876,0.6153846153846154,0.0,0.5497113913297653,0.589563861489296,0.07325991988182068,0.1832447126507759,0.0,0.0,0.0,0.0,0.0,18473,global,0.0
1,5,lr5e-05_bs16_drop0p4_temp1p0_a0p25_b0p05__wd1e-04trmiss0_degmodglobal,16,5e-05,0.0001,0.4,1.0,0.25,0.05,lr5e-05_bs16_drop0p4_temp1p0_a0p25_b0p05__wd1e-04trmiss0_degmodglobal,29,0.6333537548780441,0.6847132444381714,0.6944444444444444,0.8764260430927098,0.6153846153846154,0.0,0.558790773153305,0.6057983785867691,0.06722461991012096,0.2149844914674759,0.0,0.0,0.0,0.0,0.0,18473,global,0.0
1,5,lr5e-05_bs16_drop0p4_temp1p0_a0p25_b0p05__wd1e-04trmiss0_degmodglobal,16,5e-05,0.0001,0.4,1.0,0.25,0.05,lr5e-05_bs16_drop0p4_temp1p0_a0p25_b0p05__wd1e-04trmiss0_degmodglobal,30,0.6309780329465866,0.6845841407775879,0.6944444444444444,0.8764260430927098,0.6153846153846154,0.0,0.5288682654500008,0.5980467200279236,0.09012477286159992,0.2080025151371956,0.0,0.0,0.0,0.0,0.0,18473,global,0.0
1,5,lr5e-05_bs16_drop0p4_temp1p0_a0p25_b0p05__wd1e-04trmiss0_degmodglobal,16,5e-05,0.0001,0.4,1.0,0.25,0.05,lr5e-05_bs16_drop0p4_temp1p0_a0p25_b0p05__wd1e-04trmiss0_degmodglobal,31,0.6381201446056366,0.6845364570617676,0.7222222222222222,0.8828362995029664,0.6153846153846154,0.0,0.5401063784956932,0.599790170788765,0.10146348550915718,0.25928207859396935,0.0,0.0,0.0,0.0,0.0,18473,global,0.0
1,5,lr5e-05_bs16_drop0p4_temp1p0_a0p25_b0p05__wd1e-04trmiss0_degmodglobal,16,5e-05,0.0001,0.4,1.0,0.25,0.05,lr5e-05_bs16_drop0p4_temp1p0_a0p25_b0p05__wd1e-04trmiss0_degmodglobal,32,0.6537652909755707,0.6866418719291687,0.7222222222222222,0.8828362995029664,0.6153846153846154,0.0,0.5373024046421051,0.6257563382387161,0.07189952954649925,0.20068132504820824,0.0,0.0,0.0,0.0,0.0,18473,global,0.0
1,5,lr5e-05_bs16_drop0p4_temp1p0_a0p25_b0p05__wd1e-04trmiss0_degmodglobal,16,5e-05,0.0001,0.4,1.0,0.25,0.05,lr5e-05_bs16_drop0p4_temp1p0_a0p25_b0p05__wd1e-04trmiss0_degmodglobal,33,0.645980030298233,0.6845383048057556,0.6944444444444444,0.8764260430927098,0.6153846153846154,0.0,0.5209445655345917,0.6100601702928543,0.09191249310970306,0.2588347941637039,0.0,0.0,0.0,0.0,0.0,18473,global,0.0
1,5,lr5e-05_bs16_drop0p4_temp1p0_a0p25_b0p05__wd1e-04trmiss0_degmodglobal,16,5e-05,0.0001,0.4,1.0,0.25,0.05,lr5e-05_bs16_drop0p4_temp1p0_a0p25_b0p05__wd1e-04trmiss0_degmodglobal,34,0.6429640054702759,0.6815228462219238,0.6944444444444444,0.8764260430927098,0.6153846153846154,0.0,0.5442086309194565,0.60613052546978,0.09785077720880508,0.24741549417376518,0.0,0.0,0.0,0.0,0.0,18473,global,0.0
1,5,lr5e-05_bs16_drop0p4_temp1p0_a0p25_b0p05__wd1e-04trmiss0_degmodglobal,16,5e-05,0.0001,0.4,1.0,0.25,0.05,lr5e-05_bs16_drop0p4_temp1p0_a0p25_b0p05__wd1e-04trmiss0_degmodglobal,35,0.6386158615350723,0.6833152770996094,0.6944444444444444,0.8764260430927098,0.6153846153846154,0.0,0.5150738060474396,0.6088329404592514,0.07762165740132332,0.20754978619515896,0.0,0.0,0.0,0.0,0.0,18473,global,0.0
1,5,lr5e-05_bs16_drop0p4_temp1p0_a0p25_b0p05__wd1e-04trmiss0_degmodglobal,16,5e-05,0.0001,0.4,1.0,0.25,0.05,lr5e-05_bs16_drop0p4_temp1p0_a0p25_b0p05__wd1e-04trmiss0_degmodglobal,36,0.655924916267395,0.6879489421844482,0.6944444444444444,0.8764260430927098,0.6153846153846154,0.0,0.5352365523576736,0.6212742179632187,0.08939477615058422,0.24603978917002678,0.0,0.0,0.0,0.0,0.0,18473,global,0.0
1,5,lr5e-05_bs16_drop0p4_temp1p0_a0p25_b0p05__wd1e-04trmiss0_degmodglobal,16,5e-05,0.0001,0.4,1.0,0.25,0.05,lr5e-05_bs16_drop0p4_temp1p0_a0p25_b0p05__wd1e-04trmiss0_degmodglobal,37,0.6433240920305252,0.6828188300132751,0.6944444444444444,0.8764260430927098,0.6153846153846154,0.0,0.5244665518403053,0.6056395769119263,0.09822517819702625,0.2625643387436867,0.0,0.0,0.0,0.0,0.0,18473,global,0.0
1,5,lr5e-05_bs16_drop0p4_temp1p0_a0p25_b0p05__wd1e-04trmiss0_degmodglobal,16,5e-05,0.0001,0.4,1.0,0.25,0.05,lr5e-05_bs16_drop0p4_temp1p0_a0p25_b0p05__wd1e-04trmiss0_degmodglobal,38,0.6232067793607712,0.6834830045700073,0.7222222222222222,0.8949445616112284,0.6153846153846154,0.0,0.5079712271690369,0.5907105356454849,0.08403210248798132,0.22976446524262428,0.0,0.0,0.0,0.0,0.0,18473,global,0.0
1,5,lr5e-05_bs16_drop0p4_temp1p0_a0p25_b0p05__wd1e-04trmiss0_degmodglobal,16,5e-05,0.0001,0.4,1.0,0.25,0.05,lr5e-05_bs16_drop0p4_temp1p0_a0p25_b0p05__wd1e-04trmiss0_degmodglobal,39,0.6338536739349365,0.683338463306427,0.7222222222222222,0.8949445616112284,0.6153846153846154,0.0,0.5135709568858147,0.5991698205471039,0.0979393981397152,0.20398034900426865,0.0,0.0,0.0,0.0,0.0,18473,global,0.0
1,5,lr5e-05_bs16_drop0p4_temp1p0_a0p25_b0p05__wd1e-04trmiss0_degmodglobal,16,5e-05,0.0001,0.4,1.0,0.25,0.05,lr5e-05_bs16_drop0p4_temp1p0_a0p25_b0p05__wd1e-04trmiss0_degmodglobal,40,0.6266437619924545,0.6857939958572388,0.7222222222222222,0.8949445616112284,0.6153846153846154,0.0,0.5225401967763901,0.595180943608284,0.08793593570590019,0.18957679346203804,0.0,0.0,0.0,0.0,0.0,18473,global,0.0
1,5,lr5e-05_bs16_drop0p4_temp1p0_a0p25_b0p05__wd1e-04trmiss0_degmodglobal,16,5e-05,0.0001,0.4,1.0,0.25,0.05,lr5e-05_bs16_drop0p4_temp1p0_a0p25_b0p05__wd1e-04trmiss0_degmodglobal,41,0.6022625863552094,0.6824092268943787,0.7222222222222222,0.8949445616112284,0.6153846153846154,0.0,0.5370449349284172,0.5752636194229126,0.0756860813125968,0.1615490484982729,0.0,0.0,0.0,0.0,0.0,18473,global,0.0
1,5,lr5e-05_bs16_drop0p4_temp1p0_a0p25_b0p05__wd1e-04trmiss0_degmodglobal,16,5e-05,0.0001,0.4,1.0,0.25,0.05,lr5e-05_bs16_drop0p4_temp1p0_a0p25_b0p05__wd1e-04trmiss0_degmodglobal,42,0.6101704984903336,0.6770681738853455,0.7222222222222222,0.8949445616112284,0.6153846153846154,0.0,0.5259638130664825,0.583340510725975,0.06670688930898905,0.20306507870554924,0.0,0.0,0.0,0.0,0.0,18473,global,0.0
1,5,lr5e-05_bs16_drop0p4_temp1p0_a0p25_b0p05__wd1e-04trmiss0_degmodglobal,16,5e-05,0.0001,0.4,1.0,0.25,0.05,lr5e-05_bs16_drop0p4_temp1p0_a0p25_b0p05__wd1e-04trmiss0_degmodglobal,43,0.592616081237793,0.6797512173652649,0.6944444444444444,0.8764260430927098,0.6153846153846154,0.0,0.519826777279377,0.5603799372911453,0.08792207203805447,0.2051125392317772,0.0,0.0,0.0,0.0,0.0,18473,global,0.0
1,5,lr5e-05_bs16_drop0p4_temp1p0_a0p25_b0p05__wd1e-04trmiss0_degmodglobal,16,5e-05,0.0001,0.4,1.0,0.25,0.05,lr5e-05_bs16_drop0p4_temp1p0_a0p25_b0p05__wd1e-04trmiss0_degmodglobal,44,0.5929629802703857,0.6818708777427673,0.6944444444444444,0.8764260430927098,0.6153846153846154,0.0,0.4775219261646271,0.5664589554071426,0.07203292846679688,0.16991572454571724,0.0,0.0,0.0,0.0,0.0,18473,global,0.0
1,5,lr5e-05_bs16_drop0p4_temp1p0_a0p25_b0p05__wd1e-04trmiss0_degmodglobal,16,5e-05,0.0001,0.4,1.0,0.25,0.05,lr5e-05_bs16_drop0p4_temp1p0_a0p25_b0p05__wd1e-04trmiss0_degmodglobal,45,0.6052013337612152,0.6820167899131775,0.6666666666666667,0.8696920363587031,0.6153846153846154,0.0,0.5289674699306488,0.5733080953359604,0.08389778062701225,0.2183757023885846,0.0,0.0,0.0,0.0,0.0,18473,global,0.0
1,5,lr5e-05_bs16_drop0p4_temp1p0_a0p25_b0p05__wd1e-04trmiss0_degmodglobal,16,5e-05,0.0001,0.4,1.0,0.25,0.05,lr5e-05_bs16_drop0p4_temp1p0_a0p25_b0p05__wd1e-04trmiss0_degmodglobal,46,0.6064212769269943,0.6751034259796143,0.6944444444444444,0.8882105548772217,0.6153846153846154,0.0,0.5325156077742577,0.5798678547143936,0.06894022598862648,0.18636721186339855,0.0,0.0,0.0,0.0,0.0,18473,global,0.0
1,5,lr5e-05_bs16_drop0p4_temp1p0_a0p25_b0p05__wd1e-04trmiss0_degmodglobal,16,5e-05,0.0001,0.4,1.0,0.25,0.05,lr5e-05_bs16_drop0p4_temp1p0_a0p25_b0p05__wd1e-04trmiss0_degmodglobal,47,0.640013575553894,0.6757897734642029,0.6944444444444444,0.8882105548772217,0.6153846153846154,0.0,0.4972808435559273,0.6058439612388611,0.08833090029656887,0.24173765257000923,0.0,0.0,0.0,0.0,0.0,18473,global,0.0
1,5,lr5e-05_bs16_drop0p4_temp1p0_a0p25_b0p05__wd1e-04trmiss0_degmodglobal,16,5e-05,0.0001,0.4,1.0,0.25,0.05,lr5e-05_bs16_drop0p4_temp1p0_a0p25_b0p05__wd1e-04trmiss0_degmodglobal,48,0.6340094059705734,0.6730186939239502,0.7222222222222222,0.8949445616112284,0.6153846153846154,0.0,0.5186179429292679,0.5976997911930084,0.09966020286083221,0.22789156064391136,0.0,0.0,0.0,0.0,0.0,18473,global,0.0
1,5,lr5e-05_bs16_drop0p4_temp1p0_a0p25_b0p05__wd1e-04trmiss0_degmodglobal,16,5e-05,0.0001,0.4,1.0,0.25,0.05,lr5e-05_bs16_drop0p4_temp1p0_a0p25_b0p05__wd1e-04trmiss0_degmodglobal,49,0.6159633696079254,0.6715567708015442,0.7222222222222221,0.8845068511735179,0.6153846153846154,0.0,0.5087197050452232,0.5849833190441132,0.08644065260887146,0.18739815428853035,0.0,0.0,0.0,0.0,0.0,18473,global,0.0
1,5,lr5e-05_bs16_drop0p4_temp1p0_a0p25_b0p05__wd1e-04trmiss0_degmodglobal,16,5e-05,0.0001,0.4,1.0,0.25,0.05,lr5e-05_bs16_drop0p4_temp1p0_a0p25_b0p05__wd1e-04trmiss0_degmodglobal,50,0.6359539031982422,0.6666197180747986,0.75,0.9030253696920365,0.6153846153846154,0.0,0.5472357645630836,0.6038128435611725,0.08416946604847908,0.22197385877370834,0.0,0.0,0.0,0.0,0.0,18473,global,0.0
1,5,lr5e-05_bs16_drop0p4_temp1p0_a0p25_b0p05__wd1e-04trmiss0_degmodglobal,16,5e-05,0.0001,0.4,1.0,0.25,0.05,lr5e-05_bs16_drop0p4_temp1p0_a0p25_b0p05__wd1e-04trmiss0_degmodglobal,51,0.6523247957229614,0.6689223051071167,0.6944444444444444,0.8622846289512958,0.6153846153846154,0.0,0.4897014647722244,0.6137965172529221,0.09701495431363583,0.28549090400338173,0.0,0.0,0.0,0.0,0.0,18473,global,0.0
1,5,lr5e-05_bs16_drop0p4_temp1p0_a0p25_b0p05__wd1e-04trmiss0_degmodglobal,16,5e-05,0.0001,0.4,1.0,0.25,0.05,lr5e-05_bs16_drop0p4_temp1p0_a0p25_b0p05__wd1e-04trmiss0_degmodglobal,52,0.6412758678197861,0.6707178950309753,0.7222222222222221,0.8845068511735179,0.6153846153846154,0.0,0.529711976647377,0.6056050956249237,0.09732533246278763,0.2267884872853756,0.0,0.0,0.0,0.0,0.0,18473,global,0.0
1,5,lr5e-05_bs16_drop0p4_temp1p0_a0p25_b0p05__wd1e-04trmiss0_degmodglobal,16,5e-05,0.0001,0.4,1.0,0.25,0.05,lr5e-05_bs16_drop0p4_temp1p0_a0p25_b0p05__wd1e-04trmiss0_degmodglobal,53,0.6233163625001907,0.6752346158027649,0.6666666666666667,0.8696920363587031,0.6153846153846154,0.0,0.4850155711174011,0.5806314051151276,0.10606945306062698,0.323352325707674,0.0,0.0,0.0,0.0,0.0,18473,global,0.0
1,5,lr5e-05_bs16_drop0p4_temp1p0_a0p25_b0p05__wd1e-04trmiss0_degmodglobal,16,5e-05,0.0001,0.4,1.0,0.25,0.05,lr5e-05_bs16_drop0p4_temp1p0_a0p25_b0p05__wd1e-04trmiss0_degmodglobal,54,0.6399247795343399,0.678705632686615,0.6666666666666667,0.8696920363587031,0.6153846153846154,0.0,0.5210040286183357,0.607284888625145,0.08436164166778326,0.230989508330822,0.0,0.0,0.0,0.0,0.0,18473,global,0.0
1,5,lr5e-05_bs16_drop0p4_temp1p0_a0p25_b0p05__wd1e-04trmiss0_degmodglobal,16,5e-05,0.0001,0.4,1.0,0.25,0.05,lr5e-05_bs16_drop0p4_temp1p0_a0p25_b0p05__wd1e-04trmiss0_degmodglobal,55,0.6629170030355453,0.685086190700531,0.6666666666666667,0.8696920363587031,0.6153846153846154,0.0,0.5234503746032715,0.6260490715503693,0.095990139991045,0.25740794837474823,0.0,0.0,0.0,0.0,0.0,18473,global,0.0
1,5,lr5e-05_bs16_drop0p4_temp1p0_a0p25_b0p05__wd1e-04trmiss0_degmodglobal,16,5e-05,0.0001,0.4,1.0,0.25,0.05,lr5e-05_bs16_drop0p4_temp1p0_a0p25_b0p05__wd1e-04trmiss0_degmodglobal,56,0.6364925652742386,0.6819237470626831,0.6944444444444444,0.8764260430927098,0.6153846153846154,0.0,0.4945260211825371,0.6020778715610504,0.09313780255615711,0.22260470315814018,0.0,0.0,0.0,0.0,0.0,18473,global,0.0
1,5,lr5e-05_bs16_drop0p4_temp1p0_a0p25_b0p05__wd1e-04trmiss0_degmodglobal,16,5e-05,0.0001,0.4,1.0,0.25,0.05,lr5e-05_bs16_drop0p4_temp1p0_a0p25_b0p05__wd1e-04trmiss0_degmodglobal,57,0.6261864900588989,0.6797046065330505,0.6944444444444444,0.8764260430927098,0.6153846153846154,0.0,0.5010290965437889,0.589159831404686,0.10065693408250809,0.237248495221138,0.0,0.0,0.0,0.0,0.0,18473,global,0.0
1,5,lr5e-05_bs16_drop0p4_temp1p0_a0p25_b0p05__wd1e-04trmiss0_degmodglobal,16,5e-05,0.0001,0.4,1.0,0.25,0.05,lr5e-05_bs16_drop0p4_temp1p0_a0p25_b0p05__wd1e-04trmiss0_degmodglobal,58,0.6397458165884018,0.6808894276618958,0.6944444444444444,0.8764260430927098,0.6153846153846154,0.0,0.5145248770713806,0.6034611910581589,0.0992931928485632,0.22922656498849392,0.0,0.0,0.0,0.0,0.0,18473,global,0.0
1,5,lr5e-05_bs16_drop0p4_temp1p0_a0p25_b0p05__wd1e-04trmiss0_degmodglobal,16,5e-05,0.0001,0.4,1.0,0.25,0.05,lr5e-05_bs16_drop0p4_temp1p0_a0p25_b0p05__wd1e-04trmiss0_degmodglobal,59,0.6072671264410019,0.6783159971237183,0.7222222222222222,0.8828362995029664,0.6153846153846154,0.0,0.4957016408443451,0.5679102689027786,0.10129561834037304,0.28065885230898857,0.0,0.0,0.0,0.0,0.0,18473,global,0.0
1,5,lr5e-05_bs16_drop0p4_temp1p0_a0p25_b0p05__wd1e-04trmiss0_degmodglobal,16,5e-05,0.0001,0.4,1.0,0.25,0.05,lr5e-05_bs16_drop0p4_temp1p0_a0p25_b0p05__wd1e-04trmiss0_degmodglobal,60,0.6113587319850922,0.6819229125976562,0.6944444444444444,0.8764260430927098,0.6153846153846154,0.0,0.4954473376274109,0.5815452188253403,0.08120868541300297,0.1902269348502159,0.0,0.0,0.0,0.0,0.0,18473,global,0.0
1,5,lr5e-05_bs16_drop0p4_temp1p0_a0p25_b0p05__wd1e-04trmiss0_degmodglobal,16,5e-05,0.0001,0.4,1.0,0.25,0.05,lr5e-05_bs16_drop0p4_temp1p0_a0p25_b0p05__wd1e-04trmiss0_degmodglobal,61,0.6222066730260849,0.6798622012138367,0.7222222222222222,0.8828362995029664,0.6153846153846154,0.0,0.5041367784142494,0.5861862003803253,0.0947479484602809,0.24666977301239967,0.0,0.0,0.0,0.0,0.0,18473,global,0.0
1,5,lr5e-05_bs16_drop0p4_temp1p0_a0p25_b0p05__wd1e-04trmiss0_degmodglobal,16,5e-05,0.0001,0.4,1.0,0.25,0.05,lr5e-05_bs16_drop0p4_temp1p0_a0p25_b0p05__wd1e-04trmiss0_degmodglobal,62,0.6802031397819519,0.6848090291023254,0.75,0.9013548180214848,0.6153846153846154,0.0,0.5116903185844421,0.6372331380844116,0.10934807173907757,0.3126595579087734,0.0,0.0,0.0,0.0,0.0,18473,global,0.0
1,5,lr5e-05_bs16_drop0p4_temp1p0_a0p25_b0p05__wd1e-04trmiss0_degmodglobal,16,5e-05,0.0001,0.4,1.0,0.25,0.05,lr5e-05_bs16_drop0p4_temp1p0_a0p25_b0p05__wd1e-04trmiss0_degmodglobal,63,0.6070178151130676,0.6821666359901428,0.75,0.9013548180214848,0.6153846153846154,0.0,0.5150197073817253,0.5774803310632706,0.08082713931798935,0.18661374785006046,0.0,0.0,0.0,0.0,0.0,18473,global,0.0
1,5,lr5e-05_bs16_drop0p4_temp1p0_a0p25_b0p05__wd1e-04trmiss0_degmodglobal,16,5e-05,0.0001,0.4,1.0,0.25,0.05,lr5e-05_bs16_drop0p4_temp1p0_a0p25_b0p05__wd1e-04trmiss0_degmodglobal,64,0.5824786722660065,0.6791968941688538,0.75,0.9013548180214848,0.6153846153846154,0.0,0.5091634541749954,0.5474310219287872,0.09439522214233875,0.22897692024707794,0.0,0.0,0.0,0.0,0.0,18473,global,0.0
1,5,lr5e-05_bs16_drop0p4_temp1p0_a0p25_b0p05__wd1e-04trmiss0_degmodglobal,16,5e-05,0.0001,0.4,1.0,0.25,0.05,lr5e-05_bs16_drop0p4_temp1p0_a0p25_b0p05__wd1e-04trmiss0_degmodglobal,65,0.6417427659034729,0.6734327673912048,0.6944444444444444,0.8764260430927098,0.6153846153846154,0.0,0.5150388777256012,0.6070881187915802,0.0929918959736824,0.22813323512673378,0.0,0.0,0.0,0.0,0.0,18473,global,0.0
1,5,lr5e-05_bs16_drop0p4_temp1p0_a0p25_b0p05__wd1e-04trmiss0_degmodglobal,16,5e-05,0.0001,0.4,1.0,0.25,0.05,lr5e-05_bs16_drop0p4_temp1p0_a0p25_b0p05__wd1e-04trmiss0_degmodglobal,66,0.6865303367376328,0.6728945970535278,0.75,0.9013548180214848,0.6153846153846154,0.0,0.5143521353602409,0.645191416144371,0.10613959841430187,0.29608021304011345,0.0,0.0,0.0,0.0,0.0,18473,global,0.0
1,5,lr5e-05_bs16_drop0p4_temp1p0_a0p25_b0p05__wd1e-04trmiss0_degmodglobal,16,5e-05,0.0001,0.4,1.0,0.25,0.05,lr5e-05_bs16_drop0p4_temp1p0_a0p25_b0p05__wd1e-04trmiss0_degmodglobal,67,0.605927512049675,0.6695508360862732,0.75,0.9013548180214848,0.6153846153846154,0.0,0.5049677416682243,0.5708255618810654,0.09641153365373611,0.21998145803809166,0.0,0.0,0.0,0.0,0.0,18473,global,0.0
1,5,lr5e-05_bs16_drop0p4_temp1p0_a0p25_b0p05__wd1e-04trmiss0_degmodglobal,16,5e-05,0.0001,0.4,1.0,0.25,0.05,lr5e-05_bs16_drop0p4_temp1p0_a0p25_b0p05__wd1e-04trmiss0_degmodglobal,68,0.6481582373380661,0.6781167387962341,0.7222222222222222,0.8949445616112284,0.6153846153846154,0.0,0.537512756884098,0.6112119406461716,0.09379918780177832,0.2699300367385149,0.0,0.0,0.0,0.0,0.0,18473,global,0.0
1,5,lr5e-05_bs16_drop0p4_temp1p0_a0p25_b0p05__wd1e-04trmiss0_degmodglobal,16,5e-05,0.0001,0.4,1.0,0.25,0.05,lr5e-05_bs16_drop0p4_temp1p0_a0p25_b0p05__wd1e-04trmiss0_degmodglobal,69,0.6264481693506241,0.6801736354827881,0.7222222222222222,0.8949445616112284,0.6153846153846154,0.0,0.4904884770512581,0.5882217288017273,0.10231060907244682,0.25297559797763824,0.0,0.0,0.0,0.0,0.0,18473,global,0.0
1,5,lr5e-05_bs16_drop0p4_temp1p0_a0p25_b0p05__wd1e-04trmiss0_degmodglobal,16,5e-05,0.0001,0.4,1.0,0.25,0.05,lr5e-05_bs16_drop0p4_temp1p0_a0p25_b0p05__wd1e-04trmiss0_degmodglobal,70,0.6068254709243774,0.6805570721626282,0.6944444444444444,0.8764260430927098,0.6153846153846154,0.0,0.4939722865819931,0.5649164319038391,0.11086361482739449,0.2838628329336643,0.0,0.0,0.0,0.0,0.0,18473,global,0.0
1,5,lr5e-05_bs16_drop0p4_temp2p0_a0p25_b0p05__wd1e-04trmiss0_degmodglobal,16,5e-05,0.0001,0.4,2.0,0.25,0.05,lr5e-05_bs16_drop0p4_temp2p0_a0p25_b0p05__wd1e-04trmiss0_degmodglobal,1,0.7376341968774796,0.7662025690078735,0.24999999999999997,0.6098876432209765,0.3076923076923077,0.0,0.7567189633846283,0.7132537513971329,0.06321621686220169,0.1715278960764408,0.0,0.0,0.0,0.0,0.0,18473,global,0.0
1,5,lr5e-05_bs16_drop0p4_temp2p0_a0p25_b0p05__wd1e-04trmiss0_degmodglobal,16,5e-05,0.0001,0.4,2.0,0.25,0.05,lr5e-05_bs16_drop0p4_temp2p0_a0p25_b0p05__wd1e-04trmiss0_degmodglobal,2,0.7675232738256454,0.7744981050491333,0.25,0.5990851740851741,0.23076923076923078,0.0,0.7085413932800293,0.7356387674808502,0.09079552255570889,0.18371259421110153,0.0,0.0,0.0,0.0,0.0,18473,global,0.0
1,5,lr5e-05_bs16_drop0p4_temp2p0_a0p25_b0p05__wd1e-04trmiss0_degmodglobal,16,5e-05,0.0001,0.4,2.0,0.25,0.05,lr5e-05_bs16_drop0p4_temp2p0_a0p25_b0p05__wd1e-04trmiss0_degmodglobal,3,0.7063514888286591,0.7835882306098938,0.25,0.5953814703814704,0.3076923076923077,0.0,0.6551140397787094,0.6824102997779846,0.06917332485318184,0.13295676931738853,0.0,0.0,0.0,0.0,0.0,18473,global,0.0
1,5,lr5e-05_bs16_drop0p4_temp2p0_a0p25_b0p05__wd1e-04trmiss0_degmodglobal,16,5e-05,0.0001,0.4,2.0,0.25,0.05,lr5e-05_bs16_drop0p4_temp2p0_a0p25_b0p05__wd1e-04trmiss0_degmodglobal,4,0.7012089192867279,0.7862562537193298,0.2777777777777778,0.6064925814925815,0.3076923076923077,0.0,0.6890859156847,0.679244264960289,0.06097541190683842,0.1344158798456192,0.0,0.0,0.0,0.0,0.0,18473,global,0.0
1,5,lr5e-05_bs16_drop0p4_temp2p0_a0p25_b0p05__wd1e-04trmiss0_degmodglobal,16,5e-05,0.0001,0.4,2.0,0.25,0.05,lr5e-05_bs16_drop0p4_temp2p0_a0p25_b0p05__wd1e-04trmiss0_degmodglobal,5,0.7232829183340073,0.7827990651130676,0.33333333333333337,0.6355931105931106,0.3076923076923077,0.0,0.6789001524448395,0.6996701657772064,0.0690808380022645,0.12685037031769753,0.0,0.0,0.0,0.0,0.0,18473,global,0.0
1,5,lr5e-05_bs16_drop0p4_temp2p0_a0p25_b0p05__wd1e-04trmiss0_degmodglobal,16,5e-05,0.0001,0.4,2.0,0.25,0.05,lr5e-05_bs16_drop0p4_temp2p0_a0p25_b0p05__wd1e-04trmiss0_degmodglobal,6,0.7234275192022324,0.7781549096107483,0.3611111111111111,0.6522597772597772,0.38461538461538464,0.0,0.7008133381605148,0.6973917782306671,0.07137684104964137,0.16383069660514593,0.0,0.0,0.0,0.0,0.0,18473,global,0.0
1,5,lr5e-05_bs16_drop0p4_temp2p0_a0p25_b0p05__wd1e-04trmiss0_degmodglobal,16,5e-05,0.0001,0.4,2.0,0.25,0.05,lr5e-05_bs16_drop0p4_temp2p0_a0p25_b0p05__wd1e-04trmiss0_degmodglobal,7,0.7065558284521103,0.7769160866737366,0.3611111111111111,0.6596671846671848,0.46153846153846156,0.0,0.6561114937067032,0.6755142360925674,0.08717283792793751,0.1849675476551056,0.0,0.0,0.0,0.0,0.0,18473,global,0.0
1,5,lr5e-05_bs16_drop0p4_temp2p0_a0p25_b0p05__wd1e-04trmiss0_degmodglobal,16,5e-05,0.0001,0.4,2.0,0.25,0.05,lr5e-05_bs16_drop0p4_temp2p0_a0p25_b0p05__wd1e-04trmiss0_degmodglobal,8,0.69552081823349,0.7751496434211731,0.3611111111111111,0.6596671846671848,0.46153846153846156,0.0,0.6715284138917923,0.6693070530891418,0.07431266084313393,0.1527121216058731,0.0,0.0,0.0,0.0,0.0,18473,global,0.0
1,5,lr5e-05_bs16_drop0p4_temp2p0_a0p25_b0p05__wd1e-04trmiss0_degmodglobal,16,5e-05,0.0001,0.4,2.0,0.25,0.05,lr5e-05_bs16_drop0p4_temp2p0_a0p25_b0p05__wd1e-04trmiss0_degmodglobal,9,0.6946373730897903,0.7764957547187805,0.3888888888888889,0.6695878195878197,0.38461538461538464,0.0,0.6871598660945892,0.6665344834327698,0.08421225193887949,0.14099612459540367,0.0,0.0,0.0,0.0,0.0,18473,global,0.0
1,5,lr5e-05_bs16_drop0p4_temp2p0_a0p25_b0p05__wd1e-04trmiss0_degmodglobal,16,5e-05,0.0001,0.4,2.0,0.25,0.05,lr5e-05_bs16_drop0p4_temp2p0_a0p25_b0p05__wd1e-04trmiss0_degmodglobal,10,0.686747282743454,0.7837256193161011,0.4166666666666667,0.6769952269952271,0.38461538461538464,0.0,0.6779414862394333,0.6596948057413101,0.0813861545175314,0.13411903753876686,0.0,0.0,0.0,0.0,0.0,18473,global,0.0
1,5,lr5e-05_bs16_drop0p4_temp2p0_a0p25_b0p05__wd1e-04trmiss0_degmodglobal,16,5e-05,0.0001,0.4,2.0,0.25,0.05,lr5e-05_bs16_drop0p4_temp2p0_a0p25_b0p05__wd1e-04trmiss0_degmodglobal,11,0.6790593564510345,0.7925218939781189,0.3888888888888889,0.6621804121804122,0.3076923076923077,0.0,0.666089802980423,0.6571221351623535,0.061791432090103626,0.1297869309782982,0.0,0.0,0.0,0.0,0.0,18473,global,0.0
1,5,lr5e-05_bs16_drop0p4_temp2p0_a0p25_b0p05__wd1e-04trmiss0_degmodglobal,16,5e-05,0.0001,0.4,2.0,0.25,0.05,lr5e-05_bs16_drop0p4_temp2p0_a0p25_b0p05__wd1e-04trmiss0_degmodglobal,12,0.6709866225719452,0.7951353788375854,0.36111111111111116,0.6455137455137455,0.38461538461538464,0.0,0.6217714548110962,0.6426637768745422,0.09047395177185535,0.11408679746091366,0.0,0.0,0.0,0.0,0.0,18473,global,0.0
1,5,lr5e-05_bs16_drop0p4_temp2p0_a0p25_b0p05__wd1e-04trmiss0_degmodglobal,16,5e-05,0.0001,0.4,2.0,0.25,0.05,lr5e-05_bs16_drop0p4_temp2p0_a0p25_b0p05__wd1e-04trmiss0_degmodglobal,13,0.6534447371959686,0.7972748279571533,0.36111111111111116,0.6455137455137455,0.3076923076923077,0.0,0.650237649679184,0.6269808113574982,0.0735186543315649,0.16168558411300182,0.0,0.0,0.0,0.0,0.0,18473,global,0.0
1,5,lr5e-05_bs16_drop0p4_temp2p0_a0p25_b0p05__wd1e-04trmiss0_degmodglobal,16,5e-05,0.0001,0.4,2.0,0.25,0.05,lr5e-05_bs16_drop0p4_temp2p0_a0p25_b0p05__wd1e-04trmiss0_degmodglobal,14,0.6561279445886612,0.7938696146011353,0.36111111111111116,0.6455137455137455,0.3076923076923077,0.0,0.6460650563240051,0.6301139891147614,0.08375866152346134,0.10148600535467267,0.0,0.0,0.0,0.0,0.0,18473,global,0.0
1,5,lr5e-05_bs16_drop0p4_temp2p0_a0p25_b0p05__wd1e-04trmiss0_degmodglobal,16,5e-05,0.0001,0.4,2.0,0.25,0.05,lr5e-05_bs16_drop0p4_temp2p0_a0p25_b0p05__wd1e-04trmiss0_degmodglobal,15,0.6426921337842941,0.789315938949585,0.4166666666666667,0.6769952269952271,0.38461538461538464,0.0,0.6376956552267075,0.6174988150596619,0.07372720073908567,0.13523021806031466,0.0,0.0,0.0,0.0,0.0,18473,global,0.0
1,5,lr5e-05_bs16_drop0p4_temp2p0_a0p25_b0p05__wd1e-04trmiss0_degmodglobal,16,5e-05,0.0001,0.4,2.0,0.25,0.05,lr5e-05_bs16_drop0p4_temp2p0_a0p25_b0p05__wd1e-04trmiss0_degmodglobal,16,0.6712481677532196,0.7876150012016296,0.3888888888888889,0.6621804121804122,0.46153846153846156,0.0,0.6338794380426407,0.644619032740593,0.0826799888163805,0.11918240413069725,0.0,0.0,0.0,0.0,0.0,18473,global,0.0
1,5,lr5e-05_bs16_drop0p4_temp2p0_a0p25_b0p05__wd1e-04trmiss0_degmodglobal,16,5e-05,0.0001,0.4,2.0,0.25,0.05,lr5e-05_bs16_drop0p4_temp2p0_a0p25_b0p05__wd1e-04trmiss0_degmodglobal,17,0.6647857874631882,0.7890509963035583,0.3888888888888889,0.6621804121804122,0.46153846153846156,0.0,0.659346878528595,0.6379295587539673,0.07917093113064766,0.14127014949917793,0.0,0.0,0.0,0.0,0.0,18473,global,0.0
1,5,lr5e-05_bs16_drop0p4_temp2p0_a0p25_b0p05__wd1e-04trmiss0_degmodglobal,16,5e-05,0.0001,0.4,2.0,0.25,0.05,lr5e-05_bs16_drop0p4_temp2p0_a0p25_b0p05__wd1e-04trmiss0_degmodglobal,18,0.6285924017429352,0.7859931588172913,0.4166666666666667,0.6769952269952271,0.46153846153846156,0.0,0.608688123524189,0.5984898433089256,0.0858805775642395,0.1726483979728073,0.0,0.0,0.0,0.0,0.0,18473,global,0.0
1,5,lr5e-05_bs16_drop0p4_temp2p0_a0p25_b0p05__wd1e-04trmiss0_degmodglobal,16,5e-05,0.0001,0.4,2.0,0.25,0.05,lr5e-05_bs16_drop0p4_temp2p0_a0p25_b0p05__wd1e-04trmiss0_degmodglobal,19,0.660583883523941,0.7877278923988342,0.4166666666666667,0.6769952269952271,0.46153846153846156,0.0,0.6219281405210495,0.6304749399423599,0.08581702783703804,0.1730937473475933,0.0,0.0,0.0,0.0,0.0,18473,global,0.0
1,5,lr5e-05_bs16_drop0p4_temp2p0_a0p25_b0p05__wd1e-04trmiss0_degmodglobal,16,5e-05,0.0001,0.4,2.0,0.25,0.05,lr5e-05_bs16_drop0p4_temp2p0_a0p25_b0p05__wd1e-04trmiss0_degmodglobal,20,0.6528855413198471,0.7853805422782898,0.4166666666666667,0.6769952269952271,0.46153846153846156,0.0,0.607932060956955,0.625074714422226,0.07828853745013475,0.1647740826010704,0.0,0.0,0.0,0.0,0.0,18473,global,0.0
1,5,lr5e-05_bs16_drop0p4_temp2p0_a0p25_b0p05__wd1e-04trmiss0_degmodglobal,16,5e-05,0.0001,0.4,2.0,0.25,0.05,lr5e-05_bs16_drop0p4_temp2p0_a0p25_b0p05__wd1e-04trmiss0_degmodglobal,21,0.6241694986820221,0.7841905951499939,0.4166666666666667,0.6769952269952271,0.5384615384615384,0.0,0.6211491823196411,0.5991550534963608,0.07209174707531929,0.1398302987217903,0.0,0.0,0.0,0.0,0.0,18473,global,0.0
1,5,lr5e-05_bs16_drop0p4_temp2p0_a0p25_b0p05__wd1e-04trmiss0_degmodglobal,16,5e-05,0.0001,0.4,2.0,0.25,0.05,lr5e-05_bs16_drop0p4_temp2p0_a0p25_b0p05__wd1e-04trmiss0_degmodglobal,22,0.6719007194042206,0.7832370400428772,0.4166666666666667,0.6769952269952271,0.5384615384615384,0.0,0.6509925723075867,0.6470418125391006,0.07523139473050833,0.12102085445076227,0.0,0.0,0.0,0.0,0.0,18473,global,0.0
1,5,lr5e-05_bs16_drop0p4_temp2p0_a0p25_b0p05__wd1e-04trmiss0_degmodglobal,16,5e-05,0.0001,0.4,2.0,0.25,0.05,lr5e-05_bs16_drop0p4_temp2p0_a0p25_b0p05__wd1e-04trmiss0_degmodglobal,23,0.659099817276001,0.787580668926239,0.4166666666666667,0.6769952269952271,0.46153846153846156,0.0,0.5995970368385315,0.618639662861824,0.127196304500103,0.1732212547212839,0.0,0.0,0.0,0.0,0.0,18473,global,0.0
1,5,lr5e-05_bs16_drop0p4_temp2p0_a0p25_b0p05__wd1e-04trmiss0_degmodglobal,16,5e-05,0.0001,0.4,2.0,0.25,0.05,lr5e-05_bs16_drop0p4_temp2p0_a0p25_b0p05__wd1e-04trmiss0_degmodglobal,24,0.6727371066808701,0.787746012210846,0.4166666666666667,0.6769952269952271,0.46153846153846156,0.0,0.6103011518716812,0.6411566734313965,0.09183881618082523,0.17241458222270012,0.0,0.0,0.0,0.0,0.0,18473,global,0.0
1,5,lr5e-05_bs16_drop0p4_temp2p0_a0p25_b0p05__wd1e-04trmiss0_degmodglobal,16,5e-05,0.0001,0.4,2.0,0.25,0.05,lr5e-05_bs16_drop0p4_temp2p0_a0p25_b0p05__wd1e-04trmiss0_degmodglobal,25,0.6697720587253571,0.7915137410163879,0.4166666666666667,0.6769952269952271,0.46153846153846156,0.0,0.6468846350908279,0.6418097168207169,0.08617000095546246,0.1283968836069107,0.0,0.0,0.0,0.0,0.0,18473,global,0.0
1,5,lr5e-05_bs16_drop0p4_temp2p0_a0p25_b0p05__wd1e-04trmiss0_degmodglobal,16,5e-05,0.0001,0.4,2.0,0.25,0.05,lr5e-05_bs16_drop0p4_temp2p0_a0p25_b0p05__wd1e-04trmiss0_degmodglobal,26,0.622048556804657,0.792171061038971,0.4166666666666667,0.6769952269952271,0.46153846153846156,0.0,0.6149366348981857,0.5961355865001678,0.07815212570130825,0.1274991650134325,0.0,0.0,0.0,0.0,0.0,18473,global,0.0
1,5,lr5e-05_bs16_drop0p4_temp2p0_a0p25_b0p05__wd1e-04trmiss0_degmodglobal,16,5e-05,0.0001,0.4,2.0,0.25,0.05,lr5e-05_bs16_drop0p4_temp2p0_a0p25_b0p05__wd1e-04trmiss0_degmodglobal,27,0.6513190865516663,0.7899237871170044,0.4166666666666667,0.6769952269952271,0.46153846153846156,0.0,0.5942178517580032,0.6245657205581665,0.07583286706358194,0.15590293146669865,0.0,0.0,0.0,0.0,0.0,18473,global,0.0
1,5,lr5e-05_bs16_drop0p4_temp2p0_a0p25_b0p05__wd1e-04trmiss0_degmodglobal,16,5e-05,0.0001,0.4,2.0,0.25,0.05,lr5e-05_bs16_drop0p4_temp2p0_a0p25_b0p05__wd1e-04trmiss0_degmodglobal,28,0.6434014290571213,0.7935678362846375,0.4166666666666667,0.6769952269952271,0.5384615384615384,0.0,0.6105474084615707,0.6086998581886292,0.09967415407299995,0.1956610605120659,0.0,0.0,0.0,0.0,0.0,18473,global,0.0
1,5,lr5e-05_bs16_drop0p4_temp2p0_a0p25_b0p05__wd1e-04trmiss0_degmodglobal,16,5e-05,0.0001,0.4,2.0,0.25,0.05,lr5e-05_bs16_drop0p4_temp2p0_a0p25_b0p05__wd1e-04trmiss0_degmodglobal,29,0.6544148921966553,0.7845877408981323,0.4166666666666667,0.6769952269952271,0.5384615384615384,0.0,0.6254012435674667,0.6235819458961487,0.08778001926839352,0.17775885667651892,0.0,0.0,0.0,0.0,0.0,18473,global,0.0
1,5,lr5e-05_bs16_drop0p4_temp2p0_a0p25_b0p05__wd1e-04trmiss0_degmodglobal,16,5e-05,0.0001,0.4,2.0,0.25,0.05,lr5e-05_bs16_drop0p4_temp2p0_a0p25_b0p05__wd1e-04trmiss0_degmodglobal,30,0.661095917224884,0.786823034286499,0.4166666666666667,0.6769952269952271,0.5384615384615384,0.0,0.570543110370636,0.6321903467178345,0.08478873409330845,0.15416757948696613,0.0,0.0,0.0,0.0,0.0,18473,global,0.0
1,5,lr5e-05_bs16_drop0p4_temp2p0_a0p25_b0p05__wd1e-04trmiss0_degmodglobal,16,5e-05,0.0001,0.4,2.0,0.25,0.05,lr5e-05_bs16_drop0p4_temp2p0_a0p25_b0p05__wd1e-04trmiss0_degmodglobal,31,0.624396562576294,0.7942236661911011,0.4166666666666667,0.6769952269952271,0.46153846153846156,0.0,0.624700129032135,0.5999920070171356,0.07873389404267073,0.09442153200507164,0.0,0.0,0.0,0.0,0.0,18473,global,0.0
1,5,lr5e-05_bs16_drop0p4_temp2p0_a0p25_b0p05__wd1e-04trmiss0_degmodglobal,16,5e-05,0.0001,0.4,2.0,0.25,0.05,lr5e-05_bs16_drop0p4_temp2p0_a0p25_b0p05__wd1e-04trmiss0_degmodglobal,32,0.6270696371793747,0.7924065589904785,0.4166666666666667,0.6769952269952271,0.46153846153846156,0.0,0.5706485956907272,0.5953518152236938,0.09759251028299332,0.1463939268141985,0.0,0.0,0.0,0.0,0.0,18473,global,0.0
1,5,lr5e-05_bs16_drop0p4_temp2p0_a0p25_b0p05__wd1e-04trmiss0_degmodglobal,16,5e-05,0.0001,0.4,2.0,0.25,0.05,lr5e-05_bs16_drop0p4_temp2p0_a0p25_b0p05__wd1e-04trmiss0_degmodglobal,33,0.6303508579730988,0.7886573076248169,0.4166666666666667,0.6769952269952271,0.5384615384615384,0.0,0.5690290406346321,0.6070636659860611,0.06834102608263493,0.12403913401067257,0.0,0.0,0.0,0.0,0.0,18473,global,0.0
1,5,lr5e-05_bs16_drop0p4_temp2p0_a0p25_b0p05__wd1e-04trmiss0_degmodglobal,16,5e-05,0.0001,0.4,2.0,0.25,0.05,lr5e-05_bs16_drop0p4_temp2p0_a0p25_b0p05__wd1e-04trmiss0_degmodglobal,34,0.6315628439188004,0.7839325666427612,0.4166666666666667,0.6769952269952271,0.5384615384615384,0.0,0.5617237538099289,0.594094455242157,0.10461419820785522,0.226296778768301,0.0,0.0,0.0,0.0,0.0,18473,global,0.0
1,5,lr5e-05_bs16_drop0p4_temp2p0_a0p25_b0p05__wd1e-04trmiss0_degmodglobal,16,5e-05,0.0001,0.4,2.0,0.25,0.05,lr5e-05_bs16_drop0p4_temp2p0_a0p25_b0p05__wd1e-04trmiss0_degmodglobal,35,0.6508694887161255,0.7872039079666138,0.4166666666666667,0.6769952269952271,0.5384615384615384,0.0,0.5630297064781189,0.62480428814888,0.07309512700885534,0.15582823939621449,0.0,0.0,0.0,0.0,0.0,18473,global,0.0
1,5,lr5e-05_bs16_drop0p4_temp2p0_a0p25_b0p05__wd1e-04trmiss0_degmodglobal,16,5e-05,0.0001,0.4,2.0,0.25,0.05,lr5e-05_bs16_drop0p4_temp2p0_a0p25_b0p05__wd1e-04trmiss0_degmodglobal,36,0.6506838351488113,0.7859986424446106,0.4166666666666667,0.6769952269952271,0.5384615384615384,0.0,0.5828141123056412,0.6235174387693405,0.07490132004022598,0.16882086545228958,0.0,0.0,0.0,0.0,0.0,18473,global,0.0
1,5,lr5e-05_bs16_drop0p4_temp2p0_a0p25_b0p05__wd1e-04trmiss0_degmodglobal,16,5e-05,0.0001,0.4,2.0,0.25,0.05,lr5e-05_bs16_drop0p4_temp2p0_a0p25_b0p05__wd1e-04trmiss0_degmodglobal,37,0.6335701793432236,0.7855004668235779,0.4166666666666667,0.6769952269952271,0.5384615384615384,0.0,0.5863340348005295,0.6037339717149734,0.0889123622328043,0.15216191299259663,0.0,0.0,0.0,0.0,0.0,18473,global,0.0
1,5,lr5e-05_bs16_drop0p4_temp2p0_a0p25_b0p05__wd1e-04trmiss0_degmodglobal,16,5e-05,0.0001,0.4,2.0,0.25,0.05,lr5e-05_bs16_drop0p4_temp2p0_a0p25_b0p05__wd1e-04trmiss0_degmodglobal,38,0.627752274274826,0.7852689027786255,0.4166666666666667,0.6769952269952271,0.5384615384615384,0.0,0.5810026526451111,0.6020875424146652,0.07441624533385038,0.1412130817770958,0.0,0.0,0.0,0.0,0.0,18473,global,0.0
1,5,lr5e-05_bs16_drop0p4_temp2p0_a0p25_b0p05__wd1e-04trmiss0_degmodglobal,16,5e-05,0.0001,0.4,2.0,0.25,0.05,lr5e-05_bs16_drop0p4_temp2p0_a0p25_b0p05__wd1e-04trmiss0_degmodglobal,39,0.6403782665729523,0.78447425365448,0.4166666666666667,0.6769952269952271,0.5384615384615384,0.0,0.5598658323287964,0.5989622324705124,0.13018767349421978,0.1773824654519558,0.0,0.0,0.0,0.0,0.0,18473,global,0.0
1,5,lr5e-05_bs16_drop0p4_temp2p0_a0p25_b0p05__wd1e-04trmiss0_degmodglobal,16,5e-05,0.0001,0.4,2.0,0.25,0.05,lr5e-05_bs16_drop0p4_temp2p0_a0p25_b0p05__wd1e-04trmiss0_degmodglobal,40,0.6253783404827118,0.7856902480125427,0.4166666666666667,0.6769952269952271,0.5384615384615384,0.0,0.5939582586288452,0.5957416146993637,0.0928190853446722,0.12863936461508274,0.0,0.0,0.0,0.0,0.0,18473,global,0.0
1,5,lr5e-05_bs16_drop0p4_temp2p0_a0p25_b0p05__wd1e-04trmiss0_degmodglobal,16,5e-05,0.0001,0.4,2.0,0.25,0.05,lr5e-05_bs16_drop0p4_temp2p0_a0p25_b0p05__wd1e-04trmiss0_degmodglobal,41,0.6299596279859543,0.7875837683677673,0.4166666666666667,0.6769952269952271,0.5384615384615384,0.0,0.6028260886669159,0.6085550487041473,0.06334020290523767,0.11139062279835343,0.0,0.0,0.0,0.0,0.0,18473,global,0.0
1,5,lr5e-05_bs16_drop0p4_temp2p0_a0p25_b0p05__wd1e-04trmiss0_degmodglobal,16,5e-05,0.0001,0.4,2.0,0.25,0.05,lr5e-05_bs16_drop0p4_temp2p0_a0p25_b0p05__wd1e-04trmiss0_degmodglobal,42,0.633974477648735,0.7874776721000671,0.4166666666666667,0.6769952269952271,0.5384615384615384,0.0,0.5800376683473587,0.5995310693979263,0.08531499467790127,0.26229283958673477,0.0,0.0,0.0,0.0,0.0,18473,global,0.0
1,5,lr1e-05_bs16_drop0p2_temp1p0_a0p25_b0p05__wd1e-04trmiss0_degmodglobal,16,1e-05,0.0001,0.2,1.0,0.25,0.05,lr1e-05_bs16_drop0p2_temp1p0_a0p25_b0p05__wd1e-04trmiss0_degmodglobal,1,0.7285805195569992,0.7003725171089172,0.4444444444444444,0.7174482924482923,0.38461538461538464,0.0,0.669616237282753,0.7080516815185547,0.056797297671437263,0.12659023515880108,0.0,0.0,0.0,0.0,0.0,18473,global,0.0
1,5,lr1e-05_bs16_drop0p2_temp1p0_a0p25_b0p05__wd1e-04trmiss0_degmodglobal,16,1e-05,0.0001,0.2,1.0,0.25,0.05,lr1e-05_bs16_drop0p2_temp1p0_a0p25_b0p05__wd1e-04trmiss0_degmodglobal,2,0.7073179483413696,0.696557343006134,0.4722222222222222,0.7544853294853295,0.38461538461538464,0.0,0.6600502580404282,0.6903965026140213,0.04800040926784277,0.09842685051262379,0.0,0.0,0.0,0.0,0.0,18473,global,0.0
1,5,lr1e-05_bs16_drop0p2_temp1p0_a0p25_b0p05__wd1e-04trmiss0_degmodglobal,16,1e-05,0.0001,0.2,1.0,0.25,0.05,lr1e-05_bs16_drop0p2_temp1p0_a0p25_b0p05__wd1e-04trmiss0_degmodglobal,3,0.7034169286489487,0.6941599249839783,0.5,0.7822631072631072,0.38461538461538464,0.0,0.6626415401697159,0.6794878542423248,0.06347195897251368,0.16122125089168549,0.0,0.0,0.0,0.0,0.0,18473,global,0.0
1,5,lr1e-05_bs16_drop0p2_temp1p0_a0p25_b0p05__wd1e-04trmiss0_degmodglobal,16,1e-05,0.0001,0.2,1.0,0.25,0.05,lr1e-05_bs16_drop0p2_temp1p0_a0p25_b0p05__wd1e-04trmiss0_degmodglobal,4,0.7098108530044556,0.6922280788421631,0.5,0.7822631072631072,0.38461538461538464,0.0,0.6696583032608032,0.6859470754861832,0.06342456862330437,0.1601528339087963,0.0,0.0,0.0,0.0,0.0,18473,global,0.0
1,5,lr1e-05_bs16_drop0p2_temp1p0_a0p25_b0p05__wd1e-04trmiss0_degmodglobal,16,1e-05,0.0001,0.2,1.0,0.25,0.05,lr1e-05_bs16_drop0p2_temp1p0_a0p25_b0p05__wd1e-04trmiss0_degmodglobal,5,0.723645493388176,0.6900408267974854,0.5,0.7822631072631072,0.38461538461538464,0.0,0.6636705696582794,0.6989217400550842,0.06467271875590086,0.17111129686236382,0.0,0.0,0.0,0.0,0.0,18473,global,0.0
1,5,lr1e-05_bs16_drop0p2_temp1p0_a0p25_b0p05__wd1e-04trmiss0_degmodglobal,16,1e-05,0.0001,0.2,1.0,0.25,0.05,lr1e-05_bs16_drop0p2_temp1p0_a0p25_b0p05__wd1e-04trmiss0_degmodglobal,6,0.72099868953228,0.6895180940628052,0.4444444444444444,0.7378186628186629,0.38461538461538464,0.0,0.6877968311309814,0.6959463655948639,0.06513040326535702,0.17539424449205399,0.0,0.0,0.0,0.0,0.0,18473,global,0.0
1,5,lr1e-05_bs16_drop0p2_temp1p0_a0p25_b0p05__wd1e-04trmiss0_degmodglobal,16,1e-05,0.0001,0.2,1.0,0.25,0.05,lr1e-05_bs16_drop0p2_temp1p0_a0p25_b0p05__wd1e-04trmiss0_degmodglobal,7,0.6974909007549286,0.6902792453765869,0.41666666666666663,0.7267075517075519,0.38461538461538464,0.0,0.65105140209198,0.6685482561588287,0.07231402583420277,0.21728282049298286,0.0,0.0,0.0,0.0,0.0,18473,global,0.0
1,5,lr1e-05_bs16_drop0p2_temp1p0_a0p25_b0p05__wd1e-04trmiss0_degmodglobal,16,1e-05,0.0001,0.2,1.0,0.25,0.05,lr1e-05_bs16_drop0p2_temp1p0_a0p25_b0p05__wd1e-04trmiss0_degmodglobal,8,0.6906111985445023,0.6890385150909424,0.4722222222222222,0.7544853294853295,0.38461538461538464,0.0,0.6402244567871094,0.6646263897418976,0.06577327288687229,0.19082998670637608,0.0,0.0,0.0,0.0,0.0,18473,global,0.0
1,5,lr1e-05_bs16_drop0p2_temp1p0_a0p25_b0p05__wd1e-04trmiss0_degmodglobal,16,1e-05,0.0001,0.2,1.0,0.25,0.05,lr1e-05_bs16_drop0p2_temp1p0_a0p25_b0p05__wd1e-04trmiss0_degmodglobal,9,0.676533430814743,0.6893556714057922,0.4444444444444444,0.7174482924482923,0.38461538461538464,0.0,0.6662628650665283,0.6537048518657684,0.0597686842083931,0.15772807598114014,0.0,0.0,0.0,0.0,0.0,18473,global,0.0
1,5,lr1e-05_bs16_drop0p2_temp1p0_a0p25_b0p05__wd1e-04trmiss0_degmodglobal,16,1e-05,0.0001,0.2,1.0,0.25,0.05,lr1e-05_bs16_drop0p2_temp1p0_a0p25_b0p05__wd1e-04trmiss0_degmodglobal,10,0.694823294878006,0.6892567873001099,0.4444444444444444,0.7174482924482923,0.38461538461538464,0.0,0.6526583731174469,0.6737105399370193,0.055945124477148056,0.1425296775996685,0.0,0.0,0.0,0.0,0.0,18473,global,0.0
1,5,lr1e-05_bs16_drop0p2_temp1p0_a0p25_b0p05__wd1e-04trmiss0_degmodglobal,16,1e-05,0.0001,0.2,1.0,0.25,0.05,lr1e-05_bs16_drop0p2_temp1p0_a0p25_b0p05__wd1e-04trmiss0_degmodglobal,11,0.6959611177444458,0.687810480594635,0.4722222222222222,0.7544853294853295,0.38461538461538464,0.0,0.6371565163135529,0.6726304292678833,0.06227582506835461,0.15523476898670197,0.0,0.0,0.0,0.0,0.0,18473,global,0.0
1,5,lr1e-05_bs16_drop0p2_temp1p0_a0p25_b0p05__wd1e-04trmiss0_degmodglobal,16,1e-05,0.0001,0.2,1.0,0.25,0.05,lr1e-05_bs16_drop0p2_temp1p0_a0p25_b0p05__wd1e-04trmiss0_degmodglobal,12,0.6975204795598984,0.6893293261528015,0.41666666666666663,0.7007816257816257,0.38461538461538464,0.0,0.6233244687318802,0.6729130744934082,0.06436209846287966,0.1703377291560173,0.0,0.0,0.0,0.0,0.0,18473,global,0.0
1,5,lr1e-05_bs16_drop0p2_temp1p0_a0p25_b0p05__wd1e-04trmiss0_degmodglobal,16,1e-05,0.0001,0.2,1.0,0.25,0.05,lr1e-05_bs16_drop0p2_temp1p0_a0p25_b0p05__wd1e-04trmiss0_degmodglobal,13,0.6848703175783157,0.689336359500885,0.3888888888888889,0.6896705146705147,0.46153846153846156,0.0,0.6360613107681274,0.662642240524292,0.06377397291362286,0.12569167092442513,0.0,0.0,0.0,0.0,0.0,18473,global,0.0
1,5,lr1e-05_bs16_drop0p2_temp1p0_a0p25_b0p05__wd1e-04trmiss0_degmodglobal,16,1e-05,0.0001,0.2,1.0,0.25,0.05,lr1e-05_bs16_drop0p2_temp1p0_a0p25_b0p05__wd1e-04trmiss0_degmodglobal,14,0.6627204865217209,0.6877524852752686,0.4444444444444444,0.7378186628186629,0.3076923076923077,0.0,0.6384410858154297,0.6381929516792297,0.06764532253146172,0.15232425555586815,0.0,0.0,0.0,0.0,0.0,18473,global,0.0
1,5,lr1e-05_bs16_drop0p2_temp1p0_a0p25_b0p05__wd1e-04trmiss0_degmodglobal,16,1e-05,0.0001,0.2,1.0,0.25,0.05,lr1e-05_bs16_drop0p2_temp1p0_a0p25_b0p05__wd1e-04trmiss0_degmodglobal,15,0.6893822401762009,0.6872133612632751,0.41666666666666663,0.7007816257816257,0.3076923076923077,0.0,0.6189502477645874,0.664169579744339,0.06768111512064934,0.1658476646989584,0.0,0.0,0.0,0.0,0.0,18473,global,0.0
1,5,lr1e-05_bs16_drop0p2_temp1p0_a0p25_b0p05__wd1e-04trmiss0_degmodglobal,16,1e-05,0.0001,0.2,1.0,0.25,0.05,lr1e-05_bs16_drop0p2_temp1p0_a0p25_b0p05__wd1e-04trmiss0_degmodglobal,16,0.7102410793304443,0.6882249116897583,0.4444444444444444,0.7378186628186629,0.3076923076923077,0.0,0.6290128976106644,0.6873390525579453,0.06070381309837103,0.15452155470848083,0.0,0.0,0.0,0.0,0.0,18473,global,0.0
1,5,lr1e-05_bs16_drop0p2_temp1p0_a0p25_b0p05__wd1e-04trmiss0_degmodglobal,16,1e-05,0.0001,0.2,1.0,0.25,0.05,lr1e-05_bs16_drop0p2_temp1p0_a0p25_b0p05__wd1e-04trmiss0_degmodglobal,17,0.6927832067012787,0.6840447783470154,0.5,0.76506734006734,0.46153846153846156,0.0,0.6445007920265198,0.6701816469430923,0.05855260603129864,0.15926775336265564,0.0,0.0,0.0,0.0,0.0,18473,global,0.0
1,5,lr1e-05_bs16_drop0p2_temp1p0_a0p25_b0p05__wd1e-04trmiss0_degmodglobal,16,1e-05,0.0001,0.2,1.0,0.25,0.05,lr1e-05_bs16_drop0p2_temp1p0_a0p25_b0p05__wd1e-04trmiss0_degmodglobal,18,0.6549501419067383,0.6836114525794983,0.4722222222222222,0.728030303030303,0.46153846153846156,0.0,0.6265766471624374,0.6347774714231491,0.054752882570028305,0.12968947738409042,0.0,0.0,0.0,0.0,0.0,18473,global,0.0
1,5,lr1e-05_bs16_drop0p2_temp1p0_a0p25_b0p05__wd1e-04trmiss0_degmodglobal,16,1e-05,0.0001,0.2,1.0,0.25,0.05,lr1e-05_bs16_drop0p2_temp1p0_a0p25_b0p05__wd1e-04trmiss0_degmodglobal,19,0.6795684546232224,0.6875727772712708,0.4444444444444444,0.7174482924482923,0.38461538461538464,0.0,0.6334746330976486,0.6592617332935333,0.053624981082975864,0.1380093041807413,0.0,0.0,0.0,0.0,0.0,18473,global,0.0
1,5,lr1e-05_bs16_drop0p2_temp1p0_a0p25_b0p05__wd1e-04trmiss0_degmodglobal,16,1e-05,0.0001,0.2,1.0,0.25,0.05,lr1e-05_bs16_drop0p2_temp1p0_a0p25_b0p05__wd1e-04trmiss0_degmodglobal,20,0.6718282848596573,0.6885464191436768,0.4722222222222222,0.7544853294853295,0.38461538461538464,0.0,0.6111684590578079,0.6490578353404999,0.06170506589114666,0.14688370376825333,0.0,0.0,0.0,0.0,0.0,18473,global,0.0
1,5,lr1e-05_bs16_drop0p2_temp1p0_a0p25_b0p05__wd1e-04trmiss0_degmodglobal,16,1e-05,0.0001,0.2,1.0,0.25,0.05,lr1e-05_bs16_drop0p2_temp1p0_a0p25_b0p05__wd1e-04trmiss0_degmodglobal,21,0.6751474440097809,0.6864129304885864,0.4722222222222222,0.7544853294853295,0.3076923076923077,0.0,0.6438824832439423,0.6500109285116196,0.0660937987267971,0.17226125672459602,0.0,0.0,0.0,0.0,0.0,18473,global,0.0
1,5,lr1e-05_bs16_drop0p2_temp1p0_a0p25_b0p05__wd1e-04trmiss0_degmodglobal,16,1e-05,0.0001,0.2,1.0,0.25,0.05,lr1e-05_bs16_drop0p2_temp1p0_a0p25_b0p05__wd1e-04trmiss0_degmodglobal,22,0.6755906939506531,0.6854383945465088,0.5,0.7822631072631072,0.38461538461538464,0.0,0.6331994235515594,0.6487820148468018,0.07079880218952894,0.182180006057024,0.0,0.0,0.0,0.0,0.0,18473,global,0.0
1,5,lr1e-05_bs16_drop0p2_temp1p0_a0p25_b0p05__wd1e-04trmiss0_degmodglobal,16,1e-05,0.0001,0.2,1.0,0.25,0.05,lr1e-05_bs16_drop0p2_temp1p0_a0p25_b0p05__wd1e-04trmiss0_degmodglobal,23,0.6603707075119019,0.6819826364517212,0.5,0.7822631072631072,0.38461538461538464,0.0,0.6113184094429016,0.6385640054941177,0.06071412656456232,0.13256368786096573,0.0,0.0,0.0,0.0,0.0,18473,global,0.0
1,5,lr1e-05_bs16_drop0p2_temp1p0_a0p25_b0p05__wd1e-04trmiss0_degmodglobal,16,1e-05,0.0001,0.2,1.0,0.25,0.05,lr1e-05_bs16_drop0p2_temp1p0_a0p25_b0p05__wd1e-04trmiss0_degmodglobal,24,0.6494579315185547,0.6853746771812439,0.5277777777777778,0.7928451178451179,0.38461538461538464,0.0,0.6496314257383347,0.6218449771404266,0.07024380471557379,0.20103995501995087,0.0,0.0,0.0,0.0,0.0,18473,global,0.0
1,5,lr1e-05_bs16_drop0p2_temp1p0_a0p25_b0p05__wd1e-04trmiss0_degmodglobal,16,1e-05,0.0001,0.2,1.0,0.25,0.05,lr1e-05_bs16_drop0p2_temp1p0_a0p25_b0p05__wd1e-04trmiss0_degmodglobal,25,0.6571367681026459,0.6846311092376709,0.5555555555555556,0.8076599326599327,0.46153846153846156,0.0,0.6475414335727692,0.6319259703159332,0.06650157272815704,0.17170793749392033,0.0,0.0,0.0,0.0,0.0,18473,global,0.0
1,5,lr1e-05_bs16_drop0p2_temp1p0_a0p25_b0p05__wd1e-04trmiss0_degmodglobal,16,1e-05,0.0001,0.2,1.0,0.25,0.05,lr1e-05_bs16_drop0p2_temp1p0_a0p25_b0p05__wd1e-04trmiss0_degmodglobal,26,0.617565393447876,0.6838257312774658,0.5277777777777778,0.7928451178451179,0.46153846153846156,0.0,0.6184014081954956,0.5932496637105942,0.06370640825480223,0.1677827201783657,0.0,0.0,0.0,0.0,0.0,18473,global,0.0
1,5,lr1e-05_bs16_drop0p2_temp1p0_a0p25_b0p05__wd1e-04trmiss0_degmodglobal,16,1e-05,0.0001,0.2,1.0,0.25,0.05,lr1e-05_bs16_drop0p2_temp1p0_a0p25_b0p05__wd1e-04trmiss0_degmodglobal,27,0.635860413312912,0.6860077977180481,0.5277777777777778,0.7928451178451179,0.46153846153846156,0.0,0.6113632321357727,0.607526957988739,0.07456216402351856,0.19385825097560883,0.0,0.0,0.0,0.0,0.0,18473,global,0.0
1,5,lr1e-05_bs16_drop0p2_temp1p0_a0p25_b0p05__wd1e-04trmiss0_degmodglobal,16,1e-05,0.0001,0.2,1.0,0.25,0.05,lr1e-05_bs16_drop0p2_temp1p0_a0p25_b0p05__wd1e-04trmiss0_degmodglobal,28,0.6340941190719604,0.6860528588294983,0.5,0.7822631072631072,0.46153846153846156,0.0,0.6117701977491379,0.6130410432815552,0.06043540872633457,0.11888425052165985,0.0,0.0,0.0,0.0,0.0,18473,global,0.0
1,5,lr1e-05_bs16_drop0p2_temp1p0_a0p25_b0p05__wd1e-04trmiss0_degmodglobal,16,1e-05,0.0001,0.2,1.0,0.25,0.05,lr1e-05_bs16_drop0p2_temp1p0_a0p25_b0p05__wd1e-04trmiss0_degmodglobal,29,0.6407701373100281,0.6890743374824524,0.5,0.7822631072631072,0.38461538461538464,0.0,0.6113278567790985,0.6127734184265137,0.07533823419362307,0.1832430139183998,0.0,0.0,0.0,0.0,0.0,18473,global,0.0
1,5,lr1e-05_bs16_drop0p2_temp1p0_a0p25_b0p05__wd1e-04trmiss0_degmodglobal,16,1e-05,0.0001,0.2,1.0,0.25,0.05,lr1e-05_bs16_drop0p2_temp1p0_a0p25_b0p05__wd1e-04trmiss0_degmodglobal,30,0.6444528847932816,0.6901446580886841,0.4444444444444444,0.7174482924482923,0.3076923076923077,0.0,0.6195052117109299,0.6193760186433792,0.06627163384109735,0.1701791901141405,0.0,0.0,0.0,0.0,0.0,18473,global,0.0
1,5,lr1e-05_bs16_drop0p2_temp1p0_a0p25_b0p05__wd1e-04trmiss0_degmodglobal,16,1e-05,0.0001,0.2,1.0,0.25,0.05,lr1e-05_bs16_drop0p2_temp1p0_a0p25_b0p05__wd1e-04trmiss0_degmodglobal,31,0.6564408391714096,0.6925062537193298,0.4444444444444444,0.7174482924482923,0.3076923076923077,0.0,0.5949870198965073,0.6350045502185822,0.059540378861129284,0.13102397322654724,0.0,0.0,0.0,0.0,0.0,18473,global,0.0
1,5,lr1e-05_bs16_drop0p2_temp1p0_a0p25_b0p05__wd1e-04trmiss0_degmodglobal,16,1e-05,0.0001,0.2,1.0,0.25,0.05,lr1e-05_bs16_drop0p2_temp1p0_a0p25_b0p05__wd1e-04trmiss0_degmodglobal,32,0.6227068603038788,0.6900355815887451,0.4722222222222222,0.7544853294853295,0.38461538461538464,0.0,0.60591721534729,0.6000297665596008,0.061806472949683666,0.14450961258262396,0.0,0.0,0.0,0.0,0.0,18473,global,0.0
1,5,lr1e-05_bs16_drop0p2_temp1p0_a0p25_b0p05__wd1e-04trmiss0_degmodglobal,16,1e-05,0.0001,0.2,1.0,0.25,0.05,lr1e-05_bs16_drop0p2_temp1p0_a0p25_b0p05__wd1e-04trmiss0_degmodglobal,33,0.6542571932077408,0.6858776211738586,0.4722222222222222,0.7544853294853295,0.38461538461538464,0.0,0.6233165115118027,0.630628377199173,0.062191677279770374,0.16161778569221497,0.0,0.0,0.0,0.0,0.0,18473,global,0.0
1,5,lr1e-05_bs16_drop0p2_temp1p0_a0p25_b0p05__wd1e-04trmiss0_degmodglobal,16,1e-05,0.0001,0.2,1.0,0.25,0.05,lr1e-05_bs16_drop0p2_temp1p0_a0p25_b0p05__wd1e-04trmiss0_degmodglobal,34,0.6123096197843552,0.6835386157035828,0.4722222222222222,0.7544853294853295,0.38461538461538464,0.0,0.6078060269355774,0.5891227275133133,0.06365588679909706,0.14545809477567673,0.0,0.0,0.0,0.0,0.0,18473,global,0.0
1,5,lr1e-05_bs16_drop0p2_temp1p0_a0p25_b0p05__wd1e-04trmiss0_degmodglobal,16,1e-05,0.0001,0.2,1.0,0.25,0.05,lr1e-05_bs16_drop0p2_temp1p0_a0p25_b0p05__wd1e-04trmiss0_degmodglobal,35,0.6449520140886307,0.6849702000617981,0.4722222222222222,0.7544853294853295,0.38461538461538464,0.0,0.6249117851257324,0.619629830121994,0.0685431007295847,0.16372816637158394,0.0,0.0,0.0,0.0,0.0,18473,global,0.0
1,5,lr1e-05_bs16_drop0p2_temp1p0_a0p25_b0p05__wd1e-04trmiss0_degmodglobal,16,1e-05,0.0001,0.2,1.0,0.25,0.05,lr1e-05_bs16_drop0p2_temp1p0_a0p25_b0p05__wd1e-04trmiss0_degmodglobal,36,0.6325669884681702,0.6847141981124878,0.4722222222222222,0.7544853294853295,0.38461538461538464,0.0,0.5883167684078217,0.6070668548345566,0.07035268284380436,0.15823886543512344,0.0,0.0,0.0,0.0,0.0,18473,global,0.0
1,5,lr1e-05_bs16_drop0p2_temp1p0_a0p25_b0p05__wd1e-04trmiss0_degmodglobal,16,1e-05,0.0001,0.2,1.0,0.25,0.05,lr1e-05_bs16_drop0p2_temp1p0_a0p25_b0p05__wd1e-04trmiss0_degmodglobal,37,0.6502173542976379,0.6834055185317993,0.4722222222222222,0.7544853294853295,0.38461538461538464,0.0,0.627874106168747,0.6261829435825348,0.06196965277194977,0.17083968967199326,0.0,0.0,0.0,0.0,0.0,18473,global,0.0
1,5,lr1e-05_bs16_drop0p2_temp1p0_a0p25_b0p05__wd1e-04trmiss0_degmodglobal,16,1e-05,0.0001,0.2,1.0,0.25,0.05,lr1e-05_bs16_drop0p2_temp1p0_a0p25_b0p05__wd1e-04trmiss0_degmodglobal,38,0.6458949595689774,0.6798653602600098,0.4722222222222222,0.7544853294853295,0.38461538461538464,0.0,0.6310641467571259,0.6191508620977402,0.06962735299021006,0.18674573674798012,0.0,0.0,0.0,0.0,0.0,18473,global,0.0
1,5,lr1e-05_bs16_drop0p2_temp1p0_a0p25_b0p05__wd1e-04trmiss0_degmodglobal,16,1e-05,0.0001,0.2,1.0,0.25,0.05,lr1e-05_bs16_drop0p2_temp1p0_a0p25_b0p05__wd1e-04trmiss0_degmodglobal,39,0.6598812192678452,0.6804843544960022,0.4722222222222222,0.7544853294853295,0.38461538461538464,0.0,0.5809771865606308,0.6329527944326401,0.06898613926023245,0.19363754615187645,0.0,0.0,0.0,0.0,0.0,18473,global,0.0
1,5,lr1e-05_bs16_drop0p2_temp1p0_a0p25_b0p05__wd1e-04trmiss0_degmodglobal,16,1e-05,0.0001,0.2,1.0,0.25,0.05,lr1e-05_bs16_drop0p2_temp1p0_a0p25_b0p05__wd1e-04trmiss0_degmodglobal,40,0.6205266714096069,0.6808335781097412,0.5,0.76506734006734,0.38461538461538464,0.0,0.6016070246696472,0.5993102341890335,0.05917041935026646,0.12847699131816626,0.0,0.0,0.0,0.0,0.0,18473,global,0.0
1,5,lr1e-05_bs16_drop0p2_temp1p0_a0p25_b0p05__wd1e-04trmiss0_degmodglobal,16,1e-05,0.0001,0.2,1.0,0.25,0.05,lr1e-05_bs16_drop0p2_temp1p0_a0p25_b0p05__wd1e-04trmiss0_degmodglobal,41,0.6346933841705322,0.6795688271522522,0.4722222222222222,0.7544853294853295,0.38461538461538464,0.0,0.5988475978374481,0.6148121058940887,0.056589363142848015,0.11467943899333477,0.0,0.0,0.0,0.0,0.0,18473,global,0.0
1,5,lr1e-05_bs16_drop0p2_temp1p0_a0p25_b0p05__wd1e-04trmiss0_degmodglobal,16,1e-05,0.0001,0.2,1.0,0.25,0.05,lr1e-05_bs16_drop0p2_temp1p0_a0p25_b0p05__wd1e-04trmiss0_degmodglobal,42,0.6649461984634399,0.6838171482086182,0.4722222222222222,0.7544853294853295,0.38461538461538464,0.0,0.5893115848302841,0.6382368803024292,0.07092423643916845,0.17956526950001717,0.0,0.0,0.0,0.0,0.0,18473,global,0.0
1,5,lr1e-05_bs16_drop0p2_temp1p0_a0p25_b0p05__wd1e-04trmiss0_degmodglobal,16,1e-05,0.0001,0.2,1.0,0.25,0.05,lr1e-05_bs16_drop0p2_temp1p0_a0p25_b0p05__wd1e-04trmiss0_degmodglobal,43,0.6291768401861191,0.6888061165809631,0.4722222222222222,0.7544853294853295,0.38461538461538464,0.0,0.6105483919382095,0.6062045395374298,0.06433575786650181,0.13776726834475994,0.0,0.0,0.0,0.0,0.0,18473,global,0.0
1,5,lr1e-05_bs16_drop0p2_temp1p0_a0p25_b0p05__wd1e-04trmiss0_degmodglobal,16,1e-05,0.0001,0.2,1.0,0.25,0.05,lr1e-05_bs16_drop0p2_temp1p0_a0p25_b0p05__wd1e-04trmiss0_degmodglobal,44,0.6326481401920319,0.6892873048782349,0.5,0.76506734006734,0.46153846153846156,0.0,0.5995602458715439,0.606504499912262,0.06729177571833134,0.18641340732574463,0.0,0.0,0.0,0.0,0.0,18473,global,0.0
1,5,lr1e-05_bs16_drop0p2_temp1p0_a0p25_b0p05__wd1e-04trmiss0_degmodglobal,16,1e-05,0.0001,0.2,1.0,0.25,0.05,lr1e-05_bs16_drop0p2_temp1p0_a0p25_b0p05__wd1e-04trmiss0_degmodglobal,45,0.6344459801912308,0.6870878338813782,0.4722222222222222,0.7544853294853295,0.38461538461538464,0.0,0.6171626150608063,0.6124511361122131,0.06195660121738911,0.13011373579502106,0.0,0.0,0.0,0.0,0.0,18473,global,0.0
1,5,lr1e-05_bs16_drop0p2_temp2p0_a0p25_b0p05__wd1e-04trmiss0_degmodglobal,16,1e-05,0.0001,0.2,2.0,0.25,0.05,lr1e-05_bs16_drop0p2_temp2p0_a0p25_b0p05__wd1e-04trmiss0_degmodglobal,1,0.7125649601221085,0.6661071181297302,0.6944444444444444,0.8808080808080809,0.6153846153846154,0.0,0.6784248501062393,0.6920231133699417,0.04947695881128311,0.1634526215493679,0.0,0.0,0.0,0.0,0.0,18473,global,0.0
1,5,lr1e-05_bs16_drop0p2_temp2p0_a0p25_b0p05__wd1e-04trmiss0_degmodglobal,16,1e-05,0.0001,0.2,2.0,0.25,0.05,lr1e-05_bs16_drop0p2_temp2p0_a0p25_b0p05__wd1e-04trmiss0_degmodglobal,2,0.7099994421005249,0.663207471370697,0.6944444444444444,0.8808080808080809,0.6923076923076923,0.0,0.6928511261940002,0.6914190500974655,0.0460595665499568,0.14131012372672558,0.0,0.0,0.0,0.0,0.0,18473,global,0.0
1,5,lr1e-05_bs16_drop0p2_temp2p0_a0p25_b0p05__wd1e-04trmiss0_degmodglobal,16,1e-05,0.0001,0.2,2.0,0.25,0.05,lr1e-05_bs16_drop0p2_temp2p0_a0p25_b0p05__wd1e-04trmiss0_degmodglobal,3,0.6885306537151337,0.6634330749511719,0.6666666666666667,0.8622895622895623,0.6923076923076923,0.0,0.6626506149768829,0.6723589301109314,0.043036483228206635,0.10825206059962511,0.0,0.0,0.0,0.0,0.0,18473,global,0.0
1,5,lr1e-05_bs16_drop0p2_temp2p0_a0p25_b0p05__wd1e-04trmiss0_degmodglobal,16,1e-05,0.0001,0.2,2.0,0.25,0.05,lr1e-05_bs16_drop0p2_temp2p0_a0p25_b0p05__wd1e-04trmiss0_degmodglobal,4,0.7042889297008514,0.6623813509941101,0.6388888888888888,0.8490620490620491,0.6153846153846154,0.0,0.6806199550628662,0.6850876659154892,0.04974624328315258,0.13529419340193272,0.0,0.0,0.0,0.0,0.0,18473,global,0.0
1,5,lr1e-05_bs16_drop0p2_temp2p0_a0p25_b0p05__wd1e-04trmiss0_degmodglobal,16,1e-05,0.0001,0.2,2.0,0.25,0.05,lr1e-05_bs16_drop0p2_temp2p0_a0p25_b0p05__wd1e-04trmiss0_degmodglobal,5,0.6858671307563782,0.6603859066963196,0.6944444444444444,0.8741943241943244,0.6153846153846154,0.0,0.6475914269685745,0.6690021455287933,0.04382275929674506,0.11818583682179451,0.0,0.0,0.0,0.0,0.0,18473,global,0.0
1,5,lr1e-05_bs16_drop0p2_temp2p0_a0p25_b0p05__wd1e-04trmiss0_degmodglobal,16,1e-05,0.0001,0.2,2.0,0.25,0.05,lr1e-05_bs16_drop0p2_temp2p0_a0p25_b0p05__wd1e-04trmiss0_degmodglobal,6,0.7041275352239609,0.6591644287109375,0.6944444444444444,0.8741943241943244,0.6153846153846154,0.0,0.6476833373308182,0.6856145411729813,0.04598879348486662,0.14031562767922878,0.0,0.0,0.0,0.0,0.0,18473,global,0.0
1,5,lr1e-05_bs16_drop0p2_temp2p0_a0p25_b0p05__wd1e-04trmiss0_degmodglobal,16,1e-05,0.0001,0.2,2.0,0.25,0.05,lr1e-05_bs16_drop0p2_temp2p0_a0p25_b0p05__wd1e-04trmiss0_degmodglobal,7,0.6766907423734665,0.659074068069458,0.6666666666666667,0.8622895622895623,0.6153846153846154,0.0,0.6605284363031387,0.6597733348608017,0.043742503970861435,0.11963604018092155,0.0,0.0,0.0,0.0,0.0,18473,global,0.0
1,5,lr1e-05_bs16_drop0p2_temp2p0_a0p25_b0p05__wd1e-04trmiss0_degmodglobal,16,1e-05,0.0001,0.2,2.0,0.25,0.05,lr1e-05_bs16_drop0p2_temp2p0_a0p25_b0p05__wd1e-04trmiss0_degmodglobal,8,0.6677770763635635,0.6611259579658508,0.6388888888888888,0.8530303030303032,0.6153846153846154,0.0,0.6649942398071289,0.6508948653936386,0.043454697355628014,0.12037071213126183,0.0,0.0,0.0,0.0,0.0,18473,global,0.0
1,5,lr1e-05_bs16_drop0p2_temp2p0_a0p25_b0p05__wd1e-04trmiss0_degmodglobal,16,1e-05,0.0001,0.2,2.0,0.25,0.05,lr1e-05_bs16_drop0p2_temp2p0_a0p25_b0p05__wd1e-04trmiss0_degmodglobal,9,0.6458890438079834,0.6622421145439148,0.6388888888888888,0.8530303030303032,0.6153846153846154,0.0,0.6371086090803146,0.6325656473636627,0.03649894706904888,0.0839734598994255,0.0,0.0,0.0,0.0,0.0,18473,global,0.0
1,5,lr1e-05_bs16_drop0p2_temp2p0_a0p25_b0p05__wd1e-04trmiss0_degmodglobal,16,1e-05,0.0001,0.2,2.0,0.25,0.05,lr1e-05_bs16_drop0p2_temp2p0_a0p25_b0p05__wd1e-04trmiss0_degmodglobal,10,0.6550311148166656,0.6633753180503845,0.6111111111111112,0.8268398268398269,0.6153846153846154,0.0,0.6415167897939682,0.6357511281967163,0.048298027366399765,0.1441096644848585,0.0,0.0,0.0,0.0,0.0,18473,global,0.0
1,5,lr1e-05_bs16_drop0p2_temp2p0_a0p25_b0p05__wd1e-04trmiss0_degmodglobal,16,1e-05,0.0001,0.2,2.0,0.25,0.05,lr1e-05_bs16_drop0p2_temp2p0_a0p25_b0p05__wd1e-04trmiss0_degmodglobal,11,0.6552300006151199,0.6647012829780579,0.5833333333333333,0.8175805675805676,0.5384615384615384,0.0,0.6317493170499802,0.6398204863071442,0.038856484927237034,0.11390780750662088,0.0,0.0,0.0,0.0,0.0,18473,global,0.0
1,5,lr1e-05_bs16_drop0p2_temp2p0_a0p25_b0p05__wd1e-04trmiss0_degmodglobal,16,1e-05,0.0001,0.2,2.0,0.25,0.05,lr1e-05_bs16_drop0p2_temp2p0_a0p25_b0p05__wd1e-04trmiss0_degmodglobal,12,0.6400217264890671,0.6662930846214294,0.5833333333333333,0.8175805675805676,0.46153846153846156,0.0,0.6156509518623352,0.6221108585596085,0.04830789938569069,0.11667800694704056,0.0,0.0,0.0,0.0,0.0,18473,global,0.0
1,5,lr1e-05_bs16_drop0p2_temp2p0_a0p25_b0p05__wd1e-04trmiss0_degmodglobal,16,1e-05,0.0001,0.2,2.0,0.25,0.05,lr1e-05_bs16_drop0p2_temp2p0_a0p25_b0p05__wd1e-04trmiss0_degmodglobal,13,0.6335780918598175,0.667860209941864,0.5833333333333334,0.8243978243978245,0.46153846153846156,0.0,0.6136565953493118,0.6161368489265442,0.04389413306489587,0.12935388460755348,0.0,0.0,0.0,0.0,0.0,18473,global,0.0
1,5,lr1e-05_bs16_drop0p2_temp2p0_a0p25_b0p05__wd1e-04trmiss0_degmodglobal,16,1e-05,0.0001,0.2,2.0,0.25,0.05,lr1e-05_bs16_drop0p2_temp2p0_a0p25_b0p05__wd1e-04trmiss0_degmodglobal,14,0.6508053988218307,0.6693456768989563,0.6111111111111112,0.8336570836570838,0.6153846153846154,0.0,0.6156493872404099,0.6323733925819397,0.04723041318356991,0.13248769380152225,0.0,0.0,0.0,0.0,0.0,18473,global,0.0
1,5,lr1e-05_bs16_drop0p2_temp2p0_a0p25_b0p05__wd1e-04trmiss0_degmodglobal,16,1e-05,0.0001,0.2,2.0,0.25,0.05,lr1e-05_bs16_drop0p2_temp2p0_a0p25_b0p05__wd1e-04trmiss0_degmodglobal,15,0.6567171812057495,0.6671436429023743,0.6111111111111112,0.8336570836570838,0.5384615384615384,0.0,0.6109947264194489,0.6402476131916046,0.04075293056666851,0.12562687322497368,0.0,0.0,0.0,0.0,0.0,18473,global,0.0
1,5,lr1e-05_bs16_drop0p2_temp2p0_a0p25_b0p05__wd1e-04trmiss0_degmodglobal,16,1e-05,0.0001,0.2,2.0,0.25,0.05,lr1e-05_bs16_drop0p2_temp2p0_a0p25_b0p05__wd1e-04trmiss0_degmodglobal,16,0.6542204916477203,0.6637884378433228,0.638888888888889,0.8455618455618457,0.6923076923076923,0.0,0.6573413163423538,0.6366296410560608,0.047849287278950214,0.11257083714008331,0.0,0.0,0.0,0.0,0.0,18473,global,0.0
1,5,lr1e-05_bs16_drop0p2_temp2p0_a0p25_b0p05__wd1e-04trmiss0_degmodglobal,16,1e-05,0.0001,0.2,2.0,0.25,0.05,lr1e-05_bs16_drop0p2_temp2p0_a0p25_b0p05__wd1e-04trmiss0_degmodglobal,17,0.6524281948804855,0.6655420660972595,0.638888888888889,0.8455618455618457,0.6923076923076923,0.0,0.6149090081453323,0.6312464624643326,0.05161416530609131,0.165564127266407,0.0,0.0,0.0,0.0,0.0,18473,global,0.0
1,5,lr1e-05_bs16_drop0p2_temp2p0_a0p25_b0p05__wd1e-04trmiss0_degmodglobal,16,1e-05,0.0001,0.2,2.0,0.25,0.05,lr1e-05_bs16_drop0p2_temp2p0_a0p25_b0p05__wd1e-04trmiss0_degmodglobal,18,0.6338252574205399,0.6654701232910156,0.638888888888889,0.8455618455618457,0.6923076923076923,0.0,0.6209425032138824,0.6208828538656235,0.036821204237639904,0.0747416177764535,0.0,0.0,0.0,0.0,0.0,18473,global,0.0
1,5,lr1e-05_bs16_drop0p2_temp2p0_a0p25_b0p05__wd1e-04trmiss0_degmodglobal,16,1e-05,0.0001,0.2,2.0,0.25,0.05,lr1e-05_bs16_drop0p2_temp2p0_a0p25_b0p05__wd1e-04trmiss0_degmodglobal,19,0.6446175575256348,0.6624258756637573,0.638888888888889,0.8455618455618457,0.6923076923076923,0.0,0.6067222058773041,0.6239693015813828,0.053288533352315426,0.14652256853878498,0.0,0.0,0.0,0.0,0.0,18473,global,0.0
1,5,lr1e-05_bs16_drop0p2_temp2p0_a0p25_b0p05__wd1e-04trmiss0_degmodglobal,16,1e-05,0.0001,0.2,2.0,0.25,0.05,lr1e-05_bs16_drop0p2_temp2p0_a0p25_b0p05__wd1e-04trmiss0_degmodglobal,20,0.6459735333919525,0.6633321642875671,0.6666666666666666,0.851972101972102,0.6923076923076923,0.0,0.6059189140796661,0.6274327486753464,0.052165137603878975,0.10998999234288931,0.0,0.0,0.0,0.0,0.0,18473,global,0.0
1,5,lr1e-05_bs16_drop0p2_temp2p0_a0p25_b0p05__wd1e-04trmiss0_degmodglobal,16,1e-05,0.0001,0.2,2.0,0.25,0.05,lr1e-05_bs16_drop0p2_temp2p0_a0p25_b0p05__wd1e-04trmiss0_degmodglobal,21,0.6513895094394684,0.6622580885887146,0.6111111111111112,0.838827838827839,0.6923076923076923,0.0,0.5936230719089508,0.6361452639102936,0.038690418004989624,0.11143244989216328,0.0,0.0,0.0,0.0,0.0,18473,global,0.0
1,5,lr1e-05_bs16_drop0p2_temp2p0_a0p25_b0p05__wd1e-04trmiss0_degmodglobal,16,1e-05,0.0001,0.2,2.0,0.25,0.05,lr1e-05_bs16_drop0p2_temp2p0_a0p25_b0p05__wd1e-04trmiss0_degmodglobal,22,0.637729212641716,0.6651329398155212,0.6388888888888888,0.8610500610500611,0.6153846153846154,0.0,0.6362025141716003,0.6201101988554001,0.04541931767016649,0.1252838335931301,0.0,0.0,0.0,0.0,0.0,18473,global,0.0
1,5,lr1e-05_bs16_drop0p2_temp2p0_a0p25_b0p05__wd1e-04trmiss0_degmodglobal,16,1e-05,0.0001,0.2,2.0,0.25,0.05,lr1e-05_bs16_drop0p2_temp2p0_a0p25_b0p05__wd1e-04trmiss0_degmodglobal,23,0.6319862604141235,0.6628643870353699,0.6388888888888888,0.8610500610500611,0.6923076923076923,0.0,0.608475387096405,0.6163032650947571,0.043824341148138046,0.09453782625496387,0.0,0.0,0.0,0.0,0.0,18473,global,0.0
1,5,lr1e-05_bs16_drop0p2_temp2p0_a0p25_b0p05__wd1e-04trmiss0_degmodglobal,16,1e-05,0.0001,0.2,2.0,0.25,0.05,lr1e-05_bs16_drop0p2_temp2p0_a0p25_b0p05__wd1e-04trmiss0_degmodglobal,24,0.6163558065891266,0.6647986173629761,0.638888888888889,0.8455618455618457,0.6153846153846154,0.0,0.6060461848974228,0.6021779030561447,0.03603598056361079,0.10337779857218266,0.0,0.0,0.0,0.0,0.0,18473,global,0.0
1,5,lr1e-05_bs16_drop0p2_temp2p0_a0p25_b0p05__wd1e-04trmiss0_degmodglobal,16,1e-05,0.0001,0.2,2.0,0.25,0.05,lr1e-05_bs16_drop0p2_temp2p0_a0p25_b0p05__wd1e-04trmiss0_degmodglobal,25,0.6593321263790131,0.664196789264679,0.638888888888889,0.8455618455618457,0.6923076923076923,0.0,0.5888256132602692,0.6449218839406967,0.038286090828478336,0.09677444957196712,0.0,0.0,0.0,0.0,0.0,18473,global,0.0
1,5,lr1e-05_bs16_drop0p2_temp2p0_a0p25_b0p05__wd1e-04trmiss0_degmodglobal,16,1e-05,0.0001,0.2,2.0,0.25,0.05,lr1e-05_bs16_drop0p2_temp2p0_a0p25_b0p05__wd1e-04trmiss0_degmodglobal,26,0.6131827384233475,0.6624302864074707,0.638888888888889,0.8455618455618457,0.6923076923076923,0.0,0.6224162727594376,0.6024114638566971,0.03128868527710438,0.058982052374631166,0.0,0.0,0.0,0.0,0.0,18473,global,0.0
1,5,lr1e-05_bs16_drop0p4_temp1p0_a0p25_b0p05__wd1e-04trmiss0_degmodglobal,16,1e-05,0.0001,0.4,1.0,0.25,0.05,lr1e-05_bs16_drop0p4_temp1p0_a0p25_b0p05__wd1e-04trmiss0_degmodglobal,1,0.6943881213665009,0.7169200778007507,0.2222222222222222,0.6358135691469025,0.3076923076923077,0.0,0.7000332474708557,0.6653269827365875,0.07701832428574562,0.1961311660706997,0.0,0.0,0.0,0.0,0.0,18473,global,0.0
1,5,lr1e-05_bs16_drop0p4_temp1p0_a0p25_b0p05__wd1e-04trmiss0_degmodglobal,16,1e-05,0.0001,0.4,1.0,0.25,0.05,lr1e-05_bs16_drop0p4_temp1p0_a0p25_b0p05__wd1e-04trmiss0_degmodglobal,2,0.6653448045253754,0.7137182950973511,0.25,0.6543320876654211,0.3076923076923077,0.0,0.6699592918157578,0.6451886594295502,0.049863217398524284,0.1538073569536209,0.0,0.0,0.0,0.0,0.0,18473,global,0.0
1,5,lr1e-05_bs16_drop0p4_temp1p0_a0p25_b0p05__wd1e-04trmiss0_degmodglobal,16,1e-05,0.0001,0.4,1.0,0.25,0.05,lr1e-05_bs16_drop0p4_temp1p0_a0p25_b0p05__wd1e-04trmiss0_degmodglobal,3,0.6500863879919052,0.711315929889679,0.25,0.6834326167659501,0.38461538461538464,0.0,0.6670486181974411,0.6303304731845856,0.0571043798699975,0.10959627293050289,0.0,0.0,0.0,0.0,0.0,18473,global,0.0
1,5,lr1e-05_bs16_drop0p4_temp1p0_a0p25_b0p05__wd1e-04trmiss0_degmodglobal,16,1e-05,0.0001,0.4,1.0,0.25,0.05,lr1e-05_bs16_drop0p4_temp1p0_a0p25_b0p05__wd1e-04trmiss0_degmodglobal,4,0.6861189007759094,0.7109380960464478,0.2777777777777778,0.691369124702458,0.38461538461538464,0.0,0.6402840614318848,0.6661491841077805,0.05615877918899059,0.11860035732388496,0.0,0.0,0.0,0.0,0.0,18473,global,0.0
1,5,lr1e-05_bs16_drop0p4_temp1p0_a0p25_b0p05__wd1e-04trmiss0_degmodglobal,16,1e-05,0.0001,0.4,1.0,0.25,0.05,lr1e-05_bs16_drop0p4_temp1p0_a0p25_b0p05__wd1e-04trmiss0_degmodglobal,5,0.6997646540403366,0.7099660038948059,0.2777777777777778,0.691369124702458,0.38461538461538464,0.0,0.6313392519950867,0.6772790104150772,0.059188722632825375,0.15376944094896317,0.0,0.0,0.0,0.0,0.0,18473,global,0.0
1,5,lr1e-05_bs16_drop0p4_temp1p0_a0p25_b0p05__wd1e-04trmiss0_degmodglobal,16,1e-05,0.0001,0.4,1.0,0.25,0.05,lr1e-05_bs16_drop0p4_temp1p0_a0p25_b0p05__wd1e-04trmiss0_degmodglobal,6,0.7042467594146729,0.7105388641357422,0.2777777777777778,0.691369124702458,0.38461538461538464,0.0,0.6701213419437408,0.6832188218832016,0.059938850812613964,0.12086408119648695,0.0,0.0,0.0,0.0,0.0,18473,global,0.0
1,5,lr1e-05_bs16_drop0p4_temp1p0_a0p25_b0p05__wd1e-04trmiss0_degmodglobal,16,1e-05,0.0001,0.4,1.0,0.25,0.05,lr1e-05_bs16_drop0p4_temp1p0_a0p25_b0p05__wd1e-04trmiss0_degmodglobal,7,0.6790354698896408,0.7100026607513428,0.2777777777777778,0.691369124702458,0.38461538461538464,0.0,0.6625990271568298,0.6549909561872482,0.058509744703769684,0.18834178894758224,0.0,0.0,0.0,0.0,0.0,18473,global,0.0
1,5,lr1e-05_bs16_drop0p4_temp1p0_a0p25_b0p05__wd1e-04trmiss0_degmodglobal,16,1e-05,0.0001,0.4,1.0,0.25,0.05,lr1e-05_bs16_drop0p4_temp1p0_a0p25_b0p05__wd1e-04trmiss0_degmodglobal,8,0.6981752961874008,0.7133336067199707,0.2777777777777778,0.691369124702458,0.38461538461538464,0.0,0.6853281855583191,0.6789061725139618,0.05325474217534065,0.11910878866910934,0.0,0.0,0.0,0.0,0.0,18473,global,0.0
1,5,lr1e-05_bs16_drop0p4_temp1p0_a0p25_b0p05__wd1e-04trmiss0_degmodglobal,16,1e-05,0.0001,0.4,1.0,0.25,0.05,lr1e-05_bs16_drop0p4_temp1p0_a0p25_b0p05__wd1e-04trmiss0_degmodglobal,9,0.6796331703662872,0.710332453250885,0.2777777777777778,0.691369124702458,0.38461538461538464,0.0,0.6098548024892807,0.6551154553890228,0.06445368938148022,0.16808592155575752,0.0,0.0,0.0,0.0,0.0,18473,global,0.0
1,5,lr1e-05_bs16_drop0p4_temp1p0_a0p25_b0p05__wd1e-04trmiss0_degmodglobal,16,1e-05,0.0001,0.4,1.0,0.25,0.05,lr1e-05_bs16_drop0p4_temp1p0_a0p25_b0p05__wd1e-04trmiss0_degmodglobal,10,0.6501745879650116,0.7078268527984619,0.2777777777777778,0.691369124702458,0.38461538461538464,0.0,0.6334287524223328,0.6286796182394028,0.053152648732066154,0.16413603350520134,0.0,0.0,0.0,0.0,0.0,18473,global,0.0
1,5,lr1e-05_bs16_drop0p4_temp1p0_a0p25_b0p05__wd1e-04trmiss0_degmodglobal,16,1e-05,0.0001,0.4,1.0,0.25,0.05,lr1e-05_bs16_drop0p4_temp1p0_a0p25_b0p05__wd1e-04trmiss0_degmodglobal,11,0.6735692024230957,0.7067718505859375,0.3055555555555556,0.6990851740851742,0.38461538461538464,0.0,0.6422422975301743,0.6528009176254272,0.05645676655694842,0.1330824620090425,0.0,0.0,0.0,0.0,0.0,18473,global,0.0
1,5,lr1e-05_bs16_drop0p4_temp1p0_a0p25_b0p05__wd1e-04trmiss0_degmodglobal,16,1e-05,0.0001,0.4,1.0,0.25,0.05,lr1e-05_bs16_drop0p4_temp1p0_a0p25_b0p05__wd1e-04trmiss0_degmodglobal,12,0.643552228808403,0.7059805989265442,0.3055555555555556,0.6990851740851742,0.46153846153846156,0.0,0.640411451458931,0.6174391657114029,0.06953087169677019,0.1746065579354763,0.0,0.0,0.0,0.0,0.0,18473,global,0.0
1,5,lr1e-05_bs16_drop0p4_temp1p0_a0p25_b0p05__wd1e-04trmiss0_degmodglobal,16,1e-05,0.0001,0.4,1.0,0.25,0.05,lr1e-05_bs16_drop0p4_temp1p0_a0p25_b0p05__wd1e-04trmiss0_degmodglobal,13,0.6623562276363373,0.7040722370147705,0.3055555555555556,0.6990851740851742,0.38461538461538464,0.0,0.6535409688949585,0.6407425403594971,0.06082354858517647,0.12815607525408268,0.0,0.0,0.0,0.0,0.0,18473,global,0.0
1,5,lr1e-05_bs16_drop0p4_temp1p0_a0p25_b0p05__wd1e-04trmiss0_degmodglobal,16,1e-05,0.0001,0.4,1.0,0.25,0.05,lr1e-05_bs16_drop0p4_temp1p0_a0p25_b0p05__wd1e-04trmiss0_degmodglobal,14,0.670501708984375,0.7022067904472351,0.3055555555555556,0.6990851740851742,0.38461538461538464,0.0,0.6059078276157379,0.6488157510757446,0.058286746963858604,0.14228595793247223,0.0,0.0,0.0,0.0,0.0,18473,global,0.0
1,5,lr1e-05_bs16_drop0p4_temp1p0_a0p25_b0p05__wd1e-04trmiss0_degmodglobal,16,1e-05,0.0001,0.4,1.0,0.25,0.05,lr1e-05_bs16_drop0p4_temp1p0_a0p25_b0p05__wd1e-04trmiss0_degmodglobal,15,0.6618499010801315,0.7011576890945435,0.3333333333333333,0.7064925814925815,0.38461538461538464,0.0,0.6455238610506058,0.6391305029392242,0.06590162683278322,0.12487971596419811,0.0,0.0,0.0,0.0,0.0,18473,global,0.0
1,5,lr1e-05_bs16_drop0p4_temp1p0_a0p25_b0p05__wd1e-04trmiss0_degmodglobal,16,1e-05,0.0001,0.4,1.0,0.25,0.05,lr1e-05_bs16_drop0p4_temp1p0_a0p25_b0p05__wd1e-04trmiss0_degmodglobal,16,0.6962324380874634,0.7020516395568848,0.3333333333333333,0.7064925814925815,0.46153846153846156,0.0,0.6196878552436829,0.6723421663045883,0.06360431853681803,0.15978346951305866,0.0,0.0,0.0,0.0,0.0,18473,global,0.0
1,5,lr1e-05_bs16_drop0p4_temp1p0_a0p25_b0p05__wd1e-04trmiss0_degmodglobal,16,1e-05,0.0001,0.4,1.0,0.25,0.05,lr1e-05_bs16_drop0p4_temp1p0_a0p25_b0p05__wd1e-04trmiss0_degmodglobal,17,0.6521122604608536,0.6977958679199219,0.3611111111111111,0.6832602582602583,0.46153846153846156,0.0,0.5808483213186264,0.6305071711540222,0.05452833604067564,0.1594599299132824,0.0,0.0,0.0,0.0,0.0,18473,global,0.0
1,5,lr1e-05_bs16_drop0p4_temp1p0_a0p25_b0p05__wd1e-04trmiss0_degmodglobal,16,1e-05,0.0001,0.4,1.0,0.25,0.05,lr1e-05_bs16_drop0p4_temp1p0_a0p25_b0p05__wd1e-04trmiss0_degmodglobal,18,0.645546942949295,0.6944932341575623,0.3611111111111111,0.6832602582602583,0.5384615384615384,0.0,0.5971981585025787,0.6227182894945145,0.05459638871252537,0.18359124660491943,0.0,0.0,0.0,0.0,0.0,18473,global,0.0
1,5,lr1e-05_bs16_drop0p4_temp1p0_a0p25_b0p05__wd1e-04trmiss0_degmodglobal,16,1e-05,0.0001,0.4,1.0,0.25,0.05,lr1e-05_bs16_drop0p4_temp1p0_a0p25_b0p05__wd1e-04trmiss0_degmodglobal,19,0.6653057038784027,0.6915392875671387,0.3055555555555555,0.6017787767787768,0.6153846153846154,0.0,0.6209349483251572,0.6424341946840286,0.056010317988693714,0.17737815715372562,0.0,0.0,0.0,0.0,0.0,18473,global,0.0
1,5,lr1e-05_bs16_drop0p4_temp1p0_a0p25_b0p05__wd1e-04trmiss0_degmodglobal,16,1e-05,0.0001,0.4,1.0,0.25,0.05,lr1e-05_bs16_drop0p4_temp1p0_a0p25_b0p05__wd1e-04trmiss0_degmodglobal,20,0.6675033569335938,0.6923385858535767,0.3055555555555555,0.6017787767787768,0.6153846153846154,0.0,0.612665206193924,0.6502592265605927,0.046252583153545856,0.11361965164542198,0.0,0.0,0.0,0.0,0.0,18473,global,0.0
1,5,lr1e-05_bs16_drop0p4_temp1p0_a0p25_b0p05__wd1e-04trmiss0_degmodglobal,16,1e-05,0.0001,0.4,1.0,0.25,0.05,lr1e-05_bs16_drop0p4_temp1p0_a0p25_b0p05__wd1e-04trmiss0_degmodglobal,21,0.6586053222417831,0.6921802163124084,0.3055555555555555,0.6017787767787768,0.5384615384615384,0.0,0.6200074404478073,0.6353552043437958,0.061754656955599785,0.1562295351177454,0.0,0.0,0.0,0.0,0.0,18473,global,0.0
1,5,lr1e-05_bs16_drop0p4_temp1p0_a0p25_b0p05__wd1e-04trmiss0_degmodglobal,16,1e-05,0.0001,0.4,1.0,0.25,0.05,lr1e-05_bs16_drop0p4_temp1p0_a0p25_b0p05__wd1e-04trmiss0_degmodglobal,22,0.6185494661331177,0.6943055987358093,0.3333333333333333,0.6202972952972953,0.5384615384615384,0.0,0.6116544753313065,0.601019561290741,0.04472962021827698,0.12695004977285862,0.0,0.0,0.0,0.0,0.0,18473,global,0.0
1,5,lr1e-05_bs16_drop0p4_temp1p0_a0p25_b0p05__wd1e-04trmiss0_degmodglobal,16,1e-05,0.0001,0.4,1.0,0.25,0.05,lr1e-05_bs16_drop0p4_temp1p0_a0p25_b0p05__wd1e-04trmiss0_degmodglobal,23,0.6365775913000107,0.6946502923965454,0.2777777777777778,0.598075073075073,0.5384615384615384,0.0,0.6099490225315094,0.6160061955451965,0.0564540708437562,0.12915791012346745,0.0,0.0,0.0,0.0,0.0,18473,global,0.0
1,5,lr1e-05_bs16_drop0p4_temp1p0_a0p25_b0p05__wd1e-04trmiss0_degmodglobal,16,1e-05,0.0001,0.4,1.0,0.25,0.05,lr1e-05_bs16_drop0p4_temp1p0_a0p25_b0p05__wd1e-04trmiss0_degmodglobal,24,0.6479345560073853,0.6934580206871033,0.2777777777777778,0.598075073075073,0.5384615384615384,0.0,0.6627088338136673,0.6229523122310638,0.06088028009980917,0.1952435914427042,0.0,0.0,0.0,0.0,0.0,18473,global,0.0
1,5,lr1e-05_bs16_drop0p4_temp1p0_a0p25_b0p05__wd1e-04trmiss0_degmodglobal,16,1e-05,0.0001,0.4,1.0,0.25,0.05,lr1e-05_bs16_drop0p4_temp1p0_a0p25_b0p05__wd1e-04trmiss0_degmodglobal,25,0.6679694950580597,0.6962604522705078,0.25,0.5795565545565544,0.5384615384615384,0.0,0.6143675446510315,0.6382663547992706,0.07495244685560465,0.219300739467144,0.0,0.0,0.0,0.0,0.0,18473,global,0.0
1,5,lr1e-05_bs16_drop0p4_temp1p0_a0p25_b0p05__wd1e-04trmiss0_degmodglobal,16,1e-05,0.0001,0.4,1.0,0.25,0.05,lr1e-05_bs16_drop0p4_temp1p0_a0p25_b0p05__wd1e-04trmiss0_degmodglobal,26,0.6321989893913269,0.699418306350708,0.25,0.5795565545565544,0.5384615384615384,0.0,0.6077652126550674,0.6144953221082687,0.05098638962954283,0.099141466896981,0.0,0.0,0.0,0.0,0.0,18473,global,0.0
1,5,lr1e-05_bs16_drop0p4_temp1p0_a0p25_b0p05__wd1e-04trmiss0_degmodglobal,16,1e-05,0.0001,0.4,1.0,0.25,0.05,lr1e-05_bs16_drop0p4_temp1p0_a0p25_b0p05__wd1e-04trmiss0_degmodglobal,27,0.6398929506540298,0.7004579901695251,0.2777777777777778,0.598075073075073,0.5384615384615384,0.0,0.6422832310199738,0.6193552315235138,0.05533532705157995,0.13407788053154945,0.0,0.0,0.0,0.0,0.0,18473,global,0.0
1,5,lr1e-05_bs16_drop0p4_temp1p0_a0p25_b0p05__wd1e-04trmiss0_degmodglobal,16,1e-05,0.0001,0.4,1.0,0.25,0.05,lr1e-05_bs16_drop0p4_temp1p0_a0p25_b0p05__wd1e-04trmiss0_degmodglobal,28,0.6358163952827454,0.7015852332115173,0.2777777777777778,0.598075073075073,0.5384615384615384,0.0,0.6077986359596252,0.6153264194726944,0.05250451900064945,0.14727669209241867,0.0,0.0,0.0,0.0,0.0,18473,global,0.0
1,5,lr1e-05_bs16_drop0p4_temp1p0_a0p25_b0p05__wd1e-04trmiss0_degmodglobal,16,1e-05,0.0001,0.4,1.0,0.25,0.05,lr1e-05_bs16_drop0p4_temp1p0_a0p25_b0p05__wd1e-04trmiss0_degmodglobal,29,0.642130121588707,0.6998236775398254,0.2777777777777778,0.598075073075073,0.5384615384615384,0.0,0.6165975332260132,0.6217704117298126,0.05441602412611246,0.13511405140161514,0.0,0.0,0.0,0.0,0.0,18473,global,0.0
1,5,lr1e-05_bs16_drop0p4_temp1p0_a0p25_b0p05__wd1e-04trmiss0_degmodglobal,16,1e-05,0.0001,0.4,1.0,0.25,0.05,lr1e-05_bs16_drop0p4_temp1p0_a0p25_b0p05__wd1e-04trmiss0_degmodglobal,30,0.6200955808162689,0.7012689113616943,0.2777777777777778,0.598075073075073,0.5384615384615384,0.0,0.572378545999527,0.5890274569392204,0.08480869699269533,0.19731900840997696,0.0,0.0,0.0,0.0,0.0,18473,global,0.0
1,5,lr1e-05_bs16_drop0p4_temp1p0_a0p25_b0p05__wd1e-04trmiss0_degmodglobal,16,1e-05,0.0001,0.4,1.0,0.25,0.05,lr1e-05_bs16_drop0p4_temp1p0_a0p25_b0p05__wd1e-04trmiss0_degmodglobal,31,0.6245524734258652,0.697844922542572,0.2777777777777778,0.598075073075073,0.5384615384615384,0.0,0.5860003083944321,0.6047270148992538,0.056017066817730665,0.11642429232597351,0.0,0.0,0.0,0.0,0.0,18473,global,0.0
1,5,lr1e-05_bs16_drop0p4_temp1p0_a0p25_b0p05__wd1e-04trmiss0_degmodglobal,16,1e-05,0.0001,0.4,1.0,0.25,0.05,lr1e-05_bs16_drop0p4_temp1p0_a0p25_b0p05__wd1e-04trmiss0_degmodglobal,32,0.6230798959732056,0.6947861909866333,0.3055555555555555,0.6536306286306286,0.5384615384615384,0.0,0.6270674765110016,0.6056956648826599,0.05078758019953966,0.09374656761065125,0.0,0.0,0.0,0.0,0.0,18473,global,0.0
1,5,lr1e-05_bs16_drop0p4_temp1p0_a0p25_b0p05__wd1e-04trmiss0_degmodglobal,16,1e-05,0.0001,0.4,1.0,0.25,0.05,lr1e-05_bs16_drop0p4_temp1p0_a0p25_b0p05__wd1e-04trmiss0_degmodglobal,33,0.63614322245121,0.692952573299408,0.2777777777777778,0.598075073075073,0.5384615384615384,0.0,0.5821990817785263,0.612713947892189,0.05381675995886326,0.19950149208307266,0.0,0.0,0.0,0.0,0.0,18473,global,0.0
1,5,lr1e-05_bs16_drop0p4_temp1p0_a0p25_b0p05__wd1e-04trmiss0_degmodglobal,16,1e-05,0.0001,0.4,1.0,0.25,0.05,lr1e-05_bs16_drop0p4_temp1p0_a0p25_b0p05__wd1e-04trmiss0_degmodglobal,34,0.6310538798570633,0.6926437616348267,0.2777777777777778,0.598075073075073,0.5384615384615384,0.0,0.5868978798389435,0.6099518835544586,0.05497558880597353,0.14716148376464844,0.0,0.0,0.0,0.0,0.0,18473,global,0.0
1,5,lr1e-05_bs16_drop0p4_temp1p0_a0p25_b0p05__wd1e-04trmiss0_degmodglobal,16,1e-05,0.0001,0.4,1.0,0.25,0.05,lr1e-05_bs16_drop0p4_temp1p0_a0p25_b0p05__wd1e-04trmiss0_degmodglobal,35,0.6373007893562317,0.693708598613739,0.2777777777777778,0.598075073075073,0.5384615384615384,0.0,0.5808373838663101,0.6200129091739655,0.046126194298267365,0.11512657068669796,0.0,0.0,0.0,0.0,0.0,18473,global,0.0
1,5,lr1e-05_bs16_drop0p4_temp1p0_a0p25_b0p05__wd1e-04trmiss0_degmodglobal,16,1e-05,0.0001,0.4,1.0,0.25,0.05,lr1e-05_bs16_drop0p4_temp1p0_a0p25_b0p05__wd1e-04trmiss0_degmodglobal,36,0.6523997634649277,0.6936087012290955,0.2777777777777778,0.598075073075073,0.5384615384615384,0.0,0.6044601649045944,0.632035031914711,0.05769577156752348,0.11881601624190807,0.0,0.0,0.0,0.0,0.0,18473,global,0.0
1,5,lr1e-05_bs16_drop0p4_temp1p0_a0p25_b0p05__wd1e-04trmiss0_degmodglobal,16,1e-05,0.0001,0.4,1.0,0.25,0.05,lr1e-05_bs16_drop0p4_temp1p0_a0p25_b0p05__wd1e-04trmiss0_degmodglobal,37,0.5918361395597458,0.6943820118904114,0.25,0.5795565545565544,0.5384615384615384,0.0,0.5828363448381424,0.5721743106842041,0.05225445982068777,0.1319645969197154,0.0,0.0,0.0,0.0,0.0,18473,global,0.0
1,5,lr1e-05_bs16_drop0p4_temp1p0_a0p25_b0p05__wd1e-04trmiss0_degmodglobal,16,1e-05,0.0001,0.4,1.0,0.25,0.05,lr1e-05_bs16_drop0p4_temp1p0_a0p25_b0p05__wd1e-04trmiss0_degmodglobal,38,0.6116359531879425,0.695894181728363,0.2777777777777778,0.5906676656676657,0.5384615384615384,0.0,0.5834918916225433,0.5940892696380615,0.04603515472263098,0.12075763195753098,0.0,0.0,0.0,0.0,0.0,18473,global,0.0
1,5,lr1e-05_bs16_drop0p4_temp2p0_a0p25_b0p05__wd1e-04trmiss0_degmodglobal,16,1e-05,0.0001,0.4,2.0,0.25,0.05,lr1e-05_bs16_drop0p4_temp2p0_a0p25_b0p05__wd1e-04trmiss0_degmodglobal,1,0.7631816416978836,0.6662445068359375,0.6111111111111112,0.7934574684574685,0.6153846153846154,0.0,0.7464688271284103,0.709891140460968,0.10850667394697666,0.523276798427105,0.0,0.0,0.0,0.0,0.0,18473,global,0.0
1,5,lr1e-05_bs16_drop0p4_temp2p0_a0p25_b0p05__wd1e-04trmiss0_degmodglobal,16,1e-05,0.0001,0.4,2.0,0.25,0.05,lr1e-05_bs16_drop0p4_temp2p0_a0p25_b0p05__wd1e-04trmiss0_degmodglobal,2,0.7138736844062805,0.6632314920425415,0.638888888888889,0.8304945054945057,0.6153846153846154,0.0,0.767305538058281,0.6623534113168716,0.10260986164212227,0.517355889081955,0.0,0.0,0.0,0.0,0.0,18473,global,0.0
1,5,lr1e-05_bs16_drop0p4_temp2p0_a0p25_b0p05__wd1e-04trmiss0_degmodglobal,16,1e-05,0.0001,0.4,2.0,0.25,0.05,lr1e-05_bs16_drop0p4_temp2p0_a0p25_b0p05__wd1e-04trmiss0_degmodglobal,3,0.7269706726074219,0.659730076789856,0.6944444444444445,0.86500629000629,0.6153846153846154,0.0,0.7883109748363495,0.6806052327156067,0.10171385016292334,0.4187399595975876,0.0,0.0,0.0,0.0,0.0,18473,global,0.0
1,5,lr1e-05_bs16_drop0p4_temp2p0_a0p25_b0p05__wd1e-04trmiss0_degmodglobal,16,1e-05,0.0001,0.4,2.0,0.25,0.05,lr1e-05_bs16_drop0p4_temp2p0_a0p25_b0p05__wd1e-04trmiss0_degmodglobal,4,0.6747637242078781,0.653194010257721,0.7222222222222223,0.8872285122285124,0.6923076923076923,0.0,0.7257425040006638,0.6251691281795502,0.09801778942346573,0.5018028691411018,0.0,0.0,0.0,0.0,0.0,18473,global,0.0
1,5,lr1e-05_bs16_drop0p4_temp2p0_a0p25_b0p05__wd1e-04trmiss0_degmodglobal,16,1e-05,0.0001,0.4,2.0,0.25,0.05,lr1e-05_bs16_drop0p4_temp2p0_a0p25_b0p05__wd1e-04trmiss0_degmodglobal,5,0.696049690246582,0.6498928070068359,0.75,0.8953093203093205,0.6923076923076923,0.0,0.7674574702978134,0.6510820537805557,0.08747025020420551,0.4620012640953064,0.0,0.0,0.0,0.0,0.0,18473,global,0.0
1,5,lr1e-05_bs16_drop0p4_temp2p0_a0p25_b0p05__wd1e-04trmiss0_degmodglobal,16,1e-05,0.0001,0.4,2.0,0.25,0.05,lr1e-05_bs16_drop0p4_temp2p0_a0p25_b0p05__wd1e-04trmiss0_degmodglobal,6,0.7172417938709259,0.6461313962936401,0.7777777777777777,0.9138278388278389,0.6923076923076923,0.0,0.7553536146879196,0.6644045859575272,0.10878951102495193,0.5127965584397316,0.0,0.0,0.0,0.0,0.0,18473,global,0.0
1,5,lr1e-05_bs16_drop0p4_temp2p0_a0p25_b0p05__wd1e-04trmiss0_degmodglobal,16,1e-05,0.0001,0.4,2.0,0.25,0.05,lr1e-05_bs16_drop0p4_temp2p0_a0p25_b0p05__wd1e-04trmiss0_degmodglobal,7,0.7336165010929108,0.6396899819374084,0.7777777777777777,0.9138278388278389,0.6923076923076923,0.0,0.7530461996793747,0.6847155690193176,0.0977095365524292,0.48947109282016754,0.0,0.0,0.0,0.0,0.0,18473,global,0.0
1,5,lr1e-05_bs16_drop0p4_temp2p0_a0p25_b0p05__wd1e-04trmiss0_degmodglobal,16,1e-05,0.0001,0.4,2.0,0.25,0.05,lr1e-05_bs16_drop0p4_temp2p0_a0p25_b0p05__wd1e-04trmiss0_degmodglobal,8,0.6884111016988754,0.6394556760787964,0.75,0.9013548180214848,0.6923076923076923,0.0,0.7005807310342789,0.6416541337966919,0.09289664961397648,0.47065600752830505,0.0,0.0,0.0,0.0,0.0,18473,global,0.0
1,5,lr1e-05_bs16_drop0p4_temp2p0_a0p25_b0p05__wd1e-04trmiss0_degmodglobal,16,1e-05,0.0001,0.4,2.0,0.25,0.05,lr1e-05_bs16_drop0p4_temp2p0_a0p25_b0p05__wd1e-04trmiss0_degmodglobal,9,0.6839803010225296,0.6380593180656433,0.7222222222222222,0.8927128427128428,0.6923076923076923,0.0,0.742353543639183,0.6440929621458054,0.08618506416678429,0.3668214827775955,0.0,0.0,0.0,0.0,0.0,18473,global,0.0
1,5,lr1e-05_bs16_drop0p4_temp2p0_a0p25_b0p05__wd1e-04trmiss0_degmodglobal,16,1e-05,0.0001,0.4,2.0,0.25,0.05,lr1e-05_bs16_drop0p4_temp2p0_a0p25_b0p05__wd1e-04trmiss0_degmodglobal,10,0.6951718181371689,0.6340753436088562,0.75,0.9085858585858586,0.6923076923076923,0.0,0.7198377549648285,0.657951757311821,0.07622648868709803,0.3632686510682106,0.0,0.0,0.0,0.0,0.0,18473,global,0.0
1,5,lr1e-05_bs16_drop0p4_temp2p0_a0p25_b0p05__wd1e-04trmiss0_degmodglobal,16,1e-05,0.0001,0.4,2.0,0.25,0.05,lr1e-05_bs16_drop0p4_temp2p0_a0p25_b0p05__wd1e-04trmiss0_degmodglobal,11,0.6874490678310394,0.6306549310684204,0.75,0.9085858585858586,0.6923076923076923,0.0,0.7184532135725021,0.6411036401987076,0.0990541148930788,0.43163783103227615,0.0,0.0,0.0,0.0,0.0,18473,global,0.0
1,5,lr1e-05_bs16_drop0p4_temp2p0_a0p25_b0p05__wd1e-04trmiss0_degmodglobal,16,1e-05,0.0001,0.4,2.0,0.25,0.05,lr1e-05_bs16_drop0p4_temp2p0_a0p25_b0p05__wd1e-04trmiss0_degmodglobal,12,0.6753482222557068,0.6289306282997131,0.75,0.9085858585858586,0.6923076923076923,0.0,0.7159966975450516,0.6280916333198547,0.09731128625571728,0.4585750848054886,0.0,0.0,0.0,0.0,0.0,18473,global,0.0
1,5,lr1e-05_bs16_drop0p4_temp2p0_a0p25_b0p05__wd1e-04trmiss0_degmodglobal,16,1e-05,0.0001,0.4,2.0,0.25,0.05,lr1e-05_bs16_drop0p4_temp2p0_a0p25_b0p05__wd1e-04trmiss0_degmodglobal,13,0.7359413951635361,0.6235564351081848,0.75,0.9085858585858586,0.6923076923076923,0.0,0.6876436918973923,0.6868085861206055,0.09802586957812309,0.4925268739461899,0.0,0.0,0.0,0.0,0.0,18473,global,0.0
1,5,lr1e-05_bs16_drop0p4_temp2p0_a0p25_b0p05__wd1e-04trmiss0_degmodglobal,16,1e-05,0.0001,0.4,2.0,0.25,0.05,lr1e-05_bs16_drop0p4_temp2p0_a0p25_b0p05__wd1e-04trmiss0_degmodglobal,14,0.7105310708284378,0.6231234073638916,0.75,0.9085858585858586,0.6923076923076923,0.0,0.6847801357507706,0.6665368378162384,0.09094049222767353,0.42518285661935806,0.0,0.0,0.0,0.0,0.0,18473,global,0.0
1,5,lr1e-05_bs16_drop0p4_temp2p0_a0p25_b0p05__wd1e-04trmiss0_degmodglobal,16,1e-05,0.0001,0.4,2.0,0.25,0.05,lr1e-05_bs16_drop0p4_temp2p0_a0p25_b0p05__wd1e-04trmiss0_degmodglobal,15,0.6917027235031128,0.6227771043777466,0.7222222222222222,0.9021756021756022,0.6923076923076923,0.0,0.6952195167541504,0.654943972826004,0.0771945845335722,0.349202174693346,0.0,0.0,0.0,0.0,0.0,18473,global,0.0
1,5,lr1e-05_bs16_drop0p4_temp2p0_a0p25_b0p05__wd1e-04trmiss0_degmodglobal,16,1e-05,0.0001,0.4,2.0,0.25,0.05,lr1e-05_bs16_drop0p4_temp2p0_a0p25_b0p05__wd1e-04trmiss0_degmodglobal,16,0.6663583368062973,0.6267849206924438,0.7222222222222222,0.9021756021756022,0.6923076923076923,0.0,0.7112085074186325,0.6226657330989838,0.08998451568186283,0.4239291325211525,0.0,0.0,0.0,0.0,0.0,18473,global,0.0
1,5,lr1e-05_bs16_drop0p4_temp2p0_a0p25_b0p05__wd1e-04trmiss0_degmodglobal,16,1e-05,0.0001,0.4,2.0,0.25,0.05,lr1e-05_bs16_drop0p4_temp2p0_a0p25_b0p05__wd1e-04trmiss0_degmodglobal,17,0.6643948554992676,0.6250085830688477,0.7222222222222222,0.9021756021756022,0.6923076923076923,0.0,0.6906565129756927,0.6143579632043839,0.10743589885532856,0.4635583832859993,0.0,0.0,0.0,0.0,0.0,18473,global,0.0
1,5,lr1e-05_bs16_drop0p4_temp2p0_a0p25_b0p05__wd1e-04trmiss0_degmodglobal,16,1e-05,0.0001,0.4,2.0,0.25,0.05,lr1e-05_bs16_drop0p4_temp2p0_a0p25_b0p05__wd1e-04trmiss0_degmodglobal,18,0.6616063266992569,0.6265803575515747,0.7222222222222222,0.9021756021756022,0.6923076923076923,0.0,0.6782257705926895,0.6283326745033264,0.067513314075768,0.3279067911207676,0.0,0.0,0.0,0.0,0.0,18473,global,0.0
1,5,lr1e-05_bs16_drop0p4_temp2p0_a0p25_b0p05__wd1e-04trmiss0_degmodglobal,16,1e-05,0.0001,0.4,2.0,0.25,0.05,lr1e-05_bs16_drop0p4_temp2p0_a0p25_b0p05__wd1e-04trmiss0_degmodglobal,19,0.6447754353284836,0.6258997321128845,0.7222222222222222,0.9021756021756022,0.6923076923076923,0.0,0.7136203795671463,0.5948561429977417,0.10112467594444752,0.4927625358104706,0.0,0.0,0.0,0.0,0.0,18473,global,0.0
1,5,lr1e-05_bs16_drop0p4_temp2p0_a0p25_b0p05__wd1e-04trmiss0_degmodglobal,16,1e-05,0.0001,0.4,2.0,0.25,0.05,lr1e-05_bs16_drop0p4_temp2p0_a0p25_b0p05__wd1e-04trmiss0_degmodglobal,20,0.6616158038377762,0.625710129737854,0.6666666666666666,0.8883708883708885,0.6923076923076923,0.0,0.6719672232866287,0.6230434328317642,0.08477909304201603,0.34755169600248337,0.0,0.0,0.0,0.0,0.0,18473,global,0.0
1,5,lr1e-05_bs16_drop0p4_temp2p0_a0p25_b0p05__wd1e-04trmiss0_degmodglobal,16,1e-05,0.0001,0.4,2.0,0.25,0.05,lr1e-05_bs16_drop0p4_temp2p0_a0p25_b0p05__wd1e-04trmiss0_degmodglobal,21,0.6806008368730545,0.6236352324485779,0.6944444444444444,0.8954415954415955,0.6923076923076923,0.0,0.6641145497560501,0.63184554874897,0.1012927945703268,0.4686415567994118,0.0,0.0,0.0,0.0,0.0,18473,global,0.0
1,5,lr1e-05_bs16_drop0p4_temp2p0_a0p25_b0p05__wd1e-04trmiss0_degmodglobal,16,1e-05,0.0001,0.4,2.0,0.25,0.05,lr1e-05_bs16_drop0p4_temp2p0_a0p25_b0p05__wd1e-04trmiss0_degmodglobal,22,0.6537149846553802,0.6220110654830933,0.7222222222222222,0.9040835707502375,0.6153846153846154,0.0,0.6785866469144821,0.618415430188179,0.07484546257182956,0.3317639734596014,0.0,0.0,0.0,0.0,0.0,18473,global,0.0
1,5,lr1e-05_bs16_drop0p4_temp2p0_a0p25_b0p05__wd1e-04trmiss0_degmodglobal,16,1e-05,0.0001,0.4,2.0,0.25,0.05,lr1e-05_bs16_drop0p4_temp2p0_a0p25_b0p05__wd1e-04trmiss0_degmodglobal,23,0.6485494375228882,0.619243860244751,0.75,0.9148860398860401,0.6153846153846154,0.0,0.693757101893425,0.6008397489786148,0.101201256737113,0.4481873884797096,0.0,0.0,0.0,0.0,0.0,18473,global,0.0
1,5,lr1e-05_bs16_drop0p4_temp2p0_a0p25_b0p05__wd1e-04trmiss0_degmodglobal,16,1e-05,0.0001,0.4,2.0,0.25,0.05,lr1e-05_bs16_drop0p4_temp2p0_a0p25_b0p05__wd1e-04trmiss0_degmodglobal,24,0.6637074798345566,0.6222214102745056,0.7222222222222222,0.9040835707502375,0.6153846153846154,0.0,0.6742011904716492,0.6229346990585327,0.0836714543402195,0.39709828794002533,0.0,0.0,0.0,0.0,0.0,18473,global,0.0
1,5,lr1e-05_bs16_drop0p4_temp2p0_a0p25_b0p05__wd1e-04trmiss0_degmodglobal,16,1e-05,0.0001,0.4,2.0,0.25,0.05,lr1e-05_bs16_drop0p4_temp2p0_a0p25_b0p05__wd1e-04trmiss0_degmodglobal,25,0.6468202769756317,0.6209626197814941,0.7222222222222222,0.9040835707502375,0.6153846153846154,0.0,0.684276282787323,0.6124691665172577,0.07117502484470606,0.3311469927430153,0.0,0.0,0.0,0.0,0.0,18473,global,0.0
1,5,lr1e-05_bs16_drop0p4_temp2p0_a0p25_b0p05__wd1e-04trmiss0_degmodglobal,16,1e-05,0.0001,0.4,2.0,0.25,0.05,lr1e-05_bs16_drop0p4_temp2p0_a0p25_b0p05__wd1e-04trmiss0_degmodglobal,26,0.7003554254770279,0.6238219141960144,0.7222222222222222,0.9040835707502375,0.5384615384615384,0.0,0.6559038609266281,0.6549964994192123,0.09211434237658978,0.44660624861717224,0.0,0.0,0.0,0.0,0.0,18473,global,0.0
1,5,lr1e-05_bs16_drop0p4_temp2p0_a0p25_b0p05__wd1e-04trmiss0_degmodglobal,16,1e-05,0.0001,0.4,2.0,0.25,0.05,lr1e-05_bs16_drop0p4_temp2p0_a0p25_b0p05__wd1e-04trmiss0_degmodglobal,27,0.6964690983295441,0.6250184178352356,0.7222222222222222,0.9040835707502375,0.5384615384615384,0.0,0.6682219207286835,0.6477600187063217,0.09528258629143238,0.49776870757341385,0.0,0.0,0.0,0.0,0.0,18473,global,0.0
2,1,lr1e-04_bs8_drop0p2_temp1p0_a0p25_b0p05__wd1e-04trmiss0_degmodglobal,8,0.0001,0.0001,0.2,1.0,0.25,0.05,lr1e-04_bs8_drop0p2_temp1p0_a0p25_b0p05__wd1e-04trmiss0_degmodglobal,1,0.7458657537187848,0.7019368708133698,0.7333333333333333,0.8372285122285124,0.42857142857142855,0.0,0.6783624717167446,0.7165676866258893,0.06568026329789843,0.2575602126973016,0.0,0.0,0.0,0.0,0.0,18473,global,0.0
2,1,lr1e-04_bs8_drop0p2_temp1p0_a0p25_b0p05__wd1e-04trmiss0_degmodglobal,8,0.0001,0.0001,0.2,1.0,0.25,0.05,lr1e-04_bs8_drop0p2_temp1p0_a0p25_b0p05__wd1e-04trmiss0_degmodglobal,2,0.7581335391317096,0.7070629894733429,0.7333333333333334,0.8582722832722833,0.42857142857142855,0.0,0.6369509356362479,0.7281696626118251,0.06903675464647156,0.2540937534400395,0.0,0.0,0.0,0.0,0.0,18473,global,0.0
2,1,lr1e-04_bs8_drop0p2_temp1p0_a0p25_b0p05__wd1e-04trmiss0_degmodglobal,8,0.0001,0.0001,0.2,1.0,0.25,0.05,lr1e-04_bs8_drop0p2_temp1p0_a0p25_b0p05__wd1e-04trmiss0_degmodglobal,3,0.7285422938210624,0.6836608350276947,0.8666666666666667,0.9395773979107314,0.42857142857142855,0.0,0.6013800076075962,0.701198969568525,0.07241637366158622,0.18478444431509292,0.0,0.0,0.0,0.0,0.0,18473,global,0.0
2,1,lr1e-04_bs8_drop0p2_temp1p0_a0p25_b0p05__wd1e-04trmiss0_degmodglobal,8,0.0001,0.0001,0.2,1.0,0.25,0.05,lr1e-04_bs8_drop0p2_temp1p0_a0p25_b0p05__wd1e-04trmiss0_degmodglobal,4,0.6923050369535174,0.6695095300674438,0.8666666666666667,0.9395773979107314,0.5,0.0,0.601813691002982,0.6707660811288017,0.05591822415590286,0.15118798773203576,0.0,0.0,0.0,0.0,0.0,18473,global,0.0
2,1,lr1e-04_bs8_drop0p2_temp1p0_a0p25_b0p05__wd1e-04trmiss0_degmodglobal,8,0.0001,0.0001,0.2,1.0,0.25,0.05,lr1e-04_bs8_drop0p2_temp1p0_a0p25_b0p05__wd1e-04trmiss0_degmodglobal,5,0.713448805468423,0.6461998820304871,0.9333333333333333,0.9674523007856344,0.5,0.0,0.6396127002579826,0.6851078186716352,0.071424700319767,0.20969647381986892,0.0,0.0,0.0,0.0,0.0,18473,global,0.0
2,1,lr1e-04_bs8_drop0p2_temp1p0_a0p25_b0p05__wd1e-04trmiss0_degmodglobal,8,0.0001,0.0001,0.2,1.0,0.25,0.05,lr1e-04_bs8_drop0p2_temp1p0_a0p25_b0p05__wd1e-04trmiss0_degmodglobal,6,0.700211933680943,0.619624137878418,0.9555555555555555,0.9797979797979799,0.8571428571428571,0.0,0.596413961478642,0.6741375752857753,0.06396865206105369,0.20164394059351512,0.0,0.0,0.0,0.0,0.0,18473,global,0.0
2,1,lr1e-04_bs8_drop0p2_temp1p0_a0p25_b0p05__wd1e-04trmiss0_degmodglobal,8,0.0001,0.0001,0.2,1.0,0.25,0.05,lr1e-04_bs8_drop0p2_temp1p0_a0p25_b0p05__wd1e-04trmiss0_degmodglobal,7,0.690989077091217,0.6085550487041473,0.9555555555555555,0.9797979797979799,0.7857142857142857,0.0,0.5777291570390973,0.6672685486929757,0.0569384220455374,0.18971861686025346,0.0,0.0,0.0,0.0,0.0,18473,global,0.0
2,1,lr1e-04_bs8_drop0p2_temp1p0_a0p25_b0p05__wd1e-04trmiss0_degmodglobal,8,0.0001,0.0001,0.2,1.0,0.25,0.05,lr1e-04_bs8_drop0p2_temp1p0_a0p25_b0p05__wd1e-04trmiss0_degmodglobal,8,0.6813426528658185,0.6490199863910675,0.9555555555555555,0.9797979797979799,0.42857142857142855,0.0,0.6025530695915222,0.6619393825531006,0.04936696296291692,0.14123032987117767,0.0,0.0,0.0,0.0,0.0,18473,global,0.0
2,1,lr1e-04_bs8_drop0p2_temp1p0_a0p25_b0p05__wd1e-04trmiss0_degmodglobal,8,0.0001,0.0001,0.2,1.0,0.25,0.05,lr1e-04_bs8_drop0p2_temp1p0_a0p25_b0p05__wd1e-04trmiss0_degmodglobal,9,0.6432844996452332,0.647712916135788,0.9333333333333333,0.9674523007856344,0.42857142857142855,0.0,0.5703678812299456,0.6201005407742092,0.05861147120594978,0.17062159201928548,0.0,0.0,0.0,0.0,0.0,18473,global,0.0
2,1,lr1e-04_bs8_drop0p2_temp1p0_a0p25_b0p05__wd1e-04trmiss0_degmodglobal,8,0.0001,0.0001,0.2,1.0,0.25,0.05,lr1e-04_bs8_drop0p2_temp1p0_a0p25_b0p05__wd1e-04trmiss0_degmodglobal,10,0.6533283420971462,0.6569365561008453,0.9333333333333333,0.9722222222222223,0.42857142857142855,0.0,0.5693667956760952,0.6301902958324977,0.05770352216703551,0.1742433128612382,0.0,0.0,0.0,0.0,0.0,18473,global,0.0
2,1,lr1e-04_bs8_drop0p2_temp1p0_a0p25_b0p05__wd1e-04trmiss0_degmodglobal,8,0.0001,0.0001,0.2,1.0,0.25,0.05,lr1e-04_bs8_drop0p2_temp1p0_a0p25_b0p05__wd1e-04trmiss0_degmodglobal,11,0.6440862842968532,0.6494590640068054,0.9333333333333333,0.9674523007856344,0.5,0.0,0.5643050926072257,0.6223706092153277,0.05939956328698567,0.13731561707598822,0.0,0.0,0.0,0.0,0.0,18473,global,0.0
2,1,lr1e-04_bs8_drop0p2_temp1p0_a0p25_b0p05__wd1e-04trmiss0_degmodglobal,8,0.0001,0.0001,0.2,1.0,0.25,0.05,lr1e-04_bs8_drop0p2_temp1p0_a0p25_b0p05__wd1e-04trmiss0_degmodglobal,12,0.6392413377761841,0.6488746106624603,0.9333333333333333,0.9722222222222223,0.5,0.0,0.5867015378815787,0.6169957603727069,0.058160149093185155,0.15411029117447989,0.0,0.0,0.0,0.0,0.0,18473,global,0.0
2,1,lr1e-04_bs8_drop0p2_temp1p0_a0p25_b0p05__wd1e-04trmiss0_degmodglobal,8,0.0001,0.0001,0.2,1.0,0.25,0.05,lr1e-04_bs8_drop0p2_temp1p0_a0p25_b0p05__wd1e-04trmiss0_degmodglobal,13,0.6361033064978463,0.6426372826099396,0.9333333333333333,0.9722222222222223,0.5714285714285714,0.0,0.5528207208429065,0.6115106003625053,0.06143295232738767,0.1846894472837448,0.0,0.0,0.0,0.0,0.0,18473,global,0.0
2,1,lr1e-04_bs8_drop0p2_temp1p0_a0p25_b0p05__wd1e-04trmiss0_degmodglobal,8,0.0001,0.0001,0.2,1.0,0.25,0.05,lr1e-04_bs8_drop0p2_temp1p0_a0p25_b0p05__wd1e-04trmiss0_degmodglobal,14,0.6214135033743722,0.6331227719783783,0.9333333333333333,0.9674523007856344,0.5714285714285714,0.0,0.5670379315103803,0.6025229181562152,0.054384659975767136,0.10588860937527247,0.0,0.0,0.0,0.0,0.0,18473,global,0.0
2,1,lr1e-04_bs8_drop0p2_temp1p0_a0p25_b0p05__wd1e-04trmiss0_degmodglobal,8,0.0001,0.0001,0.2,1.0,0.25,0.05,lr1e-04_bs8_drop0p2_temp1p0_a0p25_b0p05__wd1e-04trmiss0_degmodglobal,15,0.6317560587610517,0.6351328790187836,0.9333333333333333,0.9722222222222223,0.6428571428571429,0.0,0.6064297556877136,0.609925389289856,0.05707979628017971,0.15121453894036158,0.0,0.0,0.0,0.0,0.0,18473,global,0.0
2,1,lr1e-04_bs8_drop0p2_temp1p0_a0p25_b0p05__wd1e-04trmiss0_degmodglobal,8,0.0001,0.0001,0.2,1.0,0.25,0.05,lr1e-04_bs8_drop0p2_temp1p0_a0p25_b0p05__wd1e-04trmiss0_degmodglobal,16,0.6213561977658953,0.6359130144119263,0.9111111111111111,0.9598765432098768,0.6428571428571429,0.0,0.5821187155587333,0.5980358634676252,0.06295647631798472,0.15162427404097148,0.0,0.0,0.0,0.0,0.0,18473,global,0.0
2,1,lr1e-04_bs8_drop0p2_temp1p0_a0p25_b0p05__wd1e-04trmiss0_degmodglobal,8,0.0001,0.0001,0.2,1.0,0.25,0.05,lr1e-04_bs8_drop0p2_temp1p0_a0p25_b0p05__wd1e-04trmiss0_degmodglobal,17,0.6161430648394993,0.6259730458259583,0.9333333333333333,0.9674523007856344,0.5714285714285714,0.0,0.5857583028929574,0.5953805616923741,0.058380023177180974,0.12334993800946645,0.0,0.0,0.0,0.0,0.0,18473,global,0.0
2,1,lr1e-04_bs8_drop0p2_temp1p0_a0p25_b0p05__wd1e-04trmiss0_degmodglobal,8,0.0001,0.0001,0.2,1.0,0.25,0.05,lr1e-04_bs8_drop0p2_temp1p0_a0p25_b0p05__wd1e-04trmiss0_degmodglobal,18,0.6284972514425006,0.6143221259117126,0.9555555555555556,0.9765432098765434,0.6428571428571429,0.0,0.5518618992396763,0.6027077777045113,0.062134685793093274,0.20511620811053685,0.0,0.0,0.0,0.0,0.0,18473,global,0.0
2,1,lr1e-04_bs8_drop0p2_temp1p0_a0p25_b0p05__wd1e-04trmiss0_degmodglobal,8,0.0001,0.0001,0.2,1.0,0.25,0.05,lr1e-04_bs8_drop0p2_temp1p0_a0p25_b0p05__wd1e-04trmiss0_degmodglobal,19,0.6299602219036647,0.6183893382549286,0.9777777777777779,0.9888888888888892,0.7857142857142857,0.0,0.5903762238366264,0.6053462965147836,0.0638535161103521,0.17301086442811148,0.0,0.0,0.0,0.0,0.0,18473,global,0.0
2,1,lr1e-04_bs8_drop0p2_temp1p0_a0p25_b0p05__wd1e-04trmiss0_degmodglobal,8,0.0001,0.0001,0.2,1.0,0.25,0.05,lr1e-04_bs8_drop0p2_temp1p0_a0p25_b0p05__wd1e-04trmiss0_degmodglobal,20,0.5822621924536568,0.6193566024303436,0.9555555555555556,0.9765432098765434,0.7857142857142857,0.0,0.5445684450013297,0.5577571860381535,0.0686236566730908,0.14698223982538497,0.0,0.0,0.0,0.0,0.0,18473,global,0.0
2,1,lr1e-04_bs8_drop0p2_temp1p0_a0p25_b0p05__wd1e-04trmiss0_degmodglobal,8,0.0001,0.0001,0.2,1.0,0.25,0.05,lr1e-04_bs8_drop0p2_temp1p0_a0p25_b0p05__wd1e-04trmiss0_degmodglobal,21,0.6114140748977661,0.6155713200569153,0.9555555555555556,0.9765432098765434,0.7857142857142857,0.0,0.5118655136653355,0.5716714773859296,0.10488917359283992,0.270406254700252,0.0,0.0,0.0,0.0,0.0,18473,global,0.0
2,1,lr1e-04_bs8_drop0p2_temp1p0_a0p25_b0p05__wd1e-04trmiss0_degmodglobal,8,0.0001,0.0001,0.2,1.0,0.25,0.05,lr1e-04_bs8_drop0p2_temp1p0_a0p25_b0p05__wd1e-04trmiss0_degmodglobal,22,0.6127736398151943,0.6128471791744232,0.9333333333333333,0.9674523007856344,0.7142857142857143,0.0,0.5447404214314052,0.5754115581512451,0.0957743413746357,0.2683699684483664,0.0,0.0,0.0,0.0,0.0,18473,global,0.0
2,1,lr1e-04_bs8_drop0p2_temp1p0_a0p25_b0p05__wd1e-04trmiss0_degmodglobal,8,0.0001,0.0001,0.2,1.0,0.25,0.05,lr1e-04_bs8_drop0p2_temp1p0_a0p25_b0p05__wd1e-04trmiss0_degmodglobal,23,0.5854048643793378,0.6111772656440735,0.9555555555555556,0.9765432098765434,0.7142857142857143,0.0,0.5225635766983032,0.5565723265920367,0.07907592132687569,0.18127134229455674,0.0,0.0,0.0,0.0,0.0,18473,global,0.0
2,1,lr1e-04_bs8_drop0p2_temp1p0_a0p25_b0p05__wd1e-04trmiss0_degmodglobal,8,0.0001,0.0001,0.2,1.0,0.25,0.05,lr1e-04_bs8_drop0p2_temp1p0_a0p25_b0p05__wd1e-04trmiss0_degmodglobal,24,0.5977018220084054,0.6029499769210815,0.9555555555555556,0.9765432098765434,0.7857142857142857,0.0,0.5889656288283212,0.5681627563067845,0.07697962916323117,0.20588308147021703,0.0,0.0,0.0,0.0,0.0,18473,global,0.0
2,1,lr1e-04_bs8_drop0p2_temp1p0_a0p25_b0p05__wd1e-04trmiss0_degmodglobal,8,0.0001,0.0001,0.2,1.0,0.25,0.05,lr1e-04_bs8_drop0p2_temp1p0_a0p25_b0p05__wd1e-04trmiss0_degmodglobal,25,0.5697439355509621,0.6056949496269226,0.9555555555555556,0.9765432098765434,0.7142857142857143,0.0,0.5136920639446804,0.5350607803889683,0.09398125644241061,0.22375699026244028,0.0,0.0,0.0,0.0,0.0,18473,global,0.0
2,1,lr1e-04_bs8_drop0p2_temp1p0_a0p25_b0p05__wd1e-04trmiss0_degmodglobal,8,0.0001,0.0001,0.2,1.0,0.25,0.05,lr1e-04_bs8_drop0p2_temp1p0_a0p25_b0p05__wd1e-04trmiss0_degmodglobal,26,0.642946217741285,0.601778119802475,0.9555555555555556,0.9765432098765434,0.7142857142857143,0.0,0.5695904663630894,0.6145215587956565,0.0701924551810537,0.2175309317452567,0.0,0.0,0.0,0.0,0.0,18473,global,0.0
2,1,lr1e-04_bs8_drop0p2_temp1p0_a0p25_b0p05__wd1e-04trmiss0_degmodglobal,8,0.0001,0.0001,0.2,1.0,0.25,0.05,lr1e-04_bs8_drop0p2_temp1p0_a0p25_b0p05__wd1e-04trmiss0_degmodglobal,27,0.5898742420332772,0.5954138040542603,0.9777777777777779,0.9888888888888892,0.7142857142857143,0.0,0.5255622736045292,0.5657625879560199,0.06677103840879031,0.1483776079756873,0.0,0.0,0.0,0.0,0.0,18473,global,0.0
2,1,lr1e-04_bs8_drop0p2_temp1p0_a0p25_b0p05__wd1e-04trmiss0_degmodglobal,8,0.0001,0.0001,0.2,1.0,0.25,0.05,lr1e-04_bs8_drop0p2_temp1p0_a0p25_b0p05__wd1e-04trmiss0_degmodglobal,28,0.6019611954689026,0.6055095493793488,0.9777777777777779,0.9888888888888892,0.6428571428571429,0.0,0.5366537187780652,0.5749750648226056,0.07370380525078092,0.1712034802351679,0.0,0.0,0.0,0.0,0.0,18473,global,0.0
2,1,lr1e-04_bs8_drop0p2_temp1p0_a0p25_b0p05__wd1e-04trmiss0_degmodglobal,8,0.0001,0.0001,0.2,1.0,0.25,0.05,lr1e-04_bs8_drop0p2_temp1p0_a0p25_b0p05__wd1e-04trmiss0_degmodglobal,29,0.5971027272088187,0.6032738089561462,0.9555555555555556,0.9765432098765434,0.7142857142857143,0.0,0.5440157183579036,0.574047292981829,0.060250233858823776,0.15985755090202605,0.0,0.0,0.0,0.0,0.0,18473,global,0.0
2,1,lr1e-04_bs8_drop0p2_temp1p0_a0p25_b0p05__wd1e-04trmiss0_degmodglobal,8,0.0001,0.0001,0.2,1.0,0.25,0.05,lr1e-04_bs8_drop0p2_temp1p0_a0p25_b0p05__wd1e-04trmiss0_degmodglobal,30,0.5972184538841248,0.6095108389854431,0.9555555555555556,0.9765432098765434,0.7142857142857143,0.0,0.5266898487295423,0.5676064193248749,0.07517397616590772,0.21637087208884104,0.0,0.0,0.0,0.0,0.0,18473,global,0.0
2,1,lr1e-04_bs8_drop0p2_temp1p0_a0p25_b0p05__wd1e-04trmiss0_degmodglobal,8,0.0001,0.0001,0.2,1.0,0.25,0.05,lr1e-04_bs8_drop0p2_temp1p0_a0p25_b0p05__wd1e-04trmiss0_degmodglobal,31,0.5695340888840812,0.6017738580703735,0.9555555555555556,0.9765432098765434,0.7142857142857143,0.0,0.5056442320346832,0.5429993058953967,0.07089987929378237,0.17619615154606955,0.0,0.0,0.0,0.0,0.0,18473,global,0.0
2,1,lr1e-04_bs8_drop0p2_temp1p0_a0p25_b0p05__wd1e-04trmiss0_degmodglobal,8,0.0001,0.0001,0.2,1.0,0.25,0.05,lr1e-04_bs8_drop0p2_temp1p0_a0p25_b0p05__wd1e-04trmiss0_degmodglobal,32,0.6204796263149807,0.6018012762069702,0.9333333333333333,0.9626543209876546,0.7142857142857143,0.0,0.5141920873097011,0.5901738830975124,0.07895622508866447,0.21133387408086232,0.0,0.0,0.0,0.0,0.0,18473,global,0.0
2,1,lr1e-04_bs8_drop0p2_temp1p0_a0p25_b0p05__wd1e-04trmiss0_degmodglobal,8,0.0001,0.0001,0.2,1.0,0.25,0.05,lr1e-04_bs8_drop0p2_temp1p0_a0p25_b0p05__wd1e-04trmiss0_degmodglobal,33,0.5771634961877551,0.605356365442276,0.9333333333333333,0.9626543209876546,0.7142857142857143,0.0,0.5128522600446429,0.5480347360883441,0.07599440908857755,0.2026029803923198,0.0,0.0,0.0,0.0,0.0,18473,global,0.0
2,1,lr1e-04_bs8_drop0p2_temp1p0_a0p25_b0p05__wd1e-04trmiss0_degmodglobal,8,0.0001,0.0001,0.2,1.0,0.25,0.05,lr1e-04_bs8_drop0p2_temp1p0_a0p25_b0p05__wd1e-04trmiss0_degmodglobal,34,0.5815201827457973,0.6077176630496979,0.9555555555555556,0.9765432098765434,0.7142857142857143,0.0,0.5086606655802045,0.5572335890361241,0.06116939016750881,0.179884848850114,0.0,0.0,0.0,0.0,0.0,18473,global,0.0
2,1,lr1e-04_bs8_drop0p2_temp1p0_a0p25_b0p05__wd1e-04trmiss0_degmodglobal,8,0.0001,0.0001,0.2,1.0,0.25,0.05,lr1e-04_bs8_drop0p2_temp1p0_a0p25_b0p05__wd1e-04trmiss0_degmodglobal,35,0.5410754638058799,0.6078072488307953,0.9555555555555556,0.9765432098765434,0.6428571428571429,0.0,0.4887483034815107,0.5153596656663078,0.06950667979461807,0.16678268302764213,0.0,0.0,0.0,0.0,0.0,18473,global,0.0
2,1,lr1e-04_bs8_drop0p2_temp1p0_a0p25_b0p05__wd1e-04trmiss0_degmodglobal,8,0.0001,0.0001,0.2,1.0,0.25,0.05,lr1e-04_bs8_drop0p2_temp1p0_a0p25_b0p05__wd1e-04trmiss0_degmodglobal,36,0.5822256888662066,0.6069175899028778,0.9555555555555556,0.9765432098765434,0.7142857142857143,0.0,0.49484756163188387,0.5469758808612823,0.09300378763249942,0.2399773278406688,0.0,0.0,0.0,0.0,0.0,18473,global,0.0
2,1,lr1e-04_bs8_drop0p2_temp1p0_a0p25_b0p05__wd1e-04trmiss0_degmodglobal,8,0.0001,0.0001,0.2,1.0,0.25,0.05,lr1e-04_bs8_drop0p2_temp1p0_a0p25_b0p05__wd1e-04trmiss0_degmodglobal,37,0.5585265287331173,0.602681964635849,0.9555555555555556,0.9765432098765434,0.7857142857142857,0.0,0.5014276547091348,0.5285364176545825,0.07527911024434226,0.22340643193040574,0.0,0.0,0.0,0.0,0.0,18473,global,0.0
2,1,lr1e-04_bs8_drop0p2_temp1p0_a0p25_b0p05__wd1e-04trmiss0_degmodglobal,8,0.0001,0.0001,0.2,1.0,0.25,0.05,lr1e-04_bs8_drop0p2_temp1p0_a0p25_b0p05__wd1e-04trmiss0_degmodglobal,38,0.5804006372179303,0.5975481867790222,0.9555555555555556,0.9765432098765434,0.7142857142857143,0.0,0.4761564944471632,0.5555234934602465,0.06657922374350685,0.16464696292366301,0.0,0.0,0.0,0.0,0.0,18473,global,0.0
2,1,lr1e-04_bs8_drop0p2_temp1p0_a0p25_b0p05__wd1e-04trmiss0_degmodglobal,8,0.0001,0.0001,0.2,1.0,0.25,0.05,lr1e-04_bs8_drop0p2_temp1p0_a0p25_b0p05__wd1e-04trmiss0_degmodglobal,39,0.5632445386477879,0.6007808446884155,0.9555555555555556,0.9765432098765434,0.7142857142857143,0.0,0.5229608459132058,0.5362191370555333,0.0705180966428348,0.18791734001466207,0.0,0.0,0.0,0.0,0.0,18473,global,0.0
2,1,lr1e-04_bs8_drop0p2_temp1p0_a0p25_b0p05__wd1e-04trmiss0_degmodglobal,8,0.0001,0.0001,0.2,1.0,0.25,0.05,lr1e-04_bs8_drop0p2_temp1p0_a0p25_b0p05__wd1e-04trmiss0_degmodglobal,40,0.5959662113870893,0.6080487668514252,0.9555555555555556,0.9765432098765434,0.6428571428571429,0.0,0.5159701875277928,0.5699403626578194,0.06413245413984571,0.19985481245177134,0.0,0.0,0.0,0.0,0.0,18473,global,0.0
2,1,lr1e-04_bs8_drop0p2_temp1p0_a0p25_b0p05__wd1e-04trmiss0_degmodglobal,8,0.0001,0.0001,0.2,1.0,0.25,0.05,lr1e-04_bs8_drop0p2_temp1p0_a0p25_b0p05__wd1e-04trmiss0_degmodglobal,41,0.5972705057689122,0.6074359714984894,0.9555555555555556,0.9765432098765434,0.6428571428571429,0.0,0.5368251502513885,0.5698883533477783,0.06654208259923118,0.21493291216237204,0.0,0.0,0.0,0.0,0.0,18473,global,0.0
2,1,lr1e-04_bs8_drop0p2_temp1p0_a0p25_b0p05__wd1e-04trmiss0_degmodglobal,8,0.0001,0.0001,0.2,1.0,0.25,0.05,lr1e-04_bs8_drop0p2_temp1p0_a0p25_b0p05__wd1e-04trmiss0_degmodglobal,42,0.5686525617327008,0.6118363738059998,0.9555555555555556,0.9765432098765434,0.6428571428571429,0.0,0.5258491592747825,0.5454432155404773,0.05716044455766678,0.17838472021477564,0.0,0.0,0.0,0.0,0.0,18473,global,0.0
2,1,lr1e-04_bs8_drop0p2_temp1p0_a0p25_b0p05__wd1e-04trmiss0_degmodglobal,8,0.0001,0.0001,0.2,1.0,0.25,0.05,lr1e-04_bs8_drop0p2_temp1p0_a0p25_b0p05__wd1e-04trmiss0_degmodglobal,43,0.5524943343230656,0.6071089506149292,0.9555555555555556,0.9765432098765434,0.7857142857142857,0.0,0.4668442223753248,0.5213887010301862,0.07908055026616369,0.22670993208885193,0.0,0.0,0.0,0.0,0.0,18473,global,0.0
2,1,lr1e-04_bs8_drop0p2_temp1p0_a0p25_b0p05__wd1e-04trmiss0_degmodglobal,8,0.0001,0.0001,0.2,1.0,0.25,0.05,lr1e-04_bs8_drop0p2_temp1p0_a0p25_b0p05__wd1e-04trmiss0_degmodglobal,44,0.5579679693494525,0.5994302034378052,0.9555555555555556,0.9765432098765434,0.7857142857142857,0.0,0.49763389570372446,0.5305146362100329,0.07642653903790883,0.1669338122010231,0.0,0.0,0.0,0.0,0.0,18473,global,0.0
2,1,lr1e-04_bs8_drop0p2_temp1p0_a0p25_b0p05__wd1e-04trmiss0_degmodglobal,8,0.0001,0.0001,0.2,1.0,0.25,0.05,lr1e-04_bs8_drop0p2_temp1p0_a0p25_b0p05__wd1e-04trmiss0_degmodglobal,45,0.5859134708132062,0.5987392067909241,0.9555555555555556,0.9765432098765434,0.7857142857142857,0.0,0.5216397643089294,0.5571687391826085,0.07239093844379697,0.2129400260746479,0.0,0.0,0.0,0.0,0.0,18473,global,0.0
2,1,lr1e-04_bs8_drop0p2_temp1p0_a0p25_b0p05__wd1e-04trmiss0_degmodglobal,8,0.0001,0.0001,0.2,1.0,0.25,0.05,lr1e-04_bs8_drop0p2_temp1p0_a0p25_b0p05__wd1e-04trmiss0_degmodglobal,46,0.5742801768439156,0.598595529794693,0.9555555555555556,0.9765432098765434,0.7857142857142857,0.0,0.48363793747765677,0.5496592393943242,0.0617014898785523,0.18391165563038417,0.0,0.0,0.0,0.0,0.0,18473,global,0.0
2,1,lr1e-04_bs8_drop0p2_temp1p0_a0p25_b0p05__wd1e-04trmiss0_degmodglobal,8,0.0001,0.0001,0.2,1.0,0.25,0.05,lr1e-04_bs8_drop0p2_temp1p0_a0p25_b0p05__wd1e-04trmiss0_degmodglobal,47,0.5994159323828561,0.5995715856552124,0.9555555555555556,0.9765432098765434,0.7857142857142857,0.0,0.4810041402067457,0.5722910378660474,0.07040659763983317,0.19046505859919957,0.0,0.0,0.0,0.0,0.0,18473,global,0.0
2,1,lr1e-04_bs8_drop0p2_temp2p0_a0p25_b0p05__wd1e-04trmiss0_degmodglobal,8,0.0001,0.0001,0.2,2.0,0.25,0.05,lr1e-04_bs8_drop0p2_temp2p0_a0p25_b0p05__wd1e-04trmiss0_degmodglobal,1,0.7126406175749642,0.6615525186061859,0.7333333333333334,0.8066017316017318,0.7857142857142857,0.0,0.683566016810281,0.7000683205468314,0.03971759229898453,0.052858234117073674,0.0,0.0,0.0,0.0,0.0,18473,global,0.0
2,1,lr1e-04_bs8_drop0p2_temp2p0_a0p25_b0p05__wd1e-04trmiss0_degmodglobal,8,0.0001,0.0001,0.2,2.0,0.25,0.05,lr1e-04_bs8_drop0p2_temp2p0_a0p25_b0p05__wd1e-04trmiss0_degmodglobal,2,0.6925941790853228,0.6725890040397644,0.6444444444444445,0.7324074074074075,0.5714285714285714,0.0,0.6747799941471645,0.6770899551255363,0.04808976075478962,0.06963526138237544,0.0,0.0,0.0,0.0,0.0,18473,global,0.0
2,1,lr1e-04_bs8_drop0p2_temp2p0_a0p25_b0p05__wd1e-04trmiss0_degmodglobal,8,0.0001,0.0001,0.2,2.0,0.25,0.05,lr1e-04_bs8_drop0p2_temp2p0_a0p25_b0p05__wd1e-04trmiss0_degmodglobal,3,0.6447844760758537,0.6717203855514526,0.6888888888888889,0.7446359196359197,0.5714285714285714,0.0,0.6379917008536202,0.6309109500476292,0.04546380841306278,0.050151727561439784,0.0,0.0,0.0,0.0,0.0,18473,global,0.0
2,1,lr1e-04_bs8_drop0p2_temp2p0_a0p25_b0p05__wd1e-04trmiss0_degmodglobal,8,0.0001,0.0001,0.2,2.0,0.25,0.05,lr1e-04_bs8_drop0p2_temp2p0_a0p25_b0p05__wd1e-04trmiss0_degmodglobal,4,0.6476589100701469,0.6763777136802673,0.6222222222222222,0.7104377104377105,0.5714285714285714,0.0,0.6209938611303057,0.6318917615073067,0.050502292811870575,0.06283142524106163,0.0,0.0,0.0,0.0,0.0,18473,global,0.0
2,1,lr1e-04_bs8_drop0p2_temp2p0_a0p25_b0p05__wd1e-04trmiss0_degmodglobal,8,0.0001,0.0001,0.2,2.0,0.25,0.05,lr1e-04_bs8_drop0p2_temp2p0_a0p25_b0p05__wd1e-04trmiss0_degmodglobal,5,0.6313068611281258,0.6886526048183441,0.6,0.6972101972101973,0.5714285714285714,0.0,0.6160414644650051,0.616060699735369,0.04993089075599398,0.055268987481083186,0.0,0.0,0.0,0.0,0.0,18473,global,0.0
2,1,lr1e-04_bs8_drop0p2_temp2p0_a0p25_b0p05__wd1e-04trmiss0_degmodglobal,8,0.0001,0.0001,0.2,2.0,0.25,0.05,lr1e-04_bs8_drop0p2_temp2p0_a0p25_b0p05__wd1e-04trmiss0_degmodglobal,6,0.622050906930651,0.6916023790836334,0.6,0.6972101972101973,0.5714285714285714,0.0,0.6020032252584185,0.6040054985455104,0.05749632152063506,0.073426450203572,0.0,0.0,0.0,0.0,0.0,18473,global,0.0
2,1,lr1e-04_bs8_drop0p2_temp2p0_a0p25_b0p05__wd1e-04trmiss0_degmodglobal,8,0.0001,0.0001,0.2,2.0,0.25,0.05,lr1e-04_bs8_drop0p2_temp2p0_a0p25_b0p05__wd1e-04trmiss0_degmodglobal,7,0.6385564633778164,0.6892257928848267,0.6444444444444444,0.7251914751914753,0.5714285714285714,0.0,0.590659865311214,0.6240488716534206,0.04379374906420708,0.07118279114365578,0.0,0.0,0.0,0.0,0.0,18473,global,0.0
2,1,lr1e-04_bs8_drop0p2_temp2p0_a0p25_b0p05__wd1e-04trmiss0_degmodglobal,8,0.0001,0.0001,0.2,2.0,0.25,0.05,lr1e-04_bs8_drop0p2_temp2p0_a0p25_b0p05__wd1e-04trmiss0_degmodglobal,8,0.620496928691864,0.7016891837120056,0.5777777777777777,0.6907999407999409,0.5714285714285714,0.0,0.5743892363139561,0.6054949419839042,0.0476661388363157,0.06170920468866825,0.0,0.0,0.0,0.0,0.0,18473,global,0.0
2,1,lr1e-04_bs8_drop0p2_temp2p0_a0p25_b0p05__wd1e-04trmiss0_degmodglobal,8,0.0001,0.0001,0.2,2.0,0.25,0.05,lr1e-04_bs8_drop0p2_temp2p0_a0p25_b0p05__wd1e-04trmiss0_degmodglobal,9,0.6238713009016854,0.6978136003017426,0.5777777777777777,0.6872895622895624,0.5,0.0,0.5930019702230181,0.6100840823990958,0.043119845645768304,0.06014525171901498,0.0,0.0,0.0,0.0,0.0,18473,global,0.0
2,1,lr1e-04_bs8_drop0p2_temp2p0_a0p25_b0p05__wd1e-04trmiss0_degmodglobal,8,0.0001,0.0001,0.2,2.0,0.25,0.05,lr1e-04_bs8_drop0p2_temp2p0_a0p25_b0p05__wd1e-04trmiss0_degmodglobal,10,0.5955519505909511,0.6997412145137787,0.6,0.6972101972101973,0.5714285714285714,0.0,0.5716158662523542,0.5808283516338894,0.0466598996094295,0.061172548681497574,0.0,0.0,0.0,0.0,0.0,18473,global,0.0
2,1,lr1e-04_bs8_drop0p2_temp2p0_a0p25_b0p05__wd1e-04trmiss0_degmodglobal,8,0.0001,0.0001,0.2,2.0,0.25,0.05,lr1e-04_bs8_drop0p2_temp2p0_a0p25_b0p05__wd1e-04trmiss0_degmodglobal,11,0.5946087922368731,0.698448657989502,0.6,0.6972101972101973,0.5714285714285714,0.0,0.5660140131201062,0.5819810288293021,0.040996989235281944,0.04757033022386687,0.0,0.0,0.0,0.0,0.0,18473,global,0.0
2,1,lr1e-04_bs8_drop0p2_temp2p0_a0p25_b0p05__wd1e-04trmiss0_degmodglobal,8,0.0001,0.0001,0.2,2.0,0.25,0.05,lr1e-04_bs8_drop0p2_temp2p0_a0p25_b0p05__wd1e-04trmiss0_degmodglobal,12,0.620862603187561,0.7073924839496613,0.6,0.6972101972101973,0.5,0.0,0.5624573486191886,0.6069826994623456,0.04640759155154228,0.04556026017027242,0.0,0.0,0.0,0.0,0.0,18473,global,0.0
2,1,lr1e-04_bs8_drop0p2_temp2p0_a0p25_b0p05__wd1e-04trmiss0_degmodglobal,8,0.0001,0.0001,0.2,2.0,0.25,0.05,lr1e-04_bs8_drop0p2_temp2p0_a0p25_b0p05__wd1e-04trmiss0_degmodglobal,13,0.6171791468347821,0.7026338577270508,0.6,0.6972101972101973,0.5,0.0,0.549394428730011,0.6031835675239563,0.043599335210663934,0.06191518410508122,0.0,0.0,0.0,0.0,0.0,18473,global,0.0
2,1,lr1e-04_bs8_drop0p2_temp2p0_a0p25_b0p05__wd1e-04trmiss0_degmodglobal,8,0.0001,0.0001,0.2,2.0,0.25,0.05,lr1e-04_bs8_drop0p2_temp2p0_a0p25_b0p05__wd1e-04trmiss0_degmodglobal,14,0.6148092065538678,0.6935143768787384,0.6222222222222222,0.7064694564694566,0.5,0.0,0.5493923425674438,0.5981993504932949,0.051650376192161014,0.07394507048385483,0.0,0.0,0.0,0.0,0.0,18473,global,0.0
2,1,lr1e-04_bs8_drop0p2_temp2p0_a0p25_b0p05__wd1e-04trmiss0_degmodglobal,8,0.0001,0.0001,0.2,2.0,0.25,0.05,lr1e-04_bs8_drop0p2_temp2p0_a0p25_b0p05__wd1e-04trmiss0_degmodglobal,15,0.6020883236612592,0.6938908994197845,0.6222222222222222,0.7064694564694566,0.5,0.0,0.575448751449585,0.5876149109431675,0.0483094538961138,0.047920571107949526,0.0,0.0,0.0,0.0,0.0,18473,global,0.0
2,1,lr1e-04_bs8_drop0p2_temp2p0_a0p25_b0p05__wd1e-04trmiss0_degmodglobal,8,0.0001,0.0001,0.2,2.0,0.25,0.05,lr1e-04_bs8_drop0p2_temp2p0_a0p25_b0p05__wd1e-04trmiss0_degmodglobal,16,0.5883588876043048,0.6962030231952667,0.6222222222222222,0.7064694564694566,0.5,0.0,0.5660688536507743,0.5738444328308105,0.048478533646890094,0.047896621482712884,0.0,0.0,0.0,0.0,0.0,18473,global,0.0
2,1,lr1e-04_bs8_drop0p2_temp2p0_a0p25_b0p05__wd1e-04trmiss0_degmodglobal,8,0.0001,0.0001,0.2,2.0,0.25,0.05,lr1e-04_bs8_drop0p2_temp2p0_a0p25_b0p05__wd1e-04trmiss0_degmodglobal,17,0.5822856937135968,0.6944261491298676,0.6222222222222222,0.7064694564694566,0.5,0.0,0.5583423376083374,0.5661258952958244,0.05093471705913544,0.06852262946111816,0.0,0.0,0.0,0.0,0.0,18473,global,0.0
2,1,lr1e-04_bs8_drop0p2_temp2p0_a0p25_b0p05__wd1e-04trmiss0_degmodglobal,8,0.0001,0.0001,0.2,2.0,0.25,0.05,lr1e-04_bs8_drop0p2_temp2p0_a0p25_b0p05__wd1e-04trmiss0_degmodglobal,18,0.5953274624688285,0.6972042620182037,0.6222222222222222,0.7064694564694566,0.5,0.0,0.547819869858878,0.5821958013943264,0.040168062916823795,0.06179296039044857,0.0,0.0,0.0,0.0,0.0,18473,global,0.0
2,1,lr1e-04_bs8_drop0p2_temp2p0_a0p25_b0p05__wd1e-04trmiss0_degmodglobal,8,0.0001,0.0001,0.2,2.0,0.25,0.05,lr1e-04_bs8_drop0p2_temp2p0_a0p25_b0p05__wd1e-04trmiss0_degmodglobal,19,0.5815552217619759,0.6974159181118011,0.6222222222222222,0.7064694564694566,0.5,0.0,0.5259389281272888,0.5649770455701011,0.050911106169223785,0.07700771253023829,0.0,0.0,0.0,0.0,0.0,18473,global,0.0
2,1,lr1e-04_bs8_drop0p2_temp2p0_a0p25_b0p05__wd1e-04trmiss0_degmodglobal,8,0.0001,0.0001,0.2,2.0,0.25,0.05,lr1e-04_bs8_drop0p2_temp2p0_a0p25_b0p05__wd1e-04trmiss0_degmodglobal,20,0.5872357828276498,0.6890121102333069,0.6222222222222222,0.7064694564694566,0.5714285714285714,0.0,0.5405496529170445,0.5699555277824402,0.05417304379599435,0.07473979145288467,0.0,0.0,0.0,0.0,0.0,18473,global,0.0
2,1,lr1e-04_bs8_drop0p2_temp2p0_a0p25_b0p05__wd1e-04trmiss0_degmodglobal,8,0.0001,0.0001,0.2,2.0,0.25,0.05,lr1e-04_bs8_drop0p2_temp2p0_a0p25_b0p05__wd1e-04trmiss0_degmodglobal,21,0.5763930933816093,0.6907040178775787,0.6222222222222222,0.7064694564694566,0.5,0.0,0.5344707199505397,0.5595221945217678,0.05280463929687228,0.07339456038815635,0.0,0.0,0.0,0.0,0.0,18473,global,0.0
2,1,lr1e-04_bs8_drop0p2_temp2p0_a0p25_b0p05__wd1e-04trmiss0_degmodglobal,8,0.0001,0.0001,0.2,2.0,0.25,0.05,lr1e-04_bs8_drop0p2_temp2p0_a0p25_b0p05__wd1e-04trmiss0_degmodglobal,22,0.5612036670957293,0.6838055551052094,0.6444444444444444,0.7196969696969698,0.6428571428571429,0.0,0.519231596163341,0.5455201353345599,0.047418425125735145,0.0765788515231439,0.0,0.0,0.0,0.0,0.0,18473,global,0.0
2,1,lr1e-04_bs8_drop0p2_temp2p0_a0p25_b0p05__wd1e-04trmiss0_degmodglobal,8,0.0001,0.0001,0.2,2.0,0.25,0.05,lr1e-04_bs8_drop0p2_temp2p0_a0p25_b0p05__wd1e-04trmiss0_degmodglobal,23,0.5741067911897387,0.6767705082893372,0.6666666666666666,0.7316017316017317,0.6428571428571429,0.0,0.5338079163006374,0.5558239987918309,0.059220257082155774,0.06955466738768987,0.0,0.0,0.0,0.0,0.0,18473,global,0.0
2,1,lr1e-04_bs8_drop0p2_temp2p0_a0p25_b0p05__wd1e-04trmiss0_degmodglobal,8,0.0001,0.0001,0.2,2.0,0.25,0.05,lr1e-04_bs8_drop0p2_temp2p0_a0p25_b0p05__wd1e-04trmiss0_degmodglobal,24,0.5770657573427472,0.6728618443012238,0.6666666666666666,0.7316017316017317,0.6428571428571429,0.0,0.5195524181638446,0.5616217425891331,0.04848857543298176,0.06643717310258321,0.0,0.0,0.0,0.0,0.0,18473,global,0.0
2,1,lr1e-04_bs8_drop0p2_temp2p0_a0p25_b0p05__wd1e-04trmiss0_degmodglobal,8,0.0001,0.0001,0.2,2.0,0.25,0.05,lr1e-04_bs8_drop0p2_temp2p0_a0p25_b0p05__wd1e-04trmiss0_degmodglobal,25,0.5794825809342521,0.6841808557510376,0.6222222222222222,0.7064694564694566,0.5,0.0,0.5190821630614144,0.5571615525654384,0.06970221283180374,0.09790967724152974,0.0,0.0,0.0,0.0,0.0,18473,global,0.0
2,1,lr1e-04_bs8_drop0p2_temp2p0_a0p25_b0p05__wd1e-04trmiss0_degmodglobal,8,0.0001,0.0001,0.2,2.0,0.25,0.05,lr1e-04_bs8_drop0p2_temp2p0_a0p25_b0p05__wd1e-04trmiss0_degmodglobal,26,0.5809166090829032,0.6863551437854767,0.6222222222222222,0.7064694564694566,0.5,0.0,0.5241570046969822,0.5646033883094788,0.05037654936313629,0.07438174422298159,0.0,0.0,0.0,0.0,0.0,18473,global,0.0
2,1,lr1e-04_bs8_drop0p2_temp2p0_a0p25_b0p05__wd1e-04trmiss0_degmodglobal,8,0.0001,0.0001,0.2,2.0,0.25,0.05,lr1e-04_bs8_drop0p2_temp2p0_a0p25_b0p05__wd1e-04trmiss0_degmodglobal,27,0.5892589943749564,0.6861355602741241,0.6222222222222222,0.7064694564694566,0.5,0.0,0.5301049607140678,0.5740388546671186,0.049668225326708386,0.05606158609901156,0.0,0.0,0.0,0.0,0.0,18473,global,0.0
2,1,lr1e-04_bs8_drop0p2_temp2p0_a0p25_b0p05__wd1e-04trmiss0_degmodglobal,8,0.0001,0.0001,0.2,2.0,0.25,0.05,lr1e-04_bs8_drop0p2_temp2p0_a0p25_b0p05__wd1e-04trmiss0_degmodglobal,28,0.5773256335939679,0.6864664256572723,0.6222222222222222,0.7064694564694566,0.5,0.0,0.503617912530899,0.558577937739236,0.05734377833349364,0.08823487827820438,0.0,0.0,0.0,0.0,0.0,18473,global,0.0
2,1,lr1e-04_bs8_drop0p2_temp2p0_a0p25_b0p05__wd1e-04trmiss0_degmodglobal,8,0.0001,0.0001,0.2,2.0,0.25,0.05,lr1e-04_bs8_drop0p2_temp2p0_a0p25_b0p05__wd1e-04trmiss0_degmodglobal,29,0.5860018474715096,0.6883152723312378,0.6222222222222222,0.7064694564694566,0.5,0.0,0.5361801300730024,0.5720675247056144,0.0458595124738557,0.04938922290291105,0.0,0.0,0.0,0.0,0.0,18473,global,0.0
2,1,lr1e-04_bs8_drop0p2_temp2p0_a0p25_b0p05__wd1e-04trmiss0_degmodglobal,8,0.0001,0.0001,0.2,2.0,0.25,0.05,lr1e-04_bs8_drop0p2_temp2p0_a0p25_b0p05__wd1e-04trmiss0_degmodglobal,30,0.5854486397334507,0.6855443716049194,0.6222222222222222,0.7064694564694566,0.5714285714285714,0.0,0.5574118452412742,0.5677878643785205,0.056895051683698385,0.06874004086213452,0.0,0.0,0.0,0.0,0.0,18473,global,0.0
2,1,lr1e-04_bs8_drop0p2_temp2p0_a0p25_b0p05__wd1e-04trmiss0_degmodglobal,8,0.0001,0.0001,0.2,2.0,0.25,0.05,lr1e-04_bs8_drop0p2_temp2p0_a0p25_b0p05__wd1e-04trmiss0_degmodglobal,31,0.5759926523481097,0.6861231327056885,0.6222222222222222,0.7064694564694566,0.5714285714285714,0.0,0.5016539011682782,0.5571572780609131,0.059731830443654745,0.07804831303656101,0.0,0.0,0.0,0.0,0.0,18473,global,0.0
2,1,lr1e-04_bs8_drop0p2_temp2p0_a0p25_b0p05__wd1e-04trmiss0_degmodglobal,8,0.0001,0.0001,0.2,2.0,0.25,0.05,lr1e-04_bs8_drop0p2_temp2p0_a0p25_b0p05__wd1e-04trmiss0_degmodglobal,32,0.5854515348161969,0.6822777092456818,0.6222222222222222,0.7064694564694566,0.5714285714285714,0.0,0.5058635004929134,0.5660414780889239,0.06364100373217038,0.06999608767884118,0.0,0.0,0.0,0.0,0.0,18473,global,0.0
2,1,lr1e-04_bs8_drop0p2_temp2p0_a0p25_b0p05__wd1e-04trmiss0_degmodglobal,8,0.0001,0.0001,0.2,2.0,0.25,0.05,lr1e-04_bs8_drop0p2_temp2p0_a0p25_b0p05__wd1e-04trmiss0_degmodglobal,33,0.5700824686459133,0.6798156499862671,0.6444444444444444,0.7196969696969698,0.6428571428571429,0.0,0.4989225608961923,0.5514053532055446,0.06006485064114843,0.07321783953479358,0.0,0.0,0.0,0.0,0.0,18473,global,0.0
2,1,lr1e-04_bs8_drop0p2_temp2p0_a0p25_b0p05__wd1e-04trmiss0_degmodglobal,8,0.0001,0.0001,0.2,2.0,0.25,0.05,lr1e-04_bs8_drop0p2_temp2p0_a0p25_b0p05__wd1e-04trmiss0_degmodglobal,34,0.5549404110227313,0.6761891841888428,0.6444444444444444,0.7196969696969698,0.5714285714285714,0.0,0.49408651675496784,0.5354803800582886,0.06055690667458943,0.08641572163573333,0.0,0.0,0.0,0.0,0.0,18473,global,0.0
2,1,lr1e-04_bs8_drop0p2_temp2p0_a0p25_b0p05__wd1e-04trmiss0_degmodglobal,8,0.0001,0.0001,0.2,2.0,0.25,0.05,lr1e-04_bs8_drop0p2_temp2p0_a0p25_b0p05__wd1e-04trmiss0_degmodglobal,35,0.5685861962182182,0.6800401508808136,0.6444444444444444,0.7196969696969698,0.5714285714285714,0.0,0.4919914092336382,0.5487262266022819,0.06073433480092457,0.09352795247520719,0.0,0.0,0.0,0.0,0.0,18473,global,0.0
2,1,lr1e-04_bs8_drop0p2_temp2p0_a0p25_b0p05__wd1e-04trmiss0_degmodglobal,8,0.0001,0.0001,0.2,2.0,0.25,0.05,lr1e-04_bs8_drop0p2_temp2p0_a0p25_b0p05__wd1e-04trmiss0_degmodglobal,36,0.5756163852555412,0.6775660514831543,0.6444444444444444,0.7196969696969698,0.6428571428571429,0.0,0.5028501493590218,0.5576508683817727,0.05546671258551734,0.08197698209966932,0.0,0.0,0.0,0.0,0.0,18473,global,0.0
2,1,lr1e-04_bs8_drop0p2_temp2p0_a0p25_b0p05__wd1e-04trmiss0_degmodglobal,8,0.0001,0.0001,0.2,2.0,0.25,0.05,lr1e-04_bs8_drop0p2_temp2p0_a0p25_b0p05__wd1e-04trmiss0_degmodglobal,37,0.5795918532780239,0.6853641867637634,0.6444444444444444,0.7196969696969698,0.5714285714285714,0.0,0.5187907261507851,0.560667599950518,0.057783812816653936,0.08956599581454482,0.0,0.0,0.0,0.0,0.0,18473,global,0.0
2,1,lr1e-04_bs8_drop0p2_temp2p0_a0p25_b0p05__wd1e-04trmiss0_degmodglobal,8,0.0001,0.0001,0.2,2.0,0.25,0.05,lr1e-04_bs8_drop0p2_temp2p0_a0p25_b0p05__wd1e-04trmiss0_degmodglobal,38,0.5729455607278007,0.6796628534793854,0.6444444444444444,0.7196969696969698,0.5714285714285714,0.0,0.4864538013935089,0.5548537203243801,0.052473822342497964,0.09946801726307188,0.0,0.0,0.0,0.0,0.0,18473,global,0.0
2,1,lr1e-04_bs8_drop0p2_temp2p0_a0p25_b0p05__wd1e-04trmiss0_degmodglobal,8,0.0001,0.0001,0.2,2.0,0.25,0.05,lr1e-04_bs8_drop0p2_temp2p0_a0p25_b0p05__wd1e-04trmiss0_degmodglobal,39,0.5659071930817196,0.6836174130439758,0.6222222222222222,0.7064694564694566,0.5,0.0,0.4746516687529428,0.5409047646181924,0.07617905523095812,0.11915364116430283,0.0,0.0,0.0,0.0,0.0,18473,global,0.0
2,1,lr1e-04_bs8_drop0p2_temp2p0_a0p25_b0p05__wd1e-04trmiss0_degmodglobal,8,0.0001,0.0001,0.2,2.0,0.25,0.05,lr1e-04_bs8_drop0p2_temp2p0_a0p25_b0p05__wd1e-04trmiss0_degmodglobal,40,0.6082580174718585,0.681060403585434,0.6222222222222222,0.7064694564694566,0.6428571428571429,0.0,0.5086839326790401,0.5851311045033591,0.07017679193190166,0.11165419008050646,0.0,0.0,0.0,0.0,0.0,18473,global,0.0
2,1,lr1e-04_bs8_drop0p2_temp2p0_a0p25_b0p05__wd1e-04trmiss0_degmodglobal,8,0.0001,0.0001,0.2,2.0,0.25,0.05,lr1e-04_bs8_drop0p2_temp2p0_a0p25_b0p05__wd1e-04trmiss0_degmodglobal,41,0.5566754852022443,0.6833527982234955,0.6222222222222222,0.7064694564694566,0.6428571428571429,0.0,0.4752598362309592,0.5391709336212703,0.05177899396845272,0.09119593844349895,0.0,0.0,0.0,0.0,0.0,18473,global,0.0
2,1,lr1e-04_bs8_drop0p2_temp2p0_a0p25_b0p05__wd1e-04trmiss0_degmodglobal,8,0.0001,0.0001,0.2,2.0,0.25,0.05,lr1e-04_bs8_drop0p2_temp2p0_a0p25_b0p05__wd1e-04trmiss0_degmodglobal,42,0.5780394673347473,0.6859099268913269,0.6222222222222222,0.7064694564694566,0.5,0.0,0.4750261264187949,0.5530160239764622,0.07578891994697708,0.12152390607765742,0.0,0.0,0.0,0.0,0.0,18473,global,0.0
2,1,lr1e-04_bs8_drop0p2_temp2p0_a0p25_b0p05__wd1e-04trmiss0_degmodglobal,8,0.0001,0.0001,0.2,2.0,0.25,0.05,lr1e-04_bs8_drop0p2_temp2p0_a0p25_b0p05__wd1e-04trmiss0_degmodglobal,43,0.604819621358599,0.6857772469520569,0.6222222222222222,0.7064694564694566,0.5,0.0,0.5139314191681998,0.5854333894593375,0.05838984623551369,0.09577541958008494,0.0,0.0,0.0,0.0,0.0,18473,global,0.0
2,1,lr1e-04_bs8_drop0p2_temp2p0_a0p25_b0p05__wd1e-04trmiss0_degmodglobal,8,0.0001,0.0001,0.2,2.0,0.25,0.05,lr1e-04_bs8_drop0p2_temp2p0_a0p25_b0p05__wd1e-04trmiss0_degmodglobal,44,0.5752760257039752,0.6865692138671875,0.6222222222222222,0.7064694564694566,0.5714285714285714,0.0,0.5029092175619942,0.5528477515493121,0.06703636369534902,0.11338367632457189,0.0,0.0,0.0,0.0,0.0,18473,global,0.0
2,1,lr1e-04_bs8_drop0p4_temp1p0_a0p25_b0p05__wd1e-04trmiss0_degmodglobal,8,0.0001,0.0001,0.4,1.0,0.25,0.05,lr1e-04_bs8_drop0p4_temp1p0_a0p25_b0p05__wd1e-04trmiss0_degmodglobal,1,0.6963019796780178,0.6965371072292328,0.42222222222222217,0.6096671846671847,0.5,0.0,0.7023278474807739,0.6810043624469212,0.03847134991415909,0.11359537073544093,0.0,0.0,0.0,0.0,0.0,18473,global,0.0
2,1,lr1e-04_bs8_drop0p4_temp1p0_a0p25_b0p05__wd1e-04trmiss0_degmodglobal,8,0.0001,0.0001,0.4,1.0,0.25,0.05,lr1e-04_bs8_drop0p4_temp1p0_a0p25_b0p05__wd1e-04trmiss0_degmodglobal,2,0.6990920645850045,0.689286082983017,0.4888888888888888,0.6825507825507826,0.5714285714285714,0.0,0.6639417495046344,0.6817569732666016,0.048880486616066525,0.10229927354625293,0.0,0.0,0.0,0.0,0.0,18473,global,0.0
2,1,lr1e-04_bs8_drop0p4_temp1p0_a0p25_b0p05__wd1e-04trmiss0_degmodglobal,8,0.0001,0.0001,0.4,1.0,0.25,0.05,lr1e-04_bs8_drop0p4_temp1p0_a0p25_b0p05__wd1e-04trmiss0_degmodglobal,3,0.6816918849945068,0.6881236732006073,0.5111111111111111,0.7026455026455027,0.5,0.0,0.6484339492661613,0.6556874087878636,0.064859574926751,0.19579173890607698,0.0,0.0,0.0,0.0,0.0,18473,global,0.0
2,1,lr1e-04_bs8_drop0p4_temp1p0_a0p25_b0p05__wd1e-04trmiss0_degmodglobal,8,0.0001,0.0001,0.4,1.0,0.25,0.05,lr1e-04_bs8_drop0p4_temp1p0_a0p25_b0p05__wd1e-04trmiss0_degmodglobal,4,0.6754917332104274,0.6779596507549286,0.5555555555555556,0.7464165464165464,0.5,0.0,0.6296471016747611,0.6549437131200518,0.05583972058125904,0.13176176697015762,0.0,0.0,0.0,0.0,0.0,18473,global,0.0
2,1,lr1e-04_bs8_drop0p4_temp1p0_a0p25_b0p05__wd1e-04trmiss0_degmodglobal,8,0.0001,0.0001,0.4,1.0,0.25,0.05,lr1e-04_bs8_drop0p4_temp1p0_a0p25_b0p05__wd1e-04trmiss0_degmodglobal,5,0.6506768124444144,0.6647436618804932,0.5777777777777777,0.761843711843712,0.5,0.0,0.6423856616020203,0.6238727654729571,0.07016928653631892,0.18523441361529486,0.0,0.0,0.0,0.0,0.0,18473,global,0.0
2,1,lr1e-04_bs8_drop0p4_temp1p0_a0p25_b0p05__wd1e-04trmiss0_degmodglobal,8,0.0001,0.0001,0.4,1.0,0.25,0.05,lr1e-04_bs8_drop0p4_temp1p0_a0p25_b0p05__wd1e-04trmiss0_degmodglobal,6,0.6332488656044006,0.663953572511673,0.5555555555555556,0.7547730047730048,0.5,0.0,0.6338960102626255,0.6131003243582589,0.05912812666169235,0.10733039251395635,0.0,0.0,0.0,0.0,0.0,18473,global,0.0
2,1,lr1e-04_bs8_drop0p4_temp1p0_a0p25_b0p05__wd1e-04trmiss0_degmodglobal,8,0.0001,0.0001,0.4,1.0,0.25,0.05,lr1e-04_bs8_drop0p4_temp1p0_a0p25_b0p05__wd1e-04trmiss0_degmodglobal,7,0.6290685449327741,0.6851867139339447,0.4888888888888889,0.7297289130622464,0.5,0.0,0.6226894855499268,0.6034501705850873,0.0697150177189282,0.16379263997077942,0.0,0.0,0.0,0.0,0.0,18473,global,0.0
2,1,lr1e-04_bs8_drop0p4_temp1p0_a0p25_b0p05__wd1e-04trmiss0_degmodglobal,8,0.0001,0.0001,0.4,1.0,0.25,0.05,lr1e-04_bs8_drop0p4_temp1p0_a0p25_b0p05__wd1e-04trmiss0_degmodglobal,8,0.6316241792270115,0.6890608668327332,0.4888888888888889,0.7469246802580136,0.5,0.0,0.6195399676050458,0.6054259538650513,0.0732629740876811,0.15764978315149034,0.0,0.0,0.0,0.0,0.0,18473,global,0.0
2,1,lr1e-04_bs8_drop0p4_temp1p0_a0p25_b0p05__wd1e-04trmiss0_degmodglobal,8,0.0001,0.0001,0.4,1.0,0.25,0.05,lr1e-04_bs8_drop0p4_temp1p0_a0p25_b0p05__wd1e-04trmiss0_degmodglobal,9,0.642394849232265,0.6805656552314758,0.4888888888888889,0.7469246802580136,0.5,0.0,0.6200128453118461,0.615498423576355,0.07598690209644181,0.1579941479223115,0.0,0.0,0.0,0.0,0.0,18473,global,0.0
2,1,lr1e-04_bs8_drop0p4_temp1p0_a0p25_b0p05__wd1e-04trmiss0_degmodglobal,8,0.0001,0.0001,0.4,1.0,0.25,0.05,lr1e-04_bs8_drop0p4_temp1p0_a0p25_b0p05__wd1e-04trmiss0_degmodglobal,10,0.591327931199755,0.6641217172145844,0.6,0.7918100418100418,0.42857142857142855,0.0,0.6056163140705654,0.5676253693444389,0.06883794441819191,0.12986148414867266,0.0,0.0,0.0,0.0,0.0,18473,global,0.0
2,1,lr1e-04_bs8_drop0p4_temp1p0_a0p25_b0p05__wd1e-04trmiss0_degmodglobal,8,0.0001,0.0001,0.4,1.0,0.25,0.05,lr1e-04_bs8_drop0p4_temp1p0_a0p25_b0p05__wd1e-04trmiss0_degmodglobal,11,0.6016724961144584,0.6711573004722595,0.6,0.7918100418100418,0.42857142857142855,0.0,0.5997019410133362,0.584994239466531,0.04584447906485626,0.10434308009488243,0.0,0.0,0.0,0.0,0.0,18473,global,0.0
2,1,lr1e-04_bs8_drop0p4_temp1p0_a0p25_b0p05__wd1e-04trmiss0_degmodglobal,8,0.0001,0.0001,0.4,1.0,0.25,0.05,lr1e-04_bs8_drop0p4_temp1p0_a0p25_b0p05__wd1e-04trmiss0_degmodglobal,12,0.6038881029401507,0.6738314032554626,0.6222222222222222,0.798880748880749,0.42857142857142855,0.0,0.6349221553121295,0.5792131338800702,0.06987958933625903,0.1441012525132724,0.0,0.0,0.0,0.0,0.0,18473,global,0.0
2,1,lr1e-04_bs8_drop0p4_temp1p0_a0p25_b0p05__wd1e-04trmiss0_degmodglobal,8,0.0001,0.0001,0.4,1.0,0.25,0.05,lr1e-04_bs8_drop0p4_temp1p0_a0p25_b0p05__wd1e-04trmiss0_degmodglobal,13,0.6006268262863159,0.6565380692481995,0.6444444444444444,0.807522724189391,0.5714285714285714,0.0,0.5975991828101022,0.5754484278815133,0.071983524199043,0.14365027844905853,0.0,0.0,0.0,0.0,0.0,18473,global,0.0
2,1,lr1e-04_bs8_drop0p4_temp1p0_a0p25_b0p05__wd1e-04trmiss0_degmodglobal,8,0.0001,0.0001,0.4,1.0,0.25,0.05,lr1e-04_bs8_drop0p4_temp1p0_a0p25_b0p05__wd1e-04trmiss0_degmodglobal,14,0.5875846913882664,0.6545300483703613,0.6444444444444444,0.807522724189391,0.5714285714285714,0.0,0.5946036406925747,0.5588740834168026,0.07722058040755135,0.1881091914006642,0.0,0.0,0.0,0.0,0.0,18473,global,0.0
2,1,lr1e-04_bs8_drop0p4_temp1p0_a0p25_b0p05__wd1e-04trmiss0_degmodglobal,8,0.0001,0.0001,0.4,1.0,0.25,0.05,lr1e-04_bs8_drop0p4_temp1p0_a0p25_b0p05__wd1e-04trmiss0_degmodglobal,15,0.6106870259557452,0.6715979874134064,0.6222222222222222,0.798880748880749,0.5,0.0,0.6032535263470241,0.5873854160308838,0.061260174959897995,0.15973125770688057,0.0,0.0,0.0,0.0,0.0,18473,global,0.0
2,1,lr1e-04_bs8_drop0p4_temp1p0_a0p25_b0p05__wd1e-04trmiss0_degmodglobal,8,0.0001,0.0001,0.4,1.0,0.25,0.05,lr1e-04_bs8_drop0p4_temp1p0_a0p25_b0p05__wd1e-04trmiss0_degmodglobal,16,0.5770464028630938,0.6768944263458252,0.5555555555555555,0.7770562770562772,0.5,0.0,0.5906939506530762,0.5578854765210833,0.050601242908409665,0.130212525171893,0.0,0.0,0.0,0.0,0.0,18473,global,0.0
2,1,lr1e-04_bs8_drop0p4_temp1p0_a0p25_b0p05__wd1e-04trmiss0_degmodglobal,8,0.0001,0.0001,0.4,1.0,0.25,0.05,lr1e-04_bs8_drop0p4_temp1p0_a0p25_b0p05__wd1e-04trmiss0_degmodglobal,17,0.5878284573554993,0.6716529428958893,0.5777777777777777,0.7825507825507827,0.5,0.0,0.567942636353629,0.5595390541212899,0.08220827313406127,0.15474625463996614,0.0,0.0,0.0,0.0,0.0,18473,global,0.0
2,1,lr1e-04_bs8_drop0p4_temp1p0_a0p25_b0p05__wd1e-04trmiss0_degmodglobal,8,0.0001,0.0001,0.4,1.0,0.25,0.05,lr1e-04_bs8_drop0p4_temp1p0_a0p25_b0p05__wd1e-04trmiss0_degmodglobal,18,0.5748947433062962,0.6789174675941467,0.5777777777777777,0.7825507825507827,0.42857142857142855,0.0,0.5618800009999957,0.5512444164071765,0.06323266721197537,0.15684339297669275,0.0,0.0,0.0,0.0,0.0,18473,global,0.0
2,1,lr1e-04_bs8_drop0p4_temp1p0_a0p25_b0p05__wd1e-04trmiss0_degmodglobal,8,0.0001,0.0001,0.4,1.0,0.25,0.05,lr1e-04_bs8_drop0p4_temp1p0_a0p25_b0p05__wd1e-04trmiss0_degmodglobal,19,0.5995454107012067,0.6766358017921448,0.5777777777777777,0.7863155363155363,0.42857142857142855,0.0,0.5759792668478829,0.576184834752764,0.07004994845816068,0.11696181073784828,0.0,0.0,0.0,0.0,0.0,18473,global,0.0
2,1,lr1e-04_bs8_drop0p4_temp1p0_a0p25_b0p05__wd1e-04trmiss0_degmodglobal,8,0.0001,0.0001,0.4,1.0,0.25,0.05,lr1e-04_bs8_drop0p4_temp1p0_a0p25_b0p05__wd1e-04trmiss0_degmodglobal,20,0.5473407251494271,0.6855693459510803,0.5333333333333332,0.7671356421356421,0.42857142857142855,0.0,0.558116980961391,0.5231177466256278,0.06774100714496203,0.14575461404664175,0.0,0.0,0.0,0.0,0.0,18473,global,0.0
2,1,lr1e-04_bs8_drop0p4_temp1p0_a0p25_b0p05__wd1e-04trmiss0_degmodglobal,8,0.0001,0.0001,0.4,1.0,0.25,0.05,lr1e-04_bs8_drop0p4_temp1p0_a0p25_b0p05__wd1e-04trmiss0_degmodglobal,21,0.5747931855065482,0.6884671449661255,0.5111111111111111,0.7546407296407298,0.42857142857142855,0.0,0.6058185015405927,0.5480820323739733,0.07318730652332306,0.16828678175807,0.0,0.0,0.0,0.0,0.0,18473,global,0.0
2,1,lr1e-04_bs8_drop0p4_temp1p0_a0p25_b0p05__wd1e-04trmiss0_degmodglobal,8,0.0001,0.0001,0.4,1.0,0.25,0.05,lr1e-04_bs8_drop0p4_temp1p0_a0p25_b0p05__wd1e-04trmiss0_degmodglobal,22,0.5695006336484637,0.6833447217941284,0.5555555555555556,0.7691188441188441,0.42857142857142855,0.0,0.5498740928513663,0.5419343795095172,0.07643590761082512,0.1691457756928035,0.0,0.0,0.0,0.0,0.0,18473,global,0.0
2,1,lr1e-04_bs8_drop0p4_temp1p0_a0p25_b0p05__wd1e-04trmiss0_degmodglobal,8,0.0001,0.0001,0.4,1.0,0.25,0.05,lr1e-04_bs8_drop0p4_temp1p0_a0p25_b0p05__wd1e-04trmiss0_degmodglobal,23,0.5333190900938851,0.6758930385112762,0.5555555555555556,0.7691188441188441,0.42857142857142855,0.0,0.5640513215746198,0.5098471173218319,0.05692270025610924,0.18482582164662226,0.0,0.0,0.0,0.0,0.0,18473,global,0.0
2,1,lr1e-04_bs8_drop0p4_temp1p0_a0p25_b0p05__wd1e-04trmiss0_degmodglobal,8,0.0001,0.0001,0.4,1.0,0.25,0.05,lr1e-04_bs8_drop0p4_temp1p0_a0p25_b0p05__wd1e-04trmiss0_degmodglobal,24,0.5550033109528678,0.6768267750740051,0.5555555555555556,0.7691188441188441,0.35714285714285715,0.0,0.5637057806764331,0.5304153987339565,0.07118152135184833,0.1358507690685136,0.0,0.0,0.0,0.0,0.0,18473,global,0.0
2,1,lr1e-04_bs8_drop0p4_temp1p0_a0p25_b0p05__wd1e-04trmiss0_degmodglobal,8,0.0001,0.0001,0.4,1.0,0.25,0.05,lr1e-04_bs8_drop0p4_temp1p0_a0p25_b0p05__wd1e-04trmiss0_degmodglobal,25,0.5487206876277924,0.6914514303207397,0.5111111111111111,0.7546407296407298,0.42857142857142855,0.0,0.5428053055490766,0.516461295740945,0.08741847425699234,0.2080955824681691,0.0,0.0,0.0,0.0,0.0,18473,global,0.0
2,1,lr1e-04_bs8_drop0p4_temp1p0_a0p25_b0p05__wd1e-04trmiss0_degmodglobal,8,0.0001,0.0001,0.4,1.0,0.25,0.05,lr1e-04_bs8_drop0p4_temp1p0_a0p25_b0p05__wd1e-04trmiss0_degmodglobal,26,0.5467856781823295,0.6961690187454224,0.5111111111111111,0.7546407296407298,0.35714285714285715,0.0,0.5639107738222394,0.5164183676242828,0.08213422819972038,0.1966751835175923,0.0,0.0,0.0,0.0,0.0,18473,global,0.0
2,1,lr1e-04_bs8_drop0p4_temp1p0_a0p25_b0p05__wd1e-04trmiss0_degmodglobal,8,0.0001,0.0001,0.4,1.0,0.25,0.05,lr1e-04_bs8_drop0p4_temp1p0_a0p25_b0p05__wd1e-04trmiss0_degmodglobal,27,0.5459536399160113,0.6821464002132416,0.5333333333333333,0.7620481370481371,0.42857142857142855,0.0,0.538077997309821,0.5200009686606271,0.07764487394264766,0.13082882868392126,0.0,0.0,0.0,0.0,0.0,18473,global,0.0
2,1,lr1e-04_bs8_drop0p4_temp1p0_a0p25_b0p05__wd1e-04trmiss0_degmodglobal,8,0.0001,0.0001,0.4,1.0,0.25,0.05,lr1e-04_bs8_drop0p4_temp1p0_a0p25_b0p05__wd1e-04trmiss0_degmodglobal,28,0.5345995809350695,0.672435075044632,0.5777777777777777,0.7758528508528508,0.42857142857142855,0.0,0.5273513879094806,0.5142032418932233,0.06191694576825414,0.09834193730992931,0.0,0.0,0.0,0.0,0.0,18473,global,0.0
2,1,lr1e-04_bs8_drop0p4_temp1p0_a0p25_b0p05__wd1e-04trmiss0_degmodglobal,8,0.0001,0.0001,0.4,1.0,0.25,0.05,lr1e-04_bs8_drop0p4_temp1p0_a0p25_b0p05__wd1e-04trmiss0_degmodglobal,29,0.5388369985989162,0.6757727563381195,0.5555555555555556,0.7480750730750731,0.42857142857142855,0.0,0.5533239160265241,0.5098185837268829,0.08352821692824364,0.1627270451613835,0.0,0.0,0.0,0.0,0.0,18473,global,0.0
2,1,lr1e-04_bs8_drop0p4_temp1p0_a0p25_b0p05__wd1e-04trmiss0_degmodglobal,8,0.0001,0.0001,0.4,1.0,0.25,0.05,lr1e-04_bs8_drop0p4_temp1p0_a0p25_b0p05__wd1e-04trmiss0_degmodglobal,30,0.5594418687479836,0.66979119181633,0.6,0.7685777185777187,0.42857142857142855,0.0,0.5478400928633553,0.5326334067753383,0.08012777513691358,0.13553056440183095,0.0,0.0,0.0,0.0,0.0,18473,global,0.0
2,1,lr1e-04_bs8_drop0p4_temp1p0_a0p25_b0p05__wd1e-04trmiss0_degmodglobal,8,0.0001,0.0001,0.4,1.0,0.25,0.05,lr1e-04_bs8_drop0p4_temp1p0_a0p25_b0p05__wd1e-04trmiss0_degmodglobal,31,0.5278392476694924,0.6707534790039062,0.5555555555555556,0.7480750730750731,0.42857142857142855,0.0,0.5407806634902954,0.5065357301916394,0.06033025788409369,0.12441892389740263,0.0,0.0,0.0,0.0,0.0,18473,global,0.0
2,1,lr1e-04_bs8_drop0p4_temp1p0_a0p25_b0p05__wd1e-04trmiss0_degmodglobal,8,0.0001,0.0001,0.4,1.0,0.25,0.05,lr1e-04_bs8_drop0p4_temp1p0_a0p25_b0p05__wd1e-04trmiss0_degmodglobal,32,0.5616968188967023,0.6712175011634827,0.5555555555555556,0.7480750730750731,0.42857142857142855,0.0,0.5689444669655391,0.5344257439885821,0.07321463791387421,0.17934821865388326,0.0,0.0,0.0,0.0,0.0,18473,global,0.0
2,1,lr1e-04_bs8_drop0p4_temp1p0_a0p25_b0p05__wd1e-04trmiss0_degmodglobal,8,0.0001,0.0001,0.4,1.0,0.25,0.05,lr1e-04_bs8_drop0p4_temp1p0_a0p25_b0p05__wd1e-04trmiss0_degmodglobal,33,0.5594130669321332,0.673002153635025,0.6,0.7427079093745761,0.42857142857142855,0.0,0.5631394812038967,0.5308832355907985,0.08168572719608035,0.16216789186000824,0.0,0.0,0.0,0.0,0.0,18473,global,0.0
2,1,lr1e-04_bs8_drop0p4_temp1p0_a0p25_b0p05__wd1e-04trmiss0_degmodglobal,8,0.0001,0.0001,0.4,1.0,0.25,0.05,lr1e-04_bs8_drop0p4_temp1p0_a0p25_b0p05__wd1e-04trmiss0_degmodglobal,34,0.5350482165813446,0.671723484992981,0.6222222222222222,0.7494419161085828,0.42857142857142855,0.0,0.5478910718645368,0.5103382085050855,0.06672961584159307,0.16055226964609964,0.0,0.0,0.0,0.0,0.0,18473,global,0.0
2,1,lr1e-04_bs8_drop0p4_temp2p0_a0p25_b0p05__wd1e-04trmiss0_degmodglobal,8,0.0001,0.0001,0.4,2.0,0.25,0.05,lr1e-04_bs8_drop0p4_temp2p0_a0p25_b0p05__wd1e-04trmiss0_degmodglobal,1,0.7235875725746155,0.6756719350814819,0.6222222222222222,0.7928451178451179,0.5,0.0,0.669843179838998,0.7036452974591937,0.05064747588975089,0.14560801535844803,0.0,0.0,0.0,0.0,0.0,18473,global,0.0
2,1,lr1e-04_bs8_drop0p4_temp2p0_a0p25_b0p05__wd1e-04trmiss0_degmodglobal,8,0.0001,0.0001,0.4,2.0,0.25,0.05,lr1e-04_bs8_drop0p4_temp2p0_a0p25_b0p05__wd1e-04trmiss0_degmodglobal,2,0.7019984892436436,0.6728634238243103,0.6222222222222222,0.7928451178451179,0.5,0.0,0.6355480466570173,0.6834097078868321,0.04346684260027749,0.15444127204162733,0.0,0.0,0.0,0.0,0.0,18473,global,0.0
2,1,lr1e-04_bs8_drop0p4_temp2p0_a0p25_b0p05__wd1e-04trmiss0_degmodglobal,8,0.0001,0.0001,0.4,2.0,0.25,0.05,lr1e-04_bs8_drop0p4_temp2p0_a0p25_b0p05__wd1e-04trmiss0_degmodglobal,3,0.6691159350531442,0.672633707523346,0.6222222222222222,0.7798821548821551,0.5,0.0,0.6453315700803485,0.6513934305735997,0.04333350993692875,0.1377828727875437,0.0,0.0,0.0,0.0,0.0,18473,global,0.0
2,1,lr1e-04_bs8_drop0p4_temp2p0_a0p25_b0p05__wd1e-04trmiss0_degmodglobal,8,0.0001,0.0001,0.4,2.0,0.25,0.05,lr1e-04_bs8_drop0p4_temp2p0_a0p25_b0p05__wd1e-04trmiss0_degmodglobal,4,0.649244487285614,0.6716396510601044,0.6888888888888889,0.83980278980279,0.5,0.0,0.6196990183421544,0.6289705123220172,0.05019481826041426,0.1545055764062064,0.0,0.0,0.0,0.0,0.0,18473,global,0.0
2,1,lr1e-04_bs8_drop0p4_temp2p0_a0p25_b0p05__wd1e-04trmiss0_degmodglobal,8,0.0001,0.0001,0.4,2.0,0.25,0.05,lr1e-04_bs8_drop0p4_temp2p0_a0p25_b0p05__wd1e-04trmiss0_degmodglobal,5,0.6534260000501361,0.6821075677871704,0.6444444444444445,0.78980278980279,0.5714285714285714,0.0,0.6110139063426426,0.6333047832761493,0.0485701071364539,0.15957398074013845,0.0,0.0,0.0,0.0,0.0,18473,global,0.0
2,1,lr1e-04_bs8_drop0p4_temp2p0_a0p25_b0p05__wd1e-04trmiss0_degmodglobal,8,0.0001,0.0001,0.4,2.0,0.25,0.05,lr1e-04_bs8_drop0p4_temp2p0_a0p25_b0p05__wd1e-04trmiss0_degmodglobal,6,0.6539377570152283,0.6795035600662231,0.6222222222222222,0.7527657527657527,0.5,0.0,0.6000501258032662,0.6357799512999398,0.04598416494471686,0.13323532044887543,0.0,0.0,0.0,0.0,0.0,18473,global,0.0
2,1,lr1e-04_bs8_drop0p4_temp2p0_a0p25_b0p05__wd1e-04trmiss0_degmodglobal,8,0.0001,0.0001,0.4,2.0,0.25,0.05,lr1e-04_bs8_drop0p4_temp2p0_a0p25_b0p05__wd1e-04trmiss0_degmodglobal,7,0.6496964267321995,0.6791729927062988,0.6222222222222222,0.7527657527657527,0.5,0.0,0.5662249071257455,0.6235900095530919,0.062024234394942014,0.2120070287159511,0.0,0.0,0.0,0.0,0.0,18473,global,0.0
2,1,lr1e-04_bs8_drop0p4_temp2p0_a0p25_b0p05__wd1e-04trmiss0_degmodglobal,8,0.0001,0.0001,0.4,2.0,0.25,0.05,lr1e-04_bs8_drop0p4_temp2p0_a0p25_b0p05__wd1e-04trmiss0_degmodglobal,8,0.6315653068678719,0.6801309287548065,0.6,0.7650673400673402,0.5,0.0,0.5926646164485386,0.6066856554576329,0.06612388204251017,0.16697359936577932,0.0,0.0,0.0,0.0,0.0,18473,global,0.0
2,1,lr1e-04_bs8_drop0p4_temp2p0_a0p25_b0p05__wd1e-04trmiss0_degmodglobal,8,0.0001,0.0001,0.4,2.0,0.25,0.05,lr1e-04_bs8_drop0p4_temp2p0_a0p25_b0p05__wd1e-04trmiss0_degmodglobal,9,0.6178550464766366,0.6774017810821533,0.6,0.7650673400673402,0.5,0.0,0.55910895551954,0.5823747685977391,0.0967253888291972,0.22597846814564296,0.0,0.0,0.0,0.0,0.0,18473,global,0.0
2,1,lr1e-04_bs8_drop0p4_temp2p0_a0p25_b0p05__wd1e-04trmiss0_degmodglobal,8,0.0001,0.0001,0.4,2.0,0.25,0.05,lr1e-04_bs8_drop0p4_temp2p0_a0p25_b0p05__wd1e-04trmiss0_degmodglobal,10,0.6322501472064427,0.6950384974479675,0.5333333333333333,0.711038036038036,0.42857142857142855,0.0,0.5634492209979466,0.5986917955534798,0.08587098919919559,0.24181212059089116,0.0,0.0,0.0,0.0,0.0,18473,global,0.0
2,1,lr1e-04_bs8_drop0p4_temp2p0_a0p25_b0p05__wd1e-04trmiss0_degmodglobal,8,0.0001,0.0001,0.4,2.0,0.25,0.05,lr1e-04_bs8_drop0p4_temp2p0_a0p25_b0p05__wd1e-04trmiss0_degmodglobal,11,0.6304512279374259,0.7076445519924164,0.4444444444444444,0.6342703592703594,0.35714285714285715,0.0,0.6083257028034755,0.5791416338511876,0.12791996129921504,0.3865921603781836,0.0,0.0,0.0,0.0,0.0,18473,global,0.0
2,1,lr1e-04_bs8_drop0p4_temp2p0_a0p25_b0p05__wd1e-04trmiss0_degmodglobal,8,0.0001,0.0001,0.4,2.0,0.25,0.05,lr1e-04_bs8_drop0p4_temp2p0_a0p25_b0p05__wd1e-04trmiss0_degmodglobal,12,0.6333167382649013,0.71428382396698,0.42222222222222217,0.6265543098876432,0.42857142857142855,0.0,0.5774415305682591,0.6048778295516968,0.07993890557970319,0.16908390394278935,0.0,0.0,0.0,0.0,0.0,18473,global,0.0
2,1,lr1e-04_bs8_drop0p4_temp2p0_a0p25_b0p05__wd1e-04trmiss0_degmodglobal,8,0.0001,0.0001,0.4,2.0,0.25,0.05,lr1e-04_bs8_drop0p4_temp2p0_a0p25_b0p05__wd1e-04trmiss0_degmodglobal,13,0.6392525945390973,0.7140165567398071,0.42222222222222217,0.6265543098876432,0.42857142857142855,0.0,0.5872591819081988,0.5960263439587185,0.10924748544182096,0.3182879707642964,0.0,0.0,0.0,0.0,0.0,18473,global,0.0
2,1,lr1e-04_bs8_drop0p4_temp2p0_a0p25_b0p05__wd1e-04trmiss0_degmodglobal,8,0.0001,0.0001,0.4,2.0,0.25,0.05,lr1e-04_bs8_drop0p4_temp2p0_a0p25_b0p05__wd1e-04trmiss0_degmodglobal,14,0.6237699474607196,0.7062082588672638,0.4444444444444444,0.6821098654431987,0.35714285714285715,0.0,0.5621670441968101,0.5814299881458282,0.11118934622832707,0.29085248495851246,0.0,0.0,0.0,0.0,0.0,18473,global,0.0
2,1,lr1e-04_bs8_drop0p4_temp2p0_a0p25_b0p05__wd1e-04trmiss0_degmodglobal,8,0.0001,0.0001,0.4,2.0,0.25,0.05,lr1e-04_bs8_drop0p4_temp2p0_a0p25_b0p05__wd1e-04trmiss0_degmodglobal,15,0.6296588523047311,0.7006226480007172,0.42222222222222217,0.6741733575066908,0.35714285714285715,0.0,0.606122008391789,0.5953138300350734,0.08336561705384936,0.2700724814619337,0.0,0.0,0.0,0.0,0.0,18473,global,0.0
2,1,lr1e-04_bs8_drop0p4_temp2p0_a0p25_b0p05__wd1e-04trmiss0_degmodglobal,8,0.0001,0.0001,0.4,2.0,0.25,0.05,lr1e-04_bs8_drop0p4_temp2p0_a0p25_b0p05__wd1e-04trmiss0_degmodglobal,16,0.6144709501947675,0.6969637870788574,0.4444444444444444,0.6821098654431987,0.35714285714285715,0.0,0.5778880970818656,0.5806761043412345,0.09465290712458747,0.2026325219443866,0.0,0.0,0.0,0.0,0.0,18473,global,0.0
2,1,lr1e-04_bs8_drop0p4_temp2p0_a0p25_b0p05__wd1e-04trmiss0_degmodglobal,8,0.0001,0.0001,0.4,2.0,0.25,0.05,lr1e-04_bs8_drop0p4_temp2p0_a0p25_b0p05__wd1e-04trmiss0_degmodglobal,17,0.5962350794247219,0.6858446896076202,0.4666666666666667,0.6926918760252094,0.35714285714285715,0.0,0.5636330417224339,0.5674102476664952,0.08048846891948155,0.17405458859034947,0.0,0.0,0.0,0.0,0.0,18473,global,0.0
2,1,lr1e-04_bs8_drop0p4_temp2p0_a0p25_b0p05__wd1e-04trmiss0_degmodglobal,8,0.0001,0.0001,0.4,2.0,0.25,0.05,lr1e-04_bs8_drop0p4_temp2p0_a0p25_b0p05__wd1e-04trmiss0_degmodglobal,18,0.6191231778689793,0.6817353665828705,0.4888888888888889,0.7297289130622464,0.35714285714285715,0.0,0.5546042195388249,0.5868672047342572,0.08373996508972985,0.22641944246632711,0.0,0.0,0.0,0.0,0.0,18473,global,0.0
2,1,lr1e-04_bs8_drop0p4_temp2p0_a0p25_b0p05__wd1e-04trmiss0_degmodglobal,8,0.0001,0.0001,0.4,2.0,0.25,0.05,lr1e-04_bs8_drop0p4_temp2p0_a0p25_b0p05__wd1e-04trmiss0_degmodglobal,19,0.6208584564072746,0.6878785789012909,0.42222222222222217,0.6741733575066908,0.35714285714285715,0.0,0.5582883656024933,0.5808775084359306,0.0997140184044838,0.3010488344090326,0.0,0.0,0.0,0.0,0.0,18473,global,0.0
2,1,lr1e-04_bs8_drop0p4_temp2p0_a0p25_b0p05__wd1e-04trmiss0_degmodglobal,8,0.0001,0.0001,0.4,2.0,0.25,0.05,lr1e-04_bs8_drop0p4_temp2p0_a0p25_b0p05__wd1e-04trmiss0_degmodglobal,20,0.6268415110451835,0.6989568471908569,0.42222222222222217,0.6741733575066908,0.35714285714285715,0.0,0.551228757415499,0.596241865839277,0.08273458055087499,0.19832010780061995,0.0,0.0,0.0,0.0,0.0,18473,global,0.0
2,1,lr1e-04_bs8_drop0p4_temp2p0_a0p25_b0p05__wd1e-04trmiss0_degmodglobal,8,0.0001,0.0001,0.4,2.0,0.25,0.05,lr1e-04_bs8_drop0p4_temp2p0_a0p25_b0p05__wd1e-04trmiss0_degmodglobal,21,0.5869746123041425,0.6962537467479706,0.4444444444444444,0.6821098654431987,0.35714285714285715,0.0,0.5434128727231707,0.5603418690817696,0.0739837656063693,0.16273594434772218,0.0,0.0,0.0,0.0,0.0,18473,global,0.0
2,1,lr1e-04_bs8_drop0p4_temp2p0_a0p25_b0p05__wd1e-04trmiss0_degmodglobal,8,0.0001,0.0001,0.4,2.0,0.25,0.05,lr1e-04_bs8_drop0p4_temp2p0_a0p25_b0p05__wd1e-04trmiss0_degmodglobal,22,0.6082918984549386,0.6927364468574524,0.4444444444444444,0.6821098654431987,0.35714285714285715,0.0,0.5596244803496769,0.5852937868663243,0.06620687060058117,0.12892793917230197,0.0,0.0,0.0,0.0,0.0,18473,global,0.0
2,1,lr1e-04_bs8_drop0p4_temp2p0_a0p25_b0p05__wd1e-04trmiss0_degmodglobal,8,0.0001,0.0001,0.4,2.0,0.25,0.05,lr1e-04_bs8_drop0p4_temp2p0_a0p25_b0p05__wd1e-04trmiss0_degmodglobal,23,0.5838525210108075,0.6940049827098846,0.4444444444444444,0.6821098654431987,0.35714285714285715,0.0,0.5458416938781738,0.5551586662020002,0.07927368794168745,0.17750849947333336,0.0,0.0,0.0,0.0,0.0,18473,global,0.0
2,1,lr1e-04_bs8_drop0p4_temp2p0_a0p25_b0p05__wd1e-04trmiss0_degmodglobal,8,0.0001,0.0001,0.4,2.0,0.25,0.05,lr1e-04_bs8_drop0p4_temp2p0_a0p25_b0p05__wd1e-04trmiss0_degmodglobal,24,0.5919217978204999,0.683087021112442,0.4444444444444444,0.6821098654431987,0.42857142857142855,0.0,0.5377834694726127,0.5637033496584211,0.07449372644935336,0.19190060240881784,0.0,0.0,0.0,0.0,0.0,18473,global,0.0
2,1,lr1e-04_bs8_drop0p4_temp2p0_a0p25_b0p05__wd1e-04trmiss0_degmodglobal,8,0.0001,0.0001,0.4,2.0,0.25,0.05,lr1e-04_bs8_drop0p4_temp2p0_a0p25_b0p05__wd1e-04trmiss0_degmodglobal,25,0.6221221940858024,0.6782262027263641,0.4888888888888889,0.7297289130622464,0.42857142857142855,0.0,0.542573481798172,0.5848694145679474,0.09836308684732233,0.25324035968099323,0.0,0.0,0.0,0.0,0.0,18473,global,0.0
2,1,lr5e-05_bs8_drop0p2_temp1p0_a0p25_b0p05__wd1e-04trmiss0_degmodglobal,8,5e-05,0.0001,0.2,1.0,0.25,0.05,lr5e-05_bs8_drop0p2_temp1p0_a0p25_b0p05__wd1e-04trmiss0_degmodglobal,1,0.7179735217775617,0.6962661147117615,0.42222222222222217,0.6336598586598587,0.5,0.0,0.702191778591701,0.7054447361401149,0.03485686917390142,0.07629136820988995,0.0,0.0,0.0,0.0,0.0,18473,global,0.0
2,1,lr5e-05_bs8_drop0p2_temp1p0_a0p25_b0p05__wd1e-04trmiss0_degmodglobal,8,5e-05,0.0001,0.2,1.0,0.25,0.05,lr5e-05_bs8_drop0p2_temp1p0_a0p25_b0p05__wd1e-04trmiss0_degmodglobal,2,0.6845731139183044,0.6936556994915009,0.39999999999999997,0.6316276316276317,0.5,0.0,0.6633696726390294,0.6680050662585667,0.045613209051745277,0.10329479298421315,0.0,0.0,0.0,0.0,0.0,18473,global,0.0
2,1,lr5e-05_bs8_drop0p2_temp1p0_a0p25_b0p05__wd1e-04trmiss0_degmodglobal,8,5e-05,0.0001,0.2,1.0,0.25,0.05,lr5e-05_bs8_drop0p2_temp1p0_a0p25_b0p05__wd1e-04trmiss0_degmodglobal,3,0.6827688302312579,0.6851344108581543,0.4222222222222222,0.6871831871831873,0.5714285714285714,0.0,0.652608403137752,0.668076923915318,0.04229095631412098,0.0823833490056651,0.0,0.0,0.0,0.0,0.0,18473,global,0.0
2,1,lr5e-05_bs8_drop0p2_temp1p0_a0p25_b0p05__wd1e-04trmiss0_degmodglobal,8,5e-05,0.0001,0.2,1.0,0.25,0.05,lr5e-05_bs8_drop0p2_temp1p0_a0p25_b0p05__wd1e-04trmiss0_degmodglobal,4,0.6756941250392369,0.6837247312068939,0.39999999999999997,0.6316276316276317,0.5714285714285714,0.0,0.641559864793505,0.6584610683577401,0.0524435280156987,0.08244340494275093,0.0,0.0,0.0,0.0,0.0,18473,global,0.0
2,1,lr5e-05_bs8_drop0p2_temp1p0_a0p25_b0p05__wd1e-04trmiss0_degmodglobal,8,5e-05,0.0001,0.2,1.0,0.25,0.05,lr5e-05_bs8_drop0p2_temp1p0_a0p25_b0p05__wd1e-04trmiss0_degmodglobal,5,0.6780713370868138,0.6857839524745941,0.4666666666666666,0.6543549043549044,0.5714285714285714,0.0,0.6463591371263776,0.6625725286347526,0.0446003188512155,0.08697439676948956,0.0,0.0,0.0,0.0,0.0,18473,global,0.0
2,1,lr5e-05_bs8_drop0p2_temp1p0_a0p25_b0p05__wd1e-04trmiss0_degmodglobal,8,5e-05,0.0001,0.2,1.0,0.25,0.05,lr5e-05_bs8_drop0p2_temp1p0_a0p25_b0p05__wd1e-04trmiss0_degmodglobal,6,0.6659599627767291,0.6823866665363312,0.4666666666666666,0.6543549043549044,0.6428571428571429,0.0,0.5880415695054191,0.6427000164985657,0.06402280713830676,0.14508478769234248,0.0,0.0,0.0,0.0,0.0,18473,global,0.0
2,1,lr5e-05_bs8_drop0p2_temp1p0_a0p25_b0p05__wd1e-04trmiss0_degmodglobal,8,5e-05,0.0001,0.2,1.0,0.25,0.05,lr5e-05_bs8_drop0p2_temp1p0_a0p25_b0p05__wd1e-04trmiss0_degmodglobal,7,0.6643790858132499,0.6838562190532684,0.4888888888888888,0.6602471602471602,0.5714285714285714,0.0,0.6150149703025818,0.6492540495736259,0.0426335550312485,0.08933299673455102,0.0,0.0,0.0,0.0,0.0,18473,global,0.0
2,1,lr5e-05_bs8_drop0p2_temp1p0_a0p25_b0p05__wd1e-04trmiss0_degmodglobal,8,5e-05,0.0001,0.2,1.0,0.25,0.05,lr5e-05_bs8_drop0p2_temp1p0_a0p25_b0p05__wd1e-04trmiss0_degmodglobal,8,0.6334729024342128,0.6858971118927002,0.5111111111111111,0.6673178673178674,0.5714285714285714,0.0,0.5880984323365348,0.6170715093612671,0.04515124910644123,0.10227144403117043,0.0,0.0,0.0,0.0,0.0,18473,global,0.0
2,1,lr5e-05_bs8_drop0p2_temp1p0_a0p25_b0p05__wd1e-04trmiss0_degmodglobal,8,5e-05,0.0001,0.2,1.0,0.25,0.05,lr5e-05_bs8_drop0p2_temp1p0_a0p25_b0p05__wd1e-04trmiss0_degmodglobal,9,0.6464917234012059,0.6902155876159668,0.4888888888888889,0.6506512006512006,0.6428571428571429,0.0,0.5902775866644723,0.6286118882043021,0.04778820143214294,0.11865561774798802,0.0,0.0,0.0,0.0,0.0,18473,global,0.0
2,1,lr5e-05_bs8_drop0p2_temp1p0_a0p25_b0p05__wd1e-04trmiss0_degmodglobal,8,5e-05,0.0001,0.2,1.0,0.25,0.05,lr5e-05_bs8_drop0p2_temp1p0_a0p25_b0p05__wd1e-04trmiss0_degmodglobal,10,0.6370200089045933,0.6922802031040192,0.4666666666666667,0.6413919413919414,0.5714285714285714,0.0,0.5560791918209621,0.611847494329725,0.06962179126484054,0.15534127237541334,0.0,0.0,0.0,0.0,0.0,18473,global,0.0
2,1,lr5e-05_bs8_drop0p2_temp1p0_a0p25_b0p05__wd1e-04trmiss0_degmodglobal,8,5e-05,0.0001,0.2,1.0,0.25,0.05,lr5e-05_bs8_drop0p2_temp1p0_a0p25_b0p05__wd1e-04trmiss0_degmodglobal,11,0.6454078810555595,0.6925037205219269,0.4444444444444444,0.6343212343212343,0.5,0.0,0.5379450193473271,0.6157943776675633,0.07959589308926038,0.19429053579057967,0.0,0.0,0.0,0.0,0.0,18473,global,0.0
2,1,lr5e-05_bs8_drop0p2_temp1p0_a0p25_b0p05__wd1e-04trmiss0_degmodglobal,8,5e-05,0.0001,0.2,1.0,0.25,0.05,lr5e-05_bs8_drop0p2_temp1p0_a0p25_b0p05__wd1e-04trmiss0_degmodglobal,12,0.6222269790513175,0.6882204711437225,0.4666666666666667,0.6413919413919414,0.5,0.0,0.5625819265842438,0.6062422139304025,0.04574999638966152,0.09094556421041489,0.0,0.0,0.0,0.0,0.0,18473,global,0.0
2,1,lr5e-05_bs8_drop0p2_temp1p0_a0p25_b0p05__wd1e-04trmiss0_degmodglobal,8,5e-05,0.0001,0.2,1.0,0.25,0.05,lr5e-05_bs8_drop0p2_temp1p0_a0p25_b0p05__wd1e-04trmiss0_degmodglobal,13,0.6125620007514954,0.6904142498970032,0.4444444444444444,0.6314713064713066,0.5714285714285714,0.0,0.5447422989777156,0.5909403307097298,0.06014573307973998,0.13170472106763295,0.0,0.0,0.0,0.0,0.0,18473,global,0.0
2,1,lr5e-05_bs8_drop0p2_temp1p0_a0p25_b0p05__wd1e-04trmiss0_degmodglobal,8,5e-05,0.0001,0.2,1.0,0.25,0.05,lr5e-05_bs8_drop0p2_temp1p0_a0p25_b0p05__wd1e-04trmiss0_degmodglobal,14,0.6169512016432626,0.694625049829483,0.37777777777777777,0.6079263329263329,0.5714285714285714,0.0,0.5302456489631108,0.5870320541518075,0.07952863589993545,0.20073964606438363,0.0,0.0,0.0,0.0,0.0,18473,global,0.0
2,1,lr5e-05_bs8_drop0p2_temp1p0_a0p25_b0p05__wd1e-04trmiss0_degmodglobal,8,5e-05,0.0001,0.2,1.0,0.25,0.05,lr5e-05_bs8_drop0p2_temp1p0_a0p25_b0p05__wd1e-04trmiss0_degmodglobal,15,0.6085978746414185,0.694857656955719,0.4,0.6138185888185888,0.5714285714285714,0.0,0.5227220015866416,0.5866286669458661,0.0589505492576531,0.14463135706526892,0.0,0.0,0.0,0.0,0.0,18473,global,0.0
2,1,lr5e-05_bs8_drop0p2_temp1p0_a0p25_b0p05__wd1e-04trmiss0_degmodglobal,8,5e-05,0.0001,0.2,1.0,0.25,0.05,lr5e-05_bs8_drop0p2_temp1p0_a0p25_b0p05__wd1e-04trmiss0_degmodglobal,16,0.6134957586015973,0.6870506107807159,0.5111111111111111,0.6538239538239539,0.5,0.0,0.5122386472565787,0.5836817877633231,0.08393862577421325,0.17658620647021703,0.0,0.0,0.0,0.0,0.0,18473,global,0.0
2,1,lr5e-05_bs8_drop0p2_temp1p0_a0p25_b0p05__wd1e-04trmiss0_degmodglobal,8,5e-05,0.0001,0.2,1.0,0.25,0.05,lr5e-05_bs8_drop0p2_temp1p0_a0p25_b0p05__wd1e-04trmiss0_degmodglobal,17,0.6229189464024135,0.6904999613761902,0.5111111111111111,0.6538239538239539,0.5,0.0,0.5223542749881744,0.5942908695765904,0.07751216899071421,0.18500088740672385,0.0,0.0,0.0,0.0,0.0,18473,global,0.0
2,1,lr5e-05_bs8_drop0p2_temp1p0_a0p25_b0p05__wd1e-04trmiss0_degmodglobal,8,5e-05,0.0001,0.2,1.0,0.25,0.05,lr5e-05_bs8_drop0p2_temp1p0_a0p25_b0p05__wd1e-04trmiss0_degmodglobal,18,0.6199385098048619,0.6884920001029968,0.5111111111111111,0.6538239538239539,0.5,0.0,0.540414001260485,0.5880209292684283,0.08903516296829496,0.1931757586342948,0.0,0.0,0.0,0.0,0.0,18473,global,0.0
2,1,lr5e-05_bs8_drop0p2_temp1p0_a0p25_b0p05__wd1e-04trmiss0_degmodglobal,8,5e-05,0.0001,0.2,1.0,0.25,0.05,lr5e-05_bs8_drop0p2_temp1p0_a0p25_b0p05__wd1e-04trmiss0_degmodglobal,19,0.6165299756186349,0.6890611946582794,0.5111111111111111,0.6605699855699856,0.5,0.0,0.538079308612006,0.5892372897693089,0.07596844754048757,0.1660114127610411,0.0,0.0,0.0,0.0,0.0,18473,global,0.0
2,1,lr5e-05_bs8_drop0p2_temp1p0_a0p25_b0p05__wd1e-04trmiss0_degmodglobal,8,5e-05,0.0001,0.2,1.0,0.25,0.05,lr5e-05_bs8_drop0p2_temp1p0_a0p25_b0p05__wd1e-04trmiss0_degmodglobal,20,0.6398121118545532,0.6896386444568634,0.4444444444444444,0.6265873015873016,0.5,0.0,0.5358900683266776,0.609869761126382,0.07861755309360367,0.20575918682983943,0.0,0.0,0.0,0.0,0.0,18473,global,0.0
2,1,lr5e-05_bs8_drop0p2_temp1p0_a0p25_b0p05__wd1e-04trmiss0_degmodglobal,8,5e-05,0.0001,0.2,1.0,0.25,0.05,lr5e-05_bs8_drop0p2_temp1p0_a0p25_b0p05__wd1e-04trmiss0_degmodglobal,21,0.6087506839207241,0.6872517466545105,0.4666666666666666,0.6481379731379732,0.5714285714285714,0.0,0.5061180549008506,0.5750499878610883,0.09055016615561076,0.221262911600726,0.0,0.0,0.0,0.0,0.0,18473,global,0.0
2,1,lr5e-05_bs8_drop0p2_temp1p0_a0p25_b0p05__wd1e-04trmiss0_degmodglobal,8,5e-05,0.0001,0.2,1.0,0.25,0.05,lr5e-05_bs8_drop0p2_temp1p0_a0p25_b0p05__wd1e-04trmiss0_degmodglobal,22,0.6337830935205732,0.6853618323802948,0.4666666666666667,0.6371693121693122,0.5714285714285714,0.0,0.518074665750776,0.6016609157834735,0.08376283092158181,0.22362947357552393,0.0,0.0,0.0,0.0,0.0,18473,global,0.0
2,1,lr5e-05_bs8_drop0p2_temp1p0_a0p25_b0p05__wd1e-04trmiss0_degmodglobal,8,5e-05,0.0001,0.2,1.0,0.25,0.05,lr5e-05_bs8_drop0p2_temp1p0_a0p25_b0p05__wd1e-04trmiss0_degmodglobal,23,0.6021614415305001,0.6894650757312775,0.4666666666666667,0.6371693121693122,0.5,0.0,0.5007564766066415,0.5712384837014335,0.084627451641219,0.195322185754776,0.0,0.0,0.0,0.0,0.0,18473,global,0.0
2,1,lr5e-05_bs8_drop0p2_temp1p0_a0p25_b0p05__wd1e-04trmiss0_degmodglobal,8,5e-05,0.0001,0.2,1.0,0.25,0.05,lr5e-05_bs8_drop0p2_temp1p0_a0p25_b0p05__wd1e-04trmiss0_degmodglobal,24,0.6095592975616455,0.6884462833404541,0.4888888888888889,0.643903318903319,0.5,0.0,0.49660788263593403,0.5719229919569833,0.09879830798932485,0.25873475841113497,0.0,0.0,0.0,0.0,0.0,18473,global,0.0
2,1,lr5e-05_bs8_drop0p2_temp1p0_a0p25_b0p05__wd1e-04trmiss0_degmodglobal,8,5e-05,0.0001,0.2,1.0,0.25,0.05,lr5e-05_bs8_drop0p2_temp1p0_a0p25_b0p05__wd1e-04trmiss0_degmodglobal,25,0.5999924625669207,0.6920041739940643,0.4666666666666667,0.6371693121693122,0.5,0.0,0.5025251422609601,0.574981825692313,0.07099242774503571,0.14525074086018971,0.0,0.0,0.0,0.0,0.0,18473,global,0.0
2,1,lr5e-05_bs8_drop0p2_temp1p0_a0p25_b0p05__wd1e-04trmiss0_degmodglobal,8,5e-05,0.0001,0.2,1.0,0.25,0.05,lr5e-05_bs8_drop0p2_temp1p0_a0p25_b0p05__wd1e-04trmiss0_degmodglobal,26,0.625909549849374,0.6918705105781555,0.4444444444444444,0.6265873015873016,0.5,0.0,0.4851578048297337,0.5827419842992511,0.1113249451986381,0.3067265919276646,0.0,0.0,0.0,0.0,0.0,18473,global,0.0
2,1,lr5e-05_bs8_drop0p2_temp1p0_a0p25_b0p05__wd1e-04trmiss0_degmodglobal,8,5e-05,0.0001,0.2,1.0,0.25,0.05,lr5e-05_bs8_drop0p2_temp1p0_a0p25_b0p05__wd1e-04trmiss0_degmodglobal,27,0.6041478599820819,0.6888614296913147,0.4444444444444444,0.6300986050986052,0.5,0.0,0.4841533601284027,0.5682611550603595,0.09480686379330498,0.24369975818055017,0.0,0.0,0.0,0.0,0.0,18473,global,0.0
2,1,lr5e-05_bs8_drop0p2_temp1p0_a0p25_b0p05__wd1e-04trmiss0_degmodglobal,8,5e-05,0.0001,0.2,1.0,0.25,0.05,lr5e-05_bs8_drop0p2_temp1p0_a0p25_b0p05__wd1e-04trmiss0_degmodglobal,28,0.6057274767330715,0.6876844465732574,0.46666666666666656,0.6856541606541606,0.5,0.0,0.4612677735941751,0.5653890371322632,0.10721304693392344,0.2707038181168692,0.0,0.0,0.0,0.0,0.0,18473,global,0.0
2,1,lr5e-05_bs8_drop0p2_temp2p0_a0p25_b0p05__wd1e-04trmiss0_degmodglobal,8,5e-05,0.0001,0.2,2.0,0.25,0.05,lr5e-05_bs8_drop0p2_temp2p0_a0p25_b0p05__wd1e-04trmiss0_degmodglobal,1,0.695166391985757,0.6357505321502686,0.5777777777777777,0.6651114317780985,0.7142857142857143,0.0,0.7626572506768363,0.6579694492476327,0.07175324484705925,0.38517272046634127,0.0,0.0,0.0,0.0,0.0,18473,global,0.0
2,1,lr5e-05_bs8_drop0p2_temp2p0_a0p25_b0p05__wd1e-04trmiss0_degmodglobal,8,5e-05,0.0001,0.2,2.0,0.25,0.05,lr5e-05_bs8_drop0p2_temp2p0_a0p25_b0p05__wd1e-04trmiss0_degmodglobal,2,0.6817100473812648,0.6369510889053345,0.5333333333333333,0.6472101972101973,0.7857142857142857,0.0,0.7312415838241577,0.639583306653159,0.08233950180666787,0.4308374098369053,0.0,0.0,0.0,0.0,0.0,18473,global,0.0
2,1,lr5e-05_bs8_drop0p2_temp2p0_a0p25_b0p05__wd1e-04trmiss0_degmodglobal,8,5e-05,0.0001,0.2,2.0,0.25,0.05,lr5e-05_bs8_drop0p2_temp2p0_a0p25_b0p05__wd1e-04trmiss0_degmodglobal,3,0.6499878423554557,0.6335447728633881,0.5333333333333333,0.6472101972101973,0.7857142857142857,0.0,0.7101884484291077,0.6116977163723537,0.07714754715561867,0.38006510053362164,0.0,0.0,0.0,0.0,0.0,18473,global,0.0
2,1,lr5e-05_bs8_drop0p2_temp2p0_a0p25_b0p05__wd1e-04trmiss0_degmodglobal,8,5e-05,0.0001,0.2,2.0,0.25,0.05,lr5e-05_bs8_drop0p2_temp2p0_a0p25_b0p05__wd1e-04trmiss0_degmodglobal,4,0.6504915697234017,0.6335302591323853,0.5555555555555556,0.7027657527657529,0.7857142857142857,0.0,0.6711921436446053,0.6153874226978847,0.07166551372834615,0.34375542615141186,0.0,0.0,0.0,0.0,0.0,18473,global,0.0
2,1,lr5e-05_bs8_drop0p2_temp2p0_a0p25_b0p05__wd1e-04trmiss0_degmodglobal,8,5e-05,0.0001,0.2,2.0,0.25,0.05,lr5e-05_bs8_drop0p2_temp2p0_a0p25_b0p05__wd1e-04trmiss0_degmodglobal,5,0.6044573017529079,0.6277777254581451,0.5333333333333333,0.6928451178451178,0.7857142857142857,0.0,0.6755154303142002,0.5678479543754033,0.07409739760415894,0.361699926001685,0.0,0.0,0.0,0.0,0.0,18473,global,0.0
2,1,lr5e-05_bs8_drop0p2_temp2p0_a0p25_b0p05__wd1e-04trmiss0_degmodglobal,8,5e-05,0.0001,0.2,2.0,0.25,0.05,lr5e-05_bs8_drop0p2_temp2p0_a0p25_b0p05__wd1e-04trmiss0_degmodglobal,6,0.58435948405947,0.6508334279060364,0.48888888888888893,0.7135632885632885,0.6428571428571429,0.0,0.6742279274123055,0.5455827372414725,0.07899496917213712,0.380559965968132,0.0,0.0,0.0,0.0,0.0,18473,global,0.0
2,1,lr5e-05_bs8_drop0p2_temp2p0_a0p25_b0p05__wd1e-04trmiss0_degmodglobal,8,5e-05,0.0001,0.2,2.0,0.25,0.05,lr5e-05_bs8_drop0p2_temp2p0_a0p25_b0p05__wd1e-04trmiss0_degmodglobal,7,0.607346943446568,0.6579899191856384,0.48888888888888893,0.7135632885632885,0.6428571428571429,0.0,0.6891284584999084,0.572991030556815,0.06835206864135605,0.3453580013343266,0.0,0.0,0.0,0.0,0.0,18473,global,0.0
2,1,lr5e-05_bs8_drop0p2_temp2p0_a0p25_b0p05__wd1e-04trmiss0_degmodglobal,8,5e-05,0.0001,0.2,2.0,0.25,0.05,lr5e-05_bs8_drop0p2_temp2p0_a0p25_b0p05__wd1e-04trmiss0_degmodglobal,8,0.5923378126961845,0.6503876745700836,0.48888888888888893,0.7135632885632885,0.5714285714285714,0.0,0.6323306773390088,0.5533251123768943,0.07681094110012054,0.39619931152888704,0.0,0.0,0.0,0.0,0.0,18473,global,0.0
2,1,lr5e-05_bs8_drop0p2_temp2p0_a0p25_b0p05__wd1e-04trmiss0_degmodglobal,8,5e-05,0.0001,0.2,2.0,0.25,0.05,lr5e-05_bs8_drop0p2_temp2p0_a0p25_b0p05__wd1e-04trmiss0_degmodglobal,9,0.5882685099329267,0.6492580771446228,0.5111111111111111,0.7246743996743998,0.6428571428571429,0.0,0.6459229418209621,0.5523163676261902,0.07128786189215523,0.3626033685037068,0.0,0.0,0.0,0.0,0.0,18473,global,0.0
2,1,lr5e-05_bs8_drop0p2_temp2p0_a0p25_b0p05__wd1e-04trmiss0_degmodglobal,8,5e-05,0.0001,0.2,2.0,0.25,0.05,lr5e-05_bs8_drop0p2_temp2p0_a0p25_b0p05__wd1e-04trmiss0_degmodglobal,10,0.5587573051452637,0.6424652636051178,0.4888888888888889,0.675852850852851,0.7142857142857143,0.0,0.644711571080344,0.5184966198035649,0.07827507651277951,0.41383808851242065,0.0,0.0,0.0,0.0,0.0,18473,global,0.0
2,1,lr5e-05_bs8_drop0p2_temp2p0_a0p25_b0p05__wd1e-04trmiss0_degmodglobal,8,5e-05,0.0001,0.2,2.0,0.25,0.05,lr5e-05_bs8_drop0p2_temp2p0_a0p25_b0p05__wd1e-04trmiss0_degmodglobal,11,0.5559237216200147,0.6405443549156189,0.5111111111111111,0.6864348614348614,0.7142857142857143,0.0,0.6211111886160714,0.5186576928411212,0.07235681691340037,0.3835361089025225,0.0,0.0,0.0,0.0,0.0,18473,global,0.0
2,1,lr5e-05_bs8_drop0p2_temp2p0_a0p25_b0p05__wd1e-04trmiss0_degmodglobal,8,5e-05,0.0001,0.2,2.0,0.25,0.05,lr5e-05_bs8_drop0p2_temp2p0_a0p25_b0p05__wd1e-04trmiss0_degmodglobal,12,0.5714450393404279,0.6434453427791595,0.5111111111111111,0.7246743996743998,0.6428571428571429,0.0,0.6397964784077236,0.5336640136582511,0.077358392732484,0.3688288501330784,0.0,0.0,0.0,0.0,0.0,18473,global,0.0
2,1,lr5e-05_bs8_drop0p2_temp2p0_a0p25_b0p05__wd1e-04trmiss0_degmodglobal,8,5e-05,0.0001,0.2,2.0,0.25,0.05,lr5e-05_bs8_drop0p2_temp2p0_a0p25_b0p05__wd1e-04trmiss0_degmodglobal,13,0.5927908505712237,0.647893488407135,0.4888888888888889,0.6876373626373626,0.5714285714285714,0.0,0.629874050617218,0.555630739246096,0.07334893835442406,0.3764576315879822,0.0,0.0,0.0,0.0,0.0,18473,global,0.0
2,1,lr5e-05_bs8_drop0p2_temp2p0_a0p25_b0p05__wd1e-04trmiss0_degmodglobal,8,5e-05,0.0001,0.2,2.0,0.25,0.05,lr5e-05_bs8_drop0p2_temp2p0_a0p25_b0p05__wd1e-04trmiss0_degmodglobal,14,0.5533510361398969,0.6449343860149384,0.4888888888888889,0.6876373626373626,0.6428571428571429,0.0,0.5730204241616386,0.516794468675341,0.07437463370817048,0.3592580663306372,0.0,0.0,0.0,0.0,0.0,18473,global,0.0
2,1,lr5e-05_bs8_drop0p2_temp2p0_a0p25_b0p05__wd1e-04trmiss0_degmodglobal,8,5e-05,0.0001,0.2,2.0,0.25,0.05,lr5e-05_bs8_drop0p2_temp2p0_a0p25_b0p05__wd1e-04trmiss0_degmodglobal,15,0.5421184343951089,0.6432299911975861,0.5111111111111111,0.6943713693713693,0.6428571428571429,0.0,0.60902282169887,0.4981276946408408,0.08622475074870246,0.44869114245687214,0.0,0.0,0.0,0.0,0.0,18473,global,0.0
2,1,lr5e-05_bs8_drop0p2_temp2p0_a0p25_b0p05__wd1e-04trmiss0_degmodglobal,8,5e-05,0.0001,0.2,2.0,0.25,0.05,lr5e-05_bs8_drop0p2_temp2p0_a0p25_b0p05__wd1e-04trmiss0_degmodglobal,16,0.564484817641122,0.639813244342804,0.5111111111111111,0.6943713693713693,0.6428571428571429,0.0,0.5898513197898865,0.5253956573350089,0.08016955586416381,0.38093554973602295,0.0,0.0,0.0,0.0,0.0,18473,global,0.0
2,1,lr5e-05_bs8_drop0p2_temp2p0_a0p25_b0p05__wd1e-04trmiss0_degmodglobal,8,5e-05,0.0001,0.2,2.0,0.25,0.05,lr5e-05_bs8_drop0p2_temp2p0_a0p25_b0p05__wd1e-04trmiss0_degmodglobal,17,0.5410501488617488,0.6454255878925323,0.5333333333333333,0.70495337995338,0.6428571428571429,0.0,0.5822457330567496,0.5069460613386971,0.07097840362361499,0.32718938163348604,0.0,0.0,0.0,0.0,0.0,18473,global,0.0
2,1,lr5e-05_bs8_drop0p2_temp2p0_a0p25_b0p05__wd1e-04trmiss0_degmodglobal,8,5e-05,0.0001,0.2,2.0,0.25,0.05,lr5e-05_bs8_drop0p2_temp2p0_a0p25_b0p05__wd1e-04trmiss0_degmodglobal,18,0.5397387870720455,0.6460973024368286,0.5333333333333333,0.70495337995338,0.6428571428571429,0.0,0.5974786877632141,0.5064008406230381,0.0721630986247744,0.30594359764031004,0.0,0.0,0.0,0.0,0.0,18473,global,0.0
2,1,lr5e-05_bs8_drop0p2_temp2p0_a0p25_b0p05__wd1e-04trmiss0_degmodglobal,8,5e-05,0.0001,0.2,2.0,0.25,0.05,lr5e-05_bs8_drop0p2_temp2p0_a0p25_b0p05__wd1e-04trmiss0_degmodglobal,19,0.5379523507186345,0.6430213749408722,0.5333333333333333,0.6963554963554963,0.7142857142857143,0.0,0.5820225477218628,0.5045554127011981,0.06962668097444943,0.3198055795260838,0.0,0.0,0.0,0.0,0.0,18473,global,0.0
2,1,lr5e-05_bs8_drop0p2_temp2p0_a0p25_b0p05__wd1e-04trmiss0_degmodglobal,8,5e-05,0.0001,0.2,2.0,0.25,0.05,lr5e-05_bs8_drop0p2_temp2p0_a0p25_b0p05__wd1e-04trmiss0_degmodglobal,20,0.5181532885347094,0.6375160813331604,0.5333333333333333,0.6963554963554963,0.7142857142857143,0.0,0.5551177348409381,0.4864737519196102,0.06568399045084204,0.30517092985766275,0.0,0.0,0.0,0.0,0.0,18473,global,0.0
2,1,lr5e-05_bs8_drop0p2_temp2p0_a0p25_b0p05__wd1e-04trmiss0_degmodglobal,8,5e-05,0.0001,0.2,2.0,0.25,0.05,lr5e-05_bs8_drop0p2_temp2p0_a0p25_b0p05__wd1e-04trmiss0_degmodglobal,21,0.5382003102983747,0.6393882632255554,0.5333333333333333,0.6963554963554963,0.7142857142857143,0.0,0.5720668477671487,0.49465635418891907,0.08490376600197383,0.4463602474757603,0.0,0.0,0.0,0.0,0.0,18473,global,0.0
2,1,lr5e-05_bs8_drop0p2_temp2p0_a0p25_b0p05__wd1e-04trmiss0_degmodglobal,8,5e-05,0.0001,0.2,2.0,0.25,0.05,lr5e-05_bs8_drop0p2_temp2p0_a0p25_b0p05__wd1e-04trmiss0_degmodglobal,22,0.5602084440844399,0.6382850110530853,0.5555555555555556,0.7056147556147556,0.7142857142857143,0.0,0.6273763137204307,0.5237665815012795,0.0778119835470404,0.33977734403950827,0.0,0.0,0.0,0.0,0.0,18473,global,0.0
2,1,lr5e-05_bs8_drop0p2_temp2p0_a0p25_b0p05__wd1e-04trmiss0_degmodglobal,8,5e-05,0.0001,0.2,2.0,0.25,0.05,lr5e-05_bs8_drop0p2_temp2p0_a0p25_b0p05__wd1e-04trmiss0_degmodglobal,23,0.5359433506216321,0.6376176476478577,0.5555555555555556,0.7056147556147556,0.7142857142857143,0.0,0.5831390023231506,0.5015542166573661,0.07264720542090279,0.3245466372796467,0.0,0.0,0.0,0.0,0.0,18473,global,0.0
2,1,lr5e-05_bs8_drop0p2_temp2p0_a0p25_b0p05__wd1e-04trmiss0_degmodglobal,8,5e-05,0.0001,0.2,2.0,0.25,0.05,lr5e-05_bs8_drop0p2_temp2p0_a0p25_b0p05__wd1e-04trmiss0_degmodglobal,24,0.5301631731646401,0.6346133351325989,0.5555555555555556,0.7056147556147556,0.7142857142857143,0.0,0.5651038714817592,0.48279174736567904,0.10045032522508077,0.44517689091818674,0.0,0.0,0.0,0.0,0.0,18473,global,0.0
2,1,lr5e-05_bs8_drop0p2_temp2p0_a0p25_b0p05__wd1e-04trmiss0_degmodglobal,8,5e-05,0.0001,0.2,2.0,0.25,0.05,lr5e-05_bs8_drop0p2_temp2p0_a0p25_b0p05__wd1e-04trmiss0_degmodglobal,25,0.5388322217123849,0.6312090754508972,0.6,0.720666987333654,0.7142857142857143,0.0,0.5949514252798898,0.5010041466781071,0.07530120547328677,0.38005522319248747,0.0,0.0,0.0,0.0,0.0,18473,global,0.0
2,1,lr5e-05_bs8_drop0p2_temp2p0_a0p25_b0p05__wd1e-04trmiss0_degmodglobal,8,5e-05,0.0001,0.2,2.0,0.25,0.05,lr5e-05_bs8_drop0p2_temp2p0_a0p25_b0p05__wd1e-04trmiss0_degmodglobal,26,0.5267380390848432,0.6321819424629211,0.5777777777777777,0.7142567309233976,0.7142857142857143,0.0,0.5441463504518781,0.49188980885914396,0.07285543424742562,0.3326872629778726,0.0,0.0,0.0,0.0,0.0,18473,global,0.0
2,1,lr5e-05_bs8_drop0p2_temp2p0_a0p25_b0p05__wd1e-04trmiss0_degmodglobal,8,5e-05,0.0001,0.2,2.0,0.25,0.05,lr5e-05_bs8_drop0p2_temp2p0_a0p25_b0p05__wd1e-04trmiss0_degmodglobal,27,0.5282551305634635,0.633796364068985,0.5555555555555556,0.7056147556147556,0.7142857142857143,0.0,0.5533029011317662,0.48900711110660006,0.08531347396118301,0.3583929751600538,0.0,0.0,0.0,0.0,0.0,18473,global,0.0
2,1,lr5e-05_bs8_drop0p2_temp2p0_a0p25_b0p05__wd1e-04trmiss0_degmodglobal,8,5e-05,0.0001,0.2,2.0,0.25,0.05,lr5e-05_bs8_drop0p2_temp2p0_a0p25_b0p05__wd1e-04trmiss0_degmodglobal,28,0.5154506649289813,0.6390913128852844,0.5555555555555556,0.7056147556147556,0.7142857142857143,0.0,0.551331741469247,0.4784441292285919,0.07975562768323081,0.34135267777102335,0.0,0.0,0.0,0.0,0.0,18473,global,0.0
2,1,lr5e-05_bs8_drop0p2_temp2p0_a0p25_b0p05__wd1e-04trmiss0_degmodglobal,8,5e-05,0.0001,0.2,2.0,0.25,0.05,lr5e-05_bs8_drop0p2_temp2p0_a0p25_b0p05__wd1e-04trmiss0_degmodglobal,29,0.5147966316768101,0.6385401487350464,0.5555555555555556,0.7056147556147556,0.7142857142857143,0.0,0.5877552883965629,0.48037546447345186,0.07195770314761571,0.32863463035651613,0.0,0.0,0.0,0.0,0.0,18473,global,0.0
2,1,lr5e-05_bs8_drop0p2_temp2p0_a0p25_b0p05__wd1e-04trmiss0_degmodglobal,8,5e-05,0.0001,0.2,2.0,0.25,0.05,lr5e-05_bs8_drop0p2_temp2p0_a0p25_b0p05__wd1e-04trmiss0_degmodglobal,30,0.53488575560706,0.6381930410861969,0.5555555555555556,0.7056147556147556,0.6428571428571429,0.0,0.5830460914543697,0.4927621228354318,0.08957525928105627,0.3945964532239096,0.0,0.0,0.0,0.0,0.0,18473,global,0.0
2,1,lr5e-05_bs8_drop0p2_temp2p0_a0p25_b0p05__wd1e-04trmiss0_degmodglobal,8,5e-05,0.0001,0.2,2.0,0.25,0.05,lr5e-05_bs8_drop0p2_temp2p0_a0p25_b0p05__wd1e-04trmiss0_degmodglobal,31,0.5364213458129338,0.6391312181949615,0.5333333333333333,0.6963554963554963,0.7142857142857143,0.0,0.5361114612647465,0.48962390422821045,0.10649508344275611,0.40347342618874144,0.0,0.0,0.0,0.0,0.0,18473,global,0.0
2,1,lr5e-05_bs8_drop0p2_temp2p0_a0p25_b0p05__wd1e-04trmiss0_degmodglobal,8,5e-05,0.0001,0.2,2.0,0.25,0.05,lr5e-05_bs8_drop0p2_temp2p0_a0p25_b0p05__wd1e-04trmiss0_degmodglobal,32,0.5349446322236743,0.6425520777702332,0.5333333333333333,0.6963554963554963,0.6428571428571429,0.0,0.529443063906261,0.4888563028403691,0.09477957231657845,0.44786874311310904,0.0,0.0,0.0,0.0,0.0,18473,global,0.0
2,1,lr5e-05_bs8_drop0p2_temp2p0_a0p25_b0p05__wd1e-04trmiss0_degmodglobal,8,5e-05,0.0001,0.2,2.0,0.25,0.05,lr5e-05_bs8_drop0p2_temp2p0_a0p25_b0p05__wd1e-04trmiss0_degmodglobal,33,0.5271071706499372,0.6427509784698486,0.5555555555555556,0.7027657527657529,0.6428571428571429,0.0,0.5728744949613299,0.4973870473248618,0.06328969076275826,0.2779539461646761,0.0,0.0,0.0,0.0,0.0,18473,global,0.0
2,1,lr5e-05_bs8_drop0p2_temp2p0_a0p25_b0p05__wd1e-04trmiss0_degmodglobal,8,5e-05,0.0001,0.2,2.0,0.25,0.05,lr5e-05_bs8_drop0p2_temp2p0_a0p25_b0p05__wd1e-04trmiss0_degmodglobal,34,0.5176463552883693,0.6409714221954346,0.5555555555555556,0.7027657527657529,0.6428571428571429,0.0,0.5660862454346248,0.4796454097543444,0.08322889091713088,0.3438746907881328,0.0,0.0,0.0,0.0,0.0,18473,global,0.0
2,1,lr5e-05_bs8_drop0p2_temp2p0_a0p25_b0p05__wd1e-04trmiss0_degmodglobal,8,5e-05,0.0001,0.2,2.0,0.25,0.05,lr5e-05_bs8_drop0p2_temp2p0_a0p25_b0p05__wd1e-04trmiss0_degmodglobal,35,0.5579019742352622,0.6385430991649628,0.5555555555555556,0.7027657527657529,0.7142857142857143,0.0,0.5683483311108181,0.5243562630244664,0.06935143683637891,0.3241567483970097,0.0,0.0,0.0,0.0,0.0,18473,global,0.0
2,1,lr5e-05_bs8_drop0p2_temp2p0_a0p25_b0p05__wd1e-04trmiss0_degmodglobal,8,5e-05,0.0001,0.2,2.0,0.25,0.05,lr5e-05_bs8_drop0p2_temp2p0_a0p25_b0p05__wd1e-04trmiss0_degmodglobal,36,0.5109690470354897,0.6362423896789551,0.5777777777777777,0.712025012025012,0.7142857142857143,0.0,0.5354416710989816,0.481965503522328,0.0694434509745666,0.23285362337316787,0.0,0.0,0.0,0.0,0.0,18473,global,0.0
2,1,lr5e-05_bs8_drop0p2_temp2p0_a0p25_b0p05__wd1e-04trmiss0_degmodglobal,8,5e-05,0.0001,0.2,2.0,0.25,0.05,lr5e-05_bs8_drop0p2_temp2p0_a0p25_b0p05__wd1e-04trmiss0_degmodglobal,37,0.5283838297639575,0.6392357349395752,0.5555555555555556,0.7027657527657529,0.7142857142857143,0.0,0.5187198051384517,0.48970180324145723,0.08846565229552132,0.33131234986441477,0.0,0.0,0.0,0.0,0.0,18473,global,0.0
2,1,lr5e-05_bs8_drop0p2_temp2p0_a0p25_b0p05__wd1e-04trmiss0_degmodglobal,8,5e-05,0.0001,0.2,2.0,0.25,0.05,lr5e-05_bs8_drop0p2_temp2p0_a0p25_b0p05__wd1e-04trmiss0_degmodglobal,38,0.5126746424606868,0.6393339037895203,0.5777777777777777,0.712025012025012,0.7142857142857143,0.0,0.5326746446745736,0.4787010635648455,0.07976517719881875,0.2806456408330372,0.0,0.0,0.0,0.0,0.0,18473,global,0.0
2,1,lr5e-05_bs8_drop0p2_temp2p0_a0p25_b0p05__wd1e-04trmiss0_degmodglobal,8,5e-05,0.0001,0.2,2.0,0.25,0.05,lr5e-05_bs8_drop0p2_temp2p0_a0p25_b0p05__wd1e-04trmiss0_degmodglobal,39,0.518482927765165,0.6418151259422302,0.5777777777777777,0.712025012025012,0.6428571428571429,0.0,0.525764137506485,0.4761046128613608,0.10202397831848689,0.3374464788607189,0.0,0.0,0.0,0.0,0.0,18473,global,0.0
2,1,lr5e-05_bs8_drop0p2_temp2p0_a0p25_b0p05__wd1e-04trmiss0_degmodglobal,8,5e-05,0.0001,0.2,2.0,0.25,0.05,lr5e-05_bs8_drop0p2_temp2p0_a0p25_b0p05__wd1e-04trmiss0_degmodglobal,40,0.5097473136016301,0.6414363384246826,0.5555555555555556,0.7027657527657529,0.6428571428571429,0.0,0.5650075588907514,0.4783158004283905,0.07393173554113933,0.25897154424871716,0.0,0.0,0.0,0.0,0.0,18473,global,0.0
2,1,lr5e-05_bs8_drop0p2_temp2p0_a0p25_b0p05__wd1e-04trmiss0_degmodglobal,8,5e-05,0.0001,0.2,2.0,0.25,0.05,lr5e-05_bs8_drop0p2_temp2p0_a0p25_b0p05__wd1e-04trmiss0_degmodglobal,41,0.5216367031846728,0.6392867267131805,0.5555555555555556,0.7027657527657529,0.7142857142857143,0.0,0.5245738284928458,0.4864706056458609,0.07903754498277392,0.3081340044736862,0.0,0.0,0.0,0.0,0.0,18473,global,0.0
2,1,lr5e-05_bs8_drop0p2_temp2p0_a0p25_b0p05__wd1e-04trmiss0_degmodglobal,8,5e-05,0.0001,0.2,2.0,0.25,0.05,lr5e-05_bs8_drop0p2_temp2p0_a0p25_b0p05__wd1e-04trmiss0_degmodglobal,42,0.5577721766063145,0.6386517882347107,0.5555555555555556,0.7027657527657529,0.7142857142857143,0.0,0.5270604576383319,0.5090418713433402,0.10813705623149872,0.4339204898902348,0.0,0.0,0.0,0.0,0.0,18473,global,0.0
2,1,lr5e-05_bs8_drop0p2_temp2p0_a0p25_b0p05__wd1e-04trmiss0_degmodglobal,8,5e-05,0.0001,0.2,2.0,0.25,0.05,lr5e-05_bs8_drop0p2_temp2p0_a0p25_b0p05__wd1e-04trmiss0_degmodglobal,43,0.49189107758658274,0.640972912311554,0.5555555555555556,0.7027657527657529,0.6428571428571429,0.0,0.5280190578528813,0.45793160370418,0.07640535810164042,0.29716284573078156,0.0,0.0,0.0,0.0,0.0,18473,global,0.0
2,1,lr5e-05_bs8_drop0p2_temp2p0_a0p25_b0p05__wd1e-04trmiss0_degmodglobal,8,5e-05,0.0001,0.2,2.0,0.25,0.05,lr5e-05_bs8_drop0p2_temp2p0_a0p25_b0p05__wd1e-04trmiss0_degmodglobal,44,0.5242873089654105,0.6416343748569489,0.5555555555555556,0.7027657527657529,0.6428571428571429,0.0,0.5467874194894519,0.47946972080639433,0.10261494134153638,0.3832770586013794,0.0,0.0,0.0,0.0,0.0,18473,global,0.0
2,1,lr5e-05_bs8_drop0p2_temp2p0_a0p25_b0p05__wd1e-04trmiss0_degmodglobal,8,5e-05,0.0001,0.2,2.0,0.25,0.05,lr5e-05_bs8_drop0p2_temp2p0_a0p25_b0p05__wd1e-04trmiss0_degmodglobal,45,0.5116836598941258,0.6401915550231934,0.5555555555555556,0.7027657527657529,0.6428571428571429,0.0,0.5158066706998008,0.4680246540478298,0.09739162027835846,0.38622226246765684,0.0,0.0,0.0,0.0,0.0,18473,global,0.0
2,1,lr5e-05_bs8_drop0p4_temp1p0_a0p25_b0p05__wd1e-04trmiss0_degmodglobal,8,5e-05,0.0001,0.4,1.0,0.25,0.05,lr5e-05_bs8_drop0p4_temp1p0_a0p25_b0p05__wd1e-04trmiss0_degmodglobal,1,0.7213700328554425,0.6250035166740417,0.9111111111111111,0.9535634118967453,0.8571428571428571,0.0,0.6738744037491935,0.6980644805090768,0.06420672099505152,0.1450775010245187,0.0,0.0,0.0,0.0,0.0,18473,global,0.0
2,1,lr5e-05_bs8_drop0p4_temp1p0_a0p25_b0p05__wd1e-04trmiss0_degmodglobal,8,5e-05,0.0001,0.4,1.0,0.25,0.05,lr5e-05_bs8_drop0p4_temp1p0_a0p25_b0p05__wd1e-04trmiss0_degmodglobal,2,0.6825873681477138,0.6325994431972504,0.9333333333333333,0.9674523007856344,0.7857142857142857,0.0,0.6672420672007969,0.6576242702347892,0.06442774353282792,0.17712328689438955,0.0,0.0,0.0,0.0,0.0,18473,global,0.0
2,1,lr5e-05_bs8_drop0p4_temp1p0_a0p25_b0p05__wd1e-04trmiss0_degmodglobal,8,5e-05,0.0001,0.4,1.0,0.25,0.05,lr5e-05_bs8_drop0p4_temp1p0_a0p25_b0p05__wd1e-04trmiss0_degmodglobal,3,0.6791709065437317,0.631370335817337,0.9111111111111111,0.9575757575757577,0.7857142857142857,0.0,0.6475196310452053,0.655971246106284,0.06099461444786617,0.1590199630175318,0.0,0.0,0.0,0.0,0.0,18473,global,0.0
2,1,lr5e-05_bs8_drop0p4_temp1p0_a0p25_b0p05__wd1e-04trmiss0_degmodglobal,8,5e-05,0.0001,0.4,1.0,0.25,0.05,lr5e-05_bs8_drop0p4_temp1p0_a0p25_b0p05__wd1e-04trmiss0_degmodglobal,4,0.6611870527267456,0.6444677710533142,0.8888888888888888,0.9500000000000002,0.8571428571428571,0.0,0.6354322348322187,0.6406692011015755,0.05437835678458214,0.13846540451049805,0.0,0.0,0.0,0.0,0.0,18473,global,0.0
2,1,lr5e-05_bs8_drop0p4_temp1p0_a0p25_b0p05__wd1e-04trmiss0_degmodglobal,8,5e-05,0.0001,0.4,1.0,0.25,0.05,lr5e-05_bs8_drop0p4_temp1p0_a0p25_b0p05__wd1e-04trmiss0_degmodglobal,5,0.6920828563826424,0.6490384638309479,0.8444444444444444,0.9380952380952383,0.8571428571428571,0.0,0.647046685218811,0.6606621316501072,0.07984247377940587,0.22920193523168564,0.0,0.0,0.0,0.0,0.0,18473,global,0.0
2,1,lr5e-05_bs8_drop0p4_temp1p0_a0p25_b0p05__wd1e-04trmiss0_degmodglobal,8,5e-05,0.0001,0.4,1.0,0.25,0.05,lr5e-05_bs8_drop0p4_temp1p0_a0p25_b0p05__wd1e-04trmiss0_degmodglobal,6,0.6476710438728333,0.6302089989185333,0.8666666666666667,0.9395773979107314,0.8571428571428571,0.0,0.6166483930179051,0.6172786184719631,0.08054645572389875,0.20511648591075624,0.0,0.0,0.0,0.0,0.0,18473,global,0.0
2,1,lr5e-05_bs8_drop0p4_temp1p0_a0p25_b0p05__wd1e-04trmiss0_degmodglobal,8,5e-05,0.0001,0.4,1.0,0.25,0.05,lr5e-05_bs8_drop0p4_temp1p0_a0p25_b0p05__wd1e-04trmiss0_degmodglobal,7,0.6511658685547965,0.6226913034915924,0.8666666666666667,0.9395773979107314,0.8571428571428571,0.0,0.6152575356619698,0.6260889683450971,0.06368852566395487,0.18309528593506133,0.0,0.0,0.0,0.0,0.0,18473,global,0.0
2,1,lr5e-05_bs8_drop0p4_temp1p0_a0p25_b0p05__wd1e-04trmiss0_degmodglobal,8,5e-05,0.0001,0.4,1.0,0.25,0.05,lr5e-05_bs8_drop0p4_temp1p0_a0p25_b0p05__wd1e-04trmiss0_degmodglobal,8,0.6506413732256208,0.6172495782375336,0.8666666666666667,0.9395773979107314,0.8571428571428571,0.0,0.6180924432618278,0.6305913158825466,0.05306677360619817,0.13566736238343374,0.0,0.0,0.0,0.0,0.0,18473,global,0.0
2,1,lr5e-05_bs8_drop0p4_temp1p0_a0p25_b0p05__wd1e-04trmiss0_degmodglobal,8,5e-05,0.0001,0.4,1.0,0.25,0.05,lr5e-05_bs8_drop0p4_temp1p0_a0p25_b0p05__wd1e-04trmiss0_degmodglobal,9,0.6570334179060799,0.6213588118553162,0.8666666666666667,0.9395773979107314,0.8571428571428571,0.0,0.6507267951965332,0.6333285314696175,0.0617989328290735,0.1651030970471246,0.0,0.0,0.0,0.0,0.0,18473,global,0.0
2,1,lr5e-05_bs8_drop0p4_temp1p0_a0p25_b0p05__wd1e-04trmiss0_degmodglobal,8,5e-05,0.0001,0.4,1.0,0.25,0.05,lr5e-05_bs8_drop0p4_temp1p0_a0p25_b0p05__wd1e-04trmiss0_degmodglobal,10,0.6301354680742536,0.627379298210144,0.8222222222222223,0.9182098765432101,0.7857142857142857,0.0,0.6145062446594238,0.6079127447945731,0.057767887732812336,0.1556146698338645,0.0,0.0,0.0,0.0,0.0,18473,global,0.0
2,1,lr5e-05_bs8_drop0p4_temp1p0_a0p25_b0p05__wd1e-04trmiss0_degmodglobal,8,5e-05,0.0001,0.4,1.0,0.25,0.05,lr5e-05_bs8_drop0p4_temp1p0_a0p25_b0p05__wd1e-04trmiss0_degmodglobal,11,0.6373522707394191,0.6255301237106323,0.8444444444444446,0.9237043820377155,0.8571428571428571,0.0,0.617636467729296,0.6159670693533761,0.05295255620564733,0.16294126957654953,0.0,0.0,0.0,0.0,0.0,18473,global,0.0
2,1,lr5e-05_bs8_drop0p4_temp1p0_a0p25_b0p05__wd1e-04trmiss0_degmodglobal,8,5e-05,0.0001,0.4,1.0,0.25,0.05,lr5e-05_bs8_drop0p4_temp1p0_a0p25_b0p05__wd1e-04trmiss0_degmodglobal,12,0.6247403195926121,0.6248431205749512,0.8444444444444446,0.9237043820377155,0.8571428571428571,0.0,0.575687825679779,0.5973374247550964,0.07169396217380251,0.18958792782255582,0.0,0.0,0.0,0.0,0.0,18473,global,0.0
2,1,lr5e-05_bs8_drop0p4_temp1p0_a0p25_b0p05__wd1e-04trmiss0_degmodglobal,8,5e-05,0.0001,0.4,1.0,0.25,0.05,lr5e-05_bs8_drop0p4_temp1p0_a0p25_b0p05__wd1e-04trmiss0_degmodglobal,13,0.6617594701903207,0.631017804145813,0.8444444444444446,0.9237043820377155,0.7142857142857143,0.0,0.60856922183718,0.6379513485091073,0.06674679954137121,0.14242847902434214,0.0,0.0,0.0,0.0,0.0,18473,global,0.0
2,1,lr5e-05_bs8_drop0p4_temp1p0_a0p25_b0p05__wd1e-04trmiss0_degmodglobal,8,5e-05,0.0001,0.4,1.0,0.25,0.05,lr5e-05_bs8_drop0p4_temp1p0_a0p25_b0p05__wd1e-04trmiss0_degmodglobal,14,0.5956909826823643,0.6370669901371002,0.8222222222222223,0.9182098765432101,0.7142857142857143,0.0,0.5816953693117414,0.5692001836640495,0.07184063430343356,0.17061310048614228,0.0,0.0,0.0,0.0,0.0,18473,global,0.0
2,1,lr5e-05_bs8_drop0p4_temp1p0_a0p25_b0p05__wd1e-04trmiss0_degmodglobal,8,5e-05,0.0001,0.4,1.0,0.25,0.05,lr5e-05_bs8_drop0p4_temp1p0_a0p25_b0p05__wd1e-04trmiss0_degmodglobal,15,0.6534687280654907,0.6421782076358795,0.8222222222222223,0.9182098765432101,0.6428571428571429,0.0,0.5943934576851981,0.6251843912260873,0.07401603992496218,0.1956063253538949,0.0,0.0,0.0,0.0,0.0,18473,global,0.0
2,1,lr5e-05_bs8_drop0p4_temp1p0_a0p25_b0p05__wd1e-04trmiss0_degmodglobal,8,5e-05,0.0001,0.4,1.0,0.25,0.05,lr5e-05_bs8_drop0p4_temp1p0_a0p25_b0p05__wd1e-04trmiss0_degmodglobal,16,0.651891120842525,0.6425937414169312,0.8,0.8996913580246915,0.6428571428571429,0.0,0.5668756450925555,0.6317814929144723,0.054217029362916946,0.13110731009926116,0.0,0.0,0.0,0.0,0.0,18473,global,0.0
2,1,lr5e-05_bs8_drop0p4_temp1p0_a0p25_b0p05__wd1e-04trmiss0_degmodglobal,8,5e-05,0.0001,0.4,1.0,0.25,0.05,lr5e-05_bs8_drop0p4_temp1p0_a0p25_b0p05__wd1e-04trmiss0_degmodglobal,17,0.6330149344035557,0.6344680190086365,0.8,0.8996913580246915,0.7142857142857143,0.0,0.5734018427985055,0.6106808696474347,0.06214685897741999,0.13594703376293182,0.0,0.0,0.0,0.0,0.0,18473,global,0.0
2,1,lr5e-05_bs8_drop0p4_temp1p0_a0p25_b0p05__wd1e-04trmiss0_degmodglobal,8,5e-05,0.0001,0.4,1.0,0.25,0.05,lr5e-05_bs8_drop0p4_temp1p0_a0p25_b0p05__wd1e-04trmiss0_degmodglobal,18,0.620089726788657,0.6353389620780945,0.8,0.8996913580246915,0.7857142857142857,0.0,0.5625923701695034,0.6010053157806396,0.05340794713369438,0.11464815161057881,0.0,0.0,0.0,0.0,0.0,18473,global,0.0
2,1,lr5e-05_bs8_drop0p4_temp1p0_a0p25_b0p05__wd1e-04trmiss0_degmodglobal,8,5e-05,0.0001,0.4,1.0,0.25,0.05,lr5e-05_bs8_drop0p4_temp1p0_a0p25_b0p05__wd1e-04trmiss0_degmodglobal,19,0.6383398856435504,0.6369779407978058,0.8,0.8996913580246915,0.7142857142857143,0.0,0.5680715697152274,0.609679000718253,0.08596273777740342,0.14340371372444288,0.0,0.0,0.0,0.0,0.0,18473,global,0.0
2,1,lr5e-05_bs8_drop0p4_temp1p0_a0p25_b0p05__wd1e-04trmiss0_degmodglobal,8,5e-05,0.0001,0.4,1.0,0.25,0.05,lr5e-05_bs8_drop0p4_temp1p0_a0p25_b0p05__wd1e-04trmiss0_degmodglobal,20,0.6275592786925179,0.6392379701137543,0.7555555555555555,0.8675925925925927,0.7857142857142857,0.0,0.5627692512103489,0.5970378858702523,0.07671423203178815,0.22685658080237253,0.0,0.0,0.0,0.0,0.0,18473,global,0.0
2,1,lr5e-05_bs8_drop0p4_temp1p0_a0p25_b0p05__wd1e-04trmiss0_degmodglobal,8,5e-05,0.0001,0.4,1.0,0.25,0.05,lr5e-05_bs8_drop0p4_temp1p0_a0p25_b0p05__wd1e-04trmiss0_degmodglobal,21,0.6172314797128949,0.6421187818050385,0.7777777777777778,0.8774691358024693,0.7857142857142857,0.0,0.5403149085385459,0.5942289573805672,0.06241667802844729,0.14796702989510127,0.0,0.0,0.0,0.0,0.0,18473,global,0.0
2,1,lr5e-05_bs8_drop0p4_temp1p0_a0p25_b0p05__wd1e-04trmiss0_degmodglobal,8,5e-05,0.0001,0.4,1.0,0.25,0.05,lr5e-05_bs8_drop0p4_temp1p0_a0p25_b0p05__wd1e-04trmiss0_degmodglobal,22,0.6200635262898037,0.6393225491046906,0.7777777777777778,0.8774691358024693,0.7857142857142857,0.0,0.5799955938543592,0.5917758345603943,0.07943790299551827,0.16856417059898376,0.0,0.0,0.0,0.0,0.0,18473,global,0.0
2,1,lr5e-05_bs8_drop0p4_temp1p0_a0p25_b0p05__wd1e-04trmiss0_degmodglobal,8,5e-05,0.0001,0.4,1.0,0.25,0.05,lr5e-05_bs8_drop0p4_temp1p0_a0p25_b0p05__wd1e-04trmiss0_degmodglobal,23,0.6374538455690656,0.6483586430549622,0.7777777777777778,0.8774691358024693,0.7142857142857143,0.0,0.5871618900980268,0.6192460911614555,0.05669684016278812,0.08067096929465022,0.0,0.0,0.0,0.0,0.0,18473,global,0.0
2,1,lr5e-05_bs8_drop0p4_temp1p0_a0p25_b0p05__wd1e-04trmiss0_degmodglobal,8,5e-05,0.0001,0.4,1.0,0.25,0.05,lr5e-05_bs8_drop0p4_temp1p0_a0p25_b0p05__wd1e-04trmiss0_degmodglobal,24,0.6119852832385472,0.6447234749794006,0.7777777777777778,0.8774691358024693,0.7142857142857143,0.0,0.5355200469493866,0.5864422917366028,0.06769418769649097,0.17238876755748475,0.0,0.0,0.0,0.0,0.0,18473,global,0.0
2,1,lr5e-05_bs8_drop0p4_temp1p0_a0p25_b0p05__wd1e-04trmiss0_degmodglobal,8,5e-05,0.0001,0.4,1.0,0.25,0.05,lr5e-05_bs8_drop0p4_temp1p0_a0p25_b0p05__wd1e-04trmiss0_degmodglobal,25,0.6065805894987923,0.6429953575134277,0.7777777777777778,0.8774691358024693,0.7142857142857143,0.0,0.5670759763036456,0.5808193683624268,0.071174898317882,0.1593501227242606,0.0,0.0,0.0,0.0,0.0,18473,global,0.0
2,1,lr5e-05_bs8_drop0p4_temp1p0_a0p25_b0p05__wd1e-04trmiss0_degmodglobal,8,5e-05,0.0001,0.4,1.0,0.25,0.05,lr5e-05_bs8_drop0p4_temp1p0_a0p25_b0p05__wd1e-04trmiss0_degmodglobal,26,0.6010180030550275,0.6415402889251709,0.7333333333333333,0.8567901234567903,0.6428571428571429,0.0,0.5599770035062518,0.5857276575905936,0.04447825412665095,0.08341575041413307,0.0,0.0,0.0,0.0,0.0,18473,global,0.0
2,1,lr5e-05_bs8_drop0p4_temp1p0_a0p25_b0p05__wd1e-04trmiss0_degmodglobal,8,5e-05,0.0001,0.4,1.0,0.25,0.05,lr5e-05_bs8_drop0p4_temp1p0_a0p25_b0p05__wd1e-04trmiss0_degmodglobal,27,0.6139967100960868,0.6431804299354553,0.7333333333333333,0.8567901234567903,0.6428571428571429,0.0,0.5362549253872463,0.5865049532481602,0.07123821122305733,0.19364409095474652,0.0,0.0,0.0,0.0,0.0,18473,global,0.0
2,1,lr5e-05_bs8_drop0p4_temp1p0_a0p25_b0p05__wd1e-04trmiss0_degmodglobal,8,5e-05,0.0001,0.4,1.0,0.25,0.05,lr5e-05_bs8_drop0p4_temp1p0_a0p25_b0p05__wd1e-04trmiss0_degmodglobal,28,0.6215871913092477,0.649508535861969,0.7333333333333334,0.8595117845117846,0.7142857142857143,0.0,0.5362207676683154,0.5915210502488273,0.07467909529805183,0.2279272728732654,0.0,0.0,0.0,0.0,0.0,18473,global,0.0
2,1,lr5e-05_bs8_drop0p4_temp2p0_a0p25_b0p05__wd1e-04trmiss0_degmodglobal,8,5e-05,0.0001,0.4,2.0,0.25,0.05,lr5e-05_bs8_drop0p4_temp2p0_a0p25_b0p05__wd1e-04trmiss0_degmodglobal,1,0.7381924646241325,0.7407399415969849,0.24444444444444446,0.5301766135099468,0.21428571428571427,0.0,0.7035936457770211,0.7199582712990897,0.04688300272183759,0.13026890318308557,0.0,0.0,0.0,0.0,0.0,18473,global,0.0
2,1,lr5e-05_bs8_drop0p4_temp2p0_a0p25_b0p05__wd1e-04trmiss0_degmodglobal,8,5e-05,0.0001,0.4,2.0,0.25,0.05,lr5e-05_bs8_drop0p4_temp2p0_a0p25_b0p05__wd1e-04trmiss0_degmodglobal,2,0.6933161190577916,0.741380363702774,0.28888888888888886,0.5451338784672117,0.2857142857142857,0.0,0.6890816943986076,0.6757202318736485,0.043881485504763465,0.13251040556601115,0.0,0.0,0.0,0.0,0.0,18473,global,0.0
2,1,lr5e-05_bs8_drop0p4_temp2p0_a0p25_b0p05__wd1e-04trmiss0_degmodglobal,8,5e-05,0.0001,0.4,2.0,0.25,0.05,lr5e-05_bs8_drop0p4_temp2p0_a0p25_b0p05__wd1e-04trmiss0_degmodglobal,3,0.7092893634523664,0.7408577501773834,0.28888888888888886,0.5483084816418151,0.35714285714285715,0.0,0.6592708230018616,0.6901982256344387,0.04823428871376174,0.14065125265291759,0.0,0.0,0.0,0.0,0.0,18473,global,0.0
2,1,lr5e-05_bs8_drop0p4_temp2p0_a0p25_b0p05__wd1e-04trmiss0_degmodglobal,8,5e-05,0.0001,0.4,2.0,0.25,0.05,lr5e-05_bs8_drop0p4_temp2p0_a0p25_b0p05__wd1e-04trmiss0_degmodglobal,4,0.6807611840111869,0.7415298819541931,0.3333333333333333,0.5617394950728285,0.35714285714285715,0.0,0.6610202619007656,0.6623995474406651,0.04781298126493182,0.12816790917090007,0.0,0.0,0.0,0.0,0.0,18473,global,0.0
2,1,lr5e-05_bs8_drop0p4_temp2p0_a0p25_b0p05__wd1e-04trmiss0_degmodglobal,8,5e-05,0.0001,0.4,2.0,0.25,0.05,lr5e-05_bs8_drop0p4_temp2p0_a0p25_b0p05__wd1e-04trmiss0_degmodglobal,5,0.6766015206064496,0.738785445690155,0.33333333333333337,0.5875840209173543,0.35714285714285715,0.0,0.6438311849321637,0.6553787333624703,0.05198573374322483,0.1645272858440876,0.0,0.0,0.0,0.0,0.0,18473,global,0.0
2,1,lr5e-05_bs8_drop0p4_temp2p0_a0p25_b0p05__wd1e-04trmiss0_degmodglobal,8,5e-05,0.0001,0.4,2.0,0.25,0.05,lr5e-05_bs8_drop0p4_temp2p0_a0p25_b0p05__wd1e-04trmiss0_degmodglobal,6,0.6801152910505023,0.732162207365036,0.33333333333333337,0.5894078144078144,0.35714285714285715,0.0,0.6221544401986259,0.6620018056460789,0.045858651133520265,0.13297653836863382,0.0,0.0,0.0,0.0,0.0,18473,global,0.0
2,1,lr5e-05_bs8_drop0p4_temp2p0_a0p25_b0p05__wd1e-04trmiss0_degmodglobal,8,5e-05,0.0001,0.4,2.0,0.25,0.05,lr5e-05_bs8_drop0p4_temp2p0_a0p25_b0p05__wd1e-04trmiss0_degmodglobal,7,0.6649649058069501,0.7289843261241913,0.3555555555555555,0.5968152218152218,0.35714285714285715,0.0,0.607373561177935,0.6435588257653373,0.056914235332182476,0.1435506950531687,0.0,0.0,0.0,0.0,0.0,18473,global,0.0
2,1,lr5e-05_bs8_drop0p4_temp2p0_a0p25_b0p05__wd1e-04trmiss0_degmodglobal,8,5e-05,0.0001,0.4,2.0,0.25,0.05,lr5e-05_bs8_drop0p4_temp2p0_a0p25_b0p05__wd1e-04trmiss0_degmodglobal,8,0.6396979263850621,0.7225033342838287,0.3111111111111111,0.5833472083472084,0.35714285714285715,0.0,0.6280703374317714,0.6148305450166974,0.06387431121298245,0.1779763177037239,0.0,0.0,0.0,0.0,0.0,18473,global,0.0
2,1,lr5e-05_bs8_drop0p4_temp2p0_a0p25_b0p05__wd1e-04trmiss0_degmodglobal,8,5e-05,0.0001,0.4,2.0,0.25,0.05,lr5e-05_bs8_drop0p4_temp2p0_a0p25_b0p05__wd1e-04trmiss0_degmodglobal,9,0.6385639820780072,0.7189192175865173,0.35555555555555557,0.6005189255189256,0.35714285714285715,0.0,0.6102523463112968,0.6195739507675171,0.05440793718610491,0.10776091486747776,0.0,0.0,0.0,0.0,0.0,18473,global,0.0
2,1,lr5e-05_bs8_drop0p4_temp2p0_a0p25_b0p05__wd1e-04trmiss0_degmodglobal,8,5e-05,0.0001,0.4,2.0,0.25,0.05,lr5e-05_bs8_drop0p4_temp2p0_a0p25_b0p05__wd1e-04trmiss0_degmodglobal,10,0.6437267405646188,0.728688657283783,0.3555555555555555,0.5968152218152218,0.35714285714285715,0.0,0.5885129570960999,0.6222937192235675,0.06296616207276072,0.1138298756309918,0.0,0.0,0.0,0.0,0.0,18473,global,0.0
2,1,lr5e-05_bs8_drop0p4_temp2p0_a0p25_b0p05__wd1e-04trmiss0_degmodglobal,8,5e-05,0.0001,0.4,2.0,0.25,0.05,lr5e-05_bs8_drop0p4_temp2p0_a0p25_b0p05__wd1e-04trmiss0_degmodglobal,11,0.6572424173355103,0.7299126982688904,0.37777777777777777,0.6009980759980761,0.35714285714285715,0.0,0.6191843066896711,0.6397672125271389,0.045270836779049466,0.12314987927675247,0.0,0.0,0.0,0.0,0.0,18473,global,0.0
2,1,lr5e-05_bs8_drop0p4_temp2p0_a0p25_b0p05__wd1e-04trmiss0_degmodglobal,8,5e-05,0.0001,0.4,2.0,0.25,0.05,lr5e-05_bs8_drop0p4_temp2p0_a0p25_b0p05__wd1e-04trmiss0_degmodglobal,12,0.6604091780526298,0.7271060943603516,0.33333333333333326,0.5853455186788521,0.35714285714285715,0.0,0.6205115829195295,0.6381729756082807,0.062131120158093314,0.13406851621610777,0.0,0.0,0.0,0.0,0.0,18473,global,0.0
2,1,lr5e-05_bs8_drop0p4_temp2p0_a0p25_b0p05__wd1e-04trmiss0_degmodglobal,8,5e-05,0.0001,0.4,2.0,0.25,0.05,lr5e-05_bs8_drop0p4_temp2p0_a0p25_b0p05__wd1e-04trmiss0_degmodglobal,13,0.6341162919998169,0.7245441377162933,0.3111111111111111,0.5796475129808464,0.35714285714285715,0.0,0.5845438752855573,0.6178239243371146,0.04409436375967094,0.10537539369293622,0.0,0.0,0.0,0.0,0.0,18473,global,0.0
2,1,lr5e-05_bs8_drop0p4_temp2p0_a0p25_b0p05__wd1e-04trmiss0_degmodglobal,8,5e-05,0.0001,0.4,2.0,0.25,0.05,lr5e-05_bs8_drop0p4_temp2p0_a0p25_b0p05__wd1e-04trmiss0_degmodglobal,14,0.6317809735025678,0.7208305597305298,0.37777777777777777,0.6488375821709156,0.35714285714285715,0.0,0.58103860276086,0.6100049529756818,0.057645316634859355,0.14729368247623956,0.0,0.0,0.0,0.0,0.0,18473,global,0.0
2,1,lr5e-05_bs8_drop0p4_temp2p0_a0p25_b0p05__wd1e-04trmiss0_degmodglobal,8,5e-05,0.0001,0.4,2.0,0.25,0.05,lr5e-05_bs8_drop0p4_temp2p0_a0p25_b0p05__wd1e-04trmiss0_degmodglobal,15,0.6307145016533988,0.7151739597320557,0.4444444444444444,0.6782467532467533,0.35714285714285715,0.0,0.5869840468679156,0.6066871200289045,0.06776414864829608,0.1417268184678895,0.0,0.0,0.0,0.0,0.0,18473,global,0.0
2,1,lr5e-05_bs8_drop0p4_temp2p0_a0p25_b0p05__wd1e-04trmiss0_degmodglobal,8,5e-05,0.0001,0.4,2.0,0.25,0.05,lr5e-05_bs8_drop0p4_temp2p0_a0p25_b0p05__wd1e-04trmiss0_degmodglobal,16,0.6229563099997384,0.7267094850540161,0.4666666666666667,0.6898259148259149,0.42857142857142855,0.0,0.6054387518337795,0.604485307421003,0.04812842607498169,0.1287781691976956,0.0,0.0,0.0,0.0,0.0,18473,global,0.0
2,1,lr5e-05_bs8_drop0p4_temp2p0_a0p25_b0p05__wd1e-04trmiss0_degmodglobal,8,5e-05,0.0001,0.4,2.0,0.25,0.05,lr5e-05_bs8_drop0p4_temp2p0_a0p25_b0p05__wd1e-04trmiss0_degmodglobal,17,0.6359159435544696,0.7187209129333496,0.4888888888888889,0.7004079254079254,0.42857142857142855,0.0,0.6128724728311811,0.6100916947637286,0.07167422505361694,0.15811351899589812,0.0,0.0,0.0,0.0,0.0,18473,global,0.0
2,1,lr5e-05_bs8_drop0p4_temp2p0_a0p25_b0p05__wd1e-04trmiss0_degmodglobal,8,5e-05,0.0001,0.4,2.0,0.25,0.05,lr5e-05_bs8_drop0p4_temp2p0_a0p25_b0p05__wd1e-04trmiss0_degmodglobal,18,0.5934892807688031,0.7032345235347748,0.4444444444444444,0.6821098654431987,0.5,0.0,0.5799453258514404,0.5715796266283307,0.06600786639111382,0.10815398315233844,0.0,0.0,0.0,0.0,0.0,18473,global,0.0
2,1,lr5e-05_bs8_drop0p4_temp2p0_a0p25_b0p05__wd1e-04trmiss0_degmodglobal,8,5e-05,0.0001,0.4,2.0,0.25,0.05,lr5e-05_bs8_drop0p4_temp2p0_a0p25_b0p05__wd1e-04trmiss0_degmodglobal,19,0.5812354172979083,0.6995596289634705,0.4222222222222222,0.7057158890492223,0.5,0.0,0.5591117909976414,0.5557684813226972,0.07400844831551824,0.1392965636083058,0.0,0.0,0.0,0.0,0.0,18473,global,0.0
2,1,lr5e-05_bs8_drop0p4_temp2p0_a0p25_b0p05__wd1e-04trmiss0_degmodglobal,8,5e-05,0.0001,0.4,2.0,0.25,0.05,lr5e-05_bs8_drop0p4_temp2p0_a0p25_b0p05__wd1e-04trmiss0_degmodglobal,20,0.6074146287781852,0.704565018415451,0.4888888888888888,0.7097282347282348,0.42857142857142855,0.0,0.5801338383129665,0.5860266515186855,0.06561285736305374,0.0996949105922665,0.0,0.0,0.0,0.0,0.0,18473,global,0.0
2,1,lr5e-05_bs8_drop0p4_temp2p0_a0p25_b0p05__wd1e-04trmiss0_degmodglobal,8,5e-05,0.0001,0.4,2.0,0.25,0.05,lr5e-05_bs8_drop0p4_temp2p0_a0p25_b0p05__wd1e-04trmiss0_degmodglobal,21,0.6160585028784615,0.6957513988018036,0.4888888888888889,0.7390492223825558,0.5714285714285714,0.0,0.5739212206431797,0.5952651415552411,0.059652794152498245,0.11760328284331731,0.0,0.0,0.0,0.0,0.0,18473,global,0.0
2,1,lr5e-05_bs8_drop0p4_temp2p0_a0p25_b0p05__wd1e-04trmiss0_degmodglobal,8,5e-05,0.0001,0.4,2.0,0.25,0.05,lr5e-05_bs8_drop0p4_temp2p0_a0p25_b0p05__wd1e-04trmiss0_degmodglobal,22,0.5900850721767971,0.691963255405426,0.4666666666666667,0.7242344075677409,0.5,0.0,0.5480351448059082,0.5665099280221122,0.07421997136303357,0.10040260904601642,0.0,0.0,0.0,0.0,0.0,18473,global,0.0
2,1,lr5e-05_bs8_drop0p4_temp2p0_a0p25_b0p05__wd1e-04trmiss0_degmodglobal,8,5e-05,0.0001,0.4,2.0,0.25,0.05,lr5e-05_bs8_drop0p4_temp2p0_a0p25_b0p05__wd1e-04trmiss0_degmodglobal,23,0.6221346514565604,0.6928675174713135,0.4666666666666667,0.7414301747635081,0.5,0.0,0.5864412699426923,0.5979505777359009,0.06574512831866741,0.1549555536891733,0.0,0.0,0.0,0.0,0.0,18473,global,0.0
2,1,lr5e-05_bs8_drop0p4_temp2p0_a0p25_b0p05__wd1e-04trmiss0_degmodglobal,8,5e-05,0.0001,0.4,2.0,0.25,0.05,lr5e-05_bs8_drop0p4_temp2p0_a0p25_b0p05__wd1e-04trmiss0_degmodglobal,24,0.5995630366461617,0.6978005468845367,0.5111111111111111,0.7668270001603337,0.5,0.0,0.5471745303698948,0.571456321648189,0.07992155051657132,0.16252642284546578,0.0,0.0,0.0,0.0,0.0,18473,global,0.0
2,1,lr5e-05_bs8_drop0p4_temp2p0_a0p25_b0p05__wd1e-04trmiss0_degmodglobal,8,5e-05,0.0001,0.4,2.0,0.25,0.05,lr5e-05_bs8_drop0p4_temp2p0_a0p25_b0p05__wd1e-04trmiss0_degmodglobal,25,0.6256680147988456,0.6947715580463409,0.5333333333333333,0.7910672660672662,0.6428571428571429,0.0,0.5778872455869403,0.5998982276235308,0.07401279040745326,0.14533172388161933,0.0,0.0,0.0,0.0,0.0,18473,global,0.0
2,1,lr5e-05_bs8_drop0p4_temp2p0_a0p25_b0p05__wd1e-04trmiss0_degmodglobal,8,5e-05,0.0001,0.4,2.0,0.25,0.05,lr5e-05_bs8_drop0p4_temp2p0_a0p25_b0p05__wd1e-04trmiss0_degmodglobal,26,0.5900218997682843,0.6971893012523651,0.6,0.8154660154660156,0.5714285714285714,0.0,0.5452087266104562,0.5651414564677647,0.07244260076965604,0.135396023946149,0.0,0.0,0.0,0.0,0.0,18473,global,0.0
2,1,lr5e-05_bs8_drop0p4_temp2p0_a0p25_b0p05__wd1e-04trmiss0_degmodglobal,8,5e-05,0.0001,0.4,2.0,0.25,0.05,lr5e-05_bs8_drop0p4_temp2p0_a0p25_b0p05__wd1e-04trmiss0_degmodglobal,27,0.5993303401129586,0.6990475654602051,0.5777777777777777,0.7932437932437935,0.5714285714285714,0.0,0.542247691324779,0.5777361733572823,0.06240411422082356,0.11986242341143745,0.0,0.0,0.0,0.0,0.0,18473,global,0.0
2,1,lr5e-05_bs8_drop0p4_temp2p0_a0p25_b0p05__wd1e-04trmiss0_degmodglobal,8,5e-05,0.0001,0.4,2.0,0.25,0.05,lr5e-05_bs8_drop0p4_temp2p0_a0p25_b0p05__wd1e-04trmiss0_degmodglobal,28,0.5772411738123212,0.6704102158546448,0.6222222222222222,0.8247252747252747,0.5714285714285714,0.0,0.5428107976913452,0.5561828783580235,0.05686695235116141,0.1368311159312725,0.0,0.0,0.0,0.0,0.0,18473,global,0.0
2,1,lr5e-05_bs8_drop0p4_temp2p0_a0p25_b0p05__wd1e-04trmiss0_degmodglobal,8,5e-05,0.0001,0.4,2.0,0.25,0.05,lr5e-05_bs8_drop0p4_temp2p0_a0p25_b0p05__wd1e-04trmiss0_degmodglobal,29,0.5808672223772321,0.6915170252323151,0.6,0.7957551707551709,0.5,0.0,0.53716122678348,0.5494359135627747,0.09521551962409701,0.15254858881235123,0.0,0.0,0.0,0.0,0.0,18473,global,0.0
2,1,lr5e-05_bs8_drop0p4_temp2p0_a0p25_b0p05__wd1e-04trmiss0_degmodglobal,8,5e-05,0.0001,0.4,2.0,0.25,0.05,lr5e-05_bs8_drop0p4_temp2p0_a0p25_b0p05__wd1e-04trmiss0_degmodglobal,30,0.6088066611971173,0.6875441074371338,0.6,0.7957551707551709,0.5714285714285714,0.0,0.5290532324995313,0.5817188450268337,0.07692286505230836,0.15714204630681447,0.0,0.0,0.0,0.0,0.0,18473,global,0.0
2,1,lr5e-05_bs8_drop0p4_temp2p0_a0p25_b0p05__wd1e-04trmiss0_degmodglobal,8,5e-05,0.0001,0.4,2.0,0.25,0.05,lr5e-05_bs8_drop0p4_temp2p0_a0p25_b0p05__wd1e-04trmiss0_degmodglobal,31,0.5778129526547023,0.6853215992450714,0.6444444444444444,0.8214285714285716,0.5,0.0,0.5243130028247833,0.5539500117301941,0.06618596666625567,0.1463287334356989,0.0,0.0,0.0,0.0,0.0,18473,global,0.0
2,1,lr5e-05_bs8_drop0p4_temp2p0_a0p25_b0p05__wd1e-04trmiss0_degmodglobal,8,5e-05,0.0001,0.4,2.0,0.25,0.05,lr5e-05_bs8_drop0p4_temp2p0_a0p25_b0p05__wd1e-04trmiss0_degmodglobal,32,0.5911517270973751,0.7043641209602356,0.48888888888888893,0.7410672660672661,0.5,0.0,0.5791375296456474,0.5631052766527448,0.08049449484263148,0.15845648837941034,0.0,0.0,0.0,0.0,0.0,18473,global,0.0
2,1,lr5e-05_bs8_drop0p4_temp2p0_a0p25_b0p05__wd1e-04trmiss0_degmodglobal,8,5e-05,0.0001,0.4,2.0,0.25,0.05,lr5e-05_bs8_drop0p4_temp2p0_a0p25_b0p05__wd1e-04trmiss0_degmodglobal,33,0.5695094210760934,0.7112533748149872,0.39999999999999997,0.6686788520121854,0.5,0.0,0.5426549868924277,0.5388675928115845,0.0851810739508697,0.18693111624036515,0.0,0.0,0.0,0.0,0.0,18473,global,0.0
2,1,lr5e-05_bs8_drop0p4_temp2p0_a0p25_b0p05__wd1e-04trmiss0_degmodglobal,8,5e-05,0.0001,0.4,2.0,0.25,0.05,lr5e-05_bs8_drop0p4_temp2p0_a0p25_b0p05__wd1e-04trmiss0_degmodglobal,34,0.5925021512167794,0.7193644940853119,0.42222222222222217,0.6786334036334036,0.42857142857142855,0.0,0.5629656655447823,0.5608661259923663,0.09508549528462547,0.1572932345526559,0.0,0.0,0.0,0.0,0.0,18473,global,0.0
2,1,lr5e-05_bs8_drop0p4_temp2p0_a0p25_b0p05__wd1e-04trmiss0_degmodglobal,8,5e-05,0.0001,0.4,2.0,0.25,0.05,lr5e-05_bs8_drop0p4_temp2p0_a0p25_b0p05__wd1e-04trmiss0_degmodglobal,35,0.6262024555887494,0.7119229137897491,0.4444444444444444,0.6843314093314095,0.5,0.0,0.5554849675723484,0.5934562683105469,0.08693153357931546,0.22026632194008147,0.0,0.0,0.0,0.0,0.0,18473,global,0.0
2,1,lr5e-05_bs8_drop0p4_temp2p0_a0p25_b0p05__wd1e-04trmiss0_degmodglobal,8,5e-05,0.0001,0.4,2.0,0.25,0.05,lr5e-05_bs8_drop0p4_temp2p0_a0p25_b0p05__wd1e-04trmiss0_degmodglobal,36,0.5829857587814331,0.704504132270813,0.48888888888888893,0.6988095238095238,0.5,0.0,0.5211943132536752,0.5563510996954781,0.08101613872817584,0.12761260835187777,0.0,0.0,0.0,0.0,0.0,18473,global,0.0
2,1,lr5e-05_bs8_drop0p4_temp2p0_a0p25_b0p05__wd1e-04trmiss0_degmodglobal,8,5e-05,0.0001,0.4,2.0,0.25,0.05,lr5e-05_bs8_drop0p4_temp2p0_a0p25_b0p05__wd1e-04trmiss0_degmodglobal,37,0.5996954015323094,0.7002014517784119,0.4666666666666667,0.6931115181115182,0.5,0.0,0.5779939804758344,0.572725351367678,0.0775259935430118,0.1517712644168309,0.0,0.0,0.0,0.0,0.0,18473,global,0.0
2,1,lr5e-05_bs8_drop0p4_temp2p0_a0p25_b0p05__wd1e-04trmiss0_degmodglobal,8,5e-05,0.0001,0.4,2.0,0.25,0.05,lr5e-05_bs8_drop0p4_temp2p0_a0p25_b0p05__wd1e-04trmiss0_degmodglobal,38,0.5728047915867397,0.697644054889679,0.5333333333333333,0.7464285714285714,0.5,0.0,0.5603523594992501,0.5484230433191571,0.07047931956393379,0.13523846651826585,0.0,0.0,0.0,0.0,0.0,18473,global,0.0
2,1,lr5e-05_bs8_drop0p4_temp2p0_a0p25_b0p05__wd1e-04trmiss0_degmodglobal,8,5e-05,0.0001,0.4,2.0,0.25,0.05,lr5e-05_bs8_drop0p4_temp2p0_a0p25_b0p05__wd1e-04trmiss0_degmodglobal,39,0.5789264525685992,0.7003361880779266,0.5111111111111111,0.7393578643578644,0.5,0.0,0.5274309260504586,0.5431683574404035,0.09870981744357518,0.22161252264465606,0.0,0.0,0.0,0.0,0.0,18473,global,0.0
2,1,lr5e-05_bs8_drop0p4_temp2p0_a0p25_b0p05__wd1e-04trmiss0_degmodglobal,8,5e-05,0.0001,0.4,2.0,0.25,0.05,lr5e-05_bs8_drop0p4_temp2p0_a0p25_b0p05__wd1e-04trmiss0_degmodglobal,40,0.6131353037697929,0.6955373585224152,0.5333333333333333,0.7492784992784993,0.42857142857142855,0.0,0.5732853753226144,0.5802036353519985,0.09869982461844172,0.16513454275471823,0.0,0.0,0.0,0.0,0.0,18473,global,0.0
2,1,lr5e-05_bs8_drop0p4_temp2p0_a0p25_b0p05__wd1e-04trmiss0_degmodglobal,8,5e-05,0.0001,0.4,2.0,0.25,0.05,lr5e-05_bs8_drop0p4_temp2p0_a0p25_b0p05__wd1e-04trmiss0_degmodglobal,41,0.5863208259854998,0.6942771673202515,0.5333333333333333,0.7492784992784993,0.42857142857142855,0.0,0.5103954289640699,0.5505623902593341,0.10322334244847298,0.19905216619372368,0.0,0.0,0.0,0.0,0.0,18473,global,0.0
2,1,lr5e-05_bs8_drop0p4_temp2p0_a0p25_b0p05__wd1e-04trmiss0_degmodglobal,8,5e-05,0.0001,0.4,2.0,0.25,0.05,lr5e-05_bs8_drop0p4_temp2p0_a0p25_b0p05__wd1e-04trmiss0_degmodglobal,42,0.5722101245607648,0.6910241544246674,0.5777777777777777,0.7656084656084656,0.42857142857142855,0.0,0.4901909955910274,0.5380949548312596,0.1023761225598199,0.1704229371888297,0.0,0.0,0.0,0.0,0.0,18473,global,0.0
2,1,lr5e-05_bs8_drop0p4_temp2p0_a0p25_b0p05__wd1e-04trmiss0_degmodglobal,8,5e-05,0.0001,0.4,2.0,0.25,0.05,lr5e-05_bs8_drop0p4_temp2p0_a0p25_b0p05__wd1e-04trmiss0_degmodglobal,43,0.5991171853882926,0.6911088526248932,0.5555555555555556,0.7563492063492065,0.5,0.0,0.5654329189232418,0.5656416714191437,0.09672833819474493,0.18586865972195352,0.0,0.0,0.0,0.0,0.0,18473,global,0.0
2,1,lr5e-05_bs8_drop0p4_temp2p0_a0p25_b0p05__wd1e-04trmiss0_degmodglobal,8,5e-05,0.0001,0.4,2.0,0.25,0.05,lr5e-05_bs8_drop0p4_temp2p0_a0p25_b0p05__wd1e-04trmiss0_degmodglobal,44,0.5822721890040806,0.6888044476509094,0.5555555555555555,0.7770562770562772,0.5714285714285714,0.0,0.5005463574613843,0.5501533320971898,0.09216578304767609,0.18154829208339965,0.0,0.0,0.0,0.0,0.0,18473,global,0.0
2,1,lr5e-05_bs8_drop0p4_temp2p0_a0p25_b0p05__wd1e-04trmiss0_degmodglobal,8,5e-05,0.0001,0.4,2.0,0.25,0.05,lr5e-05_bs8_drop0p4_temp2p0_a0p25_b0p05__wd1e-04trmiss0_degmodglobal,45,0.594081631728581,0.6863507032394409,0.5777777777777777,0.7841269841269842,0.5714285714285714,0.0,0.51086944767407,0.5589613233293805,0.10271155914025647,0.18884851889950888,0.0,0.0,0.0,0.0,0.0,18473,global,0.0
2,1,lr5e-05_bs8_drop0p4_temp2p0_a0p25_b0p05__wd1e-04trmiss0_degmodglobal,8,5e-05,0.0001,0.4,2.0,0.25,0.05,lr5e-05_bs8_drop0p4_temp2p0_a0p25_b0p05__wd1e-04trmiss0_degmodglobal,46,0.5801771708897182,0.6915391385555267,0.5555555555555555,0.7770562770562772,0.5,0.0,0.5424008028847831,0.553497531584331,0.08331392332911491,0.11702305411121675,0.0,0.0,0.0,0.0,0.0,18473,global,0.0
2,1,lr5e-05_bs8_drop0p4_temp2p0_a0p25_b0p05__wd1e-04trmiss0_degmodglobal,8,5e-05,0.0001,0.4,2.0,0.25,0.05,lr5e-05_bs8_drop0p4_temp2p0_a0p25_b0p05__wd1e-04trmiss0_degmodglobal,47,0.5656372819628034,0.6935696303844452,0.5555555555555555,0.7770562770562772,0.5,0.0,0.5061669094221932,0.5371327144759042,0.08441134542226791,0.14803464604275568,0.0,0.0,0.0,0.0,0.0,18473,global,0.0
2,1,lr5e-05_bs8_drop0p4_temp2p0_a0p25_b0p05__wd1e-04trmiss0_degmodglobal,8,5e-05,0.0001,0.4,2.0,0.25,0.05,lr5e-05_bs8_drop0p4_temp2p0_a0p25_b0p05__wd1e-04trmiss0_degmodglobal,48,0.5740224719047546,0.6941210627555847,0.5555555555555555,0.7770562770562772,0.5,0.0,0.47668698855808805,0.5367395622389657,0.10825463011860847,0.20438497832843236,0.0,0.0,0.0,0.0,0.0,18473,global,0.0
2,1,lr5e-05_bs8_drop0p4_temp2p0_a0p25_b0p05__wd1e-04trmiss0_degmodglobal,8,5e-05,0.0001,0.4,2.0,0.25,0.05,lr5e-05_bs8_drop0p4_temp2p0_a0p25_b0p05__wd1e-04trmiss0_degmodglobal,49,0.583955568926675,0.697126567363739,0.5333333333333332,0.7671356421356421,0.42857142857142855,0.0,0.5121164236749921,0.5589014291763306,0.07351010824952807,0.13353220000863075,0.0,0.0,0.0,0.0,0.0,18473,global,0.0
2,1,lr5e-05_bs8_drop0p4_temp2p0_a0p25_b0p05__wd1e-04trmiss0_degmodglobal,8,5e-05,0.0001,0.4,2.0,0.25,0.05,lr5e-05_bs8_drop0p4_temp2p0_a0p25_b0p05__wd1e-04trmiss0_degmodglobal,50,0.5898131898471287,0.7013402283191681,0.4888888888888888,0.7287758537758537,0.42857142857142855,0.0,0.49865334800311495,0.5573035776615143,0.08862680941820145,0.20705817426953996,0.0,0.0,0.0,0.0,0.0,18473,global,0.0
2,1,lr5e-05_bs8_drop0p4_temp2p0_a0p25_b0p05__wd1e-04trmiss0_degmodglobal,8,5e-05,0.0001,0.4,2.0,0.25,0.05,lr5e-05_bs8_drop0p4_temp2p0_a0p25_b0p05__wd1e-04trmiss0_degmodglobal,51,0.5840328931808472,0.7060876786708832,0.4888888888888888,0.7287758537758537,0.5,0.0,0.4873144839491163,0.5507874999727521,0.09340911997216088,0.1978622621723584,0.0,0.0,0.0,0.0,0.0,18473,global,0.0
2,1,lr1e-05_bs8_drop0p2_temp1p0_a0p25_b0p05__wd1e-04trmiss0_degmodglobal,8,1e-05,0.0001,0.2,1.0,0.25,0.05,lr1e-05_bs8_drop0p2_temp1p0_a0p25_b0p05__wd1e-04trmiss0_degmodglobal,1,0.7189843910081046,0.639018714427948,0.8888888888888888,0.9459876543209877,0.7142857142857143,0.0,0.6657312342098781,0.703002427305494,0.036528292511190684,0.13699794241360255,0.0,0.0,0.0,0.0,0.0,18473,global,0.0
2,1,lr1e-05_bs8_drop0p2_temp1p0_a0p25_b0p05__wd1e-04trmiss0_degmodglobal,8,1e-05,0.0001,0.2,1.0,0.25,0.05,lr1e-05_bs8_drop0p2_temp1p0_a0p25_b0p05__wd1e-04trmiss0_degmodglobal,2,0.6918943268912179,0.6267146170139313,0.8888888888888888,0.9459876543209877,0.7857142857142857,0.0,0.654243426663535,0.6802250572613308,0.026822546496987343,0.09927266303982053,0.0,0.0,0.0,0.0,0.0,18473,global,0.0
2,1,lr1e-05_bs8_drop0p2_temp1p0_a0p25_b0p05__wd1e-04trmiss0_degmodglobal,8,1e-05,0.0001,0.2,1.0,0.25,0.05,lr1e-05_bs8_drop0p2_temp1p0_a0p25_b0p05__wd1e-04trmiss0_degmodglobal,3,0.6931571705000741,0.6173996031284332,0.8666666666666666,0.9361111111111113,0.7857142857142857,0.0,0.6573632444654193,0.6793931126594543,0.035067680957061906,0.09994259317006383,0.0,0.0,0.0,0.0,0.0,18473,global,0.0
2,1,lr1e-05_bs8_drop0p2_temp1p0_a0p25_b0p05__wd1e-04trmiss0_degmodglobal,8,1e-05,0.0001,0.2,1.0,0.25,0.05,lr1e-05_bs8_drop0p2_temp1p0_a0p25_b0p05__wd1e-04trmiss0_degmodglobal,4,0.6812391792024884,0.6154460608959198,0.8666666666666666,0.9361111111111113,0.7857142857142857,0.0,0.631836303642818,0.6675224304199219,0.03064480423927307,0.12111076925482069,0.0,0.0,0.0,0.0,0.0,18473,global,0.0
2,1,lr1e-05_bs8_drop0p2_temp1p0_a0p25_b0p05__wd1e-04trmiss0_degmodglobal,8,1e-05,0.0001,0.2,1.0,0.25,0.05,lr1e-05_bs8_drop0p2_temp1p0_a0p25_b0p05__wd1e-04trmiss0_degmodglobal,5,0.6880834783826556,0.6084085404872894,0.8888888888888888,0.9436868686868689,0.7857142857142857,0.0,0.6401858925819397,0.6742062653814044,0.03091282956302166,0.12298008799552917,0.0,0.0,0.0,0.0,0.0,18473,global,0.0
2,1,lr1e-05_bs8_drop0p2_temp1p0_a0p25_b0p05__wd1e-04trmiss0_degmodglobal,8,1e-05,0.0001,0.2,1.0,0.25,0.05,lr1e-05_bs8_drop0p2_temp1p0_a0p25_b0p05__wd1e-04trmiss0_degmodglobal,6,0.6931612065860203,0.599795788526535,0.8666666666666666,0.9361111111111113,0.7857142857142857,0.0,0.6318661655698504,0.6799371668270656,0.029285268325890814,0.11805484231029238,0.0,0.0,0.0,0.0,0.0,18473,global,0.0
2,1,lr1e-05_bs8_drop0p2_temp1p0_a0p25_b0p05__wd1e-04trmiss0_degmodglobal,8,1e-05,0.0001,0.2,1.0,0.25,0.05,lr1e-05_bs8_drop0p2_temp1p0_a0p25_b0p05__wd1e-04trmiss0_degmodglobal,7,0.6879553624561855,0.6005834639072418,0.9111111111111111,0.9535634118967453,0.7857142857142857,0.0,0.6422100833484105,0.6728244764464242,0.03302307613193989,0.13750220835208893,0.0,0.0,0.0,0.0,0.0,18473,global,0.0
2,1,lr1e-05_bs8_drop0p2_temp1p0_a0p25_b0p05__wd1e-04trmiss0_degmodglobal,8,1e-05,0.0001,0.2,1.0,0.25,0.05,lr1e-05_bs8_drop0p2_temp1p0_a0p25_b0p05__wd1e-04trmiss0_degmodglobal,8,0.6785771335874285,0.597284346818924,0.9333333333333333,0.9674523007856344,0.8571428571428571,0.0,0.6090496012142727,0.6660135814121791,0.028388556891254017,0.10932812307562147,0.0,0.0,0.0,0.0,0.0,18473,global,0.0
2,1,lr1e-05_bs8_drop0p2_temp1p0_a0p25_b0p05__wd1e-04trmiss0_degmodglobal,8,1e-05,0.0001,0.2,1.0,0.25,0.05,lr1e-05_bs8_drop0p2_temp1p0_a0p25_b0p05__wd1e-04trmiss0_degmodglobal,9,0.6721124819346836,0.5927567183971405,0.9555555555555556,0.9765432098765434,0.8571428571428571,0.0,0.6511200751577105,0.6542012861796788,0.03993688204458782,0.15853975393942424,0.0,0.0,0.0,0.0,0.0,18473,global,0.0
2,1,lr1e-05_bs8_drop0p2_temp1p0_a0p25_b0p05__wd1e-04trmiss0_degmodglobal,8,1e-05,0.0001,0.2,1.0,0.25,0.05,lr1e-05_bs8_drop0p2_temp1p0_a0p25_b0p05__wd1e-04trmiss0_degmodglobal,10,0.6987041660717556,0.5919694304466248,0.9555555555555556,0.9765432098765434,0.8571428571428571,0.0,0.6320884142603193,0.6817165613174438,0.037607257653559954,0.1517159268260002,0.0,0.0,0.0,0.0,0.0,18473,global,0.0
2,1,lr1e-05_bs8_drop0p2_temp1p0_a0p25_b0p05__wd1e-04trmiss0_degmodglobal,8,1e-05,0.0001,0.2,1.0,0.25,0.05,lr1e-05_bs8_drop0p2_temp1p0_a0p25_b0p05__wd1e-04trmiss0_degmodglobal,11,0.6703334450721741,0.5933070480823517,0.9111111111111111,0.9575757575757577,0.8571428571428571,0.0,0.6157757554735456,0.6561197979109628,0.035259539527552466,0.10797511679785592,0.0,0.0,0.0,0.0,0.0,18473,global,0.0
2,1,lr1e-05_bs8_drop0p2_temp1p0_a0p25_b0p05__wd1e-04trmiss0_degmodglobal,8,1e-05,0.0001,0.2,1.0,0.25,0.05,lr1e-05_bs8_drop0p2_temp1p0_a0p25_b0p05__wd1e-04trmiss0_degmodglobal,12,0.6644576958247593,0.5998794436454773,0.9777777777777779,0.9888888888888892,0.7857142857142857,0.0,0.5997419783047268,0.6505015066691807,0.03197537202920232,0.11924686442528452,0.0,0.0,0.0,0.0,0.0,18473,global,0.0
2,1,lr1e-05_bs8_drop0p2_temp1p0_a0p25_b0p05__wd1e-04trmiss0_degmodglobal,8,1e-05,0.0001,0.2,1.0,0.25,0.05,lr1e-05_bs8_drop0p2_temp1p0_a0p25_b0p05__wd1e-04trmiss0_degmodglobal,13,0.6476657305444989,0.5983085632324219,0.9777777777777779,0.9888888888888892,0.7857142857142857,0.0,0.621339636189597,0.6357566884585789,0.02923819768641676,0.0919898474322898,0.0,0.0,0.0,0.0,0.0,18473,global,0.0
2,1,lr1e-05_bs8_drop0p2_temp1p0_a0p25_b0p05__wd1e-04trmiss0_degmodglobal,8,1e-05,0.0001,0.2,1.0,0.25,0.05,lr1e-05_bs8_drop0p2_temp1p0_a0p25_b0p05__wd1e-04trmiss0_degmodglobal,14,0.6516020212854657,0.5818068385124207,0.9111111111111111,0.9535634118967453,0.7142857142857143,0.0,0.5934778792517525,0.6383632676942008,0.03013725365911211,0.11408881789871625,0.0,0.0,0.0,0.0,0.0,18473,global,0.0
2,1,lr1e-05_bs8_drop0p2_temp1p0_a0p25_b0p05__wd1e-04trmiss0_degmodglobal,8,1e-05,0.0001,0.2,1.0,0.25,0.05,lr1e-05_bs8_drop0p2_temp1p0_a0p25_b0p05__wd1e-04trmiss0_degmodglobal,15,0.6400914447648185,0.5796709060668945,0.9333333333333333,0.9674523007856344,0.7857142857142857,0.0,0.6035569139889309,0.626906727041517,0.03156819300992148,0.10585337185433932,0.0,0.0,0.0,0.0,0.0,18473,global,0.0
2,1,lr1e-05_bs8_drop0p2_temp1p0_a0p25_b0p05__wd1e-04trmiss0_degmodglobal,8,1e-05,0.0001,0.2,1.0,0.25,0.05,lr1e-05_bs8_drop0p2_temp1p0_a0p25_b0p05__wd1e-04trmiss0_degmodglobal,16,0.6494256002562386,0.568976104259491,0.8666666666666667,0.9328843995510663,0.7857142857142857,0.0,0.592391814504351,0.6355245964867728,0.03368386546415942,0.10960062859313828,0.0,0.0,0.0,0.0,0.0,18473,global,0.0
2,1,lr1e-05_bs8_drop0p2_temp1p0_a0p25_b0p05__wd1e-04trmiss0_degmodglobal,8,1e-05,0.0001,0.2,1.0,0.25,0.05,lr1e-05_bs8_drop0p2_temp1p0_a0p25_b0p05__wd1e-04trmiss0_degmodglobal,17,0.6952745829309736,0.5683174729347229,0.8666666666666667,0.9328843995510663,0.6428571428571429,0.0,0.5661857894488743,0.6731539028031486,0.04313327505120209,0.2267471876527582,0.0,0.0,0.0,0.0,0.0,18473,global,0.0
2,1,lr1e-05_bs8_drop0p2_temp1p0_a0p25_b0p05__wd1e-04trmiss0_degmodglobal,8,1e-05,0.0001,0.2,1.0,0.25,0.05,lr1e-05_bs8_drop0p2_temp1p0_a0p25_b0p05__wd1e-04trmiss0_degmodglobal,18,0.6510342018944877,0.57445228099823,0.8666666666666667,0.9328843995510663,0.6428571428571429,0.0,0.5802558617932456,0.6382794976234436,0.029977024798946723,0.10520855124507632,0.0,0.0,0.0,0.0,0.0,18473,global,0.0
2,1,lr1e-05_bs8_drop0p2_temp1p0_a0p25_b0p05__wd1e-04trmiss0_degmodglobal,8,1e-05,0.0001,0.2,1.0,0.25,0.05,lr1e-05_bs8_drop0p2_temp1p0_a0p25_b0p05__wd1e-04trmiss0_degmodglobal,19,0.6450875656945365,0.5725521743297577,0.8666666666666667,0.9328843995510663,0.6428571428571429,0.0,0.5938571521214077,0.6271184597696576,0.037981165306908746,0.1694761881870883,0.0,0.0,0.0,0.0,0.0,18473,global,0.0
2,1,lr1e-05_bs8_drop0p2_temp1p0_a0p25_b0p05__wd1e-04trmiss0_degmodglobal,8,1e-05,0.0001,0.2,1.0,0.25,0.05,lr1e-05_bs8_drop0p2_temp1p0_a0p25_b0p05__wd1e-04trmiss0_degmodglobal,20,0.6465291806629726,0.5705094337463379,0.8666666666666667,0.9328843995510663,0.6428571428571429,0.0,0.5895416906901768,0.630275045122419,0.038642757439187596,0.13186922137226378,0.0,0.0,0.0,0.0,0.0,18473,global,0.0
2,1,lr1e-05_bs8_drop0p2_temp1p0_a0p25_b0p05__wd1e-04trmiss0_degmodglobal,8,1e-05,0.0001,0.2,1.0,0.25,0.05,lr1e-05_bs8_drop0p2_temp1p0_a0p25_b0p05__wd1e-04trmiss0_degmodglobal,21,0.6426905138151986,0.5725310444831848,0.8666666666666667,0.9328843995510663,0.6428571428571429,0.0,0.5705181019646781,0.6278423496655056,0.03475419618189335,0.12319226030792509,0.0,0.0,0.0,0.0,0.0,18473,global,0.0
2,1,lr1e-05_bs8_drop0p2_temp1p0_a0p25_b0p05__wd1e-04trmiss0_degmodglobal,8,1e-05,0.0001,0.2,1.0,0.25,0.05,lr1e-05_bs8_drop0p2_temp1p0_a0p25_b0p05__wd1e-04trmiss0_degmodglobal,22,0.6498314227376666,0.5799748003482819,0.8666666666666667,0.9328843995510663,0.7142857142857143,0.0,0.5677045668874469,0.6324954032897949,0.041435971057840755,0.13954057810561998,0.0,0.0,0.0,0.0,0.0,18473,global,0.0
2,1,lr1e-05_bs8_drop0p2_temp1p0_a0p25_b0p05__wd1e-04trmiss0_degmodglobal,8,1e-05,0.0001,0.2,1.0,0.25,0.05,lr1e-05_bs8_drop0p2_temp1p0_a0p25_b0p05__wd1e-04trmiss0_degmodglobal,23,0.6348331996372768,0.5741798281669617,0.8666666666666667,0.9328843995510663,0.6428571428571429,0.0,0.5644457851137433,0.6158199054854256,0.047470367912735255,0.14291386199848993,0.0,0.0,0.0,0.0,0.0,18473,global,0.0
2,1,lr1e-05_bs8_drop0p2_temp1p0_a0p25_b0p05__wd1e-04trmiss0_degmodglobal,8,1e-05,0.0001,0.2,1.0,0.25,0.05,lr1e-05_bs8_drop0p2_temp1p0_a0p25_b0p05__wd1e-04trmiss0_degmodglobal,24,0.6533161316599164,0.5735911428928375,0.8666666666666667,0.9328843995510663,0.6428571428571429,0.0,0.5487448402813503,0.638203637940543,0.032559821382164955,0.13945113122463226,0.0,0.0,0.0,0.0,0.0,18473,global,0.0
2,1,lr1e-05_bs8_drop0p2_temp1p0_a0p25_b0p05__wd1e-04trmiss0_degmodglobal,8,1e-05,0.0001,0.2,1.0,0.25,0.05,lr1e-05_bs8_drop0p2_temp1p0_a0p25_b0p05__wd1e-04trmiss0_degmodglobal,25,0.6345262272017342,0.5700342655181885,0.8666666666666667,0.9328843995510663,0.6428571428571429,0.0,0.5834334662982396,0.619455167225429,0.03612292903874602,0.12080647423863411,0.0,0.0,0.0,0.0,0.0,18473,global,0.0
2,1,lr1e-05_bs8_drop0p2_temp1p0_a0p25_b0p05__wd1e-04trmiss0_degmodglobal,8,1e-05,0.0001,0.2,1.0,0.25,0.05,lr1e-05_bs8_drop0p2_temp1p0_a0p25_b0p05__wd1e-04trmiss0_degmodglobal,26,0.6498750873974392,0.5784715116024017,0.8666666666666667,0.9328843995510663,0.6428571428571429,0.0,0.5782605069024223,0.6334475364003863,0.03832775194730077,0.1369123895253454,0.0,0.0,0.0,0.0,0.0,18473,global,0.0
2,1,lr1e-05_bs8_drop0p2_temp1p0_a0p25_b0p05__wd1e-04trmiss0_degmodglobal,8,1e-05,0.0001,0.2,1.0,0.25,0.05,lr1e-05_bs8_drop0p2_temp1p0_a0p25_b0p05__wd1e-04trmiss0_degmodglobal,27,0.6248348099844796,0.5796236395835876,0.8666666666666667,0.9328843995510663,0.6428571428571429,0.0,0.5594246728079659,0.605597334248679,0.045010763087442944,0.15969546352113997,0.0,0.0,0.0,0.0,0.0,18473,global,0.0
2,1,lr1e-05_bs8_drop0p2_temp1p0_a0p25_b0p05__wd1e-04trmiss0_degmodglobal,8,1e-05,0.0001,0.2,1.0,0.25,0.05,lr1e-05_bs8_drop0p2_temp1p0_a0p25_b0p05__wd1e-04trmiss0_degmodglobal,28,0.6288776312555585,0.5782868266105652,0.8666666666666667,0.9328843995510663,0.7142857142857143,0.0,0.5381198269980294,0.6125497562544686,0.04004469992859023,0.1263339426368475,0.0,0.0,0.0,0.0,0.0,18473,global,0.0
2,1,lr1e-05_bs8_drop0p2_temp1p0_a0p25_b0p05__wd1e-04trmiss0_degmodglobal,8,1e-05,0.0001,0.2,1.0,0.25,0.05,lr1e-05_bs8_drop0p2_temp1p0_a0p25_b0p05__wd1e-04trmiss0_degmodglobal,29,0.6281118052346366,0.5837798118591309,0.8666666666666667,0.9278138528138529,0.7142857142857143,0.0,0.5538788522992816,0.6091015679495675,0.044902523181268146,0.1556922575192792,0.0,0.0,0.0,0.0,0.0,18473,global,0.0
2,1,lr1e-05_bs8_drop0p2_temp1p0_a0p25_b0p05__wd1e-04trmiss0_degmodglobal,8,1e-05,0.0001,0.2,1.0,0.25,0.05,lr1e-05_bs8_drop0p2_temp1p0_a0p25_b0p05__wd1e-04trmiss0_degmodglobal,30,0.6297474503517151,0.5816275179386139,0.8666666666666667,0.9278138528138529,0.7857142857142857,0.0,0.5381633639335632,0.6117795194898333,0.042576483583876064,0.14647585153579712,0.0,0.0,0.0,0.0,0.0,18473,global,0.0
2,1,lr1e-05_bs8_drop0p2_temp1p0_a0p25_b0p05__wd1e-04trmiss0_degmodglobal,8,1e-05,0.0001,0.2,1.0,0.25,0.05,lr1e-05_bs8_drop0p2_temp1p0_a0p25_b0p05__wd1e-04trmiss0_degmodglobal,31,0.6223264336585999,0.5802119970321655,0.8666666666666667,0.9278138528138529,0.7857142857142857,0.0,0.5602649578026363,0.6041249547685895,0.045931226440838406,0.13437324576079845,0.0,0.0,0.0,0.0,0.0,18473,global,0.0
2,1,lr1e-05_bs8_drop0p2_temp1p0_a0p25_b0p05__wd1e-04trmiss0_degmodglobal,8,1e-05,0.0001,0.2,1.0,0.25,0.05,lr1e-05_bs8_drop0p2_temp1p0_a0p25_b0p05__wd1e-04trmiss0_degmodglobal,32,0.6342111996241978,0.5839579105377197,0.8666666666666667,0.9278138528138529,0.7142857142857143,0.0,0.550276688167027,0.6179323877607074,0.03880045562982559,0.13157407460468157,0.0,0.0,0.0,0.0,0.0,18473,global,0.0
2,1,lr1e-05_bs8_drop0p2_temp1p0_a0p25_b0p05__wd1e-04trmiss0_degmodglobal,8,1e-05,0.0001,0.2,1.0,0.25,0.05,lr1e-05_bs8_drop0p2_temp1p0_a0p25_b0p05__wd1e-04trmiss0_degmodglobal,33,0.6378095490591866,0.5830253064632416,0.8666666666666667,0.9278138528138529,0.7142857142857143,0.0,0.5310347250529698,0.6144851957048688,0.05235109371798379,0.20473180817706244,0.0,0.0,0.0,0.0,0.0,18473,global,0.0
2,1,lr1e-05_bs8_drop0p2_temp2p0_a0p25_b0p05__wd1e-04trmiss0_degmodglobal,8,1e-05,0.0001,0.2,2.0,0.25,0.05,lr1e-05_bs8_drop0p2_temp2p0_a0p25_b0p05__wd1e-04trmiss0_degmodglobal,1,0.7025419133050101,0.6795811951160431,0.39999999999999997,0.6098876432209765,0.6428571428571429,0.0,0.6624538898468018,0.689000529902322,0.03186355025640556,0.11150987872055598,0.0,0.0,0.0,0.0,0.0,18473,global,0.0
2,1,lr1e-05_bs8_drop0p2_temp2p0_a0p25_b0p05__wd1e-04trmiss0_degmodglobal,8,1e-05,0.0001,0.2,2.0,0.25,0.05,lr1e-05_bs8_drop0p2_temp2p0_a0p25_b0p05__wd1e-04trmiss0_degmodglobal,2,0.6946707027299064,0.6778096854686737,0.37777777777777777,0.5987765321098655,0.6428571428571429,0.0,0.6578035014016288,0.6819507139069694,0.029646611107247218,0.10616671506847654,0.0,0.0,0.0,0.0,0.0,18473,global,0.0
2,1,lr1e-05_bs8_drop0p2_temp2p0_a0p25_b0p05__wd1e-04trmiss0_degmodglobal,8,1e-05,0.0001,0.2,2.0,0.25,0.05,lr1e-05_bs8_drop0p2_temp2p0_a0p25_b0p05__wd1e-04trmiss0_degmodglobal,3,0.6881151029041835,0.6724275350570679,0.4444444444444444,0.6342703592703594,0.6428571428571429,0.0,0.6579154814992633,0.6734624419893537,0.03607992508581707,0.11265354976058006,0.0,0.0,0.0,0.0,0.0,18473,global,0.0
2,1,lr1e-05_bs8_drop0p2_temp2p0_a0p25_b0p05__wd1e-04trmiss0_degmodglobal,8,1e-05,0.0001,0.2,2.0,0.25,0.05,lr1e-05_bs8_drop0p2_temp2p0_a0p25_b0p05__wd1e-04trmiss0_degmodglobal,4,0.692650386265346,0.6656370460987091,0.4444444444444444,0.6342703592703594,0.6428571428571429,0.0,0.6494739651679993,0.6751879113061088,0.039071766925709586,0.1538907406585557,0.0,0.0,0.0,0.0,0.0,18473,global,0.0
2,1,lr1e-05_bs8_drop0p2_temp2p0_a0p25_b0p05__wd1e-04trmiss0_degmodglobal,8,1e-05,0.0001,0.2,2.0,0.25,0.05,lr1e-05_bs8_drop0p2_temp2p0_a0p25_b0p05__wd1e-04trmiss0_degmodglobal,5,0.655133843421936,0.6608572602272034,0.4666666666666666,0.6448523698523699,0.7142857142857143,0.0,0.6698756217956543,0.6410516330174038,0.03272780829242298,0.1180050667109234,0.0,0.0,0.0,0.0,0.0,18473,global,0.0
2,1,lr1e-05_bs8_drop0p2_temp2p0_a0p25_b0p05__wd1e-04trmiss0_degmodglobal,8,1e-05,0.0001,0.2,2.0,0.25,0.05,lr1e-05_bs8_drop0p2_temp2p0_a0p25_b0p05__wd1e-04trmiss0_degmodglobal,6,0.660032434122903,0.6627858281135559,0.4888888888888889,0.6547730047730048,0.7142857142857143,0.0,0.6594381076948983,0.6451736092567444,0.034791793142046244,0.12321764124291283,0.0,0.0,0.0,0.0,0.0,18473,global,0.0
2,1,lr1e-05_bs8_drop0p2_temp2p0_a0p25_b0p05__wd1e-04trmiss0_degmodglobal,8,1e-05,0.0001,0.2,2.0,0.25,0.05,lr1e-05_bs8_drop0p2_temp2p0_a0p25_b0p05__wd1e-04trmiss0_degmodglobal,7,0.6926490153585162,0.6619336605072021,0.4666666666666666,0.6381063381063381,0.7142857142857143,0.0,0.6447117839540754,0.6775236555508205,0.034503966835992675,0.12998754105397634,0.0,0.0,0.0,0.0,0.0,18473,global,0.0
2,1,lr1e-05_bs8_drop0p2_temp2p0_a0p25_b0p05__wd1e-04trmiss0_degmodglobal,8,1e-05,0.0001,0.2,2.0,0.25,0.05,lr1e-05_bs8_drop0p2_temp2p0_a0p25_b0p05__wd1e-04trmiss0_degmodglobal,8,0.6540028027125767,0.664372444152832,0.5111111111111111,0.6621804121804122,0.6428571428571429,0.0,0.6348840764590672,0.6405421495437622,0.03314401741538729,0.10349266470542975,0.0,0.0,0.0,0.0,0.0,18473,global,0.0
2,1,lr1e-05_bs8_drop0p2_temp2p0_a0p25_b0p05__wd1e-04trmiss0_degmodglobal,8,1e-05,0.0001,0.2,2.0,0.25,0.05,lr1e-05_bs8_drop0p2_temp2p0_a0p25_b0p05__wd1e-04trmiss0_degmodglobal,9,0.6475045680999756,0.6651766300201416,0.4888888888888889,0.6455137455137455,0.7142857142857143,0.0,0.6426980240004403,0.635500294821603,0.028550322566713606,0.09733400866389275,0.0,0.0,0.0,0.0,0.0,18473,global,0.0
2,1,lr1e-05_bs8_drop0p2_temp2p0_a0p25_b0p05__wd1e-04trmiss0_degmodglobal,8,1e-05,0.0001,0.2,2.0,0.25,0.05,lr1e-05_bs8_drop0p2_temp2p0_a0p25_b0p05__wd1e-04trmiss0_degmodglobal,10,0.6467600464820862,0.6642666459083557,0.4888888888888889,0.6455137455137455,0.6428571428571429,0.0,0.6303634813853672,0.6320866090910775,0.03370449372700283,0.12494644203356334,0.0,0.0,0.0,0.0,0.0,18473,global,0.0
2,1,lr1e-05_bs8_drop0p2_temp2p0_a0p25_b0p05__wd1e-04trmiss0_degmodglobal,8,1e-05,0.0001,0.2,2.0,0.25,0.05,lr1e-05_bs8_drop0p2_temp2p0_a0p25_b0p05__wd1e-04trmiss0_degmodglobal,11,0.6482609595571246,0.6628260612487793,0.4666666666666666,0.626995226995227,0.6428571428571429,0.0,0.63190096616745,0.6372556090354919,0.02891777123191527,0.07551842721711312,0.0,0.0,0.0,0.0,0.0,18473,global,0.0
2,1,lr1e-05_bs8_drop0p2_temp2p0_a0p25_b0p05__wd1e-04trmiss0_degmodglobal,8,1e-05,0.0001,0.2,2.0,0.25,0.05,lr1e-05_bs8_drop0p2_temp2p0_a0p25_b0p05__wd1e-04trmiss0_degmodglobal,12,0.6501267552375793,0.6621336340904236,0.4666666666666666,0.6381063381063381,0.6428571428571429,0.0,0.6509930746895927,0.6389859063284737,0.02891553778733526,0.07823924347758293,0.0,0.0,0.0,0.0,0.0,18473,global,0.0
2,1,lr1e-05_bs8_drop0p2_temp2p0_a0p25_b0p05__wd1e-04trmiss0_degmodglobal,8,1e-05,0.0001,0.2,2.0,0.25,0.05,lr1e-05_bs8_drop0p2_temp2p0_a0p25_b0p05__wd1e-04trmiss0_degmodglobal,13,0.6321502583367484,0.6677424013614655,0.42222222222222217,0.6096671846671847,0.5714285714285714,0.0,0.6160964029175895,0.6215294514383588,0.026840027953897203,0.07821589122925486,0.0,0.0,0.0,0.0,0.0,18473,global,0.0
2,1,lr1e-05_bs8_drop0p2_temp2p0_a0p25_b0p05__wd1e-04trmiss0_degmodglobal,8,1e-05,0.0001,0.2,2.0,0.25,0.05,lr1e-05_bs8_drop0p2_temp2p0_a0p25_b0p05__wd1e-04trmiss0_degmodglobal,14,0.6257636802537101,0.6674269139766693,0.4444444444444444,0.6170745920745921,0.5714285714285714,0.0,0.6162188904626029,0.6138704078538078,0.03125047843371119,0.08161276312811035,0.0,0.0,0.0,0.0,0.0,18473,global,0.0
2,1,lr1e-05_bs8_drop0p2_temp2p0_a0p25_b0p05__wd1e-04trmiss0_degmodglobal,8,1e-05,0.0001,0.2,2.0,0.25,0.05,lr1e-05_bs8_drop0p2_temp2p0_a0p25_b0p05__wd1e-04trmiss0_degmodglobal,15,0.6415172645023891,0.668289452791214,0.42222222222222217,0.6064925814925815,0.6428571428571429,0.0,0.625658895288195,0.6274421896253314,0.03445760692868914,0.10921352542936802,0.0,0.0,0.0,0.0,0.0,18473,global,0.0
2,1,lr1e-05_bs8_drop0p2_temp2p0_a0p25_b0p05__wd1e-04trmiss0_degmodglobal,8,1e-05,0.0001,0.2,2.0,0.25,0.05,lr1e-05_bs8_drop0p2_temp2p0_a0p25_b0p05__wd1e-04trmiss0_degmodglobal,16,0.6314715232167926,0.6685965657234192,0.42222222222222217,0.6064925814925815,0.5714285714285714,0.0,0.626066906111581,0.6170565400804792,0.03444362351936953,0.1160815108035292,0.0,0.0,0.0,0.0,0.0,18473,global,0.0
2,1,lr1e-05_bs8_drop0p2_temp2p0_a0p25_b0p05__wd1e-04trmiss0_degmodglobal,8,1e-05,0.0001,0.2,2.0,0.25,0.05,lr1e-05_bs8_drop0p2_temp2p0_a0p25_b0p05__wd1e-04trmiss0_degmodglobal,17,0.6299650754247393,0.6658241748809814,0.4444444444444444,0.6170745920745921,0.5714285714285714,0.0,0.617756221975599,0.6185891457966396,0.030498181602784565,0.07502777315676212,0.0,0.0,0.0,0.0,0.0,18473,global,0.0
2,1,lr1e-05_bs8_drop0p2_temp2p0_a0p25_b0p05__wd1e-04trmiss0_degmodglobal,8,1e-05,0.0001,0.2,2.0,0.25,0.05,lr1e-05_bs8_drop0p2_temp2p0_a0p25_b0p05__wd1e-04trmiss0_degmodglobal,18,0.6309517707143512,0.6658884882926941,0.4444444444444444,0.6170745920745921,0.5714285714285714,0.0,0.6284136005810329,0.6169672438076564,0.033243399911693165,0.1134733147919178,0.0,0.0,0.0,0.0,0.0,18473,global,0.0
2,1,lr1e-05_bs8_drop0p2_temp2p0_a0p25_b0p05__wd1e-04trmiss0_degmodglobal,8,1e-05,0.0001,0.2,2.0,0.25,0.05,lr1e-05_bs8_drop0p2_temp2p0_a0p25_b0p05__wd1e-04trmiss0_degmodglobal,19,0.6409993682588849,0.6623880863189697,0.4666666666666666,0.6355931105931106,0.5714285714285714,0.0,0.6334277561732701,0.6238011973244804,0.03939782242689814,0.14697431506855146,0.0,0.0,0.0,0.0,0.0,18473,global,0.0
2,1,lr1e-05_bs8_drop0p2_temp2p0_a0p25_b0p05__wd1e-04trmiss0_degmodglobal,8,1e-05,0.0001,0.2,2.0,0.25,0.05,lr1e-05_bs8_drop0p2_temp2p0_a0p25_b0p05__wd1e-04trmiss0_degmodglobal,20,0.61534754719053,0.6631695926189423,0.4444444444444444,0.6250111000111,0.5714285714285714,0.0,0.6315733024052211,0.6010609694889614,0.03260525582092149,0.12270498807941164,0.0,0.0,0.0,0.0,0.0,18473,global,0.0
2,1,lr1e-05_bs8_drop0p2_temp2p0_a0p25_b0p05__wd1e-04trmiss0_degmodglobal,8,1e-05,0.0001,0.2,2.0,0.25,0.05,lr1e-05_bs8_drop0p2_temp2p0_a0p25_b0p05__wd1e-04trmiss0_degmodglobal,21,0.6476735132081168,0.6610212922096252,0.4666666666666666,0.6241452991452993,0.5714285714285714,0.0,0.6265713402203151,0.6328733393124172,0.036766924895346165,0.11216879955359868,0.0,0.0,0.0,0.0,0.0,18473,global,0.0
2,1,lr1e-05_bs8_drop0p2_temp2p0_a0p25_b0p05__wd1e-04trmiss0_degmodglobal,8,1e-05,0.0001,0.2,2.0,0.25,0.05,lr1e-05_bs8_drop0p2_temp2p0_a0p25_b0p05__wd1e-04trmiss0_degmodglobal,22,0.6269391179084778,0.665242999792099,0.42222222222222217,0.6064925814925815,0.5714285714285714,0.0,0.6169138125010899,0.6113999230521066,0.03636831124978406,0.12894226983189583,0.0,0.0,0.0,0.0,0.0,18473,global,0.0
2,1,lr1e-05_bs8_drop0p2_temp2p0_a0p25_b0p05__wd1e-04trmiss0_degmodglobal,8,1e-05,0.0001,0.2,2.0,0.25,0.05,lr1e-05_bs8_drop0p2_temp2p0_a0p25_b0p05__wd1e-04trmiss0_degmodglobal,23,0.6248337200709752,0.6654124557971954,0.4666666666666666,0.6241452991452993,0.5714285714285714,0.0,0.6192731772150312,0.6120393361364093,0.03118444500224931,0.09996536799839564,0.0,0.0,0.0,0.0,0.0,18473,global,0.0
2,1,lr1e-05_bs8_drop0p2_temp2p0_a0p25_b0p05__wd1e-04trmiss0_degmodglobal,8,1e-05,0.0001,0.2,2.0,0.25,0.05,lr1e-05_bs8_drop0p2_temp2p0_a0p25_b0p05__wd1e-04trmiss0_degmodglobal,24,0.6350832155772618,0.6632493138313293,0.4666666666666666,0.6241452991452993,0.5714285714285714,0.0,0.6123010686465672,0.6216127702168056,0.03334184523139681,0.1026992377425943,0.0,0.0,0.0,0.0,0.0,18473,global,0.0
2,1,lr1e-05_bs8_drop0p2_temp2p0_a0p25_b0p05__wd1e-04trmiss0_degmodglobal,8,1e-05,0.0001,0.2,2.0,0.25,0.05,lr1e-05_bs8_drop0p2_temp2p0_a0p25_b0p05__wd1e-04trmiss0_degmodglobal,25,0.6297669495855059,0.6636946201324463,0.4666666666666666,0.6241452991452993,0.5714285714285714,0.0,0.604908151285989,0.6173602427755084,0.03402920200356415,0.07798795348831586,0.0,0.0,0.0,0.0,0.0,18473,global,0.0
2,1,lr1e-05_bs8_drop0p2_temp2p0_a0p25_b0p05__wd1e-04trmiss0_degmodglobal,8,1e-05,0.0001,0.2,2.0,0.25,0.05,lr1e-05_bs8_drop0p2_temp2p0_a0p25_b0p05__wd1e-04trmiss0_degmodglobal,26,0.6276384251458305,0.6626797020435333,0.4666666666666666,0.6241452991452993,0.5714285714285714,0.0,0.6175863657678876,0.6100680317197528,0.040574168520314355,0.1485369567360197,0.0,0.0,0.0,0.0,0.0,18473,global,0.0
2,1,lr1e-05_bs8_drop0p2_temp2p0_a0p25_b0p05__wd1e-04trmiss0_degmodglobal,8,1e-05,0.0001,0.2,2.0,0.25,0.05,lr1e-05_bs8_drop0p2_temp2p0_a0p25_b0p05__wd1e-04trmiss0_degmodglobal,27,0.6314684918948582,0.6613810062408447,0.4666666666666666,0.6241452991452993,0.5714285714285714,0.0,0.5982068862233844,0.6143320798873901,0.04133643848555429,0.1360461020043918,0.0,0.0,0.0,0.0,0.0,18473,global,0.0
2,1,lr1e-05_bs8_drop0p2_temp2p0_a0p25_b0p05__wd1e-04trmiss0_degmodglobal,8,1e-05,0.0001,0.2,2.0,0.25,0.05,lr1e-05_bs8_drop0p2_temp2p0_a0p25_b0p05__wd1e-04trmiss0_degmodglobal,28,0.6279869675636292,0.6607572436332703,0.5111111111111111,0.6525844525844526,0.5714285714285714,0.0,0.5809629048619952,0.6114631720951625,0.04260740562209061,0.11743885864104543,0.0,0.0,0.0,0.0,0.0,18473,global,0.0
2,1,lr1e-05_bs8_drop0p2_temp2p0_a0p25_b0p05__wd1e-04trmiss0_degmodglobal,8,1e-05,0.0001,0.2,2.0,0.25,0.05,lr1e-05_bs8_drop0p2_temp2p0_a0p25_b0p05__wd1e-04trmiss0_degmodglobal,29,0.6323698844228473,0.6605007946491241,0.4666666666666666,0.6241452991452993,0.5714285714285714,0.0,0.6126484870910645,0.6193252290998187,0.03475497689630304,0.08711808174848557,0.0,0.0,0.0,0.0,0.0,18473,global,0.0
2,1,lr1e-05_bs8_drop0p2_temp2p0_a0p25_b0p05__wd1e-04trmiss0_degmodglobal,8,1e-05,0.0001,0.2,2.0,0.25,0.05,lr1e-05_bs8_drop0p2_temp2p0_a0p25_b0p05__wd1e-04trmiss0_degmodglobal,30,0.6278965813773019,0.6602983176708221,0.4666666666666666,0.6241452991452993,0.5714285714285714,0.0,0.6091967991420201,0.6137189098766872,0.03630982259554522,0.10200394317507744,0.0,0.0,0.0,0.0,0.0,18473,global,0.0
2,1,lr1e-05_bs8_drop0p2_temp2p0_a0p25_b0p05__wd1e-04trmiss0_degmodglobal,8,1e-05,0.0001,0.2,2.0,0.25,0.05,lr1e-05_bs8_drop0p2_temp2p0_a0p25_b0p05__wd1e-04trmiss0_degmodglobal,31,0.6332009349550519,0.662134051322937,0.4666666666666666,0.6241452991452993,0.5714285714285714,0.0,0.6201039722987584,0.6132329021181379,0.05000482978565352,0.14933666161128453,0.0,0.0,0.0,0.0,0.0,18473,global,0.0
2,1,lr1e-05_bs8_drop0p2_temp2p0_a0p25_b0p05__wd1e-04trmiss0_degmodglobal,8,1e-05,0.0001,0.2,2.0,0.25,0.05,lr1e-05_bs8_drop0p2_temp2p0_a0p25_b0p05__wd1e-04trmiss0_degmodglobal,32,0.6248790281159537,0.6615813374519348,0.4444444444444444,0.6170745920745921,0.5714285714285714,0.0,0.6400558437619891,0.6068447743143354,0.04274396172591618,0.14696535468101501,0.0,0.0,0.0,0.0,0.0,18473,global,0.0
2,1,lr1e-05_bs8_drop0p2_temp2p0_a0p25_b0p05__wd1e-04trmiss0_degmodglobal,8,1e-05,0.0001,0.2,2.0,0.25,0.05,lr1e-05_bs8_drop0p2_temp2p0_a0p25_b0p05__wd1e-04trmiss0_degmodglobal,33,0.6394759927477155,0.662167102098465,0.4666666666666666,0.6241452991452993,0.5714285714285714,0.0,0.6050331933157784,0.6250336170196533,0.03867748539362635,0.0954600561942373,0.0,0.0,0.0,0.0,0.0,18473,global,0.0
2,1,lr1e-05_bs8_drop0p2_temp2p0_a0p25_b0p05__wd1e-04trmiss0_degmodglobal,8,1e-05,0.0001,0.2,2.0,0.25,0.05,lr1e-05_bs8_drop0p2_temp2p0_a0p25_b0p05__wd1e-04trmiss0_degmodglobal,34,0.6179757799421038,0.6580207347869873,0.4888888888888889,0.6426638176638177,0.5714285714285714,0.0,0.6101760012762887,0.6025064928191048,0.040574501135519574,0.10651318143521037,0.0,0.0,0.0,0.0,0.0,18473,global,0.0
2,1,lr1e-05_bs8_drop0p2_temp2p0_a0p25_b0p05__wd1e-04trmiss0_degmodglobal,8,1e-05,0.0001,0.2,2.0,0.25,0.05,lr1e-05_bs8_drop0p2_temp2p0_a0p25_b0p05__wd1e-04trmiss0_degmodglobal,35,0.6249402931758335,0.6595876812934875,0.4666666666666666,0.6241452991452993,0.5714285714285714,0.0,0.6127508452960423,0.6090584737913949,0.03913757311446326,0.12194849178195,0.0,0.0,0.0,0.0,0.0,18473,global,0.0
2,1,lr1e-05_bs8_drop0p2_temp2p0_a0p25_b0p05__wd1e-04trmiss0_degmodglobal,8,1e-05,0.0001,0.2,2.0,0.25,0.05,lr1e-05_bs8_drop0p2_temp2p0_a0p25_b0p05__wd1e-04trmiss0_degmodglobal,36,0.6060255595615932,0.6599416136741638,0.4888888888888889,0.6426638176638177,0.5714285714285714,0.0,0.595026569707053,0.5898851752281189,0.040267935554896085,0.12146778298275811,0.0,0.0,0.0,0.0,0.0,18473,global,0.0
2,1,lr1e-05_bs8_drop0p2_temp2p0_a0p25_b0p05__wd1e-04trmiss0_degmodglobal,8,1e-05,0.0001,0.2,2.0,0.25,0.05,lr1e-05_bs8_drop0p2_temp2p0_a0p25_b0p05__wd1e-04trmiss0_degmodglobal,37,0.6317869680268424,0.6596348881721497,0.4666666666666666,0.6241452991452993,0.5714285714285714,0.0,0.5932134900774274,0.6144285883222308,0.045012843129890304,0.12210355699062347,0.0,0.0,0.0,0.0,0.0,18473,global,0.0
2,1,lr1e-05_bs8_drop0p2_temp2p0_a0p25_b0p05__wd1e-04trmiss0_degmodglobal,8,1e-05,0.0001,0.2,2.0,0.25,0.05,lr1e-05_bs8_drop0p2_temp2p0_a0p25_b0p05__wd1e-04trmiss0_degmodglobal,38,0.6476436172212873,0.6612357199192047,0.4666666666666666,0.6241452991452993,0.5714285714285714,0.0,0.6093543597630092,0.631200236933572,0.039981339925101826,0.12896100644554412,0.0,0.0,0.0,0.0,0.0,18473,global,0.0
2,1,lr1e-05_bs8_drop0p2_temp2p0_a0p25_b0p05__wd1e-04trmiss0_degmodglobal,8,1e-05,0.0001,0.2,2.0,0.25,0.05,lr1e-05_bs8_drop0p2_temp2p0_a0p25_b0p05__wd1e-04trmiss0_degmodglobal,39,0.6356025167873928,0.6623614728450775,0.4666666666666666,0.6241452991452993,0.5714285714285714,0.0,0.5883678283010211,0.620775852884565,0.036777857158865244,0.11264410987496376,0.0,0.0,0.0,0.0,0.0,18473,global,0.0
2,1,lr1e-05_bs8_drop0p2_temp2p0_a0p25_b0p05__wd1e-04trmiss0_degmodglobal,8,1e-05,0.0001,0.2,2.0,0.25,0.05,lr1e-05_bs8_drop0p2_temp2p0_a0p25_b0p05__wd1e-04trmiss0_degmodglobal,40,0.6466798952647618,0.6607209742069244,0.4888888888888889,0.6340659340659341,0.5714285714285714,0.0,0.5870500377246312,0.6284540551049369,0.047276635255132406,0.12813393026590347,0.0,0.0,0.0,0.0,0.0,18473,global,0.0
2,1,lr1e-05_bs8_drop0p2_temp2p0_a0p25_b0p05__wd1e-04trmiss0_degmodglobal,8,1e-05,0.0001,0.2,2.0,0.25,0.05,lr1e-05_bs8_drop0p2_temp2p0_a0p25_b0p05__wd1e-04trmiss0_degmodglobal,41,0.6067489385604858,0.6580489277839661,0.4888888888888889,0.6426638176638177,0.5714285714285714,0.0,0.5957334382193429,0.5907382454190936,0.04315186504806791,0.10445459559559822,0.0,0.0,0.0,0.0,0.0,18473,global,0.0
2,1,lr1e-05_bs8_drop0p2_temp2p0_a0p25_b0p05__wd1e-04trmiss0_degmodglobal,8,1e-05,0.0001,0.2,2.0,0.25,0.05,lr1e-05_bs8_drop0p2_temp2p0_a0p25_b0p05__wd1e-04trmiss0_degmodglobal,42,0.6218369177409581,0.660355418920517,0.4666666666666666,0.6241452991452993,0.5714285714285714,0.0,0.5972985965864999,0.6047609192984444,0.0446730586034911,0.11815473650182996,0.0,0.0,0.0,0.0,0.0,18473,global,0.0
2,1,lr1e-05_bs8_drop0p2_temp2p0_a0p25_b0p05__wd1e-04trmiss0_degmodglobal,8,1e-05,0.0001,0.2,2.0,0.25,0.05,lr1e-05_bs8_drop0p2_temp2p0_a0p25_b0p05__wd1e-04trmiss0_degmodglobal,43,0.6424353803907122,0.6633735597133636,0.4444444444444444,0.6135632885632887,0.5714285714285714,0.0,0.593466750213078,0.6302467584609985,0.03154694927590234,0.08603801152535848,0.0,0.0,0.0,0.0,0.0,18473,global,0.0
2,1,lr1e-05_bs8_drop0p2_temp2p0_a0p25_b0p05__wd1e-04trmiss0_degmodglobal,8,1e-05,0.0001,0.2,2.0,0.25,0.05,lr1e-05_bs8_drop0p2_temp2p0_a0p25_b0p05__wd1e-04trmiss0_degmodglobal,44,0.6174748029027667,0.660711020231247,0.4444444444444444,0.6135632885632887,0.5714285714285714,0.0,0.5860978194645473,0.6018352508544922,0.04127377324870655,0.106422344488757,0.0,0.0,0.0,0.0,0.0,18473,global,0.0
2,1,lr1e-05_bs8_drop0p2_temp2p0_a0p25_b0p05__wd1e-04trmiss0_degmodglobal,8,1e-05,0.0001,0.2,2.0,0.25,0.05,lr1e-05_bs8_drop0p2_temp2p0_a0p25_b0p05__wd1e-04trmiss0_degmodglobal,45,0.6083500385284424,0.6606014966964722,0.4444444444444444,0.6135632885632887,0.5714285714285714,0.0,0.5734866772379194,0.5949193750108991,0.033846271357366016,0.09938207215496472,0.0,0.0,0.0,0.0,0.0,18473,global,0.0
2,1,lr1e-05_bs8_drop0p2_temp2p0_a0p25_b0p05__wd1e-04trmiss0_degmodglobal,8,1e-05,0.0001,0.2,2.0,0.25,0.05,lr1e-05_bs8_drop0p2_temp2p0_a0p25_b0p05__wd1e-04trmiss0_degmodglobal,46,0.604588440486363,0.6623113453388214,0.4666666666666666,0.6241452991452993,0.5714285714285714,0.0,0.5795115232467651,0.5920575601713998,0.032381714321672916,0.08870929798909596,0.0,0.0,0.0,0.0,0.0,18473,global,0.0
2,1,lr1e-05_bs8_drop0p2_temp2p0_a0p25_b0p05__wd1e-04trmiss0_degmodglobal,8,1e-05,0.0001,0.2,2.0,0.25,0.05,lr1e-05_bs8_drop0p2_temp2p0_a0p25_b0p05__wd1e-04trmiss0_degmodglobal,47,0.608391284942627,0.6608595550060272,0.4666666666666666,0.6241452991452993,0.5714285714285714,0.0,0.5724012085369655,0.5945653745106289,0.041349124163389206,0.06977281613009316,0.0,0.0,0.0,0.0,0.0,18473,global,0.0
2,1,lr1e-05_bs8_drop0p2_temp2p0_a0p25_b0p05__wd1e-04trmiss0_degmodglobal,8,1e-05,0.0001,0.2,2.0,0.25,0.05,lr1e-05_bs8_drop0p2_temp2p0_a0p25_b0p05__wd1e-04trmiss0_degmodglobal,48,0.6200932775224958,0.6619014739990234,0.4666666666666666,0.6241452991452993,0.6428571428571429,0.0,0.5823266761643546,0.6034263883318219,0.0442115914608751,0.11228009206908089,0.0,0.0,0.0,0.0,0.0,18473,global,0.0
2,1,lr1e-05_bs8_drop0p4_temp1p0_a0p25_b0p05__wd1e-04trmiss0_degmodglobal,8,1e-05,0.0001,0.4,1.0,0.25,0.05,lr1e-05_bs8_drop0p4_temp1p0_a0p25_b0p05__wd1e-04trmiss0_degmodglobal,1,0.7189143470355442,0.7189298570156097,0.5333333333333333,0.6704906204906206,0.5,0.0,0.706569961139134,0.6977440629686628,0.05091910809278488,0.16881035268306732,0.0,0.0,0.0,0.0,0.0,18473,global,0.0
2,1,lr1e-05_bs8_drop0p4_temp1p0_a0p25_b0p05__wd1e-04trmiss0_degmodglobal,8,1e-05,0.0001,0.4,1.0,0.25,0.05,lr1e-05_bs8_drop0p4_temp1p0_a0p25_b0p05__wd1e-04trmiss0_degmodglobal,2,0.7690812008721488,0.7234741449356079,0.5111111111111111,0.6605699855699856,0.5,0.0,0.6452560254505703,0.7431586129324776,0.059629395604133606,0.22030470626694815,0.0,0.0,0.0,0.0,0.0,18473,global,0.0
2,1,lr1e-05_bs8_drop0p4_temp1p0_a0p25_b0p05__wd1e-04trmiss0_degmodglobal,8,1e-05,0.0001,0.4,1.0,0.25,0.05,lr1e-05_bs8_drop0p4_temp1p0_a0p25_b0p05__wd1e-04trmiss0_degmodglobal,3,0.743650530065809,0.726006954908371,0.5333333333333333,0.6753848003848004,0.5714285714285714,0.0,0.6854575106075832,0.7248595016343253,0.04592980391212872,0.14617110469511577,0.0,0.0,0.0,0.0,0.0,18473,global,0.0
2,1,lr1e-05_bs8_drop0p4_temp1p0_a0p25_b0p05__wd1e-04trmiss0_degmodglobal,8,1e-05,0.0001,0.4,1.0,0.25,0.05,lr1e-05_bs8_drop0p4_temp1p0_a0p25_b0p05__wd1e-04trmiss0_degmodglobal,4,0.736998907157353,0.7239706516265869,0.5333333333333333,0.6753848003848004,0.5714285714285714,0.0,0.67935939346041,0.7181455152375358,0.04636060552937644,0.1452647080378873,0.0,0.0,0.0,0.0,0.0,18473,global,0.0
2,1,lr1e-05_bs8_drop0p4_temp1p0_a0p25_b0p05__wd1e-04trmiss0_degmodglobal,8,1e-05,0.0001,0.4,1.0,0.25,0.05,lr1e-05_bs8_drop0p4_temp1p0_a0p25_b0p05__wd1e-04trmiss0_degmodglobal,5,0.7292097466332572,0.723201185464859,0.5111111111111111,0.6686507936507937,0.5714285714285714,0.0,0.7138699122837612,0.7071672592844281,0.04862767511180469,0.19771123038870947,0.0,0.0,0.0,0.0,0.0,18473,global,0.0
2,1,lr1e-05_bs8_drop0p4_temp1p0_a0p25_b0p05__wd1e-04trmiss0_degmodglobal,8,1e-05,0.0001,0.4,1.0,0.25,0.05,lr1e-05_bs8_drop0p4_temp1p0_a0p25_b0p05__wd1e-04trmiss0_degmodglobal,6,0.73282619033541,0.717585951089859,0.5111111111111111,0.6686507936507937,0.5714285714285714,0.0,0.6634851353509086,0.7115115863936288,0.04849726600306375,0.18380565302712576,0.0,0.0,0.0,0.0,0.0,18473,global,0.0
2,1,lr1e-05_bs8_drop0p4_temp1p0_a0p25_b0p05__wd1e-04trmiss0_degmodglobal,8,1e-05,0.0001,0.4,1.0,0.25,0.05,lr1e-05_bs8_drop0p4_temp1p0_a0p25_b0p05__wd1e-04trmiss0_degmodglobal,7,0.7031940392085484,0.7177627980709076,0.5777777777777777,0.6964726631393299,0.5714285714285714,0.0,0.6707492385591779,0.6797194736344474,0.05447043212396758,0.19713914820126124,0.0,0.0,0.0,0.0,0.0,18473,global,0.0
2,1,lr1e-05_bs8_drop0p4_temp1p0_a0p25_b0p05__wd1e-04trmiss0_degmodglobal,8,1e-05,0.0001,0.4,1.0,0.25,0.05,lr1e-05_bs8_drop0p4_temp1p0_a0p25_b0p05__wd1e-04trmiss0_degmodglobal,8,0.7261253339903695,0.7210915386676788,0.6222222222222222,0.7164341831008498,0.5714285714285714,0.0,0.688619579587664,0.7079111167362758,0.046365659151758463,0.13245581196887152,0.0,0.0,0.0,0.0,0.0,18473,global,0.0
2,1,lr1e-05_bs8_drop0p4_temp1p0_a0p25_b0p05__wd1e-04trmiss0_degmodglobal,8,1e-05,0.0001,0.4,1.0,0.25,0.05,lr1e-05_bs8_drop0p4_temp1p0_a0p25_b0p05__wd1e-04trmiss0_degmodglobal,9,0.7079249620437622,0.7282671332359314,0.5777777777777777,0.7010582010582012,0.5,0.0,0.6693619319370815,0.6906502587454659,0.042364616745284626,0.13367101496883801,0.0,0.0,0.0,0.0,0.0,18473,global,0.0
2,1,lr1e-05_bs8_drop0p4_temp1p0_a0p25_b0p05__wd1e-04trmiss0_degmodglobal,8,1e-05,0.0001,0.4,1.0,0.25,0.05,lr1e-05_bs8_drop0p4_temp1p0_a0p25_b0p05__wd1e-04trmiss0_degmodglobal,10,0.7250530634607587,0.7325934767723083,0.6222222222222222,0.7196969696969698,0.5,0.0,0.6817927615983146,0.7096296974590847,0.03897539685879435,0.11359049965228353,0.0,0.0,0.0,0.0,0.0,18473,global,0.0
2,1,lr1e-05_bs8_drop0p4_temp1p0_a0p25_b0p05__wd1e-04trmiss0_degmodglobal,8,1e-05,0.0001,0.4,1.0,0.25,0.05,lr1e-05_bs8_drop0p4_temp1p0_a0p25_b0p05__wd1e-04trmiss0_degmodglobal,11,0.7046221579824176,0.7315866351127625,0.6,0.712962962962963,0.5,0.0,0.6433389101709638,0.6887735554150173,0.04040965038750853,0.11492353730968066,0.0,0.0,0.0,0.0,0.0,18473,global,0.0
2,1,lr1e-05_bs8_drop0p4_temp1p0_a0p25_b0p05__wd1e-04trmiss0_degmodglobal,8,1e-05,0.0001,0.4,1.0,0.25,0.05,lr1e-05_bs8_drop0p4_temp1p0_a0p25_b0p05__wd1e-04trmiss0_degmodglobal,12,0.706702036517007,0.7278796136379242,0.6,0.712962962962963,0.5714285714285714,0.0,0.6435927322932652,0.6860875146729606,0.0563194320670196,0.13069307937153749,0.0,0.0,0.0,0.0,0.0,18473,global,0.0
2,1,lr1e-05_bs8_drop0p4_temp1p0_a0p25_b0p05__wd1e-04trmiss0_degmodglobal,8,1e-05,0.0001,0.4,1.0,0.25,0.05,lr1e-05_bs8_drop0p4_temp1p0_a0p25_b0p05__wd1e-04trmiss0_degmodglobal,13,0.7164776495524815,0.7308762967586517,0.6222222222222222,0.7196969696969698,0.5714285714285714,0.0,0.6675829121044704,0.6916579518999372,0.054594194782631736,0.2234228476881981,0.0,0.0,0.0,0.0,0.0,18473,global,0.0
2,1,lr1e-05_bs8_drop0p4_temp1p0_a0p25_b0p05__wd1e-04trmiss0_degmodglobal,8,1e-05,0.0001,0.4,1.0,0.25,0.05,lr1e-05_bs8_drop0p4_temp1p0_a0p25_b0p05__wd1e-04trmiss0_degmodglobal,14,0.7341024790491376,0.7260650098323822,0.6222222222222222,0.7196969696969698,0.5714285714285714,0.0,0.6348369973046439,0.712337817464556,0.04992208470191274,0.1856827735900879,0.0,0.0,0.0,0.0,0.0,18473,global,0.0
2,1,lr1e-05_bs8_drop0p4_temp1p0_a0p25_b0p05__wd1e-04trmiss0_degmodglobal,8,1e-05,0.0001,0.4,1.0,0.25,0.05,lr1e-05_bs8_drop0p4_temp1p0_a0p25_b0p05__wd1e-04trmiss0_degmodglobal,15,0.7105122293744769,0.7356782853603363,0.6222222222222222,0.7196969696969698,0.5,0.0,0.638435925756182,0.6895041380609784,0.053302736420716555,0.1536482721567154,0.0,0.0,0.0,0.0,0.0,18473,global,0.0
2,1,lr1e-05_bs8_drop0p4_temp1p0_a0p25_b0p05__wd1e-04trmiss0_degmodglobal,8,1e-05,0.0001,0.4,1.0,0.25,0.05,lr1e-05_bs8_drop0p4_temp1p0_a0p25_b0p05__wd1e-04trmiss0_degmodglobal,16,0.6908112338611058,0.7328048348426819,0.6222222222222222,0.7196969696969698,0.5,0.0,0.6190155744552612,0.6660224199295044,0.06001827493309975,0.19568488001823425,0.0,0.0,0.0,0.0,0.0,18473,global,0.0
2,1,lr1e-05_bs8_drop0p4_temp1p0_a0p25_b0p05__wd1e-04trmiss0_degmodglobal,8,1e-05,0.0001,0.4,1.0,0.25,0.05,lr1e-05_bs8_drop0p4_temp1p0_a0p25_b0p05__wd1e-04trmiss0_degmodglobal,17,0.695895084312984,0.7322588264942169,0.6222222222222222,0.7196969696969698,0.5,0.0,0.631402177470071,0.6726566893713815,0.05714209537420954,0.17905758268066815,0.0,0.0,0.0,0.0,0.0,18473,global,0.0
2,1,lr1e-05_bs8_drop0p4_temp1p0_a0p25_b0p05__wd1e-04trmiss0_degmodglobal,8,1e-05,0.0001,0.4,1.0,0.25,0.05,lr1e-05_bs8_drop0p4_temp1p0_a0p25_b0p05__wd1e-04trmiss0_degmodglobal,18,0.7084373576300484,0.732981413602829,0.6222222222222222,0.7196969696969698,0.5,0.0,0.6393216848373413,0.6852741071156093,0.058235514376844676,0.1720875437770571,0.0,0.0,0.0,0.0,0.0,18473,global,0.0
2,1,lr1e-05_bs8_drop0p4_temp1p0_a0p25_b0p05__wd1e-04trmiss0_degmodglobal,8,1e-05,0.0001,0.4,1.0,0.25,0.05,lr1e-05_bs8_drop0p4_temp1p0_a0p25_b0p05__wd1e-04trmiss0_degmodglobal,19,0.7078948446682521,0.733212411403656,0.6222222222222222,0.7196969696969698,0.5,0.0,0.6319675956453595,0.6868981633867536,0.05262428894639015,0.156812099473817,0.0,0.0,0.0,0.0,0.0,18473,global,0.0
2,1,lr1e-05_bs8_drop0p4_temp1p0_a0p25_b0p05__wd1e-04trmiss0_degmodglobal,8,1e-05,0.0001,0.4,1.0,0.25,0.05,lr1e-05_bs8_drop0p4_temp1p0_a0p25_b0p05__wd1e-04trmiss0_degmodglobal,20,0.7076174446514675,0.728793203830719,0.6,0.7077922077922079,0.5,0.0,0.6114315816334316,0.6818775279181344,0.055899235286882946,0.23530210767473494,0.0,0.0,0.0,0.0,0.0,18473,global,0.0
2,1,lr1e-05_bs8_drop0p4_temp1p0_a0p25_b0p05__wd1e-04trmiss0_degmodglobal,8,1e-05,0.0001,0.4,1.0,0.25,0.05,lr1e-05_bs8_drop0p4_temp1p0_a0p25_b0p05__wd1e-04trmiss0_degmodglobal,21,0.6960947598729815,0.7294067442417145,0.6,0.7077922077922079,0.5,0.0,0.6163589528628758,0.674775847366878,0.053050669974514415,0.1611246062176568,0.0,0.0,0.0,0.0,0.0,18473,global,0.0
2,1,lr1e-05_bs8_drop0p4_temp1p0_a0p25_b0p05__wd1e-04trmiss0_degmodglobal,8,1e-05,0.0001,0.4,1.0,0.25,0.05,lr1e-05_bs8_drop0p4_temp1p0_a0p25_b0p05__wd1e-04trmiss0_degmodglobal,22,0.6973265835217067,0.7300875186920166,0.6,0.7077922077922079,0.5,0.0,0.6459752491542271,0.6769184981073652,0.051370845309325626,0.1513074625815664,0.0,0.0,0.0,0.0,0.0,18473,global,0.0
2,1,lr1e-05_bs8_drop0p4_temp1p0_a0p25_b0p05__wd1e-04trmiss0_degmodglobal,8,1e-05,0.0001,0.4,1.0,0.25,0.05,lr1e-05_bs8_drop0p4_temp1p0_a0p25_b0p05__wd1e-04trmiss0_degmodglobal,23,0.7110140579087394,0.7278873324394226,0.5555555555555556,0.6878306878306879,0.5,0.0,0.6288838301386152,0.6874926175389972,0.055522753457937925,0.1928150930574962,0.0,0.0,0.0,0.0,0.0,18473,global,0.0
2,1,lr1e-05_bs8_drop0p4_temp1p0_a0p25_b0p05__wd1e-04trmiss0_degmodglobal,8,1e-05,0.0001,0.4,1.0,0.25,0.05,lr1e-05_bs8_drop0p4_temp1p0_a0p25_b0p05__wd1e-04trmiss0_degmodglobal,24,0.6974362645830426,0.7295989990234375,0.5333333333333333,0.6730158730158731,0.5,0.0,0.6423977613449097,0.6755594440868923,0.05249879030244691,0.17504261593733514,0.0,0.0,0.0,0.0,0.0,18473,global,0.0
2,1,lr1e-05_bs8_drop0p4_temp1p0_a0p25_b0p05__wd1e-04trmiss0_degmodglobal,8,1e-05,0.0001,0.4,1.0,0.25,0.05,lr1e-05_bs8_drop0p4_temp1p0_a0p25_b0p05__wd1e-04trmiss0_degmodglobal,25,0.6873054589544024,0.7343297898769379,0.5333333333333333,0.6730158730158731,0.5,0.0,0.5894565071378436,0.665053699697767,0.05653217700975282,0.1623742865132434,0.0,0.0,0.0,0.0,0.0,18473,global,0.0
2,1,lr1e-05_bs8_drop0p4_temp1p0_a0p25_b0p05__wd1e-04trmiss0_degmodglobal,8,1e-05,0.0001,0.4,1.0,0.25,0.05,lr1e-05_bs8_drop0p4_temp1p0_a0p25_b0p05__wd1e-04trmiss0_degmodglobal,26,0.7052557383264814,0.7336098253726959,0.5333333333333333,0.6730158730158731,0.5,0.0,0.5839700528553554,0.68103746005467,0.05969925544091633,0.18586912431887218,0.0,0.0,0.0,0.0,0.0,18473,global,0.0
2,1,lr1e-05_bs8_drop0p4_temp1p0_a0p25_b0p05__wd1e-04trmiss0_degmodglobal,8,1e-05,0.0001,0.4,1.0,0.25,0.05,lr1e-05_bs8_drop0p4_temp1p0_a0p25_b0p05__wd1e-04trmiss0_degmodglobal,27,0.701012236731393,0.7340723276138306,0.5777777777777777,0.7010582010582012,0.5,0.0,0.6476717335837228,0.6804874965122768,0.05173045609678541,0.1518424621650151,0.0,0.0,0.0,0.0,0.0,18473,global,0.0
2,1,lr1e-05_bs8_drop0p4_temp1p0_a0p25_b0p05__wd1e-04trmiss0_degmodglobal,8,1e-05,0.0001,0.4,1.0,0.25,0.05,lr1e-05_bs8_drop0p4_temp1p0_a0p25_b0p05__wd1e-04trmiss0_degmodglobal,28,0.7157832128661019,0.735634446144104,0.5555555555555556,0.6878306878306879,0.5,0.0,0.6145758373396737,0.6926436935152326,0.05381512429033007,0.19371459207364491,0.0,0.0,0.0,0.0,0.0,18473,global,0.0
2,1,lr1e-05_bs8_drop0p4_temp2p0_a0p25_b0p05__wd1e-04trmiss0_degmodglobal,8,1e-05,0.0001,0.4,2.0,0.25,0.05,lr1e-05_bs8_drop0p4_temp2p0_a0p25_b0p05__wd1e-04trmiss0_degmodglobal,1,0.7016682624816895,0.7052981853485107,0.4444444444444444,0.6326118326118326,0.42857142857142855,0.0,0.6839408789362226,0.6809514505522591,0.05505497753620148,0.13906152546405792,0.0,0.0,0.0,0.0,0.0,18473,global,0.0
2,1,lr1e-05_bs8_drop0p4_temp2p0_a0p25_b0p05__wd1e-04trmiss0_degmodglobal,8,1e-05,0.0001,0.4,2.0,0.25,0.05,lr1e-05_bs8_drop0p4_temp2p0_a0p25_b0p05__wd1e-04trmiss0_degmodglobal,2,0.7023674505097526,0.7076269388198853,0.4444444444444444,0.6326118326118326,0.42857142857142855,0.0,0.6890553917203631,0.6857435958726066,0.04394744496260371,0.11274003343922752,0.0,0.0,0.0,0.0,0.0,18473,global,0.0
2,1,lr1e-05_bs8_drop0p4_temp2p0_a0p25_b0p05__wd1e-04trmiss0_degmodglobal,8,1e-05,0.0001,0.4,2.0,0.25,0.05,lr1e-05_bs8_drop0p4_temp2p0_a0p25_b0p05__wd1e-04trmiss0_degmodglobal,3,0.6985759905406407,0.7091034054756165,0.4444444444444444,0.6326118326118326,0.42857142857142855,0.0,0.7085695351873126,0.6809410878590175,0.04466057515570095,0.12939506715961865,0.0,0.0,0.0,0.0,0.0,18473,global,0.0
2,1,lr1e-05_bs8_drop0p4_temp2p0_a0p25_b0p05__wd1e-04trmiss0_degmodglobal,8,1e-05,0.0001,0.4,2.0,0.25,0.05,lr1e-05_bs8_drop0p4_temp2p0_a0p25_b0p05__wd1e-04trmiss0_degmodglobal,4,0.6940671801567078,0.7079564929008484,0.4444444444444444,0.6326118326118326,0.42857142857142855,0.0,0.6985806397029332,0.6727227738925389,0.053079726706658094,0.1614894707288061,0.0,0.0,0.0,0.0,0.0,18473,global,0.0
2,1,lr1e-05_bs8_drop0p4_temp2p0_a0p25_b0p05__wd1e-04trmiss0_degmodglobal,8,1e-05,0.0001,0.4,2.0,0.25,0.05,lr1e-05_bs8_drop0p4_temp2p0_a0p25_b0p05__wd1e-04trmiss0_degmodglobal,5,0.6547656995909554,0.7074685394763947,0.4444444444444444,0.6186507936507937,0.5714285714285714,0.0,0.6972869208880833,0.633512020111084,0.05219823574381215,0.16408225893974304,0.0,0.0,0.0,0.0,0.0,18473,global,0.0
2,1,lr1e-05_bs8_drop0p4_temp2p0_a0p25_b0p05__wd1e-04trmiss0_degmodglobal,8,1e-05,0.0001,0.4,2.0,0.25,0.05,lr1e-05_bs8_drop0p4_temp2p0_a0p25_b0p05__wd1e-04trmiss0_degmodglobal,6,0.675296459879194,0.70260950922966,0.42222222222222217,0.6115800865800867,0.5,0.0,0.6991225395883832,0.6606077977589199,0.03873028739222458,0.10012193556342806,0.0,0.0,0.0,0.0,0.0,18473,global,0.0
2,1,lr1e-05_bs8_drop0p4_temp2p0_a0p25_b0p05__wd1e-04trmiss0_degmodglobal,8,1e-05,0.0001,0.4,2.0,0.25,0.05,lr1e-05_bs8_drop0p4_temp2p0_a0p25_b0p05__wd1e-04trmiss0_degmodglobal,7,0.7026809453964233,0.7016675770282745,0.42222222222222217,0.6064925814925815,0.5,0.0,0.6947270206042698,0.683600229876382,0.04881098201232297,0.13755936282021658,0.0,0.0,0.0,0.0,0.0,18473,global,0.0
2,1,lr1e-05_bs8_drop0p4_temp2p0_a0p25_b0p05__wd1e-04trmiss0_degmodglobal,8,1e-05,0.0001,0.4,2.0,0.25,0.05,lr1e-05_bs8_drop0p4_temp2p0_a0p25_b0p05__wd1e-04trmiss0_degmodglobal,8,0.6742213112967355,0.6931350231170654,0.4666666666666666,0.6241452991452993,0.6428571428571429,0.0,0.6775207093783787,0.6602487393787929,0.03644705803266594,0.09721636027097702,0.0,0.0,0.0,0.0,0.0,18473,global,0.0
2,1,lr1e-05_bs8_drop0p4_temp2p0_a0p25_b0p05__wd1e-04trmiss0_degmodglobal,8,1e-05,0.0001,0.4,2.0,0.25,0.05,lr1e-05_bs8_drop0p4_temp2p0_a0p25_b0p05__wd1e-04trmiss0_degmodglobal,9,0.6656656691006252,0.6949203610420227,0.4222222222222222,0.6024521774521775,0.5714285714285714,0.0,0.6769308703286308,0.6487227082252502,0.04193003528884479,0.12920898305518286,0.0,0.0,0.0,0.0,0.0,18473,global,0.0
2,1,lr1e-05_bs8_drop0p4_temp2p0_a0p25_b0p05__wd1e-04trmiss0_degmodglobal,8,1e-05,0.0001,0.4,2.0,0.25,0.05,lr1e-05_bs8_drop0p4_temp2p0_a0p25_b0p05__wd1e-04trmiss0_degmodglobal,10,0.676687410899571,0.6926541328430176,0.4666666666666666,0.6241452991452993,0.6428571428571429,0.0,0.6734396730150495,0.6642665863037109,0.03420859734926905,0.07737326249480247,0.0,0.0,0.0,0.0,0.0,18473,global,0.0
2,1,lr1e-05_bs8_drop0p4_temp2p0_a0p25_b0p05__wd1e-04trmiss0_degmodglobal,8,1e-05,0.0001,0.4,2.0,0.25,0.05,lr1e-05_bs8_drop0p4_temp2p0_a0p25_b0p05__wd1e-04trmiss0_degmodglobal,11,0.672589293548039,0.6948074698448181,0.4444444444444444,0.6135632885632887,0.6428571428571429,0.0,0.655569681099483,0.6574992452348981,0.039403253101876805,0.10478467334594045,0.0,0.0,0.0,0.0,0.0,18473,global,0.0
2,1,lr1e-05_bs8_drop0p4_temp2p0_a0p25_b0p05__wd1e-04trmiss0_degmodglobal,8,1e-05,0.0001,0.4,2.0,0.25,0.05,lr1e-05_bs8_drop0p4_temp2p0_a0p25_b0p05__wd1e-04trmiss0_degmodglobal,12,0.6745203563145229,0.6947692930698395,0.4666666666666666,0.6241452991452993,0.6428571428571429,0.0,0.6731818318367004,0.6569841248648507,0.04461715689727238,0.127638649727617,0.0,0.0,0.0,0.0,0.0,18473,global,0.0
2,1,lr1e-05_bs8_drop0p4_temp2p0_a0p25_b0p05__wd1e-04trmiss0_degmodglobal,8,1e-05,0.0001,0.4,2.0,0.25,0.05,lr1e-05_bs8_drop0p4_temp2p0_a0p25_b0p05__wd1e-04trmiss0_degmodglobal,13,0.688650233404977,0.6971797943115234,0.4444444444444444,0.6135632885632887,0.5714285714285714,0.0,0.6513692566326686,0.6686050977025714,0.04743820961032595,0.1637117394379207,0.0,0.0,0.0,0.0,0.0,18473,global,0.0
2,1,lr1e-05_bs8_drop0p4_temp2p0_a0p25_b0p05__wd1e-04trmiss0_degmodglobal,8,1e-05,0.0001,0.4,2.0,0.25,0.05,lr1e-05_bs8_drop0p4_temp2p0_a0p25_b0p05__wd1e-04trmiss0_degmodglobal,14,0.6470033526420593,0.6973437666893005,0.4444444444444444,0.6135632885632887,0.5714285714285714,0.0,0.6206387196268354,0.6324013727051871,0.03811924984412534,0.10144344876919474,0.0,0.0,0.0,0.0,0.0,18473,global,0.0
2,1,lr1e-05_bs8_drop0p4_temp2p0_a0p25_b0p05__wd1e-04trmiss0_degmodglobal,8,1e-05,0.0001,0.4,2.0,0.25,0.05,lr1e-05_bs8_drop0p4_temp2p0_a0p25_b0p05__wd1e-04trmiss0_degmodglobal,15,0.6468188762664795,0.6942754685878754,0.4888888888888889,0.6426638176638177,0.6428571428571429,0.0,0.6323759811265128,0.6327782273292542,0.03679930950914111,0.09681667227830205,0.0,0.0,0.0,0.0,0.0,18473,global,0.0
2,1,lr1e-05_bs8_drop0p4_temp2p0_a0p25_b0p05__wd1e-04trmiss0_degmodglobal,8,1e-05,0.0001,0.4,2.0,0.25,0.05,lr1e-05_bs8_drop0p4_temp2p0_a0p25_b0p05__wd1e-04trmiss0_degmodglobal,16,0.6772892560277667,0.6943648457527161,0.4444444444444444,0.6135632885632887,0.6428571428571429,0.0,0.6455328123910087,0.6591929708208356,0.04851998747991664,0.11932587836469923,0.0,0.0,0.0,0.0,0.0,18473,global,0.0
2,1,lr1e-05_bs8_drop0p4_temp2p0_a0p25_b0p05__wd1e-04trmiss0_degmodglobal,8,1e-05,0.0001,0.4,2.0,0.25,0.05,lr1e-05_bs8_drop0p4_temp2p0_a0p25_b0p05__wd1e-04trmiss0_degmodglobal,17,0.6427849275725228,0.6894576251506805,0.4444444444444444,0.620970695970696,0.6428571428571429,0.0,0.6567638175828117,0.6294289742197309,0.03702484949358872,0.08199466977800642,0.0,0.0,0.0,0.0,0.0,18473,global,0.0
2,1,lr1e-05_bs8_drop0p4_temp2p0_a0p25_b0p05__wd1e-04trmiss0_degmodglobal,8,1e-05,0.0001,0.4,2.0,0.25,0.05,lr1e-05_bs8_drop0p4_temp2p0_a0p25_b0p05__wd1e-04trmiss0_degmodglobal,18,0.6585846713611058,0.6885210871696472,0.4666666666666667,0.6320818070818072,0.6428571428571429,0.0,0.6236760786601475,0.63957451071058,0.04918002283998898,0.13430322600262506,0.0,0.0,0.0,0.0,0.0,18473,global,0.0
2,1,lr1e-05_bs8_drop0p4_temp2p0_a0p25_b0p05__wd1e-04trmiss0_degmodglobal,8,1e-05,0.0001,0.4,2.0,0.25,0.05,lr1e-05_bs8_drop0p4_temp2p0_a0p25_b0p05__wd1e-04trmiss0_degmodglobal,19,0.6631478156362262,0.6871534883975983,0.4666666666666667,0.6320818070818072,0.6428571428571429,0.0,0.6745798672948565,0.6455192565917969,0.043970931853566854,0.1327165775001049,0.0,0.0,0.0,0.0,0.0,18473,global,0.0
2,1,lr1e-05_bs8_drop0p4_temp2p0_a0p25_b0p05__wd1e-04trmiss0_degmodglobal,8,1e-05,0.0001,0.4,2.0,0.25,0.05,lr1e-05_bs8_drop0p4_temp2p0_a0p25_b0p05__wd1e-04trmiss0_degmodglobal,20,0.6637382592473712,0.6830529570579529,0.4444444444444444,0.620970695970696,0.6428571428571429,0.0,0.6539101600646973,0.6464326466832843,0.043098397819059234,0.13062019859041488,0.0,0.0,0.0,0.0,0.0,18473,global,0.0
2,1,lr1e-05_bs8_drop0p4_temp2p0_a0p25_b0p05__wd1e-04trmiss0_degmodglobal,8,1e-05,0.0001,0.4,2.0,0.25,0.05,lr1e-05_bs8_drop0p4_temp2p0_a0p25_b0p05__wd1e-04trmiss0_degmodglobal,21,0.6642979638917106,0.6796407103538513,0.4444444444444444,0.620970695970696,0.6428571428571429,0.0,0.6311233128820147,0.6451768449374607,0.042986445128917694,0.16749001826558793,0.0,0.0,0.0,0.0,0.0,18473,global,0.0
2,1,lr1e-05_bs8_drop0p4_temp2p0_a0p25_b0p05__wd1e-04trmiss0_degmodglobal,8,1e-05,0.0001,0.4,2.0,0.25,0.05,lr1e-05_bs8_drop0p4_temp2p0_a0p25_b0p05__wd1e-04trmiss0_degmodglobal,22,0.6575817380632673,0.6754229068756104,0.4666666666666667,0.6277047027047027,0.6428571428571429,0.0,0.6366742934499469,0.6445938519069127,0.033115873113274574,0.09417867979833058,0.0,0.0,0.0,0.0,0.0,18473,global,0.0
2,1,lr1e-05_bs8_drop0p4_temp2p0_a0p25_b0p05__wd1e-04trmiss0_degmodglobal,8,1e-05,0.0001,0.4,2.0,0.25,0.05,lr1e-05_bs8_drop0p4_temp2p0_a0p25_b0p05__wd1e-04trmiss0_degmodglobal,23,0.6458952597209385,0.6757870018482208,0.4888888888888889,0.6388158138158139,0.6428571428571429,0.0,0.6101715649877276,0.6274222305842808,0.04618019557424954,0.13855956228716032,0.0,0.0,0.0,0.0,0.0,18473,global,0.0
2,1,lr1e-05_bs8_drop0p4_temp2p0_a0p25_b0p05__wd1e-04trmiss0_degmodglobal,8,1e-05,0.0001,0.4,2.0,0.25,0.05,lr1e-05_bs8_drop0p4_temp2p0_a0p25_b0p05__wd1e-04trmiss0_degmodglobal,24,0.6777676599366325,0.677619993686676,0.4666666666666667,0.6320818070818072,0.6428571428571429,0.0,0.6313074316297259,0.6596648011888776,0.0478494151362351,0.12281013120497976,0.0,0.0,0.0,0.0,0.0,18473,global,0.0
2,1,lr1e-05_bs8_drop0p4_temp2p0_a0p25_b0p05__wd1e-04trmiss0_degmodglobal,8,1e-05,0.0001,0.4,2.0,0.25,0.05,lr1e-05_bs8_drop0p4_temp2p0_a0p25_b0p05__wd1e-04trmiss0_degmodglobal,25,0.6414450407028198,0.6784465909004211,0.4444444444444444,0.6135632885632887,0.5714285714285714,0.0,0.6168355686323983,0.625240010874612,0.04455550493938582,0.10132282599806786,0.0,0.0,0.0,0.0,0.0,18473,global,0.0
2,1,lr1e-05_bs8_drop0p4_temp2p0_a0p25_b0p05__wd1e-04trmiss0_degmodglobal,8,1e-05,0.0001,0.4,2.0,0.25,0.05,lr1e-05_bs8_drop0p4_temp2p0_a0p25_b0p05__wd1e-04trmiss0_degmodglobal,26,0.6203556997435433,0.6834475696086884,0.42222222222222217,0.6064925814925815,0.6428571428571429,0.0,0.6023715734481812,0.6029322743415833,0.041148855217865536,0.1427241223199027,0.0,0.0,0.0,0.0,0.0,18473,global,0.0
2,1,lr1e-05_bs8_drop0p4_temp2p0_a0p25_b0p05__wd1e-04trmiss0_degmodglobal,8,1e-05,0.0001,0.4,2.0,0.25,0.05,lr1e-05_bs8_drop0p4_temp2p0_a0p25_b0p05__wd1e-04trmiss0_degmodglobal,27,0.6306048716817584,0.6853026747703552,0.4444444444444444,0.6250111000111,0.5714285714285714,0.0,0.6552381345203945,0.6111753412655422,0.04675421331609998,0.1548195779323578,0.0,0.0,0.0,0.0,0.0,18473,global,0.0
2,1,lr1e-05_bs8_drop0p4_temp2p0_a0p25_b0p05__wd1e-04trmiss0_degmodglobal,8,1e-05,0.0001,0.4,2.0,0.25,0.05,lr1e-05_bs8_drop0p4_temp2p0_a0p25_b0p05__wd1e-04trmiss0_degmodglobal,28,0.6287623388426644,0.6892374455928802,0.4666666666666666,0.6416777666777667,0.6428571428571429,0.0,0.6170064892087664,0.6149930102484567,0.03434638519372259,0.10365461425057479,0.0,0.0,0.0,0.0,0.0,18473,global,0.0
2,1,lr1e-05_bs8_drop0p4_temp2p0_a0p25_b0p05__wd1e-04trmiss0_degmodglobal,8,1e-05,0.0001,0.4,2.0,0.25,0.05,lr1e-05_bs8_drop0p4_temp2p0_a0p25_b0p05__wd1e-04trmiss0_degmodglobal,29,0.6474657654762268,0.6835553348064423,0.4888888888888888,0.6522597772597772,0.6428571428571429,0.0,0.579270430973598,0.6302343096051898,0.04295965683247362,0.1298306408737387,0.0,0.0,0.0,0.0,0.0,18473,global,0.0
2,1,lr1e-05_bs8_drop0p4_temp2p0_a0p25_b0p05__wd1e-04trmiss0_degmodglobal,8,1e-05,0.0001,0.4,2.0,0.25,0.05,lr1e-05_bs8_drop0p4_temp2p0_a0p25_b0p05__wd1e-04trmiss0_degmodglobal,30,0.642850032874516,0.6807449758052826,0.4888888888888888,0.6522597772597772,0.6428571428571429,0.0,0.6310183661324638,0.6259940947805133,0.04181708262435028,0.12803338654339314,0.0,0.0,0.0,0.0,0.0,18473,global,0.0
2,1,lr1e-05_bs8_drop0p4_temp2p0_a0p25_b0p05__wd1e-04trmiss0_degmodglobal,8,1e-05,0.0001,0.4,2.0,0.25,0.05,lr1e-05_bs8_drop0p4_temp2p0_a0p25_b0p05__wd1e-04trmiss0_degmodglobal,31,0.6420849731990269,0.6814497709274292,0.4888888888888888,0.6522597772597772,0.6428571428571429,0.0,0.6614289709499904,0.6214957237243652,0.05015789930309568,0.1609956526330539,0.0,0.0,0.0,0.0,0.0,18473,global,0.0
2,1,lr1e-05_bs8_drop0p4_temp2p0_a0p25_b0p05__wd1e-04trmiss0_degmodglobal,8,1e-05,0.0001,0.4,2.0,0.25,0.05,lr1e-05_bs8_drop0p4_temp2p0_a0p25_b0p05__wd1e-04trmiss0_degmodglobal,32,0.6287788578442165,0.6787570118904114,0.5333333333333333,0.6692511192511194,0.5714285714285714,0.0,0.5840950267655509,0.6092150722231183,0.05234923692686217,0.12952967307397298,0.0,0.0,0.0,0.0,0.0,18473,global,0.0
2,1,lr1e-05_bs8_drop0p4_temp2p0_a0p25_b0p05__wd1e-04trmiss0_degmodglobal,8,1e-05,0.0001,0.4,2.0,0.25,0.05,lr1e-05_bs8_drop0p4_temp2p0_a0p25_b0p05__wd1e-04trmiss0_degmodglobal,33,0.6228777595928737,0.6797242760658264,0.5333333333333333,0.6692511192511194,0.5714285714285714,0.0,0.5905523470469883,0.6068447147096906,0.04179941357246467,0.11166385082261902,0.0,0.0,0.0,0.0,0.0,18473,global,0.0
2,1,lr1e-05_bs8_drop0p4_temp2p0_a0p25_b0p05__wd1e-04trmiss0_degmodglobal,8,1e-05,0.0001,0.4,2.0,0.25,0.05,lr1e-05_bs8_drop0p4_temp2p0_a0p25_b0p05__wd1e-04trmiss0_degmodglobal,34,0.6634232827595302,0.6815919876098633,0.5111111111111111,0.6621804121804122,0.5714285714285714,0.0,0.593166708946228,0.6435273459979466,0.049424096409763606,0.15079843625426292,0.0,0.0,0.0,0.0,0.0,18473,global,0.0
2,1,lr1e-05_bs8_drop0p4_temp2p0_a0p25_b0p05__wd1e-04trmiss0_degmodglobal,8,1e-05,0.0001,0.4,2.0,0.25,0.05,lr1e-05_bs8_drop0p4_temp2p0_a0p25_b0p05__wd1e-04trmiss0_degmodglobal,35,0.634159973689488,0.6821954548358917,0.5111111111111111,0.6621804121804122,0.5714285714285714,0.0,0.5803643550191607,0.613386733191354,0.05280120777232306,0.15145848372152873,0.0,0.0,0.0,0.0,0.0,18473,global,0.0
2,1,lr1e-05_bs8_drop0p4_temp2p0_a0p25_b0p05__wd1e-04trmiss0_degmodglobal,8,1e-05,0.0001,0.4,2.0,0.25,0.05,lr1e-05_bs8_drop0p4_temp2p0_a0p25_b0p05__wd1e-04trmiss0_degmodglobal,36,0.6494609372956412,0.6854555606842041,0.4888888888888889,0.6455137455137455,0.5714285714285714,0.0,0.5695388742855617,0.6265203441892352,0.061135699706418176,0.1531334753547396,0.0,0.0,0.0,0.0,0.0,18473,global,0.0
2,1,lr1e-05_bs8_drop0p4_temp2p0_a0p25_b0p05__wd1e-04trmiss0_degmodglobal,8,1e-05,0.0001,0.4,2.0,0.25,0.05,lr1e-05_bs8_drop0p4_temp2p0_a0p25_b0p05__wd1e-04trmiss0_degmodglobal,37,0.6331100463867188,0.683664858341217,0.4888888888888889,0.6455137455137455,0.5714285714285714,0.0,0.5677314485822406,0.6140367473874774,0.05309466911213739,0.11599294309105192,0.0,0.0,0.0,0.0,0.0,18473,global,0.0
2,1,lr1e-05_bs8_drop0p4_temp2p0_a0p25_b0p05__wd1e-04trmiss0_degmodglobal,8,1e-05,0.0001,0.4,2.0,0.25,0.05,lr1e-05_bs8_drop0p4_temp2p0_a0p25_b0p05__wd1e-04trmiss0_degmodglobal,38,0.6236840316227504,0.6866128146648407,0.4888888888888889,0.6455137455137455,0.5714285714285714,0.0,0.5820773414203099,0.6064829656055996,0.04634668332125459,0.11228777707687446,0.0,0.0,0.0,0.0,0.0,18473,global,0.0
2,1,lr1e-05_bs8_drop0p4_temp2p0_a0p25_b0p05__wd1e-04trmiss0_degmodglobal,8,1e-05,0.0001,0.4,2.0,0.25,0.05,lr1e-05_bs8_drop0p4_temp2p0_a0p25_b0p05__wd1e-04trmiss0_degmodglobal,39,0.6290429489953178,0.6830783784389496,0.4888888888888889,0.6455137455137455,0.5714285714285714,0.0,0.5695756758962359,0.610890771661486,0.04632789082825184,0.13140433494533812,0.0,0.0,0.0,0.0,0.0,18473,global,0.0
2,1,lr1e-05_bs8_drop0p4_temp2p0_a0p25_b0p05__wd1e-04trmiss0_degmodglobal,8,1e-05,0.0001,0.4,2.0,0.25,0.05,lr1e-05_bs8_drop0p4_temp2p0_a0p25_b0p05__wd1e-04trmiss0_degmodglobal,40,0.606379577091762,0.6818613409996033,0.4666666666666666,0.626995226995227,0.5714285714285714,0.0,0.5995000600814819,0.5857372539384025,0.050186436623334885,0.1619144385414464,0.0,0.0,0.0,0.0,0.0,18473,global,0.0
2,1,lr1e-05_bs8_drop0p4_temp2p0_a0p25_b0p05__wd1e-04trmiss0_degmodglobal,8,1e-05,0.0001,0.4,2.0,0.25,0.05,lr1e-05_bs8_drop0p4_temp2p0_a0p25_b0p05__wd1e-04trmiss0_degmodglobal,41,0.6125136358397347,0.6852544844150543,0.4666666666666666,0.626995226995227,0.5714285714285714,0.0,0.5599144697189331,0.5914410437856402,0.05696208615388189,0.1366414294711181,0.0,0.0,0.0,0.0,0.0,18473,global,0.0
2,1,lr1e-05_bs8_drop0p4_temp2p0_a0p25_b0p05__wd1e-04trmiss0_degmodglobal,8,1e-05,0.0001,0.4,2.0,0.25,0.05,lr1e-05_bs8_drop0p4_temp2p0_a0p25_b0p05__wd1e-04trmiss0_degmodglobal,42,0.6452664732933044,0.685016393661499,0.4666666666666666,0.626995226995227,0.5714285714285714,0.0,0.5672899910381862,0.6253572617258344,0.05437119518007551,0.12632840712155616,0.0,0.0,0.0,0.0,0.0,18473,global,0.0
2,1,lr1e-05_bs8_drop0p4_temp2p0_a0p25_b0p05__wd1e-04trmiss0_degmodglobal,8,1e-05,0.0001,0.4,2.0,0.25,0.05,lr1e-05_bs8_drop0p4_temp2p0_a0p25_b0p05__wd1e-04trmiss0_degmodglobal,43,0.6263031022889274,0.685370683670044,0.4444444444444444,0.6281857031857032,0.5714285714285714,0.0,0.606651497738702,0.6072473015104022,0.04731227404304913,0.14455455115863255,0.0,0.0,0.0,0.0,0.0,18473,global,0.0
2,1,lr1e-05_bs8_drop0p4_temp2p0_a0p25_b0p05__wd1e-04trmiss0_degmodglobal,8,1e-05,0.0001,0.4,2.0,0.25,0.05,lr1e-05_bs8_drop0p4_temp2p0_a0p25_b0p05__wd1e-04trmiss0_degmodglobal,44,0.6380620513643537,0.6838499307632446,0.4666666666666666,0.6355931105931106,0.5714285714285714,0.0,0.6294802597590855,0.6203361238752093,0.04643930787486689,0.12232185687337603,0.0,0.0,0.0,0.0,0.0,18473,global,0.0
2,1,lr1e-05_bs8_drop0p4_temp2p0_a0p25_b0p05__wd1e-04trmiss0_degmodglobal,8,1e-05,0.0001,0.4,2.0,0.25,0.05,lr1e-05_bs8_drop0p4_temp2p0_a0p25_b0p05__wd1e-04trmiss0_degmodglobal,45,0.6217181852885655,0.6835188865661621,0.4666666666666666,0.6355931105931106,0.5714285714285714,0.0,0.5620348879269191,0.600165707724435,0.05300724799079554,0.1660132450716836,0.0,0.0,0.0,0.0,0.0,18473,global,0.0
2,1,lr1e-05_bs8_drop0p4_temp2p0_a0p25_b0p05__wd1e-04trmiss0_degmodglobal,8,1e-05,0.0001,0.4,2.0,0.25,0.05,lr1e-05_bs8_drop0p4_temp2p0_a0p25_b0p05__wd1e-04trmiss0_degmodglobal,46,0.6183876820972988,0.6803808212280273,0.5111111111111111,0.6593304843304844,0.5714285714285714,0.0,0.5624245149748666,0.6009958727019173,0.04558637259261949,0.11990438029170036,0.0,0.0,0.0,0.0,0.0,18473,global,0.0
2,1,lr1e-05_bs8_drop0p4_temp2p0_a0p25_b0p05__wd1e-04trmiss0_degmodglobal,8,1e-05,0.0001,0.4,2.0,0.25,0.05,lr1e-05_bs8_drop0p4_temp2p0_a0p25_b0p05__wd1e-04trmiss0_degmodglobal,47,0.6402402520179749,0.6772643327713013,0.5111111111111111,0.6593304843304844,0.6428571428571429,0.0,0.5609983801841736,0.6191169108663287,0.05710873433521816,0.13692308962345123,0.0,0.0,0.0,0.0,0.0,18473,global,0.0
2,1,lr1e-05_bs8_drop0p4_temp2p0_a0p25_b0p05__wd1e-04trmiss0_degmodglobal,8,1e-05,0.0001,0.4,2.0,0.25,0.05,lr1e-05_bs8_drop0p4_temp2p0_a0p25_b0p05__wd1e-04trmiss0_degmodglobal,48,0.6066838928631374,0.6817439198493958,0.4666666666666666,0.6241452991452993,0.6428571428571429,0.0,0.5569275617599487,0.5845674531800407,0.058086265942880085,0.15189738784517562,0.0,0.0,0.0,0.0,0.0,18473,global,0.0
2,1,lr1e-05_bs8_drop0p4_temp2p0_a0p25_b0p05__wd1e-04trmiss0_degmodglobal,8,1e-05,0.0001,0.4,2.0,0.25,0.05,lr1e-05_bs8_drop0p4_temp2p0_a0p25_b0p05__wd1e-04trmiss0_degmodglobal,49,0.6607330782072884,0.6862822771072388,0.4444444444444444,0.6135632885632887,0.6428571428571429,0.0,0.567334703036717,0.6381411637578692,0.059811939618417194,0.152778795255082,0.0,0.0,0.0,0.0,0.0,18473,global,0.0
2,1,lr1e-05_bs8_drop0p4_temp2p0_a0p25_b0p05__wd1e-04trmiss0_degmodglobal,8,1e-05,0.0001,0.4,2.0,0.25,0.05,lr1e-05_bs8_drop0p4_temp2p0_a0p25_b0p05__wd1e-04trmiss0_degmodglobal,50,0.6211627296039036,0.6843640208244324,0.4666666666666666,0.6241452991452993,0.5714285714285714,0.0,0.5874270711626325,0.6013976505824498,0.05033273728830474,0.14363803501640046,0.0,0.0,0.0,0.0,0.0,18473,global,0.0
2,1,lr1e-05_bs8_drop0p4_temp2p0_a0p25_b0p05__wd1e-04trmiss0_degmodglobal,8,1e-05,0.0001,0.4,2.0,0.25,0.05,lr1e-05_bs8_drop0p4_temp2p0_a0p25_b0p05__wd1e-04trmiss0_degmodglobal,51,0.6138617736952645,0.6829007565975189,0.4444444444444444,0.6170745920745921,0.5714285714285714,0.0,0.559126717703683,0.5916720713887896,0.0593049872134413,0.14726933730500086,0.0,0.0,0.0,0.0,0.0,18473,global,0.0
2,1,lr1e-05_bs8_drop0p4_temp2p0_a0p25_b0p05__wd1e-04trmiss0_degmodglobal,8,1e-05,0.0001,0.4,2.0,0.25,0.05,lr1e-05_bs8_drop0p4_temp2p0_a0p25_b0p05__wd1e-04trmiss0_degmodglobal,52,0.6511809485299247,0.6832764744758606,0.4666666666666666,0.6241452991452993,0.5714285714285714,0.0,0.5691481062344143,0.628187222140176,0.06276930895234857,0.14602783748081752,0.0,0.0,0.0,0.0,0.0,18473,global,0.0
2,1,lr1e-04_bs16_drop0p2_temp1p0_a0p25_b0p05__wd1e-04trmiss0_degmodglobal,16,0.0001,0.0001,0.2,1.0,0.25,0.05,lr1e-04_bs16_drop0p2_temp1p0_a0p25_b0p05__wd1e-04trmiss0_degmodglobal,1,0.7065220326185226,0.7098640203475952,0.4888888888888889,0.6506512006512006,0.5,0.0,0.6923194229602814,0.6872999370098114,0.04894918575882912,0.1396960262209177,0.0,0.0,0.0,0.0,0.0,18473,global,0.0
2,1,lr1e-04_bs16_drop0p2_temp1p0_a0p25_b0p05__wd1e-04trmiss0_degmodglobal,16,0.0001,0.0001,0.2,1.0,0.25,0.05,lr1e-04_bs16_drop0p2_temp1p0_a0p25_b0p05__wd1e-04trmiss0_degmodglobal,2,0.631192609667778,0.7354131937026978,0.42222222222222217,0.6244005994005994,0.42857142857142855,0.0,0.6116111576557159,0.6141869425773621,0.04266183637082577,0.12680400721728802,0.0,0.0,0.0,0.0,0.0,18473,global,0.0
2,1,lr1e-04_bs16_drop0p2_temp1p0_a0p25_b0p05__wd1e-04trmiss0_degmodglobal,16,0.0001,0.0001,0.2,1.0,0.25,0.05,lr1e-04_bs16_drop0p2_temp1p0_a0p25_b0p05__wd1e-04trmiss0_degmodglobal,3,0.6204946339130402,0.7488448023796082,0.37777777777777777,0.6064111814111814,0.42857142857142855,0.0,0.5724074393510818,0.6060845404863358,0.03766587749123573,0.09987254533916712,0.0,0.0,0.0,0.0,0.0,18473,global,0.0
2,1,lr1e-04_bs16_drop0p2_temp1p0_a0p25_b0p05__wd1e-04trmiss0_degmodglobal,16,0.0001,0.0001,0.2,1.0,0.25,0.05,lr1e-04_bs16_drop0p2_temp1p0_a0p25_b0p05__wd1e-04trmiss0_degmodglobal,4,0.6014539003372192,0.7481656670570374,0.3333333333333333,0.5907586240919575,0.2857142857142857,0.0,0.5739784240722656,0.584245964884758,0.04568551992997527,0.11573145166039467,0.0,0.0,0.0,0.0,0.0,18473,global,0.0
2,1,lr1e-04_bs16_drop0p2_temp1p0_a0p25_b0p05__wd1e-04trmiss0_degmodglobal,16,0.0001,0.0001,0.2,1.0,0.25,0.05,lr1e-04_bs16_drop0p2_temp1p0_a0p25_b0p05__wd1e-04trmiss0_degmodglobal,5,0.6120774000883102,0.7492442727088928,0.3555555555555555,0.6074252907586242,0.42857142857142855,0.0,0.5531358569860458,0.588766410946846,0.06141074188053608,0.15916640311479568,0.0,0.0,0.0,0.0,0.0,18473,global,0.0
2,1,lr1e-04_bs16_drop0p2_temp1p0_a0p25_b0p05__wd1e-04trmiss0_degmodglobal,16,0.0001,0.0001,0.2,1.0,0.25,0.05,lr1e-04_bs16_drop0p2_temp1p0_a0p25_b0p05__wd1e-04trmiss0_degmodglobal,6,0.5766621381044388,0.7533190846443176,0.37777777777777777,0.6153617986951321,0.35714285714285715,0.0,0.5292212516069412,0.5604614019393921,0.046718855388462543,0.09042019210755825,0.0,0.0,0.0,0.0,0.0,18473,global,0.0
2,1,lr1e-04_bs16_drop0p2_temp1p0_a0p25_b0p05__wd1e-04trmiss0_degmodglobal,16,0.0001,0.0001,0.2,1.0,0.25,0.05,lr1e-04_bs16_drop0p2_temp1p0_a0p25_b0p05__wd1e-04trmiss0_degmodglobal,7,0.598188653588295,0.7584317922592163,0.37777777777777777,0.6153617986951321,0.42857142857142855,0.0,0.5684436038136482,0.5775100290775299,0.05316684115678072,0.14773868396878242,0.0,0.0,0.0,0.0,0.0,18473,global,0.0
2,1,lr1e-04_bs16_drop0p2_temp1p0_a0p25_b0p05__wd1e-04trmiss0_degmodglobal,16,0.0001,0.0001,0.2,1.0,0.25,0.05,lr1e-04_bs16_drop0p2_temp1p0_a0p25_b0p05__wd1e-04trmiss0_degmodglobal,8,0.5898783057928085,0.7749305963516235,0.28888888888888886,0.5717110050443384,0.21428571428571427,0.0,0.5007089227437973,0.5634251087903976,0.06982803530991077,0.1799236722290516,0.0,0.0,0.0,0.0,0.0,18473,global,0.0
2,1,lr1e-04_bs16_drop0p2_temp1p0_a0p25_b0p05__wd1e-04trmiss0_degmodglobal,16,0.0001,0.0001,0.2,1.0,0.25,0.05,lr1e-04_bs16_drop0p2_temp1p0_a0p25_b0p05__wd1e-04trmiss0_degmodglobal,9,0.5539867430925369,0.7792280912399292,0.28888888888888886,0.5717110050443384,0.2857142857142857,0.0,0.48124808818101883,0.5310953035950661,0.06525938399136066,0.13153153657913208,0.0,0.0,0.0,0.0,0.0,18473,global,0.0
2,1,lr1e-04_bs16_drop0p2_temp1p0_a0p25_b0p05__wd1e-04trmiss0_degmodglobal,16,0.0001,0.0001,0.2,1.0,0.25,0.05,lr1e-04_bs16_drop0p2_temp1p0_a0p25_b0p05__wd1e-04trmiss0_degmodglobal,10,0.5896702110767365,0.7748062014579773,0.3555555555555555,0.5986951320284654,0.35714285714285715,0.0,0.53410454839468,0.5548902004957199,0.08770575653761625,0.2570712771266699,0.0,0.0,0.0,0.0,0.0,18473,global,0.0
2,1,lr1e-04_bs16_drop0p2_temp1p0_a0p25_b0p05__wd1e-04trmiss0_degmodglobal,16,0.0001,0.0001,0.2,1.0,0.25,0.05,lr1e-04_bs16_drop0p2_temp1p0_a0p25_b0p05__wd1e-04trmiss0_degmodglobal,11,0.5713642984628677,0.7630979418754578,0.39999999999999997,0.623077848077848,0.42857142857142855,0.0,0.48601704835891724,0.5425892174243927,0.07475455477833748,0.2017290350049734,0.0,0.0,0.0,0.0,0.0,18473,global,0.0
2,1,lr1e-04_bs16_drop0p2_temp1p0_a0p25_b0p05__wd1e-04trmiss0_degmodglobal,16,0.0001,0.0001,0.2,1.0,0.25,0.05,lr1e-04_bs16_drop0p2_temp1p0_a0p25_b0p05__wd1e-04trmiss0_degmodglobal,12,0.5566917657852173,0.7473128437995911,0.4444444444444444,0.641067266067266,0.5714285714285714,0.0,0.4791354537010193,0.5304376184940338,0.07639452256262302,0.14311022870242596,0.0,0.0,0.0,0.0,0.0,18473,global,0.0
2,1,lr1e-04_bs16_drop0p2_temp1p0_a0p25_b0p05__wd1e-04trmiss0_degmodglobal,16,0.0001,0.0001,0.2,1.0,0.25,0.05,lr1e-04_bs16_drop0p2_temp1p0_a0p25_b0p05__wd1e-04trmiss0_degmodglobal,13,0.5754163861274719,0.7445985674858093,0.4888888888888889,0.662952787952788,0.5,0.0,0.48957930505275726,0.5496777892112732,0.06522533297538757,0.18864529207348824,0.0,0.0,0.0,0.0,0.0,18473,global,0.0
2,1,lr1e-04_bs16_drop0p2_temp1p0_a0p25_b0p05__wd1e-04trmiss0_degmodglobal,16,0.0001,0.0001,0.2,1.0,0.25,0.05,lr1e-04_bs16_drop0p2_temp1p0_a0p25_b0p05__wd1e-04trmiss0_degmodglobal,14,0.5619563162326813,0.7550362348556519,0.4666666666666666,0.6558820808820809,0.5,0.0,0.5167590975761414,0.5407363846898079,0.06127419089898467,0.1180277201347053,0.0,0.0,0.0,0.0,0.0,18473,global,0.0
2,1,lr1e-04_bs16_drop0p2_temp1p0_a0p25_b0p05__wd1e-04trmiss0_degmodglobal,16,0.0001,0.0001,0.2,1.0,0.25,0.05,lr1e-04_bs16_drop0p2_temp1p0_a0p25_b0p05__wd1e-04trmiss0_degmodglobal,15,0.5693408101797104,0.7488362193107605,0.48888888888888893,0.6716228216228217,0.5714285714285714,0.0,0.5040545985102654,0.5370954871177673,0.08671246422454715,0.2113444898277521,0.0,0.0,0.0,0.0,0.0,18473,global,0.0
2,1,lr1e-04_bs16_drop0p2_temp1p0_a0p25_b0p05__wd1e-04trmiss0_degmodglobal,16,0.0001,0.0001,0.2,1.0,0.25,0.05,lr1e-04_bs16_drop0p2_temp1p0_a0p25_b0p05__wd1e-04trmiss0_degmodglobal,16,0.5795960947871208,0.7496752142906189,0.4666666666666667,0.6583953083953085,0.5714285714285714,0.0,0.46254316717386246,0.5443520620465279,0.09048264287412167,0.2524675130844116,0.0,0.0,0.0,0.0,0.0,18473,global,0.0
2,1,lr1e-04_bs16_drop0p2_temp1p0_a0p25_b0p05__wd1e-04trmiss0_degmodglobal,16,0.0001,0.0001,0.2,1.0,0.25,0.05,lr1e-04_bs16_drop0p2_temp1p0_a0p25_b0p05__wd1e-04trmiss0_degmodglobal,17,0.6010044068098068,0.7535744905471802,0.4666666666666667,0.6583953083953085,0.5714285714285714,0.0,0.4796777442097664,0.5709516704082489,0.07462591491639614,0.22792524844408035,0.0,0.0,0.0,0.0,0.0,18473,global,0.0
2,1,lr1e-04_bs16_drop0p2_temp1p0_a0p25_b0p05__wd1e-04trmiss0_degmodglobal,16,0.0001,0.0001,0.2,1.0,0.25,0.05,lr1e-04_bs16_drop0p2_temp1p0_a0p25_b0p05__wd1e-04trmiss0_degmodglobal,18,0.5769741833209991,0.754001259803772,0.48888888888888893,0.6716228216228217,0.5714285714285714,0.0,0.4831525832414627,0.5521520674228668,0.06904098577797413,0.15123765729367733,0.0,0.0,0.0,0.0,0.0,18473,global,0.0
2,1,lr1e-04_bs16_drop0p2_temp1p0_a0p25_b0p05__wd1e-04trmiss0_degmodglobal,16,0.0001,0.0001,0.2,1.0,0.25,0.05,lr1e-04_bs16_drop0p2_temp1p0_a0p25_b0p05__wd1e-04trmiss0_degmodglobal,19,0.5848373621702194,0.754978597164154,0.4666666666666667,0.6583953083953085,0.5714285714285714,0.0,0.4710807353258133,0.5517400354146957,0.08530459739267826,0.2354234028607607,0.0,0.0,0.0,0.0,0.0,18473,global,0.0
2,1,lr1e-04_bs16_drop0p2_temp1p0_a0p25_b0p05__wd1e-04trmiss0_degmodglobal,16,0.0001,0.0001,0.2,1.0,0.25,0.05,lr1e-04_bs16_drop0p2_temp1p0_a0p25_b0p05__wd1e-04trmiss0_degmodglobal,20,0.5448634177446365,0.7453778386116028,0.4666666666666667,0.6583953083953085,0.5,0.0,0.468549981713295,0.5172320008277893,0.0742814876139164,0.1812212187796831,0.0,0.0,0.0,0.0,0.0,18473,global,0.0
2,1,lr1e-04_bs16_drop0p2_temp1p0_a0p25_b0p05__wd1e-04trmiss0_degmodglobal,16,0.0001,0.0001,0.2,1.0,0.25,0.05,lr1e-04_bs16_drop0p2_temp1p0_a0p25_b0p05__wd1e-04trmiss0_degmodglobal,21,0.5706503242254257,0.7456697821617126,0.4666666666666667,0.6583953083953085,0.5,0.0,0.4683684855699539,0.5430795028805733,0.07451478391885757,0.1788421869277954,0.0,0.0,0.0,0.0,0.0,18473,global,0.0
2,1,lr1e-04_bs16_drop0p2_temp1p0_a0p25_b0p05__wd1e-04trmiss0_degmodglobal,16,0.0001,0.0001,0.2,1.0,0.25,0.05,lr1e-04_bs16_drop0p2_temp1p0_a0p25_b0p05__wd1e-04trmiss0_degmodglobal,22,0.6135742217302322,0.7525184750556946,0.4666666666666667,0.6583953083953085,0.5714285714285714,0.0,0.5169560983777046,0.5838050693273544,0.07541290484368801,0.21831865049898624,0.0,0.0,0.0,0.0,0.0,18473,global,0.0
2,1,lr1e-04_bs16_drop0p2_temp1p0_a0p25_b0p05__wd1e-04trmiss0_degmodglobal,16,0.0001,0.0001,0.2,1.0,0.25,0.05,lr1e-04_bs16_drop0p2_temp1p0_a0p25_b0p05__wd1e-04trmiss0_degmodglobal,23,0.5654213428497314,0.7493107914924622,0.4666666666666667,0.6583953083953085,0.42857142857142855,0.0,0.4436262175440788,0.5416268780827522,0.0606018491089344,0.1728803850710392,0.0,0.0,0.0,0.0,0.0,18473,global,0.0
2,1,lr1e-04_bs16_drop0p2_temp1p0_a0p25_b0p05__wd1e-04trmiss0_degmodglobal,16,0.0001,0.0001,0.2,1.0,0.25,0.05,lr1e-04_bs16_drop0p2_temp1p0_a0p25_b0p05__wd1e-04trmiss0_degmodglobal,24,0.5607355386018753,0.7520191073417664,0.4666666666666667,0.6583953083953085,0.5,0.0,0.4648723602294922,0.536105677485466,0.06728639081120491,0.15616500843316317,0.0,0.0,0.0,0.0,0.0,18473,global,0.0
2,1,lr1e-04_bs16_drop0p2_temp1p0_a0p25_b0p05__wd1e-04trmiss0_degmodglobal,16,0.0001,0.0001,0.2,1.0,0.25,0.05,lr1e-04_bs16_drop0p2_temp1p0_a0p25_b0p05__wd1e-04trmiss0_degmodglobal,25,0.5617191344499588,0.7538943886756897,0.48888888888888893,0.6716228216228217,0.5714285714285714,0.0,0.5174425318837166,0.536249116063118,0.06451875623315573,0.1868070401251316,0.0,0.0,0.0,0.0,0.0,18473,global,0.0
2,1,lr1e-04_bs16_drop0p2_temp1p0_a0p25_b0p05__wd1e-04trmiss0_degmodglobal,16,0.0001,0.0001,0.2,1.0,0.25,0.05,lr1e-04_bs16_drop0p2_temp1p0_a0p25_b0p05__wd1e-04trmiss0_degmodglobal,26,0.5414345040917397,0.7478148341178894,0.48888888888888893,0.6716228216228217,0.5714285714285714,0.0,0.43917785584926605,0.5064216405153275,0.09317294508218765,0.2343924380838871,0.0,0.0,0.0,0.0,0.0,18473,global,0.0
2,1,lr1e-04_bs16_drop0p2_temp1p0_a0p25_b0p05__wd1e-04trmiss0_degmodglobal,16,0.0001,0.0001,0.2,1.0,0.25,0.05,lr1e-04_bs16_drop0p2_temp1p0_a0p25_b0p05__wd1e-04trmiss0_degmodglobal,27,0.5725608170032501,0.746957004070282,0.48888888888888893,0.6716228216228217,0.42857142857142855,0.0,0.4563862010836601,0.5450328290462494,0.06851454079151154,0.20798671431839466,0.0,0.0,0.0,0.0,0.0,18473,global,0.0
2,1,lr1e-04_bs16_drop0p2_temp1p0_a0p25_b0p05__wd1e-04trmiss0_degmodglobal,16,0.0001,0.0001,0.2,1.0,0.25,0.05,lr1e-04_bs16_drop0p2_temp1p0_a0p25_b0p05__wd1e-04trmiss0_degmodglobal,28,0.5698447823524475,0.7449465394020081,0.4666666666666667,0.6583953083953085,0.42857142857142855,0.0,0.46387574076652527,0.5330435186624527,0.09737644623965025,0.24914297461509705,0.0,0.0,0.0,0.0,0.0,18473,global,0.0
2,1,lr1e-04_bs16_drop0p2_temp1p0_a0p25_b0p05__wd1e-04trmiss0_degmodglobal,16,0.0001,0.0001,0.2,1.0,0.25,0.05,lr1e-04_bs16_drop0p2_temp1p0_a0p25_b0p05__wd1e-04trmiss0_degmodglobal,29,0.5360225066542625,0.7463675141334534,0.48888888888888893,0.6716228216228217,0.42857142857142855,0.0,0.443521685898304,0.5092450976371765,0.07273220643401146,0.17188692092895508,0.0,0.0,0.0,0.0,0.0,18473,global,0.0
2,1,lr1e-04_bs16_drop0p2_temp1p0_a0p25_b0p05__wd1e-04trmiss0_degmodglobal,16,0.0001,0.0001,0.2,1.0,0.25,0.05,lr1e-04_bs16_drop0p2_temp1p0_a0p25_b0p05__wd1e-04trmiss0_degmodglobal,30,0.5359883457422256,0.7427213788032532,0.48888888888888893,0.6716228216228217,0.42857142857142855,0.0,0.4172179698944092,0.5047172009944916,0.08261835388839245,0.21233103424310684,0.0,0.0,0.0,0.0,0.0,18473,global,0.0
2,1,lr1e-04_bs16_drop0p2_temp1p0_a0p25_b0p05__wd1e-04trmiss0_degmodglobal,16,0.0001,0.0001,0.2,1.0,0.25,0.05,lr1e-04_bs16_drop0p2_temp1p0_a0p25_b0p05__wd1e-04trmiss0_degmodglobal,31,0.5506334453821182,0.7429563403129578,0.48888888888888893,0.6716228216228217,0.42857142857142855,0.0,0.4653548374772072,0.5255883261561394,0.07140070013701916,0.14389877486974,0.0,0.0,0.0,0.0,0.0,18473,global,0.0
2,1,lr1e-04_bs16_drop0p2_temp1p0_a0p25_b0p05__wd1e-04trmiss0_degmodglobal,16,0.0001,0.0001,0.2,1.0,0.25,0.05,lr1e-04_bs16_drop0p2_temp1p0_a0p25_b0p05__wd1e-04trmiss0_degmodglobal,32,0.5371533632278442,0.7421976923942566,0.48888888888888893,0.6716228216228217,0.42857142857142855,0.0,0.4651643931865692,0.5140859484672546,0.061791741754859686,0.15238972753286362,0.0,0.0,0.0,0.0,0.0,18473,global,0.0
2,1,lr1e-04_bs16_drop0p2_temp1p0_a0p25_b0p05__wd1e-04trmiss0_degmodglobal,16,0.0001,0.0001,0.2,1.0,0.25,0.05,lr1e-04_bs16_drop0p2_temp1p0_a0p25_b0p05__wd1e-04trmiss0_degmodglobal,33,0.58253113925457,0.7425158619880676,0.48888888888888893,0.6716228216228217,0.42857142857142855,0.0,0.46065060794353485,0.547209694981575,0.09306301735341549,0.24111385643482208,0.0,0.0,0.0,0.0,0.0,18473,global,0.0
2,1,lr1e-04_bs16_drop0p2_temp1p0_a0p25_b0p05__wd1e-04trmiss0_degmodglobal,16,0.0001,0.0001,0.2,1.0,0.25,0.05,lr1e-04_bs16_drop0p2_temp1p0_a0p25_b0p05__wd1e-04trmiss0_degmodglobal,34,0.5797428786754608,0.735821008682251,0.48888888888888893,0.6716228216228217,0.5,0.0,0.48567652702331543,0.5471396446228027,0.08614525943994522,0.22133847326040268,0.0,0.0,0.0,0.0,0.0,18473,global,0.0
2,1,lr1e-04_bs16_drop0p2_temp1p0_a0p25_b0p05__wd1e-04trmiss0_degmodglobal,16,0.0001,0.0001,0.2,1.0,0.25,0.05,lr1e-04_bs16_drop0p2_temp1p0_a0p25_b0p05__wd1e-04trmiss0_degmodglobal,35,0.5750156790018082,0.7386941313743591,0.4666666666666667,0.6583953083953085,0.42857142857142855,0.0,0.46033312380313873,0.5440213605761528,0.08163631148636341,0.2117048278450966,0.0,0.0,0.0,0.0,0.0,18473,global,0.0
2,1,lr1e-04_bs16_drop0p2_temp1p0_a0p25_b0p05__wd1e-04trmiss0_degmodglobal,16,0.0001,0.0001,0.2,1.0,0.25,0.05,lr1e-04_bs16_drop0p2_temp1p0_a0p25_b0p05__wd1e-04trmiss0_degmodglobal,36,0.5808475762605667,0.7369983196258545,0.4444444444444444,0.6484746734746736,0.5,0.0,0.45647287368774414,0.5395601540803909,0.1116847712546587,0.267324473708868,0.0,0.0,0.0,0.0,0.0,18473,global,0.0
2,1,lr1e-04_bs16_drop0p2_temp1p0_a0p25_b0p05__wd1e-04trmiss0_degmodglobal,16,0.0001,0.0001,0.2,1.0,0.25,0.05,lr1e-04_bs16_drop0p2_temp1p0_a0p25_b0p05__wd1e-04trmiss0_degmodglobal,37,0.5547705292701721,0.7351215481758118,0.48888888888888893,0.6716228216228217,0.5,0.0,0.4486510828137398,0.5281442180275917,0.07721703872084618,0.14644084498286247,0.0,0.0,0.0,0.0,0.0,18473,global,0.0
2,1,lr1e-04_bs16_drop0p2_temp1p0_a0p25_b0p05__wd1e-04trmiss0_degmodglobal,16,0.0001,0.0001,0.2,1.0,0.25,0.05,lr1e-04_bs16_drop0p2_temp1p0_a0p25_b0p05__wd1e-04trmiss0_degmodglobal,38,0.5327897518873215,0.7399499416351318,0.4666666666666667,0.6583953083953085,0.42857142857142855,0.0,0.3877097815275192,0.49141233414411545,0.11320867948234081,0.26150475442409515,0.0,0.0,0.0,0.0,0.0,18473,global,0.0
2,1,lr1e-04_bs16_drop0p2_temp1p0_a0p25_b0p05__wd1e-04trmiss0_degmodglobal,16,0.0001,0.0001,0.2,1.0,0.25,0.05,lr1e-04_bs16_drop0p2_temp1p0_a0p25_b0p05__wd1e-04trmiss0_degmodglobal,39,0.5893215537071228,0.7427809834480286,0.4444444444444444,0.6435804935804936,0.42857142857142855,0.0,0.45301082730293274,0.5542429685592651,0.0956762544810772,0.2231905609369278,0.0,0.0,0.0,0.0,0.0,18473,global,0.0
2,1,lr1e-04_bs16_drop0p2_temp1p0_a0p25_b0p05__wd1e-04trmiss0_degmodglobal,16,0.0001,0.0001,0.2,1.0,0.25,0.05,lr1e-04_bs16_drop0p2_temp1p0_a0p25_b0p05__wd1e-04trmiss0_degmodglobal,40,0.561278685927391,0.7465190291404724,0.4444444444444444,0.6435804935804936,0.5,0.0,0.44999100267887115,0.5359518527984619,0.06682553607970476,0.1724085472524166,0.0,0.0,0.0,0.0,0.0,18473,global,0.0
2,1,lr1e-04_bs16_drop0p2_temp1p0_a0p25_b0p05__wd1e-04trmiss0_degmodglobal,16,0.0001,0.0001,0.2,1.0,0.25,0.05,lr1e-04_bs16_drop0p2_temp1p0_a0p25_b0p05__wd1e-04trmiss0_degmodglobal,41,0.5378594398498535,0.7460522055625916,0.4444444444444444,0.6343212343212343,0.5,0.0,0.41324303299188614,0.5040686801075935,0.09399235993623734,0.2058531418442726,0.0,0.0,0.0,0.0,0.0,18473,global,0.0
2,1,lr1e-04_bs16_drop0p2_temp1p0_a0p25_b0p05__wd1e-04trmiss0_degmodglobal,16,0.0001,0.0001,0.2,1.0,0.25,0.05,lr1e-04_bs16_drop0p2_temp1p0_a0p25_b0p05__wd1e-04trmiss0_degmodglobal,42,0.5567250400781631,0.7502733469009399,0.4444444444444444,0.6343212343212343,0.5,0.0,0.4303600862622261,0.5077800899744034,0.140360901132226,0.27709439396858215,0.0,0.0,0.0,0.0,0.0,18473,global,0.0
2,1,lr1e-04_bs16_drop0p2_temp1p0_a0p25_b0p05__wd1e-04trmiss0_degmodglobal,16,0.0001,0.0001,0.2,1.0,0.25,0.05,lr1e-04_bs16_drop0p2_temp1p0_a0p25_b0p05__wd1e-04trmiss0_degmodglobal,43,0.566347025334835,0.7549244165420532,0.4444444444444444,0.6343212343212343,0.5,0.0,0.48903828114271164,0.5339712277054787,0.09225460886955261,0.18624305352568626,0.0,0.0,0.0,0.0,0.0,18473,global,0.0
2,1,lr1e-04_bs16_drop0p2_temp1p0_a0p25_b0p05__wd1e-04trmiss0_degmodglobal,16,0.0001,0.0001,0.2,1.0,0.25,0.05,lr1e-04_bs16_drop0p2_temp1p0_a0p25_b0p05__wd1e-04trmiss0_degmodglobal,44,0.525738351047039,0.7420381903648376,0.4444444444444444,0.6343212343212343,0.5,0.0,0.4188099279999733,0.4888502061367035,0.10484076663851738,0.21355880796909332,0.0,0.0,0.0,0.0,0.0,18473,global,0.0
2,1,lr1e-04_bs16_drop0p2_temp1p0_a0p25_b0p05__wd1e-04trmiss0_degmodglobal,16,0.0001,0.0001,0.2,1.0,0.25,0.05,lr1e-04_bs16_drop0p2_temp1p0_a0p25_b0p05__wd1e-04trmiss0_degmodglobal,45,0.5575209408998489,0.7470080852508545,0.4444444444444444,0.6343212343212343,0.5,0.0,0.4526471942663193,0.5199373066425323,0.10594475083053112,0.22194944228976965,0.0,0.0,0.0,0.0,0.0,18473,global,0.0
2,1,lr1e-04_bs16_drop0p2_temp1p0_a0p25_b0p05__wd1e-04trmiss0_degmodglobal,16,0.0001,0.0001,0.2,1.0,0.25,0.05,lr1e-04_bs16_drop0p2_temp1p0_a0p25_b0p05__wd1e-04trmiss0_degmodglobal,46,0.5769790410995483,0.7410057783126831,0.42222222222222217,0.6158027158027158,0.5,0.0,0.4393999055027962,0.538401335477829,0.10726252757012844,0.23524152301251888,0.0,0.0,0.0,0.0,0.0,18473,global,0.0
2,1,lr1e-04_bs16_drop0p2_temp1p0_a0p25_b0p05__wd1e-04trmiss0_degmodglobal,16,0.0001,0.0001,0.2,1.0,0.25,0.05,lr1e-04_bs16_drop0p2_temp1p0_a0p25_b0p05__wd1e-04trmiss0_degmodglobal,47,0.5405164062976837,0.745841920375824,0.4222222222222222,0.6269138269138269,0.5,0.0,0.42585939913988113,0.5101398304104805,0.07732033170759678,0.22093011438846588,0.0,0.0,0.0,0.0,0.0,18473,global,0.0
2,1,lr1e-04_bs16_drop0p2_temp1p0_a0p25_b0p05__wd1e-04trmiss0_degmodglobal,16,0.0001,0.0001,0.2,1.0,0.25,0.05,lr1e-04_bs16_drop0p2_temp1p0_a0p25_b0p05__wd1e-04trmiss0_degmodglobal,48,0.5667721033096313,0.7449926733970642,0.4444444444444444,0.6435804935804936,0.42857142857142855,0.0,0.4522631987929344,0.532513715326786,0.09027711674571037,0.23378192633390427,0.0,0.0,0.0,0.0,0.0,18473,global,0.0
2,1,lr1e-04_bs16_drop0p2_temp1p0_a0p25_b0p05__wd1e-04trmiss0_degmodglobal,16,0.0001,0.0001,0.2,1.0,0.25,0.05,lr1e-04_bs16_drop0p2_temp1p0_a0p25_b0p05__wd1e-04trmiss0_degmodglobal,49,0.6098053306341171,0.7506523728370667,0.4444444444444444,0.6343212343212343,0.5,0.0,0.4540850669145584,0.5488981604576111,0.1458053346723318,0.48911647871136665,0.0,0.0,0.0,0.0,0.0,18473,global,0.0
2,1,lr1e-04_bs16_drop0p2_temp1p0_a0p25_b0p05__wd1e-04trmiss0_degmodglobal,16,0.0001,0.0001,0.2,1.0,0.25,0.05,lr1e-04_bs16_drop0p2_temp1p0_a0p25_b0p05__wd1e-04trmiss0_degmodglobal,50,0.524169884622097,0.7505013942718506,0.4444444444444444,0.6343212343212343,0.5,0.0,0.4161728322505951,0.48942606151103973,0.09421766176819801,0.22378864139318466,0.0,0.0,0.0,0.0,0.0,18473,global,0.0
2,1,lr1e-04_bs16_drop0p2_temp1p0_a0p25_b0p05__wd1e-04trmiss0_degmodglobal,16,0.0001,0.0001,0.2,1.0,0.25,0.05,lr1e-04_bs16_drop0p2_temp1p0_a0p25_b0p05__wd1e-04trmiss0_degmodglobal,51,0.5668322518467903,0.7565181255340576,0.4222222222222222,0.6269138269138269,0.5,0.0,0.49763884395360947,0.5411839336156845,0.07534910552203655,0.13622114714235067,0.0,0.0,0.0,0.0,0.0,18473,global,0.0
2,1,lr1e-04_bs16_drop0p2_temp1p0_a0p25_b0p05__wd1e-04trmiss0_degmodglobal,16,0.0001,0.0001,0.2,1.0,0.25,0.05,lr1e-04_bs16_drop0p2_temp1p0_a0p25_b0p05__wd1e-04trmiss0_degmodglobal,52,0.5452486127614975,0.7461490035057068,0.4444444444444444,0.6343212343212343,0.5,0.0,0.43806204944849014,0.5002387017011642,0.12118696607649326,0.2942633144557476,0.0,0.0,0.0,0.0,0.0,18473,global,0.0
2,1,lr1e-04_bs16_drop0p2_temp1p0_a0p25_b0p05__wd1e-04trmiss0_degmodglobal,16,0.0001,0.0001,0.2,1.0,0.25,0.05,lr1e-04_bs16_drop0p2_temp1p0_a0p25_b0p05__wd1e-04trmiss0_degmodglobal,53,0.5359667539596558,0.7474908232688904,0.4444444444444444,0.6343212343212343,0.5,0.0,0.41089189797639847,0.4986667111515999,0.10021698381751776,0.24491622485220432,0.0,0.0,0.0,0.0,0.0,18473,global,0.0
2,1,lr1e-04_bs16_drop0p2_temp1p0_a0p25_b0p05__wd1e-04trmiss0_degmodglobal,16,0.0001,0.0001,0.2,1.0,0.25,0.05,lr1e-04_bs16_drop0p2_temp1p0_a0p25_b0p05__wd1e-04trmiss0_degmodglobal,54,0.6325355172157288,0.7514697909355164,0.4444444444444444,0.6343212343212343,0.5,0.0,0.40532078593969345,0.5556417405605316,0.18515038304030895,0.6121235713362694,0.0,0.0,0.0,0.0,0.0,18473,global,0.0
2,1,lr1e-04_bs16_drop0p2_temp1p0_a0p25_b0p05__wd1e-04trmiss0_degmodglobal,16,0.0001,0.0001,0.2,1.0,0.25,0.05,lr1e-04_bs16_drop0p2_temp1p0_a0p25_b0p05__wd1e-04trmiss0_degmodglobal,55,0.6059408187866211,0.7528637647628784,0.4444444444444444,0.6343212343212343,0.5,0.0,0.392965205013752,0.5280816853046417,0.19900703057646751,0.5621471628546715,0.0,0.0,0.0,0.0,0.0,18473,global,0.0
2,1,lr1e-04_bs16_drop0p2_temp1p0_a0p25_b0p05__wd1e-04trmiss0_degmodglobal,16,0.0001,0.0001,0.2,1.0,0.25,0.05,lr1e-04_bs16_drop0p2_temp1p0_a0p25_b0p05__wd1e-04trmiss0_degmodglobal,56,0.5896110683679581,0.7487846612930298,0.4222222222222222,0.6269138269138269,0.5,0.0,0.43915463984012604,0.5487652868032455,0.11824922822415829,0.22566930577158928,0.0,0.0,0.0,0.0,0.0,18473,global,0.0
2,1,lr1e-04_bs16_drop0p2_temp1p0_a0p25_b0p05__wd1e-04trmiss0_degmodglobal,16,0.0001,0.0001,0.2,1.0,0.25,0.05,lr1e-04_bs16_drop0p2_temp1p0_a0p25_b0p05__wd1e-04trmiss0_degmodglobal,57,0.5178395807743073,0.7434366941452026,0.4444444444444444,0.6343212343212343,0.5,0.0,0.36760474741458893,0.47280268371105194,0.11929127015173435,0.30428215116262436,0.0,0.0,0.0,0.0,0.0,18473,global,0.0
2,1,lr1e-04_bs16_drop0p2_temp2p0_a0p25_b0p05__wd1e-04trmiss0_degmodglobal,16,0.0001,0.0001,0.2,2.0,0.25,0.05,lr1e-04_bs16_drop0p2_temp2p0_a0p25_b0p05__wd1e-04trmiss0_degmodglobal,1,0.6774194687604904,0.63567715883255,0.7777777777777778,0.8551858635191969,0.7857142857142857,0.0,0.6820910722017288,0.6595673859119415,0.04517005383968353,0.131191223859787,0.0,0.0,0.0,0.0,0.0,18473,global,0.0
2,1,lr1e-04_bs16_drop0p2_temp2p0_a0p25_b0p05__wd1e-04trmiss0_degmodglobal,16,0.0001,0.0001,0.2,2.0,0.25,0.05,lr1e-04_bs16_drop0p2_temp2p0_a0p25_b0p05__wd1e-04trmiss0_degmodglobal,2,0.657591924071312,0.6371784210205078,0.7777777777777778,0.8551858635191969,0.7857142857142857,0.0,0.6248047351837158,0.6421210914850235,0.03985529812052846,0.11014008522033691,0.0,0.0,0.0,0.0,0.0,18473,global,0.0
2,1,lr1e-04_bs16_drop0p2_temp2p0_a0p25_b0p05__wd1e-04trmiss0_degmodglobal,16,0.0001,0.0001,0.2,2.0,0.25,0.05,lr1e-04_bs16_drop0p2_temp2p0_a0p25_b0p05__wd1e-04trmiss0_degmodglobal,3,0.62336166203022,0.6528863310813904,0.7333333333333333,0.8372285122285124,0.6428571428571429,0.0,0.624460980296135,0.6036946475505829,0.05471481755375862,0.11976666748523712,0.0,0.0,0.0,0.0,0.0,18473,global,0.0
2,1,lr1e-04_bs16_drop0p2_temp2p0_a0p25_b0p05__wd1e-04trmiss0_degmodglobal,16,0.0001,0.0001,0.2,2.0,0.25,0.05,lr1e-04_bs16_drop0p2_temp2p0_a0p25_b0p05__wd1e-04trmiss0_degmodglobal,4,0.5635225847363472,0.6671050190925598,0.6444444444444444,0.7945597612264279,0.6428571428571429,0.0,0.5606206059455872,0.553211897611618,0.030892194714397192,0.051752291736193,0.0,0.0,0.0,0.0,0.0,18473,global,0.0
2,1,lr1e-04_bs16_drop0p2_temp2p0_a0p25_b0p05__wd1e-04trmiss0_degmodglobal,16,0.0001,0.0001,0.2,2.0,0.25,0.05,lr1e-04_bs16_drop0p2_temp2p0_a0p25_b0p05__wd1e-04trmiss0_degmodglobal,5,0.5938890725374222,0.6603624224662781,0.6444444444444444,0.7642567309233976,0.6428571428571429,0.0,0.5694940686225891,0.5764155089855194,0.05215813871473074,0.08868083916604519,0.0,0.0,0.0,0.0,0.0,18473,global,0.0
2,1,lr1e-04_bs16_drop0p2_temp2p0_a0p25_b0p05__wd1e-04trmiss0_degmodglobal,16,0.0001,0.0001,0.2,2.0,0.25,0.05,lr1e-04_bs16_drop0p2_temp2p0_a0p25_b0p05__wd1e-04trmiss0_degmodglobal,6,0.6097109168767929,0.6580174565315247,0.6666666666666665,0.7807470307470308,0.5714285714285714,0.0,0.5840010493993759,0.5927258282899857,0.04419407760724425,0.11873157508671284,0.0,0.0,0.0,0.0,0.0,18473,global,0.0
2,1,lr1e-04_bs16_drop0p2_temp2p0_a0p25_b0p05__wd1e-04trmiss0_degmodglobal,16,0.0001,0.0001,0.2,2.0,0.25,0.05,lr1e-04_bs16_drop0p2_temp2p0_a0p25_b0p05__wd1e-04trmiss0_degmodglobal,7,0.5871111899614334,0.6610056161880493,0.6444444444444444,0.7991452991452992,0.6428571428571429,0.0,0.5604970008134842,0.5685703158378601,0.049578338861465454,0.12292545102536678,0.0,0.0,0.0,0.0,0.0,18473,global,0.0
2,1,lr1e-04_bs16_drop0p2_temp2p0_a0p25_b0p05__wd1e-04trmiss0_degmodglobal,16,0.0001,0.0001,0.2,2.0,0.25,0.05,lr1e-04_bs16_drop0p2_temp2p0_a0p25_b0p05__wd1e-04trmiss0_degmodglobal,8,0.5690827667713165,0.6571186780929565,0.6444444444444444,0.7945597612264279,0.6428571428571429,0.0,0.553528219461441,0.5541056245565414,0.0445926059037447,0.07657965086400509,0.0,0.0,0.0,0.0,0.0,18473,global,0.0
2,1,lr1e-04_bs16_drop0p2_temp2p0_a0p25_b0p05__wd1e-04trmiss0_degmodglobal,16,0.0001,0.0001,0.2,2.0,0.25,0.05,lr1e-04_bs16_drop0p2_temp2p0_a0p25_b0p05__wd1e-04trmiss0_degmodglobal,9,0.5991374105215073,0.6627729535102844,0.5555555555555556,0.7473655973655975,0.6428571428571429,0.0,0.5797336101531982,0.5840451270341873,0.04504588432610035,0.07661578059196472,0.0,0.0,0.0,0.0,0.0,18473,global,0.0
2,1,lr1e-04_bs16_drop0p2_temp2p0_a0p25_b0p05__wd1e-04trmiss0_degmodglobal,16,0.0001,0.0001,0.2,2.0,0.25,0.05,lr1e-04_bs16_drop0p2_temp2p0_a0p25_b0p05__wd1e-04trmiss0_degmodglobal,10,0.5861384719610214,0.6706410646438599,0.5555555555555556,0.7473655973655975,0.5,0.0,0.573020800948143,0.5701406002044678,0.04707205202430487,0.08459717594087124,0.0,0.0,0.0,0.0,0.0,18473,global,0.0
2,1,lr1e-04_bs16_drop0p2_temp2p0_a0p25_b0p05__wd1e-04trmiss0_degmodglobal,16,0.0001,0.0001,0.2,2.0,0.25,0.05,lr1e-04_bs16_drop0p2_temp2p0_a0p25_b0p05__wd1e-04trmiss0_degmodglobal,11,0.5975771993398666,0.6727420091629028,0.5555555555555556,0.7473655973655975,0.5714285714285714,0.0,0.5662727952003479,0.5731508135795593,0.06219778209924698,0.17753884568810463,0.0,0.0,0.0,0.0,0.0,18473,global,0.0
2,1,lr1e-04_bs16_drop0p2_temp2p0_a0p25_b0p05__wd1e-04trmiss0_degmodglobal,16,0.0001,0.0001,0.2,2.0,0.25,0.05,lr1e-04_bs16_drop0p2_temp2p0_a0p25_b0p05__wd1e-04trmiss0_degmodglobal,12,0.5461398661136627,0.6867942214012146,0.5333333333333333,0.7381063381063382,0.42857142857142855,0.0,0.5322351455688477,0.5284463167190552,0.051313198171555996,0.09730551391839981,0.0,0.0,0.0,0.0,0.0,18473,global,0.0
2,1,lr1e-04_bs16_drop0p2_temp2p0_a0p25_b0p05__wd1e-04trmiss0_degmodglobal,16,0.0001,0.0001,0.2,2.0,0.25,0.05,lr1e-04_bs16_drop0p2_temp2p0_a0p25_b0p05__wd1e-04trmiss0_degmodglobal,13,0.5627171844244003,0.6912449598312378,0.5333333333333333,0.7381063381063382,0.5,0.0,0.5467452853918076,0.5430415272712708,0.054192944429814816,0.12254855781793594,0.0,0.0,0.0,0.0,0.0,18473,global,0.0
2,1,lr1e-04_bs16_drop0p2_temp2p0_a0p25_b0p05__wd1e-04trmiss0_degmodglobal,16,0.0001,0.0001,0.2,2.0,0.25,0.05,lr1e-04_bs16_drop0p2_temp2p0_a0p25_b0p05__wd1e-04trmiss0_degmodglobal,14,0.5899771302938461,0.6730522513389587,0.6666666666666666,0.782654999321666,0.7142857142857143,0.0,0.5403955578804016,0.5710648596286774,0.055068896152079105,0.10290100518614054,0.0,0.0,0.0,0.0,0.0,18473,global,0.0
2,1,lr1e-04_bs16_drop0p2_temp2p0_a0p25_b0p05__wd1e-04trmiss0_degmodglobal,16,0.0001,0.0001,0.2,2.0,0.25,0.05,lr1e-04_bs16_drop0p2_temp2p0_a0p25_b0p05__wd1e-04trmiss0_degmodglobal,15,0.5777813047170639,0.6667239665985107,0.6222222222222222,0.7184574684574686,0.5714285714285714,0.0,0.5474733039736748,0.5569579303264618,0.06735544465482235,0.07969036139547825,0.0,0.0,0.0,0.0,0.0,18473,global,0.0
2,1,lr1e-04_bs16_drop0p2_temp2p0_a0p25_b0p05__wd1e-04trmiss0_degmodglobal,16,0.0001,0.0001,0.2,2.0,0.25,0.05,lr1e-04_bs16_drop0p2_temp2p0_a0p25_b0p05__wd1e-04trmiss0_degmodglobal,16,0.5373441576957703,0.663055419921875,0.6,0.7113867613867615,0.5714285714285714,0.0,0.5419490784406662,0.5175507664680481,0.060673777014017105,0.09249898046255112,0.0,0.0,0.0,0.0,0.0,18473,global,0.0
2,1,lr1e-04_bs16_drop0p2_temp2p0_a0p25_b0p05__wd1e-04trmiss0_degmodglobal,16,0.0001,0.0001,0.2,2.0,0.25,0.05,lr1e-04_bs16_drop0p2_temp2p0_a0p25_b0p05__wd1e-04trmiss0_degmodglobal,17,0.56428462266922,0.6702391505241394,0.5777777777777777,0.7457782957782959,0.5714285714285714,0.0,0.5484729334712029,0.5443909466266632,0.05933821853250265,0.10118230246007442,0.0,0.0,0.0,0.0,0.0,18473,global,0.0
2,1,lr1e-04_bs16_drop0p2_temp2p0_a0p25_b0p05__wd1e-04trmiss0_degmodglobal,16,0.0001,0.0001,0.2,2.0,0.25,0.05,lr1e-04_bs16_drop0p2_temp2p0_a0p25_b0p05__wd1e-04trmiss0_degmodglobal,18,0.5348937809467316,0.6661068201065063,0.5777777777777777,0.7457782957782959,0.5714285714285714,0.0,0.5181670039892197,0.518656924366951,0.04820971377193928,0.08368867356330156,0.0,0.0,0.0,0.0,0.0,18473,global,0.0
2,1,lr1e-04_bs16_drop0p2_temp2p0_a0p25_b0p05__wd1e-04trmiss0_degmodglobal,16,0.0001,0.0001,0.2,2.0,0.25,0.05,lr1e-04_bs16_drop0p2_temp2p0_a0p25_b0p05__wd1e-04trmiss0_degmodglobal,19,0.55487160384655,0.6643642783164978,0.6222222222222222,0.7920745920745922,0.6428571428571429,0.0,0.5326985418796539,0.5334019660949707,0.060787304770201445,0.12545641139149666,0.0,0.0,0.0,0.0,0.0,18473,global,0.0
2,1,lr1e-04_bs16_drop0p2_temp2p0_a0p25_b0p05__wd1e-04trmiss0_degmodglobal,16,0.0001,0.0001,0.2,2.0,0.25,0.05,lr1e-04_bs16_drop0p2_temp2p0_a0p25_b0p05__wd1e-04trmiss0_degmodglobal,20,0.5087226405739784,0.6565110683441162,0.6222222222222222,0.7920745920745922,0.6428571428571429,0.0,0.5035457015037537,0.4916522651910782,0.04868526477366686,0.09798076376318932,0.0,0.0,0.0,0.0,0.0,18473,global,0.0
2,1,lr1e-04_bs16_drop0p2_temp2p0_a0p25_b0p05__wd1e-04trmiss0_degmodglobal,16,0.0001,0.0001,0.2,2.0,0.25,0.05,lr1e-04_bs16_drop0p2_temp2p0_a0p25_b0p05__wd1e-04trmiss0_degmodglobal,21,0.5270698592066765,0.655277669429779,0.6666666666666666,0.8110500610500613,0.7142857142857143,0.0,0.5099724158644676,0.5081295967102051,0.057973544113337994,0.08893741201609373,0.0,0.0,0.0,0.0,0.0,18473,global,0.0
2,1,lr1e-04_bs16_drop0p2_temp2p0_a0p25_b0p05__wd1e-04trmiss0_degmodglobal,16,0.0001,0.0001,0.2,2.0,0.25,0.05,lr1e-04_bs16_drop0p2_temp2p0_a0p25_b0p05__wd1e-04trmiss0_degmodglobal,22,0.5149954557418823,0.6471007466316223,0.6888888888888889,0.8196920363587032,0.7142857142857143,0.0,0.5068731233477592,0.4975915476679802,0.05357256066054106,0.08021546946838498,0.0,0.0,0.0,0.0,0.0,18473,global,0.0
2,1,lr1e-04_bs16_drop0p2_temp2p0_a0p25_b0p05__wd1e-04trmiss0_degmodglobal,16,0.0001,0.0001,0.2,2.0,0.25,0.05,lr1e-04_bs16_drop0p2_temp2p0_a0p25_b0p05__wd1e-04trmiss0_degmodglobal,23,0.5723644495010376,0.6514135599136353,0.6888888888888889,0.8196920363587032,0.7142857142857143,0.0,0.5336188822984695,0.5507518351078033,0.06356276478618383,0.11443842388689518,0.0,0.0,0.0,0.0,0.0,18473,global,0.0
2,1,lr1e-04_bs16_drop0p2_temp2p0_a0p25_b0p05__wd1e-04trmiss0_degmodglobal,16,0.0001,0.0001,0.2,2.0,0.25,0.05,lr1e-04_bs16_drop0p2_temp2p0_a0p25_b0p05__wd1e-04trmiss0_degmodglobal,24,0.5490647554397583,0.6560758352279663,0.6888888888888889,0.8196920363587032,0.6428571428571429,0.0,0.5032272934913635,0.5257628113031387,0.06961958855390549,0.11794105730950832,0.0,0.0,0.0,0.0,0.0,18473,global,0.0
2,1,lr1e-04_bs16_drop0p2_temp2p0_a0p25_b0p05__wd1e-04trmiss0_degmodglobal,16,0.0001,0.0001,0.2,2.0,0.25,0.05,lr1e-04_bs16_drop0p2_temp2p0_a0p25_b0p05__wd1e-04trmiss0_degmodglobal,25,0.5433898568153381,0.6624190807342529,0.5777777777777777,0.7754079254079256,0.5714285714285714,0.0,0.5179881155490875,0.5213923901319504,0.06797418650239706,0.10007856483571231,0.0,0.0,0.0,0.0,0.0,18473,global,0.0
2,1,lr1e-04_bs16_drop0p2_temp2p0_a0p25_b0p05__wd1e-04trmiss0_degmodglobal,16,0.0001,0.0001,0.2,2.0,0.25,0.05,lr1e-04_bs16_drop0p2_temp2p0_a0p25_b0p05__wd1e-04trmiss0_degmodglobal,26,0.5880228281021118,0.6589607000350952,0.5777777777777777,0.78995818995819,0.5,0.0,0.5679410025477409,0.5617357268929482,0.06770618911832571,0.187211399897933,0.0,0.0,0.0,0.0,0.0,18473,global,0.0
2,1,lr1e-04_bs16_drop0p2_temp2p0_a0p25_b0p05__wd1e-04trmiss0_degmodglobal,16,0.0001,0.0001,0.2,2.0,0.25,0.05,lr1e-04_bs16_drop0p2_temp2p0_a0p25_b0p05__wd1e-04trmiss0_degmodglobal,27,0.5281778126955032,0.6636362075805664,0.5555555555555556,0.7800375550375551,0.5,0.0,0.5182820558547974,0.5081775039434433,0.05721926502883434,0.11391006875783205,0.0,0.0,0.0,0.0,0.0,18473,global,0.0
2,1,lr1e-04_bs16_drop0p2_temp2p0_a0p25_b0p05__wd1e-04trmiss0_degmodglobal,16,0.0001,0.0001,0.2,2.0,0.25,0.05,lr1e-04_bs16_drop0p2_temp2p0_a0p25_b0p05__wd1e-04trmiss0_degmodglobal,28,0.5379664152860641,0.6654486656188965,0.5111111111111111,0.7575066908400243,0.42857142857142855,0.0,0.5381706058979034,0.5154681578278542,0.06694521475583315,0.11523891612887383,0.0,0.0,0.0,0.0,0.0,18473,global,0.0
2,1,lr1e-04_bs16_drop0p2_temp2p0_a0p25_b0p05__wd1e-04trmiss0_degmodglobal,16,0.0001,0.0001,0.2,2.0,0.25,0.05,lr1e-04_bs16_drop0p2_temp2p0_a0p25_b0p05__wd1e-04trmiss0_degmodglobal,29,0.5406091958284378,0.6671940088272095,0.5333333333333333,0.7652227402227403,0.42857142857142855,0.0,0.49295395612716675,0.5259860083460808,0.04527807468548417,0.06607359927147627,0.0,0.0,0.0,0.0,0.0,18473,global,0.0
2,1,lr1e-04_bs16_drop0p2_temp2p0_a0p25_b0p05__wd1e-04trmiss0_degmodglobal,16,0.0001,0.0001,0.2,2.0,0.25,0.05,lr1e-04_bs16_drop0p2_temp2p0_a0p25_b0p05__wd1e-04trmiss0_degmodglobal,30,0.540498673915863,0.663747251033783,0.5333333333333333,0.7652227402227403,0.42857142857142855,0.0,0.5229491740465164,0.5189523845911026,0.0685623325407505,0.088113765232265,0.0,0.0,0.0,0.0,0.0,18473,global,0.0
2,1,lr1e-04_bs16_drop0p2_temp2p0_a0p25_b0p05__wd1e-04trmiss0_degmodglobal,16,0.0001,0.0001,0.2,2.0,0.25,0.05,lr1e-04_bs16_drop0p2_temp2p0_a0p25_b0p05__wd1e-04trmiss0_degmodglobal,31,0.52211944013834,0.6678130626678467,0.5333333333333333,0.7652227402227403,0.42857142857142855,0.0,0.49477606266736984,0.500692754983902,0.06377582252025604,0.1096544936299324,0.0,0.0,0.0,0.0,0.0,18473,global,0.0
2,1,lr1e-04_bs16_drop0p2_temp2p0_a0p25_b0p05__wd1e-04trmiss0_degmodglobal,16,0.0001,0.0001,0.2,2.0,0.25,0.05,lr1e-04_bs16_drop0p2_temp2p0_a0p25_b0p05__wd1e-04trmiss0_degmodglobal,32,0.5471142455935478,0.6700994372367859,0.4666666666666666,0.7389881723215057,0.42857142857142855,0.0,0.5195693522691727,0.5313849672675133,0.04710607510060072,0.07905494049191475,0.0,0.0,0.0,0.0,0.0,18473,global,0.0
2,1,lr1e-04_bs16_drop0p2_temp2p0_a0p25_b0p05__wd1e-04trmiss0_degmodglobal,16,0.0001,0.0001,0.2,2.0,0.25,0.05,lr1e-04_bs16_drop0p2_temp2p0_a0p25_b0p05__wd1e-04trmiss0_degmodglobal,33,0.5527975559234619,0.670364260673523,0.4666666666666666,0.7389881723215057,0.35714285714285715,0.0,0.507261224091053,0.5344986766576767,0.05225502699613571,0.10470223147422075,0.0,0.0,0.0,0.0,0.0,18473,global,0.0
2,1,lr1e-04_bs16_drop0p2_temp2p0_a0p25_b0p05__wd1e-04trmiss0_degmodglobal,16,0.0001,0.0001,0.2,2.0,0.25,0.05,lr1e-04_bs16_drop0p2_temp2p0_a0p25_b0p05__wd1e-04trmiss0_degmodglobal,34,0.5659264922142029,0.669317901134491,0.4666666666666666,0.7389881723215057,0.35714285714285715,0.0,0.5021311566233635,0.5435367077589035,0.06396886333823204,0.12795138731598854,0.0,0.0,0.0,0.0,0.0,18473,global,0.0
2,1,lr1e-04_bs16_drop0p2_temp2p0_a0p25_b0p05__wd1e-04trmiss0_degmodglobal,16,0.0001,0.0001,0.2,2.0,0.25,0.05,lr1e-04_bs16_drop0p2_temp2p0_a0p25_b0p05__wd1e-04trmiss0_degmodglobal,35,0.5174257382750511,0.6712201833724976,0.4666666666666666,0.7389881723215057,0.35714285714285715,0.0,0.4985664412379265,0.500545859336853,0.051107306964695454,0.08206078968942165,0.0,0.0,0.0,0.0,0.0,18473,global,0.0
2,1,lr1e-04_bs16_drop0p2_temp2p0_a0p25_b0p05__wd1e-04trmiss0_degmodglobal,16,0.0001,0.0001,0.2,2.0,0.25,0.05,lr1e-04_bs16_drop0p2_temp2p0_a0p25_b0p05__wd1e-04trmiss0_degmodglobal,36,0.5314841717481613,0.6681703329086304,0.4888888888888889,0.7469246802580136,0.42857142857142855,0.0,0.4847695529460907,0.5115179196000099,0.0590988090261817,0.10383110493421555,0.0,0.0,0.0,0.0,0.0,18473,global,0.0
2,1,lr1e-04_bs16_drop0p2_temp2p0_a0p25_b0p05__wd1e-04trmiss0_degmodglobal,16,0.0001,0.0001,0.2,2.0,0.25,0.05,lr1e-04_bs16_drop0p2_temp2p0_a0p25_b0p05__wd1e-04trmiss0_degmodglobal,37,0.5217817053198814,0.6671240329742432,0.5333333333333333,0.7652227402227403,0.42857142857142855,0.0,0.48773516714572906,0.49858321994543076,0.06608819216489792,0.13352848403155804,0.0,0.0,0.0,0.0,0.0,18473,global,0.0
2,1,lr1e-04_bs16_drop0p2_temp2p0_a0p25_b0p05__wd1e-04trmiss0_degmodglobal,16,0.0001,0.0001,0.2,2.0,0.25,0.05,lr1e-04_bs16_drop0p2_temp2p0_a0p25_b0p05__wd1e-04trmiss0_degmodglobal,38,0.5231498628854752,0.6668945550918579,0.5333333333333333,0.7652227402227403,0.5,0.0,0.48769496381282806,0.49985989183187485,0.06855570804327726,0.12302116490900517,0.0,0.0,0.0,0.0,0.0,18473,global,0.0
2,1,lr1e-04_bs16_drop0p2_temp2p0_a0p25_b0p05__wd1e-04trmiss0_degmodglobal,16,0.0001,0.0001,0.2,2.0,0.25,0.05,lr1e-04_bs16_drop0p2_temp2p0_a0p25_b0p05__wd1e-04trmiss0_degmodglobal,39,0.5283503979444504,0.671416163444519,0.5111111111111111,0.7546407296407298,0.5,0.0,0.4722743555903435,0.505331963300705,0.06825697608292103,0.11908453144133091,0.0,0.0,0.0,0.0,0.0,18473,global,0.0
2,1,lr1e-04_bs16_drop0p2_temp2p0_a0p25_b0p05__wd1e-04trmiss0_degmodglobal,16,0.0001,0.0001,0.2,2.0,0.25,0.05,lr1e-04_bs16_drop0p2_temp2p0_a0p25_b0p05__wd1e-04trmiss0_degmodglobal,40,0.5330973044037819,0.6703227758407593,0.5111111111111111,0.7546407296407298,0.5,0.0,0.46441640704870224,0.5034789219498634,0.08046625088900328,0.19003613200038671,0.0,0.0,0.0,0.0,0.0,18473,global,0.0
2,1,lr1e-04_bs16_drop0p2_temp2p0_a0p25_b0p05__wd1e-04trmiss0_degmodglobal,16,0.0001,0.0001,0.2,2.0,0.25,0.05,lr1e-04_bs16_drop0p2_temp2p0_a0p25_b0p05__wd1e-04trmiss0_degmodglobal,41,0.520479217171669,0.6689837574958801,0.5111111111111111,0.7546407296407298,0.42857142857142855,0.0,0.46313808113336563,0.5010734051465988,0.05699110869318247,0.10316067561507225,0.0,0.0,0.0,0.0,0.0,18473,global,0.0
2,1,lr1e-04_bs16_drop0p2_temp2p0_a0p25_b0p05__wd1e-04trmiss0_degmodglobal,16,0.0001,0.0001,0.2,2.0,0.25,0.05,lr1e-04_bs16_drop0p2_temp2p0_a0p25_b0p05__wd1e-04trmiss0_degmodglobal,42,0.5583319813013077,0.6738704442977905,0.5111111111111111,0.7546407296407298,0.42857142857142855,0.0,0.4889594614505768,0.533187747001648,0.07358863926492631,0.1349416384473443,0.0,0.0,0.0,0.0,0.0,18473,global,0.0
2,1,lr1e-04_bs16_drop0p4_temp1p0_a0p25_b0p05__wd1e-04trmiss0_degmodglobal,16,0.0001,0.0001,0.4,1.0,0.25,0.05,lr1e-04_bs16_drop0p4_temp1p0_a0p25_b0p05__wd1e-04trmiss0_degmodglobal,1,0.7439286410808563,0.7038790583610535,0.37777777777777777,0.5838522588522588,0.6428571428571429,0.0,0.7046548426151276,0.7181546241044998,0.06430126167833805,0.19397437386214733,0.0,0.0,0.0,0.0,0.0,18473,global,0.0
2,1,lr1e-04_bs16_drop0p4_temp1p0_a0p25_b0p05__wd1e-04trmiss0_degmodglobal,16,0.0001,0.0001,0.4,1.0,0.25,0.05,lr1e-04_bs16_drop0p4_temp1p0_a0p25_b0p05__wd1e-04trmiss0_degmodglobal,2,0.6780835539102554,0.7023442387580872,0.35555555555555557,0.5727411477411477,0.6428571428571429,0.0,0.677482396364212,0.6601409316062927,0.04608270991593599,0.12843815609812737,0.0,0.0,0.0,0.0,0.0,18473,global,0.0
2,1,lr1e-04_bs16_drop0p4_temp1p0_a0p25_b0p05__wd1e-04trmiss0_degmodglobal,16,0.0001,0.0001,0.4,1.0,0.25,0.05,lr1e-04_bs16_drop0p4_temp1p0_a0p25_b0p05__wd1e-04trmiss0_degmodglobal,3,0.6589213162660599,0.7004775404930115,0.35555555555555557,0.5727411477411477,0.5714285714285714,0.0,0.6480954885482788,0.6374489814043045,0.05486469529569149,0.1551230065524578,0.0,0.0,0.0,0.0,0.0,18473,global,0.0
2,1,lr1e-04_bs16_drop0p4_temp1p0_a0p25_b0p05__wd1e-04trmiss0_degmodglobal,16,0.0001,0.0001,0.4,1.0,0.25,0.05,lr1e-04_bs16_drop0p4_temp1p0_a0p25_b0p05__wd1e-04trmiss0_degmodglobal,4,0.6544834673404694,0.704909086227417,0.33333333333333337,0.558068783068783,0.5714285714285714,0.0,0.6888998597860336,0.6321971118450165,0.05393292009830475,0.17606282606720924,0.0,0.0,0.0,0.0,0.0,18473,global,0.0
2,1,lr1e-04_bs16_drop0p4_temp1p0_a0p25_b0p05__wd1e-04trmiss0_degmodglobal,16,0.0001,0.0001,0.4,1.0,0.25,0.05,lr1e-04_bs16_drop0p4_temp1p0_a0p25_b0p05__wd1e-04trmiss0_degmodglobal,5,0.6490352004766464,0.7045786380767822,0.3333333333333333,0.5602573352573352,0.5714285714285714,0.0,0.6792882233858109,0.6240880042314529,0.06250177137553692,0.18643482588231564,0.0,0.0,0.0,0.0,0.0,18473,global,0.0
2,1,lr1e-04_bs16_drop0p4_temp1p0_a0p25_b0p05__wd1e-04trmiss0_degmodglobal,16,0.0001,0.0001,0.4,1.0,0.25,0.05,lr1e-04_bs16_drop0p4_temp1p0_a0p25_b0p05__wd1e-04trmiss0_degmodglobal,6,0.6349547356367111,0.7079064846038818,0.3111111111111111,0.5509980759980759,0.5,0.0,0.6344789564609528,0.6129684746265411,0.06014341488480568,0.13900802843272686,0.0,0.0,0.0,0.0,0.0,18473,global,0.0
2,1,lr1e-04_bs16_drop0p4_temp1p0_a0p25_b0p05__wd1e-04trmiss0_degmodglobal,16,0.0001,0.0001,0.4,1.0,0.25,0.05,lr1e-04_bs16_drop0p4_temp1p0_a0p25_b0p05__wd1e-04trmiss0_degmodglobal,7,0.6452316343784332,0.7139708995819092,0.35555555555555557,0.5713684463684463,0.5,0.0,0.6180032640695572,0.6085292100906372,0.09219051338732243,0.27309661358594894,0.0,0.0,0.0,0.0,0.0,18473,global,0.0
2,1,lr1e-04_bs16_drop0p4_temp1p0_a0p25_b0p05__wd1e-04trmiss0_degmodglobal,16,0.0001,0.0001,0.4,1.0,0.25,0.05,lr1e-04_bs16_drop0p4_temp1p0_a0p25_b0p05__wd1e-04trmiss0_degmodglobal,8,0.6384399682283401,0.7112648487091064,0.35555555555555557,0.5713684463684463,0.5,0.0,0.5789208263158798,0.6079296469688416,0.07596384733915329,0.23038724809885025,0.0,0.0,0.0,0.0,0.0,18473,global,0.0
2,1,lr1e-04_bs16_drop0p4_temp1p0_a0p25_b0p05__wd1e-04trmiss0_degmodglobal,16,0.0001,0.0001,0.4,1.0,0.25,0.05,lr1e-04_bs16_drop0p4_temp1p0_a0p25_b0p05__wd1e-04trmiss0_degmodglobal,9,0.6445805132389069,0.7184969186782837,0.3111111111111111,0.5708892958892959,0.5,0.0,0.592529758810997,0.6110532283782959,0.07768079172819853,0.28214186429977417,0.0,0.0,0.0,0.0,0.0,18473,global,0.0
2,1,lr1e-04_bs16_drop0p4_temp1p0_a0p25_b0p05__wd1e-04trmiss0_degmodglobal,16,0.0001,0.0001,0.4,1.0,0.25,0.05,lr1e-04_bs16_drop0p4_temp1p0_a0p25_b0p05__wd1e-04trmiss0_degmodglobal,10,0.6060316115617752,0.7260777950286865,0.3111111111111111,0.6203842453842454,0.42857142857142855,0.0,0.6320659667253494,0.5792081356048584,0.06492397841066122,0.21184938959777355,0.0,0.0,0.0,0.0,0.0,18473,global,0.0
2,1,lr1e-04_bs16_drop0p4_temp1p0_a0p25_b0p05__wd1e-04trmiss0_degmodglobal,16,0.0001,0.0001,0.4,1.0,0.25,0.05,lr1e-04_bs16_drop0p4_temp1p0_a0p25_b0p05__wd1e-04trmiss0_degmodglobal,11,0.6226573139429092,0.7256209850311279,0.3111111111111111,0.6203842453842454,0.5,0.0,0.5483545958995819,0.5936852544546127,0.07675914280116558,0.19564530067145824,0.0,0.0,0.0,0.0,0.0,18473,global,0.0
2,1,lr1e-04_bs16_drop0p4_temp1p0_a0p25_b0p05__wd1e-04trmiss0_degmodglobal,16,0.0001,0.0001,0.4,1.0,0.25,0.05,lr1e-04_bs16_drop0p4_temp1p0_a0p25_b0p05__wd1e-04trmiss0_degmodglobal,12,0.6103212088346481,0.7288826107978821,0.33333333333333337,0.6314953564953565,0.42857142857142855,0.0,0.603561133146286,0.5863138288259506,0.06345739029347897,0.1628604605793953,0.0,0.0,0.0,0.0,0.0,18473,global,0.0
2,1,lr1e-04_bs16_drop0p4_temp1p0_a0p25_b0p05__wd1e-04trmiss0_degmodglobal,16,0.0001,0.0001,0.4,1.0,0.25,0.05,lr1e-04_bs16_drop0p4_temp1p0_a0p25_b0p05__wd1e-04trmiss0_degmodglobal,13,0.5878370404243469,0.7334703803062439,0.3111111111111111,0.6203842453842454,0.42857142857142855,0.0,0.5618722885847092,0.559810683131218,0.07178596593439579,0.20159729197621346,0.0,0.0,0.0,0.0,0.0,18473,global,0.0
2,1,lr1e-04_bs16_drop0p4_temp1p0_a0p25_b0p05__wd1e-04trmiss0_degmodglobal,16,0.0001,0.0001,0.4,1.0,0.25,0.05,lr1e-04_bs16_drop0p4_temp1p0_a0p25_b0p05__wd1e-04trmiss0_degmodglobal,14,0.593128576874733,0.7340996265411377,0.3111111111111111,0.6203842453842454,0.5,0.0,0.5946987569332123,0.5703847408294678,0.06198403052985668,0.14495701529085636,0.0,0.0,0.0,0.0,0.0,18473,global,0.0
2,1,lr1e-04_bs16_drop0p4_temp1p0_a0p25_b0p05__wd1e-04trmiss0_degmodglobal,16,0.0001,0.0001,0.4,1.0,0.25,0.05,lr1e-04_bs16_drop0p4_temp1p0_a0p25_b0p05__wd1e-04trmiss0_degmodglobal,15,0.5820255279541016,0.7328411340713501,0.3111111111111111,0.6203842453842454,0.42857142857142855,0.0,0.5553395077586174,0.5489163994789124,0.07843697350472212,0.2699975408613682,0.0,0.0,0.0,0.0,0.0,18473,global,0.0
2,1,lr1e-04_bs16_drop0p4_temp1p0_a0p25_b0p05__wd1e-04trmiss0_degmodglobal,16,0.0001,0.0001,0.4,1.0,0.25,0.05,lr1e-04_bs16_drop0p4_temp1p0_a0p25_b0p05__wd1e-04trmiss0_degmodglobal,16,0.575956255197525,0.7221367955207825,0.2888888888888889,0.5597781847781848,0.42857142857142855,0.0,0.5992775857448578,0.5545186102390289,0.05603407137095928,0.14858263172209263,0.0,0.0,0.0,0.0,0.0,18473,global,0.0
2,1,lr1e-04_bs16_drop0p4_temp1p0_a0p25_b0p05__wd1e-04trmiss0_degmodglobal,16,0.0001,0.0001,0.4,1.0,0.25,0.05,lr1e-04_bs16_drop0p4_temp1p0_a0p25_b0p05__wd1e-04trmiss0_degmodglobal,17,0.6065901070833206,0.7142229676246643,0.3333333333333333,0.573077848077848,0.5714285714285714,0.0,0.5691453516483307,0.5777536928653717,0.07360825128853321,0.20868678763508797,0.0,0.0,0.0,0.0,0.0,18473,global,0.0
2,1,lr1e-04_bs16_drop0p4_temp1p0_a0p25_b0p05__wd1e-04trmiss0_degmodglobal,16,0.0001,0.0001,0.4,1.0,0.25,0.05,lr1e-04_bs16_drop0p4_temp1p0_a0p25_b0p05__wd1e-04trmiss0_degmodglobal,18,0.5836656242609024,0.7141304612159729,0.3111111111111111,0.5671855921855922,0.5,0.0,0.5803812146186829,0.5583387911319733,0.06774746812880039,0.16779903881251812,0.0,0.0,0.0,0.0,0.0,18473,global,0.0
2,1,lr1e-04_bs16_drop0p4_temp1p0_a0p25_b0p05__wd1e-04trmiss0_degmodglobal,16,0.0001,0.0001,0.4,1.0,0.25,0.05,lr1e-04_bs16_drop0p4_temp1p0_a0p25_b0p05__wd1e-04trmiss0_degmodglobal,19,0.5775798857212067,0.7161926031112671,0.33333333333333337,0.582000407000407,0.42857142857142855,0.0,0.5467135906219482,0.5516111850738525,0.0687772473320365,0.1754877045750618,0.0,0.0,0.0,0.0,0.0,18473,global,0.0
2,1,lr1e-04_bs16_drop0p4_temp1p0_a0p25_b0p05__wd1e-04trmiss0_degmodglobal,16,0.0001,0.0001,0.4,1.0,0.25,0.05,lr1e-04_bs16_drop0p4_temp1p0_a0p25_b0p05__wd1e-04trmiss0_degmodglobal,20,0.5793152749538422,0.7196260690689087,0.3111111111111111,0.574284357617691,0.42857142857142855,0.0,0.5589894652366638,0.5483106225728989,0.08357277512550354,0.20222893729805946,0.0,0.0,0.0,0.0,0.0,18473,global,0.0
2,1,lr1e-04_bs16_drop0p4_temp1p0_a0p25_b0p05__wd1e-04trmiss0_degmodglobal,16,0.0001,0.0001,0.4,1.0,0.25,0.05,lr1e-04_bs16_drop0p4_temp1p0_a0p25_b0p05__wd1e-04trmiss0_degmodglobal,21,0.5635561048984528,0.7224315404891968,0.3111111111111111,0.574284357617691,0.42857142857142855,0.0,0.5440561473369598,0.5384596586227417,0.0729619525372982,0.13711930625140667,0.0,0.0,0.0,0.0,0.0,18473,global,0.0
2,1,lr1e-04_bs16_drop0p4_temp1p0_a0p25_b0p05__wd1e-04trmiss0_degmodglobal,16,0.0001,0.0001,0.4,1.0,0.25,0.05,lr1e-04_bs16_drop0p4_temp1p0_a0p25_b0p05__wd1e-04trmiss0_degmodglobal,22,0.5541744083166122,0.7241071462631226,0.31111111111111106,0.575939800939801,0.42857142857142855,0.0,0.538835309445858,0.5240284651517868,0.07836354617029428,0.2111009992659092,0.0,0.0,0.0,0.0,0.0,18473,global,0.0
2,1,lr1e-04_bs16_drop0p4_temp1p0_a0p25_b0p05__wd1e-04trmiss0_degmodglobal,16,0.0001,0.0001,0.4,1.0,0.25,0.05,lr1e-04_bs16_drop0p4_temp1p0_a0p25_b0p05__wd1e-04trmiss0_degmodglobal,23,0.5672680288553238,0.725290834903717,0.31111111111111106,0.575939800939801,0.42857142857142855,0.0,0.5045804381370544,0.5353831797838211,0.08563928958028555,0.20950092189013958,0.0,0.0,0.0,0.0,0.0,18473,global,0.0
2,1,lr1e-04_bs16_drop0p4_temp1p0_a0p25_b0p05__wd1e-04trmiss0_degmodglobal,16,0.0001,0.0001,0.4,1.0,0.25,0.05,lr1e-04_bs16_drop0p4_temp1p0_a0p25_b0p05__wd1e-04trmiss0_degmodglobal,24,0.6218999177217484,0.7260423898696899,0.28888888888888886,0.56482868982869,0.42857142857142855,0.0,0.5444371402263641,0.5837254822254181,0.09143773093819618,0.30629995465278625,0.0,0.0,0.0,0.0,0.0,18473,global,0.0
2,1,lr1e-04_bs16_drop0p4_temp1p0_a0p25_b0p05__wd1e-04trmiss0_degmodglobal,16,0.0001,0.0001,0.4,1.0,0.25,0.05,lr1e-04_bs16_drop0p4_temp1p0_a0p25_b0p05__wd1e-04trmiss0_degmodglobal,25,0.5863935202360153,0.7240102291107178,0.28888888888888886,0.56317324650658,0.42857142857142855,0.0,0.5112066566944122,0.5504671931266785,0.09044245630502701,0.26631395891308784,0.0,0.0,0.0,0.0,0.0,18473,global,0.0
2,1,lr1e-04_bs16_drop0p4_temp1p0_a0p25_b0p05__wd1e-04trmiss0_degmodglobal,16,0.0001,0.0001,0.4,1.0,0.25,0.05,lr1e-04_bs16_drop0p4_temp1p0_a0p25_b0p05__wd1e-04trmiss0_degmodglobal,26,0.5673472285270691,0.7229276895523071,0.3111111111111111,0.574284357617691,0.42857142857142855,0.0,0.4996533989906311,0.525244727730751,0.11379599757492542,0.27307023480534554,0.0,0.0,0.0,0.0,0.0,18473,global,0.0
2,1,lr1e-04_bs16_drop0p4_temp1p0_a0p25_b0p05__wd1e-04trmiss0_degmodglobal,16,0.0001,0.0001,0.4,1.0,0.25,0.05,lr1e-04_bs16_drop0p4_temp1p0_a0p25_b0p05__wd1e-04trmiss0_degmodglobal,27,0.5871802270412445,0.7235739827156067,0.33333333333333337,0.6264448514448515,0.42857142857142855,0.0,0.5297637283802032,0.5523391962051392,0.08362317830324173,0.278704434633255,0.0,0.0,0.0,0.0,0.0,18473,global,0.0
2,1,lr1e-04_bs16_drop0p4_temp1p0_a0p25_b0p05__wd1e-04trmiss0_degmodglobal,16,0.0001,0.0001,0.4,1.0,0.25,0.05,lr1e-04_bs16_drop0p4_temp1p0_a0p25_b0p05__wd1e-04trmiss0_degmodglobal,28,0.5659070760011673,0.7243348956108093,0.3555555555555555,0.6404219237552571,0.42857142857142855,0.0,0.4974910616874695,0.5197902396321297,0.11467476561665535,0.3489629700779915,0.0,0.0,0.0,0.0,0.0,18473,global,0.0
2,1,lr1e-04_bs16_drop0p4_temp2p0_a0p25_b0p05__wd1e-04trmiss0_degmodglobal,16,0.0001,0.0001,0.4,2.0,0.25,0.05,lr1e-04_bs16_drop0p4_temp2p0_a0p25_b0p05__wd1e-04trmiss0_degmodglobal,1,0.7427739650011063,0.6485068798065186,0.8666666666666666,0.9361111111111113,0.7857142857142857,0.0,0.6744549721479416,0.7228936851024628,0.058086223900318146,0.10717424191534519,0.0,0.0,0.0,0.0,0.0,18473,global,0.0
2,1,lr1e-04_bs16_drop0p4_temp2p0_a0p25_b0p05__wd1e-04trmiss0_degmodglobal,16,0.0001,0.0001,0.4,2.0,0.25,0.05,lr1e-04_bs16_drop0p4_temp2p0_a0p25_b0p05__wd1e-04trmiss0_degmodglobal,2,0.7142837792634964,0.6521599888801575,0.8444444444444444,0.9253086419753087,0.7142857142857143,0.0,0.6882164925336838,0.6961546391248703,0.04251215327531099,0.15002212300896645,0.0,0.0,0.0,0.0,0.0,18473,global,0.0
2,1,lr1e-04_bs16_drop0p4_temp2p0_a0p25_b0p05__wd1e-04trmiss0_degmodglobal,16,0.0001,0.0001,0.4,2.0,0.25,0.05,lr1e-04_bs16_drop0p4_temp2p0_a0p25_b0p05__wd1e-04trmiss0_degmodglobal,3,0.7068998217582703,0.6701164841651917,0.7111111111111111,0.8530303030303032,0.5714285714285714,0.0,0.6818704456090927,0.6860622316598892,0.052723480854183435,0.1531340666115284,0.0,0.0,0.0,0.0,0.0,18473,global,0.0
2,1,lr1e-04_bs16_drop0p4_temp2p0_a0p25_b0p05__wd1e-04trmiss0_degmodglobal,16,0.0001,0.0001,0.4,2.0,0.25,0.05,lr1e-04_bs16_drop0p4_temp2p0_a0p25_b0p05__wd1e-04trmiss0_degmodglobal,4,0.6742094159126282,0.6826050877571106,0.6222222222222222,0.8254079254079254,0.5714285714285714,0.0,0.6475861966609955,0.6590286493301392,0.03841682616621256,0.11153156869113445,0.0,0.0,0.0,0.0,0.0,18473,global,0.0
2,1,lr1e-04_bs16_drop0p4_temp2p0_a0p25_b0p05__wd1e-04trmiss0_degmodglobal,16,0.0001,0.0001,0.4,2.0,0.25,0.05,lr1e-04_bs16_drop0p4_temp2p0_a0p25_b0p05__wd1e-04trmiss0_degmodglobal,5,0.6618384271860123,0.6927802562713623,0.5777777777777777,0.7754079254079256,0.5,0.0,0.6230155825614929,0.6415857821702957,0.050211177207529545,0.15399672836065292,0.0,0.0,0.0,0.0,0.0,18473,global,0.0
2,1,lr1e-04_bs16_drop0p4_temp2p0_a0p25_b0p05__wd1e-04trmiss0_degmodglobal,16,0.0001,0.0001,0.4,2.0,0.25,0.05,lr1e-04_bs16_drop0p4_temp2p0_a0p25_b0p05__wd1e-04trmiss0_degmodglobal,6,0.6724144965410233,0.6991173028945923,0.5555555555555555,0.7844636844636845,0.5,0.0,0.6396517753601074,0.6512443572282791,0.05271429102867842,0.15983156114816666,0.0,0.0,0.0,0.0,0.0,18473,global,0.0
2,1,lr1e-04_bs16_drop0p4_temp2p0_a0p25_b0p05__wd1e-04trmiss0_degmodglobal,16,0.0001,0.0001,0.4,2.0,0.25,0.05,lr1e-04_bs16_drop0p4_temp2p0_a0p25_b0p05__wd1e-04trmiss0_degmodglobal,7,0.6800542324781418,0.7034522891044617,0.5333333333333333,0.7566859066859069,0.42857142857142855,0.0,0.6216011196374893,0.6634478271007538,0.04550928622484207,0.1045815758407116,0.0,0.0,0.0,0.0,0.0,18473,global,0.0
2,1,lr1e-04_bs16_drop0p4_temp2p0_a0p25_b0p05__wd1e-04trmiss0_degmodglobal,16,0.0001,0.0001,0.4,2.0,0.25,0.05,lr1e-04_bs16_drop0p4_temp2p0_a0p25_b0p05__wd1e-04trmiss0_degmodglobal,8,0.6656238734722137,0.7049199342727661,0.5333333333333333,0.7566859066859069,0.42857142857142855,0.0,0.624517023563385,0.652056947350502,0.03661254793405533,0.0882755124475807,0.0,0.0,0.0,0.0,0.0,18473,global,0.0
2,1,lr1e-04_bs16_drop0p4_temp2p0_a0p25_b0p05__wd1e-04trmiss0_degmodglobal,16,0.0001,0.0001,0.4,2.0,0.25,0.05,lr1e-04_bs16_drop0p4_temp2p0_a0p25_b0p05__wd1e-04trmiss0_degmodglobal,9,0.6336455345153809,0.7041867971420288,0.5111111111111111,0.750987900987901,0.5,0.0,0.60301373898983,0.6163952201604843,0.04906509816646576,0.09968100488185883,0.0,0.0,0.0,0.0,0.0,18473,global,0.0
2,1,lr1e-04_bs16_drop0p4_temp2p0_a0p25_b0p05__wd1e-04trmiss0_degmodglobal,16,0.0001,0.0001,0.4,2.0,0.25,0.05,lr1e-04_bs16_drop0p4_temp2p0_a0p25_b0p05__wd1e-04trmiss0_degmodglobal,10,0.6844578385353088,0.7071689963340759,0.5111111111111111,0.750987900987901,0.5,0.0,0.6315365135669708,0.6630264818668365,0.05520492233335972,0.15260280296206474,0.0,0.0,0.0,0.0,0.0,18473,global,0.0
2,1,lr1e-04_bs16_drop0p4_temp2p0_a0p25_b0p05__wd1e-04trmiss0_degmodglobal,16,0.0001,0.0001,0.4,2.0,0.25,0.05,lr1e-04_bs16_drop0p4_temp2p0_a0p25_b0p05__wd1e-04trmiss0_degmodglobal,11,0.6389425843954086,0.7079777121543884,0.48888888888888893,0.7540302290302292,0.5,0.0,0.6564046293497086,0.620453879237175,0.04821581766009331,0.1286946851760149,0.0,0.0,0.0,0.0,0.0,18473,global,0.0
2,1,lr1e-04_bs16_drop0p4_temp2p0_a0p25_b0p05__wd1e-04trmiss0_degmodglobal,16,0.0001,0.0001,0.4,2.0,0.25,0.05,lr1e-04_bs16_drop0p4_temp2p0_a0p25_b0p05__wd1e-04trmiss0_degmodglobal,12,0.6659387350082397,0.7112379670143127,0.4666666666666667,0.7351750101750103,0.5,0.0,0.5764443129301071,0.6459556668996811,0.049692533910274506,0.15119864232838154,0.0,0.0,0.0,0.0,0.0,18473,global,0.0
2,1,lr1e-04_bs16_drop0p4_temp2p0_a0p25_b0p05__wd1e-04trmiss0_degmodglobal,16,0.0001,0.0001,0.4,2.0,0.25,0.05,lr1e-04_bs16_drop0p4_temp2p0_a0p25_b0p05__wd1e-04trmiss0_degmodglobal,13,0.6694761216640472,0.7061780095100403,0.4888888888888889,0.762952787952788,0.5714285714285714,0.0,0.6166954338550568,0.6522100865840912,0.04830752592533827,0.10378324147313833,0.0,0.0,0.0,0.0,0.0,18473,global,0.0
2,1,lr1e-04_bs16_drop0p4_temp2p0_a0p25_b0p05__wd1e-04trmiss0_degmodglobal,16,0.0001,0.0001,0.4,2.0,0.25,0.05,lr1e-04_bs16_drop0p4_temp2p0_a0p25_b0p05__wd1e-04trmiss0_degmodglobal,14,0.6280136853456497,0.7109194397926331,0.5333333333333333,0.7861009361009363,0.5714285714285714,0.0,0.5986020565032959,0.6056602895259857,0.06625113263726234,0.11581233888864517,0.0,0.0,0.0,0.0,0.0,18473,global,0.0
2,1,lr1e-04_bs16_drop0p4_temp2p0_a0p25_b0p05__wd1e-04trmiss0_degmodglobal,16,0.0001,0.0001,0.4,2.0,0.25,0.05,lr1e-04_bs16_drop0p4_temp2p0_a0p25_b0p05__wd1e-04trmiss0_degmodglobal,15,0.6427342891693115,0.7094482779502869,0.5555555555555556,0.8083231583231585,0.6428571428571429,0.0,0.6219495981931686,0.6187427788972855,0.06521055847406387,0.15377730317413807,0.0,0.0,0.0,0.0,0.0,18473,global,0.0
2,1,lr1e-04_bs16_drop0p4_temp2p0_a0p25_b0p05__wd1e-04trmiss0_degmodglobal,16,0.0001,0.0001,0.4,2.0,0.25,0.05,lr1e-04_bs16_drop0p4_temp2p0_a0p25_b0p05__wd1e-04trmiss0_degmodglobal,16,0.6394587010145187,0.7054092288017273,0.5333333333333333,0.7950956450956452,0.6428571428571429,0.0,0.6224647611379623,0.6237118244171143,0.041831912472844124,0.10577831044793129,0.0,0.0,0.0,0.0,0.0,18473,global,0.0
2,1,lr1e-04_bs16_drop0p4_temp2p0_a0p25_b0p05__wd1e-04trmiss0_degmodglobal,16,0.0001,0.0001,0.4,2.0,0.25,0.05,lr1e-04_bs16_drop0p4_temp2p0_a0p25_b0p05__wd1e-04trmiss0_degmodglobal,17,0.625195324420929,0.6990559697151184,0.5333333333333333,0.7950956450956452,0.6428571428571429,0.0,0.5771145671606064,0.6088889092206955,0.04402497271075845,0.10600341856479645,0.0,0.0,0.0,0.0,0.0,18473,global,0.0
2,1,lr1e-04_bs16_drop0p4_temp2p0_a0p25_b0p05__wd1e-04trmiss0_degmodglobal,16,0.0001,0.0001,0.4,2.0,0.25,0.05,lr1e-04_bs16_drop0p4_temp2p0_a0p25_b0p05__wd1e-04trmiss0_degmodglobal,18,0.6492854654788971,0.7007095813751221,0.5333333333333333,0.7950956450956452,0.6428571428571429,0.0,0.5852534025907516,0.6346067488193512,0.04152174014598131,0.08596560545265675,0.0,0.0,0.0,0.0,0.0,18473,global,0.0
2,1,lr1e-04_bs16_drop0p4_temp2p0_a0p25_b0p05__wd1e-04trmiss0_degmodglobal,16,0.0001,0.0001,0.4,2.0,0.25,0.05,lr1e-04_bs16_drop0p4_temp2p0_a0p25_b0p05__wd1e-04trmiss0_degmodglobal,19,0.664464682340622,0.7039528489112854,0.5333333333333333,0.7950956450956452,0.6428571428571429,0.0,0.5815988928079605,0.6422775536775589,0.05179836694151163,0.18475038558244705,0.0,0.0,0.0,0.0,0.0,18473,global,0.0
2,1,lr1e-04_bs16_drop0p4_temp2p0_a0p25_b0p05__wd1e-04trmiss0_degmodglobal,16,0.0001,0.0001,0.4,2.0,0.25,0.05,lr1e-04_bs16_drop0p4_temp2p0_a0p25_b0p05__wd1e-04trmiss0_degmodglobal,20,0.6330458074808121,0.6989119648933411,0.5111111111111111,0.7728734228734231,0.5714285714285714,0.0,0.5777759253978729,0.6180330514907837,0.04080766532570124,0.09621631540358067,0.0,0.0,0.0,0.0,0.0,18473,global,0.0
2,1,lr1e-04_bs16_drop0p4_temp2p0_a0p25_b0p05__wd1e-04trmiss0_degmodglobal,16,0.0001,0.0001,0.4,2.0,0.25,0.05,lr1e-04_bs16_drop0p4_temp2p0_a0p25_b0p05__wd1e-04trmiss0_degmodglobal,21,0.6296253055334091,0.6956204771995544,0.5111111111111111,0.7728734228734231,0.5714285714285714,0.0,0.6011993288993835,0.6136814802885056,0.04168560169637203,0.11044847406446934,0.0,0.0,0.0,0.0,0.0,18473,global,0.0
2,1,lr1e-04_bs16_drop0p4_temp2p0_a0p25_b0p05__wd1e-04trmiss0_degmodglobal,16,0.0001,0.0001,0.4,2.0,0.25,0.05,lr1e-04_bs16_drop0p4_temp2p0_a0p25_b0p05__wd1e-04trmiss0_degmodglobal,22,0.6235562264919281,0.6965246796607971,0.5111111111111111,0.7728734228734231,0.5714285714285714,0.0,0.5420039743185043,0.6040361672639847,0.04843509662896395,0.14822598174214363,0.0,0.0,0.0,0.0,0.0,18473,global,0.0
2,1,lr1e-04_bs16_drop0p4_temp2p0_a0p25_b0p05__wd1e-04trmiss0_degmodglobal,16,0.0001,0.0001,0.4,2.0,0.25,0.05,lr1e-04_bs16_drop0p4_temp2p0_a0p25_b0p05__wd1e-04trmiss0_degmodglobal,23,0.6137357354164124,0.7000208497047424,0.5333333333333333,0.7950956450956452,0.5714285714285714,0.0,0.5867183059453964,0.595617949962616,0.052458121441304684,0.10006505809724331,0.0,0.0,0.0,0.0,0.0,18473,global,0.0
2,1,lr1e-04_bs16_drop0p4_temp2p0_a0p25_b0p05__wd1e-04trmiss0_degmodglobal,16,0.0001,0.0001,0.4,2.0,0.25,0.05,lr1e-04_bs16_drop0p4_temp2p0_a0p25_b0p05__wd1e-04trmiss0_degmodglobal,24,0.5971219688653946,0.6976621747016907,0.5111111111111111,0.7728734228734231,0.5714285714285714,0.0,0.5752318948507309,0.5819377303123474,0.042758990079164505,0.08988966047763824,0.0,0.0,0.0,0.0,0.0,18473,global,0.0
2,1,lr1e-04_bs16_drop0p4_temp2p0_a0p25_b0p05__wd1e-04trmiss0_degmodglobal,16,0.0001,0.0001,0.4,2.0,0.25,0.05,lr1e-04_bs16_drop0p4_temp2p0_a0p25_b0p05__wd1e-04trmiss0_degmodglobal,25,0.6171215921640396,0.701362669467926,0.5111111111111111,0.7728734228734231,0.5,0.0,0.570607528090477,0.597219929099083,0.05101767834275961,0.1429447839036584,0.0,0.0,0.0,0.0,0.0,18473,global,0.0
2,1,lr5e-05_bs16_drop0p2_temp1p0_a0p25_b0p05__wd1e-04trmiss0_degmodglobal,16,5e-05,0.0001,0.2,1.0,0.25,0.05,lr5e-05_bs16_drop0p2_temp1p0_a0p25_b0p05__wd1e-04trmiss0_degmodglobal,1,0.7213609963655472,0.625229001045227,0.8222222222222222,0.8691718775052109,0.8571428571428571,0.0,0.7035806179046631,0.7029204815626144,0.04944351874291897,0.12159266974776983,0.0,0.0,0.0,0.0,0.0,18473,global,0.0
2,1,lr5e-05_bs16_drop0p2_temp1p0_a0p25_b0p05__wd1e-04trmiss0_degmodglobal,16,5e-05,0.0001,0.2,1.0,0.25,0.05,lr5e-05_bs16_drop0p2_temp1p0_a0p25_b0p05__wd1e-04trmiss0_degmodglobal,2,0.6972422003746033,0.6201208829879761,0.8222222222222222,0.8691718775052109,0.7142857142857143,0.0,0.70859394967556,0.6737555414438248,0.05925216153264046,0.17347241193056107,0.0,0.0,0.0,0.0,0.0,18473,global,0.0
2,1,lr5e-05_bs16_drop0p2_temp1p0_a0p25_b0p05__wd1e-04trmiss0_degmodglobal,16,5e-05,0.0001,0.2,1.0,0.25,0.05,lr5e-05_bs16_drop0p2_temp1p0_a0p25_b0p05__wd1e-04trmiss0_degmodglobal,3,0.6806183010339737,0.6199350357055664,0.8666666666666667,0.9060405643738978,0.6428571428571429,0.0,0.6531966328620911,0.6566977947950363,0.059825179167091846,0.17928435280919075,0.0,0.0,0.0,0.0,0.0,18473,global,0.0
2,1,lr5e-05_bs16_drop0p2_temp1p0_a0p25_b0p05__wd1e-04trmiss0_degmodglobal,16,5e-05,0.0001,0.2,1.0,0.25,0.05,lr5e-05_bs16_drop0p2_temp1p0_a0p25_b0p05__wd1e-04trmiss0_degmodglobal,4,0.6952060759067535,0.6173609495162964,0.7999999999999999,0.8794973544973546,0.6428571428571429,0.0,0.6478293091058731,0.6755505502223969,0.04995298618450761,0.1433455143123865,0.0,0.0,0.0,0.0,0.0,18473,global,0.0
2,1,lr5e-05_bs16_drop0p2_temp1p0_a0p25_b0p05__wd1e-04trmiss0_degmodglobal,16,5e-05,0.0001,0.2,1.0,0.25,0.05,lr5e-05_bs16_drop0p2_temp1p0_a0p25_b0p05__wd1e-04trmiss0_degmodglobal,5,0.6471348404884338,0.6231948733329773,0.7555555555555555,0.860614077280744,0.7142857142857143,0.0,0.6381160914897919,0.628713071346283,0.04486633278429508,0.1441037282347679,0.0,0.0,0.0,0.0,0.0,18473,global,0.0
2,1,lr5e-05_bs16_drop0p2_temp1p0_a0p25_b0p05__wd1e-04trmiss0_degmodglobal,16,5e-05,0.0001,0.2,1.0,0.25,0.05,lr5e-05_bs16_drop0p2_temp1p0_a0p25_b0p05__wd1e-04trmiss0_degmodglobal,6,0.6442719399929047,0.627760648727417,0.7111111111111111,0.8209315375982045,0.6428571428571429,0.0,0.6255995482206345,0.6277380734682083,0.047176433727145195,0.09479524428024888,0.0,0.0,0.0,0.0,0.0,18473,global,0.0
2,1,lr5e-05_bs16_drop0p2_temp1p0_a0p25_b0p05__wd1e-04trmiss0_degmodglobal,16,5e-05,0.0001,0.2,1.0,0.25,0.05,lr5e-05_bs16_drop0p2_temp1p0_a0p25_b0p05__wd1e-04trmiss0_degmodglobal,7,0.645503893494606,0.6295449137687683,0.6666666666666667,0.770666987333654,0.6428571428571429,0.0,0.6182740181684494,0.6320348083972931,0.03989762347191572,0.06989380996674299,0.0,0.0,0.0,0.0,0.0,18473,global,0.0
2,1,lr5e-05_bs16_drop0p2_temp1p0_a0p25_b0p05__wd1e-04trmiss0_degmodglobal,16,5e-05,0.0001,0.2,1.0,0.25,0.05,lr5e-05_bs16_drop0p2_temp1p0_a0p25_b0p05__wd1e-04trmiss0_degmodglobal,8,0.6075027287006378,0.6297816038131714,0.6666666666666667,0.7990620490620493,0.6428571428571429,0.0,0.613495871424675,0.5951132625341415,0.0355072021484375,0.07025326788425446,0.0,0.0,0.0,0.0,0.0,18473,global,0.0
2,1,lr5e-05_bs16_drop0p2_temp1p0_a0p25_b0p05__wd1e-04trmiss0_degmodglobal,16,5e-05,0.0001,0.2,1.0,0.25,0.05,lr5e-05_bs16_drop0p2_temp1p0_a0p25_b0p05__wd1e-04trmiss0_degmodglobal,9,0.6218762397766113,0.6315745115280151,0.6222222222222222,0.7472101972101972,0.6428571428571429,0.0,0.5945322662591934,0.6062060445547104,0.043386926874518394,0.09646898973733187,0.0,0.0,0.0,0.0,0.0,18473,global,0.0
2,1,lr5e-05_bs16_drop0p2_temp1p0_a0p25_b0p05__wd1e-04trmiss0_degmodglobal,16,5e-05,0.0001,0.2,1.0,0.25,0.05,lr5e-05_bs16_drop0p2_temp1p0_a0p25_b0p05__wd1e-04trmiss0_degmodglobal,10,0.6310665756464005,0.62464839220047,0.6666666666666667,0.7990620490620493,0.6428571428571429,0.0,0.6322576254606247,0.614797055721283,0.046342942863702774,0.09367541410028934,0.0,0.0,0.0,0.0,0.0,18473,global,0.0
2,1,lr5e-05_bs16_drop0p2_temp1p0_a0p25_b0p05__wd1e-04trmiss0_degmodglobal,16,5e-05,0.0001,0.2,1.0,0.25,0.05,lr5e-05_bs16_drop0p2_temp1p0_a0p25_b0p05__wd1e-04trmiss0_degmodglobal,11,0.6038006991147995,0.6230169534683228,0.6666666666666667,0.7990620490620493,0.6428571428571429,0.0,0.6156909316778183,0.5860661715269089,0.04765483923256397,0.11641641519963741,0.0,0.0,0.0,0.0,0.0,18473,global,0.0
2,1,lr5e-05_bs16_drop0p2_temp1p0_a0p25_b0p05__wd1e-04trmiss0_degmodglobal,16,5e-05,0.0001,0.2,1.0,0.25,0.05,lr5e-05_bs16_drop0p2_temp1p0_a0p25_b0p05__wd1e-04trmiss0_degmodglobal,12,0.6085038483142853,0.6227922439575195,0.711111111111111,0.8354818021484689,0.6428571428571429,0.0,0.5719931572675705,0.5926824063062668,0.04385877586901188,0.09713484905660152,0.0,0.0,0.0,0.0,0.0,18473,global,0.0
2,1,lr5e-05_bs16_drop0p2_temp1p0_a0p25_b0p05__wd1e-04trmiss0_degmodglobal,16,5e-05,0.0001,0.2,1.0,0.25,0.05,lr5e-05_bs16_drop0p2_temp1p0_a0p25_b0p05__wd1e-04trmiss0_degmodglobal,13,0.6032189726829529,0.6254169344902039,0.6666666666666667,0.770666987333654,0.6428571428571429,0.0,0.5933128595352173,0.5872842222452164,0.04382329434156418,0.09957813937216997,0.0,0.0,0.0,0.0,0.0,18473,global,0.0
2,1,lr5e-05_bs16_drop0p2_temp1p0_a0p25_b0p05__wd1e-04trmiss0_degmodglobal,16,5e-05,0.0001,0.2,1.0,0.25,0.05,lr5e-05_bs16_drop0p2_temp1p0_a0p25_b0p05__wd1e-04trmiss0_degmodglobal,14,0.6020694524049759,0.6305743455886841,0.6666666666666667,0.770666987333654,0.6428571428571429,0.0,0.581876814365387,0.5863872468471527,0.04485315550118685,0.08937780931591988,0.0,0.0,0.0,0.0,0.0,18473,global,0.0
2,1,lr5e-05_bs16_drop0p2_temp1p0_a0p25_b0p05__wd1e-04trmiss0_degmodglobal,16,5e-05,0.0001,0.2,1.0,0.25,0.05,lr5e-05_bs16_drop0p2_temp1p0_a0p25_b0p05__wd1e-04trmiss0_degmodglobal,15,0.588822603225708,0.6326845288276672,0.6666666666666667,0.770666987333654,0.6428571428571429,0.0,0.5830094814300537,0.5768692046403885,0.037351665552705526,0.05230984906665981,0.0,0.0,0.0,0.0,0.0,18473,global,0.0
2,1,lr5e-05_bs16_drop0p2_temp1p0_a0p25_b0p05__wd1e-04trmiss0_degmodglobal,16,5e-05,0.0001,0.2,1.0,0.25,0.05,lr5e-05_bs16_drop0p2_temp1p0_a0p25_b0p05__wd1e-04trmiss0_degmodglobal,16,0.6049898564815521,0.632237434387207,0.6444444444444445,0.762025012025012,0.6428571428571429,0.0,0.5812136232852936,0.593327671289444,0.03315582871437073,0.0674642026424408,0.0,0.0,0.0,0.0,0.0,18473,global,0.0
2,1,lr5e-05_bs16_drop0p2_temp1p0_a0p25_b0p05__wd1e-04trmiss0_degmodglobal,16,5e-05,0.0001,0.2,1.0,0.25,0.05,lr5e-05_bs16_drop0p2_temp1p0_a0p25_b0p05__wd1e-04trmiss0_degmodglobal,17,0.6114873737096786,0.6364854574203491,0.6888888888888889,0.8077040243706912,0.5714285714285714,0.0,0.5889836996793747,0.5946225076913834,0.04639437980949879,0.10532558709383011,0.0,0.0,0.0,0.0,0.0,18473,global,0.0
2,1,lr5e-05_bs16_drop0p2_temp1p0_a0p25_b0p05__wd1e-04trmiss0_degmodglobal,16,5e-05,0.0001,0.2,1.0,0.25,0.05,lr5e-05_bs16_drop0p2_temp1p0_a0p25_b0p05__wd1e-04trmiss0_degmodglobal,18,0.6011080890893936,0.6332894563674927,0.6888888888888889,0.8122895622895625,0.5714285714285714,0.0,0.5825234353542328,0.5845693200826645,0.04565165098756552,0.10251697711646557,0.0,0.0,0.0,0.0,0.0,18473,global,0.0
2,1,lr5e-05_bs16_drop0p2_temp1p0_a0p25_b0p05__wd1e-04trmiss0_degmodglobal,16,5e-05,0.0001,0.2,1.0,0.25,0.05,lr5e-05_bs16_drop0p2_temp1p0_a0p25_b0p05__wd1e-04trmiss0_degmodglobal,19,0.5885612964630127,0.6329314708709717,0.6666666666666667,0.7990620490620493,0.5714285714285714,0.0,0.5664651989936829,0.5745768398046494,0.03909598011523485,0.08420955948531628,0.0,0.0,0.0,0.0,0.0,18473,global,0.0
2,1,lr5e-05_bs16_drop0p2_temp1p0_a0p25_b0p05__wd1e-04trmiss0_degmodglobal,16,5e-05,0.0001,0.2,1.0,0.25,0.05,lr5e-05_bs16_drop0p2_temp1p0_a0p25_b0p05__wd1e-04trmiss0_degmodglobal,20,0.5953541994094849,0.6320136189460754,0.6666666666666666,0.7752525252525253,0.5714285714285714,0.0,0.5605839043855667,0.5794496685266495,0.04580858442932367,0.0890480006346479,0.0,0.0,0.0,0.0,0.0,18473,global,0.0
2,1,lr5e-05_bs16_drop0p2_temp1p0_a0p25_b0p05__wd1e-04trmiss0_degmodglobal,16,5e-05,0.0001,0.2,1.0,0.25,0.05,lr5e-05_bs16_drop0p2_temp1p0_a0p25_b0p05__wd1e-04trmiss0_degmodglobal,21,0.5972814410924911,0.63640296459198,0.6666666666666666,0.7752525252525253,0.5714285714285714,0.0,0.5919326841831207,0.5812097936868668,0.048644340597093105,0.07821119530126452,0.0,0.0,0.0,0.0,0.0,18473,global,0.0
2,1,lr5e-05_bs16_drop0p2_temp1p0_a0p25_b0p05__wd1e-04trmiss0_degmodglobal,16,5e-05,0.0001,0.2,1.0,0.25,0.05,lr5e-05_bs16_drop0p2_temp1p0_a0p25_b0p05__wd1e-04trmiss0_degmodglobal,22,0.5969530344009399,0.6356017589569092,0.6666666666666667,0.7990620490620493,0.5714285714285714,0.0,0.5637130588293076,0.5825071036815643,0.0415359903126955,0.08123833918944001,0.0,0.0,0.0,0.0,0.0,18473,global,0.0
2,1,lr5e-05_bs16_drop0p2_temp1p0_a0p25_b0p05__wd1e-04trmiss0_degmodglobal,16,5e-05,0.0001,0.2,1.0,0.25,0.05,lr5e-05_bs16_drop0p2_temp1p0_a0p25_b0p05__wd1e-04trmiss0_degmodglobal,23,0.5746973007917404,0.6312167048454285,0.6666666666666666,0.7752525252525253,0.5714285714285714,0.0,0.5638545155525208,0.558489590883255,0.049605777487158775,0.07612498849630356,0.0,0.0,0.0,0.0,0.0,18473,global,0.0
2,1,lr5e-05_bs16_drop0p2_temp1p0_a0p25_b0p05__wd1e-04trmiss0_degmodglobal,16,5e-05,0.0001,0.2,1.0,0.25,0.05,lr5e-05_bs16_drop0p2_temp1p0_a0p25_b0p05__wd1e-04trmiss0_degmodglobal,24,0.6124488711357117,0.6273940205574036,0.6666666666666666,0.7752525252525253,0.5714285714285714,0.0,0.5391630381345749,0.5892045795917511,0.05922358576208353,0.16876772791147232,0.0,0.0,0.0,0.0,0.0,18473,global,0.0
2,1,lr5e-05_bs16_drop0p2_temp1p0_a0p25_b0p05__wd1e-04trmiss0_degmodglobal,16,5e-05,0.0001,0.2,1.0,0.25,0.05,lr5e-05_bs16_drop0p2_temp1p0_a0p25_b0p05__wd1e-04trmiss0_degmodglobal,25,0.552968755364418,0.6227981448173523,0.6666666666666666,0.7752525252525253,0.5714285714285714,0.0,0.5391076952219009,0.5374491810798645,0.04094623727723956,0.1056601582095027,0.0,0.0,0.0,0.0,0.0,18473,global,0.0
2,1,lr5e-05_bs16_drop0p2_temp2p0_a0p25_b0p05__wd1e-04trmiss0_degmodglobal,16,5e-05,0.0001,0.2,2.0,0.25,0.05,lr5e-05_bs16_drop0p2_temp2p0_a0p25_b0p05__wd1e-04trmiss0_degmodglobal,1,0.666162371635437,0.6627324819564819,0.6222222222222222,0.8167378917378918,0.5714285714285714,0.0,0.7058281004428864,0.6478468775749207,0.04294390697032213,0.15159041061997414,0.0,0.0,0.0,0.0,0.0,18473,global,0.0
2,1,lr5e-05_bs16_drop0p2_temp2p0_a0p25_b0p05__wd1e-04trmiss0_degmodglobal,16,5e-05,0.0001,0.2,2.0,0.25,0.05,lr5e-05_bs16_drop0p2_temp2p0_a0p25_b0p05__wd1e-04trmiss0_degmodglobal,2,0.6571414023637772,0.6526871919631958,0.6222222222222222,0.8167378917378918,0.5714285714285714,0.0,0.6638901829719543,0.6407585442066193,0.04029927961528301,0.12616096436977386,0.0,0.0,0.0,0.0,0.0,18473,global,0.0
2,1,lr5e-05_bs16_drop0p2_temp2p0_a0p25_b0p05__wd1e-04trmiss0_degmodglobal,16,5e-05,0.0001,0.2,2.0,0.25,0.05,lr5e-05_bs16_drop0p2_temp2p0_a0p25_b0p05__wd1e-04trmiss0_degmodglobal,3,0.6427711248397827,0.6507091522216797,0.6222222222222222,0.8167378917378918,0.5714285714285714,0.0,0.6836679130792618,0.6248560547828674,0.04100313223898411,0.15328549221158028,0.0,0.0,0.0,0.0,0.0,18473,global,0.0
2,1,lr5e-05_bs16_drop0p2_temp2p0_a0p25_b0p05__wd1e-04trmiss0_degmodglobal,16,5e-05,0.0001,0.2,2.0,0.25,0.05,lr5e-05_bs16_drop0p2_temp2p0_a0p25_b0p05__wd1e-04trmiss0_degmodglobal,4,0.6435325592756271,0.6515272855758667,0.6222222222222222,0.8167378917378918,0.5714285714285714,0.0,0.6326297223567963,0.6247077584266663,0.04291835334151983,0.1619044505059719,0.0,0.0,0.0,0.0,0.0,18473,global,0.0
2,1,lr5e-05_bs16_drop0p2_temp2p0_a0p25_b0p05__wd1e-04trmiss0_degmodglobal,16,5e-05,0.0001,0.2,2.0,0.25,0.05,lr5e-05_bs16_drop0p2_temp2p0_a0p25_b0p05__wd1e-04trmiss0_degmodglobal,5,0.6138154119253159,0.653639554977417,0.6222222222222222,0.8167378917378918,0.5714285714285714,0.0,0.6551301628351212,0.6002605110406876,0.03335325513035059,0.10433108173310757,0.0,0.0,0.0,0.0,0.0,18473,global,0.0
2,1,lr5e-05_bs16_drop0p2_temp2p0_a0p25_b0p05__wd1e-04trmiss0_degmodglobal,16,5e-05,0.0001,0.2,2.0,0.25,0.05,lr5e-05_bs16_drop0p2_temp2p0_a0p25_b0p05__wd1e-04trmiss0_degmodglobal,6,0.6061195135116577,0.6561801433563232,0.5777777777777777,0.8055453805453807,0.5714285714285714,0.0,0.6551259905099869,0.5903886407613754,0.03757223533466458,0.12675580382347107,0.0,0.0,0.0,0.0,0.0,18473,global,0.0
2,1,lr5e-05_bs16_drop0p2_temp2p0_a0p25_b0p05__wd1e-04trmiss0_degmodglobal,16,5e-05,0.0001,0.2,2.0,0.25,0.05,lr5e-05_bs16_drop0p2_temp2p0_a0p25_b0p05__wd1e-04trmiss0_degmodglobal,7,0.6289006173610687,0.6638810634613037,0.5777777777777777,0.8055453805453807,0.5714285714285714,0.0,0.6379111558198929,0.6072962582111359,0.04778339620679617,0.19316993281245232,0.0,0.0,0.0,0.0,0.0,18473,global,0.0
2,1,lr5e-05_bs16_drop0p2_temp2p0_a0p25_b0p05__wd1e-04trmiss0_degmodglobal,16,5e-05,0.0001,0.2,2.0,0.25,0.05,lr5e-05_bs16_drop0p2_temp2p0_a0p25_b0p05__wd1e-04trmiss0_degmodglobal,8,0.6024588346481323,0.6688745021820068,0.5555555555555556,0.7984746734746735,0.5714285714285714,0.0,0.6071262806653976,0.5905306190252304,0.029300600290298462,0.0920607103034854,0.0,0.0,0.0,0.0,0.0,18473,global,0.0
2,1,lr5e-05_bs16_drop0p2_temp2p0_a0p25_b0p05__wd1e-04trmiss0_degmodglobal,16,5e-05,0.0001,0.2,2.0,0.25,0.05,lr5e-05_bs16_drop0p2_temp2p0_a0p25_b0p05__wd1e-04trmiss0_degmodglobal,9,0.5885970443487167,0.6707494854927063,0.6,0.8216228216228216,0.5714285714285714,0.0,0.6288759261369705,0.5745192319154739,0.036012064665555954,0.10149632021784782,0.0,0.0,0.0,0.0,0.0,18473,global,0.0
2,1,lr5e-05_bs16_drop0p2_temp2p0_a0p25_b0p05__wd1e-04trmiss0_degmodglobal,16,5e-05,0.0001,0.2,2.0,0.25,0.05,lr5e-05_bs16_drop0p2_temp2p0_a0p25_b0p05__wd1e-04trmiss0_degmodglobal,10,0.5993547439575195,0.6666637659072876,0.6,0.8086598586598588,0.5714285714285714,0.0,0.6157046258449554,0.5839826315641403,0.03588708210736513,0.12800702825188637,0.0,0.0,0.0,0.0,0.0,18473,global,0.0
2,1,lr5e-05_bs16_drop0p2_temp2p0_a0p25_b0p05__wd1e-04trmiss0_degmodglobal,16,5e-05,0.0001,0.2,2.0,0.25,0.05,lr5e-05_bs16_drop0p2_temp2p0_a0p25_b0p05__wd1e-04trmiss0_degmodglobal,11,0.5710700154304504,0.6702174544334412,0.6,0.8086598586598588,0.5714285714285714,0.0,0.613349512219429,0.5536930710077286,0.04247469920665026,0.13516506925225258,0.0,0.0,0.0,0.0,0.0,18473,global,0.0
2,1,lr5e-05_bs16_drop0p2_temp2p0_a0p25_b0p05__wd1e-04trmiss0_degmodglobal,16,5e-05,0.0001,0.2,2.0,0.25,0.05,lr5e-05_bs16_drop0p2_temp2p0_a0p25_b0p05__wd1e-04trmiss0_degmodglobal,12,0.5560428649187088,0.6666219830513,0.5777777777777777,0.7954323454323455,0.5714285714285714,0.0,0.6028987914323807,0.5379350781440735,0.042039926163852215,0.15195659175515175,0.0,0.0,0.0,0.0,0.0,18473,global,0.0
2,1,lr5e-05_bs16_drop0p2_temp2p0_a0p25_b0p05__wd1e-04trmiss0_degmodglobal,16,5e-05,0.0001,0.2,2.0,0.25,0.05,lr5e-05_bs16_drop0p2_temp2p0_a0p25_b0p05__wd1e-04trmiss0_degmodglobal,13,0.560117706656456,0.6678268313407898,0.5555555555555556,0.7676545676545676,0.5714285714285714,0.0,0.5916604101657867,0.5462528765201569,0.0364216435700655,0.09518859162926674,0.0,0.0,0.0,0.0,0.0,18473,global,0.0
2,1,lr5e-05_bs16_drop0p2_temp2p0_a0p25_b0p05__wd1e-04trmiss0_degmodglobal,16,5e-05,0.0001,0.2,2.0,0.25,0.05,lr5e-05_bs16_drop0p2_temp2p0_a0p25_b0p05__wd1e-04trmiss0_degmodglobal,14,0.5772538483142853,0.670464277267456,0.5555555555555556,0.7676545676545676,0.5714285714285714,0.0,0.6140257567167282,0.5608793050050735,0.04340136609971523,0.11048378050327301,0.0,0.0,0.0,0.0,0.0,18473,global,0.0
2,1,lr5e-05_bs16_drop0p2_temp2p0_a0p25_b0p05__wd1e-04trmiss0_degmodglobal,16,5e-05,0.0001,0.2,2.0,0.25,0.05,lr5e-05_bs16_drop0p2_temp2p0_a0p25_b0p05__wd1e-04trmiss0_degmodglobal,15,0.5422927141189575,0.6733596324920654,0.5777777777777777,0.7954323454323455,0.5714285714285714,0.0,0.5826101452112198,0.5245988517999649,0.04471203777939081,0.13031721394509077,0.0,0.0,0.0,0.0,0.0,18473,global,0.0
2,1,lr5e-05_bs16_drop0p2_temp2p0_a0p25_b0p05__wd1e-04trmiss0_degmodglobal,16,5e-05,0.0001,0.2,2.0,0.25,0.05,lr5e-05_bs16_drop0p2_temp2p0_a0p25_b0p05__wd1e-04trmiss0_degmodglobal,16,0.5690559446811676,0.6810832619667053,0.48888888888888893,0.7336598586598586,0.5714285714285714,0.0,0.5800861120223999,0.5553157776594162,0.037094563245773315,0.08933037566021085,0.0,0.0,0.0,0.0,0.0,18473,global,0.0
2,1,lr5e-05_bs16_drop0p2_temp2p0_a0p25_b0p05__wd1e-04trmiss0_degmodglobal,16,5e-05,0.0001,0.2,2.0,0.25,0.05,lr5e-05_bs16_drop0p2_temp2p0_a0p25_b0p05__wd1e-04trmiss0_degmodglobal,17,0.5621611326932907,0.681792676448822,0.4666666666666667,0.7434482184482185,0.5714285714285714,0.0,0.583800196647644,0.5426164865493774,0.04984194505959749,0.1416834406554699,0.0,0.0,0.0,0.0,0.0,18473,global,0.0
2,1,lr5e-05_bs16_drop0p2_temp2p0_a0p25_b0p05__wd1e-04trmiss0_degmodglobal,16,5e-05,0.0001,0.2,2.0,0.25,0.05,lr5e-05_bs16_drop0p2_temp2p0_a0p25_b0p05__wd1e-04trmiss0_degmodglobal,18,0.5701746940612793,0.6794660091400146,0.4888888888888888,0.7508556258556258,0.5714285714285714,0.0,0.5741955637931824,0.5510561615228653,0.04732802044600248,0.14573035016655922,0.0,0.0,0.0,0.0,0.0,18473,global,0.0
2,1,lr5e-05_bs16_drop0p2_temp2p0_a0p25_b0p05__wd1e-04trmiss0_degmodglobal,16,5e-05,0.0001,0.2,2.0,0.25,0.05,lr5e-05_bs16_drop0p2_temp2p0_a0p25_b0p05__wd1e-04trmiss0_degmodglobal,19,0.5551140159368515,0.6783589124679565,0.4666666666666667,0.7230778480778481,0.5714285714285714,0.0,0.5933215022087097,0.5338796824216843,0.04875774867832661,0.18089796975255013,0.0,0.0,0.0,0.0,0.0,18473,global,0.0
2,1,lr5e-05_bs16_drop0p2_temp2p0_a0p25_b0p05__wd1e-04trmiss0_degmodglobal,16,5e-05,0.0001,0.2,2.0,0.25,0.05,lr5e-05_bs16_drop0p2_temp2p0_a0p25_b0p05__wd1e-04trmiss0_degmodglobal,20,0.5528779327869415,0.6762526631355286,0.4888888888888889,0.7301485551485551,0.5714285714285714,0.0,0.5918737798929214,0.5364515483379364,0.040067415684461594,0.1281910054385662,0.0,0.0,0.0,0.0,0.0,18473,global,0.0
2,1,lr5e-05_bs16_drop0p2_temp2p0_a0p25_b0p05__wd1e-04trmiss0_degmodglobal,16,5e-05,0.0001,0.2,2.0,0.25,0.05,lr5e-05_bs16_drop0p2_temp2p0_a0p25_b0p05__wd1e-04trmiss0_degmodglobal,21,0.5356477499008179,0.6726997494697571,0.5777777777777777,0.7890211640211642,0.5714285714285714,0.0,0.5566871911287308,0.516371414065361,0.048328498378396034,0.1438839747570455,0.0,0.0,0.0,0.0,0.0,18473,global,0.0
2,1,lr5e-05_bs16_drop0p2_temp2p0_a0p25_b0p05__wd1e-04trmiss0_degmodglobal,16,5e-05,0.0001,0.2,2.0,0.25,0.05,lr5e-05_bs16_drop0p2_temp2p0_a0p25_b0p05__wd1e-04trmiss0_degmodglobal,22,0.5539974421262741,0.6684545278549194,0.5777777777777777,0.7890211640211642,0.5714285714285714,0.0,0.5734908431768417,0.5330057889223099,0.05036432947963476,0.16801109537482262,0.0,0.0,0.0,0.0,0.0,18473,global,0.0
2,1,lr5e-05_bs16_drop0p2_temp2p0_a0p25_b0p05__wd1e-04trmiss0_degmodglobal,16,5e-05,0.0001,0.2,2.0,0.25,0.05,lr5e-05_bs16_drop0p2_temp2p0_a0p25_b0p05__wd1e-04trmiss0_degmodglobal,23,0.5638941377401352,0.6710771322250366,0.5555555555555556,0.7612433862433863,0.5714285714285714,0.0,0.5656862556934357,0.5406293869018555,0.06009232811629772,0.16483347304165363,0.0,0.0,0.0,0.0,0.0,18473,global,0.0
2,1,lr5e-05_bs16_drop0p2_temp2p0_a0p25_b0p05__wd1e-04trmiss0_degmodglobal,16,5e-05,0.0001,0.2,2.0,0.25,0.05,lr5e-05_bs16_drop0p2_temp2p0_a0p25_b0p05__wd1e-04trmiss0_degmodglobal,24,0.5758355110883713,0.6666265726089478,0.6,0.8011303511303511,0.5714285714285714,0.0,0.6106468141078949,0.5548532456159592,0.049757055938243866,0.1708603985607624,0.0,0.0,0.0,0.0,0.0,18473,global,0.0
2,1,lr5e-05_bs16_drop0p2_temp2p0_a0p25_b0p05__wd1e-04trmiss0_degmodglobal,16,5e-05,0.0001,0.2,2.0,0.25,0.05,lr5e-05_bs16_drop0p2_temp2p0_a0p25_b0p05__wd1e-04trmiss0_degmodglobal,25,0.5756596773862839,0.668182909488678,0.6,0.8011303511303511,0.5714285714285714,0.0,0.5911170393228531,0.5507980585098267,0.06227715779095888,0.18584684655070305,0.0,0.0,0.0,0.0,0.0,18473,global,0.0
2,1,lr5e-05_bs16_drop0p4_temp1p0_a0p25_b0p05__wd1e-04trmiss0_degmodglobal,16,5e-05,0.0001,0.4,1.0,0.25,0.05,lr5e-05_bs16_drop0p4_temp1p0_a0p25_b0p05__wd1e-04trmiss0_degmodglobal,1,0.6848554164171219,0.7410809397697449,0.1111111111111111,0.4900050566717234,0.21428571428571427,0.0,0.7485857903957367,0.6578835994005203,0.07242577988654375,0.17730731889605522,0.0,0.0,0.0,0.0,0.0,18473,global,0.0
2,1,lr5e-05_bs16_drop0p4_temp1p0_a0p25_b0p05__wd1e-04trmiss0_degmodglobal,16,5e-05,0.0001,0.4,1.0,0.25,0.05,lr5e-05_bs16_drop0p4_temp1p0_a0p25_b0p05__wd1e-04trmiss0_degmodglobal,2,0.6759103685617447,0.7454210519790649,0.11111111111111109,0.48877048877048884,0.2857142857142857,0.0,0.7205516546964645,0.6488647162914276,0.06808209326118231,0.2005026862025261,0.0,0.0,0.0,0.0,0.0,18473,global,0.0
2,1,lr5e-05_bs16_drop0p4_temp1p0_a0p25_b0p05__wd1e-04trmiss0_degmodglobal,16,5e-05,0.0001,0.4,1.0,0.25,0.05,lr5e-05_bs16_drop0p4_temp1p0_a0p25_b0p05__wd1e-04trmiss0_degmodglobal,3,0.6520765870809555,0.7553401589393616,0.08888888888888888,0.482597649264316,0.2857142857142857,0.0,0.6771675944328308,0.6289743632078171,0.06310854945331812,0.1465014610439539,0.0,0.0,0.0,0.0,0.0,18473,global,0.0
2,1,lr5e-05_bs16_drop0p4_temp1p0_a0p25_b0p05__wd1e-04trmiss0_degmodglobal,16,5e-05,0.0001,0.4,1.0,0.25,0.05,lr5e-05_bs16_drop0p4_temp1p0_a0p25_b0p05__wd1e-04trmiss0_degmodglobal,4,0.6710543483495712,0.7583344578742981,0.08888888888888886,0.48321493321493325,0.2857142857142857,0.0,0.7118808031082153,0.650982603430748,0.05982288904488087,0.10232052486389875,0.0,0.0,0.0,0.0,0.0,18473,global,0.0
2,1,lr5e-05_bs16_drop0p4_temp1p0_a0p25_b0p05__wd1e-04trmiss0_degmodglobal,16,5e-05,0.0001,0.4,1.0,0.25,0.05,lr5e-05_bs16_drop0p4_temp1p0_a0p25_b0p05__wd1e-04trmiss0_degmodglobal,5,0.6565785109996796,0.7588836550712585,0.08888888888888886,0.48321493321493325,0.35714285714285715,0.0,0.663701668381691,0.6362848728895187,0.052036574110388756,0.14569023251533508,0.0,0.0,0.0,0.0,0.0,18473,global,0.0
2,1,lr5e-05_bs16_drop0p4_temp1p0_a0p25_b0p05__wd1e-04trmiss0_degmodglobal,16,5e-05,0.0001,0.4,1.0,0.25,0.05,lr5e-05_bs16_drop0p4_temp1p0_a0p25_b0p05__wd1e-04trmiss0_degmodglobal,6,0.6264186501502991,0.7617443203926086,0.08888888888888886,0.48321493321493325,0.35714285714285715,0.0,0.6123060584068298,0.6027847975492477,0.06305382493883371,0.15740810707211494,0.0,0.0,0.0,0.0,0.0,18473,global,0.0
2,1,lr5e-05_bs16_drop0p4_temp1p0_a0p25_b0p05__wd1e-04trmiss0_degmodglobal,16,5e-05,0.0001,0.4,1.0,0.25,0.05,lr5e-05_bs16_drop0p4_temp1p0_a0p25_b0p05__wd1e-04trmiss0_degmodglobal,7,0.6436097323894501,0.7679418921470642,0.06666666666666665,0.4770420937087604,0.2857142857142857,0.0,0.6696234494447708,0.6233323514461517,0.05438964534550905,0.13359959423542023,0.0,0.0,0.0,0.0,0.0,18473,global,0.0
2,1,lr5e-05_bs16_drop0p4_temp1p0_a0p25_b0p05__wd1e-04trmiss0_degmodglobal,16,5e-05,0.0001,0.4,1.0,0.25,0.05,lr5e-05_bs16_drop0p4_temp1p0_a0p25_b0p05__wd1e-04trmiss0_degmodglobal,8,0.6501720249652863,0.770876944065094,0.06666666666666665,0.4770420937087604,0.21428571428571427,0.0,0.6720057725906372,0.6286388337612152,0.06423919182270765,0.10946774575859308,0.0,0.0,0.0,0.0,0.0,18473,global,0.0
2,1,lr5e-05_bs16_drop0p4_temp1p0_a0p25_b0p05__wd1e-04trmiss0_degmodglobal,16,5e-05,0.0001,0.4,1.0,0.25,0.05,lr5e-05_bs16_drop0p4_temp1p0_a0p25_b0p05__wd1e-04trmiss0_degmodglobal,9,0.6340170949697495,0.7646656632423401,0.13333333333333333,0.49494332827666165,0.21428571428571427,0.0,0.6567770838737488,0.6092440783977509,0.07314811646938324,0.12971995119005442,0.0,0.0,0.0,0.0,0.0,18473,global,0.0
2,1,lr5e-05_bs16_drop0p4_temp1p0_a0p25_b0p05__wd1e-04trmiss0_degmodglobal,16,5e-05,0.0001,0.4,1.0,0.25,0.05,lr5e-05_bs16_drop0p4_temp1p0_a0p25_b0p05__wd1e-04trmiss0_degmodglobal,10,0.6374231725931168,0.7618110179901123,0.15555555555555553,0.5010039343372676,0.14285714285714285,0.0,0.6869653314352036,0.6072854548692703,0.08140393160283566,0.1957346722483635,0.0,0.0,0.0,0.0,0.0,18473,global,0.0
2,1,lr5e-05_bs16_drop0p4_temp1p0_a0p25_b0p05__wd1e-04trmiss0_degmodglobal,16,5e-05,0.0001,0.4,1.0,0.25,0.05,lr5e-05_bs16_drop0p4_temp1p0_a0p25_b0p05__wd1e-04trmiss0_degmodglobal,11,0.6144750267267227,0.7623051404953003,0.15555555555555553,0.5010039343372676,0.2857142857142857,0.0,0.625665619969368,0.59035824239254,0.0654896479099989,0.15488731674849987,0.0,0.0,0.0,0.0,0.0,18473,global,0.0
2,1,lr5e-05_bs16_drop0p4_temp1p0_a0p25_b0p05__wd1e-04trmiss0_degmodglobal,16,5e-05,0.0001,0.4,1.0,0.25,0.05,lr5e-05_bs16_drop0p4_temp1p0_a0p25_b0p05__wd1e-04trmiss0_degmodglobal,12,0.6161598861217499,0.7662695646286011,0.11111111111111109,0.48877048877048884,0.2857142857142857,0.0,0.6604459285736084,0.5928469151258469,0.06562117394059896,0.13815370947122574,0.0,0.0,0.0,0.0,0.0,18473,global,0.0
2,1,lr5e-05_bs16_drop0p4_temp1p0_a0p25_b0p05__wd1e-04trmiss0_degmodglobal,16,5e-05,0.0001,0.4,1.0,0.25,0.05,lr5e-05_bs16_drop0p4_temp1p0_a0p25_b0p05__wd1e-04trmiss0_degmodglobal,13,0.6088645756244659,0.7643311023712158,0.13333333333333333,0.49494332827666165,0.21428571428571427,0.0,0.6472937315702438,0.5887523740530014,0.05163205694407225,0.14408394694328308,0.0,0.0,0.0,0.0,0.0,18473,global,0.0
2,1,lr5e-05_bs16_drop0p4_temp1p0_a0p25_b0p05__wd1e-04trmiss0_degmodglobal,16,5e-05,0.0001,0.4,1.0,0.25,0.05,lr5e-05_bs16_drop0p4_temp1p0_a0p25_b0p05__wd1e-04trmiss0_degmodglobal,14,0.6260604709386826,0.7627450823783875,0.08888888888888886,0.48321493321493325,0.2857142857142857,0.0,0.6447696834802628,0.6024730205535889,0.0618456332013011,0.16252096369862556,0.0,0.0,0.0,0.0,0.0,18473,global,0.0
2,1,lr5e-05_bs16_drop0p4_temp1p0_a0p25_b0p05__wd1e-04trmiss0_degmodglobal,16,5e-05,0.0001,0.4,1.0,0.25,0.05,lr5e-05_bs16_drop0p4_temp1p0_a0p25_b0p05__wd1e-04trmiss0_degmodglobal,15,0.6400416046380997,0.7639939785003662,0.08888888888888886,0.48321493321493325,0.2857142857142857,0.0,0.6096402853727341,0.6153997778892517,0.06484950426965952,0.16858856193721294,0.0,0.0,0.0,0.0,0.0,18473,global,0.0
2,1,lr5e-05_bs16_drop0p4_temp1p0_a0p25_b0p05__wd1e-04trmiss0_degmodglobal,16,5e-05,0.0001,0.4,1.0,0.25,0.05,lr5e-05_bs16_drop0p4_temp1p0_a0p25_b0p05__wd1e-04trmiss0_degmodglobal,16,0.5983019918203354,0.7643739581108093,0.08888888888888888,0.482597649264316,0.2857142857142857,0.0,0.6258468180894852,0.5788927525281906,0.05042555835098028,0.13605680596083403,0.0,0.0,0.0,0.0,0.0,18473,global,0.0
2,1,lr5e-05_bs16_drop0p4_temp1p0_a0p25_b0p05__wd1e-04trmiss0_degmodglobal,16,5e-05,0.0001,0.4,1.0,0.25,0.05,lr5e-05_bs16_drop0p4_temp1p0_a0p25_b0p05__wd1e-04trmiss0_degmodglobal,17,0.5980907380580902,0.760976254940033,0.11111111111111109,0.48877048877048884,0.35714285714285715,0.0,0.5780594646930695,0.5786800384521484,0.05645776027813554,0.10592486057430506,0.0,0.0,0.0,0.0,0.0,18473,global,0.0
2,1,lr5e-05_bs16_drop0p4_temp1p0_a0p25_b0p05__wd1e-04trmiss0_degmodglobal,16,5e-05,0.0001,0.4,1.0,0.25,0.05,lr5e-05_bs16_drop0p4_temp1p0_a0p25_b0p05__wd1e-04trmiss0_degmodglobal,18,0.6105834692716599,0.75688636302948,0.13333333333333333,0.49617789617789626,0.2857142857142857,0.0,0.5974727421998978,0.5823515504598618,0.07337246928364038,0.19777601584792137,0.0,0.0,0.0,0.0,0.0,18473,global,0.0
2,1,lr5e-05_bs16_drop0p4_temp1p0_a0p25_b0p05__wd1e-04trmiss0_degmodglobal,16,5e-05,0.0001,0.4,1.0,0.25,0.05,lr5e-05_bs16_drop0p4_temp1p0_a0p25_b0p05__wd1e-04trmiss0_degmodglobal,19,0.5721707195043564,0.7586267590522766,0.17777777777777776,0.5084113417446751,0.35714285714285715,0.0,0.5996368527412415,0.5525548905134201,0.05408319924026728,0.12190064415335655,0.0,0.0,0.0,0.0,0.0,18473,global,0.0
2,1,lr5e-05_bs16_drop0p4_temp1p0_a0p25_b0p05__wd1e-04trmiss0_degmodglobal,16,5e-05,0.0001,0.4,1.0,0.25,0.05,lr5e-05_bs16_drop0p4_temp1p0_a0p25_b0p05__wd1e-04trmiss0_degmodglobal,20,0.5690958201885223,0.7568122744560242,0.17777777777777776,0.5084113417446751,0.35714285714285715,0.0,0.5871105790138245,0.5437158197164536,0.06949187349528074,0.16014044918119907,0.0,0.0,0.0,0.0,0.0,18473,global,0.0
2,1,lr5e-05_bs16_drop0p4_temp1p0_a0p25_b0p05__wd1e-04trmiss0_degmodglobal,16,5e-05,0.0001,0.4,1.0,0.25,0.05,lr5e-05_bs16_drop0p4_temp1p0_a0p25_b0p05__wd1e-04trmiss0_degmodglobal,21,0.609836220741272,0.7620876431465149,0.15555555555555556,0.5023507356840691,0.35714285714285715,0.0,0.575924277305603,0.5815057307481766,0.08753682672977448,0.1289255265146494,0.0,0.0,0.0,0.0,0.0,18473,global,0.0
2,1,lr5e-05_bs16_drop0p4_temp1p0_a0p25_b0p05__wd1e-04trmiss0_degmodglobal,16,5e-05,0.0001,0.4,1.0,0.25,0.05,lr5e-05_bs16_drop0p4_temp1p0_a0p25_b0p05__wd1e-04trmiss0_degmodglobal,22,0.58070507645607,0.7708895802497864,0.15555555555555556,0.5023507356840691,0.2857142857142857,0.0,0.6422975659370422,0.5576583743095398,0.06615566369146109,0.13015594147145748,0.0,0.0,0.0,0.0,0.0,18473,global,0.0
2,1,lr5e-05_bs16_drop0p4_temp1p0_a0p25_b0p05__wd1e-04trmiss0_degmodglobal,16,5e-05,0.0001,0.4,1.0,0.25,0.05,lr5e-05_bs16_drop0p4_temp1p0_a0p25_b0p05__wd1e-04trmiss0_degmodglobal,23,0.5846306085586548,0.7736154794692993,0.15555555555555556,0.5023507356840691,0.2857142857142857,0.0,0.5523295998573303,0.5636052489280701,0.05690313410013914,0.1359916441142559,0.0,0.0,0.0,0.0,0.0,18473,global,0.0
2,1,lr5e-05_bs16_drop0p4_temp1p0_a0p25_b0p05__wd1e-04trmiss0_degmodglobal,16,5e-05,0.0001,0.4,1.0,0.25,0.05,lr5e-05_bs16_drop0p4_temp1p0_a0p25_b0p05__wd1e-04trmiss0_degmodglobal,24,0.6027435213327408,0.7736266255378723,0.13333333333333333,0.49617789617789626,0.2857142857142857,0.0,0.6003158837556839,0.576141893863678,0.06896680314093828,0.18719832599163055,0.0,0.0,0.0,0.0,0.0,18473,global,0.0
2,1,lr5e-05_bs16_drop0p4_temp1p0_a0p25_b0p05__wd1e-04trmiss0_degmodglobal,16,5e-05,0.0001,0.4,1.0,0.25,0.05,lr5e-05_bs16_drop0p4_temp1p0_a0p25_b0p05__wd1e-04trmiss0_degmodglobal,25,0.568738266825676,0.7711912989616394,0.13333333333333333,0.4979415646082313,0.2857142857142857,0.0,0.5709547847509384,0.5454663187265396,0.06611875630915165,0.1348451003432274,0.0,0.0,0.0,0.0,0.0,18473,global,0.0
2,1,lr5e-05_bs16_drop0p4_temp1p0_a0p25_b0p05__wd1e-04trmiss0_degmodglobal,16,5e-05,0.0001,0.4,1.0,0.25,0.05,lr5e-05_bs16_drop0p4_temp1p0_a0p25_b0p05__wd1e-04trmiss0_degmodglobal,26,0.5862258523702621,0.7711994647979736,0.15555555555555556,0.5041144041144041,0.2857142857142857,0.0,0.5382305681705475,0.5634467005729675,0.06666364800184965,0.12226468324661255,0.0,0.0,0.0,0.0,0.0,18473,global,0.0
2,1,lr5e-05_bs16_drop0p4_temp1p0_a0p25_b0p05__wd1e-04trmiss0_degmodglobal,16,5e-05,0.0001,0.4,1.0,0.25,0.05,lr5e-05_bs16_drop0p4_temp1p0_a0p25_b0p05__wd1e-04trmiss0_degmodglobal,27,0.6220929622650146,0.7692773938179016,0.19999999999999998,0.5195465028798363,0.2857142857142857,0.0,0.5677411332726479,0.5844076424837112,0.0996086522936821,0.25566282868385315,0.0,0.0,0.0,0.0,0.0,18473,global,0.0
2,1,lr5e-05_bs16_drop0p4_temp1p0_a0p25_b0p05__wd1e-04trmiss0_degmodglobal,16,5e-05,0.0001,0.4,1.0,0.25,0.05,lr5e-05_bs16_drop0p4_temp1p0_a0p25_b0p05__wd1e-04trmiss0_degmodglobal,28,0.6011321991682053,0.7695322632789612,0.19999999999999998,0.5195465028798363,0.2857142857142857,0.0,0.5712788999080658,0.5792232751846313,0.06045884336344898,0.1358846928924322,0.0,0.0,0.0,0.0,0.0,18473,global,0.0
2,1,lr5e-05_bs16_drop0p4_temp1p0_a0p25_b0p05__wd1e-04trmiss0_degmodglobal,16,5e-05,0.0001,0.4,1.0,0.25,0.05,lr5e-05_bs16_drop0p4_temp1p0_a0p25_b0p05__wd1e-04trmiss0_degmodglobal,29,0.5949358493089676,0.7700790762901306,0.15555555555555556,0.5072008238674905,0.2857142857142857,0.0,0.5806578993797302,0.5657668113708496,0.08107947371900082,0.17798323929309845,0.0,0.0,0.0,0.0,0.0,18473,global,0.0
2,1,lr5e-05_bs16_drop0p4_temp1p0_a0p25_b0p05__wd1e-04trmiss0_degmodglobal,16,5e-05,0.0001,0.4,1.0,0.25,0.05,lr5e-05_bs16_drop0p4_temp1p0_a0p25_b0p05__wd1e-04trmiss0_degmodglobal,30,0.5752792060375214,0.7689277529716492,0.15555555555555556,0.5054371554371555,0.2857142857142857,0.0,0.551534429192543,0.5500767827033997,0.06758523359894753,0.1661225389689207,0.0,0.0,0.0,0.0,0.0,18473,global,0.0
2,1,lr5e-05_bs16_drop0p4_temp1p0_a0p25_b0p05__wd1e-04trmiss0_degmodglobal,16,5e-05,0.0001,0.4,1.0,0.25,0.05,lr5e-05_bs16_drop0p4_temp1p0_a0p25_b0p05__wd1e-04trmiss0_degmodglobal,31,0.597273200750351,0.7711496949195862,0.15555555555555556,0.5054371554371555,0.2857142857142857,0.0,0.6203082948923111,0.5714654326438904,0.07818823494017124,0.12521403655409813,0.0,0.0,0.0,0.0,0.0,18473,global,0.0
2,1,lr5e-05_bs16_drop0p4_temp1p0_a0p25_b0p05__wd1e-04trmiss0_degmodglobal,16,5e-05,0.0001,0.4,1.0,0.25,0.05,lr5e-05_bs16_drop0p4_temp1p0_a0p25_b0p05__wd1e-04trmiss0_degmodglobal,32,0.577570840716362,0.7672525644302368,0.17777777777777778,0.5116099949433284,0.2857142857142857,0.0,0.5498899519443512,0.5526509135961533,0.06608744710683823,0.16796141490340233,0.0,0.0,0.0,0.0,0.0,18473,global,0.0
2,1,lr5e-05_bs16_drop0p4_temp1p0_a0p25_b0p05__wd1e-04trmiss0_degmodglobal,16,5e-05,0.0001,0.4,1.0,0.25,0.05,lr5e-05_bs16_drop0p4_temp1p0_a0p25_b0p05__wd1e-04trmiss0_degmodglobal,33,0.5585199743509293,0.7666100263595581,0.17777777777777778,0.5116099949433284,0.2857142857142857,0.0,0.5360245853662491,0.5362526625394821,0.05927388649433851,0.14897684752941132,0.0,0.0,0.0,0.0,0.0,18473,global,0.0
2,1,lr5e-05_bs16_drop0p4_temp1p0_a0p25_b0p05__wd1e-04trmiss0_degmodglobal,16,5e-05,0.0001,0.4,1.0,0.25,0.05,lr5e-05_bs16_drop0p4_temp1p0_a0p25_b0p05__wd1e-04trmiss0_degmodglobal,34,0.5507823377847672,0.7675367593765259,0.15555555555555556,0.5023507356840691,0.2857142857142857,0.0,0.5765489786863327,0.5217544957995415,0.07159729860723019,0.22256988286972046,0.0,0.0,0.0,0.0,0.0,18473,global,0.0
2,1,lr5e-05_bs16_drop0p4_temp1p0_a0p25_b0p05__wd1e-04trmiss0_degmodglobal,16,5e-05,0.0001,0.4,1.0,0.25,0.05,lr5e-05_bs16_drop0p4_temp1p0_a0p25_b0p05__wd1e-04trmiss0_degmodglobal,35,0.5579461455345154,0.7661239504814148,0.15555555555555556,0.5023507356840691,0.2857142857142857,0.0,0.5704429745674133,0.5332835465669632,0.06728232093155384,0.15684037655591965,0.0,0.0,0.0,0.0,0.0,18473,global,0.0
2,1,lr5e-05_bs16_drop0p4_temp1p0_a0p25_b0p05__wd1e-04trmiss0_degmodglobal,16,5e-05,0.0001,0.4,1.0,0.25,0.05,lr5e-05_bs16_drop0p4_temp1p0_a0p25_b0p05__wd1e-04trmiss0_degmodglobal,36,0.5688031315803528,0.7641050219535828,0.19999999999999998,0.5195465028798363,0.2857142857142857,0.0,0.5425075143575668,0.537125363945961,0.08683726377785206,0.1993693821132183,0.0,0.0,0.0,0.0,0.0,18473,global,0.0
2,1,lr5e-05_bs16_drop0p4_temp1p0_a0p25_b0p05__wd1e-04trmiss0_degmodglobal,16,5e-05,0.0001,0.4,1.0,0.25,0.05,lr5e-05_bs16_drop0p4_temp1p0_a0p25_b0p05__wd1e-04trmiss0_degmodglobal,37,0.6460093706846237,0.7685698866844177,0.19999999999999998,0.5195465028798363,0.35714285714285715,0.0,0.5818403214216232,0.6168633103370667,0.07978691905736923,0.1839865706861019,0.0,0.0,0.0,0.0,0.0,18473,global,0.0
2,1,lr5e-05_bs16_drop0p4_temp1p0_a0p25_b0p05__wd1e-04trmiss0_degmodglobal,16,5e-05,0.0001,0.4,1.0,0.25,0.05,lr5e-05_bs16_drop0p4_temp1p0_a0p25_b0p05__wd1e-04trmiss0_degmodglobal,38,0.6114739775657654,0.7700574398040771,0.15555555555555556,0.5041144041144041,0.2857142857142857,0.0,0.6110302954912186,0.5899819880723953,0.05971406493335962,0.13126918114721775,0.0,0.0,0.0,0.0,0.0,18473,global,0.0
2,1,lr5e-05_bs16_drop0p4_temp1p0_a0p25_b0p05__wd1e-04trmiss0_degmodglobal,16,5e-05,0.0001,0.4,1.0,0.25,0.05,lr5e-05_bs16_drop0p4_temp1p0_a0p25_b0p05__wd1e-04trmiss0_degmodglobal,39,0.5667538940906525,0.7725728154182434,0.13333333333333333,0.4979415646082313,0.2857142857142857,0.0,0.6029793918132782,0.5403965711593628,0.06698541902005672,0.1922193244099617,0.0,0.0,0.0,0.0,0.0,18473,global,0.0
2,1,lr5e-05_bs16_drop0p4_temp1p0_a0p25_b0p05__wd1e-04trmiss0_degmodglobal,16,5e-05,0.0001,0.4,1.0,0.25,0.05,lr5e-05_bs16_drop0p4_temp1p0_a0p25_b0p05__wd1e-04trmiss0_degmodglobal,40,0.6186936646699905,0.7646839022636414,0.1111111111111111,0.49617789617789626,0.2857142857142857,0.0,0.6101599484682083,0.5916680246591568,0.07351285871118307,0.17294838838279247,0.0,0.0,0.0,0.0,0.0,18473,global,0.0
2,1,lr5e-05_bs16_drop0p4_temp1p0_a0p25_b0p05__wd1e-04trmiss0_degmodglobal,16,5e-05,0.0001,0.4,1.0,0.25,0.05,lr5e-05_bs16_drop0p4_temp1p0_a0p25_b0p05__wd1e-04trmiss0_degmodglobal,41,0.5913444608449936,0.7682128548622131,0.13333333333333333,0.4979415646082313,0.2857142857142857,0.0,0.5560262352228165,0.5692435503005981,0.055600447580218315,0.16401582583785057,0.0,0.0,0.0,0.0,0.0,18473,global,0.0
2,1,lr5e-05_bs16_drop0p4_temp1p0_a0p25_b0p05__wd1e-04trmiss0_degmodglobal,16,5e-05,0.0001,0.4,1.0,0.25,0.05,lr5e-05_bs16_drop0p4_temp1p0_a0p25_b0p05__wd1e-04trmiss0_degmodglobal,42,0.5849292427301407,0.7725402116775513,0.17777777777777776,0.510287243620577,0.2857142857142857,0.0,0.5914102792739868,0.5637805461883545,0.057206868659704924,0.13693958846852183,0.0,0.0,0.0,0.0,0.0,18473,global,0.0
2,1,lr5e-05_bs16_drop0p4_temp1p0_a0p25_b0p05__wd1e-04trmiss0_degmodglobal,16,5e-05,0.0001,0.4,1.0,0.25,0.05,lr5e-05_bs16_drop0p4_temp1p0_a0p25_b0p05__wd1e-04trmiss0_degmodglobal,43,0.612773060798645,0.7759205102920532,0.13333333333333333,0.4979415646082313,0.2857142857142857,0.0,0.554529070854187,0.578491285443306,0.080862607806921,0.281322605907917,0.0,0.0,0.0,0.0,0.0,18473,global,0.0
2,1,lr5e-05_bs16_drop0p4_temp1p0_a0p25_b0p05__wd1e-04trmiss0_degmodglobal,16,5e-05,0.0001,0.4,1.0,0.25,0.05,lr5e-05_bs16_drop0p4_temp1p0_a0p25_b0p05__wd1e-04trmiss0_degmodglobal,44,0.6354167312383652,0.7818887233734131,0.13333333333333333,0.4979415646082313,0.2857142857142857,0.0,0.5645747780799866,0.608631893992424,0.0670434795320034,0.2004796378314495,0.0,0.0,0.0,0.0,0.0,18473,global,0.0
2,1,lr5e-05_bs16_drop0p4_temp1p0_a0p25_b0p05__wd1e-04trmiss0_degmodglobal,16,5e-05,0.0001,0.4,1.0,0.25,0.05,lr5e-05_bs16_drop0p4_temp1p0_a0p25_b0p05__wd1e-04trmiss0_degmodglobal,45,0.6232136636972427,0.7841314673423767,0.13333333333333333,0.4979415646082313,0.2857142857142857,0.0,0.5844833850860596,0.5944588631391525,0.0729772038757801,0.21021050214767456,0.0,0.0,0.0,0.0,0.0,18473,global,0.0
2,1,lr5e-05_bs16_drop0p4_temp1p0_a0p25_b0p05__wd1e-04trmiss0_degmodglobal,16,5e-05,0.0001,0.4,1.0,0.25,0.05,lr5e-05_bs16_drop0p4_temp1p0_a0p25_b0p05__wd1e-04trmiss0_degmodglobal,46,0.6106380671262741,0.7838711142539978,0.13333333333333333,0.4979415646082313,0.2857142857142857,0.0,0.5769652426242828,0.5878467857837677,0.0605796966701746,0.15292691625654697,0.0,0.0,0.0,0.0,0.0,18473,global,0.0
2,1,lr5e-05_bs16_drop0p4_temp1p0_a0p25_b0p05__wd1e-04trmiss0_degmodglobal,16,5e-05,0.0001,0.4,1.0,0.25,0.05,lr5e-05_bs16_drop0p4_temp1p0_a0p25_b0p05__wd1e-04trmiss0_degmodglobal,47,0.552584707736969,0.7780719995498657,0.1111111111111111,0.4900050566717234,0.2857142857142857,0.0,0.5361230075359344,0.5270335227251053,0.07025780156254768,0.15973462536931038,0.0,0.0,0.0,0.0,0.0,18473,global,0.0
2,1,lr5e-05_bs16_drop0p4_temp1p0_a0p25_b0p05__wd1e-04trmiss0_degmodglobal,16,5e-05,0.0001,0.4,1.0,0.25,0.05,lr5e-05_bs16_drop0p4_temp1p0_a0p25_b0p05__wd1e-04trmiss0_degmodglobal,48,0.6223693639039993,0.7809549570083618,0.13333333333333333,0.49617789617789626,0.2857142857142857,0.0,0.5878392904996872,0.5976088494062424,0.062096016481518745,0.18473037146031857,0.0,0.0,0.0,0.0,0.0,18473,global,0.0
2,1,lr5e-05_bs16_drop0p4_temp1p0_a0p25_b0p05__wd1e-04trmiss0_degmodglobal,16,5e-05,0.0001,0.4,1.0,0.25,0.05,lr5e-05_bs16_drop0p4_temp1p0_a0p25_b0p05__wd1e-04trmiss0_degmodglobal,49,0.594876229763031,0.7821611762046814,0.13333333333333333,0.49617789617789626,0.21428571428571427,0.0,0.5898580104112625,0.575484037399292,0.05158017575740814,0.12994313333183527,0.0,0.0,0.0,0.0,0.0,18473,global,0.0
2,1,lr5e-05_bs16_drop0p4_temp1p0_a0p25_b0p05__wd1e-04trmiss0_degmodglobal,16,5e-05,0.0001,0.4,1.0,0.25,0.05,lr5e-05_bs16_drop0p4_temp1p0_a0p25_b0p05__wd1e-04trmiss0_degmodglobal,50,0.570689782500267,0.7768890857696533,0.1111111111111111,0.4900050566717234,0.2857142857142857,0.0,0.5768149942159653,0.5429165810346603,0.07172210328280926,0.19685353338718414,0.0,0.0,0.0,0.0,0.0,18473,global,0.0
2,1,lr5e-05_bs16_drop0p4_temp1p0_a0p25_b0p05__wd1e-04trmiss0_degmodglobal,16,5e-05,0.0001,0.4,1.0,0.25,0.05,lr5e-05_bs16_drop0p4_temp1p0_a0p25_b0p05__wd1e-04trmiss0_degmodglobal,51,0.5965082794427872,0.7756564021110535,0.17777777777777778,0.5133736633736634,0.2857142857142857,0.0,0.5896829813718796,0.5667786747217178,0.07075737603008747,0.24080510064959526,0.0,0.0,0.0,0.0,0.0,18473,global,0.0
2,1,lr5e-05_bs16_drop0p4_temp1p0_a0p25_b0p05__wd1e-04trmiss0_degmodglobal,16,5e-05,0.0001,0.4,1.0,0.25,0.05,lr5e-05_bs16_drop0p4_temp1p0_a0p25_b0p05__wd1e-04trmiss0_degmodglobal,52,0.5813276171684265,0.7706998586654663,0.15555555555555556,0.5023507356840691,0.2857142857142857,0.0,0.5877742767333984,0.5538531243801117,0.06918699480593204,0.20355510152876377,0.0,0.0,0.0,0.0,0.0,18473,global,0.0
2,1,lr5e-05_bs16_drop0p4_temp1p0_a0p25_b0p05__wd1e-04trmiss0_degmodglobal,16,5e-05,0.0001,0.4,1.0,0.25,0.05,lr5e-05_bs16_drop0p4_temp1p0_a0p25_b0p05__wd1e-04trmiss0_degmodglobal,53,0.6111095249652863,0.7711337208747864,0.15555555555555556,0.5023507356840691,0.21428571428571427,0.0,0.5581247359514236,0.586358830332756,0.06509257666766644,0.1695510409772396,0.0,0.0,0.0,0.0,0.0,18473,global,0.0
2,1,lr5e-05_bs16_drop0p4_temp1p0_a0p25_b0p05__wd1e-04trmiss0_degmodglobal,16,5e-05,0.0001,0.4,1.0,0.25,0.05,lr5e-05_bs16_drop0p4_temp1p0_a0p25_b0p05__wd1e-04trmiss0_degmodglobal,54,0.5755085796117783,0.7710005044937134,0.17777777777777778,0.5116099949433284,0.2857142857142857,0.0,0.5488753765821457,0.549291655421257,0.06165024917572737,0.21608738414943218,0.0,0.0,0.0,0.0,0.0,18473,global,0.0
2,1,lr5e-05_bs16_drop0p4_temp1p0_a0p25_b0p05__wd1e-04trmiss0_degmodglobal,16,5e-05,0.0001,0.4,1.0,0.25,0.05,lr5e-05_bs16_drop0p4_temp1p0_a0p25_b0p05__wd1e-04trmiss0_degmodglobal,55,0.574870303273201,0.7756437659263611,0.13333333333333333,0.49617789617789626,0.2857142857142857,0.0,0.5645136833190918,0.5532070845365524,0.05634951498359442,0.1515168845653534,0.0,0.0,0.0,0.0,0.0,18473,global,0.0
2,1,lr5e-05_bs16_drop0p4_temp1p0_a0p25_b0p05__wd1e-04trmiss0_degmodglobal,16,5e-05,0.0001,0.4,1.0,0.25,0.05,lr5e-05_bs16_drop0p4_temp1p0_a0p25_b0p05__wd1e-04trmiss0_degmodglobal,56,0.6305492222309113,0.7744925618171692,0.13333333333333333,0.49617789617789626,0.2857142857142857,0.0,0.5943242758512497,0.6071807444095612,0.059031917713582516,0.1722101755440235,0.0,0.0,0.0,0.0,0.0,18473,global,0.0
2,1,lr5e-05_bs16_drop0p4_temp2p0_a0p25_b0p05__wd1e-04trmiss0_degmodglobal,16,5e-05,0.0001,0.4,2.0,0.25,0.05,lr5e-05_bs16_drop0p4_temp2p0_a0p25_b0p05__wd1e-04trmiss0_degmodglobal,1,0.7404985129833221,0.6636879444122314,0.5555555555555556,0.6657287157287158,0.7142857142857143,0.0,0.7865634113550186,0.702340379357338,0.0899696834385395,0.3133145123720169,0.0,0.0,0.0,0.0,0.0,18473,global,0.0
2,1,lr5e-05_bs16_drop0p4_temp2p0_a0p25_b0p05__wd1e-04trmiss0_degmodglobal,16,5e-05,0.0001,0.4,2.0,0.25,0.05,lr5e-05_bs16_drop0p4_temp2p0_a0p25_b0p05__wd1e-04trmiss0_degmodglobal,2,0.7117597758769989,0.6614624261856079,0.5555555555555556,0.6657287157287158,0.7857142857142857,0.0,0.7059676051139832,0.6677064299583435,0.09972039051353931,0.38246481865644455,0.0,0.0,0.0,0.0,0.0,18473,global,0.0
2,1,lr5e-05_bs16_drop0p4_temp2p0_a0p25_b0p05__wd1e-04trmiss0_degmodglobal,16,5e-05,0.0001,0.4,2.0,0.25,0.05,lr5e-05_bs16_drop0p4_temp2p0_a0p25_b0p05__wd1e-04trmiss0_degmodglobal,3,0.6635391414165497,0.6616380214691162,0.5777777777777777,0.728030303030303,0.7857142857142857,0.0,0.7605729699134827,0.6233935356140137,0.09313951432704926,0.3372148498892784,0.0,0.0,0.0,0.0,0.0,18473,global,0.0
2,1,lr5e-05_bs16_drop0p4_temp2p0_a0p25_b0p05__wd1e-04trmiss0_degmodglobal,16,5e-05,0.0001,0.4,2.0,0.25,0.05,lr5e-05_bs16_drop0p4_temp2p0_a0p25_b0p05__wd1e-04trmiss0_degmodglobal,4,0.7074934393167496,0.6663694381713867,0.5555555555555556,0.7113636363636364,0.7142857142857143,0.0,0.6924820095300674,0.6705346256494522,0.09367960132658482,0.27077803015708923,0.0,0.0,0.0,0.0,0.0,18473,global,0.0
2,1,lr5e-05_bs16_drop0p4_temp2p0_a0p25_b0p05__wd1e-04trmiss0_degmodglobal,16,5e-05,0.0001,0.4,2.0,0.25,0.05,lr5e-05_bs16_drop0p4_temp2p0_a0p25_b0p05__wd1e-04trmiss0_degmodglobal,5,0.6598929017782211,0.67063307762146,0.5555555555555556,0.7113636363636364,0.6428571428571429,0.0,0.6825060397386551,0.6315078884363174,0.07609338127076626,0.18723331205546856,0.0,0.0,0.0,0.0,0.0,18473,global,0.0
2,1,lr5e-05_bs16_drop0p4_temp2p0_a0p25_b0p05__wd1e-04trmiss0_degmodglobal,16,5e-05,0.0001,0.4,2.0,0.25,0.05,lr5e-05_bs16_drop0p4_temp2p0_a0p25_b0p05__wd1e-04trmiss0_degmodglobal,6,0.6737385988235474,0.6766278743743896,0.5555555555555556,0.7113636363636364,0.5,0.0,0.7282358855009079,0.6335344612598419,0.09863944910466671,0.31088580191135406,0.0,0.0,0.0,0.0,0.0,18473,global,0.0
2,1,lr5e-05_bs16_drop0p4_temp2p0_a0p25_b0p05__wd1e-04trmiss0_degmodglobal,16,5e-05,0.0001,0.4,2.0,0.25,0.05,lr5e-05_bs16_drop0p4_temp2p0_a0p25_b0p05__wd1e-04trmiss0_degmodglobal,7,0.6572639495134354,0.6816664338111877,0.5555555555555556,0.7216200466200466,0.5,0.0,0.7339234054088593,0.6187790632247925,0.09149259142577648,0.3122355751693249,0.0,0.0,0.0,0.0,0.0,18473,global,0.0
2,1,lr5e-05_bs16_drop0p4_temp2p0_a0p25_b0p05__wd1e-04trmiss0_degmodglobal,16,5e-05,0.0001,0.4,2.0,0.25,0.05,lr5e-05_bs16_drop0p4_temp2p0_a0p25_b0p05__wd1e-04trmiss0_degmodglobal,8,0.6558436304330826,0.6819509863853455,0.5111111111111111,0.7043040293040292,0.5,0.0,0.6724736243486404,0.6210756450891495,0.08789388835430145,0.2558905929327011,0.0,0.0,0.0,0.0,0.0,18473,global,0.0
2,1,lr5e-05_bs16_drop0p4_temp2p0_a0p25_b0p05__wd1e-04trmiss0_degmodglobal,16,5e-05,0.0001,0.4,2.0,0.25,0.05,lr5e-05_bs16_drop0p4_temp2p0_a0p25_b0p05__wd1e-04trmiss0_degmodglobal,9,0.6348012983798981,0.6775225400924683,0.5777777777777777,0.728030303030303,0.5,0.0,0.7262641340494156,0.5988256931304932,0.08045663870871067,0.31722909957170486,0.0,0.0,0.0,0.0,0.0,18473,global,0.0
2,1,lr5e-05_bs16_drop0p4_temp2p0_a0p25_b0p05__wd1e-04trmiss0_degmodglobal,16,5e-05,0.0001,0.4,2.0,0.25,0.05,lr5e-05_bs16_drop0p4_temp2p0_a0p25_b0p05__wd1e-04trmiss0_degmodglobal,10,0.6232089698314667,0.6749308705329895,0.5555555555555556,0.7174482924482926,0.5,0.0,0.7094466686248779,0.591607540845871,0.0821173470467329,0.2214420884847641,0.0,0.0,0.0,0.0,0.0,18473,global,0.0
2,1,lr5e-05_bs16_drop0p4_temp2p0_a0p25_b0p05__wd1e-04trmiss0_degmodglobal,16,5e-05,0.0001,0.4,2.0,0.25,0.05,lr5e-05_bs16_drop0p4_temp2p0_a0p25_b0p05__wd1e-04trmiss0_degmodglobal,11,0.627539798617363,0.6742321848869324,0.5777777777777777,0.728030303030303,0.5,0.0,0.6916580051183701,0.5904412418603897,0.09567373618483543,0.2636026628315449,0.0,0.0,0.0,0.0,0.0,18473,global,0.0
2,1,lr5e-05_bs16_drop0p4_temp2p0_a0p25_b0p05__wd1e-04trmiss0_degmodglobal,16,5e-05,0.0001,0.4,2.0,0.25,0.05,lr5e-05_bs16_drop0p4_temp2p0_a0p25_b0p05__wd1e-04trmiss0_degmodglobal,12,0.6445171982049942,0.6798924207687378,0.5111111111111111,0.6982193732193733,0.5,0.0,0.6821255385875702,0.618364542722702,0.06211737869307399,0.21246622130274773,0.0,0.0,0.0,0.0,0.0,18473,global,0.0
2,1,lr5e-05_bs16_drop0p4_temp2p0_a0p25_b0p05__wd1e-04trmiss0_degmodglobal,16,5e-05,0.0001,0.4,2.0,0.25,0.05,lr5e-05_bs16_drop0p4_temp2p0_a0p25_b0p05__wd1e-04trmiss0_degmodglobal,13,0.6418283730745316,0.6811174154281616,0.5333333333333333,0.70495337995338,0.5,0.0,0.6621969491243362,0.6033849120140076,0.09385121986269951,0.29961317405104637,0.0,0.0,0.0,0.0,0.0,18473,global,0.0
2,1,lr5e-05_bs16_drop0p4_temp2p0_a0p25_b0p05__wd1e-04trmiss0_degmodglobal,16,5e-05,0.0001,0.4,2.0,0.25,0.05,lr5e-05_bs16_drop0p4_temp2p0_a0p25_b0p05__wd1e-04trmiss0_degmodglobal,14,0.6065537333488464,0.6788941025733948,0.5333333333333333,0.70495337995338,0.5,0.0,0.6562431156635284,0.5754794925451279,0.07942903786897659,0.22433935478329659,0.0,0.0,0.0,0.0,0.0,18473,global,0.0
2,1,lr5e-05_bs16_drop0p4_temp2p0_a0p25_b0p05__wd1e-04trmiss0_degmodglobal,16,5e-05,0.0001,0.4,2.0,0.25,0.05,lr5e-05_bs16_drop0p4_temp2p0_a0p25_b0p05__wd1e-04trmiss0_degmodglobal,15,0.6395296305418015,0.6768530607223511,0.5555555555555556,0.7148740148740149,0.5,0.0,0.6867618262767792,0.5997936874628067,0.10086796060204506,0.29037921875715256,0.0,0.0,0.0,0.0,0.0,18473,global,0.0
2,1,lr5e-05_bs16_drop0p4_temp2p0_a0p25_b0p05__wd1e-04trmiss0_degmodglobal,16,5e-05,0.0001,0.4,2.0,0.25,0.05,lr5e-05_bs16_drop0p4_temp2p0_a0p25_b0p05__wd1e-04trmiss0_degmodglobal,16,0.6252924799919128,0.6770917177200317,0.5777777777777777,0.7212842712842713,0.5,0.0,0.662560448050499,0.5874412804841995,0.09153358824551105,0.2993558719754219,0.0,0.0,0.0,0.0,0.0,18473,global,0.0
2,1,lr5e-05_bs16_drop0p4_temp2p0_a0p25_b0p05__wd1e-04trmiss0_degmodglobal,16,5e-05,0.0001,0.4,2.0,0.25,0.05,lr5e-05_bs16_drop0p4_temp2p0_a0p25_b0p05__wd1e-04trmiss0_degmodglobal,17,0.6654233932495117,0.6791593432426453,0.5555555555555556,0.7148740148740149,0.5,0.0,0.6712548732757568,0.6194251477718353,0.11547733657062054,0.342578012496233,0.0,0.0,0.0,0.0,0.0,18473,global,0.0
2,1,lr5e-05_bs16_drop0p4_temp2p0_a0p25_b0p05__wd1e-04trmiss0_degmodglobal,16,5e-05,0.0001,0.4,2.0,0.25,0.05,lr5e-05_bs16_drop0p4_temp2p0_a0p25_b0p05__wd1e-04trmiss0_degmodglobal,18,0.6214838176965714,0.677722156047821,0.5777777777777777,0.7212842712842713,0.5,0.0,0.6487180292606354,0.5874058455228806,0.0824732850305736,0.26919289864599705,0.0,0.0,0.0,0.0,0.0,18473,global,0.0
2,1,lr5e-05_bs16_drop0p4_temp2p0_a0p25_b0p05__wd1e-04trmiss0_degmodglobal,16,5e-05,0.0001,0.4,2.0,0.25,0.05,lr5e-05_bs16_drop0p4_temp2p0_a0p25_b0p05__wd1e-04trmiss0_degmodglobal,19,0.6140957325696945,0.6786129474639893,0.5333333333333333,0.7081400081400082,0.5,0.0,0.6617541611194611,0.5902072787284851,0.058153136633336544,0.18700349144637585,0.0,0.0,0.0,0.0,0.0,18473,global,0.0
2,1,lr5e-05_bs16_drop0p4_temp2p0_a0p25_b0p05__wd1e-04trmiss0_degmodglobal,16,5e-05,0.0001,0.4,2.0,0.25,0.05,lr5e-05_bs16_drop0p4_temp2p0_a0p25_b0p05__wd1e-04trmiss0_degmodglobal,20,0.6231960356235504,0.6783434152603149,0.5777777777777777,0.7212842712842713,0.5,0.0,0.6939203888177872,0.5834697782993317,0.10197293385863304,0.2846606373786926,0.0,0.0,0.0,0.0,0.0,18473,global,0.0
2,1,lr5e-05_bs16_drop0p4_temp2p0_a0p25_b0p05__wd1e-04trmiss0_degmodglobal,16,5e-05,0.0001,0.4,2.0,0.25,0.05,lr5e-05_bs16_drop0p4_temp2p0_a0p25_b0p05__wd1e-04trmiss0_degmodglobal,21,0.6079929172992706,0.6787070035934448,0.6,0.7379509379509379,0.5,0.0,0.6281548142433167,0.5780188888311386,0.07427254505455494,0.22811796143651009,0.0,0.0,0.0,0.0,0.0,18473,global,0.0
2,1,lr5e-05_bs16_drop0p4_temp2p0_a0p25_b0p05__wd1e-04trmiss0_degmodglobal,16,5e-05,0.0001,0.4,2.0,0.25,0.05,lr5e-05_bs16_drop0p4_temp2p0_a0p25_b0p05__wd1e-04trmiss0_degmodglobal,22,0.6272605955600739,0.6756582856178284,0.6,0.7379509379509379,0.5,0.0,0.6381635218858719,0.585258960723877,0.10117489658296108,0.33415842056274414,0.0,0.0,0.0,0.0,0.0,18473,global,0.0
2,1,lr5e-05_bs16_drop0p4_temp2p0_a0p25_b0p05__wd1e-04trmiss0_degmodglobal,16,5e-05,0.0001,0.4,2.0,0.25,0.05,lr5e-05_bs16_drop0p4_temp2p0_a0p25_b0p05__wd1e-04trmiss0_degmodglobal,23,0.6015087366104126,0.6775985956192017,0.5777777777777777,0.7315406815406815,0.5,0.0,0.6401447653770447,0.5728615671396255,0.07282999716699123,0.208793668076396,0.0,0.0,0.0,0.0,0.0,18473,global,0.0
2,1,lr5e-05_bs16_drop0p4_temp2p0_a0p25_b0p05__wd1e-04trmiss0_degmodglobal,16,5e-05,0.0001,0.4,2.0,0.25,0.05,lr5e-05_bs16_drop0p4_temp2p0_a0p25_b0p05__wd1e-04trmiss0_degmodglobal,24,0.602049320936203,0.6778136491775513,0.6,0.7379509379509379,0.5,0.0,0.6142130941152573,0.5623574256896973,0.10230066627264023,0.28233449161052704,0.0,0.0,0.0,0.0,0.0,18473,global,0.0
2,1,lr5e-05_bs16_drop0p4_temp2p0_a0p25_b0p05__wd1e-04trmiss0_degmodglobal,16,5e-05,0.0001,0.4,2.0,0.25,0.05,lr5e-05_bs16_drop0p4_temp2p0_a0p25_b0p05__wd1e-04trmiss0_degmodglobal,25,0.6486201137304306,0.6777915358543396,0.5555555555555556,0.7148740148740149,0.5,0.0,0.6388479769229889,0.6221484988927841,0.06918996386229992,0.18348246440291405,0.0,0.0,0.0,0.0,0.0,18473,global,0.0
2,1,lr5e-05_bs16_drop0p4_temp2p0_a0p25_b0p05__wd1e-04trmiss0_degmodglobal,16,5e-05,0.0001,0.4,2.0,0.25,0.05,lr5e-05_bs16_drop0p4_temp2p0_a0p25_b0p05__wd1e-04trmiss0_degmodglobal,26,0.5779542028903961,0.6779236197471619,0.5777777777777777,0.7212842712842713,0.5,0.0,0.6346343457698822,0.5488656759262085,0.0684049567207694,0.23974592424929142,0.0,0.0,0.0,0.0,0.0,18473,global,0.0
2,1,lr5e-05_bs16_drop0p4_temp2p0_a0p25_b0p05__wd1e-04trmiss0_degmodglobal,16,5e-05,0.0001,0.4,2.0,0.25,0.05,lr5e-05_bs16_drop0p4_temp2p0_a0p25_b0p05__wd1e-04trmiss0_degmodglobal,27,0.5929687470197678,0.6774935126304626,0.5777777777777777,0.7212842712842713,0.5,0.0,0.673629030585289,0.5559556037187576,0.09633155167102814,0.2586049363017082,0.0,0.0,0.0,0.0,0.0,18473,global,0.0
2,1,lr5e-05_bs16_drop0p4_temp2p0_a0p25_b0p05__wd1e-04trmiss0_degmodglobal,16,5e-05,0.0001,0.4,2.0,0.25,0.05,lr5e-05_bs16_drop0p4_temp2p0_a0p25_b0p05__wd1e-04trmiss0_degmodglobal,28,0.629738375544548,0.6737126111984253,0.5777777777777777,0.7212842712842713,0.5,0.0,0.6593861877918243,0.5857150852680206,0.11465909145772457,0.3071705065667629,0.0,0.0,0.0,0.0,0.0,18473,global,0.0
2,1,lr5e-05_bs16_drop0p4_temp2p0_a0p25_b0p05__wd1e-04trmiss0_degmodglobal,16,5e-05,0.0001,0.4,2.0,0.25,0.05,lr5e-05_bs16_drop0p4_temp2p0_a0p25_b0p05__wd1e-04trmiss0_degmodglobal,29,0.6111295074224472,0.6735476851463318,0.5555555555555556,0.7148740148740149,0.5,0.0,0.6218267679214478,0.5779386311769485,0.09120534546673298,0.2077910676598549,0.0,0.0,0.0,0.0,0.0,18473,global,0.0
2,1,lr5e-05_bs16_drop0p4_temp2p0_a0p25_b0p05__wd1e-04trmiss0_degmodglobal,16,5e-05,0.0001,0.4,2.0,0.25,0.05,lr5e-05_bs16_drop0p4_temp2p0_a0p25_b0p05__wd1e-04trmiss0_degmodglobal,30,0.6384126096963882,0.6728290915489197,0.6,0.7379509379509379,0.5,0.0,0.5940810292959213,0.6053756326436996,0.07915238663554192,0.2649780288338661,0.0,0.0,0.0,0.0,0.0,18473,global,0.0
2,1,lr5e-05_bs16_drop0p4_temp2p0_a0p25_b0p05__wd1e-04trmiss0_degmodglobal,16,5e-05,0.0001,0.4,2.0,0.25,0.05,lr5e-05_bs16_drop0p4_temp2p0_a0p25_b0p05__wd1e-04trmiss0_degmodglobal,31,0.6142774224281311,0.674166738986969,0.5777777777777777,0.7212842712842713,0.5,0.0,0.5982459187507629,0.5745059251785278,0.09732597693800926,0.30879970639944077,0.0,0.0,0.0,0.0,0.0,18473,global,0.0
2,1,lr5e-05_bs16_drop0p4_temp2p0_a0p25_b0p05__wd1e-04trmiss0_degmodglobal,16,5e-05,0.0001,0.4,2.0,0.25,0.05,lr5e-05_bs16_drop0p4_temp2p0_a0p25_b0p05__wd1e-04trmiss0_degmodglobal,32,0.584805503487587,0.6750898957252502,0.6,0.7379509379509379,0.5,0.0,0.6153937578201294,0.5544537603855133,0.07972607482224703,0.2084042839705944,0.0,0.0,0.0,0.0,0.0,18473,global,0.0
2,1,lr5e-05_bs16_drop0p4_temp2p0_a0p25_b0p05__wd1e-04trmiss0_degmodglobal,16,5e-05,0.0001,0.4,2.0,0.25,0.05,lr5e-05_bs16_drop0p4_temp2p0_a0p25_b0p05__wd1e-04trmiss0_degmodglobal,33,0.6172055751085281,0.6767169833183289,0.5777777777777777,0.7212842712842713,0.5,0.0,0.5693489760160446,0.5830953419208527,0.0839927177876234,0.26224103569984436,0.0,0.0,0.0,0.0,0.0,18473,global,0.0
2,1,lr5e-05_bs16_drop0p4_temp2p0_a0p25_b0p05__wd1e-04trmiss0_degmodglobal,16,5e-05,0.0001,0.4,2.0,0.25,0.05,lr5e-05_bs16_drop0p4_temp2p0_a0p25_b0p05__wd1e-04trmiss0_degmodglobal,34,0.618097260594368,0.6787511706352234,0.6,0.7379509379509379,0.5,0.0,0.6477541625499725,0.583841010928154,0.08766238484531641,0.2468129638582468,0.0,0.0,0.0,0.0,0.0,18473,global,0.0
2,1,lr5e-05_bs16_drop0p4_temp2p0_a0p25_b0p05__wd1e-04trmiss0_degmodglobal,16,5e-05,0.0001,0.4,2.0,0.25,0.05,lr5e-05_bs16_drop0p4_temp2p0_a0p25_b0p05__wd1e-04trmiss0_degmodglobal,35,0.6101371645927429,0.6788198351860046,0.5777777777777777,0.7212842712842713,0.5,0.0,0.6117691844701767,0.5746638625860214,0.0853390172123909,0.28277118504047394,0.0,0.0,0.0,0.0,0.0,18473,global,0.0
2,1,lr5e-05_bs16_drop0p4_temp2p0_a0p25_b0p05__wd1e-04trmiss0_degmodglobal,16,5e-05,0.0001,0.4,2.0,0.25,0.05,lr5e-05_bs16_drop0p4_temp2p0_a0p25_b0p05__wd1e-04trmiss0_degmodglobal,36,0.5770789384841919,0.6773950457572937,0.5777777777777777,0.7212842712842713,0.5,0.0,0.6049000471830368,0.5484037399291992,0.07552726566791534,0.19586776942014694,0.0,0.0,0.0,0.0,0.0,18473,global,0.0
2,1,lr5e-05_bs16_drop0p4_temp2p0_a0p25_b0p05__wd1e-04trmiss0_degmodglobal,16,5e-05,0.0001,0.4,2.0,0.25,0.05,lr5e-05_bs16_drop0p4_temp2p0_a0p25_b0p05__wd1e-04trmiss0_degmodglobal,37,0.6106678992509842,0.6775104403495789,0.6,0.7379509379509379,0.5714285714285714,0.0,0.5961320847272873,0.5702641606330872,0.10200452245771885,0.2980521060526371,0.0,0.0,0.0,0.0,0.0,18473,global,0.0
2,1,lr5e-05_bs16_drop0p4_temp2p0_a0p25_b0p05__wd1e-04trmiss0_degmodglobal,16,5e-05,0.0001,0.4,2.0,0.25,0.05,lr5e-05_bs16_drop0p4_temp2p0_a0p25_b0p05__wd1e-04trmiss0_degmodglobal,38,0.6286817789077759,0.6790330410003662,0.5777777777777777,0.7212842712842713,0.5,0.0,0.585560530424118,0.5868875235319138,0.10241828486323357,0.3237934112548828,0.0,0.0,0.0,0.0,0.0,18473,global,0.0
2,1,lr5e-05_bs16_drop0p4_temp2p0_a0p25_b0p05__wd1e-04trmiss0_degmodglobal,16,5e-05,0.0001,0.4,2.0,0.25,0.05,lr5e-05_bs16_drop0p4_temp2p0_a0p25_b0p05__wd1e-04trmiss0_degmodglobal,39,0.6244337409734726,0.6780468225479126,0.5777777777777777,0.7212842712842713,0.5,0.0,0.6283633261919022,0.591307207942009,0.07932696491479874,0.26589590311050415,0.0,0.0,0.0,0.0,0.0,18473,global,0.0
2,1,lr5e-05_bs16_drop0p4_temp2p0_a0p25_b0p05__wd1e-04trmiss0_degmodglobal,16,5e-05,0.0001,0.4,2.0,0.25,0.05,lr5e-05_bs16_drop0p4_temp2p0_a0p25_b0p05__wd1e-04trmiss0_degmodglobal,40,0.6099241524934769,0.6737332940101624,0.6,0.7379509379509379,0.5,0.0,0.6363674253225327,0.5862362086772919,0.059271798469126225,0.17739975452423096,0.0,0.0,0.0,0.0,0.0,18473,global,0.0
2,1,lr5e-05_bs16_drop0p4_temp2p0_a0p25_b0p05__wd1e-04trmiss0_degmodglobal,16,5e-05,0.0001,0.4,2.0,0.25,0.05,lr5e-05_bs16_drop0p4_temp2p0_a0p25_b0p05__wd1e-04trmiss0_degmodglobal,41,0.6115532368421555,0.6734839081764221,0.6,0.7379509379509379,0.5,0.0,0.6172764003276825,0.5871571004390717,0.06419483572244644,0.16694926470518112,0.0,0.0,0.0,0.0,0.0,18473,global,0.0
2,1,lr5e-05_bs16_drop0p4_temp2p0_a0p25_b0p05__wd1e-04trmiss0_degmodglobal,16,5e-05,0.0001,0.4,2.0,0.25,0.05,lr5e-05_bs16_drop0p4_temp2p0_a0p25_b0p05__wd1e-04trmiss0_degmodglobal,42,0.6198200583457947,0.673107385635376,0.5777777777777777,0.7212842712842713,0.5,0.0,0.6659495681524277,0.5870152413845062,0.0774375218898058,0.2689087502658367,0.0,0.0,0.0,0.0,0.0,18473,global,0.0
2,1,lr5e-05_bs16_drop0p4_temp2p0_a0p25_b0p05__wd1e-04trmiss0_degmodglobal,16,5e-05,0.0001,0.4,2.0,0.25,0.05,lr5e-05_bs16_drop0p4_temp2p0_a0p25_b0p05__wd1e-04trmiss0_degmodglobal,43,0.5946072190999985,0.6729217767715454,0.6,0.7379509379509379,0.5,0.0,0.6360474675893784,0.558399885892868,0.08613798581063747,0.29345663264393806,0.0,0.0,0.0,0.0,0.0,18473,global,0.0
2,1,lr5e-05_bs16_drop0p4_temp2p0_a0p25_b0p05__wd1e-04trmiss0_degmodglobal,16,5e-05,0.0001,0.4,2.0,0.25,0.05,lr5e-05_bs16_drop0p4_temp2p0_a0p25_b0p05__wd1e-04trmiss0_degmodglobal,44,0.6074875742197037,0.675399661064148,0.6,0.7379509379509379,0.5,0.0,0.6623044162988663,0.5775588154792786,0.07832444459199905,0.20695294439792633,0.0,0.0,0.0,0.0,0.0,18473,global,0.0
2,1,lr5e-05_bs16_drop0p4_temp2p0_a0p25_b0p05__wd1e-04trmiss0_degmodglobal,16,5e-05,0.0001,0.4,2.0,0.25,0.05,lr5e-05_bs16_drop0p4_temp2p0_a0p25_b0p05__wd1e-04trmiss0_degmodglobal,45,0.6009818762540817,0.677021861076355,0.6,0.7379509379509379,0.5,0.0,0.5974665731191635,0.5681574642658234,0.08351794071495533,0.23889849707484245,0.0,0.0,0.0,0.0,0.0,18473,global,0.0
2,1,lr5e-05_bs16_drop0p4_temp2p0_a0p25_b0p05__wd1e-04trmiss0_degmodglobal,16,5e-05,0.0001,0.4,2.0,0.25,0.05,lr5e-05_bs16_drop0p4_temp2p0_a0p25_b0p05__wd1e-04trmiss0_degmodglobal,46,0.611506000161171,0.6759386658668518,0.5777777777777777,0.7212842712842713,0.5,0.0,0.5873256921768188,0.579695001244545,0.08150029741227627,0.2287182817235589,0.0,0.0,0.0,0.0,0.0,18473,global,0.0
2,1,lr5e-05_bs16_drop0p4_temp2p0_a0p25_b0p05__wd1e-04trmiss0_degmodglobal,16,5e-05,0.0001,0.4,2.0,0.25,0.05,lr5e-05_bs16_drop0p4_temp2p0_a0p25_b0p05__wd1e-04trmiss0_degmodglobal,47,0.5801327377557755,0.6763323545455933,0.5777777777777777,0.7212842712842713,0.5,0.0,0.6432989984750748,0.547857940196991,0.07795832306146622,0.25570427998900414,0.0,0.0,0.0,0.0,0.0,18473,global,0.0
2,1,lr5e-05_bs16_drop0p4_temp2p0_a0p25_b0p05__wd1e-04trmiss0_degmodglobal,16,5e-05,0.0001,0.4,2.0,0.25,0.05,lr5e-05_bs16_drop0p4_temp2p0_a0p25_b0p05__wd1e-04trmiss0_degmodglobal,48,0.6407505869865417,0.6773620247840881,0.5777777777777777,0.7212842712842713,0.5,0.0,0.6605358421802521,0.612566202878952,0.07522963732481003,0.18753957375884056,0.0,0.0,0.0,0.0,0.0,18473,global,0.0
2,1,lr5e-05_bs16_drop0p4_temp2p0_a0p25_b0p05__wd1e-04trmiss0_degmodglobal,16,5e-05,0.0001,0.4,2.0,0.25,0.05,lr5e-05_bs16_drop0p4_temp2p0_a0p25_b0p05__wd1e-04trmiss0_degmodglobal,49,0.6514775902032852,0.6793097257614136,0.5777777777777777,0.7212842712842713,0.5714285714285714,0.0,0.6364022344350815,0.6119572073221207,0.1085326261818409,0.247744832187891,0.0,0.0,0.0,0.0,0.0,18473,global,0.0
2,1,lr5e-05_bs16_drop0p4_temp2p0_a0p25_b0p05__wd1e-04trmiss0_degmodglobal,16,5e-05,0.0001,0.4,2.0,0.25,0.05,lr5e-05_bs16_drop0p4_temp2p0_a0p25_b0p05__wd1e-04trmiss0_degmodglobal,50,0.6114961802959442,0.6820333003997803,0.5777777777777777,0.7212842712842713,0.5714285714285714,0.0,0.6440863013267517,0.5710454434156418,0.11192026175558567,0.2494136020541191,0.0,0.0,0.0,0.0,0.0,18473,global,0.0
2,1,lr1e-05_bs16_drop0p2_temp1p0_a0p25_b0p05__wd1e-04trmiss0_degmodglobal,16,1e-05,0.0001,0.2,1.0,0.25,0.05,lr1e-05_bs16_drop0p2_temp1p0_a0p25_b0p05__wd1e-04trmiss0_degmodglobal,1,0.6972279697656631,0.6790453195571899,0.4222222222222222,0.7018697352030685,0.5714285714285714,0.0,0.705371081829071,0.6774592697620392,0.05359192565083504,0.127414433285594,0.0,0.0,0.0,0.0,0.0,18473,global,0.0
2,1,lr1e-05_bs16_drop0p2_temp1p0_a0p25_b0p05__wd1e-04trmiss0_degmodglobal,16,1e-05,0.0001,0.2,1.0,0.25,0.05,lr1e-05_bs16_drop0p2_temp1p0_a0p25_b0p05__wd1e-04trmiss0_degmodglobal,2,0.6695984750986099,0.6848552227020264,0.3555555555555555,0.6404219237552571,0.5714285714285714,0.0,0.6877793371677399,0.6541133224964142,0.0405224715359509,0.10709070600569248,0.0,0.0,0.0,0.0,0.0,18473,global,0.0
2,1,lr1e-05_bs16_drop0p2_temp1p0_a0p25_b0p05__wd1e-04trmiss0_degmodglobal,16,1e-05,0.0001,0.2,1.0,0.25,0.05,lr1e-05_bs16_drop0p2_temp1p0_a0p25_b0p05__wd1e-04trmiss0_degmodglobal,3,0.6902933418750763,0.688079297542572,0.4,0.6959774793108127,0.5,0.0,0.72159044444561,0.6684841513633728,0.05302133783698082,0.1710766889154911,0.0,0.0,0.0,0.0,0.0,18473,global,0.0
2,1,lr1e-05_bs16_drop0p2_temp1p0_a0p25_b0p05__wd1e-04trmiss0_degmodglobal,16,1e-05,0.0001,0.2,1.0,0.25,0.05,lr1e-05_bs16_drop0p2_temp1p0_a0p25_b0p05__wd1e-04trmiss0_degmodglobal,4,0.6504724025726318,0.6922022104263306,0.37777777777777777,0.6853954687288022,0.5,0.0,0.6885808855295181,0.6350052654743195,0.04096497502177954,0.1045172680169344,0.0,0.0,0.0,0.0,0.0,18473,global,0.0
2,1,lr1e-05_bs16_drop0p2_temp1p0_a0p25_b0p05__wd1e-04trmiss0_degmodglobal,16,1e-05,0.0001,0.2,1.0,0.25,0.05,lr1e-05_bs16_drop0p2_temp1p0_a0p25_b0p05__wd1e-04trmiss0_degmodglobal,5,0.6503248661756516,0.6922438740730286,0.37777777777777777,0.6589404422737757,0.5,0.0,0.6950294524431229,0.6318923681974411,0.047938412986695766,0.12895739823579788,0.0,0.0,0.0,0.0,0.0,18473,global,0.0
2,1,lr1e-05_bs16_drop0p2_temp1p0_a0p25_b0p05__wd1e-04trmiss0_degmodglobal,16,1e-05,0.0001,0.2,1.0,0.25,0.05,lr1e-05_bs16_drop0p2_temp1p0_a0p25_b0p05__wd1e-04trmiss0_degmodglobal,6,0.6972704976797104,0.6920150518417358,0.37777777777777777,0.6589404422737757,0.5,0.0,0.6964011341333389,0.6820531636476517,0.0432395851239562,0.08814856875687838,0.0,0.0,0.0,0.0,0.0,18473,global,0.0
2,1,lr1e-05_bs16_drop0p2_temp1p0_a0p25_b0p05__wd1e-04trmiss0_degmodglobal,16,1e-05,0.0001,0.2,1.0,0.25,0.05,lr1e-05_bs16_drop0p2_temp1p0_a0p25_b0p05__wd1e-04trmiss0_degmodglobal,7,0.673836350440979,0.6952711939811707,0.3555555555555555,0.6404219237552571,0.5,0.0,0.6829245239496231,0.6559702157974243,0.051622956059873104,0.09920753166079521,0.0,0.0,0.0,0.0,0.0,18473,global,0.0
2,1,lr1e-05_bs16_drop0p2_temp1p0_a0p25_b0p05__wd1e-04trmiss0_degmodglobal,16,1e-05,0.0001,0.2,1.0,0.25,0.05,lr1e-05_bs16_drop0p2_temp1p0_a0p25_b0p05__wd1e-04trmiss0_degmodglobal,8,0.6926327496767044,0.6918188333511353,0.37777777777777777,0.6481379731379731,0.5,0.0,0.6937540918588638,0.6769484877586365,0.043032280169427395,0.09852361958473921,0.0,0.0,0.0,0.0,0.0,18473,global,0.0
2,1,lr1e-05_bs16_drop0p2_temp1p0_a0p25_b0p05__wd1e-04trmiss0_degmodglobal,16,1e-05,0.0001,0.2,1.0,0.25,0.05,lr1e-05_bs16_drop0p2_temp1p0_a0p25_b0p05__wd1e-04trmiss0_degmodglobal,9,0.6329603791236877,0.6931155920028687,0.39999999999999997,0.6666564916564917,0.5,0.0,0.6789903789758682,0.6129867136478424,0.05281347408890724,0.1354058552533388,0.0,0.0,0.0,0.0,0.0,18473,global,0.0
2,1,lr1e-05_bs16_drop0p2_temp1p0_a0p25_b0p05__wd1e-04trmiss0_degmodglobal,16,1e-05,0.0001,0.2,1.0,0.25,0.05,lr1e-05_bs16_drop0p2_temp1p0_a0p25_b0p05__wd1e-04trmiss0_degmodglobal,10,0.6454205214977264,0.6953608989715576,0.37777777777777777,0.6589404422737757,0.5,0.0,0.6727684289216995,0.6335545480251312,0.03564813593402505,0.05907886382192373,0.0,0.0,0.0,0.0,0.0,18473,global,0.0
2,1,lr1e-05_bs16_drop0p2_temp1p0_a0p25_b0p05__wd1e-04trmiss0_degmodglobal,16,1e-05,0.0001,0.2,1.0,0.25,0.05,lr1e-05_bs16_drop0p2_temp1p0_a0p25_b0p05__wd1e-04trmiss0_degmodglobal,11,0.6539634317159653,0.6953145861625671,0.3555555555555555,0.6420773670773672,0.5,0.0,0.6596858501434326,0.64080810546875,0.03465115139260888,0.08985045365989208,0.0,0.0,0.0,0.0,0.0,18473,global,0.0
2,1,lr1e-05_bs16_drop0p2_temp1p0_a0p25_b0p05__wd1e-04trmiss0_degmodglobal,16,1e-05,0.0001,0.2,1.0,0.25,0.05,lr1e-05_bs16_drop0p2_temp1p0_a0p25_b0p05__wd1e-04trmiss0_degmodglobal,12,0.6519463658332825,0.6955029368400574,0.39999999999999997,0.6666564916564917,0.5,0.0,0.6550268679857254,0.636164516210556,0.04439610801637173,0.09365644352510571,0.0,0.0,0.0,0.0,0.0,18473,global,0.0
2,1,lr1e-05_bs16_drop0p2_temp1p0_a0p25_b0p05__wd1e-04trmiss0_degmodglobal,16,1e-05,0.0001,0.2,1.0,0.25,0.05,lr1e-05_bs16_drop0p2_temp1p0_a0p25_b0p05__wd1e-04trmiss0_degmodglobal,13,0.6661242842674255,0.6970543265342712,0.4,0.6772625522625524,0.5,0.0,0.6394308507442474,0.6451435983181,0.051194909028708935,0.16363958083093166,0.0,0.0,0.0,0.0,0.0,18473,global,0.0
2,1,lr1e-05_bs16_drop0p2_temp1p0_a0p25_b0p05__wd1e-04trmiss0_degmodglobal,16,1e-05,0.0001,0.2,1.0,0.25,0.05,lr1e-05_bs16_drop0p2_temp1p0_a0p25_b0p05__wd1e-04trmiss0_degmodglobal,14,0.6445600539445877,0.6935160756111145,0.4222222222222222,0.6833231583231583,0.5,0.0,0.6406850218772888,0.6229376941919327,0.058210098184645176,0.14139680564403534,0.0,0.0,0.0,0.0,0.0,18473,global,0.0
2,1,lr1e-05_bs16_drop0p2_temp1p0_a0p25_b0p05__wd1e-04trmiss0_degmodglobal,16,1e-05,0.0001,0.2,1.0,0.25,0.05,lr1e-05_bs16_drop0p2_temp1p0_a0p25_b0p05__wd1e-04trmiss0_degmodglobal,15,0.6602437794208527,0.6913776993751526,0.39999999999999997,0.6666564916564917,0.5,0.0,0.6017992496490479,0.6398256123065948,0.05192548641934991,0.14873573277145624,0.0,0.0,0.0,0.0,0.0,18473,global,0.0
2,1,lr1e-05_bs16_drop0p2_temp1p0_a0p25_b0p05__wd1e-04trmiss0_degmodglobal,16,1e-05,0.0001,0.2,1.0,0.25,0.05,lr1e-05_bs16_drop0p2_temp1p0_a0p25_b0p05__wd1e-04trmiss0_degmodglobal,16,0.6488608121871948,0.6917351484298706,0.4222222222222222,0.6833231583231583,0.5,0.0,0.6687642186880112,0.6312232911586761,0.04582669120281935,0.12361740879714489,0.0,0.0,0.0,0.0,0.0,18473,global,0.0
2,1,lr1e-05_bs16_drop0p2_temp1p0_a0p25_b0p05__wd1e-04trmiss0_degmodglobal,16,1e-05,0.0001,0.2,1.0,0.25,0.05,lr1e-05_bs16_drop0p2_temp1p0_a0p25_b0p05__wd1e-04trmiss0_degmodglobal,17,0.671150729060173,0.6932726502418518,0.4,0.6772625522625524,0.5,0.0,0.6609480828046799,0.6563287675380707,0.040023621171712875,0.09632084518671036,0.0,0.0,0.0,0.0,0.0,18473,global,0.0
2,1,lr1e-05_bs16_drop0p2_temp1p0_a0p25_b0p05__wd1e-04trmiss0_degmodglobal,16,1e-05,0.0001,0.2,1.0,0.25,0.05,lr1e-05_bs16_drop0p2_temp1p0_a0p25_b0p05__wd1e-04trmiss0_degmodglobal,18,0.6801970303058624,0.6936967372894287,0.4,0.6772625522625524,0.5,0.0,0.6415917128324509,0.665081262588501,0.04280577041208744,0.08828646223992109,0.0,0.0,0.0,0.0,0.0,18473,global,0.0
2,1,lr1e-05_bs16_drop0p2_temp1p0_a0p25_b0p05__wd1e-04trmiss0_degmodglobal,16,1e-05,0.0001,0.2,1.0,0.25,0.05,lr1e-05_bs16_drop0p2_temp1p0_a0p25_b0p05__wd1e-04trmiss0_degmodglobal,19,0.6479904353618622,0.6919620037078857,0.4222222222222222,0.6833231583231583,0.5,0.0,0.6259150952100754,0.6327265053987503,0.04349047690629959,0.08782625244930387,0.0,0.0,0.0,0.0,0.0,18473,global,0.0
2,1,lr1e-05_bs16_drop0p2_temp1p0_a0p25_b0p05__wd1e-04trmiss0_degmodglobal,16,1e-05,0.0001,0.2,1.0,0.25,0.05,lr1e-05_bs16_drop0p2_temp1p0_a0p25_b0p05__wd1e-04trmiss0_degmodglobal,20,0.6092378944158554,0.6933282017707825,0.39999999999999997,0.6666564916564917,0.5,0.0,0.6179529428482056,0.5898718684911728,0.05077345855534077,0.13345328532159328,0.0,0.0,0.0,0.0,0.0,18473,global,0.0
2,1,lr1e-05_bs16_drop0p2_temp1p0_a0p25_b0p05__wd1e-04trmiss0_degmodglobal,16,1e-05,0.0001,0.2,1.0,0.25,0.05,lr1e-05_bs16_drop0p2_temp1p0_a0p25_b0p05__wd1e-04trmiss0_degmodglobal,21,0.6338673830032349,0.6936655640602112,0.4,0.6727411477411478,0.5,0.0,0.6270159780979156,0.6173300743103027,0.045351240783929825,0.1039896011352539,0.0,0.0,0.0,0.0,0.0,18473,global,0.0
2,1,lr1e-05_bs16_drop0p2_temp1p0_a0p25_b0p05__wd1e-04trmiss0_degmodglobal,16,1e-05,0.0001,0.2,1.0,0.25,0.05,lr1e-05_bs16_drop0p2_temp1p0_a0p25_b0p05__wd1e-04trmiss0_degmodglobal,22,0.6250630766153336,0.6924254894256592,0.39999999999999997,0.6666564916564917,0.5,0.0,0.6250017732381821,0.6078250557184219,0.047851004637777805,0.10550521314144135,0.0,0.0,0.0,0.0,0.0,18473,global,0.0
2,1,lr1e-05_bs16_drop0p2_temp1p0_a0p25_b0p05__wd1e-04trmiss0_degmodglobal,16,1e-05,0.0001,0.2,1.0,0.25,0.05,lr1e-05_bs16_drop0p2_temp1p0_a0p25_b0p05__wd1e-04trmiss0_degmodglobal,23,0.6130905896425247,0.6939641833305359,0.37777777777777777,0.6589404422737757,0.5,0.0,0.5983785688877106,0.595923125743866,0.04802493704482913,0.1032247468829155,0.0,0.0,0.0,0.0,0.0,18473,global,0.0
2,1,lr1e-05_bs16_drop0p2_temp1p0_a0p25_b0p05__wd1e-04trmiss0_degmodglobal,16,1e-05,0.0001,0.2,1.0,0.25,0.05,lr1e-05_bs16_drop0p2_temp1p0_a0p25_b0p05__wd1e-04trmiss0_degmodglobal,24,0.6354603916406631,0.6928517818450928,0.39999999999999997,0.6666564916564917,0.5,0.0,0.6020945906639099,0.6136976331472397,0.06145360041409731,0.12798713892698288,0.0,0.0,0.0,0.0,0.0,18473,global,0.0
2,1,lr1e-05_bs16_drop0p2_temp1p0_a0p25_b0p05__wd1e-04trmiss0_degmodglobal,16,1e-05,0.0001,0.2,1.0,0.25,0.05,lr1e-05_bs16_drop0p2_temp1p0_a0p25_b0p05__wd1e-04trmiss0_degmodglobal,25,0.6416432857513428,0.6913006901741028,0.39999999999999997,0.6666564916564917,0.5,0.0,0.61164391040802,0.6259700655937195,0.0431771338917315,0.09757854603230953,0.0,0.0,0.0,0.0,0.0,18473,global,0.0
2,1,lr1e-05_bs16_drop0p2_temp1p0_a0p25_b0p05__wd1e-04trmiss0_degmodglobal,16,1e-05,0.0001,0.2,1.0,0.25,0.05,lr1e-05_bs16_drop0p2_temp1p0_a0p25_b0p05__wd1e-04trmiss0_degmodglobal,26,0.6466915458440781,0.6937368512153625,0.39999999999999997,0.6666564916564917,0.5,0.0,0.60063536465168,0.6277626901865005,0.05095479637384415,0.12380279414355755,0.0,0.0,0.0,0.0,0.0,18473,global,0.0
2,1,lr1e-05_bs16_drop0p2_temp1p0_a0p25_b0p05__wd1e-04trmiss0_degmodglobal,16,1e-05,0.0001,0.2,1.0,0.25,0.05,lr1e-05_bs16_drop0p2_temp1p0_a0p25_b0p05__wd1e-04trmiss0_degmodglobal,27,0.6505095362663269,0.6970077753067017,0.37777777777777777,0.6589404422737757,0.5,0.0,0.6189818382263184,0.6353678703308105,0.04301565978676081,0.0877551818266511,0.0,0.0,0.0,0.0,0.0,18473,global,0.0
2,1,lr1e-05_bs16_drop0p2_temp1p0_a0p25_b0p05__wd1e-04trmiss0_degmodglobal,16,1e-05,0.0001,0.2,1.0,0.25,0.05,lr1e-05_bs16_drop0p2_temp1p0_a0p25_b0p05__wd1e-04trmiss0_degmodglobal,28,0.6401069313287735,0.6962341666221619,0.4222222222222222,0.6833231583231583,0.5,0.0,0.6355789005756378,0.6211708933115005,0.05192401446402073,0.11910023726522923,0.0,0.0,0.0,0.0,0.0,18473,global,0.0
2,1,lr1e-05_bs16_drop0p2_temp1p0_a0p25_b0p05__wd1e-04trmiss0_degmodglobal,16,1e-05,0.0001,0.2,1.0,0.25,0.05,lr1e-05_bs16_drop0p2_temp1p0_a0p25_b0p05__wd1e-04trmiss0_degmodglobal,29,0.6388529688119888,0.69315505027771,0.4222222222222222,0.6833231583231583,0.5,0.0,0.6148839592933655,0.6226193904876709,0.04588331747800112,0.09525518864393234,0.0,0.0,0.0,0.0,0.0,18473,global,0.0
2,1,lr1e-05_bs16_drop0p2_temp1p0_a0p25_b0p05__wd1e-04trmiss0_degmodglobal,16,1e-05,0.0001,0.2,1.0,0.25,0.05,lr1e-05_bs16_drop0p2_temp1p0_a0p25_b0p05__wd1e-04trmiss0_degmodglobal,30,0.6330718845129013,0.6945769190788269,0.4,0.6727411477411478,0.5,0.0,0.6194148510694504,0.6107560694217682,0.057519917376339436,0.1587169487029314,0.0,0.0,0.0,0.0,0.0,18473,global,0.0
2,1,lr1e-05_bs16_drop0p2_temp1p0_a0p25_b0p05__wd1e-04trmiss0_degmodglobal,16,1e-05,0.0001,0.2,1.0,0.25,0.05,lr1e-05_bs16_drop0p2_temp1p0_a0p25_b0p05__wd1e-04trmiss0_degmodglobal,31,0.629255011677742,0.6927939057350159,0.42222222222222217,0.674063899063899,0.5,0.0,0.5788455754518509,0.6105713248252869,0.051500240340828896,0.11617234721779823,0.0,0.0,0.0,0.0,0.0,18473,global,0.0
2,1,lr1e-05_bs16_drop0p2_temp1p0_a0p25_b0p05__wd1e-04trmiss0_degmodglobal,16,1e-05,0.0001,0.2,1.0,0.25,0.05,lr1e-05_bs16_drop0p2_temp1p0_a0p25_b0p05__wd1e-04trmiss0_degmodglobal,32,0.6530187577009201,0.6949884295463562,0.39999999999999997,0.6666564916564917,0.5,0.0,0.6393135786056519,0.6351599097251892,0.049938484095036983,0.10748408082872629,0.0,0.0,0.0,0.0,0.0,18473,global,0.0
2,1,lr1e-05_bs16_drop0p2_temp1p0_a0p25_b0p05__wd1e-04trmiss0_degmodglobal,16,1e-05,0.0001,0.2,1.0,0.25,0.05,lr1e-05_bs16_drop0p2_temp1p0_a0p25_b0p05__wd1e-04trmiss0_degmodglobal,33,0.6620108485221863,0.6958416700363159,0.37777777777777777,0.6605958855958856,0.5,0.0,0.6109106242656708,0.6429398953914642,0.05279857013374567,0.11742604337632656,0.0,0.0,0.0,0.0,0.0,18473,global,0.0
2,1,lr1e-05_bs16_drop0p2_temp1p0_a0p25_b0p05__wd1e-04trmiss0_degmodglobal,16,1e-05,0.0001,0.2,1.0,0.25,0.05,lr1e-05_bs16_drop0p2_temp1p0_a0p25_b0p05__wd1e-04trmiss0_degmodglobal,34,0.6153833270072937,0.6943284869194031,0.39999999999999997,0.6666564916564917,0.5,0.0,0.5845205634832382,0.5960583686828613,0.05061764782294631,0.13341102004051208,0.0,0.0,0.0,0.0,0.0,18473,global,0.0
2,1,lr1e-05_bs16_drop0p2_temp1p0_a0p25_b0p05__wd1e-04trmiss0_degmodglobal,16,1e-05,0.0001,0.2,1.0,0.25,0.05,lr1e-05_bs16_drop0p2_temp1p0_a0p25_b0p05__wd1e-04trmiss0_degmodglobal,35,0.6208726763725281,0.6933581829071045,0.37777777777777777,0.6481379731379731,0.5,0.0,0.5956165641546249,0.6048701107501984,0.04496289975941181,0.09523673076182604,0.0,0.0,0.0,0.0,0.0,18473,global,0.0
2,1,lr1e-05_bs16_drop0p2_temp1p0_a0p25_b0p05__wd1e-04trmiss0_degmodglobal,16,1e-05,0.0001,0.2,1.0,0.25,0.05,lr1e-05_bs16_drop0p2_temp1p0_a0p25_b0p05__wd1e-04trmiss0_degmodglobal,36,0.6439602822065353,0.6947740912437439,0.39999999999999997,0.6666564916564917,0.5,0.0,0.5831025689840317,0.625033974647522,0.050687541253864765,0.1250883722677827,0.0,0.0,0.0,0.0,0.0,18473,global,0.0
2,1,lr1e-05_bs16_drop0p2_temp2p0_a0p25_b0p05__wd1e-04trmiss0_degmodglobal,16,1e-05,0.0001,0.2,2.0,0.25,0.05,lr1e-05_bs16_drop0p2_temp2p0_a0p25_b0p05__wd1e-04trmiss0_degmodglobal,1,0.7021953016519547,0.6746536493301392,0.6,0.8327339327339327,0.5,0.0,0.7157784253358841,0.6867933422327042,0.035712468437850475,0.12947695329785347,0.0,0.0,0.0,0.0,0.0,18473,global,0.0
2,1,lr1e-05_bs16_drop0p2_temp2p0_a0p25_b0p05__wd1e-04trmiss0_degmodglobal,16,1e-05,0.0001,0.2,2.0,0.25,0.05,lr1e-05_bs16_drop0p2_temp2p0_a0p25_b0p05__wd1e-04trmiss0_degmodglobal,2,0.6940358430147171,0.6732893586158752,0.6222222222222222,0.8384319384319385,0.6428571428571429,0.0,0.7034874111413956,0.6752497404813766,0.04424706660211086,0.15448665246367455,0.0,0.0,0.0,0.0,0.0,18473,global,0.0
2,1,lr1e-05_bs16_drop0p2_temp2p0_a0p25_b0p05__wd1e-04trmiss0_degmodglobal,16,1e-05,0.0001,0.2,2.0,0.25,0.05,lr1e-05_bs16_drop0p2_temp2p0_a0p25_b0p05__wd1e-04trmiss0_degmodglobal,3,0.6946302652359009,0.67216956615448,0.6444444444444444,0.843926443926444,0.6428571428571429,0.0,0.6858759075403214,0.676769495010376,0.0415294636040926,0.14956790953874588,0.0,0.0,0.0,0.0,0.0,18473,global,0.0
2,1,lr1e-05_bs16_drop0p2_temp2p0_a0p25_b0p05__wd1e-04trmiss0_degmodglobal,16,1e-05,0.0001,0.2,2.0,0.25,0.05,lr1e-05_bs16_drop0p2_temp2p0_a0p25_b0p05__wd1e-04trmiss0_degmodglobal,4,0.6632596552371979,0.6699346303939819,0.6,0.8096671846671848,0.6428571428571429,0.0,0.6931252926588058,0.645746111869812,0.04044497851282358,0.14804569259285927,0.0,0.0,0.0,0.0,0.0,18473,global,0.0
2,1,lr1e-05_bs16_drop0p2_temp2p0_a0p25_b0p05__wd1e-04trmiss0_degmodglobal,16,1e-05,0.0001,0.2,2.0,0.25,0.05,lr1e-05_bs16_drop0p2_temp2p0_a0p25_b0p05__wd1e-04trmiss0_degmodglobal,5,0.6767027974128723,0.668351948261261,0.6222222222222222,0.8167378917378918,0.6428571428571429,0.0,0.6655898094177246,0.6615818589925766,0.03332589287310839,0.13578935712575912,0.0,0.0,0.0,0.0,0.0,18473,global,0.0
2,1,lr1e-05_bs16_drop0p2_temp2p0_a0p25_b0p05__wd1e-04trmiss0_degmodglobal,16,1e-05,0.0001,0.2,2.0,0.25,0.05,lr1e-05_bs16_drop0p2_temp2p0_a0p25_b0p05__wd1e-04trmiss0_degmodglobal,6,0.6818265318870544,0.6686273217201233,0.711111111111111,0.8610500610500613,0.6428571428571429,0.0,0.6658760756254196,0.6620340198278427,0.04194018803536892,0.1861495841294527,0.0,0.0,0.0,0.0,0.0,18473,global,0.0
2,1,lr1e-05_bs16_drop0p2_temp2p0_a0p25_b0p05__wd1e-04trmiss0_degmodglobal,16,1e-05,0.0001,0.2,2.0,0.25,0.05,lr1e-05_bs16_drop0p2_temp2p0_a0p25_b0p05__wd1e-04trmiss0_degmodglobal,7,0.6943398863077164,0.6680300235748291,0.5777777777777777,0.7876882376882377,0.6428571428571429,0.0,0.6599345952272415,0.6775203347206116,0.038446673192083836,0.1441571991890669,0.0,0.0,0.0,0.0,0.0,18473,global,0.0
2,1,lr1e-05_bs16_drop0p2_temp2p0_a0p25_b0p05__wd1e-04trmiss0_degmodglobal,16,1e-05,0.0001,0.2,2.0,0.25,0.05,lr1e-05_bs16_drop0p2_temp2p0_a0p25_b0p05__wd1e-04trmiss0_degmodglobal,8,0.6728370040655136,0.6664671897888184,0.6,0.8025030525030525,0.6428571428571429,0.0,0.6582621335983276,0.6538861095905304,0.04824431147426367,0.13779630698263645,0.0,0.0,0.0,0.0,0.0,18473,global,0.0
2,1,lr1e-05_bs16_drop0p2_temp2p0_a0p25_b0p05__wd1e-04trmiss0_degmodglobal,16,1e-05,0.0001,0.2,2.0,0.25,0.05,lr1e-05_bs16_drop0p2_temp2p0_a0p25_b0p05__wd1e-04trmiss0_degmodglobal,9,0.6590312272310257,0.6638042330741882,0.6,0.8025030525030525,0.6428571428571429,0.0,0.6574248820543289,0.6440942585468292,0.03539287252351642,0.1217750832438469,0.0,0.0,0.0,0.0,0.0,18473,global,0.0
2,1,lr1e-05_bs16_drop0p2_temp2p0_a0p25_b0p05__wd1e-04trmiss0_degmodglobal,16,1e-05,0.0001,0.2,2.0,0.25,0.05,lr1e-05_bs16_drop0p2_temp2p0_a0p25_b0p05__wd1e-04trmiss0_degmodglobal,10,0.709031268954277,0.6626780033111572,0.6,0.8025030525030525,0.6428571428571429,0.0,0.6653130203485489,0.6917928755283356,0.040610060561448336,0.14171769097447395,0.0,0.0,0.0,0.0,0.0,18473,global,0.0
2,1,lr1e-05_bs16_drop0p2_temp2p0_a0p25_b0p05__wd1e-04trmiss0_degmodglobal,16,1e-05,0.0001,0.2,2.0,0.25,0.05,lr1e-05_bs16_drop0p2_temp2p0_a0p25_b0p05__wd1e-04trmiss0_degmodglobal,11,0.6709491312503815,0.6626777052879333,0.5777777777777777,0.7876882376882377,0.6428571428571429,0.0,0.6670246571302414,0.6515200287103653,0.04451907239854336,0.16598653979599476,0.0,0.0,0.0,0.0,0.0,18473,global,0.0
2,1,lr1e-05_bs16_drop0p2_temp2p0_a0p25_b0p05__wd1e-04trmiss0_degmodglobal,16,1e-05,0.0001,0.2,2.0,0.25,0.05,lr1e-05_bs16_drop0p2_temp2p0_a0p25_b0p05__wd1e-04trmiss0_degmodglobal,12,0.6706555336713791,0.6623023152351379,0.6,0.8025030525030525,0.6428571428571429,0.0,0.6506021022796631,0.6538219600915909,0.03798670880496502,0.14673796156421304,0.0,0.0,0.0,0.0,0.0,18473,global,0.0
2,1,lr1e-05_bs16_drop0p2_temp2p0_a0p25_b0p05__wd1e-04trmiss0_degmodglobal,16,1e-05,0.0001,0.2,2.0,0.25,0.05,lr1e-05_bs16_drop0p2_temp2p0_a0p25_b0p05__wd1e-04trmiss0_degmodglobal,13,0.6665518879890442,0.6640633344650269,0.5777777777777777,0.7747252747252749,0.5714285714285714,0.0,0.6637721806764603,0.6478297412395477,0.046802946366369724,0.14042804017663002,0.0,0.0,0.0,0.0,0.0,18473,global,0.0
2,1,lr1e-05_bs16_drop0p2_temp2p0_a0p25_b0p05__wd1e-04trmiss0_degmodglobal,16,1e-05,0.0001,0.2,2.0,0.25,0.05,lr1e-05_bs16_drop0p2_temp2p0_a0p25_b0p05__wd1e-04trmiss0_degmodglobal,14,0.6623523235321045,0.6642696857452393,0.5777777777777777,0.7747252747252749,0.5714285714285714,0.0,0.6463885754346848,0.6398905962705612,0.05179627053439617,0.19025323167443275,0.0,0.0,0.0,0.0,0.0,18473,global,0.0
2,1,lr1e-05_bs16_drop0p2_temp2p0_a0p25_b0p05__wd1e-04trmiss0_degmodglobal,16,1e-05,0.0001,0.2,2.0,0.25,0.05,lr1e-05_bs16_drop0p2_temp2p0_a0p25_b0p05__wd1e-04trmiss0_degmodglobal,15,0.6507616639137268,0.6661900281906128,0.5111111111111111,0.7136141636141637,0.5,0.0,0.6486718654632568,0.6363100707530975,0.03528047213330865,0.11262988299131393,0.0,0.0,0.0,0.0,0.0,18473,global,0.0
2,1,lr1e-05_bs16_drop0p2_temp2p0_a0p25_b0p05__wd1e-04trmiss0_degmodglobal,16,1e-05,0.0001,0.2,2.0,0.25,0.05,lr1e-05_bs16_drop0p2_temp2p0_a0p25_b0p05__wd1e-04trmiss0_degmodglobal,16,0.667512059211731,0.6644071936607361,0.5111111111111111,0.7136141636141637,0.5714285714285714,0.0,0.6518185287714005,0.646047443151474,0.046510111540555954,0.19674154371023178,0.0,0.0,0.0,0.0,0.0,18473,global,0.0
2,1,lr1e-05_bs16_drop0p2_temp2p0_a0p25_b0p05__wd1e-04trmiss0_degmodglobal,16,1e-05,0.0001,0.2,2.0,0.25,0.05,lr1e-05_bs16_drop0p2_temp2p0_a0p25_b0p05__wd1e-04trmiss0_degmodglobal,17,0.6665636897087097,0.6648171544075012,0.5111111111111111,0.7136141636141637,0.6428571428571429,0.0,0.6345821022987366,0.6475763022899628,0.043451495468616486,0.16249039769172668,0.0,0.0,0.0,0.0,0.0,18473,global,0.0
2,1,lr1e-05_bs16_drop0p2_temp2p0_a0p25_b0p05__wd1e-04trmiss0_degmodglobal,16,1e-05,0.0001,0.2,2.0,0.25,0.05,lr1e-05_bs16_drop0p2_temp2p0_a0p25_b0p05__wd1e-04trmiss0_degmodglobal,18,0.6672642678022385,0.6654360890388489,0.5555555555555556,0.7654660154660156,0.5714285714285714,0.0,0.6746284514665604,0.6504913419485092,0.04196107480674982,0.12565301917493343,0.0,0.0,0.0,0.0,0.0,18473,global,0.0
2,1,lr1e-05_bs16_drop0p2_temp2p0_a0p25_b0p05__wd1e-04trmiss0_degmodglobal,16,1e-05,0.0001,0.2,2.0,0.25,0.05,lr1e-05_bs16_drop0p2_temp2p0_a0p25_b0p05__wd1e-04trmiss0_degmodglobal,19,0.6283995062112808,0.6663630604743958,0.5555555555555556,0.7563492063492065,0.5714285714285714,0.0,0.6865600943565369,0.6128272265195847,0.03322149533778429,0.14533833414316177,0.0,0.0,0.0,0.0,0.0,18473,global,0.0
2,1,lr1e-05_bs16_drop0p2_temp2p0_a0p25_b0p05__wd1e-04trmiss0_degmodglobal,16,1e-05,0.0001,0.2,2.0,0.25,0.05,lr1e-05_bs16_drop0p2_temp2p0_a0p25_b0p05__wd1e-04trmiss0_degmodglobal,20,0.6663037836551666,0.6666587591171265,0.5777777777777777,0.7747252747252749,0.5714285714285714,0.0,0.6251316070556641,0.647680252790451,0.04481977876275778,0.14837206527590752,0.0,0.0,0.0,0.0,0.0,18473,global,0.0
2,1,lr1e-05_bs16_drop0p2_temp2p0_a0p25_b0p05__wd1e-04trmiss0_degmodglobal,16,1e-05,0.0001,0.2,2.0,0.25,0.05,lr1e-05_bs16_drop0p2_temp2p0_a0p25_b0p05__wd1e-04trmiss0_degmodglobal,21,0.6769320219755173,0.6644916534423828,0.6222222222222222,0.8247252747252747,0.5714285714285714,0.0,0.6644209623336792,0.6591206341981888,0.0452257227152586,0.1300992164760828,0.0,0.0,0.0,0.0,0.0,18473,global,0.0
2,1,lr1e-05_bs16_drop0p2_temp2p0_a0p25_b0p05__wd1e-04trmiss0_degmodglobal,16,1e-05,0.0001,0.2,2.0,0.25,0.05,lr1e-05_bs16_drop0p2_temp2p0_a0p25_b0p05__wd1e-04trmiss0_degmodglobal,22,0.6503226161003113,0.6634196043014526,0.5777777777777777,0.7876882376882377,0.5714285714285714,0.0,0.6482382863759995,0.6346139460802078,0.04159866878762841,0.10618041642010212,0.0,0.0,0.0,0.0,0.0,18473,global,0.0
2,1,lr1e-05_bs16_drop0p2_temp2p0_a0p25_b0p05__wd1e-04trmiss0_degmodglobal,16,1e-05,0.0001,0.2,2.0,0.25,0.05,lr1e-05_bs16_drop0p2_temp2p0_a0p25_b0p05__wd1e-04trmiss0_degmodglobal,23,0.6470970958471298,0.6651961803436279,0.6,0.8025030525030525,0.5,0.0,0.633445218205452,0.6281832903623581,0.0442820331081748,0.15686580166220665,0.0,0.0,0.0,0.0,0.0,18473,global,0.0
2,1,lr1e-05_bs16_drop0p2_temp2p0_a0p25_b0p05__wd1e-04trmiss0_degmodglobal,16,1e-05,0.0001,0.2,2.0,0.25,0.05,lr1e-05_bs16_drop0p2_temp2p0_a0p25_b0p05__wd1e-04trmiss0_degmodglobal,24,0.663093164563179,0.6656873822212219,0.5555555555555556,0.75991045991046,0.5,0.0,0.6242525279521942,0.6462187469005585,0.0379161536693573,0.14790752530097961,0.0,0.0,0.0,0.0,0.0,18473,global,0.0
2,1,lr1e-05_bs16_drop0p2_temp2p0_a0p25_b0p05__wd1e-04trmiss0_degmodglobal,16,1e-05,0.0001,0.2,2.0,0.25,0.05,lr1e-05_bs16_drop0p2_temp2p0_a0p25_b0p05__wd1e-04trmiss0_degmodglobal,25,0.6530531048774719,0.6665109395980835,0.5111111111111111,0.7062067562067562,0.5,0.0,0.6390670090913773,0.6383291929960251,0.035665448289364576,0.11615043878555298,0.0,0.0,0.0,0.0,0.0,18473,global,0.0
2,1,lr1e-05_bs16_drop0p2_temp2p0_a0p25_b0p05__wd1e-04trmiss0_degmodglobal,16,1e-05,0.0001,0.2,2.0,0.25,0.05,lr1e-05_bs16_drop0p2_temp2p0_a0p25_b0p05__wd1e-04trmiss0_degmodglobal,26,0.6525227129459381,0.6668168902397156,0.5555555555555556,0.7518857685524354,0.5,0.0,0.6345193535089493,0.6353454142808914,0.03971298737451434,0.1449812352657318,0.0,0.0,0.0,0.0,0.0,18473,global,0.0
2,1,lr1e-05_bs16_drop0p4_temp1p0_a0p25_b0p05__wd1e-04trmiss0_degmodglobal,16,1e-05,0.0001,0.4,1.0,0.25,0.05,lr1e-05_bs16_drop0p4_temp1p0_a0p25_b0p05__wd1e-04trmiss0_degmodglobal,1,0.7442841231822968,0.7418001294136047,0.24444444444444446,0.5953842453842454,0.2857142857142857,0.0,0.7316984236240387,0.7218384593725204,0.06200379133224487,0.1388944834470749,0.0,0.0,0.0,0.0,0.0,18473,global,0.0
2,1,lr1e-05_bs16_drop0p4_temp1p0_a0p25_b0p05__wd1e-04trmiss0_degmodglobal,16,1e-05,0.0001,0.4,1.0,0.25,0.05,lr1e-05_bs16_drop0p4_temp1p0_a0p25_b0p05__wd1e-04trmiss0_degmodglobal,2,0.7550170719623566,0.7498399615287781,0.24444444444444446,0.5953842453842454,0.35714285714285715,0.0,0.7381583452224731,0.7340553253889084,0.057273851707577705,0.13286564871668816,0.0,0.0,0.0,0.0,0.0,18473,global,0.0
2,1,lr1e-05_bs16_drop0p4_temp1p0_a0p25_b0p05__wd1e-04trmiss0_degmodglobal,16,1e-05,0.0001,0.4,1.0,0.25,0.05,lr1e-05_bs16_drop0p4_temp1p0_a0p25_b0p05__wd1e-04trmiss0_degmodglobal,3,0.7691196501255035,0.7582465410232544,0.24444444444444446,0.5953842453842454,0.35714285714285715,0.0,0.7231512069702148,0.736747071146965,0.07689740881323814,0.26296450942754745,0.0,0.0,0.0,0.0,0.0,18473,global,0.0
2,1,lr1e-05_bs16_drop0p4_temp1p0_a0p25_b0p05__wd1e-04trmiss0_degmodglobal,16,1e-05,0.0001,0.4,1.0,0.25,0.05,lr1e-05_bs16_drop0p4_temp1p0_a0p25_b0p05__wd1e-04trmiss0_degmodglobal,4,0.7350077480077744,0.7636426091194153,0.24444444444444444,0.550939800939801,0.35714285714285715,0.0,0.7104094624519348,0.7075160294771194,0.07686235196888447,0.16552279144525528,0.0,0.0,0.0,0.0,0.0,18473,global,0.0
2,1,lr1e-05_bs16_drop0p4_temp1p0_a0p25_b0p05__wd1e-04trmiss0_degmodglobal,16,1e-05,0.0001,0.4,1.0,0.25,0.05,lr1e-05_bs16_drop0p4_temp1p0_a0p25_b0p05__wd1e-04trmiss0_degmodglobal,5,0.727022111415863,0.7723322510719299,0.24444444444444444,0.550939800939801,0.35714285714285715,0.0,0.6904189139604568,0.7000499367713928,0.06924671679735184,0.19321025162935257,0.0,0.0,0.0,0.0,0.0,18473,global,0.0
2,1,lr1e-05_bs16_drop0p4_temp1p0_a0p25_b0p05__wd1e-04trmiss0_degmodglobal,16,1e-05,0.0001,0.4,1.0,0.25,0.05,lr1e-05_bs16_drop0p4_temp1p0_a0p25_b0p05__wd1e-04trmiss0_degmodglobal,6,0.7209452688694,0.7719828486442566,0.24444444444444444,0.550939800939801,0.35714285714285715,0.0,0.7026638388633728,0.6954450458288193,0.06975216418504715,0.16124403290450573,0.0,0.0,0.0,0.0,0.0,18473,global,0.0
2,1,lr1e-05_bs16_drop0p4_temp1p0_a0p25_b0p05__wd1e-04trmiss0_degmodglobal,16,1e-05,0.0001,0.4,1.0,0.25,0.05,lr1e-05_bs16_drop0p4_temp1p0_a0p25_b0p05__wd1e-04trmiss0_degmodglobal,7,0.7023740708827972,0.7745043039321899,0.26666666666666666,0.5620509120509121,0.35714285714285715,0.0,0.6912165284156799,0.675519198179245,0.06899773702025414,0.19210848025977612,0.0,0.0,0.0,0.0,0.0,18473,global,0.0
2,1,lr1e-05_bs16_drop0p4_temp1p0_a0p25_b0p05__wd1e-04trmiss0_degmodglobal,16,1e-05,0.0001,0.4,1.0,0.25,0.05,lr1e-05_bs16_drop0p4_temp1p0_a0p25_b0p05__wd1e-04trmiss0_degmodglobal,8,0.724232941865921,0.7783954739570618,0.26666666666666666,0.5620509120509121,0.35714285714285715,0.0,0.6737898886203766,0.6974407583475113,0.06952973920851946,0.18819494545459747,0.0,0.0,0.0,0.0,0.0,18473,global,0.0
2,1,lr1e-05_bs16_drop0p4_temp1p0_a0p25_b0p05__wd1e-04trmiss0_degmodglobal,16,1e-05,0.0001,0.4,1.0,0.25,0.05,lr1e-05_bs16_drop0p4_temp1p0_a0p25_b0p05__wd1e-04trmiss0_degmodglobal,9,0.7404304891824722,0.779309868812561,0.28888888888888886,0.5726329226329226,0.35714285714285715,0.0,0.6921539306640625,0.7201925069093704,0.05831258371472359,0.11319665238261223,0.0,0.0,0.0,0.0,0.0,18473,global,0.0
2,1,lr1e-05_bs16_drop0p4_temp1p0_a0p25_b0p05__wd1e-04trmiss0_degmodglobal,16,1e-05,0.0001,0.4,1.0,0.25,0.05,lr1e-05_bs16_drop0p4_temp1p0_a0p25_b0p05__wd1e-04trmiss0_degmodglobal,10,0.719032496213913,0.7779940366744995,0.28888888888888886,0.5726329226329226,0.35714285714285715,0.0,0.6899892836809158,0.6945746541023254,0.06620286591351032,0.15814245957881212,0.0,0.0,0.0,0.0,0.0,18473,global,0.0
2,1,lr1e-05_bs16_drop0p4_temp1p0_a0p25_b0p05__wd1e-04trmiss0_degmodglobal,16,1e-05,0.0001,0.4,1.0,0.25,0.05,lr1e-05_bs16_drop0p4_temp1p0_a0p25_b0p05__wd1e-04trmiss0_degmodglobal,11,0.7341413348913193,0.7814363837242126,0.28888888888888886,0.5726329226329226,0.35714285714285715,0.0,0.6848955303430557,0.7109580934047699,0.06176897045224905,0.15481949411332607,0.0,0.0,0.0,0.0,0.0,18473,global,0.0
2,1,lr1e-05_bs16_drop0p4_temp1p0_a0p25_b0p05__wd1e-04trmiss0_degmodglobal,16,1e-05,0.0001,0.4,1.0,0.25,0.05,lr1e-05_bs16_drop0p4_temp1p0_a0p25_b0p05__wd1e-04trmiss0_degmodglobal,12,0.7002899050712585,0.7845147252082825,0.26666666666666666,0.5620509120509121,0.35714285714285715,0.0,0.6921875029802322,0.6769541651010513,0.058806633576750755,0.1726811695843935,0.0,0.0,0.0,0.0,0.0,18473,global,0.0
2,1,lr1e-05_bs16_drop0p4_temp1p0_a0p25_b0p05__wd1e-04trmiss0_degmodglobal,16,1e-05,0.0001,0.4,1.0,0.25,0.05,lr1e-05_bs16_drop0p4_temp1p0_a0p25_b0p05__wd1e-04trmiss0_degmodglobal,13,0.7486664056777954,0.785264790058136,0.24444444444444444,0.5541144041144042,0.35714285714285715,0.0,0.7282490581274033,0.7187864035367966,0.07134656514972448,0.2408673819154501,0.0,0.0,0.0,0.0,0.0,18473,global,0.0
2,1,lr1e-05_bs16_drop0p4_temp1p0_a0p25_b0p05__wd1e-04trmiss0_degmodglobal,16,1e-05,0.0001,0.4,1.0,0.25,0.05,lr1e-05_bs16_drop0p4_temp1p0_a0p25_b0p05__wd1e-04trmiss0_degmodglobal,14,0.7155181765556335,0.7869434952735901,0.3111111111111111,0.6281884781884781,0.35714285714285715,0.0,0.7062765210866928,0.689617469906807,0.0693585742264986,0.17122168838977814,0.0,0.0,0.0,0.0,0.0,18473,global,0.0
2,1,lr1e-05_bs16_drop0p4_temp1p0_a0p25_b0p05__wd1e-04trmiss0_degmodglobal,16,1e-05,0.0001,0.4,1.0,0.25,0.05,lr1e-05_bs16_drop0p4_temp1p0_a0p25_b0p05__wd1e-04trmiss0_degmodglobal,15,0.7063951790332794,0.7865322828292847,0.26666666666666666,0.5620509120509121,0.35714285714285715,0.0,0.6830546855926514,0.6867087483406067,0.052134501747787,0.13305635284632444,0.0,0.0,0.0,0.0,0.0,18473,global,0.0
2,1,lr1e-05_bs16_drop0p4_temp1p0_a0p25_b0p05__wd1e-04trmiss0_degmodglobal,16,1e-05,0.0001,0.4,1.0,0.25,0.05,lr1e-05_bs16_drop0p4_temp1p0_a0p25_b0p05__wd1e-04trmiss0_degmodglobal,16,0.7297138571739197,0.7862565517425537,0.3111111111111111,0.6281884781884781,0.35714285714285715,0.0,0.6580233573913574,0.7028078734874725,0.06782540492713451,0.1989924442023039,0.0,0.0,0.0,0.0,0.0,18473,global,0.0
2,1,lr1e-05_bs16_drop0p4_temp1p0_a0p25_b0p05__wd1e-04trmiss0_degmodglobal,16,1e-05,0.0001,0.4,1.0,0.25,0.05,lr1e-05_bs16_drop0p4_temp1p0_a0p25_b0p05__wd1e-04trmiss0_degmodglobal,17,0.7121458202600479,0.7853734493255615,0.26666666666666666,0.5620509120509121,0.35714285714285715,0.0,0.6969835758209229,0.6868624687194824,0.060785943642258644,0.20173785462975502,0.0,0.0,0.0,0.0,0.0,18473,global,0.0
2,1,lr1e-05_bs16_drop0p4_temp1p0_a0p25_b0p05__wd1e-04trmiss0_degmodglobal,16,1e-05,0.0001,0.4,1.0,0.25,0.05,lr1e-05_bs16_drop0p4_temp1p0_a0p25_b0p05__wd1e-04trmiss0_degmodglobal,18,0.7288999408483505,0.7822147011756897,0.26666666666666666,0.5620509120509121,0.35714285714285715,0.0,0.7029073536396027,0.7069568485021591,0.058829860761761665,0.14471274695824832,0.0,0.0,0.0,0.0,0.0,18473,global,0.0
2,1,lr1e-05_bs16_drop0p4_temp1p0_a0p25_b0p05__wd1e-04trmiss0_degmodglobal,16,1e-05,0.0001,0.4,1.0,0.25,0.05,lr1e-05_bs16_drop0p4_temp1p0_a0p25_b0p05__wd1e-04trmiss0_degmodglobal,19,0.7221510112285614,0.7830970287322998,0.26666666666666666,0.5620509120509121,0.35714285714285715,0.0,0.6641371995210648,0.6925169229507446,0.0726147135719657,0.229607954621315,0.0,0.0,0.0,0.0,0.0,18473,global,0.0
2,1,lr1e-05_bs16_drop0p4_temp1p0_a0p25_b0p05__wd1e-04trmiss0_degmodglobal,16,1e-05,0.0001,0.4,1.0,0.25,0.05,lr1e-05_bs16_drop0p4_temp1p0_a0p25_b0p05__wd1e-04trmiss0_degmodglobal,20,0.7111557424068451,0.7841084003448486,0.28888888888888886,0.6176064676064676,0.35714285714285715,0.0,0.7048315703868866,0.6810836344957352,0.07882126979529858,0.2073357254266739,0.0,0.0,0.0,0.0,0.0,18473,global,0.0
2,1,lr1e-05_bs16_drop0p4_temp1p0_a0p25_b0p05__wd1e-04trmiss0_degmodglobal,16,1e-05,0.0001,0.4,1.0,0.25,0.05,lr1e-05_bs16_drop0p4_temp1p0_a0p25_b0p05__wd1e-04trmiss0_degmodglobal,21,0.7303144335746765,0.7827834486961365,0.28888888888888886,0.6176064676064676,0.35714285714285715,0.0,0.6863930821418762,0.7043199390172958,0.06323827430605888,0.20369913894683123,0.0,0.0,0.0,0.0,0.0,18473,global,0.0
2,1,lr1e-05_bs16_drop0p4_temp1p0_a0p25_b0p05__wd1e-04trmiss0_degmodglobal,16,1e-05,0.0001,0.4,1.0,0.25,0.05,lr1e-05_bs16_drop0p4_temp1p0_a0p25_b0p05__wd1e-04trmiss0_degmodglobal,22,0.7155237644910812,0.7875761389732361,0.26666666666666666,0.5620509120509121,0.35714285714285715,0.0,0.7107768356800079,0.6925133019685745,0.06255923304706812,0.14741329289972782,0.0,0.0,0.0,0.0,0.0,18473,global,0.0
2,1,lr1e-05_bs16_drop0p4_temp1p0_a0p25_b0p05__wd1e-04trmiss0_degmodglobal,16,1e-05,0.0001,0.4,1.0,0.25,0.05,lr1e-05_bs16_drop0p4_temp1p0_a0p25_b0p05__wd1e-04trmiss0_degmodglobal,23,0.7084814459085464,0.7901807427406311,0.26666666666666666,0.6096699596699597,0.35714285714285715,0.0,0.6484773457050323,0.6857895404100418,0.05731867719441652,0.1672447882592678,0.0,0.0,0.0,0.0,0.0,18473,global,0.0
2,1,lr1e-05_bs16_drop0p4_temp1p0_a0p25_b0p05__wd1e-04trmiss0_degmodglobal,16,1e-05,0.0001,0.4,1.0,0.25,0.05,lr1e-05_bs16_drop0p4_temp1p0_a0p25_b0p05__wd1e-04trmiss0_degmodglobal,24,0.728544071316719,0.7882780432701111,0.26666666666666666,0.6096699596699597,0.35714285714285715,0.0,0.6414280384778976,0.6970947980880737,0.09062812943011522,0.17584530264139175,0.0,0.0,0.0,0.0,0.0,18473,global,0.0
2,1,lr1e-05_bs16_drop0p4_temp1p0_a0p25_b0p05__wd1e-04trmiss0_degmodglobal,16,1e-05,0.0001,0.4,1.0,0.25,0.05,lr1e-05_bs16_drop0p4_temp1p0_a0p25_b0p05__wd1e-04trmiss0_degmodglobal,25,0.7033880800008774,0.7891821265220642,0.28888888888888886,0.6176064676064676,0.35714285714285715,0.0,0.6840277463197708,0.687639057636261,0.04228985868394375,0.10353120230138302,0.0,0.0,0.0,0.0,0.0,18473,global,0.0
2,1,lr1e-05_bs16_drop0p4_temp1p0_a0p25_b0p05__wd1e-04trmiss0_degmodglobal,16,1e-05,0.0001,0.4,1.0,0.25,0.05,lr1e-05_bs16_drop0p4_temp1p0_a0p25_b0p05__wd1e-04trmiss0_degmodglobal,26,0.7503554075956345,0.7892046570777893,0.26666666666666666,0.6096699596699597,0.35714285714285715,0.0,0.6631260216236115,0.7199508845806122,0.08077798038721085,0.2042006142437458,0.0,0.0,0.0,0.0,0.0,18473,global,0.0
2,1,lr1e-05_bs16_drop0p4_temp1p0_a0p25_b0p05__wd1e-04trmiss0_degmodglobal,16,1e-05,0.0001,0.4,1.0,0.25,0.05,lr1e-05_bs16_drop0p4_temp1p0_a0p25_b0p05__wd1e-04trmiss0_degmodglobal,27,0.7286638915538788,0.7935254573822021,0.28888888888888886,0.6176064676064676,0.35714285714285715,0.0,0.7024210393428802,0.7044277042150497,0.05564633850008249,0.2064918838441372,0.0,0.0,0.0,0.0,0.0,18473,global,0.0
2,1,lr1e-05_bs16_drop0p4_temp1p0_a0p25_b0p05__wd1e-04trmiss0_degmodglobal,16,1e-05,0.0001,0.4,1.0,0.25,0.05,lr1e-05_bs16_drop0p4_temp1p0_a0p25_b0p05__wd1e-04trmiss0_degmodglobal,28,0.7160618454217911,0.79050612449646,0.28888888888888886,0.6176064676064676,0.35714285714285715,0.0,0.668121874332428,0.6931260526180267,0.060296605341136456,0.15723337978124619,0.0,0.0,0.0,0.0,0.0,18473,global,0.0
2,1,lr1e-05_bs16_drop0p4_temp1p0_a0p25_b0p05__wd1e-04trmiss0_degmodglobal,16,1e-05,0.0001,0.4,1.0,0.25,0.05,lr1e-05_bs16_drop0p4_temp1p0_a0p25_b0p05__wd1e-04trmiss0_degmodglobal,29,0.7060016989707947,0.7834705710411072,0.28888888888888886,0.6176064676064676,0.35714285714285715,0.0,0.6395481675863266,0.6784608662128448,0.0683400435373187,0.20911617763340473,0.0,0.0,0.0,0.0,0.0,18473,global,0.0
2,1,lr1e-05_bs16_drop0p4_temp1p0_a0p25_b0p05__wd1e-04trmiss0_degmodglobal,16,1e-05,0.0001,0.4,1.0,0.25,0.05,lr1e-05_bs16_drop0p4_temp1p0_a0p25_b0p05__wd1e-04trmiss0_degmodglobal,30,0.6890167891979218,0.7891722917556763,0.28888888888888886,0.6176064676064676,0.35714285714285715,0.0,0.6563158929347992,0.6653679013252258,0.05821728240698576,0.18189123645424843,0.0,0.0,0.0,0.0,0.0,18473,global,0.0
2,1,lr1e-05_bs16_drop0p4_temp1p0_a0p25_b0p05__wd1e-04trmiss0_degmodglobal,16,1e-05,0.0001,0.4,1.0,0.25,0.05,lr1e-05_bs16_drop0p4_temp1p0_a0p25_b0p05__wd1e-04trmiss0_degmodglobal,31,0.6898742765188217,0.784240186214447,0.3111111111111111,0.6281884781884781,0.35714285714285715,0.0,0.6791284084320068,0.6657356172800064,0.06309676636010408,0.1672892402857542,0.0,0.0,0.0,0.0,0.0,18473,global,0.0
2,1,lr1e-05_bs16_drop0p4_temp1p0_a0p25_b0p05__wd1e-04trmiss0_degmodglobal,16,1e-05,0.0001,0.4,1.0,0.25,0.05,lr1e-05_bs16_drop0p4_temp1p0_a0p25_b0p05__wd1e-04trmiss0_degmodglobal,32,0.7564617395401001,0.7907343506813049,0.3111111111111111,0.6281884781884781,0.35714285714285715,0.0,0.6662154495716095,0.727833941578865,0.07191918883472681,0.21295995637774467,0.0,0.0,0.0,0.0,0.0,18473,global,0.0
2,1,lr1e-05_bs16_drop0p4_temp1p0_a0p25_b0p05__wd1e-04trmiss0_degmodglobal,16,1e-05,0.0001,0.4,1.0,0.25,0.05,lr1e-05_bs16_drop0p4_temp1p0_a0p25_b0p05__wd1e-04trmiss0_degmodglobal,33,0.7684288769960403,0.7881070971488953,0.26666666666666666,0.6096699596699597,0.35714285714285715,0.0,0.6269503086805344,0.7430945634841919,0.0661668460816145,0.17585185915231705,0.0,0.0,0.0,0.0,0.0,18473,global,0.0
2,1,lr1e-05_bs16_drop0p4_temp1p0_a0p25_b0p05__wd1e-04trmiss0_degmodglobal,16,1e-05,0.0001,0.4,1.0,0.25,0.05,lr1e-05_bs16_drop0p4_temp1p0_a0p25_b0p05__wd1e-04trmiss0_degmodglobal,34,0.7196525037288666,0.7834492325782776,0.3111111111111111,0.6281884781884781,0.35714285714285715,0.0,0.6662655472755432,0.6920725703239441,0.07023508567363024,0.2004232481122017,0.0,0.0,0.0,0.0,0.0,18473,global,0.0
2,1,lr1e-05_bs16_drop0p4_temp1p0_a0p25_b0p05__wd1e-04trmiss0_degmodglobal,16,1e-05,0.0001,0.4,1.0,0.25,0.05,lr1e-05_bs16_drop0p4_temp1p0_a0p25_b0p05__wd1e-04trmiss0_degmodglobal,35,0.6900806427001953,0.7786675095558167,0.3111111111111111,0.6281884781884781,0.35714285714285715,0.0,0.6580700427293777,0.6528565436601639,0.08892269432544708,0.2998685799539089,0.0,0.0,0.0,0.0,0.0,18473,global,0.0
2,1,lr1e-05_bs16_drop0p4_temp1p0_a0p25_b0p05__wd1e-04trmiss0_degmodglobal,16,1e-05,0.0001,0.4,1.0,0.25,0.05,lr1e-05_bs16_drop0p4_temp1p0_a0p25_b0p05__wd1e-04trmiss0_degmodglobal,36,0.7306111007928848,0.786283552646637,0.28888888888888886,0.6176064676064676,0.35714285714285715,0.0,0.6735426485538483,0.7021845132112503,0.08326254691928625,0.1522188037633896,0.0,0.0,0.0,0.0,0.0,18473,global,0.0
2,1,lr1e-05_bs16_drop0p4_temp1p0_a0p25_b0p05__wd1e-04trmiss0_degmodglobal,16,1e-05,0.0001,0.4,1.0,0.25,0.05,lr1e-05_bs16_drop0p4_temp1p0_a0p25_b0p05__wd1e-04trmiss0_degmodglobal,37,0.7494544088840485,0.7880852818489075,0.28888888888888886,0.6176064676064676,0.35714285714285715,0.0,0.6609585583209991,0.7205457985401154,0.0748549047857523,0.20389766804873943,0.0,0.0,0.0,0.0,0.0,18473,global,0.0
2,1,lr1e-05_bs16_drop0p4_temp1p0_a0p25_b0p05__wd1e-04trmiss0_degmodglobal,16,1e-05,0.0001,0.4,1.0,0.25,0.05,lr1e-05_bs16_drop0p4_temp1p0_a0p25_b0p05__wd1e-04trmiss0_degmodglobal,38,0.7819118648767471,0.7929210066795349,0.28888888888888886,0.6176064676064676,0.35714285714285715,0.0,0.6945248544216156,0.7571406662464142,0.06577551364898682,0.1665463224053383,0.0,0.0,0.0,0.0,0.0,18473,global,0.0
2,1,lr1e-05_bs16_drop0p4_temp1p0_a0p25_b0p05__wd1e-04trmiss0_degmodglobal,16,1e-05,0.0001,0.4,1.0,0.25,0.05,lr1e-05_bs16_drop0p4_temp1p0_a0p25_b0p05__wd1e-04trmiss0_degmodglobal,39,0.7315182834863663,0.7923848032951355,0.26666666666666666,0.6096699596699597,0.35714285714285715,0.0,0.6463541835546494,0.7056103050708771,0.06827539671212435,0.1767830215394497,0.0,0.0,0.0,0.0,0.0,18473,global,0.0
2,1,lr1e-05_bs16_drop0p4_temp1p0_a0p25_b0p05__wd1e-04trmiss0_degmodglobal,16,1e-05,0.0001,0.4,1.0,0.25,0.05,lr1e-05_bs16_drop0p4_temp1p0_a0p25_b0p05__wd1e-04trmiss0_degmodglobal,40,0.6612417250871658,0.7900313138961792,0.26666666666666666,0.6096699596699597,0.35714285714285715,0.0,0.6211431473493576,0.6354896724224091,0.0640792828053236,0.19464467838406563,0.0,0.0,0.0,0.0,0.0,18473,global,0.0
2,1,lr1e-05_bs16_drop0p4_temp1p0_a0p25_b0p05__wd1e-04trmiss0_degmodglobal,16,1e-05,0.0001,0.4,1.0,0.25,0.05,lr1e-05_bs16_drop0p4_temp1p0_a0p25_b0p05__wd1e-04trmiss0_degmodglobal,41,0.7157429754734039,0.7917830944061279,0.26666666666666666,0.6096699596699597,0.35714285714285715,0.0,0.6663917005062103,0.6931400299072266,0.058172119315713644,0.16119834035634995,0.0,0.0,0.0,0.0,0.0,18473,global,0.0
2,1,lr1e-05_bs16_drop0p4_temp1p0_a0p25_b0p05__wd1e-04trmiss0_degmodglobal,16,1e-05,0.0001,0.4,1.0,0.25,0.05,lr1e-05_bs16_drop0p4_temp1p0_a0p25_b0p05__wd1e-04trmiss0_degmodglobal,42,0.7099165320396423,0.7845692038536072,0.26666666666666666,0.6096699596699597,0.35714285714285715,0.0,0.6570708751678467,0.6888366937637329,0.060108317993581295,0.12105523608624935,0.0,0.0,0.0,0.0,0.0,18473,global,0.0
2,1,lr1e-05_bs16_drop0p4_temp1p0_a0p25_b0p05__wd1e-04trmiss0_degmodglobal,16,1e-05,0.0001,0.4,1.0,0.25,0.05,lr1e-05_bs16_drop0p4_temp1p0_a0p25_b0p05__wd1e-04trmiss0_degmodglobal,43,0.6922076195478439,0.7893839478492737,0.26666666666666666,0.6096699596699597,0.35714285714285715,0.0,0.6250367611646652,0.662728026509285,0.080487921833992,0.1871521919965744,0.0,0.0,0.0,0.0,0.0,18473,global,0.0
2,1,lr1e-05_bs16_drop0p4_temp1p0_a0p25_b0p05__wd1e-04trmiss0_degmodglobal,16,1e-05,0.0001,0.4,1.0,0.25,0.05,lr1e-05_bs16_drop0p4_temp1p0_a0p25_b0p05__wd1e-04trmiss0_degmodglobal,44,0.6983603835105896,0.7794101238250732,0.28888888888888886,0.6176064676064676,0.35714285714285715,0.0,0.6113901138305664,0.671668067574501,0.07405422162264585,0.16357490047812462,0.0,0.0,0.0,0.0,0.0,18473,global,0.0
2,1,lr1e-05_bs16_drop0p4_temp1p0_a0p25_b0p05__wd1e-04trmiss0_degmodglobal,16,1e-05,0.0001,0.4,1.0,0.25,0.05,lr1e-05_bs16_drop0p4_temp1p0_a0p25_b0p05__wd1e-04trmiss0_degmodglobal,45,0.6980709284543991,0.7830753922462463,0.28888888888888886,0.6176064676064676,0.35714285714285715,0.0,0.6502307802438736,0.6768822818994522,0.052981830667704344,0.1588638061657548,0.0,0.0,0.0,0.0,0.0,18473,global,0.0
2,1,lr1e-05_bs16_drop0p4_temp1p0_a0p25_b0p05__wd1e-04trmiss0_degmodglobal,16,1e-05,0.0001,0.4,1.0,0.25,0.05,lr1e-05_bs16_drop0p4_temp1p0_a0p25_b0p05__wd1e-04trmiss0_degmodglobal,46,0.741793617606163,0.7832408547401428,0.3111111111111111,0.6281884781884781,0.35714285714285715,0.0,0.680017426609993,0.7126064747571945,0.07171373441815376,0.225174181163311,0.0,0.0,0.0,0.0,0.0,18473,global,0.0
2,1,lr1e-05_bs16_drop0p4_temp1p0_a0p25_b0p05__wd1e-04trmiss0_degmodglobal,16,1e-05,0.0001,0.4,1.0,0.25,0.05,lr1e-05_bs16_drop0p4_temp1p0_a0p25_b0p05__wd1e-04trmiss0_degmodglobal,47,0.6855622678995132,0.7859328389167786,0.28888888888888886,0.6176064676064676,0.35714285714285715,0.0,0.6322294771671295,0.6555015295743942,0.08246925286948681,0.18886890448629856,0.0,0.0,0.0,0.0,0.0,18473,global,0.0
2,1,lr1e-05_bs16_drop0p4_temp1p0_a0p25_b0p05__wd1e-04trmiss0_degmodglobal,16,1e-05,0.0001,0.4,1.0,0.25,0.05,lr1e-05_bs16_drop0p4_temp1p0_a0p25_b0p05__wd1e-04trmiss0_degmodglobal,48,0.7614950686693192,0.7884490489959717,0.28888888888888886,0.6176064676064676,0.35714285714285715,0.0,0.667382001876831,0.7265858203172684,0.08923506643623114,0.25200933404266834,0.0,0.0,0.0,0.0,0.0,18473,global,0.0
2,1,lr1e-05_bs16_drop0p4_temp1p0_a0p25_b0p05__wd1e-04trmiss0_degmodglobal,16,1e-05,0.0001,0.4,1.0,0.25,0.05,lr1e-05_bs16_drop0p4_temp1p0_a0p25_b0p05__wd1e-04trmiss0_degmodglobal,49,0.7217320650815964,0.784502387046814,0.28888888888888886,0.6176064676064676,0.35714285714285715,0.0,0.6465929746627808,0.6974786221981049,0.07139445003122091,0.1280966904014349,0.0,0.0,0.0,0.0,0.0,18473,global,0.0
2,1,lr1e-05_bs16_drop0p4_temp1p0_a0p25_b0p05__wd1e-04trmiss0_degmodglobal,16,1e-05,0.0001,0.4,1.0,0.25,0.05,lr1e-05_bs16_drop0p4_temp1p0_a0p25_b0p05__wd1e-04trmiss0_degmodglobal,50,0.6884723752737045,0.7816775441169739,0.28888888888888886,0.6176064676064676,0.35714285714285715,0.0,0.6189742386341095,0.6640253812074661,0.06834905035793781,0.14719427190721035,0.0,0.0,0.0,0.0,0.0,18473,global,0.0
2,1,lr1e-05_bs16_drop0p4_temp1p0_a0p25_b0p05__wd1e-04trmiss0_degmodglobal,16,1e-05,0.0001,0.4,1.0,0.25,0.05,lr1e-05_bs16_drop0p4_temp1p0_a0p25_b0p05__wd1e-04trmiss0_degmodglobal,51,0.7172510325908661,0.7822571992874146,0.28888888888888886,0.6176064676064676,0.35714285714285715,0.0,0.6283191740512848,0.6904172003269196,0.06856549810618162,0.19384901225566864,0.0,0.0,0.0,0.0,0.0,18473,global,0.0
2,1,lr1e-05_bs16_drop0p4_temp1p0_a0p25_b0p05__wd1e-04trmiss0_degmodglobal,16,1e-05,0.0001,0.4,1.0,0.25,0.05,lr1e-05_bs16_drop0p4_temp1p0_a0p25_b0p05__wd1e-04trmiss0_degmodglobal,52,0.6885684132575989,0.7860695123672485,0.28888888888888886,0.6176064676064676,0.35714285714285715,0.0,0.6376559138298035,0.6632898300886154,0.0757431648671627,0.1268558669835329,0.0,0.0,0.0,0.0,0.0,18473,global,0.0
2,1,lr1e-05_bs16_drop0p4_temp1p0_a0p25_b0p05__wd1e-04trmiss0_degmodglobal,16,1e-05,0.0001,0.4,1.0,0.25,0.05,lr1e-05_bs16_drop0p4_temp1p0_a0p25_b0p05__wd1e-04trmiss0_degmodglobal,53,0.692222848534584,0.7832531332969666,0.28888888888888886,0.6176064676064676,0.35714285714285715,0.0,0.593522772192955,0.6671436727046967,0.0678448248654604,0.16235988773405552,0.0,0.0,0.0,0.0,0.0,18473,global,0.0
2,1,lr1e-05_bs16_drop0p4_temp1p0_a0p25_b0p05__wd1e-04trmiss0_degmodglobal,16,1e-05,0.0001,0.4,1.0,0.25,0.05,lr1e-05_bs16_drop0p4_temp1p0_a0p25_b0p05__wd1e-04trmiss0_degmodglobal,54,0.7625064700841904,0.7862810492515564,0.3111111111111111,0.6281884781884781,0.35714285714285715,0.0,0.6722911149263382,0.7401979118585587,0.057267796248197556,0.1598323229700327,0.0,0.0,0.0,0.0,0.0,18473,global,0.0
2,1,lr1e-05_bs16_drop0p4_temp1p0_a0p25_b0p05__wd1e-04trmiss0_degmodglobal,16,1e-05,0.0001,0.4,1.0,0.25,0.05,lr1e-05_bs16_drop0p4_temp1p0_a0p25_b0p05__wd1e-04trmiss0_degmodglobal,55,0.6870786547660828,0.7876452207565308,0.28888888888888886,0.6176064676064676,0.35714285714285715,0.0,0.6110856831073761,0.6626055389642715,0.06130710430443287,0.18292691558599472,0.0,0.0,0.0,0.0,0.0,18473,global,0.0
2,1,lr1e-05_bs16_drop0p4_temp2p0_a0p25_b0p05__wd1e-04trmiss0_degmodglobal,16,1e-05,0.0001,0.4,2.0,0.25,0.05,lr1e-05_bs16_drop0p4_temp2p0_a0p25_b0p05__wd1e-04trmiss0_degmodglobal,1,0.7544278502464294,0.6903201937675476,0.6222222222222222,0.7019671686338353,0.5,0.0,0.6425191462039948,0.7215528935194016,0.07637678273022175,0.2756151556968689,0.0,0.0,0.0,0.0,0.0,18473,global,0.0
2,1,lr1e-05_bs16_drop0p4_temp2p0_a0p25_b0p05__wd1e-04trmiss0_degmodglobal,16,1e-05,0.0001,0.4,2.0,0.25,0.05,lr1e-05_bs16_drop0p4_temp2p0_a0p25_b0p05__wd1e-04trmiss0_degmodglobal,2,0.7641864717006683,0.6921114325523376,0.6222222222222222,0.7019671686338353,0.42857142857142855,0.0,0.6434316635131836,0.7331650406122208,0.06648728810250759,0.28799235820770264,0.0,0.0,0.0,0.0,0.0,18473,global,0.0
2,1,lr1e-05_bs16_drop0p4_temp2p0_a0p25_b0p05__wd1e-04trmiss0_degmodglobal,16,1e-05,0.0001,0.4,2.0,0.25,0.05,lr1e-05_bs16_drop0p4_temp2p0_a0p25_b0p05__wd1e-04trmiss0_degmodglobal,3,0.7775696814060211,0.6940621137619019,0.6666666666666666,0.7945597612264279,0.42857142857142855,0.0,0.6565857231616974,0.7431622594594955,0.07346190325915813,0.32083895429968834,0.0,0.0,0.0,0.0,0.0,18473,global,0.0
2,1,lr1e-05_bs16_drop0p4_temp2p0_a0p25_b0p05__wd1e-04trmiss0_degmodglobal,16,1e-05,0.0001,0.4,2.0,0.25,0.05,lr1e-05_bs16_drop0p4_temp2p0_a0p25_b0p05__wd1e-04trmiss0_degmodglobal,4,0.7301067858934402,0.6938443779945374,0.6666666666666666,0.8012937679604346,0.5,0.0,0.6409637480974197,0.6922809183597565,0.08555996976792812,0.32871752232313156,0.0,0.0,0.0,0.0,0.0,18473,global,0.0
2,1,lr1e-05_bs16_drop0p4_temp2p0_a0p25_b0p05__wd1e-04trmiss0_degmodglobal,16,1e-05,0.0001,0.4,2.0,0.25,0.05,lr1e-05_bs16_drop0p4_temp2p0_a0p25_b0p05__wd1e-04trmiss0_degmodglobal,5,0.7437348812818527,0.6969814896583557,0.6444444444444444,0.7957992624659291,0.5,0.0,0.6590382307767868,0.707979291677475,0.07910169567912817,0.3196035251021385,0.0,0.0,0.0,0.0,0.0,18473,global,0.0
2,1,lr1e-05_bs16_drop0p4_temp2p0_a0p25_b0p05__wd1e-04trmiss0_degmodglobal,16,1e-05,0.0001,0.4,2.0,0.25,0.05,lr1e-05_bs16_drop0p4_temp2p0_a0p25_b0p05__wd1e-04trmiss0_degmodglobal,6,0.763282909989357,0.6951584219932556,0.6666666666666666,0.823577040243707,0.5,0.0,0.6257140338420868,0.7197017669677734,0.09771422855556011,0.3830520212650299,0.0,0.0,0.0,0.0,0.0,18473,global,0.0
2,1,lr1e-05_bs16_drop0p4_temp2p0_a0p25_b0p05__wd1e-04trmiss0_degmodglobal,16,1e-05,0.0001,0.4,2.0,0.25,0.05,lr1e-05_bs16_drop0p4_temp2p0_a0p25_b0p05__wd1e-04trmiss0_degmodglobal,7,0.7108488231897354,0.6980515122413635,0.6666666666666666,0.823577040243707,0.5714285714285714,0.0,0.6709825545549393,0.6712968200445175,0.08464016579091549,0.3678392693400383,0.0,0.0,0.0,0.0,0.0,18473,global,0.0
2,1,lr1e-05_bs16_drop0p4_temp2p0_a0p25_b0p05__wd1e-04trmiss0_degmodglobal,16,1e-05,0.0001,0.4,2.0,0.25,0.05,lr1e-05_bs16_drop0p4_temp2p0_a0p25_b0p05__wd1e-04trmiss0_degmodglobal,8,0.7366117388010025,0.6979871988296509,0.6666666666666666,0.823577040243707,0.5,0.0,0.6531920284032822,0.6976184993982315,0.09090830944478512,0.32532309740781784,0.0,0.0,0.0,0.0,0.0,18473,global,0.0
2,1,lr1e-05_bs16_drop0p4_temp2p0_a0p25_b0p05__wd1e-04trmiss0_degmodglobal,16,1e-05,0.0001,0.4,2.0,0.25,0.05,lr1e-05_bs16_drop0p4_temp2p0_a0p25_b0p05__wd1e-04trmiss0_degmodglobal,9,0.713802695274353,0.6948261857032776,0.6444444444444444,0.8087622254288922,0.42857142857142855,0.0,0.6892508119344711,0.6667651236057281,0.10282019339501858,0.42665017768740654,0.0,0.0,0.0,0.0,0.0,18473,global,0.0
2,1,lr1e-05_bs16_drop0p4_temp2p0_a0p25_b0p05__wd1e-04trmiss0_degmodglobal,16,1e-05,0.0001,0.4,2.0,0.25,0.05,lr1e-05_bs16_drop0p4_temp2p0_a0p25_b0p05__wd1e-04trmiss0_degmodglobal,10,0.7819004952907562,0.6889245510101318,0.6666666666666666,0.823577040243707,0.5714285714285714,0.0,0.6538412421941757,0.7373500168323517,0.09714262187480927,0.4052964970469475,0.0,0.0,0.0,0.0,0.0,18473,global,0.0
2,1,lr1e-05_bs16_drop0p4_temp2p0_a0p25_b0p05__wd1e-04trmiss0_degmodglobal,16,1e-05,0.0001,0.4,2.0,0.25,0.05,lr1e-05_bs16_drop0p4_temp2p0_a0p25_b0p05__wd1e-04trmiss0_degmodglobal,11,0.744133934378624,0.6847038865089417,0.6666666666666666,0.8281625781625783,0.6428571428571429,0.0,0.6586242318153381,0.7091575115919113,0.0795611534267664,0.30172255635261536,0.0,0.0,0.0,0.0,0.0,18473,global,0.0
2,1,lr1e-05_bs16_drop0p4_temp2p0_a0p25_b0p05__wd1e-04trmiss0_degmodglobal,16,1e-05,0.0001,0.4,2.0,0.25,0.05,lr1e-05_bs16_drop0p4_temp2p0_a0p25_b0p05__wd1e-04trmiss0_degmodglobal,12,0.6999106258153915,0.6850336194038391,0.7333333333333333,0.8743978243978245,0.6428571428571429,0.0,0.6495708525180817,0.6781318783760071,0.051717305555939674,0.17698813695460558,0.0,0.0,0.0,0.0,0.0,18473,global,0.0
2,1,lr1e-05_bs16_drop0p4_temp2p0_a0p25_b0p05__wd1e-04trmiss0_degmodglobal,16,1e-05,0.0001,0.4,2.0,0.25,0.05,lr1e-05_bs16_drop0p4_temp2p0_a0p25_b0p05__wd1e-04trmiss0_degmodglobal,13,0.709297776222229,0.6844324469566345,0.7111111111111111,0.8558793058793059,0.6428571428571429,0.0,0.6111174076795578,0.6757749915122986,0.07272613048553467,0.30682485550642014,0.0,0.0,0.0,0.0,0.0,18473,global,0.0
2,1,lr1e-05_bs16_drop0p4_temp2p0_a0p25_b0p05__wd1e-04trmiss0_degmodglobal,16,1e-05,0.0001,0.4,2.0,0.25,0.05,lr1e-05_bs16_drop0p4_temp2p0_a0p25_b0p05__wd1e-04trmiss0_degmodglobal,14,0.7203716784715652,0.6839450597763062,0.7555555555555555,0.8863025863025864,0.6428571428571429,0.0,0.6511208266019821,0.6779455840587616,0.0942643340677023,0.3772001639008522,0.0,0.0,0.0,0.0,0.0,18473,global,0.0
2,1,lr1e-05_bs16_drop0p4_temp2p0_a0p25_b0p05__wd1e-04trmiss0_degmodglobal,16,1e-05,0.0001,0.4,2.0,0.25,0.05,lr1e-05_bs16_drop0p4_temp2p0_a0p25_b0p05__wd1e-04trmiss0_degmodglobal,15,0.7258335053920746,0.6814397573471069,0.7333333333333334,0.8622895622895626,0.6428571428571429,0.0,0.6247722208499908,0.6909262537956238,0.08619743213057518,0.26715779304504395,0.0,0.0,0.0,0.0,0.0,18473,global,0.0
2,1,lr1e-05_bs16_drop0p4_temp2p0_a0p25_b0p05__wd1e-04trmiss0_degmodglobal,16,1e-05,0.0001,0.4,2.0,0.25,0.05,lr1e-05_bs16_drop0p4_temp2p0_a0p25_b0p05__wd1e-04trmiss0_degmodglobal,16,0.7958774864673615,0.6744571924209595,0.7777777777777777,0.8927128427128428,0.6428571428571429,0.0,0.6070673912763596,0.7385425865650177,0.12569191306829453,0.5182382166385651,0.0,0.0,0.0,0.0,0.0,18473,global,0.0
2,1,lr1e-05_bs16_drop0p4_temp2p0_a0p25_b0p05__wd1e-04trmiss0_degmodglobal,16,1e-05,0.0001,0.4,2.0,0.25,0.05,lr1e-05_bs16_drop0p4_temp2p0_a0p25_b0p05__wd1e-04trmiss0_degmodglobal,17,0.7282982021570206,0.6795307993888855,0.7555555555555555,0.8741943241943244,0.6428571428571429,0.0,0.6120105534791946,0.6907202303409576,0.08248287253081799,0.33914490789175034,0.0,0.0,0.0,0.0,0.0,18473,global,0.0
2,1,lr1e-05_bs16_drop0p4_temp2p0_a0p25_b0p05__wd1e-04trmiss0_degmodglobal,16,1e-05,0.0001,0.4,2.0,0.25,0.05,lr1e-05_bs16_drop0p4_temp2p0_a0p25_b0p05__wd1e-04trmiss0_degmodglobal,18,0.7774318605661392,0.678928017616272,0.7333333333333334,0.8577040243706913,0.6428571428571429,0.0,0.6455267816781998,0.7270320355892181,0.11650718562304974,0.4254607930779457,0.0,0.0,0.0,0.0,0.0,18473,global,0.0
2,1,lr1e-05_bs16_drop0p4_temp2p0_a0p25_b0p05__wd1e-04trmiss0_degmodglobal,16,1e-05,0.0001,0.4,2.0,0.25,0.05,lr1e-05_bs16_drop0p4_temp2p0_a0p25_b0p05__wd1e-04trmiss0_degmodglobal,19,0.7430882751941681,0.6838403940200806,0.6888888888888889,0.8268398268398269,0.6428571428571429,0.0,0.6496230363845825,0.6910371780395508,0.11741536110639572,0.4539451375603676,0.0,0.0,0.0,0.0,0.0,18473,global,0.0
2,1,lr1e-05_bs16_drop0p4_temp2p0_a0p25_b0p05__wd1e-04trmiss0_degmodglobal,16,1e-05,0.0001,0.4,2.0,0.25,0.05,lr1e-05_bs16_drop0p4_temp2p0_a0p25_b0p05__wd1e-04trmiss0_degmodglobal,20,0.726236492395401,0.6838552355766296,0.6222222222222222,0.7675805675805676,0.6428571428571429,0.0,0.6500807404518127,0.6928921788930893,0.08202438428997993,0.2567646652460098,0.0,0.0,0.0,0.0,0.0,18473,global,0.0
2,1,lr1e-05_bs16_drop0p4_temp2p0_a0p25_b0p05__wd1e-04trmiss0_degmodglobal,16,1e-05,0.0001,0.4,2.0,0.25,0.05,lr1e-05_bs16_drop0p4_temp2p0_a0p25_b0p05__wd1e-04trmiss0_degmodglobal,21,0.6893193125724792,0.6805397868156433,0.6,0.7305435305435306,0.6428571428571429,0.0,0.5694573819637299,0.658003181219101,0.07137957587838173,0.26942507550120354,0.0,0.0,0.0,0.0,0.0,18473,global,0.0
2,1,lr1e-05_bs16_drop0p4_temp2p0_a0p25_b0p05__wd1e-04trmiss0_degmodglobal,16,1e-05,0.0001,0.4,2.0,0.25,0.05,lr1e-05_bs16_drop0p4_temp2p0_a0p25_b0p05__wd1e-04trmiss0_degmodglobal,22,0.7115043848752975,0.6796392798423767,0.6222222222222222,0.7472101972101972,0.6428571428571429,0.0,0.6114672720432281,0.6765016913414001,0.08196532353758812,0.2902272790670395,0.0,0.0,0.0,0.0,0.0,18473,global,0.0
2,1,lr1e-05_bs16_drop0p4_temp2p0_a0p25_b0p05__wd1e-04trmiss0_degmodglobal,16,1e-05,0.0001,0.4,2.0,0.25,0.05,lr1e-05_bs16_drop0p4_temp2p0_a0p25_b0p05__wd1e-04trmiss0_degmodglobal,23,0.7457513958215714,0.6793590188026428,0.6666666666666666,0.7639329805996473,0.6428571428571429,0.0,0.6421513557434082,0.7086849510669708,0.09092889167368412,0.28668468445539474,0.0,0.0,0.0,0.0,0.0,18473,global,0.0
2,1,lr1e-05_bs16_drop0p4_temp2p0_a0p25_b0p05__wd1e-04trmiss0_degmodglobal,16,1e-05,0.0001,0.4,2.0,0.25,0.05,lr1e-05_bs16_drop0p4_temp2p0_a0p25_b0p05__wd1e-04trmiss0_degmodglobal,24,0.7787382453680038,0.6776263117790222,0.6888888888888889,0.7787477954144622,0.6428571428571429,0.0,0.6043443828821182,0.7371819764375687,0.0860912250354886,0.40066920034587383,0.0,0.0,0.0,0.0,0.0,18473,global,0.0
2,1,lr1e-05_bs16_drop0p4_temp2p0_a0p25_b0p05__wd1e-04trmiss0_degmodglobal,16,1e-05,0.0001,0.4,2.0,0.25,0.05,lr1e-05_bs16_drop0p4_temp2p0_a0p25_b0p05__wd1e-04trmiss0_degmodglobal,25,0.7199872881174088,0.6822041273117065,0.6888888888888889,0.7787477954144622,0.6428571428571429,0.0,0.6172086149454117,0.6818650215864182,0.08539993036538363,0.3354455679655075,0.0,0.0,0.0,0.0,0.0,18473,global,0.0
2,1,lr1e-05_bs16_drop0p4_temp2p0_a0p25_b0p05__wd1e-04trmiss0_degmodglobal,16,1e-05,0.0001,0.4,2.0,0.25,0.05,lr1e-05_bs16_drop0p4_temp2p0_a0p25_b0p05__wd1e-04trmiss0_degmodglobal,26,0.6723540723323822,0.681174635887146,0.6666666666666666,0.7231922398589066,0.6428571428571429,0.0,0.6284189969301224,0.6437534689903259,0.0668944614008069,0.23753956705331802,0.0,0.0,0.0,0.0,0.0,18473,global,0.0
2,1,lr1e-05_bs16_drop0p4_temp2p0_a0p25_b0p05__wd1e-04trmiss0_degmodglobal,16,1e-05,0.0001,0.4,2.0,0.25,0.05,lr1e-05_bs16_drop0p4_temp2p0_a0p25_b0p05__wd1e-04trmiss0_degmodglobal,27,0.7403911799192429,0.6822310090065002,0.6888888888888889,0.7787477954144622,0.6428571428571429,0.0,0.5777232199907303,0.6940943002700806,0.10783344693481922,0.3867703527212143,0.0,0.0,0.0,0.0,0.0,18473,global,0.0
2,1,lr1e-05_bs16_drop0p4_temp2p0_a0p25_b0p05__wd1e-04trmiss0_degmodglobal,16,1e-05,0.0001,0.4,2.0,0.25,0.05,lr1e-05_bs16_drop0p4_temp2p0_a0p25_b0p05__wd1e-04trmiss0_degmodglobal,28,0.6889918148517609,0.6816719770431519,0.6666666666666666,0.7231922398589066,0.6428571428571429,0.0,0.6156649887561798,0.6532848477363586,0.08244621939957142,0.30190854519605637,0.0,0.0,0.0,0.0,0.0,18473,global,0.0
2,1,lr1e-05_bs16_drop0p4_temp2p0_a0p25_b0p05__wd1e-04trmiss0_degmodglobal,16,1e-05,0.0001,0.4,2.0,0.25,0.05,lr1e-05_bs16_drop0p4_temp2p0_a0p25_b0p05__wd1e-04trmiss0_degmodglobal,29,0.7028169929981232,0.6865695118904114,0.6666666666666667,0.7723375390042058,0.6428571428571429,0.0,0.649107813835144,0.6737492084503174,0.06859162170439959,0.23839797545224428,0.0,0.0,0.0,0.0,0.0,18473,global,0.0
2,1,lr1e-05_bs16_drop0p4_temp2p0_a0p25_b0p05__wd1e-04trmiss0_degmodglobal,16,1e-05,0.0001,0.4,2.0,0.25,0.05,lr1e-05_bs16_drop0p4_temp2p0_a0p25_b0p05__wd1e-04trmiss0_degmodglobal,30,0.6948472708463669,0.6850544214248657,0.6222222222222222,0.7064694564694566,0.6428571428571429,0.0,0.6172938197851181,0.6630668640136719,0.0772362407296896,0.2494267262518406,0.0,0.0,0.0,0.0,0.0,18473,global,0.0
2,1,lr1e-05_bs16_drop0p4_temp2p0_a0p25_b0p05__wd1e-04trmiss0_degmodglobal,16,1e-05,0.0001,0.4,2.0,0.25,0.05,lr1e-05_bs16_drop0p4_temp2p0_a0p25_b0p05__wd1e-04trmiss0_degmodglobal,31,0.7167688012123108,0.6864300966262817,0.6222222222222222,0.7064694564694566,0.6428571428571429,0.0,0.6542778462171555,0.6755739152431488,0.09731204062700272,0.3373376280069351,0.0,0.0,0.0,0.0,0.0,18473,global,0.0
2,1,lr1e-05_bs16_drop0p4_temp2p0_a0p25_b0p05__wd1e-04trmiss0_degmodglobal,16,1e-05,0.0001,0.4,2.0,0.25,0.05,lr1e-05_bs16_drop0p4_temp2p0_a0p25_b0p05__wd1e-04trmiss0_degmodglobal,32,0.6817523539066315,0.6853392124176025,0.6888888888888889,0.785565052231719,0.6428571428571429,0.0,0.5826639086008072,0.6489750891923904,0.07229351904243231,0.2940775565803051,0.0,0.0,0.0,0.0,0.0,18473,global,0.0
2,1,lr1e-05_bs16_drop0p4_temp2p0_a0p25_b0p05__wd1e-04trmiss0_degmodglobal,16,1e-05,0.0001,0.4,2.0,0.25,0.05,lr1e-05_bs16_drop0p4_temp2p0_a0p25_b0p05__wd1e-04trmiss0_degmodglobal,33,0.7415465265512466,0.6830059289932251,0.6666666666666667,0.7723375390042058,0.6428571428571429,0.0,0.6109960675239563,0.7041065692901611,0.07920270226895809,0.3527858182787895,0.0,0.0,0.0,0.0,0.0,18473,global,0.0
2,1,lr1e-05_bs16_drop0p4_temp2p0_a0p25_b0p05__wd1e-04trmiss0_degmodglobal,16,1e-05,0.0001,0.4,2.0,0.25,0.05,lr1e-05_bs16_drop0p4_temp2p0_a0p25_b0p05__wd1e-04trmiss0_degmodglobal,34,0.7210491746664047,0.6788856387138367,0.6666666666666667,0.7723375390042058,0.6428571428571429,0.0,0.6319718956947327,0.6896608173847198,0.06953016296029091,0.28011657670140266,0.0,0.0,0.0,0.0,0.0,18473,global,0.0
2,1,lr1e-05_bs16_drop0p4_temp2p0_a0p25_b0p05__wd1e-04trmiss0_degmodglobal,16,1e-05,0.0001,0.4,2.0,0.25,0.05,lr1e-05_bs16_drop0p4_temp2p0_a0p25_b0p05__wd1e-04trmiss0_degmodglobal,35,0.708870604634285,0.6822842359542847,0.6444444444444444,0.7642567309233976,0.6428571428571429,0.0,0.6179517209529877,0.671607255935669,0.08430672436952591,0.3237333595752716,0.0,0.0,0.0,0.0,0.0,18473,global,0.0
2,1,lr1e-05_bs16_drop0p4_temp2p0_a0p25_b0p05__wd1e-04trmiss0_degmodglobal,16,1e-05,0.0001,0.4,2.0,0.25,0.05,lr1e-05_bs16_drop0p4_temp2p0_a0p25_b0p05__wd1e-04trmiss0_degmodglobal,36,0.725010484457016,0.6844941973686218,0.6222222222222222,0.7494419161085828,0.6428571428571429,0.0,0.6128461807966232,0.6954450756311417,0.07076485548168421,0.23748404905200005,0.0,0.0,0.0,0.0,0.0,18473,global,0.0
2,2,lr1e-04_bs8_drop0p2_temp1p0_a0p25_b0p05__wd1e-04trmiss0_degmodglobal,8,0.0001,0.0001,0.2,1.0,0.25,0.05,lr1e-04_bs8_drop0p2_temp1p0_a0p25_b0p05__wd1e-04trmiss0_degmodglobal,1,0.742742623601641,0.6645849645137787,0.75,0.8297979797979798,0.5384615384615384,0.0,0.7166328345026288,0.7250243255070278,0.04987455079598086,0.10499323239283902,0.0,0.0,0.0,0.0,0.0,18473,global,0.0
2,2,lr1e-04_bs8_drop0p2_temp1p0_a0p25_b0p05__wd1e-04trmiss0_degmodglobal,8,0.0001,0.0001,0.2,1.0,0.25,0.05,lr1e-04_bs8_drop0p2_temp1p0_a0p25_b0p05__wd1e-04trmiss0_degmodglobal,2,0.7378133109637669,0.6539386808872223,0.7749999999999999,0.8388888888888889,0.6153846153846154,0.0,0.6950858150209699,0.7243741069521222,0.038101865244763236,0.07827493654830116,0.0,0.0,0.0,0.0,0.0,18473,global,0.0
2,2,lr1e-04_bs8_drop0p2_temp1p0_a0p25_b0p05__wd1e-04trmiss0_degmodglobal,8,0.0001,0.0001,0.2,1.0,0.25,0.05,lr1e-04_bs8_drop0p2_temp1p0_a0p25_b0p05__wd1e-04trmiss0_degmodglobal,3,0.7198583483695984,0.6493198573589325,0.75,0.8297979797979798,0.6923076923076923,0.0,0.6768912162099566,0.7052256039210728,0.03994022788746016,0.09295403398573399,0.0,0.0,0.0,0.0,0.0,18473,global,0.0
2,2,lr1e-04_bs8_drop0p2_temp1p0_a0p25_b0p05__wd1e-04trmiss0_degmodglobal,8,0.0001,0.0001,0.2,1.0,0.25,0.05,lr1e-04_bs8_drop0p2_temp1p0_a0p25_b0p05__wd1e-04trmiss0_degmodglobal,4,0.6903290237699237,0.64687779545784,0.7749999999999999,0.8610479797979798,0.6153846153846154,0.0,0.6231393814086914,0.6726008994238717,0.04880759652171816,0.1105245468871934,0.0,0.0,0.0,0.0,0.0,18473,global,0.0
2,2,lr1e-04_bs8_drop0p2_temp1p0_a0p25_b0p05__wd1e-04trmiss0_degmodglobal,8,0.0001,0.0001,0.2,1.0,0.25,0.05,lr1e-04_bs8_drop0p2_temp1p0_a0p25_b0p05__wd1e-04trmiss0_degmodglobal,5,0.6741034303392682,0.6449277400970459,0.875,0.9067956349206349,0.5384615384615384,0.0,0.6137883407729012,0.6548016241618565,0.05527532260332789,0.1096593306532928,0.0,0.0,0.0,0.0,0.0,18473,global,0.0
2,2,lr1e-04_bs8_drop0p2_temp1p0_a0p25_b0p05__wd1e-04trmiss0_degmodglobal,8,0.0001,0.0001,0.2,1.0,0.25,0.05,lr1e-04_bs8_drop0p2_temp1p0_a0p25_b0p05__wd1e-04trmiss0_degmodglobal,6,0.6510045187813895,0.6465270817279816,0.8,0.8553436147186148,0.7692307692307693,0.0,0.579549810716084,0.6296120796884809,0.05645538068243435,0.14557200457368577,0.0,0.0,0.0,0.0,0.0,18473,global,0.0
2,2,lr1e-04_bs8_drop0p2_temp1p0_a0p25_b0p05__wd1e-04trmiss0_degmodglobal,8,0.0001,0.0001,0.2,1.0,0.25,0.05,lr1e-04_bs8_drop0p2_temp1p0_a0p25_b0p05__wd1e-04trmiss0_degmodglobal,7,0.6517065337726048,0.6384874284267426,0.75,0.8297979797979798,0.7692307692307693,0.0,0.5887778401374817,0.6307776996067592,0.058872556047780175,0.12421418513570513,0.0,0.0,0.0,0.0,0.0,18473,global,0.0
2,2,lr1e-04_bs8_drop0p2_temp1p0_a0p25_b0p05__wd1e-04trmiss0_degmodglobal,8,0.0001,0.0001,0.2,1.0,0.25,0.05,lr1e-04_bs8_drop0p2_temp1p0_a0p25_b0p05__wd1e-04trmiss0_degmodglobal,8,0.6213588459151131,0.6305752694606781,0.775,0.8647186147186147,0.6153846153846154,0.0,0.5537829611982618,0.5977000508989606,0.06893448371972356,0.1285034136048385,0.0,0.0,0.0,0.0,0.0,18473,global,0.0
2,2,lr1e-04_bs8_drop0p2_temp1p0_a0p25_b0p05__wd1e-04trmiss0_degmodglobal,8,0.0001,0.0001,0.2,1.0,0.25,0.05,lr1e-04_bs8_drop0p2_temp1p0_a0p25_b0p05__wd1e-04trmiss0_degmodglobal,9,0.6343457869121006,0.6286878287792206,0.775,0.8647186147186147,0.6153846153846154,0.0,0.5840709805488586,0.6109761084829058,0.06497433994497571,0.1425217656152589,0.0,0.0,0.0,0.0,0.0,18473,global,0.0
2,2,lr1e-04_bs8_drop0p2_temp1p0_a0p25_b0p05__wd1e-04trmiss0_degmodglobal,8,0.0001,0.0001,0.2,1.0,0.25,0.05,lr1e-04_bs8_drop0p2_temp1p0_a0p25_b0p05__wd1e-04trmiss0_degmodglobal,10,0.6340197154453823,0.6309136748313904,0.75,0.865909090909091,0.6923076923076923,0.0,0.5679531948907035,0.6165856804166522,0.04883110124085631,0.10452523188931602,0.0,0.0,0.0,0.0,0.0,18473,global,0.0
2,2,lr1e-04_bs8_drop0p2_temp1p0_a0p25_b0p05__wd1e-04trmiss0_degmodglobal,8,0.0001,0.0001,0.2,1.0,0.25,0.05,lr1e-04_bs8_drop0p2_temp1p0_a0p25_b0p05__wd1e-04trmiss0_degmodglobal,11,0.6219591753823417,0.6429987251758575,0.75,0.8334686147186147,0.6153846153846154,0.0,0.5496530617986407,0.5958148581641061,0.07065574399062566,0.16960760951042175,0.0,0.0,0.0,0.0,0.0,18473,global,0.0
2,2,lr1e-04_bs8_drop0p2_temp1p0_a0p25_b0p05__wd1e-04trmiss0_degmodglobal,8,0.0001,0.0001,0.2,1.0,0.25,0.05,lr1e-04_bs8_drop0p2_temp1p0_a0p25_b0p05__wd1e-04trmiss0_degmodglobal,12,0.6478544643947056,0.6350533962249756,0.675,0.8148674242424242,0.6923076923076923,0.0,0.5801317095756531,0.6225544810295105,0.06630376247423035,0.17448103534323828,0.0,0.0,0.0,0.0,0.0,18473,global,0.0
2,2,lr1e-04_bs8_drop0p2_temp1p0_a0p25_b0p05__wd1e-04trmiss0_degmodglobal,8,0.0001,0.0001,0.2,1.0,0.25,0.05,lr1e-04_bs8_drop0p2_temp1p0_a0p25_b0p05__wd1e-04trmiss0_degmodglobal,13,0.6091383269854954,0.6251017451286316,0.7,0.8398674242424242,0.7692307692307693,0.0,0.5474175640514919,0.5880936213902065,0.05834854394197464,0.12915135494300298,0.0,0.0,0.0,0.0,0.0,18473,global,0.0
2,2,lr1e-04_bs8_drop0p2_temp1p0_a0p25_b0p05__wd1e-04trmiss0_degmodglobal,8,0.0001,0.0001,0.2,1.0,0.25,0.05,lr1e-04_bs8_drop0p2_temp1p0_a0p25_b0p05__wd1e-04trmiss0_degmodglobal,14,0.6063450574874878,0.6272304058074951,0.625,0.7862959956709956,0.6923076923076923,0.0,0.537990927696228,0.5840629083769662,0.06441896089485713,0.12354797497391701,0.0,0.0,0.0,0.0,0.0,18473,global,0.0
2,2,lr1e-04_bs8_drop0p2_temp1p0_a0p25_b0p05__wd1e-04trmiss0_degmodglobal,8,0.0001,0.0001,0.2,1.0,0.25,0.05,lr1e-04_bs8_drop0p2_temp1p0_a0p25_b0p05__wd1e-04trmiss0_degmodglobal,15,0.6100633229528155,0.6269437074661255,0.625,0.7862959956709956,0.6923076923076923,0.0,0.5387082014765058,0.5838858570371356,0.07232345747096199,0.1619322406394141,0.0,0.0,0.0,0.0,0.0,18473,global,0.0
2,2,lr1e-04_bs8_drop0p2_temp1p0_a0p25_b0p05__wd1e-04trmiss0_degmodglobal,8,0.0001,0.0001,0.2,1.0,0.25,0.05,lr1e-04_bs8_drop0p2_temp1p0_a0p25_b0p05__wd1e-04trmiss0_degmodglobal,16,0.5968981470380511,0.6313644051551819,0.7,0.8260281385281385,0.7692307692307693,0.0,0.5261481021131788,0.5745641759463719,0.06591838012848582,0.11708762283836092,0.0,0.0,0.0,0.0,0.0,18473,global,0.0
2,2,lr1e-04_bs8_drop0p2_temp1p0_a0p25_b0p05__wd1e-04trmiss0_degmodglobal,8,0.0001,0.0001,0.2,1.0,0.25,0.05,lr1e-04_bs8_drop0p2_temp1p0_a0p25_b0p05__wd1e-04trmiss0_degmodglobal,17,0.597939133644104,0.6369109749794006,0.675,0.8093614718614719,0.7692307692307693,0.0,0.5187832968575614,0.5755641630717686,0.05825976814542498,0.1562006867357663,0.0,0.0,0.0,0.0,0.0,18473,global,0.0
2,2,lr1e-04_bs8_drop0p2_temp1p0_a0p25_b0p05__wd1e-04trmiss0_degmodglobal,8,0.0001,0.0001,0.2,1.0,0.25,0.05,lr1e-04_bs8_drop0p2_temp1p0_a0p25_b0p05__wd1e-04trmiss0_degmodglobal,18,0.6066765018871852,0.6239753663539886,0.7,0.8260281385281385,0.7692307692307693,0.0,0.5406883103506905,0.5841595956257412,0.06483411682503563,0.12616747617721558,0.0,0.0,0.0,0.0,0.0,18473,global,0.0
2,2,lr1e-04_bs8_drop0p2_temp1p0_a0p25_b0p05__wd1e-04trmiss0_degmodglobal,8,0.0001,0.0001,0.2,1.0,0.25,0.05,lr1e-04_bs8_drop0p2_temp1p0_a0p25_b0p05__wd1e-04trmiss0_degmodglobal,19,0.5928945285933358,0.6259969770908356,0.7,0.8260281385281385,0.7692307692307693,0.0,0.5233950231756482,0.5691936186381749,0.06478816164391381,0.15007781237363815,0.0,0.0,0.0,0.0,0.0,18473,global,0.0
2,2,lr1e-04_bs8_drop0p2_temp1p0_a0p25_b0p05__wd1e-04trmiss0_degmodglobal,8,0.0001,0.0001,0.2,1.0,0.25,0.05,lr1e-04_bs8_drop0p2_temp1p0_a0p25_b0p05__wd1e-04trmiss0_degmodglobal,20,0.5763167994362968,0.6251232028007507,0.65,0.7982007575757575,0.7692307692307693,0.0,0.49675523809024263,0.5549411858831134,0.06115751873169627,0.12172444590500422,0.0,0.0,0.0,0.0,0.0,18473,global,0.0
2,2,lr1e-04_bs8_drop0p2_temp1p0_a0p25_b0p05__wd1e-04trmiss0_degmodglobal,8,0.0001,0.0001,0.2,1.0,0.25,0.05,lr1e-04_bs8_drop0p2_temp1p0_a0p25_b0p05__wd1e-04trmiss0_degmodglobal,21,0.5639539361000061,0.6171265244483948,0.7,0.8197781385281385,0.7692307692307693,0.0,0.5436049018587384,0.5412007442542485,0.06720863708427974,0.119020797844444,0.0,0.0,0.0,0.0,0.0,18473,global,0.0
2,2,lr1e-04_bs8_drop0p2_temp1p0_a0p25_b0p05__wd1e-04trmiss0_degmodglobal,8,0.0001,0.0001,0.2,1.0,0.25,0.05,lr1e-04_bs8_drop0p2_temp1p0_a0p25_b0p05__wd1e-04trmiss0_degmodglobal,22,0.5699877653803144,0.6146928071975708,0.775,0.8763257575757576,0.7692307692307693,0.0,0.5072616977351052,0.5434353692190987,0.0770484512405736,0.14580573354448592,0.0,0.0,0.0,0.0,0.0,18473,global,0.0
2,2,lr1e-04_bs8_drop0p2_temp1p0_a0p25_b0p05__wd1e-04trmiss0_degmodglobal,8,0.0001,0.0001,0.2,1.0,0.25,0.05,lr1e-04_bs8_drop0p2_temp1p0_a0p25_b0p05__wd1e-04trmiss0_degmodglobal,23,0.5881101872239795,0.615112841129303,0.725,0.8409090909090909,0.7692307692307693,0.0,0.5094005210059029,0.5561414659023285,0.08804258278438024,0.19916120916604996,0.0,0.0,0.0,0.0,0.0,18473,global,0.0
2,2,lr1e-04_bs8_drop0p2_temp1p0_a0p25_b0p05__wd1e-04trmiss0_degmodglobal,8,0.0001,0.0001,0.2,1.0,0.25,0.05,lr1e-04_bs8_drop0p2_temp1p0_a0p25_b0p05__wd1e-04trmiss0_degmodglobal,24,0.6009721074785505,0.6217171251773834,0.725,0.8409090909090909,0.6923076923076923,0.0,0.5604669920035771,0.5781980838094439,0.06287252610283238,0.14111756959131785,0.0,0.0,0.0,0.0,0.0,18473,global,0.0
2,2,lr1e-04_bs8_drop0p2_temp1p0_a0p25_b0p05__wd1e-04trmiss0_degmodglobal,8,0.0001,0.0001,0.2,1.0,0.25,0.05,lr1e-04_bs8_drop0p2_temp1p0_a0p25_b0p05__wd1e-04trmiss0_degmodglobal,25,0.5663324594497681,0.6199949979782104,0.65,0.7781114718614719,0.7692307692307693,0.0,0.5088245442935398,0.5402035542896816,0.07177736556955747,0.16369131047810828,0.0,0.0,0.0,0.0,0.0,18473,global,0.0
2,2,lr1e-04_bs8_drop0p2_temp2p0_a0p25_b0p05__wd1e-04trmiss0_degmodglobal,8,0.0001,0.0001,0.2,2.0,0.25,0.05,lr1e-04_bs8_drop0p2_temp2p0_a0p25_b0p05__wd1e-04trmiss0_degmodglobal,1,0.7506589719227382,0.6809904277324677,0.675,0.8253787878787878,0.6153846153846154,0.0,0.69144777740751,0.7326868346759251,0.039318435692361424,0.1628504917025566,0.0,0.0,0.0,0.0,0.0,18473,global,0.0
2,2,lr1e-04_bs8_drop0p2_temp2p0_a0p25_b0p05__wd1e-04trmiss0_degmodglobal,8,0.0001,0.0001,0.2,2.0,0.25,0.05,lr1e-04_bs8_drop0p2_temp2p0_a0p25_b0p05__wd1e-04trmiss0_degmodglobal,2,0.7115325246538434,0.6811345219612122,0.7,0.8628787878787878,0.6153846153846154,0.0,0.6745980041367667,0.6912013207163129,0.042027956140892844,0.19648439011403493,0.0,0.0,0.0,0.0,0.0,18473,global,0.0
2,2,lr1e-04_bs8_drop0p2_temp2p0_a0p25_b0p05__wd1e-04trmiss0_degmodglobal,8,0.0001,0.0001,0.2,2.0,0.25,0.05,lr1e-04_bs8_drop0p2_temp2p0_a0p25_b0p05__wd1e-04trmiss0_degmodglobal,3,0.6935117755617414,0.6780826151371002,0.7,0.8628787878787878,0.6153846153846154,0.0,0.6515155945505414,0.6717324086597988,0.044734058901667595,0.2119170076080731,0.0,0.0,0.0,0.0,0.0,18473,global,0.0
2,2,lr1e-04_bs8_drop0p2_temp2p0_a0p25_b0p05__wd1e-04trmiss0_degmodglobal,8,0.0001,0.0001,0.2,2.0,0.25,0.05,lr1e-04_bs8_drop0p2_temp2p0_a0p25_b0p05__wd1e-04trmiss0_degmodglobal,4,0.6755526321274894,0.6738945543766022,0.675,0.8420454545454545,0.46153846153846156,0.0,0.6166981714112418,0.650165319442749,0.050725204071828296,0.25412000502858845,0.0,0.0,0.0,0.0,0.0,18473,global,0.0
2,2,lr1e-04_bs8_drop0p2_temp2p0_a0p25_b0p05__wd1e-04trmiss0_degmodglobal,8,0.0001,0.0001,0.2,2.0,0.25,0.05,lr1e-04_bs8_drop0p2_temp2p0_a0p25_b0p05__wd1e-04trmiss0_degmodglobal,5,0.6512250815119062,0.6671512722969055,0.65,0.8170454545454545,0.46153846153846156,0.0,0.6094655650002616,0.6303554092134748,0.0421232416161469,0.20677732356957026,0.0,0.0,0.0,0.0,0.0,18473,global,0.0
2,2,lr1e-04_bs8_drop0p2_temp2p0_a0p25_b0p05__wd1e-04trmiss0_degmodglobal,8,0.0001,0.0001,0.2,2.0,0.25,0.05,lr1e-04_bs8_drop0p2_temp2p0_a0p25_b0p05__wd1e-04trmiss0_degmodglobal,6,0.6605006541524615,0.6621496677398682,0.6,0.7854978354978355,0.46153846153846156,0.0,0.6096420543534415,0.6434635945728847,0.03707578671830041,0.1553624187197004,0.0,0.0,0.0,0.0,0.0,18473,global,0.0
2,2,lr1e-04_bs8_drop0p2_temp2p0_a0p25_b0p05__wd1e-04trmiss0_degmodglobal,8,0.0001,0.0001,0.2,2.0,0.25,0.05,lr1e-04_bs8_drop0p2_temp2p0_a0p25_b0p05__wd1e-04trmiss0_degmodglobal,7,0.644489586353302,0.6633842885494232,0.55,0.7430871212121212,0.46153846153846156,0.0,0.5903961488178798,0.6258754730224609,0.038882662409118245,0.17786924008812224,0.0,0.0,0.0,0.0,0.0,18473,global,0.0
2,2,lr1e-04_bs8_drop0p2_temp2p0_a0p25_b0p05__wd1e-04trmiss0_degmodglobal,8,0.0001,0.0001,0.2,2.0,0.25,0.05,lr1e-04_bs8_drop0p2_temp2p0_a0p25_b0p05__wd1e-04trmiss0_degmodglobal,8,0.638700008392334,0.6611321866512299,0.525,0.7014204545454545,0.46153846153846156,0.0,0.5720829708235604,0.6187315327780587,0.045540432046566694,0.17166753911546298,0.0,0.0,0.0,0.0,0.0,18473,global,0.0
2,2,lr1e-04_bs8_drop0p2_temp2p0_a0p25_b0p05__wd1e-04trmiss0_degmodglobal,8,0.0001,0.0001,0.2,2.0,0.25,0.05,lr1e-04_bs8_drop0p2_temp2p0_a0p25_b0p05__wd1e-04trmiss0_degmodglobal,9,0.6303995762552533,0.6602663993835449,0.55,0.7180871212121213,0.46153846153846156,0.0,0.5643932393618992,0.6109618885176522,0.04329619450228555,0.172273046204022,0.0,0.0,0.0,0.0,0.0,18473,global,0.0
2,2,lr1e-04_bs8_drop0p2_temp2p0_a0p25_b0p05__wd1e-04trmiss0_degmodglobal,8,0.0001,0.0001,0.2,2.0,0.25,0.05,lr1e-04_bs8_drop0p2_temp2p0_a0p25_b0p05__wd1e-04trmiss0_degmodglobal,10,0.6146641969680786,0.660271555185318,0.575,0.7597537878787879,0.46153846153846156,0.0,0.5577070968491691,0.5914901920727321,0.053232098796537945,0.19731937029532023,0.0,0.0,0.0,0.0,0.0,18473,global,0.0
2,2,lr1e-04_bs8_drop0p2_temp2p0_a0p25_b0p05__wd1e-04trmiss0_degmodglobal,8,0.0001,0.0001,0.2,2.0,0.25,0.05,lr1e-04_bs8_drop0p2_temp2p0_a0p25_b0p05__wd1e-04trmiss0_degmodglobal,11,0.617017388343811,0.6587506830692291,0.575,0.7597537878787879,0.5384615384615384,0.0,0.5639914699963161,0.5921460049492973,0.05708807706832886,0.21198711224964686,0.0,0.0,0.0,0.0,0.0,18473,global,0.0
2,2,lr1e-04_bs8_drop0p2_temp2p0_a0p25_b0p05__wd1e-04trmiss0_degmodglobal,8,0.0001,0.0001,0.2,2.0,0.25,0.05,lr1e-04_bs8_drop0p2_temp2p0_a0p25_b0p05__wd1e-04trmiss0_degmodglobal,12,0.6161753620420184,0.6574253737926483,0.55,0.7180871212121213,0.46153846153846156,0.0,0.5696332795279366,0.5926026787076678,0.053815994411706924,0.20237349293061666,0.0,0.0,0.0,0.0,0.0,18473,global,0.0
2,2,lr1e-04_bs8_drop0p2_temp2p0_a0p25_b0p05__wd1e-04trmiss0_degmodglobal,8,0.0001,0.0001,0.2,2.0,0.25,0.05,lr1e-04_bs8_drop0p2_temp2p0_a0p25_b0p05__wd1e-04trmiss0_degmodglobal,13,0.5930555377687726,0.6544618308544159,0.575,0.7292478354978356,0.5384615384615384,0.0,0.5573796033859253,0.5667155470166888,0.05947345814534596,0.22943248440112388,0.0,0.0,0.0,0.0,0.0,18473,global,0.0
2,2,lr1e-04_bs8_drop0p2_temp2p0_a0p25_b0p05__wd1e-04trmiss0_degmodglobal,8,0.0001,0.0001,0.2,2.0,0.25,0.05,lr1e-04_bs8_drop0p2_temp2p0_a0p25_b0p05__wd1e-04trmiss0_degmodglobal,14,0.601036548614502,0.6564913690090179,0.575,0.7264204545454546,0.5384615384615384,0.0,0.5324412839753287,0.5748295528548104,0.06508702252592359,0.1987044151340212,0.0,0.0,0.0,0.0,0.0,18473,global,0.0
2,2,lr1e-04_bs8_drop0p2_temp2p0_a0p25_b0p05__wd1e-04trmiss0_degmodglobal,8,0.0001,0.0001,0.2,2.0,0.25,0.05,lr1e-04_bs8_drop0p2_temp2p0_a0p25_b0p05__wd1e-04trmiss0_degmodglobal,15,0.5731314761298043,0.6593564450740814,0.44999999999999996,0.6183351370851371,0.5384615384615384,0.0,0.5481244325637817,0.5446688447679792,0.07010476770145553,0.21872866579464503,0.0,0.0,0.0,0.0,0.0,18473,global,0.0
2,2,lr1e-04_bs8_drop0p2_temp2p0_a0p25_b0p05__wd1e-04trmiss0_degmodglobal,8,0.0001,0.0001,0.2,2.0,0.25,0.05,lr1e-04_bs8_drop0p2_temp2p0_a0p25_b0p05__wd1e-04trmiss0_degmodglobal,16,0.5930692212922233,0.651750773191452,0.5,0.6389204545454545,0.5384615384615384,0.0,0.5482896566390991,0.5681390932628086,0.05730535462498665,0.21207582737718308,0.0,0.0,0.0,0.0,0.0,18473,global,0.0
2,2,lr1e-04_bs8_drop0p2_temp2p0_a0p25_b0p05__wd1e-04trmiss0_degmodglobal,8,0.0001,0.0001,0.2,2.0,0.25,0.05,lr1e-04_bs8_drop0p2_temp2p0_a0p25_b0p05__wd1e-04trmiss0_degmodglobal,17,0.5827860832214355,0.6484228670597076,0.5499999999999999,0.6667478354978356,0.5384615384615384,0.0,0.5308896047728402,0.5608798520905631,0.05766543745994568,0.14979734271764755,0.0,0.0,0.0,0.0,0.0,18473,global,0.0
2,2,lr1e-04_bs8_drop0p2_temp2p0_a0p25_b0p05__wd1e-04trmiss0_degmodglobal,8,0.0001,0.0001,0.2,2.0,0.25,0.05,lr1e-04_bs8_drop0p2_temp2p0_a0p25_b0p05__wd1e-04trmiss0_degmodglobal,18,0.5768339208194188,0.6505692601203918,0.575,0.6750811688311689,0.6153846153846154,0.0,0.5368651279381343,0.5550913299833026,0.05445004414234843,0.16260154651744024,0.0,0.0,0.0,0.0,0.0,18473,global,0.0
2,2,lr1e-04_bs8_drop0p2_temp2p0_a0p25_b0p05__wd1e-04trmiss0_degmodglobal,8,0.0001,0.0001,0.2,2.0,0.25,0.05,lr1e-04_bs8_drop0p2_temp2p0_a0p25_b0p05__wd1e-04trmiss0_degmodglobal,19,0.5957686049597604,0.6561146378517151,0.575,0.7209145021645021,0.6153846153846154,0.0,0.5553264447620937,0.5656584032944271,0.07320371429835047,0.2361855528184346,0.0,0.0,0.0,0.0,0.0,18473,global,0.0
2,2,lr1e-04_bs8_drop0p2_temp2p0_a0p25_b0p05__wd1e-04trmiss0_degmodglobal,8,0.0001,0.0001,0.2,2.0,0.25,0.05,lr1e-04_bs8_drop0p2_temp2p0_a0p25_b0p05__wd1e-04trmiss0_degmodglobal,20,0.5639272928237915,0.6565787494182587,0.6,0.7375811688311689,0.6153846153846154,0.0,0.5171141113553729,0.5404316357203892,0.05582037940621376,0.190811425447464,0.0,0.0,0.0,0.0,0.0,18473,global,0.0
2,2,lr1e-04_bs8_drop0p2_temp2p0_a0p25_b0p05__wd1e-04trmiss0_degmodglobal,8,0.0001,0.0001,0.2,2.0,0.25,0.05,lr1e-04_bs8_drop0p2_temp2p0_a0p25_b0p05__wd1e-04trmiss0_degmodglobal,21,0.5894385576248169,0.6549682021141052,0.625,0.7524621212121212,0.6153846153846154,0.0,0.5284192647252764,0.5574262312480381,0.07562299285616193,0.26213186234235764,0.0,0.0,0.0,0.0,0.0,18473,global,0.0
2,2,lr1e-04_bs8_drop0p2_temp2p0_a0p25_b0p05__wd1e-04trmiss0_degmodglobal,8,0.0001,0.0001,0.2,2.0,0.25,0.05,lr1e-04_bs8_drop0p2_temp2p0_a0p25_b0p05__wd1e-04trmiss0_degmodglobal,22,0.5870396665164402,0.6617323160171509,0.5499999999999999,0.7125811688311688,0.5384615384615384,0.0,0.5416923931666783,0.5598567383629935,0.06595755847437042,0.21387075100626265,0.0,0.0,0.0,0.0,0.0,18473,global,0.0
2,2,lr1e-04_bs8_drop0p2_temp2p0_a0p25_b0p05__wd1e-04trmiss0_degmodglobal,8,0.0001,0.0001,0.2,2.0,0.25,0.05,lr1e-04_bs8_drop0p2_temp2p0_a0p25_b0p05__wd1e-04trmiss0_degmodglobal,23,0.5856292077473232,0.6610802412033081,0.525,0.7014204545454545,0.5384615384615384,0.0,0.5348395534924099,0.5595248298985618,0.067788549299751,0.18314447200724057,0.0,0.0,0.0,0.0,0.0,18473,global,0.0
2,2,lr1e-04_bs8_drop0p2_temp2p0_a0p25_b0p05__wd1e-04trmiss0_degmodglobal,8,0.0001,0.0001,0.2,2.0,0.25,0.05,lr1e-04_bs8_drop0p2_temp2p0_a0p25_b0p05__wd1e-04trmiss0_degmodglobal,24,0.5674750890050616,0.6582708358764648,0.5,0.6895156926406927,0.5384615384615384,0.0,0.5184138332094465,0.5474202462605068,0.04908278797354017,0.1556829639843532,0.0,0.0,0.0,0.0,0.0,18473,global,0.0
2,2,lr1e-04_bs8_drop0p2_temp2p0_a0p25_b0p05__wd1e-04trmiss0_degmodglobal,8,0.0001,0.0001,0.2,2.0,0.25,0.05,lr1e-04_bs8_drop0p2_temp2p0_a0p25_b0p05__wd1e-04trmiss0_degmodglobal,25,0.5874395711081368,0.6583613455295563,0.525,0.7014204545454545,0.5384615384615384,0.0,0.5263846857207162,0.5602172527994428,0.0673727233495031,0.2075827813574246,0.0,0.0,0.0,0.0,0.0,18473,global,0.0
2,2,lr1e-04_bs8_drop0p4_temp1p0_a0p25_b0p05__wd1e-04trmiss0_degmodglobal,8,0.0001,0.0001,0.4,1.0,0.25,0.05,lr1e-04_bs8_drop0p4_temp1p0_a0p25_b0p05__wd1e-04trmiss0_degmodglobal,1,0.7343757322856358,0.6871907711029053,0.5249999999999999,0.6557921245421247,0.5384615384615384,0.0,0.7358102713312421,0.6927981546946934,0.10009990951844625,0.3310519882610866,0.0,0.0,0.0,0.0,0.0,18473,global,0.0
2,2,lr1e-04_bs8_drop0p4_temp1p0_a0p25_b0p05__wd1e-04trmiss0_degmodglobal,8,0.0001,0.0001,0.4,1.0,0.25,0.05,lr1e-04_bs8_drop0p4_temp1p0_a0p25_b0p05__wd1e-04trmiss0_degmodglobal,2,0.6750450985772269,0.6814689040184021,0.5249999999999999,0.6557921245421247,0.5384615384615384,0.0,0.7172068783215114,0.6334476811545235,0.10292438736983708,0.3173264392784664,0.0,0.0,0.0,0.0,0.0,18473,global,0.0
2,2,lr1e-04_bs8_drop0p4_temp1p0_a0p25_b0p05__wd1e-04trmiss0_degmodglobal,8,0.0001,0.0001,0.4,1.0,0.25,0.05,lr1e-04_bs8_drop0p4_temp1p0_a0p25_b0p05__wd1e-04trmiss0_degmodglobal,3,0.6423887780734471,0.6687431931495667,0.55,0.6624209124209125,0.5384615384615384,0.0,0.6808360729898725,0.6037461927958897,0.09233783132263593,0.3111629762819835,0.0,0.0,0.0,0.0,0.0,18473,global,0.0
2,2,lr1e-04_bs8_drop0p4_temp1p0_a0p25_b0p05__wd1e-04trmiss0_degmodglobal,8,0.0001,0.0001,0.4,1.0,0.25,0.05,lr1e-04_bs8_drop0p4_temp1p0_a0p25_b0p05__wd1e-04trmiss0_degmodglobal,4,0.6254761900220599,0.666253387928009,0.575,0.6688311688311689,0.6923076923076923,0.0,0.651075576032911,0.5835286251136235,0.09928490327937263,0.342526838183403,0.0,0.0,0.0,0.0,0.0,18473,global,0.0
2,2,lr1e-04_bs8_drop0p4_temp1p0_a0p25_b0p05__wd1e-04trmiss0_degmodglobal,8,0.0001,0.0001,0.4,1.0,0.25,0.05,lr1e-04_bs8_drop0p4_temp1p0_a0p25_b0p05__wd1e-04trmiss0_degmodglobal,5,0.6117397717067173,0.6633576154708862,0.575,0.6688311688311689,0.6923076923076923,0.0,0.6562048281942096,0.561803719827107,0.11273513308593205,0.43504528275557924,0.0,0.0,0.0,0.0,0.0,18473,global,0.0
2,2,lr1e-04_bs8_drop0p4_temp1p0_a0p25_b0p05__wd1e-04trmiss0_degmodglobal,8,0.0001,0.0001,0.4,1.0,0.25,0.05,lr1e-04_bs8_drop0p4_temp1p0_a0p25_b0p05__wd1e-04trmiss0_degmodglobal,6,0.6299675873347691,0.6692657172679901,0.55,0.6639204545454546,0.5384615384615384,0.0,0.6459749937057495,0.5844311203275409,0.10622962032045637,0.37958161320005146,0.0,0.0,0.0,0.0,0.0,18473,global,0.0
2,2,lr1e-04_bs8_drop0p4_temp1p0_a0p25_b0p05__wd1e-04trmiss0_degmodglobal,8,0.0001,0.0001,0.4,1.0,0.25,0.05,lr1e-04_bs8_drop0p4_temp1p0_a0p25_b0p05__wd1e-04trmiss0_degmodglobal,7,0.6195804817335946,0.6637292504310608,0.6,0.6854978354978355,0.6923076923076923,0.0,0.6257085459572929,0.5799285088266645,0.09574926005942481,0.3142930439540318,0.0,0.0,0.0,0.0,0.0,18473,global,0.0
2,2,lr1e-04_bs8_drop0p4_temp1p0_a0p25_b0p05__wd1e-04trmiss0_degmodglobal,8,0.0001,0.0001,0.4,1.0,0.25,0.05,lr1e-04_bs8_drop0p4_temp1p0_a0p25_b0p05__wd1e-04trmiss0_degmodglobal,8,0.5680132593427386,0.6628658473491669,0.6,0.6854978354978355,0.6923076923076923,0.0,0.6271441493715558,0.5283031761646271,0.09667435554521424,0.3108299842902592,0.0,0.0,0.0,0.0,0.0,18473,global,0.0
2,2,lr1e-04_bs8_drop0p4_temp1p0_a0p25_b0p05__wd1e-04trmiss0_degmodglobal,8,0.0001,0.0001,0.4,1.0,0.25,0.05,lr1e-04_bs8_drop0p4_temp1p0_a0p25_b0p05__wd1e-04trmiss0_degmodglobal,9,0.5735810228756496,0.6571313440799713,0.575,0.6750811688311689,0.6923076923076923,0.0,0.6117450084005084,0.5286855697631836,0.10725332690136773,0.3616426501955305,0.0,0.0,0.0,0.0,0.0,18473,global,0.0
2,2,lr1e-04_bs8_drop0p4_temp1p0_a0p25_b0p05__wd1e-04trmiss0_degmodglobal,8,0.0001,0.0001,0.4,1.0,0.25,0.05,lr1e-04_bs8_drop0p4_temp1p0_a0p25_b0p05__wd1e-04trmiss0_degmodglobal,10,0.6160059656415667,0.6572776436805725,0.525,0.6555871212121213,0.6923076923076923,0.0,0.6217664309910366,0.5619893968105316,0.14629334104912622,0.34886442337717327,0.0,0.0,0.0,0.0,0.0,18473,global,0.0
2,2,lr1e-04_bs8_drop0p4_temp1p0_a0p25_b0p05__wd1e-04trmiss0_degmodglobal,8,0.0001,0.0001,0.4,1.0,0.25,0.05,lr1e-04_bs8_drop0p4_temp1p0_a0p25_b0p05__wd1e-04trmiss0_degmodglobal,11,0.5629957020282745,0.6453420519828796,0.575,0.671875,0.6923076923076923,0.0,0.6082865936415536,0.5303985221045358,0.0820401811173984,0.24174259177276067,0.0,0.0,0.0,0.0,0.0,18473,global,0.0
2,2,lr1e-04_bs8_drop0p4_temp1p0_a0p25_b0p05__wd1e-04trmiss0_degmodglobal,8,0.0001,0.0001,0.4,1.0,0.25,0.05,lr1e-04_bs8_drop0p4_temp1p0_a0p25_b0p05__wd1e-04trmiss0_degmodglobal,12,0.6092073917388916,0.6293320655822754,0.675,0.7217261904761905,0.6923076923076923,0.0,0.6520362581525531,0.5666943405355725,0.1089886724948883,0.3053176977804729,0.0,0.0,0.0,0.0,0.0,18473,global,0.0
2,2,lr1e-04_bs8_drop0p4_temp1p0_a0p25_b0p05__wd1e-04trmiss0_degmodglobal,8,0.0001,0.0001,0.4,1.0,0.25,0.05,lr1e-04_bs8_drop0p4_temp1p0_a0p25_b0p05__wd1e-04trmiss0_degmodglobal,13,0.5731025423322406,0.6287175416946411,0.7,0.7314484126984128,0.6923076923076923,0.0,0.5798047653266362,0.5242952406406403,0.12732406386307307,0.339525716645377,0.0,0.0,0.0,0.0,0.0,18473,global,0.0
2,2,lr1e-04_bs8_drop0p4_temp1p0_a0p25_b0p05__wd1e-04trmiss0_degmodglobal,8,0.0001,0.0001,0.4,1.0,0.25,0.05,lr1e-04_bs8_drop0p4_temp1p0_a0p25_b0p05__wd1e-04trmiss0_degmodglobal,14,0.5539106726646423,0.6251027584075928,0.6499999999999999,0.7083333333333334,0.6923076923076923,0.0,0.5759434700012207,0.49407388482775005,0.14627024424927576,0.46538481542042326,0.0,0.0,0.0,0.0,0.0,18473,global,0.0
2,2,lr1e-04_bs8_drop0p4_temp1p0_a0p25_b0p05__wd1e-04trmiss0_degmodglobal,8,0.0001,0.0001,0.4,1.0,0.25,0.05,lr1e-04_bs8_drop0p4_temp1p0_a0p25_b0p05__wd1e-04trmiss0_degmodglobal,15,0.5833898612431118,0.6291383802890778,0.6499999999999999,0.7083333333333334,0.6923076923076923,0.0,0.583545058965683,0.5420656033924648,0.10452788429600852,0.3038457866225924,0.0,0.0,0.0,0.0,0.0,18473,global,0.0
2,2,lr1e-04_bs8_drop0p4_temp1p0_a0p25_b0p05__wd1e-04trmiss0_degmodglobal,8,0.0001,0.0001,0.4,1.0,0.25,0.05,lr1e-04_bs8_drop0p4_temp1p0_a0p25_b0p05__wd1e-04trmiss0_degmodglobal,16,0.6082738637924194,0.6336298882961273,0.65,0.7628787878787879,0.6153846153846154,0.0,0.5925099679401943,0.5438178564820971,0.171085068157741,0.43369478413036894,0.0,0.0,0.0,0.0,0.0,18473,global,0.0
2,2,lr1e-04_bs8_drop0p4_temp1p0_a0p25_b0p05__wd1e-04trmiss0_degmodglobal,8,0.0001,0.0001,0.4,1.0,0.25,0.05,lr1e-04_bs8_drop0p4_temp1p0_a0p25_b0p05__wd1e-04trmiss0_degmodglobal,17,0.5903668659073966,0.6427930295467377,0.575,0.7125811688311688,0.6153846153846154,0.0,0.57417551108769,0.5210465150220054,0.17788389218705042,0.4969876344714846,0.0,0.0,0.0,0.0,0.0,18473,global,0.0
2,2,lr1e-04_bs8_drop0p4_temp1p0_a0p25_b0p05__wd1e-04trmiss0_degmodglobal,8,0.0001,0.0001,0.4,1.0,0.25,0.05,lr1e-04_bs8_drop0p4_temp1p0_a0p25_b0p05__wd1e-04trmiss0_degmodglobal,18,0.5454320354121072,0.6447586119174957,0.575,0.6688311688311689,0.6923076923076923,0.0,0.5942279696464539,0.49745324679783415,0.11707098994936262,0.3742211035319737,0.0,0.0,0.0,0.0,0.0,18473,global,0.0
2,2,lr1e-04_bs8_drop0p4_temp1p0_a0p25_b0p05__wd1e-04trmiss0_degmodglobal,8,0.0001,0.0001,0.4,1.0,0.25,0.05,lr1e-04_bs8_drop0p4_temp1p0_a0p25_b0p05__wd1e-04trmiss0_degmodglobal,19,0.6009425946644374,0.635088711977005,0.6,0.6767857142857143,0.6923076923076923,0.0,0.5151546001434326,0.536966187613351,0.16149740559714182,0.472040844815118,0.0,0.0,0.0,0.0,0.0,18473,global,0.0
2,2,lr1e-04_bs8_drop0p4_temp1p0_a0p25_b0p05__wd1e-04trmiss0_degmodglobal,8,0.0001,0.0001,0.4,1.0,0.25,0.05,lr1e-04_bs8_drop0p4_temp1p0_a0p25_b0p05__wd1e-04trmiss0_degmodglobal,20,0.5634267245020185,0.6456579267978668,0.5,0.6389204545454545,0.6923076923076923,0.0,0.5494268195969718,0.49786203673907686,0.16964232176542282,0.4630825306688036,0.0,0.0,0.0,0.0,0.0,18473,global,0.0
2,2,lr1e-04_bs8_drop0p4_temp1p0_a0p25_b0p05__wd1e-04trmiss0_degmodglobal,8,0.0001,0.0001,0.4,1.0,0.25,0.05,lr1e-04_bs8_drop0p4_temp1p0_a0p25_b0p05__wd1e-04trmiss0_degmodglobal,21,0.5548255954469953,0.6468645632266998,0.5,0.6469065656565657,0.6923076923076923,0.0,0.5539866856166294,0.5092018161501203,0.11929695627519063,0.31599091099841253,0.0,0.0,0.0,0.0,0.0,18473,global,0.0
2,2,lr1e-04_bs8_drop0p4_temp1p0_a0p25_b0p05__wd1e-04trmiss0_degmodglobal,8,0.0001,0.0001,0.4,1.0,0.25,0.05,lr1e-04_bs8_drop0p4_temp1p0_a0p25_b0p05__wd1e-04trmiss0_degmodglobal,22,0.5355015737669808,0.6485641598701477,0.475,0.630239898989899,0.6923076923076923,0.0,0.5488047684941973,0.49367040395736694,0.11029916682413646,0.2851275014025824,0.0,0.0,0.0,0.0,0.0,18473,global,0.0
2,2,lr1e-04_bs8_drop0p4_temp1p0_a0p25_b0p05__wd1e-04trmiss0_degmodglobal,8,0.0001,0.0001,0.4,1.0,0.25,0.05,lr1e-04_bs8_drop0p4_temp1p0_a0p25_b0p05__wd1e-04trmiss0_degmodglobal,23,0.5478006090436663,0.6550625264644623,0.475,0.630239898989899,0.6923076923076923,0.0,0.5703802023615155,0.5069631891591209,0.09678690561226436,0.33281413997922626,0.0,0.0,0.0,0.0,0.0,18473,global,0.0
2,2,lr1e-04_bs8_drop0p4_temp1p0_a0p25_b0p05__wd1e-04trmiss0_degmodglobal,8,0.0001,0.0001,0.4,1.0,0.25,0.05,lr1e-04_bs8_drop0p4_temp1p0_a0p25_b0p05__wd1e-04trmiss0_degmodglobal,24,0.5397136637142727,0.6579141318798065,0.475,0.630239898989899,0.6923076923076923,0.0,0.562693830047335,0.49491083196231295,0.11700863391160965,0.3110136921916689,0.0,0.0,0.0,0.0,0.0,18473,global,0.0
2,2,lr1e-04_bs8_drop0p4_temp1p0_a0p25_b0p05__wd1e-04trmiss0_degmodglobal,8,0.0001,0.0001,0.4,1.0,0.25,0.05,lr1e-04_bs8_drop0p4_temp1p0_a0p25_b0p05__wd1e-04trmiss0_degmodglobal,25,0.527334485735212,0.6576659381389618,0.475,0.630239898989899,0.6923076923076923,0.0,0.5397612367357526,0.4828518203326634,0.11681548452803067,0.30557586678436827,0.0,0.0,0.0,0.0,0.0,18473,global,0.0
2,2,lr1e-04_bs8_drop0p4_temp1p0_a0p25_b0p05__wd1e-04trmiss0_degmodglobal,8,0.0001,0.0001,0.4,1.0,0.25,0.05,lr1e-04_bs8_drop0p4_temp1p0_a0p25_b0p05__wd1e-04trmiss0_degmodglobal,26,0.5536351927689144,0.6594959199428558,0.475,0.630239898989899,0.6923076923076923,0.0,0.5313451204981122,0.5062825850078038,0.12207332253456116,0.3366853552205222,0.0,0.0,0.0,0.0,0.0,18473,global,0.0
2,2,lr1e-04_bs8_drop0p4_temp1p0_a0p25_b0p05__wd1e-04trmiss0_degmodglobal,8,0.0001,0.0001,0.4,1.0,0.25,0.05,lr1e-04_bs8_drop0p4_temp1p0_a0p25_b0p05__wd1e-04trmiss0_degmodglobal,27,0.572418783392225,0.6398629248142242,0.575,0.6688311688311689,0.6923076923076923,0.0,0.5098510810307094,0.5109348509992871,0.15610312085066522,0.44916313673768726,0.0,0.0,0.0,0.0,0.0,18473,global,0.0
2,2,lr1e-04_bs8_drop0p4_temp1p0_a0p25_b0p05__wd1e-04trmiss0_degmodglobal,8,0.0001,0.0001,0.4,1.0,0.25,0.05,lr1e-04_bs8_drop0p4_temp1p0_a0p25_b0p05__wd1e-04trmiss0_degmodglobal,28,0.5446463482720512,0.6335583031177521,0.625,0.7003787878787879,0.6923076923076923,0.0,0.5449357884270805,0.49959088223321096,0.10640334018639155,0.36909243890217375,0.0,0.0,0.0,0.0,0.0,18473,global,0.0
2,2,lr1e-04_bs8_drop0p4_temp1p0_a0p25_b0p05__wd1e-04trmiss0_degmodglobal,8,0.0001,0.0001,0.4,1.0,0.25,0.05,lr1e-04_bs8_drop0p4_temp1p0_a0p25_b0p05__wd1e-04trmiss0_degmodglobal,29,0.5233833193778992,0.6426146030426025,0.575,0.6688311688311689,0.6923076923076923,0.0,0.5278409208570208,0.4685940870216915,0.1443018652498722,0.37427516494478497,0.0,0.0,0.0,0.0,0.0,18473,global,0.0
2,2,lr1e-04_bs8_drop0p4_temp1p0_a0p25_b0p05__wd1e-04trmiss0_degmodglobal,8,0.0001,0.0001,0.4,1.0,0.25,0.05,lr1e-04_bs8_drop0p4_temp1p0_a0p25_b0p05__wd1e-04trmiss0_degmodglobal,30,0.5239655843802861,0.6479206383228302,0.5249999999999999,0.6472537878787878,0.6923076923076923,0.0,0.5504969613892692,0.48179367184638977,0.10816431258405958,0.3026168644428253,0.0,0.0,0.0,0.0,0.0,18473,global,0.0
2,2,lr1e-04_bs8_drop0p4_temp1p0_a0p25_b0p05__wd1e-04trmiss0_degmodglobal,8,0.0001,0.0001,0.4,1.0,0.25,0.05,lr1e-04_bs8_drop0p4_temp1p0_a0p25_b0p05__wd1e-04trmiss0_degmodglobal,31,0.5332768261432648,0.643219381570816,0.575,0.6688311688311689,0.6923076923076923,0.0,0.5660774792943682,0.4926595091819763,0.09955059736967087,0.3145933449268341,0.0,0.0,0.0,0.0,0.0,18473,global,0.0
2,2,lr1e-04_bs8_drop0p4_temp1p0_a0p25_b0p05__wd1e-04trmiss0_degmodglobal,8,0.0001,0.0001,0.4,1.0,0.25,0.05,lr1e-04_bs8_drop0p4_temp1p0_a0p25_b0p05__wd1e-04trmiss0_degmodglobal,32,0.5166227178914207,0.6385394036769867,0.575,0.6688311688311689,0.6923076923076923,0.0,0.5300426483154297,0.4758239431040628,0.1036932361977441,0.29750938074929373,0.0,0.0,0.0,0.0,0.0,18473,global,0.0
2,2,lr1e-04_bs8_drop0p4_temp1p0_a0p25_b0p05__wd1e-04trmiss0_degmodglobal,8,0.0001,0.0001,0.4,1.0,0.25,0.05,lr1e-04_bs8_drop0p4_temp1p0_a0p25_b0p05__wd1e-04trmiss0_degmodglobal,33,0.5132496654987335,0.6392234861850739,0.625,0.6843614718614719,0.6923076923076923,0.0,0.5133659499032157,0.4644037442547934,0.125505625137261,0.3493900714176042,0.0,0.0,0.0,0.0,0.0,18473,global,0.0
2,2,lr1e-04_bs8_drop0p4_temp2p0_a0p25_b0p05__wd1e-04trmiss0_degmodglobal,8,0.0001,0.0001,0.4,2.0,0.25,0.05,lr1e-04_bs8_drop0p4_temp2p0_a0p25_b0p05__wd1e-04trmiss0_degmodglobal,1,0.755333525793893,0.6481311023235321,0.7999999999999999,0.8860479797979798,0.6923076923076923,0.0,0.6597111991473606,0.7264121856008258,0.06680855261428016,0.24438429943152837,0.0,0.0,0.0,0.0,0.0,18473,global,0.0
2,2,lr1e-04_bs8_drop0p4_temp2p0_a0p25_b0p05__wd1e-04trmiss0_degmodglobal,8,0.0001,0.0001,0.4,2.0,0.25,0.05,lr1e-04_bs8_drop0p4_temp2p0_a0p25_b0p05__wd1e-04trmiss0_degmodglobal,2,0.7290334105491638,0.6414496004581451,0.8,0.897159090909091,0.6923076923076923,0.0,0.6185418452535357,0.6947782976286752,0.08234438300132751,0.2733802795410156,0.0,0.0,0.0,0.0,0.0,18473,global,0.0
2,2,lr1e-04_bs8_drop0p4_temp2p0_a0p25_b0p05__wd1e-04trmiss0_degmodglobal,8,0.0001,0.0001,0.4,2.0,0.25,0.05,lr1e-04_bs8_drop0p4_temp2p0_a0p25_b0p05__wd1e-04trmiss0_degmodglobal,3,0.7358243124825614,0.6373648345470428,0.775,0.8763257575757576,0.6153846153846154,0.0,0.6119782669203622,0.7072844505310059,0.06928613994802747,0.22436700548444474,0.0,0.0,0.0,0.0,0.0,18473,global,0.0
2,2,lr1e-04_bs8_drop0p4_temp2p0_a0p25_b0p05__wd1e-04trmiss0_degmodglobal,8,0.0001,0.0001,0.4,2.0,0.25,0.05,lr1e-04_bs8_drop0p4_temp2p0_a0p25_b0p05__wd1e-04trmiss0_degmodglobal,4,0.6837319391114371,0.6377199292182922,0.75,0.8513257575757576,0.6153846153846154,0.0,0.639542647770473,0.6525865197181702,0.07932075592023986,0.2263043544122151,0.0,0.0,0.0,0.0,0.0,18473,global,0.0
2,2,lr1e-04_bs8_drop0p4_temp2p0_a0p25_b0p05__wd1e-04trmiss0_degmodglobal,8,0.0001,0.0001,0.4,2.0,0.25,0.05,lr1e-04_bs8_drop0p4_temp2p0_a0p25_b0p05__wd1e-04trmiss0_degmodglobal,5,0.6461481622287205,0.6322266459465027,0.75,0.8614448051948052,0.6923076923076923,0.0,0.608491165297372,0.6192444562911987,0.0719909236899444,0.17811984036649978,0.0,0.0,0.0,0.0,0.0,18473,global,0.0
2,2,lr1e-04_bs8_drop0p4_temp2p0_a0p25_b0p05__wd1e-04trmiss0_degmodglobal,8,0.0001,0.0001,0.4,2.0,0.25,0.05,lr1e-04_bs8_drop0p4_temp2p0_a0p25_b0p05__wd1e-04trmiss0_degmodglobal,6,0.6740087781633649,0.628730058670044,0.75,0.8513257575757576,0.6153846153846154,0.0,0.597945545400892,0.6437943492616925,0.07807207533291408,0.21392820083669253,0.0,0.0,0.0,0.0,0.0,18473,global,0.0
2,2,lr1e-04_bs8_drop0p4_temp2p0_a0p25_b0p05__wd1e-04trmiss0_degmodglobal,8,0.0001,0.0001,0.4,2.0,0.25,0.05,lr1e-04_bs8_drop0p4_temp2p0_a0p25_b0p05__wd1e-04trmiss0_degmodglobal,7,0.6490419166428703,0.6259244382381439,0.7,0.8260281385281385,0.6153846153846154,0.0,0.5994101592472622,0.6235409038407462,0.06286630406975746,0.1956890236054148,0.0,0.0,0.0,0.0,0.0,18473,global,0.0
2,2,lr1e-04_bs8_drop0p4_temp2p0_a0p25_b0p05__wd1e-04trmiss0_degmodglobal,8,0.0001,0.0001,0.4,2.0,0.25,0.05,lr1e-04_bs8_drop0p4_temp2p0_a0p25_b0p05__wd1e-04trmiss0_degmodglobal,8,0.6647441216877529,0.6265085339546204,0.675,0.8093614718614719,0.6153846153846154,0.0,0.617799631186894,0.6246698583875384,0.09023290340389524,0.35032089054584503,0.0,0.0,0.0,0.0,0.0,18473,global,0.0
2,2,lr1e-04_bs8_drop0p4_temp2p0_a0p25_b0p05__wd1e-04trmiss0_degmodglobal,8,0.0001,0.0001,0.4,2.0,0.25,0.05,lr1e-04_bs8_drop0p4_temp2p0_a0p25_b0p05__wd1e-04trmiss0_degmodglobal,9,0.6394534962517875,0.6302310824394226,0.6,0.7482007575757575,0.6153846153846154,0.0,0.5902306948389325,0.5999577130590167,0.1041262506374291,0.2692843739475523,0.0,0.0,0.0,0.0,0.0,18473,global,0.0
2,2,lr1e-04_bs8_drop0p4_temp2p0_a0p25_b0p05__wd1e-04trmiss0_degmodglobal,8,0.0001,0.0001,0.4,2.0,0.25,0.05,lr1e-04_bs8_drop0p4_temp2p0_a0p25_b0p05__wd1e-04trmiss0_degmodglobal,10,0.5941294176237923,0.6349144876003265,0.6,0.7482007575757575,0.6153846153846154,0.0,0.5733797975948879,0.5618795071329389,0.0796419515141419,0.24678825533815793,0.0,0.0,0.0,0.0,0.0,18473,global,0.0
2,2,lr1e-04_bs8_drop0p4_temp2p0_a0p25_b0p05__wd1e-04trmiss0_degmodglobal,8,0.0001,0.0001,0.4,2.0,0.25,0.05,lr1e-04_bs8_drop0p4_temp2p0_a0p25_b0p05__wd1e-04trmiss0_degmodglobal,11,0.6233011824744088,0.6346804797649384,0.7,0.8398674242424242,0.5384615384615384,0.0,0.5651292971202305,0.5959832072257996,0.06358772250158447,0.22842093344245637,0.0,0.0,0.0,0.0,0.0,18473,global,0.0
2,2,lr1e-04_bs8_drop0p4_temp2p0_a0p25_b0p05__wd1e-04trmiss0_degmodglobal,8,0.0001,0.0001,0.4,2.0,0.25,0.05,lr1e-04_bs8_drop0p4_temp2p0_a0p25_b0p05__wd1e-04trmiss0_degmodglobal,12,0.6068792854036603,0.632771909236908,0.7,0.8398674242424242,0.46153846153846156,0.0,0.5827275855200631,0.5704080377306256,0.09163912917886462,0.2712290361523628,0.0,0.0,0.0,0.0,0.0,18473,global,0.0
2,2,lr1e-04_bs8_drop0p4_temp2p0_a0p25_b0p05__wd1e-04trmiss0_degmodglobal,8,0.0001,0.0001,0.4,2.0,0.25,0.05,lr1e-04_bs8_drop0p4_temp2p0_a0p25_b0p05__wd1e-04trmiss0_degmodglobal,13,0.6472500307219369,0.6316545903682709,0.7,0.8398674242424242,0.46153846153846156,0.0,0.5737100754465375,0.6109515002795628,0.09352180255310875,0.2583615354129246,0.0,0.0,0.0,0.0,0.0,18473,global,0.0
2,2,lr1e-04_bs8_drop0p4_temp2p0_a0p25_b0p05__wd1e-04trmiss0_degmodglobal,8,0.0001,0.0001,0.4,2.0,0.25,0.05,lr1e-04_bs8_drop0p4_temp2p0_a0p25_b0p05__wd1e-04trmiss0_degmodglobal,14,0.5919429319245475,0.6270084381103516,0.65,0.7531114718614719,0.6923076923076923,0.0,0.5790776567799705,0.5619373406682696,0.07527506644172328,0.22373647562095098,0.0,0.0,0.0,0.0,0.0,18473,global,0.0
2,2,lr1e-04_bs8_drop0p4_temp2p0_a0p25_b0p05__wd1e-04trmiss0_degmodglobal,8,0.0001,0.0001,0.4,2.0,0.25,0.05,lr1e-04_bs8_drop0p4_temp2p0_a0p25_b0p05__wd1e-04trmiss0_degmodglobal,15,0.63143219266619,0.6276561915874481,0.675,0.7947781385281385,0.6923076923076923,0.0,0.5743016430309841,0.5950386013303485,0.09066091424652509,0.2745674891131265,0.0,0.0,0.0,0.0,0.0,18473,global,0.0
2,2,lr1e-04_bs8_drop0p4_temp2p0_a0p25_b0p05__wd1e-04trmiss0_degmodglobal,8,0.0001,0.0001,0.4,2.0,0.25,0.05,lr1e-04_bs8_drop0p4_temp2p0_a0p25_b0p05__wd1e-04trmiss0_degmodglobal,16,0.6153794356754848,0.6244803369045258,0.7,0.8260281385281385,0.6923076923076923,0.0,0.5792956607682365,0.576928415468761,0.09356390365532466,0.3012007772922516,0.0,0.0,0.0,0.0,0.0,18473,global,0.0
2,2,lr1e-04_bs8_drop0p4_temp2p0_a0p25_b0p05__wd1e-04trmiss0_degmodglobal,8,0.0001,0.0001,0.4,2.0,0.25,0.05,lr1e-04_bs8_drop0p4_temp2p0_a0p25_b0p05__wd1e-04trmiss0_degmodglobal,17,0.5978172166006905,0.6173065900802612,0.775,0.8763257575757576,0.6153846153846154,0.0,0.5551463961601257,0.5589882731437683,0.09793080070189067,0.28692481986113955,0.0,0.0,0.0,0.0,0.0,18473,global,0.0
2,2,lr1e-04_bs8_drop0p4_temp2p0_a0p25_b0p05__wd1e-04trmiss0_degmodglobal,8,0.0001,0.0001,0.4,2.0,0.25,0.05,lr1e-04_bs8_drop0p4_temp2p0_a0p25_b0p05__wd1e-04trmiss0_degmodglobal,18,0.6156528421810695,0.619577020406723,0.75,0.8614448051948052,0.6153846153846154,0.0,0.5713031036513192,0.5723705972943988,0.10727033338376454,0.32929325316633495,0.0,0.0,0.0,0.0,0.0,18473,global,0.0
2,2,lr1e-04_bs8_drop0p4_temp2p0_a0p25_b0p05__wd1e-04trmiss0_degmodglobal,8,0.0001,0.0001,0.4,2.0,0.25,0.05,lr1e-04_bs8_drop0p4_temp2p0_a0p25_b0p05__wd1e-04trmiss0_degmodglobal,19,0.6248577918325152,0.621584564447403,0.725,0.8364448051948052,0.6153846153846154,0.0,0.5814160789762225,0.5923355902944293,0.0877169104559081,0.21185926347970963,0.0,0.0,0.0,0.0,0.0,18473,global,0.0
2,2,lr1e-04_bs8_drop0p4_temp2p0_a0p25_b0p05__wd1e-04trmiss0_degmodglobal,8,0.0001,0.0001,0.4,2.0,0.25,0.05,lr1e-04_bs8_drop0p4_temp2p0_a0p25_b0p05__wd1e-04trmiss0_degmodglobal,20,0.6054385219301496,0.6211593151092529,0.7,0.8051948051948052,0.6923076923076923,0.0,0.5783876010349819,0.559228777885437,0.1210780069231987,0.31880476751497816,0.0,0.0,0.0,0.0,0.0,18473,global,0.0
2,2,lr1e-04_bs8_drop0p4_temp2p0_a0p25_b0p05__wd1e-04trmiss0_degmodglobal,8,0.0001,0.0001,0.4,2.0,0.25,0.05,lr1e-04_bs8_drop0p4_temp2p0_a0p25_b0p05__wd1e-04trmiss0_degmodglobal,21,0.6007176978247506,0.6192910969257355,0.7,0.8051948051948052,0.6923076923076923,0.0,0.5272555564131055,0.5573482300554004,0.11855001321860723,0.27463958093098234,0.0,0.0,0.0,0.0,0.0,18473,global,0.0
2,2,lr1e-04_bs8_drop0p4_temp2p0_a0p25_b0p05__wd1e-04trmiss0_degmodglobal,8,0.0001,0.0001,0.4,2.0,0.25,0.05,lr1e-04_bs8_drop0p4_temp2p0_a0p25_b0p05__wd1e-04trmiss0_degmodglobal,22,0.5831892490386963,0.616889476776123,0.65,0.7468614718614719,0.6923076923076923,0.0,0.5373210694108691,0.5547247912202563,0.07921195296304566,0.17322957941464015,0.0,0.0,0.0,0.0,0.0,18473,global,0.0
2,2,lr1e-04_bs8_drop0p4_temp2p0_a0p25_b0p05__wd1e-04trmiss0_degmodglobal,8,0.0001,0.0001,0.4,2.0,0.25,0.05,lr1e-04_bs8_drop0p4_temp2p0_a0p25_b0p05__wd1e-04trmiss0_degmodglobal,23,0.5873685734612601,0.6147022545337677,0.625,0.6843614718614719,0.6923076923076923,0.0,0.5578696046556745,0.5388878839356559,0.12175789794751576,0.3608243486710957,0.0,0.0,0.0,0.0,0.0,18473,global,0.0
2,2,lr1e-04_bs8_drop0p4_temp2p0_a0p25_b0p05__wd1e-04trmiss0_degmodglobal,8,0.0001,0.0001,0.4,2.0,0.25,0.05,lr1e-04_bs8_drop0p4_temp2p0_a0p25_b0p05__wd1e-04trmiss0_degmodglobal,24,0.6190868786403111,0.6155091822147369,0.625,0.6843614718614719,0.6923076923076923,0.0,0.566566024507795,0.577995777130127,0.1008010283112526,0.31781716857637676,0.0,0.0,0.0,0.0,0.0,18473,global,0.0
2,2,lr1e-04_bs8_drop0p4_temp2p0_a0p25_b0p05__wd1e-04trmiss0_degmodglobal,8,0.0001,0.0001,0.4,2.0,0.25,0.05,lr1e-04_bs8_drop0p4_temp2p0_a0p25_b0p05__wd1e-04trmiss0_degmodglobal,25,0.5742968235697065,0.6133272349834442,0.675,0.7635281385281386,0.6923076923076923,0.0,0.5507610014506749,0.5397482556956155,0.08987866288849286,0.24157780408859253,0.0,0.0,0.0,0.0,0.0,18473,global,0.0
2,2,lr1e-04_bs8_drop0p4_temp2p0_a0p25_b0p05__wd1e-04trmiss0_degmodglobal,8,0.0001,0.0001,0.4,2.0,0.25,0.05,lr1e-04_bs8_drop0p4_temp2p0_a0p25_b0p05__wd1e-04trmiss0_degmodglobal,26,0.5669037869998387,0.6185989379882812,0.7,0.8051948051948052,0.6153846153846154,0.0,0.549428905759539,0.5286970521722522,0.09559605323842593,0.28615411690303255,0.0,0.0,0.0,0.0,0.0,18473,global,0.0
2,2,lr1e-04_bs8_drop0p4_temp2p0_a0p25_b0p05__wd1e-04trmiss0_degmodglobal,8,0.0001,0.0001,0.4,2.0,0.25,0.05,lr1e-04_bs8_drop0p4_temp2p0_a0p25_b0p05__wd1e-04trmiss0_degmodglobal,27,0.6123531205313546,0.6143090128898621,0.7,0.8051948051948052,0.6923076923076923,0.0,0.5331583448818752,0.5726601140839713,0.10670463634388787,0.2603371675525393,0.0,0.0,0.0,0.0,0.0,18473,global,0.0
2,2,lr1e-04_bs8_drop0p4_temp2p0_a0p25_b0p05__wd1e-04trmiss0_degmodglobal,8,0.0001,0.0001,0.4,2.0,0.25,0.05,lr1e-04_bs8_drop0p4_temp2p0_a0p25_b0p05__wd1e-04trmiss0_degmodglobal,28,0.5934054681232998,0.6134346127510071,0.725,0.8364448051948052,0.6923076923076923,0.0,0.5330106658594949,0.5468068208013263,0.10872307845524379,0.3883576606001173,0.0,0.0,0.0,0.0,0.0,18473,global,0.0
2,2,lr1e-04_bs8_drop0p4_temp2p0_a0p25_b0p05__wd1e-04trmiss0_degmodglobal,8,0.0001,0.0001,0.4,2.0,0.25,0.05,lr1e-04_bs8_drop0p4_temp2p0_a0p25_b0p05__wd1e-04trmiss0_degmodglobal,29,0.6258696487971714,0.6187173128128052,0.675,0.7885281385281385,0.6923076923076923,0.0,0.5438771077564785,0.5778865814208984,0.12132187932729721,0.3530521350247519,0.0,0.0,0.0,0.0,0.0,18473,global,0.0
2,2,lr1e-04_bs8_drop0p4_temp2p0_a0p25_b0p05__wd1e-04trmiss0_degmodglobal,8,0.0001,0.0001,0.4,2.0,0.25,0.05,lr1e-04_bs8_drop0p4_temp2p0_a0p25_b0p05__wd1e-04trmiss0_degmodglobal,30,0.5852116346359253,0.6199766993522644,0.625,0.7281114718614718,0.6153846153846154,0.0,0.5234180688858032,0.5415929215294975,0.11804255098104477,0.28216179460287094,0.0,0.0,0.0,0.0,0.0,18473,global,0.0
2,2,lr1e-04_bs8_drop0p4_temp2p0_a0p25_b0p05__wd1e-04trmiss0_degmodglobal,8,0.0001,0.0001,0.4,2.0,0.25,0.05,lr1e-04_bs8_drop0p4_temp2p0_a0p25_b0p05__wd1e-04trmiss0_degmodglobal,31,0.5829090305737087,0.6248985826969147,0.6,0.6656114718614718,0.6923076923076923,0.0,0.5224102011748722,0.5405060052871704,0.10907901344554764,0.3026656721319471,0.0,0.0,0.0,0.0,0.0,18473,global,0.0
2,2,lr1e-04_bs8_drop0p4_temp2p0_a0p25_b0p05__wd1e-04trmiss0_degmodglobal,8,0.0001,0.0001,0.4,2.0,0.25,0.05,lr1e-04_bs8_drop0p4_temp2p0_a0p25_b0p05__wd1e-04trmiss0_degmodglobal,32,0.5939068368503025,0.6282120048999786,0.6,0.6656114718614718,0.6923076923076923,0.0,0.5166395264012473,0.5431763700076512,0.11992817797831126,0.4149685097592218,0.0,0.0,0.0,0.0,0.0,18473,global,0.0
2,2,lr1e-04_bs8_drop0p4_temp2p0_a0p25_b0p05__wd1e-04trmiss0_degmodglobal,8,0.0001,0.0001,0.4,2.0,0.25,0.05,lr1e-04_bs8_drop0p4_temp2p0_a0p25_b0p05__wd1e-04trmiss0_degmodglobal,33,0.5807852830205645,0.6234263777732849,0.625,0.6843614718614719,0.6923076923076923,0.0,0.5183329709938594,0.5221795610019139,0.14670678121703012,0.4385806918144226,0.0,0.0,0.0,0.0,0.0,18473,global,0.0
2,2,lr1e-04_bs8_drop0p4_temp2p0_a0p25_b0p05__wd1e-04trmiss0_degmodglobal,8,0.0001,0.0001,0.4,2.0,0.25,0.05,lr1e-04_bs8_drop0p4_temp2p0_a0p25_b0p05__wd1e-04trmiss0_degmodglobal,34,0.6059044088636126,0.6156017929315567,0.625,0.6843614718614719,0.6923076923076923,0.0,0.549138605594635,0.5652483573981694,0.11265503934451512,0.24984594328062876,0.0,0.0,0.0,0.0,0.0,18473,global,0.0
2,2,lr1e-04_bs8_drop0p4_temp2p0_a0p25_b0p05__wd1e-04trmiss0_degmodglobal,8,0.0001,0.0001,0.4,2.0,0.25,0.05,lr1e-04_bs8_drop0p4_temp2p0_a0p25_b0p05__wd1e-04trmiss0_degmodglobal,35,0.5401575607912881,0.6135357469320297,0.625,0.6843614718614719,0.6923076923076923,0.0,0.5347248571259635,0.5040873076234546,0.09176451393536159,0.26258258521556854,0.0,0.0,0.0,0.0,0.0,18473,global,0.0
2,2,lr1e-04_bs8_drop0p4_temp2p0_a0p25_b0p05__wd1e-04trmiss0_degmodglobal,8,0.0001,0.0001,0.4,2.0,0.25,0.05,lr1e-04_bs8_drop0p4_temp2p0_a0p25_b0p05__wd1e-04trmiss0_degmodglobal,36,0.6002125782626015,0.6173296868801117,0.625,0.6843614718614719,0.6923076923076923,0.0,0.5673941714423043,0.5554029941558838,0.1099158695765904,0.3466124672974859,0.0,0.0,0.0,0.0,0.0,18473,global,0.0
2,2,lr1e-04_bs8_drop0p4_temp2p0_a0p25_b0p05__wd1e-04trmiss0_degmodglobal,8,0.0001,0.0001,0.4,2.0,0.25,0.05,lr1e-04_bs8_drop0p4_temp2p0_a0p25_b0p05__wd1e-04trmiss0_degmodglobal,37,0.5610183264528003,0.6226005852222443,0.625,0.6843614718614719,0.6923076923076923,0.0,0.5229533740452358,0.5126150463308606,0.11966859017099653,0.3697229964392526,0.0,0.0,0.0,0.0,0.0,18473,global,0.0
2,2,lr5e-05_bs8_drop0p2_temp1p0_a0p25_b0p05__wd1e-04trmiss0_degmodglobal,8,5e-05,0.0001,0.2,1.0,0.25,0.05,lr5e-05_bs8_drop0p2_temp1p0_a0p25_b0p05__wd1e-04trmiss0_degmodglobal,1,0.6978028501783099,0.7023161947727203,0.39999999999999997,0.6490460927960928,0.46153846153846156,0.0,0.7509083151817322,0.6704801831926618,0.06299809845430511,0.2314627468585968,0.0,0.0,0.0,0.0,0.0,18473,global,0.0
2,2,lr5e-05_bs8_drop0p2_temp1p0_a0p25_b0p05__wd1e-04trmiss0_degmodglobal,8,5e-05,0.0001,0.2,1.0,0.25,0.05,lr5e-05_bs8_drop0p2_temp1p0_a0p25_b0p05__wd1e-04trmiss0_degmodglobal,2,0.6926099061965942,0.7012133598327637,0.39999999999999997,0.6490460927960928,0.46153846153846156,0.0,0.7306635975837708,0.6658026490892682,0.06493393118892397,0.2114752914224352,0.0,0.0,0.0,0.0,0.0,18473,global,0.0
2,2,lr5e-05_bs8_drop0p2_temp1p0_a0p25_b0p05__wd1e-04trmiss0_degmodglobal,8,5e-05,0.0001,0.2,1.0,0.25,0.05,lr5e-05_bs8_drop0p2_temp1p0_a0p25_b0p05__wd1e-04trmiss0_degmodglobal,3,0.6729493226323809,0.6989445388317108,0.39999999999999997,0.6490460927960928,0.46153846153846156,0.0,0.7181542430605207,0.6541315487452916,0.05407296972615378,0.10599066529955183,0.0,0.0,0.0,0.0,0.0,18473,global,0.0
2,2,lr5e-05_bs8_drop0p2_temp1p0_a0p25_b0p05__wd1e-04trmiss0_degmodglobal,8,5e-05,0.0001,0.2,1.0,0.25,0.05,lr5e-05_bs8_drop0p2_temp1p0_a0p25_b0p05__wd1e-04trmiss0_degmodglobal,4,0.6563321096556527,0.691196858882904,0.45000000000000007,0.6935221028971029,0.46153846153846156,0.0,0.695594676903316,0.6390081558908735,0.04587287136486599,0.11711480095982552,0.0,0.0,0.0,0.0,0.0,18473,global,0.0
2,2,lr5e-05_bs8_drop0p2_temp1p0_a0p25_b0p05__wd1e-04trmiss0_degmodglobal,8,5e-05,0.0001,0.2,1.0,0.25,0.05,lr5e-05_bs8_drop0p2_temp1p0_a0p25_b0p05__wd1e-04trmiss0_degmodglobal,5,0.6622135128293719,0.6864878833293915,0.44999999999999996,0.6643554362304362,0.5384615384615384,0.0,0.670089738709586,0.6425580893244062,0.051951361554009576,0.13335155456193856,0.0,0.0,0.0,0.0,0.0,18473,global,0.0
2,2,lr5e-05_bs8_drop0p2_temp1p0_a0p25_b0p05__wd1e-04trmiss0_degmodglobal,8,5e-05,0.0001,0.2,1.0,0.25,0.05,lr5e-05_bs8_drop0p2_temp1p0_a0p25_b0p05__wd1e-04trmiss0_degmodglobal,6,0.6381401589938572,0.6832031607627869,0.45,0.6499323593073594,0.5384615384615384,0.0,0.6853317277772086,0.6191916636058262,0.04696986824274063,0.14412030577659607,0.0,0.0,0.0,0.0,0.0,18473,global,0.0
2,2,lr5e-05_bs8_drop0p2_temp1p0_a0p25_b0p05__wd1e-04trmiss0_degmodglobal,8,5e-05,0.0001,0.2,1.0,0.25,0.05,lr5e-05_bs8_drop0p2_temp1p0_a0p25_b0p05__wd1e-04trmiss0_degmodglobal,7,0.6389843651226589,0.6781915128231049,0.45,0.6499323593073594,0.5384615384615384,0.0,0.6850230693817139,0.6208822471754891,0.045895845496228764,0.13256363890000752,0.0,0.0,0.0,0.0,0.0,18473,global,0.0
2,2,lr5e-05_bs8_drop0p2_temp1p0_a0p25_b0p05__wd1e-04trmiss0_degmodglobal,8,5e-05,0.0001,0.2,1.0,0.25,0.05,lr5e-05_bs8_drop0p2_temp1p0_a0p25_b0p05__wd1e-04trmiss0_degmodglobal,8,0.6232060875211444,0.6751602590084076,0.45,0.6499323593073594,0.5384615384615384,0.0,0.6435480288096836,0.6048440507480076,0.05061866555895124,0.1141473443380424,0.0,0.0,0.0,0.0,0.0,18473,global,0.0
2,2,lr5e-05_bs8_drop0p2_temp1p0_a0p25_b0p05__wd1e-04trmiss0_degmodglobal,8,5e-05,0.0001,0.2,1.0,0.25,0.05,lr5e-05_bs8_drop0p2_temp1p0_a0p25_b0p05__wd1e-04trmiss0_degmodglobal,9,0.6213624392236982,0.6717316210269928,0.475,0.6582656926406927,0.5384615384615384,0.0,0.6464885813849313,0.6007074287959507,0.05261794105172157,0.150010279246739,0.0,0.0,0.0,0.0,0.0,18473,global,0.0
2,2,lr5e-05_bs8_drop0p2_temp1p0_a0p25_b0p05__wd1e-04trmiss0_degmodglobal,8,5e-05,0.0001,0.2,1.0,0.25,0.05,lr5e-05_bs8_drop0p2_temp1p0_a0p25_b0p05__wd1e-04trmiss0_degmodglobal,10,0.5947672639574323,0.6656621992588043,0.475,0.6582656926406927,0.6153846153846154,0.0,0.6361840537616185,0.5716537833213806,0.059449458228690286,0.16502211349351065,0.0,0.0,0.0,0.0,0.0,18473,global,0.0
2,2,lr5e-05_bs8_drop0p2_temp1p0_a0p25_b0p05__wd1e-04trmiss0_degmodglobal,8,5e-05,0.0001,0.2,1.0,0.25,0.05,lr5e-05_bs8_drop0p2_temp1p0_a0p25_b0p05__wd1e-04trmiss0_degmodglobal,11,0.6269960488591876,0.6541056931018829,0.5499999999999999,0.728720238095238,0.6153846153846154,0.0,0.6118417637688773,0.6038863573755536,0.061608021812779565,0.15415349176951818,0.0,0.0,0.0,0.0,0.0,18473,global,0.0
2,2,lr5e-05_bs8_drop0p2_temp1p0_a0p25_b0p05__wd1e-04trmiss0_degmodglobal,8,5e-05,0.0001,0.2,1.0,0.25,0.05,lr5e-05_bs8_drop0p2_temp1p0_a0p25_b0p05__wd1e-04trmiss0_degmodglobal,12,0.5905684743608747,0.6545839011669159,0.55,0.7237959956709956,0.6153846153846154,0.0,0.6330227255821228,0.5702528357505798,0.05315754456179483,0.14052488654851913,0.0,0.0,0.0,0.0,0.0,18473,global,0.0
2,2,lr5e-05_bs8_drop0p2_temp1p0_a0p25_b0p05__wd1e-04trmiss0_degmodglobal,8,5e-05,0.0001,0.2,1.0,0.25,0.05,lr5e-05_bs8_drop0p2_temp1p0_a0p25_b0p05__wd1e-04trmiss0_degmodglobal,13,0.5833147168159485,0.6505414247512817,0.55,0.6857007575757575,0.6153846153846154,0.0,0.6270899176597595,0.5632390209606716,0.053973501814263206,0.1316465043595859,0.0,0.0,0.0,0.0,0.0,18473,global,0.0
2,2,lr5e-05_bs8_drop0p2_temp1p0_a0p25_b0p05__wd1e-04trmiss0_degmodglobal,8,5e-05,0.0001,0.2,1.0,0.25,0.05,lr5e-05_bs8_drop0p2_temp1p0_a0p25_b0p05__wd1e-04trmiss0_degmodglobal,14,0.6075216787202018,0.6477074921131134,0.55,0.6857007575757575,0.6153846153846154,0.0,0.6551286237580436,0.5842861873762948,0.06140806366290365,0.1576698741742543,0.0,0.0,0.0,0.0,0.0,18473,global,0.0
2,2,lr5e-05_bs8_drop0p2_temp1p0_a0p25_b0p05__wd1e-04trmiss0_degmodglobal,8,5e-05,0.0001,0.2,1.0,0.25,0.05,lr5e-05_bs8_drop0p2_temp1p0_a0p25_b0p05__wd1e-04trmiss0_degmodglobal,15,0.617430065359388,0.6522046327590942,0.55,0.6857007575757575,0.5384615384615384,0.0,0.6145026087760925,0.5963009340422494,0.0521912228848253,0.16162680781313352,0.0,0.0,0.0,0.0,0.0,18473,global,0.0
2,2,lr5e-05_bs8_drop0p2_temp1p0_a0p25_b0p05__wd1e-04trmiss0_degmodglobal,8,5e-05,0.0001,0.2,1.0,0.25,0.05,lr5e-05_bs8_drop0p2_temp1p0_a0p25_b0p05__wd1e-04trmiss0_degmodglobal,16,0.6077115620885577,0.6500140130519867,0.55,0.6857007575757575,0.6153846153846154,0.0,0.6296493666512626,0.5868071828569684,0.0531826594046184,0.15217423172933714,0.0,0.0,0.0,0.0,0.0,18473,global,0.0
2,2,lr5e-05_bs8_drop0p2_temp1p0_a0p25_b0p05__wd1e-04trmiss0_degmodglobal,8,5e-05,0.0001,0.2,1.0,0.25,0.05,lr5e-05_bs8_drop0p2_temp1p0_a0p25_b0p05__wd1e-04trmiss0_degmodglobal,17,0.6032095721789769,0.6530679166316986,0.5249999999999999,0.678125,0.6153846153846154,0.0,0.6010128940854754,0.5846145876816341,0.051548849791288376,0.11415504823837962,0.0,0.0,0.0,0.0,0.0,18473,global,0.0
2,2,lr5e-05_bs8_drop0p2_temp1p0_a0p25_b0p05__wd1e-04trmiss0_degmodglobal,8,5e-05,0.0001,0.2,1.0,0.25,0.05,lr5e-05_bs8_drop0p2_temp1p0_a0p25_b0p05__wd1e-04trmiss0_degmodglobal,18,0.5715935741152082,0.6578679382801056,0.5,0.666220238095238,0.6153846153846154,0.0,0.607994624546596,0.5490018853119442,0.06091020203062466,0.14728271216154099,0.0,0.0,0.0,0.0,0.0,18473,global,0.0
2,2,lr5e-05_bs8_drop0p2_temp1p0_a0p25_b0p05__wd1e-04trmiss0_degmodglobal,8,5e-05,0.0001,0.2,1.0,0.25,0.05,lr5e-05_bs8_drop0p2_temp1p0_a0p25_b0p05__wd1e-04trmiss0_degmodglobal,19,0.5607820493834359,0.6582813262939453,0.5249999999999999,0.678125,0.5384615384615384,0.0,0.5799692102840969,0.5371159272534507,0.06709835891212736,0.1378307949219431,0.0,0.0,0.0,0.0,0.0,18473,global,0.0
2,2,lr5e-05_bs8_drop0p2_temp1p0_a0p25_b0p05__wd1e-04trmiss0_degmodglobal,8,5e-05,0.0001,0.2,1.0,0.25,0.05,lr5e-05_bs8_drop0p2_temp1p0_a0p25_b0p05__wd1e-04trmiss0_degmodglobal,20,0.571581244468689,0.6601137518882751,0.5249999999999999,0.678125,0.5384615384615384,0.0,0.59616448198046,0.5425622548375811,0.08286935782858304,0.1660328624503953,0.0,0.0,0.0,0.0,0.0,18473,global,0.0
2,2,lr5e-05_bs8_drop0p2_temp1p0_a0p25_b0p05__wd1e-04trmiss0_degmodglobal,8,5e-05,0.0001,0.2,1.0,0.25,0.05,lr5e-05_bs8_drop0p2_temp1p0_a0p25_b0p05__wd1e-04trmiss0_degmodglobal,21,0.5728605687618256,0.6600610315799713,0.5249999999999999,0.678125,0.6153846153846154,0.0,0.5945361256599426,0.5484658607414791,0.07292900340897697,0.1232493274978229,0.0,0.0,0.0,0.0,0.0,18473,global,0.0
2,2,lr5e-05_bs8_drop0p2_temp1p0_a0p25_b0p05__wd1e-04trmiss0_degmodglobal,8,5e-05,0.0001,0.2,1.0,0.25,0.05,lr5e-05_bs8_drop0p2_temp1p0_a0p25_b0p05__wd1e-04trmiss0_degmodglobal,22,0.5669810175895691,0.6574614644050598,0.5249999999999999,0.678125,0.6153846153846154,0.0,0.5911189232553754,0.5425067373684475,0.07307749188372067,0.12409808806010655,0.0,0.0,0.0,0.0,0.0,18473,global,0.0
2,2,lr5e-05_bs8_drop0p2_temp1p0_a0p25_b0p05__wd1e-04trmiss0_degmodglobal,8,5e-05,0.0001,0.2,1.0,0.25,0.05,lr5e-05_bs8_drop0p2_temp1p0_a0p25_b0p05__wd1e-04trmiss0_degmodglobal,23,0.5464544423988887,0.653777003288269,0.55,0.6857007575757575,0.6153846153846154,0.0,0.5753993306841169,0.524206246648516,0.06259430678827423,0.13199221076709883,0.0,0.0,0.0,0.0,0.0,18473,global,0.0
2,2,lr5e-05_bs8_drop0p2_temp1p0_a0p25_b0p05__wd1e-04trmiss0_degmodglobal,8,5e-05,0.0001,0.2,1.0,0.25,0.05,lr5e-05_bs8_drop0p2_temp1p0_a0p25_b0p05__wd1e-04trmiss0_degmodglobal,24,0.5698844620159694,0.6564054787158966,0.55,0.6857007575757575,0.6153846153846154,0.0,0.5971333810261318,0.543534687587193,0.07520727919680732,0.15095902234315872,0.0,0.0,0.0,0.0,0.0,18473,global,0.0
2,2,lr5e-05_bs8_drop0p2_temp1p0_a0p25_b0p05__wd1e-04trmiss0_degmodglobal,8,5e-05,0.0001,0.2,1.0,0.25,0.05,lr5e-05_bs8_drop0p2_temp1p0_a0p25_b0p05__wd1e-04trmiss0_degmodglobal,25,0.5723953076771328,0.6575703024864197,0.55,0.6857007575757575,0.5384615384615384,0.0,0.5561684540339878,0.5381550192832947,0.10236299889428276,0.1729908979364804,0.0,0.0,0.0,0.0,0.0,18473,global,0.0
2,2,lr5e-05_bs8_drop0p2_temp1p0_a0p25_b0p05__wd1e-04trmiss0_degmodglobal,8,5e-05,0.0001,0.2,1.0,0.25,0.05,lr5e-05_bs8_drop0p2_temp1p0_a0p25_b0p05__wd1e-04trmiss0_degmodglobal,26,0.5644283464976719,0.6554117798805237,0.55,0.6440340909090909,0.46153846153846156,0.0,0.5748754143714905,0.5419876490320478,0.062417143157550266,0.13672835379838943,0.0,0.0,0.0,0.0,0.0,18473,global,0.0
2,2,lr5e-05_bs8_drop0p2_temp1p0_a0p25_b0p05__wd1e-04trmiss0_degmodglobal,8,5e-05,0.0001,0.2,1.0,0.25,0.05,lr5e-05_bs8_drop0p2_temp1p0_a0p25_b0p05__wd1e-04trmiss0_degmodglobal,27,0.5748257381575448,0.6488619744777679,0.55,0.6440340909090909,0.5384615384615384,0.0,0.5823127031326294,0.555005954844611,0.058138731867074966,0.10570194625428744,0.0,0.0,0.0,0.0,0.0,18473,global,0.0
2,2,lr5e-05_bs8_drop0p2_temp1p0_a0p25_b0p05__wd1e-04trmiss0_degmodglobal,8,5e-05,0.0001,0.2,1.0,0.25,0.05,lr5e-05_bs8_drop0p2_temp1p0_a0p25_b0p05__wd1e-04trmiss0_degmodglobal,28,0.5465509721211025,0.6476792991161346,0.55,0.6857007575757575,0.5384615384615384,0.0,0.5665729003293174,0.5228509690080371,0.06682808697223663,0.13985981472900935,0.0,0.0,0.0,0.0,0.0,18473,global,0.0
2,2,lr5e-05_bs8_drop0p2_temp1p0_a0p25_b0p05__wd1e-04trmiss0_degmodglobal,8,5e-05,0.0001,0.2,1.0,0.25,0.05,lr5e-05_bs8_drop0p2_temp1p0_a0p25_b0p05__wd1e-04trmiss0_degmodglobal,29,0.5526136713368552,0.6519107520580292,0.55,0.6857007575757575,0.6153846153846154,0.0,0.5797147495406014,0.531150758266449,0.06313935667276382,0.11356193252972194,0.0,0.0,0.0,0.0,0.0,18473,global,0.0
2,2,lr5e-05_bs8_drop0p2_temp1p0_a0p25_b0p05__wd1e-04trmiss0_degmodglobal,8,5e-05,0.0001,0.2,1.0,0.25,0.05,lr5e-05_bs8_drop0p2_temp1p0_a0p25_b0p05__wd1e-04trmiss0_degmodglobal,30,0.5673213856560844,0.6466551423072815,0.55,0.6857007575757575,0.6153846153846154,0.0,0.5850662972245898,0.5462192680154528,0.060472077024834495,0.11968198046088219,0.0,0.0,0.0,0.0,0.0,18473,global,0.0
2,2,lr5e-05_bs8_drop0p2_temp1p0_a0p25_b0p05__wd1e-04trmiss0_degmodglobal,8,5e-05,0.0001,0.2,1.0,0.25,0.05,lr5e-05_bs8_drop0p2_temp1p0_a0p25_b0p05__wd1e-04trmiss0_degmodglobal,31,0.5455857515335083,0.640050858259201,0.55,0.6857007575757575,0.6153846153846154,0.0,0.543778794152396,0.5221944877079555,0.06804231075303895,0.12761380204132625,0.0,0.0,0.0,0.0,0.0,18473,global,0.0
2,2,lr5e-05_bs8_drop0p2_temp1p0_a0p25_b0p05__wd1e-04trmiss0_degmodglobal,8,5e-05,0.0001,0.2,1.0,0.25,0.05,lr5e-05_bs8_drop0p2_temp1p0_a0p25_b0p05__wd1e-04trmiss0_degmodglobal,32,0.5388834646769932,0.6407030820846558,0.575,0.6968614718614718,0.6153846153846154,0.0,0.5507285254342216,0.5136131005627769,0.07237558705466134,0.14352919214538165,0.0,0.0,0.0,0.0,0.0,18473,global,0.0
2,2,lr5e-05_bs8_drop0p2_temp1p0_a0p25_b0p05__wd1e-04trmiss0_degmodglobal,8,5e-05,0.0001,0.2,1.0,0.25,0.05,lr5e-05_bs8_drop0p2_temp1p0_a0p25_b0p05__wd1e-04trmiss0_degmodglobal,33,0.5406184707369123,0.6403438150882721,0.55,0.6343614718614718,0.6153846153846154,0.0,0.565267162663596,0.5164852695805686,0.06998973073703903,0.13271549716591835,0.0,0.0,0.0,0.0,0.0,18473,global,0.0
2,2,lr5e-05_bs8_drop0p2_temp1p0_a0p25_b0p05__wd1e-04trmiss0_degmodglobal,8,5e-05,0.0001,0.2,1.0,0.25,0.05,lr5e-05_bs8_drop0p2_temp1p0_a0p25_b0p05__wd1e-04trmiss0_degmodglobal,34,0.5245402838502612,0.6424222886562347,0.575,0.6968614718614718,0.5384615384615384,0.0,0.5551360292094094,0.5035316262926374,0.0590782245354993,0.1247820896761758,0.0,0.0,0.0,0.0,0.0,18473,global,0.0
2,2,lr5e-05_bs8_drop0p2_temp1p0_a0p25_b0p05__wd1e-04trmiss0_degmodglobal,8,5e-05,0.0001,0.2,1.0,0.25,0.05,lr5e-05_bs8_drop0p2_temp1p0_a0p25_b0p05__wd1e-04trmiss0_degmodglobal,35,0.5488318162305015,0.6403648257255554,0.575,0.6968614718614718,0.5384615384615384,0.0,0.566713388477053,0.5298671296664647,0.051257754010813575,0.1230047909276826,0.0,0.0,0.0,0.0,0.0,18473,global,0.0
2,2,lr5e-05_bs8_drop0p2_temp1p0_a0p25_b0p05__wd1e-04trmiss0_degmodglobal,8,5e-05,0.0001,0.2,1.0,0.25,0.05,lr5e-05_bs8_drop0p2_temp1p0_a0p25_b0p05__wd1e-04trmiss0_degmodglobal,36,0.5503033399581909,0.6418609619140625,0.6000000000000001,0.7176948051948052,0.5384615384615384,0.0,0.5496033344949994,0.5283759917531695,0.0667912055339132,0.1045913528650999,0.0,0.0,0.0,0.0,0.0,18473,global,0.0
2,2,lr5e-05_bs8_drop0p2_temp1p0_a0p25_b0p05__wd1e-04trmiss0_degmodglobal,8,5e-05,0.0001,0.2,1.0,0.25,0.05,lr5e-05_bs8_drop0p2_temp1p0_a0p25_b0p05__wd1e-04trmiss0_degmodglobal,37,0.5502066527094159,0.6414116621017456,0.575,0.7065340909090909,0.5384615384615384,0.0,0.5539845611367907,0.52591529914311,0.06894416521702494,0.14110612816044263,0.0,0.0,0.0,0.0,0.0,18473,global,0.0
2,2,lr5e-05_bs8_drop0p2_temp1p0_a0p25_b0p05__wd1e-04trmiss0_degmodglobal,8,5e-05,0.0001,0.2,1.0,0.25,0.05,lr5e-05_bs8_drop0p2_temp1p0_a0p25_b0p05__wd1e-04trmiss0_degmodglobal,38,0.5202745412077222,0.645011693239212,0.525,0.6232007575757575,0.46153846153846156,0.0,0.5336143161569323,0.49717279417174204,0.06604251638054848,0.13182235083409719,0.0,0.0,0.0,0.0,0.0,18473,global,0.0
2,2,lr5e-05_bs8_drop0p2_temp1p0_a0p25_b0p05__wd1e-04trmiss0_degmodglobal,8,5e-05,0.0001,0.2,1.0,0.25,0.05,lr5e-05_bs8_drop0p2_temp1p0_a0p25_b0p05__wd1e-04trmiss0_degmodglobal,39,0.5473381110600063,0.6473130285739899,0.55,0.6440340909090909,0.46153846153846156,0.0,0.5600597432681492,0.5214043046746936,0.07475740249667849,0.14488902501761913,0.0,0.0,0.0,0.0,0.0,18473,global,0.0
2,2,lr5e-05_bs8_drop0p2_temp1p0_a0p25_b0p05__wd1e-04trmiss0_degmodglobal,8,5e-05,0.0001,0.2,1.0,0.25,0.05,lr5e-05_bs8_drop0p2_temp1p0_a0p25_b0p05__wd1e-04trmiss0_degmodglobal,40,0.5281840520245689,0.6442167460918427,0.525,0.6232007575757575,0.5384615384615384,0.0,0.5365263904844012,0.504338047334126,0.06524943187832832,0.1506731121667794,0.0,0.0,0.0,0.0,0.0,18473,global,0.0
2,2,lr5e-05_bs8_drop0p2_temp1p0_a0p25_b0p05__wd1e-04trmiss0_degmodglobal,8,5e-05,0.0001,0.2,1.0,0.25,0.05,lr5e-05_bs8_drop0p2_temp1p0_a0p25_b0p05__wd1e-04trmiss0_degmodglobal,41,0.5330856314727238,0.6466660797595978,0.525,0.6232007575757575,0.46153846153846156,0.0,0.5324580711977822,0.5126391266073499,0.06477049738168716,0.08507781050034932,0.0,0.0,0.0,0.0,0.0,18473,global,0.0
2,2,lr5e-05_bs8_drop0p2_temp1p0_a0p25_b0p05__wd1e-04trmiss0_degmodglobal,8,5e-05,0.0001,0.2,1.0,0.25,0.05,lr5e-05_bs8_drop0p2_temp1p0_a0p25_b0p05__wd1e-04trmiss0_degmodglobal,42,0.5365530337606158,0.6450996398925781,0.525,0.6232007575757575,0.5384615384615384,0.0,0.5243238806724548,0.5129065981933049,0.07335131349308151,0.10617200817380633,0.0,0.0,0.0,0.0,0.0,18473,global,0.0
2,2,lr5e-05_bs8_drop0p2_temp1p0_a0p25_b0p05__wd1e-04trmiss0_degmodglobal,8,5e-05,0.0001,0.2,1.0,0.25,0.05,lr5e-05_bs8_drop0p2_temp1p0_a0p25_b0p05__wd1e-04trmiss0_degmodglobal,43,0.5466129694666181,0.6497881710529327,0.525,0.6232007575757575,0.5384615384615384,0.0,0.5440724577222552,0.5191968679428101,0.08213906681963376,0.13762642656053817,0.0,0.0,0.0,0.0,0.0,18473,global,0.0
2,2,lr5e-05_bs8_drop0p2_temp1p0_a0p25_b0p05__wd1e-04trmiss0_degmodglobal,8,5e-05,0.0001,0.2,1.0,0.25,0.05,lr5e-05_bs8_drop0p2_temp1p0_a0p25_b0p05__wd1e-04trmiss0_degmodglobal,44,0.5285765060356685,0.6523770391941071,0.525,0.6232007575757575,0.5384615384615384,0.0,0.5169087392943246,0.5051977762154171,0.0726485928254468,0.10433164877550942,0.0,0.0,0.0,0.0,0.0,18473,global,0.0
2,2,lr5e-05_bs8_drop0p2_temp1p0_a0p25_b0p05__wd1e-04trmiss0_degmodglobal,8,5e-05,0.0001,0.2,1.0,0.25,0.05,lr5e-05_bs8_drop0p2_temp1p0_a0p25_b0p05__wd1e-04trmiss0_degmodglobal,45,0.5351122660296304,0.6525537669658661,0.525,0.6232007575757575,0.6153846153846154,0.0,0.5172714207853589,0.5114198114190783,0.06794544868171215,0.13412204863769667,0.0,0.0,0.0,0.0,0.0,18473,global,0.0
2,2,lr5e-05_bs8_drop0p2_temp1p0_a0p25_b0p05__wd1e-04trmiss0_degmodglobal,8,5e-05,0.0001,0.2,1.0,0.25,0.05,lr5e-05_bs8_drop0p2_temp1p0_a0p25_b0p05__wd1e-04trmiss0_degmodglobal,46,0.5228462474686759,0.6527462601661682,0.525,0.6232007575757575,0.5384615384615384,0.0,0.5236803633826119,0.4998260481016977,0.06735749223402568,0.12361660067524229,0.0,0.0,0.0,0.0,0.0,18473,global,0.0
2,2,lr5e-05_bs8_drop0p2_temp1p0_a0p25_b0p05__wd1e-04trmiss0_degmodglobal,8,5e-05,0.0001,0.2,1.0,0.25,0.05,lr5e-05_bs8_drop0p2_temp1p0_a0p25_b0p05__wd1e-04trmiss0_degmodglobal,47,0.5219972474234444,0.6536001265048981,0.525,0.6232007575757575,0.5384615384615384,0.0,0.5030187283243451,0.49652092371668133,0.07262840441295079,0.14638434563364303,0.0,0.0,0.0,0.0,0.0,18473,global,0.0
2,2,lr5e-05_bs8_drop0p2_temp1p0_a0p25_b0p05__wd1e-04trmiss0_degmodglobal,8,5e-05,0.0001,0.2,1.0,0.25,0.05,lr5e-05_bs8_drop0p2_temp1p0_a0p25_b0p05__wd1e-04trmiss0_degmodglobal,48,0.5339486258370536,0.6539036631584167,0.525,0.6232007575757575,0.5384615384615384,0.0,0.5048986460481372,0.5067900589534214,0.07710045895406178,0.15766893007925578,0.0,0.0,0.0,0.0,0.0,18473,global,0.0
2,2,lr5e-05_bs8_drop0p2_temp1p0_a0p25_b0p05__wd1e-04trmiss0_degmodglobal,8,5e-05,0.0001,0.2,1.0,0.25,0.05,lr5e-05_bs8_drop0p2_temp1p0_a0p25_b0p05__wd1e-04trmiss0_degmodglobal,49,0.5357432280267987,0.6517530083656311,0.525,0.6232007575757575,0.6153846153846154,0.0,0.5396172063691276,0.5097104012966156,0.07521259199295725,0.1445935836860112,0.0,0.0,0.0,0.0,0.0,18473,global,0.0
2,2,lr5e-05_bs8_drop0p2_temp1p0_a0p25_b0p05__wd1e-04trmiss0_degmodglobal,8,5e-05,0.0001,0.2,1.0,0.25,0.05,lr5e-05_bs8_drop0p2_temp1p0_a0p25_b0p05__wd1e-04trmiss0_degmodglobal,50,0.5134816212313515,0.6537206768989563,0.525,0.6232007575757575,0.6153846153846154,0.0,0.5112333212579999,0.4904580073697226,0.07088680272655827,0.10603830271533557,0.0,0.0,0.0,0.0,0.0,18473,global,0.0
2,2,lr5e-05_bs8_drop0p2_temp1p0_a0p25_b0p05__wd1e-04trmiss0_degmodglobal,8,5e-05,0.0001,0.2,1.0,0.25,0.05,lr5e-05_bs8_drop0p2_temp1p0_a0p25_b0p05__wd1e-04trmiss0_degmodglobal,51,0.5288136984620776,0.6511400640010834,0.525,0.6232007575757575,0.6153846153846154,0.0,0.5284389810902732,0.4991365245410374,0.08699593905891691,0.1585638469883374,0.0,0.0,0.0,0.0,0.0,18473,global,0.0
2,2,lr5e-05_bs8_drop0p2_temp1p0_a0p25_b0p05__wd1e-04trmiss0_degmodglobal,8,5e-05,0.0001,0.2,1.0,0.25,0.05,lr5e-05_bs8_drop0p2_temp1p0_a0p25_b0p05__wd1e-04trmiss0_degmodglobal,52,0.5457942315510341,0.6501544713973999,0.525,0.6232007575757575,0.6153846153846154,0.0,0.5084406009742192,0.5042738659041268,0.11818659944193703,0.23947406666619436,0.0,0.0,0.0,0.0,0.0,18473,global,0.0
2,2,lr5e-05_bs8_drop0p2_temp1p0_a0p25_b0p05__wd1e-04trmiss0_degmodglobal,8,5e-05,0.0001,0.2,1.0,0.25,0.05,lr5e-05_bs8_drop0p2_temp1p0_a0p25_b0p05__wd1e-04trmiss0_degmodglobal,53,0.5836618457521711,0.6486299932003021,0.525,0.6232007575757575,0.6153846153846154,0.0,0.5698180624416896,0.5598364216940743,0.07328631303140096,0.11007698838199888,0.0,0.0,0.0,0.0,0.0,18473,global,0.0
2,2,lr5e-05_bs8_drop0p2_temp1p0_a0p25_b0p05__wd1e-04trmiss0_degmodglobal,8,5e-05,0.0001,0.2,1.0,0.25,0.05,lr5e-05_bs8_drop0p2_temp1p0_a0p25_b0p05__wd1e-04trmiss0_degmodglobal,54,0.5277921003954751,0.6502359211444855,0.525,0.6232007575757575,0.6153846153846154,0.0,0.5109661264078957,0.5016879737377167,0.07836947802986417,0.13023525955421583,0.0,0.0,0.0,0.0,0.0,18473,global,0.0
2,2,lr5e-05_bs8_drop0p2_temp1p0_a0p25_b0p05__wd1e-04trmiss0_degmodglobal,8,5e-05,0.0001,0.2,1.0,0.25,0.05,lr5e-05_bs8_drop0p2_temp1p0_a0p25_b0p05__wd1e-04trmiss0_degmodglobal,55,0.5601095429488591,0.6523216664791107,0.525,0.6232007575757575,0.46153846153846156,0.0,0.5595912252153669,0.5407057872840336,0.05798122340015003,0.09816925972700119,0.0,0.0,0.0,0.0,0.0,18473,global,0.0
2,2,lr5e-05_bs8_drop0p2_temp1p0_a0p25_b0p05__wd1e-04trmiss0_degmodglobal,8,5e-05,0.0001,0.2,1.0,0.25,0.05,lr5e-05_bs8_drop0p2_temp1p0_a0p25_b0p05__wd1e-04trmiss0_degmodglobal,56,0.5331877512591225,0.6521547734737396,0.525,0.6232007575757575,0.5384615384615384,0.0,0.5446454158851078,0.5117600219590324,0.06325089665395874,0.11229990875082356,0.0,0.0,0.0,0.0,0.0,18473,global,0.0
2,2,lr5e-05_bs8_drop0p2_temp2p0_a0p25_b0p05__wd1e-04trmiss0_degmodglobal,8,5e-05,0.0001,0.2,2.0,0.25,0.05,lr5e-05_bs8_drop0p2_temp2p0_a0p25_b0p05__wd1e-04trmiss0_degmodglobal,1,0.7254785980497088,0.6675375998020172,0.8,0.897159090909091,0.6153846153846154,0.0,0.6722237978662763,0.7076659032276699,0.04116759901600225,0.15041598358324595,0.0,0.0,0.0,0.0,0.0,18473,global,0.0
2,2,lr5e-05_bs8_drop0p2_temp2p0_a0p25_b0p05__wd1e-04trmiss0_degmodglobal,8,5e-05,0.0001,0.2,2.0,0.25,0.05,lr5e-05_bs8_drop0p2_temp2p0_a0p25_b0p05__wd1e-04trmiss0_degmodglobal,2,0.7140185236930847,0.6652239859104156,0.825,0.9105519480519481,0.6153846153846154,0.0,0.6425047176224845,0.6938771690641131,0.0428551227918693,0.1885516345500946,0.0,0.0,0.0,0.0,0.0,18473,global,0.0
2,2,lr5e-05_bs8_drop0p2_temp2p0_a0p25_b0p05__wd1e-04trmiss0_degmodglobal,8,5e-05,0.0001,0.2,2.0,0.25,0.05,lr5e-05_bs8_drop0p2_temp2p0_a0p25_b0p05__wd1e-04trmiss0_degmodglobal,3,0.7075501510075161,0.6679575741291046,0.825,0.8951388888888889,0.6153846153846154,0.0,0.6154748712267194,0.6868164879935128,0.046860353755099435,0.18037152077470506,0.0,0.0,0.0,0.0,0.0,18473,global,0.0
2,2,lr5e-05_bs8_drop0p2_temp2p0_a0p25_b0p05__wd1e-04trmiss0_degmodglobal,8,5e-05,0.0001,0.2,2.0,0.25,0.05,lr5e-05_bs8_drop0p2_temp2p0_a0p25_b0p05__wd1e-04trmiss0_degmodglobal,4,0.6775873558861869,0.6645159125328064,0.8,0.8897186147186147,0.6923076923076923,0.0,0.6116790005138942,0.6514817902020046,0.05896453612617084,0.2272888986127717,0.0,0.0,0.0,0.0,0.0,18473,global,0.0
2,2,lr5e-05_bs8_drop0p2_temp2p0_a0p25_b0p05__wd1e-04trmiss0_degmodglobal,8,5e-05,0.0001,0.2,2.0,0.25,0.05,lr5e-05_bs8_drop0p2_temp2p0_a0p25_b0p05__wd1e-04trmiss0_degmodglobal,5,0.6741563677787781,0.6596077382564545,0.8,0.897159090909091,0.6153846153846154,0.0,0.605742769581931,0.6502829194068909,0.05757191191826548,0.18960942647286824,0.0,0.0,0.0,0.0,0.0,18473,global,0.0
2,2,lr5e-05_bs8_drop0p2_temp2p0_a0p25_b0p05__wd1e-04trmiss0_degmodglobal,8,5e-05,0.0001,0.2,2.0,0.25,0.05,lr5e-05_bs8_drop0p2_temp2p0_a0p25_b0p05__wd1e-04trmiss0_degmodglobal,6,0.6909751636641366,0.6614294648170471,0.7,0.8398674242424242,0.6153846153846154,0.0,0.5804023231778827,0.6663981335503715,0.057746623775788715,0.20280764571258,0.0,0.0,0.0,0.0,0.0,18473,global,0.0
2,2,lr5e-05_bs8_drop0p2_temp2p0_a0p25_b0p05__wd1e-04trmiss0_degmodglobal,8,5e-05,0.0001,0.2,2.0,0.25,0.05,lr5e-05_bs8_drop0p2_temp2p0_a0p25_b0p05__wd1e-04trmiss0_degmodglobal,7,0.6690046531813485,0.6553039252758026,0.9,0.9502840909090909,0.6153846153846154,0.0,0.5844488995415824,0.645047494343349,0.055495365389755795,0.2016660730753626,0.0,0.0,0.0,0.0,0.0,18473,global,0.0
2,2,lr5e-05_bs8_drop0p2_temp2p0_a0p25_b0p05__wd1e-04trmiss0_degmodglobal,8,5e-05,0.0001,0.2,2.0,0.25,0.05,lr5e-05_bs8_drop0p2_temp2p0_a0p25_b0p05__wd1e-04trmiss0_degmodglobal,8,0.6619163240705218,0.6558639109134674,0.8,0.897159090909091,0.6153846153846154,0.0,0.5608220866748265,0.6332125238009861,0.06694524735212326,0.23934978885310038,0.0,0.0,0.0,0.0,0.0,18473,global,0.0
2,2,lr5e-05_bs8_drop0p2_temp2p0_a0p25_b0p05__wd1e-04trmiss0_degmodglobal,8,5e-05,0.0001,0.2,2.0,0.25,0.05,lr5e-05_bs8_drop0p2_temp2p0_a0p25_b0p05__wd1e-04trmiss0_degmodglobal,9,0.6537093349865505,0.6527121365070343,0.8,0.897159090909091,0.6153846153846154,0.0,0.5493443608283997,0.6268004689897809,0.06999953782984189,0.18817977287939616,0.0,0.0,0.0,0.0,0.0,18473,global,0.0
2,2,lr5e-05_bs8_drop0p2_temp2p0_a0p25_b0p05__wd1e-04trmiss0_degmodglobal,8,5e-05,0.0001,0.2,2.0,0.25,0.05,lr5e-05_bs8_drop0p2_temp2p0_a0p25_b0p05__wd1e-04trmiss0_degmodglobal,10,0.6429880176271711,0.6491447687149048,0.775,0.8867424242424242,0.6923076923076923,0.0,0.561082797391074,0.620789178780147,0.05163266243679183,0.18581344613007136,0.0,0.0,0.0,0.0,0.0,18473,global,0.0
2,2,lr5e-05_bs8_drop0p2_temp2p0_a0p25_b0p05__wd1e-04trmiss0_degmodglobal,8,5e-05,0.0001,0.2,2.0,0.25,0.05,lr5e-05_bs8_drop0p2_temp2p0_a0p25_b0p05__wd1e-04trmiss0_degmodglobal,11,0.6388928464480809,0.6481383442878723,0.775,0.8867424242424242,0.7692307692307693,0.0,0.5776455657822746,0.6185622215270996,0.047878697514534,0.16721908109528677,0.0,0.0,0.0,0.0,0.0,18473,global,0.0
2,2,lr5e-05_bs8_drop0p2_temp2p0_a0p25_b0p05__wd1e-04trmiss0_degmodglobal,8,5e-05,0.0001,0.2,2.0,0.25,0.05,lr5e-05_bs8_drop0p2_temp2p0_a0p25_b0p05__wd1e-04trmiss0_degmodglobal,12,0.6226432919502258,0.6514600813388824,0.725,0.8510281385281385,0.6923076923076923,0.0,0.5542384300913129,0.6033379265240261,0.054140712533678324,0.11540406144091062,0.0,0.0,0.0,0.0,0.0,18473,global,0.0
2,2,lr5e-05_bs8_drop0p2_temp2p0_a0p25_b0p05__wd1e-04trmiss0_degmodglobal,8,5e-05,0.0001,0.2,2.0,0.25,0.05,lr5e-05_bs8_drop0p2_temp2p0_a0p25_b0p05__wd1e-04trmiss0_degmodglobal,13,0.6348959973880223,0.6423543989658356,0.825,0.9068813131313131,0.6923076923076923,0.0,0.5530680503164019,0.6107920237949916,0.05985059429492269,0.18282663183552877,0.0,0.0,0.0,0.0,0.0,18473,global,0.0
2,2,lr5e-05_bs8_drop0p2_temp2p0_a0p25_b0p05__wd1e-04trmiss0_degmodglobal,8,5e-05,0.0001,0.2,2.0,0.25,0.05,lr5e-05_bs8_drop0p2_temp2p0_a0p25_b0p05__wd1e-04trmiss0_degmodglobal,14,0.6353877357074192,0.6411532461643219,0.775,0.8867424242424242,0.6923076923076923,0.0,0.5340186400072915,0.6070298637662616,0.07115890032478742,0.21136306864874704,0.0,0.0,0.0,0.0,0.0,18473,global,0.0
2,2,lr5e-05_bs8_drop0p2_temp2p0_a0p25_b0p05__wd1e-04trmiss0_degmodglobal,8,5e-05,0.0001,0.2,2.0,0.25,0.05,lr5e-05_bs8_drop0p2_temp2p0_a0p25_b0p05__wd1e-04trmiss0_degmodglobal,15,0.62706458568573,0.6392956674098969,0.775,0.8867424242424242,0.7692307692307693,0.0,0.529258668422699,0.5947670681135995,0.0848484608743872,0.22170774638652802,0.0,0.0,0.0,0.0,0.0,18473,global,0.0
2,2,lr5e-05_bs8_drop0p2_temp2p0_a0p25_b0p05__wd1e-04trmiss0_degmodglobal,8,5e-05,0.0001,0.2,2.0,0.25,0.05,lr5e-05_bs8_drop0p2_temp2p0_a0p25_b0p05__wd1e-04trmiss0_degmodglobal,16,0.6196548172405788,0.6352640092372894,0.8,0.897159090909091,0.6923076923076923,0.0,0.5324223680155618,0.5920071857316154,0.07254528094615255,0.19022627494164876,0.0,0.0,0.0,0.0,0.0,18473,global,0.0
2,2,lr5e-05_bs8_drop0p2_temp2p0_a0p25_b0p05__wd1e-04trmiss0_degmodglobal,8,5e-05,0.0001,0.2,2.0,0.25,0.05,lr5e-05_bs8_drop0p2_temp2p0_a0p25_b0p05__wd1e-04trmiss0_degmodglobal,17,0.6300589186804635,0.6365691423416138,0.775,0.8867424242424242,0.5384615384615384,0.0,0.5275636187621525,0.6006327016013009,0.07679847574659757,0.2045316163982664,0.0,0.0,0.0,0.0,0.0,18473,global,0.0
2,2,lr5e-05_bs8_drop0p2_temp2p0_a0p25_b0p05__wd1e-04trmiss0_degmodglobal,8,5e-05,0.0001,0.2,2.0,0.25,0.05,lr5e-05_bs8_drop0p2_temp2p0_a0p25_b0p05__wd1e-04trmiss0_degmodglobal,18,0.5997525112969535,0.6376985311508179,0.775,0.8867424242424242,0.6153846153846154,0.0,0.48839602725846426,0.5668148909296308,0.08358077758124896,0.2408486327954701,0.0,0.0,0.0,0.0,0.0,18473,global,0.0
2,2,lr5e-05_bs8_drop0p2_temp2p0_a0p25_b0p05__wd1e-04trmiss0_degmodglobal,8,5e-05,0.0001,0.2,2.0,0.25,0.05,lr5e-05_bs8_drop0p2_temp2p0_a0p25_b0p05__wd1e-04trmiss0_degmodglobal,19,0.6328852559838977,0.6359198093414307,0.725,0.8583333333333334,0.6923076923076923,0.0,0.5289504698344639,0.6023236981460026,0.07726053521037102,0.2249285046543394,0.0,0.0,0.0,0.0,0.0,18473,global,0.0
2,2,lr5e-05_bs8_drop0p2_temp2p0_a0p25_b0p05__wd1e-04trmiss0_degmodglobal,8,5e-05,0.0001,0.2,2.0,0.25,0.05,lr5e-05_bs8_drop0p2_temp2p0_a0p25_b0p05__wd1e-04trmiss0_degmodglobal,20,0.6126744321414402,0.6363336741924286,0.75,0.8791666666666667,0.6923076923076923,0.0,0.49756769623075214,0.5840912887028286,0.06841013154813222,0.22961177144731795,0.0,0.0,0.0,0.0,0.0,18473,global,0.0
2,2,lr5e-05_bs8_drop0p2_temp2p0_a0p25_b0p05__wd1e-04trmiss0_degmodglobal,8,5e-05,0.0001,0.2,2.0,0.25,0.05,lr5e-05_bs8_drop0p2_temp2p0_a0p25_b0p05__wd1e-04trmiss0_degmodglobal,21,0.5866806932858059,0.63997021317482,0.75,0.865909090909091,0.6923076923076923,0.0,0.5143107601574489,0.5621668526104519,0.06097206499959741,0.18541650474071503,0.0,0.0,0.0,0.0,0.0,18473,global,0.0
2,2,lr5e-05_bs8_drop0p2_temp2p0_a0p25_b0p05__wd1e-04trmiss0_degmodglobal,8,5e-05,0.0001,0.2,2.0,0.25,0.05,lr5e-05_bs8_drop0p2_temp2p0_a0p25_b0p05__wd1e-04trmiss0_degmodglobal,22,0.5988598465919495,0.6385419964790344,0.725,0.8510281385281385,0.6153846153846154,0.0,0.5080721250602177,0.5755494832992554,0.05814689078501293,0.17547296998756273,0.0,0.0,0.0,0.0,0.0,18473,global,0.0
2,2,lr5e-05_bs8_drop0p2_temp2p0_a0p25_b0p05__wd1e-04trmiss0_degmodglobal,8,5e-05,0.0001,0.2,2.0,0.25,0.05,lr5e-05_bs8_drop0p2_temp2p0_a0p25_b0p05__wd1e-04trmiss0_degmodglobal,23,0.6001442500523159,0.6354762613773346,0.725,0.8200757575757576,0.6153846153846154,0.0,0.5000638536044529,0.5728339808327811,0.06962993421724864,0.19805565476417542,0.0,0.0,0.0,0.0,0.0,18473,global,0.0
2,2,lr5e-05_bs8_drop0p2_temp2p0_a0p25_b0p05__wd1e-04trmiss0_degmodglobal,8,5e-05,0.0001,0.2,2.0,0.25,0.05,lr5e-05_bs8_drop0p2_temp2p0_a0p25_b0p05__wd1e-04trmiss0_degmodglobal,24,0.603552086012704,0.6346065998077393,0.725,0.8200757575757576,0.6153846153846154,0.0,0.5030787033694131,0.5703356862068176,0.08249466334070478,0.25185458681413103,0.0,0.0,0.0,0.0,0.0,18473,global,0.0
2,2,lr5e-05_bs8_drop0p2_temp2p0_a0p25_b0p05__wd1e-04trmiss0_degmodglobal,8,5e-05,0.0001,0.2,2.0,0.25,0.05,lr5e-05_bs8_drop0p2_temp2p0_a0p25_b0p05__wd1e-04trmiss0_degmodglobal,25,0.5820618612425668,0.6321500539779663,0.75,0.8513257575757576,0.6923076923076923,0.0,0.4884796781199319,0.554320650441306,0.07531570749623435,0.17824576582227433,0.0,0.0,0.0,0.0,0.0,18473,global,0.0
2,2,lr5e-05_bs8_drop0p2_temp2p0_a0p25_b0p05__wd1e-04trmiss0_degmodglobal,8,5e-05,0.0001,0.2,2.0,0.25,0.05,lr5e-05_bs8_drop0p2_temp2p0_a0p25_b0p05__wd1e-04trmiss0_degmodglobal,26,0.5944903152329581,0.6321106553077698,0.7,0.8051948051948052,0.6923076923076923,0.0,0.48120019265583586,0.5586197120802743,0.09318353342158454,0.2514942703502519,0.0,0.0,0.0,0.0,0.0,18473,global,0.0
2,2,lr5e-05_bs8_drop0p2_temp2p0_a0p25_b0p05__wd1e-04trmiss0_degmodglobal,8,5e-05,0.0001,0.2,2.0,0.25,0.05,lr5e-05_bs8_drop0p2_temp2p0_a0p25_b0p05__wd1e-04trmiss0_degmodglobal,27,0.5980420112609863,0.6327406167984009,0.75,0.8240079365079365,0.6153846153846154,0.0,0.4992807039192745,0.5740738255637032,0.06064006579773767,0.17616339453629085,0.0,0.0,0.0,0.0,0.0,18473,global,0.0
2,2,lr5e-05_bs8_drop0p4_temp1p0_a0p25_b0p05__wd1e-04trmiss0_degmodglobal,8,5e-05,0.0001,0.4,1.0,0.25,0.05,lr5e-05_bs8_drop0p4_temp1p0_a0p25_b0p05__wd1e-04trmiss0_degmodglobal,1,0.7446428622518267,0.6755587756633759,0.675,0.8115280552780553,0.7692307692307693,0.0,0.7116844398634774,0.7206753322056362,0.06044205278158188,0.1771400815674237,0.0,0.0,0.0,0.0,0.0,18473,global,0.0
2,2,lr5e-05_bs8_drop0p4_temp1p0_a0p25_b0p05__wd1e-04trmiss0_degmodglobal,8,5e-05,0.0001,0.4,1.0,0.25,0.05,lr5e-05_bs8_drop0p4_temp1p0_a0p25_b0p05__wd1e-04trmiss0_degmodglobal,2,0.7341657025473458,0.6664376556873322,0.7,0.8543851981351982,0.6923076923076923,0.0,0.6635515264102391,0.7135699646813529,0.05566545948386192,0.1335872166923114,0.0,0.0,0.0,0.0,0.0,18473,global,0.0
2,2,lr5e-05_bs8_drop0p4_temp1p0_a0p25_b0p05__wd1e-04trmiss0_degmodglobal,8,5e-05,0.0001,0.4,1.0,0.25,0.05,lr5e-05_bs8_drop0p4_temp1p0_a0p25_b0p05__wd1e-04trmiss0_degmodglobal,3,0.7020226546696254,0.6617039740085602,0.7,0.8459145021645021,0.6153846153846154,0.0,0.6964358772550311,0.6874344944953918,0.03867294080555439,0.09839829483202525,0.0,0.0,0.0,0.0,0.0,18473,global,0.0
2,2,lr5e-05_bs8_drop0p4_temp1p0_a0p25_b0p05__wd1e-04trmiss0_degmodglobal,8,5e-05,0.0001,0.4,1.0,0.25,0.05,lr5e-05_bs8_drop0p4_temp1p0_a0p25_b0p05__wd1e-04trmiss0_degmodglobal,4,0.6911025132451739,0.651512086391449,0.75,0.8741883116883117,0.6153846153846154,0.0,0.6828826836177281,0.6619348526000977,0.07134173171860832,0.2266445138624736,0.0,0.0,0.0,0.0,0.0,18473,global,0.0
2,2,lr5e-05_bs8_drop0p4_temp1p0_a0p25_b0p05__wd1e-04trmiss0_degmodglobal,8,5e-05,0.0001,0.4,1.0,0.25,0.05,lr5e-05_bs8_drop0p4_temp1p0_a0p25_b0p05__wd1e-04trmiss0_degmodglobal,5,0.6859999299049377,0.6505562663078308,0.7,0.8357954545454546,0.6153846153846154,0.0,0.6818483897617885,0.6616600155830383,0.061100728277649195,0.1812948669706072,0.0,0.0,0.0,0.0,0.0,18473,global,0.0
2,2,lr5e-05_bs8_drop0p4_temp1p0_a0p25_b0p05__wd1e-04trmiss0_degmodglobal,8,5e-05,0.0001,0.4,1.0,0.25,0.05,lr5e-05_bs8_drop0p4_temp1p0_a0p25_b0p05__wd1e-04trmiss0_degmodglobal,6,0.7007439051355634,0.6528121829032898,0.675,0.8045454545454546,0.6153846153846154,0.0,0.6520179850714547,0.6739596724510193,0.06850492741380419,0.1931601965001651,0.0,0.0,0.0,0.0,0.0,18473,global,0.0
2,2,lr5e-05_bs8_drop0p4_temp1p0_a0p25_b0p05__wd1e-04trmiss0_degmodglobal,8,5e-05,0.0001,0.4,1.0,0.25,0.05,lr5e-05_bs8_drop0p4_temp1p0_a0p25_b0p05__wd1e-04trmiss0_degmodglobal,7,0.6596430710383824,0.6521430313587189,0.625,0.7938311688311688,0.6153846153846154,0.0,0.6873189040592739,0.6359395555087498,0.06138673211847033,0.1671364584139415,0.0,0.0,0.0,0.0,0.0,18473,global,0.0
2,2,lr5e-05_bs8_drop0p4_temp1p0_a0p25_b0p05__wd1e-04trmiss0_degmodglobal,8,5e-05,0.0001,0.4,1.0,0.25,0.05,lr5e-05_bs8_drop0p4_temp1p0_a0p25_b0p05__wd1e-04trmiss0_degmodglobal,8,0.6832260659762791,0.6609493494033813,0.5499999999999999,0.7374209124209123,0.5384615384615384,0.0,0.6307494214602879,0.6662522213799613,0.04743491166404316,0.10230265398110662,0.0,0.0,0.0,0.0,0.0,18473,global,0.0
2,2,lr5e-05_bs8_drop0p4_temp1p0_a0p25_b0p05__wd1e-04trmiss0_degmodglobal,8,5e-05,0.0001,0.4,1.0,0.25,0.05,lr5e-05_bs8_drop0p4_temp1p0_a0p25_b0p05__wd1e-04trmiss0_degmodglobal,9,0.6846786652292524,0.6628746092319489,0.6,0.7826704545454545,0.6153846153846154,0.0,0.63229900598526,0.6625927005495343,0.06259916456682342,0.12872372567653656,0.0,0.0,0.0,0.0,0.0,18473,global,0.0
2,2,lr5e-05_bs8_drop0p4_temp1p0_a0p25_b0p05__wd1e-04trmiss0_degmodglobal,8,5e-05,0.0001,0.4,1.0,0.25,0.05,lr5e-05_bs8_drop0p4_temp1p0_a0p25_b0p05__wd1e-04trmiss0_degmodglobal,10,0.65850487777165,0.6698003113269806,0.725,0.8607954545454546,0.6153846153846154,0.0,0.615950175694057,0.6413062470299857,0.04618442537529128,0.11305050871201924,0.0,0.0,0.0,0.0,0.0,18473,global,0.0
2,2,lr5e-05_bs8_drop0p4_temp1p0_a0p25_b0p05__wd1e-04trmiss0_degmodglobal,8,5e-05,0.0001,0.4,1.0,0.25,0.05,lr5e-05_bs8_drop0p4_temp1p0_a0p25_b0p05__wd1e-04trmiss0_degmodglobal,11,0.6959958161626544,0.6741278767585754,0.6,0.7929268648018648,0.6153846153846154,0.0,0.6475745865276882,0.674288775239672,0.051272179399217875,0.17777979373931885,0.0,0.0,0.0,0.0,0.0,18473,global,0.0
2,2,lr5e-05_bs8_drop0p4_temp1p0_a0p25_b0p05__wd1e-04trmiss0_degmodglobal,8,5e-05,0.0001,0.4,1.0,0.25,0.05,lr5e-05_bs8_drop0p4_temp1p0_a0p25_b0p05__wd1e-04trmiss0_degmodglobal,12,0.6706639187676566,0.6712597012519836,0.625,0.8179268648018647,0.5384615384615384,0.0,0.6401548641068595,0.6436358605112348,0.06904074656111854,0.19535733067563602,0.0,0.0,0.0,0.0,0.0,18473,global,0.0
2,2,lr5e-05_bs8_drop0p4_temp1p0_a0p25_b0p05__wd1e-04trmiss0_degmodglobal,8,5e-05,0.0001,0.4,1.0,0.25,0.05,lr5e-05_bs8_drop0p4_temp1p0_a0p25_b0p05__wd1e-04trmiss0_degmodglobal,13,0.667732298374176,0.6683641672134399,0.625,0.8179268648018647,0.5384615384615384,0.0,0.6320697154317584,0.6506854295730591,0.04733312741986343,0.10427183019263404,0.0,0.0,0.0,0.0,0.0,18473,global,0.0
2,2,lr5e-05_bs8_drop0p4_temp1p0_a0p25_b0p05__wd1e-04trmiss0_degmodglobal,8,5e-05,0.0001,0.4,1.0,0.25,0.05,lr5e-05_bs8_drop0p4_temp1p0_a0p25_b0p05__wd1e-04trmiss0_degmodglobal,14,0.6646709016391209,0.6654676198959351,0.65,0.8290875790875791,0.5384615384615384,0.0,0.6446287887437003,0.6494724324771336,0.04159702121147087,0.09598421651337828,0.0,0.0,0.0,0.0,0.0,18473,global,0.0
2,2,lr5e-05_bs8_drop0p4_temp1p0_a0p25_b0p05__wd1e-04trmiss0_degmodglobal,8,5e-05,0.0001,0.4,1.0,0.25,0.05,lr5e-05_bs8_drop0p4_temp1p0_a0p25_b0p05__wd1e-04trmiss0_degmodglobal,15,0.6470888001578194,0.6626167893409729,0.6,0.7957542457542458,0.6153846153846154,0.0,0.6249742252486092,0.6301424843924386,0.048885024551834376,0.0945014703486647,0.0,0.0,0.0,0.0,0.0,18473,global,0.0
2,2,lr5e-05_bs8_drop0p4_temp1p0_a0p25_b0p05__wd1e-04trmiss0_degmodglobal,8,5e-05,0.0001,0.4,1.0,0.25,0.05,lr5e-05_bs8_drop0p4_temp1p0_a0p25_b0p05__wd1e-04trmiss0_degmodglobal,16,0.6339493649346488,0.6620320677757263,0.625,0.8106351981351981,0.5384615384615384,0.0,0.6070673380579267,0.6163395728383746,0.04832663041140352,0.11056315207055636,0.0,0.0,0.0,0.0,0.0,18473,global,0.0
2,2,lr5e-05_bs8_drop0p4_temp1p0_a0p25_b0p05__wd1e-04trmiss0_degmodglobal,8,5e-05,0.0001,0.4,1.0,0.25,0.05,lr5e-05_bs8_drop0p4_temp1p0_a0p25_b0p05__wd1e-04trmiss0_degmodglobal,17,0.6400130476270404,0.6583007872104645,0.65,0.8290875790875791,0.6153846153846154,0.0,0.6080092021397182,0.6179338267871312,0.06157987458365304,0.13368510428283895,0.0,0.0,0.0,0.0,0.0,18473,global,0.0
2,2,lr5e-05_bs8_drop0p4_temp1p0_a0p25_b0p05__wd1e-04trmiss0_degmodglobal,8,5e-05,0.0001,0.4,1.0,0.25,0.05,lr5e-05_bs8_drop0p4_temp1p0_a0p25_b0p05__wd1e-04trmiss0_degmodglobal,18,0.6433507459504264,0.6577817499637604,0.625,0.8040875790875791,0.5384615384615384,0.0,0.6197465998785836,0.6232460737228394,0.05520874368292945,0.12604992783495358,0.0,0.0,0.0,0.0,0.0,18473,global,0.0
2,2,lr5e-05_bs8_drop0p4_temp1p0_a0p25_b0p05__wd1e-04trmiss0_degmodglobal,8,5e-05,0.0001,0.4,1.0,0.25,0.05,lr5e-05_bs8_drop0p4_temp1p0_a0p25_b0p05__wd1e-04trmiss0_degmodglobal,19,0.6214437058993748,0.6616449654102325,0.6,0.7874209124209124,0.5384615384615384,0.0,0.6011607902390617,0.5995244468961444,0.060995959277663915,0.13340545977864945,0.0,0.0,0.0,0.0,0.0,18473,global,0.0
2,2,lr5e-05_bs8_drop0p4_temp1p0_a0p25_b0p05__wd1e-04trmiss0_degmodglobal,8,5e-05,0.0001,0.4,1.0,0.25,0.05,lr5e-05_bs8_drop0p4_temp1p0_a0p25_b0p05__wd1e-04trmiss0_degmodglobal,20,0.6254086835043771,0.662324070930481,0.575,0.7790875790875791,0.46153846153846156,0.0,0.608183741569519,0.60820415190288,0.05049569079918521,0.09161225865994181,0.0,0.0,0.0,0.0,0.0,18473,global,0.0
2,2,lr5e-05_bs8_drop0p4_temp1p0_a0p25_b0p05__wd1e-04trmiss0_degmodglobal,8,5e-05,0.0001,0.4,1.0,0.25,0.05,lr5e-05_bs8_drop0p4_temp1p0_a0p25_b0p05__wd1e-04trmiss0_degmodglobal,21,0.6239837663514274,0.668581485748291,0.5499999999999999,0.7478375790875791,0.46153846153846156,0.0,0.6302250368254525,0.6059115188462394,0.049979809139456065,0.11154598955597196,0.0,0.0,0.0,0.0,0.0,18473,global,0.0
2,2,lr5e-05_bs8_drop0p4_temp1p0_a0p25_b0p05__wd1e-04trmiss0_degmodglobal,8,5e-05,0.0001,0.4,1.0,0.25,0.05,lr5e-05_bs8_drop0p4_temp1p0_a0p25_b0p05__wd1e-04trmiss0_degmodglobal,22,0.6305888039725167,0.6663315892219543,0.575,0.7561709124209124,0.5384615384615384,0.0,0.5839379642690931,0.6084901775632586,0.05588984649096217,0.16252315204058373,0.0,0.0,0.0,0.0,0.0,18473,global,0.0
2,2,lr5e-05_bs8_drop0p4_temp1p0_a0p25_b0p05__wd1e-04trmiss0_degmodglobal,8,5e-05,0.0001,0.4,1.0,0.25,0.05,lr5e-05_bs8_drop0p4_temp1p0_a0p25_b0p05__wd1e-04trmiss0_degmodglobal,23,0.6456711632864816,0.6612500548362732,0.6,0.7874209124209124,0.6153846153846154,0.0,0.6099251508712769,0.6251032948493958,0.05069820157119206,0.1578665982399668,0.0,0.0,0.0,0.0,0.0,18473,global,0.0
2,2,lr5e-05_bs8_drop0p4_temp1p0_a0p25_b0p05__wd1e-04trmiss0_degmodglobal,8,5e-05,0.0001,0.4,1.0,0.25,0.05,lr5e-05_bs8_drop0p4_temp1p0_a0p25_b0p05__wd1e-04trmiss0_degmodglobal,24,0.6520805529185704,0.659999281167984,0.6,0.7874209124209124,0.6153846153846154,0.0,0.6183345913887024,0.6291846803256443,0.05857697155858789,0.1650325996535165,0.0,0.0,0.0,0.0,0.0,18473,global,0.0
2,2,lr5e-05_bs8_drop0p4_temp1p0_a0p25_b0p05__wd1e-04trmiss0_degmodglobal,8,5e-05,0.0001,0.4,1.0,0.25,0.05,lr5e-05_bs8_drop0p4_temp1p0_a0p25_b0p05__wd1e-04trmiss0_degmodglobal,25,0.6063661064420428,0.6599397659301758,0.625,0.7978375790875791,0.6153846153846154,0.0,0.6069421001843044,0.5832718695913043,0.06423500925302505,0.1407097237450736,0.0,0.0,0.0,0.0,0.0,18473,global,0.0
2,2,lr5e-05_bs8_drop0p4_temp1p0_a0p25_b0p05__wd1e-04trmiss0_degmodglobal,8,5e-05,0.0001,0.4,1.0,0.25,0.05,lr5e-05_bs8_drop0p4_temp1p0_a0p25_b0p05__wd1e-04trmiss0_degmodglobal,26,0.6341220395905631,0.6578613221645355,0.625,0.7978375790875791,0.6153846153846154,0.0,0.5978602511542184,0.621367369379316,0.037412215024232864,0.06803216572318758,0.0,0.0,0.0,0.0,0.0,18473,global,0.0
2,2,lr5e-05_bs8_drop0p4_temp1p0_a0p25_b0p05__wd1e-04trmiss0_degmodglobal,8,5e-05,0.0001,0.4,1.0,0.25,0.05,lr5e-05_bs8_drop0p4_temp1p0_a0p25_b0p05__wd1e-04trmiss0_degmodglobal,27,0.6244631409645081,0.6560774147510529,0.65,0.8042478354978355,0.5384615384615384,0.0,0.6058980396815709,0.6090829968452454,0.04187302131737981,0.09823771459715706,0.0,0.0,0.0,0.0,0.0,18473,global,0.0
2,2,lr5e-05_bs8_drop0p4_temp1p0_a0p25_b0p05__wd1e-04trmiss0_degmodglobal,8,5e-05,0.0001,0.4,1.0,0.25,0.05,lr5e-05_bs8_drop0p4_temp1p0_a0p25_b0p05__wd1e-04trmiss0_degmodglobal,28,0.6141302585601807,0.656927764415741,0.65,0.8042478354978355,0.6153846153846154,0.0,0.5997903687613351,0.5971600839069912,0.046991415321826935,0.10444641698684011,0.0,0.0,0.0,0.0,0.0,18473,global,0.0
2,2,lr5e-05_bs8_drop0p4_temp1p0_a0p25_b0p05__wd1e-04trmiss0_degmodglobal,8,5e-05,0.0001,0.4,1.0,0.25,0.05,lr5e-05_bs8_drop0p4_temp1p0_a0p25_b0p05__wd1e-04trmiss0_degmodglobal,29,0.6070056131907872,0.6582475006580353,0.65,0.8042478354978355,0.6153846153846154,0.0,0.6058336411203656,0.5882206686905452,0.04299587543521609,0.1607193499803543,0.0,0.0,0.0,0.0,0.0,18473,global,0.0
2,2,lr5e-05_bs8_drop0p4_temp1p0_a0p25_b0p05__wd1e-04trmiss0_degmodglobal,8,5e-05,0.0001,0.4,1.0,0.25,0.05,lr5e-05_bs8_drop0p4_temp1p0_a0p25_b0p05__wd1e-04trmiss0_degmodglobal,30,0.6340250202587673,0.6591954529285431,0.625,0.7729978354978355,0.6153846153846154,0.0,0.5903892772538322,0.6163028138024467,0.050090160753045766,0.1039934584072658,0.0,0.0,0.0,0.0,0.0,18473,global,0.0
2,2,lr5e-05_bs8_drop0p4_temp2p0_a0p25_b0p05__wd1e-04trmiss0_degmodglobal,8,5e-05,0.0001,0.4,2.0,0.25,0.05,lr5e-05_bs8_drop0p4_temp2p0_a0p25_b0p05__wd1e-04trmiss0_degmodglobal,1,0.8275942972728184,0.7163246273994446,0.425,0.6823232323232323,0.46153846153846156,0.0,0.6520528793334961,0.7688097102301461,0.11207856982946396,0.61529883316585,0.0,0.0,0.0,0.0,0.0,18473,global,0.0
2,2,lr5e-05_bs8_drop0p4_temp2p0_a0p25_b0p05__wd1e-04trmiss0_degmodglobal,8,5e-05,0.0001,0.4,2.0,0.25,0.05,lr5e-05_bs8_drop0p4_temp2p0_a0p25_b0p05__wd1e-04trmiss0_degmodglobal,2,0.7724940606525966,0.7108958065509796,0.45,0.6582656926406927,0.38461538461538464,0.0,0.613001823425293,0.7278286899839129,0.08784309242452894,0.4540920683315822,0.0,0.0,0.0,0.0,0.0,18473,global,0.0
2,2,lr5e-05_bs8_drop0p4_temp2p0_a0p25_b0p05__wd1e-04trmiss0_degmodglobal,8,5e-05,0.0001,0.4,2.0,0.25,0.05,lr5e-05_bs8_drop0p4_temp2p0_a0p25_b0p05__wd1e-04trmiss0_degmodglobal,3,0.806520402431488,0.7151236236095428,0.475,0.6707656926406926,0.46153846153846156,0.0,0.6143593192100525,0.7545394812311444,0.09580058604478836,0.5606156119278499,0.0,0.0,0.0,0.0,0.0,18473,global,0.0
2,2,lr5e-05_bs8_drop0p4_temp2p0_a0p25_b0p05__wd1e-04trmiss0_degmodglobal,8,5e-05,0.0001,0.4,2.0,0.25,0.05,lr5e-05_bs8_drop0p4_temp2p0_a0p25_b0p05__wd1e-04trmiss0_degmodglobal,4,0.7331855126789638,0.7128085196018219,0.5,0.6389204545454545,0.5384615384615384,0.0,0.5725287028721401,0.6795556460108075,0.10897731887442726,0.5277110636234283,0.0,0.0,0.0,0.0,0.0,18473,global,0.0
2,2,lr5e-05_bs8_drop0p4_temp2p0_a0p25_b0p05__wd1e-04trmiss0_degmodglobal,8,5e-05,0.0001,0.4,2.0,0.25,0.05,lr5e-05_bs8_drop0p4_temp2p0_a0p25_b0p05__wd1e-04trmiss0_degmodglobal,5,0.7093320148331779,0.7030284106731415,0.5,0.6826704545454545,0.46153846153846156,0.0,0.6053243790354047,0.6626506618091038,0.09701590240001678,0.44854751229286194,0.0,0.0,0.0,0.0,0.0,18473,global,0.0
2,2,lr5e-05_bs8_drop0p4_temp2p0_a0p25_b0p05__wd1e-04trmiss0_degmodglobal,8,5e-05,0.0001,0.4,2.0,0.25,0.05,lr5e-05_bs8_drop0p4_temp2p0_a0p25_b0p05__wd1e-04trmiss0_degmodglobal,6,0.6938693438257489,0.6999036967754364,0.475,0.673989898989899,0.46153846153846156,0.0,0.6041056556361062,0.6535546183586121,0.08172297690595899,0.3976793736219406,0.0,0.0,0.0,0.0,0.0,18473,global,0.0
2,2,lr5e-05_bs8_drop0p4_temp2p0_a0p25_b0p05__wd1e-04trmiss0_degmodglobal,8,5e-05,0.0001,0.4,2.0,0.25,0.05,lr5e-05_bs8_drop0p4_temp2p0_a0p25_b0p05__wd1e-04trmiss0_degmodglobal,7,0.7427574736731393,0.6979145407676697,0.525,0.7014204545454545,0.5384615384615384,0.0,0.5609269482748849,0.6805873598371234,0.12645556085876056,0.6111246304852622,0.0,0.0,0.0,0.0,0.0,18473,global,0.0
2,2,lr5e-05_bs8_drop0p4_temp2p0_a0p25_b0p05__wd1e-04trmiss0_degmodglobal,8,5e-05,0.0001,0.4,2.0,0.25,0.05,lr5e-05_bs8_drop0p4_temp2p0_a0p25_b0p05__wd1e-04trmiss0_degmodglobal,8,0.7208360178130013,0.6941865682601929,0.525,0.7014204545454545,0.5384615384615384,0.0,0.5862486617905753,0.6599041734422956,0.12393928744963237,0.5989402277129037,0.0,0.0,0.0,0.0,0.0,18473,global,0.0
2,2,lr5e-05_bs8_drop0p4_temp2p0_a0p25_b0p05__wd1e-04trmiss0_degmodglobal,8,5e-05,0.0001,0.4,2.0,0.25,0.05,lr5e-05_bs8_drop0p4_temp2p0_a0p25_b0p05__wd1e-04trmiss0_degmodglobal,9,0.7117334008216858,0.6950555443763733,0.525,0.7014204545454545,0.5384615384615384,0.0,0.5357362372534615,0.6571642075266156,0.11166203979934965,0.5330736935138702,0.0,0.0,0.0,0.0,0.0,18473,global,0.0
2,2,lr5e-05_bs8_drop0p4_temp2p0_a0p25_b0p05__wd1e-04trmiss0_degmodglobal,8,5e-05,0.0001,0.4,2.0,0.25,0.05,lr5e-05_bs8_drop0p4_temp2p0_a0p25_b0p05__wd1e-04trmiss0_degmodglobal,10,0.664999680859702,0.6922774612903595,0.5,0.6389204545454545,0.5384615384615384,0.0,0.5326821846621377,0.6157529354095459,0.0983426006776946,0.49322186197553364,0.0,0.0,0.0,0.0,0.0,18473,global,0.0
2,2,lr5e-05_bs8_drop0p4_temp2p0_a0p25_b0p05__wd1e-04trmiss0_degmodglobal,8,5e-05,0.0001,0.4,2.0,0.25,0.05,lr5e-05_bs8_drop0p4_temp2p0_a0p25_b0p05__wd1e-04trmiss0_degmodglobal,11,0.6998918226787022,0.6894160509109497,0.5,0.6389204545454545,0.5384615384615384,0.0,0.5362258042607989,0.6463026915277753,0.10993161371776036,0.522124707698822,0.0,0.0,0.0,0.0,0.0,18473,global,0.0
2,2,lr5e-05_bs8_drop0p4_temp2p0_a0p25_b0p05__wd1e-04trmiss0_degmodglobal,8,5e-05,0.0001,0.4,2.0,0.25,0.05,lr5e-05_bs8_drop0p4_temp2p0_a0p25_b0p05__wd1e-04trmiss0_degmodglobal,12,0.6592050875936236,0.6887035369873047,0.5,0.692739898989899,0.46153846153846156,0.0,0.5427760609558651,0.6112274782998222,0.09910913077848298,0.4640064111777714,0.0,0.0,0.0,0.0,0.0,18473,global,0.0
2,2,lr5e-05_bs8_drop0p4_temp2p0_a0p25_b0p05__wd1e-04trmiss0_degmodglobal,8,5e-05,0.0001,0.4,2.0,0.25,0.05,lr5e-05_bs8_drop0p4_temp2p0_a0p25_b0p05__wd1e-04trmiss0_degmodglobal,13,0.6655997548784528,0.6919755041599274,0.5,0.6389204545454545,0.5384615384615384,0.0,0.5505718673978534,0.6150551949228559,0.11031115055084229,0.4593355059623718,0.0,0.0,0.0,0.0,0.0,18473,global,0.0
2,2,lr5e-05_bs8_drop0p4_temp2p0_a0p25_b0p05__wd1e-04trmiss0_degmodglobal,8,5e-05,0.0001,0.4,2.0,0.25,0.05,lr5e-05_bs8_drop0p4_temp2p0_a0p25_b0p05__wd1e-04trmiss0_degmodglobal,14,0.6532840984208244,0.6924529373645782,0.475,0.6201704545454545,0.5384615384615384,0.0,0.49892118998936247,0.6072533130645752,0.09764807245561055,0.43237532462392536,0.0,0.0,0.0,0.0,0.0,18473,global,0.0
2,2,lr5e-05_bs8_drop0p4_temp2p0_a0p25_b0p05__wd1e-04trmiss0_degmodglobal,8,5e-05,0.0001,0.4,2.0,0.25,0.05,lr5e-05_bs8_drop0p4_temp2p0_a0p25_b0p05__wd1e-04trmiss0_degmodglobal,15,0.6668492044721331,0.6924537122249603,0.44999999999999996,0.611489898989899,0.5384615384615384,0.0,0.5211079290934971,0.609266745192664,0.12193813068526131,0.5419585066182273,0.0,0.0,0.0,0.0,0.0,18473,global,0.0
2,2,lr5e-05_bs8_drop0p4_temp2p0_a0p25_b0p05__wd1e-04trmiss0_degmodglobal,8,5e-05,0.0001,0.4,2.0,0.25,0.05,lr5e-05_bs8_drop0p4_temp2p0_a0p25_b0p05__wd1e-04trmiss0_degmodglobal,16,0.6755282623427254,0.6843730807304382,0.525,0.7014204545454545,0.5384615384615384,0.0,0.5029762770448413,0.610230028629303,0.13664971824203218,0.6227164098194667,0.0,0.0,0.0,0.0,0.0,18473,global,0.0
2,2,lr5e-05_bs8_drop0p4_temp2p0_a0p25_b0p05__wd1e-04trmiss0_degmodglobal,8,5e-05,0.0001,0.4,2.0,0.25,0.05,lr5e-05_bs8_drop0p4_temp2p0_a0p25_b0p05__wd1e-04trmiss0_degmodglobal,17,0.6364218848092216,0.6781727969646454,0.49999999999999994,0.6313311688311688,0.6153846153846154,0.0,0.46030841554914204,0.5793826920645577,0.12169135787657329,0.5323271581104824,0.0,0.0,0.0,0.0,0.0,18473,global,0.0
2,2,lr5e-05_bs8_drop0p4_temp2p0_a0p25_b0p05__wd1e-04trmiss0_degmodglobal,8,5e-05,0.0001,0.4,2.0,0.25,0.05,lr5e-05_bs8_drop0p4_temp2p0_a0p25_b0p05__wd1e-04trmiss0_degmodglobal,18,0.6097691995756966,0.6778062880039215,0.5499999999999999,0.7125811688311688,0.6153846153846154,0.0,0.48508999177387785,0.5643903357642037,0.09572538786700793,0.42895051411220003,0.0,0.0,0.0,0.0,0.0,18473,global,0.0
2,2,lr5e-05_bs8_drop0p4_temp2p0_a0p25_b0p05__wd1e-04trmiss0_degmodglobal,8,5e-05,0.0001,0.4,2.0,0.25,0.05,lr5e-05_bs8_drop0p4_temp2p0_a0p25_b0p05__wd1e-04trmiss0_degmodglobal,19,0.6719308410372052,0.679936558008194,0.5499999999999999,0.7125811688311688,0.46153846153846156,0.0,0.48194492714745657,0.610443617616381,0.1275953437600817,0.5917677453586033,0.0,0.0,0.0,0.0,0.0,18473,global,0.0
2,2,lr5e-05_bs8_drop0p4_temp2p0_a0p25_b0p05__wd1e-04trmiss0_degmodglobal,8,5e-05,0.0001,0.4,2.0,0.25,0.05,lr5e-05_bs8_drop0p4_temp2p0_a0p25_b0p05__wd1e-04trmiss0_degmodglobal,20,0.6177443308489663,0.6789883971214294,0.5499999999999999,0.7125811688311688,0.5384615384615384,0.0,0.4772733620234898,0.5607779196330479,0.12390345547880445,0.5198109916278294,0.0,0.0,0.0,0.0,0.0,18473,global,0.0
2,2,lr5e-05_bs8_drop0p4_temp2p0_a0p25_b0p05__wd1e-04trmiss0_degmodglobal,8,5e-05,0.0001,0.4,2.0,0.25,0.05,lr5e-05_bs8_drop0p4_temp2p0_a0p25_b0p05__wd1e-04trmiss0_degmodglobal,21,0.6448025703430176,0.6809301674365997,0.525,0.7014204545454545,0.5384615384615384,0.0,0.473274039370673,0.5871628097125462,0.13031298880066192,0.5012301206588745,0.0,0.0,0.0,0.0,0.0,18473,global,0.0
2,2,lr5e-05_bs8_drop0p4_temp2p0_a0p25_b0p05__wd1e-04trmiss0_degmodglobal,8,5e-05,0.0001,0.4,2.0,0.25,0.05,lr5e-05_bs8_drop0p4_temp2p0_a0p25_b0p05__wd1e-04trmiss0_degmodglobal,22,0.6273301030908313,0.6826116144657135,0.5499999999999999,0.7125811688311688,0.5384615384615384,0.0,0.4761591170515333,0.5742291595254626,0.11368093533175332,0.49361457995006014,0.0,0.0,0.0,0.0,0.0,18473,global,0.0
2,2,lr5e-05_bs8_drop0p4_temp2p0_a0p25_b0p05__wd1e-04trmiss0_degmodglobal,8,5e-05,0.0001,0.4,2.0,0.25,0.05,lr5e-05_bs8_drop0p4_temp2p0_a0p25_b0p05__wd1e-04trmiss0_degmodglobal,23,0.6113737225532532,0.6814826428890228,0.5249999999999999,0.6500811688311688,0.5384615384615384,0.0,0.4673472728048052,0.5590611355645316,0.11609127585377012,0.46579506567546297,0.0,0.0,0.0,0.0,0.0,18473,global,0.0
2,2,lr5e-05_bs8_drop0p4_temp2p0_a0p25_b0p05__wd1e-04trmiss0_degmodglobal,8,5e-05,0.0001,0.4,2.0,0.25,0.05,lr5e-05_bs8_drop0p4_temp2p0_a0p25_b0p05__wd1e-04trmiss0_degmodglobal,24,0.6483977862766811,0.6831236183643341,0.5249999999999999,0.6472537878787878,0.5384615384615384,0.0,0.4797215759754181,0.5985148634229388,0.09588413046939033,0.5182374715805054,0.0,0.0,0.0,0.0,0.0,18473,global,0.0
2,2,lr5e-05_bs8_drop0p4_temp2p0_a0p25_b0p05__wd1e-04trmiss0_degmodglobal,8,5e-05,0.0001,0.4,2.0,0.25,0.05,lr5e-05_bs8_drop0p4_temp2p0_a0p25_b0p05__wd1e-04trmiss0_degmodglobal,25,0.6228996174676078,0.6810867786407471,0.5249999999999999,0.6910037878787878,0.5384615384615384,0.0,0.4679019493716104,0.5703615716525486,0.11428082627909524,0.4793567359447479,0.0,0.0,0.0,0.0,0.0,18473,global,0.0
2,2,lr5e-05_bs8_drop0p4_temp2p0_a0p25_b0p05__wd1e-04trmiss0_degmodglobal,8,5e-05,0.0001,0.4,2.0,0.25,0.05,lr5e-05_bs8_drop0p4_temp2p0_a0p25_b0p05__wd1e-04trmiss0_degmodglobal,26,0.5867255585534232,0.6864998638629913,0.5249999999999999,0.6396645021645021,0.5384615384615384,0.0,0.45268212471689495,0.5449917827333722,0.08810411446860858,0.3941548189946583,0.0,0.0,0.0,0.0,0.0,18473,global,0.0
2,2,lr5e-05_bs8_drop0p4_temp2p0_a0p25_b0p05__wd1e-04trmiss0_degmodglobal,8,5e-05,0.0001,0.4,2.0,0.25,0.05,lr5e-05_bs8_drop0p4_temp2p0_a0p25_b0p05__wd1e-04trmiss0_degmodglobal,27,0.6050997120993478,0.6949124932289124,0.5249999999999999,0.6396645021645021,0.5384615384615384,0.0,0.43553302543503897,0.5599085433142525,0.09554744298968997,0.42608627676963806,0.0,0.0,0.0,0.0,0.0,18473,global,0.0
2,2,lr5e-05_bs8_drop0p4_temp2p0_a0p25_b0p05__wd1e-04trmiss0_degmodglobal,8,5e-05,0.0001,0.4,2.0,0.25,0.05,lr5e-05_bs8_drop0p4_temp2p0_a0p25_b0p05__wd1e-04trmiss0_degmodglobal,28,0.5853128007480076,0.690580278635025,0.49999999999999994,0.6285037878787878,0.5384615384615384,0.0,0.469071558543614,0.5409814161913735,0.09413994689072881,0.4159276783466339,0.0,0.0,0.0,0.0,0.0,18473,global,0.0
2,2,lr5e-05_bs8_drop0p4_temp2p0_a0p25_b0p05__wd1e-04trmiss0_degmodglobal,8,5e-05,0.0001,0.4,2.0,0.25,0.05,lr5e-05_bs8_drop0p4_temp2p0_a0p25_b0p05__wd1e-04trmiss0_degmodglobal,29,0.6408329478331974,0.6968159079551697,0.49999999999999994,0.6285037878787878,0.5384615384615384,0.0,0.4991103410720825,0.5839018225669861,0.12327044350760323,0.5222703729357038,0.0,0.0,0.0,0.0,0.0,18473,global,0.0
2,2,lr5e-05_bs8_drop0p4_temp2p0_a0p25_b0p05__wd1e-04trmiss0_degmodglobal,8,5e-05,0.0001,0.4,2.0,0.25,0.05,lr5e-05_bs8_drop0p4_temp2p0_a0p25_b0p05__wd1e-04trmiss0_degmodglobal,30,0.6235211917332241,0.7034114301204681,0.5249999999999999,0.6396645021645021,0.5384615384615384,0.0,0.4376414971692221,0.5662235575062888,0.11426042126757759,0.5746502854994365,0.0,0.0,0.0,0.0,0.0,18473,global,0.0
2,2,lr5e-05_bs8_drop0p4_temp2p0_a0p25_b0p05__wd1e-04trmiss0_degmodglobal,8,5e-05,0.0001,0.4,2.0,0.25,0.05,lr5e-05_bs8_drop0p4_temp2p0_a0p25_b0p05__wd1e-04trmiss0_degmodglobal,31,0.6344170825822013,0.693730354309082,0.49999999999999994,0.6285037878787878,0.5384615384615384,0.0,0.483764716557094,0.5665105070386615,0.1376761474779674,0.6697508522442409,0.0,0.0,0.0,0.0,0.0,18473,global,0.0
2,2,lr5e-05_bs8_drop0p4_temp2p0_a0p25_b0p05__wd1e-04trmiss0_degmodglobal,8,5e-05,0.0001,0.4,2.0,0.25,0.05,lr5e-05_bs8_drop0p4_temp2p0_a0p25_b0p05__wd1e-04trmiss0_degmodglobal,32,0.6184547117778233,0.6909915506839752,0.5249999999999999,0.6396645021645021,0.5384615384615384,0.0,0.49370649456977844,0.5559214779308864,0.13040501837219512,0.5986394371305194,0.0,0.0,0.0,0.0,0.0,18473,global,0.0
2,2,lr5e-05_bs8_drop0p4_temp2p0_a0p25_b0p05__wd1e-04trmiss0_degmodglobal,8,5e-05,0.0001,0.4,2.0,0.25,0.05,lr5e-05_bs8_drop0p4_temp2p0_a0p25_b0p05__wd1e-04trmiss0_degmodglobal,33,0.5832191492830004,0.6940539479255676,0.5249999999999999,0.6396645021645021,0.5384615384615384,0.0,0.4173731122698103,0.5286587349006108,0.11881730652281217,0.49712179388318745,0.0,0.0,0.0,0.0,0.0,18473,global,0.0
2,2,lr5e-05_bs8_drop0p4_temp2p0_a0p25_b0p05__wd1e-04trmiss0_degmodglobal,8,5e-05,0.0001,0.4,2.0,0.25,0.05,lr5e-05_bs8_drop0p4_temp2p0_a0p25_b0p05__wd1e-04trmiss0_degmodglobal,34,0.6128763726779393,0.6971482932567596,0.5249999999999999,0.6396645021645021,0.6153846153846154,0.0,0.4484852509839194,0.5634739398956299,0.10826877717460905,0.44670481766973225,0.0,0.0,0.0,0.0,0.0,18473,global,0.0
2,2,lr5e-05_bs8_drop0p4_temp2p0_a0p25_b0p05__wd1e-04trmiss0_degmodglobal,8,5e-05,0.0001,0.4,2.0,0.25,0.05,lr5e-05_bs8_drop0p4_temp2p0_a0p25_b0p05__wd1e-04trmiss0_degmodglobal,35,0.6059651630265372,0.698052704334259,0.5249999999999999,0.6396645021645021,0.6153846153846154,0.0,0.4579364444528307,0.5441659561225346,0.12778870654957636,0.5970404488699776,0.0,0.0,0.0,0.0,0.0,18473,global,0.0
2,2,lr5e-05_bs8_drop0p4_temp2p0_a0p25_b0p05__wd1e-04trmiss0_degmodglobal,8,5e-05,0.0001,0.4,2.0,0.25,0.05,lr5e-05_bs8_drop0p4_temp2p0_a0p25_b0p05__wd1e-04trmiss0_degmodglobal,36,0.5781604903084892,0.6927870810031891,0.5249999999999999,0.6396645021645021,0.6153846153846154,0.0,0.4474782347679138,0.5149125371660505,0.14475747730050767,0.5411721510546548,0.0,0.0,0.0,0.0,0.0,18473,global,0.0
2,2,lr5e-05_bs8_drop0p4_temp2p0_a0p25_b0p05__wd1e-04trmiss0_degmodglobal,8,5e-05,0.0001,0.4,2.0,0.25,0.05,lr5e-05_bs8_drop0p4_temp2p0_a0p25_b0p05__wd1e-04trmiss0_degmodglobal,37,0.6348045808928353,0.6935684084892273,0.5249999999999999,0.6396645021645021,0.5384615384615384,0.0,0.45123689089502605,0.5827924651759011,0.1123615950345993,0.47843450733593534,0.0,0.0,0.0,0.0,0.0,18473,global,0.0
2,2,lr5e-05_bs8_drop0p4_temp2p0_a0p25_b0p05__wd1e-04trmiss0_degmodglobal,8,5e-05,0.0001,0.4,2.0,0.25,0.05,lr5e-05_bs8_drop0p4_temp2p0_a0p25_b0p05__wd1e-04trmiss0_degmodglobal,38,0.5885956031935555,0.6929441690444946,0.49999999999999994,0.6285037878787878,0.5384615384615384,0.0,0.46320474999291555,0.5374479719570705,0.1064367847783225,0.4907686731645039,0.0,0.0,0.0,0.0,0.0,18473,global,0.0
2,2,lr1e-05_bs8_drop0p2_temp1p0_a0p25_b0p05__wd1e-04trmiss0_degmodglobal,8,1e-05,0.0001,0.2,1.0,0.25,0.05,lr1e-05_bs8_drop0p2_temp1p0_a0p25_b0p05__wd1e-04trmiss0_degmodglobal,1,0.7556579794202533,0.7218608260154724,0.35000000000000003,0.5410599816849817,0.23076923076923078,0.0,0.7317602975027901,0.742840656212398,0.029865756098713194,0.1070179556097303,0.0,0.0,0.0,0.0,0.0,18473,global,0.0
2,2,lr1e-05_bs8_drop0p2_temp1p0_a0p25_b0p05__wd1e-04trmiss0_degmodglobal,8,1e-05,0.0001,0.2,1.0,0.25,0.05,lr1e-05_bs8_drop0p2_temp1p0_a0p25_b0p05__wd1e-04trmiss0_degmodglobal,2,0.7634800587381635,0.7246411144733429,0.35000000000000003,0.5410599816849817,0.23076923076923078,0.0,0.7181969029562814,0.747738914830344,0.04020018982035773,0.11382180558783668,0.0,0.0,0.0,0.0,0.0,18473,global,0.0
2,2,lr1e-05_bs8_drop0p2_temp1p0_a0p25_b0p05__wd1e-04trmiss0_degmodglobal,8,1e-05,0.0001,0.2,1.0,0.25,0.05,lr1e-05_bs8_drop0p2_temp1p0_a0p25_b0p05__wd1e-04trmiss0_degmodglobal,3,0.7235319529260907,0.7281292974948883,0.35000000000000003,0.5410599816849817,0.23076923076923078,0.0,0.7100460018430438,0.7059443167277745,0.047861860266753604,0.11244333428995949,0.0,0.0,0.0,0.0,0.0,18473,global,0.0
2,2,lr1e-05_bs8_drop0p2_temp1p0_a0p25_b0p05__wd1e-04trmiss0_degmodglobal,8,1e-05,0.0001,0.2,1.0,0.25,0.05,lr1e-05_bs8_drop0p2_temp1p0_a0p25_b0p05__wd1e-04trmiss0_degmodglobal,4,0.7104115656444004,0.7291779518127441,0.35000000000000003,0.5410599816849817,0.23076923076923078,0.0,0.6979592868259975,0.6961194276809692,0.03429682180285454,0.11435872209923607,0.0,0.0,0.0,0.0,0.0,18473,global,0.0
2,2,lr1e-05_bs8_drop0p2_temp1p0_a0p25_b0p05__wd1e-04trmiss0_degmodglobal,8,1e-05,0.0001,0.2,1.0,0.25,0.05,lr1e-05_bs8_drop0p2_temp1p0_a0p25_b0p05__wd1e-04trmiss0_degmodglobal,5,0.7365756630897522,0.7274205386638641,0.35000000000000003,0.5410599816849817,0.23076923076923078,0.0,0.7030366659164429,0.7239429354667664,0.03389125955956323,0.08319841751030513,0.0,0.0,0.0,0.0,0.0,18473,global,0.0
2,2,lr1e-05_bs8_drop0p2_temp1p0_a0p25_b0p05__wd1e-04trmiss0_degmodglobal,8,1e-05,0.0001,0.2,1.0,0.25,0.05,lr1e-05_bs8_drop0p2_temp1p0_a0p25_b0p05__wd1e-04trmiss0_degmodglobal,6,0.7152194551059178,0.7320501506328583,0.35000000000000003,0.5410599816849817,0.23076923076923078,0.0,0.7058960539954049,0.7024950640542167,0.03240879252552986,0.09244362637400627,0.0,0.0,0.0,0.0,0.0,18473,global,0.0
2,2,lr1e-05_bs8_drop0p2_temp1p0_a0p25_b0p05__wd1e-04trmiss0_degmodglobal,8,1e-05,0.0001,0.2,1.0,0.25,0.05,lr1e-05_bs8_drop0p2_temp1p0_a0p25_b0p05__wd1e-04trmiss0_degmodglobal,7,0.7272492817470005,0.7333698570728302,0.35000000000000003,0.5410599816849817,0.23076923076923078,0.0,0.697817862033844,0.7136758821351188,0.03341947974903243,0.10437033644744328,0.0,0.0,0.0,0.0,0.0,18473,global,0.0
2,2,lr1e-05_bs8_drop0p2_temp1p0_a0p25_b0p05__wd1e-04trmiss0_degmodglobal,8,1e-05,0.0001,0.2,1.0,0.25,0.05,lr1e-05_bs8_drop0p2_temp1p0_a0p25_b0p05__wd1e-04trmiss0_degmodglobal,8,0.7133278676441738,0.7314799129962921,0.35000000000000003,0.5410599816849817,0.3076923076923077,0.0,0.718105605670384,0.7012868864195687,0.03184128339801516,0.0816130515720163,0.0,0.0,0.0,0.0,0.0,18473,global,0.0
2,2,lr1e-05_bs8_drop0p2_temp1p0_a0p25_b0p05__wd1e-04trmiss0_degmodglobal,8,1e-05,0.0001,0.2,1.0,0.25,0.05,lr1e-05_bs8_drop0p2_temp1p0_a0p25_b0p05__wd1e-04trmiss0_degmodglobal,9,0.7367551071303231,0.729842871427536,0.375,0.5474702380952381,0.3076923076923077,0.0,0.6930832692555019,0.7230270845549447,0.03487529738673142,0.10018389405948776,0.0,0.0,0.0,0.0,0.0,18473,global,0.0
2,2,lr1e-05_bs8_drop0p2_temp1p0_a0p25_b0p05__wd1e-04trmiss0_degmodglobal,8,1e-05,0.0001,0.2,1.0,0.25,0.05,lr1e-05_bs8_drop0p2_temp1p0_a0p25_b0p05__wd1e-04trmiss0_degmodglobal,10,0.7027078526360648,0.730946958065033,0.375,0.5474702380952381,0.3076923076923077,0.0,0.6878425649234227,0.6936972907611302,0.0238164234906435,0.06112884397485426,0.0,0.0,0.0,0.0,0.0,18473,global,0.0
2,2,lr1e-05_bs8_drop0p2_temp1p0_a0p25_b0p05__wd1e-04trmiss0_degmodglobal,8,1e-05,0.0001,0.2,1.0,0.25,0.05,lr1e-05_bs8_drop0p2_temp1p0_a0p25_b0p05__wd1e-04trmiss0_degmodglobal,11,0.7140389595712934,0.7260349690914154,0.375,0.5474702380952381,0.3076923076923077,0.0,0.6747621468135289,0.6982226882662091,0.041198237133877616,0.11033413452761513,0.0,0.0,0.0,0.0,0.0,18473,global,0.0
2,2,lr1e-05_bs8_drop0p2_temp1p0_a0p25_b0p05__wd1e-04trmiss0_degmodglobal,8,1e-05,0.0001,0.2,1.0,0.25,0.05,lr1e-05_bs8_drop0p2_temp1p0_a0p25_b0p05__wd1e-04trmiss0_degmodglobal,12,0.7072637336594718,0.7269794046878815,0.375,0.5474702380952381,0.3076923076923077,0.0,0.67361638375691,0.6914319736616952,0.03980949467846325,0.11758766855512347,0.0,0.0,0.0,0.0,0.0,18473,global,0.0
2,2,lr1e-05_bs8_drop0p2_temp1p0_a0p25_b0p05__wd1e-04trmiss0_degmodglobal,8,1e-05,0.0001,0.2,1.0,0.25,0.05,lr1e-05_bs8_drop0p2_temp1p0_a0p25_b0p05__wd1e-04trmiss0_degmodglobal,13,0.7116986172539848,0.7303144335746765,0.375,0.5474702380952381,0.3076923076923077,0.0,0.6742773907525199,0.6963677065713065,0.038531384829963954,0.11396145873836108,0.0,0.0,0.0,0.0,0.0,18473,global,0.0
2,2,lr1e-05_bs8_drop0p2_temp1p0_a0p25_b0p05__wd1e-04trmiss0_degmodglobal,8,1e-05,0.0001,0.2,1.0,0.25,0.05,lr1e-05_bs8_drop0p2_temp1p0_a0p25_b0p05__wd1e-04trmiss0_degmodglobal,14,0.6877444897379194,0.7323911488056183,0.375,0.5474702380952381,0.3076923076923077,0.0,0.6620588302612305,0.6738102350916181,0.03417473206562655,0.10781122052243777,0.0,0.0,0.0,0.0,0.0,18473,global,0.0
2,2,lr1e-05_bs8_drop0p2_temp1p0_a0p25_b0p05__wd1e-04trmiss0_degmodglobal,8,1e-05,0.0001,0.2,1.0,0.25,0.05,lr1e-05_bs8_drop0p2_temp1p0_a0p25_b0p05__wd1e-04trmiss0_degmodglobal,15,0.7049377134868077,0.7296977937221527,0.375,0.5474702380952381,0.3076923076923077,0.0,0.6721978272710528,0.690698674746922,0.0361060726323298,0.10425035016877311,0.0,0.0,0.0,0.0,0.0,18473,global,0.0
2,2,lr1e-05_bs8_drop0p2_temp1p0_a0p25_b0p05__wd1e-04trmiss0_degmodglobal,8,1e-05,0.0001,0.2,1.0,0.25,0.05,lr1e-05_bs8_drop0p2_temp1p0_a0p25_b0p05__wd1e-04trmiss0_degmodglobal,16,0.699714720249176,0.7280958890914917,0.375,0.5474702380952381,0.3076923076923077,0.0,0.6646962932177952,0.687327904360635,0.02950848000390189,0.10019378364086151,0.0,0.0,0.0,0.0,0.0,18473,global,0.0
2,2,lr1e-05_bs8_drop0p2_temp1p0_a0p25_b0p05__wd1e-04trmiss0_degmodglobal,8,1e-05,0.0001,0.2,1.0,0.25,0.05,lr1e-05_bs8_drop0p2_temp1p0_a0p25_b0p05__wd1e-04trmiss0_degmodglobal,17,0.6925364221845355,0.7264045774936676,0.375,0.5474702380952381,0.3076923076923077,0.0,0.6658499751772199,0.6791412319455828,0.034546605976564546,0.09517069320593562,0.0,0.0,0.0,0.0,0.0,18473,global,0.0
2,2,lr1e-05_bs8_drop0p2_temp1p0_a0p25_b0p05__wd1e-04trmiss0_degmodglobal,8,1e-05,0.0001,0.2,1.0,0.25,0.05,lr1e-05_bs8_drop0p2_temp1p0_a0p25_b0p05__wd1e-04trmiss0_degmodglobal,18,0.6931622794696263,0.7266480624675751,0.375,0.5474702380952381,0.3076923076923077,0.0,0.6515513062477112,0.6798267194202968,0.03063441307416984,0.113538744194167,0.0,0.0,0.0,0.0,0.0,18473,global,0.0
2,2,lr1e-05_bs8_drop0p2_temp1p0_a0p25_b0p05__wd1e-04trmiss0_degmodglobal,8,1e-05,0.0001,0.2,1.0,0.25,0.05,lr1e-05_bs8_drop0p2_temp1p0_a0p25_b0p05__wd1e-04trmiss0_degmodglobal,19,0.7078399317605155,0.7279082536697388,0.375,0.5474702380952381,0.3076923076923077,0.0,0.6499196631567818,0.6932486721447536,0.03918297216296196,0.0959105294729982,0.0,0.0,0.0,0.0,0.0,18473,global,0.0
2,2,lr1e-05_bs8_drop0p2_temp1p0_a0p25_b0p05__wd1e-04trmiss0_degmodglobal,8,1e-05,0.0001,0.2,1.0,0.25,0.05,lr1e-05_bs8_drop0p2_temp1p0_a0p25_b0p05__wd1e-04trmiss0_degmodglobal,20,0.6837436556816101,0.7227471768856049,0.375,0.5474702380952381,0.3076923076923077,0.0,0.6403266617230007,0.6667580774852208,0.04417426485036101,0.11884025005357605,0.0,0.0,0.0,0.0,0.0,18473,global,0.0
2,2,lr1e-05_bs8_drop0p2_temp1p0_a0p25_b0p05__wd1e-04trmiss0_degmodglobal,8,1e-05,0.0001,0.2,1.0,0.25,0.05,lr1e-05_bs8_drop0p2_temp1p0_a0p25_b0p05__wd1e-04trmiss0_degmodglobal,21,0.7035098501614162,0.7254141867160797,0.375,0.5474702380952381,0.3076923076923077,0.0,0.6737110359328133,0.6849544644355774,0.044037289917469025,0.1509209716958659,0.0,0.0,0.0,0.0,0.0,18473,global,0.0
2,2,lr1e-05_bs8_drop0p2_temp1p0_a0p25_b0p05__wd1e-04trmiss0_degmodglobal,8,1e-05,0.0001,0.2,1.0,0.25,0.05,lr1e-05_bs8_drop0p2_temp1p0_a0p25_b0p05__wd1e-04trmiss0_degmodglobal,22,0.7013329948697772,0.7248507440090179,0.35,0.5395156926406927,0.3076923076923077,0.0,0.6563930596624102,0.6845708233969552,0.04106398019939661,0.12992333940097264,0.0,0.0,0.0,0.0,0.0,18473,global,0.0
2,2,lr1e-05_bs8_drop0p2_temp1p0_a0p25_b0p05__wd1e-04trmiss0_degmodglobal,8,1e-05,0.0001,0.2,1.0,0.25,0.05,lr1e-05_bs8_drop0p2_temp1p0_a0p25_b0p05__wd1e-04trmiss0_degmodglobal,23,0.6893622704914638,0.7248160243034363,0.375,0.5474702380952381,0.3076923076923077,0.0,0.6372959613800049,0.6742146100316729,0.03814431679035936,0.11223163242850985,0.0,0.0,0.0,0.0,0.0,18473,global,0.0
2,2,lr1e-05_bs8_drop0p2_temp1p0_a0p25_b0p05__wd1e-04trmiss0_degmodglobal,8,1e-05,0.0001,0.2,1.0,0.25,0.05,lr1e-05_bs8_drop0p2_temp1p0_a0p25_b0p05__wd1e-04trmiss0_degmodglobal,24,0.7222257001059396,0.72507444024086,0.375,0.5474702380952381,0.3076923076923077,0.0,0.65430406161717,0.703756434576852,0.045050705916115215,0.144131566796984,0.0,0.0,0.0,0.0,0.0,18473,global,0.0
2,2,lr1e-05_bs8_drop0p2_temp1p0_a0p25_b0p05__wd1e-04trmiss0_degmodglobal,8,1e-05,0.0001,0.2,1.0,0.25,0.05,lr1e-05_bs8_drop0p2_temp1p0_a0p25_b0p05__wd1e-04trmiss0_degmodglobal,25,0.6994932464190892,0.7256318032741547,0.375,0.5474702380952381,0.3076923076923077,0.0,0.6363093852996826,0.6834867341177804,0.039111986490232606,0.1245704647153616,0.0,0.0,0.0,0.0,0.0,18473,global,0.0
2,2,lr1e-05_bs8_drop0p2_temp1p0_a0p25_b0p05__wd1e-04trmiss0_degmodglobal,8,1e-05,0.0001,0.2,1.0,0.25,0.05,lr1e-05_bs8_drop0p2_temp1p0_a0p25_b0p05__wd1e-04trmiss0_degmodglobal,26,0.7261164443833488,0.7243579924106598,0.35,0.5395156926406927,0.3076923076923077,0.0,0.6098242061478751,0.7048000182424273,0.04871520400047302,0.18275266779320581,0.0,0.0,0.0,0.0,0.0,18473,global,0.0
2,2,lr1e-05_bs8_drop0p2_temp1p0_a0p25_b0p05__wd1e-04trmiss0_degmodglobal,8,1e-05,0.0001,0.2,1.0,0.25,0.05,lr1e-05_bs8_drop0p2_temp1p0_a0p25_b0p05__wd1e-04trmiss0_degmodglobal,27,0.694946118763515,0.7239199280738831,0.35,0.5395156926406927,0.3076923076923077,0.0,0.6403620157923017,0.676228369985308,0.04426630080810615,0.15302319239292825,0.0,0.0,0.0,0.0,0.0,18473,global,0.0
2,2,lr1e-05_bs8_drop0p2_temp1p0_a0p25_b0p05__wd1e-04trmiss0_degmodglobal,8,1e-05,0.0001,0.2,1.0,0.25,0.05,lr1e-05_bs8_drop0p2_temp1p0_a0p25_b0p05__wd1e-04trmiss0_degmodglobal,28,0.695848286151886,0.7250818610191345,0.35,0.5395156926406927,0.3076923076923077,0.0,0.6072746898446765,0.6750314916883197,0.04886109009385109,0.17203036695718765,0.0,0.0,0.0,0.0,0.0,18473,global,0.0
2,2,lr1e-05_bs8_drop0p2_temp1p0_a0p25_b0p05__wd1e-04trmiss0_degmodglobal,8,1e-05,0.0001,0.2,1.0,0.25,0.05,lr1e-05_bs8_drop0p2_temp1p0_a0p25_b0p05__wd1e-04trmiss0_degmodglobal,29,0.6923506259918213,0.7233759164810181,0.375,0.5474702380952381,0.3076923076923077,0.0,0.6069593514714923,0.6744342872074672,0.04487625190189907,0.1339457029742854,0.0,0.0,0.0,0.0,0.0,18473,global,0.0
2,2,lr1e-05_bs8_drop0p2_temp1p0_a0p25_b0p05__wd1e-04trmiss0_degmodglobal,8,1e-05,0.0001,0.2,1.0,0.25,0.05,lr1e-05_bs8_drop0p2_temp1p0_a0p25_b0p05__wd1e-04trmiss0_degmodglobal,30,0.6975503393581935,0.7262369692325592,0.35,0.5395156926406927,0.3076923076923077,0.0,0.5994479060173035,0.6782417893409729,0.04668626455324037,0.15273937423314368,0.0,0.0,0.0,0.0,0.0,18473,global,0.0
2,2,lr1e-05_bs8_drop0p2_temp1p0_a0p25_b0p05__wd1e-04trmiss0_degmodglobal,8,1e-05,0.0001,0.2,1.0,0.25,0.05,lr1e-05_bs8_drop0p2_temp1p0_a0p25_b0p05__wd1e-04trmiss0_degmodglobal,31,0.7008459057126727,0.7276433408260345,0.35,0.5395156926406927,0.3076923076923077,0.0,0.6111751624516079,0.6837531328201294,0.04029503917055471,0.1403801329433918,0.0,0.0,0.0,0.0,0.0,18473,global,0.0
2,2,lr1e-05_bs8_drop0p2_temp1p0_a0p25_b0p05__wd1e-04trmiss0_degmodglobal,8,1e-05,0.0001,0.2,1.0,0.25,0.05,lr1e-05_bs8_drop0p2_temp1p0_a0p25_b0p05__wd1e-04trmiss0_degmodglobal,32,0.7075857860701424,0.7257755696773529,0.375,0.5474702380952381,0.3076923076923077,0.0,0.611617922782898,0.6877185532024929,0.04656356466667993,0.1645267137459346,0.0,0.0,0.0,0.0,0.0,18473,global,0.0
2,2,lr1e-05_bs8_drop0p2_temp1p0_a0p25_b0p05__wd1e-04trmiss0_degmodglobal,8,1e-05,0.0001,0.2,1.0,0.25,0.05,lr1e-05_bs8_drop0p2_temp1p0_a0p25_b0p05__wd1e-04trmiss0_degmodglobal,33,0.6844064678464618,0.7259452939033508,0.375,0.5474702380952381,0.3076923076923077,0.0,0.5888427921703884,0.6660901137760707,0.04667971921818597,0.13292862474918365,0.0,0.0,0.0,0.0,0.0,18473,global,0.0
2,2,lr1e-05_bs8_drop0p2_temp1p0_a0p25_b0p05__wd1e-04trmiss0_degmodglobal,8,1e-05,0.0001,0.2,1.0,0.25,0.05,lr1e-05_bs8_drop0p2_temp1p0_a0p25_b0p05__wd1e-04trmiss0_degmodglobal,34,0.6787593535014561,0.7225716710090637,0.375,0.5474702380952381,0.3076923076923077,0.0,0.5894609604563031,0.6564232281276158,0.051561662927269936,0.18891419683183944,0.0,0.0,0.0,0.0,0.0,18473,global,0.0
2,2,lr1e-05_bs8_drop0p2_temp1p0_a0p25_b0p05__wd1e-04trmiss0_degmodglobal,8,1e-05,0.0001,0.2,1.0,0.25,0.05,lr1e-05_bs8_drop0p2_temp1p0_a0p25_b0p05__wd1e-04trmiss0_degmodglobal,35,0.6742851052965436,0.7265376448631287,0.375,0.5474702380952381,0.3076923076923077,0.0,0.596673207623618,0.6535841226577759,0.053946479090622494,0.1442873834499291,0.0,0.0,0.0,0.0,0.0,18473,global,0.0
2,2,lr1e-05_bs8_drop0p2_temp1p0_a0p25_b0p05__wd1e-04trmiss0_degmodglobal,8,1e-05,0.0001,0.2,1.0,0.25,0.05,lr1e-05_bs8_drop0p2_temp1p0_a0p25_b0p05__wd1e-04trmiss0_degmodglobal,36,0.6996233548436847,0.7245355546474457,0.375,0.5474702380952381,0.3076923076923077,0.0,0.6196699057306562,0.6765944191387722,0.05656739856515612,0.17774165847471782,0.0,0.0,0.0,0.0,0.0,18473,global,0.0
2,2,lr1e-05_bs8_drop0p2_temp1p0_a0p25_b0p05__wd1e-04trmiss0_degmodglobal,8,1e-05,0.0001,0.2,1.0,0.25,0.05,lr1e-05_bs8_drop0p2_temp1p0_a0p25_b0p05__wd1e-04trmiss0_degmodglobal,37,0.6962441802024841,0.7221895456314087,0.375,0.5474702380952381,0.3076923076923077,0.0,0.6088315163339887,0.6762420024190631,0.049653759758387296,0.15177484468689986,0.0,0.0,0.0,0.0,0.0,18473,global,0.0
2,2,lr1e-05_bs8_drop0p2_temp1p0_a0p25_b0p05__wd1e-04trmiss0_degmodglobal,8,1e-05,0.0001,0.2,1.0,0.25,0.05,lr1e-05_bs8_drop0p2_temp1p0_a0p25_b0p05__wd1e-04trmiss0_degmodglobal,38,0.7024792943681989,0.7199759185314178,0.375,0.5474702380952381,0.3076923076923077,0.0,0.5907428690365383,0.6777988842555455,0.05841493606567383,0.20153335269008363,0.0,0.0,0.0,0.0,0.0,18473,global,0.0
2,2,lr1e-05_bs8_drop0p2_temp1p0_a0p25_b0p05__wd1e-04trmiss0_degmodglobal,8,1e-05,0.0001,0.2,1.0,0.25,0.05,lr1e-05_bs8_drop0p2_temp1p0_a0p25_b0p05__wd1e-04trmiss0_degmodglobal,39,0.6838558571679252,0.7223615944385529,0.35,0.5395156926406927,0.38461538461538464,0.0,0.5950344545500619,0.6615156531333923,0.05832176389438765,0.15519541395562036,0.0,0.0,0.0,0.0,0.0,18473,global,0.0
2,2,lr1e-05_bs8_drop0p2_temp1p0_a0p25_b0p05__wd1e-04trmiss0_degmodglobal,8,1e-05,0.0001,0.2,1.0,0.25,0.05,lr1e-05_bs8_drop0p2_temp1p0_a0p25_b0p05__wd1e-04trmiss0_degmodglobal,40,0.706105785710471,0.7241329252719879,0.375,0.5474702380952381,0.38461538461538464,0.0,0.5807722381183079,0.6759474532944816,0.0742881606732096,0.23172554905925477,0.0,0.0,0.0,0.0,0.0,18473,global,0.0
2,2,lr1e-05_bs8_drop0p2_temp1p0_a0p25_b0p05__wd1e-04trmiss0_degmodglobal,8,1e-05,0.0001,0.2,1.0,0.25,0.05,lr1e-05_bs8_drop0p2_temp1p0_a0p25_b0p05__wd1e-04trmiss0_degmodglobal,41,0.6996884431157794,0.7259635627269745,0.375,0.5474702380952381,0.3076923076923077,0.0,0.5985987782478333,0.6783395324434552,0.05182561304952417,0.16784976103476115,0.0,0.0,0.0,0.0,0.0,18473,global,0.0
2,2,lr1e-05_bs8_drop0p2_temp1p0_a0p25_b0p05__wd1e-04trmiss0_degmodglobal,8,1e-05,0.0001,0.2,1.0,0.25,0.05,lr1e-05_bs8_drop0p2_temp1p0_a0p25_b0p05__wd1e-04trmiss0_degmodglobal,42,0.7050338387489319,0.7279843986034393,0.35,0.5395156926406927,0.3076923076923077,0.0,0.6254338366644723,0.6799420203481402,0.061934632914406915,0.19216336203472956,0.0,0.0,0.0,0.0,0.0,18473,global,0.0
2,2,lr1e-05_bs8_drop0p2_temp1p0_a0p25_b0p05__wd1e-04trmiss0_degmodglobal,8,1e-05,0.0001,0.2,1.0,0.25,0.05,lr1e-05_bs8_drop0p2_temp1p0_a0p25_b0p05__wd1e-04trmiss0_degmodglobal,43,0.6898000410624913,0.7289670705795288,0.375,0.5474702380952381,0.3076923076923077,0.0,0.5716890054089683,0.6671789884567261,0.05770438111254147,0.16389890760183334,0.0,0.0,0.0,0.0,0.0,18473,global,0.0
2,2,lr1e-05_bs8_drop0p2_temp1p0_a0p25_b0p05__wd1e-04trmiss0_degmodglobal,8,1e-05,0.0001,0.2,1.0,0.25,0.05,lr1e-05_bs8_drop0p2_temp1p0_a0p25_b0p05__wd1e-04trmiss0_degmodglobal,44,0.6854233826909747,0.7268599569797516,0.35,0.5395156926406927,0.3076923076923077,0.0,0.5742136836051941,0.6642486367906842,0.05568846980375903,0.1450522243976593,0.0,0.0,0.0,0.0,0.0,18473,global,0.0
2,2,lr1e-05_bs8_drop0p2_temp1p0_a0p25_b0p05__wd1e-04trmiss0_degmodglobal,8,1e-05,0.0001,0.2,1.0,0.25,0.05,lr1e-05_bs8_drop0p2_temp1p0_a0p25_b0p05__wd1e-04trmiss0_degmodglobal,45,0.6776365382330758,0.724780946969986,0.35,0.5395156926406927,0.3076923076923077,0.0,0.5976793978895459,0.6584242497171674,0.04769928567111492,0.1457492033285754,0.0,0.0,0.0,0.0,0.0,18473,global,0.0
2,2,lr1e-05_bs8_drop0p2_temp1p0_a0p25_b0p05__wd1e-04trmiss0_degmodglobal,8,1e-05,0.0001,0.2,1.0,0.25,0.05,lr1e-05_bs8_drop0p2_temp1p0_a0p25_b0p05__wd1e-04trmiss0_degmodglobal,46,0.6988706333296639,0.7250238656997681,0.35,0.5395156926406927,0.3076923076923077,0.0,0.5834424751145499,0.6688073362622943,0.07354971181069102,0.23351746797561646,0.0,0.0,0.0,0.0,0.0,18473,global,0.0
2,2,lr1e-05_bs8_drop0p2_temp1p0_a0p25_b0p05__wd1e-04trmiss0_degmodglobal,8,1e-05,0.0001,0.2,1.0,0.25,0.05,lr1e-05_bs8_drop0p2_temp1p0_a0p25_b0p05__wd1e-04trmiss0_degmodglobal,47,0.6951398253440857,0.7242134213447571,0.35,0.5395156926406927,0.3076923076923077,0.0,0.5840068118912833,0.6733260325023106,0.05023241734930447,0.18511403458459036,0.0,0.0,0.0,0.0,0.0,18473,global,0.0
2,2,lr1e-05_bs8_drop0p2_temp1p0_a0p25_b0p05__wd1e-04trmiss0_degmodglobal,8,1e-05,0.0001,0.2,1.0,0.25,0.05,lr1e-05_bs8_drop0p2_temp1p0_a0p25_b0p05__wd1e-04trmiss0_degmodglobal,48,0.6923045516014099,0.7259244322776794,0.35,0.5395156926406927,0.3076923076923077,0.0,0.5436400132519859,0.6633931398391724,0.06620054692029953,0.24722564326865332,0.0,0.0,0.0,0.0,0.0,18473,global,0.0
2,2,lr1e-05_bs8_drop0p2_temp1p0_a0p25_b0p05__wd1e-04trmiss0_degmodglobal,8,1e-05,0.0001,0.2,1.0,0.25,0.05,lr1e-05_bs8_drop0p2_temp1p0_a0p25_b0p05__wd1e-04trmiss0_degmodglobal,49,0.7203054938997541,0.7253865897655487,0.35,0.5395156926406927,0.3076923076923077,0.0,0.5400940733296531,0.6818261061395917,0.08853911395583834,0.32689215136425837,0.0,0.0,0.0,0.0,0.0,18473,global,0.0
2,2,lr1e-05_bs8_drop0p2_temp1p0_a0p25_b0p05__wd1e-04trmiss0_degmodglobal,8,1e-05,0.0001,0.2,1.0,0.25,0.05,lr1e-05_bs8_drop0p2_temp1p0_a0p25_b0p05__wd1e-04trmiss0_degmodglobal,50,0.7242716806275504,0.7271010279655457,0.375,0.5474702380952381,0.3076923076923077,0.0,0.5578454732894897,0.691613461290087,0.07536569583628859,0.27633598872593473,0.0,0.0,0.0,0.0,0.0,18473,global,0.0
2,2,lr1e-05_bs8_drop0p2_temp1p0_a0p25_b0p05__wd1e-04trmiss0_degmodglobal,8,1e-05,0.0001,0.2,1.0,0.25,0.05,lr1e-05_bs8_drop0p2_temp1p0_a0p25_b0p05__wd1e-04trmiss0_degmodglobal,51,0.7266536951065063,0.7248110771179199,0.35,0.5395156926406927,0.3076923076923077,0.0,0.537200561591557,0.6873674648148673,0.09030713832804135,0.33418889130864826,0.0,0.0,0.0,0.0,0.0,18473,global,0.0
2,2,lr1e-05_bs8_drop0p2_temp1p0_a0p25_b0p05__wd1e-04trmiss0_degmodglobal,8,1e-05,0.0001,0.2,1.0,0.25,0.05,lr1e-05_bs8_drop0p2_temp1p0_a0p25_b0p05__wd1e-04trmiss0_degmodglobal,52,0.725029068333762,0.7258097231388092,0.35,0.5395156926406927,0.38461538461538464,0.0,0.5595932347433907,0.6918564523969378,0.08013435825705528,0.26278060248919893,0.0,0.0,0.0,0.0,0.0,18473,global,0.0
2,2,lr1e-05_bs8_drop0p2_temp1p0_a0p25_b0p05__wd1e-04trmiss0_degmodglobal,8,1e-05,0.0001,0.2,1.0,0.25,0.05,lr1e-05_bs8_drop0p2_temp1p0_a0p25_b0p05__wd1e-04trmiss0_degmodglobal,53,0.6966680458613804,0.724572092294693,0.35,0.5395156926406927,0.46153846153846156,0.0,0.5436825581959316,0.6686636975833348,0.07065080585224288,0.20683279846395766,0.0,0.0,0.0,0.0,0.0,18473,global,0.0
2,2,lr1e-05_bs8_drop0p2_temp1p0_a0p25_b0p05__wd1e-04trmiss0_degmodglobal,8,1e-05,0.0001,0.2,1.0,0.25,0.05,lr1e-05_bs8_drop0p2_temp1p0_a0p25_b0p05__wd1e-04trmiss0_degmodglobal,54,0.7029690657343183,0.7226651012897491,0.35,0.5395156926406927,0.46153846153846156,0.0,0.5566392285483224,0.6662285923957825,0.08911323760237012,0.28924343628542765,0.0,0.0,0.0,0.0,0.0,18473,global,0.0
2,2,lr1e-05_bs8_drop0p2_temp1p0_a0p25_b0p05__wd1e-04trmiss0_degmodglobal,8,1e-05,0.0001,0.2,1.0,0.25,0.05,lr1e-05_bs8_drop0p2_temp1p0_a0p25_b0p05__wd1e-04trmiss0_degmodglobal,55,0.6881457992962429,0.7228843569755554,0.375,0.5474702380952381,0.38461538461538464,0.0,0.5750250560896737,0.665351961340223,0.055266780512673516,0.17954292627317564,0.0,0.0,0.0,0.0,0.0,18473,global,0.0
2,2,lr1e-05_bs8_drop0p2_temp1p0_a0p25_b0p05__wd1e-04trmiss0_degmodglobal,8,1e-05,0.0001,0.2,1.0,0.25,0.05,lr1e-05_bs8_drop0p2_temp1p0_a0p25_b0p05__wd1e-04trmiss0_degmodglobal,56,0.7026799321174622,0.7198954522609711,0.375,0.5474702380952381,0.3076923076923077,0.0,0.5557173831122262,0.6734834909439087,0.07224478785480772,0.2227048852613994,0.0,0.0,0.0,0.0,0.0,18473,global,0.0
2,2,lr1e-05_bs8_drop0p2_temp1p0_a0p25_b0p05__wd1e-04trmiss0_degmodglobal,8,1e-05,0.0001,0.2,1.0,0.25,0.05,lr1e-05_bs8_drop0p2_temp1p0_a0p25_b0p05__wd1e-04trmiss0_degmodglobal,57,0.7146096995898655,0.7230342328548431,0.375,0.5474702380952381,0.38461538461538464,0.0,0.5494476301329476,0.6826423576899937,0.06867258357150215,0.2959837753857885,0.0,0.0,0.0,0.0,0.0,18473,global,0.0
2,2,lr1e-05_bs8_drop0p2_temp1p0_a0p25_b0p05__wd1e-04trmiss0_degmodglobal,8,1e-05,0.0001,0.2,1.0,0.25,0.05,lr1e-05_bs8_drop0p2_temp1p0_a0p25_b0p05__wd1e-04trmiss0_degmodglobal,58,0.6890883786337716,0.7183070182800293,0.375,0.5474702380952381,0.38461538461538464,0.0,0.5488557985850743,0.6607337168284825,0.07045072317123413,0.21483935309307917,0.0,0.0,0.0,0.0,0.0,18473,global,0.0
2,2,lr1e-05_bs8_drop0p2_temp1p0_a0p25_b0p05__wd1e-04trmiss0_degmodglobal,8,1e-05,0.0001,0.2,1.0,0.25,0.05,lr1e-05_bs8_drop0p2_temp1p0_a0p25_b0p05__wd1e-04trmiss0_degmodglobal,59,0.713202348777226,0.7186733484268188,0.375,0.5474702380952381,0.38461538461538464,0.0,0.5744484918458121,0.6873445170266288,0.06566881548081126,0.18881268905741827,0.0,0.0,0.0,0.0,0.0,18473,global,0.0
2,2,lr1e-05_bs8_drop0p2_temp1p0_a0p25_b0p05__wd1e-04trmiss0_degmodglobal,8,1e-05,0.0001,0.2,1.0,0.25,0.05,lr1e-05_bs8_drop0p2_temp1p0_a0p25_b0p05__wd1e-04trmiss0_degmodglobal,60,0.7045497298240662,0.7205795049667358,0.325,0.5311823593073592,0.38461538461538464,0.0,0.5204901822975704,0.6653746707098824,0.09261066679443632,0.3204476684331894,0.0,0.0,0.0,0.0,0.0,18473,global,0.0
2,2,lr1e-05_bs8_drop0p2_temp1p0_a0p25_b0p05__wd1e-04trmiss0_degmodglobal,8,1e-05,0.0001,0.2,1.0,0.25,0.05,lr1e-05_bs8_drop0p2_temp1p0_a0p25_b0p05__wd1e-04trmiss0_degmodglobal,61,0.6752114636557442,0.721441775560379,0.325,0.5311823593073592,0.38461538461538464,0.0,0.5501888947827476,0.6504993779318673,0.06170099920460156,0.18573681052242005,0.0,0.0,0.0,0.0,0.0,18473,global,0.0
2,2,lr1e-05_bs8_drop0p2_temp1p0_a0p25_b0p05__wd1e-04trmiss0_degmodglobal,8,1e-05,0.0001,0.2,1.0,0.25,0.05,lr1e-05_bs8_drop0p2_temp1p0_a0p25_b0p05__wd1e-04trmiss0_degmodglobal,62,0.7143521904945374,0.7210522592067719,0.375,0.5474702380952381,0.46153846153846156,0.0,0.5519919948918479,0.6799141338893345,0.07674311580402511,0.3050454929471016,0.0,0.0,0.0,0.0,0.0,18473,global,0.0
2,2,lr1e-05_bs8_drop0p2_temp1p0_a0p25_b0p05__wd1e-04trmiss0_degmodglobal,8,1e-05,0.0001,0.2,1.0,0.25,0.05,lr1e-05_bs8_drop0p2_temp1p0_a0p25_b0p05__wd1e-04trmiss0_degmodglobal,63,0.7051887937954494,0.7223715484142303,0.375,0.5474702380952381,0.38461538461538464,0.0,0.5745465798037392,0.6727226376533508,0.07899654124464307,0.25434019416570663,0.0,0.0,0.0,0.0,0.0,18473,global,0.0
2,2,lr1e-05_bs8_drop0p2_temp1p0_a0p25_b0p05__wd1e-04trmiss0_degmodglobal,8,1e-05,0.0001,0.2,1.0,0.25,0.05,lr1e-05_bs8_drop0p2_temp1p0_a0p25_b0p05__wd1e-04trmiss0_degmodglobal,64,0.7283507755824498,0.7223892509937286,0.375,0.5474702380952381,0.3076923076923077,0.0,0.5821764128548759,0.6955353021621704,0.07882729492017201,0.2621727053608213,0.0,0.0,0.0,0.0,0.0,18473,global,0.0
2,2,lr1e-05_bs8_drop0p2_temp1p0_a0p25_b0p05__wd1e-04trmiss0_degmodglobal,8,1e-05,0.0001,0.2,1.0,0.25,0.05,lr1e-05_bs8_drop0p2_temp1p0_a0p25_b0p05__wd1e-04trmiss0_degmodglobal,65,0.6992502723421369,0.721340000629425,0.35,0.5395156926406927,0.38461538461538464,0.0,0.532770608152662,0.6653743130820138,0.08275008467691285,0.26376875383513315,0.0,0.0,0.0,0.0,0.0,18473,global,0.0
2,2,lr1e-05_bs8_drop0p2_temp1p0_a0p25_b0p05__wd1e-04trmiss0_degmodglobal,8,1e-05,0.0001,0.2,1.0,0.25,0.05,lr1e-05_bs8_drop0p2_temp1p0_a0p25_b0p05__wd1e-04trmiss0_degmodglobal,66,0.7085305963243756,0.7232862412929535,0.35,0.5395156926406927,0.3076923076923077,0.0,0.5551339558192662,0.6750369242259434,0.08028572372027806,0.2684448446546282,0.0,0.0,0.0,0.0,0.0,18473,global,0.0
2,2,lr1e-05_bs8_drop0p2_temp1p0_a0p25_b0p05__wd1e-04trmiss0_degmodglobal,8,1e-05,0.0001,0.2,1.0,0.25,0.05,lr1e-05_bs8_drop0p2_temp1p0_a0p25_b0p05__wd1e-04trmiss0_degmodglobal,67,0.7060562542506627,0.7203896641731262,0.35,0.5395156926406927,0.46153846153846156,0.0,0.5155944866793496,0.664768900190081,0.0978859184043748,0.3363175541162491,0.0,0.0,0.0,0.0,0.0,18473,global,0.0
2,2,lr1e-05_bs8_drop0p2_temp1p0_a0p25_b0p05__wd1e-04trmiss0_degmodglobal,8,1e-05,0.0001,0.2,1.0,0.25,0.05,lr1e-05_bs8_drop0p2_temp1p0_a0p25_b0p05__wd1e-04trmiss0_degmodglobal,68,0.7081972360610962,0.7237204015254974,0.35,0.5395156926406927,0.3076923076923077,0.0,0.5374185017177037,0.6683284725461688,0.0940583837883813,0.3270833321980068,0.0,0.0,0.0,0.0,0.0,18473,global,0.0
2,2,lr1e-05_bs8_drop0p2_temp1p0_a0p25_b0p05__wd1e-04trmiss0_degmodglobal,8,1e-05,0.0001,0.2,1.0,0.25,0.05,lr1e-05_bs8_drop0p2_temp1p0_a0p25_b0p05__wd1e-04trmiss0_degmodglobal,69,0.6937980396406991,0.7220074534416199,0.35,0.5395156926406927,0.46153846153846156,0.0,0.5426742391926902,0.6632250802857536,0.07250807540757316,0.24891884199210576,0.0,0.0,0.0,0.0,0.0,18473,global,0.0
2,2,lr1e-05_bs8_drop0p2_temp1p0_a0p25_b0p05__wd1e-04trmiss0_degmodglobal,8,1e-05,0.0001,0.2,1.0,0.25,0.05,lr1e-05_bs8_drop0p2_temp1p0_a0p25_b0p05__wd1e-04trmiss0_degmodglobal,70,0.6982624360493251,0.7225636839866638,0.35,0.5395156926406927,0.3076923076923077,0.0,0.5454701951571873,0.6693205322538104,0.06815076087202344,0.23808459298951284,0.0,0.0,0.0,0.0,0.0,18473,global,0.0
2,2,lr1e-05_bs8_drop0p2_temp1p0_a0p25_b0p05__wd1e-04trmiss0_degmodglobal,8,1e-05,0.0001,0.2,1.0,0.25,0.05,lr1e-05_bs8_drop0p2_temp1p0_a0p25_b0p05__wd1e-04trmiss0_degmodglobal,71,0.6813623564583915,0.7231696248054504,0.375,0.5474702380952381,0.3076923076923077,0.0,0.5322763110910144,0.6461886933871678,0.08553569444588252,0.27579481048243387,0.0,0.0,0.0,0.0,0.0,18473,global,0.0
2,2,lr1e-05_bs8_drop0p2_temp1p0_a0p25_b0p05__wd1e-04trmiss0_degmodglobal,8,1e-05,0.0001,0.2,1.0,0.25,0.05,lr1e-05_bs8_drop0p2_temp1p0_a0p25_b0p05__wd1e-04trmiss0_degmodglobal,72,0.6870613523891994,0.7233839333057404,0.35,0.5395156926406927,0.3076923076923077,0.0,0.537356857742582,0.6569577966417585,0.07613114001495498,0.22141535260847636,0.0,0.0,0.0,0.0,0.0,18473,global,0.0
2,2,lr1e-05_bs8_drop0p2_temp1p0_a0p25_b0p05__wd1e-04trmiss0_degmodglobal,8,1e-05,0.0001,0.2,1.0,0.25,0.05,lr1e-05_bs8_drop0p2_temp1p0_a0p25_b0p05__wd1e-04trmiss0_degmodglobal,73,0.6838752201625279,0.7234573066234589,0.35,0.5395156926406927,0.38461538461538464,0.0,0.5173596356596265,0.6526995726994106,0.0750768253845828,0.24812863341399602,0.0,0.0,0.0,0.0,0.0,18473,global,0.0
2,2,lr1e-05_bs8_drop0p2_temp1p0_a0p25_b0p05__wd1e-04trmiss0_degmodglobal,8,1e-05,0.0001,0.2,1.0,0.25,0.05,lr1e-05_bs8_drop0p2_temp1p0_a0p25_b0p05__wd1e-04trmiss0_degmodglobal,74,0.6823943597929818,0.7204983532428741,0.35,0.5395156926406927,0.46153846153846156,0.0,0.534938999584743,0.649622917175293,0.0808993825422866,0.25093186859573635,0.0,0.0,0.0,0.0,0.0,18473,global,0.0
2,2,lr1e-05_bs8_drop0p2_temp1p0_a0p25_b0p05__wd1e-04trmiss0_degmodglobal,8,1e-05,0.0001,0.2,1.0,0.25,0.05,lr1e-05_bs8_drop0p2_temp1p0_a0p25_b0p05__wd1e-04trmiss0_degmodglobal,75,0.6905234285763332,0.7203507721424103,0.35,0.5395156926406927,0.38461538461538464,0.0,0.5059604900223869,0.6517933181353978,0.0927117190190724,0.31104360946587156,0.0,0.0,0.0,0.0,0.0,18473,global,0.0
2,2,lr1e-05_bs8_drop0p2_temp1p0_a0p25_b0p05__wd1e-04trmiss0_degmodglobal,8,1e-05,0.0001,0.2,1.0,0.25,0.05,lr1e-05_bs8_drop0p2_temp1p0_a0p25_b0p05__wd1e-04trmiss0_degmodglobal,76,0.6892360704285758,0.7212998867034912,0.375,0.5474702380952381,0.3076923076923077,0.0,0.5173347634928567,0.6568340744291034,0.0757660445358072,0.2692096254655293,0.0,0.0,0.0,0.0,0.0,18473,global,0.0
2,2,lr1e-05_bs8_drop0p2_temp1p0_a0p25_b0p05__wd1e-04trmiss0_degmodglobal,8,1e-05,0.0001,0.2,1.0,0.25,0.05,lr1e-05_bs8_drop0p2_temp1p0_a0p25_b0p05__wd1e-04trmiss0_degmodglobal,77,0.7159821561404637,0.7213937342166901,0.35,0.5395156926406927,0.46153846153846156,0.0,0.5327266752719879,0.6778283715248108,0.09353579474346978,0.2953966696347509,0.0,0.0,0.0,0.0,0.0,18473,global,0.0
2,2,lr1e-05_bs8_drop0p2_temp1p0_a0p25_b0p05__wd1e-04trmiss0_degmodglobal,8,1e-05,0.0001,0.2,1.0,0.25,0.05,lr1e-05_bs8_drop0p2_temp1p0_a0p25_b0p05__wd1e-04trmiss0_degmodglobal,78,0.6909390943390983,0.7197307050228119,0.35,0.5395156926406927,0.46153846153846156,0.0,0.5315392741135189,0.6518012710980007,0.0929165067417281,0.3181737703936441,0.0,0.0,0.0,0.0,0.0,18473,global,0.0
2,2,lr1e-05_bs8_drop0p2_temp2p0_a0p25_b0p05__wd1e-04trmiss0_degmodglobal,8,1e-05,0.0001,0.2,2.0,0.25,0.05,lr1e-05_bs8_drop0p2_temp2p0_a0p25_b0p05__wd1e-04trmiss0_degmodglobal,1,0.7503272124699184,0.6759105324745178,0.7,0.8459145021645021,0.6923076923076923,0.0,0.7235662511416844,0.7375655685152326,0.03387058872197356,0.08588018853749547,0.0,0.0,0.0,0.0,0.0,18473,global,0.0
2,2,lr1e-05_bs8_drop0p2_temp2p0_a0p25_b0p05__wd1e-04trmiss0_degmodglobal,8,1e-05,0.0001,0.2,2.0,0.25,0.05,lr1e-05_bs8_drop0p2_temp2p0_a0p25_b0p05__wd1e-04trmiss0_degmodglobal,2,0.7480195505278451,0.6757778227329254,0.7,0.8357954545454546,0.6153846153846154,0.0,0.7077254908425468,0.7345845103263855,0.03710745993469443,0.0831635809902634,0.0,0.0,0.0,0.0,0.0,18473,global,0.0
2,2,lr1e-05_bs8_drop0p2_temp2p0_a0p25_b0p05__wd1e-04trmiss0_degmodglobal,8,1e-05,0.0001,0.2,2.0,0.25,0.05,lr1e-05_bs8_drop0p2_temp2p0_a0p25_b0p05__wd1e-04trmiss0_degmodglobal,3,0.7254613637924194,0.6764076054096222,0.7,0.8357954545454546,0.6923076923076923,0.0,0.6907191957746234,0.7105224984032767,0.040292780314173014,0.09731351797069822,0.0,0.0,0.0,0.0,0.0,18473,global,0.0
2,2,lr1e-05_bs8_drop0p2_temp2p0_a0p25_b0p05__wd1e-04trmiss0_degmodglobal,8,1e-05,0.0001,0.2,2.0,0.25,0.05,lr1e-05_bs8_drop0p2_temp2p0_a0p25_b0p05__wd1e-04trmiss0_degmodglobal,4,0.7334694606917245,0.6761796176433563,0.7,0.8503787878787878,0.6153846153846154,0.0,0.6976022039140973,0.7174450669969831,0.042422552193914144,0.10837510494249207,0.0,0.0,0.0,0.0,0.0,18473,global,0.0
2,2,lr1e-05_bs8_drop0p2_temp2p0_a0p25_b0p05__wd1e-04trmiss0_degmodglobal,8,1e-05,0.0001,0.2,2.0,0.25,0.05,lr1e-05_bs8_drop0p2_temp2p0_a0p25_b0p05__wd1e-04trmiss0_degmodglobal,5,0.7395185657909938,0.6745440363883972,0.7,0.8503787878787878,0.6153846153846154,0.0,0.6909187691552299,0.7256082211221967,0.03735405153461865,0.09143661388329097,0.0,0.0,0.0,0.0,0.0,18473,global,0.0
2,2,lr1e-05_bs8_drop0p2_temp2p0_a0p25_b0p05__wd1e-04trmiss0_degmodglobal,8,1e-05,0.0001,0.2,2.0,0.25,0.05,lr1e-05_bs8_drop0p2_temp2p0_a0p25_b0p05__wd1e-04trmiss0_degmodglobal,6,0.7322925158909389,0.6714320778846741,0.7,0.8503787878787878,0.6923076923076923,0.0,0.6808460780552456,0.7167786530085972,0.04327041336468288,0.09392510673829488,0.0,0.0,0.0,0.0,0.0,18473,global,0.0
2,2,lr1e-05_bs8_drop0p2_temp2p0_a0p25_b0p05__wd1e-04trmiss0_degmodglobal,8,1e-05,0.0001,0.2,2.0,0.25,0.05,lr1e-05_bs8_drop0p2_temp2p0_a0p25_b0p05__wd1e-04trmiss0_degmodglobal,7,0.7264401401792254,0.6747593879699707,0.675,0.8354978354978355,0.6153846153846154,0.0,0.696696366582598,0.7117279427392142,0.04246006320629801,0.08194371099982943,0.0,0.0,0.0,0.0,0.0,18473,global,0.0
2,2,lr1e-05_bs8_drop0p2_temp2p0_a0p25_b0p05__wd1e-04trmiss0_degmodglobal,8,1e-05,0.0001,0.2,2.0,0.25,0.05,lr1e-05_bs8_drop0p2_temp2p0_a0p25_b0p05__wd1e-04trmiss0_degmodglobal,8,0.725209619317736,0.6753243207931519,0.675,0.8354978354978355,0.6153846153846154,0.0,0.6686614666666303,0.7100957972662789,0.0387998992311103,0.1082773245871067,0.0,0.0,0.0,0.0,0.0,18473,global,0.0
2,2,lr1e-05_bs8_drop0p2_temp2p0_a0p25_b0p05__wd1e-04trmiss0_degmodglobal,8,1e-05,0.0001,0.2,2.0,0.25,0.05,lr1e-05_bs8_drop0p2_temp2p0_a0p25_b0p05__wd1e-04trmiss0_degmodglobal,9,0.704688949244363,0.6738869845867157,0.675,0.8354978354978355,0.6153846153846154,0.0,0.6753122380801609,0.6916548524584089,0.03682241562221732,0.07657020751919065,0.0,0.0,0.0,0.0,0.0,18473,global,0.0
2,2,lr1e-05_bs8_drop0p2_temp2p0_a0p25_b0p05__wd1e-04trmiss0_degmodglobal,8,1e-05,0.0001,0.2,2.0,0.25,0.05,lr1e-05_bs8_drop0p2_temp2p0_a0p25_b0p05__wd1e-04trmiss0_degmodglobal,10,0.7110730920519147,0.6745385229587555,0.7,0.8628787878787878,0.6153846153846154,0.0,0.6766574297632489,0.6972851072038923,0.039107197895646095,0.08022375990237508,0.0,0.0,0.0,0.0,0.0,18473,global,0.0
2,2,lr1e-05_bs8_drop0p2_temp2p0_a0p25_b0p05__wd1e-04trmiss0_degmodglobal,8,1e-05,0.0001,0.2,2.0,0.25,0.05,lr1e-05_bs8_drop0p2_temp2p0_a0p25_b0p05__wd1e-04trmiss0_degmodglobal,11,0.6993035844394139,0.6749386489391327,0.675,0.8420454545454545,0.6153846153846154,0.0,0.6679861204964774,0.6857296483857291,0.038499719596334865,0.07898001745343208,0.0,0.0,0.0,0.0,0.0,18473,global,0.0
2,2,lr1e-05_bs8_drop0p2_temp2p0_a0p25_b0p05__wd1e-04trmiss0_degmodglobal,8,1e-05,0.0001,0.2,2.0,0.25,0.05,lr1e-05_bs8_drop0p2_temp2p0_a0p25_b0p05__wd1e-04trmiss0_degmodglobal,12,0.6985771826335362,0.6754164099693298,0.675,0.8420454545454545,0.6153846153846154,0.0,0.663785593850272,0.6859584621020726,0.035726696252822876,0.07374107771153961,0.0,0.0,0.0,0.0,0.0,18473,global,0.0
2,2,lr1e-05_bs8_drop0p2_temp2p0_a0p25_b0p05__wd1e-04trmiss0_degmodglobal,8,1e-05,0.0001,0.2,2.0,0.25,0.05,lr1e-05_bs8_drop0p2_temp2p0_a0p25_b0p05__wd1e-04trmiss0_degmodglobal,13,0.714244374207088,0.6750172674655914,0.675,0.8420454545454545,0.5384615384615384,0.0,0.6652585693768093,0.6990440487861633,0.042408512106963565,0.09196392526584012,0.0,0.0,0.0,0.0,0.0,18473,global,0.0
2,2,lr1e-05_bs8_drop0p2_temp2p0_a0p25_b0p05__wd1e-04trmiss0_degmodglobal,8,1e-05,0.0001,0.2,2.0,0.25,0.05,lr1e-05_bs8_drop0p2_temp2p0_a0p25_b0p05__wd1e-04trmiss0_degmodglobal,14,0.6914321439606803,0.6739648580551147,0.6499999999999999,0.8271645021645022,0.5384615384615384,0.0,0.6663441828319004,0.6753773518971035,0.04470764020723956,0.0975574901593583,0.0,0.0,0.0,0.0,0.0,18473,global,0.0
2,2,lr1e-05_bs8_drop0p2_temp2p0_a0p25_b0p05__wd1e-04trmiss0_degmodglobal,8,1e-05,0.0001,0.2,2.0,0.25,0.05,lr1e-05_bs8_drop0p2_temp2p0_a0p25_b0p05__wd1e-04trmiss0_degmodglobal,15,0.7294093711035592,0.6758960485458374,0.625,0.8021645021645022,0.5384615384615384,0.0,0.6663513013294765,0.717587445463453,0.032642923561590056,0.07322378296937261,0.0,0.0,0.0,0.0,0.0,18473,global,0.0
2,2,lr1e-05_bs8_drop0p2_temp2p0_a0p25_b0p05__wd1e-04trmiss0_degmodglobal,8,1e-05,0.0001,0.2,2.0,0.25,0.05,lr1e-05_bs8_drop0p2_temp2p0_a0p25_b0p05__wd1e-04trmiss0_degmodglobal,16,0.6836633256503514,0.6758574545383453,0.625,0.8021645021645022,0.5384615384615384,0.0,0.6597979579653058,0.6708187460899353,0.035457521943109374,0.07960411560322557,0.0,0.0,0.0,0.0,0.0,18473,global,0.0
2,2,lr1e-05_bs8_drop0p2_temp2p0_a0p25_b0p05__wd1e-04trmiss0_degmodglobal,8,1e-05,0.0001,0.2,2.0,0.25,0.05,lr1e-05_bs8_drop0p2_temp2p0_a0p25_b0p05__wd1e-04trmiss0_degmodglobal,17,0.6876307385308402,0.6740058660507202,0.625,0.8021645021645022,0.5384615384615384,0.0,0.6345823151724679,0.6722890564373561,0.04139647473181997,0.09985132675085749,0.0,0.0,0.0,0.0,0.0,18473,global,0.0
2,2,lr1e-05_bs8_drop0p2_temp2p0_a0p25_b0p05__wd1e-04trmiss0_degmodglobal,8,1e-05,0.0001,0.2,2.0,0.25,0.05,lr1e-05_bs8_drop0p2_temp2p0_a0p25_b0p05__wd1e-04trmiss0_degmodglobal,18,0.6925187706947327,0.6733171343803406,0.675,0.8420454545454545,0.5384615384615384,0.0,0.6581016949244908,0.6786640201296125,0.03922863570707185,0.08095194452575274,0.0,0.0,0.0,0.0,0.0,18473,global,0.0
2,2,lr1e-05_bs8_drop0p2_temp2p0_a0p25_b0p05__wd1e-04trmiss0_degmodglobal,8,1e-05,0.0001,0.2,2.0,0.25,0.05,lr1e-05_bs8_drop0p2_temp2p0_a0p25_b0p05__wd1e-04trmiss0_degmodglobal,19,0.7095600707190377,0.6733805537223816,0.6499999999999999,0.8271645021645022,0.5384615384615384,0.0,0.6422840186527797,0.6950284838676453,0.04065681781087603,0.08734780283910888,0.0,0.0,0.0,0.0,0.0,18473,global,0.0
2,2,lr1e-05_bs8_drop0p2_temp2p0_a0p25_b0p05__wd1e-04trmiss0_degmodglobal,8,1e-05,0.0001,0.2,2.0,0.25,0.05,lr1e-05_bs8_drop0p2_temp2p0_a0p25_b0p05__wd1e-04trmiss0_degmodglobal,20,0.6865284187453133,0.6742091178894043,0.625,0.8021645021645022,0.5384615384615384,0.0,0.6507678031921387,0.6731506841523307,0.03754744066723755,0.07981754120971475,0.0,0.0,0.0,0.0,0.0,18473,global,0.0
2,2,lr1e-05_bs8_drop0p2_temp2p0_a0p25_b0p05__wd1e-04trmiss0_degmodglobal,8,1e-05,0.0001,0.2,2.0,0.25,0.05,lr1e-05_bs8_drop0p2_temp2p0_a0p25_b0p05__wd1e-04trmiss0_degmodglobal,21,0.6945539031709943,0.6745578944683075,0.625,0.8021645021645022,0.5384615384615384,0.0,0.6567713107381549,0.6795489958354405,0.04108240481998239,0.09468614629336766,0.0,0.0,0.0,0.0,0.0,18473,global,0.0
2,2,lr1e-05_bs8_drop0p2_temp2p0_a0p25_b0p05__wd1e-04trmiss0_degmodglobal,8,1e-05,0.0001,0.2,2.0,0.25,0.05,lr1e-05_bs8_drop0p2_temp2p0_a0p25_b0p05__wd1e-04trmiss0_degmodglobal,22,0.6953744207109723,0.6749969124794006,0.625,0.8021645021645022,0.5384615384615384,0.0,0.6448601484298706,0.6795369642121452,0.043090954955135076,0.10129420672144208,0.0,0.0,0.0,0.0,0.0,18473,global,0.0
2,2,lr1e-05_bs8_drop0p2_temp2p0_a0p25_b0p05__wd1e-04trmiss0_degmodglobal,8,1e-05,0.0001,0.2,2.0,0.25,0.05,lr1e-05_bs8_drop0p2_temp2p0_a0p25_b0p05__wd1e-04trmiss0_degmodglobal,23,0.6909813284873962,0.6755506694316864,0.625,0.8021645021645022,0.5384615384615384,0.0,0.6189535771097455,0.6756856867245266,0.0425853505730629,0.09298592539770263,0.0,0.0,0.0,0.0,0.0,18473,global,0.0
2,2,lr1e-05_bs8_drop0p2_temp2p0_a0p25_b0p05__wd1e-04trmiss0_degmodglobal,8,1e-05,0.0001,0.2,2.0,0.25,0.05,lr1e-05_bs8_drop0p2_temp2p0_a0p25_b0p05__wd1e-04trmiss0_degmodglobal,24,0.6700249229158673,0.6761299967765808,0.625,0.8021645021645022,0.46153846153846156,0.0,0.6631364907537188,0.6557784250804356,0.03676575395677771,0.10110133620245117,0.0,0.0,0.0,0.0,0.0,18473,global,0.0
2,2,lr1e-05_bs8_drop0p2_temp2p0_a0p25_b0p05__wd1e-04trmiss0_degmodglobal,8,1e-05,0.0001,0.2,2.0,0.25,0.05,lr1e-05_bs8_drop0p2_temp2p0_a0p25_b0p05__wd1e-04trmiss0_degmodglobal,25,0.6922031896454948,0.675828605890274,0.625,0.8021645021645022,0.46153846153846156,0.0,0.6543944648333958,0.6789291756493705,0.0401471560554845,0.06474409784589495,0.0,0.0,0.0,0.0,0.0,18473,global,0.0
2,2,lr1e-05_bs8_drop0p2_temp2p0_a0p25_b0p05__wd1e-04trmiss0_degmodglobal,8,1e-05,0.0001,0.2,2.0,0.25,0.05,lr1e-05_bs8_drop0p2_temp2p0_a0p25_b0p05__wd1e-04trmiss0_degmodglobal,26,0.6965100680078778,0.6743820309638977,0.65,0.8170454545454545,0.5384615384615384,0.0,0.6213049718311855,0.6820281233106341,0.03663685066359384,0.10645477420517377,0.0,0.0,0.0,0.0,0.0,18473,global,0.0
2,2,lr1e-05_bs8_drop0p4_temp1p0_a0p25_b0p05__wd1e-04trmiss0_degmodglobal,8,1e-05,0.0001,0.4,1.0,0.25,0.05,lr1e-05_bs8_drop0p4_temp1p0_a0p25_b0p05__wd1e-04trmiss0_degmodglobal,1,0.7111103875296456,0.6934731900691986,0.42500000000000004,0.6518554362304363,0.6153846153846154,0.0,0.722173912184579,0.6654032383646283,0.11550869739481381,0.3365998608725412,0.0,0.0,0.0,0.0,0.0,18473,global,0.0
2,2,lr1e-05_bs8_drop0p4_temp1p0_a0p25_b0p05__wd1e-04trmiss0_degmodglobal,8,1e-05,0.0001,0.4,1.0,0.25,0.05,lr1e-05_bs8_drop0p4_temp1p0_a0p25_b0p05__wd1e-04trmiss0_degmodglobal,2,0.7041508555412292,0.6929736137390137,0.475,0.6726887695637696,0.5384615384615384,0.0,0.6840588109833854,0.6625183735574994,0.10038046485611371,0.3307473159262112,0.0,0.0,0.0,0.0,0.0,18473,global,0.0
2,2,lr1e-05_bs8_drop0p4_temp1p0_a0p25_b0p05__wd1e-04trmiss0_degmodglobal,8,1e-05,0.0001,0.4,1.0,0.25,0.05,lr1e-05_bs8_drop0p4_temp1p0_a0p25_b0p05__wd1e-04trmiss0_degmodglobal,3,0.7156540070261274,0.6932486295700073,0.44999999999999996,0.6101887695637696,0.6153846153846154,0.0,0.6938804473195758,0.6800577470234462,0.0853462043617453,0.28519424476793837,0.0,0.0,0.0,0.0,0.0,18473,global,0.0
2,2,lr1e-05_bs8_drop0p4_temp1p0_a0p25_b0p05__wd1e-04trmiss0_degmodglobal,8,1e-05,0.0001,0.4,1.0,0.25,0.05,lr1e-05_bs8_drop0p4_temp1p0_a0p25_b0p05__wd1e-04trmiss0_degmodglobal,4,0.7104606798716954,0.6963266134262085,0.425,0.5976887695637696,0.6153846153846154,0.0,0.6819945233208793,0.6810871532985142,0.0758823933345931,0.20805853924580983,0.0,0.0,0.0,0.0,0.0,18473,global,0.0
2,2,lr1e-05_bs8_drop0p4_temp1p0_a0p25_b0p05__wd1e-04trmiss0_degmodglobal,8,1e-05,0.0001,0.4,1.0,0.25,0.05,lr1e-05_bs8_drop0p4_temp1p0_a0p25_b0p05__wd1e-04trmiss0_degmodglobal,5,0.669339622770037,0.6970507204532623,0.4,0.5768554362304362,0.6153846153846154,0.0,0.6828008805002485,0.6425941501344953,0.06438509428075381,0.21298425431762422,0.0,0.0,0.0,0.0,0.0,18473,global,0.0
2,2,lr1e-05_bs8_drop0p4_temp1p0_a0p25_b0p05__wd1e-04trmiss0_degmodglobal,8,1e-05,0.0001,0.4,1.0,0.25,0.05,lr1e-05_bs8_drop0p4_temp1p0_a0p25_b0p05__wd1e-04trmiss0_degmodglobal,6,0.7124526585851397,0.6991513073444366,0.4,0.5768554362304362,0.6153846153846154,0.0,0.6473683714866638,0.6753005044800895,0.08816725175295557,0.30220678235803333,0.0,0.0,0.0,0.0,0.0,18473,global,0.0
2,2,lr1e-05_bs8_drop0p4_temp1p0_a0p25_b0p05__wd1e-04trmiss0_degmodglobal,8,1e-05,0.0001,0.4,1.0,0.25,0.05,lr1e-05_bs8_drop0p4_temp1p0_a0p25_b0p05__wd1e-04trmiss0_degmodglobal,7,0.6963986584118435,0.699855625629425,0.4,0.5768554362304362,0.5384615384615384,0.0,0.6658934354782104,0.6636918101991925,0.08582268176334244,0.22502343037298747,0.0,0.0,0.0,0.0,0.0,18473,global,0.0
2,2,lr1e-05_bs8_drop0p4_temp1p0_a0p25_b0p05__wd1e-04trmiss0_degmodglobal,8,1e-05,0.0001,0.4,1.0,0.25,0.05,lr1e-05_bs8_drop0p4_temp1p0_a0p25_b0p05__wd1e-04trmiss0_degmodglobal,8,0.7025388819830758,0.6991318762302399,0.4,0.5910599816849818,0.46153846153846156,0.0,0.6798630101340157,0.6729437027658735,0.0734771511384419,0.2245174976331847,0.0,0.0,0.0,0.0,0.0,18473,global,0.0
2,2,lr1e-05_bs8_drop0p4_temp1p0_a0p25_b0p05__wd1e-04trmiss0_degmodglobal,8,1e-05,0.0001,0.4,1.0,0.25,0.05,lr1e-05_bs8_drop0p4_temp1p0_a0p25_b0p05__wd1e-04trmiss0_degmodglobal,9,0.6956955620220729,0.6976858377456665,0.425,0.6035599816849817,0.46153846153846156,0.0,0.6629132287842887,0.6648192235401699,0.07263670542410441,0.25434339472225737,0.0,0.0,0.0,0.0,0.0,18473,global,0.0
2,2,lr1e-05_bs8_drop0p4_temp1p0_a0p25_b0p05__wd1e-04trmiss0_degmodglobal,8,1e-05,0.0001,0.4,1.0,0.25,0.05,lr1e-05_bs8_drop0p4_temp1p0_a0p25_b0p05__wd1e-04trmiss0_degmodglobal,10,0.65843836750303,0.6983514428138733,0.375,0.5618933150183151,0.46153846153846156,0.0,0.6456256764275687,0.634982304913657,0.06161546174968992,0.16104406118392944,0.0,0.0,0.0,0.0,0.0,18473,global,0.0
2,2,lr1e-05_bs8_drop0p4_temp1p0_a0p25_b0p05__wd1e-04trmiss0_degmodglobal,8,1e-05,0.0001,0.4,1.0,0.25,0.05,lr1e-05_bs8_drop0p4_temp1p0_a0p25_b0p05__wd1e-04trmiss0_degmodglobal,11,0.7015172413417271,0.6972425878047943,0.4,0.5737980769230769,0.5384615384615384,0.0,0.6528552770614624,0.6710591401372638,0.06973922438919544,0.26046586462429594,0.0,0.0,0.0,0.0,0.0,18473,global,0.0
2,2,lr1e-05_bs8_drop0p4_temp1p0_a0p25_b0p05__wd1e-04trmiss0_degmodglobal,8,1e-05,0.0001,0.4,1.0,0.25,0.05,lr1e-05_bs8_drop0p4_temp1p0_a0p25_b0p05__wd1e-04trmiss0_degmodglobal,12,0.6953105585915702,0.696535050868988,0.4,0.5737980769230769,0.46153846153846156,0.0,0.6813800420079913,0.6664634602410453,0.06782034039497375,0.23784027780805314,0.0,0.0,0.0,0.0,0.0,18473,global,0.0
2,2,lr1e-05_bs8_drop0p4_temp1p0_a0p25_b0p05__wd1e-04trmiss0_degmodglobal,8,1e-05,0.0001,0.4,1.0,0.25,0.05,lr1e-05_bs8_drop0p4_temp1p0_a0p25_b0p05__wd1e-04trmiss0_degmodglobal,13,0.6840311459132603,0.6964366137981415,0.42500000000000004,0.5946314102564103,0.46153846153846156,0.0,0.656365190233503,0.654968227658953,0.07270498893090657,0.21773334273270198,0.0,0.0,0.0,0.0,0.0,18473,global,0.0
2,2,lr1e-05_bs8_drop0p4_temp1p0_a0p25_b0p05__wd1e-04trmiss0_degmodglobal,8,1e-05,0.0001,0.4,1.0,0.25,0.05,lr1e-05_bs8_drop0p4_temp1p0_a0p25_b0p05__wd1e-04trmiss0_degmodglobal,14,0.6918875745364598,0.6940542161464691,0.45,0.6154647435897436,0.46153846153846156,0.0,0.6220489570072719,0.6636419381414141,0.07179045730403491,0.20596050577504293,0.0,0.0,0.0,0.0,0.0,18473,global,0.0
2,2,lr1e-05_bs8_drop0p4_temp1p0_a0p25_b0p05__wd1e-04trmiss0_degmodglobal,8,1e-05,0.0001,0.4,1.0,0.25,0.05,lr1e-05_bs8_drop0p4_temp1p0_a0p25_b0p05__wd1e-04trmiss0_degmodglobal,15,0.6517000879560199,0.6931346654891968,0.42500000000000004,0.5946314102564103,0.6153846153846154,0.0,0.6581898246492658,0.6292430417878287,0.055847524000065665,0.1699033443416868,0.0,0.0,0.0,0.0,0.0,18473,global,0.0
2,2,lr1e-05_bs8_drop0p4_temp1p0_a0p25_b0p05__wd1e-04trmiss0_degmodglobal,8,1e-05,0.0001,0.4,1.0,0.25,0.05,lr1e-05_bs8_drop0p4_temp1p0_a0p25_b0p05__wd1e-04trmiss0_degmodglobal,16,0.6750422971589225,0.6923037767410278,0.45,0.6154647435897436,0.6153846153846154,0.0,0.632103945527758,0.6457649043628148,0.08135406460080828,0.17877776388611114,0.0,0.0,0.0,0.0,0.0,18473,global,0.0
2,2,lr1e-05_bs8_drop0p4_temp1p0_a0p25_b0p05__wd1e-04trmiss0_degmodglobal,8,1e-05,0.0001,0.4,1.0,0.25,0.05,lr1e-05_bs8_drop0p4_temp1p0_a0p25_b0p05__wd1e-04trmiss0_degmodglobal,17,0.6682756798607963,0.6901268362998962,0.45,0.6154647435897436,0.6153846153846154,0.0,0.6378247823034014,0.6393909539495196,0.07297239718692643,0.21283238700457982,0.0,0.0,0.0,0.0,0.0,18473,global,0.0
2,2,lr1e-05_bs8_drop0p4_temp1p0_a0p25_b0p05__wd1e-04trmiss0_degmodglobal,8,1e-05,0.0001,0.4,1.0,0.25,0.05,lr1e-05_bs8_drop0p4_temp1p0_a0p25_b0p05__wd1e-04trmiss0_degmodglobal,18,0.6581579276493618,0.6892715394496918,0.475,0.6220935314685314,0.5384615384615384,0.0,0.6325225404330662,0.6310529027666364,0.0699370200080531,0.192415822829519,0.0,0.0,0.0,0.0,0.0,18473,global,0.0
2,2,lr1e-05_bs8_drop0p4_temp1p0_a0p25_b0p05__wd1e-04trmiss0_degmodglobal,8,1e-05,0.0001,0.4,1.0,0.25,0.05,lr1e-05_bs8_drop0p4_temp1p0_a0p25_b0p05__wd1e-04trmiss0_degmodglobal,19,0.6430033189909798,0.6918118596076965,0.45,0.6154647435897436,0.5384615384615384,0.0,0.6306488173348563,0.6173710567610604,0.06430146736758095,0.19113775662013463,0.0,0.0,0.0,0.0,0.0,18473,global,0.0
2,2,lr1e-05_bs8_drop0p4_temp1p0_a0p25_b0p05__wd1e-04trmiss0_degmodglobal,8,1e-05,0.0001,0.4,1.0,0.25,0.05,lr1e-05_bs8_drop0p4_temp1p0_a0p25_b0p05__wd1e-04trmiss0_degmodglobal,20,0.6498003942625863,0.6926362216472626,0.42500000000000004,0.5946314102564103,0.6153846153846154,0.0,0.6471259849412101,0.6301834242684501,0.055026517382689884,0.1172068959900311,0.0,0.0,0.0,0.0,0.0,18473,global,0.0
2,2,lr1e-05_bs8_drop0p4_temp1p0_a0p25_b0p05__wd1e-04trmiss0_degmodglobal,8,1e-05,0.0001,0.4,1.0,0.25,0.05,lr1e-05_bs8_drop0p4_temp1p0_a0p25_b0p05__wd1e-04trmiss0_degmodglobal,21,0.6544199160167149,0.6915307641029358,0.45,0.6154647435897436,0.5384615384615384,0.0,0.6253900953701564,0.6258735827037266,0.07370821493012565,0.20238550007343292,0.0,0.0,0.0,0.0,0.0,18473,global,0.0
2,2,lr1e-05_bs8_drop0p4_temp1p0_a0p25_b0p05__wd1e-04trmiss0_degmodglobal,8,1e-05,0.0001,0.4,1.0,0.25,0.05,lr1e-05_bs8_drop0p4_temp1p0_a0p25_b0p05__wd1e-04trmiss0_degmodglobal,22,0.6475899389811924,0.6929164528846741,0.45,0.6154647435897436,0.6153846153846154,0.0,0.6638206669262477,0.6254479885101318,0.05315011899386134,0.17708872365100042,0.0,0.0,0.0,0.0,0.0,18473,global,0.0
2,2,lr1e-05_bs8_drop0p4_temp1p0_a0p25_b0p05__wd1e-04trmiss0_degmodglobal,8,1e-05,0.0001,0.4,1.0,0.25,0.05,lr1e-05_bs8_drop0p4_temp1p0_a0p25_b0p05__wd1e-04trmiss0_degmodglobal,23,0.6991713047027588,0.6929636299610138,0.42500000000000004,0.5946314102564103,0.6153846153846154,0.0,0.6334149071148464,0.6758971810340881,0.052165038351501734,0.20465758655752456,0.0,0.0,0.0,0.0,0.0,18473,global,0.0
2,2,lr1e-05_bs8_drop0p4_temp1p0_a0p25_b0p05__wd1e-04trmiss0_degmodglobal,8,1e-05,0.0001,0.4,1.0,0.25,0.05,lr1e-05_bs8_drop0p4_temp1p0_a0p25_b0p05__wd1e-04trmiss0_degmodglobal,24,0.6592117547988892,0.6915453672409058,0.45,0.6154647435897436,0.6153846153846154,0.0,0.6213867494038173,0.6362076486860003,0.05947796681097576,0.16269234780754363,0.0,0.0,0.0,0.0,0.0,18473,global,0.0
2,2,lr1e-05_bs8_drop0p4_temp1p0_a0p25_b0p05__wd1e-04trmiss0_degmodglobal,8,1e-05,0.0001,0.4,1.0,0.25,0.05,lr1e-05_bs8_drop0p4_temp1p0_a0p25_b0p05__wd1e-04trmiss0_degmodglobal,25,0.6337666256087167,0.6918990612030029,0.45,0.6154647435897436,0.6153846153846154,0.0,0.651195091860635,0.6110918181283134,0.05783693492412567,0.16431143986327307,0.0,0.0,0.0,0.0,0.0,18473,global,0.0
2,2,lr1e-05_bs8_drop0p4_temp1p0_a0p25_b0p05__wd1e-04trmiss0_degmodglobal,8,1e-05,0.0001,0.4,1.0,0.25,0.05,lr1e-05_bs8_drop0p4_temp1p0_a0p25_b0p05__wd1e-04trmiss0_degmodglobal,26,0.6498728139059884,0.691046804189682,0.45,0.6154647435897436,0.6153846153846154,0.0,0.6382543444633484,0.6276810084070478,0.05175533252102988,0.18505932710000447,0.0,0.0,0.0,0.0,0.0,18473,global,0.0
2,2,lr1e-05_bs8_drop0p4_temp1p0_a0p25_b0p05__wd1e-04trmiss0_degmodglobal,8,1e-05,0.0001,0.4,1.0,0.25,0.05,lr1e-05_bs8_drop0p4_temp1p0_a0p25_b0p05__wd1e-04trmiss0_degmodglobal,27,0.6792567031724113,0.6906575560569763,0.475,0.6220935314685314,0.6153846153846154,0.0,0.6259423749787467,0.6544089913368225,0.06070771813392639,0.1934157077755247,0.0,0.0,0.0,0.0,0.0,18473,global,0.0
2,2,lr1e-05_bs8_drop0p4_temp1p0_a0p25_b0p05__wd1e-04trmiss0_degmodglobal,8,1e-05,0.0001,0.4,1.0,0.25,0.05,lr1e-05_bs8_drop0p4_temp1p0_a0p25_b0p05__wd1e-04trmiss0_degmodglobal,28,0.6490472214562553,0.6907320916652679,0.47500000000000003,0.6342147435897436,0.5384615384615384,0.0,0.6161724925041199,0.6265102028846741,0.05682556836732796,0.16661252826452255,0.0,0.0,0.0,0.0,0.0,18473,global,0.0
2,2,lr1e-05_bs8_drop0p4_temp1p0_a0p25_b0p05__wd1e-04trmiss0_degmodglobal,8,1e-05,0.0001,0.4,1.0,0.25,0.05,lr1e-05_bs8_drop0p4_temp1p0_a0p25_b0p05__wd1e-04trmiss0_degmodglobal,29,0.6490411758422852,0.6911215782165527,0.45,0.6154647435897436,0.5384615384615384,0.0,0.6233975120953151,0.6304038763046265,0.05408584326505661,0.1023171389741557,0.0,0.0,0.0,0.0,0.0,18473,global,0.0
2,2,lr1e-05_bs8_drop0p4_temp1p0_a0p25_b0p05__wd1e-04trmiss0_degmodglobal,8,1e-05,0.0001,0.4,1.0,0.25,0.05,lr1e-05_bs8_drop0p4_temp1p0_a0p25_b0p05__wd1e-04trmiss0_degmodglobal,30,0.666941796030317,0.6901379823684692,0.47500000000000003,0.6342147435897436,0.5384615384615384,0.0,0.6384820427213397,0.6442579116140094,0.05950479635170528,0.15615410570587432,0.0,0.0,0.0,0.0,0.0,18473,global,0.0
2,2,lr1e-05_bs8_drop0p4_temp1p0_a0p25_b0p05__wd1e-04trmiss0_degmodglobal,8,1e-05,0.0001,0.4,1.0,0.25,0.05,lr1e-05_bs8_drop0p4_temp1p0_a0p25_b0p05__wd1e-04trmiss0_degmodglobal,31,0.6331286770956857,0.6866905689239502,0.47500000000000003,0.6342147435897436,0.46153846153846156,0.0,0.6063807266099113,0.6039648396628243,0.07856105001909393,0.19047135274325097,0.0,0.0,0.0,0.0,0.0,18473,global,0.0
2,2,lr1e-05_bs8_drop0p4_temp1p0_a0p25_b0p05__wd1e-04trmiss0_degmodglobal,8,1e-05,0.0001,0.4,1.0,0.25,0.05,lr1e-05_bs8_drop0p4_temp1p0_a0p25_b0p05__wd1e-04trmiss0_degmodglobal,32,0.6668929202216012,0.6886081695556641,0.47500000000000003,0.6342147435897436,0.6153846153846154,0.0,0.619226336479187,0.6436392324311393,0.05753118438380105,0.1774177923798561,0.0,0.0,0.0,0.0,0.0,18473,global,0.0
2,2,lr1e-05_bs8_drop0p4_temp1p0_a0p25_b0p05__wd1e-04trmiss0_degmodglobal,8,1e-05,0.0001,0.4,1.0,0.25,0.05,lr1e-05_bs8_drop0p4_temp1p0_a0p25_b0p05__wd1e-04trmiss0_degmodglobal,33,0.640362126486642,0.690526932477951,0.42500000000000004,0.5946314102564103,0.46153846153846156,0.0,0.6331886308533805,0.608983073915754,0.0702764487692288,0.27619858192546026,0.0,0.0,0.0,0.0,0.0,18473,global,0.0
2,2,lr1e-05_bs8_drop0p4_temp1p0_a0p25_b0p05__wd1e-04trmiss0_degmodglobal,8,1e-05,0.0001,0.4,1.0,0.25,0.05,lr1e-05_bs8_drop0p4_temp1p0_a0p25_b0p05__wd1e-04trmiss0_degmodglobal,34,0.6855101329939706,0.689154326915741,0.45,0.6154647435897436,0.46153846153846156,0.0,0.5687686460358756,0.6448896527290344,0.09720321744680405,0.3263936234372003,0.0,0.0,0.0,0.0,0.0,18473,global,0.0
2,2,lr1e-05_bs8_drop0p4_temp1p0_a0p25_b0p05__wd1e-04trmiss0_degmodglobal,8,1e-05,0.0001,0.4,1.0,0.25,0.05,lr1e-05_bs8_drop0p4_temp1p0_a0p25_b0p05__wd1e-04trmiss0_degmodglobal,35,0.6206664443016052,0.6906512677669525,0.4,0.5737980769230769,0.46153846153846156,0.0,0.6016860604286194,0.5919241820062909,0.07925985806754657,0.17854595184326172,0.0,0.0,0.0,0.0,0.0,18473,global,0.0
2,2,lr1e-05_bs8_drop0p4_temp1p0_a0p25_b0p05__wd1e-04trmiss0_degmodglobal,8,1e-05,0.0001,0.4,1.0,0.25,0.05,lr1e-05_bs8_drop0p4_temp1p0_a0p25_b0p05__wd1e-04trmiss0_degmodglobal,36,0.6634783063616071,0.6901274621486664,0.425,0.5804268648018648,0.5384615384615384,0.0,0.5984703813280378,0.633505140032087,0.07919361548764366,0.2034951810325895,0.0,0.0,0.0,0.0,0.0,18473,global,0.0
2,2,lr1e-05_bs8_drop0p4_temp1p0_a0p25_b0p05__wd1e-04trmiss0_degmodglobal,8,1e-05,0.0001,0.4,1.0,0.25,0.05,lr1e-05_bs8_drop0p4_temp1p0_a0p25_b0p05__wd1e-04trmiss0_degmodglobal,37,0.6678992254393441,0.6907036006450653,0.45,0.6154647435897436,0.5384615384615384,0.0,0.6032743028232029,0.6437028476170131,0.06428181912217822,0.16251840176326887,0.0,0.0,0.0,0.0,0.0,18473,global,0.0
2,2,lr1e-05_bs8_drop0p4_temp1p0_a0p25_b0p05__wd1e-04trmiss0_degmodglobal,8,1e-05,0.0001,0.4,1.0,0.25,0.05,lr1e-05_bs8_drop0p4_temp1p0_a0p25_b0p05__wd1e-04trmiss0_degmodglobal,38,0.6698838302067348,0.6875292956829071,0.47500000000000003,0.6342147435897436,0.46153846153846156,0.0,0.6019076534679958,0.6415221435683114,0.06975336053541728,0.2184670301420348,0.0,0.0,0.0,0.0,0.0,18473,global,0.0
2,2,lr1e-05_bs8_drop0p4_temp1p0_a0p25_b0p05__wd1e-04trmiss0_degmodglobal,8,1e-05,0.0001,0.4,1.0,0.25,0.05,lr1e-05_bs8_drop0p4_temp1p0_a0p25_b0p05__wd1e-04trmiss0_degmodglobal,39,0.6555719375610352,0.6870964467525482,0.45,0.6154647435897436,0.5384615384615384,0.0,0.6282361490385873,0.6165360978671482,0.09418511390686035,0.30979112003530773,0.0,0.0,0.0,0.0,0.0,18473,global,0.0
2,2,lr1e-05_bs8_drop0p4_temp1p0_a0p25_b0p05__wd1e-04trmiss0_degmodglobal,8,1e-05,0.0001,0.4,1.0,0.25,0.05,lr1e-05_bs8_drop0p4_temp1p0_a0p25_b0p05__wd1e-04trmiss0_degmodglobal,40,0.6530843377113342,0.6881450712680817,0.47500000000000003,0.6342147435897436,0.6153846153846154,0.0,0.5979052696909223,0.6284900818552289,0.05945837071963719,0.19459317837442672,0.0,0.0,0.0,0.0,0.0,18473,global,0.0
2,2,lr1e-05_bs8_drop0p4_temp1p0_a0p25_b0p05__wd1e-04trmiss0_degmodglobal,8,1e-05,0.0001,0.4,1.0,0.25,0.05,lr1e-05_bs8_drop0p4_temp1p0_a0p25_b0p05__wd1e-04trmiss0_degmodglobal,41,0.6281366177967617,0.6880435645580292,0.45,0.6154647435897436,0.5384615384615384,0.0,0.6060293316841125,0.5934085335050311,0.08722083164112908,0.2584572806954384,0.0,0.0,0.0,0.0,0.0,18473,global,0.0
2,2,lr1e-05_bs8_drop0p4_temp1p0_a0p25_b0p05__wd1e-04trmiss0_degmodglobal,8,1e-05,0.0001,0.4,1.0,0.25,0.05,lr1e-05_bs8_drop0p4_temp1p0_a0p25_b0p05__wd1e-04trmiss0_degmodglobal,42,0.6365982975278582,0.6891749501228333,0.45,0.6154647435897436,0.6153846153846154,0.0,0.598938375711441,0.6083613634109497,0.06621099902050835,0.23368376280580247,0.0,0.0,0.0,0.0,0.0,18473,global,0.0
2,2,lr1e-05_bs8_drop0p4_temp1p0_a0p25_b0p05__wd1e-04trmiss0_degmodglobal,8,1e-05,0.0001,0.4,1.0,0.25,0.05,lr1e-05_bs8_drop0p4_temp1p0_a0p25_b0p05__wd1e-04trmiss0_degmodglobal,43,0.6626942583492824,0.6881949305534363,0.45,0.6154647435897436,0.46153846153846156,0.0,0.5910889676639012,0.6348036272185189,0.07584161630698613,0.1786047007356371,0.0,0.0,0.0,0.0,0.0,18473,global,0.0
2,2,lr1e-05_bs8_drop0p4_temp1p0_a0p25_b0p05__wd1e-04trmiss0_degmodglobal,8,1e-05,0.0001,0.4,1.0,0.25,0.05,lr1e-05_bs8_drop0p4_temp1p0_a0p25_b0p05__wd1e-04trmiss0_degmodglobal,44,0.648115975516183,0.688548743724823,0.47500000000000003,0.6342147435897436,0.5384615384615384,0.0,0.5913461872509548,0.6234196935381208,0.0632943223629679,0.17745389257158553,0.0,0.0,0.0,0.0,0.0,18473,global,0.0
2,2,lr1e-05_bs8_drop0p4_temp1p0_a0p25_b0p05__wd1e-04trmiss0_degmodglobal,8,1e-05,0.0001,0.4,1.0,0.25,0.05,lr1e-05_bs8_drop0p4_temp1p0_a0p25_b0p05__wd1e-04trmiss0_degmodglobal,45,0.6604346888405936,0.6876032650470734,0.475,0.6220935314685314,0.5384615384615384,0.0,0.5885409797940936,0.6298548664365496,0.07069286065442222,0.258132241666317,0.0,0.0,0.0,0.0,0.0,18473,global,0.0
2,2,lr1e-05_bs8_drop0p4_temp1p0_a0p25_b0p05__wd1e-04trmiss0_degmodglobal,8,1e-05,0.0001,0.4,1.0,0.25,0.05,lr1e-05_bs8_drop0p4_temp1p0_a0p25_b0p05__wd1e-04trmiss0_degmodglobal,46,0.6535000545637948,0.6874176561832428,0.525,0.6487980769230769,0.5384615384615384,0.0,0.600807215486254,0.6268052799361092,0.07249497356159347,0.1714206039905548,0.0,0.0,0.0,0.0,0.0,18473,global,0.0
2,2,lr1e-05_bs8_drop0p4_temp1p0_a0p25_b0p05__wd1e-04trmiss0_degmodglobal,8,1e-05,0.0001,0.4,1.0,0.25,0.05,lr1e-05_bs8_drop0p4_temp1p0_a0p25_b0p05__wd1e-04trmiss0_degmodglobal,47,0.6771736911364964,0.6863768398761749,0.525,0.6487980769230769,0.5384615384615384,0.0,0.5951321848801204,0.639753384249551,0.09746254501598221,0.26109337380954195,0.0,0.0,0.0,0.0,0.0,18473,global,0.0
2,2,lr1e-05_bs8_drop0p4_temp1p0_a0p25_b0p05__wd1e-04trmiss0_degmodglobal,8,1e-05,0.0001,0.4,1.0,0.25,0.05,lr1e-05_bs8_drop0p4_temp1p0_a0p25_b0p05__wd1e-04trmiss0_degmodglobal,48,0.6644587687083653,0.6874143481254578,0.5,0.6300480769230768,0.5384615384615384,0.0,0.5993573580469403,0.6386441162654332,0.0663043883230005,0.1847712897828647,0.0,0.0,0.0,0.0,0.0,18473,global,0.0
2,2,lr1e-05_bs8_drop0p4_temp1p0_a0p25_b0p05__wd1e-04trmiss0_degmodglobal,8,1e-05,0.0001,0.4,1.0,0.25,0.05,lr1e-05_bs8_drop0p4_temp1p0_a0p25_b0p05__wd1e-04trmiss0_degmodglobal,49,0.6670843958854675,0.6870990991592407,0.5,0.6300480769230768,0.6923076923076923,0.0,0.6053364532334464,0.6333851303373065,0.08611258225781578,0.2434223954166685,0.0,0.0,0.0,0.0,0.0,18473,global,0.0
2,2,lr1e-05_bs8_drop0p4_temp1p0_a0p25_b0p05__wd1e-04trmiss0_degmodglobal,8,1e-05,0.0001,0.4,1.0,0.25,0.05,lr1e-05_bs8_drop0p4_temp1p0_a0p25_b0p05__wd1e-04trmiss0_degmodglobal,50,0.6550764952387128,0.6872292757034302,0.5,0.6300480769230768,0.6923076923076923,0.0,0.5772234967776707,0.6205201745033264,0.08811284175940923,0.2505620611565454,0.0,0.0,0.0,0.0,0.0,18473,global,0.0
2,2,lr1e-05_bs8_drop0p4_temp1p0_a0p25_b0p05__wd1e-04trmiss0_degmodglobal,8,1e-05,0.0001,0.4,1.0,0.25,0.05,lr1e-05_bs8_drop0p4_temp1p0_a0p25_b0p05__wd1e-04trmiss0_degmodglobal,51,0.6592813815389361,0.6887967884540558,0.475,0.6220935314685314,0.5384615384615384,0.0,0.6134964397975377,0.6380105529512677,0.05384372866579464,0.156197974724429,0.0,0.0,0.0,0.0,0.0,18473,global,0.0
2,2,lr1e-05_bs8_drop0p4_temp1p0_a0p25_b0p05__wd1e-04trmiss0_degmodglobal,8,1e-05,0.0001,0.4,1.0,0.25,0.05,lr1e-05_bs8_drop0p4_temp1p0_a0p25_b0p05__wd1e-04trmiss0_degmodglobal,52,0.6524084891591754,0.6872759163379669,0.475,0.6220935314685314,0.6153846153846154,0.0,0.5485645702907017,0.6175724353109088,0.09135189865316663,0.23996135805334365,0.0,0.0,0.0,0.0,0.0,18473,global,0.0
2,2,lr1e-05_bs8_drop0p4_temp1p0_a0p25_b0p05__wd1e-04trmiss0_degmodglobal,8,1e-05,0.0001,0.4,1.0,0.25,0.05,lr1e-05_bs8_drop0p4_temp1p0_a0p25_b0p05__wd1e-04trmiss0_degmodglobal,53,0.6648010696683612,0.6853299140930176,0.5,0.6453754578754579,0.46153846153846156,0.0,0.6184806994029454,0.6311492238725934,0.07803657491292272,0.2828538141080311,0.0,0.0,0.0,0.0,0.0,18473,global,0.0
2,2,lr1e-05_bs8_drop0p4_temp1p0_a0p25_b0p05__wd1e-04trmiss0_degmodglobal,8,1e-05,0.0001,0.4,1.0,0.25,0.05,lr1e-05_bs8_drop0p4_temp1p0_a0p25_b0p05__wd1e-04trmiss0_degmodglobal,54,0.6720332418169294,0.687925398349762,0.475,0.6220935314685314,0.5384615384615384,0.0,0.5795740485191345,0.6384132759911674,0.0858390863452639,0.24320377622331893,0.0,0.0,0.0,0.0,0.0,18473,global,0.0
2,2,lr1e-05_bs8_drop0p4_temp1p0_a0p25_b0p05__wd1e-04trmiss0_degmodglobal,8,1e-05,0.0001,0.4,1.0,0.25,0.05,lr1e-05_bs8_drop0p4_temp1p0_a0p25_b0p05__wd1e-04trmiss0_degmodglobal,55,0.6444791214806693,0.6883699297904968,0.45000000000000007,0.6057921245421245,0.5384615384615384,0.0,0.5615446737834385,0.606202380997794,0.08814865776470729,0.32479184227330343,0.0,0.0,0.0,0.0,0.0,18473,global,0.0
2,2,lr1e-05_bs8_drop0p4_temp1p0_a0p25_b0p05__wd1e-04trmiss0_degmodglobal,8,1e-05,0.0001,0.4,1.0,0.25,0.05,lr1e-05_bs8_drop0p4_temp1p0_a0p25_b0p05__wd1e-04trmiss0_degmodglobal,56,0.6584265742983136,0.6864079833030701,0.5,0.6408435314685315,0.5384615384615384,0.0,0.5777391535895211,0.6277000308036804,0.08196534908243588,0.2047037790928568,0.0,0.0,0.0,0.0,0.0,18473,global,0.0
2,2,lr1e-05_bs8_drop0p4_temp1p0_a0p25_b0p05__wd1e-04trmiss0_degmodglobal,8,1e-05,0.0001,0.4,1.0,0.25,0.05,lr1e-05_bs8_drop0p4_temp1p0_a0p25_b0p05__wd1e-04trmiss0_degmodglobal,57,0.6620727351733616,0.684751570224762,0.5,0.6332542457542457,0.5384615384615384,0.0,0.5491785960538047,0.6300216572625297,0.07605346611567906,0.26075419783592224,0.0,0.0,0.0,0.0,0.0,18473,global,0.0
2,2,lr1e-05_bs8_drop0p4_temp1p0_a0p25_b0p05__wd1e-04trmiss0_degmodglobal,8,1e-05,0.0001,0.4,1.0,0.25,0.05,lr1e-05_bs8_drop0p4_temp1p0_a0p25_b0p05__wd1e-04trmiss0_degmodglobal,58,0.6447343485695975,0.6863892078399658,0.475,0.6124209124209123,0.5384615384615384,0.0,0.5905333416802543,0.6156841261046273,0.0750128807766097,0.20594012630837305,0.0,0.0,0.0,0.0,0.0,18473,global,0.0
2,2,lr1e-05_bs8_drop0p4_temp1p0_a0p25_b0p05__wd1e-04trmiss0_degmodglobal,8,1e-05,0.0001,0.4,1.0,0.25,0.05,lr1e-05_bs8_drop0p4_temp1p0_a0p25_b0p05__wd1e-04trmiss0_degmodglobal,59,0.646963724068233,0.6874766051769257,0.45,0.6154647435897436,0.5384615384615384,0.0,0.5798796926225934,0.6089011175291879,0.09762206247874669,0.2731420450976917,0.0,0.0,0.0,0.0,0.0,18473,global,0.0
2,2,lr1e-05_bs8_drop0p4_temp1p0_a0p25_b0p05__wd1e-04trmiss0_degmodglobal,8,1e-05,0.0001,0.4,1.0,0.25,0.05,lr1e-05_bs8_drop0p4_temp1p0_a0p25_b0p05__wd1e-04trmiss0_degmodglobal,60,0.6777983222688947,0.6882555782794952,0.5,0.6332542457542457,0.5384615384615384,0.0,0.5883586066109794,0.6460546595709664,0.07677626077617918,0.2509918532201222,0.0,0.0,0.0,0.0,0.0,18473,global,0.0
2,2,lr1e-05_bs8_drop0p4_temp1p0_a0p25_b0p05__wd1e-04trmiss0_degmodglobal,8,1e-05,0.0001,0.4,1.0,0.25,0.05,lr1e-05_bs8_drop0p4_temp1p0_a0p25_b0p05__wd1e-04trmiss0_degmodglobal,61,0.6566575425011771,0.6875123083591461,0.45,0.6154647435897436,0.6153846153846154,0.0,0.5596518771989005,0.6246764148984637,0.07662716933659144,0.2564867011138371,0.0,0.0,0.0,0.0,0.0,18473,global,0.0
2,2,lr1e-05_bs8_drop0p4_temp1p0_a0p25_b0p05__wd1e-04trmiss0_degmodglobal,8,1e-05,0.0001,0.4,1.0,0.25,0.05,lr1e-05_bs8_drop0p4_temp1p0_a0p25_b0p05__wd1e-04trmiss0_degmodglobal,62,0.648643033845084,0.6894575655460358,0.42500000000000004,0.5946314102564103,0.46153846153846156,0.0,0.5678354927471706,0.6210342986243111,0.06862909187163625,0.2090293722493308,0.0,0.0,0.0,0.0,0.0,18473,global,0.0
2,2,lr1e-05_bs8_drop0p4_temp1p0_a0p25_b0p05__wd1e-04trmiss0_degmodglobal,8,1e-05,0.0001,0.4,1.0,0.25,0.05,lr1e-05_bs8_drop0p4_temp1p0_a0p25_b0p05__wd1e-04trmiss0_degmodglobal,63,0.6611796872956412,0.6890135407447815,0.45,0.6154647435897436,0.5384615384615384,0.0,0.570098238331931,0.6318247999463763,0.07289593720010348,0.22261805087327957,0.0,0.0,0.0,0.0,0.0,18473,global,0.0
2,2,lr1e-05_bs8_drop0p4_temp1p0_a0p25_b0p05__wd1e-04trmiss0_degmodglobal,8,1e-05,0.0001,0.4,1.0,0.25,0.05,lr1e-05_bs8_drop0p4_temp1p0_a0p25_b0p05__wd1e-04trmiss0_degmodglobal,64,0.6583144409315926,0.6891694962978363,0.475,0.6124209124209123,0.5384615384615384,0.0,0.5700787050383431,0.6273905294282096,0.07842623868158885,0.226347060075828,0.0,0.0,0.0,0.0,0.0,18473,global,0.0
2,2,lr1e-05_bs8_drop0p4_temp1p0_a0p25_b0p05__wd1e-04trmiss0_degmodglobal,8,1e-05,0.0001,0.4,1.0,0.25,0.05,lr1e-05_bs8_drop0p4_temp1p0_a0p25_b0p05__wd1e-04trmiss0_degmodglobal,65,0.6207651666232518,0.6898709237575531,0.44999999999999996,0.6012601981351982,0.6153846153846154,0.0,0.5420264686856952,0.592673829623631,0.07551258908850807,0.1842637870992933,0.0,0.0,0.0,0.0,0.0,18473,global,0.0
2,2,lr1e-05_bs8_drop0p4_temp1p0_a0p25_b0p05__wd1e-04trmiss0_degmodglobal,8,1e-05,0.0001,0.4,1.0,0.25,0.05,lr1e-05_bs8_drop0p4_temp1p0_a0p25_b0p05__wd1e-04trmiss0_degmodglobal,66,0.6540475998606,0.6888007521629333,0.475,0.6124209124209123,0.6153846153846154,0.0,0.5863752620560783,0.6182505743844169,0.09974413684436254,0.21721993599619185,0.0,0.0,0.0,0.0,0.0,18473,global,0.0
2,2,lr1e-05_bs8_drop0p4_temp1p0_a0p25_b0p05__wd1e-04trmiss0_degmodglobal,8,1e-05,0.0001,0.4,1.0,0.25,0.05,lr1e-05_bs8_drop0p4_temp1p0_a0p25_b0p05__wd1e-04trmiss0_degmodglobal,67,0.6128472515514919,0.6875084340572357,0.47500000000000003,0.6266254578754579,0.6153846153846154,0.0,0.5590305924415588,0.5814931648118156,0.07649997196027211,0.2445819228887558,0.0,0.0,0.0,0.0,0.0,18473,global,0.0
2,2,lr1e-05_bs8_drop0p4_temp2p0_a0p25_b0p05__wd1e-04trmiss0_degmodglobal,8,1e-05,0.0001,0.4,2.0,0.25,0.05,lr1e-05_bs8_drop0p4_temp2p0_a0p25_b0p05__wd1e-04trmiss0_degmodglobal,1,0.733547568321228,0.7133612036705017,0.24999999999999997,0.5785374347874348,0.38461538461538464,0.0,0.693502392087664,0.7154756954738072,0.049039053597620556,0.11624213201659066,0.0,0.0,0.0,0.0,0.0,18473,global,0.0
2,2,lr1e-05_bs8_drop0p4_temp2p0_a0p25_b0p05__wd1e-04trmiss0_degmodglobal,8,1e-05,0.0001,0.4,2.0,0.25,0.05,lr1e-05_bs8_drop0p4_temp2p0_a0p25_b0p05__wd1e-04trmiss0_degmodglobal,2,0.6747778568949018,0.7169083952903748,0.24999999999999997,0.5785374347874348,0.3076923076923077,0.0,0.6893812077386039,0.651831294809069,0.06223657248275621,0.14774820847170694,0.0,0.0,0.0,0.0,0.0,18473,global,0.0
2,2,lr1e-05_bs8_drop0p4_temp2p0_a0p25_b0p05__wd1e-04trmiss0_degmodglobal,8,1e-05,0.0001,0.4,2.0,0.25,0.05,lr1e-05_bs8_drop0p4_temp2p0_a0p25_b0p05__wd1e-04trmiss0_degmodglobal,3,0.7042716571262905,0.7140341401100159,0.24999999999999997,0.5785374347874348,0.3076923076923077,0.0,0.6864158766610282,0.6878503475870404,0.044112631785018105,0.10786302786852632,0.0,0.0,0.0,0.0,0.0,18473,global,0.0
2,2,lr1e-05_bs8_drop0p4_temp2p0_a0p25_b0p05__wd1e-04trmiss0_degmodglobal,8,1e-05,0.0001,0.4,2.0,0.25,0.05,lr1e-05_bs8_drop0p4_temp2p0_a0p25_b0p05__wd1e-04trmiss0_degmodglobal,4,0.7221176794597081,0.7112544476985931,0.24999999999999997,0.5785374347874348,0.38461538461538464,0.0,0.6767932517187936,0.7019302589552743,0.05488076087619577,0.129344891756773,0.0,0.0,0.0,0.0,0.0,18473,global,0.0
2,2,lr1e-05_bs8_drop0p4_temp2p0_a0p25_b0p05__wd1e-04trmiss0_degmodglobal,8,1e-05,0.0001,0.4,2.0,0.25,0.05,lr1e-05_bs8_drop0p4_temp2p0_a0p25_b0p05__wd1e-04trmiss0_degmodglobal,5,0.7240210856710162,0.7082327604293823,0.275,0.5874660062160062,0.38461538461538464,0.0,0.6706909196717399,0.7017521858215332,0.05851951986551285,0.15278032954250062,0.0,0.0,0.0,0.0,0.0,18473,global,0.0
2,2,lr1e-05_bs8_drop0p4_temp2p0_a0p25_b0p05__wd1e-04trmiss0_degmodglobal,8,1e-05,0.0001,0.4,2.0,0.25,0.05,lr1e-05_bs8_drop0p4_temp2p0_a0p25_b0p05__wd1e-04trmiss0_degmodglobal,6,0.712792728628431,0.7071182131767273,0.3,0.5978556166056166,0.38461538461538464,0.0,0.6762647543634687,0.6902748261179242,0.057364906051329205,0.16353369610650198,0.0,0.0,0.0,0.0,0.0,18473,global,0.0
2,2,lr1e-05_bs8_drop0p4_temp2p0_a0p25_b0p05__wd1e-04trmiss0_degmodglobal,8,1e-05,0.0001,0.4,2.0,0.25,0.05,lr1e-05_bs8_drop0p4_temp2p0_a0p25_b0p05__wd1e-04trmiss0_degmodglobal,7,0.709127162184034,0.7020420134067535,0.35,0.6603556166056166,0.38461538461538464,0.0,0.6601813946451459,0.6895403265953064,0.0526458913726466,0.12850771312202727,0.0,0.0,0.0,0.0,0.0,18473,global,0.0
2,2,lr1e-05_bs8_drop0p4_temp2p0_a0p25_b0p05__wd1e-04trmiss0_degmodglobal,8,1e-05,0.0001,0.4,2.0,0.25,0.05,lr1e-05_bs8_drop0p4_temp2p0_a0p25_b0p05__wd1e-04trmiss0_degmodglobal,8,0.6981179118156433,0.6970351934432983,0.42500000000000004,0.6848415473415473,0.38461538461538464,0.0,0.6693119491849627,0.6731944254466465,0.06406561125602041,0.1781413725444249,0.0,0.0,0.0,0.0,0.0,18473,global,0.0
2,2,lr1e-05_bs8_drop0p4_temp2p0_a0p25_b0p05__wd1e-04trmiss0_degmodglobal,8,1e-05,0.0001,0.4,2.0,0.25,0.05,lr1e-05_bs8_drop0p4_temp2p0_a0p25_b0p05__wd1e-04trmiss0_degmodglobal,9,0.7029064638274056,0.696126401424408,0.5,0.7124323593073594,0.38461538461538464,0.0,0.638243956225259,0.6793163929666791,0.0655949456351144,0.14382695513112204,0.0,0.0,0.0,0.0,0.0,18473,global,0.0
2,2,lr1e-05_bs8_drop0p4_temp2p0_a0p25_b0p05__wd1e-04trmiss0_degmodglobal,8,1e-05,0.0001,0.4,2.0,0.25,0.05,lr1e-05_bs8_drop0p4_temp2p0_a0p25_b0p05__wd1e-04trmiss0_degmodglobal,10,0.7023292269025531,0.6922691762447357,0.5,0.7124323593073594,0.46153846153846156,0.0,0.6699295725141253,0.6816468494279044,0.056449794343539646,0.1313984819820949,0.0,0.0,0.0,0.0,0.0,18473,global,0.0
2,2,lr1e-05_bs8_drop0p4_temp2p0_a0p25_b0p05__wd1e-04trmiss0_degmodglobal,8,1e-05,0.0001,0.4,2.0,0.25,0.05,lr1e-05_bs8_drop0p4_temp2p0_a0p25_b0p05__wd1e-04trmiss0_degmodglobal,11,0.6899084959711347,0.6980336010456085,0.475,0.6707656926406926,0.46153846153846156,0.0,0.6602034057889666,0.6687894889286586,0.05107139476708004,0.1670229397714138,0.0,0.0,0.0,0.0,0.0,18473,global,0.0
2,2,lr1e-05_bs8_drop0p4_temp2p0_a0p25_b0p05__wd1e-04trmiss0_degmodglobal,8,1e-05,0.0001,0.4,2.0,0.25,0.05,lr1e-05_bs8_drop0p4_temp2p0_a0p25_b0p05__wd1e-04trmiss0_degmodglobal,12,0.6976023316383362,0.6972756385803223,0.525,0.7207656926406927,0.46153846153846156,0.0,0.6560191512107849,0.6752618891852242,0.06329217978886195,0.13034786390406744,0.0,0.0,0.0,0.0,0.0,18473,global,0.0
2,2,lr1e-05_bs8_drop0p4_temp2p0_a0p25_b0p05__wd1e-04trmiss0_degmodglobal,8,1e-05,0.0001,0.4,2.0,0.25,0.05,lr1e-05_bs8_drop0p4_temp2p0_a0p25_b0p05__wd1e-04trmiss0_degmodglobal,13,0.6708165747778756,0.6995277106761932,0.475,0.6165990259740259,0.38461538461538464,0.0,0.6373123356274196,0.6463667154312134,0.06525420610393796,0.16272602496402605,0.0,0.0,0.0,0.0,0.0,18473,global,0.0
2,2,lr1e-05_bs8_drop0p4_temp2p0_a0p25_b0p05__wd1e-04trmiss0_degmodglobal,8,1e-05,0.0001,0.4,2.0,0.25,0.05,lr1e-05_bs8_drop0p4_temp2p0_a0p25_b0p05__wd1e-04trmiss0_degmodglobal,14,0.6865441884313311,0.7002587914466858,0.475,0.6582656926406927,0.38461538461538464,0.0,0.6464539510863168,0.6652286648750305,0.05243153949933393,0.16415260199989593,0.0,0.0,0.0,0.0,0.0,18473,global,0.0
2,2,lr1e-05_bs8_drop0p4_temp2p0_a0p25_b0p05__wd1e-04trmiss0_degmodglobal,8,1e-05,0.0001,0.4,2.0,0.25,0.05,lr1e-05_bs8_drop0p4_temp2p0_a0p25_b0p05__wd1e-04trmiss0_degmodglobal,15,0.6488492574010577,0.6992333233356476,0.5,0.6112959956709956,0.38461538461538464,0.0,0.6727607846260071,0.6275531308991569,0.05444868707231113,0.1536791973880359,0.0,0.0,0.0,0.0,0.0,18473,global,0.0
2,2,lr1e-05_bs8_drop0p4_temp2p0_a0p25_b0p05__wd1e-04trmiss0_degmodglobal,8,1e-05,0.0001,0.4,2.0,0.25,0.05,lr1e-05_bs8_drop0p4_temp2p0_a0p25_b0p05__wd1e-04trmiss0_degmodglobal,16,0.6590307014329093,0.7015977799892426,0.475,0.5947916666666666,0.46153846153846156,0.0,0.6551415920257568,0.6388141598020282,0.05480375673089709,0.13031166259731566,0.0,0.0,0.0,0.0,0.0,18473,global,0.0
2,2,lr1e-05_bs8_drop0p4_temp2p0_a0p25_b0p05__wd1e-04trmiss0_degmodglobal,8,1e-05,0.0001,0.4,2.0,0.25,0.05,lr1e-05_bs8_drop0p4_temp2p0_a0p25_b0p05__wd1e-04trmiss0_degmodglobal,17,0.670782915183476,0.7006018757820129,0.5,0.6023674242424242,0.46153846153846156,0.0,0.6500105091503688,0.653285026550293,0.05025243493063109,0.09869530690567833,0.0,0.0,0.0,0.0,0.0,18473,global,0.0
2,2,lr1e-05_bs8_drop0p4_temp2p0_a0p25_b0p05__wd1e-04trmiss0_degmodglobal,8,1e-05,0.0001,0.4,2.0,0.25,0.05,lr1e-05_bs8_drop0p4_temp2p0_a0p25_b0p05__wd1e-04trmiss0_degmodglobal,18,0.6672401853970119,0.7009728848934174,0.5,0.6023674242424242,0.5384615384615384,0.0,0.6647618327822004,0.6437061684472221,0.058570564325366704,0.17782740028841154,0.0,0.0,0.0,0.0,0.0,18473,global,0.0
2,2,lr1e-05_bs8_drop0p4_temp2p0_a0p25_b0p05__wd1e-04trmiss0_degmodglobal,8,1e-05,0.0001,0.4,2.0,0.25,0.05,lr1e-05_bs8_drop0p4_temp2p0_a0p25_b0p05__wd1e-04trmiss0_degmodglobal,19,0.658960359437125,0.6976894438266754,0.525,0.6135281385281385,0.5384615384615384,0.0,0.6475612946919033,0.6388066325868879,0.05511800731931414,0.1274844812495368,0.0,0.0,0.0,0.0,0.0,18473,global,0.0
2,2,lr1e-05_bs8_drop0p4_temp2p0_a0p25_b0p05__wd1e-04trmiss0_degmodglobal,8,1e-05,0.0001,0.4,2.0,0.25,0.05,lr1e-05_bs8_drop0p4_temp2p0_a0p25_b0p05__wd1e-04trmiss0_degmodglobal,20,0.6765393699918475,0.6978450119495392,0.525,0.6135281385281385,0.6153846153846154,0.0,0.6637040206364223,0.6538557154791695,0.06226882551397596,0.14232881047895976,0.0,0.0,0.0,0.0,0.0,18473,global,0.0
2,2,lr1e-05_bs8_drop0p4_temp2p0_a0p25_b0p05__wd1e-04trmiss0_degmodglobal,8,1e-05,0.0001,0.4,2.0,0.25,0.05,lr1e-05_bs8_drop0p4_temp2p0_a0p25_b0p05__wd1e-04trmiss0_degmodglobal,21,0.6738296917506627,0.6952659785747528,0.525,0.6135281385281385,0.6153846153846154,0.0,0.6534696987697056,0.6487352252006531,0.06258416814463479,0.1889687404036522,0.0,0.0,0.0,0.0,0.0,18473,global,0.0
2,2,lr1e-05_bs8_drop0p4_temp2p0_a0p25_b0p05__wd1e-04trmiss0_degmodglobal,8,1e-05,0.0001,0.4,2.0,0.25,0.05,lr1e-05_bs8_drop0p4_temp2p0_a0p25_b0p05__wd1e-04trmiss0_degmodglobal,22,0.671231916972569,0.6924670040607452,0.525,0.6135281385281385,0.5384615384615384,0.0,0.6445976069995335,0.6468155469213214,0.06330529174634389,0.1718009731599263,0.0,0.0,0.0,0.0,0.0,18473,global,0.0
2,2,lr1e-05_bs8_drop0p4_temp2p0_a0p25_b0p05__wd1e-04trmiss0_degmodglobal,8,1e-05,0.0001,0.4,2.0,0.25,0.05,lr1e-05_bs8_drop0p4_temp2p0_a0p25_b0p05__wd1e-04trmiss0_degmodglobal,23,0.6618840438979012,0.6933864951133728,0.5,0.6023674242424242,0.5384615384615384,0.0,0.6222735983984811,0.6419716051646641,0.0491597873291799,0.15244973078370094,0.0,0.0,0.0,0.0,0.0,18473,global,0.0
2,2,lr1e-05_bs8_drop0p4_temp2p0_a0p25_b0p05__wd1e-04trmiss0_degmodglobal,8,1e-05,0.0001,0.4,2.0,0.25,0.05,lr1e-05_bs8_drop0p4_temp2p0_a0p25_b0p05__wd1e-04trmiss0_degmodglobal,24,0.6658949851989746,0.6920323371887207,0.5,0.6023674242424242,0.5384615384615384,0.0,0.641367529119764,0.6462025472096035,0.05164805427193642,0.13560810472284043,0.0,0.0,0.0,0.0,0.0,18473,global,0.0
2,2,lr1e-05_bs8_drop0p4_temp2p0_a0p25_b0p05__wd1e-04trmiss0_degmodglobal,8,1e-05,0.0001,0.4,2.0,0.25,0.05,lr1e-05_bs8_drop0p4_temp2p0_a0p25_b0p05__wd1e-04trmiss0_degmodglobal,25,0.6241123931748527,0.6897941827774048,0.5,0.6023674242424242,0.5384615384615384,0.0,0.6351799283708844,0.6043860912322998,0.05661726264016969,0.11143988903079714,0.0,0.0,0.0,0.0,0.0,18473,global,0.0
2,2,lr1e-05_bs8_drop0p4_temp2p0_a0p25_b0p05__wd1e-04trmiss0_degmodglobal,8,1e-05,0.0001,0.4,2.0,0.25,0.05,lr1e-05_bs8_drop0p4_temp2p0_a0p25_b0p05__wd1e-04trmiss0_degmodglobal,26,0.6404778020722526,0.68858203291893,0.5,0.6023674242424242,0.5384615384615384,0.0,0.6263571807316372,0.6145801586764199,0.06851207571370262,0.1753923658813749,0.0,0.0,0.0,0.0,0.0,18473,global,0.0
2,2,lr1e-05_bs8_drop0p4_temp2p0_a0p25_b0p05__wd1e-04trmiss0_degmodglobal,8,1e-05,0.0001,0.4,2.0,0.25,0.05,lr1e-05_bs8_drop0p4_temp2p0_a0p25_b0p05__wd1e-04trmiss0_degmodglobal,27,0.6230072464261737,0.6912733018398285,0.475,0.5947916666666666,0.46153846153846156,0.0,0.5956552113805499,0.6005123598234994,0.06669304892420769,0.11643249009336744,0.0,0.0,0.0,0.0,0.0,18473,global,0.0
2,2,lr1e-05_bs8_drop0p4_temp2p0_a0p25_b0p05__wd1e-04trmiss0_degmodglobal,8,1e-05,0.0001,0.4,2.0,0.25,0.05,lr1e-05_bs8_drop0p4_temp2p0_a0p25_b0p05__wd1e-04trmiss0_degmodglobal,28,0.6540925417627607,0.6959094405174255,0.475,0.5947916666666666,0.46153846153846156,0.0,0.6151529124804905,0.6348504934992109,0.056604372071368356,0.10181916398661477,0.0,0.0,0.0,0.0,0.0,18473,global,0.0
2,2,lr1e-05_bs8_drop0p4_temp2p0_a0p25_b0p05__wd1e-04trmiss0_degmodglobal,8,1e-05,0.0001,0.4,2.0,0.25,0.05,lr1e-05_bs8_drop0p4_temp2p0_a0p25_b0p05__wd1e-04trmiss0_degmodglobal,29,0.6179684570857457,0.6959206461906433,0.475,0.5947916666666666,0.46153846153846156,0.0,0.6187028970037188,0.5945953897067479,0.0706913795854364,0.1140044177217143,0.0,0.0,0.0,0.0,0.0,18473,global,0.0
2,2,lr1e-05_bs8_drop0p4_temp2p0_a0p25_b0p05__wd1e-04trmiss0_degmodglobal,8,1e-05,0.0001,0.4,2.0,0.25,0.05,lr1e-05_bs8_drop0p4_temp2p0_a0p25_b0p05__wd1e-04trmiss0_degmodglobal,30,0.6463316253253392,0.6956911683082581,0.475,0.5947916666666666,0.5384615384615384,0.0,0.6424880708966937,0.6169288499014718,0.07890337758830615,0.19353856572083064,0.0,0.0,0.0,0.0,0.0,18473,global,0.0
2,2,lr1e-05_bs8_drop0p4_temp2p0_a0p25_b0p05__wd1e-04trmiss0_degmodglobal,8,1e-05,0.0001,0.4,2.0,0.25,0.05,lr1e-05_bs8_drop0p4_temp2p0_a0p25_b0p05__wd1e-04trmiss0_degmodglobal,31,0.6518214515277317,0.6987307965755463,0.5,0.6023674242424242,0.5384615384615384,0.0,0.6315424271992275,0.6265903285571507,0.07355151644774846,0.13686466802443778,0.0,0.0,0.0,0.0,0.0,18473,global,0.0
2,2,lr1e-05_bs8_drop0p4_temp2p0_a0p25_b0p05__wd1e-04trmiss0_degmodglobal,8,1e-05,0.0001,0.4,2.0,0.25,0.05,lr1e-05_bs8_drop0p4_temp2p0_a0p25_b0p05__wd1e-04trmiss0_degmodglobal,32,0.6617683087076459,0.700524628162384,0.5,0.6023674242424242,0.5384615384615384,0.0,0.6212201544216701,0.6365326642990112,0.07316266585673604,0.13889951245593174,0.0,0.0,0.0,0.0,0.0,18473,global,0.0
2,2,lr1e-05_bs8_drop0p4_temp2p0_a0p25_b0p05__wd1e-04trmiss0_degmodglobal,8,1e-05,0.0001,0.4,2.0,0.25,0.05,lr1e-05_bs8_drop0p4_temp2p0_a0p25_b0p05__wd1e-04trmiss0_degmodglobal,33,0.632940011365073,0.6999589800834656,0.5,0.6023674242424242,0.5384615384615384,0.0,0.597653159073421,0.6081978167806353,0.06620824124131884,0.16380271315574646,0.0,0.0,0.0,0.0,0.0,18473,global,0.0
2,2,lr1e-05_bs8_drop0p4_temp2p0_a0p25_b0p05__wd1e-04trmiss0_degmodglobal,8,1e-05,0.0001,0.4,2.0,0.25,0.05,lr1e-05_bs8_drop0p4_temp2p0_a0p25_b0p05__wd1e-04trmiss0_degmodglobal,34,0.6401697397232056,0.6961891055107117,0.525,0.6135281385281385,0.5384615384615384,0.0,0.6140552929469517,0.6158765043531146,0.07514608917491776,0.11013391055166721,0.0,0.0,0.0,0.0,0.0,18473,global,0.0
2,2,lr1e-05_bs8_drop0p4_temp2p0_a0p25_b0p05__wd1e-04trmiss0_degmodglobal,8,1e-05,0.0001,0.4,2.0,0.25,0.05,lr1e-05_bs8_drop0p4_temp2p0_a0p25_b0p05__wd1e-04trmiss0_degmodglobal,35,0.663457487310682,0.6947861015796661,0.5,0.6023674242424242,0.5384615384615384,0.0,0.6237590312957764,0.6394302759851728,0.06273887146796499,0.16684994846582413,0.0,0.0,0.0,0.0,0.0,18473,global,0.0
2,2,lr1e-05_bs8_drop0p4_temp2p0_a0p25_b0p05__wd1e-04trmiss0_degmodglobal,8,1e-05,0.0001,0.4,2.0,0.25,0.05,lr1e-05_bs8_drop0p4_temp2p0_a0p25_b0p05__wd1e-04trmiss0_degmodglobal,36,0.6455437541007996,0.693122386932373,0.525,0.6135281385281385,0.5384615384615384,0.0,0.6162144371441433,0.6152508684567043,0.0838600860110351,0.18655724823474884,0.0,0.0,0.0,0.0,0.0,18473,global,0.0
2,2,lr1e-05_bs8_drop0p4_temp2p0_a0p25_b0p05__wd1e-04trmiss0_degmodglobal,8,1e-05,0.0001,0.4,2.0,0.25,0.05,lr1e-05_bs8_drop0p4_temp2p0_a0p25_b0p05__wd1e-04trmiss0_degmodglobal,37,0.6377625039645604,0.6943466067314148,0.525,0.6135281385281385,0.5384615384615384,0.0,0.6158561195646014,0.6152888536453247,0.06450764728443963,0.12693464649575098,0.0,0.0,0.0,0.0,0.0,18473,global,0.0
2,2,lr1e-05_bs8_drop0p4_temp2p0_a0p25_b0p05__wd1e-04trmiss0_degmodglobal,8,1e-05,0.0001,0.4,2.0,0.25,0.05,lr1e-05_bs8_drop0p4_temp2p0_a0p25_b0p05__wd1e-04trmiss0_degmodglobal,38,0.6558215618133545,0.6962611377239227,0.525,0.6135281385281385,0.5384615384615384,0.0,0.570356194462095,0.630048760346004,0.06639126581805092,0.18349949483360564,0.0,0.0,0.0,0.0,0.0,18473,global,0.0
2,2,lr1e-05_bs8_drop0p4_temp2p0_a0p25_b0p05__wd1e-04trmiss0_degmodglobal,8,1e-05,0.0001,0.4,2.0,0.25,0.05,lr1e-05_bs8_drop0p4_temp2p0_a0p25_b0p05__wd1e-04trmiss0_degmodglobal,39,0.6493625726018634,0.6958624124526978,0.5,0.6023674242424242,0.5384615384615384,0.0,0.6015403611319405,0.62535217830113,0.06473656264798981,0.1565248551113265,0.0,0.0,0.0,0.0,0.0,18473,global,0.0
2,2,lr1e-05_bs8_drop0p4_temp2p0_a0p25_b0p05__wd1e-04trmiss0_degmodglobal,8,1e-05,0.0001,0.4,2.0,0.25,0.05,lr1e-05_bs8_drop0p4_temp2p0_a0p25_b0p05__wd1e-04trmiss0_degmodglobal,40,0.647490382194519,0.6957232058048248,0.5,0.6023674242424242,0.5384615384615384,0.0,0.5960014547620501,0.6259387305804661,0.06027360473360334,0.12966490536928177,0.0,0.0,0.0,0.0,0.0,18473,global,0.0
2,2,lr1e-05_bs8_drop0p4_temp2p0_a0p25_b0p05__wd1e-04trmiss0_degmodglobal,8,1e-05,0.0001,0.4,2.0,0.25,0.05,lr1e-05_bs8_drop0p4_temp2p0_a0p25_b0p05__wd1e-04trmiss0_degmodglobal,41,0.6250548533030919,0.6956949234008789,0.5,0.6023674242424242,0.5384615384615384,0.0,0.5970268675259182,0.5963077034269061,0.0810816724385534,0.16953463852405548,0.0,0.0,0.0,0.0,0.0,18473,global,0.0
2,2,lr1e-05_bs8_drop0p4_temp2p0_a0p25_b0p05__wd1e-04trmiss0_degmodglobal,8,1e-05,0.0001,0.4,2.0,0.25,0.05,lr1e-05_bs8_drop0p4_temp2p0_a0p25_b0p05__wd1e-04trmiss0_degmodglobal,42,0.6650133728981018,0.6957355439662933,0.5,0.6023674242424242,0.5384615384615384,0.0,0.5753920418875558,0.6363003935132708,0.07857143293534007,0.18140232243708201,0.0,0.0,0.0,0.0,0.0,18473,global,0.0
2,2,lr1e-04_bs16_drop0p2_temp1p0_a0p25_b0p05__wd1e-04trmiss0_degmodglobal,16,0.0001,0.0001,0.2,1.0,0.25,0.05,lr1e-04_bs16_drop0p2_temp1p0_a0p25_b0p05__wd1e-04trmiss0_degmodglobal,1,0.7407290488481522,0.6696184873580933,0.5,0.7224587912087912,0.6153846153846154,0.0,0.7025158852338791,0.6988731473684311,0.10390540398657322,0.3175905793905258,0.0,0.0,0.0,0.0,0.0,18473,global,0.0
2,2,lr1e-04_bs16_drop0p2_temp1p0_a0p25_b0p05__wd1e-04trmiss0_degmodglobal,16,0.0001,0.0001,0.2,1.0,0.25,0.05,lr1e-04_bs16_drop0p2_temp1p0_a0p25_b0p05__wd1e-04trmiss0_degmodglobal,2,0.6377617120742798,0.6644188165664673,0.5499999999999999,0.7478375790875791,0.6153846153846154,0.0,0.6573582738637924,0.608858734369278,0.0744045041501522,0.20603691786527634,0.0,0.0,0.0,0.0,0.0,18473,global,0.0
2,2,lr1e-04_bs16_drop0p2_temp1p0_a0p25_b0p05__wd1e-04trmiss0_degmodglobal,16,0.0001,0.0001,0.2,1.0,0.25,0.05,lr1e-04_bs16_drop0p2_temp1p0_a0p25_b0p05__wd1e-04trmiss0_degmodglobal,3,0.6206981390714645,0.6603056788444519,0.5249999999999999,0.7344065656565657,0.6153846153846154,0.0,0.6159065365791321,0.5870857238769531,0.08566470630466938,0.24392437189817429,0.0,0.0,0.0,0.0,0.0,18473,global,0.0
2,2,lr1e-04_bs16_drop0p2_temp1p0_a0p25_b0p05__wd1e-04trmiss0_degmodglobal,16,0.0001,0.0001,0.2,1.0,0.25,0.05,lr1e-04_bs16_drop0p2_temp1p0_a0p25_b0p05__wd1e-04trmiss0_degmodglobal,4,0.6156788468360901,0.6558682322502136,0.5249999999999999,0.7311823593073593,0.6153846153846154,0.0,0.5840091854333878,0.584275558590889,0.07756534311920404,0.2402384988963604,0.0,0.0,0.0,0.0,0.0,18473,global,0.0
2,2,lr1e-04_bs16_drop0p2_temp1p0_a0p25_b0p05__wd1e-04trmiss0_degmodglobal,16,0.0001,0.0001,0.2,1.0,0.25,0.05,lr1e-04_bs16_drop0p2_temp1p0_a0p25_b0p05__wd1e-04trmiss0_degmodglobal,5,0.62401382625103,0.6584040522575378,0.5,0.692739898989899,0.6153846153846154,0.0,0.5866712629795074,0.58852219581604,0.08663707412779331,0.27664709836244583,0.0,0.0,0.0,0.0,0.0,18473,global,0.0
2,2,lr1e-04_bs16_drop0p2_temp1p0_a0p25_b0p05__wd1e-04trmiss0_degmodglobal,16,0.0001,0.0001,0.2,1.0,0.25,0.05,lr1e-04_bs16_drop0p2_temp1p0_a0p25_b0p05__wd1e-04trmiss0_degmodglobal,6,0.600776806473732,0.6605079770088196,0.5,0.692739898989899,0.6923076923076923,0.0,0.5743584334850311,0.5652349442243576,0.09157048724591732,0.25298429653048515,0.0,0.0,0.0,0.0,0.0,18473,global,0.0
2,2,lr1e-04_bs16_drop0p2_temp1p0_a0p25_b0p05__wd1e-04trmiss0_degmodglobal,16,0.0001,0.0001,0.2,1.0,0.25,0.05,lr1e-04_bs16_drop0p2_temp1p0_a0p25_b0p05__wd1e-04trmiss0_degmodglobal,7,0.5841448903083801,0.6639759540557861,0.5,0.692739898989899,0.6153846153846154,0.0,0.556812047958374,0.5507469475269318,0.08416574634611607,0.24713030830025673,0.0,0.0,0.0,0.0,0.0,18473,global,0.0
2,2,lr1e-04_bs16_drop0p2_temp1p0_a0p25_b0p05__wd1e-04trmiss0_degmodglobal,16,0.0001,0.0001,0.2,1.0,0.25,0.05,lr1e-04_bs16_drop0p2_temp1p0_a0p25_b0p05__wd1e-04trmiss0_degmodglobal,8,0.5731683075428009,0.6640710830688477,0.475,0.673989898989899,0.6153846153846154,0.0,0.5488311052322388,0.5449097603559494,0.07409079279750586,0.19471663609147072,0.0,0.0,0.0,0.0,0.0,18473,global,0.0
2,2,lr1e-04_bs16_drop0p2_temp1p0_a0p25_b0p05__wd1e-04trmiss0_degmodglobal,16,0.0001,0.0001,0.2,1.0,0.25,0.05,lr1e-04_bs16_drop0p2_temp1p0_a0p25_b0p05__wd1e-04trmiss0_degmodglobal,9,0.5666025727987289,0.6649490594863892,0.5,0.692739898989899,0.6153846153846154,0.0,0.5522446781396866,0.5383298844099045,0.08161901496350765,0.15735847409814596,0.0,0.0,0.0,0.0,0.0,18473,global,0.0
2,2,lr1e-04_bs16_drop0p2_temp1p0_a0p25_b0p05__wd1e-04trmiss0_degmodglobal,16,0.0001,0.0001,0.2,1.0,0.25,0.05,lr1e-04_bs16_drop0p2_temp1p0_a0p25_b0p05__wd1e-04trmiss0_degmodglobal,10,0.5774147808551788,0.6672641038894653,0.475,0.6762601981351981,0.6153846153846154,0.0,0.5425086170434952,0.5502398312091827,0.07534389290958643,0.16677936539053917,0.0,0.0,0.0,0.0,0.0,18473,global,0.0
2,2,lr1e-04_bs16_drop0p2_temp1p0_a0p25_b0p05__wd1e-04trmiss0_degmodglobal,16,0.0001,0.0001,0.2,1.0,0.25,0.05,lr1e-04_bs16_drop0p2_temp1p0_a0p25_b0p05__wd1e-04trmiss0_degmodglobal,11,0.565791442990303,0.6675102710723877,0.49999999999999994,0.6874209124209124,0.6153846153846154,0.0,0.5436609983444214,0.5369199961423874,0.07914543524384499,0.1817018948495388,0.0,0.0,0.0,0.0,0.0,18473,global,0.0
2,2,lr1e-04_bs16_drop0p2_temp1p0_a0p25_b0p05__wd1e-04trmiss0_degmodglobal,16,0.0001,0.0001,0.2,1.0,0.25,0.05,lr1e-04_bs16_drop0p2_temp1p0_a0p25_b0p05__wd1e-04trmiss0_degmodglobal,12,0.5500127971172333,0.6689843535423279,0.5,0.6749209124209123,0.6153846153846154,0.0,0.5356628894805908,0.5241555273532867,0.07101896777749062,0.1620507948100567,0.0,0.0,0.0,0.0,0.0,18473,global,0.0
2,2,lr1e-04_bs16_drop0p2_temp1p0_a0p25_b0p05__wd1e-04trmiss0_degmodglobal,16,0.0001,0.0001,0.2,1.0,0.25,0.05,lr1e-04_bs16_drop0p2_temp1p0_a0p25_b0p05__wd1e-04trmiss0_degmodglobal,13,0.562978520989418,0.6693169474601746,0.5,0.6749209124209123,0.6153846153846154,0.0,0.525372177362442,0.5346246734261513,0.08295864053070545,0.1522837821394205,0.0,0.0,0.0,0.0,0.0,18473,global,0.0
2,2,lr1e-04_bs16_drop0p2_temp1p0_a0p25_b0p05__wd1e-04trmiss0_degmodglobal,16,0.0001,0.0001,0.2,1.0,0.25,0.05,lr1e-04_bs16_drop0p2_temp1p0_a0p25_b0p05__wd1e-04trmiss0_degmodglobal,14,0.5644130110740662,0.6702222228050232,0.5,0.6749209124209123,0.6153846153846154,0.0,0.5040280818939209,0.5328565984964371,0.08777190931141376,0.1922685168683529,0.0,0.0,0.0,0.0,0.0,18473,global,0.0
2,2,lr1e-04_bs16_drop0p2_temp1p0_a0p25_b0p05__wd1e-04trmiss0_degmodglobal,16,0.0001,0.0001,0.2,1.0,0.25,0.05,lr1e-04_bs16_drop0p2_temp1p0_a0p25_b0p05__wd1e-04trmiss0_degmodglobal,15,0.5500657111406326,0.6666671633720398,0.5,0.6749209124209123,0.6153846153846154,0.0,0.527837410569191,0.5198622569441795,0.0816509434953332,0.19581427052617073,0.0,0.0,0.0,0.0,0.0,18473,global,0.0
2,2,lr1e-04_bs16_drop0p2_temp1p0_a0p25_b0p05__wd1e-04trmiss0_degmodglobal,16,0.0001,0.0001,0.2,1.0,0.25,0.05,lr1e-04_bs16_drop0p2_temp1p0_a0p25_b0p05__wd1e-04trmiss0_degmodglobal,16,0.5349914282560349,0.6656900644302368,0.49999999999999994,0.6701704545454545,0.6153846153846154,0.0,0.503381535410881,0.5030457973480225,0.09105315618216991,0.1836472786962986,0.0,0.0,0.0,0.0,0.0,18473,global,0.0
2,2,lr1e-04_bs16_drop0p2_temp1p0_a0p25_b0p05__wd1e-04trmiss0_degmodglobal,16,0.0001,0.0001,0.2,1.0,0.25,0.05,lr1e-04_bs16_drop0p2_temp1p0_a0p25_b0p05__wd1e-04trmiss0_degmodglobal,17,0.5602643042802811,0.6659438014030457,0.49999999999999994,0.6701704545454545,0.6923076923076923,0.0,0.5181213915348053,0.5305857434868813,0.0830497033894062,0.17832212522625923,0.0,0.0,0.0,0.0,0.0,18473,global,0.0
2,2,lr1e-04_bs16_drop0p2_temp1p0_a0p25_b0p05__wd1e-04trmiss0_degmodglobal,16,0.0001,0.0001,0.2,1.0,0.25,0.05,lr1e-04_bs16_drop0p2_temp1p0_a0p25_b0p05__wd1e-04trmiss0_degmodglobal,18,0.575661912560463,0.6676427721977234,0.49999999999999994,0.6701704545454545,0.6153846153846154,0.0,0.5259906202554703,0.5452875792980194,0.08128564804792404,0.20105859637260437,0.0,0.0,0.0,0.0,0.0,18473,global,0.0
2,2,lr1e-04_bs16_drop0p2_temp1p0_a0p25_b0p05__wd1e-04trmiss0_degmodglobal,16,0.0001,0.0001,0.2,1.0,0.25,0.05,lr1e-04_bs16_drop0p2_temp1p0_a0p25_b0p05__wd1e-04trmiss0_degmodglobal,19,0.5245920419692993,0.6681575775146484,0.49999999999999994,0.6701704545454545,0.6153846153846154,0.0,0.5344111323356628,0.4935631826519966,0.08949064649641514,0.17312366142868996,0.0,0.0,0.0,0.0,0.0,18473,global,0.0
2,2,lr1e-04_bs16_drop0p2_temp1p0_a0p25_b0p05__wd1e-04trmiss0_degmodglobal,16,0.0001,0.0001,0.2,1.0,0.25,0.05,lr1e-04_bs16_drop0p2_temp1p0_a0p25_b0p05__wd1e-04trmiss0_degmodglobal,20,0.5331862345337868,0.6659701466560364,0.49999999999999994,0.6701704545454545,0.6153846153846154,0.0,0.5265984535217285,0.5065890029072762,0.07663461100310087,0.14877164736390114,0.0,0.0,0.0,0.0,0.0,18473,global,0.0
2,2,lr1e-04_bs16_drop0p2_temp1p0_a0p25_b0p05__wd1e-04trmiss0_degmodglobal,16,0.0001,0.0001,0.2,1.0,0.25,0.05,lr1e-04_bs16_drop0p2_temp1p0_a0p25_b0p05__wd1e-04trmiss0_degmodglobal,21,0.5252555161714554,0.6665507555007935,0.49999999999999994,0.6701704545454545,0.6153846153846154,0.0,0.5296091064810753,0.49840643256902695,0.07383748330175877,0.16779428347945213,0.0,0.0,0.0,0.0,0.0,18473,global,0.0
2,2,lr1e-04_bs16_drop0p2_temp1p0_a0p25_b0p05__wd1e-04trmiss0_degmodglobal,16,0.0001,0.0001,0.2,1.0,0.25,0.05,lr1e-04_bs16_drop0p2_temp1p0_a0p25_b0p05__wd1e-04trmiss0_degmodglobal,22,0.5260456278920174,0.6661277413368225,0.49999999999999994,0.6701704545454545,0.6153846153846154,0.0,0.5240146219730377,0.494604229927063,0.08402026630938053,0.2087264098227024,0.0,0.0,0.0,0.0,0.0,18473,global,0.0
2,2,lr1e-04_bs16_drop0p2_temp1p0_a0p25_b0p05__wd1e-04trmiss0_degmodglobal,16,0.0001,0.0001,0.2,1.0,0.25,0.05,lr1e-04_bs16_drop0p2_temp1p0_a0p25_b0p05__wd1e-04trmiss0_degmodglobal,23,0.5362005606293678,0.6651625037193298,0.49999999999999994,0.6701704545454545,0.6153846153846154,0.0,0.4928365498781204,0.5045085027813911,0.09070536214858294,0.18031409289687872,0.0,0.0,0.0,0.0,0.0,18473,global,0.0
2,2,lr1e-04_bs16_drop0p2_temp1p0_a0p25_b0p05__wd1e-04trmiss0_degmodglobal,16,0.0001,0.0001,0.2,1.0,0.25,0.05,lr1e-04_bs16_drop0p2_temp1p0_a0p25_b0p05__wd1e-04trmiss0_degmodglobal,24,0.5249278545379639,0.6659905314445496,0.49999999999999994,0.6701704545454545,0.6153846153846154,0.0,0.4788546785712242,0.49694567173719406,0.08366980589926243,0.14129456505179405,0.0,0.0,0.0,0.0,0.0,18473,global,0.0
2,2,lr1e-04_bs16_drop0p2_temp1p0_a0p25_b0p05__wd1e-04trmiss0_degmodglobal,16,0.0001,0.0001,0.2,1.0,0.25,0.05,lr1e-04_bs16_drop0p2_temp1p0_a0p25_b0p05__wd1e-04trmiss0_degmodglobal,25,0.5599559992551804,0.6667189598083496,0.49999999999999994,0.6701704545454545,0.6153846153846154,0.0,0.4864462912082672,0.5261564776301384,0.0991708543151617,0.18013608269393444,0.0,0.0,0.0,0.0,0.0,18473,global,0.0
2,2,lr1e-04_bs16_drop0p2_temp2p0_a0p25_b0p05__wd1e-04trmiss0_degmodglobal,16,0.0001,0.0001,0.2,2.0,0.25,0.05,lr1e-04_bs16_drop0p2_temp2p0_a0p25_b0p05__wd1e-04trmiss0_degmodglobal,1,0.6713486760854721,0.6642960906028748,0.775,0.895021645021645,0.6153846153846154,0.0,0.7001982629299164,0.6581643968820572,0.030823640525341034,0.10956809483468533,0.0,0.0,0.0,0.0,0.0,18473,global,0.0
2,2,lr1e-04_bs16_drop0p2_temp2p0_a0p25_b0p05__wd1e-04trmiss0_degmodglobal,16,0.0001,0.0001,0.2,2.0,0.25,0.05,lr1e-04_bs16_drop0p2_temp2p0_a0p25_b0p05__wd1e-04trmiss0_degmodglobal,2,0.685661181807518,0.6548048853874207,0.775,0.895021645021645,0.6153846153846154,0.0,0.6246689409017563,0.6680925935506821,0.04438146110624075,0.12946469336748123,0.0,0.0,0.0,0.0,0.0,18473,global,0.0
2,2,lr1e-04_bs16_drop0p2_temp2p0_a0p25_b0p05__wd1e-04trmiss0_degmodglobal,16,0.0001,0.0001,0.2,2.0,0.25,0.05,lr1e-04_bs16_drop0p2_temp2p0_a0p25_b0p05__wd1e-04trmiss0_degmodglobal,3,0.659676805138588,0.6480482816696167,0.775,0.895021645021645,0.6153846153846154,0.0,0.6402422189712524,0.6426574736833572,0.04393908055499196,0.1206907294690609,0.0,0.0,0.0,0.0,0.0,18473,global,0.0
2,2,lr1e-04_bs16_drop0p2_temp2p0_a0p25_b0p05__wd1e-04trmiss0_degmodglobal,16,0.0001,0.0001,0.2,2.0,0.25,0.05,lr1e-04_bs16_drop0p2_temp2p0_a0p25_b0p05__wd1e-04trmiss0_degmodglobal,4,0.6300380527973175,0.6440459489822388,0.75,0.8791666666666667,0.6153846153846154,0.0,0.6128789484500885,0.6115342229604721,0.04352286783978343,0.15246225241571665,0.0,0.0,0.0,0.0,0.0,18473,global,0.0
2,2,lr1e-04_bs16_drop0p2_temp2p0_a0p25_b0p05__wd1e-04trmiss0_degmodglobal,16,0.0001,0.0001,0.2,2.0,0.25,0.05,lr1e-04_bs16_drop0p2_temp2p0_a0p25_b0p05__wd1e-04trmiss0_degmodglobal,5,0.624344527721405,0.6419739127159119,0.775,0.895021645021645,0.6153846153846154,0.0,0.5869290828704834,0.6091981679201126,0.041002009995281696,0.09791736863553524,0.0,0.0,0.0,0.0,0.0,18473,global,0.0
2,2,lr1e-04_bs16_drop0p2_temp2p0_a0p25_b0p05__wd1e-04trmiss0_degmodglobal,16,0.0001,0.0001,0.2,2.0,0.25,0.05,lr1e-04_bs16_drop0p2_temp2p0_a0p25_b0p05__wd1e-04trmiss0_degmodglobal,6,0.6268189400434494,0.6369093656539917,0.8,0.9128787878787878,0.6153846153846154,0.0,0.5912541896104813,0.6166301071643829,0.027024023234844208,0.0686563178896904,0.0,0.0,0.0,0.0,0.0,18473,global,0.0
2,2,lr1e-04_bs16_drop0p2_temp2p0_a0p25_b0p05__wd1e-04trmiss0_degmodglobal,16,0.0001,0.0001,0.2,2.0,0.25,0.05,lr1e-04_bs16_drop0p2_temp2p0_a0p25_b0p05__wd1e-04trmiss0_degmodglobal,7,0.6106384694576263,0.6338052749633789,0.8,0.9128787878787878,0.6153846153846154,0.0,0.5901850610971451,0.5951364040374756,0.03935721982270479,0.11325506865978241,0.0,0.0,0.0,0.0,0.0,18473,global,0.0
2,2,lr1e-04_bs16_drop0p2_temp2p0_a0p25_b0p05__wd1e-04trmiss0_degmodglobal,16,0.0001,0.0001,0.2,2.0,0.25,0.05,lr1e-04_bs16_drop0p2_temp2p0_a0p25_b0p05__wd1e-04trmiss0_degmodglobal,8,0.591709315776825,0.6351037621498108,0.8,0.9128787878787878,0.6153846153846154,0.0,0.5915477424860001,0.5753751993179321,0.04398307763040066,0.10676729120314121,0.0,0.0,0.0,0.0,0.0,18473,global,0.0
2,2,lr1e-04_bs16_drop0p2_temp2p0_a0p25_b0p05__wd1e-04trmiss0_degmodglobal,16,0.0001,0.0001,0.2,2.0,0.25,0.05,lr1e-04_bs16_drop0p2_temp2p0_a0p25_b0p05__wd1e-04trmiss0_degmodglobal,9,0.5931604206562042,0.6407056450843811,0.7,0.8503787878787878,0.6153846153846154,0.0,0.5801156908273697,0.5759984105825424,0.044266996905207634,0.12190532498061657,0.0,0.0,0.0,0.0,0.0,18473,global,0.0
2,2,lr1e-04_bs16_drop0p2_temp2p0_a0p25_b0p05__wd1e-04trmiss0_degmodglobal,16,0.0001,0.0001,0.2,2.0,0.25,0.05,lr1e-04_bs16_drop0p2_temp2p0_a0p25_b0p05__wd1e-04trmiss0_degmodglobal,10,0.5987826734781265,0.6405285596847534,0.725,0.8712121212121212,0.6153846153846154,0.0,0.5686602592468262,0.582215890288353,0.04414114821702242,0.11062988080084324,0.0,0.0,0.0,0.0,0.0,18473,global,0.0
2,2,lr1e-04_bs16_drop0p2_temp2p0_a0p25_b0p05__wd1e-04trmiss0_degmodglobal,16,0.0001,0.0001,0.2,2.0,0.25,0.05,lr1e-04_bs16_drop0p2_temp2p0_a0p25_b0p05__wd1e-04trmiss0_degmodglobal,11,0.58046555519104,0.6354161500930786,0.75,0.8741883116883117,0.6923076923076923,0.0,0.5435879826545715,0.5602251589298248,0.05183554906398058,0.145630257204175,0.0,0.0,0.0,0.0,0.0,18473,global,0.0
2,2,lr1e-04_bs16_drop0p2_temp2p0_a0p25_b0p05__wd1e-04trmiss0_degmodglobal,16,0.0001,0.0001,0.2,2.0,0.25,0.05,lr1e-04_bs16_drop0p2_temp2p0_a0p25_b0p05__wd1e-04trmiss0_degmodglobal,12,0.6024359166622162,0.6300540566444397,0.8,0.9029761904761905,0.6923076923076923,0.0,0.5648263543844223,0.5793156176805496,0.0611359179019928,0.15672636032104492,0.0,0.0,0.0,0.0,0.0,18473,global,0.0
2,2,lr1e-04_bs16_drop0p2_temp2p0_a0p25_b0p05__wd1e-04trmiss0_degmodglobal,16,0.0001,0.0001,0.2,2.0,0.25,0.05,lr1e-04_bs16_drop0p2_temp2p0_a0p25_b0p05__wd1e-04trmiss0_degmodglobal,13,0.590679943561554,0.6188516020774841,0.825,0.9105519480519481,0.6923076923076923,0.0,0.5380167588591576,0.5698332190513611,0.05676316563040018,0.1331188678741455,0.0,0.0,0.0,0.0,0.0,18473,global,0.0
2,2,lr1e-04_bs16_drop0p2_temp2p0_a0p25_b0p05__wd1e-04trmiss0_degmodglobal,16,0.0001,0.0001,0.2,2.0,0.25,0.05,lr1e-04_bs16_drop0p2_temp2p0_a0p25_b0p05__wd1e-04trmiss0_degmodglobal,14,0.5751679986715317,0.6203678846359253,0.775,0.8867424242424242,0.6923076923076923,0.0,0.5139558017253876,0.5573873817920685,0.045568108558654785,0.12777183018624783,0.0,0.0,0.0,0.0,0.0,18473,global,0.0
2,2,lr1e-04_bs16_drop0p2_temp2p0_a0p25_b0p05__wd1e-04trmiss0_degmodglobal,16,0.0001,0.0001,0.2,2.0,0.25,0.05,lr1e-04_bs16_drop0p2_temp2p0_a0p25_b0p05__wd1e-04trmiss0_degmodglobal,15,0.5887713879346848,0.619986355304718,0.75,0.865909090909091,0.6923076923076923,0.0,0.5308103412389755,0.5667475610971451,0.06204867921769619,0.1302331993356347,0.0,0.0,0.0,0.0,0.0,18473,global,0.0
2,2,lr1e-04_bs16_drop0p2_temp2p0_a0p25_b0p05__wd1e-04trmiss0_degmodglobal,16,0.0001,0.0001,0.2,2.0,0.25,0.05,lr1e-04_bs16_drop0p2_temp2p0_a0p25_b0p05__wd1e-04trmiss0_degmodglobal,16,0.5727957785129547,0.6275960206985474,0.75,0.865909090909091,0.6923076923076923,0.0,0.5454721301794052,0.5537950545549393,0.055902864784002304,0.10050015617161989,0.0,0.0,0.0,0.0,0.0,18473,global,0.0
2,2,lr1e-04_bs16_drop0p2_temp2p0_a0p25_b0p05__wd1e-04trmiss0_degmodglobal,16,0.0001,0.0001,0.2,2.0,0.25,0.05,lr1e-04_bs16_drop0p2_temp2p0_a0p25_b0p05__wd1e-04trmiss0_degmodglobal,17,0.5972679704427719,0.6583043336868286,0.5249999999999999,0.6870535714285714,0.6923076923076923,0.0,0.542327806353569,0.5775949358940125,0.052897460758686066,0.12897352688014507,0.0,0.0,0.0,0.0,0.0,18473,global,0.0
2,2,lr1e-04_bs16_drop0p2_temp2p0_a0p25_b0p05__wd1e-04trmiss0_degmodglobal,16,0.0001,0.0001,0.2,2.0,0.25,0.05,lr1e-04_bs16_drop0p2_temp2p0_a0p25_b0p05__wd1e-04trmiss0_degmodglobal,18,0.5463673621416092,0.6553506255149841,0.55,0.6989583333333333,0.6923076923076923,0.0,0.5329587012529373,0.5326578468084335,0.03559592831879854,0.09620985109359026,0.0,0.0,0.0,0.0,0.0,18473,global,0.0
2,2,lr1e-04_bs16_drop0p2_temp2p0_a0p25_b0p05__wd1e-04trmiss0_degmodglobal,16,0.0001,0.0001,0.2,2.0,0.25,0.05,lr1e-04_bs16_drop0p2_temp2p0_a0p25_b0p05__wd1e-04trmiss0_degmodglobal,19,0.5482039600610733,0.6527353525161743,0.6,0.7252840909090909,0.6923076923076923,0.0,0.5170943662524223,0.5340974777936935,0.03989698551595211,0.08264465630054474,0.0,0.0,0.0,0.0,0.0,18473,global,0.0
2,2,lr1e-04_bs16_drop0p2_temp2p0_a0p25_b0p05__wd1e-04trmiss0_degmodglobal,16,0.0001,0.0001,0.2,2.0,0.25,0.05,lr1e-04_bs16_drop0p2_temp2p0_a0p25_b0p05__wd1e-04trmiss0_degmodglobal,20,0.5669106245040894,0.6464346647262573,0.6,0.7252840909090909,0.6923076923076923,0.0,0.5317900031805038,0.5504797995090485,0.04492975398898125,0.10396731831133366,0.0,0.0,0.0,0.0,0.0,18473,global,0.0
2,2,lr1e-04_bs16_drop0p2_temp2p0_a0p25_b0p05__wd1e-04trmiss0_degmodglobal,16,0.0001,0.0001,0.2,2.0,0.25,0.05,lr1e-04_bs16_drop0p2_temp2p0_a0p25_b0p05__wd1e-04trmiss0_degmodglobal,21,0.5507547557353973,0.6529397368431091,0.55,0.6946293290043289,0.6923076923076923,0.0,0.5406571924686432,0.5339267253875732,0.04356908239424229,0.11871539987623692,0.0,0.0,0.0,0.0,0.0,18473,global,0.0
2,2,lr1e-04_bs16_drop0p2_temp2p0_a0p25_b0p05__wd1e-04trmiss0_degmodglobal,16,0.0001,0.0001,0.2,2.0,0.25,0.05,lr1e-04_bs16_drop0p2_temp2p0_a0p25_b0p05__wd1e-04trmiss0_degmodglobal,22,0.543464183807373,0.6554321646690369,0.55,0.6946293290043289,0.6923076923076923,0.0,0.5404945313930511,0.5293717831373215,0.03816347476094961,0.091030802577734,0.0,0.0,0.0,0.0,0.0,18473,global,0.0
2,2,lr1e-04_bs16_drop0p2_temp2p0_a0p25_b0p05__wd1e-04trmiss0_degmodglobal,16,0.0001,0.0001,0.2,2.0,0.25,0.05,lr1e-04_bs16_drop0p2_temp2p0_a0p25_b0p05__wd1e-04trmiss0_degmodglobal,23,0.5456842482089996,0.653446614742279,0.55,0.6946293290043289,0.6923076923076923,0.0,0.5329916328191757,0.5323285236954689,0.03765625832602382,0.07883314974606037,0.0,0.0,0.0,0.0,0.0,18473,global,0.0
2,2,lr1e-04_bs16_drop0p2_temp2p0_a0p25_b0p05__wd1e-04trmiss0_degmodglobal,16,0.0001,0.0001,0.2,2.0,0.25,0.05,lr1e-04_bs16_drop0p2_temp2p0_a0p25_b0p05__wd1e-04trmiss0_degmodglobal,24,0.5350095182657242,0.6485867500305176,0.6,0.7252840909090909,0.6923076923076923,0.0,0.5230247527360916,0.5207295715808868,0.04219565913081169,0.07462096586823463,0.0,0.0,0.0,0.0,0.0,18473,global,0.0
2,2,lr1e-04_bs16_drop0p2_temp2p0_a0p25_b0p05__wd1e-04trmiss0_degmodglobal,16,0.0001,0.0001,0.2,2.0,0.25,0.05,lr1e-04_bs16_drop0p2_temp2p0_a0p25_b0p05__wd1e-04trmiss0_degmodglobal,25,0.5456678718328476,0.6472529172897339,0.6,0.7252840909090909,0.6923076923076923,0.0,0.5301795452833176,0.527070477604866,0.05106712132692337,0.11661236733198166,0.0,0.0,0.0,0.0,0.0,18473,global,0.0
2,2,lr1e-04_bs16_drop0p2_temp2p0_a0p25_b0p05__wd1e-04trmiss0_degmodglobal,16,0.0001,0.0001,0.2,2.0,0.25,0.05,lr1e-04_bs16_drop0p2_temp2p0_a0p25_b0p05__wd1e-04trmiss0_degmodglobal,26,0.5314923971891403,0.6502490639686584,0.575,0.713379329004329,0.6923076923076923,0.0,0.4844255968928337,0.5101025179028511,0.06057494319975376,0.12492290139198303,0.0,0.0,0.0,0.0,0.0,18473,global,0.0
2,2,lr1e-04_bs16_drop0p2_temp2p0_a0p25_b0p05__wd1e-04trmiss0_degmodglobal,16,0.0001,0.0001,0.2,2.0,0.25,0.05,lr1e-04_bs16_drop0p2_temp2p0_a0p25_b0p05__wd1e-04trmiss0_degmodglobal,27,0.5295247733592987,0.6516594886779785,0.55,0.6946293290043289,0.6923076923076923,0.0,0.5107873752713203,0.5109406560659409,0.05036609806120396,0.11985202319920063,0.0,0.0,0.0,0.0,0.0,18473,global,0.0
2,2,lr1e-04_bs16_drop0p2_temp2p0_a0p25_b0p05__wd1e-04trmiss0_degmodglobal,16,0.0001,0.0001,0.2,2.0,0.25,0.05,lr1e-04_bs16_drop0p2_temp2p0_a0p25_b0p05__wd1e-04trmiss0_degmodglobal,28,0.5312027931213379,0.6536431908607483,0.575,0.713379329004329,0.7692307692307693,0.0,0.5002805292606354,0.5103446319699287,0.06098692771047354,0.11222874745726585,0.0,0.0,0.0,0.0,0.0,18473,global,0.0
2,2,lr1e-04_bs16_drop0p2_temp2p0_a0p25_b0p05__wd1e-04trmiss0_degmodglobal,16,0.0001,0.0001,0.2,2.0,0.25,0.05,lr1e-04_bs16_drop0p2_temp2p0_a0p25_b0p05__wd1e-04trmiss0_degmodglobal,29,0.5798176825046539,0.6549031138420105,0.55,0.6946293290043289,0.7692307692307693,0.0,0.5337399616837502,0.5595203340053558,0.053473691921681166,0.1385782714933157,0.0,0.0,0.0,0.0,0.0,18473,global,0.0
2,2,lr1e-04_bs16_drop0p2_temp2p0_a0p25_b0p05__wd1e-04trmiss0_degmodglobal,16,0.0001,0.0001,0.2,2.0,0.25,0.05,lr1e-04_bs16_drop0p2_temp2p0_a0p25_b0p05__wd1e-04trmiss0_degmodglobal,30,0.542179062962532,0.6586780548095703,0.525,0.682129329004329,0.7692307692307693,0.0,0.5119675621390343,0.5268072485923767,0.04287754837423563,0.09304830245673656,0.0,0.0,0.0,0.0,0.0,18473,global,0.0
2,2,lr1e-04_bs16_drop0p2_temp2p0_a0p25_b0p05__wd1e-04trmiss0_degmodglobal,16,0.0001,0.0001,0.2,2.0,0.25,0.05,lr1e-04_bs16_drop0p2_temp2p0_a0p25_b0p05__wd1e-04trmiss0_degmodglobal,31,0.5343572944402695,0.6566650867462158,0.525,0.682129329004329,0.7692307692307693,0.0,0.5174587070941925,0.5167874693870544,0.04807720612734556,0.11101017333567142,0.0,0.0,0.0,0.0,0.0,18473,global,0.0
2,2,lr1e-04_bs16_drop0p2_temp2p0_a0p25_b0p05__wd1e-04trmiss0_degmodglobal,16,0.0001,0.0001,0.2,2.0,0.25,0.05,lr1e-04_bs16_drop0p2_temp2p0_a0p25_b0p05__wd1e-04trmiss0_degmodglobal,32,0.5701376795768738,0.6545698046684265,0.55,0.6946293290043289,0.6923076923076923,0.0,0.5311936736106873,0.5557895749807358,0.03864665422588587,0.0937287462875247,0.0,0.0,0.0,0.0,0.0,18473,global,0.0
2,2,lr1e-04_bs16_drop0p2_temp2p0_a0p25_b0p05__wd1e-04trmiss0_degmodglobal,16,0.0001,0.0001,0.2,2.0,0.25,0.05,lr1e-04_bs16_drop0p2_temp2p0_a0p25_b0p05__wd1e-04trmiss0_degmodglobal,33,0.5337571874260902,0.6487385630607605,0.575,0.7065340909090909,0.6923076923076923,0.0,0.508235014975071,0.519151583313942,0.04235350992530584,0.08034424297511578,0.0,0.0,0.0,0.0,0.0,18473,global,0.0
2,2,lr1e-04_bs16_drop0p4_temp1p0_a0p25_b0p05__wd1e-04trmiss0_degmodglobal,16,0.0001,0.0001,0.4,1.0,0.25,0.05,lr1e-04_bs16_drop0p4_temp1p0_a0p25_b0p05__wd1e-04trmiss0_degmodglobal,1,0.7327916771173477,0.7145791053771973,0.4,0.6659382284382285,0.5384615384615384,0.0,0.687080591917038,0.7052633762359619,0.06313632242381573,0.2348845973610878,0.0,0.0,0.0,0.0,0.0,18473,global,0.0
2,2,lr1e-04_bs16_drop0p4_temp1p0_a0p25_b0p05__wd1e-04trmiss0_degmodglobal,16,0.0001,0.0001,0.4,1.0,0.25,0.05,lr1e-04_bs16_drop0p4_temp1p0_a0p25_b0p05__wd1e-04trmiss0_degmodglobal,2,0.7598963230848312,0.7020609974861145,0.55,0.7823072760572761,0.5384615384615384,0.0,0.6804222166538239,0.7365993410348892,0.05971390102058649,0.16736997663974762,0.0,0.0,0.0,0.0,0.0,18473,global,0.0
2,2,lr1e-04_bs16_drop0p4_temp1p0_a0p25_b0p05__wd1e-04trmiss0_degmodglobal,16,0.0001,0.0001,0.4,1.0,0.25,0.05,lr1e-04_bs16_drop0p4_temp1p0_a0p25_b0p05__wd1e-04trmiss0_degmodglobal,3,0.6923464834690094,0.7024465203285217,0.6499999999999999,0.8498397435897436,0.46153846153846156,0.0,0.6684788316488266,0.6645583659410477,0.05999272409826517,0.25579857267439365,0.0,0.0,0.0,0.0,0.0,18473,global,0.0
2,2,lr1e-04_bs16_drop0p4_temp1p0_a0p25_b0p05__wd1e-04trmiss0_degmodglobal,16,0.0001,0.0001,0.4,1.0,0.25,0.05,lr1e-04_bs16_drop0p4_temp1p0_a0p25_b0p05__wd1e-04trmiss0_degmodglobal,4,0.7253084480762482,0.7030494809150696,0.6499999999999999,0.8498397435897436,0.38461538461538464,0.0,0.6687377244234085,0.6933975964784622,0.07643729913979769,0.2560304142534733,0.0,0.0,0.0,0.0,0.0,18473,global,0.0
2,2,lr1e-04_bs16_drop0p4_temp1p0_a0p25_b0p05__wd1e-04trmiss0_degmodglobal,16,0.0001,0.0001,0.4,1.0,0.25,0.05,lr1e-04_bs16_drop0p4_temp1p0_a0p25_b0p05__wd1e-04trmiss0_degmodglobal,5,0.6780507862567902,0.7030122876167297,0.6,0.8221882284382285,0.5384615384615384,0.0,0.675946444272995,0.6473817378282547,0.07064378540962934,0.26016225665807724,0.0,0.0,0.0,0.0,0.0,18473,global,0.0
2,2,lr1e-04_bs16_drop0p4_temp1p0_a0p25_b0p05__wd1e-04trmiss0_degmodglobal,16,0.0001,0.0001,0.4,1.0,0.25,0.05,lr1e-04_bs16_drop0p4_temp1p0_a0p25_b0p05__wd1e-04trmiss0_degmodglobal,6,0.7182866334915161,0.7030907869338989,0.6,0.8221882284382285,0.5384615384615384,0.0,0.6712226122617722,0.6974411457777023,0.05503976810723543,0.14171125181019306,0.0,0.0,0.0,0.0,0.0,18473,global,0.0
2,2,lr1e-04_bs16_drop0p4_temp1p0_a0p25_b0p05__wd1e-04trmiss0_degmodglobal,16,0.0001,0.0001,0.4,1.0,0.25,0.05,lr1e-04_bs16_drop0p4_temp1p0_a0p25_b0p05__wd1e-04trmiss0_degmodglobal,7,0.6781533658504486,0.7081671953201294,0.55,0.7759129759129759,0.6153846153846154,0.0,0.654164269566536,0.6509747952222824,0.05780734587460756,0.2545344606041908,0.0,0.0,0.0,0.0,0.0,18473,global,0.0
2,2,lr1e-04_bs16_drop0p4_temp1p0_a0p25_b0p05__wd1e-04trmiss0_degmodglobal,16,0.0001,0.0001,0.4,1.0,0.25,0.05,lr1e-04_bs16_drop0p4_temp1p0_a0p25_b0p05__wd1e-04trmiss0_degmodglobal,8,0.6605722159147263,0.7122477293014526,0.55,0.7759129759129759,0.5384615384615384,0.0,0.6400099545717239,0.6359744369983673,0.06008528172969818,0.1915289591997862,0.0,0.0,0.0,0.0,0.0,18473,global,0.0
2,2,lr1e-04_bs16_drop0p4_temp1p0_a0p25_b0p05__wd1e-04trmiss0_degmodglobal,16,0.0001,0.0001,0.4,1.0,0.25,0.05,lr1e-04_bs16_drop0p4_temp1p0_a0p25_b0p05__wd1e-04trmiss0_degmodglobal,9,0.6344684958457947,0.7106241583824158,0.525,0.7592463092463093,0.46153846153846156,0.0,0.6019086837768555,0.6099516749382019,0.056889464147388935,0.20588954165577888,0.0,0.0,0.0,0.0,0.0,18473,global,0.0
2,2,lr1e-04_bs16_drop0p4_temp1p0_a0p25_b0p05__wd1e-04trmiss0_degmodglobal,16,0.0001,0.0001,0.4,1.0,0.25,0.05,lr1e-04_bs16_drop0p4_temp1p0_a0p25_b0p05__wd1e-04trmiss0_degmodglobal,10,0.6713692396879196,0.7098334431648254,0.525,0.7592463092463093,0.5384615384615384,0.0,0.6137866377830505,0.648681640625,0.05400863755494356,0.1837090104818344,0.0,0.0,0.0,0.0,0.0,18473,global,0.0
2,2,lr1e-04_bs16_drop0p4_temp1p0_a0p25_b0p05__wd1e-04trmiss0_degmodglobal,16,0.0001,0.0001,0.4,1.0,0.25,0.05,lr1e-04_bs16_drop0p4_temp1p0_a0p25_b0p05__wd1e-04trmiss0_degmodglobal,11,0.6372688561677933,0.7089623808860779,0.55,0.7679268648018648,0.5384615384615384,0.0,0.598960816860199,0.6192340701818466,0.04813432740047574,0.12002383172512054,0.0,0.0,0.0,0.0,0.0,18473,global,0.0
2,2,lr1e-04_bs16_drop0p4_temp1p0_a0p25_b0p05__wd1e-04trmiss0_degmodglobal,16,0.0001,0.0001,0.4,1.0,0.25,0.05,lr1e-04_bs16_drop0p4_temp1p0_a0p25_b0p05__wd1e-04trmiss0_degmodglobal,12,0.6650980561971664,0.7117201089859009,0.5,0.7279963092463093,0.5384615384615384,0.0,0.5931012481451035,0.6394372880458832,0.06374684628099203,0.19448142498731613,0.0,0.0,0.0,0.0,0.0,18473,global,0.0
2,2,lr1e-04_bs16_drop0p4_temp1p0_a0p25_b0p05__wd1e-04trmiss0_degmodglobal,16,0.0001,0.0001,0.4,1.0,0.25,0.05,lr1e-04_bs16_drop0p4_temp1p0_a0p25_b0p05__wd1e-04trmiss0_degmodglobal,13,0.636509895324707,0.7105867862701416,0.475,0.7092463092463093,0.5384615384615384,0.0,0.6089449971914291,0.61456298828125,0.05534951854497194,0.16219062730669975,0.0,0.0,0.0,0.0,0.0,18473,global,0.0
2,2,lr1e-04_bs16_drop0p4_temp1p0_a0p25_b0p05__wd1e-04trmiss0_degmodglobal,16,0.0001,0.0001,0.4,1.0,0.25,0.05,lr1e-04_bs16_drop0p4_temp1p0_a0p25_b0p05__wd1e-04trmiss0_degmodglobal,14,0.6461199820041656,0.7064449787139893,0.525,0.7366768648018648,0.5384615384615384,0.0,0.6020811051130295,0.6191406548023224,0.06591551285237074,0.21000945009291172,0.0,0.0,0.0,0.0,0.0,18473,global,0.0
2,2,lr1e-04_bs16_drop0p4_temp1p0_a0p25_b0p05__wd1e-04trmiss0_degmodglobal,16,0.0001,0.0001,0.4,1.0,0.25,0.05,lr1e-04_bs16_drop0p4_temp1p0_a0p25_b0p05__wd1e-04trmiss0_degmodglobal,15,0.640280693769455,0.7043371200561523,0.525,0.7366768648018648,0.5384615384615384,0.0,0.5660696625709534,0.6177858263254166,0.052455794997513294,0.1876184418797493,0.0,0.0,0.0,0.0,0.0,18473,global,0.0
2,2,lr1e-04_bs16_drop0p4_temp1p0_a0p25_b0p05__wd1e-04trmiss0_degmodglobal,16,0.0001,0.0001,0.4,1.0,0.25,0.05,lr1e-04_bs16_drop0p4_temp1p0_a0p25_b0p05__wd1e-04trmiss0_degmodglobal,16,0.6429966241121292,0.700218677520752,0.575,0.7597537878787879,0.5384615384615384,0.0,0.5670048594474792,0.616268590092659,0.06703610718250275,0.19938045367598534,0.0,0.0,0.0,0.0,0.0,18473,global,0.0
2,2,lr1e-04_bs16_drop0p4_temp1p0_a0p25_b0p05__wd1e-04trmiss0_degmodglobal,16,0.0001,0.0001,0.4,1.0,0.25,0.05,lr1e-04_bs16_drop0p4_temp1p0_a0p25_b0p05__wd1e-04trmiss0_degmodglobal,17,0.6020840257406235,0.7005667090415955,0.55,0.7533435314685315,0.5384615384615384,0.0,0.571662575006485,0.5782245993614197,0.05722472630441189,0.19106526672840118,0.0,0.0,0.0,0.0,0.0,18473,global,0.0
2,2,lr1e-04_bs16_drop0p4_temp1p0_a0p25_b0p05__wd1e-04trmiss0_degmodglobal,16,0.0001,0.0001,0.4,1.0,0.25,0.05,lr1e-04_bs16_drop0p4_temp1p0_a0p25_b0p05__wd1e-04trmiss0_degmodglobal,18,0.6559397876262665,0.7034660577774048,0.525,0.7116768648018649,0.5384615384615384,0.0,0.5647643655538559,0.6264731287956238,0.0701253330335021,0.23870643228292465,0.0,0.0,0.0,0.0,0.0,18473,global,0.0
2,2,lr1e-04_bs16_drop0p4_temp1p0_a0p25_b0p05__wd1e-04trmiss0_degmodglobal,16,0.0001,0.0001,0.4,1.0,0.25,0.05,lr1e-04_bs16_drop0p4_temp1p0_a0p25_b0p05__wd1e-04trmiss0_degmodglobal,19,0.6007886230945587,0.7014762163162231,0.525,0.6957542457542457,0.5384615384615384,0.0,0.5695157200098038,0.5729024261236191,0.07508853916078806,0.1822812259197235,0.0,0.0,0.0,0.0,0.0,18473,global,0.0
2,2,lr1e-04_bs16_drop0p4_temp1p0_a0p25_b0p05__wd1e-04trmiss0_degmodglobal,16,0.0001,0.0001,0.4,1.0,0.25,0.05,lr1e-04_bs16_drop0p4_temp1p0_a0p25_b0p05__wd1e-04trmiss0_degmodglobal,20,0.6719844788312912,0.6996446847915649,0.5249999999999999,0.6396645021645021,0.5384615384615384,0.0,0.5267162621021271,0.6386093497276306,0.07480091787874699,0.2934984974563122,0.0,0.0,0.0,0.0,0.0,18473,global,0.0
2,2,lr1e-04_bs16_drop0p4_temp1p0_a0p25_b0p05__wd1e-04trmiss0_degmodglobal,16,0.0001,0.0001,0.4,1.0,0.25,0.05,lr1e-04_bs16_drop0p4_temp1p0_a0p25_b0p05__wd1e-04trmiss0_degmodglobal,21,0.604789063334465,0.6963651180267334,0.475,0.6220935314685314,0.5384615384615384,0.0,0.5256997123360634,0.5818573236465454,0.059334668796509504,0.16196141205728054,0.0,0.0,0.0,0.0,0.0,18473,global,0.0
2,2,lr1e-04_bs16_drop0p4_temp1p0_a0p25_b0p05__wd1e-04trmiss0_degmodglobal,16,0.0001,0.0001,0.4,1.0,0.25,0.05,lr1e-04_bs16_drop0p4_temp1p0_a0p25_b0p05__wd1e-04trmiss0_degmodglobal,22,0.6340337246656418,0.700505793094635,0.475,0.6220935314685314,0.5384615384615384,0.0,0.5418167188763618,0.600132092833519,0.08502200990915298,0.2529229633510113,0.0,0.0,0.0,0.0,0.0,18473,global,0.0
2,2,lr1e-04_bs16_drop0p4_temp1p0_a0p25_b0p05__wd1e-04trmiss0_degmodglobal,16,0.0001,0.0001,0.4,1.0,0.25,0.05,lr1e-04_bs16_drop0p4_temp1p0_a0p25_b0p05__wd1e-04trmiss0_degmodglobal,23,0.6370538473129272,0.7050893902778625,0.44999999999999996,0.6137601981351981,0.5384615384615384,0.0,0.5524899736046791,0.6135863810777664,0.05996023956686258,0.1695479266345501,0.0,0.0,0.0,0.0,0.0,18473,global,0.0
2,2,lr1e-04_bs16_drop0p4_temp1p0_a0p25_b0p05__wd1e-04trmiss0_degmodglobal,16,0.0001,0.0001,0.4,1.0,0.25,0.05,lr1e-04_bs16_drop0p4_temp1p0_a0p25_b0p05__wd1e-04trmiss0_degmodglobal,24,0.5997012704610825,0.7081189155578613,0.44999999999999996,0.6137601981351981,0.46153846153846156,0.0,0.5445336550474167,0.5594033300876617,0.09743299894034863,0.31879376620054245,0.0,0.0,0.0,0.0,0.0,18473,global,0.0
2,2,lr1e-04_bs16_drop0p4_temp1p0_a0p25_b0p05__wd1e-04trmiss0_degmodglobal,16,0.0001,0.0001,0.4,1.0,0.25,0.05,lr1e-04_bs16_drop0p4_temp1p0_a0p25_b0p05__wd1e-04trmiss0_degmodglobal,25,0.6547207087278366,0.7086049914360046,0.42500000000000004,0.5929268648018649,0.5384615384615384,0.0,0.5496619492769241,0.6258839070796967,0.07279318384826183,0.21277033910155296,0.0,0.0,0.0,0.0,0.0,18473,global,0.0
2,2,lr1e-04_bs16_drop0p4_temp2p0_a0p25_b0p05__wd1e-04trmiss0_degmodglobal,16,0.0001,0.0001,0.4,2.0,0.25,0.05,lr1e-04_bs16_drop0p4_temp2p0_a0p25_b0p05__wd1e-04trmiss0_degmodglobal,1,0.7336704581975937,0.6841703653335571,0.7,0.8503787878787878,0.6153846153846154,0.0,0.7043656557798386,0.6973425000905991,0.10311586409807205,0.21097983047366142,0.0,0.0,0.0,0.0,0.0,18473,global,0.0
2,2,lr1e-04_bs16_drop0p4_temp2p0_a0p25_b0p05__wd1e-04trmiss0_degmodglobal,16,0.0001,0.0001,0.4,2.0,0.25,0.05,lr1e-04_bs16_drop0p4_temp2p0_a0p25_b0p05__wd1e-04trmiss0_degmodglobal,2,0.6731828451156616,0.6749565005302429,0.75,0.8816287878787878,0.6923076923076923,0.0,0.6522171795368195,0.6394617855548859,0.09778707288205624,0.18548569828271866,0.0,0.0,0.0,0.0,0.0,18473,global,0.0
2,2,lr1e-04_bs16_drop0p4_temp2p0_a0p25_b0p05__wd1e-04trmiss0_degmodglobal,16,0.0001,0.0001,0.4,2.0,0.25,0.05,lr1e-04_bs16_drop0p4_temp2p0_a0p25_b0p05__wd1e-04trmiss0_degmodglobal,3,0.6953605860471725,0.6690819263458252,0.725,0.8538690476190476,0.6923076923076923,0.0,0.6261154562234879,0.6665463894605637,0.07990223169326782,0.17677325010299683,0.0,0.0,0.0,0.0,0.0,18473,global,0.0
2,2,lr1e-04_bs16_drop0p4_temp2p0_a0p25_b0p05__wd1e-04trmiss0_degmodglobal,16,0.0001,0.0001,0.4,2.0,0.25,0.05,lr1e-04_bs16_drop0p4_temp2p0_a0p25_b0p05__wd1e-04trmiss0_degmodglobal,4,0.6564300656318665,0.6663556098937988,0.725,0.8538690476190476,0.5384615384615384,0.0,0.6424051523208618,0.6317860037088394,0.0724717490375042,0.13052270002663136,0.0,0.0,0.0,0.0,0.0,18473,global,0.0
2,2,lr1e-04_bs16_drop0p4_temp2p0_a0p25_b0p05__wd1e-04trmiss0_degmodglobal,16,0.0001,0.0001,0.4,2.0,0.25,0.05,lr1e-04_bs16_drop0p4_temp2p0_a0p25_b0p05__wd1e-04trmiss0_degmodglobal,5,0.6866651177406311,0.6639300584793091,0.8250000000000001,0.9040178571428572,0.6923076923076923,0.0,0.5907483100891113,0.6641061455011368,0.059370486065745354,0.1543267536908388,0.0,0.0,0.0,0.0,0.0,18473,global,0.0
2,2,lr1e-04_bs16_drop0p4_temp2p0_a0p25_b0p05__wd1e-04trmiss0_degmodglobal,16,0.0001,0.0001,0.4,2.0,0.25,0.05,lr1e-04_bs16_drop0p4_temp2p0_a0p25_b0p05__wd1e-04trmiss0_degmodglobal,6,0.6271020919084549,0.6648660898208618,0.8250000000000001,0.9040178571428572,0.6923076923076923,0.0,0.5874378681182861,0.5993000864982605,0.07845183834433556,0.16378110460937023,0.0,0.0,0.0,0.0,0.0,18473,global,0.0
2,2,lr1e-04_bs16_drop0p4_temp2p0_a0p25_b0p05__wd1e-04trmiss0_degmodglobal,16,0.0001,0.0001,0.4,2.0,0.25,0.05,lr1e-04_bs16_drop0p4_temp2p0_a0p25_b0p05__wd1e-04trmiss0_degmodglobal,7,0.5937077552080154,0.6647023558616638,0.7999999999999999,0.8918650793650793,0.6153846153846154,0.0,0.5728002041578293,0.5703516751527786,0.07011314947158098,0.11655573919415474,0.0,0.0,0.0,0.0,0.0,18473,global,0.0
2,2,lr1e-04_bs16_drop0p4_temp2p0_a0p25_b0p05__wd1e-04trmiss0_degmodglobal,16,0.0001,0.0001,0.4,2.0,0.25,0.05,lr1e-04_bs16_drop0p4_temp2p0_a0p25_b0p05__wd1e-04trmiss0_degmodglobal,8,0.6115104854106903,0.6673388481140137,0.725,0.8538690476190476,0.6153846153846154,0.0,0.5592237561941147,0.5776161924004555,0.09526709094643593,0.20155032724142075,0.0,0.0,0.0,0.0,0.0,18473,global,0.0
2,2,lr1e-04_bs16_drop0p4_temp2p0_a0p25_b0p05__wd1e-04trmiss0_degmodglobal,16,0.0001,0.0001,0.4,2.0,0.25,0.05,lr1e-04_bs16_drop0p4_temp2p0_a0p25_b0p05__wd1e-04trmiss0_degmodglobal,9,0.6137325167655945,0.6618087887763977,0.7,0.8459145021645021,0.6153846153846154,0.0,0.5524921268224716,0.580463707447052,0.10559017769992352,0.1374257425777614,0.0,0.0,0.0,0.0,0.0,18473,global,0.0
2,2,lr1e-04_bs16_drop0p4_temp2p0_a0p25_b0p05__wd1e-04trmiss0_degmodglobal,16,0.0001,0.0001,0.4,2.0,0.25,0.05,lr1e-04_bs16_drop0p4_temp2p0_a0p25_b0p05__wd1e-04trmiss0_degmodglobal,10,0.6308041512966156,0.6660847663879395,0.625,0.7792478354978355,0.6153846153846154,0.0,0.5543929189443588,0.5987982898950577,0.09094031900167465,0.1854154821485281,0.0,0.0,0.0,0.0,0.0,18473,global,0.0
2,2,lr1e-04_bs16_drop0p4_temp2p0_a0p25_b0p05__wd1e-04trmiss0_degmodglobal,16,0.0001,0.0001,0.4,2.0,0.25,0.05,lr1e-04_bs16_drop0p4_temp2p0_a0p25_b0p05__wd1e-04trmiss0_degmodglobal,11,0.6295901089906693,0.6776477098464966,0.5249999999999999,0.6472537878787878,0.5384615384615384,0.0,0.5628401190042496,0.5841573774814606,0.1252361536026001,0.28247369080781937,0.0,0.0,0.0,0.0,0.0,18473,global,0.0
2,2,lr1e-04_bs16_drop0p4_temp2p0_a0p25_b0p05__wd1e-04trmiss0_degmodglobal,16,0.0001,0.0001,0.4,2.0,0.25,0.05,lr1e-04_bs16_drop0p4_temp2p0_a0p25_b0p05__wd1e-04trmiss0_degmodglobal,12,0.6111662983894348,0.6822556853294373,0.425,0.5957656926406927,0.6153846153846154,0.0,0.5693595260381699,0.5689013600349426,0.11761243641376495,0.2572370804846287,0.0,0.0,0.0,0.0,0.0,18473,global,0.0
2,2,lr1e-04_bs16_drop0p4_temp2p0_a0p25_b0p05__wd1e-04trmiss0_degmodglobal,16,0.0001,0.0001,0.4,2.0,0.25,0.05,lr1e-04_bs16_drop0p4_temp2p0_a0p25_b0p05__wd1e-04trmiss0_degmodglobal,13,0.5797144025564194,0.6733728051185608,0.49999999999999994,0.6285037878787878,0.6153846153846154,0.0,0.5463075339794159,0.539076030254364,0.11465848237276077,0.23947495967149734,0.0,0.0,0.0,0.0,0.0,18473,global,0.0
2,2,lr1e-04_bs16_drop0p4_temp2p0_a0p25_b0p05__wd1e-04trmiss0_degmodglobal,16,0.0001,0.0001,0.4,2.0,0.25,0.05,lr1e-04_bs16_drop0p4_temp2p0_a0p25_b0p05__wd1e-04trmiss0_degmodglobal,14,0.6053947359323502,0.6672755479812622,0.49999999999999994,0.6285037878787878,0.5384615384615384,0.0,0.5415713414549828,0.556327149271965,0.13357774540781975,0.31346332281827927,0.0,0.0,0.0,0.0,0.0,18473,global,0.0
2,2,lr1e-04_bs16_drop0p4_temp2p0_a0p25_b0p05__wd1e-04trmiss0_degmodglobal,16,0.0001,0.0001,0.4,2.0,0.25,0.05,lr1e-04_bs16_drop0p4_temp2p0_a0p25_b0p05__wd1e-04trmiss0_degmodglobal,15,0.5790477842092514,0.6538216471672058,0.6,0.7375811688311689,0.5384615384615384,0.0,0.5657646507024765,0.5199758186936378,0.1571502611041069,0.3956878185272217,0.0,0.0,0.0,0.0,0.0,18473,global,0.0
2,2,lr1e-04_bs16_drop0p4_temp2p0_a0p25_b0p05__wd1e-04trmiss0_degmodglobal,16,0.0001,0.0001,0.4,2.0,0.25,0.05,lr1e-04_bs16_drop0p4_temp2p0_a0p25_b0p05__wd1e-04trmiss0_degmodglobal,16,0.6240618824958801,0.6566326022148132,0.5999999999999999,0.7709145021645022,0.5384615384615384,0.0,0.560173861682415,0.5854601263999939,0.10985203739255667,0.22277448140084743,0.0,0.0,0.0,0.0,0.0,18473,global,0.0
2,2,lr1e-04_bs16_drop0p4_temp2p0_a0p25_b0p05__wd1e-04trmiss0_degmodglobal,16,0.0001,0.0001,0.4,2.0,0.25,0.05,lr1e-04_bs16_drop0p4_temp2p0_a0p25_b0p05__wd1e-04trmiss0_degmodglobal,17,0.589769035577774,0.6536299586296082,0.5999999999999999,0.7709145021645022,0.5384615384615384,0.0,0.5209020972251892,0.5496412366628647,0.11492562852799892,0.2279280610382557,0.0,0.0,0.0,0.0,0.0,18473,global,0.0
2,2,lr1e-04_bs16_drop0p4_temp2p0_a0p25_b0p05__wd1e-04trmiss0_degmodglobal,16,0.0001,0.0001,0.4,2.0,0.25,0.05,lr1e-04_bs16_drop0p4_temp2p0_a0p25_b0p05__wd1e-04trmiss0_degmodglobal,18,0.5995476990938187,0.650515079498291,0.625,0.8021645021645022,0.5384615384615384,0.0,0.5583964437246323,0.5735082626342773,0.07654182054102421,0.1380796292796731,0.0,0.0,0.0,0.0,0.0,18473,global,0.0
2,2,lr1e-04_bs16_drop0p4_temp2p0_a0p25_b0p05__wd1e-04trmiss0_degmodglobal,16,0.0001,0.0001,0.4,2.0,0.25,0.05,lr1e-04_bs16_drop0p4_temp2p0_a0p25_b0p05__wd1e-04trmiss0_degmodglobal,19,0.5563273131847382,0.6521285176277161,0.65,0.8104978354978355,0.6153846153846154,0.0,0.4983478933572769,0.5189861357212067,0.11391164921224117,0.1772654801607132,0.0,0.0,0.0,0.0,0.0,18473,global,0.0
2,2,lr1e-04_bs16_drop0p4_temp2p0_a0p25_b0p05__wd1e-04trmiss0_degmodglobal,16,0.0001,0.0001,0.4,2.0,0.25,0.05,lr1e-04_bs16_drop0p4_temp2p0_a0p25_b0p05__wd1e-04trmiss0_degmodglobal,20,0.5849032253026962,0.6473755240440369,0.6499999999999999,0.8271645021645022,0.5384615384615384,0.0,0.5107364356517792,0.5533177852630615,0.0916875097900629,0.1732714707031846,0.0,0.0,0.0,0.0,0.0,18473,global,0.0
2,2,lr1e-04_bs16_drop0p4_temp2p0_a0p25_b0p05__wd1e-04trmiss0_degmodglobal,16,0.0001,0.0001,0.4,2.0,0.25,0.05,lr1e-04_bs16_drop0p4_temp2p0_a0p25_b0p05__wd1e-04trmiss0_degmodglobal,21,0.6066302061080933,0.6441069841384888,0.7,0.8628787878787878,0.5384615384615384,0.0,0.514030821621418,0.5673690885305405,0.11228475905954838,0.22379860654473305,0.0,0.0,0.0,0.0,0.0,18473,global,0.0
2,2,lr1e-04_bs16_drop0p4_temp2p0_a0p25_b0p05__wd1e-04trmiss0_degmodglobal,16,0.0001,0.0001,0.4,2.0,0.25,0.05,lr1e-04_bs16_drop0p4_temp2p0_a0p25_b0p05__wd1e-04trmiss0_degmodglobal,22,0.5774724781513214,0.6431905627250671,0.7,0.8628787878787878,0.5384615384615384,0.0,0.49814876914024353,0.5446328222751617,0.08352369256317616,0.23917455226182938,0.0,0.0,0.0,0.0,0.0,18473,global,0.0
2,2,lr1e-04_bs16_drop0p4_temp2p0_a0p25_b0p05__wd1e-04trmiss0_degmodglobal,16,0.0001,0.0001,0.4,2.0,0.25,0.05,lr1e-04_bs16_drop0p4_temp2p0_a0p25_b0p05__wd1e-04trmiss0_degmodglobal,23,0.5744106024503708,0.6431941986083984,0.7,0.8628787878787878,0.46153846153846156,0.0,0.5175510570406914,0.5377561002969742,0.10049186646938324,0.23063066508620977,0.0,0.0,0.0,0.0,0.0,18473,global,0.0
2,2,lr1e-04_bs16_drop0p4_temp2p0_a0p25_b0p05__wd1e-04trmiss0_degmodglobal,16,0.0001,0.0001,0.4,2.0,0.25,0.05,lr1e-04_bs16_drop0p4_temp2p0_a0p25_b0p05__wd1e-04trmiss0_degmodglobal,24,0.5964504778385162,0.6437077522277832,0.7,0.8628787878787878,0.6153846153846154,0.0,0.4860076680779457,0.5474100410938263,0.14083304069936275,0.2766435109078884,0.0,0.0,0.0,0.0,0.0,18473,global,0.0
2,2,lr1e-04_bs16_drop0p4_temp2p0_a0p25_b0p05__wd1e-04trmiss0_degmodglobal,16,0.0001,0.0001,0.4,2.0,0.25,0.05,lr1e-04_bs16_drop0p4_temp2p0_a0p25_b0p05__wd1e-04trmiss0_degmodglobal,25,0.5679696798324585,0.6449079513549805,0.7,0.8628787878787878,0.6153846153846154,0.0,0.4823291599750519,0.5225055739283562,0.1398572139441967,0.2099957149475813,0.0,0.0,0.0,0.0,0.0,18473,global,0.0
2,2,lr5e-05_bs16_drop0p2_temp1p0_a0p25_b0p05__wd1e-04trmiss0_degmodglobal,16,5e-05,0.0001,0.2,1.0,0.25,0.05,lr5e-05_bs16_drop0p2_temp1p0_a0p25_b0p05__wd1e-04trmiss0_degmodglobal,1,0.7167765647172928,0.6999685168266296,0.425,0.6114739427239427,0.46153846153846156,0.0,0.7303006798028946,0.7014744728803635,0.04178300406783819,0.09712701477110386,0.0,0.0,0.0,0.0,0.0,18473,global,0.0
2,2,lr5e-05_bs16_drop0p2_temp1p0_a0p25_b0p05__wd1e-04trmiss0_degmodglobal,16,5e-05,0.0001,0.2,1.0,0.25,0.05,lr5e-05_bs16_drop0p2_temp1p0_a0p25_b0p05__wd1e-04trmiss0_degmodglobal,2,0.6936337947845459,0.6962629556655884,0.5499999999999999,0.6724587912087913,0.5384615384615384,0.0,0.6703831851482391,0.6768788546323776,0.044809834100306034,0.11104957573115826,0.0,0.0,0.0,0.0,0.0,18473,global,0.0
2,2,lr5e-05_bs16_drop0p2_temp1p0_a0p25_b0p05__wd1e-04trmiss0_degmodglobal,16,5e-05,0.0001,0.2,1.0,0.25,0.05,lr5e-05_bs16_drop0p2_temp1p0_a0p25_b0p05__wd1e-04trmiss0_degmodglobal,3,0.6738637685775757,0.6942049264907837,0.6000000000000001,0.7007326007326008,0.5384615384615384,0.0,0.6836182028055191,0.6596740186214447,0.04041905514895916,0.08169960509985685,0.0,0.0,0.0,0.0,0.0,18473,global,0.0
2,2,lr5e-05_bs16_drop0p2_temp1p0_a0p25_b0p05__wd1e-04trmiss0_degmodglobal,16,5e-05,0.0001,0.2,1.0,0.25,0.05,lr5e-05_bs16_drop0p2_temp1p0_a0p25_b0p05__wd1e-04trmiss0_degmodglobal,4,0.6720613986253738,0.6917004585266113,0.5499999999999999,0.6686709124209125,0.6153846153846154,0.0,0.6503764241933823,0.6582081466913223,0.03983804024755955,0.07787507493048906,0.0,0.0,0.0,0.0,0.0,18473,global,0.0
2,2,lr5e-05_bs16_drop0p2_temp1p0_a0p25_b0p05__wd1e-04trmiss0_degmodglobal,16,5e-05,0.0001,0.2,1.0,0.25,0.05,lr5e-05_bs16_drop0p2_temp1p0_a0p25_b0p05__wd1e-04trmiss0_degmodglobal,5,0.6590660363435745,0.6874843239784241,0.6,0.6830357142857143,0.6153846153846154,0.0,0.6475212126970291,0.6433318853378296,0.04430205002427101,0.09317241422832012,0.0,0.0,0.0,0.0,0.0,18473,global,0.0
2,2,lr5e-05_bs16_drop0p2_temp1p0_a0p25_b0p05__wd1e-04trmiss0_degmodglobal,16,5e-05,0.0001,0.2,1.0,0.25,0.05,lr5e-05_bs16_drop0p2_temp1p0_a0p25_b0p05__wd1e-04trmiss0_degmodglobal,6,0.6790451854467392,0.6838405728340149,0.625,0.6906114718614719,0.7692307692307693,0.0,0.6364572197198868,0.6632204651832581,0.044589072465896606,0.09354869835078716,0.0,0.0,0.0,0.0,0.0,18473,global,0.0
2,2,lr5e-05_bs16_drop0p2_temp1p0_a0p25_b0p05__wd1e-04trmiss0_degmodglobal,16,5e-05,0.0001,0.2,1.0,0.25,0.05,lr5e-05_bs16_drop0p2_temp1p0_a0p25_b0p05__wd1e-04trmiss0_degmodglobal,7,0.633794441819191,0.6813303232192993,0.625,0.6843614718614719,0.7692307692307693,0.0,0.624507412314415,0.6181447803974152,0.04380875825881958,0.09394918940961361,0.0,0.0,0.0,0.0,0.0,18473,global,0.0
2,2,lr5e-05_bs16_drop0p2_temp1p0_a0p25_b0p05__wd1e-04trmiss0_degmodglobal,16,5e-05,0.0001,0.2,1.0,0.25,0.05,lr5e-05_bs16_drop0p2_temp1p0_a0p25_b0p05__wd1e-04trmiss0_degmodglobal,8,0.6254304051399231,0.680067777633667,0.6,0.6656114718614718,0.7692307692307693,0.0,0.6342879831790924,0.6076463609933853,0.04948200937360525,0.10827054642140865,0.0,0.0,0.0,0.0,0.0,18473,global,0.0
2,2,lr5e-05_bs16_drop0p2_temp1p0_a0p25_b0p05__wd1e-04trmiss0_degmodglobal,16,5e-05,0.0001,0.2,1.0,0.25,0.05,lr5e-05_bs16_drop0p2_temp1p0_a0p25_b0p05__wd1e-04trmiss0_degmodglobal,9,0.6058593988418579,0.6786660552024841,0.55,0.6343614718614718,0.7692307692307693,0.0,0.613298237323761,0.5877177864313126,0.05067186150699854,0.10947300866246223,0.0,0.0,0.0,0.0,0.0,18473,global,0.0
2,2,lr5e-05_bs16_drop0p2_temp1p0_a0p25_b0p05__wd1e-04trmiss0_degmodglobal,16,5e-05,0.0001,0.2,1.0,0.25,0.05,lr5e-05_bs16_drop0p2_temp1p0_a0p25_b0p05__wd1e-04trmiss0_degmodglobal,10,0.6211372911930084,0.6799746751785278,0.55,0.6343614718614718,0.7692307692307693,0.0,0.5911528617143631,0.6075671017169952,0.036426103208214045,0.0892734881490469,0.0,0.0,0.0,0.0,0.0,18473,global,0.0
2,2,lr5e-05_bs16_drop0p2_temp1p0_a0p25_b0p05__wd1e-04trmiss0_degmodglobal,16,5e-05,0.0001,0.2,1.0,0.25,0.05,lr5e-05_bs16_drop0p2_temp1p0_a0p25_b0p05__wd1e-04trmiss0_degmodglobal,11,0.6241695135831833,0.6808047294616699,0.55,0.6440340909090909,0.7692307692307693,0.0,0.6040566712617874,0.607576385140419,0.0483208354562521,0.09025846980512142,0.0,0.0,0.0,0.0,0.0,18473,global,0.0
2,2,lr5e-05_bs16_drop0p2_temp1p0_a0p25_b0p05__wd1e-04trmiss0_degmodglobal,16,5e-05,0.0001,0.2,1.0,0.25,0.05,lr5e-05_bs16_drop0p2_temp1p0_a0p25_b0p05__wd1e-04trmiss0_degmodglobal,12,0.6249786913394928,0.6830874681472778,0.5,0.6112959956709956,0.7692307692307693,0.0,0.6074957549571991,0.6094700396060944,0.04322041943669319,0.09407057426869869,0.0,0.0,0.0,0.0,0.0,18473,global,0.0
2,2,lr5e-05_bs16_drop0p2_temp1p0_a0p25_b0p05__wd1e-04trmiss0_degmodglobal,16,5e-05,0.0001,0.2,1.0,0.25,0.05,lr5e-05_bs16_drop0p2_temp1p0_a0p25_b0p05__wd1e-04trmiss0_degmodglobal,13,0.613810196518898,0.6843556761741638,0.5,0.6112959956709956,0.7692307692307693,0.0,0.6127054542303085,0.5984688997268677,0.04142948566004634,0.09967884793877602,0.0,0.0,0.0,0.0,0.0,18473,global,0.0
2,2,lr5e-05_bs16_drop0p2_temp1p0_a0p25_b0p05__wd1e-04trmiss0_degmodglobal,16,5e-05,0.0001,0.2,1.0,0.25,0.05,lr5e-05_bs16_drop0p2_temp1p0_a0p25_b0p05__wd1e-04trmiss0_degmodglobal,14,0.6045393645763397,0.6844451427459717,0.5,0.6112959956709956,0.6153846153846154,0.0,0.6046737730503082,0.5845120698213577,0.059030681848526,0.10539251752197742,0.0,0.0,0.0,0.0,0.0,18473,global,0.0
2,2,lr5e-05_bs16_drop0p2_temp1p0_a0p25_b0p05__wd1e-04trmiss0_degmodglobal,16,5e-05,0.0001,0.2,1.0,0.25,0.05,lr5e-05_bs16_drop0p2_temp1p0_a0p25_b0p05__wd1e-04trmiss0_degmodglobal,15,0.5809015184640884,0.6800374388694763,0.525,0.6232007575757575,0.7692307692307693,0.0,0.5773013532161713,0.5638201385736465,0.05149832367897034,0.0841357633471489,0.0,0.0,0.0,0.0,0.0,18473,global,0.0
2,2,lr5e-05_bs16_drop0p2_temp1p0_a0p25_b0p05__wd1e-04trmiss0_degmodglobal,16,5e-05,0.0001,0.2,1.0,0.25,0.05,lr5e-05_bs16_drop0p2_temp1p0_a0p25_b0p05__wd1e-04trmiss0_degmodglobal,16,0.581019714474678,0.6740450859069824,0.575,0.6551948051948052,0.6923076923076923,0.0,0.6023480147123337,0.5651748031377792,0.04428059887140989,0.09549577441066504,0.0,0.0,0.0,0.0,0.0,18473,global,0.0
2,2,lr5e-05_bs16_drop0p2_temp1p0_a0p25_b0p05__wd1e-04trmiss0_degmodglobal,16,5e-05,0.0001,0.2,1.0,0.25,0.05,lr5e-05_bs16_drop0p2_temp1p0_a0p25_b0p05__wd1e-04trmiss0_degmodglobal,17,0.5832591652870178,0.6704228520393372,0.6,0.6656114718614718,0.7692307692307693,0.0,0.5936421006917953,0.5655787140130997,0.04992127511650324,0.1040026331320405,0.0,0.0,0.0,0.0,0.0,18473,global,0.0
2,2,lr5e-05_bs16_drop0p2_temp1p0_a0p25_b0p05__wd1e-04trmiss0_degmodglobal,16,5e-05,0.0001,0.2,1.0,0.25,0.05,lr5e-05_bs16_drop0p2_temp1p0_a0p25_b0p05__wd1e-04trmiss0_degmodglobal,18,0.5898992717266083,0.6674482822418213,0.65,0.6844246031746032,0.7692307692307693,0.0,0.5907414853572845,0.575492262840271,0.039648828096687794,0.089896020013839,0.0,0.0,0.0,0.0,0.0,18473,global,0.0
2,2,lr5e-05_bs16_drop0p2_temp1p0_a0p25_b0p05__wd1e-04trmiss0_degmodglobal,16,5e-05,0.0001,0.2,1.0,0.25,0.05,lr5e-05_bs16_drop0p2_temp1p0_a0p25_b0p05__wd1e-04trmiss0_degmodglobal,19,0.6061140298843384,0.6673924326896667,0.6,0.6656114718614718,0.7692307692307693,0.0,0.5968605428934097,0.5906746983528137,0.04757182952016592,0.07092700246721506,0.0,0.0,0.0,0.0,0.0,18473,global,0.0
2,2,lr5e-05_bs16_drop0p2_temp1p0_a0p25_b0p05__wd1e-04trmiss0_degmodglobal,16,5e-05,0.0001,0.2,1.0,0.25,0.05,lr5e-05_bs16_drop0p2_temp1p0_a0p25_b0p05__wd1e-04trmiss0_degmodglobal,20,0.5613494217395782,0.6650499701499939,0.6,0.6656114718614718,0.7692307692307693,0.0,0.5683423727750778,0.5462211072444916,0.04612284852191806,0.07195136602967978,0.0,0.0,0.0,0.0,0.0,18473,global,0.0
2,2,lr5e-05_bs16_drop0p2_temp1p0_a0p25_b0p05__wd1e-04trmiss0_degmodglobal,16,5e-05,0.0001,0.2,1.0,0.25,0.05,lr5e-05_bs16_drop0p2_temp1p0_a0p25_b0p05__wd1e-04trmiss0_degmodglobal,21,0.6137902587652206,0.663003146648407,0.65,0.6844246031746032,0.7692307692307693,0.0,0.5856053233146667,0.5972689688205719,0.046059717424213886,0.10012709721922874,0.0,0.0,0.0,0.0,0.0,18473,global,0.0
2,2,lr5e-05_bs16_drop0p2_temp1p0_a0p25_b0p05__wd1e-04trmiss0_degmodglobal,16,5e-05,0.0001,0.2,1.0,0.25,0.05,lr5e-05_bs16_drop0p2_temp1p0_a0p25_b0p05__wd1e-04trmiss0_degmodglobal,22,0.5602468103170395,0.6631695628166199,0.65,0.6844246031746032,0.7692307692307693,0.0,0.5753976404666901,0.5401244387030602,0.05975117348134518,0.10369187034666538,0.0,0.0,0.0,0.0,0.0,18473,global,0.0
2,2,lr5e-05_bs16_drop0p2_temp1p0_a0p25_b0p05__wd1e-04trmiss0_degmodglobal,16,5e-05,0.0001,0.2,1.0,0.25,0.05,lr5e-05_bs16_drop0p2_temp1p0_a0p25_b0p05__wd1e-04trmiss0_degmodglobal,23,0.54737339168787,0.6661949157714844,0.6,0.6656114718614718,0.7692307692307693,0.0,0.5667599886655807,0.5321770012378693,0.04370128735899925,0.08542152121663094,0.0,0.0,0.0,0.0,0.0,18473,global,0.0
2,2,lr5e-05_bs16_drop0p2_temp1p0_a0p25_b0p05__wd1e-04trmiss0_degmodglobal,16,5e-05,0.0001,0.2,1.0,0.25,0.05,lr5e-05_bs16_drop0p2_temp1p0_a0p25_b0p05__wd1e-04trmiss0_degmodglobal,24,0.5652061253786087,0.6651930212974548,0.6,0.6656114718614718,0.7692307692307693,0.0,0.5472203940153122,0.5505833476781845,0.04392652492970228,0.07282304111868143,0.0,0.0,0.0,0.0,0.0,18473,global,0.0
2,2,lr5e-05_bs16_drop0p2_temp1p0_a0p25_b0p05__wd1e-04trmiss0_degmodglobal,16,5e-05,0.0001,0.2,1.0,0.25,0.05,lr5e-05_bs16_drop0p2_temp1p0_a0p25_b0p05__wd1e-04trmiss0_degmodglobal,25,0.5679093152284622,0.6626681089401245,0.625,0.7281114718614718,0.7692307692307693,0.0,0.5480615198612213,0.5502529740333557,0.05222663888707757,0.09199286717921495,0.0,0.0,0.0,0.0,0.0,18473,global,0.0
2,2,lr5e-05_bs16_drop0p2_temp1p0_a0p25_b0p05__wd1e-04trmiss0_degmodglobal,16,5e-05,0.0001,0.2,1.0,0.25,0.05,lr5e-05_bs16_drop0p2_temp1p0_a0p25_b0p05__wd1e-04trmiss0_degmodglobal,26,0.5443709790706635,0.6608772277832031,0.625,0.675333694083694,0.7692307692307693,0.0,0.5618065744638443,0.527721956372261,0.048446135595440865,0.09074950963258743,0.0,0.0,0.0,0.0,0.0,18473,global,0.0
2,2,lr5e-05_bs16_drop0p2_temp1p0_a0p25_b0p05__wd1e-04trmiss0_degmodglobal,16,5e-05,0.0001,0.2,1.0,0.25,0.05,lr5e-05_bs16_drop0p2_temp1p0_a0p25_b0p05__wd1e-04trmiss0_degmodglobal,27,0.5834529846906662,0.6625365018844604,0.575,0.6551948051948052,0.7692307692307693,0.0,0.5728262662887573,0.565174400806427,0.055342488922178745,0.0888591124676168,0.0,0.0,0.0,0.0,0.0,18473,global,0.0
2,2,lr5e-05_bs16_drop0p2_temp1p0_a0p25_b0p05__wd1e-04trmiss0_degmodglobal,16,5e-05,0.0001,0.2,1.0,0.25,0.05,lr5e-05_bs16_drop0p2_temp1p0_a0p25_b0p05__wd1e-04trmiss0_degmodglobal,28,0.5645390599966049,0.6641691327095032,0.575,0.6551948051948052,0.7692307692307693,0.0,0.5711998641490936,0.546042263507843,0.05373593932017684,0.10125587414950132,0.0,0.0,0.0,0.0,0.0,18473,global,0.0
2,2,lr5e-05_bs16_drop0p2_temp1p0_a0p25_b0p05__wd1e-04trmiss0_degmodglobal,16,5e-05,0.0001,0.2,1.0,0.25,0.05,lr5e-05_bs16_drop0p2_temp1p0_a0p25_b0p05__wd1e-04trmiss0_degmodglobal,29,0.5653441101312637,0.6643083691596985,0.6,0.6656114718614718,0.7692307692307693,0.0,0.5753220766782761,0.5499558299779892,0.04627491533756256,0.07639088900759816,0.0,0.0,0.0,0.0,0.0,18473,global,0.0
2,2,lr5e-05_bs16_drop0p2_temp1p0_a0p25_b0p05__wd1e-04trmiss0_degmodglobal,16,5e-05,0.0001,0.2,1.0,0.25,0.05,lr5e-05_bs16_drop0p2_temp1p0_a0p25_b0p05__wd1e-04trmiss0_degmodglobal,30,0.5455739200115204,0.6649013757705688,0.6,0.6656114718614718,0.7692307692307693,0.0,0.5676900744438171,0.5235412865877151,0.06342771369963884,0.12351370044052601,0.0,0.0,0.0,0.0,0.0,18473,global,0.0
2,2,lr5e-05_bs16_drop0p2_temp1p0_a0p25_b0p05__wd1e-04trmiss0_degmodglobal,16,5e-05,0.0001,0.2,1.0,0.25,0.05,lr5e-05_bs16_drop0p2_temp1p0_a0p25_b0p05__wd1e-04trmiss0_degmodglobal,31,0.5436374843120575,0.6627179980278015,0.6,0.6656114718614718,0.7692307692307693,0.0,0.5586114227771759,0.5231286361813545,0.05926246661692858,0.11386469379067421,0.0,0.0,0.0,0.0,0.0,18473,global,0.0
2,2,lr5e-05_bs16_drop0p2_temp1p0_a0p25_b0p05__wd1e-04trmiss0_degmodglobal,16,5e-05,0.0001,0.2,1.0,0.25,0.05,lr5e-05_bs16_drop0p2_temp1p0_a0p25_b0p05__wd1e-04trmiss0_degmodglobal,32,0.5287926495075226,0.6615252494812012,0.575,0.6551948051948052,0.7692307692307693,0.0,0.5465431064367294,0.5100522935390472,0.05515270424075425,0.09904373157769442,0.0,0.0,0.0,0.0,0.0,18473,global,0.0
2,2,lr5e-05_bs16_drop0p2_temp1p0_a0p25_b0p05__wd1e-04trmiss0_degmodglobal,16,5e-05,0.0001,0.2,1.0,0.25,0.05,lr5e-05_bs16_drop0p2_temp1p0_a0p25_b0p05__wd1e-04trmiss0_degmodglobal,33,0.5798008367419243,0.6597725749015808,0.6,0.6656114718614718,0.7692307692307693,0.0,0.5683409571647644,0.5607243180274963,0.057253469713032246,0.09526265040040016,0.0,0.0,0.0,0.0,0.0,18473,global,0.0
2,2,lr5e-05_bs16_drop0p2_temp1p0_a0p25_b0p05__wd1e-04trmiss0_degmodglobal,16,5e-05,0.0001,0.2,1.0,0.25,0.05,lr5e-05_bs16_drop0p2_temp1p0_a0p25_b0p05__wd1e-04trmiss0_degmodglobal,34,0.5415659993886948,0.6567195057868958,0.6,0.6656114718614718,0.7692307692307693,0.0,0.5462938845157623,0.5238749235868454,0.05362252425402403,0.0857085632160306,0.0,0.0,0.0,0.0,0.0,18473,global,0.0
2,2,lr5e-05_bs16_drop0p2_temp1p0_a0p25_b0p05__wd1e-04trmiss0_degmodglobal,16,5e-05,0.0001,0.2,1.0,0.25,0.05,lr5e-05_bs16_drop0p2_temp1p0_a0p25_b0p05__wd1e-04trmiss0_degmodglobal,35,0.5468976721167564,0.6555610299110413,0.575,0.6551948051948052,0.7692307692307693,0.0,0.548481673002243,0.5277693793177605,0.058438283391296864,0.09037467651069164,0.0,0.0,0.0,0.0,0.0,18473,global,0.0
2,2,lr5e-05_bs16_drop0p2_temp1p0_a0p25_b0p05__wd1e-04trmiss0_degmodglobal,16,5e-05,0.0001,0.2,1.0,0.25,0.05,lr5e-05_bs16_drop0p2_temp1p0_a0p25_b0p05__wd1e-04trmiss0_degmodglobal,36,0.5426116436719894,0.6526669859886169,0.6,0.6656114718614718,0.7692307692307693,0.0,0.5435656756162643,0.5265637189149857,0.04827299993485212,0.07959341444075108,0.0,0.0,0.0,0.0,0.0,18473,global,0.0
2,2,lr5e-05_bs16_drop0p2_temp1p0_a0p25_b0p05__wd1e-04trmiss0_degmodglobal,16,5e-05,0.0001,0.2,1.0,0.25,0.05,lr5e-05_bs16_drop0p2_temp1p0_a0p25_b0p05__wd1e-04trmiss0_degmodglobal,37,0.5229748636484146,0.6516985297203064,0.6,0.6656114718614718,0.7692307692307693,0.0,0.5454385876655579,0.504697173833847,0.05571810808032751,0.08696316741406918,0.0,0.0,0.0,0.0,0.0,18473,global,0.0
2,2,lr5e-05_bs16_drop0p2_temp1p0_a0p25_b0p05__wd1e-04trmiss0_degmodglobal,16,5e-05,0.0001,0.2,1.0,0.25,0.05,lr5e-05_bs16_drop0p2_temp1p0_a0p25_b0p05__wd1e-04trmiss0_degmodglobal,38,0.5475359261035919,0.6531972289085388,0.575,0.6551948051948052,0.7692307692307693,0.0,0.5578197538852692,0.5318527370691299,0.04831374529749155,0.07209505513310432,0.0,0.0,0.0,0.0,0.0,18473,global,0.0
2,2,lr5e-05_bs16_drop0p2_temp1p0_a0p25_b0p05__wd1e-04trmiss0_degmodglobal,16,5e-05,0.0001,0.2,1.0,0.25,0.05,lr5e-05_bs16_drop0p2_temp1p0_a0p25_b0p05__wd1e-04trmiss0_degmodglobal,39,0.5350247025489807,0.6563402414321899,0.575,0.6551948051948052,0.7692307692307693,0.0,0.540033370256424,0.5128416270017624,0.06769286375492811,0.10519682243466377,0.0,0.0,0.0,0.0,0.0,18473,global,0.0
2,2,lr5e-05_bs16_drop0p2_temp1p0_a0p25_b0p05__wd1e-04trmiss0_degmodglobal,16,5e-05,0.0001,0.2,1.0,0.25,0.05,lr5e-05_bs16_drop0p2_temp1p0_a0p25_b0p05__wd1e-04trmiss0_degmodglobal,40,0.5382822453975677,0.6591329574584961,0.55,0.6440340909090909,0.7692307692307693,0.0,0.5443510562181473,0.51571174710989,0.06059570237994194,0.14843115583062172,0.0,0.0,0.0,0.0,0.0,18473,global,0.0
2,2,lr5e-05_bs16_drop0p2_temp1p0_a0p25_b0p05__wd1e-04trmiss0_degmodglobal,16,5e-05,0.0001,0.2,1.0,0.25,0.05,lr5e-05_bs16_drop0p2_temp1p0_a0p25_b0p05__wd1e-04trmiss0_degmodglobal,41,0.5679840371012688,0.6568370461463928,0.575,0.6551948051948052,0.7692307692307693,0.0,0.5614346116781235,0.5495003908872604,0.057692225091159344,0.08121155947446823,0.0,0.0,0.0,0.0,0.0,18473,global,0.0
2,2,lr5e-05_bs16_drop0p2_temp2p0_a0p25_b0p05__wd1e-04trmiss0_degmodglobal,16,5e-05,0.0001,0.2,2.0,0.25,0.05,lr5e-05_bs16_drop0p2_temp2p0_a0p25_b0p05__wd1e-04trmiss0_degmodglobal,1,0.7307614088058472,0.6962707042694092,0.525,0.7307921245421245,0.5384615384615384,0.0,0.7370270490646362,0.715070828795433,0.04486244451254606,0.08949950151145458,0.0,0.0,0.0,0.0,0.0,18473,global,0.0
2,2,lr5e-05_bs16_drop0p2_temp2p0_a0p25_b0p05__wd1e-04trmiss0_degmodglobal,16,5e-05,0.0001,0.2,2.0,0.25,0.05,lr5e-05_bs16_drop0p2_temp2p0_a0p25_b0p05__wd1e-04trmiss0_degmodglobal,2,0.6907872259616852,0.6926302313804626,0.6000000000000001,0.7974587912087913,0.6153846153846154,0.0,0.7409289926290512,0.6717233061790466,0.04981639236211777,0.13219676911830902,0.0,0.0,0.0,0.0,0.0,18473,global,0.0
2,2,lr5e-05_bs16_drop0p2_temp2p0_a0p25_b0p05__wd1e-04trmiss0_degmodglobal,16,5e-05,0.0001,0.2,2.0,0.25,0.05,lr5e-05_bs16_drop0p2_temp2p0_a0p25_b0p05__wd1e-04trmiss0_degmodglobal,3,0.7012848258018494,0.6904668807983398,0.65,0.8189685314685314,0.6923076923076923,0.0,0.7044043093919754,0.6828958541154861,0.04890434816479683,0.12325768545269966,0.0,0.0,0.0,0.0,0.0,18473,global,0.0
2,2,lr5e-05_bs16_drop0p2_temp2p0_a0p25_b0p05__wd1e-04trmiss0_degmodglobal,16,5e-05,0.0001,0.2,2.0,0.25,0.05,lr5e-05_bs16_drop0p2_temp2p0_a0p25_b0p05__wd1e-04trmiss0_degmodglobal,4,0.692169725894928,0.6875591278076172,0.625,0.8290064102564103,0.6923076923076923,0.0,0.7242826968431473,0.6752367913722992,0.046683319844305515,0.105242183431983,0.0,0.0,0.0,0.0,0.0,18473,global,0.0
2,2,lr5e-05_bs16_drop0p2_temp2p0_a0p25_b0p05__wd1e-04trmiss0_degmodglobal,16,5e-05,0.0001,0.2,2.0,0.25,0.05,lr5e-05_bs16_drop0p2_temp2p0_a0p25_b0p05__wd1e-04trmiss0_degmodglobal,5,0.654582679271698,0.6851407885551453,0.6,0.8221882284382285,0.6923076923076923,0.0,0.674174427986145,0.6381460577249527,0.04487391281872988,0.10436309594660997,0.0,0.0,0.0,0.0,0.0,18473,global,0.0
2,2,lr5e-05_bs16_drop0p2_temp2p0_a0p25_b0p05__wd1e-04trmiss0_degmodglobal,16,5e-05,0.0001,0.2,2.0,0.25,0.05,lr5e-05_bs16_drop0p2_temp2p0_a0p25_b0p05__wd1e-04trmiss0_degmodglobal,6,0.6574922353029251,0.681256890296936,0.65,0.8356351981351982,0.6923076923076923,0.0,0.6760492920875549,0.6404906958341599,0.04994556587189436,0.09030290599912405,0.0,0.0,0.0,0.0,0.0,18473,global,0.0
2,2,lr5e-05_bs16_drop0p2_temp2p0_a0p25_b0p05__wd1e-04trmiss0_degmodglobal,16,5e-05,0.0001,0.2,2.0,0.25,0.05,lr5e-05_bs16_drop0p2_temp2p0_a0p25_b0p05__wd1e-04trmiss0_degmodglobal,7,0.6454579383134842,0.6804899573326111,0.7,0.8503787878787878,0.6923076923076923,0.0,0.6382652223110199,0.6287999451160431,0.04753620456904173,0.0954788327217102,0.0,0.0,0.0,0.0,0.0,18473,global,0.0
2,2,lr5e-05_bs16_drop0p2_temp2p0_a0p25_b0p05__wd1e-04trmiss0_degmodglobal,16,5e-05,0.0001,0.2,2.0,0.25,0.05,lr5e-05_bs16_drop0p2_temp2p0_a0p25_b0p05__wd1e-04trmiss0_degmodglobal,8,0.6338604241609573,0.6776608228683472,0.675,0.8354978354978355,0.6153846153846154,0.0,0.6398319453001022,0.6147412210702896,0.05551774986088276,0.10479539446532726,0.0,0.0,0.0,0.0,0.0,18473,global,0.0
2,2,lr5e-05_bs16_drop0p2_temp2p0_a0p25_b0p05__wd1e-04trmiss0_degmodglobal,16,5e-05,0.0001,0.2,2.0,0.25,0.05,lr5e-05_bs16_drop0p2_temp2p0_a0p25_b0p05__wd1e-04trmiss0_degmodglobal,9,0.6454492509365082,0.6809206008911133,0.65,0.8356351981351982,0.6153846153846154,0.0,0.6515559256076813,0.6326952576637268,0.03949710913002491,0.0575943854637444,0.0,0.0,0.0,0.0,0.0,18473,global,0.0
2,2,lr5e-05_bs16_drop0p2_temp2p0_a0p25_b0p05__wd1e-04trmiss0_degmodglobal,16,5e-05,0.0001,0.2,2.0,0.25,0.05,lr5e-05_bs16_drop0p2_temp2p0_a0p25_b0p05__wd1e-04trmiss0_degmodglobal,10,0.625004917383194,0.6849870681762695,0.625,0.8207542457542458,0.6153846153846154,0.0,0.6216440200805664,0.613319456577301,0.033566728699952364,0.0658753365278244,0.0,0.0,0.0,0.0,0.0,18473,global,0.0
2,2,lr5e-05_bs16_drop0p2_temp2p0_a0p25_b0p05__wd1e-04trmiss0_degmodglobal,16,5e-05,0.0001,0.2,2.0,0.25,0.05,lr5e-05_bs16_drop0p2_temp2p0_a0p25_b0p05__wd1e-04trmiss0_degmodglobal,11,0.6434187144041061,0.6855425238609314,0.625,0.8207542457542458,0.5384615384615384,0.0,0.6532894670963287,0.6297385692596436,0.0435049245133996,0.05607806425541639,0.0,0.0,0.0,0.0,0.0,18473,global,0.0
2,2,lr5e-05_bs16_drop0p2_temp2p0_a0p25_b0p05__wd1e-04trmiss0_degmodglobal,16,5e-05,0.0001,0.2,2.0,0.25,0.05,lr5e-05_bs16_drop0p2_temp2p0_a0p25_b0p05__wd1e-04trmiss0_degmodglobal,12,0.614397257566452,0.6841696500778198,0.625,0.8207542457542458,0.5384615384615384,0.0,0.6109746992588043,0.5921019166707993,0.059116207994520664,0.1503258002921939,0.0,0.0,0.0,0.0,0.0,18473,global,0.0
2,2,lr5e-05_bs16_drop0p2_temp2p0_a0p25_b0p05__wd1e-04trmiss0_degmodglobal,16,5e-05,0.0001,0.2,2.0,0.25,0.05,lr5e-05_bs16_drop0p2_temp2p0_a0p25_b0p05__wd1e-04trmiss0_degmodglobal,13,0.6192484200000763,0.6825180053710938,0.625,0.8207542457542458,0.5384615384615384,0.0,0.6170546561479568,0.6048994064331055,0.041219528298825026,0.08088259398937225,0.0,0.0,0.0,0.0,0.0,18473,global,0.0
2,2,lr5e-05_bs16_drop0p2_temp2p0_a0p25_b0p05__wd1e-04trmiss0_degmodglobal,16,5e-05,0.0001,0.2,2.0,0.25,0.05,lr5e-05_bs16_drop0p2_temp2p0_a0p25_b0p05__wd1e-04trmiss0_degmodglobal,14,0.5973814576864243,0.6819722652435303,0.625,0.8207542457542458,0.5384615384615384,0.0,0.5816895514726639,0.5808466374874115,0.05022453889250755,0.07957344455644488,0.0,0.0,0.0,0.0,0.0,18473,global,0.0
2,2,lr5e-05_bs16_drop0p2_temp2p0_a0p25_b0p05__wd1e-04trmiss0_degmodglobal,16,5e-05,0.0001,0.2,2.0,0.25,0.05,lr5e-05_bs16_drop0p2_temp2p0_a0p25_b0p05__wd1e-04trmiss0_degmodglobal,15,0.6080872565507889,0.6828547716140747,0.625,0.8160037878787878,0.5384615384615384,0.0,0.5832362920045853,0.5908578336238861,0.05380458664149046,0.07556571438908577,0.0,0.0,0.0,0.0,0.0,18473,global,0.0
2,2,lr5e-05_bs16_drop0p2_temp2p0_a0p25_b0p05__wd1e-04trmiss0_degmodglobal,16,5e-05,0.0001,0.2,2.0,0.25,0.05,lr5e-05_bs16_drop0p2_temp2p0_a0p25_b0p05__wd1e-04trmiss0_degmodglobal,16,0.5933524370193481,0.682089626789093,0.625,0.8160037878787878,0.5384615384615384,0.0,0.5663982331752777,0.5780560374259949,0.04954143613576889,0.05822079535573721,0.0,0.0,0.0,0.0,0.0,18473,global,0.0
2,2,lr5e-05_bs16_drop0p2_temp2p0_a0p25_b0p05__wd1e-04trmiss0_degmodglobal,16,5e-05,0.0001,0.2,2.0,0.25,0.05,lr5e-05_bs16_drop0p2_temp2p0_a0p25_b0p05__wd1e-04trmiss0_degmodglobal,17,0.5859166532754898,0.684544026851654,0.6000000000000001,0.8095935314685314,0.46153846153846156,0.0,0.5765497535467148,0.5689910650253296,0.05122349504381418,0.08239450678229332,0.0,0.0,0.0,0.0,0.0,18473,global,0.0
2,2,lr5e-05_bs16_drop0p2_temp2p0_a0p25_b0p05__wd1e-04trmiss0_degmodglobal,16,5e-05,0.0001,0.2,2.0,0.25,0.05,lr5e-05_bs16_drop0p2_temp2p0_a0p25_b0p05__wd1e-04trmiss0_degmodglobal,18,0.6093059778213501,0.6876919269561768,0.6000000000000001,0.7910037878787879,0.46153846153846156,0.0,0.5666943341493607,0.5906584858894348,0.057623857632279396,0.08483083080500364,0.0,0.0,0.0,0.0,0.0,18473,global,0.0
2,2,lr5e-05_bs16_drop0p2_temp2p0_a0p25_b0p05__wd1e-04trmiss0_degmodglobal,16,5e-05,0.0001,0.2,2.0,0.25,0.05,lr5e-05_bs16_drop0p2_temp2p0_a0p25_b0p05__wd1e-04trmiss0_degmodglobal,19,0.5991431474685669,0.6873669624328613,0.6000000000000001,0.8095935314685314,0.46153846153846156,0.0,0.5815983861684799,0.5853811949491501,0.04306684248149395,0.05990498373284936,0.0,0.0,0.0,0.0,0.0,18473,global,0.0
2,2,lr5e-05_bs16_drop0p2_temp2p0_a0p25_b0p05__wd1e-04trmiss0_degmodglobal,16,5e-05,0.0001,0.2,2.0,0.25,0.05,lr5e-05_bs16_drop0p2_temp2p0_a0p25_b0p05__wd1e-04trmiss0_degmodglobal,20,0.5943431407213211,0.6839618682861328,0.625,0.8160037878787878,0.46153846153846156,0.0,0.5643151104450226,0.5781642496585846,0.04893377795815468,0.07890856731683016,0.0,0.0,0.0,0.0,0.0,18473,global,0.0
2,2,lr5e-05_bs16_drop0p2_temp2p0_a0p25_b0p05__wd1e-04trmiss0_degmodglobal,16,5e-05,0.0001,0.2,2.0,0.25,0.05,lr5e-05_bs16_drop0p2_temp2p0_a0p25_b0p05__wd1e-04trmiss0_degmodglobal,21,0.5811853557825089,0.6798301339149475,0.6000000000000001,0.7910037878787879,0.46153846153846156,0.0,0.5681692361831665,0.5636363923549652,0.05253508221358061,0.08830373361706734,0.0,0.0,0.0,0.0,0.0,18473,global,0.0
2,2,lr5e-05_bs16_drop0p2_temp2p0_a0p25_b0p05__wd1e-04trmiss0_degmodglobal,16,5e-05,0.0001,0.2,2.0,0.25,0.05,lr5e-05_bs16_drop0p2_temp2p0_a0p25_b0p05__wd1e-04trmiss0_degmodglobal,22,0.6102026253938675,0.6748837828636169,0.625,0.8160037878787878,0.46153846153846156,0.0,0.5617710202932358,0.5847380608320236,0.06866654753684998,0.1659587286412716,0.0,0.0,0.0,0.0,0.0,18473,global,0.0
2,2,lr5e-05_bs16_drop0p2_temp2p0_a0p25_b0p05__wd1e-04trmiss0_degmodglobal,16,5e-05,0.0001,0.2,2.0,0.25,0.05,lr5e-05_bs16_drop0p2_temp2p0_a0p25_b0p05__wd1e-04trmiss0_degmodglobal,23,0.5705269575119019,0.6711735725402832,0.625,0.8160037878787878,0.46153846153846156,0.0,0.5544779300689697,0.5547388717532158,0.04510867316275835,0.09021851606667042,0.0,0.0,0.0,0.0,0.0,18473,global,0.0
2,2,lr5e-05_bs16_drop0p2_temp2p0_a0p25_b0p05__wd1e-04trmiss0_degmodglobal,16,5e-05,0.0001,0.2,2.0,0.25,0.05,lr5e-05_bs16_drop0p2_temp2p0_a0p25_b0p05__wd1e-04trmiss0_degmodglobal,24,0.5734764188528061,0.6702236533164978,0.625,0.8160037878787878,0.5384615384615384,0.0,0.5541087687015533,0.5623502135276794,0.03800661116838455,0.03249137999955565,0.0,0.0,0.0,0.0,0.0,18473,global,0.0
2,2,lr5e-05_bs16_drop0p2_temp2p0_a0p25_b0p05__wd1e-04trmiss0_degmodglobal,16,5e-05,0.0001,0.2,2.0,0.25,0.05,lr5e-05_bs16_drop0p2_temp2p0_a0p25_b0p05__wd1e-04trmiss0_degmodglobal,25,0.5783700197935104,0.667273759841919,0.625,0.8160037878787878,0.5384615384615384,0.0,0.5485655963420868,0.5607158839702606,0.0502045419998467,0.10206014383584261,0.0,0.0,0.0,0.0,0.0,18473,global,0.0
2,2,lr5e-05_bs16_drop0p2_temp2p0_a0p25_b0p05__wd1e-04trmiss0_degmodglobal,16,5e-05,0.0001,0.2,2.0,0.25,0.05,lr5e-05_bs16_drop0p2_temp2p0_a0p25_b0p05__wd1e-04trmiss0_degmodglobal,26,0.609207034111023,0.6690917611122131,0.625,0.8160037878787878,0.5384615384615384,0.0,0.5539042726159096,0.5942180007696152,0.04717568960040808,0.0639022954273969,0.0,0.0,0.0,0.0,0.0,18473,global,0.0
2,2,lr5e-05_bs16_drop0p2_temp2p0_a0p25_b0p05__wd1e-04trmiss0_degmodglobal,16,5e-05,0.0001,0.2,2.0,0.25,0.05,lr5e-05_bs16_drop0p2_temp2p0_a0p25_b0p05__wd1e-04trmiss0_degmodglobal,27,0.608535498380661,0.6687303781509399,0.6499999999999999,0.8271645021645022,0.5384615384615384,0.0,0.5611369758844376,0.5906711369752884,0.053240301087498665,0.09108555596321821,0.0,0.0,0.0,0.0,0.0,18473,global,0.0
2,2,lr5e-05_bs16_drop0p4_temp1p0_a0p25_b0p05__wd1e-04trmiss0_degmodglobal,16,5e-05,0.0001,0.4,1.0,0.25,0.05,lr5e-05_bs16_drop0p4_temp1p0_a0p25_b0p05__wd1e-04trmiss0_degmodglobal,1,0.7161185294389725,0.6645446419715881,0.8,0.7713789682539682,0.6923076923076923,0.0,0.6762711405754089,0.6829046756029129,0.09606776759028435,0.18393823876976967,0.0,0.0,0.0,0.0,0.0,18473,global,0.0
2,2,lr5e-05_bs16_drop0p4_temp1p0_a0p25_b0p05__wd1e-04trmiss0_degmodglobal,16,5e-05,0.0001,0.4,1.0,0.25,0.05,lr5e-05_bs16_drop0p4_temp1p0_a0p25_b0p05__wd1e-04trmiss0_degmodglobal,2,0.6836849898099899,0.6616706252098083,0.8250000000000001,0.8338789682539682,0.6923076923076923,0.0,0.6787737756967545,0.6579767912626266,0.07295354548841715,0.1493961326777935,0.0,0.0,0.0,0.0,0.0,18473,global,0.0
2,2,lr5e-05_bs16_drop0p4_temp1p0_a0p25_b0p05__wd1e-04trmiss0_degmodglobal,16,5e-05,0.0001,0.4,1.0,0.25,0.05,lr5e-05_bs16_drop0p4_temp1p0_a0p25_b0p05__wd1e-04trmiss0_degmodglobal,3,0.6705493181943893,0.6586920022964478,0.75,0.7481150793650794,0.6923076923076923,0.0,0.6519702523946762,0.6397941708564758,0.08856999315321445,0.1722525879740715,0.0,0.0,0.0,0.0,0.0,18473,global,0.0
2,2,lr5e-05_bs16_drop0p4_temp1p0_a0p25_b0p05__wd1e-04trmiss0_degmodglobal,16,5e-05,0.0001,0.4,1.0,0.25,0.05,lr5e-05_bs16_drop0p4_temp1p0_a0p25_b0p05__wd1e-04trmiss0_degmodglobal,4,0.6828841418027878,0.6579582691192627,0.825,0.8644345238095238,0.7692307692307693,0.0,0.6535653918981552,0.6510461568832397,0.0885071661323309,0.19422397390007973,0.0,0.0,0.0,0.0,0.0,18473,global,0.0
2,2,lr5e-05_bs16_drop0p4_temp1p0_a0p25_b0p05__wd1e-04trmiss0_degmodglobal,16,5e-05,0.0001,0.4,1.0,0.25,0.05,lr5e-05_bs16_drop0p4_temp1p0_a0p25_b0p05__wd1e-04trmiss0_degmodglobal,5,0.678531289100647,0.6517787575721741,0.825,0.8644345238095238,0.8461538461538461,0.0,0.643791139125824,0.6327820122241974,0.12098465487360954,0.31006208807229996,0.0,0.0,0.0,0.0,0.0,18473,global,0.0
2,2,lr5e-05_bs16_drop0p4_temp1p0_a0p25_b0p05__wd1e-04trmiss0_degmodglobal,16,5e-05,0.0001,0.4,1.0,0.25,0.05,lr5e-05_bs16_drop0p4_temp1p0_a0p25_b0p05__wd1e-04trmiss0_degmodglobal,6,0.6625192016363144,0.6481589078903198,0.925,0.9526289682539683,0.8461538461538461,0.0,0.6059306859970093,0.6243326663970947,0.11643694154918194,0.18154620751738548,0.0,0.0,0.0,0.0,0.0,18473,global,0.0
2,2,lr5e-05_bs16_drop0p4_temp1p0_a0p25_b0p05__wd1e-04trmiss0_degmodglobal,16,5e-05,0.0001,0.4,1.0,0.25,0.05,lr5e-05_bs16_drop0p4_temp1p0_a0p25_b0p05__wd1e-04trmiss0_degmodglobal,7,0.6710398346185684,0.6480501890182495,0.85,0.9202741702741702,0.6923076923076923,0.0,0.6213023960590363,0.6354121118783951,0.09794201329350471,0.2228444516658783,0.0,0.0,0.0,0.0,0.0,18473,global,0.0
2,2,lr5e-05_bs16_drop0p4_temp1p0_a0p25_b0p05__wd1e-04trmiss0_degmodglobal,16,5e-05,0.0001,0.4,1.0,0.25,0.05,lr5e-05_bs16_drop0p4_temp1p0_a0p25_b0p05__wd1e-04trmiss0_degmodglobal,8,0.6236180514097214,0.6485409140586853,0.8,0.8993055555555556,0.6923076923076923,0.0,0.5878165513277054,0.5902869403362274,0.10044020600616932,0.16442112252116203,0.0,0.0,0.0,0.0,0.0,18473,global,0.0
2,2,lr5e-05_bs16_drop0p4_temp1p0_a0p25_b0p05__wd1e-04trmiss0_degmodglobal,16,5e-05,0.0001,0.4,1.0,0.25,0.05,lr5e-05_bs16_drop0p4_temp1p0_a0p25_b0p05__wd1e-04trmiss0_degmodglobal,9,0.6608098447322845,0.648132860660553,0.75,0.8534722222222222,0.6923076923076923,0.0,0.5976645946502686,0.6315942853689194,0.08093824796378613,0.17961948737502098,0.0,0.0,0.0,0.0,0.0,18473,global,0.0
2,2,lr5e-05_bs16_drop0p4_temp1p0_a0p25_b0p05__wd1e-04trmiss0_degmodglobal,16,5e-05,0.0001,0.4,1.0,0.25,0.05,lr5e-05_bs16_drop0p4_temp1p0_a0p25_b0p05__wd1e-04trmiss0_degmodglobal,10,0.6291225701570511,0.6424702405929565,0.725,0.8200757575757576,0.6153846153846154,0.0,0.6196493208408356,0.5964068621397018,0.10016836784780025,0.15347250644117594,0.0,0.0,0.0,0.0,0.0,18473,global,0.0
2,2,lr5e-05_bs16_drop0p4_temp1p0_a0p25_b0p05__wd1e-04trmiss0_degmodglobal,16,5e-05,0.0001,0.4,1.0,0.25,0.05,lr5e-05_bs16_drop0p4_temp1p0_a0p25_b0p05__wd1e-04trmiss0_degmodglobal,11,0.6279883086681366,0.642002522945404,0.75,0.865909090909091,0.6153846153846154,0.0,0.5882949233055115,0.5911561995744705,0.09465198963880539,0.2633819319307804,0.0,0.0,0.0,0.0,0.0,18473,global,0.0
2,2,lr5e-05_bs16_drop0p4_temp1p0_a0p25_b0p05__wd1e-04trmiss0_degmodglobal,16,5e-05,0.0001,0.4,1.0,0.25,0.05,lr5e-05_bs16_drop0p4_temp1p0_a0p25_b0p05__wd1e-04trmiss0_degmodglobal,12,0.5987486839294434,0.643720269203186,0.725,0.8200757575757576,0.6153846153846154,0.0,0.5875845402479172,0.5706217437982559,0.08383966516703367,0.14334041625261307,0.0,0.0,0.0,0.0,0.0,18473,global,0.0
2,2,lr5e-05_bs16_drop0p4_temp1p0_a0p25_b0p05__wd1e-04trmiss0_degmodglobal,16,5e-05,0.0001,0.4,1.0,0.25,0.05,lr5e-05_bs16_drop0p4_temp1p0_a0p25_b0p05__wd1e-04trmiss0_degmodglobal,13,0.6565169394016266,0.6432729959487915,0.725,0.8200757575757576,0.6923076923076923,0.0,0.5856371521949768,0.6180856972932816,0.10817363858222961,0.2277565412223339,0.0,0.0,0.0,0.0,0.0,18473,global,0.0
2,2,lr5e-05_bs16_drop0p4_temp1p0_a0p25_b0p05__wd1e-04trmiss0_degmodglobal,16,5e-05,0.0001,0.4,1.0,0.25,0.05,lr5e-05_bs16_drop0p4_temp1p0_a0p25_b0p05__wd1e-04trmiss0_degmodglobal,14,0.6281759440898895,0.6511239409446716,0.6499999999999999,0.7604166666666667,0.6923076923076923,0.0,0.5857506692409515,0.5929673165082932,0.10251637920737267,0.19159095361828804,0.0,0.0,0.0,0.0,0.0,18473,global,0.0
2,2,lr5e-05_bs16_drop0p4_temp1p0_a0p25_b0p05__wd1e-04trmiss0_degmodglobal,16,5e-05,0.0001,0.4,1.0,0.25,0.05,lr5e-05_bs16_drop0p4_temp1p0_a0p25_b0p05__wd1e-04trmiss0_degmodglobal,15,0.619802787899971,0.6471371054649353,0.65,0.7054924242424243,0.6923076923076923,0.0,0.5784304887056351,0.5851810872554779,0.09655234776437283,0.20967230759561062,0.0,0.0,0.0,0.0,0.0,18473,global,0.0
2,2,lr5e-05_bs16_drop0p4_temp1p0_a0p25_b0p05__wd1e-04trmiss0_degmodglobal,16,5e-05,0.0001,0.4,1.0,0.25,0.05,lr5e-05_bs16_drop0p4_temp1p0_a0p25_b0p05__wd1e-04trmiss0_degmodglobal,16,0.6462378054857254,0.6492594480514526,0.65,0.7054924242424243,0.6923076923076923,0.0,0.6074082851409912,0.6176058501005173,0.0839095450937748,0.15309149399399757,0.0,0.0,0.0,0.0,0.0,18473,global,0.0
2,2,lr5e-05_bs16_drop0p4_temp1p0_a0p25_b0p05__wd1e-04trmiss0_degmodglobal,16,5e-05,0.0001,0.4,1.0,0.25,0.05,lr5e-05_bs16_drop0p4_temp1p0_a0p25_b0p05__wd1e-04trmiss0_degmodglobal,17,0.6548270434141159,0.6481881737709045,0.65,0.7054924242424243,0.6923076923076923,0.0,0.6064348220825195,0.6164786666631699,0.10876383073627949,0.22314834594726562,0.0,0.0,0.0,0.0,0.0,18473,global,0.0
2,2,lr5e-05_bs16_drop0p4_temp1p0_a0p25_b0p05__wd1e-04trmiss0_degmodglobal,16,5e-05,0.0001,0.4,1.0,0.25,0.05,lr5e-05_bs16_drop0p4_temp1p0_a0p25_b0p05__wd1e-04trmiss0_degmodglobal,18,0.610515832901001,0.6460666656494141,0.675,0.7159090909090909,0.6923076923076923,0.0,0.5997235476970673,0.5755894035100937,0.09859955310821533,0.2055308036506176,0.0,0.0,0.0,0.0,0.0,18473,global,0.0
2,2,lr5e-05_bs16_drop0p4_temp1p0_a0p25_b0p05__wd1e-04trmiss0_degmodglobal,16,5e-05,0.0001,0.4,1.0,0.25,0.05,lr5e-05_bs16_drop0p4_temp1p0_a0p25_b0p05__wd1e-04trmiss0_degmodglobal,19,0.5809781402349472,0.6447968482971191,0.675,0.7159090909090909,0.7692307692307693,0.0,0.5865649729967117,0.5529918223619461,0.08501595444977283,0.13464687950909138,0.0,0.0,0.0,0.0,0.0,18473,global,0.0
2,2,lr5e-05_bs16_drop0p4_temp1p0_a0p25_b0p05__wd1e-04trmiss0_degmodglobal,16,5e-05,0.0001,0.4,1.0,0.25,0.05,lr5e-05_bs16_drop0p4_temp1p0_a0p25_b0p05__wd1e-04trmiss0_degmodglobal,20,0.6053182482719421,0.6440335512161255,0.65,0.7010281385281386,0.7692307692307693,0.0,0.5803737938404083,0.5611012727022171,0.12279258854687214,0.27037662267684937,0.0,0.0,0.0,0.0,0.0,18473,global,0.0
2,2,lr5e-05_bs16_drop0p4_temp1p0_a0p25_b0p05__wd1e-04trmiss0_degmodglobal,16,5e-05,0.0001,0.4,1.0,0.25,0.05,lr5e-05_bs16_drop0p4_temp1p0_a0p25_b0p05__wd1e-04trmiss0_degmodglobal,21,0.6074894815683365,0.6507737040519714,0.65,0.7010281385281386,0.7692307692307693,0.0,0.5969318598508835,0.5737869590520859,0.10018809139728546,0.17311007156968117,0.0,0.0,0.0,0.0,0.0,18473,global,0.0
2,2,lr5e-05_bs16_drop0p4_temp1p0_a0p25_b0p05__wd1e-04trmiss0_degmodglobal,16,5e-05,0.0001,0.4,1.0,0.25,0.05,lr5e-05_bs16_drop0p4_temp1p0_a0p25_b0p05__wd1e-04trmiss0_degmodglobal,22,0.5723738968372345,0.64767986536026,0.65,0.7010281385281386,0.7692307692307693,0.0,0.5651242882013321,0.5355881154537201,0.10552809946238995,0.20807507261633873,0.0,0.0,0.0,0.0,0.0,18473,global,0.0
2,2,lr5e-05_bs16_drop0p4_temp1p0_a0p25_b0p05__wd1e-04trmiss0_degmodglobal,16,5e-05,0.0001,0.4,1.0,0.25,0.05,lr5e-05_bs16_drop0p4_temp1p0_a0p25_b0p05__wd1e-04trmiss0_degmodglobal,23,0.6122982949018478,0.6452833414077759,0.675,0.7635281385281386,0.6923076923076923,0.0,0.6120655834674835,0.5833288282155991,0.08343482576310635,0.16221561282873154,0.0,0.0,0.0,0.0,0.0,18473,global,0.0
2,2,lr5e-05_bs16_drop0p4_temp1p0_a0p25_b0p05__wd1e-04trmiss0_degmodglobal,16,5e-05,0.0001,0.4,1.0,0.25,0.05,lr5e-05_bs16_drop0p4_temp1p0_a0p25_b0p05__wd1e-04trmiss0_degmodglobal,24,0.5961581319570541,0.6471807360649109,0.625,0.6843614718614719,0.6923076923076923,0.0,0.5378234684467316,0.5645417496562004,0.09138415195047855,0.175406901165843,0.0,0.0,0.0,0.0,0.0,18473,global,0.0
2,2,lr5e-05_bs16_drop0p4_temp1p0_a0p25_b0p05__wd1e-04trmiss0_degmodglobal,16,5e-05,0.0001,0.4,1.0,0.25,0.05,lr5e-05_bs16_drop0p4_temp1p0_a0p25_b0p05__wd1e-04trmiss0_degmodglobal,25,0.58882737159729,0.6476882100105286,0.625,0.6843614718614719,0.6923076923076923,0.0,0.565669596195221,0.5455361306667328,0.12897182814776897,0.2209656536579132,0.0,0.0,0.0,0.0,0.0,18473,global,0.0
2,2,lr5e-05_bs16_drop0p4_temp1p0_a0p25_b0p05__wd1e-04trmiss0_degmodglobal,16,5e-05,0.0001,0.4,1.0,0.25,0.05,lr5e-05_bs16_drop0p4_temp1p0_a0p25_b0p05__wd1e-04trmiss0_degmodglobal,26,0.5860329568386078,0.6474757194519043,0.625,0.6843614718614719,0.7692307692307693,0.0,0.5513948947191238,0.5479838997125626,0.11274689994752407,0.19724648632109165,0.0,0.0,0.0,0.0,0.0,18473,global,0.0
2,2,lr5e-05_bs16_drop0p4_temp2p0_a0p25_b0p05__wd1e-04trmiss0_degmodglobal,16,5e-05,0.0001,0.4,2.0,0.25,0.05,lr5e-05_bs16_drop0p4_temp2p0_a0p25_b0p05__wd1e-04trmiss0_degmodglobal,1,0.8497398048639297,0.7157235145568848,0.5750000000000001,0.7030143467643467,0.3076923076923077,0.0,0.7202870845794678,0.7963503003120422,0.1344369649887085,0.3956054374575615,0.0,0.0,0.0,0.0,0.0,18473,global,0.0
2,2,lr5e-05_bs16_drop0p4_temp2p0_a0p25_b0p05__wd1e-04trmiss0_degmodglobal,16,5e-05,0.0001,0.4,2.0,0.25,0.05,lr5e-05_bs16_drop0p4_temp2p0_a0p25_b0p05__wd1e-04trmiss0_degmodglobal,2,0.7547395676374435,0.7100322842597961,0.55,0.6405143467643467,0.3076923076923077,0.0,0.7209151536226273,0.7205197960138321,0.09251735918223858,0.221808522939682,0.0,0.0,0.0,0.0,0.0,18473,global,0.0
2,2,lr5e-05_bs16_drop0p4_temp2p0_a0p25_b0p05__wd1e-04trmiss0_degmodglobal,16,5e-05,0.0001,0.4,2.0,0.25,0.05,lr5e-05_bs16_drop0p4_temp2p0_a0p25_b0p05__wd1e-04trmiss0_degmodglobal,3,0.779615119099617,0.7083714008331299,0.55,0.6405143467643467,0.3076923076923077,0.0,0.6635239571332932,0.7436747252941132,0.09294751845300198,0.25407014042139053,0.0,0.0,0.0,0.0,0.0,18473,global,0.0
2,2,lr5e-05_bs16_drop0p4_temp2p0_a0p25_b0p05__wd1e-04trmiss0_degmodglobal,16,5e-05,0.0001,0.4,2.0,0.25,0.05,lr5e-05_bs16_drop0p4_temp2p0_a0p25_b0p05__wd1e-04trmiss0_degmodglobal,4,0.7005903124809265,0.7025863528251648,0.55,0.6405143467643467,0.3076923076923077,0.0,0.6507524996995926,0.6741710305213928,0.07482456602156162,0.1542631760239601,0.0,0.0,0.0,0.0,0.0,18473,global,0.0
2,2,lr5e-05_bs16_drop0p4_temp2p0_a0p25_b0p05__wd1e-04trmiss0_degmodglobal,16,5e-05,0.0001,0.4,2.0,0.25,0.05,lr5e-05_bs16_drop0p4_temp2p0_a0p25_b0p05__wd1e-04trmiss0_degmodglobal,5,0.7518845051527023,0.6956764459609985,0.55,0.6405143467643467,0.38461538461538464,0.0,0.6612298786640167,0.719966322183609,0.09016281180083752,0.18754942715168,0.0,0.0,0.0,0.0,0.0,18473,global,0.0
2,2,lr5e-05_bs16_drop0p4_temp2p0_a0p25_b0p05__wd1e-04trmiss0_degmodglobal,16,5e-05,0.0001,0.4,2.0,0.25,0.05,lr5e-05_bs16_drop0p4_temp2p0_a0p25_b0p05__wd1e-04trmiss0_degmodglobal,6,0.7256088405847549,0.6947738528251648,0.575,0.6469246031746031,0.38461538461538464,0.0,0.6643391847610474,0.7018469125032425,0.06676827929913998,0.14139732904732227,0.0,0.0,0.0,0.0,0.0,18473,global,0.0
2,2,lr5e-05_bs16_drop0p4_temp2p0_a0p25_b0p05__wd1e-04trmiss0_degmodglobal,16,5e-05,0.0001,0.4,2.0,0.25,0.05,lr5e-05_bs16_drop0p4_temp2p0_a0p25_b0p05__wd1e-04trmiss0_degmodglobal,7,0.7004006206989288,0.6959868669509888,0.55,0.6405143467643467,0.38461538461538464,0.0,0.6495436131954193,0.6729950159788132,0.0756776761263609,0.16972397081553936,0.0,0.0,0.0,0.0,0.0,18473,global,0.0
2,2,lr5e-05_bs16_drop0p4_temp2p0_a0p25_b0p05__wd1e-04trmiss0_degmodglobal,16,5e-05,0.0001,0.4,2.0,0.25,0.05,lr5e-05_bs16_drop0p4_temp2p0_a0p25_b0p05__wd1e-04trmiss0_degmodglobal,8,0.7163737118244171,0.6937048435211182,0.6,0.6545003607503607,0.46153846153846156,0.0,0.6445640623569489,0.6842128336429596,0.08739942405372858,0.2062206845730543,0.0,0.0,0.0,0.0,0.0,18473,global,0.0
2,2,lr5e-05_bs16_drop0p4_temp2p0_a0p25_b0p05__wd1e-04trmiss0_degmodglobal,16,5e-05,0.0001,0.4,2.0,0.25,0.05,lr5e-05_bs16_drop0p4_temp2p0_a0p25_b0p05__wd1e-04trmiss0_degmodglobal,9,0.6977443099021912,0.6965162754058838,0.6,0.6545003607503607,0.38461538461538464,0.0,0.647717610001564,0.674324706196785,0.06444540806114674,0.146164670586586,0.0,0.0,0.0,0.0,0.0,18473,global,0.0
2,2,lr5e-05_bs16_drop0p4_temp2p0_a0p25_b0p05__wd1e-04trmiss0_degmodglobal,16,5e-05,0.0001,0.4,2.0,0.25,0.05,lr5e-05_bs16_drop0p4_temp2p0_a0p25_b0p05__wd1e-04trmiss0_degmodglobal,10,0.6547919660806656,0.6943348050117493,0.6,0.6545003607503607,0.38461538461538464,0.0,0.6303358525037766,0.6306744366884232,0.07146682217717171,0.1250163782387972,0.0,0.0,0.0,0.0,0.0,18473,global,0.0
2,2,lr5e-05_bs16_drop0p4_temp2p0_a0p25_b0p05__wd1e-04trmiss0_degmodglobal,16,5e-05,0.0001,0.4,2.0,0.25,0.05,lr5e-05_bs16_drop0p4_temp2p0_a0p25_b0p05__wd1e-04trmiss0_degmodglobal,11,0.6769156754016876,0.6933887600898743,0.6,0.6545003607503607,0.38461538461538464,0.0,0.6061294376850128,0.6514522135257721,0.07155450247228146,0.15149685181677341,0.0,0.0,0.0,0.0,0.0,18473,global,0.0
2,2,lr5e-05_bs16_drop0p4_temp2p0_a0p25_b0p05__wd1e-04trmiss0_degmodglobal,16,5e-05,0.0001,0.4,2.0,0.25,0.05,lr5e-05_bs16_drop0p4_temp2p0_a0p25_b0p05__wd1e-04trmiss0_degmodglobal,12,0.6833325624465942,0.6919309496879578,0.6,0.6545003607503607,0.3076923076923077,0.0,0.6288600564002991,0.6537302285432816,0.08201286382973194,0.18198231607675552,0.0,0.0,0.0,0.0,0.0,18473,global,0.0
2,2,lr5e-05_bs16_drop0p4_temp2p0_a0p25_b0p05__wd1e-04trmiss0_degmodglobal,16,5e-05,0.0001,0.4,2.0,0.25,0.05,lr5e-05_bs16_drop0p4_temp2p0_a0p25_b0p05__wd1e-04trmiss0_degmodglobal,13,0.6695964932441711,0.6948330402374268,0.6,0.6545003607503607,0.3076923076923077,0.0,0.6176692843437195,0.6379075795412064,0.09305052924901247,0.16852564830332994,0.0,0.0,0.0,0.0,0.0,18473,global,0.0
2,2,lr5e-05_bs16_drop0p4_temp2p0_a0p25_b0p05__wd1e-04trmiss0_degmodglobal,16,5e-05,0.0001,0.4,2.0,0.25,0.05,lr5e-05_bs16_drop0p4_temp2p0_a0p25_b0p05__wd1e-04trmiss0_degmodglobal,14,0.6663646996021271,0.6923213601112366,0.6,0.6545003607503607,0.38461538461538464,0.0,0.60744509100914,0.6398324221372604,0.07808595895767212,0.14021612517535686,0.0,0.0,0.0,0.0,0.0,18473,global,0.0
2,2,lr5e-05_bs16_drop0p4_temp2p0_a0p25_b0p05__wd1e-04trmiss0_degmodglobal,16,5e-05,0.0001,0.4,2.0,0.25,0.05,lr5e-05_bs16_drop0p4_temp2p0_a0p25_b0p05__wd1e-04trmiss0_degmodglobal,15,0.6507507115602493,0.6828418970108032,0.6,0.6545003607503607,0.3076923076923077,0.0,0.5934523493051529,0.613592341542244,0.09662943333387375,0.26002028584480286,0.0,0.0,0.0,0.0,0.0,18473,global,0.0
2,2,lr5e-05_bs16_drop0p4_temp2p0_a0p25_b0p05__wd1e-04trmiss0_degmodglobal,16,5e-05,0.0001,0.4,2.0,0.25,0.05,lr5e-05_bs16_drop0p4_temp2p0_a0p25_b0p05__wd1e-04trmiss0_degmodglobal,16,0.6183156222105026,0.6825708746910095,0.6,0.6545003607503607,0.38461538461538464,0.0,0.5914051234722137,0.5869349986314774,0.08890298381447792,0.18309740349650383,0.0,0.0,0.0,0.0,0.0,18473,global,0.0
2,2,lr5e-05_bs16_drop0p4_temp2p0_a0p25_b0p05__wd1e-04trmiss0_degmodglobal,16,5e-05,0.0001,0.4,2.0,0.25,0.05,lr5e-05_bs16_drop0p4_temp2p0_a0p25_b0p05__wd1e-04trmiss0_degmodglobal,17,0.6899134069681168,0.6834723949432373,0.6,0.6545003607503607,0.46153846153846156,0.0,0.6300227493047714,0.6597111970186234,0.08703262358903885,0.16888120397925377,0.0,0.0,0.0,0.0,0.0,18473,global,0.0
2,2,lr5e-05_bs16_drop0p4_temp2p0_a0p25_b0p05__wd1e-04trmiss0_degmodglobal,16,5e-05,0.0001,0.4,2.0,0.25,0.05,lr5e-05_bs16_drop0p4_temp2p0_a0p25_b0p05__wd1e-04trmiss0_degmodglobal,18,0.6459302753210068,0.6850030422210693,0.575,0.6336670274170273,0.46153846153846156,0.0,0.597411036491394,0.6183581203222275,0.08282520435750484,0.13731721602380276,0.0,0.0,0.0,0.0,0.0,18473,global,0.0
2,2,lr5e-05_bs16_drop0p4_temp2p0_a0p25_b0p05__wd1e-04trmiss0_degmodglobal,16,5e-05,0.0001,0.4,2.0,0.25,0.05,lr5e-05_bs16_drop0p4_temp2p0_a0p25_b0p05__wd1e-04trmiss0_degmodglobal,19,0.6510561555624008,0.6822278499603271,0.6,0.6545003607503607,0.46153846153846156,0.0,0.5931974202394485,0.6183771938085556,0.09371128119528294,0.18502293527126312,0.0,0.0,0.0,0.0,0.0,18473,global,0.0
2,2,lr5e-05_bs16_drop0p4_temp2p0_a0p25_b0p05__wd1e-04trmiss0_degmodglobal,16,5e-05,0.0001,0.4,2.0,0.25,0.05,lr5e-05_bs16_drop0p4_temp2p0_a0p25_b0p05__wd1e-04trmiss0_degmodglobal,20,0.6622595638036728,0.6818382143974304,0.6,0.6545003607503607,0.46153846153846156,0.0,0.59769207239151,0.6352508664131165,0.07930281385779381,0.14366013929247856,0.0,0.0,0.0,0.0,0.0,18473,global,0.0
2,2,lr5e-05_bs16_drop0p4_temp2p0_a0p25_b0p05__wd1e-04trmiss0_degmodglobal,16,5e-05,0.0001,0.4,2.0,0.25,0.05,lr5e-05_bs16_drop0p4_temp2p0_a0p25_b0p05__wd1e-04trmiss0_degmodglobal,21,0.6275665313005447,0.676435112953186,0.625,0.6635912698412698,0.5384615384615384,0.0,0.5252875611186028,0.5913031101226807,0.11210044473409653,0.16476624831557274,0.0,0.0,0.0,0.0,0.0,18473,global,0.0
2,2,lr5e-05_bs16_drop0p4_temp2p0_a0p25_b0p05__wd1e-04trmiss0_degmodglobal,16,5e-05,0.0001,0.4,2.0,0.25,0.05,lr5e-05_bs16_drop0p4_temp2p0_a0p25_b0p05__wd1e-04trmiss0_degmodglobal,22,0.6297900974750519,0.6767362952232361,0.625,0.6635912698412698,0.46153846153846156,0.0,0.582137256860733,0.5972930788993835,0.0947673199698329,0.1761037614196539,0.0,0.0,0.0,0.0,0.0,18473,global,0.0
2,2,lr5e-05_bs16_drop0p4_temp2p0_a0p25_b0p05__wd1e-04trmiss0_degmodglobal,16,5e-05,0.0001,0.4,2.0,0.25,0.05,lr5e-05_bs16_drop0p4_temp2p0_a0p25_b0p05__wd1e-04trmiss0_degmodglobal,23,0.6060223281383514,0.6686762571334839,0.625,0.6635912698412698,0.46153846153846156,0.0,0.5743456035852432,0.5746648609638214,0.09462900087237358,0.1540043130517006,0.0,0.0,0.0,0.0,0.0,18473,global,0.0
2,2,lr5e-05_bs16_drop0p4_temp2p0_a0p25_b0p05__wd1e-04trmiss0_degmodglobal,16,5e-05,0.0001,0.4,2.0,0.25,0.05,lr5e-05_bs16_drop0p4_temp2p0_a0p25_b0p05__wd1e-04trmiss0_degmodglobal,24,0.6124181896448135,0.6688060760498047,0.65,0.6844246031746032,0.46153846153846156,0.0,0.5862443149089813,0.5825023353099823,0.090828537940979,0.14417405985295773,0.0,0.0,0.0,0.0,0.0,18473,global,0.0
2,2,lr5e-05_bs16_drop0p4_temp2p0_a0p25_b0p05__wd1e-04trmiss0_degmodglobal,16,5e-05,0.0001,0.4,2.0,0.25,0.05,lr5e-05_bs16_drop0p4_temp2p0_a0p25_b0p05__wd1e-04trmiss0_degmodglobal,25,0.6559983193874359,0.6757173538208008,0.65,0.6844246031746032,0.5384615384615384,0.0,0.5666432827711105,0.6125767678022385,0.1243966780602932,0.24644805490970612,0.0,0.0,0.0,0.0,0.0,18473,global,0.0
2,2,lr5e-05_bs16_drop0p4_temp2p0_a0p25_b0p05__wd1e-04trmiss0_degmodglobal,16,5e-05,0.0001,0.4,2.0,0.25,0.05,lr5e-05_bs16_drop0p4_temp2p0_a0p25_b0p05__wd1e-04trmiss0_degmodglobal,26,0.6119931787252426,0.6737355589866638,0.625,0.6635912698412698,0.5384615384615384,0.0,0.569204643368721,0.580494835972786,0.09313151612877846,0.16430926881730556,0.0,0.0,0.0,0.0,0.0,18473,global,0.0
2,2,lr5e-05_bs16_drop0p4_temp2p0_a0p25_b0p05__wd1e-04trmiss0_degmodglobal,16,5e-05,0.0001,0.4,2.0,0.25,0.05,lr5e-05_bs16_drop0p4_temp2p0_a0p25_b0p05__wd1e-04trmiss0_degmodglobal,27,0.6523642539978027,0.6715384721755981,0.625,0.6635912698412698,0.5384615384615384,0.0,0.6032518446445465,0.6156039088964462,0.10101678594946861,0.2301228679716587,0.0,0.0,0.0,0.0,0.0,18473,global,0.0
2,2,lr5e-05_bs16_drop0p4_temp2p0_a0p25_b0p05__wd1e-04trmiss0_degmodglobal,16,5e-05,0.0001,0.4,2.0,0.25,0.05,lr5e-05_bs16_drop0p4_temp2p0_a0p25_b0p05__wd1e-04trmiss0_degmodglobal,28,0.5864954739809036,0.6633856296539307,0.625,0.6635912698412698,0.5384615384615384,0.0,0.5820321887731552,0.5544725954532623,0.08732183836400509,0.20384862460196018,0.0,0.0,0.0,0.0,0.0,18473,global,0.0
2,2,lr5e-05_bs16_drop0p4_temp2p0_a0p25_b0p05__wd1e-04trmiss0_degmodglobal,16,5e-05,0.0001,0.4,2.0,0.25,0.05,lr5e-05_bs16_drop0p4_temp2p0_a0p25_b0p05__wd1e-04trmiss0_degmodglobal,29,0.6393008232116699,0.6759627461433411,0.6,0.6427579365079364,0.5384615384615384,0.0,0.5819458663463593,0.6001221984624863,0.11633472889661789,0.2018991094082594,0.0,0.0,0.0,0.0,0.0,18473,global,0.0
2,2,lr5e-05_bs16_drop0p4_temp2p0_a0p25_b0p05__wd1e-04trmiss0_degmodglobal,16,5e-05,0.0001,0.4,2.0,0.25,0.05,lr5e-05_bs16_drop0p4_temp2p0_a0p25_b0p05__wd1e-04trmiss0_degmodglobal,30,0.6041449457406998,0.6727253198623657,0.625,0.6635912698412698,0.5384615384615384,0.0,0.5467240363359451,0.5644587054848671,0.11035093851387501,0.24196995049715042,0.0,0.0,0.0,0.0,0.0,18473,global,0.0
2,2,lr5e-05_bs16_drop0p4_temp2p0_a0p25_b0p05__wd1e-04trmiss0_degmodglobal,16,5e-05,0.0001,0.4,2.0,0.25,0.05,lr5e-05_bs16_drop0p4_temp2p0_a0p25_b0p05__wd1e-04trmiss0_degmodglobal,31,0.6233026683330536,0.6722063422203064,0.625,0.6635912698412698,0.5384615384615384,0.0,0.5993234366178513,0.5982633978128433,0.06850234232842922,0.1582740657031536,0.0,0.0,0.0,0.0,0.0,18473,global,0.0
2,2,lr5e-05_bs16_drop0p4_temp2p0_a0p25_b0p05__wd1e-04trmiss0_degmodglobal,16,5e-05,0.0001,0.4,2.0,0.25,0.05,lr5e-05_bs16_drop0p4_temp2p0_a0p25_b0p05__wd1e-04trmiss0_degmodglobal,32,0.5997241586446762,0.6887519955635071,0.575,0.6336670274170273,0.46153846153846156,0.0,0.5789699703454971,0.5643013119697571,0.09738598205149174,0.22152699530124664,0.0,0.0,0.0,0.0,0.0,18473,global,0.0
2,2,lr5e-05_bs16_drop0p4_temp2p0_a0p25_b0p05__wd1e-04trmiss0_degmodglobal,16,5e-05,0.0001,0.4,2.0,0.25,0.05,lr5e-05_bs16_drop0p4_temp2p0_a0p25_b0p05__wd1e-04trmiss0_degmodglobal,33,0.6301180422306061,0.6963281035423279,0.575,0.6336670274170273,0.46153846153846156,0.0,0.5928871259093285,0.5929384678602219,0.10407756082713604,0.22320380061864853,0.0,0.0,0.0,0.0,0.0,18473,global,0.0
2,2,lr5e-05_bs16_drop0p4_temp2p0_a0p25_b0p05__wd1e-04trmiss0_degmodglobal,16,5e-05,0.0001,0.4,2.0,0.25,0.05,lr5e-05_bs16_drop0p4_temp2p0_a0p25_b0p05__wd1e-04trmiss0_degmodglobal,34,0.6728238761425018,0.7021289467811584,0.575,0.6336670274170273,0.46153846153846156,0.0,0.5751531571149826,0.6336040496826172,0.11063121259212494,0.2312403917312622,0.0,0.0,0.0,0.0,0.0,18473,global,0.0
2,2,lr5e-05_bs16_drop0p4_temp2p0_a0p25_b0p05__wd1e-04trmiss0_degmodglobal,16,5e-05,0.0001,0.4,2.0,0.25,0.05,lr5e-05_bs16_drop0p4_temp2p0_a0p25_b0p05__wd1e-04trmiss0_degmodglobal,35,0.6135095357894897,0.6989203691482544,0.575,0.6336670274170273,0.46153846153846156,0.0,0.5689617842435837,0.574874758720398,0.11162735987454653,0.21455874107778072,0.0,0.0,0.0,0.0,0.0,18473,global,0.0
2,2,lr5e-05_bs16_drop0p4_temp2p0_a0p25_b0p05__wd1e-04trmiss0_degmodglobal,16,5e-05,0.0001,0.4,2.0,0.25,0.05,lr5e-05_bs16_drop0p4_temp2p0_a0p25_b0p05__wd1e-04trmiss0_degmodglobal,36,0.6160721033811569,0.6920677423477173,0.575,0.6336670274170273,0.46153846153846156,0.0,0.5672323405742645,0.5881673246622086,0.07988146506249905,0.15868808329105377,0.0,0.0,0.0,0.0,0.0,18473,global,0.0
2,2,lr5e-05_bs16_drop0p4_temp2p0_a0p25_b0p05__wd1e-04trmiss0_degmodglobal,16,5e-05,0.0001,0.4,2.0,0.25,0.05,lr5e-05_bs16_drop0p4_temp2p0_a0p25_b0p05__wd1e-04trmiss0_degmodglobal,37,0.6158419400453568,0.690811276435852,0.575,0.6336670274170273,0.46153846153846156,0.0,0.5162774994969368,0.5679256021976471,0.1342190857976675,0.28723182156682014,0.0,0.0,0.0,0.0,0.0,18473,global,0.0
2,2,lr5e-05_bs16_drop0p4_temp2p0_a0p25_b0p05__wd1e-04trmiss0_degmodglobal,16,5e-05,0.0001,0.4,2.0,0.25,0.05,lr5e-05_bs16_drop0p4_temp2p0_a0p25_b0p05__wd1e-04trmiss0_degmodglobal,38,0.6304188966751099,0.6871384978294373,0.6,0.6427579365079364,0.46153846153846156,0.0,0.5514129996299744,0.596609503030777,0.09952351078391075,0.17857053875923157,0.0,0.0,0.0,0.0,0.0,18473,global,0.0
2,2,lr5e-05_bs16_drop0p4_temp2p0_a0p25_b0p05__wd1e-04trmiss0_degmodglobal,16,5e-05,0.0001,0.4,2.0,0.25,0.05,lr5e-05_bs16_drop0p4_temp2p0_a0p25_b0p05__wd1e-04trmiss0_degmodglobal,39,0.6181769669055939,0.6733834147453308,0.625,0.6635912698412698,0.5384615384615384,0.0,0.5504060238599777,0.5727791339159012,0.12248364463448524,0.29553835093975067,0.0,0.0,0.0,0.0,0.0,18473,global,0.0
2,2,lr5e-05_bs16_drop0p4_temp2p0_a0p25_b0p05__wd1e-04trmiss0_degmodglobal,16,5e-05,0.0001,0.4,2.0,0.25,0.05,lr5e-05_bs16_drop0p4_temp2p0_a0p25_b0p05__wd1e-04trmiss0_degmodglobal,40,0.5910099148750305,0.6740922927856445,0.65,0.6844246031746032,0.38461538461538464,0.0,0.5191702246665955,0.5571899563074112,0.10201635584235191,0.1663170140236616,0.0,0.0,0.0,0.0,0.0,18473,global,0.0
2,2,lr5e-05_bs16_drop0p4_temp2p0_a0p25_b0p05__wd1e-04trmiss0_degmodglobal,16,5e-05,0.0001,0.4,2.0,0.25,0.05,lr5e-05_bs16_drop0p4_temp2p0_a0p25_b0p05__wd1e-04trmiss0_degmodglobal,41,0.5940708741545677,0.6691215634346008,0.65,0.6844246031746032,0.38461538461538464,0.0,0.5443226471543312,0.5656290799379349,0.08853595238178968,0.12615640787407756,0.0,0.0,0.0,0.0,0.0,18473,global,0.0
2,2,lr5e-05_bs16_drop0p4_temp2p0_a0p25_b0p05__wd1e-04trmiss0_degmodglobal,16,5e-05,0.0001,0.4,2.0,0.25,0.05,lr5e-05_bs16_drop0p4_temp2p0_a0p25_b0p05__wd1e-04trmiss0_degmodglobal,42,0.6421719342470169,0.670464813709259,0.65,0.6844246031746032,0.38461538461538464,0.0,0.567282572388649,0.6045350879430771,0.11054529622197151,0.20001061260700226,0.0,0.0,0.0,0.0,0.0,18473,global,0.0
2,2,lr5e-05_bs16_drop0p4_temp2p0_a0p25_b0p05__wd1e-04trmiss0_degmodglobal,16,5e-05,0.0001,0.4,2.0,0.25,0.05,lr5e-05_bs16_drop0p4_temp2p0_a0p25_b0p05__wd1e-04trmiss0_degmodglobal,43,0.5605845004320145,0.6747444272041321,0.65,0.6844246031746032,0.38461538461538464,0.0,0.5272011458873749,0.5354145094752312,0.07157096173614264,0.1455449005588889,0.0,0.0,0.0,0.0,0.0,18473,global,0.0
2,2,lr5e-05_bs16_drop0p4_temp2p0_a0p25_b0p05__wd1e-04trmiss0_degmodglobal,16,5e-05,0.0001,0.4,2.0,0.25,0.05,lr5e-05_bs16_drop0p4_temp2p0_a0p25_b0p05__wd1e-04trmiss0_degmodglobal,44,0.5688725933432579,0.6760107278823853,0.625,0.6635912698412698,0.46153846153846156,0.0,0.503657765686512,0.5422176569700241,0.07355217915028334,0.16533795185387135,0.0,0.0,0.0,0.0,0.0,18473,global,0.0
2,2,lr1e-05_bs16_drop0p2_temp1p0_a0p25_b0p05__wd1e-04trmiss0_degmodglobal,16,1e-05,0.0001,0.2,1.0,0.25,0.05,lr1e-05_bs16_drop0p2_temp1p0_a0p25_b0p05__wd1e-04trmiss0_degmodglobal,1,0.7179683148860931,0.7031422853469849,0.35,0.5740460927960929,0.3076923076923077,0.0,0.710060715675354,0.7054507881402969,0.03274684911593795,0.08661645650863647,0.0,0.0,0.0,0.0,0.0,18473,global,0.0
2,2,lr1e-05_bs16_drop0p2_temp1p0_a0p25_b0p05__wd1e-04trmiss0_degmodglobal,16,1e-05,0.0001,0.2,1.0,0.25,0.05,lr1e-05_bs16_drop0p2_temp1p0_a0p25_b0p05__wd1e-04trmiss0_degmodglobal,2,0.6967000663280487,0.7001349925994873,0.425,0.5976887695637696,0.3076923076923077,0.0,0.6765904426574707,0.6834700107574463,0.03248598938807845,0.10217147972434759,0.0,0.0,0.0,0.0,0.0,18473,global,0.0
2,2,lr1e-05_bs16_drop0p2_temp1p0_a0p25_b0p05__wd1e-04trmiss0_degmodglobal,16,1e-05,0.0001,0.2,1.0,0.25,0.05,lr1e-05_bs16_drop0p2_temp1p0_a0p25_b0p05__wd1e-04trmiss0_degmodglobal,3,0.7101807296276093,0.6989403963088989,0.45,0.604099025974026,0.3076923076923077,0.0,0.6719042509794235,0.6972489058971405,0.03077956149354577,0.10473893769085407,0.0,0.0,0.0,0.0,0.0,18473,global,0.0
2,2,lr1e-05_bs16_drop0p2_temp1p0_a0p25_b0p05__wd1e-04trmiss0_degmodglobal,16,1e-05,0.0001,0.2,1.0,0.25,0.05,lr1e-05_bs16_drop0p2_temp1p0_a0p25_b0p05__wd1e-04trmiss0_degmodglobal,4,0.7147017568349838,0.6972177028656006,0.5,0.619629329004329,0.3076923076923077,0.0,0.6858203113079071,0.7004304677248001,0.03387426817789674,0.11605449113994837,0.0,0.0,0.0,0.0,0.0,18473,global,0.0
2,2,lr1e-05_bs16_drop0p2_temp1p0_a0p25_b0p05__wd1e-04trmiss0_degmodglobal,16,1e-05,0.0001,0.2,1.0,0.25,0.05,lr1e-05_bs16_drop0p2_temp1p0_a0p25_b0p05__wd1e-04trmiss0_degmodglobal,5,0.7111392915248871,0.695660412311554,0.5,0.6612959956709956,0.3076923076923077,0.0,0.661589115858078,0.6993270069360733,0.030288539361208677,0.08480317704379559,0.0,0.0,0.0,0.0,0.0,18473,global,0.0
2,2,lr1e-05_bs16_drop0p2_temp1p0_a0p25_b0p05__wd1e-04trmiss0_degmodglobal,16,1e-05,0.0001,0.2,1.0,0.25,0.05,lr1e-05_bs16_drop0p2_temp1p0_a0p25_b0p05__wd1e-04trmiss0_degmodglobal,6,0.6841494292020798,0.6936933398246765,0.5,0.6612959956709956,0.46153846153846156,0.0,0.6745329648256302,0.6696993112564087,0.03520432114601135,0.11298089753836393,0.0,0.0,0.0,0.0,0.0,18473,global,0.0
2,2,lr1e-05_bs16_drop0p2_temp1p0_a0p25_b0p05__wd1e-04trmiss0_degmodglobal,16,1e-05,0.0001,0.2,1.0,0.25,0.05,lr1e-05_bs16_drop0p2_temp1p0_a0p25_b0p05__wd1e-04trmiss0_degmodglobal,7,0.6924589425325394,0.6914764046669006,0.5,0.6612959956709956,0.5384615384615384,0.0,0.6495926976203918,0.6798399090766907,0.032960875891149044,0.08757633715867996,0.0,0.0,0.0,0.0,0.0,18473,global,0.0
2,2,lr1e-05_bs16_drop0p2_temp1p0_a0p25_b0p05__wd1e-04trmiss0_degmodglobal,16,1e-05,0.0001,0.2,1.0,0.25,0.05,lr1e-05_bs16_drop0p2_temp1p0_a0p25_b0p05__wd1e-04trmiss0_degmodglobal,8,0.699103832244873,0.6915967464447021,0.47500000000000003,0.6487959956709957,0.5384615384615384,0.0,0.6480495184659958,0.6827996522188187,0.03763798763975501,0.1378934644162655,0.0,0.0,0.0,0.0,0.0,18473,global,0.0
2,2,lr1e-05_bs16_drop0p2_temp1p0_a0p25_b0p05__wd1e-04trmiss0_degmodglobal,16,1e-05,0.0001,0.2,1.0,0.25,0.05,lr1e-05_bs16_drop0p2_temp1p0_a0p25_b0p05__wd1e-04trmiss0_degmodglobal,9,0.7049767971038818,0.6923328042030334,0.47500000000000003,0.6487959956709957,0.5384615384615384,0.0,0.6395235061645508,0.6908892542123795,0.032760652247816324,0.11794768646359444,0.0,0.0,0.0,0.0,0.0,18473,global,0.0
2,2,lr1e-05_bs16_drop0p2_temp1p0_a0p25_b0p05__wd1e-04trmiss0_degmodglobal,16,1e-05,0.0001,0.2,1.0,0.25,0.05,lr1e-05_bs16_drop0p2_temp1p0_a0p25_b0p05__wd1e-04trmiss0_degmodglobal,10,0.6777410805225372,0.6918832659721375,0.47500000000000003,0.6487959956709957,0.5384615384615384,0.0,0.6329981833696365,0.6631793826818466,0.03443941054865718,0.11903650686144829,0.0,0.0,0.0,0.0,0.0,18473,global,0.0
2,2,lr1e-05_bs16_drop0p2_temp1p0_a0p25_b0p05__wd1e-04trmiss0_degmodglobal,16,1e-05,0.0001,0.2,1.0,0.25,0.05,lr1e-05_bs16_drop0p2_temp1p0_a0p25_b0p05__wd1e-04trmiss0_degmodglobal,11,0.694080576300621,0.6899867653846741,0.47500000000000003,0.6487959956709957,0.5384615384615384,0.0,0.6600326597690582,0.6783100068569183,0.03646615520119667,0.13308079168200493,0.0,0.0,0.0,0.0,0.0,18473,global,0.0
2,2,lr1e-05_bs16_drop0p2_temp1p0_a0p25_b0p05__wd1e-04trmiss0_degmodglobal,16,1e-05,0.0001,0.2,1.0,0.25,0.05,lr1e-05_bs16_drop0p2_temp1p0_a0p25_b0p05__wd1e-04trmiss0_degmodglobal,12,0.6796758323907852,0.6895498633384705,0.47500000000000003,0.6487959956709957,0.5384615384615384,0.0,0.6356060206890106,0.666046068072319,0.03369208239018917,0.10413517244160175,0.0,0.0,0.0,0.0,0.0,18473,global,0.0
2,2,lr1e-05_bs16_drop0p2_temp1p0_a0p25_b0p05__wd1e-04trmiss0_degmodglobal,16,1e-05,0.0001,0.2,1.0,0.25,0.05,lr1e-05_bs16_drop0p2_temp1p0_a0p25_b0p05__wd1e-04trmiss0_degmodglobal,13,0.6787035018205643,0.6927158832550049,0.47500000000000003,0.6487959956709957,0.5384615384615384,0.0,0.6363861709833145,0.6663479059934616,0.03162903152406216,0.08896692376583815,0.0,0.0,0.0,0.0,0.0,18473,global,0.0
2,2,lr1e-05_bs16_drop0p2_temp1p0_a0p25_b0p05__wd1e-04trmiss0_degmodglobal,16,1e-05,0.0001,0.2,1.0,0.25,0.05,lr1e-05_bs16_drop0p2_temp1p0_a0p25_b0p05__wd1e-04trmiss0_degmodglobal,14,0.6884058117866516,0.6937114000320435,0.47500000000000003,0.6487959956709957,0.5384615384615384,0.0,0.6417264938354492,0.6714314371347427,0.04325369605794549,0.12321889027953148,0.0,0.0,0.0,0.0,0.0,18473,global,0.0
2,2,lr1e-05_bs16_drop0p2_temp1p0_a0p25_b0p05__wd1e-04trmiss0_degmodglobal,16,1e-05,0.0001,0.2,1.0,0.25,0.05,lr1e-05_bs16_drop0p2_temp1p0_a0p25_b0p05__wd1e-04trmiss0_degmodglobal,15,0.6669734567403793,0.6909314393997192,0.47500000000000003,0.6487959956709957,0.5384615384615384,0.0,0.6399397701025009,0.6555716842412949,0.028673199471086264,0.08466982236132026,0.0,0.0,0.0,0.0,0.0,18473,global,0.0
2,2,lr1e-05_bs16_drop0p2_temp1p0_a0p25_b0p05__wd1e-04trmiss0_degmodglobal,16,1e-05,0.0001,0.2,1.0,0.25,0.05,lr1e-05_bs16_drop0p2_temp1p0_a0p25_b0p05__wd1e-04trmiss0_degmodglobal,16,0.7043027728796005,0.6907599568367004,0.47500000000000003,0.6487959956709957,0.5384615384615384,0.0,0.6366080790758133,0.6870400011539459,0.04058217257261276,0.14234467968344688,0.0,0.0,0.0,0.0,0.0,18473,global,0.0
2,2,lr1e-05_bs16_drop0p2_temp1p0_a0p25_b0p05__wd1e-04trmiss0_degmodglobal,16,1e-05,0.0001,0.2,1.0,0.25,0.05,lr1e-05_bs16_drop0p2_temp1p0_a0p25_b0p05__wd1e-04trmiss0_degmodglobal,17,0.6774053424596786,0.692281186580658,0.47500000000000003,0.6487959956709957,0.5384615384615384,0.0,0.6366408616304398,0.6637092977762222,0.03421519137918949,0.10284483060240746,0.0,0.0,0.0,0.0,0.0,18473,global,0.0
2,2,lr1e-05_bs16_drop0p2_temp1p0_a0p25_b0p05__wd1e-04trmiss0_degmodglobal,16,1e-05,0.0001,0.2,1.0,0.25,0.05,lr1e-05_bs16_drop0p2_temp1p0_a0p25_b0p05__wd1e-04trmiss0_degmodglobal,18,0.6951508820056915,0.6918643116950989,0.47500000000000003,0.6487959956709957,0.5384615384615384,0.0,0.6257535070180893,0.6801654249429703,0.04039282165467739,0.0977450143545866,0.0,0.0,0.0,0.0,0.0,18473,global,0.0
2,2,lr1e-05_bs16_drop0p2_temp1p0_a0p25_b0p05__wd1e-04trmiss0_degmodglobal,16,1e-05,0.0001,0.2,1.0,0.25,0.05,lr1e-05_bs16_drop0p2_temp1p0_a0p25_b0p05__wd1e-04trmiss0_degmodglobal,19,0.6626592427492142,0.6913220882415771,0.47500000000000003,0.6487959956709957,0.5384615384615384,0.0,0.6113785952329636,0.6491794139146805,0.03741367859765887,0.08252820558845997,0.0,0.0,0.0,0.0,0.0,18473,global,0.0
2,2,lr1e-05_bs16_drop0p2_temp1p0_a0p25_b0p05__wd1e-04trmiss0_degmodglobal,16,1e-05,0.0001,0.2,1.0,0.25,0.05,lr1e-05_bs16_drop0p2_temp1p0_a0p25_b0p05__wd1e-04trmiss0_degmodglobal,20,0.6654379069805145,0.6899005770683289,0.47500000000000003,0.6487959956709957,0.5384615384615384,0.0,0.6289758235216141,0.6478782892227173,0.043160777539014816,0.13538886047899723,0.0,0.0,0.0,0.0,0.0,18473,global,0.0
2,2,lr1e-05_bs16_drop0p2_temp1p0_a0p25_b0p05__wd1e-04trmiss0_degmodglobal,16,1e-05,0.0001,0.2,1.0,0.25,0.05,lr1e-05_bs16_drop0p2_temp1p0_a0p25_b0p05__wd1e-04trmiss0_degmodglobal,21,0.6430220156908035,0.6879451870918274,0.47500000000000003,0.6487959956709957,0.5384615384615384,0.0,0.6290259957313538,0.6309518963098526,0.03242829442024231,0.07926079351454973,0.0,0.0,0.0,0.0,0.0,18473,global,0.0
2,2,lr1e-05_bs16_drop0p2_temp1p0_a0p25_b0p05__wd1e-04trmiss0_degmodglobal,16,1e-05,0.0001,0.2,1.0,0.25,0.05,lr1e-05_bs16_drop0p2_temp1p0_a0p25_b0p05__wd1e-04trmiss0_degmodglobal,22,0.6685432344675064,0.6886036396026611,0.47500000000000003,0.6487959956709957,0.5384615384615384,0.0,0.6271023899316788,0.6564484685659409,0.031098551116883755,0.08640271052718163,0.0,0.0,0.0,0.0,0.0,18473,global,0.0
2,2,lr1e-05_bs16_drop0p2_temp1p0_a0p25_b0p05__wd1e-04trmiss0_degmodglobal,16,1e-05,0.0001,0.2,1.0,0.25,0.05,lr1e-05_bs16_drop0p2_temp1p0_a0p25_b0p05__wd1e-04trmiss0_degmodglobal,23,0.6697410643100739,0.6861226558685303,0.47500000000000003,0.6487959956709957,0.5384615384615384,0.0,0.6281787753105164,0.6573433130979538,0.0334145063534379,0.08088240027427673,0.0,0.0,0.0,0.0,0.0,18473,global,0.0
2,2,lr1e-05_bs16_drop0p2_temp1p0_a0p25_b0p05__wd1e-04trmiss0_degmodglobal,16,1e-05,0.0001,0.2,1.0,0.25,0.05,lr1e-05_bs16_drop0p2_temp1p0_a0p25_b0p05__wd1e-04trmiss0_degmodglobal,24,0.6654908657073975,0.6855546236038208,0.47500000000000003,0.6487959956709957,0.5384615384615384,0.0,0.5979141294956207,0.6508982628583908,0.0369047662243247,0.10732805356383324,0.0,0.0,0.0,0.0,0.0,18473,global,0.0
2,2,lr1e-05_bs16_drop0p2_temp1p0_a0p25_b0p05__wd1e-04trmiss0_degmodglobal,16,1e-05,0.0001,0.2,1.0,0.25,0.05,lr1e-05_bs16_drop0p2_temp1p0_a0p25_b0p05__wd1e-04trmiss0_degmodglobal,25,0.6464789062738419,0.6863796710968018,0.47500000000000003,0.6487959956709957,0.5384615384615384,0.0,0.6094392091035843,0.6342399716377258,0.032124459743499756,0.08415572345256805,0.0,0.0,0.0,0.0,0.0,18473,global,0.0
2,2,lr1e-05_bs16_drop0p2_temp1p0_a0p25_b0p05__wd1e-04trmiss0_degmodglobal,16,1e-05,0.0001,0.2,1.0,0.25,0.05,lr1e-05_bs16_drop0p2_temp1p0_a0p25_b0p05__wd1e-04trmiss0_degmodglobal,26,0.6841776072978973,0.6859597563743591,0.47500000000000003,0.6487959956709957,0.6153846153846154,0.0,0.607554703950882,0.6694884896278381,0.03466991800814867,0.12043279968202114,0.0,0.0,0.0,0.0,0.0,18473,global,0.0
2,2,lr1e-05_bs16_drop0p2_temp1p0_a0p25_b0p05__wd1e-04trmiss0_degmodglobal,16,1e-05,0.0001,0.2,1.0,0.25,0.05,lr1e-05_bs16_drop0p2_temp1p0_a0p25_b0p05__wd1e-04trmiss0_degmodglobal,27,0.681546539068222,0.6868720650672913,0.47500000000000003,0.6487959956709957,0.6153846153846154,0.0,0.6025565564632416,0.6674363166093826,0.03649154677987099,0.0997467115521431,0.0,0.0,0.0,0.0,0.0,18473,global,0.0
2,2,lr1e-05_bs16_drop0p2_temp2p0_a0p25_b0p05__wd1e-04trmiss0_degmodglobal,16,1e-05,0.0001,0.2,2.0,0.25,0.05,lr1e-05_bs16_drop0p2_temp2p0_a0p25_b0p05__wd1e-04trmiss0_degmodglobal,1,0.7821706235408783,0.686909019947052,0.65,0.7781114718614719,0.5384615384615384,0.0,0.639544889330864,0.7505788505077362,0.07650958932936192,0.24928724020719528,0.0,0.0,0.0,0.0,0.0,18473,global,0.0
2,2,lr1e-05_bs16_drop0p2_temp2p0_a0p25_b0p05__wd1e-04trmiss0_degmodglobal,16,1e-05,0.0001,0.2,2.0,0.25,0.05,lr1e-05_bs16_drop0p2_temp2p0_a0p25_b0p05__wd1e-04trmiss0_degmodglobal,2,0.7709123194217682,0.6853308081626892,0.65,0.7781114718614719,0.5384615384615384,0.0,0.671096459031105,0.7453186959028244,0.06718414090573788,0.17595189064741135,0.0,0.0,0.0,0.0,0.0,18473,global,0.0
2,2,lr1e-05_bs16_drop0p2_temp2p0_a0p25_b0p05__wd1e-04trmiss0_degmodglobal,16,1e-05,0.0001,0.2,2.0,0.25,0.05,lr1e-05_bs16_drop0p2_temp2p0_a0p25_b0p05__wd1e-04trmiss0_degmodglobal,3,0.7638572156429291,0.6819519996643066,0.65,0.7781114718614719,0.5384615384615384,0.0,0.6294706910848618,0.736816793680191,0.07054408732801676,0.18808791786432266,0.0,0.0,0.0,0.0,0.0,18473,global,0.0
2,2,lr1e-05_bs16_drop0p2_temp2p0_a0p25_b0p05__wd1e-04trmiss0_degmodglobal,16,1e-05,0.0001,0.2,2.0,0.25,0.05,lr1e-05_bs16_drop0p2_temp2p0_a0p25_b0p05__wd1e-04trmiss0_degmodglobal,4,0.7384888827800751,0.6799140572547913,0.625,0.7669507575757575,0.5384615384615384,0.0,0.6334985643625259,0.7097111493349075,0.07287922222167253,0.21115824580192566,0.0,0.0,0.0,0.0,0.0,18473,global,0.0
2,2,lr1e-05_bs16_drop0p2_temp2p0_a0p25_b0p05__wd1e-04trmiss0_degmodglobal,16,1e-05,0.0001,0.2,2.0,0.25,0.05,lr1e-05_bs16_drop0p2_temp2p0_a0p25_b0p05__wd1e-04trmiss0_degmodglobal,5,0.7661932110786438,0.6777111291885376,0.65,0.7836174242424242,0.5384615384615384,0.0,0.6491783112287521,0.7399145811796188,0.06770950742065907,0.18702508881688118,0.0,0.0,0.0,0.0,0.0,18473,global,0.0
2,2,lr1e-05_bs16_drop0p2_temp2p0_a0p25_b0p05__wd1e-04trmiss0_degmodglobal,16,1e-05,0.0001,0.2,2.0,0.25,0.05,lr1e-05_bs16_drop0p2_temp2p0_a0p25_b0p05__wd1e-04trmiss0_degmodglobal,6,0.7492378801107407,0.6751841306686401,0.65,0.7836174242424242,0.5384615384615384,0.0,0.6427085250616074,0.7260114252567291,0.06104407738894224,0.15930855087935925,0.0,0.0,0.0,0.0,0.0,18473,global,0.0
2,2,lr1e-05_bs16_drop0p2_temp2p0_a0p25_b0p05__wd1e-04trmiss0_degmodglobal,16,1e-05,0.0001,0.2,2.0,0.25,0.05,lr1e-05_bs16_drop0p2_temp2p0_a0p25_b0p05__wd1e-04trmiss0_degmodglobal,7,0.7570058703422546,0.6748204231262207,0.675,0.8093614718614719,0.5384615384615384,0.0,0.6191186457872391,0.7303238362073898,0.06963716447353363,0.18545466288924217,0.0,0.0,0.0,0.0,0.0,18473,global,0.0
2,2,lr1e-05_bs16_drop0p2_temp2p0_a0p25_b0p05__wd1e-04trmiss0_degmodglobal,16,1e-05,0.0001,0.2,2.0,0.25,0.05,lr1e-05_bs16_drop0p2_temp2p0_a0p25_b0p05__wd1e-04trmiss0_degmodglobal,8,0.7652046382427216,0.6749658584594727,0.675,0.8093614718614719,0.5384615384615384,0.0,0.6339413374662399,0.7364200502634048,0.06934766098856926,0.22895380854606628,0.0,0.0,0.0,0.0,0.0,18473,global,0.0
2,2,lr1e-05_bs16_drop0p2_temp2p0_a0p25_b0p05__wd1e-04trmiss0_degmodglobal,16,1e-05,0.0001,0.2,2.0,0.25,0.05,lr1e-05_bs16_drop0p2_temp2p0_a0p25_b0p05__wd1e-04trmiss0_degmodglobal,9,0.7404517084360123,0.6737059354782104,0.675,0.8093614718614719,0.5384615384615384,0.0,0.6367148607969284,0.7141333222389221,0.06351534742861986,0.20879089087247849,0.0,0.0,0.0,0.0,0.0,18473,global,0.0
2,2,lr1e-05_bs16_drop0p2_temp2p0_a0p25_b0p05__wd1e-04trmiss0_degmodglobal,16,1e-05,0.0001,0.2,2.0,0.25,0.05,lr1e-05_bs16_drop0p2_temp2p0_a0p25_b0p05__wd1e-04trmiss0_degmodglobal,10,0.7139693647623062,0.6733003258705139,0.7,0.8260281385281385,0.6153846153846154,0.0,0.6224427968263626,0.688758596777916,0.06610322371125221,0.17369936034083366,0.0,0.0,0.0,0.0,0.0,18473,global,0.0
2,2,lr1e-05_bs16_drop0p2_temp2p0_a0p25_b0p05__wd1e-04trmiss0_degmodglobal,16,1e-05,0.0001,0.2,2.0,0.25,0.05,lr1e-05_bs16_drop0p2_temp2p0_a0p25_b0p05__wd1e-04trmiss0_degmodglobal,11,0.7300510257482529,0.6714693307876587,0.7,0.8260281385281385,0.6153846153846154,0.0,0.6073232144117355,0.7001388967037201,0.07258515805006027,0.23531702160835266,0.0,0.0,0.0,0.0,0.0,18473,global,0.0
2,2,lr1e-05_bs16_drop0p2_temp2p0_a0p25_b0p05__wd1e-04trmiss0_degmodglobal,16,1e-05,0.0001,0.2,2.0,0.25,0.05,lr1e-05_bs16_drop0p2_temp2p0_a0p25_b0p05__wd1e-04trmiss0_degmodglobal,12,0.7215551733970642,0.6710392236709595,0.7,0.8260281385281385,0.5384615384615384,0.0,0.6335749328136444,0.6950278431177139,0.06405478715896606,0.21027317643165588,0.0,0.0,0.0,0.0,0.0,18473,global,0.0
2,2,lr1e-05_bs16_drop0p2_temp2p0_a0p25_b0p05__wd1e-04trmiss0_degmodglobal,16,1e-05,0.0001,0.2,2.0,0.25,0.05,lr1e-05_bs16_drop0p2_temp2p0_a0p25_b0p05__wd1e-04trmiss0_degmodglobal,13,0.7205814570188522,0.672731876373291,0.7,0.8260281385281385,0.5384615384615384,0.0,0.6540671586990356,0.699000895023346,0.05442941002547741,0.15946390107274055,0.0,0.0,0.0,0.0,0.0,18473,global,0.0
2,2,lr1e-05_bs16_drop0p2_temp2p0_a0p25_b0p05__wd1e-04trmiss0_degmodglobal,16,1e-05,0.0001,0.2,2.0,0.25,0.05,lr1e-05_bs16_drop0p2_temp2p0_a0p25_b0p05__wd1e-04trmiss0_degmodglobal,14,0.7052919864654541,0.6740228533744812,0.675,0.8093614718614719,0.5384615384615384,0.0,0.6064369380474091,0.6790229082107544,0.06758282613009214,0.18746765702962875,0.0,0.0,0.0,0.0,0.0,18473,global,0.0
2,2,lr1e-05_bs16_drop0p2_temp2p0_a0p25_b0p05__wd1e-04trmiss0_degmodglobal,16,1e-05,0.0001,0.2,2.0,0.25,0.05,lr1e-05_bs16_drop0p2_temp2p0_a0p25_b0p05__wd1e-04trmiss0_degmodglobal,15,0.7508536130189896,0.6764838099479675,0.675,0.8093614718614719,0.5384615384615384,0.0,0.6162204444408417,0.7230435460805893,0.07199034374207258,0.1962493695318699,0.0,0.0,0.0,0.0,0.0,18473,global,0.0
2,2,lr1e-05_bs16_drop0p2_temp2p0_a0p25_b0p05__wd1e-04trmiss0_degmodglobal,16,1e-05,0.0001,0.2,2.0,0.25,0.05,lr1e-05_bs16_drop0p2_temp2p0_a0p25_b0p05__wd1e-04trmiss0_degmodglobal,16,0.7273162305355072,0.6770658493041992,0.65,0.8017857142857143,0.5384615384615384,0.0,0.6097842156887054,0.7014138251543045,0.0693790428340435,0.17115258798003197,0.0,0.0,0.0,0.0,0.0,18473,global,0.0
2,2,lr1e-05_bs16_drop0p2_temp2p0_a0p25_b0p05__wd1e-04trmiss0_degmodglobal,16,1e-05,0.0001,0.2,2.0,0.25,0.05,lr1e-05_bs16_drop0p2_temp2p0_a0p25_b0p05__wd1e-04trmiss0_degmodglobal,17,0.7233194708824158,0.6816181540489197,0.65,0.8017857142857143,0.5384615384615384,0.0,0.6114417314529419,0.6978112757205963,0.06779087893664837,0.17120940797030926,0.0,0.0,0.0,0.0,0.0,18473,global,0.0
2,2,lr1e-05_bs16_drop0p2_temp2p0_a0p25_b0p05__wd1e-04trmiss0_degmodglobal,16,1e-05,0.0001,0.2,2.0,0.25,0.05,lr1e-05_bs16_drop0p2_temp2p0_a0p25_b0p05__wd1e-04trmiss0_degmodglobal,18,0.7106391787528992,0.6803686022758484,0.65,0.8017857142857143,0.5384615384615384,0.0,0.5861311852931976,0.681628480553627,0.07260396145284176,0.21719417348504066,0.0,0.0,0.0,0.0,0.0,18473,global,0.0
2,2,lr1e-05_bs16_drop0p2_temp2p0_a0p25_b0p05__wd1e-04trmiss0_degmodglobal,16,1e-05,0.0001,0.2,2.0,0.25,0.05,lr1e-05_bs16_drop0p2_temp2p0_a0p25_b0p05__wd1e-04trmiss0_degmodglobal,19,0.7239386737346649,0.6781186461448669,0.675,0.8184523809523809,0.5384615384615384,0.0,0.600514754652977,0.6927032172679901,0.07942981086671352,0.22756017744541168,0.0,0.0,0.0,0.0,0.0,18473,global,0.0
2,2,lr1e-05_bs16_drop0p2_temp2p0_a0p25_b0p05__wd1e-04trmiss0_degmodglobal,16,1e-05,0.0001,0.2,2.0,0.25,0.05,lr1e-05_bs16_drop0p2_temp2p0_a0p25_b0p05__wd1e-04trmiss0_degmodglobal,20,0.6896641105413437,0.676554799079895,0.675,0.8184523809523809,0.5384615384615384,0.0,0.5858785063028336,0.6594360619783401,0.08224425092339516,0.19333956018090248,0.0,0.0,0.0,0.0,0.0,18473,global,0.0
2,2,lr1e-05_bs16_drop0p2_temp2p0_a0p25_b0p05__wd1e-04trmiss0_degmodglobal,16,1e-05,0.0001,0.2,2.0,0.25,0.05,lr1e-05_bs16_drop0p2_temp2p0_a0p25_b0p05__wd1e-04trmiss0_degmodglobal,21,0.7134703695774078,0.6761552691459656,0.6499999999999999,0.7872023809523809,0.6153846153846154,0.0,0.6470514982938766,0.6877313852310181,0.06882335431873798,0.17066294513642788,0.0,0.0,0.0,0.0,0.0,18473,global,0.0
2,2,lr1e-05_bs16_drop0p2_temp2p0_a0p25_b0p05__wd1e-04trmiss0_degmodglobal,16,1e-05,0.0001,0.2,2.0,0.25,0.05,lr1e-05_bs16_drop0p2_temp2p0_a0p25_b0p05__wd1e-04trmiss0_degmodglobal,22,0.7227461785078049,0.6734814643859863,0.675,0.8184523809523809,0.6153846153846154,0.0,0.610419750213623,0.6969514340162277,0.06996506080031395,0.16606947407126427,0.0,0.0,0.0,0.0,0.0,18473,global,0.0
2,2,lr1e-05_bs16_drop0p2_temp2p0_a0p25_b0p05__wd1e-04trmiss0_degmodglobal,16,1e-05,0.0001,0.2,2.0,0.25,0.05,lr1e-05_bs16_drop0p2_temp2p0_a0p25_b0p05__wd1e-04trmiss0_degmodglobal,23,0.7216274291276932,0.6735891699790955,0.675,0.8184523809523809,0.6153846153846154,0.0,0.6277956962585449,0.6953611522912979,0.07195569947361946,0.16554706171154976,0.0,0.0,0.0,0.0,0.0,18473,global,0.0
2,2,lr1e-05_bs16_drop0p2_temp2p0_a0p25_b0p05__wd1e-04trmiss0_degmodglobal,16,1e-05,0.0001,0.2,2.0,0.25,0.05,lr1e-05_bs16_drop0p2_temp2p0_a0p25_b0p05__wd1e-04trmiss0_degmodglobal,24,0.7083766013383865,0.6738309860229492,0.675,0.8184523809523809,0.6153846153846154,0.0,0.6055258065462112,0.6774973720312119,0.07595255319029093,0.2378217689692974,0.0,0.0,0.0,0.0,0.0,18473,global,0.0
2,2,lr1e-05_bs16_drop0p2_temp2p0_a0p25_b0p05__wd1e-04trmiss0_degmodglobal,16,1e-05,0.0001,0.2,2.0,0.25,0.05,lr1e-05_bs16_drop0p2_temp2p0_a0p25_b0p05__wd1e-04trmiss0_degmodglobal,25,0.6989479213953018,0.6740580797195435,0.675,0.8184523809523809,0.6153846153846154,0.0,0.6202467083930969,0.6733443439006805,0.06757302023470402,0.17420681938529015,0.0,0.0,0.0,0.0,0.0,18473,global,0.0
2,2,lr1e-05_bs16_drop0p2_temp2p0_a0p25_b0p05__wd1e-04trmiss0_degmodglobal,16,1e-05,0.0001,0.2,2.0,0.25,0.05,lr1e-05_bs16_drop0p2_temp2p0_a0p25_b0p05__wd1e-04trmiss0_degmodglobal,26,0.6816496849060059,0.673453152179718,0.675,0.8184523809523809,0.6153846153846154,0.0,0.6042450815439224,0.6548232436180115,0.07019224110990763,0.18556763231754303,0.0,0.0,0.0,0.0,0.0,18473,global,0.0
2,2,lr1e-05_bs16_drop0p2_temp2p0_a0p25_b0p05__wd1e-04trmiss0_degmodglobal,16,1e-05,0.0001,0.2,2.0,0.25,0.05,lr1e-05_bs16_drop0p2_temp2p0_a0p25_b0p05__wd1e-04trmiss0_degmodglobal,27,0.694908082485199,0.6711663603782654,0.675,0.8184523809523809,0.6153846153846154,0.0,0.5974590331315994,0.6691050082445145,0.06409046798944473,0.19560926407575607,0.0,0.0,0.0,0.0,0.0,18473,global,0.0
2,2,lr1e-05_bs16_drop0p2_temp2p0_a0p25_b0p05__wd1e-04trmiss0_degmodglobal,16,1e-05,0.0001,0.2,2.0,0.25,0.05,lr1e-05_bs16_drop0p2_temp2p0_a0p25_b0p05__wd1e-04trmiss0_degmodglobal,28,0.6964672803878784,0.6705314517021179,0.7,0.8260281385281385,0.6153846153846154,0.0,0.6058132201433182,0.6703459024429321,0.07065471913665533,0.16915392503142357,0.0,0.0,0.0,0.0,0.0,18473,global,0.0
2,2,lr1e-05_bs16_drop0p2_temp2p0_a0p25_b0p05__wd1e-04trmiss0_degmodglobal,16,1e-05,0.0001,0.2,2.0,0.25,0.05,lr1e-05_bs16_drop0p2_temp2p0_a0p25_b0p05__wd1e-04trmiss0_degmodglobal,29,0.7068581432104111,0.6712291836738586,0.675,0.8184523809523809,0.6153846153846154,0.0,0.5992025285959244,0.6785463243722916,0.07500435970723629,0.19121447950601578,0.0,0.0,0.0,0.0,0.0,18473,global,0.0
2,2,lr1e-05_bs16_drop0p2_temp2p0_a0p25_b0p05__wd1e-04trmiss0_degmodglobal,16,1e-05,0.0001,0.2,2.0,0.25,0.05,lr1e-05_bs16_drop0p2_temp2p0_a0p25_b0p05__wd1e-04trmiss0_degmodglobal,30,0.7197766900062561,0.6721914410591125,0.675,0.8184523809523809,0.6153846153846154,0.0,0.5875454992055893,0.6913202702999115,0.07150992378592491,0.21157849207520485,0.0,0.0,0.0,0.0,0.0,18473,global,0.0
2,2,lr1e-05_bs16_drop0p2_temp2p0_a0p25_b0p05__wd1e-04trmiss0_degmodglobal,16,1e-05,0.0001,0.2,2.0,0.25,0.05,lr1e-05_bs16_drop0p2_temp2p0_a0p25_b0p05__wd1e-04trmiss0_degmodglobal,31,0.6882587820291519,0.6715630888938904,0.675,0.8184523809523809,0.6153846153846154,0.0,0.6069204658269882,0.6590761989355087,0.07758037745952606,0.19574994407594204,0.0,0.0,0.0,0.0,0.0,18473,global,0.0
2,2,lr1e-05_bs16_drop0p2_temp2p0_a0p25_b0p05__wd1e-04trmiss0_degmodglobal,16,1e-05,0.0001,0.2,2.0,0.25,0.05,lr1e-05_bs16_drop0p2_temp2p0_a0p25_b0p05__wd1e-04trmiss0_degmodglobal,32,0.6922726929187775,0.6707200407981873,0.675,0.8184523809523809,0.6153846153846154,0.0,0.5736819803714752,0.6592908948659897,0.0806455910205841,0.25640757754445076,0.0,0.0,0.0,0.0,0.0,18473,global,0.0
2,2,lr1e-05_bs16_drop0p2_temp2p0_a0p25_b0p05__wd1e-04trmiss0_degmodglobal,16,1e-05,0.0001,0.2,2.0,0.25,0.05,lr1e-05_bs16_drop0p2_temp2p0_a0p25_b0p05__wd1e-04trmiss0_degmodglobal,33,0.7024916559457779,0.6709606647491455,0.7,0.8260281385281385,0.6153846153846154,0.0,0.5885895192623138,0.6750554889440536,0.07550734002143145,0.17118635773658752,0.0,0.0,0.0,0.0,0.0,18473,global,0.0
2,2,lr1e-05_bs16_drop0p2_temp2p0_a0p25_b0p05__wd1e-04trmiss0_degmodglobal,16,1e-05,0.0001,0.2,2.0,0.25,0.05,lr1e-05_bs16_drop0p2_temp2p0_a0p25_b0p05__wd1e-04trmiss0_degmodglobal,34,0.6918363571166992,0.6709530353546143,0.675,0.8184523809523809,0.6153846153846154,0.0,0.5822287946939468,0.6618342846632004,0.08026334643363953,0.1987244188785553,0.0,0.0,0.0,0.0,0.0,18473,global,0.0
2,2,lr1e-05_bs16_drop0p2_temp2p0_a0p25_b0p05__wd1e-04trmiss0_degmodglobal,16,1e-05,0.0001,0.2,2.0,0.25,0.05,lr1e-05_bs16_drop0p2_temp2p0_a0p25_b0p05__wd1e-04trmiss0_degmodglobal,35,0.6913601160049438,0.6680099964141846,0.675,0.8184523809523809,0.6153846153846154,0.0,0.6230575293302536,0.6639488935470581,0.07519107684493065,0.1722693182528019,0.0,0.0,0.0,0.0,0.0,18473,global,0.0
2,2,lr1e-05_bs16_drop0p2_temp2p0_a0p25_b0p05__wd1e-04trmiss0_degmodglobal,16,1e-05,0.0001,0.2,2.0,0.25,0.05,lr1e-05_bs16_drop0p2_temp2p0_a0p25_b0p05__wd1e-04trmiss0_degmodglobal,36,0.6650817394256592,0.6689925789833069,0.7,0.8260281385281385,0.6153846153846154,0.0,0.5835510045289993,0.6387265622615814,0.0628486443310976,0.21286045014858246,0.0,0.0,0.0,0.0,0.0,18473,global,0.0
2,2,lr1e-05_bs16_drop0p2_temp2p0_a0p25_b0p05__wd1e-04trmiss0_degmodglobal,16,1e-05,0.0001,0.2,2.0,0.25,0.05,lr1e-05_bs16_drop0p2_temp2p0_a0p25_b0p05__wd1e-04trmiss0_degmodglobal,37,0.673208013176918,0.6676549315452576,0.7,0.8260281385281385,0.6153846153846154,0.0,0.5708117783069611,0.6421503871679306,0.0832073837518692,0.20511559769511223,0.0,0.0,0.0,0.0,0.0,18473,global,0.0
2,2,lr1e-05_bs16_drop0p2_temp2p0_a0p25_b0p05__wd1e-04trmiss0_degmodglobal,16,1e-05,0.0001,0.2,2.0,0.25,0.05,lr1e-05_bs16_drop0p2_temp2p0_a0p25_b0p05__wd1e-04trmiss0_degmodglobal,38,0.7004194110631943,0.6693043112754822,0.675,0.8184523809523809,0.6153846153846154,0.0,0.6017287969589233,0.6748500168323517,0.06739614252001047,0.17440758273005486,0.0,0.0,0.0,0.0,0.0,18473,global,0.0
2,2,lr1e-05_bs16_drop0p2_temp2p0_a0p25_b0p05__wd1e-04trmiss0_degmodglobal,16,1e-05,0.0001,0.2,2.0,0.25,0.05,lr1e-05_bs16_drop0p2_temp2p0_a0p25_b0p05__wd1e-04trmiss0_degmodglobal,39,0.6785896271467209,0.6704191565513611,0.675,0.8184523809523809,0.6153846153846154,0.0,0.5971912890672684,0.6514931470155716,0.06910873763263226,0.1963861547410488,0.0,0.0,0.0,0.0,0.0,18473,global,0.0
2,2,lr1e-05_bs16_drop0p2_temp2p0_a0p25_b0p05__wd1e-04trmiss0_degmodglobal,16,1e-05,0.0001,0.2,2.0,0.25,0.05,lr1e-05_bs16_drop0p2_temp2p0_a0p25_b0p05__wd1e-04trmiss0_degmodglobal,40,0.6944483071565628,0.6727243661880493,0.675,0.8184523809523809,0.6153846153846154,0.0,0.5733685344457626,0.6629373133182526,0.07810414396226406,0.23969866335391998,0.0,0.0,0.0,0.0,0.0,18473,global,0.0
2,2,lr1e-05_bs16_drop0p2_temp2p0_a0p25_b0p05__wd1e-04trmiss0_degmodglobal,16,1e-05,0.0001,0.2,2.0,0.25,0.05,lr1e-05_bs16_drop0p2_temp2p0_a0p25_b0p05__wd1e-04trmiss0_degmodglobal,41,0.6981892436742783,0.6729764938354492,0.6499999999999999,0.7872023809523809,0.6153846153846154,0.0,0.5695681273937225,0.6690420061349869,0.07319964095950127,0.21694641932845116,0.0,0.0,0.0,0.0,0.0,18473,global,0.0
2,2,lr1e-05_bs16_drop0p2_temp2p0_a0p25_b0p05__wd1e-04trmiss0_degmodglobal,16,1e-05,0.0001,0.2,2.0,0.25,0.05,lr1e-05_bs16_drop0p2_temp2p0_a0p25_b0p05__wd1e-04trmiss0_degmodglobal,42,0.6818332821130753,0.6732519865036011,0.675,0.8184523809523809,0.6153846153846154,0.0,0.5763630867004395,0.6570569574832916,0.0675366036593914,0.15784362703561783,0.0,0.0,0.0,0.0,0.0,18473,global,0.0
2,2,lr1e-05_bs16_drop0p2_temp2p0_a0p25_b0p05__wd1e-04trmiss0_degmodglobal,16,1e-05,0.0001,0.2,2.0,0.25,0.05,lr1e-05_bs16_drop0p2_temp2p0_a0p25_b0p05__wd1e-04trmiss0_degmodglobal,43,0.7056589424610138,0.6703152060508728,0.675,0.8184523809523809,0.6153846153846154,0.0,0.5718551576137543,0.6772779673337936,0.07140797190368176,0.21057968214154243,0.0,0.0,0.0,0.0,0.0,18473,global,0.0
2,2,lr1e-05_bs16_drop0p2_temp2p0_a0p25_b0p05__wd1e-04trmiss0_degmodglobal,16,1e-05,0.0001,0.2,2.0,0.25,0.05,lr1e-05_bs16_drop0p2_temp2p0_a0p25_b0p05__wd1e-04trmiss0_degmodglobal,44,0.6784533709287643,0.6692131757736206,0.6499999999999999,0.7872023809523809,0.6153846153846154,0.0,0.5919072329998016,0.649987056851387,0.07066610548645258,0.21599604934453964,0.0,0.0,0.0,0.0,0.0,18473,global,0.0
2,2,lr1e-05_bs16_drop0p2_temp2p0_a0p25_b0p05__wd1e-04trmiss0_degmodglobal,16,1e-05,0.0001,0.2,2.0,0.25,0.05,lr1e-05_bs16_drop0p2_temp2p0_a0p25_b0p05__wd1e-04trmiss0_degmodglobal,45,0.6686124503612518,0.6690840125083923,0.675,0.8184523809523809,0.6153846153846154,0.0,0.5828588604927063,0.6437841504812241,0.061855703592300415,0.18728709779679775,0.0,0.0,0.0,0.0,0.0,18473,global,0.0
2,2,lr1e-05_bs16_drop0p2_temp2p0_a0p25_b0p05__wd1e-04trmiss0_degmodglobal,16,1e-05,0.0001,0.2,2.0,0.25,0.05,lr1e-05_bs16_drop0p2_temp2p0_a0p25_b0p05__wd1e-04trmiss0_degmodglobal,46,0.697795182466507,0.6692730784416199,0.675,0.8184523809523809,0.6153846153846154,0.0,0.5810789614915848,0.6681999415159225,0.07796296663582325,0.2020903155207634,0.0,0.0,0.0,0.0,0.0,18473,global,0.0
2,2,lr1e-05_bs16_drop0p2_temp2p0_a0p25_b0p05__wd1e-04trmiss0_degmodglobal,16,1e-05,0.0001,0.2,2.0,0.25,0.05,lr1e-05_bs16_drop0p2_temp2p0_a0p25_b0p05__wd1e-04trmiss0_degmodglobal,47,0.6604013293981552,0.6667338609695435,0.675,0.8184523809523809,0.6153846153846154,0.0,0.5863942503929138,0.6324403584003448,0.07175153493881226,0.20046205818653107,0.0,0.0,0.0,0.0,0.0,18473,global,0.0
2,2,lr1e-05_bs16_drop0p2_temp2p0_a0p25_b0p05__wd1e-04trmiss0_degmodglobal,16,1e-05,0.0001,0.2,2.0,0.25,0.05,lr1e-05_bs16_drop0p2_temp2p0_a0p25_b0p05__wd1e-04trmiss0_degmodglobal,48,0.6888778805732727,0.666737973690033,0.675,0.8184523809523809,0.6153846153846154,0.0,0.5886614471673965,0.6639621704816818,0.06822311412543058,0.15719876624643803,0.0,0.0,0.0,0.0,0.0,18473,global,0.0
2,2,lr1e-05_bs16_drop0p2_temp2p0_a0p25_b0p05__wd1e-04trmiss0_degmodglobal,16,1e-05,0.0001,0.2,2.0,0.25,0.05,lr1e-05_bs16_drop0p2_temp2p0_a0p25_b0p05__wd1e-04trmiss0_degmodglobal,49,0.6715161800384521,0.6684812903404236,0.675,0.8184523809523809,0.6153846153846154,0.0,0.5846168100833893,0.643550306558609,0.06987994909286499,0.2099178172647953,0.0,0.0,0.0,0.0,0.0,18473,global,0.0
2,2,lr1e-05_bs16_drop0p2_temp2p0_a0p25_b0p05__wd1e-04trmiss0_degmodglobal,16,1e-05,0.0001,0.2,2.0,0.25,0.05,lr1e-05_bs16_drop0p2_temp2p0_a0p25_b0p05__wd1e-04trmiss0_degmodglobal,50,0.6755521148443222,0.6675585508346558,0.675,0.8184523809523809,0.6153846153846154,0.0,0.5633729547262192,0.6448463648557663,0.07765886932611465,0.22582047432661057,0.0,0.0,0.0,0.0,0.0,18473,global,0.0
2,2,lr1e-05_bs16_drop0p2_temp2p0_a0p25_b0p05__wd1e-04trmiss0_degmodglobal,16,1e-05,0.0001,0.2,2.0,0.25,0.05,lr1e-05_bs16_drop0p2_temp2p0_a0p25_b0p05__wd1e-04trmiss0_degmodglobal,51,0.6853624582290649,0.6695338487625122,0.675,0.8184523809523809,0.6153846153846154,0.0,0.57425557076931,0.65950146317482,0.06621779780834913,0.18613120913505554,0.0,0.0,0.0,0.0,0.0,18473,global,0.0
2,2,lr1e-05_bs16_drop0p2_temp2p0_a0p25_b0p05__wd1e-04trmiss0_degmodglobal,16,1e-05,0.0001,0.2,2.0,0.25,0.05,lr1e-05_bs16_drop0p2_temp2p0_a0p25_b0p05__wd1e-04trmiss0_degmodglobal,52,0.6919430941343307,0.6709082722663879,0.675,0.8184523809523809,0.6153846153846154,0.0,0.5580476969480515,0.6604253947734833,0.08215929195284843,0.21955759078264236,0.0,0.0,0.0,0.0,0.0,18473,global,0.0
2,2,lr1e-05_bs16_drop0p2_temp2p0_a0p25_b0p05__wd1e-04trmiss0_degmodglobal,16,1e-05,0.0001,0.2,2.0,0.25,0.05,lr1e-05_bs16_drop0p2_temp2p0_a0p25_b0p05__wd1e-04trmiss0_degmodglobal,53,0.6715482771396637,0.6688146591186523,0.675,0.8184523809523809,0.6153846153846154,0.0,0.6294344365596771,0.646892711520195,0.06903455313295126,0.14793835580348969,0.0,0.0,0.0,0.0,0.0,18473,global,0.0
2,2,lr1e-05_bs16_drop0p2_temp2p0_a0p25_b0p05__wd1e-04trmiss0_degmodglobal,16,1e-05,0.0001,0.2,2.0,0.25,0.05,lr1e-05_bs16_drop0p2_temp2p0_a0p25_b0p05__wd1e-04trmiss0_degmodglobal,54,0.6779490262269974,0.6696646809577942,0.7,0.843452380952381,0.6153846153846154,0.0,0.5643170326948166,0.6514270454645157,0.06758108548820019,0.1925344318151474,0.0,0.0,0.0,0.0,0.0,18473,global,0.0
2,2,lr1e-05_bs16_drop0p2_temp2p0_a0p25_b0p05__wd1e-04trmiss0_degmodglobal,16,1e-05,0.0001,0.2,2.0,0.25,0.05,lr1e-05_bs16_drop0p2_temp2p0_a0p25_b0p05__wd1e-04trmiss0_degmodglobal,55,0.6855028569698334,0.671033501625061,0.7,0.843452380952381,0.6153846153846154,0.0,0.5423341542482376,0.6535235196352005,0.08198440447449684,0.2296644188463688,0.0,0.0,0.0,0.0,0.0,18473,global,0.0
2,2,lr1e-05_bs16_drop0p2_temp2p0_a0p25_b0p05__wd1e-04trmiss0_degmodglobal,16,1e-05,0.0001,0.2,2.0,0.25,0.05,lr1e-05_bs16_drop0p2_temp2p0_a0p25_b0p05__wd1e-04trmiss0_degmodglobal,56,0.6995141506195068,0.668960452079773,0.7,0.843452380952381,0.6153846153846154,0.0,0.5332536846399307,0.6668198555707932,0.08330359309911728,0.2373681366443634,0.0,0.0,0.0,0.0,0.0,18473,global,0.0
2,2,lr1e-05_bs16_drop0p2_temp2p0_a0p25_b0p05__wd1e-04trmiss0_degmodglobal,16,1e-05,0.0001,0.2,2.0,0.25,0.05,lr1e-05_bs16_drop0p2_temp2p0_a0p25_b0p05__wd1e-04trmiss0_degmodglobal,57,0.6829793155193329,0.6688804626464844,0.7,0.843452380952381,0.6153846153846154,0.0,0.5432796403765678,0.6510241031646729,0.08021699450910091,0.23801922798156738,0.0,0.0,0.0,0.0,0.0,18473,global,0.0
2,2,lr1e-05_bs16_drop0p4_temp1p0_a0p25_b0p05__wd1e-04trmiss0_degmodglobal,16,1e-05,0.0001,0.4,1.0,0.25,0.05,lr1e-05_bs16_drop0p4_temp1p0_a0p25_b0p05__wd1e-04trmiss0_degmodglobal,1,0.7731611728668213,0.6808805465698242,0.625,0.7392857142857143,0.6923076923076923,0.0,0.7066244632005692,0.7452095746994019,0.06903483998030424,0.21385757252573967,0.0,0.0,0.0,0.0,0.0,18473,global,0.0
2,2,lr1e-05_bs16_drop0p4_temp1p0_a0p25_b0p05__wd1e-04trmiss0_degmodglobal,16,1e-05,0.0001,0.4,1.0,0.25,0.05,lr1e-05_bs16_drop0p4_temp1p0_a0p25_b0p05__wd1e-04trmiss0_degmodglobal,2,0.6972788125276566,0.6770169734954834,0.675,0.8009310134310135,0.6153846153846154,0.0,0.7256746739149094,0.672563835978508,0.06189114972949028,0.18484402634203434,0.0,0.0,0.0,0.0,0.0,18473,global,0.0
2,2,lr1e-05_bs16_drop0p4_temp1p0_a0p25_b0p05__wd1e-04trmiss0_degmodglobal,16,1e-05,0.0001,0.4,1.0,0.25,0.05,lr1e-05_bs16_drop0p4_temp1p0_a0p25_b0p05__wd1e-04trmiss0_degmodglobal,3,0.7286989539861679,0.671786904335022,0.675,0.8009310134310135,0.6153846153846154,0.0,0.6921019107103348,0.7040961384773254,0.06585498992353678,0.16278120130300522,0.0,0.0,0.0,0.0,0.0,18473,global,0.0
2,2,lr1e-05_bs16_drop0p4_temp1p0_a0p25_b0p05__wd1e-04trmiss0_degmodglobal,16,1e-05,0.0001,0.4,1.0,0.25,0.05,lr1e-05_bs16_drop0p4_temp1p0_a0p25_b0p05__wd1e-04trmiss0_degmodglobal,4,0.7188643515110016,0.6673552393913269,0.675,0.8009310134310135,0.6153846153846154,0.0,0.7398328632116318,0.6854870319366455,0.08753711730241776,0.2298602145165205,0.0,0.0,0.0,0.0,0.0,18473,global,0.0
2,2,lr1e-05_bs16_drop0p4_temp1p0_a0p25_b0p05__wd1e-04trmiss0_degmodglobal,16,1e-05,0.0001,0.4,1.0,0.25,0.05,lr1e-05_bs16_drop0p4_temp1p0_a0p25_b0p05__wd1e-04trmiss0_degmodglobal,5,0.7046909183263779,0.6650179624557495,0.675,0.8009310134310135,0.6153846153846154,0.0,0.7067932039499283,0.6850112676620483,0.054392267018556595,0.12163167353719473,0.0,0.0,0.0,0.0,0.0,18473,global,0.0
2,2,lr1e-05_bs16_drop0p4_temp1p0_a0p25_b0p05__wd1e-04trmiss0_degmodglobal,16,1e-05,0.0001,0.4,1.0,0.25,0.05,lr1e-05_bs16_drop0p4_temp1p0_a0p25_b0p05__wd1e-04trmiss0_degmodglobal,6,0.6858235448598862,0.664158046245575,0.675,0.8009310134310135,0.6153846153846154,0.0,0.7153105139732361,0.6531423032283783,0.07948060147464275,0.2562216892838478,0.0,0.0,0.0,0.0,0.0,18473,global,0.0
2,2,lr1e-05_bs16_drop0p4_temp1p0_a0p25_b0p05__wd1e-04trmiss0_degmodglobal,16,1e-05,0.0001,0.4,1.0,0.25,0.05,lr1e-05_bs16_drop0p4_temp1p0_a0p25_b0p05__wd1e-04trmiss0_degmodglobal,7,0.687092736363411,0.6620835065841675,0.625,0.7655143467643467,0.6153846153846154,0.0,0.6823391169309616,0.6610470116138458,0.05812665680423379,0.230281300842762,0.0,0.0,0.0,0.0,0.0,18473,global,0.0
2,2,lr1e-05_bs16_drop0p4_temp1p0_a0p25_b0p05__wd1e-04trmiss0_degmodglobal,16,1e-05,0.0001,0.4,1.0,0.25,0.05,lr1e-05_bs16_drop0p4_temp1p0_a0p25_b0p05__wd1e-04trmiss0_degmodglobal,8,0.6859936565160751,0.6608656048774719,0.625,0.7622023809523809,0.6153846153846154,0.0,0.7441965043544769,0.65658138692379,0.06402970477938652,0.26809728145599365,0.0,0.0,0.0,0.0,0.0,18473,global,0.0
2,2,lr1e-05_bs16_drop0p4_temp1p0_a0p25_b0p05__wd1e-04trmiss0_degmodglobal,16,1e-05,0.0001,0.4,1.0,0.25,0.05,lr1e-05_bs16_drop0p4_temp1p0_a0p25_b0p05__wd1e-04trmiss0_degmodglobal,9,0.6747504323720932,0.6629628539085388,0.575,0.7101190476190476,0.6153846153846154,0.0,0.6824598908424377,0.6458447128534317,0.06698196195065975,0.243204765021801,0.0,0.0,0.0,0.0,0.0,18473,global,0.0
2,2,lr1e-05_bs16_drop0p4_temp1p0_a0p25_b0p05__wd1e-04trmiss0_degmodglobal,16,1e-05,0.0001,0.4,1.0,0.25,0.05,lr1e-05_bs16_drop0p4_temp1p0_a0p25_b0p05__wd1e-04trmiss0_degmodglobal,10,0.6852120459079742,0.6657926440238953,0.55,0.6476190476190476,0.6153846153846154,0.0,0.6841360330581665,0.656076118350029,0.07732364535331726,0.19610032811760902,0.0,0.0,0.0,0.0,0.0,18473,global,0.0
2,2,lr1e-05_bs16_drop0p4_temp1p0_a0p25_b0p05__wd1e-04trmiss0_degmodglobal,16,1e-05,0.0001,0.4,1.0,0.25,0.05,lr1e-05_bs16_drop0p4_temp1p0_a0p25_b0p05__wd1e-04trmiss0_degmodglobal,11,0.6747101992368698,0.6648317575454712,0.55,0.6476190476190476,0.6153846153846154,0.0,0.6776372194290161,0.643875926733017,0.07729990035295486,0.23018594831228256,0.0,0.0,0.0,0.0,0.0,18473,global,0.0
2,2,lr1e-05_bs16_drop0p4_temp1p0_a0p25_b0p05__wd1e-04trmiss0_degmodglobal,16,1e-05,0.0001,0.4,1.0,0.25,0.05,lr1e-05_bs16_drop0p4_temp1p0_a0p25_b0p05__wd1e-04trmiss0_degmodglobal,12,0.6762495636940002,0.6624055504798889,0.575,0.6663690476190477,0.6153846153846154,0.0,0.6804299503564835,0.6506955921649933,0.06114225834608078,0.20536823570728302,0.0,0.0,0.0,0.0,0.0,18473,global,0.0
2,2,lr1e-05_bs16_drop0p4_temp1p0_a0p25_b0p05__wd1e-04trmiss0_degmodglobal,16,1e-05,0.0001,0.4,1.0,0.25,0.05,lr1e-05_bs16_drop0p4_temp1p0_a0p25_b0p05__wd1e-04trmiss0_degmodglobal,13,0.6893736124038696,0.6623845100402832,0.55,0.6476190476190476,0.6153846153846154,0.0,0.6970213204622269,0.6591545790433884,0.07457986567169428,0.2314817663282156,0.0,0.0,0.0,0.0,0.0,18473,global,0.0
2,2,lr1e-05_bs16_drop0p4_temp1p0_a0p25_b0p05__wd1e-04trmiss0_degmodglobal,16,1e-05,0.0001,0.4,1.0,0.25,0.05,lr1e-05_bs16_drop0p4_temp1p0_a0p25_b0p05__wd1e-04trmiss0_degmodglobal,14,0.6365516036748886,0.6627565026283264,0.55,0.6476190476190476,0.6153846153846154,0.0,0.661854013800621,0.6068052351474762,0.07465607672929764,0.2216470055282116,0.0,0.0,0.0,0.0,0.0,18473,global,0.0
2,2,lr1e-05_bs16_drop0p4_temp1p0_a0p25_b0p05__wd1e-04trmiss0_degmodglobal,16,1e-05,0.0001,0.4,1.0,0.25,0.05,lr1e-05_bs16_drop0p4_temp1p0_a0p25_b0p05__wd1e-04trmiss0_degmodglobal,15,0.6584440916776657,0.660564661026001,0.55,0.6552083333333333,0.6153846153846154,0.0,0.6862642616033554,0.6291565299034119,0.07514030206948519,0.2100499216467142,0.0,0.0,0.0,0.0,0.0,18473,global,0.0
2,2,lr1e-05_bs16_drop0p4_temp1p0_a0p25_b0p05__wd1e-04trmiss0_degmodglobal,16,1e-05,0.0001,0.4,1.0,0.25,0.05,lr1e-05_bs16_drop0p4_temp1p0_a0p25_b0p05__wd1e-04trmiss0_degmodglobal,16,0.6588677614927292,0.6625950336456299,0.55,0.6552083333333333,0.6153846153846154,0.0,0.6634273678064346,0.6349474340677261,0.06071487162262201,0.17483225651085377,0.0,0.0,0.0,0.0,0.0,18473,global,0.0
2,2,lr1e-05_bs16_drop0p4_temp1p0_a0p25_b0p05__wd1e-04trmiss0_degmodglobal,16,1e-05,0.0001,0.4,1.0,0.25,0.05,lr1e-05_bs16_drop0p4_temp1p0_a0p25_b0p05__wd1e-04trmiss0_degmodglobal,17,0.7038300633430481,0.6633135080337524,0.575,0.671875,0.6153846153846154,0.0,0.6834284067153931,0.674970805644989,0.06898432038724422,0.23226355016231537,0.0,0.0,0.0,0.0,0.0,18473,global,0.0
2,2,lr1e-05_bs16_drop0p4_temp1p0_a0p25_b0p05__wd1e-04trmiss0_degmodglobal,16,1e-05,0.0001,0.4,1.0,0.25,0.05,lr1e-05_bs16_drop0p4_temp1p0_a0p25_b0p05__wd1e-04trmiss0_degmodglobal,18,0.6540520638227463,0.66380375623703,0.575,0.671875,0.6153846153846154,0.0,0.6677096486091614,0.6262933909893036,0.070149140432477,0.20442785695195198,0.0,0.0,0.0,0.0,0.0,18473,global,0.0
2,2,lr1e-05_bs16_drop0p4_temp1p0_a0p25_b0p05__wd1e-04trmiss0_degmodglobal,16,1e-05,0.0001,0.4,1.0,0.25,0.05,lr1e-05_bs16_drop0p4_temp1p0_a0p25_b0p05__wd1e-04trmiss0_degmodglobal,19,0.65886390209198,0.6614115834236145,0.575,0.671875,0.6153846153846154,0.0,0.6695606708526611,0.6359241306781769,0.05966914724558592,0.1604495383799076,0.0,0.0,0.0,0.0,0.0,18473,global,0.0
2,2,lr1e-05_bs16_drop0p4_temp1p0_a0p25_b0p05__wd1e-04trmiss0_degmodglobal,16,1e-05,0.0001,0.4,1.0,0.25,0.05,lr1e-05_bs16_drop0p4_temp1p0_a0p25_b0p05__wd1e-04trmiss0_degmodglobal,20,0.6690871715545654,0.6603398323059082,0.575,0.671875,0.6153846153846154,0.0,0.6768313646316528,0.6421036720275879,0.06593395210802555,0.2100001759827137,0.0,0.0,0.0,0.0,0.0,18473,global,0.0
2,2,lr1e-05_bs16_drop0p4_temp1p0_a0p25_b0p05__wd1e-04trmiss0_degmodglobal,16,1e-05,0.0001,0.4,1.0,0.25,0.05,lr1e-05_bs16_drop0p4_temp1p0_a0p25_b0p05__wd1e-04trmiss0_degmodglobal,21,0.6255965828895569,0.6600726246833801,0.575,0.671875,0.6153846153846154,0.0,0.6315997242927551,0.593415342271328,0.08171824086457491,0.23503359407186508,0.0,0.0,0.0,0.0,0.0,18473,global,0.0
2,2,lr1e-05_bs16_drop0p4_temp1p0_a0p25_b0p05__wd1e-04trmiss0_degmodglobal,16,1e-05,0.0001,0.4,1.0,0.25,0.05,lr1e-05_bs16_drop0p4_temp1p0_a0p25_b0p05__wd1e-04trmiss0_degmodglobal,22,0.6049068868160248,0.6623231768608093,0.55,0.6552083333333333,0.6153846153846154,0.0,0.6831423044204712,0.5745230317115784,0.07645151857286692,0.225419407710433,0.0,0.0,0.0,0.0,0.0,18473,global,0.0
2,2,lr1e-05_bs16_drop0p4_temp1p0_a0p25_b0p05__wd1e-04trmiss0_degmodglobal,16,1e-05,0.0001,0.4,1.0,0.25,0.05,lr1e-05_bs16_drop0p4_temp1p0_a0p25_b0p05__wd1e-04trmiss0_degmodglobal,23,0.6250132471323013,0.6610475778579712,0.55,0.6552083333333333,0.6153846153846154,0.0,0.6750331223011017,0.6042573004961014,0.05601691361516714,0.13503450714051723,0.0,0.0,0.0,0.0,0.0,18473,global,0.0
2,2,lr1e-05_bs16_drop0p4_temp1p0_a0p25_b0p05__wd1e-04trmiss0_degmodglobal,16,1e-05,0.0001,0.4,1.0,0.25,0.05,lr1e-05_bs16_drop0p4_temp1p0_a0p25_b0p05__wd1e-04trmiss0_degmodglobal,24,0.6654725223779678,0.657262921333313,0.575,0.671875,0.6153846153846154,0.0,0.6883112639188766,0.6326286345720291,0.08248734660446644,0.24444069527089596,0.0,0.0,0.0,0.0,0.0,18473,global,0.0
2,2,lr1e-05_bs16_drop0p4_temp1p0_a0p25_b0p05__wd1e-04trmiss0_degmodglobal,16,1e-05,0.0001,0.4,1.0,0.25,0.05,lr1e-05_bs16_drop0p4_temp1p0_a0p25_b0p05__wd1e-04trmiss0_degmodglobal,25,0.6242535412311554,0.6593557596206665,0.575,0.671875,0.6153846153846154,0.0,0.6821853965520859,0.5928689241409302,0.07186406757682562,0.2683722171932459,0.0,0.0,0.0,0.0,0.0,18473,global,0.0
2,2,lr1e-05_bs16_drop0p4_temp1p0_a0p25_b0p05__wd1e-04trmiss0_degmodglobal,16,1e-05,0.0001,0.4,1.0,0.25,0.05,lr1e-05_bs16_drop0p4_temp1p0_a0p25_b0p05__wd1e-04trmiss0_degmodglobal,26,0.6536430865526199,0.6565319895744324,0.575,0.671875,0.6153846153846154,0.0,0.6810708194971085,0.6235813498497009,0.07313461322337389,0.23556162416934967,0.0,0.0,0.0,0.0,0.0,18473,global,0.0
2,2,lr1e-05_bs16_drop0p4_temp2p0_a0p25_b0p05__wd1e-04trmiss0_degmodglobal,16,1e-05,0.0001,0.4,2.0,0.25,0.05,lr1e-05_bs16_drop0p4_temp2p0_a0p25_b0p05__wd1e-04trmiss0_degmodglobal,1,0.6908727735280991,0.7228860259056091,0.22499999999999998,0.515243783993784,0.3076923076923077,0.0,0.6766187250614166,0.6654997915029526,0.06567935273051262,0.17906276136636734,0.0,0.0,0.0,0.0,0.0,18473,global,0.0
2,2,lr1e-05_bs16_drop0p4_temp2p0_a0p25_b0p05__wd1e-04trmiss0_degmodglobal,16,1e-05,0.0001,0.4,2.0,0.25,0.05,lr1e-05_bs16_drop0p4_temp2p0_a0p25_b0p05__wd1e-04trmiss0_degmodglobal,2,0.6801436543464661,0.725025475025177,0.24999999999999997,0.5360771173271173,0.3076923076923077,0.0,0.6943887770175934,0.656039297580719,0.06588912382721901,0.15264133550226688,0.0,0.0,0.0,0.0,0.0,18473,global,0.0
2,2,lr1e-05_bs16_drop0p4_temp2p0_a0p25_b0p05__wd1e-04trmiss0_degmodglobal,16,1e-05,0.0001,0.4,2.0,0.25,0.05,lr1e-05_bs16_drop0p4_temp2p0_a0p25_b0p05__wd1e-04trmiss0_degmodglobal,3,0.6832532435655594,0.7259963154792786,0.275,0.5430215617715618,0.3076923076923077,0.0,0.6749014258384705,0.6637970209121704,0.05567476246505976,0.11075044982135296,0.0,0.0,0.0,0.0,0.0,18473,global,0.0
2,2,lr1e-05_bs16_drop0p4_temp2p0_a0p25_b0p05__wd1e-04trmiss0_degmodglobal,16,1e-05,0.0001,0.4,2.0,0.25,0.05,lr1e-05_bs16_drop0p4_temp2p0_a0p25_b0p05__wd1e-04trmiss0_degmodglobal,4,0.6852675080299377,0.7260817289352417,0.30000000000000004,0.5499660062160063,0.3076923076923077,0.0,0.6638658046722412,0.6610850095748901,0.06592616252601147,0.15401946566998959,0.0,0.0,0.0,0.0,0.0,18473,global,0.0
2,2,lr1e-05_bs16_drop0p4_temp2p0_a0p25_b0p05__wd1e-04trmiss0_degmodglobal,16,1e-05,0.0001,0.4,2.0,0.25,0.05,lr1e-05_bs16_drop0p4_temp2p0_a0p25_b0p05__wd1e-04trmiss0_degmodglobal,5,0.6849182844161987,0.7268655300140381,0.30000000000000004,0.5499660062160063,0.38461538461538464,0.0,0.6506713926792145,0.6582223176956177,0.06504620052874088,0.20868836715817451,0.0,0.0,0.0,0.0,0.0,18473,global,0.0
2,2,lr1e-05_bs16_drop0p4_temp2p0_a0p25_b0p05__wd1e-04trmiss0_degmodglobal,16,1e-05,0.0001,0.4,2.0,0.25,0.05,lr1e-05_bs16_drop0p4_temp2p0_a0p25_b0p05__wd1e-04trmiss0_degmodglobal,6,0.7063823789358139,0.7286147475242615,0.325,0.5567841880341882,0.38461538461538464,0.0,0.6768293976783752,0.6834372729063034,0.0607266528531909,0.15526901185512543,0.0,0.0,0.0,0.0,0.0,18473,global,0.0
2,2,lr1e-05_bs16_drop0p4_temp2p0_a0p25_b0p05__wd1e-04trmiss0_degmodglobal,16,1e-05,0.0001,0.4,2.0,0.25,0.05,lr1e-05_bs16_drop0p4_temp2p0_a0p25_b0p05__wd1e-04trmiss0_degmodglobal,7,0.6888471692800522,0.7280037999153137,0.325,0.5567841880341882,0.38461538461538464,0.0,0.6351432353258133,0.6586502641439438,0.07911935448646545,0.2083414550870657,0.0,0.0,0.0,0.0,0.0,18473,global,0.0
2,2,lr1e-05_bs16_drop0p4_temp2p0_a0p25_b0p05__wd1e-04trmiss0_degmodglobal,16,1e-05,0.0001,0.4,2.0,0.25,0.05,lr1e-05_bs16_drop0p4_temp2p0_a0p25_b0p05__wd1e-04trmiss0_degmodglobal,8,0.691799059510231,0.7282612323760986,0.29999999999999993,0.5442841880341881,0.38461538461538464,0.0,0.641869530081749,0.662892684340477,0.0729232057929039,0.21351156570017338,0.0,0.0,0.0,0.0,0.0,18473,global,0.0
2,2,lr1e-05_bs16_drop0p4_temp2p0_a0p25_b0p05__wd1e-04trmiss0_degmodglobal,16,1e-05,0.0001,0.4,2.0,0.25,0.05,lr1e-05_bs16_drop0p4_temp2p0_a0p25_b0p05__wd1e-04trmiss0_degmodglobal,9,0.6798174232244492,0.7294875383377075,0.29999999999999993,0.5442841880341881,0.38461538461538464,0.0,0.6368640065193176,0.6514715403318405,0.07714026235044003,0.1812163507565856,0.0,0.0,0.0,0.0,0.0,18473,global,0.0
2,2,lr1e-05_bs16_drop0p4_temp2p0_a0p25_b0p05__wd1e-04trmiss0_degmodglobal,16,1e-05,0.0001,0.4,2.0,0.25,0.05,lr1e-05_bs16_drop0p4_temp2p0_a0p25_b0p05__wd1e-04trmiss0_degmodglobal,10,0.6670142412185669,0.7312175631523132,0.29999999999999993,0.5442841880341881,0.38461538461538464,0.0,0.6386968493461609,0.6422476172447205,0.06389562040567398,0.1758544985204935,0.0,0.0,0.0,0.0,0.0,18473,global,0.0
2,2,lr1e-05_bs16_drop0p4_temp2p0_a0p25_b0p05__wd1e-04trmiss0_degmodglobal,16,1e-05,0.0001,0.4,2.0,0.25,0.05,lr1e-05_bs16_drop0p4_temp2p0_a0p25_b0p05__wd1e-04trmiss0_degmodglobal,11,0.6744716465473175,0.7312162518501282,0.29999999999999993,0.5442841880341881,0.38461538461538464,0.0,0.6238313615322113,0.6538257300853729,0.05678648687899113,0.1289860848337412,0.0,0.0,0.0,0.0,0.0,18473,global,0.0
2,2,lr1e-05_bs16_drop0p4_temp2p0_a0p25_b0p05__wd1e-04trmiss0_degmodglobal,16,1e-05,0.0001,0.4,2.0,0.25,0.05,lr1e-05_bs16_drop0p4_temp2p0_a0p25_b0p05__wd1e-04trmiss0_degmodglobal,12,0.6935053765773773,0.7314320802688599,0.32499999999999996,0.5651175213675215,0.38461538461538464,0.0,0.6382808685302734,0.6628883183002472,0.08197614643722773,0.2024605367332697,0.0,0.0,0.0,0.0,0.0,18473,global,0.0
2,2,lr1e-05_bs16_drop0p4_temp2p0_a0p25_b0p05__wd1e-04trmiss0_degmodglobal,16,1e-05,0.0001,0.4,2.0,0.25,0.05,lr1e-05_bs16_drop0p4_temp2p0_a0p25_b0p05__wd1e-04trmiss0_degmodglobal,13,0.6942880004644394,0.732806384563446,0.32499999999999996,0.5651175213675215,0.38461538461538464,0.0,0.6283051520586014,0.6688353270292282,0.06361763458698988,0.19096574559807777,0.0,0.0,0.0,0.0,0.0,18473,global,0.0
2,2,lr1e-05_bs16_drop0p4_temp2p0_a0p25_b0p05__wd1e-04trmiss0_degmodglobal,16,1e-05,0.0001,0.4,2.0,0.25,0.05,lr1e-05_bs16_drop0p4_temp2p0_a0p25_b0p05__wd1e-04trmiss0_degmodglobal,14,0.692022904753685,0.7350066304206848,0.32499999999999996,0.5651175213675215,0.38461538461538464,0.0,0.639073833823204,0.6630127727985382,0.0796561948955059,0.18192126229405403,0.0,0.0,0.0,0.0,0.0,18473,global,0.0
2,2,lr1e-05_bs16_drop0p4_temp2p0_a0p25_b0p05__wd1e-04trmiss0_degmodglobal,16,1e-05,0.0001,0.4,2.0,0.25,0.05,lr1e-05_bs16_drop0p4_temp2p0_a0p25_b0p05__wd1e-04trmiss0_degmodglobal,15,0.6766864508390427,0.733961820602417,0.32499999999999996,0.5651175213675215,0.38461538461538464,0.0,0.6256994158029556,0.6495123654603958,0.07254192046821117,0.18077228218317032,0.0,0.0,0.0,0.0,0.0,18473,global,0.0
2,2,lr1e-05_bs16_drop0p4_temp2p0_a0p25_b0p05__wd1e-04trmiss0_degmodglobal,16,1e-05,0.0001,0.4,2.0,0.25,0.05,lr1e-05_bs16_drop0p4_temp2p0_a0p25_b0p05__wd1e-04trmiss0_degmodglobal,16,0.6796388030052185,0.7345612049102783,0.32499999999999996,0.5651175213675215,0.38461538461538464,0.0,0.631313681602478,0.6505876779556274,0.07334987632930279,0.2142731472849846,0.0,0.0,0.0,0.0,0.0,18473,global,0.0
2,2,lr1e-05_bs16_drop0p4_temp2p0_a0p25_b0p05__wd1e-04trmiss0_degmodglobal,16,1e-05,0.0001,0.4,2.0,0.25,0.05,lr1e-05_bs16_drop0p4_temp2p0_a0p25_b0p05__wd1e-04trmiss0_degmodglobal,17,0.6867510825395584,0.7336332201957703,0.32499999999999996,0.5651175213675215,0.38461538461538464,0.0,0.6104505062103271,0.6595059782266617,0.06791520304977894,0.20532649755477905,0.0,0.0,0.0,0.0,0.0,18473,global,0.0
2,2,lr1e-05_bs16_drop0p4_temp2p0_a0p25_b0p05__wd1e-04trmiss0_degmodglobal,16,1e-05,0.0001,0.4,2.0,0.25,0.05,lr1e-05_bs16_drop0p4_temp2p0_a0p25_b0p05__wd1e-04trmiss0_degmodglobal,18,0.7060303837060928,0.7342814803123474,0.32499999999999996,0.5651175213675215,0.38461538461538464,0.0,0.625962570309639,0.6695750057697296,0.08451919071376324,0.30651166290044785,0.0,0.0,0.0,0.0,0.0,18473,global,0.0
2,2,lr1e-05_bs16_drop0p4_temp2p0_a0p25_b0p05__wd1e-04trmiss0_degmodglobal,16,1e-05,0.0001,0.4,2.0,0.25,0.05,lr1e-05_bs16_drop0p4_temp2p0_a0p25_b0p05__wd1e-04trmiss0_degmodglobal,19,0.6651365160942078,0.7334879636764526,0.32499999999999996,0.5651175213675215,0.38461538461538464,0.0,0.6151163578033447,0.6386220753192902,0.06593174207955599,0.20062986388802528,0.0,0.0,0.0,0.0,0.0,18473,global,0.0
2,2,lr1e-05_bs16_drop0p4_temp2p0_a0p25_b0p05__wd1e-04trmiss0_degmodglobal,16,1e-05,0.0001,0.4,2.0,0.25,0.05,lr1e-05_bs16_drop0p4_temp2p0_a0p25_b0p05__wd1e-04trmiss0_degmodglobal,20,0.6971768587827682,0.732611894607544,0.32499999999999996,0.5651175213675215,0.38461538461538464,0.0,0.6188340485095978,0.6631316840648651,0.08805425744503736,0.24063237756490707,0.0,0.0,0.0,0.0,0.0,18473,global,0.0
2,2,lr1e-05_bs16_drop0p4_temp2p0_a0p25_b0p05__wd1e-04trmiss0_degmodglobal,16,1e-05,0.0001,0.4,2.0,0.25,0.05,lr1e-05_bs16_drop0p4_temp2p0_a0p25_b0p05__wd1e-04trmiss0_degmodglobal,21,0.6960283517837524,0.7324509024620056,0.32499999999999996,0.5651175213675215,0.38461538461538464,0.0,0.6365295350551605,0.6724554598331451,0.061336672864854336,0.16477444488555193,0.0,0.0,0.0,0.0,0.0,18473,global,0.0
2,2,lr1e-05_bs16_drop0p4_temp2p0_a0p25_b0p05__wd1e-04trmiss0_degmodglobal,16,1e-05,0.0001,0.4,2.0,0.25,0.05,lr1e-05_bs16_drop0p4_temp2p0_a0p25_b0p05__wd1e-04trmiss0_degmodglobal,22,0.6611737757921219,0.7323177456855774,0.32499999999999996,0.5651175213675215,0.38461538461538464,0.0,0.6253478527069092,0.6381372660398483,0.05939725413918495,0.1637440174818039,0.0,0.0,0.0,0.0,0.0,18473,global,0.0
2,2,lr1e-05_bs16_drop0p4_temp2p0_a0p25_b0p05__wd1e-04trmiss0_degmodglobal,16,1e-05,0.0001,0.4,2.0,0.25,0.05,lr1e-05_bs16_drop0p4_temp2p0_a0p25_b0p05__wd1e-04trmiss0_degmodglobal,23,0.7174923866987228,0.7315720319747925,0.32499999999999996,0.5651175213675215,0.38461538461538464,0.0,0.6028057187795639,0.6856718510389328,0.07736786641180515,0.24957153387367725,0.0,0.0,0.0,0.0,0.0,18473,global,0.0
2,2,lr1e-05_bs16_drop0p4_temp2p0_a0p25_b0p05__wd1e-04trmiss0_degmodglobal,16,1e-05,0.0001,0.4,2.0,0.25,0.05,lr1e-05_bs16_drop0p4_temp2p0_a0p25_b0p05__wd1e-04trmiss0_degmodglobal,24,0.6847522854804993,0.7308695912361145,0.32499999999999996,0.5651175213675215,0.38461538461538464,0.0,0.6653095334768295,0.659520760178566,0.06501363962888718,0.1795621830970049,0.0,0.0,0.0,0.0,0.0,18473,global,0.0
2,2,lr1e-05_bs16_drop0p4_temp2p0_a0p25_b0p05__wd1e-04trmiss0_degmodglobal,16,1e-05,0.0001,0.4,2.0,0.25,0.05,lr1e-05_bs16_drop0p4_temp2p0_a0p25_b0p05__wd1e-04trmiss0_degmodglobal,25,0.7332758605480194,0.7299303412437439,0.35,0.5717463092463093,0.38461538461538464,0.0,0.6008094847202301,0.7060640752315521,0.07202136144042015,0.18412847444415092,0.0,0.0,0.0,0.0,0.0,18473,global,0.0
2,2,lr1e-05_bs16_drop0p4_temp2p0_a0p25_b0p05__wd1e-04trmiss0_degmodglobal,16,1e-05,0.0001,0.4,2.0,0.25,0.05,lr1e-05_bs16_drop0p4_temp2p0_a0p25_b0p05__wd1e-04trmiss0_degmodglobal,26,0.6533494889736176,0.7307159900665283,0.32499999999999996,0.5651175213675215,0.38461538461538464,0.0,0.5901658087968826,0.6262898594141006,0.07134123519062996,0.18448632583022118,0.0,0.0,0.0,0.0,0.0,18473,global,0.0
2,2,lr1e-05_bs16_drop0p4_temp2p0_a0p25_b0p05__wd1e-04trmiss0_degmodglobal,16,1e-05,0.0001,0.4,2.0,0.25,0.05,lr1e-05_bs16_drop0p4_temp2p0_a0p25_b0p05__wd1e-04trmiss0_degmodglobal,27,0.7085506618022919,0.7318164110183716,0.32499999999999996,0.5651175213675215,0.38461538461538464,0.0,0.6087699979543686,0.6755614280700684,0.08336088713258505,0.24298032373189926,0.0,0.0,0.0,0.0,0.0,18473,global,0.0
2,2,lr1e-05_bs16_drop0p4_temp2p0_a0p25_b0p05__wd1e-04trmiss0_degmodglobal,16,1e-05,0.0001,0.4,2.0,0.25,0.05,lr1e-05_bs16_drop0p4_temp2p0_a0p25_b0p05__wd1e-04trmiss0_degmodglobal,28,0.6686315983533859,0.7320558428764343,0.29999999999999993,0.5442841880341881,0.38461538461538464,0.0,0.6076772660017014,0.6336124986410141,0.09289624448865652,0.23590059578418732,0.0,0.0,0.0,0.0,0.0,18473,global,0.0
2,2,lr1e-05_bs16_drop0p4_temp2p0_a0p25_b0p05__wd1e-04trmiss0_degmodglobal,16,1e-05,0.0001,0.4,2.0,0.25,0.05,lr1e-05_bs16_drop0p4_temp2p0_a0p25_b0p05__wd1e-04trmiss0_degmodglobal,29,0.66456338763237,0.731354296207428,0.29999999999999993,0.5442841880341881,0.38461538461538464,0.0,0.60404372215271,0.6321251094341278,0.07752732373774052,0.261129230260849,0.0,0.0,0.0,0.0,0.0,18473,global,0.0
2,2,lr1e-05_bs16_drop0p4_temp2p0_a0p25_b0p05__wd1e-04trmiss0_degmodglobal,16,1e-05,0.0001,0.4,2.0,0.25,0.05,lr1e-05_bs16_drop0p4_temp2p0_a0p25_b0p05__wd1e-04trmiss0_degmodglobal,30,0.6960226744413376,0.7316803932189941,0.32499999999999996,0.5651175213675215,0.38461538461538464,0.0,0.654480367898941,0.6631916761398315,0.08121892809867859,0.25052522122859955,0.0,0.0,0.0,0.0,0.0,18473,global,0.0
2,2,lr1e-05_bs16_drop0p4_temp2p0_a0p25_b0p05__wd1e-04trmiss0_degmodglobal,16,1e-05,0.0001,0.4,2.0,0.25,0.05,lr1e-05_bs16_drop0p4_temp2p0_a0p25_b0p05__wd1e-04trmiss0_degmodglobal,31,0.6897593587636948,0.7318863272666931,0.32499999999999996,0.5651175213675215,0.38461538461538464,0.0,0.604099452495575,0.6594704538583755,0.07609994523227215,0.22527848556637764,0.0,0.0,0.0,0.0,0.0,18473,global,0.0
2,2,lr1e-05_bs16_drop0p4_temp2p0_a0p25_b0p05__wd1e-04trmiss0_degmodglobal,16,1e-05,0.0001,0.4,2.0,0.25,0.05,lr1e-05_bs16_drop0p4_temp2p0_a0p25_b0p05__wd1e-04trmiss0_degmodglobal,32,0.691666379570961,0.7310461401939392,0.32499999999999996,0.5651175213675215,0.38461538461538464,0.0,0.5939581245183945,0.6607326865196228,0.08062880299985409,0.21553011238574982,0.0,0.0,0.0,0.0,0.0,18473,global,0.0
2,2,lr1e-05_bs16_drop0p4_temp2p0_a0p25_b0p05__wd1e-04trmiss0_degmodglobal,16,1e-05,0.0001,0.4,2.0,0.25,0.05,lr1e-05_bs16_drop0p4_temp2p0_a0p25_b0p05__wd1e-04trmiss0_degmodglobal,33,0.6785985678434372,0.7312586307525635,0.32499999999999996,0.5651175213675215,0.38461538461538464,0.0,0.5816224664449692,0.6501495391130447,0.07655542157590389,0.18620354495942593,0.0,0.0,0.0,0.0,0.0,18473,global,0.0
2,2,lr1e-05_bs16_drop0p4_temp2p0_a0p25_b0p05__wd1e-04trmiss0_degmodglobal,16,1e-05,0.0001,0.4,2.0,0.25,0.05,lr1e-05_bs16_drop0p4_temp2p0_a0p25_b0p05__wd1e-04trmiss0_degmodglobal,34,0.6738820970058441,0.7286945581436157,0.35,0.5717463092463093,0.38461538461538464,0.0,0.5861618369817734,0.6466199904680252,0.07011736836284399,0.1946552712470293,0.0,0.0,0.0,0.0,0.0,18473,global,0.0
2,2,lr1e-05_bs16_drop0p4_temp2p0_a0p25_b0p05__wd1e-04trmiss0_degmodglobal,16,1e-05,0.0001,0.4,2.0,0.25,0.05,lr1e-05_bs16_drop0p4_temp2p0_a0p25_b0p05__wd1e-04trmiss0_degmodglobal,35,0.692805677652359,0.7295663356781006,0.35,0.5717463092463093,0.38461538461538464,0.0,0.5943027287721634,0.6603236645460129,0.08110268134623766,0.24412669613957405,0.0,0.0,0.0,0.0,0.0,18473,global,0.0
2,2,lr1e-05_bs16_drop0p4_temp2p0_a0p25_b0p05__wd1e-04trmiss0_degmodglobal,16,1e-05,0.0001,0.4,2.0,0.25,0.05,lr1e-05_bs16_drop0p4_temp2p0_a0p25_b0p05__wd1e-04trmiss0_degmodglobal,36,0.6873830109834671,0.7281153202056885,0.35,0.5717463092463093,0.38461538461538464,0.0,0.571698471903801,0.6540537774562836,0.08742625452578068,0.22945362143218517,0.0,0.0,0.0,0.0,0.0,18473,global,0.0
2,2,lr1e-05_bs16_drop0p4_temp2p0_a0p25_b0p05__wd1e-04trmiss0_degmodglobal,16,1e-05,0.0001,0.4,2.0,0.25,0.05,lr1e-05_bs16_drop0p4_temp2p0_a0p25_b0p05__wd1e-04trmiss0_degmodglobal,37,0.6518101096153259,0.7294894456863403,0.35,0.5717463092463093,0.38461538461538464,0.0,0.564203605055809,0.6228307485580444,0.07148145139217377,0.22218028455972672,0.0,0.0,0.0,0.0,0.0,18473,global,0.0
2,2,lr1e-05_bs16_drop0p4_temp2p0_a0p25_b0p05__wd1e-04trmiss0_degmodglobal,16,1e-05,0.0001,0.4,2.0,0.25,0.05,lr1e-05_bs16_drop0p4_temp2p0_a0p25_b0p05__wd1e-04trmiss0_degmodglobal,38,0.6877232939004898,0.7294930815696716,0.375,0.5806748806748807,0.38461538461538464,0.0,0.5836608111858368,0.6574454605579376,0.07868299074470997,0.21214190125465393,0.0,0.0,0.0,0.0,0.0,18473,global,0.0
2,2,lr1e-05_bs16_drop0p4_temp2p0_a0p25_b0p05__wd1e-04trmiss0_degmodglobal,16,1e-05,0.0001,0.4,2.0,0.25,0.05,lr1e-05_bs16_drop0p4_temp2p0_a0p25_b0p05__wd1e-04trmiss0_degmodglobal,39,0.6798563450574875,0.730562150478363,0.35,0.5740460927960929,0.38461538461538464,0.0,0.6187051236629486,0.6567745059728622,0.060203340370208025,0.16062010638415813,0.0,0.0,0.0,0.0,0.0,18473,global,0.0
2,2,lr1e-05_bs16_drop0p4_temp2p0_a0p25_b0p05__wd1e-04trmiss0_degmodglobal,16,1e-05,0.0001,0.4,2.0,0.25,0.05,lr1e-05_bs16_drop0p4_temp2p0_a0p25_b0p05__wd1e-04trmiss0_degmodglobal,40,0.6927461326122284,0.7295947074890137,0.375,0.5827266483516484,0.38461538461538464,0.0,0.5935524851083755,0.6672669053077698,0.0694391019642353,0.16238905861973763,0.0,0.0,0.0,0.0,0.0,18473,global,0.0
2,2,lr1e-05_bs16_drop0p4_temp2p0_a0p25_b0p05__wd1e-04trmiss0_degmodglobal,16,1e-05,0.0001,0.4,2.0,0.25,0.05,lr1e-05_bs16_drop0p4_temp2p0_a0p25_b0p05__wd1e-04trmiss0_degmodglobal,41,0.6621164381504059,0.7295934557914734,0.375,0.5827266483516484,0.38461538461538464,0.0,0.5740844309329987,0.6375370472669601,0.07051180955022573,0.13902908936142921,0.0,0.0,0.0,0.0,0.0,18473,global,0.0
2,2,lr1e-05_bs16_drop0p4_temp2p0_a0p25_b0p05__wd1e-04trmiss0_degmodglobal,16,1e-05,0.0001,0.4,2.0,0.25,0.05,lr1e-05_bs16_drop0p4_temp2p0_a0p25_b0p05__wd1e-04trmiss0_degmodglobal,42,0.6654674112796783,0.7293988466262817,0.375,0.5827266483516484,0.38461538461538464,0.0,0.5558590143918991,0.6337239891290665,0.08321595191955566,0.2187887728214264,0.0,0.0,0.0,0.0,0.0,18473,global,0.0
2,2,lr1e-05_bs16_drop0p4_temp2p0_a0p25_b0p05__wd1e-04trmiss0_degmodglobal,16,1e-05,0.0001,0.4,2.0,0.25,0.05,lr1e-05_bs16_drop0p4_temp2p0_a0p25_b0p05__wd1e-04trmiss0_degmodglobal,43,0.6736296564340591,0.7292100787162781,0.375,0.5806748806748807,0.38461538461538464,0.0,0.5626184046268463,0.6437739431858063,0.0801327582448721,0.19645056873559952,0.0,0.0,0.0,0.0,0.0,18473,global,0.0
2,2,lr1e-05_bs16_drop0p4_temp2p0_a0p25_b0p05__wd1e-04trmiss0_degmodglobal,16,1e-05,0.0001,0.4,2.0,0.25,0.05,lr1e-05_bs16_drop0p4_temp2p0_a0p25_b0p05__wd1e-04trmiss0_degmodglobal,44,0.6918821632862091,0.7277459502220154,0.375,0.5806748806748807,0.38461538461538464,0.0,0.5837061852216721,0.6580673903226852,0.08641152549535036,0.24423767253756523,0.0,0.0,0.0,0.0,0.0,18473,global,0.0
2,2,lr1e-05_bs16_drop0p4_temp2p0_a0p25_b0p05__wd1e-04trmiss0_degmodglobal,16,1e-05,0.0001,0.4,2.0,0.25,0.05,lr1e-05_bs16_drop0p4_temp2p0_a0p25_b0p05__wd1e-04trmiss0_degmodglobal,45,0.6821596473455429,0.7282748222351074,0.375,0.5806748806748807,0.38461538461538464,0.0,0.5462010130286217,0.6503145545721054,0.07443197816610336,0.26474257558584213,0.0,0.0,0.0,0.0,0.0,18473,global,0.0
2,2,lr1e-05_bs16_drop0p4_temp2p0_a0p25_b0p05__wd1e-04trmiss0_degmodglobal,16,1e-05,0.0001,0.4,2.0,0.25,0.05,lr1e-05_bs16_drop0p4_temp2p0_a0p25_b0p05__wd1e-04trmiss0_degmodglobal,46,0.6885820627212524,0.7293989658355713,0.4,0.5893554362304363,0.38461538461538464,0.0,0.5725198686122894,0.6600984483957291,0.07691545225679874,0.18509474210441113,0.0,0.0,0.0,0.0,0.0,18473,global,0.0
2,2,lr1e-05_bs16_drop0p4_temp2p0_a0p25_b0p05__wd1e-04trmiss0_degmodglobal,16,1e-05,0.0001,0.4,2.0,0.25,0.05,lr1e-05_bs16_drop0p4_temp2p0_a0p25_b0p05__wd1e-04trmiss0_degmodglobal,47,0.6787097007036209,0.7290950417518616,0.375,0.5806748806748807,0.38461538461538464,0.0,0.5659349262714386,0.6507752537727356,0.0720300693064928,0.1985386200249195,0.0,0.0,0.0,0.0,0.0,18473,global,0.0
2,2,lr1e-05_bs16_drop0p4_temp2p0_a0p25_b0p05__wd1e-04trmiss0_degmodglobal,16,1e-05,0.0001,0.4,2.0,0.25,0.05,lr1e-05_bs16_drop0p4_temp2p0_a0p25_b0p05__wd1e-04trmiss0_degmodglobal,48,0.7220783680677414,0.727504312992096,0.375,0.5806748806748807,0.38461538461538464,0.0,0.5920867919921875,0.6866007149219513,0.09066810458898544,0.2562125623226166,0.0,0.0,0.0,0.0,0.0,18473,global,0.0
2,2,lr1e-05_bs16_drop0p4_temp2p0_a0p25_b0p05__wd1e-04trmiss0_degmodglobal,16,1e-05,0.0001,0.4,2.0,0.25,0.05,lr1e-05_bs16_drop0p4_temp2p0_a0p25_b0p05__wd1e-04trmiss0_degmodglobal,49,0.6538879722356796,0.7293499708175659,0.375,0.5806748806748807,0.38461538461538464,0.0,0.5827322155237198,0.6292593777179718,0.0673759588971734,0.1556918267160654,0.0,0.0,0.0,0.0,0.0,18473,global,0.0
2,2,lr1e-05_bs16_drop0p4_temp2p0_a0p25_b0p05__wd1e-04trmiss0_degmodglobal,16,1e-05,0.0001,0.4,2.0,0.25,0.05,lr1e-05_bs16_drop0p4_temp2p0_a0p25_b0p05__wd1e-04trmiss0_degmodglobal,50,0.6681394279003143,0.7287520170211792,0.35,0.5740460927960929,0.38461538461538464,0.0,0.577707901597023,0.6399467289447784,0.07740872353315353,0.17681033164262772,0.0,0.0,0.0,0.0,0.0,18473,global,0.0
2,2,lr1e-05_bs16_drop0p4_temp2p0_a0p25_b0p05__wd1e-04trmiss0_degmodglobal,16,1e-05,0.0001,0.4,2.0,0.25,0.05,lr1e-05_bs16_drop0p4_temp2p0_a0p25_b0p05__wd1e-04trmiss0_degmodglobal,51,0.665007084608078,0.7292940020561218,0.35,0.5740460927960929,0.38461538461538464,0.0,0.5988865792751312,0.6404810398817062,0.06655007507652044,0.1577704343944788,0.0,0.0,0.0,0.0,0.0,18473,global,0.0
2,2,lr1e-05_bs16_drop0p4_temp2p0_a0p25_b0p05__wd1e-04trmiss0_degmodglobal,16,1e-05,0.0001,0.4,2.0,0.25,0.05,lr1e-05_bs16_drop0p4_temp2p0_a0p25_b0p05__wd1e-04trmiss0_degmodglobal,52,0.6662786453962326,0.729404628276825,0.375,0.5806748806748807,0.38461538461538464,0.0,0.5489068105816841,0.6369938999414444,0.07527562789618969,0.20931660383939743,0.0,0.0,0.0,0.0,0.0,18473,global,0.0
2,2,lr1e-05_bs16_drop0p4_temp2p0_a0p25_b0p05__wd1e-04trmiss0_degmodglobal,16,1e-05,0.0001,0.4,2.0,0.25,0.05,lr1e-05_bs16_drop0p4_temp2p0_a0p25_b0p05__wd1e-04trmiss0_degmodglobal,53,0.6703102886676788,0.7303608655929565,0.35,0.5740460927960929,0.38461538461538464,0.0,0.5707085430622101,0.6414827257394791,0.07562870904803276,0.19840721786022186,0.0,0.0,0.0,0.0,0.0,18473,global,0.0
2,2,lr1e-05_bs16_drop0p4_temp2p0_a0p25_b0p05__wd1e-04trmiss0_degmodglobal,16,1e-05,0.0001,0.4,2.0,0.25,0.05,lr1e-05_bs16_drop0p4_temp2p0_a0p25_b0p05__wd1e-04trmiss0_degmodglobal,54,0.690288245677948,0.7302781939506531,0.35,0.5740460927960929,0.38461538461538464,0.0,0.6006012856960297,0.6651962101459503,0.06951930746436119,0.1542444322258234,0.0,0.0,0.0,0.0,0.0,18473,global,0.0
2,2,lr1e-05_bs16_drop0p4_temp2p0_a0p25_b0p05__wd1e-04trmiss0_degmodglobal,16,1e-05,0.0001,0.4,2.0,0.25,0.05,lr1e-05_bs16_drop0p4_temp2p0_a0p25_b0p05__wd1e-04trmiss0_degmodglobal,55,0.6918848007917404,0.729872465133667,0.375,0.5806748806748807,0.38461538461538464,0.0,0.5516493916511536,0.6556219160556793,0.08773018419742584,0.2866074778139591,0.0,0.0,0.0,0.0,0.0,18473,global,0.0
2,2,lr1e-05_bs16_drop0p4_temp2p0_a0p25_b0p05__wd1e-04trmiss0_degmodglobal,16,1e-05,0.0001,0.4,2.0,0.25,0.05,lr1e-05_bs16_drop0p4_temp2p0_a0p25_b0p05__wd1e-04trmiss0_degmodglobal,56,0.6994833052158356,0.7302482724189758,0.375,0.5827266483516484,0.38461538461538464,0.0,0.5795858949422836,0.6716154664754868,0.07026629336178303,0.20602494850754738,0.0,0.0,0.0,0.0,0.0,18473,global,0.0
2,2,lr1e-05_bs16_drop0p4_temp2p0_a0p25_b0p05__wd1e-04trmiss0_degmodglobal,16,1e-05,0.0001,0.4,2.0,0.25,0.05,lr1e-05_bs16_drop0p4_temp2p0_a0p25_b0p05__wd1e-04trmiss0_degmodglobal,57,0.6617636829614639,0.7288025617599487,0.425,0.5957656926406927,0.38461538461538464,0.0,0.5701872855424881,0.6287837624549866,0.08234854880720377,0.2478557713329792,0.0,0.0,0.0,0.0,0.0,18473,global,0.0
2,2,lr1e-05_bs16_drop0p4_temp2p0_a0p25_b0p05__wd1e-04trmiss0_degmodglobal,16,1e-05,0.0001,0.4,2.0,0.25,0.05,lr1e-05_bs16_drop0p4_temp2p0_a0p25_b0p05__wd1e-04trmiss0_degmodglobal,58,0.6710052341222763,0.7278451323509216,0.39999999999999997,0.5870851370851371,0.38461538461538464,0.0,0.5620490461587906,0.643238976597786,0.07095659710466862,0.20054220035672188,0.0,0.0,0.0,0.0,0.0,18473,global,0.0
2,2,lr1e-05_bs16_drop0p4_temp2p0_a0p25_b0p05__wd1e-04trmiss0_degmodglobal,16,1e-05,0.0001,0.4,2.0,0.25,0.05,lr1e-05_bs16_drop0p4_temp2p0_a0p25_b0p05__wd1e-04trmiss0_degmodglobal,59,0.6557006239891052,0.7280389666557312,0.39999999999999997,0.5870851370851371,0.38461538461538464,0.0,0.5708177089691162,0.6338934749364853,0.06285338196903467,0.12187621556222439,0.0,0.0,0.0,0.0,0.0,18473,global,0.0
2,2,lr1e-05_bs16_drop0p4_temp2p0_a0p25_b0p05__wd1e-04trmiss0_degmodglobal,16,1e-05,0.0001,0.4,2.0,0.25,0.05,lr1e-05_bs16_drop0p4_temp2p0_a0p25_b0p05__wd1e-04trmiss0_degmodglobal,60,0.7032792568206787,0.7273185849189758,0.39999999999999997,0.5870851370851371,0.38461538461538464,0.0,0.5639888197183609,0.6615049242973328,0.10545803979039192,0.30819621682167053,0.0,0.0,0.0,0.0,0.0,18473,global,0.0
2,2,lr1e-05_bs16_drop0p4_temp2p0_a0p25_b0p05__wd1e-04trmiss0_degmodglobal,16,1e-05,0.0001,0.4,2.0,0.25,0.05,lr1e-05_bs16_drop0p4_temp2p0_a0p25_b0p05__wd1e-04trmiss0_degmodglobal,61,0.6850173771381378,0.7257835865020752,0.39999999999999997,0.5870851370851371,0.38461538461538464,0.0,0.5456597059965134,0.658685028553009,0.07237959187477827,0.1647488884627819,0.0,0.0,0.0,0.0,0.0,18473,global,0.0
2,2,lr1e-05_bs16_drop0p4_temp2p0_a0p25_b0p05__wd1e-04trmiss0_degmodglobal,16,1e-05,0.0001,0.4,2.0,0.25,0.05,lr1e-05_bs16_drop0p4_temp2p0_a0p25_b0p05__wd1e-04trmiss0_degmodglobal,62,0.7114230245351791,0.7272846698760986,0.375,0.5806748806748807,0.38461538461538464,0.0,0.5665740370750427,0.6751158833503723,0.08612105436623096,0.29553745314478874,0.0,0.0,0.0,0.0,0.0,18473,global,0.0
2,2,lr1e-05_bs16_drop0p4_temp2p0_a0p25_b0p05__wd1e-04trmiss0_degmodglobal,16,1e-05,0.0001,0.4,2.0,0.25,0.05,lr1e-05_bs16_drop0p4_temp2p0_a0p25_b0p05__wd1e-04trmiss0_degmodglobal,63,0.7037095576524734,0.7275090217590332,0.39999999999999997,0.5870851370851371,0.38461538461538464,0.0,0.5185356065630913,0.6591479182243347,0.10884205996990204,0.347022220492363,0.0,0.0,0.0,0.0,0.0,18473,global,0.0
2,2,lr1e-05_bs16_drop0p4_temp2p0_a0p25_b0p05__wd1e-04trmiss0_degmodglobal,16,1e-05,0.0001,0.4,2.0,0.25,0.05,lr1e-05_bs16_drop0p4_temp2p0_a0p25_b0p05__wd1e-04trmiss0_degmodglobal,64,0.699800506234169,0.7269492745399475,0.39999999999999997,0.5870851370851371,0.38461538461538464,0.0,0.5666989535093307,0.6657972931861877,0.0813604211434722,0.2732623554766178,0.0,0.0,0.0,0.0,0.0,18473,global,0.0
2,2,lr1e-05_bs16_drop0p4_temp2p0_a0p25_b0p05__wd1e-04trmiss0_degmodglobal,16,1e-05,0.0001,0.4,2.0,0.25,0.05,lr1e-05_bs16_drop0p4_temp2p0_a0p25_b0p05__wd1e-04trmiss0_degmodglobal,65,0.6898066103458405,0.7272830009460449,0.39999999999999997,0.5870851370851371,0.38461538461538464,0.0,0.5728244930505753,0.6590955257415771,0.0825949627906084,0.20124650746583939,0.0,0.0,0.0,0.0,0.0,18473,global,0.0
2,2,lr1e-05_bs16_drop0p4_temp2p0_a0p25_b0p05__wd1e-04trmiss0_degmodglobal,16,1e-05,0.0001,0.4,2.0,0.25,0.05,lr1e-05_bs16_drop0p4_temp2p0_a0p25_b0p05__wd1e-04trmiss0_degmodglobal,66,0.6890978813171387,0.7263814806938171,0.425,0.5957656926406927,0.38461538461538464,0.0,0.5641626864671707,0.6654200404882431,0.06579262856394053,0.14459325186908245,0.0,0.0,0.0,0.0,0.0,18473,global,0.0
2,2,lr1e-05_bs16_drop0p4_temp2p0_a0p25_b0p05__wd1e-04trmiss0_degmodglobal,16,1e-05,0.0001,0.4,2.0,0.25,0.05,lr1e-05_bs16_drop0p4_temp2p0_a0p25_b0p05__wd1e-04trmiss0_degmodglobal,67,0.6963065713644028,0.726061999797821,0.39999999999999997,0.5870851370851371,0.38461538461538464,0.0,0.5765142887830734,0.6588480323553085,0.09963507577776909,0.2509956955909729,0.0,0.0,0.0,0.0,0.0,18473,global,0.0
2,2,lr1e-05_bs16_drop0p4_temp2p0_a0p25_b0p05__wd1e-04trmiss0_degmodglobal,16,1e-05,0.0001,0.4,2.0,0.25,0.05,lr1e-05_bs16_drop0p4_temp2p0_a0p25_b0p05__wd1e-04trmiss0_degmodglobal,68,0.6743068099021912,0.7249911427497864,0.39999999999999997,0.5870851370851371,0.38461538461538464,0.0,0.5274485647678375,0.6415732800960541,0.08653570711612701,0.22199208289384842,0.0,0.0,0.0,0.0,0.0,18473,global,0.0
2,2,lr1e-05_bs16_drop0p4_temp2p0_a0p25_b0p05__wd1e-04trmiss0_degmodglobal,16,1e-05,0.0001,0.4,2.0,0.25,0.05,lr1e-05_bs16_drop0p4_temp2p0_a0p25_b0p05__wd1e-04trmiss0_degmodglobal,69,0.651713490486145,0.7253902554512024,0.425,0.5957656926406927,0.38461538461538464,0.0,0.5695449113845825,0.6181348711252213,0.08534677512943745,0.24483827874064445,0.0,0.0,0.0,0.0,0.0,18473,global,0.0
2,2,lr1e-05_bs16_drop0p4_temp2p0_a0p25_b0p05__wd1e-04trmiss0_degmodglobal,16,1e-05,0.0001,0.4,2.0,0.25,0.05,lr1e-05_bs16_drop0p4_temp2p0_a0p25_b0p05__wd1e-04trmiss0_degmodglobal,70,0.6735519021749496,0.7253460884094238,0.4,0.5893554362304363,0.38461538461538464,0.0,0.5434436351060867,0.6386088728904724,0.0966387689113617,0.2156668547540903,0.0,0.0,0.0,0.0,0.0,18473,global,0.0
2,2,lr1e-05_bs16_drop0p4_temp2p0_a0p25_b0p05__wd1e-04trmiss0_degmodglobal,16,1e-05,0.0001,0.4,2.0,0.25,0.05,lr1e-05_bs16_drop0p4_temp2p0_a0p25_b0p05__wd1e-04trmiss0_degmodglobal,71,0.6682787388563156,0.7248321771621704,0.4,0.5893554362304363,0.38461538461538464,0.0,0.5339913219213486,0.6359894871711731,0.08087829314172268,0.24139340594410896,0.0,0.0,0.0,0.0,0.0,18473,global,0.0
2,2,lr1e-05_bs16_drop0p4_temp2p0_a0p25_b0p05__wd1e-04trmiss0_degmodglobal,16,1e-05,0.0001,0.4,2.0,0.25,0.05,lr1e-05_bs16_drop0p4_temp2p0_a0p25_b0p05__wd1e-04trmiss0_degmodglobal,72,0.6560726463794708,0.7257697582244873,0.425,0.5957656926406927,0.38461538461538464,0.0,0.536962553858757,0.6253678500652313,0.08216618839651346,0.2032652199268341,0.0,0.0,0.0,0.0,0.0,18473,global,0.0
2,2,lr1e-05_bs16_drop0p4_temp2p0_a0p25_b0p05__wd1e-04trmiss0_degmodglobal,16,1e-05,0.0001,0.4,2.0,0.25,0.05,lr1e-05_bs16_drop0p4_temp2p0_a0p25_b0p05__wd1e-04trmiss0_degmodglobal,73,0.6927094459533691,0.728010356426239,0.4,0.5893554362304363,0.38461538461538464,0.0,0.5478722006082535,0.6630818098783493,0.07597791962325573,0.212663559243083,0.0,0.0,0.0,0.0,0.0,18473,global,0.0
2,2,lr1e-05_bs16_drop0p4_temp2p0_a0p25_b0p05__wd1e-04trmiss0_degmodglobal,16,1e-05,0.0001,0.4,2.0,0.25,0.05,lr1e-05_bs16_drop0p4_temp2p0_a0p25_b0p05__wd1e-04trmiss0_degmodglobal,74,0.6942833811044693,0.7258749008178711,0.425,0.5957656926406927,0.38461538461538464,0.0,0.5659330487251282,0.6695697158575058,0.062024337239563465,0.18415168672800064,0.0,0.0,0.0,0.0,0.0,18473,global,0.0
2,2,lr1e-05_bs16_drop0p4_temp2p0_a0p25_b0p05__wd1e-04trmiss0_degmodglobal,16,1e-05,0.0001,0.4,2.0,0.25,0.05,lr1e-05_bs16_drop0p4_temp2p0_a0p25_b0p05__wd1e-04trmiss0_degmodglobal,75,0.6887911707162857,0.7263790369033813,0.425,0.5957656926406927,0.38461538461538464,0.0,0.5347013473510742,0.6552213281393051,0.08250545337796211,0.2588699460029602,0.0,0.0,0.0,0.0,0.0,18473,global,0.0
2,2,lr1e-05_bs16_drop0p4_temp2p0_a0p25_b0p05__wd1e-04trmiss0_degmodglobal,16,1e-05,0.0001,0.4,2.0,0.25,0.05,lr1e-05_bs16_drop0p4_temp2p0_a0p25_b0p05__wd1e-04trmiss0_degmodglobal,76,0.6910107731819153,0.7267104387283325,0.425,0.5957656926406927,0.38461538461538464,0.0,0.5598001331090927,0.6524872332811356,0.09983615018427372,0.2712903209030628,0.0,0.0,0.0,0.0,0.0,18473,global,0.0
2,2,lr1e-05_bs16_drop0p4_temp2p0_a0p25_b0p05__wd1e-04trmiss0_degmodglobal,16,1e-05,0.0001,0.4,2.0,0.25,0.05,lr1e-05_bs16_drop0p4_temp2p0_a0p25_b0p05__wd1e-04trmiss0_degmodglobal,77,0.6989414989948273,0.7265470027923584,0.425,0.5957656926406927,0.38461538461538464,0.0,0.5798776745796204,0.6603537350893021,0.09672596678137779,0.2881254330277443,0.0,0.0,0.0,0.0,0.0,18473,global,0.0
2,2,lr1e-05_bs16_drop0p4_temp2p0_a0p25_b0p05__wd1e-04trmiss0_degmodglobal,16,1e-05,0.0001,0.4,2.0,0.25,0.05,lr1e-05_bs16_drop0p4_temp2p0_a0p25_b0p05__wd1e-04trmiss0_degmodglobal,78,0.6776294708251953,0.7269359827041626,0.4,0.5893554362304363,0.38461538461538464,0.0,0.5422047823667526,0.645492434501648,0.08679826557636261,0.20874926075339317,0.0,0.0,0.0,0.0,0.0,18473,global,0.0
2,2,lr1e-05_bs16_drop0p4_temp2p0_a0p25_b0p05__wd1e-04trmiss0_degmodglobal,16,1e-05,0.0001,0.4,2.0,0.25,0.05,lr1e-05_bs16_drop0p4_temp2p0_a0p25_b0p05__wd1e-04trmiss0_degmodglobal,79,0.6487089991569519,0.7262696623802185,0.425,0.5957656926406927,0.38461538461538464,0.0,0.5484931617975235,0.617011234164238,0.08473127521574497,0.21029876079410315,0.0,0.0,0.0,0.0,0.0,18473,global,0.0
2,2,lr1e-05_bs16_drop0p4_temp2p0_a0p25_b0p05__wd1e-04trmiss0_degmodglobal,16,1e-05,0.0001,0.4,2.0,0.25,0.05,lr1e-05_bs16_drop0p4_temp2p0_a0p25_b0p05__wd1e-04trmiss0_degmodglobal,80,0.6731419265270233,0.7265622615814209,0.425,0.5957656926406927,0.38461538461538464,0.0,0.5442866384983063,0.6435471624135971,0.08197239972651005,0.18203312158584595,0.0,0.0,0.0,0.0,0.0,18473,global,0.0
2,3,lr1e-04_bs8_drop0p2_temp1p0_a0p25_b0p05__wd1e-04trmiss0_degmodglobal,8,0.0001,0.0001,0.2,1.0,0.25,0.05,lr1e-04_bs8_drop0p2_temp1p0_a0p25_b0p05__wd1e-04trmiss0_degmodglobal,1,0.7240136095455715,0.708930492401123,0.24999999999999997,0.6098876432209765,0.3076923076923077,0.0,0.677887499332428,0.7095137749399457,0.03625592855470521,0.10871698813779014,0.0,0.0,0.0,0.0,0.0,18473,global,0.0
2,3,lr1e-04_bs8_drop0p2_temp1p0_a0p25_b0p05__wd1e-04trmiss0_degmodglobal,8,0.0001,0.0001,0.2,1.0,0.25,0.05,lr1e-04_bs8_drop0p2_temp1p0_a0p25_b0p05__wd1e-04trmiss0_degmodglobal,2,0.7098229101725987,0.7096932828426361,0.36111111111111105,0.6388158138158138,0.38461538461538464,0.0,0.6575387460844857,0.6910843678883144,0.041271847539714406,0.1684115662106446,0.0,0.0,0.0,0.0,0.0,18473,global,0.0
2,3,lr1e-04_bs8_drop0p2_temp1p0_a0p25_b0p05__wd1e-04trmiss0_degmodglobal,8,0.0001,0.0001,0.2,1.0,0.25,0.05,lr1e-04_bs8_drop0p2_temp1p0_a0p25_b0p05__wd1e-04trmiss0_degmodglobal,3,0.6821393370628357,0.7162211537361145,0.41666666666666663,0.6618927368927369,0.38461538461538464,0.0,0.6366520609174456,0.6635097861289978,0.0445456611258643,0.1498627577509199,0.0,0.0,0.0,0.0,0.0,18473,global,0.0
2,3,lr1e-04_bs8_drop0p2_temp1p0_a0p25_b0p05__wd1e-04trmiss0_degmodglobal,8,0.0001,0.0001,0.2,1.0,0.25,0.05,lr1e-04_bs8_drop0p2_temp1p0_a0p25_b0p05__wd1e-04trmiss0_degmodglobal,4,0.6541935546057565,0.7192517817020416,0.41666666666666663,0.6558080808080808,0.38461538461538464,0.0,0.628793443952288,0.6390933224133083,0.03453273060066359,0.12934095518929617,0.0,0.0,0.0,0.0,0.0,18473,global,0.0
2,3,lr1e-04_bs8_drop0p2_temp1p0_a0p25_b0p05__wd1e-04trmiss0_degmodglobal,8,0.0001,0.0001,0.2,1.0,0.25,0.05,lr1e-04_bs8_drop0p2_temp1p0_a0p25_b0p05__wd1e-04trmiss0_degmodglobal,5,0.6031699521200997,0.7356847524642944,0.2777777777777778,0.613899988899989,0.3076923076923077,0.0,0.6030312946864537,0.5879859072821481,0.03469406600509371,0.1302104475242751,0.0,0.0,0.0,0.0,0.0,18473,global,0.0
2,3,lr1e-04_bs8_drop0p2_temp1p0_a0p25_b0p05__wd1e-04trmiss0_degmodglobal,8,0.0001,0.0001,0.2,1.0,0.25,0.05,lr1e-04_bs8_drop0p2_temp1p0_a0p25_b0p05__wd1e-04trmiss0_degmodglobal,6,0.6191251107624599,0.7380419969558716,0.4444444444444444,0.6685777185777186,0.3076923076923077,0.0,0.5817538329533168,0.6049789190292358,0.035633226590497155,0.10475778127355236,0.0,0.0,0.0,0.0,0.0,18473,global,0.0
2,3,lr1e-04_bs8_drop0p2_temp1p0_a0p25_b0p05__wd1e-04trmiss0_degmodglobal,8,0.0001,0.0001,0.2,1.0,0.25,0.05,lr1e-04_bs8_drop0p2_temp1p0_a0p25_b0p05__wd1e-04trmiss0_degmodglobal,7,0.5988408923149109,0.7348677814006805,0.41666666666666663,0.6618437118437119,0.3076923076923077,0.0,0.5785728948456901,0.5844035574368068,0.034572895882385116,0.11588214550699506,0.0,0.0,0.0,0.0,0.0,18473,global,0.0
2,3,lr1e-04_bs8_drop0p2_temp1p0_a0p25_b0p05__wd1e-04trmiss0_degmodglobal,8,0.0001,0.0001,0.2,1.0,0.25,0.05,lr1e-04_bs8_drop0p2_temp1p0_a0p25_b0p05__wd1e-04trmiss0_degmodglobal,8,0.6144430552210126,0.7328499853610992,0.5833333333333334,0.7159531826198493,0.38461538461538464,0.0,0.5716066019875663,0.5951040131705148,0.045431655166404586,0.15962276927062444,0.0,0.0,0.0,0.0,0.0,18473,global,0.0
2,3,lr1e-04_bs8_drop0p2_temp1p0_a0p25_b0p05__wd1e-04trmiss0_degmodglobal,8,0.0001,0.0001,0.2,1.0,0.25,0.05,lr1e-04_bs8_drop0p2_temp1p0_a0p25_b0p05__wd1e-04trmiss0_degmodglobal,9,0.6182775156838554,0.7295858263969421,0.5833333333333334,0.7159531826198493,0.38461538461538464,0.0,0.5636523280824933,0.6032057659966605,0.034100154148680825,0.13093425120626176,0.0,0.0,0.0,0.0,0.0,18473,global,0.0
2,3,lr1e-04_bs8_drop0p2_temp1p0_a0p25_b0p05__wd1e-04trmiss0_degmodglobal,8,0.0001,0.0001,0.2,1.0,0.25,0.05,lr1e-04_bs8_drop0p2_temp1p0_a0p25_b0p05__wd1e-04trmiss0_degmodglobal,10,0.5916541303907122,0.7399284243583679,0.5277777777777778,0.6917107583774251,0.3076923076923077,0.0,0.5645217895507812,0.5750555396080017,0.040000139602593014,0.13197109316076552,0.0,0.0,0.0,0.0,0.0,18473,global,0.0
2,3,lr1e-04_bs8_drop0p2_temp1p0_a0p25_b0p05__wd1e-04trmiss0_degmodglobal,8,0.0001,0.0001,0.2,1.0,0.25,0.05,lr1e-04_bs8_drop0p2_temp1p0_a0p25_b0p05__wd1e-04trmiss0_degmodglobal,11,0.6131606868335179,0.7435220181941986,0.5,0.6853005019671686,0.3076923076923077,0.0,0.5638818911143711,0.5983099085944039,0.03702842231307711,0.1118735915848187,0.0,0.0,0.0,0.0,0.0,18473,global,0.0
2,3,lr1e-04_bs8_drop0p2_temp1p0_a0p25_b0p05__wd1e-04trmiss0_degmodglobal,8,0.0001,0.0001,0.2,1.0,0.25,0.05,lr1e-04_bs8_drop0p2_temp1p0_a0p25_b0p05__wd1e-04trmiss0_degmodglobal,12,0.5659350156784058,0.7460733354091644,0.4444444444444444,0.6587011753678421,0.38461538461538464,0.0,0.5523630806377956,0.5496537344796317,0.03716130235365459,0.13981903237955912,0.0,0.0,0.0,0.0,0.0,18473,global,0.0
2,3,lr1e-04_bs8_drop0p2_temp1p0_a0p25_b0p05__wd1e-04trmiss0_degmodglobal,8,0.0001,0.0001,0.2,1.0,0.25,0.05,lr1e-04_bs8_drop0p2_temp1p0_a0p25_b0p05__wd1e-04trmiss0_degmodglobal,13,0.5886749540056501,0.7474342882633209,0.5,0.6731922398589066,0.3076923076923077,0.0,0.5504911371639797,0.5728975193841117,0.03791386128536293,0.1259795336851052,0.0,0.0,0.0,0.0,0.0,18473,global,0.0
2,3,lr1e-04_bs8_drop0p2_temp1p0_a0p25_b0p05__wd1e-04trmiss0_degmodglobal,8,0.0001,0.0001,0.2,1.0,0.25,0.05,lr1e-04_bs8_drop0p2_temp1p0_a0p25_b0p05__wd1e-04trmiss0_degmodglobal,14,0.5935713563646589,0.7464520931243896,0.5277777777777778,0.6917107583774251,0.3076923076923077,0.0,0.5505282666002002,0.5799663833209446,0.034333382334027975,0.10043278123651232,0.0,0.0,0.0,0.0,0.0,18473,global,0.0
2,3,lr1e-04_bs8_drop0p2_temp1p0_a0p25_b0p05__wd1e-04trmiss0_degmodglobal,8,0.0001,0.0001,0.2,1.0,0.25,0.05,lr1e-04_bs8_drop0p2_temp1p0_a0p25_b0p05__wd1e-04trmiss0_degmodglobal,15,0.5523009385381427,0.7410906851291656,0.5277777777777778,0.6917107583774251,0.38461538461538464,0.0,0.53273977126394,0.5393443703651428,0.03391197510063648,0.08957148449761528,0.0,0.0,0.0,0.0,0.0,18473,global,0.0
2,3,lr1e-04_bs8_drop0p2_temp1p0_a0p25_b0p05__wd1e-04trmiss0_degmodglobal,8,0.0001,0.0001,0.2,1.0,0.25,0.05,lr1e-04_bs8_drop0p2_temp1p0_a0p25_b0p05__wd1e-04trmiss0_degmodglobal,16,0.5620043022292001,0.7409399449825287,0.5277777777777778,0.6917107583774251,0.38461538461538464,0.0,0.5308152990681785,0.5472395462649209,0.03544984997383186,0.11804565095475741,0.0,0.0,0.0,0.0,0.0,18473,global,0.0
2,3,lr1e-04_bs8_drop0p2_temp1p0_a0p25_b0p05__wd1e-04trmiss0_degmodglobal,8,0.0001,0.0001,0.2,1.0,0.25,0.05,lr1e-04_bs8_drop0p2_temp1p0_a0p25_b0p05__wd1e-04trmiss0_degmodglobal,17,0.5667293156896319,0.7455216348171234,0.5277777777777778,0.6917107583774251,0.38461538461538464,0.0,0.5191668272018433,0.5518899049077716,0.036367099466068406,0.11495271857295718,0.0,0.0,0.0,0.0,0.0,18473,global,0.0
2,3,lr1e-04_bs8_drop0p2_temp1p0_a0p25_b0p05__wd1e-04trmiss0_degmodglobal,8,0.0001,0.0001,0.2,1.0,0.25,0.05,lr1e-04_bs8_drop0p2_temp1p0_a0p25_b0p05__wd1e-04trmiss0_degmodglobal,18,0.5796869908060346,0.7495558857917786,0.5,0.683629950296617,0.38461538461538464,0.0,0.5263709255627224,0.5621863773890904,0.039589393617851396,0.15206524303981236,0.0,0.0,0.0,0.0,0.0,18473,global,0.0
2,3,lr1e-04_bs8_drop0p2_temp1p0_a0p25_b0p05__wd1e-04trmiss0_degmodglobal,8,0.0001,0.0001,0.2,1.0,0.25,0.05,lr1e-04_bs8_drop0p2_temp1p0_a0p25_b0p05__wd1e-04trmiss0_degmodglobal,19,0.5405055923121316,0.7476113438606262,0.5277777777777778,0.6917107583774251,0.38461538461538464,0.0,0.5279198118618557,0.5269755423069,0.032652010076812336,0.10734091805560249,0.0,0.0,0.0,0.0,0.0,18473,global,0.0
2,3,lr1e-04_bs8_drop0p2_temp1p0_a0p25_b0p05__wd1e-04trmiss0_degmodglobal,8,0.0001,0.0001,0.2,1.0,0.25,0.05,lr1e-04_bs8_drop0p2_temp1p0_a0p25_b0p05__wd1e-04trmiss0_degmodglobal,20,0.5799830768789563,0.7459699213504791,0.5277777777777778,0.6917107583774251,0.38461538461538464,0.0,0.53291916847229,0.5615602093083518,0.0453473904303142,0.14171990166817391,0.0,0.0,0.0,0.0,0.0,18473,global,0.0
2,3,lr1e-04_bs8_drop0p2_temp1p0_a0p25_b0p05__wd1e-04trmiss0_degmodglobal,8,0.0001,0.0001,0.2,1.0,0.25,0.05,lr1e-04_bs8_drop0p2_temp1p0_a0p25_b0p05__wd1e-04trmiss0_degmodglobal,21,0.5566120318004063,0.7397767007350922,0.4722222222222222,0.674987974987975,0.38461538461538464,0.0,0.5033989378384182,0.5333226791449955,0.053501869684883525,0.1982777469924518,0.0,0.0,0.0,0.0,0.0,18473,global,0.0
2,3,lr1e-04_bs8_drop0p2_temp1p0_a0p25_b0p05__wd1e-04trmiss0_degmodglobal,8,0.0001,0.0001,0.2,1.0,0.25,0.05,lr1e-04_bs8_drop0p2_temp1p0_a0p25_b0p05__wd1e-04trmiss0_degmodglobal,22,0.5427560933998653,0.7476613223552704,0.5277777777777778,0.6917107583774251,0.38461538461538464,0.0,0.503530489546912,0.5204577701432365,0.0518881090517555,0.18652580039841787,0.0,0.0,0.0,0.0,0.0,18473,global,0.0
2,3,lr1e-04_bs8_drop0p2_temp1p0_a0p25_b0p05__wd1e-04trmiss0_degmodglobal,8,0.0001,0.0001,0.2,1.0,0.25,0.05,lr1e-04_bs8_drop0p2_temp1p0_a0p25_b0p05__wd1e-04trmiss0_degmodglobal,23,0.5382432341575623,0.7518203556537628,0.4722222222222222,0.674987974987975,0.38461538461538464,0.0,0.5011805593967438,0.5187386657510485,0.046346964580672126,0.15835660376719066,0.0,0.0,0.0,0.0,0.0,18473,global,0.0
2,3,lr1e-04_bs8_drop0p2_temp1p0_a0p25_b0p05__wd1e-04trmiss0_degmodglobal,8,0.0001,0.0001,0.2,1.0,0.25,0.05,lr1e-04_bs8_drop0p2_temp1p0_a0p25_b0p05__wd1e-04trmiss0_degmodglobal,24,0.5676379884992327,0.7565663158893585,0.4722222222222222,0.674987974987975,0.38461538461538464,0.0,0.5027095590318952,0.544166066816875,0.0524920044200761,0.20697848285947526,0.0,0.0,0.0,0.0,0.0,18473,global,0.0
2,3,lr1e-04_bs8_drop0p2_temp1p0_a0p25_b0p05__wd1e-04trmiss0_degmodglobal,8,0.0001,0.0001,0.2,1.0,0.25,0.05,lr1e-04_bs8_drop0p2_temp1p0_a0p25_b0p05__wd1e-04trmiss0_degmodglobal,25,0.5484633914061955,0.7547148168087006,0.4722222222222222,0.674987974987975,0.38461538461538464,0.0,0.4929038328783853,0.5273262219769614,0.05325125104614666,0.1564868443778583,0.0,0.0,0.0,0.0,0.0,18473,global,0.0
2,3,lr1e-04_bs8_drop0p2_temp1p0_a0p25_b0p05__wd1e-04trmiss0_degmodglobal,8,0.0001,0.0001,0.2,1.0,0.25,0.05,lr1e-04_bs8_drop0p2_temp1p0_a0p25_b0p05__wd1e-04trmiss0_degmodglobal,26,0.5575383646147591,0.7502434253692627,0.4722222222222222,0.674987974987975,0.38461538461538464,0.0,0.5159518037523542,0.5428089925221035,0.03344397246837616,0.1273674432720457,0.0,0.0,0.0,0.0,0.0,18473,global,0.0
2,3,lr1e-04_bs8_drop0p2_temp1p0_a0p25_b0p05__wd1e-04trmiss0_degmodglobal,8,0.0001,0.0001,0.2,1.0,0.25,0.05,lr1e-04_bs8_drop0p2_temp1p0_a0p25_b0p05__wd1e-04trmiss0_degmodglobal,27,0.5326517394610814,0.754579484462738,0.5277777777777778,0.6917107583774251,0.38461538461538464,0.0,0.47780043312481474,0.5142555619989123,0.04580605562244143,0.13889358724866593,0.0,0.0,0.0,0.0,0.0,18473,global,0.0
2,3,lr1e-04_bs8_drop0p2_temp1p0_a0p25_b0p05__wd1e-04trmiss0_degmodglobal,8,0.0001,0.0001,0.2,1.0,0.25,0.05,lr1e-04_bs8_drop0p2_temp1p0_a0p25_b0p05__wd1e-04trmiss0_degmodglobal,28,0.548970239503043,0.7565456628799438,0.5277777777777778,0.6917107583774251,0.38461538461538464,0.0,0.496050340788705,0.5286162878785815,0.050440644047089984,0.15487578245145933,0.0,0.0,0.0,0.0,0.0,18473,global,0.0
2,3,lr1e-04_bs8_drop0p2_temp1p0_a0p25_b0p05__wd1e-04trmiss0_degmodglobal,8,0.0001,0.0001,0.2,1.0,0.25,0.05,lr1e-04_bs8_drop0p2_temp1p0_a0p25_b0p05__wd1e-04trmiss0_degmodglobal,29,0.5604652208941323,0.7594485580921173,0.5277777777777778,0.6917107583774251,0.38461538461538464,0.0,0.503361063344138,0.5390080767018455,0.04898038027541978,0.18424093829733984,0.0,0.0,0.0,0.0,0.0,18473,global,0.0
2,3,lr1e-04_bs8_drop0p2_temp2p0_a0p25_b0p05__wd1e-04trmiss0_degmodglobal,8,0.0001,0.0001,0.2,2.0,0.25,0.05,lr1e-04_bs8_drop0p2_temp2p0_a0p25_b0p05__wd1e-04trmiss0_degmodglobal,1,0.7127514140946525,0.6899363696575165,0.6111111111111112,0.7715087381754049,0.38461538461538464,0.0,0.7282678314617702,0.6955880522727966,0.044943232355373244,0.11855119147471019,0.0,0.0,0.0,0.0,0.0,18473,global,0.0
2,3,lr1e-04_bs8_drop0p2_temp2p0_a0p25_b0p05__wd1e-04trmiss0_degmodglobal,8,0.0001,0.0001,0.2,2.0,0.25,0.05,lr1e-04_bs8_drop0p2_temp2p0_a0p25_b0p05__wd1e-04trmiss0_degmodglobal,2,0.6935690300805228,0.7156027555465698,0.3611111111111111,0.6341149591149592,0.46153846153846156,0.0,0.6718646032469613,0.6809369581086295,0.03746261367840426,0.06532852218619414,0.0,0.0,0.0,0.0,0.0,18473,global,0.0
2,3,lr1e-04_bs8_drop0p2_temp2p0_a0p25_b0p05__wd1e-04trmiss0_degmodglobal,8,0.0001,0.0001,0.2,2.0,0.25,0.05,lr1e-04_bs8_drop0p2_temp2p0_a0p25_b0p05__wd1e-04trmiss0_degmodglobal,3,0.6855428048542568,0.7344150245189667,0.3055555555555556,0.6091861841861842,0.3076923076923077,0.0,0.6556619490895953,0.6733060308865139,0.03546700733048575,0.06740027080689158,0.0,0.0,0.0,0.0,0.0,18473,global,0.0
2,3,lr1e-04_bs8_drop0p2_temp2p0_a0p25_b0p05__wd1e-04trmiss0_degmodglobal,8,0.0001,0.0001,0.2,2.0,0.25,0.05,lr1e-04_bs8_drop0p2_temp2p0_a0p25_b0p05__wd1e-04trmiss0_degmodglobal,4,0.6552667788096836,0.734418123960495,0.3611111111111111,0.6341149591149592,0.3076923076923077,0.0,0.6443343332835606,0.6421909758022853,0.03697674801307065,0.07663220725953579,0.0,0.0,0.0,0.0,0.0,18473,global,0.0
2,3,lr1e-04_bs8_drop0p2_temp2p0_a0p25_b0p05__wd1e-04trmiss0_degmodglobal,8,0.0001,0.0001,0.2,2.0,0.25,0.05,lr1e-04_bs8_drop0p2_temp2p0_a0p25_b0p05__wd1e-04trmiss0_degmodglobal,5,0.6326927712985447,0.7510323226451874,0.3055555555555556,0.6091861841861842,0.3076923076923077,0.0,0.6176320910453796,0.619191016469683,0.036776782146521976,0.08615115710667201,0.0,0.0,0.0,0.0,0.0,18473,global,0.0
2,3,lr1e-04_bs8_drop0p2_temp2p0_a0p25_b0p05__wd1e-04trmiss0_degmodglobal,8,0.0001,0.0001,0.2,2.0,0.25,0.05,lr1e-04_bs8_drop0p2_temp2p0_a0p25_b0p05__wd1e-04trmiss0_degmodglobal,6,0.60746887751988,0.7519440650939941,0.3611111111111111,0.6341149591149592,0.3076923076923077,0.0,0.5960985933031354,0.5942954250744411,0.03945589784000601,0.06618974969855376,0.0,0.0,0.0,0.0,0.0,18473,global,0.0
2,3,lr1e-04_bs8_drop0p2_temp2p0_a0p25_b0p05__wd1e-04trmiss0_degmodglobal,8,0.0001,0.0001,0.2,2.0,0.25,0.05,lr1e-04_bs8_drop0p2_temp2p0_a0p25_b0p05__wd1e-04trmiss0_degmodglobal,7,0.6018913728850228,0.766363799571991,0.3055555555555556,0.6091861841861842,0.23076923076923078,0.0,0.6005090304783413,0.5882805756160191,0.037179005199245045,0.08632111655814308,0.0,0.0,0.0,0.0,0.0,18473,global,0.0
2,3,lr1e-04_bs8_drop0p2_temp2p0_a0p25_b0p05__wd1e-04trmiss0_degmodglobal,8,0.0001,0.0001,0.2,2.0,0.25,0.05,lr1e-04_bs8_drop0p2_temp2p0_a0p25_b0p05__wd1e-04trmiss0_degmodglobal,8,0.587439843586513,0.7592195570468903,0.3055555555555556,0.620970695970696,0.38461538461538464,0.0,0.5769296203340802,0.5730177078928266,0.04148543493023941,0.08101549771215234,0.0,0.0,0.0,0.0,0.0,18473,global,0.0
2,3,lr1e-04_bs8_drop0p2_temp2p0_a0p25_b0p05__wd1e-04trmiss0_degmodglobal,8,0.0001,0.0001,0.2,2.0,0.25,0.05,lr1e-04_bs8_drop0p2_temp2p0_a0p25_b0p05__wd1e-04trmiss0_degmodglobal,9,0.6073472840445382,0.7699546813964844,0.3333333333333333,0.6277047027047027,0.3076923076923077,0.0,0.58004173210689,0.591731778212956,0.04685056076518127,0.07805729072008814,0.0,0.0,0.0,0.0,0.0,18473,global,0.0
2,3,lr1e-04_bs8_drop0p2_temp2p0_a0p25_b0p05__wd1e-04trmiss0_degmodglobal,8,0.0001,0.0001,0.2,2.0,0.25,0.05,lr1e-04_bs8_drop0p2_temp2p0_a0p25_b0p05__wd1e-04trmiss0_degmodglobal,10,0.6008776937212262,0.7702134549617767,0.3333333333333333,0.6277047027047027,0.3076923076923077,0.0,0.5711027213505336,0.5847944872719901,0.046638253544058116,0.08847309648990631,0.0,0.0,0.0,0.0,0.0,18473,global,0.0
2,3,lr1e-04_bs8_drop0p2_temp2p0_a0p25_b0p05__wd1e-04trmiss0_degmodglobal,8,0.0001,0.0001,0.2,2.0,0.25,0.05,lr1e-04_bs8_drop0p2_temp2p0_a0p25_b0p05__wd1e-04trmiss0_degmodglobal,11,0.6077406406402588,0.778586745262146,0.3333333333333333,0.6277047027047027,0.3076923076923077,0.0,0.5513218811580113,0.5935039605413165,0.041545694693922997,0.07700514899832862,0.0,0.0,0.0,0.0,0.0,18473,global,0.0
2,3,lr1e-04_bs8_drop0p2_temp2p0_a0p25_b0p05__wd1e-04trmiss0_degmodglobal,8,0.0001,0.0001,0.2,2.0,0.25,0.05,lr1e-04_bs8_drop0p2_temp2p0_a0p25_b0p05__wd1e-04trmiss0_degmodglobal,12,0.588639863899776,0.7912337481975555,0.2777777777777778,0.6024521774521775,0.23076923076923078,0.0,0.5588676759174892,0.5716172286442348,0.04923355419720922,0.09428515338471957,0.0,0.0,0.0,0.0,0.0,18473,global,0.0
2,3,lr1e-04_bs8_drop0p2_temp2p0_a0p25_b0p05__wd1e-04trmiss0_degmodglobal,8,0.0001,0.0001,0.2,2.0,0.25,0.05,lr1e-04_bs8_drop0p2_temp2p0_a0p25_b0p05__wd1e-04trmiss0_degmodglobal,13,0.5696705239159721,0.7902673184871674,0.3055555555555556,0.6091861841861842,0.23076923076923078,0.0,0.5554910217012677,0.5532290169170925,0.050399728385465484,0.07683155539312533,0.0,0.0,0.0,0.0,0.0,18473,global,0.0
2,3,lr1e-04_bs8_drop0p2_temp2p0_a0p25_b0p05__wd1e-04trmiss0_degmodglobal,8,0.0001,0.0001,0.2,2.0,0.25,0.05,lr1e-04_bs8_drop0p2_temp2p0_a0p25_b0p05__wd1e-04trmiss0_degmodglobal,14,0.6296347209385463,0.7944713830947876,0.3055555555555556,0.6091861841861842,0.23076923076923078,0.0,0.5602306808744159,0.6050965871129718,0.06605764904192515,0.1604746234204088,0.0,0.0,0.0,0.0,0.0,18473,global,0.0
2,3,lr1e-04_bs8_drop0p2_temp2p0_a0p25_b0p05__wd1e-04trmiss0_degmodglobal,8,0.0001,0.0001,0.2,2.0,0.25,0.05,lr1e-04_bs8_drop0p2_temp2p0_a0p25_b0p05__wd1e-04trmiss0_degmodglobal,15,0.5847435678754535,0.8139248788356781,0.25,0.5913410663410663,0.23076923076923078,0.0,0.5614837620939527,0.5678362761225019,0.046996914382491796,0.10316116894994463,0.0,0.0,0.0,0.0,0.0,18473,global,0.0
2,3,lr1e-04_bs8_drop0p2_temp2p0_a0p25_b0p05__wd1e-04trmiss0_degmodglobal,8,0.0001,0.0001,0.2,2.0,0.25,0.05,lr1e-04_bs8_drop0p2_temp2p0_a0p25_b0p05__wd1e-04trmiss0_degmodglobal,16,0.5735716394015721,0.8125504851341248,0.25,0.5913410663410663,0.23076923076923078,0.0,0.5368206075259617,0.5534044419016156,0.056743567011186054,0.11962636028017316,0.0,0.0,0.0,0.0,0.0,18473,global,0.0
2,3,lr1e-04_bs8_drop0p2_temp2p0_a0p25_b0p05__wd1e-04trmiss0_degmodglobal,8,0.0001,0.0001,0.2,2.0,0.25,0.05,lr1e-04_bs8_drop0p2_temp2p0_a0p25_b0p05__wd1e-04trmiss0_degmodglobal,17,0.5512584831033435,0.8165202438831329,0.25,0.5913410663410663,0.23076923076923078,0.0,0.544180657182421,0.5348031095096043,0.04953011976821082,0.08145671550716672,0.0,0.0,0.0,0.0,0.0,18473,global,0.0
2,3,lr1e-04_bs8_drop0p2_temp2p0_a0p25_b0p05__wd1e-04trmiss0_degmodglobal,8,0.0001,0.0001,0.2,2.0,0.25,0.05,lr1e-04_bs8_drop0p2_temp2p0_a0p25_b0p05__wd1e-04trmiss0_degmodglobal,18,0.5721068297113691,0.8057548105716705,0.2777777777777778,0.598075073075073,0.23076923076923078,0.0,0.5283711850643158,0.5533903794629234,0.05708623304963112,0.08889784025294441,0.0,0.0,0.0,0.0,0.0,18473,global,0.0
2,3,lr1e-04_bs8_drop0p2_temp2p0_a0p25_b0p05__wd1e-04trmiss0_degmodglobal,8,0.0001,0.0001,0.2,2.0,0.25,0.05,lr1e-04_bs8_drop0p2_temp2p0_a0p25_b0p05__wd1e-04trmiss0_degmodglobal,19,0.5601918612207685,0.7875787913799286,0.3333333333333333,0.6277047027047027,0.3076923076923077,0.0,0.5317775309085846,0.5394578916685921,0.0570757585976805,0.12930085297141755,0.0,0.0,0.0,0.0,0.0,18473,global,0.0
2,3,lr1e-04_bs8_drop0p2_temp2p0_a0p25_b0p05__wd1e-04trmiss0_degmodglobal,8,0.0001,0.0001,0.2,2.0,0.25,0.05,lr1e-04_bs8_drop0p2_temp2p0_a0p25_b0p05__wd1e-04trmiss0_degmodglobal,20,0.5778523513248989,0.7986362278461456,0.3055555555555556,0.6091861841861842,0.3076923076923077,0.0,0.5475950837135315,0.5566274353436061,0.06084656449300902,0.12026530504226685,0.0,0.0,0.0,0.0,0.0,18473,global,0.0
2,3,lr1e-04_bs8_drop0p2_temp2p0_a0p25_b0p05__wd1e-04trmiss0_degmodglobal,8,0.0001,0.0001,0.2,2.0,0.25,0.05,lr1e-04_bs8_drop0p2_temp2p0_a0p25_b0p05__wd1e-04trmiss0_degmodglobal,21,0.5873925473008837,0.7958112955093384,0.3333333333333333,0.6202972952972953,0.3076923076923077,0.0,0.5600882768630981,0.5665314963885716,0.061330780386924744,0.11056700881038393,0.0,0.0,0.0,0.0,0.0,18473,global,0.0
2,3,lr1e-04_bs8_drop0p2_temp2p0_a0p25_b0p05__wd1e-04trmiss0_degmodglobal,8,0.0001,0.0001,0.2,2.0,0.25,0.05,lr1e-04_bs8_drop0p2_temp2p0_a0p25_b0p05__wd1e-04trmiss0_degmodglobal,22,0.5597553082874843,0.8023320436477661,0.3611111111111111,0.6267075517075518,0.3076923076923077,0.0,0.5367879824978965,0.5340706195150103,0.0723455511033535,0.1519660603787218,0.0,0.0,0.0,0.0,0.0,18473,global,0.0
2,3,lr1e-04_bs8_drop0p2_temp2p0_a0p25_b0p05__wd1e-04trmiss0_degmodglobal,8,0.0001,0.0001,0.2,2.0,0.25,0.05,lr1e-04_bs8_drop0p2_temp2p0_a0p25_b0p05__wd1e-04trmiss0_degmodglobal,23,0.5307087813104902,0.8047354817390442,0.3611111111111111,0.6267075517075518,0.3076923076923077,0.0,0.5069091362612588,0.506128511258534,0.07174230739474297,0.1328939689057214,0.0,0.0,0.0,0.0,0.0,18473,global,0.0
2,3,lr1e-04_bs8_drop0p2_temp2p0_a0p25_b0p05__wd1e-04trmiss0_degmodglobal,8,0.0001,0.0001,0.2,2.0,0.25,0.05,lr1e-04_bs8_drop0p2_temp2p0_a0p25_b0p05__wd1e-04trmiss0_degmodglobal,24,0.5611263045242855,0.8097895085811615,0.3611111111111111,0.6267075517075518,0.3076923076923077,0.0,0.49897636260305134,0.5360584684780666,0.07158150789993149,0.1434490100613662,0.0,0.0,0.0,0.0,0.0,18473,global,0.0
2,3,lr1e-04_bs8_drop0p2_temp2p0_a0p25_b0p05__wd1e-04trmiss0_degmodglobal,8,0.0001,0.0001,0.2,2.0,0.25,0.05,lr1e-04_bs8_drop0p2_temp2p0_a0p25_b0p05__wd1e-04trmiss0_degmodglobal,25,0.5452128095286233,0.8006678223609924,0.3888888888888889,0.6452260702260703,0.3076923076923077,0.0,0.5135903188160488,0.5219866122518267,0.07293683982321195,0.09983976890466043,0.0,0.0,0.0,0.0,0.0,18473,global,0.0
2,3,lr1e-04_bs8_drop0p2_temp2p0_a0p25_b0p05__wd1e-04trmiss0_degmodglobal,8,0.0001,0.0001,0.2,2.0,0.25,0.05,lr1e-04_bs8_drop0p2_temp2p0_a0p25_b0p05__wd1e-04trmiss0_degmodglobal,26,0.5704664885997772,0.8036943674087524,0.3611111111111111,0.6267075517075518,0.3076923076923077,0.0,0.5052345991134644,0.5436886506421226,0.0743141376546451,0.16398614378912107,0.0,0.0,0.0,0.0,0.0,18473,global,0.0
2,3,lr1e-04_bs8_drop0p2_temp2p0_a0p25_b0p05__wd1e-04trmiss0_degmodglobal,8,0.0001,0.0001,0.2,2.0,0.25,0.05,lr1e-04_bs8_drop0p2_temp2p0_a0p25_b0p05__wd1e-04trmiss0_degmodglobal,27,0.5537894027573722,0.8105305135250092,0.3888888888888889,0.6452260702260703,0.3076923076923077,0.0,0.5262982504708427,0.5248059672968728,0.08027636685541698,0.17828711228711264,0.0,0.0,0.0,0.0,0.0,18473,global,0.0
2,3,lr1e-04_bs8_drop0p2_temp2p0_a0p25_b0p05__wd1e-04trmiss0_degmodglobal,8,0.0001,0.0001,0.2,2.0,0.25,0.05,lr1e-04_bs8_drop0p2_temp2p0_a0p25_b0p05__wd1e-04trmiss0_degmodglobal,28,0.5328711186136518,0.809457540512085,0.3888888888888889,0.6452260702260703,0.38461538461538464,0.0,0.4826893040112087,0.5066929927894047,0.08200677164963313,0.1135288051196507,0.0,0.0,0.0,0.0,0.0,18473,global,0.0
2,3,lr1e-04_bs8_drop0p2_temp2p0_a0p25_b0p05__wd1e-04trmiss0_degmodglobal,8,0.0001,0.0001,0.2,2.0,0.25,0.05,lr1e-04_bs8_drop0p2_temp2p0_a0p25_b0p05__wd1e-04trmiss0_degmodglobal,29,0.5341870827334267,0.8152811229228973,0.3611111111111111,0.6267075517075518,0.3076923076923077,0.0,0.5037797689437866,0.5072251558303833,0.07892380920904023,0.1446196213364601,0.0,0.0,0.0,0.0,0.0,18473,global,0.0
2,3,lr1e-04_bs8_drop0p2_temp2p0_a0p25_b0p05__wd1e-04trmiss0_degmodglobal,8,0.0001,0.0001,0.2,2.0,0.25,0.05,lr1e-04_bs8_drop0p2_temp2p0_a0p25_b0p05__wd1e-04trmiss0_degmodglobal,30,0.5484197650636945,0.8165926337242126,0.3611111111111111,0.6267075517075518,0.3076923076923077,0.0,0.47800478764942717,0.5170891284942627,0.09037914233548301,0.17471686005592346,0.0,0.0,0.0,0.0,0.0,18473,global,0.0
2,3,lr1e-04_bs8_drop0p2_temp2p0_a0p25_b0p05__wd1e-04trmiss0_degmodglobal,8,0.0001,0.0001,0.2,2.0,0.25,0.05,lr1e-04_bs8_drop0p2_temp2p0_a0p25_b0p05__wd1e-04trmiss0_degmodglobal,31,0.5345895460673741,0.8198769688606262,0.3611111111111111,0.6267075517075518,0.3076923076923077,0.0,0.48380699328013826,0.5100146063736507,0.07742621856076377,0.10436753130384854,0.0,0.0,0.0,0.0,0.0,18473,global,0.0
2,3,lr1e-04_bs8_drop0p2_temp2p0_a0p25_b0p05__wd1e-04trmiss0_degmodglobal,8,0.0001,0.0001,0.2,2.0,0.25,0.05,lr1e-04_bs8_drop0p2_temp2p0_a0p25_b0p05__wd1e-04trmiss0_degmodglobal,32,0.5194191038608551,0.8202093839645386,0.3611111111111111,0.6267075517075518,0.3076923076923077,0.0,0.5059987476893834,0.49874735304287504,0.06183971571070807,0.10423641119684492,0.0,0.0,0.0,0.0,0.0,18473,global,0.0
2,3,lr1e-04_bs8_drop0p2_temp2p0_a0p25_b0p05__wd1e-04trmiss0_degmodglobal,8,0.0001,0.0001,0.2,2.0,0.25,0.05,lr1e-04_bs8_drop0p2_temp2p0_a0p25_b0p05__wd1e-04trmiss0_degmodglobal,33,0.5390805516924176,0.8221630752086639,0.3611111111111111,0.6267075517075518,0.3076923076923077,0.0,0.4935507689203535,0.5110786770071302,0.0778502667588847,0.1707859060594014,0.0,0.0,0.0,0.0,0.0,18473,global,0.0
2,3,lr1e-04_bs8_drop0p2_temp2p0_a0p25_b0p05__wd1e-04trmiss0_degmodglobal,8,0.0001,0.0001,0.2,2.0,0.25,0.05,lr1e-04_bs8_drop0p2_temp2p0_a0p25_b0p05__wd1e-04trmiss0_degmodglobal,34,0.5651169163840157,0.8307295143604279,0.3333333333333333,0.6155964405964407,0.3076923076923077,0.0,0.4729445832116263,0.5343074883733477,0.09209341768707548,0.15572148455040796,0.0,0.0,0.0,0.0,0.0,18473,global,0.0
2,3,lr1e-04_bs8_drop0p2_temp2p0_a0p25_b0p05__wd1e-04trmiss0_degmodglobal,8,0.0001,0.0001,0.2,2.0,0.25,0.05,lr1e-04_bs8_drop0p2_temp2p0_a0p25_b0p05__wd1e-04trmiss0_degmodglobal,35,0.5633714241640908,0.8369729220867157,0.3333333333333333,0.6155964405964407,0.3076923076923077,0.0,0.4936558944838388,0.5362449032919747,0.07711510413459369,0.15695451838629587,0.0,0.0,0.0,0.0,0.0,18473,global,0.0
2,3,lr1e-04_bs8_drop0p2_temp2p0_a0p25_b0p05__wd1e-04trmiss0_degmodglobal,8,0.0001,0.0001,0.2,2.0,0.25,0.05,lr1e-04_bs8_drop0p2_temp2p0_a0p25_b0p05__wd1e-04trmiss0_degmodglobal,36,0.568113603762218,0.825592428445816,0.3333333333333333,0.6155964405964407,0.3076923076923077,0.0,0.5071771783488137,0.5354310188974652,0.0945039370230266,0.18113196747643606,0.0,0.0,0.0,0.0,0.0,18473,global,0.0
2,3,lr1e-04_bs8_drop0p2_temp2p0_a0p25_b0p05__wd1e-04trmiss0_degmodglobal,8,0.0001,0.0001,0.2,2.0,0.25,0.05,lr1e-04_bs8_drop0p2_temp2p0_a0p25_b0p05__wd1e-04trmiss0_degmodglobal,37,0.5460853832108634,0.8220686912536621,0.3333333333333333,0.6155964405964407,0.3076923076923077,0.0,0.48769213046346394,0.5147420508520943,0.08650188148021698,0.19435722593750274,0.0,0.0,0.0,0.0,0.0,18473,global,0.0
2,3,lr1e-04_bs8_drop0p2_temp2p0_a0p25_b0p05__wd1e-04trmiss0_degmodglobal,8,0.0001,0.0001,0.2,2.0,0.25,0.05,lr1e-04_bs8_drop0p2_temp2p0_a0p25_b0p05__wd1e-04trmiss0_degmodglobal,38,0.557858909879412,0.8222227692604065,0.3333333333333333,0.6155964405964407,0.3076923076923077,0.0,0.49439853004046846,0.526641241141728,0.08714699585522924,0.188618253916502,0.0,0.0,0.0,0.0,0.0,18473,global,0.0
2,3,lr1e-04_bs8_drop0p2_temp2p0_a0p25_b0p05__wd1e-04trmiss0_degmodglobal,8,0.0001,0.0001,0.2,2.0,0.25,0.05,lr1e-04_bs8_drop0p2_temp2p0_a0p25_b0p05__wd1e-04trmiss0_degmodglobal,39,0.5492718134607587,0.8169114291667938,0.3333333333333333,0.6155964405964407,0.3076923076923077,0.0,0.47569102474621366,0.5188886863844735,0.09025736365999494,0.15637565297739847,0.0,0.0,0.0,0.0,0.0,18473,global,0.0
2,3,lr1e-04_bs8_drop0p2_temp2p0_a0p25_b0p05__wd1e-04trmiss0_degmodglobal,8,0.0001,0.0001,0.2,2.0,0.25,0.05,lr1e-04_bs8_drop0p2_temp2p0_a0p25_b0p05__wd1e-04trmiss0_degmodglobal,40,0.5508333785193307,0.8187980353832245,0.3333333333333333,0.6155964405964407,0.3076923076923077,0.0,0.46957125834056307,0.5195422513144357,0.09049928401197706,0.17332616075873375,0.0,0.0,0.0,0.0,0.0,18473,global,0.0
2,3,lr1e-04_bs8_drop0p2_temp2p0_a0p25_b0p05__wd1e-04trmiss0_degmodglobal,8,0.0001,0.0001,0.2,2.0,0.25,0.05,lr1e-04_bs8_drop0p2_temp2p0_a0p25_b0p05__wd1e-04trmiss0_degmodglobal,41,0.5376236353601728,0.8254860937595367,0.3333333333333333,0.6155964405964407,0.3076923076923077,0.0,0.47197480712618145,0.5051847909178052,0.10142380212034498,0.14165777207485267,0.0,0.0,0.0,0.0,0.0,18473,global,0.0
2,3,lr1e-04_bs8_drop0p2_temp2p0_a0p25_b0p05__wd1e-04trmiss0_degmodglobal,8,0.0001,0.0001,0.2,2.0,0.25,0.05,lr1e-04_bs8_drop0p2_temp2p0_a0p25_b0p05__wd1e-04trmiss0_degmodglobal,42,0.5609650909900665,0.8276095986366272,0.3333333333333333,0.6155964405964407,0.3076923076923077,0.0,0.4507752571787153,0.5292638157095227,0.09417553139584404,0.16314768844417163,0.0,0.0,0.0,0.0,0.0,18473,global,0.0
2,3,lr1e-04_bs8_drop0p2_temp2p0_a0p25_b0p05__wd1e-04trmiss0_degmodglobal,8,0.0001,0.0001,0.2,2.0,0.25,0.05,lr1e-04_bs8_drop0p2_temp2p0_a0p25_b0p05__wd1e-04trmiss0_degmodglobal,43,0.5554310253688267,0.8191984295845032,0.3333333333333333,0.6155964405964407,0.3076923076923077,0.0,0.46553281801087515,0.5243287852832249,0.09133230202964374,0.16538366568940027,0.0,0.0,0.0,0.0,0.0,18473,global,0.0
2,3,lr1e-04_bs8_drop0p2_temp2p0_a0p25_b0p05__wd1e-04trmiss0_degmodglobal,8,0.0001,0.0001,0.2,2.0,0.25,0.05,lr1e-04_bs8_drop0p2_temp2p0_a0p25_b0p05__wd1e-04trmiss0_degmodglobal,44,0.57180141551154,0.8264065682888031,0.3333333333333333,0.6155964405964407,0.3076923076923077,0.0,0.5028309864657265,0.543735214642116,0.07992465421557426,0.16170080112559454,0.0,0.0,0.0,0.0,0.0,18473,global,0.0
2,3,lr1e-04_bs8_drop0p2_temp2p0_a0p25_b0p05__wd1e-04trmiss0_degmodglobal,8,0.0001,0.0001,0.2,2.0,0.25,0.05,lr1e-04_bs8_drop0p2_temp2p0_a0p25_b0p05__wd1e-04trmiss0_degmodglobal,45,0.5685195454529354,0.8287114799022675,0.3611111111111111,0.6267075517075518,0.3076923076923077,0.0,0.5324004760810307,0.5359448960849217,0.10287682712078094,0.1371086218527385,0.0,0.0,0.0,0.0,0.0,18473,global,0.0
2,3,lr1e-04_bs8_drop0p4_temp1p0_a0p25_b0p05__wd1e-04trmiss0_degmodglobal,8,0.0001,0.0001,0.4,1.0,0.25,0.05,lr1e-04_bs8_drop0p4_temp1p0_a0p25_b0p05__wd1e-04trmiss0_degmodglobal,1,0.7265095966202872,0.7768748104572296,0.08333333333333333,0.5458664791998126,0.46153846153846156,0.0,0.6700940217290606,0.6997954760278974,0.06837603662695203,0.19240234898669378,0.0,0.0,0.0,0.0,0.0,18473,global,0.0
2,3,lr1e-04_bs8_drop0p4_temp1p0_a0p25_b0p05__wd1e-04trmiss0_degmodglobal,8,0.0001,0.0001,0.4,1.0,0.25,0.05,lr1e-04_bs8_drop0p4_temp1p0_a0p25_b0p05__wd1e-04trmiss0_degmodglobal,2,0.6873475228037152,0.798222154378891,0.08333333333333333,0.5458664791998126,0.38461538461538464,0.0,0.6167356882776532,0.6601916892187936,0.06875811889767647,0.19932586273976735,0.0,0.0,0.0,0.0,0.0,18473,global,0.0
2,3,lr1e-04_bs8_drop0p4_temp1p0_a0p25_b0p05__wd1e-04trmiss0_degmodglobal,8,0.0001,0.0001,0.4,1.0,0.25,0.05,lr1e-04_bs8_drop0p4_temp1p0_a0p25_b0p05__wd1e-04trmiss0_degmodglobal,3,0.6456730110304696,0.8097204864025116,0.08333333333333333,0.5458664791998126,0.3076923076923077,0.0,0.5991401927811759,0.6226779052189418,0.057661296533686776,0.17159556970000267,0.0,0.0,0.0,0.0,0.0,18473,global,0.0
2,3,lr1e-04_bs8_drop0p4_temp1p0_a0p25_b0p05__wd1e-04trmiss0_degmodglobal,8,0.0001,0.0001,0.4,1.0,0.25,0.05,lr1e-04_bs8_drop0p4_temp1p0_a0p25_b0p05__wd1e-04trmiss0_degmodglobal,4,0.6557784761701312,0.8203392922878265,0.08333333333333333,0.5458664791998126,0.3076923076923077,0.0,0.616656311920711,0.6308713725634983,0.06873233297041484,0.15448029445750372,0.0,0.0,0.0,0.0,0.0,18473,global,0.0
2,3,lr1e-04_bs8_drop0p4_temp1p0_a0p25_b0p05__wd1e-04trmiss0_degmodglobal,8,0.0001,0.0001,0.4,1.0,0.25,0.05,lr1e-04_bs8_drop0p4_temp1p0_a0p25_b0p05__wd1e-04trmiss0_degmodglobal,5,0.6422194072178432,0.8215116560459137,0.05555555555555555,0.5273479606812941,0.3076923076923077,0.0,0.5811906627246312,0.6122672728129795,0.07766203582286835,0.2107324025460652,0.0,0.0,0.0,0.0,0.0,18473,global,0.0
2,3,lr1e-04_bs8_drop0p4_temp1p0_a0p25_b0p05__wd1e-04trmiss0_degmodglobal,8,0.0001,0.0001,0.4,1.0,0.25,0.05,lr1e-04_bs8_drop0p4_temp1p0_a0p25_b0p05__wd1e-04trmiss0_degmodglobal,6,0.6295177340507507,0.8218377828598022,0.05555555555555555,0.5273479606812941,0.3076923076923077,0.0,0.5954644680023193,0.59744279725211,0.0771199097590787,0.255898970578398,0.0,0.0,0.0,0.0,0.0,18473,global,0.0
2,3,lr1e-04_bs8_drop0p4_temp1p0_a0p25_b0p05__wd1e-04trmiss0_degmodglobal,8,0.0001,0.0001,0.4,1.0,0.25,0.05,lr1e-04_bs8_drop0p4_temp1p0_a0p25_b0p05__wd1e-04trmiss0_degmodglobal,7,0.6163826499666486,0.8206804394721985,0.05555555555555555,0.5273479606812941,0.3076923076923077,0.0,0.562967564378466,0.59427467414311,0.06044855447752135,0.13991691704307282,0.0,0.0,0.0,0.0,0.0,18473,global,0.0
2,3,lr1e-04_bs8_drop0p4_temp1p0_a0p25_b0p05__wd1e-04trmiss0_degmodglobal,8,0.0001,0.0001,0.4,1.0,0.25,0.05,lr1e-04_bs8_drop0p4_temp1p0_a0p25_b0p05__wd1e-04trmiss0_degmodglobal,8,0.604891802583422,0.8218239843845367,0.05555555555555555,0.5273479606812941,0.3076923076923077,0.0,0.5633527891976493,0.5778787902423314,0.0664626955986023,0.20794695722205297,0.0,0.0,0.0,0.0,0.0,18473,global,0.0
2,3,lr1e-04_bs8_drop0p4_temp1p0_a0p25_b0p05__wd1e-04trmiss0_degmodglobal,8,0.0001,0.0001,0.4,1.0,0.25,0.05,lr1e-04_bs8_drop0p4_temp1p0_a0p25_b0p05__wd1e-04trmiss0_degmodglobal,9,0.5890976956912449,0.8239979147911072,0.05555555555555555,0.5273479606812941,0.3076923076923077,0.0,0.5405604541301727,0.5575424177306039,0.08519721776247025,0.2051194863659995,0.0,0.0,0.0,0.0,0.0,18473,global,0.0
2,3,lr1e-04_bs8_drop0p4_temp1p0_a0p25_b0p05__wd1e-04trmiss0_degmodglobal,8,0.0001,0.0001,0.4,1.0,0.25,0.05,lr1e-04_bs8_drop0p4_temp1p0_a0p25_b0p05__wd1e-04trmiss0_degmodglobal,10,0.6243593139307839,0.8229983747005463,0.08333333333333333,0.5458664791998126,0.3076923076923077,0.0,0.5445316859654018,0.5934125440461295,0.07902069815567561,0.2238317962203707,0.0,0.0,0.0,0.0,0.0,18473,global,0.0
2,3,lr1e-04_bs8_drop0p4_temp1p0_a0p25_b0p05__wd1e-04trmiss0_degmodglobal,8,0.0001,0.0001,0.4,1.0,0.25,0.05,lr1e-04_bs8_drop0p4_temp1p0_a0p25_b0p05__wd1e-04trmiss0_degmodglobal,11,0.5471740620476859,0.8250743448734283,0.08333333333333333,0.5458664791998126,0.3076923076923077,0.0,0.538576773234776,0.5220366077763694,0.06541568998779569,0.17567063442298345,0.0,0.0,0.0,0.0,0.0,18473,global,0.0
2,3,lr1e-04_bs8_drop0p4_temp1p0_a0p25_b0p05__wd1e-04trmiss0_degmodglobal,8,0.0001,0.0001,0.4,1.0,0.25,0.05,lr1e-04_bs8_drop0p4_temp1p0_a0p25_b0p05__wd1e-04trmiss0_degmodglobal,12,0.5547718320574079,0.8289225995540619,0.08333333333333333,0.5458664791998126,0.3076923076923077,0.0,0.5342587998935154,0.5321618914604187,0.06457228000674929,0.1293371825345925,0.0,0.0,0.0,0.0,0.0,18473,global,0.0
2,3,lr1e-04_bs8_drop0p4_temp1p0_a0p25_b0p05__wd1e-04trmiss0_degmodglobal,8,0.0001,0.0001,0.4,1.0,0.25,0.05,lr1e-04_bs8_drop0p4_temp1p0_a0p25_b0p05__wd1e-04trmiss0_degmodglobal,13,0.5868748937334333,0.8300567269325256,0.08333333333333333,0.5458664791998126,0.3076923076923077,0.0,0.5525763758591243,0.5557596683502197,0.0813036316207477,0.21578663800443923,0.0,0.0,0.0,0.0,0.0,18473,global,0.0
2,3,lr1e-04_bs8_drop0p4_temp1p0_a0p25_b0p05__wd1e-04trmiss0_degmodglobal,8,0.0001,0.0001,0.4,1.0,0.25,0.05,lr1e-04_bs8_drop0p4_temp1p0_a0p25_b0p05__wd1e-04trmiss0_degmodglobal,14,0.573958192552839,0.8312186896800995,0.08333333333333333,0.5458664791998126,0.3076923076923077,0.0,0.5717827081680298,0.5509857365063259,0.06215870486838477,0.14865522405930928,0.0,0.0,0.0,0.0,0.0,18473,global,0.0
2,3,lr1e-04_bs8_drop0p4_temp1p0_a0p25_b0p05__wd1e-04trmiss0_degmodglobal,8,0.0001,0.0001,0.4,1.0,0.25,0.05,lr1e-04_bs8_drop0p4_temp1p0_a0p25_b0p05__wd1e-04trmiss0_degmodglobal,15,0.5810104608535767,0.8332966864109039,0.08333333333333333,0.5458664791998126,0.3076923076923077,0.0,0.531273250068937,0.5488915315696171,0.09541295681680952,0.16531375369855336,0.0,0.0,0.0,0.0,0.0,18473,global,0.0
2,3,lr1e-04_bs8_drop0p4_temp1p0_a0p25_b0p05__wd1e-04trmiss0_degmodglobal,8,0.0001,0.0001,0.4,1.0,0.25,0.05,lr1e-04_bs8_drop0p4_temp1p0_a0p25_b0p05__wd1e-04trmiss0_degmodglobal,16,0.5462523528507778,0.83433997631073,0.08333333333333333,0.5458664791998126,0.3076923076923077,0.0,0.5390377811023167,0.5246025834764753,0.06766303681901523,0.09467996869768415,0.0,0.0,0.0,0.0,0.0,18473,global,0.0
2,3,lr1e-04_bs8_drop0p4_temp1p0_a0p25_b0p05__wd1e-04trmiss0_degmodglobal,8,0.0001,0.0001,0.4,1.0,0.25,0.05,lr1e-04_bs8_drop0p4_temp1p0_a0p25_b0p05__wd1e-04trmiss0_degmodglobal,17,0.5380097159317562,0.8301831781864166,0.08333333333333333,0.5458664791998126,0.3076923076923077,0.0,0.5392636571611676,0.5022688465459006,0.09732403606176376,0.22819700092077255,0.0,0.0,0.0,0.0,0.0,18473,global,0.0
2,3,lr1e-04_bs8_drop0p4_temp1p0_a0p25_b0p05__wd1e-04trmiss0_degmodglobal,8,0.0001,0.0001,0.4,1.0,0.25,0.05,lr1e-04_bs8_drop0p4_temp1p0_a0p25_b0p05__wd1e-04trmiss0_degmodglobal,18,0.523636234658105,0.8366807997226715,0.08333333333333333,0.5458664791998126,0.3076923076923077,0.0,0.5181762533528464,0.4964894482067653,0.08023734763264656,0.14174872211047582,0.0,0.0,0.0,0.0,0.0,18473,global,0.0
2,3,lr1e-04_bs8_drop0p4_temp1p0_a0p25_b0p05__wd1e-04trmiss0_degmodglobal,8,0.0001,0.0001,0.4,1.0,0.25,0.05,lr1e-04_bs8_drop0p4_temp1p0_a0p25_b0p05__wd1e-04trmiss0_degmodglobal,19,0.5533736390726907,0.8426018357276917,0.08333333333333333,0.5458664791998126,0.23076923076923078,0.0,0.5366185264928001,0.5280848784106118,0.06971490223492895,0.15720056210245406,0.0,0.0,0.0,0.0,0.0,18473,global,0.0
2,3,lr1e-04_bs8_drop0p4_temp1p0_a0p25_b0p05__wd1e-04trmiss0_degmodglobal,8,0.0001,0.0001,0.4,1.0,0.25,0.05,lr1e-04_bs8_drop0p4_temp1p0_a0p25_b0p05__wd1e-04trmiss0_degmodglobal,20,0.5346127493040902,0.830630362033844,0.08333333333333333,0.5458664791998126,0.23076923076923078,0.0,0.5141529866627285,0.5075526237487793,0.0787895614547389,0.14725460670888424,0.0,0.0,0.0,0.0,0.0,18473,global,0.0
2,3,lr1e-04_bs8_drop0p4_temp1p0_a0p25_b0p05__wd1e-04trmiss0_degmodglobal,8,0.0001,0.0001,0.4,1.0,0.25,0.05,lr1e-04_bs8_drop0p4_temp1p0_a0p25_b0p05__wd1e-04trmiss0_degmodglobal,21,0.5624091965811593,0.8236908912658691,0.08333333333333333,0.5458664791998126,0.3076923076923077,0.0,0.5011993646621704,0.537216876234327,0.07205044797488622,0.14359421389443533,0.0,0.0,0.0,0.0,0.0,18473,global,0.0
2,3,lr1e-04_bs8_drop0p4_temp1p0_a0p25_b0p05__wd1e-04trmiss0_degmodglobal,8,0.0001,0.0001,0.4,1.0,0.25,0.05,lr1e-04_bs8_drop0p4_temp1p0_a0p25_b0p05__wd1e-04trmiss0_degmodglobal,22,0.5488354137965611,0.8260165750980377,0.08333333333333333,0.5458664791998126,0.3076923076923077,0.0,0.5016350788729531,0.5294921568461827,0.059072463640144894,0.09150272820677076,0.0,0.0,0.0,0.0,0.0,18473,global,0.0
2,3,lr1e-04_bs8_drop0p4_temp1p0_a0p25_b0p05__wd1e-04trmiss0_degmodglobal,8,0.0001,0.0001,0.4,1.0,0.25,0.05,lr1e-04_bs8_drop0p4_temp1p0_a0p25_b0p05__wd1e-04trmiss0_degmodglobal,23,0.5370323147092547,0.8323363065719604,0.08333333333333333,0.5458664791998126,0.23076923076923078,0.0,0.5491833388805389,0.5107309647968837,0.07348876180393356,0.15858334515775954,0.0,0.0,0.0,0.0,0.0,18473,global,0.0
2,3,lr1e-04_bs8_drop0p4_temp1p0_a0p25_b0p05__wd1e-04trmiss0_degmodglobal,8,0.0001,0.0001,0.4,1.0,0.25,0.05,lr1e-04_bs8_drop0p4_temp1p0_a0p25_b0p05__wd1e-04trmiss0_degmodglobal,24,0.5781668424606323,0.8283370137214661,0.08333333333333333,0.5458664791998126,0.23076923076923078,0.0,0.5349398383072445,0.5457269081047603,0.09115107144628253,0.19304309040308,0.0,0.0,0.0,0.0,0.0,18473,global,0.0
2,3,lr1e-04_bs8_drop0p4_temp1p0_a0p25_b0p05__wd1e-04trmiss0_degmodglobal,8,0.0001,0.0001,0.4,1.0,0.25,0.05,lr1e-04_bs8_drop0p4_temp1p0_a0p25_b0p05__wd1e-04trmiss0_degmodglobal,25,0.5501262332711901,0.8274838924407959,0.08333333333333333,0.5458664791998126,0.3076923076923077,0.0,0.5043878981045314,0.5165225224835532,0.10124330116169793,0.1658578616167818,0.0,0.0,0.0,0.0,0.0,18473,global,0.0
2,3,lr1e-04_bs8_drop0p4_temp1p0_a0p25_b0p05__wd1e-04trmiss0_degmodglobal,8,0.0001,0.0001,0.4,1.0,0.25,0.05,lr1e-04_bs8_drop0p4_temp1p0_a0p25_b0p05__wd1e-04trmiss0_degmodglobal,26,0.5676990279129573,0.8262016475200653,0.08333333333333333,0.5458664791998126,0.3076923076923077,0.0,0.5076515887464795,0.5358225320066724,0.08856327831745148,0.19471355208328792,0.0,0.0,0.0,0.0,0.0,18473,global,0.0
2,3,lr1e-04_bs8_drop0p4_temp1p0_a0p25_b0p05__wd1e-04trmiss0_degmodglobal,8,0.0001,0.0001,0.4,1.0,0.25,0.05,lr1e-04_bs8_drop0p4_temp1p0_a0p25_b0p05__wd1e-04trmiss0_degmodglobal,27,0.5811138621398381,0.8373135328292847,0.08333333333333333,0.5458664791998126,0.23076923076923078,0.0,0.5213761499949864,0.5536588174956185,0.07813000838671412,0.1584508062473365,0.0,0.0,0.0,0.0,0.0,18473,global,0.0
2,3,lr1e-04_bs8_drop0p4_temp1p0_a0p25_b0p05__wd1e-04trmiss0_degmodglobal,8,0.0001,0.0001,0.4,1.0,0.25,0.05,lr1e-04_bs8_drop0p4_temp1p0_a0p25_b0p05__wd1e-04trmiss0_degmodglobal,28,0.5553799952779498,0.8413611352443695,0.08333333333333333,0.5458664791998126,0.23076923076923078,0.0,0.49268520304134916,0.5217598634106773,0.10259759426116943,0.1594146883913449,0.0,0.0,0.0,0.0,0.0,18473,global,0.0
2,3,lr1e-04_bs8_drop0p4_temp1p0_a0p25_b0p05__wd1e-04trmiss0_degmodglobal,8,0.0001,0.0001,0.4,1.0,0.25,0.05,lr1e-04_bs8_drop0p4_temp1p0_a0p25_b0p05__wd1e-04trmiss0_degmodglobal,29,0.5324971505573818,0.8414259850978851,0.08333333333333333,0.5458664791998126,0.23076923076923078,0.0,0.513205315385546,0.5077858439513615,0.07089093859706606,0.13977116718888283,0.0,0.0,0.0,0.0,0.0,18473,global,0.0
2,3,lr1e-04_bs8_drop0p4_temp1p0_a0p25_b0p05__wd1e-04trmiss0_degmodglobal,8,0.0001,0.0001,0.4,1.0,0.25,0.05,lr1e-04_bs8_drop0p4_temp1p0_a0p25_b0p05__wd1e-04trmiss0_degmodglobal,30,0.5577042145388467,0.8424268364906311,0.08333333333333333,0.5458664791998126,0.23076923076923078,0.0,0.5356486439704895,0.5309498012065887,0.07855189591646194,0.1423286231500762,0.0,0.0,0.0,0.0,0.0,18473,global,0.0
2,3,lr1e-04_bs8_drop0p4_temp2p0_a0p25_b0p05__wd1e-04trmiss0_degmodglobal,8,0.0001,0.0001,0.4,2.0,0.25,0.05,lr1e-04_bs8_drop0p4_temp2p0_a0p25_b0p05__wd1e-04trmiss0_degmodglobal,1,0.8471953443118504,0.6779960095882416,0.8611111111111112,0.9376903960237295,0.6153846153846154,0.0,0.6713728989873614,0.7955825584275382,0.1328850303377424,0.36783034035137724,0.0,0.0,0.0,0.0,0.0,18473,global,0.0
2,3,lr1e-04_bs8_drop0p4_temp2p0_a0p25_b0p05__wd1e-04trmiss0_degmodglobal,8,0.0001,0.0001,0.4,2.0,0.25,0.05,lr1e-04_bs8_drop0p4_temp2p0_a0p25_b0p05__wd1e-04trmiss0_degmodglobal,2,0.8043975915227618,0.698003351688385,0.7222222222222222,0.8828362995029664,0.5384615384615384,0.0,0.6332796726908002,0.7510885766574315,0.12316761804478508,0.4503420059170042,0.0,0.0,0.0,0.0,0.0,18473,global,0.0
2,3,lr1e-04_bs8_drop0p4_temp2p0_a0p25_b0p05__wd1e-04trmiss0_degmodglobal,8,0.0001,0.0001,0.4,2.0,0.25,0.05,lr1e-04_bs8_drop0p4_temp2p0_a0p25_b0p05__wd1e-04trmiss0_degmodglobal,3,0.7572753088814872,0.7129132747650146,0.5833333333333333,0.8175805675805676,0.5384615384615384,0.0,0.6204043882233756,0.7187555176871163,0.0925488370869841,0.3076513856649399,0.0,0.0,0.0,0.0,0.0,18473,global,0.0
2,3,lr1e-04_bs8_drop0p4_temp2p0_a0p25_b0p05__wd1e-04trmiss0_degmodglobal,8,0.0001,0.0001,0.4,2.0,0.25,0.05,lr1e-04_bs8_drop0p4_temp2p0_a0p25_b0p05__wd1e-04trmiss0_degmodglobal,4,0.7469555054392133,0.7365154027938843,0.33333333333333337,0.6765262515262516,0.3076923076923077,0.0,0.586896504674639,0.7043540477752686,0.10214433925492424,0.34130741017205374,0.0,0.0,0.0,0.0,0.0,18473,global,0.0
2,3,lr1e-04_bs8_drop0p4_temp2p0_a0p25_b0p05__wd1e-04trmiss0_degmodglobal,8,0.0001,0.0001,0.4,2.0,0.25,0.05,lr1e-04_bs8_drop0p4_temp2p0_a0p25_b0p05__wd1e-04trmiss0_degmodglobal,5,0.7358670319829669,0.7538936734199524,0.2222222222222222,0.5842703592703593,0.23076923076923078,0.0,0.6183846422604152,0.6941674607140678,0.09807797095605306,0.34360156314713614,0.0,0.0,0.0,0.0,0.0,18473,global,0.0
2,3,lr1e-04_bs8_drop0p4_temp2p0_a0p25_b0p05__wd1e-04trmiss0_degmodglobal,8,0.0001,0.0001,0.4,2.0,0.25,0.05,lr1e-04_bs8_drop0p4_temp2p0_a0p25_b0p05__wd1e-04trmiss0_degmodglobal,6,0.6972634451729911,0.7591381371021271,0.3333333333333333,0.6202972952972953,0.3076923076923077,0.0,0.5571439351354327,0.6492612106459481,0.11888133149061884,0.3656380581004279,0.0,0.0,0.0,0.0,0.0,18473,global,0.0
2,3,lr1e-04_bs8_drop0p4_temp2p0_a0p25_b0p05__wd1e-04trmiss0_degmodglobal,8,0.0001,0.0001,0.4,2.0,0.25,0.05,lr1e-04_bs8_drop0p4_temp2p0_a0p25_b0p05__wd1e-04trmiss0_degmodglobal,7,0.7012381553649902,0.7597725093364716,0.25,0.5953814703814704,0.23076923076923078,0.0,0.5565398250307355,0.6613179615565709,0.0925081702215331,0.33586289414337706,0.0,0.0,0.0,0.0,0.0,18473,global,0.0
2,3,lr1e-04_bs8_drop0p4_temp2p0_a0p25_b0p05__wd1e-04trmiss0_degmodglobal,8,0.0001,0.0001,0.4,2.0,0.25,0.05,lr1e-04_bs8_drop0p4_temp2p0_a0p25_b0p05__wd1e-04trmiss0_degmodglobal,8,0.7024365578378949,0.7482997179031372,0.3333333333333333,0.6277047027047027,0.3076923076923077,0.0,0.5850662248475211,0.6730345232146127,0.06934708782604762,0.24130525120667048,0.0,0.0,0.0,0.0,0.0,18473,global,0.0
2,3,lr1e-04_bs8_drop0p4_temp2p0_a0p25_b0p05__wd1e-04trmiss0_degmodglobal,8,0.0001,0.0001,0.4,2.0,0.25,0.05,lr1e-04_bs8_drop0p4_temp2p0_a0p25_b0p05__wd1e-04trmiss0_degmodglobal,9,0.7012635895184108,0.7439738810062408,0.3333333333333333,0.6277047027047027,0.23076923076923078,0.0,0.5507972623620715,0.660535854952676,0.09705220269305366,0.3292935448033469,0.0,0.0,0.0,0.0,0.0,18473,global,0.0
2,3,lr1e-04_bs8_drop0p4_temp2p0_a0p25_b0p05__wd1e-04trmiss0_degmodglobal,8,0.0001,0.0001,0.4,2.0,0.25,0.05,lr1e-04_bs8_drop0p4_temp2p0_a0p25_b0p05__wd1e-04trmiss0_degmodglobal,10,0.7077007293701172,0.735348105430603,0.3333333333333333,0.6277047027047027,0.3076923076923077,0.0,0.512547207730157,0.656499411378588,0.1263039324964796,0.3925067186355591,0.0,0.0,0.0,0.0,0.0,18473,global,0.0
2,3,lr1e-04_bs8_drop0p4_temp2p0_a0p25_b0p05__wd1e-04trmiss0_degmodglobal,8,0.0001,0.0001,0.4,2.0,0.25,0.05,lr1e-04_bs8_drop0p4_temp2p0_a0p25_b0p05__wd1e-04trmiss0_degmodglobal,11,0.7081861921719143,0.7399293780326843,0.36111111111111105,0.6388158138158138,0.3076923076923077,0.0,0.52626171708107,0.6679106439862933,0.09634872845241002,0.3237673214503697,0.0,0.0,0.0,0.0,0.0,18473,global,0.0
2,3,lr1e-04_bs8_drop0p4_temp2p0_a0p25_b0p05__wd1e-04trmiss0_degmodglobal,8,0.0001,0.0001,0.4,2.0,0.25,0.05,lr1e-04_bs8_drop0p4_temp2p0_a0p25_b0p05__wd1e-04trmiss0_degmodglobal,12,0.6742491211209979,0.7536784708499908,0.2777777777777778,0.613899988899989,0.23076923076923078,0.0,0.5278084703854152,0.6309975045067924,0.10576953206743513,0.3361848699195044,0.0,0.0,0.0,0.0,0.0,18473,global,0.0
2,3,lr1e-04_bs8_drop0p4_temp2p0_a0p25_b0p05__wd1e-04trmiss0_degmodglobal,8,0.0001,0.0001,0.4,2.0,0.25,0.05,lr1e-04_bs8_drop0p4_temp2p0_a0p25_b0p05__wd1e-04trmiss0_degmodglobal,13,0.6629845329693386,0.7561654448509216,0.41666666666666663,0.6558080808080808,0.3076923076923077,0.0,0.5270486899784633,0.6277620536940438,0.09423806252224105,0.23325925426823751,0.0,0.0,0.0,0.0,0.0,18473,global,0.0
2,3,lr1e-04_bs8_drop0p4_temp2p0_a0p25_b0p05__wd1e-04trmiss0_degmodglobal,8,0.0001,0.0001,0.4,2.0,0.25,0.05,lr1e-04_bs8_drop0p4_temp2p0_a0p25_b0p05__wd1e-04trmiss0_degmodglobal,14,0.695063727242606,0.7630345225334167,0.41666666666666663,0.6558080808080808,0.3076923076923077,0.0,0.5415828951767513,0.6567115783691406,0.0911618061363697,0.3112340548208782,0.0,0.0,0.0,0.0,0.0,18473,global,0.0
2,3,lr1e-04_bs8_drop0p4_temp2p0_a0p25_b0p05__wd1e-04trmiss0_degmodglobal,8,0.0001,0.0001,0.4,2.0,0.25,0.05,lr1e-04_bs8_drop0p4_temp2p0_a0p25_b0p05__wd1e-04trmiss0_degmodglobal,15,0.6726312126432147,0.7633245289325714,0.41666666666666663,0.6558080808080808,0.3076923076923077,0.0,0.5268095561436245,0.6326952917235238,0.10135651060513087,0.29193583130836487,0.0,0.0,0.0,0.0,0.0,18473,global,0.0
2,3,lr1e-04_bs8_drop0p4_temp2p0_a0p25_b0p05__wd1e-04trmiss0_degmodglobal,8,0.0001,0.0001,0.4,2.0,0.25,0.05,lr1e-04_bs8_drop0p4_temp2p0_a0p25_b0p05__wd1e-04trmiss0_degmodglobal,16,0.6568318605422974,0.7634860873222351,0.41666666666666663,0.6558080808080808,0.3076923076923077,0.0,0.5421901260103498,0.6228376116071429,0.08640326665980476,0.24786888701575144,0.0,0.0,0.0,0.0,0.0,18473,global,0.0
2,3,lr1e-04_bs8_drop0p4_temp2p0_a0p25_b0p05__wd1e-04trmiss0_degmodglobal,8,0.0001,0.0001,0.4,2.0,0.25,0.05,lr1e-04_bs8_drop0p4_temp2p0_a0p25_b0p05__wd1e-04trmiss0_degmodglobal,17,0.700567466872079,0.7712531387805939,0.3888888888888889,0.6372895622895624,0.3076923076923077,0.0,0.5081298393862588,0.6588196243558612,0.09522168231861931,0.35884874207632883,0.0,0.0,0.0,0.0,0.0,18473,global,0.0
2,3,lr1e-04_bs8_drop0p4_temp2p0_a0p25_b0p05__wd1e-04trmiss0_degmodglobal,8,0.0001,0.0001,0.4,2.0,0.25,0.05,lr1e-04_bs8_drop0p4_temp2p0_a0p25_b0p05__wd1e-04trmiss0_degmodglobal,18,0.7042863368988037,0.7748279869556427,0.4166666666666667,0.6472101972101972,0.3076923076923077,0.0,0.505321843283517,0.6540266616003854,0.12370047718286514,0.3866907869066511,0.0,0.0,0.0,0.0,0.0,18473,global,0.0
2,3,lr1e-04_bs8_drop0p4_temp2p0_a0p25_b0p05__wd1e-04trmiss0_degmodglobal,8,0.0001,0.0001,0.4,2.0,0.25,0.05,lr1e-04_bs8_drop0p4_temp2p0_a0p25_b0p05__wd1e-04trmiss0_degmodglobal,19,0.6691346338817051,0.7680044174194336,0.4444444444444444,0.6564694564694565,0.3076923076923077,0.0,0.50004643201828,0.6233030046735492,0.11897684101547513,0.32174812842692646,0.0,0.0,0.0,0.0,0.0,18473,global,0.0
2,3,lr1e-04_bs8_drop0p4_temp2p0_a0p25_b0p05__wd1e-04trmiss0_degmodglobal,8,0.0001,0.0001,0.4,2.0,0.25,0.05,lr1e-04_bs8_drop0p4_temp2p0_a0p25_b0p05__wd1e-04trmiss0_degmodglobal,20,0.7076024668557304,0.7664175927639008,0.41666666666666663,0.6500592000592001,0.3076923076923077,0.0,0.5350320509501866,0.6560351380280086,0.12008328522954669,0.43093022278376986,0.0,0.0,0.0,0.0,0.0,18473,global,0.0
2,3,lr1e-04_bs8_drop0p4_temp2p0_a0p25_b0p05__wd1e-04trmiss0_degmodglobal,8,0.0001,0.0001,0.4,2.0,0.25,0.05,lr1e-04_bs8_drop0p4_temp2p0_a0p25_b0p05__wd1e-04trmiss0_degmodglobal,21,0.7171142271586827,0.7676756680011749,0.3888888888888889,0.6407999407999408,0.3076923076923077,0.0,0.4966393070561545,0.6529501676559448,0.15654832976205008,0.5005397370883397,0.0,0.0,0.0,0.0,0.0,18473,global,0.0
2,3,lr1e-04_bs8_drop0p4_temp2p0_a0p25_b0p05__wd1e-04trmiss0_degmodglobal,8,0.0001,0.0001,0.4,2.0,0.25,0.05,lr1e-04_bs8_drop0p4_temp2p0_a0p25_b0p05__wd1e-04trmiss0_degmodglobal,22,0.6754511083875384,0.7660475969314575,0.3888888888888889,0.6407999407999408,0.3076923076923077,0.0,0.4921380707195827,0.6228346654347011,0.13761325499841146,0.3642624488898686,0.0,0.0,0.0,0.0,0.0,18473,global,0.0
2,3,lr1e-04_bs8_drop0p4_temp2p0_a0p25_b0p05__wd1e-04trmiss0_degmodglobal,8,0.0001,0.0001,0.4,2.0,0.25,0.05,lr1e-04_bs8_drop0p4_temp2p0_a0p25_b0p05__wd1e-04trmiss0_degmodglobal,23,0.6759183917726789,0.7701110541820526,0.4444444444444444,0.6685777185777186,0.3076923076923077,0.0,0.48541923080171856,0.6298535295895168,0.11853030217545373,0.32864590202059063,0.0,0.0,0.0,0.0,0.0,18473,global,0.0
2,3,lr1e-04_bs8_drop0p4_temp2p0_a0p25_b0p05__wd1e-04trmiss0_degmodglobal,8,0.0001,0.0001,0.4,2.0,0.25,0.05,lr1e-04_bs8_drop0p4_temp2p0_a0p25_b0p05__wd1e-04trmiss0_degmodglobal,24,0.6917129840169635,0.7700270712375641,0.41666666666666663,0.6593184593184593,0.3076923076923077,0.0,0.4563978484698704,0.623584338596889,0.17256647774151393,0.4997404196432659,0.0,0.0,0.0,0.0,0.0,18473,global,0.0
2,3,lr1e-04_bs8_drop0p4_temp2p0_a0p25_b0p05__wd1e-04trmiss0_degmodglobal,8,0.0001,0.0001,0.4,2.0,0.25,0.05,lr1e-04_bs8_drop0p4_temp2p0_a0p25_b0p05__wd1e-04trmiss0_degmodglobal,25,0.6624640396663121,0.7712633907794952,0.41666666666666663,0.6593184593184593,0.3076923076923077,0.0,0.4859346960272108,0.6171009114810398,0.11303084875856127,0.3421083412000111,0.0,0.0,0.0,0.0,0.0,18473,global,0.0
2,3,lr1e-04_bs8_drop0p4_temp2p0_a0p25_b0p05__wd1e-04trmiss0_degmodglobal,8,0.0001,0.0001,0.4,2.0,0.25,0.05,lr1e-04_bs8_drop0p4_temp2p0_a0p25_b0p05__wd1e-04trmiss0_degmodglobal,26,0.7058577026639666,0.7714540958404541,0.38888888888888895,0.6525844525844526,0.3076923076923077,0.0,0.4727938728673117,0.6399078113692147,0.16551707897867476,0.4914123203073229,0.0,0.0,0.0,0.0,0.0,18473,global,0.0
2,3,lr1e-04_bs8_drop0p4_temp2p0_a0p25_b0p05__wd1e-04trmiss0_degmodglobal,8,0.0001,0.0001,0.4,2.0,0.25,0.05,lr1e-04_bs8_drop0p4_temp2p0_a0p25_b0p05__wd1e-04trmiss0_degmodglobal,27,0.6631533758980888,0.7702591717243195,0.38888888888888895,0.6525844525844526,0.3076923076923077,0.0,0.44083453927721294,0.609808053289141,0.14127562088625772,0.3605285733938217,0.0,0.0,0.0,0.0,0.0,18473,global,0.0
2,3,lr1e-04_bs8_drop0p4_temp2p0_a0p25_b0p05__wd1e-04trmiss0_degmodglobal,8,0.0001,0.0001,0.4,2.0,0.25,0.05,lr1e-04_bs8_drop0p4_temp2p0_a0p25_b0p05__wd1e-04trmiss0_degmodglobal,28,0.6419341734477452,0.7668062150478363,0.38888888888888895,0.6525844525844526,0.3076923076923077,0.0,0.46800110169819426,0.585382376398359,0.1553698107600212,0.35418679245880674,0.0,0.0,0.0,0.0,0.0,18473,global,0.0
2,3,lr1e-04_bs8_drop0p4_temp2p0_a0p25_b0p05__wd1e-04trmiss0_degmodglobal,8,0.0001,0.0001,0.4,2.0,0.25,0.05,lr1e-04_bs8_drop0p4_temp2p0_a0p25_b0p05__wd1e-04trmiss0_degmodglobal,29,0.6559558595929827,0.7728771567344666,0.38888888888888895,0.6525844525844526,0.3076923076923077,0.0,0.46886408754757475,0.598462700843811,0.14355517817395075,0.4320872298308781,0.0,0.0,0.0,0.0,0.0,18473,global,0.0
2,3,lr1e-04_bs8_drop0p4_temp2p0_a0p25_b0p05__wd1e-04trmiss0_degmodglobal,8,0.0001,0.0001,0.4,2.0,0.25,0.05,lr1e-04_bs8_drop0p4_temp2p0_a0p25_b0p05__wd1e-04trmiss0_degmodglobal,30,0.6725672824042184,0.7725334167480469,0.38888888888888895,0.6525844525844526,0.3076923076923077,0.0,0.4422436611992972,0.6101387909480503,0.15917609419141496,0.45268925172942026,0.0,0.0,0.0,0.0,0.0,18473,global,0.0
2,3,lr1e-04_bs8_drop0p4_temp2p0_a0p25_b0p05__wd1e-04trmiss0_degmodglobal,8,0.0001,0.0001,0.4,2.0,0.25,0.05,lr1e-04_bs8_drop0p4_temp2p0_a0p25_b0p05__wd1e-04trmiss0_degmodglobal,31,0.6830717580659049,0.7775492072105408,0.38888888888888895,0.6525844525844526,0.3076923076923077,0.0,0.4624159846987043,0.6051957096372332,0.1951934461082731,0.5815535485744476,0.0,0.0,0.0,0.0,0.0,18473,global,0.0
2,3,lr1e-04_bs8_drop0p4_temp2p0_a0p25_b0p05__wd1e-04trmiss0_degmodglobal,8,0.0001,0.0001,0.4,2.0,0.25,0.05,lr1e-04_bs8_drop0p4_temp2p0_a0p25_b0p05__wd1e-04trmiss0_degmodglobal,32,0.6604952471596854,0.7690663933753967,0.41666666666666663,0.6593184593184593,0.3076923076923077,0.0,0.45480339016233173,0.5979741556303841,0.17247246844427927,0.3880594713347299,0.0,0.0,0.0,0.0,0.0,18473,global,0.0
2,3,lr1e-04_bs8_drop0p4_temp2p0_a0p25_b0p05__wd1e-04trmiss0_degmodglobal,8,0.0001,0.0001,0.4,2.0,0.25,0.05,lr1e-04_bs8_drop0p4_temp2p0_a0p25_b0p05__wd1e-04trmiss0_degmodglobal,33,0.6780734487942287,0.7687685191631317,0.41666666666666663,0.6593184593184593,0.3076923076923077,0.0,0.4620227515697479,0.6110376971108573,0.17045897032533372,0.4884204300386565,0.0,0.0,0.0,0.0,0.0,18473,global,0.0
2,3,lr1e-04_bs8_drop0p4_temp2p0_a0p25_b0p05__wd1e-04trmiss0_degmodglobal,8,0.0001,0.0001,0.4,2.0,0.25,0.05,lr1e-04_bs8_drop0p4_temp2p0_a0p25_b0p05__wd1e-04trmiss0_degmodglobal,34,0.6716664518628802,0.7793745398521423,0.41666666666666663,0.6593184593184593,0.3076923076923077,0.0,0.4426701324326651,0.5897511414119175,0.21491809721503938,0.5637153365782329,0.0,0.0,0.0,0.0,0.0,18473,global,0.0
2,3,lr1e-04_bs8_drop0p4_temp2p0_a0p25_b0p05__wd1e-04trmiss0_degmodglobal,8,0.0001,0.0001,0.4,2.0,0.25,0.05,lr1e-04_bs8_drop0p4_temp2p0_a0p25_b0p05__wd1e-04trmiss0_degmodglobal,35,0.6651709675788879,0.7720033824443817,0.41666666666666663,0.6593184593184593,0.3076923076923077,0.0,0.4527322394507272,0.6016643302781242,0.171843983232975,0.41091289264815195,0.0,0.0,0.0,0.0,0.0,18473,global,0.0
2,3,lr1e-04_bs8_drop0p4_temp2p0_a0p25_b0p05__wd1e-04trmiss0_degmodglobal,8,0.0001,0.0001,0.4,2.0,0.25,0.05,lr1e-04_bs8_drop0p4_temp2p0_a0p25_b0p05__wd1e-04trmiss0_degmodglobal,36,0.6744124889373779,0.7720202207565308,0.38888888888888895,0.6525844525844526,0.3076923076923077,0.0,0.46090119651385714,0.6030044087341854,0.1760082734482629,0.5481201538017818,0.0,0.0,0.0,0.0,0.0,18473,global,0.0
2,3,lr1e-04_bs8_drop0p4_temp2p0_a0p25_b0p05__wd1e-04trmiss0_degmodglobal,8,0.0001,0.0001,0.4,2.0,0.25,0.05,lr1e-04_bs8_drop0p4_temp2p0_a0p25_b0p05__wd1e-04trmiss0_degmodglobal,37,0.6890376891408648,0.7748465538024902,0.41666666666666663,0.6618437118437119,0.3076923076923077,0.0,0.47972303203174044,0.6163581269127982,0.19702658376523427,0.46845828635352,0.0,0.0,0.0,0.0,0.0,18473,global,0.0
2,3,lr1e-04_bs8_drop0p4_temp2p0_a0p25_b0p05__wd1e-04trmiss0_degmodglobal,8,0.0001,0.0001,0.4,2.0,0.25,0.05,lr1e-04_bs8_drop0p4_temp2p0_a0p25_b0p05__wd1e-04trmiss0_degmodglobal,38,0.6486485941069466,0.7799645662307739,0.41666666666666663,0.6618437118437119,0.3076923076923077,0.0,0.4573502668312618,0.5878041046006339,0.1526275681597846,0.4537519599710192,0.0,0.0,0.0,0.0,0.0,18473,global,0.0
2,3,lr1e-04_bs8_drop0p4_temp2p0_a0p25_b0p05__wd1e-04trmiss0_degmodglobal,8,0.0001,0.0001,0.4,2.0,0.25,0.05,lr1e-04_bs8_drop0p4_temp2p0_a0p25_b0p05__wd1e-04trmiss0_degmodglobal,39,0.6503286787441799,0.7775911092758179,0.4444444444444444,0.6704856871523539,0.3076923076923077,0.0,0.441374808549881,0.5777279479163033,0.2160982404436384,0.37152333557605743,0.0,0.0,0.0,0.0,0.0,18473,global,0.0
2,3,lr5e-05_bs8_drop0p2_temp1p0_a0p25_b0p05__wd1e-04trmiss0_degmodglobal,8,5e-05,0.0001,0.2,1.0,0.25,0.05,lr5e-05_bs8_drop0p2_temp1p0_a0p25_b0p05__wd1e-04trmiss0_degmodglobal,1,0.7504284467015948,0.6965506970882416,0.7222222222222222,0.9040835707502375,0.5384615384615384,0.0,0.7542347226824079,0.7363424471446446,0.03672354455505099,0.09810268399970871,0.0,0.0,0.0,0.0,0.0,18473,global,0.0
2,3,lr5e-05_bs8_drop0p2_temp1p0_a0p25_b0p05__wd1e-04trmiss0_degmodglobal,8,5e-05,0.0001,0.2,1.0,0.25,0.05,lr5e-05_bs8_drop0p2_temp1p0_a0p25_b0p05__wd1e-04trmiss0_degmodglobal,2,0.714083160672869,0.7011575400829315,0.75,0.9108175774842442,0.5384615384615384,0.0,0.7081732494490487,0.7022011535508292,0.032310725056699345,0.07608667282121521,0.0,0.0,0.0,0.0,0.0,18473,global,0.0
2,3,lr5e-05_bs8_drop0p2_temp1p0_a0p25_b0p05__wd1e-04trmiss0_degmodglobal,8,5e-05,0.0001,0.2,1.0,0.25,0.05,lr5e-05_bs8_drop0p2_temp1p0_a0p25_b0p05__wd1e-04trmiss0_degmodglobal,3,0.6921108705656869,0.7086203992366791,0.6944444444444445,0.86500629000629,0.5384615384615384,0.0,0.695564499923161,0.6814720204898289,0.02493148616382054,0.08811988042933601,0.0,0.0,0.0,0.0,0.0,18473,global,0.0
2,3,lr5e-05_bs8_drop0p2_temp1p0_a0p25_b0p05__wd1e-04trmiss0_degmodglobal,8,5e-05,0.0001,0.2,1.0,0.25,0.05,lr5e-05_bs8_drop0p2_temp1p0_a0p25_b0p05__wd1e-04trmiss0_degmodglobal,4,0.6787312456539699,0.7195234596729279,0.4444444444444444,0.7519230769230769,0.38461538461538464,0.0,0.6651636106627328,0.666650482586452,0.031238514663917676,0.08542260527610779,0.0,0.0,0.0,0.0,0.0,18473,global,0.0
2,3,lr5e-05_bs8_drop0p2_temp1p0_a0p25_b0p05__wd1e-04trmiss0_degmodglobal,8,5e-05,0.0001,0.2,1.0,0.25,0.05,lr5e-05_bs8_drop0p2_temp1p0_a0p25_b0p05__wd1e-04trmiss0_degmodglobal,5,0.6517726949283055,0.7378375828266144,0.33333333333333337,0.669118844118844,0.3076923076923077,0.0,0.6606004067829677,0.6418498924800328,0.025817883600081717,0.06936681430254664,0.0,0.0,0.0,0.0,0.0,18473,global,0.0
2,3,lr5e-05_bs8_drop0p2_temp1p0_a0p25_b0p05__wd1e-04trmiss0_degmodglobal,8,5e-05,0.0001,0.2,1.0,0.25,0.05,lr5e-05_bs8_drop0p2_temp1p0_a0p25_b0p05__wd1e-04trmiss0_degmodglobal,6,0.6432924355779376,0.7410218119621277,0.33333333333333337,0.669118844118844,0.38461538461538464,0.0,0.6579217740467617,0.6333868333271572,0.026655791460403373,0.06483322062662669,0.0,0.0,0.0,0.0,0.0,18473,global,0.0
2,3,lr5e-05_bs8_drop0p2_temp1p0_a0p25_b0p05__wd1e-04trmiss0_degmodglobal,8,5e-05,0.0001,0.2,1.0,0.25,0.05,lr5e-05_bs8_drop0p2_temp1p0_a0p25_b0p05__wd1e-04trmiss0_degmodglobal,7,0.6310568196432931,0.7444308698177338,0.41666666666666663,0.6988807488807489,0.38461538461538464,0.0,0.6243929777826581,0.6193172676222665,0.030670166547809328,0.08144019331250872,0.0,0.0,0.0,0.0,0.0,18473,global,0.0
2,3,lr5e-05_bs8_drop0p2_temp1p0_a0p25_b0p05__wd1e-04trmiss0_degmodglobal,8,5e-05,0.0001,0.2,1.0,0.25,0.05,lr5e-05_bs8_drop0p2_temp1p0_a0p25_b0p05__wd1e-04trmiss0_degmodglobal,8,0.6384241495813642,0.7497632801532745,0.41666666666666663,0.6988807488807489,0.38461538461538464,0.0,0.6288718368325915,0.6276690023286002,0.027359049235071455,0.07830757062350001,0.0,0.0,0.0,0.0,0.0,18473,global,0.0
2,3,lr5e-05_bs8_drop0p2_temp1p0_a0p25_b0p05__wd1e-04trmiss0_degmodglobal,8,5e-05,0.0001,0.2,1.0,0.25,0.05,lr5e-05_bs8_drop0p2_temp1p0_a0p25_b0p05__wd1e-04trmiss0_degmodglobal,9,0.6310150963919503,0.7554035484790802,0.41666666666666663,0.6988807488807489,0.38461538461538464,0.0,0.6388783625194004,0.6216716681207929,0.02599016816488334,0.05691750879798617,0.0,0.0,0.0,0.0,0.0,18473,global,0.0
2,3,lr5e-05_bs8_drop0p2_temp1p0_a0p25_b0p05__wd1e-04trmiss0_degmodglobal,8,5e-05,0.0001,0.2,1.0,0.25,0.05,lr5e-05_bs8_drop0p2_temp1p0_a0p25_b0p05__wd1e-04trmiss0_degmodglobal,10,0.6428034561020988,0.7541796863079071,0.38888888888888884,0.6918100418100419,0.38461538461538464,0.0,0.6225480692727225,0.6320626820836749,0.027400247486574308,0.077814339527062,0.0,0.0,0.0,0.0,0.0,18473,global,0.0
2,3,lr5e-05_bs8_drop0p2_temp1p0_a0p25_b0p05__wd1e-04trmiss0_degmodglobal,8,5e-05,0.0001,0.2,1.0,0.25,0.05,lr5e-05_bs8_drop0p2_temp1p0_a0p25_b0p05__wd1e-04trmiss0_degmodglobal,11,0.6182001062801906,0.753131628036499,0.38888888888888884,0.6918100418100419,0.38461538461538464,0.0,0.6105735216821943,0.6083282828330994,0.027181672464523996,0.06152775724019323,0.0,0.0,0.0,0.0,0.0,18473,global,0.0
2,3,lr5e-05_bs8_drop0p2_temp1p0_a0p25_b0p05__wd1e-04trmiss0_degmodglobal,8,5e-05,0.0001,0.2,1.0,0.25,0.05,lr5e-05_bs8_drop0p2_temp1p0_a0p25_b0p05__wd1e-04trmiss0_degmodglobal,12,0.6259311522756305,0.7572207748889923,0.38888888888888884,0.6918100418100419,0.38461538461538464,0.0,0.5945739831243243,0.613360949925014,0.03454817911343915,0.07866331429353782,0.0,0.0,0.0,0.0,0.0,18473,global,0.0
2,3,lr5e-05_bs8_drop0p2_temp1p0_a0p25_b0p05__wd1e-04trmiss0_degmodglobal,8,5e-05,0.0001,0.2,1.0,0.25,0.05,lr5e-05_bs8_drop0p2_temp1p0_a0p25_b0p05__wd1e-04trmiss0_degmodglobal,13,0.6148061156272888,0.7593255341053009,0.33333333333333337,0.6751433751433753,0.38461538461538464,0.0,0.6003044758524213,0.601726199899401,0.033673607877322605,0.09323029965162277,0.0,0.0,0.0,0.0,0.0,18473,global,0.0
2,3,lr5e-05_bs8_drop0p2_temp1p0_a0p25_b0p05__wd1e-04trmiss0_degmodglobal,8,5e-05,0.0001,0.2,1.0,0.25,0.05,lr5e-05_bs8_drop0p2_temp1p0_a0p25_b0p05__wd1e-04trmiss0_degmodglobal,14,0.5947432092257908,0.7614324986934662,0.41666666666666663,0.6988807488807489,0.38461538461538464,0.0,0.5774474356855664,0.5819135393415179,0.031484177469142845,0.09917222123060908,0.0,0.0,0.0,0.0,0.0,18473,global,0.0
2,3,lr5e-05_bs8_drop0p2_temp1p0_a0p25_b0p05__wd1e-04trmiss0_degmodglobal,8,5e-05,0.0001,0.2,1.0,0.25,0.05,lr5e-05_bs8_drop0p2_temp1p0_a0p25_b0p05__wd1e-04trmiss0_degmodglobal,15,0.6020369870322091,0.7636439204216003,0.4722222222222222,0.7260412427079095,0.38461538461538464,0.0,0.5782436473029,0.593045392206737,0.022352157958916256,0.06807115434535913,0.0,0.0,0.0,0.0,0.0,18473,global,0.0
2,3,lr5e-05_bs8_drop0p2_temp1p0_a0p25_b0p05__wd1e-04trmiss0_degmodglobal,8,5e-05,0.0001,0.2,1.0,0.25,0.05,lr5e-05_bs8_drop0p2_temp1p0_a0p25_b0p05__wd1e-04trmiss0_degmodglobal,16,0.6013786792755127,0.7637351751327515,0.4444444444444444,0.7075227241893909,0.38461538461538464,0.0,0.5684025755950383,0.592193637575422,0.026249372932527746,0.05245361264262881,0.0,0.0,0.0,0.0,0.0,18473,global,0.0
2,3,lr5e-05_bs8_drop0p2_temp1p0_a0p25_b0p05__wd1e-04trmiss0_degmodglobal,8,5e-05,0.0001,0.2,1.0,0.25,0.05,lr5e-05_bs8_drop0p2_temp1p0_a0p25_b0p05__wd1e-04trmiss0_degmodglobal,17,0.6109156949179513,0.7650091350078583,0.3888888888888889,0.6433251933251934,0.38461538461538464,0.0,0.5593582306589399,0.5983607683862958,0.035677907190152576,0.07270890926676137,0.0,0.0,0.0,0.0,0.0,18473,global,0.0
2,3,lr5e-05_bs8_drop0p2_temp1p0_a0p25_b0p05__wd1e-04trmiss0_degmodglobal,8,5e-05,0.0001,0.2,1.0,0.25,0.05,lr5e-05_bs8_drop0p2_temp1p0_a0p25_b0p05__wd1e-04trmiss0_degmodglobal,18,0.6192300745419094,0.7660680115222931,0.3888888888888889,0.6896214896214896,0.38461538461538464,0.0,0.5802599191665649,0.6083102226257324,0.02925316563674382,0.07213121599384717,0.0,0.0,0.0,0.0,0.0,18473,global,0.0
2,3,lr5e-05_bs8_drop0p2_temp1p0_a0p25_b0p05__wd1e-04trmiss0_degmodglobal,8,5e-05,0.0001,0.2,1.0,0.25,0.05,lr5e-05_bs8_drop0p2_temp1p0_a0p25_b0p05__wd1e-04trmiss0_degmodglobal,19,0.6157896518707275,0.7705295383930206,0.36111111111111116,0.6340659340659341,0.38461538461538464,0.0,0.5649329083306449,0.6028489640780857,0.03677562970135893,0.07493559829890728,0.0,0.0,0.0,0.0,0.0,18473,global,0.0
2,3,lr5e-05_bs8_drop0p2_temp1p0_a0p25_b0p05__wd1e-04trmiss0_degmodglobal,8,5e-05,0.0001,0.2,1.0,0.25,0.05,lr5e-05_bs8_drop0p2_temp1p0_a0p25_b0p05__wd1e-04trmiss0_degmodglobal,20,0.6112732802118573,0.7732098400592804,0.3888888888888889,0.6433251933251934,0.38461538461538464,0.0,0.5690006613731384,0.5959673268454415,0.03887926254953657,0.11172277028007167,0.0,0.0,0.0,0.0,0.0,18473,global,0.0
2,3,lr5e-05_bs8_drop0p2_temp1p0_a0p25_b0p05__wd1e-04trmiss0_degmodglobal,8,5e-05,0.0001,0.2,1.0,0.25,0.05,lr5e-05_bs8_drop0p2_temp1p0_a0p25_b0p05__wd1e-04trmiss0_degmodglobal,21,0.5865233881132943,0.7783113420009613,0.3888888888888889,0.6407999407999408,0.38461538461538464,0.0,0.5342528436865125,0.5697397376809802,0.04223436303436756,0.12450118948306356,0.0,0.0,0.0,0.0,0.0,18473,global,0.0
2,3,lr5e-05_bs8_drop0p2_temp1p0_a0p25_b0p05__wd1e-04trmiss0_degmodglobal,8,5e-05,0.0001,0.2,1.0,0.25,0.05,lr5e-05_bs8_drop0p2_temp1p0_a0p25_b0p05__wd1e-04trmiss0_degmodglobal,22,0.6010474732943943,0.7789320647716522,0.4444444444444444,0.6587011753678421,0.38461538461538464,0.0,0.5411146027701241,0.5811724833079747,0.050613350101879666,0.14443316470299447,0.0,0.0,0.0,0.0,0.0,18473,global,0.0
2,3,lr5e-05_bs8_drop0p2_temp1p0_a0p25_b0p05__wd1e-04trmiss0_degmodglobal,8,5e-05,0.0001,0.2,1.0,0.25,0.05,lr5e-05_bs8_drop0p2_temp1p0_a0p25_b0p05__wd1e-04trmiss0_degmodglobal,23,0.5845688709190914,0.7790758907794952,0.41666666666666663,0.6988807488807489,0.38461538461538464,0.0,0.5407238815511975,0.5716859229973384,0.03579978139272758,0.07866003577198301,0.0,0.0,0.0,0.0,0.0,18473,global,0.0
2,3,lr5e-05_bs8_drop0p2_temp1p0_a0p25_b0p05__wd1e-04trmiss0_degmodglobal,8,5e-05,0.0001,0.2,1.0,0.25,0.05,lr5e-05_bs8_drop0p2_temp1p0_a0p25_b0p05__wd1e-04trmiss0_degmodglobal,24,0.5983130846704755,0.7804754078388214,0.3888888888888889,0.6896214896214896,0.38461538461538464,0.0,0.5458943971565792,0.583239768232618,0.03902742266654968,0.10632902144321374,0.0,0.0,0.0,0.0,0.0,18473,global,0.0
2,3,lr5e-05_bs8_drop0p2_temp1p0_a0p25_b0p05__wd1e-04trmiss0_degmodglobal,8,5e-05,0.0001,0.2,1.0,0.25,0.05,lr5e-05_bs8_drop0p2_temp1p0_a0p25_b0p05__wd1e-04trmiss0_degmodglobal,25,0.6009778806141445,0.7784400880336761,0.3888888888888889,0.6896214896214896,0.38461538461538464,0.0,0.5296593521322522,0.58478353704725,0.043236151337623596,0.10770618010844503,0.0,0.0,0.0,0.0,0.0,18473,global,0.0
2,3,lr5e-05_bs8_drop0p2_temp1p0_a0p25_b0p05__wd1e-04trmiss0_degmodglobal,8,5e-05,0.0001,0.2,1.0,0.25,0.05,lr5e-05_bs8_drop0p2_temp1p0_a0p25_b0p05__wd1e-04trmiss0_degmodglobal,26,0.5980200256620135,0.7828519344329834,0.3888888888888889,0.6896214896214896,0.38461538461538464,0.0,0.5552851046834674,0.5820341535976955,0.03994106368294784,0.12001220030444008,0.0,0.0,0.0,0.0,0.0,18473,global,0.0
2,3,lr5e-05_bs8_drop0p2_temp1p0_a0p25_b0p05__wd1e-04trmiss0_degmodglobal,8,5e-05,0.0001,0.2,1.0,0.25,0.05,lr5e-05_bs8_drop0p2_temp1p0_a0p25_b0p05__wd1e-04trmiss0_degmodglobal,27,0.5777889660426548,0.7795705199241638,0.3888888888888889,0.6896214896214896,0.38461538461538464,0.0,0.5316892095974514,0.5675193667411804,0.030028921019818102,0.05524746062500136,0.0,0.0,0.0,0.0,0.0,18473,global,0.0
2,3,lr5e-05_bs8_drop0p2_temp1p0_a0p25_b0p05__wd1e-04trmiss0_degmodglobal,8,5e-05,0.0001,0.2,1.0,0.25,0.05,lr5e-05_bs8_drop0p2_temp1p0_a0p25_b0p05__wd1e-04trmiss0_degmodglobal,28,0.57261232818876,0.7811459898948669,0.3611111111111111,0.6797008547008547,0.38461538461538464,0.0,0.5127465724945068,0.560316264629364,0.034808288727487834,0.07188001993511405,0.0,0.0,0.0,0.0,0.0,18473,global,0.0
2,3,lr5e-05_bs8_drop0p2_temp1p0_a0p25_b0p05__wd1e-04trmiss0_degmodglobal,8,5e-05,0.0001,0.2,1.0,0.25,0.05,lr5e-05_bs8_drop0p2_temp1p0_a0p25_b0p05__wd1e-04trmiss0_degmodglobal,29,0.6049067974090576,0.7834721505641937,0.33333333333333337,0.669118844118844,0.38461538461538464,0.0,0.5422067769936153,0.5911221248762948,0.03857529748763357,0.08281711063214711,0.0,0.0,0.0,0.0,0.0,18473,global,0.0
2,3,lr5e-05_bs8_drop0p2_temp1p0_a0p25_b0p05__wd1e-04trmiss0_degmodglobal,8,5e-05,0.0001,0.2,1.0,0.25,0.05,lr5e-05_bs8_drop0p2_temp1p0_a0p25_b0p05__wd1e-04trmiss0_degmodglobal,30,0.5826632933957236,0.782738447189331,0.3888888888888889,0.6896214896214896,0.38461538461538464,0.0,0.5045055108410972,0.5689550680773598,0.036371488124132156,0.09230716899037361,0.0,0.0,0.0,0.0,0.0,18473,global,0.0
2,3,lr5e-05_bs8_drop0p2_temp1p0_a0p25_b0p05__wd1e-04trmiss0_degmodglobal,8,5e-05,0.0001,0.2,1.0,0.25,0.05,lr5e-05_bs8_drop0p2_temp1p0_a0p25_b0p05__wd1e-04trmiss0_degmodglobal,31,0.5745713710784912,0.7844490110874176,0.33333333333333337,0.6241452991452991,0.38461538461538464,0.0,0.4824347070285252,0.5558746371950422,0.049226595887116024,0.12780155347926275,0.0,0.0,0.0,0.0,0.0,18473,global,0.0
2,3,lr5e-05_bs8_drop0p2_temp1p0_a0p25_b0p05__wd1e-04trmiss0_degmodglobal,8,5e-05,0.0001,0.2,1.0,0.25,0.05,lr5e-05_bs8_drop0p2_temp1p0_a0p25_b0p05__wd1e-04trmiss0_degmodglobal,32,0.5960444126810346,0.7910710573196411,0.36111111111111116,0.6340659340659341,0.38461538461538464,0.0,0.5374626474721091,0.5781402545315879,0.04360182157584599,0.14007421263626643,0.0,0.0,0.0,0.0,0.0,18473,global,0.0
2,3,lr5e-05_bs8_drop0p2_temp1p0_a0p25_b0p05__wd1e-04trmiss0_degmodglobal,8,5e-05,0.0001,0.2,1.0,0.25,0.05,lr5e-05_bs8_drop0p2_temp1p0_a0p25_b0p05__wd1e-04trmiss0_degmodglobal,33,0.609661843095507,0.7953921854496002,0.36111111111111116,0.6340659340659341,0.38461538461538464,0.0,0.5070291970457349,0.5858520524842399,0.0597635166985648,0.17737821808883122,0.0,0.0,0.0,0.0,0.0,18473,global,0.0
2,3,lr5e-05_bs8_drop0p2_temp1p0_a0p25_b0p05__wd1e-04trmiss0_degmodglobal,8,5e-05,0.0001,0.2,1.0,0.25,0.05,lr5e-05_bs8_drop0p2_temp1p0_a0p25_b0p05__wd1e-04trmiss0_degmodglobal,34,0.5817042759486607,0.7912791967391968,0.33333333333333337,0.6241452991452991,0.38461538461538464,0.0,0.50735256927354,0.563825432743345,0.04367746226489544,0.1391896888879793,0.0,0.0,0.0,0.0,0.0,18473,global,0.0
2,3,lr5e-05_bs8_drop0p2_temp1p0_a0p25_b0p05__wd1e-04trmiss0_degmodglobal,8,5e-05,0.0001,0.2,1.0,0.25,0.05,lr5e-05_bs8_drop0p2_temp1p0_a0p25_b0p05__wd1e-04trmiss0_degmodglobal,35,0.5654075997216361,0.7913366854190826,0.41666666666666663,0.6500592000592001,0.38461538461538464,0.0,0.4830859090600695,0.5494540418897357,0.04056006270859923,0.11627066827246121,0.0,0.0,0.0,0.0,0.0,18473,global,0.0
2,3,lr5e-05_bs8_drop0p2_temp2p0_a0p25_b0p05__wd1e-04trmiss0_degmodglobal,8,5e-05,0.0001,0.2,2.0,0.25,0.05,lr5e-05_bs8_drop0p2_temp2p0_a0p25_b0p05__wd1e-04trmiss0_degmodglobal,1,0.7078919325556073,0.702836275100708,0.08333333333333333,0.5347553680887014,0.5384615384615384,0.0,0.7458019937787738,0.6733429517064776,0.07007169031671115,0.34062115635190693,0.0,0.0,0.0,0.0,0.0,18473,global,0.0
2,3,lr5e-05_bs8_drop0p2_temp2p0_a0p25_b0p05__wd1e-04trmiss0_degmodglobal,8,5e-05,0.0001,0.2,2.0,0.25,0.05,lr5e-05_bs8_drop0p2_temp2p0_a0p25_b0p05__wd1e-04trmiss0_degmodglobal,2,0.6556689654077802,0.7145479321479797,0.05555555555555555,0.5254961088294422,0.6153846153846154,0.0,0.7147499067442757,0.6173575605664935,0.07854434102773666,0.373506629041263,0.0,0.0,0.0,0.0,0.0,18473,global,0.0
2,3,lr5e-05_bs8_drop0p2_temp2p0_a0p25_b0p05__wd1e-04trmiss0_degmodglobal,8,5e-05,0.0001,0.2,2.0,0.25,0.05,lr5e-05_bs8_drop0p2_temp2p0_a0p25_b0p05__wd1e-04trmiss0_degmodglobal,3,0.6552927664348057,0.7267453670501709,0.1111111111111111,0.5426918760252093,0.6153846153846154,0.0,0.7435281021254403,0.620227745601109,0.07360769063234329,0.3332620220524924,0.0,0.0,0.0,0.0,0.0,18473,global,0.0
2,3,lr5e-05_bs8_drop0p2_temp2p0_a0p25_b0p05__wd1e-04trmiss0_degmodglobal,8,5e-05,0.0001,0.2,2.0,0.25,0.05,lr5e-05_bs8_drop0p2_temp2p0_a0p25_b0p05__wd1e-04trmiss0_degmodglobal,4,0.6289522307259696,0.745716780424118,0.08333333333333333,0.5347553680887014,0.5384615384615384,0.0,0.701367369719914,0.5920961584363665,0.08073321942772184,0.33345523689474377,0.0,0.0,0.0,0.0,0.0,18473,global,0.0
2,3,lr5e-05_bs8_drop0p2_temp2p0_a0p25_b0p05__wd1e-04trmiss0_degmodglobal,8,5e-05,0.0001,0.2,2.0,0.25,0.05,lr5e-05_bs8_drop0p2_temp2p0_a0p25_b0p05__wd1e-04trmiss0_degmodglobal,5,0.6178747756140572,0.7441698014736176,0.1111111111111111,0.5426918760252093,0.5384615384615384,0.0,0.6616523010390145,0.5851926037243435,0.073540810495615,0.2859394145863397,0.0,0.0,0.0,0.0,0.0,18473,global,0.0
2,3,lr5e-05_bs8_drop0p2_temp2p0_a0p25_b0p05__wd1e-04trmiss0_degmodglobal,8,5e-05,0.0001,0.2,2.0,0.25,0.05,lr5e-05_bs8_drop0p2_temp2p0_a0p25_b0p05__wd1e-04trmiss0_degmodglobal,6,0.6154857192720685,0.7392538487911224,0.1388888888888889,0.5506283839617172,0.5384615384615384,0.0,0.6646313752446856,0.577306696346828,0.0809764489531517,0.35869841490473064,0.0,0.0,0.0,0.0,0.0,18473,global,0.0
2,3,lr5e-05_bs8_drop0p2_temp2p0_a0p25_b0p05__wd1e-04trmiss0_degmodglobal,8,5e-05,0.0001,0.2,2.0,0.25,0.05,lr5e-05_bs8_drop0p2_temp2p0_a0p25_b0p05__wd1e-04trmiss0_degmodglobal,7,0.5895436831883022,0.7318513691425323,0.2222222222222222,0.5728225478225477,0.5384615384615384,0.0,0.6640787209783282,0.5571103181157794,0.07044846032346998,0.29642510839871,0.0,0.0,0.0,0.0,0.0,18473,global,0.0
2,3,lr5e-05_bs8_drop0p2_temp2p0_a0p25_b0p05__wd1e-04trmiss0_degmodglobal,8,5e-05,0.0001,0.2,2.0,0.25,0.05,lr5e-05_bs8_drop0p2_temp2p0_a0p25_b0p05__wd1e-04trmiss0_degmodglobal,8,0.5934386083057949,0.7252209782600403,0.25,0.5795565545565544,0.6153846153846154,0.0,0.6225302049091884,0.5608683143343244,0.07709241552012307,0.26594374435288565,0.0,0.0,0.0,0.0,0.0,18473,global,0.0
2,3,lr5e-05_bs8_drop0p2_temp2p0_a0p25_b0p05__wd1e-04trmiss0_degmodglobal,8,5e-05,0.0001,0.2,2.0,0.25,0.05,lr5e-05_bs8_drop0p2_temp2p0_a0p25_b0p05__wd1e-04trmiss0_degmodglobal,9,0.5852032814707074,0.7233043909072876,0.25,0.5795565545565544,0.6153846153846154,0.0,0.6378639468124935,0.5497499363762992,0.07833708024450711,0.31738135644367765,0.0,0.0,0.0,0.0,0.0,18473,global,0.0
2,3,lr5e-05_bs8_drop0p2_temp2p0_a0p25_b0p05__wd1e-04trmiss0_degmodglobal,8,5e-05,0.0001,0.2,2.0,0.25,0.05,lr5e-05_bs8_drop0p2_temp2p0_a0p25_b0p05__wd1e-04trmiss0_degmodglobal,10,0.5868478076798576,0.7374027371406555,0.25,0.5795565545565544,0.5384615384615384,0.0,0.5957443628992353,0.5566771285874503,0.06757123555455889,0.26555738278797697,0.0,0.0,0.0,0.0,0.0,18473,global,0.0
2,3,lr5e-05_bs8_drop0p2_temp2p0_a0p25_b0p05__wd1e-04trmiss0_degmodglobal,8,5e-05,0.0001,0.2,2.0,0.25,0.05,lr5e-05_bs8_drop0p2_temp2p0_a0p25_b0p05__wd1e-04trmiss0_degmodglobal,11,0.5811584677015033,0.7405953109264374,0.25,0.5795565545565544,0.5384615384615384,0.0,0.639298507145473,0.5461310573986599,0.08478064994726862,0.2766447237559727,0.0,0.0,0.0,0.0,0.0,18473,global,0.0
2,3,lr5e-05_bs8_drop0p2_temp2p0_a0p25_b0p05__wd1e-04trmiss0_degmodglobal,8,5e-05,0.0001,0.2,2.0,0.25,0.05,lr5e-05_bs8_drop0p2_temp2p0_a0p25_b0p05__wd1e-04trmiss0_degmodglobal,12,0.5838244216782706,0.7336240708827972,0.2777777777777778,0.5906676656676657,0.5384615384615384,0.0,0.5980204599244254,0.5495857000350952,0.07680486249072212,0.30075026409966604,0.0,0.0,0.0,0.0,0.0,18473,global,0.0
2,3,lr5e-05_bs8_drop0p2_temp2p0_a0p25_b0p05__wd1e-04trmiss0_degmodglobal,8,5e-05,0.0001,0.2,2.0,0.25,0.05,lr5e-05_bs8_drop0p2_temp2p0_a0p25_b0p05__wd1e-04trmiss0_degmodglobal,13,0.5814605951309204,0.7310391962528229,0.3055555555555555,0.6017787767787768,0.5384615384615384,0.0,0.5873684542519706,0.5468242466449738,0.08224128452794892,0.2815206263746534,0.0,0.0,0.0,0.0,0.0,18473,global,0.0
2,3,lr5e-05_bs8_drop0p2_temp2p0_a0p25_b0p05__wd1e-04trmiss0_degmodglobal,8,5e-05,0.0001,0.2,2.0,0.25,0.05,lr5e-05_bs8_drop0p2_temp2p0_a0p25_b0p05__wd1e-04trmiss0_degmodglobal,14,0.5659264326095581,0.7266256809234619,0.3055555555555555,0.6017787767787768,0.5384615384615384,0.0,0.5777565581457955,0.5311244896480015,0.0764185365821634,0.3139461704662868,0.0,0.0,0.0,0.0,0.0,18473,global,0.0
2,3,lr5e-05_bs8_drop0p2_temp2p0_a0p25_b0p05__wd1e-04trmiss0_degmodglobal,8,5e-05,0.0001,0.2,2.0,0.25,0.05,lr5e-05_bs8_drop0p2_temp2p0_a0p25_b0p05__wd1e-04trmiss0_degmodglobal,15,0.574667615549905,0.7546215951442719,0.2777777777777778,0.5906676656676657,0.46153846153846156,0.0,0.5974724548203605,0.5361195376941136,0.08904451610786575,0.3257389962673187,0.0,0.0,0.0,0.0,0.0,18473,global,0.0
2,3,lr5e-05_bs8_drop0p2_temp2p0_a0p25_b0p05__wd1e-04trmiss0_degmodglobal,8,5e-05,0.0001,0.2,2.0,0.25,0.05,lr5e-05_bs8_drop0p2_temp2p0_a0p25_b0p05__wd1e-04trmiss0_degmodglobal,16,0.5589992616857801,0.7480141222476959,0.2777777777777778,0.5906676656676657,0.46153846153846156,0.0,0.5555843710899353,0.525678983756474,0.08553167432546616,0.23874717312199728,0.0,0.0,0.0,0.0,0.0,18473,global,0.0
2,3,lr5e-05_bs8_drop0p2_temp2p0_a0p25_b0p05__wd1e-04trmiss0_degmodglobal,8,5e-05,0.0001,0.2,2.0,0.25,0.05,lr5e-05_bs8_drop0p2_temp2p0_a0p25_b0p05__wd1e-04trmiss0_degmodglobal,17,0.5548511828695025,0.74394091963768,0.2777777777777778,0.5906676656676657,0.5384615384615384,0.0,0.5684854941708701,0.5194139310291835,0.08757817638771874,0.2708539196423122,0.0,0.0,0.0,0.0,0.0,18473,global,0.0
2,3,lr5e-05_bs8_drop0p2_temp2p0_a0p25_b0p05__wd1e-04trmiss0_degmodglobal,8,5e-05,0.0001,0.2,2.0,0.25,0.05,lr5e-05_bs8_drop0p2_temp2p0_a0p25_b0p05__wd1e-04trmiss0_degmodglobal,18,0.5453099054949624,0.7354697585105896,0.3333333333333333,0.6123607873607873,0.5384615384615384,0.0,0.5739462801388332,0.5091024850096021,0.09012216169919286,0.2735374080283301,0.0,0.0,0.0,0.0,0.0,18473,global,0.0
2,3,lr5e-05_bs8_drop0p2_temp2p0_a0p25_b0p05__wd1e-04trmiss0_degmodglobal,8,5e-05,0.0001,0.2,2.0,0.25,0.05,lr5e-05_bs8_drop0p2_temp2p0_a0p25_b0p05__wd1e-04trmiss0_degmodglobal,19,0.5469218151909965,0.7439912855625153,0.3055555555555555,0.6017787767787768,0.46153846153846156,0.0,0.596875569650105,0.5138237178325653,0.08480431671653475,0.23794017945017135,0.0,0.0,0.0,0.0,0.0,18473,global,0.0
2,3,lr5e-05_bs8_drop0p2_temp2p0_a0p25_b0p05__wd1e-04trmiss0_degmodglobal,8,5e-05,0.0001,0.2,2.0,0.25,0.05,lr5e-05_bs8_drop0p2_temp2p0_a0p25_b0p05__wd1e-04trmiss0_degmodglobal,20,0.5735154322215489,0.7418588101863861,0.3055555555555555,0.6017787767787768,0.46153846153846156,0.0,0.6050188030515399,0.5322548874786922,0.09680062319551196,0.3412074404103415,0.0,0.0,0.0,0.0,0.0,18473,global,0.0
2,3,lr5e-05_bs8_drop0p2_temp2p0_a0p25_b0p05__wd1e-04trmiss0_degmodglobal,8,5e-05,0.0001,0.2,2.0,0.25,0.05,lr5e-05_bs8_drop0p2_temp2p0_a0p25_b0p05__wd1e-04trmiss0_degmodglobal,21,0.5491244282041278,0.7417997121810913,0.3055555555555555,0.6017787767787768,0.5384615384615384,0.0,0.5735249434198652,0.5100749560764858,0.09417301309960228,0.3101242333650589,0.0,0.0,0.0,0.0,0.0,18473,global,0.0
2,3,lr5e-05_bs8_drop0p2_temp2p0_a0p25_b0p05__wd1e-04trmiss0_degmodglobal,8,5e-05,0.0001,0.2,2.0,0.25,0.05,lr5e-05_bs8_drop0p2_temp2p0_a0p25_b0p05__wd1e-04trmiss0_degmodglobal,22,0.5360640415123531,0.7508642971515656,0.2777777777777778,0.5906676656676657,0.46153846153846156,0.0,0.5639995890004295,0.5009088899408068,0.0841846199972289,0.28217977604695726,0.0,0.0,0.0,0.0,0.0,18473,global,0.0
2,3,lr5e-05_bs8_drop0p2_temp2p0_a0p25_b0p05__wd1e-04trmiss0_degmodglobal,8,5e-05,0.0001,0.2,2.0,0.25,0.05,lr5e-05_bs8_drop0p2_temp2p0_a0p25_b0p05__wd1e-04trmiss0_degmodglobal,23,0.5581203103065491,0.7531492710113525,0.2777777777777778,0.5906676656676657,0.46153846153846156,0.0,0.5533665674073356,0.5230822563171387,0.09044906018035752,0.24851596781185695,0.0,0.0,0.0,0.0,0.0,18473,global,0.0
2,3,lr5e-05_bs8_drop0p2_temp2p0_a0p25_b0p05__wd1e-04trmiss0_degmodglobal,8,5e-05,0.0001,0.2,2.0,0.25,0.05,lr5e-05_bs8_drop0p2_temp2p0_a0p25_b0p05__wd1e-04trmiss0_degmodglobal,24,0.5594080005373273,0.7440047264099121,0.3055555555555555,0.6017787767787768,0.46153846153846156,0.0,0.5595603925841195,0.5211592146328518,0.09262476063200406,0.30185186650071827,0.0,0.0,0.0,0.0,0.0,18473,global,0.0
2,3,lr5e-05_bs8_drop0p2_temp2p0_a0p25_b0p05__wd1e-04trmiss0_degmodglobal,8,5e-05,0.0001,0.2,2.0,0.25,0.05,lr5e-05_bs8_drop0p2_temp2p0_a0p25_b0p05__wd1e-04trmiss0_degmodglobal,25,0.5503114887646267,0.7388435304164886,0.3333333333333333,0.6123607873607873,0.46153846153846156,0.0,0.582768759557179,0.5091866510254996,0.10330130266291755,0.30599052139690947,0.0,0.0,0.0,0.0,0.0,18473,global,0.0
2,3,lr5e-05_bs8_drop0p2_temp2p0_a0p25_b0p05__wd1e-04trmiss0_degmodglobal,8,5e-05,0.0001,0.2,2.0,0.25,0.05,lr5e-05_bs8_drop0p2_temp2p0_a0p25_b0p05__wd1e-04trmiss0_degmodglobal,26,0.5693304453577314,0.7427401840686798,0.3333333333333333,0.6123607873607873,0.38461538461538464,0.0,0.5993858916418893,0.525631879057203,0.09755901673010417,0.38617633283138275,0.0,0.0,0.0,0.0,0.0,18473,global,0.0
2,3,lr5e-05_bs8_drop0p2_temp2p0_a0p25_b0p05__wd1e-04trmiss0_degmodglobal,8,5e-05,0.0001,0.2,2.0,0.25,0.05,lr5e-05_bs8_drop0p2_temp2p0_a0p25_b0p05__wd1e-04trmiss0_degmodglobal,27,0.5337816008499691,0.7338754534721375,0.3333333333333333,0.6123607873607873,0.46153846153846156,0.0,0.5386317542621067,0.4961673191615513,0.09272799002272743,0.2886458081858499,0.0,0.0,0.0,0.0,0.0,18473,global,0.0
2,3,lr5e-05_bs8_drop0p2_temp2p0_a0p25_b0p05__wd1e-04trmiss0_degmodglobal,8,5e-05,0.0001,0.2,2.0,0.25,0.05,lr5e-05_bs8_drop0p2_temp2p0_a0p25_b0p05__wd1e-04trmiss0_degmodglobal,28,0.5392314153058189,0.7370176911354065,0.3055555555555555,0.6017787767787768,0.46153846153846156,0.0,0.547116390296391,0.49888243419783457,0.0933448810662542,0.3402551071984427,0.0,0.0,0.0,0.0,0.0,18473,global,0.0
2,3,lr5e-05_bs8_drop0p2_temp2p0_a0p25_b0p05__wd1e-04trmiss0_degmodglobal,8,5e-05,0.0001,0.2,2.0,0.25,0.05,lr5e-05_bs8_drop0p2_temp2p0_a0p25_b0p05__wd1e-04trmiss0_degmodglobal,29,0.5236373926912036,0.7353489995002747,0.3055555555555555,0.6017787767787768,0.46153846153846156,0.0,0.5536997318267822,0.4843036191804068,0.09206171387008258,0.3263669673885618,0.0,0.0,0.0,0.0,0.0,18473,global,0.0
2,3,lr5e-05_bs8_drop0p2_temp2p0_a0p25_b0p05__wd1e-04trmiss0_degmodglobal,8,5e-05,0.0001,0.2,2.0,0.25,0.05,lr5e-05_bs8_drop0p2_temp2p0_a0p25_b0p05__wd1e-04trmiss0_degmodglobal,30,0.5462849225316729,0.7326803803443909,0.3333333333333333,0.6123607873607873,0.5384615384615384,0.0,0.5447879093033927,0.5163696365697044,0.07098416717989105,0.2433852297919137,0.0,0.0,0.0,0.0,0.0,18473,global,0.0
2,3,lr5e-05_bs8_drop0p2_temp2p0_a0p25_b0p05__wd1e-04trmiss0_degmodglobal,8,5e-05,0.0001,0.2,2.0,0.25,0.05,lr5e-05_bs8_drop0p2_temp2p0_a0p25_b0p05__wd1e-04trmiss0_degmodglobal,31,0.5419529804161617,0.7410539090633392,0.3055555555555555,0.6017787767787768,0.46153846153846156,0.0,0.556000930922372,0.5083454889910561,0.08060701989701816,0.2691148264067514,0.0,0.0,0.0,0.0,0.0,18473,global,0.0
2,3,lr5e-05_bs8_drop0p2_temp2p0_a0p25_b0p05__wd1e-04trmiss0_degmodglobal,8,5e-05,0.0001,0.2,2.0,0.25,0.05,lr5e-05_bs8_drop0p2_temp2p0_a0p25_b0p05__wd1e-04trmiss0_degmodglobal,32,0.5686214991978237,0.7371174395084381,0.3055555555555555,0.6017787767787768,0.46153846153846156,0.0,0.5560027403490884,0.5274795549256461,0.10087408551148005,0.3184683748653957,0.0,0.0,0.0,0.0,0.0,18473,global,0.0
2,3,lr5e-05_bs8_drop0p2_temp2p0_a0p25_b0p05__wd1e-04trmiss0_degmodglobal,8,5e-05,0.0001,0.2,2.0,0.25,0.05,lr5e-05_bs8_drop0p2_temp2p0_a0p25_b0p05__wd1e-04trmiss0_degmodglobal,33,0.5144761076995304,0.7397596836090088,0.3055555555555555,0.6017787767787768,0.46153846153846156,0.0,0.5145556841577802,0.4770354628562927,0.09667727989809853,0.26542635687759947,0.0,0.0,0.0,0.0,0.0,18473,global,0.0
2,3,lr5e-05_bs8_drop0p2_temp2p0_a0p25_b0p05__wd1e-04trmiss0_degmodglobal,8,5e-05,0.0001,0.2,2.0,0.25,0.05,lr5e-05_bs8_drop0p2_temp2p0_a0p25_b0p05__wd1e-04trmiss0_degmodglobal,34,0.5462831769670758,0.7464126348495483,0.3055555555555555,0.6017787767787768,0.46153846153846156,0.0,0.5573168013777051,0.5036787518433162,0.10349360534123012,0.3346203310149057,0.0,0.0,0.0,0.0,0.0,18473,global,0.0
2,3,lr5e-05_bs8_drop0p2_temp2p0_a0p25_b0p05__wd1e-04trmiss0_degmodglobal,8,5e-05,0.0001,0.2,2.0,0.25,0.05,lr5e-05_bs8_drop0p2_temp2p0_a0p25_b0p05__wd1e-04trmiss0_degmodglobal,35,0.5449944138526917,0.7470695674419403,0.3055555555555555,0.6017787767787768,0.46153846153846156,0.0,0.5442383672509875,0.5009648288999285,0.1108223662844726,0.32647993522030966,0.0,0.0,0.0,0.0,0.0,18473,global,0.0
2,3,lr5e-05_bs8_drop0p2_temp2p0_a0p25_b0p05__wd1e-04trmiss0_degmodglobal,8,5e-05,0.0001,0.2,2.0,0.25,0.05,lr5e-05_bs8_drop0p2_temp2p0_a0p25_b0p05__wd1e-04trmiss0_degmodglobal,36,0.5603338990892682,0.7431581020355225,0.3055555555555555,0.6017787767787768,0.46153846153846156,0.0,0.5592791948999677,0.5174103464399066,0.09683843435985702,0.3742786539452417,0.0,0.0,0.0,0.0,0.0,18473,global,0.0
2,3,lr5e-05_bs8_drop0p2_temp2p0_a0p25_b0p05__wd1e-04trmiss0_degmodglobal,8,5e-05,0.0001,0.2,2.0,0.25,0.05,lr5e-05_bs8_drop0p2_temp2p0_a0p25_b0p05__wd1e-04trmiss0_degmodglobal,37,0.5371799085821424,0.7428567111492157,0.3055555555555555,0.6017787767787768,0.46153846153846156,0.0,0.5130160919257573,0.4967070392199925,0.10657295797552381,0.27659275914941517,0.0,0.0,0.0,0.0,0.0,18473,global,0.0
2,3,lr5e-05_bs8_drop0p2_temp2p0_a0p25_b0p05__wd1e-04trmiss0_degmodglobal,8,5e-05,0.0001,0.2,2.0,0.25,0.05,lr5e-05_bs8_drop0p2_temp2p0_a0p25_b0p05__wd1e-04trmiss0_degmodglobal,38,0.5505608405385699,0.7427396774291992,0.3055555555555555,0.6017787767787768,0.46153846153846156,0.0,0.5541794470378331,0.5153753161430359,0.08392465487122536,0.28408760471003397,0.0,0.0,0.0,0.0,0.0,18473,global,0.0
2,3,lr5e-05_bs8_drop0p2_temp2p0_a0p25_b0p05__wd1e-04trmiss0_degmodglobal,8,5e-05,0.0001,0.2,2.0,0.25,0.05,lr5e-05_bs8_drop0p2_temp2p0_a0p25_b0p05__wd1e-04trmiss0_degmodglobal,39,0.5458519203322274,0.7442051768302917,0.25,0.5795565545565544,0.46153846153846156,0.0,0.5227388739585876,0.5076725610664913,0.09828802730355944,0.2721468614680426,0.0,0.0,0.0,0.0,0.0,18473,global,0.0
2,3,lr5e-05_bs8_drop0p2_temp2p0_a0p25_b0p05__wd1e-04trmiss0_degmodglobal,8,5e-05,0.0001,0.2,2.0,0.25,0.05,lr5e-05_bs8_drop0p2_temp2p0_a0p25_b0p05__wd1e-04trmiss0_degmodglobal,40,0.532971692936761,0.7393002510070801,0.2777777777777778,0.5906676656676657,0.46153846153846156,0.0,0.5131312991891589,0.49979028957230703,0.08551840005176407,0.2360360473394394,0.0,0.0,0.0,0.0,0.0,18473,global,0.0
2,3,lr5e-05_bs8_drop0p2_temp2p0_a0p25_b0p05__wd1e-04trmiss0_degmodglobal,8,5e-05,0.0001,0.2,2.0,0.25,0.05,lr5e-05_bs8_drop0p2_temp2p0_a0p25_b0p05__wd1e-04trmiss0_degmodglobal,41,0.5321867976869855,0.7465814054012299,0.2777777777777778,0.5906676656676657,0.46153846153846156,0.0,0.5123711952141353,0.4942333017076765,0.08952910878828593,0.31142440864018034,0.0,0.0,0.0,0.0,0.0,18473,global,0.0
2,3,lr5e-05_bs8_drop0p2_temp2p0_a0p25_b0p05__wd1e-04trmiss0_degmodglobal,8,5e-05,0.0001,0.2,2.0,0.25,0.05,lr5e-05_bs8_drop0p2_temp2p0_a0p25_b0p05__wd1e-04trmiss0_degmodglobal,42,0.5432462351662772,0.7455034852027893,0.3055555555555555,0.6017787767787768,0.46153846153846156,0.0,0.5149312147072383,0.49741773520197186,0.10684825799294881,0.38232880405017305,0.0,0.0,0.0,0.0,0.0,18473,global,0.0
2,3,lr5e-05_bs8_drop0p2_temp2p0_a0p25_b0p05__wd1e-04trmiss0_degmodglobal,8,5e-05,0.0001,0.2,2.0,0.25,0.05,lr5e-05_bs8_drop0p2_temp2p0_a0p25_b0p05__wd1e-04trmiss0_degmodglobal,43,0.564138868025371,0.7490909695625305,0.3055555555555555,0.6017787767787768,0.46153846153846156,0.0,0.5368753756795611,0.5222614918436322,0.10735568031668663,0.3007694057055882,0.0,0.0,0.0,0.0,0.0,18473,global,0.0
2,3,lr5e-05_bs8_drop0p2_temp2p0_a0p25_b0p05__wd1e-04trmiss0_degmodglobal,8,5e-05,0.0001,0.2,2.0,0.25,0.05,lr5e-05_bs8_drop0p2_temp2p0_a0p25_b0p05__wd1e-04trmiss0_degmodglobal,44,0.5341125684125083,0.7458584010601044,0.3333333333333333,0.6123607873607873,0.46153846153846156,0.0,0.5060078884874072,0.4804900075708117,0.13060801476240158,0.419411301612854,0.0,0.0,0.0,0.0,0.0,18473,global,0.0
2,3,lr5e-05_bs8_drop0p2_temp2p0_a0p25_b0p05__wd1e-04trmiss0_degmodglobal,8,5e-05,0.0001,0.2,2.0,0.25,0.05,lr5e-05_bs8_drop0p2_temp2p0_a0p25_b0p05__wd1e-04trmiss0_degmodglobal,45,0.537197721855981,0.7474772334098816,0.3055555555555555,0.6017787767787768,0.46153846153846156,0.0,0.5064115524291992,0.49936601519584656,0.09792926481791905,0.26698797941207886,0.0,0.0,0.0,0.0,0.0,18473,global,0.0
2,3,lr5e-05_bs8_drop0p2_temp2p0_a0p25_b0p05__wd1e-04trmiss0_degmodglobal,8,5e-05,0.0001,0.2,2.0,0.25,0.05,lr5e-05_bs8_drop0p2_temp2p0_a0p25_b0p05__wd1e-04trmiss0_degmodglobal,46,0.5548660968031202,0.7460766136646271,0.3333333333333333,0.6123607873607873,0.46153846153846156,0.0,0.5334427441869464,0.516723096370697,0.09329390579036304,0.2963906515921865,0.0,0.0,0.0,0.0,0.0,18473,global,0.0
2,3,lr5e-05_bs8_drop0p2_temp2p0_a0p25_b0p05__wd1e-04trmiss0_degmodglobal,8,5e-05,0.0001,0.2,2.0,0.25,0.05,lr5e-05_bs8_drop0p2_temp2p0_a0p25_b0p05__wd1e-04trmiss0_degmodglobal,47,0.5394238914762225,0.7335660457611084,0.3333333333333333,0.6123607873607873,0.5384615384615384,0.0,0.5061444469860622,0.500210587467466,0.09601424315146037,0.3041949250868389,0.0,0.0,0.0,0.0,0.0,18473,global,0.0
2,3,lr5e-05_bs8_drop0p2_temp2p0_a0p25_b0p05__wd1e-04trmiss0_degmodglobal,8,5e-05,0.0001,0.2,2.0,0.25,0.05,lr5e-05_bs8_drop0p2_temp2p0_a0p25_b0p05__wd1e-04trmiss0_degmodglobal,48,0.5578548737934658,0.7351097464561462,0.3333333333333333,0.6123607873607873,0.5384615384615384,0.0,0.5235561387879508,0.5173128843307495,0.10345747747591563,0.29355217729296,0.0,0.0,0.0,0.0,0.0,18473,global,0.0
2,3,lr5e-05_bs8_drop0p2_temp2p0_a0p25_b0p05__wd1e-04trmiss0_degmodglobal,8,5e-05,0.0001,0.2,2.0,0.25,0.05,lr5e-05_bs8_drop0p2_temp2p0_a0p25_b0p05__wd1e-04trmiss0_degmodglobal,49,0.5530180590493339,0.7363679111003876,0.3333333333333333,0.6123607873607873,0.5384615384615384,0.0,0.5167919312204633,0.5073306943689074,0.11191602370568685,0.3541675571884428,0.0,0.0,0.0,0.0,0.0,18473,global,0.0
2,3,lr5e-05_bs8_drop0p2_temp2p0_a0p25_b0p05__wd1e-04trmiss0_degmodglobal,8,5e-05,0.0001,0.2,2.0,0.25,0.05,lr5e-05_bs8_drop0p2_temp2p0_a0p25_b0p05__wd1e-04trmiss0_degmodglobal,50,0.5388534196785518,0.7413029372692108,0.3333333333333333,0.6123607873607873,0.46153846153846156,0.0,0.5144147745200566,0.5048964619636536,0.08358291004385267,0.26122465303965975,0.0,0.0,0.0,0.0,0.0,18473,global,0.0
2,3,lr5e-05_bs8_drop0p4_temp1p0_a0p25_b0p05__wd1e-04trmiss0_degmodglobal,8,5e-05,0.0001,0.4,1.0,0.25,0.05,lr5e-05_bs8_drop0p4_temp1p0_a0p25_b0p05__wd1e-04trmiss0_degmodglobal,1,0.7596772738865444,0.7402794659137726,0.4444444444444445,0.6840659340659342,0.38461538461538464,0.0,0.7246513962745667,0.7392200316701617,0.051500244332211356,0.1516437605023384,0.0,0.0,0.0,0.0,0.0,18473,global,0.0
2,3,lr5e-05_bs8_drop0p4_temp1p0_a0p25_b0p05__wd1e-04trmiss0_degmodglobal,8,5e-05,0.0001,0.4,1.0,0.25,0.05,lr5e-05_bs8_drop0p4_temp1p0_a0p25_b0p05__wd1e-04trmiss0_degmodglobal,2,0.7445509689194816,0.7541695535182953,0.3611111111111111,0.6522597772597772,0.38461538461538464,0.0,0.6898447360311236,0.720023683139256,0.060464859540973394,0.18822152380432403,0.0,0.0,0.0,0.0,0.0,18473,global,0.0
2,3,lr5e-05_bs8_drop0p4_temp1p0_a0p25_b0p05__wd1e-04trmiss0_degmodglobal,8,5e-05,0.0001,0.4,1.0,0.25,0.05,lr5e-05_bs8_drop0p4_temp1p0_a0p25_b0p05__wd1e-04trmiss0_degmodglobal,3,0.7428721615246364,0.7569698095321655,0.3888888888888889,0.6593304843304844,0.38461538461538464,0.0,0.6686632377760751,0.7192122510501316,0.06019555564437594,0.17222025458301818,0.0,0.0,0.0,0.0,0.0,18473,global,0.0
2,3,lr5e-05_bs8_drop0p4_temp1p0_a0p25_b0p05__wd1e-04trmiss0_degmodglobal,8,5e-05,0.0001,0.4,1.0,0.25,0.05,lr5e-05_bs8_drop0p4_temp1p0_a0p25_b0p05__wd1e-04trmiss0_degmodglobal,4,0.7274290493556431,0.7627449035644531,0.2777777777777778,0.6096671846671847,0.23076923076923078,0.0,0.6706483875002179,0.7037856919424874,0.05824527623397963,0.1816408932209015,0.0,0.0,0.0,0.0,0.0,18473,global,0.0
2,3,lr5e-05_bs8_drop0p4_temp1p0_a0p25_b0p05__wd1e-04trmiss0_degmodglobal,8,5e-05,0.0001,0.4,1.0,0.25,0.05,lr5e-05_bs8_drop0p4_temp1p0_a0p25_b0p05__wd1e-04trmiss0_degmodglobal,5,0.6733270372663226,0.7705532610416412,0.3055555555555556,0.6281857031857032,0.38461538461538464,0.0,0.631087567125048,0.6556262459073748,0.044556258778486936,0.1312343031167984,0.0,0.0,0.0,0.0,0.0,18473,global,0.0
2,3,lr5e-05_bs8_drop0p4_temp1p0_a0p25_b0p05__wd1e-04trmiss0_degmodglobal,8,5e-05,0.0001,0.4,1.0,0.25,0.05,lr5e-05_bs8_drop0p4_temp1p0_a0p25_b0p05__wd1e-04trmiss0_degmodglobal,6,0.689442617552621,0.7802021503448486,0.3055555555555556,0.6281857031857032,0.38461538461538464,0.0,0.6529399156570435,0.6732773099626813,0.03863163452063288,0.13014778281961167,0.0,0.0,0.0,0.0,0.0,18473,global,0.0
2,3,lr5e-05_bs8_drop0p4_temp1p0_a0p25_b0p05__wd1e-04trmiss0_degmodglobal,8,5e-05,0.0001,0.4,1.0,0.25,0.05,lr5e-05_bs8_drop0p4_temp1p0_a0p25_b0p05__wd1e-04trmiss0_degmodglobal,7,0.6925755654062543,0.7723324000835419,0.3611111111111111,0.6547730047730048,0.38461538461538464,0.0,0.6367213300296238,0.6685227070535932,0.05983875904764448,0.18186313765389578,0.0,0.0,0.0,0.0,0.0,18473,global,0.0
2,3,lr5e-05_bs8_drop0p4_temp1p0_a0p25_b0p05__wd1e-04trmiss0_degmodglobal,8,5e-05,0.0001,0.4,1.0,0.25,0.05,lr5e-05_bs8_drop0p4_temp1p0_a0p25_b0p05__wd1e-04trmiss0_degmodglobal,8,0.6553330506597247,0.7739169597625732,0.3888888888888889,0.6593304843304844,0.3076923076923077,0.0,0.6037730234009879,0.6386769754546029,0.043214494096381326,0.11704890429973602,0.0,0.0,0.0,0.0,0.0,18473,global,0.0
2,3,lr5e-05_bs8_drop0p4_temp1p0_a0p25_b0p05__wd1e-04trmiss0_degmodglobal,8,5e-05,0.0001,0.4,1.0,0.25,0.05,lr5e-05_bs8_drop0p4_temp1p0_a0p25_b0p05__wd1e-04trmiss0_degmodglobal,9,0.643656245299748,0.7757056951522827,0.3888888888888889,0.6593304843304844,0.3076923076923077,0.0,0.621918933732169,0.6230167746543884,0.053709509915539196,0.14424179015415056,0.0,0.0,0.0,0.0,0.0,18473,global,0.0
2,3,lr5e-05_bs8_drop0p4_temp1p0_a0p25_b0p05__wd1e-04trmiss0_degmodglobal,8,5e-05,0.0001,0.4,1.0,0.25,0.05,lr5e-05_bs8_drop0p4_temp1p0_a0p25_b0p05__wd1e-04trmiss0_degmodglobal,10,0.6380706429481506,0.7872951030731201,0.38888888888888884,0.6554824804824805,0.3076923076923077,0.0,0.5933483498437064,0.6187161718096051,0.05128144659101963,0.13068228268197604,0.0,0.0,0.0,0.0,0.0,18473,global,0.0
2,3,lr5e-05_bs8_drop0p4_temp1p0_a0p25_b0p05__wd1e-04trmiss0_degmodglobal,8,5e-05,0.0001,0.4,1.0,0.25,0.05,lr5e-05_bs8_drop0p4_temp1p0_a0p25_b0p05__wd1e-04trmiss0_degmodglobal,11,0.6845516392162868,0.7948502898216248,0.3333333333333333,0.6277047027047027,0.3076923076923077,0.0,0.6312378559793744,0.6658410089356559,0.042689272335597446,0.16076631950480597,0.0,0.0,0.0,0.0,0.0,18473,global,0.0
2,3,lr5e-05_bs8_drop0p4_temp1p0_a0p25_b0p05__wd1e-04trmiss0_degmodglobal,8,5e-05,0.0001,0.4,1.0,0.25,0.05,lr5e-05_bs8_drop0p4_temp1p0_a0p25_b0p05__wd1e-04trmiss0_degmodglobal,12,0.6436452865600586,0.7982347905635834,0.2777777777777778,0.598075073075073,0.3076923076923077,0.0,0.5711958834103176,0.61827324117933,0.06261251281414713,0.194378029022898,0.0,0.0,0.0,0.0,0.0,18473,global,0.0
2,3,lr5e-05_bs8_drop0p4_temp1p0_a0p25_b0p05__wd1e-04trmiss0_degmodglobal,8,5e-05,0.0001,0.4,1.0,0.25,0.05,lr5e-05_bs8_drop0p4_temp1p0_a0p25_b0p05__wd1e-04trmiss0_degmodglobal,13,0.6438705325126648,0.797060638666153,0.2777777777777778,0.598075073075073,0.3076923076923077,0.0,0.5775698593684605,0.6269162041800362,0.043285974700536044,0.122656947267907,0.0,0.0,0.0,0.0,0.0,18473,global,0.0
2,3,lr5e-05_bs8_drop0p4_temp1p0_a0p25_b0p05__wd1e-04trmiss0_degmodglobal,8,5e-05,0.0001,0.4,1.0,0.25,0.05,lr5e-05_bs8_drop0p4_temp1p0_a0p25_b0p05__wd1e-04trmiss0_degmodglobal,14,0.6754363775253296,0.799749493598938,0.2777777777777778,0.598075073075073,0.3076923076923077,0.0,0.5804347991943359,0.6554504207202366,0.04760723082082612,0.16168284948383058,0.0,0.0,0.0,0.0,0.0,18473,global,0.0
2,3,lr5e-05_bs8_drop0p4_temp1p0_a0p25_b0p05__wd1e-04trmiss0_degmodglobal,8,5e-05,0.0001,0.4,1.0,0.25,0.05,lr5e-05_bs8_drop0p4_temp1p0_a0p25_b0p05__wd1e-04trmiss0_degmodglobal,15,0.6994843823569161,0.7942730188369751,0.2777777777777778,0.598075073075073,0.3076923076923077,0.0,0.592598055090223,0.6782806600843158,0.04858464375138283,0.18115114846399852,0.0,0.0,0.0,0.0,0.0,18473,global,0.0
2,3,lr5e-05_bs8_drop0p4_temp1p0_a0p25_b0p05__wd1e-04trmiss0_degmodglobal,8,5e-05,0.0001,0.4,1.0,0.25,0.05,lr5e-05_bs8_drop0p4_temp1p0_a0p25_b0p05__wd1e-04trmiss0_degmodglobal,16,0.6568536673273359,0.801285982131958,0.2777777777777778,0.598075073075073,0.3076923076923077,0.0,0.5995527250426156,0.6398311342511859,0.044004028396947045,0.12043070952807154,0.0,0.0,0.0,0.0,0.0,18473,global,0.0
2,3,lr5e-05_bs8_drop0p4_temp1p0_a0p25_b0p05__wd1e-04trmiss0_degmodglobal,8,5e-05,0.0001,0.4,1.0,0.25,0.05,lr5e-05_bs8_drop0p4_temp1p0_a0p25_b0p05__wd1e-04trmiss0_degmodglobal,17,0.6395179373877389,0.7971678972244263,0.2777777777777778,0.598075073075073,0.3076923076923077,0.0,0.5646107622555324,0.6186066610472543,0.04857053980231285,0.17537250901971543,0.0,0.0,0.0,0.0,0.0,18473,global,0.0
2,3,lr5e-05_bs8_drop0p4_temp1p0_a0p25_b0p05__wd1e-04trmiss0_degmodglobal,8,5e-05,0.0001,0.4,1.0,0.25,0.05,lr5e-05_bs8_drop0p4_temp1p0_a0p25_b0p05__wd1e-04trmiss0_degmodglobal,18,0.6015442950384957,0.7950538098812103,0.3055555555555556,0.6044853294853295,0.3076923076923077,0.0,0.5404593007905143,0.5842480659484863,0.03996876174850123,0.14608038615967547,0.0,0.0,0.0,0.0,0.0,18473,global,0.0
2,3,lr5e-05_bs8_drop0p4_temp1p0_a0p25_b0p05__wd1e-04trmiss0_degmodglobal,8,5e-05,0.0001,0.4,1.0,0.25,0.05,lr5e-05_bs8_drop0p4_temp1p0_a0p25_b0p05__wd1e-04trmiss0_degmodglobal,19,0.6388568963323321,0.8006075620651245,0.3333333333333333,0.6155964405964407,0.3076923076923077,0.0,0.5597417865480695,0.6180585026741028,0.05048203894070217,0.16355752998164722,0.0,0.0,0.0,0.0,0.0,18473,global,0.0
2,3,lr5e-05_bs8_drop0p4_temp1p0_a0p25_b0p05__wd1e-04trmiss0_degmodglobal,8,5e-05,0.0001,0.4,1.0,0.25,0.05,lr5e-05_bs8_drop0p4_temp1p0_a0p25_b0p05__wd1e-04trmiss0_degmodglobal,20,0.6370741895266941,0.7980028688907623,0.3055555555555556,0.6044853294853295,0.3076923076923077,0.0,0.5648110466344016,0.6134875331606183,0.0609844872461898,0.16681072541645595,0.0,0.0,0.0,0.0,0.0,18473,global,0.0
2,3,lr5e-05_bs8_drop0p4_temp1p0_a0p25_b0p05__wd1e-04trmiss0_degmodglobal,8,5e-05,0.0001,0.4,1.0,0.25,0.05,lr5e-05_bs8_drop0p4_temp1p0_a0p25_b0p05__wd1e-04trmiss0_degmodglobal,21,0.6453297563961574,0.7966243326663971,0.3055555555555556,0.6044853294853295,0.3076923076923077,0.0,0.5089333994047982,0.611647733620235,0.07973088856254305,0.27498613723686766,0.0,0.0,0.0,0.0,0.0,18473,global,0.0
2,3,lr5e-05_bs8_drop0p4_temp1p0_a0p25_b0p05__wd1e-04trmiss0_degmodglobal,8,5e-05,0.0001,0.4,1.0,0.25,0.05,lr5e-05_bs8_drop0p4_temp1p0_a0p25_b0p05__wd1e-04trmiss0_degmodglobal,22,0.6849817207881382,0.8016109466552734,0.3055555555555556,0.6091861841861842,0.3076923076923077,0.0,0.5963214891297477,0.6621274862970624,0.05840836704841682,0.1650428899696895,0.0,0.0,0.0,0.0,0.0,18473,global,0.0
2,3,lr5e-05_bs8_drop0p4_temp1p0_a0p25_b0p05__wd1e-04trmiss0_degmodglobal,8,5e-05,0.0001,0.4,1.0,0.25,0.05,lr5e-05_bs8_drop0p4_temp1p0_a0p25_b0p05__wd1e-04trmiss0_degmodglobal,23,0.6329605579376221,0.8010587394237518,0.3055555555555556,0.6091861841861842,0.3076923076923077,0.0,0.5403591564723423,0.6078212261199951,0.06172918847629002,0.19414064501013076,0.0,0.0,0.0,0.0,0.0,18473,global,0.0
2,3,lr5e-05_bs8_drop0p4_temp1p0_a0p25_b0p05__wd1e-04trmiss0_degmodglobal,8,5e-05,0.0001,0.4,1.0,0.25,0.05,lr5e-05_bs8_drop0p4_temp1p0_a0p25_b0p05__wd1e-04trmiss0_degmodglobal,24,0.6395777038165501,0.8055561184883118,0.3055555555555556,0.6091861841861842,0.3076923076923077,0.0,0.5289240309170314,0.6105812234537942,0.06866438713456903,0.23660785172666823,0.0,0.0,0.0,0.0,0.0,18473,global,0.0
2,3,lr5e-05_bs8_drop0p4_temp1p0_a0p25_b0p05__wd1e-04trmiss0_degmodglobal,8,5e-05,0.0001,0.4,1.0,0.25,0.05,lr5e-05_bs8_drop0p4_temp1p0_a0p25_b0p05__wd1e-04trmiss0_degmodglobal,25,0.6417179363114494,0.8079802989959717,0.3055555555555556,0.6044853294853295,0.3076923076923077,0.0,0.5327041958059583,0.616064999784742,0.05902235263160297,0.2179469923887934,0.0,0.0,0.0,0.0,0.0,18473,global,0.0
2,3,lr5e-05_bs8_drop0p4_temp1p0_a0p25_b0p05__wd1e-04trmiss0_degmodglobal,8,5e-05,0.0001,0.4,1.0,0.25,0.05,lr5e-05_bs8_drop0p4_temp1p0_a0p25_b0p05__wd1e-04trmiss0_degmodglobal,26,0.621574980872018,0.8052822053432465,0.3333333333333333,0.6155964405964407,0.3076923076923077,0.0,0.5286794688020434,0.5962649072919574,0.06393857566373688,0.18650861935956137,0.0,0.0,0.0,0.0,0.0,18473,global,0.0
2,3,lr5e-05_bs8_drop0p4_temp1p0_a0p25_b0p05__wd1e-04trmiss0_degmodglobal,8,5e-05,0.0001,0.4,1.0,0.25,0.05,lr5e-05_bs8_drop0p4_temp1p0_a0p25_b0p05__wd1e-04trmiss0_degmodglobal,27,0.5906918091433389,0.8018170297145844,0.3333333333333333,0.6155964405964407,0.3076923076923077,0.0,0.5255605110100338,0.5700341165065765,0.04937306818153177,0.16628880905253546,0.0,0.0,0.0,0.0,0.0,18473,global,0.0
2,3,lr5e-05_bs8_drop0p4_temp1p0_a0p25_b0p05__wd1e-04trmiss0_degmodglobal,8,5e-05,0.0001,0.4,1.0,0.25,0.05,lr5e-05_bs8_drop0p4_temp1p0_a0p25_b0p05__wd1e-04trmiss0_degmodglobal,28,0.6335796628679548,0.8000054955482483,0.3055555555555556,0.6044853294853295,0.3076923076923077,0.0,0.532337350504739,0.6066633548055377,0.06515292291130338,0.212561411517007,0.0,0.0,0.0,0.0,0.0,18473,global,0.0
2,3,lr5e-05_bs8_drop0p4_temp2p0_a0p25_b0p05__wd1e-04trmiss0_degmodglobal,8,5e-05,0.0001,0.4,2.0,0.25,0.05,lr5e-05_bs8_drop0p4_temp2p0_a0p25_b0p05__wd1e-04trmiss0_degmodglobal,1,0.7353887643132891,0.703927218914032,0.6666666666666666,0.8328362995029663,0.46153846153846156,0.0,0.6712934970855713,0.7139247485569545,0.053985701341714175,0.15935192895787104,0.0,0.0,0.0,0.0,0.0,18473,global,0.0
2,3,lr5e-05_bs8_drop0p4_temp2p0_a0p25_b0p05__wd1e-04trmiss0_degmodglobal,8,5e-05,0.0001,0.4,2.0,0.25,0.05,lr5e-05_bs8_drop0p4_temp2p0_a0p25_b0p05__wd1e-04trmiss0_degmodglobal,2,0.6819409302302769,0.7107436954975128,0.5833333333333334,0.8058793058793059,0.38461538461538464,0.0,0.6794830134936741,0.6576581597328186,0.06289906693356377,0.17116000716175353,0.0,0.0,0.0,0.0,0.0,18473,global,0.0
2,3,lr5e-05_bs8_drop0p4_temp2p0_a0p25_b0p05__wd1e-04trmiss0_degmodglobal,8,5e-05,0.0001,0.4,2.0,0.25,0.05,lr5e-05_bs8_drop0p4_temp2p0_a0p25_b0p05__wd1e-04trmiss0_degmodglobal,3,0.6723697526114327,0.7204040288925171,0.5833333333333334,0.8012937679604346,0.38461538461538464,0.0,0.6389356766428266,0.6515467252050128,0.057332593947649,0.12979761138558388,0.0,0.0,0.0,0.0,0.0,18473,global,0.0
2,3,lr5e-05_bs8_drop0p4_temp2p0_a0p25_b0p05__wd1e-04trmiss0_degmodglobal,8,5e-05,0.0001,0.4,2.0,0.25,0.05,lr5e-05_bs8_drop0p4_temp2p0_a0p25_b0p05__wd1e-04trmiss0_degmodglobal,4,0.6751936163221087,0.728885293006897,0.5833333333333333,0.8142567309233977,0.46153846153846156,0.0,0.6841650690351214,0.6478716390473502,0.07164451639567103,0.18821715350661958,0.0,0.0,0.0,0.0,0.0,18473,global,0.0
2,3,lr5e-05_bs8_drop0p4_temp2p0_a0p25_b0p05__wd1e-04trmiss0_degmodglobal,8,5e-05,0.0001,0.4,2.0,0.25,0.05,lr5e-05_bs8_drop0p4_temp2p0_a0p25_b0p05__wd1e-04trmiss0_degmodglobal,5,0.6645555325916835,0.7418886125087738,0.5833333333333333,0.8142567309233977,0.38461538461538464,0.0,0.6383407882281712,0.6339796696390424,0.07775570292557989,0.22273849004081317,0.0,0.0,0.0,0.0,0.0,18473,global,0.0
2,3,lr5e-05_bs8_drop0p4_temp2p0_a0p25_b0p05__wd1e-04trmiss0_degmodglobal,8,5e-05,0.0001,0.4,2.0,0.25,0.05,lr5e-05_bs8_drop0p4_temp2p0_a0p25_b0p05__wd1e-04trmiss0_degmodglobal,6,0.6758009280477252,0.7502652406692505,0.5833333333333333,0.8142567309233977,0.38461538461538464,0.0,0.6155932545661926,0.6499167084693909,0.062222356242792945,0.20657282109771455,0.0,0.0,0.0,0.0,0.0,18473,global,0.0
2,3,lr5e-05_bs8_drop0p4_temp2p0_a0p25_b0p05__wd1e-04trmiss0_degmodglobal,8,5e-05,0.0001,0.4,2.0,0.25,0.05,lr5e-05_bs8_drop0p4_temp2p0_a0p25_b0p05__wd1e-04trmiss0_degmodglobal,7,0.6452044418879918,0.7595423758029938,0.5555555555555556,0.807522724189391,0.38461538461538464,0.0,0.6054180690220424,0.6256126931735447,0.049709271107401164,0.14328871028763907,0.0,0.0,0.0,0.0,0.0,18473,global,0.0
2,3,lr5e-05_bs8_drop0p4_temp2p0_a0p25_b0p05__wd1e-04trmiss0_degmodglobal,8,5e-05,0.0001,0.4,2.0,0.25,0.05,lr5e-05_bs8_drop0p4_temp2p0_a0p25_b0p05__wd1e-04trmiss0_degmodglobal,8,0.6679270778383527,0.7633919715881348,0.5277777777777778,0.7797449464116131,0.38461538461538464,0.0,0.6256317751748222,0.6438303589820862,0.055988362325089316,0.20199254793780191,0.0,0.0,0.0,0.0,0.0,18473,global,0.0
2,3,lr5e-05_bs8_drop0p4_temp2p0_a0p25_b0p05__wd1e-04trmiss0_degmodglobal,8,5e-05,0.0001,0.4,2.0,0.25,0.05,lr5e-05_bs8_drop0p4_temp2p0_a0p25_b0p05__wd1e-04trmiss0_degmodglobal,9,0.6516026088169643,0.7750042378902435,0.4722222222222222,0.7260412427079095,0.3076923076923077,0.0,0.6047483512333461,0.629171507699149,0.05419406880225454,0.17765131486313684,0.0,0.0,0.0,0.0,0.0,18473,global,0.0
2,3,lr5e-05_bs8_drop0p4_temp2p0_a0p25_b0p05__wd1e-04trmiss0_degmodglobal,8,5e-05,0.0001,0.4,2.0,0.25,0.05,lr5e-05_bs8_drop0p4_temp2p0_a0p25_b0p05__wd1e-04trmiss0_degmodglobal,10,0.6754768490791321,0.7644259929656982,0.4722222222222222,0.7260412427079095,0.3076923076923077,0.0,0.5867354273796082,0.6386780313083104,0.08504590498549598,0.31074640793459757,0.0,0.0,0.0,0.0,0.0,18473,global,0.0
2,3,lr5e-05_bs8_drop0p4_temp2p0_a0p25_b0p05__wd1e-04trmiss0_degmodglobal,8,5e-05,0.0001,0.4,2.0,0.25,0.05,lr5e-05_bs8_drop0p4_temp2p0_a0p25_b0p05__wd1e-04trmiss0_degmodglobal,11,0.6381775311061314,0.7702286541461945,0.41666666666666663,0.6618437118437119,0.38461538461538464,0.0,0.5938362053462437,0.6104311176708767,0.0690571160188743,0.20964292543275015,0.0,0.0,0.0,0.0,0.0,18473,global,0.0
2,3,lr5e-05_bs8_drop0p4_temp2p0_a0p25_b0p05__wd1e-04trmiss0_degmodglobal,8,5e-05,0.0001,0.4,2.0,0.25,0.05,lr5e-05_bs8_drop0p4_temp2p0_a0p25_b0p05__wd1e-04trmiss0_degmodglobal,12,0.6255741034235273,0.7633364498615265,0.41666666666666663,0.6714396714396715,0.46153846153846156,0.0,0.5754804185458592,0.6022533859525409,0.05853954303477492,0.17371670635683195,0.0,0.0,0.0,0.0,0.0,18473,global,0.0
2,3,lr5e-05_bs8_drop0p4_temp2p0_a0p25_b0p05__wd1e-04trmiss0_degmodglobal,8,5e-05,0.0001,0.4,2.0,0.25,0.05,lr5e-05_bs8_drop0p4_temp2p0_a0p25_b0p05__wd1e-04trmiss0_degmodglobal,13,0.620454089982169,0.7775260806083679,0.4444444444444444,0.6785103785103785,0.38461538461538464,0.0,0.5731054374149868,0.5946063825062343,0.06659179074423653,0.1839954943529197,0.0,0.0,0.0,0.0,0.0,18473,global,0.0
2,3,lr5e-05_bs8_drop0p4_temp2p0_a0p25_b0p05__wd1e-04trmiss0_degmodglobal,8,5e-05,0.0001,0.4,2.0,0.25,0.05,lr5e-05_bs8_drop0p4_temp2p0_a0p25_b0p05__wd1e-04trmiss0_degmodglobal,14,0.6531198620796204,0.7920387387275696,0.3611111111111111,0.6522597772597772,0.38461538461538464,0.0,0.5909730025700161,0.6269286019461495,0.0642785131931305,0.20243253239563533,0.0,0.0,0.0,0.0,0.0,18473,global,0.0
2,3,lr5e-05_bs8_drop0p4_temp2p0_a0p25_b0p05__wd1e-04trmiss0_degmodglobal,8,5e-05,0.0001,0.4,2.0,0.25,0.05,lr5e-05_bs8_drop0p4_temp2p0_a0p25_b0p05__wd1e-04trmiss0_degmodglobal,15,0.6047377330916268,0.8041321039199829,0.38888888888888884,0.6670745920745921,0.38461538461538464,0.0,0.5731872958796365,0.5770018952233451,0.07297947204538754,0.18981929762022837,0.0,0.0,0.0,0.0,0.0,18473,global,0.0
2,3,lr5e-05_bs8_drop0p4_temp2p0_a0p25_b0p05__wd1e-04trmiss0_degmodglobal,8,5e-05,0.0001,0.4,2.0,0.25,0.05,lr5e-05_bs8_drop0p4_temp2p0_a0p25_b0p05__wd1e-04trmiss0_degmodglobal,16,0.6116912705557687,0.804930567741394,0.3055555555555556,0.6250111000111,0.38461538461538464,0.0,0.5848893352917263,0.5931423732212612,0.04374787051762853,0.15223863508020127,0.0,0.0,0.0,0.0,0.0,18473,global,0.0
2,3,lr5e-05_bs8_drop0p4_temp2p0_a0p25_b0p05__wd1e-04trmiss0_degmodglobal,8,5e-05,0.0001,0.4,2.0,0.25,0.05,lr5e-05_bs8_drop0p4_temp2p0_a0p25_b0p05__wd1e-04trmiss0_degmodglobal,17,0.6100481833730426,0.8082296550273895,0.2777777777777778,0.613899988899989,0.38461538461538464,0.0,0.5670419079916817,0.5818891099521092,0.07264309589351926,0.1999659932085446,0.0,0.0,0.0,0.0,0.0,18473,global,0.0
2,3,lr5e-05_bs8_drop0p4_temp2p0_a0p25_b0p05__wd1e-04trmiss0_degmodglobal,8,5e-05,0.0001,0.4,2.0,0.25,0.05,lr5e-05_bs8_drop0p4_temp2p0_a0p25_b0p05__wd1e-04trmiss0_degmodglobal,18,0.6065250209399632,0.8196846544742584,0.3055555555555556,0.6250111000111,0.38461538461538464,0.0,0.5901568872588021,0.5804290218012673,0.06910304592124053,0.17640475503035954,0.0,0.0,0.0,0.0,0.0,18473,global,0.0
2,3,lr5e-05_bs8_drop0p4_temp2p0_a0p25_b0p05__wd1e-04trmiss0_degmodglobal,8,5e-05,0.0001,0.4,2.0,0.25,0.05,lr5e-05_bs8_drop0p4_temp2p0_a0p25_b0p05__wd1e-04trmiss0_degmodglobal,19,0.5933889661516462,0.8159846663475037,0.36111111111111116,0.6426638176638176,0.38461538461538464,0.0,0.5526691547461918,0.5712662083762032,0.05708667476262365,0.15702145546674728,0.0,0.0,0.0,0.0,0.0,18473,global,0.0
2,3,lr5e-05_bs8_drop0p4_temp2p0_a0p25_b0p05__wd1e-04trmiss0_degmodglobal,8,5e-05,0.0001,0.4,2.0,0.25,0.05,lr5e-05_bs8_drop0p4_temp2p0_a0p25_b0p05__wd1e-04trmiss0_degmodglobal,20,0.6152980497905186,0.8072667121887207,0.36111111111111116,0.6426638176638176,0.38461538461538464,0.0,0.5463497681277139,0.57982651250703,0.09020814725330897,0.25839023504938397,0.0,0.0,0.0,0.0,0.0,18473,global,0.0
2,3,lr5e-05_bs8_drop0p4_temp2p0_a0p25_b0p05__wd1e-04trmiss0_degmodglobal,8,5e-05,0.0001,0.4,2.0,0.25,0.05,lr5e-05_bs8_drop0p4_temp2p0_a0p25_b0p05__wd1e-04trmiss0_degmodglobal,21,0.6306463309696743,0.8078252971172333,0.36111111111111116,0.6426638176638176,0.38461538461538464,0.0,0.5947867972510201,0.6030594876834324,0.07337307238153049,0.18487164271729334,0.0,0.0,0.0,0.0,0.0,18473,global,0.0
2,3,lr5e-05_bs8_drop0p4_temp2p0_a0p25_b0p05__wd1e-04trmiss0_degmodglobal,8,5e-05,0.0001,0.4,2.0,0.25,0.05,lr5e-05_bs8_drop0p4_temp2p0_a0p25_b0p05__wd1e-04trmiss0_degmodglobal,22,0.5947137517588479,0.7962535917758942,0.36111111111111116,0.6426638176638176,0.38461538461538464,0.0,0.5468424473490033,0.560092385326113,0.09184214047023229,0.23321656031267984,0.0,0.0,0.0,0.0,0.0,18473,global,0.0
2,3,lr5e-05_bs8_drop0p4_temp2p0_a0p25_b0p05__wd1e-04trmiss0_degmodglobal,8,5e-05,0.0001,0.4,2.0,0.25,0.05,lr5e-05_bs8_drop0p4_temp2p0_a0p25_b0p05__wd1e-04trmiss0_degmodglobal,23,0.6171409232275826,0.8026232719421387,0.36111111111111116,0.6426638176638176,0.38461538461538464,0.0,0.555922555071967,0.586546276296888,0.08261275717190333,0.19882903727037565,0.0,0.0,0.0,0.0,0.0,18473,global,0.0
2,3,lr5e-05_bs8_drop0p4_temp2p0_a0p25_b0p05__wd1e-04trmiss0_degmodglobal,8,5e-05,0.0001,0.4,2.0,0.25,0.05,lr5e-05_bs8_drop0p4_temp2p0_a0p25_b0p05__wd1e-04trmiss0_degmodglobal,24,0.6048866425241742,0.8104592263698578,0.33333333333333337,0.6320818070818071,0.38461538461538464,0.0,0.5624162001269204,0.5755395208086286,0.08319298976234027,0.17097765366945947,0.0,0.0,0.0,0.0,0.0,18473,global,0.0
2,3,lr5e-05_bs8_drop0p4_temp2p0_a0p25_b0p05__wd1e-04trmiss0_degmodglobal,8,5e-05,0.0001,0.4,2.0,0.25,0.05,lr5e-05_bs8_drop0p4_temp2p0_a0p25_b0p05__wd1e-04trmiss0_degmodglobal,25,0.6133525712149483,0.8102052807807922,0.3055555555555556,0.620970695970696,0.38461538461538464,0.0,0.5466017935957227,0.5669425215039935,0.12197671830654144,0.3183174090726035,0.0,0.0,0.0,0.0,0.0,18473,global,0.0
2,3,lr1e-05_bs8_drop0p2_temp1p0_a0p25_b0p05__wd1e-04trmiss0_degmodglobal,8,1e-05,0.0001,0.2,1.0,0.25,0.05,lr1e-05_bs8_drop0p2_temp1p0_a0p25_b0p05__wd1e-04trmiss0_degmodglobal,1,0.6968059199196952,0.7019470930099487,0.5,0.7822631072631072,0.3076923076923077,0.0,0.7021364569664001,0.6777636068207877,0.044124161558491845,0.16022549782480514,0.0,0.0,0.0,0.0,0.0,18473,global,0.0
2,3,lr1e-05_bs8_drop0p2_temp1p0_a0p25_b0p05__wd1e-04trmiss0_degmodglobal,8,1e-05,0.0001,0.2,1.0,0.25,0.05,lr1e-05_bs8_drop0p2_temp1p0_a0p25_b0p05__wd1e-04trmiss0_degmodglobal,2,0.6820816312517438,0.7043760418891907,0.4722222222222222,0.7544853294853295,0.3076923076923077,0.0,0.7178617460387093,0.6658502987452916,0.038956808990665844,0.12984270602464676,0.0,0.0,0.0,0.0,0.0,18473,global,0.0
2,3,lr1e-05_bs8_drop0p2_temp1p0_a0p25_b0p05__wd1e-04trmiss0_degmodglobal,8,1e-05,0.0001,0.2,1.0,0.25,0.05,lr1e-05_bs8_drop0p2_temp1p0_a0p25_b0p05__wd1e-04trmiss0_degmodglobal,3,0.6791079044342041,0.7061748504638672,0.5,0.7822631072631072,0.3076923076923077,0.0,0.712377497128078,0.6647297484534127,0.037014110812119076,0.10249284016234535,0.0,0.0,0.0,0.0,0.0,18473,global,0.0
2,3,lr1e-05_bs8_drop0p2_temp1p0_a0p25_b0p05__wd1e-04trmiss0_degmodglobal,8,1e-05,0.0001,0.2,1.0,0.25,0.05,lr1e-05_bs8_drop0p2_temp1p0_a0p25_b0p05__wd1e-04trmiss0_degmodglobal,4,0.688662086214338,0.7122929990291595,0.4444444444444444,0.7174482924482923,0.3076923076923077,0.0,0.6791271226746696,0.6763213787760053,0.030248147568532398,0.09557363124830383,0.0,0.0,0.0,0.0,0.0,18473,global,0.0
2,3,lr1e-05_bs8_drop0p2_temp1p0_a0p25_b0p05__wd1e-04trmiss0_degmodglobal,8,1e-05,0.0001,0.2,1.0,0.25,0.05,lr1e-05_bs8_drop0p2_temp1p0_a0p25_b0p05__wd1e-04trmiss0_degmodglobal,5,0.6698370065007891,0.7186335623264313,0.41666666666666663,0.7007816257816257,0.3076923076923077,0.0,0.669930066381182,0.6569341335977826,0.03135124035179615,0.10130129435232707,0.0,0.0,0.0,0.0,0.0,18473,global,0.0
2,3,lr1e-05_bs8_drop0p2_temp1p0_a0p25_b0p05__wd1e-04trmiss0_degmodglobal,8,1e-05,0.0001,0.2,1.0,0.25,0.05,lr1e-05_bs8_drop0p2_temp1p0_a0p25_b0p05__wd1e-04trmiss0_degmodglobal,6,0.6740129504884992,0.7244360446929932,0.3888888888888889,0.6822631072631073,0.3076923076923077,0.0,0.6836505787713187,0.6594106044088092,0.035038738910640986,0.11685331378664289,0.0,0.0,0.0,0.0,0.0,18473,global,0.0
2,3,lr1e-05_bs8_drop0p2_temp1p0_a0p25_b0p05__wd1e-04trmiss0_degmodglobal,8,1e-05,0.0001,0.2,1.0,0.25,0.05,lr1e-05_bs8_drop0p2_temp1p0_a0p25_b0p05__wd1e-04trmiss0_degmodglobal,7,0.6577498401914325,0.7256874740123749,0.3888888888888889,0.6822631072631073,0.3076923076923077,0.0,0.6589450325284686,0.6442513976778302,0.03283496680004256,0.10579371718423707,0.0,0.0,0.0,0.0,0.0,18473,global,0.0
2,3,lr1e-05_bs8_drop0p2_temp1p0_a0p25_b0p05__wd1e-04trmiss0_degmodglobal,8,1e-05,0.0001,0.2,1.0,0.25,0.05,lr1e-05_bs8_drop0p2_temp1p0_a0p25_b0p05__wd1e-04trmiss0_degmodglobal,8,0.6625687224524361,0.7338787019252777,0.3333333333333333,0.660040885040885,0.3076923076923077,0.0,0.6582456912313189,0.6494006429399762,0.030401813531560556,0.11135242613298553,0.0,0.0,0.0,0.0,0.0,18473,global,0.0
2,3,lr1e-05_bs8_drop0p2_temp1p0_a0p25_b0p05__wd1e-04trmiss0_degmodglobal,8,1e-05,0.0001,0.2,1.0,0.25,0.05,lr1e-05_bs8_drop0p2_temp1p0_a0p25_b0p05__wd1e-04trmiss0_degmodglobal,9,0.6731854932648795,0.7345886528491974,0.3888888888888889,0.6822631072631073,0.3076923076923077,0.0,0.6813116414206368,0.6614139080047607,0.03085985460451671,0.08113248486604009,0.0,0.0,0.0,0.0,0.0,18473,global,0.0
2,3,lr1e-05_bs8_drop0p2_temp1p0_a0p25_b0p05__wd1e-04trmiss0_degmodglobal,8,1e-05,0.0001,0.2,1.0,0.25,0.05,lr1e-05_bs8_drop0p2_temp1p0_a0p25_b0p05__wd1e-04trmiss0_degmodglobal,10,0.6585979291370937,0.7334208190441132,0.3888888888888889,0.6822631072631073,0.3076923076923077,0.0,0.6733137880052839,0.6463047351155963,0.03198038547166756,0.0859618963939803,0.0,0.0,0.0,0.0,0.0,18473,global,0.0
2,3,lr1e-05_bs8_drop0p2_temp1p0_a0p25_b0p05__wd1e-04trmiss0_degmodglobal,8,1e-05,0.0001,0.2,1.0,0.25,0.05,lr1e-05_bs8_drop0p2_temp1p0_a0p25_b0p05__wd1e-04trmiss0_degmodglobal,11,0.6667397958891732,0.7359017431735992,0.3888888888888889,0.6822631072631073,0.3076923076923077,0.0,0.6394553184509277,0.652846736567361,0.03260782174766064,0.11482227912970952,0.0,0.0,0.0,0.0,0.0,18473,global,0.0
2,3,lr1e-05_bs8_drop0p2_temp1p0_a0p25_b0p05__wd1e-04trmiss0_degmodglobal,8,1e-05,0.0001,0.2,1.0,0.25,0.05,lr1e-05_bs8_drop0p2_temp1p0_a0p25_b0p05__wd1e-04trmiss0_degmodglobal,12,0.6554117032459804,0.7348805665969849,0.3888888888888889,0.6822631072631073,0.3076923076923077,0.0,0.6392182282039097,0.6417528561183384,0.034603736230305264,0.10015801074249404,0.0,0.0,0.0,0.0,0.0,18473,global,0.0
2,3,lr1e-05_bs8_drop0p2_temp1p0_a0p25_b0p05__wd1e-04trmiss0_degmodglobal,8,1e-05,0.0001,0.2,1.0,0.25,0.05,lr1e-05_bs8_drop0p2_temp1p0_a0p25_b0p05__wd1e-04trmiss0_degmodglobal,13,0.6556986400059291,0.7374392151832581,0.3055555555555555,0.6536306286306286,0.3076923076923077,0.0,0.6391654866082328,0.6426568627357483,0.0323534719645977,0.09906832873821259,0.0,0.0,0.0,0.0,0.0,18473,global,0.0
2,3,lr1e-05_bs8_drop0p2_temp1p0_a0p25_b0p05__wd1e-04trmiss0_degmodglobal,8,1e-05,0.0001,0.2,1.0,0.25,0.05,lr1e-05_bs8_drop0p2_temp1p0_a0p25_b0p05__wd1e-04trmiss0_degmodglobal,14,0.6548862201826913,0.7392528355121613,0.2222222222222222,0.6324185074185074,0.3076923076923077,0.0,0.6469198976244245,0.6417253868920463,0.031715829989739826,0.1046375185251236,0.0,0.0,0.0,0.0,0.0,18473,global,0.0
2,3,lr1e-05_bs8_drop0p2_temp1p0_a0p25_b0p05__wd1e-04trmiss0_degmodglobal,8,1e-05,0.0001,0.2,1.0,0.25,0.05,lr1e-05_bs8_drop0p2_temp1p0_a0p25_b0p05__wd1e-04trmiss0_degmodglobal,15,0.654572572026934,0.737583190202713,0.2222222222222222,0.6324185074185074,0.3076923076923077,0.0,0.6337168216705322,0.6410015395709446,0.03396509428109441,0.10159514099359512,0.0,0.0,0.0,0.0,0.0,18473,global,0.0
2,3,lr1e-05_bs8_drop0p2_temp1p0_a0p25_b0p05__wd1e-04trmiss0_degmodglobal,8,1e-05,0.0001,0.2,1.0,0.25,0.05,lr1e-05_bs8_drop0p2_temp1p0_a0p25_b0p05__wd1e-04trmiss0_degmodglobal,16,0.6490589806011745,0.7362428903579712,0.2777777777777778,0.650937025937026,0.3076923076923077,0.0,0.6218493325369698,0.6362155164991107,0.030791962253195897,0.10290925923202719,0.0,0.0,0.0,0.0,0.0,18473,global,0.0
2,3,lr1e-05_bs8_drop0p2_temp1p0_a0p25_b0p05__wd1e-04trmiss0_degmodglobal,8,1e-05,0.0001,0.2,1.0,0.25,0.05,lr1e-05_bs8_drop0p2_temp1p0_a0p25_b0p05__wd1e-04trmiss0_degmodglobal,17,0.6320774470056806,0.7392669320106506,0.25,0.6398259148259149,0.3076923076923077,0.0,0.6252614344869342,0.6181830593517849,0.034893279895186424,0.10342154385788101,0.0,0.0,0.0,0.0,0.0,18473,global,0.0
2,3,lr1e-05_bs8_drop0p2_temp1p0_a0p25_b0p05__wd1e-04trmiss0_degmodglobal,8,1e-05,0.0001,0.2,1.0,0.25,0.05,lr1e-05_bs8_drop0p2_temp1p0_a0p25_b0p05__wd1e-04trmiss0_degmodglobal,18,0.6421758106776646,0.7394952178001404,0.2222222222222222,0.6324185074185074,0.3076923076923077,0.0,0.6391494870185852,0.6287538153784615,0.034243016104613035,0.09722498751112393,0.0,0.0,0.0,0.0,0.0,18473,global,0.0
2,3,lr1e-05_bs8_drop0p2_temp1p0_a0p25_b0p05__wd1e-04trmiss0_degmodglobal,8,1e-05,0.0001,0.2,1.0,0.25,0.05,lr1e-05_bs8_drop0p2_temp1p0_a0p25_b0p05__wd1e-04trmiss0_degmodglobal,19,0.6537894862038749,0.7398651540279388,0.2222222222222222,0.6324185074185074,0.3076923076923077,0.0,0.6366547260965619,0.6387997184480939,0.034607618248888423,0.12675727690969193,0.0,0.0,0.0,0.0,0.0,18473,global,0.0
2,3,lr1e-05_bs8_drop0p2_temp1p0_a0p25_b0p05__wd1e-04trmiss0_degmodglobal,8,1e-05,0.0001,0.2,1.0,0.25,0.05,lr1e-05_bs8_drop0p2_temp1p0_a0p25_b0p05__wd1e-04trmiss0_degmodglobal,20,0.6397173745291573,0.7408193945884705,0.3055555555555556,0.662048137048137,0.3076923076923077,0.0,0.6094253148351397,0.625357849257333,0.036357448037181585,0.10540316786084857,0.0,0.0,0.0,0.0,0.0,18473,global,0.0
2,3,lr1e-05_bs8_drop0p2_temp1p0_a0p25_b0p05__wd1e-04trmiss0_degmodglobal,8,1e-05,0.0001,0.2,1.0,0.25,0.05,lr1e-05_bs8_drop0p2_temp1p0_a0p25_b0p05__wd1e-04trmiss0_degmodglobal,21,0.648023247718811,0.7414332330226898,0.19444444444444445,0.5768629518629519,0.15384615384615385,0.0,0.6374996559960502,0.6349732194628034,0.032364056312612126,0.09918031362550599,0.0,0.0,0.0,0.0,0.0,18473,global,0.0
2,3,lr1e-05_bs8_drop0p2_temp1p0_a0p25_b0p05__wd1e-04trmiss0_degmodglobal,8,1e-05,0.0001,0.2,1.0,0.25,0.05,lr1e-05_bs8_drop0p2_temp1p0_a0p25_b0p05__wd1e-04trmiss0_degmodglobal,22,0.6372018456459045,0.740414559841156,0.2777777777777778,0.650937025937026,0.23076923076923078,0.0,0.5967672126633781,0.622492287840162,0.04027018775897367,0.0928402692079544,0.0,0.0,0.0,0.0,0.0,18473,global,0.0
2,3,lr1e-05_bs8_drop0p2_temp1p0_a0p25_b0p05__wd1e-04trmiss0_degmodglobal,8,1e-05,0.0001,0.2,1.0,0.25,0.05,lr1e-05_bs8_drop0p2_temp1p0_a0p25_b0p05__wd1e-04trmiss0_degmodglobal,23,0.6329611624990191,0.7430143058300018,0.2222222222222222,0.5842703592703593,0.15384615384615385,0.0,0.6029523270470756,0.6173286267689296,0.04250798321196011,0.10011072190744537,0.0,0.0,0.0,0.0,0.0,18473,global,0.0
2,3,lr1e-05_bs8_drop0p2_temp1p0_a0p25_b0p05__wd1e-04trmiss0_degmodglobal,8,1e-05,0.0001,0.2,1.0,0.25,0.05,lr1e-05_bs8_drop0p2_temp1p0_a0p25_b0p05__wd1e-04trmiss0_degmodglobal,24,0.6366518565586635,0.7417711913585663,0.25,0.5913410663410663,0.15384615384615385,0.0,0.6047341312680926,0.6208190407071795,0.03962897775428636,0.11851129201906067,0.0,0.0,0.0,0.0,0.0,18473,global,0.0
2,3,lr1e-05_bs8_drop0p2_temp1p0_a0p25_b0p05__wd1e-04trmiss0_degmodglobal,8,1e-05,0.0001,0.2,1.0,0.25,0.05,lr1e-05_bs8_drop0p2_temp1p0_a0p25_b0p05__wd1e-04trmiss0_degmodglobal,25,0.6319894620350429,0.7391019761562347,0.25,0.5913410663410663,0.23076923076923078,0.0,0.5891166159084865,0.6157600113323757,0.04254636487790516,0.11185740519847188,0.0,0.0,0.0,0.0,0.0,18473,global,0.0
2,3,lr1e-05_bs8_drop0p2_temp2p0_a0p25_b0p05__wd1e-04trmiss0_degmodglobal,8,1e-05,0.0001,0.2,2.0,0.25,0.05,lr1e-05_bs8_drop0p2_temp2p0_a0p25_b0p05__wd1e-04trmiss0_degmodglobal,1,0.7162396056311471,0.7016581892967224,0.5,0.6622494789161455,0.3076923076923077,0.0,0.6706086993217468,0.6900926913533892,0.06379195249506406,0.20397851296833583,0.0,0.0,0.0,0.0,0.0,18473,global,0.0
2,3,lr1e-05_bs8_drop0p2_temp2p0_a0p25_b0p05__wd1e-04trmiss0_degmodglobal,8,1e-05,0.0001,0.2,2.0,0.25,0.05,lr1e-05_bs8_drop0p2_temp2p0_a0p25_b0p05__wd1e-04trmiss0_degmodglobal,2,0.699219959122794,0.702044665813446,0.5,0.6622494789161455,0.3076923076923077,0.0,0.6768687622887748,0.6734292762620109,0.062148094177246094,0.20507292236600602,0.0,0.0,0.0,0.0,0.0,18473,global,0.0
2,3,lr1e-05_bs8_drop0p2_temp2p0_a0p25_b0p05__wd1e-04trmiss0_degmodglobal,8,1e-05,0.0001,0.2,2.0,0.25,0.05,lr1e-05_bs8_drop0p2_temp2p0_a0p25_b0p05__wd1e-04trmiss0_degmodglobal,3,0.7167428050722394,0.7070884108543396,0.5,0.6622494789161455,0.3076923076923077,0.0,0.6473230378968375,0.6915148070880345,0.06431362884385246,0.18299184420279094,0.0,0.0,0.0,0.0,0.0,18473,global,0.0
2,3,lr1e-05_bs8_drop0p2_temp2p0_a0p25_b0p05__wd1e-04trmiss0_degmodglobal,8,1e-05,0.0001,0.2,2.0,0.25,0.05,lr1e-05_bs8_drop0p2_temp2p0_a0p25_b0p05__wd1e-04trmiss0_degmodglobal,4,0.6918698038373675,0.71309494972229,0.4722222222222222,0.6546737213403881,0.3076923076923077,0.0,0.6769099235534668,0.6684032338006156,0.05395368114113808,0.1995632094996316,0.0,0.0,0.0,0.0,0.0,18473,global,0.0
2,3,lr1e-05_bs8_drop0p2_temp2p0_a0p25_b0p05__wd1e-04trmiss0_degmodglobal,8,1e-05,0.0001,0.2,2.0,0.25,0.05,lr1e-05_bs8_drop0p2_temp2p0_a0p25_b0p05__wd1e-04trmiss0_degmodglobal,5,0.7004840799740383,0.716865062713623,0.4722222222222222,0.6546737213403881,0.3076923076923077,0.0,0.6566556181226458,0.6742373619760785,0.0617290697991848,0.21628899020808084,0.0,0.0,0.0,0.0,0.0,18473,global,0.0
2,3,lr1e-05_bs8_drop0p2_temp2p0_a0p25_b0p05__wd1e-04trmiss0_degmodglobal,8,1e-05,0.0001,0.2,2.0,0.25,0.05,lr1e-05_bs8_drop0p2_temp2p0_a0p25_b0p05__wd1e-04trmiss0_degmodglobal,6,0.6983702949115208,0.7244781851768494,0.5,0.6731922398589066,0.3076923076923077,0.0,0.6556369321686881,0.677851711000715,0.05085122186158385,0.15611537439482553,0.0,0.0,0.0,0.0,0.0,18473,global,0.0
2,3,lr1e-05_bs8_drop0p2_temp2p0_a0p25_b0p05__wd1e-04trmiss0_degmodglobal,8,1e-05,0.0001,0.2,2.0,0.25,0.05,lr1e-05_bs8_drop0p2_temp2p0_a0p25_b0p05__wd1e-04trmiss0_degmodglobal,7,0.6816586170877729,0.7293328940868378,0.5,0.6731922398589066,0.3076923076923077,0.0,0.649006690297808,0.6591578722000122,0.05295463332108089,0.18524143206221716,0.0,0.0,0.0,0.0,0.0,18473,global,0.0
2,3,lr1e-05_bs8_drop0p2_temp2p0_a0p25_b0p05__wd1e-04trmiss0_degmodglobal,8,1e-05,0.0001,0.2,2.0,0.25,0.05,lr1e-05_bs8_drop0p2_temp2p0_a0p25_b0p05__wd1e-04trmiss0_degmodglobal,8,0.6922261118888855,0.7265453338623047,0.5,0.6731922398589066,0.3076923076923077,0.0,0.6577611650739398,0.6723438671657017,0.049245797895959446,0.1514163953917367,0.0,0.0,0.0,0.0,0.0,18473,global,0.0
2,3,lr1e-05_bs8_drop0p2_temp2p0_a0p25_b0p05__wd1e-04trmiss0_degmodglobal,8,1e-05,0.0001,0.2,2.0,0.25,0.05,lr1e-05_bs8_drop0p2_temp2p0_a0p25_b0p05__wd1e-04trmiss0_degmodglobal,9,0.6660316075597491,0.7278417646884918,0.4722222222222222,0.6546737213403881,0.3076923076923077,0.0,0.6343996099063328,0.6455030867031643,0.05328499472567013,0.14414537165846145,0.0,0.0,0.0,0.0,0.0,18473,global,0.0
2,3,lr1e-05_bs8_drop0p2_temp2p0_a0p25_b0p05__wd1e-04trmiss0_degmodglobal,8,1e-05,0.0001,0.2,2.0,0.25,0.05,lr1e-05_bs8_drop0p2_temp2p0_a0p25_b0p05__wd1e-04trmiss0_degmodglobal,10,0.6769097447395325,0.7230594456195831,0.4722222222222222,0.6546737213403881,0.3076923076923077,0.0,0.6318319950784955,0.6556088243212018,0.050767816070999415,0.1721793029989515,0.0,0.0,0.0,0.0,0.0,18473,global,0.0
2,3,lr1e-05_bs8_drop0p2_temp2p0_a0p25_b0p05__wd1e-04trmiss0_degmodglobal,8,1e-05,0.0001,0.2,2.0,0.25,0.05,lr1e-05_bs8_drop0p2_temp2p0_a0p25_b0p05__wd1e-04trmiss0_degmodglobal,11,0.6737809351512364,0.7285805642604828,0.5,0.6731922398589066,0.3076923076923077,0.0,0.6483184780393328,0.654274080480848,0.05008946784905025,0.1396897914154189,0.0,0.0,0.0,0.0,0.0,18473,global,0.0
2,3,lr1e-05_bs8_drop0p2_temp2p0_a0p25_b0p05__wd1e-04trmiss0_degmodglobal,8,1e-05,0.0001,0.2,2.0,0.25,0.05,lr1e-05_bs8_drop0p2_temp2p0_a0p25_b0p05__wd1e-04trmiss0_degmodglobal,12,0.6816062331199646,0.7337417304515839,0.5,0.6731922398589066,0.3076923076923077,0.0,0.6285458036831447,0.6621875592640468,0.05088488757610321,0.13394918931382044,0.0,0.0,0.0,0.0,0.0,18473,global,0.0
2,3,lr1e-05_bs8_drop0p2_temp2p0_a0p25_b0p05__wd1e-04trmiss0_degmodglobal,8,1e-05,0.0001,0.2,2.0,0.25,0.05,lr1e-05_bs8_drop0p2_temp2p0_a0p25_b0p05__wd1e-04trmiss0_degmodglobal,13,0.6738291212490627,0.7347917258739471,0.5,0.6731922398589066,0.3076923076923077,0.0,0.6076065131596157,0.6542401994977679,0.04872880769627435,0.1481345375733716,0.0,0.0,0.0,0.0,0.0,18473,global,0.0
2,3,lr1e-05_bs8_drop0p2_temp2p0_a0p25_b0p05__wd1e-04trmiss0_degmodglobal,8,1e-05,0.0001,0.2,2.0,0.25,0.05,lr1e-05_bs8_drop0p2_temp2p0_a0p25_b0p05__wd1e-04trmiss0_degmodglobal,14,0.6621354562895638,0.7353666126728058,0.5,0.6731922398589066,0.3076923076923077,0.0,0.6276657155581883,0.6402098281042916,0.05556433142295906,0.16069075890949794,0.0,0.0,0.0,0.0,0.0,18473,global,0.0
2,3,lr1e-05_bs8_drop0p2_temp2p0_a0p25_b0p05__wd1e-04trmiss0_degmodglobal,8,1e-05,0.0001,0.2,2.0,0.25,0.05,lr1e-05_bs8_drop0p2_temp2p0_a0p25_b0p05__wd1e-04trmiss0_degmodglobal,15,0.6649742552212307,0.7329663336277008,0.5,0.6731922398589066,0.3076923076923077,0.0,0.616892329284123,0.6426474962915693,0.05870365511093821,0.15301687057529176,0.0,0.0,0.0,0.0,0.0,18473,global,0.0
2,3,lr1e-05_bs8_drop0p2_temp2p0_a0p25_b0p05__wd1e-04trmiss0_degmodglobal,8,1e-05,0.0001,0.2,2.0,0.25,0.05,lr1e-05_bs8_drop0p2_temp2p0_a0p25_b0p05__wd1e-04trmiss0_degmodglobal,16,0.6649960449763707,0.7332110702991486,0.5,0.6731922398589066,0.3076923076923077,0.0,0.6284363354955401,0.6444234592573983,0.05512164479919842,0.13584347774407693,0.0,0.0,0.0,0.0,0.0,18473,global,0.0
2,3,lr1e-05_bs8_drop0p2_temp2p0_a0p25_b0p05__wd1e-04trmiss0_degmodglobal,8,1e-05,0.0001,0.2,2.0,0.25,0.05,lr1e-05_bs8_drop0p2_temp2p0_a0p25_b0p05__wd1e-04trmiss0_degmodglobal,17,0.6572499360357013,0.7366165220737457,0.5,0.6731922398589066,0.3076923076923077,0.0,0.6208848868097577,0.6393374034336635,0.04840281658938953,0.1162367005433355,0.0,0.0,0.0,0.0,0.0,18473,global,0.0
2,3,lr1e-05_bs8_drop0p2_temp2p0_a0p25_b0p05__wd1e-04trmiss0_degmodglobal,8,1e-05,0.0001,0.2,2.0,0.25,0.05,lr1e-05_bs8_drop0p2_temp2p0_a0p25_b0p05__wd1e-04trmiss0_degmodglobal,18,0.6781249472073146,0.7358545660972595,0.4722222222222222,0.6667819834486501,0.3076923076923077,0.0,0.6291957412447248,0.6580817699432373,0.050096290718231885,0.15038252941199712,0.0,0.0,0.0,0.0,0.0,18473,global,0.0
2,3,lr1e-05_bs8_drop0p2_temp2p0_a0p25_b0p05__wd1e-04trmiss0_degmodglobal,8,1e-05,0.0001,0.2,2.0,0.25,0.05,lr1e-05_bs8_drop0p2_temp2p0_a0p25_b0p05__wd1e-04trmiss0_degmodglobal,19,0.6774048464638847,0.7374785542488098,0.5,0.6731922398589066,0.3076923076923077,0.0,0.6093247107097081,0.6558403713362557,0.05513036969516959,0.155637583562306,0.0,0.0,0.0,0.0,0.0,18473,global,0.0
2,3,lr1e-05_bs8_drop0p2_temp2p0_a0p25_b0p05__wd1e-04trmiss0_degmodglobal,8,1e-05,0.0001,0.2,2.0,0.25,0.05,lr1e-05_bs8_drop0p2_temp2p0_a0p25_b0p05__wd1e-04trmiss0_degmodglobal,20,0.6851415123258319,0.7388674318790436,0.4722222222222222,0.6667819834486501,0.3076923076923077,0.0,0.6028756414140973,0.664556656564985,0.05107835866510868,0.1563052950160844,0.0,0.0,0.0,0.0,0.0,18473,global,0.0
2,3,lr1e-05_bs8_drop0p2_temp2p0_a0p25_b0p05__wd1e-04trmiss0_degmodglobal,8,1e-05,0.0001,0.2,2.0,0.25,0.05,lr1e-05_bs8_drop0p2_temp2p0_a0p25_b0p05__wd1e-04trmiss0_degmodglobal,21,0.6329278860773359,0.7389540374279022,0.5,0.6731922398589066,0.3076923076923077,0.0,0.5883361952645438,0.6151947123663766,0.04959280150277274,0.10669935973627227,0.0,0.0,0.0,0.0,0.0,18473,global,0.0
2,3,lr1e-05_bs8_drop0p2_temp2p0_a0p25_b0p05__wd1e-04trmiss0_degmodglobal,8,1e-05,0.0001,0.2,2.0,0.25,0.05,lr1e-05_bs8_drop0p2_temp2p0_a0p25_b0p05__wd1e-04trmiss0_degmodglobal,22,0.6391922235488892,0.7366985976696014,0.5,0.6731922398589066,0.3076923076923077,0.0,0.5857802288872855,0.6221612095832825,0.04505343256252153,0.11535323836973735,0.0,0.0,0.0,0.0,0.0,18473,global,0.0
2,3,lr1e-05_bs8_drop0p2_temp2p0_a0p25_b0p05__wd1e-04trmiss0_degmodglobal,8,1e-05,0.0001,0.2,2.0,0.25,0.05,lr1e-05_bs8_drop0p2_temp2p0_a0p25_b0p05__wd1e-04trmiss0_degmodglobal,23,0.6527710982731411,0.7374961674213409,0.5,0.6731922398589066,0.3076923076923077,0.0,0.5996151992252895,0.6335046206201825,0.05141944544655936,0.12823265578065599,0.0,0.0,0.0,0.0,0.0,18473,global,0.0
2,3,lr1e-05_bs8_drop0p2_temp2p0_a0p25_b0p05__wd1e-04trmiss0_degmodglobal,8,1e-05,0.0001,0.2,2.0,0.25,0.05,lr1e-05_bs8_drop0p2_temp2p0_a0p25_b0p05__wd1e-04trmiss0_degmodglobal,24,0.6847417524882725,0.7378454208374023,0.4722222222222222,0.6667819834486501,0.3076923076923077,0.0,0.6112610697746277,0.6652411477906364,0.046746784555060525,0.15627795138529368,0.0,0.0,0.0,0.0,0.0,18473,global,0.0
2,3,lr1e-05_bs8_drop0p2_temp2p0_a0p25_b0p05__wd1e-04trmiss0_degmodglobal,8,1e-05,0.0001,0.2,2.0,0.25,0.05,lr1e-05_bs8_drop0p2_temp2p0_a0p25_b0p05__wd1e-04trmiss0_degmodglobal,25,0.6491758482796806,0.7345927953720093,0.4722222222222222,0.6667819834486501,0.3076923076923077,0.0,0.5904815367289952,0.6316331199237278,0.046752985034670146,0.1170895669077124,0.0,0.0,0.0,0.0,0.0,18473,global,0.0
2,3,lr1e-05_bs8_drop0p2_temp2p0_a0p25_b0p05__wd1e-04trmiss0_degmodglobal,8,1e-05,0.0001,0.2,2.0,0.25,0.05,lr1e-05_bs8_drop0p2_temp2p0_a0p25_b0p05__wd1e-04trmiss0_degmodglobal,26,0.656387175832476,0.7354178726673126,0.5,0.6731922398589066,0.3076923076923077,0.0,0.5701901316642761,0.6327358484268188,0.05360311056886401,0.20501115705285752,0.0,0.0,0.0,0.0,0.0,18473,global,0.0
2,3,lr1e-05_bs8_drop0p4_temp1p0_a0p25_b0p05__wd1e-04trmiss0_degmodglobal,8,1e-05,0.0001,0.4,1.0,0.25,0.05,lr1e-05_bs8_drop0p4_temp1p0_a0p25_b0p05__wd1e-04trmiss0_degmodglobal,1,0.7006118042128426,0.7065269649028778,0.3611111111111111,0.6308793058793059,0.46153846153846156,0.0,0.7016324571200779,0.6784537860325405,0.05447009897657803,0.17080985116107122,0.0,0.0,0.0,0.0,0.0,18473,global,0.0
2,3,lr1e-05_bs8_drop0p4_temp1p0_a0p25_b0p05__wd1e-04trmiss0_degmodglobal,8,1e-05,0.0001,0.4,1.0,0.25,0.05,lr1e-05_bs8_drop0p4_temp1p0_a0p25_b0p05__wd1e-04trmiss0_degmodglobal,2,0.6802434410367694,0.7120756208896637,0.3333333333333333,0.6123607873607873,0.46153846153846156,0.0,0.7251087938036237,0.6515492626598903,0.06911368401987213,0.22831504046916962,0.0,0.0,0.0,0.0,0.0,18473,global,0.0
2,3,lr1e-05_bs8_drop0p4_temp1p0_a0p25_b0p05__wd1e-04trmiss0_degmodglobal,8,1e-05,0.0001,0.4,1.0,0.25,0.05,lr1e-05_bs8_drop0p4_temp1p0_a0p25_b0p05__wd1e-04trmiss0_degmodglobal,3,0.6704376425061908,0.7185424566268921,0.3333333333333333,0.6123607873607873,0.38461538461538464,0.0,0.6970824599266052,0.6485331058502197,0.0572159971509661,0.15201062921966826,0.0,0.0,0.0,0.0,0.0,18473,global,0.0
2,3,lr1e-05_bs8_drop0p4_temp1p0_a0p25_b0p05__wd1e-04trmiss0_degmodglobal,8,1e-05,0.0001,0.4,1.0,0.25,0.05,lr1e-05_bs8_drop0p4_temp1p0_a0p25_b0p05__wd1e-04trmiss0_degmodglobal,4,0.6895558493477958,0.726530134677887,0.3055555555555555,0.6017787767787768,0.38461538461538464,0.0,0.6765191214425224,0.6683681607246399,0.05304952338337898,0.15850616778646195,0.0,0.0,0.0,0.0,0.0,18473,global,0.0
2,3,lr1e-05_bs8_drop0p4_temp1p0_a0p25_b0p05__wd1e-04trmiss0_degmodglobal,8,1e-05,0.0001,0.4,1.0,0.25,0.05,lr1e-05_bs8_drop0p4_temp1p0_a0p25_b0p05__wd1e-04trmiss0_degmodglobal,5,0.6649917364120483,0.7298308610916138,0.2777777777777778,0.5950447700447701,0.38461538461538464,0.0,0.68570134469441,0.648511929171426,0.0443605969526938,0.107793107096638,0.0,0.0,0.0,0.0,0.0,18473,global,0.0
2,3,lr1e-05_bs8_drop0p4_temp1p0_a0p25_b0p05__wd1e-04trmiss0_degmodglobal,8,1e-05,0.0001,0.4,1.0,0.25,0.05,lr1e-05_bs8_drop0p4_temp1p0_a0p25_b0p05__wd1e-04trmiss0_degmodglobal,6,0.6440132260322571,0.7338814437389374,0.2777777777777778,0.5950447700447701,0.38461538461538464,0.0,0.6815904719488961,0.6213183403015137,0.05735991309796061,0.16709803151232855,0.0,0.0,0.0,0.0,0.0,18473,global,0.0
2,3,lr1e-05_bs8_drop0p4_temp1p0_a0p25_b0p05__wd1e-04trmiss0_degmodglobal,8,1e-05,0.0001,0.4,1.0,0.25,0.05,lr1e-05_bs8_drop0p4_temp1p0_a0p25_b0p05__wd1e-04trmiss0_degmodglobal,7,0.6522305352347237,0.7377197444438934,0.2222222222222222,0.5805666555666555,0.38461538461538464,0.0,0.6550217952047076,0.6331077473504203,0.04911120714885848,0.1368995692048754,0.0,0.0,0.0,0.0,0.0,18473,global,0.0
2,3,lr1e-05_bs8_drop0p4_temp1p0_a0p25_b0p05__wd1e-04trmiss0_degmodglobal,8,1e-05,0.0001,0.4,1.0,0.25,0.05,lr1e-05_bs8_drop0p4_temp1p0_a0p25_b0p05__wd1e-04trmiss0_degmodglobal,8,0.643021787915911,0.7360254228115082,0.2222222222222222,0.58343261676595,0.38461538461538464,0.0,0.670383061681475,0.6205241424696786,0.06051776025976453,0.14736406717981612,0.0,0.0,0.0,0.0,0.0,18473,global,0.0
2,3,lr1e-05_bs8_drop0p4_temp1p0_a0p25_b0p05__wd1e-04trmiss0_degmodglobal,8,1e-05,0.0001,0.4,1.0,0.25,0.05,lr1e-05_bs8_drop0p4_temp1p0_a0p25_b0p05__wd1e-04trmiss0_degmodglobal,9,0.61652010679245,0.7383169829845428,0.2222222222222222,0.58343261676595,0.46153846153846156,0.0,0.6462253928184509,0.5898152078901019,0.06619573490960258,0.20311942164387023,0.0,0.0,0.0,0.0,0.0,18473,global,0.0
2,3,lr1e-05_bs8_drop0p4_temp1p0_a0p25_b0p05__wd1e-04trmiss0_degmodglobal,8,1e-05,0.0001,0.4,1.0,0.25,0.05,lr1e-05_bs8_drop0p4_temp1p0_a0p25_b0p05__wd1e-04trmiss0_degmodglobal,10,0.6388398068291801,0.7447654008865356,0.2222222222222222,0.58343261676595,0.38461538461538464,0.0,0.6389242325510297,0.621694701058524,0.049382303442273824,0.09599058170403753,0.0,0.0,0.0,0.0,0.0,18473,global,0.0
2,3,lr1e-05_bs8_drop0p4_temp1p0_a0p25_b0p05__wd1e-04trmiss0_degmodglobal,8,1e-05,0.0001,0.4,1.0,0.25,0.05,lr1e-05_bs8_drop0p4_temp1p0_a0p25_b0p05__wd1e-04trmiss0_degmodglobal,11,0.6568854876926967,0.7481085360050201,0.2222222222222222,0.58343261676595,0.46153846153846156,0.0,0.6568273987088885,0.6370602760996137,0.04998902843466827,0.14655913625444686,0.0,0.0,0.0,0.0,0.0,18473,global,0.0
2,3,lr1e-05_bs8_drop0p4_temp1p0_a0p25_b0p05__wd1e-04trmiss0_degmodglobal,8,1e-05,0.0001,0.4,1.0,0.25,0.05,lr1e-05_bs8_drop0p4_temp1p0_a0p25_b0p05__wd1e-04trmiss0_degmodglobal,12,0.6479671938078744,0.7439990043640137,0.2222222222222222,0.58343261676595,0.46153846153846156,0.0,0.6276769638061523,0.6281454563140869,0.05537600815296173,0.11955469527414866,0.0,0.0,0.0,0.0,0.0,18473,global,0.0
2,3,lr1e-05_bs8_drop0p4_temp1p0_a0p25_b0p05__wd1e-04trmiss0_degmodglobal,8,1e-05,0.0001,0.4,1.0,0.25,0.05,lr1e-05_bs8_drop0p4_temp1p0_a0p25_b0p05__wd1e-04trmiss0_degmodglobal,13,0.6328430686678205,0.7421741187572479,0.2222222222222222,0.58343261676595,0.46153846153846156,0.0,0.6590642162731716,0.6114755868911743,0.058376268084560125,0.1354685596057347,0.0,0.0,0.0,0.0,0.0,18473,global,0.0
2,3,lr1e-05_bs8_drop0p4_temp1p0_a0p25_b0p05__wd1e-04trmiss0_degmodglobal,8,1e-05,0.0001,0.4,1.0,0.25,0.05,lr1e-05_bs8_drop0p4_temp1p0_a0p25_b0p05__wd1e-04trmiss0_degmodglobal,14,0.6327634879520961,0.7421414256095886,0.2222222222222222,0.58343261676595,0.46153846153846156,0.0,0.6467490196228027,0.6152613759040833,0.04584763438573906,0.12080394849181175,0.0,0.0,0.0,0.0,0.0,18473,global,0.0
2,3,lr1e-05_bs8_drop0p4_temp1p0_a0p25_b0p05__wd1e-04trmiss0_degmodglobal,8,1e-05,0.0001,0.4,1.0,0.25,0.05,lr1e-05_bs8_drop0p4_temp1p0_a0p25_b0p05__wd1e-04trmiss0_degmodglobal,15,0.6789889676230294,0.7427268326282501,0.25,0.6019511352844686,0.38461538461538464,0.0,0.6403506483350482,0.6609190957886832,0.047047200213585584,0.12616132785167014,0.0,0.0,0.0,0.0,0.0,18473,global,0.0
2,3,lr1e-05_bs8_drop0p4_temp1p0_a0p25_b0p05__wd1e-04trmiss0_degmodglobal,8,1e-05,0.0001,0.4,1.0,0.25,0.05,lr1e-05_bs8_drop0p4_temp1p0_a0p25_b0p05__wd1e-04trmiss0_degmodglobal,16,0.6525933401925224,0.7396072149276733,0.25,0.6019511352844686,0.46153846153846156,0.0,0.6542978201593671,0.633114652974265,0.04985852326665606,0.14028104820421763,0.0,0.0,0.0,0.0,0.0,18473,global,0.0
2,3,lr1e-05_bs8_drop0p4_temp1p0_a0p25_b0p05__wd1e-04trmiss0_degmodglobal,8,1e-05,0.0001,0.4,1.0,0.25,0.05,lr1e-05_bs8_drop0p4_temp1p0_a0p25_b0p05__wd1e-04trmiss0_degmodglobal,17,0.6295623353549412,0.7442050278186798,0.25,0.6019511352844686,0.46153846153846156,0.0,0.642425034727369,0.6108432156699044,0.04752056886042867,0.13677968297685897,0.0,0.0,0.0,0.0,0.0,18473,global,0.0
2,3,lr1e-05_bs8_drop0p4_temp1p0_a0p25_b0p05__wd1e-04trmiss0_degmodglobal,8,1e-05,0.0001,0.4,1.0,0.25,0.05,lr1e-05_bs8_drop0p4_temp1p0_a0p25_b0p05__wd1e-04trmiss0_degmodglobal,18,0.6224959066935948,0.7406580150127411,0.25,0.6019511352844686,0.46153846153846156,0.0,0.6661218234470913,0.6037328583853585,0.046367635152169635,0.14342273878199713,0.0,0.0,0.0,0.0,0.0,18473,global,0.0
2,3,lr1e-05_bs8_drop0p4_temp1p0_a0p25_b0p05__wd1e-04trmiss0_degmodglobal,8,1e-05,0.0001,0.4,1.0,0.25,0.05,lr1e-05_bs8_drop0p4_temp1p0_a0p25_b0p05__wd1e-04trmiss0_degmodglobal,19,0.6208375436919076,0.7424095273017883,0.2222222222222222,0.58343261676595,0.46153846153846156,0.0,0.6138148052351815,0.6003612067018237,0.05495278484054974,0.1347626969218254,0.0,0.0,0.0,0.0,0.0,18473,global,0.0
2,3,lr1e-05_bs8_drop0p4_temp1p0_a0p25_b0p05__wd1e-04trmiss0_degmodglobal,8,1e-05,0.0001,0.4,1.0,0.25,0.05,lr1e-05_bs8_drop0p4_temp1p0_a0p25_b0p05__wd1e-04trmiss0_degmodglobal,20,0.6321287070001874,0.744379311800003,0.2222222222222222,0.58343261676595,0.46153846153846156,0.0,0.6182544657162258,0.6096378649984088,0.05706514737435749,0.16449106165340968,0.0,0.0,0.0,0.0,0.0,18473,global,0.0
2,3,lr1e-05_bs8_drop0p4_temp1p0_a0p25_b0p05__wd1e-04trmiss0_degmodglobal,8,1e-05,0.0001,0.4,1.0,0.25,0.05,lr1e-05_bs8_drop0p4_temp1p0_a0p25_b0p05__wd1e-04trmiss0_degmodglobal,21,0.6215031147003174,0.7451670169830322,0.25,0.6019511352844686,0.46153846153846156,0.0,0.6211550235748291,0.6002020580427987,0.059096471539565494,0.13053900642054422,0.0,0.0,0.0,0.0,0.0,18473,global,0.0
2,3,lr1e-05_bs8_drop0p4_temp1p0_a0p25_b0p05__wd1e-04trmiss0_degmodglobal,8,1e-05,0.0001,0.4,1.0,0.25,0.05,lr1e-05_bs8_drop0p4_temp1p0_a0p25_b0p05__wd1e-04trmiss0_degmodglobal,22,0.6027073264122009,0.7468636333942413,0.2222222222222222,0.58343261676595,0.46153846153846156,0.0,0.6265627145767212,0.5805249469620841,0.06172714701720646,0.13501198483364923,0.0,0.0,0.0,0.0,0.0,18473,global,0.0
2,3,lr1e-05_bs8_drop0p4_temp1p0_a0p25_b0p05__wd1e-04trmiss0_degmodglobal,8,1e-05,0.0001,0.4,1.0,0.25,0.05,lr1e-05_bs8_drop0p4_temp1p0_a0p25_b0p05__wd1e-04trmiss0_degmodglobal,23,0.6382201058523995,0.7472999691963196,0.2222222222222222,0.58343261676595,0.46153846153846156,0.0,0.6442327584539141,0.6155849099159241,0.06109279553805079,0.1472395927246128,0.0,0.0,0.0,0.0,0.0,18473,global,0.0
2,3,lr1e-05_bs8_drop0p4_temp1p0_a0p25_b0p05__wd1e-04trmiss0_degmodglobal,8,1e-05,0.0001,0.4,1.0,0.25,0.05,lr1e-05_bs8_drop0p4_temp1p0_a0p25_b0p05__wd1e-04trmiss0_degmodglobal,24,0.5967383299555097,0.7499100863933563,0.2222222222222222,0.58343261676595,0.46153846153846156,0.0,0.6119191135678973,0.5803467205592564,0.04277595185807773,0.11395244992205075,0.0,0.0,0.0,0.0,0.0,18473,global,0.0
2,3,lr1e-05_bs8_drop0p4_temp1p0_a0p25_b0p05__wd1e-04trmiss0_degmodglobal,8,1e-05,0.0001,0.4,1.0,0.25,0.05,lr1e-05_bs8_drop0p4_temp1p0_a0p25_b0p05__wd1e-04trmiss0_degmodglobal,25,0.5839508260999408,0.7502380609512329,0.2222222222222222,0.58343261676595,0.46153846153846156,0.0,0.6154112134660993,0.5673385645662036,0.0482986324599811,0.09075205400586128,0.0,0.0,0.0,0.0,0.0,18473,global,0.0
2,3,lr1e-05_bs8_drop0p4_temp2p0_a0p25_b0p05__wd1e-04trmiss0_degmodglobal,8,1e-05,0.0001,0.4,2.0,0.25,0.05,lr1e-05_bs8_drop0p4_temp2p0_a0p25_b0p05__wd1e-04trmiss0_degmodglobal,1,0.7790177038737706,0.7307077050209045,0.5555555555555556,0.8176638176638178,0.3076923076923077,0.0,0.7171765651021685,0.7542502880096436,0.06062442223940577,0.19222618213721684,0.0,0.0,0.0,0.0,0.0,18473,global,0.0
2,3,lr1e-05_bs8_drop0p4_temp2p0_a0p25_b0p05__wd1e-04trmiss0_degmodglobal,8,1e-05,0.0001,0.4,2.0,0.25,0.05,lr1e-05_bs8_drop0p4_temp2p0_a0p25_b0p05__wd1e-04trmiss0_degmodglobal,2,0.8052054388182504,0.7345691621303558,0.4444444444444444,0.7297008547008548,0.3076923076923077,0.0,0.7459763033049447,0.7837268284388951,0.05538652491356645,0.15263957104512624,0.0,0.0,0.0,0.0,0.0,18473,global,0.0
2,3,lr1e-05_bs8_drop0p4_temp2p0_a0p25_b0p05__wd1e-04trmiss0_degmodglobal,8,1e-05,0.0001,0.4,2.0,0.25,0.05,lr1e-05_bs8_drop0p4_temp2p0_a0p25_b0p05__wd1e-04trmiss0_degmodglobal,3,0.7798564178603036,0.739532470703125,0.3611111111111111,0.6596671846671848,0.3076923076923077,0.0,0.7267727681568691,0.7514327764511108,0.07409881693976265,0.1979785157101495,0.0,0.0,0.0,0.0,0.0,18473,global,0.0
2,3,lr1e-05_bs8_drop0p4_temp2p0_a0p25_b0p05__wd1e-04trmiss0_degmodglobal,8,1e-05,0.0001,0.4,2.0,0.25,0.05,lr1e-05_bs8_drop0p4_temp2p0_a0p25_b0p05__wd1e-04trmiss0_degmodglobal,4,0.7668805377823966,0.7448727190494537,0.3055555555555556,0.6195878195878197,0.3076923076923077,0.0,0.6980171288762774,0.7446843130247933,0.053518579474517276,0.17633157755647386,0.0,0.0,0.0,0.0,0.0,18473,global,0.0
2,3,lr1e-05_bs8_drop0p4_temp2p0_a0p25_b0p05__wd1e-04trmiss0_degmodglobal,8,1e-05,0.0001,0.4,2.0,0.25,0.05,lr1e-05_bs8_drop0p4_temp2p0_a0p25_b0p05__wd1e-04trmiss0_degmodglobal,5,0.7383884276662555,0.7559175491333008,0.2222222222222222,0.58343261676595,0.3076923076923077,0.0,0.7226741313934326,0.7217022095407758,0.042798873303192,0.11973035974161965,0.0,0.0,0.0,0.0,0.0,18473,global,0.0
2,3,lr1e-05_bs8_drop0p4_temp2p0_a0p25_b0p05__wd1e-04trmiss0_degmodglobal,8,1e-05,0.0001,0.4,2.0,0.25,0.05,lr1e-05_bs8_drop0p4_temp2p0_a0p25_b0p05__wd1e-04trmiss0_degmodglobal,6,0.7502133675983974,0.7607911825180054,0.16666666666666666,0.5649140982474317,0.23076923076923078,0.0,0.7450014437947955,0.7259635925292969,0.06518484598823956,0.1590713741523879,0.0,0.0,0.0,0.0,0.0,18473,global,0.0
2,3,lr1e-05_bs8_drop0p4_temp2p0_a0p25_b0p05__wd1e-04trmiss0_degmodglobal,8,1e-05,0.0001,0.4,2.0,0.25,0.05,lr1e-05_bs8_drop0p4_temp2p0_a0p25_b0p05__wd1e-04trmiss0_degmodglobal,7,0.7484069551740374,0.7661481201648712,0.16666666666666669,0.5723215056548391,0.23076923076923078,0.0,0.7284840260233197,0.726512108530317,0.05887385244880404,0.14352819110666,0.0,0.0,0.0,0.0,0.0,18473,global,0.0
2,3,lr1e-05_bs8_drop0p4_temp2p0_a0p25_b0p05__wd1e-04trmiss0_degmodglobal,8,1e-05,0.0001,0.4,2.0,0.25,0.05,lr1e-05_bs8_drop0p4_temp2p0_a0p25_b0p05__wd1e-04trmiss0_degmodglobal,8,0.7588827865464347,0.7623814940452576,0.19444444444444442,0.5834326167659502,0.23076923076923078,0.0,0.6932311909539359,0.73939939056124,0.04681662576539176,0.15558496969086782,0.0,0.0,0.0,0.0,0.0,18473,global,0.0
2,3,lr1e-05_bs8_drop0p4_temp2p0_a0p25_b0p05__wd1e-04trmiss0_degmodglobal,8,1e-05,0.0001,0.4,2.0,0.25,0.05,lr1e-05_bs8_drop0p4_temp2p0_a0p25_b0p05__wd1e-04trmiss0_degmodglobal,9,0.7600087182862418,0.7652883231639862,0.19444444444444442,0.5834326167659502,0.23076923076923078,0.0,0.7005071299416679,0.7385093144008091,0.054560400013412745,0.15718609680022513,0.0,0.0,0.0,0.0,0.0,18473,global,0.0
2,3,lr1e-05_bs8_drop0p4_temp2p0_a0p25_b0p05__wd1e-04trmiss0_degmodglobal,8,1e-05,0.0001,0.4,2.0,0.25,0.05,lr1e-05_bs8_drop0p4_temp2p0_a0p25_b0p05__wd1e-04trmiss0_degmodglobal,10,0.7279275911194938,0.7642507553100586,0.19444444444444442,0.5834326167659502,0.23076923076923078,0.0,0.6946586200169155,0.7044728483472552,0.06275279234562602,0.15533078568322317,0.0,0.0,0.0,0.0,0.0,18473,global,0.0
2,3,lr1e-05_bs8_drop0p4_temp2p0_a0p25_b0p05__wd1e-04trmiss0_degmodglobal,8,1e-05,0.0001,0.4,2.0,0.25,0.05,lr1e-05_bs8_drop0p4_temp2p0_a0p25_b0p05__wd1e-04trmiss0_degmodglobal,11,0.7414028133664813,0.764604926109314,0.16666666666666669,0.5723215056548391,0.23076923076923078,0.0,0.714432418346405,0.7174429297447205,0.06065605740462031,0.17591724757637298,0.0,0.0,0.0,0.0,0.0,18473,global,0.0
2,3,lr1e-05_bs8_drop0p4_temp2p0_a0p25_b0p05__wd1e-04trmiss0_degmodglobal,8,1e-05,0.0001,0.4,2.0,0.25,0.05,lr1e-05_bs8_drop0p4_temp2p0_a0p25_b0p05__wd1e-04trmiss0_degmodglobal,12,0.766628793307713,0.7652069330215454,0.19444444444444442,0.5908400241733576,0.23076923076923078,0.0,0.6892613513129098,0.743771629674094,0.052914420408861976,0.19257109399352754,0.0,0.0,0.0,0.0,0.0,18473,global,0.0
2,3,lr1e-05_bs8_drop0p4_temp2p0_a0p25_b0p05__wd1e-04trmiss0_degmodglobal,8,1e-05,0.0001,0.4,2.0,0.25,0.05,lr1e-05_bs8_drop0p4_temp2p0_a0p25_b0p05__wd1e-04trmiss0_degmodglobal,13,0.7249646782875061,0.7635440230369568,0.19444444444444442,0.5908400241733576,0.3076923076923077,0.0,0.6984216059957232,0.7067086866923741,0.04768750177962439,0.12668236664363317,0.0,0.0,0.0,0.0,0.0,18473,global,0.0
2,3,lr1e-05_bs8_drop0p4_temp2p0_a0p25_b0p05__wd1e-04trmiss0_degmodglobal,8,1e-05,0.0001,0.4,2.0,0.25,0.05,lr1e-05_bs8_drop0p4_temp2p0_a0p25_b0p05__wd1e-04trmiss0_degmodglobal,14,0.7136268871171134,0.7662543654441833,0.19444444444444442,0.5908400241733576,0.3076923076923077,0.0,0.6728801301547459,0.6941149405070713,0.048752675099032264,0.14647566952875682,0.0,0.0,0.0,0.0,0.0,18473,global,0.0
2,3,lr1e-05_bs8_drop0p4_temp2p0_a0p25_b0p05__wd1e-04trmiss0_degmodglobal,8,1e-05,0.0001,0.4,2.0,0.25,0.05,lr1e-05_bs8_drop0p4_temp2p0_a0p25_b0p05__wd1e-04trmiss0_degmodglobal,15,0.7306104813303266,0.7690359055995941,0.19444444444444442,0.5908400241733576,0.3076923076923077,0.0,0.6892123392650059,0.7107351337160382,0.0511282171521868,0.14186589419841766,0.0,0.0,0.0,0.0,0.0,18473,global,0.0
2,3,lr1e-05_bs8_drop0p4_temp2p0_a0p25_b0p05__wd1e-04trmiss0_degmodglobal,8,1e-05,0.0001,0.4,2.0,0.25,0.05,lr1e-05_bs8_drop0p4_temp2p0_a0p25_b0p05__wd1e-04trmiss0_degmodglobal,16,0.7194160563605172,0.7701770961284637,0.19444444444444442,0.5908400241733576,0.3076923076923077,0.0,0.6934645005634853,0.698045585836683,0.05444137539182391,0.15520224028400012,0.0,0.0,0.0,0.0,0.0,18473,global,0.0
2,3,lr1e-05_bs8_drop0p4_temp2p0_a0p25_b0p05__wd1e-04trmiss0_degmodglobal,8,1e-05,0.0001,0.4,2.0,0.25,0.05,lr1e-05_bs8_drop0p4_temp2p0_a0p25_b0p05__wd1e-04trmiss0_degmodglobal,17,0.7429362961224147,0.7721084654331207,0.2222222222222222,0.5987765321098655,0.3076923076923077,0.0,0.6661514128957476,0.725760647228786,0.04362347030213901,0.12539562582969666,0.0,0.0,0.0,0.0,0.0,18473,global,0.0
2,3,lr1e-05_bs8_drop0p4_temp2p0_a0p25_b0p05__wd1e-04trmiss0_degmodglobal,8,1e-05,0.0001,0.4,2.0,0.25,0.05,lr1e-05_bs8_drop0p4_temp2p0_a0p25_b0p05__wd1e-04trmiss0_degmodglobal,18,0.7244031940187726,0.7700198292732239,0.16666666666666669,0.5723215056548391,0.3076923076923077,0.0,0.6591791340282985,0.699771523475647,0.0627224322940622,0.17902123502322606,0.0,0.0,0.0,0.0,0.0,18473,global,0.0
2,3,lr1e-05_bs8_drop0p4_temp2p0_a0p25_b0p05__wd1e-04trmiss0_degmodglobal,8,1e-05,0.0001,0.4,2.0,0.25,0.05,lr1e-05_bs8_drop0p4_temp2p0_a0p25_b0p05__wd1e-04trmiss0_degmodglobal,19,0.7074411596570697,0.7718551456928253,0.19444444444444442,0.580258013591347,0.3076923076923077,0.0,0.6619256053652082,0.6874310714857919,0.05101164749690464,0.14514321727412088,0.0,0.0,0.0,0.0,0.0,18473,global,0.0
2,3,lr1e-05_bs8_drop0p4_temp2p0_a0p25_b0p05__wd1e-04trmiss0_degmodglobal,8,1e-05,0.0001,0.4,2.0,0.25,0.05,lr1e-05_bs8_drop0p4_temp2p0_a0p25_b0p05__wd1e-04trmiss0_degmodglobal,20,0.7152437738009861,0.7711383700370789,0.16666666666666669,0.5723215056548391,0.3076923076923077,0.0,0.6813026240893773,0.6966560482978821,0.04916413633951119,0.1259338195834841,0.0,0.0,0.0,0.0,0.0,18473,global,0.0
2,3,lr1e-05_bs8_drop0p4_temp2p0_a0p25_b0p05__wd1e-04trmiss0_degmodglobal,8,1e-05,0.0001,0.4,2.0,0.25,0.05,lr1e-05_bs8_drop0p4_temp2p0_a0p25_b0p05__wd1e-04trmiss0_degmodglobal,21,0.7120263661657061,0.7767868936061859,0.16666666666666669,0.5723215056548391,0.3076923076923077,0.0,0.6743228265217373,0.689602426120213,0.0571100866155965,0.16292839816638402,0.0,0.0,0.0,0.0,0.0,18473,global,0.0
2,3,lr1e-05_bs8_drop0p4_temp2p0_a0p25_b0p05__wd1e-04trmiss0_degmodglobal,8,1e-05,0.0001,0.4,2.0,0.25,0.05,lr1e-05_bs8_drop0p4_temp2p0_a0p25_b0p05__wd1e-04trmiss0_degmodglobal,22,0.7395926969391959,0.778064638376236,0.16666666666666669,0.5723215056548391,0.23076923076923078,0.0,0.6688303692000253,0.7199533581733704,0.05428171477147511,0.12137812429240771,0.0,0.0,0.0,0.0,0.0,18473,global,0.0
2,3,lr1e-05_bs8_drop0p4_temp2p0_a0p25_b0p05__wd1e-04trmiss0_degmodglobal,8,1e-05,0.0001,0.4,2.0,0.25,0.05,lr1e-05_bs8_drop0p4_temp2p0_a0p25_b0p05__wd1e-04trmiss0_degmodglobal,23,0.6929750868252346,0.7817489802837372,0.16666666666666669,0.5723215056548391,0.23076923076923078,0.0,0.6880075590951102,0.6688589113099235,0.06775671456541334,0.1435401365160942,0.0,0.0,0.0,0.0,0.0,18473,global,0.0
2,3,lr1e-05_bs8_drop0p4_temp2p0_a0p25_b0p05__wd1e-04trmiss0_degmodglobal,8,1e-05,0.0001,0.4,2.0,0.25,0.05,lr1e-05_bs8_drop0p4_temp2p0_a0p25_b0p05__wd1e-04trmiss0_degmodglobal,24,0.720414434160505,0.7866283357143402,0.16666666666666669,0.5723215056548391,0.23076923076923078,0.0,0.6630239146096366,0.6987008793013436,0.057406824082136154,0.14723661754812514,0.0,0.0,0.0,0.0,0.0,18473,global,0.0
2,3,lr1e-05_bs8_drop0p4_temp2p0_a0p25_b0p05__wd1e-04trmiss0_degmodglobal,8,1e-05,0.0001,0.4,2.0,0.25,0.05,lr1e-05_bs8_drop0p4_temp2p0_a0p25_b0p05__wd1e-04trmiss0_degmodglobal,25,0.6983535289764404,0.7871394455432892,0.16666666666666669,0.5723215056548391,0.23076923076923078,0.0,0.6443965945925031,0.6742597477776664,0.06567007516111646,0.15352526945727213,0.0,0.0,0.0,0.0,0.0,18473,global,0.0
2,3,lr1e-04_bs16_drop0p2_temp1p0_a0p25_b0p05__wd1e-04trmiss0_degmodglobal,16,0.0001,0.0001,0.2,1.0,0.25,0.05,lr1e-04_bs16_drop0p2_temp1p0_a0p25_b0p05__wd1e-04trmiss0_degmodglobal,1,0.7360447496175766,0.7438117265701294,0.4722222222222222,0.6667819834486501,0.38461538461538464,0.0,0.6640005111694336,0.7215305417776108,0.03671862371265888,0.1066905576735735,0.0,0.0,0.0,0.0,0.0,18473,global,0.0
2,3,lr1e-04_bs16_drop0p2_temp1p0_a0p25_b0p05__wd1e-04trmiss0_degmodglobal,16,0.0001,0.0001,0.2,1.0,0.25,0.05,lr1e-04_bs16_drop0p2_temp1p0_a0p25_b0p05__wd1e-04trmiss0_degmodglobal,2,0.6905120462179184,0.7691981792449951,0.3055555555555556,0.6170745920745921,0.3076923076923077,0.0,0.6348903626203537,0.6778632402420044,0.035720968153327703,0.07437129504978657,0.0,0.0,0.0,0.0,0.0,18473,global,0.0
2,3,lr1e-04_bs16_drop0p2_temp1p0_a0p25_b0p05__wd1e-04trmiss0_degmodglobal,16,0.0001,0.0001,0.2,1.0,0.25,0.05,lr1e-04_bs16_drop0p2_temp1p0_a0p25_b0p05__wd1e-04trmiss0_degmodglobal,3,0.6589153856039047,0.787381112575531,0.25,0.5990851740851741,0.3076923076923077,0.0,0.6173332780599594,0.6448207050561905,0.04073562892153859,0.07821588590741158,0.0,0.0,0.0,0.0,0.0,18473,global,0.0
2,3,lr1e-04_bs16_drop0p2_temp1p0_a0p25_b0p05__wd1e-04trmiss0_degmodglobal,16,0.0001,0.0001,0.2,1.0,0.25,0.05,lr1e-04_bs16_drop0p2_temp1p0_a0p25_b0p05__wd1e-04trmiss0_degmodglobal,4,0.6958167552947998,0.8065279722213745,0.19444444444444442,0.580258013591347,0.23076923076923078,0.0,0.6269150376319885,0.6812993735074997,0.039854769594967365,0.09107357077300549,0.0,0.0,0.0,0.0,0.0,18473,global,0.0
2,3,lr1e-04_bs16_drop0p2_temp1p0_a0p25_b0p05__wd1e-04trmiss0_degmodglobal,16,0.0001,0.0001,0.2,1.0,0.25,0.05,lr1e-04_bs16_drop0p2_temp1p0_a0p25_b0p05__wd1e-04trmiss0_degmodglobal,5,0.6309070289134979,0.821887731552124,0.19444444444444445,0.5768629518629519,0.23076923076923078,0.0,0.5908115208148956,0.6146570593118668,0.045640797819942236,0.09679540432989597,0.0,0.0,0.0,0.0,0.0,18473,global,0.0
2,3,lr1e-04_bs16_drop0p2_temp1p0_a0p25_b0p05__wd1e-04trmiss0_degmodglobal,16,0.0001,0.0001,0.2,1.0,0.25,0.05,lr1e-04_bs16_drop0p2_temp1p0_a0p25_b0p05__wd1e-04trmiss0_degmodglobal,6,0.614258274435997,0.8282230496406555,0.16666666666666666,0.5691469024802358,0.23076923076923078,0.0,0.5866115838289261,0.59754279255867,0.04842702578753233,0.09217432327568531,0.0,0.0,0.0,0.0,0.0,18473,global,0.0
2,3,lr1e-04_bs16_drop0p2_temp1p0_a0p25_b0p05__wd1e-04trmiss0_degmodglobal,16,0.0001,0.0001,0.2,1.0,0.25,0.05,lr1e-04_bs16_drop0p2_temp1p0_a0p25_b0p05__wd1e-04trmiss0_degmodglobal,7,0.6165573447942734,0.8341582417488098,0.1388888888888889,0.5612103945437279,0.23076923076923078,0.0,0.5696534886956215,0.5960202515125275,0.05720384791493416,0.12472300417721272,0.0,0.0,0.0,0.0,0.0,18473,global,0.0
2,3,lr1e-04_bs16_drop0p2_temp1p0_a0p25_b0p05__wd1e-04trmiss0_degmodglobal,16,0.0001,0.0001,0.2,1.0,0.25,0.05,lr1e-04_bs16_drop0p2_temp1p0_a0p25_b0p05__wd1e-04trmiss0_degmodglobal,8,0.6104500740766525,0.8406618237495422,0.1388888888888889,0.5612103945437279,0.23076923076923078,0.0,0.5647940039634705,0.5967770665884018,0.038442835211753845,0.08124573435634375,0.0,0.0,0.0,0.0,0.0,18473,global,0.0
2,3,lr1e-04_bs16_drop0p2_temp1p0_a0p25_b0p05__wd1e-04trmiss0_degmodglobal,16,0.0001,0.0001,0.2,1.0,0.25,0.05,lr1e-04_bs16_drop0p2_temp1p0_a0p25_b0p05__wd1e-04trmiss0_degmodglobal,9,0.611026719212532,0.8594950437545776,0.1388888888888889,0.5612103945437279,0.23076923076923078,0.0,0.6166554987430573,0.6002869606018066,0.03165809437632561,0.05650516226887703,0.0,0.0,0.0,0.0,0.0,18473,global,0.0
2,3,lr1e-04_bs16_drop0p2_temp1p0_a0p25_b0p05__wd1e-04trmiss0_degmodglobal,16,0.0001,0.0001,0.2,1.0,0.25,0.05,lr1e-04_bs16_drop0p2_temp1p0_a0p25_b0p05__wd1e-04trmiss0_degmodglobal,10,0.6000746637582779,0.8579059839248657,0.1388888888888889,0.5612103945437279,0.23076923076923078,0.0,0.5566141903400421,0.5837967395782471,0.0467354916036129,0.09188093058764935,0.0,0.0,0.0,0.0,0.0,18473,global,0.0
2,3,lr1e-04_bs16_drop0p2_temp1p0_a0p25_b0p05__wd1e-04trmiss0_degmodglobal,16,0.0001,0.0001,0.2,1.0,0.25,0.05,lr1e-04_bs16_drop0p2_temp1p0_a0p25_b0p05__wd1e-04trmiss0_degmodglobal,11,0.5990924388170242,0.8562317490577698,0.1388888888888889,0.5612103945437279,0.23076923076923078,0.0,0.5884195268154144,0.5852415859699249,0.04105730401352048,0.07173038925975561,0.0,0.0,0.0,0.0,0.0,18473,global,0.0
2,3,lr1e-04_bs16_drop0p2_temp1p0_a0p25_b0p05__wd1e-04trmiss0_degmodglobal,16,0.0001,0.0001,0.2,1.0,0.25,0.05,lr1e-04_bs16_drop0p2_temp1p0_a0p25_b0p05__wd1e-04trmiss0_degmodglobal,12,0.608395591378212,0.8654959797859192,0.1388888888888889,0.5612103945437279,0.15384615384615385,0.0,0.5665508806705475,0.5879175215959549,0.05495660100132227,0.13477830402553082,0.0,0.0,0.0,0.0,0.0,18473,global,0.0
2,3,lr1e-04_bs16_drop0p2_temp1p0_a0p25_b0p05__wd1e-04trmiss0_degmodglobal,16,0.0001,0.0001,0.2,1.0,0.25,0.05,lr1e-04_bs16_drop0p2_temp1p0_a0p25_b0p05__wd1e-04trmiss0_degmodglobal,13,0.6027198284864426,0.8632718324661255,0.1388888888888889,0.5612103945437279,0.15384615384615385,0.0,0.5366177186369896,0.5815488547086716,0.05655428674072027,0.14064815267920494,0.0,0.0,0.0,0.0,0.0,18473,global,0.0
2,3,lr1e-04_bs16_drop0p2_temp1p0_a0p25_b0p05__wd1e-04trmiss0_degmodglobal,16,0.0001,0.0001,0.2,1.0,0.25,0.05,lr1e-04_bs16_drop0p2_temp1p0_a0p25_b0p05__wd1e-04trmiss0_degmodglobal,14,0.5958196520805359,0.8760505318641663,0.1388888888888889,0.5612103945437279,0.15384615384615385,0.0,0.5840280055999756,0.5848996788263321,0.03336271643638611,0.05158566031605005,0.0,0.0,0.0,0.0,0.0,18473,global,0.0
2,3,lr1e-04_bs16_drop0p2_temp1p0_a0p25_b0p05__wd1e-04trmiss0_degmodglobal,16,0.0001,0.0001,0.2,1.0,0.25,0.05,lr1e-04_bs16_drop0p2_temp1p0_a0p25_b0p05__wd1e-04trmiss0_degmodglobal,15,0.6319143176078796,0.8749980330467224,0.1388888888888889,0.5612103945437279,0.15384615384615385,0.0,0.5688987076282501,0.618996262550354,0.03702775714918971,0.07322205230593681,0.0,0.0,0.0,0.0,0.0,18473,global,0.0
2,3,lr1e-04_bs16_drop0p2_temp1p0_a0p25_b0p05__wd1e-04trmiss0_degmodglobal,16,0.0001,0.0001,0.2,1.0,0.25,0.05,lr1e-04_bs16_drop0p2_temp1p0_a0p25_b0p05__wd1e-04trmiss0_degmodglobal,16,0.570692166686058,0.8669278621673584,0.1111111111111111,0.55327388660722,0.15384615384615385,0.0,0.5012666583061218,0.5560521706938744,0.041346074314787984,0.0860693072900176,0.0,0.0,0.0,0.0,0.0,18473,global,0.0
2,3,lr1e-04_bs16_drop0p2_temp1p0_a0p25_b0p05__wd1e-04trmiss0_degmodglobal,16,0.0001,0.0001,0.2,1.0,0.25,0.05,lr1e-04_bs16_drop0p2_temp1p0_a0p25_b0p05__wd1e-04trmiss0_degmodglobal,17,0.6082874089479446,0.8706129789352417,0.1111111111111111,0.55327388660722,0.15384615384615385,0.0,0.5027913749217987,0.5771775245666504,0.08484908193349838,0.19795244187116623,0.0,0.0,0.0,0.0,0.0,18473,global,0.0
2,3,lr1e-04_bs16_drop0p2_temp1p0_a0p25_b0p05__wd1e-04trmiss0_degmodglobal,16,0.0001,0.0001,0.2,1.0,0.25,0.05,lr1e-04_bs16_drop0p2_temp1p0_a0p25_b0p05__wd1e-04trmiss0_degmodglobal,18,0.5785432010889053,0.8796228766441345,0.1111111111111111,0.55327388660722,0.23076923076923078,0.0,0.516541600227356,0.5468958467245102,0.08466214686632156,0.20963628962635994,0.0,0.0,0.0,0.0,0.0,18473,global,0.0
2,3,lr1e-04_bs16_drop0p2_temp1p0_a0p25_b0p05__wd1e-04trmiss0_degmodglobal,16,0.0001,0.0001,0.2,1.0,0.25,0.05,lr1e-04_bs16_drop0p2_temp1p0_a0p25_b0p05__wd1e-04trmiss0_degmodglobal,19,0.5928776860237122,0.879821240901947,0.1111111111111111,0.55327388660722,0.23076923076923078,0.0,0.5434685721993446,0.5654339492321014,0.07437585666775703,0.1769954413175583,0.0,0.0,0.0,0.0,0.0,18473,global,0.0
2,3,lr1e-04_bs16_drop0p2_temp1p0_a0p25_b0p05__wd1e-04trmiss0_degmodglobal,16,0.0001,0.0001,0.2,1.0,0.25,0.05,lr1e-04_bs16_drop0p2_temp1p0_a0p25_b0p05__wd1e-04trmiss0_degmodglobal,20,0.5893490761518478,0.8721775412559509,0.1111111111111111,0.55327388660722,0.23076923076923078,0.0,0.501375749707222,0.5657360404729843,0.06935907527804375,0.12546522542834282,0.0,0.0,0.0,0.0,0.0,18473,global,0.0
2,3,lr1e-04_bs16_drop0p2_temp1p0_a0p25_b0p05__wd1e-04trmiss0_degmodglobal,16,0.0001,0.0001,0.2,1.0,0.25,0.05,lr1e-04_bs16_drop0p2_temp1p0_a0p25_b0p05__wd1e-04trmiss0_degmodglobal,21,0.5803014039993286,0.8746488690376282,0.1111111111111111,0.55327388660722,0.23076923076923078,0.0,0.5714872032403946,0.5619433969259262,0.053326720371842384,0.10052652657032013,0.0,0.0,0.0,0.0,0.0,18473,global,0.0
2,3,lr1e-04_bs16_drop0p2_temp1p0_a0p25_b0p05__wd1e-04trmiss0_degmodglobal,16,0.0001,0.0001,0.2,1.0,0.25,0.05,lr1e-04_bs16_drop0p2_temp1p0_a0p25_b0p05__wd1e-04trmiss0_degmodglobal,22,0.5769961625337601,0.8776330351829529,0.1388888888888889,0.5612103945437279,0.23076923076923078,0.0,0.5079854801297188,0.5594805479049683,0.047556170262396336,0.11253144405782223,0.0,0.0,0.0,0.0,0.0,18473,global,0.0
2,3,lr1e-04_bs16_drop0p2_temp1p0_a0p25_b0p05__wd1e-04trmiss0_degmodglobal,16,0.0001,0.0001,0.2,1.0,0.25,0.05,lr1e-04_bs16_drop0p2_temp1p0_a0p25_b0p05__wd1e-04trmiss0_degmodglobal,23,0.6052368730306625,0.8800081610679626,0.1388888888888889,0.5612103945437279,0.15384615384615385,0.0,0.5108823329210281,0.5836034417152405,0.062149868346750736,0.12191914580762386,0.0,0.0,0.0,0.0,0.0,18473,global,0.0
2,3,lr1e-04_bs16_drop0p2_temp1p0_a0p25_b0p05__wd1e-04trmiss0_degmodglobal,16,0.0001,0.0001,0.2,1.0,0.25,0.05,lr1e-04_bs16_drop0p2_temp1p0_a0p25_b0p05__wd1e-04trmiss0_degmodglobal,24,0.5862816572189331,0.8776816129684448,0.16666666666666666,0.5691469024802358,0.23076923076923078,0.0,0.5144740790128708,0.5692640691995621,0.046950348652899265,0.10559973353520036,0.0,0.0,0.0,0.0,0.0,18473,global,0.0
2,3,lr1e-04_bs16_drop0p2_temp1p0_a0p25_b0p05__wd1e-04trmiss0_degmodglobal,16,0.0001,0.0001,0.2,1.0,0.25,0.05,lr1e-04_bs16_drop0p2_temp1p0_a0p25_b0p05__wd1e-04trmiss0_degmodglobal,25,0.6011445373296738,0.8771758079528809,0.16666666666666666,0.5691469024802358,0.23076923076923078,0.0,0.49001169204711914,0.5753555297851562,0.07126778177917004,0.1594415009021759,0.0,0.0,0.0,0.0,0.0,18473,global,0.0
2,3,lr1e-04_bs16_drop0p2_temp2p0_a0p25_b0p05__wd1e-04trmiss0_degmodglobal,16,0.0001,0.0001,0.2,2.0,0.25,0.05,lr1e-04_bs16_drop0p2_temp2p0_a0p25_b0p05__wd1e-04trmiss0_degmodglobal,1,0.734948456287384,0.6894448399543762,0.2222222222222222,0.5842703592703593,0.6923076923076923,0.0,0.6433374732732773,0.7140501737594604,0.05562350153923035,0.139848243445158,0.0,0.0,0.0,0.0,0.0,18473,global,0.0
2,3,lr1e-04_bs16_drop0p2_temp2p0_a0p25_b0p05__wd1e-04trmiss0_degmodglobal,16,0.0001,0.0001,0.2,2.0,0.25,0.05,lr1e-04_bs16_drop0p2_temp2p0_a0p25_b0p05__wd1e-04trmiss0_degmodglobal,2,0.664291724562645,0.6956737637519836,0.25,0.5913410663410663,0.6923076923076923,0.0,0.610939085483551,0.6453394442796707,0.04809763003140688,0.13855749927461147,0.0,0.0,0.0,0.0,0.0,18473,global,0.0
2,3,lr1e-04_bs16_drop0p2_temp2p0_a0p25_b0p05__wd1e-04trmiss0_degmodglobal,16,0.0001,0.0001,0.2,2.0,0.25,0.05,lr1e-04_bs16_drop0p2_temp2p0_a0p25_b0p05__wd1e-04trmiss0_degmodglobal,3,0.6742780357599258,0.6968610882759094,0.25,0.5913410663410663,0.6153846153846154,0.0,0.6319296807050705,0.6562695503234863,0.05063378065824509,0.10700088925659657,0.0,0.0,0.0,0.0,0.0,18473,global,0.0
2,3,lr1e-04_bs16_drop0p2_temp2p0_a0p25_b0p05__wd1e-04trmiss0_degmodglobal,16,0.0001,0.0001,0.2,2.0,0.25,0.05,lr1e-04_bs16_drop0p2_temp2p0_a0p25_b0p05__wd1e-04trmiss0_degmodglobal,4,0.6508918553590775,0.6976968050003052,0.36111111111111105,0.6388158138158138,0.6153846153846154,0.0,0.5721769034862518,0.6295849680900574,0.05918912123888731,0.13019229471683502,0.0,0.0,0.0,0.0,0.0,18473,global,0.0
2,3,lr1e-04_bs16_drop0p2_temp2p0_a0p25_b0p05__wd1e-04trmiss0_degmodglobal,16,0.0001,0.0001,0.2,2.0,0.25,0.05,lr1e-04_bs16_drop0p2_temp2p0_a0p25_b0p05__wd1e-04trmiss0_degmodglobal,5,0.6313894838094711,0.6996262669563293,0.33333333333333337,0.6320818070818071,0.5384615384615384,0.0,0.5808146893978119,0.6127142161130905,0.05254017747938633,0.11080431379377842,0.0,0.0,0.0,0.0,0.0,18473,global,0.0
2,3,lr1e-04_bs16_drop0p2_temp2p0_a0p25_b0p05__wd1e-04trmiss0_degmodglobal,16,0.0001,0.0001,0.2,2.0,0.25,0.05,lr1e-04_bs16_drop0p2_temp2p0_a0p25_b0p05__wd1e-04trmiss0_degmodglobal,6,0.6190560460090637,0.715508222579956,0.25,0.583933658933659,0.6153846153846154,0.0,0.5831567198038101,0.6002634018659592,0.0492260018363595,0.12972311303019524,0.0,0.0,0.0,0.0,0.0,18473,global,0.0
2,3,lr1e-04_bs16_drop0p2_temp2p0_a0p25_b0p05__wd1e-04trmiss0_degmodglobal,16,0.0001,0.0001,0.2,2.0,0.25,0.05,lr1e-04_bs16_drop0p2_temp2p0_a0p25_b0p05__wd1e-04trmiss0_degmodglobal,7,0.6184259355068207,0.722661018371582,0.2222222222222222,0.5768629518629518,0.5384615384615384,0.0,0.5257769674062729,0.6002456545829773,0.048538985662162304,0.12091090343892574,0.0,0.0,0.0,0.0,0.0,18473,global,0.0
2,3,lr1e-04_bs16_drop0p2_temp2p0_a0p25_b0p05__wd1e-04trmiss0_degmodglobal,16,0.0001,0.0001,0.2,2.0,0.25,0.05,lr1e-04_bs16_drop0p2_temp2p0_a0p25_b0p05__wd1e-04trmiss0_degmodglobal,8,0.6105503886938095,0.716371476650238,0.2777777777777778,0.5950447700447701,0.6153846153846154,0.0,0.5341395735740662,0.5853830873966217,0.0650630360469222,0.17803090810775757,0.0,0.0,0.0,0.0,0.0,18473,global,0.0
2,3,lr1e-04_bs16_drop0p2_temp2p0_a0p25_b0p05__wd1e-04trmiss0_degmodglobal,16,0.0001,0.0001,0.2,2.0,0.25,0.05,lr1e-04_bs16_drop0p2_temp2p0_a0p25_b0p05__wd1e-04trmiss0_degmodglobal,9,0.5820828974246979,0.715529203414917,0.33333333333333337,0.6241452991452991,0.6153846153846154,0.0,0.5193922966718674,0.5650349706411362,0.048179627396166325,0.10006064921617508,0.0,0.0,0.0,0.0,0.0,18473,global,0.0
2,3,lr1e-04_bs16_drop0p2_temp2p0_a0p25_b0p05__wd1e-04trmiss0_degmodglobal,16,0.0001,0.0001,0.2,2.0,0.25,0.05,lr1e-04_bs16_drop0p2_temp2p0_a0p25_b0p05__wd1e-04trmiss0_degmodglobal,10,0.5666438713669777,0.7153734564781189,0.3055555555555556,0.6056267806267805,0.6153846153846154,0.0,0.5145178288221359,0.54599479585886,0.059943369589746,0.11326485592871904,0.0,0.0,0.0,0.0,0.0,18473,global,0.0
2,3,lr1e-04_bs16_drop0p2_temp2p0_a0p25_b0p05__wd1e-04trmiss0_degmodglobal,16,0.0001,0.0001,0.2,2.0,0.25,0.05,lr1e-04_bs16_drop0p2_temp2p0_a0p25_b0p05__wd1e-04trmiss0_degmodglobal,11,0.5764247328042984,0.7202205657958984,0.3055555555555556,0.6056267806267805,0.6153846153846154,0.0,0.4988477751612663,0.5549777746200562,0.061285600066185,0.12251120805740356,0.0,0.0,0.0,0.0,0.0,18473,global,0.0
2,3,lr1e-04_bs16_drop0p2_temp2p0_a0p25_b0p05__wd1e-04trmiss0_degmodglobal,16,0.0001,0.0001,0.2,2.0,0.25,0.05,lr1e-04_bs16_drop0p2_temp2p0_a0p25_b0p05__wd1e-04trmiss0_degmodglobal,12,0.6197482198476791,0.7252235412597656,0.2777777777777778,0.5950447700447701,0.6153846153846154,0.0,0.5214457884430885,0.5949731171131134,0.06836671475321054,0.15366827696561813,0.0,0.0,0.0,0.0,0.0,18473,global,0.0
2,3,lr1e-04_bs16_drop0p2_temp2p0_a0p25_b0p05__wd1e-04trmiss0_degmodglobal,16,0.0001,0.0001,0.2,2.0,0.25,0.05,lr1e-04_bs16_drop0p2_temp2p0_a0p25_b0p05__wd1e-04trmiss0_degmodglobal,13,0.613107219338417,0.7287478446960449,0.3055555555555556,0.6056267806267805,0.5384615384615384,0.0,0.5207984447479248,0.5824884921312332,0.07658193167299032,0.22946475818753242,0.0,0.0,0.0,0.0,0.0,18473,global,0.0
2,3,lr1e-04_bs16_drop0p2_temp2p0_a0p25_b0p05__wd1e-04trmiss0_degmodglobal,16,0.0001,0.0001,0.2,2.0,0.25,0.05,lr1e-04_bs16_drop0p2_temp2p0_a0p25_b0p05__wd1e-04trmiss0_degmodglobal,14,0.5550475567579269,0.7275102138519287,0.3055555555555556,0.6056267806267805,0.6153846153846154,0.0,0.49219615012407303,0.5352455824613571,0.06051517277956009,0.0934640783816576,0.0,0.0,0.0,0.0,0.0,18473,global,0.0
2,3,lr1e-04_bs16_drop0p2_temp2p0_a0p25_b0p05__wd1e-04trmiss0_degmodglobal,16,0.0001,0.0001,0.2,2.0,0.25,0.05,lr1e-04_bs16_drop0p2_temp2p0_a0p25_b0p05__wd1e-04trmiss0_degmodglobal,15,0.581304132938385,0.7311345338821411,0.3055555555555556,0.6056267806267805,0.6153846153846154,0.0,0.5147917345166206,0.5637794882059097,0.05033611319959164,0.09881256800144911,0.0,0.0,0.0,0.0,0.0,18473,global,0.0
2,3,lr1e-04_bs16_drop0p2_temp2p0_a0p25_b0p05__wd1e-04trmiss0_degmodglobal,16,0.0001,0.0001,0.2,2.0,0.25,0.05,lr1e-04_bs16_drop0p2_temp2p0_a0p25_b0p05__wd1e-04trmiss0_degmodglobal,16,0.5841629058122635,0.7301051616668701,0.2777777777777778,0.5950447700447701,0.6153846153846154,0.0,0.4650641679763794,0.5551411062479019,0.07393533177673817,0.21075927279889584,0.0,0.0,0.0,0.0,0.0,18473,global,0.0
2,3,lr1e-04_bs16_drop0p2_temp2p0_a0p25_b0p05__wd1e-04trmiss0_degmodglobal,16,0.0001,0.0001,0.2,2.0,0.25,0.05,lr1e-04_bs16_drop0p2_temp2p0_a0p25_b0p05__wd1e-04trmiss0_degmodglobal,17,0.5702253580093384,0.7290240526199341,0.3055555555555555,0.6017787767787768,0.6153846153846154,0.0,0.46892909705638885,0.5458434820175171,0.06589467823505402,0.15816431492567062,0.0,0.0,0.0,0.0,0.0,18473,global,0.0
2,3,lr1e-04_bs16_drop0p2_temp2p0_a0p25_b0p05__wd1e-04trmiss0_degmodglobal,16,0.0001,0.0001,0.2,2.0,0.25,0.05,lr1e-04_bs16_drop0p2_temp2p0_a0p25_b0p05__wd1e-04trmiss0_degmodglobal,18,0.5932622253894806,0.7320513725280762,0.3055555555555555,0.6017787767787768,0.6153846153846154,0.0,0.48955322802066803,0.5693484544754028,0.06399660278111696,0.15829278901219368,0.0,0.0,0.0,0.0,0.0,18473,global,0.0
2,3,lr1e-04_bs16_drop0p2_temp2p0_a0p25_b0p05__wd1e-04trmiss0_degmodglobal,16,0.0001,0.0001,0.2,2.0,0.25,0.05,lr1e-04_bs16_drop0p2_temp2p0_a0p25_b0p05__wd1e-04trmiss0_degmodglobal,19,0.58806511759758,0.734000027179718,0.3055555555555555,0.6017787767787768,0.6153846153846154,0.0,0.4521053731441498,0.5551909804344177,0.0882367193698883,0.2162992563098669,0.0,0.0,0.0,0.0,0.0,18473,global,0.0
2,3,lr1e-04_bs16_drop0p2_temp2p0_a0p25_b0p05__wd1e-04trmiss0_degmodglobal,16,0.0001,0.0001,0.2,2.0,0.25,0.05,lr1e-04_bs16_drop0p2_temp2p0_a0p25_b0p05__wd1e-04trmiss0_degmodglobal,20,0.5681775957345963,0.7393069267272949,0.3055555555555555,0.6017787767787768,0.6153846153846154,0.0,0.4829355925321579,0.5425363481044769,0.06991563178598881,0.16324677504599094,0.0,0.0,0.0,0.0,0.0,18473,global,0.0
2,3,lr1e-04_bs16_drop0p2_temp2p0_a0p25_b0p05__wd1e-04trmiss0_degmodglobal,16,0.0001,0.0001,0.2,2.0,0.25,0.05,lr1e-04_bs16_drop0p2_temp2p0_a0p25_b0p05__wd1e-04trmiss0_degmodglobal,21,0.5589165687561035,0.7437387704849243,0.3055555555555555,0.6017787767787768,0.5384615384615384,0.0,0.46035394817590714,0.5325339287519455,0.07167546544224024,0.16927574574947357,0.0,0.0,0.0,0.0,0.0,18473,global,0.0
2,3,lr1e-04_bs16_drop0p2_temp2p0_a0p25_b0p05__wd1e-04trmiss0_degmodglobal,16,0.0001,0.0001,0.2,2.0,0.25,0.05,lr1e-04_bs16_drop0p2_temp2p0_a0p25_b0p05__wd1e-04trmiss0_degmodglobal,22,0.5606553703546524,0.7508171200752258,0.2777777777777778,0.5950447700447701,0.5384615384615384,0.0,0.4578930363059044,0.534444272518158,0.07950904220342636,0.12667647190392017,0.0,0.0,0.0,0.0,0.0,18473,global,0.0
2,3,lr1e-04_bs16_drop0p2_temp2p0_a0p25_b0p05__wd1e-04trmiss0_degmodglobal,16,0.0001,0.0001,0.2,2.0,0.25,0.05,lr1e-04_bs16_drop0p2_temp2p0_a0p25_b0p05__wd1e-04trmiss0_degmodglobal,23,0.5501706600189209,0.7482993602752686,0.2777777777777778,0.5950447700447701,0.5384615384615384,0.0,0.46824172139167786,0.5285248309373856,0.0626234095543623,0.11979991942644119,0.0,0.0,0.0,0.0,0.0,18473,global,0.0
2,3,lr1e-04_bs16_drop0p2_temp2p0_a0p25_b0p05__wd1e-04trmiss0_degmodglobal,16,0.0001,0.0001,0.2,2.0,0.25,0.05,lr1e-04_bs16_drop0p2_temp2p0_a0p25_b0p05__wd1e-04trmiss0_degmodglobal,24,0.5579639822244644,0.7496568560600281,0.3055555555555555,0.6017787767787768,0.5384615384615384,0.0,0.4408489689230919,0.5292052775621414,0.08434302359819412,0.153458995744586,0.0,0.0,0.0,0.0,0.0,18473,global,0.0
2,3,lr1e-04_bs16_drop0p2_temp2p0_a0p25_b0p05__wd1e-04trmiss0_degmodglobal,16,0.0001,0.0001,0.2,2.0,0.25,0.05,lr1e-04_bs16_drop0p2_temp2p0_a0p25_b0p05__wd1e-04trmiss0_degmodglobal,25,0.5882474482059479,0.7532970905303955,0.3055555555555555,0.6017787767787768,0.5384615384615384,0.0,0.472760945558548,0.5567524880170822,0.09015362989157438,0.17913125595077872,0.0,0.0,0.0,0.0,0.0,18473,global,0.0
2,3,lr1e-04_bs16_drop0p4_temp1p0_a0p25_b0p05__wd1e-04trmiss0_degmodglobal,16,0.0001,0.0001,0.4,1.0,0.25,0.05,lr1e-04_bs16_drop0p4_temp1p0_a0p25_b0p05__wd1e-04trmiss0_degmodglobal,1,0.7509213238954544,0.7224250435829163,0.25,0.6435296185296187,0.3076923076923077,0.0,0.6727748811244965,0.7195249199867249,0.07229520566761494,0.2664523236453533,0.0,0.0,0.0,0.0,0.0,18473,global,0.0
2,3,lr1e-04_bs16_drop0p4_temp1p0_a0p25_b0p05__wd1e-04trmiss0_degmodglobal,16,0.0001,0.0001,0.4,1.0,0.25,0.05,lr1e-04_bs16_drop0p4_temp1p0_a0p25_b0p05__wd1e-04trmiss0_degmodglobal,2,0.6973881125450134,0.7436166405677795,0.19444444444444442,0.6278770612103945,0.3076923076923077,0.0,0.603718712925911,0.6658284068107605,0.08151043206453323,0.22364229708909988,0.0,0.0,0.0,0.0,0.0,18473,global,0.0
2,3,lr1e-04_bs16_drop0p4_temp1p0_a0p25_b0p05__wd1e-04trmiss0_degmodglobal,16,0.0001,0.0001,0.4,1.0,0.25,0.05,lr1e-04_bs16_drop0p4_temp1p0_a0p25_b0p05__wd1e-04trmiss0_degmodglobal,3,0.6862189173698425,0.7587610483169556,0.16666666666666666,0.6167659500992835,0.23076923076923078,0.0,0.5667149275541306,0.6546914726495743,0.07376415282487869,0.2617282420396805,0.0,0.0,0.0,0.0,0.0,18473,global,0.0
2,3,lr1e-04_bs16_drop0p4_temp1p0_a0p25_b0p05__wd1e-04trmiss0_degmodglobal,16,0.0001,0.0001,0.4,1.0,0.25,0.05,lr1e-04_bs16_drop0p4_temp1p0_a0p25_b0p05__wd1e-04trmiss0_degmodglobal,4,0.6641052961349487,0.767040491104126,0.16666666666666666,0.6167659500992835,0.3076923076923077,0.0,0.5733583271503448,0.6388496905565262,0.0611518369987607,0.19935323018580675,0.0,0.0,0.0,0.0,0.0,18473,global,0.0
2,3,lr1e-04_bs16_drop0p4_temp1p0_a0p25_b0p05__wd1e-04trmiss0_degmodglobal,16,0.0001,0.0001,0.4,1.0,0.25,0.05,lr1e-04_bs16_drop0p4_temp1p0_a0p25_b0p05__wd1e-04trmiss0_degmodglobal,5,0.653070867061615,0.7690320611000061,0.16666666666666666,0.6167659500992835,0.3076923076923077,0.0,0.5545687973499298,0.6236940175294876,0.06923847831785679,0.24134457111358643,0.0,0.0,0.0,0.0,0.0,18473,global,0.0
2,3,lr1e-04_bs16_drop0p4_temp1p0_a0p25_b0p05__wd1e-04trmiss0_degmodglobal,16,0.0001,0.0001,0.4,1.0,0.25,0.05,lr1e-04_bs16_drop0p4_temp1p0_a0p25_b0p05__wd1e-04trmiss0_degmodglobal,6,0.6720068156719208,0.7668585181236267,0.16666666666666666,0.6167659500992835,0.15384615384615385,0.0,0.5736548006534576,0.6332433074712753,0.09977634064853191,0.2763883750885725,0.0,0.0,0.0,0.0,0.0,18473,global,0.0
2,3,lr1e-04_bs16_drop0p4_temp1p0_a0p25_b0p05__wd1e-04trmiss0_degmodglobal,16,0.0001,0.0001,0.4,1.0,0.25,0.05,lr1e-04_bs16_drop0p4_temp1p0_a0p25_b0p05__wd1e-04trmiss0_degmodglobal,7,0.6735889464616776,0.7687304019927979,0.16666666666666666,0.6167659500992835,0.23076923076923078,0.0,0.5503126233816147,0.6381316483020782,0.08511312119662762,0.28358036652207375,0.0,0.0,0.0,0.0,0.0,18473,global,0.0
2,3,lr1e-04_bs16_drop0p4_temp1p0_a0p25_b0p05__wd1e-04trmiss0_degmodglobal,16,0.0001,0.0001,0.4,1.0,0.25,0.05,lr1e-04_bs16_drop0p4_temp1p0_a0p25_b0p05__wd1e-04trmiss0_degmodglobal,8,0.6764091998338699,0.7683786749839783,0.19444444444444442,0.6278770612103945,0.23076923076923078,0.0,0.5450947433710098,0.6361766159534454,0.08960841223597527,0.35660990327596664,0.0,0.0,0.0,0.0,0.0,18473,global,0.0
2,3,lr1e-04_bs16_drop0p4_temp1p0_a0p25_b0p05__wd1e-04trmiss0_degmodglobal,16,0.0001,0.0001,0.4,1.0,0.25,0.05,lr1e-04_bs16_drop0p4_temp1p0_a0p25_b0p05__wd1e-04trmiss0_degmodglobal,9,0.6668370366096497,0.7673466205596924,0.2222222222222222,0.6389881723215056,0.23076923076923078,0.0,0.5407082885503769,0.6229502111673355,0.10240446776151657,0.3657147139310837,0.0,0.0,0.0,0.0,0.0,18473,global,0.0
2,3,lr1e-04_bs16_drop0p4_temp1p0_a0p25_b0p05__wd1e-04trmiss0_degmodglobal,16,0.0001,0.0001,0.4,1.0,0.25,0.05,lr1e-04_bs16_drop0p4_temp1p0_a0p25_b0p05__wd1e-04trmiss0_degmodglobal,10,0.618026465177536,0.7707387804985046,0.2222222222222222,0.6389881723215056,0.23076923076923078,0.0,0.49626267701387405,0.5822606235742569,0.09001731593161821,0.26522985845804214,0.0,0.0,0.0,0.0,0.0,18473,global,0.0
2,3,lr1e-04_bs16_drop0p4_temp1p0_a0p25_b0p05__wd1e-04trmiss0_degmodglobal,16,0.0001,0.0001,0.4,1.0,0.25,0.05,lr1e-04_bs16_drop0p4_temp1p0_a0p25_b0p05__wd1e-04trmiss0_degmodglobal,11,0.6525386571884155,0.7712995409965515,0.2222222222222222,0.6389881723215056,0.23076923076923078,0.0,0.5141201540827751,0.6188629865646362,0.08248018845915794,0.2611125782132149,0.0,0.0,0.0,0.0,0.0,18473,global,0.0
2,3,lr1e-04_bs16_drop0p4_temp1p0_a0p25_b0p05__wd1e-04trmiss0_degmodglobal,16,0.0001,0.0001,0.4,1.0,0.25,0.05,lr1e-04_bs16_drop0p4_temp1p0_a0p25_b0p05__wd1e-04trmiss0_degmodglobal,12,0.6446585357189178,0.770828127861023,0.2222222222222222,0.6389881723215056,0.23076923076923078,0.0,0.5086579322814941,0.6053683906793594,0.10602309927344322,0.25568737834692,0.0,0.0,0.0,0.0,0.0,18473,global,0.0
2,3,lr1e-04_bs16_drop0p4_temp1p0_a0p25_b0p05__wd1e-04trmiss0_degmodglobal,16,0.0001,0.0001,0.4,1.0,0.25,0.05,lr1e-04_bs16_drop0p4_temp1p0_a0p25_b0p05__wd1e-04trmiss0_degmodglobal,13,0.5970007032155991,0.7705309391021729,0.2777777777777778,0.6546407296407297,0.23076923076923078,0.0,0.49266064912080765,0.5592519715428352,0.09259698167443275,0.291989728808403,0.0,0.0,0.0,0.0,0.0,18473,global,0.0
2,3,lr1e-04_bs16_drop0p4_temp1p0_a0p25_b0p05__wd1e-04trmiss0_degmodglobal,16,0.0001,0.0001,0.4,1.0,0.25,0.05,lr1e-04_bs16_drop0p4_temp1p0_a0p25_b0p05__wd1e-04trmiss0_degmodglobal,14,0.6361154615879059,0.7689633369445801,0.2222222222222222,0.6389881723215056,0.23076923076923078,0.0,0.5059397965669632,0.5911431312561035,0.10632426850497723,0.36782509833574295,0.0,0.0,0.0,0.0,0.0,18473,global,0.0
2,3,lr1e-04_bs16_drop0p4_temp1p0_a0p25_b0p05__wd1e-04trmiss0_degmodglobal,16,0.0001,0.0001,0.4,1.0,0.25,0.05,lr1e-04_bs16_drop0p4_temp1p0_a0p25_b0p05__wd1e-04trmiss0_degmodglobal,15,0.6066348850727081,0.771350622177124,0.2222222222222222,0.6389881723215056,0.23076923076923078,0.0,0.507158063352108,0.5698929578065872,0.09363081678748131,0.26668456196784973,0.0,0.0,0.0,0.0,0.0,18473,global,0.0
2,3,lr1e-04_bs16_drop0p4_temp1p0_a0p25_b0p05__wd1e-04trmiss0_degmodglobal,16,0.0001,0.0001,0.4,1.0,0.25,0.05,lr1e-04_bs16_drop0p4_temp1p0_a0p25_b0p05__wd1e-04trmiss0_degmodglobal,16,0.6174008101224899,0.7711968421936035,0.2222222222222222,0.6389881723215056,0.23076923076923078,0.0,0.5332142934203148,0.5845069289207458,0.07872342690825462,0.26426031440496445,0.0,0.0,0.0,0.0,0.0,18473,global,0.0
2,3,lr1e-04_bs16_drop0p4_temp1p0_a0p25_b0p05__wd1e-04trmiss0_degmodglobal,16,0.0001,0.0001,0.4,1.0,0.25,0.05,lr1e-04_bs16_drop0p4_temp1p0_a0p25_b0p05__wd1e-04trmiss0_degmodglobal,17,0.582547664642334,0.7736808657646179,0.2222222222222222,0.6389881723215056,0.23076923076923078,0.0,0.5235356241464615,0.5528488978743553,0.06820440106093884,0.2529536858201027,0.0,0.0,0.0,0.0,0.0,18473,global,0.0
2,3,lr1e-04_bs16_drop0p4_temp1p0_a0p25_b0p05__wd1e-04trmiss0_degmodglobal,16,0.0001,0.0001,0.4,1.0,0.25,0.05,lr1e-04_bs16_drop0p4_temp1p0_a0p25_b0p05__wd1e-04trmiss0_degmodglobal,18,0.6531542092561722,0.7762818336486816,0.2222222222222222,0.6389881723215056,0.23076923076923078,0.0,0.5061503648757935,0.610783576965332,0.09889203403145075,0.35295288264751434,0.0,0.0,0.0,0.0,0.0,18473,global,0.0
2,3,lr1e-04_bs16_drop0p4_temp1p0_a0p25_b0p05__wd1e-04trmiss0_degmodglobal,16,0.0001,0.0001,0.4,1.0,0.25,0.05,lr1e-04_bs16_drop0p4_temp1p0_a0p25_b0p05__wd1e-04trmiss0_degmodglobal,19,0.6107045710086823,0.7779456377029419,0.2222222222222222,0.6389881723215056,0.23076923076923078,0.0,0.4800478145480156,0.5715097784996033,0.10681921616196632,0.24980004504323006,0.0,0.0,0.0,0.0,0.0,18473,global,0.0
2,3,lr1e-04_bs16_drop0p4_temp1p0_a0p25_b0p05__wd1e-04trmiss0_degmodglobal,16,0.0001,0.0001,0.4,1.0,0.25,0.05,lr1e-04_bs16_drop0p4_temp1p0_a0p25_b0p05__wd1e-04trmiss0_degmodglobal,20,0.6363713443279266,0.7717950344085693,0.2222222222222222,0.6389881723215056,0.23076923076923078,0.0,0.48894909024238586,0.5945426821708679,0.10361254587769508,0.31851016730070114,0.0,0.0,0.0,0.0,0.0,18473,global,0.0
2,3,lr1e-04_bs16_drop0p4_temp1p0_a0p25_b0p05__wd1e-04trmiss0_degmodglobal,16,0.0001,0.0001,0.4,1.0,0.25,0.05,lr1e-04_bs16_drop0p4_temp1p0_a0p25_b0p05__wd1e-04trmiss0_degmodglobal,21,0.6150508522987366,0.7709167003631592,0.2222222222222222,0.6389881723215056,0.23076923076923078,0.0,0.497475802898407,0.561005488038063,0.13031049259006977,0.4293547421693802,0.0,0.0,0.0,0.0,0.0,18473,global,0.0
2,3,lr1e-04_bs16_drop0p4_temp1p0_a0p25_b0p05__wd1e-04trmiss0_degmodglobal,16,0.0001,0.0001,0.4,1.0,0.25,0.05,lr1e-04_bs16_drop0p4_temp1p0_a0p25_b0p05__wd1e-04trmiss0_degmodglobal,22,0.6038508117198944,0.7699856758117676,0.25,0.6469246802580135,0.23076923076923078,0.0,0.4787200838327408,0.5646697580814362,0.09386986214667559,0.3142714537680149,0.0,0.0,0.0,0.0,0.0,18473,global,0.0
2,3,lr1e-04_bs16_drop0p4_temp1p0_a0p25_b0p05__wd1e-04trmiss0_degmodglobal,16,0.0001,0.0001,0.4,1.0,0.25,0.05,lr1e-04_bs16_drop0p4_temp1p0_a0p25_b0p05__wd1e-04trmiss0_degmodglobal,23,0.6164055615663528,0.7703427076339722,0.25,0.6469246802580135,0.23076923076923078,0.0,0.47774139791727066,0.5735572427511215,0.10010520741343498,0.3564402386546135,0.0,0.0,0.0,0.0,0.0,18473,global,0.0
2,3,lr1e-04_bs16_drop0p4_temp1p0_a0p25_b0p05__wd1e-04trmiss0_degmodglobal,16,0.0001,0.0001,0.4,1.0,0.25,0.05,lr1e-04_bs16_drop0p4_temp1p0_a0p25_b0p05__wd1e-04trmiss0_degmodglobal,24,0.5910213142633438,0.7721041440963745,0.2777777777777778,0.6546407296407297,0.23076923076923078,0.0,0.4640473499894142,0.5420041382312775,0.1165452841669321,0.39761726930737495,0.0,0.0,0.0,0.0,0.0,18473,global,0.0
2,3,lr1e-04_bs16_drop0p4_temp1p0_a0p25_b0p05__wd1e-04trmiss0_degmodglobal,16,0.0001,0.0001,0.4,1.0,0.25,0.05,lr1e-04_bs16_drop0p4_temp1p0_a0p25_b0p05__wd1e-04trmiss0_degmodglobal,25,0.639986515045166,0.7722198963165283,0.2222222222222222,0.6389881723215056,0.23076923076923078,0.0,0.5424102246761322,0.6040224730968475,0.08977224119007587,0.2704196497797966,0.0,0.0,0.0,0.0,0.0,18473,global,0.0
2,3,lr1e-04_bs16_drop0p4_temp1p0_a0p25_b0p05__wd1e-04trmiss0_degmodglobal,16,0.0001,0.0001,0.4,1.0,0.25,0.05,lr1e-04_bs16_drop0p4_temp1p0_a0p25_b0p05__wd1e-04trmiss0_degmodglobal,26,0.6237898170948029,0.7733818292617798,0.2222222222222222,0.6389881723215056,0.23076923076923078,0.0,0.4563504159450531,0.5739241242408752,0.12389402650296688,0.3778436556458473,0.0,0.0,0.0,0.0,0.0,18473,global,0.0
2,3,lr1e-04_bs16_drop0p4_temp1p0_a0p25_b0p05__wd1e-04trmiss0_degmodglobal,16,0.0001,0.0001,0.4,1.0,0.25,0.05,lr1e-04_bs16_drop0p4_temp1p0_a0p25_b0p05__wd1e-04trmiss0_degmodglobal,27,0.6779474318027496,0.7803432941436768,0.25,0.6469246802580135,0.23076923076923078,0.0,0.4749111086130142,0.6308824419975281,0.10901950672268867,0.39620208740234375,0.0,0.0,0.0,0.0,0.0,18473,global,0.0
2,3,lr1e-04_bs16_drop0p4_temp1p0_a0p25_b0p05__wd1e-04trmiss0_degmodglobal,16,0.0001,0.0001,0.4,1.0,0.25,0.05,lr1e-04_bs16_drop0p4_temp1p0_a0p25_b0p05__wd1e-04trmiss0_degmodglobal,28,0.6096727102994919,0.7770101428031921,0.2222222222222222,0.6389881723215056,0.23076923076923078,0.0,0.5464470088481903,0.5628948211669922,0.1095869317650795,0.3876229226589203,0.0,0.0,0.0,0.0,0.0,18473,global,0.0
2,3,lr1e-04_bs16_drop0p4_temp1p0_a0p25_b0p05__wd1e-04trmiss0_degmodglobal,16,0.0001,0.0001,0.4,1.0,0.25,0.05,lr1e-04_bs16_drop0p4_temp1p0_a0p25_b0p05__wd1e-04trmiss0_degmodglobal,29,0.6068949550390244,0.7748119831085205,0.25,0.6469246802580135,0.23076923076923078,0.0,0.46560627967119217,0.5662069469690323,0.0966610237956047,0.33045483008027077,0.0,0.0,0.0,0.0,0.0,18473,global,0.0
2,3,lr1e-04_bs16_drop0p4_temp1p0_a0p25_b0p05__wd1e-04trmiss0_degmodglobal,16,0.0001,0.0001,0.4,1.0,0.25,0.05,lr1e-04_bs16_drop0p4_temp1p0_a0p25_b0p05__wd1e-04trmiss0_degmodglobal,30,0.6279750913381577,0.7742075324058533,0.25,0.6469246802580135,0.23076923076923078,0.0,0.44512637704610825,0.579618901014328,0.10500200465321541,0.44211360812187195,0.0,0.0,0.0,0.0,0.0,18473,global,0.0
2,3,lr1e-04_bs16_drop0p4_temp1p0_a0p25_b0p05__wd1e-04trmiss0_degmodglobal,16,0.0001,0.0001,0.4,1.0,0.25,0.05,lr1e-04_bs16_drop0p4_temp1p0_a0p25_b0p05__wd1e-04trmiss0_degmodglobal,31,0.5998076796531677,0.773909330368042,0.2222222222222222,0.6389881723215056,0.23076923076923078,0.0,0.4563657343387604,0.5489988476037979,0.12927543744444847,0.3697998523712158,0.0,0.0,0.0,0.0,0.0,18473,global,0.0
2,3,lr1e-04_bs16_drop0p4_temp1p0_a0p25_b0p05__wd1e-04trmiss0_degmodglobal,16,0.0001,0.0001,0.4,1.0,0.25,0.05,lr1e-04_bs16_drop0p4_temp1p0_a0p25_b0p05__wd1e-04trmiss0_degmodglobal,32,0.6389436274766922,0.7775226831436157,0.2777777777777778,0.6546407296407297,0.23076923076923078,0.0,0.4806325137615204,0.5982619524002075,0.09151368215680122,0.356065034866333,0.0,0.0,0.0,0.0,0.0,18473,global,0.0
2,3,lr1e-04_bs16_drop0p4_temp1p0_a0p25_b0p05__wd1e-04trmiss0_degmodglobal,16,0.0001,0.0001,0.4,1.0,0.25,0.05,lr1e-04_bs16_drop0p4_temp1p0_a0p25_b0p05__wd1e-04trmiss0_degmodglobal,33,0.6063892990350723,0.7775123715400696,0.2777777777777778,0.6546407296407297,0.23076923076923078,0.0,0.48411253839731216,0.5609239935874939,0.11021360568702221,0.3582380376756191,0.0,0.0,0.0,0.0,0.0,18473,global,0.0
2,3,lr1e-04_bs16_drop0p4_temp2p0_a0p25_b0p05__wd1e-04trmiss0_degmodglobal,16,0.0001,0.0001,0.4,2.0,0.25,0.05,lr1e-04_bs16_drop0p4_temp2p0_a0p25_b0p05__wd1e-04trmiss0_degmodglobal,1,0.6999110728502274,0.7320292592048645,0.0,0.5125331458664792,0.6153846153846154,0.0,0.6801868677139282,0.6788927614688873,0.05933624226599932,0.12368488311767578,0.0,0.0,0.0,0.0,0.0,18473,global,0.0
2,3,lr1e-04_bs16_drop0p4_temp2p0_a0p25_b0p05__wd1e-04trmiss0_degmodglobal,16,0.0001,0.0001,0.4,2.0,0.25,0.05,lr1e-04_bs16_drop0p4_temp2p0_a0p25_b0p05__wd1e-04trmiss0_degmodglobal,2,0.6782359778881073,0.7478652596473694,0.027777777777777776,0.5180887014220348,0.6153846153846154,0.0,0.6903221905231476,0.6587334722280502,0.05266910931095481,0.12670412089210004,0.0,0.0,0.0,0.0,0.0,18473,global,0.0
2,3,lr1e-04_bs16_drop0p4_temp2p0_a0p25_b0p05__wd1e-04trmiss0_degmodglobal,16,0.0001,0.0001,0.4,2.0,0.25,0.05,lr1e-04_bs16_drop0p4_temp2p0_a0p25_b0p05__wd1e-04trmiss0_degmodglobal,3,0.6575689017772675,0.7561129331588745,0.027777777777777776,0.5180887014220348,0.6153846153846154,0.0,0.6559610962867737,0.6377527564764023,0.05737640615552664,0.10944069735705853,0.0,0.0,0.0,0.0,0.0,18473,global,0.0
2,3,lr1e-04_bs16_drop0p4_temp2p0_a0p25_b0p05__wd1e-04trmiss0_degmodglobal,16,0.0001,0.0001,0.4,2.0,0.25,0.05,lr1e-04_bs16_drop0p4_temp2p0_a0p25_b0p05__wd1e-04trmiss0_degmodglobal,4,0.6423342972993851,0.7666809558868408,0.027777777777777776,0.5180887014220348,0.6153846153846154,0.0,0.6158734858036041,0.6108120828866959,0.08965994883328676,0.1821446605026722,0.0,0.0,0.0,0.0,0.0,18473,global,0.0
2,3,lr1e-04_bs16_drop0p4_temp2p0_a0p25_b0p05__wd1e-04trmiss0_degmodglobal,16,0.0001,0.0001,0.4,2.0,0.25,0.05,lr1e-04_bs16_drop0p4_temp2p0_a0p25_b0p05__wd1e-04trmiss0_degmodglobal,5,0.6355746686458588,0.7759264707565308,0.05555555555555555,0.5254961088294422,0.46153846153846156,0.0,0.6343673467636108,0.6097186803817749,0.07618813402950764,0.13617905974388123,0.0,0.0,0.0,0.0,0.0,18473,global,0.0
2,3,lr1e-04_bs16_drop0p4_temp2p0_a0p25_b0p05__wd1e-04trmiss0_degmodglobal,16,0.0001,0.0001,0.4,2.0,0.25,0.05,lr1e-04_bs16_drop0p4_temp2p0_a0p25_b0p05__wd1e-04trmiss0_degmodglobal,6,0.6175313591957092,0.7825480699539185,0.05555555555555555,0.5254961088294422,0.38461538461538464,0.0,0.6241594552993774,0.5881912410259247,0.07972605433315039,0.18817226216197014,0.0,0.0,0.0,0.0,0.0,18473,global,0.0
2,3,lr1e-04_bs16_drop0p4_temp2p0_a0p25_b0p05__wd1e-04trmiss0_degmodglobal,16,0.0001,0.0001,0.4,2.0,0.25,0.05,lr1e-04_bs16_drop0p4_temp2p0_a0p25_b0p05__wd1e-04trmiss0_degmodglobal,7,0.5663721263408661,0.7855190634727478,0.1388888888888889,0.5506283839617172,0.38461538461538464,0.0,0.6443379670381546,0.5366613194346428,0.07444390375167131,0.2219962254166603,0.0,0.0,0.0,0.0,0.0,18473,global,0.0
2,3,lr1e-04_bs16_drop0p4_temp2p0_a0p25_b0p05__wd1e-04trmiss0_degmodglobal,16,0.0001,0.0001,0.4,2.0,0.25,0.05,lr1e-04_bs16_drop0p4_temp2p0_a0p25_b0p05__wd1e-04trmiss0_degmodglobal,8,0.5856588035821915,0.8063778877258301,0.08333333333333333,0.5347553680887014,0.23076923076923078,0.0,0.6212573796510696,0.5544702857732773,0.08642953354865313,0.19162254966795444,0.0,0.0,0.0,0.0,0.0,18473,global,0.0
2,3,lr1e-04_bs16_drop0p4_temp2p0_a0p25_b0p05__wd1e-04trmiss0_degmodglobal,16,0.0001,0.0001,0.4,2.0,0.25,0.05,lr1e-04_bs16_drop0p4_temp2p0_a0p25_b0p05__wd1e-04trmiss0_degmodglobal,9,0.5816781967878342,0.8042047023773193,0.1111111111111111,0.5426918760252093,0.23076923076923078,0.0,0.6106345355510712,0.5528355240821838,0.07733513601124287,0.19017764553427696,0.0,0.0,0.0,0.0,0.0,18473,global,0.0
2,3,lr1e-04_bs16_drop0p4_temp2p0_a0p25_b0p05__wd1e-04trmiss0_degmodglobal,16,0.0001,0.0001,0.4,2.0,0.25,0.05,lr1e-04_bs16_drop0p4_temp2p0_a0p25_b0p05__wd1e-04trmiss0_degmodglobal,10,0.5487180948257446,0.8094422817230225,0.1111111111111111,0.5426918760252093,0.3076923076923077,0.0,0.6021241098642349,0.5234449356794357,0.07178916595876217,0.1465172851458192,0.0,0.0,0.0,0.0,0.0,18473,global,0.0
2,3,lr1e-04_bs16_drop0p4_temp2p0_a0p25_b0p05__wd1e-04trmiss0_degmodglobal,16,0.0001,0.0001,0.4,2.0,0.25,0.05,lr1e-04_bs16_drop0p4_temp2p0_a0p25_b0p05__wd1e-04trmiss0_degmodglobal,11,0.5838658809661865,0.8060861825942993,0.1388888888888889,0.5506283839617172,0.3076923076923077,0.0,0.584420695900917,0.5585692524909973,0.0758780762553215,0.12654206715524197,0.0,0.0,0.0,0.0,0.0,18473,global,0.0
2,3,lr1e-04_bs16_drop0p4_temp2p0_a0p25_b0p05__wd1e-04trmiss0_degmodglobal,16,0.0001,0.0001,0.4,2.0,0.25,0.05,lr1e-04_bs16_drop0p4_temp2p0_a0p25_b0p05__wd1e-04trmiss0_degmodglobal,12,0.6115050613880157,0.7965657711029053,0.16666666666666669,0.5583444333444334,0.38461538461538464,0.0,0.5612202435731888,0.5787720382213593,0.09138201549649239,0.19775041565299034,0.0,0.0,0.0,0.0,0.0,18473,global,0.0
2,3,lr1e-04_bs16_drop0p4_temp2p0_a0p25_b0p05__wd1e-04trmiss0_degmodglobal,16,0.0001,0.0001,0.4,2.0,0.25,0.05,lr1e-04_bs16_drop0p4_temp2p0_a0p25_b0p05__wd1e-04trmiss0_degmodglobal,13,0.5907684415578842,0.7928752899169922,0.16666666666666669,0.5583444333444334,0.38461538461538464,0.0,0.5690566599369049,0.5579432845115662,0.09270959720015526,0.19295508787035942,0.0,0.0,0.0,0.0,0.0,18473,global,0.0
2,3,lr1e-04_bs16_drop0p4_temp2p0_a0p25_b0p05__wd1e-04trmiss0_degmodglobal,16,0.0001,0.0001,0.4,2.0,0.25,0.05,lr1e-04_bs16_drop0p4_temp2p0_a0p25_b0p05__wd1e-04trmiss0_degmodglobal,14,0.5866013467311859,0.7956182956695557,0.16666666666666669,0.5583444333444334,0.38461538461538464,0.0,0.564704030752182,0.5601385682821274,0.07435264997184277,0.15749246254563332,0.0,0.0,0.0,0.0,0.0,18473,global,0.0
2,3,lr1e-04_bs16_drop0p4_temp2p0_a0p25_b0p05__wd1e-04trmiss0_degmodglobal,16,0.0001,0.0001,0.4,2.0,0.25,0.05,lr1e-04_bs16_drop0p4_temp2p0_a0p25_b0p05__wd1e-04trmiss0_degmodglobal,15,0.5799090266227722,0.7998377084732056,0.16666666666666669,0.5583444333444334,0.38461538461538464,0.0,0.5883145183324814,0.5518632382154465,0.07720376364886761,0.17489690706133842,0.0,0.0,0.0,0.0,0.0,18473,global,0.0
2,3,lr1e-04_bs16_drop0p4_temp2p0_a0p25_b0p05__wd1e-04trmiss0_degmodglobal,16,0.0001,0.0001,0.4,2.0,0.25,0.05,lr1e-04_bs16_drop0p4_temp2p0_a0p25_b0p05__wd1e-04trmiss0_degmodglobal,16,0.5621537864208221,0.7999562621116638,0.16666666666666669,0.5583444333444334,0.38461538461538464,0.0,0.6026364266872406,0.5307495146989822,0.0803489238023758,0.22634057886898518,0.0,0.0,0.0,0.0,0.0,18473,global,0.0
2,3,lr1e-04_bs16_drop0p4_temp2p0_a0p25_b0p05__wd1e-04trmiss0_degmodglobal,16,0.0001,0.0001,0.4,2.0,0.25,0.05,lr1e-04_bs16_drop0p4_temp2p0_a0p25_b0p05__wd1e-04trmiss0_degmodglobal,17,0.5619185119867325,0.7915991544723511,0.2222222222222222,0.5728225478225477,0.38461538461538464,0.0,0.6075382083654404,0.5327105820178986,0.08400109317153692,0.16415270417928696,0.0,0.0,0.0,0.0,0.0,18473,global,0.0
2,3,lr1e-04_bs16_drop0p4_temp2p0_a0p25_b0p05__wd1e-04trmiss0_degmodglobal,16,0.0001,0.0001,0.4,2.0,0.25,0.05,lr1e-04_bs16_drop0p4_temp2p0_a0p25_b0p05__wd1e-04trmiss0_degmodglobal,18,0.5682072192430496,0.7832096219062805,0.25,0.5795565545565544,0.46153846153846156,0.0,0.5636003166437149,0.5407424941658974,0.07677834294736385,0.16540280357003212,0.0,0.0,0.0,0.0,0.0,18473,global,0.0
2,3,lr1e-04_bs16_drop0p4_temp2p0_a0p25_b0p05__wd1e-04trmiss0_degmodglobal,16,0.0001,0.0001,0.4,2.0,0.25,0.05,lr1e-04_bs16_drop0p4_temp2p0_a0p25_b0p05__wd1e-04trmiss0_degmodglobal,19,0.5523182302713394,0.78560471534729,0.2777777777777778,0.585966810966811,0.38461538461538464,0.0,0.5649317055940628,0.5204697698354721,0.08972524106502533,0.18834298476576805,0.0,0.0,0.0,0.0,0.0,18473,global,0.0
2,3,lr1e-04_bs16_drop0p4_temp2p0_a0p25_b0p05__wd1e-04trmiss0_degmodglobal,16,0.0001,0.0001,0.4,2.0,0.25,0.05,lr1e-04_bs16_drop0p4_temp2p0_a0p25_b0p05__wd1e-04trmiss0_degmodglobal,20,0.5768201053142548,0.786862313747406,0.2777777777777778,0.585966810966811,0.3076923076923077,0.0,0.5918816030025482,0.5532544553279877,0.06749022472649813,0.13386206328868866,0.0,0.0,0.0,0.0,0.0,18473,global,0.0
2,3,lr1e-04_bs16_drop0p4_temp2p0_a0p25_b0p05__wd1e-04trmiss0_degmodglobal,16,0.0001,0.0001,0.4,2.0,0.25,0.05,lr1e-04_bs16_drop0p4_temp2p0_a0p25_b0p05__wd1e-04trmiss0_degmodglobal,21,0.5527193695306778,0.7892979979515076,0.2777777777777778,0.585966810966811,0.3076923076923077,0.0,0.5336573868989944,0.5241960734128952,0.0856466107070446,0.1422327607870102,0.0,0.0,0.0,0.0,0.0,18473,global,0.0
2,3,lr1e-04_bs16_drop0p4_temp2p0_a0p25_b0p05__wd1e-04trmiss0_degmodglobal,16,0.0001,0.0001,0.4,2.0,0.25,0.05,lr1e-04_bs16_drop0p4_temp2p0_a0p25_b0p05__wd1e-04trmiss0_degmodglobal,22,0.5796170383691788,0.7919908165931702,0.2777777777777778,0.585966810966811,0.38461538461538464,0.0,0.5847300291061401,0.5543592423200607,0.06617169640958309,0.17429707385599613,0.0,0.0,0.0,0.0,0.0,18473,global,0.0
2,3,lr1e-04_bs16_drop0p4_temp2p0_a0p25_b0p05__wd1e-04trmiss0_degmodglobal,16,0.0001,0.0001,0.4,2.0,0.25,0.05,lr1e-04_bs16_drop0p4_temp2p0_a0p25_b0p05__wd1e-04trmiss0_degmodglobal,23,0.5787659287452698,0.7991979718208313,0.2777777777777778,0.585966810966811,0.3076923076923077,0.0,0.5630849301815033,0.544911652803421,0.09495171718299389,0.20232687518000603,0.0,0.0,0.0,0.0,0.0,18473,global,0.0
2,3,lr1e-04_bs16_drop0p4_temp2p0_a0p25_b0p05__wd1e-04trmiss0_degmodglobal,16,0.0001,0.0001,0.4,2.0,0.25,0.05,lr1e-04_bs16_drop0p4_temp2p0_a0p25_b0p05__wd1e-04trmiss0_degmodglobal,24,0.5931350588798523,0.8013311624526978,0.2777777777777778,0.585966810966811,0.3076923076923077,0.0,0.5512063801288605,0.5587434321641922,0.0904866773635149,0.2353992462158203,0.0,0.0,0.0,0.0,0.0,18473,global,0.0
2,3,lr1e-04_bs16_drop0p4_temp2p0_a0p25_b0p05__wd1e-04trmiss0_degmodglobal,16,0.0001,0.0001,0.4,2.0,0.25,0.05,lr1e-04_bs16_drop0p4_temp2p0_a0p25_b0p05__wd1e-04trmiss0_degmodglobal,25,0.5807159468531609,0.8022330403327942,0.2777777777777778,0.585966810966811,0.3076923076923077,0.0,0.5404376834630966,0.543957807123661,0.10053427703678608,0.2324914075434208,0.0,0.0,0.0,0.0,0.0,18473,global,0.0
2,3,lr1e-04_bs16_drop0p4_temp2p0_a0p25_b0p05__wd1e-04trmiss0_degmodglobal,16,0.0001,0.0001,0.4,2.0,0.25,0.05,lr1e-04_bs16_drop0p4_temp2p0_a0p25_b0p05__wd1e-04trmiss0_degmodglobal,26,0.5636070817708969,0.801163911819458,0.25,0.5795565545565544,0.3076923076923077,0.0,0.4992121458053589,0.5338674932718277,0.08692288305610418,0.1601773276925087,0.0,0.0,0.0,0.0,0.0,18473,global,0.0
2,3,lr1e-04_bs16_drop0p4_temp2p0_a0p25_b0p05__wd1e-04trmiss0_degmodglobal,16,0.0001,0.0001,0.4,2.0,0.25,0.05,lr1e-04_bs16_drop0p4_temp2p0_a0p25_b0p05__wd1e-04trmiss0_degmodglobal,27,0.5960036814212799,0.801904559135437,0.2777777777777778,0.585966810966811,0.3076923076923077,0.0,0.5563630759716034,0.5560993179678917,0.11212451569736004,0.23746413923799992,0.0,0.0,0.0,0.0,0.0,18473,global,0.0
2,3,lr1e-04_bs16_drop0p4_temp2p0_a0p25_b0p05__wd1e-04trmiss0_degmodglobal,16,0.0001,0.0001,0.4,2.0,0.25,0.05,lr1e-04_bs16_drop0p4_temp2p0_a0p25_b0p05__wd1e-04trmiss0_degmodglobal,28,0.5485807731747627,0.7969486713409424,0.2777777777777778,0.585966810966811,0.3076923076923077,0.0,0.5321937724947929,0.5113954544067383,0.09552273713052273,0.2660924270749092,0.0,0.0,0.0,0.0,0.0,18473,global,0.0
2,3,lr1e-04_bs16_drop0p4_temp2p0_a0p25_b0p05__wd1e-04trmiss0_degmodglobal,16,0.0001,0.0001,0.4,2.0,0.25,0.05,lr1e-04_bs16_drop0p4_temp2p0_a0p25_b0p05__wd1e-04trmiss0_degmodglobal,29,0.5575501173734665,0.7965028285980225,0.25,0.5795565545565544,0.3076923076923077,0.0,0.5586770623922348,0.5228324308991432,0.0943213514983654,0.22274677827954292,0.0,0.0,0.0,0.0,0.0,18473,global,0.0
2,3,lr1e-04_bs16_drop0p4_temp2p0_a0p25_b0p05__wd1e-04trmiss0_degmodglobal,16,0.0001,0.0001,0.4,2.0,0.25,0.05,lr1e-04_bs16_drop0p4_temp2p0_a0p25_b0p05__wd1e-04trmiss0_degmodglobal,30,0.5761868432164192,0.7964282631874084,0.25,0.5795565545565544,0.38461538461538464,0.0,0.5358876734972,0.5461753010749817,0.08361625857651234,0.18214956112205982,0.0,0.0,0.0,0.0,0.0,18473,global,0.0
2,3,lr1e-04_bs16_drop0p4_temp2p0_a0p25_b0p05__wd1e-04trmiss0_degmodglobal,16,0.0001,0.0001,0.4,2.0,0.25,0.05,lr1e-04_bs16_drop0p4_temp2p0_a0p25_b0p05__wd1e-04trmiss0_degmodglobal,31,0.5530616492033005,0.794941246509552,0.2777777777777778,0.585966810966811,0.38461538461538464,0.0,0.5407371073961258,0.5245299488306046,0.07594555802643299,0.19090640917420387,0.0,0.0,0.0,0.0,0.0,18473,global,0.0
2,3,lr1e-04_bs16_drop0p4_temp2p0_a0p25_b0p05__wd1e-04trmiss0_degmodglobal,16,0.0001,0.0001,0.4,2.0,0.25,0.05,lr1e-04_bs16_drop0p4_temp2p0_a0p25_b0p05__wd1e-04trmiss0_degmodglobal,32,0.5671656131744385,0.7992799282073975,0.2777777777777778,0.585966810966811,0.3076923076923077,0.0,0.5589350014925003,0.5304467007517815,0.10415782779455185,0.2135892305523157,0.0,0.0,0.0,0.0,0.0,18473,global,0.0
2,3,lr1e-04_bs16_drop0p4_temp2p0_a0p25_b0p05__wd1e-04trmiss0_degmodglobal,16,0.0001,0.0001,0.4,2.0,0.25,0.05,lr1e-04_bs16_drop0p4_temp2p0_a0p25_b0p05__wd1e-04trmiss0_degmodglobal,33,0.5707109421491623,0.7991383671760559,0.2777777777777778,0.585966810966811,0.3076923076923077,0.0,0.5523194223642349,0.5351667925715446,0.09711754508316517,0.2252953238785267,0.0,0.0,0.0,0.0,0.0,18473,global,0.0
2,3,lr1e-04_bs16_drop0p4_temp2p0_a0p25_b0p05__wd1e-04trmiss0_degmodglobal,16,0.0001,0.0001,0.4,2.0,0.25,0.05,lr1e-04_bs16_drop0p4_temp2p0_a0p25_b0p05__wd1e-04trmiss0_degmodglobal,34,0.5505063682794571,0.8020665645599365,0.2777777777777778,0.585966810966811,0.3076923076923077,0.0,0.5485744923353195,0.5212718471884727,0.08539355080574751,0.15772304125130177,0.0,0.0,0.0,0.0,0.0,18473,global,0.0
2,3,lr1e-04_bs16_drop0p4_temp2p0_a0p25_b0p05__wd1e-04trmiss0_degmodglobal,16,0.0001,0.0001,0.4,2.0,0.25,0.05,lr1e-04_bs16_drop0p4_temp2p0_a0p25_b0p05__wd1e-04trmiss0_degmodglobal,35,0.5607330352067947,0.8022913336753845,0.2777777777777778,0.585966810966811,0.3076923076923077,0.0,0.5039311870932579,0.5293342620134354,0.09240340441465378,0.16595834959298372,0.0,0.0,0.0,0.0,0.0,18473,global,0.0
2,3,lr1e-04_bs16_drop0p4_temp2p0_a0p25_b0p05__wd1e-04trmiss0_degmodglobal,16,0.0001,0.0001,0.4,2.0,0.25,0.05,lr1e-04_bs16_drop0p4_temp2p0_a0p25_b0p05__wd1e-04trmiss0_degmodglobal,36,0.5604543387889862,0.8034201860427856,0.2777777777777778,0.585966810966811,0.3076923076923077,0.0,0.5370339527726173,0.5268713012337685,0.09478913433849812,0.1977149173617363,0.0,0.0,0.0,0.0,0.0,18473,global,0.0
2,3,lr1e-04_bs16_drop0p4_temp2p0_a0p25_b0p05__wd1e-04trmiss0_degmodglobal,16,0.0001,0.0001,0.4,2.0,0.25,0.05,lr1e-04_bs16_drop0p4_temp2p0_a0p25_b0p05__wd1e-04trmiss0_degmodglobal,37,0.6244608610868454,0.8068187236785889,0.2777777777777778,0.585966810966811,0.3076923076923077,0.0,0.5346923768520355,0.5777712166309357,0.1276051178574562,0.2957671321928501,0.0,0.0,0.0,0.0,0.0,18473,global,0.0
2,3,lr1e-04_bs16_drop0p4_temp2p0_a0p25_b0p05__wd1e-04trmiss0_degmodglobal,16,0.0001,0.0001,0.4,2.0,0.25,0.05,lr1e-04_bs16_drop0p4_temp2p0_a0p25_b0p05__wd1e-04trmiss0_degmodglobal,38,0.5619425922632217,0.8034502267837524,0.2777777777777778,0.585966810966811,0.3076923076923077,0.0,0.5458347424864769,0.5367928817868233,0.07031653448939323,0.1514115515165031,0.0,0.0,0.0,0.0,0.0,18473,global,0.0
2,3,lr1e-04_bs16_drop0p4_temp2p0_a0p25_b0p05__wd1e-04trmiss0_degmodglobal,16,0.0001,0.0001,0.4,2.0,0.25,0.05,lr1e-04_bs16_drop0p4_temp2p0_a0p25_b0p05__wd1e-04trmiss0_degmodglobal,39,0.5275732576847076,0.8039625883102417,0.2777777777777778,0.585966810966811,0.3076923076923077,0.0,0.5493891090154648,0.48988034576177597,0.10780694149434566,0.2148235160857439,0.0,0.0,0.0,0.0,0.0,18473,global,0.0
2,3,lr5e-05_bs16_drop0p2_temp1p0_a0p25_b0p05__wd1e-04trmiss0_degmodglobal,16,5e-05,0.0001,0.2,1.0,0.25,0.05,lr5e-05_bs16_drop0p2_temp1p0_a0p25_b0p05__wd1e-04trmiss0_degmodglobal,1,0.6850994229316711,0.7211410999298096,0.38888888888888884,0.6315406815406817,0.38461538461538464,0.0,0.7417368292808533,0.6634210050106049,0.05063158739358187,0.18041016906499863,0.0,0.0,0.0,0.0,0.0,18473,global,0.0
2,3,lr5e-05_bs16_drop0p2_temp1p0_a0p25_b0p05__wd1e-04trmiss0_degmodglobal,16,5e-05,0.0001,0.2,1.0,0.25,0.05,lr5e-05_bs16_drop0p2_temp1p0_a0p25_b0p05__wd1e-04trmiss0_degmodglobal,2,0.6380307227373123,0.7229380011558533,0.3055555555555555,0.6017787767787768,0.3076923076923077,0.0,0.6991607993841171,0.612214520573616,0.05667282920330763,0.2329598106443882,0.0,0.0,0.0,0.0,0.0,18473,global,0.0
2,3,lr5e-05_bs16_drop0p2_temp1p0_a0p25_b0p05__wd1e-04trmiss0_degmodglobal,16,5e-05,0.0001,0.2,1.0,0.25,0.05,lr5e-05_bs16_drop0p2_temp1p0_a0p25_b0p05__wd1e-04trmiss0_degmodglobal,3,0.6162902265787125,0.7264922261238098,0.3055555555555555,0.6017787767787768,0.38461538461538464,0.0,0.6583771854639053,0.5940602421760559,0.055029637180268764,0.16945188120007515,0.0,0.0,0.0,0.0,0.0,18473,global,0.0
2,3,lr5e-05_bs16_drop0p2_temp1p0_a0p25_b0p05__wd1e-04trmiss0_degmodglobal,16,5e-05,0.0001,0.2,1.0,0.25,0.05,lr5e-05_bs16_drop0p2_temp1p0_a0p25_b0p05__wd1e-04trmiss0_degmodglobal,4,0.6049202531576157,0.7297381162643433,0.3055555555555555,0.6017787767787768,0.38461538461538464,0.0,0.6628888249397278,0.5840571075677872,0.05117463693022728,0.16139021515846252,0.0,0.0,0.0,0.0,0.0,18473,global,0.0
2,3,lr5e-05_bs16_drop0p2_temp1p0_a0p25_b0p05__wd1e-04trmiss0_degmodglobal,16,5e-05,0.0001,0.2,1.0,0.25,0.05,lr5e-05_bs16_drop0p2_temp1p0_a0p25_b0p05__wd1e-04trmiss0_degmodglobal,5,0.6012964695692062,0.7354801297187805,0.3333333333333333,0.6202972952972953,0.38461538461538464,0.0,0.6608670949935913,0.5773611962795258,0.060701907612383366,0.17519577220082283,0.0,0.0,0.0,0.0,0.0,18473,global,0.0
2,3,lr5e-05_bs16_drop0p2_temp1p0_a0p25_b0p05__wd1e-04trmiss0_degmodglobal,16,5e-05,0.0001,0.2,1.0,0.25,0.05,lr5e-05_bs16_drop0p2_temp1p0_a0p25_b0p05__wd1e-04trmiss0_degmodglobal,6,0.5842000395059586,0.7487599849700928,0.2777777777777778,0.598075073075073,0.46153846153846156,0.0,0.6521125137805939,0.5553383678197861,0.06278307642787695,0.26331818848848343,0.0,0.0,0.0,0.0,0.0,18473,global,0.0
2,3,lr5e-05_bs16_drop0p2_temp1p0_a0p25_b0p05__wd1e-04trmiss0_degmodglobal,16,5e-05,0.0001,0.2,1.0,0.25,0.05,lr5e-05_bs16_drop0p2_temp1p0_a0p25_b0p05__wd1e-04trmiss0_degmodglobal,7,0.5897873789072037,0.7628546953201294,0.2777777777777778,0.598075073075073,0.38461538461538464,0.0,0.6217555105686188,0.561872199177742,0.06614910904318094,0.22755810245871544,0.0,0.0,0.0,0.0,0.0,18473,global,0.0
2,3,lr5e-05_bs16_drop0p2_temp1p0_a0p25_b0p05__wd1e-04trmiss0_degmodglobal,16,5e-05,0.0001,0.2,1.0,0.25,0.05,lr5e-05_bs16_drop0p2_temp1p0_a0p25_b0p05__wd1e-04trmiss0_degmodglobal,8,0.5756260007619858,0.7725104093551636,0.2777777777777778,0.598075073075073,0.38461538461538464,0.0,0.6219277381896973,0.5508102029561996,0.05978354997932911,0.19739829003810883,0.0,0.0,0.0,0.0,0.0,18473,global,0.0
2,3,lr5e-05_bs16_drop0p2_temp1p0_a0p25_b0p05__wd1e-04trmiss0_degmodglobal,16,5e-05,0.0001,0.2,1.0,0.25,0.05,lr5e-05_bs16_drop0p2_temp1p0_a0p25_b0p05__wd1e-04trmiss0_degmodglobal,9,0.5574577748775482,0.7791174650192261,0.2777777777777778,0.598075073075073,0.38461538461538464,0.0,0.6029398739337921,0.5315698087215424,0.06392904371023178,0.1981140822172165,0.0,0.0,0.0,0.0,0.0,18473,global,0.0
2,3,lr5e-05_bs16_drop0p2_temp1p0_a0p25_b0p05__wd1e-04trmiss0_degmodglobal,16,5e-05,0.0001,0.2,1.0,0.25,0.05,lr5e-05_bs16_drop0p2_temp1p0_a0p25_b0p05__wd1e-04trmiss0_degmodglobal,10,0.607689768075943,0.7823159694671631,0.2777777777777778,0.598075073075073,0.38461538461538464,0.0,0.6624516546726227,0.5811951160430908,0.06415065843611956,0.20913990959525108,0.0,0.0,0.0,0.0,0.0,18473,global,0.0
2,3,lr5e-05_bs16_drop0p2_temp1p0_a0p25_b0p05__wd1e-04trmiss0_degmodglobal,16,5e-05,0.0001,0.2,1.0,0.25,0.05,lr5e-05_bs16_drop0p2_temp1p0_a0p25_b0p05__wd1e-04trmiss0_degmodglobal,11,0.5503028780221939,0.7759112119674683,0.2777777777777778,0.598075073075073,0.38461538461538464,0.0,0.5999987870454788,0.5266109853982925,0.06371542066335678,0.15526097267866135,0.0,0.0,0.0,0.0,0.0,18473,global,0.0
2,3,lr5e-05_bs16_drop0p2_temp1p0_a0p25_b0p05__wd1e-04trmiss0_degmodglobal,16,5e-05,0.0001,0.2,1.0,0.25,0.05,lr5e-05_bs16_drop0p2_temp1p0_a0p25_b0p05__wd1e-04trmiss0_degmodglobal,12,0.5474905669689178,0.7699658870697021,0.2777777777777778,0.598075073075073,0.46153846153846156,0.0,0.6015189588069916,0.5208911225199699,0.06507024075835943,0.20663749426603317,0.0,0.0,0.0,0.0,0.0,18473,global,0.0
2,3,lr5e-05_bs16_drop0p2_temp1p0_a0p25_b0p05__wd1e-04trmiss0_degmodglobal,16,5e-05,0.0001,0.2,1.0,0.25,0.05,lr5e-05_bs16_drop0p2_temp1p0_a0p25_b0p05__wd1e-04trmiss0_degmodglobal,13,0.5386121720075607,0.775018036365509,0.2777777777777778,0.598075073075073,0.38461538461538464,0.0,0.6257496029138565,0.5104742348194122,0.069063656963408,0.21744026616215706,0.0,0.0,0.0,0.0,0.0,18473,global,0.0
2,3,lr5e-05_bs16_drop0p2_temp1p0_a0p25_b0p05__wd1e-04trmiss0_degmodglobal,16,5e-05,0.0001,0.2,1.0,0.25,0.05,lr5e-05_bs16_drop0p2_temp1p0_a0p25_b0p05__wd1e-04trmiss0_degmodglobal,14,0.52293761074543,0.7704094648361206,0.2777777777777778,0.598075073075073,0.38461538461538464,0.0,0.6035252511501312,0.4997851774096489,0.054446546360850334,0.19081559032201767,0.0,0.0,0.0,0.0,0.0,18473,global,0.0
2,3,lr5e-05_bs16_drop0p2_temp1p0_a0p25_b0p05__wd1e-04trmiss0_degmodglobal,16,5e-05,0.0001,0.2,1.0,0.25,0.05,lr5e-05_bs16_drop0p2_temp1p0_a0p25_b0p05__wd1e-04trmiss0_degmodglobal,15,0.5427201241254807,0.7691587805747986,0.2777777777777778,0.598075073075073,0.38461538461538464,0.0,0.62289759516716,0.5222758799791336,0.05442402604967356,0.13676465675234795,0.0,0.0,0.0,0.0,0.0,18473,global,0.0
2,3,lr5e-05_bs16_drop0p2_temp1p0_a0p25_b0p05__wd1e-04trmiss0_degmodglobal,16,5e-05,0.0001,0.2,1.0,0.25,0.05,lr5e-05_bs16_drop0p2_temp1p0_a0p25_b0p05__wd1e-04trmiss0_degmodglobal,16,0.5559233278036118,0.7663710117340088,0.2777777777777778,0.598075073075073,0.38461538461538464,0.0,0.5831174105405807,0.5359690263867378,0.04843509383499622,0.1569103803485632,0.0,0.0,0.0,0.0,0.0,18473,global,0.0
2,3,lr5e-05_bs16_drop0p2_temp1p0_a0p25_b0p05__wd1e-04trmiss0_degmodglobal,16,5e-05,0.0001,0.2,1.0,0.25,0.05,lr5e-05_bs16_drop0p2_temp1p0_a0p25_b0p05__wd1e-04trmiss0_degmodglobal,17,0.5419984981417656,0.779799222946167,0.2777777777777778,0.598075073075073,0.38461538461538464,0.0,0.6199396550655365,0.5170958712697029,0.06257331930100918,0.18518612906336784,0.0,0.0,0.0,0.0,0.0,18473,global,0.0
2,3,lr5e-05_bs16_drop0p2_temp1p0_a0p25_b0p05__wd1e-04trmiss0_degmodglobal,16,5e-05,0.0001,0.2,1.0,0.25,0.05,lr5e-05_bs16_drop0p2_temp1p0_a0p25_b0p05__wd1e-04trmiss0_degmodglobal,18,0.5701869577169418,0.7935466170310974,0.2777777777777778,0.598075073075073,0.3076923076923077,0.0,0.6389503329992294,0.5456027761101723,0.06022463086992502,0.19056039303541183,0.0,0.0,0.0,0.0,0.0,18473,global,0.0
2,3,lr5e-05_bs16_drop0p2_temp1p0_a0p25_b0p05__wd1e-04trmiss0_degmodglobal,16,5e-05,0.0001,0.2,1.0,0.25,0.05,lr5e-05_bs16_drop0p2_temp1p0_a0p25_b0p05__wd1e-04trmiss0_degmodglobal,19,0.5288207530975342,0.7993757724761963,0.2777777777777778,0.598075073075073,0.3076923076923077,0.0,0.6016253083944321,0.5040915235877037,0.0642681298777461,0.1732439026236534,0.0,0.0,0.0,0.0,0.0,18473,global,0.0
2,3,lr5e-05_bs16_drop0p2_temp1p0_a0p25_b0p05__wd1e-04trmiss0_degmodglobal,16,5e-05,0.0001,0.2,1.0,0.25,0.05,lr5e-05_bs16_drop0p2_temp1p0_a0p25_b0p05__wd1e-04trmiss0_degmodglobal,20,0.5354788303375244,0.7979898452758789,0.2777777777777778,0.598075073075073,0.3076923076923077,0.0,0.5919808000326157,0.5056366324424744,0.06876645423471928,0.253012016415596,0.0,0.0,0.0,0.0,0.0,18473,global,0.0
2,3,lr5e-05_bs16_drop0p2_temp1p0_a0p25_b0p05__wd1e-04trmiss0_degmodglobal,16,5e-05,0.0001,0.2,1.0,0.25,0.05,lr5e-05_bs16_drop0p2_temp1p0_a0p25_b0p05__wd1e-04trmiss0_degmodglobal,21,0.5182857289910316,0.8009005784988403,0.2777777777777778,0.598075073075073,0.3076923076923077,0.0,0.5794115960597992,0.4922356605529785,0.062382716685533524,0.2090877965092659,0.0,0.0,0.0,0.0,0.0,18473,global,0.0
2,3,lr5e-05_bs16_drop0p2_temp1p0_a0p25_b0p05__wd1e-04trmiss0_degmodglobal,16,5e-05,0.0001,0.2,1.0,0.25,0.05,lr5e-05_bs16_drop0p2_temp1p0_a0p25_b0p05__wd1e-04trmiss0_degmodglobal,22,0.5724949091672897,0.7952888607978821,0.2777777777777778,0.598075073075073,0.3076923076923077,0.0,0.5681388229131699,0.5464549511671066,0.06264852080494165,0.207556564360857,0.0,0.0,0.0,0.0,0.0,18473,global,0.0
2,3,lr5e-05_bs16_drop0p2_temp1p0_a0p25_b0p05__wd1e-04trmiss0_degmodglobal,16,5e-05,0.0001,0.2,1.0,0.25,0.05,lr5e-05_bs16_drop0p2_temp1p0_a0p25_b0p05__wd1e-04trmiss0_degmodglobal,23,0.5177755653858185,0.7855224013328552,0.2777777777777778,0.598075073075073,0.38461538461538464,0.0,0.5631837397813797,0.49252232909202576,0.06949775665998459,0.15757576189935207,0.0,0.0,0.0,0.0,0.0,18473,global,0.0
2,3,lr5e-05_bs16_drop0p2_temp1p0_a0p25_b0p05__wd1e-04trmiss0_degmodglobal,16,5e-05,0.0001,0.2,1.0,0.25,0.05,lr5e-05_bs16_drop0p2_temp1p0_a0p25_b0p05__wd1e-04trmiss0_degmodglobal,24,0.5486389100551605,0.7839255332946777,0.2777777777777778,0.598075073075073,0.38461538461538464,0.0,0.6327887028455734,0.5212023258209229,0.06314107775688171,0.2330259531736374,0.0,0.0,0.0,0.0,0.0,18473,global,0.0
2,3,lr5e-05_bs16_drop0p2_temp1p0_a0p25_b0p05__wd1e-04trmiss0_degmodglobal,16,5e-05,0.0001,0.2,1.0,0.25,0.05,lr5e-05_bs16_drop0p2_temp1p0_a0p25_b0p05__wd1e-04trmiss0_degmodglobal,25,0.5328946858644485,0.779202401638031,0.2777777777777778,0.598075073075073,0.38461538461538464,0.0,0.5607234090566635,0.5093508213758469,0.05976612213999033,0.17204660549759865,0.0,0.0,0.0,0.0,0.0,18473,global,0.0
2,3,lr5e-05_bs16_drop0p2_temp2p0_a0p25_b0p05__wd1e-04trmiss0_degmodglobal,16,5e-05,0.0001,0.2,2.0,0.25,0.05,lr5e-05_bs16_drop0p2_temp2p0_a0p25_b0p05__wd1e-04trmiss0_degmodglobal,1,0.7106061279773712,0.7174786329269409,0.3888888888888889,0.6896705146705147,0.23076923076923078,0.0,0.7224939316511154,0.696743056178093,0.035019563511013985,0.10216398350894451,0.0,0.0,0.0,0.0,0.0,18473,global,0.0
2,3,lr5e-05_bs16_drop0p2_temp2p0_a0p25_b0p05__wd1e-04trmiss0_degmodglobal,16,5e-05,0.0001,0.2,2.0,0.25,0.05,lr5e-05_bs16_drop0p2_temp2p0_a0p25_b0p05__wd1e-04trmiss0_degmodglobal,2,0.7146689146757126,0.7330197691917419,0.38888888888888884,0.6554824804824805,0.3076923076923077,0.0,0.7045365422964096,0.7019845843315125,0.03338925912976265,0.08674024231731892,0.0,0.0,0.0,0.0,0.0,18473,global,0.0
2,3,lr5e-05_bs16_drop0p2_temp2p0_a0p25_b0p05__wd1e-04trmiss0_degmodglobal,16,5e-05,0.0001,0.2,2.0,0.25,0.05,lr5e-05_bs16_drop0p2_temp2p0_a0p25_b0p05__wd1e-04trmiss0_degmodglobal,3,0.6890215575695038,0.7445292472839355,0.33333333333333337,0.6320818070818071,0.3076923076923077,0.0,0.7343108952045441,0.6728092283010483,0.03797673620283604,0.1343628168106079,0.0,0.0,0.0,0.0,0.0,18473,global,0.0
2,3,lr5e-05_bs16_drop0p2_temp2p0_a0p25_b0p05__wd1e-04trmiss0_degmodglobal,16,5e-05,0.0001,0.2,2.0,0.25,0.05,lr5e-05_bs16_drop0p2_temp2p0_a0p25_b0p05__wd1e-04trmiss0_degmodglobal,4,0.6659051179885864,0.7499818205833435,0.3055555555555556,0.620970695970696,0.3076923076923077,0.0,0.6724890768527985,0.6559081524610519,0.02770821936428547,0.061398083344101906,0.0,0.0,0.0,0.0,0.0,18473,global,0.0
2,3,lr5e-05_bs16_drop0p2_temp2p0_a0p25_b0p05__wd1e-04trmiss0_degmodglobal,16,5e-05,0.0001,0.2,2.0,0.25,0.05,lr5e-05_bs16_drop0p2_temp2p0_a0p25_b0p05__wd1e-04trmiss0_degmodglobal,5,0.6923927813768387,0.7542672753334045,0.3055555555555556,0.620970695970696,0.23076923076923078,0.0,0.7097145169973373,0.6782109588384628,0.03349614329636097,0.1161555852741003,0.0,0.0,0.0,0.0,0.0,18473,global,0.0
2,3,lr5e-05_bs16_drop0p2_temp2p0_a0p25_b0p05__wd1e-04trmiss0_degmodglobal,16,5e-05,0.0001,0.2,2.0,0.25,0.05,lr5e-05_bs16_drop0p2_temp2p0_a0p25_b0p05__wd1e-04trmiss0_degmodglobal,6,0.6459270715713501,0.7528128623962402,0.2777777777777778,0.613899988899989,0.3076923076923077,0.0,0.6959833204746246,0.6321804523468018,0.0356045737862587,0.0969095304608345,0.0,0.0,0.0,0.0,0.0,18473,global,0.0
2,3,lr5e-05_bs16_drop0p2_temp2p0_a0p25_b0p05__wd1e-04trmiss0_degmodglobal,16,5e-05,0.0001,0.2,2.0,0.25,0.05,lr5e-05_bs16_drop0p2_temp2p0_a0p25_b0p05__wd1e-04trmiss0_degmodglobal,7,0.6496863961219788,0.7536842823028564,0.2777777777777778,0.613899988899989,0.3076923076923077,0.0,0.6577412188053131,0.6328413635492325,0.04532969044521451,0.11025227978825569,0.0,0.0,0.0,0.0,0.0,18473,global,0.0
2,3,lr5e-05_bs16_drop0p2_temp2p0_a0p25_b0p05__wd1e-04trmiss0_degmodglobal,16,5e-05,0.0001,0.2,2.0,0.25,0.05,lr5e-05_bs16_drop0p2_temp2p0_a0p25_b0p05__wd1e-04trmiss0_degmodglobal,8,0.6410219669342041,0.7566521167755127,0.33333333333333337,0.6320818070818071,0.38461538461538464,0.0,0.6421765089035034,0.6265731006860733,0.03748488985002041,0.10155282262712717,0.0,0.0,0.0,0.0,0.0,18473,global,0.0
2,3,lr5e-05_bs16_drop0p2_temp2p0_a0p25_b0p05__wd1e-04trmiss0_degmodglobal,16,5e-05,0.0001,0.2,2.0,0.25,0.05,lr5e-05_bs16_drop0p2_temp2p0_a0p25_b0p05__wd1e-04trmiss0_degmodglobal,9,0.6224948465824127,0.766157865524292,0.24999999999999997,0.6098876432209765,0.38461538461538464,0.0,0.669307291507721,0.6045417934656143,0.04745075851678848,0.12180730886757374,0.0,0.0,0.0,0.0,0.0,18473,global,0.0
2,3,lr5e-05_bs16_drop0p2_temp2p0_a0p25_b0p05__wd1e-04trmiss0_degmodglobal,16,5e-05,0.0001,0.2,2.0,0.25,0.05,lr5e-05_bs16_drop0p2_temp2p0_a0p25_b0p05__wd1e-04trmiss0_degmodglobal,10,0.6236149817705154,0.7695177793502808,0.2222222222222222,0.6019511352844686,0.3076923076923077,0.0,0.6651641875505447,0.6086025983095169,0.03886177437379956,0.1059392299503088,0.0,0.0,0.0,0.0,0.0,18473,global,0.0
2,3,lr5e-05_bs16_drop0p2_temp2p0_a0p25_b0p05__wd1e-04trmiss0_degmodglobal,16,5e-05,0.0001,0.2,2.0,0.25,0.05,lr5e-05_bs16_drop0p2_temp2p0_a0p25_b0p05__wd1e-04trmiss0_degmodglobal,11,0.6136491447687149,0.7740634083747864,0.2222222222222222,0.6019511352844686,0.3076923076923077,0.0,0.6432666182518005,0.5965126007795334,0.04801794048398733,0.10264114663004875,0.0,0.0,0.0,0.0,0.0,18473,global,0.0
2,3,lr5e-05_bs16_drop0p2_temp2p0_a0p25_b0p05__wd1e-04trmiss0_degmodglobal,16,5e-05,0.0001,0.2,2.0,0.25,0.05,lr5e-05_bs16_drop0p2_temp2p0_a0p25_b0p05__wd1e-04trmiss0_degmodglobal,12,0.6105999499559402,0.7780715227127075,0.2222222222222222,0.6019511352844686,0.3076923076923077,0.0,0.6294707953929901,0.5959714949131012,0.043176230043172836,0.07668798556551337,0.0,0.0,0.0,0.0,0.0,18473,global,0.0
2,3,lr5e-05_bs16_drop0p2_temp2p0_a0p25_b0p05__wd1e-04trmiss0_degmodglobal,16,5e-05,0.0001,0.2,2.0,0.25,0.05,lr5e-05_bs16_drop0p2_temp2p0_a0p25_b0p05__wd1e-04trmiss0_degmodglobal,13,0.5945889949798584,0.7812293171882629,0.2777777777777778,0.6176036926036926,0.3076923076923077,0.0,0.6085831522941589,0.5833909064531326,0.031096906401216984,0.06847763480618596,0.0,0.0,0.0,0.0,0.0,18473,global,0.0
2,3,lr5e-05_bs16_drop0p2_temp2p0_a0p25_b0p05__wd1e-04trmiss0_degmodglobal,16,5e-05,0.0001,0.2,2.0,0.25,0.05,lr5e-05_bs16_drop0p2_temp2p0_a0p25_b0p05__wd1e-04trmiss0_degmodglobal,14,0.6419449150562286,0.7833924293518066,0.2777777777777778,0.6176036926036926,0.3076923076923077,0.0,0.6177639365196228,0.6294961422681808,0.03362789750099182,0.08083591889590025,0.0,0.0,0.0,0.0,0.0,18473,global,0.0
2,3,lr5e-05_bs16_drop0p2_temp2p0_a0p25_b0p05__wd1e-04trmiss0_degmodglobal,16,5e-05,0.0001,0.2,2.0,0.25,0.05,lr5e-05_bs16_drop0p2_temp2p0_a0p25_b0p05__wd1e-04trmiss0_degmodglobal,15,0.5977340489625931,0.7832234501838684,0.2222222222222222,0.5913691247024581,0.3076923076923077,0.0,0.6070780456066132,0.5851047188043594,0.032410420011729,0.09053434617817402,0.0,0.0,0.0,0.0,0.0,18473,global,0.0
2,3,lr5e-05_bs16_drop0p2_temp2p0_a0p25_b0p05__wd1e-04trmiss0_degmodglobal,16,5e-05,0.0001,0.2,2.0,0.25,0.05,lr5e-05_bs16_drop0p2_temp2p0_a0p25_b0p05__wd1e-04trmiss0_degmodglobal,16,0.6283915340900421,0.7823172807693481,0.24999999999999997,0.6098876432209765,0.3076923076923077,0.0,0.6349219083786011,0.6164043843746185,0.03414424043148756,0.06902166549116373,0.0,0.0,0.0,0.0,0.0,18473,global,0.0
2,3,lr5e-05_bs16_drop0p2_temp2p0_a0p25_b0p05__wd1e-04trmiss0_degmodglobal,16,5e-05,0.0001,0.2,2.0,0.25,0.05,lr5e-05_bs16_drop0p2_temp2p0_a0p25_b0p05__wd1e-04trmiss0_degmodglobal,17,0.617155984044075,0.7875492572784424,0.2222222222222222,0.5913691247024581,0.3076923076923077,0.0,0.648076668381691,0.6025310456752777,0.041202579624950886,0.08648558426648378,0.0,0.0,0.0,0.0,0.0,18473,global,0.0
2,3,lr5e-05_bs16_drop0p2_temp2p0_a0p25_b0p05__wd1e-04trmiss0_degmodglobal,16,5e-05,0.0001,0.2,2.0,0.25,0.05,lr5e-05_bs16_drop0p2_temp2p0_a0p25_b0p05__wd1e-04trmiss0_degmodglobal,18,0.6023886948823929,0.7865066528320312,0.2222222222222222,0.5913691247024581,0.3076923076923077,0.0,0.5850160717964172,0.5885194092988968,0.038585695903748274,0.0844572652131319,0.0,0.0,0.0,0.0,0.0,18473,global,0.0
2,3,lr5e-05_bs16_drop0p2_temp2p0_a0p25_b0p05__wd1e-04trmiss0_degmodglobal,16,5e-05,0.0001,0.2,2.0,0.25,0.05,lr5e-05_bs16_drop0p2_temp2p0_a0p25_b0p05__wd1e-04trmiss0_degmodglobal,19,0.5995225608348846,0.7871419191360474,0.2222222222222222,0.5913691247024581,0.3076923076923077,0.0,0.6060529947280884,0.5894049257040024,0.029024095740169287,0.05723142810165882,0.0,0.0,0.0,0.0,0.0,18473,global,0.0
2,3,lr5e-05_bs16_drop0p2_temp2p0_a0p25_b0p05__wd1e-04trmiss0_degmodglobal,16,5e-05,0.0001,0.2,2.0,0.25,0.05,lr5e-05_bs16_drop0p2_temp2p0_a0p25_b0p05__wd1e-04trmiss0_degmodglobal,20,0.607868105173111,0.7910423278808594,0.2222222222222222,0.5913691247024581,0.3076923076923077,0.0,0.6264006644487381,0.593573585152626,0.042863957583904266,0.07157050166279078,0.0,0.0,0.0,0.0,0.0,18473,global,0.0
2,3,lr5e-05_bs16_drop0p2_temp2p0_a0p25_b0p05__wd1e-04trmiss0_degmodglobal,16,5e-05,0.0001,0.2,2.0,0.25,0.05,lr5e-05_bs16_drop0p2_temp2p0_a0p25_b0p05__wd1e-04trmiss0_degmodglobal,21,0.5821726024150848,0.7911142706871033,0.2222222222222222,0.5913691247024581,0.3076923076923077,0.0,0.5862636268138885,0.568019300699234,0.037769511342048645,0.0942186489701271,0.0,0.0,0.0,0.0,0.0,18473,global,0.0
2,3,lr5e-05_bs16_drop0p2_temp2p0_a0p25_b0p05__wd1e-04trmiss0_degmodglobal,16,5e-05,0.0001,0.2,2.0,0.25,0.05,lr5e-05_bs16_drop0p2_temp2p0_a0p25_b0p05__wd1e-04trmiss0_degmodglobal,22,0.5913587063550949,0.7927104234695435,0.19444444444444442,0.580258013591347,0.3076923076923077,0.0,0.5797615945339203,0.5759864151477814,0.04201840702444315,0.09735386073589325,0.0,0.0,0.0,0.0,0.0,18473,global,0.0
2,3,lr5e-05_bs16_drop0p2_temp2p0_a0p25_b0p05__wd1e-04trmiss0_degmodglobal,16,5e-05,0.0001,0.2,2.0,0.25,0.05,lr5e-05_bs16_drop0p2_temp2p0_a0p25_b0p05__wd1e-04trmiss0_degmodglobal,23,0.5874549746513367,0.7869189381599426,0.19444444444444442,0.580258013591347,0.3076923076923077,0.0,0.5869771391153336,0.5757013112306595,0.034319746773689985,0.06347453454509377,0.0,0.0,0.0,0.0,0.0,18473,global,0.0
2,3,lr5e-05_bs16_drop0p2_temp2p0_a0p25_b0p05__wd1e-04trmiss0_degmodglobal,16,5e-05,0.0001,0.2,2.0,0.25,0.05,lr5e-05_bs16_drop0p2_temp2p0_a0p25_b0p05__wd1e-04trmiss0_degmodglobal,24,0.5863693207502365,0.7835937142372131,0.2222222222222222,0.5987765321098655,0.3076923076923077,0.0,0.571659505367279,0.5695451498031616,0.04411127045750618,0.1159273013472557,0.0,0.0,0.0,0.0,0.0,18473,global,0.0
2,3,lr5e-05_bs16_drop0p2_temp2p0_a0p25_b0p05__wd1e-04trmiss0_degmodglobal,16,5e-05,0.0001,0.2,2.0,0.25,0.05,lr5e-05_bs16_drop0p2_temp2p0_a0p25_b0p05__wd1e-04trmiss0_degmodglobal,25,0.6017357259988785,0.787223756313324,0.2222222222222222,0.5987765321098655,0.3076923076923077,0.0,0.5978024750947952,0.5888732373714447,0.03675084002315998,0.07349543366581202,0.0,0.0,0.0,0.0,0.0,18473,global,0.0
2,3,lr5e-05_bs16_drop0p2_temp2p0_a0p25_b0p05__wd1e-04trmiss0_degmodglobal,16,5e-05,0.0001,0.2,2.0,0.25,0.05,lr5e-05_bs16_drop0p2_temp2p0_a0p25_b0p05__wd1e-04trmiss0_degmodglobal,26,0.5891252309083939,0.7865340709686279,0.25,0.6064925814925816,0.3076923076923077,0.0,0.5806919038295746,0.5749182552099228,0.04207972949370742,0.07374103739857674,0.0,0.0,0.0,0.0,0.0,18473,global,0.0
2,3,lr5e-05_bs16_drop0p2_temp2p0_a0p25_b0p05__wd1e-04trmiss0_degmodglobal,16,5e-05,0.0001,0.2,2.0,0.25,0.05,lr5e-05_bs16_drop0p2_temp2p0_a0p25_b0p05__wd1e-04trmiss0_degmodglobal,27,0.6236040145158768,0.7882685661315918,0.2222222222222222,0.5879740629740631,0.3076923076923077,0.0,0.6111373454332352,0.6091162115335464,0.04088668245822191,0.08532262407243252,0.0,0.0,0.0,0.0,0.0,18473,global,0.0
2,3,lr5e-05_bs16_drop0p2_temp2p0_a0p25_b0p05__wd1e-04trmiss0_degmodglobal,16,5e-05,0.0001,0.2,2.0,0.25,0.05,lr5e-05_bs16_drop0p2_temp2p0_a0p25_b0p05__wd1e-04trmiss0_degmodglobal,28,0.5863435417413712,0.7854298949241638,0.19444444444444442,0.580258013591347,0.3076923076923077,0.0,0.577958345413208,0.574749305844307,0.03116617724299431,0.07605374325066805,0.0,0.0,0.0,0.0,0.0,18473,global,0.0
2,3,lr5e-05_bs16_drop0p4_temp1p0_a0p25_b0p05__wd1e-04trmiss0_degmodglobal,16,5e-05,0.0001,0.4,1.0,0.25,0.05,lr5e-05_bs16_drop0p4_temp1p0_a0p25_b0p05__wd1e-04trmiss0_degmodglobal,1,0.765157476067543,0.6984274983406067,0.6944444444444444,0.872602089268756,0.46153846153846156,0.0,0.687448188662529,0.7364624738693237,0.07900534197688103,0.17887305840849876,0.0,0.0,0.0,0.0,0.0,18473,global,0.0
2,3,lr5e-05_bs16_drop0p4_temp1p0_a0p25_b0p05__wd1e-04trmiss0_degmodglobal,16,5e-05,0.0001,0.4,1.0,0.25,0.05,lr5e-05_bs16_drop0p4_temp1p0_a0p25_b0p05__wd1e-04trmiss0_degmodglobal,2,0.7377178519964218,0.7074994444847107,0.4444444444444444,0.7297008547008548,0.46153846153846156,0.0,0.6784299910068512,0.7056243717670441,0.08888976275920868,0.19742084853351116,0.0,0.0,0.0,0.0,0.0,18473,global,0.0
2,3,lr5e-05_bs16_drop0p4_temp1p0_a0p25_b0p05__wd1e-04trmiss0_degmodglobal,16,5e-05,0.0001,0.4,1.0,0.25,0.05,lr5e-05_bs16_drop0p4_temp1p0_a0p25_b0p05__wd1e-04trmiss0_degmodglobal,3,0.7384437769651413,0.714613139629364,0.3055555555555555,0.6731592481592481,0.3076923076923077,0.0,0.6874347031116486,0.7125465422868729,0.07283705845475197,0.1537594459950924,0.0,0.0,0.0,0.0,0.0,18473,global,0.0
2,3,lr5e-05_bs16_drop0p4_temp1p0_a0p25_b0p05__wd1e-04trmiss0_degmodglobal,16,5e-05,0.0001,0.4,1.0,0.25,0.05,lr5e-05_bs16_drop0p4_temp1p0_a0p25_b0p05__wd1e-04trmiss0_degmodglobal,4,0.6813381463289261,0.7177820205688477,0.25,0.6469246802580135,0.38461538461538464,0.0,0.6602264046669006,0.6597490310668945,0.064602455124259,0.1087703499943018,0.0,0.0,0.0,0.0,0.0,18473,global,0.0
2,3,lr5e-05_bs16_drop0p4_temp1p0_a0p25_b0p05__wd1e-04trmiss0_degmodglobal,16,5e-05,0.0001,0.4,1.0,0.25,0.05,lr5e-05_bs16_drop0p4_temp1p0_a0p25_b0p05__wd1e-04trmiss0_degmodglobal,5,0.7076353281736374,0.7210587859153748,0.25,0.6469246802580135,0.3076923076923077,0.0,0.6447820961475372,0.6847940683364868,0.061481157317757607,0.1494193710386753,0.0,0.0,0.0,0.0,0.0,18473,global,0.0
2,3,lr5e-05_bs16_drop0p4_temp1p0_a0p25_b0p05__wd1e-04trmiss0_degmodglobal,16,5e-05,0.0001,0.4,1.0,0.25,0.05,lr5e-05_bs16_drop0p4_temp1p0_a0p25_b0p05__wd1e-04trmiss0_degmodglobal,6,0.6468043029308319,0.7217084765434265,0.2777777777777778,0.6546407296407297,0.3076923076923077,0.0,0.634325385093689,0.62723807990551,0.05507728457450867,0.11593808606266975,0.0,0.0,0.0,0.0,0.0,18473,global,0.0
2,3,lr5e-05_bs16_drop0p4_temp1p0_a0p25_b0p05__wd1e-04trmiss0_degmodglobal,16,5e-05,0.0001,0.4,1.0,0.25,0.05,lr5e-05_bs16_drop0p4_temp1p0_a0p25_b0p05__wd1e-04trmiss0_degmodglobal,7,0.6631160080432892,0.7220743298530579,0.2777777777777778,0.662048137048137,0.3076923076923077,0.0,0.5952892005443573,0.6367553323507309,0.07348504569381475,0.15978825651109219,0.0,0.0,0.0,0.0,0.0,18473,global,0.0
2,3,lr5e-05_bs16_drop0p4_temp1p0_a0p25_b0p05__wd1e-04trmiss0_degmodglobal,16,5e-05,0.0001,0.4,1.0,0.25,0.05,lr5e-05_bs16_drop0p4_temp1p0_a0p25_b0p05__wd1e-04trmiss0_degmodglobal,8,0.6798609495162964,0.7244244813919067,0.25,0.6435296185296187,0.23076923076923078,0.0,0.5899264365434647,0.6482286006212234,0.08361113164573908,0.21459178067743778,0.0,0.0,0.0,0.0,0.0,18473,global,0.0
2,3,lr5e-05_bs16_drop0p4_temp1p0_a0p25_b0p05__wd1e-04trmiss0_degmodglobal,16,5e-05,0.0001,0.4,1.0,0.25,0.05,lr5e-05_bs16_drop0p4_temp1p0_a0p25_b0p05__wd1e-04trmiss0_degmodglobal,9,0.6460377722978592,0.7231269478797913,0.3055555555555555,0.6731592481592481,0.3076923076923077,0.0,0.5928453058004379,0.6209584921598434,0.06746020261198282,0.16428469121456146,0.0,0.0,0.0,0.0,0.0,18473,global,0.0
2,3,lr5e-05_bs16_drop0p4_temp1p0_a0p25_b0p05__wd1e-04trmiss0_degmodglobal,16,5e-05,0.0001,0.4,1.0,0.25,0.05,lr5e-05_bs16_drop0p4_temp1p0_a0p25_b0p05__wd1e-04trmiss0_degmodglobal,10,0.6533375680446625,0.7236890196800232,0.3055555555555555,0.6731592481592481,0.3076923076923077,0.0,0.5588933080434799,0.6214522570371628,0.08280022256076336,0.22370509058237076,0.0,0.0,0.0,0.0,0.0,18473,global,0.0
2,3,lr5e-05_bs16_drop0p4_temp1p0_a0p25_b0p05__wd1e-04trmiss0_degmodglobal,16,5e-05,0.0001,0.4,1.0,0.25,0.05,lr5e-05_bs16_drop0p4_temp1p0_a0p25_b0p05__wd1e-04trmiss0_degmodglobal,11,0.6490382999181747,0.7292842864990234,0.25,0.6435296185296187,0.3076923076923077,0.0,0.6204903721809387,0.6225658357143402,0.07316158805042505,0.1636414546519518,0.0,0.0,0.0,0.0,0.0,18473,global,0.0
2,3,lr5e-05_bs16_drop0p4_temp1p0_a0p25_b0p05__wd1e-04trmiss0_degmodglobal,16,5e-05,0.0001,0.4,1.0,0.25,0.05,lr5e-05_bs16_drop0p4_temp1p0_a0p25_b0p05__wd1e-04trmiss0_degmodglobal,12,0.6284271478652954,0.7328758239746094,0.25,0.6435296185296187,0.3076923076923077,0.0,0.5795696750283241,0.5957896560430527,0.08761142566800117,0.21469248831272125,0.0,0.0,0.0,0.0,0.0,18473,global,0.0
2,3,lr5e-05_bs16_drop0p4_temp1p0_a0p25_b0p05__wd1e-04trmiss0_degmodglobal,16,5e-05,0.0001,0.4,1.0,0.25,0.05,lr5e-05_bs16_drop0p4_temp1p0_a0p25_b0p05__wd1e-04trmiss0_degmodglobal,13,0.6426092684268951,0.7372005581855774,0.25,0.6469246802580135,0.3076923076923077,0.0,0.5950261354446411,0.617483377456665,0.07358276564627886,0.13460399582982063,0.0,0.0,0.0,0.0,0.0,18473,global,0.0
2,3,lr5e-05_bs16_drop0p4_temp1p0_a0p25_b0p05__wd1e-04trmiss0_degmodglobal,16,5e-05,0.0001,0.4,1.0,0.25,0.05,lr5e-05_bs16_drop0p4_temp1p0_a0p25_b0p05__wd1e-04trmiss0_degmodglobal,14,0.6210179477930069,0.7422131896018982,0.2222222222222222,0.6389881723215056,0.3076923076923077,0.0,0.5415171384811401,0.5866317600011826,0.0887953219935298,0.2437470480799675,0.0,0.0,0.0,0.0,0.0,18473,global,0.0
2,3,lr5e-05_bs16_drop0p4_temp1p0_a0p25_b0p05__wd1e-04trmiss0_degmodglobal,16,5e-05,0.0001,0.4,1.0,0.25,0.05,lr5e-05_bs16_drop0p4_temp1p0_a0p25_b0p05__wd1e-04trmiss0_degmodglobal,15,0.5987047702074051,0.745943546295166,0.19444444444444442,0.6278770612103945,0.3076923076923077,0.0,0.569421797990799,0.5739555060863495,0.07039893791079521,0.14299042336642742,0.0,0.0,0.0,0.0,0.0,18473,global,0.0
2,3,lr5e-05_bs16_drop0p4_temp1p0_a0p25_b0p05__wd1e-04trmiss0_degmodglobal,16,5e-05,0.0001,0.4,1.0,0.25,0.05,lr5e-05_bs16_drop0p4_temp1p0_a0p25_b0p05__wd1e-04trmiss0_degmodglobal,16,0.6344431936740875,0.7500587105751038,0.16666666666666666,0.6167659500992835,0.3076923076923077,0.0,0.5571578741073608,0.6028598845005035,0.08195137791335583,0.2219092845916748,0.0,0.0,0.0,0.0,0.0,18473,global,0.0
2,3,lr5e-05_bs16_drop0p4_temp1p0_a0p25_b0p05__wd1e-04trmiss0_degmodglobal,16,5e-05,0.0001,0.4,1.0,0.25,0.05,lr5e-05_bs16_drop0p4_temp1p0_a0p25_b0p05__wd1e-04trmiss0_degmodglobal,17,0.638999417424202,0.7512666583061218,0.16666666666666666,0.6167659500992835,0.3076923076923077,0.0,0.5606751888990402,0.6032014042139053,0.09956243075430393,0.21814801543951035,0.0,0.0,0.0,0.0,0.0,18473,global,0.0
2,3,lr5e-05_bs16_drop0p4_temp1p0_a0p25_b0p05__wd1e-04trmiss0_degmodglobal,16,5e-05,0.0001,0.4,1.0,0.25,0.05,lr5e-05_bs16_drop0p4_temp1p0_a0p25_b0p05__wd1e-04trmiss0_degmodglobal,18,0.6127112656831741,0.7533864378929138,0.19444444444444442,0.6247024580357914,0.23076923076923078,0.0,0.5699697583913803,0.5836252868175507,0.0881274864077568,0.14108200930058956,0.0,0.0,0.0,0.0,0.0,18473,global,0.0
2,3,lr5e-05_bs16_drop0p4_temp1p0_a0p25_b0p05__wd1e-04trmiss0_degmodglobal,16,5e-05,0.0001,0.4,1.0,0.25,0.05,lr5e-05_bs16_drop0p4_temp1p0_a0p25_b0p05__wd1e-04trmiss0_degmodglobal,19,0.6193388253450394,0.749795138835907,0.19444444444444442,0.6247024580357914,0.23076923076923078,0.0,0.5955445468425751,0.5918284058570862,0.08518638461828232,0.12427632138133049,0.0,0.0,0.0,0.0,0.0,18473,global,0.0
2,3,lr5e-05_bs16_drop0p4_temp1p0_a0p25_b0p05__wd1e-04trmiss0_degmodglobal,16,5e-05,0.0001,0.4,1.0,0.25,0.05,lr5e-05_bs16_drop0p4_temp1p0_a0p25_b0p05__wd1e-04trmiss0_degmodglobal,20,0.6181166619062424,0.7471759915351868,0.2777777777777778,0.6468966218966219,0.15384615384615385,0.0,0.5119971409440041,0.5819272994995117,0.10709469579160213,0.18831386417150497,0.0,0.0,0.0,0.0,0.0,18473,global,0.0
2,3,lr5e-05_bs16_drop0p4_temp1p0_a0p25_b0p05__wd1e-04trmiss0_degmodglobal,16,5e-05,0.0001,0.4,1.0,0.25,0.05,lr5e-05_bs16_drop0p4_temp1p0_a0p25_b0p05__wd1e-04trmiss0_degmodglobal,21,0.6147978007793427,0.7485632300376892,0.25,0.5913410663410663,0.23076923076923078,0.0,0.5387878865003586,0.5849219560623169,0.0786101408302784,0.20446642488241196,0.0,0.0,0.0,0.0,0.0,18473,global,0.0
2,3,lr5e-05_bs16_drop0p4_temp1p0_a0p25_b0p05__wd1e-04trmiss0_degmodglobal,16,5e-05,0.0001,0.4,1.0,0.25,0.05,lr5e-05_bs16_drop0p4_temp1p0_a0p25_b0p05__wd1e-04trmiss0_degmodglobal,22,0.6354370415210724,0.750594973564148,0.2777777777777778,0.6024521774521775,0.3076923076923077,0.0,0.5565713346004486,0.5939909219741821,0.11457183957099915,0.25606339424848557,0.0,0.0,0.0,0.0,0.0,18473,global,0.0
2,3,lr5e-05_bs16_drop0p4_temp1p0_a0p25_b0p05__wd1e-04trmiss0_degmodglobal,16,5e-05,0.0001,0.4,1.0,0.25,0.05,lr5e-05_bs16_drop0p4_temp1p0_a0p25_b0p05__wd1e-04trmiss0_degmodglobal,23,0.6025888919830322,0.7512477040290833,0.2777777777777778,0.6024521774521775,0.3076923076923077,0.0,0.5669362246990204,0.5753968209028244,0.0775543749332428,0.1560696130618453,0.0,0.0,0.0,0.0,0.0,18473,global,0.0
2,3,lr5e-05_bs16_drop0p4_temp1p0_a0p25_b0p05__wd1e-04trmiss0_degmodglobal,16,5e-05,0.0001,0.4,1.0,0.25,0.05,lr5e-05_bs16_drop0p4_temp1p0_a0p25_b0p05__wd1e-04trmiss0_degmodglobal,24,0.6371665000915527,0.7530379891395569,0.3055555555555556,0.658007733007733,0.23076923076923078,0.0,0.5395182371139526,0.6016920953989029,0.09657387062907219,0.22661872580647469,0.0,0.0,0.0,0.0,0.0,18473,global,0.0
2,3,lr5e-05_bs16_drop0p4_temp1p0_a0p25_b0p05__wd1e-04trmiss0_degmodglobal,16,5e-05,0.0001,0.4,1.0,0.25,0.05,lr5e-05_bs16_drop0p4_temp1p0_a0p25_b0p05__wd1e-04trmiss0_degmodglobal,25,0.6317881643772125,0.7533185482025146,0.3055555555555556,0.658007733007733,0.23076923076923078,0.0,0.5455657094717026,0.5920660197734833,0.10539534874260426,0.26746629923582077,0.0,0.0,0.0,0.0,0.0,18473,global,0.0
2,3,lr5e-05_bs16_drop0p4_temp1p0_a0p25_b0p05__wd1e-04trmiss0_degmodglobal,16,5e-05,0.0001,0.4,1.0,0.25,0.05,lr5e-05_bs16_drop0p4_temp1p0_a0p25_b0p05__wd1e-04trmiss0_degmodglobal,26,0.5968373715877533,0.7533549070358276,0.3055555555555556,0.658007733007733,0.23076923076923078,0.0,0.5139245688915253,0.5659625232219696,0.08394687622785568,0.19776230305433273,0.0,0.0,0.0,0.0,0.0,18473,global,0.0
2,3,lr5e-05_bs16_drop0p4_temp1p0_a0p25_b0p05__wd1e-04trmiss0_degmodglobal,16,5e-05,0.0001,0.4,1.0,0.25,0.05,lr5e-05_bs16_drop0p4_temp1p0_a0p25_b0p05__wd1e-04trmiss0_degmodglobal,27,0.6108588874340057,0.7533749938011169,0.2777777777777778,0.6024521774521775,0.23076923076923078,0.0,0.4969376102089882,0.5763372182846069,0.09442131547257304,0.21832698211073875,0.0,0.0,0.0,0.0,0.0,18473,global,0.0
2,3,lr5e-05_bs16_drop0p4_temp1p0_a0p25_b0p05__wd1e-04trmiss0_degmodglobal,16,5e-05,0.0001,0.4,1.0,0.25,0.05,lr5e-05_bs16_drop0p4_temp1p0_a0p25_b0p05__wd1e-04trmiss0_degmodglobal,28,0.6254846602678299,0.752988338470459,0.25,0.5913410663410663,0.23076923076923078,0.0,0.4745178744196892,0.5890747308731079,0.10228965058922768,0.2167503535747528,0.0,0.0,0.0,0.0,0.0,18473,global,0.0
2,3,lr5e-05_bs16_drop0p4_temp1p0_a0p25_b0p05__wd1e-04trmiss0_degmodglobal,16,5e-05,0.0001,0.4,1.0,0.25,0.05,lr5e-05_bs16_drop0p4_temp1p0_a0p25_b0p05__wd1e-04trmiss0_degmodglobal,29,0.6115140318870544,0.751204252243042,0.2777777777777778,0.6024521774521775,0.23076923076923078,0.0,0.5359358489513397,0.58235764503479,0.08113901689648628,0.17743290588259697,0.0,0.0,0.0,0.0,0.0,18473,global,0.0
2,3,lr5e-05_bs16_drop0p4_temp1p0_a0p25_b0p05__wd1e-04trmiss0_degmodglobal,16,5e-05,0.0001,0.4,1.0,0.25,0.05,lr5e-05_bs16_drop0p4_temp1p0_a0p25_b0p05__wd1e-04trmiss0_degmodglobal,30,0.6229139268398285,0.7510689496994019,0.3055555555555556,0.6135632885632886,0.3076923076923077,0.0,0.49984169006347656,0.5805064141750336,0.1115160221233964,0.2905698111280799,0.0,0.0,0.0,0.0,0.0,18473,global,0.0
2,3,lr5e-05_bs16_drop0p4_temp1p0_a0p25_b0p05__wd1e-04trmiss0_degmodglobal,16,5e-05,0.0001,0.4,1.0,0.25,0.05,lr5e-05_bs16_drop0p4_temp1p0_a0p25_b0p05__wd1e-04trmiss0_degmodglobal,31,0.6399361938238144,0.7559444904327393,0.2777777777777778,0.6024521774521775,0.23076923076923078,0.0,0.5283147171139717,0.5961420834064484,0.11723614763468504,0.28970192931592464,0.0,0.0,0.0,0.0,0.0,18473,global,0.0
2,3,lr5e-05_bs16_drop0p4_temp1p0_a0p25_b0p05__wd1e-04trmiss0_degmodglobal,16,5e-05,0.0001,0.4,1.0,0.25,0.05,lr5e-05_bs16_drop0p4_temp1p0_a0p25_b0p05__wd1e-04trmiss0_degmodglobal,32,0.6136810034513474,0.7530557513237,0.2777777777777778,0.6024521774521775,0.3076923076923077,0.0,0.5001210719347,0.5790696889162064,0.0911137405782938,0.23665767908096313,0.0,0.0,0.0,0.0,0.0,18473,global,0.0
2,3,lr5e-05_bs16_drop0p4_temp1p0_a0p25_b0p05__wd1e-04trmiss0_degmodglobal,16,5e-05,0.0001,0.4,1.0,0.25,0.05,lr5e-05_bs16_drop0p4_temp1p0_a0p25_b0p05__wd1e-04trmiss0_degmodglobal,33,0.6231236606836319,0.7560127973556519,0.2777777777777778,0.6024521774521775,0.23076923076923078,0.0,0.4860237017273903,0.5808206498622894,0.1192606259137392,0.24975688755512238,0.0,0.0,0.0,0.0,0.0,18473,global,0.0
2,3,lr5e-05_bs16_drop0p4_temp1p0_a0p25_b0p05__wd1e-04trmiss0_degmodglobal,16,5e-05,0.0001,0.4,1.0,0.25,0.05,lr5e-05_bs16_drop0p4_temp1p0_a0p25_b0p05__wd1e-04trmiss0_degmodglobal,34,0.5831358730792999,0.755071222782135,0.2777777777777778,0.6024521774521775,0.3076923076923077,0.0,0.46928587555885315,0.5413622930645943,0.11142670921981335,0.2783375680446625,0.0,0.0,0.0,0.0,0.0,18473,global,0.0
2,3,lr5e-05_bs16_drop0p4_temp1p0_a0p25_b0p05__wd1e-04trmiss0_degmodglobal,16,5e-05,0.0001,0.4,1.0,0.25,0.05,lr5e-05_bs16_drop0p4_temp1p0_a0p25_b0p05__wd1e-04trmiss0_degmodglobal,35,0.6187624037265778,0.7557746171951294,0.2777777777777778,0.6024521774521775,0.3076923076923077,0.0,0.51503636687994,0.582051694393158,0.10302990488708019,0.21906445547938347,0.0,0.0,0.0,0.0,0.0,18473,global,0.0
2,3,lr5e-05_bs16_drop0p4_temp1p0_a0p25_b0p05__wd1e-04trmiss0_degmodglobal,16,5e-05,0.0001,0.4,1.0,0.25,0.05,lr5e-05_bs16_drop0p4_temp1p0_a0p25_b0p05__wd1e-04trmiss0_degmodglobal,36,0.6511762142181396,0.7610653042793274,0.3055555555555556,0.658007733007733,0.23076923076923078,0.0,0.5436559841036797,0.6124006658792496,0.10556946694850922,0.24766355752944946,0.0,0.0,0.0,0.0,0.0,18473,global,0.0
2,3,lr5e-05_bs16_drop0p4_temp1p0_a0p25_b0p05__wd1e-04trmiss0_degmodglobal,16,5e-05,0.0001,0.4,1.0,0.25,0.05,lr5e-05_bs16_drop0p4_temp1p0_a0p25_b0p05__wd1e-04trmiss0_degmodglobal,37,0.6135548204183578,0.7571958899497986,0.2777777777777778,0.6024521774521775,0.23076923076923078,0.0,0.5136243775486946,0.5839636325836182,0.0779238436371088,0.2022041194140911,0.0,0.0,0.0,0.0,0.0,18473,global,0.0
2,3,lr5e-05_bs16_drop0p4_temp1p0_a0p25_b0p05__wd1e-04trmiss0_degmodglobal,16,5e-05,0.0001,0.4,1.0,0.25,0.05,lr5e-05_bs16_drop0p4_temp1p0_a0p25_b0p05__wd1e-04trmiss0_degmodglobal,38,0.6002767533063889,0.7557292580604553,0.2777777777777778,0.6024521774521775,0.3076923076923077,0.0,0.5236375704407692,0.5665356069803238,0.0956621803343296,0.19651149958372116,0.0,0.0,0.0,0.0,0.0,18473,global,0.0
2,3,lr5e-05_bs16_drop0p4_temp1p0_a0p25_b0p05__wd1e-04trmiss0_degmodglobal,16,5e-05,0.0001,0.4,1.0,0.25,0.05,lr5e-05_bs16_drop0p4_temp1p0_a0p25_b0p05__wd1e-04trmiss0_degmodglobal,39,0.6526121348142624,0.7556423544883728,0.3333333333333333,0.6202972952972953,0.3076923076923077,0.0,0.5078055262565613,0.6114671677350998,0.10744495689868927,0.2856746967881918,0.0,0.0,0.0,0.0,0.0,18473,global,0.0
2,3,lr5e-05_bs16_drop0p4_temp1p0_a0p25_b0p05__wd1e-04trmiss0_degmodglobal,16,5e-05,0.0001,0.4,1.0,0.25,0.05,lr5e-05_bs16_drop0p4_temp1p0_a0p25_b0p05__wd1e-04trmiss0_degmodglobal,40,0.630617693066597,0.7533940672874451,0.3333333333333333,0.6202972952972953,0.3076923076923077,0.0,0.49061544984579086,0.587891086935997,0.11371027212589979,0.2859804034233093,0.0,0.0,0.0,0.0,0.0,18473,global,0.0
2,3,lr5e-05_bs16_drop0p4_temp1p0_a0p25_b0p05__wd1e-04trmiss0_degmodglobal,16,5e-05,0.0001,0.4,1.0,0.25,0.05,lr5e-05_bs16_drop0p4_temp1p0_a0p25_b0p05__wd1e-04trmiss0_degmodglobal,41,0.6393133699893951,0.754513680934906,0.3055555555555556,0.6091861841861842,0.23076923076923078,0.0,0.5322141572833061,0.5961601883172989,0.11026489082723856,0.31173917278647423,0.0,0.0,0.0,0.0,0.0,18473,global,0.0
2,3,lr5e-05_bs16_drop0p4_temp1p0_a0p25_b0p05__wd1e-04trmiss0_degmodglobal,16,5e-05,0.0001,0.4,1.0,0.25,0.05,lr5e-05_bs16_drop0p4_temp1p0_a0p25_b0p05__wd1e-04trmiss0_degmodglobal,42,0.6308043897151947,0.7557563781738281,0.3333333333333333,0.6647417397417397,0.23076923076923078,0.0,0.49088726937770844,0.5836421698331833,0.12235661968588829,0.3314613960683346,0.0,0.0,0.0,0.0,0.0,18473,global,0.0
2,3,lr5e-05_bs16_drop0p4_temp1p0_a0p25_b0p05__wd1e-04trmiss0_degmodglobal,16,5e-05,0.0001,0.4,1.0,0.25,0.05,lr5e-05_bs16_drop0p4_temp1p0_a0p25_b0p05__wd1e-04trmiss0_degmodglobal,43,0.6097415238618851,0.7570765614509583,0.3333333333333333,0.6647417397417397,0.23076923076923078,0.0,0.46932970732450485,0.5663654953241348,0.1134533453732729,0.3002539537847042,0.0,0.0,0.0,0.0,0.0,18473,global,0.0
2,3,lr5e-05_bs16_drop0p4_temp1p0_a0p25_b0p05__wd1e-04trmiss0_degmodglobal,16,5e-05,0.0001,0.4,1.0,0.25,0.05,lr5e-05_bs16_drop0p4_temp1p0_a0p25_b0p05__wd1e-04trmiss0_degmodglobal,44,0.6192089766263962,0.7578524351119995,0.3333333333333333,0.6647417397417397,0.23076923076923078,0.0,0.48207902163267136,0.5778959393501282,0.12067374028265476,0.2228929065167904,0.0,0.0,0.0,0.0,0.0,18473,global,0.0
2,3,lr5e-05_bs16_drop0p4_temp1p0_a0p25_b0p05__wd1e-04trmiss0_degmodglobal,16,5e-05,0.0001,0.4,1.0,0.25,0.05,lr5e-05_bs16_drop0p4_temp1p0_a0p25_b0p05__wd1e-04trmiss0_degmodglobal,45,0.5805360525846481,0.7572473883628845,0.3055555555555556,0.6091861841861842,0.23076923076923078,0.0,0.5086169317364693,0.5494456440210342,0.0930103613063693,0.1567565370351076,0.0,0.0,0.0,0.0,0.0,18473,global,0.0
2,3,lr5e-05_bs16_drop0p4_temp1p0_a0p25_b0p05__wd1e-04trmiss0_degmodglobal,16,5e-05,0.0001,0.4,1.0,0.25,0.05,lr5e-05_bs16_drop0p4_temp1p0_a0p25_b0p05__wd1e-04trmiss0_degmodglobal,46,0.6188554167747498,0.7527417540550232,0.3055555555555556,0.6091861841861842,0.3076923076923077,0.0,0.5066127181053162,0.5792068988084793,0.11490019969642162,0.21846953779459,0.0,0.0,0.0,0.0,0.0,18473,global,0.0
2,3,lr5e-05_bs16_drop0p4_temp1p0_a0p25_b0p05__wd1e-04trmiss0_degmodglobal,16,5e-05,0.0001,0.4,1.0,0.25,0.05,lr5e-05_bs16_drop0p4_temp1p0_a0p25_b0p05__wd1e-04trmiss0_degmodglobal,47,0.6041492968797684,0.7527368068695068,0.3333333333333333,0.6647417397417397,0.23076923076923078,0.0,0.46361248195171356,0.5643787533044815,0.11568897776305676,0.21696571074426174,0.0,0.0,0.0,0.0,0.0,18473,global,0.0
2,3,lr5e-05_bs16_drop0p4_temp1p0_a0p25_b0p05__wd1e-04trmiss0_degmodglobal,16,5e-05,0.0001,0.4,1.0,0.25,0.05,lr5e-05_bs16_drop0p4_temp1p0_a0p25_b0p05__wd1e-04trmiss0_degmodglobal,48,0.6135876476764679,0.7534332275390625,0.3611111111111111,0.6758528508528507,0.23076923076923078,0.0,0.48350419104099274,0.5752676874399185,0.10616619884967804,0.23556817509233952,0.0,0.0,0.0,0.0,0.0,18473,global,0.0
2,3,lr5e-05_bs16_drop0p4_temp1p0_a0p25_b0p05__wd1e-04trmiss0_degmodglobal,16,5e-05,0.0001,0.4,1.0,0.25,0.05,lr5e-05_bs16_drop0p4_temp1p0_a0p25_b0p05__wd1e-04trmiss0_degmodglobal,49,0.6558875441551208,0.7562430500984192,0.3055555555555556,0.6091861841861842,0.23076923076923078,0.0,0.5221074149012566,0.6129547953605652,0.11527460999786854,0.2822818085551262,0.0,0.0,0.0,0.0,0.0,18473,global,0.0
2,3,lr5e-05_bs16_drop0p4_temp1p0_a0p25_b0p05__wd1e-04trmiss0_degmodglobal,16,5e-05,0.0001,0.4,1.0,0.25,0.05,lr5e-05_bs16_drop0p4_temp1p0_a0p25_b0p05__wd1e-04trmiss0_degmodglobal,50,0.5972915291786194,0.7545559406280518,0.3055555555555556,0.6091861841861842,0.23076923076923078,0.0,0.4781961739063263,0.5628305375576019,0.09463660046458244,0.21603692695498466,0.0,0.0,0.0,0.0,0.0,18473,global,0.0
2,3,lr5e-05_bs16_drop0p4_temp1p0_a0p25_b0p05__wd1e-04trmiss0_degmodglobal,16,5e-05,0.0001,0.4,1.0,0.25,0.05,lr5e-05_bs16_drop0p4_temp1p0_a0p25_b0p05__wd1e-04trmiss0_degmodglobal,51,0.6270390152931213,0.7556018829345703,0.3333333333333333,0.6202972952972953,0.23076923076923078,0.0,0.4786680266261101,0.57237409055233,0.1667371690273285,0.259612824767828,0.0,0.0,0.0,0.0,0.0,18473,global,0.0
2,3,lr5e-05_bs16_drop0p4_temp1p0_a0p25_b0p05__wd1e-04trmiss0_degmodglobal,16,5e-05,0.0001,0.4,1.0,0.25,0.05,lr5e-05_bs16_drop0p4_temp1p0_a0p25_b0p05__wd1e-04trmiss0_degmodglobal,52,0.6225870251655579,0.7533233165740967,0.3055555555555556,0.6091861841861842,0.23076923076923078,0.0,0.49953746795654297,0.578138142824173,0.11884703300893307,0.29474232345819473,0.0,0.0,0.0,0.0,0.0,18473,global,0.0
2,3,lr5e-05_bs16_drop0p4_temp1p0_a0p25_b0p05__wd1e-04trmiss0_degmodglobal,16,5e-05,0.0001,0.4,1.0,0.25,0.05,lr5e-05_bs16_drop0p4_temp1p0_a0p25_b0p05__wd1e-04trmiss0_degmodglobal,53,0.6182895004749298,0.7518178224563599,0.3055555555555556,0.6091861841861842,0.3076923076923077,0.0,0.4690917879343033,0.5743002444505692,0.12159337662160397,0.27181850001215935,0.0,0.0,0.0,0.0,0.0,18473,global,0.0
2,3,lr5e-05_bs16_drop0p4_temp1p0_a0p25_b0p05__wd1e-04trmiss0_degmodglobal,16,5e-05,0.0001,0.4,1.0,0.25,0.05,lr5e-05_bs16_drop0p4_temp1p0_a0p25_b0p05__wd1e-04trmiss0_degmodglobal,54,0.6206729412078857,0.7528190612792969,0.3055555555555556,0.6091861841861842,0.23076923076923078,0.0,0.46430157870054245,0.5725367218255997,0.1234891340136528,0.3452788516879082,0.0,0.0,0.0,0.0,0.0,18473,global,0.0
2,3,lr5e-05_bs16_drop0p4_temp1p0_a0p25_b0p05__wd1e-04trmiss0_degmodglobal,16,5e-05,0.0001,0.4,1.0,0.25,0.05,lr5e-05_bs16_drop0p4_temp1p0_a0p25_b0p05__wd1e-04trmiss0_degmodglobal,55,0.6358174532651901,0.7545387744903564,0.3055555555555556,0.6091861841861842,0.3076923076923077,0.0,0.48065151274204254,0.6008253842592239,0.09508092515170574,0.22443682327866554,0.0,0.0,0.0,0.0,0.0,18473,global,0.0
2,3,lr5e-05_bs16_drop0p4_temp1p0_a0p25_b0p05__wd1e-04trmiss0_degmodglobal,16,5e-05,0.0001,0.4,1.0,0.25,0.05,lr5e-05_bs16_drop0p4_temp1p0_a0p25_b0p05__wd1e-04trmiss0_degmodglobal,56,0.5923459976911545,0.7531157732009888,0.3055555555555556,0.6091861841861842,0.3076923076923077,0.0,0.4717511907219887,0.5504716336727142,0.115492919459939,0.2600225657224655,0.0,0.0,0.0,0.0,0.0,18473,global,0.0
2,3,lr5e-05_bs16_drop0p4_temp1p0_a0p25_b0p05__wd1e-04trmiss0_degmodglobal,16,5e-05,0.0001,0.4,1.0,0.25,0.05,lr5e-05_bs16_drop0p4_temp1p0_a0p25_b0p05__wd1e-04trmiss0_degmodglobal,57,0.6027643084526062,0.7530234456062317,0.3055555555555556,0.6091861841861842,0.23076923076923078,0.0,0.4476849138736725,0.5572227612137794,0.11279595643281937,0.3468508869409561,0.0,0.0,0.0,0.0,0.0,18473,global,0.0
2,3,lr5e-05_bs16_drop0p4_temp1p0_a0p25_b0p05__wd1e-04trmiss0_degmodglobal,16,5e-05,0.0001,0.4,1.0,0.25,0.05,lr5e-05_bs16_drop0p4_temp1p0_a0p25_b0p05__wd1e-04trmiss0_degmodglobal,58,0.6425831615924835,0.7559258937835693,0.3333333333333333,0.6647417397417397,0.23076923076923078,0.0,0.4973277747631073,0.6016755551099777,0.11056568007916212,0.26532401889562607,0.0,0.0,0.0,0.0,0.0,18473,global,0.0
2,3,lr5e-05_bs16_drop0p4_temp1p0_a0p25_b0p05__wd1e-04trmiss0_degmodglobal,16,5e-05,0.0001,0.4,1.0,0.25,0.05,lr5e-05_bs16_drop0p4_temp1p0_a0p25_b0p05__wd1e-04trmiss0_degmodglobal,59,0.6122259050607681,0.7560216784477234,0.3333333333333333,0.6647417397417397,0.23076923076923078,0.0,0.4548202231526375,0.5737499892711639,0.1011017207056284,0.2640093266963959,0.0,0.0,0.0,0.0,0.0,18473,global,0.0
2,3,lr5e-05_bs16_drop0p4_temp1p0_a0p25_b0p05__wd1e-04trmiss0_degmodglobal,16,5e-05,0.0001,0.4,1.0,0.25,0.05,lr5e-05_bs16_drop0p4_temp1p0_a0p25_b0p05__wd1e-04trmiss0_degmodglobal,60,0.6266509741544724,0.7574760913848877,0.3333333333333333,0.6647417397417397,0.23076923076923078,0.0,0.4480956196784973,0.5708138793706894,0.15783348307013512,0.3275744356215,0.0,0.0,0.0,0.0,0.0,18473,global,0.0
2,3,lr5e-05_bs16_drop0p4_temp1p0_a0p25_b0p05__wd1e-04trmiss0_degmodglobal,16,5e-05,0.0001,0.4,1.0,0.25,0.05,lr5e-05_bs16_drop0p4_temp1p0_a0p25_b0p05__wd1e-04trmiss0_degmodglobal,61,0.6552179008722305,0.755587100982666,0.3333333333333333,0.6647417397417397,0.23076923076923078,0.0,0.4234171360731125,0.5845425724983215,0.1803705357015133,0.5116537995636463,0.0,0.0,0.0,0.0,0.0,18473,global,0.0
2,3,lr5e-05_bs16_drop0p4_temp1p0_a0p25_b0p05__wd1e-04trmiss0_degmodglobal,16,5e-05,0.0001,0.4,1.0,0.25,0.05,lr5e-05_bs16_drop0p4_temp1p0_a0p25_b0p05__wd1e-04trmiss0_degmodglobal,62,0.6221878528594971,0.7532062530517578,0.3055555555555556,0.6091861841861842,0.3076923076923077,0.0,0.4651646837592125,0.5810125172138214,0.11288035102188587,0.25910554826259613,0.0,0.0,0.0,0.0,0.0,18473,global,0.0
2,3,lr5e-05_bs16_drop0p4_temp1p0_a0p25_b0p05__wd1e-04trmiss0_degmodglobal,16,5e-05,0.0001,0.4,1.0,0.25,0.05,lr5e-05_bs16_drop0p4_temp1p0_a0p25_b0p05__wd1e-04trmiss0_degmodglobal,63,0.6082025021314621,0.7531139850616455,0.3055555555555556,0.6091861841861842,0.3076923076923077,0.0,0.46058015525341034,0.5577975809574127,0.13285135850310326,0.34384167939424515,0.0,0.0,0.0,0.0,0.0,18473,global,0.0
2,3,lr5e-05_bs16_drop0p4_temp1p0_a0p25_b0p05__wd1e-04trmiss0_degmodglobal,16,5e-05,0.0001,0.4,1.0,0.25,0.05,lr5e-05_bs16_drop0p4_temp1p0_a0p25_b0p05__wd1e-04trmiss0_degmodglobal,64,0.6020115464925766,0.7523720264434814,0.3055555555555556,0.6091861841861842,0.23076923076923078,0.0,0.46154045313596725,0.5561564192175865,0.12349957972764969,0.2996045909821987,0.0,0.0,0.0,0.0,0.0,18473,global,0.0
2,3,lr5e-05_bs16_drop0p4_temp1p0_a0p25_b0p05__wd1e-04trmiss0_degmodglobal,16,5e-05,0.0001,0.4,1.0,0.25,0.05,lr5e-05_bs16_drop0p4_temp1p0_a0p25_b0p05__wd1e-04trmiss0_degmodglobal,65,0.6100180149078369,0.7510616183280945,0.3055555555555556,0.6091861841861842,0.3076923076923077,0.0,0.4446675404906273,0.5521239340305328,0.16070421412587166,0.3543609194457531,0.0,0.0,0.0,0.0,0.0,18473,global,0.0
2,3,lr5e-05_bs16_drop0p4_temp1p0_a0p25_b0p05__wd1e-04trmiss0_degmodglobal,16,5e-05,0.0001,0.4,1.0,0.25,0.05,lr5e-05_bs16_drop0p4_temp1p0_a0p25_b0p05__wd1e-04trmiss0_degmodglobal,66,0.6549695134162903,0.7542230486869812,0.3055555555555556,0.6091861841861842,0.3076923076923077,0.0,0.4951328784227371,0.6049301028251648,0.13708673045039177,0.31535485945641994,0.0,0.0,0.0,0.0,0.0,18473,global,0.0
2,3,lr5e-05_bs16_drop0p4_temp1p0_a0p25_b0p05__wd1e-04trmiss0_degmodglobal,16,5e-05,0.0001,0.4,1.0,0.25,0.05,lr5e-05_bs16_drop0p4_temp1p0_a0p25_b0p05__wd1e-04trmiss0_degmodglobal,67,0.6052228212356567,0.7546159625053406,0.3055555555555556,0.6091861841861842,0.3076923076923077,0.0,0.46621837466955185,0.5618408545851707,0.12165015563368797,0.2593885511159897,0.0,0.0,0.0,0.0,0.0,18473,global,0.0
2,3,lr5e-05_bs16_drop0p4_temp1p0_a0p25_b0p05__wd1e-04trmiss0_degmodglobal,16,5e-05,0.0001,0.4,1.0,0.25,0.05,lr5e-05_bs16_drop0p4_temp1p0_a0p25_b0p05__wd1e-04trmiss0_degmodglobal,68,0.6435863077640533,0.7550759315490723,0.3055555555555556,0.6091861841861842,0.3076923076923077,0.0,0.4603434130549431,0.5878610163927078,0.14931786991655827,0.3679165579378605,0.0,0.0,0.0,0.0,0.0,18473,global,0.0
2,3,lr5e-05_bs16_drop0p4_temp2p0_a0p25_b0p05__wd1e-04trmiss0_degmodglobal,16,5e-05,0.0001,0.4,2.0,0.25,0.05,lr5e-05_bs16_drop0p4_temp2p0_a0p25_b0p05__wd1e-04trmiss0_degmodglobal,1,0.7059593349695206,0.6735604405403137,0.6388888888888888,0.7919753086419754,0.6923076923076923,0.0,0.7048580050468445,0.6833742409944534,0.06917341891676188,0.10583475371822715,0.0,0.0,0.0,0.0,0.0,18473,global,0.0
2,3,lr5e-05_bs16_drop0p4_temp2p0_a0p25_b0p05__wd1e-04trmiss0_degmodglobal,16,5e-05,0.0001,0.4,2.0,0.25,0.05,lr5e-05_bs16_drop0p4_temp2p0_a0p25_b0p05__wd1e-04trmiss0_degmodglobal,2,0.6937515586614609,0.6793663501739502,0.5277777777777778,0.7408560575227241,0.7692307692307693,0.0,0.6321858912706375,0.6616383641958237,0.091886842623353,0.1828293241560459,0.0,0.0,0.0,0.0,0.0,18473,global,0.0
2,3,lr5e-05_bs16_drop0p4_temp2p0_a0p25_b0p05__wd1e-04trmiss0_degmodglobal,16,5e-05,0.0001,0.4,2.0,0.25,0.05,lr5e-05_bs16_drop0p4_temp2p0_a0p25_b0p05__wd1e-04trmiss0_degmodglobal,3,0.6413719952106476,0.688154935836792,0.41666666666666663,0.6500592000592001,0.5384615384615384,0.0,0.6825254261493683,0.6145471036434174,0.0682939738035202,0.19502795860171318,0.0,0.0,0.0,0.0,0.0,18473,global,0.0
2,3,lr5e-05_bs16_drop0p4_temp2p0_a0p25_b0p05__wd1e-04trmiss0_degmodglobal,16,5e-05,0.0001,0.4,2.0,0.25,0.05,lr5e-05_bs16_drop0p4_temp2p0_a0p25_b0p05__wd1e-04trmiss0_degmodglobal,4,0.6729537546634674,0.6972746253013611,0.3888888888888889,0.6407999407999408,0.5384615384615384,0.0,0.647761657834053,0.6406759917736053,0.08526095934212208,0.21925058215856552,0.0,0.0,0.0,0.0,0.0,18473,global,0.0
2,3,lr5e-05_bs16_drop0p4_temp2p0_a0p25_b0p05__wd1e-04trmiss0_degmodglobal,16,5e-05,0.0001,0.4,2.0,0.25,0.05,lr5e-05_bs16_drop0p4_temp2p0_a0p25_b0p05__wd1e-04trmiss0_degmodglobal,5,0.6633482575416565,0.7016648650169373,0.38888888888888884,0.6493978243978243,0.46153846153846156,0.0,0.650519847869873,0.6396621316671371,0.06677417550235987,0.13985145278275013,0.0,0.0,0.0,0.0,0.0,18473,global,0.0
2,3,lr5e-05_bs16_drop0p4_temp2p0_a0p25_b0p05__wd1e-04trmiss0_degmodglobal,16,5e-05,0.0001,0.4,2.0,0.25,0.05,lr5e-05_bs16_drop0p4_temp2p0_a0p25_b0p05__wd1e-04trmiss0_degmodglobal,6,0.6372196823358536,0.7002780437469482,0.38888888888888884,0.6493978243978243,0.38461538461538464,0.0,0.6210982203483582,0.6125102043151855,0.06601936277002096,0.16409227438271046,0.0,0.0,0.0,0.0,0.0,18473,global,0.0
2,3,lr5e-05_bs16_drop0p4_temp2p0_a0p25_b0p05__wd1e-04trmiss0_degmodglobal,16,5e-05,0.0001,0.4,2.0,0.25,0.05,lr5e-05_bs16_drop0p4_temp2p0_a0p25_b0p05__wd1e-04trmiss0_degmodglobal,7,0.6242620050907135,0.7037694454193115,0.41666666666666663,0.6593184593184593,0.46153846153846156,0.0,0.6825500428676605,0.5930693447589874,0.07552279904484749,0.24623912945389748,0.0,0.0,0.0,0.0,0.0,18473,global,0.0
2,3,lr5e-05_bs16_drop0p4_temp2p0_a0p25_b0p05__wd1e-04trmiss0_degmodglobal,16,5e-05,0.0001,0.4,2.0,0.25,0.05,lr5e-05_bs16_drop0p4_temp2p0_a0p25_b0p05__wd1e-04trmiss0_degmodglobal,8,0.6334481090307236,0.7015838623046875,0.41666666666666663,0.6593184593184593,0.46153846153846156,0.0,0.6619182825088501,0.6083208918571472,0.07022957410663366,0.1513963956385851,0.0,0.0,0.0,0.0,0.0,18473,global,0.0
2,3,lr5e-05_bs16_drop0p4_temp2p0_a0p25_b0p05__wd1e-04trmiss0_degmodglobal,16,5e-05,0.0001,0.4,2.0,0.25,0.05,lr5e-05_bs16_drop0p4_temp2p0_a0p25_b0p05__wd1e-04trmiss0_degmodglobal,9,0.6448144018650055,0.7012412548065186,0.4444444444444444,0.6685777185777186,0.5384615384615384,0.0,0.6473274081945419,0.6119180768728256,0.0941422525793314,0.1872150031849742,0.0,0.0,0.0,0.0,0.0,18473,global,0.0
2,3,lr5e-05_bs16_drop0p4_temp2p0_a0p25_b0p05__wd1e-04trmiss0_degmodglobal,16,5e-05,0.0001,0.4,2.0,0.25,0.05,lr5e-05_bs16_drop0p4_temp2p0_a0p25_b0p05__wd1e-04trmiss0_degmodglobal,10,0.6620825231075287,0.7027761340141296,0.38888888888888884,0.6493978243978243,0.5384615384615384,0.0,0.6207998394966125,0.6290853470563889,0.09632501564919949,0.1783181056380272,0.0,0.0,0.0,0.0,0.0,18473,global,0.0
2,3,lr5e-05_bs16_drop0p4_temp2p0_a0p25_b0p05__wd1e-04trmiss0_degmodglobal,16,5e-05,0.0001,0.4,2.0,0.25,0.05,lr5e-05_bs16_drop0p4_temp2p0_a0p25_b0p05__wd1e-04trmiss0_degmodglobal,11,0.5948847532272339,0.7031572461128235,0.4444444444444444,0.6685777185777186,0.5384615384615384,0.0,0.5869030952453613,0.5665037781000137,0.08185446634888649,0.15834707859903574,0.0,0.0,0.0,0.0,0.0,18473,global,0.0
2,3,lr5e-05_bs16_drop0p4_temp2p0_a0p25_b0p05__wd1e-04trmiss0_degmodglobal,16,5e-05,0.0001,0.4,2.0,0.25,0.05,lr5e-05_bs16_drop0p4_temp2p0_a0p25_b0p05__wd1e-04trmiss0_degmodglobal,12,0.6127721667289734,0.7061575651168823,0.4444444444444444,0.6685777185777186,0.5384615384615384,0.0,0.5886323153972626,0.5791925936937332,0.10150708816945553,0.16405588202178478,0.0,0.0,0.0,0.0,0.0,18473,global,0.0
2,3,lr5e-05_bs16_drop0p4_temp2p0_a0p25_b0p05__wd1e-04trmiss0_degmodglobal,16,5e-05,0.0001,0.4,2.0,0.25,0.05,lr5e-05_bs16_drop0p4_temp2p0_a0p25_b0p05__wd1e-04trmiss0_degmodglobal,13,0.6325193345546722,0.7115638852119446,0.4444444444444444,0.6685777185777186,0.46153846153846156,0.0,0.6591159254312515,0.6001925319433212,0.08314104564487934,0.23083072155714035,0.0,0.0,0.0,0.0,0.0,18473,global,0.0
2,3,lr5e-05_bs16_drop0p4_temp2p0_a0p25_b0p05__wd1e-04trmiss0_degmodglobal,16,5e-05,0.0001,0.4,2.0,0.25,0.05,lr5e-05_bs16_drop0p4_temp2p0_a0p25_b0p05__wd1e-04trmiss0_degmodglobal,14,0.6175735294818878,0.719587504863739,0.38888888888888884,0.6493978243978243,0.38461538461538464,0.0,0.6442696005105972,0.5877762585878372,0.08149997144937515,0.18844568356871605,0.0,0.0,0.0,0.0,0.0,18473,global,0.0
2,3,lr5e-05_bs16_drop0p4_temp2p0_a0p25_b0p05__wd1e-04trmiss0_degmodglobal,16,5e-05,0.0001,0.4,2.0,0.25,0.05,lr5e-05_bs16_drop0p4_temp2p0_a0p25_b0p05__wd1e-04trmiss0_degmodglobal,15,0.6007069200277328,0.727270245552063,0.3333333333333333,0.6202972952972953,0.38461538461538464,0.0,0.5826793164014816,0.5747257322072983,0.07964467629790306,0.1214003125205636,0.0,0.0,0.0,0.0,0.0,18473,global,0.0
2,3,lr5e-05_bs16_drop0p4_temp2p0_a0p25_b0p05__wd1e-04trmiss0_degmodglobal,16,5e-05,0.0001,0.4,2.0,0.25,0.05,lr5e-05_bs16_drop0p4_temp2p0_a0p25_b0p05__wd1e-04trmiss0_degmodglobal,16,0.5788195580244064,0.7285520434379578,0.3333333333333333,0.6202972952972953,0.38461538461538464,0.0,0.5832393169403076,0.5493005812168121,0.08921759575605392,0.14429203886538744,0.0,0.0,0.0,0.0,0.0,18473,global,0.0
2,3,lr5e-05_bs16_drop0p4_temp2p0_a0p25_b0p05__wd1e-04trmiss0_degmodglobal,16,5e-05,0.0001,0.4,2.0,0.25,0.05,lr5e-05_bs16_drop0p4_temp2p0_a0p25_b0p05__wd1e-04trmiss0_degmodglobal,17,0.6238505989313126,0.733509361743927,0.3333333333333333,0.6202972952972953,0.38461538461538464,0.0,0.5500682443380356,0.5814375877380371,0.12654200941324234,0.21555021777749062,0.0,0.0,0.0,0.0,0.0,18473,global,0.0
2,3,lr5e-05_bs16_drop0p4_temp2p0_a0p25_b0p05__wd1e-04trmiss0_degmodglobal,16,5e-05,0.0001,0.4,2.0,0.25,0.05,lr5e-05_bs16_drop0p4_temp2p0_a0p25_b0p05__wd1e-04trmiss0_degmodglobal,18,0.6249666512012482,0.7302252054214478,0.3333333333333333,0.6202972952972953,0.38461538461538464,0.0,0.5535702258348465,0.5836458802223206,0.11676274053752422,0.2426016926765442,0.0,0.0,0.0,0.0,0.0,18473,global,0.0
2,3,lr5e-05_bs16_drop0p4_temp2p0_a0p25_b0p05__wd1e-04trmiss0_degmodglobal,16,5e-05,0.0001,0.4,2.0,0.25,0.05,lr5e-05_bs16_drop0p4_temp2p0_a0p25_b0p05__wd1e-04trmiss0_degmodglobal,19,0.6321298182010651,0.7323274612426758,0.3333333333333333,0.6202972952972953,0.38461538461538464,0.0,0.5769608318805695,0.5843373537063599,0.12619629688560963,0.32486817240715027,0.0,0.0,0.0,0.0,0.0,18473,global,0.0
2,3,lr5e-05_bs16_drop0p4_temp2p0_a0p25_b0p05__wd1e-04trmiss0_degmodglobal,16,5e-05,0.0001,0.4,2.0,0.25,0.05,lr5e-05_bs16_drop0p4_temp2p0_a0p25_b0p05__wd1e-04trmiss0_degmodglobal,20,0.6098824739456177,0.7318100333213806,0.3333333333333333,0.6202972952972953,0.38461538461538464,0.0,0.5455010682344437,0.5695924609899521,0.12116185575723648,0.19999080710113049,0.0,0.0,0.0,0.0,0.0,18473,global,0.0
2,3,lr5e-05_bs16_drop0p4_temp2p0_a0p25_b0p05__wd1e-04trmiss0_degmodglobal,16,5e-05,0.0001,0.4,2.0,0.25,0.05,lr5e-05_bs16_drop0p4_temp2p0_a0p25_b0p05__wd1e-04trmiss0_degmodglobal,21,0.582620769739151,0.728845477104187,0.3888888888888889,0.6372895622895624,0.38461538461538464,0.0,0.5415049493312836,0.5516792237758636,0.090577132999897,0.1659450437873602,0.0,0.0,0.0,0.0,0.0,18473,global,0.0
2,3,lr5e-05_bs16_drop0p4_temp2p0_a0p25_b0p05__wd1e-04trmiss0_degmodglobal,16,5e-05,0.0001,0.4,2.0,0.25,0.05,lr5e-05_bs16_drop0p4_temp2p0_a0p25_b0p05__wd1e-04trmiss0_degmodglobal,22,0.5726645439863205,0.7311720252037048,0.3888888888888889,0.6372895622895624,0.38461538461538464,0.0,0.5271155759692192,0.5345758274197578,0.11029918678104877,0.21027851849794388,0.0,0.0,0.0,0.0,0.0,18473,global,0.0
2,3,lr5e-05_bs16_drop0p4_temp2p0_a0p25_b0p05__wd1e-04trmiss0_degmodglobal,16,5e-05,0.0001,0.4,2.0,0.25,0.05,lr5e-05_bs16_drop0p4_temp2p0_a0p25_b0p05__wd1e-04trmiss0_degmodglobal,23,0.5639391988515854,0.7388247847557068,0.3611111111111111,0.6187710437710439,0.38461538461538464,0.0,0.5421651378273964,0.5240076333284378,0.10520653799176216,0.27259835973381996,0.0,0.0,0.0,0.0,0.0,18473,global,0.0
2,3,lr5e-05_bs16_drop0p4_temp2p0_a0p25_b0p05__wd1e-04trmiss0_degmodglobal,16,5e-05,0.0001,0.4,2.0,0.25,0.05,lr5e-05_bs16_drop0p4_temp2p0_a0p25_b0p05__wd1e-04trmiss0_degmodglobal,24,0.5900876373052597,0.742478609085083,0.3888888888888889,0.6372895622895624,0.46153846153846156,0.0,0.5372893735766411,0.559309184551239,0.08628085069358349,0.18416519835591316,0.0,0.0,0.0,0.0,0.0,18473,global,0.0
2,3,lr5e-05_bs16_drop0p4_temp2p0_a0p25_b0p05__wd1e-04trmiss0_degmodglobal,16,5e-05,0.0001,0.4,2.0,0.25,0.05,lr5e-05_bs16_drop0p4_temp2p0_a0p25_b0p05__wd1e-04trmiss0_degmodglobal,25,0.6046397984027863,0.7454190254211426,0.3611111111111111,0.6187710437710439,0.46153846153846156,0.0,0.5564391016960144,0.5709559917449951,0.09773914702236652,0.18498033843934536,0.0,0.0,0.0,0.0,0.0,18473,global,0.0
2,3,lr5e-05_bs16_drop0p4_temp2p0_a0p25_b0p05__wd1e-04trmiss0_degmodglobal,16,5e-05,0.0001,0.4,2.0,0.25,0.05,lr5e-05_bs16_drop0p4_temp2p0_a0p25_b0p05__wd1e-04trmiss0_degmodglobal,26,0.5817462801933289,0.744157612323761,0.3333333333333333,0.6081890331890332,0.38461538461538464,0.0,0.5331264287233353,0.546389639377594,0.10849504359066486,0.16465721279382706,0.0,0.0,0.0,0.0,0.0,18473,global,0.0
2,3,lr5e-05_bs16_drop0p4_temp2p0_a0p25_b0p05__wd1e-04trmiss0_degmodglobal,16,5e-05,0.0001,0.4,2.0,0.25,0.05,lr5e-05_bs16_drop0p4_temp2p0_a0p25_b0p05__wd1e-04trmiss0_degmodglobal,27,0.5840645730495453,0.7412436604499817,0.3888888888888889,0.6372895622895624,0.38461538461538464,0.0,0.5227174311876297,0.5423883646726608,0.1177560668438673,0.2447439208626747,0.0,0.0,0.0,0.0,0.0,18473,global,0.0
2,3,lr5e-05_bs16_drop0p4_temp2p0_a0p25_b0p05__wd1e-04trmiss0_degmodglobal,16,5e-05,0.0001,0.4,2.0,0.25,0.05,lr5e-05_bs16_drop0p4_temp2p0_a0p25_b0p05__wd1e-04trmiss0_degmodglobal,28,0.6007049530744553,0.743374764919281,0.3611111111111111,0.6308793058793059,0.38461538461538464,0.0,0.5478671491146088,0.5655757635831833,0.09958551451563835,0.2046559527516365,0.0,0.0,0.0,0.0,0.0,18473,global,0.0
2,3,lr5e-05_bs16_drop0p4_temp2p0_a0p25_b0p05__wd1e-04trmiss0_degmodglobal,16,5e-05,0.0001,0.4,2.0,0.25,0.05,lr5e-05_bs16_drop0p4_temp2p0_a0p25_b0p05__wd1e-04trmiss0_degmodglobal,29,0.5810312032699585,0.7400951385498047,0.41666666666666663,0.6558080808080808,0.38461538461538464,0.0,0.5263642817735672,0.5370422825217247,0.1339744534343481,0.2099059373140335,0.0,0.0,0.0,0.0,0.0,18473,global,0.0
2,3,lr1e-05_bs16_drop0p2_temp1p0_a0p25_b0p05__wd1e-04trmiss0_degmodglobal,16,1e-05,0.0001,0.2,1.0,0.25,0.05,lr1e-05_bs16_drop0p2_temp1p0_a0p25_b0p05__wd1e-04trmiss0_degmodglobal,1,0.6971699595451355,0.7578898668289185,0.1388888888888889,0.5506283839617172,0.38461538461538464,0.0,0.7009668797254562,0.6687697023153305,0.08939281851053238,0.12104104459285736,0.0,0.0,0.0,0.0,0.0,18473,global,0.0
2,3,lr1e-05_bs16_drop0p2_temp1p0_a0p25_b0p05__wd1e-04trmiss0_degmodglobal,16,1e-05,0.0001,0.2,1.0,0.25,0.05,lr1e-05_bs16_drop0p2_temp1p0_a0p25_b0p05__wd1e-04trmiss0_degmodglobal,2,0.6934836208820343,0.76932293176651,0.1388888888888889,0.5506283839617172,0.38461538461538464,0.0,0.7127825617790222,0.6537578701972961,0.11903644539415836,0.19933293387293816,0.0,0.0,0.0,0.0,0.0,18473,global,0.0
2,3,lr1e-05_bs16_drop0p2_temp1p0_a0p25_b0p05__wd1e-04trmiss0_degmodglobal,16,1e-05,0.0001,0.2,1.0,0.25,0.05,lr1e-05_bs16_drop0p2_temp1p0_a0p25_b0p05__wd1e-04trmiss0_degmodglobal,3,0.6724286824464798,0.7808798551559448,0.1388888888888889,0.5506283839617172,0.38461538461538464,0.0,0.6814303398132324,0.6447018682956696,0.08640158921480179,0.12252846173942089,0.0,0.0,0.0,0.0,0.0,18473,global,0.0
2,3,lr1e-05_bs16_drop0p2_temp1p0_a0p25_b0p05__wd1e-04trmiss0_degmodglobal,16,1e-05,0.0001,0.2,1.0,0.25,0.05,lr1e-05_bs16_drop0p2_temp1p0_a0p25_b0p05__wd1e-04trmiss0_degmodglobal,4,0.6833388805389404,0.7925657629966736,0.1111111111111111,0.5426918760252093,0.38461538461538464,0.0,0.6867578476667404,0.6397965252399445,0.13062209263443947,0.21773677691817284,0.0,0.0,0.0,0.0,0.0,18473,global,0.0
2,3,lr1e-05_bs16_drop0p2_temp1p0_a0p25_b0p05__wd1e-04trmiss0_degmodglobal,16,1e-05,0.0001,0.2,1.0,0.25,0.05,lr1e-05_bs16_drop0p2_temp1p0_a0p25_b0p05__wd1e-04trmiss0_degmodglobal,5,0.7070275098085403,0.8054330348968506,0.08333333333333333,0.5347553680887014,0.38461538461538464,0.0,0.6741332411766052,0.6705083101987839,0.11112645454704762,0.17475135624408722,0.0,0.0,0.0,0.0,0.0,18473,global,0.0
2,3,lr1e-05_bs16_drop0p2_temp1p0_a0p25_b0p05__wd1e-04trmiss0_degmodglobal,16,1e-05,0.0001,0.2,1.0,0.25,0.05,lr1e-05_bs16_drop0p2_temp1p0_a0p25_b0p05__wd1e-04trmiss0_degmodglobal,6,0.6758256703615189,0.8164102435112,0.05555555555555555,0.5273479606812941,0.38461538461538464,0.0,0.6948603987693787,0.6445110887289047,0.09234148822724819,0.16458417661488056,0.0,0.0,0.0,0.0,0.0,18473,global,0.0
2,3,lr1e-05_bs16_drop0p2_temp1p0_a0p25_b0p05__wd1e-04trmiss0_degmodglobal,16,1e-05,0.0001,0.2,1.0,0.25,0.05,lr1e-05_bs16_drop0p2_temp1p0_a0p25_b0p05__wd1e-04trmiss0_degmodglobal,7,0.6616300344467163,0.8209860324859619,0.05555555555555555,0.5273479606812941,0.38461538461538464,0.0,0.6777271777391434,0.6272199004888535,0.107977245002985,0.14831645786762238,0.0,0.0,0.0,0.0,0.0,18473,global,0.0
2,3,lr1e-05_bs16_drop0p2_temp1p0_a0p25_b0p05__wd1e-04trmiss0_degmodglobal,16,1e-05,0.0001,0.2,1.0,0.25,0.05,lr1e-05_bs16_drop0p2_temp1p0_a0p25_b0p05__wd1e-04trmiss0_degmodglobal,8,0.6755007207393646,0.8285999894142151,0.08333333333333333,0.5458664791998126,0.38461538461538464,0.0,0.6778886765241623,0.6453342437744141,0.09109555277973413,0.1478518657386303,0.0,0.0,0.0,0.0,0.0,18473,global,0.0
2,3,lr1e-05_bs16_drop0p2_temp1p0_a0p25_b0p05__wd1e-04trmiss0_degmodglobal,16,1e-05,0.0001,0.2,1.0,0.25,0.05,lr1e-05_bs16_drop0p2_temp1p0_a0p25_b0p05__wd1e-04trmiss0_degmodglobal,9,0.6799796521663666,0.8376075029373169,0.08333333333333333,0.5347553680887014,0.38461538461538464,0.0,0.675076961517334,0.6414507776498795,0.11881293170154095,0.17651299387216568,0.0,0.0,0.0,0.0,0.0,18473,global,0.0
2,3,lr1e-05_bs16_drop0p2_temp1p0_a0p25_b0p05__wd1e-04trmiss0_degmodglobal,16,1e-05,0.0001,0.2,1.0,0.25,0.05,lr1e-05_bs16_drop0p2_temp1p0_a0p25_b0p05__wd1e-04trmiss0_degmodglobal,10,0.6620646566152573,0.8385733366012573,0.08333333333333333,0.5458664791998126,0.38461538461538464,0.0,0.7024656236171722,0.6326669901609421,0.09008242562413216,0.13754138443619013,0.0,0.0,0.0,0.0,0.0,18473,global,0.0
2,3,lr1e-05_bs16_drop0p2_temp1p0_a0p25_b0p05__wd1e-04trmiss0_degmodglobal,16,1e-05,0.0001,0.2,1.0,0.25,0.05,lr1e-05_bs16_drop0p2_temp1p0_a0p25_b0p05__wd1e-04trmiss0_degmodglobal,11,0.6599748432636261,0.8433409333229065,0.1111111111111111,0.55327388660722,0.38461538461538464,0.0,0.6512597352266312,0.6285633891820908,0.09488577581942081,0.15380042046308517,0.0,0.0,0.0,0.0,0.0,18473,global,0.0
2,3,lr1e-05_bs16_drop0p2_temp1p0_a0p25_b0p05__wd1e-04trmiss0_degmodglobal,16,1e-05,0.0001,0.2,1.0,0.25,0.05,lr1e-05_bs16_drop0p2_temp1p0_a0p25_b0p05__wd1e-04trmiss0_degmodglobal,12,0.651911124587059,0.8466885685920715,0.08333333333333333,0.5458664791998126,0.38461538461538464,0.0,0.6604287922382355,0.6225324422121048,0.09302491322159767,0.12244934029877186,0.0,0.0,0.0,0.0,0.0,18473,global,0.0
2,3,lr1e-05_bs16_drop0p2_temp1p0_a0p25_b0p05__wd1e-04trmiss0_degmodglobal,16,1e-05,0.0001,0.2,1.0,0.25,0.05,lr1e-05_bs16_drop0p2_temp1p0_a0p25_b0p05__wd1e-04trmiss0_degmodglobal,13,0.6387116014957428,0.843914806842804,0.08333333333333333,0.5458664791998126,0.38461538461538464,0.0,0.6707823276519775,0.6090746074914932,0.0936822909861803,0.12432822398841381,0.0,0.0,0.0,0.0,0.0,18473,global,0.0
2,3,lr1e-05_bs16_drop0p2_temp1p0_a0p25_b0p05__wd1e-04trmiss0_degmodglobal,16,1e-05,0.0001,0.2,1.0,0.25,0.05,lr1e-05_bs16_drop0p2_temp1p0_a0p25_b0p05__wd1e-04trmiss0_degmodglobal,14,0.651337519288063,0.8417059183120728,0.08333333333333333,0.5458664791998126,0.38461538461538464,0.0,0.6389693021774292,0.6209359616041183,0.09251845255494118,0.1454388089478016,0.0,0.0,0.0,0.0,0.0,18473,global,0.0
2,3,lr1e-05_bs16_drop0p2_temp1p0_a0p25_b0p05__wd1e-04trmiss0_degmodglobal,16,1e-05,0.0001,0.2,1.0,0.25,0.05,lr1e-05_bs16_drop0p2_temp1p0_a0p25_b0p05__wd1e-04trmiss0_degmodglobal,15,0.6327031999826431,0.8354340195655823,0.08333333333333333,0.5458664791998126,0.38461538461538464,0.0,0.6663837879896164,0.5980851501226425,0.10404033027589321,0.1721591278910637,0.0,0.0,0.0,0.0,0.0,18473,global,0.0
2,3,lr1e-05_bs16_drop0p2_temp1p0_a0p25_b0p05__wd1e-04trmiss0_degmodglobal,16,1e-05,0.0001,0.2,1.0,0.25,0.05,lr1e-05_bs16_drop0p2_temp1p0_a0p25_b0p05__wd1e-04trmiss0_degmodglobal,16,0.6305958330631256,0.8388264179229736,0.08333333333333333,0.5458664791998126,0.38461538461538464,0.0,0.660250261425972,0.5951391756534576,0.11366862803697586,0.1407898422330618,0.0,0.0,0.0,0.0,0.0,18473,global,0.0
2,3,lr1e-05_bs16_drop0p2_temp1p0_a0p25_b0p05__wd1e-04trmiss0_degmodglobal,16,1e-05,0.0001,0.2,1.0,0.25,0.05,lr1e-05_bs16_drop0p2_temp1p0_a0p25_b0p05__wd1e-04trmiss0_degmodglobal,17,0.6442804634571075,0.8382360935211182,0.08333333333333333,0.5458664791998126,0.38461538461538464,0.0,0.6353940218687057,0.6128144711256027,0.096753666177392,0.14555148407816887,0.0,0.0,0.0,0.0,0.0,18473,global,0.0
2,3,lr1e-05_bs16_drop0p2_temp1p0_a0p25_b0p05__wd1e-04trmiss0_degmodglobal,16,1e-05,0.0001,0.2,1.0,0.25,0.05,lr1e-05_bs16_drop0p2_temp1p0_a0p25_b0p05__wd1e-04trmiss0_degmodglobal,18,0.6524131298065186,0.8381191492080688,0.08333333333333333,0.5458664791998126,0.38461538461538464,0.0,0.6408959031105042,0.6182908862829208,0.104364775121212,0.1606211718171835,0.0,0.0,0.0,0.0,0.0,18473,global,0.0
2,3,lr1e-05_bs16_drop0p2_temp1p0_a0p25_b0p05__wd1e-04trmiss0_degmodglobal,16,1e-05,0.0001,0.2,1.0,0.25,0.05,lr1e-05_bs16_drop0p2_temp1p0_a0p25_b0p05__wd1e-04trmiss0_degmodglobal,19,0.6517543941736221,0.8332045674324036,0.08333333333333333,0.5458664791998126,0.38461538461538464,0.0,0.6634973883628845,0.6225977391004562,0.08991045877337456,0.13358113262802362,0.0,0.0,0.0,0.0,0.0,18473,global,0.0
2,3,lr1e-05_bs16_drop0p2_temp1p0_a0p25_b0p05__wd1e-04trmiss0_degmodglobal,16,1e-05,0.0001,0.2,1.0,0.25,0.05,lr1e-05_bs16_drop0p2_temp1p0_a0p25_b0p05__wd1e-04trmiss0_degmodglobal,20,0.6413096934556961,0.8319909572601318,0.08333333333333333,0.5458664791998126,0.38461538461538464,0.0,0.6271258741617203,0.6087273210287094,0.10219356790184975,0.14067954197525978,0.0,0.0,0.0,0.0,0.0,18473,global,0.0
2,3,lr1e-05_bs16_drop0p2_temp1p0_a0p25_b0p05__wd1e-04trmiss0_degmodglobal,16,1e-05,0.0001,0.2,1.0,0.25,0.05,lr1e-05_bs16_drop0p2_temp1p0_a0p25_b0p05__wd1e-04trmiss0_degmodglobal,21,0.6429802030324936,0.8361440896987915,0.08333333333333333,0.5458664791998126,0.38461538461538464,0.0,0.6195075809955597,0.6101580858230591,0.10557187907397747,0.12858285941183567,0.0,0.0,0.0,0.0,0.0,18473,global,0.0
2,3,lr1e-05_bs16_drop0p2_temp1p0_a0p25_b0p05__wd1e-04trmiss0_degmodglobal,16,1e-05,0.0001,0.2,1.0,0.25,0.05,lr1e-05_bs16_drop0p2_temp1p0_a0p25_b0p05__wd1e-04trmiss0_degmodglobal,22,0.62167589366436,0.8380587697029114,0.08333333333333333,0.5458664791998126,0.38461538461538464,0.0,0.6200589388608932,0.596184566617012,0.08071182761341333,0.10626777168363333,0.0,0.0,0.0,0.0,0.0,18473,global,0.0
2,3,lr1e-05_bs16_drop0p2_temp1p0_a0p25_b0p05__wd1e-04trmiss0_degmodglobal,16,1e-05,0.0001,0.2,1.0,0.25,0.05,lr1e-05_bs16_drop0p2_temp1p0_a0p25_b0p05__wd1e-04trmiss0_degmodglobal,23,0.6460498422384262,0.8386372923851013,0.08333333333333333,0.5458664791998126,0.38461538461538464,0.0,0.64436174929142,0.6127870231866837,0.10192994400858879,0.15560680627822876,0.0,0.0,0.0,0.0,0.0,18473,global,0.0
2,3,lr1e-05_bs16_drop0p2_temp1p0_a0p25_b0p05__wd1e-04trmiss0_degmodglobal,16,1e-05,0.0001,0.2,1.0,0.25,0.05,lr1e-05_bs16_drop0p2_temp1p0_a0p25_b0p05__wd1e-04trmiss0_degmodglobal,24,0.6501239836215973,0.8416431546211243,0.08333333333333333,0.5458664791998126,0.38461538461538464,0.0,0.6511608064174652,0.613118514418602,0.1104651428759098,0.1877838671207428,0.0,0.0,0.0,0.0,0.0,18473,global,0.0
2,3,lr1e-05_bs16_drop0p2_temp1p0_a0p25_b0p05__wd1e-04trmiss0_degmodglobal,16,1e-05,0.0001,0.2,1.0,0.25,0.05,lr1e-05_bs16_drop0p2_temp1p0_a0p25_b0p05__wd1e-04trmiss0_degmodglobal,25,0.6772780865430832,0.8447563648223877,0.08333333333333333,0.5458664791998126,0.38461538461538464,0.0,0.6335653066635132,0.6422860473394394,0.10622869618237019,0.16869704239070415,0.0,0.0,0.0,0.0,0.0,18473,global,0.0
2,3,lr1e-05_bs16_drop0p2_temp1p0_a0p25_b0p05__wd1e-04trmiss0_degmodglobal,16,1e-05,0.0001,0.2,1.0,0.25,0.05,lr1e-05_bs16_drop0p2_temp1p0_a0p25_b0p05__wd1e-04trmiss0_degmodglobal,26,0.656461551785469,0.8424461483955383,0.08333333333333333,0.5458664791998126,0.38461538461538464,0.0,0.6291693896055222,0.6237470507621765,0.10010049305856228,0.15378733724355698,0.0,0.0,0.0,0.0,0.0,18473,global,0.0
2,3,lr1e-05_bs16_drop0p2_temp1p0_a0p25_b0p05__wd1e-04trmiss0_degmodglobal,16,1e-05,0.0001,0.2,1.0,0.25,0.05,lr1e-05_bs16_drop0p2_temp1p0_a0p25_b0p05__wd1e-04trmiss0_degmodglobal,27,0.6542762517929077,0.8436444401741028,0.08333333333333333,0.5458664791998126,0.38461538461538464,0.0,0.6147183030843735,0.6204848885536194,0.10395069420337677,0.1560734137892723,0.0,0.0,0.0,0.0,0.0,18473,global,0.0
2,3,lr1e-05_bs16_drop0p2_temp1p0_a0p25_b0p05__wd1e-04trmiss0_degmodglobal,16,1e-05,0.0001,0.2,1.0,0.25,0.05,lr1e-05_bs16_drop0p2_temp1p0_a0p25_b0p05__wd1e-04trmiss0_degmodglobal,28,0.63711978495121,0.8452118039131165,0.08333333333333333,0.5458664791998126,0.38461538461538464,0.0,0.6448046714067459,0.6060756742954254,0.09424803964793682,0.1496417336165905,0.0,0.0,0.0,0.0,0.0,18473,global,0.0
2,3,lr1e-05_bs16_drop0p2_temp1p0_a0p25_b0p05__wd1e-04trmiss0_degmodglobal,16,1e-05,0.0001,0.2,1.0,0.25,0.05,lr1e-05_bs16_drop0p2_temp1p0_a0p25_b0p05__wd1e-04trmiss0_degmodglobal,29,0.6688558459281921,0.8428143262863159,0.08333333333333333,0.5458664791998126,0.38461538461538464,0.0,0.630458801984787,0.6388916671276093,0.09089762158691883,0.14479555189609528,0.0,0.0,0.0,0.0,0.0,18473,global,0.0
2,3,lr1e-05_bs16_drop0p2_temp1p0_a0p25_b0p05__wd1e-04trmiss0_degmodglobal,16,1e-05,0.0001,0.2,1.0,0.25,0.05,lr1e-05_bs16_drop0p2_temp1p0_a0p25_b0p05__wd1e-04trmiss0_degmodglobal,30,0.6297972500324249,0.8436939716339111,0.08333333333333333,0.5458664791998126,0.38461538461538464,0.0,0.6094573140144348,0.6023331582546234,0.09127296321094036,0.09291729517281055,0.0,0.0,0.0,0.0,0.0,18473,global,0.0
2,3,lr1e-05_bs16_drop0p2_temp1p0_a0p25_b0p05__wd1e-04trmiss0_degmodglobal,16,1e-05,0.0001,0.2,1.0,0.25,0.05,lr1e-05_bs16_drop0p2_temp1p0_a0p25_b0p05__wd1e-04trmiss0_degmodglobal,31,0.6406253576278687,0.8448659777641296,0.08333333333333333,0.5458664791998126,0.38461538461538464,0.0,0.6299606710672379,0.6086718738079071,0.09639230370521545,0.15710784867405891,0.0,0.0,0.0,0.0,0.0,18473,global,0.0
2,3,lr1e-05_bs16_drop0p2_temp2p0_a0p25_b0p05__wd1e-04trmiss0_degmodglobal,16,1e-05,0.0001,0.2,2.0,0.25,0.05,lr1e-05_bs16_drop0p2_temp2p0_a0p25_b0p05__wd1e-04trmiss0_degmodglobal,1,0.7148628085851669,0.6805891394615173,0.5,0.7379509379509379,0.46153846153846156,0.0,0.7005129605531693,0.6928729265928268,0.05806453060358763,0.14947501942515373,0.0,0.0,0.0,0.0,0.0,18473,global,0.0
2,3,lr1e-05_bs16_drop0p2_temp2p0_a0p25_b0p05__wd1e-04trmiss0_degmodglobal,16,1e-05,0.0001,0.2,2.0,0.25,0.05,lr1e-05_bs16_drop0p2_temp2p0_a0p25_b0p05__wd1e-04trmiss0_degmodglobal,2,0.7319384515285492,0.6867721676826477,0.4444444444444444,0.7113636363636364,0.46153846153846156,0.0,0.6730443686246872,0.7147343456745148,0.04662109445780516,0.11097664199769497,0.0,0.0,0.0,0.0,0.0,18473,global,0.0
2,3,lr1e-05_bs16_drop0p2_temp2p0_a0p25_b0p05__wd1e-04trmiss0_degmodglobal,16,1e-05,0.0001,0.2,2.0,0.25,0.05,lr1e-05_bs16_drop0p2_temp2p0_a0p25_b0p05__wd1e-04trmiss0_degmodglobal,3,0.7061280608177185,0.6896091103553772,0.41666666666666663,0.7007816257816257,0.5384615384615384,0.0,0.6754392832517624,0.686728909611702,0.05513697396963835,0.1122983768582344,0.0,0.0,0.0,0.0,0.0,18473,global,0.0
2,3,lr1e-05_bs16_drop0p2_temp2p0_a0p25_b0p05__wd1e-04trmiss0_degmodglobal,16,1e-05,0.0001,0.2,2.0,0.25,0.05,lr1e-05_bs16_drop0p2_temp2p0_a0p25_b0p05__wd1e-04trmiss0_degmodglobal,4,0.7157568335533142,0.6949048638343811,0.3333333333333333,0.6647417397417397,0.6153846153846154,0.0,0.6748851537704468,0.6975249946117401,0.04820932075381279,0.12359049916267395,0.0,0.0,0.0,0.0,0.0,18473,global,0.0
2,3,lr1e-05_bs16_drop0p2_temp2p0_a0p25_b0p05__wd1e-04trmiss0_degmodglobal,16,1e-05,0.0001,0.2,2.0,0.25,0.05,lr1e-05_bs16_drop0p2_temp2p0_a0p25_b0p05__wd1e-04trmiss0_degmodglobal,5,0.6789161264896393,0.6997190713882446,0.2777777777777778,0.598075073075073,0.6153846153846154,0.0,0.6788452863693237,0.6606186628341675,0.05201202817261219,0.10588902793824673,0.0,0.0,0.0,0.0,0.0,18473,global,0.0
2,3,lr1e-05_bs16_drop0p2_temp2p0_a0p25_b0p05__wd1e-04trmiss0_degmodglobal,16,1e-05,0.0001,0.2,2.0,0.25,0.05,lr1e-05_bs16_drop0p2_temp2p0_a0p25_b0p05__wd1e-04trmiss0_degmodglobal,6,0.7113861590623856,0.7046650052070618,0.25,0.5795565545565544,0.5384615384615384,0.0,0.6671592444181442,0.6917447745800018,0.05535997450351715,0.11602766253054142,0.0,0.0,0.0,0.0,0.0,18473,global,0.0
2,3,lr1e-05_bs16_drop0p2_temp2p0_a0p25_b0p05__wd1e-04trmiss0_degmodglobal,16,1e-05,0.0001,0.2,2.0,0.25,0.05,lr1e-05_bs16_drop0p2_temp2p0_a0p25_b0p05__wd1e-04trmiss0_degmodglobal,7,0.7176539748907089,0.7104252576828003,0.2777777777777778,0.598075073075073,0.38461538461538464,0.0,0.6501456499099731,0.6979760974645615,0.050634244456887245,0.1403866158798337,0.0,0.0,0.0,0.0,0.0,18473,global,0.0
2,3,lr1e-05_bs16_drop0p2_temp2p0_a0p25_b0p05__wd1e-04trmiss0_degmodglobal,16,1e-05,0.0001,0.2,2.0,0.25,0.05,lr1e-05_bs16_drop0p2_temp2p0_a0p25_b0p05__wd1e-04trmiss0_degmodglobal,8,0.6877713352441788,0.7164323329925537,0.2777777777777778,0.5906676656676657,0.38461538461538464,0.0,0.6434064358472824,0.6711693108081818,0.044549374375492334,0.10929334349930286,0.0,0.0,0.0,0.0,0.0,18473,global,0.0
2,3,lr1e-05_bs16_drop0p2_temp2p0_a0p25_b0p05__wd1e-04trmiss0_degmodglobal,16,1e-05,0.0001,0.2,2.0,0.25,0.05,lr1e-05_bs16_drop0p2_temp2p0_a0p25_b0p05__wd1e-04trmiss0_degmodglobal,9,0.6697684079408646,0.7202779650688171,0.2777777777777778,0.5906676656676657,0.38461538461538464,0.0,0.6357389837503433,0.6511698216199875,0.054069885052740574,0.10162208694964647,0.0,0.0,0.0,0.0,0.0,18473,global,0.0
2,3,lr1e-05_bs16_drop0p2_temp2p0_a0p25_b0p05__wd1e-04trmiss0_degmodglobal,16,1e-05,0.0001,0.2,2.0,0.25,0.05,lr1e-05_bs16_drop0p2_temp2p0_a0p25_b0p05__wd1e-04trmiss0_degmodglobal,10,0.6825278997421265,0.7216885089874268,0.2777777777777778,0.5906676656676657,0.38461538461538464,0.0,0.6532885730266571,0.6663713902235031,0.04709158744663,0.08767202496528625,0.0,0.0,0.0,0.0,0.0,18473,global,0.0
2,3,lr1e-05_bs16_drop0p2_temp2p0_a0p25_b0p05__wd1e-04trmiss0_degmodglobal,16,1e-05,0.0001,0.2,2.0,0.25,0.05,lr1e-05_bs16_drop0p2_temp2p0_a0p25_b0p05__wd1e-04trmiss0_degmodglobal,11,0.6885776072740555,0.7234225273132324,0.2777777777777778,0.5906676656676657,0.38461538461538464,0.0,0.6576773375272751,0.6733749955892563,0.046273648738861084,0.07268394529819489,0.0,0.0,0.0,0.0,0.0,18473,global,0.0
2,3,lr1e-05_bs16_drop0p2_temp2p0_a0p25_b0p05__wd1e-04trmiss0_degmodglobal,16,1e-05,0.0001,0.2,2.0,0.25,0.05,lr1e-05_bs16_drop0p2_temp2p0_a0p25_b0p05__wd1e-04trmiss0_degmodglobal,12,0.6618008464574814,0.7250474095344543,0.2777777777777778,0.5906676656676657,0.38461538461538464,0.0,0.6340852528810501,0.6450695842504501,0.05008220858871937,0.08421409502625465,0.0,0.0,0.0,0.0,0.0,18473,global,0.0
2,3,lr1e-05_bs16_drop0p2_temp2p0_a0p25_b0p05__wd1e-04trmiss0_degmodglobal,16,1e-05,0.0001,0.2,2.0,0.25,0.05,lr1e-05_bs16_drop0p2_temp2p0_a0p25_b0p05__wd1e-04trmiss0_degmodglobal,13,0.650906041264534,0.7269943356513977,0.2777777777777778,0.5906676656676657,0.38461538461538464,0.0,0.6313533186912537,0.6331469118595123,0.047673181630671024,0.11681664548814297,0.0,0.0,0.0,0.0,0.0,18473,global,0.0
2,3,lr1e-05_bs16_drop0p2_temp2p0_a0p25_b0p05__wd1e-04trmiss0_degmodglobal,16,1e-05,0.0001,0.2,2.0,0.25,0.05,lr1e-05_bs16_drop0p2_temp2p0_a0p25_b0p05__wd1e-04trmiss0_degmodglobal,14,0.6403301060199738,0.7227104306221008,0.2777777777777778,0.5906676656676657,0.38461538461538464,0.0,0.6261090934276581,0.6218079030513763,0.050086469389498234,0.12001178227365017,0.0,0.0,0.0,0.0,0.0,18473,global,0.0
2,3,lr1e-05_bs16_drop0p2_temp2p0_a0p25_b0p05__wd1e-04trmiss0_degmodglobal,16,1e-05,0.0001,0.2,2.0,0.25,0.05,lr1e-05_bs16_drop0p2_temp2p0_a0p25_b0p05__wd1e-04trmiss0_degmodglobal,15,0.6587464362382889,0.7246212959289551,0.2777777777777778,0.5906676656676657,0.38461538461538464,0.0,0.6382919698953629,0.6443811655044556,0.04365543927997351,0.06902827601879835,0.0,0.0,0.0,0.0,0.0,18473,global,0.0
2,3,lr1e-05_bs16_drop0p2_temp2p0_a0p25_b0p05__wd1e-04trmiss0_degmodglobal,16,1e-05,0.0001,0.2,2.0,0.25,0.05,lr1e-05_bs16_drop0p2_temp2p0_a0p25_b0p05__wd1e-04trmiss0_degmodglobal,16,0.6804684400558472,0.7261549234390259,0.2777777777777778,0.5906676656676657,0.38461538461538464,0.0,0.641886904835701,0.6648266762495041,0.04351869225502014,0.09524180460721254,0.0,0.0,0.0,0.0,0.0,18473,global,0.0
2,3,lr1e-05_bs16_drop0p2_temp2p0_a0p25_b0p05__wd1e-04trmiss0_degmodglobal,16,1e-05,0.0001,0.2,2.0,0.25,0.05,lr1e-05_bs16_drop0p2_temp2p0_a0p25_b0p05__wd1e-04trmiss0_degmodglobal,17,0.6681986749172211,0.7256668210029602,0.2777777777777778,0.5906676656676657,0.38461538461538464,0.0,0.6087055504322052,0.650684729218483,0.048871804028749466,0.10592012293636799,0.0,0.0,0.0,0.0,0.0,18473,global,0.0
2,3,lr1e-05_bs16_drop0p2_temp2p0_a0p25_b0p05__wd1e-04trmiss0_degmodglobal,16,1e-05,0.0001,0.2,2.0,0.25,0.05,lr1e-05_bs16_drop0p2_temp2p0_a0p25_b0p05__wd1e-04trmiss0_degmodglobal,18,0.6646780967712402,0.724587619304657,0.2777777777777778,0.5906676656676657,0.38461538461538464,0.0,0.6272043734788895,0.6483231782913208,0.046636843122541904,0.09391390811651945,0.0,0.0,0.0,0.0,0.0,18473,global,0.0
2,3,lr1e-05_bs16_drop0p2_temp2p0_a0p25_b0p05__wd1e-04trmiss0_degmodglobal,16,1e-05,0.0001,0.2,2.0,0.25,0.05,lr1e-05_bs16_drop0p2_temp2p0_a0p25_b0p05__wd1e-04trmiss0_degmodglobal,19,0.6260307133197784,0.725009560585022,0.2777777777777778,0.5906676656676657,0.38461538461538464,0.0,0.6328323930501938,0.6089960336685181,0.04930550791323185,0.09416603576391935,0.0,0.0,0.0,0.0,0.0,18473,global,0.0
2,3,lr1e-05_bs16_drop0p2_temp2p0_a0p25_b0p05__wd1e-04trmiss0_degmodglobal,16,1e-05,0.0001,0.2,2.0,0.25,0.05,lr1e-05_bs16_drop0p2_temp2p0_a0p25_b0p05__wd1e-04trmiss0_degmodglobal,20,0.6640003174543381,0.7261717915534973,0.2777777777777778,0.5906676656676657,0.3076923076923077,0.0,0.6299865692853928,0.6486318409442902,0.046078127808868885,0.07697867229580879,0.0,0.0,0.0,0.0,0.0,18473,global,0.0
2,3,lr1e-05_bs16_drop0p2_temp2p0_a0p25_b0p05__wd1e-04trmiss0_degmodglobal,16,1e-05,0.0001,0.2,2.0,0.25,0.05,lr1e-05_bs16_drop0p2_temp2p0_a0p25_b0p05__wd1e-04trmiss0_degmodglobal,21,0.6655483841896057,0.7240894436836243,0.2777777777777778,0.5906676656676657,0.38461538461538464,0.0,0.5918665081262589,0.647250309586525,0.05141916498541832,0.10886581614613533,0.0,0.0,0.0,0.0,0.0,18473,global,0.0
2,3,lr1e-05_bs16_drop0p2_temp2p0_a0p25_b0p05__wd1e-04trmiss0_degmodglobal,16,1e-05,0.0001,0.2,2.0,0.25,0.05,lr1e-05_bs16_drop0p2_temp2p0_a0p25_b0p05__wd1e-04trmiss0_degmodglobal,22,0.6257187873125076,0.7285336852073669,0.2777777777777778,0.5906676656676657,0.3076923076923077,0.0,0.6101827770471573,0.6102090030908585,0.04643252585083246,0.07803299697116017,0.0,0.0,0.0,0.0,0.0,18473,global,0.0
2,3,lr1e-05_bs16_drop0p2_temp2p0_a0p25_b0p05__wd1e-04trmiss0_degmodglobal,16,1e-05,0.0001,0.2,2.0,0.25,0.05,lr1e-05_bs16_drop0p2_temp2p0_a0p25_b0p05__wd1e-04trmiss0_degmodglobal,23,0.6599848866462708,0.7271488308906555,0.2777777777777778,0.5906676656676657,0.3076923076923077,0.0,0.6007726639509201,0.6429294496774673,0.04567321436479688,0.11274291574954987,0.0,0.0,0.0,0.0,0.0,18473,global,0.0
2,3,lr1e-05_bs16_drop0p2_temp2p0_a0p25_b0p05__wd1e-04trmiss0_degmodglobal,16,1e-05,0.0001,0.2,2.0,0.25,0.05,lr1e-05_bs16_drop0p2_temp2p0_a0p25_b0p05__wd1e-04trmiss0_degmodglobal,24,0.6246923208236694,0.7223373055458069,0.2777777777777778,0.5906676656676657,0.3076923076923077,0.0,0.5883855074644089,0.6108970791101456,0.043878065422177315,0.05651456071063876,0.0,0.0,0.0,0.0,0.0,18473,global,0.0
2,3,lr1e-05_bs16_drop0p2_temp2p0_a0p25_b0p05__wd1e-04trmiss0_degmodglobal,16,1e-05,0.0001,0.2,2.0,0.25,0.05,lr1e-05_bs16_drop0p2_temp2p0_a0p25_b0p05__wd1e-04trmiss0_degmodglobal,25,0.6402367204427719,0.7242134809494019,0.2777777777777778,0.5906676656676657,0.3076923076923077,0.0,0.6186561733484268,0.6252851635217667,0.04268847219645977,0.08558893064036965,0.0,0.0,0.0,0.0,0.0,18473,global,0.0
2,3,lr1e-05_bs16_drop0p4_temp1p0_a0p25_b0p05__wd1e-04trmiss0_degmodglobal,16,1e-05,0.0001,0.4,1.0,0.25,0.05,lr1e-05_bs16_drop0p4_temp1p0_a0p25_b0p05__wd1e-04trmiss0_degmodglobal,1,0.6983767449855804,0.6732226610183716,0.7222222222222222,0.8484928651595318,0.5384615384615384,0.0,0.6783790290355682,0.6747338473796844,0.058793830685317516,0.17888915166258812,0.0,0.0,0.0,0.0,0.0,18473,global,0.0
2,3,lr1e-05_bs16_drop0p4_temp1p0_a0p25_b0p05__wd1e-04trmiss0_degmodglobal,16,1e-05,0.0001,0.4,1.0,0.25,0.05,lr1e-05_bs16_drop0p4_temp1p0_a0p25_b0p05__wd1e-04trmiss0_degmodglobal,2,0.6953475028276443,0.6751907467842102,0.7222222222222222,0.8484928651595318,0.5384615384615384,0.0,0.676527589559555,0.6673440784215927,0.07314760610461235,0.19433015957474709,0.0,0.0,0.0,0.0,0.0,18473,global,0.0
2,3,lr1e-05_bs16_drop0p4_temp1p0_a0p25_b0p05__wd1e-04trmiss0_degmodglobal,16,1e-05,0.0001,0.4,1.0,0.25,0.05,lr1e-05_bs16_drop0p4_temp1p0_a0p25_b0p05__wd1e-04trmiss0_degmodglobal,3,0.7196023762226105,0.6794441342353821,0.6944444444444444,0.8114558281224948,0.5384615384615384,0.0,0.668817788362503,0.6954393088817596,0.06313042901456356,0.16760926507413387,0.0,0.0,0.0,0.0,0.0,18473,global,0.0
2,3,lr1e-05_bs16_drop0p4_temp1p0_a0p25_b0p05__wd1e-04trmiss0_degmodglobal,16,1e-05,0.0001,0.4,1.0,0.25,0.05,lr1e-05_bs16_drop0p4_temp1p0_a0p25_b0p05__wd1e-04trmiss0_degmodglobal,4,0.7345170974731445,0.6831191182136536,0.6388888888888888,0.7439955106621774,0.5384615384615384,0.0,0.6507117450237274,0.7036825120449066,0.07583268918097019,0.23752833530306816,0.0,0.0,0.0,0.0,0.0,18473,global,0.0
2,3,lr1e-05_bs16_drop0p4_temp1p0_a0p25_b0p05__wd1e-04trmiss0_degmodglobal,16,1e-05,0.0001,0.4,1.0,0.25,0.05,lr1e-05_bs16_drop0p4_temp1p0_a0p25_b0p05__wd1e-04trmiss0_degmodglobal,5,0.6874646842479706,0.6869228482246399,0.6388888888888888,0.7439955106621774,0.5384615384615384,0.0,0.692504420876503,0.6604402959346771,0.06845714617520571,0.19820233434438705,0.0,0.0,0.0,0.0,0.0,18473,global,0.0
2,3,lr1e-05_bs16_drop0p4_temp1p0_a0p25_b0p05__wd1e-04trmiss0_degmodglobal,16,1e-05,0.0001,0.4,1.0,0.25,0.05,lr1e-05_bs16_drop0p4_temp1p0_a0p25_b0p05__wd1e-04trmiss0_degmodglobal,6,0.651923879981041,0.6951403617858887,0.6111111111111112,0.7307679974346641,0.5384615384615384,0.0,0.6858174502849579,0.6277607083320618,0.06216048449277878,0.17246093600988388,0.0,0.0,0.0,0.0,0.0,18473,global,0.0
2,3,lr1e-05_bs16_drop0p4_temp1p0_a0p25_b0p05__wd1e-04trmiss0_degmodglobal,16,1e-05,0.0001,0.4,1.0,0.25,0.05,lr1e-05_bs16_drop0p4_temp1p0_a0p25_b0p05__wd1e-04trmiss0_degmodglobal,7,0.6934202313423157,0.6992679238319397,0.6111111111111112,0.7307679974346641,0.46153846153846156,0.0,0.675551638007164,0.6759741008281708,0.04645880963653326,0.11662846058607101,0.0,0.0,0.0,0.0,0.0,18473,global,0.0
2,3,lr1e-05_bs16_drop0p4_temp1p0_a0p25_b0p05__wd1e-04trmiss0_degmodglobal,16,1e-05,0.0001,0.4,1.0,0.25,0.05,lr1e-05_bs16_drop0p4_temp1p0_a0p25_b0p05__wd1e-04trmiss0_degmodglobal,8,0.6709355562925339,0.7038141489028931,0.6111111111111112,0.7307679974346641,0.46153846153846156,0.0,0.6433551013469696,0.6553869098424911,0.0454075806774199,0.08393488265573978,0.0,0.0,0.0,0.0,0.0,18473,global,0.0
2,3,lr1e-05_bs16_drop0p4_temp1p0_a0p25_b0p05__wd1e-04trmiss0_degmodglobal,16,1e-05,0.0001,0.4,1.0,0.25,0.05,lr1e-05_bs16_drop0p4_temp1p0_a0p25_b0p05__wd1e-04trmiss0_degmodglobal,9,0.703707367181778,0.7032822966575623,0.6111111111111112,0.7307679974346641,0.46153846153846156,0.0,0.6537033766508102,0.6853216588497162,0.046323833987116814,0.1360952313989401,0.0,0.0,0.0,0.0,0.0,18473,global,0.0
2,3,lr1e-05_bs16_drop0p4_temp1p0_a0p25_b0p05__wd1e-04trmiss0_degmodglobal,16,1e-05,0.0001,0.4,1.0,0.25,0.05,lr1e-05_bs16_drop0p4_temp1p0_a0p25_b0p05__wd1e-04trmiss0_degmodglobal,10,0.6900304853916168,0.7054666876792908,0.5833333333333334,0.7159531826198493,0.46153846153846156,0.0,0.6394202262163162,0.6721259504556656,0.05011164769530296,0.1075324509292841,0.0,0.0,0.0,0.0,0.0,18473,global,0.0
2,3,lr1e-05_bs16_drop0p4_temp1p0_a0p25_b0p05__wd1e-04trmiss0_degmodglobal,16,1e-05,0.0001,0.4,1.0,0.25,0.05,lr1e-05_bs16_drop0p4_temp1p0_a0p25_b0p05__wd1e-04trmiss0_degmodglobal,11,0.7037188559770584,0.7035408020019531,0.6111111111111112,0.7307679974346641,0.46153846153846156,0.0,0.6536300182342529,0.6755728274583817,0.0717011597007513,0.20441484823822975,0.0,0.0,0.0,0.0,0.0,18473,global,0.0
2,3,lr1e-05_bs16_drop0p4_temp1p0_a0p25_b0p05__wd1e-04trmiss0_degmodglobal,16,1e-05,0.0001,0.4,1.0,0.25,0.05,lr1e-05_bs16_drop0p4_temp1p0_a0p25_b0p05__wd1e-04trmiss0_degmodglobal,12,0.6992234736680984,0.7022765278816223,0.6111111111111112,0.7307679974346641,0.46153846153846156,0.0,0.6367114633321762,0.680164024233818,0.05417942255735397,0.11029178276658058,0.0,0.0,0.0,0.0,0.0,18473,global,0.0
2,3,lr1e-05_bs16_drop0p4_temp1p0_a0p25_b0p05__wd1e-04trmiss0_degmodglobal,16,1e-05,0.0001,0.4,1.0,0.25,0.05,lr1e-05_bs16_drop0p4_temp1p0_a0p25_b0p05__wd1e-04trmiss0_degmodglobal,13,0.6701958179473877,0.7011002898216248,0.6388888888888888,0.7439955106621774,0.46153846153846156,0.0,0.6804441809654236,0.6488551199436188,0.05855413340032101,0.1340429848060012,0.0,0.0,0.0,0.0,0.0,18473,global,0.0
2,3,lr1e-05_bs16_drop0p4_temp1p0_a0p25_b0p05__wd1e-04trmiss0_degmodglobal,16,1e-05,0.0001,0.4,1.0,0.25,0.05,lr1e-05_bs16_drop0p4_temp1p0_a0p25_b0p05__wd1e-04trmiss0_degmodglobal,14,0.688023030757904,0.703368604183197,0.6388888888888888,0.7439955106621774,0.46153846153846156,0.0,0.6579795479774475,0.6691078096628189,0.047728946432471275,0.13965978473424911,0.0,0.0,0.0,0.0,0.0,18473,global,0.0
2,3,lr1e-05_bs16_drop0p4_temp1p0_a0p25_b0p05__wd1e-04trmiss0_degmodglobal,16,1e-05,0.0001,0.4,1.0,0.25,0.05,lr1e-05_bs16_drop0p4_temp1p0_a0p25_b0p05__wd1e-04trmiss0_degmodglobal,15,0.6876033991575241,0.7061553597450256,0.5833333333333334,0.7159531826198493,0.46153846153846156,0.0,0.6309612095355988,0.665130078792572,0.05317598395049572,0.18358652293682098,0.0,0.0,0.0,0.0,0.0,18473,global,0.0
2,3,lr1e-05_bs16_drop0p4_temp1p0_a0p25_b0p05__wd1e-04trmiss0_degmodglobal,16,1e-05,0.0001,0.4,1.0,0.25,0.05,lr1e-05_bs16_drop0p4_temp1p0_a0p25_b0p05__wd1e-04trmiss0_degmodglobal,16,0.65762759745121,0.7059912085533142,0.5833333333333334,0.7159531826198493,0.46153846153846156,0.0,0.6289435774087906,0.6383230239152908,0.05081251077353954,0.13202913478016853,0.0,0.0,0.0,0.0,0.0,18473,global,0.0
2,3,lr1e-05_bs16_drop0p4_temp1p0_a0p25_b0p05__wd1e-04trmiss0_degmodglobal,16,1e-05,0.0001,0.4,1.0,0.25,0.05,lr1e-05_bs16_drop0p4_temp1p0_a0p25_b0p05__wd1e-04trmiss0_degmodglobal,17,0.6598772406578064,0.704186201095581,0.6388888888888888,0.7439955106621774,0.46153846153846156,0.0,0.6392619162797928,0.6372405588626862,0.059921673499047756,0.15312578529119492,0.0,0.0,0.0,0.0,0.0,18473,global,0.0
2,3,lr1e-05_bs16_drop0p4_temp1p0_a0p25_b0p05__wd1e-04trmiss0_degmodglobal,16,1e-05,0.0001,0.4,1.0,0.25,0.05,lr1e-05_bs16_drop0p4_temp1p0_a0p25_b0p05__wd1e-04trmiss0_degmodglobal,18,0.6860124617815018,0.7048059701919556,0.5833333333333334,0.7159531826198493,0.46153846153846156,0.0,0.6212769746780396,0.6654264330863953,0.05278870649635792,0.14777701627463102,0.0,0.0,0.0,0.0,0.0,18473,global,0.0
2,3,lr1e-05_bs16_drop0p4_temp1p0_a0p25_b0p05__wd1e-04trmiss0_degmodglobal,16,1e-05,0.0001,0.4,1.0,0.25,0.05,lr1e-05_bs16_drop0p4_temp1p0_a0p25_b0p05__wd1e-04trmiss0_degmodglobal,19,0.6434063464403152,0.7034816741943359,0.5833333333333333,0.7231922398589066,0.46153846153846156,0.0,0.5978081673383713,0.6215988993644714,0.05524470470845699,0.1599254347383976,0.0,0.0,0.0,0.0,0.0,18473,global,0.0
2,3,lr1e-05_bs16_drop0p4_temp1p0_a0p25_b0p05__wd1e-04trmiss0_degmodglobal,16,1e-05,0.0001,0.4,1.0,0.25,0.05,lr1e-05_bs16_drop0p4_temp1p0_a0p25_b0p05__wd1e-04trmiss0_degmodglobal,20,0.6567258685827255,0.7052141427993774,0.6388888888888888,0.7439955106621774,0.46153846153846156,0.0,0.6251953542232513,0.6396394968032837,0.047868513502180576,0.10238494630903006,0.0,0.0,0.0,0.0,0.0,18473,global,0.0
2,3,lr1e-05_bs16_drop0p4_temp1p0_a0p25_b0p05__wd1e-04trmiss0_degmodglobal,16,1e-05,0.0001,0.4,1.0,0.25,0.05,lr1e-05_bs16_drop0p4_temp1p0_a0p25_b0p05__wd1e-04trmiss0_degmodglobal,21,0.6858808249235153,0.7059051990509033,0.5555555555555556,0.7083774250440917,0.46153846153846156,0.0,0.6366513520479202,0.659536212682724,0.0679797688499093,0.18699329160153866,0.0,0.0,0.0,0.0,0.0,18473,global,0.0
2,3,lr1e-05_bs16_drop0p4_temp1p0_a0p25_b0p05__wd1e-04trmiss0_degmodglobal,16,1e-05,0.0001,0.4,1.0,0.25,0.05,lr1e-05_bs16_drop0p4_temp1p0_a0p25_b0p05__wd1e-04trmiss0_degmodglobal,22,0.6867464333772659,0.7040873765945435,0.6111111111111112,0.7364197530864198,0.46153846153846156,0.0,0.6694353669881821,0.6642507314682007,0.05967280454933643,0.1515499260276556,0.0,0.0,0.0,0.0,0.0,18473,global,0.0
2,3,lr1e-05_bs16_drop0p4_temp1p0_a0p25_b0p05__wd1e-04trmiss0_degmodglobal,16,1e-05,0.0001,0.4,1.0,0.25,0.05,lr1e-05_bs16_drop0p4_temp1p0_a0p25_b0p05__wd1e-04trmiss0_degmodglobal,23,0.6761825531721115,0.704666018486023,0.6388888888888888,0.7439955106621774,0.46153846153846156,0.0,0.651616632938385,0.6537795960903168,0.056831310503184795,0.16390229389071465,0.0,0.0,0.0,0.0,0.0,18473,global,0.0
2,3,lr1e-05_bs16_drop0p4_temp1p0_a0p25_b0p05__wd1e-04trmiss0_degmodglobal,16,1e-05,0.0001,0.4,1.0,0.25,0.05,lr1e-05_bs16_drop0p4_temp1p0_a0p25_b0p05__wd1e-04trmiss0_degmodglobal,24,0.6526423394680023,0.704578697681427,0.6111111111111112,0.7364197530864198,0.46153846153846156,0.0,0.6049612313508987,0.6316469460725784,0.06032168213278055,0.11829946446232498,0.0,0.0,0.0,0.0,0.0,18473,global,0.0
2,3,lr1e-05_bs16_drop0p4_temp1p0_a0p25_b0p05__wd1e-04trmiss0_degmodglobal,16,1e-05,0.0001,0.4,1.0,0.25,0.05,lr1e-05_bs16_drop0p4_temp1p0_a0p25_b0p05__wd1e-04trmiss0_degmodglobal,25,0.6489141434431076,0.7039366960525513,0.6388888888888888,0.7439955106621774,0.46153846153846156,0.0,0.6683017313480377,0.6222240626811981,0.059888795018196106,0.2343577053397894,0.0,0.0,0.0,0.0,0.0,18473,global,0.0
2,3,lr1e-05_bs16_drop0p4_temp2p0_a0p25_b0p05__wd1e-04trmiss0_degmodglobal,16,1e-05,0.0001,0.4,2.0,0.25,0.05,lr1e-05_bs16_drop0p4_temp2p0_a0p25_b0p05__wd1e-04trmiss0_degmodglobal,1,0.7402216792106628,0.7160021066665649,0.5555555555555556,0.7083774250440917,0.3076923076923077,0.0,0.6454367935657501,0.6980368345975876,0.08210615627467632,0.4331662803888321,0.0,0.0,0.0,0.0,0.0,18473,global,0.0
2,3,lr1e-05_bs16_drop0p4_temp2p0_a0p25_b0p05__wd1e-04trmiss0_degmodglobal,16,1e-05,0.0001,0.4,2.0,0.25,0.05,lr1e-05_bs16_drop0p4_temp2p0_a0p25_b0p05__wd1e-04trmiss0_degmodglobal,2,0.750298485159874,0.716007649898529,0.5833333333333333,0.7231922398589066,0.3076923076923077,0.0,0.6472542136907578,0.7108064591884613,0.07521521672606468,0.4137645587325096,0.0,0.0,0.0,0.0,0.0,18473,global,0.0
2,3,lr1e-05_bs16_drop0p4_temp2p0_a0p25_b0p05__wd1e-04trmiss0_degmodglobal,16,1e-05,0.0001,0.4,2.0,0.25,0.05,lr1e-05_bs16_drop0p4_temp2p0_a0p25_b0p05__wd1e-04trmiss0_degmodglobal,3,0.7312973439693451,0.7161626219749451,0.6111111111111112,0.7364197530864198,0.3076923076923077,0.0,0.6525723040103912,0.691586971282959,0.07963362336158752,0.396039754152298,0.0,0.0,0.0,0.0,0.0,18473,global,0.0
2,3,lr1e-05_bs16_drop0p4_temp2p0_a0p25_b0p05__wd1e-04trmiss0_degmodglobal,16,1e-05,0.0001,0.4,2.0,0.25,0.05,lr1e-05_bs16_drop0p4_temp2p0_a0p25_b0p05__wd1e-04trmiss0_degmodglobal,4,0.750248596072197,0.7165234088897705,0.6388888888888888,0.7483245149911817,0.3076923076923077,0.0,0.6613385528326035,0.7049898058176041,0.08828532136976719,0.4637492373585701,0.0,0.0,0.0,0.0,0.0,18473,global,0.0
2,3,lr1e-05_bs16_drop0p4_temp2p0_a0p25_b0p05__wd1e-04trmiss0_degmodglobal,16,1e-05,0.0001,0.4,2.0,0.25,0.05,lr1e-05_bs16_drop0p4_temp2p0_a0p25_b0p05__wd1e-04trmiss0_degmodglobal,5,0.7481315582990646,0.7197868824005127,0.5833333333333333,0.7231922398589066,0.3076923076923077,0.0,0.7123702019453049,0.69931860268116,0.09540935419499874,0.4992121085524559,0.0,0.0,0.0,0.0,0.0,18473,global,0.0
2,3,lr1e-05_bs16_drop0p4_temp2p0_a0p25_b0p05__wd1e-04trmiss0_degmodglobal,16,1e-05,0.0001,0.4,2.0,0.25,0.05,lr1e-05_bs16_drop0p4_temp2p0_a0p25_b0p05__wd1e-04trmiss0_degmodglobal,6,0.7411079853773117,0.7227878570556641,0.5555555555555556,0.7151114317780985,0.3076923076923077,0.0,0.6399476081132889,0.6949402987957001,0.08488347381353378,0.4989362061023712,0.0,0.0,0.0,0.0,0.0,18473,global,0.0
2,3,lr1e-05_bs16_drop0p4_temp2p0_a0p25_b0p05__wd1e-04trmiss0_degmodglobal,16,1e-05,0.0001,0.4,2.0,0.25,0.05,lr1e-05_bs16_drop0p4_temp2p0_a0p25_b0p05__wd1e-04trmiss0_degmodglobal,7,0.7453010827302933,0.7302278876304626,0.5555555555555556,0.7151114317780985,0.3076923076923077,0.0,0.618234857916832,0.6994121819734573,0.09061204455792904,0.46471788734197617,0.0,0.0,0.0,0.0,0.0,18473,global,0.0
2,3,lr1e-05_bs16_drop0p4_temp2p0_a0p25_b0p05__wd1e-04trmiss0_degmodglobal,16,1e-05,0.0001,0.4,2.0,0.25,0.05,lr1e-05_bs16_drop0p4_temp2p0_a0p25_b0p05__wd1e-04trmiss0_degmodglobal,8,0.7023061066865921,0.7385321855545044,0.5555555555555556,0.7151114317780985,0.3076923076923077,0.0,0.6113788187503815,0.6621756553649902,0.08387114200741053,0.3832533545792103,0.0,0.0,0.0,0.0,0.0,18473,global,0.0
2,3,lr1e-05_bs16_drop0p4_temp2p0_a0p25_b0p05__wd1e-04trmiss0_degmodglobal,16,1e-05,0.0001,0.4,2.0,0.25,0.05,lr1e-05_bs16_drop0p4_temp2p0_a0p25_b0p05__wd1e-04trmiss0_degmodglobal,9,0.7609585970640182,0.740643322467804,0.5555555555555556,0.7151114317780985,0.3076923076923077,0.0,0.6341027617454529,0.7116236835718155,0.10701938159763813,0.4516012668609619,0.0,0.0,0.0,0.0,0.0,18473,global,0.0
2,3,lr1e-05_bs16_drop0p4_temp2p0_a0p25_b0p05__wd1e-04trmiss0_degmodglobal,16,1e-05,0.0001,0.4,2.0,0.25,0.05,lr1e-05_bs16_drop0p4_temp2p0_a0p25_b0p05__wd1e-04trmiss0_degmodglobal,10,0.7742767184972763,0.7389974594116211,0.5833333333333334,0.7283389450056118,0.3076923076923077,0.0,0.6643650680780411,0.7338012009859085,0.08214031159877777,0.39880862832069397,0.0,0.0,0.0,0.0,0.0,18473,global,0.0
2,3,lr1e-05_bs16_drop0p4_temp2p0_a0p25_b0p05__wd1e-04trmiss0_degmodglobal,16,1e-05,0.0001,0.4,2.0,0.25,0.05,lr1e-05_bs16_drop0p4_temp2p0_a0p25_b0p05__wd1e-04trmiss0_degmodglobal,11,0.7668062448501587,0.7422795295715332,0.5833333333333334,0.7283389450056118,0.3076923076923077,0.0,0.6311629563570023,0.7083373963832855,0.11439666897058487,0.5973939970135689,0.0,0.0,0.0,0.0,0.0,18473,global,0.0
2,3,lr1e-05_bs16_drop0p4_temp2p0_a0p25_b0p05__wd1e-04trmiss0_degmodglobal,16,1e-05,0.0001,0.4,2.0,0.25,0.05,lr1e-05_bs16_drop0p4_temp2p0_a0p25_b0p05__wd1e-04trmiss0_degmodglobal,12,0.7130697667598724,0.7410205006599426,0.5833333333333334,0.7283389450056118,0.3076923076923077,0.0,0.6416810303926468,0.6678639948368073,0.08911853469908237,0.45852281898260117,0.0,0.0,0.0,0.0,0.0,18473,global,0.0
2,3,lr1e-05_bs16_drop0p4_temp2p0_a0p25_b0p05__wd1e-04trmiss0_degmodglobal,16,1e-05,0.0001,0.4,2.0,0.25,0.05,lr1e-05_bs16_drop0p4_temp2p0_a0p25_b0p05__wd1e-04trmiss0_degmodglobal,13,0.7348158955574036,0.7406537532806396,0.5833333333333334,0.7283389450056118,0.3076923076923077,0.0,0.5911953449249268,0.6907209306955338,0.0876592043787241,0.443603090941906,0.0,0.0,0.0,0.0,0.0,18473,global,0.0
2,3,lr1e-05_bs16_drop0p4_temp2p0_a0p25_b0p05__wd1e-04trmiss0_degmodglobal,16,1e-05,0.0001,0.4,2.0,0.25,0.05,lr1e-05_bs16_drop0p4_temp2p0_a0p25_b0p05__wd1e-04trmiss0_degmodglobal,14,0.7104753106832504,0.7414247989654541,0.5833333333333334,0.7283389450056118,0.3076923076923077,0.0,0.6173602789640427,0.6700244694948196,0.08139277808368206,0.40205321460962296,0.0,0.0,0.0,0.0,0.0,18473,global,0.0
2,3,lr1e-05_bs16_drop0p4_temp2p0_a0p25_b0p05__wd1e-04trmiss0_degmodglobal,16,1e-05,0.0001,0.4,2.0,0.25,0.05,lr1e-05_bs16_drop0p4_temp2p0_a0p25_b0p05__wd1e-04trmiss0_degmodglobal,15,0.7099049985408783,0.7454074025154114,0.5833333333333334,0.7283389450056118,0.3076923076923077,0.0,0.6150622069835663,0.6511383950710297,0.12407050095498562,0.5549797788262367,0.0,0.0,0.0,0.0,0.0,18473,global,0.0
2,3,lr1e-05_bs16_drop0p4_temp2p0_a0p25_b0p05__wd1e-04trmiss0_degmodglobal,16,1e-05,0.0001,0.4,2.0,0.25,0.05,lr1e-05_bs16_drop0p4_temp2p0_a0p25_b0p05__wd1e-04trmiss0_degmodglobal,16,0.718327522277832,0.7468611001968384,0.6111111111111112,0.7402437069103737,0.3076923076923077,0.0,0.6153808981180191,0.679638534784317,0.08117056079208851,0.36792705953121185,0.0,0.0,0.0,0.0,0.0,18473,global,0.0
2,3,lr1e-05_bs16_drop0p4_temp2p0_a0p25_b0p05__wd1e-04trmiss0_degmodglobal,16,1e-05,0.0001,0.4,2.0,0.25,0.05,lr1e-05_bs16_drop0p4_temp2p0_a0p25_b0p05__wd1e-04trmiss0_degmodglobal,17,0.7324832528829575,0.7506285905838013,0.5833333333333334,0.7283389450056118,0.3076923076923077,0.0,0.5846593007445335,0.6807886064052582,0.10004104487597942,0.5336870551109314,0.0,0.0,0.0,0.0,0.0,18473,global,0.0
2,3,lr1e-05_bs16_drop0p4_temp2p0_a0p25_b0p05__wd1e-04trmiss0_degmodglobal,16,1e-05,0.0001,0.4,2.0,0.25,0.05,lr1e-05_bs16_drop0p4_temp2p0_a0p25_b0p05__wd1e-04trmiss0_degmodglobal,18,0.7449701875448227,0.7495157718658447,0.5833333333333334,0.7283389450056118,0.3076923076923077,0.0,0.6002692431211472,0.6969524472951889,0.09264883305877447,0.49711061269044876,0.0,0.0,0.0,0.0,0.0,18473,global,0.0
2,3,lr1e-05_bs16_drop0p4_temp2p0_a0p25_b0p05__wd1e-04trmiss0_degmodglobal,16,1e-05,0.0001,0.4,2.0,0.25,0.05,lr1e-05_bs16_drop0p4_temp2p0_a0p25_b0p05__wd1e-04trmiss0_degmodglobal,19,0.7114225476980209,0.7503483891487122,0.5833333333333334,0.7283389450056118,0.3076923076923077,0.0,0.588169276714325,0.6566291153430939,0.10992429777979851,0.5462470278143883,0.0,0.0,0.0,0.0,0.0,18473,global,0.0
2,3,lr1e-05_bs16_drop0p4_temp2p0_a0p25_b0p05__wd1e-04trmiss0_degmodglobal,16,1e-05,0.0001,0.4,2.0,0.25,0.05,lr1e-05_bs16_drop0p4_temp2p0_a0p25_b0p05__wd1e-04trmiss0_degmodglobal,20,0.701742485165596,0.7493584156036377,0.6111111111111112,0.7402437069103737,0.3076923076923077,0.0,0.5982844084501266,0.6537266969680786,0.09726059064269066,0.47401272505521774,0.0,0.0,0.0,0.0,0.0,18473,global,0.0
2,3,lr1e-05_bs16_drop0p4_temp2p0_a0p25_b0p05__wd1e-04trmiss0_degmodglobal,16,1e-05,0.0001,0.4,2.0,0.25,0.05,lr1e-05_bs16_drop0p4_temp2p0_a0p25_b0p05__wd1e-04trmiss0_degmodglobal,21,0.722229465842247,0.7463556528091431,0.6111111111111112,0.7402437069103737,0.3076923076923077,0.0,0.6386363357305527,0.6755146533250809,0.09674767218530178,0.4505583345890045,0.0,0.0,0.0,0.0,0.0,18473,global,0.0
2,3,lr1e-05_bs16_drop0p4_temp2p0_a0p25_b0p05__wd1e-04trmiss0_degmodglobal,16,1e-05,0.0001,0.4,2.0,0.25,0.05,lr1e-05_bs16_drop0p4_temp2p0_a0p25_b0p05__wd1e-04trmiss0_degmodglobal,22,0.6874043643474579,0.7425649762153625,0.6111111111111112,0.7402437069103737,0.3076923076923077,0.0,0.5984053611755371,0.6414493471384048,0.09322746936231852,0.4529633857309818,0.0,0.0,0.0,0.0,0.0,18473,global,0.0
2,3,lr1e-05_bs16_drop0p4_temp2p0_a0p25_b0p05__wd1e-04trmiss0_degmodglobal,16,1e-05,0.0001,0.4,2.0,0.25,0.05,lr1e-05_bs16_drop0p4_temp2p0_a0p25_b0p05__wd1e-04trmiss0_degmodglobal,23,0.7405035048723221,0.7400383949279785,0.6388888888888888,0.7510461760461762,0.3076923076923077,0.0,0.5773825347423553,0.6870598047971725,0.11474975384771824,0.4951254352927208,0.0,0.0,0.0,0.0,0.0,18473,global,0.0
2,3,lr1e-05_bs16_drop0p4_temp2p0_a0p25_b0p05__wd1e-04trmiss0_degmodglobal,16,1e-05,0.0001,0.4,2.0,0.25,0.05,lr1e-05_bs16_drop0p4_temp2p0_a0p25_b0p05__wd1e-04trmiss0_degmodglobal,24,0.748815655708313,0.7429872751235962,0.6111111111111112,0.7402437069103737,0.3076923076923077,0.0,0.5625712722539902,0.7059506177902222,0.08717632293701172,0.4214191734790802,0.0,0.0,0.0,0.0,0.0,18473,global,0.0
2,3,lr1e-05_bs16_drop0p4_temp2p0_a0p25_b0p05__wd1e-04trmiss0_degmodglobal,16,1e-05,0.0001,0.4,2.0,0.25,0.05,lr1e-05_bs16_drop0p4_temp2p0_a0p25_b0p05__wd1e-04trmiss0_degmodglobal,25,0.7093032151460648,0.7438443303108215,0.6111111111111112,0.7364197530864198,0.3076923076923077,0.0,0.5852608978748322,0.6588734537363052,0.09905171394348145,0.5133363157510757,0.0,0.0,0.0,0.0,0.0,18473,global,0.0
2,3,lr1e-05_bs16_drop0p4_temp2p0_a0p25_b0p05__wd1e-04trmiss0_degmodglobal,16,1e-05,0.0001,0.4,2.0,0.25,0.05,lr1e-05_bs16_drop0p4_temp2p0_a0p25_b0p05__wd1e-04trmiss0_degmodglobal,26,0.7319143265485764,0.7422277331352234,0.6388888888888888,0.7483245149911817,0.3076923076923077,0.0,0.6029573976993561,0.6763118803501129,0.1075092051178217,0.5745034217834473,0.0,0.0,0.0,0.0,0.0,18473,global,0.0
2,3,lr1e-05_bs16_drop0p4_temp2p0_a0p25_b0p05__wd1e-04trmiss0_degmodglobal,16,1e-05,0.0001,0.4,2.0,0.25,0.05,lr1e-05_bs16_drop0p4_temp2p0_a0p25_b0p05__wd1e-04trmiss0_degmodglobal,27,0.7805834859609604,0.7469407320022583,0.6388888888888888,0.7483245149911817,0.3076923076923077,0.0,0.5941971689462662,0.7331705987453461,0.09869757480919361,0.4547693803906441,0.0,0.0,0.0,0.0,0.0,18473,global,0.0
2,3,lr1e-05_bs16_drop0p4_temp2p0_a0p25_b0p05__wd1e-04trmiss0_degmodglobal,16,1e-05,0.0001,0.4,2.0,0.25,0.05,lr1e-05_bs16_drop0p4_temp2p0_a0p25_b0p05__wd1e-04trmiss0_degmodglobal,28,0.6946985721588135,0.7488868236541748,0.6388888888888888,0.7483245149911817,0.23076923076923078,0.0,0.5831350386142731,0.6536186039447784,0.08561188355088234,0.3935399428009987,0.0,0.0,0.0,0.0,0.0,18473,global,0.0
2,3,lr1e-05_bs16_drop0p4_temp2p0_a0p25_b0p05__wd1e-04trmiss0_degmodglobal,16,1e-05,0.0001,0.4,2.0,0.25,0.05,lr1e-05_bs16_drop0p4_temp2p0_a0p25_b0p05__wd1e-04trmiss0_degmodglobal,29,0.6996633261442184,0.7517156004905701,0.6111111111111112,0.7364197530864198,0.23076923076923078,0.0,0.5954522788524628,0.6543942242860794,0.09471253864467144,0.4318191036581993,0.0,0.0,0.0,0.0,0.0,18473,global,0.0
2,3,lr1e-05_bs16_drop0p4_temp2p0_a0p25_b0p05__wd1e-04trmiss0_degmodglobal,16,1e-05,0.0001,0.4,2.0,0.25,0.05,lr1e-05_bs16_drop0p4_temp2p0_a0p25_b0p05__wd1e-04trmiss0_degmodglobal,30,0.7230871766805649,0.7488169074058533,0.6111111111111112,0.7402437069103737,0.3076923076923077,0.0,0.5739046186208725,0.6722756773233414,0.10718389600515366,0.48031050711870193,0.0,0.0,0.0,0.0,0.0,18473,global,0.0
2,3,lr1e-05_bs16_drop0p4_temp2p0_a0p25_b0p05__wd1e-04trmiss0_degmodglobal,16,1e-05,0.0001,0.4,2.0,0.25,0.05,lr1e-05_bs16_drop0p4_temp2p0_a0p25_b0p05__wd1e-04trmiss0_degmodglobal,31,0.7264967858791351,0.753499448299408,0.6111111111111112,0.7402437069103737,0.23076923076923078,0.0,0.6164929568767548,0.6865019500255585,0.09109240211546421,0.3444347083568573,0.0,0.0,0.0,0.0,0.0,18473,global,0.0
2,3,lr1e-05_bs16_drop0p4_temp2p0_a0p25_b0p05__wd1e-04trmiss0_degmodglobal,16,1e-05,0.0001,0.4,2.0,0.25,0.05,lr1e-05_bs16_drop0p4_temp2p0_a0p25_b0p05__wd1e-04trmiss0_degmodglobal,32,0.7134214639663696,0.7458948493003845,0.6388888888888888,0.7510461760461762,0.3076923076923077,0.0,0.5612806379795074,0.6581592410802841,0.11339287646114826,0.53828015178442,0.0,0.0,0.0,0.0,0.0,18473,global,0.0
2,3,lr1e-05_bs16_drop0p4_temp2p0_a0p25_b0p05__wd1e-04trmiss0_degmodglobal,16,1e-05,0.0001,0.4,2.0,0.25,0.05,lr1e-05_bs16_drop0p4_temp2p0_a0p25_b0p05__wd1e-04trmiss0_degmodglobal,33,0.7265352457761765,0.7403718829154968,0.6388888888888888,0.7510461760461762,0.3076923076923077,0.0,0.5495486781001091,0.688242495059967,0.07713115401566029,0.3801988884806633,0.0,0.0,0.0,0.0,0.0,18473,global,0.0
2,3,lr1e-05_bs16_drop0p4_temp2p0_a0p25_b0p05__wd1e-04trmiss0_degmodglobal,16,1e-05,0.0001,0.4,2.0,0.25,0.05,lr1e-05_bs16_drop0p4_temp2p0_a0p25_b0p05__wd1e-04trmiss0_degmodglobal,34,0.6976194530725479,0.7440374493598938,0.6388888888888888,0.7510461760461762,0.3076923076923077,0.0,0.6133433878421783,0.6563827842473984,0.08394392672926188,0.40501365065574646,0.0,0.0,0.0,0.0,0.0,18473,global,0.0
2,3,lr1e-05_bs16_drop0p4_temp2p0_a0p25_b0p05__wd1e-04trmiss0_degmodglobal,16,1e-05,0.0001,0.4,2.0,0.25,0.05,lr1e-05_bs16_drop0p4_temp2p0_a0p25_b0p05__wd1e-04trmiss0_degmodglobal,35,0.7415699064731598,0.7471771240234375,0.6388888888888888,0.7510461760461762,0.3076923076923077,0.0,0.5508324280381203,0.703730508685112,0.07398863323032856,0.3868448957800865,0.0,0.0,0.0,0.0,0.0,18473,global,0.0
2,3,lr1e-05_bs16_drop0p4_temp2p0_a0p25_b0p05__wd1e-04trmiss0_degmodglobal,16,1e-05,0.0001,0.4,2.0,0.25,0.05,lr1e-05_bs16_drop0p4_temp2p0_a0p25_b0p05__wd1e-04trmiss0_degmodglobal,36,0.6788483113050461,0.7469692230224609,0.6111111111111112,0.7402437069103737,0.3076923076923077,0.0,0.5786535441875458,0.632013663649559,0.0925197247415781,0.47409427911043167,0.0,0.0,0.0,0.0,0.0,18473,global,0.0
2,3,lr1e-05_bs16_drop0p4_temp2p0_a0p25_b0p05__wd1e-04trmiss0_degmodglobal,16,1e-05,0.0001,0.4,2.0,0.25,0.05,lr1e-05_bs16_drop0p4_temp2p0_a0p25_b0p05__wd1e-04trmiss0_degmodglobal,37,0.7124737054109573,0.7468090057373047,0.6111111111111112,0.7402437069103737,0.3076923076923077,0.0,0.5596432834863663,0.6654796749353409,0.09504367411136627,0.4646622911095619,0.0,0.0,0.0,0.0,0.0,18473,global,0.0
2,3,lr1e-05_bs16_drop0p4_temp2p0_a0p25_b0p05__wd1e-04trmiss0_degmodglobal,16,1e-05,0.0001,0.4,2.0,0.25,0.05,lr1e-05_bs16_drop0p4_temp2p0_a0p25_b0p05__wd1e-04trmiss0_degmodglobal,38,0.7340811789035797,0.7482792139053345,0.6111111111111112,0.7402437069103737,0.3076923076923077,0.0,0.5680667459964752,0.684568926692009,0.10631168819963932,0.45868658274412155,0.0,0.0,0.0,0.0,0.0,18473,global,0.0
2,3,lr1e-05_bs16_drop0p4_temp2p0_a0p25_b0p05__wd1e-04trmiss0_degmodglobal,16,1e-05,0.0001,0.4,2.0,0.25,0.05,lr1e-05_bs16_drop0p4_temp2p0_a0p25_b0p05__wd1e-04trmiss0_degmodglobal,39,0.6720530688762665,0.75528484582901,0.5833333333333334,0.7283389450056118,0.23076923076923078,0.0,0.5850124508142471,0.6278649419546127,0.09724557399749756,0.39753440022468567,0.0,0.0,0.0,0.0,0.0,18473,global,0.0
2,3,lr1e-05_bs16_drop0p4_temp2p0_a0p25_b0p05__wd1e-04trmiss0_degmodglobal,16,1e-05,0.0001,0.4,2.0,0.25,0.05,lr1e-05_bs16_drop0p4_temp2p0_a0p25_b0p05__wd1e-04trmiss0_degmodglobal,40,0.674290269613266,0.7524181008338928,0.6111111111111112,0.7402437069103737,0.23076923076923078,0.0,0.582348957657814,0.6283305734395981,0.08732637483626604,0.48256173729896545,0.0,0.0,0.0,0.0,0.0,18473,global,0.0
2,3,lr1e-05_bs16_drop0p4_temp2p0_a0p25_b0p05__wd1e-04trmiss0_degmodglobal,16,1e-05,0.0001,0.4,2.0,0.25,0.05,lr1e-05_bs16_drop0p4_temp2p0_a0p25_b0p05__wd1e-04trmiss0_degmodglobal,41,0.7204903960227966,0.7527524828910828,0.6111111111111112,0.7402437069103737,0.3076923076923077,0.0,0.6173186153173447,0.6674220114946365,0.1032341867685318,0.5451967343688011,0.0,0.0,0.0,0.0,0.0,18473,global,0.0
2,3,lr1e-05_bs16_drop0p4_temp2p0_a0p25_b0p05__wd1e-04trmiss0_degmodglobal,16,1e-05,0.0001,0.4,2.0,0.25,0.05,lr1e-05_bs16_drop0p4_temp2p0_a0p25_b0p05__wd1e-04trmiss0_degmodglobal,42,0.6935847103595734,0.7505102157592773,0.5833333333333333,0.7316017316017317,0.3076923076923077,0.0,0.5467642396688461,0.6466162502765656,0.09507787320762873,0.46397996693849564,0.0,0.0,0.0,0.0,0.0,18473,global,0.0
2,3,lr1e-05_bs16_drop0p4_temp2p0_a0p25_b0p05__wd1e-04trmiss0_degmodglobal,16,1e-05,0.0001,0.4,2.0,0.25,0.05,lr1e-05_bs16_drop0p4_temp2p0_a0p25_b0p05__wd1e-04trmiss0_degmodglobal,43,0.7030649930238724,0.7520354390144348,0.5555555555555556,0.7196969696969697,0.3076923076923077,0.0,0.5676083862781525,0.6630890369415283,0.08099440298974514,0.3945474177598953,0.0,0.0,0.0,0.0,0.0,18473,global,0.0
2,4,lr1e-04_bs8_drop0p2_temp1p0_a0p25_b0p05__wd1e-04trmiss0_degmodglobal,8,0.0001,0.0001,0.2,1.0,0.25,0.05,lr1e-04_bs8_drop0p2_temp1p0_a0p25_b0p05__wd1e-04trmiss0_degmodglobal,1,0.7368638600621905,0.728588342666626,0.5,0.683629950296617,0.3076923076923077,0.0,0.7184167504310608,0.7215797560555595,0.0383834753717695,0.1137647373335702,0.0,0.0,0.0,0.0,0.0,18473,global,0.0
2,4,lr1e-04_bs8_drop0p2_temp1p0_a0p25_b0p05__wd1e-04trmiss0_degmodglobal,8,0.0001,0.0001,0.2,1.0,0.25,0.05,lr1e-04_bs8_drop0p2_temp1p0_a0p25_b0p05__wd1e-04trmiss0_degmodglobal,2,0.6861415675708226,0.7267760634422302,0.5277777777777778,0.7002966169632837,0.23076923076923078,0.0,0.66092791727611,0.674132662160056,0.03267302390720163,0.07681261641638619,0.0,0.0,0.0,0.0,0.0,18473,global,0.0
2,4,lr1e-04_bs8_drop0p2_temp1p0_a0p25_b0p05__wd1e-04trmiss0_degmodglobal,8,0.0001,0.0001,0.2,1.0,0.25,0.05,lr1e-04_bs8_drop0p2_temp1p0_a0p25_b0p05__wd1e-04trmiss0_degmodglobal,3,0.6804830942835126,0.7203122973442078,0.6111111111111112,0.8308080808080809,0.38461538461538464,0.0,0.6326685632978167,0.6694310988698687,0.03274614257471902,0.057309171584035666,0.0,0.0,0.0,0.0,0.0,18473,global,0.0
2,4,lr1e-04_bs8_drop0p2_temp1p0_a0p25_b0p05__wd1e-04trmiss0_degmodglobal,8,0.0001,0.0001,0.2,1.0,0.25,0.05,lr1e-04_bs8_drop0p2_temp1p0_a0p25_b0p05__wd1e-04trmiss0_degmodglobal,4,0.64923095703125,0.7148421406745911,0.6666666666666667,0.8715488215488216,0.6153846153846154,0.0,0.6246615137372699,0.6362323250089373,0.038130290274109156,0.06932109647563525,0.0,0.0,0.0,0.0,0.0,18473,global,0.0
2,4,lr1e-04_bs8_drop0p2_temp1p0_a0p25_b0p05__wd1e-04trmiss0_degmodglobal,8,0.0001,0.0001,0.2,1.0,0.25,0.05,lr1e-04_bs8_drop0p2_temp1p0_a0p25_b0p05__wd1e-04trmiss0_degmodglobal,5,0.6334558299609593,0.7216415405273438,0.5,0.7379509379509379,0.38461538461538464,0.0,0.5893453444753375,0.6197487882205418,0.040142898580857685,0.07342633099428245,0.0,0.0,0.0,0.0,0.0,18473,global,0.0
2,4,lr1e-04_bs8_drop0p2_temp1p0_a0p25_b0p05__wd1e-04trmiss0_degmodglobal,8,0.0001,0.0001,0.2,1.0,0.25,0.05,lr1e-04_bs8_drop0p2_temp1p0_a0p25_b0p05__wd1e-04trmiss0_degmodglobal,6,0.6321539282798767,0.73597851395607,0.3611111111111111,0.6267075517075518,0.3076923076923077,0.0,0.5776777522904533,0.6184584753853934,0.04304705294115203,0.05867360532283783,0.0,0.0,0.0,0.0,0.0,18473,global,0.0
2,4,lr1e-04_bs8_drop0p2_temp1p0_a0p25_b0p05__wd1e-04trmiss0_degmodglobal,8,0.0001,0.0001,0.2,1.0,0.25,0.05,lr1e-04_bs8_drop0p2_temp1p0_a0p25_b0p05__wd1e-04trmiss0_degmodglobal,7,0.6279770987374442,0.7428149282932281,0.3333333333333333,0.6647417397417397,0.23076923076923078,0.0,0.5895860876355853,0.6130045056343079,0.04542278764503343,0.07233790095363345,0.0,0.0,0.0,0.0,0.0,18473,global,0.0
2,4,lr1e-04_bs8_drop0p2_temp1p0_a0p25_b0p05__wd1e-04trmiss0_degmodglobal,8,0.0001,0.0001,0.2,1.0,0.25,0.05,lr1e-04_bs8_drop0p2_temp1p0_a0p25_b0p05__wd1e-04trmiss0_degmodglobal,8,0.6266978127615792,0.7406772673130035,0.3611111111111111,0.6758528508528507,0.38461538461538464,0.0,0.5538667355264936,0.6092009203774589,0.04777883552014828,0.1110432179910796,0.0,0.0,0.0,0.0,0.0,18473,global,0.0
2,4,lr1e-04_bs8_drop0p2_temp1p0_a0p25_b0p05__wd1e-04trmiss0_degmodglobal,8,0.0001,0.0001,0.2,1.0,0.25,0.05,lr1e-04_bs8_drop0p2_temp1p0_a0p25_b0p05__wd1e-04trmiss0_degmodglobal,9,0.5908876402037484,0.7450015246868134,0.33333333333333337,0.669118844118844,0.3076923076923077,0.0,0.5411400624683925,0.5729766828673226,0.05107048632843154,0.10286669087197099,0.0,0.0,0.0,0.0,0.0,18473,global,0.0
2,4,lr1e-04_bs8_drop0p2_temp1p0_a0p25_b0p05__wd1e-04trmiss0_degmodglobal,8,0.0001,0.0001,0.2,1.0,0.25,0.05,lr1e-04_bs8_drop0p2_temp1p0_a0p25_b0p05__wd1e-04trmiss0_degmodglobal,10,0.5772063732147217,0.7385686933994293,0.3333333333333333,0.6726301476301477,0.38461538461538464,0.0,0.5483696971620832,0.5648379453590938,0.03787580691277981,0.057989747396537235,0.0,0.0,0.0,0.0,0.0,18473,global,0.0
2,4,lr1e-04_bs8_drop0p2_temp1p0_a0p25_b0p05__wd1e-04trmiss0_degmodglobal,8,0.0001,0.0001,0.2,1.0,0.25,0.05,lr1e-04_bs8_drop0p2_temp1p0_a0p25_b0p05__wd1e-04trmiss0_degmodglobal,11,0.6209787470953805,0.736909031867981,0.41666666666666663,0.7473655973655975,0.38461538461538464,0.0,0.5462523528507778,0.6015903864588056,0.05029585052813802,0.13628817349672318,0.0,0.0,0.0,0.0,0.0,18473,global,0.0
2,4,lr1e-04_bs8_drop0p2_temp1p0_a0p25_b0p05__wd1e-04trmiss0_degmodglobal,8,0.0001,0.0001,0.2,1.0,0.25,0.05,lr1e-04_bs8_drop0p2_temp1p0_a0p25_b0p05__wd1e-04trmiss0_degmodglobal,12,0.5913203358650208,0.7549668848514557,0.3333333333333333,0.6805666555666556,0.3076923076923077,0.0,0.5377552381583622,0.5741420899118695,0.05020131330404963,0.09255814658743995,0.0,0.0,0.0,0.0,0.0,18473,global,0.0
2,4,lr1e-04_bs8_drop0p2_temp1p0_a0p25_b0p05__wd1e-04trmiss0_degmodglobal,8,0.0001,0.0001,0.2,1.0,0.25,0.05,lr1e-04_bs8_drop0p2_temp1p0_a0p25_b0p05__wd1e-04trmiss0_degmodglobal,13,0.5754931313650948,0.7607778012752533,0.2777777777777778,0.650937025937026,0.3076923076923077,0.0,0.533667939049857,0.5596357115677425,0.04477249990616526,0.09328568939651762,0.0,0.0,0.0,0.0,0.0,18473,global,0.0
2,4,lr1e-04_bs8_drop0p2_temp1p0_a0p25_b0p05__wd1e-04trmiss0_degmodglobal,8,0.0001,0.0001,0.2,1.0,0.25,0.05,lr1e-04_bs8_drop0p2_temp1p0_a0p25_b0p05__wd1e-04trmiss0_degmodglobal,14,0.5912076575415475,0.7583251893520355,0.2777777777777778,0.650937025937026,0.23076923076923078,0.0,0.5459643985543933,0.5727465323039463,0.05038075016013214,0.11731916932123047,0.0,0.0,0.0,0.0,0.0,18473,global,0.0
2,4,lr1e-04_bs8_drop0p2_temp1p0_a0p25_b0p05__wd1e-04trmiss0_degmodglobal,8,0.0001,0.0001,0.2,1.0,0.25,0.05,lr1e-04_bs8_drop0p2_temp1p0_a0p25_b0p05__wd1e-04trmiss0_degmodglobal,15,0.5704988326345172,0.7623065114021301,0.2777777777777778,0.650937025937026,0.23076923076923078,0.0,0.5138565599918365,0.5501798817089626,0.057813002062695365,0.11731379904917308,0.0,0.0,0.0,0.0,0.0,18473,global,0.0
2,4,lr1e-04_bs8_drop0p2_temp1p0_a0p25_b0p05__wd1e-04trmiss0_degmodglobal,8,0.0001,0.0001,0.2,1.0,0.25,0.05,lr1e-04_bs8_drop0p2_temp1p0_a0p25_b0p05__wd1e-04trmiss0_degmodglobal,16,0.578085584299905,0.7511083781719208,0.2777777777777778,0.650937025937026,0.23076923076923078,0.0,0.5250087210110256,0.5582244055611747,0.0545165767627103,0.12464053183794022,0.0,0.0,0.0,0.0,0.0,18473,global,0.0
2,4,lr1e-04_bs8_drop0p2_temp1p0_a0p25_b0p05__wd1e-04trmiss0_degmodglobal,8,0.0001,0.0001,0.2,1.0,0.25,0.05,lr1e-04_bs8_drop0p2_temp1p0_a0p25_b0p05__wd1e-04trmiss0_degmodglobal,17,0.5587085485458374,0.7617211043834686,0.25,0.6435296185296187,0.23076923076923078,0.0,0.4908482049192701,0.5397209823131561,0.05615687742829323,0.09896679754768099,0.0,0.0,0.0,0.0,0.0,18473,global,0.0
2,4,lr1e-04_bs8_drop0p2_temp1p0_a0p25_b0p05__wd1e-04trmiss0_degmodglobal,8,0.0001,0.0001,0.2,1.0,0.25,0.05,lr1e-04_bs8_drop0p2_temp1p0_a0p25_b0p05__wd1e-04trmiss0_degmodglobal,18,0.5725038605076926,0.7617239058017731,0.2777777777777778,0.662048137048137,0.23076923076923078,0.0,0.544398580278669,0.5503861606121063,0.06514499868665423,0.11662929611546653,0.0,0.0,0.0,0.0,0.0,18473,global,0.0
2,4,lr1e-04_bs8_drop0p2_temp1p0_a0p25_b0p05__wd1e-04trmiss0_degmodglobal,8,0.0001,0.0001,0.2,1.0,0.25,0.05,lr1e-04_bs8_drop0p2_temp1p0_a0p25_b0p05__wd1e-04trmiss0_degmodglobal,19,0.5606683918407985,0.762127548456192,0.2777777777777778,0.662048137048137,0.23076923076923078,0.0,0.5056070387363434,0.5400842257908413,0.057514071730630736,0.12411290726491384,0.0,0.0,0.0,0.0,0.0,18473,global,0.0
2,4,lr1e-04_bs8_drop0p2_temp1p0_a0p25_b0p05__wd1e-04trmiss0_degmodglobal,8,0.0001,0.0001,0.2,1.0,0.25,0.05,lr1e-04_bs8_drop0p2_temp1p0_a0p25_b0p05__wd1e-04trmiss0_degmodglobal,20,0.5627448643956866,0.7692206501960754,0.2777777777777778,0.662048137048137,0.23076923076923078,0.0,0.5160604843071529,0.543470961706979,0.056034334003925323,0.1053062943475587,0.0,0.0,0.0,0.0,0.0,18473,global,0.0
2,4,lr1e-04_bs8_drop0p2_temp1p0_a0p25_b0p05__wd1e-04trmiss0_degmodglobal,8,0.0001,0.0001,0.2,1.0,0.25,0.05,lr1e-04_bs8_drop0p2_temp1p0_a0p25_b0p05__wd1e-04trmiss0_degmodglobal,21,0.5572860836982727,0.774940013885498,0.2777777777777778,0.662048137048137,0.23076923076923078,0.0,0.5175065355641502,0.5388345037187848,0.05275350489786693,0.10526417781199728,0.0,0.0,0.0,0.0,0.0,18473,global,0.0
2,4,lr1e-04_bs8_drop0p2_temp1p0_a0p25_b0p05__wd1e-04trmiss0_degmodglobal,8,0.0001,0.0001,0.2,1.0,0.25,0.05,lr1e-04_bs8_drop0p2_temp1p0_a0p25_b0p05__wd1e-04trmiss0_degmodglobal,22,0.5588207244873047,0.7646577954292297,0.2777777777777778,0.662048137048137,0.23076923076923078,0.0,0.5028961215700422,0.5386843723910195,0.05891257364835058,0.10816394271595138,0.0,0.0,0.0,0.0,0.0,18473,global,0.0
2,4,lr1e-04_bs8_drop0p2_temp1p0_a0p25_b0p05__wd1e-04trmiss0_degmodglobal,8,0.0001,0.0001,0.2,1.0,0.25,0.05,lr1e-04_bs8_drop0p2_temp1p0_a0p25_b0p05__wd1e-04trmiss0_degmodglobal,23,0.5583579540252686,0.7681951522827148,0.2777777777777778,0.662048137048137,0.23076923076923078,0.0,0.47921896832329886,0.5345830278737205,0.06876427414161819,0.13167691443647658,0.0,0.0,0.0,0.0,0.0,18473,global,0.0
2,4,lr1e-04_bs8_drop0p2_temp1p0_a0p25_b0p05__wd1e-04trmiss0_degmodglobal,8,0.0001,0.0001,0.2,1.0,0.25,0.05,lr1e-04_bs8_drop0p2_temp1p0_a0p25_b0p05__wd1e-04trmiss0_degmodglobal,24,0.5530240791184562,0.7679052352905273,0.25,0.6064925814925816,0.23076923076923078,0.0,0.48817189250673565,0.5319649832589286,0.05774762321795736,0.13244365634662764,0.0,0.0,0.0,0.0,0.0,18473,global,0.0
2,4,lr1e-04_bs8_drop0p2_temp1p0_a0p25_b0p05__wd1e-04trmiss0_degmodglobal,8,0.0001,0.0001,0.2,1.0,0.25,0.05,lr1e-04_bs8_drop0p2_temp1p0_a0p25_b0p05__wd1e-04trmiss0_degmodglobal,25,0.5804614169257027,0.7702628076076508,0.25,0.6064925814925816,0.23076923076923078,0.0,0.48997718947274344,0.5548893681594304,0.07281855493783951,0.14734836933868273,0.0,0.0,0.0,0.0,0.0,18473,global,0.0
2,4,lr1e-04_bs8_drop0p2_temp2p0_a0p25_b0p05__wd1e-04trmiss0_degmodglobal,8,0.0001,0.0001,0.2,2.0,0.25,0.05,lr1e-04_bs8_drop0p2_temp2p0_a0p25_b0p05__wd1e-04trmiss0_degmodglobal,1,0.679488752569471,0.6961714625358582,0.2777777777777778,0.6575066908400242,0.38461538461538464,0.0,0.6901739154543195,0.6678746768406459,0.02933012694120407,0.0856309447969709,0.0,0.0,0.0,0.0,0.0,18473,global,0.0
2,4,lr1e-04_bs8_drop0p2_temp2p0_a0p25_b0p05__wd1e-04trmiss0_degmodglobal,8,0.0001,0.0001,0.2,2.0,0.25,0.05,lr1e-04_bs8_drop0p2_temp2p0_a0p25_b0p05__wd1e-04trmiss0_degmodglobal,2,0.6882403407778058,0.69228795170784,0.27777777777777773,0.6654431987765321,0.3076923076923077,0.0,0.6653848716190883,0.6736014229910714,0.03591964580118656,0.11318039947322436,0.0,0.0,0.0,0.0,0.0,18473,global,0.0
2,4,lr1e-04_bs8_drop0p2_temp2p0_a0p25_b0p05__wd1e-04trmiss0_degmodglobal,8,0.0001,0.0001,0.2,2.0,0.25,0.05,lr1e-04_bs8_drop0p2_temp2p0_a0p25_b0p05__wd1e-04trmiss0_degmodglobal,3,0.6413695897374835,0.6916439533233643,0.3333333333333333,0.6898259148259149,0.38461538461538464,0.0,0.6497734955378941,0.6292072449411664,0.0329604231353317,0.07844481617212296,0.0,0.0,0.0,0.0,0.0,18473,global,0.0
2,4,lr1e-04_bs8_drop0p2_temp2p0_a0p25_b0p05__wd1e-04trmiss0_degmodglobal,8,0.0001,0.0001,0.2,2.0,0.25,0.05,lr1e-04_bs8_drop0p2_temp2p0_a0p25_b0p05__wd1e-04trmiss0_degmodglobal,4,0.6278830255780902,0.6912385821342468,0.3333333333333333,0.6805666555666556,0.5384615384615384,0.0,0.612842721598489,0.6159069112368992,0.03121373217020716,0.0834536360842841,0.0,0.0,0.0,0.0,0.0,18473,global,0.0
2,4,lr1e-04_bs8_drop0p2_temp2p0_a0p25_b0p05__wd1e-04trmiss0_degmodglobal,8,0.0001,0.0001,0.2,2.0,0.25,0.05,lr1e-04_bs8_drop0p2_temp2p0_a0p25_b0p05__wd1e-04trmiss0_degmodglobal,5,0.618225804397038,0.6926283240318298,0.3333333333333333,0.6805666555666556,0.5384615384615384,0.0,0.5952504447528294,0.6059218304497855,0.034492184807147296,0.073618476412126,0.0,0.0,0.0,0.0,0.0,18473,global,0.0
2,4,lr1e-04_bs8_drop0p2_temp2p0_a0p25_b0p05__wd1e-04trmiss0_degmodglobal,8,0.0001,0.0001,0.2,2.0,0.25,0.05,lr1e-04_bs8_drop0p2_temp2p0_a0p25_b0p05__wd1e-04trmiss0_degmodglobal,6,0.616854693208422,0.6873914897441864,0.38888888888888884,0.6943713693713693,0.5384615384615384,0.0,0.5810500468526568,0.6036706907408578,0.037818005840693204,0.07458973569529397,0.0,0.0,0.0,0.0,0.0,18473,global,0.0
2,4,lr1e-04_bs8_drop0p2_temp2p0_a0p25_b0p05__wd1e-04trmiss0_degmodglobal,8,0.0001,0.0001,0.2,2.0,0.25,0.05,lr1e-04_bs8_drop0p2_temp2p0_a0p25_b0p05__wd1e-04trmiss0_degmodglobal,7,0.5994131054197039,0.69595867395401,0.36111111111111105,0.6388158138158138,0.46153846153846156,0.0,0.6031902262142727,0.5908613801002502,0.0245197115998183,0.04843585618904659,0.0,0.0,0.0,0.0,0.0,18473,global,0.0
2,4,lr1e-04_bs8_drop0p2_temp2p0_a0p25_b0p05__wd1e-04trmiss0_degmodglobal,8,0.0001,0.0001,0.2,2.0,0.25,0.05,lr1e-04_bs8_drop0p2_temp2p0_a0p25_b0p05__wd1e-04trmiss0_degmodglobal,8,0.6151848946298871,0.7146493792533875,0.2777777777777778,0.6024521774521775,0.46153846153846156,0.0,0.5841007913861956,0.602400643484933,0.03625816186623914,0.07439407386950084,0.0,0.0,0.0,0.0,0.0,18473,global,0.0
2,4,lr1e-04_bs8_drop0p2_temp2p0_a0p25_b0p05__wd1e-04trmiss0_degmodglobal,8,0.0001,0.0001,0.2,2.0,0.25,0.05,lr1e-04_bs8_drop0p2_temp2p0_a0p25_b0p05__wd1e-04trmiss0_degmodglobal,9,0.5883244616644723,0.7143782079219818,0.25,0.5953814703814704,0.46153846153846156,0.0,0.583260144506182,0.5776758449418204,0.02760447787919215,0.07494979963770934,0.0,0.0,0.0,0.0,0.0,18473,global,0.0
2,4,lr1e-04_bs8_drop0p2_temp2p0_a0p25_b0p05__wd1e-04trmiss0_degmodglobal,8,0.0001,0.0001,0.2,2.0,0.25,0.05,lr1e-04_bs8_drop0p2_temp2p0_a0p25_b0p05__wd1e-04trmiss0_degmodglobal,10,0.5789188487189156,0.7082063555717468,0.2777777777777778,0.6024521774521775,0.46153846153846156,0.0,0.5724251866340637,0.5665150327341897,0.036105362964527946,0.06754920471991811,0.0,0.0,0.0,0.0,0.0,18473,global,0.0
2,4,lr1e-04_bs8_drop0p2_temp2p0_a0p25_b0p05__wd1e-04trmiss0_degmodglobal,8,0.0001,0.0001,0.2,2.0,0.25,0.05,lr1e-04_bs8_drop0p2_temp2p0_a0p25_b0p05__wd1e-04trmiss0_degmodglobal,11,0.564308626311166,0.7091682255268097,0.25,0.5953814703814704,0.46153846153846156,0.0,0.5773582713944572,0.5515596142836979,0.03621983368481908,0.07388139303241457,0.0,0.0,0.0,0.0,0.0,18473,global,0.0
2,4,lr1e-04_bs8_drop0p2_temp2p0_a0p25_b0p05__wd1e-04trmiss0_degmodglobal,8,0.0001,0.0001,0.2,2.0,0.25,0.05,lr1e-04_bs8_drop0p2_temp2p0_a0p25_b0p05__wd1e-04trmiss0_degmodglobal,12,0.5617519063608987,0.703685849905014,0.33333333333333337,0.6320818070818071,0.46153846153846156,0.0,0.5655909776687622,0.5512731671333313,0.0299927115972553,0.05961114088339465,0.0,0.0,0.0,0.0,0.0,18473,global,0.0
2,4,lr1e-04_bs8_drop0p2_temp2p0_a0p25_b0p05__wd1e-04trmiss0_degmodglobal,8,0.0001,0.0001,0.2,2.0,0.25,0.05,lr1e-04_bs8_drop0p2_temp2p0_a0p25_b0p05__wd1e-04trmiss0_degmodglobal,13,0.5654175324099404,0.6431845128536224,0.5555555555555556,0.7688422688422689,0.6153846153846154,0.0,0.5557891173022134,0.5530772124017987,0.03612231755895274,0.06619431411049195,0.0,0.0,0.0,0.0,0.0,18473,global,0.0
2,4,lr1e-04_bs8_drop0p2_temp2p0_a0p25_b0p05__wd1e-04trmiss0_degmodglobal,8,0.0001,0.0001,0.2,2.0,0.25,0.05,lr1e-04_bs8_drop0p2_temp2p0_a0p25_b0p05__wd1e-04trmiss0_degmodglobal,14,0.5607132528509412,0.6505160629749298,0.5277777777777777,0.7132867132867133,0.6153846153846154,0.0,0.5636975254331317,0.5505047738552094,0.027448554257197038,0.0669267683156899,0.0,0.0,0.0,0.0,0.0,18473,global,0.0
2,4,lr1e-04_bs8_drop0p2_temp2p0_a0p25_b0p05__wd1e-04trmiss0_degmodglobal,8,0.0001,0.0001,0.2,2.0,0.25,0.05,lr1e-04_bs8_drop0p2_temp2p0_a0p25_b0p05__wd1e-04trmiss0_degmodglobal,15,0.6187799998692104,0.682366132736206,0.3888888888888889,0.6593304843304844,0.5384615384615384,0.0,0.5858351928847176,0.604913422039577,0.035572106816938946,0.09947107891951289,0.0,0.0,0.0,0.0,0.0,18473,global,0.0
2,4,lr1e-04_bs8_drop0p2_temp2p0_a0p25_b0p05__wd1e-04trmiss0_degmodglobal,8,0.0001,0.0001,0.2,2.0,0.25,0.05,lr1e-04_bs8_drop0p2_temp2p0_a0p25_b0p05__wd1e-04trmiss0_degmodglobal,16,0.5846867050443377,0.6773694157600403,0.4166666666666667,0.6692511192511194,0.5384615384615384,0.0,0.5603327580860683,0.5714099066598075,0.03559978598994868,0.08753654041460582,0.0,0.0,0.0,0.0,0.0,18473,global,0.0
2,4,lr1e-04_bs8_drop0p2_temp2p0_a0p25_b0p05__wd1e-04trmiss0_degmodglobal,8,0.0001,0.0001,0.2,2.0,0.25,0.05,lr1e-04_bs8_drop0p2_temp2p0_a0p25_b0p05__wd1e-04trmiss0_degmodglobal,17,0.5779347973210471,0.6766960918903351,0.4444444444444444,0.6759851259851261,0.6153846153846154,0.0,0.5548319220542908,0.5639860502311161,0.03500268076147352,0.10396167476262365,0.0,0.0,0.0,0.0,0.0,18473,global,0.0
2,4,lr1e-04_bs8_drop0p2_temp2p0_a0p25_b0p05__wd1e-04trmiss0_degmodglobal,8,0.0001,0.0001,0.2,2.0,0.25,0.05,lr1e-04_bs8_drop0p2_temp2p0_a0p25_b0p05__wd1e-04trmiss0_degmodglobal,18,0.5669904351234436,0.6845585703849792,0.3888888888888889,0.6982193732193731,0.6153846153846154,0.0,0.556789151259831,0.5549558017935071,0.03104524261185101,0.08546628510313374,0.0,0.0,0.0,0.0,0.0,18473,global,0.0
2,4,lr1e-04_bs8_drop0p2_temp2p0_a0p25_b0p05__wd1e-04trmiss0_degmodglobal,8,0.0001,0.0001,0.2,2.0,0.25,0.05,lr1e-04_bs8_drop0p2_temp2p0_a0p25_b0p05__wd1e-04trmiss0_degmodglobal,19,0.5695866686957223,0.6782414615154266,0.4444444444444444,0.7216200466200466,0.6153846153846154,0.0,0.5542257598468235,0.5549167224339077,0.0385693261133773,0.1005522193653243,0.0,0.0,0.0,0.0,0.0,18473,global,0.0
2,4,lr1e-04_bs8_drop0p2_temp2p0_a0p25_b0p05__wd1e-04trmiss0_degmodglobal,8,0.0001,0.0001,0.2,2.0,0.25,0.05,lr1e-04_bs8_drop0p2_temp2p0_a0p25_b0p05__wd1e-04trmiss0_degmodglobal,20,0.5500255227088928,0.6794649064540863,0.3611111111111111,0.6487484737484738,0.6153846153846154,0.0,0.5383014508656093,0.5374304481915065,0.03541155931140695,0.07484373237405505,0.0,0.0,0.0,0.0,0.0,18473,global,0.0
2,4,lr1e-04_bs8_drop0p2_temp2p0_a0p25_b0p05__wd1e-04trmiss0_degmodglobal,8,0.0001,0.0001,0.2,2.0,0.25,0.05,lr1e-04_bs8_drop0p2_temp2p0_a0p25_b0p05__wd1e-04trmiss0_degmodglobal,21,0.5273630491324833,0.6877871453762054,0.3611111111111111,0.6487484737484738,0.5384615384615384,0.0,0.5257505902222225,0.5144294840948922,0.03628646941589458,0.07723894874964442,0.0,0.0,0.0,0.0,0.0,18473,global,0.0
2,4,lr1e-04_bs8_drop0p2_temp2p0_a0p25_b0p05__wd1e-04trmiss0_degmodglobal,8,0.0001,0.0001,0.2,2.0,0.25,0.05,lr1e-04_bs8_drop0p2_temp2p0_a0p25_b0p05__wd1e-04trmiss0_degmodglobal,22,0.5518248847552708,0.6933750212192535,0.3333333333333333,0.6416777666777667,0.5384615384615384,0.0,0.5407279218946185,0.5356248830045972,0.043936925807169507,0.10431543365120888,0.0,0.0,0.0,0.0,0.0,18473,global,0.0
2,4,lr1e-04_bs8_drop0p2_temp2p0_a0p25_b0p05__wd1e-04trmiss0_degmodglobal,8,0.0001,0.0001,0.2,2.0,0.25,0.05,lr1e-04_bs8_drop0p2_temp2p0_a0p25_b0p05__wd1e-04trmiss0_degmodglobal,23,0.532651709658759,0.703210324048996,0.3611111111111111,0.6487484737484738,0.38461538461538464,0.0,0.528381952217647,0.5222969353199005,0.028243358113936017,0.06587869274829115,0.0,0.0,0.0,0.0,0.0,18473,global,0.0
2,4,lr1e-04_bs8_drop0p2_temp2p0_a0p25_b0p05__wd1e-04trmiss0_degmodglobal,8,0.0001,0.0001,0.2,2.0,0.25,0.05,lr1e-04_bs8_drop0p2_temp2p0_a0p25_b0p05__wd1e-04trmiss0_degmodglobal,24,0.5531457023961204,0.7367397248744965,0.19444444444444445,0.5694555444555445,0.3076923076923077,0.0,0.5441220232418605,0.540187018258231,0.032727189894233434,0.095537538507155,0.0,0.0,0.0,0.0,0.0,18473,global,0.0
2,4,lr1e-04_bs8_drop0p2_temp2p0_a0p25_b0p05__wd1e-04trmiss0_degmodglobal,8,0.0001,0.0001,0.2,2.0,0.25,0.05,lr1e-04_bs8_drop0p2_temp2p0_a0p25_b0p05__wd1e-04trmiss0_degmodglobal,25,0.5405093261173793,0.7067853808403015,0.3055555555555556,0.620970695970696,0.38461538461538464,0.0,0.522810446364539,0.5290915029389518,0.03244958232556071,0.06610828079283237,0.0,0.0,0.0,0.0,0.0,18473,global,0.0
2,4,lr1e-04_bs8_drop0p2_temp2p0_a0p25_b0p05__wd1e-04trmiss0_degmodglobal,8,0.0001,0.0001,0.2,2.0,0.25,0.05,lr1e-04_bs8_drop0p2_temp2p0_a0p25_b0p05__wd1e-04trmiss0_degmodglobal,26,0.5555717434201922,0.6920362710952759,0.38888888888888884,0.6493978243978243,0.46153846153846156,0.0,0.5304631207670484,0.5390923363821847,0.046581801559243886,0.09667914520416941,0.0,0.0,0.0,0.0,0.0,18473,global,0.0
2,4,lr1e-04_bs8_drop0p2_temp2p0_a0p25_b0p05__wd1e-04trmiss0_degmodglobal,8,0.0001,0.0001,0.2,2.0,0.25,0.05,lr1e-04_bs8_drop0p2_temp2p0_a0p25_b0p05__wd1e-04trmiss0_degmodglobal,27,0.5457214670521873,0.7082233428955078,0.33333333333333337,0.6320818070818071,0.38461538461538464,0.0,0.5307688585349492,0.5339433465685163,0.033967354467936924,0.06572553728307996,0.0,0.0,0.0,0.0,0.0,18473,global,0.0
2,4,lr1e-04_bs8_drop0p2_temp2p0_a0p25_b0p05__wd1e-04trmiss0_degmodglobal,8,0.0001,0.0001,0.2,2.0,0.25,0.05,lr1e-04_bs8_drop0p2_temp2p0_a0p25_b0p05__wd1e-04trmiss0_degmodglobal,28,0.5305307081767491,0.7191272675991058,0.25,0.6064925814925816,0.38461538461538464,0.0,0.5206505358219147,0.5206725725105831,0.026272393496973172,0.06580080038734845,0.0,0.0,0.0,0.0,0.0,18473,global,0.0
2,4,lr1e-04_bs8_drop0p2_temp2p0_a0p25_b0p05__wd1e-04trmiss0_degmodglobal,8,0.0001,0.0001,0.2,2.0,0.25,0.05,lr1e-04_bs8_drop0p2_temp2p0_a0p25_b0p05__wd1e-04trmiss0_degmodglobal,29,0.5343505271843502,0.7177174091339111,0.25,0.6064925814925816,0.46153846153846156,0.0,0.5366230309009552,0.52193740436009,0.03305759826408965,0.08297470690948623,0.0,0.0,0.0,0.0,0.0,18473,global,0.0
2,4,lr1e-04_bs8_drop0p2_temp2p0_a0p25_b0p05__wd1e-04trmiss0_degmodglobal,8,0.0001,0.0001,0.2,2.0,0.25,0.05,lr1e-04_bs8_drop0p2_temp2p0_a0p25_b0p05__wd1e-04trmiss0_degmodglobal,30,0.5255353621074131,0.7185713648796082,0.25,0.6064925814925816,0.38461538461538464,0.0,0.510475639786039,0.5129283538886479,0.03711174215589251,0.06658124045601913,0.0,0.0,0.0,0.0,0.0,18473,global,0.0
2,4,lr1e-04_bs8_drop0p2_temp2p0_a0p25_b0p05__wd1e-04trmiss0_degmodglobal,8,0.0001,0.0001,0.2,2.0,0.25,0.05,lr1e-04_bs8_drop0p2_temp2p0_a0p25_b0p05__wd1e-04trmiss0_degmodglobal,31,0.5202819406986237,0.7139727771282196,0.25,0.6064925814925816,0.46153846153846156,0.0,0.5005468683583396,0.508492682661329,0.03320350870490074,0.06976720398025853,0.0,0.0,0.0,0.0,0.0,18473,global,0.0
2,4,lr1e-04_bs8_drop0p2_temp2p0_a0p25_b0p05__wd1e-04trmiss0_degmodglobal,8,0.0001,0.0001,0.2,2.0,0.25,0.05,lr1e-04_bs8_drop0p2_temp2p0_a0p25_b0p05__wd1e-04trmiss0_degmodglobal,32,0.5472254625388554,0.7203694581985474,0.25,0.6064925814925816,0.46153846153846156,0.0,0.5218066956315722,0.5327373572758266,0.038201730964439254,0.09875357576778956,0.0,0.0,0.0,0.0,0.0,18473,global,0.0
2,4,lr1e-04_bs8_drop0p2_temp2p0_a0p25_b0p05__wd1e-04trmiss0_degmodglobal,8,0.0001,0.0001,0.2,2.0,0.25,0.05,lr1e-04_bs8_drop0p2_temp2p0_a0p25_b0p05__wd1e-04trmiss0_degmodglobal,33,0.5302508686270032,0.7218175232410431,0.25,0.6064925814925816,0.46153846153846156,0.0,0.5227709540299007,0.5199592539242336,0.03145562245377472,0.04855436113263879,0.0,0.0,0.0,0.0,0.0,18473,global,0.0
2,4,lr1e-04_bs8_drop0p4_temp1p0_a0p25_b0p05__wd1e-04trmiss0_degmodglobal,8,0.0001,0.0001,0.4,1.0,0.25,0.05,lr1e-04_bs8_drop0p4_temp1p0_a0p25_b0p05__wd1e-04trmiss0_degmodglobal,1,0.7116426570074899,0.6538637578487396,0.75,0.8615961199294533,0.8461538461538461,0.0,0.6998394898005894,0.6904901691845485,0.04993111799870219,0.17339422021593368,0.0,0.0,0.0,0.0,0.0,18473,global,0.0
2,4,lr1e-04_bs8_drop0p4_temp1p0_a0p25_b0p05__wd1e-04trmiss0_degmodglobal,8,0.0001,0.0001,0.4,1.0,0.25,0.05,lr1e-04_bs8_drop0p4_temp1p0_a0p25_b0p05__wd1e-04trmiss0_degmodglobal,2,0.6873968073299953,0.6685943901538849,0.6666666666666666,0.8082722832722833,0.7692307692307693,0.0,0.6383774365697589,0.6634400827544076,0.05405984765716961,0.20883512709821975,0.0,0.0,0.0,0.0,0.0,18473,global,0.0
2,4,lr1e-04_bs8_drop0p4_temp1p0_a0p25_b0p05__wd1e-04trmiss0_degmodglobal,8,0.0001,0.0001,0.4,1.0,0.25,0.05,lr1e-04_bs8_drop0p4_temp1p0_a0p25_b0p05__wd1e-04trmiss0_degmodglobal,3,0.6817541548183986,0.6676993668079376,0.6666666666666666,0.8082722832722833,0.6923076923076923,0.0,0.6150923882211957,0.6652429614748273,0.041804640154753415,0.12120069350515093,0.0,0.0,0.0,0.0,0.0,18473,global,0.0
2,4,lr1e-04_bs8_drop0p4_temp1p0_a0p25_b0p05__wd1e-04trmiss0_degmodglobal,8,0.0001,0.0001,0.4,1.0,0.25,0.05,lr1e-04_bs8_drop0p4_temp1p0_a0p25_b0p05__wd1e-04trmiss0_degmodglobal,4,0.6785367046083722,0.6507392227649689,0.6944444444444444,0.7667027417027418,0.6923076923076923,0.0,0.5703025375093732,0.6563333187784467,0.05297181861741202,0.17920869322759764,0.0,0.0,0.0,0.0,0.0,18473,global,0.0
2,4,lr1e-04_bs8_drop0p4_temp1p0_a0p25_b0p05__wd1e-04trmiss0_degmodglobal,8,0.0001,0.0001,0.4,1.0,0.25,0.05,lr1e-04_bs8_drop0p4_temp1p0_a0p25_b0p05__wd1e-04trmiss0_degmodglobal,5,0.6764440621648516,0.6670823097229004,0.6388888888888888,0.7527167277167278,0.6923076923076923,0.0,0.642730108329228,0.6551842944962638,0.05108619960291045,0.16976434205259597,0.0,0.0,0.0,0.0,0.0,18473,global,0.0
2,4,lr1e-04_bs8_drop0p4_temp1p0_a0p25_b0p05__wd1e-04trmiss0_degmodglobal,8,0.0001,0.0001,0.4,1.0,0.25,0.05,lr1e-04_bs8_drop0p4_temp1p0_a0p25_b0p05__wd1e-04trmiss0_degmodglobal,6,0.6574526429176331,0.6571532785892487,0.6388888888888888,0.7527167277167278,0.6923076923076923,0.0,0.5926933373723712,0.634629990373339,0.053019074989216666,0.19135739760739462,0.0,0.0,0.0,0.0,0.0,18473,global,0.0
2,4,lr1e-04_bs8_drop0p4_temp1p0_a0p25_b0p05__wd1e-04trmiss0_degmodglobal,8,0.0001,0.0001,0.4,1.0,0.25,0.05,lr1e-04_bs8_drop0p4_temp1p0_a0p25_b0p05__wd1e-04trmiss0_degmodglobal,7,0.6393596274512154,0.6457871794700623,0.6944444444444444,0.7667027417027418,0.6923076923076923,0.0,0.5941491382462638,0.6195548857961383,0.052911498716899326,0.13153758911149843,0.0,0.0,0.0,0.0,0.0,18473,global,0.0
2,4,lr1e-04_bs8_drop0p4_temp1p0_a0p25_b0p05__wd1e-04trmiss0_degmodglobal,8,0.0001,0.0001,0.4,1.0,0.25,0.05,lr1e-04_bs8_drop0p4_temp1p0_a0p25_b0p05__wd1e-04trmiss0_degmodglobal,8,0.6465844682284764,0.6152290999889374,0.7222222222222222,0.7765792849126183,0.7692307692307693,0.0,0.5632150258336749,0.617215233189719,0.07337115226047379,0.22052903047629765,0.0,0.0,0.0,0.0,0.0,18473,global,0.0
2,4,lr1e-04_bs8_drop0p4_temp1p0_a0p25_b0p05__wd1e-04trmiss0_degmodglobal,8,0.0001,0.0001,0.4,1.0,0.25,0.05,lr1e-04_bs8_drop0p4_temp1p0_a0p25_b0p05__wd1e-04trmiss0_degmodglobal,9,0.6819401213100978,0.6257906556129456,0.6944444444444444,0.7667027417027418,0.6923076923076923,0.0,0.5713930811200824,0.6527234230722699,0.06803991113390241,0.24413443037441798,0.0,0.0,0.0,0.0,0.0,18473,global,0.0
2,4,lr1e-04_bs8_drop0p4_temp1p0_a0p25_b0p05__wd1e-04trmiss0_degmodglobal,8,0.0001,0.0001,0.4,1.0,0.25,0.05,lr1e-04_bs8_drop0p4_temp1p0_a0p25_b0p05__wd1e-04trmiss0_degmodglobal,10,0.6290010809898376,0.6513383388519287,0.6388888888888888,0.7439955106621774,0.6153846153846154,0.0,0.5542657630784171,0.6013216716902596,0.07463527364390236,0.18041150591203145,0.0,0.0,0.0,0.0,0.0,18473,global,0.0
2,4,lr1e-04_bs8_drop0p4_temp1p0_a0p25_b0p05__wd1e-04trmiss0_degmodglobal,8,0.0001,0.0001,0.4,1.0,0.25,0.05,lr1e-04_bs8_drop0p4_temp1p0_a0p25_b0p05__wd1e-04trmiss0_degmodglobal,11,0.6443507075309753,0.6807990074157715,0.5833333333333333,0.7300094966761634,0.5384615384615384,0.0,0.5538175787244525,0.6145627243178231,0.06541443775807108,0.2686875196439879,0.0,0.0,0.0,0.0,0.0,18473,global,0.0
2,4,lr1e-04_bs8_drop0p4_temp1p0_a0p25_b0p05__wd1e-04trmiss0_degmodglobal,8,0.0001,0.0001,0.4,1.0,0.25,0.05,lr1e-04_bs8_drop0p4_temp1p0_a0p25_b0p05__wd1e-04trmiss0_degmodglobal,12,0.6301394615854535,0.6735833287239075,0.5833333333333333,0.7300094966761634,0.6153846153846154,0.0,0.5505961009434291,0.6037961159433637,0.06884172665221351,0.18265870000634873,0.0,0.0,0.0,0.0,0.0,18473,global,0.0
2,4,lr1e-04_bs8_drop0p4_temp1p0_a0p25_b0p05__wd1e-04trmiss0_degmodglobal,8,0.0001,0.0001,0.4,1.0,0.25,0.05,lr1e-04_bs8_drop0p4_temp1p0_a0p25_b0p05__wd1e-04trmiss0_degmodglobal,13,0.6246395536831447,0.6785312294960022,0.5555555555555556,0.7167819834486502,0.5384615384615384,0.0,0.5237342204366412,0.6007671526500157,0.05882390961050987,0.1833283459501607,0.0,0.0,0.0,0.0,0.0,18473,global,0.0
2,4,lr1e-04_bs8_drop0p4_temp1p0_a0p25_b0p05__wd1e-04trmiss0_degmodglobal,8,0.0001,0.0001,0.4,1.0,0.25,0.05,lr1e-04_bs8_drop0p4_temp1p0_a0p25_b0p05__wd1e-04trmiss0_degmodglobal,14,0.6263248579842704,0.6663666367530823,0.6388888888888888,0.7439955106621774,0.5384615384615384,0.0,0.5477654082434518,0.5966437629290989,0.07462582577552114,0.22049278765916824,0.0,0.0,0.0,0.0,0.0,18473,global,0.0
2,4,lr1e-04_bs8_drop0p4_temp1p0_a0p25_b0p05__wd1e-04trmiss0_degmodglobal,8,0.0001,0.0001,0.4,1.0,0.25,0.05,lr1e-04_bs8_drop0p4_temp1p0_a0p25_b0p05__wd1e-04trmiss0_degmodglobal,15,0.6163197415215629,0.690934419631958,0.5277777777777778,0.7019671686338353,0.6153846153846154,0.0,0.5197506163801465,0.5894242525100708,0.0708748565188476,0.1835357685174261,0.0,0.0,0.0,0.0,0.0,18473,global,0.0
2,4,lr1e-04_bs8_drop0p4_temp1p0_a0p25_b0p05__wd1e-04trmiss0_degmodglobal,8,0.0001,0.0001,0.4,1.0,0.25,0.05,lr1e-04_bs8_drop0p4_temp1p0_a0p25_b0p05__wd1e-04trmiss0_degmodglobal,16,0.6084614992141724,0.7041050791740417,0.4722222222222222,0.6667819834486501,0.46153846153846156,0.0,0.5282164939812252,0.580256027834756,0.07665208886776652,0.18084896781614848,0.0,0.0,0.0,0.0,0.0,18473,global,0.0
2,4,lr1e-04_bs8_drop0p4_temp1p0_a0p25_b0p05__wd1e-04trmiss0_degmodglobal,8,0.0001,0.0001,0.4,1.0,0.25,0.05,lr1e-04_bs8_drop0p4_temp1p0_a0p25_b0p05__wd1e-04trmiss0_degmodglobal,17,0.6480382340294975,0.7034990191459656,0.4722222222222222,0.6667819834486501,0.46153846153846156,0.0,0.5452508585793632,0.6138510193143573,0.08432787071381297,0.2621049838406699,0.0,0.0,0.0,0.0,0.0,18473,global,0.0
2,4,lr1e-04_bs8_drop0p4_temp1p0_a0p25_b0p05__wd1e-04trmiss0_degmodglobal,8,0.0001,0.0001,0.4,1.0,0.25,0.05,lr1e-04_bs8_drop0p4_temp1p0_a0p25_b0p05__wd1e-04trmiss0_degmodglobal,18,0.6396874870572772,0.7006232142448425,0.4444444444444444,0.6482634649301315,0.46153846153846156,0.0,0.5161498785018921,0.6117216008050101,0.06937989432896886,0.21241797826119832,0.0,0.0,0.0,0.0,0.0,18473,global,0.0
2,4,lr1e-04_bs8_drop0p4_temp1p0_a0p25_b0p05__wd1e-04trmiss0_degmodglobal,8,0.0001,0.0001,0.4,1.0,0.25,0.05,lr1e-04_bs8_drop0p4_temp1p0_a0p25_b0p05__wd1e-04trmiss0_degmodglobal,19,0.6038909639630999,0.6911309659481049,0.4722222222222222,0.6667819834486501,0.46153846153846156,0.0,0.5119471677712032,0.57074522120612,0.08439658316118377,0.24093177914619446,0.0,0.0,0.0,0.0,0.0,18473,global,0.0
2,4,lr1e-04_bs8_drop0p4_temp1p0_a0p25_b0p05__wd1e-04trmiss0_degmodglobal,8,0.0001,0.0001,0.4,1.0,0.25,0.05,lr1e-04_bs8_drop0p4_temp1p0_a0p25_b0p05__wd1e-04trmiss0_degmodglobal,20,0.6392298170498439,0.6902763545513153,0.5,0.6853005019671686,0.5384615384615384,0.0,0.5516989060810634,0.6099971447672162,0.07981275022029877,0.18558964559010097,0.0,0.0,0.0,0.0,0.0,18473,global,0.0
2,4,lr1e-04_bs8_drop0p4_temp1p0_a0p25_b0p05__wd1e-04trmiss0_degmodglobal,8,0.0001,0.0001,0.4,1.0,0.25,0.05,lr1e-04_bs8_drop0p4_temp1p0_a0p25_b0p05__wd1e-04trmiss0_degmodglobal,21,0.6072076048169818,0.6924763023853302,0.5277777777777778,0.7019671686338353,0.46153846153846156,0.0,0.524537341935294,0.5728442881788526,0.09359420942408699,0.21929506611611163,0.0,0.0,0.0,0.0,0.0,18473,global,0.0
2,4,lr1e-04_bs8_drop0p4_temp1p0_a0p25_b0p05__wd1e-04trmiss0_degmodglobal,8,0.0001,0.0001,0.4,1.0,0.25,0.05,lr1e-04_bs8_drop0p4_temp1p0_a0p25_b0p05__wd1e-04trmiss0_degmodglobal,22,0.605399855545589,0.6948262751102448,0.5555555555555556,0.7167819834486502,0.46153846153846156,0.0,0.5226870562349047,0.5691555568150112,0.08964426549417633,0.27666488183396204,0.0,0.0,0.0,0.0,0.0,18473,global,0.0
2,4,lr1e-04_bs8_drop0p4_temp1p0_a0p25_b0p05__wd1e-04trmiss0_degmodglobal,8,0.0001,0.0001,0.4,1.0,0.25,0.05,lr1e-04_bs8_drop0p4_temp1p0_a0p25_b0p05__wd1e-04trmiss0_degmodglobal,23,0.5992546847888401,0.7070839107036591,0.5,0.6853005019671686,0.46153846153846156,0.0,0.5152180322578975,0.572673329285213,0.06824396231344768,0.19040731021336146,0.0,0.0,0.0,0.0,0.0,18473,global,0.0
2,4,lr1e-04_bs8_drop0p4_temp1p0_a0p25_b0p05__wd1e-04trmiss0_degmodglobal,8,0.0001,0.0001,0.4,1.0,0.25,0.05,lr1e-04_bs8_drop0p4_temp1p0_a0p25_b0p05__wd1e-04trmiss0_degmodglobal,24,0.6130751201084682,0.6981827616691589,0.5,0.6853005019671686,0.46153846153846156,0.0,0.5087168557303292,0.585804649761745,0.07443175943834442,0.17325082421302795,0.0,0.0,0.0,0.0,0.0,18473,global,0.0
2,4,lr1e-04_bs8_drop0p4_temp1p0_a0p25_b0p05__wd1e-04trmiss0_degmodglobal,8,0.0001,0.0001,0.4,1.0,0.25,0.05,lr1e-04_bs8_drop0p4_temp1p0_a0p25_b0p05__wd1e-04trmiss0_degmodglobal,25,0.6061536414282662,0.6924181878566742,0.5277777777777778,0.6917107583774251,0.5384615384615384,0.0,0.5315916282790047,0.5760118791035244,0.07461457220571381,0.22976223698684148,0.0,0.0,0.0,0.0,0.0,18473,global,0.0
2,4,lr1e-04_bs8_drop0p4_temp1p0_a0p25_b0p05__wd1e-04trmiss0_degmodglobal,8,0.0001,0.0001,0.4,1.0,0.25,0.05,lr1e-04_bs8_drop0p4_temp1p0_a0p25_b0p05__wd1e-04trmiss0_degmodglobal,26,0.582722008228302,0.688578873872757,0.5555555555555556,0.7083774250440917,0.5384615384615384,0.0,0.4916651206357138,0.5528215084757123,0.079459262745721,0.2007141610873597,0.0,0.0,0.0,0.0,0.0,18473,global,0.0
2,4,lr1e-04_bs8_drop0p4_temp1p0_a0p25_b0p05__wd1e-04trmiss0_degmodglobal,8,0.0001,0.0001,0.4,1.0,0.25,0.05,lr1e-04_bs8_drop0p4_temp1p0_a0p25_b0p05__wd1e-04trmiss0_degmodglobal,27,0.6461411203656878,0.696872889995575,0.5277777777777778,0.7019671686338353,0.46153846153846156,0.0,0.5288110588278089,0.6148514492171151,0.08233423797147614,0.21412221768072673,0.0,0.0,0.0,0.0,0.0,18473,global,0.0
2,4,lr1e-04_bs8_drop0p4_temp1p0_a0p25_b0p05__wd1e-04trmiss0_degmodglobal,8,0.0001,0.0001,0.4,1.0,0.25,0.05,lr1e-04_bs8_drop0p4_temp1p0_a0p25_b0p05__wd1e-04trmiss0_degmodglobal,28,0.581601219517844,0.69823357462883,0.4444444444444444,0.6482634649301315,0.46153846153846156,0.0,0.48109057545661926,0.5428553010736193,0.10068142254437719,0.2715115078857967,0.0,0.0,0.0,0.0,0.0,18473,global,0.0
2,4,lr1e-04_bs8_drop0p4_temp2p0_a0p25_b0p05__wd1e-04trmiss0_degmodglobal,8,0.0001,0.0001,0.4,2.0,0.25,0.05,lr1e-04_bs8_drop0p4_temp2p0_a0p25_b0p05__wd1e-04trmiss0_degmodglobal,1,0.7295269625527518,0.7114162147045135,0.3888888888888889,0.7152227402227402,0.46153846153846156,0.0,0.7120651517595563,0.7118192144802639,0.048891572813902585,0.10969688956226621,0.0,0.0,0.0,0.0,0.0,18473,global,0.0
2,4,lr1e-04_bs8_drop0p4_temp2p0_a0p25_b0p05__wd1e-04trmiss0_degmodglobal,8,0.0001,0.0001,0.4,2.0,0.25,0.05,lr1e-04_bs8_drop0p4_temp2p0_a0p25_b0p05__wd1e-04trmiss0_degmodglobal,2,0.7283212627683368,0.7038817405700684,0.4444444444444444,0.7269952269952271,0.46153846153846156,0.0,0.6822662012917655,0.7030432394572667,0.060627608959163935,0.20242250284978322,0.0,0.0,0.0,0.0,0.0,18473,global,0.0
2,4,lr1e-04_bs8_drop0p4_temp2p0_a0p25_b0p05__wd1e-04trmiss0_degmodglobal,8,0.0001,0.0001,0.4,2.0,0.25,0.05,lr1e-04_bs8_drop0p4_temp2p0_a0p25_b0p05__wd1e-04trmiss0_degmodglobal,3,0.6798600554466248,0.7149049043655396,0.3333333333333333,0.6926918760252094,0.46153846153846156,0.0,0.6681092296327863,0.6567520584378924,0.058845684464488714,0.16793138746704375,0.0,0.0,0.0,0.0,0.0,18473,global,0.0
2,4,lr1e-04_bs8_drop0p4_temp2p0_a0p25_b0p05__wd1e-04trmiss0_degmodglobal,8,0.0001,0.0001,0.4,2.0,0.25,0.05,lr1e-04_bs8_drop0p4_temp2p0_a0p25_b0p05__wd1e-04trmiss0_degmodglobal,4,0.6744955011776516,0.7130559682846069,0.3888888888888889,0.6621804121804122,0.46153846153846156,0.0,0.6342464429991586,0.6507604377610343,0.06207824870944023,0.16430998407304287,0.0,0.0,0.0,0.0,0.0,18473,global,0.0
2,4,lr1e-04_bs8_drop0p4_temp2p0_a0p25_b0p05__wd1e-04trmiss0_degmodglobal,8,0.0001,0.0001,0.4,2.0,0.25,0.05,lr1e-04_bs8_drop0p4_temp2p0_a0p25_b0p05__wd1e-04trmiss0_degmodglobal,5,0.6846621121679034,0.7157109975814819,0.3888888888888889,0.6621804121804122,0.46153846153846156,0.0,0.6242410966328212,0.662610616002764,0.048583614240799634,0.19811173581651279,0.0,0.0,0.0,0.0,0.0,18473,global,0.0
2,4,lr1e-04_bs8_drop0p4_temp2p0_a0p25_b0p05__wd1e-04trmiss0_degmodglobal,8,0.0001,0.0001,0.4,2.0,0.25,0.05,lr1e-04_bs8_drop0p4_temp2p0_a0p25_b0p05__wd1e-04trmiss0_degmodglobal,6,0.6436095663479396,0.7152062058448792,0.5,0.7113867613867615,0.46153846153846156,0.0,0.6362423130444118,0.6226408226149422,0.05831790130053248,0.1277856363781861,0.0,0.0,0.0,0.0,0.0,18473,global,0.0
2,4,lr1e-04_bs8_drop0p4_temp2p0_a0p25_b0p05__wd1e-04trmiss0_degmodglobal,8,0.0001,0.0001,0.4,2.0,0.25,0.05,lr1e-04_bs8_drop0p4_temp2p0_a0p25_b0p05__wd1e-04trmiss0_degmodglobal,7,0.6217878290585109,0.716552734375,0.5,0.7113867613867615,0.5384615384615384,0.0,0.6358597363744464,0.5926630326679775,0.07084851605551583,0.22825349867343903,0.0,0.0,0.0,0.0,0.0,18473,global,0.0
2,4,lr1e-04_bs8_drop0p4_temp2p0_a0p25_b0p05__wd1e-04trmiss0_degmodglobal,8,0.0001,0.0001,0.4,2.0,0.25,0.05,lr1e-04_bs8_drop0p4_temp2p0_a0p25_b0p05__wd1e-04trmiss0_degmodglobal,8,0.6468350972448077,0.7116571664810181,0.5277777777777778,0.7184574684574685,0.6923076923076923,0.0,0.6034134711538043,0.6157991886138916,0.07723624764808587,0.2345371608223234,0.0,0.0,0.0,0.0,0.0,18473,global,0.0
2,4,lr1e-04_bs8_drop0p4_temp2p0_a0p25_b0p05__wd1e-04trmiss0_degmodglobal,8,0.0001,0.0001,0.4,2.0,0.25,0.05,lr1e-04_bs8_drop0p4_temp2p0_a0p25_b0p05__wd1e-04trmiss0_degmodglobal,9,0.6401549662862506,0.7127523124217987,0.5277777777777778,0.7184574684574685,0.6153846153846154,0.0,0.6637744903564453,0.6190512946673802,0.05273958668112755,0.15837546757289342,0.0,0.0,0.0,0.0,0.0,18473,global,0.0
2,4,lr1e-04_bs8_drop0p4_temp2p0_a0p25_b0p05__wd1e-04trmiss0_degmodglobal,8,0.0001,0.0001,0.4,2.0,0.25,0.05,lr1e-04_bs8_drop0p4_temp2p0_a0p25_b0p05__wd1e-04trmiss0_degmodglobal,10,0.6082138674599784,0.7152259051799774,0.5,0.7113867613867615,0.6153846153846154,0.0,0.5664025459970746,0.5840361629213605,0.06465614480631691,0.16027317409004485,0.0,0.0,0.0,0.0,0.0,18473,global,0.0
2,4,lr1e-04_bs8_drop0p4_temp2p0_a0p25_b0p05__wd1e-04trmiss0_degmodglobal,8,0.0001,0.0001,0.4,2.0,0.25,0.05,lr1e-04_bs8_drop0p4_temp2p0_a0p25_b0p05__wd1e-04trmiss0_degmodglobal,11,0.5946741955620902,0.7154599130153656,0.5277777777777778,0.7184574684574685,0.6153846153846154,0.0,0.5765474779265267,0.5735595566885812,0.057952760585716794,0.13252899370023183,0.0,0.0,0.0,0.0,0.0,18473,global,0.0
2,4,lr1e-04_bs8_drop0p4_temp2p0_a0p25_b0p05__wd1e-04trmiss0_degmodglobal,8,0.0001,0.0001,0.4,2.0,0.25,0.05,lr1e-04_bs8_drop0p4_temp2p0_a0p25_b0p05__wd1e-04trmiss0_degmodglobal,12,0.6220851625714984,0.7152197659015656,0.5277777777777778,0.7184574684574685,0.5384615384615384,0.0,0.5870713676725116,0.5949598678520748,0.07568899063127381,0.16406083000557764,0.0,0.0,0.0,0.0,0.0,18473,global,0.0
2,4,lr1e-04_bs8_drop0p4_temp2p0_a0p25_b0p05__wd1e-04trmiss0_degmodglobal,8,0.0001,0.0001,0.4,2.0,0.25,0.05,lr1e-04_bs8_drop0p4_temp2p0_a0p25_b0p05__wd1e-04trmiss0_degmodglobal,13,0.6632567814418248,0.7270320951938629,0.5277777777777778,0.7184574684574685,0.6153846153846154,0.0,0.5940853187016079,0.6274397884096418,0.09006898158362933,0.26599485533578054,0.0,0.0,0.0,0.0,0.0,18473,global,0.0
2,4,lr1e-04_bs8_drop0p4_temp2p0_a0p25_b0p05__wd1e-04trmiss0_degmodglobal,8,0.0001,0.0001,0.4,2.0,0.25,0.05,lr1e-04_bs8_drop0p4_temp2p0_a0p25_b0p05__wd1e-04trmiss0_degmodglobal,14,0.5951897587094989,0.7427234351634979,0.41666666666666663,0.6714396714396715,0.46153846153846156,0.0,0.601173826626369,0.5692959768431527,0.06770319917372294,0.17935960314103536,0.0,0.0,0.0,0.0,0.0,18473,global,0.0
2,4,lr1e-04_bs8_drop0p4_temp2p0_a0p25_b0p05__wd1e-04trmiss0_degmodglobal,8,0.0001,0.0001,0.4,2.0,0.25,0.05,lr1e-04_bs8_drop0p4_temp2p0_a0p25_b0p05__wd1e-04trmiss0_degmodglobal,15,0.6166886176381793,0.7595265805721283,0.2777777777777778,0.6096671846671847,0.46153846153846156,0.0,0.5651930826050895,0.5880073308944702,0.07428358016269547,0.2022079335791724,0.0,0.0,0.0,0.0,0.0,18473,global,0.0
2,4,lr1e-04_bs8_drop0p4_temp2p0_a0p25_b0p05__wd1e-04trmiss0_degmodglobal,8,0.0001,0.0001,0.4,2.0,0.25,0.05,lr1e-04_bs8_drop0p4_temp2p0_a0p25_b0p05__wd1e-04trmiss0_degmodglobal,16,0.5823866554668972,0.7605710923671722,0.33333333333333337,0.626995226995227,0.46153846153846156,0.0,0.574993201664516,0.5569100379943848,0.06919951071696621,0.16353509175990308,0.0,0.0,0.0,0.0,0.0,18473,global,0.0
2,4,lr1e-04_bs8_drop0p4_temp2p0_a0p25_b0p05__wd1e-04trmiss0_degmodglobal,8,0.0001,0.0001,0.4,2.0,0.25,0.05,lr1e-04_bs8_drop0p4_temp2p0_a0p25_b0p05__wd1e-04trmiss0_degmodglobal,17,0.6251263788768223,0.7545205950737,0.36111111111111116,0.6455137455137455,0.46153846153846156,0.0,0.6148302044187274,0.5988468953541347,0.0687007914696421,0.18208583550793783,0.0,0.0,0.0,0.0,0.0,18473,global,0.0
2,4,lr1e-04_bs8_drop0p4_temp2p0_a0p25_b0p05__wd1e-04trmiss0_degmodglobal,8,0.0001,0.0001,0.4,2.0,0.25,0.05,lr1e-04_bs8_drop0p4_temp2p0_a0p25_b0p05__wd1e-04trmiss0_degmodglobal,18,0.5994215096746173,0.7484425902366638,0.36111111111111116,0.6455137455137455,0.5384615384615384,0.0,0.5374483721596854,0.5687057461057391,0.08113330442990575,0.20864873698779515,0.0,0.0,0.0,0.0,0.0,18473,global,0.0
2,4,lr1e-04_bs8_drop0p4_temp2p0_a0p25_b0p05__wd1e-04trmiss0_degmodglobal,8,0.0001,0.0001,0.4,2.0,0.25,0.05,lr1e-04_bs8_drop0p4_temp2p0_a0p25_b0p05__wd1e-04trmiss0_degmodglobal,19,0.6261007104601178,0.750024139881134,0.3611111111111111,0.6362544862544863,0.5384615384615384,0.0,0.5481286900384086,0.5949937445776803,0.08120385504194669,0.21611988650900976,0.0,0.0,0.0,0.0,0.0,18473,global,0.0
2,4,lr1e-04_bs8_drop0p4_temp2p0_a0p25_b0p05__wd1e-04trmiss0_degmodglobal,8,0.0001,0.0001,0.4,2.0,0.25,0.05,lr1e-04_bs8_drop0p4_temp2p0_a0p25_b0p05__wd1e-04trmiss0_degmodglobal,20,0.5719810128211975,0.7441602647304535,0.3611111111111111,0.6362544862544863,0.6153846153846154,0.0,0.5612486004829407,0.5469068033354623,0.06705420091748238,0.16621313776288713,0.0,0.0,0.0,0.0,0.0,18473,global,0.0
2,4,lr1e-04_bs8_drop0p4_temp2p0_a0p25_b0p05__wd1e-04trmiss0_degmodglobal,8,0.0001,0.0001,0.4,2.0,0.25,0.05,lr1e-04_bs8_drop0p4_temp2p0_a0p25_b0p05__wd1e-04trmiss0_degmodglobal,21,0.6246040633746556,0.7489220499992371,0.38888888888888884,0.6918100418100419,0.46153846153846156,0.0,0.5539794138499669,0.6025515369006565,0.06094905361533165,0.13630520233086177,0.0,0.0,0.0,0.0,0.0,18473,global,0.0
2,4,lr1e-04_bs8_drop0p4_temp2p0_a0p25_b0p05__wd1e-04trmiss0_degmodglobal,8,0.0001,0.0001,0.4,2.0,0.25,0.05,lr1e-04_bs8_drop0p4_temp2p0_a0p25_b0p05__wd1e-04trmiss0_degmodglobal,22,0.5772257276943752,0.7402191460132599,0.33333333333333337,0.6355931105931106,0.5384615384615384,0.0,0.539941166128431,0.5429068420614515,0.10296421923807689,0.17155633281384194,0.0,0.0,0.0,0.0,0.0,18473,global,0.0
2,4,lr1e-04_bs8_drop0p4_temp2p0_a0p25_b0p05__wd1e-04trmiss0_degmodglobal,8,0.0001,0.0001,0.4,2.0,0.25,0.05,lr1e-04_bs8_drop0p4_temp2p0_a0p25_b0p05__wd1e-04trmiss0_degmodglobal,23,0.5969131674085345,0.733001172542572,0.36111111111111116,0.6426638176638176,0.5384615384615384,0.0,0.5666281666074481,0.5691042116710118,0.07102426301155772,0.20105822277920588,0.0,0.0,0.0,0.0,0.0,18473,global,0.0
2,4,lr1e-04_bs8_drop0p4_temp2p0_a0p25_b0p05__wd1e-04trmiss0_degmodglobal,8,0.0001,0.0001,0.4,2.0,0.25,0.05,lr1e-04_bs8_drop0p4_temp2p0_a0p25_b0p05__wd1e-04trmiss0_degmodglobal,24,0.5791847961289542,0.7310234904289246,0.3888888888888889,0.6982193732193731,0.5384615384615384,0.0,0.5419831659112658,0.5518064754349845,0.07170324666159493,0.1890503748186997,0.0,0.0,0.0,0.0,0.0,18473,global,0.0
2,4,lr1e-04_bs8_drop0p4_temp2p0_a0p25_b0p05__wd1e-04trmiss0_degmodglobal,8,0.0001,0.0001,0.4,2.0,0.25,0.05,lr1e-04_bs8_drop0p4_temp2p0_a0p25_b0p05__wd1e-04trmiss0_degmodglobal,25,0.5713363630431039,0.7371043860912323,0.4166666666666667,0.7352564102564103,0.5384615384615384,0.0,0.5083104542323521,0.5445735156536102,0.06986858136951923,0.18591386079788208,0.0,0.0,0.0,0.0,0.0,18473,global,0.0
2,4,lr1e-04_bs8_drop0p4_temp2p0_a0p25_b0p05__wd1e-04trmiss0_degmodglobal,8,0.0001,0.0001,0.4,2.0,0.25,0.05,lr1e-04_bs8_drop0p4_temp2p0_a0p25_b0p05__wd1e-04trmiss0_degmodglobal,26,0.559869110584259,0.7366212010383606,0.3888888888888889,0.6982193732193731,0.5384615384615384,0.0,0.5479632360594613,0.5337571799755096,0.06980608882648605,0.17320780668939864,0.0,0.0,0.0,0.0,0.0,18473,global,0.0
2,4,lr1e-04_bs8_drop0p4_temp2p0_a0p25_b0p05__wd1e-04trmiss0_degmodglobal,8,0.0001,0.0001,0.4,2.0,0.25,0.05,lr1e-04_bs8_drop0p4_temp2p0_a0p25_b0p05__wd1e-04trmiss0_degmodglobal,27,0.5703742589269366,0.7399196028709412,0.3888888888888889,0.7246743996743996,0.5384615384615384,0.0,0.5156288274696895,0.5428180609430585,0.0798441826232842,0.15190293054495538,0.0,0.0,0.0,0.0,0.0,18473,global,0.0
2,4,lr1e-04_bs8_drop0p4_temp2p0_a0p25_b0p05__wd1e-04trmiss0_degmodglobal,8,0.0001,0.0001,0.4,2.0,0.25,0.05,lr1e-04_bs8_drop0p4_temp2p0_a0p25_b0p05__wd1e-04trmiss0_degmodglobal,28,0.5690184661320278,0.7502692937850952,0.3611111111111111,0.6876373626373626,0.46153846153846156,0.0,0.5281579920223781,0.5449547682489667,0.06884565470474106,0.13704558089375496,0.0,0.0,0.0,0.0,0.0,18473,global,0.0
2,4,lr5e-05_bs8_drop0p2_temp1p0_a0p25_b0p05__wd1e-04trmiss0_degmodglobal,8,5e-05,0.0001,0.2,1.0,0.25,0.05,lr5e-05_bs8_drop0p2_temp1p0_a0p25_b0p05__wd1e-04trmiss0_degmodglobal,1,0.714239810194288,0.6975497603416443,0.2777777777777778,0.585966810966811,0.6153846153846154,0.0,0.7213779602731977,0.7036431687218803,0.02588563784956932,0.08250436985066958,0.0,0.0,0.0,0.0,0.0,18473,global,0.0
2,4,lr5e-05_bs8_drop0p2_temp1p0_a0p25_b0p05__wd1e-04trmiss0_degmodglobal,8,5e-05,0.0001,0.2,1.0,0.25,0.05,lr5e-05_bs8_drop0p2_temp1p0_a0p25_b0p05__wd1e-04trmiss0_degmodglobal,2,0.6773753932544163,0.7137600779533386,0.2777777777777778,0.585966810966811,0.23076923076923078,0.0,0.7068705218178886,0.6651935236794608,0.030744845047593117,0.0899128285901887,0.0,0.0,0.0,0.0,0.0,18473,global,0.0
2,4,lr5e-05_bs8_drop0p2_temp1p0_a0p25_b0p05__wd1e-04trmiss0_degmodglobal,8,5e-05,0.0001,0.2,1.0,0.25,0.05,lr5e-05_bs8_drop0p2_temp1p0_a0p25_b0p05__wd1e-04trmiss0_degmodglobal,3,0.6764388169561114,0.7264613807201385,0.3055555555555556,0.6044853294853295,0.23076923076923078,0.0,0.6970734170504979,0.6642682892935616,0.03128270831491266,0.08699727058410645,0.0,0.0,0.0,0.0,0.0,18473,global,0.0
2,4,lr5e-05_bs8_drop0p2_temp1p0_a0p25_b0p05__wd1e-04trmiss0_degmodglobal,8,5e-05,0.0001,0.2,1.0,0.25,0.05,lr5e-05_bs8_drop0p2_temp1p0_a0p25_b0p05__wd1e-04trmiss0_degmodglobal,4,0.659980160849435,0.7327843010425568,0.2777777777777778,0.585966810966811,0.23076923076923078,0.0,0.6829682844025748,0.6481624160494123,0.029965727190886225,0.0865263704742704,0.0,0.0,0.0,0.0,0.0,18473,global,0.0
2,4,lr5e-05_bs8_drop0p2_temp1p0_a0p25_b0p05__wd1e-04trmiss0_degmodglobal,8,5e-05,0.0001,0.2,1.0,0.25,0.05,lr5e-05_bs8_drop0p2_temp1p0_a0p25_b0p05__wd1e-04trmiss0_degmodglobal,5,0.6321757520948138,0.7325849831104279,0.2777777777777778,0.585966810966811,0.23076923076923078,0.0,0.6757280911718097,0.6201388239860535,0.028872851548450335,0.09637456759810448,0.0,0.0,0.0,0.0,0.0,18473,global,0.0
2,4,lr5e-05_bs8_drop0p2_temp1p0_a0p25_b0p05__wd1e-04trmiss0_degmodglobal,8,5e-05,0.0001,0.2,1.0,0.25,0.05,lr5e-05_bs8_drop0p2_temp1p0_a0p25_b0p05__wd1e-04trmiss0_degmodglobal,6,0.6188334482056754,0.7688919007778168,0.19444444444444445,0.5768629518629519,0.23076923076923078,0.0,0.6666699818202427,0.6073392970221383,0.027464903624994413,0.09255854226648808,0.0,0.0,0.0,0.0,0.0,18473,global,0.0
2,4,lr5e-05_bs8_drop0p2_temp1p0_a0p25_b0p05__wd1e-04trmiss0_degmodglobal,8,5e-05,0.0001,0.2,1.0,0.25,0.05,lr5e-05_bs8_drop0p2_temp1p0_a0p25_b0p05__wd1e-04trmiss0_degmodglobal,7,0.6297289473669869,0.7893023788928986,0.16666666666666669,0.5723215056548391,0.3076923076923077,0.0,0.6486279964447021,0.6172560283115932,0.032033478042909076,0.08929097812090601,0.0,0.0,0.0,0.0,0.0,18473,global,0.0
2,4,lr5e-05_bs8_drop0p2_temp1p0_a0p25_b0p05__wd1e-04trmiss0_degmodglobal,8,5e-05,0.0001,0.2,1.0,0.25,0.05,lr5e-05_bs8_drop0p2_temp1p0_a0p25_b0p05__wd1e-04trmiss0_degmodglobal,8,0.6165527956826347,0.7722932994365692,0.2222222222222222,0.5987765321098655,0.23076923076923078,0.0,0.6210709810256958,0.6033222505024501,0.03166355884500912,0.10629275973354067,0.0,0.0,0.0,0.0,0.0,18473,global,0.0
2,4,lr5e-05_bs8_drop0p2_temp1p0_a0p25_b0p05__wd1e-04trmiss0_degmodglobal,8,5e-05,0.0001,0.2,1.0,0.25,0.05,lr5e-05_bs8_drop0p2_temp1p0_a0p25_b0p05__wd1e-04trmiss0_degmodglobal,9,0.619143179484776,0.7611990571022034,0.2777777777777778,0.613899988899989,0.23076923076923078,0.0,0.6265226517404828,0.6075635807854789,0.02824328201157706,0.09037549421191216,0.0,0.0,0.0,0.0,0.0,18473,global,0.0
2,4,lr5e-05_bs8_drop0p2_temp1p0_a0p25_b0p05__wd1e-04trmiss0_degmodglobal,8,5e-05,0.0001,0.2,1.0,0.25,0.05,lr5e-05_bs8_drop0p2_temp1p0_a0p25_b0p05__wd1e-04trmiss0_degmodglobal,10,0.6228185721806118,0.7574463188648224,0.16666666666666666,0.5564925814925815,0.23076923076923078,0.0,0.6257911835397992,0.612385664667402,0.02767896918313844,0.0702633298933506,0.0,0.0,0.0,0.0,0.0,18473,global,0.0
2,4,lr5e-05_bs8_drop0p2_temp1p0_a0p25_b0p05__wd1e-04trmiss0_degmodglobal,8,5e-05,0.0001,0.2,1.0,0.25,0.05,lr5e-05_bs8_drop0p2_temp1p0_a0p25_b0p05__wd1e-04trmiss0_degmodglobal,11,0.6064420001847404,0.7435369193553925,0.2222222222222222,0.5702972952972952,0.3076923076923077,0.0,0.6137348583766392,0.5952560305595398,0.027869109862617085,0.08437379289950643,0.0,0.0,0.0,0.0,0.0,18473,global,0.0
2,4,lr5e-05_bs8_drop0p2_temp1p0_a0p25_b0p05__wd1e-04trmiss0_degmodglobal,8,5e-05,0.0001,0.2,1.0,0.25,0.05,lr5e-05_bs8_drop0p2_temp1p0_a0p25_b0p05__wd1e-04trmiss0_degmodglobal,12,0.6007969805172512,0.7267467677593231,0.25,0.5767075517075517,0.38461538461538464,0.0,0.6145929779325213,0.5877857974597386,0.03515747349177088,0.0844366688813482,0.0,0.0,0.0,0.0,0.0,18473,global,0.0
2,4,lr5e-05_bs8_drop0p2_temp1p0_a0p25_b0p05__wd1e-04trmiss0_degmodglobal,8,5e-05,0.0001,0.2,1.0,0.25,0.05,lr5e-05_bs8_drop0p2_temp1p0_a0p25_b0p05__wd1e-04trmiss0_degmodglobal,13,0.6045326931135995,0.7296145856380463,0.25,0.5767075517075517,0.46153846153846156,0.0,0.6097456301961627,0.5932131069047111,0.031173395791224072,0.07052481121250562,0.0,0.0,0.0,0.0,0.0,18473,global,0.0
2,4,lr5e-05_bs8_drop0p2_temp1p0_a0p25_b0p05__wd1e-04trmiss0_degmodglobal,8,5e-05,0.0001,0.2,1.0,0.25,0.05,lr5e-05_bs8_drop0p2_temp1p0_a0p25_b0p05__wd1e-04trmiss0_degmodglobal,14,0.5977821094649178,0.7534732520580292,0.2222222222222222,0.5702972952972952,0.3076923076923077,0.0,0.5858162556375776,0.5845970255987984,0.03300197994602578,0.09869153531534332,0.0,0.0,0.0,0.0,0.0,18473,global,0.0
2,4,lr5e-05_bs8_drop0p2_temp1p0_a0p25_b0p05__wd1e-04trmiss0_degmodglobal,8,5e-05,0.0001,0.2,1.0,0.25,0.05,lr5e-05_bs8_drop0p2_temp1p0_a0p25_b0p05__wd1e-04trmiss0_degmodglobal,15,0.5931604334286281,0.7636515498161316,0.25,0.5913410663410663,0.23076923076923078,0.0,0.5880546058927264,0.5789502944265094,0.03875155321189335,0.09044523750032697,0.0,0.0,0.0,0.0,0.0,18473,global,0.0
2,4,lr5e-05_bs8_drop0p2_temp1p0_a0p25_b0p05__wd1e-04trmiss0_degmodglobal,8,5e-05,0.0001,0.2,1.0,0.25,0.05,lr5e-05_bs8_drop0p2_temp1p0_a0p25_b0p05__wd1e-04trmiss0_degmodglobal,16,0.6180618916239057,0.7569715082645416,0.25,0.5913410663410663,0.23076923076923078,0.0,0.6107033235686166,0.6071963395391192,0.027591499499976635,0.07935329845973424,0.0,0.0,0.0,0.0,0.0,18473,global,0.0
2,4,lr5e-05_bs8_drop0p2_temp1p0_a0p25_b0p05__wd1e-04trmiss0_degmodglobal,8,5e-05,0.0001,0.2,1.0,0.25,0.05,lr5e-05_bs8_drop0p2_temp1p0_a0p25_b0p05__wd1e-04trmiss0_degmodglobal,17,0.6011366077831813,0.7533302009105682,0.2222222222222222,0.5728225478225477,0.3076923076923077,0.0,0.5874561156545367,0.5873136179787772,0.03778173588216305,0.08755131119063922,0.0,0.0,0.0,0.0,0.0,18473,global,0.0
2,4,lr5e-05_bs8_drop0p2_temp1p0_a0p25_b0p05__wd1e-04trmiss0_degmodglobal,8,5e-05,0.0001,0.2,1.0,0.25,0.05,lr5e-05_bs8_drop0p2_temp1p0_a0p25_b0p05__wd1e-04trmiss0_degmodglobal,18,0.5627840672220502,0.7523137927055359,0.25,0.5913410663410663,0.3076923076923077,0.0,0.5610819118363517,0.5478196953024183,0.03765992900090558,0.11098795863134521,0.0,0.0,0.0,0.0,0.0,18473,global,0.0
2,4,lr5e-05_bs8_drop0p2_temp1p0_a0p25_b0p05__wd1e-04trmiss0_degmodglobal,8,5e-05,0.0001,0.2,1.0,0.25,0.05,lr5e-05_bs8_drop0p2_temp1p0_a0p25_b0p05__wd1e-04trmiss0_degmodglobal,19,0.614574636731829,0.7595237493515015,0.25,0.5913410663410663,0.23076923076923078,0.0,0.5807738729885646,0.598525162254061,0.03907543607056141,0.12561216298490763,0.0,0.0,0.0,0.0,0.0,18473,global,0.0
2,4,lr5e-05_bs8_drop0p2_temp1p0_a0p25_b0p05__wd1e-04trmiss0_degmodglobal,8,5e-05,0.0001,0.2,1.0,0.25,0.05,lr5e-05_bs8_drop0p2_temp1p0_a0p25_b0p05__wd1e-04trmiss0_degmodglobal,20,0.6072956068175179,0.7637692987918854,0.25,0.5913410663410663,0.23076923076923078,0.0,0.5832155517169407,0.5918854985918317,0.03852026803152902,0.11560058753405299,0.0,0.0,0.0,0.0,0.0,18473,global,0.0
2,4,lr5e-05_bs8_drop0p2_temp1p0_a0p25_b0p05__wd1e-04trmiss0_degmodglobal,8,5e-05,0.0001,0.2,1.0,0.25,0.05,lr5e-05_bs8_drop0p2_temp1p0_a0p25_b0p05__wd1e-04trmiss0_degmodglobal,21,0.5687430671283177,0.7648627758026123,0.2222222222222222,0.5879740629740631,0.23076923076923078,0.0,0.5514405625207084,0.5540775486401149,0.03887892008892128,0.09891597075121743,0.0,0.0,0.0,0.0,0.0,18473,global,0.0
2,4,lr5e-05_bs8_drop0p2_temp1p0_a0p25_b0p05__wd1e-04trmiss0_degmodglobal,8,5e-05,0.0001,0.2,1.0,0.25,0.05,lr5e-05_bs8_drop0p2_temp1p0_a0p25_b0p05__wd1e-04trmiss0_degmodglobal,22,0.5661188874925885,0.7678202092647552,0.25,0.6064925814925816,0.23076923076923078,0.0,0.5415679599557605,0.5455870202609471,0.053327347551073344,0.14400068670511246,0.0,0.0,0.0,0.0,0.0,18473,global,0.0
2,4,lr5e-05_bs8_drop0p2_temp1p0_a0p25_b0p05__wd1e-04trmiss0_degmodglobal,8,5e-05,0.0001,0.2,1.0,0.25,0.05,lr5e-05_bs8_drop0p2_temp1p0_a0p25_b0p05__wd1e-04trmiss0_degmodglobal,23,0.5644110781805856,0.7716474235057831,0.2222222222222222,0.5879740629740631,0.23076923076923078,0.0,0.5595799854823521,0.5484923124313354,0.041297386799539836,0.11188879928418569,0.0,0.0,0.0,0.0,0.0,18473,global,0.0
2,4,lr5e-05_bs8_drop0p2_temp1p0_a0p25_b0p05__wd1e-04trmiss0_degmodglobal,8,5e-05,0.0001,0.2,1.0,0.25,0.05,lr5e-05_bs8_drop0p2_temp1p0_a0p25_b0p05__wd1e-04trmiss0_degmodglobal,24,0.5665880015918187,0.7665975391864777,0.19444444444444445,0.5768629518629519,0.23076923076923078,0.0,0.5604563696043832,0.5498369591576713,0.043538618832826614,0.11732790246605873,0.0,0.0,0.0,0.0,0.0,18473,global,0.0
2,4,lr5e-05_bs8_drop0p2_temp1p0_a0p25_b0p05__wd1e-04trmiss0_degmodglobal,8,5e-05,0.0001,0.2,1.0,0.25,0.05,lr5e-05_bs8_drop0p2_temp1p0_a0p25_b0p05__wd1e-04trmiss0_degmodglobal,25,0.578178984778268,0.7644551396369934,0.2222222222222222,0.5879740629740631,0.23076923076923078,0.0,0.515193006822041,0.5562719404697418,0.05405345080154283,0.16787369017090117,0.0,0.0,0.0,0.0,0.0,18473,global,0.0
2,4,lr5e-05_bs8_drop0p2_temp2p0_a0p25_b0p05__wd1e-04trmiss0_degmodglobal,8,5e-05,0.0001,0.2,2.0,0.25,0.05,lr5e-05_bs8_drop0p2_temp2p0_a0p25_b0p05__wd1e-04trmiss0_degmodglobal,1,0.724161582333701,0.6878615915775299,0.5,0.7428451178451179,0.5384615384615384,0.0,0.6642310959952218,0.7049241236277989,0.042241036891937256,0.17354425575051988,0.0,0.0,0.0,0.0,0.0,18473,global,0.0
2,4,lr5e-05_bs8_drop0p2_temp2p0_a0p25_b0p05__wd1e-04trmiss0_degmodglobal,8,5e-05,0.0001,0.2,2.0,0.25,0.05,lr5e-05_bs8_drop0p2_temp2p0_a0p25_b0p05__wd1e-04trmiss0_degmodglobal,2,0.7077391828809466,0.6945509016513824,0.5,0.7428451178451179,0.46153846153846156,0.0,0.6320707627705165,0.691978999546596,0.036618816533258984,0.1321095430425235,0.0,0.0,0.0,0.0,0.0,18473,global,0.0
2,4,lr5e-05_bs8_drop0p2_temp2p0_a0p25_b0p05__wd1e-04trmiss0_degmodglobal,8,5e-05,0.0001,0.2,2.0,0.25,0.05,lr5e-05_bs8_drop0p2_temp2p0_a0p25_b0p05__wd1e-04trmiss0_degmodglobal,3,0.6880411165101188,0.6893801391124725,0.5,0.7428451178451179,0.5384615384615384,0.0,0.6301670925957816,0.6650642326899937,0.05283305048942566,0.19537257190261567,0.0,0.0,0.0,0.0,0.0,18473,global,0.0
2,4,lr5e-05_bs8_drop0p2_temp2p0_a0p25_b0p05__wd1e-04trmiss0_degmodglobal,8,5e-05,0.0001,0.2,2.0,0.25,0.05,lr5e-05_bs8_drop0p2_temp2p0_a0p25_b0p05__wd1e-04trmiss0_degmodglobal,4,0.6633507864815849,0.6902118623256683,0.5277777777777778,0.7798821548821548,0.5384615384615384,0.0,0.6315253973007202,0.6472011123384748,0.036333227796213965,0.1413273529282638,0.0,0.0,0.0,0.0,0.0,18473,global,0.0
2,4,lr5e-05_bs8_drop0p2_temp2p0_a0p25_b0p05__wd1e-04trmiss0_degmodglobal,8,5e-05,0.0001,0.2,2.0,0.25,0.05,lr5e-05_bs8_drop0p2_temp2p0_a0p25_b0p05__wd1e-04trmiss0_degmodglobal,5,0.6667601210730416,0.7253125905990601,0.36111111111111105,0.6388158138158138,0.38461538461538464,0.0,0.6108046003750393,0.652800806931087,0.03270107800407069,0.11568109158958707,0.0,0.0,0.0,0.0,0.0,18473,global,0.0
2,4,lr5e-05_bs8_drop0p2_temp2p0_a0p25_b0p05__wd1e-04trmiss0_degmodglobal,8,5e-05,0.0001,0.2,2.0,0.25,0.05,lr5e-05_bs8_drop0p2_temp2p0_a0p25_b0p05__wd1e-04trmiss0_degmodglobal,6,0.6532089710235596,0.7334558367729187,0.41666666666666663,0.6593184593184593,0.46153846153846156,0.0,0.57734272309712,0.6371503557477679,0.03960415880594935,0.1231515503355435,0.0,0.0,0.0,0.0,0.0,18473,global,0.0
2,4,lr5e-05_bs8_drop0p2_temp2p0_a0p25_b0p05__wd1e-04trmiss0_degmodglobal,8,5e-05,0.0001,0.2,2.0,0.25,0.05,lr5e-05_bs8_drop0p2_temp2p0_a0p25_b0p05__wd1e-04trmiss0_degmodglobal,7,0.6315869433539254,0.7426102161407471,0.49999999999999994,0.7000592000592001,0.46153846153846156,0.0,0.5711254903248378,0.61873802116939,0.028894634119101932,0.11250514962843486,0.0,0.0,0.0,0.0,0.0,18473,global,0.0
2,4,lr5e-05_bs8_drop0p2_temp2p0_a0p25_b0p05__wd1e-04trmiss0_degmodglobal,8,5e-05,0.0001,0.2,2.0,0.25,0.05,lr5e-05_bs8_drop0p2_temp2p0_a0p25_b0p05__wd1e-04trmiss0_degmodglobal,8,0.6554724488939557,0.7488598525524139,0.4444444444444444,0.6685777185777186,0.46153846153846156,0.0,0.5678442120552063,0.6374063832419259,0.040375717250364165,0.159442595073155,0.0,0.0,0.0,0.0,0.0,18473,global,0.0
2,4,lr5e-05_bs8_drop0p2_temp2p0_a0p25_b0p05__wd1e-04trmiss0_degmodglobal,8,5e-05,0.0001,0.2,2.0,0.25,0.05,lr5e-05_bs8_drop0p2_temp2p0_a0p25_b0p05__wd1e-04trmiss0_degmodglobal,9,0.6240542531013489,0.7516787648200989,0.4444444444444444,0.6685777185777186,0.38461538461538464,0.0,0.5484125188418797,0.6011933088302612,0.058496633278472085,0.1647356344120843,0.0,0.0,0.0,0.0,0.0,18473,global,0.0
2,4,lr5e-05_bs8_drop0p2_temp2p0_a0p25_b0p05__wd1e-04trmiss0_degmodglobal,8,5e-05,0.0001,0.2,2.0,0.25,0.05,lr5e-05_bs8_drop0p2_temp2p0_a0p25_b0p05__wd1e-04trmiss0_degmodglobal,10,0.6276215996061053,0.7499370872974396,0.47222222222222215,0.6852443852443852,0.38461538461538464,0.0,0.5566852901663099,0.602258460862296,0.06031201779842377,0.20570278327379907,0.0,0.0,0.0,0.0,0.0,18473,global,0.0
2,4,lr5e-05_bs8_drop0p2_temp2p0_a0p25_b0p05__wd1e-04trmiss0_degmodglobal,8,5e-05,0.0001,0.2,2.0,0.25,0.05,lr5e-05_bs8_drop0p2_temp2p0_a0p25_b0p05__wd1e-04trmiss0_degmodglobal,11,0.6391105992453439,0.7482822239398956,0.4444444444444444,0.6759851259851261,0.38461538461538464,0.0,0.5871026686259678,0.620293779032571,0.04816469656569617,0.13551302679947444,0.0,0.0,0.0,0.0,0.0,18473,global,0.0
2,4,lr5e-05_bs8_drop0p2_temp2p0_a0p25_b0p05__wd1e-04trmiss0_degmodglobal,8,5e-05,0.0001,0.2,2.0,0.25,0.05,lr5e-05_bs8_drop0p2_temp2p0_a0p25_b0p05__wd1e-04trmiss0_degmodglobal,12,0.6327363082340786,0.7505379319190979,0.4444444444444444,0.6759851259851261,0.38461538461538464,0.0,0.5443938033921378,0.6114795207977295,0.05302068724163941,0.16003253310918808,0.0,0.0,0.0,0.0,0.0,18473,global,0.0
2,4,lr5e-05_bs8_drop0p2_temp2p0_a0p25_b0p05__wd1e-04trmiss0_degmodglobal,8,5e-05,0.0001,0.2,2.0,0.25,0.05,lr5e-05_bs8_drop0p2_temp2p0_a0p25_b0p05__wd1e-04trmiss0_degmodglobal,13,0.6067805119923183,0.7382790446281433,0.41666666666666663,0.6660644910644911,0.46153846153846156,0.0,0.5468542490686689,0.585713871887752,0.05134616818811212,0.1646018358213561,0.0,0.0,0.0,0.0,0.0,18473,global,0.0
2,4,lr5e-05_bs8_drop0p2_temp2p0_a0p25_b0p05__wd1e-04trmiss0_degmodglobal,8,5e-05,0.0001,0.2,2.0,0.25,0.05,lr5e-05_bs8_drop0p2_temp2p0_a0p25_b0p05__wd1e-04trmiss0_degmodglobal,14,0.6345422863960266,0.7378136515617371,0.41666666666666663,0.6741452991452992,0.46153846153846156,0.0,0.5582359560898372,0.6101515378270831,0.05849953687616757,0.19531779842717306,0.0,0.0,0.0,0.0,0.0,18473,global,0.0
2,4,lr5e-05_bs8_drop0p2_temp2p0_a0p25_b0p05__wd1e-04trmiss0_degmodglobal,8,5e-05,0.0001,0.2,2.0,0.25,0.05,lr5e-05_bs8_drop0p2_temp2p0_a0p25_b0p05__wd1e-04trmiss0_degmodglobal,15,0.6053431630134583,0.7366144955158234,0.4444444444444444,0.6808793058793059,0.46153846153846156,0.0,0.5457670092582703,0.5867834261485508,0.04895911951150213,0.12639887098755156,0.0,0.0,0.0,0.0,0.0,18473,global,0.0
2,4,lr5e-05_bs8_drop0p2_temp2p0_a0p25_b0p05__wd1e-04trmiss0_degmodglobal,8,5e-05,0.0001,0.2,2.0,0.25,0.05,lr5e-05_bs8_drop0p2_temp2p0_a0p25_b0p05__wd1e-04trmiss0_degmodglobal,16,0.6282161218779427,0.733875036239624,0.4722222222222222,0.6907999407999409,0.46153846153846156,0.0,0.5425143837928772,0.607844957283565,0.052105766854115894,0.14689415373972484,0.0,0.0,0.0,0.0,0.0,18473,global,0.0
2,4,lr5e-05_bs8_drop0p2_temp2p0_a0p25_b0p05__wd1e-04trmiss0_degmodglobal,8,5e-05,0.0001,0.2,2.0,0.25,0.05,lr5e-05_bs8_drop0p2_temp2p0_a0p25_b0p05__wd1e-04trmiss0_degmodglobal,17,0.6009895631245205,0.7361907958984375,0.41666666666666663,0.6741452991452992,0.46153846153846156,0.0,0.5213149573121753,0.5796918783869062,0.054684498480388095,0.15253102513296263,0.0,0.0,0.0,0.0,0.0,18473,global,0.0
2,4,lr5e-05_bs8_drop0p2_temp2p0_a0p25_b0p05__wd1e-04trmiss0_degmodglobal,8,5e-05,0.0001,0.2,2.0,0.25,0.05,lr5e-05_bs8_drop0p2_temp2p0_a0p25_b0p05__wd1e-04trmiss0_degmodglobal,18,0.6071621179580688,0.7381065785884857,0.41666666666666663,0.6741452991452992,0.46153846153846156,0.0,0.5236427145344871,0.5881651554788861,0.04698855908853667,0.1449964897973197,0.0,0.0,0.0,0.0,0.0,18473,global,0.0
2,4,lr5e-05_bs8_drop0p2_temp2p0_a0p25_b0p05__wd1e-04trmiss0_degmodglobal,8,5e-05,0.0001,0.2,2.0,0.25,0.05,lr5e-05_bs8_drop0p2_temp2p0_a0p25_b0p05__wd1e-04trmiss0_degmodglobal,19,0.638517609664372,0.7506304085254669,0.38888888888888884,0.6670745920745921,0.46153846153846156,0.0,0.5447685505662646,0.6170511075428554,0.05187945493630001,0.16993262725217,0.0,0.0,0.0,0.0,0.0,18473,global,0.0
2,4,lr5e-05_bs8_drop0p2_temp2p0_a0p25_b0p05__wd1e-04trmiss0_degmodglobal,8,5e-05,0.0001,0.2,2.0,0.25,0.05,lr5e-05_bs8_drop0p2_temp2p0_a0p25_b0p05__wd1e-04trmiss0_degmodglobal,20,0.6205735206604004,0.7522739768028259,0.38888888888888884,0.6670745920745921,0.46153846153846156,0.0,0.5362580503736224,0.6016907691955566,0.046478559130004475,0.14526211896112987,0.0,0.0,0.0,0.0,0.0,18473,global,0.0
2,4,lr5e-05_bs8_drop0p2_temp2p0_a0p25_b0p05__wd1e-04trmiss0_degmodglobal,8,5e-05,0.0001,0.2,2.0,0.25,0.05,lr5e-05_bs8_drop0p2_temp2p0_a0p25_b0p05__wd1e-04trmiss0_degmodglobal,21,0.6250126787594387,0.7544386088848114,0.38888888888888884,0.6670745920745921,0.5384615384615384,0.0,0.5236182042530605,0.6001307964324951,0.06456680223345757,0.17480371786015375,0.0,0.0,0.0,0.0,0.0,18473,global,0.0
2,4,lr5e-05_bs8_drop0p2_temp2p0_a0p25_b0p05__wd1e-04trmiss0_degmodglobal,8,5e-05,0.0001,0.2,2.0,0.25,0.05,lr5e-05_bs8_drop0p2_temp2p0_a0p25_b0p05__wd1e-04trmiss0_degmodglobal,22,0.6111489023481097,0.7612175345420837,0.3611111111111111,0.6596671846671848,0.5384615384615384,0.0,0.51195570400783,0.5884891067232404,0.05872866564563343,0.15955276574407304,0.0,0.0,0.0,0.0,0.0,18473,global,0.0
2,4,lr5e-05_bs8_drop0p2_temp2p0_a0p25_b0p05__wd1e-04trmiss0_degmodglobal,8,5e-05,0.0001,0.2,2.0,0.25,0.05,lr5e-05_bs8_drop0p2_temp2p0_a0p25_b0p05__wd1e-04trmiss0_degmodglobal,23,0.6111682227679661,0.7667329907417297,0.3333333333333333,0.6519511352844687,0.5384615384615384,0.0,0.49407918538366047,0.5825500317982265,0.07487370712416512,0.19799537530967168,0.0,0.0,0.0,0.0,0.0,18473,global,0.0
2,4,lr5e-05_bs8_drop0p2_temp2p0_a0p25_b0p05__wd1e-04trmiss0_degmodglobal,8,5e-05,0.0001,0.2,2.0,0.25,0.05,lr5e-05_bs8_drop0p2_temp2p0_a0p25_b0p05__wd1e-04trmiss0_degmodglobal,24,0.6130370838301522,0.7598800659179688,0.3333333333333333,0.6519511352844687,0.5384615384615384,0.0,0.5063915976456234,0.5798064981188092,0.08666558696755342,0.23128381477934973,0.0,0.0,0.0,0.0,0.0,18473,global,0.0
2,4,lr5e-05_bs8_drop0p2_temp2p0_a0p25_b0p05__wd1e-04trmiss0_degmodglobal,8,5e-05,0.0001,0.2,2.0,0.25,0.05,lr5e-05_bs8_drop0p2_temp2p0_a0p25_b0p05__wd1e-04trmiss0_degmodglobal,25,0.6124647855758667,0.756298840045929,0.3333333333333333,0.6519511352844687,0.5384615384615384,0.0,0.5207718312740326,0.5819751109395709,0.07825923551406179,0.2184973391039031,0.0,0.0,0.0,0.0,0.0,18473,global,0.0
2,4,lr5e-05_bs8_drop0p2_temp2p0_a0p25_b0p05__wd1e-04trmiss0_degmodglobal,8,5e-05,0.0001,0.2,2.0,0.25,0.05,lr5e-05_bs8_drop0p2_temp2p0_a0p25_b0p05__wd1e-04trmiss0_degmodglobal,26,0.617954398904528,0.763789027929306,0.3333333333333333,0.6519511352844687,0.5384615384615384,0.0,0.48457007322992596,0.5829725776399884,0.08886014510478292,0.2553357162645885,0.0,0.0,0.0,0.0,0.0,18473,global,0.0
2,4,lr5e-05_bs8_drop0p2_temp2p0_a0p25_b0p05__wd1e-04trmiss0_degmodglobal,8,5e-05,0.0001,0.2,2.0,0.25,0.05,lr5e-05_bs8_drop0p2_temp2p0_a0p25_b0p05__wd1e-04trmiss0_degmodglobal,27,0.5886168735367912,0.7699774205684662,0.3333333333333333,0.6519511352844687,0.46153846153846156,0.0,0.49676242896488737,0.5599709451198578,0.07139548712543078,0.21594096294471196,0.0,0.0,0.0,0.0,0.0,18473,global,0.0
2,4,lr5e-05_bs8_drop0p4_temp1p0_a0p25_b0p05__wd1e-04trmiss0_degmodglobal,8,5e-05,0.0001,0.4,1.0,0.25,0.05,lr5e-05_bs8_drop0p4_temp1p0_a0p25_b0p05__wd1e-04trmiss0_degmodglobal,1,0.7463583861078534,0.7168540358543396,0.6111111111111112,0.7446359196359197,0.46153846153846156,0.0,0.7178522944450378,0.728141222681318,0.048012206596987586,0.1242820503456252,0.0,0.0,0.0,0.0,0.0,18473,global,0.0
2,4,lr5e-05_bs8_drop0p4_temp1p0_a0p25_b0p05__wd1e-04trmiss0_degmodglobal,8,5e-05,0.0001,0.4,1.0,0.25,0.05,lr5e-05_bs8_drop0p4_temp1p0_a0p25_b0p05__wd1e-04trmiss0_degmodglobal,2,0.6935628482273647,0.7264643013477325,0.6111111111111112,0.7446359196359197,0.46153846153846156,0.0,0.6671976532254901,0.6758996503693717,0.04337579969848905,0.136384907577719,0.0,0.0,0.0,0.0,0.0,18473,global,0.0
2,4,lr5e-05_bs8_drop0p4_temp1p0_a0p25_b0p05__wd1e-04trmiss0_degmodglobal,8,5e-05,0.0001,0.4,1.0,0.25,0.05,lr5e-05_bs8_drop0p4_temp1p0_a0p25_b0p05__wd1e-04trmiss0_degmodglobal,3,0.6941949554852077,0.7364458739757538,0.5833333333333334,0.737901912901913,0.38461538461538464,0.0,0.6643607020378113,0.6751766289983477,0.04912544733711651,0.13473921322396823,0.0,0.0,0.0,0.0,0.0,18473,global,0.0
2,4,lr5e-05_bs8_drop0p4_temp1p0_a0p25_b0p05__wd1e-04trmiss0_degmodglobal,8,5e-05,0.0001,0.4,1.0,0.25,0.05,lr5e-05_bs8_drop0p4_temp1p0_a0p25_b0p05__wd1e-04trmiss0_degmodglobal,4,0.6604219334466117,0.7428737580776215,0.4722222222222222,0.6871523538190205,0.38461538461538464,0.0,0.6617309706551688,0.6443671158381871,0.04402694185929639,0.10096170433929988,0.0,0.0,0.0,0.0,0.0,18473,global,0.0
2,4,lr5e-05_bs8_drop0p4_temp1p0_a0p25_b0p05__wd1e-04trmiss0_degmodglobal,8,5e-05,0.0001,0.4,1.0,0.25,0.05,lr5e-05_bs8_drop0p4_temp1p0_a0p25_b0p05__wd1e-04trmiss0_degmodglobal,5,0.6863999537059239,0.7441028356552124,0.4444444444444444,0.6704856871523539,0.38461538461538464,0.0,0.6390991125788007,0.6652323944228036,0.05493072047829628,0.14869746086852892,0.0,0.0,0.0,0.0,0.0,18473,global,0.0
2,4,lr5e-05_bs8_drop0p4_temp1p0_a0p25_b0p05__wd1e-04trmiss0_degmodglobal,8,5e-05,0.0001,0.4,1.0,0.25,0.05,lr5e-05_bs8_drop0p4_temp1p0_a0p25_b0p05__wd1e-04trmiss0_degmodglobal,6,0.6389463032994952,0.7495060563087463,0.4166666666666667,0.6519671686338354,0.38461538461538464,0.0,0.6276653919901166,0.6106563295636859,0.07328324711748532,0.19938300549983978,0.0,0.0,0.0,0.0,0.0,18473,global,0.0
2,4,lr5e-05_bs8_drop0p4_temp1p0_a0p25_b0p05__wd1e-04trmiss0_degmodglobal,8,5e-05,0.0001,0.4,1.0,0.25,0.05,lr5e-05_bs8_drop0p4_temp1p0_a0p25_b0p05__wd1e-04trmiss0_degmodglobal,7,0.6407686131341117,0.7519986927509308,0.4722222222222222,0.6871523538190205,0.38461538461538464,0.0,0.6316556079047067,0.61860420022692,0.05726548710039684,0.15696079496826446,0.0,0.0,0.0,0.0,0.0,18473,global,0.0
2,4,lr5e-05_bs8_drop0p4_temp1p0_a0p25_b0p05__wd1e-04trmiss0_degmodglobal,8,5e-05,0.0001,0.4,1.0,0.25,0.05,lr5e-05_bs8_drop0p4_temp1p0_a0p25_b0p05__wd1e-04trmiss0_degmodglobal,8,0.6276582649775914,0.7595162093639374,0.4166666666666667,0.6519671686338354,0.38461538461538464,0.0,0.6042264018739972,0.6068825338568006,0.05753820070198604,0.1278237977198192,0.0,0.0,0.0,0.0,0.0,18473,global,0.0
2,4,lr5e-05_bs8_drop0p4_temp1p0_a0p25_b0p05__wd1e-04trmiss0_degmodglobal,8,5e-05,0.0001,0.4,1.0,0.25,0.05,lr5e-05_bs8_drop0p4_temp1p0_a0p25_b0p05__wd1e-04trmiss0_degmodglobal,9,0.6362738609313965,0.7565847039222717,0.4166666666666667,0.6519671686338354,0.38461538461538464,0.0,0.5987836377961295,0.6133462062903813,0.05538657094751086,0.1816202157310077,0.0,0.0,0.0,0.0,0.0,18473,global,0.0
2,4,lr5e-05_bs8_drop0p4_temp1p0_a0p25_b0p05__wd1e-04trmiss0_degmodglobal,8,5e-05,0.0001,0.4,1.0,0.25,0.05,lr5e-05_bs8_drop0p4_temp1p0_a0p25_b0p05__wd1e-04trmiss0_degmodglobal,10,0.6346826383045742,0.7661884129047394,0.3888888888888889,0.6334486501153169,0.38461538461538464,0.0,0.6472076688494001,0.6064646584647042,0.06615328309791428,0.23359357991388865,0.0,0.0,0.0,0.0,0.0,18473,global,0.0
2,4,lr5e-05_bs8_drop0p4_temp1p0_a0p25_b0p05__wd1e-04trmiss0_degmodglobal,8,5e-05,0.0001,0.4,1.0,0.25,0.05,lr5e-05_bs8_drop0p4_temp1p0_a0p25_b0p05__wd1e-04trmiss0_degmodglobal,11,0.6407861454146249,0.7746497094631195,0.3888888888888889,0.6334486501153169,0.38461538461538464,0.0,0.6196064012391227,0.620833728994642,0.05615448792065893,0.11827588932854789,0.0,0.0,0.0,0.0,0.0,18473,global,0.0
2,4,lr5e-05_bs8_drop0p4_temp1p0_a0p25_b0p05__wd1e-04trmiss0_degmodglobal,8,5e-05,0.0001,0.4,1.0,0.25,0.05,lr5e-05_bs8_drop0p4_temp1p0_a0p25_b0p05__wd1e-04trmiss0_degmodglobal,12,0.596944442817143,0.7778509259223938,0.3888888888888889,0.6334486501153169,0.38461538461538464,0.0,0.6266174997602191,0.5712355630738395,0.06672321259975433,0.18056177773645946,0.0,0.0,0.0,0.0,0.0,18473,global,0.0
2,4,lr5e-05_bs8_drop0p4_temp1p0_a0p25_b0p05__wd1e-04trmiss0_degmodglobal,8,5e-05,0.0001,0.4,1.0,0.25,0.05,lr5e-05_bs8_drop0p4_temp1p0_a0p25_b0p05__wd1e-04trmiss0_degmodglobal,13,0.6141466668673924,0.7791840136051178,0.3888888888888889,0.6334486501153169,0.38461538461538464,0.0,0.6161858098847526,0.5876697557313102,0.07000308324183736,0.17952305610690797,0.0,0.0,0.0,0.0,0.0,18473,global,0.0
2,4,lr5e-05_bs8_drop0p4_temp1p0_a0p25_b0p05__wd1e-04trmiss0_degmodglobal,8,5e-05,0.0001,0.4,1.0,0.25,0.05,lr5e-05_bs8_drop0p4_temp1p0_a0p25_b0p05__wd1e-04trmiss0_degmodglobal,14,0.6076832754271371,0.7678248584270477,0.3888888888888889,0.6334486501153169,0.38461538461538464,0.0,0.62153388772692,0.5776719280651638,0.07780156284570694,0.21121893716709955,0.0,0.0,0.0,0.0,0.0,18473,global,0.0
2,4,lr5e-05_bs8_drop0p4_temp1p0_a0p25_b0p05__wd1e-04trmiss0_degmodglobal,8,5e-05,0.0001,0.4,1.0,0.25,0.05,lr5e-05_bs8_drop0p4_temp1p0_a0p25_b0p05__wd1e-04trmiss0_degmodglobal,15,0.5906898038727897,0.7589636743068695,0.4722222222222222,0.6871523538190205,0.38461538461538464,0.0,0.6282509905951363,0.5688464300973075,0.05896652064153126,0.14203469029494695,0.0,0.0,0.0,0.0,0.0,18473,global,0.0
2,4,lr5e-05_bs8_drop0p4_temp1p0_a0p25_b0p05__wd1e-04trmiss0_degmodglobal,8,5e-05,0.0001,0.4,1.0,0.25,0.05,lr5e-05_bs8_drop0p4_temp1p0_a0p25_b0p05__wd1e-04trmiss0_degmodglobal,16,0.6229173370770046,0.7389916181564331,0.5,0.748880748880749,0.46153846153846156,0.0,0.6013428568840027,0.6001066650663104,0.06361906549760274,0.1381180930350508,0.0,0.0,0.0,0.0,0.0,18473,global,0.0
2,4,lr5e-05_bs8_drop0p4_temp1p0_a0p25_b0p05__wd1e-04trmiss0_degmodglobal,8,5e-05,0.0001,0.4,1.0,0.25,0.05,lr5e-05_bs8_drop0p4_temp1p0_a0p25_b0p05__wd1e-04trmiss0_degmodglobal,17,0.6330800567354474,0.720793604850769,0.5555555555555556,0.8176638176638178,0.46153846153846156,0.0,0.5980597904750279,0.609620179448809,0.06295329545225416,0.15443101205996104,0.0,0.0,0.0,0.0,0.0,18473,global,0.0
2,4,lr5e-05_bs8_drop0p4_temp1p0_a0p25_b0p05__wd1e-04trmiss0_degmodglobal,8,5e-05,0.0001,0.4,1.0,0.25,0.05,lr5e-05_bs8_drop0p4_temp1p0_a0p25_b0p05__wd1e-04trmiss0_degmodglobal,18,0.6340316108294896,0.7251573503017426,0.49999999999999994,0.7945156695156697,0.38461538461538464,0.0,0.6547802090644836,0.6124691111700875,0.058156578934618404,0.14046706206032208,0.0,0.0,0.0,0.0,0.0,18473,global,0.0
2,4,lr5e-05_bs8_drop0p4_temp1p0_a0p25_b0p05__wd1e-04trmiss0_degmodglobal,8,5e-05,0.0001,0.4,1.0,0.25,0.05,lr5e-05_bs8_drop0p4_temp1p0_a0p25_b0p05__wd1e-04trmiss0_degmodglobal,19,0.6118574227605548,0.7209072411060333,0.49999999999999994,0.7945156695156697,0.46153846153846156,0.0,0.5716613871710641,0.5857152342796326,0.07518032352839198,0.14694189386708395,0.0,0.0,0.0,0.0,0.0,18473,global,0.0
2,4,lr5e-05_bs8_drop0p4_temp1p0_a0p25_b0p05__wd1e-04trmiss0_degmodglobal,8,5e-05,0.0001,0.4,1.0,0.25,0.05,lr5e-05_bs8_drop0p4_temp1p0_a0p25_b0p05__wd1e-04trmiss0_degmodglobal,20,0.6211493781634739,0.7257858216762543,0.49999999999999994,0.7945156695156697,0.38461538461538464,0.0,0.6175939014979771,0.5987724150930133,0.0527247850384031,0.18391515846763337,0.0,0.0,0.0,0.0,0.0,18473,global,0.0
2,4,lr5e-05_bs8_drop0p4_temp1p0_a0p25_b0p05__wd1e-04trmiss0_degmodglobal,8,5e-05,0.0001,0.4,1.0,0.25,0.05,lr5e-05_bs8_drop0p4_temp1p0_a0p25_b0p05__wd1e-04trmiss0_degmodglobal,21,0.5840888321399689,0.7349582612514496,0.5,0.7896214896214897,0.46153846153846156,0.0,0.5962879317147392,0.5589272252150944,0.06460946638669286,0.18018495397908346,0.0,0.0,0.0,0.0,0.0,18473,global,0.0
2,4,lr5e-05_bs8_drop0p4_temp1p0_a0p25_b0p05__wd1e-04trmiss0_degmodglobal,8,5e-05,0.0001,0.4,1.0,0.25,0.05,lr5e-05_bs8_drop0p4_temp1p0_a0p25_b0p05__wd1e-04trmiss0_degmodglobal,22,0.6263367193085807,0.7366001307964325,0.49999999999999994,0.7945156695156697,0.46153846153846156,0.0,0.6077935355050224,0.6042704071317401,0.06270131176071507,0.12781954876014165,0.0,0.0,0.0,0.0,0.0,18473,global,0.0
2,4,lr5e-05_bs8_drop0p4_temp1p0_a0p25_b0p05__wd1e-04trmiss0_degmodglobal,8,5e-05,0.0001,0.4,1.0,0.25,0.05,lr5e-05_bs8_drop0p4_temp1p0_a0p25_b0p05__wd1e-04trmiss0_degmodglobal,23,0.6253987721034459,0.7273356914520264,0.5277777777777778,0.8044363044363045,0.5384615384615384,0.0,0.58435606104987,0.6023017891815731,0.06671942664044243,0.12834269553422928,0.0,0.0,0.0,0.0,0.0,18473,global,0.0
2,4,lr5e-05_bs8_drop0p4_temp1p0_a0p25_b0p05__wd1e-04trmiss0_degmodglobal,8,5e-05,0.0001,0.4,1.0,0.25,0.05,lr5e-05_bs8_drop0p4_temp1p0_a0p25_b0p05__wd1e-04trmiss0_degmodglobal,24,0.6056006039891925,0.730238288640976,0.49999999999999994,0.7945156695156697,0.46153846153846156,0.0,0.6262221251215253,0.5833752495901925,0.0599792269723756,0.14461083337664604,0.0,0.0,0.0,0.0,0.0,18473,global,0.0
2,4,lr5e-05_bs8_drop0p4_temp1p0_a0p25_b0p05__wd1e-04trmiss0_degmodglobal,8,5e-05,0.0001,0.4,1.0,0.25,0.05,lr5e-05_bs8_drop0p4_temp1p0_a0p25_b0p05__wd1e-04trmiss0_degmodglobal,25,0.5800268564905439,0.7421342134475708,0.5,0.7896214896214897,0.46153846153846156,0.0,0.5876282453536987,0.5535987189837864,0.06852357302393232,0.1859451053397996,0.0,0.0,0.0,0.0,0.0,18473,global,0.0
2,4,lr5e-05_bs8_drop0p4_temp1p0_a0p25_b0p05__wd1e-04trmiss0_degmodglobal,8,5e-05,0.0001,0.4,1.0,0.25,0.05,lr5e-05_bs8_drop0p4_temp1p0_a0p25_b0p05__wd1e-04trmiss0_degmodglobal,26,0.5819769416536603,0.7487793564796448,0.4444444444444444,0.7519230769230769,0.46153846153846156,0.0,0.6127180116517204,0.5544425078800747,0.06932460144162178,0.20406562089920044,0.0,0.0,0.0,0.0,0.0,18473,global,0.0
2,4,lr5e-05_bs8_drop0p4_temp1p0_a0p25_b0p05__wd1e-04trmiss0_degmodglobal,8,5e-05,0.0001,0.4,1.0,0.25,0.05,lr5e-05_bs8_drop0p4_temp1p0_a0p25_b0p05__wd1e-04trmiss0_degmodglobal,27,0.6037877372332981,0.7443629205226898,0.4722222222222222,0.7797008547008548,0.46153846153846156,0.0,0.563403308391571,0.5713766387530735,0.08514929030622755,0.22247558512857982,0.0,0.0,0.0,0.0,0.0,18473,global,0.0
2,4,lr5e-05_bs8_drop0p4_temp1p0_a0p25_b0p05__wd1e-04trmiss0_degmodglobal,8,5e-05,0.0001,0.4,1.0,0.25,0.05,lr5e-05_bs8_drop0p4_temp1p0_a0p25_b0p05__wd1e-04trmiss0_degmodglobal,28,0.6104517834527152,0.7343977689743042,0.5,0.7896214896214897,0.46153846153846156,0.0,0.5982630976608821,0.583618300301688,0.06812299894435066,0.19605475451265061,0.0,0.0,0.0,0.0,0.0,18473,global,0.0
2,4,lr5e-05_bs8_drop0p4_temp1p0_a0p25_b0p05__wd1e-04trmiss0_degmodglobal,8,5e-05,0.0001,0.4,1.0,0.25,0.05,lr5e-05_bs8_drop0p4_temp1p0_a0p25_b0p05__wd1e-04trmiss0_degmodglobal,29,0.6152969939368111,0.7327068150043488,0.5277777777777778,0.8044363044363045,0.46153846153846156,0.0,0.602277295930045,0.5871111920901707,0.0758863841848714,0.18428431344883783,0.0,0.0,0.0,0.0,0.0,18473,global,0.0
2,4,lr5e-05_bs8_drop0p4_temp1p0_a0p25_b0p05__wd1e-04trmiss0_degmodglobal,8,5e-05,0.0001,0.4,1.0,0.25,0.05,lr5e-05_bs8_drop0p4_temp1p0_a0p25_b0p05__wd1e-04trmiss0_degmodglobal,30,0.5918197461536953,0.7314625978469849,0.5277777777777778,0.8044363044363045,0.46153846153846156,0.0,0.5774592672075544,0.5672503284045628,0.06737415465925421,0.1545178411262376,0.0,0.0,0.0,0.0,0.0,18473,global,0.0
2,4,lr5e-05_bs8_drop0p4_temp1p0_a0p25_b0p05__wd1e-04trmiss0_degmodglobal,8,5e-05,0.0001,0.4,1.0,0.25,0.05,lr5e-05_bs8_drop0p4_temp1p0_a0p25_b0p05__wd1e-04trmiss0_degmodglobal,31,0.5738490990230015,0.7282167375087738,0.5277777777777778,0.8044363044363045,0.46153846153846156,0.0,0.5802726149559021,0.5464384257793427,0.07828934064933232,0.15676706710032054,0.0,0.0,0.0,0.0,0.0,18473,global,0.0
2,4,lr5e-05_bs8_drop0p4_temp1p0_a0p25_b0p05__wd1e-04trmiss0_degmodglobal,8,5e-05,0.0001,0.4,1.0,0.25,0.05,lr5e-05_bs8_drop0p4_temp1p0_a0p25_b0p05__wd1e-04trmiss0_degmodglobal,32,0.6137693779809135,0.724315881729126,0.5277777777777778,0.8044363044363045,0.46153846153846156,0.0,0.6005800110953194,0.585854036467416,0.06742677518299647,0.22117320873907634,0.0,0.0,0.0,0.0,0.0,18473,global,0.0
2,4,lr5e-05_bs8_drop0p4_temp1p0_a0p25_b0p05__wd1e-04trmiss0_degmodglobal,8,5e-05,0.0001,0.4,1.0,0.25,0.05,lr5e-05_bs8_drop0p4_temp1p0_a0p25_b0p05__wd1e-04trmiss0_degmodglobal,33,0.5905052849224636,0.7294874489307404,0.5277777777777778,0.8044363044363045,0.46153846153846156,0.0,0.5735091737338475,0.5696626220430646,0.05687700371657099,0.132468258695943,0.0,0.0,0.0,0.0,0.0,18473,global,0.0
2,4,lr5e-05_bs8_drop0p4_temp1p0_a0p25_b0p05__wd1e-04trmiss0_degmodglobal,8,5e-05,0.0001,0.4,1.0,0.25,0.05,lr5e-05_bs8_drop0p4_temp1p0_a0p25_b0p05__wd1e-04trmiss0_degmodglobal,34,0.5765646951539176,0.7317735254764557,0.5277777777777778,0.8044363044363045,0.46153846153846156,0.0,0.5837718418666294,0.5540293284824916,0.05790536957127707,0.16118071441139495,0.0,0.0,0.0,0.0,0.0,18473,global,0.0
2,4,lr5e-05_bs8_drop0p4_temp1p0_a0p25_b0p05__wd1e-04trmiss0_degmodglobal,8,5e-05,0.0001,0.4,1.0,0.25,0.05,lr5e-05_bs8_drop0p4_temp1p0_a0p25_b0p05__wd1e-04trmiss0_degmodglobal,35,0.5772359882082257,0.7310070991516113,0.5277777777777778,0.8044363044363045,0.46153846153846156,0.0,0.5791142157145909,0.5457643398216793,0.07956694385835103,0.23159817925521306,0.0,0.0,0.0,0.0,0.0,18473,global,0.0
2,4,lr5e-05_bs8_drop0p4_temp1p0_a0p25_b0p05__wd1e-04trmiss0_degmodglobal,8,5e-05,0.0001,0.4,1.0,0.25,0.05,lr5e-05_bs8_drop0p4_temp1p0_a0p25_b0p05__wd1e-04trmiss0_degmodglobal,36,0.595980201448713,0.7359327375888824,0.4722222222222222,0.7667378917378918,0.38461538461538464,0.0,0.5932970132146563,0.56963883127485,0.06989672088197299,0.1773432871060712,0.0,0.0,0.0,0.0,0.0,18473,global,0.0
2,4,lr5e-05_bs8_drop0p4_temp1p0_a0p25_b0p05__wd1e-04trmiss0_degmodglobal,8,5e-05,0.0001,0.4,1.0,0.25,0.05,lr5e-05_bs8_drop0p4_temp1p0_a0p25_b0p05__wd1e-04trmiss0_degmodglobal,37,0.5886275172233582,0.7324991524219513,0.5277777777777778,0.8044363044363045,0.46153846153846156,0.0,0.5789623090199062,0.5560611316135952,0.08355904051235744,0.23353220841714314,0.0,0.0,0.0,0.0,0.0,18473,global,0.0
2,4,lr5e-05_bs8_drop0p4_temp2p0_a0p25_b0p05__wd1e-04trmiss0_degmodglobal,8,5e-05,0.0001,0.4,2.0,0.25,0.05,lr5e-05_bs8_drop0p4_temp2p0_a0p25_b0p05__wd1e-04trmiss0_degmodglobal,1,0.7197954654693604,0.6658302247524261,0.6944444444444444,0.8804945054945057,0.7692307692307693,0.0,0.7201293792043414,0.6932903017316546,0.06881284075123924,0.18603953825575964,0.0,0.0,0.0,0.0,0.0,18473,global,0.0
2,4,lr5e-05_bs8_drop0p4_temp2p0_a0p25_b0p05__wd1e-04trmiss0_degmodglobal,8,5e-05,0.0001,0.4,2.0,0.25,0.05,lr5e-05_bs8_drop0p4_temp2p0_a0p25_b0p05__wd1e-04trmiss0_degmodglobal,2,0.7305356945310321,0.679911196231842,0.5833333333333333,0.8398860398860402,0.5384615384615384,0.0,0.695391195161002,0.710809418133327,0.04710042716137001,0.15902364307216235,0.0,0.0,0.0,0.0,0.0,18473,global,0.0
2,4,lr5e-05_bs8_drop0p4_temp2p0_a0p25_b0p05__wd1e-04trmiss0_degmodglobal,8,5e-05,0.0001,0.4,2.0,0.25,0.05,lr5e-05_bs8_drop0p4_temp2p0_a0p25_b0p05__wd1e-04trmiss0_degmodglobal,3,0.6830124429294041,0.6740512549877167,0.6388888888888888,0.8610500610500611,0.5384615384615384,0.0,0.6755366240228925,0.6624582580157689,0.04963859596422741,0.16289095740233148,0.0,0.0,0.0,0.0,0.0,18473,global,0.0
2,4,lr5e-05_bs8_drop0p4_temp2p0_a0p25_b0p05__wd1e-04trmiss0_degmodglobal,8,5e-05,0.0001,0.4,2.0,0.25,0.05,lr5e-05_bs8_drop0p4_temp2p0_a0p25_b0p05__wd1e-04trmiss0_degmodglobal,4,0.6959133488791329,0.6731007397174835,0.6388888888888888,0.8558793058793059,0.6153846153846154,0.0,0.6589376330375671,0.6644492404801505,0.07466036453843117,0.255980550710644,0.0,0.0,0.0,0.0,0.0,18473,global,0.0
2,4,lr5e-05_bs8_drop0p4_temp2p0_a0p25_b0p05__wd1e-04trmiss0_degmodglobal,8,5e-05,0.0001,0.4,2.0,0.25,0.05,lr5e-05_bs8_drop0p4_temp2p0_a0p25_b0p05__wd1e-04trmiss0_degmodglobal,5,0.6866406968661717,0.6685408651828766,0.6944444444444444,0.872602089268756,0.6153846153846154,0.0,0.6563512597765241,0.6636736648423331,0.061389832624367306,0.15239122084208898,0.0,0.0,0.0,0.0,0.0,18473,global,0.0
2,4,lr5e-05_bs8_drop0p4_temp2p0_a0p25_b0p05__wd1e-04trmiss0_degmodglobal,8,5e-05,0.0001,0.4,2.0,0.25,0.05,lr5e-05_bs8_drop0p4_temp2p0_a0p25_b0p05__wd1e-04trmiss0_degmodglobal,6,0.6559731960296631,0.6635069251060486,0.7222222222222222,0.8894500561167229,0.6153846153846154,0.0,0.6464614953313556,0.6302467158862523,0.06603206960218293,0.18436908509050096,0.0,0.0,0.0,0.0,0.0,18473,global,0.0
2,4,lr5e-05_bs8_drop0p4_temp2p0_a0p25_b0p05__wd1e-04trmiss0_degmodglobal,8,5e-05,0.0001,0.4,2.0,0.25,0.05,lr5e-05_bs8_drop0p4_temp2p0_a0p25_b0p05__wd1e-04trmiss0_degmodglobal,7,0.6575122645923069,0.66422238945961,0.6944444444444444,0.8808080808080809,0.6153846153846154,0.0,0.6538553833961487,0.636231541633606,0.0532037296465465,0.15959563425609044,0.0,0.0,0.0,0.0,0.0,18473,global,0.0
2,4,lr5e-05_bs8_drop0p4_temp2p0_a0p25_b0p05__wd1e-04trmiss0_degmodglobal,8,5e-05,0.0001,0.4,2.0,0.25,0.05,lr5e-05_bs8_drop0p4_temp2p0_a0p25_b0p05__wd1e-04trmiss0_degmodglobal,8,0.6482164859771729,0.6620588898658752,0.75,0.9013548180214848,0.6923076923076923,0.0,0.6553821819169181,0.6276906643595014,0.0527783738715308,0.14662430116108485,0.0,0.0,0.0,0.0,0.0,18473,global,0.0
2,4,lr5e-05_bs8_drop0p4_temp2p0_a0p25_b0p05__wd1e-04trmiss0_degmodglobal,8,5e-05,0.0001,0.4,2.0,0.25,0.05,lr5e-05_bs8_drop0p4_temp2p0_a0p25_b0p05__wd1e-04trmiss0_degmodglobal,9,0.6618149025099618,0.6585908532142639,0.6944444444444444,0.8709315375982045,0.6923076923076923,0.0,0.6635881577219281,0.6400790725435529,0.0513643462743078,0.17789487913250923,0.0,0.0,0.0,0.0,0.0,18473,global,0.0
2,4,lr5e-05_bs8_drop0p4_temp2p0_a0p25_b0p05__wd1e-04trmiss0_degmodglobal,8,5e-05,0.0001,0.4,2.0,0.25,0.05,lr5e-05_bs8_drop0p4_temp2p0_a0p25_b0p05__wd1e-04trmiss0_degmodglobal,10,0.6400612337248666,0.6600624322891235,0.6666666666666666,0.8577040243706913,0.6923076923076923,0.0,0.6141574467931475,0.6056585226740155,0.08014581485518388,0.28732520288654734,0.0,0.0,0.0,0.0,0.0,18473,global,0.0
2,4,lr5e-05_bs8_drop0p4_temp2p0_a0p25_b0p05__wd1e-04trmiss0_degmodglobal,8,5e-05,0.0001,0.4,2.0,0.25,0.05,lr5e-05_bs8_drop0p4_temp2p0_a0p25_b0p05__wd1e-04trmiss0_degmodglobal,11,0.6600559949874878,0.6599109470844269,0.6666666666666666,0.8577040243706913,0.6153846153846154,0.0,0.6409163900784084,0.6370835474559239,0.05939897096582821,0.16245423629879951,0.0,0.0,0.0,0.0,0.0,18473,global,0.0
2,4,lr5e-05_bs8_drop0p4_temp2p0_a0p25_b0p05__wd1e-04trmiss0_degmodglobal,8,5e-05,0.0001,0.4,2.0,0.25,0.05,lr5e-05_bs8_drop0p4_temp2p0_a0p25_b0p05__wd1e-04trmiss0_degmodglobal,12,0.6372540252549308,0.6583378911018372,0.6944444444444444,0.8657848324514992,0.6153846153846154,0.0,0.6472785898617336,0.6083921364375523,0.0695033169218472,0.22972123431307928,0.0,0.0,0.0,0.0,0.0,18473,global,0.0
2,4,lr5e-05_bs8_drop0p4_temp2p0_a0p25_b0p05__wd1e-04trmiss0_degmodglobal,8,5e-05,0.0001,0.4,2.0,0.25,0.05,lr5e-05_bs8_drop0p4_temp2p0_a0p25_b0p05__wd1e-04trmiss0_degmodglobal,13,0.6257108535085406,0.6588348150253296,0.6666666666666667,0.8622895622895623,0.6153846153846154,0.0,0.6009566783905029,0.5959704177720206,0.07367948708789689,0.22641135113579886,0.0,0.0,0.0,0.0,0.0,18473,global,0.0
2,4,lr5e-05_bs8_drop0p4_temp2p0_a0p25_b0p05__wd1e-04trmiss0_degmodglobal,8,5e-05,0.0001,0.4,2.0,0.25,0.05,lr5e-05_bs8_drop0p4_temp2p0_a0p25_b0p05__wd1e-04trmiss0_degmodglobal,14,0.6045782821519035,0.6602915227413177,0.6666666666666666,0.851972101972102,0.5384615384615384,0.0,0.623300313949585,0.5753049339566912,0.07135135467563357,0.22871025119509017,0.0,0.0,0.0,0.0,0.0,18473,global,0.0
2,4,lr5e-05_bs8_drop0p4_temp2p0_a0p25_b0p05__wd1e-04trmiss0_degmodglobal,8,5e-05,0.0001,0.4,2.0,0.25,0.05,lr5e-05_bs8_drop0p4_temp2p0_a0p25_b0p05__wd1e-04trmiss0_degmodglobal,15,0.6072982634816851,0.6593162715435028,0.6666666666666666,0.851972101972102,0.6153846153846154,0.0,0.6058683310236249,0.5749597123691014,0.08217604298676763,0.23589076101779938,0.0,0.0,0.0,0.0,0.0,18473,global,0.0
2,4,lr5e-05_bs8_drop0p4_temp2p0_a0p25_b0p05__wd1e-04trmiss0_degmodglobal,8,5e-05,0.0001,0.4,2.0,0.25,0.05,lr5e-05_bs8_drop0p4_temp2p0_a0p25_b0p05__wd1e-04trmiss0_degmodglobal,16,0.6165404958384377,0.6563894152641296,0.6944444444444444,0.860614077280744,0.6153846153846154,0.0,0.6297262396131244,0.5810642540454865,0.08089781020368848,0.3050354676587241,0.0,0.0,0.0,0.0,0.0,18473,global,0.0
2,4,lr5e-05_bs8_drop0p4_temp2p0_a0p25_b0p05__wd1e-04trmiss0_degmodglobal,8,5e-05,0.0001,0.4,2.0,0.25,0.05,lr5e-05_bs8_drop0p4_temp2p0_a0p25_b0p05__wd1e-04trmiss0_degmodglobal,17,0.6103789636066982,0.6499295830726624,0.7222222222222222,0.8927128427128428,0.7692307692307693,0.0,0.6397095833505902,0.581078018460955,0.07285138911434583,0.22176158374973706,0.0,0.0,0.0,0.0,0.0,18473,global,0.0
2,4,lr5e-05_bs8_drop0p4_temp2p0_a0p25_b0p05__wd1e-04trmiss0_degmodglobal,8,5e-05,0.0001,0.4,2.0,0.25,0.05,lr5e-05_bs8_drop0p4_temp2p0_a0p25_b0p05__wd1e-04trmiss0_degmodglobal,18,0.5556569567748478,0.6374207139015198,0.8055555555555556,0.9253086419753087,0.7692307692307693,0.0,0.5942148821694511,0.5289876418454307,0.07423036412468978,0.1622342179928507,0.0,0.0,0.0,0.0,0.0,18473,global,0.0
2,4,lr5e-05_bs8_drop0p4_temp2p0_a0p25_b0p05__wd1e-04trmiss0_degmodglobal,8,5e-05,0.0001,0.4,2.0,0.25,0.05,lr5e-05_bs8_drop0p4_temp2p0_a0p25_b0p05__wd1e-04trmiss0_degmodglobal,19,0.6139874458312988,0.6309683918952942,0.6944444444444444,0.8511383678050346,0.7692307692307693,0.0,0.6089460594313485,0.5914015173912048,0.05850147030183247,0.15921131095715932,0.0,0.0,0.0,0.0,0.0,18473,global,0.0
2,4,lr5e-05_bs8_drop0p4_temp2p0_a0p25_b0p05__wd1e-04trmiss0_degmodglobal,8,5e-05,0.0001,0.4,2.0,0.25,0.05,lr5e-05_bs8_drop0p4_temp2p0_a0p25_b0p05__wd1e-04trmiss0_degmodglobal,20,0.6122799515724182,0.6469409763813019,0.5833333333333334,0.799062049062049,0.7692307692307693,0.0,0.5874875443322318,0.5795047964368548,0.07540867584092277,0.278460117323058,0.0,0.0,0.0,0.0,0.0,18473,global,0.0
2,4,lr5e-05_bs8_drop0p4_temp2p0_a0p25_b0p05__wd1e-04trmiss0_degmodglobal,8,5e-05,0.0001,0.4,2.0,0.25,0.05,lr5e-05_bs8_drop0p4_temp2p0_a0p25_b0p05__wd1e-04trmiss0_degmodglobal,21,0.586465563092913,0.6522813737392426,0.5833333333333334,0.8030303030303032,0.6923076923076923,0.0,0.581406078168324,0.5617244924817767,0.06506211097751345,0.16951047629117966,0.0,0.0,0.0,0.0,0.0,18473,global,0.0
2,4,lr5e-05_bs8_drop0p4_temp2p0_a0p25_b0p05__wd1e-04trmiss0_degmodglobal,8,5e-05,0.0001,0.4,2.0,0.25,0.05,lr5e-05_bs8_drop0p4_temp2p0_a0p25_b0p05__wd1e-04trmiss0_degmodglobal,22,0.5808744047369275,0.6581369936466217,0.6111111111111112,0.8122895622895623,0.5384615384615384,0.0,0.5756354970591409,0.5462293880326408,0.091800043625491,0.23389995843172073,0.0,0.0,0.0,0.0,0.0,18473,global,0.0
2,4,lr5e-05_bs8_drop0p4_temp2p0_a0p25_b0p05__wd1e-04trmiss0_degmodglobal,8,5e-05,0.0001,0.4,2.0,0.25,0.05,lr5e-05_bs8_drop0p4_temp2p0_a0p25_b0p05__wd1e-04trmiss0_degmodglobal,23,0.5791842085974557,0.6641393601894379,0.5277777777777778,0.7798821548821548,0.5384615384615384,0.0,0.5723868565899985,0.5454319758074624,0.08273535753999438,0.2613679032240595,0.0,0.0,0.0,0.0,0.0,18473,global,0.0
2,4,lr5e-05_bs8_drop0p4_temp2p0_a0p25_b0p05__wd1e-04trmiss0_degmodglobal,8,5e-05,0.0001,0.4,2.0,0.25,0.05,lr5e-05_bs8_drop0p4_temp2p0_a0p25_b0p05__wd1e-04trmiss0_degmodglobal,24,0.6104327525411334,0.6602196097373962,0.5277777777777778,0.7749879749879751,0.6923076923076923,0.0,0.5807694026402065,0.5697884389332363,0.0994043041552816,0.3158647609608514,0.0,0.0,0.0,0.0,0.0,18473,global,0.0
2,4,lr5e-05_bs8_drop0p4_temp2p0_a0p25_b0p05__wd1e-04trmiss0_degmodglobal,8,5e-05,0.0001,0.4,2.0,0.25,0.05,lr5e-05_bs8_drop0p4_temp2p0_a0p25_b0p05__wd1e-04trmiss0_degmodglobal,25,0.6178294590541294,0.6722168624401093,0.6111111111111112,0.83980278980279,0.5384615384615384,0.0,0.6551763585635594,0.5917631728308541,0.05943350174597332,0.22415827534028462,0.0,0.0,0.0,0.0,0.0,18473,global,0.0
2,4,lr5e-05_bs8_drop0p4_temp2p0_a0p25_b0p05__wd1e-04trmiss0_degmodglobal,8,5e-05,0.0001,0.4,2.0,0.25,0.05,lr5e-05_bs8_drop0p4_temp2p0_a0p25_b0p05__wd1e-04trmiss0_degmodglobal,26,0.5706153341702053,0.6523462235927582,0.5555555555555556,0.8027657527657528,0.6923076923076923,0.0,0.6037197496209826,0.546506153685706,0.06060408454920564,0.17916287960750715,0.0,0.0,0.0,0.0,0.0,18473,global,0.0
2,4,lr5e-05_bs8_drop0p4_temp2p0_a0p25_b0p05__wd1e-04trmiss0_degmodglobal,8,5e-05,0.0001,0.4,2.0,0.25,0.05,lr5e-05_bs8_drop0p4_temp2p0_a0p25_b0p05__wd1e-04trmiss0_degmodglobal,27,0.5680647151810783,0.6557496786117554,0.5277777777777778,0.7928451178451179,0.6923076923076923,0.0,0.5529725168432508,0.5331921236855643,0.08653848724705833,0.2647596597671509,0.0,0.0,0.0,0.0,0.0,18473,global,0.0
2,4,lr5e-05_bs8_drop0p4_temp2p0_a0p25_b0p05__wd1e-04trmiss0_degmodglobal,8,5e-05,0.0001,0.4,2.0,0.25,0.05,lr5e-05_bs8_drop0p4_temp2p0_a0p25_b0p05__wd1e-04trmiss0_degmodglobal,28,0.5759693895067487,0.6608953177928925,0.5,0.7822631072631072,0.6923076923076923,0.0,0.5775199447359357,0.5490410285336631,0.07119831017085484,0.1825757473707199,0.0,0.0,0.0,0.0,0.0,18473,global,0.0
2,4,lr5e-05_bs8_drop0p4_temp2p0_a0p25_b0p05__wd1e-04trmiss0_degmodglobal,8,5e-05,0.0001,0.4,2.0,0.25,0.05,lr5e-05_bs8_drop0p4_temp2p0_a0p25_b0p05__wd1e-04trmiss0_degmodglobal,29,0.5447457177298409,0.6674809157848358,0.5,0.7822631072631072,0.6153846153846154,0.0,0.5534884120736804,0.5194003539425986,0.06228677715573992,0.19547350332140923,0.0,0.0,0.0,0.0,0.0,18473,global,0.0
2,4,lr5e-05_bs8_drop0p4_temp2p0_a0p25_b0p05__wd1e-04trmiss0_degmodglobal,8,5e-05,0.0001,0.4,2.0,0.25,0.05,lr5e-05_bs8_drop0p4_temp2p0_a0p25_b0p05__wd1e-04trmiss0_degmodglobal,30,0.5804795282227653,0.6858747601509094,0.5277777777777778,0.7798821548821548,0.46153846153846156,0.0,0.5858551859855652,0.5566493783678327,0.06008584211979594,0.17617369549615042,0.0,0.0,0.0,0.0,0.0,18473,global,0.0
2,4,lr5e-05_bs8_drop0p4_temp2p0_a0p25_b0p05__wd1e-04trmiss0_degmodglobal,8,5e-05,0.0001,0.4,2.0,0.25,0.05,lr5e-05_bs8_drop0p4_temp2p0_a0p25_b0p05__wd1e-04trmiss0_degmodglobal,31,0.5651783815452031,0.6983388066291809,0.5,0.7379509379509379,0.5384615384615384,0.0,0.5456288201468331,0.5355611060346875,0.07612213652048792,0.21173519401678018,0.0,0.0,0.0,0.0,0.0,18473,global,0.0
2,4,lr5e-05_bs8_drop0p4_temp2p0_a0p25_b0p05__wd1e-04trmiss0_degmodglobal,8,5e-05,0.0001,0.4,2.0,0.25,0.05,lr5e-05_bs8_drop0p4_temp2p0_a0p25_b0p05__wd1e-04trmiss0_degmodglobal,32,0.5578338503837585,0.6866689920425415,0.5833333333333334,0.8030303030303032,0.46153846153846156,0.0,0.5662729144096375,0.5203267676489693,0.10313428459422928,0.23447011411190033,0.0,0.0,0.0,0.0,0.0,18473,global,0.0
2,4,lr5e-05_bs8_drop0p4_temp2p0_a0p25_b0p05__wd1e-04trmiss0_degmodglobal,8,5e-05,0.0001,0.4,2.0,0.25,0.05,lr5e-05_bs8_drop0p4_temp2p0_a0p25_b0p05__wd1e-04trmiss0_degmodglobal,33,0.5842812189034053,0.6779935359954834,0.5555555555555556,0.78980278980279,0.46153846153846156,0.0,0.5570909636361259,0.5439185755593436,0.102950818836689,0.2924989270312445,0.0,0.0,0.0,0.0,0.0,18473,global,0.0
2,4,lr5e-05_bs8_drop0p4_temp2p0_a0p25_b0p05__wd1e-04trmiss0_degmodglobal,8,5e-05,0.0001,0.4,2.0,0.25,0.05,lr5e-05_bs8_drop0p4_temp2p0_a0p25_b0p05__wd1e-04trmiss0_degmodglobal,34,0.5450118652411869,0.6766999363899231,0.5277777777777778,0.7798821548821548,0.46153846153846156,0.0,0.559244019644601,0.5159462818077633,0.06807546690106392,0.2409344677414213,0.0,0.0,0.0,0.0,0.0,18473,global,0.0
2,4,lr5e-05_bs8_drop0p4_temp2p0_a0p25_b0p05__wd1e-04trmiss0_degmodglobal,8,5e-05,0.0001,0.4,2.0,0.25,0.05,lr5e-05_bs8_drop0p4_temp2p0_a0p25_b0p05__wd1e-04trmiss0_degmodglobal,35,0.5859312329973493,0.6794953048229218,0.5,0.76506734006734,0.46153846153846156,0.0,0.5660136256899152,0.5574232595307487,0.07035759091377258,0.21837165100233896,0.0,0.0,0.0,0.0,0.0,18473,global,0.0
2,4,lr5e-05_bs8_drop0p4_temp2p0_a0p25_b0p05__wd1e-04trmiss0_degmodglobal,8,5e-05,0.0001,0.4,2.0,0.25,0.05,lr5e-05_bs8_drop0p4_temp2p0_a0p25_b0p05__wd1e-04trmiss0_degmodglobal,36,0.5416029861995152,0.6812149286270142,0.5,0.76506734006734,0.46153846153846156,0.0,0.5404861867427826,0.5134550503322056,0.078030633607081,0.1728056435074125,0.0,0.0,0.0,0.0,0.0,18473,global,0.0
2,4,lr5e-05_bs8_drop0p4_temp2p0_a0p25_b0p05__wd1e-04trmiss0_degmodglobal,8,5e-05,0.0001,0.4,2.0,0.25,0.05,lr5e-05_bs8_drop0p4_temp2p0_a0p25_b0p05__wd1e-04trmiss0_degmodglobal,37,0.6039553795542035,0.6950814723968506,0.5,0.76506734006734,0.46153846153846156,0.0,0.568273833819798,0.5694869756698608,0.08427786827087402,0.2679786628910473,0.0,0.0,0.0,0.0,0.0,18473,global,0.0
2,4,lr5e-05_bs8_drop0p4_temp2p0_a0p25_b0p05__wd1e-04trmiss0_degmodglobal,8,5e-05,0.0001,0.4,2.0,0.25,0.05,lr5e-05_bs8_drop0p4_temp2p0_a0p25_b0p05__wd1e-04trmiss0_degmodglobal,38,0.5502320400306157,0.6980665028095245,0.4722222222222222,0.7484006734006734,0.38461538461538464,0.0,0.5773338420050484,0.521132332938058,0.0742099689585822,0.21094429918697902,0.0,0.0,0.0,0.0,0.0,18473,global,0.0
2,4,lr1e-05_bs8_drop0p2_temp1p0_a0p25_b0p05__wd1e-04trmiss0_degmodglobal,8,1e-05,0.0001,0.2,1.0,0.25,0.05,lr1e-05_bs8_drop0p2_temp1p0_a0p25_b0p05__wd1e-04trmiss0_degmodglobal,1,0.7170494283948626,0.6391477882862091,0.611111111111111,0.8426517926517927,0.6923076923076923,0.0,0.760938686983926,0.6918839045933315,0.04953319579362869,0.2556443533727101,0.0,0.0,0.0,0.0,0.0,18473,global,0.0
2,4,lr1e-05_bs8_drop0p2_temp1p0_a0p25_b0p05__wd1e-04trmiss0_degmodglobal,8,1e-05,0.0001,0.2,1.0,0.25,0.05,lr1e-05_bs8_drop0p2_temp1p0_a0p25_b0p05__wd1e-04trmiss0_degmodglobal,2,0.6839087860924857,0.6342270374298096,0.611111111111111,0.8426517926517927,0.6923076923076923,0.0,0.7378983157021659,0.6579007846968514,0.05108469485172203,0.2647366587604795,0.0,0.0,0.0,0.0,0.0,18473,global,0.0
2,4,lr1e-05_bs8_drop0p2_temp1p0_a0p25_b0p05__wd1e-04trmiss0_degmodglobal,8,1e-05,0.0001,0.2,1.0,0.25,0.05,lr1e-05_bs8_drop0p2_temp1p0_a0p25_b0p05__wd1e-04trmiss0_degmodglobal,3,0.7233608790806362,0.6316995918750763,0.611111111111111,0.8426517926517927,0.6923076923076923,0.0,0.7300676958901542,0.6972093752452305,0.05394744606954711,0.2532931885549,0.0,0.0,0.0,0.0,0.0,18473,global,0.0
2,4,lr1e-05_bs8_drop0p2_temp1p0_a0p25_b0p05__wd1e-04trmiss0_degmodglobal,8,1e-05,0.0001,0.2,1.0,0.25,0.05,lr1e-05_bs8_drop0p2_temp1p0_a0p25_b0p05__wd1e-04trmiss0_degmodglobal,4,0.695749751159123,0.6292853355407715,0.6666666666666667,0.8645212811879479,0.6923076923076923,0.0,0.7365812574114118,0.6682225806372506,0.05701908788510731,0.2654484382697514,0.0,0.0,0.0,0.0,0.0,18473,global,0.0
2,4,lr1e-05_bs8_drop0p2_temp1p0_a0p25_b0p05__wd1e-04trmiss0_degmodglobal,8,1e-05,0.0001,0.2,1.0,0.25,0.05,lr1e-05_bs8_drop0p2_temp1p0_a0p25_b0p05__wd1e-04trmiss0_degmodglobal,5,0.7033447112355914,0.6266948580741882,0.6944444444444444,0.872602089268756,0.6923076923076923,0.0,0.7265231013298035,0.681849445615496,0.044681129178830555,0.20649964255946024,0.0,0.0,0.0,0.0,0.0,18473,global,0.0
2,4,lr1e-05_bs8_drop0p2_temp1p0_a0p25_b0p05__wd1e-04trmiss0_degmodglobal,8,1e-05,0.0001,0.2,1.0,0.25,0.05,lr1e-05_bs8_drop0p2_temp1p0_a0p25_b0p05__wd1e-04trmiss0_degmodglobal,6,0.6938432710511344,0.6250954568386078,0.7222222222222222,0.8911206077872746,0.6923076923076923,0.0,0.7252802423068455,0.6642152667045593,0.061985649168491364,0.28263201883860994,0.0,0.0,0.0,0.0,0.0,18473,global,0.0
2,4,lr1e-05_bs8_drop0p2_temp1p0_a0p25_b0p05__wd1e-04trmiss0_degmodglobal,8,1e-05,0.0001,0.2,1.0,0.25,0.05,lr1e-05_bs8_drop0p2_temp1p0_a0p25_b0p05__wd1e-04trmiss0_degmodglobal,7,0.6898802859442574,0.6270641386508942,0.7222222222222222,0.8911206077872746,0.6923076923076923,0.0,0.7203812514032636,0.6656580652509417,0.04935230367950031,0.2376829662493297,0.0,0.0,0.0,0.0,0.0,18473,global,0.0
2,4,lr1e-05_bs8_drop0p2_temp1p0_a0p25_b0p05__wd1e-04trmiss0_degmodglobal,8,1e-05,0.0001,0.2,1.0,0.25,0.05,lr1e-05_bs8_drop0p2_temp1p0_a0p25_b0p05__wd1e-04trmiss0_degmodglobal,8,0.6741766929626465,0.6262260973453522,0.7222222222222222,0.8911206077872746,0.6923076923076923,0.0,0.7032068967819214,0.652718893119267,0.04244125767477921,0.2169498609645026,0.0,0.0,0.0,0.0,0.0,18473,global,0.0
2,4,lr1e-05_bs8_drop0p2_temp1p0_a0p25_b0p05__wd1e-04trmiss0_degmodglobal,8,1e-05,0.0001,0.2,1.0,0.25,0.05,lr1e-05_bs8_drop0p2_temp1p0_a0p25_b0p05__wd1e-04trmiss0_degmodglobal,9,0.692995914391109,0.6279032826423645,0.6944444444444444,0.8830397997064665,0.6923076923076923,0.0,0.7143211705344064,0.6694487588746207,0.04695418051310948,0.2361722311803273,0.0,0.0,0.0,0.0,0.0,18473,global,0.0
2,4,lr1e-05_bs8_drop0p2_temp1p0_a0p25_b0p05__wd1e-04trmiss0_degmodglobal,8,1e-05,0.0001,0.2,1.0,0.25,0.05,lr1e-05_bs8_drop0p2_temp1p0_a0p25_b0p05__wd1e-04trmiss0_degmodglobal,10,0.6774453861372811,0.6322339475154877,0.6666666666666667,0.8763057929724598,0.6923076923076923,0.0,0.7122245260647365,0.6556163089615958,0.04256690240332058,0.22374696178095682,0.0,0.0,0.0,0.0,0.0,18473,global,0.0
2,4,lr1e-05_bs8_drop0p2_temp1p0_a0p25_b0p05__wd1e-04trmiss0_degmodglobal,8,1e-05,0.0001,0.2,1.0,0.25,0.05,lr1e-05_bs8_drop0p2_temp1p0_a0p25_b0p05__wd1e-04trmiss0_degmodglobal,11,0.6705067157745361,0.6347841620445251,0.6666666666666667,0.8763057929724598,0.6923076923076923,0.0,0.712922181401934,0.6413601551737104,0.057704007253050804,0.29441130587032865,0.0,0.0,0.0,0.0,0.0,18473,global,0.0
2,4,lr1e-05_bs8_drop0p2_temp1p0_a0p25_b0p05__wd1e-04trmiss0_degmodglobal,8,1e-05,0.0001,0.2,1.0,0.25,0.05,lr1e-05_bs8_drop0p2_temp1p0_a0p25_b0p05__wd1e-04trmiss0_degmodglobal,12,0.6794496263776507,0.6355965435504913,0.7222222222222223,0.8990130240130241,0.6923076923076923,0.0,0.6956214393888202,0.6520045740263802,0.05208074620791844,0.2884973628180368,0.0,0.0,0.0,0.0,0.0,18473,global,0.0
2,4,lr1e-05_bs8_drop0p2_temp1p0_a0p25_b0p05__wd1e-04trmiss0_degmodglobal,8,1e-05,0.0001,0.2,1.0,0.25,0.05,lr1e-05_bs8_drop0p2_temp1p0_a0p25_b0p05__wd1e-04trmiss0_degmodglobal,13,0.6836052366665432,0.6331040859222412,0.7222222222222223,0.8990130240130241,0.6923076923076923,0.0,0.705611629145486,0.6614302226475307,0.04543642806155341,0.21631811133452825,0.0,0.0,0.0,0.0,0.0,18473,global,0.0
2,4,lr1e-05_bs8_drop0p2_temp1p0_a0p25_b0p05__wd1e-04trmiss0_degmodglobal,8,1e-05,0.0001,0.2,1.0,0.25,0.05,lr1e-05_bs8_drop0p2_temp1p0_a0p25_b0p05__wd1e-04trmiss0_degmodglobal,14,0.6517752919878278,0.6332865059375763,0.7222222222222222,0.9040835707502375,0.6923076923076923,0.0,0.6822325161525181,0.6317237445286342,0.040606861135789325,0.19799652057034628,0.0,0.0,0.0,0.0,0.0,18473,global,0.0
2,4,lr1e-05_bs8_drop0p2_temp1p0_a0p25_b0p05__wd1e-04trmiss0_degmodglobal,8,1e-05,0.0001,0.2,1.0,0.25,0.05,lr1e-05_bs8_drop0p2_temp1p0_a0p25_b0p05__wd1e-04trmiss0_degmodglobal,15,0.6643470014844622,0.6306914985179901,0.6944444444444444,0.8882105548772217,0.6923076923076923,0.0,0.6952279465539115,0.6388638019561768,0.05094244171466146,0.25495160690375734,0.0,0.0,0.0,0.0,0.0,18473,global,0.0
2,4,lr1e-05_bs8_drop0p2_temp1p0_a0p25_b0p05__wd1e-04trmiss0_degmodglobal,8,1e-05,0.0001,0.2,1.0,0.25,0.05,lr1e-05_bs8_drop0p2_temp1p0_a0p25_b0p05__wd1e-04trmiss0_degmodglobal,16,0.6636812090873718,0.6306506395339966,0.75,0.9148860398860401,0.6923076923076923,0.0,0.707288350377764,0.6372770071029663,0.05130903236567974,0.27153903458799633,0.0,0.0,0.0,0.0,0.0,18473,global,0.0
2,4,lr1e-05_bs8_drop0p2_temp1p0_a0p25_b0p05__wd1e-04trmiss0_degmodglobal,8,1e-05,0.0001,0.2,1.0,0.25,0.05,lr1e-05_bs8_drop0p2_temp1p0_a0p25_b0p05__wd1e-04trmiss0_degmodglobal,17,0.6478451405252729,0.6329648494720459,0.75,0.9148860398860401,0.6923076923076923,0.0,0.6809984871319362,0.6207941770553589,0.05458778089710644,0.26808045378753115,0.0,0.0,0.0,0.0,0.0,18473,global,0.0
2,4,lr1e-05_bs8_drop0p2_temp1p0_a0p25_b0p05__wd1e-04trmiss0_degmodglobal,8,1e-05,0.0001,0.2,1.0,0.25,0.05,lr1e-05_bs8_drop0p2_temp1p0_a0p25_b0p05__wd1e-04trmiss0_degmodglobal,18,0.6673861742019653,0.6321562230587006,0.7222222222222222,0.9040835707502375,0.6923076923076923,0.0,0.6970306038856506,0.6423377139227731,0.05152728568230357,0.24333262762853078,0.0,0.0,0.0,0.0,0.0,18473,global,0.0
2,4,lr1e-05_bs8_drop0p2_temp1p0_a0p25_b0p05__wd1e-04trmiss0_degmodglobal,8,1e-05,0.0001,0.2,1.0,0.25,0.05,lr1e-05_bs8_drop0p2_temp1p0_a0p25_b0p05__wd1e-04trmiss0_degmodglobal,19,0.6547938500131879,0.6346649825572968,0.75,0.9148860398860401,0.6923076923076923,0.0,0.682982155254909,0.6290293080466134,0.05066697086606707,0.2619560275759016,0.0,0.0,0.0,0.0,0.0,18473,global,0.0
2,4,lr1e-05_bs8_drop0p2_temp1p0_a0p25_b0p05__wd1e-04trmiss0_degmodglobal,8,1e-05,0.0001,0.2,1.0,0.25,0.05,lr1e-05_bs8_drop0p2_temp1p0_a0p25_b0p05__wd1e-04trmiss0_degmodglobal,20,0.6591018693787711,0.635045737028122,0.75,0.9148860398860401,0.6923076923076923,0.0,0.6643744792257037,0.6323542850358146,0.05532616376876831,0.2583209297486714,0.0,0.0,0.0,0.0,0.0,18473,global,0.0
2,4,lr1e-05_bs8_drop0p2_temp1p0_a0p25_b0p05__wd1e-04trmiss0_degmodglobal,8,1e-05,0.0001,0.2,1.0,0.25,0.05,lr1e-05_bs8_drop0p2_temp1p0_a0p25_b0p05__wd1e-04trmiss0_degmodglobal,21,0.6509552342551095,0.6364348530769348,0.75,0.9148860398860401,0.6923076923076923,0.0,0.6580873557499477,0.6267068556376866,0.04761039359228952,0.2469155830996377,0.0,0.0,0.0,0.0,0.0,18473,global,0.0
2,4,lr1e-05_bs8_drop0p2_temp1p0_a0p25_b0p05__wd1e-04trmiss0_degmodglobal,8,1e-05,0.0001,0.2,1.0,0.25,0.05,lr1e-05_bs8_drop0p2_temp1p0_a0p25_b0p05__wd1e-04trmiss0_degmodglobal,22,0.6606866291591099,0.6386662125587463,0.75,0.9148860398860401,0.6923076923076923,0.0,0.6918614251273019,0.6354321156229291,0.04989108496478626,0.2556347740547998,0.0,0.0,0.0,0.0,0.0,18473,global,0.0
2,4,lr1e-05_bs8_drop0p2_temp1p0_a0p25_b0p05__wd1e-04trmiss0_degmodglobal,8,1e-05,0.0001,0.2,1.0,0.25,0.05,lr1e-05_bs8_drop0p2_temp1p0_a0p25_b0p05__wd1e-04trmiss0_degmodglobal,23,0.6618128929819379,0.637766033411026,0.75,0.9148860398860401,0.6923076923076923,0.0,0.6435073443821498,0.6364019598279681,0.05448759240763528,0.23578089688505446,0.0,0.0,0.0,0.0,0.0,18473,global,0.0
2,4,lr1e-05_bs8_drop0p2_temp1p0_a0p25_b0p05__wd1e-04trmiss0_degmodglobal,8,1e-05,0.0001,0.2,1.0,0.25,0.05,lr1e-05_bs8_drop0p2_temp1p0_a0p25_b0p05__wd1e-04trmiss0_degmodglobal,24,0.6583338890756879,0.6363102197647095,0.7222222222222223,0.8990130240130241,0.6923076923076923,0.0,0.6544322541781834,0.6294884511402675,0.05989639673914228,0.27742678352764677,0.0,0.0,0.0,0.0,0.0,18473,global,0.0
2,4,lr1e-05_bs8_drop0p2_temp1p0_a0p25_b0p05__wd1e-04trmiss0_degmodglobal,8,1e-05,0.0001,0.2,1.0,0.25,0.05,lr1e-05_bs8_drop0p2_temp1p0_a0p25_b0p05__wd1e-04trmiss0_degmodglobal,25,0.6476163608687264,0.6363994777202606,0.75,0.9148860398860401,0.6923076923076923,0.0,0.6507354548999241,0.6260344045502799,0.04584541650755065,0.20241220721176692,0.0,0.0,0.0,0.0,0.0,18473,global,0.0
2,4,lr1e-05_bs8_drop0p2_temp1p0_a0p25_b0p05__wd1e-04trmiss0_degmodglobal,8,1e-05,0.0001,0.2,1.0,0.25,0.05,lr1e-05_bs8_drop0p2_temp1p0_a0p25_b0p05__wd1e-04trmiss0_degmodglobal,26,0.6549079077584403,0.6365524530410767,0.7222222222222222,0.9040835707502375,0.6923076923076923,0.0,0.6900064093726022,0.6327610697065081,0.045096449820058684,0.21745428017207555,0.0,0.0,0.0,0.0,0.0,18473,global,0.0
2,4,lr1e-05_bs8_drop0p2_temp1p0_a0p25_b0p05__wd1e-04trmiss0_degmodglobal,8,1e-05,0.0001,0.2,1.0,0.25,0.05,lr1e-05_bs8_drop0p2_temp1p0_a0p25_b0p05__wd1e-04trmiss0_degmodglobal,27,0.6564666288239616,0.6356480717658997,0.75,0.9148860398860401,0.6923076923076923,0.0,0.6581335152898516,0.6292616980416434,0.053074228444269726,0.2787275271756308,0.0,0.0,0.0,0.0,0.0,18473,global,0.0
2,4,lr1e-05_bs8_drop0p2_temp1p0_a0p25_b0p05__wd1e-04trmiss0_degmodglobal,8,1e-05,0.0001,0.2,1.0,0.25,0.05,lr1e-05_bs8_drop0p2_temp1p0_a0p25_b0p05__wd1e-04trmiss0_degmodglobal,28,0.6505756207874843,0.6366200149059296,0.75,0.9148860398860401,0.6923076923076923,0.0,0.6573068925312587,0.6280201332909721,0.046128391953451295,0.2204678441796984,0.0,0.0,0.0,0.0,0.0,18473,global,0.0
2,4,lr1e-05_bs8_drop0p2_temp1p0_a0p25_b0p05__wd1e-04trmiss0_degmodglobal,8,1e-05,0.0001,0.2,1.0,0.25,0.05,lr1e-05_bs8_drop0p2_temp1p0_a0p25_b0p05__wd1e-04trmiss0_degmodglobal,29,0.6369328073092869,0.6373741626739502,0.6666666666666667,0.8696920363587031,0.6923076923076923,0.0,0.6456211975642613,0.6144697495869228,0.04547304207725184,0.221896088549069,0.0,0.0,0.0,0.0,0.0,18473,global,0.0
2,4,lr1e-05_bs8_drop0p2_temp1p0_a0p25_b0p05__wd1e-04trmiss0_degmodglobal,8,1e-05,0.0001,0.2,1.0,0.25,0.05,lr1e-05_bs8_drop0p2_temp1p0_a0p25_b0p05__wd1e-04trmiss0_degmodglobal,30,0.6532844986234393,0.636443704366684,0.6944444444444444,0.8882105548772217,0.6923076923076923,0.0,0.6323666913168771,0.6240619761603219,0.05694704396384103,0.29971520389829365,0.0,0.0,0.0,0.0,0.0,18473,global,0.0
2,4,lr1e-05_bs8_drop0p2_temp1p0_a0p25_b0p05__wd1e-04trmiss0_degmodglobal,8,1e-05,0.0001,0.2,1.0,0.25,0.05,lr1e-05_bs8_drop0p2_temp1p0_a0p25_b0p05__wd1e-04trmiss0_degmodglobal,31,0.6575710858617511,0.6368495523929596,0.75,0.9148860398860401,0.6153846153846154,0.0,0.6814204795019967,0.6302269612039838,0.05529999573315893,0.2703825682401657,0.0,0.0,0.0,0.0,0.0,18473,global,0.0
2,4,lr1e-05_bs8_drop0p2_temp1p0_a0p25_b0p05__wd1e-04trmiss0_degmodglobal,8,1e-05,0.0001,0.2,1.0,0.25,0.05,lr1e-05_bs8_drop0p2_temp1p0_a0p25_b0p05__wd1e-04trmiss0_degmodglobal,32,0.6446360009057182,0.6351900994777679,0.7222222222222223,0.8990130240130241,0.6923076923076923,0.0,0.6366692355700901,0.6175834962299892,0.06053976821047919,0.23835156645093644,0.0,0.0,0.0,0.0,0.0,18473,global,0.0
2,4,lr1e-05_bs8_drop0p2_temp1p0_a0p25_b0p05__wd1e-04trmiss0_degmodglobal,8,1e-05,0.0001,0.2,1.0,0.25,0.05,lr1e-05_bs8_drop0p2_temp1p0_a0p25_b0p05__wd1e-04trmiss0_degmodglobal,33,0.6665994865553719,0.6349171102046967,0.6944444444444444,0.8804945054945057,0.6923076923076923,0.0,0.6367254512650626,0.6400645800999233,0.05692879589540618,0.2460541363273348,0.0,0.0,0.0,0.0,0.0,18473,global,0.0
2,4,lr1e-05_bs8_drop0p2_temp1p0_a0p25_b0p05__wd1e-04trmiss0_degmodglobal,8,1e-05,0.0001,0.2,1.0,0.25,0.05,lr1e-05_bs8_drop0p2_temp1p0_a0p25_b0p05__wd1e-04trmiss0_degmodglobal,34,0.6502093417303902,0.6358091533184052,0.75,0.9148860398860401,0.6923076923076923,0.0,0.6535546949931553,0.6227635145187378,0.05815950568233218,0.25811903178691864,0.0,0.0,0.0,0.0,0.0,18473,global,0.0
2,4,lr1e-05_bs8_drop0p2_temp1p0_a0p25_b0p05__wd1e-04trmiss0_degmodglobal,8,1e-05,0.0001,0.2,1.0,0.25,0.05,lr1e-05_bs8_drop0p2_temp1p0_a0p25_b0p05__wd1e-04trmiss0_degmodglobal,35,0.648612482207162,0.637714296579361,0.7222222222222223,0.8990130240130241,0.6923076923076923,0.0,0.6370367748396737,0.6214484657560077,0.05961463813270841,0.2452068722673825,0.0,0.0,0.0,0.0,0.0,18473,global,0.0
2,4,lr1e-05_bs8_drop0p2_temp1p0_a0p25_b0p05__wd1e-04trmiss0_degmodglobal,8,1e-05,0.0001,0.2,1.0,0.25,0.05,lr1e-05_bs8_drop0p2_temp1p0_a0p25_b0p05__wd1e-04trmiss0_degmodglobal,36,0.6575493557112557,0.6365950703620911,0.7222222222222223,0.8990130240130241,0.6923076923076923,0.0,0.6329493267195565,0.6291687914303371,0.058875617172036855,0.27323337325028013,0.0,0.0,0.0,0.0,0.0,18473,global,0.0
2,4,lr1e-05_bs8_drop0p2_temp2p0_a0p25_b0p05__wd1e-04trmiss0_degmodglobal,8,1e-05,0.0001,0.2,2.0,0.25,0.05,lr1e-05_bs8_drop0p2_temp2p0_a0p25_b0p05__wd1e-04trmiss0_degmodglobal,1,0.7241263389587402,0.6625902056694031,0.6388888888888888,0.8287477954144622,0.6153846153846154,0.0,0.7170655131340027,0.6974443537848336,0.06880342960357666,0.18962275556155614,0.0,0.0,0.0,0.0,0.0,18473,global,0.0
2,4,lr1e-05_bs8_drop0p2_temp2p0_a0p25_b0p05__wd1e-04trmiss0_degmodglobal,8,1e-05,0.0001,0.2,2.0,0.25,0.05,lr1e-05_bs8_drop0p2_temp2p0_a0p25_b0p05__wd1e-04trmiss0_degmodglobal,2,0.7330269047192165,0.6643612384796143,0.6388888888888888,0.8287477954144622,0.5384615384615384,0.0,0.6961293390819004,0.7070936475481305,0.07407602188842637,0.1482851015669959,0.0,0.0,0.0,0.0,0.0,18473,global,0.0
2,4,lr1e-05_bs8_drop0p2_temp2p0_a0p25_b0p05__wd1e-04trmiss0_degmodglobal,8,1e-05,0.0001,0.2,2.0,0.25,0.05,lr1e-05_bs8_drop0p2_temp2p0_a0p25_b0p05__wd1e-04trmiss0_degmodglobal,3,0.7293939931052071,0.6714806854724884,0.611111111111111,0.8223375390042058,0.5384615384615384,0.0,0.7277487942150661,0.7068472930363247,0.06408036180904933,0.13053240201302937,0.0,0.0,0.0,0.0,0.0,18473,global,0.0
2,4,lr1e-05_bs8_drop0p2_temp2p0_a0p25_b0p05__wd1e-04trmiss0_degmodglobal,8,1e-05,0.0001,0.2,2.0,0.25,0.05,lr1e-05_bs8_drop0p2_temp2p0_a0p25_b0p05__wd1e-04trmiss0_degmodglobal,4,0.7118730119296482,0.6722114682197571,0.6388888888888888,0.8287477954144622,0.46153846153846156,0.0,0.6916455796786717,0.6895542144775391,0.05831547826528549,0.15479862902845656,0.0,0.0,0.0,0.0,0.0,18473,global,0.0
2,4,lr1e-05_bs8_drop0p2_temp2p0_a0p25_b0p05__wd1e-04trmiss0_degmodglobal,8,1e-05,0.0001,0.2,2.0,0.25,0.05,lr1e-05_bs8_drop0p2_temp2p0_a0p25_b0p05__wd1e-04trmiss0_degmodglobal,5,0.7048664263316563,0.6809569895267487,0.5555555555555555,0.8056147556147557,0.46153846153846156,0.0,0.6964052404676165,0.681956444467817,0.06013093941978046,0.15754495135375432,0.0,0.0,0.0,0.0,0.0,18473,global,0.0
2,4,lr1e-05_bs8_drop0p2_temp2p0_a0p25_b0p05__wd1e-04trmiss0_degmodglobal,8,1e-05,0.0001,0.2,2.0,0.25,0.05,lr1e-05_bs8_drop0p2_temp2p0_a0p25_b0p05__wd1e-04trmiss0_degmodglobal,6,0.7194477660315377,0.6857288181781769,0.4722222222222222,0.7586570836570836,0.46153846153846156,0.0,0.6690492119107928,0.6967286893299648,0.06464123034051486,0.13117523172072001,0.0,0.0,0.0,0.0,0.0,18473,global,0.0
2,4,lr1e-05_bs8_drop0p2_temp2p0_a0p25_b0p05__wd1e-04trmiss0_degmodglobal,8,1e-05,0.0001,0.2,2.0,0.25,0.05,lr1e-05_bs8_drop0p2_temp2p0_a0p25_b0p05__wd1e-04trmiss0_degmodglobal,7,0.6921366453170776,0.6849856972694397,0.4722222222222222,0.7586570836570836,0.46153846153846156,0.0,0.6776353120803833,0.6737840345927647,0.04894499161413738,0.12232725535120283,0.0,0.0,0.0,0.0,0.0,18473,global,0.0
2,4,lr1e-05_bs8_drop0p2_temp2p0_a0p25_b0p05__wd1e-04trmiss0_degmodglobal,8,1e-05,0.0001,0.2,2.0,0.25,0.05,lr1e-05_bs8_drop0p2_temp2p0_a0p25_b0p05__wd1e-04trmiss0_degmodglobal,8,0.6837466699736459,0.6824119389057159,0.5,0.7864348614348615,0.46153846153846156,0.0,0.6649460962840489,0.6681227343423026,0.043275645800999234,0.09610045435173172,0.0,0.0,0.0,0.0,0.0,18473,global,0.0
2,4,lr1e-05_bs8_drop0p2_temp2p0_a0p25_b0p05__wd1e-04trmiss0_degmodglobal,8,1e-05,0.0001,0.2,2.0,0.25,0.05,lr1e-05_bs8_drop0p2_temp2p0_a0p25_b0p05__wd1e-04trmiss0_degmodglobal,9,0.6953078167779105,0.6853956282138824,0.5,0.7864348614348615,0.46153846153846156,0.0,0.6594177995409284,0.6754252570016044,0.05584178492426872,0.11844223790935107,0.0,0.0,0.0,0.0,0.0,18473,global,0.0
2,4,lr1e-05_bs8_drop0p2_temp2p0_a0p25_b0p05__wd1e-04trmiss0_degmodglobal,8,1e-05,0.0001,0.2,2.0,0.25,0.05,lr1e-05_bs8_drop0p2_temp2p0_a0p25_b0p05__wd1e-04trmiss0_degmodglobal,10,0.6768896409443447,0.6793285608291626,0.5,0.7864348614348615,0.46153846153846156,0.0,0.6554460014615741,0.6600307566779,0.05180232705814498,0.0781660010772092,0.0,0.0,0.0,0.0,0.0,18473,global,0.0
2,4,lr1e-05_bs8_drop0p2_temp2p0_a0p25_b0p05__wd1e-04trmiss0_degmodglobal,8,1e-05,0.0001,0.2,2.0,0.25,0.05,lr1e-05_bs8_drop0p2_temp2p0_a0p25_b0p05__wd1e-04trmiss0_degmodglobal,11,0.6698871340070452,0.6797377467155457,0.5277777777777778,0.7963554963554964,0.46153846153846156,0.0,0.6613635165350777,0.6500110030174255,0.05305555249963488,0.13224521119679725,0.0,0.0,0.0,0.0,0.0,18473,global,0.0
2,4,lr1e-05_bs8_drop0p2_temp2p0_a0p25_b0p05__wd1e-04trmiss0_degmodglobal,8,1e-05,0.0001,0.2,2.0,0.25,0.05,lr1e-05_bs8_drop0p2_temp2p0_a0p25_b0p05__wd1e-04trmiss0_degmodglobal,12,0.7010449426514762,0.6799909770488739,0.5277777777777778,0.7963554963554964,0.46153846153846156,0.0,0.666644309248243,0.6827047126633781,0.048273050359317234,0.12543919256755284,0.0,0.0,0.0,0.0,0.0,18473,global,0.0
2,4,lr1e-05_bs8_drop0p2_temp2p0_a0p25_b0p05__wd1e-04trmiss0_degmodglobal,8,1e-05,0.0001,0.2,2.0,0.25,0.05,lr1e-05_bs8_drop0p2_temp2p0_a0p25_b0p05__wd1e-04trmiss0_degmodglobal,13,0.6871667759759086,0.6857208907604218,0.5,0.7864348614348615,0.46153846153846156,0.0,0.6183579393795559,0.66597980260849,0.05731505847402981,0.13716405630111694,0.0,0.0,0.0,0.0,0.0,18473,global,0.0
2,4,lr1e-05_bs8_drop0p2_temp2p0_a0p25_b0p05__wd1e-04trmiss0_degmodglobal,8,1e-05,0.0001,0.2,2.0,0.25,0.05,lr1e-05_bs8_drop0p2_temp2p0_a0p25_b0p05__wd1e-04trmiss0_degmodglobal,14,0.6882232938494001,0.6910657584667206,0.5,0.7864348614348615,0.38461538461538464,0.0,0.6367829356874738,0.6651097025190081,0.06127937138080597,0.15587486113820756,0.0,0.0,0.0,0.0,0.0,18473,global,0.0
2,4,lr1e-05_bs8_drop0p2_temp2p0_a0p25_b0p05__wd1e-04trmiss0_degmodglobal,8,1e-05,0.0001,0.2,2.0,0.25,0.05,lr1e-05_bs8_drop0p2_temp2p0_a0p25_b0p05__wd1e-04trmiss0_degmodglobal,15,0.6668926392282758,0.6956417858600616,0.5,0.7864348614348615,0.38461538461538464,0.0,0.6549723318644932,0.6454598307609558,0.06169784787510123,0.12016669394714492,0.0,0.0,0.0,0.0,0.0,18473,global,0.0
2,4,lr1e-05_bs8_drop0p2_temp2p0_a0p25_b0p05__wd1e-04trmiss0_degmodglobal,8,1e-05,0.0001,0.2,2.0,0.25,0.05,lr1e-05_bs8_drop0p2_temp2p0_a0p25_b0p05__wd1e-04trmiss0_degmodglobal,16,0.6883800455502102,0.6919503211975098,0.4722222222222222,0.7586570836570836,0.46153846153846156,0.0,0.62785404920578,0.6634826915604728,0.06791287394506591,0.158382810652256,0.0,0.0,0.0,0.0,0.0,18473,global,0.0
2,4,lr1e-05_bs8_drop0p2_temp2p0_a0p25_b0p05__wd1e-04trmiss0_degmodglobal,8,1e-05,0.0001,0.2,2.0,0.25,0.05,lr1e-05_bs8_drop0p2_temp2p0_a0p25_b0p05__wd1e-04trmiss0_degmodglobal,17,0.669098539011819,0.6955840885639191,0.4444444444444444,0.7480750730750731,0.46153846153846156,0.0,0.6337674600737435,0.6491102916853768,0.054815326418195455,0.12568824578608787,0.0,0.0,0.0,0.0,0.0,18473,global,0.0
2,4,lr1e-05_bs8_drop0p2_temp2p0_a0p25_b0p05__wd1e-04trmiss0_degmodglobal,8,1e-05,0.0001,0.2,2.0,0.25,0.05,lr1e-05_bs8_drop0p2_temp2p0_a0p25_b0p05__wd1e-04trmiss0_degmodglobal,18,0.6770431569644383,0.7010179758071899,0.4444444444444444,0.7480750730750731,0.46153846153846156,0.0,0.6236719063350132,0.6584045886993408,0.054994882217475345,0.09779698481517178,0.0,0.0,0.0,0.0,0.0,18473,global,0.0
2,4,lr1e-05_bs8_drop0p2_temp2p0_a0p25_b0p05__wd1e-04trmiss0_degmodglobal,8,1e-05,0.0001,0.2,2.0,0.25,0.05,lr1e-05_bs8_drop0p2_temp2p0_a0p25_b0p05__wd1e-04trmiss0_degmodglobal,19,0.6588376760482788,0.6988355815410614,0.4444444444444444,0.7480750730750731,0.46153846153846156,0.0,0.6024859207017081,0.6378859962735858,0.05980890403900828,0.1199892493230956,0.0,0.0,0.0,0.0,0.0,18473,global,0.0
2,4,lr1e-05_bs8_drop0p2_temp2p0_a0p25_b0p05__wd1e-04trmiss0_degmodglobal,8,1e-05,0.0001,0.2,2.0,0.25,0.05,lr1e-05_bs8_drop0p2_temp2p0_a0p25_b0p05__wd1e-04trmiss0_degmodglobal,20,0.6694240059171405,0.698432058095932,0.4444444444444444,0.7480750730750731,0.46153846153846156,0.0,0.6448522210121155,0.6485715678759983,0.057054191295589717,0.13177785064492906,0.0,0.0,0.0,0.0,0.0,18473,global,0.0
2,4,lr1e-05_bs8_drop0p2_temp2p0_a0p25_b0p05__wd1e-04trmiss0_degmodglobal,8,1e-05,0.0001,0.2,2.0,0.25,0.05,lr1e-05_bs8_drop0p2_temp2p0_a0p25_b0p05__wd1e-04trmiss0_degmodglobal,21,0.6904593450682504,0.6979048252105713,0.4444444444444444,0.7480750730750731,0.46153846153846156,0.0,0.6192565560340881,0.6642834969929287,0.06503420802099365,0.19834590596812113,0.0,0.0,0.0,0.0,0.0,18473,global,0.0
2,4,lr1e-05_bs8_drop0p2_temp2p0_a0p25_b0p05__wd1e-04trmiss0_degmodglobal,8,1e-05,0.0001,0.2,2.0,0.25,0.05,lr1e-05_bs8_drop0p2_temp2p0_a0p25_b0p05__wd1e-04trmiss0_degmodglobal,22,0.6677575962884086,0.695812463760376,0.4444444444444444,0.7480750730750731,0.46153846153846156,0.0,0.5965398379734584,0.6441659671919686,0.06757440896970886,0.13396044448018074,0.0,0.0,0.0,0.0,0.0,18473,global,0.0
2,4,lr1e-05_bs8_drop0p2_temp2p0_a0p25_b0p05__wd1e-04trmiss0_degmodglobal,8,1e-05,0.0001,0.2,2.0,0.25,0.05,lr1e-05_bs8_drop0p2_temp2p0_a0p25_b0p05__wd1e-04trmiss0_degmodglobal,23,0.6780426672526768,0.6941804885864258,0.4444444444444444,0.7480750730750731,0.38461538461538464,0.0,0.610315101487296,0.6528055838176182,0.07304435116904122,0.13952013796993665,0.0,0.0,0.0,0.0,0.0,18473,global,0.0
2,4,lr1e-05_bs8_drop0p2_temp2p0_a0p25_b0p05__wd1e-04trmiss0_degmodglobal,8,1e-05,0.0001,0.2,2.0,0.25,0.05,lr1e-05_bs8_drop0p2_temp2p0_a0p25_b0p05__wd1e-04trmiss0_degmodglobal,24,0.686418354511261,0.6930806934833527,0.4444444444444444,0.7480750730750731,0.38461538461538464,0.0,0.6125628692763192,0.6651360222271511,0.058255059378487725,0.134371283863272,0.0,0.0,0.0,0.0,0.0,18473,global,0.0
2,4,lr1e-05_bs8_drop0p2_temp2p0_a0p25_b0p05__wd1e-04trmiss0_degmodglobal,8,1e-05,0.0001,0.2,2.0,0.25,0.05,lr1e-05_bs8_drop0p2_temp2p0_a0p25_b0p05__wd1e-04trmiss0_degmodglobal,25,0.6721610937799726,0.6930736303329468,0.4444444444444444,0.7480750730750731,0.38461538461538464,0.0,0.6053495832851955,0.6526114003998893,0.057085679311837466,0.10556560967649732,0.0,0.0,0.0,0.0,0.0,18473,global,0.0
2,4,lr1e-05_bs8_drop0p4_temp1p0_a0p25_b0p05__wd1e-04trmiss0_degmodglobal,8,1e-05,0.0001,0.4,1.0,0.25,0.05,lr1e-05_bs8_drop0p4_temp1p0_a0p25_b0p05__wd1e-04trmiss0_degmodglobal,1,0.7420660853385925,0.6984158158302307,0.4166666666666667,0.6828153328153329,0.5384615384615384,0.0,0.7151144317218235,0.7164093681744167,0.06233622985226767,0.2014532514980861,0.0,0.0,0.0,0.0,0.0,18473,global,0.0
2,4,lr1e-05_bs8_drop0p4_temp1p0_a0p25_b0p05__wd1e-04trmiss0_degmodglobal,8,1e-05,0.0001,0.4,1.0,0.25,0.05,lr1e-05_bs8_drop0p4_temp1p0_a0p25_b0p05__wd1e-04trmiss0_degmodglobal,2,0.7342116832733154,0.6984153389930725,0.4166666666666667,0.6828153328153329,0.5384615384615384,0.0,0.6930921503475734,0.7158560838018145,0.04576557342495237,0.13828403422875063,0.0,0.0,0.0,0.0,0.0,18473,global,0.0
2,4,lr1e-05_bs8_drop0p4_temp1p0_a0p25_b0p05__wd1e-04trmiss0_degmodglobal,8,1e-05,0.0001,0.4,1.0,0.25,0.05,lr1e-05_bs8_drop0p4_temp1p0_a0p25_b0p05__wd1e-04trmiss0_degmodglobal,3,0.7453242880957467,0.6974112093448639,0.4444444444444444,0.6902227402227403,0.5384615384615384,0.0,0.703448840550014,0.7193681597709656,0.05868151517851012,0.22571532534701483,0.0,0.0,0.0,0.0,0.0,18473,global,0.0
2,4,lr1e-05_bs8_drop0p4_temp1p0_a0p25_b0p05__wd1e-04trmiss0_degmodglobal,8,1e-05,0.0001,0.4,1.0,0.25,0.05,lr1e-05_bs8_drop0p4_temp1p0_a0p25_b0p05__wd1e-04trmiss0_degmodglobal,4,0.7224054421697345,0.6964666843414307,0.4722222222222222,0.6994819994819995,0.5384615384615384,0.0,0.6851204122815814,0.701037517615727,0.060039326548576355,0.1271618093763079,0.0,0.0,0.0,0.0,0.0,18473,global,0.0
2,4,lr1e-05_bs8_drop0p4_temp1p0_a0p25_b0p05__wd1e-04trmiss0_degmodglobal,8,1e-05,0.0001,0.4,1.0,0.25,0.05,lr1e-05_bs8_drop0p4_temp1p0_a0p25_b0p05__wd1e-04trmiss0_degmodglobal,5,0.7014090589114598,0.6983442902565002,0.4444444444444444,0.6862544862544863,0.5384615384615384,0.0,0.6953243868691581,0.6796845027378627,0.05529554613998958,0.15801358435835158,0.0,0.0,0.0,0.0,0.0,18473,global,0.0
2,4,lr1e-05_bs8_drop0p4_temp1p0_a0p25_b0p05__wd1e-04trmiss0_degmodglobal,8,1e-05,0.0001,0.4,1.0,0.25,0.05,lr1e-05_bs8_drop0p4_temp1p0_a0p25_b0p05__wd1e-04trmiss0_degmodglobal,6,0.717378284249987,0.6996718347072601,0.4444444444444444,0.6862544862544863,0.5384615384615384,0.0,0.7033087866646903,0.6947999426296779,0.05860010640961783,0.15856639402253286,0.0,0.0,0.0,0.0,0.0,18473,global,0.0
2,4,lr1e-05_bs8_drop0p4_temp1p0_a0p25_b0p05__wd1e-04trmiss0_degmodglobal,8,1e-05,0.0001,0.4,1.0,0.25,0.05,lr1e-05_bs8_drop0p4_temp1p0_a0p25_b0p05__wd1e-04trmiss0_degmodglobal,7,0.7034835985728672,0.6983360648155212,0.4444444444444444,0.6862544862544863,0.5384615384615384,0.0,0.6909267221178327,0.6830587983131409,0.052942650126559396,0.14378263215933526,0.0,0.0,0.0,0.0,0.0,18473,global,0.0
2,4,lr1e-05_bs8_drop0p4_temp1p0_a0p25_b0p05__wd1e-04trmiss0_degmodglobal,8,1e-05,0.0001,0.4,1.0,0.25,0.05,lr1e-05_bs8_drop0p4_temp1p0_a0p25_b0p05__wd1e-04trmiss0_degmodglobal,8,0.7145916053227016,0.6982845962047577,0.4444444444444445,0.7325507825507827,0.5384615384615384,0.0,0.6630496893610273,0.6876180938311985,0.06759648716875485,0.20148771149771555,0.0,0.0,0.0,0.0,0.0,18473,global,0.0
2,4,lr1e-05_bs8_drop0p4_temp1p0_a0p25_b0p05__wd1e-04trmiss0_degmodglobal,8,1e-05,0.0001,0.4,1.0,0.25,0.05,lr1e-05_bs8_drop0p4_temp1p0_a0p25_b0p05__wd1e-04trmiss0_degmodglobal,9,0.7328085643904549,0.6996739208698273,0.47222222222222227,0.7396214896214897,0.5384615384615384,0.0,0.6673468181065151,0.7059981567519051,0.06281691896063941,0.22212331209863936,0.0,0.0,0.0,0.0,0.0,18473,global,0.0
2,4,lr1e-05_bs8_drop0p4_temp1p0_a0p25_b0p05__wd1e-04trmiss0_degmodglobal,8,1e-05,0.0001,0.4,1.0,0.25,0.05,lr1e-05_bs8_drop0p4_temp1p0_a0p25_b0p05__wd1e-04trmiss0_degmodglobal,10,0.6954431363514492,0.7079831063747406,0.41666666666666663,0.6741452991452992,0.5384615384615384,0.0,0.6514061604227338,0.6665437647274562,0.07469121845705169,0.20453116723469325,0.0,0.0,0.0,0.0,0.0,18473,global,0.0
2,4,lr1e-05_bs8_drop0p4_temp1p0_a0p25_b0p05__wd1e-04trmiss0_degmodglobal,8,1e-05,0.0001,0.4,1.0,0.25,0.05,lr1e-05_bs8_drop0p4_temp1p0_a0p25_b0p05__wd1e-04trmiss0_degmodglobal,11,0.7072112219674247,0.7198344469070435,0.3888888888888889,0.6593304843304844,0.46153846153846156,0.0,0.6526581389563424,0.6780480487006051,0.06544460196580205,0.2560401228921754,0.0,0.0,0.0,0.0,0.0,18473,global,0.0
2,4,lr1e-05_bs8_drop0p4_temp1p0_a0p25_b0p05__wd1e-04trmiss0_degmodglobal,8,1e-05,0.0001,0.4,1.0,0.25,0.05,lr1e-05_bs8_drop0p4_temp1p0_a0p25_b0p05__wd1e-04trmiss0_degmodglobal,12,0.7023950985499791,0.722355306148529,0.3611111111111111,0.6487484737484738,0.46153846153846156,0.0,0.695837676525116,0.6837774855749947,0.04642841113465173,0.14021025331957,0.0,0.0,0.0,0.0,0.0,18473,global,0.0
2,4,lr1e-05_bs8_drop0p4_temp1p0_a0p25_b0p05__wd1e-04trmiss0_degmodglobal,8,1e-05,0.0001,0.4,1.0,0.25,0.05,lr1e-05_bs8_drop0p4_temp1p0_a0p25_b0p05__wd1e-04trmiss0_degmodglobal,13,0.699824835572924,0.7263334393501282,0.3333333333333333,0.6416777666777667,0.38461538461538464,0.0,0.6841294765472412,0.6771027105195182,0.05577080537165914,0.17558835606489862,0.0,0.0,0.0,0.0,0.0,18473,global,0.0
2,4,lr1e-05_bs8_drop0p4_temp1p0_a0p25_b0p05__wd1e-04trmiss0_degmodglobal,8,1e-05,0.0001,0.4,1.0,0.25,0.05,lr1e-05_bs8_drop0p4_temp1p0_a0p25_b0p05__wd1e-04trmiss0_degmodglobal,14,0.7204139147486005,0.7219626605510712,0.3611111111111111,0.6487484737484738,0.38461538461538464,0.0,0.6555968693324498,0.6974604300090245,0.053493691076125414,0.1916012018918991,0.0,0.0,0.0,0.0,0.0,18473,global,0.0
2,4,lr1e-05_bs8_drop0p4_temp1p0_a0p25_b0p05__wd1e-04trmiss0_degmodglobal,8,1e-05,0.0001,0.4,1.0,0.25,0.05,lr1e-05_bs8_drop0p4_temp1p0_a0p25_b0p05__wd1e-04trmiss0_degmodglobal,15,0.6551029171262469,0.7187912166118622,0.3611111111111111,0.6487484737484738,0.46153846153846156,0.0,0.6348180345126561,0.6371651717594692,0.04909332628761019,0.11328799596854619,0.0,0.0,0.0,0.0,0.0,18473,global,0.0
2,4,lr1e-05_bs8_drop0p4_temp1p0_a0p25_b0p05__wd1e-04trmiss0_degmodglobal,8,1e-05,0.0001,0.4,1.0,0.25,0.05,lr1e-05_bs8_drop0p4_temp1p0_a0p25_b0p05__wd1e-04trmiss0_degmodglobal,16,0.6859576872416905,0.7174859046936035,0.3611111111111111,0.6487484737484738,0.46153846153846156,0.0,0.6741879412106105,0.6656703438077655,0.0542351920157671,0.13457084340708597,0.0,0.0,0.0,0.0,0.0,18473,global,0.0
2,4,lr1e-05_bs8_drop0p4_temp1p0_a0p25_b0p05__wd1e-04trmiss0_degmodglobal,8,1e-05,0.0001,0.4,1.0,0.25,0.05,lr1e-05_bs8_drop0p4_temp1p0_a0p25_b0p05__wd1e-04trmiss0_degmodglobal,17,0.6801710299083165,0.7149255275726318,0.3611111111111111,0.6487484737484738,0.46153846153846156,0.0,0.6683698551995414,0.6601423791476658,0.05318847617932728,0.13463075459003448,0.0,0.0,0.0,0.0,0.0,18473,global,0.0
2,4,lr1e-05_bs8_drop0p4_temp1p0_a0p25_b0p05__wd1e-04trmiss0_degmodglobal,8,1e-05,0.0001,0.4,1.0,0.25,0.05,lr1e-05_bs8_drop0p4_temp1p0_a0p25_b0p05__wd1e-04trmiss0_degmodglobal,18,0.7109603711536953,0.7171162068843842,0.3611111111111111,0.6487484737484738,0.46153846153846156,0.0,0.6967033999306815,0.6914934686252049,0.04929892745401178,0.1428434311279229,0.0,0.0,0.0,0.0,0.0,18473,global,0.0
2,4,lr1e-05_bs8_drop0p4_temp1p0_a0p25_b0p05__wd1e-04trmiss0_degmodglobal,8,1e-05,0.0001,0.4,1.0,0.25,0.05,lr1e-05_bs8_drop0p4_temp1p0_a0p25_b0p05__wd1e-04trmiss0_degmodglobal,19,0.6779707159314837,0.7155942022800446,0.3611111111111111,0.6487484737484738,0.46153846153846156,0.0,0.6398849742753165,0.6557119573865619,0.06119918104793344,0.1391793585249356,0.0,0.0,0.0,0.0,0.0,18473,global,0.0
2,4,lr1e-05_bs8_drop0p4_temp1p0_a0p25_b0p05__wd1e-04trmiss0_degmodglobal,8,1e-05,0.0001,0.4,1.0,0.25,0.05,lr1e-05_bs8_drop0p4_temp1p0_a0p25_b0p05__wd1e-04trmiss0_degmodglobal,20,0.7014511397906712,0.7154000401496887,0.3888888888888889,0.6593304843304844,0.46153846153846156,0.0,0.6412477322987148,0.6782786846160889,0.05713207221456936,0.1777884555714471,0.0,0.0,0.0,0.0,0.0,18473,global,0.0
2,4,lr1e-05_bs8_drop0p4_temp1p0_a0p25_b0p05__wd1e-04trmiss0_degmodglobal,8,1e-05,0.0001,0.4,1.0,0.25,0.05,lr1e-05_bs8_drop0p4_temp1p0_a0p25_b0p05__wd1e-04trmiss0_degmodglobal,21,0.6822123612676348,0.714796632528305,0.3611111111111111,0.6487484737484738,0.46153846153846156,0.0,0.6236601727349418,0.6575630818094526,0.0638187165771212,0.1738921691264425,0.0,0.0,0.0,0.0,0.0,18473,global,0.0
2,4,lr1e-05_bs8_drop0p4_temp1p0_a0p25_b0p05__wd1e-04trmiss0_degmodglobal,8,1e-05,0.0001,0.4,1.0,0.25,0.05,lr1e-05_bs8_drop0p4_temp1p0_a0p25_b0p05__wd1e-04trmiss0_degmodglobal,22,0.696596622467041,0.7152248620986938,0.3611111111111111,0.6487484737484738,0.46153846153846156,0.0,0.6350565041814532,0.6742691993713379,0.053486023896506855,0.1791182171021189,0.0,0.0,0.0,0.0,0.0,18473,global,0.0
2,4,lr1e-05_bs8_drop0p4_temp1p0_a0p25_b0p05__wd1e-04trmiss0_degmodglobal,8,1e-05,0.0001,0.4,1.0,0.25,0.05,lr1e-05_bs8_drop0p4_temp1p0_a0p25_b0p05__wd1e-04trmiss0_degmodglobal,23,0.6906358514513288,0.7156305611133575,0.3611111111111111,0.6487484737484738,0.46153846153846156,0.0,0.609729358128139,0.675154549734933,0.04335920698940754,0.0928300331745829,0.0,0.0,0.0,0.0,0.0,18473,global,0.0
2,4,lr1e-05_bs8_drop0p4_temp1p0_a0p25_b0p05__wd1e-04trmiss0_degmodglobal,8,1e-05,0.0001,0.4,1.0,0.25,0.05,lr1e-05_bs8_drop0p4_temp1p0_a0p25_b0p05__wd1e-04trmiss0_degmodglobal,24,0.6832951307296753,0.7167235314846039,0.3888888888888889,0.6593304843304844,0.46153846153846156,0.0,0.6087852120399475,0.6611278738294329,0.05391460923211915,0.17377195400851114,0.0,0.0,0.0,0.0,0.0,18473,global,0.0
2,4,lr1e-05_bs8_drop0p4_temp1p0_a0p25_b0p05__wd1e-04trmiss0_degmodglobal,8,1e-05,0.0001,0.4,1.0,0.25,0.05,lr1e-05_bs8_drop0p4_temp1p0_a0p25_b0p05__wd1e-04trmiss0_degmodglobal,25,0.6645185606820243,0.7190199494361877,0.3888888888888889,0.6593304843304844,0.38461538461538464,0.0,0.623610760484423,0.6446282523018974,0.05123362051589148,0.1416381672024727,0.0,0.0,0.0,0.0,0.0,18473,global,0.0
2,4,lr1e-05_bs8_drop0p4_temp1p0_a0p25_b0p05__wd1e-04trmiss0_degmodglobal,8,1e-05,0.0001,0.4,1.0,0.25,0.05,lr1e-05_bs8_drop0p4_temp1p0_a0p25_b0p05__wd1e-04trmiss0_degmodglobal,26,0.6853600059236798,0.7201204597949982,0.3888888888888889,0.6593304843304844,0.38461538461538464,0.0,0.6440737417766026,0.6618004952158246,0.05256174611193793,0.20838119089603424,0.0,0.0,0.0,0.0,0.0,18473,global,0.0
2,4,lr1e-05_bs8_drop0p4_temp1p0_a0p25_b0p05__wd1e-04trmiss0_degmodglobal,8,1e-05,0.0001,0.4,1.0,0.25,0.05,lr1e-05_bs8_drop0p4_temp1p0_a0p25_b0p05__wd1e-04trmiss0_degmodglobal,27,0.6795013206345695,0.7213993966579437,0.36111111111111116,0.6426638176638176,0.38461538461538464,0.0,0.6347912294524056,0.6612432513918195,0.04882755982024329,0.12102350007210459,0.0,0.0,0.0,0.0,0.0,18473,global,0.0
2,4,lr1e-05_bs8_drop0p4_temp1p0_a0p25_b0p05__wd1e-04trmiss0_degmodglobal,8,1e-05,0.0001,0.4,1.0,0.25,0.05,lr1e-05_bs8_drop0p4_temp1p0_a0p25_b0p05__wd1e-04trmiss0_degmodglobal,28,0.6811669298580715,0.7214602828025818,0.3055555555555556,0.6250111000111,0.38461538461538464,0.0,0.6068313717842102,0.6569430232048035,0.06144996040633747,0.17722804418631963,0.0,0.0,0.0,0.0,0.0,18473,global,0.0
2,4,lr1e-05_bs8_drop0p4_temp1p0_a0p25_b0p05__wd1e-04trmiss0_degmodglobal,8,1e-05,0.0001,0.4,1.0,0.25,0.05,lr1e-05_bs8_drop0p4_temp1p0_a0p25_b0p05__wd1e-04trmiss0_degmodglobal,29,0.7003589357648577,0.7202283442020416,0.33333333333333337,0.6320818070818071,0.38461538461538464,0.0,0.6324726087706429,0.680093663079398,0.05435534406985555,0.1335288222346987,0.0,0.0,0.0,0.0,0.0,18473,global,0.0
2,4,lr1e-05_bs8_drop0p4_temp2p0_a0p25_b0p05__wd1e-04trmiss0_degmodglobal,8,1e-05,0.0001,0.4,2.0,0.25,0.05,lr1e-05_bs8_drop0p4_temp2p0_a0p25_b0p05__wd1e-04trmiss0_degmodglobal,1,0.7434142061642238,0.6672778725624084,0.6666666666666666,0.8233605900272567,0.6923076923076923,0.0,0.7355818322726658,0.726694004876273,0.04301023829196181,0.1193526131766183,0.0,0.0,0.0,0.0,0.0,18473,global,0.0
2,4,lr1e-05_bs8_drop0p4_temp2p0_a0p25_b0p05__wd1e-04trmiss0_degmodglobal,8,1e-05,0.0001,0.4,2.0,0.25,0.05,lr1e-05_bs8_drop0p4_temp2p0_a0p25_b0p05__wd1e-04trmiss0_degmodglobal,2,0.7217086468424115,0.6755709052085876,0.6388888888888888,0.8157848324514991,0.46153846153846156,0.0,0.762547322681972,0.7016719153949192,0.04799860502992358,0.1607419667499406,0.0,0.0,0.0,0.0,0.0,18473,global,0.0
2,4,lr1e-05_bs8_drop0p4_temp2p0_a0p25_b0p05__wd1e-04trmiss0_degmodglobal,8,1e-05,0.0001,0.4,2.0,0.25,0.05,lr1e-05_bs8_drop0p4_temp2p0_a0p25_b0p05__wd1e-04trmiss0_degmodglobal,3,0.7564194968768528,0.6814852952957153,0.6944444444444444,0.8409171075837742,0.38461538461538464,0.0,0.741496171270098,0.7337221588407244,0.054104642144271305,0.18342341908386775,0.0,0.0,0.0,0.0,0.0,18473,global,0.0
2,4,lr1e-05_bs8_drop0p4_temp2p0_a0p25_b0p05__wd1e-04trmiss0_degmodglobal,8,1e-05,0.0001,0.4,2.0,0.25,0.05,lr1e-05_bs8_drop0p4_temp2p0_a0p25_b0p05__wd1e-04trmiss0_degmodglobal,4,0.7256720747266497,0.6926663517951965,0.6666666666666666,0.8038800705467373,0.38461538461538464,0.0,0.7477232302938189,0.7031148076057434,0.05472461799425738,0.17752201855182648,0.0,0.0,0.0,0.0,0.0,18473,global,0.0
2,4,lr1e-05_bs8_drop0p4_temp2p0_a0p25_b0p05__wd1e-04trmiss0_degmodglobal,8,1e-05,0.0001,0.4,2.0,0.25,0.05,lr1e-05_bs8_drop0p4_temp2p0_a0p25_b0p05__wd1e-04trmiss0_degmodglobal,5,0.7266274690628052,0.7037589848041534,0.6666666666666666,0.8082722832722833,0.38461538461538464,0.0,0.7399885995047433,0.7052563173430306,0.05140931638223784,0.17037639101701124,0.0,0.0,0.0,0.0,0.0,18473,global,0.0
2,4,lr1e-05_bs8_drop0p4_temp2p0_a0p25_b0p05__wd1e-04trmiss0_degmodglobal,8,1e-05,0.0001,0.4,2.0,0.25,0.05,lr1e-05_bs8_drop0p4_temp2p0_a0p25_b0p05__wd1e-04trmiss0_degmodglobal,6,0.7106956924710955,0.7076269090175629,0.6666666666666666,0.8082722832722833,0.38461538461538464,0.0,0.749153060572488,0.689263675894056,0.04986575059592724,0.17931136914661952,0.0,0.0,0.0,0.0,0.0,18473,global,0.0
2,4,lr1e-05_bs8_drop0p4_temp2p0_a0p25_b0p05__wd1e-04trmiss0_degmodglobal,8,1e-05,0.0001,0.4,2.0,0.25,0.05,lr1e-05_bs8_drop0p4_temp2p0_a0p25_b0p05__wd1e-04trmiss0_degmodglobal,7,0.7497676185199192,0.7109285891056061,0.6944444444444444,0.8181488264821599,0.3076923076923077,0.0,0.7373882446970258,0.7306497011865888,0.04770626127719879,0.1438274011015892,0.0,0.0,0.0,0.0,0.0,18473,global,0.0
2,4,lr1e-05_bs8_drop0p4_temp2p0_a0p25_b0p05__wd1e-04trmiss0_degmodglobal,8,1e-05,0.0001,0.4,2.0,0.25,0.05,lr1e-05_bs8_drop0p4_temp2p0_a0p25_b0p05__wd1e-04trmiss0_degmodglobal,8,0.7183245846203395,0.7102906405925751,0.6388888888888888,0.7974698141364809,0.38461538461538464,0.0,0.7286613498415265,0.6945970228740147,0.052594819239207675,0.211577370762825,0.0,0.0,0.0,0.0,0.0,18473,global,0.0
2,4,lr1e-05_bs8_drop0p4_temp2p0_a0p25_b0p05__wd1e-04trmiss0_degmodglobal,8,1e-05,0.0001,0.4,2.0,0.25,0.05,lr1e-05_bs8_drop0p4_temp2p0_a0p25_b0p05__wd1e-04trmiss0_degmodglobal,9,0.7082945023264203,0.7058712244033813,0.6388888888888888,0.7974698141364809,0.38461538461538464,0.0,0.6943067397390094,0.6838145170892987,0.05789748100297792,0.2001123172896249,0.0,0.0,0.0,0.0,0.0,18473,global,0.0
2,4,lr1e-05_bs8_drop0p4_temp2p0_a0p25_b0p05__wd1e-04trmiss0_degmodglobal,8,1e-05,0.0001,0.4,2.0,0.25,0.05,lr1e-05_bs8_drop0p4_temp2p0_a0p25_b0p05__wd1e-04trmiss0_degmodglobal,10,0.680534439427512,0.7088288068771362,0.6388888888888888,0.7974698141364809,0.38461538461538464,0.0,0.7366880433900016,0.6588812640735081,0.05485790914722851,0.15877421093838556,0.0,0.0,0.0,0.0,0.0,18473,global,0.0
2,4,lr1e-05_bs8_drop0p4_temp2p0_a0p25_b0p05__wd1e-04trmiss0_degmodglobal,8,1e-05,0.0001,0.4,2.0,0.25,0.05,lr1e-05_bs8_drop0p4_temp2p0_a0p25_b0p05__wd1e-04trmiss0_degmodglobal,11,0.6784852402550834,0.7141673862934113,0.6666666666666666,0.8082722832722833,0.3076923076923077,0.0,0.716296809060233,0.6558602452278137,0.05309662941311087,0.1870167085102626,0.0,0.0,0.0,0.0,0.0,18473,global,0.0
2,4,lr1e-05_bs8_drop0p4_temp2p0_a0p25_b0p05__wd1e-04trmiss0_degmodglobal,8,1e-05,0.0001,0.4,2.0,0.25,0.05,lr1e-05_bs8_drop0p4_temp2p0_a0p25_b0p05__wd1e-04trmiss0_degmodglobal,12,0.705240283693586,0.7176930904388428,0.6111111111111112,0.785565052231719,0.3076923076923077,0.0,0.7127453344208854,0.6804935761860439,0.06017039769462177,0.19408233676637923,0.0,0.0,0.0,0.0,0.0,18473,global,0.0
2,4,lr1e-05_bs8_drop0p4_temp2p0_a0p25_b0p05__wd1e-04trmiss0_degmodglobal,8,1e-05,0.0001,0.4,2.0,0.25,0.05,lr1e-05_bs8_drop0p4_temp2p0_a0p25_b0p05__wd1e-04trmiss0_degmodglobal,13,0.6811925002506801,0.716672956943512,0.6111111111111112,0.785565052231719,0.3076923076923077,0.0,0.6987464513097491,0.6642030051776341,0.04157822685582297,0.13189912055219924,0.0,0.0,0.0,0.0,0.0,18473,global,0.0
2,4,lr1e-05_bs8_drop0p4_temp2p0_a0p25_b0p05__wd1e-04trmiss0_degmodglobal,8,1e-05,0.0001,0.4,2.0,0.25,0.05,lr1e-05_bs8_drop0p4_temp2p0_a0p25_b0p05__wd1e-04trmiss0_degmodglobal,14,0.6792863266808646,0.7185432016849518,0.6388888888888888,0.7974698141364809,0.3076923076923077,0.0,0.6854294112750462,0.660050128187452,0.048284812697342465,0.14329998195171356,0.0,0.0,0.0,0.0,0.0,18473,global,0.0
2,4,lr1e-05_bs8_drop0p4_temp2p0_a0p25_b0p05__wd1e-04trmiss0_degmodglobal,8,1e-05,0.0001,0.4,2.0,0.25,0.05,lr1e-05_bs8_drop0p4_temp2p0_a0p25_b0p05__wd1e-04trmiss0_degmodglobal,15,0.672880939074925,0.7161040008068085,0.611111111111111,0.7893890060556727,0.3076923076923077,0.0,0.696706235408783,0.6546902315957206,0.04618742183915207,0.13287692623479025,0.0,0.0,0.0,0.0,0.0,18473,global,0.0
2,4,lr1e-05_bs8_drop0p4_temp2p0_a0p25_b0p05__wd1e-04trmiss0_degmodglobal,8,1e-05,0.0001,0.4,2.0,0.25,0.05,lr1e-05_bs8_drop0p4_temp2p0_a0p25_b0p05__wd1e-04trmiss0_degmodglobal,16,0.6887109705380031,0.7164124846458435,0.6111111111111112,0.785565052231719,0.3076923076923077,0.0,0.6996985673904419,0.661810713154929,0.05841010968600001,0.24595461253608977,0.0,0.0,0.0,0.0,0.0,18473,global,0.0
2,4,lr1e-05_bs8_drop0p4_temp2p0_a0p25_b0p05__wd1e-04trmiss0_degmodglobal,8,1e-05,0.0001,0.4,2.0,0.25,0.05,lr1e-05_bs8_drop0p4_temp2p0_a0p25_b0p05__wd1e-04trmiss0_degmodglobal,17,0.6993598427091327,0.7175995111465454,0.5833333333333333,0.7774842441509109,0.3076923076923077,0.0,0.7185956409999302,0.6695502826145717,0.07344033595706735,0.22898968202727182,0.0,0.0,0.0,0.0,0.0,18473,global,0.0
2,4,lr1e-05_bs8_drop0p4_temp2p0_a0p25_b0p05__wd1e-04trmiss0_degmodglobal,8,1e-05,0.0001,0.4,2.0,0.25,0.05,lr1e-05_bs8_drop0p4_temp2p0_a0p25_b0p05__wd1e-04trmiss0_degmodglobal,18,0.6910827500479562,0.7160273790359497,0.6111111111111112,0.785565052231719,0.38461538461538464,0.0,0.6991606439862933,0.6684665339333671,0.05296900895025049,0.18747934699058533,0.0,0.0,0.0,0.0,0.0,18473,global,0.0
2,4,lr1e-05_bs8_drop0p4_temp2p0_a0p25_b0p05__wd1e-04trmiss0_degmodglobal,8,1e-05,0.0001,0.4,2.0,0.25,0.05,lr1e-05_bs8_drop0p4_temp2p0_a0p25_b0p05__wd1e-04trmiss0_degmodglobal,19,0.7059043220111302,0.716114342212677,0.6666666666666666,0.8082722832722833,0.3076923076923077,0.0,0.6889582616942269,0.6867559041295733,0.0481931029685906,0.14200273901224136,0.0,0.0,0.0,0.0,0.0,18473,global,0.0
2,4,lr1e-05_bs8_drop0p4_temp2p0_a0p25_b0p05__wd1e-04trmiss0_degmodglobal,8,1e-05,0.0001,0.4,2.0,0.25,0.05,lr1e-05_bs8_drop0p4_temp2p0_a0p25_b0p05__wd1e-04trmiss0_degmodglobal,20,0.7007145370755877,0.7119081318378448,0.6666666666666666,0.8082722832722833,0.38461538461538464,0.0,0.6945749861853463,0.6797682217189244,0.05148218518921307,0.16151498896735056,0.0,0.0,0.0,0.0,0.0,18473,global,0.0
2,4,lr1e-05_bs8_drop0p4_temp2p0_a0p25_b0p05__wd1e-04trmiss0_degmodglobal,8,1e-05,0.0001,0.4,2.0,0.25,0.05,lr1e-05_bs8_drop0p4_temp2p0_a0p25_b0p05__wd1e-04trmiss0_degmodglobal,21,0.6838572706495013,0.7145110368728638,0.6388888888888888,0.7974698141364809,0.3076923076923077,0.0,0.729988089629582,0.6609050035476685,0.05375258411679949,0.1902824885078839,0.0,0.0,0.0,0.0,0.0,18473,global,0.0
2,4,lr1e-05_bs8_drop0p4_temp2p0_a0p25_b0p05__wd1e-04trmiss0_degmodglobal,8,1e-05,0.0001,0.4,2.0,0.25,0.05,lr1e-05_bs8_drop0p4_temp2p0_a0p25_b0p05__wd1e-04trmiss0_degmodglobal,22,0.6925568750926426,0.7147246301174164,0.6666666666666666,0.8082722832722833,0.3076923076923077,0.0,0.7113718049866813,0.6651837996074131,0.06320516499025482,0.23143566186938966,0.0,0.0,0.0,0.0,0.0,18473,global,0.0
2,4,lr1e-05_bs8_drop0p4_temp2p0_a0p25_b0p05__wd1e-04trmiss0_degmodglobal,8,1e-05,0.0001,0.4,2.0,0.25,0.05,lr1e-05_bs8_drop0p4_temp2p0_a0p25_b0p05__wd1e-04trmiss0_degmodglobal,23,0.653410690171378,0.711969256401062,0.6388888888888888,0.7974698141364809,0.3076923076923077,0.0,0.680444027696337,0.6313060436929975,0.05386734753847122,0.17275612003036908,0.0,0.0,0.0,0.0,0.0,18473,global,0.0
2,4,lr1e-05_bs8_drop0p4_temp2p0_a0p25_b0p05__wd1e-04trmiss0_degmodglobal,8,1e-05,0.0001,0.4,2.0,0.25,0.05,lr1e-05_bs8_drop0p4_temp2p0_a0p25_b0p05__wd1e-04trmiss0_degmodglobal,24,0.679599506514413,0.7129828631877899,0.6388888888888888,0.7974698141364809,0.3076923076923077,0.0,0.6836355669157845,0.6552610312189374,0.057635508211595674,0.19859182515314647,0.0,0.0,0.0,0.0,0.0,18473,global,0.0
2,4,lr1e-05_bs8_drop0p4_temp2p0_a0p25_b0p05__wd1e-04trmiss0_degmodglobal,8,1e-05,0.0001,0.4,2.0,0.25,0.05,lr1e-05_bs8_drop0p4_temp2p0_a0p25_b0p05__wd1e-04trmiss0_degmodglobal,25,0.668620799268995,0.7130351364612579,0.6388888888888888,0.7974698141364809,0.3076923076923077,0.0,0.6824726462364197,0.6514607753072467,0.043580462357827594,0.12529833295515605,0.0,0.0,0.0,0.0,0.0,18473,global,0.0
2,4,lr1e-05_bs8_drop0p4_temp2p0_a0p25_b0p05__wd1e-04trmiss0_degmodglobal,8,1e-05,0.0001,0.4,2.0,0.25,0.05,lr1e-05_bs8_drop0p4_temp2p0_a0p25_b0p05__wd1e-04trmiss0_degmodglobal,26,0.6821840235165187,0.7135468125343323,0.6666666666666666,0.8082722832722833,0.3076923076923077,0.0,0.6948883959225246,0.6602244121687753,0.054136687623603005,0.1685089490243367,0.0,0.0,0.0,0.0,0.0,18473,global,0.0
2,4,lr1e-05_bs8_drop0p4_temp2p0_a0p25_b0p05__wd1e-04trmiss0_degmodglobal,8,1e-05,0.0001,0.4,2.0,0.25,0.05,lr1e-05_bs8_drop0p4_temp2p0_a0p25_b0p05__wd1e-04trmiss0_degmodglobal,27,0.6762146098273141,0.7135585248470306,0.6666666666666666,0.8082722832722833,0.38461538461538464,0.0,0.7018016832215446,0.6531054036957877,0.053658708930015564,0.1938905534999711,0.0,0.0,0.0,0.0,0.0,18473,global,0.0
2,4,lr1e-04_bs16_drop0p2_temp1p0_a0p25_b0p05__wd1e-04trmiss0_degmodglobal,16,0.0001,0.0001,0.2,1.0,0.25,0.05,lr1e-04_bs16_drop0p2_temp1p0_a0p25_b0p05__wd1e-04trmiss0_degmodglobal,1,0.8079261630773544,0.6877690553665161,0.6944444444444444,0.8622846289512958,0.6153846153846154,0.0,0.652681902050972,0.7742287218570709,0.08294124715030193,0.2592429220676422,0.0,0.0,0.0,0.0,0.0,18473,global,0.0
2,4,lr1e-04_bs16_drop0p2_temp1p0_a0p25_b0p05__wd1e-04trmiss0_degmodglobal,16,0.0001,0.0001,0.2,1.0,0.25,0.05,lr1e-04_bs16_drop0p2_temp1p0_a0p25_b0p05__wd1e-04trmiss0_degmodglobal,2,0.7409025281667709,0.689822793006897,0.75,0.8829636412969748,0.5384615384615384,0.0,0.6487549841403961,0.6891399472951889,0.12049621902406216,0.43276989459991455,0.0,0.0,0.0,0.0,0.0,18473,global,0.0
2,4,lr1e-04_bs16_drop0p2_temp1p0_a0p25_b0p05__wd1e-04trmiss0_degmodglobal,16,0.0001,0.0001,0.2,1.0,0.25,0.05,lr1e-04_bs16_drop0p2_temp1p0_a0p25_b0p05__wd1e-04trmiss0_degmodglobal,3,0.7107660174369812,0.707282304763794,0.6666666666666666,0.8542038208704876,0.5384615384615384,0.0,0.6407834738492966,0.6684647500514984,0.10097011737525463,0.34117455035448074,0.0,0.0,0.0,0.0,0.0,18473,global,0.0
2,4,lr1e-04_bs16_drop0p2_temp1p0_a0p25_b0p05__wd1e-04trmiss0_degmodglobal,16,0.0001,0.0001,0.2,1.0,0.25,0.05,lr1e-04_bs16_drop0p2_temp1p0_a0p25_b0p05__wd1e-04trmiss0_degmodglobal,4,0.6964359879493713,0.7171056866645813,0.5833333333333334,0.8243978243978245,0.5384615384615384,0.0,0.5926412045955658,0.6543615013360977,0.1030539833009243,0.3262197896838188,0.0,0.0,0.0,0.0,0.0,18473,global,0.0
2,4,lr1e-04_bs16_drop0p2_temp1p0_a0p25_b0p05__wd1e-04trmiss0_degmodglobal,16,0.0001,0.0001,0.2,1.0,0.25,0.05,lr1e-04_bs16_drop0p2_temp1p0_a0p25_b0p05__wd1e-04trmiss0_degmodglobal,5,0.7073318362236023,0.7292797565460205,0.5833333333333333,0.8398860398860402,0.38461538461538464,0.0,0.5917739868164062,0.6639815866947174,0.10680696740746498,0.33296991139650345,0.0,0.0,0.0,0.0,0.0,18473,global,0.0
2,4,lr1e-04_bs16_drop0p2_temp1p0_a0p25_b0p05__wd1e-04trmiss0_degmodglobal,16,0.0001,0.0001,0.2,1.0,0.25,0.05,lr1e-04_bs16_drop0p2_temp1p0_a0p25_b0p05__wd1e-04trmiss0_degmodglobal,6,0.667401134967804,0.730995774269104,0.5833333333333333,0.8398860398860402,0.46153846153846156,0.0,0.5625504404306412,0.6213608980178833,0.1239247526973486,0.3011809401214123,0.0,0.0,0.0,0.0,0.0,18473,global,0.0
2,4,lr1e-04_bs16_drop0p2_temp1p0_a0p25_b0p05__wd1e-04trmiss0_degmodglobal,16,0.0001,0.0001,0.2,1.0,0.25,0.05,lr1e-04_bs16_drop0p2_temp1p0_a0p25_b0p05__wd1e-04trmiss0_degmodglobal,7,0.7174857705831528,0.7639901638031006,0.5,0.8031857031857033,0.38461538461538464,0.0,0.570404902100563,0.672311931848526,0.11399594135582447,0.33349699527025223,0.0,0.0,0.0,0.0,0.0,18473,global,0.0
2,4,lr1e-04_bs16_drop0p2_temp1p0_a0p25_b0p05__wd1e-04trmiss0_degmodglobal,16,0.0001,0.0001,0.2,1.0,0.25,0.05,lr1e-04_bs16_drop0p2_temp1p0_a0p25_b0p05__wd1e-04trmiss0_degmodglobal,8,0.6067283749580383,0.7768000364303589,0.4722222222222222,0.78995818995819,0.38461538461538464,0.0,0.5423555746674538,0.5662230253219604,0.10324263572692871,0.2938934899866581,0.0,0.0,0.0,0.0,0.0,18473,global,0.0
2,4,lr1e-04_bs16_drop0p2_temp1p0_a0p25_b0p05__wd1e-04trmiss0_degmodglobal,16,0.0001,0.0001,0.2,1.0,0.25,0.05,lr1e-04_bs16_drop0p2_temp1p0_a0p25_b0p05__wd1e-04trmiss0_degmodglobal,9,0.6087094247341156,0.7743507027626038,0.47222222222222215,0.7874449624449624,0.38461538461538464,0.0,0.5423200130462646,0.5702225267887115,0.09813795424997807,0.2790481559932232,0.0,0.0,0.0,0.0,0.0,18473,global,0.0
2,4,lr1e-04_bs16_drop0p2_temp1p0_a0p25_b0p05__wd1e-04trmiss0_degmodglobal,16,0.0001,0.0001,0.2,1.0,0.25,0.05,lr1e-04_bs16_drop0p2_temp1p0_a0p25_b0p05__wd1e-04trmiss0_degmodglobal,10,0.6819887310266495,0.7660479545593262,0.5277777777777778,0.8167378917378918,0.38461538461538464,0.0,0.5544880777597427,0.6405903249979019,0.10742765665054321,0.2908299006521702,0.0,0.0,0.0,0.0,0.0,18473,global,0.0
2,4,lr1e-04_bs16_drop0p2_temp1p0_a0p25_b0p05__wd1e-04trmiss0_degmodglobal,16,0.0001,0.0001,0.2,1.0,0.25,0.05,lr1e-04_bs16_drop0p2_temp1p0_a0p25_b0p05__wd1e-04trmiss0_degmodglobal,11,0.6431180834770203,0.7534305453300476,0.5277777777777778,0.8167378917378918,0.46153846153846156,0.0,0.528049886226654,0.6010245531797409,0.1137036383152008,0.2733525112271309,0.0,0.0,0.0,0.0,0.0,18473,global,0.0
2,4,lr1e-04_bs16_drop0p2_temp1p0_a0p25_b0p05__wd1e-04trmiss0_degmodglobal,16,0.0001,0.0001,0.2,1.0,0.25,0.05,lr1e-04_bs16_drop0p2_temp1p0_a0p25_b0p05__wd1e-04trmiss0_degmodglobal,12,0.6455345749855042,0.7560602426528931,0.5277777777777778,0.8167378917378918,0.46153846153846156,0.0,0.5390377938747406,0.6048984676599503,0.10230402834713459,0.3012017421424389,0.0,0.0,0.0,0.0,0.0,18473,global,0.0
2,4,lr1e-04_bs16_drop0p2_temp1p0_a0p25_b0p05__wd1e-04trmiss0_degmodglobal,16,0.0001,0.0001,0.2,1.0,0.25,0.05,lr1e-04_bs16_drop0p2_temp1p0_a0p25_b0p05__wd1e-04trmiss0_degmodglobal,13,0.6662257313728333,0.7524320483207703,0.5833333333333333,0.835917785917786,0.46153846153846156,0.0,0.5531229227781296,0.6304715722799301,0.09227024391293526,0.2537318021059036,0.0,0.0,0.0,0.0,0.0,18473,global,0.0
2,4,lr1e-04_bs16_drop0p2_temp1p0_a0p25_b0p05__wd1e-04trmiss0_degmodglobal,16,0.0001,0.0001,0.2,1.0,0.25,0.05,lr1e-04_bs16_drop0p2_temp1p0_a0p25_b0p05__wd1e-04trmiss0_degmodglobal,14,0.6146980822086334,0.7558568120002747,0.5555555555555556,0.8266585266585267,0.46153846153846156,0.0,0.5112801119685173,0.5789495557546616,0.08742121234536171,0.2778650149703026,0.0,0.0,0.0,0.0,0.0,18473,global,0.0
2,4,lr1e-04_bs16_drop0p2_temp1p0_a0p25_b0p05__wd1e-04trmiss0_degmodglobal,16,0.0001,0.0001,0.2,1.0,0.25,0.05,lr1e-04_bs16_drop0p2_temp1p0_a0p25_b0p05__wd1e-04trmiss0_degmodglobal,15,0.6121675968170166,0.7691045999526978,0.49999999999999994,0.7945156695156697,0.46153846153846156,0.0,0.5252928286790848,0.5842871218919754,0.06995334476232529,0.20784253254532814,0.0,0.0,0.0,0.0,0.0,18473,global,0.0
2,4,lr1e-04_bs16_drop0p2_temp1p0_a0p25_b0p05__wd1e-04trmiss0_degmodglobal,16,0.0001,0.0001,0.2,1.0,0.25,0.05,lr1e-04_bs16_drop0p2_temp1p0_a0p25_b0p05__wd1e-04trmiss0_degmodglobal,16,0.6039069890975952,0.7673325538635254,0.49999999999999994,0.7945156695156697,0.46153846153846156,0.0,0.5168455168604851,0.5657784789800644,0.10242145322263241,0.25046277418732643,0.0,0.0,0.0,0.0,0.0,18473,global,0.0
2,4,lr1e-04_bs16_drop0p2_temp1p0_a0p25_b0p05__wd1e-04trmiss0_degmodglobal,16,0.0001,0.0001,0.2,1.0,0.25,0.05,lr1e-04_bs16_drop0p2_temp1p0_a0p25_b0p05__wd1e-04trmiss0_degmodglobal,17,0.597032755613327,0.7544447183609009,0.49999999999999994,0.7945156695156697,0.46153846153846156,0.0,0.5263022035360336,0.5656951516866684,0.0855473829433322,0.1990147065371275,0.0,0.0,0.0,0.0,0.0,18473,global,0.0
2,4,lr1e-04_bs16_drop0p2_temp1p0_a0p25_b0p05__wd1e-04trmiss0_degmodglobal,16,0.0001,0.0001,0.2,1.0,0.25,0.05,lr1e-04_bs16_drop0p2_temp1p0_a0p25_b0p05__wd1e-04trmiss0_degmodglobal,18,0.5934105068445206,0.7473395466804504,0.49999999999999994,0.7945156695156697,0.46153846153846156,0.0,0.5076564699411392,0.5617790669202805,0.08859724178910255,0.18964245542883873,0.0,0.0,0.0,0.0,0.0,18473,global,0.0
2,4,lr1e-04_bs16_drop0p2_temp1p0_a0p25_b0p05__wd1e-04trmiss0_degmodglobal,16,0.0001,0.0001,0.2,1.0,0.25,0.05,lr1e-04_bs16_drop0p2_temp1p0_a0p25_b0p05__wd1e-04trmiss0_degmodglobal,19,0.6457522809505463,0.750210702419281,0.49999999999999994,0.7945156695156697,0.46153846153846156,0.0,0.5115870013833046,0.6084430515766144,0.09354429692029953,0.27846308797597885,0.0,0.0,0.0,0.0,0.0,18473,global,0.0
2,4,lr1e-04_bs16_drop0p2_temp1p0_a0p25_b0p05__wd1e-04trmiss0_degmodglobal,16,0.0001,0.0001,0.2,1.0,0.25,0.05,lr1e-04_bs16_drop0p2_temp1p0_a0p25_b0p05__wd1e-04trmiss0_degmodglobal,20,0.5986015498638153,0.7456648349761963,0.49999999999999994,0.7945156695156697,0.46153846153846156,0.0,0.49711284041404724,0.564814880490303,0.09068861790001392,0.2222905270755291,0.0,0.0,0.0,0.0,0.0,18473,global,0.0
2,4,lr1e-04_bs16_drop0p2_temp1p0_a0p25_b0p05__wd1e-04trmiss0_degmodglobal,16,0.0001,0.0001,0.2,1.0,0.25,0.05,lr1e-04_bs16_drop0p2_temp1p0_a0p25_b0p05__wd1e-04trmiss0_degmodglobal,21,0.6301265060901642,0.7487764358520508,0.5555555555555556,0.8266585266585267,0.46153846153846156,0.0,0.5362340062856674,0.6038494855165482,0.06965799164026976,0.17725041508674622,0.0,0.0,0.0,0.0,0.0,18473,global,0.0
2,4,lr1e-04_bs16_drop0p2_temp1p0_a0p25_b0p05__wd1e-04trmiss0_degmodglobal,16,0.0001,0.0001,0.2,1.0,0.25,0.05,lr1e-04_bs16_drop0p2_temp1p0_a0p25_b0p05__wd1e-04trmiss0_degmodglobal,22,0.6024877429008484,0.746179461479187,0.5277777777777778,0.8044363044363045,0.46153846153846156,0.0,0.5336654111742973,0.5646410435438156,0.09432548470795155,0.285305954515934,0.0,0.0,0.0,0.0,0.0,18473,global,0.0
2,4,lr1e-04_bs16_drop0p2_temp1p0_a0p25_b0p05__wd1e-04trmiss0_degmodglobal,16,0.0001,0.0001,0.2,1.0,0.25,0.05,lr1e-04_bs16_drop0p2_temp1p0_a0p25_b0p05__wd1e-04trmiss0_degmodglobal,23,0.5809498429298401,0.7390169501304626,0.5277777777777778,0.8044363044363045,0.46153846153846156,0.0,0.48719926178455353,0.5430501699447632,0.10310610197484493,0.2424631342291832,0.0,0.0,0.0,0.0,0.0,18473,global,0.0
2,4,lr1e-04_bs16_drop0p2_temp1p0_a0p25_b0p05__wd1e-04trmiss0_degmodglobal,16,0.0001,0.0001,0.2,1.0,0.25,0.05,lr1e-04_bs16_drop0p2_temp1p0_a0p25_b0p05__wd1e-04trmiss0_degmodglobal,24,0.5825740844011307,0.7401078343391418,0.49999999999999994,0.7945156695156697,0.46153846153846156,0.0,0.4856180027127266,0.5354033336043358,0.12849881127476692,0.30092092975974083,0.0,0.0,0.0,0.0,0.0,18473,global,0.0
2,4,lr1e-04_bs16_drop0p2_temp1p0_a0p25_b0p05__wd1e-04trmiss0_degmodglobal,16,0.0001,0.0001,0.2,1.0,0.25,0.05,lr1e-04_bs16_drop0p2_temp1p0_a0p25_b0p05__wd1e-04trmiss0_degmodglobal,25,0.6742181181907654,0.7520316243171692,0.5277777777777778,0.8044363044363045,0.46153846153846156,0.0,0.5427526980638504,0.6376276835799217,0.0909038633108139,0.2772895507514477,0.0,0.0,0.0,0.0,0.0,18473,global,0.0
2,4,lr1e-04_bs16_drop0p2_temp2p0_a0p25_b0p05__wd1e-04trmiss0_degmodglobal,16,0.0001,0.0001,0.2,2.0,0.25,0.05,lr1e-04_bs16_drop0p2_temp2p0_a0p25_b0p05__wd1e-04trmiss0_degmodglobal,1,0.7235569059848785,0.6915743947029114,0.5277777777777778,0.798880748880749,0.5384615384615384,0.0,0.7067851126194,0.7068894952535629,0.04172525554895401,0.12472169287502766,0.0,0.0,0.0,0.0,0.0,18473,global,0.0
2,4,lr1e-04_bs16_drop0p2_temp2p0_a0p25_b0p05__wd1e-04trmiss0_degmodglobal,16,0.0001,0.0001,0.2,2.0,0.25,0.05,lr1e-04_bs16_drop0p2_temp2p0_a0p25_b0p05__wd1e-04trmiss0_degmodglobal,2,0.6705500483512878,0.6953238844871521,0.4444444444444445,0.7451770451770452,0.5384615384615384,0.0,0.6327637135982513,0.6527936160564423,0.043080809991806746,0.13972460106015205,0.0,0.0,0.0,0.0,0.0,18473,global,0.0
2,4,lr1e-04_bs16_drop0p2_temp2p0_a0p25_b0p05__wd1e-04trmiss0_degmodglobal,16,0.0001,0.0001,0.2,2.0,0.25,0.05,lr1e-04_bs16_drop0p2_temp2p0_a0p25_b0p05__wd1e-04trmiss0_degmodglobal,3,0.6510909348726273,0.6911925673484802,0.33333333333333337,0.6155474155474157,0.5384615384615384,0.0,0.5998464375734329,0.6381768435239792,0.03142052050679922,0.1011795736849308,0.0,0.0,0.0,0.0,0.0,18473,global,0.0
2,4,lr1e-04_bs16_drop0p2_temp2p0_a0p25_b0p05__wd1e-04trmiss0_degmodglobal,16,0.0001,0.0001,0.2,2.0,0.25,0.05,lr1e-04_bs16_drop0p2_temp2p0_a0p25_b0p05__wd1e-04trmiss0_degmodglobal,4,0.6544883400201797,0.6851106882095337,0.41666666666666663,0.6558080808080808,0.6153846153846154,0.0,0.6052590757608414,0.641406312584877,0.03379500471055508,0.09266525693237782,0.0,0.0,0.0,0.0,0.0,18473,global,0.0
2,4,lr1e-04_bs16_drop0p2_temp2p0_a0p25_b0p05__wd1e-04trmiss0_degmodglobal,16,0.0001,0.0001,0.2,2.0,0.25,0.05,lr1e-04_bs16_drop0p2_temp2p0_a0p25_b0p05__wd1e-04trmiss0_degmodglobal,5,0.6190263330936432,0.688011109828949,0.4444444444444444,0.6724747474747474,0.46153846153846156,0.0,0.595507800579071,0.6078284680843353,0.03146243840456009,0.06664529629051685,0.0,0.0,0.0,0.0,0.0,18473,global,0.0
2,4,lr1e-04_bs16_drop0p2_temp2p0_a0p25_b0p05__wd1e-04trmiss0_degmodglobal,16,0.0001,0.0001,0.2,2.0,0.25,0.05,lr1e-04_bs16_drop0p2_temp2p0_a0p25_b0p05__wd1e-04trmiss0_degmodglobal,6,0.6768894493579865,0.6916448473930359,0.3611111111111111,0.6187710437710439,0.46153846153846156,0.0,0.5995101779699326,0.663419172167778,0.03326690336689353,0.10307092778384686,0.0,0.0,0.0,0.0,0.0,18473,global,0.0
2,4,lr1e-04_bs16_drop0p2_temp2p0_a0p25_b0p05__wd1e-04trmiss0_degmodglobal,16,0.0001,0.0001,0.2,2.0,0.25,0.05,lr1e-04_bs16_drop0p2_temp2p0_a0p25_b0p05__wd1e-04trmiss0_degmodglobal,7,0.6201457381248474,0.6966080069541931,0.4166666666666667,0.6472101972101972,0.46153846153846156,0.0,0.5679102689027786,0.6060376018285751,0.03757911175489426,0.09426705073565245,0.0,0.0,0.0,0.0,0.0,18473,global,0.0
2,4,lr1e-04_bs16_drop0p2_temp2p0_a0p25_b0p05__wd1e-04trmiss0_degmodglobal,16,0.0001,0.0001,0.2,2.0,0.25,0.05,lr1e-04_bs16_drop0p2_temp2p0_a0p25_b0p05__wd1e-04trmiss0_degmodglobal,8,0.6265144497156143,0.6896892189979553,0.3888888888888889,0.6452260702260703,0.46153846153846156,0.0,0.5716793984174728,0.608039140701294,0.04870518296957016,0.12598061095923185,0.0,0.0,0.0,0.0,0.0,18473,global,0.0
2,4,lr1e-04_bs16_drop0p2_temp2p0_a0p25_b0p05__wd1e-04trmiss0_degmodglobal,16,0.0001,0.0001,0.2,2.0,0.25,0.05,lr1e-04_bs16_drop0p2_temp2p0_a0p25_b0p05__wd1e-04trmiss0_degmodglobal,9,0.6183532476425171,0.688459575176239,0.5,0.6972101972101973,0.5384615384615384,0.0,0.5602174252271652,0.6022660434246063,0.04311445727944374,0.1061718612909317,0.0,0.0,0.0,0.0,0.0,18473,global,0.0
2,4,lr1e-04_bs16_drop0p2_temp2p0_a0p25_b0p05__wd1e-04trmiss0_degmodglobal,16,0.0001,0.0001,0.2,2.0,0.25,0.05,lr1e-04_bs16_drop0p2_temp2p0_a0p25_b0p05__wd1e-04trmiss0_degmodglobal,10,0.6270442605018616,0.6894317269325256,0.4444444444444444,0.6657287157287157,0.5384615384615384,0.0,0.5710239708423615,0.6111558973789215,0.040366766043007374,0.11593346111476421,0.0,0.0,0.0,0.0,0.0,18473,global,0.0
2,4,lr1e-04_bs16_drop0p2_temp2p0_a0p25_b0p05__wd1e-04trmiss0_degmodglobal,16,0.0001,0.0001,0.2,2.0,0.25,0.05,lr1e-04_bs16_drop0p2_temp2p0_a0p25_b0p05__wd1e-04trmiss0_degmodglobal,11,0.6500519663095474,0.6835566759109497,0.41666666666666663,0.6558080808080808,0.6153846153846154,0.0,0.55088971555233,0.6288035660982132,0.05547973234206438,0.14756925776600838,0.0,0.0,0.0,0.0,0.0,18473,global,0.0
2,4,lr1e-04_bs16_drop0p2_temp2p0_a0p25_b0p05__wd1e-04trmiss0_degmodglobal,16,0.0001,0.0001,0.2,2.0,0.25,0.05,lr1e-04_bs16_drop0p2_temp2p0_a0p25_b0p05__wd1e-04trmiss0_degmodglobal,12,0.6025478392839432,0.6797962188720703,0.3888888888888889,0.6452260702260703,0.6153846153846154,0.0,0.5367671772837639,0.5842405706644058,0.04618741478770971,0.13520865514874458,0.0,0.0,0.0,0.0,0.0,18473,global,0.0
2,4,lr1e-04_bs16_drop0p2_temp2p0_a0p25_b0p05__wd1e-04trmiss0_degmodglobal,16,0.0001,0.0001,0.2,2.0,0.25,0.05,lr1e-04_bs16_drop0p2_temp2p0_a0p25_b0p05__wd1e-04trmiss0_degmodglobal,13,0.6176276057958603,0.6780684590339661,0.3611111111111111,0.6341149591149592,0.6923076923076923,0.0,0.5471793413162231,0.5986174196004868,0.04730864614248276,0.14366050623357296,0.0,0.0,0.0,0.0,0.0,18473,global,0.0
2,4,lr1e-04_bs16_drop0p2_temp2p0_a0p25_b0p05__wd1e-04trmiss0_degmodglobal,16,0.0001,0.0001,0.2,2.0,0.25,0.05,lr1e-04_bs16_drop0p2_temp2p0_a0p25_b0p05__wd1e-04trmiss0_degmodglobal,14,0.602609172463417,0.6744090914726257,0.3888888888888889,0.6452260702260703,0.6923076923076923,0.0,0.521135076880455,0.5786988586187363,0.06200770940631628,0.16816836036741734,0.0,0.0,0.0,0.0,0.0,18473,global,0.0
2,4,lr1e-04_bs16_drop0p2_temp2p0_a0p25_b0p05__wd1e-04trmiss0_degmodglobal,16,0.0001,0.0001,0.2,2.0,0.25,0.05,lr1e-04_bs16_drop0p2_temp2p0_a0p25_b0p05__wd1e-04trmiss0_degmodglobal,15,0.5939682126045227,0.6637229919433594,0.5277777777777778,0.6917107583774251,0.7692307692307693,0.0,0.512704037129879,0.5733712166547775,0.055316212587058544,0.13535840436816216,0.0,0.0,0.0,0.0,0.0,18473,global,0.0
2,4,lr1e-04_bs16_drop0p2_temp2p0_a0p25_b0p05__wd1e-04trmiss0_degmodglobal,16,0.0001,0.0001,0.2,2.0,0.25,0.05,lr1e-04_bs16_drop0p2_temp2p0_a0p25_b0p05__wd1e-04trmiss0_degmodglobal,16,0.6017334461212158,0.6575084924697876,0.5555555555555556,0.7196969696969697,0.7692307692307693,0.0,0.5043335482478142,0.5780804008245468,0.06369388289749622,0.15459127724170685,0.0,0.0,0.0,0.0,0.0,18473,global,0.0
2,4,lr1e-04_bs16_drop0p2_temp2p0_a0p25_b0p05__wd1e-04trmiss0_degmodglobal,16,0.0001,0.0001,0.2,2.0,0.25,0.05,lr1e-04_bs16_drop0p2_temp2p0_a0p25_b0p05__wd1e-04trmiss0_degmodglobal,17,0.6049201339483261,0.6547765135765076,0.5833333333333334,0.7283389450056118,0.7692307692307693,0.0,0.5111697763204575,0.5836824476718903,0.05348279234021902,0.15734000131487846,0.0,0.0,0.0,0.0,0.0,18473,global,0.0
2,4,lr1e-04_bs16_drop0p2_temp2p0_a0p25_b0p05__wd1e-04trmiss0_degmodglobal,16,0.0001,0.0001,0.2,2.0,0.25,0.05,lr1e-04_bs16_drop0p2_temp2p0_a0p25_b0p05__wd1e-04trmiss0_degmodglobal,18,0.6019566506147385,0.6633106470108032,0.5833333333333333,0.7316017316017317,0.7692307692307693,0.0,0.5249514132738113,0.5840392410755157,0.048654401674866676,0.11507600732147694,0.0,0.0,0.0,0.0,0.0,18473,global,0.0
2,4,lr1e-04_bs16_drop0p2_temp2p0_a0p25_b0p05__wd1e-04trmiss0_degmodglobal,16,0.0001,0.0001,0.2,2.0,0.25,0.05,lr1e-04_bs16_drop0p2_temp2p0_a0p25_b0p05__wd1e-04trmiss0_degmodglobal,19,0.5966256260871887,0.6659868955612183,0.5555555555555556,0.7196969696969697,0.6923076923076923,0.0,0.5464481189846992,0.5766386687755585,0.0505555747076869,0.14696116000413895,0.0,0.0,0.0,0.0,0.0,18473,global,0.0
2,4,lr1e-04_bs16_drop0p2_temp2p0_a0p25_b0p05__wd1e-04trmiss0_degmodglobal,16,0.0001,0.0001,0.2,2.0,0.25,0.05,lr1e-04_bs16_drop0p2_temp2p0_a0p25_b0p05__wd1e-04trmiss0_degmodglobal,20,0.6308416426181793,0.6657056212425232,0.5833333333333333,0.7316017316017317,0.5384615384615384,0.0,0.5291260704398155,0.6021156013011932,0.069924496114254,0.22489812411367893,0.0,0.0,0.0,0.0,0.0,18473,global,0.0
2,4,lr1e-04_bs16_drop0p2_temp2p0_a0p25_b0p05__wd1e-04trmiss0_degmodglobal,16,0.0001,0.0001,0.2,2.0,0.25,0.05,lr1e-04_bs16_drop0p2_temp2p0_a0p25_b0p05__wd1e-04trmiss0_degmodglobal,21,0.6064478307962418,0.6624888181686401,0.638888888888889,0.8209315375982045,0.6923076923076923,0.0,0.48925645649433136,0.5808754414319992,0.06557619012892246,0.18356690928339958,0.0,0.0,0.0,0.0,0.0,18473,global,0.0
2,4,lr1e-04_bs16_drop0p2_temp2p0_a0p25_b0p05__wd1e-04trmiss0_degmodglobal,16,0.0001,0.0001,0.2,2.0,0.25,0.05,lr1e-04_bs16_drop0p2_temp2p0_a0p25_b0p05__wd1e-04trmiss0_degmodglobal,22,0.6032527685165405,0.6670028567314148,0.6944444444444444,0.83658810325477,0.6153846153846154,0.0,0.5355704128742218,0.5847349613904953,0.05065581202507019,0.11707677692174911,0.0,0.0,0.0,0.0,0.0,18473,global,0.0
2,4,lr1e-04_bs16_drop0p2_temp2p0_a0p25_b0p05__wd1e-04trmiss0_degmodglobal,16,0.0001,0.0001,0.2,2.0,0.25,0.05,lr1e-04_bs16_drop0p2_temp2p0_a0p25_b0p05__wd1e-04trmiss0_degmodglobal,23,0.5773579329252243,0.6583415269851685,0.638888888888889,0.8209315375982045,0.6923076923076923,0.0,0.4836302250623703,0.5565284639596939,0.05748150311410427,0.12918151170015335,0.0,0.0,0.0,0.0,0.0,18473,global,0.0
2,4,lr1e-04_bs16_drop0p2_temp2p0_a0p25_b0p05__wd1e-04trmiss0_degmodglobal,16,0.0001,0.0001,0.2,2.0,0.25,0.05,lr1e-04_bs16_drop0p2_temp2p0_a0p25_b0p05__wd1e-04trmiss0_degmodglobal,24,0.5896328389644623,0.6563345193862915,0.5833333333333334,0.7283389450056118,0.6923076923076923,0.0,0.49339550733566284,0.5625762343406677,0.07004811801016331,0.19089144095778465,0.0,0.0,0.0,0.0,0.0,18473,global,0.0
2,4,lr1e-04_bs16_drop0p2_temp2p0_a0p25_b0p05__wd1e-04trmiss0_degmodglobal,16,0.0001,0.0001,0.2,2.0,0.25,0.05,lr1e-04_bs16_drop0p2_temp2p0_a0p25_b0p05__wd1e-04trmiss0_degmodglobal,25,0.5784980803728104,0.6541709303855896,0.6388888888888888,0.7483245149911817,0.6923076923076923,0.0,0.4758836105465889,0.551646813750267,0.06994766090065241,0.18728672340512276,0.0,0.0,0.0,0.0,0.0,18473,global,0.0
2,4,lr1e-04_bs16_drop0p2_temp2p0_a0p25_b0p05__wd1e-04trmiss0_degmodglobal,16,0.0001,0.0001,0.2,2.0,0.25,0.05,lr1e-04_bs16_drop0p2_temp2p0_a0p25_b0p05__wd1e-04trmiss0_degmodglobal,26,0.5967792570590973,0.6572306156158447,0.6111111111111112,0.7402437069103737,0.6923076923076923,0.0,0.5490520149469376,0.5763501673936844,0.05874051805585623,0.11487960256636143,0.0,0.0,0.0,0.0,0.0,18473,global,0.0
2,4,lr1e-04_bs16_drop0p2_temp2p0_a0p25_b0p05__wd1e-04trmiss0_degmodglobal,16,0.0001,0.0001,0.2,2.0,0.25,0.05,lr1e-04_bs16_drop0p2_temp2p0_a0p25_b0p05__wd1e-04trmiss0_degmodglobal,27,0.5506177917122841,0.6585912108421326,0.6944444444444444,0.8114558281224948,0.6153846153846154,0.0,0.4953901246190071,0.5293856263160706,0.05996629223227501,0.1248122788965702,0.0,0.0,0.0,0.0,0.0,18473,global,0.0
2,4,lr1e-04_bs16_drop0p2_temp2p0_a0p25_b0p05__wd1e-04trmiss0_degmodglobal,16,0.0001,0.0001,0.2,2.0,0.25,0.05,lr1e-04_bs16_drop0p2_temp2p0_a0p25_b0p05__wd1e-04trmiss0_degmodglobal,28,0.5571092516183853,0.6684159636497498,0.6111111111111112,0.7787477954144622,0.5384615384615384,0.0,0.4832929000258446,0.5335494428873062,0.0723687969148159,0.1093520950525999,0.0,0.0,0.0,0.0,0.0,18473,global,0.0
2,4,lr1e-04_bs16_drop0p2_temp2p0_a0p25_b0p05__wd1e-04trmiss0_degmodglobal,16,0.0001,0.0001,0.2,2.0,0.25,0.05,lr1e-04_bs16_drop0p2_temp2p0_a0p25_b0p05__wd1e-04trmiss0_degmodglobal,29,0.5777124911546707,0.6696022748947144,0.6111111111111112,0.7787477954144622,0.5384615384615384,0.0,0.48341725766658783,0.5490355491638184,0.08151468448340893,0.16596580855548382,0.0,0.0,0.0,0.0,0.0,18473,global,0.0
2,4,lr1e-04_bs16_drop0p2_temp2p0_a0p25_b0p05__wd1e-04trmiss0_degmodglobal,16,0.0001,0.0001,0.2,2.0,0.25,0.05,lr1e-04_bs16_drop0p2_temp2p0_a0p25_b0p05__wd1e-04trmiss0_degmodglobal,30,0.5739675015211105,0.6698452830314636,0.5555555555555556,0.7151114317780985,0.5384615384615384,0.0,0.47744836658239365,0.5469256192445755,0.07325444556772709,0.17456550896167755,0.0,0.0,0.0,0.0,0.0,18473,global,0.0
2,4,lr1e-04_bs16_drop0p2_temp2p0_a0p25_b0p05__wd1e-04trmiss0_degmodglobal,16,0.0001,0.0001,0.2,2.0,0.25,0.05,lr1e-04_bs16_drop0p2_temp2p0_a0p25_b0p05__wd1e-04trmiss0_degmodglobal,31,0.5816121846437454,0.6716281175613403,0.5277777777777778,0.7104377104377105,0.5384615384615384,0.0,0.5097822174429893,0.5581929534673691,0.0644374554976821,0.14619718305766582,0.0,0.0,0.0,0.0,0.0,18473,global,0.0
2,4,lr1e-04_bs16_drop0p2_temp2p0_a0p25_b0p05__wd1e-04trmiss0_degmodglobal,16,0.0001,0.0001,0.2,2.0,0.25,0.05,lr1e-04_bs16_drop0p2_temp2p0_a0p25_b0p05__wd1e-04trmiss0_degmodglobal,32,0.5707902908325195,0.6715790629386902,0.5555555555555556,0.7151114317780985,0.5384615384615384,0.0,0.480746790766716,0.5454106330871582,0.06592055782675743,0.17799051478505135,0.0,0.0,0.0,0.0,0.0,18473,global,0.0
2,4,lr1e-04_bs16_drop0p2_temp2p0_a0p25_b0p05__wd1e-04trmiss0_degmodglobal,16,0.0001,0.0001,0.2,2.0,0.25,0.05,lr1e-04_bs16_drop0p2_temp2p0_a0p25_b0p05__wd1e-04trmiss0_degmodglobal,33,0.5407743453979492,0.6683782935142517,0.6111111111111112,0.7307679974346641,0.6153846153846154,0.0,0.49325984716415405,0.520090788602829,0.06252232007682323,0.10105923004448414,0.0,0.0,0.0,0.0,0.0,18473,global,0.0
2,4,lr1e-04_bs16_drop0p2_temp2p0_a0p25_b0p05__wd1e-04trmiss0_degmodglobal,16,0.0001,0.0001,0.2,2.0,0.25,0.05,lr1e-04_bs16_drop0p2_temp2p0_a0p25_b0p05__wd1e-04trmiss0_degmodglobal,34,0.5715878754854202,0.6700525283813477,0.6388888888888888,0.7863235529902197,0.6153846153846154,0.0,0.4843151122331619,0.5493717044591904,0.06222779396921396,0.1331843826919794,0.0,0.0,0.0,0.0,0.0,18473,global,0.0
2,4,lr1e-04_bs16_drop0p2_temp2p0_a0p25_b0p05__wd1e-04trmiss0_degmodglobal,16,0.0001,0.0001,0.2,2.0,0.25,0.05,lr1e-04_bs16_drop0p2_temp2p0_a0p25_b0p05__wd1e-04trmiss0_degmodglobal,35,0.5720045417547226,0.6663985252380371,0.6666666666666666,0.8233605900272567,0.6923076923076923,0.0,0.4797205179929733,0.5378928482532501,0.09492167457938194,0.20762529410421848,0.0,0.0,0.0,0.0,0.0,18473,global,0.0
2,4,lr1e-04_bs16_drop0p2_temp2p0_a0p25_b0p05__wd1e-04trmiss0_degmodglobal,16,0.0001,0.0001,0.2,2.0,0.25,0.05,lr1e-04_bs16_drop0p2_temp2p0_a0p25_b0p05__wd1e-04trmiss0_degmodglobal,36,0.5999716222286224,0.6702326536178589,0.6388888888888888,0.7863235529902197,0.5384615384615384,0.0,0.5035498216748238,0.5768149644136429,0.06780218612402678,0.12412227038294077,0.0,0.0,0.0,0.0,0.0,18473,global,0.0
2,4,lr1e-04_bs16_drop0p2_temp2p0_a0p25_b0p05__wd1e-04trmiss0_degmodglobal,16,0.0001,0.0001,0.2,2.0,0.25,0.05,lr1e-04_bs16_drop0p2_temp2p0_a0p25_b0p05__wd1e-04trmiss0_degmodglobal,37,0.5687953233718872,0.6680230498313904,0.6388888888888888,0.7863235529902197,0.5384615384615384,0.0,0.5041986480355263,0.5449574738740921,0.06898496858775616,0.13183184899389744,0.0,0.0,0.0,0.0,0.0,18473,global,0.0
2,4,lr1e-04_bs16_drop0p2_temp2p0_a0p25_b0p05__wd1e-04trmiss0_degmodglobal,16,0.0001,0.0001,0.2,2.0,0.25,0.05,lr1e-04_bs16_drop0p2_temp2p0_a0p25_b0p05__wd1e-04trmiss0_degmodglobal,38,0.5537384152412415,0.660837709903717,0.6388888888888888,0.7863235529902197,0.6923076923076923,0.0,0.4503137469291687,0.5269079059362411,0.07524094451218843,0.16040579602122307,0.0,0.0,0.0,0.0,0.0,18473,global,0.0
2,4,lr1e-04_bs16_drop0p2_temp2p0_a0p25_b0p05__wd1e-04trmiss0_degmodglobal,16,0.0001,0.0001,0.2,2.0,0.25,0.05,lr1e-04_bs16_drop0p2_temp2p0_a0p25_b0p05__wd1e-04trmiss0_degmodglobal,39,0.5724042654037476,0.6639686226844788,0.5555555555555556,0.7151114317780985,0.6923076923076923,0.0,0.4660608619451523,0.5418098121881485,0.08558793738484383,0.18394922837615013,0.0,0.0,0.0,0.0,0.0,18473,global,0.0
2,4,lr1e-04_bs16_drop0p2_temp2p0_a0p25_b0p05__wd1e-04trmiss0_degmodglobal,16,0.0001,0.0001,0.2,2.0,0.25,0.05,lr1e-04_bs16_drop0p2_temp2p0_a0p25_b0p05__wd1e-04trmiss0_degmodglobal,40,0.5893963128328323,0.663597047328949,0.5555555555555556,0.7151114317780985,0.6923076923076923,0.0,0.49389689415693283,0.5659697353839874,0.06741169467568398,0.13147292286157608,0.0,0.0,0.0,0.0,0.0,18473,global,0.0
2,4,lr1e-04_bs16_drop0p2_temp2p0_a0p25_b0p05__wd1e-04trmiss0_degmodglobal,16,0.0001,0.0001,0.2,2.0,0.25,0.05,lr1e-04_bs16_drop0p2_temp2p0_a0p25_b0p05__wd1e-04trmiss0_degmodglobal,41,0.5628291964530945,0.6644941568374634,0.5555555555555556,0.7151114317780985,0.6923076923076923,0.0,0.47782110422849655,0.5362348854541779,0.08117072656750679,0.12603257596492767,0.0,0.0,0.0,0.0,0.0,18473,global,0.0
2,4,lr1e-04_bs16_drop0p2_temp2p0_a0p25_b0p05__wd1e-04trmiss0_degmodglobal,16,0.0001,0.0001,0.2,2.0,0.25,0.05,lr1e-04_bs16_drop0p2_temp2p0_a0p25_b0p05__wd1e-04trmiss0_degmodglobal,42,0.5842789113521576,0.6620626449584961,0.6111111111111112,0.7307679974346641,0.6923076923076923,0.0,0.4548339694738388,0.5517532825469971,0.09315245226025581,0.18475040793418884,0.0,0.0,0.0,0.0,0.0,18473,global,0.0
2,4,lr1e-04_bs16_drop0p2_temp2p0_a0p25_b0p05__wd1e-04trmiss0_degmodglobal,16,0.0001,0.0001,0.2,2.0,0.25,0.05,lr1e-04_bs16_drop0p2_temp2p0_a0p25_b0p05__wd1e-04trmiss0_degmodglobal,43,0.5597586780786514,0.6638869047164917,0.6388888888888888,0.7863235529902197,0.6153846153846154,0.0,0.46121426671743393,0.5291859433054924,0.08947289362549782,0.1640903279185295,0.0,0.0,0.0,0.0,0.0,18473,global,0.0
2,4,lr1e-04_bs16_drop0p2_temp2p0_a0p25_b0p05__wd1e-04trmiss0_degmodglobal,16,0.0001,0.0001,0.2,2.0,0.25,0.05,lr1e-04_bs16_drop0p2_temp2p0_a0p25_b0p05__wd1e-04trmiss0_degmodglobal,44,0.5647488236427307,0.6641936898231506,0.6388888888888888,0.7863235529902197,0.6153846153846154,0.0,0.452908992767334,0.532377153635025,0.09364555589854717,0.17920560762286186,0.0,0.0,0.0,0.0,0.0,18473,global,0.0
2,4,lr1e-04_bs16_drop0p2_temp2p0_a0p25_b0p05__wd1e-04trmiss0_degmodglobal,16,0.0001,0.0001,0.2,2.0,0.25,0.05,lr1e-04_bs16_drop0p2_temp2p0_a0p25_b0p05__wd1e-04trmiss0_degmodglobal,45,0.5447758883237839,0.6657570600509644,0.6388888888888888,0.7863235529902197,0.6153846153846154,0.0,0.460844948887825,0.5162580013275146,0.08351721800863743,0.15277165547013283,0.0,0.0,0.0,0.0,0.0,18473,global,0.0
2,4,lr1e-04_bs16_drop0p2_temp2p0_a0p25_b0p05__wd1e-04trmiss0_degmodglobal,16,0.0001,0.0001,0.2,2.0,0.25,0.05,lr1e-04_bs16_drop0p2_temp2p0_a0p25_b0p05__wd1e-04trmiss0_degmodglobal,46,0.5656663775444031,0.6701262593269348,0.5833333333333333,0.7639329805996473,0.6153846153846154,0.0,0.4550183340907097,0.5360366851091385,0.08594106324017048,0.1628888174891472,0.0,0.0,0.0,0.0,0.0,18473,global,0.0
2,4,lr1e-04_bs16_drop0p2_temp2p0_a0p25_b0p05__wd1e-04trmiss0_degmodglobal,16,0.0001,0.0001,0.2,2.0,0.25,0.05,lr1e-04_bs16_drop0p2_temp2p0_a0p25_b0p05__wd1e-04trmiss0_degmodglobal,47,0.5599354356527328,0.6708003878593445,0.5555555555555556,0.7472663139329807,0.6153846153846154,0.0,0.43303588777780533,0.5171011090278625,0.11503505613654852,0.2815113365650177,0.0,0.0,0.0,0.0,0.0,18473,global,0.0
2,4,lr1e-04_bs16_drop0p4_temp1p0_a0p25_b0p05__wd1e-04trmiss0_degmodglobal,16,0.0001,0.0001,0.4,1.0,0.25,0.05,lr1e-04_bs16_drop0p4_temp1p0_a0p25_b0p05__wd1e-04trmiss0_degmodglobal,1,0.6910086125135422,0.6482464075088501,0.75,0.7856701940035273,0.9230769230769231,0.0,0.6568368673324585,0.6719309538602829,0.04982740664854646,0.13241617567837238,0.0,0.0,0.0,0.0,0.0,18473,global,0.0
2,4,lr1e-04_bs16_drop0p4_temp1p0_a0p25_b0p05__wd1e-04trmiss0_degmodglobal,16,0.0001,0.0001,0.4,1.0,0.25,0.05,lr1e-04_bs16_drop0p4_temp1p0_a0p25_b0p05__wd1e-04trmiss0_degmodglobal,2,0.7080240994691849,0.6409565806388855,0.75,0.7856701940035273,0.9230769230769231,0.0,0.6790096163749695,0.6895548403263092,0.04208600241690874,0.15895551070570946,0.0,0.0,0.0,0.0,0.0,18473,global,0.0
2,4,lr1e-04_bs16_drop0p4_temp1p0_a0p25_b0p05__wd1e-04trmiss0_degmodglobal,16,0.0001,0.0001,0.4,1.0,0.25,0.05,lr1e-04_bs16_drop0p4_temp1p0_a0p25_b0p05__wd1e-04trmiss0_degmodglobal,3,0.7011711448431015,0.6441124081611633,0.75,0.7856701940035273,0.9230769230769231,0.0,0.6305187195539474,0.6772607415914536,0.05827240366488695,0.18684640806168318,0.0,0.0,0.0,0.0,0.0,18473,global,0.0
2,4,lr1e-04_bs16_drop0p4_temp1p0_a0p25_b0p05__wd1e-04trmiss0_degmodglobal,16,0.0001,0.0001,0.4,1.0,0.25,0.05,lr1e-04_bs16_drop0p4_temp1p0_a0p25_b0p05__wd1e-04trmiss0_degmodglobal,4,0.6913133859634399,0.6501011848449707,0.7777777777777778,0.8412257495590829,0.8461538461538461,0.0,0.5979935675859451,0.6684975177049637,0.05562419071793556,0.17819637060165405,0.0,0.0,0.0,0.0,0.0,18473,global,0.0
2,4,lr1e-04_bs16_drop0p4_temp1p0_a0p25_b0p05__wd1e-04trmiss0_degmodglobal,16,0.0001,0.0001,0.4,1.0,0.25,0.05,lr1e-04_bs16_drop0p4_temp1p0_a0p25_b0p05__wd1e-04trmiss0_degmodglobal,5,0.6720429807901382,0.6498197913169861,0.8055555555555556,0.8782627865961199,0.8461538461538461,0.0,0.5961806029081345,0.6495106369256973,0.06024336442351341,0.14943032898008823,0.0,0.0,0.0,0.0,0.0,18473,global,0.0
2,4,lr1e-04_bs16_drop0p4_temp1p0_a0p25_b0p05__wd1e-04trmiss0_degmodglobal,16,0.0001,0.0001,0.4,1.0,0.25,0.05,lr1e-04_bs16_drop0p4_temp1p0_a0p25_b0p05__wd1e-04trmiss0_degmodglobal,6,0.6518831253051758,0.6557735800743103,0.7222222222222222,0.8484928651595318,0.6923076923076923,0.0,0.5737889111042023,0.633822113275528,0.046243435237556696,0.13000323809683323,0.0,0.0,0.0,0.0,0.0,18473,global,0.0
2,4,lr1e-04_bs16_drop0p4_temp1p0_a0p25_b0p05__wd1e-04trmiss0_degmodglobal,16,0.0001,0.0001,0.4,1.0,0.25,0.05,lr1e-04_bs16_drop0p4_temp1p0_a0p25_b0p05__wd1e-04trmiss0_degmodglobal,7,0.673847496509552,0.6525745391845703,0.6944444444444444,0.8409171075837742,0.6153846153846154,0.0,0.5641790479421616,0.6465836465358734,0.05991959385573864,0.24567877128720284,0.0,0.0,0.0,0.0,0.0,18473,global,0.0
2,4,lr1e-04_bs16_drop0p4_temp1p0_a0p25_b0p05__wd1e-04trmiss0_degmodglobal,16,0.0001,0.0001,0.4,1.0,0.25,0.05,lr1e-04_bs16_drop0p4_temp1p0_a0p25_b0p05__wd1e-04trmiss0_degmodglobal,8,0.6741423457860947,0.6480839252471924,0.7222222222222222,0.8517195767195769,0.7692307692307693,0.0,0.5611822605133057,0.6527681946754456,0.0551862521097064,0.15155142359435558,0.0,0.0,0.0,0.0,0.0,18473,global,0.0
2,4,lr1e-04_bs16_drop0p4_temp1p0_a0p25_b0p05__wd1e-04trmiss0_degmodglobal,16,0.0001,0.0001,0.4,1.0,0.25,0.05,lr1e-04_bs16_drop0p4_temp1p0_a0p25_b0p05__wd1e-04trmiss0_degmodglobal,9,0.6297001838684082,0.6474602222442627,0.75,0.8615961199294533,0.8461538461538461,0.0,0.5607813149690628,0.6108949333429337,0.04914397932589054,0.1303849872201681,0.0,0.0,0.0,0.0,0.0,18473,global,0.0
2,4,lr1e-04_bs16_drop0p4_temp1p0_a0p25_b0p05__wd1e-04trmiss0_degmodglobal,16,0.0001,0.0001,0.4,1.0,0.25,0.05,lr1e-04_bs16_drop0p4_temp1p0_a0p25_b0p05__wd1e-04trmiss0_degmodglobal,10,0.666592612862587,0.6511572599411011,0.75,0.8615961199294533,0.8461538461538461,0.0,0.5588995069265366,0.6373100876808167,0.06915910728275776,0.2398548498749733,0.0,0.0,0.0,0.0,0.0,18473,global,0.0
2,4,lr1e-04_bs16_drop0p4_temp1p0_a0p25_b0p05__wd1e-04trmiss0_degmodglobal,16,0.0001,0.0001,0.4,1.0,0.25,0.05,lr1e-04_bs16_drop0p4_temp1p0_a0p25_b0p05__wd1e-04trmiss0_degmodglobal,11,0.6094964295625687,0.6523475646972656,0.75,0.8615961199294533,0.8461538461538461,0.0,0.5419901758432388,0.58926622569561,0.053494215942919254,0.13713269541040063,0.0,0.0,0.0,0.0,0.0,18473,global,0.0
2,4,lr1e-04_bs16_drop0p4_temp1p0_a0p25_b0p05__wd1e-04trmiss0_degmodglobal,16,0.0001,0.0001,0.4,1.0,0.25,0.05,lr1e-04_bs16_drop0p4_temp1p0_a0p25_b0p05__wd1e-04trmiss0_degmodglobal,12,0.609943151473999,0.6498534083366394,0.75,0.8615961199294533,0.8461538461538461,0.0,0.5422451347112656,0.5914412289857864,0.046338723972439766,0.13834535144269466,0.0,0.0,0.0,0.0,0.0,18473,global,0.0
2,4,lr1e-04_bs16_drop0p4_temp1p0_a0p25_b0p05__wd1e-04trmiss0_degmodglobal,16,0.0001,0.0001,0.4,1.0,0.25,0.05,lr1e-04_bs16_drop0p4_temp1p0_a0p25_b0p05__wd1e-04trmiss0_degmodglobal,13,0.6253199726343155,0.6510304808616638,0.75,0.8615961199294533,0.7692307692307693,0.0,0.5192143693566322,0.6009733825922012,0.06731991097331047,0.15033271349966526,0.0,0.0,0.0,0.0,0.0,18473,global,0.0
2,4,lr1e-04_bs16_drop0p4_temp1p0_a0p25_b0p05__wd1e-04trmiss0_degmodglobal,16,0.0001,0.0001,0.4,1.0,0.25,0.05,lr1e-04_bs16_drop0p4_temp1p0_a0p25_b0p05__wd1e-04trmiss0_degmodglobal,14,0.6265360414981842,0.6521088480949402,0.75,0.8615961199294533,0.7692307692307693,0.0,0.5640361160039902,0.6030074059963226,0.062313998118042946,0.1590028996579349,0.0,0.0,0.0,0.0,0.0,18473,global,0.0
2,4,lr1e-04_bs16_drop0p4_temp1p0_a0p25_b0p05__wd1e-04trmiss0_degmodglobal,16,0.0001,0.0001,0.4,1.0,0.25,0.05,lr1e-04_bs16_drop0p4_temp1p0_a0p25_b0p05__wd1e-04trmiss0_degmodglobal,15,0.6593973934650421,0.6464266777038574,0.7777777777777778,0.8893738977072312,0.8461538461538461,0.0,0.5412325263023376,0.6319725066423416,0.06913088355213404,0.20284350030124187,0.0,0.0,0.0,0.0,0.0,18473,global,0.0
2,4,lr1e-04_bs16_drop0p4_temp1p0_a0p25_b0p05__wd1e-04trmiss0_degmodglobal,16,0.0001,0.0001,0.4,1.0,0.25,0.05,lr1e-04_bs16_drop0p4_temp1p0_a0p25_b0p05__wd1e-04trmiss0_degmodglobal,16,0.6425546705722809,0.6486018300056458,0.75,0.8615961199294533,0.6923076923076923,0.0,0.559233546257019,0.6142915040254593,0.07292168727144599,0.20065500168129802,0.0,0.0,0.0,0.0,0.0,18473,global,0.0
2,4,lr1e-04_bs16_drop0p4_temp1p0_a0p25_b0p05__wd1e-04trmiss0_degmodglobal,16,0.0001,0.0001,0.4,1.0,0.25,0.05,lr1e-04_bs16_drop0p4_temp1p0_a0p25_b0p05__wd1e-04trmiss0_degmodglobal,17,0.6261560767889023,0.6502153873443604,0.75,0.8615961199294533,0.7692307692307693,0.0,0.5278587639331818,0.6033726632595062,0.056000446900725365,0.17566609010100365,0.0,0.0,0.0,0.0,0.0,18473,global,0.0
2,4,lr1e-04_bs16_drop0p4_temp1p0_a0p25_b0p05__wd1e-04trmiss0_degmodglobal,16,0.0001,0.0001,0.4,1.0,0.25,0.05,lr1e-04_bs16_drop0p4_temp1p0_a0p25_b0p05__wd1e-04trmiss0_degmodglobal,18,0.6221988350152969,0.6478936076164246,0.75,0.8615961199294533,0.8461538461538461,0.0,0.5058540850877762,0.5882195979356766,0.08466792851686478,0.256244957447052,0.0,0.0,0.0,0.0,0.0,18473,global,0.0
2,4,lr1e-04_bs16_drop0p4_temp1p0_a0p25_b0p05__wd1e-04trmiss0_degmodglobal,16,0.0001,0.0001,0.4,1.0,0.25,0.05,lr1e-04_bs16_drop0p4_temp1p0_a0p25_b0p05__wd1e-04trmiss0_degmodglobal,19,0.6574477553367615,0.6458538770675659,0.7222222222222222,0.8551858635191969,0.7692307692307693,0.0,0.5458002164959908,0.6273286640644073,0.07923036441206932,0.20622986182570457,0.0,0.0,0.0,0.0,0.0,18473,global,0.0
2,4,lr1e-04_bs16_drop0p4_temp1p0_a0p25_b0p05__wd1e-04trmiss0_degmodglobal,16,0.0001,0.0001,0.4,1.0,0.25,0.05,lr1e-04_bs16_drop0p4_temp1p0_a0p25_b0p05__wd1e-04trmiss0_degmodglobal,20,0.633452296257019,0.6469390988349915,0.7222222222222222,0.8551858635191969,0.7692307692307693,0.0,0.5417822301387787,0.6050131767988205,0.07501517049968243,0.19370656460523605,0.0,0.0,0.0,0.0,0.0,18473,global,0.0
2,4,lr1e-04_bs16_drop0p4_temp1p0_a0p25_b0p05__wd1e-04trmiss0_degmodglobal,16,0.0001,0.0001,0.4,1.0,0.25,0.05,lr1e-04_bs16_drop0p4_temp1p0_a0p25_b0p05__wd1e-04trmiss0_degmodglobal,21,0.6088337451219559,0.6454187035560608,0.6944444444444444,0.8453093203093205,0.7692307692307693,0.0,0.5622388869524002,0.5850358307361603,0.06458764988929033,0.15302028134465218,0.0,0.0,0.0,0.0,0.0,18473,global,0.0
2,4,lr1e-04_bs16_drop0p4_temp1p0_a0p25_b0p05__wd1e-04trmiss0_degmodglobal,16,0.0001,0.0001,0.4,1.0,0.25,0.05,lr1e-04_bs16_drop0p4_temp1p0_a0p25_b0p05__wd1e-04trmiss0_degmodglobal,22,0.6297613978385925,0.6464232206344604,0.7222222222222222,0.8551858635191969,0.7692307692307693,0.0,0.49087199568748474,0.6006468236446381,0.0706965085119009,0.22880913317203522,0.0,0.0,0.0,0.0,0.0,18473,global,0.0
2,4,lr1e-04_bs16_drop0p4_temp1p0_a0p25_b0p05__wd1e-04trmiss0_degmodglobal,16,0.0001,0.0001,0.4,1.0,0.25,0.05,lr1e-04_bs16_drop0p4_temp1p0_a0p25_b0p05__wd1e-04trmiss0_degmodglobal,23,0.6296314150094986,0.6392079591751099,0.7222222222222222,0.8714165464165466,0.7692307692307693,0.0,0.5127764716744423,0.6090748012065887,0.04728726390749216,0.17469600588083267,0.0,0.0,0.0,0.0,0.0,18473,global,0.0
2,4,lr1e-04_bs16_drop0p4_temp1p0_a0p25_b0p05__wd1e-04trmiss0_degmodglobal,16,0.0001,0.0001,0.4,1.0,0.25,0.05,lr1e-04_bs16_drop0p4_temp1p0_a0p25_b0p05__wd1e-04trmiss0_degmodglobal,24,0.6417716592550278,0.6312125325202942,0.75,0.8953093203093205,0.6923076923076923,0.0,0.5271153450012207,0.6044474542140961,0.09342181216925383,0.2793748043477535,0.0,0.0,0.0,0.0,0.0,18473,global,0.0
2,4,lr1e-04_bs16_drop0p4_temp1p0_a0p25_b0p05__wd1e-04trmiss0_degmodglobal,16,0.0001,0.0001,0.4,1.0,0.25,0.05,lr1e-04_bs16_drop0p4_temp1p0_a0p25_b0p05__wd1e-04trmiss0_degmodglobal,25,0.6091501265764236,0.6363715529441833,0.6944444444444445,0.86500629000629,0.6923076923076923,0.0,0.534269705414772,0.589689701795578,0.051947190426290035,0.12947247829288244,0.0,0.0,0.0,0.0,0.0,18473,global,0.0
2,4,lr1e-04_bs16_drop0p4_temp2p0_a0p25_b0p05__wd1e-04trmiss0_degmodglobal,16,0.0001,0.0001,0.4,2.0,0.25,0.05,lr1e-04_bs16_drop0p4_temp2p0_a0p25_b0p05__wd1e-04trmiss0_degmodglobal,1,0.7330232560634613,0.737061083316803,0.3055555555555556,0.6084767084767084,0.3076923076923077,0.0,0.7113097012042999,0.7148401886224747,0.0458951648324728,0.13418563455343246,0.0,0.0,0.0,0.0,0.0,18473,global,0.0
2,4,lr1e-04_bs16_drop0p4_temp2p0_a0p25_b0p05__wd1e-04trmiss0_degmodglobal,16,0.0001,0.0001,0.4,2.0,0.25,0.05,lr1e-04_bs16_drop0p4_temp2p0_a0p25_b0p05__wd1e-04trmiss0_degmodglobal,2,0.7218078523874283,0.7377340793609619,0.3611111111111111,0.6362544862544863,0.3076923076923077,0.0,0.6881237328052521,0.7069365382194519,0.03756741946563125,0.10958951152861118,0.0,0.0,0.0,0.0,0.0,18473,global,0.0
2,4,lr1e-04_bs16_drop0p4_temp2p0_a0p25_b0p05__wd1e-04trmiss0_degmodglobal,16,0.0001,0.0001,0.4,2.0,0.25,0.05,lr1e-04_bs16_drop0p4_temp2p0_a0p25_b0p05__wd1e-04trmiss0_degmodglobal,3,0.7096850872039795,0.7324716448783875,0.4166666666666667,0.7177359677359678,0.3076923076923077,0.0,0.6782972067594528,0.6939730644226074,0.04115342767909169,0.10847346857190132,0.0,0.0,0.0,0.0,0.0,18473,global,0.0
2,4,lr1e-04_bs16_drop0p4_temp2p0_a0p25_b0p05__wd1e-04trmiss0_degmodglobal,16,0.0001,0.0001,0.4,2.0,0.25,0.05,lr1e-04_bs16_drop0p4_temp2p0_a0p25_b0p05__wd1e-04trmiss0_degmodglobal,4,0.7133715003728867,0.7653679251670837,0.3055555555555556,0.6281857031857032,0.3076923076923077,0.0,0.6447100043296814,0.6949941664934158,0.048096148297190666,0.12706631049513817,0.0,0.0,0.0,0.0,0.0,18473,global,0.0
2,4,lr1e-04_bs16_drop0p4_temp2p0_a0p25_b0p05__wd1e-04trmiss0_degmodglobal,16,0.0001,0.0001,0.4,2.0,0.25,0.05,lr1e-04_bs16_drop0p4_temp2p0_a0p25_b0p05__wd1e-04trmiss0_degmodglobal,5,0.7084513157606125,0.7831553220748901,0.2777777777777778,0.6204696538029871,0.3076923076923077,0.0,0.649014949798584,0.6779203563928604,0.07664876990020275,0.22737541794776917,0.0,0.0,0.0,0.0,0.0,18473,global,0.0
2,4,lr1e-04_bs16_drop0p4_temp2p0_a0p25_b0p05__wd1e-04trmiss0_degmodglobal,16,0.0001,0.0001,0.4,2.0,0.25,0.05,lr1e-04_bs16_drop0p4_temp2p0_a0p25_b0p05__wd1e-04trmiss0_degmodglobal,6,0.6572973132133484,0.7712429761886597,0.2777777777777778,0.6204696538029871,0.3076923076923077,0.0,0.6267324388027191,0.6369569301605225,0.05598681978881359,0.12687378749251366,0.0,0.0,0.0,0.0,0.0,18473,global,0.0
2,4,lr1e-04_bs16_drop0p4_temp2p0_a0p25_b0p05__wd1e-04trmiss0_degmodglobal,16,0.0001,0.0001,0.4,2.0,0.25,0.05,lr1e-04_bs16_drop0p4_temp2p0_a0p25_b0p05__wd1e-04trmiss0_degmodglobal,7,0.6622004359960556,0.7623486518859863,0.2777777777777778,0.6204696538029871,0.3076923076923077,0.0,0.6250111758708954,0.6394642293453217,0.05696971155703068,0.16987549886107445,0.0,0.0,0.0,0.0,0.0,18473,global,0.0
2,4,lr1e-04_bs16_drop0p4_temp2p0_a0p25_b0p05__wd1e-04trmiss0_degmodglobal,16,0.0001,0.0001,0.4,2.0,0.25,0.05,lr1e-04_bs16_drop0p4_temp2p0_a0p25_b0p05__wd1e-04trmiss0_degmodglobal,8,0.6823418289422989,0.7581766247749329,0.3055555555555555,0.6760252093585426,0.3076923076923077,0.0,0.6230265349149704,0.6578819304704666,0.06578165851533413,0.16028951667249203,0.0,0.0,0.0,0.0,0.0,18473,global,0.0
2,4,lr1e-04_bs16_drop0p4_temp2p0_a0p25_b0p05__wd1e-04trmiss0_degmodglobal,16,0.0001,0.0001,0.4,2.0,0.25,0.05,lr1e-04_bs16_drop0p4_temp2p0_a0p25_b0p05__wd1e-04trmiss0_degmodglobal,9,0.6749810874462128,0.762406587600708,0.25,0.6019511352844686,0.3076923076923077,0.0,0.6334157735109329,0.6456789821386337,0.07777958735823631,0.1971440501511097,0.0,0.0,0.0,0.0,0.0,18473,global,0.0
2,4,lr1e-04_bs16_drop0p4_temp2p0_a0p25_b0p05__wd1e-04trmiss0_degmodglobal,16,0.0001,0.0001,0.4,2.0,0.25,0.05,lr1e-04_bs16_drop0p4_temp2p0_a0p25_b0p05__wd1e-04trmiss0_degmodglobal,10,0.6827426701784134,0.7573568820953369,0.2777777777777778,0.6204696538029871,0.3076923076923077,0.0,0.6297549307346344,0.6636330932378769,0.05126898176968098,0.12584645114839077,0.0,0.0,0.0,0.0,0.0,18473,global,0.0
2,4,lr1e-04_bs16_drop0p4_temp2p0_a0p25_b0p05__wd1e-04trmiss0_degmodglobal,16,0.0001,0.0001,0.4,2.0,0.25,0.05,lr1e-04_bs16_drop0p4_temp2p0_a0p25_b0p05__wd1e-04trmiss0_degmodglobal,11,0.6537745445966721,0.7563689351081848,0.2777777777777778,0.6204696538029871,0.3076923076923077,0.0,0.6370161324739456,0.634673535823822,0.05159974284470081,0.1240219958126545,0.0,0.0,0.0,0.0,0.0,18473,global,0.0
2,4,lr1e-04_bs16_drop0p4_temp2p0_a0p25_b0p05__wd1e-04trmiss0_degmodglobal,16,0.0001,0.0001,0.4,2.0,0.25,0.05,lr1e-04_bs16_drop0p4_temp2p0_a0p25_b0p05__wd1e-04trmiss0_degmodglobal,12,0.6446322351694107,0.7435012459754944,0.3055555555555555,0.6731592481592481,0.3076923076923077,0.0,0.6131197065114975,0.6237622946500778,0.053173091262578964,0.15153340995311737,0.0,0.0,0.0,0.0,0.0,18473,global,0.0
2,4,lr1e-04_bs16_drop0p4_temp2p0_a0p25_b0p05__wd1e-04trmiss0_degmodglobal,16,0.0001,0.0001,0.4,2.0,0.25,0.05,lr1e-04_bs16_drop0p4_temp2p0_a0p25_b0p05__wd1e-04trmiss0_degmodglobal,13,0.6444074660539627,0.7332614064216614,0.27777777777777773,0.6654431987765321,0.3076923076923077,0.0,0.6090766787528992,0.6286343932151794,0.042479429859668016,0.10306426463648677,0.0,0.0,0.0,0.0,0.0,18473,global,0.0
2,4,lr1e-04_bs16_drop0p4_temp2p0_a0p25_b0p05__wd1e-04trmiss0_degmodglobal,16,0.0001,0.0001,0.4,2.0,0.25,0.05,lr1e-04_bs16_drop0p4_temp2p0_a0p25_b0p05__wd1e-04trmiss0_degmodglobal,14,0.6550109088420868,0.7358399629592896,0.2777777777777778,0.662048137048137,0.38461538461538464,0.0,0.6346165835857391,0.6366573125123978,0.05082304310053587,0.11295691039413214,0.0,0.0,0.0,0.0,0.0,18473,global,0.0
2,4,lr1e-04_bs16_drop0p4_temp2p0_a0p25_b0p05__wd1e-04trmiss0_degmodglobal,16,0.0001,0.0001,0.4,2.0,0.25,0.05,lr1e-04_bs16_drop0p4_temp2p0_a0p25_b0p05__wd1e-04trmiss0_degmodglobal,15,0.6499529629945755,0.7362679839134216,0.2777777777777778,0.6546407296407297,0.38461538461538464,0.0,0.589210718870163,0.6279563903808594,0.05175172071903944,0.18117308802902699,0.0,0.0,0.0,0.0,0.0,18473,global,0.0
2,4,lr1e-04_bs16_drop0p4_temp2p0_a0p25_b0p05__wd1e-04trmiss0_degmodglobal,16,0.0001,0.0001,0.4,2.0,0.25,0.05,lr1e-04_bs16_drop0p4_temp2p0_a0p25_b0p05__wd1e-04trmiss0_degmodglobal,16,0.6811836510896683,0.7309954762458801,0.3055555555555555,0.6731592481592481,0.38461538461538464,0.0,0.5750850588083267,0.6591545939445496,0.05962450336664915,0.14245832711458206,0.0,0.0,0.0,0.0,0.0,18473,global,0.0
2,4,lr1e-04_bs16_drop0p4_temp2p0_a0p25_b0p05__wd1e-04trmiss0_degmodglobal,16,0.0001,0.0001,0.4,2.0,0.25,0.05,lr1e-04_bs16_drop0p4_temp2p0_a0p25_b0p05__wd1e-04trmiss0_degmodglobal,17,0.6267439275979996,0.7167102694511414,0.4444444444444444,0.7519230769230769,0.38461538461538464,0.0,0.6184988915920258,0.6022738218307495,0.0682736812159419,0.14803331531584263,0.0,0.0,0.0,0.0,0.0,18473,global,0.0
2,4,lr1e-04_bs16_drop0p4_temp2p0_a0p25_b0p05__wd1e-04trmiss0_degmodglobal,16,0.0001,0.0001,0.4,2.0,0.25,0.05,lr1e-04_bs16_drop0p4_temp2p0_a0p25_b0p05__wd1e-04trmiss0_degmodglobal,18,0.6378304660320282,0.7142517566680908,0.4722222222222222,0.761843711843712,0.38461538461538464,0.0,0.5549528002738953,0.6120912432670593,0.06821369286626577,0.17371645756065845,0.0,0.0,0.0,0.0,0.0,18473,global,0.0
2,4,lr1e-04_bs16_drop0p4_temp2p0_a0p25_b0p05__wd1e-04trmiss0_degmodglobal,16,0.0001,0.0001,0.4,2.0,0.25,0.05,lr1e-04_bs16_drop0p4_temp2p0_a0p25_b0p05__wd1e-04trmiss0_degmodglobal,19,0.6421656459569931,0.7163368463516235,0.4444444444444444,0.7519230769230769,0.38461538461538464,0.0,0.5939558744430542,0.6263383030891418,0.044014839455485344,0.09647294064052403,0.0,0.0,0.0,0.0,0.0,18473,global,0.0
2,4,lr1e-04_bs16_drop0p4_temp2p0_a0p25_b0p05__wd1e-04trmiss0_degmodglobal,16,0.0001,0.0001,0.4,2.0,0.25,0.05,lr1e-04_bs16_drop0p4_temp2p0_a0p25_b0p05__wd1e-04trmiss0_degmodglobal,20,0.6364961862564087,0.721729040145874,0.3888888888888889,0.7103285603285603,0.38461538461538464,0.0,0.5717592090368271,0.6168059557676315,0.05803694482892752,0.10361956991255283,0.0,0.0,0.0,0.0,0.0,18473,global,0.0
2,4,lr1e-04_bs16_drop0p4_temp2p0_a0p25_b0p05__wd1e-04trmiss0_degmodglobal,16,0.0001,0.0001,0.4,2.0,0.25,0.05,lr1e-04_bs16_drop0p4_temp2p0_a0p25_b0p05__wd1e-04trmiss0_degmodglobal,21,0.6535052359104156,0.7315654158592224,0.3888888888888889,0.6982193732193731,0.38461538461538464,0.0,0.5892524719238281,0.6317854672670364,0.05900780111551285,0.1393562462180853,0.0,0.0,0.0,0.0,0.0,18473,global,0.0
2,4,lr1e-04_bs16_drop0p4_temp2p0_a0p25_b0p05__wd1e-04trmiss0_degmodglobal,16,0.0001,0.0001,0.4,2.0,0.25,0.05,lr1e-04_bs16_drop0p4_temp2p0_a0p25_b0p05__wd1e-04trmiss0_degmodglobal,22,0.6253873854875565,0.7365052700042725,0.33333333333333337,0.669118844118844,0.3076923076923077,0.0,0.5686274766921997,0.607281282544136,0.053201659582555294,0.09611424338072538,0.0,0.0,0.0,0.0,0.0,18473,global,0.0
2,4,lr1e-04_bs16_drop0p4_temp2p0_a0p25_b0p05__wd1e-04trmiss0_degmodglobal,16,0.0001,0.0001,0.4,2.0,0.25,0.05,lr1e-04_bs16_drop0p4_temp2p0_a0p25_b0p05__wd1e-04trmiss0_degmodglobal,23,0.6266366094350815,0.7417591214179993,0.3888888888888889,0.6822631072631073,0.23076923076923078,0.0,0.5752827823162079,0.6071925461292267,0.05198710225522518,0.1289456356316805,0.0,0.0,0.0,0.0,0.0,18473,global,0.0
2,4,lr1e-04_bs16_drop0p4_temp2p0_a0p25_b0p05__wd1e-04trmiss0_degmodglobal,16,0.0001,0.0001,0.4,2.0,0.25,0.05,lr1e-04_bs16_drop0p4_temp2p0_a0p25_b0p05__wd1e-04trmiss0_degmodglobal,24,0.6256622225046158,0.7506762742996216,0.3055555555555556,0.6091861841861842,0.3076923076923077,0.0,0.5600602328777313,0.6051987707614899,0.05481368862092495,0.13520088605582714,0.0,0.0,0.0,0.0,0.0,18473,global,0.0
2,4,lr1e-04_bs16_drop0p4_temp2p0_a0p25_b0p05__wd1e-04trmiss0_degmodglobal,16,0.0001,0.0001,0.4,2.0,0.25,0.05,lr1e-04_bs16_drop0p4_temp2p0_a0p25_b0p05__wd1e-04trmiss0_degmodglobal,25,0.6417898833751678,0.7521166801452637,0.2777777777777778,0.650937025937026,0.3076923076923077,0.0,0.5879803895950317,0.619266003370285,0.06084852106869221,0.1462348997592926,0.0,0.0,0.0,0.0,0.0,18473,global,0.0
2,4,lr1e-04_bs16_drop0p4_temp2p0_a0p25_b0p05__wd1e-04trmiss0_degmodglobal,16,0.0001,0.0001,0.4,2.0,0.25,0.05,lr1e-04_bs16_drop0p4_temp2p0_a0p25_b0p05__wd1e-04trmiss0_degmodglobal,26,0.6479928195476532,0.7450016140937805,0.3055555555555556,0.662048137048137,0.23076923076923078,0.0,0.5677666068077087,0.6209947168827057,0.0690805884078145,0.194559158757329,0.0,0.0,0.0,0.0,0.0,18473,global,0.0
2,4,lr1e-04_bs16_drop0p4_temp2p0_a0p25_b0p05__wd1e-04trmiss0_degmodglobal,16,0.0001,0.0001,0.4,2.0,0.25,0.05,lr1e-04_bs16_drop0p4_temp2p0_a0p25_b0p05__wd1e-04trmiss0_degmodglobal,27,0.6456827968358994,0.7474691271781921,0.2777777777777778,0.6546407296407297,0.3076923076923077,0.0,0.601287379860878,0.6277409344911575,0.05023410078138113,0.10766665544360876,0.0,0.0,0.0,0.0,0.0,18473,global,0.0
2,4,lr1e-04_bs16_drop0p4_temp2p0_a0p25_b0p05__wd1e-04trmiss0_degmodglobal,16,0.0001,0.0001,0.4,2.0,0.25,0.05,lr1e-04_bs16_drop0p4_temp2p0_a0p25_b0p05__wd1e-04trmiss0_degmodglobal,28,0.6050182431936264,0.7399834990501404,0.2777777777777778,0.6546407296407297,0.23076923076923078,0.0,0.5651361048221588,0.5860496461391449,0.06061343289911747,0.07630482316017151,0.0,0.0,0.0,0.0,0.0,18473,global,0.0
2,4,lr1e-04_bs16_drop0p4_temp2p0_a0p25_b0p05__wd1e-04trmiss0_degmodglobal,16,0.0001,0.0001,0.4,2.0,0.25,0.05,lr1e-04_bs16_drop0p4_temp2p0_a0p25_b0p05__wd1e-04trmiss0_degmodglobal,29,0.6195624768733978,0.7402387857437134,0.2777777777777778,0.6546407296407297,0.23076923076923078,0.0,0.5778495073318481,0.5989651679992676,0.052315701730549335,0.15036735869944096,0.0,0.0,0.0,0.0,0.0,18473,global,0.0
2,4,lr1e-04_bs16_drop0p4_temp2p0_a0p25_b0p05__wd1e-04trmiss0_degmodglobal,16,0.0001,0.0001,0.4,2.0,0.25,0.05,lr1e-04_bs16_drop0p4_temp2p0_a0p25_b0p05__wd1e-04trmiss0_degmodglobal,30,0.591570571064949,0.7434906363487244,0.2777777777777778,0.6546407296407297,0.23076923076923078,0.0,0.5928776115179062,0.5721607506275177,0.054070702753961086,0.1178424060344696,0.0,0.0,0.0,0.0,0.0,18473,global,0.0
2,4,lr1e-04_bs16_drop0p4_temp2p0_a0p25_b0p05__wd1e-04trmiss0_degmodglobal,16,0.0001,0.0001,0.4,2.0,0.25,0.05,lr1e-04_bs16_drop0p4_temp2p0_a0p25_b0p05__wd1e-04trmiss0_degmodglobal,31,0.6227890700101852,0.7433216571807861,0.33333333333333337,0.6751433751433753,0.3076923076923077,0.0,0.5923612266778946,0.6016979962587357,0.05576648563146591,0.14298871904611588,0.0,0.0,0.0,0.0,0.0,18473,global,0.0
2,4,lr1e-04_bs16_drop0p4_temp2p0_a0p25_b0p05__wd1e-04trmiss0_degmodglobal,16,0.0001,0.0001,0.4,2.0,0.25,0.05,lr1e-04_bs16_drop0p4_temp2p0_a0p25_b0p05__wd1e-04trmiss0_degmodglobal,32,0.6117382645606995,0.7383980751037598,0.3333333333333333,0.6726301476301477,0.3076923076923077,0.0,0.5513692200183868,0.5905825346708298,0.05754299648106098,0.1353995595127344,0.0,0.0,0.0,0.0,0.0,18473,global,0.0
2,4,lr1e-04_bs16_drop0p4_temp2p0_a0p25_b0p05__wd1e-04trmiss0_degmodglobal,16,0.0001,0.0001,0.4,2.0,0.25,0.05,lr1e-04_bs16_drop0p4_temp2p0_a0p25_b0p05__wd1e-04trmiss0_degmodglobal,33,0.657291054725647,0.739245593547821,0.3611111111111111,0.6911486661486661,0.3076923076923077,0.0,0.5887261182069778,0.6341234892606735,0.061903348192572594,0.15383433923125267,0.0,0.0,0.0,0.0,0.0,18473,global,0.0
2,4,lr1e-04_bs16_drop0p4_temp2p0_a0p25_b0p05__wd1e-04trmiss0_degmodglobal,16,0.0001,0.0001,0.4,2.0,0.25,0.05,lr1e-04_bs16_drop0p4_temp2p0_a0p25_b0p05__wd1e-04trmiss0_degmodglobal,34,0.6128010004758835,0.7421965599060059,0.3611111111111111,0.6911486661486661,0.3076923076923077,0.0,0.5707949101924896,0.5882833153009415,0.06645917985588312,0.15805825870484114,0.0,0.0,0.0,0.0,0.0,18473,global,0.0
2,4,lr1e-04_bs16_drop0p4_temp2p0_a0p25_b0p05__wd1e-04trmiss0_degmodglobal,16,0.0001,0.0001,0.4,2.0,0.25,0.05,lr1e-04_bs16_drop0p4_temp2p0_a0p25_b0p05__wd1e-04trmiss0_degmodglobal,35,0.6420831680297852,0.7386329770088196,0.3333333333333333,0.6726301476301477,0.38461538461538464,0.0,0.5661383494734764,0.6073188036680222,0.10471857339143753,0.17169425077736378,0.0,0.0,0.0,0.0,0.0,18473,global,0.0
2,4,lr1e-04_bs16_drop0p4_temp2p0_a0p25_b0p05__wd1e-04trmiss0_degmodglobal,16,0.0001,0.0001,0.4,2.0,0.25,0.05,lr1e-04_bs16_drop0p4_temp2p0_a0p25_b0p05__wd1e-04trmiss0_degmodglobal,36,0.6267027258872986,0.7512057423591614,0.3055555555555556,0.662048137048137,0.23076923076923078,0.0,0.5821027457714081,0.609485387802124,0.050223901867866516,0.09322748333215714,0.0,0.0,0.0,0.0,0.0,18473,global,0.0
2,4,lr1e-04_bs16_drop0p4_temp2p0_a0p25_b0p05__wd1e-04trmiss0_degmodglobal,16,0.0001,0.0001,0.4,2.0,0.25,0.05,lr1e-04_bs16_drop0p4_temp2p0_a0p25_b0p05__wd1e-04trmiss0_degmodglobal,37,0.6170920133590698,0.7606968283653259,0.25,0.5990851740851741,0.23076923076923078,0.0,0.5485464483499527,0.5975433439016342,0.05384101811796427,0.12176815047860146,0.0,0.0,0.0,0.0,0.0,18473,global,0.0
2,4,lr1e-04_bs16_drop0p4_temp2p0_a0p25_b0p05__wd1e-04trmiss0_degmodglobal,16,0.0001,0.0001,0.4,2.0,0.25,0.05,lr1e-04_bs16_drop0p4_temp2p0_a0p25_b0p05__wd1e-04trmiss0_degmodglobal,38,0.6064632534980774,0.7628903388977051,0.2777777777777778,0.6064925814925815,0.3076923076923077,0.0,0.5630895048379898,0.5845382511615753,0.05686533870175481,0.1541734952479601,0.0,0.0,0.0,0.0,0.0,18473,global,0.0
2,4,lr5e-05_bs16_drop0p2_temp1p0_a0p25_b0p05__wd1e-04trmiss0_degmodglobal,16,5e-05,0.0001,0.2,1.0,0.25,0.05,lr5e-05_bs16_drop0p2_temp1p0_a0p25_b0p05__wd1e-04trmiss0_degmodglobal,1,0.7231859564781189,0.669178307056427,0.6944444444444444,0.8511383678050346,0.6923076923076923,0.0,0.7380609661340714,0.6935923099517822,0.08873923681676388,0.14817685820162296,0.0,0.0,0.0,0.0,0.0,18473,global,0.0
2,4,lr5e-05_bs16_drop0p2_temp1p0_a0p25_b0p05__wd1e-04trmiss0_degmodglobal,16,5e-05,0.0001,0.2,1.0,0.25,0.05,lr5e-05_bs16_drop0p2_temp1p0_a0p25_b0p05__wd1e-04trmiss0_degmodglobal,2,0.7244992554187775,0.6713308691978455,0.6944444444444444,0.8657848324514992,0.6153846153846154,0.0,0.7090154886245728,0.6962289810180664,0.08552253805100918,0.13779293559491634,0.0,0.0,0.0,0.0,0.0,18473,global,0.0
2,4,lr5e-05_bs16_drop0p2_temp1p0_a0p25_b0p05__wd1e-04trmiss0_degmodglobal,16,5e-05,0.0001,0.2,1.0,0.25,0.05,lr5e-05_bs16_drop0p2_temp1p0_a0p25_b0p05__wd1e-04trmiss0_degmodglobal,3,0.6949383616447449,0.6811105608940125,0.6666666666666667,0.8487093153759822,0.6153846153846154,0.0,0.6646332293748856,0.669753685593605,0.08497324213385582,0.07882756646722555,0.0,0.0,0.0,0.0,0.0,18473,global,0.0
2,4,lr5e-05_bs16_drop0p2_temp1p0_a0p25_b0p05__wd1e-04trmiss0_degmodglobal,16,5e-05,0.0001,0.2,1.0,0.25,0.05,lr5e-05_bs16_drop0p2_temp1p0_a0p25_b0p05__wd1e-04trmiss0_degmodglobal,4,0.676688015460968,0.6992344856262207,0.5555555555555556,0.78980278980279,0.46153846153846156,0.0,0.6769135296344757,0.6504201143980026,0.08261016570031643,0.11230735667049885,0.0,0.0,0.0,0.0,0.0,18473,global,0.0
2,4,lr5e-05_bs16_drop0p2_temp1p0_a0p25_b0p05__wd1e-04trmiss0_degmodglobal,16,5e-05,0.0001,0.2,1.0,0.25,0.05,lr5e-05_bs16_drop0p2_temp1p0_a0p25_b0p05__wd1e-04trmiss0_degmodglobal,5,0.6436691284179688,0.7151819467544556,0.5833333333333334,0.7928892095558764,0.38461538461538464,0.0,0.6617523282766342,0.6210733950138092,0.07057581562548876,0.09903599042445421,0.0,0.0,0.0,0.0,0.0,18473,global,0.0
2,4,lr5e-05_bs16_drop0p2_temp1p0_a0p25_b0p05__wd1e-04trmiss0_degmodglobal,16,5e-05,0.0001,0.2,1.0,0.25,0.05,lr5e-05_bs16_drop0p2_temp1p0_a0p25_b0p05__wd1e-04trmiss0_degmodglobal,6,0.6600776761770248,0.7044002413749695,0.5833333333333333,0.8120250120250121,0.46153846153846156,0.0,0.6888135224580765,0.6350975930690765,0.07911143638193607,0.10404459200799465,0.0,0.0,0.0,0.0,0.0,18473,global,0.0
2,4,lr5e-05_bs16_drop0p2_temp1p0_a0p25_b0p05__wd1e-04trmiss0_degmodglobal,16,5e-05,0.0001,0.2,1.0,0.25,0.05,lr5e-05_bs16_drop0p2_temp1p0_a0p25_b0p05__wd1e-04trmiss0_degmodglobal,7,0.6799288243055344,0.7016358375549316,0.5833333333333333,0.8175805675805676,0.46153846153846156,0.0,0.6806047409772873,0.6495258212089539,0.09044781513512135,0.1558208279311657,0.0,0.0,0.0,0.0,0.0,18473,global,0.0
2,4,lr5e-05_bs16_drop0p2_temp1p0_a0p25_b0p05__wd1e-04trmiss0_degmodglobal,16,5e-05,0.0001,0.2,1.0,0.25,0.05,lr5e-05_bs16_drop0p2_temp1p0_a0p25_b0p05__wd1e-04trmiss0_degmodglobal,8,0.6582143157720566,0.6929367780685425,0.5833333333333333,0.8175805675805676,0.5384615384615384,0.0,0.6360854953527451,0.6313059478998184,0.08453759178519249,0.11547923553735018,0.0,0.0,0.0,0.0,0.0,18473,global,0.0
2,4,lr5e-05_bs16_drop0p2_temp1p0_a0p25_b0p05__wd1e-04trmiss0_degmodglobal,16,5e-05,0.0001,0.2,1.0,0.25,0.05,lr5e-05_bs16_drop0p2_temp1p0_a0p25_b0p05__wd1e-04trmiss0_degmodglobal,9,0.6253442615270615,0.6894301772117615,0.5833333333333333,0.8175805675805676,0.46153846153846156,0.0,0.6257892996072769,0.5980573147535324,0.08113081008195877,0.14008479192852974,0.0,0.0,0.0,0.0,0.0,18473,global,0.0
2,4,lr5e-05_bs16_drop0p2_temp1p0_a0p25_b0p05__wd1e-04trmiss0_degmodglobal,16,5e-05,0.0001,0.2,1.0,0.25,0.05,lr5e-05_bs16_drop0p2_temp1p0_a0p25_b0p05__wd1e-04trmiss0_degmodglobal,10,0.6081144064664841,0.6809281706809998,0.6111111111111112,0.83980278980279,0.46153846153846156,0.0,0.6146290302276611,0.585340216755867,0.07251074351370335,0.0929300356656313,0.0,0.0,0.0,0.0,0.0,18473,global,0.0
2,4,lr5e-05_bs16_drop0p2_temp1p0_a0p25_b0p05__wd1e-04trmiss0_degmodglobal,16,5e-05,0.0001,0.2,1.0,0.25,0.05,lr5e-05_bs16_drop0p2_temp1p0_a0p25_b0p05__wd1e-04trmiss0_degmodglobal,11,0.626643568277359,0.6736181974411011,0.6111111111111112,0.83980278980279,0.46153846153846156,0.0,0.6117992252111435,0.60225410759449,0.07371446397155523,0.11921694688498974,0.0,0.0,0.0,0.0,0.0,18473,global,0.0
2,4,lr5e-05_bs16_drop0p2_temp1p0_a0p25_b0p05__wd1e-04trmiss0_degmodglobal,16,5e-05,0.0001,0.2,1.0,0.25,0.05,lr5e-05_bs16_drop0p2_temp1p0_a0p25_b0p05__wd1e-04trmiss0_degmodglobal,12,0.6691363006830215,0.6733274459838867,0.6388888888888888,0.8530303030303032,0.5384615384615384,0.0,0.6498031169176102,0.6463531404733658,0.07319039851427078,0.08971125911921263,0.0,0.0,0.0,0.0,0.0,18473,global,0.0
2,4,lr5e-05_bs16_drop0p2_temp1p0_a0p25_b0p05__wd1e-04trmiss0_degmodglobal,16,5e-05,0.0001,0.2,1.0,0.25,0.05,lr5e-05_bs16_drop0p2_temp1p0_a0p25_b0p05__wd1e-04trmiss0_degmodglobal,13,0.6142896860837936,0.6632462739944458,0.6388888888888888,0.8530303030303032,0.5384615384615384,0.0,0.6240805983543396,0.5896368473768234,0.0720033124089241,0.13304032571613789,0.0,0.0,0.0,0.0,0.0,18473,global,0.0
2,4,lr5e-05_bs16_drop0p2_temp1p0_a0p25_b0p05__wd1e-04trmiss0_degmodglobal,16,5e-05,0.0001,0.2,1.0,0.25,0.05,lr5e-05_bs16_drop0p2_temp1p0_a0p25_b0p05__wd1e-04trmiss0_degmodglobal,14,0.6152156442403793,0.6612862944602966,0.6666666666666667,0.8622895622895623,0.5384615384615384,0.0,0.6010149568319321,0.5895318537950516,0.07716714031994343,0.12783985026180744,0.0,0.0,0.0,0.0,0.0,18473,global,0.0
2,4,lr5e-05_bs16_drop0p2_temp1p0_a0p25_b0p05__wd1e-04trmiss0_degmodglobal,16,5e-05,0.0001,0.2,1.0,0.25,0.05,lr5e-05_bs16_drop0p2_temp1p0_a0p25_b0p05__wd1e-04trmiss0_degmodglobal,15,0.604085236787796,0.6614753007888794,0.6388888888888888,0.8400673400673402,0.6153846153846154,0.0,0.5973447561264038,0.5795350223779678,0.07529338914901018,0.11453767493367195,0.0,0.0,0.0,0.0,0.0,18473,global,0.0
2,4,lr5e-05_bs16_drop0p2_temp1p0_a0p25_b0p05__wd1e-04trmiss0_degmodglobal,16,5e-05,0.0001,0.2,1.0,0.25,0.05,lr5e-05_bs16_drop0p2_temp1p0_a0p25_b0p05__wd1e-04trmiss0_degmodglobal,16,0.6135594248771667,0.6549035310745239,0.6944444444444444,0.860614077280744,0.6153846153846154,0.0,0.584152489900589,0.5876863598823547,0.08225994557142258,0.10616172663867474,0.0,0.0,0.0,0.0,0.0,18473,global,0.0
2,4,lr5e-05_bs16_drop0p2_temp1p0_a0p25_b0p05__wd1e-04trmiss0_degmodglobal,16,5e-05,0.0001,0.2,1.0,0.25,0.05,lr5e-05_bs16_drop0p2_temp1p0_a0p25_b0p05__wd1e-04trmiss0_degmodglobal,17,0.6138124167919159,0.6561175584793091,0.6666666666666667,0.8487093153759822,0.6153846153846154,0.0,0.5967202186584473,0.5941881090402603,0.06514228228479624,0.06677460111677647,0.0,0.0,0.0,0.0,0.0,18473,global,0.0
2,4,lr5e-05_bs16_drop0p2_temp1p0_a0p25_b0p05__wd1e-04trmiss0_degmodglobal,16,5e-05,0.0001,0.2,1.0,0.25,0.05,lr5e-05_bs16_drop0p2_temp1p0_a0p25_b0p05__wd1e-04trmiss0_degmodglobal,18,0.5977155566215515,0.6573204398155212,0.6944444444444444,0.8709315375982045,0.6153846153846154,0.0,0.5909342616796494,0.5718304365873337,0.08065181411802769,0.11444311589002609,0.0,0.0,0.0,0.0,0.0,18473,global,0.0
2,4,lr5e-05_bs16_drop0p2_temp1p0_a0p25_b0p05__wd1e-04trmiss0_degmodglobal,16,5e-05,0.0001,0.2,1.0,0.25,0.05,lr5e-05_bs16_drop0p2_temp1p0_a0p25_b0p05__wd1e-04trmiss0_degmodglobal,19,0.5795979648828506,0.6606475114822388,0.5833333333333333,0.7752525252525253,0.6153846153846154,0.0,0.5795591324567795,0.5476842522621155,0.09686028771102428,0.1539728045463562,0.0,0.0,0.0,0.0,0.0,18473,global,0.0
2,4,lr5e-05_bs16_drop0p2_temp1p0_a0p25_b0p05__wd1e-04trmiss0_degmodglobal,16,5e-05,0.0001,0.2,1.0,0.25,0.05,lr5e-05_bs16_drop0p2_temp1p0_a0p25_b0p05__wd1e-04trmiss0_degmodglobal,20,0.6047645658254623,0.6688427925109863,0.5833333333333334,0.8030303030303032,0.5384615384615384,0.0,0.6050748229026794,0.5773208737373352,0.0818979199975729,0.1393847931176424,0.0,0.0,0.0,0.0,0.0,18473,global,0.0
2,4,lr5e-05_bs16_drop0p2_temp1p0_a0p25_b0p05__wd1e-04trmiss0_degmodglobal,16,5e-05,0.0001,0.2,1.0,0.25,0.05,lr5e-05_bs16_drop0p2_temp1p0_a0p25_b0p05__wd1e-04trmiss0_degmodglobal,21,0.5849221497774124,0.6761162281036377,0.5555555555555556,0.765993265993266,0.46153846153846156,0.0,0.5685176700353622,0.558760941028595,0.08270126022398472,0.10971800377592444,0.0,0.0,0.0,0.0,0.0,18473,global,0.0
2,4,lr5e-05_bs16_drop0p2_temp1p0_a0p25_b0p05__wd1e-04trmiss0_degmodglobal,16,5e-05,0.0001,0.2,1.0,0.25,0.05,lr5e-05_bs16_drop0p2_temp1p0_a0p25_b0p05__wd1e-04trmiss0_degmodglobal,22,0.6009877026081085,0.6764841079711914,0.5555555555555556,0.765993265993266,0.46153846153846156,0.0,0.5539798364043236,0.5706371665000916,0.09184264205396175,0.14779744669795036,0.0,0.0,0.0,0.0,0.0,18473,global,0.0
2,4,lr5e-05_bs16_drop0p2_temp1p0_a0p25_b0p05__wd1e-04trmiss0_degmodglobal,16,5e-05,0.0001,0.2,1.0,0.25,0.05,lr5e-05_bs16_drop0p2_temp1p0_a0p25_b0p05__wd1e-04trmiss0_degmodglobal,23,0.6078143566846848,0.6773181557655334,0.5555555555555556,0.765993265993266,0.5384615384615384,0.0,0.5621959567070007,0.572420284152031,0.10686761513352394,0.17354325391352177,0.0,0.0,0.0,0.0,0.0,18473,global,0.0
2,4,lr5e-05_bs16_drop0p2_temp1p0_a0p25_b0p05__wd1e-04trmiss0_degmodglobal,16,5e-05,0.0001,0.2,1.0,0.25,0.05,lr5e-05_bs16_drop0p2_temp1p0_a0p25_b0p05__wd1e-04trmiss0_degmodglobal,24,0.5786012262105942,0.6724485754966736,0.5555555555555556,0.765993265993266,0.5384615384615384,0.0,0.5583976805210114,0.5409050956368446,0.10776916518807411,0.21507687494158745,0.0,0.0,0.0,0.0,0.0,18473,global,0.0
2,4,lr5e-05_bs16_drop0p2_temp1p0_a0p25_b0p05__wd1e-04trmiss0_degmodglobal,16,5e-05,0.0001,0.2,1.0,0.25,0.05,lr5e-05_bs16_drop0p2_temp1p0_a0p25_b0p05__wd1e-04trmiss0_degmodglobal,25,0.5967207849025726,0.6785457730293274,0.5555555555555556,0.765993265993266,0.5384615384615384,0.0,0.5521972328424454,0.5651141703128815,0.10211361944675446,0.12156405113637447,0.0,0.0,0.0,0.0,0.0,18473,global,0.0
2,4,lr5e-05_bs16_drop0p2_temp1p0_a0p25_b0p05__wd1e-04trmiss0_degmodglobal,16,5e-05,0.0001,0.2,1.0,0.25,0.05,lr5e-05_bs16_drop0p2_temp1p0_a0p25_b0p05__wd1e-04trmiss0_degmodglobal,26,0.6092381924390793,0.6817982792854309,0.5833333333333333,0.7752525252525253,0.5384615384615384,0.0,0.593008890748024,0.5805617421865463,0.09456348046660423,0.1007117391563952,0.0,0.0,0.0,0.0,0.0,18473,global,0.0
2,4,lr5e-05_bs16_drop0p2_temp1p0_a0p25_b0p05__wd1e-04trmiss0_degmodglobal,16,5e-05,0.0001,0.2,1.0,0.25,0.05,lr5e-05_bs16_drop0p2_temp1p0_a0p25_b0p05__wd1e-04trmiss0_degmodglobal,27,0.5752494931221008,0.6798263192176819,0.5833333333333333,0.7752525252525253,0.5384615384615384,0.0,0.5616675093770027,0.5480662286281586,0.09062390401959419,0.09054580237716436,0.0,0.0,0.0,0.0,0.0,18473,global,0.0
2,4,lr5e-05_bs16_drop0p2_temp1p0_a0p25_b0p05__wd1e-04trmiss0_degmodglobal,16,5e-05,0.0001,0.2,1.0,0.25,0.05,lr5e-05_bs16_drop0p2_temp1p0_a0p25_b0p05__wd1e-04trmiss0_degmodglobal,28,0.5847931504249573,0.6861934065818787,0.5833333333333333,0.7752525252525253,0.6153846153846154,0.0,0.5801486521959305,0.5598399937152863,0.07684008963406086,0.11486238054931164,0.0,0.0,0.0,0.0,0.0,18473,global,0.0
2,4,lr5e-05_bs16_drop0p2_temp1p0_a0p25_b0p05__wd1e-04trmiss0_degmodglobal,16,5e-05,0.0001,0.2,1.0,0.25,0.05,lr5e-05_bs16_drop0p2_temp1p0_a0p25_b0p05__wd1e-04trmiss0_degmodglobal,29,0.5843887776136398,0.6876185536384583,0.5833333333333333,0.7752525252525253,0.6153846153846154,0.0,0.5594305992126465,0.5544252991676331,0.09440507180988789,0.12724396400153637,0.0,0.0,0.0,0.0,0.0,18473,global,0.0
2,4,lr5e-05_bs16_drop0p2_temp1p0_a0p25_b0p05__wd1e-04trmiss0_degmodglobal,16,5e-05,0.0001,0.2,1.0,0.25,0.05,lr5e-05_bs16_drop0p2_temp1p0_a0p25_b0p05__wd1e-04trmiss0_degmodglobal,30,0.5833840072154999,0.6882824301719666,0.5833333333333334,0.799062049062049,0.5384615384615384,0.0,0.5762557089328766,0.5523379743099213,0.10009476728737354,0.12044684030115604,0.0,0.0,0.0,0.0,0.0,18473,global,0.0
2,4,lr5e-05_bs16_drop0p2_temp1p0_a0p25_b0p05__wd1e-04trmiss0_degmodglobal,16,5e-05,0.0001,0.2,1.0,0.25,0.05,lr5e-05_bs16_drop0p2_temp1p0_a0p25_b0p05__wd1e-04trmiss0_degmodglobal,31,0.6027781665325165,0.6850830316543579,0.6111111111111112,0.8268398268398269,0.6153846153846154,0.0,0.5841217786073685,0.5734798759222031,0.09135104529559612,0.12921052053570747,0.0,0.0,0.0,0.0,0.0,18473,global,0.0
2,4,lr5e-05_bs16_drop0p2_temp1p0_a0p25_b0p05__wd1e-04trmiss0_degmodglobal,16,5e-05,0.0001,0.2,1.0,0.25,0.05,lr5e-05_bs16_drop0p2_temp1p0_a0p25_b0p05__wd1e-04trmiss0_degmodglobal,32,0.6150078922510147,0.6893367767333984,0.5833333333333334,0.8030303030303032,0.5384615384615384,0.0,0.589088961482048,0.5889122411608696,0.08447033446282148,0.09956121444702148,0.0,0.0,0.0,0.0,0.0,18473,global,0.0
2,4,lr5e-05_bs16_drop0p2_temp1p0_a0p25_b0p05__wd1e-04trmiss0_degmodglobal,16,5e-05,0.0001,0.2,1.0,0.25,0.05,lr5e-05_bs16_drop0p2_temp1p0_a0p25_b0p05__wd1e-04trmiss0_degmodglobal,33,0.5586776286363602,0.6834394931793213,0.5833333333333334,0.8030303030303032,0.5384615384615384,0.0,0.545009434223175,0.5275819003582001,0.09911062940955162,0.1263615544885397,0.0,0.0,0.0,0.0,0.0,18473,global,0.0
2,4,lr5e-05_bs16_drop0p2_temp1p0_a0p25_b0p05__wd1e-04trmiss0_degmodglobal,16,5e-05,0.0001,0.2,1.0,0.25,0.05,lr5e-05_bs16_drop0p2_temp1p0_a0p25_b0p05__wd1e-04trmiss0_degmodglobal,34,0.5899567157030106,0.6910998821258545,0.5833333333333334,0.8030303030303032,0.46153846153846156,0.0,0.5830662250518799,0.5635582357645035,0.08442498743534088,0.10584463644772768,0.0,0.0,0.0,0.0,0.0,18473,global,0.0
2,4,lr5e-05_bs16_drop0p2_temp1p0_a0p25_b0p05__wd1e-04trmiss0_degmodglobal,16,5e-05,0.0001,0.2,1.0,0.25,0.05,lr5e-05_bs16_drop0p2_temp1p0_a0p25_b0p05__wd1e-04trmiss0_degmodglobal,35,0.5704288929700851,0.6866292357444763,0.6111111111111112,0.8122895622895623,0.5384615384615384,0.0,0.5604517459869385,0.5408412590622902,0.09450379945337772,0.11923323944211006,0.0,0.0,0.0,0.0,0.0,18473,global,0.0
2,4,lr5e-05_bs16_drop0p2_temp1p0_a0p25_b0p05__wd1e-04trmiss0_degmodglobal,16,5e-05,0.0001,0.2,1.0,0.25,0.05,lr5e-05_bs16_drop0p2_temp1p0_a0p25_b0p05__wd1e-04trmiss0_degmodglobal,36,0.5949996709823608,0.682375431060791,0.6111111111111112,0.8308080808080809,0.5384615384615384,0.0,0.5718530863523483,0.5631809681653976,0.10035165399312973,0.1346156746149063,0.0,0.0,0.0,0.0,0.0,18473,global,0.0
2,4,lr5e-05_bs16_drop0p2_temp2p0_a0p25_b0p05__wd1e-04trmiss0_degmodglobal,16,5e-05,0.0001,0.2,2.0,0.25,0.05,lr5e-05_bs16_drop0p2_temp2p0_a0p25_b0p05__wd1e-04trmiss0_degmodglobal,1,0.7467761784791946,0.7157722115516663,0.2777777777777778,0.650937025937026,0.3076923076923077,0.0,0.6808237731456757,0.7275831401348114,0.0452458206564188,0.15763147920370102,0.0,0.0,0.0,0.0,0.0,18473,global,0.0
2,4,lr5e-05_bs16_drop0p2_temp2p0_a0p25_b0p05__wd1e-04trmiss0_degmodglobal,16,5e-05,0.0001,0.2,2.0,0.25,0.05,lr5e-05_bs16_drop0p2_temp2p0_a0p25_b0p05__wd1e-04trmiss0_degmodglobal,2,0.7035484313964844,0.7173674702644348,0.3333333333333333,0.6647417397417397,0.3076923076923077,0.0,0.6279810816049576,0.6836244463920593,0.047293635085225105,0.1620114091783762,0.0,0.0,0.0,0.0,0.0,18473,global,0.0
2,4,lr5e-05_bs16_drop0p2_temp2p0_a0p25_b0p05__wd1e-04trmiss0_degmodglobal,16,5e-05,0.0001,0.2,2.0,0.25,0.05,lr5e-05_bs16_drop0p2_temp2p0_a0p25_b0p05__wd1e-04trmiss0_degmodglobal,3,0.672841027379036,0.7203994393348694,0.3611111111111111,0.6758528508528507,0.3076923076923077,0.0,0.6257588118314743,0.6564750969409943,0.03680703043937683,0.14328323118388653,0.0,0.0,0.0,0.0,0.0,18473,global,0.0
2,4,lr5e-05_bs16_drop0p2_temp2p0_a0p25_b0p05__wd1e-04trmiss0_degmodglobal,16,5e-05,0.0001,0.2,2.0,0.25,0.05,lr5e-05_bs16_drop0p2_temp2p0_a0p25_b0p05__wd1e-04trmiss0_degmodglobal,4,0.6893381178379059,0.7281632423400879,0.3055555555555555,0.6017787767787768,0.3076923076923077,0.0,0.5999407768249512,0.6686849147081375,0.04448917414993048,0.19061828777194023,0.0,0.0,0.0,0.0,0.0,18473,global,0.0
2,4,lr5e-05_bs16_drop0p2_temp2p0_a0p25_b0p05__wd1e-04trmiss0_degmodglobal,16,5e-05,0.0001,0.2,2.0,0.25,0.05,lr5e-05_bs16_drop0p2_temp2p0_a0p25_b0p05__wd1e-04trmiss0_degmodglobal,5,0.6769626587629318,0.7406526803970337,0.3055555555555555,0.6017787767787768,0.38461538461538464,0.0,0.5976195186376572,0.6589557528495789,0.03771493770182133,0.17156308144330978,0.0,0.0,0.0,0.0,0.0,18473,global,0.0
2,4,lr5e-05_bs16_drop0p2_temp2p0_a0p25_b0p05__wd1e-04trmiss0_degmodglobal,16,5e-05,0.0001,0.2,2.0,0.25,0.05,lr5e-05_bs16_drop0p2_temp2p0_a0p25_b0p05__wd1e-04trmiss0_degmodglobal,6,0.6629651635885239,0.7491366863250732,0.3055555555555555,0.6017787767787768,0.38461538461538464,0.0,0.5778399854898453,0.6434926837682724,0.04473224189132452,0.1657885815948248,0.0,0.0,0.0,0.0,0.0,18473,global,0.0
2,4,lr5e-05_bs16_drop0p2_temp2p0_a0p25_b0p05__wd1e-04trmiss0_degmodglobal,16,5e-05,0.0001,0.2,2.0,0.25,0.05,lr5e-05_bs16_drop0p2_temp2p0_a0p25_b0p05__wd1e-04trmiss0_degmodglobal,7,0.6384614706039429,0.7591439485549927,0.3055555555555555,0.6017787767787768,0.38461538461538464,0.0,0.5771936625242233,0.6216710358858109,0.03868313040584326,0.1423929315060377,0.0,0.0,0.0,0.0,0.0,18473,global,0.0
2,4,lr5e-05_bs16_drop0p2_temp2p0_a0p25_b0p05__wd1e-04trmiss0_degmodglobal,16,5e-05,0.0001,0.2,2.0,0.25,0.05,lr5e-05_bs16_drop0p2_temp2p0_a0p25_b0p05__wd1e-04trmiss0_degmodglobal,8,0.6508526057004929,0.7589405179023743,0.3055555555555555,0.6017787767787768,0.38461538461538464,0.0,0.6376438140869141,0.6323989033699036,0.03951839450746775,0.17148245498538017,0.0,0.0,0.0,0.0,0.0,18473,global,0.0
2,4,lr5e-05_bs16_drop0p2_temp2p0_a0p25_b0p05__wd1e-04trmiss0_degmodglobal,16,5e-05,0.0001,0.2,2.0,0.25,0.05,lr5e-05_bs16_drop0p2_temp2p0_a0p25_b0p05__wd1e-04trmiss0_degmodglobal,9,0.6381222605705261,0.7608028054237366,0.3055555555555555,0.6017787767787768,0.38461538461538464,0.0,0.5692068040370941,0.6216403096914291,0.03739358205348253,0.14267124235630035,0.0,0.0,0.0,0.0,0.0,18473,global,0.0
2,4,lr5e-05_bs16_drop0p2_temp2p0_a0p25_b0p05__wd1e-04trmiss0_degmodglobal,16,5e-05,0.0001,0.2,2.0,0.25,0.05,lr5e-05_bs16_drop0p2_temp2p0_a0p25_b0p05__wd1e-04trmiss0_degmodglobal,10,0.641394779086113,0.7595309019088745,0.3055555555555555,0.6017787767787768,0.38461538461538464,0.0,0.5725527554750443,0.6212332099676132,0.045514875557273626,0.1756570991128683,0.0,0.0,0.0,0.0,0.0,18473,global,0.0
2,4,lr5e-05_bs16_drop0p2_temp2p0_a0p25_b0p05__wd1e-04trmiss0_degmodglobal,16,5e-05,0.0001,0.2,2.0,0.25,0.05,lr5e-05_bs16_drop0p2_temp2p0_a0p25_b0p05__wd1e-04trmiss0_degmodglobal,11,0.6218680292367935,0.7655725479125977,0.3055555555555555,0.6017787767787768,0.38461538461538464,0.0,0.5763244777917862,0.5999965369701385,0.046825177036225796,0.20330389589071274,0.0,0.0,0.0,0.0,0.0,18473,global,0.0
2,4,lr5e-05_bs16_drop0p2_temp2p0_a0p25_b0p05__wd1e-04trmiss0_degmodglobal,16,5e-05,0.0001,0.2,2.0,0.25,0.05,lr5e-05_bs16_drop0p2_temp2p0_a0p25_b0p05__wd1e-04trmiss0_degmodglobal,12,0.6000230461359024,0.7621515989303589,0.2777777777777778,0.5906676656676657,0.23076923076923078,0.0,0.5299463719129562,0.5769849270582199,0.050662378780543804,0.20745041593909264,0.0,0.0,0.0,0.0,0.0,18473,global,0.0
2,4,lr5e-05_bs16_drop0p2_temp2p0_a0p25_b0p05__wd1e-04trmiss0_degmodglobal,16,5e-05,0.0001,0.2,2.0,0.25,0.05,lr5e-05_bs16_drop0p2_temp2p0_a0p25_b0p05__wd1e-04trmiss0_degmodglobal,13,0.6094122231006622,0.7614148259162903,0.2777777777777778,0.5906676656676657,0.23076923076923078,0.0,0.5349630564451218,0.5874854177236557,0.05045511294156313,0.18626035377383232,0.0,0.0,0.0,0.0,0.0,18473,global,0.0
2,4,lr5e-05_bs16_drop0p2_temp2p0_a0p25_b0p05__wd1e-04trmiss0_degmodglobal,16,5e-05,0.0001,0.2,2.0,0.25,0.05,lr5e-05_bs16_drop0p2_temp2p0_a0p25_b0p05__wd1e-04trmiss0_degmodglobal,14,0.6347206234931946,0.7647467851638794,0.2777777777777778,0.5906676656676657,0.23076923076923078,0.0,0.5723791271448135,0.61555977165699,0.04172431631013751,0.17459549941122532,0.0,0.0,0.0,0.0,0.0,18473,global,0.0
2,4,lr5e-05_bs16_drop0p2_temp2p0_a0p25_b0p05__wd1e-04trmiss0_degmodglobal,16,5e-05,0.0001,0.2,2.0,0.25,0.05,lr5e-05_bs16_drop0p2_temp2p0_a0p25_b0p05__wd1e-04trmiss0_degmodglobal,15,0.6068030893802643,0.7698286771774292,0.2777777777777778,0.5906676656676657,0.23076923076923078,0.0,0.536186695098877,0.5941449850797653,0.028288864996284246,0.111717838793993,0.0,0.0,0.0,0.0,0.0,18473,global,0.0
2,4,lr5e-05_bs16_drop0p2_temp2p0_a0p25_b0p05__wd1e-04trmiss0_degmodglobal,16,5e-05,0.0001,0.2,2.0,0.25,0.05,lr5e-05_bs16_drop0p2_temp2p0_a0p25_b0p05__wd1e-04trmiss0_degmodglobal,16,0.6013660579919815,0.7688145637512207,0.2777777777777778,0.5906676656676657,0.23076923076923078,0.0,0.5261591225862503,0.5850361734628677,0.036801709327846766,0.14258943311870098,0.0,0.0,0.0,0.0,0.0,18473,global,0.0
2,4,lr5e-05_bs16_drop0p2_temp2p0_a0p25_b0p05__wd1e-04trmiss0_degmodglobal,16,5e-05,0.0001,0.2,2.0,0.25,0.05,lr5e-05_bs16_drop0p2_temp2p0_a0p25_b0p05__wd1e-04trmiss0_degmodglobal,17,0.5834819972515106,0.7707324624061584,0.2777777777777778,0.5906676656676657,0.23076923076923078,0.0,0.5090837553143501,0.5665304958820343,0.03878940176218748,0.1450826358050108,0.0,0.0,0.0,0.0,0.0,18473,global,0.0
2,4,lr5e-05_bs16_drop0p2_temp2p0_a0p25_b0p05__wd1e-04trmiss0_degmodglobal,16,5e-05,0.0001,0.2,2.0,0.25,0.05,lr5e-05_bs16_drop0p2_temp2p0_a0p25_b0p05__wd1e-04trmiss0_degmodglobal,18,0.6135313957929611,0.7731767892837524,0.2777777777777778,0.5906676656676657,0.23076923076923078,0.0,0.5497647374868393,0.5959596633911133,0.039743856992572546,0.1527150459587574,0.0,0.0,0.0,0.0,0.0,18473,global,0.0
2,4,lr5e-05_bs16_drop0p2_temp2p0_a0p25_b0p05__wd1e-04trmiss0_degmodglobal,16,5e-05,0.0001,0.2,2.0,0.25,0.05,lr5e-05_bs16_drop0p2_temp2p0_a0p25_b0p05__wd1e-04trmiss0_degmodglobal,19,0.5771251618862152,0.7622876167297363,0.2777777777777778,0.5906676656676657,0.3076923076923077,0.0,0.5123073160648346,0.5619141310453415,0.03749193949624896,0.11676031351089478,0.0,0.0,0.0,0.0,0.0,18473,global,0.0
2,4,lr5e-05_bs16_drop0p2_temp2p0_a0p25_b0p05__wd1e-04trmiss0_degmodglobal,16,5e-05,0.0001,0.2,2.0,0.25,0.05,lr5e-05_bs16_drop0p2_temp2p0_a0p25_b0p05__wd1e-04trmiss0_degmodglobal,20,0.5853733420372009,0.7658029198646545,0.2777777777777778,0.5906676656676657,0.23076923076923078,0.0,0.5146271586418152,0.5702689290046692,0.03455103421583772,0.12933289259672165,0.0,0.0,0.0,0.0,0.0,18473,global,0.0
2,4,lr5e-05_bs16_drop0p2_temp2p0_a0p25_b0p05__wd1e-04trmiss0_degmodglobal,16,5e-05,0.0001,0.2,2.0,0.25,0.05,lr5e-05_bs16_drop0p2_temp2p0_a0p25_b0p05__wd1e-04trmiss0_degmodglobal,21,0.6307909190654755,0.7681612968444824,0.2777777777777778,0.5906676656676657,0.23076923076923078,0.0,0.5233882665634155,0.613551065325737,0.036869477946311235,0.1604497730731964,0.0,0.0,0.0,0.0,0.0,18473,global,0.0
2,4,lr5e-05_bs16_drop0p2_temp2p0_a0p25_b0p05__wd1e-04trmiss0_degmodglobal,16,5e-05,0.0001,0.2,2.0,0.25,0.05,lr5e-05_bs16_drop0p2_temp2p0_a0p25_b0p05__wd1e-04trmiss0_degmodglobal,22,0.5804776698350906,0.7683481574058533,0.25,0.5795565545565544,0.3076923076923077,0.0,0.5005497708916664,0.5629725530743599,0.03633446246385574,0.1684301532804966,0.0,0.0,0.0,0.0,0.0,18473,global,0.0
2,4,lr5e-05_bs16_drop0p2_temp2p0_a0p25_b0p05__wd1e-04trmiss0_degmodglobal,16,5e-05,0.0001,0.2,2.0,0.25,0.05,lr5e-05_bs16_drop0p2_temp2p0_a0p25_b0p05__wd1e-04trmiss0_degmodglobal,23,0.5688373297452927,0.7640172839164734,0.25,0.5795565545565544,0.3076923076923077,0.0,0.4881351813673973,0.5520050674676895,0.04085913277231157,0.13234957680106163,0.0,0.0,0.0,0.0,0.0,18473,global,0.0
2,4,lr5e-05_bs16_drop0p2_temp2p0_a0p25_b0p05__wd1e-04trmiss0_degmodglobal,16,5e-05,0.0001,0.2,2.0,0.25,0.05,lr5e-05_bs16_drop0p2_temp2p0_a0p25_b0p05__wd1e-04trmiss0_degmodglobal,24,0.6047111749649048,0.7670947909355164,0.25,0.5795565545565544,0.3076923076923077,0.0,0.5176612883806229,0.5870941132307053,0.04075641091912985,0.1485593244433403,0.0,0.0,0.0,0.0,0.0,18473,global,0.0
2,4,lr5e-05_bs16_drop0p2_temp2p0_a0p25_b0p05__wd1e-04trmiss0_degmodglobal,16,5e-05,0.0001,0.2,2.0,0.25,0.05,lr5e-05_bs16_drop0p2_temp2p0_a0p25_b0p05__wd1e-04trmiss0_degmodglobal,25,0.5858737528324127,0.7673407793045044,0.25,0.5795565545565544,0.3076923076923077,0.0,0.49227503687143326,0.5641815513372421,0.04899717587977648,0.1888580583035946,0.0,0.0,0.0,0.0,0.0,18473,global,0.0
2,4,lr5e-05_bs16_drop0p4_temp1p0_a0p25_b0p05__wd1e-04trmiss0_degmodglobal,16,5e-05,0.0001,0.4,1.0,0.25,0.05,lr5e-05_bs16_drop0p4_temp1p0_a0p25_b0p05__wd1e-04trmiss0_degmodglobal,1,0.7249656617641449,0.6782346367835999,0.5555555555555556,0.8027657527657528,0.38461538461538464,0.0,0.6776994913816452,0.7032996565103531,0.05590049363672733,0.15381788555532694,0.0,0.0,0.0,0.0,0.0,18473,global,0.0
2,4,lr5e-05_bs16_drop0p4_temp1p0_a0p25_b0p05__wd1e-04trmiss0_degmodglobal,16,5e-05,0.0001,0.4,1.0,0.25,0.05,lr5e-05_bs16_drop0p4_temp1p0_a0p25_b0p05__wd1e-04trmiss0_degmodglobal,2,0.700621023774147,0.6679759621620178,0.6111111111111112,0.8308080808080809,0.46153846153846156,0.0,0.6569825708866119,0.6820453852415085,0.04743793373927474,0.13432292640209198,0.0,0.0,0.0,0.0,0.0,18473,global,0.0
2,4,lr5e-05_bs16_drop0p4_temp1p0_a0p25_b0p05__wd1e-04trmiss0_degmodglobal,16,5e-05,0.0001,0.4,1.0,0.25,0.05,lr5e-05_bs16_drop0p4_temp1p0_a0p25_b0p05__wd1e-04trmiss0_degmodglobal,3,0.7134967744350433,0.6740334033966064,0.6111111111111112,0.8308080808080809,0.5384615384615384,0.0,0.6241218149662018,0.6844008564949036,0.07773951347917318,0.1932204533368349,0.0,0.0,0.0,0.0,0.0,18473,global,0.0
2,4,lr5e-05_bs16_drop0p4_temp1p0_a0p25_b0p05__wd1e-04trmiss0_degmodglobal,16,5e-05,0.0001,0.4,1.0,0.25,0.05,lr5e-05_bs16_drop0p4_temp1p0_a0p25_b0p05__wd1e-04trmiss0_degmodglobal,4,0.6891084760427475,0.6762316823005676,0.5833333333333334,0.8030303030303032,0.6153846153846154,0.0,0.6458094120025635,0.6677540093660355,0.05565522564575076,0.1488132607191801,0.0,0.0,0.0,0.0,0.0,18473,global,0.0
2,4,lr5e-05_bs16_drop0p4_temp1p0_a0p25_b0p05__wd1e-04trmiss0_degmodglobal,16,5e-05,0.0001,0.4,1.0,0.25,0.05,lr5e-05_bs16_drop0p4_temp1p0_a0p25_b0p05__wd1e-04trmiss0_degmodglobal,5,0.6675119549036026,0.6836599707603455,0.5555555555555556,0.765993265993266,0.5384615384615384,0.0,0.5893001705408096,0.6412477940320969,0.07058446761220694,0.17236104421317577,0.0,0.0,0.0,0.0,0.0,18473,global,0.0
2,4,lr5e-05_bs16_drop0p4_temp1p0_a0p25_b0p05__wd1e-04trmiss0_degmodglobal,16,5e-05,0.0001,0.4,1.0,0.25,0.05,lr5e-05_bs16_drop0p4_temp1p0_a0p25_b0p05__wd1e-04trmiss0_degmodglobal,6,0.6296613067388535,0.6942774057388306,0.5555555555555556,0.762025012025012,0.46153846153846156,0.0,0.6093860119581223,0.5908305272459984,0.1030727569013834,0.2612519599497318,0.0,0.0,0.0,0.0,0.0,18473,global,0.0
2,4,lr5e-05_bs16_drop0p4_temp1p0_a0p25_b0p05__wd1e-04trmiss0_degmodglobal,16,5e-05,0.0001,0.4,1.0,0.25,0.05,lr5e-05_bs16_drop0p4_temp1p0_a0p25_b0p05__wd1e-04trmiss0_degmodglobal,7,0.6563322693109512,0.6990780830383301,0.5555555555555556,0.762025012025012,0.46153846153846156,0.0,0.5910182148218155,0.6384876519441605,0.04924988932907581,0.11064282432198524,0.0,0.0,0.0,0.0,0.0,18473,global,0.0
2,4,lr5e-05_bs16_drop0p4_temp1p0_a0p25_b0p05__wd1e-04trmiss0_degmodglobal,16,5e-05,0.0001,0.4,1.0,0.25,0.05,lr5e-05_bs16_drop0p4_temp1p0_a0p25_b0p05__wd1e-04trmiss0_degmodglobal,8,0.6466922610998154,0.6995353698730469,0.5277777777777778,0.7064694564694565,0.46153846153846156,0.0,0.6083546727895737,0.6290023028850555,0.049596141558140516,0.10581864230334759,0.0,0.0,0.0,0.0,0.0,18473,global,0.0
2,4,lr5e-05_bs16_drop0p4_temp1p0_a0p25_b0p05__wd1e-04trmiss0_degmodglobal,16,5e-05,0.0001,0.4,1.0,0.25,0.05,lr5e-05_bs16_drop0p4_temp1p0_a0p25_b0p05__wd1e-04trmiss0_degmodglobal,9,0.6354838460683823,0.6977457404136658,0.5277777777777778,0.7064694564694565,0.5384615384615384,0.0,0.5852970033884048,0.6136237531900406,0.05468668136745691,0.16376838088035583,0.0,0.0,0.0,0.0,0.0,18473,global,0.0
2,4,lr5e-05_bs16_drop0p4_temp1p0_a0p25_b0p05__wd1e-04trmiss0_degmodglobal,16,5e-05,0.0001,0.4,1.0,0.25,0.05,lr5e-05_bs16_drop0p4_temp1p0_a0p25_b0p05__wd1e-04trmiss0_degmodglobal,10,0.6634378284215927,0.6965115070343018,0.5277777777777778,0.7064694564694565,0.5384615384615384,0.0,0.6109945923089981,0.6395665109157562,0.0652927178889513,0.15096288360655308,0.0,0.0,0.0,0.0,0.0,18473,global,0.0
2,4,lr5e-05_bs16_drop0p4_temp1p0_a0p25_b0p05__wd1e-04trmiss0_degmodglobal,16,5e-05,0.0001,0.4,1.0,0.25,0.05,lr5e-05_bs16_drop0p4_temp1p0_a0p25_b0p05__wd1e-04trmiss0_degmodglobal,11,0.6359816938638687,0.6952476501464844,0.5277777777777778,0.7104377104377105,0.5384615384615384,0.0,0.5642565935850143,0.6035640388727188,0.09056788124144077,0.1955136600881815,0.0,0.0,0.0,0.0,0.0,18473,global,0.0
2,4,lr5e-05_bs16_drop0p4_temp1p0_a0p25_b0p05__wd1e-04trmiss0_degmodglobal,16,5e-05,0.0001,0.4,1.0,0.25,0.05,lr5e-05_bs16_drop0p4_temp1p0_a0p25_b0p05__wd1e-04trmiss0_degmodglobal,12,0.6839861571788788,0.6946238279342651,0.5555555555555556,0.765993265993266,0.5384615384615384,0.0,0.6169801354408264,0.6591131687164307,0.06595495622605085,0.1676847762428224,0.0,0.0,0.0,0.0,0.0,18473,global,0.0
2,4,lr5e-05_bs16_drop0p4_temp1p0_a0p25_b0p05__wd1e-04trmiss0_degmodglobal,16,5e-05,0.0001,0.4,1.0,0.25,0.05,lr5e-05_bs16_drop0p4_temp1p0_a0p25_b0p05__wd1e-04trmiss0_degmodglobal,13,0.6697109937667847,0.6926402449607849,0.5555555555555556,0.765993265993266,0.5384615384615384,0.0,0.5922759771347046,0.6423174440860748,0.07061759568750858,0.19478320516645908,0.0,0.0,0.0,0.0,0.0,18473,global,0.0
2,4,lr5e-05_bs16_drop0p4_temp1p0_a0p25_b0p05__wd1e-04trmiss0_degmodglobal,16,5e-05,0.0001,0.4,1.0,0.25,0.05,lr5e-05_bs16_drop0p4_temp1p0_a0p25_b0p05__wd1e-04trmiss0_degmodglobal,14,0.6506110578775406,0.6952381134033203,0.5277777777777778,0.7527657527657527,0.5384615384615384,0.0,0.5820482224225998,0.6186608821153641,0.08956588804721832,0.19117408338934183,0.0,0.0,0.0,0.0,0.0,18473,global,0.0
2,4,lr5e-05_bs16_drop0p4_temp1p0_a0p25_b0p05__wd1e-04trmiss0_degmodglobal,16,5e-05,0.0001,0.4,1.0,0.25,0.05,lr5e-05_bs16_drop0p4_temp1p0_a0p25_b0p05__wd1e-04trmiss0_degmodglobal,15,0.6236184537410736,0.6951378583908081,0.5555555555555556,0.765993265993266,0.5384615384615384,0.0,0.5838365256786346,0.5997716933488846,0.06453443132340908,0.15426324307918549,0.0,0.0,0.0,0.0,0.0,18473,global,0.0
2,4,lr5e-05_bs16_drop0p4_temp1p0_a0p25_b0p05__wd1e-04trmiss0_degmodglobal,16,5e-05,0.0001,0.4,1.0,0.25,0.05,lr5e-05_bs16_drop0p4_temp1p0_a0p25_b0p05__wd1e-04trmiss0_degmodglobal,16,0.7339358031749725,0.6947160959243774,0.5555555555555556,0.765993265993266,0.5384615384615384,0.0,0.5809281915426254,0.6897524148225784,0.11252590455114841,0.3210379183292389,0.0,0.0,0.0,0.0,0.0,18473,global,0.0
2,4,lr5e-05_bs16_drop0p4_temp1p0_a0p25_b0p05__wd1e-04trmiss0_degmodglobal,16,5e-05,0.0001,0.4,1.0,0.25,0.05,lr5e-05_bs16_drop0p4_temp1p0_a0p25_b0p05__wd1e-04trmiss0_degmodglobal,17,0.616690456867218,0.6959962248802185,0.5277777777777778,0.7595830095830096,0.5384615384615384,0.0,0.5400431007146835,0.5868342816829681,0.08403291739523411,0.17695917934179306,0.0,0.0,0.0,0.0,0.0,18473,global,0.0
2,4,lr5e-05_bs16_drop0p4_temp1p0_a0p25_b0p05__wd1e-04trmiss0_degmodglobal,16,5e-05,0.0001,0.4,1.0,0.25,0.05,lr5e-05_bs16_drop0p4_temp1p0_a0p25_b0p05__wd1e-04trmiss0_degmodglobal,18,0.6398604512214661,0.6937114000320435,0.5277777777777778,0.7595830095830096,0.5384615384615384,0.0,0.5540627092123032,0.6088509112596512,0.08573105931282043,0.19153595343232155,0.0,0.0,0.0,0.0,0.0,18473,global,0.0
2,4,lr5e-05_bs16_drop0p4_temp1p0_a0p25_b0p05__wd1e-04trmiss0_degmodglobal,16,5e-05,0.0001,0.4,1.0,0.25,0.05,lr5e-05_bs16_drop0p4_temp1p0_a0p25_b0p05__wd1e-04trmiss0_degmodglobal,19,0.6263530850410461,0.6964552402496338,0.5277777777777778,0.7595830095830096,0.5384615384615384,0.0,0.5685030668973923,0.5911177545785904,0.09485021512955427,0.2304554544389248,0.0,0.0,0.0,0.0,0.0,18473,global,0.0
2,4,lr5e-05_bs16_drop0p4_temp1p0_a0p25_b0p05__wd1e-04trmiss0_degmodglobal,16,5e-05,0.0001,0.4,1.0,0.25,0.05,lr5e-05_bs16_drop0p4_temp1p0_a0p25_b0p05__wd1e-04trmiss0_degmodglobal,20,0.6185332387685776,0.6971336603164673,0.5277777777777778,0.7595830095830096,0.5384615384615384,0.0,0.5404919236898422,0.5795606225728989,0.0978702437132597,0.2901012524962425,0.0,0.0,0.0,0.0,0.0,18473,global,0.0
2,4,lr5e-05_bs16_drop0p4_temp1p0_a0p25_b0p05__wd1e-04trmiss0_degmodglobal,16,5e-05,0.0001,0.4,1.0,0.25,0.05,lr5e-05_bs16_drop0p4_temp1p0_a0p25_b0p05__wd1e-04trmiss0_degmodglobal,21,0.6405419260263443,0.6996585726737976,0.5555555555555556,0.7740130240130241,0.5384615384615384,0.0,0.5158140137791634,0.6020787060260773,0.10432212054729462,0.2476540394127369,0.0,0.0,0.0,0.0,0.0,18473,global,0.0
2,4,lr5e-05_bs16_drop0p4_temp1p0_a0p25_b0p05__wd1e-04trmiss0_degmodglobal,16,5e-05,0.0001,0.4,1.0,0.25,0.05,lr5e-05_bs16_drop0p4_temp1p0_a0p25_b0p05__wd1e-04trmiss0_degmodglobal,22,0.6103914529085159,0.6977587938308716,0.5833333333333333,0.7807470307470308,0.5384615384615384,0.0,0.572017714381218,0.564759150147438,0.12166588194668293,0.30431658774614334,0.0,0.0,0.0,0.0,0.0,18473,global,0.0
2,4,lr5e-05_bs16_drop0p4_temp1p0_a0p25_b0p05__wd1e-04trmiss0_degmodglobal,16,5e-05,0.0001,0.4,1.0,0.25,0.05,lr5e-05_bs16_drop0p4_temp1p0_a0p25_b0p05__wd1e-04trmiss0_degmodglobal,23,0.6405211091041565,0.6922097206115723,0.611111111111111,0.7893890060556727,0.5384615384615384,0.0,0.5345551297068596,0.609025776386261,0.08896433189511299,0.18508502840995789,0.0,0.0,0.0,0.0,0.0,18473,global,0.0
2,4,lr5e-05_bs16_drop0p4_temp1p0_a0p25_b0p05__wd1e-04trmiss0_degmodglobal,16,5e-05,0.0001,0.4,1.0,0.25,0.05,lr5e-05_bs16_drop0p4_temp1p0_a0p25_b0p05__wd1e-04trmiss0_degmodglobal,24,0.5956036150455475,0.6905596256256104,0.611111111111111,0.7893890060556727,0.6153846153846154,0.0,0.5321099162101746,0.5611206591129303,0.09558465704321861,0.21173557825386524,0.0,0.0,0.0,0.0,0.0,18473,global,0.0
2,4,lr5e-05_bs16_drop0p4_temp1p0_a0p25_b0p05__wd1e-04trmiss0_degmodglobal,16,5e-05,0.0001,0.4,1.0,0.25,0.05,lr5e-05_bs16_drop0p4_temp1p0_a0p25_b0p05__wd1e-04trmiss0_degmodglobal,25,0.6203237920999527,0.6912201046943665,0.5833333333333333,0.7807470307470308,0.6153846153846154,0.0,0.5413246527314186,0.5947902947664261,0.06868364801630378,0.1672518253326416,0.0,0.0,0.0,0.0,0.0,18473,global,0.0
2,4,lr5e-05_bs16_drop0p4_temp1p0_a0p25_b0p05__wd1e-04trmiss0_degmodglobal,16,5e-05,0.0001,0.4,1.0,0.25,0.05,lr5e-05_bs16_drop0p4_temp1p0_a0p25_b0p05__wd1e-04trmiss0_degmodglobal,26,0.6468614190816879,0.6957008838653564,0.5833333333333333,0.7807470307470308,0.5384615384615384,0.0,0.6034626066684723,0.6001088917255402,0.11985693499445915,0.3357663229107857,0.0,0.0,0.0,0.0,0.0,18473,global,0.0
2,4,lr5e-05_bs16_drop0p4_temp1p0_a0p25_b0p05__wd1e-04trmiss0_degmodglobal,16,5e-05,0.0001,0.4,1.0,0.25,0.05,lr5e-05_bs16_drop0p4_temp1p0_a0p25_b0p05__wd1e-04trmiss0_degmodglobal,27,0.6160377413034439,0.6976439952850342,0.5833333333333333,0.7807470307470308,0.46153846153846156,0.0,0.5065782144665718,0.5830671787261963,0.086941447108984,0.22470383532345295,0.0,0.0,0.0,0.0,0.0,18473,global,0.0
2,4,lr5e-05_bs16_drop0p4_temp1p0_a0p25_b0p05__wd1e-04trmiss0_degmodglobal,16,5e-05,0.0001,0.4,1.0,0.25,0.05,lr5e-05_bs16_drop0p4_temp1p0_a0p25_b0p05__wd1e-04trmiss0_degmodglobal,28,0.6310555636882782,0.6978316903114319,0.5833333333333333,0.7807470307470308,0.46153846153846156,0.0,0.5366548597812653,0.5944185703992844,0.09881719015538692,0.23865407425910234,0.0,0.0,0.0,0.0,0.0,18473,global,0.0
2,4,lr5e-05_bs16_drop0p4_temp1p0_a0p25_b0p05__wd1e-04trmiss0_degmodglobal,16,5e-05,0.0001,0.4,1.0,0.25,0.05,lr5e-05_bs16_drop0p4_temp1p0_a0p25_b0p05__wd1e-04trmiss0_degmodglobal,29,0.6228987872600555,0.6965998411178589,0.5833333333333333,0.7807470307470308,0.46153846153846156,0.0,0.5366612002253532,0.5920471251010895,0.08800785150378942,0.17699377052485943,0.0,0.0,0.0,0.0,0.0,18473,global,0.0
2,4,lr5e-05_bs16_drop0p4_temp1p0_a0p25_b0p05__wd1e-04trmiss0_degmodglobal,16,5e-05,0.0001,0.4,1.0,0.25,0.05,lr5e-05_bs16_drop0p4_temp1p0_a0p25_b0p05__wd1e-04trmiss0_degmodglobal,30,0.6498354971408844,0.6936829686164856,0.611111111111111,0.7893890060556727,0.46153846153846156,0.0,0.5406221300363541,0.6107882261276245,0.10684925317764282,0.2466992847621441,0.0,0.0,0.0,0.0,0.0,18473,global,0.0
2,4,lr5e-05_bs16_drop0p4_temp1p0_a0p25_b0p05__wd1e-04trmiss0_degmodglobal,16,5e-05,0.0001,0.4,1.0,0.25,0.05,lr5e-05_bs16_drop0p4_temp1p0_a0p25_b0p05__wd1e-04trmiss0_degmodglobal,31,0.6431088000535965,0.6919629573822021,0.611111111111111,0.7893890060556727,0.46153846153846156,0.0,0.5172802209854126,0.608111172914505,0.09116061963140965,0.24414975196123123,0.0,0.0,0.0,0.0,0.0,18473,global,0.0
2,4,lr5e-05_bs16_drop0p4_temp1p0_a0p25_b0p05__wd1e-04trmiss0_degmodglobal,16,5e-05,0.0001,0.4,1.0,0.25,0.05,lr5e-05_bs16_drop0p4_temp1p0_a0p25_b0p05__wd1e-04trmiss0_degmodglobal,32,0.6431997716426849,0.6914620399475098,0.611111111111111,0.7893890060556727,0.46153846153846156,0.0,0.5576399862766266,0.6133492141962051,0.08225156739354134,0.18575283326208591,0.0,0.0,0.0,0.0,0.0,18473,global,0.0
2,4,lr5e-05_bs16_drop0p4_temp1p0_a0p25_b0p05__wd1e-04trmiss0_degmodglobal,16,5e-05,0.0001,0.4,1.0,0.25,0.05,lr5e-05_bs16_drop0p4_temp1p0_a0p25_b0p05__wd1e-04trmiss0_degmodglobal,33,0.6207330673933029,0.6886885166168213,0.611111111111111,0.7893890060556727,0.5384615384615384,0.0,0.5161762535572052,0.5890718996524811,0.08920526690781116,0.18719693273305893,0.0,0.0,0.0,0.0,0.0,18473,global,0.0
2,4,lr5e-05_bs16_drop0p4_temp1p0_a0p25_b0p05__wd1e-04trmiss0_degmodglobal,16,5e-05,0.0001,0.4,1.0,0.25,0.05,lr5e-05_bs16_drop0p4_temp1p0_a0p25_b0p05__wd1e-04trmiss0_degmodglobal,34,0.6692946553230286,0.6926356554031372,0.5833333333333333,0.7774842441509109,0.46153846153846156,0.0,0.5508386194705963,0.6346646845340729,0.08553615398705006,0.26491860672831535,0.0,0.0,0.0,0.0,0.0,18473,global,0.0
2,4,lr5e-05_bs16_drop0p4_temp1p0_a0p25_b0p05__wd1e-04trmiss0_degmodglobal,16,5e-05,0.0001,0.4,1.0,0.25,0.05,lr5e-05_bs16_drop0p4_temp1p0_a0p25_b0p05__wd1e-04trmiss0_degmodglobal,35,0.690916046500206,0.6903352737426758,0.611111111111111,0.7893890060556727,0.46153846153846156,0.0,0.5326995551586151,0.6532211750745773,0.09788909740746021,0.2644519917666912,0.0,0.0,0.0,0.0,0.0,18473,global,0.0
2,4,lr5e-05_bs16_drop0p4_temp1p0_a0p25_b0p05__wd1e-04trmiss0_degmodglobal,16,5e-05,0.0001,0.4,1.0,0.25,0.05,lr5e-05_bs16_drop0p4_temp1p0_a0p25_b0p05__wd1e-04trmiss0_degmodglobal,36,0.6250161528587341,0.6917335987091064,0.5833333333333333,0.7774842441509109,0.46153846153846156,0.0,0.5679893493652344,0.601024717092514,0.0625366773456335,0.16714495606720448,0.0,0.0,0.0,0.0,0.0,18473,global,0.0
2,4,lr5e-05_bs16_drop0p4_temp1p0_a0p25_b0p05__wd1e-04trmiss0_degmodglobal,16,5e-05,0.0001,0.4,1.0,0.25,0.05,lr5e-05_bs16_drop0p4_temp1p0_a0p25_b0p05__wd1e-04trmiss0_degmodglobal,37,0.6053401380777359,0.6925740242004395,0.5833333333333333,0.7774842441509109,0.46153846153846156,0.0,0.5359174460172653,0.5796643644571304,0.06919586472213268,0.16753627732396126,0.0,0.0,0.0,0.0,0.0,18473,global,0.0
2,4,lr5e-05_bs16_drop0p4_temp1p0_a0p25_b0p05__wd1e-04trmiss0_degmodglobal,16,5e-05,0.0001,0.4,1.0,0.25,0.05,lr5e-05_bs16_drop0p4_temp1p0_a0p25_b0p05__wd1e-04trmiss0_degmodglobal,38,0.6509771794080734,0.6904371976852417,0.5833333333333333,0.7774842441509109,0.46153846153846156,0.0,0.5316129922866821,0.6067320555448532,0.11648808792233467,0.30246203020215034,0.0,0.0,0.0,0.0,0.0,18473,global,0.0
2,4,lr5e-05_bs16_drop0p4_temp1p0_a0p25_b0p05__wd1e-04trmiss0_degmodglobal,16,5e-05,0.0001,0.4,1.0,0.25,0.05,lr5e-05_bs16_drop0p4_temp1p0_a0p25_b0p05__wd1e-04trmiss0_degmodglobal,39,0.6991657018661499,0.6859934329986572,0.5833333333333333,0.7774842441509109,0.5384615384615384,0.0,0.6169575452804565,0.6654252707958221,0.0890239980071783,0.2296890988945961,0.0,0.0,0.0,0.0,0.0,18473,global,0.0
2,4,lr5e-05_bs16_drop0p4_temp1p0_a0p25_b0p05__wd1e-04trmiss0_degmodglobal,16,5e-05,0.0001,0.4,1.0,0.25,0.05,lr5e-05_bs16_drop0p4_temp1p0_a0p25_b0p05__wd1e-04trmiss0_degmodglobal,40,0.6104327440261841,0.684485673904419,0.6111111111111112,0.8145212811879479,0.5384615384615384,0.0,0.5168574303388596,0.5796452462673187,0.08956287615001202,0.1679356973618269,0.0,0.0,0.0,0.0,0.0,18473,global,0.0
2,4,lr5e-05_bs16_drop0p4_temp1p0_a0p25_b0p05__wd1e-04trmiss0_degmodglobal,16,5e-05,0.0001,0.4,1.0,0.25,0.05,lr5e-05_bs16_drop0p4_temp1p0_a0p25_b0p05__wd1e-04trmiss0_degmodglobal,41,0.6200694590806961,0.685558557510376,0.6111111111111112,0.8145212811879479,0.5384615384615384,0.0,0.525745801627636,0.593321830034256,0.0700739361345768,0.18458261713385582,0.0,0.0,0.0,0.0,0.0,18473,global,0.0
2,4,lr5e-05_bs16_drop0p4_temp1p0_a0p25_b0p05__wd1e-04trmiss0_degmodglobal,16,5e-05,0.0001,0.4,1.0,0.25,0.05,lr5e-05_bs16_drop0p4_temp1p0_a0p25_b0p05__wd1e-04trmiss0_degmodglobal,42,0.6164254248142242,0.6866403818130493,0.638888888888889,0.8209315375982045,0.5384615384615384,0.0,0.5159474164247513,0.5849445909261703,0.08832149393856525,0.18800878059118986,0.0,0.0,0.0,0.0,0.0,18473,global,0.0
2,4,lr5e-05_bs16_drop0p4_temp1p0_a0p25_b0p05__wd1e-04trmiss0_degmodglobal,16,5e-05,0.0001,0.4,1.0,0.25,0.05,lr5e-05_bs16_drop0p4_temp1p0_a0p25_b0p05__wd1e-04trmiss0_degmodglobal,43,0.6478957384824753,0.6851862668991089,0.638888888888889,0.8209315375982045,0.5384615384615384,0.0,0.506963811814785,0.6000374257564545,0.12996548227965832,0.3073388710618019,0.0,0.0,0.0,0.0,0.0,18473,global,0.0
2,4,lr5e-05_bs16_drop0p4_temp1p0_a0p25_b0p05__wd1e-04trmiss0_degmodglobal,16,5e-05,0.0001,0.4,1.0,0.25,0.05,lr5e-05_bs16_drop0p4_temp1p0_a0p25_b0p05__wd1e-04trmiss0_degmodglobal,44,0.6034527570009232,0.6856777667999268,0.6111111111111112,0.8145212811879479,0.6153846153846154,0.0,0.5232189521193504,0.5755536705255508,0.0764410886913538,0.17577681317925453,0.0,0.0,0.0,0.0,0.0,18473,global,0.0
2,4,lr5e-05_bs16_drop0p4_temp1p0_a0p25_b0p05__wd1e-04trmiss0_degmodglobal,16,5e-05,0.0001,0.4,1.0,0.25,0.05,lr5e-05_bs16_drop0p4_temp1p0_a0p25_b0p05__wd1e-04trmiss0_degmodglobal,45,0.5947685986757278,0.6875710487365723,0.5833333333333333,0.7774842441509109,0.5384615384615384,0.0,0.4904455915093422,0.5573747009038925,0.09690817818045616,0.2633371911942959,0.0,0.0,0.0,0.0,0.0,18473,global,0.0
2,4,lr5e-05_bs16_drop0p4_temp1p0_a0p25_b0p05__wd1e-04trmiss0_degmodglobal,16,5e-05,0.0001,0.4,1.0,0.25,0.05,lr5e-05_bs16_drop0p4_temp1p0_a0p25_b0p05__wd1e-04trmiss0_degmodglobal,46,0.6309587806463242,0.6869708299636841,0.6111111111111112,0.8145212811879479,0.5384615384615384,0.0,0.5228216499090195,0.5916974693536758,0.10281625390052795,0.271145336329937,0.0,0.0,0.0,0.0,0.0,18473,global,0.0
2,4,lr5e-05_bs16_drop0p4_temp1p0_a0p25_b0p05__wd1e-04trmiss0_degmodglobal,16,5e-05,0.0001,0.4,1.0,0.25,0.05,lr5e-05_bs16_drop0p4_temp1p0_a0p25_b0p05__wd1e-04trmiss0_degmodglobal,47,0.6315629482269287,0.6883779764175415,0.6111111111111112,0.8145212811879479,0.5384615384615384,0.0,0.5325722396373749,0.5914425104856491,0.105284059420228,0.27598861977458,0.0,0.0,0.0,0.0,0.0,18473,global,0.0
2,4,lr5e-05_bs16_drop0p4_temp1p0_a0p25_b0p05__wd1e-04trmiss0_degmodglobal,16,5e-05,0.0001,0.4,1.0,0.25,0.05,lr5e-05_bs16_drop0p4_temp1p0_a0p25_b0p05__wd1e-04trmiss0_degmodglobal,48,0.6260801702737808,0.6896635293960571,0.5833333333333333,0.7774842441509109,0.5384615384615384,0.0,0.48068153113126755,0.5786813795566559,0.12304940819740295,0.3327288907021284,0.0,0.0,0.0,0.0,0.0,18473,global,0.0
2,4,lr5e-05_bs16_drop0p4_temp1p0_a0p25_b0p05__wd1e-04trmiss0_degmodglobal,16,5e-05,0.0001,0.4,1.0,0.25,0.05,lr5e-05_bs16_drop0p4_temp1p0_a0p25_b0p05__wd1e-04trmiss0_degmodglobal,49,0.63803331553936,0.6896946430206299,0.5555555555555556,0.7642567309233976,0.5384615384615384,0.0,0.5127265974879265,0.6044154465198517,0.08809312619268894,0.23189157247543335,0.0,0.0,0.0,0.0,0.0,18473,global,0.0
2,4,lr5e-05_bs16_drop0p4_temp1p0_a0p25_b0p05__wd1e-04trmiss0_degmodglobal,16,5e-05,0.0001,0.4,1.0,0.25,0.05,lr5e-05_bs16_drop0p4_temp1p0_a0p25_b0p05__wd1e-04trmiss0_degmodglobal,50,0.6356140077114105,0.6864864826202393,0.6111111111111112,0.8145212811879479,0.5384615384615384,0.0,0.4720756486058235,0.5851444154977798,0.1349137108772993,0.3348231241106987,0.0,0.0,0.0,0.0,0.0,18473,global,0.0
2,4,lr5e-05_bs16_drop0p4_temp1p0_a0p25_b0p05__wd1e-04trmiss0_degmodglobal,16,5e-05,0.0001,0.4,1.0,0.25,0.05,lr5e-05_bs16_drop0p4_temp1p0_a0p25_b0p05__wd1e-04trmiss0_degmodglobal,51,0.644999235868454,0.682947039604187,0.6111111111111112,0.8145212811879479,0.5384615384615384,0.0,0.5234419852495193,0.6114178448915482,0.08965743519365788,0.22334057465195656,0.0,0.0,0.0,0.0,0.0,18473,global,0.0
2,4,lr5e-05_bs16_drop0p4_temp1p0_a0p25_b0p05__wd1e-04trmiss0_degmodglobal,16,5e-05,0.0001,0.4,1.0,0.25,0.05,lr5e-05_bs16_drop0p4_temp1p0_a0p25_b0p05__wd1e-04trmiss0_degmodglobal,52,0.625294417142868,0.6852590441703796,0.6111111111111112,0.8145212811879479,0.5384615384615384,0.0,0.5373920053243637,0.5897949934005737,0.09749537240713835,0.22251177206635475,0.0,0.0,0.0,0.0,0.0,18473,global,0.0
2,4,lr5e-05_bs16_drop0p4_temp1p0_a0p25_b0p05__wd1e-04trmiss0_degmodglobal,16,5e-05,0.0001,0.4,1.0,0.25,0.05,lr5e-05_bs16_drop0p4_temp1p0_a0p25_b0p05__wd1e-04trmiss0_degmodglobal,53,0.6234031915664673,0.6840112805366516,0.6111111111111112,0.8145212811879479,0.5384615384615384,0.0,0.5115228444337845,0.5882594436407089,0.09611919801682234,0.22227910347282887,0.0,0.0,0.0,0.0,0.0,18473,global,0.0
2,4,lr5e-05_bs16_drop0p4_temp1p0_a0p25_b0p05__wd1e-04trmiss0_degmodglobal,16,5e-05,0.0001,0.4,1.0,0.25,0.05,lr5e-05_bs16_drop0p4_temp1p0_a0p25_b0p05__wd1e-04trmiss0_degmodglobal,54,0.6135004460811615,0.6855394244194031,0.6111111111111112,0.8145212811879479,0.5384615384615384,0.0,0.5052239000797272,0.5807258188724518,0.08788159303367138,0.2160845771431923,0.0,0.0,0.0,0.0,0.0,18473,global,0.0
2,4,lr5e-05_bs16_drop0p4_temp1p0_a0p25_b0p05__wd1e-04trmiss0_degmodglobal,16,5e-05,0.0001,0.4,1.0,0.25,0.05,lr5e-05_bs16_drop0p4_temp1p0_a0p25_b0p05__wd1e-04trmiss0_degmodglobal,55,0.6213334053754807,0.6848268508911133,0.6111111111111112,0.8145212811879479,0.5384615384615384,0.0,0.5050444677472115,0.5911832600831985,0.08200962003320456,0.19295486994087696,0.0,0.0,0.0,0.0,0.0,18473,global,0.0
2,4,lr5e-05_bs16_drop0p4_temp1p0_a0p25_b0p05__wd1e-04trmiss0_degmodglobal,16,5e-05,0.0001,0.4,1.0,0.25,0.05,lr5e-05_bs16_drop0p4_temp1p0_a0p25_b0p05__wd1e-04trmiss0_degmodglobal,56,0.6177208721637726,0.6877267956733704,0.6111111111111112,0.8145212811879479,0.5384615384615384,0.0,0.5037150233983994,0.5781721323728561,0.10729494504630566,0.2545000333338976,0.0,0.0,0.0,0.0,0.0,18473,global,0.0
2,4,lr5e-05_bs16_drop0p4_temp1p0_a0p25_b0p05__wd1e-04trmiss0_degmodglobal,16,5e-05,0.0001,0.4,1.0,0.25,0.05,lr5e-05_bs16_drop0p4_temp1p0_a0p25_b0p05__wd1e-04trmiss0_degmodglobal,57,0.6684528887271881,0.6867715716362,0.5833333333333333,0.7774842441509109,0.5384615384615384,0.0,0.5066695362329483,0.6247764974832535,0.11050421930849552,0.32100700587034225,0.0,0.0,0.0,0.0,0.0,18473,global,0.0
2,4,lr5e-05_bs16_drop0p4_temp1p0_a0p25_b0p05__wd1e-04trmiss0_degmodglobal,16,5e-05,0.0001,0.4,1.0,0.25,0.05,lr5e-05_bs16_drop0p4_temp1p0_a0p25_b0p05__wd1e-04trmiss0_degmodglobal,58,0.5890267938375473,0.6886448264122009,0.6111111111111112,0.8145212811879479,0.5384615384615384,0.0,0.510654054582119,0.5511456578969955,0.10552046447992325,0.23002029955387115,0.0,0.0,0.0,0.0,0.0,18473,global,0.0
2,4,lr5e-05_bs16_drop0p4_temp1p0_a0p25_b0p05__wd1e-04trmiss0_degmodglobal,16,5e-05,0.0001,0.4,1.0,0.25,0.05,lr5e-05_bs16_drop0p4_temp1p0_a0p25_b0p05__wd1e-04trmiss0_degmodglobal,59,0.6599555462598801,0.6860645413398743,0.6111111111111112,0.8145212811879479,0.5384615384615384,0.0,0.4908054545521736,0.6090302169322968,0.13508678041398525,0.3430725634098053,0.0,0.0,0.0,0.0,0.0,18473,global,0.0
2,4,lr5e-05_bs16_drop0p4_temp1p0_a0p25_b0p05__wd1e-04trmiss0_degmodglobal,16,5e-05,0.0001,0.4,1.0,0.25,0.05,lr5e-05_bs16_drop0p4_temp1p0_a0p25_b0p05__wd1e-04trmiss0_degmodglobal,60,0.6373896300792694,0.6864441633224487,0.5833333333333333,0.7774842441509109,0.5384615384615384,0.0,0.4947936236858368,0.5850610882043839,0.13538993522524834,0.36962105706334114,0.0,0.0,0.0,0.0,0.0,18473,global,0.0
2,4,lr5e-05_bs16_drop0p4_temp1p0_a0p25_b0p05__wd1e-04trmiss0_degmodglobal,16,5e-05,0.0001,0.4,1.0,0.25,0.05,lr5e-05_bs16_drop0p4_temp1p0_a0p25_b0p05__wd1e-04trmiss0_degmodglobal,61,0.6388927698135376,0.685584306716919,0.5833333333333333,0.7774842441509109,0.6153846153846154,0.0,0.4970657229423523,0.5960245728492737,0.11099766753613949,0.30237583816051483,0.0,0.0,0.0,0.0,0.0,18473,global,0.0
2,4,lr5e-05_bs16_drop0p4_temp1p0_a0p25_b0p05__wd1e-04trmiss0_degmodglobal,16,5e-05,0.0001,0.4,1.0,0.25,0.05,lr5e-05_bs16_drop0p4_temp1p0_a0p25_b0p05__wd1e-04trmiss0_degmodglobal,62,0.6592051982879639,0.6883598566055298,0.5833333333333333,0.7774842441509109,0.5384615384615384,0.0,0.5081942081451416,0.6116223931312561,0.12110443692654371,0.3461338169872761,0.0,0.0,0.0,0.0,0.0,18473,global,0.0
2,4,lr5e-05_bs16_drop0p4_temp1p0_a0p25_b0p05__wd1e-04trmiss0_degmodglobal,16,5e-05,0.0001,0.4,1.0,0.25,0.05,lr5e-05_bs16_drop0p4_temp1p0_a0p25_b0p05__wd1e-04trmiss0_degmodglobal,63,0.6442663818597794,0.6881429553031921,0.5833333333333333,0.7774842441509109,0.5384615384615384,0.0,0.48847708851099014,0.6069827526807785,0.09439302794635296,0.2737078182399273,0.0,0.0,0.0,0.0,0.0,18473,global,0.0
2,4,lr5e-05_bs16_drop0p4_temp2p0_a0p25_b0p05__wd1e-04trmiss0_degmodglobal,16,5e-05,0.0001,0.4,2.0,0.25,0.05,lr5e-05_bs16_drop0p4_temp2p0_a0p25_b0p05__wd1e-04trmiss0_degmodglobal,1,0.75076624751091,0.7209668755531311,0.25,0.6543320876654211,0.38461538461538464,0.0,0.7562699317932129,0.7310587167739868,0.04786612652242184,0.15482033602893353,0.0,0.0,0.0,0.0,0.0,18473,global,0.0
2,4,lr5e-05_bs16_drop0p4_temp2p0_a0p25_b0p05__wd1e-04trmiss0_degmodglobal,16,5e-05,0.0001,0.4,2.0,0.25,0.05,lr5e-05_bs16_drop0p4_temp2p0_a0p25_b0p05__wd1e-04trmiss0_degmodglobal,2,0.7122982442378998,0.7188810706138611,0.25,0.6543320876654211,0.38461538461538464,0.0,0.7401422560214996,0.690122589468956,0.05268985126167536,0.18006321787834167,0.0,0.0,0.0,0.0,0.0,18473,global,0.0
2,4,lr5e-05_bs16_drop0p4_temp2p0_a0p25_b0p05__wd1e-04trmiss0_degmodglobal,16,5e-05,0.0001,0.4,2.0,0.25,0.05,lr5e-05_bs16_drop0p4_temp2p0_a0p25_b0p05__wd1e-04trmiss0_degmodglobal,3,0.719102680683136,0.7191927433013916,0.2777777777777778,0.662048137048137,0.38461538461538464,0.0,0.7498137205839157,0.7011504173278809,0.044985612854361534,0.1341174766421318,0.0,0.0,0.0,0.0,0.0,18473,global,0.0
2,4,lr5e-05_bs16_drop0p4_temp2p0_a0p25_b0p05__wd1e-04trmiss0_degmodglobal,16,5e-05,0.0001,0.4,2.0,0.25,0.05,lr5e-05_bs16_drop0p4_temp2p0_a0p25_b0p05__wd1e-04trmiss0_degmodglobal,4,0.7098008990287781,0.7205049991607666,0.3055555555555556,0.6694555444555446,0.38461538461538464,0.0,0.721466913819313,0.6898709237575531,0.046223456505686045,0.16748251765966415,0.0,0.0,0.0,0.0,0.0,18473,global,0.0
2,4,lr5e-05_bs16_drop0p4_temp2p0_a0p25_b0p05__wd1e-04trmiss0_degmodglobal,16,5e-05,0.0001,0.4,2.0,0.25,0.05,lr5e-05_bs16_drop0p4_temp2p0_a0p25_b0p05__wd1e-04trmiss0_degmodglobal,5,0.6922092586755753,0.7171512842178345,0.3055555555555556,0.6694555444555446,0.38461538461538464,0.0,0.6865927278995514,0.6770206242799759,0.036657076328992844,0.12048735283315182,0.0,0.0,0.0,0.0,0.0,18473,global,0.0
2,4,lr5e-05_bs16_drop0p4_temp2p0_a0p25_b0p05__wd1e-04trmiss0_degmodglobal,16,5e-05,0.0001,0.4,2.0,0.25,0.05,lr5e-05_bs16_drop0p4_temp2p0_a0p25_b0p05__wd1e-04trmiss0_degmodglobal,6,0.6916730105876923,0.7177004218101501,0.25,0.6543320876654211,0.38461538461538464,0.0,0.6951819509267807,0.6606973558664322,0.07655132934451103,0.2367563620209694,0.0,0.0,0.0,0.0,0.0,18473,global,0.0
2,4,lr5e-05_bs16_drop0p4_temp2p0_a0p25_b0p05__wd1e-04trmiss0_degmodglobal,16,5e-05,0.0001,0.4,2.0,0.25,0.05,lr5e-05_bs16_drop0p4_temp2p0_a0p25_b0p05__wd1e-04trmiss0_degmodglobal,7,0.6767493784427643,0.7031173706054688,0.4166666666666667,0.6769952269952271,0.46153846153846156,0.0,0.7594993263483047,0.6558124125003815,0.054453843273222446,0.1464698649942875,0.0,0.0,0.0,0.0,0.0,18473,global,0.0
2,4,lr5e-05_bs16_drop0p4_temp2p0_a0p25_b0p05__wd1e-04trmiss0_degmodglobal,16,5e-05,0.0001,0.4,2.0,0.25,0.05,lr5e-05_bs16_drop0p4_temp2p0_a0p25_b0p05__wd1e-04trmiss0_degmodglobal,8,0.669745072722435,0.697422206401825,0.4722222222222222,0.6972934472934474,0.6153846153846154,0.0,0.6787016093730927,0.6481258869171143,0.053859734907746315,0.16308472864329815,0.0,0.0,0.0,0.0,0.0,18473,global,0.0
2,4,lr5e-05_bs16_drop0p4_temp2p0_a0p25_b0p05__wd1e-04trmiss0_degmodglobal,16,5e-05,0.0001,0.4,2.0,0.25,0.05,lr5e-05_bs16_drop0p4_temp2p0_a0p25_b0p05__wd1e-04trmiss0_degmodglobal,9,0.6868298500776291,0.6940869688987732,0.5,0.7040274540274541,0.6153846153846154,0.0,0.7197483777999878,0.6698298305273056,0.04441750608384609,0.117912907153368,0.0,0.0,0.0,0.0,0.0,18473,global,0.0
2,4,lr5e-05_bs16_drop0p4_temp2p0_a0p25_b0p05__wd1e-04trmiss0_degmodglobal,16,5e-05,0.0001,0.4,2.0,0.25,0.05,lr5e-05_bs16_drop0p4_temp2p0_a0p25_b0p05__wd1e-04trmiss0_degmodglobal,10,0.7104745507240295,0.6891567707061768,0.5,0.7065527065527066,0.6153846153846154,0.0,0.6993671655654907,0.6891202926635742,0.05188417248427868,0.1676642782986164,0.0,0.0,0.0,0.0,0.0,18473,global,0.0
2,4,lr5e-05_bs16_drop0p4_temp2p0_a0p25_b0p05__wd1e-04trmiss0_degmodglobal,16,5e-05,0.0001,0.4,2.0,0.25,0.05,lr5e-05_bs16_drop0p4_temp2p0_a0p25_b0p05__wd1e-04trmiss0_degmodglobal,11,0.6727743297815323,0.6905302405357361,0.4722222222222222,0.6994819994819995,0.6153846153846154,0.0,0.6430783122777939,0.6453116834163666,0.06945400778204203,0.2019828613847494,0.0,0.0,0.0,0.0,0.0,18473,global,0.0
2,4,lr5e-05_bs16_drop0p4_temp2p0_a0p25_b0p05__wd1e-04trmiss0_degmodglobal,16,5e-05,0.0001,0.4,2.0,0.25,0.05,lr5e-05_bs16_drop0p4_temp2p0_a0p25_b0p05__wd1e-04trmiss0_degmodglobal,12,0.6404588371515274,0.6999879479408264,0.4444444444444444,0.6902227402227403,0.5384615384615384,0.0,0.6549453735351562,0.6204393804073334,0.04870828799903393,0.1568473745137453,0.0,0.0,0.0,0.0,0.0,18473,global,0.0
2,4,lr5e-05_bs16_drop0p4_temp2p0_a0p25_b0p05__wd1e-04trmiss0_degmodglobal,16,5e-05,0.0001,0.4,2.0,0.25,0.05,lr5e-05_bs16_drop0p4_temp2p0_a0p25_b0p05__wd1e-04trmiss0_degmodglobal,13,0.6710338890552521,0.7115203142166138,0.4444444444444444,0.6808793058793059,0.5384615384615384,0.0,0.6530822366476059,0.6544717699289322,0.03948766412213445,0.1338041964918375,0.0,0.0,0.0,0.0,0.0,18473,global,0.0
2,4,lr5e-05_bs16_drop0p4_temp2p0_a0p25_b0p05__wd1e-04trmiss0_degmodglobal,16,5e-05,0.0001,0.4,2.0,0.25,0.05,lr5e-05_bs16_drop0p4_temp2p0_a0p25_b0p05__wd1e-04trmiss0_degmodglobal,14,0.6367183774709702,0.7298896908760071,0.3055555555555556,0.620970695970696,0.3076923076923077,0.0,0.6698663979768753,0.6148198544979095,0.05506337899714708,0.1626532394438982,0.0,0.0,0.0,0.0,0.0,18473,global,0.0
2,4,lr5e-05_bs16_drop0p4_temp2p0_a0p25_b0p05__wd1e-04trmiss0_degmodglobal,16,5e-05,0.0001,0.4,2.0,0.25,0.05,lr5e-05_bs16_drop0p4_temp2p0_a0p25_b0p05__wd1e-04trmiss0_degmodglobal,15,0.6450891643762589,0.7190627455711365,0.38888888888888884,0.6493978243978243,0.46153846153846156,0.0,0.6536355763673782,0.6254879981279373,0.05042144190520048,0.13991618156433105,0.0,0.0,0.0,0.0,0.0,18473,global,0.0
2,4,lr5e-05_bs16_drop0p4_temp2p0_a0p25_b0p05__wd1e-04trmiss0_degmodglobal,16,5e-05,0.0001,0.4,2.0,0.25,0.05,lr5e-05_bs16_drop0p4_temp2p0_a0p25_b0p05__wd1e-04trmiss0_degmodglobal,16,0.677304819226265,0.7196088433265686,0.4166666666666667,0.6692511192511194,0.46153846153846156,0.0,0.6636919677257538,0.646548256278038,0.07264646608382463,0.25189901143312454,0.0,0.0,0.0,0.0,0.0,18473,global,0.0
2,4,lr5e-05_bs16_drop0p4_temp2p0_a0p25_b0p05__wd1e-04trmiss0_degmodglobal,16,5e-05,0.0001,0.4,2.0,0.25,0.05,lr5e-05_bs16_drop0p4_temp2p0_a0p25_b0p05__wd1e-04trmiss0_degmodglobal,17,0.6542492359876633,0.7365403175354004,0.33333333333333337,0.6320818070818071,0.3076923076923077,0.0,0.6868749856948853,0.6346114724874496,0.04971607681363821,0.14417475555092096,0.0,0.0,0.0,0.0,0.0,18473,global,0.0
2,4,lr5e-05_bs16_drop0p4_temp2p0_a0p25_b0p05__wd1e-04trmiss0_degmodglobal,16,5e-05,0.0001,0.4,2.0,0.25,0.05,lr5e-05_bs16_drop0p4_temp2p0_a0p25_b0p05__wd1e-04trmiss0_degmodglobal,18,0.6538922339677811,0.7360520362854004,0.36111111111111105,0.6388158138158138,0.38461538461538464,0.0,0.6565687209367752,0.6328495293855667,0.051506117917597294,0.1633235216140747,0.0,0.0,0.0,0.0,0.0,18473,global,0.0
2,4,lr5e-05_bs16_drop0p4_temp2p0_a0p25_b0p05__wd1e-04trmiss0_degmodglobal,16,5e-05,0.0001,0.4,2.0,0.25,0.05,lr5e-05_bs16_drop0p4_temp2p0_a0p25_b0p05__wd1e-04trmiss0_degmodglobal,19,0.6592888236045837,0.7211171388626099,0.41666666666666663,0.6660644910644911,0.46153846153846156,0.0,0.6245163828134537,0.6378147006034851,0.0549477469176054,0.15474379807710648,0.0,0.0,0.0,0.0,0.0,18473,global,0.0
2,4,lr5e-05_bs16_drop0p4_temp2p0_a0p25_b0p05__wd1e-04trmiss0_degmodglobal,16,5e-05,0.0001,0.4,2.0,0.25,0.05,lr5e-05_bs16_drop0p4_temp2p0_a0p25_b0p05__wd1e-04trmiss0_degmodglobal,20,0.6256379038095474,0.7133634090423584,0.4444444444444444,0.6724747474747474,0.38461538461538464,0.0,0.6521186530590057,0.6077051162719727,0.04784776922315359,0.11941688321530819,0.0,0.0,0.0,0.0,0.0,18473,global,0.0
2,4,lr5e-05_bs16_drop0p4_temp2p0_a0p25_b0p05__wd1e-04trmiss0_degmodglobal,16,5e-05,0.0001,0.4,2.0,0.25,0.05,lr5e-05_bs16_drop0p4_temp2p0_a0p25_b0p05__wd1e-04trmiss0_degmodglobal,21,0.6433763056993484,0.7135642170906067,0.4444444444444444,0.6724747474747474,0.46153846153846156,0.0,0.6245105564594269,0.6233676373958588,0.04842759761959314,0.1580350659787655,0.0,0.0,0.0,0.0,0.0,18473,global,0.0
2,4,lr5e-05_bs16_drop0p4_temp2p0_a0p25_b0p05__wd1e-04trmiss0_degmodglobal,16,5e-05,0.0001,0.4,2.0,0.25,0.05,lr5e-05_bs16_drop0p4_temp2p0_a0p25_b0p05__wd1e-04trmiss0_degmodglobal,22,0.6133521348237991,0.715279221534729,0.4722222222222222,0.6872895622895623,0.46153846153846156,0.0,0.658514067530632,0.5899901241064072,0.056326208636164665,0.18560907617211342,0.0,0.0,0.0,0.0,0.0,18473,global,0.0
2,4,lr5e-05_bs16_drop0p4_temp2p0_a0p25_b0p05__wd1e-04trmiss0_degmodglobal,16,5e-05,0.0001,0.4,2.0,0.25,0.05,lr5e-05_bs16_drop0p4_temp2p0_a0p25_b0p05__wd1e-04trmiss0_degmodglobal,23,0.6631320118904114,0.7159683108329773,0.4722222222222222,0.6872895622895623,0.46153846153846156,0.0,0.6711505800485611,0.6402575075626373,0.05692133493721485,0.17288345471024513,0.0,0.0,0.0,0.0,0.0,18473,global,0.0
2,4,lr5e-05_bs16_drop0p4_temp2p0_a0p25_b0p05__wd1e-04trmiss0_degmodglobal,16,5e-05,0.0001,0.4,2.0,0.25,0.05,lr5e-05_bs16_drop0p4_temp2p0_a0p25_b0p05__wd1e-04trmiss0_degmodglobal,24,0.6481534391641617,0.7136594653129578,0.5,0.6972101972101973,0.46153846153846156,0.0,0.6017950028181076,0.6253741681575775,0.05586996115744114,0.1762352641671896,0.0,0.0,0.0,0.0,0.0,18473,global,0.0
2,4,lr5e-05_bs16_drop0p4_temp2p0_a0p25_b0p05__wd1e-04trmiss0_degmodglobal,16,5e-05,0.0001,0.4,2.0,0.25,0.05,lr5e-05_bs16_drop0p4_temp2p0_a0p25_b0p05__wd1e-04trmiss0_degmodglobal,25,0.6457586139440536,0.712494969367981,0.5,0.6972101972101973,0.46153846153846156,0.0,0.6226120740175247,0.6271588951349258,0.04729875409975648,0.13550075888633728,0.0,0.0,0.0,0.0,0.0,18473,global,0.0
2,4,lr5e-05_bs16_drop0p4_temp2p0_a0p25_b0p05__wd1e-04trmiss0_degmodglobal,16,5e-05,0.0001,0.4,2.0,0.25,0.05,lr5e-05_bs16_drop0p4_temp2p0_a0p25_b0p05__wd1e-04trmiss0_degmodglobal,26,0.612311065196991,0.7067824602127075,0.5,0.6972101972101973,0.46153846153846156,0.0,0.5897472947835922,0.5908405035734177,0.05781486909836531,0.14033667370676994,0.0,0.0,0.0,0.0,0.0,18473,global,0.0
2,4,lr5e-05_bs16_drop0p4_temp2p0_a0p25_b0p05__wd1e-04trmiss0_degmodglobal,16,5e-05,0.0001,0.4,2.0,0.25,0.05,lr5e-05_bs16_drop0p4_temp2p0_a0p25_b0p05__wd1e-04trmiss0_degmodglobal,27,0.6265525966882706,0.704052209854126,0.5,0.6972101972101973,0.46153846153846156,0.0,0.5991166532039642,0.6033343523740768,0.05725188925862312,0.17810584977269173,0.0,0.0,0.0,0.0,0.0,18473,global,0.0
2,4,lr5e-05_bs16_drop0p4_temp2p0_a0p25_b0p05__wd1e-04trmiss0_degmodglobal,16,5e-05,0.0001,0.4,2.0,0.25,0.05,lr5e-05_bs16_drop0p4_temp2p0_a0p25_b0p05__wd1e-04trmiss0_degmodglobal,28,0.6337751001119614,0.7034615874290466,0.5277777777777778,0.7104377104377105,0.46153846153846156,0.0,0.6173778176307678,0.6021736562252045,0.08584280032664537,0.202815230935812,0.0,0.0,0.0,0.0,0.0,18473,global,0.0
2,4,lr5e-05_bs16_drop0p4_temp2p0_a0p25_b0p05__wd1e-04trmiss0_degmodglobal,16,5e-05,0.0001,0.4,2.0,0.25,0.05,lr5e-05_bs16_drop0p4_temp2p0_a0p25_b0p05__wd1e-04trmiss0_degmodglobal,29,0.6425508558750153,0.7079828381538391,0.5277777777777778,0.7104377104377105,0.6153846153846154,0.0,0.6313648968935013,0.6173602789640427,0.07214669231325388,0.143078051507473,0.0,0.0,0.0,0.0,0.0,18473,global,0.0
2,4,lr5e-05_bs16_drop0p4_temp2p0_a0p25_b0p05__wd1e-04trmiss0_degmodglobal,16,5e-05,0.0001,0.4,2.0,0.25,0.05,lr5e-05_bs16_drop0p4_temp2p0_a0p25_b0p05__wd1e-04trmiss0_degmodglobal,30,0.646617203950882,0.7085901498794556,0.5277777777777778,0.7104377104377105,0.6153846153846154,0.0,0.6507720351219177,0.6253148466348648,0.05581658985465765,0.14696404244750738,0.0,0.0,0.0,0.0,0.0,18473,global,0.0
2,4,lr5e-05_bs16_drop0p4_temp2p0_a0p25_b0p05__wd1e-04trmiss0_degmodglobal,16,5e-05,0.0001,0.4,2.0,0.25,0.05,lr5e-05_bs16_drop0p4_temp2p0_a0p25_b0p05__wd1e-04trmiss0_degmodglobal,31,0.6275448948144913,0.7109570503234863,0.5,0.7040274540274541,0.6153846153846154,0.0,0.6220042407512665,0.5993797183036804,0.0779239097610116,0.1736838724464178,0.0,0.0,0.0,0.0,0.0,18473,global,0.0
2,4,lr5e-05_bs16_drop0p4_temp2p0_a0p25_b0p05__wd1e-04trmiss0_degmodglobal,16,5e-05,0.0001,0.4,2.0,0.25,0.05,lr5e-05_bs16_drop0p4_temp2p0_a0p25_b0p05__wd1e-04trmiss0_degmodglobal,32,0.6189868897199631,0.7117026448249817,0.4722222222222222,0.6907999407999409,0.5384615384615384,0.0,0.6248654127120972,0.5904268771409988,0.09034251235425472,0.11948725394904613,0.0,0.0,0.0,0.0,0.0,18473,global,0.0
2,4,lr5e-05_bs16_drop0p4_temp2p0_a0p25_b0p05__wd1e-04trmiss0_degmodglobal,16,5e-05,0.0001,0.4,2.0,0.25,0.05,lr5e-05_bs16_drop0p4_temp2p0_a0p25_b0p05__wd1e-04trmiss0_degmodglobal,33,0.608658641576767,0.7107428312301636,0.5,0.7040274540274541,0.6153846153846154,0.0,0.6432815194129944,0.5881763845682144,0.05621055606752634,0.1285922508686781,0.0,0.0,0.0,0.0,0.0,18473,global,0.0
2,4,lr5e-05_bs16_drop0p4_temp2p0_a0p25_b0p05__wd1e-04trmiss0_degmodglobal,16,5e-05,0.0001,0.4,2.0,0.25,0.05,lr5e-05_bs16_drop0p4_temp2p0_a0p25_b0p05__wd1e-04trmiss0_degmodglobal,34,0.659636065363884,0.7117986083030701,0.5,0.7040274540274541,0.6153846153846154,0.0,0.5979739874601364,0.6280603259801865,0.07964269630610943,0.23330100998282433,0.0,0.0,0.0,0.0,0.0,18473,global,0.0
2,4,lr5e-05_bs16_drop0p4_temp2p0_a0p25_b0p05__wd1e-04trmiss0_degmodglobal,16,5e-05,0.0001,0.4,2.0,0.25,0.05,lr5e-05_bs16_drop0p4_temp2p0_a0p25_b0p05__wd1e-04trmiss0_degmodglobal,35,0.6161203235387802,0.7153938412666321,0.5,0.7040274540274541,0.6153846153846154,0.0,0.5988716036081314,0.5787962526082993,0.10271293297410011,0.23291663732379675,0.0,0.0,0.0,0.0,0.0,18473,global,0.0
2,4,lr5e-05_bs16_drop0p4_temp2p0_a0p25_b0p05__wd1e-04trmiss0_degmodglobal,16,5e-05,0.0001,0.4,2.0,0.25,0.05,lr5e-05_bs16_drop0p4_temp2p0_a0p25_b0p05__wd1e-04trmiss0_degmodglobal,36,0.6087162345647812,0.7143695950508118,0.4722222222222222,0.6907999407999409,0.46153846153846156,0.0,0.562035858631134,0.577953040599823,0.07705055922269821,0.2300107777118683,0.0,0.0,0.0,0.0,0.0,18473,global,0.0
2,4,lr5e-05_bs16_drop0p4_temp2p0_a0p25_b0p05__wd1e-04trmiss0_degmodglobal,16,5e-05,0.0001,0.4,2.0,0.25,0.05,lr5e-05_bs16_drop0p4_temp2p0_a0p25_b0p05__wd1e-04trmiss0_degmodglobal,37,0.6244230717420578,0.7147012948989868,0.4722222222222222,0.6907999407999409,0.46153846153846156,0.0,0.5583724901080132,0.5902408212423325,0.09531785175204277,0.20705560967326164,0.0,0.0,0.0,0.0,0.0,18473,global,0.0
2,4,lr5e-05_bs16_drop0p4_temp2p0_a0p25_b0p05__wd1e-04trmiss0_degmodglobal,16,5e-05,0.0001,0.4,2.0,0.25,0.05,lr5e-05_bs16_drop0p4_temp2p0_a0p25_b0p05__wd1e-04trmiss0_degmodglobal,38,0.6202550679445267,0.714981198310852,0.4722222222222222,0.6907999407999409,0.5384615384615384,0.0,0.604359358549118,0.5942761898040771,0.06697582360357046,0.18469837866723537,0.0,0.0,0.0,0.0,0.0,18473,global,0.0
2,4,lr5e-05_bs16_drop0p4_temp2p0_a0p25_b0p05__wd1e-04trmiss0_degmodglobal,16,5e-05,0.0001,0.4,2.0,0.25,0.05,lr5e-05_bs16_drop0p4_temp2p0_a0p25_b0p05__wd1e-04trmiss0_degmodglobal,39,0.638238862156868,0.7121803760528564,0.5,0.7040274540274541,0.5384615384615384,0.0,0.6038334220647812,0.6072058975696564,0.08259603381156921,0.20767902955412865,0.0,0.0,0.0,0.0,0.0,18473,global,0.0
2,4,lr5e-05_bs16_drop0p4_temp2p0_a0p25_b0p05__wd1e-04trmiss0_degmodglobal,16,5e-05,0.0001,0.4,2.0,0.25,0.05,lr5e-05_bs16_drop0p4_temp2p0_a0p25_b0p05__wd1e-04trmiss0_degmodglobal,40,0.6249967664480209,0.7123609781265259,0.5,0.7040274540274541,0.5384615384615384,0.0,0.6153561621904373,0.5909223929047585,0.08973794337362051,0.23279760777950287,0.0,0.0,0.0,0.0,0.0,18473,global,0.0
2,4,lr5e-05_bs16_drop0p4_temp2p0_a0p25_b0p05__wd1e-04trmiss0_degmodglobal,16,5e-05,0.0001,0.4,2.0,0.25,0.05,lr5e-05_bs16_drop0p4_temp2p0_a0p25_b0p05__wd1e-04trmiss0_degmodglobal,41,0.6611649096012115,0.7127082943916321,0.5,0.7040274540274541,0.5384615384615384,0.0,0.5922466218471527,0.620523989200592,0.10137073090299964,0.30596506129950285,0.0,0.0,0.0,0.0,0.0,18473,global,0.0
2,4,lr5e-05_bs16_drop0p4_temp2p0_a0p25_b0p05__wd1e-04trmiss0_degmodglobal,16,5e-05,0.0001,0.4,2.0,0.25,0.05,lr5e-05_bs16_drop0p4_temp2p0_a0p25_b0p05__wd1e-04trmiss0_degmodglobal,42,0.6542131900787354,0.7151965498924255,0.5,0.7040274540274541,0.6153846153846154,0.0,0.6165315061807632,0.6369907706975937,0.04807150550186634,0.10409056767821312,0.0,0.0,0.0,0.0,0.0,18473,global,0.0
2,4,lr5e-05_bs16_drop0p4_temp2p0_a0p25_b0p05__wd1e-04trmiss0_degmodglobal,16,5e-05,0.0001,0.4,2.0,0.25,0.05,lr5e-05_bs16_drop0p4_temp2p0_a0p25_b0p05__wd1e-04trmiss0_degmodglobal,43,0.6019931733608246,0.7103676795959473,0.5,0.7040274540274541,0.5384615384615384,0.0,0.5644014403223991,0.5615552216768265,0.1018028762191534,0.29974455386400223,0.0,0.0,0.0,0.0,0.0,18473,global,0.0
2,4,lr5e-05_bs16_drop0p4_temp2p0_a0p25_b0p05__wd1e-04trmiss0_degmodglobal,16,5e-05,0.0001,0.4,2.0,0.25,0.05,lr5e-05_bs16_drop0p4_temp2p0_a0p25_b0p05__wd1e-04trmiss0_degmodglobal,44,0.670574352145195,0.7133287787437439,0.5,0.7040274540274541,0.6153846153846154,0.0,0.6156798601150513,0.6427389085292816,0.07586005423218012,0.17740814993157983,0.0,0.0,0.0,0.0,0.0,18473,global,0.0
2,4,lr5e-05_bs16_drop0p4_temp2p0_a0p25_b0p05__wd1e-04trmiss0_degmodglobal,16,5e-05,0.0001,0.4,2.0,0.25,0.05,lr5e-05_bs16_drop0p4_temp2p0_a0p25_b0p05__wd1e-04trmiss0_degmodglobal,45,0.6277671903371811,0.713503360748291,0.5,0.7040274540274541,0.6153846153846154,0.0,0.5787507593631744,0.6048712283372879,0.06373722851276398,0.1392333386465907,0.0,0.0,0.0,0.0,0.0,18473,global,0.0
2,4,lr5e-05_bs16_drop0p4_temp2p0_a0p25_b0p05__wd1e-04trmiss0_degmodglobal,16,5e-05,0.0001,0.4,2.0,0.25,0.05,lr5e-05_bs16_drop0p4_temp2p0_a0p25_b0p05__wd1e-04trmiss0_degmodglobal,46,0.6355408430099487,0.7135128378868103,0.5,0.7040274540274541,0.6153846153846154,0.0,0.5739517062902451,0.5972541570663452,0.09525675186887383,0.28944975626654923,0.0,0.0,0.0,0.0,0.0,18473,global,0.0
2,4,lr5e-05_bs16_drop0p4_temp2p0_a0p25_b0p05__wd1e-04trmiss0_degmodglobal,16,5e-05,0.0001,0.4,2.0,0.25,0.05,lr5e-05_bs16_drop0p4_temp2p0_a0p25_b0p05__wd1e-04trmiss0_degmodglobal,47,0.5942167192697525,0.7113941311836243,0.5,0.7040274540274541,0.46153846153846156,0.0,0.5684973746538162,0.562321662902832,0.08653756137937307,0.2052135169506073,0.0,0.0,0.0,0.0,0.0,18473,global,0.0
2,4,lr5e-05_bs16_drop0p4_temp2p0_a0p25_b0p05__wd1e-04trmiss0_degmodglobal,16,5e-05,0.0001,0.4,2.0,0.25,0.05,lr5e-05_bs16_drop0p4_temp2p0_a0p25_b0p05__wd1e-04trmiss0_degmodglobal,48,0.623349741101265,0.709860622882843,0.5,0.7040274540274541,0.6153846153846154,0.0,0.5539474189281464,0.594575434923172,0.07294216472655535,0.2107752300798893,0.0,0.0,0.0,0.0,0.0,18473,global,0.0
2,4,lr1e-05_bs16_drop0p2_temp1p0_a0p25_b0p05__wd1e-04trmiss0_degmodglobal,16,1e-05,0.0001,0.2,1.0,0.25,0.05,lr1e-05_bs16_drop0p2_temp1p0_a0p25_b0p05__wd1e-04trmiss0_degmodglobal,1,0.6977923810482025,0.7188138365745544,0.33333333333333337,0.626995226995227,0.5384615384615384,0.0,0.6761927753686905,0.6826554238796234,0.0370368892326951,0.11755405180156231,0.0,0.0,0.0,0.0,0.0,18473,global,0.0
2,4,lr1e-05_bs16_drop0p2_temp1p0_a0p25_b0p05__wd1e-04trmiss0_degmodglobal,16,1e-05,0.0001,0.2,1.0,0.25,0.05,lr1e-05_bs16_drop0p2_temp1p0_a0p25_b0p05__wd1e-04trmiss0_degmodglobal,2,0.6969264149665833,0.7203055620193481,0.3055555555555556,0.6170745920745921,0.46153846153846156,0.0,0.6966166645288467,0.6831468641757965,0.03561897110193968,0.0974962180480361,0.0,0.0,0.0,0.0,0.0,18473,global,0.0
2,4,lr1e-05_bs16_drop0p2_temp1p0_a0p25_b0p05__wd1e-04trmiss0_degmodglobal,16,1e-05,0.0001,0.2,1.0,0.25,0.05,lr1e-05_bs16_drop0p2_temp1p0_a0p25_b0p05__wd1e-04trmiss0_degmodglobal,3,0.6944427490234375,0.7246205806732178,0.3055555555555556,0.620970695970696,0.5384615384615384,0.0,0.6978395283222198,0.6828208416700363,0.027606344781816006,0.09440667368471622,0.0,0.0,0.0,0.0,0.0,18473,global,0.0
2,4,lr1e-05_bs16_drop0p2_temp1p0_a0p25_b0p05__wd1e-04trmiss0_degmodglobal,16,1e-05,0.0001,0.2,1.0,0.25,0.05,lr1e-05_bs16_drop0p2_temp1p0_a0p25_b0p05__wd1e-04trmiss0_degmodglobal,4,0.7000586986541748,0.731667160987854,0.2777777777777778,0.6024521774521775,0.6153846153846154,0.0,0.6881701201200485,0.6850672513246536,0.036849338095635176,0.11558209639042616,0.0,0.0,0.0,0.0,0.0,18473,global,0.0
2,4,lr1e-05_bs16_drop0p2_temp1p0_a0p25_b0p05__wd1e-04trmiss0_degmodglobal,16,1e-05,0.0001,0.2,1.0,0.25,0.05,lr1e-05_bs16_drop0p2_temp1p0_a0p25_b0p05__wd1e-04trmiss0_degmodglobal,5,0.6902063488960266,0.7372482419013977,0.2777777777777778,0.6024521774521775,0.6153846153846154,0.0,0.6856331676244736,0.6767406016588211,0.036353794392198324,0.08754556020721793,0.0,0.0,0.0,0.0,0.0,18473,global,0.0
2,4,lr1e-05_bs16_drop0p2_temp1p0_a0p25_b0p05__wd1e-04trmiss0_degmodglobal,16,1e-05,0.0001,0.2,1.0,0.25,0.05,lr1e-05_bs16_drop0p2_temp1p0_a0p25_b0p05__wd1e-04trmiss0_degmodglobal,6,0.7035925090312958,0.7392216920852661,0.2777777777777778,0.6024521774521775,0.6153846153846154,0.0,0.6854923069477081,0.6902890801429749,0.03624574700370431,0.08484044298529625,0.0,0.0,0.0,0.0,0.0,18473,global,0.0
2,4,lr1e-05_bs16_drop0p2_temp1p0_a0p25_b0p05__wd1e-04trmiss0_degmodglobal,16,1e-05,0.0001,0.2,1.0,0.25,0.05,lr1e-05_bs16_drop0p2_temp1p0_a0p25_b0p05__wd1e-04trmiss0_degmodglobal,7,0.7005763947963715,0.7405238747596741,0.3055555555555556,0.6135632885632886,0.6153846153846154,0.0,0.6829998940229416,0.6842956840991974,0.03728274209424853,0.13920020684599876,0.0,0.0,0.0,0.0,0.0,18473,global,0.0
2,4,lr1e-05_bs16_drop0p2_temp1p0_a0p25_b0p05__wd1e-04trmiss0_degmodglobal,16,1e-05,0.0001,0.2,1.0,0.25,0.05,lr1e-05_bs16_drop0p2_temp1p0_a0p25_b0p05__wd1e-04trmiss0_degmodglobal,8,0.6983767747879028,0.7435982823371887,0.3055555555555556,0.6135632885632886,0.6153846153846154,0.0,0.6689699590206146,0.6828773617744446,0.03740190714597702,0.12297878507524729,0.0,0.0,0.0,0.0,0.0,18473,global,0.0
2,4,lr1e-05_bs16_drop0p2_temp1p0_a0p25_b0p05__wd1e-04trmiss0_degmodglobal,16,1e-05,0.0001,0.2,1.0,0.25,0.05,lr1e-05_bs16_drop0p2_temp1p0_a0p25_b0p05__wd1e-04trmiss0_degmodglobal,9,0.6836826205253601,0.7469318509101868,0.2777777777777778,0.6024521774521775,0.6153846153846154,0.0,0.663586750626564,0.6667296439409256,0.04398652911186218,0.11912711150944233,0.0,0.0,0.0,0.0,0.0,18473,global,0.0
2,4,lr1e-05_bs16_drop0p2_temp1p0_a0p25_b0p05__wd1e-04trmiss0_degmodglobal,16,1e-05,0.0001,0.2,1.0,0.25,0.05,lr1e-05_bs16_drop0p2_temp1p0_a0p25_b0p05__wd1e-04trmiss0_degmodglobal,10,0.6845925450325012,0.7458517551422119,0.3055555555555556,0.6135632885632886,0.46153846153846156,0.0,0.6849520057439804,0.668953612446785,0.03797956416383386,0.12288059294223785,0.0,0.0,0.0,0.0,0.0,18473,global,0.0
2,4,lr1e-05_bs16_drop0p2_temp1p0_a0p25_b0p05__wd1e-04trmiss0_degmodglobal,16,1e-05,0.0001,0.2,1.0,0.25,0.05,lr1e-05_bs16_drop0p2_temp1p0_a0p25_b0p05__wd1e-04trmiss0_degmodglobal,11,0.6694039553403854,0.7458844184875488,0.3055555555555556,0.6135632885632886,0.46153846153846156,0.0,0.6687541157007217,0.6574366241693497,0.031581901013851166,0.08143723011016846,0.0,0.0,0.0,0.0,0.0,18473,global,0.0
2,4,lr1e-05_bs16_drop0p2_temp1p0_a0p25_b0p05__wd1e-04trmiss0_degmodglobal,16,1e-05,0.0001,0.2,1.0,0.25,0.05,lr1e-05_bs16_drop0p2_temp1p0_a0p25_b0p05__wd1e-04trmiss0_degmodglobal,12,0.6915567219257355,0.7449095845222473,0.3055555555555556,0.6135632885632886,0.5384615384615384,0.0,0.6441411674022675,0.6758948266506195,0.03772205859422684,0.12462727911770344,0.0,0.0,0.0,0.0,0.0,18473,global,0.0
2,4,lr1e-05_bs16_drop0p2_temp1p0_a0p25_b0p05__wd1e-04trmiss0_degmodglobal,16,1e-05,0.0001,0.2,1.0,0.25,0.05,lr1e-05_bs16_drop0p2_temp1p0_a0p25_b0p05__wd1e-04trmiss0_degmodglobal,13,0.6997066736221313,0.7449496388435364,0.3055555555555556,0.6135632885632886,0.5384615384615384,0.0,0.6414763927459717,0.6814180612564087,0.044219793286174536,0.14467350952327251,0.0,0.0,0.0,0.0,0.0,18473,global,0.0
2,4,lr1e-05_bs16_drop0p2_temp1p0_a0p25_b0p05__wd1e-04trmiss0_degmodglobal,16,1e-05,0.0001,0.2,1.0,0.25,0.05,lr1e-05_bs16_drop0p2_temp1p0_a0p25_b0p05__wd1e-04trmiss0_degmodglobal,14,0.6664624512195587,0.7487544417381287,0.3055555555555556,0.6135632885632886,0.46153846153846156,0.0,0.6437707990407944,0.6506664901971817,0.040633765049278736,0.11275046039372683,0.0,0.0,0.0,0.0,0.0,18473,global,0.0
2,4,lr1e-05_bs16_drop0p2_temp1p0_a0p25_b0p05__wd1e-04trmiss0_degmodglobal,16,1e-05,0.0001,0.2,1.0,0.25,0.05,lr1e-05_bs16_drop0p2_temp1p0_a0p25_b0p05__wd1e-04trmiss0_degmodglobal,15,0.6621779203414917,0.7478429675102234,0.3055555555555556,0.6135632885632886,0.46153846153846156,0.0,0.6531536728143692,0.6478182673454285,0.038180538453161716,0.09629051946103573,0.0,0.0,0.0,0.0,0.0,18473,global,0.0
2,4,lr1e-05_bs16_drop0p2_temp1p0_a0p25_b0p05__wd1e-04trmiss0_degmodglobal,16,1e-05,0.0001,0.2,1.0,0.25,0.05,lr1e-05_bs16_drop0p2_temp1p0_a0p25_b0p05__wd1e-04trmiss0_degmodglobal,16,0.7047868072986603,0.7451631426811218,0.33333333333333337,0.6241452991452991,0.5384615384615384,0.0,0.6323168277740479,0.6855867356061935,0.046330709010362625,0.15234756469726562,0.0,0.0,0.0,0.0,0.0,18473,global,0.0
2,4,lr1e-05_bs16_drop0p2_temp1p0_a0p25_b0p05__wd1e-04trmiss0_degmodglobal,16,1e-05,0.0001,0.2,1.0,0.25,0.05,lr1e-05_bs16_drop0p2_temp1p0_a0p25_b0p05__wd1e-04trmiss0_degmodglobal,17,0.6637712717056274,0.7443475723266602,0.33333333333333337,0.6241452991452991,0.5384615384615384,0.0,0.6360714286565781,0.6502292901277542,0.0324125369079411,0.10877695865929127,0.0,0.0,0.0,0.0,0.0,18473,global,0.0
2,4,lr1e-05_bs16_drop0p2_temp1p0_a0p25_b0p05__wd1e-04trmiss0_degmodglobal,16,1e-05,0.0001,0.2,1.0,0.25,0.05,lr1e-05_bs16_drop0p2_temp1p0_a0p25_b0p05__wd1e-04trmiss0_degmodglobal,18,0.6634096801280975,0.7432613372802734,0.33333333333333337,0.6241452991452991,0.5384615384615384,0.0,0.6322074383497238,0.6469516754150391,0.041858010459691286,0.11987014766782522,0.0,0.0,0.0,0.0,0.0,18473,global,0.0
2,4,lr1e-05_bs16_drop0p2_temp1p0_a0p25_b0p05__wd1e-04trmiss0_degmodglobal,16,1e-05,0.0001,0.2,1.0,0.25,0.05,lr1e-05_bs16_drop0p2_temp1p0_a0p25_b0p05__wd1e-04trmiss0_degmodglobal,19,0.672009602189064,0.7433568835258484,0.3055555555555556,0.6135632885632886,0.5384615384615384,0.0,0.6317498236894608,0.6585673838853836,0.03312301728874445,0.1032293252646923,0.0,0.0,0.0,0.0,0.0,18473,global,0.0
2,4,lr1e-05_bs16_drop0p2_temp1p0_a0p25_b0p05__wd1e-04trmiss0_degmodglobal,16,1e-05,0.0001,0.2,1.0,0.25,0.05,lr1e-05_bs16_drop0p2_temp1p0_a0p25_b0p05__wd1e-04trmiss0_degmodglobal,20,0.6466629952192307,0.7446323037147522,0.33333333333333337,0.6241452991452991,0.5384615384615384,0.0,0.6523179262876511,0.6329471468925476,0.036129231564700603,0.0936705619096756,0.0,0.0,0.0,0.0,0.0,18473,global,0.0
2,4,lr1e-05_bs16_drop0p2_temp1p0_a0p25_b0p05__wd1e-04trmiss0_degmodglobal,16,1e-05,0.0001,0.2,1.0,0.25,0.05,lr1e-05_bs16_drop0p2_temp1p0_a0p25_b0p05__wd1e-04trmiss0_degmodglobal,21,0.6680416166782379,0.7466963529586792,0.33333333333333337,0.6241452991452991,0.5384615384615384,0.0,0.657925933599472,0.6513793021440506,0.040647017769515514,0.13001170940697193,0.0,0.0,0.0,0.0,0.0,18473,global,0.0
2,4,lr1e-05_bs16_drop0p2_temp1p0_a0p25_b0p05__wd1e-04trmiss0_degmodglobal,16,1e-05,0.0001,0.2,1.0,0.25,0.05,lr1e-05_bs16_drop0p2_temp1p0_a0p25_b0p05__wd1e-04trmiss0_degmodglobal,22,0.6674990504980087,0.7450454831123352,0.33333333333333337,0.6241452991452991,0.5384615384615384,0.0,0.6177929937839508,0.6497155278921127,0.043873611837625504,0.13630215264856815,0.0,0.0,0.0,0.0,0.0,18473,global,0.0
2,4,lr1e-05_bs16_drop0p2_temp1p0_a0p25_b0p05__wd1e-04trmiss0_degmodglobal,16,1e-05,0.0001,0.2,1.0,0.25,0.05,lr1e-05_bs16_drop0p2_temp1p0_a0p25_b0p05__wd1e-04trmiss0_degmodglobal,23,0.6681565046310425,0.7443093657493591,0.33333333333333337,0.6241452991452991,0.5384615384615384,0.0,0.6609042435884476,0.6493960022926331,0.041987267788499594,0.16527367010712624,0.0,0.0,0.0,0.0,0.0,18473,global,0.0
2,4,lr1e-05_bs16_drop0p2_temp1p0_a0p25_b0p05__wd1e-04trmiss0_degmodglobal,16,1e-05,0.0001,0.2,1.0,0.25,0.05,lr1e-05_bs16_drop0p2_temp1p0_a0p25_b0p05__wd1e-04trmiss0_degmodglobal,24,0.6622507125139236,0.7466534972190857,0.33333333333333337,0.6241452991452991,0.5384615384615384,0.0,0.611768051981926,0.6485410928726196,0.03584056254476309,0.09498976357281208,0.0,0.0,0.0,0.0,0.0,18473,global,0.0
2,4,lr1e-05_bs16_drop0p2_temp1p0_a0p25_b0p05__wd1e-04trmiss0_degmodglobal,16,1e-05,0.0001,0.2,1.0,0.25,0.05,lr1e-05_bs16_drop0p2_temp1p0_a0p25_b0p05__wd1e-04trmiss0_degmodglobal,25,0.6526723355054855,0.7451738715171814,0.3611111111111111,0.6308793058793059,0.5384615384615384,0.0,0.6521378010511398,0.632527157664299,0.04556295182555914,0.17508884891867638,0.0,0.0,0.0,0.0,0.0,18473,global,0.0
2,4,lr1e-05_bs16_drop0p2_temp1p0_a0p25_b0p05__wd1e-04trmiss0_degmodglobal,16,1e-05,0.0001,0.2,1.0,0.25,0.05,lr1e-05_bs16_drop0p2_temp1p0_a0p25_b0p05__wd1e-04trmiss0_degmodglobal,26,0.6592138856649399,0.7415183186531067,0.3611111111111111,0.6308793058793059,0.5384615384615384,0.0,0.6300917416810989,0.643079474568367,0.04000638658180833,0.12265606224536896,0.0,0.0,0.0,0.0,0.0,18473,global,0.0
2,4,lr1e-05_bs16_drop0p2_temp1p0_a0p25_b0p05__wd1e-04trmiss0_degmodglobal,16,1e-05,0.0001,0.2,1.0,0.25,0.05,lr1e-05_bs16_drop0p2_temp1p0_a0p25_b0p05__wd1e-04trmiss0_degmodglobal,27,0.6868750154972076,0.7378060817718506,0.3611111111111111,0.6308793058793059,0.5384615384615384,0.0,0.6245314031839371,0.672599658370018,0.035069226287305355,0.11016107350587845,0.0,0.0,0.0,0.0,0.0,18473,global,0.0
2,4,lr1e-05_bs16_drop0p2_temp1p0_a0p25_b0p05__wd1e-04trmiss0_degmodglobal,16,1e-05,0.0001,0.2,1.0,0.25,0.05,lr1e-05_bs16_drop0p2_temp1p0_a0p25_b0p05__wd1e-04trmiss0_degmodglobal,28,0.682895302772522,0.7416425347328186,0.3611111111111111,0.6308793058793059,0.5384615384615384,0.0,0.6000821441411972,0.6658354848623276,0.04001299571245909,0.1411314494907856,0.0,0.0,0.0,0.0,0.0,18473,global,0.0
2,4,lr1e-05_bs16_drop0p2_temp1p0_a0p25_b0p05__wd1e-04trmiss0_degmodglobal,16,1e-05,0.0001,0.2,1.0,0.25,0.05,lr1e-05_bs16_drop0p2_temp1p0_a0p25_b0p05__wd1e-04trmiss0_degmodglobal,29,0.6802723705768585,0.7439466118812561,0.3611111111111111,0.6308793058793059,0.5384615384615384,0.0,0.6189152896404266,0.6638665497303009,0.04097956418991089,0.12321821413934231,0.0,0.0,0.0,0.0,0.0,18473,global,0.0
2,4,lr1e-05_bs16_drop0p2_temp1p0_a0p25_b0p05__wd1e-04trmiss0_degmodglobal,16,1e-05,0.0001,0.2,1.0,0.25,0.05,lr1e-05_bs16_drop0p2_temp1p0_a0p25_b0p05__wd1e-04trmiss0_degmodglobal,30,0.668554812669754,0.74116051197052,0.3055555555555556,0.6170745920745921,0.5384615384615384,0.0,0.5981153100728989,0.6523305773735046,0.04218293819576502,0.11357009969651699,0.0,0.0,0.0,0.0,0.0,18473,global,0.0
2,4,lr1e-05_bs16_drop0p2_temp1p0_a0p25_b0p05__wd1e-04trmiss0_degmodglobal,16,1e-05,0.0001,0.2,1.0,0.25,0.05,lr1e-05_bs16_drop0p2_temp1p0_a0p25_b0p05__wd1e-04trmiss0_degmodglobal,31,0.6867655217647552,0.7390655875205994,0.33333333333333337,0.6241452991452991,0.5384615384615384,0.0,0.5943222939968109,0.6671725511550903,0.046229719184339046,0.16071094013750553,0.0,0.0,0.0,0.0,0.0,18473,global,0.0
2,4,lr1e-05_bs16_drop0p2_temp1p0_a0p25_b0p05__wd1e-04trmiss0_degmodglobal,16,1e-05,0.0001,0.2,1.0,0.25,0.05,lr1e-05_bs16_drop0p2_temp1p0_a0p25_b0p05__wd1e-04trmiss0_degmodglobal,32,0.6662348955869675,0.7420067191123962,0.33333333333333337,0.6241452991452991,0.5384615384615384,0.0,0.6337649375200272,0.6482219398021698,0.04686199314892292,0.12594956811517477,0.0,0.0,0.0,0.0,0.0,18473,global,0.0
2,4,lr1e-05_bs16_drop0p2_temp1p0_a0p25_b0p05__wd1e-04trmiss0_degmodglobal,16,1e-05,0.0001,0.2,1.0,0.25,0.05,lr1e-05_bs16_drop0p2_temp1p0_a0p25_b0p05__wd1e-04trmiss0_degmodglobal,33,0.6632144898176193,0.7426724433898926,0.3055555555555556,0.6170745920745921,0.5384615384615384,0.0,0.6071363687515259,0.6469986587762833,0.04147283313795924,0.11695262696594,0.0,0.0,0.0,0.0,0.0,18473,global,0.0
2,4,lr1e-05_bs16_drop0p2_temp1p0_a0p25_b0p05__wd1e-04trmiss0_degmodglobal,16,1e-05,0.0001,0.2,1.0,0.25,0.05,lr1e-05_bs16_drop0p2_temp1p0_a0p25_b0p05__wd1e-04trmiss0_degmodglobal,34,0.657265841960907,0.7395986914634705,0.33333333333333337,0.626995226995227,0.5384615384615384,0.0,0.6106018126010895,0.6431055963039398,0.03601408237591386,0.10313438205048442,0.0,0.0,0.0,0.0,0.0,18473,global,0.0
2,4,lr1e-05_bs16_drop0p2_temp1p0_a0p25_b0p05__wd1e-04trmiss0_degmodglobal,16,1e-05,0.0001,0.2,1.0,0.25,0.05,lr1e-05_bs16_drop0p2_temp1p0_a0p25_b0p05__wd1e-04trmiss0_degmodglobal,35,0.6664124578237534,0.7403416633605957,0.33333333333333337,0.626995226995227,0.46153846153846156,0.0,0.585791677236557,0.6470963507890701,0.049388823099434376,0.13937796745449305,0.0,0.0,0.0,0.0,0.0,18473,global,0.0
2,4,lr1e-05_bs16_drop0p2_temp1p0_a0p25_b0p05__wd1e-04trmiss0_degmodglobal,16,1e-05,0.0001,0.2,1.0,0.25,0.05,lr1e-05_bs16_drop0p2_temp1p0_a0p25_b0p05__wd1e-04trmiss0_degmodglobal,36,0.6778581738471985,0.7427652478218079,0.3055555555555556,0.6170745920745921,0.46153846153846156,0.0,0.5741319209337234,0.6598452031612396,0.04220731556415558,0.1492227464914322,0.0,0.0,0.0,0.0,0.0,18473,global,0.0
2,4,lr1e-05_bs16_drop0p2_temp1p0_a0p25_b0p05__wd1e-04trmiss0_degmodglobal,16,1e-05,0.0001,0.2,1.0,0.25,0.05,lr1e-05_bs16_drop0p2_temp1p0_a0p25_b0p05__wd1e-04trmiss0_degmodglobal,37,0.657105565071106,0.7451540231704712,0.3055555555555556,0.6170745920745921,0.46153846153846156,0.0,0.6204227060079575,0.6411506235599518,0.040384039748460054,0.11717873997986317,0.0,0.0,0.0,0.0,0.0,18473,global,0.0
2,4,lr1e-05_bs16_drop0p2_temp1p0_a0p25_b0p05__wd1e-04trmiss0_degmodglobal,16,1e-05,0.0001,0.2,1.0,0.25,0.05,lr1e-05_bs16_drop0p2_temp1p0_a0p25_b0p05__wd1e-04trmiss0_degmodglobal,38,0.681741863489151,0.7451685667037964,0.33333333333333337,0.6241452991452991,0.46153846153846156,0.0,0.6000902652740479,0.6651849001646042,0.04149927292019129,0.12364276265725493,0.0,0.0,0.0,0.0,0.0,18473,global,0.0
2,4,lr1e-05_bs16_drop0p2_temp1p0_a0p25_b0p05__wd1e-04trmiss0_degmodglobal,16,1e-05,0.0001,0.2,1.0,0.25,0.05,lr1e-05_bs16_drop0p2_temp1p0_a0p25_b0p05__wd1e-04trmiss0_degmodglobal,39,0.6552154272794724,0.7434321641921997,0.33333333333333337,0.6241452991452991,0.5384615384615384,0.0,0.6065827161073685,0.6402738839387894,0.037459214217960835,0.11153451912105083,0.0,0.0,0.0,0.0,0.0,18473,global,0.0
2,4,lr1e-05_bs16_drop0p2_temp1p0_a0p25_b0p05__wd1e-04trmiss0_degmodglobal,16,1e-05,0.0001,0.2,1.0,0.25,0.05,lr1e-05_bs16_drop0p2_temp1p0_a0p25_b0p05__wd1e-04trmiss0_degmodglobal,40,0.6919817328453064,0.7450730800628662,0.33333333333333337,0.6241452991452991,0.46153846153846156,0.0,0.573513388633728,0.6715406626462936,0.04596252925693989,0.17900902032852173,0.0,0.0,0.0,0.0,0.0,18473,global,0.0
2,4,lr1e-05_bs16_drop0p2_temp1p0_a0p25_b0p05__wd1e-04trmiss0_degmodglobal,16,1e-05,0.0001,0.2,1.0,0.25,0.05,lr1e-05_bs16_drop0p2_temp1p0_a0p25_b0p05__wd1e-04trmiss0_degmodglobal,41,0.6664930582046509,0.7454863786697388,0.33333333333333337,0.6241452991452991,0.46153846153846156,0.0,0.5934591144323349,0.6505197584629059,0.04256958141922951,0.10661824978888035,0.0,0.0,0.0,0.0,0.0,18473,global,0.0
2,4,lr1e-05_bs16_drop0p2_temp1p0_a0p25_b0p05__wd1e-04trmiss0_degmodglobal,16,1e-05,0.0001,0.2,1.0,0.25,0.05,lr1e-05_bs16_drop0p2_temp1p0_a0p25_b0p05__wd1e-04trmiss0_degmodglobal,42,0.6650387793779373,0.746510922908783,0.3611111111111111,0.6308793058793059,0.46153846153846156,0.0,0.5801889151334763,0.6480133682489395,0.04504869505763054,0.11526519432663918,0.0,0.0,0.0,0.0,0.0,18473,global,0.0
2,4,lr1e-05_bs16_drop0p2_temp1p0_a0p25_b0p05__wd1e-04trmiss0_degmodglobal,16,1e-05,0.0001,0.2,1.0,0.25,0.05,lr1e-05_bs16_drop0p2_temp1p0_a0p25_b0p05__wd1e-04trmiss0_degmodglobal,43,0.6589011400938034,0.7415540814399719,0.3611111111111111,0.6308793058793059,0.46153846153846156,0.0,0.5939171016216278,0.6402107626199722,0.045382505282759666,0.14689537696540356,0.0,0.0,0.0,0.0,0.0,18473,global,0.0
2,4,lr1e-05_bs16_drop0p2_temp1p0_a0p25_b0p05__wd1e-04trmiss0_degmodglobal,16,1e-05,0.0001,0.2,1.0,0.25,0.05,lr1e-05_bs16_drop0p2_temp1p0_a0p25_b0p05__wd1e-04trmiss0_degmodglobal,44,0.660218358039856,0.7443053722381592,0.33333333333333337,0.6241452991452991,0.46153846153846156,0.0,0.5934599339962006,0.6434177607297897,0.04139327351003885,0.1290457583963871,0.0,0.0,0.0,0.0,0.0,18473,global,0.0
2,4,lr1e-05_bs16_drop0p2_temp1p0_a0p25_b0p05__wd1e-04trmiss0_degmodglobal,16,1e-05,0.0001,0.2,1.0,0.25,0.05,lr1e-05_bs16_drop0p2_temp1p0_a0p25_b0p05__wd1e-04trmiss0_degmodglobal,45,0.6533459722995758,0.7418234348297119,0.3333333333333333,0.6202972952972953,0.5384615384615384,0.0,0.5998885184526443,0.6403916031122208,0.034497329499572515,0.08660052809864283,0.0,0.0,0.0,0.0,0.0,18473,global,0.0
2,4,lr1e-05_bs16_drop0p2_temp1p0_a0p25_b0p05__wd1e-04trmiss0_degmodglobal,16,1e-05,0.0001,0.2,1.0,0.25,0.05,lr1e-05_bs16_drop0p2_temp1p0_a0p25_b0p05__wd1e-04trmiss0_degmodglobal,46,0.6740501970052719,0.7425485253334045,0.33333333333333337,0.6241452991452991,0.46153846153846156,0.0,0.608664333820343,0.6532846391201019,0.04737627785652876,0.17842955514788628,0.0,0.0,0.0,0.0,0.0,18473,global,0.0
2,4,lr1e-05_bs16_drop0p2_temp1p0_a0p25_b0p05__wd1e-04trmiss0_degmodglobal,16,1e-05,0.0001,0.2,1.0,0.25,0.05,lr1e-05_bs16_drop0p2_temp1p0_a0p25_b0p05__wd1e-04trmiss0_degmodglobal,47,0.67609703540802,0.741681694984436,0.33333333333333337,0.6241452991452991,0.46153846153846156,0.0,0.6143844574689865,0.6594844311475754,0.0407481724396348,0.1285112937912345,0.0,0.0,0.0,0.0,0.0,18473,global,0.0
2,4,lr1e-05_bs16_drop0p2_temp2p0_a0p25_b0p05__wd1e-04trmiss0_degmodglobal,16,1e-05,0.0001,0.2,2.0,0.25,0.05,lr1e-05_bs16_drop0p2_temp2p0_a0p25_b0p05__wd1e-04trmiss0_degmodglobal,1,0.7064155638217926,0.6963875889778137,0.6388888888888888,0.8085457752124419,0.38461538461538464,0.0,0.644032210111618,0.6882582157850266,0.03979765251278877,0.16415831446647644,0.0,0.0,0.0,0.0,0.0,18473,global,0.0
2,4,lr1e-05_bs16_drop0p2_temp2p0_a0p25_b0p05__wd1e-04trmiss0_degmodglobal,16,1e-05,0.0001,0.2,2.0,0.25,0.05,lr1e-05_bs16_drop0p2_temp2p0_a0p25_b0p05__wd1e-04trmiss0_degmodglobal,2,0.7238466292619705,0.6979604363441467,0.6388888888888888,0.8085457752124419,0.38461538461538464,0.0,0.6445499658584595,0.703333780169487,0.04277552291750908,0.19637953490018845,0.0,0.0,0.0,0.0,0.0,18473,global,0.0
2,4,lr1e-05_bs16_drop0p2_temp2p0_a0p25_b0p05__wd1e-04trmiss0_degmodglobal,16,1e-05,0.0001,0.2,2.0,0.25,0.05,lr1e-05_bs16_drop0p2_temp2p0_a0p25_b0p05__wd1e-04trmiss0_degmodglobal,3,0.7329867482185364,0.7001305818557739,0.5833333333333334,0.7928892095558764,0.38461538461538464,0.0,0.6533987075090408,0.7118849605321884,0.04444274213165045,0.1998223029077053,0.0,0.0,0.0,0.0,0.0,18473,global,0.0
2,4,lr1e-05_bs16_drop0p2_temp2p0_a0p25_b0p05__wd1e-04trmiss0_degmodglobal,16,1e-05,0.0001,0.2,2.0,0.25,0.05,lr1e-05_bs16_drop0p2_temp2p0_a0p25_b0p05__wd1e-04trmiss0_degmodglobal,4,0.7413904070854187,0.7019332051277161,0.5555555555555556,0.8027657527657528,0.38461538461538464,0.0,0.6393556296825409,0.7239350229501724,0.03799634613096714,0.15912587568163872,0.0,0.0,0.0,0.0,0.0,18473,global,0.0
2,4,lr1e-05_bs16_drop0p2_temp2p0_a0p25_b0p05__wd1e-04trmiss0_degmodglobal,16,1e-05,0.0001,0.2,2.0,0.25,0.05,lr1e-05_bs16_drop0p2_temp2p0_a0p25_b0p05__wd1e-04trmiss0_degmodglobal,5,0.7127274721860886,0.698864758014679,0.5833333333333333,0.8120250120250121,0.38461538461538464,0.0,0.6510906368494034,0.690678596496582,0.04445093031972647,0.21872259303927422,0.0,0.0,0.0,0.0,0.0,18473,global,0.0
2,4,lr1e-05_bs16_drop0p2_temp2p0_a0p25_b0p05__wd1e-04trmiss0_degmodglobal,16,1e-05,0.0001,0.2,2.0,0.25,0.05,lr1e-05_bs16_drop0p2_temp2p0_a0p25_b0p05__wd1e-04trmiss0_degmodglobal,6,0.7252783477306366,0.6982705593109131,0.5277777777777778,0.7963554963554964,0.38461538461538464,0.0,0.640520915389061,0.7050286084413528,0.041405181866139174,0.1979692503809929,0.0,0.0,0.0,0.0,0.0,18473,global,0.0
2,4,lr1e-05_bs16_drop0p2_temp2p0_a0p25_b0p05__wd1e-04trmiss0_degmodglobal,16,1e-05,0.0001,0.2,2.0,0.25,0.05,lr1e-05_bs16_drop0p2_temp2p0_a0p25_b0p05__wd1e-04trmiss0_degmodglobal,7,0.7230172902345657,0.6989130973815918,0.5833333333333333,0.8142567309233977,0.38461538461538464,0.0,0.6283243149518967,0.7023298442363739,0.04440851882100105,0.19170589745044708,0.0,0.0,0.0,0.0,0.0,18473,global,0.0
2,4,lr1e-05_bs16_drop0p2_temp2p0_a0p25_b0p05__wd1e-04trmiss0_degmodglobal,16,1e-05,0.0001,0.2,2.0,0.25,0.05,lr1e-05_bs16_drop0p2_temp2p0_a0p25_b0p05__wd1e-04trmiss0_degmodglobal,8,0.7284308224916458,0.7030466794967651,0.4722222222222222,0.7825507825507827,0.46153846153846156,0.0,0.6510893404483795,0.7039091885089874,0.05040331929922104,0.23841600492596626,0.0,0.0,0.0,0.0,0.0,18473,global,0.0
2,4,lr1e-05_bs16_drop0p2_temp2p0_a0p25_b0p05__wd1e-04trmiss0_degmodglobal,16,1e-05,0.0001,0.2,2.0,0.25,0.05,lr1e-05_bs16_drop0p2_temp2p0_a0p25_b0p05__wd1e-04trmiss0_degmodglobal,9,0.7149439603090286,0.7072689533233643,0.4444444444444444,0.7751433751433752,0.5384615384615384,0.0,0.6250802576541901,0.6871180832386017,0.058768923394382,0.26267294213175774,0.0,0.0,0.0,0.0,0.0,18473,global,0.0
2,4,lr1e-05_bs16_drop0p2_temp2p0_a0p25_b0p05__wd1e-04trmiss0_degmodglobal,16,1e-05,0.0001,0.2,2.0,0.25,0.05,lr1e-05_bs16_drop0p2_temp2p0_a0p25_b0p05__wd1e-04trmiss0_degmodglobal,10,0.7351660281419754,0.7097129225730896,0.4444444444444444,0.7751433751433752,0.46153846153846156,0.0,0.5976838618516922,0.7048314362764359,0.06503964401781559,0.2814933955669403,0.0,0.0,0.0,0.0,0.0,18473,global,0.0
2,4,lr1e-05_bs16_drop0p2_temp2p0_a0p25_b0p05__wd1e-04trmiss0_degmodglobal,16,1e-05,0.0001,0.2,2.0,0.25,0.05,lr1e-05_bs16_drop0p2_temp2p0_a0p25_b0p05__wd1e-04trmiss0_degmodglobal,11,0.6848937273025513,0.7162041664123535,0.41666666666666663,0.7448523698523699,0.46153846153846156,0.0,0.6095447391271591,0.6579583138227463,0.05470653995871544,0.2651756890118122,0.0,0.0,0.0,0.0,0.0,18473,global,0.0
2,4,lr1e-05_bs16_drop0p2_temp2p0_a0p25_b0p05__wd1e-04trmiss0_degmodglobal,16,1e-05,0.0001,0.2,2.0,0.25,0.05,lr1e-05_bs16_drop0p2_temp2p0_a0p25_b0p05__wd1e-04trmiss0_degmodglobal,12,0.7098094671964645,0.7252196073532104,0.41666666666666663,0.7413410663410664,0.46153846153846156,0.0,0.5818813592195511,0.6847821623086929,0.052040377631783485,0.24034420400857925,0.0,0.0,0.0,0.0,0.0,18473,global,0.0
2,4,lr1e-05_bs16_drop0p2_temp2p0_a0p25_b0p05__wd1e-04trmiss0_degmodglobal,16,1e-05,0.0001,0.2,2.0,0.25,0.05,lr1e-05_bs16_drop0p2_temp2p0_a0p25_b0p05__wd1e-04trmiss0_degmodglobal,13,0.6989790350198746,0.7285196185112,0.38888888888888884,0.7342703592703592,0.46153846153846156,0.0,0.602528378367424,0.6751659959554672,0.05230024363845587,0.21475988626480103,0.0,0.0,0.0,0.0,0.0,18473,global,0.0
2,4,lr1e-05_bs16_drop0p2_temp2p0_a0p25_b0p05__wd1e-04trmiss0_degmodglobal,16,1e-05,0.0001,0.2,2.0,0.25,0.05,lr1e-05_bs16_drop0p2_temp2p0_a0p25_b0p05__wd1e-04trmiss0_degmodglobal,14,0.7125889956951141,0.7264928817749023,0.41666666666666663,0.7413410663410664,0.46153846153846156,0.0,0.6003605723381042,0.6840236037969589,0.05875538568943739,0.2775309532880783,0.0,0.0,0.0,0.0,0.0,18473,global,0.0
2,4,lr1e-05_bs16_drop0p2_temp2p0_a0p25_b0p05__wd1e-04trmiss0_degmodglobal,16,1e-05,0.0001,0.2,2.0,0.25,0.05,lr1e-05_bs16_drop0p2_temp2p0_a0p25_b0p05__wd1e-04trmiss0_degmodglobal,15,0.7091473639011383,0.7272337675094604,0.4444444444444444,0.7480750730750731,0.46153846153846156,0.0,0.6157950013875961,0.6836634427309036,0.05124957952648401,0.2534307688474655,0.0,0.0,0.0,0.0,0.0,18473,global,0.0
2,4,lr1e-05_bs16_drop0p2_temp2p0_a0p25_b0p05__wd1e-04trmiss0_degmodglobal,16,1e-05,0.0001,0.2,2.0,0.25,0.05,lr1e-05_bs16_drop0p2_temp2p0_a0p25_b0p05__wd1e-04trmiss0_degmodglobal,16,0.7052734047174454,0.7276208400726318,0.4444444444444444,0.7480750730750731,0.46153846153846156,0.0,0.5926871448755264,0.6824089139699936,0.04825555766001344,0.21601208299398422,0.0,0.0,0.0,0.0,0.0,18473,global,0.0
2,4,lr1e-05_bs16_drop0p2_temp2p0_a0p25_b0p05__wd1e-04trmiss0_degmodglobal,16,1e-05,0.0001,0.2,2.0,0.25,0.05,lr1e-05_bs16_drop0p2_temp2p0_a0p25_b0p05__wd1e-04trmiss0_degmodglobal,17,0.7280467450618744,0.7304310202598572,0.38888888888888884,0.7342703592703592,0.46153846153846156,0.0,0.5745632201433182,0.7010811269283295,0.05668408144265413,0.255891852080822,0.0,0.0,0.0,0.0,0.0,18473,global,0.0
2,4,lr1e-05_bs16_drop0p2_temp2p0_a0p25_b0p05__wd1e-04trmiss0_degmodglobal,16,1e-05,0.0001,0.2,2.0,0.25,0.05,lr1e-05_bs16_drop0p2_temp2p0_a0p25_b0p05__wd1e-04trmiss0_degmodglobal,18,0.7219223231077194,0.737107515335083,0.3888888888888889,0.7246743996743996,0.46153846153846156,0.0,0.6019588857889175,0.6950448155403137,0.05548975523561239,0.26010119915008545,0.0,0.0,0.0,0.0,0.0,18473,global,0.0
2,4,lr1e-05_bs16_drop0p2_temp2p0_a0p25_b0p05__wd1e-04trmiss0_degmodglobal,16,1e-05,0.0001,0.2,2.0,0.25,0.05,lr1e-05_bs16_drop0p2_temp2p0_a0p25_b0p05__wd1e-04trmiss0_degmodglobal,19,0.7094736993312836,0.7337009310722351,0.38888888888888884,0.7342703592703592,0.46153846153846156,0.0,0.5634059384465218,0.679642915725708,0.06364905182272196,0.2783700115978718,0.0,0.0,0.0,0.0,0.0,18473,global,0.0
2,4,lr1e-05_bs16_drop0p2_temp2p0_a0p25_b0p05__wd1e-04trmiss0_degmodglobal,16,1e-05,0.0001,0.2,2.0,0.25,0.05,lr1e-05_bs16_drop0p2_temp2p0_a0p25_b0p05__wd1e-04trmiss0_degmodglobal,20,0.7190799564123154,0.728402853012085,0.41666666666666663,0.7413410663410664,0.46153846153846156,0.0,0.5815572142601013,0.688947319984436,0.06463791616261005,0.2794630080461502,0.0,0.0,0.0,0.0,0.0,18473,global,0.0
2,4,lr1e-05_bs16_drop0p2_temp2p0_a0p25_b0p05__wd1e-04trmiss0_degmodglobal,16,1e-05,0.0001,0.2,2.0,0.25,0.05,lr1e-05_bs16_drop0p2_temp2p0_a0p25_b0p05__wd1e-04trmiss0_degmodglobal,21,0.7311060428619385,0.7282122373580933,0.41666666666666663,0.7413410663410664,0.46153846153846156,0.0,0.5634397566318512,0.6983386725187302,0.0664032083004713,0.32333118468523026,0.0,0.0,0.0,0.0,0.0,18473,global,0.0
2,4,lr1e-05_bs16_drop0p2_temp2p0_a0p25_b0p05__wd1e-04trmiss0_degmodglobal,16,1e-05,0.0001,0.2,2.0,0.25,0.05,lr1e-05_bs16_drop0p2_temp2p0_a0p25_b0p05__wd1e-04trmiss0_degmodglobal,22,0.7192952632904053,0.7257069945335388,0.4444444444444444,0.7691188441188441,0.46153846153846156,0.0,0.5670462101697922,0.6898744702339172,0.06102410424500704,0.2832956463098526,0.0,0.0,0.0,0.0,0.0,18473,global,0.0
2,4,lr1e-05_bs16_drop0p2_temp2p0_a0p25_b0p05__wd1e-04trmiss0_degmodglobal,16,1e-05,0.0001,0.2,2.0,0.25,0.05,lr1e-05_bs16_drop0p2_temp2p0_a0p25_b0p05__wd1e-04trmiss0_degmodglobal,23,0.6950532495975494,0.7255702614784241,0.41666666666666663,0.7413410663410664,0.46153846153846156,0.0,0.5492328256368637,0.6652671098709106,0.06533649284392595,0.26904062926769257,0.0,0.0,0.0,0.0,0.0,18473,global,0.0
2,4,lr1e-05_bs16_drop0p2_temp2p0_a0p25_b0p05__wd1e-04trmiss0_degmodglobal,16,1e-05,0.0001,0.2,2.0,0.25,0.05,lr1e-05_bs16_drop0p2_temp2p0_a0p25_b0p05__wd1e-04trmiss0_degmodglobal,24,0.7255330830812454,0.7230493426322937,0.41666666666666663,0.7620481370481371,0.46153846153846156,0.0,0.5804050266742706,0.7003921419382095,0.05280294828116894,0.23880412429571152,0.0,0.0,0.0,0.0,0.0,18473,global,0.0
2,4,lr1e-05_bs16_drop0p2_temp2p0_a0p25_b0p05__wd1e-04trmiss0_degmodglobal,16,1e-05,0.0001,0.2,2.0,0.25,0.05,lr1e-05_bs16_drop0p2_temp2p0_a0p25_b0p05__wd1e-04trmiss0_degmodglobal,25,0.7520615607500076,0.7254348993301392,0.3888888888888889,0.7546407296407298,0.46153846153846156,0.0,0.5681027472019196,0.7225873172283173,0.056874641217291355,0.30511192232370377,0.0,0.0,0.0,0.0,0.0,18473,global,0.0
2,4,lr1e-05_bs16_drop0p4_temp1p0_a0p25_b0p05__wd1e-04trmiss0_degmodglobal,16,1e-05,0.0001,0.4,1.0,0.25,0.05,lr1e-05_bs16_drop0p4_temp1p0_a0p25_b0p05__wd1e-04trmiss0_degmodglobal,1,0.6861853003501892,0.6954948902130127,0.3333333333333333,0.6202972952972953,0.5384615384615384,0.0,0.680014356970787,0.6597754657268524,0.06832038518041372,0.18659472279250622,0.0,0.0,0.0,0.0,0.0,18473,global,0.0
2,4,lr1e-05_bs16_drop0p4_temp1p0_a0p25_b0p05__wd1e-04trmiss0_degmodglobal,16,1e-05,0.0001,0.4,1.0,0.25,0.05,lr1e-05_bs16_drop0p4_temp1p0_a0p25_b0p05__wd1e-04trmiss0_degmodglobal,2,0.7083550691604614,0.6983006000518799,0.3333333333333333,0.6202972952972953,0.5384615384615384,0.0,0.6726011782884598,0.6863409131765366,0.05754768010228872,0.15254503302276134,0.0,0.0,0.0,0.0,0.0,18473,global,0.0
2,4,lr1e-05_bs16_drop0p4_temp1p0_a0p25_b0p05__wd1e-04trmiss0_degmodglobal,16,1e-05,0.0001,0.4,1.0,0.25,0.05,lr1e-05_bs16_drop0p4_temp1p0_a0p25_b0p05__wd1e-04trmiss0_degmodglobal,3,0.7075461447238922,0.6991137266159058,0.3611111111111111,0.6308793058793059,0.5384615384615384,0.0,0.7142562568187714,0.6729570627212524,0.08151408191770315,0.28421132639050484,0.0,0.0,0.0,0.0,0.0,18473,global,0.0
2,4,lr1e-05_bs16_drop0p4_temp1p0_a0p25_b0p05__wd1e-04trmiss0_degmodglobal,16,1e-05,0.0001,0.4,1.0,0.25,0.05,lr1e-05_bs16_drop0p4_temp1p0_a0p25_b0p05__wd1e-04trmiss0_degmodglobal,4,0.7070862650871277,0.699780285358429,0.3611111111111111,0.6308793058793059,0.5384615384615384,0.0,0.6959343701601028,0.6755119413137436,0.07390049379318953,0.2619841806590557,0.0,0.0,0.0,0.0,0.0,18473,global,0.0
2,4,lr1e-05_bs16_drop0p4_temp1p0_a0p25_b0p05__wd1e-04trmiss0_degmodglobal,16,1e-05,0.0001,0.4,1.0,0.25,0.05,lr1e-05_bs16_drop0p4_temp1p0_a0p25_b0p05__wd1e-04trmiss0_degmodglobal,5,0.665666326880455,0.6997702121734619,0.3611111111111111,0.6308793058793059,0.6153846153846154,0.0,0.647593691945076,0.6363767236471176,0.08248874545097351,0.1733480766415596,0.0,0.0,0.0,0.0,0.0,18473,global,0.0
2,4,lr1e-05_bs16_drop0p4_temp1p0_a0p25_b0p05__wd1e-04trmiss0_degmodglobal,16,1e-05,0.0001,0.4,1.0,0.25,0.05,lr1e-05_bs16_drop0p4_temp1p0_a0p25_b0p05__wd1e-04trmiss0_degmodglobal,6,0.6882236748933792,0.6997232437133789,0.3611111111111111,0.6308793058793059,0.6153846153846154,0.0,0.6517546474933624,0.658706396818161,0.07306927163153887,0.2249989602714777,0.0,0.0,0.0,0.0,0.0,18473,global,0.0
2,4,lr1e-05_bs16_drop0p4_temp1p0_a0p25_b0p05__wd1e-04trmiss0_degmodglobal,16,1e-05,0.0001,0.4,1.0,0.25,0.05,lr1e-05_bs16_drop0p4_temp1p0_a0p25_b0p05__wd1e-04trmiss0_degmodglobal,7,0.7243526726961136,0.6953305602073669,0.38888888888888884,0.6493978243978243,0.6153846153846154,0.0,0.6462535113096237,0.692571148276329,0.07683058641850948,0.2514773812144995,0.0,0.0,0.0,0.0,0.0,18473,global,0.0
2,4,lr1e-05_bs16_drop0p4_temp1p0_a0p25_b0p05__wd1e-04trmiss0_degmodglobal,16,1e-05,0.0001,0.4,1.0,0.25,0.05,lr1e-05_bs16_drop0p4_temp1p0_a0p25_b0p05__wd1e-04trmiss0_degmodglobal,8,0.6466555893421173,0.6923360824584961,0.38888888888888884,0.6493978243978243,0.6153846153846154,0.0,0.6807147711515427,0.610663652420044,0.09847776591777802,0.22745033726096153,0.0,0.0,0.0,0.0,0.0,18473,global,0.0
2,4,lr1e-05_bs16_drop0p4_temp1p0_a0p25_b0p05__wd1e-04trmiss0_degmodglobal,16,1e-05,0.0001,0.4,1.0,0.25,0.05,lr1e-05_bs16_drop0p4_temp1p0_a0p25_b0p05__wd1e-04trmiss0_degmodglobal,9,0.6685929447412491,0.6936807036399841,0.38888888888888884,0.6493978243978243,0.6153846153846154,0.0,0.6580107659101486,0.6441095471382141,0.06269107107073069,0.17621257342398167,0.0,0.0,0.0,0.0,0.0,18473,global,0.0
2,4,lr1e-05_bs16_drop0p4_temp1p0_a0p25_b0p05__wd1e-04trmiss0_degmodglobal,16,1e-05,0.0001,0.4,1.0,0.25,0.05,lr1e-05_bs16_drop0p4_temp1p0_a0p25_b0p05__wd1e-04trmiss0_degmodglobal,10,0.6900438219308853,0.6959614753723145,0.38888888888888884,0.6493978243978243,0.6153846153846154,0.0,0.669103741645813,0.6630461663007736,0.07407498732209206,0.16957884188741446,0.0,0.0,0.0,0.0,0.0,18473,global,0.0
2,4,lr1e-05_bs16_drop0p4_temp1p0_a0p25_b0p05__wd1e-04trmiss0_degmodglobal,16,1e-05,0.0001,0.4,1.0,0.25,0.05,lr1e-05_bs16_drop0p4_temp1p0_a0p25_b0p05__wd1e-04trmiss0_degmodglobal,11,0.6931323856115341,0.6977673768997192,0.38888888888888884,0.6493978243978243,0.6153846153846154,0.0,0.642130047082901,0.6632895618677139,0.0757150324061513,0.21828139573335648,0.0,0.0,0.0,0.0,0.0,18473,global,0.0
2,4,lr1e-05_bs16_drop0p4_temp1p0_a0p25_b0p05__wd1e-04trmiss0_degmodglobal,16,1e-05,0.0001,0.4,1.0,0.25,0.05,lr1e-05_bs16_drop0p4_temp1p0_a0p25_b0p05__wd1e-04trmiss0_degmodglobal,12,0.6981806010007858,0.6979527473449707,0.38888888888888884,0.6493978243978243,0.6153846153846154,0.0,0.677105188369751,0.668020486831665,0.07785792276263237,0.2139132022857666,0.0,0.0,0.0,0.0,0.0,18473,global,0.0
2,4,lr1e-05_bs16_drop0p4_temp1p0_a0p25_b0p05__wd1e-04trmiss0_degmodglobal,16,1e-05,0.0001,0.4,1.0,0.25,0.05,lr1e-05_bs16_drop0p4_temp1p0_a0p25_b0p05__wd1e-04trmiss0_degmodglobal,13,0.7037070542573929,0.6979297995567322,0.38888888888888884,0.6493978243978243,0.6153846153846154,0.0,0.7077668905258179,0.6798029839992523,0.06120240828022361,0.17206928320229053,0.0,0.0,0.0,0.0,0.0,18473,global,0.0
2,4,lr1e-05_bs16_drop0p4_temp1p0_a0p25_b0p05__wd1e-04trmiss0_degmodglobal,16,1e-05,0.0001,0.4,1.0,0.25,0.05,lr1e-05_bs16_drop0p4_temp1p0_a0p25_b0p05__wd1e-04trmiss0_degmodglobal,14,0.6933232396841049,0.6989074349403381,0.36111111111111116,0.6426638176638176,0.6153846153846154,0.0,0.6482070684432983,0.6544810235500336,0.09164501260966063,0.31861909106373787,0.0,0.0,0.0,0.0,0.0,18473,global,0.0
2,4,lr1e-05_bs16_drop0p4_temp1p0_a0p25_b0p05__wd1e-04trmiss0_degmodglobal,16,1e-05,0.0001,0.4,1.0,0.25,0.05,lr1e-05_bs16_drop0p4_temp1p0_a0p25_b0p05__wd1e-04trmiss0_degmodglobal,15,0.6477246433496475,0.7014228105545044,0.38888888888888884,0.6493978243978243,0.6153846153846154,0.0,0.6523808091878891,0.6317295432090759,0.04234939767047763,0.1081548323854804,0.0,0.0,0.0,0.0,0.0,18473,global,0.0
2,4,lr1e-05_bs16_drop0p4_temp1p0_a0p25_b0p05__wd1e-04trmiss0_degmodglobal,16,1e-05,0.0001,0.4,1.0,0.25,0.05,lr1e-05_bs16_drop0p4_temp1p0_a0p25_b0p05__wd1e-04trmiss0_degmodglobal,16,0.6391841620206833,0.6993283629417419,0.38888888888888884,0.6493978243978243,0.6153846153846154,0.0,0.6132718473672867,0.6131348609924316,0.062210382893681526,0.209934301674366,0.0,0.0,0.0,0.0,0.0,18473,global,0.0
2,4,lr1e-05_bs16_drop0p4_temp1p0_a0p25_b0p05__wd1e-04trmiss0_degmodglobal,16,1e-05,0.0001,0.4,1.0,0.25,0.05,lr1e-05_bs16_drop0p4_temp1p0_a0p25_b0p05__wd1e-04trmiss0_degmodglobal,17,0.669142335653305,0.7019119262695312,0.3333333333333333,0.6202972952972953,0.6153846153846154,0.0,0.6572537571191788,0.645658552646637,0.06262634508311749,0.15654387697577477,0.0,0.0,0.0,0.0,0.0,18473,global,0.0
2,4,lr1e-05_bs16_drop0p4_temp1p0_a0p25_b0p05__wd1e-04trmiss0_degmodglobal,16,1e-05,0.0001,0.4,1.0,0.25,0.05,lr1e-05_bs16_drop0p4_temp1p0_a0p25_b0p05__wd1e-04trmiss0_degmodglobal,18,0.6759210526943207,0.703088641166687,0.3333333333333333,0.6202972952972953,0.6153846153846154,0.0,0.6394961625337601,0.6532200276851654,0.06449066568166018,0.13156671449542046,0.0,0.0,0.0,0.0,0.0,18473,global,0.0
2,4,lr1e-05_bs16_drop0p4_temp1p0_a0p25_b0p05__wd1e-04trmiss0_degmodglobal,16,1e-05,0.0001,0.4,1.0,0.25,0.05,lr1e-05_bs16_drop0p4_temp1p0_a0p25_b0p05__wd1e-04trmiss0_degmodglobal,19,0.6675592064857483,0.7036945819854736,0.3055555555555556,0.6135632885632886,0.6153846153846154,0.0,0.6546914279460907,0.6388018727302551,0.07293998636305332,0.2104472666978836,0.0,0.0,0.0,0.0,0.0,18473,global,0.0
2,4,lr1e-05_bs16_drop0p4_temp1p0_a0p25_b0p05__wd1e-04trmiss0_degmodglobal,16,1e-05,0.0001,0.4,1.0,0.25,0.05,lr1e-05_bs16_drop0p4_temp1p0_a0p25_b0p05__wd1e-04trmiss0_degmodglobal,20,0.691894605755806,0.7004650235176086,0.33333333333333337,0.6320818070818071,0.6153846153846154,0.0,0.6593111306428909,0.6615042239427567,0.0799845289438963,0.20788522250950336,0.0,0.0,0.0,0.0,0.0,18473,global,0.0
2,4,lr1e-05_bs16_drop0p4_temp1p0_a0p25_b0p05__wd1e-04trmiss0_degmodglobal,16,1e-05,0.0001,0.4,1.0,0.25,0.05,lr1e-05_bs16_drop0p4_temp1p0_a0p25_b0p05__wd1e-04trmiss0_degmodglobal,21,0.6745337247848511,0.7043256163597107,0.33333333333333337,0.6320818070818071,0.6153846153846154,0.0,0.6337815225124359,0.6523064374923706,0.05658226367086172,0.16163456067442894,0.0,0.0,0.0,0.0,0.0,18473,global,0.0
2,4,lr1e-05_bs16_drop0p4_temp1p0_a0p25_b0p05__wd1e-04trmiss0_degmodglobal,16,1e-05,0.0001,0.4,1.0,0.25,0.05,lr1e-05_bs16_drop0p4_temp1p0_a0p25_b0p05__wd1e-04trmiss0_degmodglobal,22,0.6295522004365921,0.708660364151001,0.33333333333333337,0.6320818070818071,0.6153846153846154,0.0,0.6136209964752197,0.6066446602344513,0.05523359403014183,0.18198267742991447,0.0,0.0,0.0,0.0,0.0,18473,global,0.0
2,4,lr1e-05_bs16_drop0p4_temp1p0_a0p25_b0p05__wd1e-04trmiss0_degmodglobal,16,1e-05,0.0001,0.4,1.0,0.25,0.05,lr1e-05_bs16_drop0p4_temp1p0_a0p25_b0p05__wd1e-04trmiss0_degmodglobal,23,0.6534412056207657,0.7105684280395508,0.33333333333333337,0.6320818070818071,0.5384615384615384,0.0,0.6035205274820328,0.62974613904953,0.05818478390574455,0.18297743145376444,0.0,0.0,0.0,0.0,0.0,18473,global,0.0
2,4,lr1e-05_bs16_drop0p4_temp1p0_a0p25_b0p05__wd1e-04trmiss0_degmodglobal,16,1e-05,0.0001,0.4,1.0,0.25,0.05,lr1e-05_bs16_drop0p4_temp1p0_a0p25_b0p05__wd1e-04trmiss0_degmodglobal,24,0.6477029472589493,0.7117806673049927,0.3055555555555556,0.6135632885632886,0.5384615384615384,0.0,0.6685312390327454,0.6147714853286743,0.08265084773302078,0.24537519738078117,0.0,0.0,0.0,0.0,0.0,18473,global,0.0
2,4,lr1e-05_bs16_drop0p4_temp1p0_a0p25_b0p05__wd1e-04trmiss0_degmodglobal,16,1e-05,0.0001,0.4,1.0,0.25,0.05,lr1e-05_bs16_drop0p4_temp1p0_a0p25_b0p05__wd1e-04trmiss0_degmodglobal,25,0.6772951185703278,0.7095142006874084,0.3333333333333333,0.6202972952972953,0.5384615384615384,0.0,0.65308578312397,0.6464654952287674,0.07519430015236139,0.24062031507492065,0.0,0.0,0.0,0.0,0.0,18473,global,0.0
2,4,lr1e-05_bs16_drop0p4_temp1p0_a0p25_b0p05__wd1e-04trmiss0_degmodglobal,16,1e-05,0.0001,0.4,1.0,0.25,0.05,lr1e-05_bs16_drop0p4_temp1p0_a0p25_b0p05__wd1e-04trmiss0_degmodglobal,26,0.6479451358318329,0.7110833525657654,0.3333333333333333,0.6202972952972953,0.5384615384615384,0.0,0.6393099278211594,0.623576745390892,0.06756662391126156,0.1495348047465086,0.0,0.0,0.0,0.0,0.0,18473,global,0.0
2,4,lr1e-05_bs16_drop0p4_temp1p0_a0p25_b0p05__wd1e-04trmiss0_degmodglobal,16,1e-05,0.0001,0.4,1.0,0.25,0.05,lr1e-05_bs16_drop0p4_temp1p0_a0p25_b0p05__wd1e-04trmiss0_degmodglobal,27,0.6644177436828613,0.7098752856254578,0.36111111111111105,0.6388158138158138,0.5384615384615384,0.0,0.6148592829704285,0.6363378763198853,0.07531748060137033,0.18500978499650955,0.0,0.0,0.0,0.0,0.0,18473,global,0.0
2,4,lr1e-05_bs16_drop0p4_temp1p0_a0p25_b0p05__wd1e-04trmiss0_degmodglobal,16,1e-05,0.0001,0.4,1.0,0.25,0.05,lr1e-05_bs16_drop0p4_temp1p0_a0p25_b0p05__wd1e-04trmiss0_degmodglobal,28,0.6619810611009598,0.7071646451950073,0.33333333333333337,0.6320818070818071,0.5384615384615384,0.0,0.6061122566461563,0.6310751438140869,0.08566796220839024,0.18977808766067028,0.0,0.0,0.0,0.0,0.0,18473,global,0.0
2,4,lr1e-05_bs16_drop0p4_temp2p0_a0p25_b0p05__wd1e-04trmiss0_degmodglobal,16,1e-05,0.0001,0.4,2.0,0.25,0.05,lr1e-05_bs16_drop0p4_temp2p0_a0p25_b0p05__wd1e-04trmiss0_degmodglobal,1,0.6928055882453918,0.6545434594154358,0.5555555555555556,0.762025012025012,0.6923076923076923,0.0,0.7587581723928452,0.6731852144002914,0.05018754955381155,0.14146977476775646,0.0,0.0,0.0,0.0,0.0,18473,global,0.0
2,4,lr1e-05_bs16_drop0p4_temp2p0_a0p25_b0p05__wd1e-04trmiss0_degmodglobal,16,1e-05,0.0001,0.4,2.0,0.25,0.05,lr1e-05_bs16_drop0p4_temp2p0_a0p25_b0p05__wd1e-04trmiss0_degmodglobal,2,0.6944863349199295,0.6513810157775879,0.5555555555555556,0.762025012025012,0.6923076923076923,0.0,0.7370305955410004,0.6586135178804398,0.08092022407799959,0.31285517290234566,0.0,0.0,0.0,0.0,0.0,18473,global,0.0
2,4,lr1e-05_bs16_drop0p4_temp2p0_a0p25_b0p05__wd1e-04trmiss0_degmodglobal,16,1e-05,0.0001,0.4,2.0,0.25,0.05,lr1e-05_bs16_drop0p4_temp2p0_a0p25_b0p05__wd1e-04trmiss0_degmodglobal,3,0.6913859695196152,0.648937463760376,0.5833333333333333,0.7752525252525253,0.6923076923076923,0.0,0.7210049778223038,0.6700321137905121,0.05146312713623047,0.16976160369813442,0.0,0.0,0.0,0.0,0.0,18473,global,0.0
2,4,lr1e-05_bs16_drop0p4_temp2p0_a0p25_b0p05__wd1e-04trmiss0_degmodglobal,16,1e-05,0.0001,0.4,2.0,0.25,0.05,lr1e-05_bs16_drop0p4_temp2p0_a0p25_b0p05__wd1e-04trmiss0_degmodglobal,4,0.7526288032531738,0.6509677767753601,0.5555555555555556,0.762025012025012,0.6923076923076923,0.0,0.7383811771869659,0.7186080515384674,0.0807539988309145,0.2766447849571705,0.0,0.0,0.0,0.0,0.0,18473,global,0.0
2,4,lr1e-05_bs16_drop0p4_temp2p0_a0p25_b0p05__wd1e-04trmiss0_degmodglobal,16,1e-05,0.0001,0.4,2.0,0.25,0.05,lr1e-05_bs16_drop0p4_temp2p0_a0p25_b0p05__wd1e-04trmiss0_degmodglobal,5,0.6897983998060226,0.6487967371940613,0.5555555555555556,0.762025012025012,0.6923076923076923,0.0,0.6914362609386444,0.662005677819252,0.07290239725261927,0.19134224206209183,0.0,0.0,0.0,0.0,0.0,18473,global,0.0
2,4,lr1e-05_bs16_drop0p4_temp2p0_a0p25_b0p05__wd1e-04trmiss0_degmodglobal,16,1e-05,0.0001,0.4,2.0,0.25,0.05,lr1e-05_bs16_drop0p4_temp2p0_a0p25_b0p05__wd1e-04trmiss0_degmodglobal,6,0.7003200799226761,0.649620532989502,0.5555555555555556,0.762025012025012,0.6923076923076923,0.0,0.7154473960399628,0.6777430176734924,0.05568323191255331,0.17312540113925934,0.0,0.0,0.0,0.0,0.0,18473,global,0.0
2,4,lr1e-05_bs16_drop0p4_temp2p0_a0p25_b0p05__wd1e-04trmiss0_degmodglobal,16,1e-05,0.0001,0.4,2.0,0.25,0.05,lr1e-05_bs16_drop0p4_temp2p0_a0p25_b0p05__wd1e-04trmiss0_degmodglobal,7,0.7141138017177582,0.648631751537323,0.5555555555555556,0.762025012025012,0.6923076923076923,0.0,0.7013603448867798,0.6955368965864182,0.0463401242159307,0.13983763195574284,0.0,0.0,0.0,0.0,0.0,18473,global,0.0
2,4,lr1e-05_bs16_drop0p4_temp2p0_a0p25_b0p05__wd1e-04trmiss0_degmodglobal,16,1e-05,0.0001,0.4,2.0,0.25,0.05,lr1e-05_bs16_drop0p4_temp2p0_a0p25_b0p05__wd1e-04trmiss0_degmodglobal,8,0.6707454174757004,0.6528164148330688,0.5555555555555556,0.762025012025012,0.6923076923076923,0.0,0.651145800948143,0.6505757719278336,0.05012014601379633,0.1527918167412281,0.0,0.0,0.0,0.0,0.0,18473,global,0.0
2,4,lr1e-05_bs16_drop0p4_temp2p0_a0p25_b0p05__wd1e-04trmiss0_degmodglobal,16,1e-05,0.0001,0.4,2.0,0.25,0.05,lr1e-05_bs16_drop0p4_temp2p0_a0p25_b0p05__wd1e-04trmiss0_degmodglobal,9,0.7200159728527069,0.6539737582206726,0.5555555555555556,0.762025012025012,0.6923076923076923,0.0,0.6915505528450012,0.6887979656457901,0.0835655527189374,0.20653263852000237,0.0,0.0,0.0,0.0,0.0,18473,global,0.0
2,4,lr1e-05_bs16_drop0p4_temp2p0_a0p25_b0p05__wd1e-04trmiss0_degmodglobal,16,1e-05,0.0001,0.4,2.0,0.25,0.05,lr1e-05_bs16_drop0p4_temp2p0_a0p25_b0p05__wd1e-04trmiss0_degmodglobal,10,0.7218033522367477,0.6529421210289001,0.5277777777777778,0.7527657527657527,0.6923076923076923,0.0,0.7048494517803192,0.698293998837471,0.06551248952746391,0.1426251456141472,0.0,0.0,0.0,0.0,0.0,18473,global,0.0
2,4,lr1e-05_bs16_drop0p4_temp2p0_a0p25_b0p05__wd1e-04trmiss0_degmodglobal,16,1e-05,0.0001,0.4,2.0,0.25,0.05,lr1e-05_bs16_drop0p4_temp2p0_a0p25_b0p05__wd1e-04trmiss0_degmodglobal,11,0.6618516743183136,0.652150571346283,0.5277777777777778,0.7527657527657527,0.6923076923076923,0.0,0.7298167943954468,0.6402762234210968,0.05293696839362383,0.16682463698089123,0.0,0.0,0.0,0.0,0.0,18473,global,0.0
2,4,lr1e-05_bs16_drop0p4_temp2p0_a0p25_b0p05__wd1e-04trmiss0_degmodglobal,16,1e-05,0.0001,0.4,2.0,0.25,0.05,lr1e-05_bs16_drop0p4_temp2p0_a0p25_b0p05__wd1e-04trmiss0_degmodglobal,12,0.6434691101312637,0.6522720456123352,0.5277777777777778,0.7527657527657527,0.6923076923076923,0.0,0.6686370968818665,0.6198201775550842,0.05812372546643019,0.18235987052321434,0.0,0.0,0.0,0.0,0.0,18473,global,0.0
2,4,lr1e-05_bs16_drop0p4_temp2p0_a0p25_b0p05__wd1e-04trmiss0_degmodglobal,16,1e-05,0.0001,0.4,2.0,0.25,0.05,lr1e-05_bs16_drop0p4_temp2p0_a0p25_b0p05__wd1e-04trmiss0_degmodglobal,13,0.7490780800580978,0.650172233581543,0.5277777777777778,0.7527657527657527,0.6923076923076923,0.0,0.6690864413976669,0.7172551304101944,0.07560495473444462,0.25843391567468643,0.0,0.0,0.0,0.0,0.0,18473,global,0.0
2,4,lr1e-05_bs16_drop0p4_temp2p0_a0p25_b0p05__wd1e-04trmiss0_degmodglobal,16,1e-05,0.0001,0.4,2.0,0.25,0.05,lr1e-05_bs16_drop0p4_temp2p0_a0p25_b0p05__wd1e-04trmiss0_degmodglobal,14,0.6733768582344055,0.6483022570610046,0.5277777777777778,0.7527657527657527,0.6923076923076923,0.0,0.6805570721626282,0.6534315347671509,0.051890527829527855,0.139454185962677,0.0,0.0,0.0,0.0,0.0,18473,global,0.0
2,4,lr1e-05_bs16_drop0p4_temp2p0_a0p25_b0p05__wd1e-04trmiss0_degmodglobal,16,1e-05,0.0001,0.4,2.0,0.25,0.05,lr1e-05_bs16_drop0p4_temp2p0_a0p25_b0p05__wd1e-04trmiss0_degmodglobal,15,0.6692726165056229,0.6504083871841431,0.5277777777777778,0.7527657527657527,0.6923076923076923,0.0,0.6533619910478592,0.6484074741601944,0.055740684270858765,0.13859966211020947,0.0,0.0,0.0,0.0,0.0,18473,global,0.0
2,4,lr1e-05_bs16_drop0p4_temp2p0_a0p25_b0p05__wd1e-04trmiss0_degmodglobal,16,1e-05,0.0001,0.4,2.0,0.25,0.05,lr1e-05_bs16_drop0p4_temp2p0_a0p25_b0p05__wd1e-04trmiss0_degmodglobal,16,0.6891828030347824,0.6527730822563171,0.5,0.7379509379509379,0.6923076923076923,0.0,0.6693284064531326,0.6647025942802429,0.06457904633134604,0.16670868918299675,0.0,0.0,0.0,0.0,0.0,18473,global,0.0
2,4,lr1e-05_bs16_drop0p4_temp2p0_a0p25_b0p05__wd1e-04trmiss0_degmodglobal,16,1e-05,0.0001,0.4,2.0,0.25,0.05,lr1e-05_bs16_drop0p4_temp2p0_a0p25_b0p05__wd1e-04trmiss0_degmodglobal,17,0.6697577387094498,0.6489419341087341,0.5277777777777777,0.7472101972101972,0.6923076923076923,0.0,0.6744275838136673,0.6444427222013474,0.058221789076924324,0.2151910439133644,0.0,0.0,0.0,0.0,0.0,18473,global,0.0
2,4,lr1e-05_bs16_drop0p4_temp2p0_a0p25_b0p05__wd1e-04trmiss0_degmodglobal,16,1e-05,0.0001,0.4,2.0,0.25,0.05,lr1e-05_bs16_drop0p4_temp2p0_a0p25_b0p05__wd1e-04trmiss0_degmodglobal,18,0.6803925037384033,0.6482126116752625,0.5277777777777777,0.7472101972101972,0.6923076923076923,0.0,0.6490944176912308,0.6609379649162292,0.049436964094638824,0.14190538227558136,0.0,0.0,0.0,0.0,0.0,18473,global,0.0
2,4,lr1e-05_bs16_drop0p4_temp2p0_a0p25_b0p05__wd1e-04trmiss0_degmodglobal,16,1e-05,0.0001,0.4,2.0,0.25,0.05,lr1e-05_bs16_drop0p4_temp2p0_a0p25_b0p05__wd1e-04trmiss0_degmodglobal,19,0.7179576903581619,0.6487761735916138,0.5277777777777777,0.7472101972101972,0.6153846153846154,0.0,0.6643105000257492,0.6803558617830276,0.0916080679744482,0.2939961217343807,0.0,0.0,0.0,0.0,0.0,18473,global,0.0
2,4,lr1e-05_bs16_drop0p4_temp2p0_a0p25_b0p05__wd1e-04trmiss0_degmodglobal,16,1e-05,0.0001,0.4,2.0,0.25,0.05,lr1e-05_bs16_drop0p4_temp2p0_a0p25_b0p05__wd1e-04trmiss0_degmodglobal,20,0.6872910112142563,0.6521406173706055,0.5277777777777777,0.7472101972101972,0.6153846153846154,0.0,0.6543687134981155,0.6588582396507263,0.07193592702969909,0.20897521823644638,0.0,0.0,0.0,0.0,0.0,18473,global,0.0
2,4,lr1e-05_bs16_drop0p4_temp2p0_a0p25_b0p05__wd1e-04trmiss0_degmodglobal,16,1e-05,0.0001,0.4,2.0,0.25,0.05,lr1e-05_bs16_drop0p4_temp2p0_a0p25_b0p05__wd1e-04trmiss0_degmodglobal,21,0.673404261469841,0.649904191493988,0.5277777777777777,0.7472101972101972,0.6153846153846154,0.0,0.6514483690261841,0.6583995372056961,0.0375318278092891,0.11243525240570307,0.0,0.0,0.0,0.0,0.0,18473,global,0.0
2,4,lr1e-05_bs16_drop0p4_temp2p0_a0p25_b0p05__wd1e-04trmiss0_degmodglobal,16,1e-05,0.0001,0.4,2.0,0.25,0.05,lr1e-05_bs16_drop0p4_temp2p0_a0p25_b0p05__wd1e-04trmiss0_degmodglobal,22,0.6673863530158997,0.6504380106925964,0.5277777777777777,0.7472101972101972,0.6153846153846154,0.0,0.6152594685554504,0.6467155516147614,0.052560011856257915,0.1506162560544908,0.0,0.0,0.0,0.0,0.0,18473,global,0.0
2,4,lr1e-05_bs16_drop0p4_temp2p0_a0p25_b0p05__wd1e-04trmiss0_degmodglobal,16,1e-05,0.0001,0.4,2.0,0.25,0.05,lr1e-05_bs16_drop0p4_temp2p0_a0p25_b0p05__wd1e-04trmiss0_degmodglobal,23,0.655137836933136,0.6501638889312744,0.5555555555555556,0.762025012025012,0.6153846153846154,0.0,0.6594888418912888,0.6304431855678558,0.05757030565291643,0.20604179054498672,0.0,0.0,0.0,0.0,0.0,18473,global,0.0
2,4,lr1e-05_bs16_drop0p4_temp2p0_a0p25_b0p05__wd1e-04trmiss0_degmodglobal,16,1e-05,0.0001,0.4,2.0,0.25,0.05,lr1e-05_bs16_drop0p4_temp2p0_a0p25_b0p05__wd1e-04trmiss0_degmodglobal,24,0.6476292461156845,0.647502601146698,0.5555555555555556,0.762025012025012,0.6153846153846154,0.0,0.6432609409093857,0.6217331290245056,0.06442009843885899,0.1958217709325254,0.0,0.0,0.0,0.0,0.0,18473,global,0.0
2,4,lr1e-05_bs16_drop0p4_temp2p0_a0p25_b0p05__wd1e-04trmiss0_degmodglobal,16,1e-05,0.0001,0.4,2.0,0.25,0.05,lr1e-05_bs16_drop0p4_temp2p0_a0p25_b0p05__wd1e-04trmiss0_degmodglobal,25,0.6834314614534378,0.6446404457092285,0.5555555555555556,0.762025012025012,0.6153846153846154,0.0,0.6481199264526367,0.6664910614490509,0.04436784842982888,0.11696916306391358,0.0,0.0,0.0,0.0,0.0,18473,global,0.0
2,4,lr1e-05_bs16_drop0p4_temp2p0_a0p25_b0p05__wd1e-04trmiss0_degmodglobal,16,1e-05,0.0001,0.4,2.0,0.25,0.05,lr1e-05_bs16_drop0p4_temp2p0_a0p25_b0p05__wd1e-04trmiss0_degmodglobal,26,0.6692978143692017,0.645045816898346,0.5833333333333333,0.7752525252525253,0.6153846153846154,0.0,0.6410316824913025,0.6399676501750946,0.07648243848234415,0.2041912693530321,0.0,0.0,0.0,0.0,0.0,18473,global,0.0
2,4,lr1e-05_bs16_drop0p4_temp2p0_a0p25_b0p05__wd1e-04trmiss0_degmodglobal,16,1e-05,0.0001,0.4,2.0,0.25,0.05,lr1e-05_bs16_drop0p4_temp2p0_a0p25_b0p05__wd1e-04trmiss0_degmodglobal,27,0.6381043195724487,0.6455313563346863,0.5833333333333333,0.7752525252525253,0.6153846153846154,0.0,0.6067535132169724,0.6139318197965622,0.06051117368042469,0.18089421093463898,0.0,0.0,0.0,0.0,0.0,18473,global,0.0
2,4,lr1e-05_bs16_drop0p4_temp2p0_a0p25_b0p05__wd1e-04trmiss0_degmodglobal,16,1e-05,0.0001,0.4,2.0,0.25,0.05,lr1e-05_bs16_drop0p4_temp2p0_a0p25_b0p05__wd1e-04trmiss0_degmodglobal,28,0.6648778021335602,0.646709680557251,0.5833333333333333,0.7752525252525253,0.6153846153846154,0.0,0.6479192674160004,0.6449007987976074,0.05232442170381546,0.1379180382937193,0.0,0.0,0.0,0.0,0.0,18473,global,0.0
2,4,lr1e-05_bs16_drop0p4_temp2p0_a0p25_b0p05__wd1e-04trmiss0_degmodglobal,16,1e-05,0.0001,0.4,2.0,0.25,0.05,lr1e-05_bs16_drop0p4_temp2p0_a0p25_b0p05__wd1e-04trmiss0_degmodglobal,29,0.6895855367183685,0.6487306952476501,0.5833333333333333,0.7752525252525253,0.6153846153846154,0.0,0.639191672205925,0.66342993080616,0.0693748714402318,0.17623808234930038,0.0,0.0,0.0,0.0,0.0,18473,global,0.0
2,4,lr1e-05_bs16_drop0p4_temp2p0_a0p25_b0p05__wd1e-04trmiss0_degmodglobal,16,1e-05,0.0001,0.4,2.0,0.25,0.05,lr1e-05_bs16_drop0p4_temp2p0_a0p25_b0p05__wd1e-04trmiss0_degmodglobal,30,0.7300726920366287,0.6477234363555908,0.5833333333333333,0.7752525252525253,0.6153846153846154,0.0,0.6853598356246948,0.7004421204328537,0.07207143865525723,0.23225431889295578,0.0,0.0,0.0,0.0,0.0,18473,global,0.0
2,4,lr1e-05_bs16_drop0p4_temp2p0_a0p25_b0p05__wd1e-04trmiss0_degmodglobal,16,1e-05,0.0001,0.4,2.0,0.25,0.05,lr1e-05_bs16_drop0p4_temp2p0_a0p25_b0p05__wd1e-04trmiss0_degmodglobal,31,0.6672852039337158,0.6472176909446716,0.5833333333333333,0.7752525252525253,0.6153846153846154,0.0,0.6447302997112274,0.6471571773290634,0.053045373409986496,0.13733354024589062,0.0,0.0,0.0,0.0,0.0,18473,global,0.0
2,4,lr1e-05_bs16_drop0p4_temp2p0_a0p25_b0p05__wd1e-04trmiss0_degmodglobal,16,1e-05,0.0001,0.4,2.0,0.25,0.05,lr1e-05_bs16_drop0p4_temp2p0_a0p25_b0p05__wd1e-04trmiss0_degmodglobal,32,0.6293212175369263,0.6482178568840027,0.5833333333333333,0.7752525252525253,0.6153846153846154,0.0,0.625224694609642,0.607577383518219,0.0539414593949914,0.16516957711428404,0.0,0.0,0.0,0.0,0.0,18473,global,0.0
2,4,lr1e-05_bs16_drop0p4_temp2p0_a0p25_b0p05__wd1e-04trmiss0_degmodglobal,16,1e-05,0.0001,0.4,2.0,0.25,0.05,lr1e-05_bs16_drop0p4_temp2p0_a0p25_b0p05__wd1e-04trmiss0_degmodglobal,33,0.6683540642261505,0.6456241607666016,0.5833333333333333,0.7752525252525253,0.6153846153846154,0.0,0.6077179163694382,0.6440182328224182,0.06895964965224266,0.1419182624667883,0.0,0.0,0.0,0.0,0.0,18473,global,0.0
2,4,lr1e-05_bs16_drop0p4_temp2p0_a0p25_b0p05__wd1e-04trmiss0_degmodglobal,16,1e-05,0.0001,0.4,2.0,0.25,0.05,lr1e-05_bs16_drop0p4_temp2p0_a0p25_b0p05__wd1e-04trmiss0_degmodglobal,34,0.6482339799404144,0.6447622179985046,0.6111111111111112,0.7871572871572872,0.6153846153846154,0.0,0.6413387805223465,0.6250498443841934,0.06358105689287186,0.1457776501774788,0.0,0.0,0.0,0.0,0.0,18473,global,0.0
2,4,lr1e-05_bs16_drop0p4_temp2p0_a0p25_b0p05__wd1e-04trmiss0_degmodglobal,16,1e-05,0.0001,0.4,2.0,0.25,0.05,lr1e-05_bs16_drop0p4_temp2p0_a0p25_b0p05__wd1e-04trmiss0_degmodglobal,35,0.6409844309091568,0.6447405815124512,0.6111111111111112,0.7871572871572872,0.6153846153846154,0.0,0.6111049652099609,0.6115821301937103,0.07607108540832996,0.20769109204411507,0.0,0.0,0.0,0.0,0.0,18473,global,0.0
2,4,lr1e-05_bs16_drop0p4_temp2p0_a0p25_b0p05__wd1e-04trmiss0_degmodglobal,16,1e-05,0.0001,0.4,2.0,0.25,0.05,lr1e-05_bs16_drop0p4_temp2p0_a0p25_b0p05__wd1e-04trmiss0_degmodglobal,36,0.6735105216503143,0.6448034644126892,0.5833333333333333,0.7752525252525253,0.6153846153846154,0.0,0.6551379263401031,0.6503902077674866,0.059319742023944855,0.16580748930573463,0.0,0.0,0.0,0.0,0.0,18473,global,0.0
2,4,lr1e-05_bs16_drop0p4_temp2p0_a0p25_b0p05__wd1e-04trmiss0_degmodglobal,16,1e-05,0.0001,0.4,2.0,0.25,0.05,lr1e-05_bs16_drop0p4_temp2p0_a0p25_b0p05__wd1e-04trmiss0_degmodglobal,37,0.6623097509145737,0.6483659744262695,0.5833333333333333,0.7752525252525253,0.6153846153846154,0.0,0.6208562254905701,0.6431327760219574,0.04592963680624962,0.15389139205217361,0.0,0.0,0.0,0.0,0.0,18473,global,0.0
2,4,lr1e-05_bs16_drop0p4_temp2p0_a0p25_b0p05__wd1e-04trmiss0_degmodglobal,16,1e-05,0.0001,0.4,2.0,0.25,0.05,lr1e-05_bs16_drop0p4_temp2p0_a0p25_b0p05__wd1e-04trmiss0_degmodglobal,38,0.6587475389242172,0.6506586074829102,0.5833333333333333,0.7752525252525253,0.5384615384615384,0.0,0.6061379909515381,0.6338091343641281,0.06609165109694004,0.1683095172047615,0.0,0.0,0.0,0.0,0.0,18473,global,0.0
2,4,lr1e-05_bs16_drop0p4_temp2p0_a0p25_b0p05__wd1e-04trmiss0_degmodglobal,16,1e-05,0.0001,0.4,2.0,0.25,0.05,lr1e-05_bs16_drop0p4_temp2p0_a0p25_b0p05__wd1e-04trmiss0_degmodglobal,39,0.6248462647199631,0.6467664837837219,0.5833333333333333,0.7752525252525253,0.6153846153846154,0.0,0.6277987062931061,0.600745439529419,0.059512631967663765,0.1844535432755947,0.0,0.0,0.0,0.0,0.0,18473,global,0.0
2,4,lr1e-05_bs16_drop0p4_temp2p0_a0p25_b0p05__wd1e-04trmiss0_degmodglobal,16,1e-05,0.0001,0.4,2.0,0.25,0.05,lr1e-05_bs16_drop0p4_temp2p0_a0p25_b0p05__wd1e-04trmiss0_degmodglobal,40,0.6565180271863937,0.6473758816719055,0.5833333333333333,0.7752525252525253,0.6153846153846154,0.0,0.6126824468374252,0.6388694643974304,0.045517797116190195,0.12538217450492084,0.0,0.0,0.0,0.0,0.0,18473,global,0.0
2,4,lr1e-05_bs16_drop0p4_temp2p0_a0p25_b0p05__wd1e-04trmiss0_degmodglobal,16,1e-05,0.0001,0.4,2.0,0.25,0.05,lr1e-05_bs16_drop0p4_temp2p0_a0p25_b0p05__wd1e-04trmiss0_degmodglobal,41,0.6475833356380463,0.6475151181221008,0.5833333333333333,0.7752525252525253,0.6153846153846154,0.0,0.6273244470357895,0.6310054212808609,0.04151062946766615,0.12400506250560284,0.0,0.0,0.0,0.0,0.0,18473,global,0.0
2,4,lr1e-05_bs16_drop0p4_temp2p0_a0p25_b0p05__wd1e-04trmiss0_degmodglobal,16,1e-05,0.0001,0.4,2.0,0.25,0.05,lr1e-05_bs16_drop0p4_temp2p0_a0p25_b0p05__wd1e-04trmiss0_degmodglobal,42,0.6404982507228851,0.6486444473266602,0.5555555555555556,0.765993265993266,0.6153846153846154,0.0,0.6179206520318985,0.6256456226110458,0.04101291950792074,0.0919876815751195,0.0,0.0,0.0,0.0,0.0,18473,global,0.0
2,4,lr1e-05_bs16_drop0p4_temp2p0_a0p25_b0p05__wd1e-04trmiss0_degmodglobal,16,1e-05,0.0001,0.4,2.0,0.25,0.05,lr1e-05_bs16_drop0p4_temp2p0_a0p25_b0p05__wd1e-04trmiss0_degmodglobal,43,0.6414081156253815,0.6464687585830688,0.5833333333333333,0.7752525252525253,0.6153846153846154,0.0,0.5649387761950493,0.6172520965337753,0.06520925927907228,0.15707429684698582,0.0,0.0,0.0,0.0,0.0,18473,global,0.0
2,4,lr1e-05_bs16_drop0p4_temp2p0_a0p25_b0p05__wd1e-04trmiss0_degmodglobal,16,1e-05,0.0001,0.4,2.0,0.25,0.05,lr1e-05_bs16_drop0p4_temp2p0_a0p25_b0p05__wd1e-04trmiss0_degmodglobal,44,0.654735267162323,0.6453139185905457,0.5833333333333333,0.7752525252525253,0.6153846153846154,0.0,0.6262197196483612,0.6338857561349869,0.05923638306558132,0.12080847471952438,0.0,0.0,0.0,0.0,0.0,18473,global,0.0
2,4,lr1e-05_bs16_drop0p4_temp2p0_a0p25_b0p05__wd1e-04trmiss0_degmodglobal,16,1e-05,0.0001,0.4,2.0,0.25,0.05,lr1e-05_bs16_drop0p4_temp2p0_a0p25_b0p05__wd1e-04trmiss0_degmodglobal,45,0.6781659573316574,0.644965410232544,0.5555555555555556,0.765993265993266,0.6153846153846154,0.0,0.6174343526363373,0.65288907289505,0.06877834722399712,0.16164593398571014,0.0,0.0,0.0,0.0,0.0,18473,global,0.0
2,4,lr1e-05_bs16_drop0p4_temp2p0_a0p25_b0p05__wd1e-04trmiss0_degmodglobal,16,1e-05,0.0001,0.4,2.0,0.25,0.05,lr1e-05_bs16_drop0p4_temp2p0_a0p25_b0p05__wd1e-04trmiss0_degmodglobal,46,0.6461623311042786,0.6493431329727173,0.5555555555555556,0.765993265993266,0.6153846153846154,0.0,0.609414592385292,0.6248452365398407,0.050588454119861126,0.17339984327554703,0.0,0.0,0.0,0.0,0.0,18473,global,0.0
2,4,lr1e-05_bs16_drop0p4_temp2p0_a0p25_b0p05__wd1e-04trmiss0_degmodglobal,16,1e-05,0.0001,0.4,2.0,0.25,0.05,lr1e-05_bs16_drop0p4_temp2p0_a0p25_b0p05__wd1e-04trmiss0_degmodglobal,47,0.6205136924982071,0.6503596901893616,0.5555555555555556,0.765993265993266,0.6153846153846154,0.0,0.6162716448307037,0.5960732847452164,0.06229452649131417,0.17733521200716496,0.0,0.0,0.0,0.0,0.0,18473,global,0.0
2,4,lr1e-05_bs16_drop0p4_temp2p0_a0p25_b0p05__wd1e-04trmiss0_degmodglobal,16,1e-05,0.0001,0.4,2.0,0.25,0.05,lr1e-05_bs16_drop0p4_temp2p0_a0p25_b0p05__wd1e-04trmiss0_degmodglobal,48,0.6583582013845444,0.6494758725166321,0.5555555555555556,0.765993265993266,0.6153846153846154,0.0,0.635632649064064,0.641411691904068,0.04040382895618677,0.13691104389727116,0.0,0.0,0.0,0.0,0.0,18473,global,0.0
2,4,lr1e-05_bs16_drop0p4_temp2p0_a0p25_b0p05__wd1e-04trmiss0_degmodglobal,16,1e-05,0.0001,0.4,2.0,0.25,0.05,lr1e-05_bs16_drop0p4_temp2p0_a0p25_b0p05__wd1e-04trmiss0_degmodglobal,49,0.6410476267337799,0.6493701338768005,0.5555555555555556,0.765993265993266,0.6153846153846154,0.0,0.6315595954656601,0.6161975711584091,0.06216712202876806,0.1861653532832861,0.0,0.0,0.0,0.0,0.0,18473,global,0.0
2,4,lr1e-05_bs16_drop0p4_temp2p0_a0p25_b0p05__wd1e-04trmiss0_degmodglobal,16,1e-05,0.0001,0.4,2.0,0.25,0.05,lr1e-05_bs16_drop0p4_temp2p0_a0p25_b0p05__wd1e-04trmiss0_degmodglobal,50,0.6460474729537964,0.6446846723556519,0.5833333333333333,0.7752525252525253,0.6153846153846154,0.0,0.5693780779838562,0.6154346615076065,0.07078475970774889,0.2583320178091526,0.0,0.0,0.0,0.0,0.0,18473,global,0.0
2,4,lr1e-05_bs16_drop0p4_temp2p0_a0p25_b0p05__wd1e-04trmiss0_degmodglobal,16,1e-05,0.0001,0.4,2.0,0.25,0.05,lr1e-05_bs16_drop0p4_temp2p0_a0p25_b0p05__wd1e-04trmiss0_degmodglobal,51,0.6669361740350723,0.6467316150665283,0.5833333333333333,0.7752525252525253,0.6153846153846154,0.0,0.6146497577428818,0.6454970091581345,0.051806689240038395,0.1697496362030506,0.0,0.0,0.0,0.0,0.0,18473,global,0.0
2,4,lr1e-05_bs16_drop0p4_temp2p0_a0p25_b0p05__wd1e-04trmiss0_degmodglobal,16,1e-05,0.0001,0.4,2.0,0.25,0.05,lr1e-05_bs16_drop0p4_temp2p0_a0p25_b0p05__wd1e-04trmiss0_degmodglobal,52,0.6646292954683304,0.6481884717941284,0.5833333333333333,0.7752525252525253,0.6153846153846154,0.0,0.6355743259191513,0.6349125057458878,0.06918611470609903,0.24840493872761726,0.0,0.0,0.0,0.0,0.0,18473,global,0.0
2,4,lr1e-05_bs16_drop0p4_temp2p0_a0p25_b0p05__wd1e-04trmiss0_degmodglobal,16,1e-05,0.0001,0.4,2.0,0.25,0.05,lr1e-05_bs16_drop0p4_temp2p0_a0p25_b0p05__wd1e-04trmiss0_degmodglobal,53,0.604704812169075,0.6477911472320557,0.5833333333333333,0.7752525252525253,0.6153846153846154,0.0,0.5901362001895905,0.587928980588913,0.04726852662861347,0.0991742080077529,0.0,0.0,0.0,0.0,0.0,18473,global,0.0
2,4,lr1e-05_bs16_drop0p4_temp2p0_a0p25_b0p05__wd1e-04trmiss0_degmodglobal,16,1e-05,0.0001,0.4,2.0,0.25,0.05,lr1e-05_bs16_drop0p4_temp2p0_a0p25_b0p05__wd1e-04trmiss0_degmodglobal,54,0.6099888980388641,0.6478665471076965,0.5833333333333333,0.7752525252525253,0.6153846153846154,0.0,0.6041480302810669,0.585223063826561,0.05918991286307573,0.1993674486875534,0.0,0.0,0.0,0.0,0.0,18473,global,0.0
2,4,lr1e-05_bs16_drop0p4_temp2p0_a0p25_b0p05__wd1e-04trmiss0_degmodglobal,16,1e-05,0.0001,0.4,2.0,0.25,0.05,lr1e-05_bs16_drop0p4_temp2p0_a0p25_b0p05__wd1e-04trmiss0_degmodglobal,55,0.6591576039791107,0.6500027775764465,0.5833333333333333,0.7752525252525253,0.5384615384615384,0.0,0.6006769388914108,0.6318623721599579,0.06865114066749811,0.20264872163534164,0.0,0.0,0.0,0.0,0.0,18473,global,0.0
2,5,lr1e-04_bs8_drop0p2_temp1p0_a0p25_b0p05__wd1e-04trmiss0_degmodglobal,8,0.0001,0.0001,0.2,1.0,0.25,0.05,lr1e-04_bs8_drop0p2_temp1p0_a0p25_b0p05__wd1e-04trmiss0_degmodglobal,1,0.7394681402615139,0.6969916224479675,0.41666666666666663,0.7007816257816257,0.38461538461538464,0.0,0.6739344596862793,0.7208070584705898,0.04631495475769043,0.14164705574512482,0.0,0.0,0.0,0.0,0.0,18473,global,0.0
2,5,lr1e-04_bs8_drop0p2_temp1p0_a0p25_b0p05__wd1e-04trmiss0_degmodglobal,8,0.0001,0.0001,0.2,1.0,0.25,0.05,lr1e-04_bs8_drop0p2_temp1p0_a0p25_b0p05__wd1e-04trmiss0_degmodglobal,2,0.6643610000610352,0.6820434629917145,0.5833333333333334,0.799062049062049,0.6153846153846154,0.0,0.6242691874504089,0.6437769361904689,0.049730041197368076,0.16303092241287231,0.0,0.0,0.0,0.0,0.0,18473,global,0.0
2,5,lr1e-04_bs8_drop0p2_temp1p0_a0p25_b0p05__wd1e-04trmiss0_degmodglobal,8,0.0001,0.0001,0.2,1.0,0.25,0.05,lr1e-04_bs8_drop0p2_temp1p0_a0p25_b0p05__wd1e-04trmiss0_degmodglobal,3,0.6697316425187247,0.6782672107219696,0.5833333333333333,0.8204295704295705,0.6153846153846154,0.0,0.6140624284744263,0.6539444753101894,0.041958795328225405,0.10594980684774262,0.0,0.0,0.0,0.0,0.0,18473,global,0.0
2,5,lr1e-04_bs8_drop0p2_temp1p0_a0p25_b0p05__wd1e-04trmiss0_degmodglobal,8,0.0001,0.0001,0.2,1.0,0.25,0.05,lr1e-04_bs8_drop0p2_temp1p0_a0p25_b0p05__wd1e-04trmiss0_degmodglobal,4,0.6370744620050702,0.6835265457630157,0.5277777777777777,0.7556147556147557,0.6153846153846154,0.0,0.6034848093986511,0.6154501097542899,0.05604560673236847,0.1522586356316294,0.0,0.0,0.0,0.0,0.0,18473,global,0.0
2,5,lr1e-04_bs8_drop0p2_temp1p0_a0p25_b0p05__wd1e-04trmiss0_degmodglobal,8,0.0001,0.0001,0.2,1.0,0.25,0.05,lr1e-04_bs8_drop0p2_temp1p0_a0p25_b0p05__wd1e-04trmiss0_degmodglobal,5,0.6439440165247236,0.682406485080719,0.5555555555555556,0.7642567309233976,0.6153846153846154,0.0,0.5494869095938546,0.6188626119068691,0.05804137459823063,0.21142087557486125,0.0,0.0,0.0,0.0,0.0,18473,global,0.0
2,5,lr1e-04_bs8_drop0p2_temp1p0_a0p25_b0p05__wd1e-04trmiss0_degmodglobal,8,0.0001,0.0001,0.2,1.0,0.25,0.05,lr1e-04_bs8_drop0p2_temp1p0_a0p25_b0p05__wd1e-04trmiss0_degmodglobal,6,0.594528044973101,0.682423859834671,0.5277777777777777,0.7494419161085828,0.6923076923076923,0.0,0.5517589279583522,0.5701495238712856,0.06848455167242459,0.14514748007059097,0.0,0.0,0.0,0.0,0.0,18473,global,0.0
2,5,lr1e-04_bs8_drop0p2_temp1p0_a0p25_b0p05__wd1e-04trmiss0_degmodglobal,8,0.0001,0.0001,0.2,1.0,0.25,0.05,lr1e-04_bs8_drop0p2_temp1p0_a0p25_b0p05__wd1e-04trmiss0_degmodglobal,7,0.6055922082492283,0.6875467002391815,0.5,0.7019671686338353,0.6923076923076923,0.0,0.5685311215264457,0.5866888931819371,0.05159138781683786,0.12010920367070607,0.0,0.0,0.0,0.0,0.0,18473,global,0.0
2,5,lr1e-04_bs8_drop0p2_temp1p0_a0p25_b0p05__wd1e-04trmiss0_degmodglobal,8,0.0001,0.0001,0.2,1.0,0.25,0.05,lr1e-04_bs8_drop0p2_temp1p0_a0p25_b0p05__wd1e-04trmiss0_degmodglobal,8,0.5952947820935931,0.669158935546875,0.611111111111111,0.7893890060556727,0.6923076923076923,0.0,0.5454767686980111,0.5804339732442584,0.04242596722074917,0.08508632225649697,0.0,0.0,0.0,0.0,0.0,18473,global,0.0
2,5,lr1e-04_bs8_drop0p2_temp1p0_a0p25_b0p05__wd1e-04trmiss0_degmodglobal,8,0.0001,0.0001,0.2,1.0,0.25,0.05,lr1e-04_bs8_drop0p2_temp1p0_a0p25_b0p05__wd1e-04trmiss0_degmodglobal,9,0.5778587801115853,0.6580141186714172,0.6388888888888888,0.8001914751914752,0.6923076923076923,0.0,0.5417497413499015,0.5648378644670758,0.037488142028450966,0.07297778315842152,0.0,0.0,0.0,0.0,0.0,18473,global,0.0
2,5,lr1e-04_bs8_drop0p2_temp1p0_a0p25_b0p05__wd1e-04trmiss0_degmodglobal,8,0.0001,0.0001,0.2,1.0,0.25,0.05,lr1e-04_bs8_drop0p2_temp1p0_a0p25_b0p05__wd1e-04trmiss0_degmodglobal,10,0.6024696741785321,0.6651948094367981,0.6111111111111112,0.7446359196359197,0.6153846153846154,0.0,0.550400802067348,0.5865128976958138,0.045409285596438816,0.09208877278225762,0.0,0.0,0.0,0.0,0.0,18473,global,0.0
2,5,lr1e-04_bs8_drop0p2_temp1p0_a0p25_b0p05__wd1e-04trmiss0_degmodglobal,8,0.0001,0.0001,0.2,1.0,0.25,0.05,lr1e-04_bs8_drop0p2_temp1p0_a0p25_b0p05__wd1e-04trmiss0_degmodglobal,11,0.5629743252481733,0.666902631521225,0.6388888888888888,0.8001914751914752,0.6153846153846154,0.0,0.5330210413251605,0.5495637612683433,0.037921840591090064,0.07860207624201264,0.0,0.0,0.0,0.0,0.0,18473,global,0.0
2,5,lr1e-04_bs8_drop0p2_temp1p0_a0p25_b0p05__wd1e-04trmiss0_degmodglobal,8,0.0001,0.0001,0.2,1.0,0.25,0.05,lr1e-04_bs8_drop0p2_temp1p0_a0p25_b0p05__wd1e-04trmiss0_degmodglobal,12,0.5881755096571786,0.6914906203746796,0.5277777777777778,0.7595830095830096,0.5384615384615384,0.0,0.5410249786717551,0.5750157918248858,0.03640184365212917,0.08118505882365364,0.0,0.0,0.0,0.0,0.0,18473,global,0.0
2,5,lr1e-04_bs8_drop0p2_temp1p0_a0p25_b0p05__wd1e-04trmiss0_degmodglobal,8,0.0001,0.0001,0.2,1.0,0.25,0.05,lr1e-04_bs8_drop0p2_temp1p0_a0p25_b0p05__wd1e-04trmiss0_degmodglobal,13,0.5675453203065055,0.6825502812862396,0.5833333333333333,0.782654999321666,0.6153846153846154,0.0,0.5319065834794726,0.55056545989854,0.050502829519765716,0.0870832654514483,0.0,0.0,0.0,0.0,0.0,18473,global,0.0
2,5,lr1e-04_bs8_drop0p2_temp1p0_a0p25_b0p05__wd1e-04trmiss0_degmodglobal,8,0.0001,0.0001,0.2,1.0,0.25,0.05,lr1e-04_bs8_drop0p2_temp1p0_a0p25_b0p05__wd1e-04trmiss0_degmodglobal,14,0.5781081744602748,0.6841011345386505,0.5833333333333333,0.782654999321666,0.6923076923076923,0.0,0.5568109367574964,0.5609727161271232,0.04907281590359552,0.09734510869852134,0.0,0.0,0.0,0.0,0.0,18473,global,0.0
2,5,lr1e-04_bs8_drop0p2_temp1p0_a0p25_b0p05__wd1e-04trmiss0_degmodglobal,8,0.0001,0.0001,0.2,1.0,0.25,0.05,lr1e-04_bs8_drop0p2_temp1p0_a0p25_b0p05__wd1e-04trmiss0_degmodglobal,15,0.5763055682182312,0.6856822073459625,0.5555555555555556,0.7707502374169042,0.6923076923076923,0.0,0.5238596711839948,0.5584878410611834,0.04603163365806852,0.126196258568338,0.0,0.0,0.0,0.0,0.0,18473,global,0.0
2,5,lr1e-04_bs8_drop0p2_temp1p0_a0p25_b0p05__wd1e-04trmiss0_degmodglobal,8,0.0001,0.0001,0.2,1.0,0.25,0.05,lr1e-04_bs8_drop0p2_temp1p0_a0p25_b0p05__wd1e-04trmiss0_degmodglobal,16,0.535792316709246,0.6798612475395203,0.6111111111111112,0.7446359196359197,0.6153846153846154,0.0,0.5163556294781821,0.5185696142060416,0.050062570454818864,0.09414103254675865,0.0,0.0,0.0,0.0,0.0,18473,global,0.0
2,5,lr1e-04_bs8_drop0p2_temp1p0_a0p25_b0p05__wd1e-04trmiss0_degmodglobal,8,0.0001,0.0001,0.2,1.0,0.25,0.05,lr1e-04_bs8_drop0p2_temp1p0_a0p25_b0p05__wd1e-04trmiss0_degmodglobal,17,0.5547366568020412,0.6720360517501831,0.6111111111111112,0.7934574684574685,0.6153846153846154,0.0,0.5195898583957127,0.5342792698315212,0.06144674601299422,0.10191407746502332,0.0,0.0,0.0,0.0,0.0,18473,global,0.0
2,5,lr1e-04_bs8_drop0p2_temp1p0_a0p25_b0p05__wd1e-04trmiss0_degmodglobal,8,0.0001,0.0001,0.2,1.0,0.25,0.05,lr1e-04_bs8_drop0p2_temp1p0_a0p25_b0p05__wd1e-04trmiss0_degmodglobal,18,0.5465444454124996,0.6736857891082764,0.6111111111111112,0.7446359196359197,0.6153846153846154,0.0,0.4827808950628553,0.5266172119549343,0.05096150455730302,0.1437374268259321,0.0,0.0,0.0,0.0,0.0,18473,global,0.0
2,5,lr1e-04_bs8_drop0p2_temp1p0_a0p25_b0p05__wd1e-04trmiss0_degmodglobal,8,0.0001,0.0001,0.2,1.0,0.25,0.05,lr1e-04_bs8_drop0p2_temp1p0_a0p25_b0p05__wd1e-04trmiss0_degmodglobal,19,0.5498407568250384,0.6841567158699036,0.5555555555555556,0.7251914751914752,0.6153846153846154,0.0,0.5300304038184029,0.5355789405958993,0.037761593503611426,0.09642852204186576,0.0,0.0,0.0,0.0,0.0,18473,global,0.0
2,5,lr1e-04_bs8_drop0p2_temp1p0_a0p25_b0p05__wd1e-04trmiss0_degmodglobal,8,0.0001,0.0001,0.2,1.0,0.25,0.05,lr1e-04_bs8_drop0p2_temp1p0_a0p25_b0p05__wd1e-04trmiss0_degmodglobal,20,0.5782577736037118,0.6876758635044098,0.5277777777777777,0.7132867132867133,0.6153846153846154,0.0,0.5429256856441498,0.5637780725955963,0.0458781218954495,0.06020393941019263,0.0,0.0,0.0,0.0,0.0,18473,global,0.0
2,5,lr1e-04_bs8_drop0p2_temp1p0_a0p25_b0p05__wd1e-04trmiss0_degmodglobal,8,0.0001,0.0001,0.2,1.0,0.25,0.05,lr1e-04_bs8_drop0p2_temp1p0_a0p25_b0p05__wd1e-04trmiss0_degmodglobal,21,0.5408390717847007,0.6797016561031342,0.5277777777777777,0.708701175367842,0.6153846153846154,0.0,0.5088245528084892,0.5265504888125828,0.042856273906571526,0.07149038197738784,0.0,0.0,0.0,0.0,0.0,18473,global,0.0
2,5,lr1e-04_bs8_drop0p2_temp1p0_a0p25_b0p05__wd1e-04trmiss0_degmodglobal,8,0.0001,0.0001,0.2,1.0,0.25,0.05,lr1e-04_bs8_drop0p2_temp1p0_a0p25_b0p05__wd1e-04trmiss0_degmodglobal,22,0.5257423136915479,0.6772899627685547,0.5277777777777777,0.7132867132867133,0.6923076923076923,0.0,0.4732870118958609,0.506261523280825,0.05489453513707433,0.11514299895082201,0.0,0.0,0.0,0.0,0.0,18473,global,0.0
2,5,lr1e-04_bs8_drop0p2_temp1p0_a0p25_b0p05__wd1e-04trmiss0_degmodglobal,8,0.0001,0.0001,0.2,1.0,0.25,0.05,lr1e-04_bs8_drop0p2_temp1p0_a0p25_b0p05__wd1e-04trmiss0_degmodglobal,23,0.5341444270951408,0.6821090877056122,0.49999999999999994,0.7000592000592001,0.6153846153846154,0.0,0.47936831627573284,0.5195754596165248,0.041718563331024985,0.08278658507125718,0.0,0.0,0.0,0.0,0.0,18473,global,0.0
2,5,lr1e-04_bs8_drop0p2_temp1p0_a0p25_b0p05__wd1e-04trmiss0_degmodglobal,8,0.0001,0.0001,0.2,1.0,0.25,0.05,lr1e-04_bs8_drop0p2_temp1p0_a0p25_b0p05__wd1e-04trmiss0_degmodglobal,24,0.5285950728825161,0.6824193894863129,0.5555555555555556,0.7251914751914752,0.6153846153846154,0.0,0.46016253743852886,0.5118447712489537,0.05002761871687004,0.08486789039203099,0.0,0.0,0.0,0.0,0.0,18473,global,0.0
2,5,lr1e-04_bs8_drop0p2_temp1p0_a0p25_b0p05__wd1e-04trmiss0_degmodglobal,8,0.0001,0.0001,0.2,1.0,0.25,0.05,lr1e-04_bs8_drop0p2_temp1p0_a0p25_b0p05__wd1e-04trmiss0_degmodglobal,25,0.5439647563866207,0.6842106580734253,0.5277777777777777,0.7132867132867133,0.6153846153846154,0.0,0.5160742444651467,0.5265241946492877,0.04899156918483121,0.10385351947375707,0.0,0.0,0.0,0.0,0.0,18473,global,0.0
2,5,lr1e-04_bs8_drop0p2_temp1p0_a0p25_b0p05__wd1e-04trmiss0_degmodglobal,8,0.0001,0.0001,0.2,1.0,0.25,0.05,lr1e-04_bs8_drop0p2_temp1p0_a0p25_b0p05__wd1e-04trmiss0_degmodglobal,26,0.523342422076634,0.6777985095977783,0.5555555555555556,0.7219286885953553,0.6153846153846154,0.0,0.47312967692102703,0.5069218618529183,0.046657217134322436,0.09512526169419289,0.0,0.0,0.0,0.0,0.0,18473,global,0.0
2,5,lr1e-04_bs8_drop0p2_temp1p0_a0p25_b0p05__wd1e-04trmiss0_degmodglobal,8,0.0001,0.0001,0.2,1.0,0.25,0.05,lr1e-04_bs8_drop0p2_temp1p0_a0p25_b0p05__wd1e-04trmiss0_degmodglobal,27,0.5160645203930991,0.6785027384757996,0.5555555555555556,0.7219286885953553,0.6153846153846154,0.0,0.4803328386374882,0.4991446222577776,0.04363286096070494,0.12023368238338403,0.0,0.0,0.0,0.0,0.0,18473,global,0.0
2,5,lr1e-04_bs8_drop0p2_temp1p0_a0p25_b0p05__wd1e-04trmiss0_degmodglobal,8,0.0001,0.0001,0.2,1.0,0.25,0.05,lr1e-04_bs8_drop0p2_temp1p0_a0p25_b0p05__wd1e-04trmiss0_degmodglobal,28,0.5354554866041455,0.6794551610946655,0.49999999999999994,0.6938863605530272,0.6153846153846154,0.0,0.4609022395951407,0.5137927574770791,0.05983488394745758,0.13408016626323974,0.0,0.0,0.0,0.0,0.0,18473,global,0.0
2,5,lr1e-04_bs8_drop0p2_temp1p0_a0p25_b0p05__wd1e-04trmiss0_degmodglobal,8,0.0001,0.0001,0.2,1.0,0.25,0.05,lr1e-04_bs8_drop0p2_temp1p0_a0p25_b0p05__wd1e-04trmiss0_degmodglobal,29,0.539257892540523,0.6721896231174469,0.5555555555555556,0.7642567309233976,0.6153846153846154,0.0,0.49103659817150663,0.5180907547473907,0.06269670969673566,0.10985897481441498,0.0,0.0,0.0,0.0,0.0,18473,global,0.0
2,5,lr1e-04_bs8_drop0p2_temp2p0_a0p25_b0p05__wd1e-04trmiss0_degmodglobal,8,0.0001,0.0001,0.2,2.0,0.25,0.05,lr1e-04_bs8_drop0p2_temp2p0_a0p25_b0p05__wd1e-04trmiss0_degmodglobal,1,0.6885631339890617,0.6706410944461823,0.7777777777777777,0.9094356261022929,0.6153846153846154,0.0,0.6863521337509155,0.6769798483167376,0.026852362789213657,0.09740376339427062,0.0,0.0,0.0,0.0,0.0,18473,global,0.0
2,5,lr1e-04_bs8_drop0p2_temp2p0_a0p25_b0p05__wd1e-04trmiss0_degmodglobal,8,0.0001,0.0001,0.2,2.0,0.25,0.05,lr1e-04_bs8_drop0p2_temp2p0_a0p25_b0p05__wd1e-04trmiss0_degmodglobal,2,0.6729310325213841,0.6614381074905396,0.6944444444444444,0.8882105548772217,0.6923076923076923,0.0,0.6282538345881871,0.6574320708002362,0.037357471750250885,0.12319201709968704,0.0,0.0,0.0,0.0,0.0,18473,global,0.0
2,5,lr1e-04_bs8_drop0p2_temp2p0_a0p25_b0p05__wd1e-04trmiss0_degmodglobal,8,0.0001,0.0001,0.2,2.0,0.25,0.05,lr1e-04_bs8_drop0p2_temp2p0_a0p25_b0p05__wd1e-04trmiss0_degmodglobal,3,0.6497462562152317,0.6565386950969696,0.7222222222222223,0.8990130240130241,0.6923076923076923,0.0,0.6082977993147713,0.636356600693294,0.03539890716118472,0.09079902938434056,0.0,0.0,0.0,0.0,0.0,18473,global,0.0
2,5,lr1e-04_bs8_drop0p2_temp2p0_a0p25_b0p05__wd1e-04trmiss0_degmodglobal,8,0.0001,0.0001,0.2,2.0,0.25,0.05,lr1e-04_bs8_drop0p2_temp2p0_a0p25_b0p05__wd1e-04trmiss0_degmodglobal,4,0.629827116216932,0.6569909751415253,0.6944444444444444,0.8804945054945057,0.6923076923076923,0.0,0.6212167143821716,0.6154531155313764,0.037250186183622906,0.10122956335544586,0.0,0.0,0.0,0.0,0.0,18473,global,0.0
2,5,lr1e-04_bs8_drop0p2_temp2p0_a0p25_b0p05__wd1e-04trmiss0_degmodglobal,8,0.0001,0.0001,0.2,2.0,0.25,0.05,lr1e-04_bs8_drop0p2_temp2p0_a0p25_b0p05__wd1e-04trmiss0_degmodglobal,5,0.6124330163002014,0.6579961776733398,0.6944444444444444,0.8804945054945057,0.7692307692307693,0.0,0.6021788546017238,0.5956759112221854,0.04354275017976761,0.11742832085915975,0.0,0.0,0.0,0.0,0.0,18473,global,0.0
2,5,lr1e-04_bs8_drop0p2_temp2p0_a0p25_b0p05__wd1e-04trmiss0_degmodglobal,8,0.0001,0.0001,0.2,2.0,0.25,0.05,lr1e-04_bs8_drop0p2_temp2p0_a0p25_b0p05__wd1e-04trmiss0_degmodglobal,6,0.6091258270399911,0.6621517241001129,0.6666666666666667,0.8696920363587031,0.6923076923076923,0.0,0.5946617381913322,0.5928285121917725,0.04122536815702915,0.11981950540627752,0.0,0.0,0.0,0.0,0.0,18473,global,0.0
2,5,lr1e-04_bs8_drop0p2_temp2p0_a0p25_b0p05__wd1e-04trmiss0_degmodglobal,8,0.0001,0.0001,0.2,2.0,0.25,0.05,lr1e-04_bs8_drop0p2_temp2p0_a0p25_b0p05__wd1e-04trmiss0_degmodglobal,7,0.585456201008388,0.6544092297554016,0.6944444444444444,0.8804945054945057,0.7692307692307693,0.0,0.5831878866468158,0.5729724679674421,0.031546019949018955,0.09194462214197431,0.0,0.0,0.0,0.0,0.0,18473,global,0.0
2,5,lr1e-04_bs8_drop0p2_temp2p0_a0p25_b0p05__wd1e-04trmiss0_degmodglobal,8,0.0001,0.0001,0.2,2.0,0.25,0.05,lr1e-04_bs8_drop0p2_temp2p0_a0p25_b0p05__wd1e-04trmiss0_degmodglobal,8,0.6143411993980408,0.6594375371932983,0.7222222222222223,0.8990130240130241,0.7692307692307693,0.0,0.5767503210476467,0.5980682373046875,0.04235702486974852,0.11367383599281311,0.0,0.0,0.0,0.0,0.0,18473,global,0.0
2,5,lr1e-04_bs8_drop0p2_temp2p0_a0p25_b0p05__wd1e-04trmiss0_degmodglobal,8,0.0001,0.0001,0.2,2.0,0.25,0.05,lr1e-04_bs8_drop0p2_temp2p0_a0p25_b0p05__wd1e-04trmiss0_degmodglobal,9,0.5839462109974453,0.6620915234088898,0.7222222222222223,0.8990130240130241,0.6923076923076923,0.0,0.5787482602255685,0.5733329824038914,0.02857219161731856,0.06940367831183332,0.0,0.0,0.0,0.0,0.0,18473,global,0.0
2,5,lr1e-04_bs8_drop0p2_temp2p0_a0p25_b0p05__wd1e-04trmiss0_degmodglobal,8,0.0001,0.0001,0.2,2.0,0.25,0.05,lr1e-04_bs8_drop0p2_temp2p0_a0p25_b0p05__wd1e-04trmiss0_degmodglobal,10,0.583641631262643,0.664706289768219,0.6944444444444444,0.8882105548772217,0.6923076923076923,0.0,0.5785671387399945,0.5717435479164124,0.03267666990203517,0.07457792279975754,0.0,0.0,0.0,0.0,0.0,18473,global,0.0
2,5,lr1e-04_bs8_drop0p2_temp2p0_a0p25_b0p05__wd1e-04trmiss0_degmodglobal,8,0.0001,0.0001,0.2,2.0,0.25,0.05,lr1e-04_bs8_drop0p2_temp2p0_a0p25_b0p05__wd1e-04trmiss0_degmodglobal,11,0.5827086397579738,0.6624347567558289,0.6666666666666667,0.8763057929724598,0.5384615384615384,0.0,0.5517809050423759,0.5685814533914838,0.03374446901891913,0.11382175875561577,0.0,0.0,0.0,0.0,0.0,18473,global,0.0
2,5,lr1e-04_bs8_drop0p2_temp2p0_a0p25_b0p05__wd1e-04trmiss0_degmodglobal,8,0.0001,0.0001,0.2,2.0,0.25,0.05,lr1e-04_bs8_drop0p2_temp2p0_a0p25_b0p05__wd1e-04trmiss0_degmodglobal,12,0.5627925651414054,0.6596287488937378,0.6666666666666667,0.8763057929724598,0.5384615384615384,0.0,0.5477300924914223,0.5519397812230247,0.027591915535075322,0.07909608100141798,0.0,0.0,0.0,0.0,0.0,18473,global,0.0
2,5,lr1e-04_bs8_drop0p2_temp2p0_a0p25_b0p05__wd1e-04trmiss0_degmodglobal,8,0.0001,0.0001,0.2,2.0,0.25,0.05,lr1e-04_bs8_drop0p2_temp2p0_a0p25_b0p05__wd1e-04trmiss0_degmodglobal,13,0.5572461571012225,0.6629054546356201,0.6666666666666667,0.8763057929724598,0.5384615384615384,0.0,0.5575940864426749,0.5441660625594003,0.03285497027848448,0.09732702001929283,0.0,0.0,0.0,0.0,0.0,18473,global,0.0
2,5,lr1e-04_bs8_drop0p2_temp2p0_a0p25_b0p05__wd1e-04trmiss0_degmodglobal,8,0.0001,0.0001,0.2,2.0,0.25,0.05,lr1e-04_bs8_drop0p2_temp2p0_a0p25_b0p05__wd1e-04trmiss0_degmodglobal,14,0.575261550290244,0.6579824984073639,0.6666666666666667,0.8763057929724598,0.6923076923076923,0.0,0.5466125862939017,0.564373254776001,0.03006403667054006,0.06744597453091826,0.0,0.0,0.0,0.0,0.0,18473,global,0.0
2,5,lr1e-04_bs8_drop0p2_temp2p0_a0p25_b0p05__wd1e-04trmiss0_degmodglobal,8,0.0001,0.0001,0.2,2.0,0.25,0.05,lr1e-04_bs8_drop0p2_temp2p0_a0p25_b0p05__wd1e-04trmiss0_degmodglobal,15,0.5293205380439758,0.6591475307941437,0.6666666666666667,0.8763057929724598,0.6923076923076923,0.0,0.5411972744124276,0.5131154145513263,0.03979040762143476,0.12515046234641755,0.0,0.0,0.0,0.0,0.0,18473,global,0.0
2,5,lr1e-04_bs8_drop0p2_temp2p0_a0p25_b0p05__wd1e-04trmiss0_degmodglobal,8,0.0001,0.0001,0.2,2.0,0.25,0.05,lr1e-04_bs8_drop0p2_temp2p0_a0p25_b0p05__wd1e-04trmiss0_degmodglobal,16,0.5606168253081185,0.6627708673477173,0.6666666666666667,0.8763057929724598,0.6153846153846154,0.0,0.5640979409217834,0.5454133663858686,0.0364147142640182,0.12199565236057554,0.0,0.0,0.0,0.0,0.0,18473,global,0.0
2,5,lr1e-04_bs8_drop0p2_temp2p0_a0p25_b0p05__wd1e-04trmiss0_degmodglobal,8,0.0001,0.0001,0.2,2.0,0.25,0.05,lr1e-04_bs8_drop0p2_temp2p0_a0p25_b0p05__wd1e-04trmiss0_degmodglobal,17,0.5481118048940387,0.6605196297168732,0.6666666666666667,0.8763057929724598,0.6153846153846154,0.0,0.56608498947961,0.5362825308527265,0.030141078467879976,0.08588017682944026,0.0,0.0,0.0,0.0,0.0,18473,global,0.0
2,5,lr1e-04_bs8_drop0p2_temp2p0_a0p25_b0p05__wd1e-04trmiss0_degmodglobal,8,0.0001,0.0001,0.2,2.0,0.25,0.05,lr1e-04_bs8_drop0p2_temp2p0_a0p25_b0p05__wd1e-04trmiss0_degmodglobal,18,0.5309124333517892,0.6617467999458313,0.6666666666666667,0.8763057929724598,0.6153846153846154,0.0,0.5196680852345058,0.5146734118461609,0.039604629789079936,0.12675717872168338,0.0,0.0,0.0,0.0,0.0,18473,global,0.0
2,5,lr1e-04_bs8_drop0p2_temp2p0_a0p25_b0p05__wd1e-04trmiss0_degmodglobal,8,0.0001,0.0001,0.2,2.0,0.25,0.05,lr1e-04_bs8_drop0p2_temp2p0_a0p25_b0p05__wd1e-04trmiss0_degmodglobal,19,0.5452257352215903,0.6603048145771027,0.6666666666666667,0.8763057929724598,0.5384615384615384,0.0,0.5493524244853428,0.5309830137661525,0.034729037433862686,0.11120929569005966,0.0,0.0,0.0,0.0,0.0,18473,global,0.0
2,5,lr1e-04_bs8_drop0p2_temp2p0_a0p25_b0p05__wd1e-04trmiss0_degmodglobal,8,0.0001,0.0001,0.2,2.0,0.25,0.05,lr1e-04_bs8_drop0p2_temp2p0_a0p25_b0p05__wd1e-04trmiss0_degmodglobal,20,0.5347665888922555,0.6559850573539734,0.6666666666666667,0.8763057929724598,0.5384615384615384,0.0,0.5327141923563821,0.5201771131583622,0.036840801526393206,0.10758564195462636,0.0,0.0,0.0,0.0,0.0,18473,global,0.0
2,5,lr1e-04_bs8_drop0p2_temp2p0_a0p25_b0p05__wd1e-04trmiss0_degmodglobal,8,0.0001,0.0001,0.2,2.0,0.25,0.05,lr1e-04_bs8_drop0p2_temp2p0_a0p25_b0p05__wd1e-04trmiss0_degmodglobal,21,0.5872989296913147,0.6591986119747162,0.6666666666666667,0.8763057929724598,0.5384615384615384,0.0,0.5564824385302407,0.5706672242709568,0.041006227156945636,0.1276030923639025,0.0,0.0,0.0,0.0,0.0,18473,global,0.0
2,5,lr1e-04_bs8_drop0p2_temp2p0_a0p25_b0p05__wd1e-04trmiss0_degmodglobal,8,0.0001,0.0001,0.2,2.0,0.25,0.05,lr1e-04_bs8_drop0p2_temp2p0_a0p25_b0p05__wd1e-04trmiss0_degmodglobal,22,0.5913498486791339,0.6551061272621155,0.6666666666666667,0.8763057929724598,0.6153846153846154,0.0,0.5619501301220485,0.5747976090226855,0.044990404908146174,0.10609320710812296,0.0,0.0,0.0,0.0,0.0,18473,global,0.0
2,5,lr1e-04_bs8_drop0p2_temp2p0_a0p25_b0p05__wd1e-04trmiss0_degmodglobal,8,0.0001,0.0001,0.2,2.0,0.25,0.05,lr1e-04_bs8_drop0p2_temp2p0_a0p25_b0p05__wd1e-04trmiss0_degmodglobal,23,0.5684780989374433,0.6583203971385956,0.6666666666666667,0.8696920363587031,0.6923076923076923,0.0,0.5259265729359218,0.549749378647123,0.047834526747465134,0.13540174492767879,0.0,0.0,0.0,0.0,0.0,18473,global,0.0
2,5,lr1e-04_bs8_drop0p2_temp2p0_a0p25_b0p05__wd1e-04trmiss0_degmodglobal,8,0.0001,0.0001,0.2,2.0,0.25,0.05,lr1e-04_bs8_drop0p2_temp2p0_a0p25_b0p05__wd1e-04trmiss0_degmodglobal,24,0.5496754263128553,0.6542194187641144,0.6666666666666667,0.8696920363587031,0.6923076923076923,0.0,0.5319879267896924,0.534121675150735,0.04131614949022021,0.10449459510190147,0.0,0.0,0.0,0.0,0.0,18473,global,0.0
2,5,lr1e-04_bs8_drop0p2_temp2p0_a0p25_b0p05__wd1e-04trmiss0_degmodglobal,8,0.0001,0.0001,0.2,2.0,0.25,0.05,lr1e-04_bs8_drop0p2_temp2p0_a0p25_b0p05__wd1e-04trmiss0_degmodglobal,25,0.5482135585376194,0.6514381468296051,0.6944444444444444,0.8804945054945057,0.6923076923076923,0.0,0.5301968242440905,0.5330513119697571,0.03936678809779031,0.10641098022460938,0.0,0.0,0.0,0.0,0.0,18473,global,0.0
2,5,lr1e-04_bs8_drop0p2_temp2p0_a0p25_b0p05__wd1e-04trmiss0_degmodglobal,8,0.0001,0.0001,0.2,2.0,0.25,0.05,lr1e-04_bs8_drop0p2_temp2p0_a0p25_b0p05__wd1e-04trmiss0_degmodglobal,26,0.5292775162628719,0.6541427671909332,0.6944444444444444,0.8804945054945057,0.6923076923076923,0.0,0.520569886480059,0.5135979609830039,0.043256946972438266,0.09730657935142517,0.0,0.0,0.0,0.0,0.0,18473,global,0.0
2,5,lr1e-04_bs8_drop0p2_temp2p0_a0p25_b0p05__wd1e-04trmiss0_degmodglobal,8,0.0001,0.0001,0.2,2.0,0.25,0.05,lr1e-04_bs8_drop0p2_temp2p0_a0p25_b0p05__wd1e-04trmiss0_degmodglobal,27,0.546300504888807,0.6578502953052521,0.6388888888888888,0.8577872744539412,0.5384615384615384,0.0,0.5206525794097355,0.5311013076986585,0.03852122330239841,0.11137808433600835,0.0,0.0,0.0,0.0,0.0,18473,global,0.0
2,5,lr1e-04_bs8_drop0p2_temp2p0_a0p25_b0p05__wd1e-04trmiss0_degmodglobal,8,0.0001,0.0001,0.2,2.0,0.25,0.05,lr1e-04_bs8_drop0p2_temp2p0_a0p25_b0p05__wd1e-04trmiss0_degmodglobal,28,0.5306205238614764,0.6581754088401794,0.7222222222222223,0.8990130240130241,0.6153846153846154,0.0,0.5307832487991878,0.5154123689447131,0.043439022664512904,0.08696785994938441,0.0,0.0,0.0,0.0,0.0,18473,global,0.0
2,5,lr1e-04_bs8_drop0p2_temp2p0_a0p25_b0p05__wd1e-04trmiss0_degmodglobal,8,0.0001,0.0001,0.2,2.0,0.25,0.05,lr1e-04_bs8_drop0p2_temp2p0_a0p25_b0p05__wd1e-04trmiss0_degmodglobal,29,0.540922577892031,0.6583578586578369,0.7222222222222223,0.8990130240130241,0.6153846153846154,0.0,0.5209298772471291,0.523576842887061,0.0405127757361957,0.1443506277033261,0.0,0.0,0.0,0.0,0.0,18473,global,0.0
2,5,lr1e-04_bs8_drop0p2_temp2p0_a0p25_b0p05__wd1e-04trmiss0_degmodglobal,8,0.0001,0.0001,0.2,2.0,0.25,0.05,lr1e-04_bs8_drop0p2_temp2p0_a0p25_b0p05__wd1e-04trmiss0_degmodglobal,30,0.5378018745354244,0.6570113301277161,0.7222222222222223,0.8990130240130241,0.7692307692307693,0.0,0.5081575385161808,0.5229277099881854,0.043089943538819044,0.08203386941126414,0.0,0.0,0.0,0.0,0.0,18473,global,0.0
2,5,lr1e-04_bs8_drop0p2_temp2p0_a0p25_b0p05__wd1e-04trmiss0_degmodglobal,8,0.0001,0.0001,0.2,2.0,0.25,0.05,lr1e-04_bs8_drop0p2_temp2p0_a0p25_b0p05__wd1e-04trmiss0_degmodglobal,31,0.542405537196568,0.6465730667114258,0.6944444444444444,0.8804945054945057,0.7692307692307693,0.0,0.5122101562363761,0.5290179465498243,0.03361642014767442,0.0996694809624127,0.0,0.0,0.0,0.0,0.0,18473,global,0.0
2,5,lr1e-04_bs8_drop0p2_temp2p0_a0p25_b0p05__wd1e-04trmiss0_degmodglobal,8,0.0001,0.0001,0.2,2.0,0.25,0.05,lr1e-04_bs8_drop0p2_temp2p0_a0p25_b0p05__wd1e-04trmiss0_degmodglobal,32,0.546277471951076,0.6465365290641785,0.6666666666666667,0.8582722832722833,0.6923076923076923,0.0,0.5039999272142138,0.528984716960362,0.04347677422421319,0.12847103817122324,0.0,0.0,0.0,0.0,0.0,18473,global,0.0
2,5,lr1e-04_bs8_drop0p2_temp2p0_a0p25_b0p05__wd1e-04trmiss0_degmodglobal,8,0.0001,0.0001,0.2,2.0,0.25,0.05,lr1e-04_bs8_drop0p2_temp2p0_a0p25_b0p05__wd1e-04trmiss0_degmodglobal,33,0.538251097713198,0.654015839099884,0.6666666666666667,0.8582722832722833,0.6923076923076923,0.0,0.4987127568040575,0.5253403655120304,0.037143869059426446,0.07249526573078972,0.0,0.0,0.0,0.0,0.0,18473,global,0.0
2,5,lr1e-04_bs8_drop0p2_temp2p0_a0p25_b0p05__wd1e-04trmiss0_degmodglobal,8,0.0001,0.0001,0.2,2.0,0.25,0.05,lr1e-04_bs8_drop0p2_temp2p0_a0p25_b0p05__wd1e-04trmiss0_degmodglobal,34,0.5237226486206055,0.6485845148563385,0.6944444444444444,0.8804945054945057,0.7692307692307693,0.0,0.4940821017537798,0.5086310718740735,0.0363025175673621,0.12031893751450948,0.0,0.0,0.0,0.0,0.0,18473,global,0.0
2,5,lr1e-04_bs8_drop0p2_temp2p0_a0p25_b0p05__wd1e-04trmiss0_degmodglobal,8,0.0001,0.0001,0.2,2.0,0.25,0.05,lr1e-04_bs8_drop0p2_temp2p0_a0p25_b0p05__wd1e-04trmiss0_degmodglobal,35,0.5384136140346527,0.6407301425933838,0.7222222222222223,0.8872285122285124,0.7692307692307693,0.0,0.5076864063739777,0.5210858242852348,0.045317261080656736,0.11996940523386002,0.0,0.0,0.0,0.0,0.0,18473,global,0.0
2,5,lr1e-04_bs8_drop0p2_temp2p0_a0p25_b0p05__wd1e-04trmiss0_degmodglobal,8,0.0001,0.0001,0.2,2.0,0.25,0.05,lr1e-04_bs8_drop0p2_temp2p0_a0p25_b0p05__wd1e-04trmiss0_degmodglobal,36,0.5206936853272575,0.6386693716049194,0.7222222222222223,0.8872285122285124,0.7692307692307693,0.0,0.48081269434520174,0.5058102437428066,0.03709780105522701,0.11217993018882615,0.0,0.0,0.0,0.0,0.0,18473,global,0.0
2,5,lr1e-04_bs8_drop0p2_temp2p0_a0p25_b0p05__wd1e-04trmiss0_degmodglobal,8,0.0001,0.0001,0.2,2.0,0.25,0.05,lr1e-04_bs8_drop0p2_temp2p0_a0p25_b0p05__wd1e-04trmiss0_degmodglobal,37,0.52444275362151,0.6356890201568604,0.7222222222222223,0.8872285122285124,0.7692307692307693,0.0,0.50153506227902,0.5095192577157702,0.03529365227690765,0.1220015042594501,0.0,0.0,0.0,0.0,0.0,18473,global,0.0
2,5,lr1e-04_bs8_drop0p2_temp2p0_a0p25_b0p05__wd1e-04trmiss0_degmodglobal,8,0.0001,0.0001,0.2,2.0,0.25,0.05,lr1e-04_bs8_drop0p2_temp2p0_a0p25_b0p05__wd1e-04trmiss0_degmodglobal,38,0.528749018907547,0.6346292197704315,0.7222222222222223,0.8872285122285124,0.7692307692307693,0.0,0.47169784562928335,0.5123458206653595,0.04048398429793971,0.12564425010766303,0.0,0.0,0.0,0.0,0.0,18473,global,0.0
2,5,lr1e-04_bs8_drop0p2_temp2p0_a0p25_b0p05__wd1e-04trmiss0_degmodglobal,8,0.0001,0.0001,0.2,2.0,0.25,0.05,lr1e-04_bs8_drop0p2_temp2p0_a0p25_b0p05__wd1e-04trmiss0_degmodglobal,39,0.5257299797875541,0.6332504451274872,0.7222222222222223,0.8990130240130241,0.7692307692307693,0.0,0.4808397207941328,0.5098749441759927,0.039797737396189144,0.11811198081289019,0.0,0.0,0.0,0.0,0.0,18473,global,0.0
2,5,lr1e-04_bs8_drop0p2_temp2p0_a0p25_b0p05__wd1e-04trmiss0_degmodglobal,8,0.0001,0.0001,0.2,2.0,0.25,0.05,lr1e-04_bs8_drop0p2_temp2p0_a0p25_b0p05__wd1e-04trmiss0_degmodglobal,40,0.5346702039241791,0.6385951936244965,0.6666666666666667,0.8582722832722833,0.7692307692307693,0.0,0.4729446598461696,0.5166411825588771,0.04723206588200161,0.12442014100296157,0.0,0.0,0.0,0.0,0.0,18473,global,0.0
2,5,lr1e-04_bs8_drop0p2_temp2p0_a0p25_b0p05__wd1e-04trmiss0_degmodglobal,8,0.0001,0.0001,0.2,2.0,0.25,0.05,lr1e-04_bs8_drop0p2_temp2p0_a0p25_b0p05__wd1e-04trmiss0_degmodglobal,41,0.5282033596720014,0.6457261741161346,0.6944444444444445,0.86500629000629,0.7692307692307693,0.0,0.4849740820271628,0.5117042490414211,0.045998858021838326,0.099988012441567,0.0,0.0,0.0,0.0,0.0,18473,global,0.0
2,5,lr1e-04_bs8_drop0p2_temp2p0_a0p25_b0p05__wd1e-04trmiss0_degmodglobal,8,0.0001,0.0001,0.2,2.0,0.25,0.05,lr1e-04_bs8_drop0p2_temp2p0_a0p25_b0p05__wd1e-04trmiss0_degmodglobal,42,0.5125865595681327,0.6420417726039886,0.7222222222222223,0.8872285122285124,0.7692307692307693,0.0,0.4675848696913038,0.4969183249132974,0.04147675500384399,0.10598091036081314,0.0,0.0,0.0,0.0,0.0,18473,global,0.0
2,5,lr1e-04_bs8_drop0p2_temp2p0_a0p25_b0p05__wd1e-04trmiss0_degmodglobal,8,0.0001,0.0001,0.2,2.0,0.25,0.05,lr1e-04_bs8_drop0p2_temp2p0_a0p25_b0p05__wd1e-04trmiss0_degmodglobal,43,0.511536602463041,0.6395927369594574,0.6944444444444445,0.86500629000629,0.7692307692307693,0.0,0.4615329546587808,0.49665231364113943,0.03985979461244175,0.0983868305172239,0.0,0.0,0.0,0.0,0.0,18473,global,0.0
2,5,lr1e-04_bs8_drop0p2_temp2p0_a0p25_b0p05__wd1e-04trmiss0_degmodglobal,8,0.0001,0.0001,0.2,2.0,0.25,0.05,lr1e-04_bs8_drop0p2_temp2p0_a0p25_b0p05__wd1e-04trmiss0_degmodglobal,44,0.5072265011923653,0.6414549648761749,0.6944444444444445,0.86500629000629,0.7692307692307693,0.0,0.4756512131009783,0.48962061745779856,0.04909825564495155,0.10662633606365748,0.0,0.0,0.0,0.0,0.0,18473,global,0.0
2,5,lr1e-04_bs8_drop0p2_temp2p0_a0p25_b0p05__wd1e-04trmiss0_degmodglobal,8,0.0001,0.0001,0.2,2.0,0.25,0.05,lr1e-04_bs8_drop0p2_temp2p0_a0p25_b0p05__wd1e-04trmiss0_degmodglobal,45,0.5353247693606785,0.6401087641716003,0.6944444444444445,0.86500629000629,0.7692307692307693,0.0,0.48542227915355135,0.516154021024704,0.05660090648702213,0.10041035232799393,0.0,0.0,0.0,0.0,0.0,18473,global,0.0
2,5,lr1e-04_bs8_drop0p2_temp2p0_a0p25_b0p05__wd1e-04trmiss0_degmodglobal,8,0.0001,0.0001,0.2,2.0,0.25,0.05,lr1e-04_bs8_drop0p2_temp2p0_a0p25_b0p05__wd1e-04trmiss0_degmodglobal,46,0.5063830273491996,0.6422412097454071,0.6944444444444445,0.86500629000629,0.7692307692307693,0.0,0.4756541635308947,0.4846374903406416,0.05844647490552494,0.14267838214124953,0.0,0.0,0.0,0.0,0.0,18473,global,0.0
2,5,lr1e-04_bs8_drop0p2_temp2p0_a0p25_b0p05__wd1e-04trmiss0_degmodglobal,8,0.0001,0.0001,0.2,2.0,0.25,0.05,lr1e-04_bs8_drop0p2_temp2p0_a0p25_b0p05__wd1e-04trmiss0_degmodglobal,47,0.5038886623723167,0.6409053802490234,0.6944444444444445,0.86500629000629,0.7692307692307693,0.0,0.4609868398734501,0.48373248321669443,0.05299869765128408,0.13813007303646632,0.0,0.0,0.0,0.0,0.0,18473,global,0.0
2,5,lr1e-04_bs8_drop0p2_temp2p0_a0p25_b0p05__wd1e-04trmiss0_degmodglobal,8,0.0001,0.0001,0.2,2.0,0.25,0.05,lr1e-04_bs8_drop0p2_temp2p0_a0p25_b0p05__wd1e-04trmiss0_degmodglobal,48,0.5293908715248108,0.6374630331993103,0.7222222222222223,0.8872285122285124,0.7692307692307693,0.0,0.46546000242233276,0.5032973502363477,0.07157290247934205,0.16400595328637532,0.0,0.0,0.0,0.0,0.0,18473,global,0.0
2,5,lr1e-04_bs8_drop0p2_temp2p0_a0p25_b0p05__wd1e-04trmiss0_degmodglobal,8,0.0001,0.0001,0.2,2.0,0.25,0.05,lr1e-04_bs8_drop0p2_temp2p0_a0p25_b0p05__wd1e-04trmiss0_degmodglobal,49,0.5200405163424355,0.6417282819747925,0.7222222222222223,0.8872285122285124,0.7692307692307693,0.0,0.4580764259610857,0.49906763434410095,0.05280078894325665,0.15545358508825302,0.0,0.0,0.0,0.0,0.0,18473,global,0.0
2,5,lr1e-04_bs8_drop0p2_temp2p0_a0p25_b0p05__wd1e-04trmiss0_degmodglobal,8,0.0001,0.0001,0.2,2.0,0.25,0.05,lr1e-04_bs8_drop0p2_temp2p0_a0p25_b0p05__wd1e-04trmiss0_degmodglobal,50,0.5126900928361076,0.6391147077083588,0.7222222222222223,0.8872285122285124,0.7692307692307693,0.0,0.44112615500177654,0.49089546714510235,0.058752592120851786,0.14212942336286818,0.0,0.0,0.0,0.0,0.0,18473,global,0.0
2,5,lr1e-04_bs8_drop0p2_temp2p0_a0p25_b0p05__wd1e-04trmiss0_degmodglobal,8,0.0001,0.0001,0.2,2.0,0.25,0.05,lr1e-04_bs8_drop0p2_temp2p0_a0p25_b0p05__wd1e-04trmiss0_degmodglobal,51,0.49833676644733976,0.6387917399406433,0.7222222222222223,0.8872285122285124,0.7692307692307693,0.0,0.4679017961025238,0.48446892840521677,0.03565789679331439,0.0990671409027917,0.0,0.0,0.0,0.0,0.0,18473,global,0.0
2,5,lr1e-04_bs8_drop0p2_temp2p0_a0p25_b0p05__wd1e-04trmiss0_degmodglobal,8,0.0001,0.0001,0.2,2.0,0.25,0.05,lr1e-04_bs8_drop0p2_temp2p0_a0p25_b0p05__wd1e-04trmiss0_degmodglobal,52,0.49426057083266123,0.6365957260131836,0.7222222222222223,0.8872285122285124,0.7692307692307693,0.0,0.4398217328957149,0.4783620664051601,0.039722594299486706,0.11935692919152123,0.0,0.0,0.0,0.0,0.0,18473,global,0.0
2,5,lr1e-04_bs8_drop0p2_temp2p0_a0p25_b0p05__wd1e-04trmiss0_degmodglobal,8,0.0001,0.0001,0.2,2.0,0.25,0.05,lr1e-04_bs8_drop0p2_temp2p0_a0p25_b0p05__wd1e-04trmiss0_degmodglobal,53,0.50290333373206,0.6307826638221741,0.7222222222222223,0.8872285122285124,0.7692307692307693,0.0,0.4561436857495989,0.48869540861674715,0.03873509554458516,0.0904829672404698,0.0,0.0,0.0,0.0,0.0,18473,global,0.0
2,5,lr1e-04_bs8_drop0p2_temp2p0_a0p25_b0p05__wd1e-04trmiss0_degmodglobal,8,0.0001,0.0001,0.2,2.0,0.25,0.05,lr1e-04_bs8_drop0p2_temp2p0_a0p25_b0p05__wd1e-04trmiss0_degmodglobal,54,0.5008535470281329,0.6323533654212952,0.7222222222222223,0.8872285122285124,0.7692307692307693,0.0,0.4565471112728119,0.4843510091304779,0.0420975357826267,0.11956299202782768,0.0,0.0,0.0,0.0,0.0,18473,global,0.0
2,5,lr1e-04_bs8_drop0p2_temp2p0_a0p25_b0p05__wd1e-04trmiss0_degmodglobal,8,0.0001,0.0001,0.2,2.0,0.25,0.05,lr1e-04_bs8_drop0p2_temp2p0_a0p25_b0p05__wd1e-04trmiss0_degmodglobal,55,0.4993724950722286,0.628673255443573,0.7222222222222223,0.8872285122285124,0.7692307692307693,0.0,0.4342896895749228,0.48102726680891855,0.048078536721212525,0.12651188245841435,0.0,0.0,0.0,0.0,0.0,18473,global,0.0
2,5,lr1e-04_bs8_drop0p2_temp2p0_a0p25_b0p05__wd1e-04trmiss0_degmodglobal,8,0.0001,0.0001,0.2,2.0,0.25,0.05,lr1e-04_bs8_drop0p2_temp2p0_a0p25_b0p05__wd1e-04trmiss0_degmodglobal,56,0.5161180751664298,0.6296049654483795,0.7222222222222223,0.8872285122285124,0.7692307692307693,0.0,0.46824270486831665,0.5016263212476458,0.036137496520365985,0.1091475390962192,0.0,0.0,0.0,0.0,0.0,18473,global,0.0
2,5,lr1e-04_bs8_drop0p2_temp2p0_a0p25_b0p05__wd1e-04trmiss0_degmodglobal,8,0.0001,0.0001,0.2,2.0,0.25,0.05,lr1e-04_bs8_drop0p2_temp2p0_a0p25_b0p05__wd1e-04trmiss0_degmodglobal,57,0.5180873998573848,0.6226013898849487,0.7222222222222223,0.8872285122285124,0.7692307692307693,0.0,0.44832722204072134,0.4992044823510306,0.05039871909788677,0.12566466523068293,0.0,0.0,0.0,0.0,0.0,18473,global,0.0
2,5,lr1e-04_bs8_drop0p2_temp2p0_a0p25_b0p05__wd1e-04trmiss0_degmodglobal,8,0.0001,0.0001,0.2,2.0,0.25,0.05,lr1e-04_bs8_drop0p2_temp2p0_a0p25_b0p05__wd1e-04trmiss0_degmodglobal,58,0.5176208061831338,0.6289112567901611,0.6944444444444445,0.86500629000629,0.7692307692307693,0.0,0.4326786186013903,0.5007796287536621,0.04012848303786346,0.13618124755365507,0.0,0.0,0.0,0.0,0.0,18473,global,0.0
2,5,lr1e-04_bs8_drop0p2_temp2p0_a0p25_b0p05__wd1e-04trmiss0_degmodglobal,8,0.0001,0.0001,0.2,2.0,0.25,0.05,lr1e-04_bs8_drop0p2_temp2p0_a0p25_b0p05__wd1e-04trmiss0_degmodglobal,59,0.5332819180829185,0.635699987411499,0.6944444444444445,0.86500629000629,0.7692307692307693,0.0,0.43938065426690237,0.5105600740228381,0.054523350937025886,0.1818202223096575,0.0,0.0,0.0,0.0,0.0,18473,global,0.0
2,5,lr1e-04_bs8_drop0p2_temp2p0_a0p25_b0p05__wd1e-04trmiss0_degmodglobal,8,0.0001,0.0001,0.2,2.0,0.25,0.05,lr1e-04_bs8_drop0p2_temp2p0_a0p25_b0p05__wd1e-04trmiss0_degmodglobal,60,0.5377523005008698,0.6319921016693115,0.7222222222222223,0.8872285122285124,0.7692307692307693,0.0,0.44891049180712017,0.5195230671337673,0.04651891440153122,0.13198988192847796,0.0,0.0,0.0,0.0,0.0,18473,global,0.0
2,5,lr1e-04_bs8_drop0p2_temp2p0_a0p25_b0p05__wd1e-04trmiss0_degmodglobal,8,0.0001,0.0001,0.2,2.0,0.25,0.05,lr1e-04_bs8_drop0p2_temp2p0_a0p25_b0p05__wd1e-04trmiss0_degmodglobal,61,0.5106677200113025,0.6326086819171906,0.7222222222222223,0.8872285122285124,0.7692307692307693,0.0,0.45704891851970125,0.4941494379724775,0.04644552352172988,0.09813803008624486,0.0,0.0,0.0,0.0,0.0,18473,global,0.0
2,5,lr1e-04_bs8_drop0p2_temp2p0_a0p25_b0p05__wd1e-04trmiss0_degmodglobal,8,0.0001,0.0001,0.2,2.0,0.25,0.05,lr1e-04_bs8_drop0p2_temp2p0_a0p25_b0p05__wd1e-04trmiss0_degmodglobal,62,0.5414402570043292,0.6330514252185822,0.7222222222222223,0.8872285122285124,0.7692307692307693,0.0,0.4432385265827179,0.5100315809249878,0.07928753591009549,0.23173577232020243,0.0,0.0,0.0,0.0,0.0,18473,global,0.0
2,5,lr1e-04_bs8_drop0p2_temp2p0_a0p25_b0p05__wd1e-04trmiss0_degmodglobal,8,0.0001,0.0001,0.2,2.0,0.25,0.05,lr1e-04_bs8_drop0p2_temp2p0_a0p25_b0p05__wd1e-04trmiss0_degmodglobal,63,0.5054543827261243,0.632925271987915,0.7222222222222223,0.8872285122285124,0.7692307692307693,0.0,0.45989920837538584,0.4863630746092115,0.050793339631387165,0.12785940085138595,0.0,0.0,0.0,0.0,0.0,18473,global,0.0
2,5,lr1e-04_bs8_drop0p2_temp2p0_a0p25_b0p05__wd1e-04trmiss0_degmodglobal,8,0.0001,0.0001,0.2,2.0,0.25,0.05,lr1e-04_bs8_drop0p2_temp2p0_a0p25_b0p05__wd1e-04trmiss0_degmodglobal,64,0.5333452693053654,0.6278002560138702,0.7222222222222223,0.8872285122285124,0.7692307692307693,0.0,0.4679050019809178,0.5158432083470481,0.04440166428685188,0.1280326566525868,0.0,0.0,0.0,0.0,0.0,18473,global,0.0
2,5,lr1e-04_bs8_drop0p2_temp2p0_a0p25_b0p05__wd1e-04trmiss0_degmodglobal,8,0.0001,0.0001,0.2,2.0,0.25,0.05,lr1e-04_bs8_drop0p2_temp2p0_a0p25_b0p05__wd1e-04trmiss0_degmodglobal,65,0.5084203141076225,0.6237072348594666,0.7222222222222223,0.8872285122285124,0.7692307692307693,0.0,0.4327232411929539,0.4885127033506121,0.05159932002425194,0.14015569112130574,0.0,0.0,0.0,0.0,0.0,18473,global,0.0
2,5,lr1e-04_bs8_drop0p2_temp2p0_a0p25_b0p05__wd1e-04trmiss0_degmodglobal,8,0.0001,0.0001,0.2,2.0,0.25,0.05,lr1e-04_bs8_drop0p2_temp2p0_a0p25_b0p05__wd1e-04trmiss0_degmodglobal,66,0.5046192024435315,0.6252637207508087,0.7222222222222223,0.8872285122285124,0.7692307692307693,0.0,0.40778106451034546,0.4789126643112728,0.06412979694349426,0.19348176142999104,0.0,0.0,0.0,0.0,0.0,18473,global,0.0
2,5,lr1e-04_bs8_drop0p2_temp2p0_a0p25_b0p05__wd1e-04trmiss0_degmodglobal,8,0.0001,0.0001,0.2,2.0,0.25,0.05,lr1e-04_bs8_drop0p2_temp2p0_a0p25_b0p05__wd1e-04trmiss0_degmodglobal,67,0.511611887386867,0.6288320422172546,0.7222222222222223,0.8872285122285124,0.7692307692307693,0.0,0.42445291791643414,0.49218687415122986,0.048937718250921795,0.14381164365581103,0.0,0.0,0.0,0.0,0.0,18473,global,0.0
2,5,lr1e-04_bs8_drop0p2_temp2p0_a0p25_b0p05__wd1e-04trmiss0_degmodglobal,8,0.0001,0.0001,0.2,2.0,0.25,0.05,lr1e-04_bs8_drop0p2_temp2p0_a0p25_b0p05__wd1e-04trmiss0_degmodglobal,68,0.5038161320345742,0.6289862096309662,0.7222222222222223,0.8872285122285124,0.7692307692307693,0.0,0.418395813022341,0.47993867312158855,0.05914210368480001,0.18183876999786922,0.0,0.0,0.0,0.0,0.0,18473,global,0.0
2,5,lr1e-04_bs8_drop0p2_temp2p0_a0p25_b0p05__wd1e-04trmiss0_degmodglobal,8,0.0001,0.0001,0.2,2.0,0.25,0.05,lr1e-04_bs8_drop0p2_temp2p0_a0p25_b0p05__wd1e-04trmiss0_degmodglobal,69,0.5061891802719661,0.6261520683765411,0.7222222222222223,0.8872285122285124,0.7692307692307693,0.0,0.4262846793447222,0.4795904883316585,0.07199228288871902,0.17201234187398637,0.0,0.0,0.0,0.0,0.0,18473,global,0.0
2,5,lr1e-04_bs8_drop0p2_temp2p0_a0p25_b0p05__wd1e-04trmiss0_degmodglobal,8,0.0001,0.0001,0.2,2.0,0.25,0.05,lr1e-04_bs8_drop0p2_temp2p0_a0p25_b0p05__wd1e-04trmiss0_degmodglobal,70,0.4841553568840027,0.6309836506843567,0.7222222222222223,0.8872285122285124,0.7692307692307693,0.0,0.416967225926263,0.463565217597144,0.05439545054520879,0.13982536643743515,0.0,0.0,0.0,0.0,0.0,18473,global,0.0
2,5,lr1e-04_bs8_drop0p2_temp2p0_a0p25_b0p05__wd1e-04trmiss0_degmodglobal,8,0.0001,0.0001,0.2,2.0,0.25,0.05,lr1e-04_bs8_drop0p2_temp2p0_a0p25_b0p05__wd1e-04trmiss0_degmodglobal,71,0.5086632966995239,0.6375258564949036,0.7222222222222223,0.8872285122285124,0.7692307692307693,0.0,0.4178412854671478,0.48619537694113596,0.06104769664151328,0.1441198385187558,0.0,0.0,0.0,0.0,0.0,18473,global,0.0
2,5,lr1e-04_bs8_drop0p2_temp2p0_a0p25_b0p05__wd1e-04trmiss0_degmodglobal,8,0.0001,0.0001,0.2,2.0,0.25,0.05,lr1e-04_bs8_drop0p2_temp2p0_a0p25_b0p05__wd1e-04trmiss0_degmodglobal,72,0.519449417080198,0.6355913281440735,0.7222222222222223,0.8872285122285124,0.7692307692307693,0.0,0.41343739203044344,0.49442227823393686,0.06891098538679737,0.15598796946661814,0.0,0.0,0.0,0.0,0.0,18473,global,0.0
2,5,lr1e-04_bs8_drop0p2_temp2p0_a0p25_b0p05__wd1e-04trmiss0_degmodglobal,8,0.0001,0.0001,0.2,2.0,0.25,0.05,lr1e-04_bs8_drop0p2_temp2p0_a0p25_b0p05__wd1e-04trmiss0_degmodglobal,73,0.5276517697743007,0.6357124745845795,0.7222222222222223,0.8872285122285124,0.7692307692307693,0.0,0.4248372529234205,0.502654105424881,0.06757931943450655,0.16205682286194392,0.0,0.0,0.0,0.0,0.0,18473,global,0.0
2,5,lr1e-04_bs8_drop0p2_temp2p0_a0p25_b0p05__wd1e-04trmiss0_degmodglobal,8,0.0001,0.0001,0.2,2.0,0.25,0.05,lr1e-04_bs8_drop0p2_temp2p0_a0p25_b0p05__wd1e-04trmiss0_degmodglobal,74,0.5246458223887852,0.6275018155574799,0.7222222222222223,0.8872285122285124,0.7692307692307693,0.0,0.44043136494500296,0.4943246713706425,0.07485884428024292,0.2321286244051797,0.0,0.0,0.0,0.0,0.0,18473,global,0.0
2,5,lr1e-04_bs8_drop0p2_temp2p0_a0p25_b0p05__wd1e-04trmiss0_degmodglobal,8,0.0001,0.0001,0.2,2.0,0.25,0.05,lr1e-04_bs8_drop0p2_temp2p0_a0p25_b0p05__wd1e-04trmiss0_degmodglobal,75,0.5280768488134656,0.6319549977779388,0.7222222222222223,0.8872285122285124,0.7692307692307693,0.0,0.4346665484564645,0.49659555298941477,0.08352276257106236,0.21201189926692418,0.0,0.0,0.0,0.0,0.0,18473,global,0.0
2,5,lr1e-04_bs8_drop0p2_temp2p0_a0p25_b0p05__wd1e-04trmiss0_degmodglobal,8,0.0001,0.0001,0.2,2.0,0.25,0.05,lr1e-04_bs8_drop0p2_temp2p0_a0p25_b0p05__wd1e-04trmiss0_degmodglobal,76,0.5115486511162349,0.6279283761978149,0.7222222222222223,0.8872285122285124,0.7692307692307693,0.0,0.4192012335572924,0.49161623631204876,0.05456348615033286,0.1258306705525943,0.0,0.0,0.0,0.0,0.0,18473,global,0.0
2,5,lr1e-04_bs8_drop0p2_temp2p0_a0p25_b0p05__wd1e-04trmiss0_degmodglobal,8,0.0001,0.0001,0.2,2.0,0.25,0.05,lr1e-04_bs8_drop0p2_temp2p0_a0p25_b0p05__wd1e-04trmiss0_degmodglobal,77,0.5370950443404061,0.6279256939888,0.7222222222222223,0.8872285122285124,0.7692307692307693,0.0,0.44009806854384287,0.5125767418316433,0.06245555781892368,0.1780881764633315,0.0,0.0,0.0,0.0,0.0,18473,global,0.0
2,5,lr1e-04_bs8_drop0p4_temp1p0_a0p25_b0p05__wd1e-04trmiss0_degmodglobal,8,0.0001,0.0001,0.4,1.0,0.25,0.05,lr1e-04_bs8_drop0p4_temp1p0_a0p25_b0p05__wd1e-04trmiss0_degmodglobal,1,0.741071173122951,0.7225970327854156,0.36111111111111116,0.7268629518629519,0.38461538461538464,0.0,0.6753592320850917,0.7132639118603298,0.0629081130027771,0.24160492633070266,0.0,0.0,0.0,0.0,0.0,18473,global,0.0
2,5,lr1e-04_bs8_drop0p4_temp1p0_a0p25_b0p05__wd1e-04trmiss0_degmodglobal,8,0.0001,0.0001,0.4,1.0,0.25,0.05,lr1e-04_bs8_drop0p4_temp1p0_a0p25_b0p05__wd1e-04trmiss0_degmodglobal,2,0.707841728414808,0.7272149324417114,0.3888888888888889,0.7546407296407298,0.5384615384615384,0.0,0.6317026615142822,0.6820163556507656,0.05889553789581571,0.22203003189393453,0.0,0.0,0.0,0.0,0.0,18473,global,0.0
2,5,lr1e-04_bs8_drop0p4_temp1p0_a0p25_b0p05__wd1e-04trmiss0_degmodglobal,8,0.0001,0.0001,0.4,1.0,0.25,0.05,lr1e-04_bs8_drop0p4_temp1p0_a0p25_b0p05__wd1e-04trmiss0_degmodglobal,3,0.6747303094182696,0.7312568724155426,0.41666666666666663,0.7620481370481371,0.46153846153846156,0.0,0.6600438867296491,0.6503335663250515,0.05192037618585995,0.22833308577537537,0.0,0.0,0.0,0.0,0.0,18473,global,0.0
2,5,lr1e-04_bs8_drop0p4_temp1p0_a0p25_b0p05__wd1e-04trmiss0_degmodglobal,8,0.0001,0.0001,0.4,1.0,0.25,0.05,lr1e-04_bs8_drop0p4_temp1p0_a0p25_b0p05__wd1e-04trmiss0_degmodglobal,4,0.683407187461853,0.7180629670619965,0.41666666666666663,0.7620481370481371,0.38461538461538464,0.0,0.6168554510389056,0.6586562991142273,0.05615865758487156,0.21422465997082846,0.0,0.0,0.0,0.0,0.0,18473,global,0.0
2,5,lr1e-04_bs8_drop0p4_temp1p0_a0p25_b0p05__wd1e-04trmiss0_degmodglobal,8,0.0001,0.0001,0.4,1.0,0.25,0.05,lr1e-04_bs8_drop0p4_temp1p0_a0p25_b0p05__wd1e-04trmiss0_degmodglobal,5,0.6478977969714573,0.7186464667320251,0.41666666666666663,0.7620481370481371,0.38461538461538464,0.0,0.6119223151888166,0.6213493262018476,0.05901587222303663,0.23589001170226506,0.0,0.0,0.0,0.0,0.0,18473,global,0.0
2,5,lr1e-04_bs8_drop0p4_temp1p0_a0p25_b0p05__wd1e-04trmiss0_degmodglobal,8,0.0001,0.0001,0.4,1.0,0.25,0.05,lr1e-04_bs8_drop0p4_temp1p0_a0p25_b0p05__wd1e-04trmiss0_degmodglobal,6,0.6833033561706543,0.7248063385486603,0.38888888888888884,0.7342703592703592,0.46153846153846156,0.0,0.5997644918305534,0.6589050037520272,0.058936799211161475,0.19328311405011586,0.0,0.0,0.0,0.0,0.0,18473,global,0.0
2,5,lr1e-04_bs8_drop0p4_temp1p0_a0p25_b0p05__wd1e-04trmiss0_degmodglobal,8,0.0001,0.0001,0.4,1.0,0.25,0.05,lr1e-04_bs8_drop0p4_temp1p0_a0p25_b0p05__wd1e-04trmiss0_degmodglobal,7,0.6702872429575238,0.733113557100296,0.36111111111111116,0.7268629518629519,0.38461538461538464,0.0,0.5932134815624782,0.648077232497079,0.05111886081951005,0.18860600462981633,0.0,0.0,0.0,0.0,0.0,18473,global,0.0
2,5,lr1e-04_bs8_drop0p4_temp1p0_a0p25_b0p05__wd1e-04trmiss0_degmodglobal,8,0.0001,0.0001,0.4,1.0,0.25,0.05,lr1e-04_bs8_drop0p4_temp1p0_a0p25_b0p05__wd1e-04trmiss0_degmodglobal,8,0.6438420074326652,0.7314586341381073,0.3055555555555555,0.7024802358135691,0.38461538461538464,0.0,0.5904677936008998,0.6216387493269784,0.05273604339786938,0.1803850382566452,0.0,0.0,0.0,0.0,0.0,18473,global,0.0
2,5,lr1e-04_bs8_drop0p4_temp1p0_a0p25_b0p05__wd1e-04trmiss0_degmodglobal,8,0.0001,0.0001,0.4,1.0,0.25,0.05,lr1e-04_bs8_drop0p4_temp1p0_a0p25_b0p05__wd1e-04trmiss0_degmodglobal,9,0.6586594922201974,0.7296616435050964,0.3055555555555556,0.6990851740851742,0.23076923076923078,0.0,0.5988926121166774,0.6380895291055951,0.0485844226287944,0.16847689556224005,0.0,0.0,0.0,0.0,0.0,18473,global,0.0
2,5,lr1e-04_bs8_drop0p4_temp1p0_a0p25_b0p05__wd1e-04trmiss0_degmodglobal,8,0.0001,0.0001,0.4,1.0,0.25,0.05,lr1e-04_bs8_drop0p4_temp1p0_a0p25_b0p05__wd1e-04trmiss0_degmodglobal,10,0.6280231135232108,0.72417351603508,0.3611111111111111,0.7176036926036926,0.3076923076923077,0.0,0.5782011236463275,0.6034543514251709,0.059841775468417575,0.1921665971832616,0.0,0.0,0.0,0.0,0.0,18473,global,0.0
2,5,lr1e-04_bs8_drop0p4_temp1p0_a0p25_b0p05__wd1e-04trmiss0_degmodglobal,8,0.0001,0.0001,0.4,1.0,0.25,0.05,lr1e-04_bs8_drop0p4_temp1p0_a0p25_b0p05__wd1e-04trmiss0_degmodglobal,11,0.6432070221219744,0.723706066608429,0.38888888888888884,0.7342703592703592,0.3076923076923077,0.0,0.5696357062884739,0.615486775125776,0.06749576010874339,0.21692613725151336,0.0,0.0,0.0,0.0,0.0,18473,global,0.0
2,5,lr1e-04_bs8_drop0p4_temp1p0_a0p25_b0p05__wd1e-04trmiss0_degmodglobal,8,0.0001,0.0001,0.4,1.0,0.25,0.05,lr1e-04_bs8_drop0p4_temp1p0_a0p25_b0p05__wd1e-04trmiss0_degmodglobal,12,0.601258567401341,0.7260068655014038,0.38888888888888884,0.7342703592703592,0.38461538461538464,0.0,0.5958270345415387,0.579841320003782,0.05267072708478996,0.16499178005116327,0.0,0.0,0.0,0.0,0.0,18473,global,0.0
2,5,lr1e-04_bs8_drop0p4_temp1p0_a0p25_b0p05__wd1e-04trmiss0_degmodglobal,8,0.0001,0.0001,0.4,1.0,0.25,0.05,lr1e-04_bs8_drop0p4_temp1p0_a0p25_b0p05__wd1e-04trmiss0_degmodglobal,13,0.6398727978978839,0.7234094142913818,0.41666666666666663,0.7448523698523699,0.38461538461538464,0.0,0.5703049727848598,0.6100756015096392,0.06891920523984092,0.25134783557483126,0.0,0.0,0.0,0.0,0.0,18473,global,0.0
2,5,lr1e-04_bs8_drop0p4_temp1p0_a0p25_b0p05__wd1e-04trmiss0_degmodglobal,8,0.0001,0.0001,0.4,1.0,0.25,0.05,lr1e-04_bs8_drop0p4_temp1p0_a0p25_b0p05__wd1e-04trmiss0_degmodglobal,14,0.6080281053270612,0.7160684466362,0.4444444444444445,0.7451770451770452,0.38461538461538464,0.0,0.545162456376212,0.5838603121893746,0.06065293774008751,0.1800911586199488,0.0,0.0,0.0,0.0,0.0,18473,global,0.0
2,5,lr1e-04_bs8_drop0p4_temp1p0_a0p25_b0p05__wd1e-04trmiss0_degmodglobal,8,0.0001,0.0001,0.4,1.0,0.25,0.05,lr1e-04_bs8_drop0p4_temp1p0_a0p25_b0p05__wd1e-04trmiss0_degmodglobal,15,0.634782578263964,0.7108114957809448,0.4444444444444445,0.7451770451770452,0.38461538461538464,0.0,0.5422473336969104,0.5984582815851484,0.08434695324727468,0.3047509587236813,0.0,0.0,0.0,0.0,0.0,18473,global,0.0
2,5,lr1e-04_bs8_drop0p4_temp1p0_a0p25_b0p05__wd1e-04trmiss0_degmodglobal,8,0.0001,0.0001,0.4,1.0,0.25,0.05,lr1e-04_bs8_drop0p4_temp1p0_a0p25_b0p05__wd1e-04trmiss0_degmodglobal,16,0.6409836496625628,0.7054056823253632,0.4722222222222222,0.7544363044363045,0.38461538461538464,0.0,0.5635645730154855,0.6166346413748605,0.056072965796504705,0.20661522448062897,0.0,0.0,0.0,0.0,0.0,18473,global,0.0
2,5,lr1e-04_bs8_drop0p4_temp1p0_a0p25_b0p05__wd1e-04trmiss0_degmodglobal,8,0.0001,0.0001,0.4,1.0,0.25,0.05,lr1e-04_bs8_drop0p4_temp1p0_a0p25_b0p05__wd1e-04trmiss0_degmodglobal,17,0.6189871174948556,0.7137665450572968,0.4444444444444445,0.7451770451770452,0.38461538461538464,0.0,0.533239871263504,0.5908370018005371,0.07093425574047225,0.20833065467221396,0.0,0.0,0.0,0.0,0.0,18473,global,0.0
2,5,lr1e-04_bs8_drop0p4_temp1p0_a0p25_b0p05__wd1e-04trmiss0_degmodglobal,8,0.0001,0.0001,0.4,1.0,0.25,0.05,lr1e-04_bs8_drop0p4_temp1p0_a0p25_b0p05__wd1e-04trmiss0_degmodglobal,18,0.6076517530850002,0.7188016474246979,0.3611111111111111,0.7207782957782958,0.38461538461538464,0.0,0.6064830677849906,0.581831978900092,0.058079094759055545,0.2260001844593457,0.0,0.0,0.0,0.0,0.0,18473,global,0.0
2,5,lr1e-04_bs8_drop0p4_temp1p0_a0p25_b0p05__wd1e-04trmiss0_degmodglobal,8,0.0001,0.0001,0.4,1.0,0.25,0.05,lr1e-04_bs8_drop0p4_temp1p0_a0p25_b0p05__wd1e-04trmiss0_degmodglobal,19,0.6345884289060321,0.7176707088947296,0.3333333333333333,0.7130622463955798,0.38461538461538464,0.0,0.576313819204058,0.6089873909950256,0.06230049846427781,0.20051839734826768,0.0,0.0,0.0,0.0,0.0,18473,global,0.0
2,5,lr1e-04_bs8_drop0p4_temp1p0_a0p25_b0p05__wd1e-04trmiss0_degmodglobal,8,0.0001,0.0001,0.4,1.0,0.25,0.05,lr1e-04_bs8_drop0p4_temp1p0_a0p25_b0p05__wd1e-04trmiss0_degmodglobal,20,0.5936444657189506,0.7130856812000275,0.3055555555555555,0.7024802358135691,0.38461538461538464,0.0,0.545179043497358,0.5668608673981258,0.06871526369026729,0.19209572034222738,0.0,0.0,0.0,0.0,0.0,18473,global,0.0
2,5,lr1e-04_bs8_drop0p4_temp1p0_a0p25_b0p05__wd1e-04trmiss0_degmodglobal,8,0.0001,0.0001,0.4,1.0,0.25,0.05,lr1e-04_bs8_drop0p4_temp1p0_a0p25_b0p05__wd1e-04trmiss0_degmodglobal,21,0.6158362371580941,0.7155610620975494,0.3611111111111111,0.7207782957782958,0.38461538461538464,0.0,0.5623472673552377,0.595094621181488,0.04842327881072249,0.17271628177591733,0.0,0.0,0.0,0.0,0.0,18473,global,0.0
2,5,lr1e-04_bs8_drop0p4_temp1p0_a0p25_b0p05__wd1e-04trmiss0_degmodglobal,8,0.0001,0.0001,0.4,1.0,0.25,0.05,lr1e-04_bs8_drop0p4_temp1p0_a0p25_b0p05__wd1e-04trmiss0_degmodglobal,22,0.5773943832942418,0.7172187268733978,0.4166666666666667,0.7352564102564103,0.38461538461538464,0.0,0.5401628528322492,0.547232870544706,0.07362385945660728,0.23511061710970743,0.0,0.0,0.0,0.0,0.0,18473,global,0.0
2,5,lr1e-04_bs8_drop0p4_temp1p0_a0p25_b0p05__wd1e-04trmiss0_degmodglobal,8,0.0001,0.0001,0.4,1.0,0.25,0.05,lr1e-04_bs8_drop0p4_temp1p0_a0p25_b0p05__wd1e-04trmiss0_degmodglobal,23,0.61445266859872,0.7100403308868408,0.4444444444444444,0.7473655973655975,0.46153846153846156,0.0,0.5345443146569389,0.5902200426374163,0.057532230126006265,0.19699144789150783,0.0,0.0,0.0,0.0,0.0,18473,global,0.0
2,5,lr1e-04_bs8_drop0p4_temp1p0_a0p25_b0p05__wd1e-04trmiss0_degmodglobal,8,0.0001,0.0001,0.4,1.0,0.25,0.05,lr1e-04_bs8_drop0p4_temp1p0_a0p25_b0p05__wd1e-04trmiss0_degmodglobal,24,0.6107288173266819,0.7030858397483826,0.4722222222222222,0.7544363044363045,0.46153846153846156,0.0,0.5437991789409092,0.5849353756223407,0.06022260045366628,0.21475562027522496,0.0,0.0,0.0,0.0,0.0,18473,global,0.0
2,5,lr1e-04_bs8_drop0p4_temp1p0_a0p25_b0p05__wd1e-04trmiss0_degmodglobal,8,0.0001,0.0001,0.4,1.0,0.25,0.05,lr1e-04_bs8_drop0p4_temp1p0_a0p25_b0p05__wd1e-04trmiss0_degmodglobal,25,0.6086495263235909,0.7032545506954193,0.4722222222222222,0.7544363044363045,0.46153846153846156,0.0,0.5660000102860587,0.576611978667123,0.07729434807385717,0.25427924203021185,0.0,0.0,0.0,0.0,0.0,18473,global,0.0
2,5,lr1e-04_bs8_drop0p4_temp1p0_a0p25_b0p05__wd1e-04trmiss0_degmodglobal,8,0.0001,0.0001,0.4,1.0,0.25,0.05,lr1e-04_bs8_drop0p4_temp1p0_a0p25_b0p05__wd1e-04trmiss0_degmodglobal,26,0.5706240790230888,0.7034078538417816,0.4722222222222222,0.7544363044363045,0.46153846153846156,0.0,0.5546399738107409,0.5467249155044556,0.05959182072963033,0.18002387349094665,0.0,0.0,0.0,0.0,0.0,18473,global,0.0
2,5,lr1e-04_bs8_drop0p4_temp1p0_a0p25_b0p05__wd1e-04trmiss0_degmodglobal,8,0.0001,0.0001,0.4,1.0,0.25,0.05,lr1e-04_bs8_drop0p4_temp1p0_a0p25_b0p05__wd1e-04trmiss0_degmodglobal,27,0.5981062650680542,0.6992746591567993,0.5,0.7630782797449465,0.5384615384615384,0.0,0.5521977373531887,0.5668552645615169,0.07034752730812345,0.2732822277716228,0.0,0.0,0.0,0.0,0.0,18473,global,0.0
2,5,lr1e-04_bs8_drop0p4_temp1p0_a0p25_b0p05__wd1e-04trmiss0_degmodglobal,8,0.0001,0.0001,0.4,1.0,0.25,0.05,lr1e-04_bs8_drop0p4_temp1p0_a0p25_b0p05__wd1e-04trmiss0_degmodglobal,28,0.5923808131899152,0.7013485133647919,0.5,0.7630782797449465,0.46153846153846156,0.0,0.5257719286850521,0.5629983629499163,0.06630966226969447,0.25610077381134033,0.0,0.0,0.0,0.0,0.0,18473,global,0.0
2,5,lr1e-04_bs8_drop0p4_temp1p0_a0p25_b0p05__wd1e-04trmiss0_degmodglobal,8,0.0001,0.0001,0.4,1.0,0.25,0.05,lr1e-04_bs8_drop0p4_temp1p0_a0p25_b0p05__wd1e-04trmiss0_degmodglobal,29,0.5641538160187858,0.7000851035118103,0.5277777777777778,0.7797449464116131,0.46153846153846156,0.0,0.528398505278996,0.5339329838752747,0.072703945849623,0.24089702112334116,0.0,0.0,0.0,0.0,0.0,18473,global,0.0
2,5,lr1e-04_bs8_drop0p4_temp1p0_a0p25_b0p05__wd1e-04trmiss0_degmodglobal,8,0.0001,0.0001,0.4,1.0,0.25,0.05,lr1e-04_bs8_drop0p4_temp1p0_a0p25_b0p05__wd1e-04trmiss0_degmodglobal,30,0.5654958443982261,0.6987214684486389,0.4722222222222222,0.7797008547008548,0.46153846153846156,0.0,0.5055570176669529,0.5400370614869254,0.06444493681192398,0.18695090285369328,0.0,0.0,0.0,0.0,0.0,18473,global,0.0
2,5,lr1e-04_bs8_drop0p4_temp1p0_a0p25_b0p05__wd1e-04trmiss0_degmodglobal,8,0.0001,0.0001,0.4,1.0,0.25,0.05,lr1e-04_bs8_drop0p4_temp1p0_a0p25_b0p05__wd1e-04trmiss0_degmodglobal,31,0.605473267180579,0.7105057537555695,0.4722222222222222,0.761843711843712,0.46153846153846156,0.0,0.5117802832807813,0.5809681415557861,0.05973612304244723,0.19142222191606248,0.0,0.0,0.0,0.0,0.0,18473,global,0.0
2,5,lr1e-04_bs8_drop0p4_temp1p0_a0p25_b0p05__wd1e-04trmiss0_degmodglobal,8,0.0001,0.0001,0.4,1.0,0.25,0.05,lr1e-04_bs8_drop0p4_temp1p0_a0p25_b0p05__wd1e-04trmiss0_degmodglobal,32,0.5991226860455104,0.7080428302288055,0.4166666666666667,0.7352564102564103,0.46153846153846156,0.0,0.5451490581035614,0.5735894526754107,0.060184397867747715,0.20974246518952505,0.0,0.0,0.0,0.0,0.0,18473,global,0.0
2,5,lr1e-04_bs8_drop0p4_temp1p0_a0p25_b0p05__wd1e-04trmiss0_degmodglobal,8,0.0001,0.0001,0.4,1.0,0.25,0.05,lr1e-04_bs8_drop0p4_temp1p0_a0p25_b0p05__wd1e-04trmiss0_degmodglobal,33,0.6218159879956927,0.7112122476100922,0.4444444444444445,0.7451770451770452,0.38461538461538464,0.0,0.5239730775356293,0.5904294678143093,0.07360717920320374,0.2596945358174188,0.0,0.0,0.0,0.0,0.0,18473,global,0.0
2,5,lr1e-04_bs8_drop0p4_temp1p0_a0p25_b0p05__wd1e-04trmiss0_degmodglobal,8,0.0001,0.0001,0.4,1.0,0.25,0.05,lr1e-04_bs8_drop0p4_temp1p0_a0p25_b0p05__wd1e-04trmiss0_degmodglobal,34,0.5805177348000663,0.7167200744152069,0.4722222222222222,0.7544363044363045,0.38461538461538464,0.0,0.5140684289591653,0.5579010248184204,0.05989682940500123,0.1528498466525759,0.0,0.0,0.0,0.0,0.0,18473,global,0.0
2,5,lr1e-04_bs8_drop0p4_temp1p0_a0p25_b0p05__wd1e-04trmiss0_degmodglobal,8,0.0001,0.0001,0.4,1.0,0.25,0.05,lr1e-04_bs8_drop0p4_temp1p0_a0p25_b0p05__wd1e-04trmiss0_degmodglobal,35,0.5786312861101968,0.7217695415019989,0.4444444444444444,0.7473655973655975,0.3076923076923077,0.0,0.5354230531624385,0.5559676757880619,0.058653224259614944,0.16000600797789438,0.0,0.0,0.0,0.0,0.0,18473,global,0.0
2,5,lr1e-04_bs8_drop0p4_temp1p0_a0p25_b0p05__wd1e-04trmiss0_degmodglobal,8,0.0001,0.0001,0.4,1.0,0.25,0.05,lr1e-04_bs8_drop0p4_temp1p0_a0p25_b0p05__wd1e-04trmiss0_degmodglobal,36,0.5804637755666461,0.7132510244846344,0.4722222222222222,0.7544363044363045,0.46153846153846156,0.0,0.5174411066940853,0.5479375805173602,0.0809212177991867,0.245917623596532,0.0,0.0,0.0,0.0,0.0,18473,global,0.0
2,5,lr1e-04_bs8_drop0p4_temp1p0_a0p25_b0p05__wd1e-04trmiss0_degmodglobal,8,0.0001,0.0001,0.4,1.0,0.25,0.05,lr1e-04_bs8_drop0p4_temp1p0_a0p25_b0p05__wd1e-04trmiss0_degmodglobal,37,0.5707630429949079,0.7079480290412903,0.5277777777777778,0.7797449464116131,0.46153846153846156,0.0,0.4889606918607439,0.5353620392935616,0.08786455754722867,0.26869720433439526,0.0,0.0,0.0,0.0,0.0,18473,global,0.0
2,5,lr1e-04_bs8_drop0p4_temp1p0_a0p25_b0p05__wd1e-04trmiss0_degmodglobal,8,0.0001,0.0001,0.4,1.0,0.25,0.05,lr1e-04_bs8_drop0p4_temp1p0_a0p25_b0p05__wd1e-04trmiss0_degmodglobal,38,0.5664257236889431,0.7117064595222473,0.5,0.7711029711029711,0.38461538461538464,0.0,0.4886146528380258,0.5400731308119637,0.06475585379770823,0.2032721010701997,0.0,0.0,0.0,0.0,0.0,18473,global,0.0
2,5,lr1e-04_bs8_drop0p4_temp1p0_a0p25_b0p05__wd1e-04trmiss0_degmodglobal,8,0.0001,0.0001,0.4,1.0,0.25,0.05,lr1e-04_bs8_drop0p4_temp1p0_a0p25_b0p05__wd1e-04trmiss0_degmodglobal,39,0.5765802689961025,0.7070215046405792,0.4444444444444444,0.7473655973655975,0.5384615384615384,0.0,0.49490748984473093,0.5458989100796836,0.07831669918128423,0.22204369413001196,0.0,0.0,0.0,0.0,0.0,18473,global,0.0
2,5,lr1e-04_bs8_drop0p4_temp1p0_a0p25_b0p05__wd1e-04trmiss0_degmodglobal,8,0.0001,0.0001,0.4,1.0,0.25,0.05,lr1e-04_bs8_drop0p4_temp1p0_a0p25_b0p05__wd1e-04trmiss0_degmodglobal,40,0.5447346823556083,0.7076813578605652,0.4444444444444444,0.7473655973655975,0.5384615384615384,0.0,0.5210458891732352,0.5208007650715964,0.06205953072224345,0.16838061596666062,0.0,0.0,0.0,0.0,0.0,18473,global,0.0
2,5,lr1e-04_bs8_drop0p4_temp1p0_a0p25_b0p05__wd1e-04trmiss0_degmodglobal,8,0.0001,0.0001,0.4,1.0,0.25,0.05,lr1e-04_bs8_drop0p4_temp1p0_a0p25_b0p05__wd1e-04trmiss0_degmodglobal,41,0.5922996401786804,0.7163553833961487,0.5,0.7630782797449465,0.3076923076923077,0.0,0.49006245391709463,0.5653199170316968,0.07215997629931994,0.17879477994782583,0.0,0.0,0.0,0.0,0.0,18473,global,0.0
2,5,lr1e-04_bs8_drop0p4_temp1p0_a0p25_b0p05__wd1e-04trmiss0_degmodglobal,8,0.0001,0.0001,0.4,1.0,0.25,0.05,lr1e-04_bs8_drop0p4_temp1p0_a0p25_b0p05__wd1e-04trmiss0_degmodglobal,42,0.5494450373308999,0.7175401151180267,0.4444444444444444,0.7473655973655975,0.38461538461538464,0.0,0.4966185178075518,0.5229092878954751,0.0636705889233521,0.21236202546528407,0.0,0.0,0.0,0.0,0.0,18473,global,0.0
2,5,lr1e-04_bs8_drop0p4_temp1p0_a0p25_b0p05__wd1e-04trmiss0_degmodglobal,8,0.0001,0.0001,0.4,1.0,0.25,0.05,lr1e-04_bs8_drop0p4_temp1p0_a0p25_b0p05__wd1e-04trmiss0_degmodglobal,43,0.5523188965661185,0.7174150049686432,0.4722222222222222,0.7544363044363045,0.3076923076923077,0.0,0.5051759779453278,0.5323644152709416,0.04981207155755588,0.1500293921147074,0.0,0.0,0.0,0.0,0.0,18473,global,0.0
2,5,lr1e-04_bs8_drop0p4_temp1p0_a0p25_b0p05__wd1e-04trmiss0_degmodglobal,8,0.0001,0.0001,0.4,1.0,0.25,0.05,lr1e-04_bs8_drop0p4_temp1p0_a0p25_b0p05__wd1e-04trmiss0_degmodglobal,44,0.5698703186852592,0.719041109085083,0.4166666666666667,0.7381063381063382,0.38461538461538464,0.0,0.48129176667758394,0.5374085818018232,0.07543238358838218,0.272072645170348,0.0,0.0,0.0,0.0,0.0,18473,global,0.0
2,5,lr1e-04_bs8_drop0p4_temp1p0_a0p25_b0p05__wd1e-04trmiss0_degmodglobal,8,0.0001,0.0001,0.4,1.0,0.25,0.05,lr1e-04_bs8_drop0p4_temp1p0_a0p25_b0p05__wd1e-04trmiss0_degmodglobal,45,0.5941488572529384,0.7225162088871002,0.4166666666666667,0.7381063381063382,0.38461538461538464,0.0,0.536345681973866,0.5688712639468056,0.06407011353543826,0.1852011297430311,0.0,0.0,0.0,0.0,0.0,18473,global,0.0
2,5,lr1e-04_bs8_drop0p4_temp1p0_a0p25_b0p05__wd1e-04trmiss0_degmodglobal,8,0.0001,0.0001,0.4,1.0,0.25,0.05,lr1e-04_bs8_drop0p4_temp1p0_a0p25_b0p05__wd1e-04trmiss0_degmodglobal,46,0.5782324969768524,0.7173855006694794,0.4166666666666667,0.7381063381063382,0.38461538461538464,0.0,0.5140531744275775,0.5501955449581146,0.06634211806314332,0.22902838992221014,0.0,0.0,0.0,0.0,0.0,18473,global,0.0
2,5,lr1e-04_bs8_drop0p4_temp1p0_a0p25_b0p05__wd1e-04trmiss0_degmodglobal,8,0.0001,0.0001,0.4,1.0,0.25,0.05,lr1e-04_bs8_drop0p4_temp1p0_a0p25_b0p05__wd1e-04trmiss0_degmodglobal,47,0.625463604927063,0.7166732549667358,0.4166666666666667,0.7381063381063382,0.46153846153846156,0.0,0.5180620125361851,0.5910948983260563,0.0851126169519765,0.261810873235975,0.0,0.0,0.0,0.0,0.0,18473,global,0.0
2,5,lr1e-04_bs8_drop0p4_temp1p0_a0p25_b0p05__wd1e-04trmiss0_degmodglobal,8,0.0001,0.0001,0.4,1.0,0.25,0.05,lr1e-04_bs8_drop0p4_temp1p0_a0p25_b0p05__wd1e-04trmiss0_degmodglobal,48,0.5817008146217891,0.7188620567321777,0.4166666666666667,0.7381063381063382,0.46153846153846156,0.0,0.505450291293008,0.5456486940383911,0.08779202508074897,0.28208252574716297,0.0,0.0,0.0,0.0,0.0,18473,global,0.0
2,5,lr1e-04_bs8_drop0p4_temp1p0_a0p25_b0p05__wd1e-04trmiss0_degmodglobal,8,0.0001,0.0001,0.4,1.0,0.25,0.05,lr1e-04_bs8_drop0p4_temp1p0_a0p25_b0p05__wd1e-04trmiss0_degmodglobal,49,0.5685427955218724,0.7152485847473145,0.4444444444444445,0.7451770451770452,0.5384615384615384,0.0,0.4912969470024109,0.5397688746452332,0.07399365199463707,0.20550995958702906,0.0,0.0,0.0,0.0,0.0,18473,global,0.0
2,5,lr1e-04_bs8_drop0p4_temp2p0_a0p25_b0p05__wd1e-04trmiss0_degmodglobal,8,0.0001,0.0001,0.4,2.0,0.25,0.05,lr1e-04_bs8_drop0p4_temp2p0_a0p25_b0p05__wd1e-04trmiss0_degmodglobal,1,0.7534685134887695,0.6755019724369049,0.5,0.7973655973655975,0.46153846153846156,0.0,0.7727039541516986,0.7122085605348859,0.1160405884896006,0.24499606128249848,0.0,0.0,0.0,0.0,0.0,18473,global,0.0
2,5,lr1e-04_bs8_drop0p4_temp2p0_a0p25_b0p05__wd1e-04trmiss0_degmodglobal,8,0.0001,0.0001,0.4,2.0,0.25,0.05,lr1e-04_bs8_drop0p4_temp2p0_a0p25_b0p05__wd1e-04trmiss0_degmodglobal,2,0.7398516535758972,0.6731484830379486,0.5,0.8031857031857033,0.46153846153846156,0.0,0.6813083716801235,0.6952534999166217,0.11937690419810158,0.2950787139790399,0.0,0.0,0.0,0.0,0.0,18473,global,0.0
2,5,lr1e-04_bs8_drop0p4_temp2p0_a0p25_b0p05__wd1e-04trmiss0_degmodglobal,8,0.0001,0.0001,0.4,2.0,0.25,0.05,lr1e-04_bs8_drop0p4_temp2p0_a0p25_b0p05__wd1e-04trmiss0_degmodglobal,3,0.7317197833742414,0.6846433877944946,0.4722222222222222,0.78995818995819,0.38461538461538464,0.0,0.6622527667454311,0.6876383338655744,0.11315107026270457,0.3158738762140274,0.0,0.0,0.0,0.0,0.0,18473,global,0.0
2,5,lr1e-04_bs8_drop0p4_temp2p0_a0p25_b0p05__wd1e-04trmiss0_degmodglobal,8,0.0001,0.0001,0.4,2.0,0.25,0.05,lr1e-04_bs8_drop0p4_temp2p0_a0p25_b0p05__wd1e-04trmiss0_degmodglobal,4,0.672330515725272,0.693263590335846,0.3055555555555556,0.6990851740851742,0.38461538461538464,0.0,0.6958639281136649,0.6341875195503235,0.0994426001395498,0.2656466950263296,0.0,0.0,0.0,0.0,0.0,18473,global,0.0
2,5,lr1e-04_bs8_drop0p4_temp2p0_a0p25_b0p05__wd1e-04trmiss0_degmodglobal,8,0.0001,0.0001,0.4,2.0,0.25,0.05,lr1e-04_bs8_drop0p4_temp2p0_a0p25_b0p05__wd1e-04trmiss0_degmodglobal,5,0.6651221428598676,0.6961001455783844,0.3055555555555556,0.6990851740851742,0.38461538461538464,0.0,0.6862114071846008,0.6326543348176139,0.08396731955664498,0.2295196375676564,0.0,0.0,0.0,0.0,0.0,18473,global,0.0
2,5,lr1e-04_bs8_drop0p4_temp2p0_a0p25_b0p05__wd1e-04trmiss0_degmodglobal,8,0.0001,0.0001,0.4,2.0,0.25,0.05,lr1e-04_bs8_drop0p4_temp2p0_a0p25_b0p05__wd1e-04trmiss0_degmodglobal,6,0.6440665551594326,0.6899914145469666,0.3888888888888889,0.7306989306989309,0.46153846153846156,0.0,0.6623635547501701,0.6076915689877102,0.09448252937623433,0.2550869435071945,0.0,0.0,0.0,0.0,0.0,18473,global,0.0
2,5,lr1e-04_bs8_drop0p4_temp2p0_a0p25_b0p05__wd1e-04trmiss0_degmodglobal,8,0.0001,0.0001,0.4,2.0,0.25,0.05,lr1e-04_bs8_drop0p4_temp2p0_a0p25_b0p05__wd1e-04trmiss0_degmodglobal,7,0.6446496588843209,0.6691471040248871,0.4444444444444444,0.7480750730750731,0.6153846153846154,0.0,0.6199589627129691,0.6120877521378654,0.09949289794479098,0.1537740488669702,0.0,0.0,0.0,0.0,0.0,18473,global,0.0
2,5,lr1e-04_bs8_drop0p4_temp2p0_a0p25_b0p05__wd1e-04trmiss0_degmodglobal,8,0.0001,0.0001,0.4,2.0,0.25,0.05,lr1e-04_bs8_drop0p4_temp2p0_a0p25_b0p05__wd1e-04trmiss0_degmodglobal,8,0.6664776802062988,0.6771322190761566,0.4444444444444444,0.741990416990417,0.6153846153846154,0.0,0.6193468655858722,0.6321532045091901,0.09708337272916522,0.20107330807617732,0.0,0.0,0.0,0.0,0.0,18473,global,0.0
2,5,lr1e-04_bs8_drop0p4_temp2p0_a0p25_b0p05__wd1e-04trmiss0_degmodglobal,8,0.0001,0.0001,0.4,2.0,0.25,0.05,lr1e-04_bs8_drop0p4_temp2p0_a0p25_b0p05__wd1e-04trmiss0_degmodglobal,9,0.651168201650892,0.6866455674171448,0.5277777777777777,0.7698122864789532,0.6153846153846154,0.0,0.6377127000263759,0.6068889328411647,0.10926859719412667,0.3392422135387148,0.0,0.0,0.0,0.0,0.0,18473,global,0.0
2,5,lr1e-04_bs8_drop0p4_temp2p0_a0p25_b0p05__wd1e-04trmiss0_degmodglobal,8,0.0001,0.0001,0.4,2.0,0.25,0.05,lr1e-04_bs8_drop0p4_temp2p0_a0p25_b0p05__wd1e-04trmiss0_degmodglobal,10,0.6411319375038147,0.6828638315200806,0.4166666666666667,0.7148860398860399,0.6153846153846154,0.0,0.6486086589949471,0.6112141353743417,0.08273553209645408,0.18467850663832255,0.0,0.0,0.0,0.0,0.0,18473,global,0.0
2,5,lr1e-04_bs8_drop0p4_temp2p0_a0p25_b0p05__wd1e-04trmiss0_degmodglobal,8,0.0001,0.0001,0.4,2.0,0.25,0.05,lr1e-04_bs8_drop0p4_temp2p0_a0p25_b0p05__wd1e-04trmiss0_degmodglobal,11,0.5942531057766506,0.6677772998809814,0.41666666666666663,0.7413410663410664,0.6153846153846154,0.0,0.6207241501126971,0.5586542401994977,0.092913384948458,0.24741039744445256,0.0,0.0,0.0,0.0,0.0,18473,global,0.0
2,5,lr1e-04_bs8_drop0p4_temp2p0_a0p25_b0p05__wd1e-04trmiss0_degmodglobal,8,0.0001,0.0001,0.4,2.0,0.25,0.05,lr1e-04_bs8_drop0p4_temp2p0_a0p25_b0p05__wd1e-04trmiss0_degmodglobal,12,0.6063850351742336,0.6684712469577789,0.4444444444444444,0.7691188441188441,0.6153846153846154,0.0,0.604632556438446,0.5621152520179749,0.12048474486385073,0.282972337944167,0.0,0.0,0.0,0.0,0.0,18473,global,0.0
2,5,lr1e-04_bs8_drop0p4_temp2p0_a0p25_b0p05__wd1e-04trmiss0_degmodglobal,8,0.0001,0.0001,0.4,2.0,0.25,0.05,lr1e-04_bs8_drop0p4_temp2p0_a0p25_b0p05__wd1e-04trmiss0_degmodglobal,13,0.62289411681039,0.6778776347637177,0.41666666666666663,0.7413410663410664,0.6153846153846154,0.0,0.6484483735901969,0.5751217688832965,0.12191194721630641,0.3458871287958963,0.0,0.0,0.0,0.0,0.0,18473,global,0.0
2,5,lr1e-04_bs8_drop0p4_temp2p0_a0p25_b0p05__wd1e-04trmiss0_degmodglobal,8,0.0001,0.0001,0.4,2.0,0.25,0.05,lr1e-04_bs8_drop0p4_temp2p0_a0p25_b0p05__wd1e-04trmiss0_degmodglobal,14,0.60353136914117,0.6800978481769562,0.3888888888888889,0.7246743996743996,0.6153846153846154,0.0,0.6314060432570321,0.5707283105169024,0.08592746193919863,0.22642394261700766,0.0,0.0,0.0,0.0,0.0,18473,global,0.0
2,5,lr1e-04_bs8_drop0p4_temp2p0_a0p25_b0p05__wd1e-04trmiss0_degmodglobal,8,0.0001,0.0001,0.4,2.0,0.25,0.05,lr1e-04_bs8_drop0p4_temp2p0_a0p25_b0p05__wd1e-04trmiss0_degmodglobal,15,0.594405106135777,0.6607241928577423,0.4722222222222222,0.7758528508528508,0.6923076923076923,0.0,0.5590698208127703,0.554929575749806,0.10376952535339765,0.2706631390111787,0.0,0.0,0.0,0.0,0.0,18473,global,0.0
2,5,lr1e-04_bs8_drop0p4_temp2p0_a0p25_b0p05__wd1e-04trmiss0_degmodglobal,8,0.0001,0.0001,0.4,2.0,0.25,0.05,lr1e-04_bs8_drop0p4_temp2p0_a0p25_b0p05__wd1e-04trmiss0_degmodglobal,16,0.6089664825371334,0.6772263944149017,0.4444444444444444,0.7480750730750731,0.6153846153846154,0.0,0.6022920097623553,0.5691627136298588,0.11186896370989936,0.2367306968995503,0.0,0.0,0.0,0.0,0.0,18473,global,0.0
2,5,lr1e-04_bs8_drop0p4_temp2p0_a0p25_b0p05__wd1e-04trmiss0_degmodglobal,8,0.0001,0.0001,0.4,2.0,0.25,0.05,lr1e-04_bs8_drop0p4_temp2p0_a0p25_b0p05__wd1e-04trmiss0_degmodglobal,17,0.5687625237873623,0.6753607094287872,0.4444444444444444,0.7691188441188441,0.6153846153846154,0.0,0.5856264403888157,0.5251808549676623,0.11574128908770424,0.2929269863026483,0.0,0.0,0.0,0.0,0.0,18473,global,0.0
2,5,lr1e-04_bs8_drop0p4_temp2p0_a0p25_b0p05__wd1e-04trmiss0_degmodglobal,8,0.0001,0.0001,0.4,2.0,0.25,0.05,lr1e-04_bs8_drop0p4_temp2p0_a0p25_b0p05__wd1e-04trmiss0_degmodglobal,18,0.5861123033932277,0.6827110946178436,0.4166666666666667,0.7352564102564103,0.6153846153846154,0.0,0.5763988324574062,0.5490025281906128,0.10235385437096868,0.2304262114422662,0.0,0.0,0.0,0.0,0.0,18473,global,0.0
2,5,lr1e-04_bs8_drop0p4_temp2p0_a0p25_b0p05__wd1e-04trmiss0_degmodglobal,8,0.0001,0.0001,0.4,2.0,0.25,0.05,lr1e-04_bs8_drop0p4_temp2p0_a0p25_b0p05__wd1e-04trmiss0_degmodglobal,19,0.6271442430359977,0.6654778122901917,0.5277777777777778,0.8012496762496764,0.6923076923076923,0.0,0.5843023913247245,0.5788510952677045,0.13726153863327845,0.2795551781143461,0.0,0.0,0.0,0.0,0.0,18473,global,0.0
2,5,lr1e-04_bs8_drop0p4_temp2p0_a0p25_b0p05__wd1e-04trmiss0_degmodglobal,8,0.0001,0.0001,0.4,2.0,0.25,0.05,lr1e-04_bs8_drop0p4_temp2p0_a0p25_b0p05__wd1e-04trmiss0_degmodglobal,20,0.594753086566925,0.6803175508975983,0.5,0.7864348614348615,0.6923076923076923,0.0,0.5992877227919442,0.5549272128513881,0.10162965846913201,0.2883688935211727,0.0,0.0,0.0,0.0,0.0,18473,global,0.0
2,5,lr1e-04_bs8_drop0p4_temp2p0_a0p25_b0p05__wd1e-04trmiss0_degmodglobal,8,0.0001,0.0001,0.4,2.0,0.25,0.05,lr1e-04_bs8_drop0p4_temp2p0_a0p25_b0p05__wd1e-04trmiss0_degmodglobal,21,0.5754147086824689,0.6834414303302765,0.4722222222222222,0.7586570836570836,0.6153846153846154,0.0,0.5961671471595764,0.5324467761175973,0.10841484740376472,0.31728421790259226,0.0,0.0,0.0,0.0,0.0,18473,global,0.0
2,5,lr1e-04_bs8_drop0p4_temp2p0_a0p25_b0p05__wd1e-04trmiss0_degmodglobal,8,0.0001,0.0001,0.4,2.0,0.25,0.05,lr1e-04_bs8_drop0p4_temp2p0_a0p25_b0p05__wd1e-04trmiss0_degmodglobal,22,0.5592692153794425,0.688674807548523,0.4444444444444444,0.7480750730750731,0.6153846153846154,0.0,0.5787245205470494,0.5269845511232104,0.08708072134426662,0.21029001474380493,0.0,0.0,0.0,0.0,0.0,18473,global,0.0
2,5,lr1e-04_bs8_drop0p4_temp2p0_a0p25_b0p05__wd1e-04trmiss0_degmodglobal,8,0.0001,0.0001,0.4,2.0,0.25,0.05,lr1e-04_bs8_drop0p4_temp2p0_a0p25_b0p05__wd1e-04trmiss0_degmodglobal,23,0.5813980826309749,0.6857146620750427,0.4444444444444444,0.7480750730750731,0.6153846153846154,0.0,0.6024405700819833,0.5451747945376805,0.09567994411502566,0.24606560223868915,0.0,0.0,0.0,0.0,0.0,18473,global,0.0
2,5,lr1e-04_bs8_drop0p4_temp2p0_a0p25_b0p05__wd1e-04trmiss0_degmodglobal,8,0.0001,0.0001,0.4,2.0,0.25,0.05,lr1e-04_bs8_drop0p4_temp2p0_a0p25_b0p05__wd1e-04trmiss0_degmodglobal,24,0.5528419188090733,0.6835091710090637,0.41666666666666663,0.6660644910644911,0.6153846153846154,0.0,0.5238940162318093,0.5266925096511841,0.08022638037800789,0.12185658408062798,0.0,0.0,0.0,0.0,0.0,18473,global,0.0
2,5,lr1e-04_bs8_drop0p4_temp2p0_a0p25_b0p05__wd1e-04trmiss0_degmodglobal,8,0.0001,0.0001,0.4,2.0,0.25,0.05,lr1e-04_bs8_drop0p4_temp2p0_a0p25_b0p05__wd1e-04trmiss0_degmodglobal,25,0.574214654309409,0.6841798722743988,0.4444444444444444,0.7216200466200466,0.6153846153846154,0.0,0.5470954137189048,0.5422421608652387,0.0902651734650135,0.18812421496425355,0.0,0.0,0.0,0.0,0.0,18473,global,0.0
2,5,lr1e-04_bs8_drop0p4_temp2p0_a0p25_b0p05__wd1e-04trmiss0_degmodglobal,8,0.0001,0.0001,0.4,2.0,0.25,0.05,lr1e-04_bs8_drop0p4_temp2p0_a0p25_b0p05__wd1e-04trmiss0_degmodglobal,26,0.576339602470398,0.6841129660606384,0.41666666666666663,0.711038036038036,0.6153846153846154,0.0,0.5645432259355273,0.5454726048878261,0.08233837517244476,0.20564801565238408,0.0,0.0,0.0,0.0,0.0,18473,global,0.0
2,5,lr1e-04_bs8_drop0p4_temp2p0_a0p25_b0p05__wd1e-04trmiss0_degmodglobal,8,0.0001,0.0001,0.4,2.0,0.25,0.05,lr1e-04_bs8_drop0p4_temp2p0_a0p25_b0p05__wd1e-04trmiss0_degmodglobal,27,0.5759662304605756,0.6903938353061676,0.38888888888888884,0.6493978243978243,0.6923076923076923,0.0,0.5906817998204913,0.544935120003564,0.07918847192611013,0.22467961481639318,0.0,0.0,0.0,0.0,0.0,18473,global,0.0
2,5,lr1e-04_bs8_drop0p4_temp2p0_a0p25_b0p05__wd1e-04trmiss0_degmodglobal,8,0.0001,0.0001,0.4,2.0,0.25,0.05,lr1e-04_bs8_drop0p4_temp2p0_a0p25_b0p05__wd1e-04trmiss0_degmodglobal,28,0.5351765198366982,0.6875986158847809,0.41666666666666663,0.7049533799533798,0.6153846153846154,0.0,0.5717845388821193,0.502388311283929,0.09477719238826207,0.18187815696001053,0.0,0.0,0.0,0.0,0.0,18473,global,0.0
2,5,lr1e-04_bs8_drop0p4_temp2p0_a0p25_b0p05__wd1e-04trmiss0_degmodglobal,8,0.0001,0.0001,0.4,2.0,0.25,0.05,lr1e-04_bs8_drop0p4_temp2p0_a0p25_b0p05__wd1e-04trmiss0_degmodglobal,29,0.612244359084538,0.6948652267456055,0.41666666666666663,0.7049533799533798,0.6153846153846154,0.0,0.5673952656132835,0.5726325299058642,0.10571193801505226,0.26367673224636484,0.0,0.0,0.0,0.0,0.0,18473,global,0.0
2,5,lr1e-04_bs8_drop0p4_temp2p0_a0p25_b0p05__wd1e-04trmiss0_degmodglobal,8,0.0001,0.0001,0.4,2.0,0.25,0.05,lr1e-04_bs8_drop0p4_temp2p0_a0p25_b0p05__wd1e-04trmiss0_degmodglobal,30,0.5479175022670201,0.6910354495048523,0.4444444444444444,0.741990416990417,0.6923076923076923,0.0,0.5659308433532715,0.5121085728917804,0.10153546397175107,0.20850132618631637,0.0,0.0,0.0,0.0,0.0,18473,global,0.0
2,5,lr1e-04_bs8_drop0p4_temp2p0_a0p25_b0p05__wd1e-04trmiss0_degmodglobal,8,0.0001,0.0001,0.4,2.0,0.25,0.05,lr1e-04_bs8_drop0p4_temp2p0_a0p25_b0p05__wd1e-04trmiss0_degmodglobal,31,0.5868632793426514,0.6915713250637054,0.4444444444444444,0.741990416990417,0.6923076923076923,0.0,0.5979944893292019,0.55580991932324,0.08624699019959994,0.18983242501105582,0.0,0.0,0.0,0.0,0.0,18473,global,0.0
2,5,lr1e-04_bs8_drop0p4_temp2p0_a0p25_b0p05__wd1e-04trmiss0_degmodglobal,8,0.0001,0.0001,0.4,2.0,0.25,0.05,lr1e-04_bs8_drop0p4_temp2p0_a0p25_b0p05__wd1e-04trmiss0_degmodglobal,32,0.5511456898280552,0.6897276043891907,0.4444444444444444,0.741990416990417,0.6153846153846154,0.0,0.5607909900801522,0.5217751009123666,0.07667095054473196,0.2040571038212095,0.0,0.0,0.0,0.0,0.0,18473,global,0.0
2,5,lr1e-04_bs8_drop0p4_temp2p0_a0p25_b0p05__wd1e-04trmiss0_degmodglobal,8,0.0001,0.0001,0.4,2.0,0.25,0.05,lr1e-04_bs8_drop0p4_temp2p0_a0p25_b0p05__wd1e-04trmiss0_degmodglobal,33,0.5815385239464896,0.6904045045375824,0.41666666666666663,0.7049533799533798,0.6153846153846154,0.0,0.5583584989820208,0.5419327701841082,0.10479178811822619,0.2681561697806631,0.0,0.0,0.0,0.0,0.0,18473,global,0.0
2,5,lr1e-04_bs8_drop0p4_temp2p0_a0p25_b0p05__wd1e-04trmiss0_degmodglobal,8,0.0001,0.0001,0.4,2.0,0.25,0.05,lr1e-04_bs8_drop0p4_temp2p0_a0p25_b0p05__wd1e-04trmiss0_degmodglobal,34,0.6079521349498204,0.6852124333381653,0.41666666666666663,0.7049533799533798,0.6153846153846154,0.0,0.5493140050343105,0.5797866327422005,0.07814455032348633,0.17258736810513906,0.0,0.0,0.0,0.0,0.0,18473,global,0.0
2,5,lr1e-04_bs8_drop0p4_temp2p0_a0p25_b0p05__wd1e-04trmiss0_degmodglobal,8,0.0001,0.0001,0.4,2.0,0.25,0.05,lr1e-04_bs8_drop0p4_temp2p0_a0p25_b0p05__wd1e-04trmiss0_degmodglobal,35,0.566837340593338,0.6911663115024567,0.38888888888888884,0.6943713693713693,0.6923076923076923,0.0,0.5643976330757141,0.5211415546280997,0.12846810317465238,0.27157545728342875,0.0,0.0,0.0,0.0,0.0,18473,global,0.0
2,5,lr1e-04_bs8_drop0p4_temp2p0_a0p25_b0p05__wd1e-04trmiss0_degmodglobal,8,0.0001,0.0001,0.4,2.0,0.25,0.05,lr1e-04_bs8_drop0p4_temp2p0_a0p25_b0p05__wd1e-04trmiss0_degmodglobal,36,0.6155652148383004,0.6939835846424103,0.38888888888888884,0.7202972952972952,0.6923076923076923,0.0,0.6019494363239833,0.5738813877105713,0.10347234670604978,0.3163149058818817,0.0,0.0,0.0,0.0,0.0,18473,global,0.0
2,5,lr1e-04_bs8_drop0p4_temp2p0_a0p25_b0p05__wd1e-04trmiss0_degmodglobal,8,0.0001,0.0001,0.4,2.0,0.25,0.05,lr1e-04_bs8_drop0p4_temp2p0_a0p25_b0p05__wd1e-04trmiss0_degmodglobal,37,0.5763162629944938,0.6863590776920319,0.41666666666666663,0.7314084064084063,0.6923076923076923,0.0,0.5783239943640572,0.5382674762180873,0.10499626398086548,0.2359942431960787,0.0,0.0,0.0,0.0,0.0,18473,global,0.0
2,5,lr1e-04_bs8_drop0p4_temp2p0_a0p25_b0p05__wd1e-04trmiss0_degmodglobal,8,0.0001,0.0001,0.4,2.0,0.25,0.05,lr1e-04_bs8_drop0p4_temp2p0_a0p25_b0p05__wd1e-04trmiss0_degmodglobal,38,0.5735628860337394,0.6860274076461792,0.38888888888888884,0.7202972952972952,0.6923076923076923,0.0,0.573680213519505,0.5376654693058559,0.09428137966564723,0.2465412031326975,0.0,0.0,0.0,0.0,0.0,18473,global,0.0
2,5,lr1e-04_bs8_drop0p4_temp2p0_a0p25_b0p05__wd1e-04trmiss0_degmodglobal,8,0.0001,0.0001,0.4,2.0,0.25,0.05,lr1e-04_bs8_drop0p4_temp2p0_a0p25_b0p05__wd1e-04trmiss0_degmodglobal,39,0.5352366822106498,0.6827186644077301,0.38888888888888884,0.7202972952972952,0.6923076923076923,0.0,0.5447597759110587,0.5011763487543378,0.09575947427323886,0.2024088469999177,0.0,0.0,0.0,0.0,0.0,18473,global,0.0
2,5,lr5e-05_bs8_drop0p2_temp1p0_a0p25_b0p05__wd1e-04trmiss0_degmodglobal,8,5e-05,0.0001,0.2,1.0,0.25,0.05,lr5e-05_bs8_drop0p2_temp1p0_a0p25_b0p05__wd1e-04trmiss0_degmodglobal,1,0.7113024507250104,0.6856482625007629,0.3888888888888889,0.6896705146705147,0.5384615384615384,0.0,0.7409241625240871,0.6976627281733921,0.03524600501571383,0.09656462392636708,0.0,0.0,0.0,0.0,0.0,18473,global,0.0
2,5,lr5e-05_bs8_drop0p2_temp1p0_a0p25_b0p05__wd1e-04trmiss0_degmodglobal,8,5e-05,0.0001,0.2,1.0,0.25,0.05,lr5e-05_bs8_drop0p2_temp1p0_a0p25_b0p05__wd1e-04trmiss0_degmodglobal,2,0.6908266033445086,0.6908231377601624,0.41666666666666663,0.6963554963554963,0.46153846153846156,0.0,0.7228669694491795,0.6733043023518154,0.043289893972022195,0.13399659629379,0.0,0.0,0.0,0.0,0.0,18473,global,0.0
2,5,lr5e-05_bs8_drop0p2_temp1p0_a0p25_b0p05__wd1e-04trmiss0_degmodglobal,8,5e-05,0.0001,0.2,1.0,0.25,0.05,lr5e-05_bs8_drop0p2_temp1p0_a0p25_b0p05__wd1e-04trmiss0_degmodglobal,3,0.6669666256223407,0.6915619373321533,0.4444444444444444,0.7148740148740149,0.5384615384615384,0.0,0.6931524617331368,0.6545837862151009,0.03425462916493416,0.0763835140636989,0.0,0.0,0.0,0.0,0.0,18473,global,0.0
2,5,lr5e-05_bs8_drop0p2_temp1p0_a0p25_b0p05__wd1e-04trmiss0_degmodglobal,8,5e-05,0.0001,0.2,1.0,0.25,0.05,lr5e-05_bs8_drop0p2_temp1p0_a0p25_b0p05__wd1e-04trmiss0_degmodglobal,4,0.6435813648360116,0.6888199746608734,0.5277777777777778,0.7833925333925336,0.5384615384615384,0.0,0.6990749921117511,0.6298254558018276,0.03895381252680506,0.08034904354384967,0.0,0.0,0.0,0.0,0.0,18473,global,0.0
2,5,lr5e-05_bs8_drop0p2_temp1p0_a0p25_b0p05__wd1e-04trmiss0_degmodglobal,8,5e-05,0.0001,0.2,1.0,0.25,0.05,lr5e-05_bs8_drop0p2_temp1p0_a0p25_b0p05__wd1e-04trmiss0_degmodglobal,5,0.6211340342249189,0.689217746257782,0.49999999999999994,0.7407999407999408,0.5384615384615384,0.0,0.680452253137316,0.6086454732077462,0.03277031811220305,0.08591976442507335,0.0,0.0,0.0,0.0,0.0,18473,global,0.0
2,5,lr5e-05_bs8_drop0p2_temp1p0_a0p25_b0p05__wd1e-04trmiss0_degmodglobal,8,5e-05,0.0001,0.2,1.0,0.25,0.05,lr5e-05_bs8_drop0p2_temp1p0_a0p25_b0p05__wd1e-04trmiss0_degmodglobal,6,0.6266744562557766,0.6859685480594635,0.49999999999999994,0.6938863605530272,0.5384615384615384,0.0,0.6715107304709298,0.6107731802122933,0.041827816516160965,0.10888647926705224,0.0,0.0,0.0,0.0,0.0,18473,global,0.0
2,5,lr5e-05_bs8_drop0p2_temp1p0_a0p25_b0p05__wd1e-04trmiss0_degmodglobal,8,5e-05,0.0001,0.2,1.0,0.25,0.05,lr5e-05_bs8_drop0p2_temp1p0_a0p25_b0p05__wd1e-04trmiss0_degmodglobal,7,0.6352466515132359,0.6874989569187164,0.4444444444444444,0.6657287157287157,0.5384615384615384,0.0,0.6688729694911412,0.6206623230661664,0.03963736950286797,0.09349967539310455,0.0,0.0,0.0,0.0,0.0,18473,global,0.0
2,5,lr5e-05_bs8_drop0p2_temp1p0_a0p25_b0p05__wd1e-04trmiss0_degmodglobal,8,5e-05,0.0001,0.2,1.0,0.25,0.05,lr5e-05_bs8_drop0p2_temp1p0_a0p25_b0p05__wd1e-04trmiss0_degmodglobal,8,0.6120583670479911,0.6949476003646851,0.4166666666666667,0.6472101972101972,0.46153846153846156,0.0,0.6526046735899789,0.5968789628573826,0.03923069765525205,0.10743459633418492,0.0,0.0,0.0,0.0,0.0,18473,global,0.0
2,5,lr5e-05_bs8_drop0p2_temp1p0_a0p25_b0p05__wd1e-04trmiss0_degmodglobal,8,5e-05,0.0001,0.2,1.0,0.25,0.05,lr5e-05_bs8_drop0p2_temp1p0_a0p25_b0p05__wd1e-04trmiss0_degmodglobal,9,0.6120292544364929,0.6954587697982788,0.4166666666666667,0.6472101972101972,0.5384615384615384,0.0,0.6401346070425851,0.596751230103629,0.041516486023153575,0.097977842603411,0.0,0.0,0.0,0.0,0.0,18473,global,0.0
2,5,lr5e-05_bs8_drop0p2_temp1p0_a0p25_b0p05__wd1e-04trmiss0_degmodglobal,8,5e-05,0.0001,0.2,1.0,0.25,0.05,lr5e-05_bs8_drop0p2_temp1p0_a0p25_b0p05__wd1e-04trmiss0_degmodglobal,10,0.6128815838268825,0.693955272436142,0.3888888888888889,0.6407999407999408,0.5384615384615384,0.0,0.6596577848706927,0.5956936308315822,0.04584119176226003,0.11455321311950684,0.0,0.0,0.0,0.0,0.0,18473,global,0.0
2,5,lr5e-05_bs8_drop0p2_temp1p0_a0p25_b0p05__wd1e-04trmiss0_degmodglobal,8,5e-05,0.0001,0.2,1.0,0.25,0.05,lr5e-05_bs8_drop0p2_temp1p0_a0p25_b0p05__wd1e-04trmiss0_degmodglobal,11,0.5962684409958976,0.6909252405166626,0.41666666666666663,0.6593184593184593,0.5384615384615384,0.0,0.6410646949495588,0.5820959380694798,0.042364378326705525,0.0716283747128078,0.0,0.0,0.0,0.0,0.0,18473,global,0.0
2,5,lr5e-05_bs8_drop0p2_temp1p0_a0p25_b0p05__wd1e-04trmiss0_degmodglobal,8,5e-05,0.0001,0.2,1.0,0.25,0.05,lr5e-05_bs8_drop0p2_temp1p0_a0p25_b0p05__wd1e-04trmiss0_degmodglobal,12,0.5974413752555847,0.6860438287258148,0.49999999999999994,0.7407999407999408,0.5384615384615384,0.0,0.6352377278464181,0.5827515976769584,0.03995933197438717,0.09399864662970815,0.0,0.0,0.0,0.0,0.0,18473,global,0.0
2,5,lr5e-05_bs8_drop0p2_temp1p0_a0p25_b0p05__wd1e-04trmiss0_degmodglobal,8,5e-05,0.0001,0.2,1.0,0.25,0.05,lr5e-05_bs8_drop0p2_temp1p0_a0p25_b0p05__wd1e-04trmiss0_degmodglobal,13,0.6111402426447187,0.6857810616493225,0.41666666666666663,0.6593184593184593,0.46153846153846156,0.0,0.636294390474047,0.5951143077441624,0.042470390775374005,0.10816655893410955,0.0,0.0,0.0,0.0,0.0,18473,global,0.0
2,5,lr5e-05_bs8_drop0p2_temp1p0_a0p25_b0p05__wd1e-04trmiss0_degmodglobal,8,5e-05,0.0001,0.2,1.0,0.25,0.05,lr5e-05_bs8_drop0p2_temp1p0_a0p25_b0p05__wd1e-04trmiss0_degmodglobal,14,0.5856946706771851,0.6928993165493011,0.4166666666666667,0.6692511192511194,0.5384615384615384,0.0,0.5969371710504804,0.5695215037890843,0.04229078069329262,0.11200967005320958,0.0,0.0,0.0,0.0,0.0,18473,global,0.0
2,5,lr5e-05_bs8_drop0p2_temp1p0_a0p25_b0p05__wd1e-04trmiss0_degmodglobal,8,5e-05,0.0001,0.2,1.0,0.25,0.05,lr5e-05_bs8_drop0p2_temp1p0_a0p25_b0p05__wd1e-04trmiss0_degmodglobal,15,0.5865107519286019,0.6844691336154938,0.4444444444444444,0.6759851259851261,0.46153846153846156,0.0,0.6330846377781459,0.5673540660313198,0.049272055072443824,0.13677332497068814,0.0,0.0,0.0,0.0,0.0,18473,global,0.0
2,5,lr5e-05_bs8_drop0p2_temp1p0_a0p25_b0p05__wd1e-04trmiss0_degmodglobal,8,5e-05,0.0001,0.2,1.0,0.25,0.05,lr5e-05_bs8_drop0p2_temp1p0_a0p25_b0p05__wd1e-04trmiss0_degmodglobal,16,0.5834397418158395,0.6836886703968048,0.41666666666666663,0.6593184593184593,0.46153846153846156,0.0,0.62249242407935,0.5653243064880371,0.051883443125656674,0.10289130892072405,0.0,0.0,0.0,0.0,0.0,18473,global,0.0
2,5,lr5e-05_bs8_drop0p2_temp1p0_a0p25_b0p05__wd1e-04trmiss0_degmodglobal,8,5e-05,0.0001,0.2,1.0,0.25,0.05,lr5e-05_bs8_drop0p2_temp1p0_a0p25_b0p05__wd1e-04trmiss0_degmodglobal,17,0.6050388813018799,0.6866157948970795,0.41666666666666663,0.6593184593184593,0.46153846153846156,0.0,0.6142161233084542,0.5899032013756889,0.04237009797777448,0.09086320868560246,0.0,0.0,0.0,0.0,0.0,18473,global,0.0
2,5,lr5e-05_bs8_drop0p2_temp1p0_a0p25_b0p05__wd1e-04trmiss0_degmodglobal,8,5e-05,0.0001,0.2,1.0,0.25,0.05,lr5e-05_bs8_drop0p2_temp1p0_a0p25_b0p05__wd1e-04trmiss0_degmodglobal,18,0.5773921694074359,0.6836597919464111,0.4444444444444444,0.7148740148740149,0.46153846153846156,0.0,0.6133913227490017,0.561681500502995,0.04402100374656064,0.09410867121602808,0.0,0.0,0.0,0.0,0.0,18473,global,0.0
2,5,lr5e-05_bs8_drop0p2_temp1p0_a0p25_b0p05__wd1e-04trmiss0_degmodglobal,8,5e-05,0.0001,0.2,1.0,0.25,0.05,lr5e-05_bs8_drop0p2_temp1p0_a0p25_b0p05__wd1e-04trmiss0_degmodglobal,19,0.5755709665162223,0.6788868010044098,0.4722222222222222,0.7212842712842713,0.5384615384615384,0.0,0.601557058947427,0.5612916009766715,0.03740221049104418,0.09857615509203502,0.0,0.0,0.0,0.0,0.0,18473,global,0.0
2,5,lr5e-05_bs8_drop0p2_temp1p0_a0p25_b0p05__wd1e-04trmiss0_degmodglobal,8,5e-05,0.0001,0.2,1.0,0.25,0.05,lr5e-05_bs8_drop0p2_temp1p0_a0p25_b0p05__wd1e-04trmiss0_degmodglobal,20,0.5680235624313354,0.6818095147609711,0.4444444444444444,0.7148740148740149,0.5384615384615384,0.0,0.5906871897833688,0.5524445176124573,0.04358518788857119,0.09365487737315041,0.0,0.0,0.0,0.0,0.0,18473,global,0.0
2,5,lr5e-05_bs8_drop0p2_temp1p0_a0p25_b0p05__wd1e-04trmiss0_degmodglobal,8,5e-05,0.0001,0.2,1.0,0.25,0.05,lr5e-05_bs8_drop0p2_temp1p0_a0p25_b0p05__wd1e-04trmiss0_degmodglobal,21,0.5604751450674874,0.6732276976108551,0.4444444444444444,0.7480750730750731,0.5384615384615384,0.0,0.592240742274693,0.5408230594226292,0.05550605111888477,0.11551160258906228,0.0,0.0,0.0,0.0,0.0,18473,global,0.0
2,5,lr5e-05_bs8_drop0p2_temp1p0_a0p25_b0p05__wd1e-04trmiss0_degmodglobal,8,5e-05,0.0001,0.2,1.0,0.25,0.05,lr5e-05_bs8_drop0p2_temp1p0_a0p25_b0p05__wd1e-04trmiss0_degmodglobal,22,0.561622040612357,0.6731782257556915,0.3611111111111111,0.6832602582602583,0.6153846153846154,0.0,0.5749858362334115,0.5447355679103306,0.045385349807994704,0.11080264619418553,0.0,0.0,0.0,0.0,0.0,18473,global,0.0
2,5,lr5e-05_bs8_drop0p2_temp1p0_a0p25_b0p05__wd1e-04trmiss0_degmodglobal,8,5e-05,0.0001,0.2,1.0,0.25,0.05,lr5e-05_bs8_drop0p2_temp1p0_a0p25_b0p05__wd1e-04trmiss0_degmodglobal,23,0.5805850454739162,0.6754736304283142,0.38888888888888884,0.6943713693713693,0.6153846153846154,0.0,0.5867335796356201,0.5631725106920514,0.04921616613864899,0.10216993732111794,0.0,0.0,0.0,0.0,0.0,18473,global,0.0
2,5,lr5e-05_bs8_drop0p2_temp1p0_a0p25_b0p05__wd1e-04trmiss0_degmodglobal,8,5e-05,0.0001,0.2,1.0,0.25,0.05,lr5e-05_bs8_drop0p2_temp1p0_a0p25_b0p05__wd1e-04trmiss0_degmodglobal,24,0.5402454052652631,0.6780947744846344,0.38888888888888884,0.6864348614348614,0.6153846153846154,0.0,0.5798061149460929,0.5253194996288845,0.04178675689867565,0.08958457756255354,0.0,0.0,0.0,0.0,0.0,18473,global,0.0
2,5,lr5e-05_bs8_drop0p2_temp1p0_a0p25_b0p05__wd1e-04trmiss0_degmodglobal,8,5e-05,0.0001,0.2,1.0,0.25,0.05,lr5e-05_bs8_drop0p2_temp1p0_a0p25_b0p05__wd1e-04trmiss0_degmodglobal,25,0.5373315513134003,0.6763636767864227,0.3611111111111111,0.6758528508528507,0.6153846153846154,0.0,0.5909485646656581,0.5231850956167493,0.0382571920220341,0.09164287309561457,0.0,0.0,0.0,0.0,0.0,18473,global,0.0
2,5,lr5e-05_bs8_drop0p2_temp1p0_a0p25_b0p05__wd1e-04trmiss0_degmodglobal,8,5e-05,0.0001,0.2,1.0,0.25,0.05,lr5e-05_bs8_drop0p2_temp1p0_a0p25_b0p05__wd1e-04trmiss0_degmodglobal,26,0.5560399975095477,0.6807574331760406,0.38888888888888884,0.6864348614348614,0.5384615384615384,0.0,0.5644289340291705,0.5367932915687561,0.05360954946705273,0.11688638159206935,0.0,0.0,0.0,0.0,0.0,18473,global,0.0
2,5,lr5e-05_bs8_drop0p2_temp2p0_a0p25_b0p05__wd1e-04trmiss0_degmodglobal,8,5e-05,0.0001,0.2,2.0,0.25,0.05,lr5e-05_bs8_drop0p2_temp2p0_a0p25_b0p05__wd1e-04trmiss0_degmodglobal,1,0.7292407836232867,0.7009269297122955,0.5,0.7822631072631072,0.3076923076923077,0.0,0.6683759944779533,0.705222623688834,0.05449555069208145,0.20788531644003733,0.0,0.0,0.0,0.0,0.0,18473,global,0.0
2,5,lr5e-05_bs8_drop0p2_temp2p0_a0p25_b0p05__wd1e-04trmiss0_degmodglobal,8,5e-05,0.0001,0.2,2.0,0.25,0.05,lr5e-05_bs8_drop0p2_temp2p0_a0p25_b0p05__wd1e-04trmiss0_degmodglobal,2,0.7118232846260071,0.6983886957168579,0.5,0.7822631072631072,0.3076923076923077,0.0,0.6210219264030457,0.6881456460271563,0.050754258675234656,0.2197812625340053,0.0,0.0,0.0,0.0,0.0,18473,global,0.0
2,5,lr5e-05_bs8_drop0p2_temp2p0_a0p25_b0p05__wd1e-04trmiss0_degmodglobal,8,5e-05,0.0001,0.2,2.0,0.25,0.05,lr5e-05_bs8_drop0p2_temp2p0_a0p25_b0p05__wd1e-04trmiss0_degmodglobal,3,0.6947844709668841,0.6901102364063263,0.5555555555555556,0.8234718984718985,0.46153846153846156,0.0,0.6041024327278137,0.6740447112492153,0.04606542895947184,0.18446795216628484,0.0,0.0,0.0,0.0,0.0,18473,global,0.0
2,5,lr5e-05_bs8_drop0p2_temp2p0_a0p25_b0p05__wd1e-04trmiss0_degmodglobal,8,5e-05,0.0001,0.2,2.0,0.25,0.05,lr5e-05_bs8_drop0p2_temp2p0_a0p25_b0p05__wd1e-04trmiss0_degmodglobal,4,0.6848068918500628,0.6898565590381622,0.6111111111111112,0.8308080808080809,0.5384615384615384,0.0,0.5691565488065992,0.6634961281503949,0.04829424460019384,0.18474370134728296,0.0,0.0,0.0,0.0,0.0,18473,global,0.0
2,5,lr5e-05_bs8_drop0p2_temp2p0_a0p25_b0p05__wd1e-04trmiss0_degmodglobal,8,5e-05,0.0001,0.2,2.0,0.25,0.05,lr5e-05_bs8_drop0p2_temp2p0_a0p25_b0p05__wd1e-04trmiss0_degmodglobal,5,0.6798931615693229,0.6912938058376312,0.6666666666666667,0.8622895622895623,0.5384615384615384,0.0,0.567940639598029,0.6569278495652335,0.054423188524586816,0.18719030065195902,0.0,0.0,0.0,0.0,0.0,18473,global,0.0
2,5,lr5e-05_bs8_drop0p2_temp2p0_a0p25_b0p05__wd1e-04trmiss0_degmodglobal,8,5e-05,0.0001,0.2,2.0,0.25,0.05,lr5e-05_bs8_drop0p2_temp2p0_a0p25_b0p05__wd1e-04trmiss0_degmodglobal,6,0.647458689553397,0.6913146078586578,0.6388888888888888,0.8490620490620491,0.6153846153846154,0.0,0.5324352170739856,0.6249659146581378,0.05358868624482836,0.18191201239824295,0.0,0.0,0.0,0.0,0.0,18473,global,0.0
2,5,lr5e-05_bs8_drop0p2_temp2p0_a0p25_b0p05__wd1e-04trmiss0_degmodglobal,8,5e-05,0.0001,0.2,2.0,0.25,0.05,lr5e-05_bs8_drop0p2_temp2p0_a0p25_b0p05__wd1e-04trmiss0_degmodglobal,7,0.6478888988494873,0.6873966753482819,0.6388888888888888,0.8610500610500611,0.6153846153846154,0.0,0.5584239321095603,0.6223354850496564,0.06033208700163024,0.20940818105425155,0.0,0.0,0.0,0.0,0.0,18473,global,0.0
2,5,lr5e-05_bs8_drop0p2_temp2p0_a0p25_b0p05__wd1e-04trmiss0_degmodglobal,8,5e-05,0.0001,0.2,2.0,0.25,0.05,lr5e-05_bs8_drop0p2_temp2p0_a0p25_b0p05__wd1e-04trmiss0_degmodglobal,8,0.6638597420283726,0.6966613829135895,0.5833333333333333,0.8398860398860402,0.6153846153846154,0.0,0.5378044205052512,0.6390115107808795,0.05852375977805683,0.20434564990656717,0.0,0.0,0.0,0.0,0.0,18473,global,0.0
2,5,lr5e-05_bs8_drop0p2_temp2p0_a0p25_b0p05__wd1e-04trmiss0_degmodglobal,8,5e-05,0.0001,0.2,2.0,0.25,0.05,lr5e-05_bs8_drop0p2_temp2p0_a0p25_b0p05__wd1e-04trmiss0_degmodglobal,9,0.6451387235096523,0.6987690627574921,0.6944444444444444,0.8741943241943244,0.6153846153846154,0.0,0.5267023231301989,0.619527552809034,0.05954273869948728,0.21450972344194139,0.0,0.0,0.0,0.0,0.0,18473,global,0.0
2,5,lr5e-05_bs8_drop0p2_temp2p0_a0p25_b0p05__wd1e-04trmiss0_degmodglobal,8,5e-05,0.0001,0.2,2.0,0.25,0.05,lr5e-05_bs8_drop0p2_temp2p0_a0p25_b0p05__wd1e-04trmiss0_degmodglobal,10,0.6489673852920532,0.6923102140426636,0.6111111111111112,0.8584045584045585,0.6153846153846154,0.0,0.5098565093108586,0.61447559935706,0.08094711867826325,0.28510019183158875,0.0,0.0,0.0,0.0,0.0,18473,global,0.0
2,5,lr5e-05_bs8_drop0p2_temp2p0_a0p25_b0p05__wd1e-04trmiss0_degmodglobal,8,5e-05,0.0001,0.2,2.0,0.25,0.05,lr5e-05_bs8_drop0p2_temp2p0_a0p25_b0p05__wd1e-04trmiss0_degmodglobal,11,0.6563959802900042,0.702434241771698,0.5555555555555556,0.8111703111703112,0.46153846153846156,0.0,0.527650773525238,0.6279374786785671,0.06790217331477574,0.22965915501117706,0.0,0.0,0.0,0.0,0.0,18473,global,0.0
2,5,lr5e-05_bs8_drop0p2_temp2p0_a0p25_b0p05__wd1e-04trmiss0_degmodglobal,8,5e-05,0.0001,0.2,2.0,0.25,0.05,lr5e-05_bs8_drop0p2_temp2p0_a0p25_b0p05__wd1e-04trmiss0_degmodglobal,12,0.6141031980514526,0.6969657242298126,0.5,0.7864348614348615,0.46153846153846156,0.0,0.5097624148641314,0.5862399509974888,0.06730651802250318,0.22073242494038173,0.0,0.0,0.0,0.0,0.0,18473,global,0.0
2,5,lr5e-05_bs8_drop0p2_temp2p0_a0p25_b0p05__wd1e-04trmiss0_degmodglobal,8,5e-05,0.0001,0.2,2.0,0.25,0.05,lr5e-05_bs8_drop0p2_temp2p0_a0p25_b0p05__wd1e-04trmiss0_degmodglobal,13,0.6401551961898804,0.6942140161991119,0.5555555555555556,0.8328153328153329,0.5384615384615384,0.0,0.5263654163905552,0.6167318820953369,0.05598889983126095,0.1885218545794487,0.0,0.0,0.0,0.0,0.0,18473,global,0.0
2,5,lr5e-05_bs8_drop0p2_temp2p0_a0p25_b0p05__wd1e-04trmiss0_degmodglobal,8,5e-05,0.0001,0.2,2.0,0.25,0.05,lr5e-05_bs8_drop0p2_temp2p0_a0p25_b0p05__wd1e-04trmiss0_degmodglobal,14,0.6100210888045174,0.6806930303573608,0.6388888888888888,0.8676638176638178,0.6153846153846154,0.0,0.4878528927053724,0.5799565740994045,0.07301438120859009,0.23621860572269984,0.0,0.0,0.0,0.0,0.0,18473,global,0.0
2,5,lr5e-05_bs8_drop0p2_temp2p0_a0p25_b0p05__wd1e-04trmiss0_degmodglobal,8,5e-05,0.0001,0.2,2.0,0.25,0.05,lr5e-05_bs8_drop0p2_temp2p0_a0p25_b0p05__wd1e-04trmiss0_degmodglobal,15,0.6095238242830548,0.6870660781860352,0.6944444444444444,0.8863025863025864,0.6923076923076923,0.0,0.488436153956822,0.5820695246968951,0.06753906022225108,0.2113906592130661,0.0,0.0,0.0,0.0,0.0,18473,global,0.0
2,5,lr5e-05_bs8_drop0p2_temp2p0_a0p25_b0p05__wd1e-04trmiss0_degmodglobal,8,5e-05,0.0001,0.2,2.0,0.25,0.05,lr5e-05_bs8_drop0p2_temp2p0_a0p25_b0p05__wd1e-04trmiss0_degmodglobal,16,0.5990769011633736,0.6933103501796722,0.6666666666666666,0.8743978243978245,0.6153846153846154,0.0,0.46341914790017263,0.5670702883175441,0.08164369634219579,0.2319138433252062,0.0,0.0,0.0,0.0,0.0,18473,global,0.0
2,5,lr5e-05_bs8_drop0p2_temp2p0_a0p25_b0p05__wd1e-04trmiss0_degmodglobal,8,5e-05,0.0001,0.2,2.0,0.25,0.05,lr5e-05_bs8_drop0p2_temp2p0_a0p25_b0p05__wd1e-04trmiss0_degmodglobal,17,0.6084010175296238,0.683573991060257,0.6944444444444444,0.8954415954415955,0.6923076923076923,0.0,0.47573003598621916,0.5758199862071446,0.07991790824702807,0.25203120708465576,0.0,0.0,0.0,0.0,0.0,18473,global,0.0
2,5,lr5e-05_bs8_drop0p2_temp2p0_a0p25_b0p05__wd1e-04trmiss0_degmodglobal,8,5e-05,0.0001,0.2,2.0,0.25,0.05,lr5e-05_bs8_drop0p2_temp2p0_a0p25_b0p05__wd1e-04trmiss0_degmodglobal,18,0.5869959507669721,0.6736731231212616,0.6388888888888888,0.8676638176638178,0.6153846153846154,0.0,0.5068770774773189,0.5584134544645037,0.07399934902787209,0.20165307181222097,0.0,0.0,0.0,0.0,0.0,18473,global,0.0
2,5,lr5e-05_bs8_drop0p2_temp2p0_a0p25_b0p05__wd1e-04trmiss0_degmodglobal,8,5e-05,0.0001,0.2,2.0,0.25,0.05,lr5e-05_bs8_drop0p2_temp2p0_a0p25_b0p05__wd1e-04trmiss0_degmodglobal,19,0.6091798714229039,0.6793270707130432,0.6666666666666666,0.8883708883708885,0.7692307692307693,0.0,0.47797430413109915,0.5811729090554374,0.06868153810501099,0.21673169093472616,0.0,0.0,0.0,0.0,0.0,18473,global,0.0
2,5,lr5e-05_bs8_drop0p2_temp2p0_a0p25_b0p05__wd1e-04trmiss0_degmodglobal,8,5e-05,0.0001,0.2,2.0,0.25,0.05,lr5e-05_bs8_drop0p2_temp2p0_a0p25_b0p05__wd1e-04trmiss0_degmodglobal,20,0.6052544713020325,0.678881049156189,0.6944444444444444,0.8882105548772217,0.6923076923076923,0.0,0.47260350414684843,0.5725091099739075,0.08203113504818507,0.24475163859980448,0.0,0.0,0.0,0.0,0.0,18473,global,0.0
2,5,lr5e-05_bs8_drop0p2_temp2p0_a0p25_b0p05__wd1e-04trmiss0_degmodglobal,8,5e-05,0.0001,0.2,2.0,0.25,0.05,lr5e-05_bs8_drop0p2_temp2p0_a0p25_b0p05__wd1e-04trmiss0_degmodglobal,21,0.5892411300114223,0.6896774768829346,0.6666666666666667,0.8795685795685797,0.6153846153846154,0.0,0.47646489313670565,0.5647001436778477,0.05810374979461942,0.20030092341559275,0.0,0.0,0.0,0.0,0.0,18473,global,0.0
2,5,lr5e-05_bs8_drop0p2_temp2p0_a0p25_b0p05__wd1e-04trmiss0_degmodglobal,8,5e-05,0.0001,0.2,2.0,0.25,0.05,lr5e-05_bs8_drop0p2_temp2p0_a0p25_b0p05__wd1e-04trmiss0_degmodglobal,22,0.6189144253730774,0.6947973370552063,0.6111111111111112,0.8466200466200469,0.6153846153846154,0.0,0.4955721752984183,0.5804783531597683,0.0922815522977284,0.30731347629002165,0.0,0.0,0.0,0.0,0.0,18473,global,0.0
2,5,lr5e-05_bs8_drop0p2_temp2p0_a0p25_b0p05__wd1e-04trmiss0_degmodglobal,8,5e-05,0.0001,0.2,2.0,0.25,0.05,lr5e-05_bs8_drop0p2_temp2p0_a0p25_b0p05__wd1e-04trmiss0_degmodglobal,23,0.6135549119540623,0.6956567466259003,0.5555555555555556,0.8328153328153329,0.5384615384615384,0.0,0.45313357029642376,0.5747618164334979,0.09792683167116982,0.28622810755457195,0.0,0.0,0.0,0.0,0.0,18473,global,0.0
2,5,lr5e-05_bs8_drop0p2_temp2p0_a0p25_b0p05__wd1e-04trmiss0_degmodglobal,8,5e-05,0.0001,0.2,2.0,0.25,0.05,lr5e-05_bs8_drop0p2_temp2p0_a0p25_b0p05__wd1e-04trmiss0_degmodglobal,24,0.5961506111281258,0.6847894489765167,0.5555555555555556,0.8328153328153329,0.5384615384615384,0.0,0.45784524934632437,0.5592777814183917,0.09295941782849175,0.27265986587320057,0.0,0.0,0.0,0.0,0.0,18473,global,0.0
2,5,lr5e-05_bs8_drop0p2_temp2p0_a0p25_b0p05__wd1e-04trmiss0_degmodglobal,8,5e-05,0.0001,0.2,2.0,0.25,0.05,lr5e-05_bs8_drop0p2_temp2p0_a0p25_b0p05__wd1e-04trmiss0_degmodglobal,25,0.6058467711721148,0.6859255433082581,0.6111111111111112,0.8539793539793541,0.5384615384615384,0.0,0.45639999423708233,0.5689577034541539,0.0939862419451986,0.26784986896174295,0.0,0.0,0.0,0.0,0.0,18473,global,0.0
2,5,lr5e-05_bs8_drop0p2_temp2p0_a0p25_b0p05__wd1e-04trmiss0_degmodglobal,8,5e-05,0.0001,0.2,2.0,0.25,0.05,lr5e-05_bs8_drop0p2_temp2p0_a0p25_b0p05__wd1e-04trmiss0_degmodglobal,26,0.6260827354022435,0.6814089119434357,0.6666666666666667,0.8795685795685797,0.5384615384615384,0.0,0.47709418194634573,0.5876889910016742,0.09694695579154151,0.2831398291247232,0.0,0.0,0.0,0.0,0.0,18473,global,0.0
2,5,lr5e-05_bs8_drop0p2_temp2p0_a0p25_b0p05__wd1e-04trmiss0_degmodglobal,8,5e-05,0.0001,0.2,2.0,0.25,0.05,lr5e-05_bs8_drop0p2_temp2p0_a0p25_b0p05__wd1e-04trmiss0_degmodglobal,27,0.5867403830800738,0.6765627562999725,0.6666666666666667,0.8795685795685797,0.5384615384615384,0.0,0.4496354077543531,0.5503069588116237,0.09577055275440216,0.2498156087739127,0.0,0.0,0.0,0.0,0.0,18473,global,0.0
2,5,lr5e-05_bs8_drop0p2_temp2p0_a0p25_b0p05__wd1e-04trmiss0_degmodglobal,8,5e-05,0.0001,0.2,2.0,0.25,0.05,lr5e-05_bs8_drop0p2_temp2p0_a0p25_b0p05__wd1e-04trmiss0_degmodglobal,28,0.5983450753348214,0.6703196167945862,0.6666666666666667,0.8795685795685797,0.6153846153846154,0.0,0.45128133041518076,0.5574941975729806,0.10613483296973365,0.2863433339766094,0.0,0.0,0.0,0.0,0.0,18473,global,0.0
2,5,lr5e-05_bs8_drop0p2_temp2p0_a0p25_b0p05__wd1e-04trmiss0_degmodglobal,8,5e-05,0.0001,0.2,2.0,0.25,0.05,lr5e-05_bs8_drop0p2_temp2p0_a0p25_b0p05__wd1e-04trmiss0_degmodglobal,29,0.5727945906775338,0.6707258224487305,0.6944444444444444,0.8954415954415955,0.6153846153846154,0.0,0.43502749289785114,0.5385550005095345,0.090567589870521,0.23195388593844005,0.0,0.0,0.0,0.0,0.0,18473,global,0.0
2,5,lr5e-05_bs8_drop0p2_temp2p0_a0p25_b0p05__wd1e-04trmiss0_degmodglobal,8,5e-05,0.0001,0.2,2.0,0.25,0.05,lr5e-05_bs8_drop0p2_temp2p0_a0p25_b0p05__wd1e-04trmiss0_degmodglobal,30,0.587538846901485,0.6739491820335388,0.6944444444444444,0.8954415954415955,0.6153846153846154,0.0,0.45685775790895733,0.5436870285442897,0.11545099105153765,0.29978154386792866,0.0,0.0,0.0,0.0,0.0,18473,global,0.0
2,5,lr5e-05_bs8_drop0p2_temp2p0_a0p25_b0p05__wd1e-04trmiss0_degmodglobal,8,5e-05,0.0001,0.2,2.0,0.25,0.05,lr5e-05_bs8_drop0p2_temp2p0_a0p25_b0p05__wd1e-04trmiss0_degmodglobal,31,0.5828035644122532,0.6736389696598053,0.6944444444444444,0.8954415954415955,0.6153846153846154,0.0,0.4470970502921513,0.5399798154830933,0.10740744428975242,0.3194378380264555,0.0,0.0,0.0,0.0,0.0,18473,global,0.0
2,5,lr5e-05_bs8_drop0p2_temp2p0_a0p25_b0p05__wd1e-04trmiss0_degmodglobal,8,5e-05,0.0001,0.2,2.0,0.25,0.05,lr5e-05_bs8_drop0p2_temp2p0_a0p25_b0p05__wd1e-04trmiss0_degmodglobal,32,0.5859318716185433,0.6818368434906006,0.6666666666666667,0.8795685795685797,0.6153846153846154,0.0,0.46044845240456717,0.5480423697403499,0.10288819457803454,0.2433489997472082,0.0,0.0,0.0,0.0,0.0,18473,global,0.0
2,5,lr5e-05_bs8_drop0p2_temp2p0_a0p25_b0p05__wd1e-04trmiss0_degmodglobal,8,5e-05,0.0001,0.2,2.0,0.25,0.05,lr5e-05_bs8_drop0p2_temp2p0_a0p25_b0p05__wd1e-04trmiss0_degmodglobal,33,0.5958071947097778,0.6814627945423126,0.6388888888888888,0.8676638176638178,0.6153846153846154,0.0,0.4497950034482138,0.5584507584571838,0.09603887210999217,0.26693416280405863,0.0,0.0,0.0,0.0,0.0,18473,global,0.0
2,5,lr5e-05_bs8_drop0p2_temp2p0_a0p25_b0p05__wd1e-04trmiss0_degmodglobal,8,5e-05,0.0001,0.2,2.0,0.25,0.05,lr5e-05_bs8_drop0p2_temp2p0_a0p25_b0p05__wd1e-04trmiss0_degmodglobal,34,0.5657639844076974,0.6782823503017426,0.6111111111111112,0.8584045584045585,0.6153846153846154,0.0,0.4396942641053881,0.5251722931861877,0.10728647027696882,0.27540155606610434,0.0,0.0,0.0,0.0,0.0,18473,global,0.0
2,5,lr5e-05_bs8_drop0p2_temp2p0_a0p25_b0p05__wd1e-04trmiss0_degmodglobal,8,5e-05,0.0001,0.2,2.0,0.25,0.05,lr5e-05_bs8_drop0p2_temp2p0_a0p25_b0p05__wd1e-04trmiss0_degmodglobal,35,0.5746193953922817,0.6788537204265594,0.6111111111111112,0.8584045584045585,0.6153846153846154,0.0,0.4482480798448835,0.5357652902603149,0.10431307979992457,0.255516590816634,0.0,0.0,0.0,0.0,0.0,18473,global,0.0
2,5,lr5e-05_bs8_drop0p2_temp2p0_a0p25_b0p05__wd1e-04trmiss0_degmodglobal,8,5e-05,0.0001,0.2,2.0,0.25,0.05,lr5e-05_bs8_drop0p2_temp2p0_a0p25_b0p05__wd1e-04trmiss0_degmodglobal,36,0.5582888892718724,0.6767222881317139,0.6111111111111112,0.8605931105931108,0.5384615384615384,0.0,0.44111361673900057,0.5184071574892316,0.1039176806807518,0.2780465121780123,0.0,0.0,0.0,0.0,0.0,18473,global,0.0
2,5,lr5e-05_bs8_drop0p2_temp2p0_a0p25_b0p05__wd1e-04trmiss0_degmodglobal,8,5e-05,0.0001,0.2,2.0,0.25,0.05,lr5e-05_bs8_drop0p2_temp2p0_a0p25_b0p05__wd1e-04trmiss0_degmodglobal,37,0.5678001471928188,0.6752799451351166,0.6111111111111112,0.8605931105931108,0.6153846153846154,0.0,0.42640471884182524,0.5350086731570107,0.08123660726206643,0.24964643269777298,0.0,0.0,0.0,0.0,0.0,18473,global,0.0
2,5,lr5e-05_bs8_drop0p2_temp2p0_a0p25_b0p05__wd1e-04trmiss0_degmodglobal,8,5e-05,0.0001,0.2,2.0,0.25,0.05,lr5e-05_bs8_drop0p2_temp2p0_a0p25_b0p05__wd1e-04trmiss0_degmodglobal,38,0.5846140427248818,0.680650919675827,0.6388888888888888,0.8676638176638178,0.6923076923076923,0.0,0.4469931295939854,0.5491859231676374,0.09213351351874215,0.24789527484348842,0.0,0.0,0.0,0.0,0.0,18473,global,0.0
2,5,lr5e-05_bs8_drop0p2_temp2p0_a0p25_b0p05__wd1e-04trmiss0_degmodglobal,8,5e-05,0.0001,0.2,2.0,0.25,0.05,lr5e-05_bs8_drop0p2_temp2p0_a0p25_b0p05__wd1e-04trmiss0_degmodglobal,39,0.5814013055392674,0.6827211081981659,0.6944444444444444,0.8954415954415955,0.7692307692307693,0.0,0.445633019719805,0.5417948961257935,0.10393413794892174,0.272457663502012,0.0,0.0,0.0,0.0,0.0,18473,global,0.0
2,5,lr5e-05_bs8_drop0p2_temp2p0_a0p25_b0p05__wd1e-04trmiss0_degmodglobal,8,5e-05,0.0001,0.2,2.0,0.25,0.05,lr5e-05_bs8_drop0p2_temp2p0_a0p25_b0p05__wd1e-04trmiss0_degmodglobal,40,0.5560071723801749,0.6797220408916473,0.6944444444444444,0.8954415954415955,0.7692307692307693,0.0,0.44505596586636137,0.5205485267298562,0.09197342395782471,0.24930614020143235,0.0,0.0,0.0,0.0,0.0,18473,global,0.0
2,5,lr5e-05_bs8_drop0p2_temp2p0_a0p25_b0p05__wd1e-04trmiss0_degmodglobal,8,5e-05,0.0001,0.2,2.0,0.25,0.05,lr5e-05_bs8_drop0p2_temp2p0_a0p25_b0p05__wd1e-04trmiss0_degmodglobal,41,0.5526906592505318,0.6779221594333649,0.6666666666666667,0.8763057929724598,0.6923076923076923,0.0,0.4456893077918461,0.5153856234891074,0.1051909795829228,0.22014575451612473,0.0,0.0,0.0,0.0,0.0,18473,global,0.0
2,5,lr5e-05_bs8_drop0p2_temp2p0_a0p25_b0p05__wd1e-04trmiss0_degmodglobal,8,5e-05,0.0001,0.2,2.0,0.25,0.05,lr5e-05_bs8_drop0p2_temp2p0_a0p25_b0p05__wd1e-04trmiss0_degmodglobal,42,0.6055598344121661,0.6793555021286011,0.6388888888888888,0.8724978724978727,0.6923076923076923,0.0,0.44501686096191406,0.5565460281712669,0.1312902154667037,0.3238248846360615,0.0,0.0,0.0,0.0,0.0,18473,global,0.0
2,5,lr5e-05_bs8_drop0p2_temp2p0_a0p25_b0p05__wd1e-04trmiss0_degmodglobal,8,5e-05,0.0001,0.2,2.0,0.25,0.05,lr5e-05_bs8_drop0p2_temp2p0_a0p25_b0p05__wd1e-04trmiss0_degmodglobal,43,0.5850405778203692,0.6786652207374573,0.6944444444444444,0.8954415954415955,0.6923076923076923,0.0,0.42770918778010775,0.5441588759422302,0.10877620854548045,0.27375330669539316,0.0,0.0,0.0,0.0,0.0,18473,global,0.0
2,5,lr5e-05_bs8_drop0p2_temp2p0_a0p25_b0p05__wd1e-04trmiss0_degmodglobal,8,5e-05,0.0001,0.2,2.0,0.25,0.05,lr5e-05_bs8_drop0p2_temp2p0_a0p25_b0p05__wd1e-04trmiss0_degmodglobal,44,0.5523645622389657,0.6796741485595703,0.6388888888888888,0.8676638176638178,0.6923076923076923,0.0,0.4296348307813917,0.5196137257984706,0.0827038926737649,0.24149687588214874,0.0,0.0,0.0,0.0,0.0,18473,global,0.0
2,5,lr5e-05_bs8_drop0p2_temp2p0_a0p25_b0p05__wd1e-04trmiss0_degmodglobal,8,5e-05,0.0001,0.2,2.0,0.25,0.05,lr5e-05_bs8_drop0p2_temp2p0_a0p25_b0p05__wd1e-04trmiss0_degmodglobal,45,0.5743723085948399,0.6867765188217163,0.6111111111111112,0.8584045584045585,0.6153846153846154,0.0,0.4357959968703134,0.534817316702434,0.10377750013555799,0.272212062563215,0.0,0.0,0.0,0.0,0.0,18473,global,0.0
2,5,lr5e-05_bs8_drop0p2_temp2p0_a0p25_b0p05__wd1e-04trmiss0_degmodglobal,8,5e-05,0.0001,0.2,2.0,0.25,0.05,lr5e-05_bs8_drop0p2_temp2p0_a0p25_b0p05__wd1e-04trmiss0_degmodglobal,46,0.5515529683658055,0.6827990412712097,0.6666666666666667,0.8795685795685797,0.6923076923076923,0.0,0.4301193356513977,0.5157883082117353,0.09932591021060944,0.21866386703082494,0.0,0.0,0.0,0.0,0.0,18473,global,0.0
2,5,lr5e-05_bs8_drop0p2_temp2p0_a0p25_b0p05__wd1e-04trmiss0_degmodglobal,8,5e-05,0.0001,0.2,2.0,0.25,0.05,lr5e-05_bs8_drop0p2_temp2p0_a0p25_b0p05__wd1e-04trmiss0_degmodglobal,47,0.5754391295569283,0.6816060245037079,0.6388888888888888,0.8676638176638178,0.6923076923076923,0.0,0.4118949898651668,0.5293875677245004,0.12175545309271131,0.31225388816424776,0.0,0.0,0.0,0.0,0.0,18473,global,0.0
2,5,lr5e-05_bs8_drop0p2_temp2p0_a0p25_b0p05__wd1e-04trmiss0_degmodglobal,8,5e-05,0.0001,0.2,2.0,0.25,0.05,lr5e-05_bs8_drop0p2_temp2p0_a0p25_b0p05__wd1e-04trmiss0_degmodglobal,48,0.5638867957251412,0.6773379445075989,0.6666666666666667,0.8795685795685797,0.6923076923076923,0.0,0.43071352584021433,0.5169637160641807,0.1263726513300623,0.30659849303109304,0.0,0.0,0.0,0.0,0.0,18473,global,0.0
2,5,lr5e-05_bs8_drop0p2_temp2p0_a0p25_b0p05__wd1e-04trmiss0_degmodglobal,8,5e-05,0.0001,0.2,2.0,0.25,0.05,lr5e-05_bs8_drop0p2_temp2p0_a0p25_b0p05__wd1e-04trmiss0_degmodglobal,49,0.5522853561810085,0.6762565672397614,0.6666666666666667,0.8795685795685797,0.6923076923076923,0.0,0.4159315696784428,0.5135649612971714,0.10711115598678589,0.23885183249201095,0.0,0.0,0.0,0.0,0.0,18473,global,0.0
2,5,lr5e-05_bs8_drop0p4_temp1p0_a0p25_b0p05__wd1e-04trmiss0_degmodglobal,8,5e-05,0.0001,0.4,1.0,0.25,0.05,lr5e-05_bs8_drop0p4_temp1p0_a0p25_b0p05__wd1e-04trmiss0_degmodglobal,1,0.7128892455782209,0.6916031241416931,0.5277777777777778,0.798880748880749,0.46153846153846156,0.0,0.7413064922605243,0.6840685265404838,0.07134991777794701,0.21966478547879628,0.0,0.0,0.0,0.0,0.0,18473,global,0.0
2,5,lr5e-05_bs8_drop0p4_temp1p0_a0p25_b0p05__wd1e-04trmiss0_degmodglobal,8,5e-05,0.0001,0.4,1.0,0.25,0.05,lr5e-05_bs8_drop0p4_temp1p0_a0p25_b0p05__wd1e-04trmiss0_degmodglobal,2,0.7252018111092704,0.6884265542030334,0.5,0.791810041810042,0.46153846153846156,0.0,0.6956026298659188,0.6950868453298297,0.07635455578565598,0.22052666970661708,0.0,0.0,0.0,0.0,0.0,18473,global,0.0
2,5,lr5e-05_bs8_drop0p4_temp1p0_a0p25_b0p05__wd1e-04trmiss0_degmodglobal,8,5e-05,0.0001,0.4,1.0,0.25,0.05,lr5e-05_bs8_drop0p4_temp1p0_a0p25_b0p05__wd1e-04trmiss0_degmodglobal,3,0.7080297895840236,0.6930088698863983,0.5555555555555556,0.828847078847079,0.46153846153846156,0.0,0.698247994695391,0.6841066905430385,0.06303873871053968,0.16326810685651644,0.0,0.0,0.0,0.0,0.0,18473,global,0.0
2,5,lr5e-05_bs8_drop0p4_temp1p0_a0p25_b0p05__wd1e-04trmiss0_degmodglobal,8,5e-05,0.0001,0.4,1.0,0.25,0.05,lr5e-05_bs8_drop0p4_temp1p0_a0p25_b0p05__wd1e-04trmiss0_degmodglobal,4,0.6477746793201992,0.701306015253067,0.5555555555555556,0.828847078847079,0.46153846153846156,0.0,0.6647454244749886,0.6199695467948914,0.07625923252531461,0.1748066661613328,0.0,0.0,0.0,0.0,0.0,18473,global,0.0
2,5,lr5e-05_bs8_drop0p4_temp1p0_a0p25_b0p05__wd1e-04trmiss0_degmodglobal,8,5e-05,0.0001,0.4,1.0,0.25,0.05,lr5e-05_bs8_drop0p4_temp1p0_a0p25_b0p05__wd1e-04trmiss0_degmodglobal,5,0.6519347599574498,0.707583099603653,0.5277777777777778,0.8066248566248566,0.5384615384615384,0.0,0.6776588388851711,0.6271030902862549,0.06681380048394203,0.1625646044101034,0.0,0.0,0.0,0.0,0.0,18473,global,0.0
2,5,lr5e-05_bs8_drop0p4_temp1p0_a0p25_b0p05__wd1e-04trmiss0_degmodglobal,8,5e-05,0.0001,0.4,1.0,0.25,0.05,lr5e-05_bs8_drop0p4_temp1p0_a0p25_b0p05__wd1e-04trmiss0_degmodglobal,6,0.6585571084703717,0.7040015757083893,0.5277777777777778,0.8066248566248566,0.5384615384615384,0.0,0.6332789148603167,0.6320214356694903,0.07597650374685015,0.15083060200725282,0.0,0.0,0.0,0.0,0.0,18473,global,0.0
2,5,lr5e-05_bs8_drop0p4_temp1p0_a0p25_b0p05__wd1e-04trmiss0_degmodglobal,8,5e-05,0.0001,0.4,1.0,0.25,0.05,lr5e-05_bs8_drop0p4_temp1p0_a0p25_b0p05__wd1e-04trmiss0_degmodglobal,7,0.6447041971342904,0.6927780508995056,0.5277777777777778,0.8195878195878197,0.5384615384615384,0.0,0.675585857459477,0.6220113890511649,0.05913223113332476,0.15819495064871653,0.0,0.0,0.0,0.0,0.0,18473,global,0.0
2,5,lr5e-05_bs8_drop0p4_temp1p0_a0p25_b0p05__wd1e-04trmiss0_degmodglobal,8,5e-05,0.0001,0.4,1.0,0.25,0.05,lr5e-05_bs8_drop0p4_temp1p0_a0p25_b0p05__wd1e-04trmiss0_degmodglobal,8,0.6382833463805062,0.68643519282341,0.5555555555555556,0.8328153328153329,0.5384615384615384,0.0,0.6620626364435468,0.6175331388201032,0.051991531891482215,0.15504680361066545,0.0,0.0,0.0,0.0,0.0,18473,global,0.0
2,5,lr5e-05_bs8_drop0p4_temp1p0_a0p25_b0p05__wd1e-04trmiss0_degmodglobal,8,5e-05,0.0001,0.4,1.0,0.25,0.05,lr5e-05_bs8_drop0p4_temp1p0_a0p25_b0p05__wd1e-04trmiss0_degmodglobal,9,0.6448461328233991,0.6771177053451538,0.5555555555555556,0.8328153328153329,0.6153846153846154,0.0,0.6741838114602225,0.624634393623897,0.05396960888590131,0.13438662460872106,0.0,0.0,0.0,0.0,0.0,18473,global,0.0
2,5,lr5e-05_bs8_drop0p4_temp1p0_a0p25_b0p05__wd1e-04trmiss0_degmodglobal,8,5e-05,0.0001,0.4,1.0,0.25,0.05,lr5e-05_bs8_drop0p4_temp1p0_a0p25_b0p05__wd1e-04trmiss0_degmodglobal,10,0.6083203724452427,0.6820736527442932,0.5555555555555556,0.843926443926444,0.6153846153846154,0.0,0.6089341044425964,0.5889528308595929,0.04979686864784786,0.13836629688739777,0.0,0.0,0.0,0.0,0.0,18473,global,0.0
2,5,lr5e-05_bs8_drop0p4_temp1p0_a0p25_b0p05__wd1e-04trmiss0_degmodglobal,8,5e-05,0.0001,0.4,1.0,0.25,0.05,lr5e-05_bs8_drop0p4_temp1p0_a0p25_b0p05__wd1e-04trmiss0_degmodglobal,11,0.651034951210022,0.6943289339542389,0.5277777777777778,0.7963554963554964,0.46153846153846156,0.0,0.6665357777050563,0.6271526558058602,0.06437557669622558,0.15576799001012528,0.0,0.0,0.0,0.0,0.0,18473,global,0.0
2,5,lr5e-05_bs8_drop0p4_temp1p0_a0p25_b0p05__wd1e-04trmiss0_degmodglobal,8,5e-05,0.0001,0.4,1.0,0.25,0.05,lr5e-05_bs8_drop0p4_temp1p0_a0p25_b0p05__wd1e-04trmiss0_degmodglobal,12,0.616016149520874,0.686782032251358,0.5277777777777778,0.8044363044363045,0.46153846153846156,0.0,0.5925381779670715,0.5948230453899929,0.06027081608772278,0.12250799792153495,0.0,0.0,0.0,0.0,0.0,18473,global,0.0
2,5,lr5e-05_bs8_drop0p4_temp1p0_a0p25_b0p05__wd1e-04trmiss0_degmodglobal,8,5e-05,0.0001,0.4,1.0,0.25,0.05,lr5e-05_bs8_drop0p4_temp1p0_a0p25_b0p05__wd1e-04trmiss0_degmodglobal,13,0.6139330863952637,0.6888370215892792,0.5555555555555556,0.8328153328153329,0.5384615384615384,0.0,0.6021571585110256,0.5944884674889701,0.050590966162937026,0.13593752895082747,0.0,0.0,0.0,0.0,0.0,18473,global,0.0
2,5,lr5e-05_bs8_drop0p4_temp1p0_a0p25_b0p05__wd1e-04trmiss0_degmodglobal,8,5e-05,0.0001,0.4,1.0,0.25,0.05,lr5e-05_bs8_drop0p4_temp1p0_a0p25_b0p05__wd1e-04trmiss0_degmodglobal,14,0.6375194277082171,0.6718886494636536,0.6388888888888888,0.8724978724978727,0.6153846153846154,0.0,0.5910928334508624,0.6088060481207711,0.07120298062052045,0.21825294409479415,0.0,0.0,0.0,0.0,0.0,18473,global,0.0
2,5,lr5e-05_bs8_drop0p4_temp1p0_a0p25_b0p05__wd1e-04trmiss0_degmodglobal,8,5e-05,0.0001,0.4,1.0,0.25,0.05,lr5e-05_bs8_drop0p4_temp1p0_a0p25_b0p05__wd1e-04trmiss0_degmodglobal,15,0.6191930259977069,0.6842873096466064,0.5555555555555556,0.8176638176638178,0.6153846153846154,0.0,0.5821086934634617,0.5923590574945722,0.07115134064640317,0.18092294888836996,0.0,0.0,0.0,0.0,0.0,18473,global,0.0
2,5,lr5e-05_bs8_drop0p4_temp1p0_a0p25_b0p05__wd1e-04trmiss0_degmodglobal,8,5e-05,0.0001,0.4,1.0,0.25,0.05,lr5e-05_bs8_drop0p4_temp1p0_a0p25_b0p05__wd1e-04trmiss0_degmodglobal,16,0.5938341617584229,0.689811497926712,0.5555555555555556,0.8198523698523699,0.6153846153846154,0.0,0.6328586339950562,0.5648262415613446,0.07312496059707232,0.21453368557350977,0.0,0.0,0.0,0.0,0.0,18473,global,0.0
2,5,lr5e-05_bs8_drop0p4_temp1p0_a0p25_b0p05__wd1e-04trmiss0_degmodglobal,8,5e-05,0.0001,0.4,1.0,0.25,0.05,lr5e-05_bs8_drop0p4_temp1p0_a0p25_b0p05__wd1e-04trmiss0_degmodglobal,17,0.6149559361594064,0.6997967660427094,0.5555555555555556,0.8198523698523699,0.6153846153846154,0.0,0.5864630682127816,0.5884740565504346,0.07316428476146289,0.1638163019503866,0.0,0.0,0.0,0.0,0.0,18473,global,0.0
2,5,lr5e-05_bs8_drop0p4_temp1p0_a0p25_b0p05__wd1e-04trmiss0_degmodglobal,8,5e-05,0.0001,0.4,1.0,0.25,0.05,lr5e-05_bs8_drop0p4_temp1p0_a0p25_b0p05__wd1e-04trmiss0_degmodglobal,18,0.6214607272829328,0.7029689252376556,0.5277777777777778,0.7920745920745922,0.6153846153846154,0.0,0.6052323835236686,0.5993765933173043,0.06550630980304309,0.11415124205606324,0.0,0.0,0.0,0.0,0.0,18473,global,0.0
2,5,lr5e-05_bs8_drop0p4_temp1p0_a0p25_b0p05__wd1e-04trmiss0_degmodglobal,8,5e-05,0.0001,0.4,1.0,0.25,0.05,lr5e-05_bs8_drop0p4_temp1p0_a0p25_b0p05__wd1e-04trmiss0_degmodglobal,19,0.6008343696594238,0.6855199933052063,0.5555555555555556,0.8176638176638178,0.6153846153846154,0.0,0.5950493557112557,0.5789161920547485,0.0637377021568162,0.1196752419429166,0.0,0.0,0.0,0.0,0.0,18473,global,0.0
2,5,lr5e-05_bs8_drop0p4_temp1p0_a0p25_b0p05__wd1e-04trmiss0_degmodglobal,8,5e-05,0.0001,0.4,1.0,0.25,0.05,lr5e-05_bs8_drop0p4_temp1p0_a0p25_b0p05__wd1e-04trmiss0_degmodglobal,20,0.6214665429932731,0.689117819070816,0.5555555555555556,0.8198523698523699,0.5384615384615384,0.0,0.5922030976840428,0.5967553513390678,0.06783004451010909,0.15507356742663042,0.0,0.0,0.0,0.0,0.0,18473,global,0.0
2,5,lr5e-05_bs8_drop0p4_temp1p0_a0p25_b0p05__wd1e-04trmiss0_degmodglobal,8,5e-05,0.0001,0.4,1.0,0.25,0.05,lr5e-05_bs8_drop0p4_temp1p0_a0p25_b0p05__wd1e-04trmiss0_degmodglobal,21,0.6156648141997201,0.6914921402931213,0.5277777777777778,0.7920745920745922,0.5384615384615384,0.0,0.6031004020145961,0.5861024260520935,0.07328663074544498,0.22481483540364675,0.0,0.0,0.0,0.0,0.0,18473,global,0.0
2,5,lr5e-05_bs8_drop0p4_temp1p0_a0p25_b0p05__wd1e-04trmiss0_degmodglobal,8,5e-05,0.0001,0.4,1.0,0.25,0.05,lr5e-05_bs8_drop0p4_temp1p0_a0p25_b0p05__wd1e-04trmiss0_degmodglobal,22,0.5907359548977443,0.6931110620498657,0.5277777777777778,0.7920745920745922,0.5384615384615384,0.0,0.5706638778959002,0.5612126461097172,0.08036805423242706,0.18862596367086684,0.0,0.0,0.0,0.0,0.0,18473,global,0.0
2,5,lr5e-05_bs8_drop0p4_temp1p0_a0p25_b0p05__wd1e-04trmiss0_degmodglobal,8,5e-05,0.0001,0.4,1.0,0.25,0.05,lr5e-05_bs8_drop0p4_temp1p0_a0p25_b0p05__wd1e-04trmiss0_degmodglobal,23,0.6016233393124172,0.6922240257263184,0.5277777777777778,0.7621082621082622,0.5384615384615384,0.0,0.5737098412854331,0.5731991188866752,0.07705286145210266,0.18322023749351501,0.0,0.0,0.0,0.0,0.0,18473,global,0.0
2,5,lr5e-05_bs8_drop0p4_temp1p0_a0p25_b0p05__wd1e-04trmiss0_degmodglobal,8,5e-05,0.0001,0.4,1.0,0.25,0.05,lr5e-05_bs8_drop0p4_temp1p0_a0p25_b0p05__wd1e-04trmiss0_degmodglobal,24,0.6035548874310085,0.6879033446311951,0.5555555555555556,0.7991452991452992,0.5384615384615384,0.0,0.5735573938914708,0.5776021821158273,0.07446589054805892,0.14672485845429556,0.0,0.0,0.0,0.0,0.0,18473,global,0.0
2,5,lr5e-05_bs8_drop0p4_temp1p0_a0p25_b0p05__wd1e-04trmiss0_degmodglobal,8,5e-05,0.0001,0.4,1.0,0.25,0.05,lr5e-05_bs8_drop0p4_temp1p0_a0p25_b0p05__wd1e-04trmiss0_degmodglobal,25,0.6307101845741272,0.6861261427402496,0.5,0.7766585266585269,0.5384615384615384,0.0,0.5505359939166478,0.5972574395792825,0.08715817012957164,0.23326398645128524,0.0,0.0,0.0,0.0,0.0,18473,global,0.0
2,5,lr5e-05_bs8_drop0p4_temp1p0_a0p25_b0p05__wd1e-04trmiss0_degmodglobal,8,5e-05,0.0001,0.4,1.0,0.25,0.05,lr5e-05_bs8_drop0p4_temp1p0_a0p25_b0p05__wd1e-04trmiss0_degmodglobal,26,0.6156275698116848,0.6918710172176361,0.5555555555555556,0.803979353979354,0.6153846153846154,0.0,0.5408183932304382,0.5815648351396833,0.09251168263810021,0.21869641968182155,0.0,0.0,0.0,0.0,0.0,18473,global,0.0
2,5,lr5e-05_bs8_drop0p4_temp1p0_a0p25_b0p05__wd1e-04trmiss0_degmodglobal,8,5e-05,0.0001,0.4,1.0,0.25,0.05,lr5e-05_bs8_drop0p4_temp1p0_a0p25_b0p05__wd1e-04trmiss0_degmodglobal,27,0.6132928601333073,0.6995477378368378,0.5833333333333334,0.831757131757132,0.5384615384615384,0.0,0.5776897668838501,0.5894677511283329,0.06941529044083186,0.12942583965403692,0.0,0.0,0.0,0.0,0.0,18473,global,0.0
2,5,lr5e-05_bs8_drop0p4_temp1p0_a0p25_b0p05__wd1e-04trmiss0_degmodglobal,8,5e-05,0.0001,0.4,1.0,0.25,0.05,lr5e-05_bs8_drop0p4_temp1p0_a0p25_b0p05__wd1e-04trmiss0_degmodglobal,28,0.5662231275013515,0.6838766038417816,0.5555555555555556,0.803979353979354,0.6153846153846154,0.0,0.5435490948813302,0.5470728874206543,0.055345802434853146,0.1062759246144976,0.0,0.0,0.0,0.0,0.0,18473,global,0.0
2,5,lr5e-05_bs8_drop0p4_temp1p0_a0p25_b0p05__wd1e-04trmiss0_degmodglobal,8,5e-05,0.0001,0.4,1.0,0.25,0.05,lr5e-05_bs8_drop0p4_temp1p0_a0p25_b0p05__wd1e-04trmiss0_degmodglobal,29,0.5942258068493435,0.6807402670383453,0.5555555555555556,0.7991452991452992,0.6153846153846154,0.0,0.5629801835332598,0.5652569362095424,0.07656237216932434,0.19656533960785186,0.0,0.0,0.0,0.0,0.0,18473,global,0.0
2,5,lr5e-05_bs8_drop0p4_temp1p0_a0p25_b0p05__wd1e-04trmiss0_degmodglobal,8,5e-05,0.0001,0.4,1.0,0.25,0.05,lr5e-05_bs8_drop0p4_temp1p0_a0p25_b0p05__wd1e-04trmiss0_degmodglobal,30,0.5839118531772068,0.6745645701885223,0.5833333333333334,0.811050061050061,0.6153846153846154,0.0,0.5397221275738308,0.556525034563882,0.07716373407414981,0.1619179238166128,0.0,0.0,0.0,0.0,0.0,18473,global,0.0
2,5,lr5e-05_bs8_drop0p4_temp1p0_a0p25_b0p05__wd1e-04trmiss0_degmodglobal,8,5e-05,0.0001,0.4,1.0,0.25,0.05,lr5e-05_bs8_drop0p4_temp1p0_a0p25_b0p05__wd1e-04trmiss0_degmodglobal,31,0.6199831111090524,0.6864572167396545,0.5833333333333334,0.831757131757132,0.6153846153846154,0.0,0.6078897203717913,0.5980462346758161,0.060182450605290275,0.13782508405191557,0.0,0.0,0.0,0.0,0.0,18473,global,0.0
2,5,lr5e-05_bs8_drop0p4_temp1p0_a0p25_b0p05__wd1e-04trmiss0_degmodglobal,8,5e-05,0.0001,0.4,1.0,0.25,0.05,lr5e-05_bs8_drop0p4_temp1p0_a0p25_b0p05__wd1e-04trmiss0_degmodglobal,32,0.5824003730501447,0.6930243372917175,0.5833333333333334,0.831757131757132,0.5384615384615384,0.0,0.6187084061758858,0.5585747744355883,0.06664523109793663,0.1432856810944421,0.0,0.0,0.0,0.0,0.0,18473,global,0.0
2,5,lr5e-05_bs8_drop0p4_temp1p0_a0p25_b0p05__wd1e-04trmiss0_degmodglobal,8,5e-05,0.0001,0.4,1.0,0.25,0.05,lr5e-05_bs8_drop0p4_temp1p0_a0p25_b0p05__wd1e-04trmiss0_degmodglobal,33,0.5943260618618557,0.6956382691860199,0.5833333333333334,0.831757131757132,0.5384615384615384,0.0,0.5273001108850751,0.5646605065890721,0.07881971022912435,0.19921255537441798,0.0,0.0,0.0,0.0,0.0,18473,global,0.0
2,5,lr5e-05_bs8_drop0p4_temp1p0_a0p25_b0p05__wd1e-04trmiss0_degmodglobal,8,5e-05,0.0001,0.4,1.0,0.25,0.05,lr5e-05_bs8_drop0p4_temp1p0_a0p25_b0p05__wd1e-04trmiss0_degmodglobal,34,0.5740662217140198,0.6958246827125549,0.5277777777777778,0.7669423169423171,0.6923076923076923,0.0,0.5368075030190604,0.5423896951334817,0.09076462260314397,0.17970779431717737,0.0,0.0,0.0,0.0,0.0,18473,global,0.0
2,5,lr5e-05_bs8_drop0p4_temp2p0_a0p25_b0p05__wd1e-04trmiss0_degmodglobal,8,5e-05,0.0001,0.4,2.0,0.25,0.05,lr5e-05_bs8_drop0p4_temp2p0_a0p25_b0p05__wd1e-04trmiss0_degmodglobal,1,0.712451866694859,0.7172074019908905,0.4444444444444444,0.7216200466200466,0.46153846153846156,0.0,0.673162077154432,0.6861041103090558,0.06834018602967262,0.18525411507913045,0.0,0.0,0.0,0.0,0.0,18473,global,0.0
2,5,lr5e-05_bs8_drop0p4_temp2p0_a0p25_b0p05__wd1e-04trmiss0_degmodglobal,8,5e-05,0.0001,0.4,2.0,0.25,0.05,lr5e-05_bs8_drop0p4_temp2p0_a0p25_b0p05__wd1e-04trmiss0_degmodglobal,2,0.6617039952959333,0.7187995314598083,0.41666666666666663,0.7448523698523699,0.46153846153846156,0.0,0.6417379549571446,0.6394834177834647,0.05820249393582344,0.15339907152312143,0.0,0.0,0.0,0.0,0.0,18473,global,0.0
2,5,lr5e-05_bs8_drop0p4_temp2p0_a0p25_b0p05__wd1e-04trmiss0_degmodglobal,8,5e-05,0.0001,0.4,2.0,0.25,0.05,lr5e-05_bs8_drop0p4_temp2p0_a0p25_b0p05__wd1e-04trmiss0_degmodglobal,3,0.6808492456163678,0.7145281136035919,0.41666666666666663,0.7448523698523699,0.46153846153846156,0.0,0.6041906305721828,0.6523877126829964,0.07514164703232902,0.1935225192989622,0.0,0.0,0.0,0.0,0.0,18473,global,0.0
2,5,lr5e-05_bs8_drop0p4_temp2p0_a0p25_b0p05__wd1e-04trmiss0_degmodglobal,8,5e-05,0.0001,0.4,2.0,0.25,0.05,lr5e-05_bs8_drop0p4_temp2p0_a0p25_b0p05__wd1e-04trmiss0_degmodglobal,4,0.6522298966135297,0.7125771939754486,0.3888888888888889,0.7152227402227402,0.46153846153846156,0.0,0.6211171320506504,0.6310376524925232,0.056959621608257294,0.13904641355787004,0.0,0.0,0.0,0.0,0.0,18473,global,0.0
2,5,lr5e-05_bs8_drop0p4_temp2p0_a0p25_b0p05__wd1e-04trmiss0_degmodglobal,8,5e-05,0.0001,0.4,2.0,0.25,0.05,lr5e-05_bs8_drop0p4_temp2p0_a0p25_b0p05__wd1e-04trmiss0_degmodglobal,5,0.651885449886322,0.7118495106697083,0.4166666666666667,0.7251433751433751,0.46153846153846156,0.0,0.6069460170609611,0.6271980575152806,0.06695604643651418,0.15896752902439662,0.0,0.0,0.0,0.0,0.0,18473,global,0.0
2,5,lr5e-05_bs8_drop0p4_temp2p0_a0p25_b0p05__wd1e-04trmiss0_degmodglobal,8,5e-05,0.0001,0.4,2.0,0.25,0.05,lr5e-05_bs8_drop0p4_temp2p0_a0p25_b0p05__wd1e-04trmiss0_degmodglobal,6,0.6735831158501762,0.7177357375621796,0.4444444444444445,0.7383708883708884,0.5384615384615384,0.0,0.6172210659299578,0.6479503086635044,0.06133093551865646,0.20600142383149692,0.0,0.0,0.0,0.0,0.0,18473,global,0.0
2,5,lr5e-05_bs8_drop0p4_temp2p0_a0p25_b0p05__wd1e-04trmiss0_degmodglobal,8,5e-05,0.0001,0.4,2.0,0.25,0.05,lr5e-05_bs8_drop0p4_temp2p0_a0p25_b0p05__wd1e-04trmiss0_degmodglobal,7,0.6517555373055595,0.7206295132637024,0.3888888888888889,0.7152227402227402,0.38461538461538464,0.0,0.5753204311643328,0.6266764742987496,0.06400269642472267,0.18156785198620387,0.0,0.0,0.0,0.0,0.0,18473,global,0.0
2,5,lr5e-05_bs8_drop0p4_temp2p0_a0p25_b0p05__wd1e-04trmiss0_degmodglobal,8,5e-05,0.0001,0.4,2.0,0.25,0.05,lr5e-05_bs8_drop0p4_temp2p0_a0p25_b0p05__wd1e-04trmiss0_degmodglobal,8,0.6444784232548305,0.7201980352401733,0.38888888888888884,0.7445437278770612,0.38461538461538464,0.0,0.5723916632788522,0.6140426056725639,0.07656666530030114,0.22588320076465607,0.0,0.0,0.0,0.0,0.0,18473,global,0.0
2,5,lr5e-05_bs8_drop0p4_temp2p0_a0p25_b0p05__wd1e-04trmiss0_degmodglobal,8,5e-05,0.0001,0.4,2.0,0.25,0.05,lr5e-05_bs8_drop0p4_temp2p0_a0p25_b0p05__wd1e-04trmiss0_degmodglobal,9,0.6369478872844151,0.7242638766765594,0.36111111111111105,0.7297289130622464,0.38461538461538464,0.0,0.5591233798435756,0.6052673288754055,0.08068584703973361,0.23018182441592216,0.0,0.0,0.0,0.0,0.0,18473,global,0.0
2,5,lr5e-05_bs8_drop0p4_temp2p0_a0p25_b0p05__wd1e-04trmiss0_degmodglobal,8,5e-05,0.0001,0.4,2.0,0.25,0.05,lr5e-05_bs8_drop0p4_temp2p0_a0p25_b0p05__wd1e-04trmiss0_degmodglobal,10,0.6381564225469317,0.7253156006336212,0.36111111111111105,0.7297289130622464,0.38461538461538464,0.0,0.5512367572103228,0.611578072820391,0.06748854688235692,0.1941243718777384,0.0,0.0,0.0,0.0,0.0,18473,global,0.0
2,5,lr5e-05_bs8_drop0p4_temp2p0_a0p25_b0p05__wd1e-04trmiss0_degmodglobal,8,5e-05,0.0001,0.4,2.0,0.25,0.05,lr5e-05_bs8_drop0p4_temp2p0_a0p25_b0p05__wd1e-04trmiss0_degmodglobal,11,0.6251077141080584,0.7325040996074677,0.36111111111111105,0.7297289130622464,0.38461538461538464,0.0,0.5738713571003505,0.6006767749786377,0.06816597229668073,0.14778891312224524,0.0,0.0,0.0,0.0,0.0,18473,global,0.0
2,5,lr5e-05_bs8_drop0p4_temp2p0_a0p25_b0p05__wd1e-04trmiss0_degmodglobal,8,5e-05,0.0001,0.4,2.0,0.25,0.05,lr5e-05_bs8_drop0p4_temp2p0_a0p25_b0p05__wd1e-04trmiss0_degmodglobal,12,0.6225026675633022,0.7255320250988007,0.3333333333333333,0.6926918760252094,0.38461538461538464,0.0,0.5329894423484802,0.5914393322808402,0.08106865254896027,0.21592322204794204,0.0,0.0,0.0,0.0,0.0,18473,global,0.0
2,5,lr5e-05_bs8_drop0p4_temp2p0_a0p25_b0p05__wd1e-04trmiss0_degmodglobal,8,5e-05,0.0001,0.4,2.0,0.25,0.05,lr5e-05_bs8_drop0p4_temp2p0_a0p25_b0p05__wd1e-04trmiss0_degmodglobal,13,0.5990133455821446,0.723737895488739,0.3888888888888889,0.7103285603285603,0.5384615384615384,0.0,0.5612859385354179,0.5716900314603534,0.07076869479247502,0.1926228968160493,0.0,0.0,0.0,0.0,0.0,18473,global,0.0
2,5,lr5e-05_bs8_drop0p4_temp2p0_a0p25_b0p05__wd1e-04trmiss0_degmodglobal,8,5e-05,0.0001,0.4,2.0,0.25,0.05,lr5e-05_bs8_drop0p4_temp2p0_a0p25_b0p05__wd1e-04trmiss0_degmodglobal,14,0.6006341235978263,0.724167138338089,0.3611111111111111,0.7004079254079254,0.38461538461538464,0.0,0.546096750668117,0.5730345589773995,0.07550633485828127,0.1744599879852363,0.0,0.0,0.0,0.0,0.0,18473,global,0.0
2,5,lr5e-05_bs8_drop0p4_temp2p0_a0p25_b0p05__wd1e-04trmiss0_degmodglobal,8,5e-05,0.0001,0.4,2.0,0.25,0.05,lr5e-05_bs8_drop0p4_temp2p0_a0p25_b0p05__wd1e-04trmiss0_degmodglobal,15,0.6235498700823102,0.7240703105926514,0.36111111111111105,0.7297289130622464,0.3076923076923077,0.0,0.5538601790155683,0.5885231196880341,0.08597612327763013,0.2706544292824609,0.0,0.0,0.0,0.0,0.0,18473,global,0.0
2,5,lr5e-05_bs8_drop0p4_temp2p0_a0p25_b0p05__wd1e-04trmiss0_degmodglobal,8,5e-05,0.0001,0.4,2.0,0.25,0.05,lr5e-05_bs8_drop0p4_temp2p0_a0p25_b0p05__wd1e-04trmiss0_degmodglobal,16,0.5932626468794686,0.7262223362922668,0.3333333333333333,0.7130622463955798,0.3076923076923077,0.0,0.5224717727729252,0.564412751368114,0.08026900940707751,0.1756531713264329,0.0,0.0,0.0,0.0,0.0,18473,global,0.0
2,5,lr5e-05_bs8_drop0p4_temp2p0_a0p25_b0p05__wd1e-04trmiss0_degmodglobal,8,5e-05,0.0001,0.4,2.0,0.25,0.05,lr5e-05_bs8_drop0p4_temp2p0_a0p25_b0p05__wd1e-04trmiss0_degmodglobal,17,0.6144569005284991,0.7213969826698303,0.36111111111111105,0.7297289130622464,0.3076923076923077,0.0,0.5365386094365802,0.5788974761962891,0.09216796500342232,0.2503484157579286,0.0,0.0,0.0,0.0,0.0,18473,global,0.0
2,5,lr5e-05_bs8_drop0p4_temp2p0_a0p25_b0p05__wd1e-04trmiss0_degmodglobal,8,5e-05,0.0001,0.4,2.0,0.25,0.05,lr5e-05_bs8_drop0p4_temp2p0_a0p25_b0p05__wd1e-04trmiss0_degmodglobal,18,0.6200961640902928,0.7248485088348389,0.3333333333333333,0.6926918760252094,0.46153846153846156,0.0,0.5363308276448931,0.5887174265725272,0.08437902267490115,0.2056795826980046,0.0,0.0,0.0,0.0,0.0,18473,global,0.0
2,5,lr5e-05_bs8_drop0p4_temp2p0_a0p25_b0p05__wd1e-04trmiss0_degmodglobal,8,5e-05,0.0001,0.4,2.0,0.25,0.05,lr5e-05_bs8_drop0p4_temp2p0_a0p25_b0p05__wd1e-04trmiss0_degmodglobal,19,0.6090005465916225,0.7200644910335541,0.3333333333333333,0.6926918760252094,0.46153846153846156,0.0,0.5030318796634674,0.5720918519156319,0.08963148189442498,0.2900164340223585,0.0,0.0,0.0,0.0,0.0,18473,global,0.0
2,5,lr5e-05_bs8_drop0p4_temp2p0_a0p25_b0p05__wd1e-04trmiss0_degmodglobal,8,5e-05,0.0001,0.4,2.0,0.25,0.05,lr5e-05_bs8_drop0p4_temp2p0_a0p25_b0p05__wd1e-04trmiss0_degmodglobal,20,0.5954098956925529,0.7228235900402069,0.3333333333333333,0.6926918760252094,0.46153846153846156,0.0,0.5278452464512416,0.5631890978131976,0.08790889488799232,0.20487140119075775,0.0,0.0,0.0,0.0,0.0,18473,global,0.0
2,5,lr5e-05_bs8_drop0p4_temp2p0_a0p25_b0p05__wd1e-04trmiss0_degmodglobal,8,5e-05,0.0001,0.4,2.0,0.25,0.05,lr5e-05_bs8_drop0p4_temp2p0_a0p25_b0p05__wd1e-04trmiss0_degmodglobal,21,0.6170757583209446,0.7259528338909149,0.3333333333333333,0.6926918760252094,0.46153846153846156,0.0,0.5273289467607226,0.5831380912235805,0.08016682362982205,0.27791912853717804,0.0,0.0,0.0,0.0,0.0,18473,global,0.0
2,5,lr5e-05_bs8_drop0p4_temp2p0_a0p25_b0p05__wd1e-04trmiss0_degmodglobal,8,5e-05,0.0001,0.4,2.0,0.25,0.05,lr5e-05_bs8_drop0p4_temp2p0_a0p25_b0p05__wd1e-04trmiss0_degmodglobal,22,0.5985243661063058,0.7265546321868896,0.3333333333333333,0.6926918760252094,0.46153846153846156,0.0,0.5243364742824009,0.5661439171859196,0.08123492609177317,0.24143404407160624,0.0,0.0,0.0,0.0,0.0,18473,global,0.0
2,5,lr5e-05_bs8_drop0p4_temp2p0_a0p25_b0p05__wd1e-04trmiss0_degmodglobal,8,5e-05,0.0001,0.4,2.0,0.25,0.05,lr5e-05_bs8_drop0p4_temp2p0_a0p25_b0p05__wd1e-04trmiss0_degmodglobal,23,0.6099973661558968,0.7201359570026398,0.3333333333333333,0.6926918760252094,0.38461538461538464,0.0,0.5253009881292071,0.5830336936882564,0.07502474316528865,0.16414955045495713,0.0,0.0,0.0,0.0,0.0,18473,global,0.0
2,5,lr5e-05_bs8_drop0p4_temp2p0_a0p25_b0p05__wd1e-04trmiss0_degmodglobal,8,5e-05,0.0001,0.4,2.0,0.25,0.05,lr5e-05_bs8_drop0p4_temp2p0_a0p25_b0p05__wd1e-04trmiss0_degmodglobal,24,0.6233546137809753,0.7229392826557159,0.3333333333333333,0.6926918760252094,0.38461538461538464,0.0,0.5349579538617816,0.5893674152238029,0.09343135303684644,0.21258719052587235,0.0,0.0,0.0,0.0,0.0,18473,global,0.0
2,5,lr5e-05_bs8_drop0p4_temp2p0_a0p25_b0p05__wd1e-04trmiss0_degmodglobal,8,5e-05,0.0001,0.4,2.0,0.25,0.05,lr5e-05_bs8_drop0p4_temp2p0_a0p25_b0p05__wd1e-04trmiss0_degmodglobal,25,0.6394197940826416,0.7265127897262573,0.3333333333333333,0.6926918760252094,0.38461538461538464,0.0,0.4816347232886723,0.5818588393075126,0.1432322125349726,0.4350579647081239,0.0,0.0,0.0,0.0,0.0,18473,global,0.0
2,5,lr5e-05_bs8_drop0p4_temp2p0_a0p25_b0p05__wd1e-04trmiss0_degmodglobal,8,5e-05,0.0001,0.4,2.0,0.25,0.05,lr5e-05_bs8_drop0p4_temp2p0_a0p25_b0p05__wd1e-04trmiss0_degmodglobal,26,0.5813894016402108,0.7252673208713531,0.3333333333333333,0.6926918760252094,0.38461538461538464,0.0,0.47839828048433575,0.541133199419294,0.11140465204204832,0.24810058729989187,0.0,0.0,0.0,0.0,0.0,18473,global,0.0
2,5,lr1e-05_bs8_drop0p2_temp1p0_a0p25_b0p05__wd1e-04trmiss0_degmodglobal,8,1e-05,0.0001,0.2,1.0,0.25,0.05,lr1e-05_bs8_drop0p2_temp1p0_a0p25_b0p05__wd1e-04trmiss0_degmodglobal,1,0.7039527126720974,0.672495573759079,0.4722222222222222,0.78995818995819,0.5384615384615384,0.0,0.7052714569228036,0.6857844335692269,0.04323859512805939,0.14717246113078936,0.0,0.0,0.0,0.0,0.0,18473,global,0.0
2,5,lr1e-05_bs8_drop0p2_temp1p0_a0p25_b0p05__wd1e-04trmiss0_degmodglobal,8,1e-05,0.0001,0.2,1.0,0.25,0.05,lr1e-05_bs8_drop0p2_temp1p0_a0p25_b0p05__wd1e-04trmiss0_degmodglobal,2,0.7265464833804539,0.6664414405822754,0.4722222222222222,0.78995818995819,0.5384615384615384,0.0,0.712122917175293,0.7078901103564671,0.04719311238399574,0.13716166147163936,0.0,0.0,0.0,0.0,0.0,18473,global,0.0
2,5,lr1e-05_bs8_drop0p2_temp1p0_a0p25_b0p05__wd1e-04trmiss0_degmodglobal,8,1e-05,0.0001,0.2,1.0,0.25,0.05,lr1e-05_bs8_drop0p2_temp1p0_a0p25_b0p05__wd1e-04trmiss0_degmodglobal,3,0.7153631363596235,0.6640323400497437,0.5,0.7973655973655975,0.5384615384615384,0.0,0.7068244048527309,0.6945111921855381,0.05260438099503517,0.15401687153748103,0.0,0.0,0.0,0.0,0.0,18473,global,0.0
2,5,lr1e-05_bs8_drop0p2_temp1p0_a0p25_b0p05__wd1e-04trmiss0_degmodglobal,8,1e-05,0.0001,0.2,1.0,0.25,0.05,lr1e-05_bs8_drop0p2_temp1p0_a0p25_b0p05__wd1e-04trmiss0_degmodglobal,4,0.6931758097239903,0.6615706384181976,0.5277777777777778,0.8066248566248566,0.5384615384615384,0.0,0.7006399290902274,0.6738305517605373,0.046475356444716454,0.1545282048838479,0.0,0.0,0.0,0.0,0.0,18473,global,0.0
2,5,lr1e-05_bs8_drop0p2_temp1p0_a0p25_b0p05__wd1e-04trmiss0_degmodglobal,8,1e-05,0.0001,0.2,1.0,0.25,0.05,lr1e-05_bs8_drop0p2_temp1p0_a0p25_b0p05__wd1e-04trmiss0_degmodglobal,5,0.7168577313423157,0.6635949015617371,0.47222222222222215,0.7874449624449624,0.5384615384615384,0.0,0.6973219513893127,0.6978593809264046,0.04363452217408589,0.16179399192333221,0.0,0.0,0.0,0.0,0.0,18473,global,0.0
2,5,lr1e-05_bs8_drop0p2_temp1p0_a0p25_b0p05__wd1e-04trmiss0_degmodglobal,8,1e-05,0.0001,0.2,1.0,0.25,0.05,lr1e-05_bs8_drop0p2_temp1p0_a0p25_b0p05__wd1e-04trmiss0_degmodglobal,6,0.7166247197559902,0.6636516749858856,0.4722222222222222,0.7695878195878196,0.5384615384615384,0.0,0.6927193062646049,0.6975477337837219,0.051202243992260525,0.12552829246435845,0.0,0.0,0.0,0.0,0.0,18473,global,0.0
2,5,lr1e-05_bs8_drop0p2_temp1p0_a0p25_b0p05__wd1e-04trmiss0_degmodglobal,8,1e-05,0.0001,0.2,1.0,0.25,0.05,lr1e-05_bs8_drop0p2_temp1p0_a0p25_b0p05__wd1e-04trmiss0_degmodglobal,7,0.6909279908452716,0.6629751622676849,0.4444444444444444,0.7596671846671847,0.5384615384615384,0.0,0.6842585376330784,0.6747740421976361,0.04084635951689312,0.11884719293032374,0.0,0.0,0.0,0.0,0.0,18473,global,0.0
2,5,lr1e-05_bs8_drop0p2_temp1p0_a0p25_b0p05__wd1e-04trmiss0_degmodglobal,8,1e-05,0.0001,0.2,1.0,0.25,0.05,lr1e-05_bs8_drop0p2_temp1p0_a0p25_b0p05__wd1e-04trmiss0_degmodglobal,8,0.7024055889674595,0.6663555800914764,0.47222222222222215,0.7874449624449624,0.5384615384615384,0.0,0.6795464583805629,0.6829398359571185,0.04819364047476223,0.14834678173065186,0.0,0.0,0.0,0.0,0.0,18473,global,0.0
2,5,lr1e-05_bs8_drop0p2_temp1p0_a0p25_b0p05__wd1e-04trmiss0_degmodglobal,8,1e-05,0.0001,0.2,1.0,0.25,0.05,lr1e-05_bs8_drop0p2_temp1p0_a0p25_b0p05__wd1e-04trmiss0_degmodglobal,9,0.6977440459387643,0.6657992303371429,0.41666666666666663,0.7723215056548391,0.5384615384615384,0.0,0.6615188462393624,0.6797864437103271,0.04515029090855803,0.1334004955632346,0.0,0.0,0.0,0.0,0.0,18473,global,0.0
2,5,lr1e-05_bs8_drop0p2_temp1p0_a0p25_b0p05__wd1e-04trmiss0_degmodglobal,8,1e-05,0.0001,0.2,1.0,0.25,0.05,lr1e-05_bs8_drop0p2_temp1p0_a0p25_b0p05__wd1e-04trmiss0_degmodglobal,10,0.6941225528717041,0.6657365262508392,0.47222222222222215,0.7874449624449624,0.5384615384615384,0.0,0.6551559226853507,0.6761457238878522,0.04315573189939771,0.14375808728592737,0.0,0.0,0.0,0.0,0.0,18473,global,0.0
2,5,lr1e-05_bs8_drop0p2_temp1p0_a0p25_b0p05__wd1e-04trmiss0_degmodglobal,8,1e-05,0.0001,0.2,1.0,0.25,0.05,lr1e-05_bs8_drop0p2_temp1p0_a0p25_b0p05__wd1e-04trmiss0_degmodglobal,11,0.6728318929672241,0.6642108261585236,0.5,0.7973655973655975,0.5384615384615384,0.0,0.6677945596831185,0.6574076669556754,0.04056092458111899,0.10567993564265114,0.0,0.0,0.0,0.0,0.0,18473,global,0.0
2,5,lr1e-05_bs8_drop0p2_temp1p0_a0p25_b0p05__wd1e-04trmiss0_degmodglobal,8,1e-05,0.0001,0.2,1.0,0.25,0.05,lr1e-05_bs8_drop0p2_temp1p0_a0p25_b0p05__wd1e-04trmiss0_degmodglobal,12,0.6686308554240635,0.6659517288208008,0.4444444444444444,0.7621804121804123,0.5384615384615384,0.0,0.6593213847705296,0.6531938825334821,0.03884426291499819,0.11451823131314345,0.0,0.0,0.0,0.0,0.0,18473,global,0.0
2,5,lr1e-05_bs8_drop0p2_temp1p0_a0p25_b0p05__wd1e-04trmiss0_degmodglobal,8,1e-05,0.0001,0.2,1.0,0.25,0.05,lr1e-05_bs8_drop0p2_temp1p0_a0p25_b0p05__wd1e-04trmiss0_degmodglobal,13,0.6943869335310799,0.6641832292079926,0.47222222222222215,0.7874449624449624,0.5384615384615384,0.0,0.6658236469541278,0.6804292627743312,0.0324383872960295,0.1169615238904953,0.0,0.0,0.0,0.0,0.0,18473,global,0.0
2,5,lr1e-05_bs8_drop0p2_temp1p0_a0p25_b0p05__wd1e-04trmiss0_degmodglobal,8,1e-05,0.0001,0.2,1.0,0.25,0.05,lr1e-05_bs8_drop0p2_temp1p0_a0p25_b0p05__wd1e-04trmiss0_degmodglobal,14,0.6562599880354745,0.6626547574996948,0.4444444444444444,0.7800375550375551,0.5384615384615384,0.0,0.640470027923584,0.6386911443301609,0.04445691752646651,0.1290922218135425,0.0,0.0,0.0,0.0,0.0,18473,global,0.0
2,5,lr1e-05_bs8_drop0p2_temp1p0_a0p25_b0p05__wd1e-04trmiss0_degmodglobal,8,1e-05,0.0001,0.2,1.0,0.25,0.05,lr1e-05_bs8_drop0p2_temp1p0_a0p25_b0p05__wd1e-04trmiss0_degmodglobal,15,0.6798961503165108,0.6649676561355591,0.4444444444444444,0.7800375550375551,0.5384615384615384,0.0,0.6636956759861538,0.6621655310903277,0.04026868886181286,0.15326895884105138,0.0,0.0,0.0,0.0,0.0,18473,global,0.0
2,5,lr1e-05_bs8_drop0p2_temp1p0_a0p25_b0p05__wd1e-04trmiss0_degmodglobal,8,1e-05,0.0001,0.2,1.0,0.25,0.05,lr1e-05_bs8_drop0p2_temp1p0_a0p25_b0p05__wd1e-04trmiss0_degmodglobal,16,0.6602684855461121,0.6637846529483795,0.5,0.7973655973655975,0.5384615384615384,0.0,0.6348630700792585,0.6415083408355713,0.04998576853956495,0.12527399297271455,0.0,0.0,0.0,0.0,0.0,18473,global,0.0
2,5,lr1e-05_bs8_drop0p2_temp1p0_a0p25_b0p05__wd1e-04trmiss0_degmodglobal,8,1e-05,0.0001,0.2,1.0,0.25,0.05,lr1e-05_bs8_drop0p2_temp1p0_a0p25_b0p05__wd1e-04trmiss0_degmodglobal,17,0.6689551046916417,0.6640421450138092,0.4722222222222222,0.7695878195878196,0.5384615384615384,0.0,0.6452199901853289,0.6509089384760175,0.04167266030396734,0.1525598860212735,0.0,0.0,0.0,0.0,0.0,18473,global,0.0
2,5,lr1e-05_bs8_drop0p2_temp1p0_a0p25_b0p05__wd1e-04trmiss0_degmodglobal,8,1e-05,0.0001,0.2,1.0,0.25,0.05,lr1e-05_bs8_drop0p2_temp1p0_a0p25_b0p05__wd1e-04trmiss0_degmodglobal,18,0.6546324576650348,0.6642836332321167,0.4722222222222222,0.7695878195878196,0.5384615384615384,0.0,0.6314009853771755,0.6359785454613822,0.046667493879795074,0.1397409247500556,0.0,0.0,0.0,0.0,0.0,18473,global,0.0
2,5,lr1e-05_bs8_drop0p2_temp1p0_a0p25_b0p05__wd1e-04trmiss0_degmodglobal,8,1e-05,0.0001,0.2,1.0,0.25,0.05,lr1e-05_bs8_drop0p2_temp1p0_a0p25_b0p05__wd1e-04trmiss0_degmodglobal,19,0.653647882597787,0.6633149087429047,0.4722222222222222,0.7695878195878196,0.5384615384615384,0.0,0.6460221239498684,0.637388561453138,0.04020418865340097,0.12416512625558036,0.0,0.0,0.0,0.0,0.0,18473,global,0.0
2,5,lr1e-05_bs8_drop0p2_temp1p0_a0p25_b0p05__wd1e-04trmiss0_degmodglobal,8,1e-05,0.0001,0.2,1.0,0.25,0.05,lr1e-05_bs8_drop0p2_temp1p0_a0p25_b0p05__wd1e-04trmiss0_degmodglobal,20,0.6607997587748936,0.6624992191791534,0.4444444444444444,0.7621804121804123,0.6153846153846154,0.0,0.644502546106066,0.6479570865631104,0.037139284291437695,0.07115706162793296,0.0,0.0,0.0,0.0,0.0,18473,global,0.0
2,5,lr1e-05_bs8_drop0p2_temp1p0_a0p25_b0p05__wd1e-04trmiss0_degmodglobal,8,1e-05,0.0001,0.2,1.0,0.25,0.05,lr1e-05_bs8_drop0p2_temp1p0_a0p25_b0p05__wd1e-04trmiss0_degmodglobal,21,0.6614952087402344,0.664426177740097,0.4444444444444444,0.7621804121804123,0.5384615384615384,0.0,0.6397507957049778,0.6474205510956901,0.03781768466745104,0.09240475057491235,0.0,0.0,0.0,0.0,0.0,18473,global,0.0
2,5,lr1e-05_bs8_drop0p2_temp1p0_a0p25_b0p05__wd1e-04trmiss0_degmodglobal,8,1e-05,0.0001,0.2,1.0,0.25,0.05,lr1e-05_bs8_drop0p2_temp1p0_a0p25_b0p05__wd1e-04trmiss0_degmodglobal,22,0.6798050233295986,0.6643931865692139,0.4722222222222222,0.7825507825507827,0.5384615384615384,0.0,0.630843733038221,0.6621325867516654,0.044018227607011795,0.13335759405578887,0.0,0.0,0.0,0.0,0.0,18473,global,0.0
2,5,lr1e-05_bs8_drop0p2_temp1p0_a0p25_b0p05__wd1e-04trmiss0_degmodglobal,8,1e-05,0.0001,0.2,1.0,0.25,0.05,lr1e-05_bs8_drop0p2_temp1p0_a0p25_b0p05__wd1e-04trmiss0_degmodglobal,23,0.6653769016265869,0.6640453338623047,0.4722222222222222,0.7695878195878196,0.5384615384615384,0.0,0.6290603535515922,0.6496743134089878,0.04140323852854116,0.1070356337087495,0.0,0.0,0.0,0.0,0.0,18473,global,0.0
2,5,lr1e-05_bs8_drop0p2_temp1p0_a0p25_b0p05__wd1e-04trmiss0_degmodglobal,8,1e-05,0.0001,0.2,1.0,0.25,0.05,lr1e-05_bs8_drop0p2_temp1p0_a0p25_b0p05__wd1e-04trmiss0_degmodglobal,24,0.6563798785209656,0.6643743216991425,0.4444444444444445,0.7325507825507827,0.6153846153846154,0.0,0.6388802528381348,0.6391575762203762,0.04412985247160707,0.12379656146679606,0.0,0.0,0.0,0.0,0.0,18473,global,0.0
2,5,lr1e-05_bs8_drop0p2_temp1p0_a0p25_b0p05__wd1e-04trmiss0_degmodglobal,8,1e-05,0.0001,0.2,1.0,0.25,0.05,lr1e-05_bs8_drop0p2_temp1p0_a0p25_b0p05__wd1e-04trmiss0_degmodglobal,25,0.673927766936166,0.6634992361068726,0.4444444444444444,0.7621804121804123,0.6153846153846154,0.0,0.6306561061314174,0.6579407027789524,0.04121811528291021,0.11365063382046563,0.0,0.0,0.0,0.0,0.0,18473,global,0.0
2,5,lr1e-05_bs8_drop0p2_temp1p0_a0p25_b0p05__wd1e-04trmiss0_degmodglobal,8,1e-05,0.0001,0.2,1.0,0.25,0.05,lr1e-05_bs8_drop0p2_temp1p0_a0p25_b0p05__wd1e-04trmiss0_degmodglobal,26,0.6739549125943866,0.6635407209396362,0.4444444444444444,0.7621804121804123,0.6153846153846154,0.0,0.6064231991767883,0.6514722108840942,0.05323419028094837,0.18348320147820882,0.0,0.0,0.0,0.0,0.0,18473,global,0.0
2,5,lr1e-05_bs8_drop0p2_temp1p0_a0p25_b0p05__wd1e-04trmiss0_degmodglobal,8,1e-05,0.0001,0.2,1.0,0.25,0.05,lr1e-05_bs8_drop0p2_temp1p0_a0p25_b0p05__wd1e-04trmiss0_degmodglobal,27,0.6623628480093819,0.6648315489292145,0.41666666666666663,0.7522597772597774,0.6153846153846154,0.0,0.6242381504603794,0.6443141443388802,0.043065542089087624,0.14564653858542442,0.0,0.0,0.0,0.0,0.0,18473,global,0.0
2,5,lr1e-05_bs8_drop0p2_temp1p0_a0p25_b0p05__wd1e-04trmiss0_degmodglobal,8,1e-05,0.0001,0.2,1.0,0.25,0.05,lr1e-05_bs8_drop0p2_temp1p0_a0p25_b0p05__wd1e-04trmiss0_degmodglobal,28,0.6641463381903512,0.6626309454441071,0.41666666666666663,0.7522597772597774,0.6153846153846154,0.0,0.621090693133218,0.6445026568004063,0.047618795186281204,0.15478001747812545,0.0,0.0,0.0,0.0,0.0,18473,global,0.0
2,5,lr1e-05_bs8_drop0p2_temp1p0_a0p25_b0p05__wd1e-04trmiss0_degmodglobal,8,1e-05,0.0001,0.2,1.0,0.25,0.05,lr1e-05_bs8_drop0p2_temp1p0_a0p25_b0p05__wd1e-04trmiss0_degmodglobal,29,0.6784207224845886,0.664555162191391,0.41666666666666663,0.7522597772597774,0.6153846153846154,0.0,0.6106820106506348,0.6589459521429879,0.04605085269681045,0.15924078119652613,0.0,0.0,0.0,0.0,0.0,18473,global,0.0
2,5,lr1e-05_bs8_drop0p2_temp1p0_a0p25_b0p05__wd1e-04trmiss0_degmodglobal,8,1e-05,0.0001,0.2,1.0,0.25,0.05,lr1e-05_bs8_drop0p2_temp1p0_a0p25_b0p05__wd1e-04trmiss0_degmodglobal,30,0.6772832870483398,0.6633617877960205,0.41666666666666663,0.7473655973655975,0.6153846153846154,0.0,0.6236692326409476,0.663124850818089,0.03510490884738309,0.10764393183801856,0.0,0.0,0.0,0.0,0.0,18473,global,0.0
2,5,lr1e-05_bs8_drop0p2_temp1p0_a0p25_b0p05__wd1e-04trmiss0_degmodglobal,8,1e-05,0.0001,0.2,1.0,0.25,0.05,lr1e-05_bs8_drop0p2_temp1p0_a0p25_b0p05__wd1e-04trmiss0_degmodglobal,31,0.6506306954792568,0.6627168655395508,0.4444444444444444,0.7621804121804123,0.6153846153846154,0.0,0.5984424778393337,0.631426249231611,0.04999948399407523,0.13409134958471572,0.0,0.0,0.0,0.0,0.0,18473,global,0.0
2,5,lr1e-05_bs8_drop0p2_temp1p0_a0p25_b0p05__wd1e-04trmiss0_degmodglobal,8,1e-05,0.0001,0.2,1.0,0.25,0.05,lr1e-05_bs8_drop0p2_temp1p0_a0p25_b0p05__wd1e-04trmiss0_degmodglobal,32,0.6726434401103428,0.663150429725647,0.4444444444444444,0.7621804121804123,0.6153846153846154,0.0,0.5978401558739799,0.6525080033711025,0.04928090237081051,0.15630403746451652,0.0,0.0,0.0,0.0,0.0,18473,global,0.0
2,5,lr1e-05_bs8_drop0p2_temp1p0_a0p25_b0p05__wd1e-04trmiss0_degmodglobal,8,1e-05,0.0001,0.2,1.0,0.25,0.05,lr1e-05_bs8_drop0p2_temp1p0_a0p25_b0p05__wd1e-04trmiss0_degmodglobal,33,0.6780128138405936,0.6633066534996033,0.4166666666666667,0.7251433751433751,0.6153846153846154,0.0,0.613234886101314,0.6597558515412467,0.04409150034189224,0.14468166444982802,0.0,0.0,0.0,0.0,0.0,18473,global,0.0
2,5,lr1e-05_bs8_drop0p2_temp1p0_a0p25_b0p05__wd1e-04trmiss0_degmodglobal,8,1e-05,0.0001,0.2,1.0,0.25,0.05,lr1e-05_bs8_drop0p2_temp1p0_a0p25_b0p05__wd1e-04trmiss0_degmodglobal,34,0.6785003798348563,0.6607657372951508,0.4444444444444444,0.7621804121804123,0.6153846153846154,0.0,0.5984400425638471,0.6582219089780535,0.050291989530835836,0.1541094487266881,0.0,0.0,0.0,0.0,0.0,18473,global,0.0
2,5,lr1e-05_bs8_drop0p2_temp1p0_a0p25_b0p05__wd1e-04trmiss0_degmodglobal,8,1e-05,0.0001,0.2,1.0,0.25,0.05,lr1e-05_bs8_drop0p2_temp1p0_a0p25_b0p05__wd1e-04trmiss0_degmodglobal,35,0.6635622807911464,0.660388708114624,0.4722222222222222,0.7695878195878196,0.6153846153846154,0.0,0.6119405797549656,0.6462221315928868,0.04417681321501732,0.1259191446006298,0.0,0.0,0.0,0.0,0.0,18473,global,0.0
2,5,lr1e-05_bs8_drop0p2_temp1p0_a0p25_b0p05__wd1e-04trmiss0_degmodglobal,8,1e-05,0.0001,0.2,1.0,0.25,0.05,lr1e-05_bs8_drop0p2_temp1p0_a0p25_b0p05__wd1e-04trmiss0_degmodglobal,36,0.6663193191800799,0.6588355302810669,0.4444444444444444,0.7621804121804123,0.6153846153846154,0.0,0.6164043630872454,0.6495524730001178,0.043352327176502774,0.11857522704771586,0.0,0.0,0.0,0.0,0.0,18473,global,0.0
2,5,lr1e-05_bs8_drop0p2_temp2p0_a0p25_b0p05__wd1e-04trmiss0_degmodglobal,8,1e-05,0.0001,0.2,2.0,0.25,0.05,lr1e-05_bs8_drop0p2_temp2p0_a0p25_b0p05__wd1e-04trmiss0_degmodglobal,1,0.7022831525121417,0.6583998501300812,0.5833333333333334,0.8269230769230771,0.5384615384615384,0.0,0.727875292301178,0.6845532315117973,0.049989337367670875,0.10465148091316223,0.0,0.0,0.0,0.0,0.0,18473,global,0.0
2,5,lr1e-05_bs8_drop0p2_temp2p0_a0p25_b0p05__wd1e-04trmiss0_degmodglobal,8,1e-05,0.0001,0.2,2.0,0.25,0.05,lr1e-05_bs8_drop0p2_temp2p0_a0p25_b0p05__wd1e-04trmiss0_degmodglobal,2,0.6787061180387225,0.6584650278091431,0.6111111111111112,0.8336570836570838,0.5384615384615384,0.0,0.6939118249075753,0.6619594182286944,0.04749683450375285,0.09744983911514282,0.0,0.0,0.0,0.0,0.0,18473,global,0.0
2,5,lr1e-05_bs8_drop0p2_temp2p0_a0p25_b0p05__wd1e-04trmiss0_degmodglobal,8,1e-05,0.0001,0.2,2.0,0.25,0.05,lr1e-05_bs8_drop0p2_temp2p0_a0p25_b0p05__wd1e-04trmiss0_degmodglobal,3,0.6781352928706578,0.6583177149295807,0.5833333333333333,0.8204295704295705,0.5384615384615384,0.0,0.7076485582760402,0.6573521069117955,0.05469179153442383,0.14220482217414038,0.0,0.0,0.0,0.0,0.0,18473,global,0.0
2,5,lr1e-05_bs8_drop0p2_temp2p0_a0p25_b0p05__wd1e-04trmiss0_degmodglobal,8,1e-05,0.0001,0.2,2.0,0.25,0.05,lr1e-05_bs8_drop0p2_temp2p0_a0p25_b0p05__wd1e-04trmiss0_degmodglobal,4,0.6832144004958016,0.6572312116622925,0.5833333333333333,0.8204295704295705,0.5384615384615384,0.0,0.7186098950249808,0.6666653496878487,0.04734945510114942,0.09423381515911647,0.0,0.0,0.0,0.0,0.0,18473,global,0.0
2,5,lr1e-05_bs8_drop0p2_temp2p0_a0p25_b0p05__wd1e-04trmiss0_degmodglobal,8,1e-05,0.0001,0.2,2.0,0.25,0.05,lr1e-05_bs8_drop0p2_temp2p0_a0p25_b0p05__wd1e-04trmiss0_degmodglobal,5,0.7008519768714905,0.6594415605068207,0.6111111111111112,0.8268398268398269,0.46153846153846156,0.0,0.7041343961443219,0.6784432274954659,0.059960647353104184,0.14837187262518065,0.0,0.0,0.0,0.0,0.0,18473,global,0.0
2,5,lr1e-05_bs8_drop0p2_temp2p0_a0p25_b0p05__wd1e-04trmiss0_degmodglobal,8,1e-05,0.0001,0.2,2.0,0.25,0.05,lr1e-05_bs8_drop0p2_temp2p0_a0p25_b0p05__wd1e-04trmiss0_degmodglobal,6,0.6679609332765851,0.6621222794055939,0.5555555555555556,0.8076599326599327,0.46153846153846156,0.0,0.7055561712809971,0.6484703506742205,0.04800569159643991,0.14978295777525222,0.0,0.0,0.0,0.0,0.0,18473,global,0.0
2,5,lr1e-05_bs8_drop0p2_temp2p0_a0p25_b0p05__wd1e-04trmiss0_degmodglobal,8,1e-05,0.0001,0.2,2.0,0.25,0.05,lr1e-05_bs8_drop0p2_temp2p0_a0p25_b0p05__wd1e-04trmiss0_degmodglobal,7,0.6984630141939435,0.6646439135074615,0.5555555555555556,0.8076599326599327,0.46153846153846156,0.0,0.6819075431142535,0.6792881318501064,0.05017222251210894,0.13263643639428274,0.0,0.0,0.0,0.0,0.0,18473,global,0.0
2,5,lr1e-05_bs8_drop0p2_temp2p0_a0p25_b0p05__wd1e-04trmiss0_degmodglobal,8,1e-05,0.0001,0.2,2.0,0.25,0.05,lr1e-05_bs8_drop0p2_temp2p0_a0p25_b0p05__wd1e-04trmiss0_degmodglobal,8,0.6449601224490574,0.662390798330307,0.5555555555555556,0.8076599326599327,0.46153846153846156,0.0,0.7073757733617511,0.6267362747873578,0.04816527983972004,0.12365049230200904,0.0,0.0,0.0,0.0,0.0,18473,global,0.0
2,5,lr1e-05_bs8_drop0p2_temp2p0_a0p25_b0p05__wd1e-04trmiss0_degmodglobal,8,1e-05,0.0001,0.2,2.0,0.25,0.05,lr1e-05_bs8_drop0p2_temp2p0_a0p25_b0p05__wd1e-04trmiss0_degmodglobal,9,0.6615747213363647,0.6671969592571259,0.5555555555555556,0.8076599326599327,0.46153846153846156,0.0,0.6773865904126849,0.6451772706849235,0.044529719544308524,0.1053001806139946,0.0,0.0,0.0,0.0,0.0,18473,global,0.0
2,5,lr1e-05_bs8_drop0p2_temp2p0_a0p25_b0p05__wd1e-04trmiss0_degmodglobal,8,1e-05,0.0001,0.2,2.0,0.25,0.05,lr1e-05_bs8_drop0p2_temp2p0_a0p25_b0p05__wd1e-04trmiss0_degmodglobal,10,0.673019358089992,0.6640562117099762,0.5555555555555556,0.8076599326599327,0.46153846153846156,0.0,0.6986368553979057,0.6543633426938739,0.04916139133274555,0.12731352927429335,0.0,0.0,0.0,0.0,0.0,18473,global,0.0
2,5,lr1e-05_bs8_drop0p2_temp2p0_a0p25_b0p05__wd1e-04trmiss0_degmodglobal,8,1e-05,0.0001,0.2,2.0,0.25,0.05,lr1e-05_bs8_drop0p2_temp2p0_a0p25_b0p05__wd1e-04trmiss0_degmodglobal,11,0.675465064389365,0.6658020913600922,0.5555555555555556,0.8076599326599327,0.46153846153846156,0.0,0.7039298500333514,0.6480172957692828,0.06782539561390877,0.20982837357691356,0.0,0.0,0.0,0.0,0.0,18473,global,0.0
2,5,lr1e-05_bs8_drop0p2_temp2p0_a0p25_b0p05__wd1e-04trmiss0_degmodglobal,8,1e-05,0.0001,0.2,2.0,0.25,0.05,lr1e-05_bs8_drop0p2_temp2p0_a0p25_b0p05__wd1e-04trmiss0_degmodglobal,12,0.6447815128735134,0.6628342866897583,0.5555555555555556,0.8076599326599327,0.46153846153846156,0.0,0.6961779253823417,0.6260117718151638,0.051319487392902374,0.1187972713794027,0.0,0.0,0.0,0.0,0.0,18473,global,0.0
2,5,lr1e-05_bs8_drop0p2_temp2p0_a0p25_b0p05__wd1e-04trmiss0_degmodglobal,8,1e-05,0.0001,0.2,2.0,0.25,0.05,lr1e-05_bs8_drop0p2_temp2p0_a0p25_b0p05__wd1e-04trmiss0_degmodglobal,13,0.6677415711539132,0.6625432372093201,0.5833333333333333,0.8298821548821549,0.46153846153846156,0.0,0.6735243882451739,0.6507944464683533,0.04881959727832249,0.09484497936708587,0.0,0.0,0.0,0.0,0.0,18473,global,0.0
2,5,lr1e-05_bs8_drop0p2_temp2p0_a0p25_b0p05__wd1e-04trmiss0_degmodglobal,8,1e-05,0.0001,0.2,2.0,0.25,0.05,lr1e-05_bs8_drop0p2_temp2p0_a0p25_b0p05__wd1e-04trmiss0_degmodglobal,14,0.655008580003466,0.6625129878520966,0.5555555555555556,0.8076599326599327,0.46153846153846156,0.0,0.6701614005225045,0.6342014925820487,0.056313615824495046,0.13457359267132624,0.0,0.0,0.0,0.0,0.0,18473,global,0.0
2,5,lr1e-05_bs8_drop0p2_temp2p0_a0p25_b0p05__wd1e-04trmiss0_degmodglobal,8,1e-05,0.0001,0.2,2.0,0.25,0.05,lr1e-05_bs8_drop0p2_temp2p0_a0p25_b0p05__wd1e-04trmiss0_degmodglobal,15,0.6512176990509033,0.6612350642681122,0.5833333333333333,0.8298821548821549,0.46153846153846156,0.0,0.6552729691777911,0.6366494127682277,0.04181051680019924,0.08231297614318984,0.0,0.0,0.0,0.0,0.0,18473,global,0.0
2,5,lr1e-05_bs8_drop0p2_temp2p0_a0p25_b0p05__wd1e-04trmiss0_degmodglobal,8,1e-05,0.0001,0.2,2.0,0.25,0.05,lr1e-05_bs8_drop0p2_temp2p0_a0p25_b0p05__wd1e-04trmiss0_degmodglobal,16,0.6764750480651855,0.6574043035507202,0.5833333333333333,0.8298821548821549,0.46153846153846156,0.0,0.6628710286957877,0.6585452130862645,0.048177271017006466,0.11771028595311302,0.0,0.0,0.0,0.0,0.0,18473,global,0.0
2,5,lr1e-05_bs8_drop0p2_temp2p0_a0p25_b0p05__wd1e-04trmiss0_degmodglobal,8,1e-05,0.0001,0.2,2.0,0.25,0.05,lr1e-05_bs8_drop0p2_temp2p0_a0p25_b0p05__wd1e-04trmiss0_degmodglobal,17,0.6535510420799255,0.6600460112094879,0.5833333333333333,0.8298821548821549,0.46153846153846156,0.0,0.6596813883100238,0.6326939378465924,0.054156480090958733,0.1463599151798657,0.0,0.0,0.0,0.0,0.0,18473,global,0.0
2,5,lr1e-05_bs8_drop0p2_temp2p0_a0p25_b0p05__wd1e-04trmiss0_degmodglobal,8,1e-05,0.0001,0.2,2.0,0.25,0.05,lr1e-05_bs8_drop0p2_temp2p0_a0p25_b0p05__wd1e-04trmiss0_degmodglobal,18,0.6386950697217669,0.6614472568035126,0.5277777777777778,0.8167378917378918,0.46153846153846156,0.0,0.6762189269065857,0.6214002796581813,0.04676245419042451,0.11208372616342135,0.0,0.0,0.0,0.0,0.0,18473,global,0.0
2,5,lr1e-05_bs8_drop0p2_temp2p0_a0p25_b0p05__wd1e-04trmiss0_degmodglobal,8,1e-05,0.0001,0.2,2.0,0.25,0.05,lr1e-05_bs8_drop0p2_temp2p0_a0p25_b0p05__wd1e-04trmiss0_degmodglobal,19,0.6270607709884644,0.660020262002945,0.5555555555555556,0.8234718984718985,0.46153846153846156,0.0,0.6320700389998299,0.6092318892478943,0.050055425081934245,0.10630058603627342,0.0,0.0,0.0,0.0,0.0,18473,global,0.0
2,5,lr1e-05_bs8_drop0p2_temp2p0_a0p25_b0p05__wd1e-04trmiss0_degmodglobal,8,1e-05,0.0001,0.2,2.0,0.25,0.05,lr1e-05_bs8_drop0p2_temp2p0_a0p25_b0p05__wd1e-04trmiss0_degmodglobal,20,0.6526453920773098,0.6630503833293915,0.5555555555555556,0.8234718984718985,0.46153846153846156,0.0,0.658286622592381,0.6366219861166817,0.04434354629899774,0.0987505880849702,0.0,0.0,0.0,0.0,0.0,18473,global,0.0
2,5,lr1e-05_bs8_drop0p2_temp2p0_a0p25_b0p05__wd1e-04trmiss0_degmodglobal,8,1e-05,0.0001,0.2,2.0,0.25,0.05,lr1e-05_bs8_drop0p2_temp2p0_a0p25_b0p05__wd1e-04trmiss0_degmodglobal,21,0.6510731066976275,0.6593588888645172,0.5833333333333333,0.8333925333925336,0.46153846153846156,0.0,0.6318176559039524,0.6320423143250602,0.04910334465759141,0.13509914385420935,0.0,0.0,0.0,0.0,0.0,18473,global,0.0
2,5,lr1e-05_bs8_drop0p2_temp2p0_a0p25_b0p05__wd1e-04trmiss0_degmodglobal,8,1e-05,0.0001,0.2,2.0,0.25,0.05,lr1e-05_bs8_drop0p2_temp2p0_a0p25_b0p05__wd1e-04trmiss0_degmodglobal,22,0.6582415444510323,0.6597894132137299,0.5833333333333333,0.8298821548821549,0.46153846153846156,0.0,0.6575534003121513,0.6376734631402152,0.05379272731287139,0.14239799763475144,0.0,0.0,0.0,0.0,0.0,18473,global,0.0
2,5,lr1e-05_bs8_drop0p2_temp2p0_a0p25_b0p05__wd1e-04trmiss0_degmodglobal,8,1e-05,0.0001,0.2,2.0,0.25,0.05,lr1e-05_bs8_drop0p2_temp2p0_a0p25_b0p05__wd1e-04trmiss0_degmodglobal,23,0.6432921886444092,0.6614467799663544,0.5833333333333333,0.8298821548821549,0.46153846153846156,0.0,0.6407630699021476,0.6286203180040631,0.03960211468594415,0.09542697721293994,0.0,0.0,0.0,0.0,0.0,18473,global,0.0
2,5,lr1e-05_bs8_drop0p2_temp2p0_a0p25_b0p05__wd1e-04trmiss0_degmodglobal,8,1e-05,0.0001,0.2,2.0,0.25,0.05,lr1e-05_bs8_drop0p2_temp2p0_a0p25_b0p05__wd1e-04trmiss0_degmodglobal,24,0.6391678707940238,0.6617275774478912,0.5833333333333333,0.8333925333925336,0.46153846153846156,0.0,0.6484855498586383,0.617590878690992,0.05780154413410595,0.1425322060074125,0.0,0.0,0.0,0.0,0.0,18473,global,0.0
2,5,lr1e-05_bs8_drop0p2_temp2p0_a0p25_b0p05__wd1e-04trmiss0_degmodglobal,8,1e-05,0.0001,0.2,2.0,0.25,0.05,lr1e-05_bs8_drop0p2_temp2p0_a0p25_b0p05__wd1e-04trmiss0_degmodglobal,25,0.6355890205928257,0.6640962958335876,0.5555555555555556,0.8266585266585267,0.46153846153846156,0.0,0.6262082883289882,0.6188069922583443,0.04979129534746919,0.0866838986320155,0.0,0.0,0.0,0.0,0.0,18473,global,0.0
2,5,lr1e-05_bs8_drop0p4_temp1p0_a0p25_b0p05__wd1e-04trmiss0_degmodglobal,8,1e-05,0.0001,0.4,1.0,0.25,0.05,lr1e-05_bs8_drop0p4_temp1p0_a0p25_b0p05__wd1e-04trmiss0_degmodglobal,1,0.7186644503048488,0.7133558988571167,0.19444444444444442,0.6278770612103945,0.46153846153846156,0.0,0.6948976516723633,0.7011991824422564,0.045709233065801005,0.12075912633112498,0.0,0.0,0.0,0.0,0.0,18473,global,0.0
2,5,lr1e-05_bs8_drop0p4_temp1p0_a0p25_b0p05__wd1e-04trmiss0_degmodglobal,8,1e-05,0.0001,0.4,1.0,0.25,0.05,lr1e-05_bs8_drop0p4_temp1p0_a0p25_b0p05__wd1e-04trmiss0_degmodglobal,2,0.6896304658481053,0.7138814330101013,0.19444444444444442,0.6384590717924052,0.46153846153846156,0.0,0.6937133158956256,0.6765282068933759,0.035282782678093226,0.08563137852719852,0.0,0.0,0.0,0.0,0.0,18473,global,0.0
2,5,lr1e-05_bs8_drop0p4_temp1p0_a0p25_b0p05__wd1e-04trmiss0_degmodglobal,8,1e-05,0.0001,0.4,1.0,0.25,0.05,lr1e-05_bs8_drop0p4_temp1p0_a0p25_b0p05__wd1e-04trmiss0_degmodglobal,3,0.6749955075127738,0.7194438278675079,0.16666666666666666,0.5829035162368497,0.46153846153846156,0.0,0.6802701779774257,0.6546538983072553,0.047290170565247536,0.170381170298372,0.0,0.0,0.0,0.0,0.0,18473,global,0.0
2,5,lr1e-05_bs8_drop0p4_temp1p0_a0p25_b0p05__wd1e-04trmiss0_degmodglobal,8,1e-05,0.0001,0.4,1.0,0.25,0.05,lr1e-05_bs8_drop0p4_temp1p0_a0p25_b0p05__wd1e-04trmiss0_degmodglobal,4,0.7028358663831439,0.7222929894924164,0.16666666666666666,0.5829035162368497,0.38461538461538464,0.0,0.6782938241958618,0.6862272024154663,0.035922053935272355,0.1525632574089936,0.0,0.0,0.0,0.0,0.0,18473,global,0.0
2,5,lr1e-05_bs8_drop0p4_temp1p0_a0p25_b0p05__wd1e-04trmiss0_degmodglobal,8,1e-05,0.0001,0.4,1.0,0.25,0.05,lr1e-05_bs8_drop0p4_temp1p0_a0p25_b0p05__wd1e-04trmiss0_degmodglobal,5,0.7227234244346619,0.7247200012207031,0.16666666666666666,0.5829035162368497,0.38461538461538464,0.0,0.6912034153938293,0.7084203447614398,0.03768674922840936,0.09762777813843318,0.0,0.0,0.0,0.0,0.0,18473,global,0.0
2,5,lr1e-05_bs8_drop0p4_temp1p0_a0p25_b0p05__wd1e-04trmiss0_degmodglobal,8,1e-05,0.0001,0.4,1.0,0.25,0.05,lr1e-05_bs8_drop0p4_temp1p0_a0p25_b0p05__wd1e-04trmiss0_degmodglobal,6,0.6753681557519096,0.7269024848937988,0.2222222222222222,0.5987765321098655,0.38461538461538464,0.0,0.6981306076049805,0.6579896211624146,0.04297411973987307,0.13270005051578795,0.0,0.0,0.0,0.0,0.0,18473,global,0.0
2,5,lr1e-05_bs8_drop0p4_temp1p0_a0p25_b0p05__wd1e-04trmiss0_degmodglobal,8,1e-05,0.0001,0.4,1.0,0.25,0.05,lr1e-05_bs8_drop0p4_temp1p0_a0p25_b0p05__wd1e-04trmiss0_degmodglobal,7,0.6814298544611249,0.7259043157100677,0.2222222222222222,0.5987765321098655,0.3076923076923077,0.0,0.685745290347508,0.6678972925458636,0.036607474620853155,0.0876138439135892,0.0,0.0,0.0,0.0,0.0,18473,global,0.0
2,5,lr1e-05_bs8_drop0p4_temp1p0_a0p25_b0p05__wd1e-04trmiss0_degmodglobal,8,1e-05,0.0001,0.4,1.0,0.25,0.05,lr1e-05_bs8_drop0p4_temp1p0_a0p25_b0p05__wd1e-04trmiss0_degmodglobal,8,0.6746880326952253,0.7233816385269165,0.2222222222222222,0.6463955797289131,0.38461538461538464,0.0,0.6769817556653704,0.6589452794619969,0.04172539258641856,0.10622775448220116,0.0,0.0,0.0,0.0,0.0,18473,global,0.0
2,5,lr1e-05_bs8_drop0p4_temp1p0_a0p25_b0p05__wd1e-04trmiss0_degmodglobal,8,1e-05,0.0001,0.4,1.0,0.25,0.05,lr1e-05_bs8_drop0p4_temp1p0_a0p25_b0p05__wd1e-04trmiss0_degmodglobal,9,0.737869952406202,0.7223297655582428,0.19444444444444442,0.6384590717924052,0.38461538461538464,0.0,0.6848389250891549,0.7174044592039925,0.04985916295221874,0.16001386514731816,0.0,0.0,0.0,0.0,0.0,18473,global,0.0
2,5,lr1e-05_bs8_drop0p4_temp1p0_a0p25_b0p05__wd1e-04trmiss0_degmodglobal,8,1e-05,0.0001,0.4,1.0,0.25,0.05,lr1e-05_bs8_drop0p4_temp1p0_a0p25_b0p05__wd1e-04trmiss0_degmodglobal,10,0.6886686767850604,0.7201689779758453,0.19444444444444442,0.6384590717924052,0.38461538461538464,0.0,0.6647470593452454,0.6715726426669529,0.04022511014980929,0.1407954032932009,0.0,0.0,0.0,0.0,0.0,18473,global,0.0
2,5,lr1e-05_bs8_drop0p4_temp1p0_a0p25_b0p05__wd1e-04trmiss0_degmodglobal,8,1e-05,0.0001,0.4,1.0,0.25,0.05,lr1e-05_bs8_drop0p4_temp1p0_a0p25_b0p05__wd1e-04trmiss0_degmodglobal,11,0.65444529908044,0.7183355987071991,0.19444444444444442,0.6384590717924052,0.38461538461538464,0.0,0.6908336537224906,0.6405425667762756,0.03183898143470287,0.11885971522756986,0.0,0.0,0.0,0.0,0.0,18473,global,0.0
2,5,lr1e-05_bs8_drop0p4_temp1p0_a0p25_b0p05__wd1e-04trmiss0_degmodglobal,8,1e-05,0.0001,0.4,1.0,0.25,0.05,lr1e-05_bs8_drop0p4_temp1p0_a0p25_b0p05__wd1e-04trmiss0_degmodglobal,12,0.6879575252532959,0.7153384983539581,0.25,0.6543320876654211,0.38461538461538464,0.0,0.6807799168995449,0.6682271105902535,0.04861186843897615,0.15154887310096196,0.0,0.0,0.0,0.0,0.0,18473,global,0.0
2,5,lr1e-05_bs8_drop0p4_temp1p0_a0p25_b0p05__wd1e-04trmiss0_degmodglobal,8,1e-05,0.0001,0.4,1.0,0.25,0.05,lr1e-05_bs8_drop0p4_temp1p0_a0p25_b0p05__wd1e-04trmiss0_degmodglobal,13,0.6703341858727592,0.7154411375522614,0.19444444444444442,0.6384590717924052,0.38461538461538464,0.0,0.665932663849422,0.650599445615496,0.04568163784486907,0.16628666328532354,0.0,0.0,0.0,0.0,0.0,18473,global,0.0
2,5,lr1e-05_bs8_drop0p4_temp1p0_a0p25_b0p05__wd1e-04trmiss0_degmodglobal,8,1e-05,0.0001,0.4,1.0,0.25,0.05,lr1e-05_bs8_drop0p4_temp1p0_a0p25_b0p05__wd1e-04trmiss0_degmodglobal,14,0.6934470364025661,0.7181310951709747,0.2222222222222222,0.6463955797289131,0.3076923076923077,0.0,0.6834176353045872,0.6766672389847892,0.03959439069564853,0.13762388138898782,0.0,0.0,0.0,0.0,0.0,18473,global,0.0
2,5,lr1e-05_bs8_drop0p4_temp1p0_a0p25_b0p05__wd1e-04trmiss0_degmodglobal,8,1e-05,0.0001,0.4,1.0,0.25,0.05,lr1e-05_bs8_drop0p4_temp1p0_a0p25_b0p05__wd1e-04trmiss0_degmodglobal,15,0.6683599352836609,0.7168612480163574,0.19444444444444442,0.6278770612103945,0.3076923076923077,0.0,0.6850509558405194,0.6502691166741508,0.04398158352289881,0.1419085849608694,0.0,0.0,0.0,0.0,0.0,18473,global,0.0
2,5,lr1e-05_bs8_drop0p4_temp1p0_a0p25_b0p05__wd1e-04trmiss0_degmodglobal,8,1e-05,0.0001,0.4,1.0,0.25,0.05,lr1e-05_bs8_drop0p4_temp1p0_a0p25_b0p05__wd1e-04trmiss0_degmodglobal,16,0.6938388688223702,0.7147287130355835,0.2222222222222222,0.6463955797289131,0.38461538461538464,0.0,0.6844250815255302,0.6754461186272758,0.043160588081393926,0.15205215024096624,0.0,0.0,0.0,0.0,0.0,18473,global,0.0
2,5,lr1e-05_bs8_drop0p4_temp1p0_a0p25_b0p05__wd1e-04trmiss0_degmodglobal,8,1e-05,0.0001,0.4,1.0,0.25,0.05,lr1e-05_bs8_drop0p4_temp1p0_a0p25_b0p05__wd1e-04trmiss0_degmodglobal,17,0.6439940844263349,0.714561939239502,0.25,0.6543320876654211,0.38461538461538464,0.0,0.6704281313078744,0.6260591915675572,0.04183707625738212,0.14951226540974208,0.0,0.0,0.0,0.0,0.0,18473,global,0.0
2,5,lr1e-05_bs8_drop0p4_temp1p0_a0p25_b0p05__wd1e-04trmiss0_degmodglobal,8,1e-05,0.0001,0.4,1.0,0.25,0.05,lr1e-05_bs8_drop0p4_temp1p0_a0p25_b0p05__wd1e-04trmiss0_degmodglobal,18,0.6735214591026306,0.7155136466026306,0.2222222222222222,0.6358135691469025,0.3076923076923077,0.0,0.6575102976390294,0.6543558580534798,0.04853434807487896,0.14064024814537593,0.0,0.0,0.0,0.0,0.0,18473,global,0.0
2,5,lr1e-05_bs8_drop0p4_temp1p0_a0p25_b0p05__wd1e-04trmiss0_degmodglobal,8,1e-05,0.0001,0.4,1.0,0.25,0.05,lr1e-05_bs8_drop0p4_temp1p0_a0p25_b0p05__wd1e-04trmiss0_degmodglobal,19,0.6399837051119123,0.7135559320449829,0.25,0.6543320876654211,0.38461538461538464,0.0,0.6698157106127057,0.6199329495429993,0.04728741464870317,0.164577950324331,0.0,0.0,0.0,0.0,0.0,18473,global,0.0
2,5,lr1e-05_bs8_drop0p4_temp1p0_a0p25_b0p05__wd1e-04trmiss0_degmodglobal,8,1e-05,0.0001,0.4,1.0,0.25,0.05,lr1e-05_bs8_drop0p4_temp1p0_a0p25_b0p05__wd1e-04trmiss0_degmodglobal,20,0.6712843179702759,0.7152349650859833,0.25,0.6543320876654211,0.38461538461538464,0.0,0.6456991604396275,0.6522303223609924,0.04643964767456055,0.1488815083035401,0.0,0.0,0.0,0.0,0.0,18473,global,0.0
2,5,lr1e-05_bs8_drop0p4_temp1p0_a0p25_b0p05__wd1e-04trmiss0_degmodglobal,8,1e-05,0.0001,0.4,1.0,0.25,0.05,lr1e-05_bs8_drop0p4_temp1p0_a0p25_b0p05__wd1e-04trmiss0_degmodglobal,21,0.7048841203962054,0.7158040106296539,0.2222222222222222,0.5987765321098655,0.38461538461538464,0.0,0.6570652042116437,0.6854108316557748,0.04975647106766701,0.14068338966795377,0.0,0.0,0.0,0.0,0.0,18473,global,0.0
2,5,lr1e-05_bs8_drop0p4_temp1p0_a0p25_b0p05__wd1e-04trmiss0_degmodglobal,8,1e-05,0.0001,0.4,1.0,0.25,0.05,lr1e-05_bs8_drop0p4_temp1p0_a0p25_b0p05__wd1e-04trmiss0_degmodglobal,22,0.7075874720300946,0.7138864398002625,0.19444444444444442,0.580258013591347,0.38461538461538464,0.0,0.7003351960863385,0.6888071043150765,0.04717168690902846,0.13974911280508553,0.0,0.0,0.0,0.0,0.0,18473,global,0.0
2,5,lr1e-05_bs8_drop0p4_temp1p0_a0p25_b0p05__wd1e-04trmiss0_degmodglobal,8,1e-05,0.0001,0.4,1.0,0.25,0.05,lr1e-05_bs8_drop0p4_temp1p0_a0p25_b0p05__wd1e-04trmiss0_degmodglobal,23,0.6697975226811,0.7135361731052399,0.2222222222222222,0.5987765321098655,0.38461538461538464,0.0,0.6555396744183132,0.6492757201194763,0.050573437341621945,0.15756882461053984,0.0,0.0,0.0,0.0,0.0,18473,global,0.0
2,5,lr1e-05_bs8_drop0p4_temp1p0_a0p25_b0p05__wd1e-04trmiss0_degmodglobal,8,1e-05,0.0001,0.4,1.0,0.25,0.05,lr1e-05_bs8_drop0p4_temp1p0_a0p25_b0p05__wd1e-04trmiss0_degmodglobal,24,0.6885532736778259,0.7115516662597656,0.2222222222222222,0.5987765321098655,0.38461538461538464,0.0,0.6567647201674325,0.6668596012251717,0.05013460772378104,0.18320011028221675,0.0,0.0,0.0,0.0,0.0,18473,global,0.0
2,5,lr1e-05_bs8_drop0p4_temp1p0_a0p25_b0p05__wd1e-04trmiss0_degmodglobal,8,1e-05,0.0001,0.4,1.0,0.25,0.05,lr1e-05_bs8_drop0p4_temp1p0_a0p25_b0p05__wd1e-04trmiss0_degmodglobal,25,0.7125411629676819,0.7080036401748657,0.24999999999999997,0.6098876432209765,0.38461538461538464,0.0,0.6561224460601807,0.6916210906846183,0.047530986102563996,0.1807464212179184,0.0,0.0,0.0,0.0,0.0,18473,global,0.0
2,5,lr1e-05_bs8_drop0p4_temp1p0_a0p25_b0p05__wd1e-04trmiss0_degmodglobal,8,1e-05,0.0001,0.4,1.0,0.25,0.05,lr1e-05_bs8_drop0p4_temp1p0_a0p25_b0p05__wd1e-04trmiss0_degmodglobal,26,0.6855545895440238,0.7082213461399078,0.24999999999999997,0.6098876432209765,0.38461538461538464,0.0,0.6292068958282471,0.6652632781437465,0.04629931013498988,0.1743296863777297,0.0,0.0,0.0,0.0,0.0,18473,global,0.0
2,5,lr1e-05_bs8_drop0p4_temp1p0_a0p25_b0p05__wd1e-04trmiss0_degmodglobal,8,1e-05,0.0001,0.4,1.0,0.25,0.05,lr1e-05_bs8_drop0p4_temp1p0_a0p25_b0p05__wd1e-04trmiss0_degmodglobal,27,0.6586309586252485,0.7093973457813263,0.24999999999999997,0.6098876432209765,0.38461538461538464,0.0,0.6499039360455104,0.641997686454228,0.04166729003190994,0.12432912683912686,0.0,0.0,0.0,0.0,0.0,18473,global,0.0
2,5,lr1e-05_bs8_drop0p4_temp1p0_a0p25_b0p05__wd1e-04trmiss0_degmodglobal,8,1e-05,0.0001,0.4,1.0,0.25,0.05,lr1e-05_bs8_drop0p4_temp1p0_a0p25_b0p05__wd1e-04trmiss0_degmodglobal,28,0.6812088744980949,0.7096956372261047,0.27777777777777773,0.6654431987765321,0.38461538461538464,0.0,0.650667096887316,0.6648016997746059,0.04038059711456299,0.12624068877526692,0.0,0.0,0.0,0.0,0.0,18473,global,0.0
2,5,lr1e-05_bs8_drop0p4_temp1p0_a0p25_b0p05__wd1e-04trmiss0_degmodglobal,8,1e-05,0.0001,0.4,1.0,0.25,0.05,lr1e-05_bs8_drop0p4_temp1p0_a0p25_b0p05__wd1e-04trmiss0_degmodglobal,29,0.6772533825465611,0.711449533700943,0.24999999999999997,0.6098876432209765,0.38461538461538464,0.0,0.6516987255641392,0.6554145642689296,0.051598183278526576,0.17878536667142594,0.0,0.0,0.0,0.0,0.0,18473,global,0.0
2,5,lr1e-05_bs8_drop0p4_temp1p0_a0p25_b0p05__wd1e-04trmiss0_degmodglobal,8,1e-05,0.0001,0.4,1.0,0.25,0.05,lr1e-05_bs8_drop0p4_temp1p0_a0p25_b0p05__wd1e-04trmiss0_degmodglobal,30,0.6571735484259469,0.7106541693210602,0.24999999999999997,0.6098876432209765,0.38461538461538464,0.0,0.6264301197869437,0.6409861360277448,0.04159791927252497,0.11575872663940702,0.0,0.0,0.0,0.0,0.0,18473,global,0.0
2,5,lr1e-05_bs8_drop0p4_temp1p0_a0p25_b0p05__wd1e-04trmiss0_degmodglobal,8,1e-05,0.0001,0.4,1.0,0.25,0.05,lr1e-05_bs8_drop0p4_temp1p0_a0p25_b0p05__wd1e-04trmiss0_degmodglobal,31,0.6636843766484942,0.7094667851924896,0.3055555555555555,0.6731592481592481,0.38461538461538464,0.0,0.6661308407783508,0.6479406016213554,0.0413172718669687,0.10828901774116925,0.0,0.0,0.0,0.0,0.0,18473,global,0.0
2,5,lr1e-05_bs8_drop0p4_temp1p0_a0p25_b0p05__wd1e-04trmiss0_degmodglobal,8,1e-05,0.0001,0.4,1.0,0.25,0.05,lr1e-05_bs8_drop0p4_temp1p0_a0p25_b0p05__wd1e-04trmiss0_degmodglobal,32,0.6787725942475455,0.7097621560096741,0.2777777777777778,0.6176036926036926,0.38461538461538464,0.0,0.6616853731019157,0.6598593592643738,0.045028927602938244,0.15311991849115916,0.0,0.0,0.0,0.0,0.0,18473,global,0.0
2,5,lr1e-05_bs8_drop0p4_temp1p0_a0p25_b0p05__wd1e-04trmiss0_degmodglobal,8,1e-05,0.0001,0.4,1.0,0.25,0.05,lr1e-05_bs8_drop0p4_temp1p0_a0p25_b0p05__wd1e-04trmiss0_degmodglobal,33,0.6748678854533604,0.711197555065155,0.3055555555555555,0.6731592481592481,0.38461538461538464,0.0,0.6365143656730652,0.6531821148736137,0.052533852734736035,0.17104613674538477,0.0,0.0,0.0,0.0,0.0,18473,global,0.0
2,5,lr1e-05_bs8_drop0p4_temp1p0_a0p25_b0p05__wd1e-04trmiss0_degmodglobal,8,1e-05,0.0001,0.4,1.0,0.25,0.05,lr1e-05_bs8_drop0p4_temp1p0_a0p25_b0p05__wd1e-04trmiss0_degmodglobal,34,0.6822390982082912,0.7124223113059998,0.2777777777777778,0.6176036926036926,0.38461538461538464,0.0,0.6466137085642133,0.6624073897089277,0.04422127881220409,0.17552767906870162,0.0,0.0,0.0,0.0,0.0,18473,global,0.0
2,5,lr1e-05_bs8_drop0p4_temp1p0_a0p25_b0p05__wd1e-04trmiss0_degmodglobal,8,1e-05,0.0001,0.4,1.0,0.25,0.05,lr1e-05_bs8_drop0p4_temp1p0_a0p25_b0p05__wd1e-04trmiss0_degmodglobal,35,0.6784629906926837,0.7118666172027588,0.2777777777777778,0.6176036926036926,0.38461538461538464,0.0,0.6553637215069362,0.660354767526899,0.04440430485244308,0.14014308846422605,0.0,0.0,0.0,0.0,0.0,18473,global,0.0
2,5,lr1e-05_bs8_drop0p4_temp1p0_a0p25_b0p05__wd1e-04trmiss0_degmodglobal,8,1e-05,0.0001,0.4,1.0,0.25,0.05,lr1e-05_bs8_drop0p4_temp1p0_a0p25_b0p05__wd1e-04trmiss0_degmodglobal,36,0.6548608371189663,0.7114857137203217,0.25,0.6575066908400242,0.38461538461538464,0.0,0.6398229173251561,0.635769954749516,0.052596330110515864,0.11883585367883955,0.0,0.0,0.0,0.0,0.0,18473,global,0.0
2,5,lr1e-05_bs8_drop0p4_temp1p0_a0p25_b0p05__wd1e-04trmiss0_degmodglobal,8,1e-05,0.0001,0.4,1.0,0.25,0.05,lr1e-05_bs8_drop0p4_temp1p0_a0p25_b0p05__wd1e-04trmiss0_degmodglobal,37,0.6910469361713955,0.7106410562992096,0.25,0.6575066908400242,0.38461538461538464,0.0,0.647247178213937,0.6745942660740444,0.03981643143509116,0.1299711833042758,0.0,0.0,0.0,0.0,0.0,18473,global,0.0
2,5,lr1e-05_bs8_drop0p4_temp1p0_a0p25_b0p05__wd1e-04trmiss0_degmodglobal,8,1e-05,0.0001,0.4,1.0,0.25,0.05,lr1e-05_bs8_drop0p4_temp1p0_a0p25_b0p05__wd1e-04trmiss0_degmodglobal,38,0.6779908878462655,0.7098414897918701,0.27777777777777773,0.6654431987765321,0.38461538461538464,0.0,0.6225648266928536,0.6606315118925912,0.04724423800195966,0.11096617153712682,0.0,0.0,0.0,0.0,0.0,18473,global,0.0
2,5,lr1e-05_bs8_drop0p4_temp1p0_a0p25_b0p05__wd1e-04trmiss0_degmodglobal,8,1e-05,0.0001,0.4,1.0,0.25,0.05,lr1e-05_bs8_drop0p4_temp1p0_a0p25_b0p05__wd1e-04trmiss0_degmodglobal,39,0.692225021975381,0.7105518877506256,0.2222222222222222,0.6019511352844686,0.38461538461538464,0.0,0.6413186022213527,0.673684435231345,0.04781487078538963,0.13173720134156092,0.0,0.0,0.0,0.0,0.0,18473,global,0.0
2,5,lr1e-05_bs8_drop0p4_temp1p0_a0p25_b0p05__wd1e-04trmiss0_degmodglobal,8,1e-05,0.0001,0.4,1.0,0.25,0.05,lr1e-05_bs8_drop0p4_temp1p0_a0p25_b0p05__wd1e-04trmiss0_degmodglobal,40,0.6610861931528363,0.7121942937374115,0.3055555555555555,0.6731592481592481,0.38461538461538464,0.0,0.6367564371653965,0.6447568195206779,0.044065280950495174,0.10626125229256493,0.0,0.0,0.0,0.0,0.0,18473,global,0.0
2,5,lr1e-05_bs8_drop0p4_temp1p0_a0p25_b0p05__wd1e-04trmiss0_degmodglobal,8,1e-05,0.0001,0.4,1.0,0.25,0.05,lr1e-05_bs8_drop0p4_temp1p0_a0p25_b0p05__wd1e-04trmiss0_degmodglobal,41,0.6564797248159137,0.7121038138866425,0.27777777777777773,0.6654431987765321,0.38461538461538464,0.0,0.6288140756743295,0.6372206636837551,0.05030747449823788,0.1336439416876861,0.0,0.0,0.0,0.0,0.0,18473,global,0.0
2,5,lr1e-05_bs8_drop0p4_temp1p0_a0p25_b0p05__wd1e-04trmiss0_degmodglobal,8,1e-05,0.0001,0.4,1.0,0.25,0.05,lr1e-05_bs8_drop0p4_temp1p0_a0p25_b0p05__wd1e-04trmiss0_degmodglobal,42,0.6797331656728473,0.7102537155151367,0.3055555555555555,0.6731592481592481,0.38461538461538464,0.0,0.6221844043050494,0.6631523285593305,0.044555773958563805,0.1088380254805088,0.0,0.0,0.0,0.0,0.0,18473,global,0.0
2,5,lr1e-05_bs8_drop0p4_temp1p0_a0p25_b0p05__wd1e-04trmiss0_degmodglobal,8,1e-05,0.0001,0.4,1.0,0.25,0.05,lr1e-05_bs8_drop0p4_temp1p0_a0p25_b0p05__wd1e-04trmiss0_degmodglobal,43,0.6574884397642953,0.7111366093158722,0.27777777777777773,0.6654431987765321,0.38461538461538464,0.0,0.6222273622240339,0.6407127891268048,0.043007350127611844,0.12047620862722397,0.0,0.0,0.0,0.0,0.0,18473,global,0.0
2,5,lr1e-05_bs8_drop0p4_temp1p0_a0p25_b0p05__wd1e-04trmiss0_degmodglobal,8,1e-05,0.0001,0.4,1.0,0.25,0.05,lr1e-05_bs8_drop0p4_temp1p0_a0p25_b0p05__wd1e-04trmiss0_degmodglobal,44,0.6431042381695339,0.7109166979789734,0.24999999999999997,0.6098876432209765,0.38461538461538464,0.0,0.6478068658283779,0.6290962525776455,0.03685770769204412,0.09587110046829496,0.0,0.0,0.0,0.0,0.0,18473,global,0.0
2,5,lr1e-05_bs8_drop0p4_temp1p0_a0p25_b0p05__wd1e-04trmiss0_degmodglobal,8,1e-05,0.0001,0.4,1.0,0.25,0.05,lr1e-05_bs8_drop0p4_temp1p0_a0p25_b0p05__wd1e-04trmiss0_degmodglobal,45,0.6629401019641331,0.7113196849822998,0.2777777777777778,0.6176036926036926,0.38461538461538464,0.0,0.634323171206883,0.6445955974715096,0.04654575565031597,0.13416142176304544,0.0,0.0,0.0,0.0,0.0,18473,global,0.0
2,5,lr1e-05_bs8_drop0p4_temp1p0_a0p25_b0p05__wd1e-04trmiss0_degmodglobal,8,1e-05,0.0001,0.4,1.0,0.25,0.05,lr1e-05_bs8_drop0p4_temp1p0_a0p25_b0p05__wd1e-04trmiss0_degmodglobal,46,0.6648945467812675,0.7124531269073486,0.2777777777777778,0.6176036926036926,0.38461538461538464,0.0,0.6426683068275452,0.6478078791073391,0.04712827344025884,0.10609189793467522,0.0,0.0,0.0,0.0,0.0,18473,global,0.0
2,5,lr1e-05_bs8_drop0p4_temp1p0_a0p25_b0p05__wd1e-04trmiss0_degmodglobal,8,1e-05,0.0001,0.4,1.0,0.25,0.05,lr1e-05_bs8_drop0p4_temp1p0_a0p25_b0p05__wd1e-04trmiss0_degmodglobal,47,0.659186567578997,0.7100280821323395,0.3055555555555555,0.6821098654431987,0.38461538461538464,0.0,0.6254995465278625,0.6404926436288017,0.04511233791708946,0.14831677079200745,0.0,0.0,0.0,0.0,0.0,18473,global,0.0
2,5,lr1e-05_bs8_drop0p4_temp1p0_a0p25_b0p05__wd1e-04trmiss0_degmodglobal,8,1e-05,0.0001,0.4,1.0,0.25,0.05,lr1e-05_bs8_drop0p4_temp1p0_a0p25_b0p05__wd1e-04trmiss0_degmodglobal,48,0.6532213943345206,0.7096957564353943,0.3611111111111111,0.7004079254079254,0.38461538461538464,0.0,0.630343326500484,0.6323358331407819,0.05225601739117077,0.15643120557069778,0.0,0.0,0.0,0.0,0.0,18473,global,0.0
2,5,lr1e-05_bs8_drop0p4_temp1p0_a0p25_b0p05__wd1e-04trmiss0_degmodglobal,8,1e-05,0.0001,0.4,1.0,0.25,0.05,lr1e-05_bs8_drop0p4_temp1p0_a0p25_b0p05__wd1e-04trmiss0_degmodglobal,49,0.6770443831171308,0.7111435234546661,0.27777777777777773,0.6654431987765321,0.38461538461538464,0.0,0.6175469245229449,0.6551182780947004,0.04860847336905343,0.19547952418880804,0.0,0.0,0.0,0.0,0.0,18473,global,0.0
2,5,lr1e-05_bs8_drop0p4_temp1p0_a0p25_b0p05__wd1e-04trmiss0_degmodglobal,8,1e-05,0.0001,0.4,1.0,0.25,0.05,lr1e-05_bs8_drop0p4_temp1p0_a0p25_b0p05__wd1e-04trmiss0_degmodglobal,50,0.6682776212692261,0.7091454565525055,0.3055555555555555,0.6821098654431987,0.38461538461538464,0.0,0.6139016406876701,0.6458801967757088,0.054060588989939005,0.17764593128647124,0.0,0.0,0.0,0.0,0.0,18473,global,0.0
2,5,lr1e-05_bs8_drop0p4_temp1p0_a0p25_b0p05__wd1e-04trmiss0_degmodglobal,8,1e-05,0.0001,0.4,1.0,0.25,0.05,lr1e-05_bs8_drop0p4_temp1p0_a0p25_b0p05__wd1e-04trmiss0_degmodglobal,51,0.6655887109892709,0.7085354328155518,0.24999999999999997,0.6098876432209765,0.38461538461538464,0.0,0.6310476660728455,0.6451903666768756,0.04901370193277087,0.16289816158158438,0.0,0.0,0.0,0.0,0.0,18473,global,0.0
2,5,lr1e-05_bs8_drop0p4_temp1p0_a0p25_b0p05__wd1e-04trmiss0_degmodglobal,8,1e-05,0.0001,0.4,1.0,0.25,0.05,lr1e-05_bs8_drop0p4_temp1p0_a0p25_b0p05__wd1e-04trmiss0_degmodglobal,52,0.663484479699816,0.7101321816444397,0.3055555555555556,0.6281857031857032,0.38461538461538464,0.0,0.6170655574117389,0.6398723210607257,0.05293454070176397,0.20757019413369043,0.0,0.0,0.0,0.0,0.0,18473,global,0.0
2,5,lr1e-05_bs8_drop0p4_temp1p0_a0p25_b0p05__wd1e-04trmiss0_degmodglobal,8,1e-05,0.0001,0.4,1.0,0.25,0.05,lr1e-05_bs8_drop0p4_temp1p0_a0p25_b0p05__wd1e-04trmiss0_degmodglobal,53,0.6642682892935616,0.7104882299900055,0.3055555555555555,0.6821098654431987,0.38461538461538464,0.0,0.6290537629808698,0.6409602846418109,0.05843634158372879,0.1739785075187683,0.0,0.0,0.0,0.0,0.0,18473,global,0.0
2,5,lr1e-05_bs8_drop0p4_temp1p0_a0p25_b0p05__wd1e-04trmiss0_degmodglobal,8,1e-05,0.0001,0.4,1.0,0.25,0.05,lr1e-05_bs8_drop0p4_temp1p0_a0p25_b0p05__wd1e-04trmiss0_degmodglobal,54,0.6622216956956046,0.709668904542923,0.2777777777777778,0.6265543098876432,0.38461538461538464,0.0,0.6245986819267273,0.6433042969022479,0.04947088924901826,0.1309932842850685,0.0,0.0,0.0,0.0,0.0,18473,global,0.0
2,5,lr1e-05_bs8_drop0p4_temp1p0_a0p25_b0p05__wd1e-04trmiss0_degmodglobal,8,1e-05,0.0001,0.4,1.0,0.25,0.05,lr1e-05_bs8_drop0p4_temp1p0_a0p25_b0p05__wd1e-04trmiss0_degmodglobal,55,0.6545988065855843,0.7096099555492401,0.2777777777777778,0.6265543098876432,0.38461538461538464,0.0,0.608768241746085,0.6372280205999102,0.0462904226567064,0.11596361867019109,0.0,0.0,0.0,0.0,0.0,18473,global,0.0
2,5,lr1e-05_bs8_drop0p4_temp1p0_a0p25_b0p05__wd1e-04trmiss0_degmodglobal,8,1e-05,0.0001,0.4,1.0,0.25,0.05,lr1e-05_bs8_drop0p4_temp1p0_a0p25_b0p05__wd1e-04trmiss0_degmodglobal,56,0.6627305575779506,0.7076791822910309,0.3055555555555556,0.6342703592703594,0.38461538461538464,0.0,0.5991118890898568,0.6434338688850403,0.04760484876377242,0.14790974663836615,0.0,0.0,0.0,0.0,0.0,18473,global,0.0
2,5,lr1e-05_bs8_drop0p4_temp1p0_a0p25_b0p05__wd1e-04trmiss0_degmodglobal,8,1e-05,0.0001,0.4,1.0,0.25,0.05,lr1e-05_bs8_drop0p4_temp1p0_a0p25_b0p05__wd1e-04trmiss0_degmodglobal,57,0.6656803914478847,0.7078733146190643,0.3055555555555555,0.6371363204696538,0.38461538461538464,0.0,0.6198235409600394,0.6456921781812396,0.05002910404333046,0.14961879593985422,0.0,0.0,0.0,0.0,0.0,18473,global,0.0
2,5,lr1e-05_bs8_drop0p4_temp1p0_a0p25_b0p05__wd1e-04trmiss0_degmodglobal,8,1e-05,0.0001,0.4,1.0,0.25,0.05,lr1e-05_bs8_drop0p4_temp1p0_a0p25_b0p05__wd1e-04trmiss0_degmodglobal,58,0.6515282051903861,0.7073943316936493,0.3333333333333333,0.6926918760252094,0.38461538461538464,0.0,0.5811160504817963,0.6277177163532802,0.060527740844658444,0.1735712108867509,0.0,0.0,0.0,0.0,0.0,18473,global,0.0
2,5,lr1e-05_bs8_drop0p4_temp1p0_a0p25_b0p05__wd1e-04trmiss0_degmodglobal,8,1e-05,0.0001,0.4,1.0,0.25,0.05,lr1e-05_bs8_drop0p4_temp1p0_a0p25_b0p05__wd1e-04trmiss0_degmodglobal,59,0.6972708361489433,0.7090571224689484,0.3333333333333333,0.6448523698523699,0.38461538461538464,0.0,0.6375428353037152,0.6789167863982064,0.04616747157914298,0.13624401177678788,0.0,0.0,0.0,0.0,0.0,18473,global,0.0
2,5,lr1e-05_bs8_drop0p4_temp1p0_a0p25_b0p05__wd1e-04trmiss0_degmodglobal,8,1e-05,0.0001,0.4,1.0,0.25,0.05,lr1e-05_bs8_drop0p4_temp1p0_a0p25_b0p05__wd1e-04trmiss0_degmodglobal,60,0.6446904965809414,0.7092639803886414,0.3333333333333333,0.6448523698523699,0.38461538461538464,0.0,0.6382631744657244,0.6275968466486249,0.04278704337775707,0.12793791613408498,0.0,0.0,0.0,0.0,0.0,18473,global,0.0
2,5,lr1e-05_bs8_drop0p4_temp1p0_a0p25_b0p05__wd1e-04trmiss0_degmodglobal,8,1e-05,0.0001,0.4,1.0,0.25,0.05,lr1e-05_bs8_drop0p4_temp1p0_a0p25_b0p05__wd1e-04trmiss0_degmodglobal,61,0.6811899798257011,0.7078470289707184,0.3333333333333333,0.6926918760252094,0.38461538461538464,0.0,0.625432516847338,0.6557325805936541,0.06063522930656161,0.20597179446901595,0.0,0.0,0.0,0.0,0.0,18473,global,0.0
2,5,lr1e-05_bs8_drop0p4_temp1p0_a0p25_b0p05__wd1e-04trmiss0_degmodglobal,8,1e-05,0.0001,0.4,1.0,0.25,0.05,lr1e-05_bs8_drop0p4_temp1p0_a0p25_b0p05__wd1e-04trmiss0_degmodglobal,62,0.6718729138374329,0.7060380578041077,0.3333333333333333,0.6926918760252094,0.38461538461538464,0.0,0.596722675221307,0.6497402446610587,0.053320725581475666,0.1760499727513109,0.0,0.0,0.0,0.0,0.0,18473,global,0.0
2,5,lr1e-05_bs8_drop0p4_temp1p0_a0p25_b0p05__wd1e-04trmiss0_degmodglobal,8,1e-05,0.0001,0.4,1.0,0.25,0.05,lr1e-05_bs8_drop0p4_temp1p0_a0p25_b0p05__wd1e-04trmiss0_degmodglobal,63,0.6622666205678668,0.7073148787021637,0.3333333333333333,0.6448523698523699,0.38461538461538464,0.0,0.6023516058921814,0.642225980758667,0.04749837118600096,0.16332104269947326,0.0,0.0,0.0,0.0,0.0,18473,global,0.0
2,5,lr1e-05_bs8_drop0p4_temp1p0_a0p25_b0p05__wd1e-04trmiss0_degmodglobal,8,1e-05,0.0001,0.4,1.0,0.25,0.05,lr1e-05_bs8_drop0p4_temp1p0_a0p25_b0p05__wd1e-04trmiss0_degmodglobal,64,0.6576911381312779,0.7097415030002594,0.3333333333333333,0.6448523698523699,0.38461538461538464,0.0,0.6179710456303188,0.6380756412233625,0.0507638527612601,0.1384905566062246,0.0,0.0,0.0,0.0,0.0,18473,global,0.0
2,5,lr1e-05_bs8_drop0p4_temp1p0_a0p25_b0p05__wd1e-04trmiss0_degmodglobal,8,1e-05,0.0001,0.4,1.0,0.25,0.05,lr1e-05_bs8_drop0p4_temp1p0_a0p25_b0p05__wd1e-04trmiss0_degmodglobal,65,0.6653681312288556,0.7077940702438354,0.3055555555555555,0.6371363204696538,0.38461538461538464,0.0,0.6126543709209987,0.6444954957280841,0.04808964739952769,0.17700436072690146,0.0,0.0,0.0,0.0,0.0,18473,global,0.0
2,5,lr1e-05_bs8_drop0p4_temp1p0_a0p25_b0p05__wd1e-04trmiss0_degmodglobal,8,1e-05,0.0001,0.4,1.0,0.25,0.05,lr1e-05_bs8_drop0p4_temp1p0_a0p25_b0p05__wd1e-04trmiss0_degmodglobal,66,0.6844667962619236,0.7075612843036652,0.3055555555555555,0.6371363204696538,0.38461538461538464,0.0,0.6248803309031895,0.6632152880941119,0.0537534835083144,0.15626280435494014,0.0,0.0,0.0,0.0,0.0,18473,global,0.0
2,5,lr1e-05_bs8_drop0p4_temp1p0_a0p25_b0p05__wd1e-04trmiss0_degmodglobal,8,1e-05,0.0001,0.4,1.0,0.25,0.05,lr1e-05_bs8_drop0p4_temp1p0_a0p25_b0p05__wd1e-04trmiss0_degmodglobal,67,0.6789166160992214,0.70772784948349,0.3611111111111111,0.7004079254079254,0.38461538461538464,0.0,0.6251629761287144,0.6589580774307251,0.051962830658469884,0.13935691863298416,0.0,0.0,0.0,0.0,0.0,18473,global,0.0
2,5,lr1e-05_bs8_drop0p4_temp1p0_a0p25_b0p05__wd1e-04trmiss0_degmodglobal,8,1e-05,0.0001,0.4,1.0,0.25,0.05,lr1e-05_bs8_drop0p4_temp1p0_a0p25_b0p05__wd1e-04trmiss0_degmodglobal,68,0.6467741983277457,0.7080324292182922,0.3611111111111111,0.7004079254079254,0.38461538461538464,0.0,0.602001394544329,0.6248680778912136,0.057898438934768946,0.1486301070877484,0.0,0.0,0.0,0.0,0.0,18473,global,0.0
2,5,lr1e-05_bs8_drop0p4_temp1p0_a0p25_b0p05__wd1e-04trmiss0_degmodglobal,8,1e-05,0.0001,0.4,1.0,0.25,0.05,lr1e-05_bs8_drop0p4_temp1p0_a0p25_b0p05__wd1e-04trmiss0_degmodglobal,69,0.6786684053284782,0.7076506018638611,0.38888888888888884,0.7374449624449626,0.38461538461538464,0.0,0.6185145803860256,0.6584002801350185,0.047625382031713216,0.1672356969543866,0.0,0.0,0.0,0.0,0.0,18473,global,0.0
2,5,lr1e-05_bs8_drop0p4_temp1p0_a0p25_b0p05__wd1e-04trmiss0_degmodglobal,8,1e-05,0.0001,0.4,1.0,0.25,0.05,lr1e-05_bs8_drop0p4_temp1p0_a0p25_b0p05__wd1e-04trmiss0_degmodglobal,70,0.6685171467917306,0.7060599327087402,0.3333333333333333,0.6926918760252094,0.38461538461538464,0.0,0.5942636472838265,0.6384127565792629,0.06680587732366153,0.2680583580264023,0.0,0.0,0.0,0.0,0.0,18473,global,0.0
2,5,lr1e-05_bs8_drop0p4_temp1p0_a0p25_b0p05__wd1e-04trmiss0_degmodglobal,8,1e-05,0.0001,0.4,1.0,0.25,0.05,lr1e-05_bs8_drop0p4_temp1p0_a0p25_b0p05__wd1e-04trmiss0_degmodglobal,71,0.6805870447840009,0.7059769034385681,0.3333333333333333,0.6926918760252094,0.38461538461538464,0.0,0.6009368641035897,0.6635298814092364,0.03967905842832157,0.14274830796888896,0.0,0.0,0.0,0.0,0.0,18473,global,0.0
2,5,lr1e-05_bs8_drop0p4_temp1p0_a0p25_b0p05__wd1e-04trmiss0_degmodglobal,8,1e-05,0.0001,0.4,1.0,0.25,0.05,lr1e-05_bs8_drop0p4_temp1p0_a0p25_b0p05__wd1e-04trmiss0_degmodglobal,72,0.6970750093460083,0.7076641023159027,0.3055555555555555,0.6371363204696538,0.38461538461538464,0.0,0.5863609824861798,0.6695668271609715,0.060688664870602746,0.2467203778879983,0.0,0.0,0.0,0.0,0.0,18473,global,0.0
2,5,lr1e-05_bs8_drop0p4_temp1p0_a0p25_b0p05__wd1e-04trmiss0_degmodglobal,8,1e-05,0.0001,0.4,1.0,0.25,0.05,lr1e-05_bs8_drop0p4_temp1p0_a0p25_b0p05__wd1e-04trmiss0_degmodglobal,73,0.6409757222448077,0.7072214782238007,0.3333333333333333,0.6448523698523699,0.38461538461538464,0.0,0.5915358747754779,0.6231734326907566,0.044236116111278534,0.1348651498556137,0.0,0.0,0.0,0.0,0.0,18473,global,0.0
2,5,lr1e-05_bs8_drop0p4_temp1p0_a0p25_b0p05__wd1e-04trmiss0_degmodglobal,8,1e-05,0.0001,0.4,1.0,0.25,0.05,lr1e-05_bs8_drop0p4_temp1p0_a0p25_b0p05__wd1e-04trmiss0_degmodglobal,74,0.6551109552383423,0.7058298885822296,0.3611111111111111,0.7004079254079254,0.38461538461538464,0.0,0.6028954216412136,0.63906215769904,0.04399114394826548,0.1010205399777208,0.0,0.0,0.0,0.0,0.0,18473,global,0.0
2,5,lr1e-05_bs8_drop0p4_temp1p0_a0p25_b0p05__wd1e-04trmiss0_degmodglobal,8,1e-05,0.0001,0.4,1.0,0.25,0.05,lr1e-05_bs8_drop0p4_temp1p0_a0p25_b0p05__wd1e-04trmiss0_degmodglobal,75,0.6424540025847298,0.7064789235591888,0.3333333333333333,0.6926918760252094,0.38461538461538464,0.0,0.612483194896153,0.623336136341095,0.046685846256358285,0.14892819364156043,0.0,0.0,0.0,0.0,0.0,18473,global,0.0
2,5,lr1e-05_bs8_drop0p4_temp1p0_a0p25_b0p05__wd1e-04trmiss0_degmodglobal,8,1e-05,0.0001,0.4,1.0,0.25,0.05,lr1e-05_bs8_drop0p4_temp1p0_a0p25_b0p05__wd1e-04trmiss0_degmodglobal,76,0.6559215443474906,0.7072792947292328,0.3333333333333333,0.6448523698523699,0.38461538461538464,0.0,0.5955982804298401,0.6351380092757088,0.05634270289114544,0.13395739559616363,0.0,0.0,0.0,0.0,0.0,18473,global,0.0
2,5,lr1e-05_bs8_drop0p4_temp1p0_a0p25_b0p05__wd1e-04trmiss0_degmodglobal,8,1e-05,0.0001,0.4,1.0,0.25,0.05,lr1e-05_bs8_drop0p4_temp1p0_a0p25_b0p05__wd1e-04trmiss0_degmodglobal,77,0.6634588667324611,0.7055508196353912,0.3611111111111111,0.6547730047730048,0.38461538461538464,0.0,0.6094812325068882,0.6431052769933429,0.05213361020599093,0.14640346595219203,0.0,0.0,0.0,0.0,0.0,18473,global,0.0
2,5,lr1e-05_bs8_drop0p4_temp1p0_a0p25_b0p05__wd1e-04trmiss0_degmodglobal,8,1e-05,0.0001,0.4,1.0,0.25,0.05,lr1e-05_bs8_drop0p4_temp1p0_a0p25_b0p05__wd1e-04trmiss0_degmodglobal,78,0.6647920949118478,0.7036899030208588,0.3611111111111111,0.7004079254079254,0.38461538461538464,0.0,0.5828497154372079,0.6461246183940342,0.04551312859569277,0.14578405341931752,0.0,0.0,0.0,0.0,0.0,18473,global,0.0
2,5,lr1e-05_bs8_drop0p4_temp1p0_a0p25_b0p05__wd1e-04trmiss0_degmodglobal,8,1e-05,0.0001,0.4,1.0,0.25,0.05,lr1e-05_bs8_drop0p4_temp1p0_a0p25_b0p05__wd1e-04trmiss0_degmodglobal,79,0.6702546051570347,0.7078116238117218,0.3611111111111111,0.6547730047730048,0.38461538461538464,0.0,0.60578681741442,0.643685689994267,0.06349178510052818,0.21391946928841726,0.0,0.0,0.0,0.0,0.0,18473,global,0.0
2,5,lr1e-05_bs8_drop0p4_temp1p0_a0p25_b0p05__wd1e-04trmiss0_degmodglobal,8,1e-05,0.0001,0.4,1.0,0.25,0.05,lr1e-05_bs8_drop0p4_temp1p0_a0p25_b0p05__wd1e-04trmiss0_degmodglobal,80,0.6758994630404881,0.7075190842151642,0.3333333333333333,0.6448523698523699,0.38461538461538464,0.0,0.590357107775552,0.6553522518702916,0.048723377021295686,0.16732757644993917,0.0,0.0,0.0,0.0,0.0,18473,global,0.0
2,5,lr1e-05_bs8_drop0p4_temp2p0_a0p25_b0p05__wd1e-04trmiss0_degmodglobal,8,1e-05,0.0001,0.4,2.0,0.25,0.05,lr1e-05_bs8_drop0p4_temp2p0_a0p25_b0p05__wd1e-04trmiss0_degmodglobal,1,0.7235121216092791,0.6685276329517365,0.7222222222222223,0.8872285122285124,0.6923076923076923,0.0,0.7469859548977443,0.7033007570675441,0.049995984616024156,0.15424757770129613,0.0,0.0,0.0,0.0,0.0,18473,global,0.0
2,5,lr1e-05_bs8_drop0p4_temp2p0_a0p25_b0p05__wd1e-04trmiss0_degmodglobal,8,1e-05,0.0001,0.4,2.0,0.25,0.05,lr1e-05_bs8_drop0p4_temp2p0_a0p25_b0p05__wd1e-04trmiss0_degmodglobal,2,0.759649932384491,0.6687047481536865,0.6944444444444444,0.8622846289512958,0.6923076923076923,0.0,0.7207394923482623,0.7239908150264195,0.0794418714940548,0.31597307324409485,0.0,0.0,0.0,0.0,0.0,18473,global,0.0
2,5,lr1e-05_bs8_drop0p4_temp2p0_a0p25_b0p05__wd1e-04trmiss0_degmodglobal,8,1e-05,0.0001,0.4,2.0,0.25,0.05,lr1e-05_bs8_drop0p4_temp2p0_a0p25_b0p05__wd1e-04trmiss0_degmodglobal,3,0.7630586283547538,0.6657936871051788,0.7222222222222222,0.8730870980870982,0.6923076923076923,0.0,0.7263438275882176,0.7323565057345799,0.0718922098832471,0.25458171644381117,0.0,0.0,0.0,0.0,0.0,18473,global,0.0
2,5,lr1e-05_bs8_drop0p4_temp2p0_a0p25_b0p05__wd1e-04trmiss0_degmodglobal,8,1e-05,0.0001,0.4,2.0,0.25,0.05,lr1e-05_bs8_drop0p4_temp2p0_a0p25_b0p05__wd1e-04trmiss0_degmodglobal,4,0.7122815421649388,0.6626427173614502,0.7222222222222222,0.8730870980870982,0.6923076923076923,0.0,0.7181779657091413,0.6878671560968671,0.0576055965253285,0.20025995799473353,0.0,0.0,0.0,0.0,0.0,18473,global,0.0
2,5,lr1e-05_bs8_drop0p4_temp2p0_a0p25_b0p05__wd1e-04trmiss0_degmodglobal,8,1e-05,0.0001,0.4,2.0,0.25,0.05,lr1e-05_bs8_drop0p4_temp2p0_a0p25_b0p05__wd1e-04trmiss0_degmodglobal,5,0.7013412032808576,0.660217821598053,0.7222222222222222,0.8517195767195769,0.6923076923076923,0.0,0.7220787235668727,0.6793602279254368,0.052373615226575305,0.17775158690554754,0.0,0.0,0.0,0.0,0.0,18473,global,0.0
2,5,lr1e-05_bs8_drop0p4_temp2p0_a0p25_b0p05__wd1e-04trmiss0_degmodglobal,8,1e-05,0.0001,0.4,2.0,0.25,0.05,lr1e-05_bs8_drop0p4_temp2p0_a0p25_b0p05__wd1e-04trmiss0_degmodglobal,6,0.70559880563191,0.6578348875045776,0.7222222222222222,0.8517195767195769,0.6923076923076923,0.0,0.685251099722726,0.6797505106244769,0.057556704218898504,0.22918247005769185,0.0,0.0,0.0,0.0,0.0,18473,global,0.0
2,5,lr1e-05_bs8_drop0p4_temp2p0_a0p25_b0p05__wd1e-04trmiss0_degmodglobal,8,1e-05,0.0001,0.4,2.0,0.25,0.05,lr1e-05_bs8_drop0p4_temp2p0_a0p25_b0p05__wd1e-04trmiss0_degmodglobal,7,0.6877893720354352,0.6566722989082336,0.75,0.8615961199294533,0.7692307692307693,0.0,0.7169443539210728,0.6719531757490975,0.04025827241795404,0.11543242739779609,0.0,0.0,0.0,0.0,0.0,18473,global,0.0
2,5,lr1e-05_bs8_drop0p4_temp2p0_a0p25_b0p05__wd1e-04trmiss0_degmodglobal,8,1e-05,0.0001,0.4,2.0,0.25,0.05,lr1e-05_bs8_drop0p4_temp2p0_a0p25_b0p05__wd1e-04trmiss0_degmodglobal,8,0.6755546842302594,0.656472384929657,0.7222222222222222,0.8245590828924163,0.7692307692307693,0.0,0.6948420831135341,0.6558794464383807,0.05229835691196578,0.13201283237763814,0.0,0.0,0.0,0.0,0.0,18473,global,0.0
2,5,lr1e-05_bs8_drop0p4_temp2p0_a0p25_b0p05__wd1e-04trmiss0_degmodglobal,8,1e-05,0.0001,0.4,2.0,0.25,0.05,lr1e-05_bs8_drop0p4_temp2p0_a0p25_b0p05__wd1e-04trmiss0_degmodglobal,9,0.7040900162288121,0.6570627093315125,0.7222222222222222,0.8245590828924163,0.7692307692307693,0.0,0.7246026481900897,0.6741269486291068,0.06605106113212449,0.2690059116908482,0.0,0.0,0.0,0.0,0.0,18473,global,0.0
2,5,lr1e-05_bs8_drop0p4_temp2p0_a0p25_b0p05__wd1e-04trmiss0_degmodglobal,8,1e-05,0.0001,0.4,2.0,0.25,0.05,lr1e-05_bs8_drop0p4_temp2p0_a0p25_b0p05__wd1e-04trmiss0_degmodglobal,10,0.6798241053308759,0.6610584855079651,0.7222222222222222,0.8245590828924163,0.8461538461538461,0.0,0.7061053855078561,0.6594499519893101,0.04821309500506946,0.16641754657030106,0.0,0.0,0.0,0.0,0.0,18473,global,0.0
2,5,lr1e-05_bs8_drop0p4_temp2p0_a0p25_b0p05__wd1e-04trmiss0_degmodglobal,8,1e-05,0.0001,0.4,2.0,0.25,0.05,lr1e-05_bs8_drop0p4_temp2p0_a0p25_b0p05__wd1e-04trmiss0_degmodglobal,11,0.7232468894549778,0.6582483351230621,0.7222222222222222,0.8245590828924163,0.7692307692307693,0.0,0.7001725520406451,0.7001145482063293,0.05106574669480324,0.20731848904064723,0.0,0.0,0.0,0.0,0.0,18473,global,0.0
2,5,lr1e-05_bs8_drop0p4_temp2p0_a0p25_b0p05__wd1e-04trmiss0_degmodglobal,8,1e-05,0.0001,0.4,2.0,0.25,0.05,lr1e-05_bs8_drop0p4_temp2p0_a0p25_b0p05__wd1e-04trmiss0_degmodglobal,12,0.7172030976840428,0.659443587064743,0.7222222222222222,0.8245590828924163,0.7692307692307693,0.0,0.6594577601977757,0.688800607408796,0.0637970423059804,0.24906468284981592,0.0,0.0,0.0,0.0,0.0,18473,global,0.0
2,5,lr1e-05_bs8_drop0p4_temp2p0_a0p25_b0p05__wd1e-04trmiss0_degmodglobal,8,1e-05,0.0001,0.4,2.0,0.25,0.05,lr1e-05_bs8_drop0p4_temp2p0_a0p25_b0p05__wd1e-04trmiss0_degmodglobal,13,0.6920942408697945,0.6585855782032013,0.7222222222222222,0.8245590828924163,0.7692307692307693,0.0,0.6650698440415519,0.6713254707200187,0.04984162694641522,0.1661673422370638,0.0,0.0,0.0,0.0,0.0,18473,global,0.0
2,5,lr1e-05_bs8_drop0p4_temp2p0_a0p25_b0p05__wd1e-04trmiss0_degmodglobal,8,1e-05,0.0001,0.4,2.0,0.25,0.05,lr1e-05_bs8_drop0p4_temp2p0_a0p25_b0p05__wd1e-04trmiss0_degmodglobal,14,0.6860511898994446,0.6605802476406097,0.7222222222222222,0.8245590828924163,0.7692307692307693,0.0,0.6507023317473275,0.6580218247004918,0.06532238743134908,0.2339755892753601,0.0,0.0,0.0,0.0,0.0,18473,global,0.0
2,5,lr1e-05_bs8_drop0p4_temp2p0_a0p25_b0p05__wd1e-04trmiss0_degmodglobal,8,1e-05,0.0001,0.4,2.0,0.25,0.05,lr1e-05_bs8_drop0p4_temp2p0_a0p25_b0p05__wd1e-04trmiss0_degmodglobal,15,0.66329482623509,0.6605354249477386,0.7222222222222222,0.8245590828924163,0.7692307692307693,0.0,0.6798886912209647,0.6410528591700962,0.050449028078998835,0.192594085420881,0.0,0.0,0.0,0.0,0.0,18473,global,0.0
2,5,lr1e-05_bs8_drop0p4_temp2p0_a0p25_b0p05__wd1e-04trmiss0_degmodglobal,8,1e-05,0.0001,0.4,2.0,0.25,0.05,lr1e-05_bs8_drop0p4_temp2p0_a0p25_b0p05__wd1e-04trmiss0_degmodglobal,16,0.7117466671126229,0.6581526100635529,0.75,0.8321348404681739,0.7692307692307693,0.0,0.6838283623967852,0.6853411538260323,0.06043835569705282,0.2259182014635631,0.0,0.0,0.0,0.0,0.0,18473,global,0.0
2,5,lr1e-05_bs8_drop0p4_temp2p0_a0p25_b0p05__wd1e-04trmiss0_degmodglobal,8,1e-05,0.0001,0.4,2.0,0.25,0.05,lr1e-05_bs8_drop0p4_temp2p0_a0p25_b0p05__wd1e-04trmiss0_degmodglobal,17,0.6712821125984192,0.6605359613895416,0.75,0.8321348404681739,0.7692307692307693,0.0,0.6999854019709996,0.6478188037872314,0.05211233241217477,0.20870432683399745,0.0,0.0,0.0,0.0,0.0,18473,global,0.0
2,5,lr1e-05_bs8_drop0p4_temp2p0_a0p25_b0p05__wd1e-04trmiss0_degmodglobal,8,1e-05,0.0001,0.4,2.0,0.25,0.05,lr1e-05_bs8_drop0p4_temp2p0_a0p25_b0p05__wd1e-04trmiss0_degmodglobal,18,0.666720986366272,0.658146470785141,0.7222222222222222,0.8222582972582972,0.7692307692307693,0.0,0.6635521820613316,0.6505808319364276,0.04395354273063796,0.10303507319518498,0.0,0.0,0.0,0.0,0.0,18473,global,0.0
2,5,lr1e-05_bs8_drop0p4_temp2p0_a0p25_b0p05__wd1e-04trmiss0_degmodglobal,8,1e-05,0.0001,0.4,2.0,0.25,0.05,lr1e-05_bs8_drop0p4_temp2p0_a0p25_b0p05__wd1e-04trmiss0_degmodglobal,19,0.6709339022636414,0.6585037410259247,0.7222222222222222,0.8222582972582972,0.7692307692307693,0.0,0.6539030500820705,0.6482330645833697,0.05748063166226659,0.16661358092512404,0.0,0.0,0.0,0.0,0.0,18473,global,0.0
2,5,lr1e-05_bs8_drop0p4_temp2p0_a0p25_b0p05__wd1e-04trmiss0_degmodglobal,8,1e-05,0.0001,0.4,2.0,0.25,0.05,lr1e-05_bs8_drop0p4_temp2p0_a0p25_b0p05__wd1e-04trmiss0_degmodglobal,20,0.7053426929882595,0.6585397720336914,0.7222222222222222,0.8222582972582972,0.7692307692307693,0.0,0.6841183645384652,0.681124576500484,0.05980491638183594,0.1853378979223115,0.0,0.0,0.0,0.0,0.0,18473,global,0.0
2,5,lr1e-05_bs8_drop0p4_temp2p0_a0p25_b0p05__wd1e-04trmiss0_degmodglobal,8,1e-05,0.0001,0.4,2.0,0.25,0.05,lr1e-05_bs8_drop0p4_temp2p0_a0p25_b0p05__wd1e-04trmiss0_degmodglobal,21,0.6807498165539333,0.657571941614151,0.7222222222222222,0.8222582972582972,0.7692307692307693,0.0,0.6618498989513942,0.6583075267927987,0.05148414628846305,0.19142487325838634,0.0,0.0,0.0,0.0,0.0,18473,global,0.0
2,5,lr1e-05_bs8_drop0p4_temp2p0_a0p25_b0p05__wd1e-04trmiss0_degmodglobal,8,1e-05,0.0001,0.4,2.0,0.25,0.05,lr1e-05_bs8_drop0p4_temp2p0_a0p25_b0p05__wd1e-04trmiss0_degmodglobal,22,0.6604797499520438,0.6578973233699799,0.7222222222222222,0.8222582972582972,0.7692307692307693,0.0,0.6992961083139692,0.6392896515982491,0.05296351068786213,0.15898460894823074,0.0,0.0,0.0,0.0,0.0,18473,global,0.0
2,5,lr1e-05_bs8_drop0p4_temp2p0_a0p25_b0p05__wd1e-04trmiss0_degmodglobal,8,1e-05,0.0001,0.4,2.0,0.25,0.05,lr1e-05_bs8_drop0p4_temp2p0_a0p25_b0p05__wd1e-04trmiss0_degmodglobal,23,0.7049619044576373,0.6592996716499329,0.7222222222222222,0.8222582972582972,0.6923076923076923,0.0,0.6775017295564923,0.6789370008877346,0.06345415008919579,0.2032271155289241,0.0,0.0,0.0,0.0,0.0,18473,global,0.0
2,5,lr1e-05_bs8_drop0p4_temp2p0_a0p25_b0p05__wd1e-04trmiss0_degmodglobal,8,1e-05,0.0001,0.4,2.0,0.25,0.05,lr1e-05_bs8_drop0p4_temp2p0_a0p25_b0p05__wd1e-04trmiss0_degmodglobal,24,0.6874213814735413,0.657259613275528,0.7222222222222222,0.8222582972582972,0.7692307692307693,0.0,0.6796812244824001,0.6658535088811602,0.05073463597467968,0.17768419161438942,0.0,0.0,0.0,0.0,0.0,18473,global,0.0
2,5,lr1e-05_bs8_drop0p4_temp2p0_a0p25_b0p05__wd1e-04trmiss0_degmodglobal,8,1e-05,0.0001,0.4,2.0,0.25,0.05,lr1e-05_bs8_drop0p4_temp2p0_a0p25_b0p05__wd1e-04trmiss0_degmodglobal,25,0.7105675084250314,0.6555695533752441,0.7222222222222222,0.8222582972582972,0.7692307692307693,0.0,0.6652912412370954,0.6865215216364179,0.053531210869550705,0.21326365268656186,0.0,0.0,0.0,0.0,0.0,18473,global,0.0
2,5,lr1e-05_bs8_drop0p4_temp2p0_a0p25_b0p05__wd1e-04trmiss0_degmodglobal,8,1e-05,0.0001,0.4,2.0,0.25,0.05,lr1e-05_bs8_drop0p4_temp2p0_a0p25_b0p05__wd1e-04trmiss0_degmodglobal,26,0.66354843548366,0.6543654799461365,0.7222222222222222,0.8222582972582972,0.8461538461538461,0.0,0.6739566155842373,0.6441955651555743,0.04603804647922516,0.15686695384127752,0.0,0.0,0.0,0.0,0.0,18473,global,0.0
2,5,lr1e-05_bs8_drop0p4_temp2p0_a0p25_b0p05__wd1e-04trmiss0_degmodglobal,8,1e-05,0.0001,0.4,2.0,0.25,0.05,lr1e-05_bs8_drop0p4_temp2p0_a0p25_b0p05__wd1e-04trmiss0_degmodglobal,27,0.647863609450204,0.6553727388381958,0.7222222222222222,0.8222582972582972,0.7692307692307693,0.0,0.6394179633685521,0.6243224740028381,0.0518408033198544,0.21161872574261256,0.0,0.0,0.0,0.0,0.0,18473,global,0.0
2,5,lr1e-04_bs16_drop0p2_temp1p0_a0p25_b0p05__wd1e-04trmiss0_degmodglobal,16,0.0001,0.0001,0.2,1.0,0.25,0.05,lr1e-04_bs16_drop0p2_temp1p0_a0p25_b0p05__wd1e-04trmiss0_degmodglobal,1,0.7202166020870209,0.7035613656044006,0.5,0.7822631072631072,0.38461538461538464,0.0,0.7800627499818802,0.7021553814411163,0.04564291425049305,0.13301018439233303,0.0,0.0,0.0,0.0,0.0,18473,global,0.0
2,5,lr1e-04_bs16_drop0p2_temp1p0_a0p25_b0p05__wd1e-04trmiss0_degmodglobal,16,0.0001,0.0001,0.2,1.0,0.25,0.05,lr1e-04_bs16_drop0p2_temp1p0_a0p25_b0p05__wd1e-04trmiss0_degmodglobal,2,0.6888697892427444,0.7072861790657043,0.5,0.7822631072631072,0.46153846153846156,0.0,0.7305063754320145,0.6652455776929855,0.05627693887799978,0.1910993605852127,0.0,0.0,0.0,0.0,0.0,18473,global,0.0
2,5,lr1e-04_bs16_drop0p2_temp1p0_a0p25_b0p05__wd1e-04trmiss0_degmodglobal,16,0.0001,0.0001,0.2,1.0,0.25,0.05,lr1e-04_bs16_drop0p2_temp1p0_a0p25_b0p05__wd1e-04trmiss0_degmodglobal,3,0.6730317771434784,0.7076541781425476,0.5,0.7822631072631072,0.46153846153846156,0.0,0.7124074250459671,0.6559668928384781,0.0425448352470994,0.12857352942228317,0.0,0.0,0.0,0.0,0.0,18473,global,0.0
2,5,lr1e-04_bs16_drop0p2_temp1p0_a0p25_b0p05__wd1e-04trmiss0_degmodglobal,16,0.0001,0.0001,0.2,1.0,0.25,0.05,lr1e-04_bs16_drop0p2_temp1p0_a0p25_b0p05__wd1e-04trmiss0_degmodglobal,4,0.6630002707242966,0.7113099098205566,0.5277777777777778,0.7928451178451179,0.38461538461538464,0.0,0.7360771298408508,0.6422087550163269,0.04630357259884477,0.18431289121508598,0.0,0.0,0.0,0.0,0.0,18473,global,0.0
2,5,lr1e-04_bs16_drop0p2_temp1p0_a0p25_b0p05__wd1e-04trmiss0_degmodglobal,16,0.0001,0.0001,0.2,1.0,0.25,0.05,lr1e-04_bs16_drop0p2_temp1p0_a0p25_b0p05__wd1e-04trmiss0_degmodglobal,5,0.6316349357366562,0.7113919854164124,0.5277777777777778,0.7928451178451179,0.38461538461538464,0.0,0.6624001115560532,0.6165447682142258,0.03868557093665004,0.10837599448859692,0.0,0.0,0.0,0.0,0.0,18473,global,0.0
2,5,lr1e-04_bs16_drop0p2_temp1p0_a0p25_b0p05__wd1e-04trmiss0_degmodglobal,16,0.0001,0.0001,0.2,1.0,0.25,0.05,lr1e-04_bs16_drop0p2_temp1p0_a0p25_b0p05__wd1e-04trmiss0_degmodglobal,6,0.6123261600732803,0.7192968726158142,0.5,0.7379509379509379,0.38461538461538464,0.0,0.6936610788106918,0.5920243710279465,0.04825372062623501,0.16476716101169586,0.0,0.0,0.0,0.0,0.0,18473,global,0.0
2,5,lr1e-04_bs16_drop0p2_temp1p0_a0p25_b0p05__wd1e-04trmiss0_degmodglobal,16,0.0001,0.0001,0.2,1.0,0.25,0.05,lr1e-04_bs16_drop0p2_temp1p0_a0p25_b0p05__wd1e-04trmiss0_degmodglobal,7,0.5924738943576813,0.7213854193687439,0.4444444444444444,0.7148740148740149,0.38461538461538464,0.0,0.6721219420433044,0.5726353228092194,0.05017298460006714,0.1459062583744526,0.0,0.0,0.0,0.0,0.0,18473,global,0.0
2,5,lr1e-04_bs16_drop0p2_temp1p0_a0p25_b0p05__wd1e-04trmiss0_degmodglobal,16,0.0001,0.0001,0.2,1.0,0.25,0.05,lr1e-04_bs16_drop0p2_temp1p0_a0p25_b0p05__wd1e-04trmiss0_degmodglobal,8,0.6077071875333786,0.7191341519355774,0.4722222222222222,0.7315406815406815,0.38461538461538464,0.0,0.6692222207784653,0.5855727940797806,0.054912639781832695,0.16812481731176376,0.0,0.0,0.0,0.0,0.0,18473,global,0.0
2,5,lr1e-04_bs16_drop0p2_temp1p0_a0p25_b0p05__wd1e-04trmiss0_degmodglobal,16,0.0001,0.0001,0.2,1.0,0.25,0.05,lr1e-04_bs16_drop0p2_temp1p0_a0p25_b0p05__wd1e-04trmiss0_degmodglobal,9,0.613588497042656,0.720665693283081,0.49999999999999994,0.7407999407999408,0.38461538461538464,0.0,0.6568419933319092,0.5955272167921066,0.04545089555904269,0.13397091906517744,0.0,0.0,0.0,0.0,0.0,18473,global,0.0
2,5,lr1e-04_bs16_drop0p2_temp1p0_a0p25_b0p05__wd1e-04trmiss0_degmodglobal,16,0.0001,0.0001,0.2,1.0,0.25,0.05,lr1e-04_bs16_drop0p2_temp1p0_a0p25_b0p05__wd1e-04trmiss0_degmodglobal,10,0.590211883187294,0.7180310487747192,0.5277777777777778,0.7778369778369778,0.46153846153846156,0.0,0.6900430619716644,0.5631672590970993,0.06365366838872433,0.22262434847652912,0.0,0.0,0.0,0.0,0.0,18473,global,0.0
2,5,lr1e-04_bs16_drop0p2_temp1p0_a0p25_b0p05__wd1e-04trmiss0_degmodglobal,16,0.0001,0.0001,0.2,1.0,0.25,0.05,lr1e-04_bs16_drop0p2_temp1p0_a0p25_b0p05__wd1e-04trmiss0_degmodglobal,11,0.5764135867357254,0.7180564999580383,0.5277777777777777,0.7494419161085828,0.38461538461538464,0.0,0.6251434683799744,0.558572307229042,0.048621563240885735,0.113718181848526,0.0,0.0,0.0,0.0,0.0,18473,global,0.0
2,5,lr1e-04_bs16_drop0p2_temp1p0_a0p25_b0p05__wd1e-04trmiss0_degmodglobal,16,0.0001,0.0001,0.2,1.0,0.25,0.05,lr1e-04_bs16_drop0p2_temp1p0_a0p25_b0p05__wd1e-04trmiss0_degmodglobal,12,0.5629404038190842,0.7214767336845398,0.5277777777777777,0.7698122864789532,0.46153846153846156,0.0,0.6176401674747467,0.5467022210359573,0.04326200671494007,0.1084534851834178,0.0,0.0,0.0,0.0,0.0,18473,global,0.0
2,5,lr1e-04_bs16_drop0p2_temp1p0_a0p25_b0p05__wd1e-04trmiss0_degmodglobal,16,0.0001,0.0001,0.2,1.0,0.25,0.05,lr1e-04_bs16_drop0p2_temp1p0_a0p25_b0p05__wd1e-04trmiss0_degmodglobal,13,0.607216864824295,0.7265182137489319,0.49999999999999994,0.7327752494419162,0.38461538461538464,0.0,0.6528780162334442,0.5892689824104309,0.04969933349639177,0.11046102643013,0.0,0.0,0.0,0.0,0.0,18473,global,0.0
2,5,lr1e-04_bs16_drop0p2_temp1p0_a0p25_b0p05__wd1e-04trmiss0_degmodglobal,16,0.0001,0.0001,0.2,1.0,0.25,0.05,lr1e-04_bs16_drop0p2_temp1p0_a0p25_b0p05__wd1e-04trmiss0_degmodglobal,14,0.5533532798290253,0.722732663154602,0.49999999999999994,0.7327752494419162,0.38461538461538464,0.0,0.592742532491684,0.531901441514492,0.05638113711029291,0.14713053777813911,0.0,0.0,0.0,0.0,0.0,18473,global,0.0
2,5,lr1e-04_bs16_drop0p2_temp1p0_a0p25_b0p05__wd1e-04trmiss0_degmodglobal,16,0.0001,0.0001,0.2,1.0,0.25,0.05,lr1e-04_bs16_drop0p2_temp1p0_a0p25_b0p05__wd1e-04trmiss0_degmodglobal,15,0.585040882229805,0.7234325408935547,0.49999999999999994,0.7327752494419162,0.3076923076923077,0.0,0.6271225959062576,0.5655819624662399,0.050576684065163136,0.13629466108977795,0.0,0.0,0.0,0.0,0.0,18473,global,0.0
2,5,lr1e-04_bs16_drop0p2_temp1p0_a0p25_b0p05__wd1e-04trmiss0_degmodglobal,16,0.0001,0.0001,0.2,1.0,0.25,0.05,lr1e-04_bs16_drop0p2_temp1p0_a0p25_b0p05__wd1e-04trmiss0_degmodglobal,16,0.5681999623775482,0.728316605091095,0.49999999999999994,0.7327752494419162,0.3076923076923077,0.0,0.623126819729805,0.5473767071962357,0.0584329878911376,0.12430031504482031,0.0,0.0,0.0,0.0,0.0,18473,global,0.0
2,5,lr1e-04_bs16_drop0p2_temp1p0_a0p25_b0p05__wd1e-04trmiss0_degmodglobal,16,0.0001,0.0001,0.2,1.0,0.25,0.05,lr1e-04_bs16_drop0p2_temp1p0_a0p25_b0p05__wd1e-04trmiss0_degmodglobal,17,0.5743416100740433,0.7278215885162354,0.49999999999999994,0.7327752494419162,0.46153846153846156,0.0,0.6369071453809738,0.5396533012390137,0.09504180774092674,0.2185568641871214,0.0,0.0,0.0,0.0,0.0,18473,global,0.0
2,5,lr1e-04_bs16_drop0p2_temp1p0_a0p25_b0p05__wd1e-04trmiss0_degmodglobal,16,0.0001,0.0001,0.2,1.0,0.25,0.05,lr1e-04_bs16_drop0p2_temp1p0_a0p25_b0p05__wd1e-04trmiss0_degmodglobal,18,0.5838770419359207,0.730485200881958,0.4722222222222222,0.7142567309233976,0.46153846153846156,0.0,0.618199422955513,0.5613189041614532,0.056322911754250526,0.16954756528139114,0.0,0.0,0.0,0.0,0.0,18473,global,0.0
2,5,lr1e-04_bs16_drop0p2_temp1p0_a0p25_b0p05__wd1e-04trmiss0_degmodglobal,16,0.0001,0.0001,0.2,1.0,0.25,0.05,lr1e-04_bs16_drop0p2_temp1p0_a0p25_b0p05__wd1e-04trmiss0_degmodglobal,19,0.5695546865463257,0.7320476770401001,0.4722222222222222,0.7142567309233976,0.46153846153846156,0.0,0.6435103714466095,0.5470552444458008,0.05753119569271803,0.16233264282345772,0.0,0.0,0.0,0.0,0.0,18473,global,0.0
2,5,lr1e-04_bs16_drop0p2_temp1p0_a0p25_b0p05__wd1e-04trmiss0_degmodglobal,16,0.0001,0.0001,0.2,1.0,0.25,0.05,lr1e-04_bs16_drop0p2_temp1p0_a0p25_b0p05__wd1e-04trmiss0_degmodglobal,20,0.5667448192834854,0.733997106552124,0.4444444444444444,0.6587011753678421,0.46153846153846156,0.0,0.6054024994373322,0.5485837608575821,0.04820783622562885,0.12218200787901878,0.0,0.0,0.0,0.0,0.0,18473,global,0.0
2,5,lr1e-04_bs16_drop0p2_temp1p0_a0p25_b0p05__wd1e-04trmiss0_degmodglobal,16,0.0001,0.0001,0.2,1.0,0.25,0.05,lr1e-04_bs16_drop0p2_temp1p0_a0p25_b0p05__wd1e-04trmiss0_degmodglobal,21,0.5562284886837006,0.7308200001716614,0.4166666666666667,0.6519671686338354,0.46153846153846156,0.0,0.605190247297287,0.5394112169742584,0.0440701013430953,0.11599510908126831,0.0,0.0,0.0,0.0,0.0,18473,global,0.0
2,5,lr1e-04_bs16_drop0p2_temp1p0_a0p25_b0p05__wd1e-04trmiss0_degmodglobal,16,0.0001,0.0001,0.2,1.0,0.25,0.05,lr1e-04_bs16_drop0p2_temp1p0_a0p25_b0p05__wd1e-04trmiss0_degmodglobal,22,0.5473777204751968,0.7309253811836243,0.4166666666666667,0.6519671686338354,0.46153846153846156,0.0,0.5937667340040207,0.5302110463380814,0.046442653983831406,0.11112015135586262,0.0,0.0,0.0,0.0,0.0,18473,global,0.0
2,5,lr1e-04_bs16_drop0p2_temp1p0_a0p25_b0p05__wd1e-04trmiss0_degmodglobal,16,0.0001,0.0001,0.2,1.0,0.25,0.05,lr1e-04_bs16_drop0p2_temp1p0_a0p25_b0p05__wd1e-04trmiss0_degmodglobal,23,0.5619766861200333,0.7295505404472351,0.4166666666666667,0.6519671686338354,0.46153846153846156,0.0,0.5780540704727173,0.542781874537468,0.051815544720739126,0.12481809593737125,0.0,0.0,0.0,0.0,0.0,18473,global,0.0
2,5,lr1e-04_bs16_drop0p2_temp1p0_a0p25_b0p05__wd1e-04trmiss0_degmodglobal,16,0.0001,0.0001,0.2,1.0,0.25,0.05,lr1e-04_bs16_drop0p2_temp1p0_a0p25_b0p05__wd1e-04trmiss0_degmodglobal,24,0.5566286891698837,0.7284464836120605,0.4444444444444444,0.6587011753678421,0.46153846153846156,0.0,0.6007316261529922,0.5405680239200592,0.04197845747694373,0.11132055893540382,0.0,0.0,0.0,0.0,0.0,18473,global,0.0
2,5,lr1e-04_bs16_drop0p2_temp1p0_a0p25_b0p05__wd1e-04trmiss0_degmodglobal,16,0.0001,0.0001,0.2,1.0,0.25,0.05,lr1e-04_bs16_drop0p2_temp1p0_a0p25_b0p05__wd1e-04trmiss0_degmodglobal,25,0.5626030266284943,0.7344262599945068,0.4444444444444444,0.6587011753678421,0.46153846153846156,0.0,0.6525256335735321,0.5429367274045944,0.053074258379638195,0.12795452773571014,0.0,0.0,0.0,0.0,0.0,18473,global,0.0
2,5,lr1e-04_bs16_drop0p2_temp2p0_a0p25_b0p05__wd1e-04trmiss0_degmodglobal,16,0.0001,0.0001,0.2,2.0,0.25,0.05,lr1e-04_bs16_drop0p2_temp2p0_a0p25_b0p05__wd1e-04trmiss0_degmodglobal,1,0.6828219890594482,0.6674600839614868,0.6666666666666666,0.8345068511735179,0.6153846153846154,0.0,0.7217100411653519,0.6701956242322922,0.03534001484513283,0.07582713244482875,0.0,0.0,0.0,0.0,0.0,18473,global,0.0
2,5,lr1e-04_bs16_drop0p2_temp2p0_a0p25_b0p05__wd1e-04trmiss0_degmodglobal,16,0.0001,0.0001,0.2,2.0,0.25,0.05,lr1e-04_bs16_drop0p2_temp2p0_a0p25_b0p05__wd1e-04trmiss0_degmodglobal,2,0.6313678026199341,0.653144359588623,0.6388888888888888,0.8558793058793059,0.6153846153846154,0.0,0.673357293009758,0.6138299107551575,0.04503011517226696,0.1256070313975215,0.0,0.0,0.0,0.0,0.0,18473,global,0.0
2,5,lr1e-04_bs16_drop0p2_temp2p0_a0p25_b0p05__wd1e-04trmiss0_degmodglobal,16,0.0001,0.0001,0.2,2.0,0.25,0.05,lr1e-04_bs16_drop0p2_temp2p0_a0p25_b0p05__wd1e-04trmiss0_degmodglobal,3,0.597228154540062,0.6439500451087952,0.6111111111111112,0.8466200466200469,0.6923076923076923,0.0,0.6359427571296692,0.5813458412885666,0.046064854599535465,0.08732230961322784,0.0,0.0,0.0,0.0,0.0,18473,global,0.0
2,5,lr1e-04_bs16_drop0p2_temp2p0_a0p25_b0p05__wd1e-04trmiss0_degmodglobal,16,0.0001,0.0001,0.2,2.0,0.25,0.05,lr1e-04_bs16_drop0p2_temp2p0_a0p25_b0p05__wd1e-04trmiss0_degmodglobal,4,0.5933026969432831,0.643379807472229,0.5833333333333333,0.8333925333925336,0.6153846153846154,0.0,0.6327862292528152,0.57829949259758,0.041105736047029495,0.09453554265201092,0.0,0.0,0.0,0.0,0.0,18473,global,0.0
2,5,lr1e-04_bs16_drop0p2_temp2p0_a0p25_b0p05__wd1e-04trmiss0_degmodglobal,16,0.0001,0.0001,0.2,2.0,0.25,0.05,lr1e-04_bs16_drop0p2_temp2p0_a0p25_b0p05__wd1e-04trmiss0_degmodglobal,5,0.5847040116786957,0.6488171815872192,0.5555555555555556,0.8266585266585267,0.6153846153846154,0.0,0.6081577986478806,0.5660934448242188,0.04880691319704056,0.1281768437474966,0.0,0.0,0.0,0.0,0.0,18473,global,0.0
2,5,lr1e-04_bs16_drop0p2_temp2p0_a0p25_b0p05__wd1e-04trmiss0_degmodglobal,16,0.0001,0.0001,0.2,2.0,0.25,0.05,lr1e-04_bs16_drop0p2_temp2p0_a0p25_b0p05__wd1e-04trmiss0_degmodglobal,6,0.5788598656654358,0.6576677560806274,0.5277777777777778,0.8044363044363045,0.6153846153846154,0.0,0.6022922098636627,0.5641794949769974,0.04056507255882025,0.0907821161672473,0.0,0.0,0.0,0.0,0.0,18473,global,0.0
2,5,lr1e-04_bs16_drop0p2_temp2p0_a0p25_b0p05__wd1e-04trmiss0_degmodglobal,16,0.0001,0.0001,0.2,2.0,0.25,0.05,lr1e-04_bs16_drop0p2_temp2p0_a0p25_b0p05__wd1e-04trmiss0_degmodglobal,7,0.5609943866729736,0.663063645362854,0.5277777777777778,0.8044363044363045,0.6153846153846154,0.0,0.5717199742794037,0.5442168563604355,0.048778397031128407,0.09165854752063751,0.0,0.0,0.0,0.0,0.0,18473,global,0.0
2,5,lr1e-04_bs16_drop0p2_temp2p0_a0p25_b0p05__wd1e-04trmiss0_degmodglobal,16,0.0001,0.0001,0.2,2.0,0.25,0.05,lr1e-04_bs16_drop0p2_temp2p0_a0p25_b0p05__wd1e-04trmiss0_degmodglobal,8,0.5413635671138763,0.6705310940742493,0.5277777777777778,0.8044363044363045,0.6153846153846154,0.0,0.5900204032659531,0.5210658833384514,0.05178611911833286,0.14702263101935387,0.0,0.0,0.0,0.0,0.0,18473,global,0.0
2,5,lr1e-04_bs16_drop0p2_temp2p0_a0p25_b0p05__wd1e-04trmiss0_degmodglobal,16,0.0001,0.0001,0.2,2.0,0.25,0.05,lr1e-04_bs16_drop0p2_temp2p0_a0p25_b0p05__wd1e-04trmiss0_degmodglobal,9,0.5678921192884445,0.6758567690849304,0.5,0.7766585266585269,0.6153846153846154,0.0,0.5589515268802643,0.5439355671405792,0.06240127142518759,0.1671249158680439,0.0,0.0,0.0,0.0,0.0,18473,global,0.0
2,5,lr1e-04_bs16_drop0p2_temp2p0_a0p25_b0p05__wd1e-04trmiss0_degmodglobal,16,0.0001,0.0001,0.2,2.0,0.25,0.05,lr1e-04_bs16_drop0p2_temp2p0_a0p25_b0p05__wd1e-04trmiss0_degmodglobal,10,0.5756515860557556,0.6724837422370911,0.5277777777777778,0.7898860398860401,0.6153846153846154,0.0,0.5650383085012436,0.5490875393152237,0.06603850331157446,0.20108859986066818,0.0,0.0,0.0,0.0,0.0,18473,global,0.0
2,5,lr1e-04_bs16_drop0p2_temp2p0_a0p25_b0p05__wd1e-04trmiss0_degmodglobal,16,0.0001,0.0001,0.2,2.0,0.25,0.05,lr1e-04_bs16_drop0p2_temp2p0_a0p25_b0p05__wd1e-04trmiss0_degmodglobal,11,0.5494816154241562,0.6664371490478516,0.5277777777777778,0.7898860398860401,0.6153846153846154,0.0,0.5342961400747299,0.52911376953125,0.053840119391679764,0.1381567306816578,0.0,0.0,0.0,0.0,0.0,18473,global,0.0
2,5,lr1e-04_bs16_drop0p2_temp2p0_a0p25_b0p05__wd1e-04trmiss0_degmodglobal,16,0.0001,0.0001,0.2,2.0,0.25,0.05,lr1e-04_bs16_drop0p2_temp2p0_a0p25_b0p05__wd1e-04trmiss0_degmodglobal,12,0.5571148544549942,0.6629536747932434,0.5555555555555556,0.7991452991452992,0.5384615384615384,0.0,0.5687707662582397,0.531823992729187,0.06946852058172226,0.15847485698759556,0.0,0.0,0.0,0.0,0.0,18473,global,0.0
2,5,lr1e-04_bs16_drop0p2_temp2p0_a0p25_b0p05__wd1e-04trmiss0_degmodglobal,16,0.0001,0.0001,0.2,2.0,0.25,0.05,lr1e-04_bs16_drop0p2_temp2p0_a0p25_b0p05__wd1e-04trmiss0_degmodglobal,13,0.5635334551334381,0.6637474894523621,0.5833333333333334,0.8077872744539412,0.5384615384615384,0.0,0.5506313443183899,0.5416587740182877,0.0601004408672452,0.13699108362197876,0.0,0.0,0.0,0.0,0.0,18473,global,0.0
2,5,lr1e-04_bs16_drop0p2_temp2p0_a0p25_b0p05__wd1e-04trmiss0_degmodglobal,16,0.0001,0.0001,0.2,2.0,0.25,0.05,lr1e-04_bs16_drop0p2_temp2p0_a0p25_b0p05__wd1e-04trmiss0_degmodglobal,14,0.5489182770252228,0.6609566807746887,0.5833333333333334,0.8077872744539412,0.5384615384615384,0.0,0.5324476063251495,0.5256353989243507,0.06283413711935282,0.15148663334548473,0.0,0.0,0.0,0.0,0.0,18473,global,0.0
2,5,lr1e-04_bs16_drop0p2_temp2p0_a0p25_b0p05__wd1e-04trmiss0_degmodglobal,16,0.0001,0.0001,0.2,2.0,0.25,0.05,lr1e-04_bs16_drop0p2_temp2p0_a0p25_b0p05__wd1e-04trmiss0_degmodglobal,15,0.5402113199234009,0.658880352973938,0.6111111111111112,0.819692036358703,0.6153846153846154,0.0,0.5240768194198608,0.5153293311595917,0.06907046772539616,0.1522875837981701,0.0,0.0,0.0,0.0,0.0,18473,global,0.0
2,5,lr1e-04_bs16_drop0p2_temp2p0_a0p25_b0p05__wd1e-04trmiss0_degmodglobal,16,0.0001,0.0001,0.2,2.0,0.25,0.05,lr1e-04_bs16_drop0p2_temp2p0_a0p25_b0p05__wd1e-04trmiss0_degmodglobal,16,0.5241545587778091,0.6558331847190857,0.6111111111111112,0.819692036358703,0.6153846153846154,0.0,0.5068578496575356,0.5029749348759651,0.05736336670815945,0.13677558489143848,0.0,0.0,0.0,0.0,0.0,18473,global,0.0
2,5,lr1e-04_bs16_drop0p2_temp2p0_a0p25_b0p05__wd1e-04trmiss0_degmodglobal,16,0.0001,0.0001,0.2,2.0,0.25,0.05,lr1e-04_bs16_drop0p2_temp2p0_a0p25_b0p05__wd1e-04trmiss0_degmodglobal,17,0.5048102289438248,0.6545194983482361,0.6111111111111112,0.819692036358703,0.6153846153846154,0.0,0.5053511410951614,0.4858477860689163,0.051836456172168255,0.12006666883826256,0.0,0.0,0.0,0.0,0.0,18473,global,0.0
2,5,lr1e-04_bs16_drop0p2_temp2p0_a0p25_b0p05__wd1e-04trmiss0_degmodglobal,16,0.0001,0.0001,0.2,2.0,0.25,0.05,lr1e-04_bs16_drop0p2_temp2p0_a0p25_b0p05__wd1e-04trmiss0_degmodglobal,18,0.5414538979530334,0.655898928642273,0.6111111111111112,0.819692036358703,0.6153846153846154,0.0,0.5215845927596092,0.5236888229846954,0.04798030341044068,0.11540008801966906,0.0,0.0,0.0,0.0,0.0,18473,global,0.0
2,5,lr1e-04_bs16_drop0p2_temp2p0_a0p25_b0p05__wd1e-04trmiss0_degmodglobal,16,0.0001,0.0001,0.2,2.0,0.25,0.05,lr1e-04_bs16_drop0p2_temp2p0_a0p25_b0p05__wd1e-04trmiss0_degmodglobal,19,0.5096710622310638,0.6568803191184998,0.5833333333333333,0.782654999321666,0.6153846153846154,0.0,0.5115833431482315,0.4911975786089897,0.048184996005147696,0.12854479625821114,0.0,0.0,0.0,0.0,0.0,18473,global,0.0
2,5,lr1e-04_bs16_drop0p2_temp2p0_a0p25_b0p05__wd1e-04trmiss0_degmodglobal,16,0.0001,0.0001,0.2,2.0,0.25,0.05,lr1e-04_bs16_drop0p2_temp2p0_a0p25_b0p05__wd1e-04trmiss0_degmodglobal,20,0.5279965028166771,0.6577735543251038,0.5833333333333333,0.782654999321666,0.6153846153846154,0.0,0.5100051164627075,0.5056621879339218,0.06055916752666235,0.14389022067189217,0.0,0.0,0.0,0.0,0.0,18473,global,0.0
2,5,lr1e-04_bs16_drop0p2_temp2p0_a0p25_b0p05__wd1e-04trmiss0_degmodglobal,16,0.0001,0.0001,0.2,2.0,0.25,0.05,lr1e-04_bs16_drop0p2_temp2p0_a0p25_b0p05__wd1e-04trmiss0_degmodglobal,21,0.5282358676195145,0.656984806060791,0.5555555555555556,0.7707502374169042,0.6153846153846154,0.0,0.5040727034211159,0.5022458881139755,0.06967477593570948,0.17142540216445923,0.0,0.0,0.0,0.0,0.0,18473,global,0.0
2,5,lr1e-04_bs16_drop0p2_temp2p0_a0p25_b0p05__wd1e-04trmiss0_degmodglobal,16,0.0001,0.0001,0.2,2.0,0.25,0.05,lr1e-04_bs16_drop0p2_temp2p0_a0p25_b0p05__wd1e-04trmiss0_degmodglobal,22,0.5669494122266769,0.6530392169952393,0.5833333333333333,0.782654999321666,0.6153846153846154,0.0,0.5055066049098969,0.5404428839683533,0.07421112339943647,0.15907452255487442,0.0,0.0,0.0,0.0,0.0,18473,global,0.0
2,5,lr1e-04_bs16_drop0p2_temp2p0_a0p25_b0p05__wd1e-04trmiss0_degmodglobal,16,0.0001,0.0001,0.2,2.0,0.25,0.05,lr1e-04_bs16_drop0p2_temp2p0_a0p25_b0p05__wd1e-04trmiss0_degmodglobal,23,0.5411519482731819,0.6531437039375305,0.5833333333333333,0.7774842441509109,0.6153846153846154,0.0,0.5333525761961937,0.5121692419052124,0.07765135820955038,0.19139735028147697,0.0,0.0,0.0,0.0,0.0,18473,global,0.0
2,5,lr1e-04_bs16_drop0p2_temp2p0_a0p25_b0p05__wd1e-04trmiss0_degmodglobal,16,0.0001,0.0001,0.2,2.0,0.25,0.05,lr1e-04_bs16_drop0p2_temp2p0_a0p25_b0p05__wd1e-04trmiss0_degmodglobal,24,0.528515912592411,0.657447338104248,0.5833333333333333,0.7774842441509109,0.6153846153846154,0.0,0.5039341002702713,0.5071078687906265,0.06399102136492729,0.10820546001195908,0.0,0.0,0.0,0.0,0.0,18473,global,0.0
2,5,lr1e-04_bs16_drop0p2_temp2p0_a0p25_b0p05__wd1e-04trmiss0_degmodglobal,16,0.0001,0.0001,0.2,2.0,0.25,0.05,lr1e-04_bs16_drop0p2_temp2p0_a0p25_b0p05__wd1e-04trmiss0_degmodglobal,25,0.506494052708149,0.6567890644073486,0.5833333333333333,0.7774842441509109,0.6153846153846154,0.0,0.5086384564638138,0.48604293167591095,0.06040730606764555,0.10698580369353294,0.0,0.0,0.0,0.0,0.0,18473,global,0.0
2,5,lr1e-04_bs16_drop0p2_temp2p0_a0p25_b0p05__wd1e-04trmiss0_degmodglobal,16,0.0001,0.0001,0.2,2.0,0.25,0.05,lr1e-04_bs16_drop0p2_temp2p0_a0p25_b0p05__wd1e-04trmiss0_degmodglobal,26,0.5081309378147125,0.6566476225852966,0.5833333333333333,0.7774842441509109,0.6153846153846154,0.0,0.49985601752996445,0.4873218983411789,0.06440563406795263,0.09415261913090944,0.0,0.0,0.0,0.0,0.0,18473,global,0.0
2,5,lr1e-04_bs16_drop0p2_temp2p0_a0p25_b0p05__wd1e-04trmiss0_degmodglobal,16,0.0001,0.0001,0.2,2.0,0.25,0.05,lr1e-04_bs16_drop0p2_temp2p0_a0p25_b0p05__wd1e-04trmiss0_degmodglobal,27,0.5462546944618225,0.6603726744651794,0.5833333333333333,0.7774842441509109,0.6153846153846154,0.0,0.4994315207004547,0.5095949918031693,0.10053808894008398,0.23050354048609734,0.0,0.0,0.0,0.0,0.0,18473,global,0.0
2,5,lr1e-04_bs16_drop0p2_temp2p0_a0p25_b0p05__wd1e-04trmiss0_degmodglobal,16,0.0001,0.0001,0.2,2.0,0.25,0.05,lr1e-04_bs16_drop0p2_temp2p0_a0p25_b0p05__wd1e-04trmiss0_degmodglobal,28,0.5337987542152405,0.6650896072387695,0.5555555555555556,0.7707502374169042,0.6923076923076923,0.0,0.5242060497403145,0.509392723441124,0.0688147647306323,0.14404648542404175,0.0,0.0,0.0,0.0,0.0,18473,global,0.0
2,5,lr1e-04_bs16_drop0p2_temp2p0_a0p25_b0p05__wd1e-04trmiss0_degmodglobal,16,0.0001,0.0001,0.2,2.0,0.25,0.05,lr1e-04_bs16_drop0p2_temp2p0_a0p25_b0p05__wd1e-04trmiss0_degmodglobal,29,0.5081587880849838,0.6618077158927917,0.5833333333333334,0.8077872744539412,0.6923076923076923,0.0,0.47181878238916397,0.48853547126054764,0.05663194973021746,0.10930639319121838,0.0,0.0,0.0,0.0,0.0,18473,global,0.0
2,5,lr1e-04_bs16_drop0p2_temp2p0_a0p25_b0p05__wd1e-04trmiss0_degmodglobal,16,0.0001,0.0001,0.2,2.0,0.25,0.05,lr1e-04_bs16_drop0p2_temp2p0_a0p25_b0p05__wd1e-04trmiss0_degmodglobal,30,0.5326973348855972,0.6661219000816345,0.5555555555555556,0.7707502374169042,0.6923076923076923,0.0,0.5021034553647041,0.5128827914595604,0.05532279331237078,0.11967699974775314,0.0,0.0,0.0,0.0,0.0,18473,global,0.0
2,5,lr1e-04_bs16_drop0p2_temp2p0_a0p25_b0p05__wd1e-04trmiss0_degmodglobal,16,0.0001,0.0001,0.2,2.0,0.25,0.05,lr1e-04_bs16_drop0p2_temp2p0_a0p25_b0p05__wd1e-04trmiss0_degmodglobal,31,0.5019527971744537,0.6643262505531311,0.5833333333333333,0.7774842441509109,0.6153846153846154,0.0,0.45933762937784195,0.47892773151397705,0.06522412598133087,0.13438074197620153,0.0,0.0,0.0,0.0,0.0,18473,global,0.0
2,5,lr1e-04_bs16_drop0p2_temp2p0_a0p25_b0p05__wd1e-04trmiss0_degmodglobal,16,0.0001,0.0001,0.2,2.0,0.25,0.05,lr1e-04_bs16_drop0p2_temp2p0_a0p25_b0p05__wd1e-04trmiss0_degmodglobal,32,0.5088725388050079,0.6667566299438477,0.5833333333333333,0.7774842441509109,0.6153846153846154,0.0,0.46203233301639557,0.4834960848093033,0.06896920688450336,0.16268322244286537,0.0,0.0,0.0,0.0,0.0,18473,global,0.0
2,5,lr1e-04_bs16_drop0p2_temp2p0_a0p25_b0p05__wd1e-04trmiss0_degmodglobal,16,0.0001,0.0001,0.2,2.0,0.25,0.05,lr1e-04_bs16_drop0p2_temp2p0_a0p25_b0p05__wd1e-04trmiss0_degmodglobal,33,0.5061318948864937,0.6621900796890259,0.5555555555555556,0.7707502374169042,0.6153846153846154,0.0,0.4757431522011757,0.48374228179454803,0.06357496418058872,0.12991781160235405,0.0,0.0,0.0,0.0,0.0,18473,global,0.0
2,5,lr1e-04_bs16_drop0p2_temp2p0_a0p25_b0p05__wd1e-04trmiss0_degmodglobal,16,0.0001,0.0001,0.2,2.0,0.25,0.05,lr1e-04_bs16_drop0p2_temp2p0_a0p25_b0p05__wd1e-04trmiss0_degmodglobal,34,0.4979949966073036,0.6614151000976562,0.5833333333333334,0.8077872744539412,0.6153846153846154,0.0,0.46563494205474854,0.4790588915348053,0.05545303225517273,0.10145715810358524,0.0,0.0,0.0,0.0,0.0,18473,global,0.0
2,5,lr1e-04_bs16_drop0p2_temp2p0_a0p25_b0p05__wd1e-04trmiss0_degmodglobal,16,0.0001,0.0001,0.2,2.0,0.25,0.05,lr1e-04_bs16_drop0p2_temp2p0_a0p25_b0p05__wd1e-04trmiss0_degmodglobal,35,0.5337511077523232,0.6659587025642395,0.5833333333333334,0.8077872744539412,0.6153846153846154,0.0,0.5211006924510002,0.5127708315849304,0.06218238081783056,0.10869355872273445,0.0,0.0,0.0,0.0,0.0,18473,global,0.0
2,5,lr1e-04_bs16_drop0p2_temp2p0_a0p25_b0p05__wd1e-04trmiss0_degmodglobal,16,0.0001,0.0001,0.2,2.0,0.25,0.05,lr1e-04_bs16_drop0p2_temp2p0_a0p25_b0p05__wd1e-04trmiss0_degmodglobal,36,0.5148443132638931,0.6645064353942871,0.5555555555555556,0.7707502374169042,0.6153846153846154,0.0,0.4577052965760231,0.49121055006980896,0.06174719613045454,0.16393962875008583,0.0,0.0,0.0,0.0,0.0,18473,global,0.0
2,5,lr1e-04_bs16_drop0p2_temp2p0_a0p25_b0p05__wd1e-04trmiss0_degmodglobal,16,0.0001,0.0001,0.2,2.0,0.25,0.05,lr1e-04_bs16_drop0p2_temp2p0_a0p25_b0p05__wd1e-04trmiss0_degmodglobal,37,0.498332142829895,0.6637706756591797,0.5555555555555556,0.7707502374169042,0.6153846153846154,0.0,0.4660019502043724,0.47906916588544846,0.05374976713210344,0.1165113840252161,0.0,0.0,0.0,0.0,0.0,18473,global,0.0
2,5,lr1e-04_bs16_drop0p4_temp1p0_a0p25_b0p05__wd1e-04trmiss0_degmodglobal,16,0.0001,0.0001,0.4,1.0,0.25,0.05,lr1e-04_bs16_drop0p4_temp1p0_a0p25_b0p05__wd1e-04trmiss0_degmodglobal,1,0.7125250995159149,0.6665353178977966,0.5833333333333334,0.8058793058793059,0.6923076923076923,0.0,0.7327058911323547,0.686929851770401,0.058468256145715714,0.21956360712647438,0.0,0.0,0.0,0.0,0.0,18473,global,0.0
2,5,lr1e-04_bs16_drop0p4_temp1p0_a0p25_b0p05__wd1e-04trmiss0_degmodglobal,16,0.0001,0.0001,0.4,1.0,0.25,0.05,lr1e-04_bs16_drop0p4_temp1p0_a0p25_b0p05__wd1e-04trmiss0_degmodglobal,2,0.6865481436252594,0.6583962440490723,0.6111111111111112,0.8093745760412427,0.6153846153846154,0.0,0.680280864238739,0.6650429219007492,0.052117299288511276,0.16951809637248516,0.0,0.0,0.0,0.0,0.0,18473,global,0.0
2,5,lr1e-04_bs16_drop0p4_temp1p0_a0p25_b0p05__wd1e-04trmiss0_degmodglobal,16,0.0001,0.0001,0.4,1.0,0.25,0.05,lr1e-04_bs16_drop0p4_temp1p0_a0p25_b0p05__wd1e-04trmiss0_degmodglobal,3,0.666474923491478,0.6497761607170105,0.6111111111111112,0.8093745760412427,0.6153846153846154,0.0,0.6711331009864807,0.6443092823028564,0.055663641542196274,0.16499419696629047,0.0,0.0,0.0,0.0,0.0,18473,global,0.0
2,5,lr1e-04_bs16_drop0p4_temp1p0_a0p25_b0p05__wd1e-04trmiss0_degmodglobal,16,0.0001,0.0001,0.4,1.0,0.25,0.05,lr1e-04_bs16_drop0p4_temp1p0_a0p25_b0p05__wd1e-04trmiss0_degmodglobal,4,0.6088613420724869,0.6500632166862488,0.5555555555555556,0.7778930945597613,0.6153846153846154,0.0,0.6356663852930069,0.586231417953968,0.052592371590435505,0.18963658437132835,0.0,0.0,0.0,0.0,0.0,18473,global,0.0
2,5,lr1e-04_bs16_drop0p4_temp1p0_a0p25_b0p05__wd1e-04trmiss0_degmodglobal,16,0.0001,0.0001,0.4,1.0,0.25,0.05,lr1e-04_bs16_drop0p4_temp1p0_a0p25_b0p05__wd1e-04trmiss0_degmodglobal,5,0.6231108456850052,0.6462732553482056,0.5555555555555556,0.7778930945597613,0.6153846153846154,0.0,0.6172172427177429,0.6028849631547928,0.047961060889065266,0.16471249982714653,0.0,0.0,0.0,0.0,0.0,18473,global,0.0
2,5,lr1e-04_bs16_drop0p4_temp1p0_a0p25_b0p05__wd1e-04trmiss0_degmodglobal,16,0.0001,0.0001,0.4,1.0,0.25,0.05,lr1e-04_bs16_drop0p4_temp1p0_a0p25_b0p05__wd1e-04trmiss0_degmodglobal,6,0.6275176703929901,0.6457155346870422,0.5277777777777777,0.7698122864789532,0.6153846153846154,0.0,0.6094789654016495,0.5945396274328232,0.07634882722049952,0.2778170295059681,0.0,0.0,0.0,0.0,0.0,18473,global,0.0
2,5,lr1e-04_bs16_drop0p4_temp1p0_a0p25_b0p05__wd1e-04trmiss0_degmodglobal,16,0.0001,0.0001,0.4,1.0,0.25,0.05,lr1e-04_bs16_drop0p4_temp1p0_a0p25_b0p05__wd1e-04trmiss0_degmodglobal,7,0.6130602061748505,0.6501492857933044,0.49999999999999994,0.7305435305435306,0.6923076923076923,0.0,0.6407337337732315,0.5911271870136261,0.05337205808609724,0.17179962247610092,0.0,0.0,0.0,0.0,0.0,18473,global,0.0
2,5,lr1e-04_bs16_drop0p4_temp1p0_a0p25_b0p05__wd1e-04trmiss0_degmodglobal,16,0.0001,0.0001,0.4,1.0,0.25,0.05,lr1e-04_bs16_drop0p4_temp1p0_a0p25_b0p05__wd1e-04trmiss0_degmodglobal,8,0.6326478272676468,0.6513735055923462,0.5277777777777778,0.7675805675805676,0.7692307692307693,0.0,0.623127207159996,0.6076614558696747,0.05535353813320398,0.22296017035841942,0.0,0.0,0.0,0.0,0.0,18473,global,0.0
2,5,lr1e-04_bs16_drop0p4_temp1p0_a0p25_b0p05__wd1e-04trmiss0_degmodglobal,16,0.0001,0.0001,0.4,1.0,0.25,0.05,lr1e-04_bs16_drop0p4_temp1p0_a0p25_b0p05__wd1e-04trmiss0_degmodglobal,9,0.6251480877399445,0.6543024778366089,0.5277777777777778,0.7675805675805676,0.7692307692307693,0.0,0.6070965677499771,0.5943003743886948,0.07657563872635365,0.23407601937651634,0.0,0.0,0.0,0.0,0.0,18473,global,0.0
2,5,lr1e-04_bs16_drop0p4_temp1p0_a0p25_b0p05__wd1e-04trmiss0_degmodglobal,16,0.0001,0.0001,0.4,1.0,0.25,0.05,lr1e-04_bs16_drop0p4_temp1p0_a0p25_b0p05__wd1e-04trmiss0_degmodglobal,10,0.5962437987327576,0.6567683815956116,0.5277777777777778,0.7675805675805676,0.7692307692307693,0.0,0.5740608721971512,0.5635514408349991,0.07212161645293236,0.2932390011847019,0.0,0.0,0.0,0.0,0.0,18473,global,0.0
2,5,lr1e-04_bs16_drop0p4_temp1p0_a0p25_b0p05__wd1e-04trmiss0_degmodglobal,16,0.0001,0.0001,0.4,1.0,0.25,0.05,lr1e-04_bs16_drop0p4_temp1p0_a0p25_b0p05__wd1e-04trmiss0_degmodglobal,11,0.6124843806028366,0.6617792248725891,0.4722222222222222,0.7519110519110519,0.6153846153846154,0.0,0.5842675864696503,0.5860204845666885,0.060451582074165344,0.22702018916606903,0.0,0.0,0.0,0.0,0.0,18473,global,0.0
2,5,lr1e-04_bs16_drop0p4_temp1p0_a0p25_b0p05__wd1e-04trmiss0_degmodglobal,16,0.0001,0.0001,0.4,1.0,0.25,0.05,lr1e-04_bs16_drop0p4_temp1p0_a0p25_b0p05__wd1e-04trmiss0_degmodglobal,12,0.6185713410377502,0.6648412346839905,0.5,0.7685777185777187,0.5384615384615384,0.0,0.573532298207283,0.5826475918292999,0.07900826632976532,0.3234340474009514,0.0,0.0,0.0,0.0,0.0,18473,global,0.0
2,5,lr1e-04_bs16_drop0p4_temp1p0_a0p25_b0p05__wd1e-04trmiss0_degmodglobal,16,0.0001,0.0001,0.4,1.0,0.25,0.05,lr1e-04_bs16_drop0p4_temp1p0_a0p25_b0p05__wd1e-04trmiss0_degmodglobal,13,0.5978295654058456,0.6644307971000671,0.4722222222222222,0.761843711843712,0.6153846153846154,0.0,0.5580705553293228,0.5663598477840424,0.0773443877696991,0.24267266690731049,0.0,0.0,0.0,0.0,0.0,18473,global,0.0
2,5,lr1e-04_bs16_drop0p4_temp1p0_a0p25_b0p05__wd1e-04trmiss0_degmodglobal,16,0.0001,0.0001,0.4,1.0,0.25,0.05,lr1e-04_bs16_drop0p4_temp1p0_a0p25_b0p05__wd1e-04trmiss0_degmodglobal,14,0.5882157236337662,0.6621130704879761,0.4722222222222222,0.7519110519110519,0.6153846153846154,0.0,0.58211550116539,0.5550680458545685,0.07832069182768464,0.2713499404489994,0.0,0.0,0.0,0.0,0.0,18473,global,0.0
2,5,lr1e-04_bs16_drop0p4_temp1p0_a0p25_b0p05__wd1e-04trmiss0_degmodglobal,16,0.0001,0.0001,0.4,1.0,0.25,0.05,lr1e-04_bs16_drop0p4_temp1p0_a0p25_b0p05__wd1e-04trmiss0_degmodglobal,15,0.594731792807579,0.6599143147468567,0.5,0.7685777185777187,0.6153846153846154,0.0,0.5712109804153442,0.5618668496608734,0.07858407218009233,0.26437800005078316,0.0,0.0,0.0,0.0,0.0,18473,global,0.0
2,5,lr1e-04_bs16_drop0p4_temp1p0_a0p25_b0p05__wd1e-04trmiss0_degmodglobal,16,0.0001,0.0001,0.4,1.0,0.25,0.05,lr1e-04_bs16_drop0p4_temp1p0_a0p25_b0p05__wd1e-04trmiss0_degmodglobal,16,0.5867152214050293,0.6643697023391724,0.4722222222222222,0.761843711843712,0.6153846153846154,0.0,0.5309988036751747,0.546551838517189,0.10023035109043121,0.30211545526981354,0.0,0.0,0.0,0.0,0.0,18473,global,0.0
2,5,lr1e-04_bs16_drop0p4_temp1p0_a0p25_b0p05__wd1e-04trmiss0_degmodglobal,16,0.0001,0.0001,0.4,1.0,0.25,0.05,lr1e-04_bs16_drop0p4_temp1p0_a0p25_b0p05__wd1e-04trmiss0_degmodglobal,17,0.5618451237678528,0.6671810150146484,0.4722222222222222,0.761843711843712,0.6153846153846154,0.0,0.5584343373775482,0.5286620706319809,0.0760612953454256,0.28335439413785934,0.0,0.0,0.0,0.0,0.0,18473,global,0.0
2,5,lr1e-04_bs16_drop0p4_temp1p0_a0p25_b0p05__wd1e-04trmiss0_degmodglobal,16,0.0001,0.0001,0.4,1.0,0.25,0.05,lr1e-04_bs16_drop0p4_temp1p0_a0p25_b0p05__wd1e-04trmiss0_degmodglobal,18,0.572777509689331,0.6691024899482727,0.4722222222222222,0.7315406815406815,0.6153846153846154,0.0,0.5889705866575241,0.5500706881284714,0.05196649953722954,0.19430403783917427,0.0,0.0,0.0,0.0,0.0,18473,global,0.0
2,5,lr1e-04_bs16_drop0p4_temp1p0_a0p25_b0p05__wd1e-04trmiss0_degmodglobal,16,0.0001,0.0001,0.4,1.0,0.25,0.05,lr1e-04_bs16_drop0p4_temp1p0_a0p25_b0p05__wd1e-04trmiss0_degmodglobal,19,0.5551366806030273,0.6592326164245605,0.5,0.7766585266585269,0.6153846153846154,0.0,0.5561700314283371,0.5341092646121979,0.051199373323470354,0.16455156914889812,0.0,0.0,0.0,0.0,0.0,18473,global,0.0
2,5,lr1e-04_bs16_drop0p4_temp1p0_a0p25_b0p05__wd1e-04trmiss0_degmodglobal,16,0.0001,0.0001,0.4,1.0,0.25,0.05,lr1e-04_bs16_drop0p4_temp1p0_a0p25_b0p05__wd1e-04trmiss0_degmodglobal,20,0.5825672596693039,0.6547818183898926,0.5277777777777778,0.8044363044363045,0.5384615384615384,0.0,0.573866680264473,0.5579432845115662,0.05859926249831915,0.19948329403996468,0.0,0.0,0.0,0.0,0.0,18473,global,0.0
2,5,lr1e-04_bs16_drop0p4_temp1p0_a0p25_b0p05__wd1e-04trmiss0_degmodglobal,16,0.0001,0.0001,0.4,1.0,0.25,0.05,lr1e-04_bs16_drop0p4_temp1p0_a0p25_b0p05__wd1e-04trmiss0_degmodglobal,21,0.5786599218845367,0.6566392183303833,0.5277777777777778,0.8044363044363045,0.5384615384615384,0.0,0.5524021834135056,0.5433498024940491,0.0937294140458107,0.23755532316863537,0.0,0.0,0.0,0.0,0.0,18473,global,0.0
2,5,lr1e-04_bs16_drop0p4_temp1p0_a0p25_b0p05__wd1e-04trmiss0_degmodglobal,16,0.0001,0.0001,0.4,1.0,0.25,0.05,lr1e-04_bs16_drop0p4_temp1p0_a0p25_b0p05__wd1e-04trmiss0_degmodglobal,22,0.5784821063280106,0.659694492816925,0.5277777777777778,0.8044363044363045,0.5384615384615384,0.0,0.5374052077531815,0.5492008328437805,0.07281148619949818,0.22156793251633644,0.0,0.0,0.0,0.0,0.0,18473,global,0.0
2,5,lr1e-04_bs16_drop0p4_temp1p0_a0p25_b0p05__wd1e-04trmiss0_degmodglobal,16,0.0001,0.0001,0.4,1.0,0.25,0.05,lr1e-04_bs16_drop0p4_temp1p0_a0p25_b0p05__wd1e-04trmiss0_degmodglobal,23,0.5359605699777603,0.6606243252754211,0.5277777777777778,0.7833925333925336,0.5384615384615384,0.0,0.5616600662469864,0.5120321437716484,0.05866415146738291,0.18524789810180664,0.0,0.0,0.0,0.0,0.0,18473,global,0.0
2,5,lr1e-04_bs16_drop0p4_temp1p0_a0p25_b0p05__wd1e-04trmiss0_degmodglobal,16,0.0001,0.0001,0.4,1.0,0.25,0.05,lr1e-04_bs16_drop0p4_temp1p0_a0p25_b0p05__wd1e-04trmiss0_degmodglobal,24,0.5657866597175598,0.6611390113830566,0.5277777777777778,0.7833925333925336,0.5384615384615384,0.0,0.5414229035377502,0.5420476496219635,0.06071770470589399,0.17119193822145462,0.0,0.0,0.0,0.0,0.0,18473,global,0.0
2,5,lr1e-04_bs16_drop0p4_temp1p0_a0p25_b0p05__wd1e-04trmiss0_degmodglobal,16,0.0001,0.0001,0.4,1.0,0.25,0.05,lr1e-04_bs16_drop0p4_temp1p0_a0p25_b0p05__wd1e-04trmiss0_degmodglobal,25,0.5797000229358673,0.6583524942398071,0.5277777777777778,0.7833925333925336,0.5384615384615384,0.0,0.5370351448655128,0.5542250573635101,0.0587930278852582,0.2155342884361744,0.0,0.0,0.0,0.0,0.0,18473,global,0.0
2,5,lr1e-04_bs16_drop0p4_temp2p0_a0p25_b0p05__wd1e-04trmiss0_degmodglobal,16,0.0001,0.0001,0.4,2.0,0.25,0.05,lr1e-04_bs16_drop0p4_temp2p0_a0p25_b0p05__wd1e-04trmiss0_degmodglobal,1,0.7233899384737015,0.6597317457199097,0.7777777777777778,0.8412257495590829,0.7692307692307693,0.0,0.7063035070896149,0.6994189620018005,0.05730521306395531,0.19289320707321167,0.0,0.0,0.0,0.0,0.0,18473,global,0.0
2,5,lr1e-04_bs16_drop0p4_temp2p0_a0p25_b0p05__wd1e-04trmiss0_degmodglobal,16,0.0001,0.0001,0.4,2.0,0.25,0.05,lr1e-04_bs16_drop0p4_temp2p0_a0p25_b0p05__wd1e-04trmiss0_degmodglobal,2,0.6954320818185806,0.6679090857505798,0.75,0.8321348404681739,0.6153846153846154,0.0,0.6629980951547623,0.6740351170301437,0.05022952239960432,0.1767916977405548,0.0,0.0,0.0,0.0,0.0,18473,global,0.0
2,5,lr1e-04_bs16_drop0p4_temp2p0_a0p25_b0p05__wd1e-04trmiss0_degmodglobal,16,0.0001,0.0001,0.4,2.0,0.25,0.05,lr1e-04_bs16_drop0p4_temp2p0_a0p25_b0p05__wd1e-04trmiss0_degmodglobal,3,0.6844139397144318,0.673680305480957,0.6944444444444444,0.8114558281224948,0.6153846153846154,0.0,0.6240123808383942,0.6573860049247742,0.06208094395697117,0.23015397787094116,0.0,0.0,0.0,0.0,0.0,18473,global,0.0
2,5,lr1e-04_bs16_drop0p4_temp2p0_a0p25_b0p05__wd1e-04trmiss0_degmodglobal,16,0.0001,0.0001,0.4,2.0,0.25,0.05,lr1e-04_bs16_drop0p4_temp2p0_a0p25_b0p05__wd1e-04trmiss0_degmodglobal,4,0.698271244764328,0.6761994361877441,0.6944444444444444,0.83658810325477,0.5384615384615384,0.0,0.6065566390752792,0.6735495924949646,0.0596777880564332,0.196043711155653,0.0,0.0,0.0,0.0,0.0,18473,global,0.0
2,5,lr1e-04_bs16_drop0p4_temp2p0_a0p25_b0p05__wd1e-04trmiss0_degmodglobal,16,0.0001,0.0001,0.4,2.0,0.25,0.05,lr1e-04_bs16_drop0p4_temp2p0_a0p25_b0p05__wd1e-04trmiss0_degmodglobal,5,0.654331773519516,0.673080325126648,0.7222222222222222,0.8733605900272567,0.5384615384615384,0.0,0.5994494408369064,0.6319606602191925,0.05491828732192516,0.17283079400658607,0.0,0.0,0.0,0.0,0.0,18473,global,0.0
2,5,lr1e-04_bs16_drop0p4_temp2p0_a0p25_b0p05__wd1e-04trmiss0_degmodglobal,16,0.0001,0.0001,0.4,2.0,0.25,0.05,lr1e-04_bs16_drop0p4_temp2p0_a0p25_b0p05__wd1e-04trmiss0_degmodglobal,6,0.6454944461584091,0.6726400256156921,0.8055555555555556,0.9170113836780505,0.6923076923076923,0.0,0.6183247715234756,0.6258050203323364,0.04903478268533945,0.14861477725207806,0.0,0.0,0.0,0.0,0.0,18473,global,0.0
2,5,lr1e-04_bs16_drop0p4_temp2p0_a0p25_b0p05__wd1e-04trmiss0_degmodglobal,16,0.0001,0.0001,0.4,2.0,0.25,0.05,lr1e-04_bs16_drop0p4_temp2p0_a0p25_b0p05__wd1e-04trmiss0_degmodglobal,7,0.6583185195922852,0.6743137836456299,0.7777777777777777,0.9017195767195769,0.5384615384615384,0.0,0.559424415230751,0.6260955184698105,0.07669704966247082,0.26097455620765686,0.0,0.0,0.0,0.0,0.0,18473,global,0.0
2,5,lr1e-04_bs16_drop0p4_temp2p0_a0p25_b0p05__wd1e-04trmiss0_degmodglobal,16,0.0001,0.0001,0.4,2.0,0.25,0.05,lr1e-04_bs16_drop0p4_temp2p0_a0p25_b0p05__wd1e-04trmiss0_degmodglobal,8,0.6317518353462219,0.6740153431892395,0.8055555555555556,0.9092953342953345,0.5384615384615384,0.0,0.5813374370336533,0.6101171672344208,0.0565081462264061,0.1501526366919279,0.0,0.0,0.0,0.0,0.0,18473,global,0.0
2,5,lr1e-04_bs16_drop0p4_temp2p0_a0p25_b0p05__wd1e-04trmiss0_degmodglobal,16,0.0001,0.0001,0.4,2.0,0.25,0.05,lr1e-04_bs16_drop0p4_temp2p0_a0p25_b0p05__wd1e-04trmiss0_degmodglobal,9,0.6434717029333115,0.6762350797653198,0.75,0.8762706429373097,0.5384615384615384,0.0,0.594485878944397,0.6197056919336319,0.06216967012733221,0.16447186097502708,0.0,0.0,0.0,0.0,0.0,18473,global,0.0
2,5,lr1e-04_bs16_drop0p4_temp2p0_a0p25_b0p05__wd1e-04trmiss0_degmodglobal,16,0.0001,0.0001,0.4,2.0,0.25,0.05,lr1e-04_bs16_drop0p4_temp2p0_a0p25_b0p05__wd1e-04trmiss0_degmodglobal,10,0.609691247344017,0.6783245801925659,0.7222222222222222,0.8484928651595318,0.5384615384615384,0.0,0.5835896581411362,0.5870264768600464,0.06364022102206945,0.13509445823729038,0.0,0.0,0.0,0.0,0.0,18473,global,0.0
2,5,lr1e-04_bs16_drop0p4_temp2p0_a0p25_b0p05__wd1e-04trmiss0_degmodglobal,16,0.0001,0.0001,0.4,2.0,0.25,0.05,lr1e-04_bs16_drop0p4_temp2p0_a0p25_b0p05__wd1e-04trmiss0_degmodglobal,11,0.6432982385158539,0.6737581491470337,0.75,0.8592953342953344,0.6153846153846154,0.0,0.5768658518791199,0.6227298825979233,0.055094484239816666,0.1358949225395918,0.0,0.0,0.0,0.0,0.0,18473,global,0.0
2,5,lr1e-04_bs16_drop0p4_temp2p0_a0p25_b0p05__wd1e-04trmiss0_degmodglobal,16,0.0001,0.0001,0.4,2.0,0.25,0.05,lr1e-04_bs16_drop0p4_temp2p0_a0p25_b0p05__wd1e-04trmiss0_degmodglobal,12,0.6628915369510651,0.6678566932678223,0.7777777777777778,0.8870731120731121,0.6923076923076923,0.0,0.6098865270614624,0.6325052827596664,0.07023009657859802,0.25657493621110916,0.0,0.0,0.0,0.0,0.0,18473,global,0.0
2,5,lr1e-04_bs16_drop0p4_temp2p0_a0p25_b0p05__wd1e-04trmiss0_degmodglobal,16,0.0001,0.0001,0.4,2.0,0.25,0.05,lr1e-04_bs16_drop0p4_temp2p0_a0p25_b0p05__wd1e-04trmiss0_degmodglobal,13,0.6102333515882492,0.6704079508781433,0.7222222222222222,0.8484928651595318,0.6153846153846154,0.0,0.5799613744020462,0.5816718935966492,0.08218235056847334,0.16031736880540848,0.0,0.0,0.0,0.0,0.0,18473,global,0.0
2,5,lr1e-04_bs16_drop0p4_temp2p0_a0p25_b0p05__wd1e-04trmiss0_degmodglobal,16,0.0001,0.0001,0.4,2.0,0.25,0.05,lr1e-04_bs16_drop0p4_temp2p0_a0p25_b0p05__wd1e-04trmiss0_degmodglobal,14,0.6354376375675201,0.6715968251228333,0.6944444444444444,0.8114558281224948,0.6153846153846154,0.0,0.5978090763092041,0.6153000146150589,0.05251717381179333,0.1401662640273571,0.0,0.0,0.0,0.0,0.0,18473,global,0.0
2,5,lr1e-04_bs16_drop0p4_temp2p0_a0p25_b0p05__wd1e-04trmiss0_degmodglobal,16,0.0001,0.0001,0.4,2.0,0.25,0.05,lr1e-04_bs16_drop0p4_temp2p0_a0p25_b0p05__wd1e-04trmiss0_degmodglobal,15,0.638731375336647,0.6720812320709229,0.7777777777777778,0.8870731120731121,0.6153846153846154,0.0,0.5700859576463699,0.6145596206188202,0.05705293081700802,0.1981707364320755,0.0,0.0,0.0,0.0,0.0,18473,global,0.0
2,5,lr1e-04_bs16_drop0p4_temp2p0_a0p25_b0p05__wd1e-04trmiss0_degmodglobal,16,0.0001,0.0001,0.4,2.0,0.25,0.05,lr1e-04_bs16_drop0p4_temp2p0_a0p25_b0p05__wd1e-04trmiss0_degmodglobal,16,0.6306882202625275,0.6669853329658508,0.7777777777777778,0.8870731120731121,0.6923076923076923,0.0,0.6014933586120605,0.6043038666248322,0.07091121282428503,0.1731312144547701,0.0,0.0,0.0,0.0,0.0,18473,global,0.0
2,5,lr1e-04_bs16_drop0p4_temp2p0_a0p25_b0p05__wd1e-04trmiss0_degmodglobal,16,0.0001,0.0001,0.4,2.0,0.25,0.05,lr1e-04_bs16_drop0p4_temp2p0_a0p25_b0p05__wd1e-04trmiss0_degmodglobal,17,0.6196371614933014,0.666433572769165,0.7777777777777778,0.8870731120731121,0.6923076923076923,0.0,0.5803169012069702,0.5956719070672989,0.06674388144165277,0.1455854820087552,0.0,0.0,0.0,0.0,0.0,18473,global,0.0
2,5,lr1e-04_bs16_drop0p4_temp2p0_a0p25_b0p05__wd1e-04trmiss0_degmodglobal,16,0.0001,0.0001,0.4,2.0,0.25,0.05,lr1e-04_bs16_drop0p4_temp2p0_a0p25_b0p05__wd1e-04trmiss0_degmodglobal,18,0.6269583106040955,0.6679048538208008,0.7777777777777778,0.8870731120731121,0.6153846153846154,0.0,0.5542694181203842,0.602172777056694,0.06398442294448614,0.1757882945239544,0.0,0.0,0.0,0.0,0.0,18473,global,0.0
2,5,lr1e-04_bs16_drop0p4_temp2p0_a0p25_b0p05__wd1e-04trmiss0_degmodglobal,16,0.0001,0.0001,0.4,2.0,0.25,0.05,lr1e-04_bs16_drop0p4_temp2p0_a0p25_b0p05__wd1e-04trmiss0_degmodglobal,19,0.5987464487552643,0.6646968722343445,0.7777777777777778,0.8870731120731121,0.6153846153846154,0.0,0.5450925230979919,0.5740076303482056,0.06686235871165991,0.16046446934342384,0.0,0.0,0.0,0.0,0.0,18473,global,0.0
2,5,lr1e-04_bs16_drop0p4_temp2p0_a0p25_b0p05__wd1e-04trmiss0_degmodglobal,16,0.0001,0.0001,0.4,2.0,0.25,0.05,lr1e-04_bs16_drop0p4_temp2p0_a0p25_b0p05__wd1e-04trmiss0_degmodglobal,20,0.5981181263923645,0.6639273166656494,0.8055555555555556,0.9092953342953345,0.6153846153846154,0.0,0.5776061564683914,0.5701118558645248,0.08310774713754654,0.14458678103983402,0.0,0.0,0.0,0.0,0.0,18473,global,0.0
2,5,lr1e-04_bs16_drop0p4_temp2p0_a0p25_b0p05__wd1e-04trmiss0_degmodglobal,16,0.0001,0.0001,0.4,2.0,0.25,0.05,lr1e-04_bs16_drop0p4_temp2p0_a0p25_b0p05__wd1e-04trmiss0_degmodglobal,21,0.5909849405288696,0.6626969575881958,0.8055555555555556,0.9092953342953345,0.6153846153846154,0.0,0.5346393436193466,0.5634135603904724,0.07362457364797592,0.1833047829568386,0.0,0.0,0.0,0.0,0.0,18473,global,0.0
2,5,lr1e-04_bs16_drop0p4_temp2p0_a0p25_b0p05__wd1e-04trmiss0_degmodglobal,16,0.0001,0.0001,0.4,2.0,0.25,0.05,lr1e-04_bs16_drop0p4_temp2p0_a0p25_b0p05__wd1e-04trmiss0_degmodglobal,22,0.6127170324325562,0.66241455078125,0.8055555555555556,0.9092953342953345,0.5384615384615384,0.0,0.5465898364782333,0.5833659619092941,0.07130734622478485,0.23048457689583302,0.0,0.0,0.0,0.0,0.0,18473,global,0.0
2,5,lr1e-04_bs16_drop0p4_temp2p0_a0p25_b0p05__wd1e-04trmiss0_degmodglobal,16,0.0001,0.0001,0.4,2.0,0.25,0.05,lr1e-04_bs16_drop0p4_temp2p0_a0p25_b0p05__wd1e-04trmiss0_degmodglobal,23,0.5889817029237747,0.6634791493415833,0.8055555555555556,0.9092953342953345,0.6153846153846154,0.0,0.5376650094985962,0.559258222579956,0.07637788727879524,0.21258017048239708,0.0,0.0,0.0,0.0,0.0,18473,global,0.0
2,5,lr1e-04_bs16_drop0p4_temp2p0_a0p25_b0p05__wd1e-04trmiss0_degmodglobal,16,0.0001,0.0001,0.4,2.0,0.25,0.05,lr1e-04_bs16_drop0p4_temp2p0_a0p25_b0p05__wd1e-04trmiss0_degmodglobal,24,0.6038184463977814,0.6609554290771484,0.8333333333333333,0.9191718775052109,0.5384615384615384,0.0,0.5444369614124298,0.5753506720066071,0.07285197265446186,0.20509498193860054,0.0,0.0,0.0,0.0,0.0,18473,global,0.0
2,5,lr1e-04_bs16_drop0p4_temp2p0_a0p25_b0p05__wd1e-04trmiss0_degmodglobal,16,0.0001,0.0001,0.4,2.0,0.25,0.05,lr1e-04_bs16_drop0p4_temp2p0_a0p25_b0p05__wd1e-04trmiss0_degmodglobal,25,0.5697390884160995,0.6606486439704895,0.8333333333333333,0.9191718775052109,0.5384615384615384,0.0,0.561210960149765,0.5469914898276329,0.06102691311389208,0.1498173251748085,0.0,0.0,0.0,0.0,0.0,18473,global,0.0
2,5,lr1e-04_bs16_drop0p4_temp2p0_a0p25_b0p05__wd1e-04trmiss0_degmodglobal,16,0.0001,0.0001,0.4,2.0,0.25,0.05,lr1e-04_bs16_drop0p4_temp2p0_a0p25_b0p05__wd1e-04trmiss0_degmodglobal,26,0.5966220498085022,0.6621798276901245,0.8333333333333333,0.9191718775052109,0.5384615384615384,0.0,0.5648307502269745,0.5770896524190903,0.05141562316566706,0.1335700061172247,0.0,0.0,0.0,0.0,0.0,18473,global,0.0
2,5,lr1e-04_bs16_drop0p4_temp2p0_a0p25_b0p05__wd1e-04trmiss0_degmodglobal,16,0.0001,0.0001,0.4,2.0,0.25,0.05,lr1e-04_bs16_drop0p4_temp2p0_a0p25_b0p05__wd1e-04trmiss0_degmodglobal,27,0.5871448963880539,0.6602359414100647,0.8055555555555556,0.9115961199294533,0.6153846153846154,0.0,0.5012961700558662,0.5547932609915733,0.08349061571061611,0.22957972437143326,0.0,0.0,0.0,0.0,0.0,18473,global,0.0
2,5,lr1e-04_bs16_drop0p4_temp2p0_a0p25_b0p05__wd1e-04trmiss0_degmodglobal,16,0.0001,0.0001,0.4,2.0,0.25,0.05,lr1e-04_bs16_drop0p4_temp2p0_a0p25_b0p05__wd1e-04trmiss0_degmodglobal,28,0.6419060528278351,0.6605352759361267,0.8055555555555556,0.9115961199294533,0.6153846153846154,0.0,0.5284590721130371,0.6123326122760773,0.07025596033781767,0.2401893362402916,0.0,0.0,0.0,0.0,0.0,18473,global,0.0
2,5,lr1e-04_bs16_drop0p4_temp2p0_a0p25_b0p05__wd1e-04trmiss0_degmodglobal,16,0.0001,0.0001,0.4,2.0,0.25,0.05,lr1e-04_bs16_drop0p4_temp2p0_a0p25_b0p05__wd1e-04trmiss0_degmodglobal,29,0.6151039451360703,0.6581165790557861,0.8055555555555556,0.9115961199294533,0.6153846153846154,0.0,0.5651732385158539,0.5830937325954437,0.08320997096598148,0.2241546157747507,0.0,0.0,0.0,0.0,0.0,18473,global,0.0
2,5,lr1e-04_bs16_drop0p4_temp2p0_a0p25_b0p05__wd1e-04trmiss0_degmodglobal,16,0.0001,0.0001,0.4,2.0,0.25,0.05,lr1e-04_bs16_drop0p4_temp2p0_a0p25_b0p05__wd1e-04trmiss0_degmodglobal,30,0.60055011510849,0.6609827876091003,0.8055555555555556,0.9115961199294533,0.6153846153846154,0.0,0.5480052977800369,0.5739293843507767,0.0700997868552804,0.18191518634557724,0.0,0.0,0.0,0.0,0.0,18473,global,0.0
2,5,lr1e-04_bs16_drop0p4_temp2p0_a0p25_b0p05__wd1e-04trmiss0_degmodglobal,16,0.0001,0.0001,0.4,2.0,0.25,0.05,lr1e-04_bs16_drop0p4_temp2p0_a0p25_b0p05__wd1e-04trmiss0_degmodglobal,31,0.6427275985479355,0.6614541411399841,0.7777777777777777,0.9017195767195769,0.6153846153846154,0.0,0.537950187921524,0.6064635217189789,0.09021614771336317,0.27420060336589813,0.0,0.0,0.0,0.0,0.0,18473,global,0.0
2,5,lr1e-04_bs16_drop0p4_temp2p0_a0p25_b0p05__wd1e-04trmiss0_degmodglobal,16,0.0001,0.0001,0.4,2.0,0.25,0.05,lr1e-04_bs16_drop0p4_temp2p0_a0p25_b0p05__wd1e-04trmiss0_degmodglobal,32,0.6177256852388382,0.6653847694396973,0.75,0.8794973544973546,0.5384615384615384,0.0,0.5589717477560043,0.5782508105039597,0.0942925214767456,0.3180347979068756,0.0,0.0,0.0,0.0,0.0,18473,global,0.0
2,5,lr1e-04_bs16_drop0p4_temp2p0_a0p25_b0p05__wd1e-04trmiss0_degmodglobal,16,0.0001,0.0001,0.4,2.0,0.25,0.05,lr1e-04_bs16_drop0p4_temp2p0_a0p25_b0p05__wd1e-04trmiss0_degmodglobal,33,0.6084433495998383,0.6663205027580261,0.8055555555555556,0.9092953342953345,0.6153846153846154,0.0,0.53609399497509,0.5804111957550049,0.06954752095043659,0.212905652821064,0.0,0.0,0.0,0.0,0.0,18473,global,0.0
2,5,lr1e-04_bs16_drop0p4_temp2p0_a0p25_b0p05__wd1e-04trmiss0_degmodglobal,16,0.0001,0.0001,0.4,2.0,0.25,0.05,lr1e-04_bs16_drop0p4_temp2p0_a0p25_b0p05__wd1e-04trmiss0_degmodglobal,34,0.6063127219676971,0.6631690263748169,0.8055555555555556,0.9092953342953345,0.6153846153846154,0.0,0.5396271795034409,0.5772829353809357,0.07615181803703308,0.19983670115470886,0.0,0.0,0.0,0.0,0.0,18473,global,0.0
2,5,lr1e-04_bs16_drop0p4_temp2p0_a0p25_b0p05__wd1e-04trmiss0_degmodglobal,16,0.0001,0.0001,0.4,2.0,0.25,0.05,lr1e-04_bs16_drop0p4_temp2p0_a0p25_b0p05__wd1e-04trmiss0_degmodglobal,35,0.5919708609580994,0.6650618314743042,0.8055555555555556,0.9092953342953345,0.6153846153846154,0.0,0.5291952192783356,0.5630510598421097,0.08227347675710917,0.16702881455421448,0.0,0.0,0.0,0.0,0.0,18473,global,0.0
2,5,lr1e-04_bs16_drop0p4_temp2p0_a0p25_b0p05__wd1e-04trmiss0_degmodglobal,16,0.0001,0.0001,0.4,2.0,0.25,0.05,lr1e-04_bs16_drop0p4_temp2p0_a0p25_b0p05__wd1e-04trmiss0_degmodglobal,36,0.6102803945541382,0.6670472025871277,0.7777777777777777,0.9017195767195769,0.6153846153846154,0.0,0.5382942408323288,0.5783423036336899,0.08042170573025942,0.23665336705744267,0.0,0.0,0.0,0.0,0.0,18473,global,0.0
2,5,lr1e-04_bs16_drop0p4_temp2p0_a0p25_b0p05__wd1e-04trmiss0_degmodglobal,16,0.0001,0.0001,0.4,2.0,0.25,0.05,lr1e-04_bs16_drop0p4_temp2p0_a0p25_b0p05__wd1e-04trmiss0_degmodglobal,37,0.6157868206501007,0.6658684611320496,0.7777777777777777,0.9017195767195769,0.6153846153846154,0.0,0.5547408014535904,0.5900015532970428,0.06759072374552488,0.1777520328760147,0.0,0.0,0.0,0.0,0.0,18473,global,0.0
2,5,lr1e-04_bs16_drop0p4_temp2p0_a0p25_b0p05__wd1e-04trmiss0_degmodglobal,16,0.0001,0.0001,0.4,2.0,0.25,0.05,lr1e-04_bs16_drop0p4_temp2p0_a0p25_b0p05__wd1e-04trmiss0_degmodglobal,38,0.5838061571121216,0.6638585925102234,0.7777777777777777,0.9017195767195769,0.6153846153846154,0.0,0.5598090291023254,0.5561521649360657,0.07428866252303123,0.1816365960985422,0.0,0.0,0.0,0.0,0.0,18473,global,0.0
2,5,lr1e-04_bs16_drop0p4_temp2p0_a0p25_b0p05__wd1e-04trmiss0_degmodglobal,16,0.0001,0.0001,0.4,2.0,0.25,0.05,lr1e-04_bs16_drop0p4_temp2p0_a0p25_b0p05__wd1e-04trmiss0_degmodglobal,39,0.5947409123182297,0.661719799041748,0.7777777777777777,0.9017195767195769,0.6153846153846154,0.0,0.5244175940752029,0.5498449355363846,0.11551206931471825,0.3203595280647278,0.0,0.0,0.0,0.0,0.0,18473,global,0.0
2,5,lr1e-04_bs16_drop0p4_temp2p0_a0p25_b0p05__wd1e-04trmiss0_degmodglobal,16,0.0001,0.0001,0.4,2.0,0.25,0.05,lr1e-04_bs16_drop0p4_temp2p0_a0p25_b0p05__wd1e-04trmiss0_degmodglobal,40,0.6053749173879623,0.6598188281059265,0.7777777777777777,0.9017195767195769,0.6153846153846154,0.0,0.5354609861969948,0.5739980340003967,0.08471866697072983,0.20394429564476013,0.0,0.0,0.0,0.0,0.0,18473,global,0.0
2,5,lr1e-04_bs16_drop0p4_temp2p0_a0p25_b0p05__wd1e-04trmiss0_degmodglobal,16,0.0001,0.0001,0.4,2.0,0.25,0.05,lr1e-04_bs16_drop0p4_temp2p0_a0p25_b0p05__wd1e-04trmiss0_degmodglobal,41,0.6185976415872574,0.6606777906417847,0.7777777777777777,0.9017195767195769,0.6153846153846154,0.0,0.5510657876729965,0.5873411744832993,0.07545987889170647,0.24782989919185638,0.0,0.0,0.0,0.0,0.0,18473,global,0.0
2,5,lr1e-04_bs16_drop0p4_temp2p0_a0p25_b0p05__wd1e-04trmiss0_degmodglobal,16,0.0001,0.0001,0.4,2.0,0.25,0.05,lr1e-04_bs16_drop0p4_temp2p0_a0p25_b0p05__wd1e-04trmiss0_degmodglobal,42,0.604046955704689,0.6657026410102844,0.7777777777777777,0.9017195767195769,0.6153846153846154,0.0,0.5140854269266129,0.5681363642215729,0.09519887901842594,0.24221745878458023,0.0,0.0,0.0,0.0,0.0,18473,global,0.0
2,5,lr1e-04_bs16_drop0p4_temp2p0_a0p25_b0p05__wd1e-04trmiss0_degmodglobal,16,0.0001,0.0001,0.4,2.0,0.25,0.05,lr1e-04_bs16_drop0p4_temp2p0_a0p25_b0p05__wd1e-04trmiss0_degmodglobal,43,0.584527000784874,0.6681357622146606,0.7777777777777777,0.9017195767195769,0.6153846153846154,0.0,0.5219950377941132,0.5507575869560242,0.08256764337420464,0.2625501751899719,0.0,0.0,0.0,0.0,0.0,18473,global,0.0
2,5,lr1e-04_bs16_drop0p4_temp2p0_a0p25_b0p05__wd1e-04trmiss0_degmodglobal,16,0.0001,0.0001,0.4,2.0,0.25,0.05,lr1e-04_bs16_drop0p4_temp2p0_a0p25_b0p05__wd1e-04trmiss0_degmodglobal,44,0.6029828041791916,0.6695742011070251,0.7777777777777777,0.9017195767195769,0.5384615384615384,0.0,0.5372930318117142,0.5655879080295563,0.09673880971968174,0.26420341804623604,0.0,0.0,0.0,0.0,0.0,18473,global,0.0
2,5,lr1e-04_bs16_drop0p4_temp2p0_a0p25_b0p05__wd1e-04trmiss0_degmodglobal,16,0.0001,0.0001,0.4,2.0,0.25,0.05,lr1e-04_bs16_drop0p4_temp2p0_a0p25_b0p05__wd1e-04trmiss0_degmodglobal,45,0.5981078594923019,0.6703962683677673,0.7777777777777777,0.9017195767195769,0.5384615384615384,0.0,0.5545005202293396,0.5720667392015457,0.06936559546738863,0.17399433627724648,0.0,0.0,0.0,0.0,0.0,18473,global,0.0
2,5,lr5e-05_bs16_drop0p2_temp1p0_a0p25_b0p05__wd1e-04trmiss0_degmodglobal,16,5e-05,0.0001,0.2,1.0,0.25,0.05,lr5e-05_bs16_drop0p2_temp1p0_a0p25_b0p05__wd1e-04trmiss0_degmodglobal,1,0.7254945635795593,0.6833653450012207,0.4444444444444444,0.7480750730750731,0.6923076923076923,0.0,0.7111849933862686,0.7072201371192932,0.04875349812209606,0.12172125652432442,0.0,0.0,0.0,0.0,0.0,18473,global,0.0
2,5,lr5e-05_bs16_drop0p2_temp1p0_a0p25_b0p05__wd1e-04trmiss0_degmodglobal,16,5e-05,0.0001,0.2,1.0,0.25,0.05,lr5e-05_bs16_drop0p2_temp1p0_a0p25_b0p05__wd1e-04trmiss0_degmodglobal,2,0.7016955018043518,0.6808092594146729,0.4722222222222222,0.7758528508528508,0.6153846153846154,0.0,0.6930352747440338,0.6822510808706284,0.0492070559412241,0.14285306632518768,0.0,0.0,0.0,0.0,0.0,18473,global,0.0
2,5,lr5e-05_bs16_drop0p2_temp1p0_a0p25_b0p05__wd1e-04trmiss0_degmodglobal,16,5e-05,0.0001,0.2,1.0,0.25,0.05,lr5e-05_bs16_drop0p2_temp1p0_a0p25_b0p05__wd1e-04trmiss0_degmodglobal,3,0.6760802119970322,0.6814122200012207,0.4722222222222222,0.7797008547008548,0.5384615384615384,0.0,0.6784372329711914,0.6602174043655396,0.042580666951835155,0.1043525580316782,0.0,0.0,0.0,0.0,0.0,18473,global,0.0
2,5,lr5e-05_bs16_drop0p2_temp1p0_a0p25_b0p05__wd1e-04trmiss0_degmodglobal,16,5e-05,0.0001,0.2,1.0,0.25,0.05,lr5e-05_bs16_drop0p2_temp1p0_a0p25_b0p05__wd1e-04trmiss0_degmodglobal,4,0.6621781140565872,0.685792863368988,0.4166666666666667,0.7352564102564103,0.5384615384615384,0.0,0.6455485224723816,0.6493510603904724,0.03877915907651186,0.06264515034854412,0.0,0.0,0.0,0.0,0.0,18473,global,0.0
2,5,lr5e-05_bs16_drop0p2_temp1p0_a0p25_b0p05__wd1e-04trmiss0_degmodglobal,16,5e-05,0.0001,0.2,1.0,0.25,0.05,lr5e-05_bs16_drop0p2_temp1p0_a0p25_b0p05__wd1e-04trmiss0_degmodglobal,5,0.6590840518474579,0.6910754442214966,0.3333333333333333,0.7101962851962853,0.46153846153846156,0.0,0.6488772928714752,0.6456204056739807,0.037968690041452646,0.07942969910800457,0.0,0.0,0.0,0.0,0.0,18473,global,0.0
2,5,lr5e-05_bs16_drop0p2_temp1p0_a0p25_b0p05__wd1e-04trmiss0_degmodglobal,16,5e-05,0.0001,0.2,1.0,0.25,0.05,lr5e-05_bs16_drop0p2_temp1p0_a0p25_b0p05__wd1e-04trmiss0_degmodglobal,6,0.6348090320825577,0.6910752654075623,0.3888888888888889,0.7546407296407298,0.46153846153846156,0.0,0.628641277551651,0.6218668669462204,0.036331322975456715,0.07718649413436651,0.0,0.0,0.0,0.0,0.0,18473,global,0.0
2,5,lr5e-05_bs16_drop0p2_temp1p0_a0p25_b0p05__wd1e-04trmiss0_degmodglobal,16,5e-05,0.0001,0.2,1.0,0.25,0.05,lr5e-05_bs16_drop0p2_temp1p0_a0p25_b0p05__wd1e-04trmiss0_degmodglobal,7,0.6319440603256226,0.6925219297409058,0.3888888888888889,0.7546407296407298,0.38461538461538464,0.0,0.6256188154220581,0.6179058104753494,0.04059461783617735,0.07779136393219233,0.0,0.0,0.0,0.0,0.0,18473,global,0.0
2,5,lr5e-05_bs16_drop0p2_temp1p0_a0p25_b0p05__wd1e-04trmiss0_degmodglobal,16,5e-05,0.0001,0.2,1.0,0.25,0.05,lr5e-05_bs16_drop0p2_temp1p0_a0p25_b0p05__wd1e-04trmiss0_degmodglobal,8,0.6272338479757309,0.693885087966919,0.3888888888888889,0.7546407296407298,0.38461538461538464,0.0,0.62375508248806,0.6123081147670746,0.04020553454756737,0.09748675767332315,0.0,0.0,0.0,0.0,0.0,18473,global,0.0
2,5,lr5e-05_bs16_drop0p2_temp1p0_a0p25_b0p05__wd1e-04trmiss0_degmodglobal,16,5e-05,0.0001,0.2,1.0,0.25,0.05,lr5e-05_bs16_drop0p2_temp1p0_a0p25_b0p05__wd1e-04trmiss0_degmodglobal,9,0.6347362995147705,0.694631814956665,0.4444444444444444,0.7800375550375551,0.38461538461538464,0.0,0.6264800280332565,0.621437132358551,0.0414004260674119,0.05898133385926485,0.0,0.0,0.0,0.0,0.0,18473,global,0.0
2,5,lr5e-05_bs16_drop0p2_temp1p0_a0p25_b0p05__wd1e-04trmiss0_degmodglobal,16,5e-05,0.0001,0.2,1.0,0.25,0.05,lr5e-05_bs16_drop0p2_temp1p0_a0p25_b0p05__wd1e-04trmiss0_degmodglobal,10,0.6102701127529144,0.6952519416809082,0.4722222222222222,0.78995818995819,0.38461538461538464,0.0,0.6309415847063065,0.5942525863647461,0.044958763755857944,0.09555699676275253,0.0,0.0,0.0,0.0,0.0,18473,global,0.0
2,5,lr5e-05_bs16_drop0p2_temp1p0_a0p25_b0p05__wd1e-04trmiss0_degmodglobal,16,5e-05,0.0001,0.2,1.0,0.25,0.05,lr5e-05_bs16_drop0p2_temp1p0_a0p25_b0p05__wd1e-04trmiss0_degmodglobal,11,0.6159640699625015,0.6936638355255127,0.5,0.8031857031857033,0.38461538461538464,0.0,0.6092531085014343,0.6005031913518906,0.044876997359097004,0.08483267389237881,0.0,0.0,0.0,0.0,0.0,18473,global,0.0
2,5,lr5e-05_bs16_drop0p2_temp1p0_a0p25_b0p05__wd1e-04trmiss0_degmodglobal,16,5e-05,0.0001,0.2,1.0,0.25,0.05,lr5e-05_bs16_drop0p2_temp1p0_a0p25_b0p05__wd1e-04trmiss0_degmodglobal,12,0.5917657911777496,0.6911641359329224,0.4722222222222222,0.78995818995819,0.46153846153846156,0.0,0.6089067757129669,0.5747209638357162,0.04773405008018017,0.10222662426531315,0.0,0.0,0.0,0.0,0.0,18473,global,0.0
2,5,lr5e-05_bs16_drop0p2_temp1p0_a0p25_b0p05__wd1e-04trmiss0_degmodglobal,16,5e-05,0.0001,0.2,1.0,0.25,0.05,lr5e-05_bs16_drop0p2_temp1p0_a0p25_b0p05__wd1e-04trmiss0_degmodglobal,13,0.6116345375776291,0.6861681938171387,0.4722222222222222,0.78995818995819,0.46153846153846156,0.0,0.6070294827222824,0.5942526608705521,0.051502558402717113,0.09012488089501858,0.0,0.0,0.0,0.0,0.0,18473,global,0.0
2,5,lr5e-05_bs16_drop0p2_temp1p0_a0p25_b0p05__wd1e-04trmiss0_degmodglobal,16,5e-05,0.0001,0.2,1.0,0.25,0.05,lr5e-05_bs16_drop0p2_temp1p0_a0p25_b0p05__wd1e-04trmiss0_degmodglobal,14,0.6074153780937195,0.6867087483406067,0.4722222222222222,0.78995818995819,0.46153846153846156,0.0,0.5783607512712479,0.5842083543539047,0.06360775511711836,0.14610147755593061,0.0,0.0,0.0,0.0,0.0,18473,global,0.0
2,5,lr5e-05_bs16_drop0p2_temp1p0_a0p25_b0p05__wd1e-04trmiss0_degmodglobal,16,5e-05,0.0001,0.2,1.0,0.25,0.05,lr5e-05_bs16_drop0p2_temp1p0_a0p25_b0p05__wd1e-04trmiss0_degmodglobal,15,0.5898395329713821,0.6868178844451904,0.4722222222222222,0.78995818995819,0.46153846153846156,0.0,0.597909614443779,0.5701082050800323,0.05769117921590805,0.10617058165371418,0.0,0.0,0.0,0.0,0.0,18473,global,0.0
2,5,lr5e-05_bs16_drop0p2_temp1p0_a0p25_b0p05__wd1e-04trmiss0_degmodglobal,16,5e-05,0.0001,0.2,1.0,0.25,0.05,lr5e-05_bs16_drop0p2_temp1p0_a0p25_b0p05__wd1e-04trmiss0_degmodglobal,16,0.6225010454654694,0.6892775893211365,0.5,0.8121804121804124,0.38461538461538464,0.0,0.6133398562669754,0.6050573587417603,0.050629240460693836,0.09572768397629261,0.0,0.0,0.0,0.0,0.0,18473,global,0.0
2,5,lr5e-05_bs16_drop0p2_temp1p0_a0p25_b0p05__wd1e-04trmiss0_degmodglobal,16,5e-05,0.0001,0.2,1.0,0.25,0.05,lr5e-05_bs16_drop0p2_temp1p0_a0p25_b0p05__wd1e-04trmiss0_degmodglobal,17,0.6081750988960266,0.6875572204589844,0.5,0.8121804121804124,0.38461538461538464,0.0,0.5793845504522324,0.590306431055069,0.05430879443883896,0.08582932222634554,0.0,0.0,0.0,0.0,0.0,18473,global,0.0
2,5,lr5e-05_bs16_drop0p2_temp1p0_a0p25_b0p05__wd1e-04trmiss0_degmodglobal,16,5e-05,0.0001,0.2,1.0,0.25,0.05,lr5e-05_bs16_drop0p2_temp1p0_a0p25_b0p05__wd1e-04trmiss0_degmodglobal,18,0.6175138652324677,0.6846404671669006,0.4722222222222222,0.78995818995819,0.46153846153846156,0.0,0.5578912794589996,0.594904363155365,0.06304529495537281,0.1369637493044138,0.0,0.0,0.0,0.0,0.0,18473,global,0.0
2,5,lr5e-05_bs16_drop0p2_temp1p0_a0p25_b0p05__wd1e-04trmiss0_degmodglobal,16,5e-05,0.0001,0.2,1.0,0.25,0.05,lr5e-05_bs16_drop0p2_temp1p0_a0p25_b0p05__wd1e-04trmiss0_degmodglobal,19,0.6020064353942871,0.6857108473777771,0.4722222222222222,0.78995818995819,0.46153846153846156,0.0,0.5589337348937988,0.5828125029802322,0.0608240095898509,0.07975855190306902,0.0,0.0,0.0,0.0,0.0,18473,global,0.0
2,5,lr5e-05_bs16_drop0p2_temp1p0_a0p25_b0p05__wd1e-04trmiss0_degmodglobal,16,5e-05,0.0001,0.2,1.0,0.25,0.05,lr5e-05_bs16_drop0p2_temp1p0_a0p25_b0p05__wd1e-04trmiss0_degmodglobal,20,0.5892031043767929,0.6877003908157349,0.4444444444444444,0.7751433751433752,0.46153846153846156,0.0,0.5685550719499588,0.571184828877449,0.05636659078299999,0.07853246480226517,0.0,0.0,0.0,0.0,0.0,18473,global,0.0
2,5,lr5e-05_bs16_drop0p2_temp1p0_a0p25_b0p05__wd1e-04trmiss0_degmodglobal,16,5e-05,0.0001,0.2,1.0,0.25,0.05,lr5e-05_bs16_drop0p2_temp1p0_a0p25_b0p05__wd1e-04trmiss0_degmodglobal,21,0.5816102027893066,0.6872926354408264,0.4722222222222222,0.78995818995819,0.46153846153846156,0.0,0.5740934312343597,0.5633307099342346,0.05914018675684929,0.06988876219838858,0.0,0.0,0.0,0.0,0.0,18473,global,0.0
2,5,lr5e-05_bs16_drop0p2_temp1p0_a0p25_b0p05__wd1e-04trmiss0_degmodglobal,16,5e-05,0.0001,0.2,1.0,0.25,0.05,lr5e-05_bs16_drop0p2_temp1p0_a0p25_b0p05__wd1e-04trmiss0_degmodglobal,22,0.6001653522253036,0.6884048581123352,0.5,0.8121804121804124,0.38461538461538464,0.0,0.565385565161705,0.5796144008636475,0.06373591348528862,0.09233931545168161,0.0,0.0,0.0,0.0,0.0,18473,global,0.0
2,5,lr5e-05_bs16_drop0p2_temp1p0_a0p25_b0p05__wd1e-04trmiss0_degmodglobal,16,5e-05,0.0001,0.2,1.0,0.25,0.05,lr5e-05_bs16_drop0p2_temp1p0_a0p25_b0p05__wd1e-04trmiss0_degmodglobal,23,0.6221664994955063,0.6919165849685669,0.5,0.8121804121804124,0.38461538461538464,0.0,0.5897939950227737,0.6032337844371796,0.05619927681982517,0.09765801299363375,0.0,0.0,0.0,0.0,0.0,18473,global,0.0
2,5,lr5e-05_bs16_drop0p2_temp1p0_a0p25_b0p05__wd1e-04trmiss0_degmodglobal,16,5e-05,0.0001,0.2,1.0,0.25,0.05,lr5e-05_bs16_drop0p2_temp1p0_a0p25_b0p05__wd1e-04trmiss0_degmodglobal,24,0.5726806223392487,0.6924004554748535,0.5,0.8121804121804124,0.38461538461538464,0.0,0.5484376847743988,0.5512077808380127,0.06429730169475079,0.10797042585909367,0.0,0.0,0.0,0.0,0.0,18473,global,0.0
2,5,lr5e-05_bs16_drop0p2_temp1p0_a0p25_b0p05__wd1e-04trmiss0_degmodglobal,16,5e-05,0.0001,0.2,1.0,0.25,0.05,lr5e-05_bs16_drop0p2_temp1p0_a0p25_b0p05__wd1e-04trmiss0_degmodglobal,25,0.5728287398815155,0.6913699507713318,0.5,0.8121804121804124,0.38461538461538464,0.0,0.5509627461433411,0.5540842115879059,0.061170050874352455,0.0690402565523982,0.0,0.0,0.0,0.0,0.0,18473,global,0.0
2,5,lr5e-05_bs16_drop0p2_temp1p0_a0p25_b0p05__wd1e-04trmiss0_degmodglobal,16,5e-05,0.0001,0.2,1.0,0.25,0.05,lr5e-05_bs16_drop0p2_temp1p0_a0p25_b0p05__wd1e-04trmiss0_degmodglobal,26,0.5926618874073029,0.6930436491966248,0.5,0.8121804121804124,0.38461538461538464,0.0,0.5724350214004517,0.5729367583990097,0.059838022105395794,0.09531249478459358,0.0,0.0,0.0,0.0,0.0,18473,global,0.0
2,5,lr5e-05_bs16_drop0p2_temp1p0_a0p25_b0p05__wd1e-04trmiss0_degmodglobal,16,5e-05,0.0001,0.2,1.0,0.25,0.05,lr5e-05_bs16_drop0p2_temp1p0_a0p25_b0p05__wd1e-04trmiss0_degmodglobal,27,0.5924585461616516,0.6919973492622375,0.5,0.8121804121804124,0.38461538461538464,0.0,0.5465584844350815,0.5741818398237228,0.05779238138347864,0.07657243777066469,0.0,0.0,0.0,0.0,0.0,18473,global,0.0
2,5,lr5e-05_bs16_drop0p2_temp1p0_a0p25_b0p05__wd1e-04trmiss0_degmodglobal,16,5e-05,0.0001,0.2,1.0,0.25,0.05,lr5e-05_bs16_drop0p2_temp1p0_a0p25_b0p05__wd1e-04trmiss0_degmodglobal,28,0.6051648557186127,0.6954049468040466,0.4722222222222222,0.78995818995819,0.38461538461538464,0.0,0.5868697017431259,0.5840573906898499,0.06537531595677137,0.09527310356497765,0.0,0.0,0.0,0.0,0.0,18473,global,0.0
2,5,lr5e-05_bs16_drop0p2_temp1p0_a0p25_b0p05__wd1e-04trmiss0_degmodglobal,16,5e-05,0.0001,0.2,1.0,0.25,0.05,lr5e-05_bs16_drop0p2_temp1p0_a0p25_b0p05__wd1e-04trmiss0_degmodglobal,29,0.5967358350753784,0.6985997557640076,0.4444444444444444,0.7751433751433752,0.38461538461538464,0.0,0.5528053492307663,0.5756660252809525,0.06734616216272116,0.08466525562107563,0.0,0.0,0.0,0.0,0.0,18473,global,0.0
2,5,lr5e-05_bs16_drop0p2_temp1p0_a0p25_b0p05__wd1e-04trmiss0_degmodglobal,16,5e-05,0.0001,0.2,1.0,0.25,0.05,lr5e-05_bs16_drop0p2_temp1p0_a0p25_b0p05__wd1e-04trmiss0_degmodglobal,30,0.5902155041694641,0.6973618865013123,0.4444444444444444,0.7751433751433752,0.38461538461538464,0.0,0.5739548951387405,0.5622561275959015,0.08684948924928904,0.12494023330509663,0.0,0.0,0.0,0.0,0.0,18473,global,0.0
2,5,lr5e-05_bs16_drop0p2_temp1p0_a0p25_b0p05__wd1e-04trmiss0_degmodglobal,16,5e-05,0.0001,0.2,1.0,0.25,0.05,lr5e-05_bs16_drop0p2_temp1p0_a0p25_b0p05__wd1e-04trmiss0_degmodglobal,31,0.5786038786172867,0.695841908454895,0.4444444444444444,0.7751433751433752,0.38461538461538464,0.0,0.5454556345939636,0.5617686957120895,0.05390090774744749,0.06719908816739917,0.0,0.0,0.0,0.0,0.0,18473,global,0.0
2,5,lr5e-05_bs16_drop0p2_temp1p0_a0p25_b0p05__wd1e-04trmiss0_degmodglobal,16,5e-05,0.0001,0.2,1.0,0.25,0.05,lr5e-05_bs16_drop0p2_temp1p0_a0p25_b0p05__wd1e-04trmiss0_degmodglobal,32,0.5819295793771744,0.695453941822052,0.4444444444444444,0.7751433751433752,0.38461538461538464,0.0,0.5278884842991829,0.5531090199947357,0.08826521411538124,0.135084992274642,0.0,0.0,0.0,0.0,0.0,18473,global,0.0
2,5,lr5e-05_bs16_drop0p2_temp1p0_a0p25_b0p05__wd1e-04trmiss0_degmodglobal,16,5e-05,0.0001,0.2,1.0,0.25,0.05,lr5e-05_bs16_drop0p2_temp1p0_a0p25_b0p05__wd1e-04trmiss0_degmodglobal,33,0.5960338860750198,0.6947362422943115,0.5,0.8121804121804124,0.38461538461538464,0.0,0.5290334597229958,0.573869600892067,0.07043313514441252,0.09111997857689857,0.0,0.0,0.0,0.0,0.0,18473,global,0.0
2,5,lr5e-05_bs16_drop0p2_temp1p0_a0p25_b0p05__wd1e-04trmiss0_degmodglobal,16,5e-05,0.0001,0.2,1.0,0.25,0.05,lr5e-05_bs16_drop0p2_temp1p0_a0p25_b0p05__wd1e-04trmiss0_degmodglobal,34,0.5675611793994904,0.6923272609710693,0.5,0.8121804121804124,0.38461538461538464,0.0,0.5194633975625038,0.5426328182220459,0.07879888731986284,0.10457295179367065,0.0,0.0,0.0,0.0,0.0,18473,global,0.0
2,5,lr5e-05_bs16_drop0p2_temp1p0_a0p25_b0p05__wd1e-04trmiss0_degmodglobal,16,5e-05,0.0001,0.2,1.0,0.25,0.05,lr5e-05_bs16_drop0p2_temp1p0_a0p25_b0p05__wd1e-04trmiss0_degmodglobal,35,0.5980049222707748,0.690289318561554,0.5,0.8121804121804124,0.38461538461538464,0.0,0.5203150063753128,0.5728133916854858,0.0730572734028101,0.13854430615901947,0.0,0.0,0.0,0.0,0.0,18473,global,0.0
2,5,lr5e-05_bs16_drop0p2_temp1p0_a0p25_b0p05__wd1e-04trmiss0_degmodglobal,16,5e-05,0.0001,0.2,1.0,0.25,0.05,lr5e-05_bs16_drop0p2_temp1p0_a0p25_b0p05__wd1e-04trmiss0_degmodglobal,36,0.584323838353157,0.6919915676116943,0.4722222222222222,0.8022597772597773,0.38461538461538464,0.0,0.5341098755598068,0.5622109919786453,0.06462592910975218,0.11912691406905651,0.0,0.0,0.0,0.0,0.0,18473,global,0.0
2,5,lr5e-05_bs16_drop0p2_temp1p0_a0p25_b0p05__wd1e-04trmiss0_degmodglobal,16,5e-05,0.0001,0.2,1.0,0.25,0.05,lr5e-05_bs16_drop0p2_temp1p0_a0p25_b0p05__wd1e-04trmiss0_degmodglobal,37,0.603347659111023,0.6951234340667725,0.5,0.8121804121804124,0.38461538461538464,0.0,0.5668490529060364,0.5803456008434296,0.07377194054424763,0.09118130896240473,0.0,0.0,0.0,0.0,0.0,18473,global,0.0
2,5,lr5e-05_bs16_drop0p2_temp2p0_a0p25_b0p05__wd1e-04trmiss0_degmodglobal,16,5e-05,0.0001,0.2,2.0,0.25,0.05,lr5e-05_bs16_drop0p2_temp2p0_a0p25_b0p05__wd1e-04trmiss0_degmodglobal,1,0.6874599456787109,0.6736337542533875,0.6666666666666667,0.8795685795685797,0.6153846153846154,0.0,0.6900399774312973,0.6694159060716629,0.045103687793016434,0.13536234200000763,0.0,0.0,0.0,0.0,0.0,18473,global,0.0
2,5,lr5e-05_bs16_drop0p2_temp2p0_a0p25_b0p05__wd1e-04trmiss0_degmodglobal,16,5e-05,0.0001,0.2,2.0,0.25,0.05,lr5e-05_bs16_drop0p2_temp2p0_a0p25_b0p05__wd1e-04trmiss0_degmodglobal,2,0.6579249948263168,0.6658297777175903,0.638888888888889,0.8455618455618457,0.6153846153846154,0.0,0.6843117475509644,0.6445197761058807,0.03451182320713997,0.09554536826908588,0.0,0.0,0.0,0.0,0.0,18473,global,0.0
2,5,lr5e-05_bs16_drop0p2_temp2p0_a0p25_b0p05__wd1e-04trmiss0_degmodglobal,16,5e-05,0.0001,0.2,2.0,0.25,0.05,lr5e-05_bs16_drop0p2_temp2p0_a0p25_b0p05__wd1e-04trmiss0_degmodglobal,3,0.6547174155712128,0.6628292798995972,0.6666666666666667,0.8677840677840678,0.6153846153846154,0.0,0.659859374165535,0.6421817988157272,0.0326862377114594,0.0872811721637845,0.0,0.0,0.0,0.0,0.0,18473,global,0.0
2,5,lr5e-05_bs16_drop0p2_temp2p0_a0p25_b0p05__wd1e-04trmiss0_degmodglobal,16,5e-05,0.0001,0.2,2.0,0.25,0.05,lr5e-05_bs16_drop0p2_temp2p0_a0p25_b0p05__wd1e-04trmiss0_degmodglobal,4,0.6567474454641342,0.6591132283210754,0.6666666666666667,0.8645212811879479,0.6153846153846154,0.0,0.6410714983940125,0.6427956968545914,0.0376744382083416,0.09066264890134335,0.0,0.0,0.0,0.0,0.0,18473,global,0.0
2,5,lr5e-05_bs16_drop0p2_temp2p0_a0p25_b0p05__wd1e-04trmiss0_degmodglobal,16,5e-05,0.0001,0.2,2.0,0.25,0.05,lr5e-05_bs16_drop0p2_temp2p0_a0p25_b0p05__wd1e-04trmiss0_degmodglobal,5,0.6251741498708725,0.6543765068054199,0.6944444444444444,0.8764260430927098,0.6153846153846154,0.0,0.650724932551384,0.6089166551828384,0.038874379359185696,0.13077839463949203,0.0,0.0,0.0,0.0,0.0,18473,global,0.0
2,5,lr5e-05_bs16_drop0p2_temp2p0_a0p25_b0p05__wd1e-04trmiss0_degmodglobal,16,5e-05,0.0001,0.2,2.0,0.25,0.05,lr5e-05_bs16_drop0p2_temp2p0_a0p25_b0p05__wd1e-04trmiss0_degmodglobal,6,0.6272779107093811,0.6496219038963318,0.6944444444444444,0.8764260430927098,0.6153846153846154,0.0,0.6469009965658188,0.6164363622665405,0.030205849092453718,0.06580147659406066,0.0,0.0,0.0,0.0,0.0,18473,global,0.0
2,5,lr5e-05_bs16_drop0p2_temp2p0_a0p25_b0p05__wd1e-04trmiss0_degmodglobal,16,5e-05,0.0001,0.2,2.0,0.25,0.05,lr5e-05_bs16_drop0p2_temp2p0_a0p25_b0p05__wd1e-04trmiss0_degmodglobal,7,0.6609604358673096,0.6518481373786926,0.638888888888889,0.8474698141364809,0.6153846153846154,0.0,0.6384451389312744,0.6496162265539169,0.028909836895763874,0.0823349803686142,0.0,0.0,0.0,0.0,0.0,18473,global,0.0
2,5,lr5e-05_bs16_drop0p2_temp2p0_a0p25_b0p05__wd1e-04trmiss0_degmodglobal,16,5e-05,0.0001,0.2,2.0,0.25,0.05,lr5e-05_bs16_drop0p2_temp2p0_a0p25_b0p05__wd1e-04trmiss0_degmodglobal,8,0.62008036673069,0.6513418555259705,0.6111111111111112,0.8355650522317191,0.6153846153846154,0.0,0.6540081351995468,0.6090140342712402,0.028569560265168548,0.07847831468097866,0.0,0.0,0.0,0.0,0.0,18473,global,0.0
2,5,lr5e-05_bs16_drop0p2_temp2p0_a0p25_b0p05__wd1e-04trmiss0_degmodglobal,16,5e-05,0.0001,0.2,2.0,0.25,0.05,lr5e-05_bs16_drop0p2_temp2p0_a0p25_b0p05__wd1e-04trmiss0_degmodglobal,9,0.630724772810936,0.6459909677505493,0.6666666666666667,0.8582722832722833,0.6153846153846154,0.0,0.6298433542251587,0.6207720637321472,0.02810740750283003,0.05851712170988321,0.0,0.0,0.0,0.0,0.0,18473,global,0.0
2,5,lr5e-05_bs16_drop0p2_temp2p0_a0p25_b0p05__wd1e-04trmiss0_degmodglobal,16,5e-05,0.0001,0.2,2.0,0.25,0.05,lr5e-05_bs16_drop0p2_temp2p0_a0p25_b0p05__wd1e-04trmiss0_degmodglobal,10,0.6012237668037415,0.6444345116615295,0.6944444444444444,0.8804945054945057,0.6153846153846154,0.0,0.6226115524768829,0.5911767929792404,0.02904836041852832,0.05569839105010033,0.0,0.0,0.0,0.0,0.0,18473,global,0.0
2,5,lr5e-05_bs16_drop0p2_temp2p0_a0p25_b0p05__wd1e-04trmiss0_degmodglobal,16,5e-05,0.0001,0.2,2.0,0.25,0.05,lr5e-05_bs16_drop0p2_temp2p0_a0p25_b0p05__wd1e-04trmiss0_degmodglobal,11,0.5959516018629074,0.6406656503677368,0.7222222222222223,0.8872285122285124,0.6923076923076923,0.0,0.634605348110199,0.5840048938989639,0.03148093679919839,0.08152966760098934,0.0,0.0,0.0,0.0,0.0,18473,global,0.0
2,5,lr5e-05_bs16_drop0p2_temp2p0_a0p25_b0p05__wd1e-04trmiss0_degmodglobal,16,5e-05,0.0001,0.2,2.0,0.25,0.05,lr5e-05_bs16_drop0p2_temp2p0_a0p25_b0p05__wd1e-04trmiss0_degmodglobal,12,0.574181467294693,0.636948823928833,0.6944444444444444,0.8764260430927098,0.6153846153846154,0.0,0.5891016274690628,0.5553888902068138,0.04873877391219139,0.13215766474604607,0.0,0.0,0.0,0.0,0.0,18473,global,0.0
2,5,lr5e-05_bs16_drop0p2_temp2p0_a0p25_b0p05__wd1e-04trmiss0_degmodglobal,16,5e-05,0.0001,0.2,2.0,0.25,0.05,lr5e-05_bs16_drop0p2_temp2p0_a0p25_b0p05__wd1e-04trmiss0_degmodglobal,13,0.5879559814929962,0.6395463943481445,0.7222222222222222,0.8828362995029664,0.6923076923076923,0.0,0.6198807805776596,0.5719272196292877,0.04463793570175767,0.09738598205149174,0.0,0.0,0.0,0.0,0.0,18473,global,0.0
2,5,lr5e-05_bs16_drop0p2_temp2p0_a0p25_b0p05__wd1e-04trmiss0_degmodglobal,16,5e-05,0.0001,0.2,2.0,0.25,0.05,lr5e-05_bs16_drop0p2_temp2p0_a0p25_b0p05__wd1e-04trmiss0_degmodglobal,14,0.5886906087398529,0.6415404081344604,0.7222222222222222,0.8828362995029664,0.6153846153846154,0.0,0.609569326043129,0.5743453949689865,0.03813190618529916,0.09624416753649712,0.0,0.0,0.0,0.0,0.0,18473,global,0.0
2,5,lr5e-05_bs16_drop0p2_temp2p0_a0p25_b0p05__wd1e-04trmiss0_degmodglobal,16,5e-05,0.0001,0.2,2.0,0.25,0.05,lr5e-05_bs16_drop0p2_temp2p0_a0p25_b0p05__wd1e-04trmiss0_degmodglobal,15,0.6006879508495331,0.6376121640205383,0.7222222222222222,0.8828362995029664,0.6923076923076923,0.0,0.5964640080928802,0.5896248072385788,0.030005707405507565,0.07123455125838518,0.0,0.0,0.0,0.0,0.0,18473,global,0.0
2,5,lr5e-05_bs16_drop0p2_temp2p0_a0p25_b0p05__wd1e-04trmiss0_degmodglobal,16,5e-05,0.0001,0.2,2.0,0.25,0.05,lr5e-05_bs16_drop0p2_temp2p0_a0p25_b0p05__wd1e-04trmiss0_degmodglobal,16,0.6070779263973236,0.6437989473342896,0.6944444444444444,0.8741943241943244,0.6153846153846154,0.0,0.5926488190889359,0.596718043088913,0.03045625751838088,0.05491646286100149,0.0,0.0,0.0,0.0,0.0,18473,global,0.0
2,5,lr5e-05_bs16_drop0p2_temp2p0_a0p25_b0p05__wd1e-04trmiss0_degmodglobal,16,5e-05,0.0001,0.2,2.0,0.25,0.05,lr5e-05_bs16_drop0p2_temp2p0_a0p25_b0p05__wd1e-04trmiss0_degmodglobal,17,0.5657355785369873,0.6372880339622498,0.7222222222222222,0.8790123456790124,0.7692307692307693,0.0,0.5882056802511215,0.5528697669506073,0.033570230938494205,0.08946499694138765,0.0,0.0,0.0,0.0,0.0,18473,global,0.0
2,5,lr5e-05_bs16_drop0p2_temp2p0_a0p25_b0p05__wd1e-04trmiss0_degmodglobal,16,5e-05,0.0001,0.2,2.0,0.25,0.05,lr5e-05_bs16_drop0p2_temp2p0_a0p25_b0p05__wd1e-04trmiss0_degmodglobal,18,0.5640588253736496,0.6344117522239685,0.7222222222222222,0.8790123456790124,0.7692307692307693,0.0,0.586902529001236,0.5528511106967926,0.03153631091117859,0.06647293642163277,0.0,0.0,0.0,0.0,0.0,18473,global,0.0
2,5,lr5e-05_bs16_drop0p2_temp2p0_a0p25_b0p05__wd1e-04trmiss0_degmodglobal,16,5e-05,0.0001,0.2,2.0,0.25,0.05,lr5e-05_bs16_drop0p2_temp2p0_a0p25_b0p05__wd1e-04trmiss0_degmodglobal,19,0.5936086475849152,0.6402469277381897,0.6666666666666667,0.8622895622895623,0.6923076923076923,0.0,0.5857410430908203,0.5768970400094986,0.04765780549496412,0.09594271704554558,0.0,0.0,0.0,0.0,0.0,18473,global,0.0
2,5,lr5e-05_bs16_drop0p2_temp2p0_a0p25_b0p05__wd1e-04trmiss0_degmodglobal,16,5e-05,0.0001,0.2,2.0,0.25,0.05,lr5e-05_bs16_drop0p2_temp2p0_a0p25_b0p05__wd1e-04trmiss0_degmodglobal,20,0.5589031428098679,0.6347687840461731,0.6388888888888888,0.8400673400673402,0.7692307692307693,0.0,0.5658595860004425,0.5482084006071091,0.03005686029791832,0.06361021008342505,0.0,0.0,0.0,0.0,0.0,18473,global,0.0
2,5,lr5e-05_bs16_drop0p2_temp2p0_a0p25_b0p05__wd1e-04trmiss0_degmodglobal,16,5e-05,0.0001,0.2,2.0,0.25,0.05,lr5e-05_bs16_drop0p2_temp2p0_a0p25_b0p05__wd1e-04trmiss0_degmodglobal,21,0.5762752294540405,0.6371843218803406,0.6388888888888888,0.8400673400673402,0.7692307692307693,0.0,0.5863218754529953,0.5639401823282242,0.03412939654663205,0.07605395652353764,0.0,0.0,0.0,0.0,0.0,18473,global,0.0
2,5,lr5e-05_bs16_drop0p2_temp2p0_a0p25_b0p05__wd1e-04trmiss0_degmodglobal,16,5e-05,0.0001,0.2,2.0,0.25,0.05,lr5e-05_bs16_drop0p2_temp2p0_a0p25_b0p05__wd1e-04trmiss0_degmodglobal,22,0.573565274477005,0.6425885558128357,0.6944444444444444,0.8709315375982045,0.6153846153846154,0.0,0.5781268924474716,0.5637961626052856,0.02922135917469859,0.049275471828877926,0.0,0.0,0.0,0.0,0.0,18473,global,0.0
2,5,lr5e-05_bs16_drop0p2_temp2p0_a0p25_b0p05__wd1e-04trmiss0_degmodglobal,16,5e-05,0.0001,0.2,2.0,0.25,0.05,lr5e-05_bs16_drop0p2_temp2p0_a0p25_b0p05__wd1e-04trmiss0_degmodglobal,23,0.5992612093687057,0.6333068013191223,0.6666666666666666,0.851972101972102,0.7692307692307693,0.0,0.5841270536184311,0.5861081629991531,0.03439258597791195,0.09109818935394287,0.0,0.0,0.0,0.0,0.0,18473,global,0.0
2,5,lr5e-05_bs16_drop0p2_temp2p0_a0p25_b0p05__wd1e-04trmiss0_degmodglobal,16,5e-05,0.0001,0.2,2.0,0.25,0.05,lr5e-05_bs16_drop0p2_temp2p0_a0p25_b0p05__wd1e-04trmiss0_degmodglobal,24,0.5544974356889725,0.6341545581817627,0.6666666666666667,0.8622895622895623,0.7692307692307693,0.0,0.5764451324939728,0.5396515354514122,0.0355281182564795,0.11927748657763004,0.0,0.0,0.0,0.0,0.0,18473,global,0.0
2,5,lr5e-05_bs16_drop0p2_temp2p0_a0p25_b0p05__wd1e-04trmiss0_degmodglobal,16,5e-05,0.0001,0.2,2.0,0.25,0.05,lr5e-05_bs16_drop0p2_temp2p0_a0p25_b0p05__wd1e-04trmiss0_degmodglobal,25,0.5571736991405487,0.6337212324142456,0.6666666666666667,0.8622895622895623,0.7692307692307693,0.0,0.5589994043111801,0.5446553081274033,0.03466839995235205,0.07702597929164767,0.0,0.0,0.0,0.0,0.0,18473,global,0.0
2,5,lr5e-05_bs16_drop0p2_temp2p0_a0p25_b0p05__wd1e-04trmiss0_degmodglobal,16,5e-05,0.0001,0.2,2.0,0.25,0.05,lr5e-05_bs16_drop0p2_temp2p0_a0p25_b0p05__wd1e-04trmiss0_degmodglobal,26,0.6045538634061813,0.635524332523346,0.6666666666666667,0.8622895622895623,0.7692307692307693,0.0,0.5699107944965363,0.5897989124059677,0.042673620861023664,0.08173106983304024,0.0,0.0,0.0,0.0,0.0,18473,global,0.0
2,5,lr5e-05_bs16_drop0p2_temp2p0_a0p25_b0p05__wd1e-04trmiss0_degmodglobal,16,5e-05,0.0001,0.2,2.0,0.25,0.05,lr5e-05_bs16_drop0p2_temp2p0_a0p25_b0p05__wd1e-04trmiss0_degmodglobal,27,0.5681556165218353,0.634403645992279,0.6666666666666667,0.8622895622895623,0.6923076923076923,0.0,0.5570320636034012,0.555927500128746,0.03567762952297926,0.0661739632487297,0.0,0.0,0.0,0.0,0.0,18473,global,0.0
2,5,lr5e-05_bs16_drop0p2_temp2p0_a0p25_b0p05__wd1e-04trmiss0_degmodglobal,16,5e-05,0.0001,0.2,2.0,0.25,0.05,lr5e-05_bs16_drop0p2_temp2p0_a0p25_b0p05__wd1e-04trmiss0_degmodglobal,28,0.5685917288064957,0.6378942728042603,0.6388888888888888,0.8400673400673402,0.6923076923076923,0.0,0.5797475874423981,0.5555535405874252,0.03373580984771252,0.09208469279110432,0.0,0.0,0.0,0.0,0.0,18473,global,0.0
2,5,lr5e-05_bs16_drop0p2_temp2p0_a0p25_b0p05__wd1e-04trmiss0_degmodglobal,16,5e-05,0.0001,0.2,2.0,0.25,0.05,lr5e-05_bs16_drop0p2_temp2p0_a0p25_b0p05__wd1e-04trmiss0_degmodglobal,29,0.5330189764499664,0.6304553151130676,0.6666666666666667,0.8622895622895623,0.7692307692307693,0.0,0.5548355728387833,0.5192625820636749,0.04112699441611767,0.06949263252317905,0.0,0.0,0.0,0.0,0.0,18473,global,0.0
2,5,lr5e-05_bs16_drop0p2_temp2p0_a0p25_b0p05__wd1e-04trmiss0_degmodglobal,16,5e-05,0.0001,0.2,2.0,0.25,0.05,lr5e-05_bs16_drop0p2_temp2p0_a0p25_b0p05__wd1e-04trmiss0_degmodglobal,30,0.5501588433980942,0.6386195421218872,0.6666666666666667,0.8622895622895623,0.6923076923076923,0.0,0.5362588763237,0.5347666591405869,0.04236195329576731,0.09603413101285696,0.0,0.0,0.0,0.0,0.0,18473,global,0.0
2,5,lr5e-05_bs16_drop0p2_temp2p0_a0p25_b0p05__wd1e-04trmiss0_degmodglobal,16,5e-05,0.0001,0.2,2.0,0.25,0.05,lr5e-05_bs16_drop0p2_temp2p0_a0p25_b0p05__wd1e-04trmiss0_degmodglobal,31,0.5137340426445007,0.6467497944831848,0.7222222222222221,0.8686948853615521,0.6923076923076923,0.0,0.524874210357666,0.4997323080897331,0.0396143002435565,0.08196311257779598,0.0,0.0,0.0,0.0,0.0,18473,global,0.0
2,5,lr5e-05_bs16_drop0p4_temp1p0_a0p25_b0p05__wd1e-04trmiss0_degmodglobal,16,5e-05,0.0001,0.4,1.0,0.25,0.05,lr5e-05_bs16_drop0p4_temp1p0_a0p25_b0p05__wd1e-04trmiss0_degmodglobal,1,0.7262199968099594,0.7214722633361816,0.19444444444444442,0.5728506061839396,0.3076923076923077,0.0,0.6982278227806091,0.7012082934379578,0.06759167741984129,0.16227571293711662,0.0,0.0,0.0,0.0,0.0,18473,global,0.0
2,5,lr5e-05_bs16_drop0p4_temp1p0_a0p25_b0p05__wd1e-04trmiss0_degmodglobal,16,5e-05,0.0001,0.4,1.0,0.25,0.05,lr5e-05_bs16_drop0p4_temp1p0_a0p25_b0p05__wd1e-04trmiss0_degmodglobal,2,0.7010255455970764,0.7224863171577454,0.16666666666666666,0.5649140982474317,0.38461538461538464,0.0,0.6953855752944946,0.674487754702568,0.06591323018074036,0.201189698651433,0.0,0.0,0.0,0.0,0.0,18473,global,0.0
2,5,lr5e-05_bs16_drop0p4_temp1p0_a0p25_b0p05__wd1e-04trmiss0_degmodglobal,16,5e-05,0.0001,0.4,1.0,0.25,0.05,lr5e-05_bs16_drop0p4_temp1p0_a0p25_b0p05__wd1e-04trmiss0_degmodglobal,3,0.7024196088314056,0.72420334815979,0.16666666666666666,0.5649140982474317,0.38461538461538464,0.0,0.6407821178436279,0.6568721681833267,0.10685121640563011,0.376692820340395,0.0,0.0,0.0,0.0,0.0,18473,global,0.0
2,5,lr5e-05_bs16_drop0p4_temp1p0_a0p25_b0p05__wd1e-04trmiss0_degmodglobal,16,5e-05,0.0001,0.4,1.0,0.25,0.05,lr5e-05_bs16_drop0p4_temp1p0_a0p25_b0p05__wd1e-04trmiss0_degmodglobal,4,0.6807143539190292,0.7245206236839294,0.16666666666666666,0.5649140982474317,0.38461538461538464,0.0,0.6686023026704788,0.6503340154886246,0.07505828235298395,0.23231537081301212,0.0,0.0,0.0,0.0,0.0,18473,global,0.0
2,5,lr5e-05_bs16_drop0p4_temp1p0_a0p25_b0p05__wd1e-04trmiss0_degmodglobal,16,5e-05,0.0001,0.4,1.0,0.25,0.05,lr5e-05_bs16_drop0p4_temp1p0_a0p25_b0p05__wd1e-04trmiss0_degmodglobal,5,0.6831679940223694,0.7223653197288513,0.1388888888888889,0.5538029871363206,0.38461538461538464,0.0,0.6534299254417419,0.6466976255178452,0.08769179694354534,0.2909484878182411,0.0,0.0,0.0,0.0,0.0,18473,global,0.0
2,5,lr5e-05_bs16_drop0p4_temp1p0_a0p25_b0p05__wd1e-04trmiss0_degmodglobal,16,5e-05,0.0001,0.4,1.0,0.25,0.05,lr5e-05_bs16_drop0p4_temp1p0_a0p25_b0p05__wd1e-04trmiss0_degmodglobal,6,0.6532747149467468,0.7230709195137024,0.1388888888888889,0.5643849977183311,0.38461538461538464,0.0,0.6314426809549332,0.6288489550352097,0.06281232554465532,0.17445352114737034,0.0,0.0,0.0,0.0,0.0,18473,global,0.0
2,5,lr5e-05_bs16_drop0p4_temp1p0_a0p25_b0p05__wd1e-04trmiss0_degmodglobal,16,5e-05,0.0001,0.4,1.0,0.25,0.05,lr5e-05_bs16_drop0p4_temp1p0_a0p25_b0p05__wd1e-04trmiss0_degmodglobal,7,0.6418807506561279,0.7250028848648071,0.1388888888888889,0.5538029871363206,0.3076923076923077,0.0,0.6313787698745728,0.6184787750244141,0.06398895010352135,0.14809460379183292,0.0,0.0,0.0,0.0,0.0,18473,global,0.0
2,5,lr5e-05_bs16_drop0p4_temp1p0_a0p25_b0p05__wd1e-04trmiss0_degmodglobal,16,5e-05,0.0001,0.4,1.0,0.25,0.05,lr5e-05_bs16_drop0p4_temp1p0_a0p25_b0p05__wd1e-04trmiss0_degmodglobal,8,0.6899297535419464,0.7250522971153259,0.16666666666666669,0.5723215056548391,0.38461538461538464,0.0,0.5904485434293747,0.6489001214504242,0.10707404650747776,0.28522250428795815,0.0,0.0,0.0,0.0,0.0,18473,global,0.0
2,5,lr5e-05_bs16_drop0p4_temp1p0_a0p25_b0p05__wd1e-04trmiss0_degmodglobal,16,5e-05,0.0001,0.4,1.0,0.25,0.05,lr5e-05_bs16_drop0p4_temp1p0_a0p25_b0p05__wd1e-04trmiss0_degmodglobal,9,0.6496004909276962,0.7197409868240356,0.19444444444444442,0.5908400241733576,0.46153846153846156,0.0,0.6249289363622665,0.6216270625591278,0.07426782697439194,0.1881294883787632,0.0,0.0,0.0,0.0,0.0,18473,global,0.0
2,5,lr5e-05_bs16_drop0p4_temp1p0_a0p25_b0p05__wd1e-04trmiss0_degmodglobal,16,5e-05,0.0001,0.4,1.0,0.25,0.05,lr5e-05_bs16_drop0p4_temp1p0_a0p25_b0p05__wd1e-04trmiss0_degmodglobal,10,0.6415263414382935,0.7209134697914124,0.19444444444444442,0.5908400241733576,0.46153846153846156,0.0,0.6541928350925446,0.6120170801877975,0.07488581538200378,0.215755982324481,0.0,0.0,0.0,0.0,0.0,18473,global,0.0
2,5,lr5e-05_bs16_drop0p4_temp1p0_a0p25_b0p05__wd1e-04trmiss0_degmodglobal,16,5e-05,0.0001,0.4,1.0,0.25,0.05,lr5e-05_bs16_drop0p4_temp1p0_a0p25_b0p05__wd1e-04trmiss0_degmodglobal,11,0.6445469558238983,0.7199236154556274,0.19444444444444442,0.5908400241733576,0.46153846153846156,0.0,0.5785323679447174,0.6157587766647339,0.07328605372458696,0.20933346822857857,0.0,0.0,0.0,0.0,0.0,18473,global,0.0
2,5,lr5e-05_bs16_drop0p4_temp1p0_a0p25_b0p05__wd1e-04trmiss0_degmodglobal,16,5e-05,0.0001,0.4,1.0,0.25,0.05,lr5e-05_bs16_drop0p4_temp1p0_a0p25_b0p05__wd1e-04trmiss0_degmodglobal,12,0.644035741686821,0.7208356261253357,0.24999999999999997,0.6098876432209765,0.38461538461538464,0.0,0.569598913192749,0.6129678040742874,0.08271952159702778,0.2077612690627575,0.0,0.0,0.0,0.0,0.0,18473,global,0.0
2,5,lr5e-05_bs16_drop0p4_temp1p0_a0p25_b0p05__wd1e-04trmiss0_degmodglobal,16,5e-05,0.0001,0.4,1.0,0.25,0.05,lr5e-05_bs16_drop0p4_temp1p0_a0p25_b0p05__wd1e-04trmiss0_degmodglobal,13,0.6263216137886047,0.7211089134216309,0.2222222222222222,0.6019511352844686,0.38461538461538464,0.0,0.6256995499134064,0.5909792333841324,0.09685641340911388,0.2225656770169735,0.0,0.0,0.0,0.0,0.0,18473,global,0.0
2,5,lr5e-05_bs16_drop0p4_temp1p0_a0p25_b0p05__wd1e-04trmiss0_degmodglobal,16,5e-05,0.0001,0.4,1.0,0.25,0.05,lr5e-05_bs16_drop0p4_temp1p0_a0p25_b0p05__wd1e-04trmiss0_degmodglobal,14,0.6290378272533417,0.7197445034980774,0.3055555555555556,0.6342703592703594,0.38461538461538464,0.0,0.6247872859239578,0.6054829210042953,0.07127372734248638,0.11472944915294647,0.0,0.0,0.0,0.0,0.0,18473,global,0.0
2,5,lr5e-05_bs16_drop0p4_temp1p0_a0p25_b0p05__wd1e-04trmiss0_degmodglobal,16,5e-05,0.0001,0.4,1.0,0.25,0.05,lr5e-05_bs16_drop0p4_temp1p0_a0p25_b0p05__wd1e-04trmiss0_degmodglobal,15,0.6227465718984604,0.7211070656776428,0.3055555555555555,0.6371363204696538,0.38461538461538464,0.0,0.5905507355928421,0.5979273468255997,0.06384064070880413,0.1771809719502926,0.0,0.0,0.0,0.0,0.0,18473,global,0.0
2,5,lr5e-05_bs16_drop0p4_temp1p0_a0p25_b0p05__wd1e-04trmiss0_degmodglobal,16,5e-05,0.0001,0.4,1.0,0.25,0.05,lr5e-05_bs16_drop0p4_temp1p0_a0p25_b0p05__wd1e-04trmiss0_degmodglobal,16,0.6158310025930405,0.7209124565124512,0.3333333333333333,0.6448523698523699,0.38461538461538464,0.0,0.6120299696922302,0.5852307975292206,0.08123154938220978,0.20584640465676785,0.0,0.0,0.0,0.0,0.0,18473,global,0.0
2,5,lr5e-05_bs16_drop0p4_temp1p0_a0p25_b0p05__wd1e-04trmiss0_degmodglobal,16,5e-05,0.0001,0.4,1.0,0.25,0.05,lr5e-05_bs16_drop0p4_temp1p0_a0p25_b0p05__wd1e-04trmiss0_degmodglobal,17,0.6506300866603851,0.7218111753463745,0.3055555555555555,0.6371363204696538,0.3076923076923077,0.0,0.5761703103780746,0.6270547956228256,0.05833375174552202,0.17983710765838623,0.0,0.0,0.0,0.0,0.0,18473,global,0.0
2,5,lr5e-05_bs16_drop0p4_temp1p0_a0p25_b0p05__wd1e-04trmiss0_degmodglobal,16,5e-05,0.0001,0.4,1.0,0.25,0.05,lr5e-05_bs16_drop0p4_temp1p0_a0p25_b0p05__wd1e-04trmiss0_degmodglobal,18,0.6115952581167221,0.7193517088890076,0.3055555555555555,0.6371363204696538,0.38461538461538464,0.0,0.5691675692796707,0.5788643658161163,0.08426291588693857,0.23330317437648773,0.0,0.0,0.0,0.0,0.0,18473,global,0.0
2,5,lr5e-05_bs16_drop0p4_temp1p0_a0p25_b0p05__wd1e-04trmiss0_degmodglobal,16,5e-05,0.0001,0.4,1.0,0.25,0.05,lr5e-05_bs16_drop0p4_temp1p0_a0p25_b0p05__wd1e-04trmiss0_degmodglobal,19,0.6030887365341187,0.7200242877006531,0.3333333333333333,0.6448523698523699,0.38461538461538464,0.0,0.5685019344091415,0.5751605331897736,0.07464328687638044,0.18534752912819386,0.0,0.0,0.0,0.0,0.0,18473,global,0.0
2,5,lr5e-05_bs16_drop0p4_temp1p0_a0p25_b0p05__wd1e-04trmiss0_degmodglobal,16,5e-05,0.0001,0.4,1.0,0.25,0.05,lr5e-05_bs16_drop0p4_temp1p0_a0p25_b0p05__wd1e-04trmiss0_degmodglobal,20,0.6478983610868454,0.7197772264480591,0.3055555555555555,0.6371363204696538,0.38461538461538464,0.0,0.5464702248573303,0.604232668876648,0.10829703137278557,0.33182835206389427,0.0,0.0,0.0,0.0,0.0,18473,global,0.0
2,5,lr5e-05_bs16_drop0p4_temp1p0_a0p25_b0p05__wd1e-04trmiss0_degmodglobal,16,5e-05,0.0001,0.4,1.0,0.25,0.05,lr5e-05_bs16_drop0p4_temp1p0_a0p25_b0p05__wd1e-04trmiss0_degmodglobal,21,0.6179327517747879,0.7177303433418274,0.3055555555555555,0.6371363204696538,0.38461538461538464,0.0,0.5630940496921539,0.5756326615810394,0.11781018693000078,0.25695124035701156,0.0,0.0,0.0,0.0,0.0,18473,global,0.0
2,5,lr5e-05_bs16_drop0p4_temp1p0_a0p25_b0p05__wd1e-04trmiss0_degmodglobal,16,5e-05,0.0001,0.4,1.0,0.25,0.05,lr5e-05_bs16_drop0p4_temp1p0_a0p25_b0p05__wd1e-04trmiss0_degmodglobal,22,0.6636724472045898,0.7231931090354919,0.3055555555555556,0.6281857031857032,0.38461538461538464,0.0,0.5860882103443146,0.6273022890090942,0.09196433238685131,0.2675818996503949,0.0,0.0,0.0,0.0,0.0,18473,global,0.0
2,5,lr5e-05_bs16_drop0p4_temp1p0_a0p25_b0p05__wd1e-04trmiss0_degmodglobal,16,5e-05,0.0001,0.4,1.0,0.25,0.05,lr5e-05_bs16_drop0p4_temp1p0_a0p25_b0p05__wd1e-04trmiss0_degmodglobal,23,0.6027176827192307,0.7202505469322205,0.3055555555555556,0.6281857031857032,0.38461538461538464,0.0,0.5697762966156006,0.5722954124212265,0.08496683090925217,0.183611411601305,0.0,0.0,0.0,0.0,0.0,18473,global,0.0
2,5,lr5e-05_bs16_drop0p4_temp1p0_a0p25_b0p05__wd1e-04trmiss0_degmodglobal,16,5e-05,0.0001,0.4,1.0,0.25,0.05,lr5e-05_bs16_drop0p4_temp1p0_a0p25_b0p05__wd1e-04trmiss0_degmodglobal,24,0.6676912009716034,0.717870831489563,0.3055555555555556,0.6281857031857032,0.38461538461538464,0.0,0.530584529042244,0.6210808902978897,0.11469931155443192,0.35870955884456635,0.0,0.0,0.0,0.0,0.0,18473,global,0.0
2,5,lr5e-05_bs16_drop0p4_temp1p0_a0p25_b0p05__wd1e-04trmiss0_degmodglobal,16,5e-05,0.0001,0.4,1.0,0.25,0.05,lr5e-05_bs16_drop0p4_temp1p0_a0p25_b0p05__wd1e-04trmiss0_degmodglobal,25,0.6322609782218933,0.7188790440559387,0.3333333333333333,0.6448523698523699,0.38461538461538464,0.0,0.566983699798584,0.5874272286891937,0.11588124372065067,0.31726930290460587,0.0,0.0,0.0,0.0,0.0,18473,global,0.0
2,5,lr5e-05_bs16_drop0p4_temp1p0_a0p25_b0p05__wd1e-04trmiss0_degmodglobal,16,5e-05,0.0001,0.4,1.0,0.25,0.05,lr5e-05_bs16_drop0p4_temp1p0_a0p25_b0p05__wd1e-04trmiss0_degmodglobal,26,0.6410547941923141,0.7178556323051453,0.3611111111111111,0.6547730047730048,0.46153846153846156,0.0,0.5268968045711517,0.601835161447525,0.10630300641059875,0.2528782933950424,0.0,0.0,0.0,0.0,0.0,18473,global,0.0
2,5,lr5e-05_bs16_drop0p4_temp1p0_a0p25_b0p05__wd1e-04trmiss0_degmodglobal,16,5e-05,0.0001,0.4,1.0,0.25,0.05,lr5e-05_bs16_drop0p4_temp1p0_a0p25_b0p05__wd1e-04trmiss0_degmodglobal,27,0.6247296333312988,0.7166097164154053,0.33333333333333337,0.6381063381063382,0.38461538461538464,0.0,0.5526061803102493,0.580548569560051,0.11247071903198957,0.321267981082201,0.0,0.0,0.0,0.0,0.0,18473,global,0.0
2,5,lr5e-05_bs16_drop0p4_temp1p0_a0p25_b0p05__wd1e-04trmiss0_degmodglobal,16,5e-05,0.0001,0.4,1.0,0.25,0.05,lr5e-05_bs16_drop0p4_temp1p0_a0p25_b0p05__wd1e-04trmiss0_degmodglobal,28,0.6043271124362946,0.720543384552002,0.2777777777777778,0.6010693010693011,0.38461538461538464,0.0,0.5484248101711273,0.5787305682897568,0.06785952392965555,0.17263331823050976,0.0,0.0,0.0,0.0,0.0,18473,global,0.0
2,5,lr5e-05_bs16_drop0p4_temp1p0_a0p25_b0p05__wd1e-04trmiss0_degmodglobal,16,5e-05,0.0001,0.4,1.0,0.25,0.05,lr5e-05_bs16_drop0p4_temp1p0_a0p25_b0p05__wd1e-04trmiss0_degmodglobal,29,0.6280530840158463,0.7256374359130859,0.25,0.5911486661486662,0.46153846153846156,0.0,0.5962944328784943,0.6026920974254608,0.06984749715775251,0.15798248536884785,0.0,0.0,0.0,0.0,0.0,18473,global,0.0
2,5,lr5e-05_bs16_drop0p4_temp1p0_a0p25_b0p05__wd1e-04trmiss0_degmodglobal,16,5e-05,0.0001,0.4,1.0,0.25,0.05,lr5e-05_bs16_drop0p4_temp1p0_a0p25_b0p05__wd1e-04trmiss0_degmodglobal,30,0.6228463351726532,0.7273362278938293,0.2222222222222222,0.58343261676595,0.46153846153846156,0.0,0.57230044901371,0.5890431702136993,0.0778484158217907,0.28682106733322144,0.0,0.0,0.0,0.0,0.0,18473,global,0.0
2,5,lr5e-05_bs16_drop0p4_temp1p0_a0p25_b0p05__wd1e-04trmiss0_degmodglobal,16,5e-05,0.0001,0.4,1.0,0.25,0.05,lr5e-05_bs16_drop0p4_temp1p0_a0p25_b0p05__wd1e-04trmiss0_degmodglobal,31,0.6152163445949554,0.7260663509368896,0.3055555555555556,0.6195878195878197,0.46153846153846156,0.0,0.5550914853811264,0.5723581463098526,0.10637008026242256,0.3253136985003948,0.0,0.0,0.0,0.0,0.0,18473,global,0.0
2,5,lr5e-05_bs16_drop0p4_temp1p0_a0p25_b0p05__wd1e-04trmiss0_degmodglobal,16,5e-05,0.0001,0.4,1.0,0.25,0.05,lr5e-05_bs16_drop0p4_temp1p0_a0p25_b0p05__wd1e-04trmiss0_degmodglobal,32,0.6140032857656479,0.7290747165679932,0.25,0.5911486661486662,0.46153846153846156,0.0,0.5536353588104248,0.5821646302938461,0.08846134226769209,0.19446658995002508,0.0,0.0,0.0,0.0,0.0,18473,global,0.0
2,5,lr5e-05_bs16_drop0p4_temp1p0_a0p25_b0p05__wd1e-04trmiss0_degmodglobal,16,5e-05,0.0001,0.4,1.0,0.25,0.05,lr5e-05_bs16_drop0p4_temp1p0_a0p25_b0p05__wd1e-04trmiss0_degmodglobal,33,0.5676221996545792,0.7223595976829529,0.25,0.5911486661486662,0.46153846153846156,0.0,0.5334188491106033,0.5363598391413689,0.07247095368802547,0.2628926634788513,0.0,0.0,0.0,0.0,0.0,18473,global,0.0
2,5,lr5e-05_bs16_drop0p4_temp1p0_a0p25_b0p05__wd1e-04trmiss0_degmodglobal,16,5e-05,0.0001,0.4,1.0,0.25,0.05,lr5e-05_bs16_drop0p4_temp1p0_a0p25_b0p05__wd1e-04trmiss0_degmodglobal,34,0.5921365022659302,0.7226290702819824,0.2222222222222222,0.58343261676595,0.38461538461538464,0.0,0.5833632349967957,0.5679357051849365,0.06231659837067127,0.17243309505283833,0.0,0.0,0.0,0.0,0.0,18473,global,0.0
2,5,lr5e-05_bs16_drop0p4_temp1p0_a0p25_b0p05__wd1e-04trmiss0_degmodglobal,16,5e-05,0.0001,0.4,1.0,0.25,0.05,lr5e-05_bs16_drop0p4_temp1p0_a0p25_b0p05__wd1e-04trmiss0_degmodglobal,35,0.6216721385717392,0.7207227945327759,0.25,0.6019511352844686,0.38461538461538464,0.0,0.5297704711556435,0.5917048752307892,0.07944566011428833,0.20211680233478546,0.0,0.0,0.0,0.0,0.0,18473,global,0.0
2,5,lr5e-05_bs16_drop0p4_temp1p0_a0p25_b0p05__wd1e-04trmiss0_degmodglobal,16,5e-05,0.0001,0.4,1.0,0.25,0.05,lr5e-05_bs16_drop0p4_temp1p0_a0p25_b0p05__wd1e-04trmiss0_degmodglobal,36,0.5970803797245026,0.7242975234985352,0.2777777777777778,0.6204696538029871,0.46153846153846156,0.0,0.5857701450586319,0.5623354315757751,0.07805832754820585,0.30460716038942337,0.0,0.0,0.0,0.0,0.0,18473,global,0.0
2,5,lr5e-05_bs16_drop0p4_temp1p0_a0p25_b0p05__wd1e-04trmiss0_degmodglobal,16,5e-05,0.0001,0.4,1.0,0.25,0.05,lr5e-05_bs16_drop0p4_temp1p0_a0p25_b0p05__wd1e-04trmiss0_degmodglobal,37,0.5956657230854034,0.7215242385864258,0.2777777777777778,0.6096671846671847,0.46153846153846156,0.0,0.507700577378273,0.5618089437484741,0.08972468785941601,0.2285120114684105,0.0,0.0,0.0,0.0,0.0,18473,global,0.0
2,5,lr5e-05_bs16_drop0p4_temp1p0_a0p25_b0p05__wd1e-04trmiss0_degmodglobal,16,5e-05,0.0001,0.4,1.0,0.25,0.05,lr5e-05_bs16_drop0p4_temp1p0_a0p25_b0p05__wd1e-04trmiss0_degmodglobal,38,0.5987056940793991,0.7230401039123535,0.2777777777777778,0.6204696538029871,0.46153846153846156,0.0,0.5329893380403519,0.5585114061832428,0.1012269426137209,0.29775092005729675,0.0,0.0,0.0,0.0,0.0,18473,global,0.0
2,5,lr5e-05_bs16_drop0p4_temp1p0_a0p25_b0p05__wd1e-04trmiss0_degmodglobal,16,5e-05,0.0001,0.4,1.0,0.25,0.05,lr5e-05_bs16_drop0p4_temp1p0_a0p25_b0p05__wd1e-04trmiss0_degmodglobal,39,0.6139236688613892,0.7257554531097412,0.3055555555555556,0.6195878195878197,0.46153846153846156,0.0,0.5463807135820389,0.572482243180275,0.10299889743328094,0.3138338513672352,0.0,0.0,0.0,0.0,0.0,18473,global,0.0
2,5,lr5e-05_bs16_drop0p4_temp1p0_a0p25_b0p05__wd1e-04trmiss0_degmodglobal,16,5e-05,0.0001,0.4,1.0,0.25,0.05,lr5e-05_bs16_drop0p4_temp1p0_a0p25_b0p05__wd1e-04trmiss0_degmodglobal,40,0.5688606053590775,0.7243671417236328,0.3055555555555556,0.6195878195878197,0.46153846153846156,0.0,0.540364034473896,0.5411239415407181,0.07267044670879841,0.19138068705797195,0.0,0.0,0.0,0.0,0.0,18473,global,0.0
2,5,lr5e-05_bs16_drop0p4_temp1p0_a0p25_b0p05__wd1e-04trmiss0_degmodglobal,16,5e-05,0.0001,0.4,1.0,0.25,0.05,lr5e-05_bs16_drop0p4_temp1p0_a0p25_b0p05__wd1e-04trmiss0_degmodglobal,41,0.5871506631374359,0.7219388484954834,0.3055555555555556,0.6084767084767084,0.46153846153846156,0.0,0.533854752779007,0.5603763908147812,0.06875376310199499,0.1917166020721197,0.0,0.0,0.0,0.0,0.0,18473,global,0.0
2,5,lr5e-05_bs16_drop0p4_temp1p0_a0p25_b0p05__wd1e-04trmiss0_degmodglobal,16,5e-05,0.0001,0.4,1.0,0.25,0.05,lr5e-05_bs16_drop0p4_temp1p0_a0p25_b0p05__wd1e-04trmiss0_degmodglobal,42,0.6018703728914261,0.7186076641082764,0.3055555555555556,0.6084767084767084,0.46153846153846156,0.0,0.5501415431499481,0.5707107186317444,0.0816648630425334,0.21486902609467506,0.0,0.0,0.0,0.0,0.0,18473,global,0.0
2,5,lr5e-05_bs16_drop0p4_temp1p0_a0p25_b0p05__wd1e-04trmiss0_degmodglobal,16,5e-05,0.0001,0.4,1.0,0.25,0.05,lr5e-05_bs16_drop0p4_temp1p0_a0p25_b0p05__wd1e-04trmiss0_degmodglobal,43,0.6390979886054993,0.7221270799636841,0.2777777777777778,0.5985560735560735,0.46153846153846156,0.0,0.5233277231454849,0.6068679839372635,0.0844051968306303,0.22257409617304802,0.0,0.0,0.0,0.0,0.0,18473,global,0.0
2,5,lr5e-05_bs16_drop0p4_temp1p0_a0p25_b0p05__wd1e-04trmiss0_degmodglobal,16,5e-05,0.0001,0.4,1.0,0.25,0.05,lr5e-05_bs16_drop0p4_temp1p0_a0p25_b0p05__wd1e-04trmiss0_degmodglobal,44,0.6051127165555954,0.7197041511535645,0.3055555555555556,0.6084767084767084,0.46153846153846156,0.0,0.5541873872280121,0.576377272605896,0.07638619467616081,0.19277777895331383,0.0,0.0,0.0,0.0,0.0,18473,global,0.0
2,5,lr5e-05_bs16_drop0p4_temp1p0_a0p25_b0p05__wd1e-04trmiss0_degmodglobal,16,5e-05,0.0001,0.4,1.0,0.25,0.05,lr5e-05_bs16_drop0p4_temp1p0_a0p25_b0p05__wd1e-04trmiss0_degmodglobal,45,0.6078014969825745,0.7241922616958618,0.2777777777777778,0.6096671846671847,0.46153846153846156,0.0,0.5489882156252861,0.5675376206636429,0.1020030677318573,0.2952622417360544,0.0,0.0,0.0,0.0,0.0,18473,global,0.0
2,5,lr5e-05_bs16_drop0p4_temp1p0_a0p25_b0p05__wd1e-04trmiss0_degmodglobal,16,5e-05,0.0001,0.4,1.0,0.25,0.05,lr5e-05_bs16_drop0p4_temp1p0_a0p25_b0p05__wd1e-04trmiss0_degmodglobal,46,0.6006801873445511,0.7197851538658142,0.3055555555555556,0.6170745920745921,0.46153846153846156,0.0,0.5297518894076347,0.5763389319181442,0.05987546034157276,0.18744799122214317,0.0,0.0,0.0,0.0,0.0,18473,global,0.0
2,5,lr5e-05_bs16_drop0p4_temp2p0_a0p25_b0p05__wd1e-04trmiss0_degmodglobal,16,5e-05,0.0001,0.4,2.0,0.25,0.05,lr5e-05_bs16_drop0p4_temp2p0_a0p25_b0p05__wd1e-04trmiss0_degmodglobal,1,0.7141418009996414,0.6565871834754944,0.8055555555555556,0.9355089355089357,0.6923076923076923,0.0,0.7530985921621323,0.679915189743042,0.0760530810803175,0.3042667284607887,0.0,0.0,0.0,0.0,0.0,18473,global,0.0
2,5,lr5e-05_bs16_drop0p4_temp2p0_a0p25_b0p05__wd1e-04trmiss0_degmodglobal,16,5e-05,0.0001,0.4,2.0,0.25,0.05,lr5e-05_bs16_drop0p4_temp2p0_a0p25_b0p05__wd1e-04trmiss0_degmodglobal,2,0.6668374240398407,0.6568018198013306,0.8055555555555556,0.9355089355089357,0.6153846153846154,0.0,0.7234603017568588,0.6417369097471237,0.058357265777885914,0.2102239429950714,0.0,0.0,0.0,0.0,0.0,18473,global,0.0
2,5,lr5e-05_bs16_drop0p4_temp2p0_a0p25_b0p05__wd1e-04trmiss0_degmodglobal,16,5e-05,0.0001,0.4,2.0,0.25,0.05,lr5e-05_bs16_drop0p4_temp2p0_a0p25_b0p05__wd1e-04trmiss0_degmodglobal,3,0.6448134928941727,0.6547160744667053,0.75,0.9108175774842442,0.6923076923076923,0.0,0.726584330201149,0.6135312914848328,0.07201913744211197,0.2655483968555927,0.0,0.0,0.0,0.0,0.0,18473,global,0.0
2,5,lr5e-05_bs16_drop0p4_temp2p0_a0p25_b0p05__wd1e-04trmiss0_degmodglobal,16,5e-05,0.0001,0.4,2.0,0.25,0.05,lr5e-05_bs16_drop0p4_temp2p0_a0p25_b0p05__wd1e-04trmiss0_degmodglobal,4,0.6282462775707245,0.6542678475379944,0.7222222222222222,0.9021756021756022,0.6923076923076923,0.0,0.6609132438898087,0.6019283384084702,0.06569903157651424,0.19786405749619007,0.0,0.0,0.0,0.0,0.0,18473,global,0.0
2,5,lr5e-05_bs16_drop0p4_temp2p0_a0p25_b0p05__wd1e-04trmiss0_degmodglobal,16,5e-05,0.0001,0.4,2.0,0.25,0.05,lr5e-05_bs16_drop0p4_temp2p0_a0p25_b0p05__wd1e-04trmiss0_degmodglobal,5,0.6320420950651169,0.6503195762634277,0.6944444444444444,0.8863025863025864,0.6923076923076923,0.0,0.6483896821737289,0.6021229177713394,0.07413049507886171,0.2277311086654663,0.0,0.0,0.0,0.0,0.0,18473,global,0.0
2,5,lr5e-05_bs16_drop0p4_temp2p0_a0p25_b0p05__wd1e-04trmiss0_degmodglobal,16,5e-05,0.0001,0.4,2.0,0.25,0.05,lr5e-05_bs16_drop0p4_temp2p0_a0p25_b0p05__wd1e-04trmiss0_degmodglobal,6,0.6431075781583786,0.6480762958526611,0.6944444444444444,0.8863025863025864,0.6923076923076923,0.0,0.6280391216278076,0.6148890852928162,0.07044590916484594,0.21214018017053604,0.0,0.0,0.0,0.0,0.0,18473,global,0.0
2,5,lr5e-05_bs16_drop0p4_temp2p0_a0p25_b0p05__wd1e-04trmiss0_degmodglobal,16,5e-05,0.0001,0.4,2.0,0.25,0.05,lr5e-05_bs16_drop0p4_temp2p0_a0p25_b0p05__wd1e-04trmiss0_degmodglobal,7,0.6350587904453278,0.6463527083396912,0.7222222222222222,0.9021756021756022,0.6923076923076923,0.0,0.6822001934051514,0.6025292575359344,0.07064655236899853,0.2973581999540329,0.0,0.0,0.0,0.0,0.0,18473,global,0.0
2,5,lr5e-05_bs16_drop0p4_temp2p0_a0p25_b0p05__wd1e-04trmiss0_degmodglobal,16,5e-05,0.0001,0.4,2.0,0.25,0.05,lr5e-05_bs16_drop0p4_temp2p0_a0p25_b0p05__wd1e-04trmiss0_degmodglobal,8,0.6050265431404114,0.6423616409301758,0.7222222222222222,0.9021756021756022,0.6923076923076923,0.0,0.6212678104639053,0.5776816457509995,0.061173949390649796,0.24102778732776642,0.0,0.0,0.0,0.0,0.0,18473,global,0.0
2,5,lr5e-05_bs16_drop0p4_temp2p0_a0p25_b0p05__wd1e-04trmiss0_degmodglobal,16,5e-05,0.0001,0.4,2.0,0.25,0.05,lr5e-05_bs16_drop0p4_temp2p0_a0p25_b0p05__wd1e-04trmiss0_degmodglobal,9,0.6180029213428497,0.6454030871391296,0.6944444444444444,0.8863025863025864,0.6153846153846154,0.0,0.6229839771986008,0.5884773582220078,0.06983850710093975,0.24131882563233376,0.0,0.0,0.0,0.0,0.0,18473,global,0.0
2,5,lr5e-05_bs16_drop0p4_temp2p0_a0p25_b0p05__wd1e-04trmiss0_degmodglobal,16,5e-05,0.0001,0.4,2.0,0.25,0.05,lr5e-05_bs16_drop0p4_temp2p0_a0p25_b0p05__wd1e-04trmiss0_degmodglobal,10,0.6184627711772919,0.6505181193351746,0.6111111111111112,0.8491452991452992,0.5384615384615384,0.0,0.693581610918045,0.5848757922649384,0.06760811433196068,0.33369895070791245,0.0,0.0,0.0,0.0,0.0,18473,global,0.0
2,5,lr5e-05_bs16_drop0p4_temp2p0_a0p25_b0p05__wd1e-04trmiss0_degmodglobal,16,5e-05,0.0001,0.4,2.0,0.25,0.05,lr5e-05_bs16_drop0p4_temp2p0_a0p25_b0p05__wd1e-04trmiss0_degmodglobal,11,0.5822409987449646,0.6497634053230286,0.5833333333333333,0.8420745920745922,0.5384615384615384,0.0,0.6065422892570496,0.549917608499527,0.08222378510981798,0.23534907400608063,0.0,0.0,0.0,0.0,0.0,18473,global,0.0
2,5,lr5e-05_bs16_drop0p4_temp2p0_a0p25_b0p05__wd1e-04trmiss0_degmodglobal,16,5e-05,0.0001,0.4,2.0,0.25,0.05,lr5e-05_bs16_drop0p4_temp2p0_a0p25_b0p05__wd1e-04trmiss0_degmodglobal,12,0.6008457988500595,0.6446331739425659,0.6111111111111112,0.8605931105931108,0.5384615384615384,0.0,0.5884500741958618,0.5649383813142776,0.08443165011703968,0.2959902957081795,0.0,0.0,0.0,0.0,0.0,18473,global,0.0
2,5,lr5e-05_bs16_drop0p4_temp2p0_a0p25_b0p05__wd1e-04trmiss0_degmodglobal,16,5e-05,0.0001,0.4,2.0,0.25,0.05,lr5e-05_bs16_drop0p4_temp2p0_a0p25_b0p05__wd1e-04trmiss0_degmodglobal,13,0.5797125846147537,0.6419802904129028,0.6111111111111112,0.8605931105931108,0.5384615384615384,0.0,0.6125451177358627,0.549167275428772,0.08050854317843914,0.20836343988776207,0.0,0.0,0.0,0.0,0.0,18473,global,0.0
2,5,lr5e-05_bs16_drop0p4_temp2p0_a0p25_b0p05__wd1e-04trmiss0_degmodglobal,16,5e-05,0.0001,0.4,2.0,0.25,0.05,lr5e-05_bs16_drop0p4_temp2p0_a0p25_b0p05__wd1e-04trmiss0_degmodglobal,14,0.5737378150224686,0.6412677764892578,0.5833333333333333,0.8420745920745922,0.5384615384615384,0.0,0.5891481190919876,0.5379807353019714,0.09117679297924042,0.259257186204195,0.0,0.0,0.0,0.0,0.0,18473,global,0.0
2,5,lr5e-05_bs16_drop0p4_temp2p0_a0p25_b0p05__wd1e-04trmiss0_degmodglobal,16,5e-05,0.0001,0.4,2.0,0.25,0.05,lr5e-05_bs16_drop0p4_temp2p0_a0p25_b0p05__wd1e-04trmiss0_degmodglobal,15,0.5774897783994675,0.6382786631584167,0.6388888888888888,0.8676638176638178,0.5384615384615384,0.0,0.5508152469992638,0.5464010387659073,0.0764867439866066,0.2393409088253975,0.0,0.0,0.0,0.0,0.0,18473,global,0.0
2,5,lr5e-05_bs16_drop0p4_temp2p0_a0p25_b0p05__wd1e-04trmiss0_degmodglobal,16,5e-05,0.0001,0.4,2.0,0.25,0.05,lr5e-05_bs16_drop0p4_temp2p0_a0p25_b0p05__wd1e-04trmiss0_degmodglobal,16,0.5906480699777603,0.6316695809364319,0.6944444444444444,0.8882105548772217,0.5384615384615384,0.0,0.5688428431749344,0.5543582141399384,0.09163691475987434,0.26761259511113167,0.0,0.0,0.0,0.0,0.0,18473,global,0.0
2,5,lr5e-05_bs16_drop0p4_temp2p0_a0p25_b0p05__wd1e-04trmiss0_degmodglobal,16,5e-05,0.0001,0.4,2.0,0.25,0.05,lr5e-05_bs16_drop0p4_temp2p0_a0p25_b0p05__wd1e-04trmiss0_degmodglobal,17,0.554227665066719,0.6235634684562683,0.7777777777777778,0.928774928774929,0.6153846153846154,0.0,0.5840800255537033,0.5244631767272949,0.07366443052887917,0.22696761786937714,0.0,0.0,0.0,0.0,0.0,18473,global,0.0
2,5,lr5e-05_bs16_drop0p4_temp2p0_a0p25_b0p05__wd1e-04trmiss0_degmodglobal,16,5e-05,0.0001,0.4,2.0,0.25,0.05,lr5e-05_bs16_drop0p4_temp2p0_a0p25_b0p05__wd1e-04trmiss0_degmodglobal,18,0.5756978392601013,0.632148027420044,0.6666666666666667,0.8763057929724598,0.6923076923076923,0.0,0.5872906893491745,0.551843985915184,0.055920425336807966,0.19747490622103214,0.0,0.0,0.0,0.0,0.0,18473,global,0.0
2,5,lr5e-05_bs16_drop0p4_temp2p0_a0p25_b0p05__wd1e-04trmiss0_degmodglobal,16,5e-05,0.0001,0.4,2.0,0.25,0.05,lr5e-05_bs16_drop0p4_temp2p0_a0p25_b0p05__wd1e-04trmiss0_degmodglobal,19,0.5716822296380997,0.6346950531005859,0.6666666666666667,0.8763057929724598,0.5384615384615384,0.0,0.5574218034744263,0.5405102521181107,0.07627040008082986,0.24208750575780869,0.0,0.0,0.0,0.0,0.0,18473,global,0.0
2,5,lr5e-05_bs16_drop0p4_temp2p0_a0p25_b0p05__wd1e-04trmiss0_degmodglobal,16,5e-05,0.0001,0.4,2.0,0.25,0.05,lr5e-05_bs16_drop0p4_temp2p0_a0p25_b0p05__wd1e-04trmiss0_degmodglobal,20,0.5788422673940659,0.6379632949829102,0.6666666666666667,0.8763057929724598,0.6923076923076923,0.0,0.5880831032991409,0.5485281571745872,0.06814872659742832,0.2655391991138458,0.0,0.0,0.0,0.0,0.0,18473,global,0.0
2,5,lr5e-05_bs16_drop0p4_temp2p0_a0p25_b0p05__wd1e-04trmiss0_degmodglobal,16,5e-05,0.0001,0.4,2.0,0.25,0.05,lr5e-05_bs16_drop0p4_temp2p0_a0p25_b0p05__wd1e-04trmiss0_degmodglobal,21,0.5940999239683151,0.636626124382019,0.6944444444444444,0.8830397997064665,0.6923076923076923,0.0,0.5902571156620979,0.5620618313550949,0.07687394227832556,0.2563927173614502,0.0,0.0,0.0,0.0,0.0,18473,global,0.0
2,5,lr5e-05_bs16_drop0p4_temp2p0_a0p25_b0p05__wd1e-04trmiss0_degmodglobal,16,5e-05,0.0001,0.4,2.0,0.25,0.05,lr5e-05_bs16_drop0p4_temp2p0_a0p25_b0p05__wd1e-04trmiss0_degmodglobal,22,0.600743442773819,0.6371423602104187,0.7222222222222222,0.8911206077872746,0.6923076923076923,0.0,0.5869832560420036,0.5644860714673996,0.08828035090118647,0.28374575823545456,0.0,0.0,0.0,0.0,0.0,18473,global,0.0
2,5,lr5e-05_bs16_drop0p4_temp2p0_a0p25_b0p05__wd1e-04trmiss0_degmodglobal,16,5e-05,0.0001,0.4,2.0,0.25,0.05,lr5e-05_bs16_drop0p4_temp2p0_a0p25_b0p05__wd1e-04trmiss0_degmodglobal,23,0.5654873549938202,0.6304354071617126,0.7222222222222222,0.8911206077872746,0.6923076923076923,0.0,0.5688047856092453,0.5384075790643692,0.06590956449508667,0.21204776503145695,0.0,0.0,0.0,0.0,0.0,18473,global,0.0
2,5,lr5e-05_bs16_drop0p4_temp2p0_a0p25_b0p05__wd1e-04trmiss0_degmodglobal,16,5e-05,0.0001,0.4,2.0,0.25,0.05,lr5e-05_bs16_drop0p4_temp2p0_a0p25_b0p05__wd1e-04trmiss0_degmodglobal,24,0.5505477488040924,0.6245226263999939,0.7777777777777777,0.9138278388278389,0.6923076923076923,0.0,0.5395957231521606,0.5234504789113998,0.06572225037962198,0.2133343107998371,0.0,0.0,0.0,0.0,0.0,18473,global,0.0
2,5,lr5e-05_bs16_drop0p4_temp2p0_a0p25_b0p05__wd1e-04trmiss0_degmodglobal,16,5e-05,0.0001,0.4,2.0,0.25,0.05,lr5e-05_bs16_drop0p4_temp2p0_a0p25_b0p05__wd1e-04trmiss0_degmodglobal,25,0.5703919529914856,0.628126323223114,0.7777777777777777,0.9138278388278389,0.6923076923076923,0.0,0.5707658901810646,0.5415036529302597,0.0696296077221632,0.22961795702576637,0.0,0.0,0.0,0.0,0.0,18473,global,0.0
2,5,lr5e-05_bs16_drop0p4_temp2p0_a0p25_b0p05__wd1e-04trmiss0_degmodglobal,16,5e-05,0.0001,0.4,2.0,0.25,0.05,lr5e-05_bs16_drop0p4_temp2p0_a0p25_b0p05__wd1e-04trmiss0_degmodglobal,26,0.5526882112026215,0.6236010789871216,0.75,0.9057470307470308,0.6923076923076923,0.0,0.504148930311203,0.5236688107252121,0.07421702891588211,0.20930300652980804,0.0,0.0,0.0,0.0,0.0,18473,global,0.0
2,5,lr5e-05_bs16_drop0p4_temp2p0_a0p25_b0p05__wd1e-04trmiss0_degmodglobal,16,5e-05,0.0001,0.4,2.0,0.25,0.05,lr5e-05_bs16_drop0p4_temp2p0_a0p25_b0p05__wd1e-04trmiss0_degmodglobal,27,0.5548906177282333,0.6195476651191711,0.7222222222222223,0.8990130240130241,0.6923076923076923,0.0,0.5401133075356483,0.5257110819220543,0.06631805561482906,0.25200046598911285,0.0,0.0,0.0,0.0,0.0,18473,global,0.0
2,5,lr5e-05_bs16_drop0p4_temp2p0_a0p25_b0p05__wd1e-04trmiss0_degmodglobal,16,5e-05,0.0001,0.4,2.0,0.25,0.05,lr5e-05_bs16_drop0p4_temp2p0_a0p25_b0p05__wd1e-04trmiss0_degmodglobal,28,0.5573652386665344,0.6184174418449402,0.7777777777777778,0.928774928774929,0.6923076923076923,0.0,0.5330412909388542,0.5258002355694771,0.07262813113629818,0.2681596577167511,0.0,0.0,0.0,0.0,0.0,18473,global,0.0
2,5,lr5e-05_bs16_drop0p4_temp2p0_a0p25_b0p05__wd1e-04trmiss0_degmodglobal,16,5e-05,0.0001,0.4,2.0,0.25,0.05,lr5e-05_bs16_drop0p4_temp2p0_a0p25_b0p05__wd1e-04trmiss0_degmodglobal,29,0.5691229701042175,0.6158620119094849,0.7777777777777778,0.928774928774929,0.6923076923076923,0.0,0.5281584113836288,0.535938948392868,0.08329520747065544,0.2472042180597782,0.0,0.0,0.0,0.0,0.0,18473,global,0.0
2,5,lr5e-05_bs16_drop0p4_temp2p0_a0p25_b0p05__wd1e-04trmiss0_degmodglobal,16,5e-05,0.0001,0.4,2.0,0.25,0.05,lr5e-05_bs16_drop0p4_temp2p0_a0p25_b0p05__wd1e-04trmiss0_degmodglobal,30,0.5567756593227386,0.6138696074485779,0.7777777777777778,0.928774928774929,0.5384615384615384,0.0,0.520304448902607,0.5326434224843979,0.05953082721680403,0.18499038368463516,0.0,0.0,0.0,0.0,0.0,18473,global,0.0
2,5,lr5e-05_bs16_drop0p4_temp2p0_a0p25_b0p05__wd1e-04trmiss0_degmodglobal,16,5e-05,0.0001,0.4,2.0,0.25,0.05,lr5e-05_bs16_drop0p4_temp2p0_a0p25_b0p05__wd1e-04trmiss0_degmodglobal,31,0.5270473510026932,0.6168463826179504,0.75,0.9148860398860401,0.6153846153846154,0.0,0.5225351378321648,0.49638617038726807,0.07657621521502733,0.2303427793085575,0.0,0.0,0.0,0.0,0.0,18473,global,0.0
2,5,lr5e-05_bs16_drop0p4_temp2p0_a0p25_b0p05__wd1e-04trmiss0_degmodglobal,16,5e-05,0.0001,0.4,2.0,0.25,0.05,lr5e-05_bs16_drop0p4_temp2p0_a0p25_b0p05__wd1e-04trmiss0_degmodglobal,32,0.5398792624473572,0.6192905902862549,0.75,0.9148860398860401,0.6923076923076923,0.0,0.5251723453402519,0.5097182244062424,0.07307816809043288,0.23783050663769245,0.0,0.0,0.0,0.0,0.0,18473,global,0.0
2,5,lr5e-05_bs16_drop0p4_temp2p0_a0p25_b0p05__wd1e-04trmiss0_degmodglobal,16,5e-05,0.0001,0.4,2.0,0.25,0.05,lr5e-05_bs16_drop0p4_temp2p0_a0p25_b0p05__wd1e-04trmiss0_degmodglobal,33,0.5629423409700394,0.6169076561927795,0.75,0.9148860398860401,0.6153846153846154,0.0,0.5265494734048843,0.5274843499064445,0.07351858355104923,0.3415665403008461,0.0,0.0,0.0,0.0,0.0,18473,global,0.0
2,5,lr5e-05_bs16_drop0p4_temp2p0_a0p25_b0p05__wd1e-04trmiss0_degmodglobal,16,5e-05,0.0001,0.4,2.0,0.25,0.05,lr5e-05_bs16_drop0p4_temp2p0_a0p25_b0p05__wd1e-04trmiss0_degmodglobal,34,0.5704479664564133,0.6220389604568481,0.75,0.9148860398860401,0.6923076923076923,0.0,0.5589729994535446,0.5326954498887062,0.09162384271621704,0.29693133383989334,0.0,0.0,0.0,0.0,0.0,18473,global,0.0
2,5,lr5e-05_bs16_drop0p4_temp2p0_a0p25_b0p05__wd1e-04trmiss0_degmodglobal,16,5e-05,0.0001,0.4,2.0,0.25,0.05,lr5e-05_bs16_drop0p4_temp2p0_a0p25_b0p05__wd1e-04trmiss0_degmodglobal,35,0.5091823861002922,0.6178359985351562,0.7777777777777778,0.9216200466200468,0.6923076923076923,0.0,0.5037003681063652,0.4841671511530876,0.06546426378190517,0.17298351973295212,0.0,0.0,0.0,0.0,0.0,18473,global,0.0
2,5,lr5e-05_bs16_drop0p4_temp2p0_a0p25_b0p05__wd1e-04trmiss0_degmodglobal,16,5e-05,0.0001,0.4,2.0,0.25,0.05,lr5e-05_bs16_drop0p4_temp2p0_a0p25_b0p05__wd1e-04trmiss0_degmodglobal,36,0.5475548505783081,0.6190210580825806,0.7777777777777778,0.9216200466200468,0.6923076923076923,0.0,0.5372193455696106,0.5062244161963463,0.09614744037389755,0.34587154537439346,0.0,0.0,0.0,0.0,0.0,18473,global,0.0
2,5,lr5e-05_bs16_drop0p4_temp2p0_a0p25_b0p05__wd1e-04trmiss0_degmodglobal,16,5e-05,0.0001,0.4,2.0,0.25,0.05,lr5e-05_bs16_drop0p4_temp2p0_a0p25_b0p05__wd1e-04trmiss0_degmodglobal,37,0.5317027270793915,0.6263716816902161,0.7222222222222223,0.8872285122285124,0.6923076923076923,0.0,0.5207244083285332,0.4956253468990326,0.08409158140420914,0.3010895736515522,0.0,0.0,0.0,0.0,0.0,18473,global,0.0
2,5,lr5e-05_bs16_drop0p4_temp2p0_a0p25_b0p05__wd1e-04trmiss0_degmodglobal,16,5e-05,0.0001,0.4,2.0,0.25,0.05,lr5e-05_bs16_drop0p4_temp2p0_a0p25_b0p05__wd1e-04trmiss0_degmodglobal,38,0.542770192027092,0.6259467005729675,0.7222222222222223,0.8872285122285124,0.6923076923076923,0.0,0.4838450253009796,0.5081680193543434,0.09142440371215343,0.2349213920533657,0.0,0.0,0.0,0.0,0.0,18473,global,0.0
2,5,lr5e-05_bs16_drop0p4_temp2p0_a0p25_b0p05__wd1e-04trmiss0_degmodglobal,16,5e-05,0.0001,0.4,2.0,0.25,0.05,lr5e-05_bs16_drop0p4_temp2p0_a0p25_b0p05__wd1e-04trmiss0_degmodglobal,39,0.5355276018381119,0.6211649179458618,0.75,0.8953093203093205,0.6923076923076923,0.0,0.5115622654557228,0.504080094397068,0.07979792729020119,0.22996077686548233,0.0,0.0,0.0,0.0,0.0,18473,global,0.0
2,5,lr5e-05_bs16_drop0p4_temp2p0_a0p25_b0p05__wd1e-04trmiss0_degmodglobal,16,5e-05,0.0001,0.4,2.0,0.25,0.05,lr5e-05_bs16_drop0p4_temp2p0_a0p25_b0p05__wd1e-04trmiss0_degmodglobal,40,0.5384695008397102,0.6247503757476807,0.7777777777777777,0.9138278388278389,0.6923076923076923,0.0,0.5213142782449722,0.5053939819335938,0.08096381649374962,0.2566912267357111,0.0,0.0,0.0,0.0,0.0,18473,global,0.0
2,5,lr5e-05_bs16_drop0p4_temp2p0_a0p25_b0p05__wd1e-04trmiss0_degmodglobal,16,5e-05,0.0001,0.4,2.0,0.25,0.05,lr5e-05_bs16_drop0p4_temp2p0_a0p25_b0p05__wd1e-04trmiss0_degmodglobal,41,0.5508089959621429,0.6187695264816284,0.7777777777777777,0.9138278388278389,0.7692307692307693,0.0,0.4881937503814697,0.5123224779963493,0.08892719261348248,0.32509447634220123,0.0,0.0,0.0,0.0,0.0,18473,global,0.0
2,5,lr5e-05_bs16_drop0p4_temp2p0_a0p25_b0p05__wd1e-04trmiss0_degmodglobal,16,5e-05,0.0001,0.4,2.0,0.25,0.05,lr5e-05_bs16_drop0p4_temp2p0_a0p25_b0p05__wd1e-04trmiss0_degmodglobal,42,0.5619118809700012,0.6223935484886169,0.75,0.8953093203093205,0.6923076923076923,0.0,0.5309951603412628,0.517977386713028,0.10355147533118725,0.3609326332807541,0.0,0.0,0.0,0.0,0.0,18473,global,0.0
2,5,lr5e-05_bs16_drop0p4_temp2p0_a0p25_b0p05__wd1e-04trmiss0_degmodglobal,16,5e-05,0.0001,0.4,2.0,0.25,0.05,lr5e-05_bs16_drop0p4_temp2p0_a0p25_b0p05__wd1e-04trmiss0_degmodglobal,43,0.5218742936849594,0.6241621375083923,0.7222222222222222,0.8949445616112284,0.6923076923076923,0.0,0.5468949377536774,0.49528365582227707,0.0700053246691823,0.18178610689938068,0.0,0.0,0.0,0.0,0.0,18473,global,0.0
2,5,lr5e-05_bs16_drop0p4_temp2p0_a0p25_b0p05__wd1e-04trmiss0_degmodglobal,16,5e-05,0.0001,0.4,2.0,0.25,0.05,lr5e-05_bs16_drop0p4_temp2p0_a0p25_b0p05__wd1e-04trmiss0_degmodglobal,44,0.5440855324268341,0.6237848997116089,0.7222222222222222,0.8949445616112284,0.6923076923076923,0.0,0.5481850802898407,0.5002759620547295,0.10149293579161167,0.368726946413517,0.0,0.0,0.0,0.0,0.0,18473,global,0.0
2,5,lr5e-05_bs16_drop0p4_temp2p0_a0p25_b0p05__wd1e-04trmiss0_degmodglobal,16,5e-05,0.0001,0.4,2.0,0.25,0.05,lr5e-05_bs16_drop0p4_temp2p0_a0p25_b0p05__wd1e-04trmiss0_degmodglobal,45,0.5535116717219353,0.623336911201477,0.7222222222222222,0.8949445616112284,0.6923076923076923,0.0,0.5018116682767868,0.5226831883192062,0.07571881171315908,0.23797538504004478,0.0,0.0,0.0,0.0,0.0,18473,global,0.0
2,5,lr5e-05_bs16_drop0p4_temp2p0_a0p25_b0p05__wd1e-04trmiss0_degmodglobal,16,5e-05,0.0001,0.4,2.0,0.25,0.05,lr5e-05_bs16_drop0p4_temp2p0_a0p25_b0p05__wd1e-04trmiss0_degmodglobal,46,0.5309061110019684,0.6218494772911072,0.7222222222222222,0.8949445616112284,0.6923076923076923,0.0,0.49954788386821747,0.4932045713067055,0.08685605600476265,0.319750651717186,0.0,0.0,0.0,0.0,0.0,18473,global,0.0
2,5,lr5e-05_bs16_drop0p4_temp2p0_a0p25_b0p05__wd1e-04trmiss0_degmodglobal,16,5e-05,0.0001,0.4,2.0,0.25,0.05,lr5e-05_bs16_drop0p4_temp2p0_a0p25_b0p05__wd1e-04trmiss0_degmodglobal,47,0.49838754534721375,0.6227095723152161,0.7222222222222222,0.8949445616112284,0.6923076923076923,0.0,0.5029245242476463,0.47086001932621,0.06587228644639254,0.22118913009762764,0.0,0.0,0.0,0.0,0.0,18473,global,0.0
2,5,lr5e-05_bs16_drop0p4_temp2p0_a0p25_b0p05__wd1e-04trmiss0_degmodglobal,16,5e-05,0.0001,0.4,2.0,0.25,0.05,lr5e-05_bs16_drop0p4_temp2p0_a0p25_b0p05__wd1e-04trmiss0_degmodglobal,48,0.5235380679368973,0.6219096779823303,0.75,0.9108175774842442,0.6923076923076923,0.0,0.46543872356414795,0.4808915704488754,0.10207486897706985,0.3425554558634758,0.0,0.0,0.0,0.0,0.0,18473,global,0.0
2,5,lr5e-05_bs16_drop0p4_temp2p0_a0p25_b0p05__wd1e-04trmiss0_degmodglobal,16,5e-05,0.0001,0.4,2.0,0.25,0.05,lr5e-05_bs16_drop0p4_temp2p0_a0p25_b0p05__wd1e-04trmiss0_degmodglobal,49,0.5610265582799911,0.6224091649055481,0.75,0.9108175774842442,0.6153846153846154,0.0,0.4735901206731796,0.5181255713105202,0.10233549494296312,0.34634241461753845,0.0,0.0,0.0,0.0,0.0,18473,global,0.0
2,5,lr5e-05_bs16_drop0p4_temp2p0_a0p25_b0p05__wd1e-04trmiss0_degmodglobal,16,5e-05,0.0001,0.4,2.0,0.25,0.05,lr5e-05_bs16_drop0p4_temp2p0_a0p25_b0p05__wd1e-04trmiss0_degmodglobal,50,0.5129971578717232,0.6227701306343079,0.6944444444444444,0.8830397997064665,0.6923076923076923,0.0,0.4939766973257065,0.48849986493587494,0.06859613303095102,0.14696506643667817,0.0,0.0,0.0,0.0,0.0,18473,global,0.0
2,5,lr1e-05_bs16_drop0p2_temp1p0_a0p25_b0p05__wd1e-04trmiss0_degmodglobal,16,1e-05,0.0001,0.2,1.0,0.25,0.05,lr1e-05_bs16_drop0p2_temp1p0_a0p25_b0p05__wd1e-04trmiss0_degmodglobal,1,0.6934258788824081,0.6985004544258118,0.1388888888888889,0.5490851740851741,0.5384615384615384,0.0,0.6998631805181503,0.677143394947052,0.03929384145885706,0.12918051704764366,0.0,0.0,0.0,0.0,0.0,18473,global,0.0
2,5,lr1e-05_bs16_drop0p2_temp1p0_a0p25_b0p05__wd1e-04trmiss0_degmodglobal,16,1e-05,0.0001,0.2,1.0,0.25,0.05,lr1e-05_bs16_drop0p2_temp1p0_a0p25_b0p05__wd1e-04trmiss0_degmodglobal,2,0.7349224984645844,0.699611485004425,0.1388888888888889,0.5490851740851741,0.5384615384615384,0.0,0.6992922723293304,0.7223127484321594,0.030664983205497265,0.09887074772268534,0.0,0.0,0.0,0.0,0.0,18473,global,0.0
2,5,lr1e-05_bs16_drop0p2_temp1p0_a0p25_b0p05__wd1e-04trmiss0_degmodglobal,16,1e-05,0.0001,0.2,1.0,0.25,0.05,lr1e-05_bs16_drop0p2_temp1p0_a0p25_b0p05__wd1e-04trmiss0_degmodglobal,3,0.6981419622898102,0.7021582722663879,0.1388888888888889,0.5490851740851741,0.5384615384615384,0.0,0.706268385052681,0.6865262538194656,0.02887521917000413,0.08793818950653076,0.0,0.0,0.0,0.0,0.0,18473,global,0.0
2,5,lr1e-05_bs16_drop0p2_temp1p0_a0p25_b0p05__wd1e-04trmiss0_degmodglobal,16,1e-05,0.0001,0.2,1.0,0.25,0.05,lr1e-05_bs16_drop0p2_temp1p0_a0p25_b0p05__wd1e-04trmiss0_degmodglobal,4,0.68738654255867,0.7035638689994812,0.1388888888888889,0.5490851740851741,0.5384615384615384,0.0,0.6827761977910995,0.6749232560396194,0.030550146475434303,0.09651481825858355,0.0,0.0,0.0,0.0,0.0,18473,global,0.0
2,5,lr1e-05_bs16_drop0p2_temp1p0_a0p25_b0p05__wd1e-04trmiss0_degmodglobal,16,1e-05,0.0001,0.2,1.0,0.25,0.05,lr1e-05_bs16_drop0p2_temp1p0_a0p25_b0p05__wd1e-04trmiss0_degmodglobal,5,0.6914204657077789,0.7047232985496521,0.1388888888888889,0.5490851740851741,0.5384615384615384,0.0,0.6926674991846085,0.6780872344970703,0.032049866393208504,0.10641548503190279,0.0,0.0,0.0,0.0,0.0,18473,global,0.0
2,5,lr1e-05_bs16_drop0p2_temp1p0_a0p25_b0p05__wd1e-04trmiss0_degmodglobal,16,1e-05,0.0001,0.2,1.0,0.25,0.05,lr1e-05_bs16_drop0p2_temp1p0_a0p25_b0p05__wd1e-04trmiss0_degmodglobal,6,0.685297816991806,0.7035325169563293,0.1388888888888889,0.5490851740851741,0.5384615384615384,0.0,0.677657276391983,0.6722690314054489,0.03203311609104276,0.10040993057191372,0.0,0.0,0.0,0.0,0.0,18473,global,0.0
2,5,lr1e-05_bs16_drop0p2_temp1p0_a0p25_b0p05__wd1e-04trmiss0_degmodglobal,16,1e-05,0.0001,0.2,1.0,0.25,0.05,lr1e-05_bs16_drop0p2_temp1p0_a0p25_b0p05__wd1e-04trmiss0_degmodglobal,7,0.6693210154771805,0.704619288444519,0.1388888888888889,0.5490851740851741,0.5384615384615384,0.0,0.6630341857671738,0.6567894965410233,0.03232224099338055,0.08901925757527351,0.0,0.0,0.0,0.0,0.0,18473,global,0.0
2,5,lr1e-05_bs16_drop0p2_temp1p0_a0p25_b0p05__wd1e-04trmiss0_degmodglobal,16,1e-05,0.0001,0.2,1.0,0.25,0.05,lr1e-05_bs16_drop0p2_temp1p0_a0p25_b0p05__wd1e-04trmiss0_degmodglobal,8,0.6870280504226685,0.7053384780883789,0.1388888888888889,0.5490851740851741,0.5384615384615384,0.0,0.6862592101097107,0.6750202625989914,0.03185292100533843,0.08089128695428371,0.0,0.0,0.0,0.0,0.0,18473,global,0.0
2,5,lr1e-05_bs16_drop0p2_temp1p0_a0p25_b0p05__wd1e-04trmiss0_degmodglobal,16,1e-05,0.0001,0.2,1.0,0.25,0.05,lr1e-05_bs16_drop0p2_temp1p0_a0p25_b0p05__wd1e-04trmiss0_degmodglobal,9,0.7050347477197647,0.7064852714538574,0.1388888888888889,0.5490851740851741,0.5384615384615384,0.0,0.665165051817894,0.6917894631624222,0.03320817928761244,0.09886476770043373,0.0,0.0,0.0,0.0,0.0,18473,global,0.0
2,5,lr1e-05_bs16_drop0p2_temp1p0_a0p25_b0p05__wd1e-04trmiss0_degmodglobal,16,1e-05,0.0001,0.2,1.0,0.25,0.05,lr1e-05_bs16_drop0p2_temp1p0_a0p25_b0p05__wd1e-04trmiss0_degmodglobal,10,0.697620302438736,0.7061022520065308,0.1388888888888889,0.5490851740851741,0.5384615384615384,0.0,0.6846498250961304,0.6851009875535965,0.032957193441689014,0.08560043200850487,0.0,0.0,0.0,0.0,0.0,18473,global,0.0
2,5,lr1e-05_bs16_drop0p2_temp1p0_a0p25_b0p05__wd1e-04trmiss0_degmodglobal,16,1e-05,0.0001,0.2,1.0,0.25,0.05,lr1e-05_bs16_drop0p2_temp1p0_a0p25_b0p05__wd1e-04trmiss0_degmodglobal,11,0.6710288971662521,0.705590009689331,0.1388888888888889,0.5490851740851741,0.5384615384615384,0.0,0.6563775390386581,0.6594373136758804,0.029325832147151232,0.0852024145424366,0.0,0.0,0.0,0.0,0.0,18473,global,0.0
2,5,lr1e-05_bs16_drop0p2_temp1p0_a0p25_b0p05__wd1e-04trmiss0_degmodglobal,16,1e-05,0.0001,0.2,1.0,0.25,0.05,lr1e-05_bs16_drop0p2_temp1p0_a0p25_b0p05__wd1e-04trmiss0_degmodglobal,12,0.6849828064441681,0.7065187692642212,0.1388888888888889,0.5490851740851741,0.5384615384615384,0.0,0.6692282259464264,0.6713009923696518,0.03202820988371968,0.11349534709006548,0.0,0.0,0.0,0.0,0.0,18473,global,0.0
2,5,lr1e-05_bs16_drop0p2_temp1p0_a0p25_b0p05__wd1e-04trmiss0_degmodglobal,16,1e-05,0.0001,0.2,1.0,0.25,0.05,lr1e-05_bs16_drop0p2_temp1p0_a0p25_b0p05__wd1e-04trmiss0_degmodglobal,13,0.6541566550731659,0.705936849117279,0.1388888888888889,0.5490851740851741,0.5384615384615384,0.0,0.665927916765213,0.6430342048406601,0.02900179708376527,0.07743973098695278,0.0,0.0,0.0,0.0,0.0,18473,global,0.0
2,5,lr1e-05_bs16_drop0p2_temp1p0_a0p25_b0p05__wd1e-04trmiss0_degmodglobal,16,1e-05,0.0001,0.2,1.0,0.25,0.05,lr1e-05_bs16_drop0p2_temp1p0_a0p25_b0p05__wd1e-04trmiss0_degmodglobal,14,0.6529963314533234,0.7071294188499451,0.1388888888888889,0.5490851740851741,0.5384615384615384,0.0,0.6574428230524063,0.6396961510181427,0.028611557092517614,0.12294552102684975,0.0,0.0,0.0,0.0,0.0,18473,global,0.0
2,5,lr1e-05_bs16_drop0p2_temp1p0_a0p25_b0p05__wd1e-04trmiss0_degmodglobal,16,1e-05,0.0001,0.2,1.0,0.25,0.05,lr1e-05_bs16_drop0p2_temp1p0_a0p25_b0p05__wd1e-04trmiss0_degmodglobal,15,0.6570347547531128,0.7100901007652283,0.1388888888888889,0.5490851740851741,0.46153846153846156,0.0,0.6576767861843109,0.6400213688611984,0.041310647036880255,0.133714459836483,0.0,0.0,0.0,0.0,0.0,18473,global,0.0
2,5,lr1e-05_bs16_drop0p2_temp1p0_a0p25_b0p05__wd1e-04trmiss0_degmodglobal,16,1e-05,0.0001,0.2,1.0,0.25,0.05,lr1e-05_bs16_drop0p2_temp1p0_a0p25_b0p05__wd1e-04trmiss0_degmodglobal,16,0.6767319440841675,0.7103029489517212,0.1388888888888889,0.5490851740851741,0.5384615384615384,0.0,0.6334845274686813,0.6633356064558029,0.0323242403101176,0.10630538919940591,0.0,0.0,0.0,0.0,0.0,18473,global,0.0
2,5,lr1e-05_bs16_drop0p2_temp1p0_a0p25_b0p05__wd1e-04trmiss0_degmodglobal,16,1e-05,0.0001,0.2,1.0,0.25,0.05,lr1e-05_bs16_drop0p2_temp1p0_a0p25_b0p05__wd1e-04trmiss0_degmodglobal,17,0.6694848835468292,0.7091972827911377,0.16666666666666666,0.5564925814925815,0.5384615384615384,0.0,0.6374406218528748,0.6574303060770035,0.030463268514722586,0.08877523057162762,0.0,0.0,0.0,0.0,0.0,18473,global,0.0
2,5,lr1e-05_bs16_drop0p2_temp1p0_a0p25_b0p05__wd1e-04trmiss0_degmodglobal,16,1e-05,0.0001,0.2,1.0,0.25,0.05,lr1e-05_bs16_drop0p2_temp1p0_a0p25_b0p05__wd1e-04trmiss0_degmodglobal,18,0.6682457774877548,0.7105271816253662,0.1388888888888889,0.5490851740851741,0.5384615384615384,0.0,0.6469453424215317,0.6568538546562195,0.03021861193701625,0.07674529775977135,0.0,0.0,0.0,0.0,0.0,18473,global,0.0
2,5,lr1e-05_bs16_drop0p2_temp1p0_a0p25_b0p05__wd1e-04trmiss0_degmodglobal,16,1e-05,0.0001,0.2,1.0,0.25,0.05,lr1e-05_bs16_drop0p2_temp1p0_a0p25_b0p05__wd1e-04trmiss0_degmodglobal,19,0.6508025527000427,0.7072978019714355,0.16666666666666666,0.5564925814925815,0.5384615384615384,0.0,0.6397443264722824,0.6372571885585785,0.034889616537839174,0.09645967371761799,0.0,0.0,0.0,0.0,0.0,18473,global,0.0
2,5,lr1e-05_bs16_drop0p2_temp1p0_a0p25_b0p05__wd1e-04trmiss0_degmodglobal,16,1e-05,0.0001,0.2,1.0,0.25,0.05,lr1e-05_bs16_drop0p2_temp1p0_a0p25_b0p05__wd1e-04trmiss0_degmodglobal,20,0.6628211289644241,0.708756685256958,0.16666666666666666,0.5564925814925815,0.5384615384615384,0.0,0.6310456395149231,0.6488431990146637,0.03322426415979862,0.11343758879229426,0.0,0.0,0.0,0.0,0.0,18473,global,0.0
2,5,lr1e-05_bs16_drop0p2_temp1p0_a0p25_b0p05__wd1e-04trmiss0_degmodglobal,16,1e-05,0.0001,0.2,1.0,0.25,0.05,lr1e-05_bs16_drop0p2_temp1p0_a0p25_b0p05__wd1e-04trmiss0_degmodglobal,21,0.6863733232021332,0.7099102139472961,0.1388888888888889,0.5490851740851741,0.5384615384615384,0.0,0.6428630203008652,0.6714171171188354,0.038295652251690626,0.1076459027826786,0.0,0.0,0.0,0.0,0.0,18473,global,0.0
2,5,lr1e-05_bs16_drop0p2_temp1p0_a0p25_b0p05__wd1e-04trmiss0_degmodglobal,16,1e-05,0.0001,0.2,1.0,0.25,0.05,lr1e-05_bs16_drop0p2_temp1p0_a0p25_b0p05__wd1e-04trmiss0_degmodglobal,22,0.667313888669014,0.7115219235420227,0.1388888888888889,0.5490851740851741,0.5384615384615384,0.0,0.6408297419548035,0.6529831290245056,0.036206044256687164,0.1055851224809885,0.0,0.0,0.0,0.0,0.0,18473,global,0.0
2,5,lr1e-05_bs16_drop0p2_temp1p0_a0p25_b0p05__wd1e-04trmiss0_degmodglobal,16,1e-05,0.0001,0.2,1.0,0.25,0.05,lr1e-05_bs16_drop0p2_temp1p0_a0p25_b0p05__wd1e-04trmiss0_degmodglobal,23,0.6550020128488541,0.7106688618659973,0.16666666666666666,0.5564925814925815,0.5384615384615384,0.0,0.6424443572759628,0.6407782584428787,0.03776490967720747,0.09565065149217844,0.0,0.0,0.0,0.0,0.0,18473,global,0.0
2,5,lr1e-05_bs16_drop0p2_temp1p0_a0p25_b0p05__wd1e-04trmiss0_degmodglobal,16,1e-05,0.0001,0.2,1.0,0.25,0.05,lr1e-05_bs16_drop0p2_temp1p0_a0p25_b0p05__wd1e-04trmiss0_degmodglobal,24,0.6878101229667664,0.708002507686615,0.16666666666666666,0.5564925814925815,0.5384615384615384,0.0,0.6337789446115494,0.6665685027837753,0.046991800889372826,0.18987316638231277,0.0,0.0,0.0,0.0,0.0,18473,global,0.0
2,5,lr1e-05_bs16_drop0p2_temp1p0_a0p25_b0p05__wd1e-04trmiss0_degmodglobal,16,1e-05,0.0001,0.2,1.0,0.25,0.05,lr1e-05_bs16_drop0p2_temp1p0_a0p25_b0p05__wd1e-04trmiss0_degmodglobal,25,0.6550547778606415,0.7082369327545166,0.16666666666666666,0.5564925814925815,0.5384615384615384,0.0,0.6436326205730438,0.6427312940359116,0.031971047166734934,0.08661430235952139,0.0,0.0,0.0,0.0,0.0,18473,global,0.0
2,5,lr1e-05_bs16_drop0p2_temp1p0_a0p25_b0p05__wd1e-04trmiss0_degmodglobal,16,1e-05,0.0001,0.2,1.0,0.25,0.05,lr1e-05_bs16_drop0p2_temp1p0_a0p25_b0p05__wd1e-04trmiss0_degmodglobal,26,0.6430767327547073,0.7067379951477051,0.19444444444444445,0.5635632885632885,0.5384615384615384,0.0,0.6259726732969284,0.630621001124382,0.033710266929119825,0.08056309074163437,0.0,0.0,0.0,0.0,0.0,18473,global,0.0
2,5,lr1e-05_bs16_drop0p2_temp1p0_a0p25_b0p05__wd1e-04trmiss0_degmodglobal,16,1e-05,0.0001,0.2,1.0,0.25,0.05,lr1e-05_bs16_drop0p2_temp1p0_a0p25_b0p05__wd1e-04trmiss0_degmodglobal,27,0.6871247291564941,0.7043872475624084,0.19444444444444445,0.5635632885632885,0.5384615384615384,0.0,0.6104742586612701,0.6705521643161774,0.040105296298861504,0.1309247948229313,0.0,0.0,0.0,0.0,0.0,18473,global,0.0
2,5,lr1e-05_bs16_drop0p2_temp1p0_a0p25_b0p05__wd1e-04trmiss0_degmodglobal,16,1e-05,0.0001,0.2,1.0,0.25,0.05,lr1e-05_bs16_drop0p2_temp1p0_a0p25_b0p05__wd1e-04trmiss0_degmodglobal,28,0.6816435009241104,0.7074406147003174,0.19444444444444445,0.5635632885632885,0.5384615384615384,0.0,0.6339115798473358,0.6683583110570908,0.035143312998116016,0.08998714201152325,0.0,0.0,0.0,0.0,0.0,18473,global,0.0
2,5,lr1e-05_bs16_drop0p2_temp1p0_a0p25_b0p05__wd1e-04trmiss0_degmodglobal,16,1e-05,0.0001,0.2,1.0,0.25,0.05,lr1e-05_bs16_drop0p2_temp1p0_a0p25_b0p05__wd1e-04trmiss0_degmodglobal,29,0.6822815090417862,0.7069209218025208,0.19444444444444445,0.5635632885632885,0.5384615384615384,0.0,0.6210121363401413,0.6679825186729431,0.03572486713528633,0.10735556529834867,0.0,0.0,0.0,0.0,0.0,18473,global,0.0
2,5,lr1e-05_bs16_drop0p2_temp1p0_a0p25_b0p05__wd1e-04trmiss0_degmodglobal,16,1e-05,0.0001,0.2,1.0,0.25,0.05,lr1e-05_bs16_drop0p2_temp1p0_a0p25_b0p05__wd1e-04trmiss0_degmodglobal,30,0.65836501121521,0.707146167755127,0.19444444444444445,0.5635632885632885,0.5384615384615384,0.0,0.6032719910144806,0.6390037685632706,0.04631977714598179,0.15562591888010502,0.0,0.0,0.0,0.0,0.0,18473,global,0.0
2,5,lr1e-05_bs16_drop0p2_temp1p0_a0p25_b0p05__wd1e-04trmiss0_degmodglobal,16,1e-05,0.0001,0.2,1.0,0.25,0.05,lr1e-05_bs16_drop0p2_temp1p0_a0p25_b0p05__wd1e-04trmiss0_degmodglobal,31,0.6677273958921432,0.7076935768127441,0.19444444444444445,0.5635632885632885,0.5384615384615384,0.0,0.6191991865634918,0.6491319537162781,0.042339120991528034,0.16021345928311348,0.0,0.0,0.0,0.0,0.0,18473,global,0.0
2,5,lr1e-05_bs16_drop0p2_temp1p0_a0p25_b0p05__wd1e-04trmiss0_degmodglobal,16,1e-05,0.0001,0.2,1.0,0.25,0.05,lr1e-05_bs16_drop0p2_temp1p0_a0p25_b0p05__wd1e-04trmiss0_degmodglobal,32,0.6707443594932556,0.7062071561813354,0.19444444444444445,0.5635632885632885,0.5384615384615384,0.0,0.618923157453537,0.657166063785553,0.03636691207066178,0.08973121456801891,0.0,0.0,0.0,0.0,0.0,18473,global,0.0
2,5,lr1e-05_bs16_drop0p2_temp1p0_a0p25_b0p05__wd1e-04trmiss0_degmodglobal,16,1e-05,0.0001,0.2,1.0,0.25,0.05,lr1e-05_bs16_drop0p2_temp1p0_a0p25_b0p05__wd1e-04trmiss0_degmodglobal,33,0.6564899533987045,0.7079974412918091,0.19444444444444445,0.5635632885632885,0.5384615384615384,0.0,0.6366563588380814,0.6408003121614456,0.03953424748033285,0.1161220408976078,0.0,0.0,0.0,0.0,0.0,18473,global,0.0
2,5,lr1e-05_bs16_drop0p2_temp1p0_a0p25_b0p05__wd1e-04trmiss0_degmodglobal,16,1e-05,0.0001,0.2,1.0,0.25,0.05,lr1e-05_bs16_drop0p2_temp1p0_a0p25_b0p05__wd1e-04trmiss0_degmodglobal,34,0.661911204457283,0.7061814665794373,0.19444444444444445,0.5635632885632885,0.5384615384615384,0.0,0.6178266853094101,0.6462449133396149,0.0383515702560544,0.12156851217150688,0.0,0.0,0.0,0.0,0.0,18473,global,0.0
2,5,lr1e-05_bs16_drop0p2_temp1p0_a0p25_b0p05__wd1e-04trmiss0_degmodglobal,16,1e-05,0.0001,0.2,1.0,0.25,0.05,lr1e-05_bs16_drop0p2_temp1p0_a0p25_b0p05__wd1e-04trmiss0_degmodglobal,35,0.6847026348114014,0.7054700255393982,0.19444444444444445,0.5635632885632885,0.5384615384615384,0.0,0.5942685008049011,0.6673080772161484,0.040480801835656166,0.14548677578568459,0.0,0.0,0.0,0.0,0.0,18473,global,0.0
2,5,lr1e-05_bs16_drop0p2_temp1p0_a0p25_b0p05__wd1e-04trmiss0_degmodglobal,16,1e-05,0.0001,0.2,1.0,0.25,0.05,lr1e-05_bs16_drop0p2_temp1p0_a0p25_b0p05__wd1e-04trmiss0_degmodglobal,36,0.6600957959890366,0.7068639993667603,0.19444444444444445,0.5635632885632885,0.5384615384615384,0.0,0.637278750538826,0.6467388570308685,0.03670208156108856,0.08362828753888607,0.0,0.0,0.0,0.0,0.0,18473,global,0.0
2,5,lr1e-05_bs16_drop0p2_temp1p0_a0p25_b0p05__wd1e-04trmiss0_degmodglobal,16,1e-05,0.0001,0.2,1.0,0.25,0.05,lr1e-05_bs16_drop0p2_temp1p0_a0p25_b0p05__wd1e-04trmiss0_degmodglobal,37,0.6596682667732239,0.7077528238296509,0.19444444444444445,0.5635632885632885,0.5384615384615384,0.0,0.6154490858316422,0.6436851620674133,0.0392037620767951,0.12364339642226696,0.0,0.0,0.0,0.0,0.0,18473,global,0.0
2,5,lr1e-05_bs16_drop0p2_temp1p0_a0p25_b0p05__wd1e-04trmiss0_degmodglobal,16,1e-05,0.0001,0.2,1.0,0.25,0.05,lr1e-05_bs16_drop0p2_temp1p0_a0p25_b0p05__wd1e-04trmiss0_degmodglobal,38,0.6689817905426025,0.7076765298843384,0.19444444444444445,0.5635632885632885,0.5384615384615384,0.0,0.6173939853906631,0.6543329805135727,0.035280630458146334,0.11657323502004147,0.0,0.0,0.0,0.0,0.0,18473,global,0.0
2,5,lr1e-05_bs16_drop0p2_temp1p0_a0p25_b0p05__wd1e-04trmiss0_degmodglobal,16,1e-05,0.0001,0.2,1.0,0.25,0.05,lr1e-05_bs16_drop0p2_temp1p0_a0p25_b0p05__wd1e-04trmiss0_degmodglobal,39,0.6834055781364441,0.708210289478302,0.2222222222222222,0.5728225478225477,0.5384615384615384,0.0,0.6034144312143326,0.6656291782855988,0.04535694979131222,0.1287429891526699,0.0,0.0,0.0,0.0,0.0,18473,global,0.0
2,5,lr1e-05_bs16_drop0p2_temp1p0_a0p25_b0p05__wd1e-04trmiss0_degmodglobal,16,1e-05,0.0001,0.2,1.0,0.25,0.05,lr1e-05_bs16_drop0p2_temp1p0_a0p25_b0p05__wd1e-04trmiss0_degmodglobal,40,0.6528952121734619,0.7086623311042786,0.2222222222222222,0.5728225478225477,0.5384615384615384,0.0,0.595424011349678,0.6385772228240967,0.03411073796451092,0.11580599471926689,0.0,0.0,0.0,0.0,0.0,18473,global,0.0
2,5,lr1e-05_bs16_drop0p2_temp1p0_a0p25_b0p05__wd1e-04trmiss0_degmodglobal,16,1e-05,0.0001,0.2,1.0,0.25,0.05,lr1e-05_bs16_drop0p2_temp1p0_a0p25_b0p05__wd1e-04trmiss0_degmodglobal,41,0.6508656591176987,0.707974374294281,0.2222222222222222,0.5728225478225477,0.5384615384615384,0.0,0.6152628809213638,0.6362535208463669,0.036307455971837044,0.11070566810667515,0.0,0.0,0.0,0.0,0.0,18473,global,0.0
2,5,lr1e-05_bs16_drop0p2_temp1p0_a0p25_b0p05__wd1e-04trmiss0_degmodglobal,16,1e-05,0.0001,0.2,1.0,0.25,0.05,lr1e-05_bs16_drop0p2_temp1p0_a0p25_b0p05__wd1e-04trmiss0_degmodglobal,42,0.6555894911289215,0.7086482644081116,0.2222222222222222,0.5728225478225477,0.5384615384615384,0.0,0.6018348038196564,0.6406203657388687,0.03807575395330787,0.10900380555540323,0.0,0.0,0.0,0.0,0.0,18473,global,0.0
2,5,lr1e-05_bs16_drop0p2_temp1p0_a0p25_b0p05__wd1e-04trmiss0_degmodglobal,16,1e-05,0.0001,0.2,1.0,0.25,0.05,lr1e-05_bs16_drop0p2_temp1p0_a0p25_b0p05__wd1e-04trmiss0_degmodglobal,43,0.6688260287046432,0.7050840258598328,0.2222222222222222,0.5728225478225477,0.5384615384615384,0.0,0.5919820070266724,0.6531827002763748,0.03820314910262823,0.1218506209552288,0.0,0.0,0.0,0.0,0.0,18473,global,0.0
2,5,lr1e-05_bs16_drop0p2_temp1p0_a0p25_b0p05__wd1e-04trmiss0_degmodglobal,16,1e-05,0.0001,0.2,1.0,0.25,0.05,lr1e-05_bs16_drop0p2_temp1p0_a0p25_b0p05__wd1e-04trmiss0_degmodglobal,44,0.6579945534467697,0.7051807045936584,0.2222222222222222,0.5728225478225477,0.5384615384615384,0.0,0.6088045388460159,0.6437183022499084,0.0356976636685431,0.10703677777200937,0.0,0.0,0.0,0.0,0.0,18473,global,0.0
2,5,lr1e-05_bs16_drop0p2_temp1p0_a0p25_b0p05__wd1e-04trmiss0_degmodglobal,16,1e-05,0.0001,0.2,1.0,0.25,0.05,lr1e-05_bs16_drop0p2_temp1p0_a0p25_b0p05__wd1e-04trmiss0_degmodglobal,45,0.6652170270681381,0.7039825320243835,0.2222222222222222,0.5728225478225477,0.5384615384615384,0.0,0.6072592884302139,0.6494462639093399,0.036528841126710176,0.13277133367955685,0.0,0.0,0.0,0.0,0.0,18473,global,0.0
2,5,lr1e-05_bs16_drop0p2_temp1p0_a0p25_b0p05__wd1e-04trmiss0_degmodglobal,16,1e-05,0.0001,0.2,1.0,0.25,0.05,lr1e-05_bs16_drop0p2_temp1p0_a0p25_b0p05__wd1e-04trmiss0_degmodglobal,46,0.6596676409244537,0.7070155739784241,0.2222222222222222,0.5728225478225477,0.6153846153846154,0.0,0.603307843208313,0.6449146419763565,0.036201363895088434,0.11405322793871164,0.0,0.0,0.0,0.0,0.0,18473,global,0.0
2,5,lr1e-05_bs16_drop0p2_temp1p0_a0p25_b0p05__wd1e-04trmiss0_degmodglobal,16,1e-05,0.0001,0.2,1.0,0.25,0.05,lr1e-05_bs16_drop0p2_temp1p0_a0p25_b0p05__wd1e-04trmiss0_degmodglobal,47,0.6690804362297058,0.7095682621002197,0.2222222222222222,0.5728225478225477,0.6153846153846154,0.0,0.608436793088913,0.6568593233823776,0.030274614226073027,0.09304906334728003,0.0,0.0,0.0,0.0,0.0,18473,global,0.0
2,5,lr1e-05_bs16_drop0p2_temp1p0_a0p25_b0p05__wd1e-04trmiss0_degmodglobal,16,1e-05,0.0001,0.2,1.0,0.25,0.05,lr1e-05_bs16_drop0p2_temp1p0_a0p25_b0p05__wd1e-04trmiss0_degmodglobal,48,0.6537088751792908,0.7094244360923767,0.2222222222222222,0.5728225478225477,0.6153846153846154,0.0,0.5809952020645142,0.6355722546577454,0.048346417024731636,0.1210001315921545,0.0,0.0,0.0,0.0,0.0,18473,global,0.0
2,5,lr1e-05_bs16_drop0p2_temp1p0_a0p25_b0p05__wd1e-04trmiss0_degmodglobal,16,1e-05,0.0001,0.2,1.0,0.25,0.05,lr1e-05_bs16_drop0p2_temp1p0_a0p25_b0p05__wd1e-04trmiss0_degmodglobal,49,0.6505894809961319,0.708478569984436,0.19444444444444445,0.5635632885632885,0.6153846153846154,0.0,0.5941645205020905,0.6353577971458435,0.041541751474142075,0.09692482464015484,0.0,0.0,0.0,0.0,0.0,18473,global,0.0
2,5,lr1e-05_bs16_drop0p2_temp1p0_a0p25_b0p05__wd1e-04trmiss0_degmodglobal,16,1e-05,0.0001,0.2,1.0,0.25,0.05,lr1e-05_bs16_drop0p2_temp1p0_a0p25_b0p05__wd1e-04trmiss0_degmodglobal,50,0.6690519601106644,0.7074863910675049,0.2222222222222222,0.5728225478225477,0.6153846153846154,0.0,0.5712621957063675,0.6525464653968811,0.039045292884111404,0.13488373532891273,0.0,0.0,0.0,0.0,0.0,18473,global,0.0
2,5,lr1e-05_bs16_drop0p2_temp1p0_a0p25_b0p05__wd1e-04trmiss0_degmodglobal,16,1e-05,0.0001,0.2,1.0,0.25,0.05,lr1e-05_bs16_drop0p2_temp1p0_a0p25_b0p05__wd1e-04trmiss0_degmodglobal,51,0.6750820577144623,0.708184540271759,0.2222222222222222,0.5728225478225477,0.6153846153846154,0.0,0.5859752595424652,0.6583305299282074,0.03963315254077315,0.13686490431427956,0.0,0.0,0.0,0.0,0.0,18473,global,0.0
2,5,lr1e-05_bs16_drop0p2_temp1p0_a0p25_b0p05__wd1e-04trmiss0_degmodglobal,16,1e-05,0.0001,0.2,1.0,0.25,0.05,lr1e-05_bs16_drop0p2_temp1p0_a0p25_b0p05__wd1e-04trmiss0_degmodglobal,52,0.6490483582019806,0.7077969312667847,0.2222222222222222,0.5728225478225477,0.6153846153846154,0.0,0.5846104621887207,0.6340543329715729,0.037640251219272614,0.11167909763753414,0.0,0.0,0.0,0.0,0.0,18473,global,0.0
2,5,lr1e-05_bs16_drop0p2_temp1p0_a0p25_b0p05__wd1e-04trmiss0_degmodglobal,16,1e-05,0.0001,0.2,1.0,0.25,0.05,lr1e-05_bs16_drop0p2_temp1p0_a0p25_b0p05__wd1e-04trmiss0_degmodglobal,53,0.6549738794565201,0.7095017433166504,0.2222222222222222,0.5728225478225477,0.6153846153846154,0.0,0.5942636281251907,0.6409836262464523,0.03352027526125312,0.11220408976078033,0.0,0.0,0.0,0.0,0.0,18473,global,0.0
2,5,lr1e-05_bs16_drop0p2_temp1p0_a0p25_b0p05__wd1e-04trmiss0_degmodglobal,16,1e-05,0.0001,0.2,1.0,0.25,0.05,lr1e-05_bs16_drop0p2_temp1p0_a0p25_b0p05__wd1e-04trmiss0_degmodglobal,54,0.666925773024559,0.711609959602356,0.2222222222222222,0.5728225478225477,0.6153846153846154,0.0,0.5798600018024445,0.6492428332567215,0.042306723073124886,0.14212521445006132,0.0,0.0,0.0,0.0,0.0,18473,global,0.0
2,5,lr1e-05_bs16_drop0p2_temp1p0_a0p25_b0p05__wd1e-04trmiss0_degmodglobal,16,1e-05,0.0001,0.2,1.0,0.25,0.05,lr1e-05_bs16_drop0p2_temp1p0_a0p25_b0p05__wd1e-04trmiss0_degmodglobal,55,0.6461080461740494,0.7091581225395203,0.2222222222222222,0.5728225478225477,0.6153846153846154,0.0,0.584976851940155,0.631681814789772,0.03572505945339799,0.10989949479699135,0.0,0.0,0.0,0.0,0.0,18473,global,0.0
2,5,lr1e-05_bs16_drop0p2_temp1p0_a0p25_b0p05__wd1e-04trmiss0_degmodglobal,16,1e-05,0.0001,0.2,1.0,0.25,0.05,lr1e-05_bs16_drop0p2_temp1p0_a0p25_b0p05__wd1e-04trmiss0_degmodglobal,56,0.6482802927494049,0.7061522603034973,0.25,0.5795565545565544,0.6153846153846154,0.0,0.5739533752202988,0.634376123547554,0.03243100270628929,0.115928515791893,0.0,0.0,0.0,0.0,0.0,18473,global,0.0
2,5,lr1e-05_bs16_drop0p2_temp1p0_a0p25_b0p05__wd1e-04trmiss0_degmodglobal,16,1e-05,0.0001,0.2,1.0,0.25,0.05,lr1e-05_bs16_drop0p2_temp1p0_a0p25_b0p05__wd1e-04trmiss0_degmodglobal,57,0.6637923121452332,0.7059653401374817,0.25,0.5795565545565544,0.6153846153846154,0.0,0.5635126680135727,0.6471763104200363,0.03914912138134241,0.13657456263899803,0.0,0.0,0.0,0.0,0.0,18473,global,0.0
2,5,lr1e-05_bs16_drop0p2_temp1p0_a0p25_b0p05__wd1e-04trmiss0_degmodglobal,16,1e-05,0.0001,0.2,1.0,0.25,0.05,lr1e-05_bs16_drop0p2_temp1p0_a0p25_b0p05__wd1e-04trmiss0_degmodglobal,58,0.653510183095932,0.7066405415534973,0.19444444444444445,0.5635632885632885,0.6153846153846154,0.0,0.5711846053600311,0.6346871107816696,0.04551300359889865,0.14889640361070633,0.0,0.0,0.0,0.0,0.0,18473,global,0.0
2,5,lr1e-05_bs16_drop0p2_temp1p0_a0p25_b0p05__wd1e-04trmiss0_degmodglobal,16,1e-05,0.0001,0.2,1.0,0.25,0.05,lr1e-05_bs16_drop0p2_temp1p0_a0p25_b0p05__wd1e-04trmiss0_degmodglobal,59,0.6514764875173569,0.7062333226203918,0.2222222222222222,0.5728225478225477,0.6153846153846154,0.0,0.5770221650600433,0.6368599385023117,0.03843145631253719,0.10017351247370243,0.0,0.0,0.0,0.0,0.0,18473,global,0.0
2,5,lr1e-05_bs16_drop0p2_temp1p0_a0p25_b0p05__wd1e-04trmiss0_degmodglobal,16,1e-05,0.0001,0.2,1.0,0.25,0.05,lr1e-05_bs16_drop0p2_temp1p0_a0p25_b0p05__wd1e-04trmiss0_degmodglobal,60,0.6822741776704788,0.7074673175811768,0.2222222222222222,0.5728225478225477,0.6153846153846154,0.0,0.5881726890802383,0.6663564741611481,0.03866193350404501,0.12504420708864927,0.0,0.0,0.0,0.0,0.0,18473,global,0.0
2,5,lr1e-05_bs16_drop0p2_temp1p0_a0p25_b0p05__wd1e-04trmiss0_degmodglobal,16,1e-05,0.0001,0.2,1.0,0.25,0.05,lr1e-05_bs16_drop0p2_temp1p0_a0p25_b0p05__wd1e-04trmiss0_degmodglobal,61,0.6680025011301041,0.7052600383758545,0.25,0.5795565545565544,0.6923076923076923,0.0,0.5787945091724396,0.648208498954773,0.045389458537101746,0.16893318109214306,0.0,0.0,0.0,0.0,0.0,18473,global,0.0
2,5,lr1e-05_bs16_drop0p2_temp1p0_a0p25_b0p05__wd1e-04trmiss0_degmodglobal,16,1e-05,0.0001,0.2,1.0,0.25,0.05,lr1e-05_bs16_drop0p2_temp1p0_a0p25_b0p05__wd1e-04trmiss0_degmodglobal,62,0.6477630734443665,0.7089403867721558,0.25,0.5795565545565544,0.6153846153846154,0.0,0.5801102519035339,0.6301987618207932,0.04501424916088581,0.12621461041271687,0.0,0.0,0.0,0.0,0.0,18473,global,0.0
2,5,lr1e-05_bs16_drop0p2_temp1p0_a0p25_b0p05__wd1e-04trmiss0_degmodglobal,16,1e-05,0.0001,0.2,1.0,0.25,0.05,lr1e-05_bs16_drop0p2_temp1p0_a0p25_b0p05__wd1e-04trmiss0_degmodglobal,63,0.6671178787946701,0.707623302936554,0.25,0.5795565545565544,0.6153846153846154,0.0,0.5731145590543747,0.6484901160001755,0.04378090612590313,0.1536511294543743,0.0,0.0,0.0,0.0,0.0,18473,global,0.0
2,5,lr1e-05_bs16_drop0p2_temp1p0_a0p25_b0p05__wd1e-04trmiss0_degmodglobal,16,1e-05,0.0001,0.2,1.0,0.25,0.05,lr1e-05_bs16_drop0p2_temp1p0_a0p25_b0p05__wd1e-04trmiss0_degmodglobal,64,0.646540105342865,0.7075443267822266,0.2222222222222222,0.5702972952972952,0.6153846153846154,0.0,0.564501479268074,0.6265060156583786,0.05014073010534048,0.14997850637882948,0.0,0.0,0.0,0.0,0.0,18473,global,0.0
2,5,lr1e-05_bs16_drop0p2_temp1p0_a0p25_b0p05__wd1e-04trmiss0_degmodglobal,16,1e-05,0.0001,0.2,1.0,0.25,0.05,lr1e-05_bs16_drop0p2_temp1p0_a0p25_b0p05__wd1e-04trmiss0_degmodglobal,65,0.6440764963626862,0.7052915096282959,0.25,0.5767075517075517,0.6153846153846154,0.0,0.5593431890010834,0.6273238062858582,0.03948149178177118,0.13764670304954052,0.0,0.0,0.0,0.0,0.0,18473,global,0.0
2,5,lr1e-05_bs16_drop0p2_temp1p0_a0p25_b0p05__wd1e-04trmiss0_degmodglobal,16,1e-05,0.0001,0.2,1.0,0.25,0.05,lr1e-05_bs16_drop0p2_temp1p0_a0p25_b0p05__wd1e-04trmiss0_degmodglobal,66,0.6728319823741913,0.7050718665122986,0.2777777777777778,0.585966810966811,0.6153846153846154,0.0,0.5662363767623901,0.6494472175836563,0.052650729194283485,0.20444165542721748,0.0,0.0,0.0,0.0,0.0,18473,global,0.0
2,5,lr1e-05_bs16_drop0p2_temp1p0_a0p25_b0p05__wd1e-04trmiss0_degmodglobal,16,1e-05,0.0001,0.2,1.0,0.25,0.05,lr1e-05_bs16_drop0p2_temp1p0_a0p25_b0p05__wd1e-04trmiss0_degmodglobal,67,0.6711765080690384,0.7066656351089478,0.2777777777777778,0.585966810966811,0.6153846153846154,0.0,0.5640193223953247,0.6510558426380157,0.048007010482251644,0.16237759962677956,0.0,0.0,0.0,0.0,0.0,18473,global,0.0
2,5,lr1e-05_bs16_drop0p2_temp1p0_a0p25_b0p05__wd1e-04trmiss0_degmodglobal,16,1e-05,0.0001,0.2,1.0,0.25,0.05,lr1e-05_bs16_drop0p2_temp1p0_a0p25_b0p05__wd1e-04trmiss0_degmodglobal,68,0.6706702262163162,0.7070383429527283,0.2777777777777778,0.585966810966811,0.6153846153846154,0.0,0.5840515941381454,0.656870573759079,0.03242426924407482,0.11387190781533718,0.0,0.0,0.0,0.0,0.0,18473,global,0.0
2,5,lr1e-05_bs16_drop0p2_temp1p0_a0p25_b0p05__wd1e-04trmiss0_degmodglobal,16,1e-05,0.0001,0.2,1.0,0.25,0.05,lr1e-05_bs16_drop0p2_temp1p0_a0p25_b0p05__wd1e-04trmiss0_degmodglobal,69,0.6621948629617691,0.7083396315574646,0.2777777777777778,0.585966810966811,0.6153846153846154,0.0,0.5545850992202759,0.6441467255353928,0.04244672227650881,0.14872917719185352,0.0,0.0,0.0,0.0,0.0,18473,global,0.0
2,5,lr1e-05_bs16_drop0p2_temp1p0_a0p25_b0p05__wd1e-04trmiss0_degmodglobal,16,1e-05,0.0001,0.2,1.0,0.25,0.05,lr1e-05_bs16_drop0p2_temp1p0_a0p25_b0p05__wd1e-04trmiss0_degmodglobal,70,0.6556559354066849,0.7073923349380493,0.2777777777777778,0.585966810966811,0.6153846153846154,0.0,0.59248848259449,0.6359877586364746,0.04726252146065235,0.15705115161836147,0.0,0.0,0.0,0.0,0.0,18473,global,0.0
2,5,lr1e-05_bs16_drop0p2_temp1p0_a0p25_b0p05__wd1e-04trmiss0_degmodglobal,16,1e-05,0.0001,0.2,1.0,0.25,0.05,lr1e-05_bs16_drop0p2_temp1p0_a0p25_b0p05__wd1e-04trmiss0_degmodglobal,71,0.6664847135543823,0.7062481045722961,0.2777777777777778,0.585966810966811,0.6153846153846154,0.0,0.5771516859531403,0.6447088420391083,0.05571992788463831,0.15691779181361198,0.0,0.0,0.0,0.0,0.0,18473,global,0.0
2,5,lr1e-05_bs16_drop0p2_temp1p0_a0p25_b0p05__wd1e-04trmiss0_degmodglobal,16,1e-05,0.0001,0.2,1.0,0.25,0.05,lr1e-05_bs16_drop0p2_temp1p0_a0p25_b0p05__wd1e-04trmiss0_degmodglobal,72,0.6626831591129303,0.7062721252441406,0.2777777777777778,0.585966810966811,0.6153846153846154,0.0,0.5577492713928223,0.640420213341713,0.05345972906798124,0.17796020209789276,0.0,0.0,0.0,0.0,0.0,18473,global,0.0
2,5,lr1e-05_bs16_drop0p2_temp1p0_a0p25_b0p05__wd1e-04trmiss0_degmodglobal,16,1e-05,0.0001,0.2,1.0,0.25,0.05,lr1e-05_bs16_drop0p2_temp1p0_a0p25_b0p05__wd1e-04trmiss0_degmodglobal,73,0.6372785568237305,0.7091702818870544,0.2777777777777778,0.585966810966811,0.6153846153846154,0.0,0.5682957470417023,0.618101105093956,0.050362386740744114,0.13173714093863964,0.0,0.0,0.0,0.0,0.0,18473,global,0.0
2,5,lr1e-05_bs16_drop0p2_temp1p0_a0p25_b0p05__wd1e-04trmiss0_degmodglobal,16,1e-05,0.0001,0.2,1.0,0.25,0.05,lr1e-05_bs16_drop0p2_temp1p0_a0p25_b0p05__wd1e-04trmiss0_degmodglobal,74,0.654712125658989,0.7077723741531372,0.2777777777777778,0.585966810966811,0.6153846153846154,0.0,0.551853820681572,0.6343344449996948,0.05098951421678066,0.15260633826255798,0.0,0.0,0.0,0.0,0.0,18473,global,0.0
2,5,lr1e-05_bs16_drop0p2_temp1p0_a0p25_b0p05__wd1e-04trmiss0_degmodglobal,16,1e-05,0.0001,0.2,1.0,0.25,0.05,lr1e-05_bs16_drop0p2_temp1p0_a0p25_b0p05__wd1e-04trmiss0_degmodglobal,75,0.6878108829259872,0.7067102789878845,0.2777777777777778,0.585966810966811,0.6153846153846154,0.0,0.55911885201931,0.662561908364296,0.06140207406133413,0.1979692243039608,0.0,0.0,0.0,0.0,0.0,18473,global,0.0
2,5,lr1e-05_bs16_drop0p2_temp1p0_a0p25_b0p05__wd1e-04trmiss0_degmodglobal,16,1e-05,0.0001,0.2,1.0,0.25,0.05,lr1e-05_bs16_drop0p2_temp1p0_a0p25_b0p05__wd1e-04trmiss0_degmodglobal,76,0.6639709770679474,0.7050634622573853,0.2777777777777778,0.585966810966811,0.6923076923076923,0.0,0.5887337177991867,0.644585520029068,0.04420437663793564,0.16668745689094067,0.0,0.0,0.0,0.0,0.0,18473,global,0.0
2,5,lr1e-05_bs16_drop0p2_temp1p0_a0p25_b0p05__wd1e-04trmiss0_degmodglobal,16,1e-05,0.0001,0.2,1.0,0.25,0.05,lr1e-05_bs16_drop0p2_temp1p0_a0p25_b0p05__wd1e-04trmiss0_degmodglobal,77,0.6637853980064392,0.7043278217315674,0.2777777777777778,0.585966810966811,0.6923076923076923,0.0,0.5439211875200272,0.6435661017894745,0.04713095258921385,0.1687314137816429,0.0,0.0,0.0,0.0,0.0,18473,global,0.0
2,5,lr1e-05_bs16_drop0p2_temp1p0_a0p25_b0p05__wd1e-04trmiss0_degmodglobal,16,1e-05,0.0001,0.2,1.0,0.25,0.05,lr1e-05_bs16_drop0p2_temp1p0_a0p25_b0p05__wd1e-04trmiss0_degmodglobal,78,0.6538771837949753,0.7035895586013794,0.2777777777777778,0.585966810966811,0.6923076923076923,0.0,0.5586449056863785,0.6376306265592575,0.03887925902381539,0.13053533621132374,0.0,0.0,0.0,0.0,0.0,18473,global,0.0
2,5,lr1e-05_bs16_drop0p2_temp1p0_a0p25_b0p05__wd1e-04trmiss0_degmodglobal,16,1e-05,0.0001,0.2,1.0,0.25,0.05,lr1e-05_bs16_drop0p2_temp1p0_a0p25_b0p05__wd1e-04trmiss0_degmodglobal,79,0.6408362686634064,0.7033791542053223,0.2777777777777778,0.585966810966811,0.6923076923076923,0.0,0.5655644834041595,0.6268940716981888,0.03503507515415549,0.10366867482662201,0.0,0.0,0.0,0.0,0.0,18473,global,0.0
2,5,lr1e-05_bs16_drop0p2_temp1p0_a0p25_b0p05__wd1e-04trmiss0_degmodglobal,16,1e-05,0.0001,0.2,1.0,0.25,0.05,lr1e-05_bs16_drop0p2_temp1p0_a0p25_b0p05__wd1e-04trmiss0_degmodglobal,80,0.6479957401752472,0.7049369812011719,0.2777777777777778,0.585966810966811,0.6923076923076923,0.0,0.5832147002220154,0.6311334073543549,0.04571544658392668,0.10866997903212905,0.0,0.0,0.0,0.0,0.0,18473,global,0.0
2,5,lr1e-05_bs16_drop0p2_temp2p0_a0p25_b0p05__wd1e-04trmiss0_degmodglobal,16,1e-05,0.0001,0.2,2.0,0.25,0.05,lr1e-05_bs16_drop0p2_temp2p0_a0p25_b0p05__wd1e-04trmiss0_degmodglobal,1,0.7459437400102615,0.7161568403244019,0.4166666666666667,0.6472101972101972,0.23076923076923078,0.0,0.7164461612701416,0.7170279026031494,0.07524014543741941,0.2021162286400795,0.0,0.0,0.0,0.0,0.0,18473,global,0.0
2,5,lr1e-05_bs16_drop0p2_temp2p0_a0p25_b0p05__wd1e-04trmiss0_degmodglobal,16,1e-05,0.0001,0.2,2.0,0.25,0.05,lr1e-05_bs16_drop0p2_temp2p0_a0p25_b0p05__wd1e-04trmiss0_degmodglobal,2,0.7276561707258224,0.7168114185333252,0.3888888888888889,0.6372895622895624,0.23076923076923078,0.0,0.6909395754337311,0.7083750069141388,0.0506899356842041,0.13217339292168617,0.0,0.0,0.0,0.0,0.0,18473,global,0.0
2,5,lr1e-05_bs16_drop0p2_temp2p0_a0p25_b0p05__wd1e-04trmiss0_degmodglobal,16,1e-05,0.0001,0.2,2.0,0.25,0.05,lr1e-05_bs16_drop0p2_temp2p0_a0p25_b0p05__wd1e-04trmiss0_degmodglobal,3,0.7279389500617981,0.7181122899055481,0.3611111111111111,0.6362544862544863,0.23076923076923078,0.0,0.675559401512146,0.705306813120842,0.057841481640934944,0.16343515552580357,0.0,0.0,0.0,0.0,0.0,18473,global,0.0
2,5,lr1e-05_bs16_drop0p2_temp2p0_a0p25_b0p05__wd1e-04trmiss0_degmodglobal,16,1e-05,0.0001,0.2,2.0,0.25,0.05,lr1e-05_bs16_drop0p2_temp2p0_a0p25_b0p05__wd1e-04trmiss0_degmodglobal,4,0.7242549955844879,0.7179294228553772,0.3611111111111111,0.6362544862544863,0.3076923076923077,0.0,0.6964091062545776,0.7022223472595215,0.055889034643769264,0.1612076684832573,0.0,0.0,0.0,0.0,0.0,18473,global,0.0
2,5,lr1e-05_bs16_drop0p2_temp2p0_a0p25_b0p05__wd1e-04trmiss0_degmodglobal,16,1e-05,0.0001,0.2,2.0,0.25,0.05,lr1e-05_bs16_drop0p2_temp2p0_a0p25_b0p05__wd1e-04trmiss0_degmodglobal,5,0.710261732339859,0.7217525839805603,0.3611111111111111,0.6362544862544863,0.3076923076923077,0.0,0.6851988285779953,0.6887084245681763,0.057520548813045025,0.1434633545577526,0.0,0.0,0.0,0.0,0.0,18473,global,0.0
2,5,lr1e-05_bs16_drop0p2_temp2p0_a0p25_b0p05__wd1e-04trmiss0_degmodglobal,16,1e-05,0.0001,0.2,2.0,0.25,0.05,lr1e-05_bs16_drop0p2_temp2p0_a0p25_b0p05__wd1e-04trmiss0_degmodglobal,6,0.7074272483587265,0.7219736576080322,0.3611111111111111,0.6362544862544863,0.3076923076923077,0.0,0.6742653250694275,0.6859834790229797,0.05550996866077185,0.15132560767233372,0.0,0.0,0.0,0.0,0.0,18473,global,0.0
2,5,lr1e-05_bs16_drop0p2_temp2p0_a0p25_b0p05__wd1e-04trmiss0_degmodglobal,16,1e-05,0.0001,0.2,2.0,0.25,0.05,lr1e-05_bs16_drop0p2_temp2p0_a0p25_b0p05__wd1e-04trmiss0_degmodglobal,7,0.6864947080612183,0.7194865345954895,0.3611111111111111,0.6362544862544863,0.3076923076923077,0.0,0.683621421456337,0.6670914888381958,0.0508400397375226,0.13386371918022633,0.0,0.0,0.0,0.0,0.0,18473,global,0.0
2,5,lr1e-05_bs16_drop0p2_temp2p0_a0p25_b0p05__wd1e-04trmiss0_degmodglobal,16,1e-05,0.0001,0.2,2.0,0.25,0.05,lr1e-05_bs16_drop0p2_temp2p0_a0p25_b0p05__wd1e-04trmiss0_degmodglobal,8,0.6928267925977707,0.7198759317398071,0.3611111111111111,0.6362544862544863,0.3076923076923077,0.0,0.6749835461378098,0.6747353225946426,0.04682090971618891,0.12772466894239187,0.0,0.0,0.0,0.0,0.0,18473,global,0.0
2,5,lr1e-05_bs16_drop0p2_temp2p0_a0p25_b0p05__wd1e-04trmiss0_degmodglobal,16,1e-05,0.0001,0.2,2.0,0.25,0.05,lr1e-05_bs16_drop0p2_temp2p0_a0p25_b0p05__wd1e-04trmiss0_degmodglobal,9,0.7233612388372421,0.7200484275817871,0.3888888888888889,0.6433251933251934,0.3076923076923077,0.0,0.6630404740571976,0.6991889774799347,0.059379084035754204,0.18654985539615154,0.0,0.0,0.0,0.0,0.0,18473,global,0.0
2,5,lr1e-05_bs16_drop0p2_temp2p0_a0p25_b0p05__wd1e-04trmiss0_degmodglobal,16,1e-05,0.0001,0.2,2.0,0.25,0.05,lr1e-05_bs16_drop0p2_temp2p0_a0p25_b0p05__wd1e-04trmiss0_degmodglobal,10,0.7112641930580139,0.7225770354270935,0.36111111111111116,0.6340659340659341,0.3076923076923077,0.0,0.6702081561088562,0.6932282596826553,0.04434858821332455,0.13897539302706718,0.0,0.0,0.0,0.0,0.0,18473,global,0.0
2,5,lr1e-05_bs16_drop0p2_temp2p0_a0p25_b0p05__wd1e-04trmiss0_degmodglobal,16,1e-05,0.0001,0.2,2.0,0.25,0.05,lr1e-05_bs16_drop0p2_temp2p0_a0p25_b0p05__wd1e-04trmiss0_degmodglobal,11,0.7122902870178223,0.725097119808197,0.36111111111111116,0.6340659340659341,0.23076923076923078,0.0,0.6682157069444656,0.6906815767288208,0.05058774445205927,0.17923536896705627,0.0,0.0,0.0,0.0,0.0,18473,global,0.0
2,5,lr1e-05_bs16_drop0p2_temp2p0_a0p25_b0p05__wd1e-04trmiss0_degmodglobal,16,1e-05,0.0001,0.2,2.0,0.25,0.05,lr1e-05_bs16_drop0p2_temp2p0_a0p25_b0p05__wd1e-04trmiss0_degmodglobal,12,0.687787190079689,0.7218776345252991,0.41666666666666663,0.6500592000592001,0.23076923076923078,0.0,0.6631158590316772,0.6700097024440765,0.04755809064954519,0.11775932647287846,0.0,0.0,0.0,0.0,0.0,18473,global,0.0
2,5,lr1e-05_bs16_drop0p2_temp2p0_a0p25_b0p05__wd1e-04trmiss0_degmodglobal,16,1e-05,0.0001,0.2,2.0,0.25,0.05,lr1e-05_bs16_drop0p2_temp2p0_a0p25_b0p05__wd1e-04trmiss0_degmodglobal,13,0.7070094794034958,0.722719132900238,0.36111111111111116,0.6340659340659341,0.23076923076923078,0.0,0.6598819494247437,0.6840190887451172,0.06364831048995256,0.14156631752848625,0.0,0.0,0.0,0.0,0.0,18473,global,0.0
2,5,lr1e-05_bs16_drop0p2_temp2p0_a0p25_b0p05__wd1e-04trmiss0_degmodglobal,16,1e-05,0.0001,0.2,2.0,0.25,0.05,lr1e-05_bs16_drop0p2_temp2p0_a0p25_b0p05__wd1e-04trmiss0_degmodglobal,14,0.6935874372720718,0.7221506834030151,0.3888888888888889,0.6407999407999408,0.23076923076923078,0.0,0.6574794203042984,0.6718013882637024,0.054034036584198475,0.16555092856287956,0.0,0.0,0.0,0.0,0.0,18473,global,0.0
2,5,lr1e-05_bs16_drop0p2_temp2p0_a0p25_b0p05__wd1e-04trmiss0_degmodglobal,16,1e-05,0.0001,0.2,2.0,0.25,0.05,lr1e-05_bs16_drop0p2_temp2p0_a0p25_b0p05__wd1e-04trmiss0_degmodglobal,15,0.6795773655176163,0.7227111458778381,0.41666666666666663,0.6500592000592001,0.23076923076923078,0.0,0.6535443961620331,0.6609736680984497,0.04947121720761061,0.12471803650259972,0.0,0.0,0.0,0.0,0.0,18473,global,0.0
2,5,lr1e-05_bs16_drop0p2_temp2p0_a0p25_b0p05__wd1e-04trmiss0_degmodglobal,16,1e-05,0.0001,0.2,2.0,0.25,0.05,lr1e-05_bs16_drop0p2_temp2p0_a0p25_b0p05__wd1e-04trmiss0_degmodglobal,16,0.7195489257574081,0.7224870920181274,0.3888888888888889,0.6407999407999408,0.23076923076923078,0.0,0.6674562841653824,0.6979043036699295,0.051241395995020866,0.17668507434427738,0.0,0.0,0.0,0.0,0.0,18473,global,0.0
2,5,lr1e-05_bs16_drop0p2_temp2p0_a0p25_b0p05__wd1e-04trmiss0_degmodglobal,16,1e-05,0.0001,0.2,2.0,0.25,0.05,lr1e-05_bs16_drop0p2_temp2p0_a0p25_b0p05__wd1e-04trmiss0_degmodglobal,17,0.7034338861703873,0.7268214821815491,0.3888888888888889,0.6407999407999408,0.23076923076923078,0.0,0.6734907925128937,0.6867713779211044,0.04409868363291025,0.11275703087449074,0.0,0.0,0.0,0.0,0.0,18473,global,0.0
2,5,lr1e-05_bs16_drop0p2_temp2p0_a0p25_b0p05__wd1e-04trmiss0_degmodglobal,16,1e-05,0.0001,0.2,2.0,0.25,0.05,lr1e-05_bs16_drop0p2_temp2p0_a0p25_b0p05__wd1e-04trmiss0_degmodglobal,18,0.7100558131933212,0.7266908288002014,0.36111111111111116,0.6340659340659341,0.23076923076923078,0.0,0.6675442159175873,0.693878248333931,0.0409131059423089,0.11898554116487503,0.0,0.0,0.0,0.0,0.0,18473,global,0.0
2,5,lr1e-05_bs16_drop0p2_temp2p0_a0p25_b0p05__wd1e-04trmiss0_degmodglobal,16,1e-05,0.0001,0.2,2.0,0.25,0.05,lr1e-05_bs16_drop0p2_temp2p0_a0p25_b0p05__wd1e-04trmiss0_degmodglobal,19,0.6652131378650665,0.7246907353401184,0.36111111111111116,0.6340659340659341,0.23076923076923078,0.0,0.6621415019035339,0.6453500390052795,0.054291723761707544,0.12580314744263887,0.0,0.0,0.0,0.0,0.0,18473,global,0.0
2,5,lr1e-05_bs16_drop0p2_temp2p0_a0p25_b0p05__wd1e-04trmiss0_degmodglobal,16,1e-05,0.0001,0.2,2.0,0.25,0.05,lr1e-05_bs16_drop0p2_temp2p0_a0p25_b0p05__wd1e-04trmiss0_degmodglobal,20,0.7099882662296295,0.7276222705841064,0.3888888888888889,0.6407999407999408,0.23076923076923078,0.0,0.6615384966135025,0.6889506876468658,0.05719058774411678,0.13479867484420538,0.0,0.0,0.0,0.0,0.0,18473,global,0.0
2,5,lr1e-05_bs16_drop0p2_temp2p0_a0p25_b0p05__wd1e-04trmiss0_degmodglobal,16,1e-05,0.0001,0.2,2.0,0.25,0.05,lr1e-05_bs16_drop0p2_temp2p0_a0p25_b0p05__wd1e-04trmiss0_degmodglobal,21,0.6903957277536392,0.7251573801040649,0.3888888888888889,0.6407999407999408,0.23076923076923078,0.0,0.6436307728290558,0.6704782396554947,0.05026181694120169,0.1470408197492361,0.0,0.0,0.0,0.0,0.0,18473,global,0.0
2,5,lr1e-05_bs16_drop0p2_temp2p0_a0p25_b0p05__wd1e-04trmiss0_degmodglobal,16,1e-05,0.0001,0.2,2.0,0.25,0.05,lr1e-05_bs16_drop0p2_temp2p0_a0p25_b0p05__wd1e-04trmiss0_degmodglobal,22,0.6922204494476318,0.727629542350769,0.3888888888888889,0.6407999407999408,0.23076923076923078,0.0,0.6454630196094513,0.669303834438324,0.06105266325175762,0.15306896017864347,0.0,0.0,0.0,0.0,0.0,18473,global,0.0
2,5,lr1e-05_bs16_drop0p2_temp2p0_a0p25_b0p05__wd1e-04trmiss0_degmodglobal,16,1e-05,0.0001,0.2,2.0,0.25,0.05,lr1e-05_bs16_drop0p2_temp2p0_a0p25_b0p05__wd1e-04trmiss0_degmodglobal,23,0.6974037438631058,0.7282148003578186,0.3888888888888889,0.6407999407999408,0.23076923076923078,0.0,0.6416354477405548,0.6736598610877991,0.06073668599128723,0.17119410075247288,0.0,0.0,0.0,0.0,0.0,18473,global,0.0
2,5,lr1e-05_bs16_drop0p2_temp2p0_a0p25_b0p05__wd1e-04trmiss0_degmodglobal,16,1e-05,0.0001,0.2,2.0,0.25,0.05,lr1e-05_bs16_drop0p2_temp2p0_a0p25_b0p05__wd1e-04trmiss0_degmodglobal,24,0.6856658905744553,0.7268512845039368,0.3888888888888889,0.6407999407999408,0.23076923076923078,0.0,0.6387377381324768,0.668894574046135,0.04842971730977297,0.09327762899920344,0.0,0.0,0.0,0.0,0.0,18473,global,0.0
2,5,lr1e-05_bs16_drop0p2_temp2p0_a0p25_b0p05__wd1e-04trmiss0_degmodglobal,16,1e-05,0.0001,0.2,2.0,0.25,0.05,lr1e-05_bs16_drop0p2_temp2p0_a0p25_b0p05__wd1e-04trmiss0_degmodglobal,25,0.7053792327642441,0.7250385284423828,0.3888888888888889,0.6407999407999408,0.23076923076923078,0.0,0.6373344510793686,0.6770475804805756,0.0712962606921792,0.21015192195773125,0.0,0.0,0.0,0.0,0.0,18473,global,0.0
2,5,lr1e-05_bs16_drop0p2_temp2p0_a0p25_b0p05__wd1e-04trmiss0_degmodglobal,16,1e-05,0.0001,0.2,2.0,0.25,0.05,lr1e-05_bs16_drop0p2_temp2p0_a0p25_b0p05__wd1e-04trmiss0_degmodglobal,26,0.7001992762088776,0.7252678871154785,0.3611111111111111,0.6308793058793059,0.23076923076923078,0.0,0.6313021779060364,0.6780437231063843,0.05609896406531334,0.16261626780033112,0.0,0.0,0.0,0.0,0.0,18473,global,0.0
2,5,lr1e-05_bs16_drop0p2_temp2p0_a0p25_b0p05__wd1e-04trmiss0_degmodglobal,16,1e-05,0.0001,0.2,2.0,0.25,0.05,lr1e-05_bs16_drop0p2_temp2p0_a0p25_b0p05__wd1e-04trmiss0_degmodglobal,27,0.6858654916286469,0.7252626419067383,0.3611111111111111,0.6308793058793059,0.23076923076923078,0.0,0.6331252157688141,0.6604663580656052,0.0669951606541872,0.17300690710544586,0.0,0.0,0.0,0.0,0.0,18473,global,0.0
2,5,lr1e-05_bs16_drop0p2_temp2p0_a0p25_b0p05__wd1e-04trmiss0_degmodglobal,16,1e-05,0.0001,0.2,2.0,0.25,0.05,lr1e-05_bs16_drop0p2_temp2p0_a0p25_b0p05__wd1e-04trmiss0_degmodglobal,28,0.6896989047527313,0.7256147265434265,0.3888888888888889,0.6407999407999408,0.23076923076923078,0.0,0.6406106352806091,0.6716533005237579,0.04573968565091491,0.1322131846100092,0.0,0.0,0.0,0.0,0.0,18473,global,0.0
2,5,lr1e-05_bs16_drop0p2_temp2p0_a0p25_b0p05__wd1e-04trmiss0_degmodglobal,16,1e-05,0.0001,0.2,2.0,0.25,0.05,lr1e-05_bs16_drop0p2_temp2p0_a0p25_b0p05__wd1e-04trmiss0_degmodglobal,29,0.657362699508667,0.7266783118247986,0.36111111111111116,0.6340659340659341,0.23076923076923078,0.0,0.6560648679733276,0.6409678906202316,0.041550100315362215,0.12014605477452278,0.0,0.0,0.0,0.0,0.0,18473,global,0.0
2,5,lr1e-05_bs16_drop0p2_temp2p0_a0p25_b0p05__wd1e-04trmiss0_degmodglobal,16,1e-05,0.0001,0.2,2.0,0.25,0.05,lr1e-05_bs16_drop0p2_temp2p0_a0p25_b0p05__wd1e-04trmiss0_degmodglobal,30,0.6845041215419769,0.724325954914093,0.33333333333333337,0.6241452991452991,0.23076923076923078,0.0,0.667894721031189,0.6603227853775024,0.06474453210830688,0.15990411303937435,0.0,0.0,0.0,0.0,0.0,18473,global,0.0
2,5,lr1e-05_bs16_drop0p2_temp2p0_a0p25_b0p05__wd1e-04trmiss0_degmodglobal,16,1e-05,0.0001,0.2,2.0,0.25,0.05,lr1e-05_bs16_drop0p2_temp2p0_a0p25_b0p05__wd1e-04trmiss0_degmodglobal,31,0.6945554465055466,0.7275898456573486,0.33333333333333337,0.6241452991452991,0.23076923076923078,0.0,0.6361540257930756,0.6731400936841965,0.05368780344724655,0.15986835211515427,0.0,0.0,0.0,0.0,0.0,18473,global,0.0
2,5,lr1e-05_bs16_drop0p2_temp2p0_a0p25_b0p05__wd1e-04trmiss0_degmodglobal,16,1e-05,0.0001,0.2,2.0,0.25,0.05,lr1e-05_bs16_drop0p2_temp2p0_a0p25_b0p05__wd1e-04trmiss0_degmodglobal,32,0.6965940594673157,0.7247214913368225,0.3611111111111111,0.6308793058793059,0.23076923076923078,0.0,0.6378547996282578,0.6733108311891556,0.055449074134230614,0.18841953203082085,0.0,0.0,0.0,0.0,0.0,18473,global,0.0
2,5,lr1e-05_bs16_drop0p4_temp1p0_a0p25_b0p05__wd1e-04trmiss0_degmodglobal,16,1e-05,0.0001,0.4,1.0,0.25,0.05,lr1e-05_bs16_drop0p4_temp1p0_a0p25_b0p05__wd1e-04trmiss0_degmodglobal,1,0.7059691697359085,0.7069228291511536,0.5,0.6972101972101973,0.38461538461538464,0.0,0.7526039779186249,0.6846193671226501,0.05419333465397358,0.15602907165884972,0.0,0.0,0.0,0.0,0.0,18473,global,0.0
2,5,lr1e-05_bs16_drop0p4_temp1p0_a0p25_b0p05__wd1e-04trmiss0_degmodglobal,16,1e-05,0.0001,0.4,1.0,0.25,0.05,lr1e-05_bs16_drop0p4_temp1p0_a0p25_b0p05__wd1e-04trmiss0_degmodglobal,2,0.719406858086586,0.7088702321052551,0.4722222222222222,0.6823953823953824,0.38461538461538464,0.0,0.7779228538274765,0.6995671689510345,0.04867809358984232,0.15340374037623405,0.0,0.0,0.0,0.0,0.0,18473,global,0.0
2,5,lr1e-05_bs16_drop0p4_temp1p0_a0p25_b0p05__wd1e-04trmiss0_degmodglobal,16,1e-05,0.0001,0.4,1.0,0.25,0.05,lr1e-05_bs16_drop0p4_temp1p0_a0p25_b0p05__wd1e-04trmiss0_degmodglobal,3,0.7234853953123093,0.70895916223526,0.4722222222222222,0.6823953823953824,0.46153846153846156,0.0,0.76350237429142,0.6904467046260834,0.07180891279131174,0.3017290886491537,0.0,0.0,0.0,0.0,0.0,18473,global,0.0
2,5,lr1e-05_bs16_drop0p4_temp1p0_a0p25_b0p05__wd1e-04trmiss0_degmodglobal,16,1e-05,0.0001,0.4,1.0,0.25,0.05,lr1e-05_bs16_drop0p4_temp1p0_a0p25_b0p05__wd1e-04trmiss0_degmodglobal,4,0.7474705576896667,0.7075843811035156,0.4722222222222222,0.6823953823953824,0.46153846153846156,0.0,0.7723607867956161,0.7242891192436218,0.053485131822526455,0.19620336219668388,0.0,0.0,0.0,0.0,0.0,18473,global,0.0
2,5,lr1e-05_bs16_drop0p4_temp1p0_a0p25_b0p05__wd1e-04trmiss0_degmodglobal,16,1e-05,0.0001,0.4,1.0,0.25,0.05,lr1e-05_bs16_drop0p4_temp1p0_a0p25_b0p05__wd1e-04trmiss0_degmodglobal,5,0.7283885329961777,0.7055943012237549,0.4722222222222222,0.6823953823953824,0.46153846153846156,0.0,0.7037109583616257,0.703959658741951,0.05924165342003107,0.19236921146512032,0.0,0.0,0.0,0.0,0.0,18473,global,0.0
2,5,lr1e-05_bs16_drop0p4_temp1p0_a0p25_b0p05__wd1e-04trmiss0_degmodglobal,16,1e-05,0.0001,0.4,1.0,0.25,0.05,lr1e-05_bs16_drop0p4_temp1p0_a0p25_b0p05__wd1e-04trmiss0_degmodglobal,6,0.6673993915319443,0.7046638131141663,0.5,0.6972101972101973,0.5384615384615384,0.0,0.7413815408945084,0.6442503482103348,0.05617228429764509,0.18211954459547997,0.0,0.0,0.0,0.0,0.0,18473,global,0.0
2,5,lr1e-05_bs16_drop0p4_temp1p0_a0p25_b0p05__wd1e-04trmiss0_degmodglobal,16,1e-05,0.0001,0.4,1.0,0.25,0.05,lr1e-05_bs16_drop0p4_temp1p0_a0p25_b0p05__wd1e-04trmiss0_degmodglobal,7,0.6766088306903839,0.7032797932624817,0.5277777777777778,0.7104377104377105,0.46153846153846156,0.0,0.7631827294826508,0.653916671872139,0.053398662246763706,0.18684977665543556,0.0,0.0,0.0,0.0,0.0,18473,global,0.0
2,5,lr1e-05_bs16_drop0p4_temp1p0_a0p25_b0p05__wd1e-04trmiss0_degmodglobal,16,1e-05,0.0001,0.4,1.0,0.25,0.05,lr1e-05_bs16_drop0p4_temp1p0_a0p25_b0p05__wd1e-04trmiss0_degmodglobal,8,0.7389645725488663,0.7029981017112732,0.5277777777777778,0.7104377104377105,0.46153846153846156,0.0,0.7432879656553268,0.7199550271034241,0.04785769106820226,0.14090227335691452,0.0,0.0,0.0,0.0,0.0,18473,global,0.0
2,5,lr1e-05_bs16_drop0p4_temp1p0_a0p25_b0p05__wd1e-04trmiss0_degmodglobal,16,1e-05,0.0001,0.4,1.0,0.25,0.05,lr1e-05_bs16_drop0p4_temp1p0_a0p25_b0p05__wd1e-04trmiss0_degmodglobal,9,0.7134570628404617,0.7015961408615112,0.5277777777777778,0.7104377104377105,0.5384615384615384,0.0,0.7374810725450516,0.6962185055017471,0.04435462225228548,0.12299809325486422,0.0,0.0,0.0,0.0,0.0,18473,global,0.0
2,5,lr1e-05_bs16_drop0p4_temp1p0_a0p25_b0p05__wd1e-04trmiss0_degmodglobal,16,1e-05,0.0001,0.4,1.0,0.25,0.05,lr1e-05_bs16_drop0p4_temp1p0_a0p25_b0p05__wd1e-04trmiss0_degmodglobal,10,0.7105254828929901,0.6986324191093445,0.5277777777777778,0.7104377104377105,0.5384615384615384,0.0,0.7605078220367432,0.6904956996440887,0.05316158942878246,0.13478779792785645,0.0,0.0,0.0,0.0,0.0,18473,global,0.0
2,5,lr1e-05_bs16_drop0p4_temp1p0_a0p25_b0p05__wd1e-04trmiss0_degmodglobal,16,1e-05,0.0001,0.4,1.0,0.25,0.05,lr1e-05_bs16_drop0p4_temp1p0_a0p25_b0p05__wd1e-04trmiss0_degmodglobal,11,0.6922056078910828,0.6966615319252014,0.5277777777777778,0.7104377104377105,0.5384615384615384,0.0,0.7389340847730637,0.672402948141098,0.04953489452600479,0.14837935660034418,0.0,0.0,0.0,0.0,0.0,18473,global,0.0
2,5,lr1e-05_bs16_drop0p4_temp1p0_a0p25_b0p05__wd1e-04trmiss0_degmodglobal,16,1e-05,0.0001,0.4,1.0,0.25,0.05,lr1e-05_bs16_drop0p4_temp1p0_a0p25_b0p05__wd1e-04trmiss0_degmodglobal,12,0.6796695739030838,0.6959549188613892,0.5277777777777778,0.7104377104377105,0.5384615384615384,0.0,0.7572701275348663,0.6582225561141968,0.0532607352361083,0.16263645142316818,0.0,0.0,0.0,0.0,0.0,18473,global,0.0
2,5,lr1e-05_bs16_drop0p4_temp1p0_a0p25_b0p05__wd1e-04trmiss0_degmodglobal,16,1e-05,0.0001,0.4,1.0,0.25,0.05,lr1e-05_bs16_drop0p4_temp1p0_a0p25_b0p05__wd1e-04trmiss0_degmodglobal,13,0.6951461583375931,0.6920294165611267,0.5277777777777778,0.7104377104377105,0.5384615384615384,0.0,0.7289101481437683,0.6754453331232071,0.05126229673624039,0.1377048920840025,0.0,0.0,0.0,0.0,0.0,18473,global,0.0
2,5,lr1e-05_bs16_drop0p4_temp1p0_a0p25_b0p05__wd1e-04trmiss0_degmodglobal,16,1e-05,0.0001,0.4,1.0,0.25,0.05,lr1e-05_bs16_drop0p4_temp1p0_a0p25_b0p05__wd1e-04trmiss0_degmodglobal,14,0.7031612247228622,0.6912278532981873,0.5,0.6972101972101973,0.5384615384615384,0.0,0.7561705708503723,0.677868977189064,0.06449975911527872,0.18334633857011795,0.0,0.0,0.0,0.0,0.0,18473,global,0.0
2,5,lr1e-05_bs16_drop0p4_temp1p0_a0p25_b0p05__wd1e-04trmiss0_degmodglobal,16,1e-05,0.0001,0.4,1.0,0.25,0.05,lr1e-05_bs16_drop0p4_temp1p0_a0p25_b0p05__wd1e-04trmiss0_degmodglobal,15,0.6801025420427322,0.6940799951553345,0.5,0.6972101972101973,0.5384615384615384,0.0,0.7393193989992142,0.6537944078445435,0.06525758560746908,0.19987500831484795,0.0,0.0,0.0,0.0,0.0,18473,global,0.0
2,5,lr1e-05_bs16_drop0p4_temp1p0_a0p25_b0p05__wd1e-04trmiss0_degmodglobal,16,1e-05,0.0001,0.4,1.0,0.25,0.05,lr1e-05_bs16_drop0p4_temp1p0_a0p25_b0p05__wd1e-04trmiss0_degmodglobal,16,0.6811988651752472,0.6963251233100891,0.5,0.6972101972101973,0.5384615384615384,0.0,0.7327267527580261,0.6624752730131149,0.04664600733667612,0.14124214835464954,0.0,0.0,0.0,0.0,0.0,18473,global,0.0
2,5,lr1e-05_bs16_drop0p4_temp1p0_a0p25_b0p05__wd1e-04trmiss0_degmodglobal,16,1e-05,0.0001,0.4,1.0,0.25,0.05,lr1e-05_bs16_drop0p4_temp1p0_a0p25_b0p05__wd1e-04trmiss0_degmodglobal,17,0.6665684878826141,0.6951136589050293,0.5,0.6972101972101973,0.5384615384615384,0.0,0.7604651004076004,0.6386709660291672,0.06228668335825205,0.24651679024100304,0.0,0.0,0.0,0.0,0.0,18473,global,0.0
2,5,lr1e-05_bs16_drop0p4_temp1p0_a0p25_b0p05__wd1e-04trmiss0_degmodglobal,16,1e-05,0.0001,0.4,1.0,0.25,0.05,lr1e-05_bs16_drop0p4_temp1p0_a0p25_b0p05__wd1e-04trmiss0_degmodglobal,18,0.6822873651981354,0.6946072578430176,0.5277777777777778,0.7064694564694565,0.5384615384615384,0.0,0.7298722416162491,0.6631021350622177,0.05020138807594776,0.13269779458642006,0.0,0.0,0.0,0.0,0.0,18473,global,0.0
2,5,lr1e-05_bs16_drop0p4_temp1p0_a0p25_b0p05__wd1e-04trmiss0_degmodglobal,16,1e-05,0.0001,0.4,1.0,0.25,0.05,lr1e-05_bs16_drop0p4_temp1p0_a0p25_b0p05__wd1e-04trmiss0_degmodglobal,19,0.6967834085226059,0.6935360431671143,0.5555555555555556,0.762025012025012,0.5384615384615384,0.0,0.8087930530309677,0.6676816195249557,0.06981691624969244,0.23295184969902039,0.0,0.0,0.0,0.0,0.0,18473,global,0.0
2,5,lr1e-05_bs16_drop0p4_temp1p0_a0p25_b0p05__wd1e-04trmiss0_degmodglobal,16,1e-05,0.0001,0.4,1.0,0.25,0.05,lr1e-05_bs16_drop0p4_temp1p0_a0p25_b0p05__wd1e-04trmiss0_degmodglobal,20,0.732189267873764,0.6947293877601624,0.5833333333333334,0.799062049062049,0.5384615384615384,0.0,0.7698796093463898,0.7116936296224594,0.04918164340779185,0.16400439478456974,0.0,0.0,0.0,0.0,0.0,18473,global,0.0
2,5,lr1e-05_bs16_drop0p4_temp1p0_a0p25_b0p05__wd1e-04trmiss0_degmodglobal,16,1e-05,0.0001,0.4,1.0,0.25,0.05,lr1e-05_bs16_drop0p4_temp1p0_a0p25_b0p05__wd1e-04trmiss0_degmodglobal,21,0.6584053635597229,0.6899006366729736,0.5833333333333334,0.799062049062049,0.5384615384615384,0.0,0.717464804649353,0.6415389180183411,0.03980094473809004,0.1383240409195423,0.0,0.0,0.0,0.0,0.0,18473,global,0.0
2,5,lr1e-05_bs16_drop0p4_temp1p0_a0p25_b0p05__wd1e-04trmiss0_degmodglobal,16,1e-05,0.0001,0.4,1.0,0.25,0.05,lr1e-05_bs16_drop0p4_temp1p0_a0p25_b0p05__wd1e-04trmiss0_degmodglobal,22,0.6967037469148636,0.6906304359436035,0.5833333333333334,0.799062049062049,0.5384615384615384,0.0,0.7764453142881393,0.6696993857622147,0.06473240908235312,0.21642542630434036,0.0,0.0,0.0,0.0,0.0,18473,global,0.0
2,5,lr1e-05_bs16_drop0p4_temp1p0_a0p25_b0p05__wd1e-04trmiss0_degmodglobal,16,1e-05,0.0001,0.4,1.0,0.25,0.05,lr1e-05_bs16_drop0p4_temp1p0_a0p25_b0p05__wd1e-04trmiss0_degmodglobal,23,0.6726826727390289,0.6884281635284424,0.6111111111111112,0.8122895622895623,0.5384615384615384,0.0,0.7160451263189316,0.6556260585784912,0.04508797684684396,0.11569191794842482,0.0,0.0,0.0,0.0,0.0,18473,global,0.0
2,5,lr1e-05_bs16_drop0p4_temp1p0_a0p25_b0p05__wd1e-04trmiss0_degmodglobal,16,1e-05,0.0001,0.4,1.0,0.25,0.05,lr1e-05_bs16_drop0p4_temp1p0_a0p25_b0p05__wd1e-04trmiss0_degmodglobal,24,0.6933025866746902,0.6908144354820251,0.5833333333333334,0.799062049062049,0.5384615384615384,0.0,0.739738866686821,0.674583226442337,0.04583484726026654,0.14521294087171555,0.0,0.0,0.0,0.0,0.0,18473,global,0.0
2,5,lr1e-05_bs16_drop0p4_temp1p0_a0p25_b0p05__wd1e-04trmiss0_degmodglobal,16,1e-05,0.0001,0.4,1.0,0.25,0.05,lr1e-05_bs16_drop0p4_temp1p0_a0p25_b0p05__wd1e-04trmiss0_degmodglobal,25,0.6311417371034622,0.6868266463279724,0.6111111111111112,0.8122895622895623,0.5384615384615384,0.0,0.6768278777599335,0.6085258424282074,0.05880684033036232,0.15828375332057476,0.0,0.0,0.0,0.0,0.0,18473,global,0.0
2,5,lr1e-05_bs16_drop0p4_temp1p0_a0p25_b0p05__wd1e-04trmiss0_degmodglobal,16,1e-05,0.0001,0.4,1.0,0.25,0.05,lr1e-05_bs16_drop0p4_temp1p0_a0p25_b0p05__wd1e-04trmiss0_degmodglobal,26,0.6679710149765015,0.6855849027633667,0.6111111111111112,0.8122895622895623,0.5384615384615384,0.0,0.6947356909513474,0.6469085216522217,0.04661951120942831,0.1881522536277771,0.0,0.0,0.0,0.0,0.0,18473,global,0.0
2,5,lr1e-05_bs16_drop0p4_temp1p0_a0p25_b0p05__wd1e-04trmiss0_degmodglobal,16,1e-05,0.0001,0.4,1.0,0.25,0.05,lr1e-05_bs16_drop0p4_temp1p0_a0p25_b0p05__wd1e-04trmiss0_degmodglobal,27,0.6272949725389481,0.6820055246353149,0.638888888888889,0.8209315375982045,0.5384615384615384,0.0,0.6869922429323196,0.6067335605621338,0.05071640759706497,0.15764645859599113,0.0,0.0,0.0,0.0,0.0,18473,global,0.0
2,5,lr1e-05_bs16_drop0p4_temp1p0_a0p25_b0p05__wd1e-04trmiss0_degmodglobal,16,1e-05,0.0001,0.4,1.0,0.25,0.05,lr1e-05_bs16_drop0p4_temp1p0_a0p25_b0p05__wd1e-04trmiss0_degmodglobal,28,0.6449418514966965,0.6843426823616028,0.6388888888888888,0.8354818021484689,0.5384615384615384,0.0,0.7261994034051895,0.6235034763813019,0.04835341591387987,0.18700021877884865,0.0,0.0,0.0,0.0,0.0,18473,global,0.0
2,5,lr1e-05_bs16_drop0p4_temp1p0_a0p25_b0p05__wd1e-04trmiss0_degmodglobal,16,1e-05,0.0001,0.4,1.0,0.25,0.05,lr1e-05_bs16_drop0p4_temp1p0_a0p25_b0p05__wd1e-04trmiss0_degmodglobal,29,0.6479527950286865,0.6843953728675842,0.6111111111111112,0.8268398268398269,0.5384615384615384,0.0,0.680811271071434,0.6249125599861145,0.0567738669924438,0.17693519592285156,0.0,0.0,0.0,0.0,0.0,18473,global,0.0
2,5,lr1e-05_bs16_drop0p4_temp1p0_a0p25_b0p05__wd1e-04trmiss0_degmodglobal,16,1e-05,0.0001,0.4,1.0,0.25,0.05,lr1e-05_bs16_drop0p4_temp1p0_a0p25_b0p05__wd1e-04trmiss0_degmodglobal,30,0.6461988389492035,0.6830294132232666,0.6388888888888888,0.8400673400673402,0.5384615384615384,0.0,0.6893666386604309,0.6272987127304077,0.046278142370283604,0.1466118060052395,0.0,0.0,0.0,0.0,0.0,18473,global,0.0
2,5,lr1e-05_bs16_drop0p4_temp1p0_a0p25_b0p05__wd1e-04trmiss0_degmodglobal,16,1e-05,0.0001,0.4,1.0,0.25,0.05,lr1e-05_bs16_drop0p4_temp1p0_a0p25_b0p05__wd1e-04trmiss0_degmodglobal,31,0.6922014504671097,0.685165286064148,0.6666666666666667,0.8487093153759822,0.5384615384615384,0.0,0.7214578241109848,0.6736057549715042,0.04580176901072264,0.14290528558194637,0.0,0.0,0.0,0.0,0.0,18473,global,0.0
2,5,lr1e-05_bs16_drop0p4_temp1p0_a0p25_b0p05__wd1e-04trmiss0_degmodglobal,16,1e-05,0.0001,0.4,1.0,0.25,0.05,lr1e-05_bs16_drop0p4_temp1p0_a0p25_b0p05__wd1e-04trmiss0_degmodglobal,32,0.6310084611177444,0.6833135485649109,0.6944444444444444,0.8709315375982045,0.5384615384615384,0.0,0.6766981184482574,0.611077219247818,0.05057273153215647,0.14576132781803608,0.0,0.0,0.0,0.0,0.0,18473,global,0.0
2,5,lr1e-05_bs16_drop0p4_temp1p0_a0p25_b0p05__wd1e-04trmiss0_degmodglobal,16,1e-05,0.0001,0.4,1.0,0.25,0.05,lr1e-05_bs16_drop0p4_temp1p0_a0p25_b0p05__wd1e-04trmiss0_degmodglobal,33,0.653106227517128,0.687157154083252,0.6388888888888888,0.8354818021484689,0.5384615384615384,0.0,0.729447528719902,0.6347537338733673,0.04816792067140341,0.12621035613119602,0.0,0.0,0.0,0.0,0.0,18473,global,0.0
2,5,lr1e-05_bs16_drop0p4_temp1p0_a0p25_b0p05__wd1e-04trmiss0_degmodglobal,16,1e-05,0.0001,0.4,1.0,0.25,0.05,lr1e-05_bs16_drop0p4_temp1p0_a0p25_b0p05__wd1e-04trmiss0_degmodglobal,34,0.6369653046131134,0.684775173664093,0.6388888888888888,0.8354818021484689,0.5384615384615384,0.0,0.6937503665685654,0.620246022939682,0.04450846929103136,0.11184348724782467,0.0,0.0,0.0,0.0,0.0,18473,global,0.0
2,5,lr1e-05_bs16_drop0p4_temp1p0_a0p25_b0p05__wd1e-04trmiss0_degmodglobal,16,1e-05,0.0001,0.4,1.0,0.25,0.05,lr1e-05_bs16_drop0p4_temp1p0_a0p25_b0p05__wd1e-04trmiss0_degmodglobal,35,0.6587381958961487,0.6844853162765503,0.6388888888888888,0.8354818021484689,0.5384615384615384,0.0,0.6903804391622543,0.6401371657848358,0.04895333293825388,0.1272536814212799,0.0,0.0,0.0,0.0,0.0,18473,global,0.0
2,5,lr1e-05_bs16_drop0p4_temp1p0_a0p25_b0p05__wd1e-04trmiss0_degmodglobal,16,1e-05,0.0001,0.4,1.0,0.25,0.05,lr1e-05_bs16_drop0p4_temp1p0_a0p25_b0p05__wd1e-04trmiss0_degmodglobal,36,0.693925753235817,0.6843040585517883,0.6666666666666666,0.8577040243706913,0.5384615384615384,0.0,0.6813795268535614,0.6771252602338791,0.04141430277377367,0.1289382390677929,0.0,0.0,0.0,0.0,0.0,18473,global,0.0
2,5,lr1e-05_bs16_drop0p4_temp1p0_a0p25_b0p05__wd1e-04trmiss0_degmodglobal,16,1e-05,0.0001,0.4,1.0,0.25,0.05,lr1e-05_bs16_drop0p4_temp1p0_a0p25_b0p05__wd1e-04trmiss0_degmodglobal,37,0.6570857614278793,0.6783532500267029,0.6388888888888888,0.8354818021484689,0.5384615384615384,0.0,0.6715855300426483,0.634337767958641,0.05122275743633509,0.19884584099054337,0.0,0.0,0.0,0.0,0.0,18473,global,0.0
2,5,lr1e-05_bs16_drop0p4_temp1p0_a0p25_b0p05__wd1e-04trmiss0_degmodglobal,16,1e-05,0.0001,0.4,1.0,0.25,0.05,lr1e-05_bs16_drop0p4_temp1p0_a0p25_b0p05__wd1e-04trmiss0_degmodglobal,38,0.6452990621328354,0.6780343055725098,0.6388888888888888,0.8354818021484689,0.5384615384615384,0.0,0.6808811128139496,0.6258786171674728,0.04577233921736479,0.15954721346497536,0.0,0.0,0.0,0.0,0.0,18473,global,0.0
2,5,lr1e-05_bs16_drop0p4_temp1p0_a0p25_b0p05__wd1e-04trmiss0_degmodglobal,16,1e-05,0.0001,0.4,1.0,0.25,0.05,lr1e-05_bs16_drop0p4_temp1p0_a0p25_b0p05__wd1e-04trmiss0_degmodglobal,39,0.6568488478660583,0.6809645891189575,0.6666666666666666,0.8577040243706913,0.5384615384615384,0.0,0.6906521320343018,0.6393190026283264,0.03770653065294027,0.16206449456512928,0.0,0.0,0.0,0.0,0.0,18473,global,0.0
2,5,lr1e-05_bs16_drop0p4_temp1p0_a0p25_b0p05__wd1e-04trmiss0_degmodglobal,16,1e-05,0.0001,0.4,1.0,0.25,0.05,lr1e-05_bs16_drop0p4_temp1p0_a0p25_b0p05__wd1e-04trmiss0_degmodglobal,40,0.6730988621711731,0.6804287433624268,0.6388888888888888,0.8354818021484689,0.5384615384615384,0.0,0.7025324404239655,0.6498691439628601,0.053843382745981216,0.1953776553273201,0.0,0.0,0.0,0.0,0.0,18473,global,0.0
2,5,lr1e-05_bs16_drop0p4_temp1p0_a0p25_b0p05__wd1e-04trmiss0_degmodglobal,16,1e-05,0.0001,0.4,1.0,0.25,0.05,lr1e-05_bs16_drop0p4_temp1p0_a0p25_b0p05__wd1e-04trmiss0_degmodglobal,41,0.6442559957504272,0.6809931993484497,0.6666666666666666,0.8577040243706913,0.5384615384615384,0.0,0.7115460485219955,0.6283196359872818,0.03797861002385616,0.1288342084735632,0.0,0.0,0.0,0.0,0.0,18473,global,0.0
2,5,lr1e-05_bs16_drop0p4_temp1p0_a0p25_b0p05__wd1e-04trmiss0_degmodglobal,16,1e-05,0.0001,0.4,1.0,0.25,0.05,lr1e-05_bs16_drop0p4_temp1p0_a0p25_b0p05__wd1e-04trmiss0_degmodglobal,42,0.6136619597673416,0.6803112030029297,0.6666666666666666,0.8577040243706913,0.5384615384615384,0.0,0.6526056826114655,0.5914295166730881,0.055317246820777655,0.16806224919855595,0.0,0.0,0.0,0.0,0.0,18473,global,0.0
2,5,lr1e-05_bs16_drop0p4_temp1p0_a0p25_b0p05__wd1e-04trmiss0_degmodglobal,16,1e-05,0.0001,0.4,1.0,0.25,0.05,lr1e-05_bs16_drop0p4_temp1p0_a0p25_b0p05__wd1e-04trmiss0_degmodglobal,43,0.6491768956184387,0.6825853586196899,0.6666666666666666,0.8577040243706913,0.5384615384615384,0.0,0.7073856145143509,0.6312317699193954,0.0449875732883811,0.1339648887515068,0.0,0.0,0.0,0.0,0.0,18473,global,0.0
2,5,lr1e-05_bs16_drop0p4_temp1p0_a0p25_b0p05__wd1e-04trmiss0_degmodglobal,16,1e-05,0.0001,0.4,1.0,0.25,0.05,lr1e-05_bs16_drop0p4_temp1p0_a0p25_b0p05__wd1e-04trmiss0_degmodglobal,44,0.6062474995851517,0.6803213357925415,0.6666666666666666,0.8577040243706913,0.5384615384615384,0.0,0.6682168841362,0.5859759747982025,0.050089092925190926,0.1549847237765789,0.0,0.0,0.0,0.0,0.0,18473,global,0.0
2,5,lr1e-05_bs16_drop0p4_temp1p0_a0p25_b0p05__wd1e-04trmiss0_degmodglobal,16,1e-05,0.0001,0.4,1.0,0.25,0.05,lr1e-05_bs16_drop0p4_temp1p0_a0p25_b0p05__wd1e-04trmiss0_degmodglobal,45,0.6302717924118042,0.6783824563026428,0.6666666666666666,0.8577040243706913,0.5384615384615384,0.0,0.6765385568141937,0.6144073754549026,0.03834415413439274,0.1255675908178091,0.0,0.0,0.0,0.0,0.0,18473,global,0.0
2,5,lr1e-05_bs16_drop0p4_temp1p0_a0p25_b0p05__wd1e-04trmiss0_degmodglobal,16,1e-05,0.0001,0.4,1.0,0.25,0.05,lr1e-05_bs16_drop0p4_temp1p0_a0p25_b0p05__wd1e-04trmiss0_degmodglobal,46,0.6369268298149109,0.6811058521270752,0.6666666666666666,0.8577040243706913,0.5384615384615384,0.0,0.6548630148172379,0.6161676049232483,0.05056874454021454,0.16234072484076023,0.0,0.0,0.0,0.0,0.0,18473,global,0.0
2,5,lr1e-05_bs16_drop0p4_temp1p0_a0p25_b0p05__wd1e-04trmiss0_degmodglobal,16,1e-05,0.0001,0.4,1.0,0.25,0.05,lr1e-05_bs16_drop0p4_temp1p0_a0p25_b0p05__wd1e-04trmiss0_degmodglobal,47,0.6103353947401047,0.6806883215904236,0.6666666666666666,0.8577040243706913,0.46153846153846156,0.0,0.6510459631681442,0.593857154250145,0.04549607075750828,0.10208457987755537,0.0,0.0,0.0,0.0,0.0,18473,global,0.0
2,5,lr1e-05_bs16_drop0p4_temp1p0_a0p25_b0p05__wd1e-04trmiss0_degmodglobal,16,1e-05,0.0001,0.4,1.0,0.25,0.05,lr1e-05_bs16_drop0p4_temp1p0_a0p25_b0p05__wd1e-04trmiss0_degmodglobal,48,0.6472818553447723,0.6820271015167236,0.6666666666666666,0.8577040243706913,0.5384615384615384,0.0,0.7227653861045837,0.6270232945680618,0.04837683402001858,0.16328705102205276,0.0,0.0,0.0,0.0,0.0,18473,global,0.0
2,5,lr1e-05_bs16_drop0p4_temp1p0_a0p25_b0p05__wd1e-04trmiss0_degmodglobal,16,1e-05,0.0001,0.4,1.0,0.25,0.05,lr1e-05_bs16_drop0p4_temp1p0_a0p25_b0p05__wd1e-04trmiss0_degmodglobal,49,0.6439722180366516,0.6842153072357178,0.6666666666666666,0.8577040243706913,0.5384615384615384,0.0,0.7396914809942245,0.6156764477491379,0.06395122036337852,0.24615933373570442,0.0,0.0,0.0,0.0,0.0,18473,global,0.0
2,5,lr1e-05_bs16_drop0p4_temp1p0_a0p25_b0p05__wd1e-04trmiss0_degmodglobal,16,1e-05,0.0001,0.4,1.0,0.25,0.05,lr1e-05_bs16_drop0p4_temp1p0_a0p25_b0p05__wd1e-04trmiss0_degmodglobal,50,0.6106761544942856,0.6833310127258301,0.6666666666666666,0.8577040243706913,0.5384615384615384,0.0,0.658357635140419,0.5889008790254593,0.05842441879212856,0.14338300377130508,0.0,0.0,0.0,0.0,0.0,18473,global,0.0
2,5,lr1e-05_bs16_drop0p4_temp1p0_a0p25_b0p05__wd1e-04trmiss0_degmodglobal,16,1e-05,0.0001,0.4,1.0,0.25,0.05,lr1e-05_bs16_drop0p4_temp1p0_a0p25_b0p05__wd1e-04trmiss0_degmodglobal,51,0.6377130597829819,0.6840274930000305,0.6666666666666666,0.8577040243706913,0.5384615384615384,0.0,0.6923135071992874,0.6215156614780426,0.03835183288902044,0.13218874111771584,0.0,0.0,0.0,0.0,0.0,18473,global,0.0
2,5,lr1e-05_bs16_drop0p4_temp1p0_a0p25_b0p05__wd1e-04trmiss0_degmodglobal,16,1e-05,0.0001,0.4,1.0,0.25,0.05,lr1e-05_bs16_drop0p4_temp1p0_a0p25_b0p05__wd1e-04trmiss0_degmodglobal,52,0.6135741174221039,0.6862958073616028,0.6666666666666666,0.8577040243706913,0.5384615384615384,0.0,0.6483386904001236,0.5950306504964828,0.049041503109037876,0.12566214241087437,0.0,0.0,0.0,0.0,0.0,18473,global,0.0
2,5,lr1e-05_bs16_drop0p4_temp2p0_a0p25_b0p05__wd1e-04trmiss0_degmodglobal,16,1e-05,0.0001,0.4,2.0,0.25,0.05,lr1e-05_bs16_drop0p4_temp2p0_a0p25_b0p05__wd1e-04trmiss0_degmodglobal,1,0.7305562049150467,0.6828079223632812,0.6111111111111112,0.8308080808080809,0.6153846153846154,0.0,0.696348175406456,0.7061733901500702,0.07043612748384476,0.13547569327056408,0.0,0.0,0.0,0.0,0.0,18473,global,0.0
2,5,lr1e-05_bs16_drop0p4_temp2p0_a0p25_b0p05__wd1e-04trmiss0_degmodglobal,16,1e-05,0.0001,0.4,2.0,0.25,0.05,lr1e-05_bs16_drop0p4_temp2p0_a0p25_b0p05__wd1e-04trmiss0_degmodglobal,2,0.7027782648801804,0.6819004416465759,0.6111111111111112,0.8122895622895623,0.6153846153846154,0.0,0.7314723134040833,0.6731446981430054,0.06653928570449352,0.2599743939936161,0.0,0.0,0.0,0.0,0.0,18473,global,0.0
2,5,lr1e-05_bs16_drop0p4_temp2p0_a0p25_b0p05__wd1e-04trmiss0_degmodglobal,16,1e-05,0.0001,0.4,2.0,0.25,0.05,lr1e-05_bs16_drop0p4_temp2p0_a0p25_b0p05__wd1e-04trmiss0_degmodglobal,3,0.7336249202489853,0.681373119354248,0.638888888888889,0.8209315375982045,0.6153846153846154,0.0,0.7307489812374115,0.6982879787683487,0.08137878216803074,0.29984499514102936,0.0,0.0,0.0,0.0,0.0,18473,global,0.0
2,5,lr1e-05_bs16_drop0p4_temp2p0_a0p25_b0p05__wd1e-04trmiss0_degmodglobal,16,1e-05,0.0001,0.4,2.0,0.25,0.05,lr1e-05_bs16_drop0p4_temp2p0_a0p25_b0p05__wd1e-04trmiss0_degmodglobal,4,0.6788392812013626,0.6796979308128357,0.5833333333333334,0.8030303030303032,0.5384615384615384,0.0,0.7030284255743027,0.6538292318582535,0.06407403107732534,0.17983067780733109,0.0,0.0,0.0,0.0,0.0,18473,global,0.0
2,5,lr1e-05_bs16_drop0p4_temp2p0_a0p25_b0p05__wd1e-04trmiss0_degmodglobal,16,1e-05,0.0001,0.4,2.0,0.25,0.05,lr1e-05_bs16_drop0p4_temp2p0_a0p25_b0p05__wd1e-04trmiss0_degmodglobal,5,0.6816535443067551,0.6801673769950867,0.6111111111111112,0.8122895622895623,0.5384615384615384,0.0,0.6828555315732956,0.656400740146637,0.06320310197770596,0.18904061894863844,0.0,0.0,0.0,0.0,0.0,18473,global,0.0
2,5,lr1e-05_bs16_drop0p4_temp2p0_a0p25_b0p05__wd1e-04trmiss0_degmodglobal,16,1e-05,0.0001,0.4,2.0,0.25,0.05,lr1e-05_bs16_drop0p4_temp2p0_a0p25_b0p05__wd1e-04trmiss0_degmodglobal,6,0.7256122678518295,0.679057240486145,0.6111111111111112,0.8122895622895623,0.5384615384615384,0.0,0.7342810034751892,0.6986962109804153,0.066505610011518,0.20579315721988678,0.0,0.0,0.0,0.0,0.0,18473,global,0.0
2,5,lr1e-05_bs16_drop0p4_temp2p0_a0p25_b0p05__wd1e-04trmiss0_degmodglobal,16,1e-05,0.0001,0.4,2.0,0.25,0.05,lr1e-05_bs16_drop0p4_temp2p0_a0p25_b0p05__wd1e-04trmiss0_degmodglobal,7,0.7164844870567322,0.6815260052680969,0.6111111111111112,0.8122895622895623,0.5384615384615384,0.0,0.663841038942337,0.6902868747711182,0.06317696627229452,0.20806748047471046,0.0,0.0,0.0,0.0,0.0,18473,global,0.0
2,5,lr1e-05_bs16_drop0p4_temp2p0_a0p25_b0p05__wd1e-04trmiss0_degmodglobal,16,1e-05,0.0001,0.4,2.0,0.25,0.05,lr1e-05_bs16_drop0p4_temp2p0_a0p25_b0p05__wd1e-04trmiss0_degmodglobal,8,0.694796547293663,0.6792489290237427,0.638888888888889,0.8209315375982045,0.5384615384615384,0.0,0.7109794020652771,0.6708056330680847,0.060596114955842495,0.17683769017457962,0.0,0.0,0.0,0.0,0.0,18473,global,0.0
2,5,lr1e-05_bs16_drop0p4_temp2p0_a0p25_b0p05__wd1e-04trmiss0_degmodglobal,16,1e-05,0.0001,0.4,2.0,0.25,0.05,lr1e-05_bs16_drop0p4_temp2p0_a0p25_b0p05__wd1e-04trmiss0_degmodglobal,9,0.6782332062721252,0.6797128915786743,0.6111111111111112,0.8145212811879479,0.5384615384615384,0.0,0.6905351281166077,0.6589619666337967,0.04918229952454567,0.13951343670487404,0.0,0.0,0.0,0.0,0.0,18473,global,0.0
2,5,lr1e-05_bs16_drop0p4_temp2p0_a0p25_b0p05__wd1e-04trmiss0_degmodglobal,16,1e-05,0.0001,0.4,2.0,0.25,0.05,lr1e-05_bs16_drop0p4_temp2p0_a0p25_b0p05__wd1e-04trmiss0_degmodglobal,10,0.6526505053043365,0.6775099039077759,0.5555555555555556,0.7926517926517926,0.5384615384615384,0.0,0.7142361849546432,0.6171420216560364,0.08241087570786476,0.29811590537428856,0.0,0.0,0.0,0.0,0.0,18473,global,0.0
2,5,lr1e-05_bs16_drop0p4_temp2p0_a0p25_b0p05__wd1e-04trmiss0_degmodglobal,16,1e-05,0.0001,0.4,2.0,0.25,0.05,lr1e-05_bs16_drop0p4_temp2p0_a0p25_b0p05__wd1e-04trmiss0_degmodglobal,11,0.6850766837596893,0.6782711148262024,0.5,0.7685777185777187,0.5384615384615384,0.0,0.6957795470952988,0.662936344742775,0.05959670851007104,0.14482303988188505,0.0,0.0,0.0,0.0,0.0,18473,global,0.0
2,5,lr1e-05_bs16_drop0p4_temp2p0_a0p25_b0p05__wd1e-04trmiss0_degmodglobal,16,1e-05,0.0001,0.4,2.0,0.25,0.05,lr1e-05_bs16_drop0p4_temp2p0_a0p25_b0p05__wd1e-04trmiss0_degmodglobal,12,0.6842096000909805,0.6765806674957275,0.5277777777777778,0.7833925333925336,0.5384615384615384,0.0,0.6934210360050201,0.6643377244472504,0.05459942948073149,0.12444023042917252,0.0,0.0,0.0,0.0,0.0,18473,global,0.0
2,5,lr1e-05_bs16_drop0p4_temp2p0_a0p25_b0p05__wd1e-04trmiss0_degmodglobal,16,1e-05,0.0001,0.4,2.0,0.25,0.05,lr1e-05_bs16_drop0p4_temp2p0_a0p25_b0p05__wd1e-04trmiss0_degmodglobal,13,0.6850314736366272,0.6759566068649292,0.5277777777777778,0.7833925333925336,0.5384615384615384,0.0,0.7073582708835602,0.6560076624155045,0.06932099629193544,0.233871228992939,0.0,0.0,0.0,0.0,0.0,18473,global,0.0
2,5,lr1e-05_bs16_drop0p4_temp2p0_a0p25_b0p05__wd1e-04trmiss0_degmodglobal,16,1e-05,0.0001,0.4,2.0,0.25,0.05,lr1e-05_bs16_drop0p4_temp2p0_a0p25_b0p05__wd1e-04trmiss0_degmodglobal,14,0.6630332320928574,0.6749838590621948,0.5555555555555556,0.7926517926517926,0.5384615384615384,0.0,0.6691685318946838,0.6415137201547623,0.04990831483155489,0.1808485947549343,0.0,0.0,0.0,0.0,0.0,18473,global,0.0
2,5,lr1e-05_bs16_drop0p4_temp2p0_a0p25_b0p05__wd1e-04trmiss0_degmodglobal,16,1e-05,0.0001,0.4,2.0,0.25,0.05,lr1e-05_bs16_drop0p4_temp2p0_a0p25_b0p05__wd1e-04trmiss0_degmodglobal,15,0.6651902943849564,0.6751540303230286,0.5833333333333334,0.8012937679604346,0.5384615384615384,0.0,0.6913443058729172,0.6434163600206375,0.054993468336761,0.1605115681886673,0.0,0.0,0.0,0.0,0.0,18473,global,0.0
2,5,lr1e-05_bs16_drop0p4_temp2p0_a0p25_b0p05__wd1e-04trmiss0_degmodglobal,16,1e-05,0.0001,0.4,2.0,0.25,0.05,lr1e-05_bs16_drop0p4_temp2p0_a0p25_b0p05__wd1e-04trmiss0_degmodglobal,16,0.6849762499332428,0.672902524471283,0.5833333333333334,0.8012937679604346,0.5384615384615384,0.0,0.6788389086723328,0.6601105630397797,0.06222760025411844,0.18617546185851097,0.0,0.0,0.0,0.0,0.0,18473,global,0.0
2,5,lr1e-05_bs16_drop0p4_temp2p0_a0p25_b0p05__wd1e-04trmiss0_degmodglobal,16,1e-05,0.0001,0.4,2.0,0.25,0.05,lr1e-05_bs16_drop0p4_temp2p0_a0p25_b0p05__wd1e-04trmiss0_degmodglobal,17,0.6617959290742874,0.6712542772293091,0.6111111111111112,0.8093745760412427,0.6153846153846154,0.0,0.6767373085021973,0.6394930630922318,0.0607305271551013,0.14240439981222153,0.0,0.0,0.0,0.0,0.0,18473,global,0.0
2,5,lr1e-05_bs16_drop0p4_temp2p0_a0p25_b0p05__wd1e-04trmiss0_degmodglobal,16,1e-05,0.0001,0.4,2.0,0.25,0.05,lr1e-05_bs16_drop0p4_temp2p0_a0p25_b0p05__wd1e-04trmiss0_degmodglobal,18,0.6496892273426056,0.672058641910553,0.5833333333333334,0.8012937679604346,0.5384615384615384,0.0,0.6743325442075729,0.6263080984354019,0.05736614391207695,0.18079185113310814,0.0,0.0,0.0,0.0,0.0,18473,global,0.0
2,5,lr1e-05_bs16_drop0p4_temp2p0_a0p25_b0p05__wd1e-04trmiss0_degmodglobal,16,1e-05,0.0001,0.4,2.0,0.25,0.05,lr1e-05_bs16_drop0p4_temp2p0_a0p25_b0p05__wd1e-04trmiss0_degmodglobal,19,0.6521447002887726,0.6716511845588684,0.5833333333333334,0.8012937679604346,0.5384615384615384,0.0,0.6988215446472168,0.6311255842447281,0.05189234111458063,0.16092034243047237,0.0,0.0,0.0,0.0,0.0,18473,global,0.0
2,5,lr1e-05_bs16_drop0p4_temp2p0_a0p25_b0p05__wd1e-04trmiss0_degmodglobal,16,1e-05,0.0001,0.4,2.0,0.25,0.05,lr1e-05_bs16_drop0p4_temp2p0_a0p25_b0p05__wd1e-04trmiss0_degmodglobal,20,0.6820517182350159,0.6710368990898132,0.5833333333333334,0.8012937679604346,0.6153846153846154,0.0,0.6620695739984512,0.6577534079551697,0.06015883758664131,0.18517204374074936,0.0,0.0,0.0,0.0,0.0,18473,global,0.0
2,5,lr1e-05_bs16_drop0p4_temp2p0_a0p25_b0p05__wd1e-04trmiss0_degmodglobal,16,1e-05,0.0001,0.4,2.0,0.25,0.05,lr1e-05_bs16_drop0p4_temp2p0_a0p25_b0p05__wd1e-04trmiss0_degmodglobal,21,0.6690183281898499,0.6717384457588196,0.5833333333333334,0.8012937679604346,0.6153846153846154,0.0,0.6967514902353287,0.6489668935537338,0.055528223514556885,0.12338745221495628,0.0,0.0,0.0,0.0,0.0,18473,global,0.0
2,5,lr1e-05_bs16_drop0p4_temp2p0_a0p25_b0p05__wd1e-04trmiss0_degmodglobal,16,1e-05,0.0001,0.4,2.0,0.25,0.05,lr1e-05_bs16_drop0p4_temp2p0_a0p25_b0p05__wd1e-04trmiss0_degmodglobal,22,0.6533598303794861,0.6704660654067993,0.5833333333333334,0.8012937679604346,0.6153846153846154,0.0,0.6625153124332428,0.6333875507116318,0.05402429401874542,0.12932386808097363,0.0,0.0,0.0,0.0,0.0,18473,global,0.0
2,5,lr1e-05_bs16_drop0p4_temp2p0_a0p25_b0p05__wd1e-04trmiss0_degmodglobal,16,1e-05,0.0001,0.4,2.0,0.25,0.05,lr1e-05_bs16_drop0p4_temp2p0_a0p25_b0p05__wd1e-04trmiss0_degmodglobal,23,0.6563413143157959,0.6728417277336121,0.5555555555555556,0.7864789531456198,0.5384615384615384,0.0,0.6744016706943512,0.6365954130887985,0.0548498434945941,0.120669009629637,0.0,0.0,0.0,0.0,0.0,18473,global,0.0
2,5,lr1e-05_bs16_drop0p4_temp2p0_a0p25_b0p05__wd1e-04trmiss0_degmodglobal,16,1e-05,0.0001,0.4,2.0,0.25,0.05,lr1e-05_bs16_drop0p4_temp2p0_a0p25_b0p05__wd1e-04trmiss0_degmodglobal,24,0.6636167615652084,0.6744986772537231,0.5277777777777778,0.7778369778369778,0.5384615384615384,0.0,0.6583128273487091,0.6439659297466278,0.04961336683481932,0.14494936540722847,0.0,0.0,0.0,0.0,0.0,18473,global,0.0
2,5,lr1e-05_bs16_drop0p4_temp2p0_a0p25_b0p05__wd1e-04trmiss0_degmodglobal,16,1e-05,0.0001,0.4,2.0,0.25,0.05,lr1e-05_bs16_drop0p4_temp2p0_a0p25_b0p05__wd1e-04trmiss0_degmodglobal,25,0.6511254161596298,0.6732974648475647,0.5555555555555556,0.7864789531456198,0.5384615384615384,0.0,0.6519114822149277,0.6300086081027985,0.05618296470493078,0.14142166264355183,0.0,0.0,0.0,0.0,0.0,18473,global,0.0
2,5,lr1e-05_bs16_drop0p4_temp2p0_a0p25_b0p05__wd1e-04trmiss0_degmodglobal,16,1e-05,0.0001,0.4,2.0,0.25,0.05,lr1e-05_bs16_drop0p4_temp2p0_a0p25_b0p05__wd1e-04trmiss0_degmodglobal,26,0.6440746188163757,0.6729580163955688,0.5277777777777778,0.7778369778369778,0.5384615384615384,0.0,0.6550178676843643,0.6224433779716492,0.05150577146559954,0.17509561777114868,0.0,0.0,0.0,0.0,0.0,18473,global,0.0
2,5,lr1e-05_bs16_drop0p4_temp2p0_a0p25_b0p05__wd1e-04trmiss0_degmodglobal,16,1e-05,0.0001,0.4,2.0,0.25,0.05,lr1e-05_bs16_drop0p4_temp2p0_a0p25_b0p05__wd1e-04trmiss0_degmodglobal,27,0.6466368585824966,0.6731611490249634,0.5,0.7685777185777187,0.5384615384615384,0.0,0.666268065571785,0.6143599450588226,0.0753876380622387,0.2685999646782875,0.0,0.0,0.0,0.0,0.0,18473,global,0.0
2,5,lr1e-05_bs16_drop0p4_temp2p0_a0p25_b0p05__wd1e-04trmiss0_degmodglobal,16,1e-05,0.0001,0.4,2.0,0.25,0.05,lr1e-05_bs16_drop0p4_temp2p0_a0p25_b0p05__wd1e-04trmiss0_degmodglobal,28,0.6790288090705872,0.6708824634552002,0.5277777777777778,0.7963554963554964,0.5384615384615384,0.0,0.648498460650444,0.6628860980272293,0.045489249750971794,0.09540815092623234,0.0,0.0,0.0,0.0,0.0,18473,global,0.0
3,1,lr1e-04_bs8_drop0p2_temp1p0_a0p25_b0p05__wd1e-04trmiss0_degmodglobal,8,0.0001,0.0001,0.2,1.0,0.25,0.05,lr1e-04_bs8_drop0p2_temp1p0_a0p25_b0p05__wd1e-04trmiss0_degmodglobal,1,0.7143774543489728,0.6656298339366913,0.6666666666666666,0.8193019943019944,0.6428571428571429,0.0,0.6973363671983991,0.7001819269997733,0.0377481962953295,0.09516966928328786,0.0,0.0,0.0,0.0,0.0,18473,global,0.0
3,1,lr1e-04_bs8_drop0p2_temp1p0_a0p25_b0p05__wd1e-04trmiss0_degmodglobal,8,0.0001,0.0001,0.2,1.0,0.25,0.05,lr1e-04_bs8_drop0p2_temp1p0_a0p25_b0p05__wd1e-04trmiss0_degmodglobal,2,0.6776288662637983,0.6591988801956177,0.6444444444444445,0.8333672500339169,0.6428571428571429,0.0,0.6513881598200116,0.6656767470496041,0.03249914598252092,0.07654641409005437,0.0,0.0,0.0,0.0,0.0,18473,global,0.0
3,1,lr1e-04_bs8_drop0p2_temp1p0_a0p25_b0p05__wd1e-04trmiss0_degmodglobal,8,0.0001,0.0001,0.2,1.0,0.25,0.05,lr1e-04_bs8_drop0p2_temp1p0_a0p25_b0p05__wd1e-04trmiss0_degmodglobal,3,0.6730670162609645,0.6570355296134949,0.6888888888888889,0.8651132817799485,0.5714285714285714,0.0,0.6322018674441746,0.65767788035529,0.0401522559779031,0.10702139032738549,0.0,0.0,0.0,0.0,0.0,18473,global,0.0
3,1,lr1e-04_bs8_drop0p2_temp1p0_a0p25_b0p05__wd1e-04trmiss0_degmodglobal,8,0.0001,0.0001,0.2,1.0,0.25,0.05,lr1e-04_bs8_drop0p2_temp1p0_a0p25_b0p05__wd1e-04trmiss0_degmodglobal,4,0.6468278850827899,0.6567895710468292,0.6444444444444445,0.8243725410392078,0.5714285714285714,0.0,0.6011993714741298,0.6331918580191476,0.03533426033599036,0.09604927524924278,0.0,0.0,0.0,0.0,0.0,18473,global,0.0
3,1,lr1e-04_bs8_drop0p2_temp1p0_a0p25_b0p05__wd1e-04trmiss0_degmodglobal,8,0.0001,0.0001,0.2,1.0,0.25,0.05,lr1e-04_bs8_drop0p2_temp1p0_a0p25_b0p05__wd1e-04trmiss0_degmodglobal,5,0.6397037846701485,0.6646568775177002,0.5555555555555556,0.7676545676545676,0.5714285714285714,0.0,0.5916044286319188,0.6230312415531704,0.0454660529004676,0.106120693896498,0.0,0.0,0.0,0.0,0.0,18473,global,0.0
3,1,lr1e-04_bs8_drop0p2_temp1p0_a0p25_b0p05__wd1e-04trmiss0_degmodglobal,8,0.0001,0.0001,0.2,1.0,0.25,0.05,lr1e-04_bs8_drop0p2_temp1p0_a0p25_b0p05__wd1e-04trmiss0_degmodglobal,6,0.6268364701952253,0.6710242629051208,0.4444444444444444,0.687197370530704,0.6428571428571429,0.0,0.588485836982727,0.6116489171981812,0.043462127181036134,0.08644051444051522,0.0,0.0,0.0,0.0,0.0,18473,global,0.0
3,1,lr1e-04_bs8_drop0p2_temp1p0_a0p25_b0p05__wd1e-04trmiss0_degmodglobal,8,0.0001,0.0001,0.2,1.0,0.25,0.05,lr1e-04_bs8_drop0p2_temp1p0_a0p25_b0p05__wd1e-04trmiss0_degmodglobal,7,0.6179356064115252,0.6653555631637573,0.4666666666666667,0.7242344075677409,0.5714285714285714,0.0,0.5744789583342416,0.6051155839647565,0.03481932223907539,0.08230423049202987,0.0,0.0,0.0,0.0,0.0,18473,global,0.0
3,1,lr1e-04_bs8_drop0p2_temp1p0_a0p25_b0p05__wd1e-04trmiss0_degmodglobal,8,0.0001,0.0001,0.2,1.0,0.25,0.05,lr1e-04_bs8_drop0p2_temp1p0_a0p25_b0p05__wd1e-04trmiss0_degmodglobal,8,0.611412797655378,0.6569930613040924,0.5111111111111111,0.7445437278770612,0.6428571428571429,0.0,0.6112312248774937,0.5976360610553196,0.03507242617862565,0.10017302419458117,0.0,0.0,0.0,0.0,0.0,18473,global,0.0
3,1,lr1e-04_bs8_drop0p2_temp1p0_a0p25_b0p05__wd1e-04trmiss0_degmodglobal,8,0.0001,0.0001,0.2,1.0,0.25,0.05,lr1e-04_bs8_drop0p2_temp1p0_a0p25_b0p05__wd1e-04trmiss0_degmodglobal,9,0.6045206104006086,0.6635159552097321,0.4888888888888889,0.7297289130622464,0.5714285714285714,0.0,0.5582452586718968,0.5909234200205121,0.03624973712222917,0.09069524678800787,0.0,0.0,0.0,0.0,0.0,18473,global,0.0
3,1,lr1e-04_bs8_drop0p2_temp1p0_a0p25_b0p05__wd1e-04trmiss0_degmodglobal,8,0.0001,0.0001,0.2,1.0,0.25,0.05,lr1e-04_bs8_drop0p2_temp1p0_a0p25_b0p05__wd1e-04trmiss0_degmodglobal,10,0.5930326325552804,0.6535082757472992,0.5555555555555556,0.7621804121804123,0.7142857142857143,0.0,0.5448059737682343,0.5801881381443569,0.036152233236602375,0.07612887929592814,0.0,0.0,0.0,0.0,0.0,18473,global,0.0
3,1,lr1e-04_bs8_drop0p2_temp1p0_a0p25_b0p05__wd1e-04trmiss0_degmodglobal,8,0.0001,0.0001,0.2,1.0,0.25,0.05,lr1e-04_bs8_drop0p2_temp1p0_a0p25_b0p05__wd1e-04trmiss0_degmodglobal,11,0.6137469496045794,0.6511112451553345,0.5555555555555556,0.7473655973655975,0.6428571428571429,0.0,0.5425917676516941,0.5969840628760201,0.046090481536729,0.10480546419109617,0.0,0.0,0.0,0.0,0.0,18473,global,0.0
3,1,lr1e-04_bs8_drop0p2_temp1p0_a0p25_b0p05__wd1e-04trmiss0_degmodglobal,8,0.0001,0.0001,0.2,1.0,0.25,0.05,lr1e-04_bs8_drop0p2_temp1p0_a0p25_b0p05__wd1e-04trmiss0_degmodglobal,12,0.6185213242258344,0.6524752080440521,0.5555555555555556,0.7473655973655975,0.6428571428571429,0.0,0.5403524807521275,0.6032465696334839,0.039965903120381494,0.10566535804952894,0.0,0.0,0.0,0.0,0.0,18473,global,0.0
3,1,lr1e-04_bs8_drop0p2_temp1p0_a0p25_b0p05__wd1e-04trmiss0_degmodglobal,8,0.0001,0.0001,0.2,1.0,0.25,0.05,lr1e-04_bs8_drop0p2_temp1p0_a0p25_b0p05__wd1e-04trmiss0_degmodglobal,13,0.5794133373669216,0.6567051112651825,0.5333333333333333,0.7103285603285603,0.6428571428571429,0.0,0.5468488165310451,0.5681816169193813,0.029957619894828116,0.07484618627599307,0.0,0.0,0.0,0.0,0.0,18473,global,0.0
3,1,lr1e-04_bs8_drop0p2_temp1p0_a0p25_b0p05__wd1e-04trmiss0_degmodglobal,8,0.0001,0.0001,0.2,1.0,0.25,0.05,lr1e-04_bs8_drop0p2_temp1p0_a0p25_b0p05__wd1e-04trmiss0_degmodglobal,14,0.5838351419993809,0.6718889474868774,0.4666666666666667,0.6926918760252094,0.5714285714285714,0.0,0.5376467108726501,0.5695245351110186,0.038341889423983436,0.09450268000364304,0.0,0.0,0.0,0.0,0.0,18473,global,0.0
3,1,lr1e-04_bs8_drop0p2_temp1p0_a0p25_b0p05__wd1e-04trmiss0_degmodglobal,8,0.0001,0.0001,0.2,1.0,0.25,0.05,lr1e-04_bs8_drop0p2_temp1p0_a0p25_b0p05__wd1e-04trmiss0_degmodglobal,15,0.611652536051614,0.6750220656394958,0.4444444444444444,0.6843314093314095,0.5714285714285714,0.0,0.5644071613039289,0.5952538166727338,0.045735719214592664,0.09929599932261876,0.0,0.0,0.0,0.0,0.0,18473,global,0.0
3,1,lr1e-04_bs8_drop0p2_temp1p0_a0p25_b0p05__wd1e-04trmiss0_degmodglobal,8,0.0001,0.0001,0.2,1.0,0.25,0.05,lr1e-04_bs8_drop0p2_temp1p0_a0p25_b0p05__wd1e-04trmiss0_degmodglobal,16,0.58414340870721,0.673590749502182,0.4222222222222222,0.6639610389610389,0.6428571428571429,0.0,0.5317642986774445,0.57015289579119,0.03598075173795223,0.09990654779332024,0.0,0.0,0.0,0.0,0.0,18473,global,0.0
3,1,lr1e-04_bs8_drop0p2_temp1p0_a0p25_b0p05__wd1e-04trmiss0_degmodglobal,8,0.0001,0.0001,0.2,1.0,0.25,0.05,lr1e-04_bs8_drop0p2_temp1p0_a0p25_b0p05__wd1e-04trmiss0_degmodglobal,17,0.5709749630519322,0.6639412045478821,0.4888888888888888,0.6955747955747955,0.6428571428571429,0.0,0.5530938591275897,0.5575385093688965,0.03600031283817121,0.08872746569769722,0.0,0.0,0.0,0.0,0.0,18473,global,0.0
3,1,lr1e-04_bs8_drop0p2_temp1p0_a0p25_b0p05__wd1e-04trmiss0_degmodglobal,8,0.0001,0.0001,0.2,1.0,0.25,0.05,lr1e-04_bs8_drop0p2_temp1p0_a0p25_b0p05__wd1e-04trmiss0_degmodglobal,18,0.5644492336681911,0.6610267758369446,0.5111111111111111,0.6908609908609908,0.5714285714285714,0.0,0.5228866168430873,0.5481889758791242,0.04490987530776432,0.10065589951617378,0.0,0.0,0.0,0.0,0.0,18473,global,0.0
3,1,lr1e-04_bs8_drop0p2_temp1p0_a0p25_b0p05__wd1e-04trmiss0_degmodglobal,8,0.0001,0.0001,0.2,1.0,0.25,0.05,lr1e-04_bs8_drop0p2_temp1p0_a0p25_b0p05__wd1e-04trmiss0_degmodglobal,19,0.5690057533127921,0.6585659980773926,0.5555555555555556,0.7173992673992673,0.6428571428571429,0.0,0.5152424701622554,0.5548990028245109,0.035932074433990886,0.10247482891593661,0.0,0.0,0.0,0.0,0.0,18473,global,0.0
3,1,lr1e-04_bs8_drop0p2_temp1p0_a0p25_b0p05__wd1e-04trmiss0_degmodglobal,8,0.0001,0.0001,0.2,1.0,0.25,0.05,lr1e-04_bs8_drop0p2_temp1p0_a0p25_b0p05__wd1e-04trmiss0_degmodglobal,20,0.5506573063986642,0.6596469879150391,0.5333333333333333,0.7103285603285603,0.7142857142857143,0.0,0.5077661318438393,0.5381460445267814,0.03496525676122734,0.07539881952106953,0.0,0.0,0.0,0.0,0.0,18473,global,0.0
3,1,lr1e-04_bs8_drop0p2_temp1p0_a0p25_b0p05__wd1e-04trmiss0_degmodglobal,8,0.0001,0.0001,0.2,1.0,0.25,0.05,lr1e-04_bs8_drop0p2_temp1p0_a0p25_b0p05__wd1e-04trmiss0_degmodglobal,21,0.5597424762589591,0.6617682576179504,0.5333333333333333,0.7103285603285603,0.7142857142857143,0.0,0.5229008708681379,0.5474614373275212,0.034848089196852276,0.07138031721115112,0.0,0.0,0.0,0.0,0.0,18473,global,0.0
3,1,lr1e-04_bs8_drop0p2_temp1p0_a0p25_b0p05__wd1e-04trmiss0_degmodglobal,8,0.0001,0.0001,0.2,1.0,0.25,0.05,lr1e-04_bs8_drop0p2_temp1p0_a0p25_b0p05__wd1e-04trmiss0_degmodglobal,22,0.5516274145671299,0.6559686064720154,0.5333333333333333,0.7103285603285603,0.7142857142857143,0.0,0.515354403427669,0.53911064352308,0.03612859467310565,0.06969248024480683,0.0,0.0,0.0,0.0,0.0,18473,global,0.0
3,1,lr1e-04_bs8_drop0p2_temp1p0_a0p25_b0p05__wd1e-04trmiss0_degmodglobal,8,0.0001,0.0001,0.2,1.0,0.25,0.05,lr1e-04_bs8_drop0p2_temp1p0_a0p25_b0p05__wd1e-04trmiss0_degmodglobal,23,0.5636890615735736,0.6586503982543945,0.5333333333333333,0.7103285603285603,0.6428571428571429,0.0,0.5336505387510572,0.5498290402548653,0.0400426523493869,0.07698740490845271,0.0,0.0,0.0,0.0,0.0,18473,global,0.0
3,1,lr1e-04_bs8_drop0p2_temp1p0_a0p25_b0p05__wd1e-04trmiss0_degmodglobal,8,0.0001,0.0001,0.2,1.0,0.25,0.05,lr1e-04_bs8_drop0p2_temp1p0_a0p25_b0p05__wd1e-04trmiss0_degmodglobal,24,0.5523408906800407,0.6528818607330322,0.5555555555555556,0.7075227241893909,0.6428571428571429,0.0,0.5253743657044002,0.5384262161595481,0.03943667560815811,0.08110979625156947,0.0,0.0,0.0,0.0,0.0,18473,global,0.0
3,1,lr1e-04_bs8_drop0p2_temp1p0_a0p25_b0p05__wd1e-04trmiss0_degmodglobal,8,0.0001,0.0001,0.2,1.0,0.25,0.05,lr1e-04_bs8_drop0p2_temp1p0_a0p25_b0p05__wd1e-04trmiss0_degmodglobal,25,0.5393732828753335,0.6419380009174347,0.6222222222222222,0.7391855058521726,0.7142857142857143,0.0,0.5178891973836082,0.5279630678040641,0.0329329783895186,0.06353942065366677,0.0,0.0,0.0,0.0,0.0,18473,global,0.0
3,1,lr1e-04_bs8_drop0p2_temp1p0_a0p25_b0p05__wd1e-04trmiss0_degmodglobal,8,0.0001,0.0001,0.2,1.0,0.25,0.05,lr1e-04_bs8_drop0p2_temp1p0_a0p25_b0p05__wd1e-04trmiss0_degmodglobal,26,0.5494030884334019,0.6465977430343628,0.6,0.7305435305435306,0.7142857142857143,0.0,0.5211197819028582,0.5328436323574611,0.044942794899855344,0.10647521966270038,0.0,0.0,0.0,0.0,0.0,18473,global,0.0
3,1,lr1e-04_bs8_drop0p2_temp1p0_a0p25_b0p05__wd1e-04trmiss0_degmodglobal,8,0.0001,0.0001,0.2,1.0,0.25,0.05,lr1e-04_bs8_drop0p2_temp1p0_a0p25_b0p05__wd1e-04trmiss0_degmodglobal,27,0.554426269871848,0.6516861319541931,0.5555555555555556,0.7173992673992673,0.7142857142857143,0.0,0.5003509308610644,0.5378996474402291,0.042521885463169644,0.11792312349591937,0.0,0.0,0.0,0.0,0.0,18473,global,0.0
3,1,lr1e-04_bs8_drop0p2_temp1p0_a0p25_b0p05__wd1e-04trmiss0_degmodglobal,8,0.0001,0.0001,0.2,1.0,0.25,0.05,lr1e-04_bs8_drop0p2_temp1p0_a0p25_b0p05__wd1e-04trmiss0_degmodglobal,28,0.5524080864020756,0.6548355519771576,0.5333333333333333,0.7103285603285603,0.6428571428571429,0.0,0.5174930308546338,0.5391971256051745,0.03581859011735235,0.08512646066290992,0.0,0.0,0.0,0.0,0.0,18473,global,0.0
3,1,lr1e-04_bs8_drop0p2_temp1p0_a0p25_b0p05__wd1e-04trmiss0_degmodglobal,8,0.0001,0.0001,0.2,1.0,0.25,0.05,lr1e-04_bs8_drop0p2_temp1p0_a0p25_b0p05__wd1e-04trmiss0_degmodglobal,29,0.5478777629988534,0.6548836827278137,0.5333333333333333,0.7103285603285603,0.6428571428571429,0.0,0.5065208928925651,0.5265808275767735,0.058496705655540736,0.1334550308861903,0.0,0.0,0.0,0.0,0.0,18473,global,0.0
3,1,lr1e-04_bs8_drop0p2_temp1p0_a0p25_b0p05__wd1e-04trmiss0_degmodglobal,8,0.0001,0.0001,0.2,1.0,0.25,0.05,lr1e-04_bs8_drop0p2_temp1p0_a0p25_b0p05__wd1e-04trmiss0_degmodglobal,30,0.5365027189254761,0.6608894467353821,0.5555555555555556,0.7173992673992673,0.5714285714285714,0.0,0.4701163513319833,0.5205602816173008,0.04700237911726747,0.08383663637297493,0.0,0.0,0.0,0.0,0.0,18473,global,0.0
3,1,lr1e-04_bs8_drop0p2_temp1p0_a0p25_b0p05__wd1e-04trmiss0_degmodglobal,8,0.0001,0.0001,0.2,1.0,0.25,0.05,lr1e-04_bs8_drop0p2_temp1p0_a0p25_b0p05__wd1e-04trmiss0_degmodglobal,31,0.5304251696382251,0.6500842571258545,0.6222222222222222,0.7472101972101972,0.6428571428571429,0.0,0.5121850797108242,0.5138174763747624,0.0450236906430551,0.1070356113570077,0.0,0.0,0.0,0.0,0.0,18473,global,0.0
3,1,lr1e-04_bs8_drop0p2_temp1p0_a0p25_b0p05__wd1e-04trmiss0_degmodglobal,8,0.0001,0.0001,0.2,1.0,0.25,0.05,lr1e-04_bs8_drop0p2_temp1p0_a0p25_b0p05__wd1e-04trmiss0_degmodglobal,32,0.548129745892116,0.6461283266544342,0.6222222222222222,0.7472101972101972,0.7142857142857143,0.0,0.49747180938720703,0.5296507733208793,0.05251796171069145,0.10699005664459296,0.0,0.0,0.0,0.0,0.0,18473,global,0.0
3,1,lr1e-04_bs8_drop0p2_temp1p0_a0p25_b0p05__wd1e-04trmiss0_degmodglobal,8,0.0001,0.0001,0.2,1.0,0.25,0.05,lr1e-04_bs8_drop0p2_temp1p0_a0p25_b0p05__wd1e-04trmiss0_degmodglobal,33,0.5177718911852155,0.6466957926750183,0.6222222222222222,0.7391855058521726,0.7142857142857143,0.0,0.4895613193511963,0.5038476586341858,0.04197239609701293,0.0686225774032729,0.0,0.0,0.0,0.0,0.0,18473,global,0.0
3,1,lr1e-04_bs8_drop0p2_temp1p0_a0p25_b0p05__wd1e-04trmiss0_degmodglobal,8,0.0001,0.0001,0.2,1.0,0.25,0.05,lr1e-04_bs8_drop0p2_temp1p0_a0p25_b0p05__wd1e-04trmiss0_degmodglobal,34,0.5308975066457476,0.6455280780792236,0.6444444444444445,0.7558521725188392,0.7857142857142857,0.0,0.49818488529750277,0.5124930824552264,0.05030897419367518,0.1165437964456422,0.0,0.0,0.0,0.0,0.0,18473,global,0.0
3,1,lr1e-04_bs8_drop0p2_temp1p0_a0p25_b0p05__wd1e-04trmiss0_degmodglobal,8,0.0001,0.0001,0.2,1.0,0.25,0.05,lr1e-04_bs8_drop0p2_temp1p0_a0p25_b0p05__wd1e-04trmiss0_degmodglobal,35,0.5429525886263166,0.644731730222702,0.6444444444444445,0.7558521725188392,0.7857142857142857,0.0,0.49734911748341154,0.5241312171731677,0.05188460860933576,0.11700425935643059,0.0,0.0,0.0,0.0,0.0,18473,global,0.0
3,1,lr1e-04_bs8_drop0p2_temp1p0_a0p25_b0p05__wd1e-04trmiss0_degmodglobal,8,0.0001,0.0001,0.2,1.0,0.25,0.05,lr1e-04_bs8_drop0p2_temp1p0_a0p25_b0p05__wd1e-04trmiss0_degmodglobal,36,0.5436893105506897,0.6533269584178925,0.6,0.7305435305435306,0.7142857142857143,0.0,0.49094028983797344,0.5264442648206439,0.04999667139989989,0.09491764860493797,0.0,0.0,0.0,0.0,0.0,18473,global,0.0
3,1,lr1e-04_bs8_drop0p2_temp1p0_a0p25_b0p05__wd1e-04trmiss0_degmodglobal,8,0.0001,0.0001,0.2,1.0,0.25,0.05,lr1e-04_bs8_drop0p2_temp1p0_a0p25_b0p05__wd1e-04trmiss0_degmodglobal,37,0.5642911493778229,0.6531294286251068,0.5555555555555556,0.7173992673992673,0.7142857142857143,0.0,0.5210696714265006,0.5479733049869537,0.04996521957218647,0.07653061779482025,0.0,0.0,0.0,0.0,0.0,18473,global,0.0
3,1,lr1e-04_bs8_drop0p2_temp1p0_a0p25_b0p05__wd1e-04trmiss0_degmodglobal,8,0.0001,0.0001,0.2,1.0,0.25,0.05,lr1e-04_bs8_drop0p2_temp1p0_a0p25_b0p05__wd1e-04trmiss0_degmodglobal,38,0.5266472910131726,0.6481117606163025,0.6,0.7327752494419162,0.7142857142857143,0.0,0.4892478329794748,0.5095186063221523,0.04775260042931352,0.10381072333880834,0.0,0.0,0.0,0.0,0.0,18473,global,0.0
3,1,lr1e-04_bs8_drop0p2_temp1p0_a0p25_b0p05__wd1e-04trmiss0_degmodglobal,8,0.0001,0.0001,0.2,1.0,0.25,0.05,lr1e-04_bs8_drop0p2_temp1p0_a0p25_b0p05__wd1e-04trmiss0_degmodglobal,39,0.5689157332692828,0.6456964313983917,0.6222222222222222,0.7391855058521726,0.7142857142857143,0.0,0.5253713726997375,0.5513486777033124,0.05288187201533999,0.08693176188639232,0.0,0.0,0.0,0.0,0.0,18473,global,0.0
3,1,lr1e-04_bs8_drop0p2_temp1p0_a0p25_b0p05__wd1e-04trmiss0_degmodglobal,8,0.0001,0.0001,0.2,1.0,0.25,0.05,lr1e-04_bs8_drop0p2_temp1p0_a0p25_b0p05__wd1e-04trmiss0_degmodglobal,40,0.5340276999132973,0.6441671848297119,0.6,0.7353615520282186,0.6428571428571429,0.0,0.48728324260030476,0.5108916120869773,0.06630291364022664,0.13120724792991365,0.0,0.0,0.0,0.0,0.0,18473,global,0.0
3,1,lr1e-04_bs8_drop0p2_temp1p0_a0p25_b0p05__wd1e-04trmiss0_degmodglobal,8,0.0001,0.0001,0.2,1.0,0.25,0.05,lr1e-04_bs8_drop0p2_temp1p0_a0p25_b0p05__wd1e-04trmiss0_degmodglobal,41,0.5372644066810608,0.6439594626426697,0.6,0.7223375390042057,0.6428571428571429,0.0,0.512977021081107,0.5225740926606315,0.04281393252313137,0.07973673513957433,0.0,0.0,0.0,0.0,0.0,18473,global,0.0
3,1,lr1e-04_bs8_drop0p2_temp1p0_a0p25_b0p05__wd1e-04trmiss0_degmodglobal,8,0.0001,0.0001,0.2,1.0,0.25,0.05,lr1e-04_bs8_drop0p2_temp1p0_a0p25_b0p05__wd1e-04trmiss0_degmodglobal,42,0.5249699609620231,0.645050972700119,0.6,0.7353615520282186,0.6428571428571429,0.0,0.4774268354688372,0.5049549085753304,0.05982707041714873,0.10116589229021754,0.0,0.0,0.0,0.0,0.0,18473,global,0.0
3,1,lr1e-04_bs8_drop0p2_temp1p0_a0p25_b0p05__wd1e-04trmiss0_degmodglobal,8,0.0001,0.0001,0.2,1.0,0.25,0.05,lr1e-04_bs8_drop0p2_temp1p0_a0p25_b0p05__wd1e-04trmiss0_degmodglobal,43,0.5299545271056039,0.6474694609642029,0.6,0.7327752494419162,0.6428571428571429,0.0,0.4754605378423418,0.5110593523297992,0.05307909952742713,0.11250800213643483,0.0,0.0,0.0,0.0,0.0,18473,global,0.0
3,1,lr1e-04_bs8_drop0p2_temp1p0_a0p25_b0p05__wd1e-04trmiss0_degmodglobal,8,0.0001,0.0001,0.2,1.0,0.25,0.05,lr1e-04_bs8_drop0p2_temp1p0_a0p25_b0p05__wd1e-04trmiss0_degmodglobal,44,0.5243399143218994,0.6455364525318146,0.6222222222222222,0.7391855058521726,0.6428571428571429,0.0,0.4664563536643982,0.5024381833417075,0.06545535528234073,0.11075773781963758,0.0,0.0,0.0,0.0,0.0,18473,global,0.0
3,1,lr1e-04_bs8_drop0p2_temp1p0_a0p25_b0p05__wd1e-04trmiss0_degmodglobal,8,0.0001,0.0001,0.2,1.0,0.25,0.05,lr1e-04_bs8_drop0p2_temp1p0_a0p25_b0p05__wd1e-04trmiss0_degmodglobal,45,0.532353516135897,0.6452737152576447,0.6222222222222222,0.7391855058521726,0.6428571428571429,0.0,0.4853897435324533,0.5097554283482688,0.06223025412431785,0.14081083105078765,0.0,0.0,0.0,0.0,0.0,18473,global,0.0
3,1,lr1e-04_bs8_drop0p2_temp1p0_a0p25_b0p05__wd1e-04trmiss0_degmodglobal,8,0.0001,0.0001,0.2,1.0,0.25,0.05,lr1e-04_bs8_drop0p2_temp1p0_a0p25_b0p05__wd1e-04trmiss0_degmodglobal,46,0.5361121041434151,0.6484430134296417,0.6,0.7305435305435306,0.7142857142857143,0.0,0.4782974421977997,0.516842361007418,0.053586456924676895,0.11746269677366529,0.0,0.0,0.0,0.0,0.0,18473,global,0.0
3,1,lr1e-04_bs8_drop0p2_temp1p0_a0p25_b0p05__wd1e-04trmiss0_degmodglobal,8,0.0001,0.0001,0.2,1.0,0.25,0.05,lr1e-04_bs8_drop0p2_temp1p0_a0p25_b0p05__wd1e-04trmiss0_degmodglobal,47,0.5603726804256439,0.649978518486023,0.6222222222222222,0.7391855058521726,0.7142857142857143,0.0,0.5062465412276131,0.5384783915110997,0.07007747675691332,0.0874983628413507,0.0,0.0,0.0,0.0,0.0,18473,global,0.0
3,1,lr1e-04_bs8_drop0p2_temp1p0_a0p25_b0p05__wd1e-04trmiss0_degmodglobal,8,0.0001,0.0001,0.2,1.0,0.25,0.05,lr1e-04_bs8_drop0p2_temp1p0_a0p25_b0p05__wd1e-04trmiss0_degmodglobal,48,0.5211722382477352,0.6475648880004883,0.6222222222222222,0.7391855058521726,0.7142857142857143,0.0,0.4565556858267103,0.49999331150736126,0.0601643512823752,0.12275677812950951,0.0,0.0,0.0,0.0,0.0,18473,global,0.0
3,1,lr1e-04_bs8_drop0p2_temp1p0_a0p25_b0p05__wd1e-04trmiss0_degmodglobal,8,0.0001,0.0001,0.2,1.0,0.25,0.05,lr1e-04_bs8_drop0p2_temp1p0_a0p25_b0p05__wd1e-04trmiss0_degmodglobal,49,0.559612010206495,0.6459118127822876,0.6222222222222222,0.7391855058521726,0.7857142857142857,0.0,0.4947726769106729,0.5363149472645351,0.06164092943072319,0.15773652813264302,0.0,0.0,0.0,0.0,0.0,18473,global,0.0
3,1,lr1e-04_bs8_drop0p2_temp1p0_a0p25_b0p05__wd1e-04trmiss0_degmodglobal,8,0.0001,0.0001,0.2,1.0,0.25,0.05,lr1e-04_bs8_drop0p2_temp1p0_a0p25_b0p05__wd1e-04trmiss0_degmodglobal,50,0.5523890001433236,0.6446202397346497,0.6222222222222222,0.7391855058521726,0.7142857142857143,0.0,0.4572970654283251,0.5249949012483869,0.074898683066879,0.17338859343103,0.0,0.0,0.0,0.0,0.0,18473,global,0.0
3,1,lr1e-04_bs8_drop0p2_temp1p0_a0p25_b0p05__wd1e-04trmiss0_degmodglobal,8,0.0001,0.0001,0.2,1.0,0.25,0.05,lr1e-04_bs8_drop0p2_temp1p0_a0p25_b0p05__wd1e-04trmiss0_degmodglobal,51,0.5379800285611834,0.6468071043491364,0.6222222222222222,0.7391855058521726,0.7857142857142857,0.0,0.46181764772960116,0.5181119782584054,0.05729230120778084,0.11089921609631606,0.0,0.0,0.0,0.0,0.0,18473,global,0.0
3,1,lr1e-04_bs8_drop0p2_temp1p0_a0p25_b0p05__wd1e-04trmiss0_degmodglobal,8,0.0001,0.0001,0.2,1.0,0.25,0.05,lr1e-04_bs8_drop0p2_temp1p0_a0p25_b0p05__wd1e-04trmiss0_degmodglobal,52,0.5518333060400826,0.6456541419029236,0.6222222222222222,0.7391855058521726,0.7142857142857143,0.0,0.45259120634623934,0.526225358247757,0.06791403437299388,0.17258876987865993,0.0,0.0,0.0,0.0,0.0,18473,global,0.0
3,1,lr1e-04_bs8_drop0p2_temp1p0_a0p25_b0p05__wd1e-04trmiss0_degmodglobal,8,0.0001,0.0001,0.2,1.0,0.25,0.05,lr1e-04_bs8_drop0p2_temp1p0_a0p25_b0p05__wd1e-04trmiss0_degmodglobal,53,0.5290453093392509,0.6431253254413605,0.6222222222222222,0.7391855058521726,0.7857142857142857,0.0,0.43574515410832,0.5078066204275403,0.05704602998282228,0.13954363018274307,0.0,0.0,0.0,0.0,0.0,18473,global,0.0
3,1,lr1e-04_bs8_drop0p2_temp1p0_a0p25_b0p05__wd1e-04trmiss0_degmodglobal,8,0.0001,0.0001,0.2,1.0,0.25,0.05,lr1e-04_bs8_drop0p2_temp1p0_a0p25_b0p05__wd1e-04trmiss0_degmodglobal,54,0.5248877320970807,0.6445590257644653,0.6222222222222222,0.7391855058521726,0.7857142857142857,0.0,0.42214694193431307,0.5013915938990456,0.062077101852212636,0.159537211060524,0.0,0.0,0.0,0.0,0.0,18473,global,0.0
3,1,lr1e-04_bs8_drop0p2_temp1p0_a0p25_b0p05__wd1e-04trmiss0_degmodglobal,8,0.0001,0.0001,0.2,1.0,0.25,0.05,lr1e-04_bs8_drop0p2_temp1p0_a0p25_b0p05__wd1e-04trmiss0_degmodglobal,55,0.5329692661762238,0.6476176679134369,0.6,0.7327752494419162,0.6428571428571429,0.0,0.4337063133716583,0.5095418223312923,0.06665614273931299,0.13526836410164833,0.0,0.0,0.0,0.0,0.0,18473,global,0.0
3,1,lr1e-04_bs8_drop0p2_temp2p0_a0p25_b0p05__wd1e-04trmiss0_degmodglobal,8,0.0001,0.0001,0.2,2.0,0.25,0.05,lr1e-04_bs8_drop0p2_temp2p0_a0p25_b0p05__wd1e-04trmiss0_degmodglobal,1,0.7175060851233346,0.7031581699848175,0.5111111111111111,0.6346881513548182,0.42857142857142855,0.0,0.6846747738974435,0.7020983951432365,0.03816518719707217,0.1173275698508535,0.0,0.0,0.0,0.0,0.0,18473,global,0.0
3,1,lr1e-04_bs8_drop0p2_temp2p0_a0p25_b0p05__wd1e-04trmiss0_degmodglobal,8,0.0001,0.0001,0.2,2.0,0.25,0.05,lr1e-04_bs8_drop0p2_temp2p0_a0p25_b0p05__wd1e-04trmiss0_degmodglobal,2,0.6671420420919146,0.68266361951828,0.5555555555555556,0.64659291325958,0.7142857142857143,0.0,0.6201086895806449,0.6500677466392517,0.040476763887064796,0.1391022035053798,0.0,0.0,0.0,0.0,0.0,18473,global,0.0
3,1,lr1e-04_bs8_drop0p2_temp2p0_a0p25_b0p05__wd1e-04trmiss0_degmodglobal,8,0.0001,0.0001,0.2,2.0,0.25,0.05,lr1e-04_bs8_drop0p2_temp2p0_a0p25_b0p05__wd1e-04trmiss0_degmodglobal,3,0.6766828894615173,0.6868605017662048,0.5111111111111111,0.6933862433862434,0.6428571428571429,0.0,0.608555657523019,0.6569159541811261,0.05222563019820622,0.13421052800757544,0.0,0.0,0.0,0.0,0.0,18473,global,0.0
3,1,lr1e-04_bs8_drop0p2_temp2p0_a0p25_b0p05__wd1e-04trmiss0_degmodglobal,8,0.0001,0.0001,0.2,2.0,0.25,0.05,lr1e-04_bs8_drop0p2_temp2p0_a0p25_b0p05__wd1e-04trmiss0_degmodglobal,4,0.6274966427258083,0.6928573250770569,0.4444444444444445,0.6636243386243386,0.6428571428571429,0.0,0.6014269675527301,0.6073579362460545,0.04840209760836193,0.16076376076255525,0.0,0.0,0.0,0.0,0.0,18473,global,0.0
3,1,lr1e-04_bs8_drop0p2_temp2p0_a0p25_b0p05__wd1e-04trmiss0_degmodglobal,8,0.0001,0.0001,0.2,2.0,0.25,0.05,lr1e-04_bs8_drop0p2_temp2p0_a0p25_b0p05__wd1e-04trmiss0_degmodglobal,5,0.6367314372743879,0.6891720294952393,0.4444444444444444,0.6592472342472342,0.6428571428571429,0.0,0.5917396545410156,0.6227361559867859,0.038341939981494634,0.08819593169859477,0.0,0.0,0.0,0.0,0.0,18473,global,0.0
3,1,lr1e-04_bs8_drop0p2_temp2p0_a0p25_b0p05__wd1e-04trmiss0_degmodglobal,8,0.0001,0.0001,0.2,2.0,0.25,0.05,lr1e-04_bs8_drop0p2_temp2p0_a0p25_b0p05__wd1e-04trmiss0_degmodglobal,6,0.6485888957977295,0.6818417012691498,0.5111111111111111,0.6407999407999408,0.5714285714285714,0.0,0.5885412437575204,0.6292006203106472,0.047843649451221736,0.14854766428470612,0.0,0.0,0.0,0.0,0.0,18473,global,0.0
3,1,lr1e-04_bs8_drop0p2_temp2p0_a0p25_b0p05__wd1e-04trmiss0_degmodglobal,8,0.0001,0.0001,0.2,2.0,0.25,0.05,lr1e-04_bs8_drop0p2_temp2p0_a0p25_b0p05__wd1e-04trmiss0_degmodglobal,7,0.6317812715257917,0.6752461791038513,0.5333333333333332,0.6500592000592,0.6428571428571429,0.0,0.5625173023768834,0.6148683939661298,0.04645992336528642,0.10595800887261118,0.0,0.0,0.0,0.0,0.0,18473,global,0.0
3,1,lr1e-04_bs8_drop0p2_temp2p0_a0p25_b0p05__wd1e-04trmiss0_degmodglobal,8,0.0001,0.0001,0.2,2.0,0.25,0.05,lr1e-04_bs8_drop0p2_temp2p0_a0p25_b0p05__wd1e-04trmiss0_degmodglobal,8,0.6144547717911857,0.6832201778888702,0.4666666666666667,0.6703583453583455,0.6428571428571429,0.0,0.5764077816690717,0.5956649099077497,0.053424454161099026,0.10867490034018244,0.0,0.0,0.0,0.0,0.0,18473,global,0.0
3,1,lr1e-04_bs8_drop0p2_temp2p0_a0p25_b0p05__wd1e-04trmiss0_degmodglobal,8,0.0001,0.0001,0.2,2.0,0.25,0.05,lr1e-04_bs8_drop0p2_temp2p0_a0p25_b0p05__wd1e-04trmiss0_degmodglobal,9,0.6034458109310695,0.6823805868625641,0.4222222222222222,0.6481361231361231,0.7142857142857143,0.0,0.5470813683101109,0.5861347487994603,0.04907038967524256,0.10086916067770549,0.0,0.0,0.0,0.0,0.0,18473,global,0.0
3,1,lr1e-04_bs8_drop0p2_temp2p0_a0p25_b0p05__wd1e-04trmiss0_degmodglobal,8,0.0001,0.0001,0.2,2.0,0.25,0.05,lr1e-04_bs8_drop0p2_temp2p0_a0p25_b0p05__wd1e-04trmiss0_degmodglobal,10,0.6086623200348446,0.6730295419692993,0.4666666666666667,0.6202972952972954,0.7142857142857143,0.0,0.5515297480991909,0.5899784564971924,0.04897838618074145,0.1287854484149388,0.0,0.0,0.0,0.0,0.0,18473,global,0.0
3,1,lr1e-04_bs8_drop0p2_temp2p0_a0p25_b0p05__wd1e-04trmiss0_degmodglobal,8,0.0001,0.0001,0.2,2.0,0.25,0.05,lr1e-04_bs8_drop0p2_temp2p0_a0p25_b0p05__wd1e-04trmiss0_degmodglobal,11,0.5973814470427377,0.6767833828926086,0.4444444444444444,0.6148027898027899,0.7142857142857143,0.0,0.5275446985449109,0.5774102892194476,0.05219590184944017,0.1384432315826416,0.0,0.0,0.0,0.0,0.0,18473,global,0.0
3,1,lr1e-04_bs8_drop0p2_temp2p0_a0p25_b0p05__wd1e-04trmiss0_degmodglobal,8,0.0001,0.0001,0.2,2.0,0.25,0.05,lr1e-04_bs8_drop0p2_temp2p0_a0p25_b0p05__wd1e-04trmiss0_degmodglobal,12,0.5852370602743966,0.6824263334274292,0.4222222222222222,0.6481361231361231,0.7142857142857143,0.0,0.5288825460842678,0.5684523582458496,0.04559804020183427,0.10770392737218312,0.0,0.0,0.0,0.0,0.0,18473,global,0.0
3,1,lr1e-04_bs8_drop0p2_temp2p0_a0p25_b0p05__wd1e-04trmiss0_degmodglobal,8,0.0001,0.0001,0.2,2.0,0.25,0.05,lr1e-04_bs8_drop0p2_temp2p0_a0p25_b0p05__wd1e-04trmiss0_degmodglobal,13,0.5677914363997323,0.6746821105480194,0.4222222222222222,0.6481361231361231,0.7142857142857143,0.0,0.5290474040167672,0.5486864873341152,0.050316021112459045,0.13051894307136536,0.0,0.0,0.0,0.0,0.0,18473,global,0.0
3,1,lr1e-04_bs8_drop0p2_temp2p0_a0p25_b0p05__wd1e-04trmiss0_degmodglobal,8,0.0001,0.0001,0.2,2.0,0.25,0.05,lr1e-04_bs8_drop0p2_temp2p0_a0p25_b0p05__wd1e-04trmiss0_degmodglobal,14,0.5906885521752494,0.6712302267551422,0.4222222222222222,0.6481361231361231,0.7142857142857143,0.0,0.5345751047134399,0.5747026630810329,0.04496963029461248,0.0948698999626296,0.0,0.0,0.0,0.0,0.0,18473,global,0.0
3,1,lr1e-04_bs8_drop0p2_temp2p0_a0p25_b0p05__wd1e-04trmiss0_degmodglobal,8,0.0001,0.0001,0.2,2.0,0.25,0.05,lr1e-04_bs8_drop0p2_temp2p0_a0p25_b0p05__wd1e-04trmiss0_degmodglobal,15,0.5810788444110325,0.6745380759239197,0.4222222222222222,0.6481361231361231,0.7142857142857143,0.0,0.5226109070437295,0.55951498235975,0.05915896062340055,0.13548236978905542,0.0,0.0,0.0,0.0,0.0,18473,global,0.0
3,1,lr1e-04_bs8_drop0p2_temp2p0_a0p25_b0p05__wd1e-04trmiss0_degmodglobal,8,0.0001,0.0001,0.2,2.0,0.25,0.05,lr1e-04_bs8_drop0p2_temp2p0_a0p25_b0p05__wd1e-04trmiss0_degmodglobal,16,0.5971131154469081,0.6832902133464813,0.4222222222222222,0.6481361231361231,0.7142857142857143,0.0,0.5134858744485038,0.5780908039637974,0.04981324449181557,0.13137978528227126,0.0,0.0,0.0,0.0,0.0,18473,global,0.0
3,1,lr1e-04_bs8_drop0p2_temp2p0_a0p25_b0p05__wd1e-04trmiss0_degmodglobal,8,0.0001,0.0001,0.2,2.0,0.25,0.05,lr1e-04_bs8_drop0p2_temp2p0_a0p25_b0p05__wd1e-04trmiss0_degmodglobal,17,0.5667313592774528,0.6731711030006409,0.4222222222222222,0.6481361231361231,0.7142857142857143,0.0,0.49590701716286795,0.5471152663230896,0.05026513338088989,0.14099594950675964,0.0,0.0,0.0,0.0,0.0,18473,global,0.0
3,1,lr1e-04_bs8_drop0p2_temp2p0_a0p25_b0p05__wd1e-04trmiss0_degmodglobal,8,0.0001,0.0001,0.2,2.0,0.25,0.05,lr1e-04_bs8_drop0p2_temp2p0_a0p25_b0p05__wd1e-04trmiss0_degmodglobal,18,0.5477548241615295,0.6638486385345459,0.4222222222222222,0.598075073075073,0.7142857142857143,0.0,0.5023675816399711,0.5291386118956974,0.055046243859188895,0.09709296588386808,0.0,0.0,0.0,0.0,0.0,18473,global,0.0
3,1,lr1e-04_bs8_drop0p2_temp2p0_a0p25_b0p05__wd1e-04trmiss0_degmodglobal,8,0.0001,0.0001,0.2,2.0,0.25,0.05,lr1e-04_bs8_drop0p2_temp2p0_a0p25_b0p05__wd1e-04trmiss0_degmodglobal,19,0.5502897160393851,0.6549702882766724,0.5333333333333333,0.6963554963554963,0.7142857142857143,0.0,0.511132721390043,0.5282176051821027,0.06573605803506714,0.11276181361504964,0.0,0.0,0.0,0.0,0.0,18473,global,0.0
3,1,lr1e-04_bs8_drop0p2_temp2p0_a0p25_b0p05__wd1e-04trmiss0_degmodglobal,8,0.0001,0.0001,0.2,2.0,0.25,0.05,lr1e-04_bs8_drop0p2_temp2p0_a0p25_b0p05__wd1e-04trmiss0_degmodglobal,20,0.5429739952087402,0.6590537428855896,0.4666666666666667,0.6647417397417397,0.7142857142857143,0.0,0.5221761167049408,0.524589227778571,0.05321577696927956,0.10161674182329859,0.0,0.0,0.0,0.0,0.0,18473,global,0.0
3,1,lr1e-04_bs8_drop0p2_temp2p0_a0p25_b0p05__wd1e-04trmiss0_degmodglobal,8,0.0001,0.0001,0.2,2.0,0.25,0.05,lr1e-04_bs8_drop0p2_temp2p0_a0p25_b0p05__wd1e-04trmiss0_degmodglobal,21,0.5434822823320117,0.660276859998703,0.4444444444444445,0.6536306286306286,0.7142857142857143,0.0,0.5245735985892159,0.5275533625057766,0.04683864249714783,0.08438533970287868,0.0,0.0,0.0,0.0,0.0,18473,global,0.0
3,1,lr1e-04_bs8_drop0p2_temp2p0_a0p25_b0p05__wd1e-04trmiss0_degmodglobal,8,0.0001,0.0001,0.2,2.0,0.25,0.05,lr1e-04_bs8_drop0p2_temp2p0_a0p25_b0p05__wd1e-04trmiss0_degmodglobal,22,0.5595815181732178,0.6561095416545868,0.4222222222222222,0.598075073075073,0.7142857142857143,0.0,0.5158889932291848,0.5417588949203491,0.05037732156259673,0.10456589077200208,0.0,0.0,0.0,0.0,0.0,18473,global,0.0
3,1,lr1e-04_bs8_drop0p2_temp2p0_a0p25_b0p05__wd1e-04trmiss0_degmodglobal,8,0.0001,0.0001,0.2,2.0,0.25,0.05,lr1e-04_bs8_drop0p2_temp2p0_a0p25_b0p05__wd1e-04trmiss0_degmodglobal,23,0.5531005561351776,0.6507270932197571,0.5111111111111111,0.6554824804824805,0.7142857142857143,0.0,0.502822492803846,0.530656465462276,0.06445928875889097,0.126585382436003,0.0,0.0,0.0,0.0,0.0,18473,global,0.0
3,1,lr1e-04_bs8_drop0p2_temp2p0_a0p25_b0p05__wd1e-04trmiss0_degmodglobal,8,0.0001,0.0001,0.2,2.0,0.25,0.05,lr1e-04_bs8_drop0p2_temp2p0_a0p25_b0p05__wd1e-04trmiss0_degmodglobal,24,0.5608247816562653,0.6510941386222839,0.4888888888888889,0.6388158138158139,0.7142857142857143,0.0,0.5242645570210048,0.54057058266231,0.05469071865081787,0.13163051967109954,0.0,0.0,0.0,0.0,0.0,18473,global,0.0
3,1,lr1e-04_bs8_drop0p2_temp2p0_a0p25_b0p05__wd1e-04trmiss0_degmodglobal,8,0.0001,0.0001,0.2,2.0,0.25,0.05,lr1e-04_bs8_drop0p2_temp2p0_a0p25_b0p05__wd1e-04trmiss0_degmodglobal,25,0.550205762897219,0.650050163269043,0.4888888888888889,0.630879305879306,0.7142857142857143,0.0,0.5127183071204594,0.5283346772193909,0.06098006293177605,0.13252139038273267,0.0,0.0,0.0,0.0,0.0,18473,global,0.0
3,1,lr1e-04_bs8_drop0p2_temp2p0_a0p25_b0p05__wd1e-04trmiss0_degmodglobal,8,0.0001,0.0001,0.2,2.0,0.25,0.05,lr1e-04_bs8_drop0p2_temp2p0_a0p25_b0p05__wd1e-04trmiss0_degmodglobal,26,0.5507013499736786,0.6586736142635345,0.4666666666666667,0.6647417397417397,0.7142857142857143,0.0,0.4951357202870505,0.5334495902061462,0.05170599690505436,0.08650550778423037,0.0,0.0,0.0,0.0,0.0,18473,global,0.0
3,1,lr1e-04_bs8_drop0p2_temp2p0_a0p25_b0p05__wd1e-04trmiss0_degmodglobal,8,0.0001,0.0001,0.2,2.0,0.25,0.05,lr1e-04_bs8_drop0p2_temp2p0_a0p25_b0p05__wd1e-04trmiss0_degmodglobal,27,0.5399902931281498,0.6517321169376373,0.4888888888888889,0.675852850852851,0.7142857142857143,0.0,0.4922538569995335,0.5192543864250183,0.058477528393268585,0.12233064004353114,0.0,0.0,0.0,0.0,0.0,18473,global,0.0
3,1,lr1e-04_bs8_drop0p2_temp2p0_a0p25_b0p05__wd1e-04trmiss0_degmodglobal,8,0.0001,0.0001,0.2,2.0,0.25,0.05,lr1e-04_bs8_drop0p2_temp2p0_a0p25_b0p05__wd1e-04trmiss0_degmodglobal,28,0.5276633926800319,0.6485589444637299,0.4444444444444444,0.6091861841861842,0.7142857142857143,0.0,0.4883172426904951,0.5064127487795693,0.06055335434419768,0.12224622549755233,0.0,0.0,0.0,0.0,0.0,18473,global,0.0
3,1,lr1e-04_bs8_drop0p2_temp2p0_a0p25_b0p05__wd1e-04trmiss0_degmodglobal,8,0.0001,0.0001,0.2,2.0,0.25,0.05,lr1e-04_bs8_drop0p2_temp2p0_a0p25_b0p05__wd1e-04trmiss0_degmodglobal,29,0.5129640102386475,0.6487174928188324,0.4888888888888889,0.675852850852851,0.7142857142857143,0.0,0.4720463071550642,0.49469728980745586,0.05489329967115607,0.09086794193301882,0.0,0.0,0.0,0.0,0.0,18473,global,0.0
3,1,lr1e-04_bs8_drop0p2_temp2p0_a0p25_b0p05__wd1e-04trmiss0_degmodglobal,8,0.0001,0.0001,0.2,2.0,0.25,0.05,lr1e-04_bs8_drop0p2_temp2p0_a0p25_b0p05__wd1e-04trmiss0_degmodglobal,30,0.5482998532908303,0.6425640285015106,0.5111111111111111,0.6943713693713693,0.7142857142857143,0.0,0.4587679718221937,0.5244951588766915,0.06655427813529968,0.14332256599196366,0.0,0.0,0.0,0.0,0.0,18473,global,0.0
3,1,lr1e-04_bs8_drop0p2_temp2p0_a0p25_b0p05__wd1e-04trmiss0_degmodglobal,8,0.0001,0.0001,0.2,2.0,0.25,0.05,lr1e-04_bs8_drop0p2_temp2p0_a0p25_b0p05__wd1e-04trmiss0_degmodglobal,31,0.5337283057825906,0.6422980725765228,0.5111111111111111,0.6864348614348614,0.6428571428571429,0.0,0.4866249007838113,0.5147137812205723,0.0565454608627728,0.09756319810237203,0.0,0.0,0.0,0.0,0.0,18473,global,0.0
3,1,lr1e-04_bs8_drop0p2_temp2p0_a0p25_b0p05__wd1e-04trmiss0_degmodglobal,8,0.0001,0.0001,0.2,2.0,0.25,0.05,lr1e-04_bs8_drop0p2_temp2p0_a0p25_b0p05__wd1e-04trmiss0_degmodglobal,32,0.5782025243554797,0.6663534045219421,0.4888888888888889,0.649987974987975,0.7142857142857143,0.0,0.5444544128009251,0.5585255026817322,0.05497903270380838,0.11864552753312248,0.0,0.0,0.0,0.0,0.0,18473,global,0.0
3,1,lr1e-04_bs8_drop0p2_temp2p0_a0p25_b0p05__wd1e-04trmiss0_degmodglobal,8,0.0001,0.0001,0.2,2.0,0.25,0.05,lr1e-04_bs8_drop0p2_temp2p0_a0p25_b0p05__wd1e-04trmiss0_degmodglobal,33,0.5367530073438372,0.668982207775116,0.4666666666666667,0.6703583453583455,0.7142857142857143,0.0,0.48070663639477323,0.5189147250992912,0.05208807598267283,0.09632535917418343,0.0,0.0,0.0,0.0,0.0,18473,global,0.0
3,1,lr1e-04_bs8_drop0p2_temp2p0_a0p25_b0p05__wd1e-04trmiss0_degmodglobal,8,0.0001,0.0001,0.2,2.0,0.25,0.05,lr1e-04_bs8_drop0p2_temp2p0_a0p25_b0p05__wd1e-04trmiss0_degmodglobal,34,0.5170513689517975,0.6514389216899872,0.5111111111111111,0.6943713693713693,0.7142857142857143,0.0,0.47925807322774616,0.4967195306505476,0.0558566256825413,0.1273535607116563,0.0,0.0,0.0,0.0,0.0,18473,global,0.0
3,1,lr1e-04_bs8_drop0p2_temp2p0_a0p25_b0p05__wd1e-04trmiss0_degmodglobal,8,0.0001,0.0001,0.2,2.0,0.25,0.05,lr1e-04_bs8_drop0p2_temp2p0_a0p25_b0p05__wd1e-04trmiss0_degmodglobal,35,0.5498773583344051,0.6492005586624146,0.4888888888888889,0.6832602582602583,0.7142857142857143,0.0,0.48832573209490093,0.5266436679022652,0.06578599342278071,0.13574357969420298,0.0,0.0,0.0,0.0,0.0,18473,global,0.0
3,1,lr1e-04_bs8_drop0p2_temp2p0_a0p25_b0p05__wd1e-04trmiss0_degmodglobal,8,0.0001,0.0001,0.2,2.0,0.25,0.05,lr1e-04_bs8_drop0p2_temp2p0_a0p25_b0p05__wd1e-04trmiss0_degmodglobal,36,0.528815243925367,0.6439725756645203,0.5333333333333333,0.711038036038036,0.7142857142857143,0.0,0.48002728819847107,0.49683497633252827,0.08821483648249082,0.1985313594341278,0.0,0.0,0.0,0.0,0.0,18473,global,0.0
3,1,lr1e-04_bs8_drop0p2_temp2p0_a0p25_b0p05__wd1e-04trmiss0_degmodglobal,8,0.0001,0.0001,0.2,2.0,0.25,0.05,lr1e-04_bs8_drop0p2_temp2p0_a0p25_b0p05__wd1e-04trmiss0_degmodglobal,37,0.5148366732256753,0.6388026475906372,0.4888888888888889,0.675852850852851,0.7142857142857143,0.0,0.46340798480170114,0.4944048225879669,0.060224107067499845,0.1075163015297481,0.0,0.0,0.0,0.0,0.0,18473,global,0.0
3,1,lr1e-04_bs8_drop0p2_temp2p0_a0p25_b0p05__wd1e-04trmiss0_degmodglobal,8,0.0001,0.0001,0.2,2.0,0.25,0.05,lr1e-04_bs8_drop0p2_temp2p0_a0p25_b0p05__wd1e-04trmiss0_degmodglobal,38,0.5181117696421487,0.6419017016887665,0.4666666666666667,0.6647417397417397,0.7142857142857143,0.0,0.455437570810318,0.48910978862217497,0.07751402312091418,0.19246966232146537,0.0,0.0,0.0,0.0,0.0,18473,global,0.0
3,1,lr1e-04_bs8_drop0p2_temp2p0_a0p25_b0p05__wd1e-04trmiss0_degmodglobal,8,0.0001,0.0001,0.2,2.0,0.25,0.05,lr1e-04_bs8_drop0p2_temp2p0_a0p25_b0p05__wd1e-04trmiss0_degmodglobal,39,0.5139480658939907,0.6611247360706329,0.4888888888888889,0.6832602582602583,0.7142857142857143,0.0,0.4742584909711565,0.49063102688108173,0.06652391382626124,0.13372101368648664,0.0,0.0,0.0,0.0,0.0,18473,global,0.0
3,1,lr1e-04_bs8_drop0p2_temp2p0_a0p25_b0p05__wd1e-04trmiss0_degmodglobal,8,0.0001,0.0001,0.2,2.0,0.25,0.05,lr1e-04_bs8_drop0p2_temp2p0_a0p25_b0p05__wd1e-04trmiss0_degmodglobal,40,0.4934477720941816,0.6419377028942108,0.4888888888888889,0.630879305879306,0.7142857142857143,0.0,0.45070999435016085,0.4719166542802538,0.06440686753817967,0.10858809947967529,0.0,0.0,0.0,0.0,0.0,18473,global,0.0
3,1,lr1e-04_bs8_drop0p2_temp2p0_a0p25_b0p05__wd1e-04trmiss0_degmodglobal,8,0.0001,0.0001,0.2,2.0,0.25,0.05,lr1e-04_bs8_drop0p2_temp2p0_a0p25_b0p05__wd1e-04trmiss0_degmodglobal,41,0.5126470497676304,0.6442282199859619,0.4888888888888889,0.630879305879306,0.7142857142857143,0.0,0.4679332843848637,0.4894524812698364,0.06819816146578107,0.12290016881057195,0.0,0.0,0.0,0.0,0.0,18473,global,0.0
3,1,lr1e-04_bs8_drop0p2_temp2p0_a0p25_b0p05__wd1e-04trmiss0_degmodglobal,8,0.0001,0.0001,0.2,2.0,0.25,0.05,lr1e-04_bs8_drop0p2_temp2p0_a0p25_b0p05__wd1e-04trmiss0_degmodglobal,42,0.533153487103326,0.6397107839584351,0.5111111111111111,0.6493978243978245,0.7142857142857143,0.0,0.46520241669246126,0.5115204112870353,0.06594259504761014,0.1029485362981047,0.0,0.0,0.0,0.0,0.0,18473,global,0.0
3,1,lr1e-04_bs8_drop0p2_temp2p0_a0p25_b0p05__wd1e-04trmiss0_degmodglobal,8,0.0001,0.0001,0.2,2.0,0.25,0.05,lr1e-04_bs8_drop0p2_temp2p0_a0p25_b0p05__wd1e-04trmiss0_degmodglobal,43,0.5110993002142225,0.639049768447876,0.5333333333333333,0.6660644910644911,0.7142857142857143,0.0,0.4756865118231092,0.48967286944389343,0.060946369277579446,0.12379680414284978,0.0,0.0,0.0,0.0,0.0,18473,global,0.0
3,1,lr1e-04_bs8_drop0p2_temp2p0_a0p25_b0p05__wd1e-04trmiss0_degmodglobal,8,0.0001,0.0001,0.2,2.0,0.25,0.05,lr1e-04_bs8_drop0p2_temp2p0_a0p25_b0p05__wd1e-04trmiss0_degmodglobal,44,0.5017889610358647,0.6317365169525146,0.4888888888888889,0.630879305879306,0.7142857142857143,0.0,0.4475333648068564,0.4750618977206094,0.07461808675101825,0.16145092834319388,0.0,0.0,0.0,0.0,0.0,18473,global,0.0
3,1,lr1e-04_bs8_drop0p2_temp2p0_a0p25_b0p05__wd1e-04trmiss0_degmodglobal,8,0.0001,0.0001,0.2,2.0,0.25,0.05,lr1e-04_bs8_drop0p2_temp2p0_a0p25_b0p05__wd1e-04trmiss0_degmodglobal,45,0.5034096581595284,0.6383480429649353,0.4888888888888889,0.6388158138158139,0.7142857142857143,0.0,0.4511233312743051,0.48257788164275034,0.06977348029613495,0.06776824966073036,0.0,0.0,0.0,0.0,0.0,18473,global,0.0
3,1,lr1e-04_bs8_drop0p2_temp2p0_a0p25_b0p05__wd1e-04trmiss0_degmodglobal,8,0.0001,0.0001,0.2,2.0,0.25,0.05,lr1e-04_bs8_drop0p2_temp2p0_a0p25_b0p05__wd1e-04trmiss0_degmodglobal,46,0.5100987127849034,0.6435075998306274,0.4666666666666667,0.6647417397417397,0.7142857142857143,0.0,0.48783684628350393,0.48713219165802,0.06909584999084473,0.11385113107306617,0.0,0.0,0.0,0.0,0.0,18473,global,0.0
3,1,lr1e-04_bs8_drop0p2_temp2p0_a0p25_b0p05__wd1e-04trmiss0_degmodglobal,8,0.0001,0.0001,0.2,2.0,0.25,0.05,lr1e-04_bs8_drop0p2_temp2p0_a0p25_b0p05__wd1e-04trmiss0_degmodglobal,47,0.5074184792382377,0.6306270658969879,0.5555555555555556,0.7056147556147556,0.7142857142857143,0.0,0.46404358744621277,0.4820921633924757,0.07479036492960793,0.13257445394992828,0.0,0.0,0.0,0.0,0.0,18473,global,0.0
3,1,lr1e-04_bs8_drop0p2_temp2p0_a0p25_b0p05__wd1e-04trmiss0_degmodglobal,8,0.0001,0.0001,0.2,2.0,0.25,0.05,lr1e-04_bs8_drop0p2_temp2p0_a0p25_b0p05__wd1e-04trmiss0_degmodglobal,48,0.4985348199095045,0.6373555660247803,0.6444444444444444,0.7251914751914753,0.5714285714285714,0.0,0.43836059314864023,0.47614618284361704,0.06833513347165925,0.10609705905829157,0.0,0.0,0.0,0.0,0.0,18473,global,0.0
3,1,lr1e-04_bs8_drop0p2_temp2p0_a0p25_b0p05__wd1e-04trmiss0_degmodglobal,8,0.0001,0.0001,0.2,2.0,0.25,0.05,lr1e-04_bs8_drop0p2_temp2p0_a0p25_b0p05__wd1e-04trmiss0_degmodglobal,49,0.5228916619505201,0.6407167613506317,0.5555555555555556,0.6685777185777185,0.7142857142857143,0.0,0.45920095273426603,0.49927652307919096,0.06249824645263808,0.15981169577155793,0.0,0.0,0.0,0.0,0.0,18473,global,0.0
3,1,lr1e-04_bs8_drop0p2_temp2p0_a0p25_b0p05__wd1e-04trmiss0_degmodglobal,8,0.0001,0.0001,0.2,2.0,0.25,0.05,lr1e-04_bs8_drop0p2_temp2p0_a0p25_b0p05__wd1e-04trmiss0_degmodglobal,50,0.5133913797991616,0.6435970067977905,0.5111111111111111,0.6493978243978245,0.7142857142857143,0.0,0.44946567927088055,0.4869061623300825,0.07382004654833249,0.1606041757123811,0.0,0.0,0.0,0.0,0.0,18473,global,0.0
3,1,lr1e-04_bs8_drop0p2_temp2p0_a0p25_b0p05__wd1e-04trmiss0_degmodglobal,8,0.0001,0.0001,0.2,2.0,0.25,0.05,lr1e-04_bs8_drop0p2_temp2p0_a0p25_b0p05__wd1e-04trmiss0_degmodglobal,51,0.4836177442755018,0.6465672850608826,0.5333333333333332,0.6500592000592,0.7142857142857143,0.0,0.4378386991364615,0.45530928458486286,0.08112231908099991,0.16055772746247904,0.0,0.0,0.0,0.0,0.0,18473,global,0.0
3,1,lr1e-04_bs8_drop0p2_temp2p0_a0p25_b0p05__wd1e-04trmiss0_degmodglobal,8,0.0001,0.0001,0.2,2.0,0.25,0.05,lr1e-04_bs8_drop0p2_temp2p0_a0p25_b0p05__wd1e-04trmiss0_degmodglobal,52,0.5005253297942025,0.6353211104869843,0.5111111111111111,0.6372895622895624,0.7142857142857143,0.0,0.430071873324258,0.47880974411964417,0.06246046642107623,0.12200928266559329,0.0,0.0,0.0,0.0,0.0,18473,global,0.0
3,1,lr1e-04_bs8_drop0p2_temp2p0_a0p25_b0p05__wd1e-04trmiss0_degmodglobal,8,0.0001,0.0001,0.2,2.0,0.25,0.05,lr1e-04_bs8_drop0p2_temp2p0_a0p25_b0p05__wd1e-04trmiss0_degmodglobal,53,0.4948001801967621,0.6335338652133942,0.5333333333333332,0.6500592000592,0.7142857142857143,0.0,0.4351648603166853,0.46633864300591604,0.08060645045978683,0.16619831509888172,0.0,0.0,0.0,0.0,0.0,18473,global,0.0
3,1,lr1e-04_bs8_drop0p2_temp2p0_a0p25_b0p05__wd1e-04trmiss0_degmodglobal,8,0.0001,0.0001,0.2,2.0,0.25,0.05,lr1e-04_bs8_drop0p2_temp2p0_a0p25_b0p05__wd1e-04trmiss0_degmodglobal,54,0.46758762427738737,0.6388340592384338,0.5111111111111111,0.6315406815406814,0.7142857142857143,0.0,0.42733592646462576,0.44447758368083407,0.0697498129946845,0.11345183263931956,0.0,0.0,0.0,0.0,0.0,18473,global,0.0
3,1,lr1e-04_bs8_drop0p2_temp2p0_a0p25_b0p05__wd1e-04trmiss0_degmodglobal,8,0.0001,0.0001,0.2,2.0,0.25,0.05,lr1e-04_bs8_drop0p2_temp2p0_a0p25_b0p05__wd1e-04trmiss0_degmodglobal,55,0.5044317160333905,0.6426643431186676,0.5111111111111111,0.6407999407999408,0.7142857142857143,0.0,0.42779530371938435,0.4779951402119228,0.07932753648076739,0.13209363552076475,0.0,0.0,0.0,0.0,0.0,18473,global,0.0
3,1,lr1e-04_bs8_drop0p2_temp2p0_a0p25_b0p05__wd1e-04trmiss0_degmodglobal,8,0.0001,0.0001,0.2,2.0,0.25,0.05,lr1e-04_bs8_drop0p2_temp2p0_a0p25_b0p05__wd1e-04trmiss0_degmodglobal,56,0.49543304102761404,0.6388208270072937,0.4888888888888889,0.630879305879306,0.7142857142857143,0.0,0.4453314755644117,0.47138404846191406,0.07475186086126737,0.10722064652613231,0.0,0.0,0.0,0.0,0.0,18473,global,0.0
3,1,lr1e-04_bs8_drop0p2_temp2p0_a0p25_b0p05__wd1e-04trmiss0_degmodglobal,8,0.0001,0.0001,0.2,2.0,0.25,0.05,lr1e-04_bs8_drop0p2_temp2p0_a0p25_b0p05__wd1e-04trmiss0_degmodglobal,57,0.48019192048481535,0.6359148025512695,0.4888888888888889,0.630879305879306,0.7142857142857143,0.0,0.43266957998275757,0.4577519042151315,0.06434014013835362,0.12709960235016687,0.0,0.0,0.0,0.0,0.0,18473,global,0.0
3,1,lr1e-04_bs8_drop0p2_temp2p0_a0p25_b0p05__wd1e-04trmiss0_degmodglobal,8,0.0001,0.0001,0.2,2.0,0.25,0.05,lr1e-04_bs8_drop0p2_temp2p0_a0p25_b0p05__wd1e-04trmiss0_degmodglobal,58,0.4845565302031381,0.6312932074069977,0.5555555555555556,0.64659291325958,0.7142857142857143,0.0,0.463041182075228,0.4569263287952968,0.08201103018862861,0.14254870957561902,0.0,0.0,0.0,0.0,0.0,18473,global,0.0
3,1,lr1e-04_bs8_drop0p2_temp2p0_a0p25_b0p05__wd1e-04trmiss0_degmodglobal,8,0.0001,0.0001,0.2,2.0,0.25,0.05,lr1e-04_bs8_drop0p2_temp2p0_a0p25_b0p05__wd1e-04trmiss0_degmodglobal,59,0.47098017164639067,0.6265197992324829,0.5333333333333333,0.6401826568493236,0.7142857142857143,0.0,0.4117640810353415,0.4412388929298946,0.09228481033018657,0.13340159612042563,0.0,0.0,0.0,0.0,0.0,18473,global,0.0
3,1,lr1e-04_bs8_drop0p2_temp2p0_a0p25_b0p05__wd1e-04trmiss0_degmodglobal,8,0.0001,0.0001,0.2,2.0,0.25,0.05,lr1e-04_bs8_drop0p2_temp2p0_a0p25_b0p05__wd1e-04trmiss0_degmodglobal,60,0.46961658341544016,0.62440025806427,0.5333333333333333,0.6401826568493236,0.7142857142857143,0.0,0.4085631924016135,0.4408495341028486,0.0811383415545736,0.16964933276176453,0.0,0.0,0.0,0.0,0.0,18473,global,0.0
3,1,lr1e-04_bs8_drop0p2_temp2p0_a0p25_b0p05__wd1e-04trmiss0_degmodglobal,8,0.0001,0.0001,0.2,2.0,0.25,0.05,lr1e-04_bs8_drop0p2_temp2p0_a0p25_b0p05__wd1e-04trmiss0_degmodglobal,61,0.4719312787055969,0.6267210841178894,0.5333333333333333,0.6401826568493236,0.7142857142857143,0.0,0.40703284314700533,0.4380547361714499,0.106642661350114,0.14431781960385187,0.0,0.0,0.0,0.0,0.0,18473,global,0.0
3,1,lr1e-04_bs8_drop0p2_temp2p0_a0p25_b0p05__wd1e-04trmiss0_degmodglobal,8,0.0001,0.0001,0.2,2.0,0.25,0.05,lr1e-04_bs8_drop0p2_temp2p0_a0p25_b0p05__wd1e-04trmiss0_degmodglobal,62,0.46352492911475046,0.630225658416748,0.5333333333333333,0.6401826568493236,0.7142857142857143,0.0,0.4295316593987601,0.43723047631127493,0.0800815001130104,0.12548166726316726,0.0,0.0,0.0,0.0,0.0,18473,global,0.0
3,1,lr1e-04_bs8_drop0p2_temp2p0_a0p25_b0p05__wd1e-04trmiss0_degmodglobal,8,0.0001,0.0001,0.2,2.0,0.25,0.05,lr1e-04_bs8_drop0p2_temp2p0_a0p25_b0p05__wd1e-04trmiss0_degmodglobal,63,0.46368417143821716,0.6323498487472534,0.5333333333333333,0.6401826568493236,0.7142857142857143,0.0,0.41807013750076294,0.4341002660138266,0.09043019158499581,0.13952715482030595,0.0,0.0,0.0,0.0,0.0,18473,global,0.0
3,1,lr1e-04_bs8_drop0p2_temp2p0_a0p25_b0p05__wd1e-04trmiss0_degmodglobal,8,0.0001,0.0001,0.2,2.0,0.25,0.05,lr1e-04_bs8_drop0p2_temp2p0_a0p25_b0p05__wd1e-04trmiss0_degmodglobal,64,0.48091895239693777,0.6375715732574463,0.4666666666666667,0.6081890331890332,0.7142857142857143,0.0,0.4133239133017404,0.45207024046352934,0.08664500234382493,0.14374926260539464,0.0,0.0,0.0,0.0,0.0,18473,global,0.0
3,1,lr1e-04_bs8_drop0p2_temp2p0_a0p25_b0p05__wd1e-04trmiss0_degmodglobal,8,0.0001,0.0001,0.2,2.0,0.25,0.05,lr1e-04_bs8_drop0p2_temp2p0_a0p25_b0p05__wd1e-04trmiss0_degmodglobal,65,0.48860406449862887,0.6537398397922516,0.4222222222222222,0.5906676656676657,0.7142857142857143,0.0,0.4216294288635254,0.46152753063610624,0.08369086097393717,0.1230764633842877,0.0,0.0,0.0,0.0,0.0,18473,global,0.0
3,1,lr1e-04_bs8_drop0p2_temp2p0_a0p25_b0p05__wd1e-04trmiss0_degmodglobal,8,0.0001,0.0001,0.2,2.0,0.25,0.05,lr1e-04_bs8_drop0p2_temp2p0_a0p25_b0p05__wd1e-04trmiss0_degmodglobal,66,0.4796040271009718,0.6468508839607239,0.4666666666666667,0.6155964405964407,0.7142857142857143,0.0,0.431800331388201,0.45258142266954693,0.07595042086073331,0.1607001551559993,0.0,0.0,0.0,0.0,0.0,18473,global,0.0
3,1,lr1e-04_bs8_drop0p2_temp2p0_a0p25_b0p05__wd1e-04trmiss0_degmodglobal,8,0.0001,0.0001,0.2,2.0,0.25,0.05,lr1e-04_bs8_drop0p2_temp2p0_a0p25_b0p05__wd1e-04trmiss0_degmodglobal,67,0.48294601270130705,0.6566479206085205,0.4666666666666667,0.6155964405964407,0.7142857142857143,0.0,0.42480861289160593,0.45936986804008484,0.06934794570718493,0.1247829720377922,0.0,0.0,0.0,0.0,0.0,18473,global,0.0
3,1,lr1e-04_bs8_drop0p2_temp2p0_a0p25_b0p05__wd1e-04trmiss0_degmodglobal,8,0.0001,0.0001,0.2,2.0,0.25,0.05,lr1e-04_bs8_drop0p2_temp2p0_a0p25_b0p05__wd1e-04trmiss0_degmodglobal,68,0.4877975455352238,0.6416749656200409,0.5333333333333333,0.6472101972101973,0.7142857142857143,0.0,0.4213965620313372,0.46317365765571594,0.06805045370544706,0.152225524187088,0.0,0.0,0.0,0.0,0.0,18473,global,0.0
3,1,lr1e-04_bs8_drop0p4_temp1p0_a0p25_b0p05__wd1e-04trmiss0_degmodglobal,8,0.0001,0.0001,0.4,1.0,0.25,0.05,lr1e-04_bs8_drop0p4_temp1p0_a0p25_b0p05__wd1e-04trmiss0_degmodglobal,1,0.7070843832833427,0.6709409356117249,0.6222222222222222,0.771462488129155,0.6428571428571429,0.0,0.689790495804378,0.6800551840237209,0.06453185049550873,0.2179248034954071,0.0,0.0,0.0,0.0,0.0,18473,global,0.0
3,1,lr1e-04_bs8_drop0p4_temp1p0_a0p25_b0p05__wd1e-04trmiss0_degmodglobal,8,0.0001,0.0001,0.4,1.0,0.25,0.05,lr1e-04_bs8_drop0p4_temp1p0_a0p25_b0p05__wd1e-04trmiss0_degmodglobal,2,0.6462912389210292,0.6707300543785095,0.5333333333333333,0.7642154142154143,0.5,0.0,0.6464378833770752,0.6283713834626334,0.05039894554231848,0.10640219545790128,0.0,0.0,0.0,0.0,0.0,18473,global,0.0
3,1,lr1e-04_bs8_drop0p4_temp1p0_a0p25_b0p05__wd1e-04trmiss0_degmodglobal,8,0.0001,0.0001,0.4,1.0,0.25,0.05,lr1e-04_bs8_drop0p4_temp1p0_a0p25_b0p05__wd1e-04trmiss0_degmodglobal,3,0.66529210124697,0.6661540865898132,0.5333333333333333,0.7642154142154143,0.5,0.0,0.6266137957572937,0.6427424209458488,0.05843848761703287,0.15880090636866434,0.0,0.0,0.0,0.0,0.0,18473,global,0.0
3,1,lr1e-04_bs8_drop0p4_temp1p0_a0p25_b0p05__wd1e-04trmiss0_degmodglobal,8,0.0001,0.0001,0.4,1.0,0.25,0.05,lr1e-04_bs8_drop0p4_temp1p0_a0p25_b0p05__wd1e-04trmiss0_degmodglobal,4,0.6430372680936541,0.6613239645957947,0.5333333333333333,0.7642154142154143,0.5714285714285714,0.0,0.6376182522092547,0.6175356166703361,0.06506820023059845,0.18469236152512686,0.0,0.0,0.0,0.0,0.0,18473,global,0.0
3,1,lr1e-04_bs8_drop0p4_temp1p0_a0p25_b0p05__wd1e-04trmiss0_degmodglobal,8,0.0001,0.0001,0.4,1.0,0.25,0.05,lr1e-04_bs8_drop0p4_temp1p0_a0p25_b0p05__wd1e-04trmiss0_degmodglobal,5,0.5895497373172215,0.6688472926616669,0.5333333333333333,0.7642154142154143,0.5,0.0,0.6422470126833234,0.5613442574228559,0.06894295449767794,0.2193948349782399,0.0,0.0,0.0,0.0,0.0,18473,global,0.0
3,1,lr1e-04_bs8_drop0p4_temp1p0_a0p25_b0p05__wd1e-04trmiss0_degmodglobal,8,0.0001,0.0001,0.4,1.0,0.25,0.05,lr1e-04_bs8_drop0p4_temp1p0_a0p25_b0p05__wd1e-04trmiss0_degmodglobal,6,0.6012165801865714,0.6762367486953735,0.4222222222222222,0.6833231583231583,0.5,0.0,0.5985021676336016,0.5725495134081159,0.07051419094204903,0.22077025260244096,0.0,0.0,0.0,0.0,0.0,18473,global,0.0
3,1,lr1e-04_bs8_drop0p4_temp1p0_a0p25_b0p05__wd1e-04trmiss0_degmodglobal,8,0.0001,0.0001,0.4,1.0,0.25,0.05,lr1e-04_bs8_drop0p4_temp1p0_a0p25_b0p05__wd1e-04trmiss0_degmodglobal,7,0.6044159616742816,0.680512398481369,0.4444444444444444,0.7203601953601955,0.42857142857142855,0.0,0.6339343019894191,0.5823224314621517,0.055269231753689904,0.165524283690112,0.0,0.0,0.0,0.0,0.0,18473,global,0.0
3,1,lr1e-04_bs8_drop0p4_temp1p0_a0p25_b0p05__wd1e-04trmiss0_degmodglobal,8,0.0001,0.0001,0.4,1.0,0.25,0.05,lr1e-04_bs8_drop0p4_temp1p0_a0p25_b0p05__wd1e-04trmiss0_degmodglobal,8,0.588031394141061,0.6849258542060852,0.4,0.6959774793108127,0.42857142857142855,0.0,0.6036330802100045,0.5654012220246452,0.057902010689888685,0.16309360095432826,0.0,0.0,0.0,0.0,0.0,18473,global,0.0
3,1,lr1e-04_bs8_drop0p4_temp1p0_a0p25_b0p05__wd1e-04trmiss0_degmodglobal,8,0.0001,0.0001,0.4,1.0,0.25,0.05,lr1e-04_bs8_drop0p4_temp1p0_a0p25_b0p05__wd1e-04trmiss0_degmodglobal,9,0.5940217460904803,0.6888299584388733,0.4,0.6959774793108127,0.42857142857142855,0.0,0.6063047392027718,0.5673614825521197,0.07176413866026062,0.17438448007617677,0.0,0.0,0.0,0.0,0.0,18473,global,0.0
3,1,lr1e-04_bs8_drop0p4_temp1p0_a0p25_b0p05__wd1e-04trmiss0_degmodglobal,8,0.0001,0.0001,0.4,1.0,0.25,0.05,lr1e-04_bs8_drop0p4_temp1p0_a0p25_b0p05__wd1e-04trmiss0_degmodglobal,10,0.5586432218551636,0.6895464658737183,0.4,0.6959774793108127,0.42857142857142855,0.0,0.5990575424262455,0.5249664996351514,0.08244790243250984,0.26129496310438427,0.0,0.0,0.0,0.0,0.0,18473,global,0.0
3,1,lr1e-04_bs8_drop0p4_temp1p0_a0p25_b0p05__wd1e-04trmiss0_degmodglobal,8,0.0001,0.0001,0.4,1.0,0.25,0.05,lr1e-04_bs8_drop0p4_temp1p0_a0p25_b0p05__wd1e-04trmiss0_degmodglobal,11,0.5451659134456089,0.689117968082428,0.4222222222222222,0.7126441459774793,0.5,0.0,0.6140386206763131,0.5173770444733756,0.06869422963687352,0.2123059066278594,0.0,0.0,0.0,0.0,0.0,18473,global,0.0
3,1,lr1e-04_bs8_drop0p4_temp1p0_a0p25_b0p05__wd1e-04trmiss0_degmodglobal,8,0.0001,0.0001,0.4,1.0,0.25,0.05,lr1e-04_bs8_drop0p4_temp1p0_a0p25_b0p05__wd1e-04trmiss0_degmodglobal,12,0.5665139215333121,0.6829269826412201,0.4222222222222222,0.7126441459774793,0.42857142857142855,0.0,0.5981049197060722,0.540272423199245,0.07040720273341451,0.17279393864529474,0.0,0.0,0.0,0.0,0.0,18473,global,0.0
3,1,lr1e-04_bs8_drop0p4_temp1p0_a0p25_b0p05__wd1e-04trmiss0_degmodglobal,8,0.0001,0.0001,0.4,1.0,0.25,0.05,lr1e-04_bs8_drop0p4_temp1p0_a0p25_b0p05__wd1e-04trmiss0_degmodglobal,13,0.584401616028377,0.6883798241615295,0.4222222222222222,0.7126441459774793,0.5,0.0,0.6219690527234759,0.5520272723266056,0.07995106279850006,0.24773151533944265,0.0,0.0,0.0,0.0,0.0,18473,global,0.0
3,1,lr1e-04_bs8_drop0p4_temp1p0_a0p25_b0p05__wd1e-04trmiss0_degmodglobal,8,0.0001,0.0001,0.4,1.0,0.25,0.05,lr1e-04_bs8_drop0p4_temp1p0_a0p25_b0p05__wd1e-04trmiss0_degmodglobal,14,0.59089195728302,0.688264399766922,0.4,0.6756071089404423,0.42857142857142855,0.0,0.6279409187180656,0.5664632150105068,0.06574913806148938,0.15982938132115773,0.0,0.0,0.0,0.0,0.0,18473,global,0.0
3,1,lr1e-04_bs8_drop0p4_temp1p0_a0p25_b0p05__wd1e-04trmiss0_degmodglobal,8,0.0001,0.0001,0.4,1.0,0.25,0.05,lr1e-04_bs8_drop0p4_temp1p0_a0p25_b0p05__wd1e-04trmiss0_degmodglobal,15,0.5592675634792873,0.6910101473331451,0.3555555555555555,0.6570885904219237,0.42857142857142855,0.0,0.5838408555303302,0.5298737330096108,0.06972089356609754,0.23927203459399088,0.0,0.0,0.0,0.0,0.0,18473,global,0.0
3,1,lr1e-04_bs8_drop0p4_temp1p0_a0p25_b0p05__wd1e-04trmiss0_degmodglobal,8,0.0001,0.0001,0.4,1.0,0.25,0.05,lr1e-04_bs8_drop0p4_temp1p0_a0p25_b0p05__wd1e-04trmiss0_degmodglobal,16,0.5361564670290265,0.6943196654319763,0.37777777777777777,0.6650250983584318,0.5,0.0,0.5797419803483146,0.5070517574037824,0.07659414676683289,0.19912343791552953,0.0,0.0,0.0,0.0,0.0,18473,global,0.0
3,1,lr1e-04_bs8_drop0p4_temp1p0_a0p25_b0p05__wd1e-04trmiss0_degmodglobal,8,0.0001,0.0001,0.4,1.0,0.25,0.05,lr1e-04_bs8_drop0p4_temp1p0_a0p25_b0p05__wd1e-04trmiss0_degmodglobal,17,0.555681837456567,0.6930878162384033,0.4,0.6756071089404423,0.5,0.0,0.5763934765543256,0.5271830090454647,0.07678855689508575,0.18603382845010077,0.0,0.0,0.0,0.0,0.0,18473,global,0.0
3,1,lr1e-04_bs8_drop0p4_temp1p0_a0p25_b0p05__wd1e-04trmiss0_degmodglobal,8,0.0001,0.0001,0.4,1.0,0.25,0.05,lr1e-04_bs8_drop0p4_temp1p0_a0p25_b0p05__wd1e-04trmiss0_degmodglobal,18,0.578806187425341,0.689547210931778,0.39999999999999997,0.7020621353954688,0.42857142857142855,0.0,0.5973768404551915,0.5527524650096893,0.06571392768195697,0.19250491580792836,0.0,0.0,0.0,0.0,0.0,18473,global,0.0
3,1,lr1e-04_bs8_drop0p4_temp1p0_a0p25_b0p05__wd1e-04trmiss0_degmodglobal,8,0.0001,0.0001,0.4,1.0,0.25,0.05,lr1e-04_bs8_drop0p4_temp1p0_a0p25_b0p05__wd1e-04trmiss0_degmodglobal,19,0.5599091989653451,0.6881544291973114,0.37777777777777777,0.6941256274589609,0.42857142857142855,0.0,0.5662503668240139,0.537728705576488,0.056590951180883815,0.16065499186515808,0.0,0.0,0.0,0.0,0.0,18473,global,0.0
3,1,lr1e-04_bs8_drop0p4_temp1p0_a0p25_b0p05__wd1e-04trmiss0_degmodglobal,8,0.0001,0.0001,0.4,1.0,0.25,0.05,lr1e-04_bs8_drop0p4_temp1p0_a0p25_b0p05__wd1e-04trmiss0_degmodglobal,20,0.5353495138032096,0.6882860064506531,0.37777777777777777,0.6941256274589609,0.42857142857142855,0.0,0.5455178575856345,0.4861476847103664,0.12032458186149597,0.3824137257678168,0.0,0.0,0.0,0.0,0.0,18473,global,0.0
3,1,lr1e-04_bs8_drop0p4_temp1p0_a0p25_b0p05__wd1e-04trmiss0_degmodglobal,8,0.0001,0.0001,0.4,1.0,0.25,0.05,lr1e-04_bs8_drop0p4_temp1p0_a0p25_b0p05__wd1e-04trmiss0_degmodglobal,21,0.5352254509925842,0.6852585077285767,0.4444444444444445,0.7274589607922943,0.42857142857142855,0.0,0.6002102153641837,0.5000901690551213,0.09066963834421975,0.2493575108902795,0.0,0.0,0.0,0.0,0.0,18473,global,0.0
3,1,lr1e-04_bs8_drop0p4_temp1p0_a0p25_b0p05__wd1e-04trmiss0_degmodglobal,8,0.0001,0.0001,0.4,1.0,0.25,0.05,lr1e-04_bs8_drop0p4_temp1p0_a0p25_b0p05__wd1e-04trmiss0_degmodglobal,22,0.5466122456959316,0.6858588457107544,0.39999999999999997,0.7000178833512167,0.5,0.0,0.582007110118866,0.5042753049305507,0.09980960828917367,0.3476908121790205,0.0,0.0,0.0,0.0,0.0,18473,global,0.0
3,1,lr1e-04_bs8_drop0p4_temp1p0_a0p25_b0p05__wd1e-04trmiss0_degmodglobal,8,0.0001,0.0001,0.4,1.0,0.25,0.05,lr1e-04_bs8_drop0p4_temp1p0_a0p25_b0p05__wd1e-04trmiss0_degmodglobal,23,0.5051761823041099,0.682083010673523,0.37777777777777777,0.6941256274589609,0.5,0.0,0.5613799606050763,0.4710246409688677,0.08028561515467507,0.28160274241651806,0.0,0.0,0.0,0.0,0.0,18473,global,0.0
3,1,lr1e-04_bs8_drop0p4_temp1p0_a0p25_b0p05__wd1e-04trmiss0_degmodglobal,8,0.0001,0.0001,0.4,1.0,0.25,0.05,lr1e-04_bs8_drop0p4_temp1p0_a0p25_b0p05__wd1e-04trmiss0_degmodglobal,24,0.5492640520845141,0.6892874240875244,0.37777777777777777,0.6833512166845501,0.5,0.0,0.5635755062103271,0.5279016409601484,0.05757303748811994,0.13938322024685995,0.0,0.0,0.0,0.0,0.0,18473,global,0.0
3,1,lr1e-04_bs8_drop0p4_temp1p0_a0p25_b0p05__wd1e-04trmiss0_degmodglobal,8,0.0001,0.0001,0.4,1.0,0.25,0.05,lr1e-04_bs8_drop0p4_temp1p0_a0p25_b0p05__wd1e-04trmiss0_degmodglobal,25,0.5223129093647003,0.686130166053772,0.37777777777777777,0.6833512166845501,0.5,0.0,0.5328396260738373,0.48728554589407785,0.09642434040350574,0.21842570070709502,0.0,0.0,0.0,0.0,0.0,18473,global,0.0
3,1,lr1e-04_bs8_drop0p4_temp2p0_a0p25_b0p05__wd1e-04trmiss0_degmodglobal,8,0.0001,0.0001,0.4,2.0,0.25,0.05,lr1e-04_bs8_drop0p4_temp2p0_a0p25_b0p05__wd1e-04trmiss0_degmodglobal,1,0.7475535614149911,0.7030551135540009,0.2444444444444444,0.5367182200515535,0.35714285714285715,0.0,0.7317207285336086,0.7183285185268947,0.07401421985455922,0.21442982767309463,0.0,0.0,0.0,0.0,0.0,18473,global,0.0
3,1,lr1e-04_bs8_drop0p4_temp2p0_a0p25_b0p05__wd1e-04trmiss0_degmodglobal,8,0.0001,0.0001,0.4,2.0,0.25,0.05,lr1e-04_bs8_drop0p4_temp2p0_a0p25_b0p05__wd1e-04trmiss0_degmodglobal,2,0.7053992833409991,0.7109343409538269,0.22222222222222224,0.5274830108163442,0.35714285714285715,0.0,0.671981862613133,0.6790118728365216,0.06590031726019722,0.1982464843562671,0.0,0.0,0.0,0.0,0.0,18473,global,0.0
3,1,lr1e-04_bs8_drop0p4_temp2p0_a0p25_b0p05__wd1e-04trmiss0_degmodglobal,8,0.0001,0.0001,0.4,2.0,0.25,0.05,lr1e-04_bs8_drop0p4_temp2p0_a0p25_b0p05__wd1e-04trmiss0_degmodglobal,3,0.685614458152226,0.7144824266433716,0.24444444444444446,0.532000407000407,0.5,0.0,0.6179541775158474,0.6603012595857892,0.06838872230478696,0.16432023314493044,0.0,0.0,0.0,0.0,0.0,18473,global,0.0
3,1,lr1e-04_bs8_drop0p4_temp2p0_a0p25_b0p05__wd1e-04trmiss0_degmodglobal,8,0.0001,0.0001,0.4,2.0,0.25,0.05,lr1e-04_bs8_drop0p4_temp2p0_a0p25_b0p05__wd1e-04trmiss0_degmodglobal,4,0.6838059510503497,0.7091838717460632,0.26666666666666666,0.5412596662596663,0.5,0.0,0.6338103669030326,0.6535513997077942,0.07343281113675662,0.23792713241917746,0.0,0.0,0.0,0.0,0.0,18473,global,0.0
3,1,lr1e-04_bs8_drop0p4_temp2p0_a0p25_b0p05__wd1e-04trmiss0_degmodglobal,8,0.0001,0.0001,0.4,2.0,0.25,0.05,lr1e-04_bs8_drop0p4_temp2p0_a0p25_b0p05__wd1e-04trmiss0_degmodglobal,5,0.6539264236177716,0.7064245939254761,0.2888888888888889,0.5523707773707773,0.42857142857142855,0.0,0.6267925075122288,0.6321742704936436,0.060292531337056844,0.1335805601307324,0.0,0.0,0.0,0.0,0.0,18473,global,0.0
3,1,lr1e-04_bs8_drop0p4_temp2p0_a0p25_b0p05__wd1e-04trmiss0_degmodglobal,8,0.0001,0.0001,0.4,2.0,0.25,0.05,lr1e-04_bs8_drop0p4_temp2p0_a0p25_b0p05__wd1e-04trmiss0_degmodglobal,6,0.6596399715968541,0.7055917382240295,0.33333333333333337,0.5894078144078144,0.42857142857142855,0.0,0.6061002782412938,0.6336626410484314,0.06742594497544425,0.1824166966336114,0.0,0.0,0.0,0.0,0.0,18473,global,0.0
3,1,lr1e-04_bs8_drop0p4_temp2p0_a0p25_b0p05__wd1e-04trmiss0_degmodglobal,8,0.0001,0.0001,0.4,2.0,0.25,0.05,lr1e-04_bs8_drop0p4_temp2p0_a0p25_b0p05__wd1e-04trmiss0_degmodglobal,7,0.6451313836233956,0.7043784856796265,0.33333333333333337,0.6314953564953565,0.42857142857142855,0.0,0.6041343126978193,0.6257421970367432,0.053207454936844964,0.1217461856348174,0.0,0.0,0.0,0.0,0.0,18473,global,0.0
3,1,lr1e-04_bs8_drop0p4_temp2p0_a0p25_b0p05__wd1e-04trmiss0_degmodglobal,8,0.0001,0.0001,0.4,2.0,0.25,0.05,lr1e-04_bs8_drop0p4_temp2p0_a0p25_b0p05__wd1e-04trmiss0_degmodglobal,8,0.6393769127982003,0.6971420645713806,0.37777777777777777,0.641430174763508,0.5714285714285714,0.0,0.5555353164672852,0.6093663828713554,0.0734420759337289,0.2330002241900989,0.0,0.0,0.0,0.0,0.0,18473,global,0.0
3,1,lr1e-04_bs8_drop0p4_temp2p0_a0p25_b0p05__wd1e-04trmiss0_degmodglobal,8,0.0001,0.0001,0.4,2.0,0.25,0.05,lr1e-04_bs8_drop0p4_temp2p0_a0p25_b0p05__wd1e-04trmiss0_degmodglobal,9,0.6232962438038417,0.6972945630550385,0.39999999999999997,0.6520121853455187,0.5,0.0,0.5534464163439614,0.591405953679766,0.08982555887528829,0.18867789847510202,0.0,0.0,0.0,0.0,0.0,18473,global,0.0
3,1,lr1e-04_bs8_drop0p4_temp2p0_a0p25_b0p05__wd1e-04trmiss0_degmodglobal,8,0.0001,0.0001,0.4,2.0,0.25,0.05,lr1e-04_bs8_drop0p4_temp2p0_a0p25_b0p05__wd1e-04trmiss0_degmodglobal,10,0.6114015323775155,0.6947002708911896,0.39999999999999997,0.6890492223825557,0.5714285714285714,0.0,0.6059283529009137,0.5899249315261841,0.058752688978399546,0.13576850774032728,0.0,0.0,0.0,0.0,0.0,18473,global,0.0
3,1,lr1e-04_bs8_drop0p4_temp2p0_a0p25_b0p05__wd1e-04trmiss0_degmodglobal,8,0.0001,0.0001,0.4,2.0,0.25,0.05,lr1e-04_bs8_drop0p4_temp2p0_a0p25_b0p05__wd1e-04trmiss0_degmodglobal,11,0.6073954105377197,0.6838812530040741,0.4888888888888888,0.7319504569504571,0.5714285714285714,0.0,0.5403858848980495,0.5789363299097333,0.08376383914479188,0.150362528860569,0.0,0.0,0.0,0.0,0.0,18473,global,0.0
3,1,lr1e-04_bs8_drop0p4_temp2p0_a0p25_b0p05__wd1e-04trmiss0_degmodglobal,8,0.0001,0.0001,0.4,2.0,0.25,0.05,lr1e-04_bs8_drop0p4_temp2p0_a0p25_b0p05__wd1e-04trmiss0_degmodglobal,12,0.6412880335535321,0.679408460855484,0.5111111111111111,0.7597282347282348,0.5714285714285714,0.0,0.6002553445952279,0.6153039761951992,0.0664506506706987,0.18742774320500238,0.0,0.0,0.0,0.0,0.0,18473,global,0.0
3,1,lr1e-04_bs8_drop0p4_temp2p0_a0p25_b0p05__wd1e-04trmiss0_degmodglobal,8,0.0001,0.0001,0.4,2.0,0.25,0.05,lr1e-04_bs8_drop0p4_temp2p0_a0p25_b0p05__wd1e-04trmiss0_degmodglobal,13,0.6357683879988534,0.6921042799949646,0.4444444444444444,0.7357321690655025,0.5,0.0,0.5521828787667411,0.5970813291413444,0.10671430826187134,0.2401696222701243,0.0,0.0,0.0,0.0,0.0,18473,global,0.0
3,1,lr1e-04_bs8_drop0p4_temp2p0_a0p25_b0p05__wd1e-04trmiss0_degmodglobal,8,0.0001,0.0001,0.4,2.0,0.25,0.05,lr1e-04_bs8_drop0p4_temp2p0_a0p25_b0p05__wd1e-04trmiss0_degmodglobal,14,0.6149770532335553,0.699958324432373,0.4444444444444444,0.7404219237552572,0.5,0.0,0.5227722951344081,0.5836776069232396,0.08666706803653922,0.19265353147472655,0.0,0.0,0.0,0.0,0.0,18473,global,0.0
3,1,lr1e-04_bs8_drop0p4_temp2p0_a0p25_b0p05__wd1e-04trmiss0_degmodglobal,8,0.0001,0.0001,0.4,2.0,0.25,0.05,lr1e-04_bs8_drop0p4_temp2p0_a0p25_b0p05__wd1e-04trmiss0_degmodglobal,15,0.6172122444425311,0.6969270706176758,0.4666666666666667,0.755236738570072,0.5,0.0,0.5527590938976833,0.5731037173952375,0.11062737607530185,0.3290339303868158,0.0,0.0,0.0,0.0,0.0,18473,global,0.0
3,1,lr1e-04_bs8_drop0p4_temp2p0_a0p25_b0p05__wd1e-04trmiss0_degmodglobal,8,0.0001,0.0001,0.4,2.0,0.25,0.05,lr1e-04_bs8_drop0p4_temp2p0_a0p25_b0p05__wd1e-04trmiss0_degmodglobal,16,0.6269787720271519,0.7040597498416901,0.4444444444444444,0.7203601953601955,0.5,0.0,0.5504602023533413,0.599519031388419,0.07389928879482406,0.17969825225217,0.0,0.0,0.0,0.0,0.0,18473,global,0.0
3,1,lr1e-04_bs8_drop0p4_temp2p0_a0p25_b0p05__wd1e-04trmiss0_degmodglobal,8,0.0001,0.0001,0.4,2.0,0.25,0.05,lr1e-04_bs8_drop0p4_temp2p0_a0p25_b0p05__wd1e-04trmiss0_degmodglobal,17,0.5856910262789045,0.703981876373291,0.42222222222222217,0.6705307038640371,0.5,0.0,0.5276935568877629,0.5527035636561257,0.09114346280694008,0.20403215821300233,0.0,0.0,0.0,0.0,0.0,18473,global,0.0
3,1,lr1e-04_bs8_drop0p4_temp2p0_a0p25_b0p05__wd1e-04trmiss0_degmodglobal,8,0.0001,0.0001,0.4,2.0,0.25,0.05,lr1e-04_bs8_drop0p4_temp2p0_a0p25_b0p05__wd1e-04trmiss0_degmodglobal,18,0.6080090318407331,0.6965348124504089,0.4444444444444444,0.6671356421356422,0.6428571428571429,0.0,0.5350703426769802,0.5753812534468514,0.09321093772138868,0.18650099209376744,0.0,0.0,0.0,0.0,0.0,18473,global,0.0
3,1,lr1e-04_bs8_drop0p4_temp2p0_a0p25_b0p05__wd1e-04trmiss0_degmodglobal,8,0.0001,0.0001,0.4,2.0,0.25,0.05,lr1e-04_bs8_drop0p4_temp2p0_a0p25_b0p05__wd1e-04trmiss0_degmodglobal,19,0.5820084043911525,0.6894865930080414,0.4666666666666667,0.6371693121693122,0.6428571428571429,0.0,0.545315797839846,0.5564688784735543,0.06576844091926302,0.18194842444998877,0.0,0.0,0.0,0.0,0.0,18473,global,0.0
3,1,lr1e-04_bs8_drop0p4_temp2p0_a0p25_b0p05__wd1e-04trmiss0_degmodglobal,8,0.0001,0.0001,0.4,2.0,0.25,0.05,lr1e-04_bs8_drop0p4_temp2p0_a0p25_b0p05__wd1e-04trmiss0_degmodglobal,20,0.5880023155893598,0.6932117640972137,0.4666666666666667,0.6371693121693122,0.6428571428571429,0.0,0.5204621979168483,0.5545294753142765,0.08627204064811979,0.2380966352564948,0.0,0.0,0.0,0.0,0.0,18473,global,0.0
3,1,lr1e-04_bs8_drop0p4_temp2p0_a0p25_b0p05__wd1e-04trmiss0_degmodglobal,8,0.0001,0.0001,0.4,2.0,0.25,0.05,lr1e-04_bs8_drop0p4_temp2p0_a0p25_b0p05__wd1e-04trmiss0_degmodglobal,21,0.5960966731820788,0.6967219710350037,0.42222222222222217,0.6195165945165946,0.5714285714285714,0.0,0.5293322205543518,0.5591727239745004,0.09902499350053924,0.24335398418562754,0.0,0.0,0.0,0.0,0.0,18473,global,0.0
3,1,lr1e-04_bs8_drop0p4_temp2p0_a0p25_b0p05__wd1e-04trmiss0_degmodglobal,8,0.0001,0.0001,0.4,2.0,0.25,0.05,lr1e-04_bs8_drop0p4_temp2p0_a0p25_b0p05__wd1e-04trmiss0_degmodglobal,22,0.6115517275674003,0.6938698589801788,0.39999999999999997,0.6555453805453806,0.42857142857142855,0.0,0.5432628435747964,0.577632235629218,0.09794311012540545,0.1886742806860379,0.0,0.0,0.0,0.0,0.0,18473,global,0.0
3,1,lr1e-04_bs8_drop0p4_temp2p0_a0p25_b0p05__wd1e-04trmiss0_degmodglobal,8,0.0001,0.0001,0.4,2.0,0.25,0.05,lr1e-04_bs8_drop0p4_temp2p0_a0p25_b0p05__wd1e-04trmiss0_degmodglobal,23,0.5727521095957074,0.6828274428844452,0.4444444444444444,0.6907305657305658,0.42857142857142855,0.0,0.4978979527950287,0.5429173920835767,0.08123114651867322,0.19053820627076284,0.0,0.0,0.0,0.0,0.0,18473,global,0.0
3,1,lr1e-04_bs8_drop0p4_temp2p0_a0p25_b0p05__wd1e-04trmiss0_degmodglobal,8,0.0001,0.0001,0.4,2.0,0.25,0.05,lr1e-04_bs8_drop0p4_temp2p0_a0p25_b0p05__wd1e-04trmiss0_degmodglobal,24,0.598565514598574,0.6799968183040619,0.4444444444444444,0.6782467532467533,0.6428571428571429,0.0,0.5053482353687286,0.5727020246641976,0.06868087819644383,0.17386547582490103,0.0,0.0,0.0,0.0,0.0,18473,global,0.0
3,1,lr1e-04_bs8_drop0p4_temp2p0_a0p25_b0p05__wd1e-04trmiss0_degmodglobal,8,0.0001,0.0001,0.4,2.0,0.25,0.05,lr1e-04_bs8_drop0p4_temp2p0_a0p25_b0p05__wd1e-04trmiss0_degmodglobal,25,0.5926781041281564,0.6859042048454285,0.4666666666666667,0.6949134199134199,0.6428571428571429,0.0,0.5373702815600804,0.567474935735975,0.06563923561147281,0.17586701522980416,0.0,0.0,0.0,0.0,0.0,18473,global,0.0
3,1,lr1e-04_bs8_drop0p4_temp2p0_a0p25_b0p05__wd1e-04trmiss0_degmodglobal,8,0.0001,0.0001,0.4,2.0,0.25,0.05,lr1e-04_bs8_drop0p4_temp2p0_a0p25_b0p05__wd1e-04trmiss0_degmodglobal,26,0.5460012640271869,0.6896484792232513,0.42222222222222217,0.6597282347282347,0.5714285714285714,0.0,0.49695150767053875,0.5156731350081307,0.07824623584747314,0.21533114250217164,0.0,0.0,0.0,0.0,0.0,18473,global,0.0
3,1,lr1e-04_bs8_drop0p4_temp2p0_a0p25_b0p05__wd1e-04trmiss0_degmodglobal,8,0.0001,0.0001,0.4,2.0,0.25,0.05,lr1e-04_bs8_drop0p4_temp2p0_a0p25_b0p05__wd1e-04trmiss0_degmodglobal,27,0.545393134866442,0.6879128217697144,0.4444444444444444,0.6782467532467533,0.5714285714285714,0.0,0.4613314058099474,0.5198280470711845,0.0666695066860744,0.1779544268335615,0.0,0.0,0.0,0.0,0.0,18473,global,0.0
3,1,lr1e-04_bs8_drop0p4_temp2p0_a0p25_b0p05__wd1e-04trmiss0_degmodglobal,8,0.0001,0.0001,0.4,2.0,0.25,0.05,lr1e-04_bs8_drop0p4_temp2p0_a0p25_b0p05__wd1e-04trmiss0_degmodglobal,28,0.5999642482825688,0.6844252049922943,0.4444444444444444,0.6782467532467533,0.5714285714285714,0.0,0.4624302089214325,0.5606760212353298,0.10096582131726402,0.28093540987798143,0.0,0.0,0.0,0.0,0.0,18473,global,0.0
3,1,lr1e-04_bs8_drop0p4_temp2p0_a0p25_b0p05__wd1e-04trmiss0_degmodglobal,8,0.0001,0.0001,0.4,2.0,0.25,0.05,lr1e-04_bs8_drop0p4_temp2p0_a0p25_b0p05__wd1e-04trmiss0_degmodglobal,29,0.5651626076017108,0.684403657913208,0.4666666666666667,0.6949134199134199,0.5714285714285714,0.0,0.49905943870544434,0.5213769120829446,0.11409866197832993,0.3052205613681248,0.0,0.0,0.0,0.0,0.0,18473,global,0.0
3,1,lr1e-04_bs8_drop0p4_temp2p0_a0p25_b0p05__wd1e-04trmiss0_degmodglobal,8,0.0001,0.0001,0.4,2.0,0.25,0.05,lr1e-04_bs8_drop0p4_temp2p0_a0p25_b0p05__wd1e-04trmiss0_degmodglobal,30,0.5604139907019479,0.6891103982925415,0.4666666666666667,0.6949134199134199,0.5714285714285714,0.0,0.5014310479164124,0.5327102967670986,0.08437515742012433,0.13219828797238214,0.0,0.0,0.0,0.0,0.0,18473,global,0.0
3,1,lr1e-04_bs8_drop0p4_temp2p0_a0p25_b0p05__wd1e-04trmiss0_degmodglobal,8,0.0001,0.0001,0.4,2.0,0.25,0.05,lr1e-04_bs8_drop0p4_temp2p0_a0p25_b0p05__wd1e-04trmiss0_degmodglobal,31,0.5847549949373517,0.6874702274799347,0.4666666666666667,0.6949134199134199,0.5,0.0,0.5443394524710519,0.565553435257503,0.05251638112323625,0.12144912646285125,0.0,0.0,0.0,0.0,0.0,18473,global,0.0
3,1,lr1e-04_bs8_drop0p4_temp2p0_a0p25_b0p05__wd1e-04trmiss0_degmodglobal,8,0.0001,0.0001,0.4,2.0,0.25,0.05,lr1e-04_bs8_drop0p4_temp2p0_a0p25_b0p05__wd1e-04trmiss0_degmodglobal,32,0.5706750580242702,0.6853414475917816,0.4444444444444444,0.6782467532467533,0.5714285714285714,0.0,0.47420529808316914,0.5380838598523822,0.09668182209134102,0.16841489289488112,0.0,0.0,0.0,0.0,0.0,18473,global,0.0
3,1,lr5e-05_bs8_drop0p2_temp1p0_a0p25_b0p05__wd1e-04trmiss0_degmodglobal,8,5e-05,0.0001,0.2,1.0,0.25,0.05,lr5e-05_bs8_drop0p2_temp1p0_a0p25_b0p05__wd1e-04trmiss0_degmodglobal,1,0.7314375383513314,0.7166600525379181,0.4888888888888888,0.7508556258556258,0.35714285714285715,0.0,0.8058121289525714,0.7119190863200596,0.04479225458843367,0.16640747444970266,0.0,0.0,0.0,0.0,0.0,18473,global,0.0
3,1,lr5e-05_bs8_drop0p2_temp1p0_a0p25_b0p05__wd1e-04trmiss0_degmodglobal,8,5e-05,0.0001,0.2,1.0,0.25,0.05,lr5e-05_bs8_drop0p2_temp1p0_a0p25_b0p05__wd1e-04trmiss0_degmodglobal,2,0.7063282557896206,0.7130800783634186,0.4888888888888888,0.7508556258556258,0.35714285714285715,0.0,0.7777483889034816,0.6866992115974426,0.04468163156083652,0.16917254562888825,0.0,0.0,0.0,0.0,0.0,18473,global,0.0
3,1,lr5e-05_bs8_drop0p2_temp1p0_a0p25_b0p05__wd1e-04trmiss0_degmodglobal,8,5e-05,0.0001,0.2,1.0,0.25,0.05,lr5e-05_bs8_drop0p2_temp1p0_a0p25_b0p05__wd1e-04trmiss0_degmodglobal,3,0.6974344849586487,0.708105206489563,0.4888888888888888,0.7508556258556258,0.42857142857142855,0.0,0.7750211868967328,0.6752184884888786,0.04928491051707949,0.19789541406290873,0.0,0.0,0.0,0.0,0.0,18473,global,0.0
3,1,lr5e-05_bs8_drop0p2_temp1p0_a0p25_b0p05__wd1e-04trmiss0_degmodglobal,8,5e-05,0.0001,0.2,1.0,0.25,0.05,lr5e-05_bs8_drop0p2_temp1p0_a0p25_b0p05__wd1e-04trmiss0_degmodglobal,4,0.6846583655902317,0.7043639719486237,0.4888888888888888,0.7508556258556258,0.5714285714285714,0.0,0.7461509789739337,0.6562844259398324,0.06475214234420232,0.2437181898525783,0.0,0.0,0.0,0.0,0.0,18473,global,0.0
3,1,lr5e-05_bs8_drop0p2_temp1p0_a0p25_b0p05__wd1e-04trmiss0_degmodglobal,8,5e-05,0.0001,0.2,1.0,0.25,0.05,lr5e-05_bs8_drop0p2_temp1p0_a0p25_b0p05__wd1e-04trmiss0_degmodglobal,5,0.6502562505858285,0.7003494799137115,0.4888888888888888,0.7508556258556258,0.5,0.0,0.7350662435804095,0.6337408678872245,0.03987097500690392,0.13095265520470484,0.0,0.0,0.0,0.0,0.0,18473,global,0.0
3,1,lr5e-05_bs8_drop0p2_temp1p0_a0p25_b0p05__wd1e-04trmiss0_degmodglobal,8,5e-05,0.0001,0.2,1.0,0.25,0.05,lr5e-05_bs8_drop0p2_temp1p0_a0p25_b0p05__wd1e-04trmiss0_degmodglobal,6,0.6576135584286281,0.6963736712932587,0.4444444444444444,0.7375559625559627,0.5,0.0,0.7297270723751613,0.6387611542429242,0.04280173751924719,0.16303944907018117,0.0,0.0,0.0,0.0,0.0,18473,global,0.0
3,1,lr5e-05_bs8_drop0p2_temp1p0_a0p25_b0p05__wd1e-04trmiss0_degmodglobal,8,5e-05,0.0001,0.2,1.0,0.25,0.05,lr5e-05_bs8_drop0p2_temp1p0_a0p25_b0p05__wd1e-04trmiss0_degmodglobal,7,0.6657985023089817,0.6881913244724274,0.5111111111111111,0.7728734228734231,0.5,0.0,0.7284242255347115,0.6413305912699018,0.053884993706430705,0.2199336120060512,0.0,0.0,0.0,0.0,0.0,18473,global,0.0
3,1,lr5e-05_bs8_drop0p2_temp1p0_a0p25_b0p05__wd1e-04trmiss0_degmodglobal,8,5e-05,0.0001,0.2,1.0,0.25,0.05,lr5e-05_bs8_drop0p2_temp1p0_a0p25_b0p05__wd1e-04trmiss0_degmodglobal,8,0.6427201543535505,0.7042311429977417,0.4444444444444444,0.7375559625559627,0.5,0.0,0.7293303438595363,0.619634211063385,0.05348411362086024,0.19429839934621537,0.0,0.0,0.0,0.0,0.0,18473,global,0.0
3,1,lr5e-05_bs8_drop0p2_temp1p0_a0p25_b0p05__wd1e-04trmiss0_degmodglobal,8,5e-05,0.0001,0.2,1.0,0.25,0.05,lr5e-05_bs8_drop0p2_temp1p0_a0p25_b0p05__wd1e-04trmiss0_degmodglobal,9,0.632184590612139,0.7021902203559875,0.4888888888888889,0.7774589607922942,0.5,0.0,0.6888012630598885,0.6091491409710476,0.05156490632465908,0.20288454741239548,0.0,0.0,0.0,0.0,0.0,18473,global,0.0
3,1,lr5e-05_bs8_drop0p2_temp1p0_a0p25_b0p05__wd1e-04trmiss0_degmodglobal,8,5e-05,0.0001,0.2,1.0,0.25,0.05,lr5e-05_bs8_drop0p2_temp1p0_a0p25_b0p05__wd1e-04trmiss0_degmodglobal,10,0.6369421652385167,0.7060075998306274,0.4888888888888889,0.7774589607922942,0.5,0.0,0.6845316631453378,0.6160999281065804,0.05141190545899527,0.15978496202400752,0.0,0.0,0.0,0.0,0.0,18473,global,0.0
3,1,lr5e-05_bs8_drop0p2_temp1p0_a0p25_b0p05__wd1e-04trmiss0_degmodglobal,8,5e-05,0.0001,0.2,1.0,0.25,0.05,lr5e-05_bs8_drop0p2_temp1p0_a0p25_b0p05__wd1e-04trmiss0_degmodglobal,11,0.6257779002189636,0.708412766456604,0.5333333333333333,0.7950956450956452,0.42857142857142855,0.0,0.6865989310400826,0.6047649724142892,0.04799604256238256,0.1802787259221077,0.0,0.0,0.0,0.0,0.0,18473,global,0.0
3,1,lr5e-05_bs8_drop0p2_temp1p0_a0p25_b0p05__wd1e-04trmiss0_degmodglobal,8,5e-05,0.0001,0.2,1.0,0.25,0.05,lr5e-05_bs8_drop0p2_temp1p0_a0p25_b0p05__wd1e-04trmiss0_degmodglobal,12,0.6574422631944928,0.6997262239456177,0.5777777777777777,0.8268416768416769,0.42857142857142855,0.0,0.6639583366257804,0.6303835766656058,0.06513324326702527,0.21550777022327697,0.0,0.0,0.0,0.0,0.0,18473,global,0.0
3,1,lr5e-05_bs8_drop0p2_temp1p0_a0p25_b0p05__wd1e-04trmiss0_degmodglobal,8,5e-05,0.0001,0.2,1.0,0.25,0.05,lr5e-05_bs8_drop0p2_temp1p0_a0p25_b0p05__wd1e-04trmiss0_degmodglobal,13,0.6409451280321393,0.7060657739639282,0.5555555555555556,0.8083231583231585,0.5,0.0,0.6729275584220886,0.6109227197510856,0.0703507023198264,0.24869457951613835,0.0,0.0,0.0,0.0,0.0,18473,global,0.0
3,1,lr5e-05_bs8_drop0p2_temp1p0_a0p25_b0p05__wd1e-04trmiss0_degmodglobal,8,5e-05,0.0001,0.2,1.0,0.25,0.05,lr5e-05_bs8_drop0p2_temp1p0_a0p25_b0p05__wd1e-04trmiss0_degmodglobal,14,0.6155470865113395,0.7013837397098541,0.5555555555555556,0.8083231583231585,0.5,0.0,0.648982320513044,0.5897275124277387,0.06007903388568333,0.21599631862980978,0.0,0.0,0.0,0.0,0.0,18473,global,0.0
3,1,lr5e-05_bs8_drop0p2_temp1p0_a0p25_b0p05__wd1e-04trmiss0_degmodglobal,8,5e-05,0.0001,0.2,1.0,0.25,0.05,lr5e-05_bs8_drop0p2_temp1p0_a0p25_b0p05__wd1e-04trmiss0_degmodglobal,15,0.6109402094568525,0.700116366147995,0.5555555555555556,0.8083231583231585,0.5,0.0,0.6429088456290108,0.5898032188415527,0.051886452095849175,0.16330755395548685,0.0,0.0,0.0,0.0,0.0,18473,global,0.0
3,1,lr5e-05_bs8_drop0p2_temp1p0_a0p25_b0p05__wd1e-04trmiss0_degmodglobal,8,5e-05,0.0001,0.2,1.0,0.25,0.05,lr5e-05_bs8_drop0p2_temp1p0_a0p25_b0p05__wd1e-04trmiss0_degmodglobal,16,0.6181361334664481,0.6957389116287231,0.5777777777777777,0.8268416768416769,0.5,0.0,0.6628764527184623,0.5864693948200771,0.0733874791434833,0.2663968822785786,0.0,0.0,0.0,0.0,0.0,18473,global,0.0
3,1,lr5e-05_bs8_drop0p2_temp1p0_a0p25_b0p05__wd1e-04trmiss0_degmodglobal,8,5e-05,0.0001,0.2,1.0,0.25,0.05,lr5e-05_bs8_drop0p2_temp1p0_a0p25_b0p05__wd1e-04trmiss0_degmodglobal,17,0.6237636378833226,0.6967208087444305,0.5555555555555556,0.8083231583231585,0.5,0.0,0.6493016481399536,0.5955223611422947,0.06722388842276164,0.2287059106997081,0.0,0.0,0.0,0.0,0.0,18473,global,0.0
3,1,lr5e-05_bs8_drop0p2_temp1p0_a0p25_b0p05__wd1e-04trmiss0_degmodglobal,8,5e-05,0.0001,0.2,1.0,0.25,0.05,lr5e-05_bs8_drop0p2_temp1p0_a0p25_b0p05__wd1e-04trmiss0_degmodglobal,18,0.627466584954943,0.6987161636352539,0.5555555555555556,0.8009879009879011,0.5,0.0,0.6503756216594151,0.6060901199068341,0.04862724457468305,0.18439306638070516,0.0,0.0,0.0,0.0,0.0,18473,global,0.0
3,1,lr5e-05_bs8_drop0p2_temp1p0_a0p25_b0p05__wd1e-04trmiss0_degmodglobal,8,5e-05,0.0001,0.2,1.0,0.25,0.05,lr5e-05_bs8_drop0p2_temp1p0_a0p25_b0p05__wd1e-04trmiss0_degmodglobal,19,0.6013147830963135,0.7021925449371338,0.5111111111111111,0.768845043845044,0.5,0.0,0.6539470553398132,0.5745402574539185,0.06863257874335561,0.19232782934393203,0.0,0.0,0.0,0.0,0.0,18473,global,0.0
3,1,lr5e-05_bs8_drop0p2_temp1p0_a0p25_b0p05__wd1e-04trmiss0_degmodglobal,8,5e-05,0.0001,0.2,1.0,0.25,0.05,lr5e-05_bs8_drop0p2_temp1p0_a0p25_b0p05__wd1e-04trmiss0_degmodglobal,20,0.608223055090223,0.6971540153026581,0.5777777777777778,0.8142154142154143,0.5,0.0,0.6707910554749625,0.585373946598598,0.05422035551496914,0.18588061204978398,0.0,0.0,0.0,0.0,0.0,18473,global,0.0
3,1,lr5e-05_bs8_drop0p2_temp1p0_a0p25_b0p05__wd1e-04trmiss0_degmodglobal,8,5e-05,0.0001,0.2,1.0,0.25,0.05,lr5e-05_bs8_drop0p2_temp1p0_a0p25_b0p05__wd1e-04trmiss0_degmodglobal,21,0.6085908242634365,0.6843913197517395,0.6,0.8342490842490844,0.5,0.0,0.6487313168389457,0.582894538130079,0.06353192776441574,0.19626614877155849,0.0,0.0,0.0,0.0,0.0,18473,global,0.0
3,1,lr5e-05_bs8_drop0p2_temp1p0_a0p25_b0p05__wd1e-04trmiss0_degmodglobal,8,5e-05,0.0001,0.2,1.0,0.25,0.05,lr5e-05_bs8_drop0p2_temp1p0_a0p25_b0p05__wd1e-04trmiss0_degmodglobal,22,0.6267676438604083,0.6927183866500854,0.5555555555555556,0.8083231583231585,0.5,0.0,0.6211046917097909,0.5932597517967224,0.08086041733622551,0.2658555635384151,0.0,0.0,0.0,0.0,0.0,18473,global,0.0
3,1,lr5e-05_bs8_drop0p2_temp1p0_a0p25_b0p05__wd1e-04trmiss0_degmodglobal,8,5e-05,0.0001,0.2,1.0,0.25,0.05,lr5e-05_bs8_drop0p2_temp1p0_a0p25_b0p05__wd1e-04trmiss0_degmodglobal,23,0.6296635440417698,0.6909269094467163,0.5777777777777777,0.8268416768416769,0.5,0.0,0.6359471849032811,0.6015873551368713,0.06915513053536415,0.21574821429593222,0.0,0.0,0.0,0.0,0.0,18473,global,0.0
3,1,lr5e-05_bs8_drop0p2_temp1p0_a0p25_b0p05__wd1e-04trmiss0_degmodglobal,8,5e-05,0.0001,0.2,1.0,0.25,0.05,lr5e-05_bs8_drop0p2_temp1p0_a0p25_b0p05__wd1e-04trmiss0_degmodglobal,24,0.6088527866772243,0.6793228089809418,0.5555555555555556,0.8083231583231585,0.5,0.0,0.6443658726555961,0.579176800591605,0.07054539982761655,0.24079268532139914,0.0,0.0,0.0,0.0,0.0,18473,global,0.0
3,1,lr5e-05_bs8_drop0p2_temp1p0_a0p25_b0p05__wd1e-04trmiss0_degmodglobal,8,5e-05,0.0001,0.2,1.0,0.25,0.05,lr5e-05_bs8_drop0p2_temp1p0_a0p25_b0p05__wd1e-04trmiss0_degmodglobal,25,0.6068196637289864,0.6825220882892609,0.5555555555555556,0.8083231583231585,0.5,0.0,0.6314648049218314,0.5833145209721157,0.05824333642210279,0.17888589203357697,0.0,0.0,0.0,0.0,0.0,18473,global,0.0
3,1,lr5e-05_bs8_drop0p2_temp1p0_a0p25_b0p05__wd1e-04trmiss0_degmodglobal,8,5e-05,0.0001,0.2,1.0,0.25,0.05,lr5e-05_bs8_drop0p2_temp1p0_a0p25_b0p05__wd1e-04trmiss0_degmodglobal,26,0.624980126108442,0.6879072189331055,0.5333333333333333,0.7861009361009363,0.5,0.0,0.6681665863309588,0.60320531470435,0.052946939532245905,0.17076135533196585,0.0,0.0,0.0,0.0,0.0,18473,global,0.0
3,1,lr5e-05_bs8_drop0p2_temp1p0_a0p25_b0p05__wd1e-04trmiss0_degmodglobal,8,5e-05,0.0001,0.2,1.0,0.25,0.05,lr5e-05_bs8_drop0p2_temp1p0_a0p25_b0p05__wd1e-04trmiss0_degmodglobal,27,0.6201521754264832,0.6921862363815308,0.5111111111111111,0.768845043845044,0.5,0.0,0.6571302924837384,0.5953184877123151,0.060380802622863224,0.19476949955735887,0.0,0.0,0.0,0.0,0.0,18473,global,0.0
3,1,lr5e-05_bs8_drop0p2_temp1p0_a0p25_b0p05__wd1e-04trmiss0_degmodglobal,8,5e-05,0.0001,0.2,1.0,0.25,0.05,lr5e-05_bs8_drop0p2_temp1p0_a0p25_b0p05__wd1e-04trmiss0_degmodglobal,28,0.5990621447563171,0.6967198252677917,0.5111111111111111,0.768845043845044,0.5,0.0,0.6343550384044647,0.5732940009662083,0.061956780829599926,0.20557881040232523,0.0,0.0,0.0,0.0,0.0,18473,global,0.0
3,1,lr5e-05_bs8_drop0p2_temp1p0_a0p25_b0p05__wd1e-04trmiss0_degmodglobal,8,5e-05,0.0001,0.2,1.0,0.25,0.05,lr5e-05_bs8_drop0p2_temp1p0_a0p25_b0p05__wd1e-04trmiss0_degmodglobal,29,0.6010921597480774,0.696821928024292,0.5333333333333333,0.7787656787656789,0.5,0.0,0.63937189749309,0.5794144187654767,0.0520105031984193,0.17350259103945323,0.0,0.0,0.0,0.0,0.0,18473,global,0.0
3,1,lr5e-05_bs8_drop0p2_temp1p0_a0p25_b0p05__wd1e-04trmiss0_degmodglobal,8,5e-05,0.0001,0.2,1.0,0.25,0.05,lr5e-05_bs8_drop0p2_temp1p0_a0p25_b0p05__wd1e-04trmiss0_degmodglobal,30,0.6153386150087629,0.6852303445339203,0.5555555555555556,0.8083231583231585,0.5,0.0,0.6112356185913086,0.5844148738043649,0.07443530165723392,0.24629801086017064,0.0,0.0,0.0,0.0,0.0,18473,global,0.0
3,1,lr5e-05_bs8_drop0p2_temp1p0_a0p25_b0p05__wd1e-04trmiss0_degmodglobal,8,5e-05,0.0001,0.2,1.0,0.25,0.05,lr5e-05_bs8_drop0p2_temp1p0_a0p25_b0p05__wd1e-04trmiss0_degmodglobal,31,0.5832859192575727,0.6792909502983093,0.5777777777777777,0.8268416768416769,0.5,0.0,0.6127339516367231,0.5521845817565918,0.07524139061570168,0.24582033497946604,0.0,0.0,0.0,0.0,0.0,18473,global,0.0
3,1,lr5e-05_bs8_drop0p2_temp1p0_a0p25_b0p05__wd1e-04trmiss0_degmodglobal,8,5e-05,0.0001,0.2,1.0,0.25,0.05,lr5e-05_bs8_drop0p2_temp1p0_a0p25_b0p05__wd1e-04trmiss0_degmodglobal,32,0.591753499848502,0.675168365240097,0.5777777777777777,0.8268416768416769,0.5,0.0,0.6019790342875889,0.5605833956173488,0.080392275005579,0.22144087297575815,0.0,0.0,0.0,0.0,0.0,18473,global,0.0
3,1,lr5e-05_bs8_drop0p2_temp1p0_a0p25_b0p05__wd1e-04trmiss0_degmodglobal,8,5e-05,0.0001,0.2,1.0,0.25,0.05,lr5e-05_bs8_drop0p2_temp1p0_a0p25_b0p05__wd1e-04trmiss0_degmodglobal,33,0.6151057992662702,0.6783971190452576,0.5777777777777777,0.8268416768416769,0.5,0.0,0.6357913017272949,0.5911966391972133,0.06199686788022518,0.1681990580899375,0.0,0.0,0.0,0.0,0.0,18473,global,0.0
3,1,lr5e-05_bs8_drop0p2_temp1p0_a0p25_b0p05__wd1e-04trmiss0_degmodglobal,8,5e-05,0.0001,0.2,1.0,0.25,0.05,lr5e-05_bs8_drop0p2_temp1p0_a0p25_b0p05__wd1e-04trmiss0_degmodglobal,34,0.6456270388194493,0.6734165847301483,0.6222222222222222,0.8435083435083437,0.5,0.0,0.6581450275012425,0.6211788313729423,0.06435269968850273,0.1672009059361049,0.0,0.0,0.0,0.0,0.0,18473,global,0.0
3,1,lr5e-05_bs8_drop0p2_temp1p0_a0p25_b0p05__wd1e-04trmiss0_degmodglobal,8,5e-05,0.0001,0.2,1.0,0.25,0.05,lr5e-05_bs8_drop0p2_temp1p0_a0p25_b0p05__wd1e-04trmiss0_degmodglobal,35,0.5762712274278913,0.6738685369491577,0.5555555555555556,0.8025030525030525,0.5,0.0,0.5971659166472298,0.5468926983220237,0.07390055805444717,0.21806772691862925,0.0,0.0,0.0,0.0,0.0,18473,global,0.0
3,1,lr5e-05_bs8_drop0p2_temp1p0_a0p25_b0p05__wd1e-04trmiss0_degmodglobal,8,5e-05,0.0001,0.2,1.0,0.25,0.05,lr5e-05_bs8_drop0p2_temp1p0_a0p25_b0p05__wd1e-04trmiss0_degmodglobal,36,0.5812855703490121,0.6735890209674835,0.5777777777777778,0.8083953083953084,0.5,0.0,0.5758265171732221,0.5567340510232108,0.058202222521815984,0.20001957991293498,0.0,0.0,0.0,0.0,0.0,18473,global,0.0
3,1,lr5e-05_bs8_drop0p2_temp1p0_a0p25_b0p05__wd1e-04trmiss0_degmodglobal,8,5e-05,0.0001,0.2,1.0,0.25,0.05,lr5e-05_bs8_drop0p2_temp1p0_a0p25_b0p05__wd1e-04trmiss0_degmodglobal,37,0.5879335062844413,0.6746579706668854,0.5555555555555556,0.8025030525030525,0.5,0.0,0.5905151537486485,0.5573910091604505,0.07530950169478144,0.2343024324093546,0.0,0.0,0.0,0.0,0.0,18473,global,0.0
3,1,lr5e-05_bs8_drop0p2_temp1p0_a0p25_b0p05__wd1e-04trmiss0_degmodglobal,8,5e-05,0.0001,0.2,1.0,0.25,0.05,lr5e-05_bs8_drop0p2_temp1p0_a0p25_b0p05__wd1e-04trmiss0_degmodglobal,38,0.5984293818473816,0.6791682839393616,0.5777777777777777,0.8268416768416769,0.5,0.0,0.6052743026188442,0.5715899339744023,0.06840412531580244,0.1947681935770171,0.0,0.0,0.0,0.0,0.0,18473,global,0.0
3,1,lr5e-05_bs8_drop0p2_temp1p0_a0p25_b0p05__wd1e-04trmiss0_degmodglobal,8,5e-05,0.0001,0.2,1.0,0.25,0.05,lr5e-05_bs8_drop0p2_temp1p0_a0p25_b0p05__wd1e-04trmiss0_degmodglobal,39,0.5907927410943168,0.6806713938713074,0.5555555555555556,0.8083231583231585,0.5,0.0,0.595403219972338,0.5604213646480015,0.07142989709973335,0.25027817700590405,0.0,0.0,0.0,0.0,0.0,18473,global,0.0
3,1,lr5e-05_bs8_drop0p2_temp1p0_a0p25_b0p05__wd1e-04trmiss0_degmodglobal,8,5e-05,0.0001,0.2,1.0,0.25,0.05,lr5e-05_bs8_drop0p2_temp1p0_a0p25_b0p05__wd1e-04trmiss0_degmodglobal,40,0.5687361146722522,0.680782824754715,0.5555555555555556,0.8009879009879011,0.5,0.0,0.5868113892418998,0.5475465442453112,0.051298183522054126,0.16730049678257533,0.0,0.0,0.0,0.0,0.0,18473,global,0.0
3,1,lr5e-05_bs8_drop0p2_temp1p0_a0p25_b0p05__wd1e-04trmiss0_degmodglobal,8,5e-05,0.0001,0.2,1.0,0.25,0.05,lr5e-05_bs8_drop0p2_temp1p0_a0p25_b0p05__wd1e-04trmiss0_degmodglobal,41,0.5830162252698626,0.6827553510665894,0.5555555555555556,0.8009879009879011,0.5,0.0,0.5917972752026149,0.5557130830628532,0.06600680734430041,0.21602866905076162,0.0,0.0,0.0,0.0,0.0,18473,global,0.0
3,1,lr5e-05_bs8_drop0p2_temp1p0_a0p25_b0p05__wd1e-04trmiss0_degmodglobal,8,5e-05,0.0001,0.2,1.0,0.25,0.05,lr5e-05_bs8_drop0p2_temp1p0_a0p25_b0p05__wd1e-04trmiss0_degmodglobal,42,0.5895478214536395,0.6799623966217041,0.5777777777777778,0.8142154142154143,0.5,0.0,0.5952295746122088,0.559690888438906,0.06890323332377843,0.2526222573859351,0.0,0.0,0.0,0.0,0.0,18473,global,0.0
3,1,lr5e-05_bs8_drop0p2_temp1p0_a0p25_b0p05__wd1e-04trmiss0_degmodglobal,8,5e-05,0.0001,0.2,1.0,0.25,0.05,lr5e-05_bs8_drop0p2_temp1p0_a0p25_b0p05__wd1e-04trmiss0_degmodglobal,43,0.5711200875895364,0.6782986521720886,0.5777777777777778,0.8142154142154143,0.5,0.0,0.5836585674967084,0.5431172890322549,0.0669674426317215,0.22521878246750152,0.0,0.0,0.0,0.0,0.0,18473,global,0.0
3,1,lr5e-05_bs8_drop0p2_temp1p0_a0p25_b0p05__wd1e-04trmiss0_degmodglobal,8,5e-05,0.0001,0.2,1.0,0.25,0.05,lr5e-05_bs8_drop0p2_temp1p0_a0p25_b0p05__wd1e-04trmiss0_degmodglobal,44,0.5842267530305045,0.6785114407539368,0.5555555555555556,0.8083231583231585,0.5,0.0,0.5973477533885411,0.558059172970908,0.06720045634678432,0.18734912787164962,0.0,0.0,0.0,0.0,0.0,18473,global,0.0
3,1,lr5e-05_bs8_drop0p2_temp1p0_a0p25_b0p05__wd1e-04trmiss0_degmodglobal,8,5e-05,0.0001,0.2,1.0,0.25,0.05,lr5e-05_bs8_drop0p2_temp1p0_a0p25_b0p05__wd1e-04trmiss0_degmodglobal,45,0.586056615625109,0.6768016219139099,0.5555555555555556,0.8083231583231585,0.5,0.0,0.5798343760626656,0.5561202211039407,0.07580229214259557,0.21971657020705088,0.0,0.0,0.0,0.0,0.0,18473,global,0.0
3,1,lr5e-05_bs8_drop0p2_temp1p0_a0p25_b0p05__wd1e-04trmiss0_degmodglobal,8,5e-05,0.0001,0.2,1.0,0.25,0.05,lr5e-05_bs8_drop0p2_temp1p0_a0p25_b0p05__wd1e-04trmiss0_degmodglobal,46,0.5854095305715289,0.6804879307746887,0.5555555555555556,0.8083231583231585,0.42857142857142855,0.0,0.5630445565496173,0.5496654765946525,0.08600261701004845,0.2848679742642811,0.0,0.0,0.0,0.0,0.0,18473,global,0.0
3,1,lr5e-05_bs8_drop0p2_temp1p0_a0p25_b0p05__wd1e-04trmiss0_degmodglobal,8,5e-05,0.0001,0.2,1.0,0.25,0.05,lr5e-05_bs8_drop0p2_temp1p0_a0p25_b0p05__wd1e-04trmiss0_degmodglobal,47,0.5836187430790493,0.6799854636192322,0.5555555555555556,0.8009879009879011,0.42857142857142855,0.0,0.562800509589059,0.551406477178846,0.08072701043316297,0.24060999069895064,0.0,0.0,0.0,0.0,0.0,18473,global,0.0
3,1,lr5e-05_bs8_drop0p2_temp1p0_a0p25_b0p05__wd1e-04trmiss0_degmodglobal,8,5e-05,0.0001,0.2,1.0,0.25,0.05,lr5e-05_bs8_drop0p2_temp1p0_a0p25_b0p05__wd1e-04trmiss0_degmodglobal,48,0.5730963775089809,0.6812842786312103,0.5555555555555556,0.8009879009879011,0.5,0.0,0.5862054739679609,0.5425202420779637,0.07741086131760053,0.22446860798767634,0.0,0.0,0.0,0.0,0.0,18473,global,0.0
3,1,lr5e-05_bs8_drop0p2_temp1p0_a0p25_b0p05__wd1e-04trmiss0_degmodglobal,8,5e-05,0.0001,0.2,1.0,0.25,0.05,lr5e-05_bs8_drop0p2_temp1p0_a0p25_b0p05__wd1e-04trmiss0_degmodglobal,49,0.6186634387288775,0.6844765841960907,0.5555555555555556,0.8009879009879011,0.42857142857142855,0.0,0.6133304366043636,0.5839350095817021,0.08269517443009786,0.28109277359076906,0.0,0.0,0.0,0.0,0.0,18473,global,0.0
3,1,lr5e-05_bs8_drop0p2_temp1p0_a0p25_b0p05__wd1e-04trmiss0_degmodglobal,8,5e-05,0.0001,0.2,1.0,0.25,0.05,lr5e-05_bs8_drop0p2_temp1p0_a0p25_b0p05__wd1e-04trmiss0_degmodglobal,50,0.5752728751727513,0.6817920804023743,0.5555555555555556,0.8009879009879011,0.42857142857142855,0.0,0.5676092250006539,0.5477114234651838,0.06839566784245628,0.20925087641392434,0.0,0.0,0.0,0.0,0.0,18473,global,0.0
3,1,lr5e-05_bs8_drop0p2_temp1p0_a0p25_b0p05__wd1e-04trmiss0_degmodglobal,8,5e-05,0.0001,0.2,1.0,0.25,0.05,lr5e-05_bs8_drop0p2_temp1p0_a0p25_b0p05__wd1e-04trmiss0_degmodglobal,51,0.6061886421271733,0.6784177422523499,0.5555555555555556,0.8009879009879011,0.5,0.0,0.6147433561938149,0.5620369442871639,0.10633144793765885,0.35137669103486197,0.0,0.0,0.0,0.0,0.0,18473,global,0.0
3,1,lr5e-05_bs8_drop0p2_temp1p0_a0p25_b0p05__wd1e-04trmiss0_degmodglobal,8,5e-05,0.0001,0.2,1.0,0.25,0.05,lr5e-05_bs8_drop0p2_temp1p0_a0p25_b0p05__wd1e-04trmiss0_degmodglobal,52,0.5858763626643589,0.6814390122890472,0.5555555555555556,0.8009879009879011,0.42857142857142855,0.0,0.5754880138805935,0.5521712473460606,0.0832398384809494,0.25790283509663176,0.0,0.0,0.0,0.0,0.0,18473,global,0.0
3,1,lr5e-05_bs8_drop0p2_temp1p0_a0p25_b0p05__wd1e-04trmiss0_degmodglobal,8,5e-05,0.0001,0.2,1.0,0.25,0.05,lr5e-05_bs8_drop0p2_temp1p0_a0p25_b0p05__wd1e-04trmiss0_degmodglobal,53,0.6009647505623954,0.6772434115409851,0.5555555555555556,0.8009879009879011,0.5,0.0,0.5679668997015271,0.5652129905564445,0.08557151896612984,0.2871778245483126,0.0,0.0,0.0,0.0,0.0,18473,global,0.0
3,1,lr5e-05_bs8_drop0p2_temp1p0_a0p25_b0p05__wd1e-04trmiss0_degmodglobal,8,5e-05,0.0001,0.2,1.0,0.25,0.05,lr5e-05_bs8_drop0p2_temp1p0_a0p25_b0p05__wd1e-04trmiss0_degmodglobal,54,0.5934332183429173,0.680414229631424,0.5555555555555556,0.8009879009879011,0.42857142857142855,0.0,0.5765185867037091,0.5538932042462485,0.10214946631874357,0.2800529641764505,0.0,0.0,0.0,0.0,0.0,18473,global,0.0
3,1,lr5e-05_bs8_drop0p2_temp2p0_a0p25_b0p05__wd1e-04trmiss0_degmodglobal,8,5e-05,0.0001,0.2,2.0,0.25,0.05,lr5e-05_bs8_drop0p2_temp2p0_a0p25_b0p05__wd1e-04trmiss0_degmodglobal,1,0.7337807076317924,0.6881542503833771,0.6,0.7908609908609909,0.5714285714285714,0.0,0.7523744617189679,0.7191744531903949,0.03558709738509996,0.11418965884617396,0.0,0.0,0.0,0.0,0.0,18473,global,0.0
3,1,lr5e-05_bs8_drop0p2_temp2p0_a0p25_b0p05__wd1e-04trmiss0_degmodglobal,8,5e-05,0.0001,0.2,2.0,0.25,0.05,lr5e-05_bs8_drop0p2_temp2p0_a0p25_b0p05__wd1e-04trmiss0_degmodglobal,2,0.6975694128445217,0.687012791633606,0.6,0.7957551707551709,0.5,0.0,0.7273962327412197,0.6775992086955479,0.04529387477253165,0.1729349291750363,0.0,0.0,0.0,0.0,0.0,18473,global,0.0
3,1,lr5e-05_bs8_drop0p2_temp2p0_a0p25_b0p05__wd1e-04trmiss0_degmodglobal,8,5e-05,0.0001,0.2,2.0,0.25,0.05,lr5e-05_bs8_drop0p2_temp2p0_a0p25_b0p05__wd1e-04trmiss0_degmodglobal,3,0.6645388007164001,0.688413679599762,0.5777777777777777,0.7556758056758057,0.6428571428571429,0.0,0.7252181172370911,0.6475160632814679,0.036471222660371234,0.15809869446924754,0.0,0.0,0.0,0.0,0.0,18473,global,0.0
3,1,lr5e-05_bs8_drop0p2_temp2p0_a0p25_b0p05__wd1e-04trmiss0_degmodglobal,8,5e-05,0.0001,0.2,2.0,0.25,0.05,lr5e-05_bs8_drop0p2_temp2p0_a0p25_b0p05__wd1e-04trmiss0_degmodglobal,4,0.6466219254902431,0.6917121708393097,0.5111111111111111,0.6346881513548182,0.5714285714285714,0.0,0.6946748409952436,0.6255711572510856,0.04873391480318138,0.1773456803389958,0.0,0.0,0.0,0.0,0.0,18473,global,0.0
3,1,lr5e-05_bs8_drop0p2_temp2p0_a0p25_b0p05__wd1e-04trmiss0_degmodglobal,8,5e-05,0.0001,0.2,2.0,0.25,0.05,lr5e-05_bs8_drop0p2_temp2p0_a0p25_b0p05__wd1e-04trmiss0_degmodglobal,5,0.6135300397872925,0.6911267042160034,0.4888888888888889,0.626046176046176,0.5714285714285714,0.0,0.672829840864454,0.5961676027093615,0.040095071707453044,0.146773239331586,0.0,0.0,0.0,0.0,0.0,18473,global,0.0
3,1,lr5e-05_bs8_drop0p2_temp2p0_a0p25_b0p05__wd1e-04trmiss0_degmodglobal,8,5e-05,0.0001,0.2,2.0,0.25,0.05,lr5e-05_bs8_drop0p2_temp2p0_a0p25_b0p05__wd1e-04trmiss0_degmodglobal,6,0.6220216495650155,0.6895196437835693,0.5111111111111111,0.6445646945646946,0.5714285714285714,0.0,0.6567736864089966,0.6062713520867484,0.039677427017263005,0.11661849437015397,0.0,0.0,0.0,0.0,0.0,18473,global,0.0
3,1,lr5e-05_bs8_drop0p2_temp2p0_a0p25_b0p05__wd1e-04trmiss0_degmodglobal,8,5e-05,0.0001,0.2,2.0,0.25,0.05,lr5e-05_bs8_drop0p2_temp2p0_a0p25_b0p05__wd1e-04trmiss0_degmodglobal,7,0.5978094935417175,0.6795326471328735,0.5777777777777777,0.6772196938863606,0.7142857142857143,0.0,0.677777213709695,0.5755898909909385,0.0527155516403062,0.18081425715770041,0.0,0.0,0.0,0.0,0.0,18473,global,0.0
3,1,lr5e-05_bs8_drop0p2_temp2p0_a0p25_b0p05__wd1e-04trmiss0_degmodglobal,8,5e-05,0.0001,0.2,2.0,0.25,0.05,lr5e-05_bs8_drop0p2_temp2p0_a0p25_b0p05__wd1e-04trmiss0_degmodglobal,8,0.6229525123323713,0.6740555167198181,0.6,0.6853005019671686,0.7142857142857143,0.0,0.6418702602386475,0.6003742303167071,0.060638959386519024,0.1483711036188262,0.0,0.0,0.0,0.0,0.0,18473,global,0.0
3,1,lr5e-05_bs8_drop0p2_temp2p0_a0p25_b0p05__wd1e-04trmiss0_degmodglobal,8,5e-05,0.0001,0.2,2.0,0.25,0.05,lr5e-05_bs8_drop0p2_temp2p0_a0p25_b0p05__wd1e-04trmiss0_degmodglobal,9,0.5832439533301762,0.6676651239395142,0.5777777777777777,0.7142567309233976,0.6428571428571429,0.0,0.5833836453301566,0.5631603257996696,0.05202481842466763,0.14154849467532976,0.0,0.0,0.0,0.0,0.0,18473,global,0.0
3,1,lr5e-05_bs8_drop0p2_temp2p0_a0p25_b0p05__wd1e-04trmiss0_degmodglobal,8,5e-05,0.0001,0.2,2.0,0.25,0.05,lr5e-05_bs8_drop0p2_temp2p0_a0p25_b0p05__wd1e-04trmiss0_degmodglobal,10,0.5612117009503501,0.6660297513008118,0.5333333333333333,0.7020282186948854,0.6428571428571429,0.0,0.6001381533486503,0.5388970460210528,0.060305439467941015,0.14476575276681355,0.0,0.0,0.0,0.0,0.0,18473,global,0.0
3,1,lr5e-05_bs8_drop0p2_temp2p0_a0p25_b0p05__wd1e-04trmiss0_degmodglobal,8,5e-05,0.0001,0.2,2.0,0.25,0.05,lr5e-05_bs8_drop0p2_temp2p0_a0p25_b0p05__wd1e-04trmiss0_degmodglobal,11,0.5805983713694981,0.6571519076824188,0.5555555555555556,0.7378186628186629,0.7142857142857143,0.0,0.5959801844188145,0.5510280472891671,0.073906095964568,0.22187554676617896,0.0,0.0,0.0,0.0,0.0,18473,global,0.0
3,1,lr5e-05_bs8_drop0p2_temp2p0_a0p25_b0p05__wd1e-04trmiss0_degmodglobal,8,5e-05,0.0001,0.2,2.0,0.25,0.05,lr5e-05_bs8_drop0p2_temp2p0_a0p25_b0p05__wd1e-04trmiss0_degmodglobal,12,0.5623779552323478,0.663640946149826,0.5555555555555556,0.7519230769230769,0.6428571428571429,0.0,0.5975622194153922,0.5401478239468166,0.055955653744084496,0.16482482850551605,0.0,0.0,0.0,0.0,0.0,18473,global,0.0
3,1,lr5e-05_bs8_drop0p2_temp2p0_a0p25_b0p05__wd1e-04trmiss0_degmodglobal,8,5e-05,0.0001,0.2,2.0,0.25,0.05,lr5e-05_bs8_drop0p2_temp2p0_a0p25_b0p05__wd1e-04trmiss0_degmodglobal,13,0.5546506217547825,0.6691093444824219,0.5111111111111111,0.7281857031857033,0.6428571428571429,0.0,0.5844713364328656,0.532667453799929,0.056607864264930995,0.1566241362265178,0.0,0.0,0.0,0.0,0.0,18473,global,0.0
3,1,lr5e-05_bs8_drop0p2_temp2p0_a0p25_b0p05__wd1e-04trmiss0_degmodglobal,8,5e-05,0.0001,0.2,2.0,0.25,0.05,lr5e-05_bs8_drop0p2_temp2p0_a0p25_b0p05__wd1e-04trmiss0_degmodglobal,14,0.5431766637734005,0.6585127711296082,0.5777777777777777,0.7544853294853295,0.7857142857142857,0.0,0.5990720306124006,0.5176754466124943,0.06386717621769224,0.19068847596645355,0.0,0.0,0.0,0.0,0.0,18473,global,0.0
3,1,lr5e-05_bs8_drop0p2_temp2p0_a0p25_b0p05__wd1e-04trmiss0_degmodglobal,8,5e-05,0.0001,0.2,2.0,0.25,0.05,lr5e-05_bs8_drop0p2_temp2p0_a0p25_b0p05__wd1e-04trmiss0_degmodglobal,15,0.5422485555921283,0.6673813164234161,0.5555555555555556,0.7378186628186629,0.6428571428571429,0.0,0.5689305365085602,0.5185221093041557,0.06095824097948415,0.1697379063282694,0.0,0.0,0.0,0.0,0.0,18473,global,0.0
3,1,lr5e-05_bs8_drop0p2_temp2p0_a0p25_b0p05__wd1e-04trmiss0_degmodglobal,8,5e-05,0.0001,0.2,2.0,0.25,0.05,lr5e-05_bs8_drop0p2_temp2p0_a0p25_b0p05__wd1e-04trmiss0_degmodglobal,16,0.5328125825950077,0.6587272882461548,0.5333333333333333,0.7314084064084065,0.7142857142857143,0.0,0.5908606180122921,0.5117509535380772,0.052518149837851524,0.1586420690374715,0.0,0.0,0.0,0.0,0.0,18473,global,0.0
3,1,lr5e-05_bs8_drop0p2_temp2p0_a0p25_b0p05__wd1e-04trmiss0_degmodglobal,8,5e-05,0.0001,0.2,2.0,0.25,0.05,lr5e-05_bs8_drop0p2_temp2p0_a0p25_b0p05__wd1e-04trmiss0_degmodglobal,17,0.578324841601508,0.6605328321456909,0.5333333333333333,0.7314084064084065,0.6428571428571429,0.0,0.5819843411445618,0.5421234241553715,0.09157226873295647,0.26616702202175346,0.0,0.0,0.0,0.0,0.0,18473,global,0.0
3,1,lr5e-05_bs8_drop0p2_temp2p0_a0p25_b0p05__wd1e-04trmiss0_degmodglobal,8,5e-05,0.0001,0.2,2.0,0.25,0.05,lr5e-05_bs8_drop0p2_temp2p0_a0p25_b0p05__wd1e-04trmiss0_degmodglobal,18,0.5283428089959281,0.6649265587329865,0.4666666666666666,0.687026862026862,0.5714285714285714,0.0,0.5655554362705776,0.50669607094356,0.05614115670323372,0.15222910631980216,0.0,0.0,0.0,0.0,0.0,18473,global,0.0
3,1,lr5e-05_bs8_drop0p2_temp2p0_a0p25_b0p05__wd1e-04trmiss0_degmodglobal,8,5e-05,0.0001,0.2,2.0,0.25,0.05,lr5e-05_bs8_drop0p2_temp2p0_a0p25_b0p05__wd1e-04trmiss0_degmodglobal,19,0.5584455813680377,0.6585875153541565,0.5111111111111111,0.7246743996743998,0.6428571428571429,0.0,0.6197769641876221,0.5387887699263436,0.05185374191829136,0.1338675660746438,0.0,0.0,0.0,0.0,0.0,18473,global,0.0
3,1,lr5e-05_bs8_drop0p2_temp2p0_a0p25_b0p05__wd1e-04trmiss0_degmodglobal,8,5e-05,0.0001,0.2,2.0,0.25,0.05,lr5e-05_bs8_drop0p2_temp2p0_a0p25_b0p05__wd1e-04trmiss0_degmodglobal,20,0.515153808253152,0.6441042125225067,0.5777777777777777,0.7758528508528508,0.7142857142857143,0.0,0.5636785711560931,0.48964663062776836,0.0644164617572512,0.1880611064178603,0.0,0.0,0.0,0.0,0.0,18473,global,0.0
3,1,lr5e-05_bs8_drop0p2_temp2p0_a0p25_b0p05__wd1e-04trmiss0_degmodglobal,8,5e-05,0.0001,0.2,2.0,0.25,0.05,lr5e-05_bs8_drop0p2_temp2p0_a0p25_b0p05__wd1e-04trmiss0_degmodglobal,21,0.53633599621909,0.6438474655151367,0.5777777777777777,0.7758528508528508,0.7142857142857143,0.0,0.5820082596370152,0.509447340454374,0.06980859913996287,0.18873011959450586,0.0,0.0,0.0,0.0,0.0,18473,global,0.0
3,1,lr5e-05_bs8_drop0p2_temp2p0_a0p25_b0p05__wd1e-04trmiss0_degmodglobal,8,5e-05,0.0001,0.2,2.0,0.25,0.05,lr5e-05_bs8_drop0p2_temp2p0_a0p25_b0p05__wd1e-04trmiss0_degmodglobal,22,0.5063879873071399,0.6383283138275146,0.6444444444444444,0.8076599326599327,0.7857142857142857,0.0,0.5674093791416713,0.48396543519837515,0.060998846643737385,0.14345679166061537,0.0,0.0,0.0,0.0,0.0,18473,global,0.0
3,1,lr5e-05_bs8_drop0p2_temp2p0_a0p25_b0p05__wd1e-04trmiss0_degmodglobal,8,5e-05,0.0001,0.2,2.0,0.25,0.05,lr5e-05_bs8_drop0p2_temp2p0_a0p25_b0p05__wd1e-04trmiss0_degmodglobal,23,0.5283509492874146,0.6432021260261536,0.6,0.7864348614348615,0.6428571428571429,0.0,0.5629155210086277,0.4939850526196616,0.08453778869339398,0.26462896700416294,0.0,0.0,0.0,0.0,0.0,18473,global,0.0
3,1,lr5e-05_bs8_drop0p2_temp2p0_a0p25_b0p05__wd1e-04trmiss0_degmodglobal,8,5e-05,0.0001,0.2,2.0,0.25,0.05,lr5e-05_bs8_drop0p2_temp2p0_a0p25_b0p05__wd1e-04trmiss0_degmodglobal,24,0.5199798601014274,0.660746157169342,0.5111111111111111,0.6982193732193733,0.5714285714285714,0.0,0.5384285620280674,0.49695841329438345,0.06377334839531354,0.14156230645520346,0.0,0.0,0.0,0.0,0.0,18473,global,0.0
3,1,lr5e-05_bs8_drop0p2_temp2p0_a0p25_b0p05__wd1e-04trmiss0_degmodglobal,8,5e-05,0.0001,0.2,2.0,0.25,0.05,lr5e-05_bs8_drop0p2_temp2p0_a0p25_b0p05__wd1e-04trmiss0_degmodglobal,25,0.5588569683688027,0.6726481020450592,0.48888888888888893,0.6841269841269841,0.6428571428571429,0.0,0.6153464530195508,0.537495208638055,0.05692466774157116,0.14261187985539436,0.0,0.0,0.0,0.0,0.0,18473,global,0.0
3,1,lr5e-05_bs8_drop0p2_temp2p0_a0p25_b0p05__wd1e-04trmiss0_degmodglobal,8,5e-05,0.0001,0.2,2.0,0.25,0.05,lr5e-05_bs8_drop0p2_temp2p0_a0p25_b0p05__wd1e-04trmiss0_degmodglobal,26,0.5220111523355756,0.6588311195373535,0.5111111111111111,0.7093915343915345,0.5714285714285714,0.0,0.5590996742248535,0.4988036368574415,0.06300319092614311,0.14913443555789335,0.0,0.0,0.0,0.0,0.0,18473,global,0.0
3,1,lr5e-05_bs8_drop0p2_temp2p0_a0p25_b0p05__wd1e-04trmiss0_degmodglobal,8,5e-05,0.0001,0.2,2.0,0.25,0.05,lr5e-05_bs8_drop0p2_temp2p0_a0p25_b0p05__wd1e-04trmiss0_degmodglobal,27,0.5276296479361398,0.6630779802799225,0.5111111111111111,0.6933862433862434,0.5714285714285714,0.0,0.559436981167112,0.5046051229749408,0.06113371865025589,0.1548215321132115,0.0,0.0,0.0,0.0,0.0,18473,global,0.0
3,1,lr5e-05_bs8_drop0p2_temp2p0_a0p25_b0p05__wd1e-04trmiss0_degmodglobal,8,5e-05,0.0001,0.2,2.0,0.25,0.05,lr5e-05_bs8_drop0p2_temp2p0_a0p25_b0p05__wd1e-04trmiss0_degmodglobal,28,0.49944497432027546,0.649135410785675,0.6,0.748880748880749,0.5714285714285714,0.0,0.5543791949748993,0.47808097090039936,0.05756721273064613,0.13944387595568383,0.0,0.0,0.0,0.0,0.0,18473,global,0.0
3,1,lr5e-05_bs8_drop0p2_temp2p0_a0p25_b0p05__wd1e-04trmiss0_degmodglobal,8,5e-05,0.0001,0.2,2.0,0.25,0.05,lr5e-05_bs8_drop0p2_temp2p0_a0p25_b0p05__wd1e-04trmiss0_degmodglobal,29,0.5324905514717102,0.6374772191047668,0.6222222222222222,0.7963554963554964,0.7142857142857143,0.0,0.5617038650172097,0.5111501642635891,0.0598073024302721,0.12777144674743926,0.0,0.0,0.0,0.0,0.0,18473,global,0.0
3,1,lr5e-05_bs8_drop0p2_temp2p0_a0p25_b0p05__wd1e-04trmiss0_degmodglobal,8,5e-05,0.0001,0.2,2.0,0.25,0.05,lr5e-05_bs8_drop0p2_temp2p0_a0p25_b0p05__wd1e-04trmiss0_degmodglobal,30,0.4953560744013105,0.6502972543239594,0.5555555555555556,0.7691188441188441,0.6428571428571429,0.0,0.5458356397492545,0.4749505817890167,0.05431397684982845,0.13653990307024547,0.0,0.0,0.0,0.0,0.0,18473,global,0.0
3,1,lr5e-05_bs8_drop0p2_temp2p0_a0p25_b0p05__wd1e-04trmiss0_degmodglobal,8,5e-05,0.0001,0.2,2.0,0.25,0.05,lr5e-05_bs8_drop0p2_temp2p0_a0p25_b0p05__wd1e-04trmiss0_degmodglobal,31,0.5279698371887207,0.6501038372516632,0.5777777777777777,0.7797008547008548,0.6428571428571429,0.0,0.5419026442936489,0.4997077924864633,0.07683027642113822,0.18108954387051718,0.0,0.0,0.0,0.0,0.0,18473,global,0.0
3,1,lr5e-05_bs8_drop0p2_temp2p0_a0p25_b0p05__wd1e-04trmiss0_degmodglobal,8,5e-05,0.0001,0.2,2.0,0.25,0.05,lr5e-05_bs8_drop0p2_temp2p0_a0p25_b0p05__wd1e-04trmiss0_degmodglobal,32,0.5559609617505755,0.6539356410503387,0.5333333333333333,0.7555453805453807,0.5714285714285714,0.0,0.5765871831348964,0.5199912871633258,0.09370874839701823,0.25084967139576164,0.0,0.0,0.0,0.0,0.0,18473,global,0.0
3,1,lr5e-05_bs8_drop0p2_temp2p0_a0p25_b0p05__wd1e-04trmiss0_degmodglobal,8,5e-05,0.0001,0.2,2.0,0.25,0.05,lr5e-05_bs8_drop0p2_temp2p0_a0p25_b0p05__wd1e-04trmiss0_degmodglobal,33,0.5014702294554029,0.6496112644672394,0.5777777777777777,0.7509157509157509,0.5714285714285714,0.0,0.5317900734288352,0.4746249530996595,0.0690674137856279,0.19156839911426818,0.0,0.0,0.0,0.0,0.0,18473,global,0.0
3,1,lr5e-05_bs8_drop0p2_temp2p0_a0p25_b0p05__wd1e-04trmiss0_degmodglobal,8,5e-05,0.0001,0.2,2.0,0.25,0.05,lr5e-05_bs8_drop0p2_temp2p0_a0p25_b0p05__wd1e-04trmiss0_degmodglobal,34,0.5022665900843484,0.6477641463279724,0.5999999999999999,0.762820512820513,0.5714285714285714,0.0,0.524677255323955,0.4750653122152601,0.07507415967328208,0.16865481862000056,0.0,0.0,0.0,0.0,0.0,18473,global,0.0
3,1,lr5e-05_bs8_drop0p2_temp2p0_a0p25_b0p05__wd1e-04trmiss0_degmodglobal,8,5e-05,0.0001,0.2,2.0,0.25,0.05,lr5e-05_bs8_drop0p2_temp2p0_a0p25_b0p05__wd1e-04trmiss0_degmodglobal,35,0.5278256578104836,0.6583578288555145,0.5555555555555556,0.7001942501942503,0.5714285714285714,0.0,0.544376654284341,0.4970940777233669,0.08099911787680217,0.20963619649410248,0.0,0.0,0.0,0.0,0.0,18473,global,0.0
3,1,lr5e-05_bs8_drop0p2_temp2p0_a0p25_b0p05__wd1e-04trmiss0_degmodglobal,8,5e-05,0.0001,0.2,2.0,0.25,0.05,lr5e-05_bs8_drop0p2_temp2p0_a0p25_b0p05__wd1e-04trmiss0_degmodglobal,36,0.4978168564183371,0.6572653651237488,0.5555555555555556,0.7001942501942503,0.5714285714285714,0.0,0.5166359714099339,0.4796233815806253,0.04963488770382745,0.11569493157523018,0.0,0.0,0.0,0.0,0.0,18473,global,0.0
3,1,lr5e-05_bs8_drop0p2_temp2p0_a0p25_b0p05__wd1e-04trmiss0_degmodglobal,8,5e-05,0.0001,0.2,2.0,0.25,0.05,lr5e-05_bs8_drop0p2_temp2p0_a0p25_b0p05__wd1e-04trmiss0_degmodglobal,37,0.5038175625460488,0.6505767107009888,0.5777777777777777,0.7509157509157509,0.5714285714285714,0.0,0.5390713896070208,0.4820076397487095,0.05595557764172554,0.15642070450953074,0.0,0.0,0.0,0.0,0.0,18473,global,0.0
3,1,lr5e-05_bs8_drop0p2_temp2p0_a0p25_b0p05__wd1e-04trmiss0_degmodglobal,8,5e-05,0.0001,0.2,2.0,0.25,0.05,lr5e-05_bs8_drop0p2_temp2p0_a0p25_b0p05__wd1e-04trmiss0_degmodglobal,38,0.5178843864372799,0.6470180749893188,0.6,0.8025030525030525,0.5714285714285714,0.0,0.5531963876315525,0.49418604373931885,0.06447365134954453,0.15159841839756286,0.0,0.0,0.0,0.0,0.0,18473,global,0.0
3,1,lr5e-05_bs8_drop0p2_temp2p0_a0p25_b0p05__wd1e-04trmiss0_degmodglobal,8,5e-05,0.0001,0.2,2.0,0.25,0.05,lr5e-05_bs8_drop0p2_temp2p0_a0p25_b0p05__wd1e-04trmiss0_degmodglobal,39,0.47934636047908236,0.6443041265010834,0.6222222222222222,0.8044363044363045,0.5714285714285714,0.0,0.5218360296317509,0.4569315186568669,0.05888393893837929,0.1538771955030305,0.0,0.0,0.0,0.0,0.0,18473,global,0.0
3,1,lr5e-05_bs8_drop0p2_temp2p0_a0p25_b0p05__wd1e-04trmiss0_degmodglobal,8,5e-05,0.0001,0.2,2.0,0.25,0.05,lr5e-05_bs8_drop0p2_temp2p0_a0p25_b0p05__wd1e-04trmiss0_degmodglobal,40,0.48447272181510925,0.6463973820209503,0.5555555555555556,0.7376882376882377,0.5714285714285714,0.0,0.5311986633709499,0.4597750689302172,0.06408322762165751,0.17353690468839236,0.0,0.0,0.0,0.0,0.0,18473,global,0.0
3,1,lr5e-05_bs8_drop0p2_temp2p0_a0p25_b0p05__wd1e-04trmiss0_degmodglobal,8,5e-05,0.0001,0.2,2.0,0.25,0.05,lr5e-05_bs8_drop0p2_temp2p0_a0p25_b0p05__wd1e-04trmiss0_degmodglobal,41,0.5253806029047284,0.6465022563934326,0.6,0.7566137566137567,0.5714285714285714,0.0,0.5488753701959338,0.5024419554642269,0.060131066611834934,0.15811758594853537,0.0,0.0,0.0,0.0,0.0,18473,global,0.0
3,1,lr5e-05_bs8_drop0p2_temp2p0_a0p25_b0p05__wd1e-04trmiss0_degmodglobal,8,5e-05,0.0001,0.2,2.0,0.25,0.05,lr5e-05_bs8_drop0p2_temp2p0_a0p25_b0p05__wd1e-04trmiss0_degmodglobal,42,0.5440283417701721,0.6507656574249268,0.5555555555555556,0.7416564916564918,0.5714285714285714,0.0,0.5599653252533504,0.51182878443173,0.09351962325828415,0.17639299482107162,0.0,0.0,0.0,0.0,0.0,18473,global,0.0
3,1,lr5e-05_bs8_drop0p4_temp1p0_a0p25_b0p05__wd1e-04trmiss0_degmodglobal,8,5e-05,0.0001,0.4,1.0,0.25,0.05,lr5e-05_bs8_drop0p4_temp1p0_a0p25_b0p05__wd1e-04trmiss0_degmodglobal,1,0.706903338432312,0.6431721746921539,0.6,0.6972101972101973,0.6428571428571429,0.0,0.72420905317579,0.6775127479008266,0.06688206642866135,0.253401585987636,0.0,0.0,0.0,0.0,0.0,18473,global,0.0
3,1,lr5e-05_bs8_drop0p4_temp1p0_a0p25_b0p05__wd1e-04trmiss0_degmodglobal,8,5e-05,0.0001,0.4,1.0,0.25,0.05,lr5e-05_bs8_drop0p4_temp1p0_a0p25_b0p05__wd1e-04trmiss0_degmodglobal,2,0.6840279528072902,0.633734405040741,0.6444444444444444,0.7151114317780985,0.6428571428571429,0.0,0.7080429026058742,0.6481881056513105,0.07592066430619784,0.3371938616037369,0.0,0.0,0.0,0.0,0.0,18473,global,0.0
3,1,lr5e-05_bs8_drop0p4_temp1p0_a0p25_b0p05__wd1e-04trmiss0_degmodglobal,8,5e-05,0.0001,0.4,1.0,0.25,0.05,lr5e-05_bs8_drop0p4_temp1p0_a0p25_b0p05__wd1e-04trmiss0_degmodglobal,3,0.6278181757245745,0.6239541172981262,0.7111111111111111,0.7439955106621775,0.6428571428571429,0.0,0.6806982329913548,0.5963103004864284,0.06305857854230064,0.3148645396743502,0.0,0.0,0.0,0.0,0.0,18473,global,0.0
3,1,lr5e-05_bs8_drop0p4_temp1p0_a0p25_b0p05__wd1e-04trmiss0_degmodglobal,8,5e-05,0.0001,0.4,1.0,0.25,0.05,lr5e-05_bs8_drop0p4_temp1p0_a0p25_b0p05__wd1e-04trmiss0_degmodglobal,4,0.6355119347572327,0.6223568916320801,0.7777777777777778,0.7765792849126183,0.6428571428571429,0.0,0.6616776500429425,0.6045487778527396,0.06633705699018069,0.28757781854697634,0.0,0.0,0.0,0.0,0.0,18473,global,0.0
3,1,lr5e-05_bs8_drop0p4_temp1p0_a0p25_b0p05__wd1e-04trmiss0_degmodglobal,8,5e-05,0.0001,0.4,1.0,0.25,0.05,lr5e-05_bs8_drop0p4_temp1p0_a0p25_b0p05__wd1e-04trmiss0_degmodglobal,5,0.6230029463768005,0.6196140646934509,0.7333333333333333,0.7559002725669394,0.6428571428571429,0.0,0.6586201872144427,0.5896820170538766,0.07216526993683406,0.30559212607996805,0.0,0.0,0.0,0.0,0.0,18473,global,0.0
3,1,lr5e-05_bs8_drop0p4_temp1p0_a0p25_b0p05__wd1e-04trmiss0_degmodglobal,8,5e-05,0.0001,0.4,1.0,0.25,0.05,lr5e-05_bs8_drop0p4_temp1p0_a0p25_b0p05__wd1e-04trmiss0_degmodglobal,6,0.6286092145102364,0.6295409202575684,0.711111111111111,0.7483245149911818,0.6428571428571429,0.0,0.6514628529548645,0.5926842434065682,0.07587622052856854,0.3391185828617641,0.0,0.0,0.0,0.0,0.0,18473,global,0.0
3,1,lr5e-05_bs8_drop0p4_temp1p0_a0p25_b0p05__wd1e-04trmiss0_degmodglobal,8,5e-05,0.0001,0.4,1.0,0.25,0.05,lr5e-05_bs8_drop0p4_temp1p0_a0p25_b0p05__wd1e-04trmiss0_degmodglobal,7,0.6292920708656311,0.6293715834617615,0.711111111111111,0.7483245149911818,0.6428571428571429,0.0,0.6705218383244106,0.6002689685140338,0.06057956867984363,0.2775643382753645,0.0,0.0,0.0,0.0,0.0,18473,global,0.0
3,1,lr5e-05_bs8_drop0p4_temp1p0_a0p25_b0p05__wd1e-04trmiss0_degmodglobal,8,5e-05,0.0001,0.4,1.0,0.25,0.05,lr5e-05_bs8_drop0p4_temp1p0_a0p25_b0p05__wd1e-04trmiss0_degmodglobal,8,0.6082790323666164,0.6262951493263245,0.7555555555555555,0.7667027417027418,0.6428571428571429,0.0,0.6507143378257751,0.579011218888419,0.06898162780063492,0.2404483280011586,0.0,0.0,0.0,0.0,0.0,18473,global,0.0
3,1,lr5e-05_bs8_drop0p4_temp1p0_a0p25_b0p05__wd1e-04trmiss0_degmodglobal,8,5e-05,0.0001,0.4,1.0,0.25,0.05,lr5e-05_bs8_drop0p4_temp1p0_a0p25_b0p05__wd1e-04trmiss0_degmodglobal,9,0.6271704946245465,0.630039393901825,0.7333333333333333,0.7559002725669394,0.6428571428571429,0.0,0.649420440196991,0.5987195287431989,0.06333164338554655,0.2523613231522696,0.0,0.0,0.0,0.0,0.0,18473,global,0.0
3,1,lr5e-05_bs8_drop0p4_temp1p0_a0p25_b0p05__wd1e-04trmiss0_degmodglobal,8,5e-05,0.0001,0.4,1.0,0.25,0.05,lr5e-05_bs8_drop0p4_temp1p0_a0p25_b0p05__wd1e-04trmiss0_degmodglobal,10,0.6082081113542829,0.6316095888614655,0.6888888888888889,0.7307679974346641,0.6428571428571429,0.0,0.6349366903305054,0.570254751614162,0.08094687972749982,0.354332943047796,0.0,0.0,0.0,0.0,0.0,18473,global,0.0
3,1,lr5e-05_bs8_drop0p4_temp1p0_a0p25_b0p05__wd1e-04trmiss0_degmodglobal,8,5e-05,0.0001,0.4,1.0,0.25,0.05,lr5e-05_bs8_drop0p4_temp1p0_a0p25_b0p05__wd1e-04trmiss0_degmodglobal,11,0.5731041005679539,0.630001425743103,0.7333333333333333,0.7559002725669394,0.6428571428571429,0.0,0.6356913787978036,0.5321577702249799,0.09073886701038905,0.3652322313615254,0.0,0.0,0.0,0.0,0.0,18473,global,0.0
3,1,lr5e-05_bs8_drop0p4_temp1p0_a0p25_b0p05__wd1e-04trmiss0_degmodglobal,8,5e-05,0.0001,0.4,1.0,0.25,0.05,lr5e-05_bs8_drop0p4_temp1p0_a0p25_b0p05__wd1e-04trmiss0_degmodglobal,12,0.5824866720608303,0.6269133388996124,0.7333333333333333,0.7559002725669394,0.6428571428571429,0.0,0.6063619256019592,0.5511942080089024,0.06870706645505768,0.28231383860111237,0.0,0.0,0.0,0.0,0.0,18473,global,0.0
3,1,lr5e-05_bs8_drop0p4_temp1p0_a0p25_b0p05__wd1e-04trmiss0_degmodglobal,8,5e-05,0.0001,0.4,1.0,0.25,0.05,lr5e-05_bs8_drop0p4_temp1p0_a0p25_b0p05__wd1e-04trmiss0_degmodglobal,13,0.5895551868847438,0.6298757791519165,0.7333333333333333,0.7559002725669394,0.6428571428571429,0.0,0.6291647723742894,0.5565210325377328,0.07405823309506689,0.29039226472377777,0.0,0.0,0.0,0.0,0.0,18473,global,0.0
3,1,lr5e-05_bs8_drop0p4_temp1p0_a0p25_b0p05__wd1e-04trmiss0_degmodglobal,8,5e-05,0.0001,0.4,1.0,0.25,0.05,lr5e-05_bs8_drop0p4_temp1p0_a0p25_b0p05__wd1e-04trmiss0_degmodglobal,14,0.5888285211154393,0.6291995346546173,0.7111111111111111,0.7439955106621775,0.6428571428571429,0.0,0.6133713637079511,0.5630173172269549,0.05165440482752664,0.25795189823423115,0.0,0.0,0.0,0.0,0.0,18473,global,0.0
3,1,lr5e-05_bs8_drop0p4_temp1p0_a0p25_b0p05__wd1e-04trmiss0_degmodglobal,8,5e-05,0.0001,0.4,1.0,0.25,0.05,lr5e-05_bs8_drop0p4_temp1p0_a0p25_b0p05__wd1e-04trmiss0_degmodglobal,15,0.5837275981903076,0.6292928457260132,0.6666666666666666,0.7159531826198493,0.6428571428571429,0.0,0.5921599098614284,0.5575956702232361,0.0634075930075986,0.2056006065436772,0.0,0.0,0.0,0.0,0.0,18473,global,0.0
3,1,lr5e-05_bs8_drop0p4_temp1p0_a0p25_b0p05__wd1e-04trmiss0_degmodglobal,8,5e-05,0.0001,0.4,1.0,0.25,0.05,lr5e-05_bs8_drop0p4_temp1p0_a0p25_b0p05__wd1e-04trmiss0_degmodglobal,16,0.5792128784315926,0.6311789453029633,0.7555555555555555,0.8114558281224948,0.6428571428571429,0.0,0.6177759851728167,0.5536741316318512,0.06259939633309841,0.1977779737540654,0.0,0.0,0.0,0.0,0.0,18473,global,0.0
3,1,lr5e-05_bs8_drop0p4_temp1p0_a0p25_b0p05__wd1e-04trmiss0_degmodglobal,8,5e-05,0.0001,0.4,1.0,0.25,0.05,lr5e-05_bs8_drop0p4_temp1p0_a0p25_b0p05__wd1e-04trmiss0_degmodglobal,17,0.5674218024526324,0.6249603629112244,0.7111111111111111,0.7439955106621775,0.6428571428571429,0.0,0.6143144709723336,0.5336036682128906,0.07464761819158282,0.30312463854040417,0.0,0.0,0.0,0.0,0.0,18473,global,0.0
3,1,lr5e-05_bs8_drop0p4_temp1p0_a0p25_b0p05__wd1e-04trmiss0_degmodglobal,8,5e-05,0.0001,0.4,1.0,0.25,0.05,lr5e-05_bs8_drop0p4_temp1p0_a0p25_b0p05__wd1e-04trmiss0_degmodglobal,18,0.5782217298235212,0.6174299120903015,0.711111111111111,0.8157848324514991,0.6428571428571429,0.0,0.6115970526422773,0.5479468362671989,0.068761390500835,0.26169104874134064,0.0,0.0,0.0,0.0,0.0,18473,global,0.0
3,1,lr5e-05_bs8_drop0p4_temp1p0_a0p25_b0p05__wd1e-04trmiss0_degmodglobal,8,5e-05,0.0001,0.4,1.0,0.25,0.05,lr5e-05_bs8_drop0p4_temp1p0_a0p25_b0p05__wd1e-04trmiss0_degmodglobal,19,0.6049847943442208,0.6175758838653564,0.6888888888888889,0.8009700176366843,0.6428571428571429,0.0,0.6233113152640206,0.5753498843738011,0.06567586532660893,0.2643192197595324,0.0,0.0,0.0,0.0,0.0,18473,global,0.0
3,1,lr5e-05_bs8_drop0p4_temp1p0_a0p25_b0p05__wd1e-04trmiss0_degmodglobal,8,5e-05,0.0001,0.4,1.0,0.25,0.05,lr5e-05_bs8_drop0p4_temp1p0_a0p25_b0p05__wd1e-04trmiss0_degmodglobal,20,0.561699892793383,0.6154579818248749,0.6444444444444444,0.7472663139329807,0.6428571428571429,0.0,0.5745216863495963,0.5342791080474854,0.06920324319175311,0.20239940285682678,0.0,0.0,0.0,0.0,0.0,18473,global,0.0
3,1,lr5e-05_bs8_drop0p4_temp1p0_a0p25_b0p05__wd1e-04trmiss0_degmodglobal,8,5e-05,0.0001,0.4,1.0,0.25,0.05,lr5e-05_bs8_drop0p4_temp1p0_a0p25_b0p05__wd1e-04trmiss0_degmodglobal,21,0.5996728369167873,0.6186950206756592,0.6666666666666666,0.7159531826198493,0.6428571428571429,0.0,0.6069462725094387,0.5698466045515878,0.0687749455017703,0.2526498628514154,0.0,0.0,0.0,0.0,0.0,18473,global,0.0
3,1,lr5e-05_bs8_drop0p4_temp1p0_a0p25_b0p05__wd1e-04trmiss0_degmodglobal,8,5e-05,0.0001,0.4,1.0,0.25,0.05,lr5e-05_bs8_drop0p4_temp1p0_a0p25_b0p05__wd1e-04trmiss0_degmodglobal,22,0.5606432727405003,0.6166540086269379,0.7111111111111111,0.7439955106621775,0.6428571428571429,0.0,0.5884149159703936,0.5234711340495518,0.0871609023639134,0.30763821729591917,0.0,0.0,0.0,0.0,0.0,18473,global,0.0
3,1,lr5e-05_bs8_drop0p4_temp1p0_a0p25_b0p05__wd1e-04trmiss0_degmodglobal,8,5e-05,0.0001,0.4,1.0,0.25,0.05,lr5e-05_bs8_drop0p4_temp1p0_a0p25_b0p05__wd1e-04trmiss0_degmodglobal,23,0.5629968089716775,0.6151646375656128,0.6666666666666666,0.7159531826198493,0.6428571428571429,0.0,0.574929245880672,0.5378414945943015,0.06009890564850399,0.20261164541755403,0.0,0.0,0.0,0.0,0.0,18473,global,0.0
3,1,lr5e-05_bs8_drop0p4_temp1p0_a0p25_b0p05__wd1e-04trmiss0_degmodglobal,8,5e-05,0.0001,0.4,1.0,0.25,0.05,lr5e-05_bs8_drop0p4_temp1p0_a0p25_b0p05__wd1e-04trmiss0_degmodglobal,24,0.5714491094861712,0.6142797470092773,0.6888888888888889,0.7307679974346641,0.6428571428571429,0.0,0.5712123683520726,0.5352920166083744,0.08170317911675998,0.31462593163762775,0.0,0.0,0.0,0.0,0.0,18473,global,0.0
3,1,lr5e-05_bs8_drop0p4_temp1p0_a0p25_b0p05__wd1e-04trmiss0_degmodglobal,8,5e-05,0.0001,0.4,1.0,0.25,0.05,lr5e-05_bs8_drop0p4_temp1p0_a0p25_b0p05__wd1e-04trmiss0_degmodglobal,25,0.5758434278624398,0.6193958520889282,0.6888888888888889,0.7307679974346641,0.6428571428571429,0.0,0.562005911554609,0.5365453107016427,0.08936001041105815,0.33916241782052176,0.0,0.0,0.0,0.0,0.0,18473,global,0.0
3,1,lr5e-05_bs8_drop0p4_temp1p0_a0p25_b0p05__wd1e-04trmiss0_degmodglobal,8,5e-05,0.0001,0.4,1.0,0.25,0.05,lr5e-05_bs8_drop0p4_temp1p0_a0p25_b0p05__wd1e-04trmiss0_degmodglobal,26,0.5256304315158299,0.6198485195636749,0.6888888888888889,0.7307679974346641,0.6428571428571429,0.0,0.5410431964056832,0.49651954429490225,0.07418902431215559,0.21127272823027202,0.0,0.0,0.0,0.0,0.0,18473,global,0.0
3,1,lr5e-05_bs8_drop0p4_temp1p0_a0p25_b0p05__wd1e-04trmiss0_degmodglobal,8,5e-05,0.0001,0.4,1.0,0.25,0.05,lr5e-05_bs8_drop0p4_temp1p0_a0p25_b0p05__wd1e-04trmiss0_degmodglobal,27,0.5357861689158848,0.6200652122497559,0.6888888888888889,0.7307679974346641,0.6428571428571429,0.0,0.5693012859140124,0.5099286990506309,0.06039625033736229,0.21516808441707067,0.0,0.0,0.0,0.0,0.0,18473,global,0.0
3,1,lr5e-05_bs8_drop0p4_temp1p0_a0p25_b0p05__wd1e-04trmiss0_degmodglobal,8,5e-05,0.0001,0.4,1.0,0.25,0.05,lr5e-05_bs8_drop0p4_temp1p0_a0p25_b0p05__wd1e-04trmiss0_degmodglobal,28,0.5424152655260903,0.6269601881504059,0.6888888888888889,0.7307679974346641,0.6428571428571429,0.0,0.5474439603941781,0.5164112959589277,0.06390829543982234,0.2005380615592003,0.0,0.0,0.0,0.0,0.0,18473,global,0.0
3,1,lr5e-05_bs8_drop0p4_temp2p0_a0p25_b0p05__wd1e-04trmiss0_degmodglobal,8,5e-05,0.0001,0.4,2.0,0.25,0.05,lr5e-05_bs8_drop0p4_temp2p0_a0p25_b0p05__wd1e-04trmiss0_degmodglobal,1,0.714750417641231,0.657073974609375,0.6888888888888889,0.8426517926517927,0.7142857142857143,0.0,0.6868146913392204,0.6855831401688712,0.0654822891311986,0.2559340809072767,0.0,0.0,0.0,0.0,0.0,18473,global,0.0
3,1,lr5e-05_bs8_drop0p4_temp2p0_a0p25_b0p05__wd1e-04trmiss0_degmodglobal,8,5e-05,0.0001,0.4,2.0,0.25,0.05,lr5e-05_bs8_drop0p4_temp2p0_a0p25_b0p05__wd1e-04trmiss0_degmodglobal,2,0.6965496625219073,0.6535695493221283,0.7333333333333333,0.8345068511735181,0.7142857142857143,0.0,0.6861093299729484,0.6612101793289185,0.07795710249670915,0.3170039249317987,0.0,0.0,0.0,0.0,0.0,18473,global,0.0
3,1,lr5e-05_bs8_drop0p4_temp2p0_a0p25_b0p05__wd1e-04trmiss0_degmodglobal,8,5e-05,0.0001,0.4,2.0,0.25,0.05,lr5e-05_bs8_drop0p4_temp2p0_a0p25_b0p05__wd1e-04trmiss0_degmodglobal,3,0.6666267429079328,0.6458746194839478,0.6888888888888889,0.838827838827839,0.7142857142857143,0.0,0.6952502131462097,0.6409203324999128,0.06181057755436216,0.20507575305444853,0.0,0.0,0.0,0.0,0.0,18473,global,0.0
3,1,lr5e-05_bs8_drop0p4_temp2p0_a0p25_b0p05__wd1e-04trmiss0_degmodglobal,8,5e-05,0.0001,0.4,2.0,0.25,0.05,lr5e-05_bs8_drop0p4_temp2p0_a0p25_b0p05__wd1e-04trmiss0_degmodglobal,4,0.6559137531689235,0.6482790410518646,0.5777777777777777,0.7640322640322641,0.7142857142857143,0.0,0.6633627840450832,0.6308926684515817,0.05997042836887496,0.20056962008987153,0.0,0.0,0.0,0.0,0.0,18473,global,0.0
3,1,lr5e-05_bs8_drop0p4_temp2p0_a0p25_b0p05__wd1e-04trmiss0_degmodglobal,8,5e-05,0.0001,0.4,2.0,0.25,0.05,lr5e-05_bs8_drop0p4_temp2p0_a0p25_b0p05__wd1e-04trmiss0_degmodglobal,5,0.6606773648943219,0.6445761322975159,0.6444444444444444,0.8198523698523701,0.6428571428571429,0.0,0.6776882324899945,0.6348815730639866,0.06312576495110989,0.2002871185541153,0.0,0.0,0.0,0.0,0.0,18473,global,0.0
3,1,lr5e-05_bs8_drop0p4_temp2p0_a0p25_b0p05__wd1e-04trmiss0_degmodglobal,8,5e-05,0.0001,0.4,2.0,0.25,0.05,lr5e-05_bs8_drop0p4_temp2p0_a0p25_b0p05__wd1e-04trmiss0_degmodglobal,6,0.6423542669841221,0.6418089866638184,0.6222222222222222,0.8066248566248566,0.7142857142857143,0.0,0.6534745352608817,0.6113766516957965,0.07364275040371078,0.2513385255421911,0.0,0.0,0.0,0.0,0.0,18473,global,0.0
3,1,lr5e-05_bs8_drop0p4_temp2p0_a0p25_b0p05__wd1e-04trmiss0_degmodglobal,8,5e-05,0.0001,0.4,2.0,0.25,0.05,lr5e-05_bs8_drop0p4_temp2p0_a0p25_b0p05__wd1e-04trmiss0_degmodglobal,7,0.6285169465201241,0.6411402821540833,0.6444444444444444,0.8262626262626265,0.6428571428571429,0.0,0.6330965161323547,0.5981619358062744,0.07090356786336217,0.2525824712855475,0.0,0.0,0.0,0.0,0.0,18473,global,0.0
3,1,lr5e-05_bs8_drop0p4_temp2p0_a0p25_b0p05__wd1e-04trmiss0_degmodglobal,8,5e-05,0.0001,0.4,2.0,0.25,0.05,lr5e-05_bs8_drop0p4_temp2p0_a0p25_b0p05__wd1e-04trmiss0_degmodglobal,8,0.6351162620953151,0.6537941992282867,0.5555555555555556,0.7751433751433752,0.6428571428571429,0.0,0.6688110317502703,0.6158316476004464,0.05402658533837114,0.11555911707026618,0.0,0.0,0.0,0.0,0.0,18473,global,0.0
3,1,lr5e-05_bs8_drop0p4_temp2p0_a0p25_b0p05__wd1e-04trmiss0_degmodglobal,8,5e-05,0.0001,0.4,2.0,0.25,0.05,lr5e-05_bs8_drop0p4_temp2p0_a0p25_b0p05__wd1e-04trmiss0_degmodglobal,9,0.6373479196003505,0.6566811800003052,0.5777777777777777,0.7976911976911978,0.6428571428571429,0.0,0.6455226370266506,0.6065548743520465,0.07246925043208259,0.2535149412495749,0.0,0.0,0.0,0.0,0.0,18473,global,0.0
3,1,lr5e-05_bs8_drop0p4_temp2p0_a0p25_b0p05__wd1e-04trmiss0_degmodglobal,8,5e-05,0.0001,0.4,2.0,0.25,0.05,lr5e-05_bs8_drop0p4_temp2p0_a0p25_b0p05__wd1e-04trmiss0_degmodglobal,10,0.6127063887459892,0.6548774242401123,0.5777777777777777,0.7976911976911978,0.6428571428571429,0.0,0.6497787152017865,0.587654709815979,0.0589633227459022,0.20621680468320847,0.0,0.0,0.0,0.0,0.0,18473,global,0.0
3,1,lr5e-05_bs8_drop0p4_temp2p0_a0p25_b0p05__wd1e-04trmiss0_degmodglobal,8,5e-05,0.0001,0.4,2.0,0.25,0.05,lr5e-05_bs8_drop0p4_temp2p0_a0p25_b0p05__wd1e-04trmiss0_degmodglobal,11,0.62725259576525,0.6521573066711426,0.6,0.8050986050986053,0.6428571428571429,0.0,0.6537629961967468,0.5930014082363674,0.08017185756138392,0.28416443935462404,0.0,0.0,0.0,0.0,0.0,18473,global,0.0
3,1,lr5e-05_bs8_drop0p4_temp2p0_a0p25_b0p05__wd1e-04trmiss0_degmodglobal,8,5e-05,0.0001,0.4,2.0,0.25,0.05,lr5e-05_bs8_drop0p4_temp2p0_a0p25_b0p05__wd1e-04trmiss0_degmodglobal,12,0.5688489547797612,0.6507569253444672,0.6222222222222222,0.7833925333925336,0.6428571428571429,0.0,0.6107837387493679,0.5411639554159982,0.06907706920589719,0.2083145443882261,0.0,0.0,0.0,0.0,0.0,18473,global,0.0
3,1,lr5e-05_bs8_drop0p4_temp2p0_a0p25_b0p05__wd1e-04trmiss0_degmodglobal,8,5e-05,0.0001,0.4,2.0,0.25,0.05,lr5e-05_bs8_drop0p4_temp2p0_a0p25_b0p05__wd1e-04trmiss0_degmodglobal,13,0.5588698812893459,0.6551655232906342,0.5333333333333333,0.7396825396825397,0.5714285714285714,0.0,0.6419560483523777,0.5343942982809884,0.05426026348556791,0.2182104161807469,0.0,0.0,0.0,0.0,0.0,18473,global,0.0
3,1,lr5e-05_bs8_drop0p4_temp2p0_a0p25_b0p05__wd1e-04trmiss0_degmodglobal,8,5e-05,0.0001,0.4,2.0,0.25,0.05,lr5e-05_bs8_drop0p4_temp2p0_a0p25_b0p05__wd1e-04trmiss0_degmodglobal,14,0.5852876646178109,0.6449754536151886,0.6,0.7957551707551709,0.6428571428571429,0.0,0.6300087656293597,0.5657409429550171,0.0496164576283523,0.1428521882210459,0.0,0.0,0.0,0.0,0.0,18473,global,0.0
3,1,lr5e-05_bs8_drop0p4_temp2p0_a0p25_b0p05__wd1e-04trmiss0_degmodglobal,8,5e-05,0.0001,0.4,2.0,0.25,0.05,lr5e-05_bs8_drop0p4_temp2p0_a0p25_b0p05__wd1e-04trmiss0_degmodglobal,15,0.564833117382867,0.6375203430652618,0.6,0.7957551707551709,0.6428571428571429,0.0,0.6114177363259452,0.5379238980157035,0.06974745914340019,0.1894473476069314,0.0,0.0,0.0,0.0,0.0,18473,global,0.0
3,1,lr5e-05_bs8_drop0p4_temp2p0_a0p25_b0p05__wd1e-04trmiss0_degmodglobal,8,5e-05,0.0001,0.4,2.0,0.25,0.05,lr5e-05_bs8_drop0p4_temp2p0_a0p25_b0p05__wd1e-04trmiss0_degmodglobal,16,0.5723242078508649,0.6429129242897034,0.6,0.7957551707551709,0.6428571428571429,0.0,0.6357254641396659,0.5413035239492144,0.0774960634963853,0.23293334884302958,0.0,0.0,0.0,0.0,0.0,18473,global,0.0
3,1,lr5e-05_bs8_drop0p4_temp2p0_a0p25_b0p05__wd1e-04trmiss0_degmodglobal,8,5e-05,0.0001,0.4,2.0,0.25,0.05,lr5e-05_bs8_drop0p4_temp2p0_a0p25_b0p05__wd1e-04trmiss0_degmodglobal,17,0.6182638321604047,0.6476779282093048,0.6,0.7957551707551709,0.6428571428571429,0.0,0.6311500838824681,0.5867593714169094,0.07499154577297824,0.2551312191145761,0.0,0.0,0.0,0.0,0.0,18473,global,0.0
3,1,lr5e-05_bs8_drop0p4_temp2p0_a0p25_b0p05__wd1e-04trmiss0_degmodglobal,8,5e-05,0.0001,0.4,2.0,0.25,0.05,lr5e-05_bs8_drop0p4_temp2p0_a0p25_b0p05__wd1e-04trmiss0_degmodglobal,18,0.5520408281258175,0.6414385139942169,0.6,0.7957551707551709,0.6428571428571429,0.0,0.5904296466282436,0.52371746301651,0.06866078664149557,0.22316344295229232,0.0,0.0,0.0,0.0,0.0,18473,global,0.0
3,1,lr5e-05_bs8_drop0p4_temp2p0_a0p25_b0p05__wd1e-04trmiss0_degmodglobal,8,5e-05,0.0001,0.4,2.0,0.25,0.05,lr5e-05_bs8_drop0p4_temp2p0_a0p25_b0p05__wd1e-04trmiss0_degmodglobal,19,0.5908901776586261,0.641231894493103,0.5777777777777777,0.7890211640211642,0.5714285714285714,0.0,0.6077661854880196,0.5616937151976994,0.07473100668617658,0.21027412691286632,0.0,0.0,0.0,0.0,0.0,18473,global,0.0
3,1,lr5e-05_bs8_drop0p4_temp2p0_a0p25_b0p05__wd1e-04trmiss0_degmodglobal,8,5e-05,0.0001,0.4,2.0,0.25,0.05,lr5e-05_bs8_drop0p4_temp2p0_a0p25_b0p05__wd1e-04trmiss0_degmodglobal,20,0.5516462794372013,0.64473095536232,0.5555555555555556,0.7833231583231584,0.5,0.0,0.5772473045757839,0.5178399724619729,0.08397989613669259,0.256226336317403,0.0,0.0,0.0,0.0,0.0,18473,global,0.0
3,1,lr5e-05_bs8_drop0p4_temp2p0_a0p25_b0p05__wd1e-04trmiss0_degmodglobal,8,5e-05,0.0001,0.4,2.0,0.25,0.05,lr5e-05_bs8_drop0p4_temp2p0_a0p25_b0p05__wd1e-04trmiss0_degmodglobal,21,0.5651391659464154,0.6498090028762817,0.5333333333333333,0.7555453805453807,0.5714285714285714,0.0,0.559425950050354,0.5346204170158931,0.07886073206152235,0.21607122783149993,0.0,0.0,0.0,0.0,0.0,18473,global,0.0
3,1,lr5e-05_bs8_drop0p4_temp2p0_a0p25_b0p05__wd1e-04trmiss0_degmodglobal,8,5e-05,0.0001,0.4,2.0,0.25,0.05,lr5e-05_bs8_drop0p4_temp2p0_a0p25_b0p05__wd1e-04trmiss0_degmodglobal,22,0.5920527492250715,0.6530421078205109,0.5555555555555556,0.7612433862433863,0.5714285714285714,0.0,0.6267332775252206,0.5627152919769287,0.07701730621712548,0.20166258833238057,0.0,0.0,0.0,0.0,0.0,18473,global,0.0
3,1,lr5e-05_bs8_drop0p4_temp2p0_a0p25_b0p05__wd1e-04trmiss0_degmodglobal,8,5e-05,0.0001,0.4,2.0,0.25,0.05,lr5e-05_bs8_drop0p4_temp2p0_a0p25_b0p05__wd1e-04trmiss0_degmodglobal,23,0.5783556316580091,0.6465844511985779,0.5555555555555556,0.7612433862433863,0.5714285714285714,0.0,0.5763400707926069,0.5471163477216449,0.0755494971360479,0.24703784180538996,0.0,0.0,0.0,0.0,0.0,18473,global,0.0
3,1,lr5e-05_bs8_drop0p4_temp2p0_a0p25_b0p05__wd1e-04trmiss0_degmodglobal,8,5e-05,0.0001,0.4,2.0,0.25,0.05,lr5e-05_bs8_drop0p4_temp2p0_a0p25_b0p05__wd1e-04trmiss0_degmodglobal,24,0.5534134124006543,0.6412822306156158,0.5777777777777777,0.780940355940356,0.6428571428571429,0.0,0.5976080468722752,0.5250729833330426,0.06853512568133217,0.22413298061915807,0.0,0.0,0.0,0.0,0.0,18473,global,0.0
3,1,lr5e-05_bs8_drop0p4_temp2p0_a0p25_b0p05__wd1e-04trmiss0_degmodglobal,8,5e-05,0.0001,0.4,2.0,0.25,0.05,lr5e-05_bs8_drop0p4_temp2p0_a0p25_b0p05__wd1e-04trmiss0_degmodglobal,25,0.5374095482485635,0.6383689045906067,0.6,0.7908609908609909,0.6428571428571429,0.0,0.579850218125752,0.50498885342053,0.07231306550758225,0.2868486727987017,0.0,0.0,0.0,0.0,0.0,18473,global,0.0
3,1,lr5e-05_bs8_drop0p4_temp2p0_a0p25_b0p05__wd1e-04trmiss0_degmodglobal,8,5e-05,0.0001,0.4,2.0,0.25,0.05,lr5e-05_bs8_drop0p4_temp2p0_a0p25_b0p05__wd1e-04trmiss0_degmodglobal,26,0.5575795429093497,0.6406324505805969,0.5777777777777777,0.780940355940356,0.6428571428571429,0.0,0.6138608285358974,0.5201211443969181,0.08757951376693589,0.3112703040242195,0.0,0.0,0.0,0.0,0.0,18473,global,0.0
3,1,lr5e-05_bs8_drop0p4_temp2p0_a0p25_b0p05__wd1e-04trmiss0_degmodglobal,8,5e-05,0.0001,0.4,2.0,0.25,0.05,lr5e-05_bs8_drop0p4_temp2p0_a0p25_b0p05__wd1e-04trmiss0_degmodglobal,27,0.558020715202604,0.638105720281601,0.5777777777777777,0.780940355940356,0.6428571428571429,0.0,0.5967654841286796,0.5324989301817757,0.06631606976900782,0.17885564054761613,0.0,0.0,0.0,0.0,0.0,18473,global,0.0
3,1,lr1e-05_bs8_drop0p2_temp1p0_a0p25_b0p05__wd1e-04trmiss0_degmodglobal,8,1e-05,0.0001,0.2,1.0,0.25,0.05,lr1e-05_bs8_drop0p2_temp1p0_a0p25_b0p05__wd1e-04trmiss0_degmodglobal,1,0.7384919268744332,0.6861036121845245,0.6,0.8011303511303511,0.5714285714285714,0.0,0.6566532509667533,0.7205552118165153,0.04072433550442968,0.15511254327637808,0.0,0.0,0.0,0.0,0.0,18473,global,0.0
3,1,lr1e-05_bs8_drop0p2_temp1p0_a0p25_b0p05__wd1e-04trmiss0_degmodglobal,8,1e-05,0.0001,0.2,1.0,0.25,0.05,lr1e-05_bs8_drop0p2_temp1p0_a0p25_b0p05__wd1e-04trmiss0_degmodglobal,2,0.737896306174142,0.680509626865387,0.6222222222222222,0.7920745920745922,0.6428571428571429,0.0,0.6322288938931057,0.7219236322811672,0.03269708875034537,0.1559681189911706,0.0,0.0,0.0,0.0,0.0,18473,global,0.0
3,1,lr1e-05_bs8_drop0p2_temp1p0_a0p25_b0p05__wd1e-04trmiss0_degmodglobal,8,1e-05,0.0001,0.2,1.0,0.25,0.05,lr1e-05_bs8_drop0p2_temp1p0_a0p25_b0p05__wd1e-04trmiss0_degmodglobal,3,0.7337204047611782,0.6705674231052399,0.6666666666666666,0.782654999321666,0.6428571428571429,0.0,0.6340347358158657,0.717452883720398,0.0358991197177342,0.14585504680871964,0.0,0.0,0.0,0.0,0.0,18473,global,0.0
3,1,lr1e-05_bs8_drop0p2_temp1p0_a0p25_b0p05__wd1e-04trmiss0_degmodglobal,8,1e-05,0.0001,0.2,1.0,0.25,0.05,lr1e-05_bs8_drop0p2_temp1p0_a0p25_b0p05__wd1e-04trmiss0_degmodglobal,4,0.7222381319318499,0.6631699800491333,0.7333333333333333,0.8038800705467373,0.7142857142857143,0.0,0.6339172465460641,0.7072724103927612,0.03292752323406083,0.13467676724706376,0.0,0.0,0.0,0.0,0.0,18473,global,0.0
3,1,lr1e-05_bs8_drop0p2_temp1p0_a0p25_b0p05__wd1e-04trmiss0_degmodglobal,8,1e-05,0.0001,0.2,1.0,0.25,0.05,lr1e-05_bs8_drop0p2_temp1p0_a0p25_b0p05__wd1e-04trmiss0_degmodglobal,5,0.7492003185408456,0.6616591811180115,0.6666666666666666,0.7752525252525253,0.7142857142857143,0.0,0.6322016716003418,0.7289028338023594,0.04552444443106651,0.17832752210753305,0.0,0.0,0.0,0.0,0.0,18473,global,0.0
3,1,lr1e-05_bs8_drop0p2_temp1p0_a0p25_b0p05__wd1e-04trmiss0_degmodglobal,8,1e-05,0.0001,0.2,1.0,0.25,0.05,lr1e-05_bs8_drop0p2_temp1p0_a0p25_b0p05__wd1e-04trmiss0_degmodglobal,6,0.7086624588285174,0.6602116823196411,0.7333333333333334,0.8066017316017318,0.7142857142857143,0.0,0.648976709161486,0.6920987963676453,0.03555352719766753,0.15350580641201564,0.0,0.0,0.0,0.0,0.0,18473,global,0.0
3,1,lr1e-05_bs8_drop0p2_temp1p0_a0p25_b0p05__wd1e-04trmiss0_degmodglobal,8,1e-05,0.0001,0.2,1.0,0.25,0.05,lr1e-05_bs8_drop0p2_temp1p0_a0p25_b0p05__wd1e-04trmiss0_degmodglobal,7,0.6922169923782349,0.6603412926197052,0.7777777777777777,0.8245590828924163,0.7857142857142857,0.0,0.615765358720507,0.6764741539955139,0.034713425274406164,0.14128990950328962,0.0,0.0,0.0,0.0,0.0,18473,global,0.0
3,1,lr1e-05_bs8_drop0p2_temp1p0_a0p25_b0p05__wd1e-04trmiss0_degmodglobal,8,1e-05,0.0001,0.2,1.0,0.25,0.05,lr1e-05_bs8_drop0p2_temp1p0_a0p25_b0p05__wd1e-04trmiss0_degmodglobal,8,0.7262131656919207,0.6584460735321045,0.7777777777777777,0.8245590828924163,0.7857142857142857,0.0,0.6073689716202872,0.7071809598377773,0.03982994944921562,0.1814944850546973,0.0,0.0,0.0,0.0,0.0,18473,global,0.0
3,1,lr1e-05_bs8_drop0p2_temp1p0_a0p25_b0p05__wd1e-04trmiss0_degmodglobal,8,1e-05,0.0001,0.2,1.0,0.25,0.05,lr1e-05_bs8_drop0p2_temp1p0_a0p25_b0p05__wd1e-04trmiss0_degmodglobal,9,0.7032461081232343,0.6562424302101135,0.8,0.8321348404681739,0.7857142857142857,0.0,0.6195589644568307,0.6871507593563625,0.03656152768858841,0.13909896250282014,0.0,0.0,0.0,0.0,0.0,18473,global,0.0
3,1,lr1e-05_bs8_drop0p2_temp1p0_a0p25_b0p05__wd1e-04trmiss0_degmodglobal,8,1e-05,0.0001,0.2,1.0,0.25,0.05,lr1e-05_bs8_drop0p2_temp1p0_a0p25_b0p05__wd1e-04trmiss0_degmodglobal,10,0.7009030665670123,0.655907154083252,0.7555555555555555,0.7690035273368607,0.7857142857142857,0.0,0.6288190143448966,0.68625066110066,0.032856913815651624,0.12876306154898234,0.0,0.0,0.0,0.0,0.0,18473,global,0.0
3,1,lr1e-05_bs8_drop0p2_temp1p0_a0p25_b0p05__wd1e-04trmiss0_degmodglobal,8,1e-05,0.0001,0.2,1.0,0.25,0.05,lr1e-05_bs8_drop0p2_temp1p0_a0p25_b0p05__wd1e-04trmiss0_degmodglobal,11,0.6928471071379525,0.6540101766586304,0.7111111111111111,0.7510461760461762,0.7142857142857143,0.0,0.6145103744098118,0.6743741886956351,0.04300468893987792,0.15443492574351175,0.0,0.0,0.0,0.0,0.0,18473,global,0.0
3,1,lr1e-05_bs8_drop0p2_temp1p0_a0p25_b0p05__wd1e-04trmiss0_degmodglobal,8,1e-05,0.0001,0.2,1.0,0.25,0.05,lr1e-05_bs8_drop0p2_temp1p0_a0p25_b0p05__wd1e-04trmiss0_degmodglobal,12,0.6785635437284198,0.6501798629760742,0.7111111111111111,0.7510461760461762,0.7142857142857143,0.0,0.5904877867017474,0.664242114339556,0.03401592639940126,0.11634882752384458,0.0,0.0,0.0,0.0,0.0,18473,global,0.0
3,1,lr1e-05_bs8_drop0p2_temp1p0_a0p25_b0p05__wd1e-04trmiss0_degmodglobal,8,1e-05,0.0001,0.2,1.0,0.25,0.05,lr1e-05_bs8_drop0p2_temp1p0_a0p25_b0p05__wd1e-04trmiss0_degmodglobal,13,0.6824976376124791,0.6480565667152405,0.7555555555555555,0.7667027417027418,0.7142857142857143,0.0,0.592431902885437,0.6676147665296283,0.032654641196131706,0.13438449587140763,0.0,0.0,0.0,0.0,0.0,18473,global,0.0
3,1,lr1e-05_bs8_drop0p2_temp1p0_a0p25_b0p05__wd1e-04trmiss0_degmodglobal,8,1e-05,0.0001,0.2,1.0,0.25,0.05,lr1e-05_bs8_drop0p2_temp1p0_a0p25_b0p05__wd1e-04trmiss0_degmodglobal,14,0.6924653308732169,0.6467045545578003,0.7777777777777778,0.8222582972582972,0.7142857142857143,0.0,0.6214100207601275,0.6767831359590802,0.03828076858605657,0.12224008568695613,0.0,0.0,0.0,0.0,0.0,18473,global,0.0
3,1,lr1e-05_bs8_drop0p2_temp1p0_a0p25_b0p05__wd1e-04trmiss0_degmodglobal,8,1e-05,0.0001,0.2,1.0,0.25,0.05,lr1e-05_bs8_drop0p2_temp1p0_a0p25_b0p05__wd1e-04trmiss0_degmodglobal,15,0.689584493637085,0.6431820392608643,0.7555555555555555,0.7667027417027418,0.7142857142857143,0.0,0.5905242391995021,0.6698622192655291,0.045262916811874936,0.16813076713255473,0.0,0.0,0.0,0.0,0.0,18473,global,0.0
3,1,lr1e-05_bs8_drop0p2_temp1p0_a0p25_b0p05__wd1e-04trmiss0_degmodglobal,8,1e-05,0.0001,0.2,1.0,0.25,0.05,lr1e-05_bs8_drop0p2_temp1p0_a0p25_b0p05__wd1e-04trmiss0_degmodglobal,16,0.6613671183586121,0.6425364315509796,0.7777777777777778,0.7765792849126183,0.7142857142857143,0.0,0.5962466512407575,0.644908777305058,0.03770333368863378,0.14065040009362356,0.0,0.0,0.0,0.0,0.0,18473,global,0.0
3,1,lr1e-05_bs8_drop0p2_temp1p0_a0p25_b0p05__wd1e-04trmiss0_degmodglobal,8,1e-05,0.0001,0.2,1.0,0.25,0.05,lr1e-05_bs8_drop0p2_temp1p0_a0p25_b0p05__wd1e-04trmiss0_degmodglobal,17,0.6502961090632847,0.6438694596290588,0.7777777777777778,0.7765792849126183,0.7142857142857143,0.0,0.5670688492911202,0.6339978320258004,0.037362632740821154,0.13915236720017024,0.0,0.0,0.0,0.0,0.0,18473,global,0.0
3,1,lr1e-05_bs8_drop0p2_temp1p0_a0p25_b0p05__wd1e-04trmiss0_degmodglobal,8,1e-05,0.0001,0.2,1.0,0.25,0.05,lr1e-05_bs8_drop0p2_temp1p0_a0p25_b0p05__wd1e-04trmiss0_degmodglobal,18,0.6786621638706752,0.6394575238227844,0.7555555555555555,0.7667027417027418,0.7142857142857143,0.0,0.5833327003887722,0.6616019521440778,0.041582969416465075,0.13328939995595387,0.0,0.0,0.0,0.0,0.0,18473,global,0.0
3,1,lr1e-05_bs8_drop0p2_temp1p0_a0p25_b0p05__wd1e-04trmiss0_degmodglobal,8,1e-05,0.0001,0.2,1.0,0.25,0.05,lr1e-05_bs8_drop0p2_temp1p0_a0p25_b0p05__wd1e-04trmiss0_degmodglobal,19,0.679591349193028,0.6392647325992584,0.7777777777777778,0.7765792849126183,0.7142857142857143,0.0,0.5723064797265189,0.6640608736446926,0.03264880473060267,0.1473654205245631,0.0,0.0,0.0,0.0,0.0,18473,global,0.0
3,1,lr1e-05_bs8_drop0p2_temp1p0_a0p25_b0p05__wd1e-04trmiss0_degmodglobal,8,1e-05,0.0001,0.2,1.0,0.25,0.05,lr1e-05_bs8_drop0p2_temp1p0_a0p25_b0p05__wd1e-04trmiss0_degmodglobal,20,0.6562024865831647,0.6403723657131195,0.8,0.7856701940035274,0.7142857142857143,0.0,0.5895370585577828,0.640564101082938,0.03790876588651112,0.12322390026279859,0.0,0.0,0.0,0.0,0.0,18473,global,0.0
3,1,lr1e-05_bs8_drop0p2_temp1p0_a0p25_b0p05__wd1e-04trmiss0_degmodglobal,8,1e-05,0.0001,0.2,1.0,0.25,0.05,lr1e-05_bs8_drop0p2_temp1p0_a0p25_b0p05__wd1e-04trmiss0_degmodglobal,21,0.6877956220081874,0.6414626836776733,0.6888888888888889,0.7402437069103737,0.7142857142857143,0.0,0.5671285561152867,0.667172406400953,0.04700572256531034,0.17743554498468125,0.0,0.0,0.0,0.0,0.0,18473,global,0.0
3,1,lr1e-05_bs8_drop0p2_temp1p0_a0p25_b0p05__wd1e-04trmiss0_degmodglobal,8,1e-05,0.0001,0.2,1.0,0.25,0.05,lr1e-05_bs8_drop0p2_temp1p0_a0p25_b0p05__wd1e-04trmiss0_degmodglobal,22,0.6601068207195827,0.6444552838802338,0.6666666666666667,0.7283389450056118,0.7142857142857143,0.0,0.6003699472972325,0.6484563606125968,0.028665696403809955,0.08968072304768222,0.0,0.0,0.0,0.0,0.0,18473,global,0.0
3,1,lr1e-05_bs8_drop0p2_temp1p0_a0p25_b0p05__wd1e-04trmiss0_degmodglobal,8,1e-05,0.0001,0.2,1.0,0.25,0.05,lr1e-05_bs8_drop0p2_temp1p0_a0p25_b0p05__wd1e-04trmiss0_degmodglobal,23,0.6947101780346462,0.6469165086746216,0.6666666666666667,0.7283389450056118,0.7142857142857143,0.0,0.575195951121194,0.6737755622182574,0.044128824557576864,0.19804814457893372,0.0,0.0,0.0,0.0,0.0,18473,global,0.0
3,1,lr1e-05_bs8_drop0p2_temp1p0_a0p25_b0p05__wd1e-04trmiss0_degmodglobal,8,1e-05,0.0001,0.2,1.0,0.25,0.05,lr1e-05_bs8_drop0p2_temp1p0_a0p25_b0p05__wd1e-04trmiss0_degmodglobal,24,0.6635193399020604,0.6402318775653839,0.6888888888888889,0.7787477954144622,0.7142857142857143,0.0,0.5708697523389544,0.646523756640298,0.04004534227507455,0.1396851928106376,0.0,0.0,0.0,0.0,0.0,18473,global,0.0
3,1,lr1e-05_bs8_drop0p2_temp1p0_a0p25_b0p05__wd1e-04trmiss0_degmodglobal,8,1e-05,0.0001,0.2,1.0,0.25,0.05,lr1e-05_bs8_drop0p2_temp1p0_a0p25_b0p05__wd1e-04trmiss0_degmodglobal,25,0.6487869535173688,0.637160062789917,0.6888888888888889,0.7364197530864199,0.7142857142857143,0.0,0.5705204861504691,0.6331682205200195,0.03631764357643468,0.13078658602067403,0.0,0.0,0.0,0.0,0.0,18473,global,0.0
3,1,lr1e-05_bs8_drop0p2_temp1p0_a0p25_b0p05__wd1e-04trmiss0_degmodglobal,8,1e-05,0.0001,0.2,1.0,0.25,0.05,lr1e-05_bs8_drop0p2_temp1p0_a0p25_b0p05__wd1e-04trmiss0_degmodglobal,26,0.6505649174962725,0.6417438387870789,0.6666666666666667,0.7283389450056118,0.7142857142857143,0.0,0.5903339300836835,0.635159935270037,0.03291980869003704,0.14350075274705887,0.0,0.0,0.0,0.0,0.0,18473,global,0.0
3,1,lr1e-05_bs8_drop0p2_temp1p0_a0p25_b0p05__wd1e-04trmiss0_degmodglobal,8,1e-05,0.0001,0.2,1.0,0.25,0.05,lr1e-05_bs8_drop0p2_temp1p0_a0p25_b0p05__wd1e-04trmiss0_degmodglobal,27,0.6557233078139169,0.6476823687553406,0.6444444444444444,0.7219286885953553,0.7142857142857143,0.0,0.5662707260676793,0.6374388677733285,0.04389257196869169,0.14622593138899123,0.0,0.0,0.0,0.0,0.0,18473,global,0.0
3,1,lr1e-05_bs8_drop0p2_temp1p0_a0p25_b0p05__wd1e-04trmiss0_degmodglobal,8,1e-05,0.0001,0.2,1.0,0.25,0.05,lr1e-05_bs8_drop0p2_temp1p0_a0p25_b0p05__wd1e-04trmiss0_degmodglobal,28,0.6458566444260734,0.6446225643157959,0.6222222222222222,0.7391855058521726,0.7142857142857143,0.0,0.5368500862802777,0.6264507004192897,0.04370856497968946,0.16957587003707886,0.0,0.0,0.0,0.0,0.0,18473,global,0.0
3,1,lr1e-05_bs8_drop0p2_temp1p0_a0p25_b0p05__wd1e-04trmiss0_degmodglobal,8,1e-05,0.0001,0.2,1.0,0.25,0.05,lr1e-05_bs8_drop0p2_temp1p0_a0p25_b0p05__wd1e-04trmiss0_degmodglobal,29,0.6519134555544172,0.6476010084152222,0.6,0.7611703111703112,0.7142857142857143,0.0,0.5717786380222866,0.635582447052002,0.03949413342135293,0.12914963173014776,0.0,0.0,0.0,0.0,0.0,18473,global,0.0
3,1,lr1e-05_bs8_drop0p2_temp1p0_a0p25_b0p05__wd1e-04trmiss0_degmodglobal,8,1e-05,0.0001,0.2,1.0,0.25,0.05,lr1e-05_bs8_drop0p2_temp1p0_a0p25_b0p05__wd1e-04trmiss0_degmodglobal,30,0.6657651492527553,0.6492978632450104,0.5777777777777777,0.724133274133274,0.6428571428571429,0.0,0.5671144894191197,0.649753383227757,0.03969889001122543,0.12174088933638164,0.0,0.0,0.0,0.0,0.0,18473,global,0.0
3,1,lr1e-05_bs8_drop0p2_temp1p0_a0p25_b0p05__wd1e-04trmiss0_degmodglobal,8,1e-05,0.0001,0.2,1.0,0.25,0.05,lr1e-05_bs8_drop0p2_temp1p0_a0p25_b0p05__wd1e-04trmiss0_degmodglobal,31,0.6382845384734017,0.648710161447525,0.5777777777777777,0.6772196938863606,0.6428571428571429,0.0,0.5706568956375122,0.6220743145261493,0.036589547991752625,0.14125667725290572,0.0,0.0,0.0,0.0,0.0,18473,global,0.0
3,1,lr1e-05_bs8_drop0p2_temp1p0_a0p25_b0p05__wd1e-04trmiss0_degmodglobal,8,1e-05,0.0001,0.2,1.0,0.25,0.05,lr1e-05_bs8_drop0p2_temp1p0_a0p25_b0p05__wd1e-04trmiss0_degmodglobal,32,0.65372405733381,0.6484397351741791,0.6,0.7327752494419162,0.6428571428571429,0.0,0.5269463658332825,0.633742460182735,0.04593640512653759,0.16994984447956085,0.0,0.0,0.0,0.0,0.0,18473,global,0.0
3,1,lr1e-05_bs8_drop0p2_temp1p0_a0p25_b0p05__wd1e-04trmiss0_degmodglobal,8,1e-05,0.0001,0.2,1.0,0.25,0.05,lr1e-05_bs8_drop0p2_temp1p0_a0p25_b0p05__wd1e-04trmiss0_degmodglobal,33,0.6401444928986686,0.6484409272670746,0.6222222222222222,0.7698122864789532,0.6428571428571429,0.0,0.5483377150126866,0.626195992742266,0.0340666872050081,0.10863646226269859,0.0,0.0,0.0,0.0,0.0,18473,global,0.0
3,1,lr1e-05_bs8_drop0p2_temp1p0_a0p25_b0p05__wd1e-04trmiss0_degmodglobal,8,1e-05,0.0001,0.2,1.0,0.25,0.05,lr1e-05_bs8_drop0p2_temp1p0_a0p25_b0p05__wd1e-04trmiss0_degmodglobal,34,0.673946670123509,0.6461713314056396,0.6222222222222222,0.7698122864789532,0.7142857142857143,0.0,0.5798480340412685,0.6537627322333199,0.04762590064534119,0.16554898768663406,0.0,0.0,0.0,0.0,0.0,18473,global,0.0
3,1,lr1e-05_bs8_drop0p2_temp1p0_a0p25_b0p05__wd1e-04trmiss0_degmodglobal,8,1e-05,0.0001,0.2,1.0,0.25,0.05,lr1e-05_bs8_drop0p2_temp1p0_a0p25_b0p05__wd1e-04trmiss0_degmodglobal,35,0.6387365715844291,0.6476793885231018,0.6,0.7611703111703112,0.7142857142857143,0.0,0.5475546547344753,0.6196429474013192,0.044734508863517215,0.15820005269987242,0.0,0.0,0.0,0.0,0.0,18473,global,0.0
3,1,lr1e-05_bs8_drop0p2_temp1p0_a0p25_b0p05__wd1e-04trmiss0_degmodglobal,8,1e-05,0.0001,0.2,1.0,0.25,0.05,lr1e-05_bs8_drop0p2_temp1p0_a0p25_b0p05__wd1e-04trmiss0_degmodglobal,36,0.6376068847520011,0.6420745551586151,0.6444444444444444,0.7642567309233976,0.7142857142857143,0.0,0.5655067733355931,0.6214303118841988,0.04025998019746372,0.12223174582634654,0.0,0.0,0.0,0.0,0.0,18473,global,0.0
3,1,lr1e-05_bs8_drop0p2_temp1p0_a0p25_b0p05__wd1e-04trmiss0_degmodglobal,8,1e-05,0.0001,0.2,1.0,0.25,0.05,lr1e-05_bs8_drop0p2_temp1p0_a0p25_b0p05__wd1e-04trmiss0_degmodglobal,37,0.6275453908102853,0.6381277441978455,0.6,0.6853005019671686,0.7142857142857143,0.0,0.5399366702352252,0.6129207355635506,0.03614228085747787,0.11178165940301758,0.0,0.0,0.0,0.0,0.0,18473,global,0.0
3,1,lr1e-05_bs8_drop0p2_temp1p0_a0p25_b0p05__wd1e-04trmiss0_degmodglobal,8,1e-05,0.0001,0.2,1.0,0.25,0.05,lr1e-05_bs8_drop0p2_temp1p0_a0p25_b0p05__wd1e-04trmiss0_degmodglobal,38,0.6270090767315456,0.6382095813751221,0.5777777777777777,0.724133274133274,0.7142857142857143,0.0,0.5546066675867353,0.6132523758070809,0.03494086116552353,0.10042946572814669,0.0,0.0,0.0,0.0,0.0,18473,global,0.0
3,1,lr1e-05_bs8_drop0p2_temp1p0_a0p25_b0p05__wd1e-04trmiss0_degmodglobal,8,1e-05,0.0001,0.2,1.0,0.25,0.05,lr1e-05_bs8_drop0p2_temp1p0_a0p25_b0p05__wd1e-04trmiss0_degmodglobal,39,0.6230538657733372,0.6391774415969849,0.6222222222222222,0.7698122864789532,0.6428571428571429,0.0,0.5394062229565212,0.6001510960715157,0.058696797649775236,0.16457136401108333,0.0,0.0,0.0,0.0,0.0,18473,global,0.0
3,1,lr1e-05_bs8_drop0p2_temp1p0_a0p25_b0p05__wd1e-04trmiss0_degmodglobal,8,1e-05,0.0001,0.2,1.0,0.25,0.05,lr1e-05_bs8_drop0p2_temp1p0_a0p25_b0p05__wd1e-04trmiss0_degmodglobal,40,0.66248847757067,0.6392074525356293,0.6222222222222222,0.7698122864789532,0.6428571428571429,0.0,0.5831102047647748,0.6434064592633929,0.04437715134450367,0.15975483932665416,0.0,0.0,0.0,0.0,0.0,18473,global,0.0
3,1,lr1e-05_bs8_drop0p2_temp2p0_a0p25_b0p05__wd1e-04trmiss0_degmodglobal,8,1e-05,0.0001,0.2,2.0,0.25,0.05,lr1e-05_bs8_drop0p2_temp2p0_a0p25_b0p05__wd1e-04trmiss0_degmodglobal,1,0.7404775364058358,0.6785801649093628,0.7777777777777778,0.8733605900272567,0.5714285714285714,0.0,0.737026035785675,0.7237416505813599,0.04673606849142483,0.10103697861943926,0.0,0.0,0.0,0.0,0.0,18473,global,0.0
3,1,lr1e-05_bs8_drop0p2_temp2p0_a0p25_b0p05__wd1e-04trmiss0_degmodglobal,8,1e-05,0.0001,0.2,2.0,0.25,0.05,lr1e-05_bs8_drop0p2_temp2p0_a0p25_b0p05__wd1e-04trmiss0_degmodglobal,2,0.7212686964443752,0.6718810796737671,0.8,0.8865881032547702,0.5714285714285714,0.0,0.7163605775151934,0.7070194567952838,0.042279523398195,0.07358737449560847,0.0,0.0,0.0,0.0,0.0,18473,global,0.0
3,1,lr1e-05_bs8_drop0p2_temp2p0_a0p25_b0p05__wd1e-04trmiss0_degmodglobal,8,1e-05,0.0001,0.2,2.0,0.25,0.05,lr1e-05_bs8_drop0p2_temp2p0_a0p25_b0p05__wd1e-04trmiss0_degmodglobal,3,0.736828054700579,0.6669901907444,0.8222222222222222,0.8984928651595321,0.5714285714285714,0.0,0.7319070441382272,0.7196621979985919,0.049729870898383,0.09466775826045445,0.0,0.0,0.0,0.0,0.0,18473,global,0.0
3,1,lr1e-05_bs8_drop0p2_temp2p0_a0p25_b0p05__wd1e-04trmiss0_degmodglobal,8,1e-05,0.0001,0.2,2.0,0.25,0.05,lr1e-05_bs8_drop0p2_temp2p0_a0p25_b0p05__wd1e-04trmiss0_degmodglobal,4,0.7211424878665379,0.6628170907497406,0.8444444444444444,0.9170113836780505,0.6428571428571429,0.0,0.7243849975722176,0.7041819606508527,0.04740207748753684,0.10220029311520713,0.0,0.0,0.0,0.0,0.0,18473,global,0.0
3,1,lr1e-05_bs8_drop0p2_temp2p0_a0p25_b0p05__wd1e-04trmiss0_degmodglobal,8,1e-05,0.0001,0.2,2.0,0.25,0.05,lr1e-05_bs8_drop0p2_temp2p0_a0p25_b0p05__wd1e-04trmiss0_degmodglobal,5,0.7356405087879726,0.6568472683429718,0.888888888888889,0.9282627865961202,0.7142857142857143,0.0,0.7016901969909668,0.716711870261601,0.04794434431408133,0.13885150317634856,0.0,0.0,0.0,0.0,0.0,18473,global,0.0
3,1,lr1e-05_bs8_drop0p2_temp2p0_a0p25_b0p05__wd1e-04trmiss0_degmodglobal,8,1e-05,0.0001,0.2,2.0,0.25,0.05,lr1e-05_bs8_drop0p2_temp2p0_a0p25_b0p05__wd1e-04trmiss0_degmodglobal,6,0.7252504995891026,0.6524976789951324,0.9333333333333333,0.9626543209876546,0.7142857142857143,0.0,0.7154703906604222,0.7043654663222176,0.052732620388269424,0.1540375900055681,0.0,0.0,0.0,0.0,0.0,18473,global,0.0
3,1,lr1e-05_bs8_drop0p2_temp2p0_a0p25_b0p05__wd1e-04trmiss0_degmodglobal,8,1e-05,0.0001,0.2,2.0,0.25,0.05,lr1e-05_bs8_drop0p2_temp2p0_a0p25_b0p05__wd1e-04trmiss0_degmodglobal,7,0.7214758481298175,0.6497137248516083,0.9111111111111112,0.9467813051146385,0.7857142857142857,0.0,0.6832119481904166,0.7005607315472194,0.054505228464092524,0.14577614249927656,0.0,0.0,0.0,0.0,0.0,18473,global,0.0
3,1,lr1e-05_bs8_drop0p2_temp2p0_a0p25_b0p05__wd1e-04trmiss0_degmodglobal,8,1e-05,0.0001,0.2,2.0,0.25,0.05,lr1e-05_bs8_drop0p2_temp2p0_a0p25_b0p05__wd1e-04trmiss0_degmodglobal,8,0.7044870257377625,0.6499776542186737,0.9333333333333333,0.9626543209876546,0.7857142857142857,0.0,0.7117466756275722,0.6887128097670419,0.04148272504763944,0.10807062020259244,0.0,0.0,0.0,0.0,0.0,18473,global,0.0
3,1,lr1e-05_bs8_drop0p2_temp2p0_a0p25_b0p05__wd1e-04trmiss0_degmodglobal,8,1e-05,0.0001,0.2,2.0,0.25,0.05,lr1e-05_bs8_drop0p2_temp2p0_a0p25_b0p05__wd1e-04trmiss0_degmodglobal,9,0.7318103824343,0.6496517360210419,0.8666666666666667,0.941919191919192,0.8571428571428571,0.0,0.6966977885791233,0.7128710150718689,0.048062840210539956,0.13847290671297482,0.0,0.0,0.0,0.0,0.0,18473,global,0.0
3,1,lr1e-05_bs8_drop0p2_temp2p0_a0p25_b0p05__wd1e-04trmiss0_degmodglobal,8,1e-05,0.0001,0.2,2.0,0.25,0.05,lr1e-05_bs8_drop0p2_temp2p0_a0p25_b0p05__wd1e-04trmiss0_degmodglobal,10,0.6901604107448033,0.6477326452732086,0.8666666666666667,0.941919191919192,0.7857142857142857,0.0,0.6920290844781058,0.674252314226968,0.04564573775444712,0.08993304361190115,0.0,0.0,0.0,0.0,0.0,18473,global,0.0
3,1,lr1e-05_bs8_drop0p2_temp2p0_a0p25_b0p05__wd1e-04trmiss0_degmodglobal,8,1e-05,0.0001,0.2,2.0,0.25,0.05,lr1e-05_bs8_drop0p2_temp2p0_a0p25_b0p05__wd1e-04trmiss0_degmodglobal,11,0.6820893372808184,0.6461600065231323,0.8444444444444444,0.9280303030303032,0.7857142857142857,0.0,0.6795002136911664,0.666795381477901,0.04038069477038724,0.10397575236856937,0.0,0.0,0.0,0.0,0.0,18473,global,0.0
3,1,lr1e-05_bs8_drop0p2_temp2p0_a0p25_b0p05__wd1e-04trmiss0_degmodglobal,8,1e-05,0.0001,0.2,2.0,0.25,0.05,lr1e-05_bs8_drop0p2_temp2p0_a0p25_b0p05__wd1e-04trmiss0_degmodglobal,12,0.7130186813218253,0.6416496336460114,0.9111111111111111,0.9535634118967453,0.8571428571428571,0.0,0.6932739785739354,0.6928816863468715,0.050433093415839333,0.15057471181665147,0.0,0.0,0.0,0.0,0.0,18473,global,0.0
3,1,lr1e-05_bs8_drop0p2_temp2p0_a0p25_b0p05__wd1e-04trmiss0_degmodglobal,8,1e-05,0.0001,0.2,2.0,0.25,0.05,lr1e-05_bs8_drop0p2_temp2p0_a0p25_b0p05__wd1e-04trmiss0_degmodglobal,13,0.696283085005624,0.640565812587738,0.9333333333333333,0.9626543209876546,0.8571428571428571,0.0,0.6729664376803807,0.6784201094082424,0.04904744800712381,0.1120226439088583,0.0,0.0,0.0,0.0,0.0,18473,global,0.0
3,1,lr1e-05_bs8_drop0p2_temp2p0_a0p25_b0p05__wd1e-04trmiss0_degmodglobal,8,1e-05,0.0001,0.2,2.0,0.25,0.05,lr1e-05_bs8_drop0p2_temp2p0_a0p25_b0p05__wd1e-04trmiss0_degmodglobal,14,0.6765035901750837,0.6397631168365479,0.9333333333333333,0.9626543209876546,0.8571428571428571,0.0,0.6733990907669067,0.6614761693137032,0.04359927028417587,0.08255193435720035,0.0,0.0,0.0,0.0,0.0,18473,global,0.0
3,1,lr1e-05_bs8_drop0p2_temp2p0_a0p25_b0p05__wd1e-04trmiss0_degmodglobal,8,1e-05,0.0001,0.2,2.0,0.25,0.05,lr1e-05_bs8_drop0p2_temp2p0_a0p25_b0p05__wd1e-04trmiss0_degmodglobal,15,0.7158812795366559,0.6434194445610046,0.9333333333333333,0.9626543209876546,0.8571428571428571,0.0,0.6850975751876831,0.6949119908469064,0.05692742658512933,0.13474886970860617,0.0,0.0,0.0,0.0,0.0,18473,global,0.0
3,1,lr1e-05_bs8_drop0p2_temp2p0_a0p25_b0p05__wd1e-04trmiss0_degmodglobal,8,1e-05,0.0001,0.2,2.0,0.25,0.05,lr1e-05_bs8_drop0p2_temp2p0_a0p25_b0p05__wd1e-04trmiss0_degmodglobal,16,0.6920192582266671,0.642163872718811,0.9333333333333333,0.9626543209876546,0.7857142857142857,0.0,0.6781562992504665,0.6712816527911595,0.05497231547321592,0.1398906143648284,0.0,0.0,0.0,0.0,0.0,18473,global,0.0
3,1,lr1e-05_bs8_drop0p2_temp2p0_a0p25_b0p05__wd1e-04trmiss0_degmodglobal,8,1e-05,0.0001,0.2,2.0,0.25,0.05,lr1e-05_bs8_drop0p2_temp2p0_a0p25_b0p05__wd1e-04trmiss0_degmodglobal,17,0.6921063491276332,0.6357540190219879,0.9333333333333333,0.9626543209876546,0.9285714285714286,0.0,0.6899240442684719,0.6713222009795052,0.054039333547864644,0.14548611481274878,0.0,0.0,0.0,0.0,0.0,18473,global,0.0
3,1,lr1e-05_bs8_drop0p2_temp2p0_a0p25_b0p05__wd1e-04trmiss0_degmodglobal,8,1e-05,0.0001,0.2,2.0,0.25,0.05,lr1e-05_bs8_drop0p2_temp2p0_a0p25_b0p05__wd1e-04trmiss0_degmodglobal,18,0.6817521452903748,0.6335470974445343,0.9333333333333333,0.9626543209876546,0.9285714285714286,0.0,0.6609017848968506,0.6659259114946637,0.04588037117251328,0.08712273995791163,0.0,0.0,0.0,0.0,0.0,18473,global,0.0
3,1,lr1e-05_bs8_drop0p2_temp2p0_a0p25_b0p05__wd1e-04trmiss0_degmodglobal,8,1e-05,0.0001,0.2,2.0,0.25,0.05,lr1e-05_bs8_drop0p2_temp2p0_a0p25_b0p05__wd1e-04trmiss0_degmodglobal,19,0.6856078335217067,0.6303138434886932,0.9555555555555556,0.9765432098765434,0.8571428571428571,0.0,0.654055620942797,0.6655293703079224,0.05059388705662319,0.14859997374670847,0.0,0.0,0.0,0.0,0.0,18473,global,0.0
3,1,lr1e-05_bs8_drop0p2_temp2p0_a0p25_b0p05__wd1e-04trmiss0_degmodglobal,8,1e-05,0.0001,0.2,2.0,0.25,0.05,lr1e-05_bs8_drop0p2_temp2p0_a0p25_b0p05__wd1e-04trmiss0_degmodglobal,20,0.6744351301874433,0.6332896649837494,0.9111111111111111,0.9535634118967453,0.8571428571428571,0.0,0.6451154862131391,0.6593827945845467,0.041925696922200065,0.09141800339732851,0.0,0.0,0.0,0.0,0.0,18473,global,0.0
3,1,lr1e-05_bs8_drop0p2_temp2p0_a0p25_b0p05__wd1e-04trmiss0_degmodglobal,8,1e-05,0.0001,0.2,2.0,0.25,0.05,lr1e-05_bs8_drop0p2_temp2p0_a0p25_b0p05__wd1e-04trmiss0_degmodglobal,21,0.6649745106697083,0.6314358115196228,0.8888888888888888,0.9436868686868689,0.8571428571428571,0.0,0.6806392669677734,0.6501991833959307,0.04144169283764703,0.08829807490110397,0.0,0.0,0.0,0.0,0.0,18473,global,0.0
3,1,lr1e-05_bs8_drop0p2_temp2p0_a0p25_b0p05__wd1e-04trmiss0_degmodglobal,8,1e-05,0.0001,0.2,2.0,0.25,0.05,lr1e-05_bs8_drop0p2_temp2p0_a0p25_b0p05__wd1e-04trmiss0_degmodglobal,22,0.6869077512196132,0.6286960542201996,0.8444444444444444,0.9170113836780505,0.8571428571428571,0.0,0.6532620872770037,0.6664714813232422,0.05634124044861112,0.1270193856741701,0.0,0.0,0.0,0.0,0.0,18473,global,0.0
3,1,lr1e-05_bs8_drop0p2_temp2p0_a0p25_b0p05__wd1e-04trmiss0_degmodglobal,8,1e-05,0.0001,0.2,2.0,0.25,0.05,lr1e-05_bs8_drop0p2_temp2p0_a0p25_b0p05__wd1e-04trmiss0_degmodglobal,23,0.7045834830829075,0.6278103888034821,0.8444444444444444,0.9170113836780505,0.8571428571428571,0.0,0.6672509738377163,0.6846827694347927,0.05364217981696129,0.12980327169810021,0.0,0.0,0.0,0.0,0.0,18473,global,0.0
3,1,lr1e-05_bs8_drop0p2_temp2p0_a0p25_b0p05__wd1e-04trmiss0_degmodglobal,8,1e-05,0.0001,0.2,2.0,0.25,0.05,lr1e-05_bs8_drop0p2_temp2p0_a0p25_b0p05__wd1e-04trmiss0_degmodglobal,24,0.6383022325379508,0.6248842775821686,0.8222222222222222,0.9051066217732886,0.8571428571428571,0.0,0.6624197023255485,0.6173719252858844,0.05255137383937836,0.15584925775017058,0.0,0.0,0.0,0.0,0.0,18473,global,0.0
3,1,lr1e-05_bs8_drop0p2_temp2p0_a0p25_b0p05__wd1e-04trmiss0_degmodglobal,8,1e-05,0.0001,0.2,2.0,0.25,0.05,lr1e-05_bs8_drop0p2_temp2p0_a0p25_b0p05__wd1e-04trmiss0_degmodglobal,25,0.6897127543176923,0.6213454008102417,0.8222222222222222,0.9051066217732886,0.8571428571428571,0.0,0.6636545147214618,0.665250837802887,0.05985972870673452,0.18993989058903285,0.0,0.0,0.0,0.0,0.0,18473,global,0.0
3,1,lr1e-05_bs8_drop0p2_temp2p0_a0p25_b0p05__wd1e-04trmiss0_degmodglobal,8,1e-05,0.0001,0.2,2.0,0.25,0.05,lr1e-05_bs8_drop0p2_temp2p0_a0p25_b0p05__wd1e-04trmiss0_degmodglobal,26,0.6776624662535531,0.6162046194076538,0.8222222222222222,0.9051066217732886,0.8571428571428571,0.0,0.6459563289369855,0.6563834633146014,0.05662937781640461,0.14243312871881894,0.0,0.0,0.0,0.0,0.0,18473,global,0.0
3,1,lr1e-05_bs8_drop0p2_temp2p0_a0p25_b0p05__wd1e-04trmiss0_degmodglobal,8,1e-05,0.0001,0.2,2.0,0.25,0.05,lr1e-05_bs8_drop0p2_temp2p0_a0p25_b0p05__wd1e-04trmiss0_degmodglobal,27,0.6645414318357196,0.613679051399231,0.8666666666666667,0.9278138528138529,0.8571428571428571,0.0,0.620708167552948,0.6422699775014605,0.05879283882677555,0.15146504874740327,0.0,0.0,0.0,0.0,0.0,18473,global,0.0
3,1,lr1e-05_bs8_drop0p2_temp2p0_a0p25_b0p05__wd1e-04trmiss0_degmodglobal,8,1e-05,0.0001,0.2,2.0,0.25,0.05,lr1e-05_bs8_drop0p2_temp2p0_a0p25_b0p05__wd1e-04trmiss0_degmodglobal,28,0.6649907316480365,0.6102011203765869,0.8888888888888888,0.9376903960237295,0.8571428571428571,0.0,0.636908769607544,0.6442302891186306,0.05236995220184326,0.15335914811917714,0.0,0.0,0.0,0.0,0.0,18473,global,0.0
3,1,lr1e-05_bs8_drop0p2_temp2p0_a0p25_b0p05__wd1e-04trmiss0_degmodglobal,8,1e-05,0.0001,0.2,2.0,0.25,0.05,lr1e-05_bs8_drop0p2_temp2p0_a0p25_b0p05__wd1e-04trmiss0_degmodglobal,29,0.6593347362109593,0.6077615916728973,0.8888888888888888,0.9376903960237295,0.8571428571428571,0.0,0.6229733569281442,0.6412417037146432,0.054618840504969866,0.08876639178821019,0.0,0.0,0.0,0.0,0.0,18473,global,0.0
3,1,lr1e-05_bs8_drop0p2_temp2p0_a0p25_b0p05__wd1e-04trmiss0_degmodglobal,8,1e-05,0.0001,0.2,2.0,0.25,0.05,lr1e-05_bs8_drop0p2_temp2p0_a0p25_b0p05__wd1e-04trmiss0_degmodglobal,30,0.6595299414225987,0.6073795258998871,0.8888888888888888,0.9376903960237295,0.8571428571428571,0.0,0.6288093754223415,0.6372877274240766,0.063066587384258,0.1295113510319165,0.0,0.0,0.0,0.0,0.0,18473,global,0.0
3,1,lr1e-05_bs8_drop0p2_temp2p0_a0p25_b0p05__wd1e-04trmiss0_degmodglobal,8,1e-05,0.0001,0.2,2.0,0.25,0.05,lr1e-05_bs8_drop0p2_temp2p0_a0p25_b0p05__wd1e-04trmiss0_degmodglobal,31,0.6720823390143258,0.6088589727878571,0.9111111111111112,0.9467813051146385,0.8571428571428571,0.0,0.6353350366864886,0.6502859507288251,0.060477476833122115,0.13354051006691797,0.0,0.0,0.0,0.0,0.0,18473,global,0.0
3,1,lr1e-05_bs8_drop0p2_temp2p0_a0p25_b0p05__wd1e-04trmiss0_degmodglobal,8,1e-05,0.0001,0.2,2.0,0.25,0.05,lr1e-05_bs8_drop0p2_temp2p0_a0p25_b0p05__wd1e-04trmiss0_degmodglobal,32,0.666155321257455,0.6068976521492004,0.8888888888888888,0.9376903960237295,0.8571428571428571,0.0,0.6339549166815621,0.6484411784580776,0.05013682906116758,0.10359871440700122,0.0,0.0,0.0,0.0,0.0,18473,global,0.0
3,1,lr1e-05_bs8_drop0p2_temp2p0_a0p25_b0p05__wd1e-04trmiss0_degmodglobal,8,1e-05,0.0001,0.2,2.0,0.25,0.05,lr1e-05_bs8_drop0p2_temp2p0_a0p25_b0p05__wd1e-04trmiss0_degmodglobal,33,0.6402251550129482,0.6086705923080444,0.8666666666666667,0.9328843995510663,0.8571428571428571,0.0,0.6177926915032523,0.6194611872945514,0.05793472432664463,0.1256056082035814,0.0,0.0,0.0,0.0,0.0,18473,global,0.0
3,1,lr1e-05_bs8_drop0p2_temp2p0_a0p25_b0p05__wd1e-04trmiss0_degmodglobal,8,1e-05,0.0001,0.2,2.0,0.25,0.05,lr1e-05_bs8_drop0p2_temp2p0_a0p25_b0p05__wd1e-04trmiss0_degmodglobal,34,0.6455991608755929,0.6124166250228882,0.8666666666666667,0.9328843995510663,0.8571428571428571,0.0,0.605922452041081,0.6208238686834063,0.06689844759447235,0.16101386717387609,0.0,0.0,0.0,0.0,0.0,18473,global,0.0
3,1,lr1e-05_bs8_drop0p2_temp2p0_a0p25_b0p05__wd1e-04trmiss0_degmodglobal,8,1e-05,0.0001,0.2,2.0,0.25,0.05,lr1e-05_bs8_drop0p2_temp2p0_a0p25_b0p05__wd1e-04trmiss0_degmodglobal,35,0.6560517379215786,0.6091653406620026,0.8444444444444444,0.9170113836780505,0.8571428571428571,0.0,0.6591381345476423,0.6339116777692523,0.06087928478206907,0.1384048940879958,0.0,0.0,0.0,0.0,0.0,18473,global,0.0
3,1,lr1e-05_bs8_drop0p2_temp2p0_a0p25_b0p05__wd1e-04trmiss0_degmodglobal,8,1e-05,0.0001,0.2,2.0,0.25,0.05,lr1e-05_bs8_drop0p2_temp2p0_a0p25_b0p05__wd1e-04trmiss0_degmodglobal,36,0.6270821349961417,0.6123303174972534,0.8222222222222222,0.8984928651595321,0.8571428571428571,0.0,0.6173091445650373,0.6061919586999076,0.06261519023350307,0.10472777698721204,0.0,0.0,0.0,0.0,0.0,18473,global,0.0
3,1,lr1e-05_bs8_drop0p2_temp2p0_a0p25_b0p05__wd1e-04trmiss0_degmodglobal,8,1e-05,0.0001,0.2,2.0,0.25,0.05,lr1e-05_bs8_drop0p2_temp2p0_a0p25_b0p05__wd1e-04trmiss0_degmodglobal,37,0.6429573212351117,0.6120755672454834,0.8222222222222222,0.8984928651595321,0.8571428571428571,0.0,0.6253765140260968,0.6204748409135001,0.061404412878411155,0.14262735737221582,0.0,0.0,0.0,0.0,0.0,18473,global,0.0
3,1,lr1e-05_bs8_drop0p2_temp2p0_a0p25_b0p05__wd1e-04trmiss0_degmodglobal,8,1e-05,0.0001,0.2,2.0,0.25,0.05,lr1e-05_bs8_drop0p2_temp2p0_a0p25_b0p05__wd1e-04trmiss0_degmodglobal,38,0.6333023139408657,0.614151656627655,0.8222222222222222,0.9051066217732886,0.8571428571428571,0.0,0.642707714012691,0.6140821065221514,0.05164700799754688,0.12616943195462227,0.0,0.0,0.0,0.0,0.0,18473,global,0.0
3,1,lr1e-05_bs8_drop0p2_temp2p0_a0p25_b0p05__wd1e-04trmiss0_degmodglobal,8,1e-05,0.0001,0.2,2.0,0.25,0.05,lr1e-05_bs8_drop0p2_temp2p0_a0p25_b0p05__wd1e-04trmiss0_degmodglobal,39,0.6437695963042123,0.6091749966144562,0.8222222222222222,0.8984928651595321,0.8571428571428571,0.0,0.6619966881615775,0.622858328478677,0.05474151564495904,0.14451775433761732,0.0,0.0,0.0,0.0,0.0,18473,global,0.0
3,1,lr1e-05_bs8_drop0p4_temp1p0_a0p25_b0p05__wd1e-04trmiss0_degmodglobal,8,1e-05,0.0001,0.4,1.0,0.25,0.05,lr1e-05_bs8_drop0p4_temp1p0_a0p25_b0p05__wd1e-04trmiss0_degmodglobal,1,0.7650028807776315,0.7099660336971283,0.2444444444444444,0.5441256274589608,0.42857142857142855,0.0,0.676732463496072,0.7439572811126709,0.05241387018135616,0.15884276905230113,0.0,0.0,0.0,0.0,0.0,18473,global,0.0
3,1,lr1e-05_bs8_drop0p4_temp1p0_a0p25_b0p05__wd1e-04trmiss0_degmodglobal,8,1e-05,0.0001,0.4,1.0,0.25,0.05,lr1e-05_bs8_drop0p4_temp1p0_a0p25_b0p05__wd1e-04trmiss0_degmodglobal,2,0.7343927196093968,0.7149335145950317,0.19999999999999998,0.5287817121150454,0.42857142857142855,0.0,0.6506352509771075,0.7155217017446246,0.04838697399411883,0.13548521484647477,0.0,0.0,0.0,0.0,0.0,18473,global,0.0
3,1,lr1e-05_bs8_drop0p4_temp1p0_a0p25_b0p05__wd1e-04trmiss0_degmodglobal,8,1e-05,0.0001,0.4,1.0,0.25,0.05,lr1e-05_bs8_drop0p4_temp1p0_a0p25_b0p05__wd1e-04trmiss0_degmodglobal,3,0.7368600709097726,0.7174642980098724,0.15555555555555556,0.5165482665482666,0.2857142857142857,0.0,0.6438441957746234,0.7155868666512626,0.05235496961644718,0.16368928658110754,0.0,0.0,0.0,0.0,0.0,18473,global,0.0
3,1,lr1e-05_bs8_drop0p4_temp1p0_a0p25_b0p05__wd1e-04trmiss0_degmodglobal,8,1e-05,0.0001,0.4,1.0,0.25,0.05,lr1e-05_bs8_drop0p4_temp1p0_a0p25_b0p05__wd1e-04trmiss0_degmodglobal,4,0.7400827748434884,0.7171531915664673,0.13333333333333333,0.5103754270420937,0.2857142857142857,0.0,0.6722680585724967,0.7163677556174142,0.05597469263843128,0.19442700275353023,0.0,0.0,0.0,0.0,0.0,18473,global,0.0
3,1,lr1e-05_bs8_drop0p4_temp1p0_a0p25_b0p05__wd1e-04trmiss0_degmodglobal,8,1e-05,0.0001,0.4,1.0,0.25,0.05,lr1e-05_bs8_drop0p4_temp1p0_a0p25_b0p05__wd1e-04trmiss0_degmodglobal,5,0.7214283772877285,0.7202030420303345,0.15555555555555556,0.5165482665482666,0.2857142857142857,0.0,0.6416503190994263,0.6980326771736145,0.056152522563934326,0.18715132560048783,0.0,0.0,0.0,0.0,0.0,18473,global,0.0
3,1,lr1e-05_bs8_drop0p4_temp1p0_a0p25_b0p05__wd1e-04trmiss0_degmodglobal,8,1e-05,0.0001,0.4,1.0,0.25,0.05,lr1e-05_bs8_drop0p4_temp1p0_a0p25_b0p05__wd1e-04trmiss0_degmodglobal,6,0.725818429674421,0.7214848697185516,0.2222222222222222,0.5361891195224529,0.42857142857142855,0.0,0.6418350679533822,0.7003094979694912,0.06065540175352778,0.20690169078963144,0.0,0.0,0.0,0.0,0.0,18473,global,0.0
3,1,lr1e-05_bs8_drop0p4_temp1p0_a0p25_b0p05__wd1e-04trmiss0_degmodglobal,8,1e-05,0.0001,0.4,1.0,0.25,0.05,lr1e-05_bs8_drop0p4_temp1p0_a0p25_b0p05__wd1e-04trmiss0_degmodglobal,7,0.7060119339397976,0.723915159702301,0.2222222222222222,0.5361891195224529,0.5,0.0,0.665135383605957,0.6834192786897931,0.06015417245881898,0.15108235073941095,0.0,0.0,0.0,0.0,0.0,18473,global,0.0
3,1,lr1e-05_bs8_drop0p4_temp1p0_a0p25_b0p05__wd1e-04trmiss0_degmodglobal,8,1e-05,0.0001,0.4,1.0,0.25,0.05,lr1e-05_bs8_drop0p4_temp1p0_a0p25_b0p05__wd1e-04trmiss0_degmodglobal,8,0.7088499750409808,0.7291886210441589,0.2444444444444444,0.5441256274589608,0.5,0.0,0.6346724544252668,0.6856519409588405,0.06038797327450344,0.1620205199079854,0.0,0.0,0.0,0.0,0.0,18473,global,0.0
3,1,lr1e-05_bs8_drop0p4_temp1p0_a0p25_b0p05__wd1e-04trmiss0_degmodglobal,8,1e-05,0.0001,0.4,1.0,0.25,0.05,lr1e-05_bs8_drop0p4_temp1p0_a0p25_b0p05__wd1e-04trmiss0_degmodglobal,9,0.758042940071651,0.7291283309459686,0.2444444444444444,0.5441256274589608,0.5,0.0,0.6388560618673053,0.7264873726027352,0.07431801461747714,0.2595213885818209,0.0,0.0,0.0,0.0,0.0,18473,global,0.0
3,1,lr1e-05_bs8_drop0p4_temp1p0_a0p25_b0p05__wd1e-04trmiss0_degmodglobal,8,1e-05,0.0001,0.4,1.0,0.25,0.05,lr1e-05_bs8_drop0p4_temp1p0_a0p25_b0p05__wd1e-04trmiss0_degmodglobal,10,0.710510083607265,0.7263741195201874,0.2444444444444444,0.5441256274589608,0.5,0.0,0.6426703929901123,0.6843644636017936,0.06634382264954704,0.19119305057185038,0.0,0.0,0.0,0.0,0.0,18473,global,0.0
3,1,lr1e-05_bs8_drop0p4_temp1p0_a0p25_b0p05__wd1e-04trmiss0_degmodglobal,8,1e-05,0.0001,0.4,1.0,0.25,0.05,lr1e-05_bs8_drop0p4_temp1p0_a0p25_b0p05__wd1e-04trmiss0_degmodglobal,11,0.719436526298523,0.7298191487789154,0.2444444444444444,0.5441256274589608,0.35714285714285715,0.0,0.6235186372484479,0.7002868396895272,0.048355420785290856,0.14121661760977336,0.0,0.0,0.0,0.0,0.0,18473,global,0.0
3,1,lr1e-05_bs8_drop0p4_temp1p0_a0p25_b0p05__wd1e-04trmiss0_degmodglobal,8,1e-05,0.0001,0.4,1.0,0.25,0.05,lr1e-05_bs8_drop0p4_temp1p0_a0p25_b0p05__wd1e-04trmiss0_degmodglobal,12,0.698171079158783,0.7291734218597412,0.2222222222222222,0.5361891195224529,0.42857142857142855,0.0,0.6293944375855582,0.6762102331433978,0.05781149039311068,0.15015926637819835,0.0,0.0,0.0,0.0,0.0,18473,global,0.0
3,1,lr1e-05_bs8_drop0p4_temp1p0_a0p25_b0p05__wd1e-04trmiss0_degmodglobal,8,1e-05,0.0001,0.4,1.0,0.25,0.05,lr1e-05_bs8_drop0p4_temp1p0_a0p25_b0p05__wd1e-04trmiss0_degmodglobal,13,0.6922958322933742,0.7273167967796326,0.2222222222222222,0.5361891195224529,0.42857142857142855,0.0,0.6421097687312535,0.6720248971666608,0.05708001447575433,0.12001892392124448,0.0,0.0,0.0,0.0,0.0,18473,global,0.0
3,1,lr1e-05_bs8_drop0p4_temp1p0_a0p25_b0p05__wd1e-04trmiss0_degmodglobal,8,1e-05,0.0001,0.4,1.0,0.25,0.05,lr1e-05_bs8_drop0p4_temp1p0_a0p25_b0p05__wd1e-04trmiss0_degmodglobal,14,0.7150754587990897,0.7223375141620636,0.2222222222222222,0.5361891195224529,0.5,0.0,0.6198137743132455,0.691626352923257,0.05722510601793017,0.18285707065037318,0.0,0.0,0.0,0.0,0.0,18473,global,0.0
3,1,lr1e-05_bs8_drop0p4_temp1p0_a0p25_b0p05__wd1e-04trmiss0_degmodglobal,8,1e-05,0.0001,0.4,1.0,0.25,0.05,lr1e-05_bs8_drop0p4_temp1p0_a0p25_b0p05__wd1e-04trmiss0_degmodglobal,15,0.6778033205441066,0.7243763506412506,0.2222222222222222,0.5361891195224529,0.5,0.0,0.6662268383162362,0.6584781919206891,0.05005914478429726,0.13620678282209805,0.0,0.0,0.0,0.0,0.0,18473,global,0.0
3,1,lr1e-05_bs8_drop0p4_temp1p0_a0p25_b0p05__wd1e-04trmiss0_degmodglobal,8,1e-05,0.0001,0.4,1.0,0.25,0.05,lr1e-05_bs8_drop0p4_temp1p0_a0p25_b0p05__wd1e-04trmiss0_degmodglobal,16,0.6893263033458165,0.7231980562210083,0.24444444444444444,0.547300230633564,0.5,0.0,0.6159947940281459,0.6644630687577384,0.05693639974508967,0.21258263289928436,0.0,0.0,0.0,0.0,0.0,18473,global,0.0
3,1,lr1e-05_bs8_drop0p4_temp1p0_a0p25_b0p05__wd1e-04trmiss0_degmodglobal,8,1e-05,0.0001,0.4,1.0,0.25,0.05,lr1e-05_bs8_drop0p4_temp1p0_a0p25_b0p05__wd1e-04trmiss0_degmodglobal,17,0.6940974422863552,0.7193541526794434,0.24444444444444444,0.547300230633564,0.5,0.0,0.6097666450909206,0.6756063103675842,0.04503554105758667,0.14464512573821203,0.0,0.0,0.0,0.0,0.0,18473,global,0.0
3,1,lr1e-05_bs8_drop0p4_temp1p0_a0p25_b0p05__wd1e-04trmiss0_degmodglobal,8,1e-05,0.0001,0.4,1.0,0.25,0.05,lr1e-05_bs8_drop0p4_temp1p0_a0p25_b0p05__wd1e-04trmiss0_degmodglobal,18,0.6901007209505353,0.7220439314842224,0.2222222222222222,0.5361891195224529,0.5,0.0,0.6424147912434169,0.6670394114085606,0.056359746626445224,0.1794274470635823,0.0,0.0,0.0,0.0,0.0,18473,global,0.0
3,1,lr1e-05_bs8_drop0p4_temp1p0_a0p25_b0p05__wd1e-04trmiss0_degmodglobal,8,1e-05,0.0001,0.4,1.0,0.25,0.05,lr1e-05_bs8_drop0p4_temp1p0_a0p25_b0p05__wd1e-04trmiss0_degmodglobal,19,0.6849136097090585,0.7252765893936157,0.2222222222222222,0.5361891195224529,0.5,0.0,0.6024802582604545,0.6655775308609009,0.04528867080807686,0.1602784709206649,0.0,0.0,0.0,0.0,0.0,18473,global,0.0
3,1,lr1e-05_bs8_drop0p4_temp1p0_a0p25_b0p05__wd1e-04trmiss0_degmodglobal,8,1e-05,0.0001,0.4,1.0,0.25,0.05,lr1e-05_bs8_drop0p4_temp1p0_a0p25_b0p05__wd1e-04trmiss0_degmodglobal,20,0.7190461243901934,0.7268952429294586,0.2222222222222222,0.5287817121150455,0.5,0.0,0.6440244061606271,0.6940643191337585,0.05668688725147929,0.21620161352413042,0.0,0.0,0.0,0.0,0.0,18473,global,0.0
3,1,lr1e-05_bs8_drop0p4_temp1p0_a0p25_b0p05__wd1e-04trmiss0_degmodglobal,8,1e-05,0.0001,0.4,1.0,0.25,0.05,lr1e-05_bs8_drop0p4_temp1p0_a0p25_b0p05__wd1e-04trmiss0_degmodglobal,21,0.6841358116694859,0.7259915471076965,0.24444444444444444,0.547300230633564,0.5,0.0,0.6357520392962864,0.6653733168329511,0.050203130181346624,0.12423388234206609,0.0,0.0,0.0,0.0,0.0,18473,global,0.0
3,1,lr1e-05_bs8_drop0p4_temp1p0_a0p25_b0p05__wd1e-04trmiss0_degmodglobal,8,1e-05,0.0001,0.4,1.0,0.25,0.05,lr1e-05_bs8_drop0p4_temp1p0_a0p25_b0p05__wd1e-04trmiss0_degmodglobal,22,0.6805822423526219,0.7259230315685272,0.2222222222222222,0.5361891195224529,0.5,0.0,0.6435919404029846,0.6605955873216901,0.05131653403597219,0.1431503583277975,0.0,0.0,0.0,0.0,0.0,18473,global,0.0
3,1,lr1e-05_bs8_drop0p4_temp1p0_a0p25_b0p05__wd1e-04trmiss0_degmodglobal,8,1e-05,0.0001,0.4,1.0,0.25,0.05,lr1e-05_bs8_drop0p4_temp1p0_a0p25_b0p05__wd1e-04trmiss0_degmodglobal,23,0.6971958364759173,0.7271032333374023,0.2222222222222222,0.5361891195224529,0.5,0.0,0.6196982519967216,0.6730168461799622,0.06261558830738068,0.1705017930694989,0.0,0.0,0.0,0.0,0.0,18473,global,0.0
3,1,lr1e-05_bs8_drop0p4_temp1p0_a0p25_b0p05__wd1e-04trmiss0_degmodglobal,8,1e-05,0.0001,0.4,1.0,0.25,0.05,lr1e-05_bs8_drop0p4_temp1p0_a0p25_b0p05__wd1e-04trmiss0_degmodglobal,24,0.6970309019088745,0.7292862236499786,0.2222222222222222,0.5361891195224529,0.42857142857142855,0.0,0.5912128176007952,0.6745246733937945,0.05447340064815113,0.17775742603199823,0.0,0.0,0.0,0.0,0.0,18473,global,0.0
3,1,lr1e-05_bs8_drop0p4_temp1p0_a0p25_b0p05__wd1e-04trmiss0_degmodglobal,8,1e-05,0.0001,0.4,1.0,0.25,0.05,lr1e-05_bs8_drop0p4_temp1p0_a0p25_b0p05__wd1e-04trmiss0_degmodglobal,25,0.6923406720161438,0.7269794344902039,0.24444444444444444,0.547300230633564,0.5,0.0,0.6254554901804242,0.6758418253489903,0.04396330299121993,0.11016046575137547,0.0,0.0,0.0,0.0,0.0,18473,global,0.0
3,1,lr1e-05_bs8_drop0p4_temp1p0_a0p25_b0p05__wd1e-04trmiss0_degmodglobal,8,1e-05,0.0001,0.4,1.0,0.25,0.05,lr1e-05_bs8_drop0p4_temp1p0_a0p25_b0p05__wd1e-04trmiss0_degmodglobal,26,0.6958233969552177,0.7272339463233948,0.2222222222222222,0.5361891195224529,0.5,0.0,0.630760771887643,0.6751030087471008,0.049292449174182754,0.1679455302655697,0.0,0.0,0.0,0.0,0.0,18473,global,0.0
3,1,lr1e-05_bs8_drop0p4_temp1p0_a0p25_b0p05__wd1e-04trmiss0_degmodglobal,8,1e-05,0.0001,0.4,1.0,0.25,0.05,lr1e-05_bs8_drop0p4_temp1p0_a0p25_b0p05__wd1e-04trmiss0_degmodglobal,27,0.6889940500259399,0.7262823581695557,0.2222222222222222,0.5361891195224529,0.5,0.0,0.6054236974034991,0.669520011969975,0.05114397034049034,0.1337609514594078,0.0,0.0,0.0,0.0,0.0,18473,global,0.0
3,1,lr1e-05_bs8_drop0p4_temp1p0_a0p25_b0p05__wd1e-04trmiss0_degmodglobal,8,1e-05,0.0001,0.4,1.0,0.25,0.05,lr1e-05_bs8_drop0p4_temp1p0_a0p25_b0p05__wd1e-04trmiss0_degmodglobal,28,0.7110127636364528,0.7294100522994995,0.2222222222222222,0.5361891195224529,0.42857142857142855,0.0,0.5966770648956299,0.681839576789311,0.06835353427699634,0.24169591707842691,0.0,0.0,0.0,0.0,0.0,18473,global,0.0
3,1,lr1e-05_bs8_drop0p4_temp1p0_a0p25_b0p05__wd1e-04trmiss0_degmodglobal,8,1e-05,0.0001,0.4,1.0,0.25,0.05,lr1e-05_bs8_drop0p4_temp1p0_a0p25_b0p05__wd1e-04trmiss0_degmodglobal,29,0.666661194392613,0.7321289479732513,0.2222222222222222,0.5361891195224529,0.42857142857142855,0.0,0.5811933704784938,0.6442619732448033,0.058573090604373386,0.15511901676654816,0.0,0.0,0.0,0.0,0.0,18473,global,0.0
3,1,lr1e-05_bs8_drop0p4_temp1p0_a0p25_b0p05__wd1e-04trmiss0_degmodglobal,8,1e-05,0.0001,0.4,1.0,0.25,0.05,lr1e-05_bs8_drop0p4_temp1p0_a0p25_b0p05__wd1e-04trmiss0_degmodglobal,30,0.6979721443993705,0.7266024053096771,0.2222222222222222,0.5361891195224529,0.42857142857142855,0.0,0.5953651240893773,0.6774744050843375,0.05248904547521046,0.14750970421092852,0.0,0.0,0.0,0.0,0.0,18473,global,0.0
3,1,lr1e-05_bs8_drop0p4_temp1p0_a0p25_b0p05__wd1e-04trmiss0_degmodglobal,8,1e-05,0.0001,0.4,1.0,0.25,0.05,lr1e-05_bs8_drop0p4_temp1p0_a0p25_b0p05__wd1e-04trmiss0_degmodglobal,31,0.6868088075092861,0.7271133661270142,0.2222222222222222,0.5361891195224529,0.42857142857142855,0.0,0.6057751263890948,0.66289940902165,0.06435575442654747,0.15640917526824133,0.0,0.0,0.0,0.0,0.0,18473,global,0.0
3,1,lr1e-05_bs8_drop0p4_temp1p0_a0p25_b0p05__wd1e-04trmiss0_degmodglobal,8,1e-05,0.0001,0.4,1.0,0.25,0.05,lr1e-05_bs8_drop0p4_temp1p0_a0p25_b0p05__wd1e-04trmiss0_degmodglobal,32,0.7011408805847168,0.7302259802818298,0.2222222222222222,0.5361891195224529,0.42857142857142855,0.0,0.6094636065619332,0.6740323730877468,0.06934375528778348,0.19545106376920426,0.0,0.0,0.0,0.0,0.0,18473,global,0.0
3,1,lr1e-05_bs8_drop0p4_temp1p0_a0p25_b0p05__wd1e-04trmiss0_degmodglobal,8,1e-05,0.0001,0.4,1.0,0.25,0.05,lr1e-05_bs8_drop0p4_temp1p0_a0p25_b0p05__wd1e-04trmiss0_degmodglobal,33,0.7111890826906476,0.7279346287250519,0.2444444444444444,0.5441256274589608,0.5,0.0,0.6126832578863416,0.6873046159744263,0.06038938196642058,0.17574265306549414,0.0,0.0,0.0,0.0,0.0,18473,global,0.0
3,1,lr1e-05_bs8_drop0p4_temp1p0_a0p25_b0p05__wd1e-04trmiss0_degmodglobal,8,1e-05,0.0001,0.4,1.0,0.25,0.05,lr1e-05_bs8_drop0p4_temp1p0_a0p25_b0p05__wd1e-04trmiss0_degmodglobal,34,0.6915131040981838,0.7294223606586456,0.2222222222222222,0.5361891195224529,0.5,0.0,0.6029001814978463,0.6682224699429103,0.05966073114957128,0.1675090566277504,0.0,0.0,0.0,0.0,0.0,18473,global,0.0
3,1,lr1e-05_bs8_drop0p4_temp1p0_a0p25_b0p05__wd1e-04trmiss0_degmodglobal,8,1e-05,0.0001,0.4,1.0,0.25,0.05,lr1e-05_bs8_drop0p4_temp1p0_a0p25_b0p05__wd1e-04trmiss0_degmodglobal,35,0.7040559564317975,0.7294036448001862,0.2222222222222222,0.5361891195224529,0.5,0.0,0.5931340456008911,0.6811016372271946,0.060305709285395484,0.15755835494824819,0.0,0.0,0.0,0.0,0.0,18473,global,0.0
3,1,lr1e-05_bs8_drop0p4_temp1p0_a0p25_b0p05__wd1e-04trmiss0_degmodglobal,8,1e-05,0.0001,0.4,1.0,0.25,0.05,lr1e-05_bs8_drop0p4_temp1p0_a0p25_b0p05__wd1e-04trmiss0_degmodglobal,36,0.6948279227529254,0.7282255589962006,0.2222222222222222,0.5361891195224529,0.42857142857142855,0.0,0.5983480640820095,0.6711252587182182,0.05716118056859289,0.18824755826166698,0.0,0.0,0.0,0.0,0.0,18473,global,0.0
3,1,lr1e-05_bs8_drop0p4_temp1p0_a0p25_b0p05__wd1e-04trmiss0_degmodglobal,8,1e-05,0.0001,0.4,1.0,0.25,0.05,lr1e-05_bs8_drop0p4_temp1p0_a0p25_b0p05__wd1e-04trmiss0_degmodglobal,37,0.7011815820421491,0.7282220125198364,0.2222222222222222,0.5361891195224529,0.42857142857142855,0.0,0.6176458512033735,0.6768854771341596,0.06093712310705866,0.18123624899557658,0.0,0.0,0.0,0.0,0.0,18473,global,0.0
3,1,lr1e-05_bs8_drop0p4_temp2p0_a0p25_b0p05__wd1e-04trmiss0_degmodglobal,8,1e-05,0.0001,0.4,2.0,0.25,0.05,lr1e-05_bs8_drop0p4_temp2p0_a0p25_b0p05__wd1e-04trmiss0_degmodglobal,1,0.6995115024702889,0.6657883524894714,0.4888888888888888,0.6991360491360492,0.5714285714285714,0.0,0.6841609477996826,0.6631054622786385,0.09343700483441353,0.2609354353376797,0.0,0.0,0.0,0.0,0.0,18473,global,0.0
3,1,lr1e-05_bs8_drop0p4_temp2p0_a0p25_b0p05__wd1e-04trmiss0_degmodglobal,8,1e-05,0.0001,0.4,2.0,0.25,0.05,lr1e-05_bs8_drop0p4_temp2p0_a0p25_b0p05__wd1e-04trmiss0_degmodglobal,2,0.7216090645108905,0.6654169857501984,0.4888888888888889,0.7302808302808304,0.5714285714285714,0.0,0.7238304529871259,0.6857477256229946,0.09516503768307823,0.2414016074367932,0.0,0.0,0.0,0.0,0.0,18473,global,0.0
3,1,lr1e-05_bs8_drop0p4_temp2p0_a0p25_b0p05__wd1e-04trmiss0_degmodglobal,8,1e-05,0.0001,0.4,2.0,0.25,0.05,lr1e-05_bs8_drop0p4_temp2p0_a0p25_b0p05__wd1e-04trmiss0_degmodglobal,3,0.7005940760884967,0.6647018790245056,0.4888888888888889,0.7302808302808304,0.5714285714285714,0.0,0.7046484266008649,0.672794018472944,0.07451613886015755,0.18342052506549017,0.0,0.0,0.0,0.0,0.0,18473,global,0.0
3,1,lr1e-05_bs8_drop0p4_temp2p0_a0p25_b0p05__wd1e-04trmiss0_degmodglobal,8,1e-05,0.0001,0.4,2.0,0.25,0.05,lr1e-05_bs8_drop0p4_temp2p0_a0p25_b0p05__wd1e-04trmiss0_degmodglobal,4,0.654003015586308,0.6664924621582031,0.4888888888888888,0.6991360491360492,0.5,0.0,0.6868292944771903,0.6293081641197205,0.06833136667098318,0.1522400357893535,0.0,0.0,0.0,0.0,0.0,18473,global,0.0
3,1,lr1e-05_bs8_drop0p4_temp2p0_a0p25_b0p05__wd1e-04trmiss0_degmodglobal,8,1e-05,0.0001,0.4,2.0,0.25,0.05,lr1e-05_bs8_drop0p4_temp2p0_a0p25_b0p05__wd1e-04trmiss0_degmodglobal,5,0.6910290462630135,0.6657754778862,0.4444444444444444,0.6713582713582713,0.5714285714285714,0.0,0.6811294385365078,0.656403728893825,0.09132929784911019,0.23585976021630423,0.0,0.0,0.0,0.0,0.0,18473,global,0.0
3,1,lr1e-05_bs8_drop0p4_temp2p0_a0p25_b0p05__wd1e-04trmiss0_degmodglobal,8,1e-05,0.0001,0.4,2.0,0.25,0.05,lr1e-05_bs8_drop0p4_temp2p0_a0p25_b0p05__wd1e-04trmiss0_degmodglobal,6,0.6747264691761562,0.667219340801239,0.39999999999999997,0.6555453805453806,0.5714285714285714,0.0,0.6739335145269122,0.6411198973655701,0.0930434066270079,0.2069143663559641,0.0,0.0,0.0,0.0,0.0,18473,global,0.0
3,1,lr1e-05_bs8_drop0p4_temp2p0_a0p25_b0p05__wd1e-04trmiss0_degmodglobal,8,1e-05,0.0001,0.4,2.0,0.25,0.05,lr1e-05_bs8_drop0p4_temp2p0_a0p25_b0p05__wd1e-04trmiss0_degmodglobal,7,0.6630261370113918,0.6638097167015076,0.4666666666666667,0.6898767898767899,0.6428571428571429,0.0,0.6836990799222674,0.6236157076699393,0.10817612494741168,0.24732799295868194,0.0,0.0,0.0,0.0,0.0,18473,global,0.0
3,1,lr1e-05_bs8_drop0p4_temp2p0_a0p25_b0p05__wd1e-04trmiss0_degmodglobal,8,1e-05,0.0001,0.4,2.0,0.25,0.05,lr1e-05_bs8_drop0p4_temp2p0_a0p25_b0p05__wd1e-04trmiss0_degmodglobal,8,0.6519359520503453,0.6661287844181061,0.4666666666666667,0.6898767898767899,0.5714285714285714,0.0,0.6366626194545201,0.6166671599660601,0.09990696289709636,0.20584115386009216,0.0,0.0,0.0,0.0,0.0,18473,global,0.0
3,1,lr1e-05_bs8_drop0p4_temp2p0_a0p25_b0p05__wd1e-04trmiss0_degmodglobal,8,1e-05,0.0001,0.4,2.0,0.25,0.05,lr1e-05_bs8_drop0p4_temp2p0_a0p25_b0p05__wd1e-04trmiss0_degmodglobal,9,0.6869974562100002,0.6671441495418549,0.4444444444444444,0.6839845339845341,0.5714285714285714,0.0,0.6673373579978943,0.6562235355377197,0.07981356659105845,0.2164105400443077,0.0,0.0,0.0,0.0,0.0,18473,global,0.0
3,1,lr1e-05_bs8_drop0p4_temp2p0_a0p25_b0p05__wd1e-04trmiss0_degmodglobal,8,1e-05,0.0001,0.4,2.0,0.25,0.05,lr1e-05_bs8_drop0p4_temp2p0_a0p25_b0p05__wd1e-04trmiss0_degmodglobal,10,0.6700818368366787,0.6670256555080414,0.42222222222222217,0.6765771265771265,0.5714285714285714,0.0,0.6925696986062186,0.6370196768215725,0.07923551435981478,0.2650656508547919,0.0,0.0,0.0,0.0,0.0,18473,global,0.0
3,1,lr1e-05_bs8_drop0p4_temp2p0_a0p25_b0p05__wd1e-04trmiss0_degmodglobal,8,1e-05,0.0001,0.4,2.0,0.25,0.05,lr1e-05_bs8_drop0p4_temp2p0_a0p25_b0p05__wd1e-04trmiss0_degmodglobal,11,0.67180825982775,0.6652178466320038,0.42222222222222217,0.6765771265771265,0.5714285714285714,0.0,0.6630777376038688,0.6326339840888977,0.10663783018078123,0.25029618931668146,0.0,0.0,0.0,0.0,0.0,18473,global,0.0
3,1,lr1e-05_bs8_drop0p4_temp2p0_a0p25_b0p05__wd1e-04trmiss0_degmodglobal,8,1e-05,0.0001,0.4,2.0,0.25,0.05,lr1e-05_bs8_drop0p4_temp2p0_a0p25_b0p05__wd1e-04trmiss0_degmodglobal,12,0.6730271662984576,0.6653315126895905,0.42222222222222217,0.6765771265771265,0.5714285714285714,0.0,0.6757473179272243,0.639848530292511,0.09246413622583662,0.2012519517115184,0.0,0.0,0.0,0.0,0.0,18473,global,0.0
3,1,lr1e-05_bs8_drop0p4_temp2p0_a0p25_b0p05__wd1e-04trmiss0_degmodglobal,8,1e-05,0.0001,0.4,2.0,0.25,0.05,lr1e-05_bs8_drop0p4_temp2p0_a0p25_b0p05__wd1e-04trmiss0_degmodglobal,13,0.6517342925071716,0.6648093461990356,0.4444444444444444,0.6839845339845341,0.5714285714285714,0.0,0.6579684444836208,0.6151883346693856,0.0939403059227126,0.26121754944324493,0.0,0.0,0.0,0.0,0.0,18473,global,0.0
3,1,lr1e-05_bs8_drop0p4_temp2p0_a0p25_b0p05__wd1e-04trmiss0_degmodglobal,8,1e-05,0.0001,0.4,2.0,0.25,0.05,lr1e-05_bs8_drop0p4_temp2p0_a0p25_b0p05__wd1e-04trmiss0_degmodglobal,14,0.6389937485967364,0.6655822396278381,0.4444444444444444,0.6839845339845341,0.5714285714285714,0.0,0.676160957132067,0.6094438093049186,0.07600870675274304,0.21095493701951845,0.0,0.0,0.0,0.0,0.0,18473,global,0.0
3,1,lr1e-05_bs8_drop0p4_temp2p0_a0p25_b0p05__wd1e-04trmiss0_degmodglobal,8,1e-05,0.0001,0.4,2.0,0.25,0.05,lr1e-05_bs8_drop0p4_temp2p0_a0p25_b0p05__wd1e-04trmiss0_degmodglobal,15,0.6230897562844413,0.6627216339111328,0.4888888888888889,0.7302808302808304,0.5714285714285714,0.0,0.6326093247958592,0.5965809140886579,0.08193209980215345,0.12051632681063243,0.0,0.0,0.0,0.0,0.0,18473,global,0.0
3,1,lr1e-05_bs8_drop0p4_temp2p0_a0p25_b0p05__wd1e-04trmiss0_degmodglobal,8,1e-05,0.0001,0.4,2.0,0.25,0.05,lr1e-05_bs8_drop0p4_temp2p0_a0p25_b0p05__wd1e-04trmiss0_degmodglobal,16,0.646742948463985,0.6644358932971954,0.4666666666666666,0.6932437932437931,0.5714285714285714,0.0,0.6987501042229789,0.6059489931379046,0.10184218415192195,0.30666804739407133,0.0,0.0,0.0,0.0,0.0,18473,global,0.0
3,1,lr1e-05_bs8_drop0p4_temp2p0_a0p25_b0p05__wd1e-04trmiss0_degmodglobal,8,1e-05,0.0001,0.4,2.0,0.25,0.05,lr1e-05_bs8_drop0p4_temp2p0_a0p25_b0p05__wd1e-04trmiss0_degmodglobal,17,0.6461032203265599,0.6652593612670898,0.4666666666666666,0.6932437932437931,0.5714285714285714,0.0,0.6451186878340585,0.609609569822039,0.10038970091513225,0.22792445974690573,0.0,0.0,0.0,0.0,0.0,18473,global,0.0
3,1,lr1e-05_bs8_drop0p4_temp2p0_a0p25_b0p05__wd1e-04trmiss0_degmodglobal,8,1e-05,0.0001,0.4,2.0,0.25,0.05,lr1e-05_bs8_drop0p4_temp2p0_a0p25_b0p05__wd1e-04trmiss0_degmodglobal,18,0.6499122040612357,0.6666187047958374,0.4666666666666666,0.6932437932437931,0.5714285714285714,0.0,0.6589742388044085,0.619006701878139,0.07431934188519206,0.24651339117969787,0.0,0.0,0.0,0.0,0.0,18473,global,0.0
3,1,lr1e-05_bs8_drop0p4_temp2p0_a0p25_b0p05__wd1e-04trmiss0_degmodglobal,8,1e-05,0.0001,0.4,2.0,0.25,0.05,lr1e-05_bs8_drop0p4_temp2p0_a0p25_b0p05__wd1e-04trmiss0_degmodglobal,19,0.6152332169669015,0.6679690182209015,0.4666666666666667,0.6898767898767899,0.5714285714285714,0.0,0.6516665390559605,0.5824016673224313,0.08922768171344485,0.21049259283712932,0.0,0.0,0.0,0.0,0.0,18473,global,0.0
3,1,lr1e-05_bs8_drop0p4_temp2p0_a0p25_b0p05__wd1e-04trmiss0_degmodglobal,8,1e-05,0.0001,0.4,2.0,0.25,0.05,lr1e-05_bs8_drop0p4_temp2p0_a0p25_b0p05__wd1e-04trmiss0_degmodglobal,20,0.6297687377248492,0.669783890247345,0.4666666666666667,0.6898767898767899,0.5714285714285714,0.0,0.6166065590722221,0.5924772875649589,0.09501225075551442,0.2707680953400476,0.0,0.0,0.0,0.0,0.0,18473,global,0.0
3,1,lr1e-05_bs8_drop0p4_temp2p0_a0p25_b0p05__wd1e-04trmiss0_degmodglobal,8,1e-05,0.0001,0.4,2.0,0.25,0.05,lr1e-05_bs8_drop0p4_temp2p0_a0p25_b0p05__wd1e-04trmiss0_degmodglobal,21,0.6304044638361249,0.6719760894775391,0.4666666666666667,0.6898767898767899,0.5714285714285714,0.0,0.6464691587856838,0.6016898836408343,0.07992753705808095,0.1746537068060466,0.0,0.0,0.0,0.0,0.0,18473,global,0.0
3,1,lr1e-05_bs8_drop0p4_temp2p0_a0p25_b0p05__wd1e-04trmiss0_degmodglobal,8,1e-05,0.0001,0.4,2.0,0.25,0.05,lr1e-05_bs8_drop0p4_temp2p0_a0p25_b0p05__wd1e-04trmiss0_degmodglobal,22,0.6520424059459141,0.6723327934741974,0.4444444444444444,0.6824693824693824,0.5714285714285714,0.0,0.6295429042407444,0.6151201725006104,0.09202252754143306,0.2783317395618984,0.0,0.0,0.0,0.0,0.0,18473,global,0.0
3,1,lr1e-05_bs8_drop0p4_temp2p0_a0p25_b0p05__wd1e-04trmiss0_degmodglobal,8,1e-05,0.0001,0.4,2.0,0.25,0.05,lr1e-05_bs8_drop0p4_temp2p0_a0p25_b0p05__wd1e-04trmiss0_degmodglobal,23,0.6187817965235028,0.6730459630489349,0.4444444444444444,0.6824693824693824,0.5714285714285714,0.0,0.6364267468452454,0.5818554588726589,0.09303063260657447,0.2733737432530948,0.0,0.0,0.0,0.0,0.0,18473,global,0.0
3,1,lr1e-05_bs8_drop0p4_temp2p0_a0p25_b0p05__wd1e-04trmiss0_degmodglobal,8,1e-05,0.0001,0.4,2.0,0.25,0.05,lr1e-05_bs8_drop0p4_temp2p0_a0p25_b0p05__wd1e-04trmiss0_degmodglobal,24,0.6409169009753636,0.6737801730632782,0.4444444444444444,0.6824693824693824,0.5714285714285714,0.0,0.6382935558046613,0.6054895264761788,0.10110275819897652,0.20303370910031454,0.0,0.0,0.0,0.0,0.0,18473,global,0.0
3,1,lr1e-05_bs8_drop0p4_temp2p0_a0p25_b0p05__wd1e-04trmiss0_degmodglobal,8,1e-05,0.0001,0.4,2.0,0.25,0.05,lr1e-05_bs8_drop0p4_temp2p0_a0p25_b0p05__wd1e-04trmiss0_degmodglobal,25,0.6122787424496242,0.6719421148300171,0.4444444444444444,0.6824693824693824,0.5714285714285714,0.0,0.6288883090019226,0.5749233535357884,0.10235379689506122,0.23533872834273747,0.0,0.0,0.0,0.0,0.0,18473,global,0.0
3,1,lr1e-05_bs8_drop0p4_temp2p0_a0p25_b0p05__wd1e-04trmiss0_degmodglobal,8,1e-05,0.0001,0.4,2.0,0.25,0.05,lr1e-05_bs8_drop0p4_temp2p0_a0p25_b0p05__wd1e-04trmiss0_degmodglobal,26,0.6300558703286308,0.6702556908130646,0.4444444444444444,0.6824693824693824,0.5714285714285714,0.0,0.6098208682877677,0.598584600857326,0.09131235363227981,0.17286365053483418,0.0,0.0,0.0,0.0,0.0,18473,global,0.0
3,1,lr1e-05_bs8_drop0p4_temp2p0_a0p25_b0p05__wd1e-04trmiss0_degmodglobal,8,1e-05,0.0001,0.4,2.0,0.25,0.05,lr1e-05_bs8_drop0p4_temp2p0_a0p25_b0p05__wd1e-04trmiss0_degmodglobal,27,0.6430482864379883,0.6708393692970276,0.42222222222222217,0.663950863950864,0.5714285714285714,0.0,0.6571635263306754,0.6129889062472752,0.08100737631320953,0.1961505604641778,0.0,0.0,0.0,0.0,0.0,18473,global,0.0
3,1,lr1e-05_bs8_drop0p4_temp2p0_a0p25_b0p05__wd1e-04trmiss0_degmodglobal,8,1e-05,0.0001,0.4,2.0,0.25,0.05,lr1e-05_bs8_drop0p4_temp2p0_a0p25_b0p05__wd1e-04trmiss0_degmodglobal,28,0.6346673880304609,0.6700788140296936,0.4444444444444444,0.6824693824693824,0.5714285714285714,0.0,0.6138060774121966,0.602398693561554,0.07924756514174598,0.24913607324872697,0.0,0.0,0.0,0.0,0.0,18473,global,0.0
3,1,lr1e-05_bs8_drop0p4_temp2p0_a0p25_b0p05__wd1e-04trmiss0_degmodglobal,8,1e-05,0.0001,0.4,2.0,0.25,0.05,lr1e-05_bs8_drop0p4_temp2p0_a0p25_b0p05__wd1e-04trmiss0_degmodglobal,29,0.6515159010887146,0.6703934073448181,0.42222222222222217,0.6765771265771265,0.5714285714285714,0.0,0.6133286612374442,0.6200350778443473,0.08847680581467492,0.18723243049212865,0.0,0.0,0.0,0.0,0.0,18473,global,0.0
3,1,lr1e-05_bs8_drop0p4_temp2p0_a0p25_b0p05__wd1e-04trmiss0_degmodglobal,8,1e-05,0.0001,0.4,2.0,0.25,0.05,lr1e-05_bs8_drop0p4_temp2p0_a0p25_b0p05__wd1e-04trmiss0_degmodglobal,30,0.6326344268662589,0.6690394282341003,0.4444444444444444,0.6824693824693824,0.5714285714285714,0.0,0.606238739831107,0.6022167801856995,0.08680170668022973,0.17434434486286982,0.0,0.0,0.0,0.0,0.0,18473,global,0.0
3,1,lr1e-05_bs8_drop0p4_temp2p0_a0p25_b0p05__wd1e-04trmiss0_degmodglobal,8,1e-05,0.0001,0.4,2.0,0.25,0.05,lr1e-05_bs8_drop0p4_temp2p0_a0p25_b0p05__wd1e-04trmiss0_degmodglobal,31,0.6214611956051418,0.6699754297733307,0.42222222222222217,0.663950863950864,0.5714285714285714,0.0,0.6355691041265216,0.5870627420289176,0.09338044481618064,0.22106689534017018,0.0,0.0,0.0,0.0,0.0,18473,global,0.0
3,1,lr1e-05_bs8_drop0p4_temp2p0_a0p25_b0p05__wd1e-04trmiss0_degmodglobal,8,1e-05,0.0001,0.4,2.0,0.25,0.05,lr1e-05_bs8_drop0p4_temp2p0_a0p25_b0p05__wd1e-04trmiss0_degmodglobal,32,0.6381909336362567,0.6715347170829773,0.4444444444444444,0.6824693824693824,0.5714285714285714,0.0,0.6442386593137469,0.6013831751687186,0.09933033159800939,0.23950349858828954,0.0,0.0,0.0,0.0,0.0,18473,global,0.0
3,1,lr1e-05_bs8_drop0p4_temp2p0_a0p25_b0p05__wd1e-04trmiss0_degmodglobal,8,1e-05,0.0001,0.4,2.0,0.25,0.05,lr1e-05_bs8_drop0p4_temp2p0_a0p25_b0p05__wd1e-04trmiss0_degmodglobal,33,0.6266384380204337,0.6717933118343353,0.4444444444444444,0.6824693824693824,0.5714285714285714,0.0,0.5951452936444964,0.6015850816454206,0.06889489239880017,0.1565925276705197,0.0,0.0,0.0,0.0,0.0,18473,global,0.0
3,1,lr1e-05_bs8_drop0p4_temp2p0_a0p25_b0p05__wd1e-04trmiss0_degmodglobal,8,1e-05,0.0001,0.4,2.0,0.25,0.05,lr1e-05_bs8_drop0p4_temp2p0_a0p25_b0p05__wd1e-04trmiss0_degmodglobal,34,0.6587462340082441,0.6708550155162811,0.4444444444444444,0.6824693824693824,0.5714285714285714,0.0,0.6198964033808027,0.625598566872733,0.08887676735009466,0.21856949691261565,0.0,0.0,0.0,0.0,0.0,18473,global,0.0
3,1,lr1e-05_bs8_drop0p4_temp2p0_a0p25_b0p05__wd1e-04trmiss0_degmodglobal,8,1e-05,0.0001,0.4,2.0,0.25,0.05,lr1e-05_bs8_drop0p4_temp2p0_a0p25_b0p05__wd1e-04trmiss0_degmodglobal,35,0.6399198429925101,0.672113686800003,0.4444444444444444,0.6839845339845341,0.5714285714285714,0.0,0.6116046224321637,0.6075061559677124,0.08865697415811676,0.20498878083058766,0.0,0.0,0.0,0.0,0.0,18473,global,0.0
3,1,lr1e-04_bs16_drop0p2_temp1p0_a0p25_b0p05__wd1e-04trmiss0_degmodglobal,16,0.0001,0.0001,0.2,1.0,0.25,0.05,lr1e-04_bs16_drop0p2_temp1p0_a0p25_b0p05__wd1e-04trmiss0_degmodglobal,1,0.6828567385673523,0.7044396996498108,0.5111111111111111,0.7306989306989307,0.42857142857142855,0.0,0.7058291584253311,0.669281393289566,0.035982207395136356,0.09159587416797876,0.0,0.0,0.0,0.0,0.0,18473,global,0.0
3,1,lr1e-04_bs16_drop0p2_temp1p0_a0p25_b0p05__wd1e-04trmiss0_degmodglobal,16,0.0001,0.0001,0.2,1.0,0.25,0.05,lr1e-04_bs16_drop0p2_temp1p0_a0p25_b0p05__wd1e-04trmiss0_degmodglobal,2,0.6886654943227768,0.7094241976737976,0.4666666666666666,0.6381063381063381,0.42857142857142855,0.0,0.6724546551704407,0.678167387843132,0.03191621322184801,0.050381301902234554,0.0,0.0,0.0,0.0,0.0,18473,global,0.0
3,1,lr1e-04_bs16_drop0p2_temp1p0_a0p25_b0p05__wd1e-04trmiss0_degmodglobal,16,0.0001,0.0001,0.2,1.0,0.25,0.05,lr1e-04_bs16_drop0p2_temp1p0_a0p25_b0p05__wd1e-04trmiss0_degmodglobal,3,0.6729461848735809,0.7016744017601013,0.4222222222222222,0.6176036926036926,0.35714285714285715,0.0,0.6572671234607697,0.660424217581749,0.03399904444813728,0.08044411055743694,0.0,0.0,0.0,0.0,0.0,18473,global,0.0
3,1,lr1e-04_bs16_drop0p2_temp1p0_a0p25_b0p05__wd1e-04trmiss0_degmodglobal,16,0.0001,0.0001,0.2,1.0,0.25,0.05,lr1e-04_bs16_drop0p2_temp1p0_a0p25_b0p05__wd1e-04trmiss0_degmodglobal,4,0.6514081656932831,0.6903769969940186,0.4444444444444444,0.620970695970696,0.5,0.0,0.661297395825386,0.6393654346466064,0.035112098790705204,0.06529447296634316,0.0,0.0,0.0,0.0,0.0,18473,global,0.0
3,1,lr1e-04_bs16_drop0p2_temp1p0_a0p25_b0p05__wd1e-04trmiss0_degmodglobal,16,0.0001,0.0001,0.2,1.0,0.25,0.05,lr1e-04_bs16_drop0p2_temp1p0_a0p25_b0p05__wd1e-04trmiss0_degmodglobal,5,0.6515622586011887,0.6928362250328064,0.4888888888888889,0.6426638176638177,0.5,0.0,0.6529133170843124,0.6359736323356628,0.04104907438158989,0.10652714129537344,0.0,0.0,0.0,0.0,0.0,18473,global,0.0
3,1,lr1e-04_bs16_drop0p2_temp1p0_a0p25_b0p05__wd1e-04trmiss0_degmodglobal,16,0.0001,0.0001,0.2,1.0,0.25,0.05,lr1e-04_bs16_drop0p2_temp1p0_a0p25_b0p05__wd1e-04trmiss0_degmodglobal,6,0.6461417973041534,0.7084634304046631,0.37777777777777777,0.6009980759980761,0.35714285714285715,0.0,0.6642260253429413,0.6301913261413574,0.04435130022466183,0.09725256636738777,0.0,0.0,0.0,0.0,0.0,18473,global,0.0
3,1,lr1e-04_bs16_drop0p2_temp1p0_a0p25_b0p05__wd1e-04trmiss0_degmodglobal,16,0.0001,0.0001,0.2,1.0,0.25,0.05,lr1e-04_bs16_drop0p2_temp1p0_a0p25_b0p05__wd1e-04trmiss0_degmodglobal,7,0.6575326472520828,0.7181779742240906,0.39999999999999997,0.6149751483084817,0.42857142857142855,0.0,0.6580195724964142,0.6459281891584396,0.035251795779913664,0.055830081924796104,0.0,0.0,0.0,0.0,0.0,18473,global,0.0
3,1,lr1e-04_bs16_drop0p2_temp1p0_a0p25_b0p05__wd1e-04trmiss0_degmodglobal,16,0.0001,0.0001,0.2,1.0,0.25,0.05,lr1e-04_bs16_drop0p2_temp1p0_a0p25_b0p05__wd1e-04trmiss0_degmodglobal,8,0.6196621656417847,0.7162317633628845,0.4444444444444444,0.6696488696488696,0.5,0.0,0.6266840547323227,0.6070654094219208,0.03705783747136593,0.06664596870541573,0.0,0.0,0.0,0.0,0.0,18473,global,0.0
3,1,lr1e-04_bs16_drop0p2_temp1p0_a0p25_b0p05__wd1e-04trmiss0_degmodglobal,16,0.0001,0.0001,0.2,1.0,0.25,0.05,lr1e-04_bs16_drop0p2_temp1p0_a0p25_b0p05__wd1e-04trmiss0_degmodglobal,9,0.6340976059436798,0.7051094174385071,0.4666666666666666,0.6881673881673882,0.5,0.0,0.6037474721670151,0.6220272779464722,0.03379238909110427,0.07244436629116535,0.0,0.0,0.0,0.0,0.0,18473,global,0.0
3,1,lr1e-04_bs16_drop0p2_temp1p0_a0p25_b0p05__wd1e-04trmiss0_degmodglobal,16,0.0001,0.0001,0.2,1.0,0.25,0.05,lr1e-04_bs16_drop0p2_temp1p0_a0p25_b0p05__wd1e-04trmiss0_degmodglobal,10,0.606158584356308,0.7155206203460693,0.4444444444444444,0.6393578643578645,0.5,0.0,0.6211149841547012,0.5899116098880768,0.04538918472826481,0.09799329377710819,0.0,0.0,0.0,0.0,0.0,18473,global,0.0
3,1,lr1e-04_bs16_drop0p2_temp1p0_a0p25_b0p05__wd1e-04trmiss0_degmodglobal,16,0.0001,0.0001,0.2,1.0,0.25,0.05,lr1e-04_bs16_drop0p2_temp1p0_a0p25_b0p05__wd1e-04trmiss0_degmodglobal,11,0.6046789884567261,0.698917031288147,0.4888888888888888,0.6566859066859068,0.5,0.0,0.5997969061136246,0.5873426347970963,0.04942876007407904,0.09958308562636375,0.0,0.0,0.0,0.0,0.0,18473,global,0.0
3,1,lr1e-04_bs16_drop0p2_temp1p0_a0p25_b0p05__wd1e-04trmiss0_degmodglobal,16,0.0001,0.0001,0.2,1.0,0.25,0.05,lr1e-04_bs16_drop0p2_temp1p0_a0p25_b0p05__wd1e-04trmiss0_degmodglobal,12,0.6083507984876633,0.6966742277145386,0.4666666666666667,0.64001924001924,0.5,0.0,0.5929797440767288,0.5909789502620697,0.0499217389151454,0.09782836213707924,0.0,0.0,0.0,0.0,0.0,18473,global,0.0
3,1,lr1e-04_bs16_drop0p2_temp1p0_a0p25_b0p05__wd1e-04trmiss0_degmodglobal,16,0.0001,0.0001,0.2,1.0,0.25,0.05,lr1e-04_bs16_drop0p2_temp1p0_a0p25_b0p05__wd1e-04trmiss0_degmodglobal,13,0.602932021021843,0.6945894360542297,0.4444444444444444,0.6671356421356422,0.5714285714285714,0.0,0.5832724720239639,0.5860569179058075,0.05013132933527231,0.08684551622718573,0.0,0.0,0.0,0.0,0.0,18473,global,0.0
3,1,lr1e-04_bs16_drop0p2_temp1p0_a0p25_b0p05__wd1e-04trmiss0_degmodglobal,16,0.0001,0.0001,0.2,1.0,0.25,0.05,lr1e-04_bs16_drop0p2_temp1p0_a0p25_b0p05__wd1e-04trmiss0_degmodglobal,14,0.6003322303295135,0.6866348385810852,0.4666666666666667,0.7080687830687831,0.6428571428571429,0.0,0.6086935997009277,0.5815425515174866,0.050130678340792656,0.12514019012451172,0.0,0.0,0.0,0.0,0.0,18473,global,0.0
3,1,lr1e-04_bs16_drop0p2_temp1p0_a0p25_b0p05__wd1e-04trmiss0_degmodglobal,16,0.0001,0.0001,0.2,1.0,0.25,0.05,lr1e-04_bs16_drop0p2_temp1p0_a0p25_b0p05__wd1e-04trmiss0_degmodglobal,15,0.6175984591245651,0.6863695979118347,0.5111111111111111,0.7093915343915345,0.6428571428571429,0.0,0.604206383228302,0.6007518470287323,0.05306020099669695,0.07163100189063698,0.0,0.0,0.0,0.0,0.0,18473,global,0.0
3,1,lr1e-04_bs16_drop0p2_temp1p0_a0p25_b0p05__wd1e-04trmiss0_degmodglobal,16,0.0001,0.0001,0.2,1.0,0.25,0.05,lr1e-04_bs16_drop0p2_temp1p0_a0p25_b0p05__wd1e-04trmiss0_degmodglobal,16,0.6060951948165894,0.6858369708061218,0.4888888888888888,0.7023208273208272,0.6428571428571429,0.0,0.5851694196462631,0.5896576642990112,0.048083425499498844,0.08833355642855167,0.0,0.0,0.0,0.0,0.0,18473,global,0.0
3,1,lr1e-04_bs16_drop0p2_temp1p0_a0p25_b0p05__wd1e-04trmiss0_degmodglobal,16,0.0001,0.0001,0.2,1.0,0.25,0.05,lr1e-04_bs16_drop0p2_temp1p0_a0p25_b0p05__wd1e-04trmiss0_degmodglobal,17,0.6012833416461945,0.6799333095550537,0.5111111111111111,0.7171356421356421,0.6428571428571429,0.0,0.5711076259613037,0.5853877067565918,0.04721510782837868,0.08183689042925835,0.0,0.0,0.0,0.0,0.0,18473,global,0.0
3,1,lr1e-04_bs16_drop0p2_temp1p0_a0p25_b0p05__wd1e-04trmiss0_degmodglobal,16,0.0001,0.0001,0.2,1.0,0.25,0.05,lr1e-04_bs16_drop0p2_temp1p0_a0p25_b0p05__wd1e-04trmiss0_degmodglobal,18,0.5979228019714355,0.6730725765228271,0.5111111111111111,0.7093915343915345,0.6428571428571429,0.0,0.5659220516681671,0.5807286202907562,0.05135574098676443,0.0871045095846057,0.0,0.0,0.0,0.0,0.0,18473,global,0.0
3,1,lr1e-04_bs16_drop0p2_temp1p0_a0p25_b0p05__wd1e-04trmiss0_degmodglobal,16,0.0001,0.0001,0.2,1.0,0.25,0.05,lr1e-04_bs16_drop0p2_temp1p0_a0p25_b0p05__wd1e-04trmiss0_degmodglobal,19,0.5854292958974838,0.6694450974464417,0.5555555555555556,0.7341269841269842,0.5714285714285714,0.0,0.5620942711830139,0.569625973701477,0.04855884984135628,0.07327220402657986,0.0,0.0,0.0,0.0,0.0,18473,global,0.0
3,1,lr1e-04_bs16_drop0p2_temp1p0_a0p25_b0p05__wd1e-04trmiss0_degmodglobal,16,0.0001,0.0001,0.2,1.0,0.25,0.05,lr1e-04_bs16_drop0p2_temp1p0_a0p25_b0p05__wd1e-04trmiss0_degmodglobal,20,0.5944133400917053,0.680079996585846,0.5333333333333333,0.7270562770562772,0.5714285714285714,0.0,0.6104596853256226,0.5810413062572479,0.040543487295508385,0.06472344137728214,0.0,0.0,0.0,0.0,0.0,18473,global,0.0
3,1,lr1e-04_bs16_drop0p2_temp1p0_a0p25_b0p05__wd1e-04trmiss0_degmodglobal,16,0.0001,0.0001,0.2,1.0,0.25,0.05,lr1e-04_bs16_drop0p2_temp1p0_a0p25_b0p05__wd1e-04trmiss0_degmodglobal,21,0.6098897606134415,0.6759784817695618,0.5777777777777777,0.7457782957782959,0.5714285714285714,0.0,0.5913979709148407,0.5961040258407593,0.04297572560608387,0.060835953801870346,0.0,0.0,0.0,0.0,0.0,18473,global,0.0
3,1,lr1e-04_bs16_drop0p2_temp1p0_a0p25_b0p05__wd1e-04trmiss0_degmodglobal,16,0.0001,0.0001,0.2,1.0,0.25,0.05,lr1e-04_bs16_drop0p2_temp1p0_a0p25_b0p05__wd1e-04trmiss0_degmodglobal,22,0.5803189277648926,0.6726056933403015,0.5777777777777777,0.7457782957782959,0.5714285714285714,0.0,0.5579964816570282,0.564132496714592,0.04936577193439007,0.07689990382641554,0.0,0.0,0.0,0.0,0.0,18473,global,0.0
3,1,lr1e-04_bs16_drop0p2_temp1p0_a0p25_b0p05__wd1e-04trmiss0_degmodglobal,16,0.0001,0.0001,0.2,1.0,0.25,0.05,lr1e-04_bs16_drop0p2_temp1p0_a0p25_b0p05__wd1e-04trmiss0_degmodglobal,23,0.601641908288002,0.674778163433075,0.5555555555555556,0.7402837902837904,0.5714285714285714,0.0,0.5901066958904266,0.5882555991411209,0.040162861347198486,0.06691194791346788,0.0,0.0,0.0,0.0,0.0,18473,global,0.0
3,1,lr1e-04_bs16_drop0p2_temp1p0_a0p25_b0p05__wd1e-04trmiss0_degmodglobal,16,0.0001,0.0001,0.2,1.0,0.25,0.05,lr1e-04_bs16_drop0p2_temp1p0_a0p25_b0p05__wd1e-04trmiss0_degmodglobal,24,0.5990693420171738,0.6765013337135315,0.5555555555555556,0.7402837902837904,0.5714285714285714,0.0,0.590368002653122,0.584387943148613,0.04588240012526512,0.06421589851379395,0.0,0.0,0.0,0.0,0.0,18473,global,0.0
3,1,lr1e-04_bs16_drop0p2_temp1p0_a0p25_b0p05__wd1e-04trmiss0_degmodglobal,16,0.0001,0.0001,0.2,1.0,0.25,0.05,lr1e-04_bs16_drop0p2_temp1p0_a0p25_b0p05__wd1e-04trmiss0_degmodglobal,25,0.5922682732343674,0.6761385798454285,0.5333333333333333,0.7242063492063493,0.5714285714285714,0.0,0.6093838065862656,0.5791628509759903,0.04085408337414265,0.05783814354799688,0.0,0.0,0.0,0.0,0.0,18473,global,0.0
3,1,lr1e-04_bs16_drop0p2_temp1p0_a0p25_b0p05__wd1e-04trmiss0_degmodglobal,16,0.0001,0.0001,0.2,1.0,0.25,0.05,lr1e-04_bs16_drop0p2_temp1p0_a0p25_b0p05__wd1e-04trmiss0_degmodglobal,26,0.5513466447591782,0.6730809807777405,0.5111111111111111,0.7093915343915345,0.5714285714285714,0.0,0.5644259229302406,0.5377731919288635,0.04083307785913348,0.0673035653308034,0.0,0.0,0.0,0.0,0.0,18473,global,0.0
3,1,lr1e-04_bs16_drop0p2_temp1p0_a0p25_b0p05__wd1e-04trmiss0_degmodglobal,16,0.0001,0.0001,0.2,1.0,0.25,0.05,lr1e-04_bs16_drop0p2_temp1p0_a0p25_b0p05__wd1e-04trmiss0_degmodglobal,27,0.5678503513336182,0.6744002103805542,0.5111111111111111,0.7297619047619048,0.5714285714285714,0.0,0.5481176376342773,0.5511035323143005,0.048121578991413116,0.09432810638099909,0.0,0.0,0.0,0.0,0.0,18473,global,0.0
3,1,lr1e-04_bs16_drop0p2_temp1p0_a0p25_b0p05__wd1e-04trmiss0_degmodglobal,16,0.0001,0.0001,0.2,1.0,0.25,0.05,lr1e-04_bs16_drop0p2_temp1p0_a0p25_b0p05__wd1e-04trmiss0_degmodglobal,28,0.594908133149147,0.6803784966468811,0.5111111111111111,0.7093915343915345,0.5714285714285714,0.0,0.5702861249446869,0.5807454586029053,0.04137780796736479,0.07636489532887936,0.0,0.0,0.0,0.0,0.0,18473,global,0.0
3,1,lr1e-04_bs16_drop0p2_temp1p0_a0p25_b0p05__wd1e-04trmiss0_degmodglobal,16,0.0001,0.0001,0.2,1.0,0.25,0.05,lr1e-04_bs16_drop0p2_temp1p0_a0p25_b0p05__wd1e-04trmiss0_degmodglobal,29,0.6009191870689392,0.6820313930511475,0.5333333333333333,0.7242063492063493,0.5714285714285714,0.0,0.5977509766817093,0.5847237408161163,0.048860682640224695,0.07960555423051119,0.0,0.0,0.0,0.0,0.0,18473,global,0.0
3,1,lr1e-04_bs16_drop0p2_temp1p0_a0p25_b0p05__wd1e-04trmiss0_degmodglobal,16,0.0001,0.0001,0.2,1.0,0.25,0.05,lr1e-04_bs16_drop0p2_temp1p0_a0p25_b0p05__wd1e-04trmiss0_degmodglobal,30,0.5459579974412918,0.6775709390640259,0.5555555555555556,0.7341269841269842,0.5714285714285714,0.0,0.5406777858734131,0.5298781543970108,0.05165907274931669,0.06330151110887527,0.0,0.0,0.0,0.0,0.0,18473,global,0.0
3,1,lr1e-04_bs16_drop0p2_temp1p0_a0p25_b0p05__wd1e-04trmiss0_degmodglobal,16,0.0001,0.0001,0.2,1.0,0.25,0.05,lr1e-04_bs16_drop0p2_temp1p0_a0p25_b0p05__wd1e-04trmiss0_degmodglobal,31,0.5712152272462845,0.6756778955459595,0.5777777777777778,0.7473544973544974,0.5714285714285714,0.0,0.5704255998134613,0.5554769784212112,0.04803290590643883,0.07460023928433657,0.0,0.0,0.0,0.0,0.0,18473,global,0.0
3,1,lr1e-04_bs16_drop0p2_temp1p0_a0p25_b0p05__wd1e-04trmiss0_degmodglobal,16,0.0001,0.0001,0.2,1.0,0.25,0.05,lr1e-04_bs16_drop0p2_temp1p0_a0p25_b0p05__wd1e-04trmiss0_degmodglobal,32,0.5450764000415802,0.674503743648529,0.5777777777777778,0.7473544973544974,0.5714285714285714,0.0,0.5622292459011078,0.5276034995913506,0.050837691873311996,0.09526964835822582,0.0,0.0,0.0,0.0,0.0,18473,global,0.0
3,1,lr1e-04_bs16_drop0p2_temp1p0_a0p25_b0p05__wd1e-04trmiss0_degmodglobal,16,0.0001,0.0001,0.2,1.0,0.25,0.05,lr1e-04_bs16_drop0p2_temp1p0_a0p25_b0p05__wd1e-04trmiss0_degmodglobal,33,0.5548843592405319,0.674733579158783,0.5777777777777778,0.7473544973544974,0.5714285714285714,0.0,0.5101331025362015,0.5356005877256393,0.06187735125422478,0.07628835085779428,0.0,0.0,0.0,0.0,0.0,18473,global,0.0
3,1,lr1e-04_bs16_drop0p2_temp1p0_a0p25_b0p05__wd1e-04trmiss0_degmodglobal,16,0.0001,0.0001,0.2,1.0,0.25,0.05,lr1e-04_bs16_drop0p2_temp1p0_a0p25_b0p05__wd1e-04trmiss0_degmodglobal,34,0.565017968416214,0.6713324785232544,0.5777777777777777,0.7396214896214897,0.5714285714285714,0.0,0.534186601638794,0.5459837913513184,0.05591907165944576,0.10108820907771587,0.0,0.0,0.0,0.0,0.0,18473,global,0.0
3,1,lr1e-04_bs16_drop0p2_temp1p0_a0p25_b0p05__wd1e-04trmiss0_degmodglobal,16,0.0001,0.0001,0.2,1.0,0.25,0.05,lr1e-04_bs16_drop0p2_temp1p0_a0p25_b0p05__wd1e-04trmiss0_degmodglobal,35,0.5388637334108353,0.6748327612876892,0.5555555555555556,0.7341269841269842,0.5714285714285714,0.0,0.5518654733896255,0.5206536054611206,0.055480350740253925,0.08680088073015213,0.0,0.0,0.0,0.0,0.0,18473,global,0.0
3,1,lr1e-04_bs16_drop0p2_temp1p0_a0p25_b0p05__wd1e-04trmiss0_degmodglobal,16,0.0001,0.0001,0.2,1.0,0.25,0.05,lr1e-04_bs16_drop0p2_temp1p0_a0p25_b0p05__wd1e-04trmiss0_degmodglobal,36,0.5683743506669998,0.6760967373847961,0.5555555555555556,0.7341269841269842,0.5714285714285714,0.0,0.5570908337831497,0.5528307557106018,0.05000832211226225,0.06082995189353824,0.0,0.0,0.0,0.0,0.0,18473,global,0.0
3,1,lr1e-04_bs16_drop0p2_temp1p0_a0p25_b0p05__wd1e-04trmiss0_degmodglobal,16,0.0001,0.0001,0.2,1.0,0.25,0.05,lr1e-04_bs16_drop0p2_temp1p0_a0p25_b0p05__wd1e-04trmiss0_degmodglobal,37,0.5949388891458511,0.677550196647644,0.5555555555555556,0.7341269841269842,0.5714285714285714,0.0,0.5922934412956238,0.5792201906442642,0.045783814042806625,0.08545502834022045,0.0,0.0,0.0,0.0,0.0,18473,global,0.0
3,1,lr1e-04_bs16_drop0p2_temp1p0_a0p25_b0p05__wd1e-04trmiss0_degmodglobal,16,0.0001,0.0001,0.2,1.0,0.25,0.05,lr1e-04_bs16_drop0p2_temp1p0_a0p25_b0p05__wd1e-04trmiss0_degmodglobal,38,0.5617164522409439,0.6740418076515198,0.5555555555555556,0.7248066748066748,0.5714285714285714,0.0,0.5600346177816391,0.5450805276632309,0.04704859759658575,0.0974754523485899,0.0,0.0,0.0,0.0,0.0,18473,global,0.0
3,1,lr1e-04_bs16_drop0p2_temp1p0_a0p25_b0p05__wd1e-04trmiss0_degmodglobal,16,0.0001,0.0001,0.2,1.0,0.25,0.05,lr1e-04_bs16_drop0p2_temp1p0_a0p25_b0p05__wd1e-04trmiss0_degmodglobal,39,0.5515321493148804,0.6766608357429504,0.5333333333333333,0.7193121693121693,0.5714285714285714,0.0,0.5556677579879761,0.5338775813579559,0.0531445206142962,0.08736855536699295,0.0,0.0,0.0,0.0,0.0,18473,global,0.0
3,1,lr1e-04_bs16_drop0p2_temp1p0_a0p25_b0p05__wd1e-04trmiss0_degmodglobal,16,0.0001,0.0001,0.2,1.0,0.25,0.05,lr1e-04_bs16_drop0p2_temp1p0_a0p25_b0p05__wd1e-04trmiss0_degmodglobal,40,0.5419769883155823,0.6816036701202393,0.5111111111111111,0.7026455026455027,0.5714285714285714,0.0,0.5293779373168945,0.5241847783327103,0.05878747068345547,0.06190699990838766,0.0,0.0,0.0,0.0,0.0,18473,global,0.0
3,1,lr1e-04_bs16_drop0p2_temp1p0_a0p25_b0p05__wd1e-04trmiss0_degmodglobal,16,0.0001,0.0001,0.2,1.0,0.25,0.05,lr1e-04_bs16_drop0p2_temp1p0_a0p25_b0p05__wd1e-04trmiss0_degmodglobal,41,0.5426660776138306,0.679402232170105,0.48888888888888893,0.6841269841269841,0.5714285714285714,0.0,0.5131108164787292,0.5286076664924622,0.04268207401037216,0.06775759533047676,0.0,0.0,0.0,0.0,0.0,18473,global,0.0
3,1,lr1e-04_bs16_drop0p2_temp1p0_a0p25_b0p05__wd1e-04trmiss0_degmodglobal,16,0.0001,0.0001,0.2,1.0,0.25,0.05,lr1e-04_bs16_drop0p2_temp1p0_a0p25_b0p05__wd1e-04trmiss0_degmodglobal,42,0.5577682331204414,0.6815145015716553,0.48888888888888893,0.6841269841269841,0.5714285714285714,0.0,0.5521589815616608,0.5399478152394295,0.05356174148619175,0.08859953889623284,0.0,0.0,0.0,0.0,0.0,18473,global,0.0
3,1,lr1e-04_bs16_drop0p2_temp1p0_a0p25_b0p05__wd1e-04trmiss0_degmodglobal,16,0.0001,0.0001,0.2,1.0,0.25,0.05,lr1e-04_bs16_drop0p2_temp1p0_a0p25_b0p05__wd1e-04trmiss0_degmodglobal,43,0.5909743309020996,0.6874673366546631,0.48888888888888893,0.6841269841269841,0.5714285714285714,0.0,0.5765418112277985,0.5762523412704468,0.047205572947859764,0.058411735109984875,0.0,0.0,0.0,0.0,0.0,18473,global,0.0
3,1,lr1e-04_bs16_drop0p2_temp1p0_a0p25_b0p05__wd1e-04trmiss0_degmodglobal,16,0.0001,0.0001,0.2,1.0,0.25,0.05,lr1e-04_bs16_drop0p2_temp1p0_a0p25_b0p05__wd1e-04trmiss0_degmodglobal,44,0.5807198882102966,0.6900495886802673,0.48888888888888893,0.6841269841269841,0.5714285714285714,0.0,0.549732118844986,0.5626807659864426,0.05225388426333666,0.09951306134462357,0.0,0.0,0.0,0.0,0.0,18473,global,0.0
3,1,lr1e-04_bs16_drop0p2_temp1p0_a0p25_b0p05__wd1e-04trmiss0_degmodglobal,16,0.0001,0.0001,0.2,1.0,0.25,0.05,lr1e-04_bs16_drop0p2_temp1p0_a0p25_b0p05__wd1e-04trmiss0_degmodglobal,45,0.6038718745112419,0.6911792159080505,0.48888888888888893,0.6470899470899472,0.5714285714285714,0.0,0.5750451683998108,0.5879598259925842,0.05112235061824322,0.0626289825886488,0.0,0.0,0.0,0.0,0.0,18473,global,0.0
3,1,lr1e-04_bs16_drop0p2_temp1p0_a0p25_b0p05__wd1e-04trmiss0_degmodglobal,16,0.0001,0.0001,0.2,1.0,0.25,0.05,lr1e-04_bs16_drop0p2_temp1p0_a0p25_b0p05__wd1e-04trmiss0_degmodglobal,46,0.5680675059556961,0.6924712657928467,0.5111111111111111,0.6563492063492063,0.5714285714285714,0.0,0.5236219018697739,0.5482065975666046,0.05776024051010609,0.10841704718768597,0.0,0.0,0.0,0.0,0.0,18473,global,0.0
3,1,lr1e-04_bs16_drop0p2_temp1p0_a0p25_b0p05__wd1e-04trmiss0_degmodglobal,16,0.0001,0.0001,0.2,1.0,0.25,0.05,lr1e-04_bs16_drop0p2_temp1p0_a0p25_b0p05__wd1e-04trmiss0_degmodglobal,47,0.6245534271001816,0.6890361309051514,0.5111111111111111,0.6563492063492063,0.5714285714285714,0.0,0.5728822201490402,0.6026946157217026,0.06288659572601318,0.12274346686899662,0.0,0.0,0.0,0.0,0.0,18473,global,0.0
3,1,lr1e-04_bs16_drop0p2_temp1p0_a0p25_b0p05__wd1e-04trmiss0_degmodglobal,16,0.0001,0.0001,0.2,1.0,0.25,0.05,lr1e-04_bs16_drop0p2_temp1p0_a0p25_b0p05__wd1e-04trmiss0_degmodglobal,48,0.5496521145105362,0.689447820186615,0.5111111111111111,0.6637566137566139,0.5714285714285714,0.0,0.5164298266172409,0.529766395688057,0.0573248453438282,0.11109047196805477,0.0,0.0,0.0,0.0,0.0,18473,global,0.0
3,1,lr1e-04_bs16_drop0p2_temp1p0_a0p25_b0p05__wd1e-04trmiss0_degmodglobal,16,0.0001,0.0001,0.2,1.0,0.25,0.05,lr1e-04_bs16_drop0p2_temp1p0_a0p25_b0p05__wd1e-04trmiss0_degmodglobal,49,0.5589854121208191,0.6871455311775208,0.5111111111111111,0.6563492063492063,0.5714285714285714,0.0,0.5250501036643982,0.5373560935258865,0.05955505836755037,0.134810671210289,0.0,0.0,0.0,0.0,0.0,18473,global,0.0
3,1,lr1e-04_bs16_drop0p2_temp1p0_a0p25_b0p05__wd1e-04trmiss0_degmodglobal,16,0.0001,0.0001,0.2,1.0,0.25,0.05,lr1e-04_bs16_drop0p2_temp1p0_a0p25_b0p05__wd1e-04trmiss0_degmodglobal,50,0.5858796983957291,0.6881974935531616,0.5111111111111111,0.6563492063492063,0.5714285714285714,0.0,0.5304971411824226,0.5668740570545197,0.05604985496029258,0.09986342675983906,0.0,0.0,0.0,0.0,0.0,18473,global,0.0
3,1,lr1e-04_bs16_drop0p2_temp1p0_a0p25_b0p05__wd1e-04trmiss0_degmodglobal,16,0.0001,0.0001,0.2,1.0,0.25,0.05,lr1e-04_bs16_drop0p2_temp1p0_a0p25_b0p05__wd1e-04trmiss0_degmodglobal,51,0.5226574093103409,0.6867450475692749,0.4888888888888888,0.6378306878306879,0.5714285714285714,0.0,0.5177820920944214,0.505616083741188,0.05474872514605522,0.06708288379013538,0.0,0.0,0.0,0.0,0.0,18473,global,0.0
3,1,lr1e-04_bs16_drop0p2_temp1p0_a0p25_b0p05__wd1e-04trmiss0_degmodglobal,16,0.0001,0.0001,0.2,1.0,0.25,0.05,lr1e-04_bs16_drop0p2_temp1p0_a0p25_b0p05__wd1e-04trmiss0_degmodglobal,52,0.6051353365182877,0.689531683921814,0.4888888888888888,0.6378306878306879,0.5714285714285714,0.0,0.5331776738166809,0.5836208462715149,0.06229794677346945,0.11880014091730118,0.0,0.0,0.0,0.0,0.0,18473,global,0.0
3,1,lr1e-04_bs16_drop0p2_temp2p0_a0p25_b0p05__wd1e-04trmiss0_degmodglobal,16,0.0001,0.0001,0.2,2.0,0.25,0.05,lr1e-04_bs16_drop0p2_temp2p0_a0p25_b0p05__wd1e-04trmiss0_degmodglobal,1,0.7131349742412567,0.6676132678985596,0.39999999999999997,0.6834326167659501,0.7142857142857143,0.0,0.6913092732429504,0.6927985548973083,0.04522215109318495,0.18061774596571922,0.0,0.0,0.0,0.0,0.0,18473,global,0.0
3,1,lr1e-04_bs16_drop0p2_temp2p0_a0p25_b0p05__wd1e-04trmiss0_degmodglobal,16,0.0001,0.0001,0.2,2.0,0.25,0.05,lr1e-04_bs16_drop0p2_temp2p0_a0p25_b0p05__wd1e-04trmiss0_degmodglobal,2,0.6874747276306152,0.6647376418113708,0.42222222222222217,0.6945437278770612,0.7142857142857143,0.0,0.6607660055160522,0.6718496829271317,0.03763647051528096,0.12431869748979807,0.0,0.0,0.0,0.0,0.0,18473,global,0.0
3,1,lr1e-04_bs16_drop0p2_temp2p0_a0p25_b0p05__wd1e-04trmiss0_degmodglobal,16,0.0001,0.0001,0.2,2.0,0.25,0.05,lr1e-04_bs16_drop0p2_temp2p0_a0p25_b0p05__wd1e-04trmiss0_degmodglobal,3,0.6452146470546722,0.6630426645278931,0.4666666666666667,0.7101962851962853,0.7142857142857143,0.0,0.6307695806026459,0.6220270544290543,0.05237700790166855,0.20186685398221016,0.0,0.0,0.0,0.0,0.0,18473,global,0.0
3,1,lr1e-04_bs16_drop0p2_temp2p0_a0p25_b0p05__wd1e-04trmiss0_degmodglobal,16,0.0001,0.0001,0.2,2.0,0.25,0.05,lr1e-04_bs16_drop0p2_temp2p0_a0p25_b0p05__wd1e-04trmiss0_degmodglobal,4,0.6205756068229675,0.6621316075325012,0.4888888888888889,0.7176036926036926,0.7142857142857143,0.0,0.6411328762769699,0.6038133800029755,0.03864945750683546,0.14199697598814964,0.0,0.0,0.0,0.0,0.0,18473,global,0.0
3,1,lr1e-04_bs16_drop0p2_temp2p0_a0p25_b0p05__wd1e-04trmiss0_degmodglobal,16,0.0001,0.0001,0.2,2.0,0.25,0.05,lr1e-04_bs16_drop0p2_temp2p0_a0p25_b0p05__wd1e-04trmiss0_degmodglobal,5,0.6147528886795044,0.6645103693008423,0.4888888888888889,0.7207782957782958,0.6428571428571429,0.0,0.5974439531564713,0.5979707092046738,0.04208846855908632,0.12520107068121433,0.0,0.0,0.0,0.0,0.0,18473,global,0.0
3,1,lr1e-04_bs16_drop0p2_temp2p0_a0p25_b0p05__wd1e-04trmiss0_degmodglobal,16,0.0001,0.0001,0.2,2.0,0.25,0.05,lr1e-04_bs16_drop0p2_temp2p0_a0p25_b0p05__wd1e-04trmiss0_degmodglobal,6,0.5822079628705978,0.6678129434585571,0.4888888888888889,0.7207782957782958,0.6428571428571429,0.0,0.5988099128007889,0.5642442256212234,0.04284754581749439,0.14503719471395016,0.0,0.0,0.0,0.0,0.0,18473,global,0.0
3,1,lr1e-04_bs16_drop0p2_temp2p0_a0p25_b0p05__wd1e-04trmiss0_degmodglobal,16,0.0001,0.0001,0.2,2.0,0.25,0.05,lr1e-04_bs16_drop0p2_temp2p0_a0p25_b0p05__wd1e-04trmiss0_degmodglobal,7,0.6141782253980637,0.6695343255996704,0.5111111111111111,0.7306989306989307,0.6428571428571429,0.0,0.6256405711174011,0.5961287617683411,0.049871614668518305,0.11163126397877932,0.0,0.0,0.0,0.0,0.0,18473,global,0.0
3,1,lr1e-04_bs16_drop0p2_temp2p0_a0p25_b0p05__wd1e-04trmiss0_degmodglobal,16,0.0001,0.0001,0.2,2.0,0.25,0.05,lr1e-04_bs16_drop0p2_temp2p0_a0p25_b0p05__wd1e-04trmiss0_degmodglobal,8,0.6268200725317001,0.6681613326072693,0.5111111111111111,0.701069301069301,0.6428571428571429,0.0,0.6078213602304459,0.6088706254959106,0.04608628246933222,0.1285576894879341,0.0,0.0,0.0,0.0,0.0,18473,global,0.0
3,1,lr1e-04_bs16_drop0p2_temp2p0_a0p25_b0p05__wd1e-04trmiss0_degmodglobal,16,0.0001,0.0001,0.2,2.0,0.25,0.05,lr1e-04_bs16_drop0p2_temp2p0_a0p25_b0p05__wd1e-04trmiss0_degmodglobal,9,0.5867160856723785,0.6706504225730896,0.5777777777777777,0.7396214896214897,0.5714285714285714,0.0,0.6192653775215149,0.5662812739610672,0.05191510729491711,0.1491206120699644,0.0,0.0,0.0,0.0,0.0,18473,global,0.0
3,1,lr1e-04_bs16_drop0p2_temp2p0_a0p25_b0p05__wd1e-04trmiss0_degmodglobal,16,0.0001,0.0001,0.2,2.0,0.25,0.05,lr1e-04_bs16_drop0p2_temp2p0_a0p25_b0p05__wd1e-04trmiss0_degmodglobal,10,0.5805342793464661,0.6698291301727295,0.5333333333333333,0.7148860398860399,0.5714285714285714,0.0,0.5583991557359695,0.5573602318763733,0.05766166374087334,0.17517301067709923,0.0,0.0,0.0,0.0,0.0,18473,global,0.0
3,1,lr1e-04_bs16_drop0p2_temp2p0_a0p25_b0p05__wd1e-04trmiss0_degmodglobal,16,0.0001,0.0001,0.2,2.0,0.25,0.05,lr1e-04_bs16_drop0p2_temp2p0_a0p25_b0p05__wd1e-04trmiss0_degmodglobal,11,0.584275871515274,0.6677404642105103,0.5111111111111111,0.6896214896214896,0.5714285714285714,0.0,0.555674821138382,0.5623681098222733,0.04997789580374956,0.18826604075729847,0.0,0.0,0.0,0.0,0.0,18473,global,0.0
3,1,lr1e-04_bs16_drop0p2_temp2p0_a0p25_b0p05__wd1e-04trmiss0_degmodglobal,16,0.0001,0.0001,0.2,2.0,0.25,0.05,lr1e-04_bs16_drop0p2_temp2p0_a0p25_b0p05__wd1e-04trmiss0_degmodglobal,12,0.579479843378067,0.6694644093513489,0.4888888888888888,0.6825507825507826,0.5714285714285714,0.0,0.6091907471418381,0.5571343004703522,0.05833049677312374,0.1552584059536457,0.0,0.0,0.0,0.0,0.0,18473,global,0.0
3,1,lr1e-04_bs16_drop0p2_temp2p0_a0p25_b0p05__wd1e-04trmiss0_degmodglobal,16,0.0001,0.0001,0.2,2.0,0.25,0.05,lr1e-04_bs16_drop0p2_temp2p0_a0p25_b0p05__wd1e-04trmiss0_degmodglobal,13,0.5831431299448013,0.6692745089530945,0.5333333333333333,0.7081400081400082,0.5714285714285714,0.0,0.5640913993120193,0.5622379034757614,0.054536874406039715,0.14542035199701786,0.0,0.0,0.0,0.0,0.0,18473,global,0.0
3,1,lr1e-04_bs16_drop0p2_temp2p0_a0p25_b0p05__wd1e-04trmiss0_degmodglobal,16,0.0001,0.0001,0.2,2.0,0.25,0.05,lr1e-04_bs16_drop0p2_temp2p0_a0p25_b0p05__wd1e-04trmiss0_degmodglobal,14,0.5817095637321472,0.6697872877120972,0.5111111111111111,0.6982193732193733,0.5714285714285714,0.0,0.5931249409914017,0.561599001288414,0.05115764867514372,0.1464227233082056,0.0,0.0,0.0,0.0,0.0,18473,global,0.0
3,1,lr1e-04_bs16_drop0p2_temp2p0_a0p25_b0p05__wd1e-04trmiss0_degmodglobal,16,0.0001,0.0001,0.2,2.0,0.25,0.05,lr1e-04_bs16_drop0p2_temp2p0_a0p25_b0p05__wd1e-04trmiss0_degmodglobal,15,0.5507907122373581,0.6677621006965637,0.4888888888888889,0.6797008547008547,0.5714285714285714,0.0,0.5698017776012421,0.5330048352479935,0.04578989837318659,0.12676787190139294,0.0,0.0,0.0,0.0,0.0,18473,global,0.0
3,1,lr1e-04_bs16_drop0p2_temp2p0_a0p25_b0p05__wd1e-04trmiss0_degmodglobal,16,0.0001,0.0001,0.2,2.0,0.25,0.05,lr1e-04_bs16_drop0p2_temp2p0_a0p25_b0p05__wd1e-04trmiss0_degmodglobal,16,0.5993658155202866,0.6668779850006104,0.5555555555555556,0.7248066748066748,0.5714285714285714,0.0,0.5717578083276749,0.5748767554759979,0.06510754022747278,0.164243433624506,0.0,0.0,0.0,0.0,0.0,18473,global,0.0
3,1,lr1e-04_bs16_drop0p2_temp2p0_a0p25_b0p05__wd1e-04trmiss0_degmodglobal,16,0.0001,0.0001,0.2,2.0,0.25,0.05,lr1e-04_bs16_drop0p2_temp2p0_a0p25_b0p05__wd1e-04trmiss0_degmodglobal,17,0.5478295683860779,0.6705683469772339,0.5111111111111111,0.7103285603285603,0.5714285714285714,0.0,0.5658086836338043,0.5278559178113937,0.04912822227925062,0.15383198857307434,0.0,0.0,0.0,0.0,0.0,18473,global,0.0
3,1,lr1e-04_bs16_drop0p2_temp2p0_a0p25_b0p05__wd1e-04trmiss0_degmodglobal,16,0.0001,0.0001,0.2,2.0,0.25,0.05,lr1e-04_bs16_drop0p2_temp2p0_a0p25_b0p05__wd1e-04trmiss0_degmodglobal,18,0.5629603713750839,0.6665152907371521,0.5111111111111111,0.7103285603285603,0.5714285714285714,0.0,0.5356267094612122,0.5416710823774338,0.057752422988414764,0.1370229898020625,0.0,0.0,0.0,0.0,0.0,18473,global,0.0
3,1,lr1e-04_bs16_drop0p2_temp2p0_a0p25_b0p05__wd1e-04trmiss0_degmodglobal,16,0.0001,0.0001,0.2,2.0,0.25,0.05,lr1e-04_bs16_drop0p2_temp2p0_a0p25_b0p05__wd1e-04trmiss0_degmodglobal,19,0.599476769566536,0.6664384603500366,0.5333333333333333,0.7226301476301475,0.5714285714285714,0.0,0.608480840921402,0.5819402784109116,0.04641795810312033,0.11864037159830332,0.0,0.0,0.0,0.0,0.0,18473,global,0.0
3,1,lr1e-04_bs16_drop0p2_temp2p0_a0p25_b0p05__wd1e-04trmiss0_degmodglobal,16,0.0001,0.0001,0.2,2.0,0.25,0.05,lr1e-04_bs16_drop0p2_temp2p0_a0p25_b0p05__wd1e-04trmiss0_degmodglobal,20,0.5569265931844711,0.6638740301132202,0.5333333333333333,0.7148860398860399,0.5714285714285714,0.0,0.5434275195002556,0.5302946045994759,0.06597907096147537,0.20274409279227257,0.0,0.0,0.0,0.0,0.0,18473,global,0.0
3,1,lr1e-04_bs16_drop0p2_temp2p0_a0p25_b0p05__wd1e-04trmiss0_degmodglobal,16,0.0001,0.0001,0.2,2.0,0.25,0.05,lr1e-04_bs16_drop0p2_temp2p0_a0p25_b0p05__wd1e-04trmiss0_degmodglobal,21,0.5852339118719101,0.6616170406341553,0.4888888888888889,0.6876373626373626,0.5714285714285714,0.0,0.5458279848098755,0.5603294670581818,0.06893025618046522,0.15343778766691685,0.0,0.0,0.0,0.0,0.0,18473,global,0.0
3,1,lr1e-04_bs16_drop0p2_temp2p0_a0p25_b0p05__wd1e-04trmiss0_degmodglobal,16,0.0001,0.0001,0.2,2.0,0.25,0.05,lr1e-04_bs16_drop0p2_temp2p0_a0p25_b0p05__wd1e-04trmiss0_degmodglobal,22,0.5888184905052185,0.6628848910331726,0.5111111111111111,0.6896214896214896,0.6428571428571429,0.0,0.5606689304113388,0.5686348080635071,0.05518525838851929,0.12774742394685745,0.0,0.0,0.0,0.0,0.0,18473,global,0.0
3,1,lr1e-04_bs16_drop0p2_temp2p0_a0p25_b0p05__wd1e-04trmiss0_degmodglobal,16,0.0001,0.0001,0.2,2.0,0.25,0.05,lr1e-04_bs16_drop0p2_temp2p0_a0p25_b0p05__wd1e-04trmiss0_degmodglobal,23,0.5764695852994919,0.6619322299957275,0.5111111111111111,0.6896214896214896,0.6428571428571429,0.0,0.5572832673788071,0.5495005548000336,0.07637503184378147,0.1575053483247757,0.0,0.0,0.0,0.0,0.0,18473,global,0.0
3,1,lr1e-04_bs16_drop0p2_temp2p0_a0p25_b0p05__wd1e-04trmiss0_degmodglobal,16,0.0001,0.0001,0.2,2.0,0.25,0.05,lr1e-04_bs16_drop0p2_temp2p0_a0p25_b0p05__wd1e-04trmiss0_degmodglobal,24,0.5505343228578568,0.6550456881523132,0.4888888888888889,0.6797008547008547,0.6428571428571429,0.0,0.5295622646808624,0.5236603617668152,0.07227959670126438,0.17608115077018738,0.0,0.0,0.0,0.0,0.0,18473,global,0.0
3,1,lr1e-04_bs16_drop0p2_temp2p0_a0p25_b0p05__wd1e-04trmiss0_degmodglobal,16,0.0001,0.0001,0.2,2.0,0.25,0.05,lr1e-04_bs16_drop0p2_temp2p0_a0p25_b0p05__wd1e-04trmiss0_degmodglobal,25,0.5431408435106277,0.6537427306175232,0.48888888888888893,0.7135632885632885,0.6428571428571429,0.0,0.5495438277721405,0.5182424038648605,0.07349475007504225,0.13049556873738766,0.0,0.0,0.0,0.0,0.0,18473,global,0.0
3,1,lr1e-04_bs16_drop0p2_temp2p0_a0p25_b0p05__wd1e-04trmiss0_degmodglobal,16,0.0001,0.0001,0.2,2.0,0.25,0.05,lr1e-04_bs16_drop0p2_temp2p0_a0p25_b0p05__wd1e-04trmiss0_degmodglobal,26,0.5581569820642471,0.6490475535392761,0.5111111111111111,0.7043040293040292,0.6428571428571429,0.0,0.5121898055076599,0.5359570682048798,0.059988779947161674,0.14405465126037598,0.0,0.0,0.0,0.0,0.0,18473,global,0.0
3,1,lr1e-04_bs16_drop0p2_temp2p0_a0p25_b0p05__wd1e-04trmiss0_degmodglobal,16,0.0001,0.0001,0.2,2.0,0.25,0.05,lr1e-04_bs16_drop0p2_temp2p0_a0p25_b0p05__wd1e-04trmiss0_degmodglobal,27,0.5502395033836365,0.6540433168411255,0.5555555555555556,0.7248066748066748,0.5714285714285714,0.0,0.5155757144093513,0.5282630622386932,0.0647039758041501,0.11600877530872822,0.0,0.0,0.0,0.0,0.0,18473,global,0.0
3,1,lr1e-04_bs16_drop0p2_temp2p0_a0p25_b0p05__wd1e-04trmiss0_degmodglobal,16,0.0001,0.0001,0.2,2.0,0.25,0.05,lr1e-04_bs16_drop0p2_temp2p0_a0p25_b0p05__wd1e-04trmiss0_degmodglobal,28,0.5195477530360222,0.6542288064956665,0.5555555555555556,0.6840659340659342,0.5714285714285714,0.0,0.5379471331834793,0.4981020987033844,0.06099874060600996,0.12391967885196209,0.0,0.0,0.0,0.0,0.0,18473,global,0.0
3,1,lr1e-04_bs16_drop0p2_temp2p0_a0p25_b0p05__wd1e-04trmiss0_degmodglobal,16,0.0001,0.0001,0.2,2.0,0.25,0.05,lr1e-04_bs16_drop0p2_temp2p0_a0p25_b0p05__wd1e-04trmiss0_degmodglobal,29,0.5627511441707611,0.6555039882659912,0.5555555555555556,0.6840659340659342,0.5714285714285714,0.0,0.5057931542396545,0.5398818403482437,0.06642184406518936,0.12527632154524326,0.0,0.0,0.0,0.0,0.0,18473,global,0.0
3,1,lr1e-04_bs16_drop0p4_temp1p0_a0p25_b0p05__wd1e-04trmiss0_degmodglobal,16,0.0001,0.0001,0.4,1.0,0.25,0.05,lr1e-04_bs16_drop0p4_temp1p0_a0p25_b0p05__wd1e-04trmiss0_degmodglobal,1,0.8289011567831039,0.706891655921936,0.5777777777777778,0.7408609908609909,0.5,0.0,0.6386502385139465,0.7795165181159973,0.09987093135714531,0.4883382022380829,0.0,0.0,0.0,0.0,0.0,18473,global,0.0
3,1,lr1e-04_bs16_drop0p4_temp1p0_a0p25_b0p05__wd1e-04trmiss0_degmodglobal,16,0.0001,0.0001,0.4,1.0,0.25,0.05,lr1e-04_bs16_drop0p4_temp1p0_a0p25_b0p05__wd1e-04trmiss0_degmodglobal,2,0.7252407371997833,0.699548065662384,0.5777777777777778,0.7473544973544974,0.5714285714285714,0.0,0.6519577503204346,0.674932524561882,0.10375481471419334,0.4873902350664139,0.0,0.0,0.0,0.0,0.0,18473,global,0.0
3,1,lr1e-04_bs16_drop0p4_temp1p0_a0p25_b0p05__wd1e-04trmiss0_degmodglobal,16,0.0001,0.0001,0.4,1.0,0.25,0.05,lr1e-04_bs16_drop0p4_temp1p0_a0p25_b0p05__wd1e-04trmiss0_degmodglobal,3,0.7497573494911194,0.6965286135673523,0.5333333333333333,0.7328763828763829,0.6428571428571429,0.0,0.6179862916469574,0.6839150637388229,0.14050966501235962,0.6142973899841309,0.0,0.0,0.0,0.0,0.0,18473,global,0.0
3,1,lr1e-04_bs16_drop0p4_temp1p0_a0p25_b0p05__wd1e-04trmiss0_degmodglobal,16,0.0001,0.0001,0.4,1.0,0.25,0.05,lr1e-04_bs16_drop0p4_temp1p0_a0p25_b0p05__wd1e-04trmiss0_degmodglobal,4,0.7177712619304657,0.7024286985397339,0.5555555555555555,0.7699134199134201,0.5714285714285714,0.0,0.5948036462068558,0.6578783690929413,0.14360890164971352,0.4798138365149498,0.0,0.0,0.0,0.0,0.0,18473,global,0.0
3,1,lr1e-04_bs16_drop0p4_temp1p0_a0p25_b0p05__wd1e-04trmiss0_degmodglobal,16,0.0001,0.0001,0.4,1.0,0.25,0.05,lr1e-04_bs16_drop0p4_temp1p0_a0p25_b0p05__wd1e-04trmiss0_degmodglobal,5,0.7240687012672424,0.705413281917572,0.5555555555555555,0.7844636844636845,0.5714285714285714,0.0,0.5510490387678146,0.6629276126623154,0.14207948185503483,0.5124244280159473,0.0,0.0,0.0,0.0,0.0,18473,global,0.0
3,1,lr1e-04_bs16_drop0p4_temp1p0_a0p25_b0p05__wd1e-04trmiss0_degmodglobal,16,0.0001,0.0001,0.4,1.0,0.25,0.05,lr1e-04_bs16_drop0p4_temp1p0_a0p25_b0p05__wd1e-04trmiss0_degmodglobal,6,0.7074920833110809,0.7127348184585571,0.5333333333333333,0.7566859066859069,0.5714285714285714,0.0,0.5702653527259827,0.6597358882427216,0.10637961886823177,0.4232257157564163,0.0,0.0,0.0,0.0,0.0,18473,global,0.0
3,1,lr1e-04_bs16_drop0p4_temp1p0_a0p25_b0p05__wd1e-04trmiss0_degmodglobal,16,0.0001,0.0001,0.4,1.0,0.25,0.05,lr1e-04_bs16_drop0p4_temp1p0_a0p25_b0p05__wd1e-04trmiss0_degmodglobal,7,0.688814789056778,0.7138951420783997,0.5777777777777777,0.7976911976911978,0.6428571428571429,0.0,0.5671386569738388,0.6207503527402878,0.1491614244878292,0.6154816821217537,0.0,0.0,0.0,0.0,0.0,18473,global,0.0
3,1,lr1e-04_bs16_drop0p4_temp1p0_a0p25_b0p05__wd1e-04trmiss0_degmodglobal,16,0.0001,0.0001,0.4,1.0,0.25,0.05,lr1e-04_bs16_drop0p4_temp1p0_a0p25_b0p05__wd1e-04trmiss0_degmodglobal,8,0.6601366847753525,0.7140496969223022,0.5777777777777777,0.7976911976911978,0.6428571428571429,0.0,0.5483898967504501,0.6119126528501511,0.11286224238574505,0.4001695066690445,0.0,0.0,0.0,0.0,0.0,18473,global,0.0
3,1,lr1e-04_bs16_drop0p4_temp1p0_a0p25_b0p05__wd1e-04trmiss0_degmodglobal,16,0.0001,0.0001,0.4,1.0,0.25,0.05,lr1e-04_bs16_drop0p4_temp1p0_a0p25_b0p05__wd1e-04trmiss0_degmodglobal,9,0.732826828956604,0.7165693640708923,0.5777777777777778,0.8142154142154143,0.6428571428571429,0.0,0.5345046669244766,0.6843928843736649,0.09582423605024815,0.48955775797367096,0.0,0.0,0.0,0.0,0.0,18473,global,0.0
3,1,lr1e-04_bs16_drop0p4_temp1p0_a0p25_b0p05__wd1e-04trmiss0_degmodglobal,16,0.0001,0.0001,0.4,1.0,0.25,0.05,lr1e-04_bs16_drop0p4_temp1p0_a0p25_b0p05__wd1e-04trmiss0_degmodglobal,10,0.681251049041748,0.7270128726959229,0.5111111111111111,0.741871091871092,0.5714285714285714,0.0,0.5326719880104065,0.6376777291297913,0.09950433764606714,0.3739442080259323,0.0,0.0,0.0,0.0,0.0,18473,global,0.0
3,1,lr1e-04_bs16_drop0p4_temp1p0_a0p25_b0p05__wd1e-04trmiss0_degmodglobal,16,0.0001,0.0001,0.4,1.0,0.25,0.05,lr1e-04_bs16_drop0p4_temp1p0_a0p25_b0p05__wd1e-04trmiss0_degmodglobal,11,0.6798140108585358,0.7335002422332764,0.4666666666666667,0.7152837902837903,0.42857142857142855,0.0,0.5328340902924538,0.6387200951576233,0.09607444331049919,0.3415060341358185,0.0,0.0,0.0,0.0,0.0,18473,global,0.0
3,1,lr1e-04_bs16_drop0p4_temp1p0_a0p25_b0p05__wd1e-04trmiss0_degmodglobal,16,0.0001,0.0001,0.4,1.0,0.25,0.05,lr1e-04_bs16_drop0p4_temp1p0_a0p25_b0p05__wd1e-04trmiss0_degmodglobal,12,0.690820962190628,0.7260960936546326,0.5333333333333333,0.7696488696488697,0.5,0.0,0.5393788889050484,0.6398722678422928,0.11685490235686302,0.4346993938088417,0.0,0.0,0.0,0.0,0.0,18473,global,0.0
3,1,lr1e-04_bs16_drop0p4_temp1p0_a0p25_b0p05__wd1e-04trmiss0_degmodglobal,16,0.0001,0.0001,0.4,1.0,0.25,0.05,lr1e-04_bs16_drop0p4_temp1p0_a0p25_b0p05__wd1e-04trmiss0_degmodglobal,13,0.7219535559415817,0.7217007279396057,0.6,0.8327339327339327,0.5,0.0,0.5230460688471794,0.6549228131771088,0.14874421432614326,0.5968940407037735,0.0,0.0,0.0,0.0,0.0,18473,global,0.0
3,1,lr1e-04_bs16_drop0p4_temp1p0_a0p25_b0p05__wd1e-04trmiss0_degmodglobal,16,0.0001,0.0001,0.4,1.0,0.25,0.05,lr1e-04_bs16_drop0p4_temp1p0_a0p25_b0p05__wd1e-04trmiss0_degmodglobal,14,0.63258957862854,0.710365355014801,0.6,0.8327339327339327,0.42857142857142855,0.0,0.5168634206056595,0.58833347260952,0.10058931075036526,0.3821753263473511,0.0,0.0,0.0,0.0,0.0,18473,global,0.0
3,1,lr1e-04_bs16_drop0p4_temp1p0_a0p25_b0p05__wd1e-04trmiss0_degmodglobal,16,0.0001,0.0001,0.4,1.0,0.25,0.05,lr1e-04_bs16_drop0p4_temp1p0_a0p25_b0p05__wd1e-04trmiss0_degmodglobal,15,0.6030309349298477,0.7069700360298157,0.5777777777777778,0.8142154142154143,0.5,0.0,0.5601034685969353,0.5573344379663467,0.1009428221732378,0.4092162847518921,0.0,0.0,0.0,0.0,0.0,18473,global,0.0
3,1,lr1e-04_bs16_drop0p4_temp1p0_a0p25_b0p05__wd1e-04trmiss0_degmodglobal,16,0.0001,0.0001,0.4,1.0,0.25,0.05,lr1e-04_bs16_drop0p4_temp1p0_a0p25_b0p05__wd1e-04trmiss0_degmodglobal,16,0.6495455205440521,0.7105210423469543,0.5555555555555555,0.7699134199134201,0.6428571428571429,0.0,0.5262060463428497,0.600723534822464,0.11093643307685852,0.4217575863003731,0.0,0.0,0.0,0.0,0.0,18473,global,0.0
3,1,lr1e-04_bs16_drop0p4_temp1p0_a0p25_b0p05__wd1e-04trmiss0_degmodglobal,16,0.0001,0.0001,0.4,1.0,0.25,0.05,lr1e-04_bs16_drop0p4_temp1p0_a0p25_b0p05__wd1e-04trmiss0_degmodglobal,17,0.6249769777059555,0.7117775678634644,0.5555555555555555,0.7699134199134201,0.6428571428571429,0.0,0.5590507313609123,0.5794377475976944,0.10385306924581528,0.39151955395936966,0.0,0.0,0.0,0.0,0.0,18473,global,0.0
3,1,lr1e-04_bs16_drop0p4_temp1p0_a0p25_b0p05__wd1e-04trmiss0_degmodglobal,16,0.0001,0.0001,0.4,1.0,0.25,0.05,lr1e-04_bs16_drop0p4_temp1p0_a0p25_b0p05__wd1e-04trmiss0_degmodglobal,18,0.6118161976337433,0.7076335549354553,0.5555555555555555,0.7699134199134201,0.6428571428571429,0.0,0.5606006532907486,0.5687590688467026,0.09322293475270271,0.3950277417898178,0.0,0.0,0.0,0.0,0.0,18473,global,0.0
3,1,lr1e-04_bs16_drop0p4_temp1p0_a0p25_b0p05__wd1e-04trmiss0_degmodglobal,16,0.0001,0.0001,0.4,1.0,0.25,0.05,lr1e-04_bs16_drop0p4_temp1p0_a0p25_b0p05__wd1e-04trmiss0_degmodglobal,19,0.614155501127243,0.703743577003479,0.5777777777777777,0.7976911976911978,0.5,0.0,0.5227620899677277,0.5671902298927307,0.10875747166574001,0.3955179452896118,0.0,0.0,0.0,0.0,0.0,18473,global,0.0
3,1,lr1e-04_bs16_drop0p4_temp1p0_a0p25_b0p05__wd1e-04trmiss0_degmodglobal,16,0.0001,0.0001,0.4,1.0,0.25,0.05,lr1e-04_bs16_drop0p4_temp1p0_a0p25_b0p05__wd1e-04trmiss0_degmodglobal,20,0.6122013926506042,0.6988449692726135,0.5555555555555556,0.8009879009879011,0.5,0.0,0.50015889108181,0.5510065853595734,0.13555842824280262,0.5461041554808617,0.0,0.0,0.0,0.0,0.0,18473,global,0.0
3,1,lr1e-04_bs16_drop0p4_temp1p0_a0p25_b0p05__wd1e-04trmiss0_degmodglobal,16,0.0001,0.0001,0.4,1.0,0.25,0.05,lr1e-04_bs16_drop0p4_temp1p0_a0p25_b0p05__wd1e-04trmiss0_degmodglobal,21,0.6030785143375397,0.6924440264701843,0.5555555555555556,0.8009879009879011,0.42857142857142855,0.0,0.5311439037322998,0.5595441907644272,0.10251503624022007,0.3581108935177326,0.0,0.0,0.0,0.0,0.0,18473,global,0.0
3,1,lr1e-04_bs16_drop0p4_temp1p0_a0p25_b0p05__wd1e-04trmiss0_degmodglobal,16,0.0001,0.0001,0.4,1.0,0.25,0.05,lr1e-04_bs16_drop0p4_temp1p0_a0p25_b0p05__wd1e-04trmiss0_degmodglobal,22,0.5883998423814774,0.678998589515686,0.5555555555555556,0.8009879009879011,0.5,0.0,0.4745792970061302,0.539942592382431,0.11371396481990814,0.4005752429366112,0.0,0.0,0.0,0.0,0.0,18473,global,0.0
3,1,lr1e-04_bs16_drop0p4_temp1p0_a0p25_b0p05__wd1e-04trmiss0_degmodglobal,16,0.0001,0.0001,0.4,1.0,0.25,0.05,lr1e-04_bs16_drop0p4_temp1p0_a0p25_b0p05__wd1e-04trmiss0_degmodglobal,23,0.6374567300081253,0.6777293682098389,0.5555555555555556,0.8009879009879011,0.5714285714285714,0.0,0.5068692341446877,0.5875294655561447,0.10820994339883327,0.45749589800834656,0.0,0.0,0.0,0.0,0.0,18473,global,0.0
3,1,lr1e-04_bs16_drop0p4_temp1p0_a0p25_b0p05__wd1e-04trmiss0_degmodglobal,16,0.0001,0.0001,0.4,1.0,0.25,0.05,lr1e-04_bs16_drop0p4_temp1p0_a0p25_b0p05__wd1e-04trmiss0_degmodglobal,24,0.5913523882627487,0.6833332777023315,0.5777777777777778,0.8083953083953084,0.5,0.0,0.5012238919734955,0.5345491841435432,0.13718611560761929,0.45013371855020523,0.0,0.0,0.0,0.0,0.0,18473,global,0.0
3,1,lr1e-04_bs16_drop0p4_temp1p0_a0p25_b0p05__wd1e-04trmiss0_degmodglobal,16,0.0001,0.0001,0.4,1.0,0.25,0.05,lr1e-04_bs16_drop0p4_temp1p0_a0p25_b0p05__wd1e-04trmiss0_degmodglobal,25,0.6225350052118301,0.685006856918335,0.5777777777777778,0.8083953083953084,0.5,0.0,0.489328071475029,0.5758376717567444,0.10200096014887094,0.42394208908081055,0.0,0.0,0.0,0.0,0.0,18473,global,0.0
3,1,lr1e-04_bs16_drop0p4_temp1p0_a0p25_b0p05__wd1e-04trmiss0_degmodglobal,16,0.0001,0.0001,0.4,1.0,0.25,0.05,lr1e-04_bs16_drop0p4_temp1p0_a0p25_b0p05__wd1e-04trmiss0_degmodglobal,26,0.6217375844717026,0.6862003207206726,0.5777777777777778,0.8083953083953084,0.5,0.0,0.5147148817777634,0.5696355700492859,0.12731522973626852,0.40546418353915215,0.0,0.0,0.0,0.0,0.0,18473,global,0.0
3,1,lr1e-04_bs16_drop0p4_temp1p0_a0p25_b0p05__wd1e-04trmiss0_degmodglobal,16,0.0001,0.0001,0.4,1.0,0.25,0.05,lr1e-04_bs16_drop0p4_temp1p0_a0p25_b0p05__wd1e-04trmiss0_degmodglobal,27,0.6179572343826294,0.6782618165016174,0.5777777777777778,0.8083953083953084,0.5,0.0,0.54388727247715,0.5731687992811203,0.11113672703504562,0.34008488804101944,0.0,0.0,0.0,0.0,0.0,18473,global,0.0
3,1,lr1e-04_bs16_drop0p4_temp1p0_a0p25_b0p05__wd1e-04trmiss0_degmodglobal,16,0.0001,0.0001,0.4,1.0,0.25,0.05,lr1e-04_bs16_drop0p4_temp1p0_a0p25_b0p05__wd1e-04trmiss0_degmodglobal,28,0.6121764630079269,0.677986204624176,0.5777777777777778,0.8083953083953084,0.5714285714285714,0.0,0.511366531252861,0.5585168153047562,0.11325209215283394,0.5069326013326645,0.0,0.0,0.0,0.0,0.0,18473,global,0.0
3,1,lr1e-04_bs16_drop0p4_temp1p0_a0p25_b0p05__wd1e-04trmiss0_degmodglobal,16,0.0001,0.0001,0.4,1.0,0.25,0.05,lr1e-04_bs16_drop0p4_temp1p0_a0p25_b0p05__wd1e-04trmiss0_degmodglobal,29,0.5866979956626892,0.6810682415962219,0.5555555555555556,0.8009879009879011,0.5714285714285714,0.0,0.539273202419281,0.5248264372348785,0.13144099339842796,0.5802263617515564,0.0,0.0,0.0,0.0,0.0,18473,global,0.0
3,1,lr1e-04_bs16_drop0p4_temp1p0_a0p25_b0p05__wd1e-04trmiss0_degmodglobal,16,0.0001,0.0001,0.4,1.0,0.25,0.05,lr1e-04_bs16_drop0p4_temp1p0_a0p25_b0p05__wd1e-04trmiss0_degmodglobal,30,0.6412167102098465,0.6831319332122803,0.5555555555555556,0.8009879009879011,0.5714285714285714,0.0,0.4705444499850273,0.5885872691869736,0.1105884537100792,0.4996464401483536,0.0,0.0,0.0,0.0,0.0,18473,global,0.0
3,1,lr1e-04_bs16_drop0p4_temp1p0_a0p25_b0p05__wd1e-04trmiss0_degmodglobal,16,0.0001,0.0001,0.4,1.0,0.25,0.05,lr1e-04_bs16_drop0p4_temp1p0_a0p25_b0p05__wd1e-04trmiss0_degmodglobal,31,0.5797142535448074,0.6819427013397217,0.5555555555555556,0.8009879009879011,0.5714285714285714,0.0,0.476163886487484,0.5371056348085403,0.09978935681283474,0.3532254248857498,0.0,0.0,0.0,0.0,0.0,18473,global,0.0
3,1,lr1e-04_bs16_drop0p4_temp1p0_a0p25_b0p05__wd1e-04trmiss0_degmodglobal,16,0.0001,0.0001,0.4,1.0,0.25,0.05,lr1e-04_bs16_drop0p4_temp1p0_a0p25_b0p05__wd1e-04trmiss0_degmodglobal,32,0.615417405962944,0.6796556711196899,0.5555555555555556,0.8009879009879011,0.5,0.0,0.47574684023857117,0.5525645688176155,0.14069555327296257,0.5535790845751762,0.0,0.0,0.0,0.0,0.0,18473,global,0.0
3,1,lr1e-04_bs16_drop0p4_temp1p0_a0p25_b0p05__wd1e-04trmiss0_degmodglobal,16,0.0001,0.0001,0.4,1.0,0.25,0.05,lr1e-04_bs16_drop0p4_temp1p0_a0p25_b0p05__wd1e-04trmiss0_degmodglobal,33,0.649516373872757,0.6823834776878357,0.5777777777777777,0.8066859066859067,0.5,0.0,0.49201397597789764,0.5944147780537605,0.12422935664653778,0.48088543862104416,0.0,0.0,0.0,0.0,0.0,18473,global,0.0
3,1,lr1e-04_bs16_drop0p4_temp1p0_a0p25_b0p05__wd1e-04trmiss0_degmodglobal,16,0.0001,0.0001,0.4,1.0,0.25,0.05,lr1e-04_bs16_drop0p4_temp1p0_a0p25_b0p05__wd1e-04trmiss0_degmodglobal,34,0.6377836316823959,0.6863304972648621,0.5777777777777777,0.8066859066859067,0.5,0.0,0.48133718222379684,0.5703712180256844,0.154275918379426,0.576868362724781,0.0,0.0,0.0,0.0,0.0,18473,global,0.0
3,1,lr1e-04_bs16_drop0p4_temp2p0_a0p25_b0p05__wd1e-04trmiss0_degmodglobal,16,0.0001,0.0001,0.4,2.0,0.25,0.05,lr1e-04_bs16_drop0p4_temp2p0_a0p25_b0p05__wd1e-04trmiss0_degmodglobal,1,0.6527149677276611,0.6199249625205994,0.8,0.897530864197531,0.7857142857142857,0.0,0.6732826977968216,0.625894770026207,0.07378428522497416,0.16748271882534027,0.0,0.0,0.0,0.0,0.0,18473,global,0.0
3,1,lr1e-04_bs16_drop0p4_temp2p0_a0p25_b0p05__wd1e-04trmiss0_degmodglobal,16,0.0001,0.0001,0.4,2.0,0.25,0.05,lr1e-04_bs16_drop0p4_temp2p0_a0p25_b0p05__wd1e-04trmiss0_degmodglobal,2,0.66383858025074,0.6180875897407532,0.8,0.897530864197531,0.7857142857142857,0.0,0.6287076324224472,0.6357609927654266,0.08632854465395212,0.12990875728428364,0.0,0.0,0.0,0.0,0.0,18473,global,0.0
3,1,lr1e-04_bs16_drop0p4_temp2p0_a0p25_b0p05__wd1e-04trmiss0_degmodglobal,16,0.0001,0.0001,0.4,2.0,0.25,0.05,lr1e-04_bs16_drop0p4_temp2p0_a0p25_b0p05__wd1e-04trmiss0_degmodglobal,3,0.6173559725284576,0.6187650561332703,0.8,0.897530864197531,0.7857142857142857,0.0,0.5832029283046722,0.5921299159526825,0.08030349016189575,0.10300404485315084,0.0,0.0,0.0,0.0,0.0,18473,global,0.0
3,1,lr1e-04_bs16_drop0p4_temp2p0_a0p25_b0p05__wd1e-04trmiss0_degmodglobal,16,0.0001,0.0001,0.4,2.0,0.25,0.05,lr1e-04_bs16_drop0p4_temp2p0_a0p25_b0p05__wd1e-04trmiss0_degmodglobal,4,0.6060643345117569,0.6201984286308289,0.7777777777777778,0.8911206077872746,0.7142857142857143,0.0,0.5686287507414818,0.5775528252124786,0.08408719673752785,0.14979394152760506,0.0,0.0,0.0,0.0,0.0,18473,global,0.0
3,1,lr1e-04_bs16_drop0p4_temp2p0_a0p25_b0p05__wd1e-04trmiss0_degmodglobal,16,0.0001,0.0001,0.4,2.0,0.25,0.05,lr1e-04_bs16_drop0p4_temp2p0_a0p25_b0p05__wd1e-04trmiss0_degmodglobal,5,0.5972070097923279,0.6201509237289429,0.7777777777777778,0.8790123456790127,0.6428571428571429,0.0,0.5904796272516251,0.5735248178243637,0.07249983306974173,0.11114517226815224,0.0,0.0,0.0,0.0,0.0,18473,global,0.0
3,1,lr1e-04_bs16_drop0p4_temp2p0_a0p25_b0p05__wd1e-04trmiss0_degmodglobal,16,0.0001,0.0001,0.4,2.0,0.25,0.05,lr1e-04_bs16_drop0p4_temp2p0_a0p25_b0p05__wd1e-04trmiss0_degmodglobal,6,0.646278589963913,0.6235174536705017,0.7111111111111111,0.8590267756934424,0.6428571428571429,0.0,0.594618409872055,0.6112741380929947,0.0876237228512764,0.2619704585522413,0.0,0.0,0.0,0.0,0.0,18473,global,0.0
3,1,lr1e-04_bs16_drop0p4_temp2p0_a0p25_b0p05__wd1e-04trmiss0_degmodglobal,16,0.0001,0.0001,0.4,2.0,0.25,0.05,lr1e-04_bs16_drop0p4_temp2p0_a0p25_b0p05__wd1e-04trmiss0_degmodglobal,7,0.6123480945825577,0.6266962289810181,0.711111111111111,0.8708112874779543,0.5714285714285714,0.0,0.5681382268667221,0.5854630768299103,0.07632450852543116,0.15607737936079502,0.0,0.0,0.0,0.0,0.0,18473,global,0.0
3,1,lr1e-04_bs16_drop0p4_temp2p0_a0p25_b0p05__wd1e-04trmiss0_degmodglobal,16,0.0001,0.0001,0.4,2.0,0.25,0.05,lr1e-04_bs16_drop0p4_temp2p0_a0p25_b0p05__wd1e-04trmiss0_degmodglobal,8,0.580015704035759,0.6344690322875977,0.6666666666666666,0.8436507936507938,0.5714285714285714,0.0,0.5817151665687561,0.5348574668169022,0.1216234564781189,0.29504768550395966,0.0,0.0,0.0,0.0,0.0,18473,global,0.0
3,1,lr1e-04_bs16_drop0p4_temp2p0_a0p25_b0p05__wd1e-04trmiss0_degmodglobal,16,0.0001,0.0001,0.4,2.0,0.25,0.05,lr1e-04_bs16_drop0p4_temp2p0_a0p25_b0p05__wd1e-04trmiss0_degmodglobal,9,0.5952901691198349,0.6302592158317566,0.7111111111111111,0.8689033189033191,0.5714285714285714,0.0,0.5257625430822372,0.5639406740665436,0.0915955537930131,0.1690124124288559,0.0,0.0,0.0,0.0,0.0,18473,global,0.0
3,1,lr1e-04_bs16_drop0p4_temp2p0_a0p25_b0p05__wd1e-04trmiss0_degmodglobal,16,0.0001,0.0001,0.4,2.0,0.25,0.05,lr1e-04_bs16_drop0p4_temp2p0_a0p25_b0p05__wd1e-04trmiss0_degmodglobal,10,0.5598680824041367,0.6285501718521118,0.7111111111111111,0.8689033189033191,0.5714285714285714,0.0,0.5606538206338882,0.5387494564056396,0.06487380340695381,0.09800348244607449,0.0,0.0,0.0,0.0,0.0,18473,global,0.0
3,1,lr1e-04_bs16_drop0p4_temp2p0_a0p25_b0p05__wd1e-04trmiss0_degmodglobal,16,0.0001,0.0001,0.4,2.0,0.25,0.05,lr1e-04_bs16_drop0p4_temp2p0_a0p25_b0p05__wd1e-04trmiss0_degmodglobal,11,0.549587070941925,0.6265053153038025,0.7111111111111111,0.8689033189033191,0.5714285714285714,0.0,0.5131492540240288,0.5230602324008942,0.0844806358218193,0.10813356004655361,0.0,0.0,0.0,0.0,0.0,18473,global,0.0
3,1,lr1e-04_bs16_drop0p4_temp2p0_a0p25_b0p05__wd1e-04trmiss0_degmodglobal,16,0.0001,0.0001,0.4,2.0,0.25,0.05,lr1e-04_bs16_drop0p4_temp2p0_a0p25_b0p05__wd1e-04trmiss0_degmodglobal,12,0.5939525216817856,0.6312982439994812,0.7111111111111111,0.8622895622895626,0.6428571428571429,0.0,0.5235726535320282,0.5517141073942184,0.11497394554316998,0.2698987443000078,0.0,0.0,0.0,0.0,0.0,18473,global,0.0
3,1,lr1e-04_bs16_drop0p4_temp2p0_a0p25_b0p05__wd1e-04trmiss0_degmodglobal,16,0.0001,0.0001,0.4,2.0,0.25,0.05,lr1e-04_bs16_drop0p4_temp2p0_a0p25_b0p05__wd1e-04trmiss0_degmodglobal,13,0.5720029473304749,0.6310967803001404,0.6888888888888889,0.8503848003848005,0.6428571428571429,0.0,0.5276214629411697,0.5437158197164536,0.07925249729305506,0.16947979852557182,0.0,0.0,0.0,0.0,0.0,18473,global,0.0
3,1,lr1e-04_bs16_drop0p4_temp2p0_a0p25_b0p05__wd1e-04trmiss0_degmodglobal,16,0.0001,0.0001,0.4,2.0,0.25,0.05,lr1e-04_bs16_drop0p4_temp2p0_a0p25_b0p05__wd1e-04trmiss0_degmodglobal,14,0.5855446457862854,0.6336342096328735,0.6888888888888889,0.8503848003848005,0.6428571428571429,0.0,0.5247150212526321,0.5527876317501068,0.09465254470705986,0.18187769129872322,0.0,0.0,0.0,0.0,0.0,18473,global,0.0
3,1,lr1e-04_bs16_drop0p4_temp2p0_a0p25_b0p05__wd1e-04trmiss0_degmodglobal,16,0.0001,0.0001,0.4,2.0,0.25,0.05,lr1e-04_bs16_drop0p4_temp2p0_a0p25_b0p05__wd1e-04trmiss0_degmodglobal,15,0.5313434302806854,0.634921669960022,0.6888888888888889,0.8503848003848005,0.6428571428571429,0.0,0.49874990433454514,0.5044935941696167,0.08827941492199898,0.09560005832463503,0.0,0.0,0.0,0.0,0.0,18473,global,0.0
3,1,lr1e-04_bs16_drop0p4_temp2p0_a0p25_b0p05__wd1e-04trmiss0_degmodglobal,16,0.0001,0.0001,0.4,2.0,0.25,0.05,lr1e-04_bs16_drop0p4_temp2p0_a0p25_b0p05__wd1e-04trmiss0_degmodglobal,16,0.5719906836748123,0.6333515048027039,0.6666666666666666,0.8411255411255414,0.6428571428571429,0.0,0.48493973165750504,0.5323807075619698,0.11368598230183125,0.2237696871161461,0.0,0.0,0.0,0.0,0.0,18473,global,0.0
3,1,lr1e-04_bs16_drop0p4_temp2p0_a0p25_b0p05__wd1e-04trmiss0_degmodglobal,16,0.0001,0.0001,0.4,2.0,0.25,0.05,lr1e-04_bs16_drop0p4_temp2p0_a0p25_b0p05__wd1e-04trmiss0_degmodglobal,17,0.5585687011480331,0.6307402849197388,0.6666666666666666,0.8411255411255414,0.6428571428571429,0.0,0.5468209981918335,0.5282438546419144,0.0853467769920826,0.17976336926221848,0.0,0.0,0.0,0.0,0.0,18473,global,0.0
3,1,lr1e-04_bs16_drop0p4_temp2p0_a0p25_b0p05__wd1e-04trmiss0_degmodglobal,16,0.0001,0.0001,0.4,2.0,0.25,0.05,lr1e-04_bs16_drop0p4_temp2p0_a0p25_b0p05__wd1e-04trmiss0_degmodglobal,18,0.5494917929172516,0.6298434734344482,0.6888888888888889,0.8466200466200469,0.6428571428571429,0.0,0.5238672345876694,0.5139066129922867,0.10125988721847534,0.2054041400551796,0.0,0.0,0.0,0.0,0.0,18473,global,0.0
3,1,lr1e-04_bs16_drop0p4_temp2p0_a0p25_b0p05__wd1e-04trmiss0_degmodglobal,16,0.0001,0.0001,0.4,2.0,0.25,0.05,lr1e-04_bs16_drop0p4_temp2p0_a0p25_b0p05__wd1e-04trmiss0_degmodglobal,19,0.5617199689149857,0.6322542428970337,0.6888888888888889,0.8466200466200469,0.6428571428571429,0.0,0.512937106192112,0.5324893668293953,0.08819112088531256,0.1436562924645841,0.0,0.0,0.0,0.0,0.0,18473,global,0.0
3,1,lr1e-04_bs16_drop0p4_temp2p0_a0p25_b0p05__wd1e-04trmiss0_degmodglobal,16,0.0001,0.0001,0.4,2.0,0.25,0.05,lr1e-04_bs16_drop0p4_temp2p0_a0p25_b0p05__wd1e-04trmiss0_degmodglobal,20,0.5302644222974777,0.631860077381134,0.6888888888888889,0.8466200466200469,0.6428571428571429,0.0,0.4846799895167351,0.49761416018009186,0.09914206154644489,0.15729536954313517,0.0,0.0,0.0,0.0,0.0,18473,global,0.0
3,1,lr1e-04_bs16_drop0p4_temp2p0_a0p25_b0p05__wd1e-04trmiss0_degmodglobal,16,0.0001,0.0001,0.4,2.0,0.25,0.05,lr1e-04_bs16_drop0p4_temp2p0_a0p25_b0p05__wd1e-04trmiss0_degmodglobal,21,0.5714425295591354,0.6315776705741882,0.6888888888888889,0.8466200466200469,0.6428571428571429,0.0,0.5130899101495743,0.540764182806015,0.08727544918656349,0.17718974873423576,0.0,0.0,0.0,0.0,0.0,18473,global,0.0
3,1,lr1e-04_bs16_drop0p4_temp2p0_a0p25_b0p05__wd1e-04trmiss0_degmodglobal,16,0.0001,0.0001,0.4,2.0,0.25,0.05,lr1e-04_bs16_drop0p4_temp2p0_a0p25_b0p05__wd1e-04trmiss0_degmodglobal,22,0.5339788794517517,0.6318398714065552,0.7111111111111111,0.8558793058793059,0.6428571428571429,0.0,0.5347414463758469,0.4989292249083519,0.09950247779488564,0.20348084717988968,0.0,0.0,0.0,0.0,0.0,18473,global,0.0
3,1,lr1e-04_bs16_drop0p4_temp2p0_a0p25_b0p05__wd1e-04trmiss0_degmodglobal,16,0.0001,0.0001,0.4,2.0,0.25,0.05,lr1e-04_bs16_drop0p4_temp2p0_a0p25_b0p05__wd1e-04trmiss0_degmodglobal,23,0.5308949202299118,0.629956841468811,0.7111111111111111,0.8558793058793059,0.7142857142857143,0.0,0.5000590458512306,0.5023585855960846,0.08504851162433624,0.14548418670892715,0.0,0.0,0.0,0.0,0.0,18473,global,0.0
3,1,lr1e-04_bs16_drop0p4_temp2p0_a0p25_b0p05__wd1e-04trmiss0_degmodglobal,16,0.0001,0.0001,0.4,2.0,0.25,0.05,lr1e-04_bs16_drop0p4_temp2p0_a0p25_b0p05__wd1e-04trmiss0_degmodglobal,24,0.5154574364423752,0.625531017780304,0.6888888888888889,0.8426517926517927,0.7142857142857143,0.0,0.5084540024399757,0.48769769072532654,0.07328215427696705,0.18878411315381527,0.0,0.0,0.0,0.0,0.0,18473,global,0.0
3,1,lr1e-04_bs16_drop0p4_temp2p0_a0p25_b0p05__wd1e-04trmiss0_degmodglobal,16,0.0001,0.0001,0.4,2.0,0.25,0.05,lr1e-04_bs16_drop0p4_temp2p0_a0p25_b0p05__wd1e-04trmiss0_degmodglobal,25,0.5494999513030052,0.6264612078666687,0.6888888888888889,0.8426517926517927,0.7142857142857143,0.0,0.5221907645463943,0.5166072025895119,0.10124740935862064,0.15161821991205215,0.0,0.0,0.0,0.0,0.0,18473,global,0.0
3,1,lr5e-05_bs16_drop0p2_temp1p0_a0p25_b0p05__wd1e-04trmiss0_degmodglobal,16,5e-05,0.0001,0.2,1.0,0.25,0.05,lr5e-05_bs16_drop0p2_temp1p0_a0p25_b0p05__wd1e-04trmiss0_degmodglobal,1,0.6513365507125854,0.6445989608764648,0.8,0.8865881032547702,0.7142857142857143,0.0,0.7129029631614685,0.6334294974803925,0.05003750137984753,0.10795383714139462,0.0,0.0,0.0,0.0,0.0,18473,global,0.0
3,1,lr5e-05_bs16_drop0p2_temp1p0_a0p25_b0p05__wd1e-04trmiss0_degmodglobal,16,5e-05,0.0001,0.2,1.0,0.25,0.05,lr5e-05_bs16_drop0p2_temp1p0_a0p25_b0p05__wd1e-04trmiss0_degmodglobal,2,0.6288271993398666,0.6401904225349426,0.8,0.897530864197531,0.7142857142857143,0.0,0.685777559876442,0.6124503910541534,0.043463464826345444,0.1102188229560852,0.0,0.0,0.0,0.0,0.0,18473,global,0.0
3,1,lr5e-05_bs16_drop0p2_temp1p0_a0p25_b0p05__wd1e-04trmiss0_degmodglobal,16,5e-05,0.0001,0.2,1.0,0.25,0.05,lr5e-05_bs16_drop0p2_temp1p0_a0p25_b0p05__wd1e-04trmiss0_degmodglobal,3,0.6107975542545319,0.6418179273605347,0.8,0.8762706429373097,0.7142857142857143,0.0,0.659784197807312,0.5981476157903671,0.036228643730282784,0.0718557988293469,0.0,0.0,0.0,0.0,0.0,18473,global,0.0
3,1,lr5e-05_bs16_drop0p2_temp1p0_a0p25_b0p05__wd1e-04trmiss0_degmodglobal,16,5e-05,0.0001,0.2,1.0,0.25,0.05,lr5e-05_bs16_drop0p2_temp1p0_a0p25_b0p05__wd1e-04trmiss0_degmodglobal,4,0.6318148672580719,0.6405707597732544,0.7777777777777778,0.8733605900272567,0.7142857142857143,0.0,0.659667581319809,0.6128209084272385,0.0465532261878252,0.1471132542937994,0.0,0.0,0.0,0.0,0.0,18473,global,0.0
3,1,lr5e-05_bs16_drop0p2_temp1p0_a0p25_b0p05__wd1e-04trmiss0_degmodglobal,16,5e-05,0.0001,0.2,1.0,0.25,0.05,lr5e-05_bs16_drop0p2_temp1p0_a0p25_b0p05__wd1e-04trmiss0_degmodglobal,5,0.5997377634048462,0.6390742063522339,0.7333333333333333,0.8233605900272567,0.7142857142857143,0.0,0.621744379401207,0.5838388204574585,0.043750268407166004,0.09922751970589161,0.0,0.0,0.0,0.0,0.0,18473,global,0.0
3,1,lr5e-05_bs16_drop0p2_temp1p0_a0p25_b0p05__wd1e-04trmiss0_degmodglobal,16,5e-05,0.0001,0.2,1.0,0.25,0.05,lr5e-05_bs16_drop0p2_temp1p0_a0p25_b0p05__wd1e-04trmiss0_degmodglobal,6,0.5930466949939728,0.6386888027191162,0.7333333333333333,0.8233605900272567,0.6428571428571429,0.0,0.6194217801094055,0.5808311551809311,0.03624182567000389,0.06310226861387491,0.0,0.0,0.0,0.0,0.0,18473,global,0.0
3,1,lr5e-05_bs16_drop0p2_temp1p0_a0p25_b0p05__wd1e-04trmiss0_degmodglobal,16,5e-05,0.0001,0.2,1.0,0.25,0.05,lr5e-05_bs16_drop0p2_temp1p0_a0p25_b0p05__wd1e-04trmiss0_degmodglobal,7,0.5982424318790436,0.6361814737319946,0.7333333333333333,0.8233605900272567,0.6428571428571429,0.0,0.6202132403850555,0.58345927298069,0.04032575432211161,0.09403436537832022,0.0,0.0,0.0,0.0,0.0,18473,global,0.0
3,1,lr5e-05_bs16_drop0p2_temp1p0_a0p25_b0p05__wd1e-04trmiss0_degmodglobal,16,5e-05,0.0001,0.2,1.0,0.25,0.05,lr5e-05_bs16_drop0p2_temp1p0_a0p25_b0p05__wd1e-04trmiss0_degmodglobal,8,0.6077699512243271,0.6301008462905884,0.7333333333333333,0.8233605900272567,0.6428571428571429,0.0,0.6160238683223724,0.5971603095531464,0.027417744509875774,0.07510426081717014,0.0,0.0,0.0,0.0,0.0,18473,global,0.0
3,1,lr5e-05_bs16_drop0p2_temp1p0_a0p25_b0p05__wd1e-04trmiss0_degmodglobal,16,5e-05,0.0001,0.2,1.0,0.25,0.05,lr5e-05_bs16_drop0p2_temp1p0_a0p25_b0p05__wd1e-04trmiss0_degmodglobal,9,0.5985396355390549,0.6244218945503235,0.8,0.8762706429373097,0.6428571428571429,0.0,0.6095386892557144,0.5855492055416107,0.038680353201925755,0.06640686746686697,0.0,0.0,0.0,0.0,0.0,18473,global,0.0
3,1,lr5e-05_bs16_drop0p2_temp1p0_a0p25_b0p05__wd1e-04trmiss0_degmodglobal,16,5e-05,0.0001,0.2,1.0,0.25,0.05,lr5e-05_bs16_drop0p2_temp1p0_a0p25_b0p05__wd1e-04trmiss0_degmodglobal,10,0.5774015486240387,0.623015820980072,0.8,0.8762706429373097,0.6428571428571429,0.0,0.6032569110393524,0.5655182898044586,0.03530141431838274,0.06115827802568674,0.0,0.0,0.0,0.0,0.0,18473,global,0.0
3,1,lr5e-05_bs16_drop0p2_temp1p0_a0p25_b0p05__wd1e-04trmiss0_degmodglobal,16,5e-05,0.0001,0.2,1.0,0.25,0.05,lr5e-05_bs16_drop0p2_temp1p0_a0p25_b0p05__wd1e-04trmiss0_degmodglobal,11,0.5723259747028351,0.6218657493591309,0.8444444444444444,0.8969496552829888,0.6428571428571429,0.0,0.6150434911251068,0.5586802661418915,0.03898068005219102,0.07801039516925812,0.0,0.0,0.0,0.0,0.0,18473,global,0.0
3,1,lr5e-05_bs16_drop0p2_temp1p0_a0p25_b0p05__wd1e-04trmiss0_degmodglobal,16,5e-05,0.0001,0.2,1.0,0.25,0.05,lr5e-05_bs16_drop0p2_temp1p0_a0p25_b0p05__wd1e-04trmiss0_degmodglobal,12,0.5525336265563965,0.6230970621109009,0.8444444444444444,0.8969496552829888,0.6428571428571429,0.0,0.5969641357660294,0.5393487811088562,0.03777454001829028,0.074824133887887,0.0,0.0,0.0,0.0,0.0,18473,global,0.0
3,1,lr5e-05_bs16_drop0p2_temp1p0_a0p25_b0p05__wd1e-04trmiss0_degmodglobal,16,5e-05,0.0001,0.2,1.0,0.25,0.05,lr5e-05_bs16_drop0p2_temp1p0_a0p25_b0p05__wd1e-04trmiss0_degmodglobal,13,0.56959368288517,0.6172006130218506,0.8666666666666667,0.9060405643738978,0.6428571428571429,0.0,0.5970178097486496,0.5535780936479568,0.04258548654615879,0.10738419555127621,0.0,0.0,0.0,0.0,0.0,18473,global,0.0
3,1,lr5e-05_bs16_drop0p2_temp1p0_a0p25_b0p05__wd1e-04trmiss0_degmodglobal,16,5e-05,0.0001,0.2,1.0,0.25,0.05,lr5e-05_bs16_drop0p2_temp1p0_a0p25_b0p05__wd1e-04trmiss0_degmodglobal,14,0.5399788916110992,0.6173470616340637,0.8444444444444444,0.8782627865961201,0.6428571428571429,0.0,0.5523159801959991,0.5235077738761902,0.04479830898344517,0.10543105378746986,0.0,0.0,0.0,0.0,0.0,18473,global,0.0
3,1,lr5e-05_bs16_drop0p2_temp1p0_a0p25_b0p05__wd1e-04trmiss0_degmodglobal,16,5e-05,0.0001,0.2,1.0,0.25,0.05,lr5e-05_bs16_drop0p2_temp1p0_a0p25_b0p05__wd1e-04trmiss0_degmodglobal,15,0.545125350356102,0.6198570728302002,0.8444444444444444,0.8782627865961201,0.6428571428571429,0.0,0.5797637701034546,0.5283072143793106,0.04573607165366411,0.1076824702322483,0.0,0.0,0.0,0.0,0.0,18473,global,0.0
3,1,lr5e-05_bs16_drop0p2_temp1p0_a0p25_b0p05__wd1e-04trmiss0_degmodglobal,16,5e-05,0.0001,0.2,1.0,0.25,0.05,lr5e-05_bs16_drop0p2_temp1p0_a0p25_b0p05__wd1e-04trmiss0_degmodglobal,16,0.5449606627225876,0.6228703260421753,0.8222222222222222,0.8691718775052109,0.6428571428571429,0.0,0.5607411563396454,0.5303377956151962,0.045885137282311916,0.06303175073117018,0.0,0.0,0.0,0.0,0.0,18473,global,0.0
3,1,lr5e-05_bs16_drop0p2_temp1p0_a0p25_b0p05__wd1e-04trmiss0_degmodglobal,16,5e-05,0.0001,0.2,1.0,0.25,0.05,lr5e-05_bs16_drop0p2_temp1p0_a0p25_b0p05__wd1e-04trmiss0_degmodglobal,17,0.5447479635477066,0.619644045829773,0.8666666666666667,0.9060405643738978,0.6428571428571429,0.0,0.5619947910308838,0.5309785753488541,0.0420293053612113,0.06524137035012245,0.0,0.0,0.0,0.0,0.0,18473,global,0.0
3,1,lr5e-05_bs16_drop0p2_temp1p0_a0p25_b0p05__wd1e-04trmiss0_degmodglobal,16,5e-05,0.0001,0.2,1.0,0.25,0.05,lr5e-05_bs16_drop0p2_temp1p0_a0p25_b0p05__wd1e-04trmiss0_degmodglobal,18,0.5502738952636719,0.6094968318939209,0.8222222222222222,0.9172278338945008,0.6428571428571429,0.0,0.6027201116085052,0.530102089047432,0.05228799115866423,0.14199622720479965,0.0,0.0,0.0,0.0,0.0,18473,global,0.0
3,1,lr5e-05_bs16_drop0p2_temp1p0_a0p25_b0p05__wd1e-04trmiss0_degmodglobal,16,5e-05,0.0001,0.2,1.0,0.25,0.05,lr5e-05_bs16_drop0p2_temp1p0_a0p25_b0p05__wd1e-04trmiss0_degmodglobal,19,0.5094877332448959,0.6096976399421692,0.8222222222222222,0.9172278338945008,0.6428571428571429,0.0,0.5721512734889984,0.49088315665721893,0.05003743339329958,0.12190447747707367,0.0,0.0,0.0,0.0,0.0,18473,global,0.0
3,1,lr5e-05_bs16_drop0p2_temp1p0_a0p25_b0p05__wd1e-04trmiss0_degmodglobal,16,5e-05,0.0001,0.2,1.0,0.25,0.05,lr5e-05_bs16_drop0p2_temp1p0_a0p25_b0p05__wd1e-04trmiss0_degmodglobal,20,0.5544431209564209,0.6097999811172485,0.8444444444444444,0.9170113836780505,0.6428571428571429,0.0,0.5712917596101761,0.5385897681117058,0.039421739522367716,0.1199584100395441,0.0,0.0,0.0,0.0,0.0,18473,global,0.0
3,1,lr5e-05_bs16_drop0p2_temp1p0_a0p25_b0p05__wd1e-04trmiss0_degmodglobal,16,5e-05,0.0001,0.2,1.0,0.25,0.05,lr5e-05_bs16_drop0p2_temp1p0_a0p25_b0p05__wd1e-04trmiss0_degmodglobal,21,0.563912108540535,0.6131041049957275,0.8222222222222222,0.8984928651595321,0.6428571428571429,0.0,0.5655698925256729,0.5414787381887436,0.06057830713689327,0.14577599428594112,0.0,0.0,0.0,0.0,0.0,18473,global,0.0
3,1,lr5e-05_bs16_drop0p2_temp1p0_a0p25_b0p05__wd1e-04trmiss0_degmodglobal,16,5e-05,0.0001,0.2,1.0,0.25,0.05,lr5e-05_bs16_drop0p2_temp1p0_a0p25_b0p05__wd1e-04trmiss0_degmodglobal,22,0.5329516753554344,0.6178015470504761,0.8,0.8909171075837745,0.6428571428571429,0.0,0.5798723697662354,0.5194446891546249,0.03980643628165126,0.07110762735828757,0.0,0.0,0.0,0.0,0.0,18473,global,0.0
3,1,lr5e-05_bs16_drop0p2_temp1p0_a0p25_b0p05__wd1e-04trmiss0_degmodglobal,16,5e-05,0.0001,0.2,1.0,0.25,0.05,lr5e-05_bs16_drop0p2_temp1p0_a0p25_b0p05__wd1e-04trmiss0_degmodglobal,23,0.5686779171228409,0.6158451437950134,0.8,0.9013548180214848,0.6428571428571429,0.0,0.5816885977983475,0.5526144057512283,0.0458098272792995,0.09222079440951347,0.0,0.0,0.0,0.0,0.0,18473,global,0.0
3,1,lr5e-05_bs16_drop0p2_temp1p0_a0p25_b0p05__wd1e-04trmiss0_degmodglobal,16,5e-05,0.0001,0.2,1.0,0.25,0.05,lr5e-05_bs16_drop0p2_temp1p0_a0p25_b0p05__wd1e-04trmiss0_degmodglobal,24,0.522217720746994,0.6103066205978394,0.8222222222222222,0.9172278338945008,0.6428571428571429,0.0,0.5512586385011673,0.5032050088047981,0.056760855950415134,0.09645026549696922,0.0,0.0,0.0,0.0,0.0,18473,global,0.0
3,1,lr5e-05_bs16_drop0p2_temp1p0_a0p25_b0p05__wd1e-04trmiss0_degmodglobal,16,5e-05,0.0001,0.2,1.0,0.25,0.05,lr5e-05_bs16_drop0p2_temp1p0_a0p25_b0p05__wd1e-04trmiss0_degmodglobal,25,0.5413835197687149,0.6076313257217407,0.8,0.9108175774842442,0.6428571428571429,0.0,0.5307977050542831,0.5273438692092896,0.044258435256779194,0.059500815346837044,0.0,0.0,0.0,0.0,0.0,18473,global,0.0
3,1,lr5e-05_bs16_drop0p2_temp1p0_a0p25_b0p05__wd1e-04trmiss0_degmodglobal,16,5e-05,0.0001,0.2,1.0,0.25,0.05,lr5e-05_bs16_drop0p2_temp1p0_a0p25_b0p05__wd1e-04trmiss0_degmodglobal,26,0.5124538764357567,0.6147989630699158,0.7777777777777778,0.9021756021756022,0.6428571428571429,0.0,0.5500950664281845,0.4936898499727249,0.05381251126527786,0.10621787514537573,0.0,0.0,0.0,0.0,0.0,18473,global,0.0
3,1,lr5e-05_bs16_drop0p2_temp1p0_a0p25_b0p05__wd1e-04trmiss0_degmodglobal,16,5e-05,0.0001,0.2,1.0,0.25,0.05,lr5e-05_bs16_drop0p2_temp1p0_a0p25_b0p05__wd1e-04trmiss0_degmodglobal,27,0.5299471616744995,0.6214563250541687,0.7333333333333333,0.867784067784068,0.6428571428571429,0.0,0.5642274618148804,0.510481171309948,0.05071324948221445,0.1357533074915409,0.0,0.0,0.0,0.0,0.0,18473,global,0.0
3,1,lr5e-05_bs16_drop0p2_temp1p0_a0p25_b0p05__wd1e-04trmiss0_degmodglobal,16,5e-05,0.0001,0.2,1.0,0.25,0.05,lr5e-05_bs16_drop0p2_temp1p0_a0p25_b0p05__wd1e-04trmiss0_degmodglobal,28,0.49847669154405594,0.6243288516998291,0.7111111111111111,0.8530303030303032,0.6428571428571429,0.0,0.5670516192913055,0.47831006348133087,0.05307802138850093,0.1379426335915923,0.0,0.0,0.0,0.0,0.0,18473,global,0.0
3,1,lr5e-05_bs16_drop0p2_temp1p0_a0p25_b0p05__wd1e-04trmiss0_degmodglobal,16,5e-05,0.0001,0.2,1.0,0.25,0.05,lr5e-05_bs16_drop0p2_temp1p0_a0p25_b0p05__wd1e-04trmiss0_degmodglobal,29,0.5093623474240303,0.6216654181480408,0.7111111111111111,0.8530303030303032,0.6428571428571429,0.0,0.5461436361074448,0.49483778327703476,0.046084530651569366,0.060068922117352486,0.0,0.0,0.0,0.0,0.0,18473,global,0.0
3,1,lr5e-05_bs16_drop0p2_temp1p0_a0p25_b0p05__wd1e-04trmiss0_degmodglobal,16,5e-05,0.0001,0.2,1.0,0.25,0.05,lr5e-05_bs16_drop0p2_temp1p0_a0p25_b0p05__wd1e-04trmiss0_degmodglobal,30,0.5042248666286469,0.6194044947624207,0.7333333333333334,0.8622895622895626,0.6428571428571429,0.0,0.5326343029737473,0.49343499541282654,0.031079564709216356,0.06039980938658118,0.0,0.0,0.0,0.0,0.0,18473,global,0.0
3,1,lr5e-05_bs16_drop0p2_temp1p0_a0p25_b0p05__wd1e-04trmiss0_degmodglobal,16,5e-05,0.0001,0.2,1.0,0.25,0.05,lr5e-05_bs16_drop0p2_temp1p0_a0p25_b0p05__wd1e-04trmiss0_degmodglobal,31,0.5068908780813217,0.6194831728935242,0.7111111111111111,0.8676638176638178,0.6428571428571429,0.0,0.5453918278217316,0.49144960939884186,0.04462510533630848,0.0857000108808279,0.0,0.0,0.0,0.0,0.0,18473,global,0.0
3,1,lr5e-05_bs16_drop0p2_temp1p0_a0p25_b0p05__wd1e-04trmiss0_degmodglobal,16,5e-05,0.0001,0.2,1.0,0.25,0.05,lr5e-05_bs16_drop0p2_temp1p0_a0p25_b0p05__wd1e-04trmiss0_degmodglobal,32,0.5167103707790375,0.6140560507774353,0.7777777777777777,0.8927128427128428,0.6428571428571429,0.0,0.5681991130113602,0.4998195469379425,0.04895935580134392,0.09301975928246975,0.0,0.0,0.0,0.0,0.0,18473,global,0.0
3,1,lr5e-05_bs16_drop0p2_temp1p0_a0p25_b0p05__wd1e-04trmiss0_degmodglobal,16,5e-05,0.0001,0.2,1.0,0.25,0.05,lr5e-05_bs16_drop0p2_temp1p0_a0p25_b0p05__wd1e-04trmiss0_degmodglobal,33,0.4907552972435951,0.6131809949874878,0.7777777777777777,0.8927128427128428,0.6428571428571429,0.0,0.5251682177186012,0.4745614603161812,0.05152235273271799,0.06626520399004221,0.0,0.0,0.0,0.0,0.0,18473,global,0.0
3,1,lr5e-05_bs16_drop0p2_temp2p0_a0p25_b0p05__wd1e-04trmiss0_degmodglobal,16,5e-05,0.0001,0.2,2.0,0.25,0.05,lr5e-05_bs16_drop0p2_temp2p0_a0p25_b0p05__wd1e-04trmiss0_degmodglobal,1,0.7173181772232056,0.7186765074729919,0.3555555555555555,0.5824795574795576,0.2857142857142857,0.0,0.7029364258050919,0.698092445731163,0.04476523585617542,0.16068852320313454,0.0,0.0,0.0,0.0,0.0,18473,global,0.0
3,1,lr5e-05_bs16_drop0p2_temp2p0_a0p25_b0p05__wd1e-04trmiss0_degmodglobal,16,5e-05,0.0001,0.2,2.0,0.25,0.05,lr5e-05_bs16_drop0p2_temp2p0_a0p25_b0p05__wd1e-04trmiss0_degmodglobal,2,0.7131896167993546,0.7112391591072083,0.3555555555555555,0.5824795574795576,0.35714285714285715,0.0,0.6684072911739349,0.6925152093172073,0.05127326957881451,0.1571216881275177,0.0,0.0,0.0,0.0,0.0,18473,global,0.0
3,1,lr5e-05_bs16_drop0p2_temp2p0_a0p25_b0p05__wd1e-04trmiss0_degmodglobal,16,5e-05,0.0001,0.2,2.0,0.25,0.05,lr5e-05_bs16_drop0p2_temp2p0_a0p25_b0p05__wd1e-04trmiss0_degmodglobal,3,0.6846592426300049,0.7024921774864197,0.4,0.6121091871091872,0.42857142857142855,0.0,0.6772435307502747,0.6675848364830017,0.03889457322657108,0.14701583981513977,0.0,0.0,0.0,0.0,0.0,18473,global,0.0
3,1,lr5e-05_bs16_drop0p2_temp2p0_a0p25_b0p05__wd1e-04trmiss0_degmodglobal,16,5e-05,0.0001,0.2,2.0,0.25,0.05,lr5e-05_bs16_drop0p2_temp2p0_a0p25_b0p05__wd1e-04trmiss0_degmodglobal,4,0.6775228530168533,0.6986926198005676,0.42222222222222217,0.6195165945165946,0.5,0.0,0.6422070115804672,0.6622994393110275,0.036583310924470425,0.12155169434845448,0.0,0.0,0.0,0.0,0.0,18473,global,0.0
3,1,lr5e-05_bs16_drop0p2_temp2p0_a0p25_b0p05__wd1e-04trmiss0_degmodglobal,16,5e-05,0.0001,0.2,2.0,0.25,0.05,lr5e-05_bs16_drop0p2_temp2p0_a0p25_b0p05__wd1e-04trmiss0_degmodglobal,5,0.6717303544282913,0.7003718614578247,0.42222222222222217,0.6195165945165946,0.5,0.0,0.6061003804206848,0.6528064757585526,0.04503882955759764,0.15328322537243366,0.0,0.0,0.0,0.0,0.0,18473,global,0.0
3,1,lr5e-05_bs16_drop0p2_temp2p0_a0p25_b0p05__wd1e-04trmiss0_degmodglobal,16,5e-05,0.0001,0.2,2.0,0.25,0.05,lr5e-05_bs16_drop0p2_temp2p0_a0p25_b0p05__wd1e-04trmiss0_degmodglobal,6,0.64838907122612,0.7080361843109131,0.3555555555555555,0.5964566297899632,0.42857142857142855,0.0,0.6007468104362488,0.6301691234111786,0.044241345487535,0.1431922074407339,0.0,0.0,0.0,0.0,0.0,18473,global,0.0
3,1,lr5e-05_bs16_drop0p2_temp2p0_a0p25_b0p05__wd1e-04trmiss0_degmodglobal,16,5e-05,0.0001,0.2,2.0,0.25,0.05,lr5e-05_bs16_drop0p2_temp2p0_a0p25_b0p05__wd1e-04trmiss0_degmodglobal,7,0.6101385205984116,0.7123615741729736,0.3555555555555555,0.5964566297899632,0.42857142857142855,0.0,0.584062471985817,0.5945471525192261,0.040151722729206085,0.11106881126761436,0.0,0.0,0.0,0.0,0.0,18473,global,0.0
3,1,lr5e-05_bs16_drop0p2_temp2p0_a0p25_b0p05__wd1e-04trmiss0_degmodglobal,16,5e-05,0.0001,0.2,2.0,0.25,0.05,lr5e-05_bs16_drop0p2_temp2p0_a0p25_b0p05__wd1e-04trmiss0_degmodglobal,8,0.639378234744072,0.713555097579956,0.3555555555555555,0.5964566297899632,0.5714285714285714,0.0,0.5955971777439117,0.6195360571146011,0.045169152319431305,0.17099771834909916,0.0,0.0,0.0,0.0,0.0,18473,global,0.0
3,1,lr5e-05_bs16_drop0p2_temp2p0_a0p25_b0p05__wd1e-04trmiss0_degmodglobal,16,5e-05,0.0001,0.2,2.0,0.25,0.05,lr5e-05_bs16_drop0p2_temp2p0_a0p25_b0p05__wd1e-04trmiss0_degmodglobal,9,0.6768713593482971,0.7122701406478882,0.3555555555555555,0.59328202661536,0.5,0.0,0.5773103535175323,0.6527289897203445,0.05655095912516117,0.2000923715531826,0.0,0.0,0.0,0.0,0.0,18473,global,0.0
3,1,lr5e-05_bs16_drop0p2_temp2p0_a0p25_b0p05__wd1e-04trmiss0_degmodglobal,16,5e-05,0.0001,0.2,2.0,0.25,0.05,lr5e-05_bs16_drop0p2_temp2p0_a0p25_b0p05__wd1e-04trmiss0_degmodglobal,10,0.6125552207231522,0.7032598257064819,0.33333333333333337,0.5875840209173543,0.5714285714285714,0.0,0.58355413377285,0.5903806984424591,0.05368665233254433,0.17505720211192966,0.0,0.0,0.0,0.0,0.0,18473,global,0.0
3,1,lr5e-05_bs16_drop0p2_temp2p0_a0p25_b0p05__wd1e-04trmiss0_degmodglobal,16,5e-05,0.0001,0.2,2.0,0.25,0.05,lr5e-05_bs16_drop0p2_temp2p0_a0p25_b0p05__wd1e-04trmiss0_degmodglobal,11,0.6123777478933334,0.7009100317955017,0.3555555555555555,0.5953000703000704,0.5,0.0,0.5736858695745468,0.5896528512239456,0.05130284186452627,0.197983730584383,0.0,0.0,0.0,0.0,0.0,18473,global,0.0
3,1,lr5e-05_bs16_drop0p2_temp2p0_a0p25_b0p05__wd1e-04trmiss0_degmodglobal,16,5e-05,0.0001,0.2,2.0,0.25,0.05,lr5e-05_bs16_drop0p2_temp2p0_a0p25_b0p05__wd1e-04trmiss0_degmodglobal,12,0.6095767468214035,0.6960276365280151,0.42222222222222217,0.6304852554852555,0.5,0.0,0.5645849853754044,0.5868920683860779,0.05995631404221058,0.15391182526946068,0.0,0.0,0.0,0.0,0.0,18473,global,0.0
3,1,lr5e-05_bs16_drop0p2_temp2p0_a0p25_b0p05__wd1e-04trmiss0_degmodglobal,16,5e-05,0.0001,0.2,2.0,0.25,0.05,lr5e-05_bs16_drop0p2_temp2p0_a0p25_b0p05__wd1e-04trmiss0_degmodglobal,13,0.6182427257299423,0.6969629526138306,0.42222222222222217,0.6304852554852555,0.5,0.0,0.5438885241746902,0.5985899567604065,0.04623092897236347,0.161900345236063,0.0,0.0,0.0,0.0,0.0,18473,global,0.0
3,1,lr5e-05_bs16_drop0p2_temp2p0_a0p25_b0p05__wd1e-04trmiss0_degmodglobal,16,5e-05,0.0001,0.2,2.0,0.25,0.05,lr5e-05_bs16_drop0p2_temp2p0_a0p25_b0p05__wd1e-04trmiss0_degmodglobal,14,0.5953446477651596,0.7014258503913879,0.37777777777777777,0.6079263329263329,0.5,0.0,0.543863520026207,0.5764525979757309,0.0457121217623353,0.1492806263267994,0.0,0.0,0.0,0.0,0.0,18473,global,0.0
3,1,lr5e-05_bs16_drop0p2_temp2p0_a0p25_b0p05__wd1e-04trmiss0_degmodglobal,16,5e-05,0.0001,0.2,2.0,0.25,0.05,lr5e-05_bs16_drop0p2_temp2p0_a0p25_b0p05__wd1e-04trmiss0_degmodglobal,15,0.6494288295507431,0.6959844827651978,0.39999999999999997,0.6185083435083435,0.5714285714285714,0.0,0.5737201869487762,0.6289341300725937,0.04863319452852011,0.16672762855887413,0.0,0.0,0.0,0.0,0.0,18473,global,0.0
3,1,lr5e-05_bs16_drop0p2_temp2p0_a0p25_b0p05__wd1e-04trmiss0_degmodglobal,16,5e-05,0.0001,0.2,2.0,0.25,0.05,lr5e-05_bs16_drop0p2_temp2p0_a0p25_b0p05__wd1e-04trmiss0_degmodglobal,16,0.6295581609010696,0.6956515908241272,0.4444444444444444,0.6300986050986052,0.5714285714285714,0.0,0.5399011820554733,0.6051065027713776,0.057876783423125744,0.19964903220534325,0.0,0.0,0.0,0.0,0.0,18473,global,0.0
3,1,lr5e-05_bs16_drop0p2_temp2p0_a0p25_b0p05__wd1e-04trmiss0_degmodglobal,16,5e-05,0.0001,0.2,2.0,0.25,0.05,lr5e-05_bs16_drop0p2_temp2p0_a0p25_b0p05__wd1e-04trmiss0_degmodglobal,17,0.5996572524309158,0.6924816370010376,0.4444444444444444,0.6326118326118326,0.42857142857142855,0.0,0.579245001077652,0.5790470391511917,0.053051079623401165,0.14694877713918686,0.0,0.0,0.0,0.0,0.0,18473,global,0.0
3,1,lr5e-05_bs16_drop0p2_temp2p0_a0p25_b0p05__wd1e-04trmiss0_degmodglobal,16,5e-05,0.0001,0.2,2.0,0.25,0.05,lr5e-05_bs16_drop0p2_temp2p0_a0p25_b0p05__wd1e-04trmiss0_degmodglobal,18,0.5929121375083923,0.6904828548431396,0.4888888888888889,0.6547730047730048,0.42857142857142855,0.0,0.5313708037137985,0.5740170478820801,0.04845109209418297,0.13564633578062057,0.0,0.0,0.0,0.0,0.0,18473,global,0.0
3,1,lr5e-05_bs16_drop0p2_temp2p0_a0p25_b0p05__wd1e-04trmiss0_degmodglobal,16,5e-05,0.0001,0.2,2.0,0.25,0.05,lr5e-05_bs16_drop0p2_temp2p0_a0p25_b0p05__wd1e-04trmiss0_degmodglobal,19,0.5819874256849289,0.6862061619758606,0.4444444444444444,0.6435804935804936,0.5,0.0,0.5355135798454285,0.5589504688978195,0.060603135265409946,0.15772365778684616,0.0,0.0,0.0,0.0,0.0,18473,global,0.0
3,1,lr5e-05_bs16_drop0p2_temp2p0_a0p25_b0p05__wd1e-04trmiss0_degmodglobal,16,5e-05,0.0001,0.2,2.0,0.25,0.05,lr5e-05_bs16_drop0p2_temp2p0_a0p25_b0p05__wd1e-04trmiss0_degmodglobal,20,0.6084821373224258,0.6884120106697083,0.4222222222222222,0.6464424464424465,0.42857142857142855,0.0,0.557251051068306,0.5881335884332657,0.04939789231866598,0.15998169966042042,0.0,0.0,0.0,0.0,0.0,18473,global,0.0
3,1,lr5e-05_bs16_drop0p2_temp2p0_a0p25_b0p05__wd1e-04trmiss0_degmodglobal,16,5e-05,0.0001,0.2,2.0,0.25,0.05,lr5e-05_bs16_drop0p2_temp2p0_a0p25_b0p05__wd1e-04trmiss0_degmodglobal,21,0.5776189565658569,0.6931431293487549,0.4444444444444445,0.6596699596699598,0.5,0.0,0.5287676155567169,0.5568236410617828,0.05333198606967926,0.14924643374979496,0.0,0.0,0.0,0.0,0.0,18473,global,0.0
3,1,lr5e-05_bs16_drop0p2_temp2p0_a0p25_b0p05__wd1e-04trmiss0_degmodglobal,16,5e-05,0.0001,0.2,2.0,0.25,0.05,lr5e-05_bs16_drop0p2_temp2p0_a0p25_b0p05__wd1e-04trmiss0_degmodglobal,22,0.5994279384613037,0.7016764283180237,0.39999999999999997,0.6316276316276317,0.42857142857142855,0.0,0.5339068025350571,0.5730232894420624,0.06727518886327744,0.19171680882573128,0.0,0.0,0.0,0.0,0.0,18473,global,0.0
3,1,lr5e-05_bs16_drop0p2_temp2p0_a0p25_b0p05__wd1e-04trmiss0_degmodglobal,16,5e-05,0.0001,0.2,2.0,0.25,0.05,lr5e-05_bs16_drop0p2_temp2p0_a0p25_b0p05__wd1e-04trmiss0_degmodglobal,23,0.5631261244416237,0.7018114328384399,0.39999999999999997,0.6316276316276317,0.35714285714285715,0.0,0.5246632471680641,0.5407485365867615,0.05950963869690895,0.1500036846846342,0.0,0.0,0.0,0.0,0.0,18473,global,0.0
3,1,lr5e-05_bs16_drop0p2_temp2p0_a0p25_b0p05__wd1e-04trmiss0_degmodglobal,16,5e-05,0.0001,0.2,2.0,0.25,0.05,lr5e-05_bs16_drop0p2_temp2p0_a0p25_b0p05__wd1e-04trmiss0_degmodglobal,24,0.6040486693382263,0.6970585584640503,0.39999999999999997,0.6316276316276317,0.35714285714285715,0.0,0.53851218521595,0.5823629945516586,0.05474528577178717,0.15998743660748005,0.0,0.0,0.0,0.0,0.0,18473,global,0.0
3,1,lr5e-05_bs16_drop0p2_temp2p0_a0p25_b0p05__wd1e-04trmiss0_degmodglobal,16,5e-05,0.0001,0.2,2.0,0.25,0.05,lr5e-05_bs16_drop0p2_temp2p0_a0p25_b0p05__wd1e-04trmiss0_degmodglobal,25,0.5666688829660416,0.6934083700180054,0.39999999999999997,0.6316276316276317,0.42857142857142855,0.0,0.5404178500175476,0.5467266589403152,0.05312443245202303,0.13322218507528305,0.0,0.0,0.0,0.0,0.0,18473,global,0.0
3,1,lr5e-05_bs16_drop0p2_temp2p0_a0p25_b0p05__wd1e-04trmiss0_degmodglobal,16,5e-05,0.0001,0.2,2.0,0.25,0.05,lr5e-05_bs16_drop0p2_temp2p0_a0p25_b0p05__wd1e-04trmiss0_degmodglobal,26,0.5881978124380112,0.687534511089325,0.4,0.6365218115218116,0.5,0.0,0.5573870539665222,0.5654339492321014,0.05871522147208452,0.16170114651322365,0.0,0.0,0.0,0.0,0.0,18473,global,0.0
3,1,lr5e-05_bs16_drop0p2_temp2p0_a0p25_b0p05__wd1e-04trmiss0_degmodglobal,16,5e-05,0.0001,0.2,2.0,0.25,0.05,lr5e-05_bs16_drop0p2_temp2p0_a0p25_b0p05__wd1e-04trmiss0_degmodglobal,27,0.5520732179284096,0.6901490092277527,0.4222222222222223,0.6407586240919575,0.5,0.0,0.530162900686264,0.5316192731261253,0.05165373347699642,0.15081038884818554,0.0,0.0,0.0,0.0,0.0,18473,global,0.0
3,1,lr5e-05_bs16_drop0p2_temp2p0_a0p25_b0p05__wd1e-04trmiss0_degmodglobal,16,5e-05,0.0001,0.2,2.0,0.25,0.05,lr5e-05_bs16_drop0p2_temp2p0_a0p25_b0p05__wd1e-04trmiss0_degmodglobal,28,0.6003085523843765,0.6911044716835022,0.4,0.6348663681997017,0.42857142857142855,0.0,0.5082785412669182,0.5757615119218826,0.0625718180090189,0.17808178439736366,0.0,0.0,0.0,0.0,0.0,18473,global,0.0
3,1,lr5e-05_bs16_drop0p2_temp2p0_a0p25_b0p05__wd1e-04trmiss0_degmodglobal,16,5e-05,0.0001,0.2,2.0,0.25,0.05,lr5e-05_bs16_drop0p2_temp2p0_a0p25_b0p05__wd1e-04trmiss0_degmodglobal,29,0.5675294101238251,0.6889580488204956,0.3777777777777778,0.6288057621390956,0.5,0.0,0.5352579355239868,0.54844531416893,0.04971533175557852,0.13310547545552254,0.0,0.0,0.0,0.0,0.0,18473,global,0.0
3,1,lr5e-05_bs16_drop0p2_temp2p0_a0p25_b0p05__wd1e-04trmiss0_degmodglobal,16,5e-05,0.0001,0.2,2.0,0.25,0.05,lr5e-05_bs16_drop0p2_temp2p0_a0p25_b0p05__wd1e-04trmiss0_degmodglobal,30,0.6155430525541306,0.6919088959693909,0.4,0.6365218115218116,0.35714285714285715,0.0,0.5176204442977905,0.5976920276880264,0.0427792789414525,0.14312379620969296,0.0,0.0,0.0,0.0,0.0,18473,global,0.0
3,1,lr5e-05_bs16_drop0p2_temp2p0_a0p25_b0p05__wd1e-04trmiss0_degmodglobal,16,5e-05,0.0001,0.2,2.0,0.25,0.05,lr5e-05_bs16_drop0p2_temp2p0_a0p25_b0p05__wd1e-04trmiss0_degmodglobal,31,0.5690641403198242,0.6914489269256592,0.4222222222222222,0.6464424464424465,0.42857142857142855,0.0,0.4936620518565178,0.5465289950370789,0.05973053630441427,0.15204977616667747,0.0,0.0,0.0,0.0,0.0,18473,global,0.0
3,1,lr5e-05_bs16_drop0p2_temp2p0_a0p25_b0p05__wd1e-04trmiss0_degmodglobal,16,5e-05,0.0001,0.2,2.0,0.25,0.05,lr5e-05_bs16_drop0p2_temp2p0_a0p25_b0p05__wd1e-04trmiss0_degmodglobal,32,0.5712817311286926,0.6924317479133606,0.4222222222222222,0.6464424464424465,0.5,0.0,0.49636177718639374,0.5541010200977325,0.0452499920502305,0.11736425757408142,0.0,0.0,0.0,0.0,0.0,18473,global,0.0
3,1,lr5e-05_bs16_drop0p2_temp2p0_a0p25_b0p05__wd1e-04trmiss0_degmodglobal,16,5e-05,0.0001,0.2,2.0,0.25,0.05,lr5e-05_bs16_drop0p2_temp2p0_a0p25_b0p05__wd1e-04trmiss0_degmodglobal,33,0.5584380775690079,0.6925417184829712,0.39999999999999997,0.6316276316276317,0.5,0.0,0.5148494765162468,0.5375652685761452,0.05362298432737589,0.1493411548435688,0.0,0.0,0.0,0.0,0.0,18473,global,0.0
3,1,lr5e-05_bs16_drop0p2_temp2p0_a0p25_b0p05__wd1e-04trmiss0_degmodglobal,16,5e-05,0.0001,0.2,2.0,0.25,0.05,lr5e-05_bs16_drop0p2_temp2p0_a0p25_b0p05__wd1e-04trmiss0_degmodglobal,34,0.5921923220157623,0.6936430335044861,0.4222222222222222,0.6464424464424465,0.42857142857142855,0.0,0.5061952546238899,0.5665766596794128,0.06794030219316483,0.17261171340942383,0.0,0.0,0.0,0.0,0.0,18473,global,0.0
3,1,lr5e-05_bs16_drop0p2_temp2p0_a0p25_b0p05__wd1e-04trmiss0_degmodglobal,16,5e-05,0.0001,0.2,2.0,0.25,0.05,lr5e-05_bs16_drop0p2_temp2p0_a0p25_b0p05__wd1e-04trmiss0_degmodglobal,35,0.5894336402416229,0.6952086091041565,0.4222222222222222,0.6464424464424465,0.42857142857142855,0.0,0.5052445530891418,0.565390333533287,0.06273709889501333,0.16718068160116673,0.0,0.0,0.0,0.0,0.0,18473,global,0.0
3,1,lr5e-05_bs16_drop0p2_temp2p0_a0p25_b0p05__wd1e-04trmiss0_degmodglobal,16,5e-05,0.0001,0.2,2.0,0.25,0.05,lr5e-05_bs16_drop0p2_temp2p0_a0p25_b0p05__wd1e-04trmiss0_degmodglobal,36,0.5870550125837326,0.6948486566543579,0.39999999999999997,0.6316276316276317,0.42857142857142855,0.0,0.49548470228910446,0.555891364812851,0.08219597768038511,0.21229309029877186,0.0,0.0,0.0,0.0,0.0,18473,global,0.0
3,1,lr5e-05_bs16_drop0p2_temp2p0_a0p25_b0p05__wd1e-04trmiss0_degmodglobal,16,5e-05,0.0001,0.2,2.0,0.25,0.05,lr5e-05_bs16_drop0p2_temp2p0_a0p25_b0p05__wd1e-04trmiss0_degmodglobal,37,0.5470225512981415,0.6955677270889282,0.4,0.6365218115218116,0.42857142857142855,0.0,0.4830148443579674,0.5268561094999313,0.056199636310338974,0.12233083881437778,0.0,0.0,0.0,0.0,0.0,18473,global,0.0
3,1,lr5e-05_bs16_drop0p2_temp2p0_a0p25_b0p05__wd1e-04trmiss0_degmodglobal,16,5e-05,0.0001,0.2,2.0,0.25,0.05,lr5e-05_bs16_drop0p2_temp2p0_a0p25_b0p05__wd1e-04trmiss0_degmodglobal,38,0.6009295880794525,0.6953129172325134,0.4,0.6365218115218116,0.42857142857142855,0.0,0.5140373185276985,0.5765292644500732,0.05772955622524023,0.19935844093561172,0.0,0.0,0.0,0.0,0.0,18473,global,0.0
3,1,lr5e-05_bs16_drop0p4_temp1p0_a0p25_b0p05__wd1e-04trmiss0_degmodglobal,16,5e-05,0.0001,0.4,1.0,0.25,0.05,lr5e-05_bs16_drop0p4_temp1p0_a0p25_b0p05__wd1e-04trmiss0_degmodglobal,1,0.7741351127624512,0.707439124584198,0.28888888888888886,0.6158427991761326,0.42857142857142855,0.0,0.6766129285097122,0.7450812458992004,0.06331373937427998,0.26450860872864723,0.0,0.0,0.0,0.0,0.0,18473,global,0.0
3,1,lr5e-05_bs16_drop0p4_temp1p0_a0p25_b0p05__wd1e-04trmiss0_degmodglobal,16,5e-05,0.0001,0.4,1.0,0.25,0.05,lr5e-05_bs16_drop0p4_temp1p0_a0p25_b0p05__wd1e-04trmiss0_degmodglobal,2,0.7385624498128891,0.7082706093788147,0.31111111111111106,0.634361317694651,0.42857142857142855,0.0,0.6882781386375427,0.7192844301462173,0.043697282671928406,0.1670740246772766,0.0,0.0,0.0,0.0,0.0,18473,global,0.0
3,1,lr5e-05_bs16_drop0p4_temp1p0_a0p25_b0p05__wd1e-04trmiss0_degmodglobal,16,5e-05,0.0001,0.4,1.0,0.25,0.05,lr5e-05_bs16_drop0p4_temp1p0_a0p25_b0p05__wd1e-04trmiss0_degmodglobal,3,0.7017685025930405,0.7078797817230225,0.3333333333333333,0.6713983547316882,0.42857142857142855,0.0,0.6772350370883942,0.6774550229310989,0.060988676734268665,0.18132637441158295,0.0,0.0,0.0,0.0,0.0,18473,global,0.0
3,1,lr5e-05_bs16_drop0p4_temp1p0_a0p25_b0p05__wd1e-04trmiss0_degmodglobal,16,5e-05,0.0001,0.4,1.0,0.25,0.05,lr5e-05_bs16_drop0p4_temp1p0_a0p25_b0p05__wd1e-04trmiss0_degmodglobal,4,0.6641598790884018,0.7109070420265198,0.3333333333333333,0.6713983547316882,0.42857142857142855,0.0,0.6743502914905548,0.642831489443779,0.04834029357880354,0.18486623093485832,0.0,0.0,0.0,0.0,0.0,18473,global,0.0
3,1,lr5e-05_bs16_drop0p4_temp1p0_a0p25_b0p05__wd1e-04trmiss0_degmodglobal,16,5e-05,0.0001,0.4,1.0,0.25,0.05,lr5e-05_bs16_drop0p4_temp1p0_a0p25_b0p05__wd1e-04trmiss0_degmodglobal,5,0.6828381270170212,0.7107566595077515,0.35555555555555557,0.6880650213983548,0.42857142857142855,0.0,0.6947326958179474,0.6524290442466736,0.06561878323554993,0.2800878472626209,0.0,0.0,0.0,0.0,0.0,18473,global,0.0
3,1,lr5e-05_bs16_drop0p4_temp1p0_a0p25_b0p05__wd1e-04trmiss0_degmodglobal,16,5e-05,0.0001,0.4,1.0,0.25,0.05,lr5e-05_bs16_drop0p4_temp1p0_a0p25_b0p05__wd1e-04trmiss0_degmodglobal,6,0.6804392337799072,0.7100737690925598,0.37777777777777777,0.6833512166845501,0.5,0.0,0.6442840844392776,0.6461979895830154,0.08151996321976185,0.2772247791290283,0.0,0.0,0.0,0.0,0.0,18473,global,0.0
3,1,lr5e-05_bs16_drop0p4_temp1p0_a0p25_b0p05__wd1e-04trmiss0_degmodglobal,16,5e-05,0.0001,0.4,1.0,0.25,0.05,lr5e-05_bs16_drop0p4_temp1p0_a0p25_b0p05__wd1e-04trmiss0_degmodglobal,7,0.6741132885217667,0.7040393352508545,0.3555555555555555,0.6463141796475129,0.5,0.0,0.6724776476621628,0.6490648239850998,0.05721637140959501,0.21488738059997559,0.0,0.0,0.0,0.0,0.0,18473,global,0.0
3,1,lr5e-05_bs16_drop0p4_temp1p0_a0p25_b0p05__wd1e-04trmiss0_degmodglobal,16,5e-05,0.0001,0.4,1.0,0.25,0.05,lr5e-05_bs16_drop0p4_temp1p0_a0p25_b0p05__wd1e-04trmiss0_degmodglobal,8,0.6420598477125168,0.6999524831771851,0.37777777777777777,0.6542506875840208,0.5714285714285714,0.0,0.6358381807804108,0.616318091750145,0.06201478838920593,0.2047613561153412,0.0,0.0,0.0,0.0,0.0,18473,global,0.0
3,1,lr5e-05_bs16_drop0p4_temp1p0_a0p25_b0p05__wd1e-04trmiss0_degmodglobal,16,5e-05,0.0001,0.4,1.0,0.25,0.05,lr5e-05_bs16_drop0p4_temp1p0_a0p25_b0p05__wd1e-04trmiss0_degmodglobal,9,0.6404474526643753,0.6984279155731201,0.4,0.6709173542506877,0.5,0.0,0.618985190987587,0.6160787343978882,0.06496308371424675,0.16255899146199226,0.0,0.0,0.0,0.0,0.0,18473,global,0.0
3,1,lr5e-05_bs16_drop0p4_temp1p0_a0p25_b0p05__wd1e-04trmiss0_degmodglobal,16,5e-05,0.0001,0.4,1.0,0.25,0.05,lr5e-05_bs16_drop0p4_temp1p0_a0p25_b0p05__wd1e-04trmiss0_degmodglobal,10,0.6668238639831543,0.6979061365127563,0.4444444444444444,0.6981379731379731,0.42857142857142855,0.0,0.6060530841350555,0.6485145539045334,0.04360980959609151,0.1481370236724615,0.0,0.0,0.0,0.0,0.0,18473,global,0.0
3,1,lr5e-05_bs16_drop0p4_temp1p0_a0p25_b0p05__wd1e-04trmiss0_degmodglobal,16,5e-05,0.0001,0.4,1.0,0.25,0.05,lr5e-05_bs16_drop0p4_temp1p0_a0p25_b0p05__wd1e-04trmiss0_degmodglobal,11,0.6547488868236542,0.7037889957427979,0.4222222222222222,0.6871831871831873,0.42857142857142855,0.0,0.6395706385374069,0.6326029002666473,0.059090604074299335,0.14746658131480217,0.0,0.0,0.0,0.0,0.0,18473,global,0.0
3,1,lr5e-05_bs16_drop0p4_temp1p0_a0p25_b0p05__wd1e-04trmiss0_degmodglobal,16,5e-05,0.0001,0.4,1.0,0.25,0.05,lr5e-05_bs16_drop0p4_temp1p0_a0p25_b0p05__wd1e-04trmiss0_degmodglobal,12,0.6179865300655365,0.7092388868331909,0.3555555555555555,0.6420773670773672,0.35714285714285715,0.0,0.6193305402994156,0.5963094085454941,0.05182250961661339,0.1744299791753292,0.0,0.0,0.0,0.0,0.0,18473,global,0.0
3,1,lr5e-05_bs16_drop0p4_temp1p0_a0p25_b0p05__wd1e-04trmiss0_degmodglobal,16,5e-05,0.0001,0.4,1.0,0.25,0.05,lr5e-05_bs16_drop0p4_temp1p0_a0p25_b0p05__wd1e-04trmiss0_degmodglobal,13,0.6333832889795303,0.7042216062545776,0.37777777777777777,0.6519980019980021,0.42857142857142855,0.0,0.6206563264131546,0.6147242784500122,0.05259622819721699,0.11019866541028023,0.0,0.0,0.0,0.0,0.0,18473,global,0.0
3,1,lr5e-05_bs16_drop0p4_temp1p0_a0p25_b0p05__wd1e-04trmiss0_degmodglobal,16,5e-05,0.0001,0.4,1.0,0.25,0.05,lr5e-05_bs16_drop0p4_temp1p0_a0p25_b0p05__wd1e-04trmiss0_degmodglobal,14,0.6596900671720505,0.7026599645614624,0.39999999999999997,0.6705165205165207,0.5,0.0,0.6235343664884567,0.633746013045311,0.06512867473065853,0.19323736056685448,0.0,0.0,0.0,0.0,0.0,18473,global,0.0
3,1,lr5e-05_bs16_drop0p4_temp1p0_a0p25_b0p05__wd1e-04trmiss0_degmodglobal,16,5e-05,0.0001,0.4,1.0,0.25,0.05,lr5e-05_bs16_drop0p4_temp1p0_a0p25_b0p05__wd1e-04trmiss0_degmodglobal,15,0.6397309899330139,0.6968783140182495,0.39999999999999997,0.6705165205165207,0.5714285714285714,0.0,0.6326389312744141,0.6143653839826584,0.05945316515862942,0.21004627272486687,0.0,0.0,0.0,0.0,0.0,18473,global,0.0
3,1,lr5e-05_bs16_drop0p4_temp1p0_a0p25_b0p05__wd1e-04trmiss0_degmodglobal,16,5e-05,0.0001,0.4,1.0,0.25,0.05,lr5e-05_bs16_drop0p4_temp1p0_a0p25_b0p05__wd1e-04trmiss0_degmodglobal,16,0.6149839460849762,0.6939803957939148,0.4666666666666667,0.6991360491360492,0.5714285714285714,0.0,0.6022145301103592,0.5960630029439926,0.04974132776260376,0.12971202284097672,0.0,0.0,0.0,0.0,0.0,18473,global,0.0
3,1,lr5e-05_bs16_drop0p4_temp1p0_a0p25_b0p05__wd1e-04trmiss0_degmodglobal,16,5e-05,0.0001,0.4,1.0,0.25,0.05,lr5e-05_bs16_drop0p4_temp1p0_a0p25_b0p05__wd1e-04trmiss0_degmodglobal,17,0.6337438076734543,0.6928085684776306,0.48888888888888893,0.7065434565434565,0.5714285714285714,0.0,0.6024039834737778,0.611874058842659,0.05592938791960478,0.15774795413017273,0.0,0.0,0.0,0.0,0.0,18473,global,0.0
3,1,lr5e-05_bs16_drop0p4_temp1p0_a0p25_b0p05__wd1e-04trmiss0_degmodglobal,16,5e-05,0.0001,0.4,1.0,0.25,0.05,lr5e-05_bs16_drop0p4_temp1p0_a0p25_b0p05__wd1e-04trmiss0_degmodglobal,18,0.5974149405956268,0.6855229139328003,0.5555555555555556,0.7402837902837904,0.5714285714285714,0.0,0.5740682929754257,0.5694183558225632,0.06887059472501278,0.2155788205564022,0.0,0.0,0.0,0.0,0.0,18473,global,0.0
3,1,lr5e-05_bs16_drop0p4_temp1p0_a0p25_b0p05__wd1e-04trmiss0_degmodglobal,16,5e-05,0.0001,0.4,1.0,0.25,0.05,lr5e-05_bs16_drop0p4_temp1p0_a0p25_b0p05__wd1e-04trmiss0_degmodglobal,19,0.6544223427772522,0.682864785194397,0.5111111111111111,0.7185083435083435,0.5714285714285714,0.0,0.5771978348493576,0.6167881190776825,0.08582807891070843,0.32354438677430153,0.0,0.0,0.0,0.0,0.0,18473,global,0.0
3,1,lr5e-05_bs16_drop0p4_temp1p0_a0p25_b0p05__wd1e-04trmiss0_degmodglobal,16,5e-05,0.0001,0.4,1.0,0.25,0.05,lr5e-05_bs16_drop0p4_temp1p0_a0p25_b0p05__wd1e-04trmiss0_degmodglobal,20,0.5728240609169006,0.688047468662262,0.4888888888888888,0.7023208273208272,0.6428571428571429,0.0,0.5877543240785599,0.5508021116256714,0.05730979051440954,0.15389023534953594,0.0,0.0,0.0,0.0,0.0,18473,global,0.0
3,1,lr5e-05_bs16_drop0p4_temp1p0_a0p25_b0p05__wd1e-04trmiss0_degmodglobal,16,5e-05,0.0001,0.4,1.0,0.25,0.05,lr5e-05_bs16_drop0p4_temp1p0_a0p25_b0p05__wd1e-04trmiss0_degmodglobal,21,0.5866453945636749,0.691277801990509,0.4666666666666667,0.6917388167388168,0.6428571428571429,0.0,0.5640083253383636,0.5590413808822632,0.06963337771594524,0.20391345396637917,0.0,0.0,0.0,0.0,0.0,18473,global,0.0
3,1,lr5e-05_bs16_drop0p4_temp1p0_a0p25_b0p05__wd1e-04trmiss0_degmodglobal,16,5e-05,0.0001,0.4,1.0,0.25,0.05,lr5e-05_bs16_drop0p4_temp1p0_a0p25_b0p05__wd1e-04trmiss0_degmodglobal,22,0.5974196046590805,0.6889963746070862,0.48888888888888893,0.6988095238095238,0.6428571428571429,0.0,0.615083858370781,0.5675786286592484,0.07500627823174,0.22178840078413486,0.0,0.0,0.0,0.0,0.0,18473,global,0.0
3,1,lr5e-05_bs16_drop0p4_temp1p0_a0p25_b0p05__wd1e-04trmiss0_degmodglobal,16,5e-05,0.0001,0.4,1.0,0.25,0.05,lr5e-05_bs16_drop0p4_temp1p0_a0p25_b0p05__wd1e-04trmiss0_degmodglobal,23,0.5916803628206253,0.6841853857040405,0.5111111111111111,0.7055435305435305,0.6428571428571429,0.0,0.609247475862503,0.5662165433168411,0.062489090487360954,0.19683126360177994,0.0,0.0,0.0,0.0,0.0,18473,global,0.0
3,1,lr5e-05_bs16_drop0p4_temp1p0_a0p25_b0p05__wd1e-04trmiss0_degmodglobal,16,5e-05,0.0001,0.4,1.0,0.25,0.05,lr5e-05_bs16_drop0p4_temp1p0_a0p25_b0p05__wd1e-04trmiss0_degmodglobal,24,0.5873737782239914,0.6826974153518677,0.5111111111111111,0.7055435305435305,0.7142857142857143,0.0,0.57192362844944,0.5660028606653214,0.05785523634403944,0.13814209960401058,0.0,0.0,0.0,0.0,0.0,18473,global,0.0
3,1,lr5e-05_bs16_drop0p4_temp1p0_a0p25_b0p05__wd1e-04trmiss0_degmodglobal,16,5e-05,0.0001,0.4,1.0,0.25,0.05,lr5e-05_bs16_drop0p4_temp1p0_a0p25_b0p05__wd1e-04trmiss0_degmodglobal,25,0.5809178501367569,0.693060040473938,0.4888888888888889,0.6888768638768639,0.7142857142857143,0.0,0.5740596801042557,0.5570748895406723,0.06609641574323177,0.14637721702456474,0.0,0.0,0.0,0.0,0.0,18473,global,0.0
3,1,lr5e-05_bs16_drop0p4_temp1p0_a0p25_b0p05__wd1e-04trmiss0_degmodglobal,16,5e-05,0.0001,0.4,1.0,0.25,0.05,lr5e-05_bs16_drop0p4_temp1p0_a0p25_b0p05__wd1e-04trmiss0_degmodglobal,26,0.6151153445243835,0.6995373368263245,0.4444444444444445,0.6710317460317461,0.6428571428571429,0.0,0.5870013236999512,0.579510897397995,0.08737162128090858,0.2752310335636139,0.0,0.0,0.0,0.0,0.0,18473,global,0.0
3,1,lr5e-05_bs16_drop0p4_temp1p0_a0p25_b0p05__wd1e-04trmiss0_degmodglobal,16,5e-05,0.0001,0.4,1.0,0.25,0.05,lr5e-05_bs16_drop0p4_temp1p0_a0p25_b0p05__wd1e-04trmiss0_degmodglobal,27,0.5882229506969452,0.7008776068687439,0.4444444444444444,0.6764448514448516,0.5714285714285714,0.0,0.5838479697704315,0.5649700313806534,0.06045321933925152,0.16279254853725433,0.0,0.0,0.0,0.0,0.0,18473,global,0.0
3,1,lr5e-05_bs16_drop0p4_temp1p0_a0p25_b0p05__wd1e-04trmiss0_degmodglobal,16,5e-05,0.0001,0.4,1.0,0.25,0.05,lr5e-05_bs16_drop0p4_temp1p0_a0p25_b0p05__wd1e-04trmiss0_degmodglobal,28,0.6054380387067795,0.6915042400360107,0.4666666666666667,0.6821428571428572,0.5714285714285714,0.0,0.5634494870901108,0.5757654309272766,0.07125093694776297,0.2371969297528267,0.0,0.0,0.0,0.0,0.0,18473,global,0.0
3,1,lr5e-05_bs16_drop0p4_temp1p0_a0p25_b0p05__wd1e-04trmiss0_degmodglobal,16,5e-05,0.0001,0.4,1.0,0.25,0.05,lr5e-05_bs16_drop0p4_temp1p0_a0p25_b0p05__wd1e-04trmiss0_degmodglobal,29,0.6213360875844955,0.6950280666351318,0.4444444444444444,0.6750721500721502,0.5714285714285714,0.0,0.6269007474184036,0.5890055894851685,0.07678778935223818,0.2626713886857033,0.0,0.0,0.0,0.0,0.0,18473,global,0.0
3,1,lr5e-05_bs16_drop0p4_temp1p0_a0p25_b0p05__wd1e-04trmiss0_degmodglobal,16,5e-05,0.0001,0.4,1.0,0.25,0.05,lr5e-05_bs16_drop0p4_temp1p0_a0p25_b0p05__wd1e-04trmiss0_degmodglobal,30,0.6436651796102524,0.6952993273735046,0.4666666666666667,0.7080687830687831,0.5714285714285714,0.0,0.623426765203476,0.6213667690753937,0.0589619530364871,0.15115851536393166,0.0,0.0,0.0,0.0,0.0,18473,global,0.0
3,1,lr5e-05_bs16_drop0p4_temp1p0_a0p25_b0p05__wd1e-04trmiss0_degmodglobal,16,5e-05,0.0001,0.4,1.0,0.25,0.05,lr5e-05_bs16_drop0p4_temp1p0_a0p25_b0p05__wd1e-04trmiss0_degmodglobal,31,0.5923565626144409,0.6802873015403748,0.48888888888888893,0.6988095238095238,0.5714285714285714,0.0,0.5446671694517136,0.5553581565618515,0.0845424085855484,0.31725649535655975,0.0,0.0,0.0,0.0,0.0,18473,global,0.0
3,1,lr5e-05_bs16_drop0p4_temp1p0_a0p25_b0p05__wd1e-04trmiss0_degmodglobal,16,5e-05,0.0001,0.4,1.0,0.25,0.05,lr5e-05_bs16_drop0p4_temp1p0_a0p25_b0p05__wd1e-04trmiss0_degmodglobal,32,0.5847671031951904,0.6733081340789795,0.5333333333333333,0.7161255411255412,0.7142857142857143,0.0,0.5706989765167236,0.5579588860273361,0.07266881689429283,0.1728204470127821,0.0,0.0,0.0,0.0,0.0,18473,global,0.0
3,1,lr5e-05_bs16_drop0p4_temp1p0_a0p25_b0p05__wd1e-04trmiss0_degmodglobal,16,5e-05,0.0001,0.4,1.0,0.25,0.05,lr5e-05_bs16_drop0p4_temp1p0_a0p25_b0p05__wd1e-04trmiss0_degmodglobal,33,0.5764905512332916,0.6726841330528259,0.5111111111111111,0.6994588744588746,0.7142857142857143,0.0,0.5785235613584518,0.5462333112955093,0.0716869980096817,0.24671019986271858,0.0,0.0,0.0,0.0,0.0,18473,global,0.0
3,1,lr5e-05_bs16_drop0p4_temp1p0_a0p25_b0p05__wd1e-04trmiss0_degmodglobal,16,5e-05,0.0001,0.4,1.0,0.25,0.05,lr5e-05_bs16_drop0p4_temp1p0_a0p25_b0p05__wd1e-04trmiss0_degmodglobal,34,0.6209249794483185,0.6740955710411072,0.5333333333333333,0.7161255411255412,0.7142857142857143,0.0,0.6100471168756485,0.5896602869033813,0.07828254532068968,0.23388108238577843,0.0,0.0,0.0,0.0,0.0,18473,global,0.0
3,1,lr5e-05_bs16_drop0p4_temp1p0_a0p25_b0p05__wd1e-04trmiss0_degmodglobal,16,5e-05,0.0001,0.4,1.0,0.25,0.05,lr5e-05_bs16_drop0p4_temp1p0_a0p25_b0p05__wd1e-04trmiss0_degmodglobal,35,0.5548575520515442,0.6807085275650024,0.5333333333333333,0.7161255411255412,0.6428571428571429,0.0,0.528238445520401,0.5349719673395157,0.050442785024642944,0.14549744874238968,0.0,0.0,0.0,0.0,0.0,18473,global,0.0
3,1,lr5e-05_bs16_drop0p4_temp1p0_a0p25_b0p05__wd1e-04trmiss0_degmodglobal,16,5e-05,0.0001,0.4,1.0,0.25,0.05,lr5e-05_bs16_drop0p4_temp1p0_a0p25_b0p05__wd1e-04trmiss0_degmodglobal,36,0.5536314994096756,0.68057781457901,0.5333333333333333,0.7093795093795094,0.6428571428571429,0.0,0.5716060698032379,0.5271913558244705,0.07073287945240736,0.17513823881745338,0.0,0.0,0.0,0.0,0.0,18473,global,0.0
3,1,lr5e-05_bs16_drop0p4_temp1p0_a0p25_b0p05__wd1e-04trmiss0_degmodglobal,16,5e-05,0.0001,0.4,1.0,0.25,0.05,lr5e-05_bs16_drop0p4_temp1p0_a0p25_b0p05__wd1e-04trmiss0_degmodglobal,37,0.5717365145683289,0.6878331899642944,0.5111111111111111,0.6994588744588746,0.7142857142857143,0.0,0.5289201512932777,0.5343206077814102,0.09738186374306679,0.26140889897942543,0.0,0.0,0.0,0.0,0.0,18473,global,0.0
3,1,lr5e-05_bs16_drop0p4_temp1p0_a0p25_b0p05__wd1e-04trmiss0_degmodglobal,16,5e-05,0.0001,0.4,1.0,0.25,0.05,lr5e-05_bs16_drop0p4_temp1p0_a0p25_b0p05__wd1e-04trmiss0_degmodglobal,38,0.5730474144220352,0.6876131296157837,0.5111111111111111,0.6994588744588746,0.7142857142857143,0.0,0.5814467519521713,0.5428365617990494,0.07152180466800928,0.24660752899944782,0.0,0.0,0.0,0.0,0.0,18473,global,0.0
3,1,lr5e-05_bs16_drop0p4_temp2p0_a0p25_b0p05__wd1e-04trmiss0_degmodglobal,16,5e-05,0.0001,0.4,2.0,0.25,0.05,lr5e-05_bs16_drop0p4_temp2p0_a0p25_b0p05__wd1e-04trmiss0_degmodglobal,1,0.8216458112001419,0.7008612751960754,0.6,0.7963302129968797,0.5714285714285714,0.0,0.6907037496566772,0.7888246029615402,0.08411774504929781,0.23583514615893364,0.0,0.0,0.0,0.0,0.0,18473,global,0.0
3,1,lr5e-05_bs16_drop0p4_temp2p0_a0p25_b0p05__wd1e-04trmiss0_degmodglobal,16,5e-05,0.0001,0.4,2.0,0.25,0.05,lr5e-05_bs16_drop0p4_temp2p0_a0p25_b0p05__wd1e-04trmiss0_degmodglobal,2,0.7595051825046539,0.6999151110649109,0.6,0.7963302129968797,0.5714285714285714,0.0,0.6804535388946533,0.7365356385707855,0.0654223645105958,0.13227859139442444,0.0,0.0,0.0,0.0,0.0,18473,global,0.0
3,1,lr5e-05_bs16_drop0p4_temp2p0_a0p25_b0p05__wd1e-04trmiss0_degmodglobal,16,5e-05,0.0001,0.4,2.0,0.25,0.05,lr5e-05_bs16_drop0p4_temp2p0_a0p25_b0p05__wd1e-04trmiss0_degmodglobal,3,0.7806766182184219,0.7058435678482056,0.5333333333333333,0.7713582713582714,0.5714285714285714,0.0,0.7000571489334106,0.7522231936454773,0.07403719238936901,0.19888238608837128,0.0,0.0,0.0,0.0,0.0,18473,global,0.0
3,1,lr5e-05_bs16_drop0p4_temp2p0_a0p25_b0p05__wd1e-04trmiss0_degmodglobal,16,5e-05,0.0001,0.4,2.0,0.25,0.05,lr5e-05_bs16_drop0p4_temp2p0_a0p25_b0p05__wd1e-04trmiss0_degmodglobal,4,0.7404879331588745,0.7119816541671753,0.48888888888888893,0.7065434565434565,0.5,0.0,0.6450935453176498,0.7196067422628403,0.05457659624516964,0.14474045298993587,0.0,0.0,0.0,0.0,0.0,18473,global,0.0
3,1,lr5e-05_bs16_drop0p4_temp2p0_a0p25_b0p05__wd1e-04trmiss0_degmodglobal,16,5e-05,0.0001,0.4,2.0,0.25,0.05,lr5e-05_bs16_drop0p4_temp2p0_a0p25_b0p05__wd1e-04trmiss0_degmodglobal,5,0.7617775797843933,0.7150489091873169,0.4666666666666667,0.650987900987901,0.5,0.0,0.61444491147995,0.736782431602478,0.0641191378235817,0.1793076042085886,0.0,0.0,0.0,0.0,0.0,18473,global,0.0
3,1,lr5e-05_bs16_drop0p4_temp2p0_a0p25_b0p05__wd1e-04trmiss0_degmodglobal,16,5e-05,0.0001,0.4,2.0,0.25,0.05,lr5e-05_bs16_drop0p4_temp2p0_a0p25_b0p05__wd1e-04trmiss0_degmodglobal,6,0.7235453128814697,0.7153937816619873,0.4666666666666667,0.650987900987901,0.5,0.0,0.6431674659252167,0.6948629766702652,0.07790936343371868,0.18409994803369045,0.0,0.0,0.0,0.0,0.0,18473,global,0.0
3,1,lr5e-05_bs16_drop0p4_temp2p0_a0p25_b0p05__wd1e-04trmiss0_degmodglobal,16,5e-05,0.0001,0.4,2.0,0.25,0.05,lr5e-05_bs16_drop0p4_temp2p0_a0p25_b0p05__wd1e-04trmiss0_degmodglobal,7,0.7104640156030655,0.7177436351776123,0.4666666666666667,0.650987900987901,0.5,0.0,0.6343113631010056,0.6884962171316147,0.06034594029188156,0.13762687891721725,0.0,0.0,0.0,0.0,0.0,18473,global,0.0
3,1,lr5e-05_bs16_drop0p4_temp2p0_a0p25_b0p05__wd1e-04trmiss0_degmodglobal,16,5e-05,0.0001,0.4,2.0,0.25,0.05,lr5e-05_bs16_drop0p4_temp2p0_a0p25_b0p05__wd1e-04trmiss0_degmodglobal,8,0.7179165184497833,0.7228487730026245,0.4666666666666667,0.6583953083953085,0.5,0.0,0.6610484719276428,0.694012850522995,0.06716745905578136,0.14223642367869616,0.0,0.0,0.0,0.0,0.0,18473,global,0.0
3,1,lr5e-05_bs16_drop0p4_temp2p0_a0p25_b0p05__wd1e-04trmiss0_degmodglobal,16,5e-05,0.0001,0.4,2.0,0.25,0.05,lr5e-05_bs16_drop0p4_temp2p0_a0p25_b0p05__wd1e-04trmiss0_degmodglobal,9,0.7094779908657074,0.7226750254631042,0.5111111111111111,0.6790302290302291,0.5,0.0,0.6387355178594589,0.6873126924037933,0.05839515943080187,0.15132997371256351,0.0,0.0,0.0,0.0,0.0,18473,global,0.0
3,1,lr5e-05_bs16_drop0p4_temp2p0_a0p25_b0p05__wd1e-04trmiss0_degmodglobal,16,5e-05,0.0001,0.4,2.0,0.25,0.05,lr5e-05_bs16_drop0p4_temp2p0_a0p25_b0p05__wd1e-04trmiss0_degmodglobal,10,0.737743616104126,0.7215750217437744,0.5111111111111111,0.6790302290302291,0.5,0.0,0.6575118750333786,0.7136043012142181,0.06394884176552296,0.16304227523505688,0.0,0.0,0.0,0.0,0.0,18473,global,0.0
3,1,lr5e-05_bs16_drop0p4_temp2p0_a0p25_b0p05__wd1e-04trmiss0_degmodglobal,16,5e-05,0.0001,0.4,2.0,0.25,0.05,lr5e-05_bs16_drop0p4_temp2p0_a0p25_b0p05__wd1e-04trmiss0_degmodglobal,11,0.6918848752975464,0.7189385294914246,0.5111111111111111,0.6790302290302291,0.5714285714285714,0.0,0.5941380709409714,0.670032188296318,0.060094308108091354,0.13658228516578674,0.0,0.0,0.0,0.0,0.0,18473,global,0.0
3,1,lr5e-05_bs16_drop0p4_temp2p0_a0p25_b0p05__wd1e-04trmiss0_degmodglobal,16,5e-05,0.0001,0.4,2.0,0.25,0.05,lr5e-05_bs16_drop0p4_temp2p0_a0p25_b0p05__wd1e-04trmiss0_degmodglobal,12,0.6827803999185562,0.7173811197280884,0.5111111111111111,0.6790302290302291,0.5714285714285714,0.0,0.5944852530956268,0.6606327593326569,0.060823118314146996,0.13883687276393175,0.0,0.0,0.0,0.0,0.0,18473,global,0.0
3,1,lr5e-05_bs16_drop0p4_temp2p0_a0p25_b0p05__wd1e-04trmiss0_degmodglobal,16,5e-05,0.0001,0.4,2.0,0.25,0.05,lr5e-05_bs16_drop0p4_temp2p0_a0p25_b0p05__wd1e-04trmiss0_degmodglobal,13,0.691055029630661,0.7163277268409729,0.5111111111111111,0.6790302290302291,0.5714285714285714,0.0,0.6210615932941437,0.664142519235611,0.07990902848541737,0.1387050412595272,0.0,0.0,0.0,0.0,0.0,18473,global,0.0
3,1,lr5e-05_bs16_drop0p4_temp2p0_a0p25_b0p05__wd1e-04trmiss0_degmodglobal,16,5e-05,0.0001,0.4,2.0,0.25,0.05,lr5e-05_bs16_drop0p4_temp2p0_a0p25_b0p05__wd1e-04trmiss0_degmodglobal,14,0.6833997368812561,0.7182131409645081,0.48888888888888893,0.6716228216228217,0.6428571428571429,0.0,0.5963621884584427,0.6639724522829056,0.05114225810393691,0.13283441588282585,0.0,0.0,0.0,0.0,0.0,18473,global,0.0
3,1,lr5e-05_bs16_drop0p4_temp2p0_a0p25_b0p05__wd1e-04trmiss0_degmodglobal,16,5e-05,0.0001,0.4,2.0,0.25,0.05,lr5e-05_bs16_drop0p4_temp2p0_a0p25_b0p05__wd1e-04trmiss0_degmodglobal,15,0.6868050694465637,0.7218185663223267,0.48888888888888893,0.6716228216228217,0.6428571428571429,0.0,0.5950753837823868,0.6656506955623627,0.05404422152787447,0.15286644361913204,0.0,0.0,0.0,0.0,0.0,18473,global,0.0
3,1,lr5e-05_bs16_drop0p4_temp2p0_a0p25_b0p05__wd1e-04trmiss0_degmodglobal,16,5e-05,0.0001,0.4,2.0,0.25,0.05,lr5e-05_bs16_drop0p4_temp2p0_a0p25_b0p05__wd1e-04trmiss0_degmodglobal,16,0.7010440975427628,0.7177274227142334,0.48888888888888893,0.6716228216228217,0.6428571428571429,0.0,0.6065255552530289,0.6747571229934692,0.06931248493492603,0.1791771799325943,0.0,0.0,0.0,0.0,0.0,18473,global,0.0
3,1,lr5e-05_bs16_drop0p4_temp2p0_a0p25_b0p05__wd1e-04trmiss0_degmodglobal,16,5e-05,0.0001,0.4,2.0,0.25,0.05,lr5e-05_bs16_drop0p4_temp2p0_a0p25_b0p05__wd1e-04trmiss0_degmodglobal,17,0.7022875100374222,0.7155793905258179,0.48888888888888893,0.6716228216228217,0.5714285714285714,0.0,0.59081169962883,0.6765849590301514,0.06227545067667961,0.20267374254763126,0.0,0.0,0.0,0.0,0.0,18473,global,0.0
3,1,lr5e-05_bs16_drop0p4_temp2p0_a0p25_b0p05__wd1e-04trmiss0_degmodglobal,16,5e-05,0.0001,0.4,2.0,0.25,0.05,lr5e-05_bs16_drop0p4_temp2p0_a0p25_b0p05__wd1e-04trmiss0_degmodglobal,18,0.6954637467861176,0.7125466465950012,0.5111111111111111,0.6790302290302291,0.6428571428571429,0.0,0.5779955983161926,0.6675065606832504,0.0747830979526043,0.18522805534303188,0.0,0.0,0.0,0.0,0.0,18473,global,0.0
3,1,lr5e-05_bs16_drop0p4_temp2p0_a0p25_b0p05__wd1e-04trmiss0_degmodglobal,16,5e-05,0.0001,0.4,2.0,0.25,0.05,lr5e-05_bs16_drop0p4_temp2p0_a0p25_b0p05__wd1e-04trmiss0_degmodglobal,19,0.6913179755210876,0.7122731804847717,0.5111111111111111,0.6790302290302291,0.6428571428571429,0.0,0.5981342941522598,0.6637364625930786,0.07109856978058815,0.19613758847117424,0.0,0.0,0.0,0.0,0.0,18473,global,0.0
3,1,lr5e-05_bs16_drop0p4_temp2p0_a0p25_b0p05__wd1e-04trmiss0_degmodglobal,16,5e-05,0.0001,0.4,2.0,0.25,0.05,lr5e-05_bs16_drop0p4_temp2p0_a0p25_b0p05__wd1e-04trmiss0_degmodglobal,20,0.6973405182361603,0.7131134271621704,0.5111111111111111,0.6790302290302291,0.6428571428571429,0.0,0.6028485894203186,0.672140046954155,0.06492361333221197,0.17939183861017227,0.0,0.0,0.0,0.0,0.0,18473,global,0.0
3,1,lr5e-05_bs16_drop0p4_temp2p0_a0p25_b0p05__wd1e-04trmiss0_degmodglobal,16,5e-05,0.0001,0.4,2.0,0.25,0.05,lr5e-05_bs16_drop0p4_temp2p0_a0p25_b0p05__wd1e-04trmiss0_degmodglobal,21,0.6843115389347076,0.7164332866668701,0.48888888888888893,0.6716228216228217,0.6428571428571429,0.0,0.5544596165418625,0.6608057469129562,0.058713776990771294,0.17654708214104176,0.0,0.0,0.0,0.0,0.0,18473,global,0.0
3,1,lr5e-05_bs16_drop0p4_temp2p0_a0p25_b0p05__wd1e-04trmiss0_degmodglobal,16,5e-05,0.0001,0.4,2.0,0.25,0.05,lr5e-05_bs16_drop0p4_temp2p0_a0p25_b0p05__wd1e-04trmiss0_degmodglobal,22,0.7122843563556671,0.716989278793335,0.48888888888888893,0.6716228216228217,0.6428571428571429,0.0,0.6224767714738846,0.68621926009655,0.06832373421639204,0.17968290392309427,0.0,0.0,0.0,0.0,0.0,18473,global,0.0
3,1,lr5e-05_bs16_drop0p4_temp2p0_a0p25_b0p05__wd1e-04trmiss0_degmodglobal,16,5e-05,0.0001,0.4,2.0,0.25,0.05,lr5e-05_bs16_drop0p4_temp2p0_a0p25_b0p05__wd1e-04trmiss0_degmodglobal,23,0.6853795796632767,0.717815637588501,0.48888888888888893,0.6716228216228217,0.6428571428571429,0.0,0.556578204035759,0.6594743430614471,0.06636560894548893,0.18627655878663063,0.0,0.0,0.0,0.0,0.0,18473,global,0.0
3,1,lr5e-05_bs16_drop0p4_temp2p0_a0p25_b0p05__wd1e-04trmiss0_degmodglobal,16,5e-05,0.0001,0.4,2.0,0.25,0.05,lr5e-05_bs16_drop0p4_temp2p0_a0p25_b0p05__wd1e-04trmiss0_degmodglobal,24,0.6744973957538605,0.7182287573814392,0.5111111111111111,0.6773208273208274,0.5714285714285714,0.0,0.5637229979038239,0.6544995456933975,0.05448231939226389,0.12754584662616253,0.0,0.0,0.0,0.0,0.0,18473,global,0.0
3,1,lr5e-05_bs16_drop0p4_temp2p0_a0p25_b0p05__wd1e-04trmiss0_degmodglobal,16,5e-05,0.0001,0.4,2.0,0.25,0.05,lr5e-05_bs16_drop0p4_temp2p0_a0p25_b0p05__wd1e-04trmiss0_degmodglobal,25,0.7159262448549271,0.7182053327560425,0.5111111111111111,0.6773208273208274,0.6428571428571429,0.0,0.5989722311496735,0.6826799213886261,0.0779821053147316,0.27501608058810234,0.0,0.0,0.0,0.0,0.0,18473,global,0.0
3,1,lr5e-05_bs16_drop0p4_temp2p0_a0p25_b0p05__wd1e-04trmiss0_degmodglobal,16,5e-05,0.0001,0.4,2.0,0.25,0.05,lr5e-05_bs16_drop0p4_temp2p0_a0p25_b0p05__wd1e-04trmiss0_degmodglobal,26,0.6724436283111572,0.7160165309906006,0.5111111111111111,0.6773208273208274,0.6428571428571429,0.0,0.557282879948616,0.6348584592342377,0.10498371440917253,0.22678478434681892,0.0,0.0,0.0,0.0,0.0,18473,global,0.0
3,1,lr5e-05_bs16_drop0p4_temp2p0_a0p25_b0p05__wd1e-04trmiss0_degmodglobal,16,5e-05,0.0001,0.4,2.0,0.25,0.05,lr5e-05_bs16_drop0p4_temp2p0_a0p25_b0p05__wd1e-04trmiss0_degmodglobal,27,0.7172421216964722,0.7141593098640442,0.5111111111111111,0.6773208273208274,0.6428571428571429,0.0,0.580902636051178,0.6881430894136429,0.07583341933786869,0.2028135098516941,0.0,0.0,0.0,0.0,0.0,18473,global,0.0
3,1,lr5e-05_bs16_drop0p4_temp2p0_a0p25_b0p05__wd1e-04trmiss0_degmodglobal,16,5e-05,0.0001,0.4,2.0,0.25,0.05,lr5e-05_bs16_drop0p4_temp2p0_a0p25_b0p05__wd1e-04trmiss0_degmodglobal,28,0.6804675459861755,0.7143574357032776,0.48888888888888893,0.6716228216228217,0.6428571428571429,0.0,0.5804886519908905,0.6558922231197357,0.06579908262938261,0.1625109799206257,0.0,0.0,0.0,0.0,0.0,18473,global,0.0
3,1,lr5e-05_bs16_drop0p4_temp2p0_a0p25_b0p05__wd1e-04trmiss0_degmodglobal,16,5e-05,0.0001,0.4,2.0,0.25,0.05,lr5e-05_bs16_drop0p4_temp2p0_a0p25_b0p05__wd1e-04trmiss0_degmodglobal,29,0.7016929537057877,0.714471161365509,0.5111111111111111,0.6773208273208274,0.6428571428571429,0.0,0.5871418416500092,0.669872835278511,0.08615401200950146,0.20563247054815292,0.0,0.0,0.0,0.0,0.0,18473,global,0.0
3,1,lr5e-05_bs16_drop0p4_temp2p0_a0p25_b0p05__wd1e-04trmiss0_degmodglobal,16,5e-05,0.0001,0.4,2.0,0.25,0.05,lr5e-05_bs16_drop0p4_temp2p0_a0p25_b0p05__wd1e-04trmiss0_degmodglobal,30,0.6748790889978409,0.7103390097618103,0.48888888888888893,0.6716228216228217,0.6428571428571429,0.0,0.5736936628818512,0.6501661837100983,0.06522546708583832,0.16813063900917768,0.0,0.0,0.0,0.0,0.0,18473,global,0.0
3,1,lr5e-05_bs16_drop0p4_temp2p0_a0p25_b0p05__wd1e-04trmiss0_degmodglobal,16,5e-05,0.0001,0.4,2.0,0.25,0.05,lr5e-05_bs16_drop0p4_temp2p0_a0p25_b0p05__wd1e-04trmiss0_degmodglobal,31,0.7198528796434402,0.7086154818534851,0.5333333333333333,0.6882894882894884,0.6428571428571429,0.0,0.5561112612485886,0.6819353997707367,0.09552327916026115,0.280732873827219,0.0,0.0,0.0,0.0,0.0,18473,global,0.0
3,1,lr5e-05_bs16_drop0p4_temp2p0_a0p25_b0p05__wd1e-04trmiss0_degmodglobal,16,5e-05,0.0001,0.4,2.0,0.25,0.05,lr5e-05_bs16_drop0p4_temp2p0_a0p25_b0p05__wd1e-04trmiss0_degmodglobal,32,0.7261549532413483,0.7127906680107117,0.5111111111111111,0.6773208273208274,0.5714285714285714,0.0,0.5732343047857285,0.6835806667804718,0.10934221744537354,0.30477480962872505,0.0,0.0,0.0,0.0,0.0,18473,global,0.0
3,1,lr5e-05_bs16_drop0p4_temp2p0_a0p25_b0p05__wd1e-04trmiss0_degmodglobal,16,5e-05,0.0001,0.4,2.0,0.25,0.05,lr5e-05_bs16_drop0p4_temp2p0_a0p25_b0p05__wd1e-04trmiss0_degmodglobal,33,0.6806370913982391,0.7115822434425354,0.4888888888888889,0.6615800865800866,0.5714285714285714,0.0,0.5871359407901764,0.6477676182985306,0.08866849727928638,0.21404685080051422,0.0,0.0,0.0,0.0,0.0,18473,global,0.0
3,1,lr5e-05_bs16_drop0p4_temp2p0_a0p25_b0p05__wd1e-04trmiss0_degmodglobal,16,5e-05,0.0001,0.4,2.0,0.25,0.05,lr5e-05_bs16_drop0p4_temp2p0_a0p25_b0p05__wd1e-04trmiss0_degmodglobal,34,0.7287187427282333,0.7163649201393127,0.4888888888888889,0.6640933140933142,0.5714285714285714,0.0,0.6070644110441208,0.6977513432502747,0.08146319538354874,0.21203207597136497,0.0,0.0,0.0,0.0,0.0,18473,global,0.0
3,1,lr5e-05_bs16_drop0p4_temp2p0_a0p25_b0p05__wd1e-04trmiss0_degmodglobal,16,5e-05,0.0001,0.4,2.0,0.25,0.05,lr5e-05_bs16_drop0p4_temp2p0_a0p25_b0p05__wd1e-04trmiss0_degmodglobal,35,0.7231621593236923,0.71853107213974,0.4888888888888889,0.6640933140933142,0.5714285714285714,0.0,0.5951712727546692,0.6929246336221695,0.08111988287419081,0.19915097672492266,0.0,0.0,0.0,0.0,0.0,18473,global,0.0
3,1,lr5e-05_bs16_drop0p4_temp2p0_a0p25_b0p05__wd1e-04trmiss0_degmodglobal,16,5e-05,0.0001,0.4,2.0,0.25,0.05,lr5e-05_bs16_drop0p4_temp2p0_a0p25_b0p05__wd1e-04trmiss0_degmodglobal,36,0.6856869757175446,0.7189069390296936,0.5555555555555556,0.6939874939874942,0.5714285714285714,0.0,0.5694034248590469,0.6559206694364548,0.07239984162151814,0.2333273347467184,0.0,0.0,0.0,0.0,0.0,18473,global,0.0
3,1,lr5e-05_bs16_drop0p4_temp2p0_a0p25_b0p05__wd1e-04trmiss0_degmodglobal,16,5e-05,0.0001,0.4,2.0,0.25,0.05,lr5e-05_bs16_drop0p4_temp2p0_a0p25_b0p05__wd1e-04trmiss0_degmodglobal,37,0.6908193379640579,0.715988039970398,0.5333333333333333,0.6847282347282349,0.5714285714285714,0.0,0.565222293138504,0.6624210178852081,0.07266299240291119,0.20465141907334328,0.0,0.0,0.0,0.0,0.0,18473,global,0.0
3,1,lr5e-05_bs16_drop0p4_temp2p0_a0p25_b0p05__wd1e-04trmiss0_degmodglobal,16,5e-05,0.0001,0.4,2.0,0.25,0.05,lr5e-05_bs16_drop0p4_temp2p0_a0p25_b0p05__wd1e-04trmiss0_degmodglobal,38,0.7075735330581665,0.7144338488578796,0.5111111111111111,0.6773208273208274,0.5714285714285714,0.0,0.5793406963348389,0.6706914305686951,0.09380565769970417,0.26861347258090973,0.0,0.0,0.0,0.0,0.0,18473,global,0.0
3,1,lr5e-05_bs16_drop0p4_temp2p0_a0p25_b0p05__wd1e-04trmiss0_degmodglobal,16,5e-05,0.0001,0.4,2.0,0.25,0.05,lr5e-05_bs16_drop0p4_temp2p0_a0p25_b0p05__wd1e-04trmiss0_degmodglobal,39,0.6648880243301392,0.7138773798942566,0.4666666666666666,0.6541726791726793,0.5714285714285714,0.0,0.5418576747179031,0.6395822763442993,0.06721577513962984,0.17003584280610085,0.0,0.0,0.0,0.0,0.0,18473,global,0.0
3,1,lr5e-05_bs16_drop0p4_temp2p0_a0p25_b0p05__wd1e-04trmiss0_degmodglobal,16,5e-05,0.0001,0.4,2.0,0.25,0.05,lr5e-05_bs16_drop0p4_temp2p0_a0p25_b0p05__wd1e-04trmiss0_degmodglobal,40,0.7087326049804688,0.7153727412223816,0.4888888888888889,0.6615800865800866,0.5714285714285714,0.0,0.5751166492700577,0.6780867576599121,0.07334662973880768,0.24618377164006233,0.0,0.0,0.0,0.0,0.0,18473,global,0.0
3,1,lr5e-05_bs16_drop0p4_temp2p0_a0p25_b0p05__wd1e-04trmiss0_degmodglobal,16,5e-05,0.0001,0.4,2.0,0.25,0.05,lr5e-05_bs16_drop0p4_temp2p0_a0p25_b0p05__wd1e-04trmiss0_degmodglobal,41,0.6608456820249557,0.7120153307914734,0.5555555555555556,0.7402837902837904,0.5714285714285714,0.0,0.5336920544505119,0.6362548321485519,0.06203232426196337,0.18165572360157967,0.0,0.0,0.0,0.0,0.0,18473,global,0.0
3,1,lr5e-05_bs16_drop0p4_temp2p0_a0p25_b0p05__wd1e-04trmiss0_degmodglobal,16,5e-05,0.0001,0.4,2.0,0.25,0.05,lr5e-05_bs16_drop0p4_temp2p0_a0p25_b0p05__wd1e-04trmiss0_degmodglobal,42,0.7061905413866043,0.7117210626602173,0.5333333333333333,0.7328763828763829,0.5714285714285714,0.0,0.5412552431225777,0.6737029105424881,0.0865809004753828,0.2168477065861225,0.0,0.0,0.0,0.0,0.0,18473,global,0.0
3,1,lr5e-05_bs16_drop0p4_temp2p0_a0p25_b0p05__wd1e-04trmiss0_degmodglobal,16,5e-05,0.0001,0.4,2.0,0.25,0.05,lr5e-05_bs16_drop0p4_temp2p0_a0p25_b0p05__wd1e-04trmiss0_degmodglobal,43,0.6862707883119583,0.7111814022064209,0.5777777777777777,0.705892255892256,0.5714285714285714,0.0,0.5057850107550621,0.6496255844831467,0.08702816627919674,0.2977626956999302,0.0,0.0,0.0,0.0,0.0,18473,global,0.0
3,1,lr5e-05_bs16_drop0p4_temp2p0_a0p25_b0p05__wd1e-04trmiss0_degmodglobal,16,5e-05,0.0001,0.4,2.0,0.25,0.05,lr5e-05_bs16_drop0p4_temp2p0_a0p25_b0p05__wd1e-04trmiss0_degmodglobal,44,0.6500980257987976,0.7094728946685791,0.6,0.7614478114478116,0.5714285714285714,0.0,0.5543550401926041,0.618702694773674,0.08371612057089806,0.20932592451572418,0.0,0.0,0.0,0.0,0.0,18473,global,0.0
3,1,lr5e-05_bs16_drop0p4_temp2p0_a0p25_b0p05__wd1e-04trmiss0_degmodglobal,16,5e-05,0.0001,0.4,2.0,0.25,0.05,lr5e-05_bs16_drop0p4_temp2p0_a0p25_b0p05__wd1e-04trmiss0_degmodglobal,45,0.6998996287584305,0.7076097130775452,0.5555555555555556,0.6939874939874942,0.6428571428571429,0.0,0.502383679151535,0.6576220095157623,0.1056289803236723,0.31740768998861313,0.0,0.0,0.0,0.0,0.0,18473,global,0.0
3,1,lr5e-05_bs16_drop0p4_temp2p0_a0p25_b0p05__wd1e-04trmiss0_degmodglobal,16,5e-05,0.0001,0.4,2.0,0.25,0.05,lr5e-05_bs16_drop0p4_temp2p0_a0p25_b0p05__wd1e-04trmiss0_degmodglobal,46,0.638869509100914,0.7074792981147766,0.5555555555555556,0.6939874939874942,0.5714285714285714,0.0,0.548974335193634,0.609362319111824,0.07412497326731682,0.21951892180368304,0.0,0.0,0.0,0.0,0.0,18473,global,0.0
3,1,lr5e-05_bs16_drop0p4_temp2p0_a0p25_b0p05__wd1e-04trmiss0_degmodglobal,16,5e-05,0.0001,0.4,2.0,0.25,0.05,lr5e-05_bs16_drop0p4_temp2p0_a0p25_b0p05__wd1e-04trmiss0_degmodglobal,47,0.7035073488950729,0.7101889252662659,0.5555555555555556,0.6939874939874942,0.5714285714285714,0.0,0.5269986689090729,0.6696614176034927,0.08486472256481647,0.25259463489055634,0.0,0.0,0.0,0.0,0.0,18473,global,0.0
3,1,lr5e-05_bs16_drop0p4_temp2p0_a0p25_b0p05__wd1e-04trmiss0_degmodglobal,16,5e-05,0.0001,0.4,2.0,0.25,0.05,lr5e-05_bs16_drop0p4_temp2p0_a0p25_b0p05__wd1e-04trmiss0_degmodglobal,48,0.6752820461988449,0.7105706334114075,0.5777777777777777,0.705892255892256,0.5714285714285714,0.0,0.5425619333982468,0.6412531137466431,0.08976639620959759,0.231746643781662,0.0,0.0,0.0,0.0,0.0,18473,global,0.0
3,1,lr5e-05_bs16_drop0p4_temp2p0_a0p25_b0p05__wd1e-04trmiss0_degmodglobal,16,5e-05,0.0001,0.4,2.0,0.25,0.05,lr5e-05_bs16_drop0p4_temp2p0_a0p25_b0p05__wd1e-04trmiss0_degmodglobal,49,0.7327271699905396,0.7122257947921753,0.4888888888888889,0.6615800865800866,0.5714285714285714,0.0,0.5100217312574387,0.6946918368339539,0.09448485635221004,0.28828225657343864,0.0,0.0,0.0,0.0,0.0,18473,global,0.0
3,1,lr5e-05_bs16_drop0p4_temp2p0_a0p25_b0p05__wd1e-04trmiss0_degmodglobal,16,5e-05,0.0001,0.4,2.0,0.25,0.05,lr5e-05_bs16_drop0p4_temp2p0_a0p25_b0p05__wd1e-04trmiss0_degmodglobal,50,0.6871619075536728,0.7114517092704773,0.5111111111111111,0.6773208273208274,0.5714285714285714,0.0,0.5397247970104218,0.6603649854660034,0.0700435396283865,0.18572073988616467,0.0,0.0,0.0,0.0,0.0,18473,global,0.0
3,1,lr5e-05_bs16_drop0p4_temp2p0_a0p25_b0p05__wd1e-04trmiss0_degmodglobal,16,5e-05,0.0001,0.4,2.0,0.25,0.05,lr5e-05_bs16_drop0p4_temp2p0_a0p25_b0p05__wd1e-04trmiss0_degmodglobal,51,0.7018329203128815,0.7112067937850952,0.5111111111111111,0.6773208273208274,0.5714285714285714,0.0,0.531065933406353,0.6610986143350601,0.0940845487639308,0.34426336735486984,0.0,0.0,0.0,0.0,0.0,18473,global,0.0
3,1,lr5e-05_bs16_drop0p4_temp2p0_a0p25_b0p05__wd1e-04trmiss0_degmodglobal,16,5e-05,0.0001,0.4,2.0,0.25,0.05,lr5e-05_bs16_drop0p4_temp2p0_a0p25_b0p05__wd1e-04trmiss0_degmodglobal,52,0.6742796003818512,0.7111149430274963,0.5111111111111111,0.6773208273208274,0.5714285714285714,0.0,0.5479280948638916,0.6470347940921783,0.06629552319645882,0.21341883577406406,0.0,0.0,0.0,0.0,0.0,18473,global,0.0
3,1,lr5e-05_bs16_drop0p4_temp2p0_a0p25_b0p05__wd1e-04trmiss0_degmodglobal,16,5e-05,0.0001,0.4,2.0,0.25,0.05,lr5e-05_bs16_drop0p4_temp2p0_a0p25_b0p05__wd1e-04trmiss0_degmodglobal,53,0.6674584299325943,0.7097368836402893,0.5111111111111111,0.6773208273208274,0.5714285714285714,0.0,0.5435066521167755,0.6361944228410721,0.08265353087335825,0.212012380361557,0.0,0.0,0.0,0.0,0.0,18473,global,0.0
3,1,lr5e-05_bs16_drop0p4_temp2p0_a0p25_b0p05__wd1e-04trmiss0_degmodglobal,16,5e-05,0.0001,0.4,2.0,0.25,0.05,lr5e-05_bs16_drop0p4_temp2p0_a0p25_b0p05__wd1e-04trmiss0_degmodglobal,54,0.7002533674240112,0.7075536251068115,0.4666666666666666,0.6541726791726793,0.5714285714285714,0.0,0.5293992757797241,0.6645611971616745,0.08874114416539669,0.27013783156871796,0.0,0.0,0.0,0.0,0.0,18473,global,0.0
3,1,lr5e-05_bs16_drop0p4_temp2p0_a0p25_b0p05__wd1e-04trmiss0_degmodglobal,16,5e-05,0.0001,0.4,2.0,0.25,0.05,lr5e-05_bs16_drop0p4_temp2p0_a0p25_b0p05__wd1e-04trmiss0_degmodglobal,55,0.6838955134153366,0.7074292302131653,0.4888888888888889,0.6640933140933142,0.5714285714285714,0.0,0.5160980522632599,0.6429540514945984,0.09883687272667885,0.32464510574936867,0.0,0.0,0.0,0.0,0.0,18473,global,0.0
3,1,lr5e-05_bs16_drop0p4_temp2p0_a0p25_b0p05__wd1e-04trmiss0_degmodglobal,16,5e-05,0.0001,0.4,2.0,0.25,0.05,lr5e-05_bs16_drop0p4_temp2p0_a0p25_b0p05__wd1e-04trmiss0_degmodglobal,56,0.6827418655157089,0.7055155634880066,0.5111111111111111,0.6773208273208274,0.5714285714285714,0.0,0.5184116512537003,0.6392667591571808,0.11201303265988827,0.30943677201867104,0.0,0.0,0.0,0.0,0.0,18473,global,0.0
3,1,lr5e-05_bs16_drop0p4_temp2p0_a0p25_b0p05__wd1e-04trmiss0_degmodglobal,16,5e-05,0.0001,0.4,2.0,0.25,0.05,lr5e-05_bs16_drop0p4_temp2p0_a0p25_b0p05__wd1e-04trmiss0_degmodglobal,57,0.7338476032018661,0.7081023454666138,0.5111111111111111,0.6715007215007216,0.5714285714285714,0.0,0.5380814000964165,0.6977360993623734,0.08975438214838505,0.2734583858400583,0.0,0.0,0.0,0.0,0.0,18473,global,0.0
3,1,lr5e-05_bs16_drop0p4_temp2p0_a0p25_b0p05__wd1e-04trmiss0_degmodglobal,16,5e-05,0.0001,0.4,2.0,0.25,0.05,lr5e-05_bs16_drop0p4_temp2p0_a0p25_b0p05__wd1e-04trmiss0_degmodglobal,58,0.7131469547748566,0.7070001363754272,0.5111111111111111,0.6715007215007216,0.5714285714285714,0.0,0.5465734973549843,0.6760546267032623,0.09761163219809532,0.2537885084748268,0.0,0.0,0.0,0.0,0.0,18473,global,0.0
3,1,lr5e-05_bs16_drop0p4_temp2p0_a0p25_b0p05__wd1e-04trmiss0_degmodglobal,16,5e-05,0.0001,0.4,2.0,0.25,0.05,lr5e-05_bs16_drop0p4_temp2p0_a0p25_b0p05__wd1e-04trmiss0_degmodglobal,59,0.706949919462204,0.7116726636886597,0.4888888888888889,0.6615800865800866,0.5714285714285714,0.0,0.5769220292568207,0.667908176779747,0.10252409428358078,0.26821406930685043,0.0,0.0,0.0,0.0,0.0,18473,global,0.0
3,1,lr5e-05_bs16_drop0p4_temp2p0_a0p25_b0p05__wd1e-04trmiss0_degmodglobal,16,5e-05,0.0001,0.4,2.0,0.25,0.05,lr5e-05_bs16_drop0p4_temp2p0_a0p25_b0p05__wd1e-04trmiss0_degmodglobal,60,0.682825967669487,0.7130571603775024,0.4666666666666666,0.6541726791726793,0.5714285714285714,0.0,0.5159928202629089,0.6518039107322693,0.07386228442192078,0.251129824668169,0.0,0.0,0.0,0.0,0.0,18473,global,0.0
3,1,lr5e-05_bs16_drop0p4_temp2p0_a0p25_b0p05__wd1e-04trmiss0_degmodglobal,16,5e-05,0.0001,0.4,2.0,0.25,0.05,lr5e-05_bs16_drop0p4_temp2p0_a0p25_b0p05__wd1e-04trmiss0_degmodglobal,61,0.7054260075092316,0.7117708921432495,0.4666666666666666,0.6541726791726793,0.5714285714285714,0.0,0.5104019567370415,0.6664256453514099,0.0926996823400259,0.31650859862565994,0.0,0.0,0.0,0.0,0.0,18473,global,0.0
3,1,lr5e-05_bs16_drop0p4_temp2p0_a0p25_b0p05__wd1e-04trmiss0_degmodglobal,16,5e-05,0.0001,0.4,2.0,0.25,0.05,lr5e-05_bs16_drop0p4_temp2p0_a0p25_b0p05__wd1e-04trmiss0_degmodglobal,62,0.7101505547761917,0.713704526424408,0.5111111111111111,0.7196488696488696,0.5714285714285714,0.0,0.5735399499535561,0.6798919886350632,0.07274813670665026,0.2414305042475462,0.0,0.0,0.0,0.0,0.0,18473,global,0.0
3,1,lr5e-05_bs16_drop0p4_temp2p0_a0p25_b0p05__wd1e-04trmiss0_degmodglobal,16,5e-05,0.0001,0.4,2.0,0.25,0.05,lr5e-05_bs16_drop0p4_temp2p0_a0p25_b0p05__wd1e-04trmiss0_degmodglobal,63,0.7009163945913315,0.714339554309845,0.5111111111111111,0.6715007215007216,0.5714285714285714,0.0,0.583911582827568,0.6621407270431519,0.09024800639599562,0.32427360862493515,0.0,0.0,0.0,0.0,0.0,18473,global,0.0
3,1,lr5e-05_bs16_drop0p4_temp2p0_a0p25_b0p05__wd1e-04trmiss0_degmodglobal,16,5e-05,0.0001,0.4,2.0,0.25,0.05,lr5e-05_bs16_drop0p4_temp2p0_a0p25_b0p05__wd1e-04trmiss0_degmodglobal,64,0.7156780809164047,0.7103859186172485,0.5111111111111111,0.6773208273208274,0.6428571428571429,0.0,0.5412268787622452,0.6751312166452408,0.10776912607252598,0.2720918506383896,0.0,0.0,0.0,0.0,0.0,18473,global,0.0
3,1,lr1e-05_bs16_drop0p2_temp1p0_a0p25_b0p05__wd1e-04trmiss0_degmodglobal,16,1e-05,0.0001,0.2,1.0,0.25,0.05,lr1e-05_bs16_drop0p2_temp1p0_a0p25_b0p05__wd1e-04trmiss0_degmodglobal,1,0.7235163152217865,0.7044920325279236,0.4666666666666667,0.7302808302808304,0.42857142857142855,0.0,0.6859946697950363,0.7126651704311371,0.028292860370129347,0.07555882353335619,0.0,0.0,0.0,0.0,0.0,18473,global,0.0
3,1,lr1e-05_bs16_drop0p2_temp1p0_a0p25_b0p05__wd1e-04trmiss0_degmodglobal,16,1e-05,0.0001,0.2,1.0,0.25,0.05,lr1e-05_bs16_drop0p2_temp1p0_a0p25_b0p05__wd1e-04trmiss0_degmodglobal,2,0.7121292054653168,0.7072098851203918,0.4666666666666667,0.7302808302808304,0.42857142857142855,0.0,0.6821501553058624,0.6984846889972687,0.033722175750881433,0.10427932441234589,0.0,0.0,0.0,0.0,0.0,18473,global,0.0
3,1,lr1e-05_bs16_drop0p2_temp1p0_a0p25_b0p05__wd1e-04trmiss0_degmodglobal,16,1e-05,0.0001,0.2,1.0,0.25,0.05,lr1e-05_bs16_drop0p2_temp1p0_a0p25_b0p05__wd1e-04trmiss0_degmodglobal,3,0.7146964520215988,0.7081930041313171,0.4888888888888889,0.7376882376882379,0.42857142857142855,0.0,0.665976881980896,0.7019904106855392,0.030278585385531187,0.10272786766290665,0.0,0.0,0.0,0.0,0.0,18473,global,0.0
3,1,lr1e-05_bs16_drop0p2_temp1p0_a0p25_b0p05__wd1e-04trmiss0_degmodglobal,16,1e-05,0.0001,0.2,1.0,0.25,0.05,lr1e-05_bs16_drop0p2_temp1p0_a0p25_b0p05__wd1e-04trmiss0_degmodglobal,4,0.7075273543596268,0.7063915133476257,0.5111111111111111,0.746947496947497,0.5,0.0,0.697687104344368,0.6978467404842377,0.025065898895263672,0.06828266754746437,0.0,0.0,0.0,0.0,0.0,18473,global,0.0
3,1,lr1e-05_bs16_drop0p2_temp1p0_a0p25_b0p05__wd1e-04trmiss0_degmodglobal,16,1e-05,0.0001,0.2,1.0,0.25,0.05,lr1e-05_bs16_drop0p2_temp1p0_a0p25_b0p05__wd1e-04trmiss0_degmodglobal,5,0.7131728380918503,0.7062868475914001,0.4888888888888889,0.7376882376882379,0.5,0.0,0.660188689827919,0.7027492523193359,0.024761774111539125,0.084663150832057,0.0,0.0,0.0,0.0,0.0,18473,global,0.0
3,1,lr1e-05_bs16_drop0p2_temp1p0_a0p25_b0p05__wd1e-04trmiss0_degmodglobal,16,1e-05,0.0001,0.2,1.0,0.25,0.05,lr1e-05_bs16_drop0p2_temp1p0_a0p25_b0p05__wd1e-04trmiss0_degmodglobal,6,0.6978769302368164,0.7086420655250549,0.5111111111111111,0.7525030525030527,0.5,0.0,0.6830710619688034,0.6807976067066193,0.035529694985598326,0.1639379821717739,0.0,0.0,0.0,0.0,0.0,18473,global,0.0
3,1,lr1e-05_bs16_drop0p2_temp1p0_a0p25_b0p05__wd1e-04trmiss0_degmodglobal,16,1e-05,0.0001,0.2,1.0,0.25,0.05,lr1e-05_bs16_drop0p2_temp1p0_a0p25_b0p05__wd1e-04trmiss0_degmodglobal,7,0.7044258117675781,0.7057096362113953,0.4666666666666667,0.7302808302808304,0.5,0.0,0.6772626340389252,0.6878250986337662,0.03831777349114418,0.14042556285858154,0.0,0.0,0.0,0.0,0.0,18473,global,0.0
3,1,lr1e-05_bs16_drop0p2_temp1p0_a0p25_b0p05__wd1e-04trmiss0_degmodglobal,16,1e-05,0.0001,0.2,1.0,0.25,0.05,lr1e-05_bs16_drop0p2_temp1p0_a0p25_b0p05__wd1e-04trmiss0_degmodglobal,8,0.7057808935642242,0.7072241902351379,0.48888888888888893,0.7361730861730862,0.5,0.0,0.6968515515327454,0.6925449073314667,0.030261428095400333,0.11341224610805511,0.0,0.0,0.0,0.0,0.0,18473,global,0.0
3,1,lr1e-05_bs16_drop0p2_temp1p0_a0p25_b0p05__wd1e-04trmiss0_degmodglobal,16,1e-05,0.0001,0.2,1.0,0.25,0.05,lr1e-05_bs16_drop0p2_temp1p0_a0p25_b0p05__wd1e-04trmiss0_degmodglobal,9,0.6866057068109512,0.7096372842788696,0.4888888888888889,0.7048340548340548,0.42857142857142855,0.0,0.6743768006563187,0.6760105192661285,0.030012146569788456,0.061843627132475376,0.0,0.0,0.0,0.0,0.0,18473,global,0.0
3,1,lr1e-05_bs16_drop0p2_temp1p0_a0p25_b0p05__wd1e-04trmiss0_degmodglobal,16,1e-05,0.0001,0.2,1.0,0.25,0.05,lr1e-05_bs16_drop0p2_temp1p0_a0p25_b0p05__wd1e-04trmiss0_degmodglobal,10,0.7207511812448502,0.7091638445854187,0.5111111111111111,0.7103285603285603,0.42857142857142855,0.0,0.6773935854434967,0.7068734765052795,0.03458399884402752,0.10463360883295536,0.0,0.0,0.0,0.0,0.0,18473,global,0.0
3,1,lr1e-05_bs16_drop0p2_temp1p0_a0p25_b0p05__wd1e-04trmiss0_degmodglobal,16,1e-05,0.0001,0.2,1.0,0.25,0.05,lr1e-05_bs16_drop0p2_temp1p0_a0p25_b0p05__wd1e-04trmiss0_degmodglobal,11,0.6994308680295944,0.7091139554977417,0.5111111111111111,0.7103285603285603,0.42857142857142855,0.0,0.657772108912468,0.6867907047271729,0.03360367054119706,0.08478489704430103,0.0,0.0,0.0,0.0,0.0,18473,global,0.0
3,1,lr1e-05_bs16_drop0p2_temp1p0_a0p25_b0p05__wd1e-04trmiss0_degmodglobal,16,1e-05,0.0001,0.2,1.0,0.25,0.05,lr1e-05_bs16_drop0p2_temp1p0_a0p25_b0p05__wd1e-04trmiss0_degmodglobal,12,0.7022997587919235,0.7073032855987549,0.5111111111111111,0.7103285603285603,0.42857142857142855,0.0,0.663386344909668,0.6879231482744217,0.03830085461959243,0.09602830512449145,0.0,0.0,0.0,0.0,0.0,18473,global,0.0
3,1,lr1e-05_bs16_drop0p2_temp1p0_a0p25_b0p05__wd1e-04trmiss0_degmodglobal,16,1e-05,0.0001,0.2,1.0,0.25,0.05,lr1e-05_bs16_drop0p2_temp1p0_a0p25_b0p05__wd1e-04trmiss0_degmodglobal,13,0.6973525881767273,0.7088853716850281,0.4888888888888889,0.7048340548340548,0.42857142857142855,0.0,0.6513334214687347,0.6856430619955063,0.02765578916296363,0.09591170214116573,0.0,0.0,0.0,0.0,0.0,18473,global,0.0
3,1,lr1e-05_bs16_drop0p2_temp1p0_a0p25_b0p05__wd1e-04trmiss0_degmodglobal,16,1e-05,0.0001,0.2,1.0,0.25,0.05,lr1e-05_bs16_drop0p2_temp1p0_a0p25_b0p05__wd1e-04trmiss0_degmodglobal,14,0.6847320348024368,0.7089987397193909,0.4888888888888889,0.7048340548340548,0.42857142857142855,0.0,0.6408068090677261,0.6727417856454849,0.03111568931490183,0.08422624692320824,0.0,0.0,0.0,0.0,0.0,18473,global,0.0
3,1,lr1e-05_bs16_drop0p2_temp1p0_a0p25_b0p05__wd1e-04trmiss0_degmodglobal,16,1e-05,0.0001,0.2,1.0,0.25,0.05,lr1e-05_bs16_drop0p2_temp1p0_a0p25_b0p05__wd1e-04trmiss0_degmodglobal,15,0.6716999113559723,0.7058611512184143,0.5111111111111111,0.7103285603285603,0.5,0.0,0.6393766403198242,0.6569950878620148,0.03634630749002099,0.1123649887740612,0.0,0.0,0.0,0.0,0.0,18473,global,0.0
3,1,lr1e-05_bs16_drop0p2_temp1p0_a0p25_b0p05__wd1e-04trmiss0_degmodglobal,16,1e-05,0.0001,0.2,1.0,0.25,0.05,lr1e-05_bs16_drop0p2_temp1p0_a0p25_b0p05__wd1e-04trmiss0_degmodglobal,16,0.6960687637329102,0.7088274359703064,0.5111111111111111,0.7103285603285603,0.5,0.0,0.6239025294780731,0.6817247271537781,0.0347090233117342,0.11333552747964859,0.0,0.0,0.0,0.0,0.0,18473,global,0.0
3,1,lr1e-05_bs16_drop0p2_temp1p0_a0p25_b0p05__wd1e-04trmiss0_degmodglobal,16,1e-05,0.0001,0.2,1.0,0.25,0.05,lr1e-05_bs16_drop0p2_temp1p0_a0p25_b0p05__wd1e-04trmiss0_degmodglobal,17,0.7270386666059494,0.709463357925415,0.4888888888888889,0.7048340548340548,0.42857142857142855,0.0,0.6360359936952591,0.7115706205368042,0.04001903161406517,0.10926595516502857,0.0,0.0,0.0,0.0,0.0,18473,global,0.0
3,1,lr1e-05_bs16_drop0p2_temp1p0_a0p25_b0p05__wd1e-04trmiss0_degmodglobal,16,1e-05,0.0001,0.2,1.0,0.25,0.05,lr1e-05_bs16_drop0p2_temp1p0_a0p25_b0p05__wd1e-04trmiss0_degmodglobal,18,0.7052745372056961,0.7104820609092712,0.5111111111111111,0.7103285603285603,0.42857142857142855,0.0,0.6311595588922501,0.6934554129838943,0.030957065522670746,0.08159737847745419,0.0,0.0,0.0,0.0,0.0,18473,global,0.0
3,1,lr1e-05_bs16_drop0p2_temp1p0_a0p25_b0p05__wd1e-04trmiss0_degmodglobal,16,1e-05,0.0001,0.2,1.0,0.25,0.05,lr1e-05_bs16_drop0p2_temp1p0_a0p25_b0p05__wd1e-04trmiss0_degmodglobal,19,0.6924749463796616,0.7144447565078735,0.4888888888888889,0.7048340548340548,0.5,0.0,0.6109368205070496,0.6753289252519608,0.04412966966629028,0.12227207235991955,0.0,0.0,0.0,0.0,0.0,18473,global,0.0
3,1,lr1e-05_bs16_drop0p2_temp1p0_a0p25_b0p05__wd1e-04trmiss0_degmodglobal,16,1e-05,0.0001,0.2,1.0,0.25,0.05,lr1e-05_bs16_drop0p2_temp1p0_a0p25_b0p05__wd1e-04trmiss0_degmodglobal,20,0.7104512155056,0.7163572907447815,0.4888888888888889,0.7048340548340548,0.42857142857142855,0.0,0.6327782422304153,0.6993144452571869,0.026809412520378828,0.08868828415870667,0.0,0.0,0.0,0.0,0.0,18473,global,0.0
3,1,lr1e-05_bs16_drop0p2_temp1p0_a0p25_b0p05__wd1e-04trmiss0_degmodglobal,16,1e-05,0.0001,0.2,1.0,0.25,0.05,lr1e-05_bs16_drop0p2_temp1p0_a0p25_b0p05__wd1e-04trmiss0_degmodglobal,21,0.7042652070522308,0.7145083546638489,0.5111111111111111,0.7122414622414623,0.5,0.0,0.6186839938163757,0.6903510242700577,0.033902982249855995,0.10876876208931208,0.0,0.0,0.0,0.0,0.0,18473,global,0.0
3,1,lr1e-05_bs16_drop0p2_temp1p0_a0p25_b0p05__wd1e-04trmiss0_degmodglobal,16,1e-05,0.0001,0.2,1.0,0.25,0.05,lr1e-05_bs16_drop0p2_temp1p0_a0p25_b0p05__wd1e-04trmiss0_degmodglobal,22,0.7190638929605484,0.7146275043487549,0.4888888888888889,0.7048340548340548,0.42857142857142855,0.0,0.6244309693574905,0.7045259177684784,0.03507137671113014,0.11540228873491287,0.0,0.0,0.0,0.0,0.0,18473,global,0.0
3,1,lr1e-05_bs16_drop0p2_temp1p0_a0p25_b0p05__wd1e-04trmiss0_degmodglobal,16,1e-05,0.0001,0.2,1.0,0.25,0.05,lr1e-05_bs16_drop0p2_temp1p0_a0p25_b0p05__wd1e-04trmiss0_degmodglobal,23,0.6747914403676987,0.7092864513397217,0.4888888888888889,0.7048340548340548,0.42857142857142855,0.0,0.6127906739711761,0.6629174798727036,0.02958895033225417,0.08953444799408317,0.0,0.0,0.0,0.0,0.0,18473,global,0.0
3,1,lr1e-05_bs16_drop0p2_temp1p0_a0p25_b0p05__wd1e-04trmiss0_degmodglobal,16,1e-05,0.0001,0.2,1.0,0.25,0.05,lr1e-05_bs16_drop0p2_temp1p0_a0p25_b0p05__wd1e-04trmiss0_degmodglobal,24,0.6769162267446518,0.7094976305961609,0.4888888888888889,0.7048340548340548,0.42857142857142855,0.0,0.6070183962583542,0.6647046208381653,0.028306127060204744,0.10270147025585175,0.0,0.0,0.0,0.0,0.0,18473,global,0.0
3,1,lr1e-05_bs16_drop0p2_temp1p0_a0p25_b0p05__wd1e-04trmiss0_degmodglobal,16,1e-05,0.0001,0.2,1.0,0.25,0.05,lr1e-05_bs16_drop0p2_temp1p0_a0p25_b0p05__wd1e-04trmiss0_degmodglobal,25,0.6966910064220428,0.7068430185317993,0.4888888888888889,0.7048340548340548,0.42857142857142855,0.0,0.6302417814731598,0.6799461394548416,0.042073083110153675,0.12453148886561394,0.0,0.0,0.0,0.0,0.0,18473,global,0.0
3,1,lr1e-05_bs16_drop0p2_temp1p0_a0p25_b0p05__wd1e-04trmiss0_degmodglobal,16,1e-05,0.0001,0.2,1.0,0.25,0.05,lr1e-05_bs16_drop0p2_temp1p0_a0p25_b0p05__wd1e-04trmiss0_degmodglobal,26,0.7017846554517746,0.710300624370575,0.4888888888888889,0.7048340548340548,0.42857142857142855,0.0,0.6427377164363861,0.6880139112472534,0.03508326131850481,0.09999852534383535,0.0,0.0,0.0,0.0,0.0,18473,global,0.0
3,1,lr1e-05_bs16_drop0p2_temp1p0_a0p25_b0p05__wd1e-04trmiss0_degmodglobal,16,1e-05,0.0001,0.2,1.0,0.25,0.05,lr1e-05_bs16_drop0p2_temp1p0_a0p25_b0p05__wd1e-04trmiss0_degmodglobal,27,0.6793339848518372,0.708416759967804,0.4888888888888889,0.7048340548340548,0.42857142857142855,0.0,0.6040390878915787,0.6686044335365295,0.02783901570364833,0.07539597433060408,0.0,0.0,0.0,0.0,0.0,18473,global,0.0
3,1,lr1e-05_bs16_drop0p2_temp1p0_a0p25_b0p05__wd1e-04trmiss0_degmodglobal,16,1e-05,0.0001,0.2,1.0,0.25,0.05,lr1e-05_bs16_drop0p2_temp1p0_a0p25_b0p05__wd1e-04trmiss0_degmodglobal,28,0.693704828619957,0.7079508900642395,0.4888888888888889,0.7048340548340548,0.5,0.0,0.6248051524162292,0.6818812042474747,0.029108169488608837,0.0909314677119255,0.0,0.0,0.0,0.0,0.0,18473,global,0.0
3,1,lr1e-05_bs16_drop0p2_temp1p0_a0p25_b0p05__wd1e-04trmiss0_degmodglobal,16,1e-05,0.0001,0.2,1.0,0.25,0.05,lr1e-05_bs16_drop0p2_temp1p0_a0p25_b0p05__wd1e-04trmiss0_degmodglobal,29,0.6712861359119415,0.7106359004974365,0.4888888888888889,0.7048340548340548,0.5,0.0,0.5955226719379425,0.6587041020393372,0.03082655882462859,0.09750775201246142,0.0,0.0,0.0,0.0,0.0,18473,global,0.0
3,1,lr1e-05_bs16_drop0p2_temp1p0_a0p25_b0p05__wd1e-04trmiss0_degmodglobal,16,1e-05,0.0001,0.2,1.0,0.25,0.05,lr1e-05_bs16_drop0p2_temp1p0_a0p25_b0p05__wd1e-04trmiss0_degmodglobal,30,0.6993676871061325,0.7132723331451416,0.4888888888888889,0.7048340548340548,0.5,0.0,0.6063317656517029,0.6818539202213287,0.04599379189312458,0.1203062366694212,0.0,0.0,0.0,0.0,0.0,18473,global,0.0
3,1,lr1e-05_bs16_drop0p2_temp1p0_a0p25_b0p05__wd1e-04trmiss0_degmodglobal,16,1e-05,0.0001,0.2,1.0,0.25,0.05,lr1e-05_bs16_drop0p2_temp1p0_a0p25_b0p05__wd1e-04trmiss0_degmodglobal,31,0.6892783045768738,0.7095982432365417,0.5111111111111111,0.7196488696488696,0.5714285714285714,0.0,0.5875768810510635,0.6720450818538666,0.038143246434628963,0.1539484802633524,0.0,0.0,0.0,0.0,0.0,18473,global,0.0
3,1,lr1e-05_bs16_drop0p2_temp1p0_a0p25_b0p05__wd1e-04trmiss0_degmodglobal,16,1e-05,0.0001,0.2,1.0,0.25,0.05,lr1e-05_bs16_drop0p2_temp1p0_a0p25_b0p05__wd1e-04trmiss0_degmodglobal,32,0.6660961508750916,0.7089865207672119,0.5111111111111111,0.7196488696488696,0.5714285714285714,0.0,0.6095554977655411,0.6545285582542419,0.030885205138474703,0.07692571170628071,0.0,0.0,0.0,0.0,0.0,18473,global,0.0
3,1,lr1e-05_bs16_drop0p2_temp1p0_a0p25_b0p05__wd1e-04trmiss0_degmodglobal,16,1e-05,0.0001,0.2,1.0,0.25,0.05,lr1e-05_bs16_drop0p2_temp1p0_a0p25_b0p05__wd1e-04trmiss0_degmodglobal,33,0.6842894703149796,0.7113864421844482,0.4888888888888889,0.7048340548340548,0.5,0.0,0.5994510352611542,0.6680966019630432,0.040105569176375866,0.12332940474152565,0.0,0.0,0.0,0.0,0.0,18473,global,0.0
3,1,lr1e-05_bs16_drop0p2_temp1p0_a0p25_b0p05__wd1e-04trmiss0_degmodglobal,16,1e-05,0.0001,0.2,1.0,0.25,0.05,lr1e-05_bs16_drop0p2_temp1p0_a0p25_b0p05__wd1e-04trmiss0_degmodglobal,34,0.6776472926139832,0.7033945918083191,0.5333333333333333,0.7251433751433751,0.5,0.0,0.590260848402977,0.6620899885892868,0.03945738356560469,0.11385946534574032,0.0,0.0,0.0,0.0,0.0,18473,global,0.0
3,1,lr1e-05_bs16_drop0p2_temp1p0_a0p25_b0p05__wd1e-04trmiss0_degmodglobal,16,1e-05,0.0001,0.2,1.0,0.25,0.05,lr1e-05_bs16_drop0p2_temp1p0_a0p25_b0p05__wd1e-04trmiss0_degmodglobal,35,0.6837925612926483,0.7043372988700867,0.5333333333333333,0.7566859066859069,0.5714285714285714,0.0,0.5966725945472717,0.6716390550136566,0.031135058030486107,0.08739456161856651,0.0,0.0,0.0,0.0,0.0,18473,global,0.0
3,1,lr1e-05_bs16_drop0p2_temp1p0_a0p25_b0p05__wd1e-04trmiss0_degmodglobal,16,1e-05,0.0001,0.2,1.0,0.25,0.05,lr1e-05_bs16_drop0p2_temp1p0_a0p25_b0p05__wd1e-04trmiss0_degmodglobal,36,0.6805244088172913,0.7051116228103638,0.5111111111111111,0.7196488696488696,0.5714285714285714,0.0,0.6015278697013855,0.6652910560369492,0.03756497148424387,0.11684206314384937,0.0,0.0,0.0,0.0,0.0,18473,global,0.0
3,1,lr1e-05_bs16_drop0p2_temp1p0_a0p25_b0p05__wd1e-04trmiss0_degmodglobal,16,1e-05,0.0001,0.2,1.0,0.25,0.05,lr1e-05_bs16_drop0p2_temp1p0_a0p25_b0p05__wd1e-04trmiss0_degmodglobal,37,0.6736602932214737,0.7081148028373718,0.5111111111111111,0.7196488696488696,0.5714285714285714,0.0,0.5805560499429703,0.6582214385271072,0.03761712834239006,0.12069131806492805,0.0,0.0,0.0,0.0,0.0,18473,global,0.0
3,1,lr1e-05_bs16_drop0p2_temp1p0_a0p25_b0p05__wd1e-04trmiss0_degmodglobal,16,1e-05,0.0001,0.2,1.0,0.25,0.05,lr1e-05_bs16_drop0p2_temp1p0_a0p25_b0p05__wd1e-04trmiss0_degmodglobal,38,0.6422450393438339,0.707500159740448,0.5333333333333333,0.7566859066859069,0.5714285714285714,0.0,0.5948055982589722,0.6257687509059906,0.039918653666973114,0.12993258610367775,0.0,0.0,0.0,0.0,0.0,18473,global,0.0
3,1,lr1e-05_bs16_drop0p2_temp1p0_a0p25_b0p05__wd1e-04trmiss0_degmodglobal,16,1e-05,0.0001,0.2,1.0,0.25,0.05,lr1e-05_bs16_drop0p2_temp1p0_a0p25_b0p05__wd1e-04trmiss0_degmodglobal,39,0.6629735082387924,0.7038832902908325,0.5555555555555555,0.7640933140933142,0.5714285714285714,0.0,0.6032345145940781,0.6467621475458145,0.04434466175734997,0.10250396281480789,0.0,0.0,0.0,0.0,0.0,18473,global,0.0
3,1,lr1e-05_bs16_drop0p2_temp1p0_a0p25_b0p05__wd1e-04trmiss0_degmodglobal,16,1e-05,0.0001,0.2,1.0,0.25,0.05,lr1e-05_bs16_drop0p2_temp1p0_a0p25_b0p05__wd1e-04trmiss0_degmodglobal,40,0.6729752421379089,0.7066382169723511,0.5111111111111111,0.7196488696488696,0.5714285714285714,0.0,0.5970238596200943,0.6566466689109802,0.03945858683437109,0.1292782286182046,0.0,0.0,0.0,0.0,0.0,18473,global,0.0
3,1,lr1e-05_bs16_drop0p2_temp1p0_a0p25_b0p05__wd1e-04trmiss0_degmodglobal,16,1e-05,0.0001,0.2,1.0,0.25,0.05,lr1e-05_bs16_drop0p2_temp1p0_a0p25_b0p05__wd1e-04trmiss0_degmodglobal,41,0.6932496726512909,0.7057377099990845,0.5111111111111111,0.7196488696488696,0.5714285714285714,0.0,0.5649281740188599,0.677555039525032,0.03565227519720793,0.1356318760663271,0.0,0.0,0.0,0.0,0.0,18473,global,0.0
3,1,lr1e-05_bs16_drop0p2_temp1p0_a0p25_b0p05__wd1e-04trmiss0_degmodglobal,16,1e-05,0.0001,0.2,1.0,0.25,0.05,lr1e-05_bs16_drop0p2_temp1p0_a0p25_b0p05__wd1e-04trmiss0_degmodglobal,42,0.6755381524562836,0.7075499892234802,0.5333333333333333,0.7270562770562772,0.5714285714285714,0.0,0.5712755471467972,0.6603628098964691,0.0370556334964931,0.11822896637022495,0.0,0.0,0.0,0.0,0.0,18473,global,0.0
3,1,lr1e-05_bs16_drop0p2_temp1p0_a0p25_b0p05__wd1e-04trmiss0_degmodglobal,16,1e-05,0.0001,0.2,1.0,0.25,0.05,lr1e-05_bs16_drop0p2_temp1p0_a0p25_b0p05__wd1e-04trmiss0_degmodglobal,43,0.6970067173242569,0.703642725944519,0.5333333333333333,0.6807599807599808,0.5,0.0,0.5898537039756775,0.6777702122926712,0.047794146463274956,0.1457590851932764,0.0,0.0,0.0,0.0,0.0,18473,global,0.0
3,1,lr1e-05_bs16_drop0p2_temp1p0_a0p25_b0p05__wd1e-04trmiss0_degmodglobal,16,1e-05,0.0001,0.2,1.0,0.25,0.05,lr1e-05_bs16_drop0p2_temp1p0_a0p25_b0p05__wd1e-04trmiss0_degmodglobal,44,0.6859428584575653,0.7058385014533997,0.5555555555555555,0.7640933140933142,0.5714285714285714,0.0,0.5987276136875153,0.6724884808063507,0.03340374771505594,0.102068942040205,0.0,0.0,0.0,0.0,0.0,18473,global,0.0
3,1,lr1e-05_bs16_drop0p2_temp1p0_a0p25_b0p05__wd1e-04trmiss0_degmodglobal,16,1e-05,0.0001,0.2,1.0,0.25,0.05,lr1e-05_bs16_drop0p2_temp1p0_a0p25_b0p05__wd1e-04trmiss0_degmodglobal,45,0.6668805778026581,0.7060438394546509,0.5555555555555555,0.7640933140933142,0.5714285714285714,0.0,0.5744564682245255,0.6508702039718628,0.041442534886300564,0.11299485713243484,0.0,0.0,0.0,0.0,0.0,18473,global,0.0
3,1,lr1e-05_bs16_drop0p2_temp1p0_a0p25_b0p05__wd1e-04trmiss0_degmodglobal,16,1e-05,0.0001,0.2,1.0,0.25,0.05,lr1e-05_bs16_drop0p2_temp1p0_a0p25_b0p05__wd1e-04trmiss0_degmodglobal,46,0.6756591349840164,0.7038539052009583,0.5333333333333333,0.6807599807599808,0.5,0.0,0.6028812825679779,0.6564053893089294,0.04650295712053776,0.15256006829440594,0.0,0.0,0.0,0.0,0.0,18473,global,0.0
3,1,lr1e-05_bs16_drop0p2_temp1p0_a0p25_b0p05__wd1e-04trmiss0_degmodglobal,16,1e-05,0.0001,0.2,1.0,0.25,0.05,lr1e-05_bs16_drop0p2_temp1p0_a0p25_b0p05__wd1e-04trmiss0_degmodglobal,47,0.6908032596111298,0.7032133340835571,0.5777777777777777,0.7733525733525735,0.5,0.0,0.5997349619865417,0.6762148439884186,0.0357537439558655,0.11299965344369411,0.0,0.0,0.0,0.0,0.0,18473,global,0.0
3,1,lr1e-05_bs16_drop0p2_temp1p0_a0p25_b0p05__wd1e-04trmiss0_degmodglobal,16,1e-05,0.0001,0.2,1.0,0.25,0.05,lr1e-05_bs16_drop0p2_temp1p0_a0p25_b0p05__wd1e-04trmiss0_degmodglobal,48,0.7126172184944153,0.7033687233924866,0.5555555555555556,0.7325507825507827,0.5714285714285714,0.0,0.5657616257667542,0.6934448480606079,0.045605018734931946,0.15542197600007057,0.0,0.0,0.0,0.0,0.0,18473,global,0.0
3,1,lr1e-05_bs16_drop0p2_temp1p0_a0p25_b0p05__wd1e-04trmiss0_degmodglobal,16,1e-05,0.0001,0.2,1.0,0.25,0.05,lr1e-05_bs16_drop0p2_temp1p0_a0p25_b0p05__wd1e-04trmiss0_degmodglobal,49,0.6638713926076889,0.7013825178146362,0.5777777777777777,0.7695878195878196,0.5,0.0,0.5602214187383652,0.6488380134105682,0.03841463476419449,0.10859430208802223,0.0,0.0,0.0,0.0,0.0,18473,global,0.0
3,1,lr1e-05_bs16_drop0p2_temp1p0_a0p25_b0p05__wd1e-04trmiss0_degmodglobal,16,1e-05,0.0001,0.2,1.0,0.25,0.05,lr1e-05_bs16_drop0p2_temp1p0_a0p25_b0p05__wd1e-04trmiss0_degmodglobal,50,0.6744473576545715,0.7087575793266296,0.5111111111111111,0.741871091871092,0.5,0.0,0.5725039094686508,0.6582647413015366,0.03934798389673233,0.1269124336540699,0.0,0.0,0.0,0.0,0.0,18473,global,0.0
3,1,lr1e-05_bs16_drop0p2_temp1p0_a0p25_b0p05__wd1e-04trmiss0_degmodglobal,16,1e-05,0.0001,0.2,1.0,0.25,0.05,lr1e-05_bs16_drop0p2_temp1p0_a0p25_b0p05__wd1e-04trmiss0_degmodglobal,51,0.6828443706035614,0.7098181843757629,0.4888888888888889,0.7048340548340548,0.5,0.0,0.5688828527927399,0.6672340780496597,0.035495481453835964,0.13472849130630493,0.0,0.0,0.0,0.0,0.0,18473,global,0.0
3,1,lr1e-05_bs16_drop0p2_temp1p0_a0p25_b0p05__wd1e-04trmiss0_degmodglobal,16,1e-05,0.0001,0.2,1.0,0.25,0.05,lr1e-05_bs16_drop0p2_temp1p0_a0p25_b0p05__wd1e-04trmiss0_degmodglobal,52,0.7201707810163498,0.7098543643951416,0.5111111111111111,0.7196488696488696,0.5,0.0,0.5763862580060959,0.7036944776773453,0.03631920926272869,0.14792973548173904,0.0,0.0,0.0,0.0,0.0,18473,global,0.0
3,1,lr1e-05_bs16_drop0p2_temp1p0_a0p25_b0p05__wd1e-04trmiss0_degmodglobal,16,1e-05,0.0001,0.2,1.0,0.25,0.05,lr1e-05_bs16_drop0p2_temp1p0_a0p25_b0p05__wd1e-04trmiss0_degmodglobal,53,0.6521964371204376,0.7103779911994934,0.5111111111111111,0.7196488696488696,0.5,0.0,0.5981982797384262,0.6378719508647919,0.03477469552308321,0.11261658743023872,0.0,0.0,0.0,0.0,0.0,18473,global,0.0
3,1,lr1e-05_bs16_drop0p2_temp1p0_a0p25_b0p05__wd1e-04trmiss0_degmodglobal,16,1e-05,0.0001,0.2,1.0,0.25,0.05,lr1e-05_bs16_drop0p2_temp1p0_a0p25_b0p05__wd1e-04trmiss0_degmodglobal,54,0.6682281792163849,0.70979243516922,0.5111111111111111,0.7196488696488696,0.5714285714285714,0.0,0.5695376545190811,0.6489867568016052,0.0464601144194603,0.15252752974629402,0.0,0.0,0.0,0.0,0.0,18473,global,0.0
3,1,lr1e-05_bs16_drop0p2_temp1p0_a0p25_b0p05__wd1e-04trmiss0_degmodglobal,16,1e-05,0.0001,0.2,1.0,0.25,0.05,lr1e-05_bs16_drop0p2_temp1p0_a0p25_b0p05__wd1e-04trmiss0_degmodglobal,55,0.7096738666296005,0.7126143574714661,0.5111111111111111,0.7196488696488696,0.5714285714285714,0.0,0.5642620027065277,0.6878265887498856,0.04997275769710541,0.18708180263638496,0.0,0.0,0.0,0.0,0.0,18473,global,0.0
3,1,lr1e-05_bs16_drop0p2_temp1p0_a0p25_b0p05__wd1e-04trmiss0_degmodglobal,16,1e-05,0.0001,0.2,1.0,0.25,0.05,lr1e-05_bs16_drop0p2_temp1p0_a0p25_b0p05__wd1e-04trmiss0_degmodglobal,56,0.693307176232338,0.7117651700973511,0.5111111111111111,0.7196488696488696,0.5714285714285714,0.0,0.5898638665676117,0.6761955171823502,0.03990545775741339,0.1427059154957533,0.0,0.0,0.0,0.0,0.0,18473,global,0.0
3,1,lr1e-05_bs16_drop0p2_temp1p0_a0p25_b0p05__wd1e-04trmiss0_degmodglobal,16,1e-05,0.0001,0.2,1.0,0.25,0.05,lr1e-05_bs16_drop0p2_temp1p0_a0p25_b0p05__wd1e-04trmiss0_degmodglobal,57,0.6713801771402359,0.7130110859870911,0.5111111111111111,0.7196488696488696,0.5,0.0,0.5788271874189377,0.6526461243629456,0.04398060217499733,0.15477778762578964,0.0,0.0,0.0,0.0,0.0,18473,global,0.0
3,1,lr1e-05_bs16_drop0p2_temp1p0_a0p25_b0p05__wd1e-04trmiss0_degmodglobal,16,1e-05,0.0001,0.2,1.0,0.25,0.05,lr1e-05_bs16_drop0p2_temp1p0_a0p25_b0p05__wd1e-04trmiss0_degmodglobal,58,0.6741296052932739,0.711521327495575,0.5333333333333333,0.7566859066859069,0.5714285714285714,0.0,0.5388004928827286,0.6558553129434586,0.04359267372637987,0.14752278663218021,0.0,0.0,0.0,0.0,0.0,18473,global,0.0
3,1,lr1e-05_bs16_drop0p2_temp1p0_a0p25_b0p05__wd1e-04trmiss0_degmodglobal,16,1e-05,0.0001,0.2,1.0,0.25,0.05,lr1e-05_bs16_drop0p2_temp1p0_a0p25_b0p05__wd1e-04trmiss0_degmodglobal,59,0.6644748598337173,0.7063305974006653,0.5777777777777777,0.7733525733525735,0.5714285714285714,0.0,0.5392545163631439,0.6476218998432159,0.03901160694658756,0.14200107380747795,0.0,0.0,0.0,0.0,0.0,18473,global,0.0
3,1,lr1e-05_bs16_drop0p2_temp1p0_a0p25_b0p05__wd1e-04trmiss0_degmodglobal,16,1e-05,0.0001,0.2,1.0,0.25,0.05,lr1e-05_bs16_drop0p2_temp1p0_a0p25_b0p05__wd1e-04trmiss0_degmodglobal,60,0.6745309829711914,0.7033153176307678,0.5777777777777777,0.7733525733525735,0.5714285714285714,0.0,0.5343115478754044,0.6518242806196213,0.05298750847578049,0.18919656425714493,0.0,0.0,0.0,0.0,0.0,18473,global,0.0
3,1,lr1e-05_bs16_drop0p2_temp1p0_a0p25_b0p05__wd1e-04trmiss0_degmodglobal,16,1e-05,0.0001,0.2,1.0,0.25,0.05,lr1e-05_bs16_drop0p2_temp1p0_a0p25_b0p05__wd1e-04trmiss0_degmodglobal,61,0.7015199512243271,0.7067822217941284,0.5555555555555556,0.7363155363155363,0.5714285714285714,0.0,0.5728391855955124,0.6813444942235947,0.04719012416899204,0.16755902767181396,0.0,0.0,0.0,0.0,0.0,18473,global,0.0
3,1,lr1e-05_bs16_drop0p2_temp1p0_a0p25_b0p05__wd1e-04trmiss0_degmodglobal,16,1e-05,0.0001,0.2,1.0,0.25,0.05,lr1e-05_bs16_drop0p2_temp1p0_a0p25_b0p05__wd1e-04trmiss0_degmodglobal,62,0.6851284205913544,0.7045051455497742,0.5777777777777777,0.7733525733525735,0.5,0.0,0.5658936649560928,0.6664460897445679,0.04387627448886633,0.15426544845104218,0.0,0.0,0.0,0.0,0.0,18473,global,0.0
3,1,lr1e-05_bs16_drop0p2_temp1p0_a0p25_b0p05__wd1e-04trmiss0_degmodglobal,16,1e-05,0.0001,0.2,1.0,0.25,0.05,lr1e-05_bs16_drop0p2_temp1p0_a0p25_b0p05__wd1e-04trmiss0_degmodglobal,63,0.6940375715494156,0.7038909196853638,0.5555555555555555,0.7640933140933142,0.5,0.0,0.5694637596607208,0.6747855246067047,0.04700958728790283,0.14999313186854124,0.0,0.0,0.0,0.0,0.0,18473,global,0.0
3,1,lr1e-05_bs16_drop0p2_temp1p0_a0p25_b0p05__wd1e-04trmiss0_degmodglobal,16,1e-05,0.0001,0.2,1.0,0.25,0.05,lr1e-05_bs16_drop0p2_temp1p0_a0p25_b0p05__wd1e-04trmiss0_degmodglobal,64,0.6900168061256409,0.703281044960022,0.5555555555555556,0.7621804121804123,0.5,0.0,0.5443544387817383,0.6640599519014359,0.061614539474248886,0.2110641710460186,0.0,0.0,0.0,0.0,0.0,18473,global,0.0
3,1,lr1e-05_bs16_drop0p2_temp1p0_a0p25_b0p05__wd1e-04trmiss0_degmodglobal,16,1e-05,0.0001,0.2,1.0,0.25,0.05,lr1e-05_bs16_drop0p2_temp1p0_a0p25_b0p05__wd1e-04trmiss0_degmodglobal,65,0.6695755273103714,0.7055717706680298,0.5333333333333333,0.7566859066859069,0.5,0.0,0.5440844148397446,0.6532184779644012,0.04018494114279747,0.1262163519859314,0.0,0.0,0.0,0.0,0.0,18473,global,0.0
3,1,lr1e-05_bs16_drop0p2_temp1p0_a0p25_b0p05__wd1e-04trmiss0_degmodglobal,16,1e-05,0.0001,0.2,1.0,0.25,0.05,lr1e-05_bs16_drop0p2_temp1p0_a0p25_b0p05__wd1e-04trmiss0_degmodglobal,66,0.6810569912195206,0.6971326470375061,0.5555555555555555,0.7640933140933142,0.5,0.0,0.5278011336922646,0.6549569815397263,0.060652956366539,0.21873506531119347,0.0,0.0,0.0,0.0,0.0,18473,global,0.0
3,1,lr1e-05_bs16_drop0p2_temp1p0_a0p25_b0p05__wd1e-04trmiss0_degmodglobal,16,1e-05,0.0001,0.2,1.0,0.25,0.05,lr1e-05_bs16_drop0p2_temp1p0_a0p25_b0p05__wd1e-04trmiss0_degmodglobal,67,0.6871050596237183,0.7050570249557495,0.5555555555555555,0.7640933140933142,0.5,0.0,0.557081051170826,0.6677712351083755,0.04672656208276749,0.15304384753108025,0.0,0.0,0.0,0.0,0.0,18473,global,0.0
3,1,lr1e-05_bs16_drop0p2_temp1p0_a0p25_b0p05__wd1e-04trmiss0_degmodglobal,16,1e-05,0.0001,0.2,1.0,0.25,0.05,lr1e-05_bs16_drop0p2_temp1p0_a0p25_b0p05__wd1e-04trmiss0_degmodglobal,68,0.6605681777000427,0.7040898203849792,0.5555555555555555,0.7640933140933142,0.5,0.0,0.533726841211319,0.6429189145565033,0.046102567575871944,0.12247281335294247,0.0,0.0,0.0,0.0,0.0,18473,global,0.0
3,1,lr1e-05_bs16_drop0p2_temp1p0_a0p25_b0p05__wd1e-04trmiss0_degmodglobal,16,1e-05,0.0001,0.2,1.0,0.25,0.05,lr1e-05_bs16_drop0p2_temp1p0_a0p25_b0p05__wd1e-04trmiss0_degmodglobal,69,0.6967219263315201,0.7007233500480652,0.5777777777777777,0.7695878195878196,0.5,0.0,0.5427986979484558,0.6730572730302811,0.05569176375865936,0.1948336884379387,0.0,0.0,0.0,0.0,0.0,18473,global,0.0
3,1,lr1e-05_bs16_drop0p2_temp1p0_a0p25_b0p05__wd1e-04trmiss0_degmodglobal,16,1e-05,0.0001,0.2,1.0,0.25,0.05,lr1e-05_bs16_drop0p2_temp1p0_a0p25_b0p05__wd1e-04trmiss0_degmodglobal,70,0.6823818534612656,0.7019850611686707,0.5555555555555556,0.7325507825507827,0.5,0.0,0.5309737622737885,0.6631512194871902,0.045607175678014755,0.15657658874988556,0.0,0.0,0.0,0.0,0.0,18473,global,0.0
3,1,lr1e-05_bs16_drop0p2_temp1p0_a0p25_b0p05__wd1e-04trmiss0_degmodglobal,16,1e-05,0.0001,0.2,1.0,0.25,0.05,lr1e-05_bs16_drop0p2_temp1p0_a0p25_b0p05__wd1e-04trmiss0_degmodglobal,71,0.6727143377065659,0.7030838131904602,0.5333333333333333,0.6807599807599808,0.5,0.0,0.5356200039386749,0.6524114310741425,0.04941282235085964,0.15899376198649406,0.0,0.0,0.0,0.0,0.0,18473,global,0.0
3,1,lr1e-05_bs16_drop0p2_temp1p0_a0p25_b0p05__wd1e-04trmiss0_degmodglobal,16,1e-05,0.0001,0.2,1.0,0.25,0.05,lr1e-05_bs16_drop0p2_temp1p0_a0p25_b0p05__wd1e-04trmiss0_degmodglobal,72,0.6694100350141525,0.704534649848938,0.5333333333333333,0.7270562770562772,0.5,0.0,0.541487380862236,0.6500106155872345,0.04982809699140489,0.1388476938009262,0.0,0.0,0.0,0.0,0.0,18473,global,0.0
3,1,lr1e-05_bs16_drop0p2_temp1p0_a0p25_b0p05__wd1e-04trmiss0_degmodglobal,16,1e-05,0.0001,0.2,1.0,0.25,0.05,lr1e-05_bs16_drop0p2_temp1p0_a0p25_b0p05__wd1e-04trmiss0_degmodglobal,73,0.6727602183818817,0.7050259709358215,0.5555555555555555,0.7640933140933142,0.5,0.0,0.5229962766170502,0.6523540765047073,0.04816755652427673,0.1672851536422968,0.0,0.0,0.0,0.0,0.0,18473,global,0.0
3,1,lr1e-05_bs16_drop0p2_temp1p0_a0p25_b0p05__wd1e-04trmiss0_degmodglobal,16,1e-05,0.0001,0.2,1.0,0.25,0.05,lr1e-05_bs16_drop0p2_temp1p0_a0p25_b0p05__wd1e-04trmiss0_degmodglobal,74,0.6942222267389297,0.7002953290939331,0.5333333333333333,0.7306175306175307,0.5,0.0,0.5477740317583084,0.6729640066623688,0.05045548267662525,0.17288677766919136,0.0,0.0,0.0,0.0,0.0,18473,global,0.0
3,1,lr1e-05_bs16_drop0p2_temp1p0_a0p25_b0p05__wd1e-04trmiss0_degmodglobal,16,1e-05,0.0001,0.2,1.0,0.25,0.05,lr1e-05_bs16_drop0p2_temp1p0_a0p25_b0p05__wd1e-04trmiss0_degmodglobal,75,0.6845862418413162,0.7034157514572144,0.5555555555555555,0.7640933140933142,0.5,0.0,0.561578057706356,0.6651268303394318,0.04515722277574241,0.16340216808021069,0.0,0.0,0.0,0.0,0.0,18473,global,0.0
3,1,lr1e-05_bs16_drop0p2_temp1p0_a0p25_b0p05__wd1e-04trmiss0_degmodglobal,16,1e-05,0.0001,0.2,1.0,0.25,0.05,lr1e-05_bs16_drop0p2_temp1p0_a0p25_b0p05__wd1e-04trmiss0_degmodglobal,76,0.6837174594402313,0.7089842557907104,0.5333333333333333,0.7583953083953086,0.5,0.0,0.5287760347127914,0.663083016872406,0.05138857010751963,0.15574588999152184,0.0,0.0,0.0,0.0,0.0,18473,global,0.0
3,1,lr1e-05_bs16_drop0p2_temp1p0_a0p25_b0p05__wd1e-04trmiss0_degmodglobal,16,1e-05,0.0001,0.2,1.0,0.25,0.05,lr1e-05_bs16_drop0p2_temp1p0_a0p25_b0p05__wd1e-04trmiss0_degmodglobal,77,0.6918258517980576,0.710726797580719,0.5111111111111111,0.7525030525030527,0.5,0.0,0.5137075856328011,0.6646391004323959,0.05897064786404371,0.24888182431459427,0.0,0.0,0.0,0.0,0.0,18473,global,0.0
3,1,lr1e-05_bs16_drop0p2_temp1p0_a0p25_b0p05__wd1e-04trmiss0_degmodglobal,16,1e-05,0.0001,0.2,1.0,0.25,0.05,lr1e-05_bs16_drop0p2_temp1p0_a0p25_b0p05__wd1e-04trmiss0_degmodglobal,78,0.6882015317678452,0.7117906212806702,0.5111111111111111,0.741871091871092,0.42857142857142855,0.0,0.5228999704122543,0.6688704341650009,0.044534496031701565,0.16394928470253944,0.0,0.0,0.0,0.0,0.0,18473,global,0.0
3,1,lr1e-05_bs16_drop0p2_temp1p0_a0p25_b0p05__wd1e-04trmiss0_degmodglobal,16,1e-05,0.0001,0.2,1.0,0.25,0.05,lr1e-05_bs16_drop0p2_temp1p0_a0p25_b0p05__wd1e-04trmiss0_degmodglobal,79,0.6946476995944977,0.7117142081260681,0.5111111111111111,0.741871091871092,0.42857142857142855,0.0,0.5556168779730797,0.6721456348896027,0.054206568747758865,0.1790088415145874,0.0,0.0,0.0,0.0,0.0,18473,global,0.0
3,1,lr1e-05_bs16_drop0p2_temp1p0_a0p25_b0p05__wd1e-04trmiss0_degmodglobal,16,1e-05,0.0001,0.2,1.0,0.25,0.05,lr1e-05_bs16_drop0p2_temp1p0_a0p25_b0p05__wd1e-04trmiss0_degmodglobal,80,0.6735158413648605,0.711012065410614,0.5111111111111111,0.741871091871092,0.42857142857142855,0.0,0.5435165017843246,0.6528253704309464,0.05063485540449619,0.16063515283167362,0.0,0.0,0.0,0.0,0.0,18473,global,0.0
3,1,lr1e-05_bs16_drop0p2_temp2p0_a0p25_b0p05__wd1e-04trmiss0_degmodglobal,16,1e-05,0.0001,0.2,2.0,0.25,0.05,lr1e-05_bs16_drop0p2_temp2p0_a0p25_b0p05__wd1e-04trmiss0_degmodglobal,1,0.7838759869337082,0.7102187275886536,0.4444444444444444,0.6760252093585426,0.35714285714285715,0.0,0.6518817394971848,0.7523554116487503,0.07475748378783464,0.2566238045692444,0.0,0.0,0.0,0.0,0.0,18473,global,0.0
3,1,lr1e-05_bs16_drop0p2_temp2p0_a0p25_b0p05__wd1e-04trmiss0_degmodglobal,16,1e-05,0.0001,0.2,2.0,0.25,0.05,lr1e-05_bs16_drop0p2_temp2p0_a0p25_b0p05__wd1e-04trmiss0_degmodglobal,2,0.7476455867290497,0.7120677828788757,0.37777777777777777,0.6542506875840208,0.35714285714285715,0.0,0.6635618656873703,0.7148647606372833,0.08306918200105429,0.2402702495455742,0.0,0.0,0.0,0.0,0.0,18473,global,0.0
3,1,lr1e-05_bs16_drop0p2_temp2p0_a0p25_b0p05__wd1e-04trmiss0_degmodglobal,16,1e-05,0.0001,0.2,2.0,0.25,0.05,lr1e-05_bs16_drop0p2_temp2p0_a0p25_b0p05__wd1e-04trmiss0_degmodglobal,3,0.7396880090236664,0.7143572568893433,0.37777777777777777,0.6434482184482184,0.35714285714285715,0.0,0.6691526025533676,0.7112251371145248,0.06813104823231697,0.2286023385822773,0.0,0.0,0.0,0.0,0.0,18473,global,0.0
3,1,lr1e-05_bs16_drop0p2_temp2p0_a0p25_b0p05__wd1e-04trmiss0_degmodglobal,16,1e-05,0.0001,0.2,2.0,0.25,0.05,lr1e-05_bs16_drop0p2_temp2p0_a0p25_b0p05__wd1e-04trmiss0_degmodglobal,4,0.7304140776395798,0.7165265679359436,0.35555555555555557,0.6375559625559626,0.35714285714285715,0.0,0.6960850656032562,0.7020880728960037,0.07013656944036484,0.21583769842982292,0.0,0.0,0.0,0.0,0.0,18473,global,0.0
3,1,lr1e-05_bs16_drop0p2_temp2p0_a0p25_b0p05__wd1e-04trmiss0_degmodglobal,16,1e-05,0.0001,0.2,2.0,0.25,0.05,lr1e-05_bs16_drop0p2_temp2p0_a0p25_b0p05__wd1e-04trmiss0_degmodglobal,5,0.7803381234407425,0.7192798852920532,0.33333333333333337,0.6264448514448515,0.35714285714285715,0.0,0.6602109521627426,0.75456602871418,0.057580092921853065,0.22754190862178802,0.0,0.0,0.0,0.0,0.0,18473,global,0.0
3,1,lr1e-05_bs16_drop0p2_temp2p0_a0p25_b0p05__wd1e-04trmiss0_degmodglobal,16,1e-05,0.0001,0.2,2.0,0.25,0.05,lr1e-05_bs16_drop0p2_temp2p0_a0p25_b0p05__wd1e-04trmiss0_degmodglobal,6,0.7506811618804932,0.7203589677810669,0.33333333333333337,0.6264448514448515,0.35714285714285715,0.0,0.645002081990242,0.7256370484828949,0.06294776685535908,0.18614347279071808,0.0,0.0,0.0,0.0,0.0,18473,global,0.0
3,1,lr1e-05_bs16_drop0p2_temp2p0_a0p25_b0p05__wd1e-04trmiss0_degmodglobal,16,1e-05,0.0001,0.2,2.0,0.25,0.05,lr1e-05_bs16_drop0p2_temp2p0_a0p25_b0p05__wd1e-04trmiss0_degmodglobal,7,0.7423787713050842,0.7236388921737671,0.33333333333333337,0.6264448514448515,0.35714285714285715,0.0,0.674236923456192,0.7130595743656158,0.07164682541042566,0.2281498983502388,0.0,0.0,0.0,0.0,0.0,18473,global,0.0
3,1,lr1e-05_bs16_drop0p2_temp2p0_a0p25_b0p05__wd1e-04trmiss0_degmodglobal,16,1e-05,0.0001,0.2,2.0,0.25,0.05,lr1e-05_bs16_drop0p2_temp2p0_a0p25_b0p05__wd1e-04trmiss0_degmodglobal,8,0.7265200316905975,0.7264745235443115,0.3111111111111111,0.6153337403337402,0.35714285714285715,0.0,0.6491102129220963,0.7015217244625092,0.06359139364212751,0.1820089863613248,0.0,0.0,0.0,0.0,0.0,18473,global,0.0
3,1,lr1e-05_bs16_drop0p2_temp2p0_a0p25_b0p05__wd1e-04trmiss0_degmodglobal,16,1e-05,0.0001,0.2,2.0,0.25,0.05,lr1e-05_bs16_drop0p2_temp2p0_a0p25_b0p05__wd1e-04trmiss0_degmodglobal,9,0.6981318593025208,0.7283121943473816,0.33333333333333337,0.6264448514448515,0.35714285714285715,0.0,0.6627987176179886,0.6739128828048706,0.060375384986400604,0.18250257894396782,0.0,0.0,0.0,0.0,0.0,18473,global,0.0
3,1,lr1e-05_bs16_drop0p2_temp2p0_a0p25_b0p05__wd1e-04trmiss0_degmodglobal,16,1e-05,0.0001,0.2,2.0,0.25,0.05,lr1e-05_bs16_drop0p2_temp2p0_a0p25_b0p05__wd1e-04trmiss0_degmodglobal,10,0.6992679983377457,0.7292323708534241,0.33333333333333337,0.6264448514448515,0.35714285714285715,0.0,0.6366182565689087,0.6788636744022369,0.05345732904970646,0.14079996943473816,0.0,0.0,0.0,0.0,0.0,18473,global,0.0
3,1,lr1e-05_bs16_drop0p2_temp2p0_a0p25_b0p05__wd1e-04trmiss0_degmodglobal,16,1e-05,0.0001,0.2,2.0,0.25,0.05,lr1e-05_bs16_drop0p2_temp2p0_a0p25_b0p05__wd1e-04trmiss0_degmodglobal,11,0.7300062924623489,0.7302258610725403,0.3111111111111111,0.6187288020621355,0.35714285714285715,0.0,0.6545947939157486,0.7080583274364471,0.05843037087470293,0.14680794067680836,0.0,0.0,0.0,0.0,0.0,18473,global,0.0
3,1,lr1e-05_bs16_drop0p2_temp2p0_a0p25_b0p05__wd1e-04trmiss0_degmodglobal,16,1e-05,0.0001,0.2,2.0,0.25,0.05,lr1e-05_bs16_drop0p2_temp2p0_a0p25_b0p05__wd1e-04trmiss0_degmodglobal,12,0.7392557561397552,0.7274895310401917,0.28888888888888886,0.6076176909510244,0.35714285714285715,0.0,0.6156764626502991,0.7096300721168518,0.07427900657057762,0.2211190201342106,0.0,0.0,0.0,0.0,0.0,18473,global,0.0
3,1,lr1e-05_bs16_drop0p2_temp2p0_a0p25_b0p05__wd1e-04trmiss0_degmodglobal,16,1e-05,0.0001,0.2,2.0,0.25,0.05,lr1e-05_bs16_drop0p2_temp2p0_a0p25_b0p05__wd1e-04trmiss0_degmodglobal,13,0.7223911881446838,0.7262870669364929,0.35555555555555557,0.6375559625559626,0.35714285714285715,0.0,0.6096011400222778,0.6956513375043869,0.0644149025902152,0.21272286400198936,0.0,0.0,0.0,0.0,0.0,18473,global,0.0
3,1,lr1e-05_bs16_drop0p2_temp2p0_a0p25_b0p05__wd1e-04trmiss0_degmodglobal,16,1e-05,0.0001,0.2,2.0,0.25,0.05,lr1e-05_bs16_drop0p2_temp2p0_a0p25_b0p05__wd1e-04trmiss0_degmodglobal,14,0.7008950710296631,0.727660596370697,0.35555555555555557,0.6375559625559626,0.35714285714285715,0.0,0.6207832247018814,0.6799211502075195,0.05413678288459778,0.14879423566162586,0.0,0.0,0.0,0.0,0.0,18473,global,0.0
3,1,lr1e-05_bs16_drop0p2_temp2p0_a0p25_b0p05__wd1e-04trmiss0_degmodglobal,16,1e-05,0.0001,0.2,2.0,0.25,0.05,lr1e-05_bs16_drop0p2_temp2p0_a0p25_b0p05__wd1e-04trmiss0_degmodglobal,15,0.7334662824869156,0.7280609607696533,0.35555555555555557,0.6375559625559626,0.35714285714285715,0.0,0.6506762951612473,0.695502758026123,0.09492769092321396,0.28463195264339447,0.0,0.0,0.0,0.0,0.0,18473,global,0.0
3,1,lr1e-05_bs16_drop0p2_temp2p0_a0p25_b0p05__wd1e-04trmiss0_degmodglobal,16,1e-05,0.0001,0.2,2.0,0.25,0.05,lr1e-05_bs16_drop0p2_temp2p0_a0p25_b0p05__wd1e-04trmiss0_degmodglobal,16,0.7270765453577042,0.73091059923172,0.35555555555555557,0.6375559625559626,0.35714285714285715,0.0,0.6261341571807861,0.7042026370763779,0.06026990991085768,0.15612861886620522,0.0,0.0,0.0,0.0,0.0,18473,global,0.0
3,1,lr1e-05_bs16_drop0p2_temp2p0_a0p25_b0p05__wd1e-04trmiss0_degmodglobal,16,1e-05,0.0001,0.2,2.0,0.25,0.05,lr1e-05_bs16_drop0p2_temp2p0_a0p25_b0p05__wd1e-04trmiss0_degmodglobal,17,0.7034683972597122,0.7303611636161804,0.3333333333333333,0.6298399131732466,0.35714285714285715,0.0,0.6865198612213135,0.6729685664176941,0.07386053167283535,0.24069399386644363,0.0,0.0,0.0,0.0,0.0,18473,global,0.0
3,1,lr1e-05_bs16_drop0p2_temp2p0_a0p25_b0p05__wd1e-04trmiss0_degmodglobal,16,1e-05,0.0001,0.2,2.0,0.25,0.05,lr1e-05_bs16_drop0p2_temp2p0_a0p25_b0p05__wd1e-04trmiss0_degmodglobal,18,0.7157854288816452,0.7308462858200073,0.28888888888888886,0.6107922941256274,0.35714285714285715,0.0,0.6157658398151398,0.6890919357538223,0.06578884366899729,0.20492578484117985,0.0,0.0,0.0,0.0,0.0,18473,global,0.0
3,1,lr1e-05_bs16_drop0p2_temp2p0_a0p25_b0p05__wd1e-04trmiss0_degmodglobal,16,1e-05,0.0001,0.2,2.0,0.25,0.05,lr1e-05_bs16_drop0p2_temp2p0_a0p25_b0p05__wd1e-04trmiss0_degmodglobal,19,0.7410019040107727,0.7321816086769104,0.3111111111111111,0.6187288020621355,0.35714285714285715,0.0,0.6101518273353577,0.7154271602630615,0.061745994724333286,0.20276455581188202,0.0,0.0,0.0,0.0,0.0,18473,global,0.0
3,1,lr1e-05_bs16_drop0p2_temp2p0_a0p25_b0p05__wd1e-04trmiss0_degmodglobal,16,1e-05,0.0001,0.2,2.0,0.25,0.05,lr1e-05_bs16_drop0p2_temp2p0_a0p25_b0p05__wd1e-04trmiss0_degmodglobal,20,0.6739560812711716,0.7324358820915222,0.3111111111111111,0.6153337403337402,0.35714285714285715,0.0,0.6317457854747772,0.6513246595859528,0.06111847050487995,0.14703562669456005,0.0,0.0,0.0,0.0,0.0,18473,global,0.0
3,1,lr1e-05_bs16_drop0p2_temp2p0_a0p25_b0p05__wd1e-04trmiss0_degmodglobal,16,1e-05,0.0001,0.2,2.0,0.25,0.05,lr1e-05_bs16_drop0p2_temp2p0_a0p25_b0p05__wd1e-04trmiss0_degmodglobal,21,0.6845807880163193,0.730336606502533,0.3111111111111111,0.6153337403337402,0.35714285714285715,0.0,0.6295182704925537,0.6558609902858734,0.07060200907289982,0.2213866487145424,0.0,0.0,0.0,0.0,0.0,18473,global,0.0
3,1,lr1e-05_bs16_drop0p2_temp2p0_a0p25_b0p05__wd1e-04trmiss0_degmodglobal,16,1e-05,0.0001,0.2,2.0,0.25,0.05,lr1e-05_bs16_drop0p2_temp2p0_a0p25_b0p05__wd1e-04trmiss0_degmodglobal,22,0.7354448288679123,0.7285471558570862,0.3111111111111111,0.6153337403337402,0.35714285714285715,0.0,0.6379591375589371,0.7087526619434357,0.06645111367106438,0.20158789679408073,0.0,0.0,0.0,0.0,0.0,18473,global,0.0
3,1,lr1e-05_bs16_drop0p2_temp2p0_a0p25_b0p05__wd1e-04trmiss0_degmodglobal,16,1e-05,0.0001,0.2,2.0,0.25,0.05,lr1e-05_bs16_drop0p2_temp2p0_a0p25_b0p05__wd1e-04trmiss0_degmodglobal,23,0.721551775932312,0.726460874080658,0.3111111111111111,0.6153337403337402,0.35714285714285715,0.0,0.6166917681694031,0.6883502006530762,0.08475104346871376,0.24027607683092356,0.0,0.0,0.0,0.0,0.0,18473,global,0.0
3,1,lr1e-05_bs16_drop0p2_temp2p0_a0p25_b0p05__wd1e-04trmiss0_degmodglobal,16,1e-05,0.0001,0.2,2.0,0.25,0.05,lr1e-05_bs16_drop0p2_temp2p0_a0p25_b0p05__wd1e-04trmiss0_degmodglobal,24,0.7163194566965103,0.7286118865013123,0.3111111111111111,0.6153337403337402,0.35714285714285715,0.0,0.6287735402584076,0.687252476811409,0.07508413400501013,0.20591898448765278,0.0,0.0,0.0,0.0,0.0,18473,global,0.0
3,1,lr1e-05_bs16_drop0p2_temp2p0_a0p25_b0p05__wd1e-04trmiss0_degmodglobal,16,1e-05,0.0001,0.2,2.0,0.25,0.05,lr1e-05_bs16_drop0p2_temp2p0_a0p25_b0p05__wd1e-04trmiss0_degmodglobal,25,0.7281008958816528,0.7290389537811279,0.3111111111111111,0.6153337403337402,0.35714285714285715,0.0,0.6144712567329407,0.6989810764789581,0.06679049413651228,0.2484441064298153,0.0,0.0,0.0,0.0,0.0,18473,global,0.0
3,1,lr1e-05_bs16_drop0p2_temp2p0_a0p25_b0p05__wd1e-04trmiss0_degmodglobal,16,1e-05,0.0001,0.2,2.0,0.25,0.05,lr1e-05_bs16_drop0p2_temp2p0_a0p25_b0p05__wd1e-04trmiss0_degmodglobal,26,0.7171893417835236,0.7278805375099182,0.28888888888888886,0.6076176909510244,0.35714285714285715,0.0,0.6104585379362106,0.6918826997280121,0.0654223496094346,0.1790209636092186,0.0,0.0,0.0,0.0,0.0,18473,global,0.0
3,1,lr1e-05_bs16_drop0p2_temp2p0_a0p25_b0p05__wd1e-04trmiss0_degmodglobal,16,1e-05,0.0001,0.2,2.0,0.25,0.05,lr1e-05_bs16_drop0p2_temp2p0_a0p25_b0p05__wd1e-04trmiss0_degmodglobal,27,0.6576861441135406,0.7280452251434326,0.28888888888888886,0.6076176909510244,0.35714285714285715,0.0,0.6288526356220245,0.6351275891065598,0.06143297627568245,0.14400611072778702,0.0,0.0,0.0,0.0,0.0,18473,global,0.0
3,1,lr1e-05_bs16_drop0p2_temp2p0_a0p25_b0p05__wd1e-04trmiss0_degmodglobal,16,1e-05,0.0001,0.2,2.0,0.25,0.05,lr1e-05_bs16_drop0p2_temp2p0_a0p25_b0p05__wd1e-04trmiss0_degmodglobal,28,0.7242629677057266,0.730047345161438,0.28888888888888886,0.6076176909510244,0.35714285714285715,0.0,0.5871523320674896,0.6898329854011536,0.08666902594268322,0.25525491312146187,0.0,0.0,0.0,0.0,0.0,18473,global,0.0
3,1,lr1e-05_bs16_drop0p2_temp2p0_a0p25_b0p05__wd1e-04trmiss0_degmodglobal,16,1e-05,0.0001,0.2,2.0,0.25,0.05,lr1e-05_bs16_drop0p2_temp2p0_a0p25_b0p05__wd1e-04trmiss0_degmodglobal,29,0.702251136302948,0.7309731245040894,0.28888888888888886,0.6076176909510244,0.35714285714285715,0.0,0.60549396276474,0.6783223897218704,0.06596573162823915,0.14874613843858242,0.0,0.0,0.0,0.0,0.0,18473,global,0.0
3,1,lr1e-05_bs16_drop0p2_temp2p0_a0p25_b0p05__wd1e-04trmiss0_degmodglobal,16,1e-05,0.0001,0.2,2.0,0.25,0.05,lr1e-05_bs16_drop0p2_temp2p0_a0p25_b0p05__wd1e-04trmiss0_degmodglobal,30,0.6819787174463272,0.7300655841827393,0.28888888888888886,0.6076176909510244,0.35714285714285715,0.0,0.6199913620948792,0.6547831147909164,0.06982042454183102,0.19481013342738152,0.0,0.0,0.0,0.0,0.0,18473,global,0.0
3,1,lr1e-05_bs16_drop0p2_temp2p0_a0p25_b0p05__wd1e-04trmiss0_degmodglobal,16,1e-05,0.0001,0.2,2.0,0.25,0.05,lr1e-05_bs16_drop0p2_temp2p0_a0p25_b0p05__wd1e-04trmiss0_degmodglobal,31,0.7394103705883026,0.7314100861549377,0.28888888888888886,0.6076176909510244,0.35714285714285715,0.0,0.5921516865491867,0.7088826894760132,0.0750899687409401,0.2351033352315426,0.0,0.0,0.0,0.0,0.0,18473,global,0.0
3,1,lr1e-05_bs16_drop0p2_temp2p0_a0p25_b0p05__wd1e-04trmiss0_degmodglobal,16,1e-05,0.0001,0.2,2.0,0.25,0.05,lr1e-05_bs16_drop0p2_temp2p0_a0p25_b0p05__wd1e-04trmiss0_degmodglobal,32,0.7335586249828339,0.7309257388114929,0.28888888888888886,0.6076176909510244,0.35714285714285715,0.0,0.605675995349884,0.7088339626789093,0.060687159188091755,0.19105715304613113,0.0,0.0,0.0,0.0,0.0,18473,global,0.0
3,1,lr1e-05_bs16_drop0p2_temp2p0_a0p25_b0p05__wd1e-04trmiss0_degmodglobal,16,1e-05,0.0001,0.2,2.0,0.25,0.05,lr1e-05_bs16_drop0p2_temp2p0_a0p25_b0p05__wd1e-04trmiss0_degmodglobal,33,0.6685226857662201,0.7269462943077087,0.3111111111111111,0.6153337403337402,0.35714285714285715,0.0,0.6166581213474274,0.646345391869545,0.059462630189955235,0.14623289369046688,0.0,0.0,0.0,0.0,0.0,18473,global,0.0
3,1,lr1e-05_bs16_drop0p4_temp1p0_a0p25_b0p05__wd1e-04trmiss0_degmodglobal,16,1e-05,0.0001,0.4,1.0,0.25,0.05,lr1e-05_bs16_drop0p4_temp1p0_a0p25_b0p05__wd1e-04trmiss0_degmodglobal,1,0.7693785130977631,0.7224164605140686,0.42222222222222217,0.6140933140933141,0.2857142857142857,0.0,0.6930400133132935,0.7475875020027161,0.05458475183695555,0.16289633885025978,0.0,0.0,0.0,0.0,0.0,18473,global,0.0
3,1,lr1e-05_bs16_drop0p4_temp1p0_a0p25_b0p05__wd1e-04trmiss0_degmodglobal,16,1e-05,0.0001,0.4,1.0,0.25,0.05,lr1e-05_bs16_drop0p4_temp1p0_a0p25_b0p05__wd1e-04trmiss0_degmodglobal,2,0.735540896654129,0.724722683429718,0.39999999999999997,0.6083953083953084,0.35714285714285715,0.0,0.6604154855012894,0.716994971036911,0.050688011571764946,0.11747844610363245,0.0,0.0,0.0,0.0,0.0,18473,global,0.0
3,1,lr1e-05_bs16_drop0p4_temp1p0_a0p25_b0p05__wd1e-04trmiss0_degmodglobal,16,1e-05,0.0001,0.4,1.0,0.25,0.05,lr1e-05_bs16_drop0p4_temp1p0_a0p25_b0p05__wd1e-04trmiss0_degmodglobal,3,0.7393134832382202,0.7268775701522827,0.3555555555555555,0.6074252907586242,0.35714285714285715,0.0,0.6877278685569763,0.718615859746933,0.05784726981073618,0.12471633311361074,0.0,0.0,0.0,0.0,0.0,18473,global,0.0
3,1,lr1e-05_bs16_drop0p4_temp1p0_a0p25_b0p05__wd1e-04trmiss0_degmodglobal,16,1e-05,0.0001,0.4,1.0,0.25,0.05,lr1e-05_bs16_drop0p4_temp1p0_a0p25_b0p05__wd1e-04trmiss0_degmodglobal,4,0.7418542951345444,0.7284153699874878,0.37777777777777777,0.6153617986951321,0.35714285714285715,0.0,0.6712975353002548,0.7252586185932159,0.03879927005618811,0.13791686575859785,0.0,0.0,0.0,0.0,0.0,18473,global,0.0
3,1,lr1e-05_bs16_drop0p4_temp1p0_a0p25_b0p05__wd1e-04trmiss0_degmodglobal,16,1e-05,0.0001,0.4,1.0,0.25,0.05,lr1e-05_bs16_drop0p4_temp1p0_a0p25_b0p05__wd1e-04trmiss0_degmodglobal,5,0.7503265887498856,0.7281962633132935,0.37777777777777777,0.6153617986951321,0.42857142857142855,0.0,0.6830685138702393,0.730469673871994,0.05034367274492979,0.14542004466056824,0.0,0.0,0.0,0.0,0.0,18473,global,0.0
3,1,lr1e-05_bs16_drop0p4_temp1p0_a0p25_b0p05__wd1e-04trmiss0_degmodglobal,16,1e-05,0.0001,0.4,1.0,0.25,0.05,lr1e-05_bs16_drop0p4_temp1p0_a0p25_b0p05__wd1e-04trmiss0_degmodglobal,6,0.7241209447383881,0.7291223406791687,0.4,0.6709173542506877,0.42857142857142855,0.0,0.6753039360046387,0.7042482197284698,0.04892440140247345,0.15283237025141716,0.0,0.0,0.0,0.0,0.0,18473,global,0.0
3,1,lr1e-05_bs16_drop0p4_temp1p0_a0p25_b0p05__wd1e-04trmiss0_degmodglobal,16,1e-05,0.0001,0.4,1.0,0.25,0.05,lr1e-05_bs16_drop0p4_temp1p0_a0p25_b0p05__wd1e-04trmiss0_degmodglobal,7,0.7130270600318909,0.7334232926368713,0.4,0.6709173542506877,0.42857142857142855,0.0,0.6869996339082718,0.696819081902504,0.04046355374157429,0.12184182181954384,0.0,0.0,0.0,0.0,0.0,18473,global,0.0
3,1,lr1e-05_bs16_drop0p4_temp1p0_a0p25_b0p05__wd1e-04trmiss0_degmodglobal,16,1e-05,0.0001,0.4,1.0,0.25,0.05,lr1e-05_bs16_drop0p4_temp1p0_a0p25_b0p05__wd1e-04trmiss0_degmodglobal,8,0.7265041768550873,0.7334892153739929,0.4,0.6709173542506877,0.42857142857142855,0.0,0.6322252154350281,0.7069007903337479,0.048037778586149216,0.1518788728863001,0.0,0.0,0.0,0.0,0.0,18473,global,0.0
3,1,lr1e-05_bs16_drop0p4_temp1p0_a0p25_b0p05__wd1e-04trmiss0_degmodglobal,16,1e-05,0.0001,0.4,1.0,0.25,0.05,lr1e-05_bs16_drop0p4_temp1p0_a0p25_b0p05__wd1e-04trmiss0_degmodglobal,9,0.7158597409725189,0.7349064350128174,0.4,0.6709173542506877,0.42857142857142855,0.0,0.7303637266159058,0.6864127367734909,0.0677692461758852,0.2500939108431339,0.0,0.0,0.0,0.0,0.0,18473,global,0.0
3,1,lr1e-05_bs16_drop0p4_temp1p0_a0p25_b0p05__wd1e-04trmiss0_degmodglobal,16,1e-05,0.0001,0.4,1.0,0.25,0.05,lr1e-05_bs16_drop0p4_temp1p0_a0p25_b0p05__wd1e-04trmiss0_degmodglobal,10,0.7099253982305527,0.7332374453544617,0.39999999999999997,0.7020621353954688,0.42857142857142855,0.0,0.6546841561794281,0.6952383667230606,0.04068071860820055,0.09033696260303259,0.0,0.0,0.0,0.0,0.0,18473,global,0.0
3,1,lr1e-05_bs16_drop0p4_temp1p0_a0p25_b0p05__wd1e-04trmiss0_degmodglobal,16,1e-05,0.0001,0.4,1.0,0.25,0.05,lr1e-05_bs16_drop0p4_temp1p0_a0p25_b0p05__wd1e-04trmiss0_degmodglobal,11,0.7159258127212524,0.7315815687179565,0.39999999999999997,0.7020621353954688,0.42857142857142855,0.0,0.7170428037643433,0.6972640752792358,0.04727847874164581,0.1368422918021679,0.0,0.0,0.0,0.0,0.0,18473,global,0.0
3,1,lr1e-05_bs16_drop0p4_temp1p0_a0p25_b0p05__wd1e-04trmiss0_degmodglobal,16,1e-05,0.0001,0.4,1.0,0.25,0.05,lr1e-05_bs16_drop0p4_temp1p0_a0p25_b0p05__wd1e-04trmiss0_degmodglobal,12,0.7194610834121704,0.7322221994400024,0.39999999999999997,0.7020621353954688,0.42857142857142855,0.0,0.6735276430845261,0.7011545151472092,0.04180285893380642,0.1571169514209032,0.0,0.0,0.0,0.0,0.0,18473,global,0.0
3,1,lr1e-05_bs16_drop0p4_temp1p0_a0p25_b0p05__wd1e-04trmiss0_degmodglobal,16,1e-05,0.0001,0.4,1.0,0.25,0.05,lr1e-05_bs16_drop0p4_temp1p0_a0p25_b0p05__wd1e-04trmiss0_degmodglobal,13,0.7230267226696014,0.7347427606582642,0.39999999999999997,0.7020621353954688,0.42857142857142855,0.0,0.6430820971727371,0.703348383307457,0.04709829296916723,0.158075338229537,0.0,0.0,0.0,0.0,0.0,18473,global,0.0
3,1,lr1e-05_bs16_drop0p4_temp1p0_a0p25_b0p05__wd1e-04trmiss0_degmodglobal,16,1e-05,0.0001,0.4,1.0,0.25,0.05,lr1e-05_bs16_drop0p4_temp1p0_a0p25_b0p05__wd1e-04trmiss0_degmodglobal,14,0.6992694437503815,0.7312230467796326,0.3333333333333333,0.5928028761362095,0.42857142857142855,0.0,0.6464246809482574,0.6812995970249176,0.04138019680976868,0.15249554812908173,0.0,0.0,0.0,0.0,0.0,18473,global,0.0
3,1,lr1e-05_bs16_drop0p4_temp1p0_a0p25_b0p05__wd1e-04trmiss0_degmodglobal,16,1e-05,0.0001,0.4,1.0,0.25,0.05,lr1e-05_bs16_drop0p4_temp1p0_a0p25_b0p05__wd1e-04trmiss0_degmodglobal,15,0.7176519334316254,0.7305076122283936,0.3555555555555555,0.648358431691765,0.42857142857142855,0.0,0.6245522946119308,0.6949195116758347,0.060461411252617836,0.15234125033020973,0.0,0.0,0.0,0.0,0.0,18473,global,0.0
3,1,lr1e-05_bs16_drop0p4_temp1p0_a0p25_b0p05__wd1e-04trmiss0_degmodglobal,16,1e-05,0.0001,0.4,1.0,0.25,0.05,lr1e-05_bs16_drop0p4_temp1p0_a0p25_b0p05__wd1e-04trmiss0_degmodglobal,16,0.7200380861759186,0.7308892011642456,0.3333333333333333,0.5928028761362095,0.42857142857142855,0.0,0.6539320945739746,0.6953685730695724,0.06160316243767738,0.18537446111440659,0.0,0.0,0.0,0.0,0.0,18473,global,0.0
3,1,lr1e-05_bs16_drop0p4_temp1p0_a0p25_b0p05__wd1e-04trmiss0_degmodglobal,16,1e-05,0.0001,0.4,1.0,0.25,0.05,lr1e-05_bs16_drop0p4_temp1p0_a0p25_b0p05__wd1e-04trmiss0_degmodglobal,17,0.7061906307935715,0.7251533269882202,0.3555555555555555,0.648358431691765,0.42857142857142855,0.0,0.6533517390489578,0.6877888590097427,0.04810366965830326,0.12751679541543126,0.0,0.0,0.0,0.0,0.0,18473,global,0.0
3,1,lr1e-05_bs16_drop0p4_temp1p0_a0p25_b0p05__wd1e-04trmiss0_degmodglobal,16,1e-05,0.0001,0.4,1.0,0.25,0.05,lr1e-05_bs16_drop0p4_temp1p0_a0p25_b0p05__wd1e-04trmiss0_degmodglobal,18,0.7173597514629364,0.7268308401107788,0.3555555555555555,0.6094695428028762,0.42857142857142855,0.0,0.6345039159059525,0.6960988938808441,0.048680052161216736,0.1818167194724083,0.0,0.0,0.0,0.0,0.0,18473,global,0.0
3,1,lr1e-05_bs16_drop0p4_temp1p0_a0p25_b0p05__wd1e-04trmiss0_degmodglobal,16,1e-05,0.0001,0.4,1.0,0.25,0.05,lr1e-05_bs16_drop0p4_temp1p0_a0p25_b0p05__wd1e-04trmiss0_degmodglobal,19,0.7482806146144867,0.7310656309127808,0.3555555555555555,0.6094695428028762,0.42857142857142855,0.0,0.6520398557186127,0.7203421890735626,0.0671004531905055,0.2232658974826336,0.0,0.0,0.0,0.0,0.0,18473,global,0.0
3,1,lr1e-05_bs16_drop0p4_temp1p0_a0p25_b0p05__wd1e-04trmiss0_degmodglobal,16,1e-05,0.0001,0.4,1.0,0.25,0.05,lr1e-05_bs16_drop0p4_temp1p0_a0p25_b0p05__wd1e-04trmiss0_degmodglobal,20,0.7124874293804169,0.7326692938804626,0.3555555555555555,0.648358431691765,0.42857142857142855,0.0,0.6418837010860443,0.6912538260221481,0.05103602958843112,0.1694917120039463,0.0,0.0,0.0,0.0,0.0,18473,global,0.0
3,1,lr1e-05_bs16_drop0p4_temp1p0_a0p25_b0p05__wd1e-04trmiss0_degmodglobal,16,1e-05,0.0001,0.4,1.0,0.25,0.05,lr1e-05_bs16_drop0p4_temp1p0_a0p25_b0p05__wd1e-04trmiss0_degmodglobal,21,0.7231329828500748,0.7338849306106567,0.39999999999999997,0.7020621353954688,0.42857142857142855,0.0,0.6228813529014587,0.699934646487236,0.06050643790513277,0.1614342201501131,0.0,0.0,0.0,0.0,0.0,18473,global,0.0
3,1,lr1e-05_bs16_drop0p4_temp1p0_a0p25_b0p05__wd1e-04trmiss0_degmodglobal,16,1e-05,0.0001,0.4,1.0,0.25,0.05,lr1e-05_bs16_drop0p4_temp1p0_a0p25_b0p05__wd1e-04trmiss0_degmodglobal,22,0.7362661510705948,0.7337046265602112,0.4222222222222222,0.7097781847781848,0.42857142857142855,0.0,0.5889863669872284,0.7101691663265228,0.06401523388922215,0.20186395570635796,0.0,0.0,0.0,0.0,0.0,18473,global,0.0
3,1,lr1e-05_bs16_drop0p4_temp1p0_a0p25_b0p05__wd1e-04trmiss0_degmodglobal,16,1e-05,0.0001,0.4,1.0,0.25,0.05,lr1e-05_bs16_drop0p4_temp1p0_a0p25_b0p05__wd1e-04trmiss0_degmodglobal,23,0.7149058878421783,0.736291229724884,0.39999999999999997,0.7020621353954688,0.42857142857142855,0.0,0.6287728697061539,0.6968876868486404,0.04678584914654493,0.12643476948142052,0.0,0.0,0.0,0.0,0.0,18473,global,0.0
3,1,lr1e-05_bs16_drop0p4_temp1p0_a0p25_b0p05__wd1e-04trmiss0_degmodglobal,16,1e-05,0.0001,0.4,1.0,0.25,0.05,lr1e-05_bs16_drop0p4_temp1p0_a0p25_b0p05__wd1e-04trmiss0_degmodglobal,24,0.7167184203863144,0.7338375449180603,0.39999999999999997,0.7020621353954688,0.42857142857142855,0.0,0.6237441450357437,0.6973108351230621,0.042270164005458355,0.17680049501359463,0.0,0.0,0.0,0.0,0.0,18473,global,0.0
3,1,lr1e-05_bs16_drop0p4_temp1p0_a0p25_b0p05__wd1e-04trmiss0_degmodglobal,16,1e-05,0.0001,0.4,1.0,0.25,0.05,lr1e-05_bs16_drop0p4_temp1p0_a0p25_b0p05__wd1e-04trmiss0_degmodglobal,25,0.7104693353176117,0.7301911115646362,0.4222222222222222,0.7097781847781848,0.42857142857142855,0.0,0.6202948838472366,0.6916459649801254,0.048348335549235344,0.13472562283277512,0.0,0.0,0.0,0.0,0.0,18473,global,0.0
3,1,lr1e-05_bs16_drop0p4_temp1p0_a0p25_b0p05__wd1e-04trmiss0_degmodglobal,16,1e-05,0.0001,0.4,1.0,0.25,0.05,lr1e-05_bs16_drop0p4_temp1p0_a0p25_b0p05__wd1e-04trmiss0_degmodglobal,26,0.6889715939760208,0.7282117009162903,0.4222222222222222,0.7036935286935286,0.42857142857142855,0.0,0.653019368648529,0.6674539893865585,0.0615596417337656,0.12255376391112804,0.0,0.0,0.0,0.0,0.0,18473,global,0.0
3,1,lr1e-05_bs16_drop0p4_temp1p0_a0p25_b0p05__wd1e-04trmiss0_degmodglobal,16,1e-05,0.0001,0.4,1.0,0.25,0.05,lr1e-05_bs16_drop0p4_temp1p0_a0p25_b0p05__wd1e-04trmiss0_degmodglobal,27,0.712841585278511,0.7268114686012268,0.37777777777777777,0.6111009361009361,0.42857142857142855,0.0,0.6306332945823669,0.689627543091774,0.05766128748655319,0.17597430758178234,0.0,0.0,0.0,0.0,0.0,18473,global,0.0
3,1,lr1e-05_bs16_drop0p4_temp1p0_a0p25_b0p05__wd1e-04trmiss0_degmodglobal,16,1e-05,0.0001,0.4,1.0,0.25,0.05,lr1e-05_bs16_drop0p4_temp1p0_a0p25_b0p05__wd1e-04trmiss0_degmodglobal,28,0.7115514129400253,0.7299063205718994,0.39999999999999997,0.6277676027676028,0.42857142857142855,0.0,0.643229216337204,0.6929108649492264,0.04463717434555292,0.14962513744831085,0.0,0.0,0.0,0.0,0.0,18473,global,0.0
3,1,lr1e-05_bs16_drop0p4_temp1p0_a0p25_b0p05__wd1e-04trmiss0_degmodglobal,16,1e-05,0.0001,0.4,1.0,0.25,0.05,lr1e-05_bs16_drop0p4_temp1p0_a0p25_b0p05__wd1e-04trmiss0_degmodglobal,29,0.7251558005809784,0.7357867360115051,0.37777777777777777,0.6650250983584318,0.42857142857142855,0.0,0.600296825170517,0.6975710690021515,0.065443173982203,0.22447898425161839,0.0,0.0,0.0,0.0,0.0,18473,global,0.0
3,1,lr1e-05_bs16_drop0p4_temp1p0_a0p25_b0p05__wd1e-04trmiss0_degmodglobal,16,1e-05,0.0001,0.4,1.0,0.25,0.05,lr1e-05_bs16_drop0p4_temp1p0_a0p25_b0p05__wd1e-04trmiss0_degmodglobal,30,0.7199025899171829,0.7339203953742981,0.3555555555555555,0.6094695428028762,0.42857142857142855,0.0,0.6157832145690918,0.6981796324253082,0.055378396064043045,0.15756678208708763,0.0,0.0,0.0,0.0,0.0,18473,global,0.0
3,1,lr1e-05_bs16_drop0p4_temp1p0_a0p25_b0p05__wd1e-04trmiss0_degmodglobal,16,1e-05,0.0001,0.4,1.0,0.25,0.05,lr1e-05_bs16_drop0p4_temp1p0_a0p25_b0p05__wd1e-04trmiss0_degmodglobal,31,0.696397677063942,0.7332538366317749,0.35555555555555557,0.6033848867182201,0.42857142857142855,0.0,0.5891831815242767,0.6783899962902069,0.04716512933373451,0.1243281178176403,0.0,0.0,0.0,0.0,0.0,18473,global,0.0
3,1,lr1e-05_bs16_drop0p4_temp1p0_a0p25_b0p05__wd1e-04trmiss0_degmodglobal,16,1e-05,0.0001,0.4,1.0,0.25,0.05,lr1e-05_bs16_drop0p4_temp1p0_a0p25_b0p05__wd1e-04trmiss0_degmodglobal,32,0.7270942479372025,0.7325177788734436,0.39999999999999997,0.6666564916564917,0.42857142857142855,0.0,0.6101568043231964,0.7036541253328323,0.05774295795708895,0.1800876073539257,0.0,0.0,0.0,0.0,0.0,18473,global,0.0
3,1,lr1e-05_bs16_drop0p4_temp1p0_a0p25_b0p05__wd1e-04trmiss0_degmodglobal,16,1e-05,0.0001,0.4,1.0,0.25,0.05,lr1e-05_bs16_drop0p4_temp1p0_a0p25_b0p05__wd1e-04trmiss0_degmodglobal,33,0.7047732323408127,0.7303200960159302,0.4444444444444444,0.7203601953601955,0.42857142857142855,0.0,0.5965820699930191,0.6830146014690399,0.05748461373150349,0.14774949103593826,0.0,0.0,0.0,0.0,0.0,18473,global,0.0
3,1,lr1e-05_bs16_drop0p4_temp1p0_a0p25_b0p05__wd1e-04trmiss0_degmodglobal,16,1e-05,0.0001,0.4,1.0,0.25,0.05,lr1e-05_bs16_drop0p4_temp1p0_a0p25_b0p05__wd1e-04trmiss0_degmodglobal,34,0.7314628511667252,0.728410005569458,0.4222222222222222,0.7126441459774793,0.42857142857142855,0.0,0.5797452181577682,0.7087995111942291,0.05648863688111305,0.17082382552325726,0.0,0.0,0.0,0.0,0.0,18473,global,0.0
3,1,lr1e-05_bs16_drop0p4_temp1p0_a0p25_b0p05__wd1e-04trmiss0_degmodglobal,16,1e-05,0.0001,0.4,1.0,0.25,0.05,lr1e-05_bs16_drop0p4_temp1p0_a0p25_b0p05__wd1e-04trmiss0_degmodglobal,35,0.7223810702562332,0.7320369482040405,0.3333333333333333,0.5928028761362095,0.42857142857142855,0.0,0.5857281237840652,0.6991820484399796,0.0582283828407526,0.17283863946795464,0.0,0.0,0.0,0.0,0.0,18473,global,0.0
3,1,lr1e-05_bs16_drop0p4_temp1p0_a0p25_b0p05__wd1e-04trmiss0_degmodglobal,16,1e-05,0.0001,0.4,1.0,0.25,0.05,lr1e-05_bs16_drop0p4_temp1p0_a0p25_b0p05__wd1e-04trmiss0_degmodglobal,36,0.6982900351285934,0.7322264313697815,0.4222222222222222,0.7097781847781848,0.42857142857142855,0.0,0.6022486388683319,0.6747147440910339,0.0567311504855752,0.18785003945231438,0.0,0.0,0.0,0.0,0.0,18473,global,0.0
3,1,lr1e-05_bs16_drop0p4_temp1p0_a0p25_b0p05__wd1e-04trmiss0_degmodglobal,16,1e-05,0.0001,0.4,1.0,0.25,0.05,lr1e-05_bs16_drop0p4_temp1p0_a0p25_b0p05__wd1e-04trmiss0_degmodglobal,37,0.7184059768915176,0.7354176640510559,0.37777777777777777,0.6650250983584318,0.42857142857142855,0.0,0.5838119983673096,0.6970751732587814,0.05537803005427122,0.14972583577036858,0.0,0.0,0.0,0.0,0.0,18473,global,0.0
3,1,lr1e-05_bs16_drop0p4_temp1p0_a0p25_b0p05__wd1e-04trmiss0_degmodglobal,16,1e-05,0.0001,0.4,1.0,0.25,0.05,lr1e-05_bs16_drop0p4_temp1p0_a0p25_b0p05__wd1e-04trmiss0_degmodglobal,38,0.7302841395139694,0.7365698218345642,0.3555555555555555,0.6094695428028762,0.42857142857142855,0.0,0.6066087782382965,0.7097269147634506,0.05006807018071413,0.16080410033464432,0.0,0.0,0.0,0.0,0.0,18473,global,0.0
3,1,lr1e-05_bs16_drop0p4_temp1p0_a0p25_b0p05__wd1e-04trmiss0_degmodglobal,16,1e-05,0.0001,0.4,1.0,0.25,0.05,lr1e-05_bs16_drop0p4_temp1p0_a0p25_b0p05__wd1e-04trmiss0_degmodglobal,39,0.71018186211586,0.7353165149688721,0.4,0.6348663681997017,0.42857142857142855,0.0,0.6058643311262131,0.6880311369895935,0.05380695965141058,0.17397933453321457,0.0,0.0,0.0,0.0,0.0,18473,global,0.0
3,1,lr1e-05_bs16_drop0p4_temp1p0_a0p25_b0p05__wd1e-04trmiss0_degmodglobal,16,1e-05,0.0001,0.4,1.0,0.25,0.05,lr1e-05_bs16_drop0p4_temp1p0_a0p25_b0p05__wd1e-04trmiss0_degmodglobal,40,0.7122176438570023,0.7348499894142151,0.37777777777777777,0.6650250983584318,0.42857142857142855,0.0,0.6059941351413727,0.692037895321846,0.047206154093146324,0.1675640419125557,0.0,0.0,0.0,0.0,0.0,18473,global,0.0
3,1,lr1e-05_bs16_drop0p4_temp1p0_a0p25_b0p05__wd1e-04trmiss0_degmodglobal,16,1e-05,0.0001,0.4,1.0,0.25,0.05,lr1e-05_bs16_drop0p4_temp1p0_a0p25_b0p05__wd1e-04trmiss0_degmodglobal,41,0.7063020914793015,0.7353461384773254,0.4444444444444444,0.7203601953601955,0.42857142857142855,0.0,0.6013056486845016,0.6810667216777802,0.06447157263755798,0.18234924040734768,0.0,0.0,0.0,0.0,0.0,18473,global,0.0
3,1,lr1e-05_bs16_drop0p4_temp1p0_a0p25_b0p05__wd1e-04trmiss0_degmodglobal,16,1e-05,0.0001,0.4,1.0,0.25,0.05,lr1e-05_bs16_drop0p4_temp1p0_a0p25_b0p05__wd1e-04trmiss0_degmodglobal,42,0.6924131810665131,0.7316585183143616,0.4222222222222222,0.6833231583231583,0.42857142857142855,0.0,0.5775209963321686,0.6702407747507095,0.057728976011276245,0.15480318292975426,0.0,0.0,0.0,0.0,0.0,18473,global,0.0
3,1,lr1e-05_bs16_drop0p4_temp1p0_a0p25_b0p05__wd1e-04trmiss0_degmodglobal,16,1e-05,0.0001,0.4,1.0,0.25,0.05,lr1e-05_bs16_drop0p4_temp1p0_a0p25_b0p05__wd1e-04trmiss0_degmodglobal,43,0.7447921335697174,0.7337669730186462,0.39999999999999997,0.6666564916564917,0.42857142857142855,0.0,0.6206236183643341,0.7208123356103897,0.05894278455525637,0.1848823707550764,0.0,0.0,0.0,0.0,0.0,18473,global,0.0
3,1,lr1e-05_bs16_drop0p4_temp1p0_a0p25_b0p05__wd1e-04trmiss0_degmodglobal,16,1e-05,0.0001,0.4,1.0,0.25,0.05,lr1e-05_bs16_drop0p4_temp1p0_a0p25_b0p05__wd1e-04trmiss0_degmodglobal,44,0.7130723744630814,0.7338958978652954,0.3555555555555555,0.6094695428028762,0.42857142857142855,0.0,0.5488772392272949,0.6783678531646729,0.0829291408881545,0.2794447857886553,0.0,0.0,0.0,0.0,0.0,18473,global,0.0
3,1,lr1e-05_bs16_drop0p4_temp1p0_a0p25_b0p05__wd1e-04trmiss0_degmodglobal,16,1e-05,0.0001,0.4,1.0,0.25,0.05,lr1e-05_bs16_drop0p4_temp1p0_a0p25_b0p05__wd1e-04trmiss0_degmodglobal,45,0.7534746825695038,0.7361920475959778,0.3555555555555555,0.6094695428028762,0.42857142857142855,0.0,0.5827482342720032,0.7265642732381821,0.060479821637272835,0.23580865561962128,0.0,0.0,0.0,0.0,0.0,18473,global,0.0
3,1,lr1e-05_bs16_drop0p4_temp1p0_a0p25_b0p05__wd1e-04trmiss0_degmodglobal,16,1e-05,0.0001,0.4,1.0,0.25,0.05,lr1e-05_bs16_drop0p4_temp1p0_a0p25_b0p05__wd1e-04trmiss0_degmodglobal,46,0.7556233704090118,0.7382725477218628,0.3555555555555555,0.6094695428028762,0.42857142857142855,0.0,0.5797408819198608,0.7219046354293823,0.0766634400933981,0.2910575270652771,0.0,0.0,0.0,0.0,0.0,18473,global,0.0
3,1,lr1e-05_bs16_drop0p4_temp1p0_a0p25_b0p05__wd1e-04trmiss0_degmodglobal,16,1e-05,0.0001,0.4,1.0,0.25,0.05,lr1e-05_bs16_drop0p4_temp1p0_a0p25_b0p05__wd1e-04trmiss0_degmodglobal,47,0.7114861309528351,0.7366573810577393,0.37777777777777777,0.6200515533848867,0.42857142857142855,0.0,0.574367418885231,0.6821509748697281,0.07291681040078402,0.2221195437014103,0.0,0.0,0.0,0.0,0.0,18473,global,0.0
3,1,lr1e-05_bs16_drop0p4_temp1p0_a0p25_b0p05__wd1e-04trmiss0_degmodglobal,16,1e-05,0.0001,0.4,1.0,0.25,0.05,lr1e-05_bs16_drop0p4_temp1p0_a0p25_b0p05__wd1e-04trmiss0_degmodglobal,48,0.7270621061325073,0.7307628989219666,0.37777777777777777,0.6171855921855922,0.42857142857142855,0.0,0.6181781888008118,0.7039922475814819,0.058913842774927616,0.16682782769203186,0.0,0.0,0.0,0.0,0.0,18473,global,0.0
3,1,lr1e-05_bs16_drop0p4_temp1p0_a0p25_b0p05__wd1e-04trmiss0_degmodglobal,16,1e-05,0.0001,0.4,1.0,0.25,0.05,lr1e-05_bs16_drop0p4_temp1p0_a0p25_b0p05__wd1e-04trmiss0_degmodglobal,49,0.7245845049619675,0.7326164841651917,0.3555555555555555,0.6094695428028762,0.42857142857142855,0.0,0.6056565791368484,0.7003506273031235,0.061910697259008884,0.17512429133057594,0.0,0.0,0.0,0.0,0.0,18473,global,0.0
3,1,lr1e-05_bs16_drop0p4_temp1p0_a0p25_b0p05__wd1e-04trmiss0_degmodglobal,16,1e-05,0.0001,0.4,1.0,0.25,0.05,lr1e-05_bs16_drop0p4_temp1p0_a0p25_b0p05__wd1e-04trmiss0_degmodglobal,50,0.725299596786499,0.7266150116920471,0.4222222222222222,0.7126441459774793,0.42857142857142855,0.0,0.5712562054395676,0.6957933306694031,0.06885306257754564,0.2458601426333189,0.0,0.0,0.0,0.0,0.0,18473,global,0.0
3,1,lr1e-05_bs16_drop0p4_temp1p0_a0p25_b0p05__wd1e-04trmiss0_degmodglobal,16,1e-05,0.0001,0.4,1.0,0.25,0.05,lr1e-05_bs16_drop0p4_temp1p0_a0p25_b0p05__wd1e-04trmiss0_degmodglobal,51,0.6926505714654922,0.7286590933799744,0.4,0.6756071089404423,0.42857142857142855,0.0,0.5828195512294769,0.6696669012308121,0.05804331507533789,0.1694566197693348,0.0,0.0,0.0,0.0,0.0,18473,global,0.0
3,1,lr1e-05_bs16_drop0p4_temp1p0_a0p25_b0p05__wd1e-04trmiss0_degmodglobal,16,1e-05,0.0001,0.4,1.0,0.25,0.05,lr1e-05_bs16_drop0p4_temp1p0_a0p25_b0p05__wd1e-04trmiss0_degmodglobal,52,0.7058884054422379,0.7254703640937805,0.4,0.6756071089404423,0.42857142857142855,0.0,0.5914216786623001,0.6811921149492264,0.06330071296542883,0.1774224266409874,0.0,0.0,0.0,0.0,0.0,18473,global,0.0
3,1,lr1e-05_bs16_drop0p4_temp1p0_a0p25_b0p05__wd1e-04trmiss0_degmodglobal,16,1e-05,0.0001,0.4,1.0,0.25,0.05,lr1e-05_bs16_drop0p4_temp1p0_a0p25_b0p05__wd1e-04trmiss0_degmodglobal,53,0.7630068957805634,0.7270546555519104,0.37777777777777777,0.6650250983584318,0.42857142857142855,0.0,0.6240811347961426,0.7373915463685989,0.06044791266322136,0.21006712317466736,0.0,0.0,0.0,0.0,0.0,18473,global,0.0
3,1,lr1e-05_bs16_drop0p4_temp2p0_a0p25_b0p05__wd1e-04trmiss0_degmodglobal,16,1e-05,0.0001,0.4,2.0,0.25,0.05,lr1e-05_bs16_drop0p4_temp2p0_a0p25_b0p05__wd1e-04trmiss0_degmodglobal,1,0.7707504034042358,0.6926050782203674,0.4666666666666666,0.6805666555666556,0.35714285714285715,0.0,0.668771892786026,0.7355143278837204,0.08505502715706825,0.2794462814927101,0.0,0.0,0.0,0.0,0.0,18473,global,0.0
3,1,lr1e-05_bs16_drop0p4_temp2p0_a0p25_b0p05__wd1e-04trmiss0_degmodglobal,16,1e-05,0.0001,0.4,2.0,0.25,0.05,lr1e-05_bs16_drop0p4_temp2p0_a0p25_b0p05__wd1e-04trmiss0_degmodglobal,2,0.7390989065170288,0.6939125657081604,0.4444444444444444,0.6731592481592481,0.35714285714285715,0.0,0.6773228943347931,0.7060876190662384,0.087697958573699,0.22173581458628178,0.0,0.0,0.0,0.0,0.0,18473,global,0.0
3,1,lr1e-05_bs16_drop0p4_temp2p0_a0p25_b0p05__wd1e-04trmiss0_degmodglobal,16,1e-05,0.0001,0.4,2.0,0.25,0.05,lr1e-05_bs16_drop0p4_temp2p0_a0p25_b0p05__wd1e-04trmiss0_degmodglobal,3,0.7741899192333221,0.6916468739509583,0.42222222222222217,0.6741733575066908,0.42857142857142855,0.0,0.6562493741512299,0.7388511449098587,0.08334437012672424,0.2900537736713886,0.0,0.0,0.0,0.0,0.0,18473,global,0.0
3,1,lr1e-05_bs16_drop0p4_temp2p0_a0p25_b0p05__wd1e-04trmiss0_degmodglobal,16,1e-05,0.0001,0.4,2.0,0.25,0.05,lr1e-05_bs16_drop0p4_temp2p0_a0p25_b0p05__wd1e-04trmiss0_degmodglobal,4,0.7372425198554993,0.6914628148078918,0.4666666666666667,0.6926918760252094,0.42857142857142855,0.0,0.6590297967195511,0.7082257568836212,0.07409069500863552,0.2098817117512226,0.0,0.0,0.0,0.0,0.0,18473,global,0.0
3,1,lr1e-05_bs16_drop0p4_temp2p0_a0p25_b0p05__wd1e-04trmiss0_degmodglobal,16,1e-05,0.0001,0.4,2.0,0.25,0.05,lr1e-05_bs16_drop0p4_temp2p0_a0p25_b0p05__wd1e-04trmiss0_degmodglobal,5,0.7347992360591888,0.6919814944267273,0.42222222222222217,0.6654431987765321,0.35714285714285715,0.0,0.6617432236671448,0.7043041586875916,0.08649253845214844,0.1774388812482357,0.0,0.0,0.0,0.0,0.0,18473,global,0.0
3,1,lr1e-05_bs16_drop0p4_temp2p0_a0p25_b0p05__wd1e-04trmiss0_degmodglobal,16,1e-05,0.0001,0.4,2.0,0.25,0.05,lr1e-05_bs16_drop0p4_temp2p0_a0p25_b0p05__wd1e-04trmiss0_degmodglobal,6,0.7440841048955917,0.6915541887283325,0.4666666666666666,0.7130622463955798,0.5,0.0,0.6044515520334244,0.7122471034526825,0.07982383109629154,0.23762092366814613,0.0,0.0,0.0,0.0,0.0,18473,global,0.0
3,1,lr1e-05_bs16_drop0p4_temp2p0_a0p25_b0p05__wd1e-04trmiss0_degmodglobal,16,1e-05,0.0001,0.4,2.0,0.25,0.05,lr1e-05_bs16_drop0p4_temp2p0_a0p25_b0p05__wd1e-04trmiss0_degmodglobal,7,0.7255994528532028,0.6922851800918579,0.4666666666666666,0.7130622463955798,0.5,0.0,0.672095313668251,0.688003271818161,0.09749736078083515,0.26443691551685333,0.0,0.0,0.0,0.0,0.0,18473,global,0.0
3,1,lr1e-05_bs16_drop0p4_temp2p0_a0p25_b0p05__wd1e-04trmiss0_degmodglobal,16,1e-05,0.0001,0.4,2.0,0.25,0.05,lr1e-05_bs16_drop0p4_temp2p0_a0p25_b0p05__wd1e-04trmiss0_degmodglobal,8,0.7060966342687607,0.6873747110366821,0.5777777777777777,0.7754079254079256,0.42857142857142855,0.0,0.6271392405033112,0.679342731833458,0.0679221898317337,0.19546698033809662,0.0,0.0,0.0,0.0,0.0,18473,global,0.0
3,1,lr1e-05_bs16_drop0p4_temp2p0_a0p25_b0p05__wd1e-04trmiss0_degmodglobal,16,1e-05,0.0001,0.4,2.0,0.25,0.05,lr1e-05_bs16_drop0p4_temp2p0_a0p25_b0p05__wd1e-04trmiss0_degmodglobal,9,0.7423492074012756,0.6860737204551697,0.5333333333333333,0.7473655973655975,0.5714285714285714,0.0,0.6224828809499741,0.7089294493198395,0.08386751543730497,0.24905738979578018,0.0,0.0,0.0,0.0,0.0,18473,global,0.0
3,1,lr1e-05_bs16_drop0p4_temp2p0_a0p25_b0p05__wd1e-04trmiss0_degmodglobal,16,1e-05,0.0001,0.4,2.0,0.25,0.05,lr1e-05_bs16_drop0p4_temp2p0_a0p25_b0p05__wd1e-04trmiss0_degmodglobal,10,0.7636923640966415,0.6875489354133606,0.5777777777777777,0.7754079254079256,0.5714285714285714,0.0,0.6620688885450363,0.7300062924623489,0.08138369210064411,0.2668028250336647,0.0,0.0,0.0,0.0,0.0,18473,global,0.0
3,1,lr1e-05_bs16_drop0p4_temp2p0_a0p25_b0p05__wd1e-04trmiss0_degmodglobal,16,1e-05,0.0001,0.4,2.0,0.25,0.05,lr1e-05_bs16_drop0p4_temp2p0_a0p25_b0p05__wd1e-04trmiss0_degmodglobal,11,0.7305426299571991,0.6883151531219482,0.5555555555555556,0.7621804121804123,0.5714285714285714,0.0,0.6085068881511688,0.7029066979885101,0.06473124213516712,0.22906236350536346,0.0,0.0,0.0,0.0,0.0,18473,global,0.0
3,1,lr1e-05_bs16_drop0p4_temp2p0_a0p25_b0p05__wd1e-04trmiss0_degmodglobal,16,1e-05,0.0001,0.4,2.0,0.25,0.05,lr1e-05_bs16_drop0p4_temp2p0_a0p25_b0p05__wd1e-04trmiss0_degmodglobal,12,0.7110518515110016,0.6897509694099426,0.5111111111111111,0.7445437278770612,0.5,0.0,0.6352386474609375,0.6750160604715347,0.0856236182153225,0.2925975751131773,0.0,0.0,0.0,0.0,0.0,18473,global,0.0
3,1,lr1e-05_bs16_drop0p4_temp2p0_a0p25_b0p05__wd1e-04trmiss0_degmodglobal,16,1e-05,0.0001,0.4,2.0,0.25,0.05,lr1e-05_bs16_drop0p4_temp2p0_a0p25_b0p05__wd1e-04trmiss0_degmodglobal,13,0.7138919830322266,0.6885915994644165,0.5555555555555556,0.7596671846671847,0.5,0.0,0.6721558421850204,0.686665877699852,0.07520982809364796,0.16847308725118637,0.0,0.0,0.0,0.0,0.0,18473,global,0.0
3,1,lr1e-05_bs16_drop0p4_temp2p0_a0p25_b0p05__wd1e-04trmiss0_degmodglobal,16,1e-05,0.0001,0.4,2.0,0.25,0.05,lr1e-05_bs16_drop0p4_temp2p0_a0p25_b0p05__wd1e-04trmiss0_degmodglobal,14,0.7306203693151474,0.6888075470924377,0.5555555555555556,0.7621804121804123,0.5714285714285714,0.0,0.6272870302200317,0.6983587890863419,0.07889014389365911,0.25078055262565613,0.0,0.0,0.0,0.0,0.0,18473,global,0.0
3,1,lr1e-05_bs16_drop0p4_temp2p0_a0p25_b0p05__wd1e-04trmiss0_degmodglobal,16,1e-05,0.0001,0.4,2.0,0.25,0.05,lr1e-05_bs16_drop0p4_temp2p0_a0p25_b0p05__wd1e-04trmiss0_degmodglobal,15,0.7209400236606598,0.6895641684532166,0.5777777777777777,0.7695878195878196,0.5714285714285714,0.0,0.618347555398941,0.6949500441551208,0.06139683723449707,0.21281548589468002,0.0,0.0,0.0,0.0,0.0,18473,global,0.0
3,1,lr1e-05_bs16_drop0p4_temp2p0_a0p25_b0p05__wd1e-04trmiss0_degmodglobal,16,1e-05,0.0001,0.4,2.0,0.25,0.05,lr1e-05_bs16_drop0p4_temp2p0_a0p25_b0p05__wd1e-04trmiss0_degmodglobal,16,0.7466435432434082,0.6899221539497375,0.6,0.7788470788470789,0.5,0.0,0.598928838968277,0.7150225192308426,0.07424503937363625,0.2611950561404228,0.0,0.0,0.0,0.0,0.0,18473,global,0.0
3,1,lr1e-05_bs16_drop0p4_temp2p0_a0p25_b0p05__wd1e-04trmiss0_degmodglobal,16,1e-05,0.0001,0.4,2.0,0.25,0.05,lr1e-05_bs16_drop0p4_temp2p0_a0p25_b0p05__wd1e-04trmiss0_degmodglobal,17,0.7425248920917511,0.6882324814796448,0.5777777777777777,0.7640322640322641,0.5,0.0,0.6345366835594177,0.7098854631185532,0.07943565584719181,0.25561050698161125,0.0,0.0,0.0,0.0,0.0,18473,global,0.0
3,1,lr1e-05_bs16_drop0p4_temp2p0_a0p25_b0p05__wd1e-04trmiss0_degmodglobal,16,1e-05,0.0001,0.4,2.0,0.25,0.05,lr1e-05_bs16_drop0p4_temp2p0_a0p25_b0p05__wd1e-04trmiss0_degmodglobal,18,0.7094521224498749,0.6890469193458557,0.6222222222222222,0.7859177859177859,0.5,0.0,0.6136749386787415,0.6759053170681,0.08418763242661953,0.24999826028943062,0.0,0.0,0.0,0.0,0.0,18473,global,0.0
3,1,lr1e-05_bs16_drop0p4_temp2p0_a0p25_b0p05__wd1e-04trmiss0_degmodglobal,16,1e-05,0.0001,0.4,2.0,0.25,0.05,lr1e-05_bs16_drop0p4_temp2p0_a0p25_b0p05__wd1e-04trmiss0_degmodglobal,19,0.7073803693056107,0.6897802948951721,0.6,0.7788470788470789,0.5,0.0,0.6153478771448135,0.6812495589256287,0.0677940109744668,0.18364627286791801,0.0,0.0,0.0,0.0,0.0,18473,global,0.0
3,1,lr1e-05_bs16_drop0p4_temp2p0_a0p25_b0p05__wd1e-04trmiss0_degmodglobal,16,1e-05,0.0001,0.4,2.0,0.25,0.05,lr1e-05_bs16_drop0p4_temp2p0_a0p25_b0p05__wd1e-04trmiss0_degmodglobal,20,0.7123689949512482,0.6899840831756592,0.5777777777777777,0.7640322640322641,0.5714285714285714,0.0,0.6657088100910187,0.6801489144563675,0.07449857518076897,0.2719089314341545,0.0,0.0,0.0,0.0,0.0,18473,global,0.0
3,1,lr1e-05_bs16_drop0p4_temp2p0_a0p25_b0p05__wd1e-04trmiss0_degmodglobal,16,1e-05,0.0001,0.4,2.0,0.25,0.05,lr1e-05_bs16_drop0p4_temp2p0_a0p25_b0p05__wd1e-04trmiss0_degmodglobal,21,0.7301869839429855,0.6903091073036194,0.5777777777777777,0.7640322640322641,0.5714285714285714,0.0,0.5919506549835205,0.6988269835710526,0.07347253896296024,0.2598375864326954,0.0,0.0,0.0,0.0,0.0,18473,global,0.0
3,1,lr1e-05_bs16_drop0p4_temp2p0_a0p25_b0p05__wd1e-04trmiss0_degmodglobal,16,1e-05,0.0001,0.4,2.0,0.25,0.05,lr1e-05_bs16_drop0p4_temp2p0_a0p25_b0p05__wd1e-04trmiss0_degmodglobal,22,0.7008265256881714,0.6891632676124573,0.6,0.7788470788470789,0.5714285714285714,0.0,0.6104140877723694,0.670916736125946,0.07244067452847958,0.2359926998615265,0.0,0.0,0.0,0.0,0.0,18473,global,0.0
3,1,lr1e-05_bs16_drop0p4_temp2p0_a0p25_b0p05__wd1e-04trmiss0_degmodglobal,16,1e-05,0.0001,0.4,2.0,0.25,0.05,lr1e-05_bs16_drop0p4_temp2p0_a0p25_b0p05__wd1e-04trmiss0_degmodglobal,23,0.7187258303165436,0.6898563504219055,0.6,0.7788470788470789,0.5714285714285714,0.0,0.6312911212444305,0.6870737969875336,0.07408763654530048,0.2626023702323437,0.0,0.0,0.0,0.0,0.0,18473,global,0.0
3,1,lr1e-05_bs16_drop0p4_temp2p0_a0p25_b0p05__wd1e-04trmiss0_degmodglobal,16,1e-05,0.0001,0.4,2.0,0.25,0.05,lr1e-05_bs16_drop0p4_temp2p0_a0p25_b0p05__wd1e-04trmiss0_degmodglobal,24,0.7183949798345566,0.6885373592376709,0.6222222222222222,0.7859177859177859,0.5714285714285714,0.0,0.6326662749052048,0.684867724776268,0.08476394973695278,0.24672548845410347,0.0,0.0,0.0,0.0,0.0,18473,global,0.0
3,1,lr1e-05_bs16_drop0p4_temp2p0_a0p25_b0p05__wd1e-04trmiss0_degmodglobal,16,1e-05,0.0001,0.4,2.0,0.25,0.05,lr1e-05_bs16_drop0p4_temp2p0_a0p25_b0p05__wd1e-04trmiss0_degmodglobal,25,0.6693226397037506,0.6863958239555359,0.6444444444444444,0.7945597612264279,0.5714285714285714,0.0,0.58885158598423,0.6451698243618011,0.06466209888458252,0.15974608436226845,0.0,0.0,0.0,0.0,0.0,18473,global,0.0
3,1,lr1e-05_bs16_drop0p4_temp2p0_a0p25_b0p05__wd1e-04trmiss0_degmodglobal,16,1e-05,0.0001,0.4,2.0,0.25,0.05,lr1e-05_bs16_drop0p4_temp2p0_a0p25_b0p05__wd1e-04trmiss0_degmodglobal,26,0.7286645621061325,0.6898701786994934,0.6444444444444444,0.7945597612264279,0.5,0.0,0.5921781212091446,0.6936685293912888,0.08472639694809914,0.2762887291610241,0.0,0.0,0.0,0.0,0.0,18473,global,0.0
3,1,lr1e-05_bs16_drop0p4_temp2p0_a0p25_b0p05__wd1e-04trmiss0_degmodglobal,16,1e-05,0.0001,0.4,2.0,0.25,0.05,lr1e-05_bs16_drop0p4_temp2p0_a0p25_b0p05__wd1e-04trmiss0_degmodglobal,27,0.7025750279426575,0.6877732872962952,0.6444444444444444,0.7945597612264279,0.5,0.0,0.6242935508489609,0.6733826398849487,0.07234203442931175,0.22213751077651978,0.0,0.0,0.0,0.0,0.0,18473,global,0.0
3,1,lr1e-05_bs16_drop0p4_temp2p0_a0p25_b0p05__wd1e-04trmiss0_degmodglobal,16,1e-05,0.0001,0.4,2.0,0.25,0.05,lr1e-05_bs16_drop0p4_temp2p0_a0p25_b0p05__wd1e-04trmiss0_degmodglobal,28,0.7149619609117508,0.6868472695350647,0.6666666666666666,0.8223375390042058,0.5,0.0,0.587846502661705,0.6798292696475983,0.08618757873773575,0.2717162221670151,0.0,0.0,0.0,0.0,0.0,18473,global,0.0
3,1,lr1e-05_bs16_drop0p4_temp2p0_a0p25_b0p05__wd1e-04trmiss0_degmodglobal,16,1e-05,0.0001,0.4,2.0,0.25,0.05,lr1e-05_bs16_drop0p4_temp2p0_a0p25_b0p05__wd1e-04trmiss0_degmodglobal,29,0.6956651955842972,0.6846297383308411,0.6444444444444444,0.8168430335097003,0.6428571428571429,0.0,0.6408280581235886,0.66315858066082,0.0853380635380745,0.2234419472515583,0.0,0.0,0.0,0.0,0.0,18473,global,0.0
3,1,lr1e-05_bs16_drop0p4_temp2p0_a0p25_b0p05__wd1e-04trmiss0_degmodglobal,16,1e-05,0.0001,0.4,2.0,0.25,0.05,lr1e-05_bs16_drop0p4_temp2p0_a0p25_b0p05__wd1e-04trmiss0_degmodglobal,30,0.7143375277519226,0.6839917302131653,0.6444444444444444,0.8168430335097003,0.6428571428571429,0.0,0.5991434901952744,0.6759883314371109,0.09557079523801804,0.28913046419620514,0.0,0.0,0.0,0.0,0.0,18473,global,0.0
3,1,lr1e-05_bs16_drop0p4_temp2p0_a0p25_b0p05__wd1e-04trmiss0_degmodglobal,16,1e-05,0.0001,0.4,2.0,0.25,0.05,lr1e-05_bs16_drop0p4_temp2p0_a0p25_b0p05__wd1e-04trmiss0_degmodglobal,31,0.6717853546142578,0.6879438757896423,0.6444444444444444,0.807522724189391,0.5,0.0,0.6064427644014359,0.6480130851268768,0.06158662028610706,0.16751225106418133,0.0,0.0,0.0,0.0,0.0,18473,global,0.0
3,1,lr1e-05_bs16_drop0p4_temp2p0_a0p25_b0p05__wd1e-04trmiss0_degmodglobal,16,1e-05,0.0001,0.4,2.0,0.25,0.05,lr1e-05_bs16_drop0p4_temp2p0_a0p25_b0p05__wd1e-04trmiss0_degmodglobal,32,0.7368263751268387,0.6833552718162537,0.6444444444444444,0.8168430335097003,0.6428571428571429,0.0,0.644112691283226,0.7018594741821289,0.08050910383462906,0.29679272323846817,0.0,0.0,0.0,0.0,0.0,18473,global,0.0
3,1,lr1e-05_bs16_drop0p4_temp2p0_a0p25_b0p05__wd1e-04trmiss0_degmodglobal,16,1e-05,0.0001,0.4,2.0,0.25,0.05,lr1e-05_bs16_drop0p4_temp2p0_a0p25_b0p05__wd1e-04trmiss0_degmodglobal,33,0.695172056555748,0.6818511486053467,0.6666666666666666,0.8223375390042058,0.6428571428571429,0.0,0.5879152119159698,0.66911680996418,0.06070923153311014,0.21755921840667725,0.0,0.0,0.0,0.0,0.0,18473,global,0.0
3,1,lr1e-05_bs16_drop0p4_temp2p0_a0p25_b0p05__wd1e-04trmiss0_degmodglobal,16,1e-05,0.0001,0.4,2.0,0.25,0.05,lr1e-05_bs16_drop0p4_temp2p0_a0p25_b0p05__wd1e-04trmiss0_degmodglobal,34,0.6926081627607346,0.6808597445487976,0.6666666666666666,0.8223375390042058,0.7142857142857143,0.0,0.6449341773986816,0.6624765843153,0.0714593194425106,0.2453347109258175,0.0,0.0,0.0,0.0,0.0,18473,global,0.0
3,1,lr1e-05_bs16_drop0p4_temp2p0_a0p25_b0p05__wd1e-04trmiss0_degmodglobal,16,1e-05,0.0001,0.4,2.0,0.25,0.05,lr1e-05_bs16_drop0p4_temp2p0_a0p25_b0p05__wd1e-04trmiss0_degmodglobal,35,0.7130442261695862,0.6818331480026245,0.6666666666666666,0.8223375390042058,0.7142857142857143,0.0,0.6061256229877472,0.6708512008190155,0.10623328574001789,0.3126944378018379,0.0,0.0,0.0,0.0,0.0,18473,global,0.0
3,1,lr1e-05_bs16_drop0p4_temp2p0_a0p25_b0p05__wd1e-04trmiss0_degmodglobal,16,1e-05,0.0001,0.4,2.0,0.25,0.05,lr1e-05_bs16_drop0p4_temp2p0_a0p25_b0p05__wd1e-04trmiss0_degmodglobal,36,0.6904157251119614,0.683302640914917,0.6666666666666666,0.8223375390042058,0.5714285714285714,0.0,0.5851668119430542,0.6620912998914719,0.06844889093190432,0.22424380667507648,0.0,0.0,0.0,0.0,0.0,18473,global,0.0
3,1,lr1e-05_bs16_drop0p4_temp2p0_a0p25_b0p05__wd1e-04trmiss0_degmodglobal,16,1e-05,0.0001,0.4,2.0,0.25,0.05,lr1e-05_bs16_drop0p4_temp2p0_a0p25_b0p05__wd1e-04trmiss0_degmodglobal,37,0.7006115615367889,0.6837214231491089,0.6666666666666666,0.8223375390042058,0.6428571428571429,0.0,0.6217494755983353,0.6703253239393234,0.07501654513180256,0.23064196854829788,0.0,0.0,0.0,0.0,0.0,18473,global,0.0
3,1,lr1e-05_bs16_drop0p4_temp2p0_a0p25_b0p05__wd1e-04trmiss0_degmodglobal,16,1e-05,0.0001,0.4,2.0,0.25,0.05,lr1e-05_bs16_drop0p4_temp2p0_a0p25_b0p05__wd1e-04trmiss0_degmodglobal,38,0.690958172082901,0.6847898364067078,0.6666666666666666,0.8223375390042058,0.5714285714285714,0.0,0.5803257822990417,0.6618750542402267,0.07457681465893984,0.2087782472372055,0.0,0.0,0.0,0.0,0.0,18473,global,0.0
3,1,lr1e-05_bs16_drop0p4_temp2p0_a0p25_b0p05__wd1e-04trmiss0_degmodglobal,16,1e-05,0.0001,0.4,2.0,0.25,0.05,lr1e-05_bs16_drop0p4_temp2p0_a0p25_b0p05__wd1e-04trmiss0_degmodglobal,39,0.714875191450119,0.6876533031463623,0.6444444444444444,0.8168430335097003,0.5,0.0,0.5972811430692673,0.674381211400032,0.0976653303951025,0.32155293226242065,0.0,0.0,0.0,0.0,0.0,18473,global,0.0
3,1,lr1e-05_bs16_drop0p4_temp2p0_a0p25_b0p05__wd1e-04trmiss0_degmodglobal,16,1e-05,0.0001,0.4,2.0,0.25,0.05,lr1e-05_bs16_drop0p4_temp2p0_a0p25_b0p05__wd1e-04trmiss0_degmodglobal,40,0.6983868181705475,0.6803373098373413,0.6666666666666666,0.8223375390042058,0.7142857142857143,0.0,0.5920048803091049,0.6624171137809753,0.08821478579193354,0.27831994369626045,0.0,0.0,0.0,0.0,0.0,18473,global,0.0
3,1,lr1e-05_bs16_drop0p4_temp2p0_a0p25_b0p05__wd1e-04trmiss0_degmodglobal,16,1e-05,0.0001,0.4,2.0,0.25,0.05,lr1e-05_bs16_drop0p4_temp2p0_a0p25_b0p05__wd1e-04trmiss0_degmodglobal,41,0.7019663453102112,0.6782478094100952,0.6666666666666666,0.8223375390042058,0.7142857142857143,0.0,0.5906572937965393,0.66954205930233,0.07464349456131458,0.2752675302326679,0.0,0.0,0.0,0.0,0.0,18473,global,0.0
3,1,lr1e-05_bs16_drop0p4_temp2p0_a0p25_b0p05__wd1e-04trmiss0_degmodglobal,16,1e-05,0.0001,0.4,2.0,0.25,0.05,lr1e-05_bs16_drop0p4_temp2p0_a0p25_b0p05__wd1e-04trmiss0_degmodglobal,42,0.7078192383050919,0.6834596991539001,0.6666666666666666,0.8223375390042058,0.5714285714285714,0.0,0.5660222619771957,0.6716701239347458,0.08491294272243977,0.2984172850847244,0.0,0.0,0.0,0.0,0.0,18473,global,0.0
3,1,lr1e-05_bs16_drop0p4_temp2p0_a0p25_b0p05__wd1e-04trmiss0_degmodglobal,16,1e-05,0.0001,0.4,2.0,0.25,0.05,lr1e-05_bs16_drop0p4_temp2p0_a0p25_b0p05__wd1e-04trmiss0_degmodglobal,43,0.7391680926084518,0.6861346960067749,0.6666666666666666,0.8223375390042058,0.5714285714285714,0.0,0.5462951511144638,0.6923201084136963,0.10186240263283253,0.4276476241648197,0.0,0.0,0.0,0.0,0.0,18473,global,0.0
3,1,lr1e-05_bs16_drop0p4_temp2p0_a0p25_b0p05__wd1e-04trmiss0_degmodglobal,16,1e-05,0.0001,0.4,2.0,0.25,0.05,lr1e-05_bs16_drop0p4_temp2p0_a0p25_b0p05__wd1e-04trmiss0_degmodglobal,44,0.7088261395692825,0.6867045164108276,0.6444444444444444,0.8168430335097003,0.5714285714285714,0.0,0.5495126247406006,0.6740422546863556,0.08049630746245384,0.2931962311267853,0.0,0.0,0.0,0.0,0.0,18473,global,0.0
3,1,lr1e-05_bs16_drop0p4_temp2p0_a0p25_b0p05__wd1e-04trmiss0_degmodglobal,16,1e-05,0.0001,0.4,2.0,0.25,0.05,lr1e-05_bs16_drop0p4_temp2p0_a0p25_b0p05__wd1e-04trmiss0_degmodglobal,45,0.6930915117263794,0.6848599910736084,0.6444444444444444,0.8168430335097003,0.5714285714285714,0.0,0.6085290312767029,0.6627533137798309,0.06676048785448074,0.27296143397688866,0.0,0.0,0.0,0.0,0.0,18473,global,0.0
3,1,lr1e-05_bs16_drop0p4_temp2p0_a0p25_b0p05__wd1e-04trmiss0_degmodglobal,16,1e-05,0.0001,0.4,2.0,0.25,0.05,lr1e-05_bs16_drop0p4_temp2p0_a0p25_b0p05__wd1e-04trmiss0_degmodglobal,46,0.6736424714326859,0.684191882610321,0.6666666666666666,0.8390652557319225,0.5714285714285714,0.0,0.56406269967556,0.6503619104623795,0.059498163871467113,0.16812027990818024,0.0,0.0,0.0,0.0,0.0,18473,global,0.0
3,1,lr1e-05_bs16_drop0p4_temp2p0_a0p25_b0p05__wd1e-04trmiss0_degmodglobal,16,1e-05,0.0001,0.4,2.0,0.25,0.05,lr1e-05_bs16_drop0p4_temp2p0_a0p25_b0p05__wd1e-04trmiss0_degmodglobal,47,0.719974935054779,0.6776502728462219,0.6888888888888889,0.844559761226428,0.7142857142857143,0.0,0.5924519300460815,0.6769581288099289,0.10946482792496681,0.31301213428378105,0.0,0.0,0.0,0.0,0.0,18473,global,0.0
3,1,lr1e-05_bs16_drop0p4_temp2p0_a0p25_b0p05__wd1e-04trmiss0_degmodglobal,16,1e-05,0.0001,0.4,2.0,0.25,0.05,lr1e-05_bs16_drop0p4_temp2p0_a0p25_b0p05__wd1e-04trmiss0_degmodglobal,48,0.6832176744937897,0.6765825152397156,0.6888888888888889,0.844559761226428,0.7142857142857143,0.0,0.571668267250061,0.6478504091501236,0.08871471881866455,0.263771690428257,0.0,0.0,0.0,0.0,0.0,18473,global,0.0
3,1,lr1e-05_bs16_drop0p4_temp2p0_a0p25_b0p05__wd1e-04trmiss0_degmodglobal,16,1e-05,0.0001,0.4,2.0,0.25,0.05,lr1e-05_bs16_drop0p4_temp2p0_a0p25_b0p05__wd1e-04trmiss0_degmodglobal,49,0.7276858240365982,0.6788352131843567,0.6666666666666666,0.835917785917786,0.6428571428571429,0.0,0.5512128919363022,0.6922118365764618,0.0830449741333723,0.29425476491451263,0.0,0.0,0.0,0.0,0.0,18473,global,0.0
3,1,lr1e-05_bs16_drop0p4_temp2p0_a0p25_b0p05__wd1e-04trmiss0_degmodglobal,16,1e-05,0.0001,0.4,2.0,0.25,0.05,lr1e-05_bs16_drop0p4_temp2p0_a0p25_b0p05__wd1e-04trmiss0_degmodglobal,50,0.7305732667446136,0.6815760731697083,0.6666666666666666,0.835917785917786,0.5714285714285714,0.0,0.5500526279211044,0.6944612860679626,0.08406163472682238,0.3019319511950016,0.0,0.0,0.0,0.0,0.0,18473,global,0.0
3,1,lr1e-05_bs16_drop0p4_temp2p0_a0p25_b0p05__wd1e-04trmiss0_degmodglobal,16,1e-05,0.0001,0.4,2.0,0.25,0.05,lr1e-05_bs16_drop0p4_temp2p0_a0p25_b0p05__wd1e-04trmiss0_degmodglobal,51,0.6938613206148148,0.683517575263977,0.6444444444444445,0.8266585266585267,0.5714285714285714,0.0,0.516740657389164,0.6557136923074722,0.0901258997619152,0.31232312321662903,0.0,0.0,0.0,0.0,0.0,18473,global,0.0
3,1,lr1e-05_bs16_drop0p4_temp2p0_a0p25_b0p05__wd1e-04trmiss0_degmodglobal,16,1e-05,0.0001,0.4,2.0,0.25,0.05,lr1e-05_bs16_drop0p4_temp2p0_a0p25_b0p05__wd1e-04trmiss0_degmodglobal,52,0.700921818614006,0.683667778968811,0.6444444444444445,0.8266585266585267,0.5714285714285714,0.0,0.5393531247973442,0.6642211824655533,0.08229768462479115,0.3225244954228401,0.0,0.0,0.0,0.0,0.0,18473,global,0.0
3,1,lr1e-05_bs16_drop0p4_temp2p0_a0p25_b0p05__wd1e-04trmiss0_degmodglobal,16,1e-05,0.0001,0.4,2.0,0.25,0.05,lr1e-05_bs16_drop0p4_temp2p0_a0p25_b0p05__wd1e-04trmiss0_degmodglobal,53,0.6947874128818512,0.6817119121551514,0.6444444444444445,0.8266585266585267,0.5714285714285714,0.0,0.5498640537261963,0.660701334476471,0.0791735015809536,0.28585434705018997,0.0,0.0,0.0,0.0,0.0,18473,global,0.0
3,1,lr1e-05_bs16_drop0p4_temp2p0_a0p25_b0p05__wd1e-04trmiss0_degmodglobal,16,1e-05,0.0001,0.4,2.0,0.25,0.05,lr1e-05_bs16_drop0p4_temp2p0_a0p25_b0p05__wd1e-04trmiss0_degmodglobal,54,0.6980194300413132,0.6808540225028992,0.6444444444444445,0.8266585266585267,0.5714285714285714,0.0,0.5238858088850975,0.6520023345947266,0.12597766891121864,0.2904534116387367,0.0,0.0,0.0,0.0,0.0,18473,global,0.0
3,1,lr1e-05_bs16_drop0p4_temp2p0_a0p25_b0p05__wd1e-04trmiss0_degmodglobal,16,1e-05,0.0001,0.4,2.0,0.25,0.05,lr1e-05_bs16_drop0p4_temp2p0_a0p25_b0p05__wd1e-04trmiss0_degmodglobal,55,0.6966829150915146,0.6802307367324829,0.6444444444444445,0.8266585266585267,0.5,0.0,0.530007466673851,0.65591961145401,0.10048869252204895,0.31282220035791397,0.0,0.0,0.0,0.0,0.0,18473,global,0.0
3,1,lr1e-05_bs16_drop0p4_temp2p0_a0p25_b0p05__wd1e-04trmiss0_degmodglobal,16,1e-05,0.0001,0.4,2.0,0.25,0.05,lr1e-05_bs16_drop0p4_temp2p0_a0p25_b0p05__wd1e-04trmiss0_degmodglobal,56,0.6764036267995834,0.6796124577522278,0.6222222222222222,0.8044363044363045,0.5,0.0,0.5915094763040543,0.6428090482950211,0.08689610473811626,0.23741083964705467,0.0,0.0,0.0,0.0,0.0,18473,global,0.0
3,1,lr1e-05_bs16_drop0p4_temp2p0_a0p25_b0p05__wd1e-04trmiss0_degmodglobal,16,1e-05,0.0001,0.4,2.0,0.25,0.05,lr1e-05_bs16_drop0p4_temp2p0_a0p25_b0p05__wd1e-04trmiss0_degmodglobal,57,0.7090519815683365,0.6816868185997009,0.6,0.7896214896214897,0.5,0.0,0.6054770946502686,0.6781190484762192,0.08227773383259773,0.2072703642770648,0.0,0.0,0.0,0.0,0.0,18473,global,0.0
3,1,lr1e-05_bs16_drop0p4_temp2p0_a0p25_b0p05__wd1e-04trmiss0_degmodglobal,16,1e-05,0.0001,0.4,2.0,0.25,0.05,lr1e-05_bs16_drop0p4_temp2p0_a0p25_b0p05__wd1e-04trmiss0_degmodglobal,58,0.7098670154809952,0.6856434345245361,0.6,0.7896214896214897,0.5,0.0,0.5634652674198151,0.6759872585535049,0.07820768468081951,0.28655697777867317,0.0,0.0,0.0,0.0,0.0,18473,global,0.0
3,1,lr1e-05_bs16_drop0p4_temp2p0_a0p25_b0p05__wd1e-04trmiss0_degmodglobal,16,1e-05,0.0001,0.4,2.0,0.25,0.05,lr1e-05_bs16_drop0p4_temp2p0_a0p25_b0p05__wd1e-04trmiss0_degmodglobal,59,0.6810491681098938,0.6833072900772095,0.6,0.7896214896214897,0.5,0.0,0.564570352435112,0.6455052495002747,0.09261576272547245,0.24779954552650452,0.0,0.0,0.0,0.0,0.0,18473,global,0.0
3,1,lr1e-05_bs16_drop0p4_temp2p0_a0p25_b0p05__wd1e-04trmiss0_degmodglobal,16,1e-05,0.0001,0.4,2.0,0.25,0.05,lr1e-05_bs16_drop0p4_temp2p0_a0p25_b0p05__wd1e-04trmiss0_degmodglobal,60,0.6975415498018265,0.6849004626274109,0.5777777777777777,0.761843711843712,0.5,0.0,0.5388619378209114,0.6567703932523727,0.09073614049702883,0.36174288392066956,0.0,0.0,0.0,0.0,0.0,18473,global,0.0
3,1,lr1e-05_bs16_drop0p4_temp2p0_a0p25_b0p05__wd1e-04trmiss0_degmodglobal,16,1e-05,0.0001,0.4,2.0,0.25,0.05,lr1e-05_bs16_drop0p4_temp2p0_a0p25_b0p05__wd1e-04trmiss0_degmodglobal,61,0.7010675072669983,0.68303382396698,0.6,0.7896214896214897,0.5,0.0,0.5583623796701431,0.6686708629131317,0.07250329200178385,0.28541648387908936,0.0,0.0,0.0,0.0,0.0,18473,global,0.0
3,1,lr1e-05_bs16_drop0p4_temp2p0_a0p25_b0p05__wd1e-04trmiss0_degmodglobal,16,1e-05,0.0001,0.4,2.0,0.25,0.05,lr1e-05_bs16_drop0p4_temp2p0_a0p25_b0p05__wd1e-04trmiss0_degmodglobal,62,0.7066619843244553,0.6800240278244019,0.6,0.7896214896214897,0.5,0.0,0.5393666476011276,0.6624859273433685,0.10069081000983715,0.3800669088959694,0.0,0.0,0.0,0.0,0.0,18473,global,0.0
3,1,lr1e-05_bs16_drop0p4_temp2p0_a0p25_b0p05__wd1e-04trmiss0_degmodglobal,16,1e-05,0.0001,0.4,2.0,0.25,0.05,lr1e-05_bs16_drop0p4_temp2p0_a0p25_b0p05__wd1e-04trmiss0_degmodglobal,63,0.6824780106544495,0.6769044399261475,0.6,0.7896214896214897,0.5,0.0,0.5524614602327347,0.6460009515285492,0.09047411568462849,0.2771705538034439,0.0,0.0,0.0,0.0,0.0,18473,global,0.0
3,1,lr1e-05_bs16_drop0p4_temp2p0_a0p25_b0p05__wd1e-04trmiss0_degmodglobal,16,1e-05,0.0001,0.4,2.0,0.25,0.05,lr1e-05_bs16_drop0p4_temp2p0_a0p25_b0p05__wd1e-04trmiss0_degmodglobal,64,0.6688471287488937,0.6785508990287781,0.6222222222222222,0.8044363044363045,0.5,0.0,0.5241259410977364,0.632970854640007,0.09209577552974224,0.2570468597114086,0.0,0.0,0.0,0.0,0.0,18473,global,0.0
3,1,lr1e-05_bs16_drop0p4_temp2p0_a0p25_b0p05__wd1e-04trmiss0_degmodglobal,16,1e-05,0.0001,0.4,2.0,0.25,0.05,lr1e-05_bs16_drop0p4_temp2p0_a0p25_b0p05__wd1e-04trmiss0_degmodglobal,65,0.66324782371521,0.6838635206222534,0.5777777777777777,0.7825507825507827,0.5,0.0,0.569067195057869,0.6321121156215668,0.07297222223132849,0.2578526437282562,0.0,0.0,0.0,0.0,0.0,18473,global,0.0
3,1,lr1e-05_bs16_drop0p4_temp2p0_a0p25_b0p05__wd1e-04trmiss0_degmodglobal,16,1e-05,0.0001,0.4,2.0,0.25,0.05,lr1e-05_bs16_drop0p4_temp2p0_a0p25_b0p05__wd1e-04trmiss0_degmodglobal,66,0.6843115389347076,0.6858069896697998,0.6,0.7896214896214897,0.5,0.0,0.5553341507911682,0.6479517072439194,0.09307273477315903,0.2618332952260971,0.0,0.0,0.0,0.0,0.0,18473,global,0.0
3,1,lr1e-05_bs16_drop0p4_temp2p0_a0p25_b0p05__wd1e-04trmiss0_degmodglobal,16,1e-05,0.0001,0.4,2.0,0.25,0.05,lr1e-05_bs16_drop0p4_temp2p0_a0p25_b0p05__wd1e-04trmiss0_degmodglobal,67,0.6697093695402145,0.681628942489624,0.6,0.7896214896214897,0.5,0.0,0.5634413212537766,0.6418949067592621,0.07140916213393211,0.19924311712384224,0.0,0.0,0.0,0.0,0.0,18473,global,0.0
3,1,lr1e-05_bs16_drop0p4_temp2p0_a0p25_b0p05__wd1e-04trmiss0_degmodglobal,16,1e-05,0.0001,0.4,2.0,0.25,0.05,lr1e-05_bs16_drop0p4_temp2p0_a0p25_b0p05__wd1e-04trmiss0_degmodglobal,68,0.6719190925359726,0.6840452551841736,0.5777777777777777,0.761843711843712,0.5,0.0,0.5535016655921936,0.6422385424375534,0.07851932384073734,0.20101435855031013,0.0,0.0,0.0,0.0,0.0,18473,global,0.0
3,2,lr1e-04_bs8_drop0p2_temp1p0_a0p25_b0p05__wd1e-04trmiss0_degmodglobal,8,0.0001,0.0001,0.2,1.0,0.25,0.05,lr1e-04_bs8_drop0p2_temp1p0_a0p25_b0p05__wd1e-04trmiss0_degmodglobal,1,0.745634172643934,0.6548604667186737,0.8250000000000001,0.9040178571428572,0.6923076923076923,0.0,0.6662415436335972,0.7287237048149109,0.04144815541803837,0.13096839349184716,0.0,0.0,0.0,0.0,0.0,18473,global,0.0
3,2,lr1e-04_bs8_drop0p2_temp1p0_a0p25_b0p05__wd1e-04trmiss0_degmodglobal,8,0.0001,0.0001,0.2,1.0,0.25,0.05,lr1e-04_bs8_drop0p2_temp1p0_a0p25_b0p05__wd1e-04trmiss0_degmodglobal,2,0.7235995360783168,0.6654441356658936,0.75,0.8534722222222222,0.5384615384615384,0.0,0.6630767839295524,0.7089175581932068,0.03803218874548163,0.10347832313605718,0.0,0.0,0.0,0.0,0.0,18473,global,0.0
3,2,lr1e-04_bs8_drop0p2_temp1p0_a0p25_b0p05__wd1e-04trmiss0_degmodglobal,8,0.0001,0.0001,0.2,1.0,0.25,0.05,lr1e-04_bs8_drop0p2_temp1p0_a0p25_b0p05__wd1e-04trmiss0_degmodglobal,3,0.6809529491833278,0.6782199442386627,0.7,0.8125,0.5384615384615384,0.0,0.6284659334591457,0.6706766401018415,0.030178813263773918,0.0546321373965059,0.0,0.0,0.0,0.0,0.0,18473,global,0.0
3,2,lr1e-04_bs8_drop0p2_temp1p0_a0p25_b0p05__wd1e-04trmiss0_degmodglobal,8,0.0001,0.0001,0.2,1.0,0.25,0.05,lr1e-04_bs8_drop0p2_temp1p0_a0p25_b0p05__wd1e-04trmiss0_degmodglobal,4,0.6620807477406093,0.7039460837841034,0.6499999999999999,0.7896645021645021,0.46153846153846156,0.0,0.6233574237142291,0.6483871936798096,0.03569807830665793,0.09538044940148081,0.0,0.0,0.0,0.0,0.0,18473,global,0.0
3,2,lr1e-04_bs8_drop0p2_temp1p0_a0p25_b0p05__wd1e-04trmiss0_degmodglobal,8,0.0001,0.0001,0.2,1.0,0.25,0.05,lr1e-04_bs8_drop0p2_temp1p0_a0p25_b0p05__wd1e-04trmiss0_degmodglobal,5,0.6537996189934867,0.7023481130599976,0.575,0.7743371212121212,0.5384615384615384,0.0,0.6384442278317043,0.6377200995172773,0.043063148856163025,0.10627465269395284,0.0,0.0,0.0,0.0,0.0,18473,global,0.0
3,2,lr1e-04_bs8_drop0p2_temp1p0_a0p25_b0p05__wd1e-04trmiss0_degmodglobal,8,0.0001,0.0001,0.2,1.0,0.25,0.05,lr1e-04_bs8_drop0p2_temp1p0_a0p25_b0p05__wd1e-04trmiss0_degmodglobal,6,0.6325120755604335,0.7096381485462189,0.49999999999999994,0.6313311688311688,0.38461538461538464,0.0,0.5876407367842538,0.6164398619106838,0.04654039815068245,0.08874241528766495,0.0,0.0,0.0,0.0,0.0,18473,global,0.0
3,2,lr1e-04_bs8_drop0p2_temp1p0_a0p25_b0p05__wd1e-04trmiss0_degmodglobal,8,0.0001,0.0001,0.2,1.0,0.25,0.05,lr1e-04_bs8_drop0p2_temp1p0_a0p25_b0p05__wd1e-04trmiss0_degmodglobal,7,0.6579880969864982,0.7048877477645874,0.575,0.6580357142857143,0.38461538461538464,0.0,0.5997490627425057,0.6398440003395081,0.04953857670937266,0.11518873912947518,0.0,0.0,0.0,0.0,0.0,18473,global,0.0
3,2,lr1e-04_bs8_drop0p2_temp1p0_a0p25_b0p05__wd1e-04trmiss0_degmodglobal,8,0.0001,0.0001,0.2,1.0,0.25,0.05,lr1e-04_bs8_drop0p2_temp1p0_a0p25_b0p05__wd1e-04trmiss0_degmodglobal,8,0.6359505738530841,0.724487692117691,0.5,0.6332542457542457,0.38461538461538464,0.0,0.5801421574183873,0.620192391531808,0.040718233212828636,0.11157239015613284,0.0,0.0,0.0,0.0,0.0,18473,global,0.0
3,2,lr1e-04_bs8_drop0p2_temp1p0_a0p25_b0p05__wd1e-04trmiss0_degmodglobal,8,0.0001,0.0001,0.2,1.0,0.25,0.05,lr1e-04_bs8_drop0p2_temp1p0_a0p25_b0p05__wd1e-04trmiss0_degmodglobal,9,0.6286825793130058,0.6977094411849976,0.6,0.6677579365079365,0.38461538461538464,0.0,0.6015526396887643,0.6138693860598973,0.041212051308580806,0.09020353108644485,0.0,0.0,0.0,0.0,0.0,18473,global,0.0
3,2,lr1e-04_bs8_drop0p2_temp1p0_a0p25_b0p05__wd1e-04trmiss0_degmodglobal,8,0.0001,0.0001,0.2,1.0,0.25,0.05,lr1e-04_bs8_drop0p2_temp1p0_a0p25_b0p05__wd1e-04trmiss0_degmodglobal,10,0.6212153264454433,0.6989734172821045,0.55,0.6500811688311688,0.38461538461538464,0.0,0.6003129482269287,0.6031254189355033,0.04691501600401742,0.12722297172461236,0.0,0.0,0.0,0.0,0.0,18473,global,0.0
3,2,lr1e-04_bs8_drop0p2_temp1p0_a0p25_b0p05__wd1e-04trmiss0_degmodglobal,8,0.0001,0.0001,0.2,1.0,0.25,0.05,lr1e-04_bs8_drop0p2_temp1p0_a0p25_b0p05__wd1e-04trmiss0_degmodglobal,11,0.6504984753472465,0.7094697654247284,0.39999999999999997,0.6323232323232324,0.46153846153846156,0.0,0.5817481619971139,0.6323877828461784,0.045932509537254064,0.13255133373396738,0.0,0.0,0.0,0.0,0.0,18473,global,0.0
3,2,lr1e-04_bs8_drop0p2_temp1p0_a0p25_b0p05__wd1e-04trmiss0_degmodglobal,8,0.0001,0.0001,0.2,1.0,0.25,0.05,lr1e-04_bs8_drop0p2_temp1p0_a0p25_b0p05__wd1e-04trmiss0_degmodglobal,12,0.5966027208736965,0.6863243877887726,0.7,0.8628787878787878,0.5384615384615384,0.0,0.5784857017653329,0.5779956153460911,0.05113568582705089,0.11646324396133423,0.0,0.0,0.0,0.0,0.0,18473,global,0.0
3,2,lr1e-04_bs8_drop0p2_temp1p0_a0p25_b0p05__wd1e-04trmiss0_degmodglobal,8,0.0001,0.0001,0.2,1.0,0.25,0.05,lr1e-04_bs8_drop0p2_temp1p0_a0p25_b0p05__wd1e-04trmiss0_degmodglobal,13,0.6203739302498954,0.6817752420902252,0.65,0.8042478354978355,0.5384615384615384,0.0,0.573775691645486,0.6061758654458183,0.03930079458015306,0.08745731972157955,0.0,0.0,0.0,0.0,0.0,18473,global,0.0
3,2,lr1e-04_bs8_drop0p2_temp1p0_a0p25_b0p05__wd1e-04trmiss0_degmodglobal,8,0.0001,0.0001,0.2,1.0,0.25,0.05,lr1e-04_bs8_drop0p2_temp1p0_a0p25_b0p05__wd1e-04trmiss0_degmodglobal,14,0.6008360471044268,0.6862528920173645,0.625,0.7729978354978355,0.46153846153846156,0.0,0.5443512967654637,0.5847868749073574,0.04204769538981574,0.11074522350515638,0.0,0.0,0.0,0.0,0.0,18473,global,0.0
3,2,lr1e-04_bs8_drop0p2_temp1p0_a0p25_b0p05__wd1e-04trmiss0_degmodglobal,8,0.0001,0.0001,0.2,1.0,0.25,0.05,lr1e-04_bs8_drop0p2_temp1p0_a0p25_b0p05__wd1e-04trmiss0_degmodglobal,15,0.6074807899338859,0.6856585443019867,0.675,0.8209145021645021,0.5384615384615384,0.0,0.554677311863218,0.5924670015062604,0.04203540033527783,0.09009882169110435,0.0,0.0,0.0,0.0,0.0,18473,global,0.0
3,2,lr1e-04_bs8_drop0p2_temp1p0_a0p25_b0p05__wd1e-04trmiss0_degmodglobal,8,0.0001,0.0001,0.2,1.0,0.25,0.05,lr1e-04_bs8_drop0p2_temp1p0_a0p25_b0p05__wd1e-04trmiss0_degmodglobal,16,0.6156683989933559,0.6978590786457062,0.575,0.7743371212121212,0.46153846153846156,0.0,0.5583302548953465,0.5943713103021894,0.05443414593381541,0.1537711439388139,0.0,0.0,0.0,0.0,0.0,18473,global,0.0
3,2,lr1e-04_bs8_drop0p2_temp1p0_a0p25_b0p05__wd1e-04trmiss0_degmodglobal,8,0.0001,0.0001,0.2,1.0,0.25,0.05,lr1e-04_bs8_drop0p2_temp1p0_a0p25_b0p05__wd1e-04trmiss0_degmodglobal,17,0.5766863056591579,0.6981402337551117,0.575,0.7125811688311688,0.38461538461538464,0.0,0.534125051328114,0.5573863940579551,0.05373891443014145,0.11730397066899709,0.0,0.0,0.0,0.0,0.0,18473,global,0.0
3,2,lr1e-04_bs8_drop0p2_temp1p0_a0p25_b0p05__wd1e-04trmiss0_degmodglobal,8,0.0001,0.0001,0.2,1.0,0.25,0.05,lr1e-04_bs8_drop0p2_temp1p0_a0p25_b0p05__wd1e-04trmiss0_degmodglobal,18,0.6071267979485648,0.6894713342189789,0.575,0.7125811688311688,0.38461538461538464,0.0,0.5502841940947941,0.5896132503237043,0.05218211295349257,0.08936025361929621,0.0,0.0,0.0,0.0,0.0,18473,global,0.0
3,2,lr1e-04_bs8_drop0p2_temp1p0_a0p25_b0p05__wd1e-04trmiss0_degmodglobal,8,0.0001,0.0001,0.2,1.0,0.25,0.05,lr1e-04_bs8_drop0p2_temp1p0_a0p25_b0p05__wd1e-04trmiss0_degmodglobal,19,0.5729784965515137,0.6852215528488159,0.575,0.6997023809523809,0.38461538461538464,0.0,0.5311568549701146,0.5543537352766309,0.05169834675533431,0.11400339060596057,0.0,0.0,0.0,0.0,0.0,18473,global,0.0
3,2,lr1e-04_bs8_drop0p2_temp1p0_a0p25_b0p05__wd1e-04trmiss0_degmodglobal,8,0.0001,0.0001,0.2,1.0,0.25,0.05,lr1e-04_bs8_drop0p2_temp1p0_a0p25_b0p05__wd1e-04trmiss0_degmodglobal,20,0.6043480123792376,0.6848213076591492,0.625,0.7170003607503607,0.38461538461538464,0.0,0.5406813876969474,0.5848676519734519,0.05081843425120626,0.13551512679883412,0.0,0.0,0.0,0.0,0.0,18473,global,0.0
3,2,lr1e-04_bs8_drop0p2_temp1p0_a0p25_b0p05__wd1e-04trmiss0_degmodglobal,8,0.0001,0.0001,0.2,1.0,0.25,0.05,lr1e-04_bs8_drop0p2_temp1p0_a0p25_b0p05__wd1e-04trmiss0_degmodglobal,21,0.5833821296691895,0.6768944263458252,0.65,0.7260912698412698,0.46153846153846156,0.0,0.5400275162288121,0.5644062331744603,0.05083436252815383,0.12534650628055846,0.0,0.0,0.0,0.0,0.0,18473,global,0.0
3,2,lr1e-04_bs8_drop0p2_temp1p0_a0p25_b0p05__wd1e-04trmiss0_degmodglobal,8,0.0001,0.0001,0.2,1.0,0.25,0.05,lr1e-04_bs8_drop0p2_temp1p0_a0p25_b0p05__wd1e-04trmiss0_degmodglobal,22,0.5908898370606559,0.684693306684494,0.625,0.7170003607503607,0.3076923076923077,0.0,0.5104018790381295,0.5680839504514422,0.060941929263728004,0.15140820294618607,0.0,0.0,0.0,0.0,0.0,18473,global,0.0
3,2,lr1e-04_bs8_drop0p2_temp1p0_a0p25_b0p05__wd1e-04trmiss0_degmodglobal,8,0.0001,0.0001,0.2,1.0,0.25,0.05,lr1e-04_bs8_drop0p2_temp1p0_a0p25_b0p05__wd1e-04trmiss0_degmodglobal,23,0.5687053842203957,0.6718935072422028,0.6,0.7094246031746031,0.46153846153846156,0.0,0.5068893773215157,0.5469831909452166,0.06035776862076351,0.132655033575637,0.0,0.0,0.0,0.0,0.0,18473,global,0.0
3,2,lr1e-04_bs8_drop0p2_temp1p0_a0p25_b0p05__wd1e-04trmiss0_degmodglobal,8,0.0001,0.0001,0.2,1.0,0.25,0.05,lr1e-04_bs8_drop0p2_temp1p0_a0p25_b0p05__wd1e-04trmiss0_degmodglobal,24,0.558248153754643,0.6838224530220032,0.6,0.7094246031746031,0.38461538461538464,0.0,0.4995251085077013,0.5361090047018868,0.06487404555082321,0.11841292466436114,0.0,0.0,0.0,0.0,0.0,18473,global,0.0
3,2,lr1e-04_bs8_drop0p2_temp1p0_a0p25_b0p05__wd1e-04trmiss0_degmodglobal,8,0.0001,0.0001,0.2,1.0,0.25,0.05,lr1e-04_bs8_drop0p2_temp1p0_a0p25_b0p05__wd1e-04trmiss0_degmodglobal,25,0.5830653139523098,0.6790195107460022,0.6,0.7094246031746031,0.38461538461538464,0.0,0.5090175824505943,0.5627040607588631,0.060208026851926534,0.10618492907711438,0.0,0.0,0.0,0.0,0.0,18473,global,0.0
3,2,lr1e-04_bs8_drop0p2_temp1p0_a0p25_b0p05__wd1e-04trmiss0_degmodglobal,8,0.0001,0.0001,0.2,1.0,0.25,0.05,lr1e-04_bs8_drop0p2_temp1p0_a0p25_b0p05__wd1e-04trmiss0_degmodglobal,26,0.6450795957020351,0.6876879632472992,0.6,0.7094246031746031,0.38461538461538464,0.0,0.5870299509593419,0.6278865337371826,0.048923627606460025,0.09924308157392911,0.0,0.0,0.0,0.0,0.0,18473,global,0.0
3,2,lr1e-04_bs8_drop0p2_temp1p0_a0p25_b0p05__wd1e-04trmiss0_degmodglobal,8,0.0001,0.0001,0.2,1.0,0.25,0.05,lr1e-04_bs8_drop0p2_temp1p0_a0p25_b0p05__wd1e-04trmiss0_degmodglobal,27,0.6030902436801365,0.6862198114395142,0.6,0.7094246031746031,0.38461538461538464,0.0,0.5232869386672974,0.5824124557631356,0.05384810854281698,0.1443151789052146,0.0,0.0,0.0,0.0,0.0,18473,global,0.0
3,2,lr1e-04_bs8_drop0p2_temp1p0_a0p25_b0p05__wd1e-04trmiss0_degmodglobal,8,0.0001,0.0001,0.2,1.0,0.25,0.05,lr1e-04_bs8_drop0p2_temp1p0_a0p25_b0p05__wd1e-04trmiss0_degmodglobal,28,0.59537045444761,0.6941906213760376,0.575,0.6997023809523809,0.3076923076923077,0.0,0.5114798545837402,0.5731894288744245,0.0643205786389964,0.12201731652021408,0.0,0.0,0.0,0.0,0.0,18473,global,0.0
3,2,lr1e-04_bs8_drop0p2_temp1p0_a0p25_b0p05__wd1e-04trmiss0_degmodglobal,8,0.0001,0.0001,0.2,1.0,0.25,0.05,lr1e-04_bs8_drop0p2_temp1p0_a0p25_b0p05__wd1e-04trmiss0_degmodglobal,29,0.570149302482605,0.6887913942337036,0.6,0.7094246031746031,0.38461538461538464,0.0,0.5041675397327968,0.5495749158518655,0.06265068000980786,0.09823456779122353,0.0,0.0,0.0,0.0,0.0,18473,global,0.0
3,2,lr1e-04_bs8_drop0p2_temp1p0_a0p25_b0p05__wd1e-04trmiss0_degmodglobal,8,0.0001,0.0001,0.2,1.0,0.25,0.05,lr1e-04_bs8_drop0p2_temp1p0_a0p25_b0p05__wd1e-04trmiss0_degmodglobal,30,0.5592988303729466,0.6877330243587494,0.575,0.6997023809523809,0.3076923076923077,0.0,0.4943818024226597,0.5421717507498605,0.049049590049045425,0.0972935961825507,0.0,0.0,0.0,0.0,0.0,18473,global,0.0
3,2,lr1e-04_bs8_drop0p2_temp1p0_a0p25_b0p05__wd1e-04trmiss0_degmodglobal,8,0.0001,0.0001,0.2,1.0,0.25,0.05,lr1e-04_bs8_drop0p2_temp1p0_a0p25_b0p05__wd1e-04trmiss0_degmodglobal,31,0.5993631737572807,0.6959311664104462,0.6,0.7205357142857143,0.46153846153846156,0.0,0.5351469091006688,0.5796547106334141,0.05619691072830132,0.11318481819970268,0.0,0.0,0.0,0.0,0.0,18473,global,0.0
3,2,lr1e-04_bs8_drop0p2_temp1p0_a0p25_b0p05__wd1e-04trmiss0_degmodglobal,8,0.0001,0.0001,0.2,1.0,0.25,0.05,lr1e-04_bs8_drop0p2_temp1p0_a0p25_b0p05__wd1e-04trmiss0_degmodglobal,32,0.5758067837783268,0.6686375737190247,0.7,0.7982503607503607,0.46153846153846156,0.0,0.5073566862515041,0.5548682766301292,0.05861294535653932,0.12570551889283316,0.0,0.0,0.0,0.0,0.0,18473,global,0.0
3,2,lr1e-04_bs8_drop0p2_temp1p0_a0p25_b0p05__wd1e-04trmiss0_degmodglobal,8,0.0001,0.0001,0.2,1.0,0.25,0.05,lr1e-04_bs8_drop0p2_temp1p0_a0p25_b0p05__wd1e-04trmiss0_degmodglobal,33,0.5715645551681519,0.6779522895812988,0.6749999999999999,0.7565836940836941,0.46153846153846156,0.0,0.5093148222991398,0.5515204412596566,0.0584158045904977,0.10880289439644132,0.0,0.0,0.0,0.0,0.0,18473,global,0.0
3,2,lr1e-04_bs8_drop0p2_temp1p0_a0p25_b0p05__wd1e-04trmiss0_degmodglobal,8,0.0001,0.0001,0.2,1.0,0.25,0.05,lr1e-04_bs8_drop0p2_temp1p0_a0p25_b0p05__wd1e-04trmiss0_degmodglobal,34,0.581415227481297,0.6842025518417358,0.6,0.7094246031746031,0.46153846153846156,0.0,0.5012878392423902,0.5570876513208661,0.06532845699361392,0.15990919566580228,0.0,0.0,0.0,0.0,0.0,18473,global,0.0
3,2,lr1e-04_bs8_drop0p2_temp1p0_a0p25_b0p05__wd1e-04trmiss0_degmodglobal,8,0.0001,0.0001,0.2,1.0,0.25,0.05,lr1e-04_bs8_drop0p2_temp1p0_a0p25_b0p05__wd1e-04trmiss0_degmodglobal,35,0.5916270783969334,0.6878239214420319,0.6499999999999999,0.737833694083694,0.38461538461538464,0.0,0.5177794567176274,0.5688396096229553,0.06524330217923437,0.1295327597430774,0.0,0.0,0.0,0.0,0.0,18473,global,0.0
3,2,lr1e-04_bs8_drop0p2_temp1p0_a0p25_b0p05__wd1e-04trmiss0_degmodglobal,8,0.0001,0.0001,0.2,1.0,0.25,0.05,lr1e-04_bs8_drop0p2_temp1p0_a0p25_b0p05__wd1e-04trmiss0_degmodglobal,36,0.57856833083289,0.6955616474151611,0.625,0.7170003607503607,0.38461538461538464,0.0,0.5243435331753322,0.5600958381380353,0.05415476273213114,0.09867615891354424,0.0,0.0,0.0,0.0,0.0,18473,global,0.0
3,2,lr1e-04_bs8_drop0p2_temp1p0_a0p25_b0p05__wd1e-04trmiss0_degmodglobal,8,0.0001,0.0001,0.2,1.0,0.25,0.05,lr1e-04_bs8_drop0p2_temp1p0_a0p25_b0p05__wd1e-04trmiss0_degmodglobal,37,0.5808427376406533,0.6901856362819672,0.625,0.7170003607503607,0.38461538461538464,0.0,0.5082969112055642,0.5629363102572305,0.05250379177076476,0.09560980168836457,0.0,0.0,0.0,0.0,0.0,18473,global,0.0
3,2,lr1e-04_bs8_drop0p2_temp1p0_a0p25_b0p05__wd1e-04trmiss0_degmodglobal,8,0.0001,0.0001,0.2,1.0,0.25,0.05,lr1e-04_bs8_drop0p2_temp1p0_a0p25_b0p05__wd1e-04trmiss0_degmodglobal,38,0.5595457553863525,0.6962074339389801,0.6,0.7094246031746031,0.38461538461538464,0.0,0.5078406291348594,0.5377820772784097,0.06201866694859096,0.1251800379582814,0.0,0.0,0.0,0.0,0.0,18473,global,0.0
3,2,lr1e-04_bs8_drop0p2_temp1p0_a0p25_b0p05__wd1e-04trmiss0_degmodglobal,8,0.0001,0.0001,0.2,1.0,0.25,0.05,lr1e-04_bs8_drop0p2_temp1p0_a0p25_b0p05__wd1e-04trmiss0_degmodglobal,39,0.5787109434604645,0.6941030621528625,0.6,0.7094246031746031,0.3076923076923077,0.0,0.48500032084328787,0.559727783714022,0.05223598277994564,0.11848312935658864,0.0,0.0,0.0,0.0,0.0,18473,global,0.0
3,2,lr1e-04_bs8_drop0p2_temp1p0_a0p25_b0p05__wd1e-04trmiss0_degmodglobal,8,0.0001,0.0001,0.2,1.0,0.25,0.05,lr1e-04_bs8_drop0p2_temp1p0_a0p25_b0p05__wd1e-04trmiss0_degmodglobal,40,0.5637237685067313,0.6953210830688477,0.6,0.7094246031746031,0.3076923076923077,0.0,0.507419764995575,0.5469610818794796,0.04713339252131326,0.09958678856492043,0.0,0.0,0.0,0.0,0.0,18473,global,0.0
3,2,lr1e-04_bs8_drop0p2_temp1p0_a0p25_b0p05__wd1e-04trmiss0_degmodglobal,8,0.0001,0.0001,0.2,1.0,0.25,0.05,lr1e-04_bs8_drop0p2_temp1p0_a0p25_b0p05__wd1e-04trmiss0_degmodglobal,41,0.5593655194555011,0.6911776959896088,0.625,0.7170003607503607,0.46153846153846156,0.0,0.4883435879434858,0.5323884742600578,0.07891778541462761,0.14495190339429037,0.0,0.0,0.0,0.0,0.0,18473,global,0.0
3,2,lr1e-04_bs8_drop0p2_temp1p0_a0p25_b0p05__wd1e-04trmiss0_degmodglobal,8,0.0001,0.0001,0.2,1.0,0.25,0.05,lr1e-04_bs8_drop0p2_temp1p0_a0p25_b0p05__wd1e-04trmiss0_degmodglobal,42,0.5523207911423275,0.6978963613510132,0.625,0.7170003607503607,0.38461538461538464,0.0,0.483837685414723,0.5339582434722355,0.054221216057028086,0.09614472836256027,0.0,0.0,0.0,0.0,0.0,18473,global,0.0
3,2,lr1e-04_bs8_drop0p2_temp1p0_a0p25_b0p05__wd1e-04trmiss0_degmodglobal,8,0.0001,0.0001,0.2,1.0,0.25,0.05,lr1e-04_bs8_drop0p2_temp1p0_a0p25_b0p05__wd1e-04trmiss0_degmodglobal,43,0.5864900265421186,0.7052827775478363,0.575,0.6469246031746031,0.3076923076923077,0.0,0.5007298077855792,0.564041290964399,0.06647721411926406,0.1165888522352491,0.0,0.0,0.0,0.0,0.0,18473,global,0.0
3,2,lr1e-04_bs8_drop0p2_temp1p0_a0p25_b0p05__wd1e-04trmiss0_degmodglobal,8,0.0001,0.0001,0.2,1.0,0.25,0.05,lr1e-04_bs8_drop0p2_temp1p0_a0p25_b0p05__wd1e-04trmiss0_degmodglobal,44,0.565806337765285,0.6983458995819092,0.6,0.7094246031746031,0.3076923076923077,0.0,0.48171209863254,0.5438179331166404,0.06358725896903447,0.12183187103697232,0.0,0.0,0.0,0.0,0.0,18473,global,0.0
3,2,lr1e-04_bs8_drop0p2_temp1p0_a0p25_b0p05__wd1e-04trmiss0_degmodglobal,8,0.0001,0.0001,0.2,1.0,0.25,0.05,lr1e-04_bs8_drop0p2_temp1p0_a0p25_b0p05__wd1e-04trmiss0_degmodglobal,45,0.5710107343537467,0.708886057138443,0.55,0.6260912698412697,0.23076923076923078,0.0,0.5069936769349235,0.5498277715274266,0.054574448083128245,0.15078686816351755,0.0,0.0,0.0,0.0,0.0,18473,global,0.0
3,2,lr1e-04_bs8_drop0p2_temp1p0_a0p25_b0p05__wd1e-04trmiss0_degmodglobal,8,0.0001,0.0001,0.2,1.0,0.25,0.05,lr1e-04_bs8_drop0p2_temp1p0_a0p25_b0p05__wd1e-04trmiss0_degmodglobal,46,0.5689719915390015,0.6994338631629944,0.6,0.7094246031746031,0.38461538461538464,0.0,0.4836444727012089,0.5451206054006305,0.06517735176852771,0.15114089846611023,0.0,0.0,0.0,0.0,0.0,18473,global,0.0
3,2,lr1e-04_bs8_drop0p2_temp1p0_a0p25_b0p05__wd1e-04trmiss0_degmodglobal,8,0.0001,0.0001,0.2,1.0,0.25,0.05,lr1e-04_bs8_drop0p2_temp1p0_a0p25_b0p05__wd1e-04trmiss0_degmodglobal,47,0.5596211297171456,0.7016830444335938,0.575,0.6469246031746031,0.38461538461538464,0.0,0.4785942818437304,0.5321122833660671,0.08007121565086502,0.14982098181332862,0.0,0.0,0.0,0.0,0.0,18473,global,0.0
3,2,lr1e-04_bs8_drop0p2_temp1p0_a0p25_b0p05__wd1e-04trmiss0_degmodglobal,8,0.0001,0.0001,0.2,1.0,0.25,0.05,lr1e-04_bs8_drop0p2_temp1p0_a0p25_b0p05__wd1e-04trmiss0_degmodglobal,48,0.5504433597837176,0.6960176527500153,0.6,0.7094246031746031,0.38461538461538464,0.0,0.4751868631158556,0.5328613221645355,0.051927240299327035,0.09200426936149597,0.0,0.0,0.0,0.0,0.0,18473,global,0.0
3,2,lr1e-04_bs8_drop0p2_temp1p0_a0p25_b0p05__wd1e-04trmiss0_degmodglobal,8,0.0001,0.0001,0.2,1.0,0.25,0.05,lr1e-04_bs8_drop0p2_temp1p0_a0p25_b0p05__wd1e-04trmiss0_degmodglobal,49,0.5733435239110675,0.6923001706600189,0.6,0.7094246031746031,0.38461538461538464,0.0,0.4779144653252193,0.5420123508998326,0.08802726385848862,0.18648715104375566,0.0,0.0,0.0,0.0,0.0,18473,global,0.0
3,2,lr1e-04_bs8_drop0p2_temp1p0_a0p25_b0p05__wd1e-04trmiss0_degmodglobal,8,0.0001,0.0001,0.2,1.0,0.25,0.05,lr1e-04_bs8_drop0p2_temp1p0_a0p25_b0p05__wd1e-04trmiss0_degmodglobal,50,0.5713251318250384,0.6872674524784088,0.6,0.7094246031746031,0.3076923076923077,0.0,0.4742432066372463,0.5483920787061963,0.06428992695042066,0.13721143401094846,0.0,0.0,0.0,0.0,0.0,18473,global,0.0
3,2,lr1e-04_bs8_drop0p2_temp1p0_a0p25_b0p05__wd1e-04trmiss0_degmodglobal,8,0.0001,0.0001,0.2,1.0,0.25,0.05,lr1e-04_bs8_drop0p2_temp1p0_a0p25_b0p05__wd1e-04trmiss0_degmodglobal,51,0.5938154884747097,0.6925928890705109,0.6,0.7094246031746031,0.3076923076923077,0.0,0.4979425711291177,0.5721515161650521,0.057598152330943515,0.14528882929256984,0.0,0.0,0.0,0.0,0.0,18473,global,0.0
3,2,lr1e-04_bs8_drop0p2_temp1p0_a0p25_b0p05__wd1e-04trmiss0_degmodglobal,8,0.0001,0.0001,0.2,1.0,0.25,0.05,lr1e-04_bs8_drop0p2_temp1p0_a0p25_b0p05__wd1e-04trmiss0_degmodglobal,52,0.5764113579477582,0.6909357011318207,0.625,0.7170003607503607,0.3076923076923077,0.0,0.4734088523047311,0.5513515514986855,0.0715699563069003,0.14334638948951448,0.0,0.0,0.0,0.0,0.0,18473,global,0.0
3,2,lr1e-04_bs8_drop0p2_temp2p0_a0p25_b0p05__wd1e-04trmiss0_degmodglobal,8,0.0001,0.0001,0.2,2.0,0.25,0.05,lr1e-04_bs8_drop0p2_temp2p0_a0p25_b0p05__wd1e-04trmiss0_degmodglobal,1,0.7071632146835327,0.6398520767688751,0.575,0.7264204545454546,0.6153846153846154,0.0,0.7368935091154916,0.6818303636142186,0.05618114609803472,0.22575110729251588,0.0,0.0,0.0,0.0,0.0,18473,global,0.0
3,2,lr1e-04_bs8_drop0p2_temp2p0_a0p25_b0p05__wd1e-04trmiss0_degmodglobal,8,0.0001,0.0001,0.2,2.0,0.25,0.05,lr1e-04_bs8_drop0p2_temp2p0_a0p25_b0p05__wd1e-04trmiss0_degmodglobal,2,0.6712555459567479,0.6389511525630951,0.55,0.7200101981351982,0.5384615384615384,0.0,0.7038250650678363,0.6487520166805812,0.05046508940202849,0.19774498790502548,0.0,0.0,0.0,0.0,0.0,18473,global,0.0
3,2,lr1e-04_bs8_drop0p2_temp2p0_a0p25_b0p05__wd1e-04trmiss0_degmodglobal,8,0.0001,0.0001,0.2,2.0,0.25,0.05,lr1e-04_bs8_drop0p2_temp2p0_a0p25_b0p05__wd1e-04trmiss0_degmodglobal,3,0.6697512524468558,0.6492758095264435,0.5,0.7029963092463093,0.5384615384615384,0.0,0.6640906589371818,0.6448870982442584,0.05373132973909378,0.22862652157034194,0.0,0.0,0.0,0.0,0.0,18473,global,0.0
3,2,lr1e-04_bs8_drop0p2_temp2p0_a0p25_b0p05__wd1e-04trmiss0_degmodglobal,8,0.0001,0.0001,0.2,2.0,0.25,0.05,lr1e-04_bs8_drop0p2_temp2p0_a0p25_b0p05__wd1e-04trmiss0_degmodglobal,4,0.6492296627589634,0.6572762131690979,0.47500000000000003,0.6831054362304363,0.6153846153846154,0.0,0.6622236711638314,0.6177989074162075,0.0637034901550838,0.31009762840611593,0.0,0.0,0.0,0.0,0.0,18473,global,0.0
3,2,lr1e-04_bs8_drop0p2_temp2p0_a0p25_b0p05__wd1e-04trmiss0_degmodglobal,8,0.0001,0.0001,0.2,2.0,0.25,0.05,lr1e-04_bs8_drop0p2_temp2p0_a0p25_b0p05__wd1e-04trmiss0_degmodglobal,5,0.6347169024603707,0.6705024540424347,0.45,0.6696314102564103,0.5384615384615384,0.0,0.6380172031266349,0.6052652938025338,0.06709574375833784,0.25355328406606403,0.0,0.0,0.0,0.0,0.0,18473,global,0.0
3,2,lr1e-04_bs8_drop0p2_temp2p0_a0p25_b0p05__wd1e-04trmiss0_degmodglobal,8,0.0001,0.0001,0.2,2.0,0.25,0.05,lr1e-04_bs8_drop0p2_temp2p0_a0p25_b0p05__wd1e-04trmiss0_degmodglobal,6,0.6083823953356061,0.6671625971794128,0.49999999999999994,0.6874209124209124,0.5384615384615384,0.0,0.6346037472997393,0.582008285181863,0.05722567971263613,0.24135361505406244,0.0,0.0,0.0,0.0,0.0,18473,global,0.0
3,2,lr1e-04_bs8_drop0p2_temp2p0_a0p25_b0p05__wd1e-04trmiss0_degmodglobal,8,0.0001,0.0001,0.2,2.0,0.25,0.05,lr1e-04_bs8_drop0p2_temp2p0_a0p25_b0p05__wd1e-04trmiss0_degmodglobal,7,0.5982608028820583,0.6614311039447784,0.55,0.7061709124209125,0.6153846153846154,0.0,0.6125658835683551,0.572785062449319,0.05979389697313309,0.2105454398053033,0.0,0.0,0.0,0.0,0.0,18473,global,0.0
3,2,lr1e-04_bs8_drop0p2_temp2p0_a0p25_b0p05__wd1e-04trmiss0_degmodglobal,8,0.0001,0.0001,0.2,2.0,0.25,0.05,lr1e-04_bs8_drop0p2_temp2p0_a0p25_b0p05__wd1e-04trmiss0_degmodglobal,8,0.6192868437085833,0.659707099199295,0.55,0.7061709124209125,0.6153846153846154,0.0,0.5942875572613308,0.5928143092564174,0.061230478542191644,0.22329832187720708,0.0,0.0,0.0,0.0,0.0,18473,global,0.0
3,2,lr1e-04_bs8_drop0p2_temp2p0_a0p25_b0p05__wd1e-04trmiss0_degmodglobal,8,0.0001,0.0001,0.2,2.0,0.25,0.05,lr1e-04_bs8_drop0p2_temp2p0_a0p25_b0p05__wd1e-04trmiss0_degmodglobal,9,0.5837447472981044,0.6657472550868988,0.475,0.6637601981351982,0.6153846153846154,0.0,0.5692164727619716,0.5565796068736485,0.062339121741907935,0.23160722851753235,0.0,0.0,0.0,0.0,0.0,18473,global,0.0
3,2,lr1e-04_bs8_drop0p2_temp2p0_a0p25_b0p05__wd1e-04trmiss0_degmodglobal,8,0.0001,0.0001,0.2,2.0,0.25,0.05,lr1e-04_bs8_drop0p2_temp2p0_a0p25_b0p05__wd1e-04trmiss0_degmodglobal,10,0.5667912789753505,0.6605437099933624,0.5,0.6845935314685314,0.6153846153846154,0.0,0.5610221198626927,0.541564153773444,0.057579184749296734,0.21664675218718393,0.0,0.0,0.0,0.0,0.0,18473,global,0.0
3,2,lr1e-04_bs8_drop0p2_temp2p0_a0p25_b0p05__wd1e-04trmiss0_degmodglobal,8,0.0001,0.0001,0.2,2.0,0.25,0.05,lr1e-04_bs8_drop0p2_temp2p0_a0p25_b0p05__wd1e-04trmiss0_degmodglobal,11,0.5621265939303807,0.6570797562599182,0.575,0.7125811688311688,0.5384615384615384,0.0,0.5567441242081779,0.5294966910566602,0.07756007249866213,0.2647975353257997,0.0,0.0,0.0,0.0,0.0,18473,global,0.0
3,2,lr1e-04_bs8_drop0p2_temp2p0_a0p25_b0p05__wd1e-04trmiss0_degmodglobal,8,0.0001,0.0001,0.2,2.0,0.25,0.05,lr1e-04_bs8_drop0p2_temp2p0_a0p25_b0p05__wd1e-04trmiss0_degmodglobal,12,0.5695699283054897,0.6687276363372803,0.5,0.6845935314685314,0.5384615384615384,0.0,0.57122603058815,0.5337405673095158,0.08441952190228871,0.29448965191841125,0.0,0.0,0.0,0.0,0.0,18473,global,0.0
3,2,lr1e-04_bs8_drop0p2_temp2p0_a0p25_b0p05__wd1e-04trmiss0_degmodglobal,8,0.0001,0.0001,0.2,2.0,0.25,0.05,lr1e-04_bs8_drop0p2_temp2p0_a0p25_b0p05__wd1e-04trmiss0_degmodglobal,13,0.5774293201310294,0.6761005222797394,0.475,0.6637601981351982,0.5384615384615384,0.0,0.5618031620979309,0.5525553141321454,0.05974615817623479,0.19874930062464305,0.0,0.0,0.0,0.0,0.0,18473,global,0.0
3,2,lr1e-04_bs8_drop0p2_temp2p0_a0p25_b0p05__wd1e-04trmiss0_degmodglobal,8,0.0001,0.0001,0.2,2.0,0.25,0.05,lr1e-04_bs8_drop0p2_temp2p0_a0p25_b0p05__wd1e-04trmiss0_degmodglobal,14,0.5715570194380624,0.6863034665584564,0.45,0.6696314102564103,0.5384615384615384,0.0,0.6016123209680829,0.5380211089338575,0.07783602550625801,0.2815381714275905,0.0,0.0,0.0,0.0,0.0,18473,global,0.0
3,2,lr1e-04_bs8_drop0p2_temp2p0_a0p25_b0p05__wd1e-04trmiss0_degmodglobal,8,0.0001,0.0001,0.2,2.0,0.25,0.05,lr1e-04_bs8_drop0p2_temp2p0_a0p25_b0p05__wd1e-04trmiss0_degmodglobal,15,0.5741133434431893,0.6868736147880554,0.425,0.6577266483516484,0.5384615384615384,0.0,0.560427861554282,0.5407997752938952,0.08033690175839833,0.26458694147212164,0.0,0.0,0.0,0.0,0.0,18473,global,0.0
3,2,lr1e-04_bs8_drop0p2_temp2p0_a0p25_b0p05__wd1e-04trmiss0_degmodglobal,8,0.0001,0.0001,0.2,2.0,0.25,0.05,lr1e-04_bs8_drop0p2_temp2p0_a0p25_b0p05__wd1e-04trmiss0_degmodglobal,16,0.5489240799631391,0.6803953945636749,0.42499999999999993,0.6556748806748807,0.5384615384615384,0.0,0.5570069423743657,0.5239152780600956,0.06048552452453545,0.19774841517210007,0.0,0.0,0.0,0.0,0.0,18473,global,0.0
3,2,lr1e-04_bs8_drop0p2_temp2p0_a0p25_b0p05__wd1e-04trmiss0_degmodglobal,8,0.0001,0.0001,0.2,2.0,0.25,0.05,lr1e-04_bs8_drop0p2_temp2p0_a0p25_b0p05__wd1e-04trmiss0_degmodglobal,17,0.5572192924363273,0.6743997633457184,0.47500000000000003,0.6831054362304363,0.6153846153846154,0.0,0.5290989875793457,0.5281303397246769,0.06879888102412224,0.2377847624676568,0.0,0.0,0.0,0.0,0.0,18473,global,0.0
3,2,lr1e-04_bs8_drop0p2_temp2p0_a0p25_b0p05__wd1e-04trmiss0_degmodglobal,8,0.0001,0.0001,0.2,2.0,0.25,0.05,lr1e-04_bs8_drop0p2_temp2p0_a0p25_b0p05__wd1e-04trmiss0_degmodglobal,18,0.578419029712677,0.6780690252780914,0.44999999999999996,0.6643554362304362,0.6153846153846154,0.0,0.5904215276241302,0.5493572354316711,0.06825801357626915,0.23994560965469905,0.0,0.0,0.0,0.0,0.0,18473,global,0.0
3,2,lr1e-04_bs8_drop0p2_temp2p0_a0p25_b0p05__wd1e-04trmiss0_degmodglobal,8,0.0001,0.0001,0.2,2.0,0.25,0.05,lr1e-04_bs8_drop0p2_temp2p0_a0p25_b0p05__wd1e-04trmiss0_degmodglobal,19,0.5578729936054775,0.6783087253570557,0.44999999999999996,0.6643554362304362,0.6153846153846154,0.0,0.51278384242739,0.5178915858268738,0.09207851652588163,0.33923542712415966,0.0,0.0,0.0,0.0,0.0,18473,global,0.0
3,2,lr1e-04_bs8_drop0p2_temp2p0_a0p25_b0p05__wd1e-04trmiss0_degmodglobal,8,0.0001,0.0001,0.2,2.0,0.25,0.05,lr1e-04_bs8_drop0p2_temp2p0_a0p25_b0p05__wd1e-04trmiss0_degmodglobal,20,0.5735375285148621,0.6722114086151123,0.47500000000000003,0.6831054362304363,0.6153846153846154,0.0,0.5357160866260529,0.5330858741487775,0.0932303209389959,0.3428815539394106,0.0,0.0,0.0,0.0,0.0,18473,global,0.0
3,2,lr1e-04_bs8_drop0p2_temp2p0_a0p25_b0p05__wd1e-04trmiss0_degmodglobal,8,0.0001,0.0001,0.2,2.0,0.25,0.05,lr1e-04_bs8_drop0p2_temp2p0_a0p25_b0p05__wd1e-04trmiss0_degmodglobal,21,0.540470940726144,0.6692209243774414,0.475,0.6726887695637696,0.6153846153846154,0.0,0.5216261105878013,0.508805160011564,0.08143710770777293,0.22613011513437545,0.0,0.0,0.0,0.0,0.0,18473,global,0.0
3,2,lr1e-04_bs8_drop0p2_temp2p0_a0p25_b0p05__wd1e-04trmiss0_degmodglobal,8,0.0001,0.0001,0.2,2.0,0.25,0.05,lr1e-04_bs8_drop0p2_temp2p0_a0p25_b0p05__wd1e-04trmiss0_degmodglobal,22,0.5608003905841282,0.6690577864646912,0.475,0.6726887695637696,0.5384615384615384,0.0,0.5172897321837289,0.5265251440661294,0.08326257339545659,0.2691921038287027,0.0,0.0,0.0,0.0,0.0,18473,global,0.0
3,2,lr1e-04_bs8_drop0p2_temp2p0_a0p25_b0p05__wd1e-04trmiss0_degmodglobal,8,0.0001,0.0001,0.2,2.0,0.25,0.05,lr1e-04_bs8_drop0p2_temp2p0_a0p25_b0p05__wd1e-04trmiss0_degmodglobal,23,0.5735289113862174,0.6628144085407257,0.5,0.6914387695637696,0.5384615384615384,0.0,0.5471158964293343,0.5398423671722412,0.0804940712239061,0.2712602253471102,0.0,0.0,0.0,0.0,0.0,18473,global,0.0
3,2,lr1e-04_bs8_drop0p2_temp2p0_a0p25_b0p05__wd1e-04trmiss0_degmodglobal,8,0.0001,0.0001,0.2,2.0,0.25,0.05,lr1e-04_bs8_drop0p2_temp2p0_a0p25_b0p05__wd1e-04trmiss0_degmodglobal,24,0.5303643984454018,0.662143737077713,0.5,0.6914387695637696,0.5384615384615384,0.0,0.5147116141659873,0.5019854307174683,0.0727812025163855,0.20367331057786942,0.0,0.0,0.0,0.0,0.0,18473,global,0.0
3,2,lr1e-04_bs8_drop0p2_temp2p0_a0p25_b0p05__wd1e-04trmiss0_degmodglobal,8,0.0001,0.0001,0.2,2.0,0.25,0.05,lr1e-04_bs8_drop0p2_temp2p0_a0p25_b0p05__wd1e-04trmiss0_degmodglobal,25,0.5492298092160907,0.6610735356807709,0.5249999999999999,0.7033435314685315,0.6153846153846154,0.0,0.5212170439107078,0.5241372670446124,0.06085325937185969,0.19758468440600804,0.0,0.0,0.0,0.0,0.0,18473,global,0.0
3,2,lr1e-04_bs8_drop0p2_temp2p0_a0p25_b0p05__wd1e-04trmiss0_degmodglobal,8,0.0001,0.0001,0.2,2.0,0.25,0.05,lr1e-04_bs8_drop0p2_temp2p0_a0p25_b0p05__wd1e-04trmiss0_degmodglobal,26,0.5527178815432957,0.6590189337730408,0.5,0.6845935314685314,0.5384615384615384,0.0,0.5326528080872127,0.5196062922477722,0.0848761573433876,0.23785097151994705,0.0,0.0,0.0,0.0,0.0,18473,global,0.0
3,2,lr1e-04_bs8_drop0p2_temp2p0_a0p25_b0p05__wd1e-04trmiss0_degmodglobal,8,0.0001,0.0001,0.2,2.0,0.25,0.05,lr1e-04_bs8_drop0p2_temp2p0_a0p25_b0p05__wd1e-04trmiss0_degmodglobal,27,0.5337463745049068,0.6623334288597107,0.5,0.6845935314685314,0.5384615384615384,0.0,0.4887308180332184,0.501281487090247,0.07781268177287919,0.26023417711257935,0.0,0.0,0.0,0.0,0.0,18473,global,0.0
3,2,lr1e-04_bs8_drop0p2_temp2p0_a0p25_b0p05__wd1e-04trmiss0_degmodglobal,8,0.0001,0.0001,0.2,2.0,0.25,0.05,lr1e-04_bs8_drop0p2_temp2p0_a0p25_b0p05__wd1e-04trmiss0_degmodglobal,28,0.5423028000763485,0.6606220006942749,0.525,0.6957542457542457,0.6153846153846154,0.0,0.5162681809493473,0.5055792927742004,0.09733446421367782,0.24779773077794484,0.0,0.0,0.0,0.0,0.0,18473,global,0.0
3,2,lr1e-04_bs8_drop0p2_temp2p0_a0p25_b0p05__wd1e-04trmiss0_degmodglobal,8,0.0001,0.0001,0.2,2.0,0.25,0.05,lr1e-04_bs8_drop0p2_temp2p0_a0p25_b0p05__wd1e-04trmiss0_degmodglobal,29,0.562715470790863,0.6635837256908417,0.5,0.6845935314685314,0.5384615384615384,0.0,0.5220521986484528,0.5270609387329647,0.09611686212675911,0.2325063113655363,0.0,0.0,0.0,0.0,0.0,18473,global,0.0
3,2,lr1e-04_bs8_drop0p2_temp2p0_a0p25_b0p05__wd1e-04trmiss0_degmodglobal,8,0.0001,0.0001,0.2,2.0,0.25,0.05,lr1e-04_bs8_drop0p2_temp2p0_a0p25_b0p05__wd1e-04trmiss0_degmodglobal,30,0.5274120909827096,0.664017915725708,0.475,0.6726887695637696,0.5384615384615384,0.0,0.49675555314336506,0.4932524987629482,0.08677762321063451,0.24930362616266524,0.0,0.0,0.0,0.0,0.0,18473,global,0.0
3,2,lr1e-04_bs8_drop0p2_temp2p0_a0p25_b0p05__wd1e-04trmiss0_degmodglobal,8,0.0001,0.0001,0.2,2.0,0.25,0.05,lr1e-04_bs8_drop0p2_temp2p0_a0p25_b0p05__wd1e-04trmiss0_degmodglobal,31,0.5975406084741864,0.6635847985744476,0.475,0.6726887695637696,0.5384615384615384,0.0,0.5445029948438916,0.561111501285008,0.09187562550817217,0.26920402475765776,0.0,0.0,0.0,0.0,0.0,18473,global,0.0
3,2,lr1e-04_bs8_drop0p4_temp1p0_a0p25_b0p05__wd1e-04trmiss0_degmodglobal,8,0.0001,0.0001,0.4,1.0,0.25,0.05,lr1e-04_bs8_drop0p4_temp1p0_a0p25_b0p05__wd1e-04trmiss0_degmodglobal,1,0.7049405319350106,0.8730930089950562,0.3,0.5359508547008548,0.23076923076923078,0.0,0.7101223298481533,0.6786642755780902,0.07266273562397275,0.1622114905289241,0.0,0.0,0.0,0.0,0.0,18473,global,0.0
3,2,lr1e-04_bs8_drop0p4_temp1p0_a0p25_b0p05__wd1e-04trmiss0_degmodglobal,8,0.0001,0.0001,0.4,1.0,0.25,0.05,lr1e-04_bs8_drop0p4_temp1p0_a0p25_b0p05__wd1e-04trmiss0_degmodglobal,2,0.7202770113945007,0.8784425556659698,0.19999999999999996,0.49368894993895,0.3076923076923077,0.0,0.6767790828432355,0.6948801534516471,0.0721489457147462,0.14719266471053874,0.0,0.0,0.0,0.0,0.0,18473,global,0.0
3,2,lr1e-04_bs8_drop0p4_temp1p0_a0p25_b0p05__wd1e-04trmiss0_degmodglobal,8,0.0001,0.0001,0.4,1.0,0.25,0.05,lr1e-04_bs8_drop0p4_temp1p0_a0p25_b0p05__wd1e-04trmiss0_degmodglobal,3,0.6925763743264335,0.8622508347034454,0.175,0.48327228327228333,0.15384615384615385,0.0,0.6795052800859723,0.666027912071773,0.07614873190011297,0.1502255621765341,0.0,0.0,0.0,0.0,0.0,18473,global,0.0
3,2,lr1e-04_bs8_drop0p4_temp1p0_a0p25_b0p05__wd1e-04trmiss0_degmodglobal,8,0.0001,0.0001,0.4,1.0,0.25,0.05,lr1e-04_bs8_drop0p4_temp1p0_a0p25_b0p05__wd1e-04trmiss0_degmodglobal,4,0.674432064805712,0.8768681287765503,0.19999999999999998,0.49160561660561664,0.23076923076923078,0.0,0.6425226075308663,0.6498243468148368,0.06744455759014402,0.15493143030575343,0.0,0.0,0.0,0.0,0.0,18473,global,0.0
3,2,lr1e-04_bs8_drop0p4_temp1p0_a0p25_b0p05__wd1e-04trmiss0_degmodglobal,8,0.0001,0.0001,0.4,1.0,0.25,0.05,lr1e-04_bs8_drop0p4_temp1p0_a0p25_b0p05__wd1e-04trmiss0_degmodglobal,5,0.6282920411654881,0.8991485238075256,0.24999999999999997,0.5228556166056166,0.23076923076923078,0.0,0.6203088504927499,0.6033253158841815,0.07015033704893929,0.14858275332621165,0.0,0.0,0.0,0.0,0.0,18473,global,0.0
3,2,lr1e-04_bs8_drop0p4_temp1p0_a0p25_b0p05__wd1e-04trmiss0_degmodglobal,8,0.0001,0.0001,0.4,1.0,0.25,0.05,lr1e-04_bs8_drop0p4_temp1p0_a0p25_b0p05__wd1e-04trmiss0_degmodglobal,6,0.6189144594328744,0.8260465860366821,0.375,0.5654647435897436,0.23076923076923078,0.0,0.6313565415995461,0.5901724100112915,0.08480543802891459,0.1508138350078038,0.0,0.0,0.0,0.0,0.0,18473,global,0.0
3,2,lr1e-04_bs8_drop0p4_temp1p0_a0p25_b0p05__wd1e-04trmiss0_degmodglobal,8,0.0001,0.0001,0.4,1.0,0.25,0.05,lr1e-04_bs8_drop0p4_temp1p0_a0p25_b0p05__wd1e-04trmiss0_degmodglobal,7,0.6123415231704712,0.7528086006641388,0.375,0.5654647435897436,0.3076923076923077,0.0,0.591741715158735,0.5876518956252507,0.07204234600067139,0.13358086879764283,0.0,0.0,0.0,0.0,0.0,18473,global,0.0
3,2,lr1e-04_bs8_drop0p4_temp1p0_a0p25_b0p05__wd1e-04trmiss0_degmodglobal,8,0.0001,0.0001,0.4,1.0,0.25,0.05,lr1e-04_bs8_drop0p4_temp1p0_a0p25_b0p05__wd1e-04trmiss0_degmodglobal,8,0.6564434085573468,0.7898803651332855,0.3,0.5407127594627594,0.3076923076923077,0.0,0.6016574161393302,0.6284897327423096,0.07819502428174019,0.16809808782168797,0.0,0.0,0.0,0.0,0.0,18473,global,0.0
3,2,lr1e-04_bs8_drop0p4_temp1p0_a0p25_b0p05__wd1e-04trmiss0_degmodglobal,8,0.0001,0.0001,0.4,1.0,0.25,0.05,lr1e-04_bs8_drop0p4_temp1p0_a0p25_b0p05__wd1e-04trmiss0_degmodglobal,9,0.6164968609809875,0.8361819684505463,0.3,0.5407127594627594,0.23076923076923078,0.0,0.5919708524431501,0.5873827508517674,0.09370337692754609,0.11376530996390752,0.0,0.0,0.0,0.0,0.0,18473,global,0.0
3,2,lr1e-04_bs8_drop0p4_temp1p0_a0p25_b0p05__wd1e-04trmiss0_degmodglobal,8,0.0001,0.0001,0.4,1.0,0.25,0.05,lr1e-04_bs8_drop0p4_temp1p0_a0p25_b0p05__wd1e-04trmiss0_degmodglobal,10,0.6261515702520098,0.8199674189090729,0.3,0.5407127594627594,0.3076923076923077,0.0,0.5554343206541879,0.5932883109365191,0.094478611435209,0.18487219299588883,0.0,0.0,0.0,0.0,0.0,18473,global,0.0
3,2,lr1e-04_bs8_drop0p4_temp1p0_a0p25_b0p05__wd1e-04trmiss0_degmodglobal,8,0.0001,0.0001,0.4,1.0,0.25,0.05,lr1e-04_bs8_drop0p4_temp1p0_a0p25_b0p05__wd1e-04trmiss0_degmodglobal,11,0.63658207654953,0.8153910338878632,0.29999999999999993,0.5442841880341881,0.3076923076923077,0.0,0.5839731310095105,0.6044076595987592,0.09636969438620976,0.16164012200066022,0.0,0.0,0.0,0.0,0.0,18473,global,0.0
3,2,lr1e-04_bs8_drop0p4_temp1p0_a0p25_b0p05__wd1e-04trmiss0_degmodglobal,8,0.0001,0.0001,0.4,1.0,0.25,0.05,lr1e-04_bs8_drop0p4_temp1p0_a0p25_b0p05__wd1e-04trmiss0_degmodglobal,12,0.602478631905147,0.7704896628856659,0.27499999999999997,0.5353556166056166,0.3076923076923077,0.0,0.5594945166792188,0.5736491807869503,0.08386281771319253,0.15727506471531733,0.0,0.0,0.0,0.0,0.0,18473,global,0.0
3,2,lr1e-04_bs8_drop0p4_temp1p0_a0p25_b0p05__wd1e-04trmiss0_degmodglobal,8,0.0001,0.0001,0.4,1.0,0.25,0.05,lr1e-04_bs8_drop0p4_temp1p0_a0p25_b0p05__wd1e-04trmiss0_degmodglobal,13,0.6181286658559527,0.756872296333313,0.32499999999999996,0.5651175213675215,0.3076923076923077,0.0,0.5395804728780474,0.5853303245135716,0.09728903616113323,0.16952166706323624,0.0,0.0,0.0,0.0,0.0,18473,global,0.0
3,2,lr1e-04_bs8_drop0p4_temp1p0_a0p25_b0p05__wd1e-04trmiss0_degmodglobal,8,0.0001,0.0001,0.4,1.0,0.25,0.05,lr1e-04_bs8_drop0p4_temp1p0_a0p25_b0p05__wd1e-04trmiss0_degmodglobal,14,0.6073871340070452,0.7134722173213959,0.45,0.6744248806748807,0.38461538461538464,0.0,0.567732070173536,0.5726058483123779,0.10114526003599167,0.18989962765148707,0.0,0.0,0.0,0.0,0.0,18473,global,0.0
3,2,lr1e-04_bs8_drop0p4_temp1p0_a0p25_b0p05__wd1e-04trmiss0_degmodglobal,8,0.0001,0.0001,0.4,1.0,0.25,0.05,lr1e-04_bs8_drop0p4_temp1p0_a0p25_b0p05__wd1e-04trmiss0_degmodglobal,15,0.5866554975509644,0.7207156121730804,0.525,0.6925480769230768,0.46153846153846156,0.0,0.5407149621418544,0.5546586811542511,0.09470453326191221,0.166413742516722,0.0,0.0,0.0,0.0,0.0,18473,global,0.0
3,2,lr1e-04_bs8_drop0p4_temp1p0_a0p25_b0p05__wd1e-04trmiss0_degmodglobal,8,0.0001,0.0001,0.4,1.0,0.25,0.05,lr1e-04_bs8_drop0p4_temp1p0_a0p25_b0p05__wd1e-04trmiss0_degmodglobal,16,0.583593658038548,0.7400636076927185,0.4,0.5768554362304362,0.38461538461538464,0.0,0.5435842786516462,0.5418368109634945,0.11520284520728248,0.25912238338163923,0.0,0.0,0.0,0.0,0.0,18473,global,0.0
3,2,lr1e-04_bs8_drop0p4_temp1p0_a0p25_b0p05__wd1e-04trmiss0_degmodglobal,8,0.0001,0.0001,0.4,1.0,0.25,0.05,lr1e-04_bs8_drop0p4_temp1p0_a0p25_b0p05__wd1e-04trmiss0_degmodglobal,17,0.6159909793308803,0.7670361995697021,0.325,0.5410599816849817,0.3076923076923077,0.0,0.5679655628544944,0.5819050584520612,0.09882890113762446,0.18757377618125506,0.0,0.0,0.0,0.0,0.0,18473,global,0.0
3,2,lr1e-04_bs8_drop0p4_temp1p0_a0p25_b0p05__wd1e-04trmiss0_degmodglobal,8,0.0001,0.0001,0.4,1.0,0.25,0.05,lr1e-04_bs8_drop0p4_temp1p0_a0p25_b0p05__wd1e-04trmiss0_degmodglobal,18,0.5992951691150665,0.7603210806846619,0.22499999999999998,0.5020222832722833,0.3076923076923077,0.0,0.5244980795042855,0.5581405162811279,0.12287937849760056,0.2086962674345289,0.0,0.0,0.0,0.0,0.0,18473,global,0.0
3,2,lr1e-04_bs8_drop0p4_temp1p0_a0p25_b0p05__wd1e-04trmiss0_degmodglobal,8,0.0001,0.0001,0.4,1.0,0.25,0.05,lr1e-04_bs8_drop0p4_temp1p0_a0p25_b0p05__wd1e-04trmiss0_degmodglobal,19,0.6074005620820182,0.7344610393047333,0.27499999999999997,0.5211510711510712,0.23076923076923078,0.0,0.5581951652254377,0.5747240313461849,0.10272197265710149,0.13992067905408995,0.0,0.0,0.0,0.0,0.0,18473,global,0.0
3,2,lr1e-04_bs8_drop0p4_temp1p0_a0p25_b0p05__wd1e-04trmiss0_degmodglobal,8,0.0001,0.0001,0.4,1.0,0.25,0.05,lr1e-04_bs8_drop0p4_temp1p0_a0p25_b0p05__wd1e-04trmiss0_degmodglobal,20,0.6038054653576442,0.7330458462238312,0.3,0.5419844044844044,0.3076923076923077,0.0,0.5345930755138397,0.5628579940114703,0.11617799795099668,0.2380594334432057,0.0,0.0,0.0,0.0,0.0,18473,global,0.0
3,2,lr1e-04_bs8_drop0p4_temp1p0_a0p25_b0p05__wd1e-04trmiss0_degmodglobal,8,0.0001,0.0001,0.4,1.0,0.25,0.05,lr1e-04_bs8_drop0p4_temp1p0_a0p25_b0p05__wd1e-04trmiss0_degmodglobal,21,0.5753263405391148,0.7511129677295685,0.3,0.55618894993895,0.3076923076923077,0.0,0.5439064162118095,0.5397953007902417,0.10348590356963021,0.1931911770786558,0.0,0.0,0.0,0.0,0.0,18473,global,0.0
3,2,lr1e-04_bs8_drop0p4_temp1p0_a0p25_b0p05__wd1e-04trmiss0_degmodglobal,8,0.0001,0.0001,0.4,1.0,0.25,0.05,lr1e-04_bs8_drop0p4_temp1p0_a0p25_b0p05__wd1e-04trmiss0_degmodglobal,22,0.5743252124105181,0.7300851047039032,0.375,0.5806748806748807,0.38461538461538464,0.0,0.5581559836864471,0.5432560869625637,0.09004378425223487,0.1711635004196848,0.0,0.0,0.0,0.0,0.0,18473,global,0.0
3,2,lr1e-04_bs8_drop0p4_temp1p0_a0p25_b0p05__wd1e-04trmiss0_degmodglobal,8,0.0001,0.0001,0.4,1.0,0.25,0.05,lr1e-04_bs8_drop0p4_temp1p0_a0p25_b0p05__wd1e-04trmiss0_degmodglobal,23,0.581345660345895,0.7200007140636444,0.45000000000000007,0.6206054362304363,0.46153846153846156,0.0,0.5614360230309623,0.5434367571558271,0.11014083985771451,0.20747363886662892,0.0,0.0,0.0,0.0,0.0,18473,global,0.0
3,2,lr1e-04_bs8_drop0p4_temp1p0_a0p25_b0p05__wd1e-04trmiss0_degmodglobal,8,0.0001,0.0001,0.4,1.0,0.25,0.05,lr1e-04_bs8_drop0p4_temp1p0_a0p25_b0p05__wd1e-04trmiss0_degmodglobal,24,0.5955309058938708,0.7455950975418091,0.32499999999999996,0.5651175213675215,0.38461538461538464,0.0,0.5514846742153168,0.5608768803732735,0.10781979560852051,0.15398140996694565,0.0,0.0,0.0,0.0,0.0,18473,global,0.0
3,2,lr1e-04_bs8_drop0p4_temp1p0_a0p25_b0p05__wd1e-04trmiss0_degmodglobal,8,0.0001,0.0001,0.4,1.0,0.25,0.05,lr1e-04_bs8_drop0p4_temp1p0_a0p25_b0p05__wd1e-04trmiss0_degmodglobal,25,0.5856792756489345,0.7001685202121735,0.45,0.6744248806748807,0.46153846153846156,0.0,0.5746039577892849,0.5503183007240295,0.09427709664617266,0.23583374598196574,0.0,0.0,0.0,0.0,0.0,18473,global,0.0
3,2,lr1e-04_bs8_drop0p4_temp1p0_a0p25_b0p05__wd1e-04trmiss0_degmodglobal,8,0.0001,0.0001,0.4,1.0,0.25,0.05,lr1e-04_bs8_drop0p4_temp1p0_a0p25_b0p05__wd1e-04trmiss0_degmodglobal,26,0.5893658058983939,0.7024836838245392,0.44999999999999996,0.6643554362304362,0.46153846153846156,0.0,0.5127344940389905,0.5419468539101737,0.1260622079883303,0.31806779333523344,0.0,0.0,0.0,0.0,0.0,18473,global,0.0
3,2,lr1e-04_bs8_drop0p4_temp1p0_a0p25_b0p05__wd1e-04trmiss0_degmodglobal,8,0.0001,0.0001,0.4,1.0,0.25,0.05,lr1e-04_bs8_drop0p4_temp1p0_a0p25_b0p05__wd1e-04trmiss0_degmodglobal,27,0.5626682383673531,0.7641285061836243,0.3,0.55618894993895,0.3076923076923077,0.0,0.527153662272862,0.5181030205317906,0.12155018853289741,0.28355312773159574,0.0,0.0,0.0,0.0,0.0,18473,global,0.0
3,2,lr1e-04_bs8_drop0p4_temp1p0_a0p25_b0p05__wd1e-04trmiss0_degmodglobal,8,0.0001,0.0001,0.4,1.0,0.25,0.05,lr1e-04_bs8_drop0p4_temp1p0_a0p25_b0p05__wd1e-04trmiss0_degmodglobal,28,0.5644725390842983,0.7686188220977783,0.3,0.55618894993895,0.3076923076923077,0.0,0.557783556835992,0.5336314822946276,0.09081872978380748,0.1627273272190775,0.0,0.0,0.0,0.0,0.0,18473,global,0.0
3,2,lr1e-04_bs8_drop0p4_temp1p0_a0p25_b0p05__wd1e-04trmiss0_degmodglobal,8,0.0001,0.0001,0.4,1.0,0.25,0.05,lr1e-04_bs8_drop0p4_temp1p0_a0p25_b0p05__wd1e-04trmiss0_degmodglobal,29,0.5621674486568996,0.7192435562610626,0.475,0.7160915473415473,0.38461538461538464,0.0,0.5165948527199882,0.5236628566469465,0.10788565235478538,0.23066349114690507,0.0,0.0,0.0,0.0,0.0,18473,global,0.0
3,2,lr1e-04_bs8_drop0p4_temp1p0_a0p25_b0p05__wd1e-04trmiss0_degmodglobal,8,0.0001,0.0001,0.4,1.0,0.25,0.05,lr1e-04_bs8_drop0p4_temp1p0_a0p25_b0p05__wd1e-04trmiss0_degmodglobal,30,0.5916949127401624,0.6994437277317047,0.475,0.7160915473415473,0.6153846153846154,0.0,0.5343283925737653,0.560805652822767,0.0837260154741151,0.19915506030832017,0.0,0.0,0.0,0.0,0.0,18473,global,0.0
3,2,lr1e-04_bs8_drop0p4_temp1p0_a0p25_b0p05__wd1e-04trmiss0_degmodglobal,8,0.0001,0.0001,0.4,1.0,0.25,0.05,lr1e-04_bs8_drop0p4_temp1p0_a0p25_b0p05__wd1e-04trmiss0_degmodglobal,31,0.5463105610438755,0.7116515040397644,0.5,0.7247721028971029,0.6153846153846154,0.0,0.5280944875308445,0.5104059278964996,0.11056537713323321,0.1652659731251853,0.0,0.0,0.0,0.0,0.0,18473,global,0.0
3,2,lr1e-04_bs8_drop0p4_temp1p0_a0p25_b0p05__wd1e-04trmiss0_degmodglobal,8,0.0001,0.0001,0.4,1.0,0.25,0.05,lr1e-04_bs8_drop0p4_temp1p0_a0p25_b0p05__wd1e-04trmiss0_degmodglobal,32,0.5860620141029358,0.7124182283878326,0.525,0.699393315018315,0.5384615384615384,0.0,0.5019444993564061,0.5550852503095355,0.08813899223293577,0.1788401252457074,0.0,0.0,0.0,0.0,0.0,18473,global,0.0
3,2,lr1e-04_bs8_drop0p4_temp1p0_a0p25_b0p05__wd1e-04trmiss0_degmodglobal,8,0.0001,0.0001,0.4,1.0,0.25,0.05,lr1e-04_bs8_drop0p4_temp1p0_a0p25_b0p05__wd1e-04trmiss0_degmodglobal,33,0.5698308008057731,0.7382908463478088,0.425,0.5976887695637696,0.38461538461538464,0.0,0.5242906936577388,0.527445409979139,0.11809128522872925,0.2572512392486845,0.0,0.0,0.0,0.0,0.0,18473,global,0.0
3,2,lr1e-04_bs8_drop0p4_temp1p0_a0p25_b0p05__wd1e-04trmiss0_degmodglobal,8,0.0001,0.0001,0.4,1.0,0.25,0.05,lr1e-04_bs8_drop0p4_temp1p0_a0p25_b0p05__wd1e-04trmiss0_degmodglobal,34,0.5580366849899292,0.7112050354480743,0.47500000000000003,0.6831054362304363,0.38461538461538464,0.0,0.4915457325322287,0.5225503189223153,0.09648949120725904,0.2272802314588002,0.0,0.0,0.0,0.0,0.0,18473,global,0.0
3,2,lr1e-04_bs8_drop0p4_temp1p0_a0p25_b0p05__wd1e-04trmiss0_degmodglobal,8,0.0001,0.0001,0.4,1.0,0.25,0.05,lr1e-04_bs8_drop0p4_temp1p0_a0p25_b0p05__wd1e-04trmiss0_degmodglobal,35,0.5693309221948896,0.7348735928535461,0.35,0.5717463092463093,0.38461538461538464,0.0,0.5285674589020866,0.538467960698264,0.09521048037069184,0.141206650861672,0.0,0.0,0.0,0.0,0.0,18473,global,0.0
3,2,lr1e-04_bs8_drop0p4_temp1p0_a0p25_b0p05__wd1e-04trmiss0_degmodglobal,8,0.0001,0.0001,0.4,1.0,0.25,0.05,lr1e-04_bs8_drop0p4_temp1p0_a0p25_b0p05__wd1e-04trmiss0_degmodglobal,36,0.5561559753758567,0.7307970523834229,0.42500000000000004,0.6654963092463093,0.46153846153846156,0.0,0.5145112233502525,0.5285213845116752,0.08395170899374145,0.13293328242642538,0.0,0.0,0.0,0.0,0.0,18473,global,0.0
3,2,lr1e-04_bs8_drop0p4_temp1p0_a0p25_b0p05__wd1e-04trmiss0_degmodglobal,8,0.0001,0.0001,0.4,1.0,0.25,0.05,lr1e-04_bs8_drop0p4_temp1p0_a0p25_b0p05__wd1e-04trmiss0_degmodglobal,37,0.548297222171511,0.7095687389373779,0.42500000000000004,0.6654963092463093,0.46153846153846156,0.0,0.5115373304912022,0.5125660768577031,0.10352626549346107,0.196991751236575,0.0,0.0,0.0,0.0,0.0,18473,global,0.0
3,2,lr1e-04_bs8_drop0p4_temp1p0_a0p25_b0p05__wd1e-04trmiss0_degmodglobal,8,0.0001,0.0001,0.4,1.0,0.25,0.05,lr1e-04_bs8_drop0p4_temp1p0_a0p25_b0p05__wd1e-04trmiss0_degmodglobal,38,0.5645019241741726,0.6995057165622711,0.45,0.7071629759129759,0.5384615384615384,0.0,0.48632522991725374,0.5280737919466836,0.10633412855012077,0.19689201137849263,0.0,0.0,0.0,0.0,0.0,18473,global,0.0
3,2,lr1e-04_bs8_drop0p4_temp1p0_a0p25_b0p05__wd1e-04trmiss0_degmodglobal,8,0.0001,0.0001,0.4,1.0,0.25,0.05,lr1e-04_bs8_drop0p4_temp1p0_a0p25_b0p05__wd1e-04trmiss0_degmodglobal,39,0.5510336671556745,0.6975574493408203,0.42500000000000004,0.6654963092463093,0.46153846153846156,0.0,0.4963629799229758,0.5137065819331578,0.11806748381682805,0.15620434603520802,0.0,0.0,0.0,0.0,0.0,18473,global,0.0
3,2,lr1e-04_bs8_drop0p4_temp1p0_a0p25_b0p05__wd1e-04trmiss0_degmodglobal,8,0.0001,0.0001,0.4,1.0,0.25,0.05,lr1e-04_bs8_drop0p4_temp1p0_a0p25_b0p05__wd1e-04trmiss0_degmodglobal,40,0.5709964334964752,0.7044605016708374,0.42500000000000004,0.6654963092463093,0.46153846153846156,0.0,0.5105664730072021,0.5305590374129159,0.11040276874388967,0.2567339784332684,0.0,0.0,0.0,0.0,0.0,18473,global,0.0
3,2,lr1e-04_bs8_drop0p4_temp1p0_a0p25_b0p05__wd1e-04trmiss0_degmodglobal,8,0.0001,0.0001,0.4,1.0,0.25,0.05,lr1e-04_bs8_drop0p4_temp1p0_a0p25_b0p05__wd1e-04trmiss0_degmodglobal,41,0.5652829493795123,0.7007136642932892,0.42500000000000004,0.6654963092463093,0.46153846153846156,0.0,0.5610193695340838,0.5329334267548153,0.09566406586340495,0.16867022216320038,0.0,0.0,0.0,0.0,0.0,18473,global,0.0
3,2,lr1e-04_bs8_drop0p4_temp1p0_a0p25_b0p05__wd1e-04trmiss0_degmodglobal,8,0.0001,0.0001,0.4,1.0,0.25,0.05,lr1e-04_bs8_drop0p4_temp1p0_a0p25_b0p05__wd1e-04trmiss0_degmodglobal,42,0.532136585031237,0.7023270428180695,0.45,0.6744248806748807,0.46153846153846156,0.0,0.49655067920684814,0.5006447306701115,0.09244743841035026,0.1675997248717717,0.0,0.0,0.0,0.0,0.0,18473,global,0.0
3,2,lr1e-04_bs8_drop0p4_temp1p0_a0p25_b0p05__wd1e-04trmiss0_degmodglobal,8,0.0001,0.0001,0.4,1.0,0.25,0.05,lr1e-04_bs8_drop0p4_temp1p0_a0p25_b0p05__wd1e-04trmiss0_degmodglobal,43,0.563873291015625,0.7126227021217346,0.45,0.6744248806748807,0.46153846153846156,0.0,0.4895544137273516,0.5225685664585659,0.1235660005893026,0.2082645890436002,0.0,0.0,0.0,0.0,0.0,18473,global,0.0
3,2,lr1e-04_bs8_drop0p4_temp1p0_a0p25_b0p05__wd1e-04trmiss0_degmodglobal,8,0.0001,0.0001,0.4,1.0,0.25,0.05,lr1e-04_bs8_drop0p4_temp1p0_a0p25_b0p05__wd1e-04trmiss0_degmodglobal,44,0.5450133979320526,0.7002207338809967,0.42500000000000004,0.6654963092463093,0.46153846153846156,0.0,0.5140724991049085,0.5198379967893872,0.07897319485034261,0.10864224444542613,0.0,0.0,0.0,0.0,0.0,18473,global,0.0
3,2,lr1e-04_bs8_drop0p4_temp1p0_a0p25_b0p05__wd1e-04trmiss0_degmodglobal,8,0.0001,0.0001,0.4,1.0,0.25,0.05,lr1e-04_bs8_drop0p4_temp1p0_a0p25_b0p05__wd1e-04trmiss0_degmodglobal,45,0.560299209186009,0.6971405446529388,0.45,0.6744248806748807,0.38461538461538464,0.0,0.4857272803783417,0.5304628397737231,0.08823318832686969,0.1555615040872778,0.0,0.0,0.0,0.0,0.0,18473,global,0.0
3,2,lr1e-04_bs8_drop0p4_temp1p0_a0p25_b0p05__wd1e-04trmiss0_degmodglobal,8,0.0001,0.0001,0.4,1.0,0.25,0.05,lr1e-04_bs8_drop0p4_temp1p0_a0p25_b0p05__wd1e-04trmiss0_degmodglobal,46,0.5316168453012194,0.7137603163719177,0.5,0.6914387695637696,0.38461538461538464,0.0,0.48477243951388765,0.5021192048277173,0.09538370636957032,0.11303419859281608,0.0,0.0,0.0,0.0,0.0,18473,global,0.0
3,2,lr1e-04_bs8_drop0p4_temp1p0_a0p25_b0p05__wd1e-04trmiss0_degmodglobal,8,0.0001,0.0001,0.4,1.0,0.25,0.05,lr1e-04_bs8_drop0p4_temp1p0_a0p25_b0p05__wd1e-04trmiss0_degmodglobal,47,0.5507492678506034,0.7437906861305237,0.425,0.5976887695637696,0.3076923076923077,0.0,0.49000196371759686,0.5132083765098027,0.11485303406204496,0.17655305138656072,0.0,0.0,0.0,0.0,0.0,18473,global,0.0
3,2,lr1e-04_bs8_drop0p4_temp1p0_a0p25_b0p05__wd1e-04trmiss0_degmodglobal,8,0.0001,0.0001,0.4,1.0,0.25,0.05,lr1e-04_bs8_drop0p4_temp1p0_a0p25_b0p05__wd1e-04trmiss0_degmodglobal,48,0.5619577254567828,0.7524709701538086,0.4,0.5910599816849818,0.3076923076923077,0.0,0.4754796198436192,0.5164131309304919,0.131850072315761,0.2516412373100008,0.0,0.0,0.0,0.0,0.0,18473,global,0.0
3,2,lr1e-04_bs8_drop0p4_temp1p0_a0p25_b0p05__wd1e-04trmiss0_degmodglobal,8,0.0001,0.0001,0.4,1.0,0.25,0.05,lr1e-04_bs8_drop0p4_temp1p0_a0p25_b0p05__wd1e-04trmiss0_degmodglobal,49,0.6098325039659228,0.7125092446804047,0.47500000000000003,0.668143315018315,0.38461538461538464,0.0,0.5055480812277112,0.5642229914665222,0.1320782367672239,0.2517987181033407,0.0,0.0,0.0,0.0,0.0,18473,global,0.0
3,2,lr1e-04_bs8_drop0p4_temp1p0_a0p25_b0p05__wd1e-04trmiss0_degmodglobal,8,0.0001,0.0001,0.4,1.0,0.25,0.05,lr1e-04_bs8_drop0p4_temp1p0_a0p25_b0p05__wd1e-04trmiss0_degmodglobal,50,0.5973350916590009,0.6936425566673279,0.425,0.6393554362304362,0.46153846153846156,0.0,0.49386138575417654,0.5524348488875798,0.12686903668301447,0.26365960176501957,0.0,0.0,0.0,0.0,0.0,18473,global,0.0
3,2,lr1e-04_bs8_drop0p4_temp1p0_a0p25_b0p05__wd1e-04trmiss0_degmodglobal,8,0.0001,0.0001,0.4,1.0,0.25,0.05,lr1e-04_bs8_drop0p4_temp1p0_a0p25_b0p05__wd1e-04trmiss0_degmodglobal,51,0.5881689190864563,0.6911196112632751,0.4,0.6310221028971029,0.38461538461538464,0.0,0.4731180710451944,0.5351110824516842,0.15363989557538713,0.29295727610588074,0.0,0.0,0.0,0.0,0.0,18473,global,0.0
3,2,lr1e-04_bs8_drop0p4_temp1p0_a0p25_b0p05__wd1e-04trmiss0_degmodglobal,8,0.0001,0.0001,0.4,1.0,0.25,0.05,lr1e-04_bs8_drop0p4_temp1p0_a0p25_b0p05__wd1e-04trmiss0_degmodglobal,52,0.586166935307639,0.702616959810257,0.425,0.6393554362304362,0.38461538461538464,0.0,0.4788644313812256,0.5383339651993343,0.15106927816356933,0.2013133093714714,0.0,0.0,0.0,0.0,0.0,18473,global,0.0
3,2,lr1e-04_bs8_drop0p4_temp2p0_a0p25_b0p05__wd1e-04trmiss0_degmodglobal,8,0.0001,0.0001,0.4,2.0,0.25,0.05,lr1e-04_bs8_drop0p4_temp2p0_a0p25_b0p05__wd1e-04trmiss0_degmodglobal,1,0.7302129779543195,0.6765561401844025,0.625,0.6843614718614719,0.7692307692307693,0.0,0.6629702193396432,0.7055150781358991,0.06861072938357081,0.1509043989436967,0.0,0.0,0.0,0.0,0.0,18473,global,0.0
3,2,lr1e-04_bs8_drop0p4_temp2p0_a0p25_b0p05__wd1e-04trmiss0_degmodglobal,8,0.0001,0.0001,0.4,2.0,0.25,0.05,lr1e-04_bs8_drop0p4_temp2p0_a0p25_b0p05__wd1e-04trmiss0_degmodglobal,2,0.6796325274876186,0.6787236034870148,0.525,0.6232007575757575,0.7692307692307693,0.0,0.6664004325866699,0.6468320829527718,0.09411400024380003,0.1854387085352625,0.0,0.0,0.0,0.0,0.0,18473,global,0.0
3,2,lr1e-04_bs8_drop0p4_temp2p0_a0p25_b0p05__wd1e-04trmiss0_degmodglobal,8,0.0001,0.0001,0.4,2.0,0.25,0.05,lr1e-04_bs8_drop0p4_temp2p0_a0p25_b0p05__wd1e-04trmiss0_degmodglobal,3,0.6498593262263707,0.668339878320694,0.55,0.6239448051948051,0.7692307692307693,0.0,0.6323736991201129,0.6302113703319004,0.054783806470888,0.11904008580105645,0.0,0.0,0.0,0.0,0.0,18473,global,0.0
3,2,lr1e-04_bs8_drop0p4_temp2p0_a0p25_b0p05__wd1e-04trmiss0_degmodglobal,8,0.0001,0.0001,0.4,2.0,0.25,0.05,lr1e-04_bs8_drop0p4_temp2p0_a0p25_b0p05__wd1e-04trmiss0_degmodglobal,4,0.6680211680276054,0.6663379669189453,0.575,0.6336670274170273,0.7692307692307693,0.0,0.6220664211681911,0.6418111664908273,0.07208352429526192,0.16378255507775716,0.0,0.0,0.0,0.0,0.0,18473,global,0.0
3,2,lr1e-04_bs8_drop0p4_temp2p0_a0p25_b0p05__wd1e-04trmiss0_degmodglobal,8,0.0001,0.0001,0.4,2.0,0.25,0.05,lr1e-04_bs8_drop0p4_temp2p0_a0p25_b0p05__wd1e-04trmiss0_degmodglobal,5,0.630742609500885,0.6579344272613525,0.725,0.8149170274170274,0.7692307692307693,0.0,0.5723332847867694,0.6112041558538165,0.05594056152871677,0.1110663680093629,0.0,0.0,0.0,0.0,0.0,18473,global,0.0
3,2,lr1e-04_bs8_drop0p4_temp2p0_a0p25_b0p05__wd1e-04trmiss0_degmodglobal,8,0.0001,0.0001,0.4,2.0,0.25,0.05,lr1e-04_bs8_drop0p4_temp2p0_a0p25_b0p05__wd1e-04trmiss0_degmodglobal,6,0.6558540804045541,0.6631005704402924,0.6749999999999999,0.7565836940836941,0.6923076923076923,0.0,0.580070069858006,0.6291634951319013,0.06934175933046001,0.18710281487022126,0.0,0.0,0.0,0.0,0.0,18473,global,0.0
3,2,lr1e-04_bs8_drop0p4_temp2p0_a0p25_b0p05__wd1e-04trmiss0_degmodglobal,8,0.0001,0.0001,0.4,2.0,0.25,0.05,lr1e-04_bs8_drop0p4_temp2p0_a0p25_b0p05__wd1e-04trmiss0_degmodglobal,7,0.634459274155753,0.6658817827701569,0.6,0.6545003607503607,0.6923076923076923,0.0,0.6023641228675842,0.6092493619237628,0.06078750507107803,0.20026060406650817,0.0,0.0,0.0,0.0,0.0,18473,global,0.0
3,2,lr1e-04_bs8_drop0p4_temp2p0_a0p25_b0p05__wd1e-04trmiss0_degmodglobal,8,0.0001,0.0001,0.4,2.0,0.25,0.05,lr1e-04_bs8_drop0p4_temp2p0_a0p25_b0p05__wd1e-04trmiss0_degmodglobal,8,0.6054959382329669,0.6741620302200317,0.6,0.6656114718614718,0.7692307692307693,0.0,0.5490174208368573,0.5820411188261849,0.058439855596848896,0.17689706704446248,0.0,0.0,0.0,0.0,0.0,18473,global,0.0
3,2,lr1e-04_bs8_drop0p4_temp2p0_a0p25_b0p05__wd1e-04trmiss0_degmodglobal,8,0.0001,0.0001,0.4,2.0,0.25,0.05,lr1e-04_bs8_drop0p4_temp2p0_a0p25_b0p05__wd1e-04trmiss0_degmodglobal,9,0.6002269898142133,0.6810891628265381,0.55,0.6440340909090909,0.7692307692307693,0.0,0.5376826524734497,0.574409476348332,0.06494973067726408,0.1916014328598976,0.0,0.0,0.0,0.0,0.0,18473,global,0.0
3,2,lr1e-04_bs8_drop0p4_temp2p0_a0p25_b0p05__wd1e-04trmiss0_degmodglobal,8,0.0001,0.0001,0.4,2.0,0.25,0.05,lr1e-04_bs8_drop0p4_temp2p0_a0p25_b0p05__wd1e-04trmiss0_degmodglobal,10,0.6247738174029759,0.6805027723312378,0.575,0.6551948051948052,0.6923076923076923,0.0,0.5380885899066925,0.596163443156651,0.07430378400853702,0.2006890167083059,0.0,0.0,0.0,0.0,0.0,18473,global,0.0
3,2,lr1e-04_bs8_drop0p4_temp2p0_a0p25_b0p05__wd1e-04trmiss0_degmodglobal,8,0.0001,0.0001,0.4,2.0,0.25,0.05,lr1e-04_bs8_drop0p4_temp2p0_a0p25_b0p05__wd1e-04trmiss0_degmodglobal,11,0.5978329862867083,0.6825342774391174,0.525,0.6321293290043289,0.6923076923076923,0.0,0.5573812127113342,0.5744842290878296,0.06144074935998235,0.15977147221565247,0.0,0.0,0.0,0.0,0.0,18473,global,0.0
3,2,lr1e-04_bs8_drop0p4_temp2p0_a0p25_b0p05__wd1e-04trmiss0_degmodglobal,8,0.0001,0.0001,0.4,2.0,0.25,0.05,lr1e-04_bs8_drop0p4_temp2p0_a0p25_b0p05__wd1e-04trmiss0_degmodglobal,12,0.5946029850414821,0.6720780730247498,0.625,0.7419507575757576,0.6153846153846154,0.0,0.519665105002267,0.5635706867490496,0.08211454376578331,0.2100735152406352,0.0,0.0,0.0,0.0,0.0,18473,global,0.0
3,2,lr1e-04_bs8_drop0p4_temp2p0_a0p25_b0p05__wd1e-04trmiss0_degmodglobal,8,0.0001,0.0001,0.4,2.0,0.25,0.05,lr1e-04_bs8_drop0p4_temp2p0_a0p25_b0p05__wd1e-04trmiss0_degmodglobal,13,0.5886835711342948,0.6685942709445953,0.65,0.7531114718614719,0.6153846153846154,0.0,0.5285025920186724,0.5595800408295223,0.08077102793114525,0.1782154185431344,0.0,0.0,0.0,0.0,0.0,18473,global,0.0
3,2,lr1e-04_bs8_drop0p4_temp2p0_a0p25_b0p05__wd1e-04trmiss0_degmodglobal,8,0.0001,0.0001,0.4,2.0,0.25,0.05,lr1e-04_bs8_drop0p4_temp2p0_a0p25_b0p05__wd1e-04trmiss0_degmodglobal,14,0.563977769442967,0.6663614809513092,0.675,0.7635281385281386,0.6923076923076923,0.0,0.5228290089539119,0.5404682925769261,0.06718598838363375,0.13425964542797633,0.0,0.0,0.0,0.0,0.0,18473,global,0.0
3,2,lr1e-04_bs8_drop0p4_temp2p0_a0p25_b0p05__wd1e-04trmiss0_degmodglobal,8,0.0001,0.0001,0.4,2.0,0.25,0.05,lr1e-04_bs8_drop0p4_temp2p0_a0p25_b0p05__wd1e-04trmiss0_degmodglobal,15,0.5996658844607217,0.6667950749397278,0.675,0.7635281385281386,0.6153846153846154,0.0,0.5271775467055184,0.5751023547989982,0.06610588197197233,0.160741283425263,0.0,0.0,0.0,0.0,0.0,18473,global,0.0
3,2,lr1e-04_bs8_drop0p4_temp2p0_a0p25_b0p05__wd1e-04trmiss0_degmodglobal,8,0.0001,0.0001,0.4,2.0,0.25,0.05,lr1e-04_bs8_drop0p4_temp2p0_a0p25_b0p05__wd1e-04trmiss0_degmodglobal,16,0.6095066496304103,0.6624109447002411,0.675,0.7885281385281385,0.6923076923076923,0.0,0.525914477450507,0.5733804362160819,0.09423689065235001,0.2513397740466254,0.0,0.0,0.0,0.0,0.0,18473,global,0.0
3,2,lr1e-04_bs8_drop0p4_temp2p0_a0p25_b0p05__wd1e-04trmiss0_degmodglobal,8,0.0001,0.0001,0.4,2.0,0.25,0.05,lr1e-04_bs8_drop0p4_temp2p0_a0p25_b0p05__wd1e-04trmiss0_degmodglobal,17,0.5864395414079938,0.6652297377586365,0.625,0.7364448051948053,0.6923076923076923,0.0,0.4995891196387155,0.5556665829249791,0.08594253872122083,0.18574628872530802,0.0,0.0,0.0,0.0,0.0,18473,global,0.0
3,2,lr1e-04_bs8_drop0p4_temp2p0_a0p25_b0p05__wd1e-04trmiss0_degmodglobal,8,0.0001,0.0001,0.4,2.0,0.25,0.05,lr1e-04_bs8_drop0p4_temp2p0_a0p25_b0p05__wd1e-04trmiss0_degmodglobal,18,0.5962069119725909,0.6625168919563293,0.625,0.7364448051948053,0.6923076923076923,0.0,0.498777836561203,0.5553553700447083,0.10996872293097633,0.2671870557325227,0.0,0.0,0.0,0.0,0.0,18473,global,0.0
3,2,lr1e-04_bs8_drop0p4_temp2p0_a0p25_b0p05__wd1e-04trmiss0_degmodglobal,8,0.0001,0.0001,0.4,2.0,0.25,0.05,lr1e-04_bs8_drop0p4_temp2p0_a0p25_b0p05__wd1e-04trmiss0_degmodglobal,19,0.5660512277058193,0.660481184720993,0.675,0.7885281385281385,0.6923076923076923,0.0,0.5209639157567706,0.5389983441148486,0.0684047665979181,0.1990339644253254,0.0,0.0,0.0,0.0,0.0,18473,global,0.0
3,2,lr1e-04_bs8_drop0p4_temp2p0_a0p25_b0p05__wd1e-04trmiss0_degmodglobal,8,0.0001,0.0001,0.4,2.0,0.25,0.05,lr1e-04_bs8_drop0p4_temp2p0_a0p25_b0p05__wd1e-04trmiss0_degmodglobal,20,0.5888825144086566,0.6642703413963318,0.65,0.7697781385281385,0.6153846153846154,0.0,0.5059808790683746,0.5578104513032096,0.07451108523777553,0.24888583379132406,0.0,0.0,0.0,0.0,0.0,18473,global,0.0
3,2,lr1e-04_bs8_drop0p4_temp2p0_a0p25_b0p05__wd1e-04trmiss0_degmodglobal,8,0.0001,0.0001,0.4,2.0,0.25,0.05,lr1e-04_bs8_drop0p4_temp2p0_a0p25_b0p05__wd1e-04trmiss0_degmodglobal,21,0.5673106951372964,0.6684488356113434,0.625,0.7281114718614718,0.6153846153846154,0.0,0.47294490677969797,0.5268535358565194,0.10098611776317869,0.30421300338847296,0.0,0.0,0.0,0.0,0.0,18473,global,0.0
3,2,lr1e-04_bs8_drop0p4_temp2p0_a0p25_b0p05__wd1e-04trmiss0_degmodglobal,8,0.0001,0.0001,0.4,2.0,0.25,0.05,lr1e-04_bs8_drop0p4_temp2p0_a0p25_b0p05__wd1e-04trmiss0_degmodglobal,22,0.5652874282428196,0.6731541454792023,0.6,0.7072781385281385,0.6923076923076923,0.0,0.5076261290482112,0.5339706454958234,0.08736027830413409,0.18953415006399155,0.0,0.0,0.0,0.0,0.0,18473,global,0.0
3,2,lr1e-04_bs8_drop0p4_temp2p0_a0p25_b0p05__wd1e-04trmiss0_degmodglobal,8,0.0001,0.0001,0.4,2.0,0.25,0.05,lr1e-04_bs8_drop0p4_temp2p0_a0p25_b0p05__wd1e-04trmiss0_degmodglobal,23,0.5326571975435529,0.6719309389591217,0.6,0.7072781385281385,0.6923076923076923,0.0,0.49891710707119535,0.5108566922800881,0.06027148770434516,0.13465266009526594,0.0,0.0,0.0,0.0,0.0,18473,global,0.0
3,2,lr1e-04_bs8_drop0p4_temp2p0_a0p25_b0p05__wd1e-04trmiss0_degmodglobal,8,0.0001,0.0001,0.4,2.0,0.25,0.05,lr1e-04_bs8_drop0p4_temp2p0_a0p25_b0p05__wd1e-04trmiss0_degmodglobal,24,0.5782154330185482,0.6721969544887543,0.6,0.7072781385281385,0.6923076923076923,0.0,0.4641548011984144,0.5411741733551025,0.0993540920317173,0.24405430576631001,0.0,0.0,0.0,0.0,0.0,18473,global,0.0
3,2,lr1e-04_bs8_drop0p4_temp2p0_a0p25_b0p05__wd1e-04trmiss0_degmodglobal,8,0.0001,0.0001,0.4,2.0,0.25,0.05,lr1e-04_bs8_drop0p4_temp2p0_a0p25_b0p05__wd1e-04trmiss0_degmodglobal,25,0.5595873892307281,0.6701958179473877,0.6,0.7072781385281385,0.6153846153846154,0.0,0.47172934242657255,0.5206945751394544,0.09793911767857415,0.2881606104118483,0.0,0.0,0.0,0.0,0.0,18473,global,0.0
3,2,lr5e-05_bs8_drop0p2_temp1p0_a0p25_b0p05__wd1e-04trmiss0_degmodglobal,8,5e-05,0.0001,0.2,1.0,0.25,0.05,lr5e-05_bs8_drop0p2_temp1p0_a0p25_b0p05__wd1e-04trmiss0_degmodglobal,1,0.7007164273943219,0.6334155797958374,0.6000000000000001,0.7441287878787879,0.6153846153846154,0.0,0.7077242476599557,0.6867253354617527,0.03594388573297432,0.10010234426174845,0.0,0.0,0.0,0.0,0.0,18473,global,0.0
3,2,lr5e-05_bs8_drop0p2_temp1p0_a0p25_b0p05__wd1e-04trmiss0_degmodglobal,8,5e-05,0.0001,0.2,1.0,0.25,0.05,lr5e-05_bs8_drop0p2_temp1p0_a0p25_b0p05__wd1e-04trmiss0_degmodglobal,2,0.6722551669393267,0.6474319100379944,0.55,0.7058035714285714,0.6153846153846154,0.0,0.6777978539466858,0.6504609414509365,0.05653778303946767,0.15319574145334108,0.0,0.0,0.0,0.0,0.0,18473,global,0.0
3,2,lr5e-05_bs8_drop0p2_temp1p0_a0p25_b0p05__wd1e-04trmiss0_degmodglobal,8,5e-05,0.0001,0.2,1.0,0.25,0.05,lr5e-05_bs8_drop0p2_temp1p0_a0p25_b0p05__wd1e-04trmiss0_degmodglobal,3,0.6444019164357867,0.6547397971153259,0.525,0.699393315018315,0.5384615384615384,0.0,0.6695541739463806,0.6263097524642944,0.046388112540755956,0.12990253737994603,0.0,0.0,0.0,0.0,0.0,18473,global,0.0
3,2,lr5e-05_bs8_drop0p2_temp1p0_a0p25_b0p05__wd1e-04trmiss0_degmodglobal,8,5e-05,0.0001,0.2,1.0,0.25,0.05,lr5e-05_bs8_drop0p2_temp1p0_a0p25_b0p05__wd1e-04trmiss0_degmodglobal,4,0.6467176335198539,0.6479741334915161,0.575,0.713379329004329,0.7692307692307693,0.0,0.6600340008735657,0.6305310555866787,0.04417330691856997,0.10286553044404302,0.0,0.0,0.0,0.0,0.0,18473,global,0.0
3,2,lr5e-05_bs8_drop0p2_temp1p0_a0p25_b0p05__wd1e-04trmiss0_degmodglobal,8,5e-05,0.0001,0.2,1.0,0.25,0.05,lr5e-05_bs8_drop0p2_temp1p0_a0p25_b0p05__wd1e-04trmiss0_degmodglobal,5,0.6090380123683384,0.638199120759964,0.575,0.7065340909090909,0.6923076923076923,0.0,0.6491604958261762,0.5928698607853481,0.043093402470861165,0.10789592564105988,0.0,0.0,0.0,0.0,0.0,18473,global,0.0
3,2,lr5e-05_bs8_drop0p2_temp1p0_a0p25_b0p05__wd1e-04trmiss0_degmodglobal,8,5e-05,0.0001,0.2,1.0,0.25,0.05,lr5e-05_bs8_drop0p2_temp1p0_a0p25_b0p05__wd1e-04trmiss0_degmodglobal,6,0.6216620377131871,0.6396314203739166,0.6000000000000001,0.7176948051948052,0.7692307692307693,0.0,0.6500750694956098,0.6046184982572284,0.04687834424631936,0.10647921956011228,0.0,0.0,0.0,0.0,0.0,18473,global,0.0
3,2,lr5e-05_bs8_drop0p2_temp1p0_a0p25_b0p05__wd1e-04trmiss0_degmodglobal,8,5e-05,0.0001,0.2,1.0,0.25,0.05,lr5e-05_bs8_drop0p2_temp1p0_a0p25_b0p05__wd1e-04trmiss0_degmodglobal,7,0.607984048979623,0.6366409361362457,0.575,0.713379329004329,0.6923076923076923,0.0,0.6317516905920846,0.5905712246894836,0.045730706836496084,0.11960276322705406,0.0,0.0,0.0,0.0,0.0,18473,global,0.0
3,2,lr5e-05_bs8_drop0p2_temp1p0_a0p25_b0p05__wd1e-04trmiss0_degmodglobal,8,5e-05,0.0001,0.2,1.0,0.25,0.05,lr5e-05_bs8_drop0p2_temp1p0_a0p25_b0p05__wd1e-04trmiss0_degmodglobal,8,0.5935545904295785,0.6361819505691528,0.575,0.713379329004329,0.6923076923076923,0.0,0.6278209430830819,0.5772284184183393,0.043888642851795466,0.10708024299570493,0.0,0.0,0.0,0.0,0.0,18473,global,0.0
3,2,lr5e-05_bs8_drop0p2_temp1p0_a0p25_b0p05__wd1e-04trmiss0_degmodglobal,8,5e-05,0.0001,0.2,1.0,0.25,0.05,lr5e-05_bs8_drop0p2_temp1p0_a0p25_b0p05__wd1e-04trmiss0_degmodglobal,9,0.5807602660996574,0.6368294656276703,0.575,0.713379329004329,0.6923076923076923,0.0,0.6184489045824323,0.5631453565188816,0.046034912445715497,0.12212356765355382,0.0,0.0,0.0,0.0,0.0,18473,global,0.0
3,2,lr5e-05_bs8_drop0p2_temp1p0_a0p25_b0p05__wd1e-04trmiss0_degmodglobal,8,5e-05,0.0001,0.2,1.0,0.25,0.05,lr5e-05_bs8_drop0p2_temp1p0_a0p25_b0p05__wd1e-04trmiss0_degmodglobal,10,0.5941056609153748,0.6447745561599731,0.55,0.6857007575757575,0.7692307692307693,0.0,0.6068846157618931,0.5786123531205314,0.04062361802373614,0.10674821372543063,0.0,0.0,0.0,0.0,0.0,18473,global,0.0
3,2,lr5e-05_bs8_drop0p2_temp1p0_a0p25_b0p05__wd1e-04trmiss0_degmodglobal,8,5e-05,0.0001,0.2,1.0,0.25,0.05,lr5e-05_bs8_drop0p2_temp1p0_a0p25_b0p05__wd1e-04trmiss0_degmodglobal,11,0.5689620333058494,0.6454955041408539,0.55,0.6857007575757575,0.7692307692307693,0.0,0.5601695946284703,0.5533531606197357,0.04229192781661238,0.10071752300219876,0.0,0.0,0.0,0.0,0.0,18473,global,0.0
3,2,lr5e-05_bs8_drop0p2_temp1p0_a0p25_b0p05__wd1e-04trmiss0_degmodglobal,8,5e-05,0.0001,0.2,1.0,0.25,0.05,lr5e-05_bs8_drop0p2_temp1p0_a0p25_b0p05__wd1e-04trmiss0_degmodglobal,12,0.5673135093280247,0.6452155411243439,0.575,0.7065340909090909,0.6153846153846154,0.0,0.590041092463902,0.5398520955017635,0.07240173433508192,0.18721965540732657,0.0,0.0,0.0,0.0,0.0,18473,global,0.0
3,2,lr5e-05_bs8_drop0p2_temp1p0_a0p25_b0p05__wd1e-04trmiss0_degmodglobal,8,5e-05,0.0001,0.2,1.0,0.25,0.05,lr5e-05_bs8_drop0p2_temp1p0_a0p25_b0p05__wd1e-04trmiss0_degmodglobal,13,0.5968815173421588,0.6399920880794525,0.55,0.6946293290043289,0.6923076923076923,0.0,0.5877905828612191,0.5795530506542751,0.046757908537983894,0.1127798216683524,0.0,0.0,0.0,0.0,0.0,18473,global,0.0
3,2,lr5e-05_bs8_drop0p2_temp1p0_a0p25_b0p05__wd1e-04trmiss0_degmodglobal,8,5e-05,0.0001,0.2,1.0,0.25,0.05,lr5e-05_bs8_drop0p2_temp1p0_a0p25_b0p05__wd1e-04trmiss0_degmodglobal,14,0.5605204275676182,0.6329222023487091,0.625,0.7364448051948053,0.6923076923076923,0.0,0.5609358761991773,0.5431251355579921,0.044644697702356746,0.12468244880437851,0.0,0.0,0.0,0.0,0.0,18473,global,0.0
3,2,lr5e-05_bs8_drop0p2_temp1p0_a0p25_b0p05__wd1e-04trmiss0_degmodglobal,8,5e-05,0.0001,0.2,1.0,0.25,0.05,lr5e-05_bs8_drop0p2_temp1p0_a0p25_b0p05__wd1e-04trmiss0_degmodglobal,15,0.5426804593631199,0.6318294107913971,0.6,0.7252840909090909,0.7692307692307693,0.0,0.5588223721299853,0.5220492099012647,0.055589700383799415,0.13467647773878916,0.0,0.0,0.0,0.0,0.0,18473,global,0.0
3,2,lr5e-05_bs8_drop0p2_temp1p0_a0p25_b0p05__wd1e-04trmiss0_degmodglobal,8,5e-05,0.0001,0.2,1.0,0.25,0.05,lr5e-05_bs8_drop0p2_temp1p0_a0p25_b0p05__wd1e-04trmiss0_degmodglobal,16,0.5773189408438546,0.6340672075748444,0.6,0.7252840909090909,0.6923076923076923,0.0,0.5633069106510707,0.5565182822091239,0.05626202853662627,0.13470308695520675,0.0,0.0,0.0,0.0,0.0,18473,global,0.0
3,2,lr5e-05_bs8_drop0p2_temp1p0_a0p25_b0p05__wd1e-04trmiss0_degmodglobal,8,5e-05,0.0001,0.2,1.0,0.25,0.05,lr5e-05_bs8_drop0p2_temp1p0_a0p25_b0p05__wd1e-04trmiss0_degmodglobal,17,0.5566154207502093,0.638018399477005,0.55,0.6857007575757575,0.6923076923076923,0.0,0.549263962677547,0.532967712197985,0.06870594993233681,0.12942445650696754,0.0,0.0,0.0,0.0,0.0,18473,global,0.0
3,2,lr5e-05_bs8_drop0p2_temp1p0_a0p25_b0p05__wd1e-04trmiss0_degmodglobal,8,5e-05,0.0001,0.2,1.0,0.25,0.05,lr5e-05_bs8_drop0p2_temp1p0_a0p25_b0p05__wd1e-04trmiss0_degmodglobal,18,0.5701582942690168,0.6361812055110931,0.575,0.7065340909090909,0.6923076923076923,0.0,0.5408905744552612,0.5445451225553241,0.06567519956401416,0.18388733161347254,0.0,0.0,0.0,0.0,0.0,18473,global,0.0
3,2,lr5e-05_bs8_drop0p2_temp1p0_a0p25_b0p05__wd1e-04trmiss0_degmodglobal,8,5e-05,0.0001,0.2,1.0,0.25,0.05,lr5e-05_bs8_drop0p2_temp1p0_a0p25_b0p05__wd1e-04trmiss0_degmodglobal,19,0.5438189847128732,0.644523411989212,0.55,0.7112980769230769,0.6923076923076923,0.0,0.5381656927721841,0.5207934422152383,0.05909691218818937,0.16502640502793448,0.0,0.0,0.0,0.0,0.0,18473,global,0.0
3,2,lr5e-05_bs8_drop0p2_temp1p0_a0p25_b0p05__wd1e-04trmiss0_degmodglobal,8,5e-05,0.0001,0.2,1.0,0.25,0.05,lr5e-05_bs8_drop0p2_temp1p0_a0p25_b0p05__wd1e-04trmiss0_degmodglobal,20,0.5570400272096906,0.64207524061203,0.575,0.7177083333333333,0.6923076923076923,0.0,0.5570809500558036,0.5362365288393838,0.05337019224784204,0.1492191574403218,0.0,0.0,0.0,0.0,0.0,18473,global,0.0
3,2,lr5e-05_bs8_drop0p2_temp1p0_a0p25_b0p05__wd1e-04trmiss0_degmodglobal,8,5e-05,0.0001,0.2,1.0,0.25,0.05,lr5e-05_bs8_drop0p2_temp1p0_a0p25_b0p05__wd1e-04trmiss0_degmodglobal,21,0.5559982061386108,0.6407212615013123,0.55,0.6857007575757575,0.7692307692307693,0.0,0.5679370079721723,0.5307666999953133,0.06479348242282867,0.1806627863219806,0.0,0.0,0.0,0.0,0.0,18473,global,0.0
3,2,lr5e-05_bs8_drop0p2_temp1p0_a0p25_b0p05__wd1e-04trmiss0_degmodglobal,8,5e-05,0.0001,0.2,1.0,0.25,0.05,lr5e-05_bs8_drop0p2_temp1p0_a0p25_b0p05__wd1e-04trmiss0_degmodglobal,22,0.5477650761604309,0.6346317231655121,0.55,0.6857007575757575,0.6923076923076923,0.0,0.5412456435816628,0.526172684771674,0.0629008843430451,0.11734356571521078,0.0,0.0,0.0,0.0,0.0,18473,global,0.0
3,2,lr5e-05_bs8_drop0p2_temp1p0_a0p25_b0p05__wd1e-04trmiss0_degmodglobal,8,5e-05,0.0001,0.2,1.0,0.25,0.05,lr5e-05_bs8_drop0p2_temp1p0_a0p25_b0p05__wd1e-04trmiss0_degmodglobal,23,0.564859960760389,0.633929431438446,0.575,0.6968614718614718,0.6923076923076923,0.0,0.5330242344311306,0.5433957236153739,0.05361494847706386,0.1612100244632789,0.0,0.0,0.0,0.0,0.0,18473,global,0.0
3,2,lr5e-05_bs8_drop0p2_temp1p0_a0p25_b0p05__wd1e-04trmiss0_degmodglobal,8,5e-05,0.0001,0.2,1.0,0.25,0.05,lr5e-05_bs8_drop0p2_temp1p0_a0p25_b0p05__wd1e-04trmiss0_degmodglobal,24,0.5318734688418252,0.6306454837322235,0.6000000000000001,0.7176948051948052,0.6923076923076923,0.0,0.505166837147304,0.5053113443510873,0.06873870640993118,0.18754930581365312,0.0,0.0,0.0,0.0,0.0,18473,global,0.0
3,2,lr5e-05_bs8_drop0p2_temp1p0_a0p25_b0p05__wd1e-04trmiss0_degmodglobal,8,5e-05,0.0001,0.2,1.0,0.25,0.05,lr5e-05_bs8_drop0p2_temp1p0_a0p25_b0p05__wd1e-04trmiss0_degmodglobal,25,0.5722885983330863,0.6274800002574921,0.625,0.7364448051948053,0.7692307692307693,0.0,0.4947943942887442,0.542319791657584,0.07861685433558055,0.20629197039774486,0.0,0.0,0.0,0.0,0.0,18473,global,0.0
3,2,lr5e-05_bs8_drop0p2_temp1p0_a0p25_b0p05__wd1e-04trmiss0_degmodglobal,8,5e-05,0.0001,0.2,1.0,0.25,0.05,lr5e-05_bs8_drop0p2_temp1p0_a0p25_b0p05__wd1e-04trmiss0_degmodglobal,26,0.5484406224318913,0.6296837627887726,0.625,0.7364448051948053,0.7692307692307693,0.0,0.5037381308419364,0.527138033083507,0.057438669460160394,0.1388583555817604,0.0,0.0,0.0,0.0,0.0,18473,global,0.0
3,2,lr5e-05_bs8_drop0p2_temp1p0_a0p25_b0p05__wd1e-04trmiss0_degmodglobal,8,5e-05,0.0001,0.2,1.0,0.25,0.05,lr5e-05_bs8_drop0p2_temp1p0_a0p25_b0p05__wd1e-04trmiss0_degmodglobal,27,0.5553330310753414,0.637315958738327,0.575,0.7065340909090909,0.6923076923076923,0.0,0.5054931172302791,0.5256367538656507,0.08134446612426213,0.18720336125365325,0.0,0.0,0.0,0.0,0.0,18473,global,0.0
3,2,lr5e-05_bs8_drop0p2_temp1p0_a0p25_b0p05__wd1e-04trmiss0_degmodglobal,8,5e-05,0.0001,0.2,1.0,0.25,0.05,lr5e-05_bs8_drop0p2_temp1p0_a0p25_b0p05__wd1e-04trmiss0_degmodglobal,28,0.5444889707224709,0.6405797302722931,0.575,0.7065340909090909,0.6923076923076923,0.0,0.508782433612006,0.5186671359198434,0.06719469385487693,0.18046308947460993,0.0,0.0,0.0,0.0,0.0,18473,global,0.0
3,2,lr5e-05_bs8_drop0p2_temp1p0_a0p25_b0p05__wd1e-04trmiss0_degmodglobal,8,5e-05,0.0001,0.2,1.0,0.25,0.05,lr5e-05_bs8_drop0p2_temp1p0_a0p25_b0p05__wd1e-04trmiss0_degmodglobal,29,0.5354020084653582,0.6389978528022766,0.55,0.6857007575757575,0.7692307692307693,0.0,0.5115921667643956,0.5105175205639431,0.06826426408120564,0.1563684120774269,0.0,0.0,0.0,0.0,0.0,18473,global,0.0
3,2,lr5e-05_bs8_drop0p2_temp1p0_a0p25_b0p05__wd1e-04trmiss0_degmodglobal,8,5e-05,0.0001,0.2,1.0,0.25,0.05,lr5e-05_bs8_drop0p2_temp1p0_a0p25_b0p05__wd1e-04trmiss0_degmodglobal,30,0.5580753684043884,0.6383485794067383,0.575,0.6968614718614718,0.7692307692307693,0.0,0.5465352407523564,0.535317701952798,0.0604860463312694,0.15272314527205058,0.0,0.0,0.0,0.0,0.0,18473,global,0.0
3,2,lr5e-05_bs8_drop0p2_temp1p0_a0p25_b0p05__wd1e-04trmiss0_degmodglobal,8,5e-05,0.0001,0.2,1.0,0.25,0.05,lr5e-05_bs8_drop0p2_temp1p0_a0p25_b0p05__wd1e-04trmiss0_degmodglobal,31,0.5287556946277618,0.6404549181461334,0.55,0.6857007575757575,0.7692307692307693,0.0,0.4840033096926553,0.49962142961365835,0.08492097045694079,0.15808061084577016,0.0,0.0,0.0,0.0,0.0,18473,global,0.0
3,2,lr5e-05_bs8_drop0p2_temp1p0_a0p25_b0p05__wd1e-04trmiss0_degmodglobal,8,5e-05,0.0001,0.2,1.0,0.25,0.05,lr5e-05_bs8_drop0p2_temp1p0_a0p25_b0p05__wd1e-04trmiss0_degmodglobal,32,0.5294449414525714,0.6376280188560486,0.575,0.6968614718614718,0.7692307692307693,0.0,0.4811767765453884,0.4994877278804779,0.08198097348213196,0.18923916268561566,0.0,0.0,0.0,0.0,0.0,18473,global,0.0
3,2,lr5e-05_bs8_drop0p2_temp1p0_a0p25_b0p05__wd1e-04trmiss0_degmodglobal,8,5e-05,0.0001,0.2,1.0,0.25,0.05,lr5e-05_bs8_drop0p2_temp1p0_a0p25_b0p05__wd1e-04trmiss0_degmodglobal,33,0.531193128653935,0.634229987859726,0.575,0.6968614718614718,0.7692307692307693,0.0,0.5074094235897064,0.507271089724132,0.06912762618490628,0.13280250611049788,0.0,0.0,0.0,0.0,0.0,18473,global,0.0
3,2,lr5e-05_bs8_drop0p2_temp1p0_a0p25_b0p05__wd1e-04trmiss0_degmodglobal,8,5e-05,0.0001,0.2,1.0,0.25,0.05,lr5e-05_bs8_drop0p2_temp1p0_a0p25_b0p05__wd1e-04trmiss0_degmodglobal,34,0.5548857067312513,0.6321269273757935,0.575,0.6968614718614718,0.6923076923076923,0.0,0.5243416684014457,0.5268140733242035,0.08447725006512233,0.1390464784843581,0.0,0.0,0.0,0.0,0.0,18473,global,0.0
3,2,lr5e-05_bs8_drop0p2_temp1p0_a0p25_b0p05__wd1e-04trmiss0_degmodglobal,8,5e-05,0.0001,0.2,1.0,0.25,0.05,lr5e-05_bs8_drop0p2_temp1p0_a0p25_b0p05__wd1e-04trmiss0_degmodglobal,35,0.5409371086529323,0.635234147310257,0.575,0.6968614718614718,0.6923076923076923,0.0,0.5003370600087302,0.5159906872681209,0.07557282171079091,0.12106432765722275,0.0,0.0,0.0,0.0,0.0,18473,global,0.0
3,2,lr5e-05_bs8_drop0p2_temp1p0_a0p25_b0p05__wd1e-04trmiss0_degmodglobal,8,5e-05,0.0001,0.2,1.0,0.25,0.05,lr5e-05_bs8_drop0p2_temp1p0_a0p25_b0p05__wd1e-04trmiss0_degmodglobal,36,0.5513398349285126,0.6337690651416779,0.575,0.6968614718614718,0.6923076923076923,0.0,0.5115095462117877,0.5181175896099636,0.09297061445457595,0.19959183037281036,0.0,0.0,0.0,0.0,0.0,18473,global,0.0
3,2,lr5e-05_bs8_drop0p2_temp1p0_a0p25_b0p05__wd1e-04trmiss0_degmodglobal,8,5e-05,0.0001,0.2,1.0,0.25,0.05,lr5e-05_bs8_drop0p2_temp1p0_a0p25_b0p05__wd1e-04trmiss0_degmodglobal,37,0.5419291768755231,0.6302820444107056,0.6000000000000001,0.7176948051948052,0.6153846153846154,0.0,0.4859464764595032,0.5105136803218296,0.08856638254863876,0.1854781327503068,0.0,0.0,0.0,0.0,0.0,18473,global,0.0
3,2,lr5e-05_bs8_drop0p2_temp1p0_a0p25_b0p05__wd1e-04trmiss0_degmodglobal,8,5e-05,0.0001,0.2,1.0,0.25,0.05,lr5e-05_bs8_drop0p2_temp1p0_a0p25_b0p05__wd1e-04trmiss0_degmodglobal,38,0.5237570703029633,0.6346877217292786,0.575,0.6968614718614718,0.6153846153846154,0.0,0.4774752003805978,0.49431476848466055,0.08037246125085014,0.1869836449623108,0.0,0.0,0.0,0.0,0.0,18473,global,0.0
3,2,lr5e-05_bs8_drop0p2_temp1p0_a0p25_b0p05__wd1e-04trmiss0_degmodglobal,8,5e-05,0.0001,0.2,1.0,0.25,0.05,lr5e-05_bs8_drop0p2_temp1p0_a0p25_b0p05__wd1e-04trmiss0_degmodglobal,39,0.5466741493770054,0.6348619163036346,0.625,0.7364448051948053,0.6923076923076923,0.0,0.47041624784469604,0.5123229878289359,0.09328827155487877,0.22058169969490596,0.0,0.0,0.0,0.0,0.0,18473,global,0.0
3,2,lr5e-05_bs8_drop0p2_temp1p0_a0p25_b0p05__wd1e-04trmiss0_degmodglobal,8,5e-05,0.0001,0.2,1.0,0.25,0.05,lr5e-05_bs8_drop0p2_temp1p0_a0p25_b0p05__wd1e-04trmiss0_degmodglobal,40,0.5277504622936249,0.6348760426044464,0.625,0.7364448051948053,0.6923076923076923,0.0,0.45746866294315885,0.4914362984044211,0.09392195301396507,0.25667341159922735,0.0,0.0,0.0,0.0,0.0,18473,global,0.0
3,2,lr5e-05_bs8_drop0p2_temp1p0_a0p25_b0p05__wd1e-04trmiss0_degmodglobal,8,5e-05,0.0001,0.2,1.0,0.25,0.05,lr5e-05_bs8_drop0p2_temp1p0_a0p25_b0p05__wd1e-04trmiss0_degmodglobal,41,0.535513379744121,0.6359659731388092,0.575,0.6968614718614718,0.6923076923076923,0.0,0.4945253006049565,0.5008690357208252,0.09388199767896108,0.22347676753997803,0.0,0.0,0.0,0.0,0.0,18473,global,0.0
3,2,lr5e-05_bs8_drop0p2_temp1p0_a0p25_b0p05__wd1e-04trmiss0_degmodglobal,8,5e-05,0.0001,0.2,1.0,0.25,0.05,lr5e-05_bs8_drop0p2_temp1p0_a0p25_b0p05__wd1e-04trmiss0_degmodglobal,42,0.5497881259237017,0.6393430829048157,0.575,0.6968614718614718,0.7692307692307693,0.0,0.48358253496033804,0.5143017470836639,0.0975922622850963,0.22176620257752283,0.0,0.0,0.0,0.0,0.0,18473,global,0.0
3,2,lr5e-05_bs8_drop0p2_temp1p0_a0p25_b0p05__wd1e-04trmiss0_degmodglobal,8,5e-05,0.0001,0.2,1.0,0.25,0.05,lr5e-05_bs8_drop0p2_temp1p0_a0p25_b0p05__wd1e-04trmiss0_degmodglobal,43,0.5178690595286233,0.6401182413101196,0.575,0.6968614718614718,0.7692307692307693,0.0,0.4738917819091252,0.4892926258700235,0.0790701008268765,0.17617814242839813,0.0,0.0,0.0,0.0,0.0,18473,global,0.0
3,2,lr5e-05_bs8_drop0p2_temp1p0_a0p25_b0p05__wd1e-04trmiss0_degmodglobal,8,5e-05,0.0001,0.2,1.0,0.25,0.05,lr5e-05_bs8_drop0p2_temp1p0_a0p25_b0p05__wd1e-04trmiss0_degmodglobal,44,0.5488436647823879,0.6448880136013031,0.55,0.6857007575757575,0.6923076923076923,0.0,0.4932276563985007,0.5140880431447711,0.09766918207917895,0.20676662772893906,0.0,0.0,0.0,0.0,0.0,18473,global,0.0
3,2,lr5e-05_bs8_drop0p2_temp1p0_a0p25_b0p05__wd1e-04trmiss0_degmodglobal,8,5e-05,0.0001,0.2,1.0,0.25,0.05,lr5e-05_bs8_drop0p2_temp1p0_a0p25_b0p05__wd1e-04trmiss0_degmodglobal,45,0.557982189314706,0.6462132334709167,0.55,0.6857007575757575,0.6923076923076923,0.0,0.470792544739587,0.5196148838315692,0.10273201444319316,0.25368600338697433,0.0,0.0,0.0,0.0,0.0,18473,global,0.0
3,2,lr5e-05_bs8_drop0p2_temp2p0_a0p25_b0p05__wd1e-04trmiss0_degmodglobal,8,5e-05,0.0001,0.2,2.0,0.25,0.05,lr5e-05_bs8_drop0p2_temp2p0_a0p25_b0p05__wd1e-04trmiss0_degmodglobal,1,0.7069469520023891,0.691580057144165,0.575,0.786298076923077,0.46153846153846156,0.0,0.7495245082037789,0.6764826774597168,0.06821017552699361,0.2682346467460905,0.0,0.0,0.0,0.0,0.0,18473,global,0.0
3,2,lr5e-05_bs8_drop0p2_temp2p0_a0p25_b0p05__wd1e-04trmiss0_degmodglobal,8,5e-05,0.0001,0.2,2.0,0.25,0.05,lr5e-05_bs8_drop0p2_temp2p0_a0p25_b0p05__wd1e-04trmiss0_degmodglobal,2,0.6599982721464974,0.7004041075706482,0.525,0.7467147435897437,0.46153846153846156,0.0,0.7353575570242745,0.6325351766177586,0.06567357959491867,0.22089391946792603,0.0,0.0,0.0,0.0,0.0,18473,global,0.0
3,2,lr5e-05_bs8_drop0p2_temp2p0_a0p25_b0p05__wd1e-04trmiss0_degmodglobal,8,5e-05,0.0001,0.2,2.0,0.25,0.05,lr5e-05_bs8_drop0p2_temp2p0_a0p25_b0p05__wd1e-04trmiss0_degmodglobal,3,0.6446380019187927,0.702997088432312,0.575,0.786298076923077,0.5384615384615384,0.0,0.7195639439991542,0.623761066368648,0.04873435891100338,0.173867044704301,0.0,0.0,0.0,0.0,0.0,18473,global,0.0
3,2,lr5e-05_bs8_drop0p2_temp2p0_a0p25_b0p05__wd1e-04trmiss0_degmodglobal,8,5e-05,0.0001,0.2,2.0,0.25,0.05,lr5e-05_bs8_drop0p2_temp2p0_a0p25_b0p05__wd1e-04trmiss0_degmodglobal,4,0.6730698772839138,0.7011457979679108,0.55,0.7696314102564102,0.5384615384615384,0.0,0.7086506230490548,0.6423865556716919,0.06752962725503105,0.27601840027741026,0.0,0.0,0.0,0.0,0.0,18473,global,0.0
3,2,lr5e-05_bs8_drop0p2_temp2p0_a0p25_b0p05__wd1e-04trmiss0_degmodglobal,8,5e-05,0.0001,0.2,2.0,0.25,0.05,lr5e-05_bs8_drop0p2_temp2p0_a0p25_b0p05__wd1e-04trmiss0_degmodglobal,5,0.6094150458063398,0.6949510872364044,0.525,0.7577266483516484,0.6153846153846154,0.0,0.6706152047429766,0.5879381469317845,0.050612966663071086,0.1764732301235199,0.0,0.0,0.0,0.0,0.0,18473,global,0.0
3,2,lr5e-05_bs8_drop0p2_temp2p0_a0p25_b0p05__wd1e-04trmiss0_degmodglobal,8,5e-05,0.0001,0.2,2.0,0.25,0.05,lr5e-05_bs8_drop0p2_temp2p0_a0p25_b0p05__wd1e-04trmiss0_degmodglobal,6,0.6152515070778983,0.6986740231513977,0.5000000000000001,0.7264766483516484,0.6153846153846154,0.0,0.6549675294331142,0.5939490965434483,0.04768565563218934,0.18761998414993286,0.0,0.0,0.0,0.0,0.0,18473,global,0.0
3,2,lr5e-05_bs8_drop0p2_temp2p0_a0p25_b0p05__wd1e-04trmiss0_degmodglobal,8,5e-05,0.0001,0.2,2.0,0.25,0.05,lr5e-05_bs8_drop0p2_temp2p0_a0p25_b0p05__wd1e-04trmiss0_degmodglobal,7,0.6095243266650608,0.701690286397934,0.5,0.7143554362304363,0.6153846153846154,0.0,0.6708647949354989,0.5874234225068774,0.049391391554049084,0.19506084812538965,0.0,0.0,0.0,0.0,0.0,18473,global,0.0
3,2,lr5e-05_bs8_drop0p2_temp2p0_a0p25_b0p05__wd1e-04trmiss0_degmodglobal,8,5e-05,0.0001,0.2,2.0,0.25,0.05,lr5e-05_bs8_drop0p2_temp2p0_a0p25_b0p05__wd1e-04trmiss0_degmodglobal,8,0.5874694074903216,0.7021684050559998,0.475,0.7018554362304362,0.5384615384615384,0.0,0.6569134422710964,0.563755316393716,0.05508135525243623,0.19887501639979227,0.0,0.0,0.0,0.0,0.0,18473,global,0.0
3,2,lr5e-05_bs8_drop0p2_temp2p0_a0p25_b0p05__wd1e-04trmiss0_degmodglobal,8,5e-05,0.0001,0.2,2.0,0.25,0.05,lr5e-05_bs8_drop0p2_temp2p0_a0p25_b0p05__wd1e-04trmiss0_degmodglobal,9,0.5815662060465131,0.6959549486637115,0.525,0.7223099816849816,0.6153846153846154,0.0,0.6445904544421605,0.557076232773917,0.05734030742730413,0.2030977819647108,0.0,0.0,0.0,0.0,0.0,18473,global,0.0
3,2,lr5e-05_bs8_drop0p2_temp2p0_a0p25_b0p05__wd1e-04trmiss0_degmodglobal,8,5e-05,0.0001,0.2,2.0,0.25,0.05,lr5e-05_bs8_drop0p2_temp2p0_a0p25_b0p05__wd1e-04trmiss0_degmodglobal,10,0.5635853835514614,0.6950016915798187,0.55,0.7410599816849817,0.5384615384615384,0.0,0.6574946301324027,0.5396933768476758,0.05361278089029448,0.20977636320250376,0.0,0.0,0.0,0.0,0.0,18473,global,0.0
3,2,lr5e-05_bs8_drop0p2_temp2p0_a0p25_b0p05__wd1e-04trmiss0_degmodglobal,8,5e-05,0.0001,0.2,2.0,0.25,0.05,lr5e-05_bs8_drop0p2_temp2p0_a0p25_b0p05__wd1e-04trmiss0_degmodglobal,11,0.5853141631398883,0.69514599442482,0.575,0.7723099816849817,0.5384615384615384,0.0,0.6572404248373849,0.5616916503225055,0.052479226674352376,0.210053950548172,0.0,0.0,0.0,0.0,0.0,18473,global,0.0
3,2,lr5e-05_bs8_drop0p2_temp2p0_a0p25_b0p05__wd1e-04trmiss0_degmodglobal,8,5e-05,0.0001,0.2,2.0,0.25,0.05,lr5e-05_bs8_drop0p2_temp2p0_a0p25_b0p05__wd1e-04trmiss0_degmodglobal,12,0.5575600096157619,0.6952680945396423,0.525,0.7223099816849816,0.6153846153846154,0.0,0.634003928729466,0.5378475189208984,0.042457775079778264,0.18196106489215577,0.0,0.0,0.0,0.0,0.0,18473,global,0.0
3,2,lr5e-05_bs8_drop0p2_temp2p0_a0p25_b0p05__wd1e-04trmiss0_degmodglobal,8,5e-05,0.0001,0.2,2.0,0.25,0.05,lr5e-05_bs8_drop0p2_temp2p0_a0p25_b0p05__wd1e-04trmiss0_degmodglobal,13,0.5491216395582471,0.6965460777282715,0.5,0.7098099816849817,0.6923076923076923,0.0,0.640852187361036,0.5264103412628174,0.05251355575663703,0.19165834465197154,0.0,0.0,0.0,0.0,0.0,18473,global,0.0
3,2,lr5e-05_bs8_drop0p2_temp2p0_a0p25_b0p05__wd1e-04trmiss0_degmodglobal,8,5e-05,0.0001,0.2,2.0,0.25,0.05,lr5e-05_bs8_drop0p2_temp2p0_a0p25_b0p05__wd1e-04trmiss0_degmodglobal,14,0.5382218020302909,0.6920146644115448,0.55,0.7342147435897435,0.6153846153846154,0.0,0.6242724742208209,0.5171933855329242,0.04821454254644258,0.17949582636356354,0.0,0.0,0.0,0.0,0.0,18473,global,0.0
3,2,lr5e-05_bs8_drop0p2_temp2p0_a0p25_b0p05__wd1e-04trmiss0_degmodglobal,8,5e-05,0.0001,0.2,2.0,0.25,0.05,lr5e-05_bs8_drop0p2_temp2p0_a0p25_b0p05__wd1e-04trmiss0_degmodglobal,15,0.5464950459344047,0.6912103295326233,0.55,0.7342147435897435,0.6923076923076923,0.0,0.5958824455738068,0.5253129473754338,0.05035820869462831,0.1718508696981839,0.0,0.0,0.0,0.0,0.0,18473,global,0.0
3,2,lr5e-05_bs8_drop0p2_temp2p0_a0p25_b0p05__wd1e-04trmiss0_degmodglobal,8,5e-05,0.0001,0.2,2.0,0.25,0.05,lr5e-05_bs8_drop0p2_temp2p0_a0p25_b0p05__wd1e-04trmiss0_degmodglobal,16,0.5337917804718018,0.6837351620197296,0.625,0.7745421245421246,0.6923076923076923,0.0,0.5955102017947606,0.5135028319699424,0.04780996058668409,0.16672907077840396,0.0,0.0,0.0,0.0,0.0,18473,global,0.0
3,2,lr5e-05_bs8_drop0p2_temp2p0_a0p25_b0p05__wd1e-04trmiss0_degmodglobal,8,5e-05,0.0001,0.2,2.0,0.25,0.05,lr5e-05_bs8_drop0p2_temp2p0_a0p25_b0p05__wd1e-04trmiss0_degmodglobal,17,0.556603125163487,0.6868016719818115,0.525,0.699393315018315,0.6153846153846154,0.0,0.5969379544258118,0.5343483856746128,0.053042877465486526,0.17988069461924688,0.0,0.0,0.0,0.0,0.0,18473,global,0.0
3,2,lr5e-05_bs8_drop0p2_temp2p0_a0p25_b0p05__wd1e-04trmiss0_degmodglobal,8,5e-05,0.0001,0.2,2.0,0.25,0.05,lr5e-05_bs8_drop0p2_temp2p0_a0p25_b0p05__wd1e-04trmiss0_degmodglobal,18,0.5314959798540387,0.6949324309825897,0.47500000000000003,0.618143315018315,0.6153846153846154,0.0,0.6002815110342843,0.5085309105260032,0.05538294464349747,0.18238662076847895,0.0,0.0,0.0,0.0,0.0,18473,global,0.0
3,2,lr5e-05_bs8_drop0p2_temp2p0_a0p25_b0p05__wd1e-04trmiss0_degmodglobal,8,5e-05,0.0001,0.2,2.0,0.25,0.05,lr5e-05_bs8_drop0p2_temp2p0_a0p25_b0p05__wd1e-04trmiss0_degmodglobal,19,0.5059981899602073,0.6912351846694946,0.525,0.699393315018315,0.6153846153846154,0.0,0.5770000985690525,0.4852334218365805,0.04860922268458775,0.17224925117833273,0.0,0.0,0.0,0.0,0.0,18473,global,0.0
3,2,lr5e-05_bs8_drop0p2_temp2p0_a0p25_b0p05__wd1e-04trmiss0_degmodglobal,8,5e-05,0.0001,0.2,2.0,0.25,0.05,lr5e-05_bs8_drop0p2_temp2p0_a0p25_b0p05__wd1e-04trmiss0_degmodglobal,20,0.5194150039127895,0.6911453902721405,0.55,0.7112980769230769,0.46153846153846156,0.0,0.5850375635283334,0.5002541967800685,0.04427407894815717,0.1618457713297435,0.0,0.0,0.0,0.0,0.0,18473,global,0.0
3,2,lr5e-05_bs8_drop0p2_temp2p0_a0p25_b0p05__wd1e-04trmiss0_degmodglobal,8,5e-05,0.0001,0.2,2.0,0.25,0.05,lr5e-05_bs8_drop0p2_temp2p0_a0p25_b0p05__wd1e-04trmiss0_degmodglobal,21,0.5459045938083104,0.7035717368125916,0.44999999999999996,0.6101887695637696,0.6153846153846154,0.0,0.5708435305527279,0.5258442035743168,0.04503886667745454,0.17601358464785985,0.0,0.0,0.0,0.0,0.0,18473,global,0.0
3,2,lr5e-05_bs8_drop0p2_temp2p0_a0p25_b0p05__wd1e-04trmiss0_degmodglobal,8,5e-05,0.0001,0.2,2.0,0.25,0.05,lr5e-05_bs8_drop0p2_temp2p0_a0p25_b0p05__wd1e-04trmiss0_degmodglobal,22,0.5874571800231934,0.7035004794597626,0.4,0.5768554362304362,0.6153846153846154,0.0,0.6029884474618095,0.5601003297737667,0.06459144875407219,0.2241797692009381,0.0,0.0,0.0,0.0,0.0,18473,global,0.0
3,2,lr5e-05_bs8_drop0p2_temp2p0_a0p25_b0p05__wd1e-04trmiss0_degmodglobal,8,5e-05,0.0001,0.2,2.0,0.25,0.05,lr5e-05_bs8_drop0p2_temp2p0_a0p25_b0p05__wd1e-04trmiss0_degmodglobal,23,0.5323875887053353,0.7008846700191498,0.45,0.605643315018315,0.6153846153846154,0.0,0.5601765172822135,0.5105029940605164,0.0490189330386264,0.19259717954056604,0.0,0.0,0.0,0.0,0.0,18473,global,0.0
3,2,lr5e-05_bs8_drop0p2_temp2p0_a0p25_b0p05__wd1e-04trmiss0_degmodglobal,8,5e-05,0.0001,0.2,2.0,0.25,0.05,lr5e-05_bs8_drop0p2_temp2p0_a0p25_b0p05__wd1e-04trmiss0_degmodglobal,24,0.5416211187839508,0.693959653377533,0.475,0.6220935314685314,0.6153846153846154,0.0,0.5880972232137408,0.5184683629444667,0.054829853985990794,0.18890568614006042,0.0,0.0,0.0,0.0,0.0,18473,global,0.0
3,2,lr5e-05_bs8_drop0p2_temp2p0_a0p25_b0p05__wd1e-04trmiss0_degmodglobal,8,5e-05,0.0001,0.2,2.0,0.25,0.05,lr5e-05_bs8_drop0p2_temp2p0_a0p25_b0p05__wd1e-04trmiss0_degmodglobal,25,0.5285360472542899,0.7056725323200226,0.47500000000000003,0.618143315018315,0.6153846153846154,0.0,0.6087525699819837,0.5088188520499638,0.04508351321731295,0.16892626030104502,0.0,0.0,0.0,0.0,0.0,18473,global,0.0
3,2,lr5e-05_bs8_drop0p2_temp2p0_a0p25_b0p05__wd1e-04trmiss0_degmodglobal,8,5e-05,0.0001,0.2,2.0,0.25,0.05,lr5e-05_bs8_drop0p2_temp2p0_a0p25_b0p05__wd1e-04trmiss0_degmodglobal,26,0.5421436301299504,0.704741895198822,0.45,0.605643315018315,0.6923076923076923,0.0,0.5915462970733643,0.5237622686794826,0.04713906001831804,0.13193153856056078,0.0,0.0,0.0,0.0,0.0,18473,global,0.0
3,2,lr5e-05_bs8_drop0p2_temp2p0_a0p25_b0p05__wd1e-04trmiss0_degmodglobal,8,5e-05,0.0001,0.2,2.0,0.25,0.05,lr5e-05_bs8_drop0p2_temp2p0_a0p25_b0p05__wd1e-04trmiss0_degmodglobal,27,0.5629866123199463,0.7018350064754486,0.525,0.6487980769230769,0.6153846153846154,0.0,0.6157948289598737,0.5434188289301736,0.04562371091118881,0.16323720663785934,0.0,0.0,0.0,0.0,0.0,18473,global,0.0
3,2,lr5e-05_bs8_drop0p2_temp2p0_a0p25_b0p05__wd1e-04trmiss0_degmodglobal,8,5e-05,0.0001,0.2,2.0,0.25,0.05,lr5e-05_bs8_drop0p2_temp2p0_a0p25_b0p05__wd1e-04trmiss0_degmodglobal,28,0.5058694609573909,0.6975030899047852,0.5,0.6300480769230768,0.5384615384615384,0.0,0.5662867767470223,0.47554109351975576,0.06924277863332204,0.26035352051258087,0.0,0.0,0.0,0.0,0.0,18473,global,0.0
3,2,lr5e-05_bs8_drop0p2_temp2p0_a0p25_b0p05__wd1e-04trmiss0_degmodglobal,8,5e-05,0.0001,0.2,2.0,0.25,0.05,lr5e-05_bs8_drop0p2_temp2p0_a0p25_b0p05__wd1e-04trmiss0_degmodglobal,29,0.5231289693287441,0.6927644312381744,0.575,0.671875,0.46153846153846156,0.0,0.5691743578229632,0.49482348561286926,0.06546011886426381,0.2388088596718652,0.0,0.0,0.0,0.0,0.0,18473,global,0.0
3,2,lr5e-05_bs8_drop0p2_temp2p0_a0p25_b0p05__wd1e-04trmiss0_degmodglobal,8,5e-05,0.0001,0.2,2.0,0.25,0.05,lr5e-05_bs8_drop0p2_temp2p0_a0p25_b0p05__wd1e-04trmiss0_degmodglobal,30,0.5291929543018341,0.6852775812149048,0.575,0.671875,0.46153846153846156,0.0,0.5788954496383667,0.5153062854494367,0.03660547600260803,0.09470591853771891,0.0,0.0,0.0,0.0,0.0,18473,global,0.0
3,2,lr5e-05_bs8_drop0p2_temp2p0_a0p25_b0p05__wd1e-04trmiss0_degmodglobal,8,5e-05,0.0001,0.2,2.0,0.25,0.05,lr5e-05_bs8_drop0p2_temp2p0_a0p25_b0p05__wd1e-04trmiss0_degmodglobal,31,0.5088981900896344,0.6881812512874603,0.55,0.6552083333333333,0.5384615384615384,0.0,0.5627577475139073,0.4848970089639936,0.06026832227196012,0.178682019667966,0.0,0.0,0.0,0.0,0.0,18473,global,0.0
3,2,lr5e-05_bs8_drop0p2_temp2p0_a0p25_b0p05__wd1e-04trmiss0_degmodglobal,8,5e-05,0.0001,0.2,2.0,0.25,0.05,lr5e-05_bs8_drop0p2_temp2p0_a0p25_b0p05__wd1e-04trmiss0_degmodglobal,32,0.5002340972423553,0.688472330570221,0.55,0.6552083333333333,0.5384615384615384,0.0,0.5556339791842869,0.4817764163017273,0.04656004586390087,0.13635347091725894,0.0,0.0,0.0,0.0,0.0,18473,global,0.0
3,2,lr5e-05_bs8_drop0p2_temp2p0_a0p25_b0p05__wd1e-04trmiss0_degmodglobal,8,5e-05,0.0001,0.2,2.0,0.25,0.05,lr5e-05_bs8_drop0p2_temp2p0_a0p25_b0p05__wd1e-04trmiss0_degmodglobal,33,0.507869439465659,0.6916698515415192,0.55,0.6552083333333333,0.5384615384615384,0.0,0.5607729298727853,0.48018514684268404,0.06398107430764607,0.2337807778801237,0.0,0.0,0.0,0.0,0.0,18473,global,0.0
3,2,lr5e-05_bs8_drop0p2_temp2p0_a0p25_b0p05__wd1e-04trmiss0_degmodglobal,8,5e-05,0.0001,0.2,2.0,0.25,0.05,lr5e-05_bs8_drop0p2_temp2p0_a0p25_b0p05__wd1e-04trmiss0_degmodglobal,34,0.5055150261947087,0.6946384906768799,0.5249999999999999,0.6364583333333333,0.46153846153846156,0.0,0.570094278880528,0.47915250062942505,0.060618992894887924,0.22415544944150106,0.0,0.0,0.0,0.0,0.0,18473,global,0.0
3,2,lr5e-05_bs8_drop0p2_temp2p0_a0p25_b0p05__wd1e-04trmiss0_degmodglobal,8,5e-05,0.0001,0.2,2.0,0.25,0.05,lr5e-05_bs8_drop0p2_temp2p0_a0p25_b0p05__wd1e-04trmiss0_degmodglobal,35,0.5046538242271968,0.6933291256427765,0.49999999999999994,0.6245535714285714,0.6153846153846154,0.0,0.5571867781026023,0.4761351943016052,0.07134611798184258,0.21364224063498632,0.0,0.0,0.0,0.0,0.0,18473,global,0.0
3,2,lr5e-05_bs8_drop0p2_temp2p0_a0p25_b0p05__wd1e-04trmiss0_degmodglobal,8,5e-05,0.0001,0.2,2.0,0.25,0.05,lr5e-05_bs8_drop0p2_temp2p0_a0p25_b0p05__wd1e-04trmiss0_degmodglobal,36,0.5171816051006317,0.6932290196418762,0.5,0.636893315018315,0.5384615384615384,0.0,0.5473499894142151,0.49425749693598064,0.054474069869944027,0.1861119610922677,0.0,0.0,0.0,0.0,0.0,18473,global,0.0
3,2,lr5e-05_bs8_drop0p4_temp1p0_a0p25_b0p05__wd1e-04trmiss0_degmodglobal,8,5e-05,0.0001,0.4,1.0,0.25,0.05,lr5e-05_bs8_drop0p4_temp1p0_a0p25_b0p05__wd1e-04trmiss0_degmodglobal,1,0.7137663534709385,0.6923805177211761,0.4,0.5910599816849818,0.46153846153846156,0.0,0.7105359945978437,0.6716728721346173,0.10475595348647662,0.3180896895272391,0.0,0.0,0.0,0.0,0.0,18473,global,0.0
3,2,lr5e-05_bs8_drop0p4_temp1p0_a0p25_b0p05__wd1e-04trmiss0_degmodglobal,8,5e-05,0.0001,0.4,1.0,0.25,0.05,lr5e-05_bs8_drop0p4_temp1p0_a0p25_b0p05__wd1e-04trmiss0_degmodglobal,2,0.7362531849316188,0.6856185793876648,0.44999999999999996,0.6101887695637696,0.5384615384615384,0.0,0.6697279640606472,0.69240973676954,0.1171289331146649,0.29122417100838255,0.0,0.0,0.0,0.0,0.0,18473,global,0.0
3,2,lr5e-05_bs8_drop0p4_temp1p0_a0p25_b0p05__wd1e-04trmiss0_degmodglobal,8,5e-05,0.0001,0.4,1.0,0.25,0.05,lr5e-05_bs8_drop0p4_temp1p0_a0p25_b0p05__wd1e-04trmiss0_degmodglobal,3,0.6688518183571952,0.6828022003173828,0.475,0.6165990259740259,0.6923076923076923,0.0,0.7079410893576485,0.6260833399636405,0.11071439300264631,0.30179805627890993,0.0,0.0,0.0,0.0,0.0,18473,global,0.0
3,2,lr5e-05_bs8_drop0p4_temp1p0_a0p25_b0p05__wd1e-04trmiss0_degmodglobal,8,5e-05,0.0001,0.4,1.0,0.25,0.05,lr5e-05_bs8_drop0p4_temp1p0_a0p25_b0p05__wd1e-04trmiss0_degmodglobal,4,0.6574156624930245,0.6848801076412201,0.55,0.6476190476190476,0.6153846153846154,0.0,0.6841466341699872,0.622900630746569,0.08852127194404602,0.24769455194473267,0.0,0.0,0.0,0.0,0.0,18473,global,0.0
3,2,lr5e-05_bs8_drop0p4_temp1p0_a0p25_b0p05__wd1e-04trmiss0_degmodglobal,8,5e-05,0.0001,0.4,1.0,0.25,0.05,lr5e-05_bs8_drop0p4_temp1p0_a0p25_b0p05__wd1e-04trmiss0_degmodglobal,5,0.6391189438956124,0.6844470500946045,0.575,0.6580357142857143,0.6923076923076923,0.0,0.6582860606057304,0.6065084167889186,0.08980986901691981,0.20316117789064134,0.0,0.0,0.0,0.0,0.0,18473,global,0.0
3,2,lr5e-05_bs8_drop0p4_temp1p0_a0p25_b0p05__wd1e-04trmiss0_degmodglobal,8,5e-05,0.0001,0.4,1.0,0.25,0.05,lr5e-05_bs8_drop0p4_temp1p0_a0p25_b0p05__wd1e-04trmiss0_degmodglobal,6,0.6390240447861808,0.6818262934684753,0.625,0.675333694083694,0.6923076923076923,0.0,0.635523932320731,0.6039448295320783,0.10361297375389508,0.18351928464003972,0.0,0.0,0.0,0.0,0.0,18473,global,0.0
3,2,lr5e-05_bs8_drop0p4_temp1p0_a0p25_b0p05__wd1e-04trmiss0_degmodglobal,8,5e-05,0.0001,0.4,1.0,0.25,0.05,lr5e-05_bs8_drop0p4_temp1p0_a0p25_b0p05__wd1e-04trmiss0_degmodglobal,7,0.6322526420865741,0.6805552840232849,0.6,0.6656114718614718,0.6153846153846154,0.0,0.6688964111464364,0.5963805062430245,0.09988126158714294,0.21803649089166097,0.0,0.0,0.0,0.0,0.0,18473,global,0.0
3,2,lr5e-05_bs8_drop0p4_temp1p0_a0p25_b0p05__wd1e-04trmiss0_degmodglobal,8,5e-05,0.0001,0.4,1.0,0.25,0.05,lr5e-05_bs8_drop0p4_temp1p0_a0p25_b0p05__wd1e-04trmiss0_degmodglobal,8,0.5757771900721959,0.6871870756149292,0.55,0.6239448051948051,0.6923076923076923,0.0,0.6362797788211277,0.5402344635554722,0.09687201678752899,0.22649442085197993,0.0,0.0,0.0,0.0,0.0,18473,global,0.0
3,2,lr5e-05_bs8_drop0p4_temp1p0_a0p25_b0p05__wd1e-04trmiss0_degmodglobal,8,5e-05,0.0001,0.4,1.0,0.25,0.05,lr5e-05_bs8_drop0p4_temp1p0_a0p25_b0p05__wd1e-04trmiss0_degmodglobal,9,0.6120160562651498,0.6860590279102325,0.6,0.6545003607503607,0.6153846153846154,0.0,0.6445468749318805,0.5732906375612531,0.11065603047609329,0.22122816741466522,0.0,0.0,0.0,0.0,0.0,18473,global,0.0
3,2,lr5e-05_bs8_drop0p4_temp1p0_a0p25_b0p05__wd1e-04trmiss0_degmodglobal,8,5e-05,0.0001,0.4,1.0,0.25,0.05,lr5e-05_bs8_drop0p4_temp1p0_a0p25_b0p05__wd1e-04trmiss0_degmodglobal,10,0.5902824316705976,0.6887240707874298,0.55,0.6343614718614718,0.6153846153846154,0.0,0.6091354404176984,0.5564955047198704,0.09363713009016854,0.20755299180746078,0.0,0.0,0.0,0.0,0.0,18473,global,0.0
3,2,lr5e-05_bs8_drop0p4_temp1p0_a0p25_b0p05__wd1e-04trmiss0_degmodglobal,8,5e-05,0.0001,0.4,1.0,0.25,0.05,lr5e-05_bs8_drop0p4_temp1p0_a0p25_b0p05__wd1e-04trmiss0_degmodglobal,11,0.5740710752350944,0.6921496391296387,0.55,0.6476190476190476,0.6153846153846154,0.0,0.6201450398990086,0.5340102229799543,0.10966396597879273,0.2528969006878989,0.0,0.0,0.0,0.0,0.0,18473,global,0.0
3,2,lr5e-05_bs8_drop0p4_temp1p0_a0p25_b0p05__wd1e-04trmiss0_degmodglobal,8,5e-05,0.0001,0.4,1.0,0.25,0.05,lr5e-05_bs8_drop0p4_temp1p0_a0p25_b0p05__wd1e-04trmiss0_degmodglobal,12,0.5762566924095154,0.6875742077827454,0.6000000000000001,0.6800976800976801,0.6153846153846154,0.0,0.6176251513617379,0.5350846222468785,0.11685798423630851,0.23915143523897445,0.0,0.0,0.0,0.0,0.0,18473,global,0.0
3,2,lr5e-05_bs8_drop0p4_temp1p0_a0p25_b0p05__wd1e-04trmiss0_degmodglobal,8,5e-05,0.0001,0.4,1.0,0.25,0.05,lr5e-05_bs8_drop0p4_temp1p0_a0p25_b0p05__wd1e-04trmiss0_degmodglobal,13,0.5817327584539141,0.6939694881439209,0.525,0.6307921245421245,0.6153846153846154,0.0,0.6243184719766889,0.5329655579158238,0.12385921393121992,0.3560478687286377,0.0,0.0,0.0,0.0,0.0,18473,global,0.0
3,2,lr5e-05_bs8_drop0p4_temp1p0_a0p25_b0p05__wd1e-04trmiss0_degmodglobal,8,5e-05,0.0001,0.4,1.0,0.25,0.05,lr5e-05_bs8_drop0p4_temp1p0_a0p25_b0p05__wd1e-04trmiss0_degmodglobal,14,0.5997405052185059,0.6945753693580627,0.575,0.6336670274170273,0.7692307692307693,0.0,0.6159997412136623,0.5598917944090707,0.10819750811372485,0.2559866543327059,0.0,0.0,0.0,0.0,0.0,18473,global,0.0
3,2,lr5e-05_bs8_drop0p4_temp1p0_a0p25_b0p05__wd1e-04trmiss0_degmodglobal,8,5e-05,0.0001,0.4,1.0,0.25,0.05,lr5e-05_bs8_drop0p4_temp1p0_a0p25_b0p05__wd1e-04trmiss0_degmodglobal,15,0.5915426526750837,0.6949063241481781,0.55,0.6239448051948051,0.7692307692307693,0.0,0.5953015089035034,0.5583637356758118,0.09921601627554212,0.16749839697565352,0.0,0.0,0.0,0.0,0.0,18473,global,0.0
3,2,lr5e-05_bs8_drop0p4_temp1p0_a0p25_b0p05__wd1e-04trmiss0_degmodglobal,8,5e-05,0.0001,0.4,1.0,0.25,0.05,lr5e-05_bs8_drop0p4_temp1p0_a0p25_b0p05__wd1e-04trmiss0_degmodglobal,16,0.5849664381572178,0.6979540884494781,0.525,0.6135281385281385,0.6923076923076923,0.0,0.629828427519117,0.5489547763551984,0.09558887034654617,0.24228891730308533,0.0,0.0,0.0,0.0,0.0,18473,global,0.0
3,2,lr5e-05_bs8_drop0p4_temp1p0_a0p25_b0p05__wd1e-04trmiss0_degmodglobal,8,5e-05,0.0001,0.4,1.0,0.25,0.05,lr5e-05_bs8_drop0p4_temp1p0_a0p25_b0p05__wd1e-04trmiss0_degmodglobal,17,0.5864977581160409,0.6990544497966766,0.55,0.6239448051948051,0.6153846153846154,0.0,0.560666390827724,0.5461525065558297,0.10877974810344833,0.2630066360746111,0.0,0.0,0.0,0.0,0.0,18473,global,0.0
3,2,lr5e-05_bs8_drop0p4_temp1p0_a0p25_b0p05__wd1e-04trmiss0_degmodglobal,8,5e-05,0.0001,0.4,1.0,0.25,0.05,lr5e-05_bs8_drop0p4_temp1p0_a0p25_b0p05__wd1e-04trmiss0_degmodglobal,18,0.5773706691605704,0.6950350105762482,0.55,0.6239448051948051,0.6153846153846154,0.0,0.5669668955462319,0.5409521205084664,0.10443386435508728,0.20620171619313105,0.0,0.0,0.0,0.0,0.0,18473,global,0.0
3,2,lr5e-05_bs8_drop0p4_temp1p0_a0p25_b0p05__wd1e-04trmiss0_degmodglobal,8,5e-05,0.0001,0.4,1.0,0.25,0.05,lr5e-05_bs8_drop0p4_temp1p0_a0p25_b0p05__wd1e-04trmiss0_degmodglobal,19,0.5746070146560669,0.6999207735061646,0.525,0.6135281385281385,0.6153846153846154,0.0,0.5888782654489789,0.538433143070766,0.1063052804342338,0.1919507703610829,0.0,0.0,0.0,0.0,0.0,18473,global,0.0
3,2,lr5e-05_bs8_drop0p4_temp1p0_a0p25_b0p05__wd1e-04trmiss0_degmodglobal,8,5e-05,0.0001,0.4,1.0,0.25,0.05,lr5e-05_bs8_drop0p4_temp1p0_a0p25_b0p05__wd1e-04trmiss0_degmodglobal,20,0.5871363793100629,0.6922934949398041,0.55,0.6239448051948051,0.6153846153846154,0.0,0.5633414472852435,0.5535673243658883,0.1031233434166227,0.15576409442084177,0.0,0.0,0.0,0.0,0.0,18473,global,0.0
3,2,lr5e-05_bs8_drop0p4_temp1p0_a0p25_b0p05__wd1e-04trmiss0_degmodglobal,8,5e-05,0.0001,0.4,1.0,0.25,0.05,lr5e-05_bs8_drop0p4_temp1p0_a0p25_b0p05__wd1e-04trmiss0_degmodglobal,21,0.556674565587725,0.6747301816940308,0.575,0.6447781385281385,0.6153846153846154,0.0,0.5763745989118304,0.5176887682506016,0.11062978314501899,0.22656702143805368,0.0,0.0,0.0,0.0,0.0,18473,global,0.0
3,2,lr5e-05_bs8_drop0p4_temp1p0_a0p25_b0p05__wd1e-04trmiss0_degmodglobal,8,5e-05,0.0001,0.4,1.0,0.25,0.05,lr5e-05_bs8_drop0p4_temp1p0_a0p25_b0p05__wd1e-04trmiss0_degmodglobal,22,0.5826519898005894,0.6712887287139893,0.6,0.6656114718614718,0.6923076923076923,0.0,0.5847746729850769,0.5435378551483154,0.11515698901244573,0.206497779914311,0.0,0.0,0.0,0.0,0.0,18473,global,0.0
3,2,lr5e-05_bs8_drop0p4_temp1p0_a0p25_b0p05__wd1e-04trmiss0_degmodglobal,8,5e-05,0.0001,0.4,1.0,0.25,0.05,lr5e-05_bs8_drop0p4_temp1p0_a0p25_b0p05__wd1e-04trmiss0_degmodglobal,23,0.5579410025051662,0.6750583052635193,0.575,0.6447781385281385,0.6153846153846154,0.0,0.5603091205869403,0.5223031342029572,0.10688493294375283,0.17833284501518523,0.0,0.0,0.0,0.0,0.0,18473,global,0.0
3,2,lr5e-05_bs8_drop0p4_temp1p0_a0p25_b0p05__wd1e-04trmiss0_degmodglobal,8,5e-05,0.0001,0.4,1.0,0.25,0.05,lr5e-05_bs8_drop0p4_temp1p0_a0p25_b0p05__wd1e-04trmiss0_degmodglobal,24,0.5639688840934208,0.6834443509578705,0.525,0.6135281385281385,0.6153846153846154,0.0,0.5906739064625331,0.5154879306043897,0.13020798351083482,0.3185791053942272,0.0,0.0,0.0,0.0,0.0,18473,global,0.0
3,2,lr5e-05_bs8_drop0p4_temp1p0_a0p25_b0p05__wd1e-04trmiss0_degmodglobal,8,5e-05,0.0001,0.4,1.0,0.25,0.05,lr5e-05_bs8_drop0p4_temp1p0_a0p25_b0p05__wd1e-04trmiss0_degmodglobal,25,0.5484508318560464,0.6872522830963135,0.525,0.6135281385281385,0.5384615384615384,0.0,0.5559490280491965,0.507093071937561,0.11796963853495461,0.23730710468121938,0.0,0.0,0.0,0.0,0.0,18473,global,0.0
3,2,lr5e-05_bs8_drop0p4_temp1p0_a0p25_b0p05__wd1e-04trmiss0_degmodglobal,8,5e-05,0.0001,0.4,1.0,0.25,0.05,lr5e-05_bs8_drop0p4_temp1p0_a0p25_b0p05__wd1e-04trmiss0_degmodglobal,26,0.5486701897212437,0.685298502445221,0.5,0.6023674242424242,0.6153846153846154,0.0,0.5458516648837498,0.5148704264845166,0.10284408980182239,0.16177470343453543,0.0,0.0,0.0,0.0,0.0,18473,global,0.0
3,2,lr5e-05_bs8_drop0p4_temp2p0_a0p25_b0p05__wd1e-04trmiss0_degmodglobal,8,5e-05,0.0001,0.4,2.0,0.25,0.05,lr5e-05_bs8_drop0p4_temp2p0_a0p25_b0p05__wd1e-04trmiss0_degmodglobal,1,0.7682761890547616,0.7210403382778168,0.475,0.6370421245421246,0.5384615384615384,0.0,0.7530407139233181,0.7489396844591413,0.05092270353010723,0.13211671262979507,0.0,0.0,0.0,0.0,0.0,18473,global,0.0
3,2,lr5e-05_bs8_drop0p4_temp2p0_a0p25_b0p05__wd1e-04trmiss0_degmodglobal,8,5e-05,0.0001,0.4,2.0,0.25,0.05,lr5e-05_bs8_drop0p4_temp2p0_a0p25_b0p05__wd1e-04trmiss0_degmodglobal,2,0.7176693507603237,0.7293515205383301,0.45,0.6258814102564103,0.38461538461538464,0.0,0.7098246557371957,0.7005314145769391,0.04535741465432303,0.1159714979252645,0.0,0.0,0.0,0.0,0.0,18473,global,0.0
3,2,lr5e-05_bs8_drop0p4_temp2p0_a0p25_b0p05__wd1e-04trmiss0_degmodglobal,8,5e-05,0.0001,0.4,2.0,0.25,0.05,lr5e-05_bs8_drop0p4_temp2p0_a0p25_b0p05__wd1e-04trmiss0_degmodglobal,3,0.7334359032767159,0.7395143210887909,0.425,0.6190632284382285,0.3076923076923077,0.0,0.715336765561785,0.7176404339926583,0.040526553456272395,0.11327650930200305,0.0,0.0,0.0,0.0,0.0,18473,global,0.0
3,2,lr5e-05_bs8_drop0p4_temp2p0_a0p25_b0p05__wd1e-04trmiss0_degmodglobal,8,5e-05,0.0001,0.4,2.0,0.25,0.05,lr5e-05_bs8_drop0p4_temp2p0_a0p25_b0p05__wd1e-04trmiss0_degmodglobal,4,0.7216382622718811,0.7482142746448517,0.425,0.6190632284382285,0.3076923076923077,0.0,0.6780390569141933,0.7032455461365836,0.04845209739037922,0.12559384746210916,0.0,0.0,0.0,0.0,0.0,18473,global,0.0
3,2,lr5e-05_bs8_drop0p4_temp2p0_a0p25_b0p05__wd1e-04trmiss0_degmodglobal,8,5e-05,0.0001,0.4,2.0,0.25,0.05,lr5e-05_bs8_drop0p4_temp2p0_a0p25_b0p05__wd1e-04trmiss0_degmodglobal,5,0.7374296188354492,0.7481777369976044,0.39999999999999997,0.6003132284382284,0.3076923076923077,0.0,0.6664042472839355,0.7138544065611703,0.05700564730380263,0.18647585277046477,0.0,0.0,0.0,0.0,0.0,18473,global,0.0
3,2,lr5e-05_bs8_drop0p4_temp2p0_a0p25_b0p05__wd1e-04trmiss0_degmodglobal,8,5e-05,0.0001,0.4,2.0,0.25,0.05,lr5e-05_bs8_drop0p4_temp2p0_a0p25_b0p05__wd1e-04trmiss0_degmodglobal,6,0.6868235979761396,0.7435059249401093,0.44999999999999996,0.6137601981351981,0.3076923076923077,0.0,0.6370605230331421,0.6721735000610352,0.03689448881362166,0.10852953525526184,0.0,0.0,0.0,0.0,0.0,18473,global,0.0
3,2,lr5e-05_bs8_drop0p4_temp2p0_a0p25_b0p05__wd1e-04trmiss0_degmodglobal,8,5e-05,0.0001,0.4,2.0,0.25,0.05,lr5e-05_bs8_drop0p4_temp2p0_a0p25_b0p05__wd1e-04trmiss0_degmodglobal,7,0.6933675493512835,0.7418862581253052,0.475,0.6220935314685314,0.3076923076923077,0.0,0.6362014583178929,0.6743171981402806,0.04411464051476547,0.16043396294116974,0.0,0.0,0.0,0.0,0.0,18473,global,0.0
3,2,lr5e-05_bs8_drop0p4_temp2p0_a0p25_b0p05__wd1e-04trmiss0_degmodglobal,8,5e-05,0.0001,0.4,2.0,0.25,0.05,lr5e-05_bs8_drop0p4_temp2p0_a0p25_b0p05__wd1e-04trmiss0_degmodglobal,8,0.6699871591159275,0.7432234287261963,0.475,0.6270156926406927,0.3076923076923077,0.0,0.6438701408249992,0.649172272000994,0.05385208608848708,0.14703718998602458,0.0,0.0,0.0,0.0,0.0,18473,global,0.0
3,2,lr5e-05_bs8_drop0p4_temp2p0_a0p25_b0p05__wd1e-04trmiss0_degmodglobal,8,5e-05,0.0001,0.4,2.0,0.25,0.05,lr5e-05_bs8_drop0p4_temp2p0_a0p25_b0p05__wd1e-04trmiss0_degmodglobal,9,0.7065397415842328,0.7470387518405914,0.475,0.6270156926406927,0.3076923076923077,0.0,0.6481582948139736,0.6805012907300677,0.0660300709839378,0.19061863315956934,0.0,0.0,0.0,0.0,0.0,18473,global,0.0
3,2,lr5e-05_bs8_drop0p4_temp2p0_a0p25_b0p05__wd1e-04trmiss0_degmodglobal,8,5e-05,0.0001,0.4,2.0,0.25,0.05,lr5e-05_bs8_drop0p4_temp2p0_a0p25_b0p05__wd1e-04trmiss0_degmodglobal,10,0.7006885324205671,0.7427845299243927,0.475,0.6270156926406927,0.3076923076923077,0.0,0.642875109400068,0.6703563928604126,0.07486552053264209,0.23231515714100429,0.0,0.0,0.0,0.0,0.0,18473,global,0.0
3,2,lr5e-05_bs8_drop0p4_temp2p0_a0p25_b0p05__wd1e-04trmiss0_degmodglobal,8,5e-05,0.0001,0.4,2.0,0.25,0.05,lr5e-05_bs8_drop0p4_temp2p0_a0p25_b0p05__wd1e-04trmiss0_degmodglobal,11,0.7090503999165126,0.7459633350372314,0.45,0.6082656926406926,0.3076923076923077,0.0,0.6135317938668388,0.6821831975664411,0.06531393687639918,0.2107743833746229,0.0,0.0,0.0,0.0,0.0,18473,global,0.0
3,2,lr5e-05_bs8_drop0p4_temp2p0_a0p25_b0p05__wd1e-04trmiss0_degmodglobal,8,5e-05,0.0001,0.4,2.0,0.25,0.05,lr5e-05_bs8_drop0p4_temp2p0_a0p25_b0p05__wd1e-04trmiss0_degmodglobal,12,0.6479194590023586,0.7399294376373291,0.425,0.5874323593073594,0.3076923076923077,0.0,0.6228638631956918,0.6283474734851292,0.05094283100749765,0.13672548745359694,0.0,0.0,0.0,0.0,0.0,18473,global,0.0
3,2,lr5e-05_bs8_drop0p4_temp2p0_a0p25_b0p05__wd1e-04trmiss0_degmodglobal,8,5e-05,0.0001,0.4,2.0,0.25,0.05,lr5e-05_bs8_drop0p4_temp2p0_a0p25_b0p05__wd1e-04trmiss0_degmodglobal,13,0.6602461678641183,0.7404349446296692,0.475,0.6201704545454545,0.3076923076923077,0.0,0.596637853554317,0.6360469290188381,0.06235141067632607,0.1722279547580651,0.0,0.0,0.0,0.0,0.0,18473,global,0.0
3,2,lr5e-05_bs8_drop0p4_temp2p0_a0p25_b0p05__wd1e-04trmiss0_degmodglobal,8,5e-05,0.0001,0.4,2.0,0.25,0.05,lr5e-05_bs8_drop0p4_temp2p0_a0p25_b0p05__wd1e-04trmiss0_degmodglobal,14,0.6569478852408273,0.7415924072265625,0.475,0.6201704545454545,0.3076923076923077,0.0,0.5604351673807416,0.6277815018381391,0.07072194931762558,0.22971794434956141,0.0,0.0,0.0,0.0,0.0,18473,global,0.0
3,2,lr5e-05_bs8_drop0p4_temp2p0_a0p25_b0p05__wd1e-04trmiss0_degmodglobal,8,5e-05,0.0001,0.4,2.0,0.25,0.05,lr5e-05_bs8_drop0p4_temp2p0_a0p25_b0p05__wd1e-04trmiss0_degmodglobal,15,0.6424534235681806,0.7410203516483307,0.475,0.6201704545454545,0.3076923076923077,0.0,0.592203608580998,0.6219668899263654,0.05483978454555784,0.1355318890086242,0.0,0.0,0.0,0.0,0.0,18473,global,0.0
3,2,lr5e-05_bs8_drop0p4_temp2p0_a0p25_b0p05__wd1e-04trmiss0_degmodglobal,8,5e-05,0.0001,0.4,2.0,0.25,0.05,lr5e-05_bs8_drop0p4_temp2p0_a0p25_b0p05__wd1e-04trmiss0_degmodglobal,16,0.6737920045852661,0.7424433529376984,0.49999999999999994,0.6313311688311688,0.3076923076923077,0.0,0.5942830869129726,0.6497924242700849,0.06450294756463595,0.15747678173439844,0.0,0.0,0.0,0.0,0.0,18473,global,0.0
3,2,lr5e-05_bs8_drop0p4_temp2p0_a0p25_b0p05__wd1e-04trmiss0_degmodglobal,8,5e-05,0.0001,0.4,2.0,0.25,0.05,lr5e-05_bs8_drop0p4_temp2p0_a0p25_b0p05__wd1e-04trmiss0_degmodglobal,17,0.6492103678839547,0.7484050691127777,0.475,0.6201704545454545,0.3076923076923077,0.0,0.5855023094585964,0.6286725061280387,0.054006981530359814,0.14072227478027344,0.0,0.0,0.0,0.0,0.0,18473,global,0.0
3,2,lr5e-05_bs8_drop0p4_temp2p0_a0p25_b0p05__wd1e-04trmiss0_degmodglobal,8,5e-05,0.0001,0.4,2.0,0.25,0.05,lr5e-05_bs8_drop0p4_temp2p0_a0p25_b0p05__wd1e-04trmiss0_degmodglobal,18,0.6426683153424945,0.7441887557506561,0.49999999999999994,0.6313311688311688,0.3076923076923077,0.0,0.5880023326192584,0.6165837049484253,0.06603744093860899,0.1915048754640988,0.0,0.0,0.0,0.0,0.0,18473,global,0.0
3,2,lr5e-05_bs8_drop0p4_temp2p0_a0p25_b0p05__wd1e-04trmiss0_degmodglobal,8,5e-05,0.0001,0.4,2.0,0.25,0.05,lr5e-05_bs8_drop0p4_temp2p0_a0p25_b0p05__wd1e-04trmiss0_degmodglobal,19,0.6455262899398804,0.742848664522171,0.475,0.6201704545454545,0.3076923076923077,0.0,0.582472664969308,0.6225423557417733,0.06273502643619265,0.1460036379950387,0.0,0.0,0.0,0.0,0.0,18473,global,0.0
3,2,lr5e-05_bs8_drop0p4_temp2p0_a0p25_b0p05__wd1e-04trmiss0_degmodglobal,8,5e-05,0.0001,0.4,2.0,0.25,0.05,lr5e-05_bs8_drop0p4_temp2p0_a0p25_b0p05__wd1e-04trmiss0_degmodglobal,20,0.6268463390214103,0.7415560185909271,0.475,0.6201704545454545,0.3076923076923077,0.0,0.5765766075679234,0.6092068467821393,0.04767374321818352,0.11442110474620547,0.0,0.0,0.0,0.0,0.0,18473,global,0.0
3,2,lr5e-05_bs8_drop0p4_temp2p0_a0p25_b0p05__wd1e-04trmiss0_degmodglobal,8,5e-05,0.0001,0.4,2.0,0.25,0.05,lr5e-05_bs8_drop0p4_temp2p0_a0p25_b0p05__wd1e-04trmiss0_degmodglobal,21,0.640581556728908,0.7409093081951141,0.5,0.6389204545454545,0.38461538461538464,0.0,0.5907402123723712,0.6201433369091579,0.053206185677221844,0.14273329504898616,0.0,0.0,0.0,0.0,0.0,18473,global,0.0
3,2,lr5e-05_bs8_drop0p4_temp2p0_a0p25_b0p05__wd1e-04trmiss0_degmodglobal,8,5e-05,0.0001,0.4,2.0,0.25,0.05,lr5e-05_bs8_drop0p4_temp2p0_a0p25_b0p05__wd1e-04trmiss0_degmodglobal,22,0.6392451439585004,0.7371406853199005,0.5,0.6389204545454545,0.38461538461538464,0.0,0.5674545509474618,0.6181257111685616,0.05472852289676666,0.1487458422780037,0.0,0.0,0.0,0.0,0.0,18473,global,0.0
3,2,lr5e-05_bs8_drop0p4_temp2p0_a0p25_b0p05__wd1e-04trmiss0_degmodglobal,8,5e-05,0.0001,0.4,2.0,0.25,0.05,lr5e-05_bs8_drop0p4_temp2p0_a0p25_b0p05__wd1e-04trmiss0_degmodglobal,23,0.6552586214882987,0.7383587062358856,0.475,0.6201704545454545,0.38461538461538464,0.0,0.5648901121956962,0.6353209018707275,0.04975397459098271,0.14998445127691543,0.0,0.0,0.0,0.0,0.0,18473,global,0.0
3,2,lr5e-05_bs8_drop0p4_temp2p0_a0p25_b0p05__wd1e-04trmiss0_degmodglobal,8,5e-05,0.0001,0.4,2.0,0.25,0.05,lr5e-05_bs8_drop0p4_temp2p0_a0p25_b0p05__wd1e-04trmiss0_degmodglobal,24,0.6404274361474174,0.7408781945705414,0.475,0.6201704545454545,0.38461538461538464,0.0,0.5771182775497437,0.6219526444162641,0.05090838351419994,0.11495387021984373,0.0,0.0,0.0,0.0,0.0,18473,global,0.0
3,2,lr5e-05_bs8_drop0p4_temp2p0_a0p25_b0p05__wd1e-04trmiss0_degmodglobal,8,5e-05,0.0001,0.4,2.0,0.25,0.05,lr5e-05_bs8_drop0p4_temp2p0_a0p25_b0p05__wd1e-04trmiss0_degmodglobal,25,0.6331605059759957,0.7404439151287079,0.45,0.5993371212121212,0.38461538461538464,0.0,0.5873684457370213,0.6147238782473973,0.04554096928664616,0.14102778104799135,0.0,0.0,0.0,0.0,0.0,18473,global,0.0
3,2,lr5e-05_bs8_drop0p4_temp2p0_a0p25_b0p05__wd1e-04trmiss0_degmodglobal,8,5e-05,0.0001,0.4,2.0,0.25,0.05,lr5e-05_bs8_drop0p4_temp2p0_a0p25_b0p05__wd1e-04trmiss0_degmodglobal,26,0.6453587923731122,0.7396714389324188,0.45,0.5993371212121212,0.38461538461538464,0.0,0.5566747401441846,0.6175624813352313,0.07007644006184169,0.2055442232106413,0.0,0.0,0.0,0.0,0.0,18473,global,0.0
3,2,lr5e-05_bs8_drop0p4_temp2p0_a0p25_b0p05__wd1e-04trmiss0_degmodglobal,8,5e-05,0.0001,0.4,2.0,0.25,0.05,lr5e-05_bs8_drop0p4_temp2p0_a0p25_b0p05__wd1e-04trmiss0_degmodglobal,27,0.6396361589431763,0.7378880679607391,0.475,0.6201704545454545,0.38461538461538464,0.0,0.5483838149479457,0.6125175356864929,0.07395470993859428,0.1725987797336919,0.0,0.0,0.0,0.0,0.0,18473,global,0.0
3,2,lr5e-05_bs8_drop0p4_temp2p0_a0p25_b0p05__wd1e-04trmiss0_degmodglobal,8,5e-05,0.0001,0.4,2.0,0.25,0.05,lr5e-05_bs8_drop0p4_temp2p0_a0p25_b0p05__wd1e-04trmiss0_degmodglobal,28,0.639334533895765,0.7437035739421844,0.475,0.6201704545454545,0.38461538461538464,0.0,0.5645810961723328,0.6159865941320147,0.0655916663152831,0.13900057093373366,0.0,0.0,0.0,0.0,0.0,18473,global,0.0
3,2,lr5e-05_bs8_drop0p4_temp2p0_a0p25_b0p05__wd1e-04trmiss0_degmodglobal,8,5e-05,0.0001,0.4,2.0,0.25,0.05,lr5e-05_bs8_drop0p4_temp2p0_a0p25_b0p05__wd1e-04trmiss0_degmodglobal,29,0.6664210132190159,0.7469965815544128,0.475,0.6201704545454545,0.38461538461538464,0.0,0.5655338764190674,0.6364609854561942,0.07161793751376015,0.2411107990358557,0.0,0.0,0.0,0.0,0.0,18473,global,0.0
3,2,lr5e-05_bs8_drop0p4_temp2p0_a0p25_b0p05__wd1e-04trmiss0_degmodglobal,8,5e-05,0.0001,0.4,2.0,0.25,0.05,lr5e-05_bs8_drop0p4_temp2p0_a0p25_b0p05__wd1e-04trmiss0_degmodglobal,30,0.641329186303275,0.7415229678153992,0.475,0.6201704545454545,0.38461538461538464,0.0,0.55592195051057,0.6187266026224408,0.06165962825928416,0.143753605229514,0.0,0.0,0.0,0.0,0.0,18473,global,0.0
3,2,lr5e-05_bs8_drop0p4_temp2p0_a0p25_b0p05__wd1e-04trmiss0_degmodglobal,8,5e-05,0.0001,0.4,2.0,0.25,0.05,lr5e-05_bs8_drop0p4_temp2p0_a0p25_b0p05__wd1e-04trmiss0_degmodglobal,31,0.6097243172781808,0.7428730428218842,0.475,0.6201704545454545,0.38461538461538464,0.0,0.5497280529567173,0.5925736597606114,0.04582365761910166,0.11389455305678504,0.0,0.0,0.0,0.0,0.0,18473,global,0.0
3,2,lr5e-05_bs8_drop0p4_temp2p0_a0p25_b0p05__wd1e-04trmiss0_degmodglobal,8,5e-05,0.0001,0.4,2.0,0.25,0.05,lr5e-05_bs8_drop0p4_temp2p0_a0p25_b0p05__wd1e-04trmiss0_degmodglobal,32,0.6465954269681659,0.7440766394138336,0.475,0.6201704545454545,0.38461538461538464,0.0,0.541906075818198,0.6201112270355225,0.06674302475793022,0.1959689131804875,0.0,0.0,0.0,0.0,0.0,18473,global,0.0
3,2,lr5e-05_bs8_drop0p4_temp2p0_a0p25_b0p05__wd1e-04trmiss0_degmodglobal,8,5e-05,0.0001,0.4,2.0,0.25,0.05,lr5e-05_bs8_drop0p4_temp2p0_a0p25_b0p05__wd1e-04trmiss0_degmodglobal,33,0.6325642551694598,0.7438918650150299,0.475,0.6201704545454545,0.38461538461538464,0.0,0.5448061100074223,0.6035618441445487,0.0747815224209002,0.20614069168056762,0.0,0.0,0.0,0.0,0.0,18473,global,0.0
3,2,lr5e-05_bs8_drop0p4_temp2p0_a0p25_b0p05__wd1e-04trmiss0_degmodglobal,8,5e-05,0.0001,0.4,2.0,0.25,0.05,lr5e-05_bs8_drop0p4_temp2p0_a0p25_b0p05__wd1e-04trmiss0_degmodglobal,34,0.6696727190698896,0.7423300445079803,0.475,0.6201704545454545,0.38461538461538464,0.0,0.5544855168887547,0.6392620461327689,0.07905215078166553,0.21295259999377386,0.0,0.0,0.0,0.0,0.0,18473,global,0.0
3,2,lr5e-05_bs8_drop0p4_temp2p0_a0p25_b0p05__wd1e-04trmiss0_degmodglobal,8,5e-05,0.0001,0.4,2.0,0.25,0.05,lr5e-05_bs8_drop0p4_temp2p0_a0p25_b0p05__wd1e-04trmiss0_degmodglobal,35,0.6343256746019635,0.7374882400035858,0.49999999999999994,0.6313311688311688,0.38461538461538464,0.0,0.5338796206883022,0.6035404631069728,0.07664835027285985,0.23246266692876816,0.0,0.0,0.0,0.0,0.0,18473,global,0.0
3,2,lr5e-05_bs8_drop0p4_temp2p0_a0p25_b0p05__wd1e-04trmiss0_degmodglobal,8,5e-05,0.0001,0.4,2.0,0.25,0.05,lr5e-05_bs8_drop0p4_temp2p0_a0p25_b0p05__wd1e-04trmiss0_degmodglobal,36,0.683500383581434,0.7393868863582611,0.49999999999999994,0.6313311688311688,0.38461538461538464,0.0,0.5542115015642983,0.6585650869778225,0.06575501284429006,0.16993102644171035,0.0,0.0,0.0,0.0,0.0,18473,global,0.0
3,2,lr5e-05_bs8_drop0p4_temp2p0_a0p25_b0p05__wd1e-04trmiss0_degmodglobal,8,5e-05,0.0001,0.4,2.0,0.25,0.05,lr5e-05_bs8_drop0p4_temp2p0_a0p25_b0p05__wd1e-04trmiss0_degmodglobal,37,0.6313995889254979,0.7381345331668854,0.49999999999999994,0.6313311688311688,0.38461538461538464,0.0,0.5166443373475756,0.6032539180346898,0.07039204931684903,0.2109530812927655,0.0,0.0,0.0,0.0,0.0,18473,global,0.0
3,2,lr5e-05_bs8_drop0p4_temp2p0_a0p25_b0p05__wd1e-04trmiss0_degmodglobal,8,5e-05,0.0001,0.4,2.0,0.25,0.05,lr5e-05_bs8_drop0p4_temp2p0_a0p25_b0p05__wd1e-04trmiss0_degmodglobal,38,0.6322189739772252,0.7369866371154785,0.49999999999999994,0.6285037878787878,0.38461538461538464,0.0,0.5131853861468179,0.6061670184135437,0.06432024708815984,0.1994378353868212,0.0,0.0,0.0,0.0,0.0,18473,global,0.0
3,2,lr5e-05_bs8_drop0p4_temp2p0_a0p25_b0p05__wd1e-04trmiss0_degmodglobal,8,5e-05,0.0001,0.4,2.0,0.25,0.05,lr5e-05_bs8_drop0p4_temp2p0_a0p25_b0p05__wd1e-04trmiss0_degmodglobal,39,0.6538610458374023,0.7376902401447296,0.49999999999999994,0.6285037878787878,0.38461538461538464,0.0,0.5136624872684479,0.6224405424935477,0.07871454368744578,0.2348374021904809,0.0,0.0,0.0,0.0,0.0,18473,global,0.0
3,2,lr5e-05_bs8_drop0p4_temp2p0_a0p25_b0p05__wd1e-04trmiss0_degmodglobal,8,5e-05,0.0001,0.4,2.0,0.25,0.05,lr5e-05_bs8_drop0p4_temp2p0_a0p25_b0p05__wd1e-04trmiss0_degmodglobal,40,0.6386677026748657,0.7392409145832062,0.49999999999999994,0.6285037878787878,0.38461538461538464,0.0,0.48357450536319185,0.5969834838594709,0.11005125833409173,0.283428104860442,0.0,0.0,0.0,0.0,0.0,18473,global,0.0
3,2,lr5e-05_bs8_drop0p4_temp2p0_a0p25_b0p05__wd1e-04trmiss0_degmodglobal,8,5e-05,0.0001,0.4,2.0,0.25,0.05,lr5e-05_bs8_drop0p4_temp2p0_a0p25_b0p05__wd1e-04trmiss0_degmodglobal,41,0.6503328425543649,0.7373713552951813,0.49999999999999994,0.6285037878787878,0.38461538461538464,0.0,0.5221034330981118,0.6240407654217311,0.06695489159652165,0.19106704954590117,0.0,0.0,0.0,0.0,0.0,18473,global,0.0
3,2,lr5e-05_bs8_drop0p4_temp2p0_a0p25_b0p05__wd1e-04trmiss0_degmodglobal,8,5e-05,0.0001,0.4,2.0,0.25,0.05,lr5e-05_bs8_drop0p4_temp2p0_a0p25_b0p05__wd1e-04trmiss0_degmodglobal,42,0.6369325944355556,0.7361423671245575,0.49999999999999994,0.6285037878787878,0.38461538461538464,0.0,0.4952999268259321,0.5964801907539368,0.10850358275430542,0.2665301848735128,0.0,0.0,0.0,0.0,0.0,18473,global,0.0
3,2,lr1e-05_bs8_drop0p2_temp1p0_a0p25_b0p05__wd1e-04trmiss0_degmodglobal,8,1e-05,0.0001,0.2,1.0,0.25,0.05,lr1e-05_bs8_drop0p2_temp1p0_a0p25_b0p05__wd1e-04trmiss0_degmodglobal,1,0.726250341960362,0.7039084732532501,0.525,0.699393315018315,0.46153846153846156,0.0,0.7413143941334316,0.7032049724033901,0.05390947684645653,0.19136012664863042,0.0,0.0,0.0,0.0,0.0,18473,global,0.0
3,2,lr1e-05_bs8_drop0p2_temp1p0_a0p25_b0p05__wd1e-04trmiss0_degmodglobal,8,1e-05,0.0001,0.2,1.0,0.25,0.05,lr1e-05_bs8_drop0p2_temp1p0_a0p25_b0p05__wd1e-04trmiss0_degmodglobal,2,0.7124655161585126,0.7034153938293457,0.5499999999999999,0.7450101981351981,0.46153846153846156,0.0,0.74693215744836,0.6868655511311123,0.05961656357560839,0.21391639060207776,0.0,0.0,0.0,0.0,0.0,18473,global,0.0
3,2,lr1e-05_bs8_drop0p2_temp1p0_a0p25_b0p05__wd1e-04trmiss0_degmodglobal,8,1e-05,0.0001,0.2,1.0,0.25,0.05,lr1e-05_bs8_drop0p2_temp1p0_a0p25_b0p05__wd1e-04trmiss0_degmodglobal,3,0.722590480531965,0.7014093697071075,0.5499999999999999,0.7450101981351981,0.46153846153846156,0.0,0.749273555619376,0.6919018626213074,0.06506795329707009,0.2884326513324465,0.0,0.0,0.0,0.0,0.0,18473,global,0.0
3,2,lr1e-05_bs8_drop0p2_temp1p0_a0p25_b0p05__wd1e-04trmiss0_degmodglobal,8,1e-05,0.0001,0.2,1.0,0.25,0.05,lr1e-05_bs8_drop0p2_temp1p0_a0p25_b0p05__wd1e-04trmiss0_degmodglobal,4,0.707197265965598,0.7023070454597473,0.6,0.7728375790875791,0.5384615384615384,0.0,0.7398404393877301,0.6807934130941119,0.05857611607228007,0.23519646482808249,0.0,0.0,0.0,0.0,0.0,18473,global,0.0
3,2,lr1e-05_bs8_drop0p2_temp1p0_a0p25_b0p05__wd1e-04trmiss0_degmodglobal,8,1e-05,0.0001,0.2,1.0,0.25,0.05,lr1e-05_bs8_drop0p2_temp1p0_a0p25_b0p05__wd1e-04trmiss0_degmodglobal,5,0.6662392701421466,0.7012483179569244,0.625,0.7832542457542457,0.6153846153846154,0.0,0.7316491263253349,0.6389755095754351,0.06171988749078342,0.2366760532770838,0.0,0.0,0.0,0.0,0.0,18473,global,0.0
3,2,lr1e-05_bs8_drop0p2_temp1p0_a0p25_b0p05__wd1e-04trmiss0_degmodglobal,8,1e-05,0.0001,0.2,1.0,0.25,0.05,lr1e-05_bs8_drop0p2_temp1p0_a0p25_b0p05__wd1e-04trmiss0_degmodglobal,6,0.6834241662706647,0.7019636631011963,0.6000000000000001,0.7810897435897436,0.6153846153846154,0.0,0.7350664138793945,0.659009941986629,0.05406120206628527,0.2179784902504512,0.0,0.0,0.0,0.0,0.0,18473,global,0.0
3,2,lr1e-05_bs8_drop0p2_temp1p0_a0p25_b0p05__wd1e-04trmiss0_degmodglobal,8,1e-05,0.0001,0.2,1.0,0.25,0.05,lr1e-05_bs8_drop0p2_temp1p0_a0p25_b0p05__wd1e-04trmiss0_degmodglobal,7,0.6751514843532017,0.700210303068161,0.6500000000000001,0.8048992673992674,0.6153846153846154,0.0,0.6913158467837742,0.6540599891117641,0.04984569123813084,0.172601224056312,0.0,0.0,0.0,0.0,0.0,18473,global,0.0
3,2,lr1e-05_bs8_drop0p2_temp1p0_a0p25_b0p05__wd1e-04trmiss0_degmodglobal,8,1e-05,0.0001,0.2,1.0,0.25,0.05,lr1e-05_bs8_drop0p2_temp1p0_a0p25_b0p05__wd1e-04trmiss0_degmodglobal,8,0.668498158454895,0.7034868896007538,0.6,0.7498397435897437,0.6153846153846154,0.0,0.7221484524863107,0.6485444477626255,0.04537007798041616,0.17222380957433156,0.0,0.0,0.0,0.0,0.0,18473,global,0.0
3,2,lr1e-05_bs8_drop0p2_temp1p0_a0p25_b0p05__wd1e-04trmiss0_degmodglobal,8,1e-05,0.0001,0.2,1.0,0.25,0.05,lr1e-05_bs8_drop0p2_temp1p0_a0p25_b0p05__wd1e-04trmiss0_degmodglobal,9,0.661225506237575,0.7013162076473236,0.625,0.7915064102564103,0.5384615384615384,0.0,0.710498937538692,0.634095277105059,0.06202002747782639,0.2325044306261199,0.0,0.0,0.0,0.0,0.0,18473,global,0.0
3,2,lr1e-05_bs8_drop0p2_temp1p0_a0p25_b0p05__wd1e-04trmiss0_degmodglobal,8,1e-05,0.0001,0.2,1.0,0.25,0.05,lr1e-05_bs8_drop0p2_temp1p0_a0p25_b0p05__wd1e-04trmiss0_degmodglobal,10,0.6623518126351493,0.7006789147853851,0.625,0.7915064102564103,0.5384615384615384,0.0,0.7454495344843183,0.6382792677198138,0.05502284584300859,0.2063369458275182,0.0,0.0,0.0,0.0,0.0,18473,global,0.0
3,2,lr1e-05_bs8_drop0p2_temp1p0_a0p25_b0p05__wd1e-04trmiss0_degmodglobal,8,1e-05,0.0001,0.2,1.0,0.25,0.05,lr1e-05_bs8_drop0p2_temp1p0_a0p25_b0p05__wd1e-04trmiss0_degmodglobal,11,0.6440535102571759,0.7057228982448578,0.575,0.7599587912087913,0.6153846153846154,0.0,0.7275147523198809,0.6220110314232963,0.04754006330456052,0.20314918884209224,0.0,0.0,0.0,0.0,0.0,18473,global,0.0
3,2,lr1e-05_bs8_drop0p2_temp1p0_a0p25_b0p05__wd1e-04trmiss0_degmodglobal,8,1e-05,0.0001,0.2,1.0,0.25,0.05,lr1e-05_bs8_drop0p2_temp1p0_a0p25_b0p05__wd1e-04trmiss0_degmodglobal,12,0.6571100609643119,0.7081254720687866,0.5750000000000001,0.7727564102564103,0.6153846153846154,0.0,0.715876076902662,0.6396428431783404,0.037318680967603414,0.1627507018191474,0.0,0.0,0.0,0.0,0.0,18473,global,0.0
3,2,lr1e-05_bs8_drop0p2_temp1p0_a0p25_b0p05__wd1e-04trmiss0_degmodglobal,8,1e-05,0.0001,0.2,1.0,0.25,0.05,lr1e-05_bs8_drop0p2_temp1p0_a0p25_b0p05__wd1e-04trmiss0_degmodglobal,13,0.6434720924922398,0.7092264890670776,0.55,0.7495421245421245,0.6153846153846154,0.0,0.6968557238578796,0.6231870906693595,0.04928372268165861,0.15928127935954503,0.0,0.0,0.0,0.0,0.0,18473,global,0.0
3,2,lr1e-05_bs8_drop0p2_temp1p0_a0p25_b0p05__wd1e-04trmiss0_degmodglobal,8,1e-05,0.0001,0.2,1.0,0.25,0.05,lr1e-05_bs8_drop0p2_temp1p0_a0p25_b0p05__wd1e-04trmiss0_degmodglobal,14,0.6368508168629238,0.7088917791843414,0.525,0.7307921245421245,0.6153846153846154,0.0,0.7127892545291356,0.615279495716095,0.047714066824742725,0.19285622451986587,0.0,0.0,0.0,0.0,0.0,18473,global,0.0
3,2,lr1e-05_bs8_drop0p2_temp1p0_a0p25_b0p05__wd1e-04trmiss0_degmodglobal,8,1e-05,0.0001,0.2,1.0,0.25,0.05,lr1e-05_bs8_drop0p2_temp1p0_a0p25_b0p05__wd1e-04trmiss0_degmodglobal,15,0.6321441956928798,0.7077641785144806,0.525,0.7307921245421245,0.6153846153846154,0.0,0.6820623448916844,0.6113278440066746,0.04746018882308688,0.1790261779512678,0.0,0.0,0.0,0.0,0.0,18473,global,0.0
3,2,lr1e-05_bs8_drop0p2_temp1p0_a0p25_b0p05__wd1e-04trmiss0_degmodglobal,8,1e-05,0.0001,0.2,1.0,0.25,0.05,lr1e-05_bs8_drop0p2_temp1p0_a0p25_b0p05__wd1e-04trmiss0_degmodglobal,16,0.6275983197348458,0.7102791666984558,0.55,0.7495421245421245,0.6153846153846154,0.0,0.6946649381092617,0.6067185061318534,0.051810959087950845,0.15854174856628692,0.0,0.0,0.0,0.0,0.0,18473,global,0.0
3,2,lr1e-05_bs8_drop0p2_temp1p0_a0p25_b0p05__wd1e-04trmiss0_degmodglobal,8,1e-05,0.0001,0.2,1.0,0.25,0.05,lr1e-05_bs8_drop0p2_temp1p0_a0p25_b0p05__wd1e-04trmiss0_degmodglobal,17,0.6343645623752049,0.7111664116382599,0.5,0.7224587912087912,0.6153846153846154,0.0,0.7107827833720616,0.6112394418035235,0.053779155548129766,0.19360641815832683,0.0,0.0,0.0,0.0,0.0,18473,global,0.0
3,2,lr1e-05_bs8_drop0p2_temp1p0_a0p25_b0p05__wd1e-04trmiss0_degmodglobal,8,1e-05,0.0001,0.2,1.0,0.25,0.05,lr1e-05_bs8_drop0p2_temp1p0_a0p25_b0p05__wd1e-04trmiss0_degmodglobal,18,0.6290131892476764,0.7103087306022644,0.5,0.7224587912087912,0.6153846153846154,0.0,0.6830570953232902,0.612041175365448,0.03795970231294632,0.14964202152831213,0.0,0.0,0.0,0.0,0.0,18473,global,0.0
3,2,lr1e-05_bs8_drop0p2_temp1p0_a0p25_b0p05__wd1e-04trmiss0_degmodglobal,8,1e-05,0.0001,0.2,1.0,0.25,0.05,lr1e-05_bs8_drop0p2_temp1p0_a0p25_b0p05__wd1e-04trmiss0_degmodglobal,19,0.633381690297808,0.7111863195896149,0.475,0.7156406093906094,0.6153846153846154,0.0,0.6957166024616787,0.6138021349906921,0.04636432629610811,0.15976961329579353,0.0,0.0,0.0,0.0,0.0,18473,global,0.0
3,2,lr1e-05_bs8_drop0p2_temp1p0_a0p25_b0p05__wd1e-04trmiss0_degmodglobal,8,1e-05,0.0001,0.2,1.0,0.25,0.05,lr1e-05_bs8_drop0p2_temp1p0_a0p25_b0p05__wd1e-04trmiss0_degmodglobal,20,0.6384460926055908,0.7128274142742157,0.475,0.7156406093906094,0.6153846153846154,0.0,0.705577186175755,0.6186245509556362,0.04409847541579178,0.17593841041837419,0.0,0.0,0.0,0.0,0.0,18473,global,0.0
3,2,lr1e-05_bs8_drop0p2_temp1p0_a0p25_b0p05__wd1e-04trmiss0_degmodglobal,8,1e-05,0.0001,0.2,1.0,0.25,0.05,lr1e-05_bs8_drop0p2_temp1p0_a0p25_b0p05__wd1e-04trmiss0_degmodglobal,21,0.6289866396359035,0.7098021805286407,0.475,0.7156406093906094,0.5384615384615384,0.0,0.6563640577452523,0.6108069845608303,0.04274545929261616,0.14986579013722284,0.0,0.0,0.0,0.0,0.0,18473,global,0.0
3,2,lr1e-05_bs8_drop0p2_temp1p0_a0p25_b0p05__wd1e-04trmiss0_degmodglobal,8,1e-05,0.0001,0.2,1.0,0.25,0.05,lr1e-05_bs8_drop0p2_temp1p0_a0p25_b0p05__wd1e-04trmiss0_degmodglobal,22,0.6315451179231916,0.7104089856147766,0.475,0.7156406093906094,0.6153846153846154,0.0,0.6899088876588004,0.6123150501932416,0.0462447992925133,0.15337731263467244,0.0,0.0,0.0,0.0,0.0,18473,global,0.0
3,2,lr1e-05_bs8_drop0p2_temp1p0_a0p25_b0p05__wd1e-04trmiss0_degmodglobal,8,1e-05,0.0001,0.2,1.0,0.25,0.05,lr1e-05_bs8_drop0p2_temp1p0_a0p25_b0p05__wd1e-04trmiss0_degmodglobal,23,0.621213402066912,0.7140651643276215,0.475,0.7156406093906094,0.6153846153846154,0.0,0.6802640812737601,0.6013044714927673,0.046349507357392995,0.1664310927901949,0.0,0.0,0.0,0.0,0.0,18473,global,0.0
3,2,lr1e-05_bs8_drop0p2_temp1p0_a0p25_b0p05__wd1e-04trmiss0_degmodglobal,8,1e-05,0.0001,0.2,1.0,0.25,0.05,lr1e-05_bs8_drop0p2_temp1p0_a0p25_b0p05__wd1e-04trmiss0_degmodglobal,24,0.6084393433162144,0.71136274933815,0.525,0.7307921245421245,0.6153846153846154,0.0,0.6588472127914429,0.5887858527047294,0.0477581186486142,0.1542791160089629,0.0,0.0,0.0,0.0,0.0,18473,global,0.0
3,2,lr1e-05_bs8_drop0p2_temp1p0_a0p25_b0p05__wd1e-04trmiss0_degmodglobal,8,1e-05,0.0001,0.2,1.0,0.25,0.05,lr1e-05_bs8_drop0p2_temp1p0_a0p25_b0p05__wd1e-04trmiss0_degmodglobal,25,0.6026819348335266,0.7131639719009399,0.525,0.7307921245421245,0.6153846153846154,0.0,0.6856182217597961,0.5812258805547442,0.05040810416851725,0.177080614226205,0.0,0.0,0.0,0.0,0.0,18473,global,0.0
3,2,lr1e-05_bs8_drop0p2_temp1p0_a0p25_b0p05__wd1e-04trmiss0_degmodglobal,8,1e-05,0.0001,0.2,1.0,0.25,0.05,lr1e-05_bs8_drop0p2_temp1p0_a0p25_b0p05__wd1e-04trmiss0_degmodglobal,26,0.6202443242073059,0.7134346067905426,0.475,0.7156406093906094,0.6153846153846154,0.0,0.6697746600423541,0.5994716712406704,0.0499023183115891,0.1659412341458457,0.0,0.0,0.0,0.0,0.0,18473,global,0.0
3,2,lr1e-05_bs8_drop0p2_temp1p0_a0p25_b0p05__wd1e-04trmiss0_degmodglobal,8,1e-05,0.0001,0.2,1.0,0.25,0.05,lr1e-05_bs8_drop0p2_temp1p0_a0p25_b0p05__wd1e-04trmiss0_degmodglobal,27,0.636508413723537,0.7152424156665802,0.5,0.7224587912087912,0.6153846153846154,0.0,0.6971140248434884,0.616213355745588,0.04839019211275237,0.16395019739866257,0.0,0.0,0.0,0.0,0.0,18473,global,0.0
3,2,lr1e-05_bs8_drop0p2_temp2p0_a0p25_b0p05__wd1e-04trmiss0_degmodglobal,8,1e-05,0.0001,0.2,2.0,0.25,0.05,lr1e-05_bs8_drop0p2_temp2p0_a0p25_b0p05__wd1e-04trmiss0_degmodglobal,1,0.695074302809579,0.647340327501297,0.575,0.7514204545454545,0.6153846153846154,0.0,0.6643676502364022,0.677973312991006,0.045014104672840664,0.11694953697068351,0.0,0.0,0.0,0.0,0.0,18473,global,0.0
3,2,lr1e-05_bs8_drop0p2_temp2p0_a0p25_b0p05__wd1e-04trmiss0_degmodglobal,8,1e-05,0.0001,0.2,2.0,0.25,0.05,lr1e-05_bs8_drop0p2_temp2p0_a0p25_b0p05__wd1e-04trmiss0_degmodglobal,2,0.6981395653315953,0.6499949991703033,0.5,0.7143554362304363,0.6153846153846154,0.0,0.6584183488573346,0.6816542063440595,0.04385797626205853,0.11041722127369472,0.0,0.0,0.0,0.0,0.0,18473,global,0.0
3,2,lr1e-05_bs8_drop0p2_temp2p0_a0p25_b0p05__wd1e-04trmiss0_degmodglobal,8,1e-05,0.0001,0.2,2.0,0.25,0.05,lr1e-05_bs8_drop0p2_temp2p0_a0p25_b0p05__wd1e-04trmiss0_degmodglobal,3,0.6970988512039185,0.6523030400276184,0.5,0.6967147435897436,0.6153846153846154,0.0,0.6666214125497001,0.6794287306921822,0.046708366966673305,0.1198604628443718,0.0,0.0,0.0,0.0,0.0,18473,global,0.0
3,2,lr1e-05_bs8_drop0p2_temp2p0_a0p25_b0p05__wd1e-04trmiss0_degmodglobal,8,1e-05,0.0001,0.2,2.0,0.25,0.05,lr1e-05_bs8_drop0p2_temp2p0_a0p25_b0p05__wd1e-04trmiss0_degmodglobal,4,0.6894677196230207,0.6535778343677521,0.5,0.6914387695637696,0.6153846153846154,0.0,0.6514360904693604,0.6740963288715908,0.04295580913977964,0.092648981405156,0.0,0.0,0.0,0.0,0.0,18473,global,0.0
3,2,lr1e-05_bs8_drop0p2_temp2p0_a0p25_b0p05__wd1e-04trmiss0_degmodglobal,8,1e-05,0.0001,0.2,2.0,0.25,0.05,lr1e-05_bs8_drop0p2_temp2p0_a0p25_b0p05__wd1e-04trmiss0_degmodglobal,5,0.6786147611481803,0.6539590954780579,0.5499999999999999,0.7145042457542458,0.6153846153846154,0.0,0.6641990372112819,0.660024915422712,0.04948388572250094,0.12437761734638896,0.0,0.0,0.0,0.0,0.0,18473,global,0.0
3,2,lr1e-05_bs8_drop0p2_temp2p0_a0p25_b0p05__wd1e-04trmiss0_degmodglobal,8,1e-05,0.0001,0.2,2.0,0.25,0.05,lr1e-05_bs8_drop0p2_temp2p0_a0p25_b0p05__wd1e-04trmiss0_degmodglobal,6,0.6980957984924316,0.6523880064487457,0.625,0.7807921245421245,0.6153846153846154,0.0,0.6374462332044329,0.6784747668675014,0.05411132691161973,0.121864025081907,0.0,0.0,0.0,0.0,0.0,18473,global,0.0
3,2,lr1e-05_bs8_drop0p2_temp2p0_a0p25_b0p05__wd1e-04trmiss0_degmodglobal,8,1e-05,0.0001,0.2,2.0,0.25,0.05,lr1e-05_bs8_drop0p2_temp2p0_a0p25_b0p05__wd1e-04trmiss0_degmodglobal,7,0.6649344308035714,0.6519473791122437,0.625,0.8008814102564102,0.5384615384615384,0.0,0.6562286615371704,0.6480997545378548,0.04858474699514253,0.09376987389155797,0.0,0.0,0.0,0.0,0.0,18473,global,0.0
3,2,lr1e-05_bs8_drop0p2_temp2p0_a0p25_b0p05__wd1e-04trmiss0_degmodglobal,8,1e-05,0.0001,0.2,2.0,0.25,0.05,lr1e-05_bs8_drop0p2_temp2p0_a0p25_b0p05__wd1e-04trmiss0_degmodglobal,8,0.7001150505883353,0.6520797908306122,0.6000000000000001,0.7842147435897435,0.5384615384615384,0.0,0.6523365718977792,0.6801873700959342,0.05241379514336586,0.13648433238267899,0.0,0.0,0.0,0.0,0.0,18473,global,0.0
3,2,lr1e-05_bs8_drop0p2_temp2p0_a0p25_b0p05__wd1e-04trmiss0_degmodglobal,8,1e-05,0.0001,0.2,2.0,0.25,0.05,lr1e-05_bs8_drop0p2_temp2p0_a0p25_b0p05__wd1e-04trmiss0_degmodglobal,9,0.6623013019561768,0.6495092213153839,0.625,0.8008814102564102,0.5384615384615384,0.0,0.64173994745527,0.6472475273268563,0.044828061546598165,0.07693509757518768,0.0,0.0,0.0,0.0,0.0,18473,global,0.0
3,2,lr1e-05_bs8_drop0p2_temp2p0_a0p25_b0p05__wd1e-04trmiss0_degmodglobal,8,1e-05,0.0001,0.2,2.0,0.25,0.05,lr1e-05_bs8_drop0p2_temp2p0_a0p25_b0p05__wd1e-04trmiss0_degmodglobal,10,0.6909295065062386,0.6504814028739929,0.625,0.8008814102564102,0.5384615384615384,0.0,0.63758385181427,0.6694795915058681,0.05811338126659393,0.13843147137335368,0.0,0.0,0.0,0.0,0.0,18473,global,0.0
3,2,lr1e-05_bs8_drop0p2_temp2p0_a0p25_b0p05__wd1e-04trmiss0_degmodglobal,8,1e-05,0.0001,0.2,2.0,0.25,0.05,lr1e-05_bs8_drop0p2_temp2p0_a0p25_b0p05__wd1e-04trmiss0_degmodglobal,11,0.6784055999347142,0.648899108171463,0.65,0.8258814102564103,0.5384615384615384,0.0,0.6489931770733425,0.6629115683691842,0.04771898314356804,0.07128550644431796,0.0,0.0,0.0,0.0,0.0,18473,global,0.0
3,2,lr1e-05_bs8_drop0p2_temp2p0_a0p25_b0p05__wd1e-04trmiss0_degmodglobal,8,1e-05,0.0001,0.2,2.0,0.25,0.05,lr1e-05_bs8_drop0p2_temp2p0_a0p25_b0p05__wd1e-04trmiss0_degmodglobal,12,0.6762914827891758,0.6500188708305359,0.65,0.8258814102564103,0.5384615384615384,0.0,0.6530485153198242,0.6563666207449776,0.05712730064988136,0.1128604986837932,0.0,0.0,0.0,0.0,0.0,18473,global,0.0
3,2,lr1e-05_bs8_drop0p2_temp2p0_a0p25_b0p05__wd1e-04trmiss0_degmodglobal,8,1e-05,0.0001,0.2,2.0,0.25,0.05,lr1e-05_bs8_drop0p2_temp2p0_a0p25_b0p05__wd1e-04trmiss0_degmodglobal,13,0.6464011073112488,0.6492846608161926,0.65,0.8258814102564103,0.5384615384615384,0.0,0.6362814136913845,0.6261290822710309,0.05423238713826452,0.13427853690726416,0.0,0.0,0.0,0.0,0.0,18473,global,0.0
3,2,lr1e-05_bs8_drop0p2_temp2p0_a0p25_b0p05__wd1e-04trmiss0_degmodglobal,8,1e-05,0.0001,0.2,2.0,0.25,0.05,lr1e-05_bs8_drop0p2_temp2p0_a0p25_b0p05__wd1e-04trmiss0_degmodglobal,14,0.6762059245790754,0.6499916315078735,0.65,0.8258814102564103,0.5384615384615384,0.0,0.6243484701429095,0.6569847294262477,0.05314133795244353,0.11871736070939473,0.0,0.0,0.0,0.0,0.0,18473,global,0.0
3,2,lr1e-05_bs8_drop0p2_temp2p0_a0p25_b0p05__wd1e-04trmiss0_degmodglobal,8,1e-05,0.0001,0.2,2.0,0.25,0.05,lr1e-05_bs8_drop0p2_temp2p0_a0p25_b0p05__wd1e-04trmiss0_degmodglobal,15,0.6474907994270325,0.6494863629341125,0.65,0.8258814102564103,0.5384615384615384,0.0,0.632828984941755,0.6289497528757367,0.05610958220703261,0.09027299018842834,0.0,0.0,0.0,0.0,0.0,18473,global,0.0
3,2,lr1e-05_bs8_drop0p2_temp2p0_a0p25_b0p05__wd1e-04trmiss0_degmodglobal,8,1e-05,0.0001,0.2,2.0,0.25,0.05,lr1e-05_bs8_drop0p2_temp2p0_a0p25_b0p05__wd1e-04trmiss0_degmodglobal,16,0.6602948733738491,0.6494430899620056,0.65,0.8258814102564103,0.5384615384615384,0.0,0.6154268128531319,0.6417890787124634,0.05515018318380628,0.09436513270650591,0.0,0.0,0.0,0.0,0.0,18473,global,0.0
3,2,lr1e-05_bs8_drop0p2_temp2p0_a0p25_b0p05__wd1e-04trmiss0_degmodglobal,8,1e-05,0.0001,0.2,2.0,0.25,0.05,lr1e-05_bs8_drop0p2_temp2p0_a0p25_b0p05__wd1e-04trmiss0_degmodglobal,17,0.6684316396713257,0.6500588357448578,0.65,0.8258814102564103,0.5384615384615384,0.0,0.635296140398298,0.6483157021658761,0.05380958052618163,0.13327056275946753,0.0,0.0,0.0,0.0,0.0,18473,global,0.0
3,2,lr1e-05_bs8_drop0p2_temp2p0_a0p25_b0p05__wd1e-04trmiss0_degmodglobal,8,1e-05,0.0001,0.2,2.0,0.25,0.05,lr1e-05_bs8_drop0p2_temp2p0_a0p25_b0p05__wd1e-04trmiss0_degmodglobal,18,0.6625394139971051,0.6511044502258301,0.65,0.8258814102564103,0.5384615384615384,0.0,0.624367322240557,0.6438124775886536,0.05097754991480282,0.11965130695274898,0.0,0.0,0.0,0.0,0.0,18473,global,0.0
3,2,lr1e-05_bs8_drop0p2_temp2p0_a0p25_b0p05__wd1e-04trmiss0_degmodglobal,8,1e-05,0.0001,0.2,2.0,0.25,0.05,lr1e-05_bs8_drop0p2_temp2p0_a0p25_b0p05__wd1e-04trmiss0_degmodglobal,19,0.660842307976314,0.6526637673377991,0.65,0.8258814102564103,0.5384615384615384,0.0,0.6135892782892499,0.6415700827326093,0.05288396882159369,0.12102485873869487,0.0,0.0,0.0,0.0,0.0,18473,global,0.0
3,2,lr1e-05_bs8_drop0p2_temp2p0_a0p25_b0p05__wd1e-04trmiss0_degmodglobal,8,1e-05,0.0001,0.2,2.0,0.25,0.05,lr1e-05_bs8_drop0p2_temp2p0_a0p25_b0p05__wd1e-04trmiss0_degmodglobal,20,0.6635810903140477,0.6495563685894012,0.65,0.8258814102564103,0.5384615384615384,0.0,0.6304314477103097,0.6424844946180072,0.05808986670204571,0.13148263096809387,0.0,0.0,0.0,0.0,0.0,18473,global,0.0
3,2,lr1e-05_bs8_drop0p2_temp2p0_a0p25_b0p05__wd1e-04trmiss0_degmodglobal,8,1e-05,0.0001,0.2,2.0,0.25,0.05,lr1e-05_bs8_drop0p2_temp2p0_a0p25_b0p05__wd1e-04trmiss0_degmodglobal,21,0.6478744234357562,0.65138840675354,0.65,0.8258814102564103,0.5384615384615384,0.0,0.604871928691864,0.6312278594289508,0.051201561731951575,0.07692343688436917,0.0,0.0,0.0,0.0,0.0,18473,global,0.0
3,2,lr1e-05_bs8_drop0p2_temp2p0_a0p25_b0p05__wd1e-04trmiss0_degmodglobal,8,1e-05,0.0001,0.2,2.0,0.25,0.05,lr1e-05_bs8_drop0p2_temp2p0_a0p25_b0p05__wd1e-04trmiss0_degmodglobal,22,0.65671249798366,0.6530301570892334,0.65,0.8258814102564103,0.5384615384615384,0.0,0.6123370230197906,0.6380772931235177,0.054858306156737466,0.09841227691088404,0.0,0.0,0.0,0.0,0.0,18473,global,0.0
3,2,lr1e-05_bs8_drop0p2_temp2p0_a0p25_b0p05__wd1e-04trmiss0_degmodglobal,8,1e-05,0.0001,0.2,2.0,0.25,0.05,lr1e-05_bs8_drop0p2_temp2p0_a0p25_b0p05__wd1e-04trmiss0_degmodglobal,23,0.6461629101208278,0.6542294025421143,0.65,0.8258814102564103,0.5384615384615384,0.0,0.6069090110915047,0.6280523027692523,0.05271998420357704,0.098612319411976,0.0,0.0,0.0,0.0,0.0,18473,global,0.0
3,2,lr1e-05_bs8_drop0p2_temp2p0_a0p25_b0p05__wd1e-04trmiss0_degmodglobal,8,1e-05,0.0001,0.2,2.0,0.25,0.05,lr1e-05_bs8_drop0p2_temp2p0_a0p25_b0p05__wd1e-04trmiss0_degmodglobal,24,0.6501986128943307,0.6534411311149597,0.625,0.8179268648018647,0.5384615384615384,0.0,0.6028048736708504,0.630989100251879,0.05335183707731111,0.11743102754865374,0.0,0.0,0.0,0.0,0.0,18473,global,0.0
3,2,lr1e-05_bs8_drop0p2_temp2p0_a0p25_b0p05__wd1e-04trmiss0_degmodglobal,8,1e-05,0.0001,0.2,2.0,0.25,0.05,lr1e-05_bs8_drop0p2_temp2p0_a0p25_b0p05__wd1e-04trmiss0_degmodglobal,25,0.638780551297324,0.6541713774204254,0.65,0.8258814102564103,0.5384615384615384,0.0,0.6126355699130467,0.6178513254438128,0.06100389574255262,0.1135650101516928,0.0,0.0,0.0,0.0,0.0,18473,global,0.0
3,2,lr1e-05_bs8_drop0p2_temp2p0_a0p25_b0p05__wd1e-04trmiss0_degmodglobal,8,1e-05,0.0001,0.2,2.0,0.25,0.05,lr1e-05_bs8_drop0p2_temp2p0_a0p25_b0p05__wd1e-04trmiss0_degmodglobal,26,0.6604975887707302,0.656464546918869,0.625,0.8179268648018647,0.5384615384615384,0.0,0.6248033131871905,0.6418475593839373,0.05195693485438824,0.11321577749082021,0.0,0.0,0.0,0.0,0.0,18473,global,0.0
3,2,lr1e-05_bs8_drop0p2_temp2p0_a0p25_b0p05__wd1e-04trmiss0_degmodglobal,8,1e-05,0.0001,0.2,2.0,0.25,0.05,lr1e-05_bs8_drop0p2_temp2p0_a0p25_b0p05__wd1e-04trmiss0_degmodglobal,27,0.6528462427003043,0.6557693779468536,0.65,0.8258814102564103,0.5384615384615384,0.0,0.6084211383547101,0.6347613675253732,0.04865013488701412,0.11844684396471296,0.0,0.0,0.0,0.0,0.0,18473,global,0.0
3,2,lr1e-05_bs8_drop0p2_temp2p0_a0p25_b0p05__wd1e-04trmiss0_degmodglobal,8,1e-05,0.0001,0.2,2.0,0.25,0.05,lr1e-05_bs8_drop0p2_temp2p0_a0p25_b0p05__wd1e-04trmiss0_degmodglobal,28,0.6524784054074969,0.6567932069301605,0.6000000000000001,0.7842147435897435,0.5384615384615384,0.0,0.6002862453460693,0.6334607771464756,0.05566055966275079,0.10204992230449404,0.0,0.0,0.0,0.0,0.0,18473,global,0.0
3,2,lr1e-05_bs8_drop0p2_temp2p0_a0p25_b0p05__wd1e-04trmiss0_degmodglobal,8,1e-05,0.0001,0.2,2.0,0.25,0.05,lr1e-05_bs8_drop0p2_temp2p0_a0p25_b0p05__wd1e-04trmiss0_degmodglobal,29,0.6747302498136248,0.6577693521976471,0.6000000000000001,0.7842147435897435,0.5384615384615384,0.0,0.5990999341011047,0.65338534116745,0.05645175491060529,0.14463909608977182,0.0,0.0,0.0,0.0,0.0,18473,global,0.0
3,2,lr1e-05_bs8_drop0p2_temp2p0_a0p25_b0p05__wd1e-04trmiss0_degmodglobal,8,1e-05,0.0001,0.2,2.0,0.25,0.05,lr1e-05_bs8_drop0p2_temp2p0_a0p25_b0p05__wd1e-04trmiss0_degmodglobal,30,0.6563713806016105,0.6583328545093536,0.6000000000000001,0.7842147435897435,0.5384615384615384,0.0,0.611626650605883,0.6378722361155919,0.055213353995765956,0.0939163299543517,0.0,0.0,0.0,0.0,0.0,18473,global,0.0
3,2,lr1e-05_bs8_drop0p2_temp2p0_a0p25_b0p05__wd1e-04trmiss0_degmodglobal,8,1e-05,0.0001,0.2,2.0,0.25,0.05,lr1e-05_bs8_drop0p2_temp2p0_a0p25_b0p05__wd1e-04trmiss0_degmodglobal,31,0.6542324083192008,0.6631051898002625,0.5499999999999999,0.7450101981351981,0.5384615384615384,0.0,0.5984533684594291,0.6333658354622977,0.0582967357976096,0.12584794844899858,0.0,0.0,0.0,0.0,0.0,18473,global,0.0
3,2,lr1e-05_bs8_drop0p4_temp1p0_a0p25_b0p05__wd1e-04trmiss0_degmodglobal,8,1e-05,0.0001,0.4,1.0,0.25,0.05,lr1e-05_bs8_drop0p4_temp1p0_a0p25_b0p05__wd1e-04trmiss0_degmodglobal,1,0.73618597643716,1.5959816575050354,0.35,0.5759084665334666,0.3076923076923077,0.0,0.7350195901734489,0.7143723624093192,0.05697372502514294,0.1514036219034876,0.0,0.0,0.0,0.0,0.0,18473,global,0.0
3,2,lr1e-05_bs8_drop0p4_temp1p0_a0p25_b0p05__wd1e-04trmiss0_degmodglobal,8,1e-05,0.0001,0.4,1.0,0.25,0.05,lr1e-05_bs8_drop0p4_temp1p0_a0p25_b0p05__wd1e-04trmiss0_degmodglobal,2,0.7285888280187335,1.825838178396225,0.375,0.5827266483516484,0.38461538461538464,0.0,0.7388238225664411,0.7078168562480381,0.05398280120321682,0.1455251436148371,0.0,0.0,0.0,0.0,0.0,18473,global,0.0
3,2,lr1e-05_bs8_drop0p4_temp1p0_a0p25_b0p05__wd1e-04trmiss0_degmodglobal,8,1e-05,0.0001,0.4,1.0,0.25,0.05,lr1e-05_bs8_drop0p4_temp1p0_a0p25_b0p05__wd1e-04trmiss0_degmodglobal,3,0.7121194175311497,2.0361773669719696,0.375,0.5827266483516484,0.38461538461538464,0.0,0.7292744772774833,0.6911665882383075,0.05551306051867349,0.14149125745253904,0.0,0.0,0.0,0.0,0.0,18473,global,0.0
3,2,lr1e-05_bs8_drop0p4_temp1p0_a0p25_b0p05__wd1e-04trmiss0_degmodglobal,8,1e-05,0.0001,0.4,1.0,0.25,0.05,lr1e-05_bs8_drop0p4_temp1p0_a0p25_b0p05__wd1e-04trmiss0_degmodglobal,4,0.7030668173517499,2.206963390111923,0.375,0.5827266483516484,0.3076923076923077,0.0,0.7041925532477242,0.6823127865791321,0.05855712108314037,0.12229512206145696,0.0,0.0,0.0,0.0,0.0,18473,global,0.0
3,2,lr1e-05_bs8_drop0p4_temp1p0_a0p25_b0p05__wd1e-04trmiss0_degmodglobal,8,1e-05,0.0001,0.4,1.0,0.25,0.05,lr1e-05_bs8_drop0p4_temp1p0_a0p25_b0p05__wd1e-04trmiss0_degmodglobal,5,0.7059306502342224,2.311965972185135,0.375,0.5827266483516484,0.3076923076923077,0.0,0.6764155455998012,0.6881187047277179,0.04863259622028896,0.11307588379297938,0.0,0.0,0.0,0.0,0.0,18473,global,0.0
3,2,lr1e-05_bs8_drop0p4_temp1p0_a0p25_b0p05__wd1e-04trmiss0_degmodglobal,8,1e-05,0.0001,0.4,1.0,0.25,0.05,lr1e-05_bs8_drop0p4_temp1p0_a0p25_b0p05__wd1e-04trmiss0_degmodglobal,6,0.703628156866346,2.3901427388191223,0.375,0.5827266483516484,0.3076923076923077,0.0,0.6708557690892901,0.6823028240885053,0.05964329945189612,0.12829007261565753,0.0,0.0,0.0,0.0,0.0,18473,global,0.0
3,2,lr1e-05_bs8_drop0p4_temp1p0_a0p25_b0p05__wd1e-04trmiss0_degmodglobal,8,1e-05,0.0001,0.4,1.0,0.25,0.05,lr1e-05_bs8_drop0p4_temp1p0_a0p25_b0p05__wd1e-04trmiss0_degmodglobal,7,0.6946062105042594,2.3540072441101074,0.375,0.5827266483516484,0.3076923076923077,0.0,0.6912224037306649,0.6779267958232335,0.04466222066964422,0.11027687947664942,0.0,0.0,0.0,0.0,0.0,18473,global,0.0
3,2,lr1e-05_bs8_drop0p4_temp1p0_a0p25_b0p05__wd1e-04trmiss0_degmodglobal,8,1e-05,0.0001,0.4,1.0,0.25,0.05,lr1e-05_bs8_drop0p4_temp1p0_a0p25_b0p05__wd1e-04trmiss0_degmodglobal,8,0.7000987955502102,2.352551132440567,0.35,0.5618933150183151,0.38461538461538464,0.0,0.7048974122319903,0.6871883869171143,0.03482441071953092,0.08408620527812413,0.0,0.0,0.0,0.0,0.0,18473,global,0.0
3,2,lr1e-05_bs8_drop0p4_temp1p0_a0p25_b0p05__wd1e-04trmiss0_degmodglobal,8,1e-05,0.0001,0.4,1.0,0.25,0.05,lr1e-05_bs8_drop0p4_temp1p0_a0p25_b0p05__wd1e-04trmiss0_degmodglobal,9,0.6954893214362008,2.377890944480896,0.375,0.5743933150183151,0.46153846153846156,0.0,0.6959628122193473,0.6796228630202157,0.04282997229269573,0.10317907269511904,0.0,0.0,0.0,0.0,0.0,18473,global,0.0
3,2,lr1e-05_bs8_drop0p4_temp1p0_a0p25_b0p05__wd1e-04trmiss0_degmodglobal,8,1e-05,0.0001,0.4,1.0,0.25,0.05,lr1e-05_bs8_drop0p4_temp1p0_a0p25_b0p05__wd1e-04trmiss0_degmodglobal,10,0.6758946350642613,2.390033930540085,0.375,0.5743933150183151,0.38461538461538464,0.0,0.6880297831126622,0.6554874948092869,0.05168699047395161,0.14970784368259565,0.0,0.0,0.0,0.0,0.0,18473,global,0.0
3,2,lr1e-05_bs8_drop0p4_temp1p0_a0p25_b0p05__wd1e-04trmiss0_degmodglobal,8,1e-05,0.0001,0.4,1.0,0.25,0.05,lr1e-05_bs8_drop0p4_temp1p0_a0p25_b0p05__wd1e-04trmiss0_degmodglobal,11,0.6944027372768947,2.3763802647590637,0.375,0.5743933150183151,0.38461538461538464,0.0,0.6717349205698285,0.6737599798611232,0.05554704314896038,0.1351199820637703,0.0,0.0,0.0,0.0,0.0,18473,global,0.0
3,2,lr1e-05_bs8_drop0p4_temp1p0_a0p25_b0p05__wd1e-04trmiss0_degmodglobal,8,1e-05,0.0001,0.4,1.0,0.25,0.05,lr1e-05_bs8_drop0p4_temp1p0_a0p25_b0p05__wd1e-04trmiss0_degmodglobal,12,0.7156370197023664,2.375801295042038,0.35,0.5618933150183151,0.38461538461538464,0.0,0.6825960193361554,0.6893022400992257,0.07164699956774712,0.16846040423427308,0.0,0.0,0.0,0.0,0.0,18473,global,0.0
3,2,lr1e-05_bs8_drop0p4_temp1p0_a0p25_b0p05__wd1e-04trmiss0_degmodglobal,8,1e-05,0.0001,0.4,1.0,0.25,0.05,lr1e-05_bs8_drop0p4_temp1p0_a0p25_b0p05__wd1e-04trmiss0_degmodglobal,13,0.6999881182398114,2.4178233444690704,0.35,0.5618933150183151,0.38461538461538464,0.0,0.6843642847878593,0.6761778678212848,0.06375045010021754,0.1574529574385711,0.0,0.0,0.0,0.0,0.0,18473,global,0.0
3,2,lr1e-05_bs8_drop0p4_temp1p0_a0p25_b0p05__wd1e-04trmiss0_degmodglobal,8,1e-05,0.0001,0.4,1.0,0.25,0.05,lr1e-05_bs8_drop0p4_temp1p0_a0p25_b0p05__wd1e-04trmiss0_degmodglobal,14,0.7021667616707938,2.3792167603969574,0.4,0.581022102897103,0.38461538461538464,0.0,0.6614513312067304,0.6795675413949149,0.05550156107970646,0.1744765043258667,0.0,0.0,0.0,0.0,0.0,18473,global,0.0
3,2,lr1e-05_bs8_drop0p4_temp1p0_a0p25_b0p05__wd1e-04trmiss0_degmodglobal,8,1e-05,0.0001,0.4,1.0,0.25,0.05,lr1e-05_bs8_drop0p4_temp1p0_a0p25_b0p05__wd1e-04trmiss0_degmodglobal,15,0.6988529392651149,2.41059872508049,0.375,0.5743933150183151,0.38461538461538464,0.0,0.6801503045218331,0.6791096074240548,0.051003245902912955,0.13985045786414826,0.0,0.0,0.0,0.0,0.0,18473,global,0.0
3,2,lr1e-05_bs8_drop0p4_temp1p0_a0p25_b0p05__wd1e-04trmiss0_degmodglobal,8,1e-05,0.0001,0.4,1.0,0.25,0.05,lr1e-05_bs8_drop0p4_temp1p0_a0p25_b0p05__wd1e-04trmiss0_degmodglobal,16,0.7096513424600873,2.3818638622760773,0.375,0.5743933150183151,0.38461538461538464,0.0,0.6811964086123875,0.6876935022217887,0.057367585067238124,0.15231929187263762,0.0,0.0,0.0,0.0,0.0,18473,global,0.0
3,2,lr1e-05_bs8_drop0p4_temp1p0_a0p25_b0p05__wd1e-04trmiss0_degmodglobal,8,1e-05,0.0001,0.4,1.0,0.25,0.05,lr1e-05_bs8_drop0p4_temp1p0_a0p25_b0p05__wd1e-04trmiss0_degmodglobal,17,0.6900959100042071,2.4011986553668976,0.375,0.5743933150183151,0.38461538461538464,0.0,0.6647770319666181,0.6623993515968323,0.0716705753334931,0.1955783718398639,0.0,0.0,0.0,0.0,0.0,18473,global,0.0
3,2,lr1e-05_bs8_drop0p4_temp1p0_a0p25_b0p05__wd1e-04trmiss0_degmodglobal,8,1e-05,0.0001,0.4,1.0,0.25,0.05,lr1e-05_bs8_drop0p4_temp1p0_a0p25_b0p05__wd1e-04trmiss0_degmodglobal,18,0.716585465839931,2.4124389588832855,0.375,0.5743933150183151,0.38461538461538464,0.0,0.6940337504659381,0.6849143590245929,0.08246217934148652,0.22111135880861962,0.0,0.0,0.0,0.0,0.0,18473,global,0.0
3,2,lr1e-05_bs8_drop0p4_temp1p0_a0p25_b0p05__wd1e-04trmiss0_degmodglobal,8,1e-05,0.0001,0.4,1.0,0.25,0.05,lr1e-05_bs8_drop0p4_temp1p0_a0p25_b0p05__wd1e-04trmiss0_degmodglobal,19,0.6785316211836678,2.3735380470752716,0.4,0.586298076923077,0.38461538461538464,0.0,0.6581283978053502,0.655997599874224,0.0634579136967659,0.1333910780293601,0.0,0.0,0.0,0.0,0.0,18473,global,0.0
3,2,lr1e-05_bs8_drop0p4_temp1p0_a0p25_b0p05__wd1e-04trmiss0_degmodglobal,8,1e-05,0.0001,0.4,1.0,0.25,0.05,lr1e-05_bs8_drop0p4_temp1p0_a0p25_b0p05__wd1e-04trmiss0_degmodglobal,20,0.683549838406699,2.3307533264160156,0.375,0.5743933150183151,0.38461538461538464,0.0,0.669468879699707,0.6645163382802691,0.049272808113268445,0.13430587840931757,0.0,0.0,0.0,0.0,0.0,18473,global,0.0
3,2,lr1e-05_bs8_drop0p4_temp1p0_a0p25_b0p05__wd1e-04trmiss0_degmodglobal,8,1e-05,0.0001,0.4,1.0,0.25,0.05,lr1e-05_bs8_drop0p4_temp1p0_a0p25_b0p05__wd1e-04trmiss0_degmodglobal,21,0.6911243626049587,2.355697840452194,0.375,0.5743933150183151,0.38461538461538464,0.0,0.6628467355455671,0.667371256010873,0.05824283404009683,0.18384799574102675,0.0,0.0,0.0,0.0,0.0,18473,global,0.0
3,2,lr1e-05_bs8_drop0p4_temp1p0_a0p25_b0p05__wd1e-04trmiss0_degmodglobal,8,1e-05,0.0001,0.4,1.0,0.25,0.05,lr1e-05_bs8_drop0p4_temp1p0_a0p25_b0p05__wd1e-04trmiss0_degmodglobal,22,0.7253989577293396,2.336547464132309,0.4,0.586298076923077,0.3076923076923077,0.0,0.6640180093901498,0.6992450782230922,0.07015270101172584,0.1723140867959176,0.0,0.0,0.0,0.0,0.0,18473,global,0.0
3,2,lr1e-05_bs8_drop0p4_temp1p0_a0p25_b0p05__wd1e-04trmiss0_degmodglobal,8,1e-05,0.0001,0.4,1.0,0.25,0.05,lr1e-05_bs8_drop0p4_temp1p0_a0p25_b0p05__wd1e-04trmiss0_degmodglobal,23,0.7184075202260699,2.3326049149036407,0.375,0.5743933150183151,0.38461538461538464,0.0,0.6364676441465106,0.6937268716948373,0.055437181144952774,0.2164268365928105,0.0,0.0,0.0,0.0,0.0,18473,global,0.0
3,2,lr1e-05_bs8_drop0p4_temp1p0_a0p25_b0p05__wd1e-04trmiss0_degmodglobal,8,1e-05,0.0001,0.4,1.0,0.25,0.05,lr1e-05_bs8_drop0p4_temp1p0_a0p25_b0p05__wd1e-04trmiss0_degmodglobal,24,0.6830496277127948,2.3415934443473816,0.375,0.5743933150183151,0.38461538461538464,0.0,0.6608213952609471,0.6638884203774589,0.05279070032494409,0.11927094470177378,0.0,0.0,0.0,0.0,0.0,18473,global,0.0
3,2,lr1e-05_bs8_drop0p4_temp1p0_a0p25_b0p05__wd1e-04trmiss0_degmodglobal,8,1e-05,0.0001,0.4,1.0,0.25,0.05,lr1e-05_bs8_drop0p4_temp1p0_a0p25_b0p05__wd1e-04trmiss0_degmodglobal,25,0.7113447955676487,2.3535285890102386,0.4,0.5827266483516484,0.3076923076923077,0.0,0.6611261538096836,0.6875372358730861,0.0618079560143607,0.16711133984582766,0.0,0.0,0.0,0.0,0.0,18473,global,0.0
3,2,lr1e-05_bs8_drop0p4_temp1p0_a0p25_b0p05__wd1e-04trmiss0_degmodglobal,8,1e-05,0.0001,0.4,1.0,0.25,0.05,lr1e-05_bs8_drop0p4_temp1p0_a0p25_b0p05__wd1e-04trmiss0_degmodglobal,26,0.6763090491294861,2.340065211057663,0.4,0.5827266483516484,0.3076923076923077,0.0,0.6650123681340899,0.659453707081931,0.046155790399227827,0.10632772956575666,0.0,0.0,0.0,0.0,0.0,18473,global,0.0
3,2,lr1e-05_bs8_drop0p4_temp1p0_a0p25_b0p05__wd1e-04trmiss0_degmodglobal,8,1e-05,0.0001,0.4,1.0,0.25,0.05,lr1e-05_bs8_drop0p4_temp1p0_a0p25_b0p05__wd1e-04trmiss0_degmodglobal,27,0.7012057304382324,2.321675628423691,0.4,0.5827266483516484,0.38461538461538464,0.0,0.6660618696893964,0.6778742671012878,0.0619825225855623,0.15671641060284205,0.0,0.0,0.0,0.0,0.0,18473,global,0.0
3,2,lr1e-05_bs8_drop0p4_temp1p0_a0p25_b0p05__wd1e-04trmiss0_degmodglobal,8,1e-05,0.0001,0.4,1.0,0.25,0.05,lr1e-05_bs8_drop0p4_temp1p0_a0p25_b0p05__wd1e-04trmiss0_degmodglobal,28,0.6775240983281817,2.3254402577877045,0.4,0.5827266483516484,0.38461538461538464,0.0,0.6531370282173157,0.6585442168372018,0.05098745838872024,0.12466044032147952,0.0,0.0,0.0,0.0,0.0,18473,global,0.0
3,2,lr1e-05_bs8_drop0p4_temp1p0_a0p25_b0p05__wd1e-04trmiss0_degmodglobal,8,1e-05,0.0001,0.4,1.0,0.25,0.05,lr1e-05_bs8_drop0p4_temp1p0_a0p25_b0p05__wd1e-04trmiss0_degmodglobal,29,0.7155143959181649,2.3590801656246185,0.4,0.5827266483516484,0.38461538461538464,0.0,0.6476502759116036,0.6857843739645821,0.07214358129671641,0.23388216538088663,0.0,0.0,0.0,0.0,0.0,18473,global,0.0
3,2,lr1e-05_bs8_drop0p4_temp1p0_a0p25_b0p05__wd1e-04trmiss0_degmodglobal,8,1e-05,0.0001,0.4,1.0,0.25,0.05,lr1e-05_bs8_drop0p4_temp1p0_a0p25_b0p05__wd1e-04trmiss0_degmodglobal,30,0.6972969429833549,2.40430611371994,0.4,0.5827266483516484,0.3076923076923077,0.0,0.6513874190194267,0.674301028251648,0.059669461633477895,0.16157089173793793,0.0,0.0,0.0,0.0,0.0,18473,global,0.0
3,2,lr1e-05_bs8_drop0p4_temp1p0_a0p25_b0p05__wd1e-04trmiss0_degmodglobal,8,1e-05,0.0001,0.4,1.0,0.25,0.05,lr1e-05_bs8_drop0p4_temp1p0_a0p25_b0p05__wd1e-04trmiss0_degmodglobal,31,0.6770510928971427,2.400206506252289,0.4,0.5827266483516484,0.38461538461538464,0.0,0.5937372616359166,0.6486584714480809,0.07255189599735397,0.20509286118405207,0.0,0.0,0.0,0.0,0.0,18473,global,0.0
3,2,lr1e-05_bs8_drop0p4_temp1p0_a0p25_b0p05__wd1e-04trmiss0_degmodglobal,8,1e-05,0.0001,0.4,1.0,0.25,0.05,lr1e-05_bs8_drop0p4_temp1p0_a0p25_b0p05__wd1e-04trmiss0_degmodglobal,32,0.6759293930871146,2.3737103939056396,0.4,0.5827266483516484,0.38461538461538464,0.0,0.6385077238082886,0.6545625158718654,0.05363027485353606,0.15918601623603276,0.0,0.0,0.0,0.0,0.0,18473,global,0.0
3,2,lr1e-05_bs8_drop0p4_temp1p0_a0p25_b0p05__wd1e-04trmiss0_degmodglobal,8,1e-05,0.0001,0.4,1.0,0.25,0.05,lr1e-05_bs8_drop0p4_temp1p0_a0p25_b0p05__wd1e-04trmiss0_degmodglobal,33,0.6917655382837568,2.378343254327774,0.4,0.5827266483516484,0.38461538461538464,0.0,0.6120465823582241,0.6649578639439174,0.07096423900553159,0.1813322901725769,0.0,0.0,0.0,0.0,0.0,18473,global,0.0
3,2,lr1e-05_bs8_drop0p4_temp1p0_a0p25_b0p05__wd1e-04trmiss0_degmodglobal,8,1e-05,0.0001,0.4,1.0,0.25,0.05,lr1e-05_bs8_drop0p4_temp1p0_a0p25_b0p05__wd1e-04trmiss0_degmodglobal,34,0.6647435000964573,2.375062257051468,0.4,0.5827266483516484,0.38461538461538464,0.0,0.6304790547915867,0.6411803449903216,0.05959556092108999,0.17328545238290513,0.0,0.0,0.0,0.0,0.0,18473,global,0.0
3,2,lr1e-05_bs8_drop0p4_temp1p0_a0p25_b0p05__wd1e-04trmiss0_degmodglobal,8,1e-05,0.0001,0.4,1.0,0.25,0.05,lr1e-05_bs8_drop0p4_temp1p0_a0p25_b0p05__wd1e-04trmiss0_degmodglobal,35,0.6694953697068351,2.349305361509323,0.4,0.5827266483516484,0.38461538461538464,0.0,0.6400500876562936,0.6472734042576381,0.06852936372160912,0.1017928703555039,0.0,0.0,0.0,0.0,0.0,18473,global,0.0
3,2,lr1e-05_bs8_drop0p4_temp1p0_a0p25_b0p05__wd1e-04trmiss0_degmodglobal,8,1e-05,0.0001,0.4,1.0,0.25,0.05,lr1e-05_bs8_drop0p4_temp1p0_a0p25_b0p05__wd1e-04trmiss0_degmodglobal,36,0.6622497524533953,2.3658226430416107,0.4,0.5827266483516484,0.3076923076923077,0.0,0.6432557191167559,0.6383871521268573,0.06357871794274875,0.1593582576939038,0.0,0.0,0.0,0.0,0.0,18473,global,0.0
3,2,lr1e-05_bs8_drop0p4_temp1p0_a0p25_b0p05__wd1e-04trmiss0_degmodglobal,8,1e-05,0.0001,0.4,1.0,0.25,0.05,lr1e-05_bs8_drop0p4_temp1p0_a0p25_b0p05__wd1e-04trmiss0_degmodglobal,37,0.6730866517339434,2.351789653301239,0.375,0.5743933150183151,0.3076923076923077,0.0,0.6247883694512504,0.6533864736557007,0.056452928110957146,0.11173894735319274,0.0,0.0,0.0,0.0,0.0,18473,global,0.0
3,2,lr1e-05_bs8_drop0p4_temp1p0_a0p25_b0p05__wd1e-04trmiss0_degmodglobal,8,1e-05,0.0001,0.4,1.0,0.25,0.05,lr1e-05_bs8_drop0p4_temp1p0_a0p25_b0p05__wd1e-04trmiss0_degmodglobal,38,0.686948938029153,2.3569092452526093,0.4,0.5827266483516484,0.38461538461538464,0.0,0.6152173961911883,0.6585069979940142,0.07754929895911898,0.1810924272452082,0.0,0.0,0.0,0.0,0.0,18473,global,0.0
3,2,lr1e-05_bs8_drop0p4_temp1p0_a0p25_b0p05__wd1e-04trmiss0_degmodglobal,8,1e-05,0.0001,0.4,1.0,0.25,0.05,lr1e-05_bs8_drop0p4_temp1p0_a0p25_b0p05__wd1e-04trmiss0_degmodglobal,39,0.6754718252590725,2.3597095906734467,0.4,0.5827266483516484,0.38461538461538464,0.0,0.6295142088617597,0.656115072114127,0.05134437392864909,0.13041349979383604,0.0,0.0,0.0,0.0,0.0,18473,global,0.0
3,2,lr1e-05_bs8_drop0p4_temp1p0_a0p25_b0p05__wd1e-04trmiss0_degmodglobal,8,1e-05,0.0001,0.4,1.0,0.25,0.05,lr1e-05_bs8_drop0p4_temp1p0_a0p25_b0p05__wd1e-04trmiss0_degmodglobal,40,0.6764062643051147,2.3279480636119843,0.4,0.5827266483516484,0.38461538461538464,0.0,0.6176883152553013,0.6449251600674221,0.07215817059789385,0.26883133394377573,0.0,0.0,0.0,0.0,0.0,18473,global,0.0
3,2,lr1e-05_bs8_drop0p4_temp1p0_a0p25_b0p05__wd1e-04trmiss0_degmodglobal,8,1e-05,0.0001,0.4,1.0,0.25,0.05,lr1e-05_bs8_drop0p4_temp1p0_a0p25_b0p05__wd1e-04trmiss0_degmodglobal,41,0.7054291197231838,2.3325034976005554,0.4,0.5827266483516484,0.38461538461538464,0.0,0.672394871711731,0.6830218689782279,0.05762571468949318,0.16001627381358827,0.0,0.0,0.0,0.0,0.0,18473,global,0.0
3,2,lr1e-05_bs8_drop0p4_temp1p0_a0p25_b0p05__wd1e-04trmiss0_degmodglobal,8,1e-05,0.0001,0.4,1.0,0.25,0.05,lr1e-05_bs8_drop0p4_temp1p0_a0p25_b0p05__wd1e-04trmiss0_degmodglobal,42,0.6885756594794137,2.2902879416942596,0.4,0.5827266483516484,0.38461538461538464,0.0,0.6163860644612994,0.6642321348190308,0.06494370901158877,0.16215219561542785,0.0,0.0,0.0,0.0,0.0,18473,global,0.0
3,2,lr1e-05_bs8_drop0p4_temp1p0_a0p25_b0p05__wd1e-04trmiss0_degmodglobal,8,1e-05,0.0001,0.4,1.0,0.25,0.05,lr1e-05_bs8_drop0p4_temp1p0_a0p25_b0p05__wd1e-04trmiss0_degmodglobal,43,0.6826251149177551,2.3335154950618744,0.4,0.5827266483516484,0.38461538461538464,0.0,0.6148085338728768,0.6613685999597821,0.05785168494497027,0.13587181429777825,0.0,0.0,0.0,0.0,0.0,18473,global,0.0
3,2,lr1e-05_bs8_drop0p4_temp1p0_a0p25_b0p05__wd1e-04trmiss0_degmodglobal,8,1e-05,0.0001,0.4,1.0,0.25,0.05,lr1e-05_bs8_drop0p4_temp1p0_a0p25_b0p05__wd1e-04trmiss0_degmodglobal,44,0.7107045480183193,2.3411009907722473,0.4,0.5827266483516484,0.38461538461538464,0.0,0.6436229263033185,0.6841461488178798,0.06989004516175815,0.18171794606106623,0.0,0.0,0.0,0.0,0.0,18473,global,0.0
3,2,lr1e-05_bs8_drop0p4_temp1p0_a0p25_b0p05__wd1e-04trmiss0_degmodglobal,8,1e-05,0.0001,0.4,1.0,0.25,0.05,lr1e-05_bs8_drop0p4_temp1p0_a0p25_b0p05__wd1e-04trmiss0_degmodglobal,45,0.6769376056534904,2.3842855393886566,0.4,0.5827266483516484,0.38461538461538464,0.0,0.6498316100665501,0.6531600185803005,0.06396666115948133,0.1557186362998826,0.0,0.0,0.0,0.0,0.0,18473,global,0.0
3,2,lr1e-05_bs8_drop0p4_temp1p0_a0p25_b0p05__wd1e-04trmiss0_degmodglobal,8,1e-05,0.0001,0.4,1.0,0.25,0.05,lr1e-05_bs8_drop0p4_temp1p0_a0p25_b0p05__wd1e-04trmiss0_degmodglobal,46,0.6971626877784729,2.3428971469402313,0.42500000000000004,0.5893554362304363,0.38461538461538464,0.0,0.6612225004604885,0.6763070140566144,0.059985553579671044,0.1171858725803239,0.0,0.0,0.0,0.0,0.0,18473,global,0.0
3,2,lr1e-05_bs8_drop0p4_temp1p0_a0p25_b0p05__wd1e-04trmiss0_degmodglobal,8,1e-05,0.0001,0.4,1.0,0.25,0.05,lr1e-05_bs8_drop0p4_temp1p0_a0p25_b0p05__wd1e-04trmiss0_degmodglobal,47,0.6655257855142865,2.3772754073143005,0.4,0.5827266483516484,0.38461538461538464,0.0,0.6510934744562421,0.6387890705040523,0.06850168481469154,0.19222603631871088,0.0,0.0,0.0,0.0,0.0,18473,global,0.0
3,2,lr1e-05_bs8_drop0p4_temp1p0_a0p25_b0p05__wd1e-04trmiss0_degmodglobal,8,1e-05,0.0001,0.4,1.0,0.25,0.05,lr1e-05_bs8_drop0p4_temp1p0_a0p25_b0p05__wd1e-04trmiss0_degmodglobal,48,0.6828743304525103,2.398865520954132,0.4,0.5827266483516484,0.38461538461538464,0.0,0.6307345032691956,0.650756231376103,0.0825518002467496,0.22960299785648072,0.0,0.0,0.0,0.0,0.0,18473,global,0.0
3,2,lr1e-05_bs8_drop0p4_temp1p0_a0p25_b0p05__wd1e-04trmiss0_degmodglobal,8,1e-05,0.0001,0.4,1.0,0.25,0.05,lr1e-05_bs8_drop0p4_temp1p0_a0p25_b0p05__wd1e-04trmiss0_degmodglobal,49,0.7003289972032819,2.3890894055366516,0.4,0.5827266483516484,0.38461538461538464,0.0,0.5630913887705121,0.6650318929127285,0.09061188410435404,0.25288257215704235,0.0,0.0,0.0,0.0,0.0,18473,global,0.0
3,2,lr1e-05_bs8_drop0p4_temp1p0_a0p25_b0p05__wd1e-04trmiss0_degmodglobal,8,1e-05,0.0001,0.4,1.0,0.25,0.05,lr1e-05_bs8_drop0p4_temp1p0_a0p25_b0p05__wd1e-04trmiss0_degmodglobal,50,0.6889793021338326,2.3601110875606537,0.4,0.5827266483516484,0.38461538461538464,0.0,0.6241922633988517,0.6637815407344273,0.07025286981037684,0.15269096195697784,0.0,0.0,0.0,0.0,0.0,18473,global,0.0
3,2,lr1e-05_bs8_drop0p4_temp1p0_a0p25_b0p05__wd1e-04trmiss0_degmodglobal,8,1e-05,0.0001,0.4,1.0,0.25,0.05,lr1e-05_bs8_drop0p4_temp1p0_a0p25_b0p05__wd1e-04trmiss0_degmodglobal,51,0.6724185262407575,2.377604156732559,0.4,0.5827266483516484,0.38461538461538464,0.0,0.6315897192273822,0.6460921253476825,0.07006285073501724,0.17621384667498724,0.0,0.0,0.0,0.0,0.0,18473,global,0.0
3,2,lr1e-05_bs8_drop0p4_temp1p0_a0p25_b0p05__wd1e-04trmiss0_degmodglobal,8,1e-05,0.0001,0.4,1.0,0.25,0.05,lr1e-05_bs8_drop0p4_temp1p0_a0p25_b0p05__wd1e-04trmiss0_degmodglobal,52,0.6721066236495972,2.409724920988083,0.4,0.5827266483516484,0.38461538461538464,0.0,0.602370057787214,0.6519099729401725,0.0526537469455174,0.1406642696154969,0.0,0.0,0.0,0.0,0.0,18473,global,0.0
3,2,lr1e-05_bs8_drop0p4_temp1p0_a0p25_b0p05__wd1e-04trmiss0_degmodglobal,8,1e-05,0.0001,0.4,1.0,0.25,0.05,lr1e-05_bs8_drop0p4_temp1p0_a0p25_b0p05__wd1e-04trmiss0_degmodglobal,53,0.6839178204536438,2.402052253484726,0.375,0.5743933150183151,0.38461538461538464,0.0,0.593377981867109,0.662693202495575,0.05707083536045892,0.1391384761248316,0.0,0.0,0.0,0.0,0.0,18473,global,0.0
3,2,lr1e-05_bs8_drop0p4_temp1p0_a0p25_b0p05__wd1e-04trmiss0_degmodglobal,8,1e-05,0.0001,0.4,1.0,0.25,0.05,lr1e-05_bs8_drop0p4_temp1p0_a0p25_b0p05__wd1e-04trmiss0_degmodglobal,54,0.662470885685512,2.3766225278377533,0.4,0.581022102897103,0.38461538461538464,0.0,0.6104284865515572,0.6398941789354596,0.05481133716447013,0.17747760244778224,0.0,0.0,0.0,0.0,0.0,18473,global,0.0
3,2,lr1e-05_bs8_drop0p4_temp1p0_a0p25_b0p05__wd1e-04trmiss0_degmodglobal,8,1e-05,0.0001,0.4,1.0,0.25,0.05,lr1e-05_bs8_drop0p4_temp1p0_a0p25_b0p05__wd1e-04trmiss0_degmodglobal,55,0.6676303744316101,2.374543160200119,0.375,0.5743933150183151,0.38461538461538464,0.0,0.6208032369613647,0.6479988779340472,0.05601736317787852,0.11254306137561798,0.0,0.0,0.0,0.0,0.0,18473,global,0.0
3,2,lr1e-05_bs8_drop0p4_temp1p0_a0p25_b0p05__wd1e-04trmiss0_degmodglobal,8,1e-05,0.0001,0.4,1.0,0.25,0.05,lr1e-05_bs8_drop0p4_temp1p0_a0p25_b0p05__wd1e-04trmiss0_degmodglobal,56,0.6950805527823312,2.35452538728714,0.375,0.5743933150183151,0.38461538461538464,0.0,0.591621628829411,0.6652813383511135,0.07534778703536306,0.21924552640744618,0.0,0.0,0.0,0.0,0.0,18473,global,0.0
3,2,lr1e-05_bs8_drop0p4_temp1p0_a0p25_b0p05__wd1e-04trmiss0_degmodglobal,8,1e-05,0.0001,0.4,1.0,0.25,0.05,lr1e-05_bs8_drop0p4_temp1p0_a0p25_b0p05__wd1e-04trmiss0_degmodglobal,57,0.6866894704954964,2.3060362935066223,0.375,0.5743933150183151,0.38461538461538464,0.0,0.6040211575371879,0.6569627949169704,0.08021423060979162,0.19346262408154352,0.0,0.0,0.0,0.0,0.0,18473,global,0.0
3,2,lr1e-05_bs8_drop0p4_temp1p0_a0p25_b0p05__wd1e-04trmiss0_degmodglobal,8,1e-05,0.0001,0.4,1.0,0.25,0.05,lr1e-05_bs8_drop0p4_temp1p0_a0p25_b0p05__wd1e-04trmiss0_degmodglobal,58,0.6841821159635272,2.298060327768326,0.375,0.5743933150183151,0.38461538461538464,0.0,0.6089182581220355,0.6539796846253532,0.08206349185534886,0.19373125263622828,0.0,0.0,0.0,0.0,0.0,18473,global,0.0
3,2,lr1e-05_bs8_drop0p4_temp1p0_a0p25_b0p05__wd1e-04trmiss0_degmodglobal,8,1e-05,0.0001,0.4,1.0,0.25,0.05,lr1e-05_bs8_drop0p4_temp1p0_a0p25_b0p05__wd1e-04trmiss0_degmodglobal,59,0.7045013053076608,2.314258575439453,0.35,0.5657127594627596,0.38461538461538464,0.0,0.6100394810949054,0.6769582033157349,0.07290704441922051,0.18632686670337403,0.0,0.0,0.0,0.0,0.0,18473,global,0.0
3,2,lr1e-05_bs8_drop0p4_temp1p0_a0p25_b0p05__wd1e-04trmiss0_degmodglobal,8,1e-05,0.0001,0.4,1.0,0.25,0.05,lr1e-05_bs8_drop0p4_temp1p0_a0p25_b0p05__wd1e-04trmiss0_degmodglobal,60,0.6805128795760018,2.3444721400737762,0.37499999999999994,0.5884084665334666,0.38461538461538464,0.0,0.6329904794692993,0.6623813850539071,0.049557041110736985,0.11484467131750924,0.0,0.0,0.0,0.0,0.0,18473,global,0.0
3,2,lr1e-05_bs8_drop0p4_temp1p0_a0p25_b0p05__wd1e-04trmiss0_degmodglobal,8,1e-05,0.0001,0.4,1.0,0.25,0.05,lr1e-05_bs8_drop0p4_temp1p0_a0p25_b0p05__wd1e-04trmiss0_degmodglobal,61,0.6599540369851249,2.3114262521266937,0.37499999999999994,0.5884084665334666,0.38461538461538464,0.0,0.6425848092351641,0.6383105601583209,0.05907809627907617,0.13747913071087428,0.0,0.0,0.0,0.0,0.0,18473,global,0.0
3,2,lr1e-05_bs8_drop0p4_temp1p0_a0p25_b0p05__wd1e-04trmiss0_degmodglobal,8,1e-05,0.0001,0.4,1.0,0.25,0.05,lr1e-05_bs8_drop0p4_temp1p0_a0p25_b0p05__wd1e-04trmiss0_degmodglobal,62,0.6429635116032192,2.3266904652118683,0.37499999999999994,0.5884084665334666,0.38461538461538464,0.0,0.592563910143716,0.6189531343323844,0.06283921535526003,0.16601144043462618,0.0,0.0,0.0,0.0,0.0,18473,global,0.0
3,2,lr1e-05_bs8_drop0p4_temp1p0_a0p25_b0p05__wd1e-04trmiss0_degmodglobal,8,1e-05,0.0001,0.4,1.0,0.25,0.05,lr1e-05_bs8_drop0p4_temp1p0_a0p25_b0p05__wd1e-04trmiss0_degmodglobal,63,0.6593048913138253,2.349676012992859,0.37499999999999994,0.5884084665334666,0.38461538461538464,0.0,0.5873768670218331,0.6347923534257072,0.07053264177271298,0.13758722692728043,0.0,0.0,0.0,0.0,0.0,18473,global,0.0
3,2,lr1e-05_bs8_drop0p4_temp1p0_a0p25_b0p05__wd1e-04trmiss0_degmodglobal,8,1e-05,0.0001,0.4,1.0,0.25,0.05,lr1e-05_bs8_drop0p4_temp1p0_a0p25_b0p05__wd1e-04trmiss0_degmodglobal,64,0.6701415606907436,2.3547147810459137,0.4,0.5952266483516484,0.38461538461538464,0.0,0.6063679201262338,0.6459410871778216,0.06306329848510879,0.16869318165949412,0.0,0.0,0.0,0.0,0.0,18473,global,0.0
3,2,lr1e-05_bs8_drop0p4_temp1p0_a0p25_b0p05__wd1e-04trmiss0_degmodglobal,8,1e-05,0.0001,0.4,1.0,0.25,0.05,lr1e-05_bs8_drop0p4_temp1p0_a0p25_b0p05__wd1e-04trmiss0_degmodglobal,65,0.6841304813112531,2.377443939447403,0.4,0.5952266483516484,0.38461538461538464,0.0,0.6090027434485299,0.6570397530283246,0.07414931431412697,0.17106814788920538,0.0,0.0,0.0,0.0,0.0,18473,global,0.0
3,2,lr1e-05_bs8_drop0p4_temp1p0_a0p25_b0p05__wd1e-04trmiss0_degmodglobal,8,1e-05,0.0001,0.4,1.0,0.25,0.05,lr1e-05_bs8_drop0p4_temp1p0_a0p25_b0p05__wd1e-04trmiss0_degmodglobal,66,0.6874498469488961,2.3734292685985565,0.4,0.5952266483516484,0.38461538461538464,0.0,0.6128367866788592,0.6684251768248421,0.05195962504616806,0.12069560587406158,0.0,0.0,0.0,0.0,0.0,18473,global,0.0
3,2,lr1e-05_bs8_drop0p4_temp2p0_a0p25_b0p05__wd1e-04trmiss0_degmodglobal,8,1e-05,0.0001,0.4,2.0,0.25,0.05,lr1e-05_bs8_drop0p4_temp2p0_a0p25_b0p05__wd1e-04trmiss0_degmodglobal,1,0.7687905601092747,0.6650585830211639,0.6749999999999999,0.8439685314685315,0.5384615384615384,0.0,0.6962824719292777,0.7328306436538696,0.09284026388611112,0.25499669568879263,0.0,0.0,0.0,0.0,0.0,18473,global,0.0
3,2,lr1e-05_bs8_drop0p4_temp2p0_a0p25_b0p05__wd1e-04trmiss0_degmodglobal,8,1e-05,0.0001,0.4,2.0,0.25,0.05,lr1e-05_bs8_drop0p4_temp2p0_a0p25_b0p05__wd1e-04trmiss0_degmodglobal,2,0.7065691181591579,0.659406304359436,0.7,0.8648018648018647,0.5384615384615384,0.0,0.6809682931218829,0.6560733148029873,0.14016591012477875,0.3090866059064865,0.0,0.0,0.0,0.0,0.0,18473,global,0.0
3,2,lr1e-05_bs8_drop0p4_temp2p0_a0p25_b0p05__wd1e-04trmiss0_degmodglobal,8,1e-05,0.0001,0.4,2.0,0.25,0.05,lr1e-05_bs8_drop0p4_temp2p0_a0p25_b0p05__wd1e-04trmiss0_degmodglobal,3,0.7508904763630458,0.6570055782794952,0.725,0.8712121212121212,0.5384615384615384,0.0,0.6636666996138436,0.7123661041259766,0.10100701664175306,0.26545228489807676,0.0,0.0,0.0,0.0,0.0,18473,global,0.0
3,2,lr1e-05_bs8_drop0p4_temp2p0_a0p25_b0p05__wd1e-04trmiss0_degmodglobal,8,1e-05,0.0001,0.4,2.0,0.25,0.05,lr1e-05_bs8_drop0p4_temp2p0_a0p25_b0p05__wd1e-04trmiss0_degmodglobal,4,0.7615869726453509,0.6547425985336304,0.725,0.8712121212121212,0.6153846153846154,0.0,0.6108123234340123,0.7280502659933907,0.08572067533220563,0.24213034553187235,0.0,0.0,0.0,0.0,0.0,18473,global,0.0
3,2,lr1e-05_bs8_drop0p4_temp2p0_a0p25_b0p05__wd1e-04trmiss0_degmodglobal,8,1e-05,0.0001,0.4,2.0,0.25,0.05,lr1e-05_bs8_drop0p4_temp2p0_a0p25_b0p05__wd1e-04trmiss0_degmodglobal,5,0.7044868894985744,0.6539173424243927,0.725,0.8712121212121212,0.6923076923076923,0.0,0.67689996106284,0.6673970818519592,0.09351524497781481,0.2742199706179755,0.0,0.0,0.0,0.0,0.0,18473,global,0.0
3,2,lr1e-05_bs8_drop0p4_temp2p0_a0p25_b0p05__wd1e-04trmiss0_degmodglobal,8,1e-05,0.0001,0.4,2.0,0.25,0.05,lr1e-05_bs8_drop0p4_temp2p0_a0p25_b0p05__wd1e-04trmiss0_degmodglobal,6,0.7062880652291434,0.6548326909542084,0.7,0.8648018648018647,0.6923076923076923,0.0,0.6480959398405892,0.6719257405826023,0.09159403294324875,0.2292764431663922,0.0,0.0,0.0,0.0,0.0,18473,global,0.0
3,2,lr1e-05_bs8_drop0p4_temp2p0_a0p25_b0p05__wd1e-04trmiss0_degmodglobal,8,1e-05,0.0001,0.4,2.0,0.25,0.05,lr1e-05_bs8_drop0p4_temp2p0_a0p25_b0p05__wd1e-04trmiss0_degmodglobal,7,0.7083991510527474,0.6570635735988617,0.6749999999999999,0.8439685314685315,0.6153846153846154,0.0,0.6247363942010062,0.670916668006352,0.09781940441046443,0.2605526234422411,0.0,0.0,0.0,0.0,0.0,18473,global,0.0
3,2,lr1e-05_bs8_drop0p4_temp2p0_a0p25_b0p05__wd1e-04trmiss0_degmodglobal,8,1e-05,0.0001,0.4,2.0,0.25,0.05,lr1e-05_bs8_drop0p4_temp2p0_a0p25_b0p05__wd1e-04trmiss0_degmodglobal,8,0.7075350199426923,0.6590239405632019,0.6749999999999999,0.8439685314685315,0.6153846153846154,0.0,0.6299483350345066,0.6743901457105365,0.09096232163054603,0.20808547415903636,0.0,0.0,0.0,0.0,0.0,18473,global,0.0
3,2,lr1e-05_bs8_drop0p4_temp2p0_a0p25_b0p05__wd1e-04trmiss0_degmodglobal,8,1e-05,0.0001,0.4,2.0,0.25,0.05,lr1e-05_bs8_drop0p4_temp2p0_a0p25_b0p05__wd1e-04trmiss0_degmodglobal,9,0.7285299556595939,0.6619695127010345,0.625,0.8179268648018647,0.6153846153846154,0.0,0.6133925148418972,0.6900794506072998,0.10032231360673904,0.2673984638282231,0.0,0.0,0.0,0.0,0.0,18473,global,0.0
3,2,lr1e-05_bs8_drop0p4_temp2p0_a0p25_b0p05__wd1e-04trmiss0_degmodglobal,8,1e-05,0.0001,0.4,2.0,0.25,0.05,lr1e-05_bs8_drop0p4_temp2p0_a0p25_b0p05__wd1e-04trmiss0_degmodglobal,10,0.7154923592294965,0.6609498858451843,0.6749999999999999,0.8439685314685315,0.6153846153846154,0.0,0.6497706515448434,0.6794714842523847,0.09469038993120193,0.24696552327701024,0.0,0.0,0.0,0.0,0.0,18473,global,0.0
3,2,lr1e-05_bs8_drop0p4_temp2p0_a0p25_b0p05__wd1e-04trmiss0_degmodglobal,8,1e-05,0.0001,0.4,2.0,0.25,0.05,lr1e-05_bs8_drop0p4_temp2p0_a0p25_b0p05__wd1e-04trmiss0_degmodglobal,11,0.7168368101119995,0.6619679927825928,0.6749999999999999,0.8439685314685315,0.6923076923076923,0.0,0.5829357504844666,0.6808575136320931,0.09019038773008756,0.26863412984779905,0.0,0.0,0.0,0.0,0.0,18473,global,0.0
3,2,lr1e-05_bs8_drop0p4_temp2p0_a0p25_b0p05__wd1e-04trmiss0_degmodglobal,8,1e-05,0.0001,0.4,2.0,0.25,0.05,lr1e-05_bs8_drop0p4_temp2p0_a0p25_b0p05__wd1e-04trmiss0_degmodglobal,12,0.6919037188802447,0.6639912128448486,0.6749999999999999,0.8439685314685315,0.6923076923076923,0.0,0.6182019795690264,0.6570382458823067,0.09361570168818746,0.22923047095537186,0.0,0.0,0.0,0.0,0.0,18473,global,0.0
3,2,lr1e-05_bs8_drop0p4_temp2p0_a0p25_b0p05__wd1e-04trmiss0_degmodglobal,8,1e-05,0.0001,0.4,2.0,0.25,0.05,lr1e-05_bs8_drop0p4_temp2p0_a0p25_b0p05__wd1e-04trmiss0_degmodglobal,13,0.7026624849864415,0.6601287722587585,0.7,0.8648018648018647,0.6923076923076923,0.0,0.649506858416966,0.6622262511934552,0.10043949740273612,0.3065271643655641,0.0,0.0,0.0,0.0,0.0,18473,global,0.0
3,2,lr1e-05_bs8_drop0p4_temp2p0_a0p25_b0p05__wd1e-04trmiss0_degmodglobal,8,1e-05,0.0001,0.4,2.0,0.25,0.05,lr1e-05_bs8_drop0p4_temp2p0_a0p25_b0p05__wd1e-04trmiss0_degmodglobal,14,0.7003411395209176,0.6619433462619781,0.6749999999999999,0.8439685314685315,0.6923076923076923,0.0,0.6242933869361877,0.6620962449482509,0.09461335412093572,0.29183090797492434,0.0,0.0,0.0,0.0,0.0,18473,global,0.0
3,2,lr1e-05_bs8_drop0p4_temp2p0_a0p25_b0p05__wd1e-04trmiss0_degmodglobal,8,1e-05,0.0001,0.4,2.0,0.25,0.05,lr1e-05_bs8_drop0p4_temp2p0_a0p25_b0p05__wd1e-04trmiss0_degmodglobal,15,0.6910982046808515,0.664139598608017,0.6749999999999999,0.8439685314685315,0.6923076923076923,0.0,0.6149650386401585,0.6557568567139762,0.08943959431988853,0.25962904042431284,0.0,0.0,0.0,0.0,0.0,18473,global,0.0
3,2,lr1e-05_bs8_drop0p4_temp2p0_a0p25_b0p05__wd1e-04trmiss0_degmodglobal,8,1e-05,0.0001,0.4,2.0,0.25,0.05,lr1e-05_bs8_drop0p4_temp2p0_a0p25_b0p05__wd1e-04trmiss0_degmodglobal,16,0.7014762163162231,0.6637369394302368,0.6749999999999999,0.8439685314685315,0.6923076923076923,0.0,0.6032337546348572,0.6658130969320025,0.09643248149326869,0.23110007813998631,0.0,0.0,0.0,0.0,0.0,18473,global,0.0
3,2,lr1e-05_bs8_drop0p4_temp2p0_a0p25_b0p05__wd1e-04trmiss0_degmodglobal,8,1e-05,0.0001,0.4,2.0,0.25,0.05,lr1e-05_bs8_drop0p4_temp2p0_a0p25_b0p05__wd1e-04trmiss0_degmodglobal,17,0.6657745497567313,0.6653958559036255,0.6749999999999999,0.8439685314685315,0.6923076923076923,0.0,0.6354239327566964,0.6294510194233486,0.09015356110674995,0.2757028362580708,0.0,0.0,0.0,0.0,0.0,18473,global,0.0
3,2,lr1e-05_bs8_drop0p4_temp2p0_a0p25_b0p05__wd1e-04trmiss0_degmodglobal,8,1e-05,0.0001,0.4,2.0,0.25,0.05,lr1e-05_bs8_drop0p4_temp2p0_a0p25_b0p05__wd1e-04trmiss0_degmodglobal,18,0.7065549663134983,0.6642789244651794,0.6749999999999999,0.8439685314685315,0.6923076923076923,0.0,0.6387040104184832,0.6691768850599017,0.09584808881793704,0.2683216141802924,0.0,0.0,0.0,0.0,0.0,18473,global,0.0
3,2,lr1e-05_bs8_drop0p4_temp2p0_a0p25_b0p05__wd1e-04trmiss0_degmodglobal,8,1e-05,0.0001,0.4,2.0,0.25,0.05,lr1e-05_bs8_drop0p4_temp2p0_a0p25_b0p05__wd1e-04trmiss0_degmodglobal,19,0.6617299318313599,0.662634551525116,0.6749999999999999,0.8439685314685315,0.6923076923076923,0.0,0.5988191323620933,0.6277011377470834,0.0870970870767321,0.24509034412247793,0.0,0.0,0.0,0.0,0.0,18473,global,0.0
3,2,lr1e-05_bs8_drop0p4_temp2p0_a0p25_b0p05__wd1e-04trmiss0_degmodglobal,8,1e-05,0.0001,0.4,2.0,0.25,0.05,lr1e-05_bs8_drop0p4_temp2p0_a0p25_b0p05__wd1e-04trmiss0_degmodglobal,20,0.7043696386473519,0.6638162732124329,0.7,0.8543851981351982,0.6153846153846154,0.0,0.6100741965430123,0.6696613090378898,0.09051729100091117,0.24158006267888205,0.0,0.0,0.0,0.0,0.0,18473,global,0.0
3,2,lr1e-05_bs8_drop0p4_temp2p0_a0p25_b0p05__wd1e-04trmiss0_degmodglobal,8,1e-05,0.0001,0.4,2.0,0.25,0.05,lr1e-05_bs8_drop0p4_temp2p0_a0p25_b0p05__wd1e-04trmiss0_degmodglobal,21,0.7005430204527718,0.6623248159885406,0.7,0.8543851981351982,0.6923076923076923,0.0,0.6281866005488804,0.6669461301394871,0.09246327834469932,0.20962142092841013,0.0,0.0,0.0,0.0,0.0,18473,global,0.0
3,2,lr1e-05_bs8_drop0p4_temp2p0_a0p25_b0p05__wd1e-04trmiss0_degmodglobal,8,1e-05,0.0001,0.4,2.0,0.25,0.05,lr1e-05_bs8_drop0p4_temp2p0_a0p25_b0p05__wd1e-04trmiss0_degmodglobal,22,0.7107707347188678,0.6645963788032532,0.7,0.8543851981351982,0.6153846153846154,0.0,0.5950931055205209,0.6738426600183759,0.09332406307969775,0.2719413254942213,0.0,0.0,0.0,0.0,0.0,18473,global,0.0
3,2,lr1e-05_bs8_drop0p4_temp2p0_a0p25_b0p05__wd1e-04trmiss0_degmodglobal,8,1e-05,0.0001,0.4,2.0,0.25,0.05,lr1e-05_bs8_drop0p4_temp2p0_a0p25_b0p05__wd1e-04trmiss0_degmodglobal,23,0.6724104966436114,0.6616251170635223,0.7,0.8543851981351982,0.6923076923076923,0.0,0.5874872207641602,0.6379286646842957,0.09221247051443372,0.2285744473338127,0.0,0.0,0.0,0.0,0.0,18473,global,0.0
3,2,lr1e-05_bs8_drop0p4_temp2p0_a0p25_b0p05__wd1e-04trmiss0_degmodglobal,8,1e-05,0.0001,0.4,2.0,0.25,0.05,lr1e-05_bs8_drop0p4_temp2p0_a0p25_b0p05__wd1e-04trmiss0_degmodglobal,24,0.6742072871753148,0.6614521443843842,0.725,0.8752185314685315,0.6923076923076923,0.0,0.5959222401891436,0.6383172273635864,0.09562575178486961,0.2396725139447621,0.0,0.0,0.0,0.0,0.0,18473,global,0.0
3,2,lr1e-05_bs8_drop0p4_temp2p0_a0p25_b0p05__wd1e-04trmiss0_degmodglobal,8,1e-05,0.0001,0.4,2.0,0.25,0.05,lr1e-05_bs8_drop0p4_temp2p0_a0p25_b0p05__wd1e-04trmiss0_degmodglobal,25,0.6711704986436027,0.6641903519630432,0.6749999999999999,0.8293851981351982,0.6923076923076923,0.0,0.6260481306484768,0.6429237297603062,0.07610749559743064,0.18439789861440659,0.0,0.0,0.0,0.0,0.0,18473,global,0.0
3,2,lr1e-04_bs16_drop0p2_temp1p0_a0p25_b0p05__wd1e-04trmiss0_degmodglobal,16,0.0001,0.0001,0.2,1.0,0.25,0.05,lr1e-04_bs16_drop0p2_temp1p0_a0p25_b0p05__wd1e-04trmiss0_degmodglobal,1,0.7278836667537689,0.6900754570960999,0.5249999999999999,0.7061709124209125,0.5384615384615384,0.0,0.6801994144916534,0.6970281004905701,0.06428034044802189,0.29570989310741425,0.0,0.0,0.0,0.0,0.0,18473,global,0.0
3,2,lr1e-04_bs16_drop0p2_temp1p0_a0p25_b0p05__wd1e-04trmiss0_degmodglobal,16,0.0001,0.0001,0.2,1.0,0.25,0.05,lr1e-04_bs16_drop0p2_temp1p0_a0p25_b0p05__wd1e-04trmiss0_degmodglobal,2,0.7123126685619354,0.6983310580253601,0.5249999999999999,0.7061709124209125,0.5384615384615384,0.0,0.6604290753602982,0.6814004778862,0.06631935946643353,0.2866469994187355,0.0,0.0,0.0,0.0,0.0,18473,global,0.0
3,2,lr1e-04_bs16_drop0p2_temp1p0_a0p25_b0p05__wd1e-04trmiss0_degmodglobal,16,0.0001,0.0001,0.2,1.0,0.25,0.05,lr1e-04_bs16_drop0p2_temp1p0_a0p25_b0p05__wd1e-04trmiss0_degmodglobal,3,0.7085695415735245,0.7026169300079346,0.45,0.6302239427239428,0.46153846153846156,0.0,0.6000174731016159,0.6836074590682983,0.05554136261343956,0.2215348705649376,0.0,0.0,0.0,0.0,0.0,18473,global,0.0
3,2,lr1e-04_bs16_drop0p2_temp1p0_a0p25_b0p05__wd1e-04trmiss0_degmodglobal,16,0.0001,0.0001,0.2,1.0,0.25,0.05,lr1e-04_bs16_drop0p2_temp1p0_a0p25_b0p05__wd1e-04trmiss0_degmodglobal,4,0.6705607622861862,0.7007933855056763,0.475,0.6927239427239428,0.46153846153846156,0.0,0.6299687922000885,0.6487467736005783,0.047542041167616844,0.19856925308704376,0.0,0.0,0.0,0.0,0.0,18473,global,0.0
3,2,lr1e-04_bs16_drop0p2_temp1p0_a0p25_b0p05__wd1e-04trmiss0_degmodglobal,16,0.0001,0.0001,0.2,1.0,0.25,0.05,lr1e-04_bs16_drop0p2_temp1p0_a0p25_b0p05__wd1e-04trmiss0_degmodglobal,5,0.6644936949014664,0.7035051584243774,0.575,0.7249209124209125,0.5384615384615384,0.0,0.606164738535881,0.6388881206512451,0.05519522726535797,0.23613502457737923,0.0,0.0,0.0,0.0,0.0,18473,global,0.0
3,2,lr1e-04_bs16_drop0p2_temp1p0_a0p25_b0p05__wd1e-04trmiss0_degmodglobal,16,0.0001,0.0001,0.2,1.0,0.25,0.05,lr1e-04_bs16_drop0p2_temp1p0_a0p25_b0p05__wd1e-04trmiss0_degmodglobal,6,0.6507299691438675,0.704735517501831,0.575,0.6790875790875791,0.5384615384615384,0.0,0.5775978118181229,0.6237650364637375,0.058946393430233,0.2445666454732418,0.0,0.0,0.0,0.0,0.0,18473,global,0.0
3,2,lr1e-04_bs16_drop0p2_temp1p0_a0p25_b0p05__wd1e-04trmiss0_degmodglobal,16,0.0001,0.0001,0.2,1.0,0.25,0.05,lr1e-04_bs16_drop0p2_temp1p0_a0p25_b0p05__wd1e-04trmiss0_degmodglobal,7,0.6405217796564102,0.7009018063545227,0.5499999999999999,0.6686709124209125,0.5384615384615384,0.0,0.5597316026687622,0.6108667403459549,0.06587126944214106,0.26374416798353195,0.0,0.0,0.0,0.0,0.0,18473,global,0.0
3,2,lr1e-04_bs16_drop0p2_temp1p0_a0p25_b0p05__wd1e-04trmiss0_degmodglobal,16,0.0001,0.0001,0.2,1.0,0.25,0.05,lr1e-04_bs16_drop0p2_temp1p0_a0p25_b0p05__wd1e-04trmiss0_degmodglobal,8,0.6394076198339462,0.6990948915481567,0.575,0.6766254578754579,0.5384615384615384,0.0,0.561175063252449,0.6105017364025116,0.06429553776979446,0.25664008036255836,0.0,0.0,0.0,0.0,0.0,18473,global,0.0
3,2,lr1e-04_bs16_drop0p2_temp1p0_a0p25_b0p05__wd1e-04trmiss0_degmodglobal,16,0.0001,0.0001,0.2,1.0,0.25,0.05,lr1e-04_bs16_drop0p2_temp1p0_a0p25_b0p05__wd1e-04trmiss0_degmodglobal,9,0.6400590389966965,0.7006895542144775,0.5249999999999999,0.7061709124209125,0.5384615384615384,0.0,0.5316115245223045,0.6099234223365784,0.06482152733951807,0.2786046266555786,0.0,0.0,0.0,0.0,0.0,18473,global,0.0
3,2,lr1e-04_bs16_drop0p2_temp1p0_a0p25_b0p05__wd1e-04trmiss0_degmodglobal,16,0.0001,0.0001,0.2,1.0,0.25,0.05,lr1e-04_bs16_drop0p2_temp1p0_a0p25_b0p05__wd1e-04trmiss0_degmodglobal,10,0.6314604729413986,0.702810525894165,0.47500000000000003,0.6831054362304363,0.46153846153846156,0.0,0.5279063880443573,0.603448748588562,0.06382152624428272,0.24112684279680252,0.0,0.0,0.0,0.0,0.0,18473,global,0.0
3,2,lr1e-04_bs16_drop0p2_temp1p0_a0p25_b0p05__wd1e-04trmiss0_degmodglobal,16,0.0001,0.0001,0.2,1.0,0.25,0.05,lr1e-04_bs16_drop0p2_temp1p0_a0p25_b0p05__wd1e-04trmiss0_degmodglobal,11,0.6474945992231369,0.7019665837287903,0.44999999999999996,0.6643554362304362,0.38461538461538464,0.0,0.5102464631199837,0.6095789223909378,0.08008025027811527,0.35791241005063057,0.0,0.0,0.0,0.0,0.0,18473,global,0.0
3,2,lr1e-04_bs16_drop0p2_temp1p0_a0p25_b0p05__wd1e-04trmiss0_degmodglobal,16,0.0001,0.0001,0.2,1.0,0.25,0.05,lr1e-04_bs16_drop0p2_temp1p0_a0p25_b0p05__wd1e-04trmiss0_degmodglobal,12,0.6243071556091309,0.6978110074996948,0.5,0.6745535714285714,0.38461538461538464,0.0,0.5291764587163925,0.5958256125450134,0.06655323039740324,0.2368646152317524,0.0,0.0,0.0,0.0,0.0,18473,global,0.0
3,2,lr1e-04_bs16_drop0p2_temp1p0_a0p25_b0p05__wd1e-04trmiss0_degmodglobal,16,0.0001,0.0001,0.2,1.0,0.25,0.05,lr1e-04_bs16_drop0p2_temp1p0_a0p25_b0p05__wd1e-04trmiss0_degmodglobal,13,0.6112453639507294,0.6956351399421692,0.6000000000000001,0.7176948051948052,0.38461538461538464,0.0,0.5231055468320847,0.5786908566951752,0.06953887827694416,0.3033960424363613,0.0,0.0,0.0,0.0,0.0,18473,global,0.0
3,2,lr1e-04_bs16_drop0p2_temp1p0_a0p25_b0p05__wd1e-04trmiss0_degmodglobal,16,0.0001,0.0001,0.2,1.0,0.25,0.05,lr1e-04_bs16_drop0p2_temp1p0_a0p25_b0p05__wd1e-04trmiss0_degmodglobal,14,0.6154061406850815,0.6978629231452942,0.55,0.6989583333333333,0.38461538461538464,0.0,0.5098395645618439,0.5854474902153015,0.06764724291861057,0.26093684881925583,0.0,0.0,0.0,0.0,0.0,18473,global,0.0
3,2,lr1e-04_bs16_drop0p2_temp1p0_a0p25_b0p05__wd1e-04trmiss0_degmodglobal,16,0.0001,0.0001,0.2,1.0,0.25,0.05,lr1e-04_bs16_drop0p2_temp1p0_a0p25_b0p05__wd1e-04trmiss0_degmodglobal,15,0.6084845513105392,0.699476957321167,0.5249999999999999,0.6870535714285714,0.38461538461538464,0.0,0.5243108198046684,0.5776720345020294,0.07288572937250137,0.2518213205039501,0.0,0.0,0.0,0.0,0.0,18473,global,0.0
3,2,lr1e-04_bs16_drop0p2_temp1p0_a0p25_b0p05__wd1e-04trmiss0_degmodglobal,16,0.0001,0.0001,0.2,1.0,0.25,0.05,lr1e-04_bs16_drop0p2_temp1p0_a0p25_b0p05__wd1e-04trmiss0_degmodglobal,16,0.5779513418674469,0.7002085447311401,0.5,0.680643315018315,0.38461538461538464,0.0,0.5131255388259888,0.5482049062848091,0.07293794583529234,0.23023904860019684,0.0,0.0,0.0,0.0,0.0,18473,global,0.0
3,2,lr1e-04_bs16_drop0p2_temp1p0_a0p25_b0p05__wd1e-04trmiss0_degmodglobal,16,0.0001,0.0001,0.2,1.0,0.25,0.05,lr1e-04_bs16_drop0p2_temp1p0_a0p25_b0p05__wd1e-04trmiss0_degmodglobal,17,0.6248857975006104,0.7049965262413025,0.475,0.6726887695637696,0.38461538461538464,0.0,0.48031220585107803,0.593874379992485,0.07013814058154821,0.2695377543568611,0.0,0.0,0.0,0.0,0.0,18473,global,0.0
3,2,lr1e-04_bs16_drop0p2_temp1p0_a0p25_b0p05__wd1e-04trmiss0_degmodglobal,16,0.0001,0.0001,0.2,1.0,0.25,0.05,lr1e-04_bs16_drop0p2_temp1p0_a0p25_b0p05__wd1e-04trmiss0_degmodglobal,18,0.5968765616416931,0.7010942697525024,0.5,0.680643315018315,0.46153846153846156,0.0,0.48167115449905396,0.5695146769285202,0.06511069647967815,0.22168458253145218,0.0,0.0,0.0,0.0,0.0,18473,global,0.0
3,2,lr1e-04_bs16_drop0p2_temp1p0_a0p25_b0p05__wd1e-04trmiss0_degmodglobal,16,0.0001,0.0001,0.2,1.0,0.25,0.05,lr1e-04_bs16_drop0p2_temp1p0_a0p25_b0p05__wd1e-04trmiss0_degmodglobal,19,0.611652597784996,0.705256998538971,0.5,0.680643315018315,0.38461538461538464,0.0,0.4838578402996063,0.5779270380735397,0.07845591194927692,0.2822316326200962,0.0,0.0,0.0,0.0,0.0,18473,global,0.0
3,2,lr1e-04_bs16_drop0p2_temp1p0_a0p25_b0p05__wd1e-04trmiss0_degmodglobal,16,0.0001,0.0001,0.2,1.0,0.25,0.05,lr1e-04_bs16_drop0p2_temp1p0_a0p25_b0p05__wd1e-04trmiss0_degmodglobal,20,0.6223231703042984,0.7073038220405579,0.47500000000000003,0.6598099816849816,0.3076923076923077,0.0,0.4928386062383652,0.5884255021810532,0.07354728877544403,0.3102172426879406,0.0,0.0,0.0,0.0,0.0,18473,global,0.0
3,2,lr1e-04_bs16_drop0p2_temp1p0_a0p25_b0p05__wd1e-04trmiss0_degmodglobal,16,0.0001,0.0001,0.2,1.0,0.25,0.05,lr1e-04_bs16_drop0p2_temp1p0_a0p25_b0p05__wd1e-04trmiss0_degmodglobal,21,0.667648121714592,0.7084020972251892,0.55,0.7058035714285714,0.38461538461538464,0.0,0.5153071880340576,0.6353417485952377,0.07623004354536533,0.26497701555490494,0.0,0.0,0.0,0.0,0.0,18473,global,0.0
3,2,lr1e-04_bs16_drop0p2_temp1p0_a0p25_b0p05__wd1e-04trmiss0_degmodglobal,16,0.0001,0.0001,0.2,1.0,0.25,0.05,lr1e-04_bs16_drop0p2_temp1p0_a0p25_b0p05__wd1e-04trmiss0_degmodglobal,22,0.6152846217155457,0.7111527919769287,0.55,0.7058035714285714,0.38461538461538464,0.0,0.5183378905057907,0.5871902406215668,0.0755105521529913,0.18433479219675064,0.0,0.0,0.0,0.0,0.0,18473,global,0.0
3,2,lr1e-04_bs16_drop0p2_temp1p0_a0p25_b0p05__wd1e-04trmiss0_degmodglobal,16,0.0001,0.0001,0.2,1.0,0.25,0.05,lr1e-04_bs16_drop0p2_temp1p0_a0p25_b0p05__wd1e-04trmiss0_degmodglobal,23,0.5893536359071732,0.7093040943145752,0.575,0.713379329004329,0.38461538461538464,0.0,0.5125554651021957,0.5627164095640182,0.06572888698428869,0.20410021021962166,0.0,0.0,0.0,0.0,0.0,18473,global,0.0
3,2,lr1e-04_bs16_drop0p2_temp1p0_a0p25_b0p05__wd1e-04trmiss0_degmodglobal,16,0.0001,0.0001,0.2,1.0,0.25,0.05,lr1e-04_bs16_drop0p2_temp1p0_a0p25_b0p05__wd1e-04trmiss0_degmodglobal,24,0.5663149654865265,0.7064642310142517,0.55,0.7058035714285714,0.46153846153846156,0.0,0.5100361928343773,0.5338850766420364,0.0788251981139183,0.2544719986617565,0.0,0.0,0.0,0.0,0.0,18473,global,0.0
3,2,lr1e-04_bs16_drop0p2_temp1p0_a0p25_b0p05__wd1e-04trmiss0_degmodglobal,16,0.0001,0.0001,0.2,1.0,0.25,0.05,lr1e-04_bs16_drop0p2_temp1p0_a0p25_b0p05__wd1e-04trmiss0_degmodglobal,25,0.6087720990180969,0.7076722979545593,0.575,0.713379329004329,0.46153846153846156,0.0,0.5074156522750854,0.5794934332370758,0.06879635341465473,0.24159099534153938,0.0,0.0,0.0,0.0,0.0,18473,global,0.0
3,2,lr1e-04_bs16_drop0p2_temp1p0_a0p25_b0p05__wd1e-04trmiss0_degmodglobal,16,0.0001,0.0001,0.2,1.0,0.25,0.05,lr1e-04_bs16_drop0p2_temp1p0_a0p25_b0p05__wd1e-04trmiss0_degmodglobal,26,0.5906212329864502,0.7052289843559265,0.55,0.6946293290043289,0.38461538461538464,0.0,0.48440974950790405,0.5611129105091095,0.07706027198582888,0.20486518368124962,0.0,0.0,0.0,0.0,0.0,18473,global,0.0
3,2,lr1e-04_bs16_drop0p2_temp1p0_a0p25_b0p05__wd1e-04trmiss0_degmodglobal,16,0.0001,0.0001,0.2,1.0,0.25,0.05,lr1e-04_bs16_drop0p2_temp1p0_a0p25_b0p05__wd1e-04trmiss0_degmodglobal,27,0.5845057964324951,0.7024264335632324,0.5249999999999999,0.6870535714285714,0.38461538461538464,0.0,0.48667415231466293,0.5523770451545715,0.07556447479873896,0.2647528424859047,0.0,0.0,0.0,0.0,0.0,18473,global,0.0
3,2,lr1e-04_bs16_drop0p2_temp1p0_a0p25_b0p05__wd1e-04trmiss0_degmodglobal,16,0.0001,0.0001,0.2,1.0,0.25,0.05,lr1e-04_bs16_drop0p2_temp1p0_a0p25_b0p05__wd1e-04trmiss0_degmodglobal,28,0.5921081155538559,0.7029156684875488,0.5249999999999999,0.6870535714285714,0.46153846153846156,0.0,0.49487411230802536,0.5585451722145081,0.0791212972253561,0.2756524235010147,0.0,0.0,0.0,0.0,0.0,18473,global,0.0
3,2,lr1e-04_bs16_drop0p2_temp1p0_a0p25_b0p05__wd1e-04trmiss0_degmodglobal,16,0.0001,0.0001,0.2,1.0,0.25,0.05,lr1e-04_bs16_drop0p2_temp1p0_a0p25_b0p05__wd1e-04trmiss0_degmodglobal,29,0.5788313299417496,0.7047903537750244,0.5249999999999999,0.6870535714285714,0.46153846153846156,0.0,0.47878390550613403,0.5528032928705215,0.06411198992282152,0.2000010386109352,0.0,0.0,0.0,0.0,0.0,18473,global,0.0
3,2,lr1e-04_bs16_drop0p2_temp1p0_a0p25_b0p05__wd1e-04trmiss0_degmodglobal,16,0.0001,0.0001,0.2,1.0,0.25,0.05,lr1e-04_bs16_drop0p2_temp1p0_a0p25_b0p05__wd1e-04trmiss0_degmodglobal,30,0.5879334509372711,0.7048525214195251,0.5,0.680643315018315,0.38461538461538464,0.0,0.45680002868175507,0.5512952953577042,0.08773700892925262,0.2940780371427536,0.0,0.0,0.0,0.0,0.0,18473,global,0.0
3,2,lr1e-04_bs16_drop0p2_temp1p0_a0p25_b0p05__wd1e-04trmiss0_degmodglobal,16,0.0001,0.0001,0.2,1.0,0.25,0.05,lr1e-04_bs16_drop0p2_temp1p0_a0p25_b0p05__wd1e-04trmiss0_degmodglobal,31,0.570821538567543,0.7053958773612976,0.5249999999999999,0.6870535714285714,0.38461538461538464,0.0,0.4591635912656784,0.5450393408536911,0.06264120992273092,0.20243745297193527,0.0,0.0,0.0,0.0,0.0,18473,global,0.0
3,2,lr1e-04_bs16_drop0p2_temp1p0_a0p25_b0p05__wd1e-04trmiss0_degmodglobal,16,0.0001,0.0001,0.2,1.0,0.25,0.05,lr1e-04_bs16_drop0p2_temp1p0_a0p25_b0p05__wd1e-04trmiss0_degmodglobal,32,0.5824487805366516,0.712587833404541,0.425,0.6531565656565657,0.38461538461538464,0.0,0.4896840900182724,0.5430783033370972,0.08650144189596176,0.35490230470895767,0.0,0.0,0.0,0.0,0.0,18473,global,0.0
3,2,lr1e-04_bs16_drop0p2_temp1p0_a0p25_b0p05__wd1e-04trmiss0_degmodglobal,16,0.0001,0.0001,0.2,1.0,0.25,0.05,lr1e-04_bs16_drop0p2_temp1p0_a0p25_b0p05__wd1e-04trmiss0_degmodglobal,33,0.57155392318964,0.7120420336723328,0.39999999999999997,0.6323232323232324,0.38461538461538464,0.0,0.4691566228866577,0.5398377329111099,0.07681977655738592,0.2502247430384159,0.0,0.0,0.0,0.0,0.0,18473,global,0.0
3,2,lr1e-04_bs16_drop0p2_temp2p0_a0p25_b0p05__wd1e-04trmiss0_degmodglobal,16,0.0001,0.0001,0.2,2.0,0.25,0.05,lr1e-04_bs16_drop0p2_temp2p0_a0p25_b0p05__wd1e-04trmiss0_degmodglobal,1,0.7011513561010361,0.6424145102500916,0.47500000000000003,0.711298076923077,0.5384615384615384,0.0,0.7115158587694168,0.6817242056131363,0.04956628940999508,0.14071104303002357,0.0,0.0,0.0,0.0,0.0,18473,global,0.0
3,2,lr1e-04_bs16_drop0p2_temp2p0_a0p25_b0p05__wd1e-04trmiss0_degmodglobal,16,0.0001,0.0001,0.2,2.0,0.25,0.05,lr1e-04_bs16_drop0p2_temp2p0_a0p25_b0p05__wd1e-04trmiss0_degmodglobal,2,0.655241072177887,0.6447299122810364,0.47500000000000003,0.711298076923077,0.46153846153846156,0.0,0.6952688544988632,0.6358131319284439,0.04783026594668627,0.14940754510462284,0.0,0.0,0.0,0.0,0.0,18473,global,0.0
3,2,lr1e-04_bs16_drop0p2_temp2p0_a0p25_b0p05__wd1e-04trmiss0_degmodglobal,16,0.0001,0.0001,0.2,2.0,0.25,0.05,lr1e-04_bs16_drop0p2_temp2p0_a0p25_b0p05__wd1e-04trmiss0_degmodglobal,3,0.6420396119356155,0.6419034600257874,0.47500000000000003,0.711298076923077,0.46153846153846156,0.0,0.6272819638252258,0.6211223900318146,0.051562062464654446,0.16053391247987747,0.0,0.0,0.0,0.0,0.0,18473,global,0.0
3,2,lr1e-04_bs16_drop0p2_temp2p0_a0p25_b0p05__wd1e-04trmiss0_degmodglobal,16,0.0001,0.0001,0.2,2.0,0.25,0.05,lr1e-04_bs16_drop0p2_temp2p0_a0p25_b0p05__wd1e-04trmiss0_degmodglobal,4,0.6363741010427475,0.6444478034973145,0.42499999999999993,0.6925751332001333,0.5384615384615384,0.0,0.6355466097593307,0.6190809309482574,0.04286703187972307,0.13152829185128212,0.0,0.0,0.0,0.0,0.0,18473,global,0.0
3,2,lr1e-04_bs16_drop0p2_temp2p0_a0p25_b0p05__wd1e-04trmiss0_degmodglobal,16,0.0001,0.0001,0.2,2.0,0.25,0.05,lr1e-04_bs16_drop0p2_temp2p0_a0p25_b0p05__wd1e-04trmiss0_degmodglobal,5,0.6131146997213364,0.649531364440918,0.375,0.642227910977911,0.46153846153846156,0.0,0.6394076347351074,0.593710258603096,0.04974328354001045,0.13937247917056084,0.0,0.0,0.0,0.0,0.0,18473,global,0.0
3,2,lr1e-04_bs16_drop0p2_temp2p0_a0p25_b0p05__wd1e-04trmiss0_degmodglobal,16,0.0001,0.0001,0.2,2.0,0.25,0.05,lr1e-04_bs16_drop0p2_temp2p0_a0p25_b0p05__wd1e-04trmiss0_degmodglobal,6,0.6061446666717529,0.6562140583992004,0.275,0.5910374347874348,0.46153846153846156,0.0,0.6169423311948776,0.588271751999855,0.04665317386388779,0.12419260293245316,0.0,0.0,0.0,0.0,0.0,18473,global,0.0
3,2,lr1e-04_bs16_drop0p2_temp2p0_a0p25_b0p05__wd1e-04trmiss0_degmodglobal,16,0.0001,0.0001,0.2,2.0,0.25,0.05,lr1e-04_bs16_drop0p2_temp2p0_a0p25_b0p05__wd1e-04trmiss0_degmodglobal,7,0.5910210013389587,0.6568857431411743,0.27499999999999997,0.5930215617715617,0.5384615384615384,0.0,0.6073413044214249,0.5746250748634338,0.04379697423428297,0.10893377102911472,0.0,0.0,0.0,0.0,0.0,18473,global,0.0
3,2,lr1e-04_bs16_drop0p2_temp2p0_a0p25_b0p05__wd1e-04trmiss0_degmodglobal,16,0.0001,0.0001,0.2,2.0,0.25,0.05,lr1e-04_bs16_drop0p2_temp2p0_a0p25_b0p05__wd1e-04trmiss0_degmodglobal,8,0.5721060186624527,0.6508092284202576,0.32499999999999996,0.6535374347874348,0.5384615384615384,0.0,0.601673424243927,0.552745096385479,0.05133596621453762,0.13053880259394646,0.0,0.0,0.0,0.0,0.0,18473,global,0.0
3,2,lr1e-04_bs16_drop0p2_temp2p0_a0p25_b0p05__wd1e-04trmiss0_degmodglobal,16,0.0001,0.0001,0.2,2.0,0.25,0.05,lr1e-04_bs16_drop0p2_temp2p0_a0p25_b0p05__wd1e-04trmiss0_degmodglobal,9,0.5529932230710983,0.6495673060417175,0.32499999999999996,0.61868894993895,0.5384615384615384,0.0,0.5845662206411362,0.5343586802482605,0.048174512572586536,0.13181821256875992,0.0,0.0,0.0,0.0,0.0,18473,global,0.0
3,2,lr1e-04_bs16_drop0p2_temp2p0_a0p25_b0p05__wd1e-04trmiss0_degmodglobal,16,0.0001,0.0001,0.2,2.0,0.25,0.05,lr1e-04_bs16_drop0p2_temp2p0_a0p25_b0p05__wd1e-04trmiss0_degmodglobal,10,0.5823266804218292,0.6502068042755127,0.4,0.6759129759129759,0.5384615384615384,0.0,0.5886034816503525,0.5606686770915985,0.05512239784002304,0.1575479730963707,0.0,0.0,0.0,0.0,0.0,18473,global,0.0
3,2,lr1e-04_bs16_drop0p2_temp2p0_a0p25_b0p05__wd1e-04trmiss0_degmodglobal,16,0.0001,0.0001,0.2,2.0,0.25,0.05,lr1e-04_bs16_drop0p2_temp2p0_a0p25_b0p05__wd1e-04trmiss0_degmodglobal,11,0.583928793668747,0.6514874696731567,0.375,0.6692841880341881,0.5384615384615384,0.0,0.5916007906198502,0.5633406937122345,0.05515132378786802,0.13600553525611758,0.0,0.0,0.0,0.0,0.0,18473,global,0.0
3,2,lr1e-04_bs16_drop0p2_temp2p0_a0p25_b0p05__wd1e-04trmiss0_degmodglobal,16,0.0001,0.0001,0.2,2.0,0.25,0.05,lr1e-04_bs16_drop0p2_temp2p0_a0p25_b0p05__wd1e-04trmiss0_degmodglobal,12,0.5592597872018814,0.6452985405921936,0.425,0.6907127594627596,0.5384615384615384,0.0,0.5765059143304825,0.536937490105629,0.06853783689439297,0.10375705873593688,0.0,0.0,0.0,0.0,0.0,18473,global,0.0
3,2,lr1e-04_bs16_drop0p2_temp2p0_a0p25_b0p05__wd1e-04trmiss0_degmodglobal,16,0.0001,0.0001,0.2,2.0,0.25,0.05,lr1e-04_bs16_drop0p2_temp2p0_a0p25_b0p05__wd1e-04trmiss0_degmodglobal,13,0.5480781942605972,0.6454707384109497,0.45,0.6993933150183151,0.5384615384615384,0.0,0.5666275322437286,0.5228354409337044,0.07045045308768749,0.15260285325348377,0.0,0.0,0.0,0.0,0.0,18473,global,0.0
3,2,lr1e-04_bs16_drop0p2_temp2p0_a0p25_b0p05__wd1e-04trmiss0_degmodglobal,16,0.0001,0.0001,0.2,2.0,0.25,0.05,lr1e-04_bs16_drop0p2_temp2p0_a0p25_b0p05__wd1e-04trmiss0_degmodglobal,14,0.5900308638811111,0.6441655158996582,0.44999999999999996,0.6973415473415474,0.5384615384615384,0.0,0.5945774763822556,0.5670713931322098,0.06373237818479538,0.14052695408463478,0.0,0.0,0.0,0.0,0.0,18473,global,0.0
3,2,lr1e-04_bs16_drop0p2_temp2p0_a0p25_b0p05__wd1e-04trmiss0_degmodglobal,16,0.0001,0.0001,0.2,2.0,0.25,0.05,lr1e-04_bs16_drop0p2_temp2p0_a0p25_b0p05__wd1e-04trmiss0_degmodglobal,15,0.5512418746948242,0.6478585004806519,0.425,0.6907127594627596,0.46153846153846156,0.0,0.5654576420783997,0.5276022627949715,0.0630346117541194,0.15761898830533028,0.0,0.0,0.0,0.0,0.0,18473,global,0.0
3,2,lr1e-04_bs16_drop0p2_temp2p0_a0p25_b0p05__wd1e-04trmiss0_degmodglobal,16,0.0001,0.0001,0.2,2.0,0.25,0.05,lr1e-04_bs16_drop0p2_temp2p0_a0p25_b0p05__wd1e-04trmiss0_degmodglobal,16,0.5420328974723816,0.6545788645744324,0.35,0.629727910977911,0.46153846153846156,0.0,0.555955782532692,0.5193987786769867,0.0663191145285964,0.12108681723475456,0.0,0.0,0.0,0.0,0.0,18473,global,0.0
3,2,lr1e-04_bs16_drop0p2_temp2p0_a0p25_b0p05__wd1e-04trmiss0_degmodglobal,16,0.0001,0.0001,0.2,2.0,0.25,0.05,lr1e-04_bs16_drop0p2_temp2p0_a0p25_b0p05__wd1e-04trmiss0_degmodglobal,17,0.576382115483284,0.6637600660324097,0.25,0.5805215617715618,0.5384615384615384,0.0,0.5426423102617264,0.5479658097028732,0.0763893872499466,0.1863793320953846,0.0,0.0,0.0,0.0,0.0,18473,global,0.0
3,2,lr1e-04_bs16_drop0p2_temp2p0_a0p25_b0p05__wd1e-04trmiss0_degmodglobal,16,0.0001,0.0001,0.2,2.0,0.25,0.05,lr1e-04_bs16_drop0p2_temp2p0_a0p25_b0p05__wd1e-04trmiss0_degmodglobal,18,0.5335317701101303,0.665659487247467,0.25,0.5805215617715618,0.5384615384615384,0.0,0.5660327672958374,0.5124287903308868,0.05738997086882591,0.13510965555906296,0.0,0.0,0.0,0.0,0.0,18473,global,0.0
3,2,lr1e-04_bs16_drop0p2_temp2p0_a0p25_b0p05__wd1e-04trmiss0_degmodglobal,16,0.0001,0.0001,0.2,2.0,0.25,0.05,lr1e-04_bs16_drop0p2_temp2p0_a0p25_b0p05__wd1e-04trmiss0_degmodglobal,19,0.5506517142057419,0.6619551777839661,0.25,0.5805215617715618,0.5384615384615384,0.0,0.5635735541582108,0.5301304161548615,0.053657262586057186,0.14213970303535461,0.0,0.0,0.0,0.0,0.0,18473,global,0.0
3,2,lr1e-04_bs16_drop0p2_temp2p0_a0p25_b0p05__wd1e-04trmiss0_degmodglobal,16,0.0001,0.0001,0.2,2.0,0.25,0.05,lr1e-04_bs16_drop0p2_temp2p0_a0p25_b0p05__wd1e-04trmiss0_degmodglobal,20,0.5160230547189713,0.660225510597229,0.325,0.6227834665334666,0.5384615384615384,0.0,0.5300069004297256,0.4958624094724655,0.05795153137296438,0.11345536075532436,0.0,0.0,0.0,0.0,0.0,18473,global,0.0
3,2,lr1e-04_bs16_drop0p2_temp2p0_a0p25_b0p05__wd1e-04trmiss0_degmodglobal,16,0.0001,0.0001,0.2,2.0,0.25,0.05,lr1e-04_bs16_drop0p2_temp2p0_a0p25_b0p05__wd1e-04trmiss0_degmodglobal,21,0.5562628209590912,0.6602237820625305,0.325,0.6207993395493396,0.38461538461538464,0.0,0.5316939204931259,0.5333727598190308,0.06446722988039255,0.1354650128632784,0.0,0.0,0.0,0.0,0.0,18473,global,0.0
3,2,lr1e-04_bs16_drop0p2_temp2p0_a0p25_b0p05__wd1e-04trmiss0_degmodglobal,16,0.0001,0.0001,0.2,2.0,0.25,0.05,lr1e-04_bs16_drop0p2_temp2p0_a0p25_b0p05__wd1e-04trmiss0_degmodglobal,22,0.5388934835791588,0.6630738377571106,0.275,0.6049263236763236,0.38461538461538464,0.0,0.5443932712078094,0.5198495239019394,0.05696839280426502,0.09603749122470617,0.0,0.0,0.0,0.0,0.0,18473,global,0.0
3,2,lr1e-04_bs16_drop0p2_temp2p0_a0p25_b0p05__wd1e-04trmiss0_degmodglobal,16,0.0001,0.0001,0.2,2.0,0.25,0.05,lr1e-04_bs16_drop0p2_temp2p0_a0p25_b0p05__wd1e-04trmiss0_degmodglobal,23,0.5669707953929901,0.6713361740112305,0.19999999999999998,0.564648545898546,0.3076923076923077,0.0,0.590057909488678,0.5515125542879105,0.04397115670144558,0.08930930681526661,0.0,0.0,0.0,0.0,0.0,18473,global,0.0
3,2,lr1e-04_bs16_drop0p2_temp2p0_a0p25_b0p05__wd1e-04trmiss0_degmodglobal,16,0.0001,0.0001,0.2,2.0,0.25,0.05,lr1e-04_bs16_drop0p2_temp2p0_a0p25_b0p05__wd1e-04trmiss0_degmodglobal,24,0.5536391958594322,0.6769545078277588,0.15,0.549618783993784,0.38461538461538464,0.0,0.5543741285800934,0.5372840389609337,0.04860415402799845,0.08408240508288145,0.0,0.0,0.0,0.0,0.0,18473,global,0.0
3,2,lr1e-04_bs16_drop0p2_temp2p0_a0p25_b0p05__wd1e-04trmiss0_degmodglobal,16,0.0001,0.0001,0.2,2.0,0.25,0.05,lr1e-04_bs16_drop0p2_temp2p0_a0p25_b0p05__wd1e-04trmiss0_degmodglobal,25,0.5517069399356842,0.6708792448043823,0.175,0.5579521173271174,0.38461538461538464,0.0,0.5561988651752472,0.5305164605379105,0.058349727652966976,0.13206110335886478,0.0,0.0,0.0,0.0,0.0,18473,global,0.0
3,2,lr1e-04_bs16_drop0p2_temp2p0_a0p25_b0p05__wd1e-04trmiss0_degmodglobal,16,0.0001,0.0001,0.2,2.0,0.25,0.05,lr1e-04_bs16_drop0p2_temp2p0_a0p25_b0p05__wd1e-04trmiss0_degmodglobal,26,0.542448952794075,0.6663718819618225,0.19999999999999998,0.564648545898546,0.46153846153846156,0.0,0.5255788043141365,0.5226246565580368,0.05609444435685873,0.11601363215595484,0.0,0.0,0.0,0.0,0.0,18473,global,0.0
3,2,lr1e-04_bs16_drop0p2_temp2p0_a0p25_b0p05__wd1e-04trmiss0_degmodglobal,16,0.0001,0.0001,0.2,2.0,0.25,0.05,lr1e-04_bs16_drop0p2_temp2p0_a0p25_b0p05__wd1e-04trmiss0_degmodglobal,27,0.5635355412960052,0.6598191857337952,0.275,0.5894501332001332,0.38461538461538464,0.0,0.5571496412158012,0.5409619808197021,0.06106322072446346,0.14615495689213276,0.0,0.0,0.0,0.0,0.0,18473,global,0.0
3,2,lr1e-04_bs16_drop0p2_temp2p0_a0p25_b0p05__wd1e-04trmiss0_degmodglobal,16,0.0001,0.0001,0.2,2.0,0.25,0.05,lr1e-04_bs16_drop0p2_temp2p0_a0p25_b0p05__wd1e-04trmiss0_degmodglobal,28,0.5228478759527206,0.6537967920303345,0.425,0.7269501332001332,0.46153846153846156,0.0,0.5263871103525162,0.4927900582551956,0.08517268765717745,0.1752928551286459,0.0,0.0,0.0,0.0,0.0,18473,global,0.0
3,2,lr1e-04_bs16_drop0p2_temp2p0_a0p25_b0p05__wd1e-04trmiss0_degmodglobal,16,0.0001,0.0001,0.2,2.0,0.25,0.05,lr1e-04_bs16_drop0p2_temp2p0_a0p25_b0p05__wd1e-04trmiss0_degmodglobal,29,0.5358734279870987,0.6508851051330566,0.44999999999999996,0.7338945776445777,0.46153846153846156,0.0,0.5281509608030319,0.5150648802518845,0.06084330193698406,0.11195472441613674,0.0,0.0,0.0,0.0,0.0,18473,global,0.0
3,2,lr1e-04_bs16_drop0p2_temp2p0_a0p25_b0p05__wd1e-04trmiss0_degmodglobal,16,0.0001,0.0001,0.2,2.0,0.25,0.05,lr1e-04_bs16_drop0p2_temp2p0_a0p25_b0p05__wd1e-04trmiss0_degmodglobal,30,0.5277199000120163,0.6511881351470947,0.44999999999999996,0.7338945776445777,0.46153846153846156,0.0,0.5277711749076843,0.5008116215467453,0.07532396353781223,0.1615454237908125,0.0,0.0,0.0,0.0,0.0,18473,global,0.0
3,2,lr1e-04_bs16_drop0p2_temp2p0_a0p25_b0p05__wd1e-04trmiss0_degmodglobal,16,0.0001,0.0001,0.2,2.0,0.25,0.05,lr1e-04_bs16_drop0p2_temp2p0_a0p25_b0p05__wd1e-04trmiss0_degmodglobal,31,0.5264126658439636,0.651012122631073,0.44999999999999996,0.7338945776445777,0.46153846153846156,0.0,0.5441458374261856,0.502934567630291,0.06174122355878353,0.16085603460669518,0.0,0.0,0.0,0.0,0.0,18473,global,0.0
3,2,lr1e-04_bs16_drop0p2_temp2p0_a0p25_b0p05__wd1e-04trmiss0_degmodglobal,16,0.0001,0.0001,0.2,2.0,0.25,0.05,lr1e-04_bs16_drop0p2_temp2p0_a0p25_b0p05__wd1e-04trmiss0_degmodglobal,32,0.5462067276239395,0.6466758847236633,0.42499999999999993,0.7026445776445777,0.5384615384615384,0.0,0.5308794304728508,0.5182224959135056,0.07617881707847118,0.17879080958664417,0.0,0.0,0.0,0.0,0.0,18473,global,0.0
3,2,lr1e-04_bs16_drop0p2_temp2p0_a0p25_b0p05__wd1e-04trmiss0_degmodglobal,16,0.0001,0.0001,0.2,2.0,0.25,0.05,lr1e-04_bs16_drop0p2_temp2p0_a0p25_b0p05__wd1e-04trmiss0_degmodglobal,33,0.5226078182458878,0.6468912363052368,0.42499999999999993,0.7026445776445777,0.5384615384615384,0.0,0.4950297549366951,0.4971342533826828,0.07513187825679779,0.13381167501211166,0.0,0.0,0.0,0.0,0.0,18473,global,0.0
3,2,lr1e-04_bs16_drop0p4_temp1p0_a0p25_b0p05__wd1e-04trmiss0_degmodglobal,16,0.0001,0.0001,0.4,1.0,0.25,0.05,lr1e-04_bs16_drop0p4_temp1p0_a0p25_b0p05__wd1e-04trmiss0_degmodglobal,1,0.7234837263822556,0.7057170867919922,0.3,0.5380612443112444,0.38461538461538464,0.0,0.7222763746976852,0.7030715644359589,0.04928702209144831,0.16180793102830648,0.0,0.0,0.0,0.0,0.0,18473,global,0.0
3,2,lr1e-04_bs16_drop0p4_temp1p0_a0p25_b0p05__wd1e-04trmiss0_degmodglobal,16,0.0001,0.0001,0.4,1.0,0.25,0.05,lr1e-04_bs16_drop0p4_temp1p0_a0p25_b0p05__wd1e-04trmiss0_degmodglobal,2,0.6673765778541565,0.7138193845748901,0.22499999999999998,0.515243783993784,0.3076923076923077,0.0,0.6966098099946976,0.649291917681694,0.04237421043217182,0.14982227608561516,0.0,0.0,0.0,0.0,0.0,18473,global,0.0
3,2,lr1e-04_bs16_drop0p4_temp1p0_a0p25_b0p05__wd1e-04trmiss0_degmodglobal,16,0.0001,0.0001,0.4,1.0,0.25,0.05,lr1e-04_bs16_drop0p4_temp1p0_a0p25_b0p05__wd1e-04trmiss0_degmodglobal,3,0.6845597624778748,0.7196271419525146,0.22499999999999998,0.515243783993784,0.23076923076923078,0.0,0.6961831301450729,0.6607434749603271,0.059834931045770645,0.17715119011700153,0.0,0.0,0.0,0.0,0.0,18473,global,0.0
3,2,lr1e-04_bs16_drop0p4_temp1p0_a0p25_b0p05__wd1e-04trmiss0_degmodglobal,16,0.0001,0.0001,0.4,1.0,0.25,0.05,lr1e-04_bs16_drop0p4_temp1p0_a0p25_b0p05__wd1e-04trmiss0_degmodglobal,4,0.672419086098671,0.7223540544509888,0.22499999999999998,0.515243783993784,0.23076923076923078,0.0,0.6564027965068817,0.6476393640041351,0.06571166217327118,0.16703613754361868,0.0,0.0,0.0,0.0,0.0,18473,global,0.0
3,2,lr1e-04_bs16_drop0p4_temp1p0_a0p25_b0p05__wd1e-04trmiss0_degmodglobal,16,0.0001,0.0001,0.4,1.0,0.25,0.05,lr1e-04_bs16_drop0p4_temp1p0_a0p25_b0p05__wd1e-04trmiss0_degmodglobal,5,0.6458868235349655,0.7195318937301636,0.25,0.5221882284382284,0.3076923076923077,0.0,0.6393893957138062,0.6260080188512802,0.04813606757670641,0.15689557790756226,0.0,0.0,0.0,0.0,0.0,18473,global,0.0
3,2,lr1e-04_bs16_drop0p4_temp1p0_a0p25_b0p05__wd1e-04trmiss0_degmodglobal,16,0.0001,0.0001,0.4,1.0,0.25,0.05,lr1e-04_bs16_drop0p4_temp1p0_a0p25_b0p05__wd1e-04trmiss0_degmodglobal,6,0.6367631703615189,0.7187895178794861,0.275,0.5311167998667999,0.3076923076923077,0.0,0.6817441433668137,0.6148234605789185,0.05566760990768671,0.160455871373415,0.0,0.0,0.0,0.0,0.0,18473,global,0.0
3,2,lr1e-04_bs16_drop0p4_temp1p0_a0p25_b0p05__wd1e-04trmiss0_degmodglobal,16,0.0001,0.0001,0.4,1.0,0.25,0.05,lr1e-04_bs16_drop0p4_temp1p0_a0p25_b0p05__wd1e-04trmiss0_degmodglobal,7,0.6525631844997406,0.7208208441734314,0.275,0.5311167998667999,0.38461538461538464,0.0,0.6657324284315109,0.6281190365552902,0.06407043058425188,0.16853074356913567,0.0,0.0,0.0,0.0,0.0,18473,global,0.0
3,2,lr1e-04_bs16_drop0p4_temp1p0_a0p25_b0p05__wd1e-04trmiss0_degmodglobal,16,0.0001,0.0001,0.4,1.0,0.25,0.05,lr1e-04_bs16_drop0p4_temp1p0_a0p25_b0p05__wd1e-04trmiss0_degmodglobal,8,0.6391297727823257,0.7169126868247986,0.25,0.5221882284382284,0.3076923076923077,0.0,0.6547677516937256,0.612574115395546,0.06422936916351318,0.20996667072176933,0.0,0.0,0.0,0.0,0.0,18473,global,0.0
3,2,lr1e-04_bs16_drop0p4_temp1p0_a0p25_b0p05__wd1e-04trmiss0_degmodglobal,16,0.0001,0.0001,0.4,1.0,0.25,0.05,lr1e-04_bs16_drop0p4_temp1p0_a0p25_b0p05__wd1e-04trmiss0_degmodglobal,9,0.6059852987527847,0.7154092192649841,0.275,0.5311167998667999,0.3076923076923077,0.0,0.6369785368442535,0.5839199870824814,0.057572062127292156,0.15344600193202496,0.0,0.0,0.0,0.0,0.0,18473,global,0.0
3,2,lr1e-04_bs16_drop0p4_temp1p0_a0p25_b0p05__wd1e-04trmiss0_degmodglobal,16,0.0001,0.0001,0.4,1.0,0.25,0.05,lr1e-04_bs16_drop0p4_temp1p0_a0p25_b0p05__wd1e-04trmiss0_degmodglobal,10,0.6299481242895126,0.7193886041641235,0.275,0.5311167998667999,0.46153846153846156,0.0,0.6733614653348923,0.6032901108264923,0.06770570389926434,0.1946316510438919,0.0,0.0,0.0,0.0,0.0,18473,global,0.0
3,2,lr1e-04_bs16_drop0p4_temp1p0_a0p25_b0p05__wd1e-04trmiss0_degmodglobal,16,0.0001,0.0001,0.4,1.0,0.25,0.05,lr1e-04_bs16_drop0p4_temp1p0_a0p25_b0p05__wd1e-04trmiss0_degmodglobal,11,0.5803240537643433,0.72016441822052,0.3,0.5430215617715618,0.3076923076923077,0.0,0.6175888031721115,0.5614088922739029,0.05086816195398569,0.12396191572770476,0.0,0.0,0.0,0.0,0.0,18473,global,0.0
3,2,lr1e-04_bs16_drop0p4_temp1p0_a0p25_b0p05__wd1e-04trmiss0_degmodglobal,16,0.0001,0.0001,0.4,1.0,0.25,0.05,lr1e-04_bs16_drop0p4_temp1p0_a0p25_b0p05__wd1e-04trmiss0_degmodglobal,12,0.6132307648658752,0.7219463586807251,0.3,0.5430215617715618,0.38461538461538464,0.0,0.6019041687250137,0.5935081988573074,0.05424880143254995,0.12320693768560886,0.0,0.0,0.0,0.0,0.0,18473,global,0.0
3,2,lr1e-04_bs16_drop0p4_temp1p0_a0p25_b0p05__wd1e-04trmiss0_degmodglobal,16,0.0001,0.0001,0.4,1.0,0.25,0.05,lr1e-04_bs16_drop0p4_temp1p0_a0p25_b0p05__wd1e-04trmiss0_degmodglobal,13,0.620227262377739,0.723503053188324,0.275,0.5311167998667999,0.38461538461538464,0.0,0.6199871748685837,0.5956021249294281,0.06067179050296545,0.18914401158690453,0.0,0.0,0.0,0.0,0.0,18473,global,0.0
3,2,lr1e-04_bs16_drop0p4_temp1p0_a0p25_b0p05__wd1e-04trmiss0_degmodglobal,16,0.0001,0.0001,0.4,1.0,0.25,0.05,lr1e-04_bs16_drop0p4_temp1p0_a0p25_b0p05__wd1e-04trmiss0_degmodglobal,14,0.600432276725769,0.7226166129112244,0.25,0.5221882284382284,0.38461538461538464,0.0,0.64806067943573,0.5796011388301849,0.052284952718764544,0.1551983430981636,0.0,0.0,0.0,0.0,0.0,18473,global,0.0
3,2,lr1e-04_bs16_drop0p4_temp1p0_a0p25_b0p05__wd1e-04trmiss0_degmodglobal,16,0.0001,0.0001,0.4,1.0,0.25,0.05,lr1e-04_bs16_drop0p4_temp1p0_a0p25_b0p05__wd1e-04trmiss0_degmodglobal,15,0.5856747478246689,0.7213521003723145,0.25,0.5221882284382284,0.46153846153846156,0.0,0.5882052481174469,0.5690292865037918,0.04698410537093878,0.09798910282552242,0.0,0.0,0.0,0.0,0.0,18473,global,0.0
3,2,lr1e-04_bs16_drop0p4_temp1p0_a0p25_b0p05__wd1e-04trmiss0_degmodglobal,16,0.0001,0.0001,0.4,1.0,0.25,0.05,lr1e-04_bs16_drop0p4_temp1p0_a0p25_b0p05__wd1e-04trmiss0_degmodglobal,16,0.6164682507514954,0.7236472368240356,0.275,0.5311167998667999,0.46153846153846156,0.0,0.6229396313428879,0.597557008266449,0.04878383409231901,0.13430564105510712,0.0,0.0,0.0,0.0,0.0,18473,global,0.0
3,2,lr1e-04_bs16_drop0p4_temp1p0_a0p25_b0p05__wd1e-04trmiss0_degmodglobal,16,0.0001,0.0001,0.4,1.0,0.25,0.05,lr1e-04_bs16_drop0p4_temp1p0_a0p25_b0p05__wd1e-04trmiss0_degmodglobal,17,0.5881436914205551,0.7264944314956665,0.3,0.5430215617715618,0.46153846153846156,0.0,0.607377752661705,0.5683808624744415,0.05247075390070677,0.1329028643667698,0.0,0.0,0.0,0.0,0.0,18473,global,0.0
3,2,lr1e-04_bs16_drop0p4_temp1p0_a0p25_b0p05__wd1e-04trmiss0_degmodglobal,16,0.0001,0.0001,0.4,1.0,0.25,0.05,lr1e-04_bs16_drop0p4_temp1p0_a0p25_b0p05__wd1e-04trmiss0_degmodglobal,18,0.5863559544086456,0.7272851467132568,0.3,0.5430215617715618,0.5384615384615384,0.0,0.5925732851028442,0.5704392939805984,0.04197945445775986,0.10843601264059544,0.0,0.0,0.0,0.0,0.0,18473,global,0.0
3,2,lr1e-04_bs16_drop0p4_temp1p0_a0p25_b0p05__wd1e-04trmiss0_degmodglobal,16,0.0001,0.0001,0.4,1.0,0.25,0.05,lr1e-04_bs16_drop0p4_temp1p0_a0p25_b0p05__wd1e-04trmiss0_degmodglobal,19,0.5682870447635651,0.7244887948036194,0.3,0.5430215617715618,0.46153846153846156,0.0,0.6153538078069687,0.5534334480762482,0.04057847801595926,0.09417936485260725,0.0,0.0,0.0,0.0,0.0,18473,global,0.0
3,2,lr1e-04_bs16_drop0p4_temp1p0_a0p25_b0p05__wd1e-04trmiss0_degmodglobal,16,0.0001,0.0001,0.4,1.0,0.25,0.05,lr1e-04_bs16_drop0p4_temp1p0_a0p25_b0p05__wd1e-04trmiss0_degmodglobal,20,0.5625413954257965,0.725363552570343,0.3,0.5430215617715618,0.46153846153846156,0.0,0.6053944379091263,0.5464916974306107,0.04044032748788595,0.11879238113760948,0.0,0.0,0.0,0.0,0.0,18473,global,0.0
3,2,lr1e-04_bs16_drop0p4_temp1p0_a0p25_b0p05__wd1e-04trmiss0_degmodglobal,16,0.0001,0.0001,0.4,1.0,0.25,0.05,lr1e-04_bs16_drop0p4_temp1p0_a0p25_b0p05__wd1e-04trmiss0_degmodglobal,21,0.5621601641178131,0.7235453724861145,0.3,0.5430215617715618,0.5384615384615384,0.0,0.5851369500160217,0.5431797057390213,0.053803613409399986,0.11059147398918867,0.0,0.0,0.0,0.0,0.0,18473,global,0.0
3,2,lr1e-04_bs16_drop0p4_temp1p0_a0p25_b0p05__wd1e-04trmiss0_degmodglobal,16,0.0001,0.0001,0.4,1.0,0.25,0.05,lr1e-04_bs16_drop0p4_temp1p0_a0p25_b0p05__wd1e-04trmiss0_degmodglobal,22,0.5714087933301926,0.7235859036445618,0.3,0.5430215617715618,0.46153846153846156,0.0,0.5550198405981064,0.5523504018783569,0.051557382568717,0.12338083330541849,0.0,0.0,0.0,0.0,0.0,18473,global,0.0
3,2,lr1e-04_bs16_drop0p4_temp1p0_a0p25_b0p05__wd1e-04trmiss0_degmodglobal,16,0.0001,0.0001,0.4,1.0,0.25,0.05,lr1e-04_bs16_drop0p4_temp1p0_a0p25_b0p05__wd1e-04trmiss0_degmodglobal,23,0.6077603101730347,0.7237808704376221,0.3,0.5430215617715618,0.5384615384615384,0.0,0.5840763300657272,0.5911538153886795,0.04662787355482578,0.09899042965844274,0.0,0.0,0.0,0.0,0.0,18473,global,0.0
3,2,lr1e-04_bs16_drop0p4_temp1p0_a0p25_b0p05__wd1e-04trmiss0_degmodglobal,16,0.0001,0.0001,0.4,1.0,0.25,0.05,lr1e-04_bs16_drop0p4_temp1p0_a0p25_b0p05__wd1e-04trmiss0_degmodglobal,24,0.6118951439857483,0.728475034236908,0.3,0.5430215617715618,0.5384615384615384,0.0,0.5714805722236633,0.5926189124584198,0.04744653031229973,0.1482922062277794,0.0,0.0,0.0,0.0,0.0,18473,global,0.0
3,2,lr1e-04_bs16_drop0p4_temp1p0_a0p25_b0p05__wd1e-04trmiss0_degmodglobal,16,0.0001,0.0001,0.4,1.0,0.25,0.05,lr1e-04_bs16_drop0p4_temp1p0_a0p25_b0p05__wd1e-04trmiss0_degmodglobal,25,0.5954822301864624,0.7281156182289124,0.32499999999999996,0.5499660062160062,0.5384615384615384,0.0,0.5844831764698029,0.5796452015638351,0.04007100034505129,0.11638522893190384,0.0,0.0,0.0,0.0,0.0,18473,global,0.0
3,2,lr1e-04_bs16_drop0p4_temp1p0_a0p25_b0p05__wd1e-04trmiss0_degmodglobal,16,0.0001,0.0001,0.4,1.0,0.25,0.05,lr1e-04_bs16_drop0p4_temp1p0_a0p25_b0p05__wd1e-04trmiss0_degmodglobal,26,0.5685528814792633,0.7274702787399292,0.3,0.5430215617715618,0.5384615384615384,0.0,0.5377792343497276,0.5505912974476814,0.05017470754683018,0.1083579733967781,0.0,0.0,0.0,0.0,0.0,18473,global,0.0
3,2,lr1e-04_bs16_drop0p4_temp1p0_a0p25_b0p05__wd1e-04trmiss0_degmodglobal,16,0.0001,0.0001,0.4,1.0,0.25,0.05,lr1e-04_bs16_drop0p4_temp1p0_a0p25_b0p05__wd1e-04trmiss0_degmodglobal,27,0.5884844362735748,0.727030336856842,0.3,0.5430215617715618,0.5384615384615384,0.0,0.5555006489157677,0.5650020837783813,0.06118425354361534,0.1637260653078556,0.0,0.0,0.0,0.0,0.0,18473,global,0.0
3,2,lr1e-04_bs16_drop0p4_temp1p0_a0p25_b0p05__wd1e-04trmiss0_degmodglobal,16,0.0001,0.0001,0.4,1.0,0.25,0.05,lr1e-04_bs16_drop0p4_temp1p0_a0p25_b0p05__wd1e-04trmiss0_degmodglobal,28,0.591521680355072,0.7271230220794678,0.3,0.5430215617715618,0.5384615384615384,0.0,0.5879639536142349,0.5758916288614273,0.04241525335237384,0.10052526742219925,0.0,0.0,0.0,0.0,0.0,18473,global,0.0
3,2,lr1e-04_bs16_drop0p4_temp1p0_a0p25_b0p05__wd1e-04trmiss0_degmodglobal,16,0.0001,0.0001,0.4,1.0,0.25,0.05,lr1e-04_bs16_drop0p4_temp1p0_a0p25_b0p05__wd1e-04trmiss0_degmodglobal,29,0.5967549532651901,0.7288865447044373,0.3,0.5430215617715618,0.5384615384615384,0.0,0.5615028738975525,0.5740767121315002,0.06340231839567423,0.13655346259474754,0.0,0.0,0.0,0.0,0.0,18473,global,0.0
3,2,lr1e-04_bs16_drop0p4_temp1p0_a0p25_b0p05__wd1e-04trmiss0_degmodglobal,16,0.0001,0.0001,0.4,1.0,0.25,0.05,lr1e-04_bs16_drop0p4_temp1p0_a0p25_b0p05__wd1e-04trmiss0_degmodglobal,30,0.5884889215230942,0.7276695370674133,0.3,0.5430215617715618,0.5384615384615384,0.0,0.5899327844381332,0.5703159123659134,0.05236364435404539,0.10164200887084007,0.0,0.0,0.0,0.0,0.0,18473,global,0.0
3,2,lr1e-04_bs16_drop0p4_temp1p0_a0p25_b0p05__wd1e-04trmiss0_degmodglobal,16,0.0001,0.0001,0.4,1.0,0.25,0.05,lr1e-04_bs16_drop0p4_temp1p0_a0p25_b0p05__wd1e-04trmiss0_degmodglobal,31,0.582814484834671,0.726780116558075,0.3,0.5430215617715618,0.5384615384615384,0.0,0.542735755443573,0.5626319348812103,0.05197911895811558,0.14375546015799046,0.0,0.0,0.0,0.0,0.0,18473,global,0.0
3,2,lr1e-04_bs16_drop0p4_temp1p0_a0p25_b0p05__wd1e-04trmiss0_degmodglobal,16,0.0001,0.0001,0.4,1.0,0.25,0.05,lr1e-04_bs16_drop0p4_temp1p0_a0p25_b0p05__wd1e-04trmiss0_degmodglobal,32,0.5920307487249374,0.7270957827568054,0.3,0.5430215617715618,0.38461538461538464,0.0,0.5456275343894958,0.5718698799610138,0.051457639783620834,0.14592903852462769,0.0,0.0,0.0,0.0,0.0,18473,global,0.0
3,2,lr1e-04_bs16_drop0p4_temp1p0_a0p25_b0p05__wd1e-04trmiss0_degmodglobal,16,0.0001,0.0001,0.4,1.0,0.25,0.05,lr1e-04_bs16_drop0p4_temp1p0_a0p25_b0p05__wd1e-04trmiss0_degmodglobal,33,0.6027654558420181,0.726398229598999,0.3,0.5430215617715618,0.38461538461538464,0.0,0.5952438116073608,0.5895076841115952,0.033425058238208294,0.09803035389631987,0.0,0.0,0.0,0.0,0.0,18473,global,0.0
3,2,lr1e-04_bs16_drop0p4_temp1p0_a0p25_b0p05__wd1e-04trmiss0_degmodglobal,16,0.0001,0.0001,0.4,1.0,0.25,0.05,lr1e-04_bs16_drop0p4_temp1p0_a0p25_b0p05__wd1e-04trmiss0_degmodglobal,34,0.5643571019172668,0.7286317348480225,0.3,0.5430215617715618,0.5384615384615384,0.0,0.5606670677661896,0.5464994683861732,0.04996119625866413,0.10734676010906696,0.0,0.0,0.0,0.0,0.0,18473,global,0.0
3,2,lr1e-04_bs16_drop0p4_temp1p0_a0p25_b0p05__wd1e-04trmiss0_degmodglobal,16,0.0001,0.0001,0.4,1.0,0.25,0.05,lr1e-04_bs16_drop0p4_temp1p0_a0p25_b0p05__wd1e-04trmiss0_degmodglobal,35,0.6057829856872559,0.7269878387451172,0.3,0.5430215617715618,0.5384615384615384,0.0,0.5650268793106079,0.5853429734706879,0.05405499413609505,0.1385250687599182,0.0,0.0,0.0,0.0,0.0,18473,global,0.0
3,2,lr1e-04_bs16_drop0p4_temp1p0_a0p25_b0p05__wd1e-04trmiss0_degmodglobal,16,0.0001,0.0001,0.4,1.0,0.25,0.05,lr1e-04_bs16_drop0p4_temp1p0_a0p25_b0p05__wd1e-04trmiss0_degmodglobal,36,0.56654292345047,0.7300949096679688,0.3,0.5430215617715618,0.5384615384615384,0.0,0.5323664993047714,0.5441036969423294,0.06632777489721775,0.11714522913098335,0.0,0.0,0.0,0.0,0.0,18473,global,0.0
3,2,lr1e-04_bs16_drop0p4_temp1p0_a0p25_b0p05__wd1e-04trmiss0_degmodglobal,16,0.0001,0.0001,0.4,1.0,0.25,0.05,lr1e-04_bs16_drop0p4_temp1p0_a0p25_b0p05__wd1e-04trmiss0_degmodglobal,37,0.5899142771959305,0.7295973896980286,0.3,0.5430215617715618,0.5384615384615384,0.0,0.5600327849388123,0.5625931769609451,0.06640155706554651,0.2144140787422657,0.0,0.0,0.0,0.0,0.0,18473,global,0.0
3,2,lr1e-04_bs16_drop0p4_temp1p0_a0p25_b0p05__wd1e-04trmiss0_degmodglobal,16,0.0001,0.0001,0.4,1.0,0.25,0.05,lr1e-04_bs16_drop0p4_temp1p0_a0p25_b0p05__wd1e-04trmiss0_degmodglobal,38,0.5627913773059845,0.7308924794197083,0.3,0.5430215617715618,0.5384615384615384,0.0,0.5544277280569077,0.5463731288909912,0.04105139151215553,0.12310774065554142,0.0,0.0,0.0,0.0,0.0,18473,global,0.0
3,2,lr1e-04_bs16_drop0p4_temp1p0_a0p25_b0p05__wd1e-04trmiss0_degmodglobal,16,0.0001,0.0001,0.4,1.0,0.25,0.05,lr1e-04_bs16_drop0p4_temp1p0_a0p25_b0p05__wd1e-04trmiss0_degmodglobal,39,0.5767053812742233,0.7343531847000122,0.3,0.5430215617715618,0.5384615384615384,0.0,0.537951648235321,0.5605995953083038,0.039776483085006475,0.12323345523327589,0.0,0.0,0.0,0.0,0.0,18473,global,0.0
3,2,lr1e-04_bs16_drop0p4_temp1p0_a0p25_b0p05__wd1e-04trmiss0_degmodglobal,16,0.0001,0.0001,0.4,1.0,0.25,0.05,lr1e-04_bs16_drop0p4_temp1p0_a0p25_b0p05__wd1e-04trmiss0_degmodglobal,40,0.6114407926797867,0.7362869381904602,0.3,0.5430215617715618,0.38461538461538464,0.0,0.588402584195137,0.5908655226230621,0.05266835168004036,0.14816410653293133,0.0,0.0,0.0,0.0,0.0,18473,global,0.0
3,2,lr1e-04_bs16_drop0p4_temp1p0_a0p25_b0p05__wd1e-04trmiss0_degmodglobal,16,0.0001,0.0001,0.4,1.0,0.25,0.05,lr1e-04_bs16_drop0p4_temp1p0_a0p25_b0p05__wd1e-04trmiss0_degmodglobal,41,0.6002877503633499,0.7362412810325623,0.3,0.5430215617715618,0.46153846153846156,0.0,0.513002872467041,0.5742863565683365,0.07057443633675575,0.16715559177100658,0.0,0.0,0.0,0.0,0.0,18473,global,0.0
3,2,lr1e-04_bs16_drop0p4_temp1p0_a0p25_b0p05__wd1e-04trmiss0_degmodglobal,16,0.0001,0.0001,0.4,1.0,0.25,0.05,lr1e-04_bs16_drop0p4_temp1p0_a0p25_b0p05__wd1e-04trmiss0_degmodglobal,42,0.5647270232439041,0.7323689460754395,0.3,0.5430215617715618,0.46153846153846156,0.0,0.5827516913414001,0.5502011552453041,0.041366069577634335,0.0836868267506361,0.0,0.0,0.0,0.0,0.0,18473,global,0.0
3,2,lr1e-04_bs16_drop0p4_temp1p0_a0p25_b0p05__wd1e-04trmiss0_degmodglobal,16,0.0001,0.0001,0.4,1.0,0.25,0.05,lr1e-04_bs16_drop0p4_temp1p0_a0p25_b0p05__wd1e-04trmiss0_degmodglobal,43,0.5631444752216339,0.7326620221138,0.3,0.5430215617715618,0.38461538461538464,0.0,0.5172457993030548,0.5438179522752762,0.05612564831972122,0.10590259358286858,0.0,0.0,0.0,0.0,0.0,18473,global,0.0
3,2,lr1e-04_bs16_drop0p4_temp1p0_a0p25_b0p05__wd1e-04trmiss0_degmodglobal,16,0.0001,0.0001,0.4,1.0,0.25,0.05,lr1e-04_bs16_drop0p4_temp1p0_a0p25_b0p05__wd1e-04trmiss0_degmodglobal,44,0.6098473221063614,0.7313870191574097,0.3,0.5430215617715618,0.38461538461538464,0.0,0.5650642067193985,0.5885253548622131,0.06014815531671047,0.12569865537807345,0.0,0.0,0.0,0.0,0.0,18473,global,0.0
3,2,lr1e-04_bs16_drop0p4_temp1p0_a0p25_b0p05__wd1e-04trmiss0_degmodglobal,16,0.0001,0.0001,0.4,1.0,0.25,0.05,lr1e-04_bs16_drop0p4_temp1p0_a0p25_b0p05__wd1e-04trmiss0_degmodglobal,45,0.5616852194070816,0.7301505208015442,0.3,0.5430215617715618,0.5384615384615384,0.0,0.5182235538959503,0.5408791154623032,0.05838431045413017,0.12420061416924,0.0,0.0,0.0,0.0,0.0,18473,global,0.0
3,2,lr1e-04_bs16_drop0p4_temp2p0_a0p25_b0p05__wd1e-04trmiss0_degmodglobal,16,0.0001,0.0001,0.4,2.0,0.25,0.05,lr1e-04_bs16_drop0p4_temp2p0_a0p25_b0p05__wd1e-04trmiss0_degmodglobal,1,0.7201950550079346,0.6968454718589783,0.4,0.6759129759129759,0.46153846153846156,0.0,0.7264954745769501,0.6878264844417572,0.08944484777748585,0.2001472059637308,0.0,0.0,0.0,0.0,0.0,18473,global,0.0
3,2,lr1e-04_bs16_drop0p4_temp2p0_a0p25_b0p05__wd1e-04trmiss0_degmodglobal,16,0.0001,0.0001,0.4,2.0,0.25,0.05,lr1e-04_bs16_drop0p4_temp2p0_a0p25_b0p05__wd1e-04trmiss0_degmodglobal,2,0.707433819770813,0.6925190687179565,0.475,0.7384129759129759,0.46153846153846156,0.0,0.6518321931362152,0.6770955473184586,0.07870643865317106,0.21323314309120178,0.0,0.0,0.0,0.0,0.0,18473,global,0.0
3,2,lr1e-04_bs16_drop0p4_temp2p0_a0p25_b0p05__wd1e-04trmiss0_degmodglobal,16,0.0001,0.0001,0.4,2.0,0.25,0.05,lr1e-04_bs16_drop0p4_temp2p0_a0p25_b0p05__wd1e-04trmiss0_degmodglobal,3,0.6583908498287201,0.6861562728881836,0.55,0.7656565656565657,0.46153846153846156,0.0,0.6170654296875,0.6282573640346527,0.09279668144881725,0.13868609629571438,0.0,0.0,0.0,0.0,0.0,18473,global,0.0
3,2,lr1e-04_bs16_drop0p4_temp2p0_a0p25_b0p05__wd1e-04trmiss0_degmodglobal,16,0.0001,0.0001,0.4,2.0,0.25,0.05,lr1e-04_bs16_drop0p4_temp2p0_a0p25_b0p05__wd1e-04trmiss0_degmodglobal,4,0.6423115730285645,0.6751110553741455,0.55,0.7656565656565657,0.5384615384615384,0.0,0.6071358025074005,0.6099205017089844,0.08754756767302752,0.2100832760334015,0.0,0.0,0.0,0.0,0.0,18473,global,0.0
3,2,lr1e-04_bs16_drop0p4_temp2p0_a0p25_b0p05__wd1e-04trmiss0_degmodglobal,16,0.0001,0.0001,0.4,2.0,0.25,0.05,lr1e-04_bs16_drop0p4_temp2p0_a0p25_b0p05__wd1e-04trmiss0_degmodglobal,5,0.6173056960105896,0.665490984916687,0.575,0.7743371212121212,0.5384615384615384,0.0,0.5928902626037598,0.5870179384946823,0.08480141125619411,0.1817477010190487,0.0,0.0,0.0,0.0,0.0,18473,global,0.0
3,2,lr1e-04_bs16_drop0p4_temp2p0_a0p25_b0p05__wd1e-04trmiss0_degmodglobal,16,0.0001,0.0001,0.4,2.0,0.25,0.05,lr1e-04_bs16_drop0p4_temp2p0_a0p25_b0p05__wd1e-04trmiss0_degmodglobal,6,0.6562812328338623,0.6590811014175415,0.6,0.7826704545454545,0.5384615384615384,0.0,0.5887604802846909,0.6235792338848114,0.09382213652133942,0.18492951057851315,0.0,0.0,0.0,0.0,0.0,18473,global,0.0
3,2,lr1e-04_bs16_drop0p4_temp2p0_a0p25_b0p05__wd1e-04trmiss0_degmodglobal,16,0.0001,0.0001,0.4,2.0,0.25,0.05,lr1e-04_bs16_drop0p4_temp2p0_a0p25_b0p05__wd1e-04trmiss0_degmodglobal,7,0.6089717447757721,0.6559075713157654,0.575,0.7743371212121212,0.5384615384615384,0.0,0.5706009566783905,0.5774196833372116,0.09743300266563892,0.14387655165046453,0.0,0.0,0.0,0.0,0.0,18473,global,0.0
3,2,lr1e-04_bs16_drop0p4_temp2p0_a0p25_b0p05__wd1e-04trmiss0_degmodglobal,16,0.0001,0.0001,0.4,2.0,0.25,0.05,lr1e-04_bs16_drop0p4_temp2p0_a0p25_b0p05__wd1e-04trmiss0_degmodglobal,8,0.5891503691673279,0.6566629409790039,0.575,0.7762601981351981,0.5384615384615384,0.0,0.5761137306690216,0.5505906268954277,0.11309443041682243,0.20572291687130928,0.0,0.0,0.0,0.0,0.0,18473,global,0.0
3,2,lr1e-04_bs16_drop0p4_temp2p0_a0p25_b0p05__wd1e-04trmiss0_degmodglobal,16,0.0001,0.0001,0.4,2.0,0.25,0.05,lr1e-04_bs16_drop0p4_temp2p0_a0p25_b0p05__wd1e-04trmiss0_degmodglobal,9,0.6407315582036972,0.6588683128356934,0.575,0.7762601981351981,0.5384615384615384,0.0,0.527567520737648,0.5985395610332489,0.12007782980799675,0.24345029890537262,0.0,0.0,0.0,0.0,0.0,18473,global,0.0
3,2,lr1e-04_bs16_drop0p4_temp2p0_a0p25_b0p05__wd1e-04trmiss0_degmodglobal,16,0.0001,0.0001,0.4,2.0,0.25,0.05,lr1e-04_bs16_drop0p4_temp2p0_a0p25_b0p05__wd1e-04trmiss0_degmodglobal,10,0.5909441858530045,0.6493005752563477,0.6,0.7874209124209124,0.5384615384615384,0.0,0.5601994544267654,0.5575883239507675,0.09524604119360447,0.19088713452219963,0.0,0.0,0.0,0.0,0.0,18473,global,0.0
3,2,lr1e-04_bs16_drop0p4_temp2p0_a0p25_b0p05__wd1e-04trmiss0_degmodglobal,16,0.0001,0.0001,0.4,2.0,0.25,0.05,lr1e-04_bs16_drop0p4_temp2p0_a0p25_b0p05__wd1e-04trmiss0_degmodglobal,11,0.6007350236177444,0.6610569357872009,0.575,0.7529647435897435,0.5384615384615384,0.0,0.5349624305963516,0.5561077147722244,0.12236548401415348,0.2807187996804714,0.0,0.0,0.0,0.0,0.0,18473,global,0.0
3,2,lr1e-04_bs16_drop0p4_temp2p0_a0p25_b0p05__wd1e-04trmiss0_degmodglobal,16,0.0001,0.0001,0.4,2.0,0.25,0.05,lr1e-04_bs16_drop0p4_temp2p0_a0p25_b0p05__wd1e-04trmiss0_degmodglobal,12,0.5815778523683548,0.6694121360778809,0.55,0.7342147435897435,0.46153846153846156,0.0,0.5149760320782661,0.5417685210704803,0.10886908508837223,0.2518409453332424,0.0,0.0,0.0,0.0,0.0,18473,global,0.0
3,2,lr1e-04_bs16_drop0p4_temp2p0_a0p25_b0p05__wd1e-04trmiss0_degmodglobal,16,0.0001,0.0001,0.4,2.0,0.25,0.05,lr1e-04_bs16_drop0p4_temp2p0_a0p25_b0p05__wd1e-04trmiss0_degmodglobal,13,0.5725922584533691,0.6756119728088379,0.5,0.7143554362304363,0.38461538461538464,0.0,0.47984980791807175,0.5324440151453018,0.11928913369774818,0.2065189592540264,0.0,0.0,0.0,0.0,0.0,18473,global,0.0
3,2,lr1e-04_bs16_drop0p4_temp2p0_a0p25_b0p05__wd1e-04trmiss0_degmodglobal,16,0.0001,0.0001,0.4,2.0,0.25,0.05,lr1e-04_bs16_drop0p4_temp2p0_a0p25_b0p05__wd1e-04trmiss0_degmodglobal,14,0.6093977093696594,0.6791326403617859,0.5,0.7196314102564103,0.5384615384615384,0.0,0.49059266597032547,0.5507024973630905,0.16485057398676872,0.3496512919664383,0.0,0.0,0.0,0.0,0.0,18473,global,0.0
3,2,lr1e-04_bs16_drop0p4_temp2p0_a0p25_b0p05__wd1e-04trmiss0_degmodglobal,16,0.0001,0.0001,0.4,2.0,0.25,0.05,lr1e-04_bs16_drop0p4_temp2p0_a0p25_b0p05__wd1e-04trmiss0_degmodglobal,15,0.585373267531395,0.6757414937019348,0.47500000000000003,0.6779647435897436,0.5384615384615384,0.0,0.505343958735466,0.5497410297393799,0.09974810481071472,0.2139039896428585,0.0,0.0,0.0,0.0,0.0,18473,global,0.0
3,2,lr1e-04_bs16_drop0p4_temp2p0_a0p25_b0p05__wd1e-04trmiss0_degmodglobal,16,0.0001,0.0001,0.4,2.0,0.25,0.05,lr1e-04_bs16_drop0p4_temp2p0_a0p25_b0p05__wd1e-04trmiss0_degmodglobal,16,0.5870109498500824,0.6844437122344971,0.47500000000000003,0.6848099816849818,0.46153846153846156,0.0,0.4931550547480583,0.544898271560669,0.12824715487658978,0.20101771876215935,0.0,0.0,0.0,0.0,0.0,18473,global,0.0
3,2,lr1e-04_bs16_drop0p4_temp2p0_a0p25_b0p05__wd1e-04trmiss0_degmodglobal,16,0.0001,0.0001,0.4,2.0,0.25,0.05,lr1e-04_bs16_drop0p4_temp2p0_a0p25_b0p05__wd1e-04trmiss0_degmodglobal,17,0.5734784305095673,0.6806784868240356,0.47500000000000003,0.6848099816849818,0.46153846153846156,0.0,0.47573332488536835,0.5294339954853058,0.13044354878365993,0.22867130860686302,0.0,0.0,0.0,0.0,0.0,18473,global,0.0
3,2,lr1e-04_bs16_drop0p4_temp2p0_a0p25_b0p05__wd1e-04trmiss0_degmodglobal,16,0.0001,0.0001,0.4,2.0,0.25,0.05,lr1e-04_bs16_drop0p4_temp2p0_a0p25_b0p05__wd1e-04trmiss0_degmodglobal,18,0.5677788406610489,0.681546151638031,0.47500000000000003,0.6848099816849818,0.38461538461538464,0.0,0.48993556946516037,0.5248862728476524,0.1277784677222371,0.21895931288599968,0.0,0.0,0.0,0.0,0.0,18473,global,0.0
3,2,lr1e-04_bs16_drop0p4_temp2p0_a0p25_b0p05__wd1e-04trmiss0_degmodglobal,16,0.0001,0.0001,0.4,2.0,0.25,0.05,lr1e-04_bs16_drop0p4_temp2p0_a0p25_b0p05__wd1e-04trmiss0_degmodglobal,19,0.5765586942434311,0.6826351881027222,0.47500000000000003,0.6848099816849818,0.38461538461538464,0.0,0.46321677416563034,0.5303699821233749,0.13296210765838623,0.2589639648795128,0.0,0.0,0.0,0.0,0.0,18473,global,0.0
3,2,lr1e-04_bs16_drop0p4_temp2p0_a0p25_b0p05__wd1e-04trmiss0_degmodglobal,16,0.0001,0.0001,0.4,2.0,0.25,0.05,lr1e-04_bs16_drop0p4_temp2p0_a0p25_b0p05__wd1e-04trmiss0_degmodglobal,20,0.5611619353294373,0.6858454942703247,0.47500000000000003,0.6848099816849818,0.38461538461538464,0.0,0.4944058284163475,0.5224044919013977,0.11683345213532448,0.1909818472340703,0.0,0.0,0.0,0.0,0.0,18473,global,0.0
3,2,lr1e-04_bs16_drop0p4_temp2p0_a0p25_b0p05__wd1e-04trmiss0_degmodglobal,16,0.0001,0.0001,0.4,2.0,0.25,0.05,lr1e-04_bs16_drop0p4_temp2p0_a0p25_b0p05__wd1e-04trmiss0_degmodglobal,21,0.596300408244133,0.6809181571006775,0.47500000000000003,0.6848099816849818,0.46153846153846156,0.0,0.4780883267521858,0.5527986139059067,0.1194307878613472,0.27288204804062843,0.0,0.0,0.0,0.0,0.0,18473,global,0.0
3,2,lr1e-04_bs16_drop0p4_temp2p0_a0p25_b0p05__wd1e-04trmiss0_degmodglobal,16,0.0001,0.0001,0.4,2.0,0.25,0.05,lr1e-04_bs16_drop0p4_temp2p0_a0p25_b0p05__wd1e-04trmiss0_degmodglobal,22,0.585547611117363,0.6916740536689758,0.47500000000000003,0.6848099816849818,0.38461538461538464,0.0,0.4619279056787491,0.5269841551780701,0.18052607774734497,0.2686387300491333,0.0,0.0,0.0,0.0,0.0,18473,global,0.0
3,2,lr1e-04_bs16_drop0p4_temp2p0_a0p25_b0p05__wd1e-04trmiss0_degmodglobal,16,0.0001,0.0001,0.4,2.0,0.25,0.05,lr1e-04_bs16_drop0p4_temp2p0_a0p25_b0p05__wd1e-04trmiss0_degmodglobal,23,0.5526824295520782,0.6902864575386047,0.45,0.6764766483516484,0.38461538461538464,0.0,0.5158492028713226,0.5083337351679802,0.13586273975670338,0.20766018517315388,0.0,0.0,0.0,0.0,0.0,18473,global,0.0
3,2,lr1e-04_bs16_drop0p4_temp2p0_a0p25_b0p05__wd1e-04trmiss0_degmodglobal,16,0.0001,0.0001,0.4,2.0,0.25,0.05,lr1e-04_bs16_drop0p4_temp2p0_a0p25_b0p05__wd1e-04trmiss0_degmodglobal,24,0.5695856213569641,0.6897848844528198,0.44999999999999996,0.6643554362304362,0.38461538461538464,0.0,0.49310410022735596,0.5312256515026093,0.10623601637780666,0.2360190898180008,0.0,0.0,0.0,0.0,0.0,18473,global,0.0
3,2,lr1e-04_bs16_drop0p4_temp2p0_a0p25_b0p05__wd1e-04trmiss0_degmodglobal,16,0.0001,0.0001,0.4,2.0,0.25,0.05,lr1e-04_bs16_drop0p4_temp2p0_a0p25_b0p05__wd1e-04trmiss0_degmodglobal,25,0.5527805835008621,0.6899040341377258,0.5,0.6914387695637696,0.38461538461538464,0.0,0.4793541356921196,0.5226396396756172,0.08392945397645235,0.18317129462957382,0.0,0.0,0.0,0.0,0.0,18473,global,0.0
3,2,lr1e-04_bs16_drop0p4_temp2p0_a0p25_b0p05__wd1e-04trmiss0_degmodglobal,16,0.0001,0.0001,0.4,2.0,0.25,0.05,lr1e-04_bs16_drop0p4_temp2p0_a0p25_b0p05__wd1e-04trmiss0_degmodglobal,26,0.5740794241428375,0.6867814064025879,0.475,0.6726887695637696,0.38461538461538464,0.0,0.5120704993605614,0.5317524671554565,0.11732523888349533,0.25991327315568924,0.0,0.0,0.0,0.0,0.0,18473,global,0.0
3,2,lr1e-04_bs16_drop0p4_temp2p0_a0p25_b0p05__wd1e-04trmiss0_degmodglobal,16,0.0001,0.0001,0.4,2.0,0.25,0.05,lr1e-04_bs16_drop0p4_temp2p0_a0p25_b0p05__wd1e-04trmiss0_degmodglobal,27,0.5531863123178482,0.6843699812889099,0.5,0.6914387695637696,0.38461538461538464,0.0,0.48007338494062424,0.5081393495202065,0.12364161759614944,0.28273121640086174,0.0,0.0,0.0,0.0,0.0,18473,global,0.0
3,2,lr1e-04_bs16_drop0p4_temp2p0_a0p25_b0p05__wd1e-04trmiss0_degmodglobal,16,0.0001,0.0001,0.4,2.0,0.25,0.05,lr1e-04_bs16_drop0p4_temp2p0_a0p25_b0p05__wd1e-04trmiss0_degmodglobal,28,0.5437769293785095,0.6818089485168457,0.5,0.6914387695637696,0.38461538461538464,0.0,0.4793516993522644,0.4994019344449043,0.12762442976236343,0.24937763065099716,0.0,0.0,0.0,0.0,0.0,18473,global,0.0
3,2,lr1e-04_bs16_drop0p4_temp2p0_a0p25_b0p05__wd1e-04trmiss0_degmodglobal,16,0.0001,0.0001,0.4,2.0,0.25,0.05,lr1e-04_bs16_drop0p4_temp2p0_a0p25_b0p05__wd1e-04trmiss0_degmodglobal,29,0.5444527715444565,0.6806972026824951,0.47500000000000003,0.6848099816849818,0.38461538461538464,0.0,0.4573800563812256,0.5121366903185844,0.09759476408362389,0.15834777988493443,0.0,0.0,0.0,0.0,0.0,18473,global,0.0
3,2,lr1e-04_bs16_drop0p4_temp2p0_a0p25_b0p05__wd1e-04trmiss0_degmodglobal,16,0.0001,0.0001,0.4,2.0,0.25,0.05,lr1e-04_bs16_drop0p4_temp2p0_a0p25_b0p05__wd1e-04trmiss0_degmodglobal,30,0.5388685017824173,0.6764435768127441,0.47500000000000003,0.6848099816849818,0.38461538461538464,0.0,0.4502154216170311,0.5026713982224464,0.10587848257273436,0.1945499125868082,0.0,0.0,0.0,0.0,0.0,18473,global,0.0
3,2,lr5e-05_bs16_drop0p2_temp1p0_a0p25_b0p05__wd1e-04trmiss0_degmodglobal,16,5e-05,0.0001,0.2,1.0,0.25,0.05,lr5e-05_bs16_drop0p2_temp1p0_a0p25_b0p05__wd1e-04trmiss0_degmodglobal,1,0.7588513940572739,0.6956305503845215,0.65,0.8356351981351982,0.6153846153846154,0.0,0.7117930054664612,0.7444319128990173,0.0368820745497942,0.1039792150259018,0.0,0.0,0.0,0.0,0.0,18473,global,0.0
3,2,lr5e-05_bs16_drop0p2_temp1p0_a0p25_b0p05__wd1e-04trmiss0_degmodglobal,16,5e-05,0.0001,0.2,1.0,0.25,0.05,lr5e-05_bs16_drop0p2_temp1p0_a0p25_b0p05__wd1e-04trmiss0_degmodglobal,2,0.7265088558197021,0.6955386996269226,0.625,0.8290064102564103,0.5384615384615384,0.0,0.6935945600271225,0.7088740468025208,0.04182612197473645,0.14356562495231628,0.0,0.0,0.0,0.0,0.0,18473,global,0.0
3,2,lr5e-05_bs16_drop0p2_temp1p0_a0p25_b0p05__wd1e-04trmiss0_degmodglobal,16,5e-05,0.0001,0.2,1.0,0.25,0.05,lr5e-05_bs16_drop0p2_temp1p0_a0p25_b0p05__wd1e-04trmiss0_degmodglobal,3,0.7167611867189407,0.6973692178726196,0.625,0.8290064102564103,0.5384615384615384,0.0,0.6539177745580673,0.6980946511030197,0.044833892956376076,0.149161571636796,0.0,0.0,0.0,0.0,0.0,18473,global,0.0
3,2,lr5e-05_bs16_drop0p2_temp1p0_a0p25_b0p05__wd1e-04trmiss0_degmodglobal,16,5e-05,0.0001,0.2,1.0,0.25,0.05,lr5e-05_bs16_drop0p2_temp1p0_a0p25_b0p05__wd1e-04trmiss0_degmodglobal,4,0.687592402100563,0.7016334533691406,0.6000000000000001,0.8040064102564103,0.5384615384615384,0.0,0.6565258353948593,0.6728589236736298,0.038823300041258335,0.10055303387343884,0.0,0.0,0.0,0.0,0.0,18473,global,0.0
3,2,lr5e-05_bs16_drop0p2_temp1p0_a0p25_b0p05__wd1e-04trmiss0_degmodglobal,16,5e-05,0.0001,0.2,1.0,0.25,0.05,lr5e-05_bs16_drop0p2_temp1p0_a0p25_b0p05__wd1e-04trmiss0_degmodglobal,5,0.6852783709764481,0.7054402828216553,0.575,0.7971882284382285,0.5384615384615384,0.0,0.6459467113018036,0.6681480407714844,0.04521020129323006,0.11655559204518795,0.0,0.0,0.0,0.0,0.0,18473,global,0.0
3,2,lr5e-05_bs16_drop0p2_temp1p0_a0p25_b0p05__wd1e-04trmiss0_degmodglobal,16,5e-05,0.0001,0.2,1.0,0.25,0.05,lr5e-05_bs16_drop0p2_temp1p0_a0p25_b0p05__wd1e-04trmiss0_degmodglobal,6,0.6836391389369965,0.7042937278747559,0.575,0.7971882284382285,0.6153846153846154,0.0,0.6712790876626968,0.6664000451564789,0.04281246103346348,0.1307196244597435,0.0,0.0,0.0,0.0,0.0,18473,global,0.0
3,2,lr5e-05_bs16_drop0p2_temp1p0_a0p25_b0p05__wd1e-04trmiss0_degmodglobal,16,5e-05,0.0001,0.2,1.0,0.25,0.05,lr5e-05_bs16_drop0p2_temp1p0_a0p25_b0p05__wd1e-04trmiss0_degmodglobal,7,0.6901420801877975,0.7076084613800049,0.6000000000000001,0.8040064102564103,0.6153846153846154,0.0,0.6504419147968292,0.6716873198747635,0.04862886341288686,0.12595023959875107,0.0,0.0,0.0,0.0,0.0,18473,global,0.0
3,2,lr5e-05_bs16_drop0p2_temp1p0_a0p25_b0p05__wd1e-04trmiss0_degmodglobal,16,5e-05,0.0001,0.2,1.0,0.25,0.05,lr5e-05_bs16_drop0p2_temp1p0_a0p25_b0p05__wd1e-04trmiss0_degmodglobal,8,0.6627410501241684,0.7115744352340698,0.6000000000000001,0.8040064102564103,0.5384615384615384,0.0,0.6230631917715073,0.6459391117095947,0.047563289292156696,0.09822198003530502,0.0,0.0,0.0,0.0,0.0,18473,global,0.0
3,2,lr5e-05_bs16_drop0p2_temp1p0_a0p25_b0p05__wd1e-04trmiss0_degmodglobal,16,5e-05,0.0001,0.2,1.0,0.25,0.05,lr5e-05_bs16_drop0p2_temp1p0_a0p25_b0p05__wd1e-04trmiss0_degmodglobal,9,0.6732290834188461,0.7156718373298645,0.5750000000000001,0.7727564102564103,0.5384615384615384,0.0,0.6516587436199188,0.6533965915441513,0.05174238886684179,0.13793765008449554,0.0,0.0,0.0,0.0,0.0,18473,global,0.0
3,2,lr5e-05_bs16_drop0p2_temp1p0_a0p25_b0p05__wd1e-04trmiss0_degmodglobal,16,5e-05,0.0001,0.2,1.0,0.25,0.05,lr5e-05_bs16_drop0p2_temp1p0_a0p25_b0p05__wd1e-04trmiss0_degmodglobal,10,0.6615959852933884,0.7179520130157471,0.5750000000000001,0.7727564102564103,0.5384615384615384,0.0,0.6105357110500336,0.6418094784021378,0.054318794049322605,0.12413617130368948,0.0,0.0,0.0,0.0,0.0,18473,global,0.0
3,2,lr5e-05_bs16_drop0p2_temp1p0_a0p25_b0p05__wd1e-04trmiss0_degmodglobal,16,5e-05,0.0001,0.2,1.0,0.25,0.05,lr5e-05_bs16_drop0p2_temp1p0_a0p25_b0p05__wd1e-04trmiss0_degmodglobal,11,0.6617799997329712,0.7203092575073242,0.5750000000000001,0.7727564102564103,0.5384615384615384,0.0,0.6384101659059525,0.6445086896419525,0.04762396402657032,0.10730661079287529,0.0,0.0,0.0,0.0,0.0,18473,global,0.0
3,2,lr5e-05_bs16_drop0p2_temp1p0_a0p25_b0p05__wd1e-04trmiss0_degmodglobal,16,5e-05,0.0001,0.2,1.0,0.25,0.05,lr5e-05_bs16_drop0p2_temp1p0_a0p25_b0p05__wd1e-04trmiss0_degmodglobal,12,0.6481836438179016,0.7231553196907043,0.5499999999999999,0.757875457875458,0.5384615384615384,0.0,0.5954762399196625,0.6304651498794556,0.048186678905040026,0.1134363254532218,0.0,0.0,0.0,0.0,0.0,18473,global,0.0
3,2,lr5e-05_bs16_drop0p2_temp1p0_a0p25_b0p05__wd1e-04trmiss0_degmodglobal,16,5e-05,0.0001,0.2,1.0,0.25,0.05,lr5e-05_bs16_drop0p2_temp1p0_a0p25_b0p05__wd1e-04trmiss0_degmodglobal,13,0.6293318569660187,0.720878541469574,0.5499999999999999,0.757875457875458,0.46153846153846156,0.0,0.6096004694700241,0.6141626983880997,0.044325295370072126,0.08175664208829403,0.0,0.0,0.0,0.0,0.0,18473,global,0.0
3,2,lr5e-05_bs16_drop0p2_temp1p0_a0p25_b0p05__wd1e-04trmiss0_degmodglobal,16,5e-05,0.0001,0.2,1.0,0.25,0.05,lr5e-05_bs16_drop0p2_temp1p0_a0p25_b0p05__wd1e-04trmiss0_degmodglobal,14,0.6655816435813904,0.7195866703987122,0.5499999999999999,0.757875457875458,0.46153846153846156,0.0,0.6027776300907135,0.6500927358865738,0.043033428490161896,0.0946107767522335,0.0,0.0,0.0,0.0,0.0,18473,global,0.0
3,2,lr5e-05_bs16_drop0p2_temp1p0_a0p25_b0p05__wd1e-04trmiss0_degmodglobal,16,5e-05,0.0001,0.2,1.0,0.25,0.05,lr5e-05_bs16_drop0p2_temp1p0_a0p25_b0p05__wd1e-04trmiss0_degmodglobal,15,0.6540969610214233,0.7241606116294861,0.5499999999999999,0.757875457875458,0.46153846153846156,0.0,0.5998526364564896,0.6365181058645248,0.048074317164719105,0.11120561696588993,0.0,0.0,0.0,0.0,0.0,18473,global,0.0
3,2,lr5e-05_bs16_drop0p2_temp1p0_a0p25_b0p05__wd1e-04trmiss0_degmodglobal,16,5e-05,0.0001,0.2,1.0,0.25,0.05,lr5e-05_bs16_drop0p2_temp1p0_a0p25_b0p05__wd1e-04trmiss0_degmodglobal,16,0.6745957583189011,0.7296217679977417,0.425,0.6609508547008548,0.46153846153846156,0.0,0.6105888485908508,0.6571171283721924,0.04864991828799248,0.10632299259305,0.0,0.0,0.0,0.0,0.0,18473,global,0.0
3,2,lr5e-05_bs16_drop0p2_temp1p0_a0p25_b0p05__wd1e-04trmiss0_degmodglobal,16,5e-05,0.0001,0.2,1.0,0.25,0.05,lr5e-05_bs16_drop0p2_temp1p0_a0p25_b0p05__wd1e-04trmiss0_degmodglobal,17,0.6377862840890884,0.7282009124755859,0.375,0.6282127594627596,0.46153846153846156,0.0,0.6001947224140167,0.6159629374742508,0.05740270111709833,0.14945329539477825,0.0,0.0,0.0,0.0,0.0,18473,global,0.0
3,2,lr5e-05_bs16_drop0p2_temp1p0_a0p25_b0p05__wd1e-04trmiss0_degmodglobal,16,5e-05,0.0001,0.2,1.0,0.25,0.05,lr5e-05_bs16_drop0p2_temp1p0_a0p25_b0p05__wd1e-04trmiss0_degmodglobal,18,0.6359210163354874,0.7336469292640686,0.325,0.6088945776445777,0.3076923076923077,0.0,0.5905382335186005,0.6123733967542648,0.06158787943422794,0.1630130633711815,0.0,0.0,0.0,0.0,0.0,18473,global,0.0
3,2,lr5e-05_bs16_drop0p2_temp1p0_a0p25_b0p05__wd1e-04trmiss0_degmodglobal,16,5e-05,0.0001,0.2,1.0,0.25,0.05,lr5e-05_bs16_drop0p2_temp1p0_a0p25_b0p05__wd1e-04trmiss0_degmodglobal,19,0.6240064650774002,0.7349061965942383,0.325,0.6032127594627594,0.3076923076923077,0.0,0.5818291008472443,0.6057250499725342,0.0521971620619297,0.10464259795844555,0.0,0.0,0.0,0.0,0.0,18473,global,0.0
3,2,lr5e-05_bs16_drop0p2_temp1p0_a0p25_b0p05__wd1e-04trmiss0_degmodglobal,16,5e-05,0.0001,0.2,1.0,0.25,0.05,lr5e-05_bs16_drop0p2_temp1p0_a0p25_b0p05__wd1e-04trmiss0_degmodglobal,20,0.6463981121778488,0.7367215156555176,0.325,0.6032127594627594,0.3076923076923077,0.0,0.5802057683467865,0.6270692348480225,0.05171014741063118,0.12802734039723873,0.0,0.0,0.0,0.0,0.0,18473,global,0.0
3,2,lr5e-05_bs16_drop0p2_temp1p0_a0p25_b0p05__wd1e-04trmiss0_degmodglobal,16,5e-05,0.0001,0.2,1.0,0.25,0.05,lr5e-05_bs16_drop0p2_temp1p0_a0p25_b0p05__wd1e-04trmiss0_degmodglobal,21,0.654549315571785,0.7390890121459961,0.325,0.6032127594627594,0.38461538461538464,0.0,0.5696233510971069,0.6342210620641708,0.05228722654283047,0.14512880332767963,0.0,0.0,0.0,0.0,0.0,18473,global,0.0
3,2,lr5e-05_bs16_drop0p2_temp1p0_a0p25_b0p05__wd1e-04trmiss0_degmodglobal,16,5e-05,0.0001,0.2,1.0,0.25,0.05,lr5e-05_bs16_drop0p2_temp1p0_a0p25_b0p05__wd1e-04trmiss0_degmodglobal,22,0.6203096210956573,0.7370657324790955,0.325,0.6032127594627594,0.23076923076923078,0.0,0.5795364081859589,0.6022022366523743,0.04680595360696316,0.12811744958162308,0.0,0.0,0.0,0.0,0.0,18473,global,0.0
3,2,lr5e-05_bs16_drop0p2_temp1p0_a0p25_b0p05__wd1e-04trmiss0_degmodglobal,16,5e-05,0.0001,0.2,1.0,0.25,0.05,lr5e-05_bs16_drop0p2_temp1p0_a0p25_b0p05__wd1e-04trmiss0_degmodglobal,23,0.6223097890615463,0.7352496385574341,0.3,0.594284188034188,0.23076923076923078,0.0,0.5759372115135193,0.6037361323833466,0.0527652595192194,0.10764620453119278,0.0,0.0,0.0,0.0,0.0,18473,global,0.0
3,2,lr5e-05_bs16_drop0p2_temp1p0_a0p25_b0p05__wd1e-04trmiss0_degmodglobal,16,5e-05,0.0001,0.2,1.0,0.25,0.05,lr5e-05_bs16_drop0p2_temp1p0_a0p25_b0p05__wd1e-04trmiss0_degmodglobal,24,0.647787481546402,0.7371002435684204,0.3,0.594284188034188,0.23076923076923078,0.0,0.5814872235059738,0.6245333254337311,0.06265453342348337,0.1518099643290043,0.0,0.0,0.0,0.0,0.0,18473,global,0.0
3,2,lr5e-05_bs16_drop0p2_temp1p0_a0p25_b0p05__wd1e-04trmiss0_degmodglobal,16,5e-05,0.0001,0.2,1.0,0.25,0.05,lr5e-05_bs16_drop0p2_temp1p0_a0p25_b0p05__wd1e-04trmiss0_degmodglobal,25,0.6311144083738327,0.7388954162597656,0.325,0.6032127594627594,0.3076923076923077,0.0,0.5608399510383606,0.6076632291078568,0.06476793251931667,0.14518361538648605,0.0,0.0,0.0,0.0,0.0,18473,global,0.0
3,2,lr5e-05_bs16_drop0p2_temp1p0_a0p25_b0p05__wd1e-04trmiss0_degmodglobal,16,5e-05,0.0001,0.2,1.0,0.25,0.05,lr5e-05_bs16_drop0p2_temp1p0_a0p25_b0p05__wd1e-04trmiss0_degmodglobal,26,0.6373986899852753,0.733601450920105,0.35,0.6157127594627595,0.38461538461538464,0.0,0.5808766633272171,0.6201910525560379,0.049657017923891544,0.09586728690192103,0.0,0.0,0.0,0.0,0.0,18473,global,0.0
3,2,lr5e-05_bs16_drop0p2_temp1p0_a0p25_b0p05__wd1e-04trmiss0_degmodglobal,16,5e-05,0.0001,0.2,1.0,0.25,0.05,lr5e-05_bs16_drop0p2_temp1p0_a0p25_b0p05__wd1e-04trmiss0_degmodglobal,27,0.6393925100564957,0.7346259355545044,0.375,0.6365460927960929,0.38461538461538464,0.0,0.5767037719488144,0.6163669973611832,0.056814778596162796,0.17643659748136997,0.0,0.0,0.0,0.0,0.0,18473,global,0.0
3,2,lr5e-05_bs16_drop0p2_temp2p0_a0p25_b0p05__wd1e-04trmiss0_degmodglobal,16,5e-05,0.0001,0.2,2.0,0.25,0.05,lr5e-05_bs16_drop0p2_temp2p0_a0p25_b0p05__wd1e-04trmiss0_degmodglobal,1,0.7789672017097473,0.7483651638031006,0.625,0.701923076923077,0.38461538461538464,0.0,0.7455686628818512,0.7589311599731445,0.05009276885539293,0.1502566672861576,0.0,0.0,0.0,0.0,0.0,18473,global,0.0
3,2,lr5e-05_bs16_drop0p2_temp2p0_a0p25_b0p05__wd1e-04trmiss0_degmodglobal,16,5e-05,0.0001,0.2,2.0,0.25,0.05,lr5e-05_bs16_drop0p2_temp2p0_a0p25_b0p05__wd1e-04trmiss0_degmodglobal,2,0.707947164773941,0.737610936164856,0.6,0.6870421245421245,0.38461538461538464,0.0,0.7108890265226364,0.697375938296318,0.026865284889936447,0.07709836913272738,0.0,0.0,0.0,0.0,0.0,18473,global,0.0
3,2,lr5e-05_bs16_drop0p2_temp2p0_a0p25_b0p05__wd1e-04trmiss0_degmodglobal,16,5e-05,0.0001,0.2,2.0,0.25,0.05,lr5e-05_bs16_drop0p2_temp2p0_a0p25_b0p05__wd1e-04trmiss0_degmodglobal,3,0.7115632146596909,0.7451313734054565,0.575,0.6766254578754579,0.38461538461538464,0.0,0.6710329353809357,0.6960008293390274,0.03885740460827947,0.11696067359298468,0.0,0.0,0.0,0.0,0.0,18473,global,0.0
3,2,lr5e-05_bs16_drop0p2_temp2p0_a0p25_b0p05__wd1e-04trmiss0_degmodglobal,16,5e-05,0.0001,0.2,2.0,0.25,0.05,lr5e-05_bs16_drop0p2_temp2p0_a0p25_b0p05__wd1e-04trmiss0_degmodglobal,4,0.6810272783041,0.7343640327453613,0.5,0.680643315018315,0.38461538461538464,0.0,0.6593082100152969,0.6625390946865082,0.046528500970453024,0.13712096493691206,0.0,0.0,0.0,0.0,0.0,18473,global,0.0
3,2,lr5e-05_bs16_drop0p2_temp2p0_a0p25_b0p05__wd1e-04trmiss0_degmodglobal,16,5e-05,0.0001,0.2,2.0,0.25,0.05,lr5e-05_bs16_drop0p2_temp2p0_a0p25_b0p05__wd1e-04trmiss0_degmodglobal,5,0.6949607282876968,0.7306594252586365,0.47500000000000003,0.6092147435897435,0.38461538461538464,0.0,0.6806940734386444,0.6801691055297852,0.03744211094453931,0.10862197354435921,0.0,0.0,0.0,0.0,0.0,18473,global,0.0
3,2,lr5e-05_bs16_drop0p2_temp2p0_a0p25_b0p05__wd1e-04trmiss0_degmodglobal,16,5e-05,0.0001,0.2,2.0,0.25,0.05,lr5e-05_bs16_drop0p2_temp2p0_a0p25_b0p05__wd1e-04trmiss0_degmodglobal,6,0.6775148957967758,0.7536247968673706,0.5,0.6203754578754579,0.38461538461538464,0.0,0.6497067958116531,0.6639274954795837,0.034337333869189024,0.10006126202642918,0.0,0.0,0.0,0.0,0.0,18473,global,0.0
3,2,lr5e-05_bs16_drop0p2_temp2p0_a0p25_b0p05__wd1e-04trmiss0_degmodglobal,16,5e-05,0.0001,0.2,2.0,0.25,0.05,lr5e-05_bs16_drop0p2_temp2p0_a0p25_b0p05__wd1e-04trmiss0_degmodglobal,7,0.6899940818548203,0.7482949495315552,0.55,0.7037087912087912,0.38461538461538464,0.0,0.6634802222251892,0.6773439049720764,0.029841501265764236,0.10379602946341038,0.0,0.0,0.0,0.0,0.0,18473,global,0.0
3,2,lr5e-05_bs16_drop0p2_temp2p0_a0p25_b0p05__wd1e-04trmiss0_degmodglobal,16,5e-05,0.0001,0.2,2.0,0.25,0.05,lr5e-05_bs16_drop0p2_temp2p0_a0p25_b0p05__wd1e-04trmiss0_degmodglobal,8,0.654241219162941,0.7347817420959473,0.6,0.6870421245421245,0.38461538461538464,0.0,0.6454174220561981,0.6400879919528961,0.035869484301656485,0.10371692664921284,0.0,0.0,0.0,0.0,0.0,18473,global,0.0
3,2,lr5e-05_bs16_drop0p2_temp2p0_a0p25_b0p05__wd1e-04trmiss0_degmodglobal,16,5e-05,0.0001,0.2,2.0,0.25,0.05,lr5e-05_bs16_drop0p2_temp2p0_a0p25_b0p05__wd1e-04trmiss0_degmodglobal,9,0.6402436941862106,0.7373833060264587,0.65,0.7116452991452992,0.38461538461538464,0.0,0.6491737812757492,0.6246122717857361,0.040791538543999195,0.10867041908204556,0.0,0.0,0.0,0.0,0.0,18473,global,0.0
3,2,lr5e-05_bs16_drop0p2_temp2p0_a0p25_b0p05__wd1e-04trmiss0_degmodglobal,16,5e-05,0.0001,0.2,2.0,0.25,0.05,lr5e-05_bs16_drop0p2_temp2p0_a0p25_b0p05__wd1e-04trmiss0_degmodglobal,10,0.6511867195367813,0.7420201301574707,0.625,0.701923076923077,0.38461538461538464,0.0,0.6114096790552139,0.6371579319238663,0.03616138827055693,0.09976864419877529,0.0,0.0,0.0,0.0,0.0,18473,global,0.0
3,2,lr5e-05_bs16_drop0p2_temp2p0_a0p25_b0p05__wd1e-04trmiss0_degmodglobal,16,5e-05,0.0001,0.2,2.0,0.25,0.05,lr5e-05_bs16_drop0p2_temp2p0_a0p25_b0p05__wd1e-04trmiss0_degmodglobal,11,0.671715721487999,0.7495151162147522,0.625,0.6967643467643468,0.38461538461538464,0.0,0.6683787852525711,0.6579071879386902,0.03748818673193455,0.08872983977198601,0.0,0.0,0.0,0.0,0.0,18473,global,0.0
3,2,lr5e-05_bs16_drop0p2_temp2p0_a0p25_b0p05__wd1e-04trmiss0_degmodglobal,16,5e-05,0.0001,0.2,2.0,0.25,0.05,lr5e-05_bs16_drop0p2_temp2p0_a0p25_b0p05__wd1e-04trmiss0_degmodglobal,12,0.6851848810911179,0.7286074161529541,0.65,0.7116452991452992,0.38461538461538464,0.0,0.64051453769207,0.6715165972709656,0.03452650923281908,0.10073304735124111,0.0,0.0,0.0,0.0,0.0,18473,global,0.0
3,2,lr5e-05_bs16_drop0p2_temp2p0_a0p25_b0p05__wd1e-04trmiss0_degmodglobal,16,5e-05,0.0001,0.2,2.0,0.25,0.05,lr5e-05_bs16_drop0p2_temp2p0_a0p25_b0p05__wd1e-04trmiss0_degmodglobal,13,0.6459110379219055,0.7339330911636353,0.625,0.6967643467643468,0.38461538461538464,0.0,0.6134300231933594,0.6310852766036987,0.038932702504098415,0.10185196436941624,0.0,0.0,0.0,0.0,0.0,18473,global,0.0
3,2,lr5e-05_bs16_drop0p2_temp2p0_a0p25_b0p05__wd1e-04trmiss0_degmodglobal,16,5e-05,0.0001,0.2,2.0,0.25,0.05,lr5e-05_bs16_drop0p2_temp2p0_a0p25_b0p05__wd1e-04trmiss0_degmodglobal,14,0.6100044548511505,0.74505615234375,0.675,0.7250381562881564,0.38461538461538464,0.0,0.575972244143486,0.5912346839904785,0.04788040556013584,0.13599339872598648,0.0,0.0,0.0,0.0,0.0,18473,global,0.0
3,2,lr5e-05_bs16_drop0p2_temp2p0_a0p25_b0p05__wd1e-04trmiss0_degmodglobal,16,5e-05,0.0001,0.2,2.0,0.25,0.05,lr5e-05_bs16_drop0p2_temp2p0_a0p25_b0p05__wd1e-04trmiss0_degmodglobal,15,0.6547152698040009,0.7310296893119812,0.7000000000000001,0.7371909340659342,0.38461538461538464,0.0,0.5891216844320297,0.6422584801912308,0.03209642320871353,0.0886534946039319,0.0,0.0,0.0,0.0,0.0,18473,global,0.0
3,2,lr5e-05_bs16_drop0p2_temp2p0_a0p25_b0p05__wd1e-04trmiss0_degmodglobal,16,5e-05,0.0001,0.2,2.0,0.25,0.05,lr5e-05_bs16_drop0p2_temp2p0_a0p25_b0p05__wd1e-04trmiss0_degmodglobal,16,0.6480932235717773,0.7386109828948975,0.7250000000000001,0.8470619658119658,0.38461538461538464,0.0,0.5982596576213837,0.633920893073082,0.03603454865515232,0.10327400360256433,0.0,0.0,0.0,0.0,0.0,18473,global,0.0
3,2,lr5e-05_bs16_drop0p2_temp2p0_a0p25_b0p05__wd1e-04trmiss0_degmodglobal,16,5e-05,0.0001,0.2,2.0,0.25,0.05,lr5e-05_bs16_drop0p2_temp2p0_a0p25_b0p05__wd1e-04trmiss0_degmodglobal,17,0.6121973842382431,0.7288356423377991,0.7000000000000001,0.8158119658119658,0.38461538461538464,0.0,0.5825643241405487,0.5952594429254532,0.040801551192998886,0.13475114852190018,0.0,0.0,0.0,0.0,0.0,18473,global,0.0
3,2,lr5e-05_bs16_drop0p2_temp2p0_a0p25_b0p05__wd1e-04trmiss0_degmodglobal,16,5e-05,0.0001,0.2,2.0,0.25,0.05,lr5e-05_bs16_drop0p2_temp2p0_a0p25_b0p05__wd1e-04trmiss0_degmodglobal,18,0.6458641588687897,0.7295975685119629,0.625,0.7978375790875791,0.38461538461538464,0.0,0.5881052166223526,0.6249998807907104,0.04919627867639065,0.17130393348634243,0.0,0.0,0.0,0.0,0.0,18473,global,0.0
3,2,lr5e-05_bs16_drop0p2_temp2p0_a0p25_b0p05__wd1e-04trmiss0_degmodglobal,16,5e-05,0.0001,0.2,2.0,0.25,0.05,lr5e-05_bs16_drop0p2_temp2p0_a0p25_b0p05__wd1e-04trmiss0_degmodglobal,19,0.6384087651968002,0.7335702776908875,0.625,0.7978375790875791,0.38461538461538464,0.0,0.6212552636861801,0.6223398447036743,0.03828217787668109,0.12996773328632116,0.0,0.0,0.0,0.0,0.0,18473,global,0.0
3,2,lr5e-05_bs16_drop0p2_temp2p0_a0p25_b0p05__wd1e-04trmiss0_degmodglobal,16,5e-05,0.0001,0.2,2.0,0.25,0.05,lr5e-05_bs16_drop0p2_temp2p0_a0p25_b0p05__wd1e-04trmiss0_degmodglobal,20,0.6135646551847458,0.7350924611091614,0.65,0.8057921245421246,0.38461538461538464,0.0,0.6173153519630432,0.5972561836242676,0.04011406609788537,0.12559918127954006,0.0,0.0,0.0,0.0,0.0,18473,global,0.0
3,2,lr5e-05_bs16_drop0p2_temp2p0_a0p25_b0p05__wd1e-04trmiss0_degmodglobal,16,5e-05,0.0001,0.2,2.0,0.25,0.05,lr5e-05_bs16_drop0p2_temp2p0_a0p25_b0p05__wd1e-04trmiss0_degmodglobal,21,0.6137694120407104,0.7263663411140442,0.675,0.8155143467643468,0.38461538461538464,0.0,0.5881140977144241,0.5979681015014648,0.04065473936498165,0.11275225691497326,0.0,0.0,0.0,0.0,0.0,18473,global,0.0
3,2,lr5e-05_bs16_drop0p2_temp2p0_a0p25_b0p05__wd1e-04trmiss0_degmodglobal,16,5e-05,0.0001,0.2,2.0,0.25,0.05,lr5e-05_bs16_drop0p2_temp2p0_a0p25_b0p05__wd1e-04trmiss0_degmodglobal,22,0.626274973154068,0.723294734954834,0.7250000000000001,0.8571810134310134,0.38461538461538464,0.0,0.5886759012937546,0.6123037785291672,0.03280608169734478,0.11539354920387268,0.0,0.0,0.0,0.0,0.0,18473,global,0.0
3,2,lr5e-05_bs16_drop0p2_temp2p0_a0p25_b0p05__wd1e-04trmiss0_degmodglobal,16,5e-05,0.0001,0.2,2.0,0.25,0.05,lr5e-05_bs16_drop0p2_temp2p0_a0p25_b0p05__wd1e-04trmiss0_degmodglobal,23,0.6024474054574966,0.7129776477813721,0.7250000000000001,0.8571810134310134,0.38461538461538464,0.0,0.5819492191076279,0.5838849097490311,0.044795725494623184,0.14727157168090343,0.0,0.0,0.0,0.0,0.0,18473,global,0.0
3,2,lr5e-05_bs16_drop0p2_temp2p0_a0p25_b0p05__wd1e-04trmiss0_degmodglobal,16,5e-05,0.0001,0.2,2.0,0.25,0.05,lr5e-05_bs16_drop0p2_temp2p0_a0p25_b0p05__wd1e-04trmiss0_degmodglobal,24,0.6078367978334427,0.7188782691955566,0.675,0.8155143467643468,0.38461538461538464,0.0,0.5677431225776672,0.5915640890598297,0.04152957955375314,0.11780641973018646,0.0,0.0,0.0,0.0,0.0,18473,global,0.0
3,2,lr5e-05_bs16_drop0p2_temp2p0_a0p25_b0p05__wd1e-04trmiss0_degmodglobal,16,5e-05,0.0001,0.2,2.0,0.25,0.05,lr5e-05_bs16_drop0p2_temp2p0_a0p25_b0p05__wd1e-04trmiss0_degmodglobal,25,0.6080064028501511,0.7309616208076477,0.675,0.8155143467643468,0.38461538461538464,0.0,0.5735376924276352,0.5907953679561615,0.0443165129981935,0.12263821251690388,0.0,0.0,0.0,0.0,0.0,18473,global,0.0
3,2,lr5e-05_bs16_drop0p2_temp2p0_a0p25_b0p05__wd1e-04trmiss0_degmodglobal,16,5e-05,0.0001,0.2,2.0,0.25,0.05,lr5e-05_bs16_drop0p2_temp2p0_a0p25_b0p05__wd1e-04trmiss0_degmodglobal,26,0.5891883373260498,0.7317054271697998,0.675,0.8155143467643468,0.38461538461538464,0.0,0.5633015036582947,0.5764067471027374,0.034415758680552244,0.08355299010872841,0.0,0.0,0.0,0.0,0.0,18473,global,0.0
3,2,lr5e-05_bs16_drop0p2_temp2p0_a0p25_b0p05__wd1e-04trmiss0_degmodglobal,16,5e-05,0.0001,0.2,2.0,0.25,0.05,lr5e-05_bs16_drop0p2_temp2p0_a0p25_b0p05__wd1e-04trmiss0_degmodglobal,27,0.5868342220783234,0.7249382138252258,0.7,0.8321810134310135,0.38461538461538464,0.0,0.5625732094049454,0.5713408142328262,0.040848471224308014,0.10562596283853054,0.0,0.0,0.0,0.0,0.0,18473,global,0.0
3,2,lr5e-05_bs16_drop0p2_temp2p0_a0p25_b0p05__wd1e-04trmiss0_degmodglobal,16,5e-05,0.0001,0.2,2.0,0.25,0.05,lr5e-05_bs16_drop0p2_temp2p0_a0p25_b0p05__wd1e-04trmiss0_degmodglobal,28,0.5800281465053558,0.7266449928283691,0.7250000000000001,0.8571810134310134,0.38461538461538464,0.0,0.5561076700687408,0.5634996145963669,0.04069821070879698,0.12707982398569584,0.0,0.0,0.0,0.0,0.0,18473,global,0.0
3,2,lr5e-05_bs16_drop0p2_temp2p0_a0p25_b0p05__wd1e-04trmiss0_degmodglobal,16,5e-05,0.0001,0.2,2.0,0.25,0.05,lr5e-05_bs16_drop0p2_temp2p0_a0p25_b0p05__wd1e-04trmiss0_degmodglobal,29,0.5803690403699875,0.7209534645080566,0.8250000000000001,0.9241452991452992,0.38461538461538464,0.0,0.5382057577371597,0.5640925019979477,0.038594663608819246,0.13255754299461842,0.0,0.0,0.0,0.0,0.0,18473,global,0.0
3,2,lr5e-05_bs16_drop0p2_temp2p0_a0p25_b0p05__wd1e-04trmiss0_degmodglobal,16,5e-05,0.0001,0.2,2.0,0.25,0.05,lr5e-05_bs16_drop0p2_temp2p0_a0p25_b0p05__wd1e-04trmiss0_degmodglobal,30,0.6133313030004501,0.7148359417915344,0.775,0.8928952991452992,0.38461538461538464,0.0,0.5586123317480087,0.5959999263286591,0.046100882813334465,0.11612293776124716,0.0,0.0,0.0,0.0,0.0,18473,global,0.0
3,2,lr5e-05_bs16_drop0p2_temp2p0_a0p25_b0p05__wd1e-04trmiss0_degmodglobal,16,5e-05,0.0001,0.2,2.0,0.25,0.05,lr5e-05_bs16_drop0p2_temp2p0_a0p25_b0p05__wd1e-04trmiss0_degmodglobal,31,0.5608825832605362,0.7079876065254211,0.875,0.9381313131313131,0.38461538461538464,0.0,0.5325805246829987,0.5465979501605034,0.03607466584071517,0.10531918331980705,0.0,0.0,0.0,0.0,0.0,18473,global,0.0
3,2,lr5e-05_bs16_drop0p2_temp2p0_a0p25_b0p05__wd1e-04trmiss0_degmodglobal,16,5e-05,0.0001,0.2,2.0,0.25,0.05,lr5e-05_bs16_drop0p2_temp2p0_a0p25_b0p05__wd1e-04trmiss0_degmodglobal,32,0.5965167284011841,0.7053943276405334,0.875,0.9293650793650794,0.38461538461538464,0.0,0.5644301921129227,0.5807954967021942,0.039352502673864365,0.11766192317008972,0.0,0.0,0.0,0.0,0.0,18473,global,0.0
3,2,lr5e-05_bs16_drop0p2_temp2p0_a0p25_b0p05__wd1e-04trmiss0_degmodglobal,16,5e-05,0.0001,0.2,2.0,0.25,0.05,lr5e-05_bs16_drop0p2_temp2p0_a0p25_b0p05__wd1e-04trmiss0_degmodglobal,33,0.5959021598100662,0.7073588371276855,0.825,0.8951388888888889,0.38461538461538464,0.0,0.5412488281726837,0.5786971300840378,0.04617966618388891,0.11320232227444649,0.0,0.0,0.0,0.0,0.0,18473,global,0.0
3,2,lr5e-05_bs16_drop0p2_temp2p0_a0p25_b0p05__wd1e-04trmiss0_degmodglobal,16,5e-05,0.0001,0.2,2.0,0.25,0.05,lr5e-05_bs16_drop0p2_temp2p0_a0p25_b0p05__wd1e-04trmiss0_degmodglobal,34,0.5902270078659058,0.708577036857605,0.9,0.9472222222222222,0.38461538461538464,0.0,0.5414473488926888,0.5748161673545837,0.03691396722570062,0.12364722974598408,0.0,0.0,0.0,0.0,0.0,18473,global,0.0
3,2,lr5e-05_bs16_drop0p2_temp2p0_a0p25_b0p05__wd1e-04trmiss0_degmodglobal,16,5e-05,0.0001,0.2,2.0,0.25,0.05,lr5e-05_bs16_drop0p2_temp2p0_a0p25_b0p05__wd1e-04trmiss0_degmodglobal,35,0.577297180891037,0.7067551016807556,0.875,0.9293650793650794,0.38461538461538464,0.0,0.5512197017669678,0.5612103343009949,0.042845995631068945,0.10750690568238497,0.0,0.0,0.0,0.0,0.0,18473,global,0.0
3,2,lr5e-05_bs16_drop0p2_temp2p0_a0p25_b0p05__wd1e-04trmiss0_degmodglobal,16,5e-05,0.0001,0.2,2.0,0.25,0.05,lr5e-05_bs16_drop0p2_temp2p0_a0p25_b0p05__wd1e-04trmiss0_degmodglobal,36,0.6185294538736343,0.7123917937278748,0.8500000000000001,0.9305555555555556,0.38461538461538464,0.0,0.586405947804451,0.6049073040485382,0.034883120097219944,0.09802718833088875,0.0,0.0,0.0,0.0,0.0,18473,global,0.0
3,2,lr5e-05_bs16_drop0p2_temp2p0_a0p25_b0p05__wd1e-04trmiss0_degmodglobal,16,5e-05,0.0001,0.2,2.0,0.25,0.05,lr5e-05_bs16_drop0p2_temp2p0_a0p25_b0p05__wd1e-04trmiss0_degmodglobal,37,0.6229166388511658,0.709708034992218,0.85,0.908531746031746,0.38461538461538464,0.0,0.5391295701265335,0.6045257300138474,0.05088479910045862,0.1133941225707531,0.0,0.0,0.0,0.0,0.0,18473,global,0.0
3,2,lr5e-05_bs16_drop0p2_temp2p0_a0p25_b0p05__wd1e-04trmiss0_degmodglobal,16,5e-05,0.0001,0.2,2.0,0.25,0.05,lr5e-05_bs16_drop0p2_temp2p0_a0p25_b0p05__wd1e-04trmiss0_degmodglobal,38,0.6086065769195557,0.7066094875335693,0.85,0.908531746031746,0.38461538461538464,0.0,0.5233611315488815,0.5888234227895737,0.048239078372716904,0.15446787141263485,0.0,0.0,0.0,0.0,0.0,18473,global,0.0
3,2,lr5e-05_bs16_drop0p2_temp2p0_a0p25_b0p05__wd1e-04trmiss0_degmodglobal,16,5e-05,0.0001,0.2,2.0,0.25,0.05,lr5e-05_bs16_drop0p2_temp2p0_a0p25_b0p05__wd1e-04trmiss0_degmodglobal,39,0.5903639942407608,0.7116954922676086,0.8,0.8701388888888889,0.38461538461538464,0.0,0.5505395829677582,0.5747964084148407,0.04383139591664076,0.09219492506235838,0.0,0.0,0.0,0.0,0.0,18473,global,0.0
3,2,lr5e-05_bs16_drop0p2_temp2p0_a0p25_b0p05__wd1e-04trmiss0_degmodglobal,16,5e-05,0.0001,0.2,2.0,0.25,0.05,lr5e-05_bs16_drop0p2_temp2p0_a0p25_b0p05__wd1e-04trmiss0_degmodglobal,40,0.5863552242517471,0.7126874327659607,0.85,0.9202741702741702,0.38461538461538464,0.0,0.5434446036815643,0.5650311857461929,0.053715402726083994,0.15790327079594135,0.0,0.0,0.0,0.0,0.0,18473,global,0.0
3,2,lr5e-05_bs16_drop0p2_temp2p0_a0p25_b0p05__wd1e-04trmiss0_degmodglobal,16,5e-05,0.0001,0.2,2.0,0.25,0.05,lr5e-05_bs16_drop0p2_temp2p0_a0p25_b0p05__wd1e-04trmiss0_degmodglobal,41,0.5858850479125977,0.7076700329780579,0.9,0.9472222222222222,0.38461538461538464,0.0,0.5327900797128677,0.5710221529006958,0.036307075060904026,0.11572269536554813,0.0,0.0,0.0,0.0,0.0,18473,global,0.0
3,2,lr5e-05_bs16_drop0p2_temp2p0_a0p25_b0p05__wd1e-04trmiss0_degmodglobal,16,5e-05,0.0001,0.2,2.0,0.25,0.05,lr5e-05_bs16_drop0p2_temp2p0_a0p25_b0p05__wd1e-04trmiss0_degmodglobal,42,0.6241723001003265,0.7120229601860046,0.85,0.9159722222222222,0.38461538461538464,0.0,0.560041144490242,0.6016828417778015,0.05594421178102493,0.1700684167444706,0.0,0.0,0.0,0.0,0.0,18473,global,0.0
3,2,lr5e-05_bs16_drop0p2_temp2p0_a0p25_b0p05__wd1e-04trmiss0_degmodglobal,16,5e-05,0.0001,0.2,2.0,0.25,0.05,lr5e-05_bs16_drop0p2_temp2p0_a0p25_b0p05__wd1e-04trmiss0_degmodglobal,43,0.6091082990169525,0.7140136361122131,0.825,0.8951388888888889,0.38461538461538464,0.0,0.5242340564727783,0.588033989071846,0.05215828772634268,0.1606945637613535,0.0,0.0,0.0,0.0,0.0,18473,global,0.0
3,2,lr5e-05_bs16_drop0p2_temp2p0_a0p25_b0p05__wd1e-04trmiss0_degmodglobal,16,5e-05,0.0001,0.2,2.0,0.25,0.05,lr5e-05_bs16_drop0p2_temp2p0_a0p25_b0p05__wd1e-04trmiss0_degmodglobal,44,0.5710596144199371,0.713061511516571,0.8,0.8993055555555556,0.38461538461538464,0.0,0.501899391412735,0.5478773564100266,0.0633890563622117,0.14669997058808804,0.0,0.0,0.0,0.0,0.0,18473,global,0.0
3,2,lr5e-05_bs16_drop0p2_temp2p0_a0p25_b0p05__wd1e-04trmiss0_degmodglobal,16,5e-05,0.0001,0.2,2.0,0.25,0.05,lr5e-05_bs16_drop0p2_temp2p0_a0p25_b0p05__wd1e-04trmiss0_degmodglobal,45,0.5714550018310547,0.7105240821838379,0.8,0.8701388888888889,0.38461538461538464,0.0,0.5103645473718643,0.5547994822263718,0.045455040875822306,0.10583523847162724,0.0,0.0,0.0,0.0,0.0,18473,global,0.0
3,2,lr5e-05_bs16_drop0p2_temp2p0_a0p25_b0p05__wd1e-04trmiss0_degmodglobal,16,5e-05,0.0001,0.2,2.0,0.25,0.05,lr5e-05_bs16_drop0p2_temp2p0_a0p25_b0p05__wd1e-04trmiss0_degmodglobal,46,0.555936649441719,0.7035857439041138,0.875,0.9293650793650794,0.38461538461538464,0.0,0.5081609040498734,0.5398174673318863,0.04035014286637306,0.1206327248364687,0.0,0.0,0.0,0.0,0.0,18473,global,0.0
3,2,lr5e-05_bs16_drop0p2_temp2p0_a0p25_b0p05__wd1e-04trmiss0_degmodglobal,16,5e-05,0.0001,0.2,2.0,0.25,0.05,lr5e-05_bs16_drop0p2_temp2p0_a0p25_b0p05__wd1e-04trmiss0_degmodglobal,47,0.5754623562097549,0.7030566334724426,0.875,0.9293650793650794,0.38461538461538464,0.0,0.5046024769544601,0.5575326830148697,0.046611775644123554,0.12553482688963413,0.0,0.0,0.0,0.0,0.0,18473,global,0.0
3,2,lr5e-05_bs16_drop0p2_temp2p0_a0p25_b0p05__wd1e-04trmiss0_degmodglobal,16,5e-05,0.0001,0.2,2.0,0.25,0.05,lr5e-05_bs16_drop0p2_temp2p0_a0p25_b0p05__wd1e-04trmiss0_degmodglobal,48,0.5710505247116089,0.7028552293777466,0.85,0.9159722222222222,0.38461538461538464,0.0,0.5124957859516144,0.5564451068639755,0.03885853523388505,0.0978151336312294,0.0,0.0,0.0,0.0,0.0,18473,global,0.0
3,2,lr5e-05_bs16_drop0p2_temp2p0_a0p25_b0p05__wd1e-04trmiss0_degmodglobal,16,5e-05,0.0001,0.2,2.0,0.25,0.05,lr5e-05_bs16_drop0p2_temp2p0_a0p25_b0p05__wd1e-04trmiss0_degmodglobal,49,0.6343725770711899,0.7165087461471558,0.7999999999999999,0.8860479797979798,0.38461538461538464,0.0,0.5735467821359634,0.6167504638433456,0.043203466571867466,0.13642515428364277,0.0,0.0,0.0,0.0,0.0,18473,global,0.0
3,2,lr5e-05_bs16_drop0p2_temp2p0_a0p25_b0p05__wd1e-04trmiss0_degmodglobal,16,5e-05,0.0001,0.2,2.0,0.25,0.05,lr5e-05_bs16_drop0p2_temp2p0_a0p25_b0p05__wd1e-04trmiss0_degmodglobal,50,0.5898427069187164,0.7181313633918762,0.825,0.899440836940837,0.38461538461538464,0.0,0.5260287970304489,0.5706733465194702,0.05387798976153135,0.11399753764271736,0.0,0.0,0.0,0.0,0.0,18473,global,0.0
3,2,lr5e-05_bs16_drop0p2_temp2p0_a0p25_b0p05__wd1e-04trmiss0_degmodglobal,16,5e-05,0.0001,0.2,2.0,0.25,0.05,lr5e-05_bs16_drop0p2_temp2p0_a0p25_b0p05__wd1e-04trmiss0_degmodglobal,51,0.5753961503505707,0.7126560211181641,0.85,0.908531746031746,0.38461538461538464,0.0,0.5277424827218056,0.5597231388092041,0.04177328012883663,0.10459370911121368,0.0,0.0,0.0,0.0,0.0,18473,global,0.0
3,2,lr5e-05_bs16_drop0p2_temp2p0_a0p25_b0p05__wd1e-04trmiss0_degmodglobal,16,5e-05,0.0001,0.2,2.0,0.25,0.05,lr5e-05_bs16_drop0p2_temp2p0_a0p25_b0p05__wd1e-04trmiss0_degmodglobal,52,0.5717666298151016,0.7183074355125427,0.8,0.874440836940837,0.38461538461538464,0.0,0.5351399034261703,0.5535506904125214,0.053679171949625015,0.09592290222644806,0.0,0.0,0.0,0.0,0.0,18473,global,0.0
3,2,lr5e-05_bs16_drop0p2_temp2p0_a0p25_b0p05__wd1e-04trmiss0_degmodglobal,16,5e-05,0.0001,0.2,2.0,0.25,0.05,lr5e-05_bs16_drop0p2_temp2p0_a0p25_b0p05__wd1e-04trmiss0_degmodglobal,53,0.5602926164865494,0.7064910531044006,0.85,0.908531746031746,0.38461538461538464,0.0,0.5066415220499039,0.5437763333320618,0.045419043861329556,0.10323007218539715,0.0,0.0,0.0,0.0,0.0,18473,global,0.0
3,2,lr5e-05_bs16_drop0p2_temp2p0_a0p25_b0p05__wd1e-04trmiss0_degmodglobal,16,5e-05,0.0001,0.2,2.0,0.25,0.05,lr5e-05_bs16_drop0p2_temp2p0_a0p25_b0p05__wd1e-04trmiss0_degmodglobal,54,0.620620533823967,0.7068423628807068,0.875,0.9293650793650794,0.38461538461538464,0.0,0.5360409915447235,0.6001443639397621,0.05852304585278034,0.11690824665129185,0.0,0.0,0.0,0.0,0.0,18473,global,0.0
3,2,lr5e-05_bs16_drop0p2_temp2p0_a0p25_b0p05__wd1e-04trmiss0_degmodglobal,16,5e-05,0.0001,0.2,2.0,0.25,0.05,lr5e-05_bs16_drop0p2_temp2p0_a0p25_b0p05__wd1e-04trmiss0_degmodglobal,55,0.5864328891038895,0.7143251299858093,0.825,0.8951388888888889,0.38461538461538464,0.0,0.52918840944767,0.5696852579712868,0.04926274996250868,0.08863858412951231,0.0,0.0,0.0,0.0,0.0,18473,global,0.0
3,2,lr5e-05_bs16_drop0p2_temp2p0_a0p25_b0p05__wd1e-04trmiss0_degmodglobal,16,5e-05,0.0001,0.2,2.0,0.25,0.05,lr5e-05_bs16_drop0p2_temp2p0_a0p25_b0p05__wd1e-04trmiss0_degmodglobal,56,0.6107403486967087,0.7262008786201477,0.7250000000000001,0.8571810134310134,0.38461538461538464,0.0,0.5255272686481476,0.592300534248352,0.0508326655253768,0.11463301628828049,0.0,0.0,0.0,0.0,0.0,18473,global,0.0
3,2,lr5e-05_bs16_drop0p2_temp2p0_a0p25_b0p05__wd1e-04trmiss0_degmodglobal,16,5e-05,0.0001,0.2,2.0,0.25,0.05,lr5e-05_bs16_drop0p2_temp2p0_a0p25_b0p05__wd1e-04trmiss0_degmodglobal,57,0.5864553600549698,0.7313839197158813,0.75,0.8720619658119658,0.38461538461538464,0.0,0.5082133561372757,0.5641500353813171,0.055046333000063896,0.1708748284727335,0.0,0.0,0.0,0.0,0.0,18473,global,0.0
3,2,lr5e-05_bs16_drop0p2_temp2p0_a0p25_b0p05__wd1e-04trmiss0_degmodglobal,16,5e-05,0.0001,0.2,2.0,0.25,0.05,lr5e-05_bs16_drop0p2_temp2p0_a0p25_b0p05__wd1e-04trmiss0_degmodglobal,58,0.6100602149963379,0.7309375405311584,0.7250000000000001,0.8571810134310134,0.38461538461538464,0.0,0.5209682434797287,0.5865101963281631,0.06342985201627016,0.15385103411972523,0.0,0.0,0.0,0.0,0.0,18473,global,0.0
3,2,lr5e-05_bs16_drop0p2_temp2p0_a0p25_b0p05__wd1e-04trmiss0_degmodglobal,16,5e-05,0.0001,0.2,2.0,0.25,0.05,lr5e-05_bs16_drop0p2_temp2p0_a0p25_b0p05__wd1e-04trmiss0_degmodglobal,59,0.5927316248416901,0.7013740539550781,0.9,0.9472222222222222,0.38461538461538464,0.0,0.5564515739679337,0.5802344977855682,0.03524324856698513,0.07372640073299408,0.0,0.0,0.0,0.0,0.0,18473,global,0.0
3,2,lr5e-05_bs16_drop0p2_temp2p0_a0p25_b0p05__wd1e-04trmiss0_degmodglobal,16,5e-05,0.0001,0.2,2.0,0.25,0.05,lr5e-05_bs16_drop0p2_temp2p0_a0p25_b0p05__wd1e-04trmiss0_degmodglobal,60,0.5935375243425369,0.7006246447563171,0.85,0.908531746031746,0.38461538461538464,0.0,0.5177657008171082,0.5760225504636765,0.046741857659071684,0.11659008916467428,0.0,0.0,0.0,0.0,0.0,18473,global,0.0
3,2,lr5e-05_bs16_drop0p2_temp2p0_a0p25_b0p05__wd1e-04trmiss0_degmodglobal,16,5e-05,0.0001,0.2,2.0,0.25,0.05,lr5e-05_bs16_drop0p2_temp2p0_a0p25_b0p05__wd1e-04trmiss0_degmodglobal,61,0.6021345853805542,0.6942750215530396,0.9,0.9472222222222222,0.38461538461538464,0.0,0.5209879949688911,0.5823798626661301,0.05281268432736397,0.13103089854121208,0.0,0.0,0.0,0.0,0.0,18473,global,0.0
3,2,lr5e-05_bs16_drop0p2_temp2p0_a0p25_b0p05__wd1e-04trmiss0_degmodglobal,16,5e-05,0.0001,0.2,2.0,0.25,0.05,lr5e-05_bs16_drop0p2_temp2p0_a0p25_b0p05__wd1e-04trmiss0_degmodglobal,62,0.5933956205844879,0.7081106901168823,0.875,0.9381313131313131,0.38461538461538464,0.0,0.5089343786239624,0.5701562017202377,0.06295436155050993,0.15001623705029488,0.0,0.0,0.0,0.0,0.0,18473,global,0.0
3,2,lr5e-05_bs16_drop0p2_temp2p0_a0p25_b0p05__wd1e-04trmiss0_degmodglobal,16,5e-05,0.0001,0.2,2.0,0.25,0.05,lr5e-05_bs16_drop0p2_temp2p0_a0p25_b0p05__wd1e-04trmiss0_degmodglobal,63,0.6283559203147888,0.719848096370697,0.775,0.8854548229548229,0.38461538461538464,0.0,0.550536498427391,0.6056103557348251,0.05927974171936512,0.1585127506405115,0.0,0.0,0.0,0.0,0.0,18473,global,0.0
3,2,lr5e-05_bs16_drop0p2_temp2p0_a0p25_b0p05__wd1e-04trmiss0_degmodglobal,16,5e-05,0.0001,0.2,2.0,0.25,0.05,lr5e-05_bs16_drop0p2_temp2p0_a0p25_b0p05__wd1e-04trmiss0_degmodglobal,64,0.5724708586931229,0.7115800380706787,0.7999999999999999,0.8860479797979798,0.38461538461538464,0.0,0.5161087363958359,0.5477773696184158,0.06909529119729996,0.1483934335410595,0.0,0.0,0.0,0.0,0.0,18473,global,0.0
3,2,lr5e-05_bs16_drop0p2_temp2p0_a0p25_b0p05__wd1e-04trmiss0_degmodglobal,16,5e-05,0.0001,0.2,2.0,0.25,0.05,lr5e-05_bs16_drop0p2_temp2p0_a0p25_b0p05__wd1e-04trmiss0_degmodglobal,65,0.5692867040634155,0.7067906856536865,0.8,0.8802579365079365,0.38461538461538464,0.0,0.507026419043541,0.5448519438505173,0.0604966813698411,0.18621188774704933,0.0,0.0,0.0,0.0,0.0,18473,global,0.0
3,2,lr5e-05_bs16_drop0p2_temp2p0_a0p25_b0p05__wd1e-04trmiss0_degmodglobal,16,5e-05,0.0001,0.2,2.0,0.25,0.05,lr5e-05_bs16_drop0p2_temp2p0_a0p25_b0p05__wd1e-04trmiss0_degmodglobal,66,0.5938948094844818,0.7055701613426208,0.8,0.8802579365079365,0.38461538461538464,0.0,0.5225878804922104,0.5637710690498352,0.07354755513370037,0.2347365990281105,0.0,0.0,0.0,0.0,0.0,18473,global,0.0
3,2,lr5e-05_bs16_drop0p2_temp2p0_a0p25_b0p05__wd1e-04trmiss0_degmodglobal,16,5e-05,0.0001,0.2,2.0,0.25,0.05,lr5e-05_bs16_drop0p2_temp2p0_a0p25_b0p05__wd1e-04trmiss0_degmodglobal,67,0.5640478134155273,0.7143086791038513,0.7250000000000001,0.8571810134310134,0.38461538461538464,0.0,0.5111026540398598,0.5465402901172638,0.050581252202391624,0.09724431252107024,0.0,0.0,0.0,0.0,0.0,18473,global,0.0
3,2,lr5e-05_bs16_drop0p2_temp2p0_a0p25_b0p05__wd1e-04trmiss0_degmodglobal,16,5e-05,0.0001,0.2,2.0,0.25,0.05,lr5e-05_bs16_drop0p2_temp2p0_a0p25_b0p05__wd1e-04trmiss0_degmodglobal,68,0.5444761365652084,0.7103403806686401,0.7250000000000001,0.8571810134310134,0.38461538461538464,0.0,0.505210317671299,0.5278169065713882,0.04731117095798254,0.09662881772965193,0.0,0.0,0.0,0.0,0.0,18473,global,0.0
3,2,lr5e-05_bs16_drop0p2_temp2p0_a0p25_b0p05__wd1e-04trmiss0_degmodglobal,16,5e-05,0.0001,0.2,2.0,0.25,0.05,lr5e-05_bs16_drop0p2_temp2p0_a0p25_b0p05__wd1e-04trmiss0_degmodglobal,69,0.5617847144603729,0.7142906188964844,0.7250000000000001,0.8571810134310134,0.38461538461538464,0.0,0.4960823133587837,0.5403795391321182,0.06052859500050545,0.1254602875560522,0.0,0.0,0.0,0.0,0.0,18473,global,0.0
3,2,lr5e-05_bs16_drop0p2_temp2p0_a0p25_b0p05__wd1e-04trmiss0_degmodglobal,16,5e-05,0.0001,0.2,2.0,0.25,0.05,lr5e-05_bs16_drop0p2_temp2p0_a0p25_b0p05__wd1e-04trmiss0_degmodglobal,70,0.5912559032440186,0.7156751751899719,0.7250000000000001,0.8571810134310134,0.38461538461538464,0.0,0.4854426383972168,0.5712308287620544,0.05171284917742014,0.14193724654614925,0.0,0.0,0.0,0.0,0.0,18473,global,0.0
3,2,lr5e-05_bs16_drop0p2_temp2p0_a0p25_b0p05__wd1e-04trmiss0_degmodglobal,16,5e-05,0.0001,0.2,2.0,0.25,0.05,lr5e-05_bs16_drop0p2_temp2p0_a0p25_b0p05__wd1e-04trmiss0_degmodglobal,71,0.6193909049034119,0.7285851836204529,0.7250000000000001,0.8571810134310134,0.38461538461538464,0.0,0.5544485300779343,0.6022263914346695,0.046895203180611134,0.10881452169269323,0.0,0.0,0.0,0.0,0.0,18473,global,0.0
3,2,lr5e-05_bs16_drop0p2_temp2p0_a0p25_b0p05__wd1e-04trmiss0_degmodglobal,16,5e-05,0.0001,0.2,2.0,0.25,0.05,lr5e-05_bs16_drop0p2_temp2p0_a0p25_b0p05__wd1e-04trmiss0_degmodglobal,72,0.6242604851722717,0.7347766160964966,0.7250000000000001,0.8571810134310134,0.38461538461538464,0.0,0.5518931224942207,0.6029046326875687,0.060110279358923435,0.12656543031334877,0.0,0.0,0.0,0.0,0.0,18473,global,0.0
3,2,lr5e-05_bs16_drop0p2_temp2p0_a0p25_b0p05__wd1e-04trmiss0_degmodglobal,16,5e-05,0.0001,0.2,2.0,0.25,0.05,lr5e-05_bs16_drop0p2_temp2p0_a0p25_b0p05__wd1e-04trmiss0_degmodglobal,73,0.5891909897327423,0.7413371205329895,0.75,0.8720619658119658,0.38461538461538464,0.0,0.4975888654589653,0.5620216131210327,0.07338462024927139,0.17646437883377075,0.0,0.0,0.0,0.0,0.0,18473,global,0.0
3,2,lr5e-05_bs16_drop0p2_temp2p0_a0p25_b0p05__wd1e-04trmiss0_degmodglobal,16,5e-05,0.0001,0.2,2.0,0.25,0.05,lr5e-05_bs16_drop0p2_temp2p0_a0p25_b0p05__wd1e-04trmiss0_degmodglobal,74,0.5505761802196503,0.7308328151702881,0.75,0.8720619658119658,0.38461538461538464,0.0,0.5053475424647331,0.5297489911317825,0.058389523066580296,0.12459586001932621,0.0,0.0,0.0,0.0,0.0,18473,global,0.0
3,2,lr5e-05_bs16_drop0p2_temp2p0_a0p25_b0p05__wd1e-04trmiss0_degmodglobal,16,5e-05,0.0001,0.2,2.0,0.25,0.05,lr5e-05_bs16_drop0p2_temp2p0_a0p25_b0p05__wd1e-04trmiss0_degmodglobal,75,0.5657889395952225,0.7223702669143677,0.775,0.8928952991452992,0.38461538461538464,0.0,0.48763733357191086,0.5424482747912407,0.06469353847205639,0.14334567030891776,0.0,0.0,0.0,0.0,0.0,18473,global,0.0
3,2,lr5e-05_bs16_drop0p2_temp2p0_a0p25_b0p05__wd1e-04trmiss0_degmodglobal,16,5e-05,0.0001,0.2,2.0,0.25,0.05,lr5e-05_bs16_drop0p2_temp2p0_a0p25_b0p05__wd1e-04trmiss0_degmodglobal,76,0.5712128728628159,0.713949978351593,0.8,0.9062881562881563,0.38461538461538464,0.0,0.503963015973568,0.5526789426803589,0.04988733399659395,0.12124167755246162,0.0,0.0,0.0,0.0,0.0,18473,global,0.0
3,2,lr5e-05_bs16_drop0p2_temp2p0_a0p25_b0p05__wd1e-04trmiss0_degmodglobal,16,5e-05,0.0001,0.2,2.0,0.25,0.05,lr5e-05_bs16_drop0p2_temp2p0_a0p25_b0p05__wd1e-04trmiss0_degmodglobal,77,0.5657972693443298,0.7179592847824097,0.775,0.8928952991452992,0.38461538461538464,0.0,0.4878166392445564,0.5437679588794708,0.058933040127158165,0.14592092484235764,0.0,0.0,0.0,0.0,0.0,18473,global,0.0
3,2,lr5e-05_bs16_drop0p2_temp2p0_a0p25_b0p05__wd1e-04trmiss0_degmodglobal,16,5e-05,0.0001,0.2,2.0,0.25,0.05,lr5e-05_bs16_drop0p2_temp2p0_a0p25_b0p05__wd1e-04trmiss0_degmodglobal,78,0.5845330357551575,0.7002063989639282,0.875,0.9381313131313131,0.38461538461538464,0.0,0.48382648825645447,0.5621301680803299,0.06245345436036587,0.13579024001955986,0.0,0.0,0.0,0.0,0.0,18473,global,0.0
3,2,lr5e-05_bs16_drop0p2_temp2p0_a0p25_b0p05__wd1e-04trmiss0_degmodglobal,16,5e-05,0.0001,0.2,2.0,0.25,0.05,lr5e-05_bs16_drop0p2_temp2p0_a0p25_b0p05__wd1e-04trmiss0_degmodglobal,79,0.5707113444805145,0.7027326226234436,0.9,0.9472222222222222,0.38461538461538464,0.0,0.5085444003343582,0.5524338185787201,0.051400172524154186,0.10854968335479498,0.0,0.0,0.0,0.0,0.0,18473,global,0.0
3,2,lr5e-05_bs16_drop0p2_temp2p0_a0p25_b0p05__wd1e-04trmiss0_degmodglobal,16,5e-05,0.0001,0.2,2.0,0.25,0.05,lr5e-05_bs16_drop0p2_temp2p0_a0p25_b0p05__wd1e-04trmiss0_degmodglobal,80,0.5752550214529037,0.7053217887878418,0.875,0.9381313131313131,0.38461538461538464,0.0,0.4732276275753975,0.5552804619073868,0.051806434988975525,0.1404589507728815,0.0,0.0,0.0,0.0,0.0,18473,global,0.0
3,2,lr5e-05_bs16_drop0p4_temp1p0_a0p25_b0p05__wd1e-04trmiss0_degmodglobal,16,5e-05,0.0001,0.4,1.0,0.25,0.05,lr5e-05_bs16_drop0p4_temp1p0_a0p25_b0p05__wd1e-04trmiss0_degmodglobal,1,0.7580072730779648,0.6904895901679993,0.75,0.8831730769230769,0.5384615384615384,0.0,0.6538708060979843,0.7316321134567261,0.07098328694701195,0.17258668690919876,0.0,0.0,0.0,0.0,0.0,18473,global,0.0
3,2,lr5e-05_bs16_drop0p4_temp1p0_a0p25_b0p05__wd1e-04trmiss0_degmodglobal,16,5e-05,0.0001,0.4,1.0,0.25,0.05,lr5e-05_bs16_drop0p4_temp1p0_a0p25_b0p05__wd1e-04trmiss0_degmodglobal,2,0.7444231063127518,0.6841216683387756,0.775,0.8821428571428571,0.5384615384615384,0.0,0.6631653904914856,0.7199065834283829,0.06412366917356849,0.169712096452713,0.0,0.0,0.0,0.0,0.0,18473,global,0.0
3,2,lr5e-05_bs16_drop0p4_temp1p0_a0p25_b0p05__wd1e-04trmiss0_degmodglobal,16,5e-05,0.0001,0.4,1.0,0.25,0.05,lr5e-05_bs16_drop0p4_temp1p0_a0p25_b0p05__wd1e-04trmiss0_degmodglobal,3,0.699608713388443,0.6801702380180359,0.775,0.8647186147186147,0.5384615384615384,0.0,0.6873524039983749,0.6815198808908463,0.0500717805698514,0.11141809076070786,0.0,0.0,0.0,0.0,0.0,18473,global,0.0
3,2,lr5e-05_bs16_drop0p4_temp1p0_a0p25_b0p05__wd1e-04trmiss0_degmodglobal,16,5e-05,0.0001,0.4,1.0,0.25,0.05,lr5e-05_bs16_drop0p4_temp1p0_a0p25_b0p05__wd1e-04trmiss0_degmodglobal,4,0.7227409482002258,0.6777288317680359,0.7749999999999999,0.8610479797979798,0.6153846153846154,0.0,0.6520184725522995,0.6969978213310242,0.0676394384354353,0.1766655631363392,0.0,0.0,0.0,0.0,0.0,18473,global,0.0
3,2,lr5e-05_bs16_drop0p4_temp1p0_a0p25_b0p05__wd1e-04trmiss0_degmodglobal,16,5e-05,0.0001,0.4,1.0,0.25,0.05,lr5e-05_bs16_drop0p4_temp1p0_a0p25_b0p05__wd1e-04trmiss0_degmodglobal,5,0.7033803462982178,0.6750621795654297,0.7999999999999999,0.8860479797979798,0.6153846153846154,0.0,0.6410401612520218,0.6676004827022552,0.09552410058677197,0.23797641322016716,0.0,0.0,0.0,0.0,0.0,18473,global,0.0
3,2,lr5e-05_bs16_drop0p4_temp1p0_a0p25_b0p05__wd1e-04trmiss0_degmodglobal,16,5e-05,0.0001,0.4,1.0,0.25,0.05,lr5e-05_bs16_drop0p4_temp1p0_a0p25_b0p05__wd1e-04trmiss0_degmodglobal,6,0.6828973591327667,0.677091121673584,0.825,0.899440836940837,0.6153846153846154,0.0,0.6640099436044693,0.6629544943571091,0.057825387455523014,0.10973050445318222,0.0,0.0,0.0,0.0,0.0,18473,global,0.0
3,2,lr5e-05_bs16_drop0p4_temp1p0_a0p25_b0p05__wd1e-04trmiss0_degmodglobal,16,5e-05,0.0001,0.4,1.0,0.25,0.05,lr5e-05_bs16_drop0p4_temp1p0_a0p25_b0p05__wd1e-04trmiss0_degmodglobal,7,0.6963163763284683,0.6799638271331787,0.75,0.8461670274170274,0.6153846153846154,0.0,0.5906830430030823,0.6672770231962204,0.07179937046021223,0.22178990021348,0.0,0.0,0.0,0.0,0.0,18473,global,0.0
3,2,lr5e-05_bs16_drop0p4_temp1p0_a0p25_b0p05__wd1e-04trmiss0_degmodglobal,16,5e-05,0.0001,0.4,1.0,0.25,0.05,lr5e-05_bs16_drop0p4_temp1p0_a0p25_b0p05__wd1e-04trmiss0_degmodglobal,8,0.6994407624006271,0.6844958066940308,0.7250000000000001,0.8470619658119658,0.5384615384615384,0.0,0.582716628909111,0.669877752661705,0.07670409418642521,0.20774009637534618,0.0,0.0,0.0,0.0,0.0,18473,global,0.0
3,2,lr5e-05_bs16_drop0p4_temp1p0_a0p25_b0p05__wd1e-04trmiss0_degmodglobal,16,5e-05,0.0001,0.4,1.0,0.25,0.05,lr5e-05_bs16_drop0p4_temp1p0_a0p25_b0p05__wd1e-04trmiss0_degmodglobal,9,0.6662697941064835,0.6854091882705688,0.675,0.8009310134310135,0.5384615384615384,0.0,0.5994622558355331,0.6429560780525208,0.0637319190427661,0.14761444553732872,0.0,0.0,0.0,0.0,0.0,18473,global,0.0
3,2,lr5e-05_bs16_drop0p4_temp1p0_a0p25_b0p05__wd1e-04trmiss0_degmodglobal,16,5e-05,0.0001,0.4,1.0,0.25,0.05,lr5e-05_bs16_drop0p4_temp1p0_a0p25_b0p05__wd1e-04trmiss0_degmodglobal,10,0.6626116931438446,0.6834487318992615,0.675,0.7906746031746031,0.5384615384615384,0.0,0.5527011603116989,0.642070859670639,0.05543156806379557,0.13365867733955383,0.0,0.0,0.0,0.0,0.0,18473,global,0.0
3,2,lr5e-05_bs16_drop0p4_temp1p0_a0p25_b0p05__wd1e-04trmiss0_degmodglobal,16,5e-05,0.0001,0.4,1.0,0.25,0.05,lr5e-05_bs16_drop0p4_temp1p0_a0p25_b0p05__wd1e-04trmiss0_degmodglobal,11,0.6444820463657379,0.6784970760345459,0.775,0.8552579365079365,0.5384615384615384,0.0,0.6019366532564163,0.6198738664388657,0.0660116272047162,0.1621052846312523,0.0,0.0,0.0,0.0,0.0,18473,global,0.0
3,2,lr5e-05_bs16_drop0p4_temp1p0_a0p25_b0p05__wd1e-04trmiss0_degmodglobal,16,5e-05,0.0001,0.4,1.0,0.25,0.05,lr5e-05_bs16_drop0p4_temp1p0_a0p25_b0p05__wd1e-04trmiss0_degmodglobal,12,0.6650598645210266,0.6797606945037842,0.75,0.8461670274170274,0.5384615384615384,0.0,0.5453521907329559,0.6340027898550034,0.07522785104811192,0.24500275775790215,0.0,0.0,0.0,0.0,0.0,18473,global,0.0
3,2,lr5e-05_bs16_drop0p4_temp1p0_a0p25_b0p05__wd1e-04trmiss0_degmodglobal,16,5e-05,0.0001,0.4,1.0,0.25,0.05,lr5e-05_bs16_drop0p4_temp1p0_a0p25_b0p05__wd1e-04trmiss0_degmodglobal,13,0.5998658239841461,0.681138277053833,0.725,0.8295003607503607,0.5384615384615384,0.0,0.5411412864923477,0.5800869017839432,0.05785381607711315,0.10630954429507256,0.0,0.0,0.0,0.0,0.0,18473,global,0.0
3,2,lr5e-05_bs16_drop0p4_temp1p0_a0p25_b0p05__wd1e-04trmiss0_degmodglobal,16,5e-05,0.0001,0.4,1.0,0.25,0.05,lr5e-05_bs16_drop0p4_temp1p0_a0p25_b0p05__wd1e-04trmiss0_degmodglobal,14,0.658143550157547,0.6787722706794739,0.75,0.8240079365079365,0.5384615384615384,0.0,0.5387060195207596,0.6301178932189941,0.08053448237478733,0.15784037858247757,0.0,0.0,0.0,0.0,0.0,18473,global,0.0
3,2,lr5e-05_bs16_drop0p4_temp1p0_a0p25_b0p05__wd1e-04trmiss0_degmodglobal,16,5e-05,0.0001,0.4,1.0,0.25,0.05,lr5e-05_bs16_drop0p4_temp1p0_a0p25_b0p05__wd1e-04trmiss0_degmodglobal,15,0.6343643069267273,0.6780372262001038,0.75,0.8240079365079365,0.5384615384615384,0.0,0.5373065024614334,0.6089437305927277,0.06839660089462996,0.16642878018319607,0.0,0.0,0.0,0.0,0.0,18473,global,0.0
3,2,lr5e-05_bs16_drop0p4_temp1p0_a0p25_b0p05__wd1e-04trmiss0_degmodglobal,16,5e-05,0.0001,0.4,1.0,0.25,0.05,lr5e-05_bs16_drop0p4_temp1p0_a0p25_b0p05__wd1e-04trmiss0_degmodglobal,16,0.6441110074520111,0.6808907985687256,0.75,0.8635912698412698,0.5384615384615384,0.0,0.5519183129072189,0.6221751421689987,0.06045439001172781,0.1364458817988634,0.0,0.0,0.0,0.0,0.0,18473,global,0.0
3,2,lr5e-05_bs16_drop0p4_temp1p0_a0p25_b0p05__wd1e-04trmiss0_degmodglobal,16,5e-05,0.0001,0.4,1.0,0.25,0.05,lr5e-05_bs16_drop0p4_temp1p0_a0p25_b0p05__wd1e-04trmiss0_degmodglobal,17,0.6471861153841019,0.6828750967979431,0.7250000000000001,0.8385912698412699,0.6153846153846154,0.0,0.580905593931675,0.6120083630084991,0.09550012275576591,0.22605432383716106,0.0,0.0,0.0,0.0,0.0,18473,global,0.0
3,2,lr5e-05_bs16_drop0p4_temp1p0_a0p25_b0p05__wd1e-04trmiss0_degmodglobal,16,5e-05,0.0001,0.4,1.0,0.25,0.05,lr5e-05_bs16_drop0p4_temp1p0_a0p25_b0p05__wd1e-04trmiss0_degmodglobal,18,0.6439912170171738,0.6840002536773682,0.725,0.8149170274170274,0.6153846153846154,0.0,0.5315182656049728,0.6134335398674011,0.08218969497829676,0.20020491629838943,0.0,0.0,0.0,0.0,0.0,18473,global,0.0
3,2,lr5e-05_bs16_drop0p4_temp1p0_a0p25_b0p05__wd1e-04trmiss0_degmodglobal,16,5e-05,0.0001,0.4,1.0,0.25,0.05,lr5e-05_bs16_drop0p4_temp1p0_a0p25_b0p05__wd1e-04trmiss0_degmodglobal,19,0.639220342040062,0.6905084848403931,0.675,0.7795003607503607,0.38461538461538464,0.0,0.5385056734085083,0.6094417124986649,0.08389998972415924,0.1760727372020483,0.0,0.0,0.0,0.0,0.0,18473,global,0.0
3,2,lr5e-05_bs16_drop0p4_temp1p0_a0p25_b0p05__wd1e-04trmiss0_degmodglobal,16,5e-05,0.0001,0.4,1.0,0.25,0.05,lr5e-05_bs16_drop0p4_temp1p0_a0p25_b0p05__wd1e-04trmiss0_degmodglobal,20,0.6182008981704712,0.6884961128234863,0.7,0.7885912698412698,0.46153846153846156,0.0,0.5153970271348953,0.5908485949039459,0.0747801405377686,0.17314536403864622,0.0,0.0,0.0,0.0,0.0,18473,global,0.0
3,2,lr5e-05_bs16_drop0p4_temp1p0_a0p25_b0p05__wd1e-04trmiss0_degmodglobal,16,5e-05,0.0001,0.4,1.0,0.25,0.05,lr5e-05_bs16_drop0p4_temp1p0_a0p25_b0p05__wd1e-04trmiss0_degmodglobal,21,0.6527999341487885,0.6925302743911743,0.7,0.7885912698412698,0.38461538461538464,0.0,0.5520274192094803,0.6062212735414505,0.11447430588304996,0.3592013120651245,0.0,0.0,0.0,0.0,0.0,18473,global,0.0
3,2,lr5e-05_bs16_drop0p4_temp1p0_a0p25_b0p05__wd1e-04trmiss0_degmodglobal,16,5e-05,0.0001,0.4,1.0,0.25,0.05,lr5e-05_bs16_drop0p4_temp1p0_a0p25_b0p05__wd1e-04trmiss0_degmodglobal,22,0.6322401314973831,0.6946979761123657,0.675,0.7795003607503607,0.38461538461538464,0.0,0.48718149960041046,0.6008694916963577,0.08040148764848709,0.22540536895394325,0.0,0.0,0.0,0.0,0.0,18473,global,0.0
3,2,lr5e-05_bs16_drop0p4_temp1p0_a0p25_b0p05__wd1e-04trmiss0_degmodglobal,16,5e-05,0.0001,0.4,1.0,0.25,0.05,lr5e-05_bs16_drop0p4_temp1p0_a0p25_b0p05__wd1e-04trmiss0_degmodglobal,23,0.6595799624919891,0.6942928433418274,0.675,0.7795003607503607,0.38461538461538464,0.0,0.5388991236686707,0.6265347301959991,0.08714047446846962,0.22520220279693604,0.0,0.0,0.0,0.0,0.0,18473,global,0.0
3,2,lr5e-05_bs16_drop0p4_temp1p0_a0p25_b0p05__wd1e-04trmiss0_degmodglobal,16,5e-05,0.0001,0.4,1.0,0.25,0.05,lr5e-05_bs16_drop0p4_temp1p0_a0p25_b0p05__wd1e-04trmiss0_degmodglobal,24,0.66949263215065,0.6974161267280579,0.6499999999999999,0.737833694083694,0.38461538461538464,0.0,0.5155073702335358,0.6343993544578552,0.08836038690060377,0.2600635625422001,0.0,0.0,0.0,0.0,0.0,18473,global,0.0
3,2,lr5e-05_bs16_drop0p4_temp1p0_a0p25_b0p05__wd1e-04trmiss0_degmodglobal,16,5e-05,0.0001,0.4,1.0,0.25,0.05,lr5e-05_bs16_drop0p4_temp1p0_a0p25_b0p05__wd1e-04trmiss0_degmodglobal,25,0.6484070718288422,0.6965595483779907,0.6499999999999999,0.737833694083694,0.38461538461538464,0.0,0.5265916511416435,0.6157910376787186,0.08803271502256393,0.2121569700539112,0.0,0.0,0.0,0.0,0.0,18473,global,0.0
3,2,lr5e-05_bs16_drop0p4_temp1p0_a0p25_b0p05__wd1e-04trmiss0_degmodglobal,16,5e-05,0.0001,0.4,1.0,0.25,0.05,lr5e-05_bs16_drop0p4_temp1p0_a0p25_b0p05__wd1e-04trmiss0_degmodglobal,26,0.6337809562683105,0.69414883852005,0.625,0.7302579365079365,0.38461538461538464,0.0,0.47533702850341797,0.5921107679605484,0.10630258172750473,0.30189092457294464,0.0,0.0,0.0,0.0,0.0,18473,global,0.0
3,2,lr5e-05_bs16_drop0p4_temp2p0_a0p25_b0p05__wd1e-04trmiss0_degmodglobal,16,5e-05,0.0001,0.4,2.0,0.25,0.05,lr5e-05_bs16_drop0p4_temp2p0_a0p25_b0p05__wd1e-04trmiss0_degmodglobal,1,0.6732480376958847,0.6471511721611023,0.45,0.6675796425796426,0.6153846153846154,0.0,0.7248032987117767,0.6496226936578751,0.05301487818360329,0.2074327915906906,0.0,0.0,0.0,0.0,0.0,18473,global,0.0
3,2,lr5e-05_bs16_drop0p4_temp2p0_a0p25_b0p05__wd1e-04trmiss0_degmodglobal,16,5e-05,0.0001,0.4,2.0,0.25,0.05,lr5e-05_bs16_drop0p4_temp2p0_a0p25_b0p05__wd1e-04trmiss0_degmodglobal,2,0.7164208590984344,0.6525871753692627,0.425,0.6609508547008548,0.5384615384615384,0.0,0.6668536961078644,0.6984129548072815,0.045386756770312786,0.13322450406849384,0.0,0.0,0.0,0.0,0.0,18473,global,0.0
3,2,lr5e-05_bs16_drop0p4_temp2p0_a0p25_b0p05__wd1e-04trmiss0_degmodglobal,16,5e-05,0.0001,0.4,2.0,0.25,0.05,lr5e-05_bs16_drop0p4_temp2p0_a0p25_b0p05__wd1e-04trmiss0_degmodglobal,3,0.6703975051641464,0.6534501314163208,0.39999999999999997,0.654132672882673,0.5384615384615384,0.0,0.6288875639438629,0.6458262652158737,0.0685522435232997,0.1486638393253088,0.0,0.0,0.0,0.0,0.0,18473,global,0.0
3,2,lr5e-05_bs16_drop0p4_temp2p0_a0p25_b0p05__wd1e-04trmiss0_degmodglobal,16,5e-05,0.0001,0.4,2.0,0.25,0.05,lr5e-05_bs16_drop0p4_temp2p0_a0p25_b0p05__wd1e-04trmiss0_degmodglobal,4,0.7133426070213318,0.6541458964347839,0.39999999999999997,0.654132672882673,0.5384615384615384,0.0,0.6993200331926346,0.6897052079439163,0.0535522298887372,0.20498649030923843,0.0,0.0,0.0,0.0,0.0,18473,global,0.0
3,2,lr5e-05_bs16_drop0p4_temp2p0_a0p25_b0p05__wd1e-04trmiss0_degmodglobal,16,5e-05,0.0001,0.4,2.0,0.25,0.05,lr5e-05_bs16_drop0p4_temp2p0_a0p25_b0p05__wd1e-04trmiss0_degmodglobal,5,0.6954823285341263,0.6538420915603638,0.425,0.6609508547008548,0.46153846153846156,0.0,0.6419505327939987,0.6676618009805679,0.06431811768561602,0.23482007533311844,0.0,0.0,0.0,0.0,0.0,18473,global,0.0
3,2,lr5e-05_bs16_drop0p4_temp2p0_a0p25_b0p05__wd1e-04trmiss0_degmodglobal,16,5e-05,0.0001,0.4,2.0,0.25,0.05,lr5e-05_bs16_drop0p4_temp2p0_a0p25_b0p05__wd1e-04trmiss0_degmodglobal,6,0.6331264525651932,0.6549029350280762,0.4,0.660977910977911,0.46153846153846156,0.0,0.6617947965860367,0.6122267097234726,0.05582737270742655,0.13885831739753485,0.0,0.0,0.0,0.0,0.0,18473,global,0.0
3,2,lr5e-05_bs16_drop0p4_temp2p0_a0p25_b0p05__wd1e-04trmiss0_degmodglobal,16,5e-05,0.0001,0.4,2.0,0.25,0.05,lr5e-05_bs16_drop0p4_temp2p0_a0p25_b0p05__wd1e-04trmiss0_degmodglobal,7,0.6758503466844559,0.6531636118888855,0.425,0.6677960927960929,0.46153846153846156,0.0,0.671684980392456,0.647595226764679,0.06841036677360535,0.22305094078183174,0.0,0.0,0.0,0.0,0.0,18473,global,0.0
3,2,lr5e-05_bs16_drop0p4_temp2p0_a0p25_b0p05__wd1e-04trmiss0_degmodglobal,16,5e-05,0.0001,0.4,2.0,0.25,0.05,lr5e-05_bs16_drop0p4_temp2p0_a0p25_b0p05__wd1e-04trmiss0_degmodglobal,8,0.6348091959953308,0.6537023782730103,0.425,0.6677960927960929,0.46153846153846156,0.0,0.6141052544116974,0.6131462007761002,0.05800214223563671,0.14324898924678564,0.0,0.0,0.0,0.0,0.0,18473,global,0.0
3,2,lr5e-05_bs16_drop0p4_temp2p0_a0p25_b0p05__wd1e-04trmiss0_degmodglobal,16,5e-05,0.0001,0.4,2.0,0.25,0.05,lr5e-05_bs16_drop0p4_temp2p0_a0p25_b0p05__wd1e-04trmiss0_degmodglobal,9,0.6590941101312637,0.6528251767158508,0.425,0.6677960927960929,0.5384615384615384,0.0,0.6356567889451981,0.6367961168289185,0.057904236018657684,0.1564385574311018,0.0,0.0,0.0,0.0,0.0,18473,global,0.0
3,2,lr5e-05_bs16_drop0p4_temp2p0_a0p25_b0p05__wd1e-04trmiss0_degmodglobal,16,5e-05,0.0001,0.4,2.0,0.25,0.05,lr5e-05_bs16_drop0p4_temp2p0_a0p25_b0p05__wd1e-04trmiss0_degmodglobal,10,0.6597085744142532,0.6532350778579712,0.45,0.6744248806748807,0.5384615384615384,0.0,0.6201440989971161,0.6374867260456085,0.06193489208817482,0.13476270576938987,0.0,0.0,0.0,0.0,0.0,18473,global,0.0
3,2,lr5e-05_bs16_drop0p4_temp2p0_a0p25_b0p05__wd1e-04trmiss0_degmodglobal,16,5e-05,0.0001,0.4,2.0,0.25,0.05,lr5e-05_bs16_drop0p4_temp2p0_a0p25_b0p05__wd1e-04trmiss0_degmodglobal,11,0.6557300984859467,0.6513108611106873,0.45,0.6744248806748807,0.5384615384615384,0.0,0.6421679258346558,0.6324450075626373,0.06478069443255663,0.14179877564311028,0.0,0.0,0.0,0.0,0.0,18473,global,0.0
3,2,lr5e-05_bs16_drop0p4_temp2p0_a0p25_b0p05__wd1e-04trmiss0_degmodglobal,16,5e-05,0.0001,0.4,2.0,0.25,0.05,lr5e-05_bs16_drop0p4_temp2p0_a0p25_b0p05__wd1e-04trmiss0_degmodglobal,12,0.6465139985084534,0.6496731638908386,0.475,0.6863296425796426,0.5384615384615384,0.0,0.6134403347969055,0.6265163123607635,0.05148778762668371,0.14251503720879555,0.0,0.0,0.0,0.0,0.0,18473,global,0.0
3,2,lr5e-05_bs16_drop0p4_temp2p0_a0p25_b0p05__wd1e-04trmiss0_degmodglobal,16,5e-05,0.0001,0.4,2.0,0.25,0.05,lr5e-05_bs16_drop0p4_temp2p0_a0p25_b0p05__wd1e-04trmiss0_degmodglobal,13,0.6605106145143509,0.6484437584877014,0.475,0.6863296425796426,0.5384615384615384,0.0,0.6387056261301041,0.6436649709939957,0.04369215574115515,0.11845205537974834,0.0,0.0,0.0,0.0,0.0,18473,global,0.0
3,2,lr5e-05_bs16_drop0p4_temp2p0_a0p25_b0p05__wd1e-04trmiss0_degmodglobal,16,5e-05,0.0001,0.4,2.0,0.25,0.05,lr5e-05_bs16_drop0p4_temp2p0_a0p25_b0p05__wd1e-04trmiss0_degmodglobal,14,0.6407666206359863,0.648528516292572,0.45,0.6744248806748807,0.6153846153846154,0.0,0.5959472209215164,0.6215324997901917,0.043863519094884396,0.16536507941782475,0.0,0.0,0.0,0.0,0.0,18473,global,0.0
3,2,lr5e-05_bs16_drop0p4_temp2p0_a0p25_b0p05__wd1e-04trmiss0_degmodglobal,16,5e-05,0.0001,0.4,2.0,0.25,0.05,lr5e-05_bs16_drop0p4_temp2p0_a0p25_b0p05__wd1e-04trmiss0_degmodglobal,15,0.6222208440303802,0.6476473212242126,0.475,0.6863296425796426,0.6153846153846154,0.0,0.6293813735246658,0.6018947064876556,0.05022057890892029,0.15541952475905418,0.0,0.0,0.0,0.0,0.0,18473,global,0.0
3,2,lr5e-05_bs16_drop0p4_temp2p0_a0p25_b0p05__wd1e-04trmiss0_degmodglobal,16,5e-05,0.0001,0.4,2.0,0.25,0.05,lr5e-05_bs16_drop0p4_temp2p0_a0p25_b0p05__wd1e-04trmiss0_degmodglobal,16,0.6411144137382507,0.6488173604011536,0.45,0.6744248806748807,0.6153846153846154,0.0,0.5679453611373901,0.614202156662941,0.06998543906956911,0.18831811100244522,0.0,0.0,0.0,0.0,0.0,18473,global,0.0
3,2,lr5e-05_bs16_drop0p4_temp2p0_a0p25_b0p05__wd1e-04trmiss0_degmodglobal,16,5e-05,0.0001,0.4,2.0,0.25,0.05,lr5e-05_bs16_drop0p4_temp2p0_a0p25_b0p05__wd1e-04trmiss0_degmodglobal,17,0.6612793654203415,0.6476265788078308,0.475,0.6863296425796426,0.6153846153846154,0.0,0.6333969086408615,0.6423400938510895,0.04640733636915684,0.14674876257777214,0.0,0.0,0.0,0.0,0.0,18473,global,0.0
3,2,lr5e-05_bs16_drop0p4_temp2p0_a0p25_b0p05__wd1e-04trmiss0_degmodglobal,16,5e-05,0.0001,0.4,2.0,0.25,0.05,lr5e-05_bs16_drop0p4_temp2p0_a0p25_b0p05__wd1e-04trmiss0_degmodglobal,18,0.621387705206871,0.6485611200332642,0.475,0.6863296425796426,0.6153846153846154,0.0,0.5771459192037582,0.6004128307104111,0.05297501664608717,0.15462268702685833,0.0,0.0,0.0,0.0,0.0,18473,global,0.0
3,2,lr5e-05_bs16_drop0p4_temp2p0_a0p25_b0p05__wd1e-04trmiss0_degmodglobal,16,5e-05,0.0001,0.4,2.0,0.25,0.05,lr5e-05_bs16_drop0p4_temp2p0_a0p25_b0p05__wd1e-04trmiss0_degmodglobal,19,0.6370904594659805,0.6504226326942444,0.475,0.6863296425796426,0.6153846153846154,0.0,0.574773758649826,0.6136494725942612,0.05609900690615177,0.18832457438111305,0.0,0.0,0.0,0.0,0.0,18473,global,0.0
3,2,lr5e-05_bs16_drop0p4_temp2p0_a0p25_b0p05__wd1e-04trmiss0_degmodglobal,16,5e-05,0.0001,0.4,2.0,0.25,0.05,lr5e-05_bs16_drop0p4_temp2p0_a0p25_b0p05__wd1e-04trmiss0_degmodglobal,20,0.6336005330085754,0.6505007147789001,0.475,0.6863296425796426,0.6153846153846154,0.0,0.551629826426506,0.611547589302063,0.05857380200177431,0.1481898408383131,0.0,0.0,0.0,0.0,0.0,18473,global,0.0
3,2,lr5e-05_bs16_drop0p4_temp2p0_a0p25_b0p05__wd1e-04trmiss0_degmodglobal,16,5e-05,0.0001,0.4,2.0,0.25,0.05,lr5e-05_bs16_drop0p4_temp2p0_a0p25_b0p05__wd1e-04trmiss0_degmodglobal,21,0.63763827085495,0.6502699255943298,0.475,0.6863296425796426,0.6153846153846154,0.0,0.5531522929668427,0.6148254871368408,0.055903964675962925,0.17673614993691444,0.0,0.0,0.0,0.0,0.0,18473,global,0.0
3,2,lr5e-05_bs16_drop0p4_temp2p0_a0p25_b0p05__wd1e-04trmiss0_degmodglobal,16,5e-05,0.0001,0.4,2.0,0.25,0.05,lr5e-05_bs16_drop0p4_temp2p0_a0p25_b0p05__wd1e-04trmiss0_degmodglobal,22,0.6500125676393509,0.6509750485420227,0.475,0.6863296425796426,0.6153846153846154,0.0,0.5778202712535858,0.6323239654302597,0.046425849199295044,0.12164305243641138,0.0,0.0,0.0,0.0,0.0,18473,global,0.0
3,2,lr5e-05_bs16_drop0p4_temp2p0_a0p25_b0p05__wd1e-04trmiss0_degmodglobal,16,5e-05,0.0001,0.4,2.0,0.25,0.05,lr5e-05_bs16_drop0p4_temp2p0_a0p25_b0p05__wd1e-04trmiss0_degmodglobal,23,0.6304229646921158,0.6517102122306824,0.45,0.6744248806748807,0.5384615384615384,0.0,0.5423508435487747,0.6055667698383331,0.05981404148042202,0.1980540193617344,0.0,0.0,0.0,0.0,0.0,18473,global,0.0
3,2,lr5e-05_bs16_drop0p4_temp2p0_a0p25_b0p05__wd1e-04trmiss0_degmodglobal,16,5e-05,0.0001,0.4,2.0,0.25,0.05,lr5e-05_bs16_drop0p4_temp2p0_a0p25_b0p05__wd1e-04trmiss0_degmodglobal,24,0.6171341389417648,0.6526725888252258,0.45,0.6744248806748807,0.6153846153846154,0.0,0.6052720248699188,0.596344068646431,0.04766318295150995,0.17748546414077282,0.0,0.0,0.0,0.0,0.0,18473,global,0.0
3,2,lr5e-05_bs16_drop0p4_temp2p0_a0p25_b0p05__wd1e-04trmiss0_degmodglobal,16,5e-05,0.0001,0.4,2.0,0.25,0.05,lr5e-05_bs16_drop0p4_temp2p0_a0p25_b0p05__wd1e-04trmiss0_degmodglobal,25,0.6321127265691757,0.6535394787788391,0.45,0.6744248806748807,0.6153846153846154,0.0,0.5316299051046371,0.6095540523529053,0.05839621089398861,0.15919265523552895,0.0,0.0,0.0,0.0,0.0,18473,global,0.0
3,2,lr5e-05_bs16_drop0p4_temp2p0_a0p25_b0p05__wd1e-04trmiss0_degmodglobal,16,5e-05,0.0001,0.4,2.0,0.25,0.05,lr5e-05_bs16_drop0p4_temp2p0_a0p25_b0p05__wd1e-04trmiss0_degmodglobal,26,0.6381361484527588,0.6553446054458618,0.45,0.6744248806748807,0.6153846153846154,0.0,0.5415954887866974,0.6122321635484695,0.06686285603791475,0.18376484140753746,0.0,0.0,0.0,0.0,0.0,18473,global,0.0
3,2,lr5e-05_bs16_drop0p4_temp2p0_a0p25_b0p05__wd1e-04trmiss0_degmodglobal,16,5e-05,0.0001,0.4,2.0,0.25,0.05,lr5e-05_bs16_drop0p4_temp2p0_a0p25_b0p05__wd1e-04trmiss0_degmodglobal,27,0.6478680521249771,0.6535624861717224,0.45,0.6675796425796426,0.5384615384615384,0.0,0.5516389459371567,0.6246968507766724,0.05845654523000121,0.17114179208874702,0.0,0.0,0.0,0.0,0.0,18473,global,0.0
3,2,lr5e-05_bs16_drop0p4_temp2p0_a0p25_b0p05__wd1e-04trmiss0_degmodglobal,16,5e-05,0.0001,0.4,2.0,0.25,0.05,lr5e-05_bs16_drop0p4_temp2p0_a0p25_b0p05__wd1e-04trmiss0_degmodglobal,28,0.6439405381679535,0.653608500957489,0.39999999999999997,0.6490460927960928,0.5384615384615384,0.0,0.5309137552976608,0.6138669699430466,0.06952435430139303,0.25384970009326935,0.0,0.0,0.0,0.0,0.0,18473,global,0.0
3,2,lr5e-05_bs16_drop0p4_temp2p0_a0p25_b0p05__wd1e-04trmiss0_degmodglobal,16,5e-05,0.0001,0.4,2.0,0.25,0.05,lr5e-05_bs16_drop0p4_temp2p0_a0p25_b0p05__wd1e-04trmiss0_degmodglobal,29,0.6275808662176132,0.6532070636749268,0.39999999999999997,0.6490460927960928,0.5384615384615384,0.0,0.5334198623895645,0.5996422469615936,0.06832323456183076,0.21715660113841295,0.0,0.0,0.0,0.0,0.0,18473,global,0.0
3,2,lr5e-05_bs16_drop0p4_temp2p0_a0p25_b0p05__wd1e-04trmiss0_degmodglobal,16,5e-05,0.0001,0.4,2.0,0.25,0.05,lr5e-05_bs16_drop0p4_temp2p0_a0p25_b0p05__wd1e-04trmiss0_degmodglobal,30,0.625763937830925,0.6533793210983276,0.39999999999999997,0.6490460927960928,0.5384615384615384,0.0,0.524014413356781,0.6041475683450699,0.04988670162856579,0.18289350252598524,0.0,0.0,0.0,0.0,0.0,18473,global,0.0
3,2,lr5e-05_bs16_drop0p4_temp2p0_a0p25_b0p05__wd1e-04trmiss0_degmodglobal,16,5e-05,0.0001,0.4,2.0,0.25,0.05,lr5e-05_bs16_drop0p4_temp2p0_a0p25_b0p05__wd1e-04trmiss0_degmodglobal,31,0.6467381566762924,0.6550450325012207,0.39999999999999997,0.6490460927960928,0.5384615384615384,0.0,0.5322071760892868,0.6200796216726303,0.06615651957690716,0.20238808169960976,0.0,0.0,0.0,0.0,0.0,18473,global,0.0
3,2,lr5e-05_bs16_drop0p4_temp2p0_a0p25_b0p05__wd1e-04trmiss0_degmodglobal,16,5e-05,0.0001,0.4,2.0,0.25,0.05,lr5e-05_bs16_drop0p4_temp2p0_a0p25_b0p05__wd1e-04trmiss0_degmodglobal,32,0.6514014154672623,0.654277503490448,0.39999999999999997,0.6490460927960928,0.46153846153846156,0.0,0.5741922557353973,0.6243843585252762,0.07138754054903984,0.18340346030890942,0.0,0.0,0.0,0.0,0.0,18473,global,0.0
3,2,lr5e-05_bs16_drop0p4_temp2p0_a0p25_b0p05__wd1e-04trmiss0_degmodglobal,16,5e-05,0.0001,0.4,2.0,0.25,0.05,lr5e-05_bs16_drop0p4_temp2p0_a0p25_b0p05__wd1e-04trmiss0_degmodglobal,33,0.6347705870866776,0.6546965837478638,0.39999999999999997,0.6490460927960928,0.46153846153846156,0.0,0.5250075608491898,0.6047879904508591,0.07263335399329662,0.2364850454032421,0.0,0.0,0.0,0.0,0.0,18473,global,0.0
3,2,lr5e-05_bs16_drop0p4_temp2p0_a0p25_b0p05__wd1e-04trmiss0_degmodglobal,16,5e-05,0.0001,0.4,2.0,0.25,0.05,lr5e-05_bs16_drop0p4_temp2p0_a0p25_b0p05__wd1e-04trmiss0_degmodglobal,34,0.6582569628953934,0.6531094908714294,0.42499999999999993,0.6556748806748807,0.5384615384615384,0.0,0.5226679220795631,0.6212631613016129,0.09271286055445671,0.2763117775321007,0.0,0.0,0.0,0.0,0.0,18473,global,0.0
3,2,lr5e-05_bs16_drop0p4_temp2p0_a0p25_b0p05__wd1e-04trmiss0_degmodglobal,16,5e-05,0.0001,0.4,2.0,0.25,0.05,lr5e-05_bs16_drop0p4_temp2p0_a0p25_b0p05__wd1e-04trmiss0_degmodglobal,35,0.6084613054990768,0.6518594622612,0.39999999999999997,0.6490460927960928,0.5384615384615384,0.0,0.5226922035217285,0.5788795202970505,0.0784891564399004,0.199189905077219,0.0,0.0,0.0,0.0,0.0,18473,global,0.0
3,2,lr5e-05_bs16_drop0p4_temp2p0_a0p25_b0p05__wd1e-04trmiss0_degmodglobal,16,5e-05,0.0001,0.4,2.0,0.25,0.05,lr5e-05_bs16_drop0p4_temp2p0_a0p25_b0p05__wd1e-04trmiss0_degmodglobal,36,0.6726945787668228,0.6517654061317444,0.45,0.6744248806748807,0.5384615384615384,0.0,0.5161856040358543,0.6407160460948944,0.07981580588966608,0.24049155972898006,0.0,0.0,0.0,0.0,0.0,18473,global,0.0
3,2,lr5e-05_bs16_drop0p4_temp2p0_a0p25_b0p05__wd1e-04trmiss0_degmodglobal,16,5e-05,0.0001,0.4,2.0,0.25,0.05,lr5e-05_bs16_drop0p4_temp2p0_a0p25_b0p05__wd1e-04trmiss0_degmodglobal,37,0.6534859240055084,0.6508771777153015,0.475,0.6863296425796426,0.5384615384615384,0.0,0.5136655047535896,0.6152162253856659,0.09460929781198502,0.29234712198376656,0.0,0.0,0.0,0.0,0.0,18473,global,0.0
3,2,lr1e-05_bs16_drop0p2_temp1p0_a0p25_b0p05__wd1e-04trmiss0_degmodglobal,16,1e-05,0.0001,0.2,1.0,0.25,0.05,lr1e-05_bs16_drop0p2_temp1p0_a0p25_b0p05__wd1e-04trmiss0_degmodglobal,1,0.6635557413101196,0.6830589771270752,0.47500000000000003,0.6963675213675214,0.6153846153846154,0.0,0.6865952163934708,0.6456981301307678,0.045724138617515564,0.12853185087442398,0.0,0.0,0.0,0.0,0.0,18473,global,0.0
3,2,lr1e-05_bs16_drop0p2_temp1p0_a0p25_b0p05__wd1e-04trmiss0_degmodglobal,16,1e-05,0.0001,0.2,1.0,0.25,0.05,lr1e-05_bs16_drop0p2_temp1p0_a0p25_b0p05__wd1e-04trmiss0_degmodglobal,2,0.6531438529491425,0.6827153563499451,0.5249999999999999,0.7162087912087913,0.6153846153846154,0.0,0.6826692521572113,0.638563260436058,0.03917193412780762,0.09575237147510052,0.0,0.0,0.0,0.0,0.0,18473,global,0.0
3,2,lr1e-05_bs16_drop0p2_temp1p0_a0p25_b0p05__wd1e-04trmiss0_degmodglobal,16,1e-05,0.0001,0.2,1.0,0.25,0.05,lr1e-05_bs16_drop0p2_temp1p0_a0p25_b0p05__wd1e-04trmiss0_degmodglobal,3,0.6388892978429794,0.6838933229446411,0.5,0.7224587912087912,0.5384615384615384,0.0,0.6952734589576721,0.6237086951732635,0.036319895181804895,0.12201259098947048,0.0,0.0,0.0,0.0,0.0,18473,global,0.0
3,2,lr1e-05_bs16_drop0p2_temp1p0_a0p25_b0p05__wd1e-04trmiss0_degmodglobal,16,1e-05,0.0001,0.2,1.0,0.25,0.05,lr1e-05_bs16_drop0p2_temp1p0_a0p25_b0p05__wd1e-04trmiss0_degmodglobal,4,0.6597486138343811,0.6850133538246155,0.5249999999999999,0.7412087912087912,0.5384615384615384,0.0,0.6730942130088806,0.6421833336353302,0.04860611166805029,0.10827472247183323,0.0,0.0,0.0,0.0,0.0,18473,global,0.0
3,2,lr1e-05_bs16_drop0p2_temp1p0_a0p25_b0p05__wd1e-04trmiss0_degmodglobal,16,1e-05,0.0001,0.2,1.0,0.25,0.05,lr1e-05_bs16_drop0p2_temp1p0_a0p25_b0p05__wd1e-04trmiss0_degmodglobal,5,0.6427500694990158,0.6827089190483093,0.6000000000000001,0.7974587912087913,0.46153846153846156,0.0,0.6610706150531769,0.6272475570440292,0.04138767905533314,0.10311177186667919,0.0,0.0,0.0,0.0,0.0,18473,global,0.0
3,2,lr1e-05_bs16_drop0p2_temp1p0_a0p25_b0p05__wd1e-04trmiss0_degmodglobal,16,1e-05,0.0001,0.2,1.0,0.25,0.05,lr1e-05_bs16_drop0p2_temp1p0_a0p25_b0p05__wd1e-04trmiss0_degmodglobal,6,0.6313946098089218,0.6819987297058105,0.575,0.789125457875458,0.46153846153846156,0.0,0.6568457633256912,0.6188449114561081,0.03349590674042702,0.0835147313773632,0.0,0.0,0.0,0.0,0.0,18473,global,0.0
3,2,lr1e-05_bs16_drop0p2_temp1p0_a0p25_b0p05__wd1e-04trmiss0_degmodglobal,16,1e-05,0.0001,0.2,1.0,0.25,0.05,lr1e-05_bs16_drop0p2_temp1p0_a0p25_b0p05__wd1e-04trmiss0_degmodglobal,7,0.6213176101446152,0.6825092434883118,0.55,0.7779647435897437,0.46153846153846156,0.0,0.6644532382488251,0.6016614586114883,0.05209019500762224,0.13267207704484463,0.0,0.0,0.0,0.0,0.0,18473,global,0.0
3,2,lr1e-05_bs16_drop0p2_temp1p0_a0p25_b0p05__wd1e-04trmiss0_degmodglobal,16,1e-05,0.0001,0.2,1.0,0.25,0.05,lr1e-05_bs16_drop0p2_temp1p0_a0p25_b0p05__wd1e-04trmiss0_degmodglobal,8,0.6502163261175156,0.6819220781326294,0.575,0.786298076923077,0.46153846153846156,0.0,0.6673977077007294,0.6367877125740051,0.03326207213103771,0.10226170718669891,0.0,0.0,0.0,0.0,0.0,18473,global,0.0
3,2,lr1e-05_bs16_drop0p2_temp1p0_a0p25_b0p05__wd1e-04trmiss0_degmodglobal,16,1e-05,0.0001,0.2,1.0,0.25,0.05,lr1e-05_bs16_drop0p2_temp1p0_a0p25_b0p05__wd1e-04trmiss0_degmodglobal,9,0.6192706376314163,0.6838159561157227,0.525,0.7692841880341881,0.46153846153846156,0.0,0.6644808650016785,0.6018703728914261,0.04579969961196184,0.11900650337338448,0.0,0.0,0.0,0.0,0.0,18473,global,0.0
3,2,lr1e-05_bs16_drop0p2_temp1p0_a0p25_b0p05__wd1e-04trmiss0_degmodglobal,16,1e-05,0.0001,0.2,1.0,0.25,0.05,lr1e-05_bs16_drop0p2_temp1p0_a0p25_b0p05__wd1e-04trmiss0_degmodglobal,10,0.6637015789747238,0.6834331750869751,0.6000000000000001,0.8040064102564103,0.46153846153846156,0.0,0.6601113528013229,0.6462409049272537,0.04265330079942942,0.13594724982976913,0.0,0.0,0.0,0.0,0.0,18473,global,0.0
3,2,lr1e-05_bs16_drop0p2_temp1p0_a0p25_b0p05__wd1e-04trmiss0_degmodglobal,16,1e-05,0.0001,0.2,1.0,0.25,0.05,lr1e-05_bs16_drop0p2_temp1p0_a0p25_b0p05__wd1e-04trmiss0_degmodglobal,11,0.6128735691308975,0.6838666200637817,0.55,0.7823072760572761,0.46153846153846156,0.0,0.6259663999080658,0.5966196060180664,0.047432550229132175,0.08791662752628326,0.0,0.0,0.0,0.0,0.0,18473,global,0.0
3,2,lr1e-05_bs16_drop0p2_temp1p0_a0p25_b0p05__wd1e-04trmiss0_degmodglobal,16,1e-05,0.0001,0.2,1.0,0.25,0.05,lr1e-05_bs16_drop0p2_temp1p0_a0p25_b0p05__wd1e-04trmiss0_degmodglobal,12,0.6450449526309967,0.6841962337493896,0.575,0.789125457875458,0.46153846153846156,0.0,0.6411755979061127,0.6260981112718582,0.050281169824302197,0.12753071635961533,0.0,0.0,0.0,0.0,0.0,18473,global,0.0
3,2,lr1e-05_bs16_drop0p2_temp1p0_a0p25_b0p05__wd1e-04trmiss0_degmodglobal,16,1e-05,0.0001,0.2,1.0,0.25,0.05,lr1e-05_bs16_drop0p2_temp1p0_a0p25_b0p05__wd1e-04trmiss0_degmodglobal,13,0.610367625951767,0.6840843558311462,0.575,0.7971882284382285,0.46153846153846156,0.0,0.6154161542654037,0.5929048508405685,0.04406534368172288,0.12892835028469563,0.0,0.0,0.0,0.0,0.0,18473,global,0.0
3,2,lr1e-05_bs16_drop0p2_temp1p0_a0p25_b0p05__wd1e-04trmiss0_degmodglobal,16,1e-05,0.0001,0.2,1.0,0.25,0.05,lr1e-05_bs16_drop0p2_temp1p0_a0p25_b0p05__wd1e-04trmiss0_degmodglobal,14,0.6117454171180725,0.6816912889480591,0.625,0.8290064102564103,0.46153846153846156,0.0,0.6237883120775223,0.59464430809021,0.04453470418229699,0.11934836953878403,0.0,0.0,0.0,0.0,0.0,18473,global,0.0
3,2,lr1e-05_bs16_drop0p2_temp1p0_a0p25_b0p05__wd1e-04trmiss0_degmodglobal,16,1e-05,0.0001,0.2,1.0,0.25,0.05,lr1e-05_bs16_drop0p2_temp1p0_a0p25_b0p05__wd1e-04trmiss0_degmodglobal,15,0.5973988473415375,0.6823402047157288,0.6499999999999999,0.8498397435897436,0.46153846153846156,0.0,0.6280705630779266,0.5801748931407928,0.04444964090362191,0.12223087064921856,0.0,0.0,0.0,0.0,0.0,18473,global,0.0
3,2,lr1e-05_bs16_drop0p2_temp1p0_a0p25_b0p05__wd1e-04trmiss0_degmodglobal,16,1e-05,0.0001,0.2,1.0,0.25,0.05,lr1e-05_bs16_drop0p2_temp1p0_a0p25_b0p05__wd1e-04trmiss0_degmodglobal,16,0.6071551442146301,0.6824973225593567,0.6,0.8221882284382285,0.46153846153846156,0.0,0.6188937872648239,0.5925503373146057,0.03853491507470608,0.09942158125340939,0.0,0.0,0.0,0.0,0.0,18473,global,0.0
3,2,lr1e-05_bs16_drop0p2_temp1p0_a0p25_b0p05__wd1e-04trmiss0_degmodglobal,16,1e-05,0.0001,0.2,1.0,0.25,0.05,lr1e-05_bs16_drop0p2_temp1p0_a0p25_b0p05__wd1e-04trmiss0_degmodglobal,17,0.6330434381961823,0.6811890602111816,0.625,0.8430215617715617,0.46153846153846156,0.0,0.6493646204471588,0.6150034219026566,0.04855655878782272,0.11801740620285273,0.0,0.0,0.0,0.0,0.0,18473,global,0.0
3,2,lr1e-05_bs16_drop0p2_temp1p0_a0p25_b0p05__wd1e-04trmiss0_degmodglobal,16,1e-05,0.0001,0.2,1.0,0.25,0.05,lr1e-05_bs16_drop0p2_temp1p0_a0p25_b0p05__wd1e-04trmiss0_degmodglobal,18,0.644556537270546,0.6813092827796936,0.6,0.8221882284382285,0.46153846153846156,0.0,0.6191849410533905,0.6209857314825058,0.0641026571393013,0.15090327709913254,0.0,0.0,0.0,0.0,0.0,18473,global,0.0
3,2,lr1e-05_bs16_drop0p2_temp1p0_a0p25_b0p05__wd1e-04trmiss0_degmodglobal,16,1e-05,0.0001,0.2,1.0,0.25,0.05,lr1e-05_bs16_drop0p2_temp1p0_a0p25_b0p05__wd1e-04trmiss0_degmodglobal,19,0.6190727949142456,0.6829079985618591,0.6,0.8221882284382285,0.46153846153846156,0.0,0.6114315241575241,0.6028921008110046,0.04643681365996599,0.0914294458925724,0.0,0.0,0.0,0.0,0.0,18473,global,0.0
3,2,lr1e-05_bs16_drop0p2_temp1p0_a0p25_b0p05__wd1e-04trmiss0_degmodglobal,16,1e-05,0.0001,0.2,1.0,0.25,0.05,lr1e-05_bs16_drop0p2_temp1p0_a0p25_b0p05__wd1e-04trmiss0_degmodglobal,20,0.5936456322669983,0.6829606890678406,0.6,0.8221882284382285,0.46153846153846156,0.0,0.6345344036817551,0.5770551711320877,0.041147603653371334,0.1260710395872593,0.0,0.0,0.0,0.0,0.0,18473,global,0.0
3,2,lr1e-05_bs16_drop0p2_temp1p0_a0p25_b0p05__wd1e-04trmiss0_degmodglobal,16,1e-05,0.0001,0.2,1.0,0.25,0.05,lr1e-05_bs16_drop0p2_temp1p0_a0p25_b0p05__wd1e-04trmiss0_degmodglobal,21,0.5985349416732788,0.6834143996238708,0.6,0.8221882284382285,0.46153846153846156,0.0,0.6189152747392654,0.5808820277452469,0.047767206095159054,0.11422218568623066,0.0,0.0,0.0,0.0,0.0,18473,global,0.0
3,2,lr1e-05_bs16_drop0p2_temp1p0_a0p25_b0p05__wd1e-04trmiss0_degmodglobal,16,1e-05,0.0001,0.2,1.0,0.25,0.05,lr1e-05_bs16_drop0p2_temp1p0_a0p25_b0p05__wd1e-04trmiss0_degmodglobal,22,0.6027889400720596,0.684251606464386,0.6,0.8221882284382285,0.46153846153846156,0.0,0.6163675636053085,0.5816593021154404,0.055232591927051544,0.14642988331615925,0.0,0.0,0.0,0.0,0.0,18473,global,0.0
3,2,lr1e-05_bs16_drop0p2_temp1p0_a0p25_b0p05__wd1e-04trmiss0_degmodglobal,16,1e-05,0.0001,0.2,1.0,0.25,0.05,lr1e-05_bs16_drop0p2_temp1p0_a0p25_b0p05__wd1e-04trmiss0_degmodglobal,23,0.5981678664684296,0.6856579780578613,0.575,0.7971882284382285,0.46153846153846156,0.0,0.615285724401474,0.5785253793001175,0.05246441811323166,0.1305274199694395,0.0,0.0,0.0,0.0,0.0,18473,global,0.0
3,2,lr1e-05_bs16_drop0p2_temp1p0_a0p25_b0p05__wd1e-04trmiss0_degmodglobal,16,1e-05,0.0001,0.2,1.0,0.25,0.05,lr1e-05_bs16_drop0p2_temp1p0_a0p25_b0p05__wd1e-04trmiss0_degmodglobal,24,0.5913452804088593,0.6852579116821289,0.575,0.7971882284382285,0.46153846153846156,0.0,0.6086853295564651,0.5698684602975845,0.0560569828376174,0.14925114251673222,0.0,0.0,0.0,0.0,0.0,18473,global,0.0
3,2,lr1e-05_bs16_drop0p2_temp1p0_a0p25_b0p05__wd1e-04trmiss0_degmodglobal,16,1e-05,0.0001,0.2,1.0,0.25,0.05,lr1e-05_bs16_drop0p2_temp1p0_a0p25_b0p05__wd1e-04trmiss0_degmodglobal,25,0.59671950340271,0.6840553283691406,0.575,0.7971882284382285,0.46153846153846156,0.0,0.5927474051713943,0.579757422208786,0.044908844865858555,0.11469738371670246,0.0,0.0,0.0,0.0,0.0,18473,global,0.0
3,2,lr1e-05_bs16_drop0p2_temp1p0_a0p25_b0p05__wd1e-04trmiss0_degmodglobal,16,1e-05,0.0001,0.2,1.0,0.25,0.05,lr1e-05_bs16_drop0p2_temp1p0_a0p25_b0p05__wd1e-04trmiss0_degmodglobal,26,0.6101894080638885,0.6853699088096619,0.575,0.7971882284382285,0.46153846153846156,0.0,0.6038534939289093,0.5936090052127838,0.049684369936585426,0.08318620081990957,0.0,0.0,0.0,0.0,0.0,18473,global,0.0
3,2,lr1e-05_bs16_drop0p2_temp1p0_a0p25_b0p05__wd1e-04trmiss0_degmodglobal,16,1e-05,0.0001,0.2,1.0,0.25,0.05,lr1e-05_bs16_drop0p2_temp1p0_a0p25_b0p05__wd1e-04trmiss0_degmodglobal,27,0.5944219529628754,0.6852416396141052,0.55,0.7823072760572761,0.46153846153846156,0.0,0.5851640701293945,0.5784520953893661,0.046541664749383926,0.08668846962973475,0.0,0.0,0.0,0.0,0.0,18473,global,0.0
3,2,lr1e-05_bs16_drop0p2_temp1p0_a0p25_b0p05__wd1e-04trmiss0_degmodglobal,16,1e-05,0.0001,0.2,1.0,0.25,0.05,lr1e-05_bs16_drop0p2_temp1p0_a0p25_b0p05__wd1e-04trmiss0_degmodglobal,28,0.6134325116872787,0.685351550579071,0.55,0.7823072760572761,0.46153846153846156,0.0,0.6214496940374374,0.5964299589395523,0.045676364563405514,0.11166919954121113,0.0,0.0,0.0,0.0,0.0,18473,global,0.0
3,2,lr1e-05_bs16_drop0p2_temp1p0_a0p25_b0p05__wd1e-04trmiss0_degmodglobal,16,1e-05,0.0001,0.2,1.0,0.25,0.05,lr1e-05_bs16_drop0p2_temp1p0_a0p25_b0p05__wd1e-04trmiss0_degmodglobal,29,0.5846684724092484,0.6858903765678406,0.55,0.7823072760572761,0.46153846153846156,0.0,0.5657136589288712,0.5675884783267975,0.04699597414582968,0.10662010964006186,0.0,0.0,0.0,0.0,0.0,18473,global,0.0
3,2,lr1e-05_bs16_drop0p2_temp1p0_a0p25_b0p05__wd1e-04trmiss0_degmodglobal,16,1e-05,0.0001,0.2,1.0,0.25,0.05,lr1e-05_bs16_drop0p2_temp1p0_a0p25_b0p05__wd1e-04trmiss0_degmodglobal,30,0.5694179534912109,0.6860137581825256,0.575,0.7971882284382285,0.46153846153846156,0.0,0.5834796279668808,0.5527428537607193,0.048317152075469494,0.09191608428955078,0.0,0.0,0.0,0.0,0.0,18473,global,0.0
3,2,lr1e-05_bs16_drop0p2_temp1p0_a0p25_b0p05__wd1e-04trmiss0_degmodglobal,16,1e-05,0.0001,0.2,1.0,0.25,0.05,lr1e-05_bs16_drop0p2_temp1p0_a0p25_b0p05__wd1e-04trmiss0_degmodglobal,31,0.5705997198820114,0.6863042712211609,0.575,0.7971882284382285,0.46153846153846156,0.0,0.5913386046886444,0.5561109781265259,0.03876232821494341,0.09596325270831585,0.0,0.0,0.0,0.0,0.0,18473,global,0.0
3,2,lr1e-05_bs16_drop0p2_temp1p0_a0p25_b0p05__wd1e-04trmiss0_degmodglobal,16,1e-05,0.0001,0.2,1.0,0.25,0.05,lr1e-05_bs16_drop0p2_temp1p0_a0p25_b0p05__wd1e-04trmiss0_degmodglobal,32,0.589605838060379,0.6878715753555298,0.5249999999999999,0.7711465617715618,0.46153846153846156,0.0,0.6064639091491699,0.5722310245037079,0.04957446921616793,0.09962407313287258,0.0,0.0,0.0,0.0,0.0,18473,global,0.0
3,2,lr1e-05_bs16_drop0p2_temp1p0_a0p25_b0p05__wd1e-04trmiss0_degmodglobal,16,1e-05,0.0001,0.2,1.0,0.25,0.05,lr1e-05_bs16_drop0p2_temp1p0_a0p25_b0p05__wd1e-04trmiss0_degmodglobal,33,0.5901696234941483,0.6880397796630859,0.575,0.7971882284382285,0.46153846153846156,0.0,0.6312285512685776,0.5747638940811157,0.04219564702361822,0.09713641740381718,0.0,0.0,0.0,0.0,0.0,18473,global,0.0
3,2,lr1e-05_bs16_drop0p2_temp1p0_a0p25_b0p05__wd1e-04trmiss0_degmodglobal,16,1e-05,0.0001,0.2,1.0,0.25,0.05,lr1e-05_bs16_drop0p2_temp1p0_a0p25_b0p05__wd1e-04trmiss0_degmodglobal,34,0.5794734507799149,0.6878597736358643,0.55,0.7823072760572761,0.46153846153846156,0.0,0.5716549754142761,0.5602671802043915,0.05193294584751129,0.12446059100329876,0.0,0.0,0.0,0.0,0.0,18473,global,0.0
3,2,lr1e-05_bs16_drop0p2_temp1p0_a0p25_b0p05__wd1e-04trmiss0_degmodglobal,16,1e-05,0.0001,0.2,1.0,0.25,0.05,lr1e-05_bs16_drop0p2_temp1p0_a0p25_b0p05__wd1e-04trmiss0_degmodglobal,35,0.5810214877128601,0.6868835091590881,0.6000000000000001,0.8040064102564103,0.46153846153846156,0.0,0.5931036919355392,0.5680155009031296,0.035993863362818956,0.0801506619900465,0.0,0.0,0.0,0.0,0.0,18473,global,0.0
3,2,lr1e-05_bs16_drop0p2_temp2p0_a0p25_b0p05__wd1e-04trmiss0_degmodglobal,16,1e-05,0.0001,0.2,2.0,0.25,0.05,lr1e-05_bs16_drop0p2_temp2p0_a0p25_b0p05__wd1e-04trmiss0_degmodglobal,1,0.6885210126638412,0.6398865580558777,0.525,0.7133814102564103,0.6153846153846154,0.0,0.6889964938163757,0.672214537858963,0.0410565952770412,0.12084653228521347,0.0,0.0,0.0,0.0,0.0,18473,global,0.0
3,2,lr1e-05_bs16_drop0p2_temp2p0_a0p25_b0p05__wd1e-04trmiss0_degmodglobal,16,1e-05,0.0001,0.2,2.0,0.25,0.05,lr1e-05_bs16_drop0p2_temp2p0_a0p25_b0p05__wd1e-04trmiss0_degmodglobal,2,0.6870354264974594,0.6403274536132812,0.5249999999999999,0.7033435314685315,0.6153846153846154,0.0,0.6773887127637863,0.6695364415645599,0.047427261248230934,0.11284344224259257,0.0,0.0,0.0,0.0,0.0,18473,global,0.0
3,2,lr1e-05_bs16_drop0p2_temp2p0_a0p25_b0p05__wd1e-04trmiss0_degmodglobal,16,1e-05,0.0001,0.2,2.0,0.25,0.05,lr1e-05_bs16_drop0p2_temp2p0_a0p25_b0p05__wd1e-04trmiss0_degmodglobal,3,0.6680572628974915,0.6420484781265259,0.5249999999999999,0.7033435314685315,0.6153846153846154,0.0,0.6694320887327194,0.6471549272537231,0.06066134478896856,0.11473976448178291,0.0,0.0,0.0,0.0,0.0,18473,global,0.0
3,2,lr1e-05_bs16_drop0p2_temp2p0_a0p25_b0p05__wd1e-04trmiss0_degmodglobal,16,1e-05,0.0001,0.2,2.0,0.25,0.05,lr1e-05_bs16_drop0p2_temp2p0_a0p25_b0p05__wd1e-04trmiss0_degmodglobal,4,0.6814833879470825,0.6438860893249512,0.5249999999999999,0.7033435314685315,0.5384615384615384,0.0,0.6683343201875687,0.6671966314315796,0.036008646711707115,0.10569181852042675,0.0,0.0,0.0,0.0,0.0,18473,global,0.0
3,2,lr1e-05_bs16_drop0p2_temp2p0_a0p25_b0p05__wd1e-04trmiss0_degmodglobal,16,1e-05,0.0001,0.2,2.0,0.25,0.05,lr1e-05_bs16_drop0p2_temp2p0_a0p25_b0p05__wd1e-04trmiss0_degmodglobal,5,0.68903848528862,0.6452038288116455,0.525,0.7331054362304362,0.5384615384615384,0.0,0.6615242809057236,0.673158273100853,0.04006936587393284,0.11725710332393646,0.0,0.0,0.0,0.0,0.0,18473,global,0.0
3,2,lr1e-05_bs16_drop0p2_temp2p0_a0p25_b0p05__wd1e-04trmiss0_degmodglobal,16,1e-05,0.0001,0.2,2.0,0.25,0.05,lr1e-05_bs16_drop0p2_temp2p0_a0p25_b0p05__wd1e-04trmiss0_degmodglobal,6,0.6524927318096161,0.6482018828392029,0.525,0.7331054362304362,0.5384615384615384,0.0,0.6661630719900131,0.6358460485935211,0.04440316464751959,0.1109180161729455,0.0,0.0,0.0,0.0,0.0,18473,global,0.0
3,2,lr1e-05_bs16_drop0p2_temp2p0_a0p25_b0p05__wd1e-04trmiss0_degmodglobal,16,1e-05,0.0001,0.2,2.0,0.25,0.05,lr1e-05_bs16_drop0p2_temp2p0_a0p25_b0p05__wd1e-04trmiss0_degmodglobal,7,0.6575560420751572,0.648373544216156,0.55,0.7643554362304362,0.5384615384615384,0.0,0.6500166654586792,0.6415056437253952,0.04528076946735382,0.09460408426821232,0.0,0.0,0.0,0.0,0.0,18473,global,0.0
3,2,lr1e-05_bs16_drop0p2_temp2p0_a0p25_b0p05__wd1e-04trmiss0_degmodglobal,16,1e-05,0.0001,0.2,2.0,0.25,0.05,lr1e-05_bs16_drop0p2_temp2p0_a0p25_b0p05__wd1e-04trmiss0_degmodglobal,8,0.6460689753293991,0.6505386829376221,0.55,0.7643554362304362,0.5384615384615384,0.0,0.6656320095062256,0.6259128302335739,0.05003338400274515,0.15295609459280968,0.0,0.0,0.0,0.0,0.0,18473,global,0.0
3,2,lr1e-05_bs16_drop0p2_temp2p0_a0p25_b0p05__wd1e-04trmiss0_degmodglobal,16,1e-05,0.0001,0.2,2.0,0.25,0.05,lr1e-05_bs16_drop0p2_temp2p0_a0p25_b0p05__wd1e-04trmiss0_degmodglobal,9,0.6614865809679031,0.6510984897613525,0.475,0.7160915473415473,0.5384615384615384,0.0,0.6509607583284378,0.6411545872688293,0.048245107755064964,0.16541458293795586,0.0,0.0,0.0,0.0,0.0,18473,global,0.0
3,2,lr1e-05_bs16_drop0p2_temp2p0_a0p25_b0p05__wd1e-04trmiss0_degmodglobal,16,1e-05,0.0001,0.2,2.0,0.25,0.05,lr1e-05_bs16_drop0p2_temp2p0_a0p25_b0p05__wd1e-04trmiss0_degmodglobal,10,0.6296578943729401,0.6516213417053223,0.475,0.7160915473415473,0.5384615384615384,0.0,0.6529898643493652,0.6117680817842484,0.048909686505794525,0.11324798315763474,0.0,0.0,0.0,0.0,0.0,18473,global,0.0
3,2,lr1e-05_bs16_drop0p2_temp2p0_a0p25_b0p05__wd1e-04trmiss0_degmodglobal,16,1e-05,0.0001,0.2,2.0,0.25,0.05,lr1e-05_bs16_drop0p2_temp2p0_a0p25_b0p05__wd1e-04trmiss0_degmodglobal,11,0.6571945399045944,0.652253270149231,0.475,0.7160915473415473,0.5384615384615384,0.0,0.6516861468553543,0.6368083655834198,0.04982512816786766,0.15859805420041084,0.0,0.0,0.0,0.0,0.0,18473,global,0.0
3,2,lr1e-05_bs16_drop0p2_temp2p0_a0p25_b0p05__wd1e-04trmiss0_degmodglobal,16,1e-05,0.0001,0.2,2.0,0.25,0.05,lr1e-05_bs16_drop0p2_temp2p0_a0p25_b0p05__wd1e-04trmiss0_degmodglobal,12,0.6271527111530304,0.6528019309043884,0.475,0.7160915473415473,0.5384615384615384,0.0,0.6411620825529099,0.608129620552063,0.04915526509284973,0.1346856914460659,0.0,0.0,0.0,0.0,0.0,18473,global,0.0
3,2,lr1e-05_bs16_drop0p2_temp2p0_a0p25_b0p05__wd1e-04trmiss0_degmodglobal,16,1e-05,0.0001,0.2,2.0,0.25,0.05,lr1e-05_bs16_drop0p2_temp2p0_a0p25_b0p05__wd1e-04trmiss0_degmodglobal,13,0.6526604890823364,0.6521458029747009,0.475,0.7160915473415473,0.5384615384615384,0.0,0.6380546540021896,0.63646100461483,0.04261020105332136,0.110938536003232,0.0,0.0,0.0,0.0,0.0,18473,global,0.0
3,2,lr1e-05_bs16_drop0p2_temp2p0_a0p25_b0p05__wd1e-04trmiss0_degmodglobal,16,1e-05,0.0001,0.2,2.0,0.25,0.05,lr1e-05_bs16_drop0p2_temp2p0_a0p25_b0p05__wd1e-04trmiss0_degmodglobal,14,0.6479049623012543,0.6530877947807312,0.475,0.7160915473415473,0.5384615384615384,0.0,0.6606280654668808,0.6327567398548126,0.04068622086197138,0.09953294787555933,0.0,0.0,0.0,0.0,0.0,18473,global,0.0
3,2,lr1e-05_bs16_drop0p2_temp2p0_a0p25_b0p05__wd1e-04trmiss0_degmodglobal,16,1e-05,0.0001,0.2,2.0,0.25,0.05,lr1e-05_bs16_drop0p2_temp2p0_a0p25_b0p05__wd1e-04trmiss0_degmodglobal,15,0.6502825617790222,0.6540380716323853,0.45,0.7071629759129759,0.5384615384615384,0.0,0.6311102360486984,0.6361666470766068,0.03588944021612406,0.10287120193243027,0.0,0.0,0.0,0.0,0.0,18473,global,0.0
3,2,lr1e-05_bs16_drop0p2_temp2p0_a0p25_b0p05__wd1e-04trmiss0_degmodglobal,16,1e-05,0.0001,0.2,2.0,0.25,0.05,lr1e-05_bs16_drop0p2_temp2p0_a0p25_b0p05__wd1e-04trmiss0_degmodglobal,16,0.6438530385494232,0.6531788110733032,0.45,0.7071629759129759,0.5384615384615384,0.0,0.6402549892663956,0.6231338530778885,0.050337531603872776,0.16269586235284805,0.0,0.0,0.0,0.0,0.0,18473,global,0.0
3,2,lr1e-05_bs16_drop0p2_temp2p0_a0p25_b0p05__wd1e-04trmiss0_degmodglobal,16,1e-05,0.0001,0.2,2.0,0.25,0.05,lr1e-05_bs16_drop0p2_temp2p0_a0p25_b0p05__wd1e-04trmiss0_degmodglobal,17,0.6122674345970154,0.6516415476799011,0.45,0.7071629759129759,0.5384615384615384,0.0,0.6311376690864563,0.5924054235219955,0.050924682058393955,0.14261687267571688,0.0,0.0,0.0,0.0,0.0,18473,global,0.0
3,2,lr1e-05_bs16_drop0p2_temp2p0_a0p25_b0p05__wd1e-04trmiss0_degmodglobal,16,1e-05,0.0001,0.2,2.0,0.25,0.05,lr1e-05_bs16_drop0p2_temp2p0_a0p25_b0p05__wd1e-04trmiss0_degmodglobal,18,0.6410249173641205,0.6511789560317993,0.475,0.7160915473415473,0.5384615384615384,0.0,0.630569577217102,0.6231839060783386,0.04800649266690016,0.11678820289671421,0.0,0.0,0.0,0.0,0.0,18473,global,0.0
3,2,lr1e-05_bs16_drop0p2_temp2p0_a0p25_b0p05__wd1e-04trmiss0_degmodglobal,16,1e-05,0.0001,0.2,2.0,0.25,0.05,lr1e-05_bs16_drop0p2_temp2p0_a0p25_b0p05__wd1e-04trmiss0_degmodglobal,19,0.6502133309841156,0.6503049731254578,0.475,0.7160915473415473,0.5384615384615384,0.0,0.6324549168348312,0.6342885047197342,0.04389483714476228,0.09902164898812771,0.0,0.0,0.0,0.0,0.0,18473,global,0.0
3,2,lr1e-05_bs16_drop0p2_temp2p0_a0p25_b0p05__wd1e-04trmiss0_degmodglobal,16,1e-05,0.0001,0.2,2.0,0.25,0.05,lr1e-05_bs16_drop0p2_temp2p0_a0p25_b0p05__wd1e-04trmiss0_degmodglobal,20,0.6356940865516663,0.6514784097671509,0.45,0.7071629759129759,0.5384615384615384,0.0,0.6283720880746841,0.6168824136257172,0.04798818565905094,0.1362927295267582,0.0,0.0,0.0,0.0,0.0,18473,global,0.0
3,2,lr1e-05_bs16_drop0p2_temp2p0_a0p25_b0p05__wd1e-04trmiss0_degmodglobal,16,1e-05,0.0001,0.2,2.0,0.25,0.05,lr1e-05_bs16_drop0p2_temp2p0_a0p25_b0p05__wd1e-04trmiss0_degmodglobal,21,0.6406702250242233,0.652811586856842,0.45,0.7071629759129759,0.5384615384615384,0.0,0.602393314242363,0.6184417009353638,0.05915679223835468,0.1487867869436741,0.0,0.0,0.0,0.0,0.0,18473,global,0.0
3,2,lr1e-05_bs16_drop0p2_temp2p0_a0p25_b0p05__wd1e-04trmiss0_degmodglobal,16,1e-05,0.0001,0.2,2.0,0.25,0.05,lr1e-05_bs16_drop0p2_temp2p0_a0p25_b0p05__wd1e-04trmiss0_degmodglobal,22,0.6252012997865677,0.6520972847938538,0.45,0.7071629759129759,0.46153846153846156,0.0,0.6076220273971558,0.6092707961797714,0.04212785139679909,0.10797097347676754,0.0,0.0,0.0,0.0,0.0,18473,global,0.0
3,2,lr1e-05_bs16_drop0p2_temp2p0_a0p25_b0p05__wd1e-04trmiss0_degmodglobal,16,1e-05,0.0001,0.2,2.0,0.25,0.05,lr1e-05_bs16_drop0p2_temp2p0_a0p25_b0p05__wd1e-04trmiss0_degmodglobal,23,0.6228343397378922,0.6535245776176453,0.45,0.7071629759129759,0.46153846153846156,0.0,0.6098372489213943,0.6026022881269455,0.05091565288603306,0.15006266720592976,0.0,0.0,0.0,0.0,0.0,18473,global,0.0
3,2,lr1e-05_bs16_drop0p2_temp2p0_a0p25_b0p05__wd1e-04trmiss0_degmodglobal,16,1e-05,0.0001,0.2,2.0,0.25,0.05,lr1e-05_bs16_drop0p2_temp2p0_a0p25_b0p05__wd1e-04trmiss0_degmodglobal,24,0.6198099851608276,0.6516550779342651,0.45,0.7071629759129759,0.46153846153846156,0.0,0.6283726245164871,0.6027312874794006,0.04407191462814808,0.12121404707431793,0.0,0.0,0.0,0.0,0.0,18473,global,0.0
3,2,lr1e-05_bs16_drop0p2_temp2p0_a0p25_b0p05__wd1e-04trmiss0_degmodglobal,16,1e-05,0.0001,0.2,2.0,0.25,0.05,lr1e-05_bs16_drop0p2_temp2p0_a0p25_b0p05__wd1e-04trmiss0_degmodglobal,25,0.6481320410966873,0.6524254083633423,0.45,0.7071629759129759,0.46153846153846156,0.0,0.6126275062561035,0.6307629197835922,0.04620537720620632,0.11635490134358406,0.0,0.0,0.0,0.0,0.0,18473,global,0.0
3,2,lr1e-05_bs16_drop0p2_temp2p0_a0p25_b0p05__wd1e-04trmiss0_degmodglobal,16,1e-05,0.0001,0.2,2.0,0.25,0.05,lr1e-05_bs16_drop0p2_temp2p0_a0p25_b0p05__wd1e-04trmiss0_degmodglobal,26,0.6247316747903824,0.6527847647666931,0.45,0.7071629759129759,0.46153846153846156,0.0,0.6209156364202499,0.6060337424278259,0.04705373756587505,0.13869009166955948,0.0,0.0,0.0,0.0,0.0,18473,global,0.0
3,2,lr1e-05_bs16_drop0p2_temp2p0_a0p25_b0p05__wd1e-04trmiss0_degmodglobal,16,1e-05,0.0001,0.2,2.0,0.25,0.05,lr1e-05_bs16_drop0p2_temp2p0_a0p25_b0p05__wd1e-04trmiss0_degmodglobal,27,0.6269702911376953,0.652904212474823,0.45,0.7071629759129759,0.46153846153846156,0.0,0.6067951619625092,0.6093208491802216,0.04851958900690079,0.11039109155535698,0.0,0.0,0.0,0.0,0.0,18473,global,0.0
3,2,lr1e-05_bs16_drop0p4_temp1p0_a0p25_b0p05__wd1e-04trmiss0_degmodglobal,16,1e-05,0.0001,0.4,1.0,0.25,0.05,lr1e-05_bs16_drop0p4_temp1p0_a0p25_b0p05__wd1e-04trmiss0_degmodglobal,1,0.72769595682621,0.7256852984428406,0.32499999999999996,0.6044844044844044,0.3076923076923077,0.0,0.7289566546678543,0.6897474378347397,0.10225847363471985,0.24767815694212914,0.0,0.0,0.0,0.0,0.0,18473,global,0.0
3,2,lr1e-05_bs16_drop0p4_temp1p0_a0p25_b0p05__wd1e-04trmiss0_degmodglobal,16,1e-05,0.0001,0.4,1.0,0.25,0.05,lr1e-05_bs16_drop0p4_temp1p0_a0p25_b0p05__wd1e-04trmiss0_degmodglobal,2,0.7268374860286713,0.7272893786430359,0.32499999999999996,0.6044844044844044,0.3076923076923077,0.0,0.7052652835845947,0.7008571922779083,0.07149206381291151,0.16214559227228165,0.0,0.0,0.0,0.0,0.0,18473,global,0.0
3,2,lr1e-05_bs16_drop0p4_temp1p0_a0p25_b0p05__wd1e-04trmiss0_degmodglobal,16,1e-05,0.0001,0.4,1.0,0.25,0.05,lr1e-05_bs16_drop0p4_temp1p0_a0p25_b0p05__wd1e-04trmiss0_degmodglobal,3,0.6671239733695984,0.7263357639312744,0.32499999999999996,0.6044844044844044,0.3076923076923077,0.0,0.6862178146839142,0.6350478529930115,0.08886978775262833,0.1971728578209877,0.0,0.0,0.0,0.0,0.0,18473,global,0.0
3,2,lr1e-05_bs16_drop0p4_temp1p0_a0p25_b0p05__wd1e-04trmiss0_degmodglobal,16,1e-05,0.0001,0.4,1.0,0.25,0.05,lr1e-05_bs16_drop0p4_temp1p0_a0p25_b0p05__wd1e-04trmiss0_degmodglobal,4,0.7112462371587753,0.7337883114814758,0.32499999999999996,0.6044844044844044,0.3076923076923077,0.0,0.679009348154068,0.6790204495191574,0.08465659990906715,0.22123297676444054,0.0,0.0,0.0,0.0,0.0,18473,global,0.0
3,2,lr1e-05_bs16_drop0p4_temp1p0_a0p25_b0p05__wd1e-04trmiss0_degmodglobal,16,1e-05,0.0001,0.4,1.0,0.25,0.05,lr1e-05_bs16_drop0p4_temp1p0_a0p25_b0p05__wd1e-04trmiss0_degmodglobal,5,0.7261216640472412,0.7485228776931763,0.32499999999999996,0.6044844044844044,0.3076923076923077,0.0,0.6561539322137833,0.6936104148626328,0.09228603355586529,0.18879453465342522,0.0,0.0,0.0,0.0,0.0,18473,global,0.0
3,2,lr1e-05_bs16_drop0p4_temp1p0_a0p25_b0p05__wd1e-04trmiss0_degmodglobal,16,1e-05,0.0001,0.4,1.0,0.25,0.05,lr1e-05_bs16_drop0p4_temp1p0_a0p25_b0p05__wd1e-04trmiss0_degmodglobal,6,0.7216348499059677,0.7564672827720642,0.32499999999999996,0.6044844044844044,0.3076923076923077,0.0,0.6807718425989151,0.6896873712539673,0.08896981924772263,0.19410041347146034,0.0,0.0,0.0,0.0,0.0,18473,global,0.0
3,2,lr1e-05_bs16_drop0p4_temp1p0_a0p25_b0p05__wd1e-04trmiss0_degmodglobal,16,1e-05,0.0001,0.4,1.0,0.25,0.05,lr1e-05_bs16_drop0p4_temp1p0_a0p25_b0p05__wd1e-04trmiss0_degmodglobal,7,0.7213301509618759,0.763340175151825,0.35,0.6253177378177378,0.3076923076923077,0.0,0.690472200512886,0.6891489624977112,0.08425223641097546,0.22236264124512672,0.0,0.0,0.0,0.0,0.0,18473,global,0.0
3,2,lr1e-05_bs16_drop0p4_temp1p0_a0p25_b0p05__wd1e-04trmiss0_degmodglobal,16,1e-05,0.0001,0.4,1.0,0.25,0.05,lr1e-05_bs16_drop0p4_temp1p0_a0p25_b0p05__wd1e-04trmiss0_degmodglobal,8,0.6962710320949554,0.7530760169029236,0.375,0.6342463092463093,0.3076923076923077,0.0,0.6850891262292862,0.6637447029352188,0.08905504271388054,0.20525100827217102,0.0,0.0,0.0,0.0,0.0,18473,global,0.0
3,2,lr1e-05_bs16_drop0p4_temp1p0_a0p25_b0p05__wd1e-04trmiss0_degmodglobal,16,1e-05,0.0001,0.4,1.0,0.25,0.05,lr1e-05_bs16_drop0p4_temp1p0_a0p25_b0p05__wd1e-04trmiss0_degmodglobal,9,0.6797265857458115,0.7418825030326843,0.375,0.6342463092463093,0.3076923076923077,0.0,0.6834200322628021,0.6403068602085114,0.10336194187402725,0.2715849205851555,0.0,0.0,0.0,0.0,0.0,18473,global,0.0
3,2,lr1e-05_bs16_drop0p4_temp1p0_a0p25_b0p05__wd1e-04trmiss0_degmodglobal,16,1e-05,0.0001,0.4,1.0,0.25,0.05,lr1e-05_bs16_drop0p4_temp1p0_a0p25_b0p05__wd1e-04trmiss0_degmodglobal,10,0.699073851108551,0.7440800666809082,0.375,0.6342463092463093,0.3076923076923077,0.0,0.6739508509635925,0.6629907637834549,0.09825685061514378,0.2303779860958457,0.0,0.0,0.0,0.0,0.0,18473,global,0.0
3,2,lr1e-05_bs16_drop0p4_temp1p0_a0p25_b0p05__wd1e-04trmiss0_degmodglobal,16,1e-05,0.0001,0.4,1.0,0.25,0.05,lr1e-05_bs16_drop0p4_temp1p0_a0p25_b0p05__wd1e-04trmiss0_degmodglobal,11,0.695846900343895,0.7430660724639893,0.375,0.6342463092463093,0.3076923076923077,0.0,0.6902170032262802,0.6650533974170685,0.08797621913254261,0.17598883993923664,0.0,0.0,0.0,0.0,0.0,18473,global,0.0
3,2,lr1e-05_bs16_drop0p4_temp1p0_a0p25_b0p05__wd1e-04trmiss0_degmodglobal,16,1e-05,0.0001,0.4,1.0,0.25,0.05,lr1e-05_bs16_drop0p4_temp1p0_a0p25_b0p05__wd1e-04trmiss0_degmodglobal,12,0.7172750979661942,0.7559963464736938,0.375,0.6342463092463093,0.3076923076923077,0.0,0.6859077364206314,0.6894042491912842,0.07692869566380978,0.17277341708540916,0.0,0.0,0.0,0.0,0.0,18473,global,0.0
3,2,lr1e-05_bs16_drop0p4_temp1p0_a0p25_b0p05__wd1e-04trmiss0_degmodglobal,16,1e-05,0.0001,0.4,1.0,0.25,0.05,lr1e-05_bs16_drop0p4_temp1p0_a0p25_b0p05__wd1e-04trmiss0_degmodglobal,13,0.7049351930618286,0.7515671253204346,0.375,0.6342463092463093,0.3076923076923077,0.0,0.6663257777690887,0.6732992380857468,0.08527127932757139,0.20636285468935966,0.0,0.0,0.0,0.0,0.0,18473,global,0.0
3,2,lr1e-05_bs16_drop0p4_temp1p0_a0p25_b0p05__wd1e-04trmiss0_degmodglobal,16,1e-05,0.0001,0.4,1.0,0.25,0.05,lr1e-05_bs16_drop0p4_temp1p0_a0p25_b0p05__wd1e-04trmiss0_degmodglobal,14,0.7296847105026245,0.7424726486206055,0.375,0.6342463092463093,0.3076923076923077,0.0,0.6574403643608093,0.6894945949316025,0.10833522491157055,0.26212630420923233,0.0,0.0,0.0,0.0,0.0,18473,global,0.0
3,2,lr1e-05_bs16_drop0p4_temp1p0_a0p25_b0p05__wd1e-04trmiss0_degmodglobal,16,1e-05,0.0001,0.4,1.0,0.25,0.05,lr1e-05_bs16_drop0p4_temp1p0_a0p25_b0p05__wd1e-04trmiss0_degmodglobal,15,0.7017575651407242,0.7362437844276428,0.4,0.6431748806748807,0.3076923076923077,0.0,0.6643168926239014,0.6686657816171646,0.0896233981475234,0.21371866762638092,0.0,0.0,0.0,0.0,0.0,18473,global,0.0
3,2,lr1e-05_bs16_drop0p4_temp1p0_a0p25_b0p05__wd1e-04trmiss0_degmodglobal,16,1e-05,0.0001,0.4,1.0,0.25,0.05,lr1e-05_bs16_drop0p4_temp1p0_a0p25_b0p05__wd1e-04trmiss0_degmodglobal,16,0.7084722816944122,0.7318746447563171,0.4,0.6431748806748807,0.3076923076923077,0.0,0.6499513983726501,0.6690224558115005,0.10212108492851257,0.2783913053572178,0.0,0.0,0.0,0.0,0.0,18473,global,0.0
3,2,lr1e-05_bs16_drop0p4_temp1p0_a0p25_b0p05__wd1e-04trmiss0_degmodglobal,16,1e-05,0.0001,0.4,1.0,0.25,0.05,lr1e-05_bs16_drop0p4_temp1p0_a0p25_b0p05__wd1e-04trmiss0_degmodglobal,17,0.7068245261907578,0.7268180251121521,0.42500000000000004,0.6518554362304363,0.3076923076923077,0.0,0.6832377016544342,0.6652334183454514,0.10427317209541798,0.3104565776884556,0.0,0.0,0.0,0.0,0.0,18473,global,0.0
3,2,lr1e-05_bs16_drop0p4_temp1p0_a0p25_b0p05__wd1e-04trmiss0_degmodglobal,16,1e-05,0.0001,0.4,1.0,0.25,0.05,lr1e-05_bs16_drop0p4_temp1p0_a0p25_b0p05__wd1e-04trmiss0_degmodglobal,18,0.6867050230503082,0.7282020449638367,0.375,0.6342463092463093,0.3076923076923077,0.0,0.6389046460390091,0.6465765535831451,0.11251421086490154,0.23999841697514057,0.0,0.0,0.0,0.0,0.0,18473,global,0.0
3,2,lr1e-05_bs16_drop0p4_temp1p0_a0p25_b0p05__wd1e-04trmiss0_degmodglobal,16,1e-05,0.0001,0.4,1.0,0.25,0.05,lr1e-05_bs16_drop0p4_temp1p0_a0p25_b0p05__wd1e-04trmiss0_degmodglobal,19,0.6628870069980621,0.7432560920715332,0.4,0.6431748806748807,0.3076923076923077,0.0,0.677147313952446,0.6204603016376495,0.10749144852161407,0.31107721105217934,0.0,0.0,0.0,0.0,0.0,18473,global,0.0
3,2,lr1e-05_bs16_drop0p4_temp1p0_a0p25_b0p05__wd1e-04trmiss0_degmodglobal,16,1e-05,0.0001,0.4,1.0,0.25,0.05,lr1e-05_bs16_drop0p4_temp1p0_a0p25_b0p05__wd1e-04trmiss0_degmodglobal,20,0.6697146147489548,0.7486763000488281,0.4,0.6431748806748807,0.3076923076923077,0.0,0.6268404871225357,0.6358885318040848,0.0950247049331665,0.2013985961675644,0.0,0.0,0.0,0.0,0.0,18473,global,0.0
3,2,lr1e-05_bs16_drop0p4_temp1p0_a0p25_b0p05__wd1e-04trmiss0_degmodglobal,16,1e-05,0.0001,0.4,1.0,0.25,0.05,lr1e-05_bs16_drop0p4_temp1p0_a0p25_b0p05__wd1e-04trmiss0_degmodglobal,21,0.70403653383255,0.7749031782150269,0.375,0.6342463092463093,0.3076923076923077,0.0,0.6657061576843262,0.6611640453338623,0.11334857530891895,0.2907068729400635,0.0,0.0,0.0,0.0,0.0,18473,global,0.0
3,2,lr1e-05_bs16_drop0p4_temp1p0_a0p25_b0p05__wd1e-04trmiss0_degmodglobal,16,1e-05,0.0001,0.4,1.0,0.25,0.05,lr1e-05_bs16_drop0p4_temp1p0_a0p25_b0p05__wd1e-04trmiss0_degmodglobal,22,0.7067846804857254,0.7670001983642578,0.375,0.6342463092463093,0.3076923076923077,0.0,0.6152454614639282,0.6661606580018997,0.10808333568274975,0.2720639407634735,0.0,0.0,0.0,0.0,0.0,18473,global,0.0
3,2,lr1e-05_bs16_drop0p4_temp1p0_a0p25_b0p05__wd1e-04trmiss0_degmodglobal,16,1e-05,0.0001,0.4,1.0,0.25,0.05,lr1e-05_bs16_drop0p4_temp1p0_a0p25_b0p05__wd1e-04trmiss0_degmodglobal,23,0.6914791464805603,0.7501471042633057,0.35,0.6253177378177378,0.3076923076923077,0.0,0.6427296996116638,0.6514829397201538,0.10443159192800522,0.2777662090957165,0.0,0.0,0.0,0.0,0.0,18473,global,0.0
3,2,lr1e-05_bs16_drop0p4_temp1p0_a0p25_b0p05__wd1e-04trmiss0_degmodglobal,16,1e-05,0.0001,0.4,1.0,0.25,0.05,lr1e-05_bs16_drop0p4_temp1p0_a0p25_b0p05__wd1e-04trmiss0_degmodglobal,24,0.6841607391834259,0.7377824187278748,0.35,0.6253177378177378,0.3076923076923077,0.0,0.653572142124176,0.6462524831295013,0.104778241366148,0.23427407816052437,0.0,0.0,0.0,0.0,0.0,18473,global,0.0
3,2,lr1e-05_bs16_drop0p4_temp1p0_a0p25_b0p05__wd1e-04trmiss0_degmodglobal,16,1e-05,0.0001,0.4,1.0,0.25,0.05,lr1e-05_bs16_drop0p4_temp1p0_a0p25_b0p05__wd1e-04trmiss0_degmodglobal,25,0.6934520900249481,0.7556249499320984,0.35,0.6253177378177378,0.3076923076923077,0.0,0.6492934376001358,0.6620324850082397,0.08852521143853664,0.18576597049832344,0.0,0.0,0.0,0.0,0.0,18473,global,0.0
3,2,lr1e-05_bs16_drop0p4_temp1p0_a0p25_b0p05__wd1e-04trmiss0_degmodglobal,16,1e-05,0.0001,0.4,1.0,0.25,0.05,lr1e-05_bs16_drop0p4_temp1p0_a0p25_b0p05__wd1e-04trmiss0_degmodglobal,26,0.7049364596605301,0.7504196166992188,0.35,0.6253177378177378,0.3076923076923077,0.0,0.6180815100669861,0.6749023497104645,0.08018415234982967,0.19976176507771015,0.0,0.0,0.0,0.0,0.0,18473,global,0.0
3,2,lr1e-05_bs16_drop0p4_temp1p0_a0p25_b0p05__wd1e-04trmiss0_degmodglobal,16,1e-05,0.0001,0.4,1.0,0.25,0.05,lr1e-05_bs16_drop0p4_temp1p0_a0p25_b0p05__wd1e-04trmiss0_degmodglobal,27,0.6933082193136215,0.7419314384460449,0.35,0.6253177378177378,0.3076923076923077,0.0,0.6337568461894989,0.6567467600107193,0.09591523930430412,0.2516533173620701,0.0,0.0,0.0,0.0,0.0,18473,global,0.0
3,2,lr1e-05_bs16_drop0p4_temp1p0_a0p25_b0p05__wd1e-04trmiss0_degmodglobal,16,1e-05,0.0001,0.4,1.0,0.25,0.05,lr1e-05_bs16_drop0p4_temp1p0_a0p25_b0p05__wd1e-04trmiss0_degmodglobal,28,0.6858851909637451,0.7337045669555664,0.35,0.6253177378177378,0.3076923076923077,0.0,0.5919970571994781,0.6488900631666183,0.09901141561567783,0.24484563991427422,0.0,0.0,0.0,0.0,0.0,18473,global,0.0
3,2,lr1e-05_bs16_drop0p4_temp1p0_a0p25_b0p05__wd1e-04trmiss0_degmodglobal,16,1e-05,0.0001,0.4,1.0,0.25,0.05,lr1e-05_bs16_drop0p4_temp1p0_a0p25_b0p05__wd1e-04trmiss0_degmodglobal,29,0.6800465434789658,0.7361369729042053,0.375,0.6342463092463093,0.3076923076923077,0.0,0.5955903679132462,0.6338975727558136,0.12440185621380806,0.3009699210524559,0.0,0.0,0.0,0.0,0.0,18473,global,0.0
3,2,lr1e-05_bs16_drop0p4_temp1p0_a0p25_b0p05__wd1e-04trmiss0_degmodglobal,16,1e-05,0.0001,0.4,1.0,0.25,0.05,lr1e-05_bs16_drop0p4_temp1p0_a0p25_b0p05__wd1e-04trmiss0_degmodglobal,30,0.6896205693483353,0.7621830105781555,0.375,0.6342463092463093,0.3076923076923077,0.0,0.6254697889089584,0.6571257263422012,0.09510886110365391,0.17435220442712307,0.0,0.0,0.0,0.0,0.0,18473,global,0.0
3,2,lr1e-05_bs16_drop0p4_temp1p0_a0p25_b0p05__wd1e-04trmiss0_degmodglobal,16,1e-05,0.0001,0.4,1.0,0.25,0.05,lr1e-05_bs16_drop0p4_temp1p0_a0p25_b0p05__wd1e-04trmiss0_degmodglobal,31,0.6983696222305298,0.7599296569824219,0.375,0.6342463092463093,0.3076923076923077,0.0,0.6508939862251282,0.6588848233222961,0.11339451558887959,0.22272340953350067,0.0,0.0,0.0,0.0,0.0,18473,global,0.0
3,2,lr1e-05_bs16_drop0p4_temp1p0_a0p25_b0p05__wd1e-04trmiss0_degmodglobal,16,1e-05,0.0001,0.4,1.0,0.25,0.05,lr1e-05_bs16_drop0p4_temp1p0_a0p25_b0p05__wd1e-04trmiss0_degmodglobal,32,0.6664868295192719,0.7707359194755554,0.375,0.6342463092463093,0.3076923076923077,0.0,0.602339118719101,0.6193407028913498,0.12090658769011497,0.3383895419538021,0.0,0.0,0.0,0.0,0.0,18473,global,0.0
3,2,lr1e-05_bs16_drop0p4_temp1p0_a0p25_b0p05__wd1e-04trmiss0_degmodglobal,16,1e-05,0.0001,0.4,1.0,0.25,0.05,lr1e-05_bs16_drop0p4_temp1p0_a0p25_b0p05__wd1e-04trmiss0_degmodglobal,33,0.6785633116960526,0.7722424864768982,0.35,0.6134129759129759,0.3076923076923077,0.0,0.6220021098852158,0.6386875957250595,0.10321132093667984,0.2814579475671053,0.0,0.0,0.0,0.0,0.0,18473,global,0.0
3,2,lr1e-05_bs16_drop0p4_temp1p0_a0p25_b0p05__wd1e-04trmiss0_degmodglobal,16,1e-05,0.0001,0.4,1.0,0.25,0.05,lr1e-05_bs16_drop0p4_temp1p0_a0p25_b0p05__wd1e-04trmiss0_degmodglobal,34,0.7191690355539322,0.7606005072593689,0.32499999999999996,0.6044844044844044,0.3076923076923077,0.0,0.6056533604860306,0.6827569901943207,0.1009146086871624,0.2236683964729309,0.0,0.0,0.0,0.0,0.0,18473,global,0.0
3,2,lr1e-05_bs16_drop0p4_temp1p0_a0p25_b0p05__wd1e-04trmiss0_degmodglobal,16,1e-05,0.0001,0.4,1.0,0.25,0.05,lr1e-05_bs16_drop0p4_temp1p0_a0p25_b0p05__wd1e-04trmiss0_degmodglobal,35,0.7197607606649399,0.7497276663780212,0.32499999999999996,0.6044844044844044,0.3076923076923077,0.0,0.602264791727066,0.6796148717403412,0.11357253789901733,0.23505516722798347,0.0,0.0,0.0,0.0,0.0,18473,global,0.0
3,2,lr1e-05_bs16_drop0p4_temp1p0_a0p25_b0p05__wd1e-04trmiss0_degmodglobal,16,1e-05,0.0001,0.4,1.0,0.25,0.05,lr1e-05_bs16_drop0p4_temp1p0_a0p25_b0p05__wd1e-04trmiss0_degmodglobal,36,0.6893386393785477,0.7348042726516724,0.35,0.6253177378177378,0.3076923076923077,0.0,0.6365682780742645,0.6447629779577255,0.12082101590931416,0.2874082252383232,0.0,0.0,0.0,0.0,0.0,18473,global,0.0
3,2,lr1e-05_bs16_drop0p4_temp1p0_a0p25_b0p05__wd1e-04trmiss0_degmodglobal,16,1e-05,0.0001,0.4,1.0,0.25,0.05,lr1e-05_bs16_drop0p4_temp1p0_a0p25_b0p05__wd1e-04trmiss0_degmodglobal,37,0.7254320085048676,0.7398483157157898,0.35,0.6134129759129759,0.3076923076923077,0.0,0.6220126450061798,0.6832014173269272,0.11215271800756454,0.28384794667363167,0.0,0.0,0.0,0.0,0.0,18473,global,0.0
3,2,lr1e-05_bs16_drop0p4_temp2p0_a0p25_b0p05__wd1e-04trmiss0_degmodglobal,16,1e-05,0.0001,0.4,2.0,0.25,0.05,lr1e-05_bs16_drop0p4_temp2p0_a0p25_b0p05__wd1e-04trmiss0_degmodglobal,1,0.70132976770401,0.7969970107078552,0.525,0.7612980769230769,0.6153846153846154,0.0,0.6887611448764801,0.6830114275217056,0.04914654977619648,0.12063384614884853,0.0,0.0,0.0,0.0,0.0,18473,global,0.0
3,2,lr1e-05_bs16_drop0p4_temp2p0_a0p25_b0p05__wd1e-04trmiss0_degmodglobal,16,1e-05,0.0001,0.4,2.0,0.25,0.05,lr1e-05_bs16_drop0p4_temp2p0_a0p25_b0p05__wd1e-04trmiss0_degmodglobal,2,0.7081516534090042,0.8202335834503174,0.525,0.7612980769230769,0.6153846153846154,0.0,0.7026534229516983,0.6947032660245895,0.03408002108335495,0.09856794588267803,0.0,0.0,0.0,0.0,0.0,18473,global,0.0
3,2,lr1e-05_bs16_drop0p4_temp2p0_a0p25_b0p05__wd1e-04trmiss0_degmodglobal,16,1e-05,0.0001,0.4,2.0,0.25,0.05,lr1e-05_bs16_drop0p4_temp2p0_a0p25_b0p05__wd1e-04trmiss0_degmodglobal,3,0.6847014725208282,0.8495009541511536,0.575,0.7971882284382285,0.6153846153846154,0.0,0.672462984919548,0.6636826992034912,0.04549386724829674,0.19290629774332047,0.0,0.0,0.0,0.0,0.0,18473,global,0.0
3,2,lr1e-05_bs16_drop0p4_temp2p0_a0p25_b0p05__wd1e-04trmiss0_degmodglobal,16,1e-05,0.0001,0.4,2.0,0.25,0.05,lr1e-05_bs16_drop0p4_temp2p0_a0p25_b0p05__wd1e-04trmiss0_degmodglobal,4,0.6708454340696335,0.86905437707901,0.55,0.7659382284382285,0.46153846153846156,0.0,0.6570910066366196,0.6553117334842682,0.03850168362259865,0.11816525738686323,0.0,0.0,0.0,0.0,0.0,18473,global,0.0
3,2,lr1e-05_bs16_drop0p4_temp2p0_a0p25_b0p05__wd1e-04trmiss0_degmodglobal,16,1e-05,0.0001,0.4,2.0,0.25,0.05,lr1e-05_bs16_drop0p4_temp2p0_a0p25_b0p05__wd1e-04trmiss0_degmodglobal,5,0.7286068797111511,0.8925362825393677,0.45,0.6739739427239427,0.46153846153846156,0.0,0.6736697405576706,0.713169276714325,0.03831170778721571,0.11719365231692791,0.0,0.0,0.0,0.0,0.0,18473,global,0.0
3,2,lr1e-05_bs16_drop0p4_temp2p0_a0p25_b0p05__wd1e-04trmiss0_degmodglobal,16,1e-05,0.0001,0.4,2.0,0.25,0.05,lr1e-05_bs16_drop0p4_temp2p0_a0p25_b0p05__wd1e-04trmiss0_degmodglobal,6,0.7319306880235672,0.9103510975837708,0.475,0.6927239427239428,0.46153846153846156,0.0,0.6427193731069565,0.7107909768819809,0.05128849484026432,0.16635209321975708,0.0,0.0,0.0,0.0,0.0,18473,global,0.0
3,2,lr1e-05_bs16_drop0p4_temp2p0_a0p25_b0p05__wd1e-04trmiss0_degmodglobal,16,1e-05,0.0001,0.4,2.0,0.25,0.05,lr1e-05_bs16_drop0p4_temp2p0_a0p25_b0p05__wd1e-04trmiss0_degmodglobal,7,0.6752321571111679,0.9260821342468262,0.425,0.6531406093906094,0.46153846153846156,0.0,0.6627568900585175,0.6576981097459793,0.04227678291499615,0.139297254383564,0.0,0.0,0.0,0.0,0.0,18473,global,0.0
3,2,lr1e-05_bs16_drop0p4_temp2p0_a0p25_b0p05__wd1e-04trmiss0_degmodglobal,16,1e-05,0.0001,0.4,2.0,0.25,0.05,lr1e-05_bs16_drop0p4_temp2p0_a0p25_b0p05__wd1e-04trmiss0_degmodglobal,8,0.7042311429977417,0.9602481126785278,0.4,0.5906406093906094,0.3076923076923077,0.0,0.6699270009994507,0.6805610060691833,0.05837820563465357,0.18151164706796408,0.0,0.0,0.0,0.0,0.0,18473,global,0.0
3,2,lr1e-05_bs16_drop0p4_temp2p0_a0p25_b0p05__wd1e-04trmiss0_degmodglobal,16,1e-05,0.0001,0.4,2.0,0.25,0.05,lr1e-05_bs16_drop0p4_temp2p0_a0p25_b0p05__wd1e-04trmiss0_degmodglobal,9,0.6731719374656677,0.9693589806556702,0.4,0.5906406093906094,0.3076923076923077,0.0,0.650539219379425,0.6558750569820404,0.0463866526260972,0.11400437168776989,0.0,0.0,0.0,0.0,0.0,18473,global,0.0
3,2,lr1e-05_bs16_drop0p4_temp2p0_a0p25_b0p05__wd1e-04trmiss0_degmodglobal,16,1e-05,0.0001,0.4,2.0,0.25,0.05,lr1e-05_bs16_drop0p4_temp2p0_a0p25_b0p05__wd1e-04trmiss0_degmodglobal,10,0.6947021335363388,0.9435636401176453,0.4,0.5906406093906094,0.3076923076923077,0.0,0.6667736023664474,0.673218846321106,0.052887942641973495,0.16522574424743652,0.0,0.0,0.0,0.0,0.0,18473,global,0.0
3,2,lr1e-05_bs16_drop0p4_temp2p0_a0p25_b0p05__wd1e-04trmiss0_degmodglobal,16,1e-05,0.0001,0.4,2.0,0.25,0.05,lr1e-05_bs16_drop0p4_temp2p0_a0p25_b0p05__wd1e-04trmiss0_degmodglobal,11,0.6755662113428116,0.9777788519859314,0.4,0.5906406093906094,0.3076923076923077,0.0,0.6553605943918228,0.6567158848047256,0.045728989876806736,0.14836119301617146,0.0,0.0,0.0,0.0,0.0,18473,global,0.0
3,2,lr1e-05_bs16_drop0p4_temp2p0_a0p25_b0p05__wd1e-04trmiss0_degmodglobal,16,1e-05,0.0001,0.4,2.0,0.25,0.05,lr1e-05_bs16_drop0p4_temp2p0_a0p25_b0p05__wd1e-04trmiss0_degmodglobal,12,0.7081025838851929,1.0122312307357788,0.4,0.5906406093906094,0.3076923076923077,0.0,0.6444117426872253,0.687210202217102,0.05263380613178015,0.1546786855906248,0.0,0.0,0.0,0.0,0.0,18473,global,0.0
3,2,lr1e-05_bs16_drop0p4_temp2p0_a0p25_b0p05__wd1e-04trmiss0_degmodglobal,16,1e-05,0.0001,0.4,2.0,0.25,0.05,lr1e-05_bs16_drop0p4_temp2p0_a0p25_b0p05__wd1e-04trmiss0_degmodglobal,13,0.6610280722379684,1.0200316905975342,0.4,0.5906406093906094,0.3076923076923077,0.0,0.6463040858507156,0.6464123129844666,0.03799442667514086,0.10234329383820295,0.0,0.0,0.0,0.0,0.0,18473,global,0.0
3,2,lr1e-05_bs16_drop0p4_temp2p0_a0p25_b0p05__wd1e-04trmiss0_degmodglobal,16,1e-05,0.0001,0.4,2.0,0.25,0.05,lr1e-05_bs16_drop0p4_temp2p0_a0p25_b0p05__wd1e-04trmiss0_degmodglobal,14,0.7028695940971375,1.0282151699066162,0.4,0.5906406093906094,0.3076923076923077,0.0,0.651353508234024,0.6849761754274368,0.044017549604177475,0.13778063096106052,0.0,0.0,0.0,0.0,0.0,18473,global,0.0
3,2,lr1e-05_bs16_drop0p4_temp2p0_a0p25_b0p05__wd1e-04trmiss0_degmodglobal,16,1e-05,0.0001,0.4,2.0,0.25,0.05,lr1e-05_bs16_drop0p4_temp2p0_a0p25_b0p05__wd1e-04trmiss0_degmodglobal,15,0.6572137922048569,1.0275341272354126,0.375,0.569807276057276,0.3076923076923077,0.0,0.6379968374967575,0.6456316262483597,0.03244984964840114,0.06939391000196338,0.0,0.0,0.0,0.0,0.0,18473,global,0.0
3,2,lr1e-05_bs16_drop0p4_temp2p0_a0p25_b0p05__wd1e-04trmiss0_degmodglobal,16,1e-05,0.0001,0.4,2.0,0.25,0.05,lr1e-05_bs16_drop0p4_temp2p0_a0p25_b0p05__wd1e-04trmiss0_degmodglobal,16,0.6734993010759354,1.0265917778015137,0.375,0.569807276057276,0.3076923076923077,0.0,0.6679431945085526,0.6559063345193863,0.04405138175934553,0.13160239905118942,0.0,0.0,0.0,0.0,0.0,18473,global,0.0
3,2,lr1e-05_bs16_drop0p4_temp2p0_a0p25_b0p05__wd1e-04trmiss0_degmodglobal,16,1e-05,0.0001,0.4,2.0,0.25,0.05,lr1e-05_bs16_drop0p4_temp2p0_a0p25_b0p05__wd1e-04trmiss0_degmodglobal,17,0.68172287940979,1.0222184658050537,0.375,0.569807276057276,0.3076923076923077,0.0,0.6592171490192413,0.666009709239006,0.04513970110565424,0.08856481593102217,0.0,0.0,0.0,0.0,0.0,18473,global,0.0
3,2,lr1e-05_bs16_drop0p4_temp2p0_a0p25_b0p05__wd1e-04trmiss0_degmodglobal,16,1e-05,0.0001,0.4,2.0,0.25,0.05,lr1e-05_bs16_drop0p4_temp2p0_a0p25_b0p05__wd1e-04trmiss0_degmodglobal,18,0.6932376772165298,1.0065441131591797,0.375,0.569807276057276,0.3076923076923077,0.0,0.6418937593698502,0.6787538826465607,0.03461379464715719,0.11660709232091904,0.0,0.0,0.0,0.0,0.0,18473,global,0.0
3,2,lr1e-05_bs16_drop0p4_temp2p0_a0p25_b0p05__wd1e-04trmiss0_degmodglobal,16,1e-05,0.0001,0.4,2.0,0.25,0.05,lr1e-05_bs16_drop0p4_temp2p0_a0p25_b0p05__wd1e-04trmiss0_degmodglobal,19,0.6924825459718704,1.013816475868225,0.375,0.569807276057276,0.3076923076923077,0.0,0.6357907801866531,0.6751573979854584,0.04290108010172844,0.13199756480753422,0.0,0.0,0.0,0.0,0.0,18473,global,0.0
3,2,lr1e-05_bs16_drop0p4_temp2p0_a0p25_b0p05__wd1e-04trmiss0_degmodglobal,16,1e-05,0.0001,0.4,2.0,0.25,0.05,lr1e-05_bs16_drop0p4_temp2p0_a0p25_b0p05__wd1e-04trmiss0_degmodglobal,20,0.6854168623685837,0.9761365652084351,0.35,0.5586465617715618,0.3076923076923077,0.0,0.6352650821208954,0.6687962114810944,0.040682592429220676,0.12899999506771564,0.0,0.0,0.0,0.0,0.0,18473,global,0.0
3,2,lr1e-05_bs16_drop0p4_temp2p0_a0p25_b0p05__wd1e-04trmiss0_degmodglobal,16,1e-05,0.0001,0.4,2.0,0.25,0.05,lr1e-05_bs16_drop0p4_temp2p0_a0p25_b0p05__wd1e-04trmiss0_degmodglobal,21,0.67085762321949,0.9780303239822388,0.35,0.5586465617715618,0.23076923076923078,0.0,0.6509082019329071,0.6566561758518219,0.036206407472491264,0.10299673490226269,0.0,0.0,0.0,0.0,0.0,18473,global,0.0
3,2,lr1e-05_bs16_drop0p4_temp2p0_a0p25_b0p05__wd1e-04trmiss0_degmodglobal,16,1e-05,0.0001,0.4,2.0,0.25,0.05,lr1e-05_bs16_drop0p4_temp2p0_a0p25_b0p05__wd1e-04trmiss0_degmodglobal,22,0.7067093700170517,0.9858205914497375,0.375,0.569807276057276,0.23076923076923078,0.0,0.6811062097549438,0.6864656656980515,0.045456486754119396,0.17759145610034466,0.0,0.0,0.0,0.0,0.0,18473,global,0.0
3,2,lr1e-05_bs16_drop0p4_temp2p0_a0p25_b0p05__wd1e-04trmiss0_degmodglobal,16,1e-05,0.0001,0.4,2.0,0.25,0.05,lr1e-05_bs16_drop0p4_temp2p0_a0p25_b0p05__wd1e-04trmiss0_degmodglobal,23,0.7029886841773987,0.9858332276344299,0.375,0.569807276057276,0.23076923076923078,0.0,0.6548059284687042,0.6848135590553284,0.043891594745218754,0.14404492266476154,0.0,0.0,0.0,0.0,0.0,18473,global,0.0
3,2,lr1e-05_bs16_drop0p4_temp2p0_a0p25_b0p05__wd1e-04trmiss0_degmodglobal,16,1e-05,0.0001,0.4,2.0,0.25,0.05,lr1e-05_bs16_drop0p4_temp2p0_a0p25_b0p05__wd1e-04trmiss0_degmodglobal,24,0.6785184442996979,0.9962397813796997,0.375,0.569807276057276,0.23076923076923078,0.0,0.6626933366060257,0.6631791293621063,0.03849205560982227,0.1143256425857544,0.0,0.0,0.0,0.0,0.0,18473,global,0.0
3,2,lr1e-05_bs16_drop0p4_temp2p0_a0p25_b0p05__wd1e-04trmiss0_degmodglobal,16,1e-05,0.0001,0.4,2.0,0.25,0.05,lr1e-05_bs16_drop0p4_temp2p0_a0p25_b0p05__wd1e-04trmiss0_degmodglobal,25,0.661890372633934,1.0134917497634888,0.375,0.569807276057276,0.3076923076923077,0.0,0.6416169255971909,0.6446763128042221,0.040321223670616746,0.14267523679882288,0.0,0.0,0.0,0.0,0.0,18473,global,0.0
3,2,lr1e-05_bs16_drop0p4_temp2p0_a0p25_b0p05__wd1e-04trmiss0_degmodglobal,16,1e-05,0.0001,0.4,2.0,0.25,0.05,lr1e-05_bs16_drop0p4_temp2p0_a0p25_b0p05__wd1e-04trmiss0_degmodglobal,26,0.6705436557531357,1.0220577716827393,0.375,0.569807276057276,0.23076923076923078,0.0,0.6054077297449112,0.654881089925766,0.03866453655064106,0.11992873065173626,0.0,0.0,0.0,0.0,0.0,18473,global,0.0
3,3,lr1e-04_bs8_drop0p2_temp1p0_a0p25_b0p05__wd1e-04trmiss0_degmodglobal,8,0.0001,0.0001,0.2,1.0,0.25,0.05,lr1e-04_bs8_drop0p2_temp1p0_a0p25_b0p05__wd1e-04trmiss0_degmodglobal,1,0.6979985066822597,0.7197500765323639,0.19444444444444442,0.5834326167659502,0.38461538461538464,0.0,0.7046810729163033,0.6771381497383118,0.059729813997234614,0.11855820992163249,0.0,0.0,0.0,0.0,0.0,18473,global,0.0
3,3,lr1e-04_bs8_drop0p2_temp1p0_a0p25_b0p05__wd1e-04trmiss0_degmodglobal,8,0.0001,0.0001,0.2,1.0,0.25,0.05,lr1e-04_bs8_drop0p2_temp1p0_a0p25_b0p05__wd1e-04trmiss0_degmodglobal,2,0.6453619173594883,0.7171280384063721,0.1388888888888889,0.5643849977183311,0.3076923076923077,0.0,0.6941413368497577,0.6296598740986415,0.04407404948558126,0.09367056669933456,0.0,0.0,0.0,0.0,0.0,18473,global,0.0
3,3,lr1e-04_bs8_drop0p2_temp1p0_a0p25_b0p05__wd1e-04trmiss0_degmodglobal,8,0.0001,0.0001,0.2,1.0,0.25,0.05,lr1e-04_bs8_drop0p2_temp1p0_a0p25_b0p05__wd1e-04trmiss0_degmodglobal,3,0.6440160359655108,0.7184655666351318,0.16666666666666666,0.6167659500992835,0.3076923076923077,0.0,0.6643428547041756,0.628835916519165,0.043186589277216365,0.0876692607998848,0.0,0.0,0.0,0.0,0.0,18473,global,0.0
3,3,lr1e-04_bs8_drop0p2_temp1p0_a0p25_b0p05__wd1e-04trmiss0_degmodglobal,8,0.0001,0.0001,0.2,1.0,0.25,0.05,lr1e-04_bs8_drop0p2_temp1p0_a0p25_b0p05__wd1e-04trmiss0_degmodglobal,4,0.6151456577437264,0.7176264524459839,0.19444444444444442,0.6247024580357914,0.3076923076923077,0.0,0.6451412950243268,0.600242521081652,0.04238333712731089,0.08614599129318126,0.0,0.0,0.0,0.0,0.0,18473,global,0.0
3,3,lr1e-04_bs8_drop0p2_temp1p0_a0p25_b0p05__wd1e-04trmiss0_degmodglobal,8,0.0001,0.0001,0.2,1.0,0.25,0.05,lr1e-04_bs8_drop0p2_temp1p0_a0p25_b0p05__wd1e-04trmiss0_degmodglobal,5,0.608005166053772,0.7188585698604584,0.19444444444444442,0.6247024580357914,0.38461538461538464,0.0,0.6419778977121625,0.593124909060342,0.044417991169861386,0.07551521275724683,0.0,0.0,0.0,0.0,0.0,18473,global,0.0
3,3,lr1e-04_bs8_drop0p2_temp1p0_a0p25_b0p05__wd1e-04trmiss0_degmodglobal,8,0.0001,0.0001,0.2,1.0,0.25,0.05,lr1e-04_bs8_drop0p2_temp1p0_a0p25_b0p05__wd1e-04trmiss0_degmodglobal,6,0.6238605294908796,0.7284034490585327,0.2777777777777778,0.613899988899989,0.3076923076923077,0.0,0.6423417585236686,0.6085993562425885,0.047864802713905065,0.0658994688918548,0.0,0.0,0.0,0.0,0.0,18473,global,0.0
3,3,lr1e-04_bs8_drop0p2_temp1p0_a0p25_b0p05__wd1e-04trmiss0_degmodglobal,8,0.0001,0.0001,0.2,1.0,0.25,0.05,lr1e-04_bs8_drop0p2_temp1p0_a0p25_b0p05__wd1e-04trmiss0_degmodglobal,7,0.6004958152770996,0.7319507300853729,0.3055555555555556,0.620970695970696,0.3076923076923077,0.0,0.6206631490162441,0.5821917397635323,0.05254939730678286,0.10333471904907908,0.0,0.0,0.0,0.0,0.0,18473,global,0.0
3,3,lr1e-04_bs8_drop0p2_temp1p0_a0p25_b0p05__wd1e-04trmiss0_degmodglobal,8,0.0001,0.0001,0.2,1.0,0.25,0.05,lr1e-04_bs8_drop0p2_temp1p0_a0p25_b0p05__wd1e-04trmiss0_degmodglobal,8,0.576803846018655,0.7353399693965912,0.25,0.5953814703814704,0.3076923076923077,0.0,0.6135808995791844,0.5597241776330131,0.0517691115715674,0.08274745515414647,0.0,0.0,0.0,0.0,0.0,18473,global,0.0
3,3,lr1e-04_bs8_drop0p2_temp1p0_a0p25_b0p05__wd1e-04trmiss0_degmodglobal,8,0.0001,0.0001,0.2,1.0,0.25,0.05,lr1e-04_bs8_drop0p2_temp1p0_a0p25_b0p05__wd1e-04trmiss0_degmodglobal,9,0.5929707884788513,0.7397615313529968,0.25,0.5953814703814704,0.38461538461538464,0.0,0.6298627768244062,0.5749151706695557,0.05046309583953449,0.10879676416516304,0.0,0.0,0.0,0.0,0.0,18473,global,0.0
3,3,lr1e-04_bs8_drop0p2_temp1p0_a0p25_b0p05__wd1e-04trmiss0_degmodglobal,8,0.0001,0.0001,0.2,1.0,0.25,0.05,lr1e-04_bs8_drop0p2_temp1p0_a0p25_b0p05__wd1e-04trmiss0_degmodglobal,10,0.5930656279836383,0.7378617227077484,0.2777777777777778,0.6064925814925815,0.38461538461538464,0.0,0.6157224093164716,0.5739124076707023,0.054459036993128915,0.11076920798846654,0.0,0.0,0.0,0.0,0.0,18473,global,0.0
3,3,lr1e-04_bs8_drop0p2_temp1p0_a0p25_b0p05__wd1e-04trmiss0_degmodglobal,8,0.0001,0.0001,0.2,1.0,0.25,0.05,lr1e-04_bs8_drop0p2_temp1p0_a0p25_b0p05__wd1e-04trmiss0_degmodglobal,11,0.5692516905920846,0.7361745536327362,0.25,0.5953814703814704,0.38461538461538464,0.0,0.60355315889631,0.5507795129503522,0.05501583058919225,0.09436423650809697,0.0,0.0,0.0,0.0,0.0,18473,global,0.0
3,3,lr1e-04_bs8_drop0p2_temp1p0_a0p25_b0p05__wd1e-04trmiss0_degmodglobal,8,0.0001,0.0001,0.2,1.0,0.25,0.05,lr1e-04_bs8_drop0p2_temp1p0_a0p25_b0p05__wd1e-04trmiss0_degmodglobal,12,0.5746783869607108,0.7337614595890045,0.3055555555555556,0.6091861841861842,0.38461538461538464,0.0,0.6151133009365627,0.5581487842968532,0.04868861926453454,0.08714894551251616,0.0,0.0,0.0,0.0,0.0,18473,global,0.0
3,3,lr1e-04_bs8_drop0p2_temp1p0_a0p25_b0p05__wd1e-04trmiss0_degmodglobal,8,0.0001,0.0001,0.2,1.0,0.25,0.05,lr1e-04_bs8_drop0p2_temp1p0_a0p25_b0p05__wd1e-04trmiss0_degmodglobal,13,0.5718285185950143,0.7369492053985596,0.3333333333333333,0.6202972952972953,0.38461538461538464,0.0,0.5764289838927132,0.5529636059488569,0.05742707050272396,0.09016312126602445,0.0,0.0,0.0,0.0,0.0,18473,global,0.0
3,3,lr1e-04_bs8_drop0p2_temp1p0_a0p25_b0p05__wd1e-04trmiss0_degmodglobal,8,0.0001,0.0001,0.2,1.0,0.25,0.05,lr1e-04_bs8_drop0p2_temp1p0_a0p25_b0p05__wd1e-04trmiss0_degmodglobal,14,0.562137382371085,0.7494397163391113,0.3055555555555556,0.6091861841861842,0.38461538461538464,0.0,0.5857823831694466,0.5425506404467991,0.05795292476458209,0.1019700648529189,0.0,0.0,0.0,0.0,0.0,18473,global,0.0
3,3,lr1e-04_bs8_drop0p2_temp1p0_a0p25_b0p05__wd1e-04trmiss0_degmodglobal,8,0.0001,0.0001,0.2,1.0,0.25,0.05,lr1e-04_bs8_drop0p2_temp1p0_a0p25_b0p05__wd1e-04trmiss0_degmodglobal,15,0.5841338166168758,0.7473903000354767,0.25,0.5953814703814704,0.38461538461538464,0.0,0.5932676792144775,0.5671551653317043,0.04938955817903791,0.09262527259332794,0.0,0.0,0.0,0.0,0.0,18473,global,0.0
3,3,lr1e-04_bs8_drop0p2_temp1p0_a0p25_b0p05__wd1e-04trmiss0_degmodglobal,8,0.0001,0.0001,0.2,1.0,0.25,0.05,lr1e-04_bs8_drop0p2_temp1p0_a0p25_b0p05__wd1e-04trmiss0_degmodglobal,16,0.5859810880252293,0.7511584460735321,0.25,0.5953814703814704,0.38461538461538464,0.0,0.5922601648739406,0.5671262230191912,0.060574698128870556,0.07422377541661263,0.0,0.0,0.0,0.0,0.0,18473,global,0.0
3,3,lr1e-04_bs8_drop0p2_temp1p0_a0p25_b0p05__wd1e-04trmiss0_degmodglobal,8,0.0001,0.0001,0.2,1.0,0.25,0.05,lr1e-04_bs8_drop0p2_temp1p0_a0p25_b0p05__wd1e-04trmiss0_degmodglobal,17,0.5513589211872646,0.751673549413681,0.2777777777777778,0.6064925814925815,0.3076923076923077,0.0,0.5740941507475716,0.5282247832843235,0.07122814389211791,0.10654198378324509,0.0,0.0,0.0,0.0,0.0,18473,global,0.0
3,3,lr1e-04_bs8_drop0p2_temp1p0_a0p25_b0p05__wd1e-04trmiss0_degmodglobal,8,0.0001,0.0001,0.2,1.0,0.25,0.05,lr1e-04_bs8_drop0p2_temp1p0_a0p25_b0p05__wd1e-04trmiss0_degmodglobal,18,0.5767961910792759,0.7609520256519318,0.3055555555555556,0.6250111000111,0.3076923076923077,0.0,0.5771108610289437,0.5595348988260541,0.051477974014622827,0.08783590740391187,0.0,0.0,0.0,0.0,0.0,18473,global,0.0
3,3,lr1e-04_bs8_drop0p2_temp1p0_a0p25_b0p05__wd1e-04trmiss0_degmodglobal,8,0.0001,0.0001,0.2,1.0,0.25,0.05,lr1e-04_bs8_drop0p2_temp1p0_a0p25_b0p05__wd1e-04trmiss0_degmodglobal,19,0.5394994531358991,0.752785861492157,0.3055555555555556,0.6250111000111,0.3076923076923077,0.0,0.5783378907612392,0.5163405111857823,0.06319645339889186,0.14719658132110322,0.0,0.0,0.0,0.0,0.0,18473,global,0.0
3,3,lr1e-04_bs8_drop0p2_temp1p0_a0p25_b0p05__wd1e-04trmiss0_degmodglobal,8,0.0001,0.0001,0.2,1.0,0.25,0.05,lr1e-04_bs8_drop0p2_temp1p0_a0p25_b0p05__wd1e-04trmiss0_degmodglobal,20,0.559150687285832,0.7504781186580658,0.2777777777777778,0.6064925814925815,0.38461538461538464,0.0,0.5552053962435041,0.5434124938079289,0.04755092039704323,0.07700945064425468,0.0,0.0,0.0,0.0,0.0,18473,global,0.0
3,3,lr1e-04_bs8_drop0p2_temp1p0_a0p25_b0p05__wd1e-04trmiss0_degmodglobal,8,0.0001,0.0001,0.2,1.0,0.25,0.05,lr1e-04_bs8_drop0p2_temp1p0_a0p25_b0p05__wd1e-04trmiss0_degmodglobal,21,0.5439289467675346,0.7468895614147186,0.25,0.5990851740851741,0.46153846153846156,0.0,0.5729352235794067,0.5232282834393638,0.05884674723659243,0.11977945055280413,0.0,0.0,0.0,0.0,0.0,18473,global,0.0
3,3,lr1e-04_bs8_drop0p2_temp1p0_a0p25_b0p05__wd1e-04trmiss0_degmodglobal,8,0.0001,0.0001,0.2,1.0,0.25,0.05,lr1e-04_bs8_drop0p2_temp1p0_a0p25_b0p05__wd1e-04trmiss0_degmodglobal,22,0.5731176308223179,0.7559620141983032,0.2777777777777778,0.6064925814925815,0.3076923076923077,0.0,0.5885687214987618,0.5543235199792045,0.0549511302794729,0.10112638505441802,0.0,0.0,0.0,0.0,0.0,18473,global,0.0
3,3,lr1e-04_bs8_drop0p2_temp1p0_a0p25_b0p05__wd1e-04trmiss0_degmodglobal,8,0.0001,0.0001,0.2,1.0,0.25,0.05,lr1e-04_bs8_drop0p2_temp1p0_a0p25_b0p05__wd1e-04trmiss0_degmodglobal,23,0.5400745485510144,0.7574412822723389,0.36111111111111105,0.6388158138158138,0.3076923076923077,0.0,0.5481247476169041,0.5201900260789054,0.06012737272041185,0.0970535081412111,0.0,0.0,0.0,0.0,0.0,18473,global,0.0
3,3,lr1e-04_bs8_drop0p2_temp1p0_a0p25_b0p05__wd1e-04trmiss0_degmodglobal,8,0.0001,0.0001,0.2,1.0,0.25,0.05,lr1e-04_bs8_drop0p2_temp1p0_a0p25_b0p05__wd1e-04trmiss0_degmodglobal,24,0.558901961360659,0.7579729855060577,0.36111111111111105,0.6388158138158138,0.3076923076923077,0.0,0.565751484462193,0.5411022348063332,0.05567302395190511,0.07762919665713396,0.0,0.0,0.0,0.0,0.0,18473,global,0.0
3,3,lr1e-04_bs8_drop0p2_temp1p0_a0p25_b0p05__wd1e-04trmiss0_degmodglobal,8,0.0001,0.0001,0.2,1.0,0.25,0.05,lr1e-04_bs8_drop0p2_temp1p0_a0p25_b0p05__wd1e-04trmiss0_degmodglobal,25,0.5182907368455615,0.7551766633987427,0.36111111111111105,0.6388158138158138,0.3076923076923077,0.0,0.5336271481854575,0.4921477096421378,0.08148086124232837,0.11545646137424878,0.0,0.0,0.0,0.0,0.0,18473,global,0.0
3,3,lr1e-04_bs8_drop0p2_temp1p0_a0p25_b0p05__wd1e-04trmiss0_degmodglobal,8,0.0001,0.0001,0.2,1.0,0.25,0.05,lr1e-04_bs8_drop0p2_temp1p0_a0p25_b0p05__wd1e-04trmiss0_degmodglobal,26,0.527685501745769,0.7503361701965332,0.3055555555555556,0.6135632885632886,0.3076923076923077,0.0,0.5473567758287702,0.5030171062265124,0.07413868712527412,0.12267458172781127,0.0,0.0,0.0,0.0,0.0,18473,global,0.0
3,3,lr1e-04_bs8_drop0p2_temp1p0_a0p25_b0p05__wd1e-04trmiss0_degmodglobal,8,0.0001,0.0001,0.2,1.0,0.25,0.05,lr1e-04_bs8_drop0p2_temp1p0_a0p25_b0p05__wd1e-04trmiss0_degmodglobal,27,0.5342265750680651,0.7485828697681427,0.3055555555555556,0.6135632885632886,0.38461538461538464,0.0,0.550404646566936,0.5128323222909655,0.06271308394415039,0.11431968531438283,0.0,0.0,0.0,0.0,0.0,18473,global,0.0
3,3,lr1e-04_bs8_drop0p2_temp1p0_a0p25_b0p05__wd1e-04trmiss0_degmodglobal,8,0.0001,0.0001,0.2,1.0,0.25,0.05,lr1e-04_bs8_drop0p2_temp1p0_a0p25_b0p05__wd1e-04trmiss0_degmodglobal,28,0.5448551986898694,0.7521224617958069,0.3055555555555556,0.6135632885632886,0.38461538461538464,0.0,0.5504199309008462,0.5228317890848432,0.06761581237827029,0.10238913606320109,0.0,0.0,0.0,0.0,0.0,18473,global,0.0
3,3,lr1e-04_bs8_drop0p2_temp1p0_a0p25_b0p05__wd1e-04trmiss0_degmodglobal,8,0.0001,0.0001,0.2,1.0,0.25,0.05,lr1e-04_bs8_drop0p2_temp1p0_a0p25_b0p05__wd1e-04trmiss0_degmodglobal,29,0.5435201695987156,0.7526883482933044,0.3333333333333333,0.6202972952972953,0.38461538461538464,0.0,0.532778935773032,0.5190887366022382,0.07766936612980706,0.10028178537530559,0.0,0.0,0.0,0.0,0.0,18473,global,0.0
3,3,lr1e-04_bs8_drop0p2_temp1p0_a0p25_b0p05__wd1e-04trmiss0_degmodglobal,8,0.0001,0.0001,0.2,1.0,0.25,0.05,lr1e-04_bs8_drop0p2_temp1p0_a0p25_b0p05__wd1e-04trmiss0_degmodglobal,30,0.5477018356323242,0.7560957372188568,0.3055555555555556,0.6135632885632886,0.3076923076923077,0.0,0.5331343838146755,0.5309879694666181,0.053256407912288396,0.06799537103090968,0.0,0.0,0.0,0.0,0.0,18473,global,0.0
3,3,lr1e-04_bs8_drop0p2_temp1p0_a0p25_b0p05__wd1e-04trmiss0_degmodglobal,8,0.0001,0.0001,0.2,1.0,0.25,0.05,lr1e-04_bs8_drop0p2_temp1p0_a0p25_b0p05__wd1e-04trmiss0_degmodglobal,31,0.5624563779149737,0.7543528974056244,0.3333333333333333,0.6202972952972953,0.38461538461538464,0.0,0.5583622966493879,0.5311044795172555,0.08940586021968297,0.18000826771770204,0.0,0.0,0.0,0.0,0.0,18473,global,0.0
3,3,lr1e-04_bs8_drop0p2_temp1p0_a0p25_b0p05__wd1e-04trmiss0_degmodglobal,8,0.0001,0.0001,0.2,1.0,0.25,0.05,lr1e-04_bs8_drop0p2_temp1p0_a0p25_b0p05__wd1e-04trmiss0_degmodglobal,32,0.5463665723800659,0.7601510286331177,0.3333333333333333,0.6202972952972953,0.3076923076923077,0.0,0.5276961284024375,0.5204374875341143,0.08003459285412516,0.11840896042329925,0.0,0.0,0.0,0.0,0.0,18473,global,0.0
3,3,lr1e-04_bs8_drop0p2_temp1p0_a0p25_b0p05__wd1e-04trmiss0_degmodglobal,8,0.0001,0.0001,0.2,1.0,0.25,0.05,lr1e-04_bs8_drop0p2_temp1p0_a0p25_b0p05__wd1e-04trmiss0_degmodglobal,33,0.5349765760557992,0.755644679069519,0.3333333333333333,0.6202972952972953,0.3076923076923077,0.0,0.5522543106760297,0.5113976384912219,0.06778243982366153,0.1326662041246891,0.0,0.0,0.0,0.0,0.0,18473,global,0.0
3,3,lr1e-04_bs8_drop0p2_temp1p0_a0p25_b0p05__wd1e-04trmiss0_degmodglobal,8,0.0001,0.0001,0.2,1.0,0.25,0.05,lr1e-04_bs8_drop0p2_temp1p0_a0p25_b0p05__wd1e-04trmiss0_degmodglobal,34,0.5297598583357674,0.756117433309555,0.3333333333333333,0.6202972952972953,0.3076923076923077,0.0,0.512053770678384,0.5073516241141728,0.07284407796604293,0.08394437389714378,0.0,0.0,0.0,0.0,0.0,18473,global,0.0
3,3,lr1e-04_bs8_drop0p2_temp1p0_a0p25_b0p05__wd1e-04trmiss0_degmodglobal,8,0.0001,0.0001,0.2,1.0,0.25,0.05,lr1e-04_bs8_drop0p2_temp1p0_a0p25_b0p05__wd1e-04trmiss0_degmodglobal,35,0.5489349620682853,0.7619264125823975,0.3055555555555556,0.6135632885632886,0.38461538461538464,0.0,0.5571642518043518,0.5239225327968597,0.07339484404240336,0.13327448415969098,0.0,0.0,0.0,0.0,0.0,18473,global,0.0
3,3,lr1e-04_bs8_drop0p2_temp1p0_a0p25_b0p05__wd1e-04trmiss0_degmodglobal,8,0.0001,0.0001,0.2,1.0,0.25,0.05,lr1e-04_bs8_drop0p2_temp1p0_a0p25_b0p05__wd1e-04trmiss0_degmodglobal,36,0.5180898181029728,0.7560790479183197,0.3333333333333333,0.6202972952972953,0.3076923076923077,0.0,0.5319950239998954,0.4954203963279724,0.06836983082549912,0.11153908872178622,0.0,0.0,0.0,0.0,0.0,18473,global,0.0
3,3,lr1e-04_bs8_drop0p2_temp1p0_a0p25_b0p05__wd1e-04trmiss0_degmodglobal,8,0.0001,0.0001,0.2,1.0,0.25,0.05,lr1e-04_bs8_drop0p2_temp1p0_a0p25_b0p05__wd1e-04trmiss0_degmodglobal,37,0.5521250920636314,0.7539094984531403,0.3611111111111111,0.6308793058793059,0.38461538461538464,0.0,0.5657727973801749,0.528959150825228,0.06726455794913429,0.12699611485004425,0.0,0.0,0.0,0.0,0.0,18473,global,0.0
3,3,lr1e-04_bs8_drop0p2_temp1p0_a0p25_b0p05__wd1e-04trmiss0_degmodglobal,8,0.0001,0.0001,0.2,1.0,0.25,0.05,lr1e-04_bs8_drop0p2_temp1p0_a0p25_b0p05__wd1e-04trmiss0_degmodglobal,38,0.5213078430720738,0.7556087672710419,0.3333333333333333,0.6202972952972953,0.3076923076923077,0.0,0.5305493133408683,0.4968248563153403,0.0766339163695063,0.10649004152842931,0.0,0.0,0.0,0.0,0.0,18473,global,0.0
3,3,lr1e-04_bs8_drop0p2_temp1p0_a0p25_b0p05__wd1e-04trmiss0_degmodglobal,8,0.0001,0.0001,0.2,1.0,0.25,0.05,lr1e-04_bs8_drop0p2_temp1p0_a0p25_b0p05__wd1e-04trmiss0_degmodglobal,39,0.5479400839124408,0.756639152765274,0.3333333333333333,0.6202972952972953,0.3076923076923077,0.0,0.5251228298459735,0.5256596207618713,0.07104789944631713,0.09036983123847417,0.0,0.0,0.0,0.0,0.0,18473,global,0.0
3,3,lr1e-04_bs8_drop0p2_temp1p0_a0p25_b0p05__wd1e-04trmiss0_degmodglobal,8,0.0001,0.0001,0.2,1.0,0.25,0.05,lr1e-04_bs8_drop0p2_temp1p0_a0p25_b0p05__wd1e-04trmiss0_degmodglobal,40,0.5247207113674709,0.7535190582275391,0.36111111111111105,0.6388158138158138,0.3076923076923077,0.0,0.5097601541451046,0.5009810285908836,0.07610927256090301,0.094247219817979,0.0,0.0,0.0,0.0,0.0,18473,global,0.0
3,3,lr1e-04_bs8_drop0p2_temp1p0_a0p25_b0p05__wd1e-04trmiss0_degmodglobal,8,0.0001,0.0001,0.2,1.0,0.25,0.05,lr1e-04_bs8_drop0p2_temp1p0_a0p25_b0p05__wd1e-04trmiss0_degmodglobal,41,0.5341000046048846,0.7556443810462952,0.36111111111111105,0.6388158138158138,0.38461538461538464,0.0,0.5244495868682861,0.5114668692861285,0.0691949517599174,0.10668794172150749,0.0,0.0,0.0,0.0,0.0,18473,global,0.0
3,3,lr1e-04_bs8_drop0p2_temp1p0_a0p25_b0p05__wd1e-04trmiss0_degmodglobal,8,0.0001,0.0001,0.2,1.0,0.25,0.05,lr1e-04_bs8_drop0p2_temp1p0_a0p25_b0p05__wd1e-04trmiss0_degmodglobal,42,0.545337438583374,0.7552444040775299,0.3333333333333333,0.6202972952972953,0.3076923076923077,0.0,0.5349153407982418,0.5227866513388497,0.06640970733548913,0.1189673665378775,0.0,0.0,0.0,0.0,0.0,18473,global,0.0
3,3,lr1e-04_bs8_drop0p2_temp1p0_a0p25_b0p05__wd1e-04trmiss0_degmodglobal,8,0.0001,0.0001,0.2,1.0,0.25,0.05,lr1e-04_bs8_drop0p2_temp1p0_a0p25_b0p05__wd1e-04trmiss0_degmodglobal,43,0.5560156064374107,0.752837598323822,0.3333333333333333,0.6202972952972953,0.38461538461538464,0.0,0.5393306229795728,0.5347685090133122,0.059864096875701635,0.12562154127018793,0.0,0.0,0.0,0.0,0.0,18473,global,0.0
3,3,lr1e-04_bs8_drop0p2_temp1p0_a0p25_b0p05__wd1e-04trmiss0_degmodglobal,8,0.0001,0.0001,0.2,1.0,0.25,0.05,lr1e-04_bs8_drop0p2_temp1p0_a0p25_b0p05__wd1e-04trmiss0_degmodglobal,44,0.5377818473747799,0.7538028061389923,0.3333333333333333,0.6202972952972953,0.3076923076923077,0.0,0.5158783452851432,0.5141918744359698,0.07112232542463712,0.11618798385773386,0.0,0.0,0.0,0.0,0.0,18473,global,0.0
3,3,lr1e-04_bs8_drop0p2_temp1p0_a0p25_b0p05__wd1e-04trmiss0_degmodglobal,8,0.0001,0.0001,0.2,1.0,0.25,0.05,lr1e-04_bs8_drop0p2_temp1p0_a0p25_b0p05__wd1e-04trmiss0_degmodglobal,45,0.5282505963529859,0.7535050809383392,0.3333333333333333,0.6202972952972953,0.3076923076923077,0.0,0.5067854012761798,0.5017338735716683,0.08181433752179146,0.12126278824039868,0.0,0.0,0.0,0.0,0.0,18473,global,0.0
3,3,lr1e-04_bs8_drop0p2_temp1p0_a0p25_b0p05__wd1e-04trmiss0_degmodglobal,8,0.0001,0.0001,0.2,1.0,0.25,0.05,lr1e-04_bs8_drop0p2_temp1p0_a0p25_b0p05__wd1e-04trmiss0_degmodglobal,46,0.5301052417073931,0.7577246427536011,0.3333333333333333,0.6202972952972953,0.38461538461538464,0.0,0.5025823414325714,0.5025306982653481,0.0838228410908154,0.13237648829817772,0.0,0.0,0.0,0.0,0.0,18473,global,0.0
3,3,lr1e-04_bs8_drop0p2_temp1p0_a0p25_b0p05__wd1e-04trmiss0_degmodglobal,8,0.0001,0.0001,0.2,1.0,0.25,0.05,lr1e-04_bs8_drop0p2_temp1p0_a0p25_b0p05__wd1e-04trmiss0_degmodglobal,47,0.5404881068638393,0.757654458284378,0.3333333333333333,0.6202972952972953,0.38461538461538464,0.0,0.510733459677015,0.5179738828114101,0.06604494500373091,0.12005976055349622,0.0,0.0,0.0,0.0,0.0,18473,global,0.0
3,3,lr1e-04_bs8_drop0p2_temp1p0_a0p25_b0p05__wd1e-04trmiss0_degmodglobal,8,0.0001,0.0001,0.2,1.0,0.25,0.05,lr1e-04_bs8_drop0p2_temp1p0_a0p25_b0p05__wd1e-04trmiss0_degmodglobal,48,0.5228432587214878,0.7546944618225098,0.36111111111111105,0.6388158138158138,0.38461538461538464,0.0,0.5175901012761253,0.4945130092757089,0.08599562730107989,0.13662692425506456,0.0,0.0,0.0,0.0,0.0,18473,global,0.0
3,3,lr1e-04_bs8_drop0p2_temp1p0_a0p25_b0p05__wd1e-04trmiss0_degmodglobal,8,0.0001,0.0001,0.2,1.0,0.25,0.05,lr1e-04_bs8_drop0p2_temp1p0_a0p25_b0p05__wd1e-04trmiss0_degmodglobal,49,0.5402560915265765,0.7537208497524261,0.3333333333333333,0.6202972952972953,0.3076923076923077,0.0,0.5022845310824258,0.5150237040860313,0.07753088591354233,0.11699324952704566,0.0,0.0,0.0,0.0,0.0,18473,global,0.0
3,3,lr1e-04_bs8_drop0p2_temp1p0_a0p25_b0p05__wd1e-04trmiss0_degmodglobal,8,0.0001,0.0001,0.2,1.0,0.25,0.05,lr1e-04_bs8_drop0p2_temp1p0_a0p25_b0p05__wd1e-04trmiss0_degmodglobal,50,0.5350083793912616,0.7541871964931488,0.3333333333333333,0.6202972952972953,0.3076923076923077,0.0,0.5240192413330078,0.5088506383555276,0.07918075525334903,0.12725082784891129,0.0,0.0,0.0,0.0,0.0,18473,global,0.0
3,3,lr1e-04_bs8_drop0p2_temp1p0_a0p25_b0p05__wd1e-04trmiss0_degmodglobal,8,0.0001,0.0001,0.2,1.0,0.25,0.05,lr1e-04_bs8_drop0p2_temp1p0_a0p25_b0p05__wd1e-04trmiss0_degmodglobal,51,0.5328484220164162,0.7531794309616089,0.3333333333333333,0.6202972952972953,0.38461538461538464,0.0,0.5099458183561053,0.5098597833088466,0.07059963739344052,0.10677438601851463,0.0,0.0,0.0,0.0,0.0,18473,global,0.0
3,3,lr1e-04_bs8_drop0p2_temp1p0_a0p25_b0p05__wd1e-04trmiss0_degmodglobal,8,0.0001,0.0001,0.2,1.0,0.25,0.05,lr1e-04_bs8_drop0p2_temp1p0_a0p25_b0p05__wd1e-04trmiss0_degmodglobal,52,0.545540954385485,0.760704755783081,0.3333333333333333,0.6202972952972953,0.38461538461538464,0.0,0.5042279788425991,0.5136817864009312,0.09446333135877337,0.16486662413392747,0.0,0.0,0.0,0.0,0.0,18473,global,0.0
3,3,lr1e-04_bs8_drop0p2_temp1p0_a0p25_b0p05__wd1e-04trmiss0_degmodglobal,8,0.0001,0.0001,0.2,1.0,0.25,0.05,lr1e-04_bs8_drop0p2_temp1p0_a0p25_b0p05__wd1e-04trmiss0_degmodglobal,53,0.5038889050483704,0.7563202381134033,0.3333333333333333,0.6202972952972953,0.38461538461538464,0.0,0.5117585786751339,0.4784136542252132,0.08215316917215075,0.09873924191508975,0.0,0.0,0.0,0.0,0.0,18473,global,0.0
3,3,lr1e-04_bs8_drop0p2_temp1p0_a0p25_b0p05__wd1e-04trmiss0_degmodglobal,8,0.0001,0.0001,0.2,1.0,0.25,0.05,lr1e-04_bs8_drop0p2_temp1p0_a0p25_b0p05__wd1e-04trmiss0_degmodglobal,54,0.5350223907402584,0.7523698806762695,0.3333333333333333,0.6202972952972953,0.3076923076923077,0.0,0.5048427113464901,0.5108480325766972,0.08281443108405386,0.06941501051187515,0.0,0.0,0.0,0.0,0.0,18473,global,0.0
3,3,lr1e-04_bs8_drop0p2_temp1p0_a0p25_b0p05__wd1e-04trmiss0_degmodglobal,8,0.0001,0.0001,0.2,1.0,0.25,0.05,lr1e-04_bs8_drop0p2_temp1p0_a0p25_b0p05__wd1e-04trmiss0_degmodglobal,55,0.535082859652383,0.7548997700214386,0.3333333333333333,0.6202972952972953,0.38461538461538464,0.0,0.4891752472945622,0.5038854948111943,0.0938108680503709,0.15489290920751436,0.0,0.0,0.0,0.0,0.0,18473,global,0.0
3,3,lr1e-04_bs8_drop0p2_temp1p0_a0p25_b0p05__wd1e-04trmiss0_degmodglobal,8,0.0001,0.0001,0.2,1.0,0.25,0.05,lr1e-04_bs8_drop0p2_temp1p0_a0p25_b0p05__wd1e-04trmiss0_degmodglobal,56,0.5205380831445966,0.7539209425449371,0.3333333333333333,0.6202972952972953,0.3076923076923077,0.0,0.48958361574581694,0.492500113589423,0.0830109247139522,0.14570501553160803,0.0,0.0,0.0,0.0,0.0,18473,global,0.0
3,3,lr1e-04_bs8_drop0p2_temp1p0_a0p25_b0p05__wd1e-04trmiss0_degmodglobal,8,0.0001,0.0001,0.2,1.0,0.25,0.05,lr1e-04_bs8_drop0p2_temp1p0_a0p25_b0p05__wd1e-04trmiss0_degmodglobal,57,0.5496020444801876,0.7539328336715698,0.3333333333333333,0.6202972952972953,0.3076923076923077,0.0,0.5017641144139426,0.5284183876855033,0.06716561902846609,0.08784508625311511,0.0,0.0,0.0,0.0,0.0,18473,global,0.0
3,3,lr1e-04_bs8_drop0p2_temp2p0_a0p25_b0p05__wd1e-04trmiss0_degmodglobal,8,0.0001,0.0001,0.2,2.0,0.25,0.05,lr1e-04_bs8_drop0p2_temp2p0_a0p25_b0p05__wd1e-04trmiss0_degmodglobal,1,0.7065183520317078,0.6675659120082855,0.5833333333333334,0.8269230769230771,0.6153846153846154,0.0,0.7142369321414402,0.6927117109298706,0.04225175189120429,0.0648742536348956,0.0,0.0,0.0,0.0,0.0,18473,global,0.0
3,3,lr1e-04_bs8_drop0p2_temp2p0_a0p25_b0p05__wd1e-04trmiss0_degmodglobal,8,0.0001,0.0001,0.2,2.0,0.25,0.05,lr1e-04_bs8_drop0p2_temp2p0_a0p25_b0p05__wd1e-04trmiss0_degmodglobal,2,0.6901644553456988,0.6784259974956512,0.47222222222222215,0.7874449624449624,0.46153846153846156,0.0,0.6637535265513829,0.6749052064759391,0.04162770988685744,0.09704619007451194,0.0,0.0,0.0,0.0,0.0,18473,global,0.0
3,3,lr1e-04_bs8_drop0p2_temp2p0_a0p25_b0p05__wd1e-04trmiss0_degmodglobal,8,0.0001,0.0001,0.2,2.0,0.25,0.05,lr1e-04_bs8_drop0p2_temp2p0_a0p25_b0p05__wd1e-04trmiss0_degmodglobal,3,0.6709794061524528,0.6827681064605713,0.5,0.7864348614348615,0.46153846153846156,0.0,0.6444178479058402,0.6552847964423043,0.043011072756988664,0.09883701854518481,0.0,0.0,0.0,0.0,0.0,18473,global,0.0
3,3,lr1e-04_bs8_drop0p2_temp2p0_a0p25_b0p05__wd1e-04trmiss0_degmodglobal,8,0.0001,0.0001,0.2,2.0,0.25,0.05,lr1e-04_bs8_drop0p2_temp2p0_a0p25_b0p05__wd1e-04trmiss0_degmodglobal,4,0.6463690570422581,0.68458092212677,0.41666666666666663,0.7314084064084063,0.46153846153846156,0.0,0.6150502903120858,0.6333648221833366,0.0364872757345438,0.0776482815189021,0.0,0.0,0.0,0.0,0.0,18473,global,0.0
3,3,lr1e-04_bs8_drop0p2_temp2p0_a0p25_b0p05__wd1e-04trmiss0_degmodglobal,8,0.0001,0.0001,0.2,2.0,0.25,0.05,lr1e-04_bs8_drop0p2_temp2p0_a0p25_b0p05__wd1e-04trmiss0_degmodglobal,5,0.6488665853227887,0.6847895681858063,0.4444444444444444,0.7480750730750731,0.38461538461538464,0.0,0.6194995045661926,0.6320861322539193,0.04331725463271141,0.11902251147798129,0.0,0.0,0.0,0.0,0.0,18473,global,0.0
3,3,lr1e-04_bs8_drop0p2_temp2p0_a0p25_b0p05__wd1e-04trmiss0_degmodglobal,8,0.0001,0.0001,0.2,2.0,0.25,0.05,lr1e-04_bs8_drop0p2_temp2p0_a0p25_b0p05__wd1e-04trmiss0_degmodglobal,6,0.629269710608891,0.6870616972446442,0.4444444444444444,0.7480750730750731,0.46153846153846156,0.0,0.5735598121370588,0.6151865465300423,0.03799506010753768,0.09168791132313865,0.0,0.0,0.0,0.0,0.0,18473,global,0.0
3,3,lr1e-04_bs8_drop0p2_temp2p0_a0p25_b0p05__wd1e-04trmiss0_degmodglobal,8,0.0001,0.0001,0.2,2.0,0.25,0.05,lr1e-04_bs8_drop0p2_temp2p0_a0p25_b0p05__wd1e-04trmiss0_degmodglobal,7,0.6017688938549587,0.6865451335906982,0.5,0.7685777185777187,0.46153846153846156,0.0,0.5608904872621808,0.5864679983683995,0.04156511862363134,0.09819247520395688,0.0,0.0,0.0,0.0,0.0,18473,global,0.0
3,3,lr1e-04_bs8_drop0p2_temp2p0_a0p25_b0p05__wd1e-04trmiss0_degmodglobal,8,0.0001,0.0001,0.2,2.0,0.25,0.05,lr1e-04_bs8_drop0p2_temp2p0_a0p25_b0p05__wd1e-04trmiss0_degmodglobal,8,0.5907272526196071,0.6907394826412201,0.4722222222222222,0.7315406815406815,0.46153846153846156,0.0,0.5388530577932086,0.577731226171766,0.03537982569209167,0.08302154232348714,0.0,0.0,0.0,0.0,0.0,18473,global,0.0
3,3,lr1e-04_bs8_drop0p2_temp2p0_a0p25_b0p05__wd1e-04trmiss0_degmodglobal,8,0.0001,0.0001,0.2,2.0,0.25,0.05,lr1e-04_bs8_drop0p2_temp2p0_a0p25_b0p05__wd1e-04trmiss0_degmodglobal,9,0.6183174678257534,0.6908649504184723,0.4166666666666667,0.6769952269952271,0.46153846153846156,0.0,0.5810481820787702,0.6063138331685748,0.034729827993682454,0.06642326180424009,0.0,0.0,0.0,0.0,0.0,18473,global,0.0
3,3,lr1e-04_bs8_drop0p2_temp2p0_a0p25_b0p05__wd1e-04trmiss0_degmodglobal,8,0.0001,0.0001,0.2,2.0,0.25,0.05,lr1e-04_bs8_drop0p2_temp2p0_a0p25_b0p05__wd1e-04trmiss0_degmodglobal,10,0.6025421491691044,0.6965303421020508,0.3888888888888889,0.6695878195878197,0.5384615384615384,0.0,0.5580805369785854,0.5875534032072339,0.042273519560694695,0.08840729030115264,0.0,0.0,0.0,0.0,0.0,18473,global,0.0
3,3,lr1e-04_bs8_drop0p2_temp2p0_a0p25_b0p05__wd1e-04trmiss0_degmodglobal,8,0.0001,0.0001,0.2,2.0,0.25,0.05,lr1e-04_bs8_drop0p2_temp2p0_a0p25_b0p05__wd1e-04trmiss0_degmodglobal,11,0.5873915978840419,0.6977618932723999,0.3888888888888889,0.7103285603285603,0.46153846153846156,0.0,0.5615356479372297,0.5656396618911198,0.06040325654404504,0.13302231846111162,0.0,0.0,0.0,0.0,0.0,18473,global,0.0
3,3,lr1e-04_bs8_drop0p2_temp2p0_a0p25_b0p05__wd1e-04trmiss0_degmodglobal,8,0.0001,0.0001,0.2,2.0,0.25,0.05,lr1e-04_bs8_drop0p2_temp2p0_a0p25_b0p05__wd1e-04trmiss0_degmodglobal,12,0.5659856200218201,0.7013023793697357,0.3888888888888889,0.6695878195878197,0.5384615384615384,0.0,0.5438343584537506,0.5513267857687814,0.041548161900469234,0.08543598332575389,0.0,0.0,0.0,0.0,0.0,18473,global,0.0
3,3,lr1e-04_bs8_drop0p2_temp2p0_a0p25_b0p05__wd1e-04trmiss0_degmodglobal,8,0.0001,0.0001,0.2,2.0,0.25,0.05,lr1e-04_bs8_drop0p2_temp2p0_a0p25_b0p05__wd1e-04trmiss0_degmodglobal,13,0.5863955276353019,0.695626437664032,0.4166666666666667,0.7251433751433751,0.46153846153846156,0.0,0.5279890426567623,0.5647161858422416,0.05475470849445888,0.15981329658201762,0.0,0.0,0.0,0.0,0.0,18473,global,0.0
3,3,lr1e-04_bs8_drop0p2_temp2p0_a0p25_b0p05__wd1e-04trmiss0_degmodglobal,8,0.0001,0.0001,0.2,2.0,0.25,0.05,lr1e-04_bs8_drop0p2_temp2p0_a0p25_b0p05__wd1e-04trmiss0_degmodglobal,14,0.5704094341823033,0.7012859284877777,0.4166666666666667,0.7251433751433751,0.5384615384615384,0.0,0.5101921898978097,0.5501846841403416,0.055196081421204975,0.1285145032618727,0.0,0.0,0.0,0.0,0.0,18473,global,0.0
3,3,lr1e-04_bs8_drop0p2_temp2p0_a0p25_b0p05__wd1e-04trmiss0_degmodglobal,8,0.0001,0.0001,0.2,2.0,0.25,0.05,lr1e-04_bs8_drop0p2_temp2p0_a0p25_b0p05__wd1e-04trmiss0_degmodglobal,15,0.5620336191994804,0.7095791399478912,0.4166666666666667,0.7251433751433751,0.46153846153846156,0.0,0.4940928135599409,0.538105594260352,0.06861430087259837,0.13548892151032174,0.0,0.0,0.0,0.0,0.0,18473,global,0.0
3,3,lr1e-04_bs8_drop0p2_temp2p0_a0p25_b0p05__wd1e-04trmiss0_degmodglobal,8,0.0001,0.0001,0.2,2.0,0.25,0.05,lr1e-04_bs8_drop0p2_temp2p0_a0p25_b0p05__wd1e-04trmiss0_degmodglobal,16,0.5635565093585423,0.7102953791618347,0.3888888888888889,0.6695878195878197,0.5384615384615384,0.0,0.511756147657122,0.5494003806795392,0.04005253554454872,0.08285988441535405,0.0,0.0,0.0,0.0,0.0,18473,global,0.0
3,3,lr1e-04_bs8_drop0p2_temp2p0_a0p25_b0p05__wd1e-04trmiss0_degmodglobal,8,0.0001,0.0001,0.2,2.0,0.25,0.05,lr1e-04_bs8_drop0p2_temp2p0_a0p25_b0p05__wd1e-04trmiss0_degmodglobal,17,0.5905710458755493,0.7099287509918213,0.3888888888888889,0.6695878195878197,0.46153846153846156,0.0,0.5299326223986489,0.5686373923506055,0.060010120804820745,0.13862230202981404,0.0,0.0,0.0,0.0,0.0,18473,global,0.0
3,3,lr1e-04_bs8_drop0p2_temp2p0_a0p25_b0p05__wd1e-04trmiss0_degmodglobal,8,0.0001,0.0001,0.2,2.0,0.25,0.05,lr1e-04_bs8_drop0p2_temp2p0_a0p25_b0p05__wd1e-04trmiss0_degmodglobal,18,0.5405712425708771,0.7149341106414795,0.3888888888888889,0.6695878195878197,0.5384615384615384,0.0,0.5039998165198735,0.5217981934547424,0.05389087115015302,0.10600653982588223,0.0,0.0,0.0,0.0,0.0,18473,global,0.0
3,3,lr1e-04_bs8_drop0p2_temp2p0_a0p25_b0p05__wd1e-04trmiss0_degmodglobal,8,0.0001,0.0001,0.2,2.0,0.25,0.05,lr1e-04_bs8_drop0p2_temp2p0_a0p25_b0p05__wd1e-04trmiss0_degmodglobal,19,0.5446213058062962,0.7188519239425659,0.3888888888888889,0.6695878195878197,0.5384615384615384,0.0,0.5071097186633519,0.5280793096338,0.049213366849081855,0.08477295881935529,0.0,0.0,0.0,0.0,0.0,18473,global,0.0
3,3,lr1e-04_bs8_drop0p2_temp2p0_a0p25_b0p05__wd1e-04trmiss0_degmodglobal,8,0.0001,0.0001,0.2,2.0,0.25,0.05,lr1e-04_bs8_drop0p2_temp2p0_a0p25_b0p05__wd1e-04trmiss0_degmodglobal,20,0.5585303136280605,0.7195088267326355,0.3888888888888889,0.6695878195878197,0.5384615384615384,0.0,0.5106477737426758,0.5408080390521458,0.05015629796045167,0.10366377500551087,0.0,0.0,0.0,0.0,0.0,18473,global,0.0
3,3,lr1e-04_bs8_drop0p2_temp2p0_a0p25_b0p05__wd1e-04trmiss0_degmodglobal,8,0.0001,0.0001,0.2,2.0,0.25,0.05,lr1e-04_bs8_drop0p2_temp2p0_a0p25_b0p05__wd1e-04trmiss0_degmodglobal,21,0.5686877455030169,0.7203974425792694,0.3888888888888889,0.6695878195878197,0.5384615384615384,0.0,0.514997409922736,0.5471023150852748,0.06307394376822881,0.11633903054254395,0.0,0.0,0.0,0.0,0.0,18473,global,0.0
3,3,lr1e-04_bs8_drop0p2_temp2p0_a0p25_b0p05__wd1e-04trmiss0_degmodglobal,8,0.0001,0.0001,0.2,2.0,0.25,0.05,lr1e-04_bs8_drop0p2_temp2p0_a0p25_b0p05__wd1e-04trmiss0_degmodglobal,22,0.5512759940964835,0.7223598062992096,0.3888888888888889,0.6695878195878197,0.5384615384615384,0.0,0.4896672580923353,0.5305533920015607,0.05824546196631023,0.12322455857481275,0.0,0.0,0.0,0.0,0.0,18473,global,0.0
3,3,lr1e-04_bs8_drop0p2_temp2p0_a0p25_b0p05__wd1e-04trmiss0_degmodglobal,8,0.0001,0.0001,0.2,2.0,0.25,0.05,lr1e-04_bs8_drop0p2_temp2p0_a0p25_b0p05__wd1e-04trmiss0_degmodglobal,23,0.5488963510308947,0.7198873460292816,0.3888888888888889,0.6695878195878197,0.46153846153846156,0.0,0.5001361668109894,0.529346125466483,0.05923651797430856,0.09482211167258876,0.0,0.0,0.0,0.0,0.0,18473,global,0.0
3,3,lr1e-04_bs8_drop0p2_temp2p0_a0p25_b0p05__wd1e-04trmiss0_degmodglobal,8,0.0001,0.0001,0.2,2.0,0.25,0.05,lr1e-04_bs8_drop0p2_temp2p0_a0p25_b0p05__wd1e-04trmiss0_degmodglobal,24,0.5437239110469818,0.7151765525341034,0.4166666666666667,0.7251433751433751,0.46153846153846156,0.0,0.4643615015915462,0.5194248131343296,0.07238327552165304,0.12406561922814165,0.0,0.0,0.0,0.0,0.0,18473,global,0.0
3,3,lr1e-04_bs8_drop0p2_temp2p0_a0p25_b0p05__wd1e-04trmiss0_degmodglobal,8,0.0001,0.0001,0.2,2.0,0.25,0.05,lr1e-04_bs8_drop0p2_temp2p0_a0p25_b0p05__wd1e-04trmiss0_degmodglobal,25,0.5533738945211683,0.7151042819023132,0.4166666666666667,0.7251433751433751,0.46153846153846156,0.0,0.4683853600706373,0.527708330324718,0.07674461949084486,0.1295888221689633,0.0,0.0,0.0,0.0,0.0,18473,global,0.0
3,3,lr1e-04_bs8_drop0p2_temp2p0_a0p25_b0p05__wd1e-04trmiss0_degmodglobal,8,0.0001,0.0001,0.2,2.0,0.25,0.05,lr1e-04_bs8_drop0p2_temp2p0_a0p25_b0p05__wd1e-04trmiss0_degmodglobal,26,0.6108261772564479,0.7267875969409943,0.3888888888888889,0.7152227402227402,0.46153846153846156,0.0,0.5589198555265155,0.5926265631403241,0.05326994827815464,0.09764242491551808,0.0,0.0,0.0,0.0,0.0,18473,global,0.0
3,3,lr1e-04_bs8_drop0p2_temp2p0_a0p25_b0p05__wd1e-04trmiss0_degmodglobal,8,0.0001,0.0001,0.2,2.0,0.25,0.05,lr1e-04_bs8_drop0p2_temp2p0_a0p25_b0p05__wd1e-04trmiss0_degmodglobal,27,0.543364771774837,0.7192173898220062,0.4166666666666667,0.7251433751433751,0.46153846153846156,0.0,0.47897978339876446,0.524860850402287,0.054204534207071574,0.09905577371163028,0.0,0.0,0.0,0.0,0.0,18473,global,0.0
3,3,lr1e-04_bs8_drop0p4_temp1p0_a0p25_b0p05__wd1e-04trmiss0_degmodglobal,8,0.0001,0.0001,0.4,1.0,0.25,0.05,lr1e-04_bs8_drop0p4_temp1p0_a0p25_b0p05__wd1e-04trmiss0_degmodglobal,1,0.798678628035954,0.72550168633461,0.2222222222222222,0.5879740629740631,0.23076923076923078,0.0,0.6955171568053109,0.7628787245069232,0.07876833262188095,0.3221562866653715,0.0,0.0,0.0,0.0,0.0,18473,global,0.0
3,3,lr1e-04_bs8_drop0p4_temp1p0_a0p25_b0p05__wd1e-04trmiss0_degmodglobal,8,0.0001,0.0001,0.4,1.0,0.25,0.05,lr1e-04_bs8_drop0p4_temp1p0_a0p25_b0p05__wd1e-04trmiss0_degmodglobal,2,0.7083996023450579,0.7431400418281555,0.33333333333333337,0.626995226995227,0.3076923076923077,0.0,0.6530769382204328,0.6839387161391122,0.05566363834909031,0.21089939134461538,0.0,0.0,0.0,0.0,0.0,18473,global,0.0
3,3,lr1e-04_bs8_drop0p4_temp1p0_a0p25_b0p05__wd1e-04trmiss0_degmodglobal,8,0.0001,0.0001,0.4,1.0,0.25,0.05,lr1e-04_bs8_drop0p4_temp1p0_a0p25_b0p05__wd1e-04trmiss0_degmodglobal,3,0.6806092006819588,0.7563859522342682,0.41666666666666663,0.6593184593184593,0.3076923076923077,0.0,0.6357723644801548,0.6599956836019244,0.04461758078208992,0.18918246988739287,0.0,0.0,0.0,0.0,0.0,18473,global,0.0
3,3,lr1e-04_bs8_drop0p4_temp1p0_a0p25_b0p05__wd1e-04trmiss0_degmodglobal,8,0.0001,0.0001,0.4,1.0,0.25,0.05,lr1e-04_bs8_drop0p4_temp1p0_a0p25_b0p05__wd1e-04trmiss0_degmodglobal,4,0.6942249706813267,0.7509925663471222,0.4444444444444444,0.6759851259851261,0.38461538461538464,0.0,0.6374035733086723,0.6647239327430725,0.06704611224787575,0.25479009321757723,0.0,0.0,0.0,0.0,0.0,18473,global,0.0
3,3,lr1e-04_bs8_drop0p4_temp1p0_a0p25_b0p05__wd1e-04trmiss0_degmodglobal,8,0.0001,0.0001,0.4,1.0,0.25,0.05,lr1e-04_bs8_drop0p4_temp1p0_a0p25_b0p05__wd1e-04trmiss0_degmodglobal,5,0.6886257529258728,0.7419960796833038,0.5555555555555556,0.7219286885953553,0.3076923076923077,0.0,0.625912742955344,0.6571123344557626,0.06581205289278712,0.3012079990335873,0.0,0.0,0.0,0.0,0.0,18473,global,0.0
3,3,lr1e-04_bs8_drop0p4_temp1p0_a0p25_b0p05__wd1e-04trmiss0_degmodglobal,8,0.0001,0.0001,0.4,1.0,0.25,0.05,lr1e-04_bs8_drop0p4_temp1p0_a0p25_b0p05__wd1e-04trmiss0_degmodglobal,6,0.6671312025615147,0.7452535033226013,0.49999999999999994,0.6938863605530272,0.3076923076923077,0.0,0.5745891673224313,0.6378872650010246,0.06273595722658294,0.2711988389492035,0.0,0.0,0.0,0.0,0.0,18473,global,0.0
3,3,lr1e-04_bs8_drop0p4_temp1p0_a0p25_b0p05__wd1e-04trmiss0_degmodglobal,8,0.0001,0.0001,0.4,1.0,0.25,0.05,lr1e-04_bs8_drop0p4_temp1p0_a0p25_b0p05__wd1e-04trmiss0_degmodglobal,7,0.6628467525754657,0.7437845170497894,0.49999999999999994,0.6938863605530272,0.3076923076923077,0.0,0.580921185868127,0.6289180602346148,0.07458039160285677,0.30567206868103575,0.0,0.0,0.0,0.0,0.0,18473,global,0.0
3,3,lr1e-04_bs8_drop0p4_temp1p0_a0p25_b0p05__wd1e-04trmiss0_degmodglobal,8,0.0001,0.0001,0.4,1.0,0.25,0.05,lr1e-04_bs8_drop0p4_temp1p0_a0p25_b0p05__wd1e-04trmiss0_degmodglobal,8,0.6417841230119977,0.731933206319809,0.5,0.6853005019671686,0.38461538461538464,0.0,0.5732373595237732,0.6106181911059788,0.06945613612021719,0.27603799956185476,0.0,0.0,0.0,0.0,0.0,18473,global,0.0
3,3,lr1e-04_bs8_drop0p4_temp1p0_a0p25_b0p05__wd1e-04trmiss0_degmodglobal,8,0.0001,0.0001,0.4,1.0,0.25,0.05,lr1e-04_bs8_drop0p4_temp1p0_a0p25_b0p05__wd1e-04trmiss0_degmodglobal,9,0.6256494522094727,0.7326483428478241,0.5277777777777778,0.7019671686338353,0.38461538461538464,0.0,0.5516153403690883,0.5935217653002057,0.07110535193766866,0.2870271014315741,0.0,0.0,0.0,0.0,0.0,18473,global,0.0
3,3,lr1e-04_bs8_drop0p4_temp1p0_a0p25_b0p05__wd1e-04trmiss0_degmodglobal,8,0.0001,0.0001,0.4,1.0,0.25,0.05,lr1e-04_bs8_drop0p4_temp1p0_a0p25_b0p05__wd1e-04trmiss0_degmodglobal,10,0.6206526926585606,0.7281200885772705,0.4722222222222222,0.6667819834486501,0.38461538461538464,0.0,0.5432156494685582,0.5874698672975812,0.07798187807202339,0.27374733132975443,0.0,0.0,0.0,0.0,0.0,18473,global,0.0
3,3,lr1e-04_bs8_drop0p4_temp1p0_a0p25_b0p05__wd1e-04trmiss0_degmodglobal,8,0.0001,0.0001,0.4,1.0,0.25,0.05,lr1e-04_bs8_drop0p4_temp1p0_a0p25_b0p05__wd1e-04trmiss0_degmodglobal,11,0.6569194964000157,0.7306643426418304,0.4444444444444444,0.6587011753678421,0.38461538461538464,0.0,0.5554444066115788,0.6095733174255916,0.10723683770213809,0.41073929199150633,0.0,0.0,0.0,0.0,0.0,18473,global,0.0
3,3,lr1e-04_bs8_drop0p4_temp1p0_a0p25_b0p05__wd1e-04trmiss0_degmodglobal,8,0.0001,0.0001,0.4,1.0,0.25,0.05,lr1e-04_bs8_drop0p4_temp1p0_a0p25_b0p05__wd1e-04trmiss0_degmodglobal,12,0.6027651258877346,0.7297513782978058,0.4722222222222222,0.6667819834486501,0.38461538461538464,0.0,0.5486406939370292,0.5692837834358215,0.0725692728800433,0.30678029145513264,0.0,0.0,0.0,0.0,0.0,18473,global,0.0
3,3,lr1e-04_bs8_drop0p4_temp1p0_a0p25_b0p05__wd1e-04trmiss0_degmodglobal,8,0.0001,0.0001,0.4,1.0,0.25,0.05,lr1e-04_bs8_drop0p4_temp1p0_a0p25_b0p05__wd1e-04trmiss0_degmodglobal,13,0.6145121199744088,0.7322391867637634,0.4722222222222222,0.6667819834486501,0.38461538461538464,0.0,0.5197869837284088,0.5839955380984715,0.06910340062209538,0.26481427465166363,0.0,0.0,0.0,0.0,0.0,18473,global,0.0
3,3,lr1e-04_bs8_drop0p4_temp1p0_a0p25_b0p05__wd1e-04trmiss0_degmodglobal,8,0.0001,0.0001,0.4,1.0,0.25,0.05,lr1e-04_bs8_drop0p4_temp1p0_a0p25_b0p05__wd1e-04trmiss0_degmodglobal,14,0.579772446836744,0.7360465228557587,0.5,0.6853005019671686,0.38461538461538464,0.0,0.5074529647827148,0.5493369698524475,0.07549045181700162,0.23125733754464559,0.0,0.0,0.0,0.0,0.0,18473,global,0.0
3,3,lr1e-04_bs8_drop0p4_temp1p0_a0p25_b0p05__wd1e-04trmiss0_degmodglobal,8,0.0001,0.0001,0.4,1.0,0.25,0.05,lr1e-04_bs8_drop0p4_temp1p0_a0p25_b0p05__wd1e-04trmiss0_degmodglobal,15,0.6112003113542285,0.7413435578346252,0.4444444444444444,0.6685777185777186,0.38461538461538464,0.0,0.554298630782536,0.576729382787432,0.08112901076674461,0.2837735137769154,0.0,0.0,0.0,0.0,0.0,18473,global,0.0
3,3,lr1e-04_bs8_drop0p4_temp1p0_a0p25_b0p05__wd1e-04trmiss0_degmodglobal,8,0.0001,0.0001,0.4,1.0,0.25,0.05,lr1e-04_bs8_drop0p4_temp1p0_a0p25_b0p05__wd1e-04trmiss0_degmodglobal,16,0.6231146284512111,0.7422468960285187,0.4444444444444444,0.6685777185777186,0.38461538461538464,0.0,0.5325104509081159,0.5834907804216657,0.08740688115358353,0.3554429220301764,0.0,0.0,0.0,0.0,0.0,18473,global,0.0
3,3,lr1e-04_bs8_drop0p4_temp1p0_a0p25_b0p05__wd1e-04trmiss0_degmodglobal,8,0.0001,0.0001,0.4,1.0,0.25,0.05,lr1e-04_bs8_drop0p4_temp1p0_a0p25_b0p05__wd1e-04trmiss0_degmodglobal,17,0.616970249584743,0.7402242720127106,0.4722222222222222,0.6772196938863606,0.38461538461538464,0.0,0.5091462518487658,0.5746241169316428,0.09567382293088096,0.36855332979134153,0.0,0.0,0.0,0.0,0.0,18473,global,0.0
3,3,lr1e-04_bs8_drop0p4_temp1p0_a0p25_b0p05__wd1e-04trmiss0_degmodglobal,8,0.0001,0.0001,0.4,1.0,0.25,0.05,lr1e-04_bs8_drop0p4_temp1p0_a0p25_b0p05__wd1e-04trmiss0_degmodglobal,18,0.6078461408615112,0.7442640960216522,0.41666666666666663,0.6500592000592001,0.38461538461538464,0.0,0.5357993883746011,0.5714037631239209,0.07784937854324069,0.3396008759737015,0.0,0.0,0.0,0.0,0.0,18473,global,0.0
3,3,lr1e-04_bs8_drop0p4_temp1p0_a0p25_b0p05__wd1e-04trmiss0_degmodglobal,8,0.0001,0.0001,0.4,1.0,0.25,0.05,lr1e-04_bs8_drop0p4_temp1p0_a0p25_b0p05__wd1e-04trmiss0_degmodglobal,19,0.597160313810621,0.74274542927742,0.41666666666666663,0.6500592000592001,0.38461538461538464,0.0,0.5184976501124245,0.5609252665724073,0.08593621743576867,0.295020050236157,0.0,0.0,0.0,0.0,0.0,18473,global,0.0
3,3,lr1e-04_bs8_drop0p4_temp1p0_a0p25_b0p05__wd1e-04trmiss0_degmodglobal,8,0.0001,0.0001,0.4,1.0,0.25,0.05,lr1e-04_bs8_drop0p4_temp1p0_a0p25_b0p05__wd1e-04trmiss0_degmodglobal,20,0.5745379286152976,0.7404762506484985,0.41666666666666663,0.6500592000592001,0.38461538461538464,0.0,0.5019853711128235,0.5363015489918845,0.09788367844053678,0.27530928594725473,0.0,0.0,0.0,0.0,0.0,18473,global,0.0
3,3,lr1e-04_bs8_drop0p4_temp1p0_a0p25_b0p05__wd1e-04trmiss0_degmodglobal,8,0.0001,0.0001,0.4,1.0,0.25,0.05,lr1e-04_bs8_drop0p4_temp1p0_a0p25_b0p05__wd1e-04trmiss0_degmodglobal,21,0.6139474085399083,0.7427947223186493,0.38888888888888884,0.6315406815406817,0.38461538461538464,0.0,0.5256936039243426,0.5743237010070256,0.09472983809454101,0.31882467440196444,0.0,0.0,0.0,0.0,0.0,18473,global,0.0
3,3,lr1e-04_bs8_drop0p4_temp1p0_a0p25_b0p05__wd1e-04trmiss0_degmodglobal,8,0.0001,0.0001,0.4,1.0,0.25,0.05,lr1e-04_bs8_drop0p4_temp1p0_a0p25_b0p05__wd1e-04trmiss0_degmodglobal,22,0.5712832893644061,0.7413297295570374,0.41666666666666663,0.6500592000592001,0.38461538461538464,0.0,0.5036139573369708,0.5362791504178729,0.08354193557585989,0.28237333574465345,0.0,0.0,0.0,0.0,0.0,18473,global,0.0
3,3,lr1e-04_bs8_drop0p4_temp1p0_a0p25_b0p05__wd1e-04trmiss0_degmodglobal,8,0.0001,0.0001,0.4,1.0,0.25,0.05,lr1e-04_bs8_drop0p4_temp1p0_a0p25_b0p05__wd1e-04trmiss0_degmodglobal,23,0.5827490559646061,0.74117311835289,0.41666666666666663,0.6500592000592001,0.38461538461538464,0.0,0.502546352999551,0.5339491963386536,0.1173874820981707,0.38906000341687885,0.0,0.0,0.0,0.0,0.0,18473,global,0.0
3,3,lr1e-04_bs8_drop0p4_temp1p0_a0p25_b0p05__wd1e-04trmiss0_degmodglobal,8,0.0001,0.0001,0.4,1.0,0.25,0.05,lr1e-04_bs8_drop0p4_temp1p0_a0p25_b0p05__wd1e-04trmiss0_degmodglobal,24,0.5593308082648686,0.7420791983604431,0.41666666666666663,0.6500592000592001,0.38461538461538464,0.0,0.47848470721926006,0.5182211143629891,0.10583633024777685,0.29301210386412485,0.0,0.0,0.0,0.0,0.0,18473,global,0.0
3,3,lr1e-04_bs8_drop0p4_temp1p0_a0p25_b0p05__wd1e-04trmiss0_degmodglobal,8,0.0001,0.0001,0.4,1.0,0.25,0.05,lr1e-04_bs8_drop0p4_temp1p0_a0p25_b0p05__wd1e-04trmiss0_degmodglobal,25,0.5943235669817243,0.7476771771907806,0.38888888888888884,0.6315406815406817,0.38461538461538464,0.0,0.5075865430491311,0.5618721544742584,0.07602277398109436,0.26891417482069563,0.0,0.0,0.0,0.0,0.0,18473,global,0.0
3,3,lr1e-04_bs8_drop0p4_temp2p0_a0p25_b0p05__wd1e-04trmiss0_degmodglobal,8,0.0001,0.0001,0.4,2.0,0.25,0.05,lr1e-04_bs8_drop0p4_temp2p0_a0p25_b0p05__wd1e-04trmiss0_degmodglobal,1,0.7329495293753487,0.6924132406711578,0.33333333333333337,0.6241452991452991,0.5384615384615384,0.0,0.6586285148348127,0.7129308921950204,0.05521838952388082,0.12428064697555133,0.0,0.0,0.0,0.0,0.0,18473,global,0.0
3,3,lr1e-04_bs8_drop0p4_temp2p0_a0p25_b0p05__wd1e-04trmiss0_degmodglobal,8,0.0001,0.0001,0.4,2.0,0.25,0.05,lr1e-04_bs8_drop0p4_temp2p0_a0p25_b0p05__wd1e-04trmiss0_degmodglobal,2,0.6958795360156468,0.6889056861400604,0.41666666666666663,0.6988807488807489,0.6153846153846154,0.0,0.6699137432234628,0.6774142384529114,0.05408547765442303,0.09887850124921117,0.0,0.0,0.0,0.0,0.0,18473,global,0.0
3,3,lr1e-04_bs8_drop0p4_temp2p0_a0p25_b0p05__wd1e-04trmiss0_degmodglobal,8,0.0001,0.0001,0.4,2.0,0.25,0.05,lr1e-04_bs8_drop0p4_temp2p0_a0p25_b0p05__wd1e-04trmiss0_degmodglobal,3,0.703822944845472,0.6932961046695709,0.41666666666666663,0.6988807488807489,0.6153846153846154,0.0,0.6646800892693656,0.6779034989220756,0.07278738756264959,0.15445195777075632,0.0,0.0,0.0,0.0,0.0,18473,global,0.0
3,3,lr1e-04_bs8_drop0p4_temp2p0_a0p25_b0p05__wd1e-04trmiss0_degmodglobal,8,0.0001,0.0001,0.4,2.0,0.25,0.05,lr1e-04_bs8_drop0p4_temp2p0_a0p25_b0p05__wd1e-04trmiss0_degmodglobal,4,0.651071812425341,0.6979674994945526,0.4722222222222222,0.7142567309233976,0.6153846153846154,0.0,0.613805890083313,0.6278681925364903,0.0671013311616012,0.12856564883674895,0.0,0.0,0.0,0.0,0.0,18473,global,0.0
3,3,lr1e-04_bs8_drop0p4_temp2p0_a0p25_b0p05__wd1e-04trmiss0_degmodglobal,8,0.0001,0.0001,0.4,2.0,0.25,0.05,lr1e-04_bs8_drop0p4_temp2p0_a0p25_b0p05__wd1e-04trmiss0_degmodglobal,5,0.6803520151547023,0.7003886997699738,0.4722222222222222,0.7142567309233976,0.6153846153846154,0.0,0.6002653326307025,0.6559799654143197,0.06943766506654876,0.140252628496715,0.0,0.0,0.0,0.0,0.0,18473,global,0.0
3,3,lr1e-04_bs8_drop0p4_temp2p0_a0p25_b0p05__wd1e-04trmiss0_degmodglobal,8,0.0001,0.0001,0.4,2.0,0.25,0.05,lr1e-04_bs8_drop0p4_temp2p0_a0p25_b0p05__wd1e-04trmiss0_degmodglobal,6,0.6527160917009626,0.7063581645488739,0.4444444444444444,0.6587011753678421,0.5384615384615384,0.0,0.6046518427985055,0.6237031647137233,0.07704863058669227,0.19501535594463348,0.0,0.0,0.0,0.0,0.0,18473,global,0.0
3,3,lr1e-04_bs8_drop0p4_temp2p0_a0p25_b0p05__wd1e-04trmiss0_degmodglobal,8,0.0001,0.0001,0.4,2.0,0.25,0.05,lr1e-04_bs8_drop0p4_temp2p0_a0p25_b0p05__wd1e-04trmiss0_degmodglobal,7,0.6429622599056789,0.7141375839710236,0.5277777777777778,0.7019671686338353,0.5384615384615384,0.0,0.6141421369143895,0.6227623905454364,0.05496373825839588,0.1291785410472325,0.0,0.0,0.0,0.0,0.0,18473,global,0.0
3,3,lr1e-04_bs8_drop0p4_temp2p0_a0p25_b0p05__wd1e-04trmiss0_degmodglobal,8,0.0001,0.0001,0.4,2.0,0.25,0.05,lr1e-04_bs8_drop0p4_temp2p0_a0p25_b0p05__wd1e-04trmiss0_degmodglobal,8,0.6329094682421003,0.7098105251789093,0.5,0.6853005019671686,0.5384615384615384,0.0,0.6101714202335903,0.6108829038483756,0.05898096997823034,0.14562663223062242,0.0,0.0,0.0,0.0,0.0,18473,global,0.0
3,3,lr1e-04_bs8_drop0p4_temp2p0_a0p25_b0p05__wd1e-04trmiss0_degmodglobal,8,0.0001,0.0001,0.4,2.0,0.25,0.05,lr1e-04_bs8_drop0p4_temp2p0_a0p25_b0p05__wd1e-04trmiss0_degmodglobal,9,0.6440246786390033,0.7093903422355652,0.49999999999999994,0.6938863605530272,0.5384615384615384,0.0,0.6003002013478961,0.6220072593007769,0.05880208579557283,0.14633775183132716,0.0,0.0,0.0,0.0,0.0,18473,global,0.0
3,3,lr1e-04_bs8_drop0p4_temp2p0_a0p25_b0p05__wd1e-04trmiss0_degmodglobal,8,0.0001,0.0001,0.4,2.0,0.25,0.05,lr1e-04_bs8_drop0p4_temp2p0_a0p25_b0p05__wd1e-04trmiss0_degmodglobal,10,0.6211541039603097,0.707810789346695,0.49999999999999994,0.6938863605530272,0.5384615384615384,0.0,0.5594870448112488,0.5942412785121373,0.07716838137379714,0.1524142548441887,0.0,0.0,0.0,0.0,0.0,18473,global,0.0
3,3,lr1e-04_bs8_drop0p4_temp2p0_a0p25_b0p05__wd1e-04trmiss0_degmodglobal,8,0.0001,0.0001,0.4,2.0,0.25,0.05,lr1e-04_bs8_drop0p4_temp2p0_a0p25_b0p05__wd1e-04trmiss0_degmodglobal,11,0.5973090103694371,0.7129274904727936,0.47222222222222215,0.6852443852443852,0.5384615384615384,0.0,0.5754437957491193,0.5700188151427678,0.07481225154229573,0.1717428086059434,0.0,0.0,0.0,0.0,0.0,18473,global,0.0
3,3,lr1e-04_bs8_drop0p4_temp2p0_a0p25_b0p05__wd1e-04trmiss0_degmodglobal,8,0.0001,0.0001,0.4,2.0,0.25,0.05,lr1e-04_bs8_drop0p4_temp2p0_a0p25_b0p05__wd1e-04trmiss0_degmodglobal,12,0.6062868152345929,0.7138433456420898,0.49999999999999994,0.7000592000592001,0.46153846153846156,0.0,0.5743984665189471,0.5845381532396589,0.05552278246198382,0.1573591540966715,0.0,0.0,0.0,0.0,0.0,18473,global,0.0
3,3,lr1e-04_bs8_drop0p4_temp2p0_a0p25_b0p05__wd1e-04trmiss0_degmodglobal,8,0.0001,0.0001,0.4,2.0,0.25,0.05,lr1e-04_bs8_drop0p4_temp2p0_a0p25_b0p05__wd1e-04trmiss0_degmodglobal,13,0.6520641446113586,0.7125099897384644,0.49999999999999994,0.7000592000592001,0.5384615384615384,0.0,0.5713505234037127,0.6275130340031215,0.06848763195531708,0.14858404121228627,0.0,0.0,0.0,0.0,0.0,18473,global,0.0
3,3,lr1e-04_bs8_drop0p4_temp2p0_a0p25_b0p05__wd1e-04trmiss0_degmodglobal,8,0.0001,0.0001,0.4,2.0,0.25,0.05,lr1e-04_bs8_drop0p4_temp2p0_a0p25_b0p05__wd1e-04trmiss0_degmodglobal,14,0.5887910979134696,0.7115089297294617,0.49999999999999994,0.7000592000592001,0.46153846153846156,0.0,0.5712544577462333,0.5661388635635376,0.06808862462639809,0.11260146115507398,0.0,0.0,0.0,0.0,0.0,18473,global,0.0
3,3,lr1e-04_bs8_drop0p4_temp2p0_a0p25_b0p05__wd1e-04trmiss0_degmodglobal,8,0.0001,0.0001,0.4,2.0,0.25,0.05,lr1e-04_bs8_drop0p4_temp2p0_a0p25_b0p05__wd1e-04trmiss0_degmodglobal,15,0.6447271108627319,0.7108611166477203,0.49999999999999994,0.6938863605530272,0.46153846153846156,0.0,0.5529945237295968,0.6167026502745492,0.07815457507967949,0.16971627942153386,0.0,0.0,0.0,0.0,0.0,18473,global,0.0
3,3,lr1e-04_bs8_drop0p4_temp2p0_a0p25_b0p05__wd1e-04trmiss0_degmodglobal,8,0.0001,0.0001,0.4,2.0,0.25,0.05,lr1e-04_bs8_drop0p4_temp2p0_a0p25_b0p05__wd1e-04trmiss0_degmodglobal,16,0.5890388999666486,0.7104529440402985,0.49999999999999994,0.7000592000592001,0.6153846153846154,0.0,0.5507848645959582,0.568213701248169,0.055817910603114536,0.13741458526679448,0.0,0.0,0.0,0.0,0.0,18473,global,0.0
3,3,lr1e-04_bs8_drop0p4_temp2p0_a0p25_b0p05__wd1e-04trmiss0_degmodglobal,8,0.0001,0.0001,0.4,2.0,0.25,0.05,lr1e-04_bs8_drop0p4_temp2p0_a0p25_b0p05__wd1e-04trmiss0_degmodglobal,17,0.5830683197293963,0.7149252891540527,0.5555555555555556,0.7251914751914752,0.6923076923076923,0.0,0.5437328176839011,0.5553395364965711,0.07671584295375007,0.1709964605314391,0.0,0.0,0.0,0.0,0.0,18473,global,0.0
3,3,lr1e-04_bs8_drop0p4_temp2p0_a0p25_b0p05__wd1e-04trmiss0_degmodglobal,8,0.0001,0.0001,0.4,2.0,0.25,0.05,lr1e-04_bs8_drop0p4_temp2p0_a0p25_b0p05__wd1e-04trmiss0_degmodglobal,18,0.5888209683554513,0.7147298455238342,0.5555555555555556,0.7251914751914752,0.6153846153846154,0.0,0.514287280184882,0.5631092190742493,0.06906967077936445,0.16888678073883057,0.0,0.0,0.0,0.0,0.0,18473,global,0.0
3,3,lr1e-04_bs8_drop0p4_temp2p0_a0p25_b0p05__wd1e-04trmiss0_degmodglobal,8,0.0001,0.0001,0.4,2.0,0.25,0.05,lr1e-04_bs8_drop0p4_temp2p0_a0p25_b0p05__wd1e-04trmiss0_degmodglobal,19,0.603676404271807,0.7119516134262085,0.49999999999999994,0.7000592000592001,0.5384615384615384,0.0,0.5417555826050895,0.5801782097135272,0.0638658728982721,0.15063472092151642,0.0,0.0,0.0,0.0,0.0,18473,global,0.0
3,3,lr1e-04_bs8_drop0p4_temp2p0_a0p25_b0p05__wd1e-04trmiss0_degmodglobal,8,0.0001,0.0001,0.4,2.0,0.25,0.05,lr1e-04_bs8_drop0p4_temp2p0_a0p25_b0p05__wd1e-04trmiss0_degmodglobal,20,0.6019900356020246,0.7116031050682068,0.5555555555555556,0.7251914751914752,0.6153846153846154,0.0,0.525413955960955,0.5765819123813084,0.07060167672378677,0.15515449217387609,0.0,0.0,0.0,0.0,0.0,18473,global,0.0
3,3,lr1e-04_bs8_drop0p4_temp2p0_a0p25_b0p05__wd1e-04trmiss0_degmodglobal,8,0.0001,0.0001,0.4,2.0,0.25,0.05,lr1e-04_bs8_drop0p4_temp2p0_a0p25_b0p05__wd1e-04trmiss0_degmodglobal,21,0.599782407283783,0.7110849618911743,0.5277777777777777,0.7132867132867133,0.6153846153846154,0.0,0.5467246813433511,0.5786572865077427,0.05820300057530403,0.13148726522922516,0.0,0.0,0.0,0.0,0.0,18473,global,0.0
3,3,lr1e-04_bs8_drop0p4_temp2p0_a0p25_b0p05__wd1e-04trmiss0_degmodglobal,8,0.0001,0.0001,0.4,2.0,0.25,0.05,lr1e-04_bs8_drop0p4_temp2p0_a0p25_b0p05__wd1e-04trmiss0_degmodglobal,22,0.5887990253312247,0.7098576724529266,0.49999999999999994,0.7000592000592001,0.5384615384615384,0.0,0.5304163268634251,0.5560196552957807,0.08373124524950981,0.23693095360483443,0.0,0.0,0.0,0.0,0.0,18473,global,0.0
3,3,lr1e-04_bs8_drop0p4_temp2p0_a0p25_b0p05__wd1e-04trmiss0_degmodglobal,8,0.0001,0.0001,0.4,2.0,0.25,0.05,lr1e-04_bs8_drop0p4_temp2p0_a0p25_b0p05__wd1e-04trmiss0_degmodglobal,23,0.5794810652732849,0.7090858519077301,0.4444444444444444,0.7216200466200466,0.38461538461538464,0.0,0.5466907450131008,0.5515626115458352,0.07592336886695453,0.17875214985438756,0.0,0.0,0.0,0.0,0.0,18473,global,0.0
3,3,lr1e-04_bs8_drop0p4_temp2p0_a0p25_b0p05__wd1e-04trmiss0_degmodglobal,8,0.0001,0.0001,0.4,2.0,0.25,0.05,lr1e-04_bs8_drop0p4_temp2p0_a0p25_b0p05__wd1e-04trmiss0_degmodglobal,24,0.5875945176397052,0.7165916562080383,0.4722222222222222,0.7364348614348615,0.5384615384615384,0.0,0.5516453385353088,0.5653570805277143,0.06344076033149447,0.12754520241703307,0.0,0.0,0.0,0.0,0.0,18473,global,0.0
3,3,lr1e-04_bs8_drop0p4_temp2p0_a0p25_b0p05__wd1e-04trmiss0_degmodglobal,8,0.0001,0.0001,0.4,2.0,0.25,0.05,lr1e-04_bs8_drop0p4_temp2p0_a0p25_b0p05__wd1e-04trmiss0_degmodglobal,25,0.5773615964821407,0.7162841260433197,0.4722222222222222,0.6907999407999409,0.5384615384615384,0.0,0.511245629617146,0.550538454736982,0.06927536055445671,0.19008579956633703,0.0,0.0,0.0,0.0,0.0,18473,global,0.0
3,3,lr1e-04_bs8_drop0p4_temp2p0_a0p25_b0p05__wd1e-04trmiss0_degmodglobal,8,0.0001,0.0001,0.4,2.0,0.25,0.05,lr1e-04_bs8_drop0p4_temp2p0_a0p25_b0p05__wd1e-04trmiss0_degmodglobal,26,0.5833256755556379,0.7169706523418427,0.5277777777777777,0.7556147556147557,0.46153846153846156,0.0,0.5691323280334473,0.5638392610209328,0.06264878915888923,0.0764843001961708,0.0,0.0,0.0,0.0,0.0,18473,global,0.0
3,3,lr1e-04_bs8_drop0p4_temp2p0_a0p25_b0p05__wd1e-04trmiss0_degmodglobal,8,0.0001,0.0001,0.4,2.0,0.25,0.05,lr1e-04_bs8_drop0p4_temp2p0_a0p25_b0p05__wd1e-04trmiss0_degmodglobal,27,0.5755493130002703,0.7164892256259918,0.49999999999999994,0.7000592000592001,0.5384615384615384,0.0,0.5494694922651563,0.5549664156777518,0.054512678512505124,0.13909454750163214,0.0,0.0,0.0,0.0,0.0,18473,global,0.0
3,3,lr1e-04_bs8_drop0p4_temp2p0_a0p25_b0p05__wd1e-04trmiss0_degmodglobal,8,0.0001,0.0001,0.4,2.0,0.25,0.05,lr1e-04_bs8_drop0p4_temp2p0_a0p25_b0p05__wd1e-04trmiss0_degmodglobal,28,0.5737588831356594,0.718912273645401,0.49999999999999994,0.7000592000592001,0.5384615384615384,0.0,0.5276362640517098,0.5548602002007621,0.05119452625513077,0.12200122166957174,0.0,0.0,0.0,0.0,0.0,18473,global,0.0
3,3,lr1e-04_bs8_drop0p4_temp2p0_a0p25_b0p05__wd1e-04trmiss0_degmodglobal,8,0.0001,0.0001,0.4,2.0,0.25,0.05,lr1e-04_bs8_drop0p4_temp2p0_a0p25_b0p05__wd1e-04trmiss0_degmodglobal,29,0.6179620282990592,0.7165332138538361,0.49999999999999994,0.7000592000592001,0.5384615384615384,0.0,0.547756518636431,0.5935657109533038,0.06475941969880036,0.16412937215396337,0.0,0.0,0.0,0.0,0.0,18473,global,0.0
3,3,lr1e-04_bs8_drop0p4_temp2p0_a0p25_b0p05__wd1e-04trmiss0_degmodglobal,8,0.0001,0.0001,0.4,2.0,0.25,0.05,lr1e-04_bs8_drop0p4_temp2p0_a0p25_b0p05__wd1e-04trmiss0_degmodglobal,30,0.5631715995924813,0.7191146910190582,0.49999999999999994,0.7000592000592001,0.5384615384615384,0.0,0.5088095537253788,0.5360024443694523,0.0785869551556451,0.15044827120644705,0.0,0.0,0.0,0.0,0.0,18473,global,0.0
3,3,lr1e-04_bs8_drop0p4_temp2p0_a0p25_b0p05__wd1e-04trmiss0_degmodglobal,8,0.0001,0.0001,0.4,2.0,0.25,0.05,lr1e-04_bs8_drop0p4_temp2p0_a0p25_b0p05__wd1e-04trmiss0_degmodglobal,31,0.567660527569907,0.711586982011795,0.4722222222222222,0.7364348614348615,0.46153846153846156,0.0,0.5066915665354047,0.5409467050007412,0.07004004078251976,0.18407667747565679,0.0,0.0,0.0,0.0,0.0,18473,global,0.0
3,3,lr1e-04_bs8_drop0p4_temp2p0_a0p25_b0p05__wd1e-04trmiss0_degmodglobal,8,0.0001,0.0001,0.4,2.0,0.25,0.05,lr1e-04_bs8_drop0p4_temp2p0_a0p25_b0p05__wd1e-04trmiss0_degmodglobal,32,0.5800608141081673,0.7120823264122009,0.4444444444444444,0.7216200466200466,0.46153846153846156,0.0,0.5198458348001752,0.5555292112486703,0.06783493022833552,0.15145765244960785,0.0,0.0,0.0,0.0,0.0,18473,global,0.0
3,3,lr1e-04_bs8_drop0p4_temp2p0_a0p25_b0p05__wd1e-04trmiss0_degmodglobal,8,0.0001,0.0001,0.4,2.0,0.25,0.05,lr1e-04_bs8_drop0p4_temp2p0_a0p25_b0p05__wd1e-04trmiss0_degmodglobal,33,0.5819025763443538,0.7165581583976746,0.4444444444444444,0.7216200466200466,0.46153846153846156,0.0,0.548597663640976,0.5570238019738879,0.06823262199759483,0.15641248651913234,0.0,0.0,0.0,0.0,0.0,18473,global,0.0
3,3,lr1e-04_bs8_drop0p4_temp2p0_a0p25_b0p05__wd1e-04trmiss0_degmodglobal,8,0.0001,0.0001,0.4,2.0,0.25,0.05,lr1e-04_bs8_drop0p4_temp2p0_a0p25_b0p05__wd1e-04trmiss0_degmodglobal,34,0.5761501363345555,0.7189954817295074,0.4444444444444444,0.7216200466200466,0.38461538461538464,0.0,0.5458754215921674,0.5526651612349919,0.06726553929703576,0.13337194280964987,0.0,0.0,0.0,0.0,0.0,18473,global,0.0
3,3,lr1e-04_bs8_drop0p4_temp2p0_a0p25_b0p05__wd1e-04trmiss0_degmodglobal,8,0.0001,0.0001,0.4,2.0,0.25,0.05,lr1e-04_bs8_drop0p4_temp2p0_a0p25_b0p05__wd1e-04trmiss0_degmodglobal,35,0.5918194821902684,0.7142216265201569,0.4444444444444444,0.7216200466200466,0.46153846153846156,0.0,0.5239088790757316,0.5712749702589852,0.05849531612225941,0.11841393049274172,0.0,0.0,0.0,0.0,0.0,18473,global,0.0
3,3,lr1e-04_bs8_drop0p4_temp2p0_a0p25_b0p05__wd1e-04trmiss0_degmodglobal,8,0.0001,0.0001,0.4,2.0,0.25,0.05,lr1e-04_bs8_drop0p4_temp2p0_a0p25_b0p05__wd1e-04trmiss0_degmodglobal,36,0.6005500299589974,0.7111733257770538,0.4722222222222222,0.7364348614348615,0.46153846153846156,0.0,0.5253896755831582,0.5738749163491386,0.07596580471311297,0.15367338274206435,0.0,0.0,0.0,0.0,0.0,18473,global,0.0
3,3,lr1e-04_bs8_drop0p4_temp2p0_a0p25_b0p05__wd1e-04trmiss0_degmodglobal,8,0.0001,0.0001,0.4,2.0,0.25,0.05,lr1e-04_bs8_drop0p4_temp2p0_a0p25_b0p05__wd1e-04trmiss0_degmodglobal,37,0.6001174875668117,0.7147358059883118,0.4722222222222222,0.7364348614348615,0.46153846153846156,0.0,0.49537005594798494,0.574573278427124,0.07018316750015531,0.15996808132955007,0.0,0.0,0.0,0.0,0.0,18473,global,0.0
3,3,lr1e-04_bs8_drop0p4_temp2p0_a0p25_b0p05__wd1e-04trmiss0_degmodglobal,8,0.0001,0.0001,0.4,2.0,0.25,0.05,lr1e-04_bs8_drop0p4_temp2p0_a0p25_b0p05__wd1e-04trmiss0_degmodglobal,38,0.5822483812059674,0.7081867158412933,0.4444444444444444,0.7216200466200466,0.38461538461538464,0.0,0.49753211225782124,0.5588962265423366,0.06152349870119776,0.15942542254924774,0.0,0.0,0.0,0.0,0.0,18473,global,0.0
3,3,lr1e-04_bs8_drop0p4_temp2p0_a0p25_b0p05__wd1e-04trmiss0_degmodglobal,8,0.0001,0.0001,0.4,2.0,0.25,0.05,lr1e-04_bs8_drop0p4_temp2p0_a0p25_b0p05__wd1e-04trmiss0_degmodglobal,39,0.6002414737428937,0.710356593132019,0.4444444444444444,0.7216200466200466,0.38461538461538464,0.0,0.5288298853806087,0.5761171579360962,0.06595109988536153,0.15273064428142138,0.0,0.0,0.0,0.0,0.0,18473,global,0.0
3,3,lr1e-04_bs8_drop0p4_temp2p0_a0p25_b0p05__wd1e-04trmiss0_degmodglobal,8,0.0001,0.0001,0.4,2.0,0.25,0.05,lr1e-04_bs8_drop0p4_temp2p0_a0p25_b0p05__wd1e-04trmiss0_degmodglobal,40,0.5818787259714944,0.7079732716083527,0.41666666666666663,0.711038036038036,0.38461538461538464,0.0,0.4922466661248888,0.5536755919456482,0.07955428904720716,0.16629123261996678,0.0,0.0,0.0,0.0,0.0,18473,global,0.0
3,3,lr5e-05_bs8_drop0p2_temp1p0_a0p25_b0p05__wd1e-04trmiss0_degmodglobal,8,5e-05,0.0001,0.2,1.0,0.25,0.05,lr5e-05_bs8_drop0p2_temp1p0_a0p25_b0p05__wd1e-04trmiss0_degmodglobal,1,0.7177139520645142,0.6843940615653992,0.4444444444444445,0.7383708883708884,0.5384615384615384,0.0,0.700368310723986,0.6992762514523098,0.04260016578648772,0.15575326659849711,0.0,0.0,0.0,0.0,0.0,18473,global,0.0
3,3,lr5e-05_bs8_drop0p2_temp1p0_a0p25_b0p05__wd1e-04trmiss0_degmodglobal,8,5e-05,0.0001,0.2,1.0,0.25,0.05,lr5e-05_bs8_drop0p2_temp1p0_a0p25_b0p05__wd1e-04trmiss0_degmodglobal,2,0.7022494929177421,0.6848708689212799,0.4166666666666667,0.6828153328153329,0.5384615384615384,0.0,0.6770395636558533,0.6852381144251142,0.044083161279559135,0.11981186270713806,0.0,0.0,0.0,0.0,0.0,18473,global,0.0
3,3,lr5e-05_bs8_drop0p2_temp1p0_a0p25_b0p05__wd1e-04trmiss0_degmodglobal,8,5e-05,0.0001,0.2,1.0,0.25,0.05,lr5e-05_bs8_drop0p2_temp1p0_a0p25_b0p05__wd1e-04trmiss0_degmodglobal,3,0.6732751727104187,0.68549844622612,0.4166666666666667,0.6828153328153329,0.5384615384615384,0.0,0.6344345211982727,0.6561224120003837,0.04161528338279043,0.13497898887310708,0.0,0.0,0.0,0.0,0.0,18473,global,0.0
3,3,lr5e-05_bs8_drop0p2_temp1p0_a0p25_b0p05__wd1e-04trmiss0_degmodglobal,8,5e-05,0.0001,0.2,1.0,0.25,0.05,lr5e-05_bs8_drop0p2_temp1p0_a0p25_b0p05__wd1e-04trmiss0_degmodglobal,4,0.6447032008852277,0.6875923573970795,0.4444444444444445,0.7383708883708884,0.46153846153846156,0.0,0.6172905990055629,0.6288368787084307,0.043056103001747816,0.1020458819610732,0.0,0.0,0.0,0.0,0.0,18473,global,0.0
3,3,lr5e-05_bs8_drop0p2_temp1p0_a0p25_b0p05__wd1e-04trmiss0_degmodglobal,8,5e-05,0.0001,0.2,1.0,0.25,0.05,lr5e-05_bs8_drop0p2_temp1p0_a0p25_b0p05__wd1e-04trmiss0_degmodglobal,5,0.6229277764047895,0.6833981275558472,0.4444444444444445,0.7383708883708884,0.5384615384615384,0.0,0.6048859272684369,0.6027987854821342,0.05623989978006908,0.12138013169169426,0.0,0.0,0.0,0.0,0.0,18473,global,0.0
3,3,lr5e-05_bs8_drop0p2_temp1p0_a0p25_b0p05__wd1e-04trmiss0_degmodglobal,8,5e-05,0.0001,0.2,1.0,0.25,0.05,lr5e-05_bs8_drop0p2_temp1p0_a0p25_b0p05__wd1e-04trmiss0_degmodglobal,6,0.6380688548088074,0.6836561262607574,0.4722222222222222,0.7418100418100417,0.5384615384615384,0.0,0.6150025044168744,0.6230348859514508,0.038607150449284484,0.10764379160744804,0.0,0.0,0.0,0.0,0.0,18473,global,0.0
3,3,lr5e-05_bs8_drop0p2_temp1p0_a0p25_b0p05__wd1e-04trmiss0_degmodglobal,8,5e-05,0.0001,0.2,1.0,0.25,0.05,lr5e-05_bs8_drop0p2_temp1p0_a0p25_b0p05__wd1e-04trmiss0_degmodglobal,7,0.6183250972202846,0.6859538853168488,0.4166666666666667,0.7251433751433751,0.5384615384615384,0.0,0.5869149735995701,0.5999484743390765,0.05446953885257244,0.09518450924328395,0.0,0.0,0.0,0.0,0.0,18473,global,0.0
3,3,lr5e-05_bs8_drop0p2_temp1p0_a0p25_b0p05__wd1e-04trmiss0_degmodglobal,8,5e-05,0.0001,0.2,1.0,0.25,0.05,lr5e-05_bs8_drop0p2_temp1p0_a0p25_b0p05__wd1e-04trmiss0_degmodglobal,8,0.6312717539923531,0.6846681535243988,0.3888888888888889,0.701069301069301,0.5384615384615384,0.0,0.585830305303846,0.6159851636205401,0.04059741513005325,0.10274472460150719,0.0,0.0,0.0,0.0,0.0,18473,global,0.0
3,3,lr5e-05_bs8_drop0p2_temp1p0_a0p25_b0p05__wd1e-04trmiss0_degmodglobal,8,5e-05,0.0001,0.2,1.0,0.25,0.05,lr5e-05_bs8_drop0p2_temp1p0_a0p25_b0p05__wd1e-04trmiss0_degmodglobal,9,0.6050673723220825,0.6840285658836365,0.41666666666666663,0.7473655973655975,0.46153846153846156,0.0,0.5924988814762661,0.5886079754148211,0.042774987540074756,0.11531290199075427,0.0,0.0,0.0,0.0,0.0,18473,global,0.0
3,3,lr5e-05_bs8_drop0p2_temp1p0_a0p25_b0p05__wd1e-04trmiss0_degmodglobal,8,5e-05,0.0001,0.2,1.0,0.25,0.05,lr5e-05_bs8_drop0p2_temp1p0_a0p25_b0p05__wd1e-04trmiss0_degmodglobal,10,0.6371276548930577,0.6751454770565033,0.4722222222222222,0.7260412427079095,0.6923076923076923,0.0,0.5807822602135795,0.6189959985869271,0.0512948041515691,0.10615898269627776,0.0,0.0,0.0,0.0,0.0,18473,global,0.0
3,3,lr5e-05_bs8_drop0p2_temp1p0_a0p25_b0p05__wd1e-04trmiss0_degmodglobal,8,5e-05,0.0001,0.2,1.0,0.25,0.05,lr5e-05_bs8_drop0p2_temp1p0_a0p25_b0p05__wd1e-04trmiss0_degmodglobal,11,0.5839558328901019,0.6748227775096893,0.5277777777777778,0.7287477954144621,0.6923076923076923,0.0,0.5694161227771214,0.5659334404127938,0.051247945321457725,0.10420792922377586,0.0,0.0,0.0,0.0,0.0,18473,global,0.0
3,3,lr5e-05_bs8_drop0p2_temp1p0_a0p25_b0p05__wd1e-04trmiss0_degmodglobal,8,5e-05,0.0001,0.2,1.0,0.25,0.05,lr5e-05_bs8_drop0p2_temp1p0_a0p25_b0p05__wd1e-04trmiss0_degmodglobal,12,0.6065626399857658,0.6768610179424286,0.4722222222222222,0.7142567309233976,0.6923076923076923,0.0,0.5712950995990208,0.587982313973563,0.04841889986502273,0.12951202797038214,0.0,0.0,0.0,0.0,0.0,18473,global,0.0
3,3,lr5e-05_bs8_drop0p2_temp1p0_a0p25_b0p05__wd1e-04trmiss0_degmodglobal,8,5e-05,0.0001,0.2,1.0,0.25,0.05,lr5e-05_bs8_drop0p2_temp1p0_a0p25_b0p05__wd1e-04trmiss0_degmodglobal,13,0.5898748976843697,0.6789574027061462,0.4722222222222222,0.7260412427079095,0.5384615384615384,0.0,0.5307752192020416,0.5705362217766898,0.0543355755507946,0.115095673927239,0.0,0.0,0.0,0.0,0.0,18473,global,0.0
3,3,lr5e-05_bs8_drop0p2_temp1p0_a0p25_b0p05__wd1e-04trmiss0_degmodglobal,8,5e-05,0.0001,0.2,1.0,0.25,0.05,lr5e-05_bs8_drop0p2_temp1p0_a0p25_b0p05__wd1e-04trmiss0_degmodglobal,14,0.5719553657940456,0.684168130159378,0.4444444444444444,0.7075227241893909,0.6923076923076923,0.0,0.5336586960724422,0.5544072219303676,0.047288463317922184,0.11452041859073299,0.0,0.0,0.0,0.0,0.0,18473,global,0.0
3,3,lr5e-05_bs8_drop0p2_temp1p0_a0p25_b0p05__wd1e-04trmiss0_degmodglobal,8,5e-05,0.0001,0.2,1.0,0.25,0.05,lr5e-05_bs8_drop0p2_temp1p0_a0p25_b0p05__wd1e-04trmiss0_degmodglobal,15,0.592045749936785,0.6876676082611084,0.4444444444444444,0.7075227241893909,0.6153846153846154,0.0,0.541776499577931,0.5737376638821193,0.05109729138868196,0.11067557813865798,0.0,0.0,0.0,0.0,0.0,18473,global,0.0
3,3,lr5e-05_bs8_drop0p2_temp1p0_a0p25_b0p05__wd1e-04trmiss0_degmodglobal,8,5e-05,0.0001,0.2,1.0,0.25,0.05,lr5e-05_bs8_drop0p2_temp1p0_a0p25_b0p05__wd1e-04trmiss0_degmodglobal,16,0.5796132513454982,0.6873250305652618,0.5277777777777778,0.7002966169632837,0.5384615384615384,0.0,0.5419894329139164,0.5591404012271336,0.058972710211362155,0.11459377833775111,0.0,0.0,0.0,0.0,0.0,18473,global,0.0
3,3,lr5e-05_bs8_drop0p2_temp1p0_a0p25_b0p05__wd1e-04trmiss0_degmodglobal,8,5e-05,0.0001,0.2,1.0,0.25,0.05,lr5e-05_bs8_drop0p2_temp1p0_a0p25_b0p05__wd1e-04trmiss0_degmodglobal,17,0.5648501174790519,0.675787627696991,0.5277777777777778,0.7391855058521726,0.6923076923076923,0.0,0.5164803777422223,0.545580540384565,0.05656587864671435,0.10256208798715047,0.0,0.0,0.0,0.0,0.0,18473,global,0.0
3,3,lr5e-05_bs8_drop0p2_temp1p0_a0p25_b0p05__wd1e-04trmiss0_degmodglobal,8,5e-05,0.0001,0.2,1.0,0.25,0.05,lr5e-05_bs8_drop0p2_temp1p0_a0p25_b0p05__wd1e-04trmiss0_degmodglobal,18,0.5579227464539664,0.6755721569061279,0.4444444444444444,0.7075227241893909,0.6923076923076923,0.0,0.5237650871276855,0.536555894783565,0.0645807364157268,0.1044332959822246,0.0,0.0,0.0,0.0,0.0,18473,global,0.0
3,3,lr5e-05_bs8_drop0p2_temp1p0_a0p25_b0p05__wd1e-04trmiss0_degmodglobal,8,5e-05,0.0001,0.2,1.0,0.25,0.05,lr5e-05_bs8_drop0p2_temp1p0_a0p25_b0p05__wd1e-04trmiss0_degmodglobal,19,0.569247944014413,0.6779467761516571,0.4444444444444444,0.7075227241893909,0.6923076923076923,0.0,0.5015610201018197,0.5437674437250409,0.06921272671648435,0.1635461880692414,0.0,0.0,0.0,0.0,0.0,18473,global,0.0
3,3,lr5e-05_bs8_drop0p2_temp1p0_a0p25_b0p05__wd1e-04trmiss0_degmodglobal,8,5e-05,0.0001,0.2,1.0,0.25,0.05,lr5e-05_bs8_drop0p2_temp1p0_a0p25_b0p05__wd1e-04trmiss0_degmodglobal,20,0.5660839676856995,0.6802675426006317,0.5,0.7427079093745761,0.6923076923076923,0.0,0.5105088864053998,0.5463238401072366,0.0565239643411977,0.11258279000009809,0.0,0.0,0.0,0.0,0.0,18473,global,0.0
3,3,lr5e-05_bs8_drop0p2_temp1p0_a0p25_b0p05__wd1e-04trmiss0_degmodglobal,8,5e-05,0.0001,0.2,1.0,0.25,0.05,lr5e-05_bs8_drop0p2_temp1p0_a0p25_b0p05__wd1e-04trmiss0_degmodglobal,21,0.5557724578039986,0.6855085790157318,0.5,0.7019671686338353,0.5384615384615384,0.0,0.5130748195307595,0.539018988609314,0.04751082802457469,0.09751549336527075,0.0,0.0,0.0,0.0,0.0,18473,global,0.0
3,3,lr5e-05_bs8_drop0p2_temp1p0_a0p25_b0p05__wd1e-04trmiss0_degmodglobal,8,5e-05,0.0001,0.2,1.0,0.25,0.05,lr5e-05_bs8_drop0p2_temp1p0_a0p25_b0p05__wd1e-04trmiss0_degmodglobal,22,0.5514113562447684,0.6865334212779999,0.5555555555555556,0.7151114317780985,0.5384615384615384,0.0,0.5060187578201294,0.5313578758920942,0.060059688453163416,0.1007711376462664,0.0,0.0,0.0,0.0,0.0,18473,global,0.0
3,3,lr5e-05_bs8_drop0p2_temp1p0_a0p25_b0p05__wd1e-04trmiss0_degmodglobal,8,5e-05,0.0001,0.2,1.0,0.25,0.05,lr5e-05_bs8_drop0p2_temp1p0_a0p25_b0p05__wd1e-04trmiss0_degmodglobal,23,0.5505420735904148,0.6973025500774384,0.47222222222222215,0.6852443852443852,0.5384615384615384,0.0,0.5040405988693237,0.5307254450661796,0.059083422113742144,0.1009155022246497,0.0,0.0,0.0,0.0,0.0,18473,global,0.0
3,3,lr5e-05_bs8_drop0p2_temp1p0_a0p25_b0p05__wd1e-04trmiss0_degmodglobal,8,5e-05,0.0001,0.2,1.0,0.25,0.05,lr5e-05_bs8_drop0p2_temp1p0_a0p25_b0p05__wd1e-04trmiss0_degmodglobal,24,0.5673325232097081,0.6869614124298096,0.5277777777777777,0.708701175367842,0.6153846153846154,0.0,0.5074444668633598,0.5455030202865601,0.05982500155057226,0.13746507785149983,0.0,0.0,0.0,0.0,0.0,18473,global,0.0
3,3,lr5e-05_bs8_drop0p2_temp1p0_a0p25_b0p05__wd1e-04trmiss0_degmodglobal,8,5e-05,0.0001,0.2,1.0,0.25,0.05,lr5e-05_bs8_drop0p2_temp1p0_a0p25_b0p05__wd1e-04trmiss0_degmodglobal,25,0.5378747795309339,0.6884393393993378,0.5,0.7427079093745761,0.6153846153846154,0.0,0.47645653997148785,0.5136282614299229,0.07250317851347583,0.12241436913609505,0.0,0.0,0.0,0.0,0.0,18473,global,0.0
3,3,lr5e-05_bs8_drop0p2_temp1p0_a0p25_b0p05__wd1e-04trmiss0_degmodglobal,8,5e-05,0.0001,0.2,1.0,0.25,0.05,lr5e-05_bs8_drop0p2_temp1p0_a0p25_b0p05__wd1e-04trmiss0_degmodglobal,26,0.5694881762777056,0.688451737165451,0.5,0.7427079093745761,0.6153846153846154,0.0,0.5142186539513725,0.5500446387699672,0.05472706098641668,0.11523535634790148,0.0,0.0,0.0,0.0,0.0,18473,global,0.0
3,3,lr5e-05_bs8_drop0p2_temp1p0_a0p25_b0p05__wd1e-04trmiss0_degmodglobal,8,5e-05,0.0001,0.2,1.0,0.25,0.05,lr5e-05_bs8_drop0p2_temp1p0_a0p25_b0p05__wd1e-04trmiss0_degmodglobal,27,0.5440053726945605,0.6909314692020416,0.5,0.7427079093745761,0.5384615384615384,0.0,0.48601434912000385,0.5183957687446049,0.07796949414270264,0.12234448455274105,0.0,0.0,0.0,0.0,0.0,18473,global,0.0
3,3,lr5e-05_bs8_drop0p2_temp1p0_a0p25_b0p05__wd1e-04trmiss0_degmodglobal,8,5e-05,0.0001,0.2,1.0,0.25,0.05,lr5e-05_bs8_drop0p2_temp1p0_a0p25_b0p05__wd1e-04trmiss0_degmodglobal,28,0.5481195279530117,0.6885201334953308,0.5,0.7427079093745761,0.6153846153846154,0.0,0.46417857493673054,0.5249138133866447,0.06600391545466014,0.13409452672515595,0.0,0.0,0.0,0.0,0.0,18473,global,0.0
3,3,lr5e-05_bs8_drop0p2_temp1p0_a0p25_b0p05__wd1e-04trmiss0_degmodglobal,8,5e-05,0.0001,0.2,1.0,0.25,0.05,lr5e-05_bs8_drop0p2_temp1p0_a0p25_b0p05__wd1e-04trmiss0_degmodglobal,29,0.5473635196685791,0.6881158947944641,0.5,0.7427079093745761,0.6923076923076923,0.0,0.48267493503434317,0.5242678906236377,0.06846424431673118,0.11959132179617882,0.0,0.0,0.0,0.0,0.0,18473,global,0.0
3,3,lr5e-05_bs8_drop0p2_temp1p0_a0p25_b0p05__wd1e-04trmiss0_degmodglobal,8,5e-05,0.0001,0.2,1.0,0.25,0.05,lr5e-05_bs8_drop0p2_temp1p0_a0p25_b0p05__wd1e-04trmiss0_degmodglobal,30,0.5322679962430682,0.6868818700313568,0.5,0.7427079093745761,0.6923076923076923,0.0,0.48540891068322317,0.5001092808587211,0.09120684808918408,0.1871399943317686,0.0,0.0,0.0,0.0,0.0,18473,global,0.0
3,3,lr5e-05_bs8_drop0p2_temp1p0_a0p25_b0p05__wd1e-04trmiss0_degmodglobal,8,5e-05,0.0001,0.2,1.0,0.25,0.05,lr5e-05_bs8_drop0p2_temp1p0_a0p25_b0p05__wd1e-04trmiss0_degmodglobal,31,0.5450979002884456,0.6858221888542175,0.5,0.7427079093745761,0.6923076923076923,0.0,0.47488347973142353,0.518658207995551,0.07430928413357053,0.1572476758488587,0.0,0.0,0.0,0.0,0.0,18473,global,0.0
3,3,lr5e-05_bs8_drop0p2_temp1p0_a0p25_b0p05__wd1e-04trmiss0_degmodglobal,8,5e-05,0.0001,0.2,1.0,0.25,0.05,lr5e-05_bs8_drop0p2_temp1p0_a0p25_b0p05__wd1e-04trmiss0_degmodglobal,32,0.5282793513366154,0.6836033761501312,0.5,0.7427079093745761,0.6923076923076923,0.0,0.46550001416887554,0.49891190443720135,0.08407416407551084,0.16697787972433226,0.0,0.0,0.0,0.0,0.0,18473,global,0.0
3,3,lr5e-05_bs8_drop0p2_temp1p0_a0p25_b0p05__wd1e-04trmiss0_degmodglobal,8,5e-05,0.0001,0.2,1.0,0.25,0.05,lr5e-05_bs8_drop0p2_temp1p0_a0p25_b0p05__wd1e-04trmiss0_degmodglobal,33,0.5462877324649266,0.6881589591503143,0.5,0.7427079093745761,0.6923076923076923,0.0,0.47375632183892386,0.5218060740402767,0.07040368339845113,0.13761491647788457,0.0,0.0,0.0,0.0,0.0,18473,global,0.0
3,3,lr5e-05_bs8_drop0p2_temp1p0_a0p25_b0p05__wd1e-04trmiss0_degmodglobal,8,5e-05,0.0001,0.2,1.0,0.25,0.05,lr5e-05_bs8_drop0p2_temp1p0_a0p25_b0p05__wd1e-04trmiss0_degmodglobal,34,0.5202794883932386,0.6841916441917419,0.5,0.7427079093745761,0.6923076923076923,0.0,0.46371821420533316,0.4915370259966169,0.08124561607837677,0.1686213527406965,0.0,0.0,0.0,0.0,0.0,18473,global,0.0
3,3,lr5e-05_bs8_drop0p2_temp1p0_a0p25_b0p05__wd1e-04trmiss0_degmodglobal,8,5e-05,0.0001,0.2,1.0,0.25,0.05,lr5e-05_bs8_drop0p2_temp1p0_a0p25_b0p05__wd1e-04trmiss0_degmodglobal,35,0.5327771476336888,0.6836513578891754,0.5,0.7427079093745761,0.6923076923076923,0.0,0.45006565536771503,0.5068751190389905,0.07593461445399693,0.13836732081004552,0.0,0.0,0.0,0.0,0.0,18473,global,0.0
3,3,lr5e-05_bs8_drop0p2_temp1p0_a0p25_b0p05__wd1e-04trmiss0_degmodglobal,8,5e-05,0.0001,0.2,1.0,0.25,0.05,lr5e-05_bs8_drop0p2_temp1p0_a0p25_b0p05__wd1e-04trmiss0_degmodglobal,36,0.5283197419984,0.6856657862663269,0.5,0.7427079093745761,0.6923076923076923,0.0,0.46931147149630953,0.49753682953970774,0.08623789570161275,0.18446888668196543,0.0,0.0,0.0,0.0,0.0,18473,global,0.0
3,3,lr5e-05_bs8_drop0p2_temp1p0_a0p25_b0p05__wd1e-04trmiss0_degmodglobal,8,5e-05,0.0001,0.2,1.0,0.25,0.05,lr5e-05_bs8_drop0p2_temp1p0_a0p25_b0p05__wd1e-04trmiss0_degmodglobal,37,0.5501543453761509,0.6834149062633514,0.5,0.7427079093745761,0.6923076923076923,0.0,0.4476920877184187,0.5197834329945701,0.08641827745097024,0.17532707750797272,0.0,0.0,0.0,0.0,0.0,18473,global,0.0
3,3,lr5e-05_bs8_drop0p2_temp1p0_a0p25_b0p05__wd1e-04trmiss0_degmodglobal,8,5e-05,0.0001,0.2,1.0,0.25,0.05,lr5e-05_bs8_drop0p2_temp1p0_a0p25_b0p05__wd1e-04trmiss0_degmodglobal,38,0.5376090662819999,0.6839361190795898,0.5,0.7427079093745761,0.6923076923076923,0.0,0.45502861057009014,0.5100175227437701,0.08423089555331639,0.13067592840109551,0.0,0.0,0.0,0.0,0.0,18473,global,0.0
3,3,lr5e-05_bs8_drop0p2_temp1p0_a0p25_b0p05__wd1e-04trmiss0_degmodglobal,8,5e-05,0.0001,0.2,1.0,0.25,0.05,lr5e-05_bs8_drop0p2_temp1p0_a0p25_b0p05__wd1e-04trmiss0_degmodglobal,39,0.5353627375194004,0.6832878291606903,0.5,0.7427079093745761,0.6923076923076923,0.0,0.43094252262796673,0.5045691515718188,0.08644771629146167,0.18363323381968907,0.0,0.0,0.0,0.0,0.0,18473,global,0.0
3,3,lr5e-05_bs8_drop0p2_temp1p0_a0p25_b0p05__wd1e-04trmiss0_degmodglobal,8,5e-05,0.0001,0.2,1.0,0.25,0.05,lr5e-05_bs8_drop0p2_temp1p0_a0p25_b0p05__wd1e-04trmiss0_degmodglobal,40,0.5567782989570073,0.6851133108139038,0.5,0.7427079093745761,0.6923076923076923,0.0,0.45457219651767183,0.5271040158612388,0.08615449709551674,0.1627132339136941,0.0,0.0,0.0,0.0,0.0,18473,global,0.0
3,3,lr5e-05_bs8_drop0p2_temp1p0_a0p25_b0p05__wd1e-04trmiss0_degmodglobal,8,5e-05,0.0001,0.2,1.0,0.25,0.05,lr5e-05_bs8_drop0p2_temp1p0_a0p25_b0p05__wd1e-04trmiss0_degmodglobal,41,0.5382511488028935,0.6862961947917938,0.5,0.7427079093745761,0.6923076923076923,0.0,0.4520206834588732,0.5055877055440631,0.09721788338252477,0.16717949296746934,0.0,0.0,0.0,0.0,0.0,18473,global,0.0
3,3,lr5e-05_bs8_drop0p2_temp1p0_a0p25_b0p05__wd1e-04trmiss0_degmodglobal,8,5e-05,0.0001,0.2,1.0,0.25,0.05,lr5e-05_bs8_drop0p2_temp1p0_a0p25_b0p05__wd1e-04trmiss0_degmodglobal,42,0.5331393139702933,0.6869538128376007,0.5,0.7427079093745761,0.6923076923076923,0.0,0.44417437485286165,0.500274407012122,0.0927596241235733,0.19350022822618484,0.0,0.0,0.0,0.0,0.0,18473,global,0.0
3,3,lr5e-05_bs8_drop0p2_temp2p0_a0p25_b0p05__wd1e-04trmiss0_degmodglobal,8,5e-05,0.0001,0.2,2.0,0.25,0.05,lr5e-05_bs8_drop0p2_temp2p0_a0p25_b0p05__wd1e-04trmiss0_degmodglobal,1,0.7240138053894043,0.7222221791744232,0.16666666666666666,0.5649140982474317,0.3076923076923077,0.0,0.7239342672484261,0.7131550737789699,0.026797370985150337,0.08318787972841944,0.0,0.0,0.0,0.0,0.0,18473,global,0.0
3,3,lr5e-05_bs8_drop0p2_temp2p0_a0p25_b0p05__wd1e-04trmiss0_degmodglobal,8,5e-05,0.0001,0.2,2.0,0.25,0.05,lr5e-05_bs8_drop0p2_temp2p0_a0p25_b0p05__wd1e-04trmiss0_degmodglobal,2,0.6818499905722482,0.7210608124732971,0.3055555555555556,0.6195878195878197,0.38461538461538464,0.0,0.666688050542559,0.6717702405793327,0.028096800004797324,0.06111082714051008,0.0,0.0,0.0,0.0,0.0,18473,global,0.0
3,3,lr5e-05_bs8_drop0p2_temp2p0_a0p25_b0p05__wd1e-04trmiss0_degmodglobal,8,5e-05,0.0001,0.2,2.0,0.25,0.05,lr5e-05_bs8_drop0p2_temp2p0_a0p25_b0p05__wd1e-04trmiss0_degmodglobal,3,0.6738008345876422,0.7236688435077667,0.3055555555555556,0.6195878195878197,0.38461538461538464,0.0,0.6798340933663505,0.6646317754473005,0.02703920565545559,0.048185142156268866,0.0,0.0,0.0,0.0,0.0,18473,global,0.0
3,3,lr5e-05_bs8_drop0p2_temp2p0_a0p25_b0p05__wd1e-04trmiss0_degmodglobal,8,5e-05,0.0001,0.2,2.0,0.25,0.05,lr5e-05_bs8_drop0p2_temp2p0_a0p25_b0p05__wd1e-04trmiss0_degmodglobal,4,0.6706084779330662,0.7283162176609039,0.2777777777777778,0.6546407296407297,0.46153846153846156,0.0,0.6396764942577907,0.6593879461288452,0.031288627801196914,0.06796728926045555,0.0,0.0,0.0,0.0,0.0,18473,global,0.0
3,3,lr5e-05_bs8_drop0p2_temp2p0_a0p25_b0p05__wd1e-04trmiss0_degmodglobal,8,5e-05,0.0001,0.2,2.0,0.25,0.05,lr5e-05_bs8_drop0p2_temp2p0_a0p25_b0p05__wd1e-04trmiss0_degmodglobal,5,0.6822605729103088,0.7331671714782715,0.25,0.5953814703814704,0.3076923076923077,0.0,0.6368424040930611,0.6680614692824227,0.039216935368520875,0.08789729593055588,0.0,0.0,0.0,0.0,0.0,18473,global,0.0
3,3,lr5e-05_bs8_drop0p2_temp2p0_a0p25_b0p05__wd1e-04trmiss0_degmodglobal,8,5e-05,0.0001,0.2,2.0,0.25,0.05,lr5e-05_bs8_drop0p2_temp2p0_a0p25_b0p05__wd1e-04trmiss0_degmodglobal,6,0.6548523988042559,0.7267519235610962,0.3055555555555556,0.662048137048137,0.46153846153846156,0.0,0.6330385804176331,0.6429242406572614,0.033418011984654834,0.07147293271762985,0.0,0.0,0.0,0.0,0.0,18473,global,0.0
3,3,lr5e-05_bs8_drop0p2_temp2p0_a0p25_b0p05__wd1e-04trmiss0_degmodglobal,8,5e-05,0.0001,0.2,2.0,0.25,0.05,lr5e-05_bs8_drop0p2_temp2p0_a0p25_b0p05__wd1e-04trmiss0_degmodglobal,7,0.6233879583222526,0.7266412675380707,0.3055555555555556,0.6652227402227402,0.38461538461538464,0.0,0.5885973657880511,0.6104201333863395,0.035866311086075645,0.08002507367304393,0.0,0.0,0.0,0.0,0.0,18473,global,0.0
3,3,lr5e-05_bs8_drop0p2_temp2p0_a0p25_b0p05__wd1e-04trmiss0_degmodglobal,8,5e-05,0.0001,0.2,2.0,0.25,0.05,lr5e-05_bs8_drop0p2_temp2p0_a0p25_b0p05__wd1e-04trmiss0_degmodglobal,8,0.6319570796830314,0.7289552092552185,0.3055555555555556,0.6652227402227402,0.38461538461538464,0.0,0.6049796598298209,0.6199674606323242,0.03205220454505512,0.07953124519969736,0.0,0.0,0.0,0.0,0.0,18473,global,0.0
3,3,lr5e-05_bs8_drop0p2_temp2p0_a0p25_b0p05__wd1e-04trmiss0_degmodglobal,8,5e-05,0.0001,0.2,2.0,0.25,0.05,lr5e-05_bs8_drop0p2_temp2p0_a0p25_b0p05__wd1e-04trmiss0_degmodglobal,9,0.6166859694889614,0.7300560176372528,0.3333333333333333,0.6726301476301477,0.38461538461538464,0.0,0.5818696873528617,0.6028602208409991,0.03931536951235363,0.07993817701935768,0.0,0.0,0.0,0.0,0.0,18473,global,0.0
3,3,lr5e-05_bs8_drop0p2_temp2p0_a0p25_b0p05__wd1e-04trmiss0_degmodglobal,8,5e-05,0.0001,0.2,2.0,0.25,0.05,lr5e-05_bs8_drop0p2_temp2p0_a0p25_b0p05__wd1e-04trmiss0_degmodglobal,10,0.6114398751940046,0.7282894849777222,0.3888888888888889,0.6896214896214896,0.5384615384615384,0.0,0.5888521330697196,0.599715598991939,0.03389909916690418,0.06498968548008374,0.0,0.0,0.0,0.0,0.0,18473,global,0.0
3,3,lr5e-05_bs8_drop0p2_temp2p0_a0p25_b0p05__wd1e-04trmiss0_degmodglobal,8,5e-05,0.0001,0.2,2.0,0.25,0.05,lr5e-05_bs8_drop0p2_temp2p0_a0p25_b0p05__wd1e-04trmiss0_degmodglobal,11,0.6096942850521633,0.7263289988040924,0.3888888888888889,0.6896214896214896,0.46153846153846156,0.0,0.5677258116858346,0.5970661384718758,0.034221310700689046,0.08145649677940778,0.0,0.0,0.0,0.0,0.0,18473,global,0.0
3,3,lr5e-05_bs8_drop0p2_temp2p0_a0p25_b0p05__wd1e-04trmiss0_degmodglobal,8,5e-05,0.0001,0.2,2.0,0.25,0.05,lr5e-05_bs8_drop0p2_temp2p0_a0p25_b0p05__wd1e-04trmiss0_degmodglobal,12,0.6206991842814854,0.7234494388103485,0.3333333333333333,0.6726301476301477,0.46153846153846156,0.0,0.5761842387063163,0.6088079214096069,0.03126804104873112,0.08148506124104772,0.0,0.0,0.0,0.0,0.0,18473,global,0.0
3,3,lr5e-05_bs8_drop0p2_temp2p0_a0p25_b0p05__wd1e-04trmiss0_degmodglobal,8,5e-05,0.0001,0.2,2.0,0.25,0.05,lr5e-05_bs8_drop0p2_temp2p0_a0p25_b0p05__wd1e-04trmiss0_degmodglobal,13,0.582855088370187,0.7260192036628723,0.3611111111111111,0.6825507825507826,0.5384615384615384,0.0,0.5606656755719867,0.5704244034630912,0.03597008915884154,0.06876325966524226,0.0,0.0,0.0,0.0,0.0,18473,global,0.0
3,3,lr5e-05_bs8_drop0p2_temp2p0_a0p25_b0p05__wd1e-04trmiss0_degmodglobal,8,5e-05,0.0001,0.2,2.0,0.25,0.05,lr5e-05_bs8_drop0p2_temp2p0_a0p25_b0p05__wd1e-04trmiss0_degmodglobal,14,0.6063657317842756,0.7230620980262756,0.3888888888888889,0.6896214896214896,0.5384615384615384,0.0,0.557129578930991,0.5950249603816441,0.031374496540852954,0.06994308744158063,0.0,0.0,0.0,0.0,0.0,18473,global,0.0
3,3,lr5e-05_bs8_drop0p2_temp2p0_a0p25_b0p05__wd1e-04trmiss0_degmodglobal,8,5e-05,0.0001,0.2,2.0,0.25,0.05,lr5e-05_bs8_drop0p2_temp2p0_a0p25_b0p05__wd1e-04trmiss0_degmodglobal,15,0.5820594089371818,0.7242308259010315,0.3888888888888889,0.6896214896214896,0.5384615384615384,0.0,0.554793153490339,0.5690976168428149,0.035806289208786826,0.08020420372486115,0.0,0.0,0.0,0.0,0.0,18473,global,0.0
3,3,lr5e-05_bs8_drop0p2_temp2p0_a0p25_b0p05__wd1e-04trmiss0_degmodglobal,8,5e-05,0.0001,0.2,2.0,0.25,0.05,lr5e-05_bs8_drop0p2_temp2p0_a0p25_b0p05__wd1e-04trmiss0_degmodglobal,16,0.6180724927357265,0.7263548970222473,0.3888888888888889,0.6896214896214896,0.46153846153846156,0.0,0.5520246710096087,0.5987104603222438,0.05492802416639669,0.11260067990847997,0.0,0.0,0.0,0.0,0.0,18473,global,0.0
3,3,lr5e-05_bs8_drop0p2_temp2p0_a0p25_b0p05__wd1e-04trmiss0_degmodglobal,8,5e-05,0.0001,0.2,2.0,0.25,0.05,lr5e-05_bs8_drop0p2_temp2p0_a0p25_b0p05__wd1e-04trmiss0_degmodglobal,17,0.5976348859923226,0.7281942963600159,0.3888888888888889,0.6896214896214896,0.46153846153846156,0.0,0.5265052403722491,0.5825971279825483,0.04027930487479482,0.09935885135616575,0.0,0.0,0.0,0.0,0.0,18473,global,0.0
3,3,lr5e-05_bs8_drop0p2_temp2p0_a0p25_b0p05__wd1e-04trmiss0_degmodglobal,8,5e-05,0.0001,0.2,2.0,0.25,0.05,lr5e-05_bs8_drop0p2_temp2p0_a0p25_b0p05__wd1e-04trmiss0_degmodglobal,18,0.6248916046960014,0.7315718531608582,0.3888888888888889,0.6896214896214896,0.46153846153846156,0.0,0.5560407297951835,0.6121917196682521,0.0317267831414938,0.09536355946745191,0.0,0.0,0.0,0.0,0.0,18473,global,0.0
3,3,lr5e-05_bs8_drop0p2_temp2p0_a0p25_b0p05__wd1e-04trmiss0_degmodglobal,8,5e-05,0.0001,0.2,2.0,0.25,0.05,lr5e-05_bs8_drop0p2_temp2p0_a0p25_b0p05__wd1e-04trmiss0_degmodglobal,19,0.6040093983922686,0.7311565577983856,0.3888888888888889,0.6896214896214896,0.46153846153846156,0.0,0.5218550775732312,0.5846090742519924,0.05222270930452006,0.12689298072031566,0.0,0.0,0.0,0.0,0.0,18473,global,0.0
3,3,lr5e-05_bs8_drop0p2_temp2p0_a0p25_b0p05__wd1e-04trmiss0_degmodglobal,8,5e-05,0.0001,0.2,2.0,0.25,0.05,lr5e-05_bs8_drop0p2_temp2p0_a0p25_b0p05__wd1e-04trmiss0_degmodglobal,20,0.5990946463176182,0.7275822460651398,0.3611111111111111,0.6825507825507826,0.5384615384615384,0.0,0.5524428742272514,0.5847331370626178,0.04375205880829266,0.06847020132201058,0.0,0.0,0.0,0.0,0.0,18473,global,0.0
3,3,lr5e-05_bs8_drop0p2_temp2p0_a0p25_b0p05__wd1e-04trmiss0_degmodglobal,8,5e-05,0.0001,0.2,2.0,0.25,0.05,lr5e-05_bs8_drop0p2_temp2p0_a0p25_b0p05__wd1e-04trmiss0_degmodglobal,21,0.6141202279499599,0.7295913696289062,0.3888888888888889,0.6896214896214896,0.5384615384615384,0.0,0.5182604789733887,0.5933959228651864,0.05435619130730629,0.1427052074245044,0.0,0.0,0.0,0.0,0.0,18473,global,0.0
3,3,lr5e-05_bs8_drop0p2_temp2p0_a0p25_b0p05__wd1e-04trmiss0_degmodglobal,8,5e-05,0.0001,0.2,2.0,0.25,0.05,lr5e-05_bs8_drop0p2_temp2p0_a0p25_b0p05__wd1e-04trmiss0_degmodglobal,22,0.6049392478806632,0.7293629348278046,0.3888888888888889,0.6896214896214896,0.5384615384615384,0.0,0.5296691060066223,0.5876836776733398,0.05147229454347065,0.08774976911289352,0.0,0.0,0.0,0.0,0.0,18473,global,0.0
3,3,lr5e-05_bs8_drop0p2_temp2p0_a0p25_b0p05__wd1e-04trmiss0_degmodglobal,8,5e-05,0.0001,0.2,2.0,0.25,0.05,lr5e-05_bs8_drop0p2_temp2p0_a0p25_b0p05__wd1e-04trmiss0_degmodglobal,23,0.5955242088862828,0.7301331758499146,0.3888888888888889,0.6896214896214896,0.5384615384615384,0.0,0.5207171184676034,0.5746810861996242,0.054080295243433545,0.14646113397819654,0.0,0.0,0.0,0.0,0.0,18473,global,0.0
3,3,lr5e-05_bs8_drop0p2_temp2p0_a0p25_b0p05__wd1e-04trmiss0_degmodglobal,8,5e-05,0.0001,0.2,2.0,0.25,0.05,lr5e-05_bs8_drop0p2_temp2p0_a0p25_b0p05__wd1e-04trmiss0_degmodglobal,24,0.634898168700082,0.7320475280284882,0.3888888888888889,0.6896214896214896,0.46153846153846156,0.0,0.5461076668330601,0.6123549767902919,0.06113076316458838,0.14521041991455214,0.0,0.0,0.0,0.0,0.0,18473,global,0.0
3,3,lr5e-05_bs8_drop0p2_temp2p0_a0p25_b0p05__wd1e-04trmiss0_degmodglobal,8,5e-05,0.0001,0.2,2.0,0.25,0.05,lr5e-05_bs8_drop0p2_temp2p0_a0p25_b0p05__wd1e-04trmiss0_degmodglobal,25,0.5984224677085876,0.7319688200950623,0.3888888888888889,0.6896214896214896,0.46153846153846156,0.0,0.5606958610670907,0.5839552879333496,0.044245701017124314,0.06811494193971157,0.0,0.0,0.0,0.0,0.0,18473,global,0.0
3,3,lr5e-05_bs8_drop0p2_temp2p0_a0p25_b0p05__wd1e-04trmiss0_degmodglobal,8,5e-05,0.0001,0.2,2.0,0.25,0.05,lr5e-05_bs8_drop0p2_temp2p0_a0p25_b0p05__wd1e-04trmiss0_degmodglobal,26,0.6218681505748204,0.7350035309791565,0.3888888888888889,0.6896214896214896,0.46153846153846156,0.0,0.5379245706966945,0.6014190401349749,0.058654118329286575,0.11571132391691208,0.0,0.0,0.0,0.0,0.0,18473,global,0.0
3,3,lr5e-05_bs8_drop0p2_temp2p0_a0p25_b0p05__wd1e-04trmiss0_degmodglobal,8,5e-05,0.0001,0.2,2.0,0.25,0.05,lr5e-05_bs8_drop0p2_temp2p0_a0p25_b0p05__wd1e-04trmiss0_degmodglobal,27,0.5879749059677124,0.7329559028148651,0.3888888888888889,0.6896214896214896,0.46153846153846156,0.0,0.500832953623363,0.5656409348760333,0.05978054393615041,0.14777664520910808,0.0,0.0,0.0,0.0,0.0,18473,global,0.0
3,3,lr5e-05_bs8_drop0p2_temp2p0_a0p25_b0p05__wd1e-04trmiss0_degmodglobal,8,5e-05,0.0001,0.2,2.0,0.25,0.05,lr5e-05_bs8_drop0p2_temp2p0_a0p25_b0p05__wd1e-04trmiss0_degmodglobal,28,0.6056021451950073,0.7317430078983307,0.3888888888888889,0.6896214896214896,0.5384615384615384,0.0,0.5072003049509866,0.5859033039637974,0.051684381174189706,0.13555512311203138,0.0,0.0,0.0,0.0,0.0,18473,global,0.0
3,3,lr5e-05_bs8_drop0p2_temp2p0_a0p25_b0p05__wd1e-04trmiss0_degmodglobal,8,5e-05,0.0001,0.2,2.0,0.25,0.05,lr5e-05_bs8_drop0p2_temp2p0_a0p25_b0p05__wd1e-04trmiss0_degmodglobal,29,0.6030389751706805,0.7293626666069031,0.3888888888888889,0.6896214896214896,0.5384615384615384,0.0,0.5184785340513501,0.582496702671051,0.05580590558903558,0.1318159821842398,0.0,0.0,0.0,0.0,0.0,18473,global,0.0
3,3,lr5e-05_bs8_drop0p2_temp2p0_a0p25_b0p05__wd1e-04trmiss0_degmodglobal,8,5e-05,0.0001,0.2,2.0,0.25,0.05,lr5e-05_bs8_drop0p2_temp2p0_a0p25_b0p05__wd1e-04trmiss0_degmodglobal,30,0.6089958207947868,0.732094019651413,0.3888888888888889,0.6896214896214896,0.46153846153846156,0.0,0.5105812932763781,0.5847298800945282,0.06322552529828888,0.16919121465512685,0.0,0.0,0.0,0.0,0.0,18473,global,0.0
3,3,lr5e-05_bs8_drop0p2_temp2p0_a0p25_b0p05__wd1e-04trmiss0_degmodglobal,8,5e-05,0.0001,0.2,2.0,0.25,0.05,lr5e-05_bs8_drop0p2_temp2p0_a0p25_b0p05__wd1e-04trmiss0_degmodglobal,31,0.5940023916108268,0.7317118644714355,0.36111111111111116,0.6340659340659341,0.46153846153846156,0.0,0.5152270666190556,0.5756270630019051,0.05201975176376956,0.10740765556693077,0.0,0.0,0.0,0.0,0.0,18473,global,0.0
3,3,lr5e-05_bs8_drop0p2_temp2p0_a0p25_b0p05__wd1e-04trmiss0_degmodglobal,8,5e-05,0.0001,0.2,2.0,0.25,0.05,lr5e-05_bs8_drop0p2_temp2p0_a0p25_b0p05__wd1e-04trmiss0_degmodglobal,32,0.6084550533975873,0.7320331633090973,0.3888888888888889,0.6896214896214896,0.46153846153846156,0.0,0.5137840466839927,0.58912536076137,0.049455770424434116,0.13931486063769885,0.0,0.0,0.0,0.0,0.0,18473,global,0.0
3,3,lr5e-05_bs8_drop0p2_temp2p0_a0p25_b0p05__wd1e-04trmiss0_degmodglobal,8,5e-05,0.0001,0.2,2.0,0.25,0.05,lr5e-05_bs8_drop0p2_temp2p0_a0p25_b0p05__wd1e-04trmiss0_degmodglobal,33,0.6019018036978585,0.735778421163559,0.36111111111111116,0.6340659340659341,0.46153846153846156,0.0,0.5321492893355233,0.5802132742745536,0.05933696563754763,0.13708584436348506,0.0,0.0,0.0,0.0,0.0,18473,global,0.0
3,3,lr5e-05_bs8_drop0p2_temp2p0_a0p25_b0p05__wd1e-04trmiss0_degmodglobal,8,5e-05,0.0001,0.2,2.0,0.25,0.05,lr5e-05_bs8_drop0p2_temp2p0_a0p25_b0p05__wd1e-04trmiss0_degmodglobal,34,0.6170135225568499,0.7315190732479095,0.3888888888888889,0.6896214896214896,0.46153846153846156,0.0,0.5064224813665662,0.5954640592847552,0.05654000437685421,0.14828929411513464,0.0,0.0,0.0,0.0,0.0,18473,global,0.0
3,3,lr5e-05_bs8_drop0p4_temp1p0_a0p25_b0p05__wd1e-04trmiss0_degmodglobal,8,5e-05,0.0001,0.4,1.0,0.25,0.05,lr5e-05_bs8_drop0p4_temp1p0_a0p25_b0p05__wd1e-04trmiss0_degmodglobal,1,0.7618378145354134,0.6936277151107788,0.5,0.7896214896214897,0.5384615384615384,0.0,0.7057439770017352,0.7343502300126212,0.07553659645574433,0.17206850967236928,0.0,0.0,0.0,0.0,0.0,18473,global,0.0
3,3,lr5e-05_bs8_drop0p4_temp1p0_a0p25_b0p05__wd1e-04trmiss0_degmodglobal,8,5e-05,0.0001,0.4,1.0,0.25,0.05,lr5e-05_bs8_drop0p4_temp1p0_a0p25_b0p05__wd1e-04trmiss0_degmodglobal,2,0.7170286348887852,0.7009329497814178,0.4444444444444444,0.7547730047730048,0.46153846153846156,0.0,0.6820337516920907,0.6979782581329346,0.05317388474941254,0.11513801451240267,0.0,0.0,0.0,0.0,0.0,18473,global,0.0
3,3,lr5e-05_bs8_drop0p4_temp1p0_a0p25_b0p05__wd1e-04trmiss0_degmodglobal,8,5e-05,0.0001,0.4,1.0,0.25,0.05,lr5e-05_bs8_drop0p4_temp1p0_a0p25_b0p05__wd1e-04trmiss0_degmodglobal,3,0.665901175567082,0.7062536478042603,0.4166666666666667,0.7177359677359678,0.46153846153846156,0.0,0.6425737568310329,0.6439303415162223,0.06112120380359037,0.13381052762269974,0.0,0.0,0.0,0.0,0.0,18473,global,0.0
3,3,lr5e-05_bs8_drop0p4_temp1p0_a0p25_b0p05__wd1e-04trmiss0_degmodglobal,8,5e-05,0.0001,0.4,1.0,0.25,0.05,lr5e-05_bs8_drop0p4_temp1p0_a0p25_b0p05__wd1e-04trmiss0_degmodglobal,4,0.6734856196812221,0.7098116278648376,0.41666666666666663,0.7473655973655975,0.38461538461538464,0.0,0.675815727029528,0.6582451973642621,0.042034058698586056,0.09463814326695033,0.0,0.0,0.0,0.0,0.0,18473,global,0.0
3,3,lr5e-05_bs8_drop0p4_temp1p0_a0p25_b0p05__wd1e-04trmiss0_degmodglobal,8,5e-05,0.0001,0.4,1.0,0.25,0.05,lr5e-05_bs8_drop0p4_temp1p0_a0p25_b0p05__wd1e-04trmiss0_degmodglobal,5,0.7312452963420323,0.7117501795291901,0.41666666666666663,0.7413410663410664,0.3076923076923077,0.0,0.6463549988610404,0.6962434819766453,0.08958299138716289,0.2521216741630009,0.0,0.0,0.0,0.0,0.0,18473,global,0.0
3,3,lr5e-05_bs8_drop0p4_temp1p0_a0p25_b0p05__wd1e-04trmiss0_degmodglobal,8,5e-05,0.0001,0.4,1.0,0.25,0.05,lr5e-05_bs8_drop0p4_temp1p0_a0p25_b0p05__wd1e-04trmiss0_degmodglobal,6,0.7107922434806824,0.7186692655086517,0.4444444444444444,0.7216200466200466,0.38461538461538464,0.0,0.6515851702008929,0.6898025785173688,0.06339054022516523,0.10284062900713511,0.0,0.0,0.0,0.0,0.0,18473,global,0.0
3,3,lr5e-05_bs8_drop0p4_temp1p0_a0p25_b0p05__wd1e-04trmiss0_degmodglobal,8,5e-05,0.0001,0.4,1.0,0.25,0.05,lr5e-05_bs8_drop0p4_temp1p0_a0p25_b0p05__wd1e-04trmiss0_degmodglobal,7,0.6557439054761615,0.7245900332927704,0.4444444444444444,0.7148740148740149,0.38461538461538464,0.0,0.6416883298328945,0.6368533458028521,0.05271488108805248,0.11423696311456817,0.0,0.0,0.0,0.0,0.0,18473,global,0.0
3,3,lr5e-05_bs8_drop0p4_temp1p0_a0p25_b0p05__wd1e-04trmiss0_degmodglobal,8,5e-05,0.0001,0.4,1.0,0.25,0.05,lr5e-05_bs8_drop0p4_temp1p0_a0p25_b0p05__wd1e-04trmiss0_degmodglobal,8,0.6333135110991341,0.722568929195404,0.4444444444444444,0.7480750730750731,0.38461538461538464,0.0,0.5883603862353733,0.6114241565976825,0.06579466855951718,0.10881405855928149,0.0,0.0,0.0,0.0,0.0,18473,global,0.0
3,3,lr5e-05_bs8_drop0p4_temp1p0_a0p25_b0p05__wd1e-04trmiss0_degmodglobal,8,5e-05,0.0001,0.4,1.0,0.25,0.05,lr5e-05_bs8_drop0p4_temp1p0_a0p25_b0p05__wd1e-04trmiss0_degmodglobal,9,0.6566992146628243,0.7236719727516174,0.4722222222222222,0.7586570836570836,0.38461538461538464,0.0,0.6228770528520856,0.6335928780691964,0.06493934563228063,0.13742966524192265,0.0,0.0,0.0,0.0,0.0,18473,global,0.0
3,3,lr5e-05_bs8_drop0p4_temp1p0_a0p25_b0p05__wd1e-04trmiss0_degmodglobal,8,5e-05,0.0001,0.4,1.0,0.25,0.05,lr5e-05_bs8_drop0p4_temp1p0_a0p25_b0p05__wd1e-04trmiss0_degmodglobal,10,0.6628433465957642,0.7230830490589142,0.4166666666666667,0.7352564102564103,0.38461538461538464,0.0,0.6147365740367344,0.6367276992116656,0.06771501685891833,0.18373775695051467,0.0,0.0,0.0,0.0,0.0,18473,global,0.0
3,3,lr5e-05_bs8_drop0p4_temp1p0_a0p25_b0p05__wd1e-04trmiss0_degmodglobal,8,5e-05,0.0001,0.4,1.0,0.25,0.05,lr5e-05_bs8_drop0p4_temp1p0_a0p25_b0p05__wd1e-04trmiss0_degmodglobal,11,0.6305934871946063,0.7259049117565155,0.3888888888888889,0.7246743996743996,0.38461538461538464,0.0,0.6244549070085798,0.6055602771895272,0.07543550963912692,0.12348690056907279,0.0,0.0,0.0,0.0,0.0,18473,global,0.0
3,3,lr5e-05_bs8_drop0p4_temp1p0_a0p25_b0p05__wd1e-04trmiss0_degmodglobal,8,5e-05,0.0001,0.4,1.0,0.25,0.05,lr5e-05_bs8_drop0p4_temp1p0_a0p25_b0p05__wd1e-04trmiss0_degmodglobal,12,0.639416515827179,0.7248974144458771,0.41666666666666663,0.7448523698523699,0.38461538461538464,0.0,0.5991367697715759,0.6072977781295776,0.08986205953572478,0.1930642000266484,0.0,0.0,0.0,0.0,0.0,18473,global,0.0
3,3,lr5e-05_bs8_drop0p4_temp1p0_a0p25_b0p05__wd1e-04trmiss0_degmodglobal,8,5e-05,0.0001,0.4,1.0,0.25,0.05,lr5e-05_bs8_drop0p4_temp1p0_a0p25_b0p05__wd1e-04trmiss0_degmodglobal,13,0.6519667080470494,0.7248567342758179,0.36111111111111105,0.6972333222333222,0.38461538461538464,0.0,0.5784499985831124,0.6234751428876605,0.07990463078022003,0.17030802156244004,0.0,0.0,0.0,0.0,0.0,18473,global,0.0
3,3,lr5e-05_bs8_drop0p4_temp1p0_a0p25_b0p05__wd1e-04trmiss0_degmodglobal,8,5e-05,0.0001,0.4,1.0,0.25,0.05,lr5e-05_bs8_drop0p4_temp1p0_a0p25_b0p05__wd1e-04trmiss0_degmodglobal,14,0.6391867824963161,0.7233776748180389,0.38888888888888884,0.7043040293040292,0.46153846153846156,0.0,0.6010781185967582,0.6149933934211731,0.06549059227108955,0.15641480364969798,0.0,0.0,0.0,0.0,0.0,18473,global,0.0
3,3,lr5e-05_bs8_drop0p4_temp1p0_a0p25_b0p05__wd1e-04trmiss0_degmodglobal,8,5e-05,0.0001,0.4,1.0,0.25,0.05,lr5e-05_bs8_drop0p4_temp1p0_a0p25_b0p05__wd1e-04trmiss0_degmodglobal,15,0.6752172538212368,0.7158823311328888,0.4166666666666667,0.7148860398860399,0.46153846153846156,0.0,0.5857413922037397,0.6344518746648516,0.10706651583313942,0.27997462664331707,0.0,0.0,0.0,0.0,0.0,18473,global,0.0
3,3,lr5e-05_bs8_drop0p4_temp1p0_a0p25_b0p05__wd1e-04trmiss0_degmodglobal,8,5e-05,0.0001,0.4,1.0,0.25,0.05,lr5e-05_bs8_drop0p4_temp1p0_a0p25_b0p05__wd1e-04trmiss0_degmodglobal,16,0.6295972636767796,0.7172828316688538,0.4166666666666667,0.7148860398860399,0.38461538461538464,0.0,0.5562662056514195,0.604557352406638,0.07180818915367126,0.1417573924575533,0.0,0.0,0.0,0.0,0.0,18473,global,0.0
3,3,lr5e-05_bs8_drop0p4_temp1p0_a0p25_b0p05__wd1e-04trmiss0_degmodglobal,8,5e-05,0.0001,0.4,1.0,0.25,0.05,lr5e-05_bs8_drop0p4_temp1p0_a0p25_b0p05__wd1e-04trmiss0_degmodglobal,17,0.6429369449615479,0.7209121286869049,0.38888888888888884,0.7043040293040292,0.46153846153846156,0.0,0.5566070420401437,0.6095758421080453,0.09865041715758187,0.17396981907742365,0.0,0.0,0.0,0.0,0.0,18473,global,0.0
3,3,lr5e-05_bs8_drop0p4_temp1p0_a0p25_b0p05__wd1e-04trmiss0_degmodglobal,8,5e-05,0.0001,0.4,1.0,0.25,0.05,lr5e-05_bs8_drop0p4_temp1p0_a0p25_b0p05__wd1e-04trmiss0_degmodglobal,18,0.6588271260261536,0.7186838984489441,0.41666666666666663,0.7413410663410664,0.46153846153846156,0.0,0.5591686538287571,0.6229892202786037,0.09933892850364957,0.22006356396845408,0.0,0.0,0.0,0.0,0.0,18473,global,0.0
3,3,lr5e-05_bs8_drop0p4_temp1p0_a0p25_b0p05__wd1e-04trmiss0_degmodglobal,8,5e-05,0.0001,0.4,1.0,0.25,0.05,lr5e-05_bs8_drop0p4_temp1p0_a0p25_b0p05__wd1e-04trmiss0_degmodglobal,19,0.626997743334089,0.7228880822658539,0.4444444444444444,0.7691188441188441,0.46153846153846156,0.0,0.5783886313438416,0.5967412761279515,0.0917113646864891,0.14657249674201012,0.0,0.0,0.0,0.0,0.0,18473,global,0.0
3,3,lr5e-05_bs8_drop0p4_temp1p0_a0p25_b0p05__wd1e-04trmiss0_degmodglobal,8,5e-05,0.0001,0.4,1.0,0.25,0.05,lr5e-05_bs8_drop0p4_temp1p0_a0p25_b0p05__wd1e-04trmiss0_degmodglobal,20,0.6402729153633118,0.7176966965198517,0.4444444444444444,0.7691188441188441,0.46153846153846156,0.0,0.5487189846379417,0.602060079574585,0.10185912038598742,0.25496127562863485,0.0,0.0,0.0,0.0,0.0,18473,global,0.0
3,3,lr5e-05_bs8_drop0p4_temp1p0_a0p25_b0p05__wd1e-04trmiss0_degmodglobal,8,5e-05,0.0001,0.4,1.0,0.25,0.05,lr5e-05_bs8_drop0p4_temp1p0_a0p25_b0p05__wd1e-04trmiss0_degmodglobal,21,0.65183938401086,0.7192833125591278,0.4444444444444444,0.7691188441188441,0.46153846153846156,0.0,0.5634129600865501,0.6223705921854291,0.0888644600553172,0.14505359716713428,0.0,0.0,0.0,0.0,0.0,18473,global,0.0
3,3,lr5e-05_bs8_drop0p4_temp1p0_a0p25_b0p05__wd1e-04trmiss0_degmodglobal,8,5e-05,0.0001,0.4,1.0,0.25,0.05,lr5e-05_bs8_drop0p4_temp1p0_a0p25_b0p05__wd1e-04trmiss0_degmodglobal,22,0.6480364884649005,0.7198503911495209,0.4722222222222222,0.7797008547008548,0.46153846153846156,0.0,0.5691701088632856,0.6191243699618748,0.08239619167787689,0.16626137920788356,0.0,0.0,0.0,0.0,0.0,18473,global,0.0
3,3,lr5e-05_bs8_drop0p4_temp1p0_a0p25_b0p05__wd1e-04trmiss0_degmodglobal,8,5e-05,0.0001,0.4,1.0,0.25,0.05,lr5e-05_bs8_drop0p4_temp1p0_a0p25_b0p05__wd1e-04trmiss0_degmodglobal,23,0.6329979513372693,0.716663271188736,0.4722222222222222,0.7797008547008548,0.46153846153846156,0.0,0.5477886966296605,0.5962681557450976,0.10602316686085292,0.20448002006326402,0.0,0.0,0.0,0.0,0.0,18473,global,0.0
3,3,lr5e-05_bs8_drop0p4_temp1p0_a0p25_b0p05__wd1e-04trmiss0_degmodglobal,8,5e-05,0.0001,0.4,1.0,0.25,0.05,lr5e-05_bs8_drop0p4_temp1p0_a0p25_b0p05__wd1e-04trmiss0_degmodglobal,24,0.6144888826778957,0.7209300696849823,0.4722222222222222,0.7797008547008548,0.46153846153846156,0.0,0.5463506919997079,0.5799257244382586,0.10363867825695447,0.17306962130325182,0.0,0.0,0.0,0.0,0.0,18473,global,0.0
3,3,lr5e-05_bs8_drop0p4_temp1p0_a0p25_b0p05__wd1e-04trmiss0_degmodglobal,8,5e-05,0.0001,0.4,1.0,0.25,0.05,lr5e-05_bs8_drop0p4_temp1p0_a0p25_b0p05__wd1e-04trmiss0_degmodglobal,25,0.6212090253829956,0.7257370054721832,0.4722222222222222,0.7797008547008548,0.46153846153846156,0.0,0.5382167186055865,0.5823978951999119,0.10471778788736888,0.2526339329779148,0.0,0.0,0.0,0.0,0.0,18473,global,0.0
3,3,lr5e-05_bs8_drop0p4_temp1p0_a0p25_b0p05__wd1e-04trmiss0_degmodglobal,8,5e-05,0.0001,0.4,1.0,0.25,0.05,lr5e-05_bs8_drop0p4_temp1p0_a0p25_b0p05__wd1e-04trmiss0_degmodglobal,26,0.6234859483582633,0.7238292396068573,0.5,0.7896214896214897,0.46153846153846156,0.0,0.5343327309404101,0.5881265827587673,0.09714130312204361,0.22148048718060767,0.0,0.0,0.0,0.0,0.0,18473,global,0.0
3,3,lr5e-05_bs8_drop0p4_temp1p0_a0p25_b0p05__wd1e-04trmiss0_degmodglobal,8,5e-05,0.0001,0.4,1.0,0.25,0.05,lr5e-05_bs8_drop0p4_temp1p0_a0p25_b0p05__wd1e-04trmiss0_degmodglobal,27,0.6155647039413452,0.7281416356563568,0.5,0.7896214896214897,0.46153846153846156,0.0,0.5304398919854846,0.5848179544721331,0.08922051691583224,0.1688322201371193,0.0,0.0,0.0,0.0,0.0,18473,global,0.0
3,3,lr5e-05_bs8_drop0p4_temp1p0_a0p25_b0p05__wd1e-04trmiss0_degmodglobal,8,5e-05,0.0001,0.4,1.0,0.25,0.05,lr5e-05_bs8_drop0p4_temp1p0_a0p25_b0p05__wd1e-04trmiss0_degmodglobal,28,0.605516791343689,0.7233037650585175,0.5,0.7896214896214897,0.46153846153846156,0.0,0.5347447182450976,0.5804309121200016,0.06664280593395233,0.16850384324789047,0.0,0.0,0.0,0.0,0.0,18473,global,0.0
3,3,lr5e-05_bs8_drop0p4_temp1p0_a0p25_b0p05__wd1e-04trmiss0_degmodglobal,8,5e-05,0.0001,0.4,1.0,0.25,0.05,lr5e-05_bs8_drop0p4_temp1p0_a0p25_b0p05__wd1e-04trmiss0_degmodglobal,29,0.630549954516547,0.717388391494751,0.5,0.7896214896214897,0.46153846153846156,0.0,0.5664491397993905,0.6048000752925873,0.07252610155514308,0.15236714908054896,0.0,0.0,0.0,0.0,0.0,18473,global,0.0
3,3,lr5e-05_bs8_drop0p4_temp1p0_a0p25_b0p05__wd1e-04trmiss0_degmodglobal,8,5e-05,0.0001,0.4,1.0,0.25,0.05,lr5e-05_bs8_drop0p4_temp1p0_a0p25_b0p05__wd1e-04trmiss0_degmodglobal,30,0.6465659737586975,0.7201931774616241,0.5,0.7896214896214897,0.46153846153846156,0.0,0.5417062044143677,0.602807743208749,0.12545459291764668,0.24789156871182577,0.0,0.0,0.0,0.0,0.0,18473,global,0.0
3,3,lr5e-05_bs8_drop0p4_temp1p0_a0p25_b0p05__wd1e-04trmiss0_degmodglobal,8,5e-05,0.0001,0.4,1.0,0.25,0.05,lr5e-05_bs8_drop0p4_temp1p0_a0p25_b0p05__wd1e-04trmiss0_degmodglobal,31,0.6371214134352547,0.7208561301231384,0.5,0.7896214896214897,0.46153846153846156,0.0,0.5423557375158582,0.5926569359643119,0.12605170799153192,0.25903108928884777,0.0,0.0,0.0,0.0,0.0,18473,global,0.0
3,3,lr5e-05_bs8_drop0p4_temp1p0_a0p25_b0p05__wd1e-04trmiss0_degmodglobal,8,5e-05,0.0001,0.4,1.0,0.25,0.05,lr5e-05_bs8_drop0p4_temp1p0_a0p25_b0p05__wd1e-04trmiss0_degmodglobal,32,0.6539601853915623,0.7214092910289764,0.5,0.7896214896214897,0.5384615384615384,0.0,0.519228824547359,0.616056135722569,0.10804075534854617,0.217877204396895,0.0,0.0,0.0,0.0,0.0,18473,global,0.0
3,3,lr5e-05_bs8_drop0p4_temp1p0_a0p25_b0p05__wd1e-04trmiss0_degmodglobal,8,5e-05,0.0001,0.4,1.0,0.25,0.05,lr5e-05_bs8_drop0p4_temp1p0_a0p25_b0p05__wd1e-04trmiss0_degmodglobal,33,0.624086320400238,0.7193132638931274,0.49999999999999994,0.7945156695156697,0.46153846153846156,0.0,0.5515645316668919,0.5953934618404934,0.08330817148089409,0.15731609612703323,0.0,0.0,0.0,0.0,0.0,18473,global,0.0
3,3,lr5e-05_bs8_drop0p4_temp1p0_a0p25_b0p05__wd1e-04trmiss0_degmodglobal,8,5e-05,0.0001,0.4,1.0,0.25,0.05,lr5e-05_bs8_drop0p4_temp1p0_a0p25_b0p05__wd1e-04trmiss0_degmodglobal,34,0.623208897454398,0.7192457318305969,0.5,0.7896214896214897,0.46153846153846156,0.0,0.5211512063230787,0.5840426938874381,0.116612223642213,0.20026289990970067,0.0,0.0,0.0,0.0,0.0,18473,global,0.0
3,3,lr5e-05_bs8_drop0p4_temp1p0_a0p25_b0p05__wd1e-04trmiss0_degmodglobal,8,5e-05,0.0001,0.4,1.0,0.25,0.05,lr5e-05_bs8_drop0p4_temp1p0_a0p25_b0p05__wd1e-04trmiss0_degmodglobal,35,0.6336052673203605,0.7161541879177094,0.4722222222222222,0.7797008547008548,0.46153846153846156,0.0,0.5028970795018333,0.5843050565038409,0.14130389371088573,0.27948497448648724,0.0,0.0,0.0,0.0,0.0,18473,global,0.0
3,3,lr5e-05_bs8_drop0p4_temp1p0_a0p25_b0p05__wd1e-04trmiss0_degmodglobal,8,5e-05,0.0001,0.4,1.0,0.25,0.05,lr5e-05_bs8_drop0p4_temp1p0_a0p25_b0p05__wd1e-04trmiss0_degmodglobal,36,0.66216470514025,0.7213005423545837,0.4722222222222222,0.7797008547008548,0.46153846153846156,0.0,0.5352825564997536,0.6221770218440464,0.10772474855184555,0.26112993913037436,0.0,0.0,0.0,0.0,0.0,18473,global,0.0
3,3,lr5e-05_bs8_drop0p4_temp1p0_a0p25_b0p05__wd1e-04trmiss0_degmodglobal,8,5e-05,0.0001,0.4,1.0,0.25,0.05,lr5e-05_bs8_drop0p4_temp1p0_a0p25_b0p05__wd1e-04trmiss0_degmodglobal,37,0.6123150927679879,0.7189865410327911,0.4444444444444444,0.7691188441188441,0.46153846153846156,0.0,0.5514781517641885,0.5799146039145333,0.09657776621835572,0.16512127965688705,0.0,0.0,0.0,0.0,0.0,18473,global,0.0
3,3,lr5e-05_bs8_drop0p4_temp1p0_a0p25_b0p05__wd1e-04trmiss0_degmodglobal,8,5e-05,0.0001,0.4,1.0,0.25,0.05,lr5e-05_bs8_drop0p4_temp1p0_a0p25_b0p05__wd1e-04trmiss0_degmodglobal,38,0.6385635903903416,0.7168990969657898,0.4444444444444444,0.7691188441188441,0.46153846153846156,0.0,0.4844895005226135,0.5920127374785287,0.1291046834417752,0.2854937847171511,0.0,0.0,0.0,0.0,0.0,18473,global,0.0
3,3,lr5e-05_bs8_drop0p4_temp1p0_a0p25_b0p05__wd1e-04trmiss0_degmodglobal,8,5e-05,0.0001,0.4,1.0,0.25,0.05,lr5e-05_bs8_drop0p4_temp1p0_a0p25_b0p05__wd1e-04trmiss0_degmodglobal,39,0.6702725376401629,0.720850259065628,0.4444444444444444,0.7691188441188441,0.46153846153846156,0.0,0.555393785238266,0.6241812407970428,0.1286062981401171,0.27879494215760914,0.0,0.0,0.0,0.0,0.0,18473,global,0.0
3,3,lr5e-05_bs8_drop0p4_temp1p0_a0p25_b0p05__wd1e-04trmiss0_degmodglobal,8,5e-05,0.0001,0.4,1.0,0.25,0.05,lr5e-05_bs8_drop0p4_temp1p0_a0p25_b0p05__wd1e-04trmiss0_degmodglobal,40,0.6458836453301566,0.721133828163147,0.4444444444444444,0.7691188441188441,0.46153846153846156,0.0,0.5036863684654236,0.6025119849613735,0.12174592167139053,0.2587035351565906,0.0,0.0,0.0,0.0,0.0,18473,global,0.0
3,3,lr5e-05_bs8_drop0p4_temp1p0_a0p25_b0p05__wd1e-04trmiss0_degmodglobal,8,5e-05,0.0001,0.4,1.0,0.25,0.05,lr5e-05_bs8_drop0p4_temp1p0_a0p25_b0p05__wd1e-04trmiss0_degmodglobal,41,0.6634504624775478,0.7180056869983673,0.4722222222222222,0.7797008547008548,0.46153846153846156,0.0,0.5038725095135825,0.605539049421038,0.16210351618272917,0.34771047213247847,0.0,0.0,0.0,0.0,0.0,18473,global,0.0
3,3,lr5e-05_bs8_drop0p4_temp1p0_a0p25_b0p05__wd1e-04trmiss0_degmodglobal,8,5e-05,0.0001,0.4,1.0,0.25,0.05,lr5e-05_bs8_drop0p4_temp1p0_a0p25_b0p05__wd1e-04trmiss0_degmodglobal,42,0.6715143322944641,0.7241840660572052,0.49999999999999994,0.7945156695156697,0.46153846153846156,0.0,0.5303876229694912,0.635500294821603,0.09329102614096232,0.25382598276649204,0.0,0.0,0.0,0.0,0.0,18473,global,0.0
3,3,lr5e-05_bs8_drop0p4_temp1p0_a0p25_b0p05__wd1e-04trmiss0_degmodglobal,8,5e-05,0.0001,0.4,1.0,0.25,0.05,lr5e-05_bs8_drop0p4_temp1p0_a0p25_b0p05__wd1e-04trmiss0_degmodglobal,43,0.6152139220918927,0.723536342382431,0.4722222222222222,0.7797008547008548,0.46153846153846156,0.0,0.4878544126238142,0.5648995978491647,0.15324126183986664,0.24008024058171681,0.0,0.0,0.0,0.0,0.0,18473,global,0.0
3,3,lr5e-05_bs8_drop0p4_temp1p0_a0p25_b0p05__wd1e-04trmiss0_degmodglobal,8,5e-05,0.0001,0.4,1.0,0.25,0.05,lr5e-05_bs8_drop0p4_temp1p0_a0p25_b0p05__wd1e-04trmiss0_degmodglobal,44,0.6695631997925895,0.7229330539703369,0.4722222222222222,0.7797008547008548,0.46153846153846156,0.0,0.5071026384830475,0.6187734944479806,0.14055162455354417,0.31303595698305536,0.0,0.0,0.0,0.0,0.0,18473,global,0.0
3,3,lr5e-05_bs8_drop0p4_temp1p0_a0p25_b0p05__wd1e-04trmiss0_degmodglobal,8,5e-05,0.0001,0.4,1.0,0.25,0.05,lr5e-05_bs8_drop0p4_temp1p0_a0p25_b0p05__wd1e-04trmiss0_degmodglobal,45,0.6811606202806745,0.7161625623703003,0.5,0.7896214896214897,0.46153846153846156,0.0,0.49940758517810274,0.6367045981543404,0.11541285791567393,0.31205581820436884,0.0,0.0,0.0,0.0,0.0,18473,global,0.0
3,3,lr5e-05_bs8_drop0p4_temp1p0_a0p25_b0p05__wd1e-04trmiss0_degmodglobal,8,5e-05,0.0001,0.4,1.0,0.25,0.05,lr5e-05_bs8_drop0p4_temp1p0_a0p25_b0p05__wd1e-04trmiss0_degmodglobal,46,0.6283796344484601,0.7166221737861633,0.5,0.7896214896214897,0.46153846153846156,0.0,0.5056678993361337,0.5905395575932094,0.10774984317166465,0.21805210198674882,0.0,0.0,0.0,0.0,0.0,18473,global,0.0
3,3,lr5e-05_bs8_drop0p4_temp1p0_a0p25_b0p05__wd1e-04trmiss0_degmodglobal,8,5e-05,0.0001,0.4,1.0,0.25,0.05,lr5e-05_bs8_drop0p4_temp1p0_a0p25_b0p05__wd1e-04trmiss0_degmodglobal,47,0.6373089211327689,0.7153559625148773,0.5,0.7896214896214897,0.46153846153846156,0.0,0.4920651742390224,0.5876833966800145,0.14452430925198964,0.26988907158374786,0.0,0.0,0.0,0.0,0.0,18473,global,0.0
3,3,lr5e-05_bs8_drop0p4_temp1p0_a0p25_b0p05__wd1e-04trmiss0_degmodglobal,8,5e-05,0.0001,0.4,1.0,0.25,0.05,lr5e-05_bs8_drop0p4_temp1p0_a0p25_b0p05__wd1e-04trmiss0_degmodglobal,48,0.6209341287612915,0.7136561274528503,0.4722222222222222,0.7797008547008548,0.46153846153846156,0.0,0.5149780980178288,0.5641113902841296,0.1612663652215685,0.33012293917792185,0.0,0.0,0.0,0.0,0.0,18473,global,0.0
3,3,lr5e-05_bs8_drop0p4_temp1p0_a0p25_b0p05__wd1e-04trmiss0_degmodglobal,8,5e-05,0.0001,0.4,1.0,0.25,0.05,lr5e-05_bs8_drop0p4_temp1p0_a0p25_b0p05__wd1e-04trmiss0_degmodglobal,49,0.6466485091618129,0.7194727063179016,0.4444444444444444,0.7691188441188441,0.46153846153846156,0.0,0.5044788547924587,0.5984938400132316,0.13144842961004802,0.3058509337050574,0.0,0.0,0.0,0.0,0.0,18473,global,0.0
3,3,lr5e-05_bs8_drop0p4_temp1p0_a0p25_b0p05__wd1e-04trmiss0_degmodglobal,8,5e-05,0.0001,0.4,1.0,0.25,0.05,lr5e-05_bs8_drop0p4_temp1p0_a0p25_b0p05__wd1e-04trmiss0_degmodglobal,50,0.6422247460910252,0.720443844795227,0.4444444444444444,0.7691188441188441,0.46153846153846156,0.0,0.48491465193884714,0.5885028370789119,0.15873515286615916,0.28076255534376415,0.0,0.0,0.0,0.0,0.0,18473,global,0.0
3,3,lr5e-05_bs8_drop0p4_temp1p0_a0p25_b0p05__wd1e-04trmiss0_degmodglobal,8,5e-05,0.0001,0.4,1.0,0.25,0.05,lr5e-05_bs8_drop0p4_temp1p0_a0p25_b0p05__wd1e-04trmiss0_degmodglobal,51,0.6476243478911263,0.7211484909057617,0.4722222222222222,0.7797008547008548,0.46153846153846156,0.0,0.46829242365700857,0.5840732710702079,0.17360409455639975,0.4030011807169233,0.0,0.0,0.0,0.0,0.0,18473,global,0.0
3,3,lr5e-05_bs8_drop0p4_temp1p0_a0p25_b0p05__wd1e-04trmiss0_degmodglobal,8,5e-05,0.0001,0.4,1.0,0.25,0.05,lr5e-05_bs8_drop0p4_temp1p0_a0p25_b0p05__wd1e-04trmiss0_degmodglobal,52,0.6312417643410819,0.7271357774734497,0.4722222222222222,0.7797008547008548,0.38461538461538464,0.0,0.5148110261985234,0.5900375417300633,0.11664547877652305,0.24085704716188566,0.0,0.0,0.0,0.0,0.0,18473,global,0.0
3,3,lr5e-05_bs8_drop0p4_temp1p0_a0p25_b0p05__wd1e-04trmiss0_degmodglobal,8,5e-05,0.0001,0.4,1.0,0.25,0.05,lr5e-05_bs8_drop0p4_temp1p0_a0p25_b0p05__wd1e-04trmiss0_degmodglobal,53,0.6337655867849078,0.7225978970527649,0.4722222222222222,0.7797008547008548,0.46153846153846156,0.0,0.4809594282082149,0.5829239061900547,0.1538678758910724,0.24749427501644408,0.0,0.0,0.0,0.0,0.0,18473,global,0.0
3,3,lr5e-05_bs8_drop0p4_temp1p0_a0p25_b0p05__wd1e-04trmiss0_degmodglobal,8,5e-05,0.0001,0.4,1.0,0.25,0.05,lr5e-05_bs8_drop0p4_temp1p0_a0p25_b0p05__wd1e-04trmiss0_degmodglobal,54,0.6639481272016253,0.7189731001853943,0.5,0.7896214896214897,0.46153846153846156,0.0,0.4814393562929971,0.6013454880033221,0.1632950050490243,0.4355778034244265,0.0,0.0,0.0,0.0,0.0,18473,global,0.0
3,3,lr5e-05_bs8_drop0p4_temp1p0_a0p25_b0p05__wd1e-04trmiss0_degmodglobal,8,5e-05,0.0001,0.4,1.0,0.25,0.05,lr5e-05_bs8_drop0p4_temp1p0_a0p25_b0p05__wd1e-04trmiss0_degmodglobal,55,0.647673317364284,0.7141298055648804,0.4722222222222222,0.7797008547008548,0.46153846153846156,0.0,0.5023802263396127,0.5965488467897687,0.1492584773472377,0.27619724188532147,0.0,0.0,0.0,0.0,0.0,18473,global,0.0
3,3,lr5e-05_bs8_drop0p4_temp1p0_a0p25_b0p05__wd1e-04trmiss0_degmodglobal,8,5e-05,0.0001,0.4,1.0,0.25,0.05,lr5e-05_bs8_drop0p4_temp1p0_a0p25_b0p05__wd1e-04trmiss0_degmodglobal,56,0.6128601687295097,0.7144099771976471,0.5,0.7896214896214897,0.46153846153846156,0.0,0.4764449255807059,0.5637957198279244,0.1405451191323144,0.27856322803667616,0.0,0.0,0.0,0.0,0.0,18473,global,0.0
3,3,lr5e-05_bs8_drop0p4_temp1p0_a0p25_b0p05__wd1e-04trmiss0_degmodglobal,8,5e-05,0.0001,0.4,1.0,0.25,0.05,lr5e-05_bs8_drop0p4_temp1p0_a0p25_b0p05__wd1e-04trmiss0_degmodglobal,57,0.6245665422507695,0.7141519784927368,0.5,0.7896214896214897,0.46153846153846156,0.0,0.4834119038922446,0.5831591359206608,0.11564006762845176,0.24994773417711258,0.0,0.0,0.0,0.0,0.0,18473,global,0.0
3,3,lr5e-05_bs8_drop0p4_temp1p0_a0p25_b0p05__wd1e-04trmiss0_degmodglobal,8,5e-05,0.0001,0.4,1.0,0.25,0.05,lr5e-05_bs8_drop0p4_temp1p0_a0p25_b0p05__wd1e-04trmiss0_degmodglobal,58,0.6414485829217094,0.7123254835605621,0.5,0.7896214896214897,0.46153846153846156,0.0,0.5092468432017735,0.588597983121872,0.15766158380678721,0.26870396520410267,0.0,0.0,0.0,0.0,0.0,18473,global,0.0
3,3,lr5e-05_bs8_drop0p4_temp1p0_a0p25_b0p05__wd1e-04trmiss0_degmodglobal,8,5e-05,0.0001,0.4,1.0,0.25,0.05,lr5e-05_bs8_drop0p4_temp1p0_a0p25_b0p05__wd1e-04trmiss0_degmodglobal,59,0.639045706817082,0.7180263102054596,0.5,0.7896214896214897,0.46153846153846156,0.0,0.4952014131205423,0.5953317965779986,0.12475166044064931,0.2505199483462742,0.0,0.0,0.0,0.0,0.0,18473,global,0.0
3,3,lr5e-05_bs8_drop0p4_temp1p0_a0p25_b0p05__wd1e-04trmiss0_degmodglobal,8,5e-05,0.0001,0.4,1.0,0.25,0.05,lr5e-05_bs8_drop0p4_temp1p0_a0p25_b0p05__wd1e-04trmiss0_degmodglobal,60,0.6383613688605172,0.7142544388771057,0.4722222222222222,0.7797008547008548,0.46153846153846156,0.0,0.45798285944121225,0.583428714956556,0.14797378970044,0.3587844797543117,0.0,0.0,0.0,0.0,0.0,18473,global,0.0
3,3,lr5e-05_bs8_drop0p4_temp1p0_a0p25_b0p05__wd1e-04trmiss0_degmodglobal,8,5e-05,0.0001,0.4,1.0,0.25,0.05,lr5e-05_bs8_drop0p4_temp1p0_a0p25_b0p05__wd1e-04trmiss0_degmodglobal,61,0.6240251362323761,0.7165791988372803,0.5,0.7896214896214897,0.46153846153846156,0.0,0.4996263938290732,0.5852169649941581,0.11001987435988017,0.2260639571717807,0.0,0.0,0.0,0.0,0.0,18473,global,0.0
3,3,lr5e-05_bs8_drop0p4_temp1p0_a0p25_b0p05__wd1e-04trmiss0_degmodglobal,8,5e-05,0.0001,0.4,1.0,0.25,0.05,lr5e-05_bs8_drop0p4_temp1p0_a0p25_b0p05__wd1e-04trmiss0_degmodglobal,62,0.6776963557515826,0.7130191922187805,0.5277777777777778,0.8044363044363045,0.46153846153846156,0.0,0.4895327516964504,0.6176599519593375,0.1609116154057639,0.3961702042392322,0.0,0.0,0.0,0.0,0.0,18473,global,0.0
3,3,lr5e-05_bs8_drop0p4_temp1p0_a0p25_b0p05__wd1e-04trmiss0_degmodglobal,8,5e-05,0.0001,0.4,1.0,0.25,0.05,lr5e-05_bs8_drop0p4_temp1p0_a0p25_b0p05__wd1e-04trmiss0_degmodglobal,63,0.6587248870304653,0.7126303613185883,0.4722222222222222,0.7797008547008548,0.46153846153846156,0.0,0.5160753939832959,0.6047902149813515,0.15778231833662307,0.28978178969451357,0.0,0.0,0.0,0.0,0.0,18473,global,0.0
3,3,lr5e-05_bs8_drop0p4_temp1p0_a0p25_b0p05__wd1e-04trmiss0_degmodglobal,8,5e-05,0.0001,0.4,1.0,0.25,0.05,lr5e-05_bs8_drop0p4_temp1p0_a0p25_b0p05__wd1e-04trmiss0_degmodglobal,64,0.6142049176352364,0.7178024053573608,0.5,0.7896214896214897,0.46153846153846156,0.0,0.4725191295146942,0.5680270578180041,0.1346522378070014,0.25029599240847994,0.0,0.0,0.0,0.0,0.0,18473,global,0.0
3,3,lr5e-05_bs8_drop0p4_temp1p0_a0p25_b0p05__wd1e-04trmiss0_degmodglobal,8,5e-05,0.0001,0.4,1.0,0.25,0.05,lr5e-05_bs8_drop0p4_temp1p0_a0p25_b0p05__wd1e-04trmiss0_degmodglobal,65,0.6489633236612592,0.7178494930267334,0.5,0.7896214896214897,0.46153846153846156,0.0,0.4942035334450858,0.6000000238418579,0.1371336459581341,0.29359753110579084,0.0,0.0,0.0,0.0,0.0,18473,global,0.0
3,3,lr5e-05_bs8_drop0p4_temp1p0_a0p25_b0p05__wd1e-04trmiss0_degmodglobal,8,5e-05,0.0001,0.4,1.0,0.25,0.05,lr5e-05_bs8_drop0p4_temp1p0_a0p25_b0p05__wd1e-04trmiss0_degmodglobal,66,0.6474660038948059,0.7165749967098236,0.5,0.7896214896214897,0.46153846153846156,0.0,0.4700995257922581,0.5972166614873069,0.14174026463712966,0.29628583256687435,0.0,0.0,0.0,0.0,0.0,18473,global,0.0
3,3,lr5e-05_bs8_drop0p4_temp1p0_a0p25_b0p05__wd1e-04trmiss0_degmodglobal,8,5e-05,0.0001,0.4,1.0,0.25,0.05,lr5e-05_bs8_drop0p4_temp1p0_a0p25_b0p05__wd1e-04trmiss0_degmodglobal,67,0.6399566446031842,0.7180480360984802,0.5,0.7896214896214897,0.46153846153846156,0.0,0.4541683793067932,0.5776250617844718,0.1865063181945256,0.314100050500461,0.0,0.0,0.0,0.0,0.0,18473,global,0.0
3,3,lr5e-05_bs8_drop0p4_temp1p0_a0p25_b0p05__wd1e-04trmiss0_degmodglobal,8,5e-05,0.0001,0.4,1.0,0.25,0.05,lr5e-05_bs8_drop0p4_temp1p0_a0p25_b0p05__wd1e-04trmiss0_degmodglobal,68,0.6940491880689349,0.7173737585544586,0.5,0.7896214896214897,0.46153846153846156,0.0,0.46275000487055096,0.6132338728223529,0.2148861927645547,0.5418751878397805,0.0,0.0,0.0,0.0,0.0,18473,global,0.0
3,3,lr5e-05_bs8_drop0p4_temp1p0_a0p25_b0p05__wd1e-04trmiss0_degmodglobal,8,5e-05,0.0001,0.4,1.0,0.25,0.05,lr5e-05_bs8_drop0p4_temp1p0_a0p25_b0p05__wd1e-04trmiss0_degmodglobal,69,0.6505880440984454,0.7221779823303223,0.5,0.7896214896214897,0.46153846153846156,0.0,0.4903331398963928,0.5925808548927307,0.16194140378917968,0.3504368279661451,0.0,0.0,0.0,0.0,0.0,18473,global,0.0
3,3,lr5e-05_bs8_drop0p4_temp1p0_a0p25_b0p05__wd1e-04trmiss0_degmodglobal,8,5e-05,0.0001,0.4,1.0,0.25,0.05,lr5e-05_bs8_drop0p4_temp1p0_a0p25_b0p05__wd1e-04trmiss0_degmodglobal,70,0.6425637177058628,0.7194466590881348,0.5,0.7896214896214897,0.46153846153846156,0.0,0.4705260012831007,0.5859190225601196,0.1674720464008195,0.2955335240278925,0.0,0.0,0.0,0.0,0.0,18473,global,0.0
3,3,lr5e-05_bs8_drop0p4_temp1p0_a0p25_b0p05__wd1e-04trmiss0_degmodglobal,8,5e-05,0.0001,0.4,1.0,0.25,0.05,lr5e-05_bs8_drop0p4_temp1p0_a0p25_b0p05__wd1e-04trmiss0_degmodglobal,71,0.6800005435943604,0.7203844487667084,0.5,0.7896214896214897,0.46153846153846156,0.0,0.530347466468811,0.6369376310280391,0.10575322327869278,0.3324920449938093,0.0,0.0,0.0,0.0,0.0,18473,global,0.0
3,3,lr5e-05_bs8_drop0p4_temp1p0_a0p25_b0p05__wd1e-04trmiss0_degmodglobal,8,5e-05,0.0001,0.4,1.0,0.25,0.05,lr5e-05_bs8_drop0p4_temp1p0_a0p25_b0p05__wd1e-04trmiss0_degmodglobal,72,0.6547460896628243,0.7169710993766785,0.5,0.7896214896214897,0.46153846153846156,0.0,0.46044768605913433,0.5980202896254403,0.1546923252088683,0.36105468762772425,0.0,0.0,0.0,0.0,0.0,18473,global,0.0
3,3,lr5e-05_bs8_drop0p4_temp1p0_a0p25_b0p05__wd1e-04trmiss0_degmodglobal,8,5e-05,0.0001,0.4,1.0,0.25,0.05,lr5e-05_bs8_drop0p4_temp1p0_a0p25_b0p05__wd1e-04trmiss0_degmodglobal,73,0.6188981533050537,0.7132810652256012,0.5,0.7896214896214897,0.46153846153846156,0.0,0.46941085372652325,0.5672459304332733,0.15274853578635625,0.26930166355201174,0.0,0.0,0.0,0.0,0.0,18473,global,0.0
3,3,lr5e-05_bs8_drop0p4_temp1p0_a0p25_b0p05__wd1e-04trmiss0_degmodglobal,8,5e-05,0.0001,0.4,1.0,0.25,0.05,lr5e-05_bs8_drop0p4_temp1p0_a0p25_b0p05__wd1e-04trmiss0_degmodglobal,74,0.6015370743615287,0.7131164073944092,0.4722222222222222,0.761843711843712,0.46153846153846156,0.0,0.44989109465054106,0.5425459912845066,0.17516976914235524,0.30397295632532667,0.0,0.0,0.0,0.0,0.0,18473,global,0.0
3,3,lr5e-05_bs8_drop0p4_temp1p0_a0p25_b0p05__wd1e-04trmiss0_degmodglobal,8,5e-05,0.0001,0.4,1.0,0.25,0.05,lr5e-05_bs8_drop0p4_temp1p0_a0p25_b0p05__wd1e-04trmiss0_degmodglobal,75,0.6287647485733032,0.7157106399536133,0.5,0.7896214896214897,0.46153846153846156,0.0,0.4617723226547241,0.5780975265162331,0.137884221971035,0.32392350264957975,0.0,0.0,0.0,0.0,0.0,18473,global,0.0
3,3,lr5e-05_bs8_drop0p4_temp1p0_a0p25_b0p05__wd1e-04trmiss0_degmodglobal,8,5e-05,0.0001,0.4,1.0,0.25,0.05,lr5e-05_bs8_drop0p4_temp1p0_a0p25_b0p05__wd1e-04trmiss0_degmodglobal,76,0.6158274837902614,0.7124250829219818,0.5,0.7896214896214897,0.46153846153846156,0.0,0.4518321880272457,0.5494214083467212,0.1977401077747345,0.3394207847969873,0.0,0.0,0.0,0.0,0.0,18473,global,0.0
3,3,lr5e-05_bs8_drop0p4_temp1p0_a0p25_b0p05__wd1e-04trmiss0_degmodglobal,8,5e-05,0.0001,0.4,1.0,0.25,0.05,lr5e-05_bs8_drop0p4_temp1p0_a0p25_b0p05__wd1e-04trmiss0_degmodglobal,77,0.6226510831287929,0.7179400622844696,0.5,0.7896214896214897,0.5384615384615384,0.0,0.5058186437402453,0.5808243751525879,0.1256374397448131,0.20834675218377793,0.0,0.0,0.0,0.0,0.0,18473,global,0.0
3,3,lr5e-05_bs8_drop0p4_temp1p0_a0p25_b0p05__wd1e-04trmiss0_degmodglobal,8,5e-05,0.0001,0.4,1.0,0.25,0.05,lr5e-05_bs8_drop0p4_temp1p0_a0p25_b0p05__wd1e-04trmiss0_degmodglobal,78,0.6551679798534938,0.7127290666103363,0.5,0.7896214896214897,0.46153846153846156,0.0,0.4823393097945622,0.6001064862523761,0.15979708624737604,0.30224447697401047,0.0,0.0,0.0,0.0,0.0,18473,global,0.0
3,3,lr5e-05_bs8_drop0p4_temp1p0_a0p25_b0p05__wd1e-04trmiss0_degmodglobal,8,5e-05,0.0001,0.4,1.0,0.25,0.05,lr5e-05_bs8_drop0p4_temp1p0_a0p25_b0p05__wd1e-04trmiss0_degmodglobal,79,0.6396717258862087,0.7193048596382141,0.5,0.7896214896214897,0.46153846153846156,0.0,0.4705966966492789,0.5681704197611127,0.21558699810079165,0.3520911192255361,0.0,0.0,0.0,0.0,0.0,18473,global,0.0
3,3,lr5e-05_bs8_drop0p4_temp1p0_a0p25_b0p05__wd1e-04trmiss0_degmodglobal,8,5e-05,0.0001,0.4,1.0,0.25,0.05,lr5e-05_bs8_drop0p4_temp1p0_a0p25_b0p05__wd1e-04trmiss0_degmodglobal,80,0.6639682650566101,0.7207191288471222,0.5,0.7896214896214897,0.46153846153846156,0.0,0.49633514881134033,0.6120288457189288,0.14636739982025965,0.3069514861064298,0.0,0.0,0.0,0.0,0.0,18473,global,0.0
3,3,lr5e-05_bs8_drop0p4_temp2p0_a0p25_b0p05__wd1e-04trmiss0_degmodglobal,8,5e-05,0.0001,0.4,2.0,0.25,0.05,lr5e-05_bs8_drop0p4_temp2p0_a0p25_b0p05__wd1e-04trmiss0_degmodglobal,1,0.7808905158724103,0.7061744332313538,0.6944444444444444,0.8830397997064665,0.38461538461538464,0.0,0.7062926377568927,0.7526814426694598,0.05952028637485845,0.2665796088320868,0.0,0.0,0.0,0.0,0.0,18473,global,0.0
3,3,lr5e-05_bs8_drop0p4_temp2p0_a0p25_b0p05__wd1e-04trmiss0_degmodglobal,8,5e-05,0.0001,0.4,2.0,0.25,0.05,lr5e-05_bs8_drop0p4_temp2p0_a0p25_b0p05__wd1e-04trmiss0_degmodglobal,2,0.7367991805076599,0.7127079963684082,0.6944444444444444,0.872602089268756,0.46153846153846156,0.0,0.6660557389259338,0.7098662342344012,0.05788143777421543,0.2492520042828151,0.0,0.0,0.0,0.0,0.0,18473,global,0.0
3,3,lr5e-05_bs8_drop0p4_temp2p0_a0p25_b0p05__wd1e-04trmiss0_degmodglobal,8,5e-05,0.0001,0.4,2.0,0.25,0.05,lr5e-05_bs8_drop0p4_temp2p0_a0p25_b0p05__wd1e-04trmiss0_degmodglobal,3,0.7426185522760663,0.7205780148506165,0.6111111111111112,0.8290715457382125,0.38461538461538464,0.0,0.6533687540463039,0.7171541452407837,0.057191473032747,0.2233308276959828,0.0,0.0,0.0,0.0,0.0,18473,global,0.0
3,3,lr5e-05_bs8_drop0p4_temp2p0_a0p25_b0p05__wd1e-04trmiss0_degmodglobal,8,5e-05,0.0001,0.4,2.0,0.25,0.05,lr5e-05_bs8_drop0p4_temp2p0_a0p25_b0p05__wd1e-04trmiss0_degmodglobal,4,0.7755212528364999,0.7237295806407928,0.6388888888888888,0.8490620490620491,0.38461538461538464,0.0,0.635047197341919,0.7334052920341492,0.09402809185641152,0.37217878230980467,0.0,0.0,0.0,0.0,0.0,18473,global,0.0
3,3,lr5e-05_bs8_drop0p4_temp2p0_a0p25_b0p05__wd1e-04trmiss0_degmodglobal,8,5e-05,0.0001,0.4,2.0,0.25,0.05,lr5e-05_bs8_drop0p4_temp2p0_a0p25_b0p05__wd1e-04trmiss0_degmodglobal,5,0.6986494745526995,0.7256373763084412,0.6666666666666667,0.8677840677840678,0.38461538461538464,0.0,0.6457178337233407,0.6654491169112069,0.06920446349041802,0.3179848087685449,0.0,0.0,0.0,0.0,0.0,18473,global,0.0
3,3,lr5e-05_bs8_drop0p4_temp2p0_a0p25_b0p05__wd1e-04trmiss0_degmodglobal,8,5e-05,0.0001,0.4,2.0,0.25,0.05,lr5e-05_bs8_drop0p4_temp2p0_a0p25_b0p05__wd1e-04trmiss0_degmodglobal,6,0.6863375646727425,0.7210711538791656,0.5833333333333333,0.7807470307470308,0.38461538461538464,0.0,0.6159925375665937,0.6626674618039813,0.05639711660998208,0.1914167787347521,0.0,0.0,0.0,0.0,0.0,18473,global,0.0
3,3,lr5e-05_bs8_drop0p4_temp2p0_a0p25_b0p05__wd1e-04trmiss0_degmodglobal,8,5e-05,0.0001,0.4,2.0,0.25,0.05,lr5e-05_bs8_drop0p4_temp2p0_a0p25_b0p05__wd1e-04trmiss0_degmodglobal,7,0.7070931281362262,0.7227556109428406,0.5833333333333333,0.7338334505001172,0.23076923076923078,0.0,0.6087212221963065,0.677019510950361,0.06728534772992134,0.2650454874549593,0.0,0.0,0.0,0.0,0.0,18473,global,0.0
3,3,lr5e-05_bs8_drop0p4_temp2p0_a0p25_b0p05__wd1e-04trmiss0_degmodglobal,8,5e-05,0.0001,0.4,2.0,0.25,0.05,lr5e-05_bs8_drop0p4_temp2p0_a0p25_b0p05__wd1e-04trmiss0_degmodglobal,8,0.7154793313571385,0.724765807390213,0.5833333333333333,0.7338334505001172,0.3076923076923077,0.0,0.6090107389858791,0.6836939454078674,0.06848465970584325,0.2932842267411096,0.0,0.0,0.0,0.0,0.0,18473,global,0.0
3,3,lr5e-05_bs8_drop0p4_temp2p0_a0p25_b0p05__wd1e-04trmiss0_degmodglobal,8,5e-05,0.0001,0.4,2.0,0.25,0.05,lr5e-05_bs8_drop0p4_temp2p0_a0p25_b0p05__wd1e-04trmiss0_degmodglobal,9,0.6984910709517342,0.7243851721286774,0.5833333333333333,0.7338334505001172,0.3076923076923077,0.0,0.6105331012180873,0.6693418451717922,0.06863650466714587,0.23980156225817545,0.0,0.0,0.0,0.0,0.0,18473,global,0.0
3,3,lr5e-05_bs8_drop0p4_temp2p0_a0p25_b0p05__wd1e-04trmiss0_degmodglobal,8,5e-05,0.0001,0.4,2.0,0.25,0.05,lr5e-05_bs8_drop0p4_temp2p0_a0p25_b0p05__wd1e-04trmiss0_degmodglobal,10,0.666544326714107,0.729933112859726,0.5555555555555556,0.7219286885953553,0.3076923076923077,0.0,0.5853451490402222,0.6316722886902946,0.08032570885760444,0.2958119341305324,0.0,0.0,0.0,0.0,0.0,18473,global,0.0
3,3,lr5e-05_bs8_drop0p4_temp2p0_a0p25_b0p05__wd1e-04trmiss0_degmodglobal,8,5e-05,0.0001,0.4,2.0,0.25,0.05,lr5e-05_bs8_drop0p4_temp2p0_a0p25_b0p05__wd1e-04trmiss0_degmodglobal,11,0.7033013445990426,0.7337724268436432,0.5277777777777777,0.708701175367842,0.3076923076923077,0.0,0.5553028242928642,0.670325585774013,0.07476962038448878,0.28566738750253406,0.0,0.0,0.0,0.0,0.0,18473,global,0.0
3,3,lr5e-05_bs8_drop0p4_temp2p0_a0p25_b0p05__wd1e-04trmiss0_degmodglobal,8,5e-05,0.0001,0.4,2.0,0.25,0.05,lr5e-05_bs8_drop0p4_temp2p0_a0p25_b0p05__wd1e-04trmiss0_degmodglobal,12,0.6620278188160488,0.7308492064476013,0.5555555555555556,0.7167819834486502,0.3076923076923077,0.0,0.5554409793445042,0.6347466451781136,0.06324717721768788,0.22938739401953562,0.0,0.0,0.0,0.0,0.0,18473,global,0.0
3,3,lr5e-05_bs8_drop0p4_temp2p0_a0p25_b0p05__wd1e-04trmiss0_degmodglobal,8,5e-05,0.0001,0.4,2.0,0.25,0.05,lr5e-05_bs8_drop0p4_temp2p0_a0p25_b0p05__wd1e-04trmiss0_degmodglobal,13,0.6570376413209098,0.7288021147251129,0.5833333333333333,0.7300094966761634,0.3076923076923077,0.0,0.5825445907456535,0.627792205129351,0.07411750512463706,0.21432124291147506,0.0,0.0,0.0,0.0,0.0,18473,global,0.0
3,3,lr5e-05_bs8_drop0p4_temp2p0_a0p25_b0p05__wd1e-04trmiss0_degmodglobal,8,5e-05,0.0001,0.4,2.0,0.25,0.05,lr5e-05_bs8_drop0p4_temp2p0_a0p25_b0p05__wd1e-04trmiss0_degmodglobal,14,0.6431870119912284,0.7277800142765045,0.5833333333333333,0.7300094966761634,0.38461538461538464,0.0,0.5559395466532026,0.6103915657315936,0.07825474015304021,0.2646350988319942,0.0,0.0,0.0,0.0,0.0,18473,global,0.0
3,3,lr5e-05_bs8_drop0p4_temp2p0_a0p25_b0p05__wd1e-04trmiss0_degmodglobal,8,5e-05,0.0001,0.4,2.0,0.25,0.05,lr5e-05_bs8_drop0p4_temp2p0_a0p25_b0p05__wd1e-04trmiss0_degmodglobal,15,0.6317628622055054,0.7295893132686615,0.5833333333333333,0.7300094966761634,0.38461538461538464,0.0,0.5430979302951268,0.5910743517535073,0.09507922402450017,0.3383743166923523,0.0,0.0,0.0,0.0,0.0,18473,global,0.0
3,3,lr5e-05_bs8_drop0p4_temp2p0_a0p25_b0p05__wd1e-04trmiss0_degmodglobal,8,5e-05,0.0001,0.4,2.0,0.25,0.05,lr5e-05_bs8_drop0p4_temp2p0_a0p25_b0p05__wd1e-04trmiss0_degmodglobal,16,0.6374402897698539,0.7329854369163513,0.611111111111111,0.7419142585809253,0.38461538461538464,0.0,0.5733893683978489,0.6023849248886108,0.09093773471457618,0.24641836328165873,0.0,0.0,0.0,0.0,0.0,18473,global,0.0
3,3,lr5e-05_bs8_drop0p4_temp2p0_a0p25_b0p05__wd1e-04trmiss0_degmodglobal,8,5e-05,0.0001,0.4,2.0,0.25,0.05,lr5e-05_bs8_drop0p4_temp2p0_a0p25_b0p05__wd1e-04trmiss0_degmodglobal,17,0.6512630837304252,0.7325170636177063,0.5833333333333333,0.7338334505001172,0.38461538461538464,0.0,0.5673466920852661,0.6273997979504722,0.054004885256290436,0.2072413648877825,0.0,0.0,0.0,0.0,0.0,18473,global,0.0
3,3,lr5e-05_bs8_drop0p4_temp2p0_a0p25_b0p05__wd1e-04trmiss0_degmodglobal,8,5e-05,0.0001,0.4,2.0,0.25,0.05,lr5e-05_bs8_drop0p4_temp2p0_a0p25_b0p05__wd1e-04trmiss0_degmodglobal,18,0.646636962890625,0.7314718067646027,0.6111111111111112,0.7446359196359197,0.38461538461538464,0.0,0.5354605913162231,0.6162504468645368,0.06855578028729983,0.26495138662202017,0.0,0.0,0.0,0.0,0.0,18473,global,0.0
3,3,lr5e-05_bs8_drop0p4_temp2p0_a0p25_b0p05__wd1e-04trmiss0_degmodglobal,8,5e-05,0.0001,0.4,2.0,0.25,0.05,lr5e-05_bs8_drop0p4_temp2p0_a0p25_b0p05__wd1e-04trmiss0_degmodglobal,19,0.639340511390141,0.7274835109710693,0.611111111111111,0.7893890060556727,0.38461538461538464,0.0,0.5380063482693264,0.6075623290879386,0.07205416953989438,0.27529288083314896,0.0,0.0,0.0,0.0,0.0,18473,global,0.0
3,3,lr5e-05_bs8_drop0p4_temp2p0_a0p25_b0p05__wd1e-04trmiss0_degmodglobal,8,5e-05,0.0001,0.4,2.0,0.25,0.05,lr5e-05_bs8_drop0p4_temp2p0_a0p25_b0p05__wd1e-04trmiss0_degmodglobal,20,0.6411929641451154,0.7232738137245178,0.5555555555555556,0.7688422688422689,0.38461538461538464,0.0,0.5595887133053371,0.6054776906967163,0.08169137313961983,0.30584851439510075,0.0,0.0,0.0,0.0,0.0,18473,global,0.0
3,3,lr5e-05_bs8_drop0p4_temp2p0_a0p25_b0p05__wd1e-04trmiss0_degmodglobal,8,5e-05,0.0001,0.4,2.0,0.25,0.05,lr5e-05_bs8_drop0p4_temp2p0_a0p25_b0p05__wd1e-04trmiss0_degmodglobal,21,0.6767445547240121,0.7281589508056641,0.5555555555555556,0.7688422688422689,0.38461538461538464,0.0,0.5341793469020298,0.6346874407359532,0.09023252821394376,0.3899798222950527,0.0,0.0,0.0,0.0,0.0,18473,global,0.0
3,3,lr5e-05_bs8_drop0p4_temp2p0_a0p25_b0p05__wd1e-04trmiss0_degmodglobal,8,5e-05,0.0001,0.4,2.0,0.25,0.05,lr5e-05_bs8_drop0p4_temp2p0_a0p25_b0p05__wd1e-04trmiss0_degmodglobal,22,0.6432343636240277,0.7270667254924774,0.5277777777777778,0.7595830095830096,0.38461538461538464,0.0,0.510186220918383,0.6135550822530474,0.07057631760835648,0.24070401915482112,0.0,0.0,0.0,0.0,0.0,18473,global,0.0
3,3,lr5e-05_bs8_drop0p4_temp2p0_a0p25_b0p05__wd1e-04trmiss0_degmodglobal,8,5e-05,0.0001,0.4,2.0,0.25,0.05,lr5e-05_bs8_drop0p4_temp2p0_a0p25_b0p05__wd1e-04trmiss0_degmodglobal,23,0.65929628270013,0.7262299358844757,0.5555555555555556,0.7966200466200468,0.38461538461538464,0.0,0.49162458521979197,0.624386191368103,0.0780630489545209,0.3078865706920624,0.0,0.0,0.0,0.0,0.0,18473,global,0.0
3,3,lr5e-05_bs8_drop0p4_temp2p0_a0p25_b0p05__wd1e-04trmiss0_degmodglobal,8,5e-05,0.0001,0.4,2.0,0.25,0.05,lr5e-05_bs8_drop0p4_temp2p0_a0p25_b0p05__wd1e-04trmiss0_degmodglobal,24,0.6469690033367702,0.7229061126708984,0.5555555555555556,0.7966200466200468,0.38461538461538464,0.0,0.5466855423791068,0.6203364900180272,0.062286091170140674,0.2212195864745549,0.0,0.0,0.0,0.0,0.0,18473,global,0.0
3,3,lr5e-05_bs8_drop0p4_temp2p0_a0p25_b0p05__wd1e-04trmiss0_degmodglobal,8,5e-05,0.0001,0.4,2.0,0.25,0.05,lr5e-05_bs8_drop0p4_temp2p0_a0p25_b0p05__wd1e-04trmiss0_degmodglobal,25,0.6505475980894906,0.7293668985366821,0.5277777777777778,0.7595830095830096,0.38461538461538464,0.0,0.5269843893391746,0.6071856447628566,0.10517390604530062,0.3413691350391933,0.0,0.0,0.0,0.0,0.0,18473,global,0.0
3,3,lr1e-05_bs8_drop0p2_temp1p0_a0p25_b0p05__wd1e-04trmiss0_degmodglobal,8,1e-05,0.0001,0.2,1.0,0.25,0.05,lr1e-05_bs8_drop0p2_temp1p0_a0p25_b0p05__wd1e-04trmiss0_degmodglobal,1,0.7186801774161202,0.6579894125461578,0.6944444444444444,0.8741943241943244,0.6153846153846154,0.0,0.6972247191837856,0.6997856668063572,0.04391403230173247,0.1583202396120344,0.0,0.0,0.0,0.0,0.0,18473,global,0.0
3,3,lr1e-05_bs8_drop0p2_temp1p0_a0p25_b0p05__wd1e-04trmiss0_degmodglobal,8,1e-05,0.0001,0.2,1.0,0.25,0.05,lr1e-05_bs8_drop0p2_temp1p0_a0p25_b0p05__wd1e-04trmiss0_degmodglobal,2,0.7139941709382194,0.6509461998939514,0.6944444444444444,0.8741943241943244,0.6153846153846154,0.0,0.7060101458004543,0.6953870058059692,0.050623203228626935,0.11902742087841034,0.0,0.0,0.0,0.0,0.0,18473,global,0.0
3,3,lr1e-05_bs8_drop0p2_temp1p0_a0p25_b0p05__wd1e-04trmiss0_degmodglobal,8,1e-05,0.0001,0.2,1.0,0.25,0.05,lr1e-05_bs8_drop0p2_temp1p0_a0p25_b0p05__wd1e-04trmiss0_degmodglobal,3,0.698848043169294,0.6497766971588135,0.75,0.9013548180214848,0.6923076923076923,0.0,0.6769000632422311,0.6806498169898987,0.048127559678895135,0.12332668048994881,0.0,0.0,0.0,0.0,0.0,18473,global,0.0
3,3,lr1e-05_bs8_drop0p2_temp1p0_a0p25_b0p05__wd1e-04trmiss0_degmodglobal,8,1e-05,0.0001,0.2,1.0,0.25,0.05,lr1e-05_bs8_drop0p2_temp1p0_a0p25_b0p05__wd1e-04trmiss0_degmodglobal,4,0.6923416171755109,0.6497716307640076,0.75,0.9013548180214848,0.6923076923076923,0.0,0.6797405140740531,0.6768060752323696,0.041821032230343134,0.10160547441669873,0.0,0.0,0.0,0.0,0.0,18473,global,0.0
3,3,lr1e-05_bs8_drop0p2_temp1p0_a0p25_b0p05__wd1e-04trmiss0_degmodglobal,8,1e-05,0.0001,0.2,1.0,0.25,0.05,lr1e-05_bs8_drop0p2_temp1p0_a0p25_b0p05__wd1e-04trmiss0_degmodglobal,5,0.6847296186855861,0.6484728157520294,0.7777777777777777,0.9188983855650523,0.6923076923076923,0.0,0.6829631328582764,0.6694142477852958,0.03839784887220178,0.11431834101676941,0.0,0.0,0.0,0.0,0.0,18473,global,0.0
3,3,lr1e-05_bs8_drop0p2_temp1p0_a0p25_b0p05__wd1e-04trmiss0_degmodglobal,8,1e-05,0.0001,0.2,1.0,0.25,0.05,lr1e-05_bs8_drop0p2_temp1p0_a0p25_b0p05__wd1e-04trmiss0_degmodglobal,6,0.6628359726497105,0.6454591155052185,0.7777777777777777,0.9188983855650523,0.6923076923076923,0.0,0.6633995515959603,0.6491100447518485,0.03544507468385356,0.09729318427188056,0.0,0.0,0.0,0.0,0.0,18473,global,0.0
3,3,lr1e-05_bs8_drop0p2_temp1p0_a0p25_b0p05__wd1e-04trmiss0_degmodglobal,8,1e-05,0.0001,0.2,1.0,0.25,0.05,lr1e-05_bs8_drop0p2_temp1p0_a0p25_b0p05__wd1e-04trmiss0_degmodglobal,7,0.6922430310930524,0.6464921534061432,0.7777777777777777,0.9188983855650523,0.7692307692307693,0.0,0.6752347350120544,0.6777152078492301,0.0369175909353154,0.10596822361860957,0.0,0.0,0.0,0.0,0.0,18473,global,0.0
3,3,lr1e-05_bs8_drop0p2_temp1p0_a0p25_b0p05__wd1e-04trmiss0_degmodglobal,8,1e-05,0.0001,0.2,1.0,0.25,0.05,lr1e-05_bs8_drop0p2_temp1p0_a0p25_b0p05__wd1e-04trmiss0_degmodglobal,8,0.6740018555096218,0.6470730006694794,0.7777777777777777,0.9188983855650523,0.7692307692307693,0.0,0.6819464819771903,0.6590070639337812,0.034150002258164544,0.12914577259549073,0.0,0.0,0.0,0.0,0.0,18473,global,0.0
3,3,lr1e-05_bs8_drop0p2_temp1p0_a0p25_b0p05__wd1e-04trmiss0_degmodglobal,8,1e-05,0.0001,0.2,1.0,0.25,0.05,lr1e-05_bs8_drop0p2_temp1p0_a0p25_b0p05__wd1e-04trmiss0_degmodglobal,9,0.6406688690185547,0.6505576372146606,0.8333333333333333,0.9435897435897438,0.7692307692307693,0.0,0.6839421817234584,0.625713084425245,0.037079205736517906,0.11371949261852674,0.0,0.0,0.0,0.0,0.0,18473,global,0.0
3,3,lr1e-05_bs8_drop0p2_temp1p0_a0p25_b0p05__wd1e-04trmiss0_degmodglobal,8,1e-05,0.0001,0.2,1.0,0.25,0.05,lr1e-05_bs8_drop0p2_temp1p0_a0p25_b0p05__wd1e-04trmiss0_degmodglobal,10,0.6756443466459002,0.6515814065933228,0.8333333333333333,0.9435897435897438,0.6923076923076923,0.0,0.6606147544724601,0.6639550243105207,0.030720060957329615,0.0801859822656427,0.0,0.0,0.0,0.0,0.0,18473,global,0.0
3,3,lr1e-05_bs8_drop0p2_temp1p0_a0p25_b0p05__wd1e-04trmiss0_degmodglobal,8,1e-05,0.0001,0.2,1.0,0.25,0.05,lr1e-05_bs8_drop0p2_temp1p0_a0p25_b0p05__wd1e-04trmiss0_degmodglobal,11,0.6645183052335467,0.6532418429851532,0.8333333333333333,0.9435897435897438,0.6923076923076923,0.0,0.6484489696366447,0.6497337477547782,0.039459538512996266,0.09839344663279397,0.0,0.0,0.0,0.0,0.0,18473,global,0.0
3,3,lr1e-05_bs8_drop0p2_temp1p0_a0p25_b0p05__wd1e-04trmiss0_degmodglobal,8,1e-05,0.0001,0.2,1.0,0.25,0.05,lr1e-05_bs8_drop0p2_temp1p0_a0p25_b0p05__wd1e-04trmiss0_degmodglobal,12,0.6683226653507778,0.6554121673107147,0.8333333333333333,0.9435897435897438,0.6923076923076923,0.0,0.6636633106640407,0.653399510043008,0.03701050925467696,0.11341033024447304,0.0,0.0,0.0,0.0,0.0,18473,global,0.0
3,3,lr1e-05_bs8_drop0p2_temp1p0_a0p25_b0p05__wd1e-04trmiss0_degmodglobal,8,1e-05,0.0001,0.2,1.0,0.25,0.05,lr1e-05_bs8_drop0p2_temp1p0_a0p25_b0p05__wd1e-04trmiss0_degmodglobal,13,0.6609488725662231,0.658200740814209,0.8333333333333333,0.9435897435897438,0.6923076923076923,0.0,0.6655986734798977,0.6468312399727958,0.036505691174949916,0.09982429657663618,0.0,0.0,0.0,0.0,0.0,18473,global,0.0
3,3,lr1e-05_bs8_drop0p2_temp1p0_a0p25_b0p05__wd1e-04trmiss0_degmodglobal,8,1e-05,0.0001,0.2,1.0,0.25,0.05,lr1e-05_bs8_drop0p2_temp1p0_a0p25_b0p05__wd1e-04trmiss0_degmodglobal,14,0.6482093419347491,0.6569474637508392,0.8333333333333333,0.9435897435897438,0.6923076923076923,0.0,0.6501401833125523,0.6329770343644279,0.03887306047337396,0.11028090225798744,0.0,0.0,0.0,0.0,0.0,18473,global,0.0
3,3,lr1e-05_bs8_drop0p2_temp1p0_a0p25_b0p05__wd1e-04trmiss0_degmodglobal,8,1e-05,0.0001,0.2,1.0,0.25,0.05,lr1e-05_bs8_drop0p2_temp1p0_a0p25_b0p05__wd1e-04trmiss0_degmodglobal,15,0.6496824281556266,0.6572149395942688,0.8333333333333333,0.9435897435897438,0.6923076923076923,0.0,0.6532361507415771,0.6360088075910296,0.0350041604999985,0.098451559564897,0.0,0.0,0.0,0.0,0.0,18473,global,0.0
3,3,lr1e-05_bs8_drop0p2_temp1p0_a0p25_b0p05__wd1e-04trmiss0_degmodglobal,8,1e-05,0.0001,0.2,1.0,0.25,0.05,lr1e-05_bs8_drop0p2_temp1p0_a0p25_b0p05__wd1e-04trmiss0_degmodglobal,16,0.6633220996175494,0.6574219465255737,0.8333333333333333,0.9435897435897438,0.6923076923076923,0.0,0.6528728434017727,0.6494629042489188,0.03521628145660673,0.10110266719545637,0.0,0.0,0.0,0.0,0.0,18473,global,0.0
3,3,lr1e-05_bs8_drop0p2_temp1p0_a0p25_b0p05__wd1e-04trmiss0_degmodglobal,8,1e-05,0.0001,0.2,1.0,0.25,0.05,lr1e-05_bs8_drop0p2_temp1p0_a0p25_b0p05__wd1e-04trmiss0_degmodglobal,17,0.652968670640673,0.654858261346817,0.8055555555555555,0.929700854700855,0.6923076923076923,0.0,0.6516042011124747,0.6370117238589695,0.04142787201063974,0.11199935392609664,0.0,0.0,0.0,0.0,0.0,18473,global,0.0
3,3,lr1e-05_bs8_drop0p2_temp1p0_a0p25_b0p05__wd1e-04trmiss0_degmodglobal,8,1e-05,0.0001,0.2,1.0,0.25,0.05,lr1e-05_bs8_drop0p2_temp1p0_a0p25_b0p05__wd1e-04trmiss0_degmodglobal,18,0.6391178795269558,0.6546478569507599,0.8055555555555555,0.929700854700855,0.6923076923076923,0.0,0.639259568282536,0.6259455510548183,0.033324221947363446,0.09682557518993105,0.0,0.0,0.0,0.0,0.0,18473,global,0.0
3,3,lr1e-05_bs8_drop0p2_temp1p0_a0p25_b0p05__wd1e-04trmiss0_degmodglobal,8,1e-05,0.0001,0.2,1.0,0.25,0.05,lr1e-05_bs8_drop0p2_temp1p0_a0p25_b0p05__wd1e-04trmiss0_degmodglobal,19,0.6471335121563503,0.6544855237007141,0.8055555555555555,0.929700854700855,0.7692307692307693,0.0,0.6419899974550519,0.6378133893013,0.025836312345096042,0.05722098903996604,0.0,0.0,0.0,0.0,0.0,18473,global,0.0
3,3,lr1e-05_bs8_drop0p2_temp1p0_a0p25_b0p05__wd1e-04trmiss0_degmodglobal,8,1e-05,0.0001,0.2,1.0,0.25,0.05,lr1e-05_bs8_drop0p2_temp1p0_a0p25_b0p05__wd1e-04trmiss0_degmodglobal,20,0.6377958570207868,0.6552230715751648,0.8055555555555556,0.9355089355089357,0.7692307692307693,0.0,0.6443917666162763,0.6247407964297703,0.031954647174903324,0.10132762363978795,0.0,0.0,0.0,0.0,0.0,18473,global,0.0
3,3,lr1e-05_bs8_drop0p2_temp1p0_a0p25_b0p05__wd1e-04trmiss0_degmodglobal,8,1e-05,0.0001,0.2,1.0,0.25,0.05,lr1e-05_bs8_drop0p2_temp1p0_a0p25_b0p05__wd1e-04trmiss0_degmodglobal,21,0.6405858738081796,0.6570793688297272,0.8055555555555556,0.9355089355089357,0.7692307692307693,0.0,0.6491950580051967,0.6259532996586391,0.037802977221352715,0.10363638001893248,0.0,0.0,0.0,0.0,0.0,18473,global,0.0
3,3,lr1e-05_bs8_drop0p2_temp1p0_a0p25_b0p05__wd1e-04trmiss0_degmodglobal,8,1e-05,0.0001,0.2,1.0,0.25,0.05,lr1e-05_bs8_drop0p2_temp1p0_a0p25_b0p05__wd1e-04trmiss0_degmodglobal,22,0.6467646275247846,0.6552602648735046,0.8055555555555556,0.9355089355089357,0.7692307692307693,0.0,0.6390003306525094,0.634377828666142,0.03352228445666177,0.08012479384030614,0.0,0.0,0.0,0.0,0.0,18473,global,0.0
3,3,lr1e-05_bs8_drop0p2_temp1p0_a0p25_b0p05__wd1e-04trmiss0_degmodglobal,8,1e-05,0.0001,0.2,1.0,0.25,0.05,lr1e-05_bs8_drop0p2_temp1p0_a0p25_b0p05__wd1e-04trmiss0_degmodglobal,23,0.6435662082263401,0.6557041108608246,0.8055555555555556,0.9355089355089357,0.7692307692307693,0.0,0.5991374594824654,0.6287440231868199,0.03610690523471151,0.11590913310647011,0.0,0.0,0.0,0.0,0.0,18473,global,0.0
3,3,lr1e-05_bs8_drop0p2_temp1p0_a0p25_b0p05__wd1e-04trmiss0_degmodglobal,8,1e-05,0.0001,0.2,1.0,0.25,0.05,lr1e-05_bs8_drop0p2_temp1p0_a0p25_b0p05__wd1e-04trmiss0_degmodglobal,24,0.6321413942745754,0.6544375121593475,0.8055555555555556,0.9355089355089357,0.7692307692307693,0.0,0.6371487379074097,0.6182492460523333,0.03423146504376616,0.10668558308056422,0.0,0.0,0.0,0.0,0.0,18473,global,0.0
3,3,lr1e-05_bs8_drop0p2_temp1p0_a0p25_b0p05__wd1e-04trmiss0_degmodglobal,8,1e-05,0.0001,0.2,1.0,0.25,0.05,lr1e-05_bs8_drop0p2_temp1p0_a0p25_b0p05__wd1e-04trmiss0_degmodglobal,25,0.6717543942587716,0.6541360318660736,0.8055555555555556,0.9355089355089357,0.6923076923076923,0.0,0.6451902559825352,0.6582387515476772,0.03736531548202038,0.0834861903318337,0.0,0.0,0.0,0.0,0.0,18473,global,0.0
3,3,lr1e-05_bs8_drop0p2_temp1p0_a0p25_b0p05__wd1e-04trmiss0_degmodglobal,8,1e-05,0.0001,0.2,1.0,0.25,0.05,lr1e-05_bs8_drop0p2_temp1p0_a0p25_b0p05__wd1e-04trmiss0_degmodglobal,26,0.6236337763922555,0.6553657650947571,0.8055555555555556,0.9355089355089357,0.7692307692307693,0.0,0.6331858549799237,0.6120487877300808,0.03177653838481222,0.07281692033367497,0.0,0.0,0.0,0.0,0.0,18473,global,0.0
3,3,lr1e-05_bs8_drop0p2_temp1p0_a0p25_b0p05__wd1e-04trmiss0_degmodglobal,8,1e-05,0.0001,0.2,1.0,0.25,0.05,lr1e-05_bs8_drop0p2_temp1p0_a0p25_b0p05__wd1e-04trmiss0_degmodglobal,27,0.6304430110113961,0.6545430421829224,0.8055555555555556,0.9355089355089357,0.7692307692307693,0.0,0.6237194878714425,0.6184832879475185,0.02958702535501548,0.09125932279442038,0.0,0.0,0.0,0.0,0.0,18473,global,0.0
3,3,lr1e-05_bs8_drop0p2_temp1p0_a0p25_b0p05__wd1e-04trmiss0_degmodglobal,8,1e-05,0.0001,0.2,1.0,0.25,0.05,lr1e-05_bs8_drop0p2_temp1p0_a0p25_b0p05__wd1e-04trmiss0_degmodglobal,28,0.6541387013026646,0.6516901850700378,0.8055555555555556,0.9355089355089357,0.7692307692307693,0.0,0.6063268951007298,0.6399674245289394,0.03507906171892371,0.10803011671773025,0.0,0.0,0.0,0.0,0.0,18473,global,0.0
3,3,lr1e-05_bs8_drop0p2_temp1p0_a0p25_b0p05__wd1e-04trmiss0_degmodglobal,8,1e-05,0.0001,0.2,1.0,0.25,0.05,lr1e-05_bs8_drop0p2_temp1p0_a0p25_b0p05__wd1e-04trmiss0_degmodglobal,29,0.6469556604112897,0.6538886725902557,0.8055555555555556,0.9355089355089357,0.7692307692307693,0.0,0.6273851650101798,0.6322258455412728,0.03837867160992963,0.10270277091435023,0.0,0.0,0.0,0.0,0.0,18473,global,0.0
3,3,lr1e-05_bs8_drop0p2_temp2p0_a0p25_b0p05__wd1e-04trmiss0_degmodglobal,8,1e-05,0.0001,0.2,2.0,0.25,0.05,lr1e-05_bs8_drop0p2_temp2p0_a0p25_b0p05__wd1e-04trmiss0_degmodglobal,1,0.7752279468945095,0.7501537799835205,0.5555555555555556,0.8234718984718985,0.3076923076923077,0.0,0.7147950955799648,0.7576216970171247,0.040633810950177054,0.14895591884851456,0.0,0.0,0.0,0.0,0.0,18473,global,0.0
3,3,lr1e-05_bs8_drop0p2_temp2p0_a0p25_b0p05__wd1e-04trmiss0_degmodglobal,8,1e-05,0.0001,0.2,2.0,0.25,0.05,lr1e-05_bs8_drop0p2_temp2p0_a0p25_b0p05__wd1e-04trmiss0_degmodglobal,2,0.7748086026736668,0.7594363987445831,0.5555555555555556,0.8234718984718985,0.3076923076923077,0.0,0.7230991465704781,0.758978818144117,0.037596077259097783,0.1286149477320058,0.0,0.0,0.0,0.0,0.0,18473,global,0.0
3,3,lr1e-05_bs8_drop0p2_temp2p0_a0p25_b0p05__wd1e-04trmiss0_degmodglobal,8,1e-05,0.0001,0.2,2.0,0.25,0.05,lr1e-05_bs8_drop0p2_temp2p0_a0p25_b0p05__wd1e-04trmiss0_degmodglobal,3,0.769548407622746,0.7646713256835938,0.5555555555555556,0.8234718984718985,0.3076923076923077,0.0,0.7013744626726423,0.7536224808011737,0.03829566415931497,0.12704016587563924,0.0,0.0,0.0,0.0,0.0,18473,global,0.0
3,3,lr1e-05_bs8_drop0p2_temp2p0_a0p25_b0p05__wd1e-04trmiss0_degmodglobal,8,1e-05,0.0001,0.2,2.0,0.25,0.05,lr1e-05_bs8_drop0p2_temp2p0_a0p25_b0p05__wd1e-04trmiss0_degmodglobal,4,0.7404086589813232,0.7701689898967743,0.4722222222222222,0.8022597772597773,0.3076923076923077,0.0,0.7003836461475917,0.7263347676822117,0.0312809736600944,0.1250733488372394,0.0,0.0,0.0,0.0,0.0,18473,global,0.0
3,3,lr1e-05_bs8_drop0p2_temp2p0_a0p25_b0p05__wd1e-04trmiss0_degmodglobal,8,1e-05,0.0001,0.2,2.0,0.25,0.05,lr1e-05_bs8_drop0p2_temp2p0_a0p25_b0p05__wd1e-04trmiss0_degmodglobal,5,0.7659638438905988,0.7737670838832855,0.4444444444444444,0.7800375550375551,0.3076923076923077,0.0,0.6824389270373753,0.7510799595287868,0.03376295577202525,0.12886281790477888,0.0,0.0,0.0,0.0,0.0,18473,global,0.0
3,3,lr1e-05_bs8_drop0p2_temp2p0_a0p25_b0p05__wd1e-04trmiss0_degmodglobal,8,1e-05,0.0001,0.2,2.0,0.25,0.05,lr1e-05_bs8_drop0p2_temp2p0_a0p25_b0p05__wd1e-04trmiss0_degmodglobal,6,0.7327466351645333,0.7758965194225311,0.38888888888888884,0.7445437278770612,0.3076923076923077,0.0,0.7060685583523342,0.7204247798238482,0.029966399871877263,0.09660518382276807,0.0,0.0,0.0,0.0,0.0,18473,global,0.0
3,3,lr1e-05_bs8_drop0p2_temp2p0_a0p25_b0p05__wd1e-04trmiss0_degmodglobal,8,1e-05,0.0001,0.2,2.0,0.25,0.05,lr1e-05_bs8_drop0p2_temp2p0_a0p25_b0p05__wd1e-04trmiss0_degmodglobal,7,0.7450248684201922,0.7755627930164337,0.4444444444444444,0.7596671846671847,0.3076923076923077,0.0,0.6874657954488482,0.7300207359450204,0.03614878814135279,0.11933892406523228,0.0,0.0,0.0,0.0,0.0,18473,global,0.0
3,3,lr1e-05_bs8_drop0p2_temp2p0_a0p25_b0p05__wd1e-04trmiss0_degmodglobal,8,1e-05,0.0001,0.2,2.0,0.25,0.05,lr1e-05_bs8_drop0p2_temp2p0_a0p25_b0p05__wd1e-04trmiss0_degmodglobal,8,0.7585031134741647,0.7759878933429718,0.5,0.8096671846671848,0.3076923076923077,0.0,0.6777640325682504,0.738037747996194,0.04825767981154578,0.16801866463252477,0.0,0.0,0.0,0.0,0.0,18473,global,0.0
3,3,lr1e-05_bs8_drop0p2_temp2p0_a0p25_b0p05__wd1e-04trmiss0_degmodglobal,8,1e-05,0.0001,0.2,2.0,0.25,0.05,lr1e-05_bs8_drop0p2_temp2p0_a0p25_b0p05__wd1e-04trmiss0_degmodglobal,9,0.7509886792727879,0.7770344018936157,0.5,0.8096671846671848,0.3076923076923077,0.0,0.6808842079980033,0.7381599204880851,0.03396706921713693,0.08673988222809774,0.0,0.0,0.0,0.0,0.0,18473,global,0.0
3,3,lr1e-05_bs8_drop0p2_temp2p0_a0p25_b0p05__wd1e-04trmiss0_degmodglobal,8,1e-05,0.0001,0.2,2.0,0.25,0.05,lr1e-05_bs8_drop0p2_temp2p0_a0p25_b0p05__wd1e-04trmiss0_degmodglobal,10,0.7494392905916486,0.7806653678417206,0.4444444444444444,0.7800375550375551,0.3076923076923077,0.0,0.6805036493710109,0.7343684094292777,0.03610896319150925,0.12087264657020569,0.0,0.0,0.0,0.0,0.0,18473,global,0.0
3,3,lr1e-05_bs8_drop0p2_temp2p0_a0p25_b0p05__wd1e-04trmiss0_degmodglobal,8,1e-05,0.0001,0.2,2.0,0.25,0.05,lr1e-05_bs8_drop0p2_temp2p0_a0p25_b0p05__wd1e-04trmiss0_degmodglobal,11,0.7159472193036761,0.7776699364185333,0.41666666666666663,0.7723215056548391,0.3076923076923077,0.0,0.6622168251446315,0.6963083488600594,0.04782705168638911,0.15364197109426772,0.0,0.0,0.0,0.0,0.0,18473,global,0.0
3,3,lr1e-05_bs8_drop0p2_temp2p0_a0p25_b0p05__wd1e-04trmiss0_degmodglobal,8,1e-05,0.0001,0.2,2.0,0.25,0.05,lr1e-05_bs8_drop0p2_temp2p0_a0p25_b0p05__wd1e-04trmiss0_degmodglobal,12,0.7258041160447257,0.7749789953231812,0.4444444444444444,0.7945437278770613,0.3076923076923077,0.0,0.6678873556000846,0.7103019271578107,0.0395925829985312,0.11208077839442662,0.0,0.0,0.0,0.0,0.0,18473,global,0.0
3,3,lr1e-05_bs8_drop0p2_temp2p0_a0p25_b0p05__wd1e-04trmiss0_degmodglobal,8,1e-05,0.0001,0.2,2.0,0.25,0.05,lr1e-05_bs8_drop0p2_temp2p0_a0p25_b0p05__wd1e-04trmiss0_degmodglobal,13,0.7544593044689724,0.7761270701885223,0.5,0.8096671846671848,0.3076923076923077,0.0,0.658417420727866,0.7363343494279044,0.04267227277159691,0.1491380078451974,0.0,0.0,0.0,0.0,0.0,18473,global,0.0
3,3,lr1e-05_bs8_drop0p2_temp2p0_a0p25_b0p05__wd1e-04trmiss0_degmodglobal,8,1e-05,0.0001,0.2,2.0,0.25,0.05,lr1e-05_bs8_drop0p2_temp2p0_a0p25_b0p05__wd1e-04trmiss0_degmodglobal,14,0.7505002447537014,0.7781704962253571,0.5,0.8096671846671848,0.3076923076923077,0.0,0.6629883306367057,0.7351765206881932,0.040560174733400345,0.10367351344653539,0.0,0.0,0.0,0.0,0.0,18473,global,0.0
3,3,lr1e-05_bs8_drop0p2_temp2p0_a0p25_b0p05__wd1e-04trmiss0_degmodglobal,8,1e-05,0.0001,0.2,2.0,0.25,0.05,lr1e-05_bs8_drop0p2_temp2p0_a0p25_b0p05__wd1e-04trmiss0_degmodglobal,15,0.7445415513856071,0.780206561088562,0.4444444444444444,0.7945437278770613,0.3076923076923077,0.0,0.6660399266651699,0.7281187432152885,0.04022733494639397,0.12732002777712687,0.0,0.0,0.0,0.0,0.0,18473,global,0.0
3,3,lr1e-05_bs8_drop0p2_temp2p0_a0p25_b0p05__wd1e-04trmiss0_degmodglobal,8,1e-05,0.0001,0.2,2.0,0.25,0.05,lr1e-05_bs8_drop0p2_temp2p0_a0p25_b0p05__wd1e-04trmiss0_degmodglobal,16,0.7222269688333783,0.7788994610309601,0.4722222222222222,0.8022597772597773,0.3076923076923077,0.0,0.6405917661530631,0.7069189293043954,0.04271166904696396,0.09260232107979911,0.0,0.0,0.0,0.0,0.0,18473,global,0.0
3,3,lr1e-05_bs8_drop0p2_temp2p0_a0p25_b0p05__wd1e-04trmiss0_degmodglobal,8,1e-05,0.0001,0.2,2.0,0.25,0.05,lr1e-05_bs8_drop0p2_temp2p0_a0p25_b0p05__wd1e-04trmiss0_degmodglobal,17,0.7434661388397217,0.7828335464000702,0.4444444444444444,0.7945437278770613,0.38461538461538464,0.0,0.6500140769141061,0.7229242239679609,0.04936359290565763,0.16402045637369156,0.0,0.0,0.0,0.0,0.0,18473,global,0.0
3,3,lr1e-05_bs8_drop0p2_temp2p0_a0p25_b0p05__wd1e-04trmiss0_degmodglobal,8,1e-05,0.0001,0.2,2.0,0.25,0.05,lr1e-05_bs8_drop0p2_temp2p0_a0p25_b0p05__wd1e-04trmiss0_degmodglobal,18,0.739336473601205,0.7846205532550812,0.5,0.8096671846671848,0.38461538461538464,0.0,0.6520018747874669,0.7245252132415771,0.038949472563607354,0.10147806310227939,0.0,0.0,0.0,0.0,0.0,18473,global,0.0
3,3,lr1e-05_bs8_drop0p2_temp2p0_a0p25_b0p05__wd1e-04trmiss0_degmodglobal,8,1e-05,0.0001,0.2,2.0,0.25,0.05,lr1e-05_bs8_drop0p2_temp2p0_a0p25_b0p05__wd1e-04trmiss0_degmodglobal,19,0.7314591748373849,0.7838564515113831,0.4722222222222222,0.8022597772597773,0.3076923076923077,0.0,0.6197967188698905,0.7148058499608722,0.04201981545026813,0.12296744382807187,0.0,0.0,0.0,0.0,0.0,18473,global,0.0
3,3,lr1e-05_bs8_drop0p2_temp2p0_a0p25_b0p05__wd1e-04trmiss0_degmodglobal,8,1e-05,0.0001,0.2,2.0,0.25,0.05,lr1e-05_bs8_drop0p2_temp2p0_a0p25_b0p05__wd1e-04trmiss0_degmodglobal,20,0.7282400727272034,0.7796283066272736,0.4722222222222222,0.8022597772597773,0.38461538461538464,0.0,0.6388285756111145,0.7116712927818298,0.04184847032385213,0.12213306927255221,0.0,0.0,0.0,0.0,0.0,18473,global,0.0
3,3,lr1e-05_bs8_drop0p2_temp2p0_a0p25_b0p05__wd1e-04trmiss0_degmodglobal,8,1e-05,0.0001,0.2,2.0,0.25,0.05,lr1e-05_bs8_drop0p2_temp2p0_a0p25_b0p05__wd1e-04trmiss0_degmodglobal,21,0.7458941084997994,0.7817632555961609,0.4722222222222222,0.8022597772597773,0.38461538461538464,0.0,0.6304811068943569,0.7284502216747829,0.04170909337699413,0.14033220069749014,0.0,0.0,0.0,0.0,0.0,18473,global,0.0
3,3,lr1e-05_bs8_drop0p2_temp2p0_a0p25_b0p05__wd1e-04trmiss0_degmodglobal,8,1e-05,0.0001,0.2,2.0,0.25,0.05,lr1e-05_bs8_drop0p2_temp2p0_a0p25_b0p05__wd1e-04trmiss0_degmodglobal,22,0.7437428406306675,0.7753570377826691,0.4722222222222222,0.8022597772597773,0.38461538461538464,0.0,0.6404475740024022,0.7253954155104501,0.04395131713577679,0.14719214183943613,0.0,0.0,0.0,0.0,0.0,18473,global,0.0
3,3,lr1e-05_bs8_drop0p2_temp2p0_a0p25_b0p05__wd1e-04trmiss0_degmodglobal,8,1e-05,0.0001,0.2,2.0,0.25,0.05,lr1e-05_bs8_drop0p2_temp2p0_a0p25_b0p05__wd1e-04trmiss0_degmodglobal,23,0.7162598626954215,0.7804673314094543,0.4722222222222222,0.8022597772597773,0.38461538461538464,0.0,0.6198281901223319,0.6998961653028216,0.04105125607124397,0.12201778271368571,0.0,0.0,0.0,0.0,0.0,18473,global,0.0
3,3,lr1e-05_bs8_drop0p2_temp2p0_a0p25_b0p05__wd1e-04trmiss0_degmodglobal,8,1e-05,0.0001,0.2,2.0,0.25,0.05,lr1e-05_bs8_drop0p2_temp2p0_a0p25_b0p05__wd1e-04trmiss0_degmodglobal,24,0.7100593447685242,0.7811196148395538,0.4722222222222222,0.8022597772597773,0.3076923076923077,0.0,0.5944962160927909,0.6903750044958932,0.04929074112858091,0.14723324243511474,0.0,0.0,0.0,0.0,0.0,18473,global,0.0
3,3,lr1e-05_bs8_drop0p2_temp2p0_a0p25_b0p05__wd1e-04trmiss0_degmodglobal,8,1e-05,0.0001,0.2,2.0,0.25,0.05,lr1e-05_bs8_drop0p2_temp2p0_a0p25_b0p05__wd1e-04trmiss0_degmodglobal,25,0.7205186656543187,0.7815642952919006,0.4722222222222222,0.8022597772597773,0.38461538461538464,0.0,0.6044620275497437,0.7011436905179705,0.04426274422023978,0.16618562702621734,0.0,0.0,0.0,0.0,0.0,18473,global,0.0
3,3,lr1e-05_bs8_drop0p2_temp2p0_a0p25_b0p05__wd1e-04trmiss0_degmodglobal,8,1e-05,0.0001,0.2,2.0,0.25,0.05,lr1e-05_bs8_drop0p2_temp2p0_a0p25_b0p05__wd1e-04trmiss0_degmodglobal,26,0.7162755302020481,0.7793381810188293,0.4722222222222222,0.8022597772597773,0.38461538461538464,0.0,0.5956909145627703,0.6958057114056179,0.04903936492545264,0.16419933523450578,0.0,0.0,0.0,0.0,0.0,18473,global,0.0
3,3,lr1e-05_bs8_drop0p2_temp2p0_a0p25_b0p05__wd1e-04trmiss0_degmodglobal,8,1e-05,0.0001,0.2,2.0,0.25,0.05,lr1e-05_bs8_drop0p2_temp2p0_a0p25_b0p05__wd1e-04trmiss0_degmodglobal,27,0.7327893461499896,0.7781908214092255,0.4722222222222222,0.8022597772597773,0.38461538461538464,0.0,0.6048080495425633,0.7089310373578753,0.05713288698877607,0.19150167810065405,0.0,0.0,0.0,0.0,0.0,18473,global,0.0
3,3,lr1e-05_bs8_drop0p2_temp2p0_a0p25_b0p05__wd1e-04trmiss0_degmodglobal,8,1e-05,0.0001,0.2,2.0,0.25,0.05,lr1e-05_bs8_drop0p2_temp2p0_a0p25_b0p05__wd1e-04trmiss0_degmodglobal,28,0.7153962850570679,0.7762261629104614,0.4722222222222222,0.8022597772597773,0.38461538461538464,0.0,0.6236281139510018,0.694493659905025,0.05354355754596846,0.15033481110419547,0.0,0.0,0.0,0.0,0.0,18473,global,0.0
3,3,lr1e-05_bs8_drop0p4_temp1p0_a0p25_b0p05__wd1e-04trmiss0_degmodglobal,8,1e-05,0.0001,0.4,1.0,0.25,0.05,lr1e-05_bs8_drop0p4_temp1p0_a0p25_b0p05__wd1e-04trmiss0_degmodglobal,1,0.744431163583483,0.6762522161006927,0.5277777777777778,0.7797449464116131,0.6153846153846154,0.0,0.6896063344819205,0.7119804620742798,0.07355609190251146,0.2812335246375629,0.0,0.0,0.0,0.0,0.0,18473,global,0.0
3,3,lr1e-05_bs8_drop0p4_temp1p0_a0p25_b0p05__wd1e-04trmiss0_degmodglobal,8,1e-05,0.0001,0.4,1.0,0.25,0.05,lr1e-05_bs8_drop0p4_temp1p0_a0p25_b0p05__wd1e-04trmiss0_degmodglobal,2,0.7220950126647949,0.6741200685501099,0.5277777777777778,0.7797449464116131,0.6923076923076923,0.0,0.7160692129816327,0.6955669181687492,0.07128724402615003,0.1741253754922322,0.0,0.0,0.0,0.0,0.0,18473,global,0.0
3,3,lr1e-05_bs8_drop0p4_temp1p0_a0p25_b0p05__wd1e-04trmiss0_degmodglobal,8,1e-05,0.0001,0.4,1.0,0.25,0.05,lr1e-05_bs8_drop0p4_temp1p0_a0p25_b0p05__wd1e-04trmiss0_degmodglobal,3,0.7240950209753854,0.6739121675491333,0.5277777777777778,0.7797449464116131,0.6153846153846154,0.0,0.6768393431391034,0.6922392930303302,0.07880720709051404,0.2430783739047391,0.0,0.0,0.0,0.0,0.0,18473,global,0.0
3,3,lr1e-05_bs8_drop0p4_temp1p0_a0p25_b0p05__wd1e-04trmiss0_degmodglobal,8,1e-05,0.0001,0.4,1.0,0.25,0.05,lr1e-05_bs8_drop0p4_temp1p0_a0p25_b0p05__wd1e-04trmiss0_degmodglobal,4,0.704816460609436,0.6771078407764435,0.5,0.7711029711029711,0.6153846153846154,0.0,0.6916866643088204,0.6743896773883274,0.07045654420341764,0.2562530551637922,0.0,0.0,0.0,0.0,0.0,18473,global,0.0
3,3,lr1e-05_bs8_drop0p4_temp1p0_a0p25_b0p05__wd1e-04trmiss0_degmodglobal,8,1e-05,0.0001,0.4,1.0,0.25,0.05,lr1e-05_bs8_drop0p4_temp1p0_a0p25_b0p05__wd1e-04trmiss0_degmodglobal,5,0.7268626604761396,0.6804052591323853,0.5,0.7711029711029711,0.6153846153846154,0.0,0.6618219869477409,0.6972797853606088,0.07241228595376015,0.22959633384432113,0.0,0.0,0.0,0.0,0.0,18473,global,0.0
3,3,lr1e-05_bs8_drop0p4_temp1p0_a0p25_b0p05__wd1e-04trmiss0_degmodglobal,8,1e-05,0.0001,0.4,1.0,0.25,0.05,lr1e-05_bs8_drop0p4_temp1p0_a0p25_b0p05__wd1e-04trmiss0_degmodglobal,6,0.690118568284171,0.6809482574462891,0.5277777777777778,0.7859177859177859,0.6153846153846154,0.0,0.67303295646395,0.6700596043041774,0.05194116809538433,0.14147347850458963,0.0,0.0,0.0,0.0,0.0,18473,global,0.0
3,3,lr1e-05_bs8_drop0p4_temp1p0_a0p25_b0p05__wd1e-04trmiss0_degmodglobal,8,1e-05,0.0001,0.4,1.0,0.25,0.05,lr1e-05_bs8_drop0p4_temp1p0_a0p25_b0p05__wd1e-04trmiss0_degmodglobal,7,0.7120497311864581,0.6817108392715454,0.5277777777777778,0.7859177859177859,0.6153846153846154,0.0,0.6745360238211495,0.6824542709759304,0.07062518756304469,0.23878337442874908,0.0,0.0,0.0,0.0,0.0,18473,global,0.0
3,3,lr1e-05_bs8_drop0p4_temp1p0_a0p25_b0p05__wd1e-04trmiss0_degmodglobal,8,1e-05,0.0001,0.4,1.0,0.25,0.05,lr1e-05_bs8_drop0p4_temp1p0_a0p25_b0p05__wd1e-04trmiss0_degmodglobal,8,0.6819707836423602,0.6813320815563202,0.5,0.748880748880749,0.6153846153846154,0.0,0.6953283888953072,0.6579426527023315,0.0658705122768879,0.15121003878968103,0.0,0.0,0.0,0.0,0.0,18473,global,0.0
3,3,lr1e-05_bs8_drop0p4_temp1p0_a0p25_b0p05__wd1e-04trmiss0_degmodglobal,8,1e-05,0.0001,0.4,1.0,0.25,0.05,lr1e-05_bs8_drop0p4_temp1p0_a0p25_b0p05__wd1e-04trmiss0_degmodglobal,9,0.6889269522258213,0.6776625216007233,0.5,0.7766585266585269,0.6153846153846154,0.0,0.6531494089535305,0.6659335664340428,0.05914016121200153,0.16416704122509276,0.0,0.0,0.0,0.0,0.0,18473,global,0.0
3,3,lr1e-05_bs8_drop0p4_temp1p0_a0p25_b0p05__wd1e-04trmiss0_degmodglobal,8,1e-05,0.0001,0.4,1.0,0.25,0.05,lr1e-05_bs8_drop0p4_temp1p0_a0p25_b0p05__wd1e-04trmiss0_degmodglobal,10,0.6749935150146484,0.6801092028617859,0.4722222222222222,0.7667378917378918,0.6153846153846154,0.0,0.6903656891414097,0.6451739753995623,0.06926618356789861,0.25005979516676496,0.0,0.0,0.0,0.0,0.0,18473,global,0.0
3,3,lr1e-05_bs8_drop0p4_temp1p0_a0p25_b0p05__wd1e-04trmiss0_degmodglobal,8,1e-05,0.0001,0.4,1.0,0.25,0.05,lr1e-05_bs8_drop0p4_temp1p0_a0p25_b0p05__wd1e-04trmiss0_degmodglobal,11,0.6956706643104553,0.6813130378723145,0.47222222222222227,0.7396214896214897,0.6153846153846154,0.0,0.677628891808646,0.656132195677076,0.09005931445530482,0.34047261838402065,0.0,0.0,0.0,0.0,0.0,18473,global,0.0
3,3,lr1e-05_bs8_drop0p4_temp1p0_a0p25_b0p05__wd1e-04trmiss0_degmodglobal,8,1e-05,0.0001,0.4,1.0,0.25,0.05,lr1e-05_bs8_drop0p4_temp1p0_a0p25_b0p05__wd1e-04trmiss0_degmodglobal,12,0.68695296560015,0.6790066361427307,0.5,0.7734718984718985,0.6153846153846154,0.0,0.6756209305354527,0.6492651956421989,0.09315429148929459,0.28798413808856693,0.0,0.0,0.0,0.0,0.0,18473,global,0.0
3,3,lr1e-05_bs8_drop0p4_temp1p0_a0p25_b0p05__wd1e-04trmiss0_degmodglobal,8,1e-05,0.0001,0.4,1.0,0.25,0.05,lr1e-05_bs8_drop0p4_temp1p0_a0p25_b0p05__wd1e-04trmiss0_degmodglobal,13,0.6873818976538522,0.6831783354282379,0.4722222222222222,0.7364348614348615,0.6153846153846154,0.0,0.6883417027337211,0.6537447060857501,0.0714263240141528,0.315612045781953,0.0,0.0,0.0,0.0,0.0,18473,global,0.0
3,3,lr1e-05_bs8_drop0p4_temp1p0_a0p25_b0p05__wd1e-04trmiss0_degmodglobal,8,1e-05,0.0001,0.4,1.0,0.25,0.05,lr1e-05_bs8_drop0p4_temp1p0_a0p25_b0p05__wd1e-04trmiss0_degmodglobal,14,0.7170018809182304,0.6815637946128845,0.4444444444444444,0.7297008547008548,0.6153846153846154,0.0,0.6592403394835336,0.6925778133528573,0.06278400282774653,0.17456146329641342,0.0,0.0,0.0,0.0,0.0,18473,global,0.0
3,3,lr1e-05_bs8_drop0p4_temp1p0_a0p25_b0p05__wd1e-04trmiss0_degmodglobal,8,1e-05,0.0001,0.4,1.0,0.25,0.05,lr1e-05_bs8_drop0p4_temp1p0_a0p25_b0p05__wd1e-04trmiss0_degmodglobal,15,0.7174905794007438,0.680717796087265,0.4722222222222222,0.7667378917378918,0.6153846153846154,0.0,0.6381160020828247,0.689318665436336,0.07421657975230898,0.19235533156565257,0.0,0.0,0.0,0.0,0.0,18473,global,0.0
3,3,lr1e-05_bs8_drop0p4_temp1p0_a0p25_b0p05__wd1e-04trmiss0_degmodglobal,8,1e-05,0.0001,0.4,1.0,0.25,0.05,lr1e-05_bs8_drop0p4_temp1p0_a0p25_b0p05__wd1e-04trmiss0_degmodglobal,16,0.697455780846732,0.679253876209259,0.49999999999999994,0.7407999407999408,0.6153846153846154,0.0,0.6552686010088239,0.6729294828006199,0.05610145761498383,0.2100186049938202,0.0,0.0,0.0,0.0,0.0,18473,global,0.0
3,3,lr1e-05_bs8_drop0p4_temp1p0_a0p25_b0p05__wd1e-04trmiss0_degmodglobal,8,1e-05,0.0001,0.4,1.0,0.25,0.05,lr1e-05_bs8_drop0p4_temp1p0_a0p25_b0p05__wd1e-04trmiss0_degmodglobal,17,0.6960278494017464,0.6802749931812286,0.5,0.748880748880749,0.6153846153846154,0.0,0.6419932671955654,0.6734001295907157,0.05491251711334501,0.1779917569032737,0.0,0.0,0.0,0.0,0.0,18473,global,0.0
3,3,lr1e-05_bs8_drop0p4_temp1p0_a0p25_b0p05__wd1e-04trmiss0_degmodglobal,8,1e-05,0.0001,0.4,1.0,0.25,0.05,lr1e-05_bs8_drop0p4_temp1p0_a0p25_b0p05__wd1e-04trmiss0_degmodglobal,18,0.7053730572972979,0.679813802242279,0.5,0.7711029711029711,0.6153846153846154,0.0,0.6603556445666722,0.6716662730489459,0.08448133351547378,0.2517290221793311,0.0,0.0,0.0,0.0,0.0,18473,global,0.0
3,3,lr1e-05_bs8_drop0p4_temp1p0_a0p25_b0p05__wd1e-04trmiss0_degmodglobal,8,1e-05,0.0001,0.4,1.0,0.25,0.05,lr1e-05_bs8_drop0p4_temp1p0_a0p25_b0p05__wd1e-04trmiss0_degmodglobal,19,0.6728056498936245,0.6786896586418152,0.5277777777777778,0.7575227241893909,0.6153846153846154,0.0,0.6411144648279462,0.6511380842753819,0.050057417047875266,0.18306410312652588,0.0,0.0,0.0,0.0,0.0,18473,global,0.0
3,3,lr1e-05_bs8_drop0p4_temp1p0_a0p25_b0p05__wd1e-04trmiss0_degmodglobal,8,1e-05,0.0001,0.4,1.0,0.25,0.05,lr1e-05_bs8_drop0p4_temp1p0_a0p25_b0p05__wd1e-04trmiss0_degmodglobal,20,0.6940913626125881,0.682408332824707,0.47222222222222227,0.7396214896214897,0.6153846153846154,0.0,0.6379182849611554,0.6644514117922101,0.07276256009936333,0.22898636385798454,0.0,0.0,0.0,0.0,0.0,18473,global,0.0
3,3,lr1e-05_bs8_drop0p4_temp1p0_a0p25_b0p05__wd1e-04trmiss0_degmodglobal,8,1e-05,0.0001,0.4,1.0,0.25,0.05,lr1e-05_bs8_drop0p4_temp1p0_a0p25_b0p05__wd1e-04trmiss0_degmodglobal,21,0.6998350364821297,0.678298145532608,0.5555555555555556,0.8136955636955638,0.6153846153846154,0.0,0.6675737159592765,0.6707869938441685,0.07206042377012116,0.22065853008202144,0.0,0.0,0.0,0.0,0.0,18473,global,0.0
3,3,lr1e-05_bs8_drop0p4_temp1p0_a0p25_b0p05__wd1e-04trmiss0_degmodglobal,8,1e-05,0.0001,0.4,1.0,0.25,0.05,lr1e-05_bs8_drop0p4_temp1p0_a0p25_b0p05__wd1e-04trmiss0_degmodglobal,22,0.6646464807646615,0.680898129940033,0.5277777777777778,0.7859177859177859,0.6153846153846154,0.0,0.6537268842969622,0.640260032245091,0.058108202048710415,0.1971881857940129,0.0,0.0,0.0,0.0,0.0,18473,global,0.0
3,3,lr1e-05_bs8_drop0p4_temp1p0_a0p25_b0p05__wd1e-04trmiss0_degmodglobal,8,1e-05,0.0001,0.4,1.0,0.25,0.05,lr1e-05_bs8_drop0p4_temp1p0_a0p25_b0p05__wd1e-04trmiss0_degmodglobal,23,0.6904162509100777,0.6786797344684601,0.5277777777777778,0.7575227241893909,0.6153846153846154,0.0,0.6238966413906643,0.6665640558515277,0.06404093652963638,0.1568392738699913,0.0,0.0,0.0,0.0,0.0,18473,global,0.0
3,3,lr1e-05_bs8_drop0p4_temp1p0_a0p25_b0p05__wd1e-04trmiss0_degmodglobal,8,1e-05,0.0001,0.4,1.0,0.25,0.05,lr1e-05_bs8_drop0p4_temp1p0_a0p25_b0p05__wd1e-04trmiss0_degmodglobal,24,0.661181126322065,0.6802654564380646,0.47222222222222227,0.7396214896214897,0.6153846153846154,0.0,0.6281185575893947,0.6270880017961774,0.08020196961505073,0.28085249023778097,0.0,0.0,0.0,0.0,0.0,18473,global,0.0
3,3,lr1e-05_bs8_drop0p4_temp1p0_a0p25_b0p05__wd1e-04trmiss0_degmodglobal,8,1e-05,0.0001,0.4,1.0,0.25,0.05,lr1e-05_bs8_drop0p4_temp1p0_a0p25_b0p05__wd1e-04trmiss0_degmodglobal,25,0.6876876694815499,0.6791500151157379,0.5555555555555556,0.7945597612264279,0.6153846153846154,0.0,0.6627114926065717,0.6583255870001656,0.06981213869793075,0.2381809800863266,0.0,0.0,0.0,0.0,0.0,18473,global,0.0
3,3,lr1e-05_bs8_drop0p4_temp1p0_a0p25_b0p05__wd1e-04trmiss0_degmodglobal,8,1e-05,0.0001,0.4,1.0,0.25,0.05,lr1e-05_bs8_drop0p4_temp1p0_a0p25_b0p05__wd1e-04trmiss0_degmodglobal,26,0.6744605387960162,0.6784965693950653,0.5277777777777778,0.7575227241893909,0.6153846153846154,0.0,0.6571733270372663,0.639221157346453,0.08341187717659133,0.28772843522684916,0.0,0.0,0.0,0.0,0.0,18473,global,0.0
3,3,lr1e-05_bs8_drop0p4_temp1p0_a0p25_b0p05__wd1e-04trmiss0_degmodglobal,8,1e-05,0.0001,0.4,1.0,0.25,0.05,lr1e-05_bs8_drop0p4_temp1p0_a0p25_b0p05__wd1e-04trmiss0_degmodglobal,27,0.6408085056713649,0.6780844628810883,0.5277777777777778,0.7575227241893909,0.6153846153846154,0.0,0.6535211631229946,0.6141168049403599,0.06479513006550926,0.2098583983523505,0.0,0.0,0.0,0.0,0.0,18473,global,0.0
3,3,lr1e-05_bs8_drop0p4_temp1p0_a0p25_b0p05__wd1e-04trmiss0_degmodglobal,8,1e-05,0.0001,0.4,1.0,0.25,0.05,lr1e-05_bs8_drop0p4_temp1p0_a0p25_b0p05__wd1e-04trmiss0_degmodglobal,28,0.7017044169562203,0.6781270802021027,0.5277777777777778,0.7797449464116131,0.6153846153846154,0.0,0.6518411806651524,0.6734611392021179,0.06783916162593025,0.22566968628338405,0.0,0.0,0.0,0.0,0.0,18473,global,0.0
3,3,lr1e-05_bs8_drop0p4_temp1p0_a0p25_b0p05__wd1e-04trmiss0_degmodglobal,8,1e-05,0.0001,0.4,1.0,0.25,0.05,lr1e-05_bs8_drop0p4_temp1p0_a0p25_b0p05__wd1e-04trmiss0_degmodglobal,29,0.6813383017267499,0.6799853444099426,0.5555555555555556,0.7945597612264279,0.6153846153846154,0.0,0.6096794094358172,0.6550997240202767,0.06328629063708442,0.208340299980981,0.0,0.0,0.0,0.0,0.0,18473,global,0.0
3,3,lr1e-05_bs8_drop0p4_temp1p0_a0p25_b0p05__wd1e-04trmiss0_degmodglobal,8,1e-05,0.0001,0.4,1.0,0.25,0.05,lr1e-05_bs8_drop0p4_temp1p0_a0p25_b0p05__wd1e-04trmiss0_degmodglobal,30,0.6654401932443891,0.6813810467720032,0.5277777777777778,0.7778369778369778,0.6153846153846154,0.0,0.637751008783068,0.6387622782162258,0.0646681051169123,0.21021811664104462,0.0,0.0,0.0,0.0,0.0,18473,global,0.0
3,3,lr1e-05_bs8_drop0p4_temp1p0_a0p25_b0p05__wd1e-04trmiss0_degmodglobal,8,1e-05,0.0001,0.4,1.0,0.25,0.05,lr1e-05_bs8_drop0p4_temp1p0_a0p25_b0p05__wd1e-04trmiss0_degmodglobal,31,0.6730735983167376,0.6780939400196075,0.5555555555555556,0.7945597612264279,0.6153846153846154,0.0,0.6262283665793282,0.6478655764034816,0.06253924540110997,0.19146442945514405,0.0,0.0,0.0,0.0,0.0,18473,global,0.0
3,3,lr1e-05_bs8_drop0p4_temp1p0_a0p25_b0p05__wd1e-04trmiss0_degmodglobal,8,1e-05,0.0001,0.4,1.0,0.25,0.05,lr1e-05_bs8_drop0p4_temp1p0_a0p25_b0p05__wd1e-04trmiss0_degmodglobal,32,0.6994099617004395,0.6776629388332367,0.5,0.7427079093745761,0.6153846153846154,0.0,0.65736323595047,0.6619074940681458,0.09243206094418253,0.2878890793238367,0.0,0.0,0.0,0.0,0.0,18473,global,0.0
3,3,lr1e-05_bs8_drop0p4_temp1p0_a0p25_b0p05__wd1e-04trmiss0_degmodglobal,8,1e-05,0.0001,0.4,1.0,0.25,0.05,lr1e-05_bs8_drop0p4_temp1p0_a0p25_b0p05__wd1e-04trmiss0_degmodglobal,33,0.6776362572397504,0.679906576871872,0.5277777777777778,0.7797449464116131,0.6153846153846154,0.0,0.6180858016014099,0.6503040875707354,0.06776397355965205,0.20782377304775373,0.0,0.0,0.0,0.0,0.0,18473,global,0.0
3,3,lr1e-05_bs8_drop0p4_temp1p0_a0p25_b0p05__wd1e-04trmiss0_degmodglobal,8,1e-05,0.0001,0.4,1.0,0.25,0.05,lr1e-05_bs8_drop0p4_temp1p0_a0p25_b0p05__wd1e-04trmiss0_degmodglobal,34,0.714677061353411,0.6809162795543671,0.4722222222222222,0.7340659340659341,0.6153846153846154,0.0,0.6301050015858242,0.6833579369953701,0.07561907172203064,0.24828743296010153,0.0,0.0,0.0,0.0,0.0,18473,global,0.0
3,3,lr1e-05_bs8_drop0p4_temp1p0_a0p25_b0p05__wd1e-04trmiss0_degmodglobal,8,1e-05,0.0001,0.4,1.0,0.25,0.05,lr1e-05_bs8_drop0p4_temp1p0_a0p25_b0p05__wd1e-04trmiss0_degmodglobal,35,0.6769096340451922,0.6818189918994904,0.5,0.7427079093745761,0.6153846153846154,0.0,0.6002373269626072,0.6517039622579303,0.06720177616391863,0.16810425903115953,0.0,0.0,0.0,0.0,0.0,18473,global,0.0
3,3,lr1e-05_bs8_drop0p4_temp1p0_a0p25_b0p05__wd1e-04trmiss0_degmodglobal,8,1e-05,0.0001,0.4,1.0,0.25,0.05,lr1e-05_bs8_drop0p4_temp1p0_a0p25_b0p05__wd1e-04trmiss0_degmodglobal,36,0.6720525452068874,0.6798498034477234,0.5,0.7427079093745761,0.6153846153846154,0.0,0.621318519115448,0.6413634845188686,0.07569777646235057,0.23529255177293504,0.0,0.0,0.0,0.0,0.0,18473,global,0.0
3,3,lr1e-05_bs8_drop0p4_temp1p0_a0p25_b0p05__wd1e-04trmiss0_degmodglobal,8,1e-05,0.0001,0.4,1.0,0.25,0.05,lr1e-05_bs8_drop0p4_temp1p0_a0p25_b0p05__wd1e-04trmiss0_degmodglobal,37,0.6541537642478943,0.6821079850196838,0.5,0.7427079093745761,0.6153846153846154,0.0,0.5984395742416382,0.625847441809518,0.07234938655580793,0.20437979911054885,0.0,0.0,0.0,0.0,0.0,18473,global,0.0
3,3,lr1e-05_bs8_drop0p4_temp1p0_a0p25_b0p05__wd1e-04trmiss0_degmodglobal,8,1e-05,0.0001,0.4,1.0,0.25,0.05,lr1e-05_bs8_drop0p4_temp1p0_a0p25_b0p05__wd1e-04trmiss0_degmodglobal,38,0.6684737375804356,0.6806606948375702,0.5555555555555556,0.7864789531456198,0.6153846153846154,0.0,0.6150051866258893,0.6444741232054574,0.0634545630642346,0.16271942215306417,0.0,0.0,0.0,0.0,0.0,18473,global,0.0
3,3,lr1e-05_bs8_drop0p4_temp1p0_a0p25_b0p05__wd1e-04trmiss0_degmodglobal,8,1e-05,0.0001,0.4,1.0,0.25,0.05,lr1e-05_bs8_drop0p4_temp1p0_a0p25_b0p05__wd1e-04trmiss0_degmodglobal,39,0.6799969928605216,0.6821268200874329,0.5277777777777777,0.7494419161085828,0.6153846153846154,0.0,0.6316120624542236,0.6556586452892849,0.06669774278998375,0.15327804109879903,0.0,0.0,0.0,0.0,0.0,18473,global,0.0
3,3,lr1e-05_bs8_drop0p4_temp1p0_a0p25_b0p05__wd1e-04trmiss0_degmodglobal,8,1e-05,0.0001,0.4,1.0,0.25,0.05,lr1e-05_bs8_drop0p4_temp1p0_a0p25_b0p05__wd1e-04trmiss0_degmodglobal,40,0.6826540572302682,0.6799269616603851,0.5,0.7427079093745761,0.6153846153846154,0.0,0.6288784316607884,0.6588328054973057,0.06511513090559415,0.15084967549358094,0.0,0.0,0.0,0.0,0.0,18473,global,0.0
3,3,lr1e-05_bs8_drop0p4_temp1p0_a0p25_b0p05__wd1e-04trmiss0_degmodglobal,8,1e-05,0.0001,0.4,1.0,0.25,0.05,lr1e-05_bs8_drop0p4_temp1p0_a0p25_b0p05__wd1e-04trmiss0_degmodglobal,41,0.647624671459198,0.677811324596405,0.5277777777777778,0.7797449464116131,0.6153846153846154,0.0,0.5953493969781058,0.6195814694677081,0.0655677297285625,0.2330253997019359,0.0,0.0,0.0,0.0,0.0,18473,global,0.0
3,3,lr1e-05_bs8_drop0p4_temp1p0_a0p25_b0p05__wd1e-04trmiss0_degmodglobal,8,1e-05,0.0001,0.4,1.0,0.25,0.05,lr1e-05_bs8_drop0p4_temp1p0_a0p25_b0p05__wd1e-04trmiss0_degmodglobal,42,0.691792002746037,0.6779510676860809,0.5277777777777778,0.7797449464116131,0.6153846153846154,0.0,0.622121981212071,0.664753428527287,0.06026168593338558,0.23946298020226614,0.0,0.0,0.0,0.0,0.0,18473,global,0.0
3,3,lr1e-05_bs8_drop0p4_temp1p0_a0p25_b0p05__wd1e-04trmiss0_degmodglobal,8,1e-05,0.0001,0.4,1.0,0.25,0.05,lr1e-05_bs8_drop0p4_temp1p0_a0p25_b0p05__wd1e-04trmiss0_degmodglobal,43,0.714890216078077,0.6768745481967926,0.5277777777777778,0.7797449464116131,0.6153846153846154,0.0,0.6152162807328361,0.6811395032065255,0.08169808398400034,0.2665240615606308,0.0,0.0,0.0,0.0,0.0,18473,global,0.0
3,3,lr1e-05_bs8_drop0p4_temp1p0_a0p25_b0p05__wd1e-04trmiss0_degmodglobal,8,1e-05,0.0001,0.4,1.0,0.25,0.05,lr1e-05_bs8_drop0p4_temp1p0_a0p25_b0p05__wd1e-04trmiss0_degmodglobal,44,0.6436885510172162,0.6788520216941833,0.5277777777777778,0.7797449464116131,0.6153846153846154,0.0,0.6485152925763812,0.6123273287500653,0.0783472971192428,0.23548787725823267,0.0,0.0,0.0,0.0,0.0,18473,global,0.0
3,3,lr1e-05_bs8_drop0p4_temp1p0_a0p25_b0p05__wd1e-04trmiss0_degmodglobal,8,1e-05,0.0001,0.4,1.0,0.25,0.05,lr1e-05_bs8_drop0p4_temp1p0_a0p25_b0p05__wd1e-04trmiss0_degmodglobal,45,0.6736922945295062,0.6795444190502167,0.5277777777777778,0.7797449464116131,0.6153846153846154,0.0,0.622667840548924,0.6434154084750584,0.07797357227121081,0.2156695148774556,0.0,0.0,0.0,0.0,0.0,18473,global,0.0
3,3,lr1e-05_bs8_drop0p4_temp1p0_a0p25_b0p05__wd1e-04trmiss0_degmodglobal,8,1e-05,0.0001,0.4,1.0,0.25,0.05,lr1e-05_bs8_drop0p4_temp1p0_a0p25_b0p05__wd1e-04trmiss0_degmodglobal,46,0.6737310034888131,0.6792199611663818,0.5277777777777778,0.7797449464116131,0.6153846153846154,0.0,0.6060393708092826,0.6467592545918056,0.06733874657324382,0.20274149679711886,0.0,0.0,0.0,0.0,0.0,18473,global,0.0
3,3,lr1e-05_bs8_drop0p4_temp1p0_a0p25_b0p05__wd1e-04trmiss0_degmodglobal,8,1e-05,0.0001,0.4,1.0,0.25,0.05,lr1e-05_bs8_drop0p4_temp1p0_a0p25_b0p05__wd1e-04trmiss0_degmodglobal,47,0.6611040149416242,0.6825328171253204,0.4444444444444445,0.7248066748066748,0.6153846153846154,0.0,0.6005874020712716,0.6316762481416974,0.07651800715497561,0.20596512513501303,0.0,0.0,0.0,0.0,0.0,18473,global,0.0
3,3,lr1e-05_bs8_drop0p4_temp1p0_a0p25_b0p05__wd1e-04trmiss0_degmodglobal,8,1e-05,0.0001,0.4,1.0,0.25,0.05,lr1e-05_bs8_drop0p4_temp1p0_a0p25_b0p05__wd1e-04trmiss0_degmodglobal,48,0.6627158607755389,0.6810256540775299,0.4722222222222222,0.7340659340659341,0.6153846153846154,0.0,0.6136114767619542,0.6404100486210415,0.054041456431150436,0.175908803407635,0.0,0.0,0.0,0.0,0.0,18473,global,0.0
3,3,lr1e-05_bs8_drop0p4_temp1p0_a0p25_b0p05__wd1e-04trmiss0_degmodglobal,8,1e-05,0.0001,0.4,1.0,0.25,0.05,lr1e-05_bs8_drop0p4_temp1p0_a0p25_b0p05__wd1e-04trmiss0_degmodglobal,49,0.6644614253725324,0.6825497150421143,0.5277777777777777,0.7494419161085828,0.6153846153846154,0.0,0.595588036945888,0.6346676179340908,0.07774462071912629,0.20715299993753433,0.0,0.0,0.0,0.0,0.0,18473,global,0.0
3,3,lr1e-05_bs8_drop0p4_temp1p0_a0p25_b0p05__wd1e-04trmiss0_degmodglobal,8,1e-05,0.0001,0.4,1.0,0.25,0.05,lr1e-05_bs8_drop0p4_temp1p0_a0p25_b0p05__wd1e-04trmiss0_degmodglobal,50,0.6716914772987366,0.6789740920066833,0.5,0.748880748880749,0.6153846153846154,0.0,0.6136940036501203,0.6451939344406128,0.06203986172165189,0.21975157303469522,0.0,0.0,0.0,0.0,0.0,18473,global,0.0
3,3,lr1e-05_bs8_drop0p4_temp1p0_a0p25_b0p05__wd1e-04trmiss0_degmodglobal,8,1e-05,0.0001,0.4,1.0,0.25,0.05,lr1e-05_bs8_drop0p4_temp1p0_a0p25_b0p05__wd1e-04trmiss0_degmodglobal,51,0.6585713795253209,0.6769777238368988,0.5277777777777778,0.7859177859177859,0.6153846153846154,0.0,0.5769803694316319,0.6272603103092739,0.0808163056416171,0.22213997159685409,0.0,0.0,0.0,0.0,0.0,18473,global,0.0
3,3,lr1e-05_bs8_drop0p4_temp2p0_a0p25_b0p05__wd1e-04trmiss0_degmodglobal,8,1e-05,0.0001,0.4,2.0,0.25,0.05,lr1e-05_bs8_drop0p4_temp2p0_a0p25_b0p05__wd1e-04trmiss0_degmodglobal,1,0.736603149345943,0.7058930397033691,0.6666666666666666,0.7625932709266043,0.38461538461538464,0.0,0.69831782579422,0.7191789320537022,0.04361167709742274,0.13042613384979113,0.0,0.0,0.0,0.0,0.0,18473,global,0.0
3,3,lr1e-05_bs8_drop0p4_temp2p0_a0p25_b0p05__wd1e-04trmiss0_degmodglobal,8,1e-05,0.0001,0.4,2.0,0.25,0.05,lr1e-05_bs8_drop0p4_temp2p0_a0p25_b0p05__wd1e-04trmiss0_degmodglobal,2,0.7249005862644741,0.7100301682949066,0.6944444444444444,0.7690035273368607,0.3076923076923077,0.0,0.6941716756139483,0.7057154093469892,0.04917264224163124,0.13784043065139226,0.0,0.0,0.0,0.0,0.0,18473,global,0.0
3,3,lr1e-05_bs8_drop0p4_temp2p0_a0p25_b0p05__wd1e-04trmiss0_degmodglobal,8,1e-05,0.0001,0.4,2.0,0.25,0.05,lr1e-05_bs8_drop0p4_temp2p0_a0p25_b0p05__wd1e-04trmiss0_degmodglobal,3,0.7308367661067418,0.7133062779903412,0.6944444444444444,0.7690035273368607,0.38461538461538464,0.0,0.7157291514532906,0.7115066392081124,0.0425364010568176,0.17392063566616603,0.0,0.0,0.0,0.0,0.0,18473,global,0.0
3,3,lr1e-05_bs8_drop0p4_temp2p0_a0p25_b0p05__wd1e-04trmiss0_degmodglobal,8,1e-05,0.0001,0.4,2.0,0.25,0.05,lr1e-05_bs8_drop0p4_temp2p0_a0p25_b0p05__wd1e-04trmiss0_degmodglobal,4,0.6964507699012756,0.7170815467834473,0.6666666666666666,0.8328362995029663,0.38461538461538464,0.0,0.7010003583771842,0.681141563824245,0.03601802832313946,0.12609400280884334,0.0,0.0,0.0,0.0,0.0,18473,global,0.0
3,3,lr1e-05_bs8_drop0p4_temp2p0_a0p25_b0p05__wd1e-04trmiss0_degmodglobal,8,1e-05,0.0001,0.4,2.0,0.25,0.05,lr1e-05_bs8_drop0p4_temp2p0_a0p25_b0p05__wd1e-04trmiss0_degmodglobal,5,0.736234324319022,0.718607485294342,0.638888888888889,0.8209315375982045,0.38461538461538464,0.0,0.7115583079201835,0.7176636627742222,0.04840345148529325,0.12939604371786118,0.0,0.0,0.0,0.0,0.0,18473,global,0.0
3,3,lr1e-05_bs8_drop0p4_temp2p0_a0p25_b0p05__wd1e-04trmiss0_degmodglobal,8,1e-05,0.0001,0.4,2.0,0.25,0.05,lr1e-05_bs8_drop0p4_temp2p0_a0p25_b0p05__wd1e-04trmiss0_degmodglobal,6,0.7200648699487958,0.7227804958820343,0.5555555555555556,0.7642567309233976,0.38461538461538464,0.0,0.6950692278998238,0.7057457225663322,0.03816283906676939,0.09556893685034343,0.0,0.0,0.0,0.0,0.0,18473,global,0.0
3,3,lr1e-05_bs8_drop0p4_temp2p0_a0p25_b0p05__wd1e-04trmiss0_degmodglobal,8,1e-05,0.0001,0.4,2.0,0.25,0.05,lr1e-05_bs8_drop0p4_temp2p0_a0p25_b0p05__wd1e-04trmiss0_degmodglobal,7,0.7291912947382245,0.7279734313488007,0.5555555555555556,0.7642567309233976,0.38461538461538464,0.0,0.66140273639134,0.7083135076931545,0.05119114448981626,0.1616000384092331,0.0,0.0,0.0,0.0,0.0,18473,global,0.0
3,3,lr1e-05_bs8_drop0p4_temp2p0_a0p25_b0p05__wd1e-04trmiss0_degmodglobal,8,1e-05,0.0001,0.4,2.0,0.25,0.05,lr1e-05_bs8_drop0p4_temp2p0_a0p25_b0p05__wd1e-04trmiss0_degmodglobal,8,0.7218125803130013,0.730913370847702,0.5555555555555556,0.7864789531456198,0.38461538461538464,0.0,0.6913537212780544,0.7020840389387948,0.049694299165691645,0.1460994460753032,0.0,0.0,0.0,0.0,0.0,18473,global,0.0
3,3,lr1e-05_bs8_drop0p4_temp2p0_a0p25_b0p05__wd1e-04trmiss0_degmodglobal,8,1e-05,0.0001,0.4,2.0,0.25,0.05,lr1e-05_bs8_drop0p4_temp2p0_a0p25_b0p05__wd1e-04trmiss0_degmodglobal,9,0.705692035811288,0.7355945408344269,0.5277777777777778,0.7778369778369778,0.38461538461538464,0.0,0.6998484049524579,0.6856061731066022,0.047974329707877975,0.16184562551123755,0.0,0.0,0.0,0.0,0.0,18473,global,0.0
3,3,lr1e-05_bs8_drop0p4_temp2p0_a0p25_b0p05__wd1e-04trmiss0_degmodglobal,8,1e-05,0.0001,0.4,2.0,0.25,0.05,lr1e-05_bs8_drop0p4_temp2p0_a0p25_b0p05__wd1e-04trmiss0_degmodglobal,10,0.7292071495737348,0.7336237728595734,0.5277777777777778,0.7833925333925336,0.38461538461538464,0.0,0.6937196254730225,0.7124644943646022,0.040166160623942106,0.13402233911412104,0.0,0.0,0.0,0.0,0.0,18473,global,0.0
3,3,lr1e-05_bs8_drop0p4_temp2p0_a0p25_b0p05__wd1e-04trmiss0_degmodglobal,8,1e-05,0.0001,0.4,2.0,0.25,0.05,lr1e-05_bs8_drop0p4_temp2p0_a0p25_b0p05__wd1e-04trmiss0_degmodglobal,11,0.6863117047718593,0.739202082157135,0.5277777777777778,0.7833925333925336,0.38461538461538464,0.0,0.6844425201416016,0.6731622048786708,0.03402543626725674,0.09286258156810488,0.0,0.0,0.0,0.0,0.0,18473,global,0.0
3,3,lr1e-05_bs8_drop0p4_temp2p0_a0p25_b0p05__wd1e-04trmiss0_degmodglobal,8,1e-05,0.0001,0.4,2.0,0.25,0.05,lr1e-05_bs8_drop0p4_temp2p0_a0p25_b0p05__wd1e-04trmiss0_degmodglobal,12,0.7067198497908456,0.7377581298351288,0.5277777777777778,0.7833925333925336,0.38461538461538464,0.0,0.6831015348434448,0.6862196326255798,0.04878056049346924,0.16610143333673477,0.0,0.0,0.0,0.0,0.0,18473,global,0.0
3,3,lr1e-05_bs8_drop0p4_temp2p0_a0p25_b0p05__wd1e-04trmiss0_degmodglobal,8,1e-05,0.0001,0.4,2.0,0.25,0.05,lr1e-05_bs8_drop0p4_temp2p0_a0p25_b0p05__wd1e-04trmiss0_degmodglobal,13,0.6760165435927254,0.7371291816234589,0.5,0.7685777185777187,0.38461538461538464,0.0,0.6698194997651237,0.6566435013498578,0.04843575720276151,0.14528217485972814,0.0,0.0,0.0,0.0,0.0,18473,global,0.0
3,3,lr1e-05_bs8_drop0p4_temp2p0_a0p25_b0p05__wd1e-04trmiss0_degmodglobal,8,1e-05,0.0001,0.4,2.0,0.25,0.05,lr1e-05_bs8_drop0p4_temp2p0_a0p25_b0p05__wd1e-04trmiss0_degmodglobal,14,0.6871507338115147,0.7347501814365387,0.5,0.7463554963554964,0.38461538461538464,0.0,0.6686795353889465,0.669797054358891,0.044210124228681834,0.12602272230599607,0.0,0.0,0.0,0.0,0.0,18473,global,0.0
3,3,lr1e-05_bs8_drop0p4_temp2p0_a0p25_b0p05__wd1e-04trmiss0_degmodglobal,8,1e-05,0.0001,0.4,2.0,0.25,0.05,lr1e-05_bs8_drop0p4_temp2p0_a0p25_b0p05__wd1e-04trmiss0_degmodglobal,15,0.7016548599515643,0.7327468991279602,0.5,0.7463554963554964,0.38461538461538464,0.0,0.6528065545218331,0.6806567055838448,0.050000512174197605,0.16996015182563237,0.0,0.0,0.0,0.0,0.0,18473,global,0.0
3,3,lr1e-05_bs8_drop0p4_temp2p0_a0p25_b0p05__wd1e-04trmiss0_degmodglobal,8,1e-05,0.0001,0.4,2.0,0.25,0.05,lr1e-05_bs8_drop0p4_temp2p0_a0p25_b0p05__wd1e-04trmiss0_degmodglobal,16,0.7163018669400897,0.7318410575389862,0.5,0.7463554963554964,0.38461538461538464,0.0,0.6568131617137364,0.699644957269941,0.043647906609943936,0.1148984469473362,0.0,0.0,0.0,0.0,0.0,18473,global,0.0
3,3,lr1e-05_bs8_drop0p4_temp2p0_a0p25_b0p05__wd1e-04trmiss0_degmodglobal,8,1e-05,0.0001,0.4,2.0,0.25,0.05,lr1e-05_bs8_drop0p4_temp2p0_a0p25_b0p05__wd1e-04trmiss0_degmodglobal,17,0.7089428050177438,0.7302863895893097,0.5277777777777778,0.7595830095830096,0.38461538461538464,0.0,0.6338974237442017,0.6898892777306693,0.04702880286744663,0.14592658781579562,0.0,0.0,0.0,0.0,0.0,18473,global,0.0
3,3,lr1e-05_bs8_drop0p4_temp2p0_a0p25_b0p05__wd1e-04trmiss0_degmodglobal,8,1e-05,0.0001,0.4,2.0,0.25,0.05,lr1e-05_bs8_drop0p4_temp2p0_a0p25_b0p05__wd1e-04trmiss0_degmodglobal,18,0.6916516252926418,0.7296939492225647,0.5277777777777778,0.7595830095830096,0.38461538461538464,0.0,0.6799536602837699,0.6695466978209359,0.05257022221173559,0.17924759536981583,0.0,0.0,0.0,0.0,0.0,18473,global,0.0
3,3,lr1e-05_bs8_drop0p4_temp2p0_a0p25_b0p05__wd1e-04trmiss0_degmodglobal,8,1e-05,0.0001,0.4,2.0,0.25,0.05,lr1e-05_bs8_drop0p4_temp2p0_a0p25_b0p05__wd1e-04trmiss0_degmodglobal,19,0.6844745618956429,0.7298223674297333,0.5277777777777778,0.7595830095830096,0.38461538461538464,0.0,0.6444975393159049,0.6668199300765991,0.04359240031668118,0.13513065981013433,0.0,0.0,0.0,0.0,0.0,18473,global,0.0
3,3,lr1e-05_bs8_drop0p4_temp2p0_a0p25_b0p05__wd1e-04trmiss0_degmodglobal,8,1e-05,0.0001,0.4,2.0,0.25,0.05,lr1e-05_bs8_drop0p4_temp2p0_a0p25_b0p05__wd1e-04trmiss0_degmodglobal,20,0.7150709543909345,0.7305960059165955,0.5,0.7463554963554964,0.38461538461538464,0.0,0.6601548365184239,0.6961046627589634,0.047279773013932366,0.14292712616068975,0.0,0.0,0.0,0.0,0.0,18473,global,0.0
3,3,lr1e-05_bs8_drop0p4_temp2p0_a0p25_b0p05__wd1e-04trmiss0_degmodglobal,8,1e-05,0.0001,0.4,2.0,0.25,0.05,lr1e-05_bs8_drop0p4_temp2p0_a0p25_b0p05__wd1e-04trmiss0_degmodglobal,21,0.6939236010823931,0.7316184043884277,0.5,0.7463554963554964,0.38461538461538464,0.0,0.627693602016994,0.6698441590581622,0.054470466183764596,0.209236350442682,0.0,0.0,0.0,0.0,0.0,18473,global,0.0
3,3,lr1e-05_bs8_drop0p4_temp2p0_a0p25_b0p05__wd1e-04trmiss0_degmodglobal,8,1e-05,0.0001,0.4,2.0,0.25,0.05,lr1e-05_bs8_drop0p4_temp2p0_a0p25_b0p05__wd1e-04trmiss0_degmodglobal,22,0.6831644773483276,0.7296438217163086,0.5,0.7463554963554964,0.38461538461538464,0.0,0.6158623695373535,0.6652802228927612,0.04300993122160435,0.14263530927045004,0.0,0.0,0.0,0.0,0.0,18473,global,0.0
3,3,lr1e-05_bs8_drop0p4_temp2p0_a0p25_b0p05__wd1e-04trmiss0_degmodglobal,8,1e-05,0.0001,0.4,2.0,0.25,0.05,lr1e-05_bs8_drop0p4_temp2p0_a0p25_b0p05__wd1e-04trmiss0_degmodglobal,23,0.665905066898891,0.7305943965911865,0.5,0.7463554963554964,0.38461538461538464,0.0,0.6549147367477417,0.6457571302141462,0.05416780071599143,0.13211968328271592,0.0,0.0,0.0,0.0,0.0,18473,global,0.0
3,3,lr1e-05_bs8_drop0p4_temp2p0_a0p25_b0p05__wd1e-04trmiss0_degmodglobal,8,1e-05,0.0001,0.4,2.0,0.25,0.05,lr1e-05_bs8_drop0p4_temp2p0_a0p25_b0p05__wd1e-04trmiss0_degmodglobal,24,0.7289664915629795,0.7372875511646271,0.5,0.7734718984718985,0.38461538461538464,0.0,0.6382051280566624,0.707607592855181,0.05176555631416185,0.16835020908287593,0.0,0.0,0.0,0.0,0.0,18473,global,0.0
3,3,lr1e-05_bs8_drop0p4_temp2p0_a0p25_b0p05__wd1e-04trmiss0_degmodglobal,8,1e-05,0.0001,0.4,2.0,0.25,0.05,lr1e-05_bs8_drop0p4_temp2p0_a0p25_b0p05__wd1e-04trmiss0_degmodglobal,25,0.708916928086962,0.732956051826477,0.5,0.7463554963554964,0.38461538461538464,0.0,0.6139072179794312,0.6852887954030719,0.055819318762847354,0.1934662280338151,0.0,0.0,0.0,0.0,0.0,18473,global,0.0
3,3,lr1e-04_bs16_drop0p2_temp1p0_a0p25_b0p05__wd1e-04trmiss0_degmodglobal,16,0.0001,0.0001,0.2,1.0,0.25,0.05,lr1e-04_bs16_drop0p2_temp1p0_a0p25_b0p05__wd1e-04trmiss0_degmodglobal,1,0.7278138846158981,0.6742774248123169,0.3888888888888889,0.7152227402227402,0.5384615384615384,0.0,0.6997285187244415,0.7014481276273727,0.05460342764854431,0.2542981952428818,0.0,0.0,0.0,0.0,0.0,18473,global,0.0
3,3,lr1e-04_bs16_drop0p2_temp1p0_a0p25_b0p05__wd1e-04trmiss0_degmodglobal,16,0.0001,0.0001,0.2,1.0,0.25,0.05,lr1e-04_bs16_drop0p2_temp1p0_a0p25_b0p05__wd1e-04trmiss0_degmodglobal,2,0.6498963087797165,0.6751219630241394,0.3611111111111111,0.7075066908400243,0.6923076923076923,0.0,0.7342627793550491,0.6271104365587234,0.04524014797061682,0.22951669245958328,0.0,0.0,0.0,0.0,0.0,18473,global,0.0
3,3,lr1e-04_bs16_drop0p2_temp1p0_a0p25_b0p05__wd1e-04trmiss0_degmodglobal,16,0.0001,0.0001,0.2,1.0,0.25,0.05,lr1e-04_bs16_drop0p2_temp1p0_a0p25_b0p05__wd1e-04trmiss0_degmodglobal,3,0.6315186321735382,0.6748303771018982,0.3333333333333333,0.6926918760252094,0.6923076923076923,0.0,0.6878185868263245,0.599117323756218,0.0725234653800726,0.2854087185114622,0.0,0.0,0.0,0.0,0.0,18473,global,0.0
3,3,lr1e-04_bs16_drop0p2_temp1p0_a0p25_b0p05__wd1e-04trmiss0_degmodglobal,16,0.0001,0.0001,0.2,1.0,0.25,0.05,lr1e-04_bs16_drop0p2_temp1p0_a0p25_b0p05__wd1e-04trmiss0_degmodglobal,4,0.5994081348180771,0.6750018000602722,0.3611111111111111,0.6547730047730048,0.6923076923076923,0.0,0.6591636389493942,0.576974555850029,0.048313986510038376,0.20710162818431854,0.0,0.0,0.0,0.0,0.0,18473,global,0.0
3,3,lr1e-04_bs16_drop0p2_temp1p0_a0p25_b0p05__wd1e-04trmiss0_degmodglobal,16,0.0001,0.0001,0.2,1.0,0.25,0.05,lr1e-04_bs16_drop0p2_temp1p0_a0p25_b0p05__wd1e-04trmiss0_degmodglobal,5,0.5983914583921432,0.6784568428993225,0.3333333333333333,0.6448523698523699,0.6153846153846154,0.0,0.6661165058612823,0.5759411156177521,0.04480679985135794,0.2249729223549366,0.0,0.0,0.0,0.0,0.0,18473,global,0.0
3,3,lr1e-04_bs16_drop0p2_temp1p0_a0p25_b0p05__wd1e-04trmiss0_degmodglobal,16,0.0001,0.0001,0.2,1.0,0.25,0.05,lr1e-04_bs16_drop0p2_temp1p0_a0p25_b0p05__wd1e-04trmiss0_degmodglobal,6,0.5786156803369522,0.6797254085540771,0.3611111111111111,0.6596671846671848,0.6153846153846154,0.0,0.6565516442060471,0.556687131524086,0.04935520701110363,0.19179460778832436,0.0,0.0,0.0,0.0,0.0,18473,global,0.0
3,3,lr1e-04_bs16_drop0p2_temp1p0_a0p25_b0p05__wd1e-04trmiss0_degmodglobal,16,0.0001,0.0001,0.2,1.0,0.25,0.05,lr1e-04_bs16_drop0p2_temp1p0_a0p25_b0p05__wd1e-04trmiss0_degmodglobal,7,0.583451509475708,0.686707615852356,0.4166666666666667,0.6828153328153329,0.5384615384615384,0.0,0.6285355091094971,0.5582440048456192,0.05134379677474499,0.24743125215172768,0.0,0.0,0.0,0.0,0.0,18473,global,0.0
3,3,lr1e-04_bs16_drop0p2_temp1p0_a0p25_b0p05__wd1e-04trmiss0_degmodglobal,16,0.0001,0.0001,0.2,1.0,0.25,0.05,lr1e-04_bs16_drop0p2_temp1p0_a0p25_b0p05__wd1e-04trmiss0_degmodglobal,8,0.5409466028213501,0.6901895999908447,0.4166666666666667,0.6828153328153329,0.5384615384615384,0.0,0.6433830708265305,0.5147307738661766,0.053757195360958576,0.25553062558174133,0.0,0.0,0.0,0.0,0.0,18473,global,0.0
3,3,lr1e-04_bs16_drop0p2_temp1p0_a0p25_b0p05__wd1e-04trmiss0_degmodglobal,16,0.0001,0.0001,0.2,1.0,0.25,0.05,lr1e-04_bs16_drop0p2_temp1p0_a0p25_b0p05__wd1e-04trmiss0_degmodglobal,9,0.5505361557006836,0.6873816251754761,0.3888888888888889,0.6621804121804122,0.5384615384615384,0.0,0.5956205278635025,0.5273162424564362,0.04991322010755539,0.21483223140239716,0.0,0.0,0.0,0.0,0.0,18473,global,0.0
3,3,lr1e-04_bs16_drop0p2_temp1p0_a0p25_b0p05__wd1e-04trmiss0_degmodglobal,16,0.0001,0.0001,0.2,1.0,0.25,0.05,lr1e-04_bs16_drop0p2_temp1p0_a0p25_b0p05__wd1e-04trmiss0_degmodglobal,10,0.5651469528675079,0.6859066486358643,0.41666666666666663,0.6714396714396715,0.5384615384615384,0.0,0.6029673367738724,0.5440754294395447,0.04544831020757556,0.19418853521347046,0.0,0.0,0.0,0.0,0.0,18473,global,0.0
3,3,lr1e-04_bs16_drop0p2_temp1p0_a0p25_b0p05__wd1e-04trmiss0_degmodglobal,16,0.0001,0.0001,0.2,1.0,0.25,0.05,lr1e-04_bs16_drop0p2_temp1p0_a0p25_b0p05__wd1e-04trmiss0_degmodglobal,11,0.5592864006757736,0.6904665231704712,0.41666666666666663,0.6714396714396715,0.5384615384615384,0.0,0.6219896376132965,0.5283922851085663,0.06587811931967735,0.2884916812181473,0.0,0.0,0.0,0.0,0.0,18473,global,0.0
3,3,lr1e-04_bs16_drop0p2_temp1p0_a0p25_b0p05__wd1e-04trmiss0_degmodglobal,16,0.0001,0.0001,0.2,1.0,0.25,0.05,lr1e-04_bs16_drop0p2_temp1p0_a0p25_b0p05__wd1e-04trmiss0_degmodglobal,12,0.5511234253644943,0.6954569220542908,0.4166666666666667,0.6769952269952271,0.46153846153846156,0.0,0.6208909451961517,0.5286485254764557,0.049908217042684555,0.19995662569999695,0.0,0.0,0.0,0.0,0.0,18473,global,0.0
3,3,lr1e-04_bs16_drop0p2_temp1p0_a0p25_b0p05__wd1e-04trmiss0_degmodglobal,16,0.0001,0.0001,0.2,1.0,0.25,0.05,lr1e-04_bs16_drop0p2_temp1p0_a0p25_b0p05__wd1e-04trmiss0_degmodglobal,13,0.5674087852239609,0.6956014037132263,0.41666666666666663,0.6714396714396715,0.46153846153846156,0.0,0.6370252668857574,0.5420878678560257,0.05588197708129883,0.2270084172487259,0.0,0.0,0.0,0.0,0.0,18473,global,0.0
3,3,lr1e-04_bs16_drop0p2_temp1p0_a0p25_b0p05__wd1e-04trmiss0_degmodglobal,16,0.0001,0.0001,0.2,1.0,0.25,0.05,lr1e-04_bs16_drop0p2_temp1p0_a0p25_b0p05__wd1e-04trmiss0_degmodglobal,14,0.5490771979093552,0.6878489255905151,0.41666666666666663,0.6714396714396715,0.46153846153846156,0.0,0.6132153123617172,0.5195951610803604,0.06781925074756145,0.2505444176495075,0.0,0.0,0.0,0.0,0.0,18473,global,0.0
3,3,lr1e-04_bs16_drop0p2_temp1p0_a0p25_b0p05__wd1e-04trmiss0_degmodglobal,16,0.0001,0.0001,0.2,1.0,0.25,0.05,lr1e-04_bs16_drop0p2_temp1p0_a0p25_b0p05__wd1e-04trmiss0_degmodglobal,15,0.5456808358430862,0.6887346506118774,0.41666666666666663,0.6714396714396715,0.46153846153846156,0.0,0.609715074300766,0.5189837291836739,0.06158186122775078,0.2260323166847229,0.0,0.0,0.0,0.0,0.0,18473,global,0.0
3,3,lr1e-04_bs16_drop0p2_temp1p0_a0p25_b0p05__wd1e-04trmiss0_degmodglobal,16,0.0001,0.0001,0.2,1.0,0.25,0.05,lr1e-04_bs16_drop0p2_temp1p0_a0p25_b0p05__wd1e-04trmiss0_degmodglobal,16,0.5286022275686264,0.690326452255249,0.4444444444444444,0.6862544862544863,0.46153846153846156,0.0,0.604179635643959,0.4995500296354294,0.07086512446403503,0.2267182059586048,0.0,0.0,0.0,0.0,0.0,18473,global,0.0
3,3,lr1e-04_bs16_drop0p2_temp1p0_a0p25_b0p05__wd1e-04trmiss0_degmodglobal,16,0.0001,0.0001,0.2,1.0,0.25,0.05,lr1e-04_bs16_drop0p2_temp1p0_a0p25_b0p05__wd1e-04trmiss0_degmodglobal,17,0.5271934568881989,0.6885860562324524,0.4444444444444444,0.6862544862544863,0.46153846153846156,0.0,0.6002850085496902,0.49939507991075516,0.06815928034484386,0.21517102047801018,0.0,0.0,0.0,0.0,0.0,18473,global,0.0
3,3,lr1e-04_bs16_drop0p2_temp1p0_a0p25_b0p05__wd1e-04trmiss0_degmodglobal,16,0.0001,0.0001,0.2,1.0,0.25,0.05,lr1e-04_bs16_drop0p2_temp1p0_a0p25_b0p05__wd1e-04trmiss0_degmodglobal,18,0.5296789556741714,0.6928169131278992,0.4444444444444444,0.6862544862544863,0.5384615384615384,0.0,0.6013625115156174,0.5021912679076195,0.062101229559630156,0.23924781382083893,0.0,0.0,0.0,0.0,0.0,18473,global,0.0
3,3,lr1e-04_bs16_drop0p2_temp1p0_a0p25_b0p05__wd1e-04trmiss0_degmodglobal,16,0.0001,0.0001,0.2,1.0,0.25,0.05,lr1e-04_bs16_drop0p2_temp1p0_a0p25_b0p05__wd1e-04trmiss0_degmodglobal,19,0.5294734463095665,0.6903777718544006,0.38888888888888884,0.6547730047730048,0.46153846153846156,0.0,0.5866802334785461,0.5028597563505173,0.05948984809219837,0.23482466116547585,0.0,0.0,0.0,0.0,0.0,18473,global,0.0
3,3,lr1e-04_bs16_drop0p2_temp1p0_a0p25_b0p05__wd1e-04trmiss0_degmodglobal,16,0.0001,0.0001,0.2,1.0,0.25,0.05,lr1e-04_bs16_drop0p2_temp1p0_a0p25_b0p05__wd1e-04trmiss0_degmodglobal,20,0.5298570320010185,0.6901381611824036,0.38888888888888884,0.6547730047730048,0.46153846153846156,0.0,0.5903328955173492,0.5000414326786995,0.07589625660330057,0.21683050319552422,0.0,0.0,0.0,0.0,0.0,18473,global,0.0
3,3,lr1e-04_bs16_drop0p2_temp1p0_a0p25_b0p05__wd1e-04trmiss0_degmodglobal,16,0.0001,0.0001,0.2,1.0,0.25,0.05,lr1e-04_bs16_drop0p2_temp1p0_a0p25_b0p05__wd1e-04trmiss0_degmodglobal,21,0.5387988239526749,0.690841555595398,0.38888888888888884,0.6547730047730048,0.46153846153846156,0.0,0.597563847899437,0.5103444531559944,0.06731765437871218,0.23249879479408264,0.0,0.0,0.0,0.0,0.0,18473,global,0.0
3,3,lr1e-04_bs16_drop0p2_temp1p0_a0p25_b0p05__wd1e-04trmiss0_degmodglobal,16,0.0001,0.0001,0.2,1.0,0.25,0.05,lr1e-04_bs16_drop0p2_temp1p0_a0p25_b0p05__wd1e-04trmiss0_degmodglobal,22,0.5173940286040306,0.6911948323249817,0.38888888888888884,0.6547730047730048,0.46153846153846156,0.0,0.5563391000032425,0.49177180230617523,0.05935043562203646,0.2156924530863762,0.0,0.0,0.0,0.0,0.0,18473,global,0.0
3,3,lr1e-04_bs16_drop0p2_temp1p0_a0p25_b0p05__wd1e-04trmiss0_degmodglobal,16,0.0001,0.0001,0.2,1.0,0.25,0.05,lr1e-04_bs16_drop0p2_temp1p0_a0p25_b0p05__wd1e-04trmiss0_degmodglobal,23,0.5145125687122345,0.6899951100349426,0.38888888888888884,0.6547730047730048,0.46153846153846156,0.0,0.5531314760446548,0.4836043491959572,0.07188868056982756,0.2587209939956665,0.0,0.0,0.0,0.0,0.0,18473,global,0.0
3,3,lr1e-04_bs16_drop0p2_temp1p0_a0p25_b0p05__wd1e-04trmiss0_degmodglobal,16,0.0001,0.0001,0.2,1.0,0.25,0.05,lr1e-04_bs16_drop0p2_temp1p0_a0p25_b0p05__wd1e-04trmiss0_degmodglobal,24,0.5132396966218948,0.6863561868667603,0.38888888888888884,0.6547730047730048,0.46153846153846156,0.0,0.5680185705423355,0.4900048226118088,0.05570339038968086,0.18618017062544823,0.0,0.0,0.0,0.0,0.0,18473,global,0.0
3,3,lr1e-04_bs16_drop0p2_temp1p0_a0p25_b0p05__wd1e-04trmiss0_degmodglobal,16,0.0001,0.0001,0.2,1.0,0.25,0.05,lr1e-04_bs16_drop0p2_temp1p0_a0p25_b0p05__wd1e-04trmiss0_degmodglobal,25,0.5166724771261215,0.6865537762641907,0.38888888888888884,0.6547730047730048,0.46153846153846156,0.0,0.5436656326055527,0.49426883459091187,0.057817417196929455,0.15898558497428894,0.0,0.0,0.0,0.0,0.0,18473,global,0.0
3,3,lr1e-04_bs16_drop0p2_temp1p0_a0p25_b0p05__wd1e-04trmiss0_degmodglobal,16,0.0001,0.0001,0.2,1.0,0.25,0.05,lr1e-04_bs16_drop0p2_temp1p0_a0p25_b0p05__wd1e-04trmiss0_degmodglobal,26,0.5129951536655426,0.6853129863739014,0.3611111111111111,0.6362544862544863,0.5384615384615384,0.0,0.534638024866581,0.48690156638622284,0.06377720180898905,0.20298555865883827,0.0,0.0,0.0,0.0,0.0,18473,global,0.0
3,3,lr1e-04_bs16_drop0p2_temp1p0_a0p25_b0p05__wd1e-04trmiss0_degmodglobal,16,0.0001,0.0001,0.2,1.0,0.25,0.05,lr1e-04_bs16_drop0p2_temp1p0_a0p25_b0p05__wd1e-04trmiss0_degmodglobal,27,0.5433461144566536,0.6862074136734009,0.38888888888888884,0.6547730047730048,0.6153846153846154,0.0,0.5520569384098053,0.5181152448058128,0.061265917494893074,0.1982879787683487,0.0,0.0,0.0,0.0,0.0,18473,global,0.0
3,3,lr1e-04_bs16_drop0p2_temp1p0_a0p25_b0p05__wd1e-04trmiss0_degmodglobal,16,0.0001,0.0001,0.2,1.0,0.25,0.05,lr1e-04_bs16_drop0p2_temp1p0_a0p25_b0p05__wd1e-04trmiss0_degmodglobal,28,0.5221562311053276,0.6865041851997375,0.41666666666666663,0.6714396714396715,0.6153846153846154,0.0,0.5615522712469101,0.49540331959724426,0.06527332682162523,0.2086917795240879,0.0,0.0,0.0,0.0,0.0,18473,global,0.0
3,3,lr1e-04_bs16_drop0p2_temp1p0_a0p25_b0p05__wd1e-04trmiss0_degmodglobal,16,0.0001,0.0001,0.2,1.0,0.25,0.05,lr1e-04_bs16_drop0p2_temp1p0_a0p25_b0p05__wd1e-04trmiss0_degmodglobal,29,0.5191723704338074,0.6869032979011536,0.38888888888888884,0.6547730047730048,0.46153846153846156,0.0,0.5754002779722214,0.4970628470182419,0.05075861234217882,0.18839729577302933,0.0,0.0,0.0,0.0,0.0,18473,global,0.0
3,3,lr1e-04_bs16_drop0p2_temp1p0_a0p25_b0p05__wd1e-04trmiss0_degmodglobal,16,0.0001,0.0001,0.2,1.0,0.25,0.05,lr1e-04_bs16_drop0p2_temp1p0_a0p25_b0p05__wd1e-04trmiss0_degmodglobal,30,0.5167348831892014,0.6851508617401123,0.38888888888888884,0.6547730047730048,0.46153846153846156,0.0,0.5633365660905838,0.4922745004296303,0.05702041927725077,0.2041057050228119,0.0,0.0,0.0,0.0,0.0,18473,global,0.0
3,3,lr1e-04_bs16_drop0p2_temp1p0_a0p25_b0p05__wd1e-04trmiss0_degmodglobal,16,0.0001,0.0001,0.2,1.0,0.25,0.05,lr1e-04_bs16_drop0p2_temp1p0_a0p25_b0p05__wd1e-04trmiss0_degmodglobal,31,0.4950631409883499,0.6855926513671875,0.38888888888888884,0.6547730047730048,0.46153846153846156,0.0,0.5582377761602402,0.4693722277879715,0.05695064924657345,0.22906487062573433,0.0,0.0,0.0,0.0,0.0,18473,global,0.0
3,3,lr1e-04_bs16_drop0p2_temp1p0_a0p25_b0p05__wd1e-04trmiss0_degmodglobal,16,0.0001,0.0001,0.2,1.0,0.25,0.05,lr1e-04_bs16_drop0p2_temp1p0_a0p25_b0p05__wd1e-04trmiss0_degmodglobal,32,0.5012353956699371,0.6847101449966431,0.38888888888888884,0.6547730047730048,0.46153846153846156,0.0,0.5719359219074249,0.4758106917142868,0.057156868278980255,0.2227095514535904,0.0,0.0,0.0,0.0,0.0,18473,global,0.0
3,3,lr1e-04_bs16_drop0p2_temp1p0_a0p25_b0p05__wd1e-04trmiss0_degmodglobal,16,0.0001,0.0001,0.2,1.0,0.25,0.05,lr1e-04_bs16_drop0p2_temp1p0_a0p25_b0p05__wd1e-04trmiss0_degmodglobal,33,0.5271875932812691,0.682973325252533,0.38888888888888884,0.6547730047730048,0.5384615384615384,0.0,0.5649828463792801,0.5038715600967407,0.050747237633913755,0.21258425898849964,0.0,0.0,0.0,0.0,0.0,18473,global,0.0
3,3,lr1e-04_bs16_drop0p2_temp1p0_a0p25_b0p05__wd1e-04trmiss0_degmodglobal,16,0.0001,0.0001,0.2,1.0,0.25,0.05,lr1e-04_bs16_drop0p2_temp1p0_a0p25_b0p05__wd1e-04trmiss0_degmodglobal,34,0.5216013118624687,0.6826736927032471,0.41666666666666663,0.6618437118437119,0.6153846153846154,0.0,0.5510050356388092,0.4937911480665207,0.06403821986168623,0.23601192608475685,0.0,0.0,0.0,0.0,0.0,18473,global,0.0
3,3,lr1e-04_bs16_drop0p2_temp1p0_a0p25_b0p05__wd1e-04trmiss0_degmodglobal,16,0.0001,0.0001,0.2,1.0,0.25,0.05,lr1e-04_bs16_drop0p2_temp1p0_a0p25_b0p05__wd1e-04trmiss0_degmodglobal,35,0.5112059116363525,0.6886320114135742,0.41666666666666663,0.6618437118437119,0.5384615384615384,0.0,0.581923097372055,0.48344310373067856,0.06437895074486732,0.2333614081144333,0.0,0.0,0.0,0.0,0.0,18473,global,0.0
3,3,lr1e-04_bs16_drop0p2_temp1p0_a0p25_b0p05__wd1e-04trmiss0_degmodglobal,16,0.0001,0.0001,0.2,1.0,0.25,0.05,lr1e-04_bs16_drop0p2_temp1p0_a0p25_b0p05__wd1e-04trmiss0_degmodglobal,36,0.5314264297485352,0.6898570656776428,0.4444444444444444,0.6685777185777186,0.5384615384615384,0.0,0.5459194406867027,0.506986677646637,0.05992917809635401,0.18914955109357834,0.0,0.0,0.0,0.0,0.0,18473,global,0.0
3,3,lr1e-04_bs16_drop0p2_temp1p0_a0p25_b0p05__wd1e-04trmiss0_degmodglobal,16,0.0001,0.0001,0.2,1.0,0.25,0.05,lr1e-04_bs16_drop0p2_temp1p0_a0p25_b0p05__wd1e-04trmiss0_degmodglobal,37,0.5116006284952164,0.6867486834526062,0.4444444444444444,0.6685777185777186,0.6153846153846154,0.0,0.5696992129087448,0.48867063224315643,0.05203492008149624,0.19842496886849403,0.0,0.0,0.0,0.0,0.0,18473,global,0.0
3,3,lr1e-04_bs16_drop0p2_temp1p0_a0p25_b0p05__wd1e-04trmiss0_degmodglobal,16,0.0001,0.0001,0.2,1.0,0.25,0.05,lr1e-04_bs16_drop0p2_temp1p0_a0p25_b0p05__wd1e-04trmiss0_degmodglobal,38,0.523060105741024,0.6906964778900146,0.4444444444444444,0.6685777185777186,0.5384615384615384,0.0,0.5790972411632538,0.4936116561293602,0.07126253843307495,0.2326560951769352,0.0,0.0,0.0,0.0,0.0,18473,global,0.0
3,3,lr1e-04_bs16_drop0p2_temp1p0_a0p25_b0p05__wd1e-04trmiss0_degmodglobal,16,0.0001,0.0001,0.2,1.0,0.25,0.05,lr1e-04_bs16_drop0p2_temp1p0_a0p25_b0p05__wd1e-04trmiss0_degmodglobal,39,0.5102915689349174,0.6896455883979797,0.4444444444444444,0.6685777185777186,0.5384615384615384,0.0,0.5495786815881729,0.48423412442207336,0.061344451270997524,0.21442648395895958,0.0,0.0,0.0,0.0,0.0,18473,global,0.0
3,3,lr1e-04_bs16_drop0p2_temp1p0_a0p25_b0p05__wd1e-04trmiss0_degmodglobal,16,0.0001,0.0001,0.2,1.0,0.25,0.05,lr1e-04_bs16_drop0p2_temp1p0_a0p25_b0p05__wd1e-04trmiss0_degmodglobal,40,0.496741347014904,0.6888399124145508,0.4444444444444444,0.6685777185777186,0.5384615384615384,0.0,0.5332910567522049,0.4729721248149872,0.0534585015848279,0.20809198915958405,0.0,0.0,0.0,0.0,0.0,18473,global,0.0
3,3,lr1e-04_bs16_drop0p2_temp1p0_a0p25_b0p05__wd1e-04trmiss0_degmodglobal,16,0.0001,0.0001,0.2,1.0,0.25,0.05,lr1e-04_bs16_drop0p2_temp1p0_a0p25_b0p05__wd1e-04trmiss0_degmodglobal,41,0.4977274611592293,0.6867084503173828,0.4444444444444444,0.6685777185777186,0.6923076923076923,0.0,0.5267676636576653,0.4672597274184227,0.07501236442476511,0.2342926487326622,0.0,0.0,0.0,0.0,0.0,18473,global,0.0
3,3,lr1e-04_bs16_drop0p2_temp1p0_a0p25_b0p05__wd1e-04trmiss0_degmodglobal,16,0.0001,0.0001,0.2,1.0,0.25,0.05,lr1e-04_bs16_drop0p2_temp1p0_a0p25_b0p05__wd1e-04trmiss0_degmodglobal,42,0.5069184899330139,0.6871492266654968,0.41666666666666663,0.6500592000592001,0.6153846153846154,0.0,0.5279716402292252,0.4766560345888138,0.07093285489827394,0.2505849190056324,0.0,0.0,0.0,0.0,0.0,18473,global,0.0
3,3,lr1e-04_bs16_drop0p2_temp1p0_a0p25_b0p05__wd1e-04trmiss0_degmodglobal,16,0.0001,0.0001,0.2,1.0,0.25,0.05,lr1e-04_bs16_drop0p2_temp1p0_a0p25_b0p05__wd1e-04trmiss0_degmodglobal,43,0.5120516717433929,0.6892561316490173,0.41666666666666663,0.6500592000592001,0.5384615384615384,0.0,0.5597102269530296,0.48678211867809296,0.05778042506426573,0.21648921817541122,0.0,0.0,0.0,0.0,0.0,18473,global,0.0
3,3,lr1e-04_bs16_drop0p2_temp1p0_a0p25_b0p05__wd1e-04trmiss0_degmodglobal,16,0.0001,0.0001,0.2,1.0,0.25,0.05,lr1e-04_bs16_drop0p2_temp1p0_a0p25_b0p05__wd1e-04trmiss0_degmodglobal,44,0.5023145973682404,0.687757670879364,0.3888888888888889,0.6433251933251934,0.5384615384615384,0.0,0.5489647686481476,0.47964851558208466,0.05256237927824259,0.19050970673561096,0.0,0.0,0.0,0.0,0.0,18473,global,0.0
3,3,lr1e-04_bs16_drop0p2_temp1p0_a0p25_b0p05__wd1e-04trmiss0_degmodglobal,16,0.0001,0.0001,0.2,1.0,0.25,0.05,lr1e-04_bs16_drop0p2_temp1p0_a0p25_b0p05__wd1e-04trmiss0_degmodglobal,45,0.5107421055436134,0.687017023563385,0.41666666666666663,0.6500592000592001,0.5384615384615384,0.0,0.5223861485719681,0.4832385554909706,0.06983998417854309,0.20087111368775368,0.0,0.0,0.0,0.0,0.0,18473,global,0.0
3,3,lr1e-04_bs16_drop0p2_temp1p0_a0p25_b0p05__wd1e-04trmiss0_degmodglobal,16,0.0001,0.0001,0.2,1.0,0.25,0.05,lr1e-04_bs16_drop0p2_temp1p0_a0p25_b0p05__wd1e-04trmiss0_degmodglobal,46,0.5146414190530777,0.6860823631286621,0.41666666666666663,0.6500592000592001,0.5384615384615384,0.0,0.5125068575143814,0.48247388005256653,0.080077288672328,0.2429642342031002,0.0,0.0,0.0,0.0,0.0,18473,global,0.0
3,3,lr1e-04_bs16_drop0p2_temp1p0_a0p25_b0p05__wd1e-04trmiss0_degmodglobal,16,0.0001,0.0001,0.2,1.0,0.25,0.05,lr1e-04_bs16_drop0p2_temp1p0_a0p25_b0p05__wd1e-04trmiss0_degmodglobal,47,0.5120848789811134,0.6832015514373779,0.4444444444444444,0.6685777185777186,0.5384615384615384,0.0,0.5281375646591187,0.48926547169685364,0.059413567185401917,0.1593202594667673,0.0,0.0,0.0,0.0,0.0,18473,global,0.0
3,3,lr1e-04_bs16_drop0p2_temp1p0_a0p25_b0p05__wd1e-04trmiss0_degmodglobal,16,0.0001,0.0001,0.2,1.0,0.25,0.05,lr1e-04_bs16_drop0p2_temp1p0_a0p25_b0p05__wd1e-04trmiss0_degmodglobal,48,0.49559760838747025,0.686953067779541,0.41666666666666663,0.6500592000592001,0.5384615384615384,0.0,0.5031494200229645,0.46643175184726715,0.07146543823182583,0.22599000856280327,0.0,0.0,0.0,0.0,0.0,18473,global,0.0
3,3,lr1e-04_bs16_drop0p2_temp1p0_a0p25_b0p05__wd1e-04trmiss0_degmodglobal,16,0.0001,0.0001,0.2,1.0,0.25,0.05,lr1e-04_bs16_drop0p2_temp1p0_a0p25_b0p05__wd1e-04trmiss0_degmodglobal,49,0.4789373353123665,0.6868646740913391,0.41666666666666663,0.6500592000592001,0.5384615384615384,0.0,0.5255833566188812,0.45354393869638443,0.0627671955153346,0.19403167814016342,0.0,0.0,0.0,0.0,0.0,18473,global,0.0
3,3,lr1e-04_bs16_drop0p2_temp1p0_a0p25_b0p05__wd1e-04trmiss0_degmodglobal,16,0.0001,0.0001,0.2,1.0,0.25,0.05,lr1e-04_bs16_drop0p2_temp1p0_a0p25_b0p05__wd1e-04trmiss0_degmodglobal,50,0.5046222880482674,0.6867601275444031,0.41666666666666663,0.6500592000592001,0.5384615384615384,0.0,0.5358636453747749,0.47733597457408905,0.0664230864495039,0.21361109614372253,0.0,0.0,0.0,0.0,0.0,18473,global,0.0
3,3,lr1e-04_bs16_drop0p2_temp1p0_a0p25_b0p05__wd1e-04trmiss0_degmodglobal,16,0.0001,0.0001,0.2,1.0,0.25,0.05,lr1e-04_bs16_drop0p2_temp1p0_a0p25_b0p05__wd1e-04trmiss0_degmodglobal,51,0.5166876912117004,0.6862975358963013,0.41666666666666663,0.6500592000592001,0.5384615384615384,0.0,0.5156465768814087,0.4844677373766899,0.07650690153241158,0.26186471804976463,0.0,0.0,0.0,0.0,0.0,18473,global,0.0
3,3,lr1e-04_bs16_drop0p2_temp1p0_a0p25_b0p05__wd1e-04trmiss0_degmodglobal,16,0.0001,0.0001,0.2,1.0,0.25,0.05,lr1e-04_bs16_drop0p2_temp1p0_a0p25_b0p05__wd1e-04trmiss0_degmodglobal,52,0.4995810240507126,0.6860871911048889,0.41666666666666663,0.6500592000592001,0.5384615384615384,0.0,0.5278768017888069,0.4720979705452919,0.07124688662588596,0.19342680647969246,0.0,0.0,0.0,0.0,0.0,18473,global,0.0
3,3,lr1e-04_bs16_drop0p2_temp1p0_a0p25_b0p05__wd1e-04trmiss0_degmodglobal,16,0.0001,0.0001,0.2,1.0,0.25,0.05,lr1e-04_bs16_drop0p2_temp1p0_a0p25_b0p05__wd1e-04trmiss0_degmodglobal,53,0.5041774064302444,0.6907007694244385,0.41666666666666663,0.6500592000592001,0.5384615384615384,0.0,0.5595782697200775,0.4695093706250191,0.08556772395968437,0.26552191376686096,0.0,0.0,0.0,0.0,0.0,18473,global,0.0
3,3,lr1e-04_bs16_drop0p2_temp1p0_a0p25_b0p05__wd1e-04trmiss0_degmodglobal,16,0.0001,0.0001,0.2,1.0,0.25,0.05,lr1e-04_bs16_drop0p2_temp1p0_a0p25_b0p05__wd1e-04trmiss0_degmodglobal,54,0.5201435387134552,0.6896387338638306,0.41666666666666663,0.6500592000592001,0.5384615384615384,0.0,0.5028468817472458,0.49101125448942184,0.0782201774418354,0.19154458865523338,0.0,0.0,0.0,0.0,0.0,18473,global,0.0
3,3,lr1e-04_bs16_drop0p2_temp1p0_a0p25_b0p05__wd1e-04trmiss0_degmodglobal,16,0.0001,0.0001,0.2,1.0,0.25,0.05,lr1e-04_bs16_drop0p2_temp1p0_a0p25_b0p05__wd1e-04trmiss0_degmodglobal,55,0.4906400591135025,0.6876842975616455,0.41666666666666663,0.6500592000592001,0.5384615384615384,0.0,0.4994449317455292,0.46185439079999924,0.070370988920331,0.22385865449905396,0.0,0.0,0.0,0.0,0.0,18473,global,0.0
3,3,lr1e-04_bs16_drop0p2_temp1p0_a0p25_b0p05__wd1e-04trmiss0_degmodglobal,16,0.0001,0.0001,0.2,1.0,0.25,0.05,lr1e-04_bs16_drop0p2_temp1p0_a0p25_b0p05__wd1e-04trmiss0_degmodglobal,56,0.49610933661460876,0.6891328692436218,0.41666666666666663,0.6500592000592001,0.5384615384615384,0.0,0.4920671433210373,0.4637656584382057,0.07645971700549126,0.2645747475326061,0.0,0.0,0.0,0.0,0.0,18473,global,0.0
3,3,lr1e-04_bs16_drop0p2_temp1p0_a0p25_b0p05__wd1e-04trmiss0_degmodglobal,16,0.0001,0.0001,0.2,1.0,0.25,0.05,lr1e-04_bs16_drop0p2_temp1p0_a0p25_b0p05__wd1e-04trmiss0_degmodglobal,57,0.511137068271637,0.6882821917533875,0.41666666666666663,0.6500592000592001,0.5384615384615384,0.0,0.492074154317379,0.47631651908159256,0.08806026354432106,0.25610998272895813,0.0,0.0,0.0,0.0,0.0,18473,global,0.0
3,3,lr1e-04_bs16_drop0p2_temp1p0_a0p25_b0p05__wd1e-04trmiss0_degmodglobal,16,0.0001,0.0001,0.2,1.0,0.25,0.05,lr1e-04_bs16_drop0p2_temp1p0_a0p25_b0p05__wd1e-04trmiss0_degmodglobal,58,0.5307705625891685,0.6919427514076233,0.41666666666666663,0.6500592000592001,0.5384615384615384,0.0,0.531753234565258,0.5002792775630951,0.07073605433106422,0.2561456523835659,0.0,0.0,0.0,0.0,0.0,18473,global,0.0
3,3,lr1e-04_bs16_drop0p2_temp1p0_a0p25_b0p05__wd1e-04trmiss0_degmodglobal,16,0.0001,0.0001,0.2,1.0,0.25,0.05,lr1e-04_bs16_drop0p2_temp1p0_a0p25_b0p05__wd1e-04trmiss0_degmodglobal,59,0.48550237715244293,0.6892929077148438,0.41666666666666663,0.6500592000592001,0.5384615384615384,0.0,0.4719542935490608,0.4578625187277794,0.06729607563465834,0.21631674468517303,0.0,0.0,0.0,0.0,0.0,18473,global,0.0
3,3,lr1e-04_bs16_drop0p2_temp1p0_a0p25_b0p05__wd1e-04trmiss0_degmodglobal,16,0.0001,0.0001,0.2,1.0,0.25,0.05,lr1e-04_bs16_drop0p2_temp1p0_a0p25_b0p05__wd1e-04trmiss0_degmodglobal,60,0.5047685205936432,0.6873698830604553,0.41666666666666663,0.6500592000592001,0.5384615384615384,0.0,0.47610943019390106,0.4671022966504097,0.09380638599395752,0.2842925749719143,0.0,0.0,0.0,0.0,0.0,18473,global,0.0
3,3,lr1e-04_bs16_drop0p2_temp1p0_a0p25_b0p05__wd1e-04trmiss0_degmodglobal,16,0.0001,0.0001,0.2,1.0,0.25,0.05,lr1e-04_bs16_drop0p2_temp1p0_a0p25_b0p05__wd1e-04trmiss0_degmodglobal,61,0.5169327259063721,0.6849180459976196,0.41666666666666663,0.6500592000592001,0.5384615384615384,0.0,0.48098093271255493,0.4848736748099327,0.08400234207510948,0.22116925194859505,0.0,0.0,0.0,0.0,0.0,18473,global,0.0
3,3,lr1e-04_bs16_drop0p2_temp1p0_a0p25_b0p05__wd1e-04trmiss0_degmodglobal,16,0.0001,0.0001,0.2,1.0,0.25,0.05,lr1e-04_bs16_drop0p2_temp1p0_a0p25_b0p05__wd1e-04trmiss0_degmodglobal,62,0.5141499415040016,0.6861686706542969,0.41666666666666663,0.6500592000592001,0.5384615384615384,0.0,0.5128702968358994,0.4840191379189491,0.08231895603239536,0.19102085009217262,0.0,0.0,0.0,0.0,0.0,18473,global,0.0
3,3,lr1e-04_bs16_drop0p2_temp1p0_a0p25_b0p05__wd1e-04trmiss0_degmodglobal,16,0.0001,0.0001,0.2,1.0,0.25,0.05,lr1e-04_bs16_drop0p2_temp1p0_a0p25_b0p05__wd1e-04trmiss0_degmodglobal,63,0.49051031470298767,0.6864737272262573,0.41666666666666663,0.6500592000592001,0.5384615384615384,0.0,0.4894864186644554,0.4651528522372246,0.06453055003657937,0.1844965247437358,0.0,0.0,0.0,0.0,0.0,18473,global,0.0
3,3,lr1e-04_bs16_drop0p2_temp1p0_a0p25_b0p05__wd1e-04trmiss0_degmodglobal,16,0.0001,0.0001,0.2,1.0,0.25,0.05,lr1e-04_bs16_drop0p2_temp1p0_a0p25_b0p05__wd1e-04trmiss0_degmodglobal,64,0.5109316259622574,0.6862646341323853,0.41666666666666663,0.6500592000592001,0.5384615384615384,0.0,0.4796532988548279,0.4740614667534828,0.10100150853395462,0.23239581286907196,0.0,0.0,0.0,0.0,0.0,18473,global,0.0
3,3,lr1e-04_bs16_drop0p2_temp1p0_a0p25_b0p05__wd1e-04trmiss0_degmodglobal,16,0.0001,0.0001,0.2,1.0,0.25,0.05,lr1e-04_bs16_drop0p2_temp1p0_a0p25_b0p05__wd1e-04trmiss0_degmodglobal,65,0.5124582797288895,0.6854293942451477,0.41666666666666663,0.6500592000592001,0.5384615384615384,0.0,0.4801209345459938,0.48068971931934357,0.07868378236889839,0.24195241928100586,0.0,0.0,0.0,0.0,0.0,18473,global,0.0
3,3,lr1e-04_bs16_drop0p2_temp1p0_a0p25_b0p05__wd1e-04trmiss0_degmodglobal,16,0.0001,0.0001,0.2,1.0,0.25,0.05,lr1e-04_bs16_drop0p2_temp1p0_a0p25_b0p05__wd1e-04trmiss0_degmodglobal,66,0.5066722258925438,0.6836549639701843,0.41666666666666663,0.6500592000592001,0.5384615384615384,0.0,0.5213307365775108,0.47840750217437744,0.07655361294746399,0.18252626061439514,0.0,0.0,0.0,0.0,0.0,18473,global,0.0
3,3,lr1e-04_bs16_drop0p2_temp1p0_a0p25_b0p05__wd1e-04trmiss0_degmodglobal,16,0.0001,0.0001,0.2,1.0,0.25,0.05,lr1e-04_bs16_drop0p2_temp1p0_a0p25_b0p05__wd1e-04trmiss0_degmodglobal,67,0.49655071645975113,0.6831015944480896,0.41666666666666663,0.6500592000592001,0.5384615384615384,0.0,0.4663923308253288,0.46104683727025986,0.09182318113744259,0.2509617246687412,0.0,0.0,0.0,0.0,0.0,18473,global,0.0
3,3,lr1e-04_bs16_drop0p2_temp2p0_a0p25_b0p05__wd1e-04trmiss0_degmodglobal,16,0.0001,0.0001,0.2,2.0,0.25,0.05,lr1e-04_bs16_drop0p2_temp2p0_a0p25_b0p05__wd1e-04trmiss0_degmodglobal,1,0.7219549864530563,0.6749407052993774,0.5,0.7583213083213083,0.6153846153846154,0.0,0.6756241321563721,0.7035425007343292,0.05479731550440192,0.09426302555948496,0.0,0.0,0.0,0.0,0.0,18473,global,0.0
3,3,lr1e-04_bs16_drop0p2_temp2p0_a0p25_b0p05__wd1e-04trmiss0_degmodglobal,16,0.0001,0.0001,0.2,2.0,0.25,0.05,lr1e-04_bs16_drop0p2_temp2p0_a0p25_b0p05__wd1e-04trmiss0_degmodglobal,2,0.6600596159696579,0.6697041392326355,0.5,0.7583213083213083,0.6153846153846154,0.0,0.6611105054616928,0.6439651101827621,0.047853424213826656,0.08262293320149183,0.0,0.0,0.0,0.0,0.0,18473,global,0.0
3,3,lr1e-04_bs16_drop0p2_temp2p0_a0p25_b0p05__wd1e-04trmiss0_degmodglobal,16,0.0001,0.0001,0.2,2.0,0.25,0.05,lr1e-04_bs16_drop0p2_temp2p0_a0p25_b0p05__wd1e-04trmiss0_degmodglobal,3,0.6520837247371674,0.6642811298370361,0.5,0.7583213083213083,0.6153846153846154,0.0,0.6405878961086273,0.6310994625091553,0.06125710532069206,0.1134000662714243,0.0,0.0,0.0,0.0,0.0,18473,global,0.0
3,3,lr1e-04_bs16_drop0p2_temp2p0_a0p25_b0p05__wd1e-04trmiss0_degmodglobal,16,0.0001,0.0001,0.2,2.0,0.25,0.05,lr1e-04_bs16_drop0p2_temp2p0_a0p25_b0p05__wd1e-04trmiss0_degmodglobal,4,0.6228132396936417,0.6570268869400024,0.5,0.7583213083213083,0.6923076923076923,0.0,0.6146610230207443,0.602161094546318,0.06296915747225285,0.09819674491882324,0.0,0.0,0.0,0.0,0.0,18473,global,0.0
3,3,lr1e-04_bs16_drop0p2_temp2p0_a0p25_b0p05__wd1e-04trmiss0_degmodglobal,16,0.0001,0.0001,0.2,2.0,0.25,0.05,lr1e-04_bs16_drop0p2_temp2p0_a0p25_b0p05__wd1e-04trmiss0_degmodglobal,5,0.6286442428827286,0.6564468741416931,0.5,0.7583213083213083,0.6153846153846154,0.0,0.6021836698055267,0.6032900214195251,0.07411140203475952,0.13652760908007622,0.0,0.0,0.0,0.0,0.0,18473,global,0.0
3,3,lr1e-04_bs16_drop0p2_temp2p0_a0p25_b0p05__wd1e-04trmiss0_degmodglobal,16,0.0001,0.0001,0.2,2.0,0.25,0.05,lr1e-04_bs16_drop0p2_temp2p0_a0p25_b0p05__wd1e-04trmiss0_degmodglobal,6,0.6126021891832352,0.6534422039985657,0.5,0.7583213083213083,0.6153846153846154,0.0,0.6132995039224625,0.5735746473073959,0.10898568667471409,0.23562244698405266,0.0,0.0,0.0,0.0,0.0,18473,global,0.0
3,3,lr1e-04_bs16_drop0p2_temp2p0_a0p25_b0p05__wd1e-04trmiss0_degmodglobal,16,0.0001,0.0001,0.2,2.0,0.25,0.05,lr1e-04_bs16_drop0p2_temp2p0_a0p25_b0p05__wd1e-04trmiss0_degmodglobal,7,0.6138352751731873,0.642264187335968,0.5277777777777778,0.7749879749879751,0.6923076923076923,0.0,0.5813390910625458,0.5819322466850281,0.09465838223695755,0.16476851888000965,0.0,0.0,0.0,0.0,0.0,18473,global,0.0
3,3,lr1e-04_bs16_drop0p2_temp2p0_a0p25_b0p05__wd1e-04trmiss0_degmodglobal,16,0.0001,0.0001,0.2,2.0,0.25,0.05,lr1e-04_bs16_drop0p2_temp2p0_a0p25_b0p05__wd1e-04trmiss0_degmodglobal,8,0.5976392775774002,0.6381625533103943,0.5277777777777778,0.7928451178451179,0.6923076923076923,0.0,0.5683941394090652,0.5758855640888214,0.06661912146955729,0.10197845194488764,0.0,0.0,0.0,0.0,0.0,18473,global,0.0
3,3,lr1e-04_bs16_drop0p2_temp2p0_a0p25_b0p05__wd1e-04trmiss0_degmodglobal,16,0.0001,0.0001,0.2,2.0,0.25,0.05,lr1e-04_bs16_drop0p2_temp2p0_a0p25_b0p05__wd1e-04trmiss0_degmodglobal,9,0.5878307074308395,0.6366511583328247,0.5277777777777778,0.7749879749879751,0.6923076923076923,0.0,0.5375887304544449,0.5595779567956924,0.0815211869776249,0.1574488878250122,0.0,0.0,0.0,0.0,0.0,18473,global,0.0
3,3,lr1e-04_bs16_drop0p2_temp2p0_a0p25_b0p05__wd1e-04trmiss0_degmodglobal,16,0.0001,0.0001,0.2,2.0,0.25,0.05,lr1e-04_bs16_drop0p2_temp2p0_a0p25_b0p05__wd1e-04trmiss0_degmodglobal,10,0.5708988457918167,0.6311217546463013,0.5833333333333333,0.8175805675805676,0.6923076923076923,0.0,0.5620495826005936,0.5460792481899261,0.07292168401181698,0.131784088909626,0.0,0.0,0.0,0.0,0.0,18473,global,0.0
3,3,lr1e-04_bs16_drop0p2_temp2p0_a0p25_b0p05__wd1e-04trmiss0_degmodglobal,16,0.0001,0.0001,0.2,2.0,0.25,0.05,lr1e-04_bs16_drop0p2_temp2p0_a0p25_b0p05__wd1e-04trmiss0_degmodglobal,11,0.5816336125135422,0.6399710774421692,0.6944444444444444,0.860614077280744,0.6153846153846154,0.0,0.5540726184844971,0.5542196929454803,0.08479930367320776,0.12428180687129498,0.0,0.0,0.0,0.0,0.0,18473,global,0.0
3,3,lr1e-04_bs16_drop0p2_temp2p0_a0p25_b0p05__wd1e-04trmiss0_degmodglobal,16,0.0001,0.0001,0.2,2.0,0.25,0.05,lr1e-04_bs16_drop0p2_temp2p0_a0p25_b0p05__wd1e-04trmiss0_degmodglobal,12,0.5594622045755386,0.638988196849823,0.6388888888888888,0.8400673400673402,0.6153846153846154,0.0,0.5274425372481346,0.5270796194672585,0.09923769161105156,0.15146344527602196,0.0,0.0,0.0,0.0,0.0,18473,global,0.0
3,3,lr1e-04_bs16_drop0p2_temp2p0_a0p25_b0p05__wd1e-04trmiss0_degmodglobal,16,0.0001,0.0001,0.2,2.0,0.25,0.05,lr1e-04_bs16_drop0p2_temp2p0_a0p25_b0p05__wd1e-04trmiss0_degmodglobal,13,0.6027573645114899,0.6451148986816406,0.6944444444444444,0.860614077280744,0.6153846153846154,0.0,0.5419110208749771,0.5794217884540558,0.07125573512166739,0.11043282970786095,0.0,0.0,0.0,0.0,0.0,18473,global,0.0
3,3,lr1e-04_bs16_drop0p2_temp2p0_a0p25_b0p05__wd1e-04trmiss0_degmodglobal,16,0.0001,0.0001,0.2,2.0,0.25,0.05,lr1e-04_bs16_drop0p2_temp2p0_a0p25_b0p05__wd1e-04trmiss0_degmodglobal,14,0.568204253911972,0.645461916923523,0.6944444444444444,0.860614077280744,0.6153846153846154,0.0,0.5143954232335091,0.5391697883605957,0.08864032477140427,0.1374875959008932,0.0,0.0,0.0,0.0,0.0,18473,global,0.0
3,3,lr1e-04_bs16_drop0p2_temp2p0_a0p25_b0p05__wd1e-04trmiss0_degmodglobal,16,0.0001,0.0001,0.2,2.0,0.25,0.05,lr1e-04_bs16_drop0p2_temp2p0_a0p25_b0p05__wd1e-04trmiss0_degmodglobal,15,0.5583534687757492,0.6409481763839722,0.6111111111111112,0.8466200466200469,0.6153846153846154,0.0,0.5157931447029114,0.5268004238605499,0.09505555406212807,0.15578279085457325,0.0,0.0,0.0,0.0,0.0,18473,global,0.0
3,3,lr1e-04_bs16_drop0p2_temp2p0_a0p25_b0p05__wd1e-04trmiss0_degmodglobal,16,0.0001,0.0001,0.2,2.0,0.25,0.05,lr1e-04_bs16_drop0p2_temp2p0_a0p25_b0p05__wd1e-04trmiss0_degmodglobal,16,0.5685891211032867,0.638867974281311,0.5,0.7864348614348615,0.6923076923076923,0.0,0.5392121821641922,0.5402148962020874,0.08097702637314796,0.1625991240143776,0.0,0.0,0.0,0.0,0.0,18473,global,0.0
3,3,lr1e-04_bs16_drop0p2_temp2p0_a0p25_b0p05__wd1e-04trmiss0_degmodglobal,16,0.0001,0.0001,0.2,2.0,0.25,0.05,lr1e-04_bs16_drop0p2_temp2p0_a0p25_b0p05__wd1e-04trmiss0_degmodglobal,17,0.5369518995285034,0.6312697529792786,0.5277777777777778,0.7833925333925336,0.6923076923076923,0.0,0.5138676315546036,0.5107855722308159,0.08216962404549122,0.11247846949845552,0.0,0.0,0.0,0.0,0.0,18473,global,0.0
3,3,lr1e-04_bs16_drop0p2_temp2p0_a0p25_b0p05__wd1e-04trmiss0_degmodglobal,16,0.0001,0.0001,0.2,2.0,0.25,0.05,lr1e-04_bs16_drop0p2_temp2p0_a0p25_b0p05__wd1e-04trmiss0_degmodglobal,18,0.5786758214235306,0.6322536468505859,0.5833333333333334,0.8243978243978245,0.6923076923076923,0.0,0.5173048451542854,0.5475123226642609,0.09222068078815937,0.16216657869517803,0.0,0.0,0.0,0.0,0.0,18473,global,0.0
3,3,lr1e-04_bs16_drop0p2_temp2p0_a0p25_b0p05__wd1e-04trmiss0_degmodglobal,16,0.0001,0.0001,0.2,2.0,0.25,0.05,lr1e-04_bs16_drop0p2_temp2p0_a0p25_b0p05__wd1e-04trmiss0_degmodglobal,19,0.5250794142484665,0.6275030374526978,0.6111111111111112,0.8336570836570838,0.6923076923076923,0.0,0.5032134279608727,0.4941495507955551,0.09305799379944801,0.15330741740763187,0.0,0.0,0.0,0.0,0.0,18473,global,0.0
3,3,lr1e-04_bs16_drop0p2_temp2p0_a0p25_b0p05__wd1e-04trmiss0_degmodglobal,16,0.0001,0.0001,0.2,2.0,0.25,0.05,lr1e-04_bs16_drop0p2_temp2p0_a0p25_b0p05__wd1e-04trmiss0_degmodglobal,20,0.5429721027612686,0.6247642636299133,0.6111111111111112,0.8336570836570838,0.6923076923076923,0.0,0.4926970526576042,0.5165766626596451,0.07811248861253262,0.13734627049416304,0.0,0.0,0.0,0.0,0.0,18473,global,0.0
3,3,lr1e-04_bs16_drop0p2_temp2p0_a0p25_b0p05__wd1e-04trmiss0_degmodglobal,16,0.0001,0.0001,0.2,2.0,0.25,0.05,lr1e-04_bs16_drop0p2_temp2p0_a0p25_b0p05__wd1e-04trmiss0_degmodglobal,21,0.5808935388922691,0.6222638487815857,0.6388888888888888,0.8422990589657258,0.6923076923076923,0.0,0.5537953972816467,0.5535586029291153,0.07875444181263447,0.15292630158364773,0.0,0.0,0.0,0.0,0.0,18473,global,0.0
3,3,lr1e-04_bs16_drop0p2_temp2p0_a0p25_b0p05__wd1e-04trmiss0_degmodglobal,16,0.0001,0.0001,0.2,2.0,0.25,0.05,lr1e-04_bs16_drop0p2_temp2p0_a0p25_b0p05__wd1e-04trmiss0_degmodglobal,22,0.5264281183481216,0.6190715432167053,0.6666666666666666,0.8542038208704876,0.6923076923076923,0.0,0.5124517977237701,0.500336267054081,0.08462922088801861,0.09869102202355862,0.0,0.0,0.0,0.0,0.0,18473,global,0.0
3,3,lr1e-04_bs16_drop0p2_temp2p0_a0p25_b0p05__wd1e-04trmiss0_degmodglobal,16,0.0001,0.0001,0.2,2.0,0.25,0.05,lr1e-04_bs16_drop0p2_temp2p0_a0p25_b0p05__wd1e-04trmiss0_degmodglobal,23,0.5489345490932465,0.6273545622825623,0.6666666666666667,0.8645212811879479,0.6923076923076923,0.0,0.5046626403927803,0.5191167891025543,0.08769010566174984,0.15790463984012604,0.0,0.0,0.0,0.0,0.0,18473,global,0.0
3,3,lr1e-04_bs16_drop0p2_temp2p0_a0p25_b0p05__wd1e-04trmiss0_degmodglobal,16,0.0001,0.0001,0.2,2.0,0.25,0.05,lr1e-04_bs16_drop0p2_temp2p0_a0p25_b0p05__wd1e-04trmiss0_degmodglobal,24,0.5257000923156738,0.6253537535667419,0.6666666666666667,0.8645212811879479,0.6923076923076923,0.0,0.49201954901218414,0.49888477474451065,0.08573922887444496,0.10761009156703949,0.0,0.0,0.0,0.0,0.0,18473,global,0.0
3,3,lr1e-04_bs16_drop0p2_temp2p0_a0p25_b0p05__wd1e-04trmiss0_degmodglobal,16,0.0001,0.0001,0.2,2.0,0.25,0.05,lr1e-04_bs16_drop0p2_temp2p0_a0p25_b0p05__wd1e-04trmiss0_degmodglobal,25,0.5515981614589691,0.625035285949707,0.6388888888888888,0.8512937679604347,0.6923076923076923,0.0,0.4816390872001648,0.5194399058818817,0.09914712235331535,0.14743011817336082,0.0,0.0,0.0,0.0,0.0,18473,global,0.0
3,3,lr1e-04_bs16_drop0p2_temp2p0_a0p25_b0p05__wd1e-04trmiss0_degmodglobal,16,0.0001,0.0001,0.2,2.0,0.25,0.05,lr1e-04_bs16_drop0p2_temp2p0_a0p25_b0p05__wd1e-04trmiss0_degmodglobal,26,0.550797276198864,0.6198636293411255,0.6944444444444444,0.8764260430927098,0.6923076923076923,0.0,0.5380124226212502,0.5214084833860397,0.09312616661190987,0.12214497127570212,0.0,0.0,0.0,0.0,0.0,18473,global,0.0
3,3,lr1e-04_bs16_drop0p2_temp2p0_a0p25_b0p05__wd1e-04trmiss0_degmodglobal,16,0.0001,0.0001,0.2,2.0,0.25,0.05,lr1e-04_bs16_drop0p2_temp2p0_a0p25_b0p05__wd1e-04trmiss0_degmodglobal,27,0.5224356651306152,0.6198012232780457,0.6944444444444444,0.8764260430927098,0.6923076923076923,0.0,0.4750586599111557,0.4943333938717842,0.085793636739254,0.1330771390348673,0.0,0.0,0.0,0.0,0.0,18473,global,0.0
3,3,lr1e-04_bs16_drop0p2_temp2p0_a0p25_b0p05__wd1e-04trmiss0_degmodglobal,16,0.0001,0.0001,0.2,2.0,0.25,0.05,lr1e-04_bs16_drop0p2_temp2p0_a0p25_b0p05__wd1e-04trmiss0_degmodglobal,28,0.5188969522714615,0.6220963001251221,0.6944444444444444,0.8764260430927098,0.6923076923076923,0.0,0.48433177173137665,0.4895886704325676,0.08801735937595367,0.14607900753617287,0.0,0.0,0.0,0.0,0.0,18473,global,0.0
3,3,lr1e-04_bs16_drop0p2_temp2p0_a0p25_b0p05__wd1e-04trmiss0_degmodglobal,16,0.0001,0.0001,0.2,2.0,0.25,0.05,lr1e-04_bs16_drop0p2_temp2p0_a0p25_b0p05__wd1e-04trmiss0_degmodglobal,29,0.5061073452234268,0.6205824613571167,0.75,0.9108175774842442,0.6923076923076923,0.0,0.4856663644313812,0.46863899379968643,0.1108038853853941,0.1953475009649992,0.0,0.0,0.0,0.0,0.0,18473,global,0.0
3,3,lr1e-04_bs16_drop0p2_temp2p0_a0p25_b0p05__wd1e-04trmiss0_degmodglobal,16,0.0001,0.0001,0.2,2.0,0.25,0.05,lr1e-04_bs16_drop0p2_temp2p0_a0p25_b0p05__wd1e-04trmiss0_degmodglobal,30,0.5003632158041,0.6156237721443176,0.6944444444444444,0.8764260430927098,0.6923076923076923,0.0,0.46715542674064636,0.4702184423804283,0.10003886744379997,0.10270106047391891,0.0,0.0,0.0,0.0,0.0,18473,global,0.0
3,3,lr1e-04_bs16_drop0p2_temp2p0_a0p25_b0p05__wd1e-04trmiss0_degmodglobal,16,0.0001,0.0001,0.2,2.0,0.25,0.05,lr1e-04_bs16_drop0p2_temp2p0_a0p25_b0p05__wd1e-04trmiss0_degmodglobal,31,0.5333594381809235,0.6126924753189087,0.6944444444444444,0.8764260430927098,0.6923076923076923,0.0,0.48613135516643524,0.5026286318898201,0.10042778961360455,0.11247741058468819,0.0,0.0,0.0,0.0,0.0,18473,global,0.0
3,3,lr1e-04_bs16_drop0p2_temp2p0_a0p25_b0p05__wd1e-04trmiss0_degmodglobal,16,0.0001,0.0001,0.2,2.0,0.25,0.05,lr1e-04_bs16_drop0p2_temp2p0_a0p25_b0p05__wd1e-04trmiss0_degmodglobal,32,0.5025162696838379,0.6128483414649963,0.6944444444444444,0.8764260430927098,0.6923076923076923,0.0,0.4788879156112671,0.46971533447504044,0.1004016064107418,0.15401063114404678,0.0,0.0,0.0,0.0,0.0,18473,global,0.0
3,3,lr1e-04_bs16_drop0p2_temp2p0_a0p25_b0p05__wd1e-04trmiss0_degmodglobal,16,0.0001,0.0001,0.2,2.0,0.25,0.05,lr1e-04_bs16_drop0p2_temp2p0_a0p25_b0p05__wd1e-04trmiss0_degmodglobal,33,0.511347196996212,0.6132953763008118,0.6944444444444444,0.8764260430927098,0.6923076923076923,0.0,0.4701825976371765,0.4842439144849777,0.08066706452518702,0.1387301729992032,0.0,0.0,0.0,0.0,0.0,18473,global,0.0
3,3,lr1e-04_bs16_drop0p2_temp2p0_a0p25_b0p05__wd1e-04trmiss0_degmodglobal,16,0.0001,0.0001,0.2,2.0,0.25,0.05,lr1e-04_bs16_drop0p2_temp2p0_a0p25_b0p05__wd1e-04trmiss0_degmodglobal,34,0.5510853081941605,0.6210389733314514,0.6944444444444444,0.8764260430927098,0.6923076923076923,0.0,0.4709475189447403,0.5171361863613129,0.10341238789260387,0.16192074865102768,0.0,0.0,0.0,0.0,0.0,18473,global,0.0
3,3,lr1e-04_bs16_drop0p2_temp2p0_a0p25_b0p05__wd1e-04trmiss0_degmodglobal,16,0.0001,0.0001,0.2,2.0,0.25,0.05,lr1e-04_bs16_drop0p2_temp2p0_a0p25_b0p05__wd1e-04trmiss0_degmodglobal,35,0.5327499508857727,0.6198920011520386,0.7222222222222222,0.8949445616112284,0.6923076923076923,0.0,0.4897106736898422,0.4929242953658104,0.12193234823644161,0.18685143813490868,0.0,0.0,0.0,0.0,0.0,18473,global,0.0
3,3,lr1e-04_bs16_drop0p2_temp2p0_a0p25_b0p05__wd1e-04trmiss0_degmodglobal,16,0.0001,0.0001,0.2,2.0,0.25,0.05,lr1e-04_bs16_drop0p2_temp2p0_a0p25_b0p05__wd1e-04trmiss0_degmodglobal,36,0.5199572443962097,0.617941677570343,0.6388888888888888,0.8512937679604347,0.6923076923076923,0.0,0.4853399470448494,0.48723502457141876,0.10542515106499195,0.12731902673840523,0.0,0.0,0.0,0.0,0.0,18473,global,0.0
3,3,lr1e-04_bs16_drop0p2_temp2p0_a0p25_b0p05__wd1e-04trmiss0_degmodglobal,16,0.0001,0.0001,0.2,2.0,0.25,0.05,lr1e-04_bs16_drop0p2_temp2p0_a0p25_b0p05__wd1e-04trmiss0_degmodglobal,37,0.522423192858696,0.6157137155532837,0.6388888888888888,0.8512937679604347,0.6923076923076923,0.0,0.48981423676013947,0.49706490337848663,0.08250793162733316,0.09462593076750636,0.0,0.0,0.0,0.0,0.0,18473,global,0.0
3,3,lr1e-04_bs16_drop0p2_temp2p0_a0p25_b0p05__wd1e-04trmiss0_degmodglobal,16,0.0001,0.0001,0.2,2.0,0.25,0.05,lr1e-04_bs16_drop0p2_temp2p0_a0p25_b0p05__wd1e-04trmiss0_degmodglobal,38,0.521565817296505,0.6184252500534058,0.6666666666666667,0.8645212811879479,0.6923076923076923,0.0,0.4758348613977432,0.4881269261240959,0.10324962064623833,0.15252980217337608,0.0,0.0,0.0,0.0,0.0,18473,global,0.0
3,3,lr1e-04_bs16_drop0p2_temp2p0_a0p25_b0p05__wd1e-04trmiss0_degmodglobal,16,0.0001,0.0001,0.2,2.0,0.25,0.05,lr1e-04_bs16_drop0p2_temp2p0_a0p25_b0p05__wd1e-04trmiss0_degmodglobal,39,0.5081228017807007,0.622538685798645,0.6666666666666666,0.8542038208704876,0.6923076923076923,0.0,0.4684588313102722,0.4845305308699608,0.07571022910997272,0.09329444542527199,0.0,0.0,0.0,0.0,0.0,18473,global,0.0
3,3,lr1e-04_bs16_drop0p2_temp2p0_a0p25_b0p05__wd1e-04trmiss0_degmodglobal,16,0.0001,0.0001,0.2,2.0,0.25,0.05,lr1e-04_bs16_drop0p2_temp2p0_a0p25_b0p05__wd1e-04trmiss0_degmodglobal,40,0.49544353038072586,0.6210398077964783,0.6388888888888888,0.8422990589657258,0.6923076923076923,0.0,0.4577842205762863,0.4600626528263092,0.1157474797219038,0.12888013385236263,0.0,0.0,0.0,0.0,0.0,18473,global,0.0
3,3,lr1e-04_bs16_drop0p2_temp2p0_a0p25_b0p05__wd1e-04trmiss0_degmodglobal,16,0.0001,0.0001,0.2,2.0,0.25,0.05,lr1e-04_bs16_drop0p2_temp2p0_a0p25_b0p05__wd1e-04trmiss0_degmodglobal,41,0.5008872896432877,0.6169248819351196,0.6944444444444444,0.8830397997064665,0.6923076923076923,0.0,0.46251410990953445,0.46456294506788254,0.11596056446433067,0.1466840859502554,0.0,0.0,0.0,0.0,0.0,18473,global,0.0
3,3,lr1e-04_bs16_drop0p2_temp2p0_a0p25_b0p05__wd1e-04trmiss0_degmodglobal,16,0.0001,0.0001,0.2,2.0,0.25,0.05,lr1e-04_bs16_drop0p2_temp2p0_a0p25_b0p05__wd1e-04trmiss0_degmodglobal,42,0.48423604667186737,0.6148732304573059,0.6666666666666667,0.8645212811879479,0.6923076923076923,0.0,0.45293596386909485,0.4536723271012306,0.09437129460275173,0.13941816613078117,0.0,0.0,0.0,0.0,0.0,18473,global,0.0
3,3,lr1e-04_bs16_drop0p2_temp2p0_a0p25_b0p05__wd1e-04trmiss0_degmodglobal,16,0.0001,0.0001,0.2,2.0,0.25,0.05,lr1e-04_bs16_drop0p2_temp2p0_a0p25_b0p05__wd1e-04trmiss0_degmodglobal,43,0.5106059014797211,0.6127711534500122,0.6666666666666667,0.8645212811879479,0.6923076923076923,0.0,0.45227769017219543,0.4767586886882782,0.10757822543382645,0.13905291631817818,0.0,0.0,0.0,0.0,0.0,18473,global,0.0
3,3,lr1e-04_bs16_drop0p2_temp2p0_a0p25_b0p05__wd1e-04trmiss0_degmodglobal,16,0.0001,0.0001,0.2,2.0,0.25,0.05,lr1e-04_bs16_drop0p2_temp2p0_a0p25_b0p05__wd1e-04trmiss0_degmodglobal,44,0.5005562156438828,0.6083449125289917,0.6944444444444444,0.8764260430927098,0.6923076923076923,0.0,0.46416809409856796,0.46299028396606445,0.1167790237814188,0.1674235900864005,0.0,0.0,0.0,0.0,0.0,18473,global,0.0
3,3,lr1e-04_bs16_drop0p2_temp2p0_a0p25_b0p05__wd1e-04trmiss0_degmodglobal,16,0.0001,0.0001,0.2,2.0,0.25,0.05,lr1e-04_bs16_drop0p2_temp2p0_a0p25_b0p05__wd1e-04trmiss0_degmodglobal,45,0.4918604865670204,0.6105772256851196,0.6666666666666667,0.8645212811879479,0.6923076923076923,0.0,0.4431520476937294,0.4527210146188736,0.11594000831246376,0.2030892837792635,0.0,0.0,0.0,0.0,0.0,18473,global,0.0
3,3,lr1e-04_bs16_drop0p2_temp2p0_a0p25_b0p05__wd1e-04trmiss0_degmodglobal,16,0.0001,0.0001,0.2,2.0,0.25,0.05,lr1e-04_bs16_drop0p2_temp2p0_a0p25_b0p05__wd1e-04trmiss0_degmodglobal,46,0.49889203161001205,0.6114426851272583,0.6666666666666667,0.8645212811879479,0.6923076923076923,0.0,0.41797489672899246,0.4671791046857834,0.10073687322437763,0.13057448528707027,0.0,0.0,0.0,0.0,0.0,18473,global,0.0
3,3,lr1e-04_bs16_drop0p2_temp2p0_a0p25_b0p05__wd1e-04trmiss0_degmodglobal,16,0.0001,0.0001,0.2,2.0,0.25,0.05,lr1e-04_bs16_drop0p2_temp2p0_a0p25_b0p05__wd1e-04trmiss0_degmodglobal,47,0.49127114564180374,0.6080619692802429,0.6944444444444444,0.8764260430927098,0.6923076923076923,0.0,0.4181230291724205,0.4513627141714096,0.12986017018556595,0.14886793121695518,0.0,0.0,0.0,0.0,0.0,18473,global,0.0
3,3,lr1e-04_bs16_drop0p2_temp2p0_a0p25_b0p05__wd1e-04trmiss0_degmodglobal,16,0.0001,0.0001,0.2,2.0,0.25,0.05,lr1e-04_bs16_drop0p2_temp2p0_a0p25_b0p05__wd1e-04trmiss0_degmodglobal,48,0.4992365539073944,0.6067730188369751,0.6666666666666667,0.8645212811879479,0.6923076923076923,0.0,0.4291510507464409,0.4655321016907692,0.10915685258805752,0.1283048465847969,0.0,0.0,0.0,0.0,0.0,18473,global,0.0
3,3,lr1e-04_bs16_drop0p2_temp2p0_a0p25_b0p05__wd1e-04trmiss0_degmodglobal,16,0.0001,0.0001,0.2,2.0,0.25,0.05,lr1e-04_bs16_drop0p2_temp2p0_a0p25_b0p05__wd1e-04trmiss0_degmodglobal,49,0.5174427852034569,0.6083481311798096,0.6666666666666667,0.8645212811879479,0.6923076923076923,0.0,0.4181756377220154,0.47544413805007935,0.13311369344592094,0.17440443485975266,0.0,0.0,0.0,0.0,0.0,18473,global,0.0
3,3,lr1e-04_bs16_drop0p4_temp1p0_a0p25_b0p05__wd1e-04trmiss0_degmodglobal,16,0.0001,0.0001,0.4,1.0,0.25,0.05,lr1e-04_bs16_drop0p4_temp1p0_a0p25_b0p05__wd1e-04trmiss0_degmodglobal,1,0.728408932685852,0.6523712277412415,0.6944444444444444,0.8863025863025864,0.6153846153846154,0.0,0.6428093463182449,0.6944473534822464,0.08472339436411858,0.25561398640275,0.0,0.0,0.0,0.0,0.0,18473,global,0.0
3,3,lr1e-04_bs16_drop0p4_temp1p0_a0p25_b0p05__wd1e-04trmiss0_degmodglobal,16,0.0001,0.0001,0.4,1.0,0.25,0.05,lr1e-04_bs16_drop0p4_temp1p0_a0p25_b0p05__wd1e-04trmiss0_degmodglobal,2,0.7131077349185944,0.654210090637207,0.6388888888888888,0.8422990589657258,0.6153846153846154,0.0,0.6296703368425369,0.67110775411129,0.11830048821866512,0.24849675130099058,0.0,0.0,0.0,0.0,0.0,18473,global,0.0
3,3,lr1e-04_bs16_drop0p4_temp1p0_a0p25_b0p05__wd1e-04trmiss0_degmodglobal,16,0.0001,0.0001,0.4,1.0,0.25,0.05,lr1e-04_bs16_drop0p4_temp1p0_a0p25_b0p05__wd1e-04trmiss0_degmodglobal,3,0.695417195558548,0.6548959612846375,0.6666666666666667,0.8487093153759822,0.6153846153846154,0.0,0.5822927504777908,0.6646360158920288,0.08413510397076607,0.19494812935590744,0.0,0.0,0.0,0.0,0.0,18473,global,0.0
3,3,lr1e-04_bs16_drop0p4_temp1p0_a0p25_b0p05__wd1e-04trmiss0_degmodglobal,16,0.0001,0.0001,0.4,1.0,0.25,0.05,lr1e-04_bs16_drop0p4_temp1p0_a0p25_b0p05__wd1e-04trmiss0_degmodglobal,4,0.6454235315322876,0.6620990037918091,0.5833333333333333,0.770666987333654,0.6153846153846154,0.0,0.5412557721138,0.6103380620479584,0.08198266196995974,0.29179637879133224,0.0,0.0,0.0,0.0,0.0,18473,global,0.0
3,3,lr1e-04_bs16_drop0p4_temp1p0_a0p25_b0p05__wd1e-04trmiss0_degmodglobal,16,0.0001,0.0001,0.4,1.0,0.25,0.05,lr1e-04_bs16_drop0p4_temp1p0_a0p25_b0p05__wd1e-04trmiss0_degmodglobal,5,0.6486339420080185,0.6675004959106445,0.5555555555555556,0.7151114317780985,0.6153846153846154,0.0,0.5255457758903503,0.6136578768491745,0.0884508453309536,0.25726740062236786,0.0,0.0,0.0,0.0,0.0,18473,global,0.0
3,3,lr1e-04_bs16_drop0p4_temp1p0_a0p25_b0p05__wd1e-04trmiss0_degmodglobal,16,0.0001,0.0001,0.4,1.0,0.25,0.05,lr1e-04_bs16_drop0p4_temp1p0_a0p25_b0p05__wd1e-04trmiss0_degmodglobal,6,0.6471225470304489,0.6712111830711365,0.5555555555555556,0.7151114317780985,0.6153846153846154,0.0,0.5595719367265701,0.6129067093133926,0.08312551863491535,0.26868918165564537,0.0,0.0,0.0,0.0,0.0,18473,global,0.0
3,3,lr1e-04_bs16_drop0p4_temp1p0_a0p25_b0p05__wd1e-04trmiss0_degmodglobal,16,0.0001,0.0001,0.4,1.0,0.25,0.05,lr1e-04_bs16_drop0p4_temp1p0_a0p25_b0p05__wd1e-04trmiss0_degmodglobal,7,0.643851637840271,0.6756430864334106,0.5555555555555556,0.7151114317780985,0.6153846153846154,0.0,0.547292523086071,0.6175369918346405,0.06869761366397142,0.18280475586652756,0.0,0.0,0.0,0.0,0.0,18473,global,0.0
3,3,lr1e-04_bs16_drop0p4_temp1p0_a0p25_b0p05__wd1e-04trmiss0_degmodglobal,16,0.0001,0.0001,0.4,1.0,0.25,0.05,lr1e-04_bs16_drop0p4_temp1p0_a0p25_b0p05__wd1e-04trmiss0_degmodglobal,8,0.630525216460228,0.6794611215591431,0.5555555555555556,0.7151114317780985,0.6153846153846154,0.0,0.5289470255374908,0.5976686626672745,0.08500242047011852,0.23211878165602684,0.0,0.0,0.0,0.0,0.0,18473,global,0.0
3,3,lr1e-04_bs16_drop0p4_temp1p0_a0p25_b0p05__wd1e-04trmiss0_degmodglobal,16,0.0001,0.0001,0.4,1.0,0.25,0.05,lr1e-04_bs16_drop0p4_temp1p0_a0p25_b0p05__wd1e-04trmiss0_degmodglobal,9,0.6378272771835327,0.6829836368560791,0.5833333333333333,0.7231922398589066,0.6153846153846154,0.0,0.5015528723597527,0.6003383100032806,0.10935020446777344,0.20302846655249596,0.0,0.0,0.0,0.0,0.0,18473,global,0.0
3,3,lr1e-04_bs16_drop0p4_temp1p0_a0p25_b0p05__wd1e-04trmiss0_degmodglobal,16,0.0001,0.0001,0.4,1.0,0.25,0.05,lr1e-04_bs16_drop0p4_temp1p0_a0p25_b0p05__wd1e-04trmiss0_degmodglobal,10,0.6464262157678604,0.6832364201545715,0.5833333333333333,0.7231922398589066,0.6153846153846154,0.0,0.4982467070221901,0.6037236899137497,0.12449411116540432,0.23158018290996552,0.0,0.0,0.0,0.0,0.0,18473,global,0.0
3,3,lr1e-04_bs16_drop0p4_temp1p0_a0p25_b0p05__wd1e-04trmiss0_degmodglobal,16,0.0001,0.0001,0.4,1.0,0.25,0.05,lr1e-04_bs16_drop0p4_temp1p0_a0p25_b0p05__wd1e-04trmiss0_degmodglobal,11,0.6118428409099579,0.6811423301696777,0.5833333333333333,0.7231922398589066,0.6153846153846154,0.0,0.4894816055893898,0.575653687119484,0.09394456632435322,0.2540603578090668,0.0,0.0,0.0,0.0,0.0,18473,global,0.0
3,3,lr1e-04_bs16_drop0p4_temp1p0_a0p25_b0p05__wd1e-04trmiss0_degmodglobal,16,0.0001,0.0001,0.4,1.0,0.25,0.05,lr1e-04_bs16_drop0p4_temp1p0_a0p25_b0p05__wd1e-04trmiss0_degmodglobal,12,0.6079075932502747,0.6835620403289795,0.5555555555555556,0.7167819834486502,0.6153846153846154,0.0,0.4998561292886734,0.5648249983787537,0.10724781174212694,0.32541318237781525,0.0,0.0,0.0,0.0,0.0,18473,global,0.0
3,3,lr1e-04_bs16_drop0p4_temp1p0_a0p25_b0p05__wd1e-04trmiss0_degmodglobal,16,0.0001,0.0001,0.4,1.0,0.25,0.05,lr1e-04_bs16_drop0p4_temp1p0_a0p25_b0p05__wd1e-04trmiss0_degmodglobal,13,0.634187713265419,0.680354118347168,0.5833333333333333,0.7231922398589066,0.6153846153846154,0.0,0.47101645916700363,0.5878980606794357,0.11869117990136147,0.33233732730150223,0.0,0.0,0.0,0.0,0.0,18473,global,0.0
3,3,lr1e-04_bs16_drop0p4_temp1p0_a0p25_b0p05__wd1e-04trmiss0_degmodglobal,16,0.0001,0.0001,0.4,1.0,0.25,0.05,lr1e-04_bs16_drop0p4_temp1p0_a0p25_b0p05__wd1e-04trmiss0_degmodglobal,14,0.6015603691339493,0.6756582260131836,0.5833333333333333,0.7231922398589066,0.7692307692307693,0.0,0.5148491412401199,0.5664072632789612,0.09967685677111149,0.20467761531472206,0.0,0.0,0.0,0.0,0.0,18473,global,0.0
3,3,lr1e-04_bs16_drop0p4_temp1p0_a0p25_b0p05__wd1e-04trmiss0_degmodglobal,16,0.0001,0.0001,0.4,1.0,0.25,0.05,lr1e-04_bs16_drop0p4_temp1p0_a0p25_b0p05__wd1e-04trmiss0_degmodglobal,15,0.5927924364805222,0.6729426980018616,0.5833333333333333,0.7300094966761634,0.7692307692307693,0.0,0.4980657026171684,0.5442081615328789,0.12888070568442345,0.32728168927133083,0.0,0.0,0.0,0.0,0.0,18473,global,0.0
3,3,lr1e-04_bs16_drop0p4_temp1p0_a0p25_b0p05__wd1e-04trmiss0_degmodglobal,16,0.0001,0.0001,0.4,1.0,0.25,0.05,lr1e-04_bs16_drop0p4_temp1p0_a0p25_b0p05__wd1e-04trmiss0_degmodglobal,16,0.5775886625051498,0.6724715828895569,0.5555555555555556,0.7167819834486502,0.7692307692307693,0.0,0.46330131590366364,0.5396986901760101,0.10047328611835837,0.25543292611837387,0.0,0.0,0.0,0.0,0.0,18473,global,0.0
3,3,lr1e-04_bs16_drop0p4_temp1p0_a0p25_b0p05__wd1e-04trmiss0_degmodglobal,16,0.0001,0.0001,0.4,1.0,0.25,0.05,lr1e-04_bs16_drop0p4_temp1p0_a0p25_b0p05__wd1e-04trmiss0_degmodglobal,17,0.5843064337968826,0.672859787940979,0.5833333333333333,0.7231922398589066,0.6923076923076923,0.0,0.4752819463610649,0.5343923270702362,0.1299444232136011,0.3485598638653755,0.0,0.0,0.0,0.0,0.0,18473,global,0.0
3,3,lr1e-04_bs16_drop0p4_temp1p0_a0p25_b0p05__wd1e-04trmiss0_degmodglobal,16,0.0001,0.0001,0.4,1.0,0.25,0.05,lr1e-04_bs16_drop0p4_temp1p0_a0p25_b0p05__wd1e-04trmiss0_degmodglobal,18,0.5991545766592026,0.6709632873535156,0.5555555555555556,0.7167819834486502,0.7692307692307693,0.0,0.4625192731618881,0.5570184737443924,0.11862852610647678,0.2495792619884014,0.0,0.0,0.0,0.0,0.0,18473,global,0.0
3,3,lr1e-04_bs16_drop0p4_temp1p0_a0p25_b0p05__wd1e-04trmiss0_degmodglobal,16,0.0001,0.0001,0.4,1.0,0.25,0.05,lr1e-04_bs16_drop0p4_temp1p0_a0p25_b0p05__wd1e-04trmiss0_degmodglobal,19,0.6114063709974289,0.6706066131591797,0.5555555555555556,0.7167819834486502,0.7692307692307693,0.0,0.48529335111379623,0.5703597813844681,0.10546170920133591,0.2936232015490532,0.0,0.0,0.0,0.0,0.0,18473,global,0.0
3,3,lr1e-04_bs16_drop0p4_temp1p0_a0p25_b0p05__wd1e-04trmiss0_degmodglobal,16,0.0001,0.0001,0.4,1.0,0.25,0.05,lr1e-04_bs16_drop0p4_temp1p0_a0p25_b0p05__wd1e-04trmiss0_degmodglobal,20,0.5918645709753036,0.6689193844795227,0.5555555555555556,0.7167819834486502,0.7692307692307693,0.0,0.4635210186243057,0.5504335165023804,0.11209048330783844,0.26816873624920845,0.0,0.0,0.0,0.0,0.0,18473,global,0.0
3,3,lr1e-04_bs16_drop0p4_temp1p0_a0p25_b0p05__wd1e-04trmiss0_degmodglobal,16,0.0001,0.0001,0.4,1.0,0.25,0.05,lr1e-04_bs16_drop0p4_temp1p0_a0p25_b0p05__wd1e-04trmiss0_degmodglobal,21,0.5946976244449615,0.665630042552948,0.6111111111111112,0.7307679974346641,0.7692307692307693,0.0,0.4534369632601738,0.5583915710449219,0.0895772585645318,0.27823493257164955,0.0,0.0,0.0,0.0,0.0,18473,global,0.0
3,3,lr1e-04_bs16_drop0p4_temp1p0_a0p25_b0p05__wd1e-04trmiss0_degmodglobal,16,0.0001,0.0001,0.4,1.0,0.25,0.05,lr1e-04_bs16_drop0p4_temp1p0_a0p25_b0p05__wd1e-04trmiss0_degmodglobal,22,0.5937123149633408,0.6676788330078125,0.5833333333333333,0.7231922398589066,0.6923076923076923,0.0,0.5205976963043213,0.551204115152359,0.10622705705463886,0.31902843341231346,0.0,0.0,0.0,0.0,0.0,18473,global,0.0
3,3,lr1e-04_bs16_drop0p4_temp1p0_a0p25_b0p05__wd1e-04trmiss0_degmodglobal,16,0.0001,0.0001,0.4,1.0,0.25,0.05,lr1e-04_bs16_drop0p4_temp1p0_a0p25_b0p05__wd1e-04trmiss0_degmodglobal,23,0.5738852322101593,0.6686153411865234,0.5833333333333333,0.7231922398589066,0.6923076923076923,0.0,0.4409836456179619,0.5345191285014153,0.09502196125686169,0.31221237406134605,0.0,0.0,0.0,0.0,0.0,18473,global,0.0
3,3,lr1e-04_bs16_drop0p4_temp1p0_a0p25_b0p05__wd1e-04trmiss0_degmodglobal,16,0.0001,0.0001,0.4,1.0,0.25,0.05,lr1e-04_bs16_drop0p4_temp1p0_a0p25_b0p05__wd1e-04trmiss0_degmodglobal,24,0.5810325294733047,0.6707512736320496,0.5833333333333333,0.7231922398589066,0.6923076923076923,0.0,0.46127256751060486,0.5454295575618744,0.10360933095216751,0.19401290826499462,0.0,0.0,0.0,0.0,0.0,18473,global,0.0
3,3,lr1e-04_bs16_drop0p4_temp1p0_a0p25_b0p05__wd1e-04trmiss0_degmodglobal,16,0.0001,0.0001,0.4,1.0,0.25,0.05,lr1e-04_bs16_drop0p4_temp1p0_a0p25_b0p05__wd1e-04trmiss0_degmodglobal,25,0.622384324669838,0.6673848032951355,0.6111111111111112,0.7307679974346641,0.7692307692307693,0.0,0.4483712390065193,0.5678310990333557,0.13666941784322262,0.40771719068288803,0.0,0.0,0.0,0.0,0.0,18473,global,0.0
3,3,lr1e-04_bs16_drop0p4_temp1p0_a0p25_b0p05__wd1e-04trmiss0_degmodglobal,16,0.0001,0.0001,0.4,1.0,0.25,0.05,lr1e-04_bs16_drop0p4_temp1p0_a0p25_b0p05__wd1e-04trmiss0_degmodglobal,26,0.5956170409917831,0.6691199541091919,0.6111111111111112,0.7307679974346641,0.6923076923076923,0.0,0.4617868512868881,0.5495607852935791,0.12109793722629547,0.31563515961170197,0.0,0.0,0.0,0.0,0.0,18473,global,0.0
3,3,lr1e-04_bs16_drop0p4_temp1p0_a0p25_b0p05__wd1e-04trmiss0_degmodglobal,16,0.0001,0.0001,0.4,1.0,0.25,0.05,lr1e-04_bs16_drop0p4_temp1p0_a0p25_b0p05__wd1e-04trmiss0_degmodglobal,27,0.5910948812961578,0.6696293950080872,0.5833333333333333,0.7231922398589066,0.7692307692307693,0.0,0.4321930706501007,0.5406497269868851,0.13987626135349274,0.3095218352973461,0.0,0.0,0.0,0.0,0.0,18473,global,0.0
3,3,lr1e-04_bs16_drop0p4_temp1p0_a0p25_b0p05__wd1e-04trmiss0_degmodglobal,16,0.0001,0.0001,0.4,1.0,0.25,0.05,lr1e-04_bs16_drop0p4_temp1p0_a0p25_b0p05__wd1e-04trmiss0_degmodglobal,28,0.5632305592298508,0.672105073928833,0.5555555555555556,0.7151114317780985,0.6923076923076923,0.0,0.42045554518699646,0.5194759368896484,0.12399742193520069,0.25510543026030064,0.0,0.0,0.0,0.0,0.0,18473,global,0.0
3,3,lr1e-04_bs16_drop0p4_temp1p0_a0p25_b0p05__wd1e-04trmiss0_degmodglobal,16,0.0001,0.0001,0.4,1.0,0.25,0.05,lr1e-04_bs16_drop0p4_temp1p0_a0p25_b0p05__wd1e-04trmiss0_degmodglobal,29,0.5906146317720413,0.6730301976203918,0.5833333333333333,0.7231922398589066,0.6923076923076923,0.0,0.44682613760232925,0.5467697232961655,0.11726199835538864,0.2905878983438015,0.0,0.0,0.0,0.0,0.0,18473,global,0.0
3,3,lr1e-04_bs16_drop0p4_temp1p0_a0p25_b0p05__wd1e-04trmiss0_degmodglobal,16,0.0001,0.0001,0.4,1.0,0.25,0.05,lr1e-04_bs16_drop0p4_temp1p0_a0p25_b0p05__wd1e-04trmiss0_degmodglobal,30,0.5732372403144836,0.673726499080658,0.5833333333333333,0.7231922398589066,0.6923076923076923,0.0,0.45646119117736816,0.5206495150923729,0.1507970169186592,0.2977695167064667,0.0,0.0,0.0,0.0,0.0,18473,global,0.0
3,3,lr1e-04_bs16_drop0p4_temp1p0_a0p25_b0p05__wd1e-04trmiss0_degmodglobal,16,0.0001,0.0001,0.4,1.0,0.25,0.05,lr1e-04_bs16_drop0p4_temp1p0_a0p25_b0p05__wd1e-04trmiss0_degmodglobal,31,0.5850255489349365,0.6711248755455017,0.5833333333333333,0.7231922398589066,0.7692307692307693,0.0,0.4686529040336609,0.5379747897386551,0.12904522381722927,0.2957887761294842,0.0,0.0,0.0,0.0,0.0,18473,global,0.0
3,3,lr1e-04_bs16_drop0p4_temp1p0_a0p25_b0p05__wd1e-04trmiss0_degmodglobal,16,0.0001,0.0001,0.4,1.0,0.25,0.05,lr1e-04_bs16_drop0p4_temp1p0_a0p25_b0p05__wd1e-04trmiss0_degmodglobal,32,0.5801513493061066,0.671067476272583,0.5833333333333333,0.7231922398589066,0.7692307692307693,0.0,0.4078097566962242,0.5306499302387238,0.12883504666388035,0.34585314989089966,0.0,0.0,0.0,0.0,0.0,18473,global,0.0
3,3,lr1e-04_bs16_drop0p4_temp1p0_a0p25_b0p05__wd1e-04trmiss0_degmodglobal,16,0.0001,0.0001,0.4,1.0,0.25,0.05,lr1e-04_bs16_drop0p4_temp1p0_a0p25_b0p05__wd1e-04trmiss0_degmodglobal,33,0.5728995054960251,0.6728936433792114,0.5833333333333333,0.7231922398589066,0.7692307692307693,0.0,0.4303170442581177,0.5175385922193527,0.1543537899851799,0.3354494273662567,0.0,0.0,0.0,0.0,0.0,18473,global,0.0
3,3,lr1e-04_bs16_drop0p4_temp1p0_a0p25_b0p05__wd1e-04trmiss0_degmodglobal,16,0.0001,0.0001,0.4,1.0,0.25,0.05,lr1e-04_bs16_drop0p4_temp1p0_a0p25_b0p05__wd1e-04trmiss0_degmodglobal,34,0.5901974737644196,0.6708367466926575,0.5833333333333333,0.7231922398589066,0.7692307692307693,0.0,0.45599476993083954,0.5521678924560547,0.09672918170690536,0.27694589272141457,0.0,0.0,0.0,0.0,0.0,18473,global,0.0
3,3,lr1e-04_bs16_drop0p4_temp1p0_a0p25_b0p05__wd1e-04trmiss0_degmodglobal,16,0.0001,0.0001,0.4,1.0,0.25,0.05,lr1e-04_bs16_drop0p4_temp1p0_a0p25_b0p05__wd1e-04trmiss0_degmodglobal,35,0.5699721574783325,0.6707696318626404,0.6111111111111112,0.7364197530864198,0.7692307692307693,0.0,0.44727855920791626,0.5373021960258484,0.08370446972548962,0.23487672954797745,0.0,0.0,0.0,0.0,0.0,18473,global,0.0
3,3,lr1e-04_bs16_drop0p4_temp1p0_a0p25_b0p05__wd1e-04trmiss0_degmodglobal,16,0.0001,0.0001,0.4,1.0,0.25,0.05,lr1e-04_bs16_drop0p4_temp1p0_a0p25_b0p05__wd1e-04trmiss0_degmodglobal,36,0.5817647725343704,0.670376718044281,0.5833333333333333,0.7231922398589066,0.7692307692307693,0.0,0.44270166754722595,0.5327303409576416,0.1293406244367361,0.33398547768592834,0.0,0.0,0.0,0.0,0.0,18473,global,0.0
3,3,lr1e-04_bs16_drop0p4_temp1p0_a0p25_b0p05__wd1e-04trmiss0_degmodglobal,16,0.0001,0.0001,0.4,1.0,0.25,0.05,lr1e-04_bs16_drop0p4_temp1p0_a0p25_b0p05__wd1e-04trmiss0_degmodglobal,37,0.604677215218544,0.6712137460708618,0.6111111111111112,0.7307679974346641,0.7692307692307693,0.0,0.47633370757102966,0.5674625635147095,0.10337445884943008,0.22742093354463577,0.0,0.0,0.0,0.0,0.0,18473,global,0.0
3,3,lr1e-04_bs16_drop0p4_temp1p0_a0p25_b0p05__wd1e-04trmiss0_degmodglobal,16,0.0001,0.0001,0.4,1.0,0.25,0.05,lr1e-04_bs16_drop0p4_temp1p0_a0p25_b0p05__wd1e-04trmiss0_degmodglobal,38,0.5904814004898071,0.6733403205871582,0.5833333333333333,0.7231922398589066,0.7692307692307693,0.0,0.44151417165994644,0.5374576598405838,0.13433116674423218,0.3888193741440773,0.0,0.0,0.0,0.0,0.0,18473,global,0.0
3,3,lr1e-04_bs16_drop0p4_temp1p0_a0p25_b0p05__wd1e-04trmiss0_degmodglobal,16,0.0001,0.0001,0.4,1.0,0.25,0.05,lr1e-04_bs16_drop0p4_temp1p0_a0p25_b0p05__wd1e-04trmiss0_degmodglobal,39,0.5952813625335693,0.672784686088562,0.5833333333333333,0.7231922398589066,0.6923076923076923,0.0,0.4397660046815872,0.5402611941099167,0.14882435649633408,0.35628125071525574,0.0,0.0,0.0,0.0,0.0,18473,global,0.0
3,3,lr1e-04_bs16_drop0p4_temp1p0_a0p25_b0p05__wd1e-04trmiss0_degmodglobal,16,0.0001,0.0001,0.4,1.0,0.25,0.05,lr1e-04_bs16_drop0p4_temp1p0_a0p25_b0p05__wd1e-04trmiss0_degmodglobal,40,0.5799218267202377,0.6723405718803406,0.5833333333333333,0.7231922398589066,0.7692307692307693,0.0,0.41496050357818604,0.5217356979846954,0.15732619166374207,0.3770911693572998,0.0,0.0,0.0,0.0,0.0,18473,global,0.0
3,3,lr1e-04_bs16_drop0p4_temp1p0_a0p25_b0p05__wd1e-04trmiss0_degmodglobal,16,0.0001,0.0001,0.4,1.0,0.25,0.05,lr1e-04_bs16_drop0p4_temp1p0_a0p25_b0p05__wd1e-04trmiss0_degmodglobal,41,0.58186125010252,0.6747917532920837,0.6111111111111112,0.7307679974346641,0.6923076923076923,0.0,0.471342496573925,0.5388307496905327,0.12793823145329952,0.22091906890273094,0.0,0.0,0.0,0.0,0.0,18473,global,0.0
3,3,lr1e-04_bs16_drop0p4_temp2p0_a0p25_b0p05__wd1e-04trmiss0_degmodglobal,16,0.0001,0.0001,0.4,2.0,0.25,0.05,lr1e-04_bs16_drop0p4_temp2p0_a0p25_b0p05__wd1e-04trmiss0_degmodglobal,1,0.7560693025588989,0.7202137112617493,0.2777777777777778,0.6064925814925815,0.3076923076923077,0.0,0.686494842171669,0.7297391444444656,0.06856258865445852,0.18378968723118305,0.0,0.0,0.0,0.0,0.0,18473,global,0.0
3,3,lr1e-04_bs16_drop0p4_temp2p0_a0p25_b0p05__wd1e-04trmiss0_degmodglobal,16,0.0001,0.0001,0.4,2.0,0.25,0.05,lr1e-04_bs16_drop0p4_temp2p0_a0p25_b0p05__wd1e-04trmiss0_degmodglobal,2,0.7168557047843933,0.7236126065254211,0.3055555555555556,0.658007733007733,0.3076923076923077,0.0,0.662791982293129,0.6885588616132736,0.0729746287688613,0.2010633982717991,0.0,0.0,0.0,0.0,0.0,18473,global,0.0
3,3,lr1e-04_bs16_drop0p4_temp2p0_a0p25_b0p05__wd1e-04trmiss0_degmodglobal,16,0.0001,0.0001,0.4,2.0,0.25,0.05,lr1e-04_bs16_drop0p4_temp2p0_a0p25_b0p05__wd1e-04trmiss0_degmodglobal,3,0.6905616223812103,0.7301446795463562,0.3055555555555556,0.658007733007733,0.3076923076923077,0.0,0.6570771336555481,0.6695519983768463,0.05548999551683664,0.14274241030216217,0.0,0.0,0.0,0.0,0.0,18473,global,0.0
3,3,lr1e-04_bs16_drop0p4_temp2p0_a0p25_b0p05__wd1e-04trmiss0_degmodglobal,16,0.0001,0.0001,0.4,2.0,0.25,0.05,lr1e-04_bs16_drop0p4_temp2p0_a0p25_b0p05__wd1e-04trmiss0_degmodglobal,4,0.702531710267067,0.7417865991592407,0.2222222222222222,0.5842703592703593,0.3076923076923077,0.0,0.6371014267206192,0.6756392568349838,0.07463035080581903,0.16469710506498814,0.0,0.0,0.0,0.0,0.0,18473,global,0.0
3,3,lr1e-04_bs16_drop0p4_temp2p0_a0p25_b0p05__wd1e-04trmiss0_degmodglobal,16,0.0001,0.0001,0.4,2.0,0.25,0.05,lr1e-04_bs16_drop0p4_temp2p0_a0p25_b0p05__wd1e-04trmiss0_degmodglobal,5,0.7112947404384613,0.7461479902267456,0.3333333333333333,0.6416777666777667,0.3076923076923077,0.0,0.56874680519104,0.6751322895288467,0.08794858120381832,0.2835064195096493,0.0,0.0,0.0,0.0,0.0,18473,global,0.0
3,3,lr1e-04_bs16_drop0p4_temp2p0_a0p25_b0p05__wd1e-04trmiss0_degmodglobal,16,0.0001,0.0001,0.4,2.0,0.25,0.05,lr1e-04_bs16_drop0p4_temp2p0_a0p25_b0p05__wd1e-04trmiss0_degmodglobal,6,0.6846459358930588,0.7509130835533142,0.33333333333333337,0.6241452991452991,0.3076923076923077,0.0,0.6176086217164993,0.6580837368965149,0.0688070273026824,0.1872083880007267,0.0,0.0,0.0,0.0,0.0,18473,global,0.0
3,3,lr1e-04_bs16_drop0p4_temp2p0_a0p25_b0p05__wd1e-04trmiss0_degmodglobal,16,0.0001,0.0001,0.4,2.0,0.25,0.05,lr1e-04_bs16_drop0p4_temp2p0_a0p25_b0p05__wd1e-04trmiss0_degmodglobal,7,0.6907495260238647,0.7514333128929138,0.41666666666666663,0.6618437118437119,0.3076923076923077,0.0,0.6458964794874191,0.6560525447130203,0.09333089552819729,0.22728467360138893,0.0,0.0,0.0,0.0,0.0,18473,global,0.0
3,3,lr1e-04_bs16_drop0p4_temp2p0_a0p25_b0p05__wd1e-04trmiss0_degmodglobal,16,0.0001,0.0001,0.4,2.0,0.25,0.05,lr1e-04_bs16_drop0p4_temp2p0_a0p25_b0p05__wd1e-04trmiss0_degmodglobal,8,0.6734488755464554,0.7484018206596375,0.38888888888888895,0.6525844525844526,0.3076923076923077,0.0,0.5987429022789001,0.6393169164657593,0.09172945655882359,0.22399218752980232,0.0,0.0,0.0,0.0,0.0,18473,global,0.0
3,3,lr1e-04_bs16_drop0p4_temp2p0_a0p25_b0p05__wd1e-04trmiss0_degmodglobal,16,0.0001,0.0001,0.4,2.0,0.25,0.05,lr1e-04_bs16_drop0p4_temp2p0_a0p25_b0p05__wd1e-04trmiss0_degmodglobal,9,0.6789900213479996,0.745435893535614,0.3611111111111111,0.6487484737484738,0.38461538461538464,0.0,0.5508299916982651,0.6465515196323395,0.08339098747819662,0.2318151295185089,0.0,0.0,0.0,0.0,0.0,18473,global,0.0
3,3,lr1e-04_bs16_drop0p4_temp2p0_a0p25_b0p05__wd1e-04trmiss0_degmodglobal,16,0.0001,0.0001,0.4,2.0,0.25,0.05,lr1e-04_bs16_drop0p4_temp2p0_a0p25_b0p05__wd1e-04trmiss0_degmodglobal,10,0.6662414819002151,0.745002269744873,0.33333333333333337,0.6320818070818071,0.38461538461538464,0.0,0.5837654769420624,0.6346024870872498,0.08432154171168804,0.21117230458185077,0.0,0.0,0.0,0.0,0.0,18473,global,0.0
3,3,lr1e-04_bs16_drop0p4_temp2p0_a0p25_b0p05__wd1e-04trmiss0_degmodglobal,16,0.0001,0.0001,0.4,2.0,0.25,0.05,lr1e-04_bs16_drop0p4_temp2p0_a0p25_b0p05__wd1e-04trmiss0_degmodglobal,11,0.6281454563140869,0.7431387305259705,0.3611111111111111,0.6487484737484738,0.38461538461538464,0.0,0.5297410935163498,0.5942222774028778,0.09689521044492722,0.19398727640509605,0.0,0.0,0.0,0.0,0.0,18473,global,0.0
3,3,lr1e-04_bs16_drop0p4_temp2p0_a0p25_b0p05__wd1e-04trmiss0_degmodglobal,16,0.0001,0.0001,0.4,2.0,0.25,0.05,lr1e-04_bs16_drop0p4_temp2p0_a0p25_b0p05__wd1e-04trmiss0_degmodglobal,12,0.6439329534769058,0.746951699256897,0.3611111111111111,0.6522597772597772,0.46153846153846156,0.0,0.5358448177576065,0.612976923584938,0.08264965191483498,0.20587212964892387,0.0,0.0,0.0,0.0,0.0,18473,global,0.0
3,3,lr1e-04_bs16_drop0p4_temp2p0_a0p25_b0p05__wd1e-04trmiss0_degmodglobal,16,0.0001,0.0001,0.4,2.0,0.25,0.05,lr1e-04_bs16_drop0p4_temp2p0_a0p25_b0p05__wd1e-04trmiss0_degmodglobal,13,0.615336149930954,0.7482889890670776,0.36111111111111105,0.6972333222333222,0.46153846153846156,0.0,0.5381595939397812,0.5860090106725693,0.08300241455435753,0.1715305559337139,0.0,0.0,0.0,0.0,0.0,18473,global,0.0
3,3,lr1e-04_bs16_drop0p4_temp2p0_a0p25_b0p05__wd1e-04trmiss0_degmodglobal,16,0.0001,0.0001,0.4,2.0,0.25,0.05,lr1e-04_bs16_drop0p4_temp2p0_a0p25_b0p05__wd1e-04trmiss0_degmodglobal,14,0.6250637620687485,0.7551448941230774,0.36111111111111105,0.6972333222333222,0.38461538461538464,0.0,0.5016234815120697,0.5919100493192673,0.08489418774843216,0.2386031597852707,0.0,0.0,0.0,0.0,0.0,18473,global,0.0
3,3,lr1e-04_bs16_drop0p4_temp2p0_a0p25_b0p05__wd1e-04trmiss0_degmodglobal,16,0.0001,0.0001,0.4,2.0,0.25,0.05,lr1e-04_bs16_drop0p4_temp2p0_a0p25_b0p05__wd1e-04trmiss0_degmodglobal,15,0.6382984220981598,0.7616750001907349,0.4722222222222222,0.7640322640322641,0.38461538461538464,0.0,0.521607056260109,0.608890175819397,0.0742469597607851,0.2169303223490715,0.0,0.0,0.0,0.0,0.0,18473,global,0.0
3,3,lr1e-04_bs16_drop0p4_temp2p0_a0p25_b0p05__wd1e-04trmiss0_degmodglobal,16,0.0001,0.0001,0.4,2.0,0.25,0.05,lr1e-04_bs16_drop0p4_temp2p0_a0p25_b0p05__wd1e-04trmiss0_degmodglobal,16,0.6796642988920212,0.765523374080658,0.4722222222222222,0.7457782957782959,0.3076923076923077,0.0,0.5322768539190292,0.6357118338346481,0.11141031514853239,0.3219979964196682,0.0,0.0,0.0,0.0,0.0,18473,global,0.0
3,3,lr1e-04_bs16_drop0p4_temp2p0_a0p25_b0p05__wd1e-04trmiss0_degmodglobal,16,0.0001,0.0001,0.4,2.0,0.25,0.05,lr1e-04_bs16_drop0p4_temp2p0_a0p25_b0p05__wd1e-04trmiss0_degmodglobal,17,0.6553826779127121,0.761536717414856,0.5,0.755037555037555,0.3076923076923077,0.0,0.5321182012557983,0.6027076542377472,0.12342368066310883,0.4363820254802704,0.0,0.0,0.0,0.0,0.0,18473,global,0.0
3,3,lr1e-04_bs16_drop0p4_temp2p0_a0p25_b0p05__wd1e-04trmiss0_degmodglobal,16,0.0001,0.0001,0.4,2.0,0.25,0.05,lr1e-04_bs16_drop0p4_temp2p0_a0p25_b0p05__wd1e-04trmiss0_degmodglobal,18,0.6184636354446411,0.7592111825942993,0.5,0.755037555037555,0.38461538461538464,0.0,0.47720422595739365,0.5771460980176926,0.10641911905258894,0.2942550592124462,0.0,0.0,0.0,0.0,0.0,18473,global,0.0
3,3,lr1e-04_bs16_drop0p4_temp2p0_a0p25_b0p05__wd1e-04trmiss0_degmodglobal,16,0.0001,0.0001,0.4,2.0,0.25,0.05,lr1e-04_bs16_drop0p4_temp2p0_a0p25_b0p05__wd1e-04trmiss0_degmodglobal,19,0.6197192519903183,0.7570261359214783,0.5277777777777778,0.7920745920745922,0.38461538461538464,0.0,0.5177107453346252,0.5781916975975037,0.11201261915266514,0.2704882174730301,0.0,0.0,0.0,0.0,0.0,18473,global,0.0
3,3,lr1e-04_bs16_drop0p4_temp2p0_a0p25_b0p05__wd1e-04trmiss0_degmodglobal,16,0.0001,0.0001,0.4,2.0,0.25,0.05,lr1e-04_bs16_drop0p4_temp2p0_a0p25_b0p05__wd1e-04trmiss0_degmodglobal,20,0.6147166192531586,0.7590048909187317,0.4444444444444444,0.7547730047730048,0.38461538461538464,0.0,0.48864127695560455,0.5746610909700394,0.11016043275594711,0.2503082286566496,0.0,0.0,0.0,0.0,0.0,18473,global,0.0
3,3,lr1e-04_bs16_drop0p4_temp2p0_a0p25_b0p05__wd1e-04trmiss0_degmodglobal,16,0.0001,0.0001,0.4,2.0,0.25,0.05,lr1e-04_bs16_drop0p4_temp2p0_a0p25_b0p05__wd1e-04trmiss0_degmodglobal,21,0.6319165080785751,0.7621074318885803,0.41666666666666663,0.7522597772597774,0.38461538461538464,0.0,0.48445889353752136,0.5845205336809158,0.11490947939455509,0.37337201461195946,0.0,0.0,0.0,0.0,0.0,18473,global,0.0
3,3,lr1e-04_bs16_drop0p4_temp2p0_a0p25_b0p05__wd1e-04trmiss0_degmodglobal,16,0.0001,0.0001,0.4,2.0,0.25,0.05,lr1e-04_bs16_drop0p4_temp2p0_a0p25_b0p05__wd1e-04trmiss0_degmodglobal,22,0.6867868602275848,0.7651036381721497,0.41666666666666663,0.7522597772597774,0.38461538461538464,0.0,0.5156177952885628,0.6450684070587158,0.09842157084494829,0.34226153045892715,0.0,0.0,0.0,0.0,0.0,18473,global,0.0
3,3,lr1e-04_bs16_drop0p4_temp2p0_a0p25_b0p05__wd1e-04trmiss0_degmodglobal,16,0.0001,0.0001,0.4,2.0,0.25,0.05,lr1e-04_bs16_drop0p4_temp2p0_a0p25_b0p05__wd1e-04trmiss0_degmodglobal,23,0.6494712382555008,0.7662056088447571,0.38888888888888884,0.7445437278770612,0.38461538461538464,0.0,0.5065274760127068,0.6096522957086563,0.10130663588643074,0.2898455336689949,0.0,0.0,0.0,0.0,0.0,18473,global,0.0
3,3,lr1e-04_bs16_drop0p4_temp2p0_a0p25_b0p05__wd1e-04trmiss0_degmodglobal,16,0.0001,0.0001,0.4,2.0,0.25,0.05,lr1e-04_bs16_drop0p4_temp2p0_a0p25_b0p05__wd1e-04trmiss0_degmodglobal,24,0.6413337141275406,0.7688785195350647,0.38888888888888884,0.7445437278770612,0.38461538461538464,0.0,0.5217893868684769,0.6121027022600174,0.07545933499932289,0.20732321217656136,0.0,0.0,0.0,0.0,0.0,18473,global,0.0
3,3,lr1e-04_bs16_drop0p4_temp2p0_a0p25_b0p05__wd1e-04trmiss0_degmodglobal,16,0.0001,0.0001,0.4,2.0,0.25,0.05,lr1e-04_bs16_drop0p4_temp2p0_a0p25_b0p05__wd1e-04trmiss0_degmodglobal,25,0.6535647958517075,0.764247715473175,0.38888888888888884,0.7445437278770612,0.38461538461538464,0.0,0.4775277301669121,0.6075256168842316,0.11983609385788441,0.32160308212041855,0.0,0.0,0.0,0.0,0.0,18473,global,0.0
3,3,lr1e-04_bs16_drop0p4_temp2p0_a0p25_b0p05__wd1e-04trmiss0_degmodglobal,16,0.0001,0.0001,0.4,2.0,0.25,0.05,lr1e-04_bs16_drop0p4_temp2p0_a0p25_b0p05__wd1e-04trmiss0_degmodglobal,26,0.6804764270782471,0.7647542357444763,0.38888888888888884,0.7445437278770612,0.38461538461538464,0.0,0.5260951817035675,0.6248180568218231,0.13963121734559536,0.4150112420320511,0.0,0.0,0.0,0.0,0.0,18473,global,0.0
3,3,lr1e-04_bs16_drop0p4_temp2p0_a0p25_b0p05__wd1e-04trmiss0_degmodglobal,16,0.0001,0.0001,0.4,2.0,0.25,0.05,lr1e-04_bs16_drop0p4_temp2p0_a0p25_b0p05__wd1e-04trmiss0_degmodglobal,27,0.652993381023407,0.7662631869316101,0.36111111111111105,0.7297289130622464,0.38461538461538464,0.0,0.501627504825592,0.6050936877727509,0.12026876769959927,0.3566505014896393,0.0,0.0,0.0,0.0,0.0,18473,global,0.0
3,3,lr1e-04_bs16_drop0p4_temp2p0_a0p25_b0p05__wd1e-04trmiss0_degmodglobal,16,0.0001,0.0001,0.4,2.0,0.25,0.05,lr1e-04_bs16_drop0p4_temp2p0_a0p25_b0p05__wd1e-04trmiss0_degmodglobal,28,0.6450138241052628,0.7589484453201294,0.41666666666666663,0.7522597772597774,0.38461538461538464,0.0,0.5395262092351913,0.6074564307928085,0.09426809847354889,0.279807161539793,0.0,0.0,0.0,0.0,0.0,18473,global,0.0
3,3,lr1e-04_bs16_drop0p4_temp2p0_a0p25_b0p05__wd1e-04trmiss0_degmodglobal,16,0.0001,0.0001,0.4,2.0,0.25,0.05,lr1e-04_bs16_drop0p4_temp2p0_a0p25_b0p05__wd1e-04trmiss0_degmodglobal,29,0.6189781129360199,0.7569139003753662,0.4444444444444444,0.7621804121804123,0.38461538461538464,0.0,0.4575720727443695,0.5834568440914154,0.09201439749449492,0.2503535933792591,0.0,0.0,0.0,0.0,0.0,18473,global,0.0
3,3,lr1e-04_bs16_drop0p4_temp2p0_a0p25_b0p05__wd1e-04trmiss0_degmodglobal,16,0.0001,0.0001,0.4,2.0,0.25,0.05,lr1e-04_bs16_drop0p4_temp2p0_a0p25_b0p05__wd1e-04trmiss0_degmodglobal,30,0.6692426353693008,0.7600572109222412,0.5,0.7828153328153329,0.38461538461538464,0.0,0.47468122094869614,0.6324541568756104,0.08422432467341423,0.3146481290459633,0.0,0.0,0.0,0.0,0.0,18473,global,0.0
3,3,lr1e-04_bs16_drop0p4_temp2p0_a0p25_b0p05__wd1e-04trmiss0_degmodglobal,16,0.0001,0.0001,0.4,2.0,0.25,0.05,lr1e-04_bs16_drop0p4_temp2p0_a0p25_b0p05__wd1e-04trmiss0_degmodglobal,31,0.6330902874469757,0.7649654746055603,0.4722222222222222,0.7695878195878196,0.38461538461538464,0.0,0.5180191919207573,0.6006321460008621,0.08883353881537914,0.20499487221240997,0.0,0.0,0.0,0.0,0.0,18473,global,0.0
3,3,lr1e-04_bs16_drop0p4_temp2p0_a0p25_b0p05__wd1e-04trmiss0_degmodglobal,16,0.0001,0.0001,0.4,2.0,0.25,0.05,lr1e-04_bs16_drop0p4_temp2p0_a0p25_b0p05__wd1e-04trmiss0_degmodglobal,32,0.6512653976678848,0.7638301849365234,0.4722222222222222,0.7695878195878196,0.46153846153846156,0.0,0.5624496340751648,0.6143955141305923,0.09327050112187862,0.2710450906306505,0.0,0.0,0.0,0.0,0.0,18473,global,0.0
3,3,lr1e-04_bs16_drop0p4_temp2p0_a0p25_b0p05__wd1e-04trmiss0_degmodglobal,16,0.0001,0.0001,0.4,2.0,0.25,0.05,lr1e-04_bs16_drop0p4_temp2p0_a0p25_b0p05__wd1e-04trmiss0_degmodglobal,33,0.6258659213781357,0.766319751739502,0.4722222222222222,0.7695878195878196,0.46153846153846156,0.0,0.5209188908338547,0.5934197157621384,0.09037620481103659,0.19704286940395832,0.0,0.0,0.0,0.0,0.0,18473,global,0.0
3,3,lr1e-04_bs16_drop0p4_temp2p0_a0p25_b0p05__wd1e-04trmiss0_degmodglobal,16,0.0001,0.0001,0.4,2.0,0.25,0.05,lr1e-04_bs16_drop0p4_temp2p0_a0p25_b0p05__wd1e-04trmiss0_degmodglobal,34,0.6137469559907913,0.7642437219619751,0.4444444444444444,0.7547730047730048,0.46153846153846156,0.0,0.5135257169604301,0.5863491594791412,0.07304779533296824,0.18271686881780624,0.0,0.0,0.0,0.0,0.0,18473,global,0.0
3,3,lr1e-04_bs16_drop0p4_temp2p0_a0p25_b0p05__wd1e-04trmiss0_degmodglobal,16,0.0001,0.0001,0.4,2.0,0.25,0.05,lr1e-04_bs16_drop0p4_temp2p0_a0p25_b0p05__wd1e-04trmiss0_degmodglobal,35,0.6203320622444153,0.7670789957046509,0.4444444444444444,0.7547730047730048,0.46153846153846156,0.0,0.5407178029417992,0.5895823538303375,0.08138654008507729,0.20806187950074673,0.0,0.0,0.0,0.0,0.0,18473,global,0.0
3,3,lr1e-04_bs16_drop0p4_temp2p0_a0p25_b0p05__wd1e-04trmiss0_degmodglobal,16,0.0001,0.0001,0.4,2.0,0.25,0.05,lr1e-04_bs16_drop0p4_temp2p0_a0p25_b0p05__wd1e-04trmiss0_degmodglobal,36,0.6569165587425232,0.7689210772514343,0.4722222222222222,0.7695878195878196,0.46153846153846156,0.0,0.5083172097802162,0.6248669773340225,0.08356528263539076,0.22316522896289825,0.0,0.0,0.0,0.0,0.0,18473,global,0.0
3,3,lr1e-04_bs16_drop0p4_temp2p0_a0p25_b0p05__wd1e-04trmiss0_degmodglobal,16,0.0001,0.0001,0.4,2.0,0.25,0.05,lr1e-04_bs16_drop0p4_temp2p0_a0p25_b0p05__wd1e-04trmiss0_degmodglobal,37,0.6440929919481277,0.7593796849250793,0.4722222222222222,0.7695878195878196,0.46153846153846156,0.0,0.47787706553936005,0.5927964597940445,0.13227660581469536,0.3645477555692196,0.0,0.0,0.0,0.0,0.0,18473,global,0.0
3,3,lr1e-04_bs16_drop0p4_temp2p0_a0p25_b0p05__wd1e-04trmiss0_degmodglobal,16,0.0001,0.0001,0.4,2.0,0.25,0.05,lr1e-04_bs16_drop0p4_temp2p0_a0p25_b0p05__wd1e-04trmiss0_degmodglobal,38,0.6153777241706848,0.758256733417511,0.5,0.7828153328153329,0.46153846153846156,0.0,0.45592623203992844,0.5724999904632568,0.11912146396934986,0.26194779202342033,0.0,0.0,0.0,0.0,0.0,18473,global,0.0
3,3,lr1e-04_bs16_drop0p4_temp2p0_a0p25_b0p05__wd1e-04trmiss0_degmodglobal,16,0.0001,0.0001,0.4,2.0,0.25,0.05,lr1e-04_bs16_drop0p4_temp2p0_a0p25_b0p05__wd1e-04trmiss0_degmodglobal,39,0.6420831233263016,0.7569665312767029,0.5,0.7828153328153329,0.46153846153846156,0.0,0.5007106512784958,0.6053640097379684,0.09928365610539913,0.23796414583921432,0.0,0.0,0.0,0.0,0.0,18473,global,0.0
3,3,lr5e-05_bs16_drop0p2_temp1p0_a0p25_b0p05__wd1e-04trmiss0_degmodglobal,16,5e-05,0.0001,0.2,1.0,0.25,0.05,lr5e-05_bs16_drop0p2_temp1p0_a0p25_b0p05__wd1e-04trmiss0_degmodglobal,1,0.7073205411434174,0.7075600028038025,0.4444444444444445,0.7383708883708884,0.5384615384615384,0.0,0.7339800000190735,0.6906095594167709,0.04456691723316908,0.11138462089002132,0.0,0.0,0.0,0.0,0.0,18473,global,0.0
3,3,lr5e-05_bs16_drop0p2_temp1p0_a0p25_b0p05__wd1e-04trmiss0_degmodglobal,16,5e-05,0.0001,0.2,1.0,0.25,0.05,lr5e-05_bs16_drop0p2_temp1p0_a0p25_b0p05__wd1e-04trmiss0_degmodglobal,2,0.697661742568016,0.7092532515525818,0.4722222222222222,0.7457782957782959,0.46153846153846156,0.0,0.6732333451509476,0.6810196787118912,0.04907122999429703,0.08748507872223854,0.0,0.0,0.0,0.0,0.0,18473,global,0.0
3,3,lr5e-05_bs16_drop0p2_temp1p0_a0p25_b0p05__wd1e-04trmiss0_degmodglobal,16,5e-05,0.0001,0.2,1.0,0.25,0.05,lr5e-05_bs16_drop0p2_temp1p0_a0p25_b0p05__wd1e-04trmiss0_degmodglobal,3,0.6557054221630096,0.7127184867858887,0.4166666666666667,0.7177359677359678,0.46153846153846156,0.0,0.7028671205043793,0.6283373534679413,0.06847870070487261,0.20496802031993866,0.0,0.0,0.0,0.0,0.0,18473,global,0.0
3,3,lr5e-05_bs16_drop0p2_temp1p0_a0p25_b0p05__wd1e-04trmiss0_degmodglobal,16,5e-05,0.0001,0.2,1.0,0.25,0.05,lr5e-05_bs16_drop0p2_temp1p0_a0p25_b0p05__wd1e-04trmiss0_degmodglobal,4,0.6685738265514374,0.7168838977813721,0.4722222222222222,0.7640322640322641,0.5384615384615384,0.0,0.6556622385978699,0.6503510177135468,0.04954106733202934,0.11675076745450497,0.0,0.0,0.0,0.0,0.0,18473,global,0.0
3,3,lr5e-05_bs16_drop0p2_temp1p0_a0p25_b0p05__wd1e-04trmiss0_degmodglobal,16,5e-05,0.0001,0.2,1.0,0.25,0.05,lr5e-05_bs16_drop0p2_temp1p0_a0p25_b0p05__wd1e-04trmiss0_degmodglobal,5,0.6794178038835526,0.7154287695884705,0.4444444444444444,0.7473655973655975,0.5384615384615384,0.0,0.6372794955968857,0.6628894656896591,0.04228622745722532,0.11913576163351536,0.0,0.0,0.0,0.0,0.0,18473,global,0.0
3,3,lr5e-05_bs16_drop0p2_temp1p0_a0p25_b0p05__wd1e-04trmiss0_degmodglobal,16,5e-05,0.0001,0.2,1.0,0.25,0.05,lr5e-05_bs16_drop0p2_temp1p0_a0p25_b0p05__wd1e-04trmiss0_degmodglobal,6,0.658133789896965,0.7196047902107239,0.4444444444444444,0.7473655973655975,0.5384615384615384,0.0,0.6378869861364365,0.6384557783603668,0.05790796782821417,0.1040207240730524,0.0,0.0,0.0,0.0,0.0,18473,global,0.0
3,3,lr5e-05_bs16_drop0p2_temp1p0_a0p25_b0p05__wd1e-04trmiss0_degmodglobal,16,5e-05,0.0001,0.2,1.0,0.25,0.05,lr5e-05_bs16_drop0p2_temp1p0_a0p25_b0p05__wd1e-04trmiss0_degmodglobal,7,0.655561551451683,0.7253471612930298,0.4444444444444444,0.7473655973655975,0.6153846153846154,0.0,0.6287240087985992,0.6376060545444489,0.053463879972696304,0.09179036598652601,0.0,0.0,0.0,0.0,0.0,18473,global,0.0
3,3,lr5e-05_bs16_drop0p2_temp1p0_a0p25_b0p05__wd1e-04trmiss0_degmodglobal,16,5e-05,0.0001,0.2,1.0,0.25,0.05,lr5e-05_bs16_drop0p2_temp1p0_a0p25_b0p05__wd1e-04trmiss0_degmodglobal,8,0.6452588587999344,0.7273504137992859,0.4444444444444444,0.7473655973655975,0.6153846153846154,0.0,0.5960996448993683,0.6234104484319687,0.05676067806780338,0.1531651709228754,0.0,0.0,0.0,0.0,0.0,18473,global,0.0
3,3,lr5e-05_bs16_drop0p2_temp1p0_a0p25_b0p05__wd1e-04trmiss0_degmodglobal,16,5e-05,0.0001,0.2,1.0,0.25,0.05,lr5e-05_bs16_drop0p2_temp1p0_a0p25_b0p05__wd1e-04trmiss0_degmodglobal,9,0.6469915509223938,0.7242305874824524,0.4444444444444444,0.7269952269952271,0.6153846153846154,0.0,0.605159267783165,0.6280312240123749,0.05347071774303913,0.11185259465128183,0.0,0.0,0.0,0.0,0.0,18473,global,0.0
3,3,lr5e-05_bs16_drop0p2_temp1p0_a0p25_b0p05__wd1e-04trmiss0_degmodglobal,16,5e-05,0.0001,0.2,1.0,0.25,0.05,lr5e-05_bs16_drop0p2_temp1p0_a0p25_b0p05__wd1e-04trmiss0_degmodglobal,10,0.6415483355522156,0.7248695492744446,0.41666666666666663,0.7103285603285603,0.6153846153846154,0.0,0.579035297036171,0.6209603399038315,0.055686306208372116,0.1333284191787243,0.0,0.0,0.0,0.0,0.0,18473,global,0.0
3,3,lr5e-05_bs16_drop0p2_temp1p0_a0p25_b0p05__wd1e-04trmiss0_degmodglobal,16,5e-05,0.0001,0.2,1.0,0.25,0.05,lr5e-05_bs16_drop0p2_temp1p0_a0p25_b0p05__wd1e-04trmiss0_degmodglobal,11,0.6460814327001572,0.7317628860473633,0.41666666666666663,0.7103285603285603,0.6153846153846154,0.0,0.6352480351924896,0.6248113811016083,0.06185460556298494,0.11612788215279579,0.0,0.0,0.0,0.0,0.0,18473,global,0.0
3,3,lr5e-05_bs16_drop0p2_temp1p0_a0p25_b0p05__wd1e-04trmiss0_degmodglobal,16,5e-05,0.0001,0.2,1.0,0.25,0.05,lr5e-05_bs16_drop0p2_temp1p0_a0p25_b0p05__wd1e-04trmiss0_degmodglobal,12,0.6422689259052277,0.7298727035522461,0.41666666666666663,0.7103285603285603,0.6153846153846154,0.0,0.5967050790786743,0.6290057301521301,0.03797594807110727,0.07538428902626038,0.0,0.0,0.0,0.0,0.0,18473,global,0.0
3,3,lr5e-05_bs16_drop0p2_temp1p0_a0p25_b0p05__wd1e-04trmiss0_degmodglobal,16,5e-05,0.0001,0.2,1.0,0.25,0.05,lr5e-05_bs16_drop0p2_temp1p0_a0p25_b0p05__wd1e-04trmiss0_degmodglobal,13,0.637368232011795,0.7332977652549744,0.41666666666666663,0.7103285603285603,0.6153846153846154,0.0,0.5846840590238571,0.6161311864852905,0.05947704799473286,0.1273555550724268,0.0,0.0,0.0,0.0,0.0,18473,global,0.0
3,3,lr5e-05_bs16_drop0p2_temp1p0_a0p25_b0p05__wd1e-04trmiss0_degmodglobal,16,5e-05,0.0001,0.2,1.0,0.25,0.05,lr5e-05_bs16_drop0p2_temp1p0_a0p25_b0p05__wd1e-04trmiss0_degmodglobal,14,0.607927680015564,0.7310564517974854,0.4444444444444444,0.7269952269952271,0.6153846153846154,0.0,0.5453454554080963,0.5869549810886383,0.06144443200901151,0.1122317910194397,0.0,0.0,0.0,0.0,0.0,18473,global,0.0
3,3,lr5e-05_bs16_drop0p2_temp1p0_a0p25_b0p05__wd1e-04trmiss0_degmodglobal,16,5e-05,0.0001,0.2,1.0,0.25,0.05,lr5e-05_bs16_drop0p2_temp1p0_a0p25_b0p05__wd1e-04trmiss0_degmodglobal,15,0.6075760573148727,0.7255651354789734,0.5,0.791810041810042,0.6153846153846154,0.0,0.5512126907706261,0.5869841128587723,0.057723056990653276,0.12322378158569336,0.0,0.0,0.0,0.0,0.0,18473,global,0.0
3,3,lr5e-05_bs16_drop0p2_temp1p0_a0p25_b0p05__wd1e-04trmiss0_degmodglobal,16,5e-05,0.0001,0.2,1.0,0.25,0.05,lr5e-05_bs16_drop0p2_temp1p0_a0p25_b0p05__wd1e-04trmiss0_degmodglobal,16,0.6073105931282043,0.728275716304779,0.5,0.791810041810042,0.6153846153846154,0.0,0.5467344522476196,0.5868588238954544,0.056806405540555716,0.12500366009771824,0.0,0.0,0.0,0.0,0.0,18473,global,0.0
3,3,lr5e-05_bs16_drop0p2_temp1p0_a0p25_b0p05__wd1e-04trmiss0_degmodglobal,16,5e-05,0.0001,0.2,1.0,0.25,0.05,lr5e-05_bs16_drop0p2_temp1p0_a0p25_b0p05__wd1e-04trmiss0_degmodglobal,17,0.6280208230018616,0.7332445383071899,0.41666666666666663,0.6714396714396715,0.6153846153846154,0.0,0.5500236451625824,0.5953498482704163,0.08593009505420923,0.22376896254718304,0.0,0.0,0.0,0.0,0.0,18473,global,0.0
3,3,lr5e-05_bs16_drop0p2_temp1p0_a0p25_b0p05__wd1e-04trmiss0_degmodglobal,16,5e-05,0.0001,0.2,1.0,0.25,0.05,lr5e-05_bs16_drop0p2_temp1p0_a0p25_b0p05__wd1e-04trmiss0_degmodglobal,18,0.6331130266189575,0.736400842666626,0.41666666666666663,0.6714396714396715,0.6153846153846154,0.0,0.5807229056954384,0.6041215509176254,0.07765781972557306,0.1915404386818409,0.0,0.0,0.0,0.0,0.0,18473,global,0.0
3,3,lr5e-05_bs16_drop0p2_temp1p0_a0p25_b0p05__wd1e-04trmiss0_degmodglobal,16,5e-05,0.0001,0.2,1.0,0.25,0.05,lr5e-05_bs16_drop0p2_temp1p0_a0p25_b0p05__wd1e-04trmiss0_degmodglobal,19,0.6229951828718185,0.7295273542404175,0.4722222222222222,0.7418100418100417,0.6153846153846154,0.0,0.5446615368127823,0.5919194519519806,0.08673828653991222,0.1878233440220356,0.0,0.0,0.0,0.0,0.0,18473,global,0.0
3,3,lr5e-05_bs16_drop0p2_temp1p0_a0p25_b0p05__wd1e-04trmiss0_degmodglobal,16,5e-05,0.0001,0.2,1.0,0.25,0.05,lr5e-05_bs16_drop0p2_temp1p0_a0p25_b0p05__wd1e-04trmiss0_degmodglobal,20,0.623444452881813,0.7333548665046692,0.4444444444444444,0.7269952269952271,0.6153846153846154,0.0,0.5295488983392715,0.5979236513376236,0.06906113401055336,0.16511041391640902,0.0,0.0,0.0,0.0,0.0,18473,global,0.0
3,3,lr5e-05_bs16_drop0p2_temp1p0_a0p25_b0p05__wd1e-04trmiss0_degmodglobal,16,5e-05,0.0001,0.2,1.0,0.25,0.05,lr5e-05_bs16_drop0p2_temp1p0_a0p25_b0p05__wd1e-04trmiss0_degmodglobal,21,0.5949176251888275,0.7344040274620056,0.41666666666666663,0.7103285603285603,0.6153846153846154,0.0,0.5162598639726639,0.5702402740716934,0.06851231772452593,0.1509852025192231,0.0,0.0,0.0,0.0,0.0,18473,global,0.0
3,3,lr5e-05_bs16_drop0p2_temp1p0_a0p25_b0p05__wd1e-04trmiss0_degmodglobal,16,5e-05,0.0001,0.2,1.0,0.25,0.05,lr5e-05_bs16_drop0p2_temp1p0_a0p25_b0p05__wd1e-04trmiss0_degmodglobal,22,0.6283956915140152,0.7316374778747559,0.41666666666666663,0.7103285603285603,0.6153846153846154,0.0,0.5265456587076187,0.6038007438182831,0.06750407721847296,0.1543787308037281,0.0,0.0,0.0,0.0,0.0,18473,global,0.0
3,3,lr5e-05_bs16_drop0p2_temp1p0_a0p25_b0p05__wd1e-04trmiss0_degmodglobal,16,5e-05,0.0001,0.2,1.0,0.25,0.05,lr5e-05_bs16_drop0p2_temp1p0_a0p25_b0p05__wd1e-04trmiss0_degmodglobal,23,0.6186992675065994,0.7328028678894043,0.4444444444444444,0.7473655973655975,0.6153846153846154,0.0,0.5171162858605385,0.5910044312477112,0.07512455061078072,0.17827403359115124,0.0,0.0,0.0,0.0,0.0,18473,global,0.0
3,3,lr5e-05_bs16_drop0p2_temp1p0_a0p25_b0p05__wd1e-04trmiss0_degmodglobal,16,5e-05,0.0001,0.2,1.0,0.25,0.05,lr5e-05_bs16_drop0p2_temp1p0_a0p25_b0p05__wd1e-04trmiss0_degmodglobal,24,0.5833381861448288,0.7330859303474426,0.3611111111111111,0.6362544862544863,0.6153846153846154,0.0,0.4792826920747757,0.5508183911442757,0.08679500501602888,0.2164208274334669,0.0,0.0,0.0,0.0,0.0,18473,global,0.0
3,3,lr5e-05_bs16_drop0p2_temp1p0_a0p25_b0p05__wd1e-04trmiss0_degmodglobal,16,5e-05,0.0001,0.2,1.0,0.25,0.05,lr5e-05_bs16_drop0p2_temp1p0_a0p25_b0p05__wd1e-04trmiss0_degmodglobal,25,0.5974186062812805,0.7387427687644958,0.38888888888888884,0.6918100418100419,0.6153846153846154,0.0,0.5173021554946899,0.5722501426935196,0.06784806679934263,0.16412924975156784,0.0,0.0,0.0,0.0,0.0,18473,global,0.0
3,3,lr5e-05_bs16_drop0p2_temp1p0_a0p25_b0p05__wd1e-04trmiss0_degmodglobal,16,5e-05,0.0001,0.2,1.0,0.25,0.05,lr5e-05_bs16_drop0p2_temp1p0_a0p25_b0p05__wd1e-04trmiss0_degmodglobal,26,0.616811141371727,0.7408962249755859,0.38888888888888884,0.6918100418100419,0.6153846153846154,0.0,0.5143951997160912,0.5875700265169144,0.07821168191730976,0.1937638372182846,0.0,0.0,0.0,0.0,0.0,18473,global,0.0
3,3,lr5e-05_bs16_drop0p2_temp1p0_a0p25_b0p05__wd1e-04trmiss0_degmodglobal,16,5e-05,0.0001,0.2,1.0,0.25,0.05,lr5e-05_bs16_drop0p2_temp1p0_a0p25_b0p05__wd1e-04trmiss0_degmodglobal,27,0.6049032509326935,0.7405328154563904,0.38888888888888884,0.6918100418100419,0.6153846153846154,0.0,0.48764052242040634,0.5750701874494553,0.08157419413328171,0.18879077211022377,0.0,0.0,0.0,0.0,0.0,18473,global,0.0
3,3,lr5e-05_bs16_drop0p2_temp1p0_a0p25_b0p05__wd1e-04trmiss0_degmodglobal,16,5e-05,0.0001,0.2,1.0,0.25,0.05,lr5e-05_bs16_drop0p2_temp1p0_a0p25_b0p05__wd1e-04trmiss0_degmodglobal,28,0.6166096329689026,0.7309934496879578,0.41666666666666663,0.7103285603285603,0.6153846153846154,0.0,0.5131207928061485,0.5794816762208939,0.09487267211079597,0.2681959606707096,0.0,0.0,0.0,0.0,0.0,18473,global,0.0
3,3,lr5e-05_bs16_drop0p2_temp1p0_a0p25_b0p05__wd1e-04trmiss0_degmodglobal,16,5e-05,0.0001,0.2,1.0,0.25,0.05,lr5e-05_bs16_drop0p2_temp1p0_a0p25_b0p05__wd1e-04trmiss0_degmodglobal,29,0.5941904783248901,0.7287771105766296,0.41666666666666663,0.7103285603285603,0.6153846153846154,0.0,0.5012573674321175,0.5587700754404068,0.10622657649219036,0.17727522179484367,0.0,0.0,0.0,0.0,0.0,18473,global,0.0
3,3,lr5e-05_bs16_drop0p2_temp1p0_a0p25_b0p05__wd1e-04trmiss0_degmodglobal,16,5e-05,0.0001,0.2,1.0,0.25,0.05,lr5e-05_bs16_drop0p2_temp1p0_a0p25_b0p05__wd1e-04trmiss0_degmodglobal,30,0.614656999707222,0.7340226769447327,0.38888888888888884,0.6918100418100419,0.6153846153846154,0.0,0.5062488839030266,0.5859708040952682,0.0754964780062437,0.19624110870063305,0.0,0.0,0.0,0.0,0.0,18473,global,0.0
3,3,lr5e-05_bs16_drop0p2_temp1p0_a0p25_b0p05__wd1e-04trmiss0_degmodglobal,16,5e-05,0.0001,0.2,1.0,0.25,0.05,lr5e-05_bs16_drop0p2_temp1p0_a0p25_b0p05__wd1e-04trmiss0_degmodglobal,31,0.5896317809820175,0.7335743308067322,0.41666666666666663,0.7103285603285603,0.6153846153846154,0.0,0.45623568445444107,0.5522452518343925,0.10123861860483885,0.24153738096356392,0.0,0.0,0.0,0.0,0.0,18473,global,0.0
3,3,lr5e-05_bs16_drop0p2_temp1p0_a0p25_b0p05__wd1e-04trmiss0_degmodglobal,16,5e-05,0.0001,0.2,1.0,0.25,0.05,lr5e-05_bs16_drop0p2_temp1p0_a0p25_b0p05__wd1e-04trmiss0_degmodglobal,32,0.6272964477539062,0.7392313480377197,0.38888888888888884,0.6918100418100419,0.6153846153846154,0.0,0.525147557258606,0.5955934524536133,0.08539928309619427,0.20706326141953468,0.0,0.0,0.0,0.0,0.0,18473,global,0.0
3,3,lr5e-05_bs16_drop0p2_temp1p0_a0p25_b0p05__wd1e-04trmiss0_degmodglobal,16,5e-05,0.0001,0.2,1.0,0.25,0.05,lr5e-05_bs16_drop0p2_temp1p0_a0p25_b0p05__wd1e-04trmiss0_degmodglobal,33,0.6359151899814606,0.7363331317901611,0.38888888888888884,0.6547730047730048,0.6153846153846154,0.0,0.4780121147632599,0.5955535471439362,0.10271051712334156,0.2936806157231331,0.0,0.0,0.0,0.0,0.0,18473,global,0.0
3,3,lr5e-05_bs16_drop0p2_temp1p0_a0p25_b0p05__wd1e-04trmiss0_degmodglobal,16,5e-05,0.0001,0.2,1.0,0.25,0.05,lr5e-05_bs16_drop0p2_temp1p0_a0p25_b0p05__wd1e-04trmiss0_degmodglobal,34,0.5986816138029099,0.7326207160949707,0.38888888888888884,0.6547730047730048,0.6153846153846154,0.0,0.4777214750647545,0.5671389997005463,0.08870803005993366,0.18731211870908737,0.0,0.0,0.0,0.0,0.0,18473,global,0.0
3,3,lr5e-05_bs16_drop0p2_temp1p0_a0p25_b0p05__wd1e-04trmiss0_degmodglobal,16,5e-05,0.0001,0.2,1.0,0.25,0.05,lr5e-05_bs16_drop0p2_temp1p0_a0p25_b0p05__wd1e-04trmiss0_degmodglobal,35,0.6204889416694641,0.733356237411499,0.38888888888888884,0.6547730047730048,0.6153846153846154,0.0,0.4795563295483589,0.5882920771837234,0.08525295369327068,0.2176724709570408,0.0,0.0,0.0,0.0,0.0,18473,global,0.0
3,3,lr5e-05_bs16_drop0p2_temp2p0_a0p25_b0p05__wd1e-04trmiss0_degmodglobal,16,5e-05,0.0001,0.2,2.0,0.25,0.05,lr5e-05_bs16_drop0p2_temp2p0_a0p25_b0p05__wd1e-04trmiss0_degmodglobal,1,0.6869514435529709,0.666053056716919,0.3888888888888889,0.6452260702260703,0.7692307692307693,0.0,0.7077535539865494,0.6657031774520874,0.05401431303471327,0.15489384718239307,0.0,0.0,0.0,0.0,0.0,18473,global,0.0
3,3,lr5e-05_bs16_drop0p2_temp2p0_a0p25_b0p05__wd1e-04trmiss0_degmodglobal,16,5e-05,0.0001,0.2,2.0,0.25,0.05,lr5e-05_bs16_drop0p2_temp2p0_a0p25_b0p05__wd1e-04trmiss0_degmodglobal,2,0.6969495713710785,0.6674690246582031,0.4166666666666667,0.6472101972101972,0.7692307692307693,0.0,0.7152648270130157,0.664520189166069,0.07974335178732872,0.24987080320715904,0.0,0.0,0.0,0.0,0.0,18473,global,0.0
3,3,lr5e-05_bs16_drop0p2_temp2p0_a0p25_b0p05__wd1e-04trmiss0_degmodglobal,16,5e-05,0.0001,0.2,2.0,0.25,0.05,lr5e-05_bs16_drop0p2_temp2p0_a0p25_b0p05__wd1e-04trmiss0_degmodglobal,3,0.6290601342916489,0.6688405871391296,0.4166666666666667,0.6472101972101972,0.7692307692307693,0.0,0.6718597561120987,0.6024747490882874,0.07425935752689838,0.1604107152670622,0.0,0.0,0.0,0.0,0.0,18473,global,0.0
3,3,lr5e-05_bs16_drop0p2_temp2p0_a0p25_b0p05__wd1e-04trmiss0_degmodglobal,16,5e-05,0.0001,0.2,2.0,0.25,0.05,lr5e-05_bs16_drop0p2_temp2p0_a0p25_b0p05__wd1e-04trmiss0_degmodglobal,4,0.6313347518444061,0.666729211807251,0.4166666666666667,0.6472101972101972,0.7692307692307693,0.0,0.6614811569452286,0.6061051189899445,0.061979612335562706,0.19469422847032547,0.0,0.0,0.0,0.0,0.0,18473,global,0.0
3,3,lr5e-05_bs16_drop0p2_temp2p0_a0p25_b0p05__wd1e-04trmiss0_degmodglobal,16,5e-05,0.0001,0.2,2.0,0.25,0.05,lr5e-05_bs16_drop0p2_temp2p0_a0p25_b0p05__wd1e-04trmiss0_degmodglobal,5,0.6152647882699966,0.6674478650093079,0.4444444444444444,0.6564694564694565,0.7692307692307693,0.0,0.6573859304189682,0.5874734073877335,0.06653081998229027,0.22317318245768547,0.0,0.0,0.0,0.0,0.0,18473,global,0.0
3,3,lr5e-05_bs16_drop0p2_temp2p0_a0p25_b0p05__wd1e-04trmiss0_degmodglobal,16,5e-05,0.0001,0.2,2.0,0.25,0.05,lr5e-05_bs16_drop0p2_temp2p0_a0p25_b0p05__wd1e-04trmiss0_degmodglobal,6,0.605737715959549,0.6672142744064331,0.4444444444444444,0.6564694564694565,0.7692307692307693,0.0,0.6545044332742691,0.5733264088630676,0.0845219362527132,0.2256164588034153,0.0,0.0,0.0,0.0,0.0,18473,global,0.0
3,3,lr5e-05_bs16_drop0p2_temp2p0_a0p25_b0p05__wd1e-04trmiss0_degmodglobal,16,5e-05,0.0001,0.2,2.0,0.25,0.05,lr5e-05_bs16_drop0p2_temp2p0_a0p25_b0p05__wd1e-04trmiss0_degmodglobal,7,0.6093915104866028,0.6666850447654724,0.4444444444444444,0.6564694564694565,0.7692307692307693,0.0,0.6313269138336182,0.5886645764112473,0.056192437652498484,0.13357649743556976,0.0,0.0,0.0,0.0,0.0,18473,global,0.0
3,3,lr5e-05_bs16_drop0p2_temp2p0_a0p25_b0p05__wd1e-04trmiss0_degmodglobal,16,5e-05,0.0001,0.2,2.0,0.25,0.05,lr5e-05_bs16_drop0p2_temp2p0_a0p25_b0p05__wd1e-04trmiss0_degmodglobal,8,0.614104375243187,0.6674797534942627,0.4444444444444444,0.6564694564694565,0.7692307692307693,0.0,0.6205152869224548,0.5917959660291672,0.05958688538521528,0.1482338961213827,0.0,0.0,0.0,0.0,0.0,18473,global,0.0
3,3,lr5e-05_bs16_drop0p2_temp2p0_a0p25_b0p05__wd1e-04trmiss0_degmodglobal,16,5e-05,0.0001,0.2,2.0,0.25,0.05,lr5e-05_bs16_drop0p2_temp2p0_a0p25_b0p05__wd1e-04trmiss0_degmodglobal,9,0.6020805984735489,0.6687348484992981,0.4722222222222222,0.6823953823953824,0.7692307692307693,0.0,0.6171613186597824,0.5831460505723953,0.05226678308099508,0.1173571478575468,0.0,0.0,0.0,0.0,0.0,18473,global,0.0
3,3,lr5e-05_bs16_drop0p2_temp2p0_a0p25_b0p05__wd1e-04trmiss0_degmodglobal,16,5e-05,0.0001,0.2,2.0,0.25,0.05,lr5e-05_bs16_drop0p2_temp2p0_a0p25_b0p05__wd1e-04trmiss0_degmodglobal,10,0.6141138076782227,0.6711666584014893,0.4166666666666667,0.6472101972101972,0.7692307692307693,0.0,0.6096653789281845,0.5935129374265671,0.06238125078380108,0.10011153109371662,0.0,0.0,0.0,0.0,0.0,18473,global,0.0
3,3,lr5e-05_bs16_drop0p2_temp2p0_a0p25_b0p05__wd1e-04trmiss0_degmodglobal,16,5e-05,0.0001,0.2,2.0,0.25,0.05,lr5e-05_bs16_drop0p2_temp2p0_a0p25_b0p05__wd1e-04trmiss0_degmodglobal,11,0.5815950185060501,0.6704419255256653,0.4722222222222222,0.674987974987975,0.7692307692307693,0.0,0.5938884019851685,0.567159429192543,0.03985991328954697,0.08941219374537468,0.0,0.0,0.0,0.0,0.0,18473,global,0.0
3,3,lr5e-05_bs16_drop0p2_temp2p0_a0p25_b0p05__wd1e-04trmiss0_degmodglobal,16,5e-05,0.0001,0.2,2.0,0.25,0.05,lr5e-05_bs16_drop0p2_temp2p0_a0p25_b0p05__wd1e-04trmiss0_degmodglobal,12,0.6155179142951965,0.6762439012527466,0.4722222222222222,0.6651114317780985,0.7692307692307693,0.0,0.5766152441501617,0.5959468632936478,0.04706558771431446,0.1560930721461773,0.0,0.0,0.0,0.0,0.0,18473,global,0.0
3,3,lr5e-05_bs16_drop0p2_temp2p0_a0p25_b0p05__wd1e-04trmiss0_degmodglobal,16,5e-05,0.0001,0.2,2.0,0.25,0.05,lr5e-05_bs16_drop0p2_temp2p0_a0p25_b0p05__wd1e-04trmiss0_degmodglobal,13,0.5819310545921326,0.6788128614425659,0.5,0.683629950296617,0.6923076923076923,0.0,0.595891922712326,0.5637690424919128,0.048472792375832796,0.12087668664753437,0.0,0.0,0.0,0.0,0.0,18473,global,0.0
3,3,lr5e-05_bs16_drop0p2_temp2p0_a0p25_b0p05__wd1e-04trmiss0_degmodglobal,16,5e-05,0.0001,0.2,2.0,0.25,0.05,lr5e-05_bs16_drop0p2_temp2p0_a0p25_b0p05__wd1e-04trmiss0_degmodglobal,14,0.5679603815078735,0.67841637134552,0.5,0.683629950296617,0.6923076923076923,0.0,0.5822032988071442,0.5513506084680557,0.0434908140450716,0.11474152002483606,0.0,0.0,0.0,0.0,0.0,18473,global,0.0
3,3,lr5e-05_bs16_drop0p2_temp2p0_a0p25_b0p05__wd1e-04trmiss0_degmodglobal,16,5e-05,0.0001,0.2,2.0,0.25,0.05,lr5e-05_bs16_drop0p2_temp2p0_a0p25_b0p05__wd1e-04trmiss0_degmodglobal,15,0.5910644233226776,0.6769382953643799,0.4722222222222222,0.674987974987975,0.7692307692307693,0.0,0.5548686385154724,0.5758682191371918,0.038664912804961205,0.11059978790581226,0.0,0.0,0.0,0.0,0.0,18473,global,0.0
3,3,lr5e-05_bs16_drop0p2_temp2p0_a0p25_b0p05__wd1e-04trmiss0_degmodglobal,16,5e-05,0.0001,0.2,2.0,0.25,0.05,lr5e-05_bs16_drop0p2_temp2p0_a0p25_b0p05__wd1e-04trmiss0_degmodglobal,16,0.5778184533119202,0.6771140694618225,0.4444444444444444,0.6564694564694565,0.7692307692307693,0.0,0.5762429386377335,0.5587017089128494,0.04932398907840252,0.13571494445204735,0.0,0.0,0.0,0.0,0.0,18473,global,0.0
3,3,lr5e-05_bs16_drop0p2_temp2p0_a0p25_b0p05__wd1e-04trmiss0_degmodglobal,16,5e-05,0.0001,0.2,2.0,0.25,0.05,lr5e-05_bs16_drop0p2_temp2p0_a0p25_b0p05__wd1e-04trmiss0_degmodglobal,17,0.6020873934030533,0.6744596362113953,0.4166666666666667,0.6472101972101972,0.7692307692307693,0.0,0.5785175263881683,0.5868299603462219,0.04333970230072737,0.08845017943531275,0.0,0.0,0.0,0.0,0.0,18473,global,0.0
3,3,lr5e-05_bs16_drop0p2_temp2p0_a0p25_b0p05__wd1e-04trmiss0_degmodglobal,16,5e-05,0.0001,0.2,2.0,0.25,0.05,lr5e-05_bs16_drop0p2_temp2p0_a0p25_b0p05__wd1e-04trmiss0_degmodglobal,18,0.5704313516616821,0.6711098551750183,0.4722222222222222,0.6823953823953824,0.7692307692307693,0.0,0.5701726526021957,0.5547182708978653,0.04252006020396948,0.10166102554649115,0.0,0.0,0.0,0.0,0.0,18473,global,0.0
3,3,lr5e-05_bs16_drop0p2_temp2p0_a0p25_b0p05__wd1e-04trmiss0_degmodglobal,16,5e-05,0.0001,0.2,2.0,0.25,0.05,lr5e-05_bs16_drop0p2_temp2p0_a0p25_b0p05__wd1e-04trmiss0_degmodglobal,19,0.5746574550867081,0.6694273948669434,0.4722222222222222,0.6823953823953824,0.7692307692307693,0.0,0.5657481998205185,0.5574706941843033,0.04605637863278389,0.11345293931663036,0.0,0.0,0.0,0.0,0.0,18473,global,0.0
3,3,lr5e-05_bs16_drop0p2_temp2p0_a0p25_b0p05__wd1e-04trmiss0_degmodglobal,16,5e-05,0.0001,0.2,2.0,0.25,0.05,lr5e-05_bs16_drop0p2_temp2p0_a0p25_b0p05__wd1e-04trmiss0_degmodglobal,20,0.5830436497926712,0.6713191270828247,0.4722222222222222,0.6823953823953824,0.7692307692307693,0.0,0.5468115955591202,0.566183939576149,0.04573975969105959,0.10849536396563053,0.0,0.0,0.0,0.0,0.0,18473,global,0.0
3,3,lr5e-05_bs16_drop0p2_temp2p0_a0p25_b0p05__wd1e-04trmiss0_degmodglobal,16,5e-05,0.0001,0.2,2.0,0.25,0.05,lr5e-05_bs16_drop0p2_temp2p0_a0p25_b0p05__wd1e-04trmiss0_degmodglobal,21,0.5645865350961685,0.6735590696334839,0.4722222222222222,0.6823953823953824,0.7692307692307693,0.0,0.5687993913888931,0.5452099442481995,0.04963798448443413,0.13934174552559853,0.0,0.0,0.0,0.0,0.0,18473,global,0.0
3,3,lr5e-05_bs16_drop0p2_temp2p0_a0p25_b0p05__wd1e-04trmiss0_degmodglobal,16,5e-05,0.0001,0.2,2.0,0.25,0.05,lr5e-05_bs16_drop0p2_temp2p0_a0p25_b0p05__wd1e-04trmiss0_degmodglobal,22,0.5736791491508484,0.6747353672981262,0.5,0.6916546416546417,0.6923076923076923,0.0,0.5526129454374313,0.5515036582946777,0.05664202105253935,0.16029932722449303,0.0,0.0,0.0,0.0,0.0,18473,global,0.0
3,3,lr5e-05_bs16_drop0p2_temp2p0_a0p25_b0p05__wd1e-04trmiss0_degmodglobal,16,5e-05,0.0001,0.2,2.0,0.25,0.05,lr5e-05_bs16_drop0p2_temp2p0_a0p25_b0p05__wd1e-04trmiss0_degmodglobal,23,0.5660338997840881,0.6739421486854553,0.5,0.6916546416546417,0.6923076923076923,0.0,0.5705974251031876,0.5504118949174881,0.041168032214045525,0.10660041123628616,0.0,0.0,0.0,0.0,0.0,18473,global,0.0
3,3,lr5e-05_bs16_drop0p2_temp2p0_a0p25_b0p05__wd1e-04trmiss0_degmodglobal,16,5e-05,0.0001,0.2,2.0,0.25,0.05,lr5e-05_bs16_drop0p2_temp2p0_a0p25_b0p05__wd1e-04trmiss0_degmodglobal,24,0.5561290383338928,0.6731614470481873,0.5,0.6916546416546417,0.6923076923076923,0.0,0.5550790727138519,0.537507101893425,0.05102251656353474,0.11732606217265129,0.0,0.0,0.0,0.0,0.0,18473,global,0.0
3,3,lr5e-05_bs16_drop0p2_temp2p0_a0p25_b0p05__wd1e-04trmiss0_degmodglobal,16,5e-05,0.0001,0.2,2.0,0.25,0.05,lr5e-05_bs16_drop0p2_temp2p0_a0p25_b0p05__wd1e-04trmiss0_degmodglobal,25,0.5709959417581558,0.671991229057312,0.5,0.6916546416546417,0.6923076923076923,0.0,0.5634810626506805,0.5553685575723648,0.04541099350899458,0.08549228217452765,0.0,0.0,0.0,0.0,0.0,18473,global,0.0
3,3,lr5e-05_bs16_drop0p2_temp2p0_a0p25_b0p05__wd1e-04trmiss0_degmodglobal,16,5e-05,0.0001,0.2,2.0,0.25,0.05,lr5e-05_bs16_drop0p2_temp2p0_a0p25_b0p05__wd1e-04trmiss0_degmodglobal,26,0.595719963312149,0.67182457447052,0.4722222222222222,0.6823953823953824,0.6923076923076923,0.0,0.5601821839809418,0.5765052139759064,0.049853469245135784,0.13502802699804306,0.0,0.0,0.0,0.0,0.0,18473,global,0.0
3,3,lr5e-05_bs16_drop0p2_temp2p0_a0p25_b0p05__wd1e-04trmiss0_degmodglobal,16,5e-05,0.0001,0.2,2.0,0.25,0.05,lr5e-05_bs16_drop0p2_temp2p0_a0p25_b0p05__wd1e-04trmiss0_degmodglobal,27,0.5665687620639801,0.6719376444816589,0.4722222222222222,0.6823953823953824,0.6923076923076923,0.0,0.5689764022827148,0.5461655706167221,0.05879595875740051,0.11408421583473682,0.0,0.0,0.0,0.0,0.0,18473,global,0.0
3,3,lr5e-05_bs16_drop0p2_temp2p0_a0p25_b0p05__wd1e-04trmiss0_degmodglobal,16,5e-05,0.0001,0.2,2.0,0.25,0.05,lr5e-05_bs16_drop0p2_temp2p0_a0p25_b0p05__wd1e-04trmiss0_degmodglobal,28,0.5666428655385971,0.6688355207443237,0.4444444444444444,0.6657287157287157,0.6923076923076923,0.0,0.526445209980011,0.5475974678993225,0.052270966582000256,0.11955301277339458,0.0,0.0,0.0,0.0,0.0,18473,global,0.0
3,3,lr5e-05_bs16_drop0p2_temp2p0_a0p25_b0p05__wd1e-04trmiss0_degmodglobal,16,5e-05,0.0001,0.2,2.0,0.25,0.05,lr5e-05_bs16_drop0p2_temp2p0_a0p25_b0p05__wd1e-04trmiss0_degmodglobal,29,0.5709781050682068,0.6695533394813538,0.4444444444444444,0.6657287157287157,0.6923076923076923,0.0,0.5283126980066299,0.5514009594917297,0.05278101470321417,0.12763752974569798,0.0,0.0,0.0,0.0,0.0,18473,global,0.0
3,3,lr5e-05_bs16_drop0p2_temp2p0_a0p25_b0p05__wd1e-04trmiss0_degmodglobal,16,5e-05,0.0001,0.2,2.0,0.25,0.05,lr5e-05_bs16_drop0p2_temp2p0_a0p25_b0p05__wd1e-04trmiss0_degmodglobal,30,0.5727131068706512,0.671000599861145,0.4444444444444444,0.6657287157287157,0.6923076923076923,0.0,0.5501960515975952,0.5512905567884445,0.05823894962668419,0.13725653942674398,0.0,0.0,0.0,0.0,0.0,18473,global,0.0
3,3,lr5e-05_bs16_drop0p2_temp2p0_a0p25_b0p05__wd1e-04trmiss0_degmodglobal,16,5e-05,0.0001,0.2,2.0,0.25,0.05,lr5e-05_bs16_drop0p2_temp2p0_a0p25_b0p05__wd1e-04trmiss0_degmodglobal,31,0.560216873884201,0.6698305606842041,0.4444444444444444,0.6657287157287157,0.6923076923076923,0.0,0.5257425457239151,0.5429149568080902,0.04992949916049838,0.09639110416173935,0.0,0.0,0.0,0.0,0.0,18473,global,0.0
3,3,lr5e-05_bs16_drop0p2_temp2p0_a0p25_b0p05__wd1e-04trmiss0_degmodglobal,16,5e-05,0.0001,0.2,2.0,0.25,0.05,lr5e-05_bs16_drop0p2_temp2p0_a0p25_b0p05__wd1e-04trmiss0_degmodglobal,32,0.5611031502485275,0.6709740161895752,0.4722222222222222,0.6823953823953824,0.6923076923076923,0.0,0.5254779160022736,0.5397357493638992,0.054780131205916405,0.15344764105975628,0.0,0.0,0.0,0.0,0.0,18473,global,0.0
3,3,lr5e-05_bs16_drop0p2_temp2p0_a0p25_b0p05__wd1e-04trmiss0_degmodglobal,16,5e-05,0.0001,0.2,2.0,0.25,0.05,lr5e-05_bs16_drop0p2_temp2p0_a0p25_b0p05__wd1e-04trmiss0_degmodglobal,33,0.5678114742040634,0.6723861694335938,0.4722222222222222,0.674987974987975,0.6923076923076923,0.0,0.5474180728197098,0.5504094660282135,0.04713751282542944,0.11235249787569046,0.0,0.0,0.0,0.0,0.0,18473,global,0.0
3,3,lr5e-05_bs16_drop0p2_temp2p0_a0p25_b0p05__wd1e-04trmiss0_degmodglobal,16,5e-05,0.0001,0.2,2.0,0.25,0.05,lr5e-05_bs16_drop0p2_temp2p0_a0p25_b0p05__wd1e-04trmiss0_degmodglobal,34,0.5737044513225555,0.6719886660575867,0.4722222222222222,0.6823953823953824,0.6923076923076923,0.0,0.5287415385246277,0.5560656636953354,0.04618246108293533,0.1218635980039835,0.0,0.0,0.0,0.0,0.0,18473,global,0.0
3,3,lr5e-05_bs16_drop0p2_temp2p0_a0p25_b0p05__wd1e-04trmiss0_degmodglobal,16,5e-05,0.0001,0.2,2.0,0.25,0.05,lr5e-05_bs16_drop0p2_temp2p0_a0p25_b0p05__wd1e-04trmiss0_degmodglobal,35,0.56529301404953,0.671575129032135,0.5,0.6916546416546417,0.6923076923076923,0.0,0.545391634106636,0.545616090297699,0.053918092511594296,0.12394804134964943,0.0,0.0,0.0,0.0,0.0,18473,global,0.0
3,3,lr5e-05_bs16_drop0p2_temp2p0_a0p25_b0p05__wd1e-04trmiss0_degmodglobal,16,5e-05,0.0001,0.2,2.0,0.25,0.05,lr5e-05_bs16_drop0p2_temp2p0_a0p25_b0p05__wd1e-04trmiss0_degmodglobal,36,0.6047979891300201,0.6707011461257935,0.4722222222222222,0.6823953823953824,0.6923076923076923,0.0,0.5123608261346817,0.5770310610532761,0.07112661190330982,0.19970582611858845,0.0,0.0,0.0,0.0,0.0,18473,global,0.0
3,3,lr5e-05_bs16_drop0p2_temp2p0_a0p25_b0p05__wd1e-04trmiss0_degmodglobal,16,5e-05,0.0001,0.2,2.0,0.25,0.05,lr5e-05_bs16_drop0p2_temp2p0_a0p25_b0p05__wd1e-04trmiss0_degmodglobal,37,0.575282484292984,0.6724472045898438,0.4444444444444444,0.6657287157287157,0.6923076923076923,0.0,0.5106705203652382,0.552579864859581,0.061190043576061726,0.14810197986662388,0.0,0.0,0.0,0.0,0.0,18473,global,0.0
3,3,lr5e-05_bs16_drop0p2_temp2p0_a0p25_b0p05__wd1e-04trmiss0_degmodglobal,16,5e-05,0.0001,0.2,2.0,0.25,0.05,lr5e-05_bs16_drop0p2_temp2p0_a0p25_b0p05__wd1e-04trmiss0_degmodglobal,38,0.5772057324647903,0.6733414530754089,0.4444444444444444,0.6657287157287157,0.6923076923076923,0.0,0.5321825966238976,0.5528466403484344,0.0631651058793068,0.1713563408702612,0.0,0.0,0.0,0.0,0.0,18473,global,0.0
3,3,lr5e-05_bs16_drop0p2_temp2p0_a0p25_b0p05__wd1e-04trmiss0_degmodglobal,16,5e-05,0.0001,0.2,2.0,0.25,0.05,lr5e-05_bs16_drop0p2_temp2p0_a0p25_b0p05__wd1e-04trmiss0_degmodglobal,39,0.5619980841875076,0.6734296083450317,0.4722222222222222,0.674987974987975,0.6923076923076923,0.0,0.5553528070449829,0.5426236838102341,0.05035676248371601,0.13570399582386017,0.0,0.0,0.0,0.0,0.0,18473,global,0.0
3,3,lr5e-05_bs16_drop0p2_temp2p0_a0p25_b0p05__wd1e-04trmiss0_degmodglobal,16,5e-05,0.0001,0.2,2.0,0.25,0.05,lr5e-05_bs16_drop0p2_temp2p0_a0p25_b0p05__wd1e-04trmiss0_degmodglobal,40,0.5531057417392731,0.6729079484939575,0.4722222222222222,0.674987974987975,0.6923076923076923,0.0,0.5396653339266777,0.5354796350002289,0.04596723476424813,0.12268640659749508,0.0,0.0,0.0,0.0,0.0,18473,global,0.0
3,3,lr5e-05_bs16_drop0p2_temp2p0_a0p25_b0p05__wd1e-04trmiss0_degmodglobal,16,5e-05,0.0001,0.2,2.0,0.25,0.05,lr5e-05_bs16_drop0p2_temp2p0_a0p25_b0p05__wd1e-04trmiss0_degmodglobal,41,0.5461977124214172,0.6723511815071106,0.4722222222222222,0.674987974987975,0.6923076923076923,0.0,0.5069847702980042,0.5261273384094238,0.05497504957020283,0.12653235159814358,0.0,0.0,0.0,0.0,0.0,18473,global,0.0
3,3,lr5e-05_bs16_drop0p2_temp2p0_a0p25_b0p05__wd1e-04trmiss0_degmodglobal,16,5e-05,0.0001,0.2,2.0,0.25,0.05,lr5e-05_bs16_drop0p2_temp2p0_a0p25_b0p05__wd1e-04trmiss0_degmodglobal,42,0.5481010377407074,0.6718341708183289,0.4444444444444444,0.6657287157287157,0.6923076923076923,0.0,0.5071407482028008,0.5246327221393585,0.06223652604967356,0.1581831369549036,0.0,0.0,0.0,0.0,0.0,18473,global,0.0
3,3,lr5e-05_bs16_drop0p2_temp2p0_a0p25_b0p05__wd1e-04trmiss0_degmodglobal,16,5e-05,0.0001,0.2,2.0,0.25,0.05,lr5e-05_bs16_drop0p2_temp2p0_a0p25_b0p05__wd1e-04trmiss0_degmodglobal,43,0.5727920979261398,0.6719477772712708,0.4722222222222222,0.6823953823953824,0.6923076923076923,0.0,0.49963875114917755,0.5523710250854492,0.051025060936808586,0.15329622104763985,0.0,0.0,0.0,0.0,0.0,18473,global,0.0
3,3,lr5e-05_bs16_drop0p2_temp2p0_a0p25_b0p05__wd1e-04trmiss0_degmodglobal,16,5e-05,0.0001,0.2,2.0,0.25,0.05,lr5e-05_bs16_drop0p2_temp2p0_a0p25_b0p05__wd1e-04trmiss0_degmodglobal,44,0.5645556002855301,0.6699420213699341,0.4444444444444444,0.6657287157287157,0.6923076923076923,0.0,0.5118673890829086,0.5441897362470627,0.05327887833118439,0.14092298597097397,0.0,0.0,0.0,0.0,0.0,18473,global,0.0
3,3,lr5e-05_bs16_drop0p2_temp2p0_a0p25_b0p05__wd1e-04trmiss0_degmodglobal,16,5e-05,0.0001,0.2,2.0,0.25,0.05,lr5e-05_bs16_drop0p2_temp2p0_a0p25_b0p05__wd1e-04trmiss0_degmodglobal,45,0.5807267278432846,0.6705624461174011,0.4722222222222222,0.6823953823953824,0.6923076923076923,0.0,0.5110486671328545,0.5588248521089554,0.05472165299579501,0.16442919801920652,0.0,0.0,0.0,0.0,0.0,18473,global,0.0
3,3,lr5e-05_bs16_drop0p2_temp2p0_a0p25_b0p05__wd1e-04trmiss0_degmodglobal,16,5e-05,0.0001,0.2,2.0,0.25,0.05,lr5e-05_bs16_drop0p2_temp2p0_a0p25_b0p05__wd1e-04trmiss0_degmodglobal,46,0.5703542679548264,0.6695342659950256,0.4722222222222222,0.6823953823953824,0.6923076923076923,0.0,0.48626137524843216,0.5485695004463196,0.056799039244651794,0.1517004854977131,0.0,0.0,0.0,0.0,0.0,18473,global,0.0
3,3,lr5e-05_bs16_drop0p2_temp2p0_a0p25_b0p05__wd1e-04trmiss0_degmodglobal,16,5e-05,0.0001,0.2,2.0,0.25,0.05,lr5e-05_bs16_drop0p2_temp2p0_a0p25_b0p05__wd1e-04trmiss0_degmodglobal,47,0.6068948805332184,0.6706035733222961,0.4722222222222222,0.6823953823953824,0.6923076923076923,0.0,0.5084123760461807,0.5808751285076141,0.06990897189825773,0.17085016705095768,0.0,0.0,0.0,0.0,0.0,18473,global,0.0
3,3,lr5e-05_bs16_drop0p2_temp2p0_a0p25_b0p05__wd1e-04trmiss0_degmodglobal,16,5e-05,0.0001,0.2,2.0,0.25,0.05,lr5e-05_bs16_drop0p2_temp2p0_a0p25_b0p05__wd1e-04trmiss0_degmodglobal,48,0.5710009336471558,0.6716359257698059,0.4722222222222222,0.6823953823953824,0.6923076923076923,0.0,0.518760085105896,0.5467672199010849,0.06426300387829542,0.16335930861532688,0.0,0.0,0.0,0.0,0.0,18473,global,0.0
3,3,lr5e-05_bs16_drop0p2_temp2p0_a0p25_b0p05__wd1e-04trmiss0_degmodglobal,16,5e-05,0.0001,0.2,2.0,0.25,0.05,lr5e-05_bs16_drop0p2_temp2p0_a0p25_b0p05__wd1e-04trmiss0_degmodglobal,49,0.5823877453804016,0.6716256737709045,0.5,0.6972101972101973,0.6923076923076923,0.0,0.4987184479832649,0.5610806494951248,0.05593643104657531,0.14645945094525814,0.0,0.0,0.0,0.0,0.0,18473,global,0.0
3,3,lr5e-05_bs16_drop0p2_temp2p0_a0p25_b0p05__wd1e-04trmiss0_degmodglobal,16,5e-05,0.0001,0.2,2.0,0.25,0.05,lr5e-05_bs16_drop0p2_temp2p0_a0p25_b0p05__wd1e-04trmiss0_degmodglobal,50,0.5491805374622345,0.6707212924957275,0.4722222222222222,0.6823953823953824,0.6923076923076923,0.0,0.484220989048481,0.5285891592502594,0.057146985083818436,0.1260926052927971,0.0,0.0,0.0,0.0,0.0,18473,global,0.0
3,3,lr5e-05_bs16_drop0p2_temp2p0_a0p25_b0p05__wd1e-04trmiss0_degmodglobal,16,5e-05,0.0001,0.2,2.0,0.25,0.05,lr5e-05_bs16_drop0p2_temp2p0_a0p25_b0p05__wd1e-04trmiss0_degmodglobal,51,0.591181293129921,0.6725196838378906,0.4722222222222222,0.6823953823953824,0.6923076923076923,0.0,0.5270872414112091,0.5643519908189774,0.07258928846567869,0.17363913729786873,0.0,0.0,0.0,0.0,0.0,18473,global,0.0
3,3,lr5e-05_bs16_drop0p2_temp2p0_a0p25_b0p05__wd1e-04trmiss0_degmodglobal,16,5e-05,0.0001,0.2,2.0,0.25,0.05,lr5e-05_bs16_drop0p2_temp2p0_a0p25_b0p05__wd1e-04trmiss0_degmodglobal,52,0.5868091583251953,0.6714620590209961,0.4722222222222222,0.6823953823953824,0.6923076923076923,0.0,0.5061142966151237,0.5632794946432114,0.0648722667247057,0.14623178355395794,0.0,0.0,0.0,0.0,0.0,18473,global,0.0
3,3,lr5e-05_bs16_drop0p2_temp2p0_a0p25_b0p05__wd1e-04trmiss0_degmodglobal,16,5e-05,0.0001,0.2,2.0,0.25,0.05,lr5e-05_bs16_drop0p2_temp2p0_a0p25_b0p05__wd1e-04trmiss0_degmodglobal,53,0.561798945069313,0.6732012033462524,0.4444444444444444,0.6657287157287157,0.6923076923076923,0.0,0.4872283786535263,0.5319551974534988,0.08194893132895231,0.18713035434484482,0.0,0.0,0.0,0.0,0.0,18473,global,0.0
3,3,lr5e-05_bs16_drop0p2_temp2p0_a0p25_b0p05__wd1e-04trmiss0_degmodglobal,16,5e-05,0.0001,0.2,2.0,0.25,0.05,lr5e-05_bs16_drop0p2_temp2p0_a0p25_b0p05__wd1e-04trmiss0_degmodglobal,54,0.5846136659383774,0.6731207370758057,0.4444444444444444,0.6657287157287157,0.6923076923076923,0.0,0.49387048184871674,0.5576491206884384,0.0668491292744875,0.20504502579569817,0.0,0.0,0.0,0.0,0.0,18473,global,0.0
3,3,lr5e-05_bs16_drop0p2_temp2p0_a0p25_b0p05__wd1e-04trmiss0_degmodglobal,16,5e-05,0.0001,0.2,2.0,0.25,0.05,lr5e-05_bs16_drop0p2_temp2p0_a0p25_b0p05__wd1e-04trmiss0_degmodglobal,55,0.6049867868423462,0.6743000745773315,0.4444444444444444,0.6657287157287157,0.6923076923076923,0.0,0.5168559402227402,0.577618733048439,0.07233364600688219,0.1856926903128624,0.0,0.0,0.0,0.0,0.0,18473,global,0.0
3,3,lr5e-05_bs16_drop0p4_temp1p0_a0p25_b0p05__wd1e-04trmiss0_degmodglobal,16,5e-05,0.0001,0.4,1.0,0.25,0.05,lr5e-05_bs16_drop0p4_temp1p0_a0p25_b0p05__wd1e-04trmiss0_degmodglobal,1,0.7431417554616928,0.6912554502487183,0.5277777777777778,0.798880748880749,0.38461538461538464,0.0,0.649569645524025,0.7198415547609329,0.05072731524705887,0.21236726269125938,0.0,0.0,0.0,0.0,0.0,18473,global,0.0
3,3,lr5e-05_bs16_drop0p4_temp1p0_a0p25_b0p05__wd1e-04trmiss0_degmodglobal,16,5e-05,0.0001,0.4,1.0,0.25,0.05,lr5e-05_bs16_drop0p4_temp1p0_a0p25_b0p05__wd1e-04trmiss0_degmodglobal,2,0.7446393072605133,0.6961076855659485,0.4722222222222222,0.7825507825507827,0.5384615384615384,0.0,0.6439650356769562,0.7173724472522736,0.05908263521268964,0.24992398545145988,0.0,0.0,0.0,0.0,0.0,18473,global,0.0
3,3,lr5e-05_bs16_drop0p4_temp1p0_a0p25_b0p05__wd1e-04trmiss0_degmodglobal,16,5e-05,0.0001,0.4,1.0,0.25,0.05,lr5e-05_bs16_drop0p4_temp1p0_a0p25_b0p05__wd1e-04trmiss0_degmodglobal,3,0.7119226306676865,0.6994720101356506,0.4722222222222222,0.7797008547008548,0.5384615384615384,0.0,0.6731879711151123,0.6885125935077667,0.058921074494719505,0.1735952142626047,0.0,0.0,0.0,0.0,0.0,18473,global,0.0
3,3,lr5e-05_bs16_drop0p4_temp1p0_a0p25_b0p05__wd1e-04trmiss0_degmodglobal,16,5e-05,0.0001,0.4,1.0,0.25,0.05,lr5e-05_bs16_drop0p4_temp1p0_a0p25_b0p05__wd1e-04trmiss0_degmodglobal,4,0.6986651718616486,0.703549861907959,0.5555555555555556,0.8076599326599327,0.5384615384615384,0.0,0.6502908617258072,0.6743966937065125,0.057314321398735046,0.1987982578575611,0.0,0.0,0.0,0.0,0.0,18473,global,0.0
3,3,lr5e-05_bs16_drop0p4_temp1p0_a0p25_b0p05__wd1e-04trmiss0_degmodglobal,16,5e-05,0.0001,0.4,1.0,0.25,0.05,lr5e-05_bs16_drop0p4_temp1p0_a0p25_b0p05__wd1e-04trmiss0_degmodglobal,5,0.7188868820667267,0.707694947719574,0.5277777777777778,0.7928451178451179,0.5384615384615384,0.0,0.6172016859054565,0.6952603757381439,0.05529811978340149,0.19603987410664558,0.0,0.0,0.0,0.0,0.0,18473,global,0.0
3,3,lr5e-05_bs16_drop0p4_temp1p0_a0p25_b0p05__wd1e-04trmiss0_degmodglobal,16,5e-05,0.0001,0.4,1.0,0.25,0.05,lr5e-05_bs16_drop0p4_temp1p0_a0p25_b0p05__wd1e-04trmiss0_degmodglobal,6,0.7051301896572113,0.7078844308853149,0.5,0.7864348614348615,0.5384615384615384,0.0,0.5750480517745018,0.6663692444562912,0.08002174459397793,0.37510962039232254,0.0,0.0,0.0,0.0,0.0,18473,global,0.0
3,3,lr5e-05_bs16_drop0p4_temp1p0_a0p25_b0p05__wd1e-04trmiss0_degmodglobal,16,5e-05,0.0001,0.4,1.0,0.25,0.05,lr5e-05_bs16_drop0p4_temp1p0_a0p25_b0p05__wd1e-04trmiss0_degmodglobal,7,0.6973474323749542,0.7049051523208618,0.5,0.7685777185777187,0.38461538461538464,0.0,0.5915282666683197,0.6738031804561615,0.055568819865584373,0.19304091855883598,0.0,0.0,0.0,0.0,0.0,18473,global,0.0
3,3,lr5e-05_bs16_drop0p4_temp1p0_a0p25_b0p05__wd1e-04trmiss0_degmodglobal,16,5e-05,0.0001,0.4,1.0,0.25,0.05,lr5e-05_bs16_drop0p4_temp1p0_a0p25_b0p05__wd1e-04trmiss0_degmodglobal,8,0.7143143117427826,0.7040876746177673,0.4444444444444444,0.7519230769230769,0.46153846153846156,0.0,0.5860647559165955,0.6850162297487259,0.06496739108115435,0.26112428680062294,0.0,0.0,0.0,0.0,0.0,18473,global,0.0
3,3,lr5e-05_bs16_drop0p4_temp1p0_a0p25_b0p05__wd1e-04trmiss0_degmodglobal,16,5e-05,0.0001,0.4,1.0,0.25,0.05,lr5e-05_bs16_drop0p4_temp1p0_a0p25_b0p05__wd1e-04trmiss0_degmodglobal,9,0.6610828340053558,0.7051736116409302,0.5,0.7734718984718985,0.5384615384615384,0.0,0.6135698556900024,0.6373379081487656,0.057374028488993645,0.18802833557128906,0.0,0.0,0.0,0.0,0.0,18473,global,0.0
3,3,lr5e-05_bs16_drop0p4_temp1p0_a0p25_b0p05__wd1e-04trmiss0_degmodglobal,16,5e-05,0.0001,0.4,1.0,0.25,0.05,lr5e-05_bs16_drop0p4_temp1p0_a0p25_b0p05__wd1e-04trmiss0_degmodglobal,10,0.6758693307638168,0.7084553241729736,0.4722222222222222,0.7586570836570836,0.38461538461538464,0.0,0.5952352285385132,0.650115892291069,0.05884444713592529,0.2208464965224266,0.0,0.0,0.0,0.0,0.0,18473,global,0.0
3,3,lr5e-05_bs16_drop0p4_temp1p0_a0p25_b0p05__wd1e-04trmiss0_degmodglobal,16,5e-05,0.0001,0.4,1.0,0.25,0.05,lr5e-05_bs16_drop0p4_temp1p0_a0p25_b0p05__wd1e-04trmiss0_degmodglobal,11,0.660328283905983,0.7153456211090088,0.4444444444444444,0.741990416990417,0.38461538461538464,0.0,0.5938233882188797,0.6288107931613922,0.0779604148119688,0.2405475527048111,0.0,0.0,0.0,0.0,0.0,18473,global,0.0
3,3,lr5e-05_bs16_drop0p4_temp1p0_a0p25_b0p05__wd1e-04trmiss0_degmodglobal,16,5e-05,0.0001,0.4,1.0,0.25,0.05,lr5e-05_bs16_drop0p4_temp1p0_a0p25_b0p05__wd1e-04trmiss0_degmodglobal,12,0.6831116676330566,0.7187111377716064,0.4722222222222222,0.7586570836570836,0.38461538461538464,0.0,0.5612532049417496,0.6505155712366104,0.07138974498957396,0.29497306048870087,0.0,0.0,0.0,0.0,0.0,18473,global,0.0
3,3,lr5e-05_bs16_drop0p4_temp1p0_a0p25_b0p05__wd1e-04trmiss0_degmodglobal,16,5e-05,0.0001,0.4,1.0,0.25,0.05,lr5e-05_bs16_drop0p4_temp1p0_a0p25_b0p05__wd1e-04trmiss0_degmodglobal,13,0.6690545976161957,0.7181305885314941,0.4722222222222222,0.7586570836570836,0.38461538461538464,0.0,0.5554277151823044,0.6394188702106476,0.0704926447942853,0.2402515709400177,0.0,0.0,0.0,0.0,0.0,18473,global,0.0
3,3,lr5e-05_bs16_drop0p4_temp1p0_a0p25_b0p05__wd1e-04trmiss0_degmodglobal,16,5e-05,0.0001,0.4,1.0,0.25,0.05,lr5e-05_bs16_drop0p4_temp1p0_a0p25_b0p05__wd1e-04trmiss0_degmodglobal,14,0.6653816848993301,0.7211330533027649,0.4444444444444444,0.7519230769230769,0.46153846153846156,0.0,0.535269096493721,0.6339815109968185,0.07160041667521,0.2700008377432823,0.0,0.0,0.0,0.0,0.0,18473,global,0.0
3,3,lr5e-05_bs16_drop0p4_temp1p0_a0p25_b0p05__wd1e-04trmiss0_degmodglobal,16,5e-05,0.0001,0.4,1.0,0.25,0.05,lr5e-05_bs16_drop0p4_temp1p0_a0p25_b0p05__wd1e-04trmiss0_degmodglobal,15,0.6370594799518585,0.7230481505393982,0.4166666666666667,0.7177359677359678,0.46153846153846156,0.0,0.5282759889960289,0.6057048141956329,0.07293090038001537,0.2624387964606285,0.0,0.0,0.0,0.0,0.0,18473,global,0.0
3,3,lr5e-05_bs16_drop0p4_temp1p0_a0p25_b0p05__wd1e-04trmiss0_degmodglobal,16,5e-05,0.0001,0.4,1.0,0.25,0.05,lr5e-05_bs16_drop0p4_temp1p0_a0p25_b0p05__wd1e-04trmiss0_degmodglobal,16,0.6306081116199493,0.722835123538971,0.4444444444444444,0.7547730047730048,0.46153846153846156,0.0,0.5666882693767548,0.6010599881410599,0.07045639865100384,0.23867999389767647,0.0,0.0,0.0,0.0,0.0,18473,global,0.0
3,3,lr5e-05_bs16_drop0p4_temp1p0_a0p25_b0p05__wd1e-04trmiss0_degmodglobal,16,5e-05,0.0001,0.4,1.0,0.25,0.05,lr5e-05_bs16_drop0p4_temp1p0_a0p25_b0p05__wd1e-04trmiss0_degmodglobal,17,0.6608712524175644,0.720307469367981,0.4444444444444444,0.7547730047730048,0.38461538461538464,0.0,0.540089562535286,0.6262764781713486,0.08626329898834229,0.2605790011584759,0.0,0.0,0.0,0.0,0.0,18473,global,0.0
3,3,lr5e-05_bs16_drop0p4_temp1p0_a0p25_b0p05__wd1e-04trmiss0_degmodglobal,16,5e-05,0.0001,0.4,1.0,0.25,0.05,lr5e-05_bs16_drop0p4_temp1p0_a0p25_b0p05__wd1e-04trmiss0_degmodglobal,18,0.6862493455410004,0.7261322140693665,0.4722222222222222,0.7695878195878196,0.38461538461538464,0.0,0.5407563000917435,0.6531006246805191,0.07973971217870712,0.2642757296562195,0.0,0.0,0.0,0.0,0.0,18473,global,0.0
3,3,lr5e-05_bs16_drop0p4_temp1p0_a0p25_b0p05__wd1e-04trmiss0_degmodglobal,16,5e-05,0.0001,0.4,1.0,0.25,0.05,lr5e-05_bs16_drop0p4_temp1p0_a0p25_b0p05__wd1e-04trmiss0_degmodglobal,19,0.6134882420301437,0.727523684501648,0.4444444444444444,0.7621804121804123,0.38461538461538464,0.0,0.521690346300602,0.5852328836917877,0.07624073326587677,0.1839036624878645,0.0,0.0,0.0,0.0,0.0,18473,global,0.0
3,3,lr5e-05_bs16_drop0p4_temp1p0_a0p25_b0p05__wd1e-04trmiss0_degmodglobal,16,5e-05,0.0001,0.4,1.0,0.25,0.05,lr5e-05_bs16_drop0p4_temp1p0_a0p25_b0p05__wd1e-04trmiss0_degmodglobal,20,0.6085782945156097,0.7314773201942444,0.4722222222222222,0.7754079254079256,0.38461538461538464,0.0,0.5286350101232529,0.5817867517471313,0.07096600532531738,0.18100100755691528,0.0,0.0,0.0,0.0,0.0,18473,global,0.0
3,3,lr5e-05_bs16_drop0p4_temp1p0_a0p25_b0p05__wd1e-04trmiss0_degmodglobal,16,5e-05,0.0001,0.4,1.0,0.25,0.05,lr5e-05_bs16_drop0p4_temp1p0_a0p25_b0p05__wd1e-04trmiss0_degmodglobal,21,0.6880996823310852,0.7319325804710388,0.5,0.7828153328153329,0.38461538461538464,0.0,0.5568661391735077,0.6485751420259476,0.0951783312484622,0.31459909304976463,0.0,0.0,0.0,0.0,0.0,18473,global,0.0
3,3,lr5e-05_bs16_drop0p4_temp1p0_a0p25_b0p05__wd1e-04trmiss0_degmodglobal,16,5e-05,0.0001,0.4,1.0,0.25,0.05,lr5e-05_bs16_drop0p4_temp1p0_a0p25_b0p05__wd1e-04trmiss0_degmodglobal,22,0.6287678778171539,0.7288010120391846,0.5555555555555556,0.803979353979354,0.38461538461538464,0.0,0.47718489170074463,0.595564067363739,0.07397307828068733,0.2942112237215042,0.0,0.0,0.0,0.0,0.0,18473,global,0.0
3,3,lr5e-05_bs16_drop0p4_temp1p0_a0p25_b0p05__wd1e-04trmiss0_degmodglobal,16,5e-05,0.0001,0.4,1.0,0.25,0.05,lr5e-05_bs16_drop0p4_temp1p0_a0p25_b0p05__wd1e-04trmiss0_degmodglobal,23,0.6162427961826324,0.7303516864776611,0.5277777777777778,0.7669423169423171,0.38461538461538464,0.0,0.5020416229963303,0.5821543782949448,0.07932235207408667,0.28515636548399925,0.0,0.0,0.0,0.0,0.0,18473,global,0.0
3,3,lr5e-05_bs16_drop0p4_temp1p0_a0p25_b0p05__wd1e-04trmiss0_degmodglobal,16,5e-05,0.0001,0.4,1.0,0.25,0.05,lr5e-05_bs16_drop0p4_temp1p0_a0p25_b0p05__wd1e-04trmiss0_degmodglobal,24,0.6576598435640335,0.7285158038139343,0.5,0.7113867613867615,0.38461538461538464,0.0,0.4987768307328224,0.6179707497358322,0.09053172077983618,0.34112320467829704,0.0,0.0,0.0,0.0,0.0,18473,global,0.0
3,3,lr5e-05_bs16_drop0p4_temp1p0_a0p25_b0p05__wd1e-04trmiss0_degmodglobal,16,5e-05,0.0001,0.4,1.0,0.25,0.05,lr5e-05_bs16_drop0p4_temp1p0_a0p25_b0p05__wd1e-04trmiss0_degmodglobal,25,0.6382203102111816,0.7302629947662354,0.5,0.7113867613867615,0.38461538461538464,0.0,0.5113727673888206,0.602003738284111,0.08016523718833923,0.3235052712261677,0.0,0.0,0.0,0.0,0.0,18473,global,0.0
3,3,lr5e-05_bs16_drop0p4_temp1p0_a0p25_b0p05__wd1e-04trmiss0_degmodglobal,16,5e-05,0.0001,0.4,1.0,0.25,0.05,lr5e-05_bs16_drop0p4_temp1p0_a0p25_b0p05__wd1e-04trmiss0_degmodglobal,26,0.6227050423622131,0.7330273389816284,0.5277777777777778,0.7669423169423171,0.38461538461538464,0.0,0.487000934779644,0.5910544395446777,0.07515706308186054,0.25722623616456985,0.0,0.0,0.0,0.0,0.0,18473,global,0.0
3,3,lr5e-05_bs16_drop0p4_temp1p0_a0p25_b0p05__wd1e-04trmiss0_degmodglobal,16,5e-05,0.0001,0.4,1.0,0.25,0.05,lr5e-05_bs16_drop0p4_temp1p0_a0p25_b0p05__wd1e-04trmiss0_degmodglobal,27,0.6159685254096985,0.7321957945823669,0.5,0.755037555037555,0.38461538461538464,0.0,0.5546394288539886,0.5832397490739822,0.08228530362248421,0.24314899370074272,0.0,0.0,0.0,0.0,0.0,18473,global,0.0
3,3,lr5e-05_bs16_drop0p4_temp1p0_a0p25_b0p05__wd1e-04trmiss0_degmodglobal,16,5e-05,0.0001,0.4,1.0,0.25,0.05,lr5e-05_bs16_drop0p4_temp1p0_a0p25_b0p05__wd1e-04trmiss0_degmodglobal,28,0.6830877065658569,0.7336553931236267,0.4722222222222222,0.7418100418100417,0.38461538461538464,0.0,0.5637156218290329,0.6502556949853897,0.07857004925608635,0.26379016414284706,0.0,0.0,0.0,0.0,0.0,18473,global,0.0
3,3,lr5e-05_bs16_drop0p4_temp1p0_a0p25_b0p05__wd1e-04trmiss0_degmodglobal,16,5e-05,0.0001,0.4,1.0,0.25,0.05,lr5e-05_bs16_drop0p4_temp1p0_a0p25_b0p05__wd1e-04trmiss0_degmodglobal,29,0.6315285712480545,0.7375268340110779,0.5277777777777778,0.7669423169423171,0.38461538461538464,0.0,0.5419959872961044,0.5987440049648285,0.07573406118899584,0.2770213782787323,0.0,0.0,0.0,0.0,0.0,18473,global,0.0
3,3,lr5e-05_bs16_drop0p4_temp1p0_a0p25_b0p05__wd1e-04trmiss0_degmodglobal,16,5e-05,0.0001,0.4,1.0,0.25,0.05,lr5e-05_bs16_drop0p4_temp1p0_a0p25_b0p05__wd1e-04trmiss0_degmodglobal,30,0.639233335852623,0.7400406002998352,0.4722222222222222,0.7418100418100417,0.38461538461538464,0.0,0.5195077210664749,0.605448454618454,0.08448876813054085,0.253253523260355,0.0,0.0,0.0,0.0,0.0,18473,global,0.0
3,3,lr5e-05_bs16_drop0p4_temp1p0_a0p25_b0p05__wd1e-04trmiss0_degmodglobal,16,5e-05,0.0001,0.4,1.0,0.25,0.05,lr5e-05_bs16_drop0p4_temp1p0_a0p25_b0p05__wd1e-04trmiss0_degmodglobal,31,0.6270828545093536,0.7394592761993408,0.4722222222222222,0.6994819994819995,0.38461538461538464,0.0,0.5200870931148529,0.5964365452528,0.0798826515674591,0.2135130576789379,0.0,0.0,0.0,0.0,0.0,18473,global,0.0
3,3,lr5e-05_bs16_drop0p4_temp1p0_a0p25_b0p05__wd1e-04trmiss0_degmodglobal,16,5e-05,0.0001,0.4,1.0,0.25,0.05,lr5e-05_bs16_drop0p4_temp1p0_a0p25_b0p05__wd1e-04trmiss0_degmodglobal,32,0.668136328458786,0.7419196367263794,0.4722222222222222,0.6994819994819995,0.38461538461538464,0.0,0.5131997987627983,0.6376007050275803,0.0742705874145031,0.23935968056321144,0.0,0.0,0.0,0.0,0.0,18473,global,0.0
3,3,lr5e-05_bs16_drop0p4_temp1p0_a0p25_b0p05__wd1e-04trmiss0_degmodglobal,16,5e-05,0.0001,0.4,1.0,0.25,0.05,lr5e-05_bs16_drop0p4_temp1p0_a0p25_b0p05__wd1e-04trmiss0_degmodglobal,33,0.6260599941015244,0.7431480288505554,0.4722222222222222,0.6933251933251934,0.38461538461538464,0.0,0.48621228337287903,0.5925521701574326,0.08070375770330429,0.2666374146938324,0.0,0.0,0.0,0.0,0.0,18473,global,0.0
3,3,lr5e-05_bs16_drop0p4_temp1p0_a0p25_b0p05__wd1e-04trmiss0_degmodglobal,16,5e-05,0.0001,0.4,1.0,0.25,0.05,lr5e-05_bs16_drop0p4_temp1p0_a0p25_b0p05__wd1e-04trmiss0_degmodglobal,34,0.6409227550029755,0.7342420816421509,0.4722222222222222,0.6933251933251934,0.38461538461538464,0.0,0.5431070327758789,0.6040257662534714,0.08945171907544136,0.29068128019571304,0.0,0.0,0.0,0.0,0.0,18473,global,0.0
3,3,lr5e-05_bs16_drop0p4_temp1p0_a0p25_b0p05__wd1e-04trmiss0_degmodglobal,16,5e-05,0.0001,0.4,1.0,0.25,0.05,lr5e-05_bs16_drop0p4_temp1p0_a0p25_b0p05__wd1e-04trmiss0_degmodglobal,35,0.6387649327516556,0.7343064546585083,0.5,0.7065527065527066,0.38461538461538464,0.0,0.4648260325193405,0.6054455190896988,0.0826296005398035,0.25324056297540665,0.0,0.0,0.0,0.0,0.0,18473,global,0.0
3,3,lr5e-05_bs16_drop0p4_temp1p0_a0p25_b0p05__wd1e-04trmiss0_degmodglobal,16,5e-05,0.0001,0.4,1.0,0.25,0.05,lr5e-05_bs16_drop0p4_temp1p0_a0p25_b0p05__wd1e-04trmiss0_degmodglobal,36,0.6052597165107727,0.7358890771865845,0.5,0.7065527065527066,0.38461538461538464,0.0,0.5101610720157623,0.5648854225873947,0.09628739207983017,0.3260488137602806,0.0,0.0,0.0,0.0,0.0,18473,global,0.0
3,3,lr5e-05_bs16_drop0p4_temp1p0_a0p25_b0p05__wd1e-04trmiss0_degmodglobal,16,5e-05,0.0001,0.4,1.0,0.25,0.05,lr5e-05_bs16_drop0p4_temp1p0_a0p25_b0p05__wd1e-04trmiss0_degmodglobal,37,0.6295817792415619,0.7344801425933838,0.4722222222222222,0.6933251933251934,0.38461538461538464,0.0,0.47981030493974686,0.5934993177652359,0.09242692030966282,0.2595147527754307,0.0,0.0,0.0,0.0,0.0,18473,global,0.0
3,3,lr5e-05_bs16_drop0p4_temp1p0_a0p25_b0p05__wd1e-04trmiss0_degmodglobal,16,5e-05,0.0001,0.4,1.0,0.25,0.05,lr5e-05_bs16_drop0p4_temp1p0_a0p25_b0p05__wd1e-04trmiss0_degmodglobal,38,0.6528948098421097,0.736755907535553,0.4722222222222222,0.6933251933251934,0.38461538461538464,0.0,0.544604055583477,0.6217294633388519,0.07116087153553963,0.26750266551971436,0.0,0.0,0.0,0.0,0.0,18473,global,0.0
3,3,lr5e-05_bs16_drop0p4_temp1p0_a0p25_b0p05__wd1e-04trmiss0_degmodglobal,16,5e-05,0.0001,0.4,1.0,0.25,0.05,lr5e-05_bs16_drop0p4_temp1p0_a0p25_b0p05__wd1e-04trmiss0_degmodglobal,39,0.6499224007129669,0.7364020347595215,0.4722222222222222,0.6972934472934474,0.38461538461538464,0.0,0.4786425083875656,0.5993629992008209,0.11735521256923676,0.42441192269325256,0.0,0.0,0.0,0.0,0.0,18473,global,0.0
3,3,lr5e-05_bs16_drop0p4_temp1p0_a0p25_b0p05__wd1e-04trmiss0_degmodglobal,16,5e-05,0.0001,0.4,1.0,0.25,0.05,lr5e-05_bs16_drop0p4_temp1p0_a0p25_b0p05__wd1e-04trmiss0_degmodglobal,40,0.6410248279571533,0.7320502400398254,0.4444444444444445,0.6840659340659342,0.38461538461538464,0.0,0.5850285291671753,0.605765700340271,0.08092790003865957,0.30054327845573425,0.0,0.0,0.0,0.0,0.0,18473,global,0.0
3,3,lr5e-05_bs16_drop0p4_temp1p0_a0p25_b0p05__wd1e-04trmiss0_degmodglobal,16,5e-05,0.0001,0.4,1.0,0.25,0.05,lr5e-05_bs16_drop0p4_temp1p0_a0p25_b0p05__wd1e-04trmiss0_degmodglobal,41,0.6404868513345718,0.7368519902229309,0.5,0.7065527065527066,0.38461538461538464,0.0,0.4631991907954216,0.6077163219451904,0.07203031983226538,0.2952590174973011,0.0,0.0,0.0,0.0,0.0,18473,global,0.0
3,3,lr5e-05_bs16_drop0p4_temp1p0_a0p25_b0p05__wd1e-04trmiss0_degmodglobal,16,5e-05,0.0001,0.4,1.0,0.25,0.05,lr5e-05_bs16_drop0p4_temp1p0_a0p25_b0p05__wd1e-04trmiss0_degmodglobal,42,0.6417457759380341,0.7390684485435486,0.4722222222222222,0.6933251933251934,0.38461538461538464,0.0,0.45668670535087585,0.5994991958141327,0.09770731441676617,0.35639481991529465,0.0,0.0,0.0,0.0,0.0,18473,global,0.0
3,3,lr5e-05_bs16_drop0p4_temp2p0_a0p25_b0p05__wd1e-04trmiss0_degmodglobal,16,5e-05,0.0001,0.4,2.0,0.25,0.05,lr5e-05_bs16_drop0p4_temp2p0_a0p25_b0p05__wd1e-04trmiss0_degmodglobal,1,0.75364550948143,0.6901440024375916,0.6666666666666666,0.8503798670465339,0.6153846153846154,0.0,0.6844675540924072,0.7052631676197052,0.10285165719687939,0.45338859409093857,0.0,0.0,0.0,0.0,0.0,18473,global,0.0
3,3,lr5e-05_bs16_drop0p4_temp2p0_a0p25_b0p05__wd1e-04trmiss0_degmodglobal,16,5e-05,0.0001,0.4,2.0,0.25,0.05,lr5e-05_bs16_drop0p4_temp2p0_a0p25_b0p05__wd1e-04trmiss0_degmodglobal,2,0.7229735404253006,0.6926721930503845,0.6388888888888888,0.822602089268756,0.5384615384615384,0.0,0.6205702275037766,0.6760962456464767,0.10478357411921024,0.4136277437210083,0.0,0.0,0.0,0.0,0.0,18473,global,0.0
3,3,lr5e-05_bs16_drop0p4_temp2p0_a0p25_b0p05__wd1e-04trmiss0_degmodglobal,16,5e-05,0.0001,0.4,2.0,0.25,0.05,lr5e-05_bs16_drop0p4_temp2p0_a0p25_b0p05__wd1e-04trmiss0_degmodglobal,3,0.708802804350853,0.6983866095542908,0.6111111111111112,0.785565052231719,0.6153846153846154,0.0,0.5943223536014557,0.6584980636835098,0.11684017442166805,0.42189402878284454,0.0,0.0,0.0,0.0,0.0,18473,global,0.0
3,3,lr5e-05_bs16_drop0p4_temp2p0_a0p25_b0p05__wd1e-04trmiss0_degmodglobal,16,5e-05,0.0001,0.4,2.0,0.25,0.05,lr5e-05_bs16_drop0p4_temp2p0_a0p25_b0p05__wd1e-04trmiss0_degmodglobal,4,0.7058206796646118,0.7032643556594849,0.611111111111111,0.7419142585809253,0.5384615384615384,0.0,0.5533049032092094,0.6609296947717667,0.10082058236002922,0.39371679723262787,0.0,0.0,0.0,0.0,0.0,18473,global,0.0
3,3,lr5e-05_bs16_drop0p4_temp2p0_a0p25_b0p05__wd1e-04trmiss0_degmodglobal,16,5e-05,0.0001,0.4,2.0,0.25,0.05,lr5e-05_bs16_drop0p4_temp2p0_a0p25_b0p05__wd1e-04trmiss0_degmodglobal,5,0.7344765514135361,0.7109618782997131,0.6388888888888888,0.7527167277167278,0.5384615384615384,0.0,0.5878525897860527,0.6752358824014664,0.1430490929633379,0.46956776827573776,0.0,0.0,0.0,0.0,0.0,18473,global,0.0
3,3,lr5e-05_bs16_drop0p4_temp2p0_a0p25_b0p05__wd1e-04trmiss0_degmodglobal,16,5e-05,0.0001,0.4,2.0,0.25,0.05,lr5e-05_bs16_drop0p4_temp2p0_a0p25_b0p05__wd1e-04trmiss0_degmodglobal,6,0.6755190491676331,0.7155818343162537,0.611111111111111,0.7419142585809253,0.5384615384615384,0.0,0.5961295813322067,0.6250683516263962,0.12360844947397709,0.3909713551402092,0.0,0.0,0.0,0.0,0.0,18473,global,0.0
3,3,lr5e-05_bs16_drop0p4_temp2p0_a0p25_b0p05__wd1e-04trmiss0_degmodglobal,16,5e-05,0.0001,0.4,2.0,0.25,0.05,lr5e-05_bs16_drop0p4_temp2p0_a0p25_b0p05__wd1e-04trmiss0_degmodglobal,7,0.6695051193237305,0.7177547812461853,0.6388888888888888,0.7527167277167278,0.46153846153846156,0.0,0.5324251651763916,0.6166124641895294,0.13155267760157585,0.4000898152589798,0.0,0.0,0.0,0.0,0.0,18473,global,0.0
3,3,lr5e-05_bs16_drop0p4_temp2p0_a0p25_b0p05__wd1e-04trmiss0_degmodglobal,16,5e-05,0.0001,0.4,2.0,0.25,0.05,lr5e-05_bs16_drop0p4_temp2p0_a0p25_b0p05__wd1e-04trmiss0_degmodglobal,8,0.689265787601471,0.7233709692955017,0.5833333333333333,0.7300094966761634,0.46153846153846156,0.0,0.5483592227101326,0.627338171005249,0.1465956512838602,0.505574107170105,0.0,0.0,0.0,0.0,0.0,18473,global,0.0
3,3,lr5e-05_bs16_drop0p4_temp2p0_a0p25_b0p05__wd1e-04trmiss0_degmodglobal,16,5e-05,0.0001,0.4,2.0,0.25,0.05,lr5e-05_bs16_drop0p4_temp2p0_a0p25_b0p05__wd1e-04trmiss0_degmodglobal,9,0.6635638922452927,0.7286776304244995,0.5833333333333333,0.7300094966761634,0.46153846153846156,0.0,0.4977381154894829,0.6123017072677612,0.1217109952121973,0.4166891723871231,0.0,0.0,0.0,0.0,0.0,18473,global,0.0
3,3,lr5e-05_bs16_drop0p4_temp2p0_a0p25_b0p05__wd1e-04trmiss0_degmodglobal,16,5e-05,0.0001,0.4,2.0,0.25,0.05,lr5e-05_bs16_drop0p4_temp2p0_a0p25_b0p05__wd1e-04trmiss0_degmodglobal,10,0.7199035733938217,0.7318247556686401,0.611111111111111,0.7419142585809253,0.5384615384615384,0.0,0.5159058645367622,0.6532901972532272,0.15146375820040703,0.5749486535787582,0.0,0.0,0.0,0.0,0.0,18473,global,0.0
3,3,lr5e-05_bs16_drop0p4_temp2p0_a0p25_b0p05__wd1e-04trmiss0_degmodglobal,16,5e-05,0.0001,0.4,2.0,0.25,0.05,lr5e-05_bs16_drop0p4_temp2p0_a0p25_b0p05__wd1e-04trmiss0_degmodglobal,11,0.6955864280462265,0.7340139746665955,0.6388888888888888,0.7527167277167278,0.5384615384615384,0.0,0.5797440558671951,0.629038617014885,0.1596921756863594,0.5324956625699997,0.0,0.0,0.0,0.0,0.0,18473,global,0.0
3,3,lr5e-05_bs16_drop0p4_temp2p0_a0p25_b0p05__wd1e-04trmiss0_degmodglobal,16,5e-05,0.0001,0.4,2.0,0.25,0.05,lr5e-05_bs16_drop0p4_temp2p0_a0p25_b0p05__wd1e-04trmiss0_degmodglobal,12,0.6976310014724731,0.7398560643196106,0.6388888888888888,0.7527167277167278,0.5384615384615384,0.0,0.5562271475791931,0.6509789824485779,0.10954576544463634,0.38531165942549706,0.0,0.0,0.0,0.0,0.0,18473,global,0.0
3,3,lr5e-05_bs16_drop0p4_temp2p0_a0p25_b0p05__wd1e-04trmiss0_degmodglobal,16,5e-05,0.0001,0.4,2.0,0.25,0.05,lr5e-05_bs16_drop0p4_temp2p0_a0p25_b0p05__wd1e-04trmiss0_degmodglobal,13,0.6520339101552963,0.7438188791275024,0.6388888888888888,0.7527167277167278,0.5384615384615384,0.0,0.5262433513998985,0.6102755069732666,0.09825106710195541,0.3439122699201107,0.0,0.0,0.0,0.0,0.0,18473,global,0.0
3,3,lr5e-05_bs16_drop0p4_temp2p0_a0p25_b0p05__wd1e-04trmiss0_degmodglobal,16,5e-05,0.0001,0.4,2.0,0.25,0.05,lr5e-05_bs16_drop0p4_temp2p0_a0p25_b0p05__wd1e-04trmiss0_degmodglobal,14,0.6580540388822556,0.7418707609176636,0.6388888888888888,0.7527167277167278,0.5384615384615384,0.0,0.4975401908159256,0.6007912158966064,0.13266453705728054,0.4819335490465164,0.0,0.0,0.0,0.0,0.0,18473,global,0.0
3,3,lr5e-05_bs16_drop0p4_temp2p0_a0p25_b0p05__wd1e-04trmiss0_degmodglobal,16,5e-05,0.0001,0.4,2.0,0.25,0.05,lr5e-05_bs16_drop0p4_temp2p0_a0p25_b0p05__wd1e-04trmiss0_degmodglobal,15,0.6527085900306702,0.7408828735351562,0.6388888888888888,0.7527167277167278,0.5384615384615384,0.0,0.49089091271162033,0.6052906364202499,0.11555820889770985,0.3705686740577221,0.0,0.0,0.0,0.0,0.0,18473,global,0.0
3,3,lr5e-05_bs16_drop0p4_temp2p0_a0p25_b0p05__wd1e-04trmiss0_degmodglobal,16,5e-05,0.0001,0.4,2.0,0.25,0.05,lr5e-05_bs16_drop0p4_temp2p0_a0p25_b0p05__wd1e-04trmiss0_degmodglobal,16,0.6610494405031204,0.7411498427391052,0.6388888888888888,0.7527167277167278,0.5384615384615384,0.0,0.5337176322937012,0.6158182770013809,0.10521480441093445,0.3785491958260536,0.0,0.0,0.0,0.0,0.0,18473,global,0.0
3,3,lr5e-05_bs16_drop0p4_temp2p0_a0p25_b0p05__wd1e-04trmiss0_degmodglobal,16,5e-05,0.0001,0.4,2.0,0.25,0.05,lr5e-05_bs16_drop0p4_temp2p0_a0p25_b0p05__wd1e-04trmiss0_degmodglobal,17,0.6647518873214722,0.7393898963928223,0.6388888888888888,0.7527167277167278,0.5384615384615384,0.0,0.5106149986386299,0.6056470572948456,0.14691500179469585,0.4475216716527939,0.0,0.0,0.0,0.0,0.0,18473,global,0.0
3,3,lr5e-05_bs16_drop0p4_temp2p0_a0p25_b0p05__wd1e-04trmiss0_degmodglobal,16,5e-05,0.0001,0.4,2.0,0.25,0.05,lr5e-05_bs16_drop0p4_temp2p0_a0p25_b0p05__wd1e-04trmiss0_degmodglobal,18,0.7107134908437729,0.7409155964851379,0.6388888888888888,0.7527167277167278,0.5384615384615384,0.0,0.46478676050901413,0.6323692798614502,0.17997203022241592,0.6670237109065056,0.0,0.0,0.0,0.0,0.0,18473,global,0.0
3,3,lr5e-05_bs16_drop0p4_temp2p0_a0p25_b0p05__wd1e-04trmiss0_degmodglobal,16,5e-05,0.0001,0.4,2.0,0.25,0.05,lr5e-05_bs16_drop0p4_temp2p0_a0p25_b0p05__wd1e-04trmiss0_degmodglobal,19,0.6385895013809204,0.7355543375015259,0.611111111111111,0.7419142585809253,0.5384615384615384,0.0,0.511271744966507,0.5866212099790573,0.1287551149725914,0.39559027552604675,0.0,0.0,0.0,0.0,0.0,18473,global,0.0
3,3,lr5e-05_bs16_drop0p4_temp2p0_a0p25_b0p05__wd1e-04trmiss0_degmodglobal,16,5e-05,0.0001,0.4,2.0,0.25,0.05,lr5e-05_bs16_drop0p4_temp2p0_a0p25_b0p05__wd1e-04trmiss0_degmodglobal,20,0.6586819291114807,0.7349337339401245,0.611111111111111,0.7419142585809253,0.5384615384615384,0.0,0.46725114434957504,0.5905121862888336,0.1644140649586916,0.5413247719407082,0.0,0.0,0.0,0.0,0.0,18473,global,0.0
3,3,lr5e-05_bs16_drop0p4_temp2p0_a0p25_b0p05__wd1e-04trmiss0_degmodglobal,16,5e-05,0.0001,0.4,2.0,0.25,0.05,lr5e-05_bs16_drop0p4_temp2p0_a0p25_b0p05__wd1e-04trmiss0_degmodglobal,21,0.646502211689949,0.7259702086448669,0.611111111111111,0.7419142585809253,0.6153846153846154,0.0,0.5154004767537117,0.5957003682851791,0.11889336816966534,0.42157015204429626,0.0,0.0,0.0,0.0,0.0,18473,global,0.0
3,3,lr5e-05_bs16_drop0p4_temp2p0_a0p25_b0p05__wd1e-04trmiss0_degmodglobal,16,5e-05,0.0001,0.4,2.0,0.25,0.05,lr5e-05_bs16_drop0p4_temp2p0_a0p25_b0p05__wd1e-04trmiss0_degmodglobal,22,0.6407977789640427,0.7264804244041443,0.611111111111111,0.7419142585809253,0.6153846153846154,0.0,0.43655844777822495,0.5610436722636223,0.20917747169733047,0.5491943657398224,0.0,0.0,0.0,0.0,0.0,18473,global,0.0
3,3,lr5e-05_bs16_drop0p4_temp2p0_a0p25_b0p05__wd1e-04trmiss0_degmodglobal,16,5e-05,0.0001,0.4,2.0,0.25,0.05,lr5e-05_bs16_drop0p4_temp2p0_a0p25_b0p05__wd1e-04trmiss0_degmodglobal,23,0.6491273194551468,0.7275223731994629,0.611111111111111,0.7419142585809253,0.6153846153846154,0.0,0.450854629278183,0.5871118754148483,0.15060538053512573,0.48728175088763237,0.0,0.0,0.0,0.0,0.0,18473,global,0.0
3,3,lr5e-05_bs16_drop0p4_temp2p0_a0p25_b0p05__wd1e-04trmiss0_degmodglobal,16,5e-05,0.0001,0.4,2.0,0.25,0.05,lr5e-05_bs16_drop0p4_temp2p0_a0p25_b0p05__wd1e-04trmiss0_degmodglobal,24,0.6257947832345963,0.7321882247924805,0.611111111111111,0.7419142585809253,0.6153846153846154,0.0,0.4684336856007576,0.5718102306127548,0.13010344468057156,0.4291740506887436,0.0,0.0,0.0,0.0,0.0,18473,global,0.0
3,3,lr5e-05_bs16_drop0p4_temp2p0_a0p25_b0p05__wd1e-04trmiss0_degmodglobal,16,5e-05,0.0001,0.4,2.0,0.25,0.05,lr5e-05_bs16_drop0p4_temp2p0_a0p25_b0p05__wd1e-04trmiss0_degmodglobal,25,0.6402549743652344,0.7334488034248352,0.6388888888888888,0.7527167277167278,0.6153846153846154,0.0,0.42940714210271835,0.5708948969841003,0.1652728095650673,0.5608376786112785,0.0,0.0,0.0,0.0,0.0,18473,global,0.0
3,3,lr1e-05_bs16_drop0p2_temp1p0_a0p25_b0p05__wd1e-04trmiss0_degmodglobal,16,1e-05,0.0001,0.2,1.0,0.25,0.05,lr1e-05_bs16_drop0p2_temp1p0_a0p25_b0p05__wd1e-04trmiss0_degmodglobal,1,0.7846116572618484,0.7395052313804626,0.6111111111111112,0.8605931105931108,0.3076923076923077,0.0,0.6659933626651764,0.7578545659780502,0.056185477413237095,0.25421424210071564,0.0,0.0,0.0,0.0,0.0,18473,global,0.0
3,3,lr1e-05_bs16_drop0p2_temp1p0_a0p25_b0p05__wd1e-04trmiss0_degmodglobal,16,1e-05,0.0001,0.2,1.0,0.25,0.05,lr1e-05_bs16_drop0p2_temp1p0_a0p25_b0p05__wd1e-04trmiss0_degmodglobal,2,0.7746017873287201,0.7440431714057922,0.6111111111111112,0.8605931105931108,0.3076923076923077,0.0,0.649006575345993,0.7426976263523102,0.06415809690952301,0.3172927647829056,0.0,0.0,0.0,0.0,0.0,18473,global,0.0
3,3,lr1e-05_bs16_drop0p2_temp1p0_a0p25_b0p05__wd1e-04trmiss0_degmodglobal,16,1e-05,0.0001,0.2,1.0,0.25,0.05,lr1e-05_bs16_drop0p2_temp1p0_a0p25_b0p05__wd1e-04trmiss0_degmodglobal,3,0.7620730251073837,0.7530288696289062,0.6388888888888888,0.8676638176638178,0.3076923076923077,0.0,0.6729162931442261,0.7295857965946198,0.06510503962635994,0.3242200165987015,0.0,0.0,0.0,0.0,0.0,18473,global,0.0
3,3,lr1e-05_bs16_drop0p2_temp1p0_a0p25_b0p05__wd1e-04trmiss0_degmodglobal,16,1e-05,0.0001,0.2,1.0,0.25,0.05,lr1e-05_bs16_drop0p2_temp1p0_a0p25_b0p05__wd1e-04trmiss0_degmodglobal,4,0.7524972707033157,0.7579953670501709,0.6388888888888888,0.8676638176638178,0.3076923076923077,0.0,0.643292024731636,0.7214265167713165,0.06440222170203924,0.29940395429730415,0.0,0.0,0.0,0.0,0.0,18473,global,0.0
3,3,lr1e-05_bs16_drop0p2_temp1p0_a0p25_b0p05__wd1e-04trmiss0_degmodglobal,16,1e-05,0.0001,0.2,1.0,0.25,0.05,lr1e-05_bs16_drop0p2_temp1p0_a0p25_b0p05__wd1e-04trmiss0_degmodglobal,5,0.7627279311418533,0.7590978145599365,0.6388888888888888,0.8676638176638178,0.3076923076923077,0.0,0.6475303322076797,0.7316506505012512,0.06632548663765192,0.28991828113794327,0.0,0.0,0.0,0.0,0.0,18473,global,0.0
3,3,lr1e-05_bs16_drop0p2_temp1p0_a0p25_b0p05__wd1e-04trmiss0_degmodglobal,16,1e-05,0.0001,0.2,1.0,0.25,0.05,lr1e-05_bs16_drop0p2_temp1p0_a0p25_b0p05__wd1e-04trmiss0_degmodglobal,6,0.781897246837616,0.7637966871261597,0.6388888888888888,0.8676638176638178,0.3076923076923077,0.0,0.62838214635849,0.7517100423574448,0.06309714540839195,0.28825856000185013,0.0,0.0,0.0,0.0,0.0,18473,global,0.0
3,3,lr1e-05_bs16_drop0p2_temp1p0_a0p25_b0p05__wd1e-04trmiss0_degmodglobal,16,1e-05,0.0001,0.2,1.0,0.25,0.05,lr1e-05_bs16_drop0p2_temp1p0_a0p25_b0p05__wd1e-04trmiss0_degmodglobal,7,0.7516273260116577,0.7630789279937744,0.6388888888888888,0.8676638176638178,0.3076923076923077,0.0,0.6455611288547516,0.7233141660690308,0.060250574722886086,0.2650105208158493,0.0,0.0,0.0,0.0,0.0,18473,global,0.0
3,3,lr1e-05_bs16_drop0p2_temp1p0_a0p25_b0p05__wd1e-04trmiss0_degmodglobal,16,1e-05,0.0001,0.2,1.0,0.25,0.05,lr1e-05_bs16_drop0p2_temp1p0_a0p25_b0p05__wd1e-04trmiss0_degmodglobal,8,0.7737436294555664,0.7689238786697388,0.6388888888888888,0.8676638176638178,0.3076923076923077,0.0,0.6257832646369934,0.7423887550830841,0.06865354254841805,0.2838297300040722,0.0,0.0,0.0,0.0,0.0,18473,global,0.0
3,3,lr1e-05_bs16_drop0p2_temp1p0_a0p25_b0p05__wd1e-04trmiss0_degmodglobal,16,1e-05,0.0001,0.2,1.0,0.25,0.05,lr1e-05_bs16_drop0p2_temp1p0_a0p25_b0p05__wd1e-04trmiss0_degmodglobal,9,0.7625551968812943,0.7685220241546631,0.6666666666666667,0.8795685795685797,0.3076923076923077,0.0,0.6505120098590851,0.7237655520439148,0.0786848533898592,0.3823683336377144,0.0,0.0,0.0,0.0,0.0,18473,global,0.0
3,3,lr1e-05_bs16_drop0p2_temp1p0_a0p25_b0p05__wd1e-04trmiss0_degmodglobal,16,1e-05,0.0001,0.2,1.0,0.25,0.05,lr1e-05_bs16_drop0p2_temp1p0_a0p25_b0p05__wd1e-04trmiss0_degmodglobal,10,0.7723898887634277,0.768543004989624,0.6666666666666667,0.8795685795685797,0.3076923076923077,0.0,0.6451553106307983,0.7398179173469543,0.07076713256537914,0.2976035811007023,0.0,0.0,0.0,0.0,0.0,18473,global,0.0
3,3,lr1e-05_bs16_drop0p2_temp1p0_a0p25_b0p05__wd1e-04trmiss0_degmodglobal,16,1e-05,0.0001,0.2,1.0,0.25,0.05,lr1e-05_bs16_drop0p2_temp1p0_a0p25_b0p05__wd1e-04trmiss0_degmodglobal,11,0.7485571354627609,0.7700225710868835,0.6666666666666667,0.8795685795685797,0.3076923076923077,0.0,0.6439522504806519,0.7182948589324951,0.06298352126032114,0.29032815992832184,0.0,0.0,0.0,0.0,0.0,18473,global,0.0
3,3,lr1e-05_bs16_drop0p2_temp1p0_a0p25_b0p05__wd1e-04trmiss0_degmodglobal,16,1e-05,0.0001,0.2,1.0,0.25,0.05,lr1e-05_bs16_drop0p2_temp1p0_a0p25_b0p05__wd1e-04trmiss0_degmodglobal,12,0.7554146945476532,0.7676476836204529,0.6666666666666667,0.8795685795685797,0.3076923076923077,0.0,0.6496955007314682,0.7223863452672958,0.07648081332445145,0.27816297113895416,0.0,0.0,0.0,0.0,0.0,18473,global,0.0
3,3,lr1e-05_bs16_drop0p2_temp1p0_a0p25_b0p05__wd1e-04trmiss0_degmodglobal,16,1e-05,0.0001,0.2,1.0,0.25,0.05,lr1e-05_bs16_drop0p2_temp1p0_a0p25_b0p05__wd1e-04trmiss0_degmodglobal,13,0.7628371566534042,0.7626470923423767,0.6666666666666667,0.8795685795685797,0.3076923076923077,0.0,0.6115983128547668,0.7316392958164215,0.0675233630463481,0.28634045273065567,0.0,0.0,0.0,0.0,0.0,18473,global,0.0
3,3,lr1e-05_bs16_drop0p2_temp1p0_a0p25_b0p05__wd1e-04trmiss0_degmodglobal,16,1e-05,0.0001,0.2,1.0,0.25,0.05,lr1e-05_bs16_drop0p2_temp1p0_a0p25_b0p05__wd1e-04trmiss0_degmodglobal,14,0.7497808933258057,0.7515580654144287,0.6666666666666667,0.8795685795685797,0.3076923076923077,0.0,0.614834651350975,0.7163815945386887,0.07092576567083597,0.31335750967264175,0.0,0.0,0.0,0.0,0.0,18473,global,0.0
3,3,lr1e-05_bs16_drop0p2_temp1p0_a0p25_b0p05__wd1e-04trmiss0_degmodglobal,16,1e-05,0.0001,0.2,1.0,0.25,0.05,lr1e-05_bs16_drop0p2_temp1p0_a0p25_b0p05__wd1e-04trmiss0_degmodglobal,15,0.7677710354328156,0.7521424293518066,0.6944444444444444,0.8863025863025864,0.3076923076923077,0.0,0.6169285923242569,0.73025281727314,0.08006634935736656,0.3500327616930008,0.0,0.0,0.0,0.0,0.0,18473,global,0.0
3,3,lr1e-05_bs16_drop0p2_temp1p0_a0p25_b0p05__wd1e-04trmiss0_degmodglobal,16,1e-05,0.0001,0.2,1.0,0.25,0.05,lr1e-05_bs16_drop0p2_temp1p0_a0p25_b0p05__wd1e-04trmiss0_degmodglobal,16,0.7351153045892715,0.7539825439453125,0.7222222222222222,0.9021756021756022,0.3076923076923077,0.0,0.6161046922206879,0.7083499431610107,0.06251189019531012,0.22274730540812016,0.0,0.0,0.0,0.0,0.0,18473,global,0.0
3,3,lr1e-05_bs16_drop0p2_temp1p0_a0p25_b0p05__wd1e-04trmiss0_degmodglobal,16,1e-05,0.0001,0.2,1.0,0.25,0.05,lr1e-05_bs16_drop0p2_temp1p0_a0p25_b0p05__wd1e-04trmiss0_degmodglobal,17,0.7621041089296341,0.7533215880393982,0.6944444444444444,0.8863025863025864,0.3076923076923077,0.0,0.6222067773342133,0.7312295883893967,0.0642111748456955,0.2964349500834942,0.0,0.0,0.0,0.0,0.0,18473,global,0.0
3,3,lr1e-05_bs16_drop0p2_temp1p0_a0p25_b0p05__wd1e-04trmiss0_degmodglobal,16,1e-05,0.0001,0.2,1.0,0.25,0.05,lr1e-05_bs16_drop0p2_temp1p0_a0p25_b0p05__wd1e-04trmiss0_degmodglobal,18,0.7230252027511597,0.755914568901062,0.6666666666666667,0.8795685795685797,0.3076923076923077,0.0,0.6216677278280258,0.6924731284379959,0.06709128804504871,0.2755848318338394,0.0,0.0,0.0,0.0,0.0,18473,global,0.0
3,3,lr1e-05_bs16_drop0p2_temp1p0_a0p25_b0p05__wd1e-04trmiss0_degmodglobal,16,1e-05,0.0001,0.2,1.0,0.25,0.05,lr1e-05_bs16_drop0p2_temp1p0_a0p25_b0p05__wd1e-04trmiss0_degmodglobal,19,0.7363527417182922,0.7552362680435181,0.7222222222222222,0.9021756021756022,0.3076923076923077,0.0,0.5810297876596451,0.7016081809997559,0.07675018906593323,0.31114012748003006,0.0,0.0,0.0,0.0,0.0,18473,global,0.0
3,3,lr1e-05_bs16_drop0p2_temp1p0_a0p25_b0p05__wd1e-04trmiss0_degmodglobal,16,1e-05,0.0001,0.2,1.0,0.25,0.05,lr1e-05_bs16_drop0p2_temp1p0_a0p25_b0p05__wd1e-04trmiss0_degmodglobal,20,0.7490136325359344,0.750239908695221,0.7222222222222222,0.9021756021756022,0.3076923076923077,0.0,0.6077282875776291,0.7120262086391449,0.08389387931674719,0.32027947157621384,0.0,0.0,0.0,0.0,0.0,18473,global,0.0
3,3,lr1e-05_bs16_drop0p2_temp1p0_a0p25_b0p05__wd1e-04trmiss0_degmodglobal,16,1e-05,0.0001,0.2,1.0,0.25,0.05,lr1e-05_bs16_drop0p2_temp1p0_a0p25_b0p05__wd1e-04trmiss0_degmodglobal,21,0.7228562533855438,0.7543582916259766,0.6944444444444444,0.8863025863025864,0.3076923076923077,0.0,0.5980376452207565,0.691704273223877,0.06589715369045734,0.2935541532933712,0.0,0.0,0.0,0.0,0.0,18473,global,0.0
3,3,lr1e-05_bs16_drop0p2_temp1p0_a0p25_b0p05__wd1e-04trmiss0_degmodglobal,16,1e-05,0.0001,0.2,1.0,0.25,0.05,lr1e-05_bs16_drop0p2_temp1p0_a0p25_b0p05__wd1e-04trmiss0_degmodglobal,22,0.7312133312225342,0.7527929544448853,0.7222222222222222,0.9021756021756022,0.3076923076923077,0.0,0.6111607253551483,0.7006088495254517,0.06685512978583574,0.2778138183057308,0.0,0.0,0.0,0.0,0.0,18473,global,0.0
3,3,lr1e-05_bs16_drop0p2_temp1p0_a0p25_b0p05__wd1e-04trmiss0_degmodglobal,16,1e-05,0.0001,0.2,1.0,0.25,0.05,lr1e-05_bs16_drop0p2_temp1p0_a0p25_b0p05__wd1e-04trmiss0_degmodglobal,23,0.7626607865095139,0.7542746663093567,0.7222222222222222,0.9021756021756022,0.3076923076923077,0.0,0.5953694134950638,0.7316246628761292,0.06473881099373102,0.2970280349254608,0.0,0.0,0.0,0.0,0.0,18473,global,0.0
3,3,lr1e-05_bs16_drop0p2_temp1p0_a0p25_b0p05__wd1e-04trmiss0_degmodglobal,16,1e-05,0.0001,0.2,1.0,0.25,0.05,lr1e-05_bs16_drop0p2_temp1p0_a0p25_b0p05__wd1e-04trmiss0_degmodglobal,24,0.7268979996442795,0.7549431920051575,0.7222222222222222,0.9021756021756022,0.3076923076923077,0.0,0.625816822052002,0.6916449964046478,0.0845093596726656,0.2825133726000786,0.0,0.0,0.0,0.0,0.0,18473,global,0.0
3,3,lr1e-05_bs16_drop0p2_temp1p0_a0p25_b0p05__wd1e-04trmiss0_degmodglobal,16,1e-05,0.0001,0.2,1.0,0.25,0.05,lr1e-05_bs16_drop0p2_temp1p0_a0p25_b0p05__wd1e-04trmiss0_degmodglobal,25,0.6992368102073669,0.7588798999786377,0.6944444444444444,0.8863025863025864,0.3076923076923077,0.0,0.6018256992101669,0.6716901361942291,0.06550713628530502,0.22339761070907116,0.0,0.0,0.0,0.0,0.0,18473,global,0.0
3,3,lr1e-05_bs16_drop0p2_temp1p0_a0p25_b0p05__wd1e-04trmiss0_degmodglobal,16,1e-05,0.0001,0.2,1.0,0.25,0.05,lr1e-05_bs16_drop0p2_temp1p0_a0p25_b0p05__wd1e-04trmiss0_degmodglobal,26,0.7374259978532791,0.7578593492507935,0.6944444444444444,0.8863025863025864,0.3076923076923077,0.0,0.5936973839998245,0.6980326026678085,0.08653160557150841,0.3552095741033554,0.0,0.0,0.0,0.0,0.0,18473,global,0.0
3,3,lr1e-05_bs16_drop0p2_temp1p0_a0p25_b0p05__wd1e-04trmiss0_degmodglobal,16,1e-05,0.0001,0.2,1.0,0.25,0.05,lr1e-05_bs16_drop0p2_temp1p0_a0p25_b0p05__wd1e-04trmiss0_degmodglobal,27,0.7267936766147614,0.7624635100364685,0.6944444444444444,0.8863025863025864,0.3076923076923077,0.0,0.5931781530380249,0.6962079107761383,0.06808945536613464,0.27126821503043175,0.0,0.0,0.0,0.0,0.0,18473,global,0.0
3,3,lr1e-05_bs16_drop0p2_temp1p0_a0p25_b0p05__wd1e-04trmiss0_degmodglobal,16,1e-05,0.0001,0.2,1.0,0.25,0.05,lr1e-05_bs16_drop0p2_temp1p0_a0p25_b0p05__wd1e-04trmiss0_degmodglobal,28,0.7458358854055405,0.7652504444122314,0.6944444444444444,0.8863025863025864,0.3076923076923077,0.0,0.585340604186058,0.7070940732955933,0.0818583918735385,0.365544430911541,0.0,0.0,0.0,0.0,0.0,18473,global,0.0
3,3,lr1e-05_bs16_drop0p2_temp1p0_a0p25_b0p05__wd1e-04trmiss0_degmodglobal,16,1e-05,0.0001,0.2,1.0,0.25,0.05,lr1e-05_bs16_drop0p2_temp1p0_a0p25_b0p05__wd1e-04trmiss0_degmodglobal,29,0.7581101953983307,0.7554559111595154,0.7222222222222222,0.9021756021756022,0.3076923076923077,0.0,0.5930488854646683,0.7237197309732437,0.07832437567412853,0.29618750512599945,0.0,0.0,0.0,0.0,0.0,18473,global,0.0
3,3,lr1e-05_bs16_drop0p2_temp1p0_a0p25_b0p05__wd1e-04trmiss0_degmodglobal,16,1e-05,0.0001,0.2,1.0,0.25,0.05,lr1e-05_bs16_drop0p2_temp1p0_a0p25_b0p05__wd1e-04trmiss0_degmodglobal,30,0.7339122891426086,0.7544992566108704,0.6944444444444444,0.8863025863025864,0.3076923076923077,0.0,0.5877962112426758,0.7013705372810364,0.07412859611213207,0.28019244223833084,0.0,0.0,0.0,0.0,0.0,18473,global,0.0
3,3,lr1e-05_bs16_drop0p2_temp1p0_a0p25_b0p05__wd1e-04trmiss0_degmodglobal,16,1e-05,0.0001,0.2,1.0,0.25,0.05,lr1e-05_bs16_drop0p2_temp1p0_a0p25_b0p05__wd1e-04trmiss0_degmodglobal,31,0.7098196893930435,0.7545575499534607,0.6944444444444444,0.8863025863025864,0.3076923076923077,0.0,0.5876832902431488,0.6751135885715485,0.07994425483047962,0.29440101608633995,0.0,0.0,0.0,0.0,0.0,18473,global,0.0
3,3,lr1e-05_bs16_drop0p2_temp1p0_a0p25_b0p05__wd1e-04trmiss0_degmodglobal,16,1e-05,0.0001,0.2,1.0,0.25,0.05,lr1e-05_bs16_drop0p2_temp1p0_a0p25_b0p05__wd1e-04trmiss0_degmodglobal,32,0.7232193797826767,0.7571091651916504,0.6944444444444444,0.8863025863025864,0.3076923076923077,0.0,0.5788071155548096,0.6808023601770401,0.08992561884224415,0.3987122103571892,0.0,0.0,0.0,0.0,0.0,18473,global,0.0
3,3,lr1e-05_bs16_drop0p2_temp1p0_a0p25_b0p05__wd1e-04trmiss0_degmodglobal,16,1e-05,0.0001,0.2,1.0,0.25,0.05,lr1e-05_bs16_drop0p2_temp1p0_a0p25_b0p05__wd1e-04trmiss0_degmodglobal,33,0.7281135022640228,0.7634918689727783,0.6944444444444444,0.8863025863025864,0.3076923076923077,0.0,0.5883171856403351,0.689805656671524,0.08473162166774273,0.3424985110759735,0.0,0.0,0.0,0.0,0.0,18473,global,0.0
3,3,lr1e-05_bs16_drop0p2_temp1p0_a0p25_b0p05__wd1e-04trmiss0_degmodglobal,16,1e-05,0.0001,0.2,1.0,0.25,0.05,lr1e-05_bs16_drop0p2_temp1p0_a0p25_b0p05__wd1e-04trmiss0_degmodglobal,34,0.742014467716217,0.7660645842552185,0.6944444444444444,0.8863025863025864,0.3076923076923077,0.0,0.6061421483755112,0.7062749266624451,0.07589110173285007,0.3353351429104805,0.0,0.0,0.0,0.0,0.0,18473,global,0.0
3,3,lr1e-05_bs16_drop0p2_temp1p0_a0p25_b0p05__wd1e-04trmiss0_degmodglobal,16,1e-05,0.0001,0.2,1.0,0.25,0.05,lr1e-05_bs16_drop0p2_temp1p0_a0p25_b0p05__wd1e-04trmiss0_degmodglobal,35,0.7547764778137207,0.7726421356201172,0.6944444444444444,0.8863025863025864,0.3076923076923077,0.0,0.5796432197093964,0.7191682159900665,0.08005510084331036,0.31188996136188507,0.0,0.0,0.0,0.0,0.0,18473,global,0.0
3,3,lr1e-05_bs16_drop0p2_temp1p0_a0p25_b0p05__wd1e-04trmiss0_degmodglobal,16,1e-05,0.0001,0.2,1.0,0.25,0.05,lr1e-05_bs16_drop0p2_temp1p0_a0p25_b0p05__wd1e-04trmiss0_degmodglobal,36,0.7278201282024384,0.7681901454925537,0.6944444444444444,0.8863025863025864,0.3076923076923077,0.0,0.5709233582019806,0.694207027554512,0.07627110555768013,0.2909060940146446,0.0,0.0,0.0,0.0,0.0,18473,global,0.0
3,3,lr1e-05_bs16_drop0p2_temp1p0_a0p25_b0p05__wd1e-04trmiss0_degmodglobal,16,1e-05,0.0001,0.2,1.0,0.25,0.05,lr1e-05_bs16_drop0p2_temp1p0_a0p25_b0p05__wd1e-04trmiss0_degmodglobal,37,0.7312375605106354,0.7684329152107239,0.6944444444444444,0.8863025863025864,0.3076923076923077,0.0,0.5593508183956146,0.6949228644371033,0.08017545286566019,0.3254173472523689,0.0,0.0,0.0,0.0,0.0,18473,global,0.0
3,3,lr1e-05_bs16_drop0p2_temp1p0_a0p25_b0p05__wd1e-04trmiss0_degmodglobal,16,1e-05,0.0001,0.2,1.0,0.25,0.05,lr1e-05_bs16_drop0p2_temp1p0_a0p25_b0p05__wd1e-04trmiss0_degmodglobal,38,0.7518346160650253,0.7707800269126892,0.6944444444444444,0.8863025863025864,0.3076923076923077,0.0,0.5658969134092331,0.7163657397031784,0.07690033316612244,0.3248765766620636,0.0,0.0,0.0,0.0,0.0,18473,global,0.0
3,3,lr1e-05_bs16_drop0p2_temp1p0_a0p25_b0p05__wd1e-04trmiss0_degmodglobal,16,1e-05,0.0001,0.2,1.0,0.25,0.05,lr1e-05_bs16_drop0p2_temp1p0_a0p25_b0p05__wd1e-04trmiss0_degmodglobal,39,0.7003543525934219,0.7659484148025513,0.6944444444444444,0.8863025863025864,0.3076923076923077,0.0,0.6101387590169907,0.6713499128818512,0.06537436693906784,0.25321733951568604,0.0,0.0,0.0,0.0,0.0,18473,global,0.0
3,3,lr1e-05_bs16_drop0p2_temp1p0_a0p25_b0p05__wd1e-04trmiss0_degmodglobal,16,1e-05,0.0001,0.2,1.0,0.25,0.05,lr1e-05_bs16_drop0p2_temp1p0_a0p25_b0p05__wd1e-04trmiss0_degmodglobal,40,0.7505719363689423,0.76483553647995,0.6944444444444444,0.8863025863025864,0.3076923076923077,0.0,0.589878723025322,0.7148744612932205,0.08017068542540073,0.31309597939252853,0.0,0.0,0.0,0.0,0.0,18473,global,0.0
3,3,lr1e-05_bs16_drop0p2_temp2p0_a0p25_b0p05__wd1e-04trmiss0_degmodglobal,16,1e-05,0.0001,0.2,2.0,0.25,0.05,lr1e-05_bs16_drop0p2_temp2p0_a0p25_b0p05__wd1e-04trmiss0_degmodglobal,1,0.7169765532016754,0.6849290728569031,0.5833333333333334,0.7928892095558764,0.38461538461538464,0.0,0.7456226795911789,0.6888787746429443,0.0735637191683054,0.19413715787231922,0.0,0.0,0.0,0.0,0.0,18473,global,0.0
3,3,lr1e-05_bs16_drop0p2_temp2p0_a0p25_b0p05__wd1e-04trmiss0_degmodglobal,16,1e-05,0.0001,0.2,2.0,0.25,0.05,lr1e-05_bs16_drop0p2_temp2p0_a0p25_b0p05__wd1e-04trmiss0_degmodglobal,2,0.737975463271141,0.6803945899009705,0.5833333333333334,0.7928892095558764,0.46153846153846156,0.0,0.7095018774271011,0.7150378376245499,0.06303295027464628,0.14358817785978317,0.0,0.0,0.0,0.0,0.0,18473,global,0.0
3,3,lr1e-05_bs16_drop0p2_temp2p0_a0p25_b0p05__wd1e-04trmiss0_degmodglobal,16,1e-05,0.0001,0.2,2.0,0.25,0.05,lr1e-05_bs16_drop0p2_temp2p0_a0p25_b0p05__wd1e-04trmiss0_degmodglobal,3,0.7034659534692764,0.6780368089675903,0.5555555555555556,0.7762225428892096,0.38461538461538464,0.0,0.70431849360466,0.6822486221790314,0.057739097625017166,0.13565157912671566,0.0,0.0,0.0,0.0,0.0,18473,global,0.0
3,3,lr1e-05_bs16_drop0p2_temp2p0_a0p25_b0p05__wd1e-04trmiss0_degmodglobal,16,1e-05,0.0001,0.2,2.0,0.25,0.05,lr1e-05_bs16_drop0p2_temp2p0_a0p25_b0p05__wd1e-04trmiss0_degmodglobal,4,0.7050435096025467,0.675984799861908,0.5555555555555556,0.7762225428892096,0.38461538461538464,0.0,0.6949295699596405,0.6847276240587234,0.060528047382831573,0.10367733612656593,0.0,0.0,0.0,0.0,0.0,18473,global,0.0
3,3,lr1e-05_bs16_drop0p2_temp2p0_a0p25_b0p05__wd1e-04trmiss0_degmodglobal,16,1e-05,0.0001,0.2,2.0,0.25,0.05,lr1e-05_bs16_drop0p2_temp2p0_a0p25_b0p05__wd1e-04trmiss0_degmodglobal,5,0.7312017232179642,0.6742256283760071,0.5555555555555556,0.7762225428892096,0.3076923076923077,0.0,0.7335551977157593,0.7057267725467682,0.0687512494623661,0.16574295610189438,0.0,0.0,0.0,0.0,0.0,18473,global,0.0
3,3,lr1e-05_bs16_drop0p2_temp2p0_a0p25_b0p05__wd1e-04trmiss0_degmodglobal,16,1e-05,0.0001,0.2,2.0,0.25,0.05,lr1e-05_bs16_drop0p2_temp2p0_a0p25_b0p05__wd1e-04trmiss0_degmodglobal,6,0.7159917056560516,0.6735028624534607,0.5555555555555556,0.7762225428892096,0.3076923076923077,0.0,0.7172947973012924,0.6964793801307678,0.05334527790546417,0.1235202718526125,0.0,0.0,0.0,0.0,0.0,18473,global,0.0
3,3,lr1e-05_bs16_drop0p2_temp2p0_a0p25_b0p05__wd1e-04trmiss0_degmodglobal,16,1e-05,0.0001,0.2,2.0,0.25,0.05,lr1e-05_bs16_drop0p2_temp2p0_a0p25_b0p05__wd1e-04trmiss0_degmodglobal,7,0.7237768769264221,0.6729645729064941,0.5277777777777778,0.7675805675805676,0.38461538461538464,0.0,0.7028608620166779,0.7007684409618378,0.0619921637699008,0.15020763128995895,0.0,0.0,0.0,0.0,0.0,18473,global,0.0
3,3,lr1e-05_bs16_drop0p2_temp2p0_a0p25_b0p05__wd1e-04trmiss0_degmodglobal,16,1e-05,0.0001,0.2,2.0,0.25,0.05,lr1e-05_bs16_drop0p2_temp2p0_a0p25_b0p05__wd1e-04trmiss0_degmodglobal,8,0.6917884647846222,0.670221745967865,0.5555555555555556,0.7842472342472344,0.38461538461538464,0.0,0.7063504755496979,0.6725943684577942,0.04753456450998783,0.14620914310216904,0.0,0.0,0.0,0.0,0.0,18473,global,0.0
3,3,lr1e-05_bs16_drop0p2_temp2p0_a0p25_b0p05__wd1e-04trmiss0_degmodglobal,16,1e-05,0.0001,0.2,2.0,0.25,0.05,lr1e-05_bs16_drop0p2_temp2p0_a0p25_b0p05__wd1e-04trmiss0_degmodglobal,9,0.6837261021137238,0.6683303117752075,0.5555555555555556,0.7762225428892096,0.46153846153846156,0.0,0.7193993926048279,0.6641115695238113,0.05295209912583232,0.12753036990761757,0.0,0.0,0.0,0.0,0.0,18473,global,0.0
3,3,lr1e-05_bs16_drop0p2_temp2p0_a0p25_b0p05__wd1e-04trmiss0_degmodglobal,16,1e-05,0.0001,0.2,2.0,0.25,0.05,lr1e-05_bs16_drop0p2_temp2p0_a0p25_b0p05__wd1e-04trmiss0_degmodglobal,10,0.7146681845188141,0.6695069670677185,0.6111111111111112,0.8206669873336541,0.38461538461538464,0.0,0.6942439079284668,0.692060723900795,0.06271663587540388,0.1385660581290722,0.0,0.0,0.0,0.0,0.0,18473,global,0.0
3,3,lr1e-05_bs16_drop0p2_temp2p0_a0p25_b0p05__wd1e-04trmiss0_degmodglobal,16,1e-05,0.0001,0.2,2.0,0.25,0.05,lr1e-05_bs16_drop0p2_temp2p0_a0p25_b0p05__wd1e-04trmiss0_degmodglobal,11,0.695483461022377,0.6640589833259583,0.6111111111111112,0.8206669873336541,0.5384615384615384,0.0,0.687432050704956,0.6768145859241486,0.05528023187071085,0.09697594027966261,0.0,0.0,0.0,0.0,0.0,18473,global,0.0
3,3,lr1e-05_bs16_drop0p2_temp2p0_a0p25_b0p05__wd1e-04trmiss0_degmodglobal,16,1e-05,0.0001,0.2,2.0,0.25,0.05,lr1e-05_bs16_drop0p2_temp2p0_a0p25_b0p05__wd1e-04trmiss0_degmodglobal,12,0.745111733675003,0.6596531867980957,0.7222222222222222,0.8828362995029664,0.6153846153846154,0.0,0.6952031403779984,0.7193162590265274,0.06505109742283821,0.1906537152826786,0.0,0.0,0.0,0.0,0.0,18473,global,0.0
3,3,lr1e-05_bs16_drop0p2_temp2p0_a0p25_b0p05__wd1e-04trmiss0_degmodglobal,16,1e-05,0.0001,0.2,2.0,0.25,0.05,lr1e-05_bs16_drop0p2_temp2p0_a0p25_b0p05__wd1e-04trmiss0_degmodglobal,13,0.6796473413705826,0.6606348752975464,0.6944444444444444,0.860614077280744,0.6153846153846154,0.0,0.6915358603000641,0.6568481624126434,0.06358539871871471,0.13805657625198364,0.0,0.0,0.0,0.0,0.0,18473,global,0.0
3,3,lr1e-05_bs16_drop0p2_temp2p0_a0p25_b0p05__wd1e-04trmiss0_degmodglobal,16,1e-05,0.0001,0.2,2.0,0.25,0.05,lr1e-05_bs16_drop0p2_temp2p0_a0p25_b0p05__wd1e-04trmiss0_degmodglobal,14,0.6994943022727966,0.6634784936904907,0.6666666666666667,0.8487093153759822,0.5384615384615384,0.0,0.6795713603496552,0.6757719963788986,0.06365617690607905,0.156164875254035,0.0,0.0,0.0,0.0,0.0,18473,global,0.0
3,3,lr1e-05_bs16_drop0p2_temp2p0_a0p25_b0p05__wd1e-04trmiss0_degmodglobal,16,1e-05,0.0001,0.2,2.0,0.25,0.05,lr1e-05_bs16_drop0p2_temp2p0_a0p25_b0p05__wd1e-04trmiss0_degmodglobal,15,0.6922782510519028,0.663031280040741,0.6666666666666667,0.8487093153759822,0.6153846153846154,0.0,0.6787079423666,0.6692552268505096,0.06521035078912973,0.13440883997827768,0.0,0.0,0.0,0.0,0.0,18473,global,0.0
3,3,lr1e-05_bs16_drop0p2_temp2p0_a0p25_b0p05__wd1e-04trmiss0_degmodglobal,16,1e-05,0.0001,0.2,2.0,0.25,0.05,lr1e-05_bs16_drop0p2_temp2p0_a0p25_b0p05__wd1e-04trmiss0_degmodglobal,16,0.6812497228384018,0.6654044985771179,0.6388888888888888,0.8354818021484689,0.5384615384615384,0.0,0.6765546649694443,0.6586202830076218,0.06188300158828497,0.1431739777326584,0.0,0.0,0.0,0.0,0.0,18473,global,0.0
3,3,lr1e-05_bs16_drop0p2_temp2p0_a0p25_b0p05__wd1e-04trmiss0_degmodglobal,16,1e-05,0.0001,0.2,2.0,0.25,0.05,lr1e-05_bs16_drop0p2_temp2p0_a0p25_b0p05__wd1e-04trmiss0_degmodglobal,17,0.6963291317224503,0.6665429472923279,0.6388888888888888,0.8354818021484689,0.5384615384615384,0.0,0.6755732744932175,0.6760740429162979,0.058444361202418804,0.11287995614111423,0.0,0.0,0.0,0.0,0.0,18473,global,0.0
3,3,lr1e-05_bs16_drop0p2_temp2p0_a0p25_b0p05__wd1e-04trmiss0_degmodglobal,16,1e-05,0.0001,0.2,2.0,0.25,0.05,lr1e-05_bs16_drop0p2_temp2p0_a0p25_b0p05__wd1e-04trmiss0_degmodglobal,18,0.6760049313306808,0.6646441221237183,0.6666666666666667,0.8487093153759822,0.5384615384615384,0.0,0.7136497348546982,0.6522831618785858,0.06715665943920612,0.1386522687971592,0.0,0.0,0.0,0.0,0.0,18473,global,0.0
3,3,lr1e-05_bs16_drop0p2_temp2p0_a0p25_b0p05__wd1e-04trmiss0_degmodglobal,16,1e-05,0.0001,0.2,2.0,0.25,0.05,lr1e-05_bs16_drop0p2_temp2p0_a0p25_b0p05__wd1e-04trmiss0_degmodglobal,19,0.6747676283121109,0.6676440238952637,0.6111111111111112,0.8077040243706912,0.5384615384615384,0.0,0.6845719367265701,0.6517586261034012,0.06147530721500516,0.1528033297508955,0.0,0.0,0.0,0.0,0.0,18473,global,0.0
3,3,lr1e-05_bs16_drop0p2_temp2p0_a0p25_b0p05__wd1e-04trmiss0_degmodglobal,16,1e-05,0.0001,0.2,2.0,0.25,0.05,lr1e-05_bs16_drop0p2_temp2p0_a0p25_b0p05__wd1e-04trmiss0_degmodglobal,20,0.6864684224128723,0.6679673194885254,0.6666666666666667,0.8487093153759822,0.5384615384615384,0.0,0.6808923631906509,0.6664654314517975,0.05556141398847103,0.12225214205682278,0.0,0.0,0.0,0.0,0.0,18473,global,0.0
3,3,lr1e-05_bs16_drop0p2_temp2p0_a0p25_b0p05__wd1e-04trmiss0_degmodglobal,16,1e-05,0.0001,0.2,2.0,0.25,0.05,lr1e-05_bs16_drop0p2_temp2p0_a0p25_b0p05__wd1e-04trmiss0_degmodglobal,21,0.6816750764846802,0.670348584651947,0.638888888888889,0.8209315375982045,0.5384615384615384,0.0,0.6506072878837585,0.6617050021886826,0.05379430949687958,0.13042991049587727,0.0,0.0,0.0,0.0,0.0,18473,global,0.0
3,3,lr1e-05_bs16_drop0p2_temp2p0_a0p25_b0p05__wd1e-04trmiss0_degmodglobal,16,1e-05,0.0001,0.2,2.0,0.25,0.05,lr1e-05_bs16_drop0p2_temp2p0_a0p25_b0p05__wd1e-04trmiss0_degmodglobal,22,0.6503730267286301,0.6666719913482666,0.6666666666666667,0.8487093153759822,0.5384615384615384,0.0,0.6754136234521866,0.6281080693006516,0.061364686116576195,0.13847573846578598,0.0,0.0,0.0,0.0,0.0,18473,global,0.0
3,3,lr1e-05_bs16_drop0p2_temp2p0_a0p25_b0p05__wd1e-04trmiss0_degmodglobal,16,1e-05,0.0001,0.2,2.0,0.25,0.05,lr1e-05_bs16_drop0p2_temp2p0_a0p25_b0p05__wd1e-04trmiss0_degmodglobal,23,0.6450262665748596,0.669284999370575,0.6666666666666667,0.8487093153759822,0.5384615384615384,0.0,0.6712696403264999,0.6242468059062958,0.058416091836988926,0.12350863590836525,0.0,0.0,0.0,0.0,0.0,18473,global,0.0
3,3,lr1e-05_bs16_drop0p2_temp2p0_a0p25_b0p05__wd1e-04trmiss0_degmodglobal,16,1e-05,0.0001,0.2,2.0,0.25,0.05,lr1e-05_bs16_drop0p2_temp2p0_a0p25_b0p05__wd1e-04trmiss0_degmodglobal,24,0.6599807143211365,0.6640107035636902,0.6666666666666667,0.8487093153759822,0.5384615384615384,0.0,0.6289634257555008,0.6404881924390793,0.05635730363428593,0.10806361399590969,0.0,0.0,0.0,0.0,0.0,18473,global,0.0
3,3,lr1e-05_bs16_drop0p2_temp2p0_a0p25_b0p05__wd1e-04trmiss0_degmodglobal,16,1e-05,0.0001,0.2,2.0,0.25,0.05,lr1e-05_bs16_drop0p2_temp2p0_a0p25_b0p05__wd1e-04trmiss0_degmodglobal,25,0.6604204475879669,0.6610561013221741,0.6944444444444444,0.8567901234567903,0.5384615384615384,0.0,0.6616350263357162,0.6398968696594238,0.05935171153396368,0.11371333431452513,0.0,0.0,0.0,0.0,0.0,18473,global,0.0
3,3,lr1e-05_bs16_drop0p2_temp2p0_a0p25_b0p05__wd1e-04trmiss0_degmodglobal,16,1e-05,0.0001,0.2,2.0,0.25,0.05,lr1e-05_bs16_drop0p2_temp2p0_a0p25_b0p05__wd1e-04trmiss0_degmodglobal,26,0.639716312289238,0.6617453694343567,0.6944444444444444,0.8709315375982045,0.6153846153846154,0.0,0.6628095507621765,0.6184737533330917,0.05886152572929859,0.13054348714649677,0.0,0.0,0.0,0.0,0.0,18473,global,0.0
3,3,lr1e-05_bs16_drop0p2_temp2p0_a0p25_b0p05__wd1e-04trmiss0_degmodglobal,16,1e-05,0.0001,0.2,2.0,0.25,0.05,lr1e-05_bs16_drop0p2_temp2p0_a0p25_b0p05__wd1e-04trmiss0_degmodglobal,27,0.6624565124511719,0.6614696383476257,0.7222222222222222,0.8790123456790124,0.5384615384615384,0.0,0.651610404253006,0.6396780461072922,0.06385514419525862,0.1362935584038496,0.0,0.0,0.0,0.0,0.0,18473,global,0.0
3,3,lr1e-05_bs16_drop0p2_temp2p0_a0p25_b0p05__wd1e-04trmiss0_degmodglobal,16,1e-05,0.0001,0.2,2.0,0.25,0.05,lr1e-05_bs16_drop0p2_temp2p0_a0p25_b0p05__wd1e-04trmiss0_degmodglobal,28,0.6591994911432266,0.6618510484695435,0.7222222222222222,0.8790123456790124,0.5384615384615384,0.0,0.6615289598703384,0.6405024528503418,0.053640469908714294,0.10573819326236844,0.0,0.0,0.0,0.0,0.0,18473,global,0.0
3,3,lr1e-05_bs16_drop0p2_temp2p0_a0p25_b0p05__wd1e-04trmiss0_degmodglobal,16,1e-05,0.0001,0.2,2.0,0.25,0.05,lr1e-05_bs16_drop0p2_temp2p0_a0p25_b0p05__wd1e-04trmiss0_degmodglobal,29,0.663398265838623,0.6635585427284241,0.75,0.8909171075837743,0.5384615384615384,0.0,0.6301383674144745,0.640632227063179,0.06791916117072105,0.11572527512907982,0.0,0.0,0.0,0.0,0.0,18473,global,0.0
3,3,lr1e-05_bs16_drop0p2_temp2p0_a0p25_b0p05__wd1e-04trmiss0_degmodglobal,16,1e-05,0.0001,0.2,2.0,0.25,0.05,lr1e-05_bs16_drop0p2_temp2p0_a0p25_b0p05__wd1e-04trmiss0_degmodglobal,30,0.6700070053339005,0.6631119847297668,0.75,0.8909171075837743,0.5384615384615384,0.0,0.6308729350566864,0.6460562497377396,0.06889093294739723,0.13456047512590885,0.0,0.0,0.0,0.0,0.0,18473,global,0.0
3,3,lr1e-05_bs16_drop0p2_temp2p0_a0p25_b0p05__wd1e-04trmiss0_degmodglobal,16,1e-05,0.0001,0.2,2.0,0.25,0.05,lr1e-05_bs16_drop0p2_temp2p0_a0p25_b0p05__wd1e-04trmiss0_degmodglobal,31,0.6818618178367615,0.6628862619400024,0.7777777777777777,0.9094356261022929,0.6923076923076923,0.0,0.6408911794424057,0.6571633070707321,0.06455238536000252,0.17120829224586487,0.0,0.0,0.0,0.0,0.0,18473,global,0.0
3,3,lr1e-05_bs16_drop0p2_temp2p0_a0p25_b0p05__wd1e-04trmiss0_degmodglobal,16,1e-05,0.0001,0.2,2.0,0.25,0.05,lr1e-05_bs16_drop0p2_temp2p0_a0p25_b0p05__wd1e-04trmiss0_degmodglobal,32,0.6608465015888214,0.6648250222206116,0.7777777777777777,0.9094356261022929,0.6923076923076923,0.0,0.6163877099752426,0.6344037353992462,0.0743797067552805,0.15695662796497345,0.0,0.0,0.0,0.0,0.0,18473,global,0.0
3,3,lr1e-05_bs16_drop0p2_temp2p0_a0p25_b0p05__wd1e-04trmiss0_degmodglobal,16,1e-05,0.0001,0.2,2.0,0.25,0.05,lr1e-05_bs16_drop0p2_temp2p0_a0p25_b0p05__wd1e-04trmiss0_degmodglobal,33,0.6587842106819153,0.6682267189025879,0.7777777777777777,0.9094356261022929,0.6153846153846154,0.0,0.6555025428533554,0.6340892165899277,0.06773213017731905,0.15523933805525303,0.0,0.0,0.0,0.0,0.0,18473,global,0.0
3,3,lr1e-05_bs16_drop0p2_temp2p0_a0p25_b0p05__wd1e-04trmiss0_degmodglobal,16,1e-05,0.0001,0.2,2.0,0.25,0.05,lr1e-05_bs16_drop0p2_temp2p0_a0p25_b0p05__wd1e-04trmiss0_degmodglobal,34,0.6540048271417618,0.6634411811828613,0.75,0.9013548180214848,0.6153846153846154,0.0,0.6256686896085739,0.6266792267560959,0.07556429784744978,0.16869009658694267,0.0,0.0,0.0,0.0,0.0,18473,global,0.0
3,3,lr1e-05_bs16_drop0p2_temp2p0_a0p25_b0p05__wd1e-04trmiss0_degmodglobal,16,1e-05,0.0001,0.2,2.0,0.25,0.05,lr1e-05_bs16_drop0p2_temp2p0_a0p25_b0p05__wd1e-04trmiss0_degmodglobal,35,0.6624688357114792,0.6659690141677856,0.75,0.8909171075837743,0.6153846153846154,0.0,0.6272075772285461,0.6348104327917099,0.0780272874981165,0.1630319356918335,0.0,0.0,0.0,0.0,0.0,18473,global,0.0
3,3,lr1e-05_bs16_drop0p2_temp2p0_a0p25_b0p05__wd1e-04trmiss0_degmodglobal,16,1e-05,0.0001,0.2,2.0,0.25,0.05,lr1e-05_bs16_drop0p2_temp2p0_a0p25_b0p05__wd1e-04trmiss0_degmodglobal,36,0.6495874524116516,0.6632006168365479,0.7777777777777777,0.9094356261022929,0.6153846153846154,0.0,0.6165280789136887,0.6219518631696701,0.0796865876764059,0.15427881851792336,0.0,0.0,0.0,0.0,0.0,18473,global,0.0
3,3,lr1e-05_bs16_drop0p2_temp2p0_a0p25_b0p05__wd1e-04trmiss0_degmodglobal,16,1e-05,0.0001,0.2,2.0,0.25,0.05,lr1e-05_bs16_drop0p2_temp2p0_a0p25_b0p05__wd1e-04trmiss0_degmodglobal,37,0.6617123633623123,0.6618645191192627,0.8055555555555556,0.9253086419753087,0.6153846153846154,0.0,0.6311316639184952,0.634735569357872,0.07518264837563038,0.16362280771136284,0.0,0.0,0.0,0.0,0.0,18473,global,0.0
3,3,lr1e-05_bs16_drop0p2_temp2p0_a0p25_b0p05__wd1e-04trmiss0_degmodglobal,16,1e-05,0.0001,0.2,2.0,0.25,0.05,lr1e-05_bs16_drop0p2_temp2p0_a0p25_b0p05__wd1e-04trmiss0_degmodglobal,38,0.6505233645439148,0.6599040627479553,0.7777777777777777,0.9094356261022929,0.6153846153846154,0.0,0.6209739744663239,0.6299908757209778,0.059058004058897495,0.11535982973873615,0.0,0.0,0.0,0.0,0.0,18473,global,0.0
3,3,lr1e-05_bs16_drop0p2_temp2p0_a0p25_b0p05__wd1e-04trmiss0_degmodglobal,16,1e-05,0.0001,0.2,2.0,0.25,0.05,lr1e-05_bs16_drop0p2_temp2p0_a0p25_b0p05__wd1e-04trmiss0_degmodglobal,39,0.6265374273061752,0.6578404307365417,0.8055555555555556,0.9253086419753087,0.6923076923076923,0.0,0.6252798289060593,0.6057038605213165,0.059251900762319565,0.12041209824383259,0.0,0.0,0.0,0.0,0.0,18473,global,0.0
3,3,lr1e-05_bs16_drop0p2_temp2p0_a0p25_b0p05__wd1e-04trmiss0_degmodglobal,16,1e-05,0.0001,0.2,2.0,0.25,0.05,lr1e-05_bs16_drop0p2_temp2p0_a0p25_b0p05__wd1e-04trmiss0_degmodglobal,40,0.6549249142408371,0.6569388508796692,0.7777777777777778,0.9172278338945008,0.7692307692307693,0.0,0.6007956266403198,0.6343049854040146,0.061336630024015903,0.10571529157459736,0.0,0.0,0.0,0.0,0.0,18473,global,0.0
3,3,lr1e-05_bs16_drop0p2_temp2p0_a0p25_b0p05__wd1e-04trmiss0_degmodglobal,16,1e-05,0.0001,0.2,2.0,0.25,0.05,lr1e-05_bs16_drop0p2_temp2p0_a0p25_b0p05__wd1e-04trmiss0_degmodglobal,41,0.6729821562767029,0.6609360575675964,0.8055555555555556,0.9253086419753087,0.6923076923076923,0.0,0.6077774614095688,0.6501005291938782,0.06235818099230528,0.14584165252745152,0.0,0.0,0.0,0.0,0.0,18473,global,0.0
3,3,lr1e-05_bs16_drop0p2_temp2p0_a0p25_b0p05__wd1e-04trmiss0_degmodglobal,16,1e-05,0.0001,0.2,2.0,0.25,0.05,lr1e-05_bs16_drop0p2_temp2p0_a0p25_b0p05__wd1e-04trmiss0_degmodglobal,42,0.6308811753988266,0.6564527153968811,0.7777777777777778,0.9172278338945008,0.7692307692307693,0.0,0.6219287663698196,0.6019896268844604,0.07615813333541155,0.19703985191881657,0.0,0.0,0.0,0.0,0.0,18473,global,0.0
3,3,lr1e-05_bs16_drop0p2_temp2p0_a0p25_b0p05__wd1e-04trmiss0_degmodglobal,16,1e-05,0.0001,0.2,2.0,0.25,0.05,lr1e-05_bs16_drop0p2_temp2p0_a0p25_b0p05__wd1e-04trmiss0_degmodglobal,43,0.6413557231426239,0.6617023944854736,0.8055555555555556,0.9253086419753087,0.6923076923076923,0.0,0.6281086653470993,0.6139587163925171,0.07169961743056774,0.1894424743950367,0.0,0.0,0.0,0.0,0.0,18473,global,0.0
3,3,lr1e-05_bs16_drop0p2_temp2p0_a0p25_b0p05__wd1e-04trmiss0_degmodglobal,16,1e-05,0.0001,0.2,2.0,0.25,0.05,lr1e-05_bs16_drop0p2_temp2p0_a0p25_b0p05__wd1e-04trmiss0_degmodglobal,44,0.6484502851963043,0.6583960056304932,0.8055555555555556,0.9253086419753087,0.6923076923076923,0.0,0.6287313997745514,0.626679003238678,0.061610087752342224,0.1273754071444273,0.0,0.0,0.0,0.0,0.0,18473,global,0.0
3,3,lr1e-05_bs16_drop0p2_temp2p0_a0p25_b0p05__wd1e-04trmiss0_degmodglobal,16,1e-05,0.0001,0.2,2.0,0.25,0.05,lr1e-05_bs16_drop0p2_temp2p0_a0p25_b0p05__wd1e-04trmiss0_degmodglobal,45,0.6539946794509888,0.6585929989814758,0.7777777777777778,0.9172278338945008,0.6923076923076923,0.0,0.6018242239952087,0.6266970634460449,0.0807820875197649,0.14204217307269573,0.0,0.0,0.0,0.0,0.0,18473,global,0.0
3,3,lr1e-05_bs16_drop0p2_temp2p0_a0p25_b0p05__wd1e-04trmiss0_degmodglobal,16,1e-05,0.0001,0.2,2.0,0.25,0.05,lr1e-05_bs16_drop0p2_temp2p0_a0p25_b0p05__wd1e-04trmiss0_degmodglobal,46,0.6305860728025436,0.6578047275543213,0.7777777777777777,0.9094356261022929,0.6923076923076923,0.0,0.5984068065881729,0.6125805228948593,0.05581195093691349,0.08105122577399015,0.0,0.0,0.0,0.0,0.0,18473,global,0.0
3,3,lr1e-05_bs16_drop0p2_temp2p0_a0p25_b0p05__wd1e-04trmiss0_degmodglobal,16,1e-05,0.0001,0.2,2.0,0.25,0.05,lr1e-05_bs16_drop0p2_temp2p0_a0p25_b0p05__wd1e-04trmiss0_degmodglobal,47,0.650404304265976,0.6609944701194763,0.75,0.9013548180214848,0.6923076923076923,0.0,0.608808696269989,0.617947056889534,0.09029773529618979,0.1976559143513441,0.0,0.0,0.0,0.0,0.0,18473,global,0.0
3,3,lr1e-05_bs16_drop0p2_temp2p0_a0p25_b0p05__wd1e-04trmiss0_degmodglobal,16,1e-05,0.0001,0.2,2.0,0.25,0.05,lr1e-05_bs16_drop0p2_temp2p0_a0p25_b0p05__wd1e-04trmiss0_degmodglobal,48,0.6487565338611603,0.6614147424697876,0.8055555555555556,0.9253086419753087,0.6923076923076923,0.0,0.5886925756931305,0.62677301466465,0.06180748715996742,0.130633145570755,0.0,0.0,0.0,0.0,0.0,18473,global,0.0
3,3,lr1e-05_bs16_drop0p2_temp2p0_a0p25_b0p05__wd1e-04trmiss0_degmodglobal,16,1e-05,0.0001,0.2,2.0,0.25,0.05,lr1e-05_bs16_drop0p2_temp2p0_a0p25_b0p05__wd1e-04trmiss0_degmodglobal,49,0.6523092240095139,0.664154052734375,0.8055555555555556,0.9253086419753087,0.6923076923076923,0.0,0.5971923172473907,0.6273240298032761,0.07508469838649035,0.12428042199462652,0.0,0.0,0.0,0.0,0.0,18473,global,0.0
3,3,lr1e-05_bs16_drop0p2_temp2p0_a0p25_b0p05__wd1e-04trmiss0_degmodglobal,16,1e-05,0.0001,0.2,2.0,0.25,0.05,lr1e-05_bs16_drop0p2_temp2p0_a0p25_b0p05__wd1e-04trmiss0_degmodglobal,50,0.6560923755168915,0.6651607155799866,0.75,0.9013548180214848,0.6923076923076923,0.0,0.5836709439754486,0.6284760385751724,0.07409341633319855,0.18185999616980553,0.0,0.0,0.0,0.0,0.0,18473,global,0.0
3,3,lr1e-05_bs16_drop0p2_temp2p0_a0p25_b0p05__wd1e-04trmiss0_degmodglobal,16,1e-05,0.0001,0.2,2.0,0.25,0.05,lr1e-05_bs16_drop0p2_temp2p0_a0p25_b0p05__wd1e-04trmiss0_degmodglobal,51,0.6735941767692566,0.660025417804718,0.75,0.9013548180214848,0.6923076923076923,0.0,0.6058531254529953,0.646969810128212,0.06840983778238297,0.19043808057904243,0.0,0.0,0.0,0.0,0.0,18473,global,0.0
3,3,lr1e-05_bs16_drop0p2_temp2p0_a0p25_b0p05__wd1e-04trmiss0_degmodglobal,16,1e-05,0.0001,0.2,2.0,0.25,0.05,lr1e-05_bs16_drop0p2_temp2p0_a0p25_b0p05__wd1e-04trmiss0_degmodglobal,52,0.6571862250566483,0.6624904274940491,0.8055555555555556,0.9253086419753087,0.6923076923076923,0.0,0.5987787246704102,0.6340080797672272,0.06424253713339567,0.14235045574605465,0.0,0.0,0.0,0.0,0.0,18473,global,0.0
3,3,lr1e-05_bs16_drop0p2_temp2p0_a0p25_b0p05__wd1e-04trmiss0_degmodglobal,16,1e-05,0.0001,0.2,2.0,0.25,0.05,lr1e-05_bs16_drop0p2_temp2p0_a0p25_b0p05__wd1e-04trmiss0_degmodglobal,53,0.6755867004394531,0.6640607714653015,0.75,0.9013548180214848,0.6923076923076923,0.0,0.625940129160881,0.6478317826986313,0.07274449523538351,0.19137606769800186,0.0,0.0,0.0,0.0,0.0,18473,global,0.0
3,3,lr1e-05_bs16_drop0p2_temp2p0_a0p25_b0p05__wd1e-04trmiss0_degmodglobal,16,1e-05,0.0001,0.2,2.0,0.25,0.05,lr1e-05_bs16_drop0p2_temp2p0_a0p25_b0p05__wd1e-04trmiss0_degmodglobal,54,0.6599654704332352,0.6666788458824158,0.7777777777777777,0.9094356261022929,0.6923076923076923,0.0,0.6406874060630798,0.6347717344760895,0.0723623987287283,0.14206301420927048,0.0,0.0,0.0,0.0,0.0,18473,global,0.0
3,3,lr1e-05_bs16_drop0p2_temp2p0_a0p25_b0p05__wd1e-04trmiss0_degmodglobal,16,1e-05,0.0001,0.2,2.0,0.25,0.05,lr1e-05_bs16_drop0p2_temp2p0_a0p25_b0p05__wd1e-04trmiss0_degmodglobal,55,0.6487914472818375,0.6644625663757324,0.7777777777777777,0.9094356261022929,0.6923076923076923,0.0,0.6044225841760635,0.6279686391353607,0.06259698141366243,0.10347122512757778,0.0,0.0,0.0,0.0,0.0,18473,global,0.0
3,3,lr1e-05_bs16_drop0p2_temp2p0_a0p25_b0p05__wd1e-04trmiss0_degmodglobal,16,1e-05,0.0001,0.2,2.0,0.25,0.05,lr1e-05_bs16_drop0p2_temp2p0_a0p25_b0p05__wd1e-04trmiss0_degmodglobal,56,0.6478976756334305,0.6669055223464966,0.7777777777777777,0.9094356261022929,0.6923076923076923,0.0,0.6210399568080902,0.6242511719465256,0.07136863190680742,0.11608698684722185,0.0,0.0,0.0,0.0,0.0,18473,global,0.0
3,3,lr1e-05_bs16_drop0p2_temp2p0_a0p25_b0p05__wd1e-04trmiss0_degmodglobal,16,1e-05,0.0001,0.2,2.0,0.25,0.05,lr1e-05_bs16_drop0p2_temp2p0_a0p25_b0p05__wd1e-04trmiss0_degmodglobal,57,0.660712867975235,0.6650983691215515,0.8055555555555556,0.9253086419753087,0.6923076923076923,0.0,0.5904965847730637,0.6378654539585114,0.0649044020101428,0.13242626003921032,0.0,0.0,0.0,0.0,0.0,18473,global,0.0
3,3,lr1e-05_bs16_drop0p2_temp2p0_a0p25_b0p05__wd1e-04trmiss0_degmodglobal,16,1e-05,0.0001,0.2,2.0,0.25,0.05,lr1e-05_bs16_drop0p2_temp2p0_a0p25_b0p05__wd1e-04trmiss0_degmodglobal,58,0.6621716469526291,0.6632276773452759,0.8055555555555556,0.9253086419753087,0.6923076923076923,0.0,0.5858128815889359,0.6379026919603348,0.06613411288708448,0.15470876917243004,0.0,0.0,0.0,0.0,0.0,18473,global,0.0
3,3,lr1e-05_bs16_drop0p2_temp2p0_a0p25_b0p05__wd1e-04trmiss0_degmodglobal,16,1e-05,0.0001,0.2,2.0,0.25,0.05,lr1e-05_bs16_drop0p2_temp2p0_a0p25_b0p05__wd1e-04trmiss0_degmodglobal,59,0.6642359644174576,0.6600646376609802,0.8055555555555556,0.9253086419753087,0.7692307692307693,0.0,0.5897689759731293,0.6398407816886902,0.06834169290959835,0.14619503170251846,0.0,0.0,0.0,0.0,0.0,18473,global,0.0
3,3,lr1e-05_bs16_drop0p4_temp1p0_a0p25_b0p05__wd1e-04trmiss0_degmodglobal,16,1e-05,0.0001,0.4,1.0,0.25,0.05,lr1e-05_bs16_drop0p4_temp1p0_a0p25_b0p05__wd1e-04trmiss0_degmodglobal,1,0.7329104542732239,0.6471012234687805,0.8055555555555555,0.929700854700855,0.7692307692307693,0.0,0.8108955919742584,0.6736578345298767,0.11638884991407394,0.6031081825494766,0.0,0.0,0.0,0.0,0.0,18473,global,0.0
3,3,lr1e-05_bs16_drop0p4_temp1p0_a0p25_b0p05__wd1e-04trmiss0_degmodglobal,16,1e-05,0.0001,0.4,1.0,0.25,0.05,lr1e-05_bs16_drop0p4_temp1p0_a0p25_b0p05__wd1e-04trmiss0_degmodglobal,2,0.7718485742807388,0.6410599946975708,0.8055555555555555,0.929700854700855,0.7692307692307693,0.0,0.7719262689352036,0.7082063555717468,0.1301577426493168,0.6220557540655136,0.0,0.0,0.0,0.0,0.0,18473,global,0.0
3,3,lr1e-05_bs16_drop0p4_temp1p0_a0p25_b0p05__wd1e-04trmiss0_degmodglobal,16,1e-05,0.0001,0.4,1.0,0.25,0.05,lr1e-05_bs16_drop0p4_temp1p0_a0p25_b0p05__wd1e-04trmiss0_degmodglobal,3,0.7559425383806229,0.6358682513237,0.8055555555555555,0.929700854700855,0.6923076923076923,0.0,0.8376240879297256,0.6986241936683655,0.12362367659807205,0.5282486528158188,0.0,0.0,0.0,0.0,0.0,18473,global,0.0
3,3,lr1e-05_bs16_drop0p4_temp1p0_a0p25_b0p05__wd1e-04trmiss0_degmodglobal,16,1e-05,0.0001,0.4,1.0,0.25,0.05,lr1e-05_bs16_drop0p4_temp1p0_a0p25_b0p05__wd1e-04trmiss0_degmodglobal,4,0.7220248430967331,0.6310190558433533,0.8055555555555555,0.929700854700855,0.6923076923076923,0.0,0.8311853557825089,0.6715667843818665,0.10368615202605724,0.4907304048538208,0.0,0.0,0.0,0.0,0.0,18473,global,0.0
3,3,lr1e-05_bs16_drop0p4_temp1p0_a0p25_b0p05__wd1e-04trmiss0_degmodglobal,16,1e-05,0.0001,0.4,1.0,0.25,0.05,lr1e-05_bs16_drop0p4_temp1p0_a0p25_b0p05__wd1e-04trmiss0_degmodglobal,5,0.7519465982913971,0.6247776746749878,0.8055555555555555,0.929700854700855,0.6923076923076923,0.0,0.8653362989425659,0.6799910962581635,0.15167267434298992,0.6807466745376587,0.0,0.0,0.0,0.0,0.0,18473,global,0.0
3,3,lr1e-05_bs16_drop0p4_temp1p0_a0p25_b0p05__wd1e-04trmiss0_degmodglobal,16,1e-05,0.0001,0.4,1.0,0.25,0.05,lr1e-05_bs16_drop0p4_temp1p0_a0p25_b0p05__wd1e-04trmiss0_degmodglobal,6,0.7200882583856583,0.6232295632362366,0.7777777777777777,0.9188983855650523,0.6153846153846154,0.0,0.8072089403867722,0.6559194624423981,0.13256230391561985,0.620564341545105,0.0,0.0,0.0,0.0,0.0,18473,global,0.0
3,3,lr1e-05_bs16_drop0p4_temp1p0_a0p25_b0p05__wd1e-04trmiss0_degmodglobal,16,1e-05,0.0001,0.4,1.0,0.25,0.05,lr1e-05_bs16_drop0p4_temp1p0_a0p25_b0p05__wd1e-04trmiss0_degmodglobal,7,0.7469875365495682,0.6195637583732605,0.7777777777777777,0.9188983855650523,0.6153846153846154,0.0,0.8202985674142838,0.6806881874799728,0.13735093362629414,0.6392324864864349,0.0,0.0,0.0,0.0,0.0,18473,global,0.0
3,3,lr1e-05_bs16_drop0p4_temp1p0_a0p25_b0p05__wd1e-04trmiss0_degmodglobal,16,1e-05,0.0001,0.4,1.0,0.25,0.05,lr1e-05_bs16_drop0p4_temp1p0_a0p25_b0p05__wd1e-04trmiss0_degmodglobal,8,0.7491401433944702,0.6156691312789917,0.7777777777777777,0.9188983855650523,0.6923076923076923,0.0,0.8031173050403595,0.6800138652324677,0.13846080005168915,0.6902215629816055,0.0,0.0,0.0,0.0,0.0,18473,global,0.0
3,3,lr1e-05_bs16_drop0p4_temp1p0_a0p25_b0p05__wd1e-04trmiss0_degmodglobal,16,1e-05,0.0001,0.4,1.0,0.25,0.05,lr1e-05_bs16_drop0p4_temp1p0_a0p25_b0p05__wd1e-04trmiss0_degmodglobal,9,0.6947450488805771,0.61322420835495,0.75,0.9030253696920365,0.6923076923076923,0.0,0.8027889132499695,0.64225172996521,0.09866539761424065,0.5565395355224609,0.0,0.0,0.0,0.0,0.0,18473,global,0.0
3,3,lr1e-05_bs16_drop0p4_temp1p0_a0p25_b0p05__wd1e-04trmiss0_degmodglobal,16,1e-05,0.0001,0.4,1.0,0.25,0.05,lr1e-05_bs16_drop0p4_temp1p0_a0p25_b0p05__wd1e-04trmiss0_degmodglobal,10,0.7177107930183411,0.6148528456687927,0.75,0.9030253696920365,0.6923076923076923,0.0,0.8218877464532852,0.6482135653495789,0.13839702680706978,0.697959691286087,0.0,0.0,0.0,0.0,0.0,18473,global,0.0
3,3,lr1e-05_bs16_drop0p4_temp1p0_a0p25_b0p05__wd1e-04trmiss0_degmodglobal,16,1e-05,0.0001,0.4,1.0,0.25,0.05,lr1e-05_bs16_drop0p4_temp1p0_a0p25_b0p05__wd1e-04trmiss0_degmodglobal,11,0.7144078314304352,0.6164724230766296,0.75,0.9030253696920365,0.6923076923076923,0.0,0.8643121868371964,0.6482241004705429,0.12414929270744324,0.7029284834861755,0.0,0.0,0.0,0.0,0.0,18473,global,0.0
3,3,lr1e-05_bs16_drop0p4_temp1p0_a0p25_b0p05__wd1e-04trmiss0_degmodglobal,16,1e-05,0.0001,0.4,1.0,0.25,0.05,lr1e-05_bs16_drop0p4_temp1p0_a0p25_b0p05__wd1e-04trmiss0_degmodglobal,12,0.7246080935001373,0.6161697506904602,0.75,0.9030253696920365,0.6923076923076923,0.0,0.7374350726604462,0.6507284492254257,0.1560967080295086,0.6971097886562347,0.0,0.0,0.0,0.0,0.0,18473,global,0.0
3,3,lr1e-05_bs16_drop0p4_temp1p0_a0p25_b0p05__wd1e-04trmiss0_degmodglobal,16,1e-05,0.0001,0.4,1.0,0.25,0.05,lr1e-05_bs16_drop0p4_temp1p0_a0p25_b0p05__wd1e-04trmiss0_degmodglobal,13,0.715517520904541,0.6140543818473816,0.7222222222222222,0.8949445616112284,0.6923076923076923,0.0,0.7762603610754013,0.6603200435638428,0.10739457048475742,0.5669765770435333,0.0,0.0,0.0,0.0,0.0,18473,global,0.0
3,3,lr1e-05_bs16_drop0p4_temp1p0_a0p25_b0p05__wd1e-04trmiss0_degmodglobal,16,1e-05,0.0001,0.4,1.0,0.25,0.05,lr1e-05_bs16_drop0p4_temp1p0_a0p25_b0p05__wd1e-04trmiss0_degmodglobal,14,0.6824109852313995,0.6166430711746216,0.7222222222222222,0.8927128427128428,0.6923076923076923,0.0,0.7988287657499313,0.6105460673570633,0.13991926424205303,0.7377021014690399,0.0,0.0,0.0,0.0,0.0,18473,global,0.0
3,3,lr1e-05_bs16_drop0p4_temp1p0_a0p25_b0p05__wd1e-04trmiss0_degmodglobal,16,1e-05,0.0001,0.4,1.0,0.25,0.05,lr1e-05_bs16_drop0p4_temp1p0_a0p25_b0p05__wd1e-04trmiss0_degmodglobal,15,0.6764269471168518,0.6159845590591431,0.7777777777777777,0.9094356261022929,0.6923076923076923,0.0,0.7550741583108902,0.620213195681572,0.11677200719714165,0.5404155924916267,0.0,0.0,0.0,0.0,0.0,18473,global,0.0
3,3,lr1e-05_bs16_drop0p4_temp1p0_a0p25_b0p05__wd1e-04trmiss0_degmodglobal,16,1e-05,0.0001,0.4,1.0,0.25,0.05,lr1e-05_bs16_drop0p4_temp1p0_a0p25_b0p05__wd1e-04trmiss0_degmodglobal,16,0.7012827694416046,0.6156519651412964,0.7777777777777778,0.9121572871572874,0.6923076923076923,0.0,0.7881927043199539,0.6331270635128021,0.13920426927506924,0.667092815041542,0.0,0.0,0.0,0.0,0.0,18473,global,0.0
3,3,lr1e-05_bs16_drop0p4_temp1p0_a0p25_b0p05__wd1e-04trmiss0_degmodglobal,16,1e-05,0.0001,0.4,1.0,0.25,0.05,lr1e-05_bs16_drop0p4_temp1p0_a0p25_b0p05__wd1e-04trmiss0_degmodglobal,17,0.7219507992267609,0.6156802773475647,0.7777777777777778,0.9121572871572874,0.6923076923076923,0.0,0.7912493944168091,0.6589254438877106,0.12822317145764828,0.6193907186388969,0.0,0.0,0.0,0.0,0.0,18473,global,0.0
3,3,lr1e-05_bs16_drop0p4_temp1p0_a0p25_b0p05__wd1e-04trmiss0_degmodglobal,16,1e-05,0.0001,0.4,1.0,0.25,0.05,lr1e-05_bs16_drop0p4_temp1p0_a0p25_b0p05__wd1e-04trmiss0_degmodglobal,18,0.7155852764844894,0.616635262966156,0.8055555555555556,0.9202380952380953,0.6923076923076923,0.0,0.7726152241230011,0.6585514098405838,0.11689931154251099,0.5561806857585907,0.0,0.0,0.0,0.0,0.0,18473,global,0.0
3,3,lr1e-05_bs16_drop0p4_temp1p0_a0p25_b0p05__wd1e-04trmiss0_degmodglobal,16,1e-05,0.0001,0.4,1.0,0.25,0.05,lr1e-05_bs16_drop0p4_temp1p0_a0p25_b0p05__wd1e-04trmiss0_degmodglobal,19,0.6990176737308502,0.6167985200881958,0.75,0.9013548180214848,0.6923076923076923,0.0,0.7787410765886307,0.6397440582513809,0.1174793541431427,0.5980756431818008,0.0,0.0,0.0,0.0,0.0,18473,global,0.0
3,3,lr1e-05_bs16_drop0p4_temp1p0_a0p25_b0p05__wd1e-04trmiss0_degmodglobal,16,1e-05,0.0001,0.4,1.0,0.25,0.05,lr1e-05_bs16_drop0p4_temp1p0_a0p25_b0p05__wd1e-04trmiss0_degmodglobal,20,0.6765696853399277,0.6186304092407227,0.75,0.9013548180214848,0.6923076923076923,0.0,0.7482739388942719,0.6315190494060516,0.09693743102252483,0.416325680911541,0.0,0.0,0.0,0.0,0.0,18473,global,0.0
3,3,lr1e-05_bs16_drop0p4_temp1p0_a0p25_b0p05__wd1e-04trmiss0_degmodglobal,16,1e-05,0.0001,0.4,1.0,0.25,0.05,lr1e-05_bs16_drop0p4_temp1p0_a0p25_b0p05__wd1e-04trmiss0_degmodglobal,21,0.7142536044120789,0.6179613471031189,0.75,0.9030253696920365,0.6923076923076923,0.0,0.7905030846595764,0.6657198518514633,0.09780094027519226,0.48166995495557785,0.0,0.0,0.0,0.0,0.0,18473,global,0.0
3,3,lr1e-05_bs16_drop0p4_temp1p0_a0p25_b0p05__wd1e-04trmiss0_degmodglobal,16,1e-05,0.0001,0.4,1.0,0.25,0.05,lr1e-05_bs16_drop0p4_temp1p0_a0p25_b0p05__wd1e-04trmiss0_degmodglobal,22,0.6772768199443817,0.6190391182899475,0.75,0.9030253696920365,0.6923076923076923,0.0,0.7714284062385559,0.6157085448503494,0.12114033661782742,0.6256635785102844,0.0,0.0,0.0,0.0,0.0,18473,global,0.0
3,3,lr1e-05_bs16_drop0p4_temp1p0_a0p25_b0p05__wd1e-04trmiss0_degmodglobal,16,1e-05,0.0001,0.4,1.0,0.25,0.05,lr1e-05_bs16_drop0p4_temp1p0_a0p25_b0p05__wd1e-04trmiss0_degmodglobal,23,0.6827471703290939,0.6178202629089355,0.8055555555555556,0.9237043820377155,0.6923076923076923,0.0,0.7519776970148087,0.6301783472299576,0.10688202269375324,0.5169662162661552,0.0,0.0,0.0,0.0,0.0,18473,global,0.0
3,3,lr1e-05_bs16_drop0p4_temp1p0_a0p25_b0p05__wd1e-04trmiss0_degmodglobal,16,1e-05,0.0001,0.4,1.0,0.25,0.05,lr1e-05_bs16_drop0p4_temp1p0_a0p25_b0p05__wd1e-04trmiss0_degmodglobal,24,0.7165157347917557,0.6171489357948303,0.8055555555555556,0.9237043820377155,0.6923076923076923,0.0,0.7430570423603058,0.6616466492414474,0.1122573520988226,0.5360950082540512,0.0,0.0,0.0,0.0,0.0,18473,global,0.0
3,3,lr1e-05_bs16_drop0p4_temp1p0_a0p25_b0p05__wd1e-04trmiss0_degmodglobal,16,1e-05,0.0001,0.4,1.0,0.25,0.05,lr1e-05_bs16_drop0p4_temp1p0_a0p25_b0p05__wd1e-04trmiss0_degmodglobal,25,0.6449565589427948,0.6182158589363098,0.8055555555555556,0.9237043820377155,0.6923076923076923,0.0,0.7275342792272568,0.5963801890611649,0.10139400325715542,0.464557483792305,0.0,0.0,0.0,0.0,0.0,18473,global,0.0
3,3,lr1e-05_bs16_drop0p4_temp1p0_a0p25_b0p05__wd1e-04trmiss0_degmodglobal,16,1e-05,0.0001,0.4,1.0,0.25,0.05,lr1e-05_bs16_drop0p4_temp1p0_a0p25_b0p05__wd1e-04trmiss0_degmodglobal,26,0.6981921494007111,0.6178981065750122,0.7777777777777777,0.9138278388278389,0.6923076923076923,0.0,0.7108355164527893,0.6444115936756134,0.11618085950613022,0.49470703303813934,0.0,0.0,0.0,0.0,0.0,18473,global,0.0
3,3,lr1e-05_bs16_drop0p4_temp1p0_a0p25_b0p05__wd1e-04trmiss0_degmodglobal,16,1e-05,0.0001,0.4,1.0,0.25,0.05,lr1e-05_bs16_drop0p4_temp1p0_a0p25_b0p05__wd1e-04trmiss0_degmodglobal,27,0.7213138490915298,0.6190454363822937,0.75,0.9057470307470308,0.6923076923076923,0.0,0.7332038879394531,0.6526277363300323,0.1403192188590765,0.672126442193985,0.0,0.0,0.0,0.0,0.0,18473,global,0.0
3,3,lr1e-05_bs16_drop0p4_temp1p0_a0p25_b0p05__wd1e-04trmiss0_degmodglobal,16,1e-05,0.0001,0.4,1.0,0.25,0.05,lr1e-05_bs16_drop0p4_temp1p0_a0p25_b0p05__wd1e-04trmiss0_degmodglobal,28,0.6864436715841293,0.6207576394081116,0.6944444444444444,0.8863025863025864,0.6923076923076923,0.0,0.7102850824594498,0.629097580909729,0.1220581904053688,0.5366309583187103,0.0,0.0,0.0,0.0,0.0,18473,global,0.0
3,3,lr1e-05_bs16_drop0p4_temp1p0_a0p25_b0p05__wd1e-04trmiss0_degmodglobal,16,1e-05,0.0001,0.4,1.0,0.25,0.05,lr1e-05_bs16_drop0p4_temp1p0_a0p25_b0p05__wd1e-04trmiss0_degmodglobal,29,0.6577468067407608,0.6199882626533508,0.75,0.9057470307470308,0.6923076923076923,0.0,0.7154208272695541,0.6037522256374359,0.10533519834280014,0.553215503692627,0.0,0.0,0.0,0.0,0.0,18473,global,0.0
3,3,lr1e-05_bs16_drop0p4_temp1p0_a0p25_b0p05__wd1e-04trmiss0_degmodglobal,16,1e-05,0.0001,0.4,1.0,0.25,0.05,lr1e-05_bs16_drop0p4_temp1p0_a0p25_b0p05__wd1e-04trmiss0_degmodglobal,30,0.6673973947763443,0.6209932565689087,0.75,0.9057470307470308,0.6923076923076923,0.0,0.7383141070604324,0.6012186855077744,0.13244670815765858,0.6613406538963318,0.0,0.0,0.0,0.0,0.0,18473,global,0.0
3,3,lr1e-05_bs16_drop0p4_temp1p0_a0p25_b0p05__wd1e-04trmiss0_degmodglobal,16,1e-05,0.0001,0.4,1.0,0.25,0.05,lr1e-05_bs16_drop0p4_temp1p0_a0p25_b0p05__wd1e-04trmiss0_degmodglobal,31,0.6664262264966965,0.6221067309379578,0.8055555555555556,0.9237043820377155,0.6923076923076923,0.0,0.753862276673317,0.6018527299165726,0.12575242295861244,0.6627075672149658,0.0,0.0,0.0,0.0,0.0,18473,global,0.0
3,3,lr1e-05_bs16_drop0p4_temp1p0_a0p25_b0p05__wd1e-04trmiss0_degmodglobal,16,1e-05,0.0001,0.4,1.0,0.25,0.05,lr1e-05_bs16_drop0p4_temp1p0_a0p25_b0p05__wd1e-04trmiss0_degmodglobal,32,0.6873635500669479,0.6215685606002808,0.7777777777777777,0.9138278388278389,0.6923076923076923,0.0,0.7770632654428482,0.6227303743362427,0.12423789873719215,0.671474039554596,0.0,0.0,0.0,0.0,0.0,18473,global,0.0
3,3,lr1e-05_bs16_drop0p4_temp1p0_a0p25_b0p05__wd1e-04trmiss0_degmodglobal,16,1e-05,0.0001,0.4,1.0,0.25,0.05,lr1e-05_bs16_drop0p4_temp1p0_a0p25_b0p05__wd1e-04trmiss0_degmodglobal,33,0.6699469834566116,0.6197172999382019,0.7777777777777777,0.9138278388278389,0.6923076923076923,0.0,0.6995517909526825,0.6027473509311676,0.1453917734324932,0.6170337349176407,0.0,0.0,0.0,0.0,0.0,18473,global,0.0
3,3,lr1e-05_bs16_drop0p4_temp1p0_a0p25_b0p05__wd1e-04trmiss0_degmodglobal,16,1e-05,0.0001,0.4,1.0,0.25,0.05,lr1e-05_bs16_drop0p4_temp1p0_a0p25_b0p05__wd1e-04trmiss0_degmodglobal,34,0.7006300687789917,0.6159934997558594,0.7777777777777777,0.9138278388278389,0.6923076923076923,0.0,0.6836341023445129,0.6496744006872177,0.1032362412661314,0.5029320865869522,0.0,0.0,0.0,0.0,0.0,18473,global,0.0
3,3,lr1e-05_bs16_drop0p4_temp1p0_a0p25_b0p05__wd1e-04trmiss0_degmodglobal,16,1e-05,0.0001,0.4,1.0,0.25,0.05,lr1e-05_bs16_drop0p4_temp1p0_a0p25_b0p05__wd1e-04trmiss0_degmodglobal,35,0.6731625348329544,0.6182339191436768,0.7777777777777777,0.9138278388278389,0.6923076923076923,0.0,0.7455471456050873,0.6170597523450851,0.11555360443890095,0.5442870855331421,0.0,0.0,0.0,0.0,0.0,18473,global,0.0
3,3,lr1e-05_bs16_drop0p4_temp1p0_a0p25_b0p05__wd1e-04trmiss0_degmodglobal,16,1e-05,0.0001,0.4,1.0,0.25,0.05,lr1e-05_bs16_drop0p4_temp1p0_a0p25_b0p05__wd1e-04trmiss0_degmodglobal,36,0.7233898490667343,0.6162797808647156,0.8055555555555556,0.9202380952380953,0.6923076923076923,0.0,0.6936636418104172,0.6698909103870392,0.10617400892078876,0.5391081869602203,0.0,0.0,0.0,0.0,0.0,18473,global,0.0
3,3,lr1e-05_bs16_drop0p4_temp1p0_a0p25_b0p05__wd1e-04trmiss0_degmodglobal,16,1e-05,0.0001,0.4,1.0,0.25,0.05,lr1e-05_bs16_drop0p4_temp1p0_a0p25_b0p05__wd1e-04trmiss0_degmodglobal,37,0.6604228168725967,0.6176180243492126,0.8333333333333333,0.9301146384479719,0.6923076923076923,0.0,0.7096362411975861,0.6124143451452255,0.09691578522324562,0.47559065371751785,0.0,0.0,0.0,0.0,0.0,18473,global,0.0
3,3,lr1e-05_bs16_drop0p4_temp1p0_a0p25_b0p05__wd1e-04trmiss0_degmodglobal,16,1e-05,0.0001,0.4,1.0,0.25,0.05,lr1e-05_bs16_drop0p4_temp1p0_a0p25_b0p05__wd1e-04trmiss0_degmodglobal,38,0.6882231086492538,0.6188373565673828,0.7777777777777777,0.9138278388278389,0.6923076923076923,0.0,0.7819679081439972,0.6277364194393158,0.12258123978972435,0.5968273058533669,0.0,0.0,0.0,0.0,0.0,18473,global,0.0
3,3,lr1e-05_bs16_drop0p4_temp1p0_a0p25_b0p05__wd1e-04trmiss0_degmodglobal,16,1e-05,0.0001,0.4,1.0,0.25,0.05,lr1e-05_bs16_drop0p4_temp1p0_a0p25_b0p05__wd1e-04trmiss0_degmodglobal,39,0.6840918958187103,0.619823694229126,0.75,0.897530864197531,0.6923076923076923,0.0,0.7748692035675049,0.6307533830404282,0.10666310973465443,0.5334549695253372,0.0,0.0,0.0,0.0,0.0,18473,global,0.0
3,3,lr1e-05_bs16_drop0p4_temp1p0_a0p25_b0p05__wd1e-04trmiss0_degmodglobal,16,1e-05,0.0001,0.4,1.0,0.25,0.05,lr1e-05_bs16_drop0p4_temp1p0_a0p25_b0p05__wd1e-04trmiss0_degmodglobal,40,0.6886766850948334,0.6215044260025024,0.7777777777777777,0.9138278388278389,0.6923076923076923,0.0,0.7813202291727066,0.6255453526973724,0.1262998003512621,0.6311273947358131,0.0,0.0,0.0,0.0,0.0,18473,global,0.0
3,3,lr1e-05_bs16_drop0p4_temp1p0_a0p25_b0p05__wd1e-04trmiss0_degmodglobal,16,1e-05,0.0001,0.4,1.0,0.25,0.05,lr1e-05_bs16_drop0p4_temp1p0_a0p25_b0p05__wd1e-04trmiss0_degmodglobal,41,0.6683176159858704,0.6231503486633301,0.6666666666666666,0.8743978243978245,0.6923076923076923,0.0,0.7222751826047897,0.6107000857591629,0.119733527302742,0.5536826774477959,0.0,0.0,0.0,0.0,0.0,18473,global,0.0
3,3,lr1e-05_bs16_drop0p4_temp1p0_a0p25_b0p05__wd1e-04trmiss0_degmodglobal,16,1e-05,0.0001,0.4,1.0,0.25,0.05,lr1e-05_bs16_drop0p4_temp1p0_a0p25_b0p05__wd1e-04trmiss0_degmodglobal,42,0.6851621717214584,0.6200839281082153,0.6666666666666666,0.8743978243978245,0.6923076923076923,0.0,0.6935280114412308,0.6289494186639786,0.12140718661248684,0.5172189027070999,0.0,0.0,0.0,0.0,0.0,18473,global,0.0
3,3,lr1e-05_bs16_drop0p4_temp1p0_a0p25_b0p05__wd1e-04trmiss0_degmodglobal,16,1e-05,0.0001,0.4,1.0,0.25,0.05,lr1e-05_bs16_drop0p4_temp1p0_a0p25_b0p05__wd1e-04trmiss0_degmodglobal,43,0.6903972923755646,0.6187689304351807,0.6666666666666667,0.8795685795685797,0.6923076923076923,0.0,0.7052805721759796,0.6312450766563416,0.12408827990293503,0.5626029968261719,0.0,0.0,0.0,0.0,0.0,18473,global,0.0
3,3,lr1e-05_bs16_drop0p4_temp1p0_a0p25_b0p05__wd1e-04trmiss0_degmodglobal,16,1e-05,0.0001,0.4,1.0,0.25,0.05,lr1e-05_bs16_drop0p4_temp1p0_a0p25_b0p05__wd1e-04trmiss0_degmodglobal,44,0.670172929763794,0.6183298826217651,0.6666666666666667,0.8795685795685797,0.6923076923076923,0.0,0.7019142955541611,0.6035850942134857,0.13484661281108856,0.6575236320495605,0.0,0.0,0.0,0.0,0.0,18473,global,0.0
3,3,lr1e-05_bs16_drop0p4_temp1p0_a0p25_b0p05__wd1e-04trmiss0_degmodglobal,16,1e-05,0.0001,0.4,1.0,0.25,0.05,lr1e-05_bs16_drop0p4_temp1p0_a0p25_b0p05__wd1e-04trmiss0_degmodglobal,45,0.6661939173936844,0.6193695068359375,0.6944444444444444,0.8882105548772217,0.6923076923076923,0.0,0.7067014873027802,0.5998207032680511,0.12713276967406273,0.6918007433414459,0.0,0.0,0.0,0.0,0.0,18473,global,0.0
3,3,lr1e-05_bs16_drop0p4_temp1p0_a0p25_b0p05__wd1e-04trmiss0_degmodglobal,16,1e-05,0.0001,0.4,1.0,0.25,0.05,lr1e-05_bs16_drop0p4_temp1p0_a0p25_b0p05__wd1e-04trmiss0_degmodglobal,46,0.6745992451906204,0.6170468926429749,0.7222222222222222,0.8949445616112284,0.6923076923076923,0.0,0.6724283546209335,0.606950044631958,0.13488852232694626,0.678541287779808,0.0,0.0,0.0,0.0,0.0,18473,global,0.0
3,3,lr1e-05_bs16_drop0p4_temp1p0_a0p25_b0p05__wd1e-04trmiss0_degmodglobal,16,1e-05,0.0001,0.4,1.0,0.25,0.05,lr1e-05_bs16_drop0p4_temp1p0_a0p25_b0p05__wd1e-04trmiss0_degmodglobal,47,0.6765347868204117,0.6175265312194824,0.75,0.9013548180214848,0.6923076923076923,0.0,0.7210709154605865,0.6166423261165619,0.1212520394474268,0.5915889963507652,0.0,0.0,0.0,0.0,0.0,18473,global,0.0
3,3,lr1e-05_bs16_drop0p4_temp1p0_a0p25_b0p05__wd1e-04trmiss0_degmodglobal,16,1e-05,0.0001,0.4,1.0,0.25,0.05,lr1e-05_bs16_drop0p4_temp1p0_a0p25_b0p05__wd1e-04trmiss0_degmodglobal,48,0.7201557010412216,0.6167862415313721,0.75,0.9013548180214848,0.6923076923076923,0.0,0.6832430213689804,0.6524133384227753,0.12938704527914524,0.707912266254425,0.0,0.0,0.0,0.0,0.0,18473,global,0.0
3,3,lr1e-05_bs16_drop0p4_temp1p0_a0p25_b0p05__wd1e-04trmiss0_degmodglobal,16,1e-05,0.0001,0.4,1.0,0.25,0.05,lr1e-05_bs16_drop0p4_temp1p0_a0p25_b0p05__wd1e-04trmiss0_degmodglobal,49,0.6563956290483475,0.6158575415611267,0.7222222222222222,0.8927128427128428,0.6923076923076923,0.0,0.6971940398216248,0.606790766119957,0.10079853422939777,0.4881049320101738,0.0,0.0,0.0,0.0,0.0,18473,global,0.0
3,3,lr1e-05_bs16_drop0p4_temp1p0_a0p25_b0p05__wd1e-04trmiss0_degmodglobal,16,1e-05,0.0001,0.4,1.0,0.25,0.05,lr1e-05_bs16_drop0p4_temp1p0_a0p25_b0p05__wd1e-04trmiss0_degmodglobal,50,0.6940880417823792,0.6149201393127441,0.75,0.9013548180214848,0.6923076923076923,0.0,0.754072368144989,0.6473968476057053,0.09652316570281982,0.4512081667780876,0.0,0.0,0.0,0.0,0.0,18473,global,0.0
3,3,lr1e-05_bs16_drop0p4_temp1p0_a0p25_b0p05__wd1e-04trmiss0_degmodglobal,16,1e-05,0.0001,0.4,1.0,0.25,0.05,lr1e-05_bs16_drop0p4_temp1p0_a0p25_b0p05__wd1e-04trmiss0_degmodglobal,51,0.6993618905544281,0.6170907020568848,0.75,0.9013548180214848,0.6923076923076923,0.0,0.7684794664382935,0.641010582447052,0.1192714162170887,0.5706689208745956,0.0,0.0,0.0,0.0,0.0,18473,global,0.0
3,3,lr1e-05_bs16_drop0p4_temp1p0_a0p25_b0p05__wd1e-04trmiss0_degmodglobal,16,1e-05,0.0001,0.4,1.0,0.25,0.05,lr1e-05_bs16_drop0p4_temp1p0_a0p25_b0p05__wd1e-04trmiss0_degmodglobal,52,0.6837548315525055,0.6193516850471497,0.6944444444444444,0.8808080808080809,0.6923076923076923,0.0,0.6890220940113068,0.6352349817752838,0.10278387181460857,0.4564775452017784,0.0,0.0,0.0,0.0,0.0,18473,global,0.0
3,3,lr1e-05_bs16_drop0p4_temp1p0_a0p25_b0p05__wd1e-04trmiss0_degmodglobal,16,1e-05,0.0001,0.4,1.0,0.25,0.05,lr1e-05_bs16_drop0p4_temp1p0_a0p25_b0p05__wd1e-04trmiss0_degmodglobal,53,0.67024827003479,0.6172240376472473,0.75,0.9013548180214848,0.6923076923076923,0.0,0.6811782866716385,0.6180031299591064,0.10672343894839287,0.5112854987382889,0.0,0.0,0.0,0.0,0.0,18473,global,0.0
3,3,lr1e-05_bs16_drop0p4_temp1p0_a0p25_b0p05__wd1e-04trmiss0_degmodglobal,16,1e-05,0.0001,0.4,1.0,0.25,0.05,lr1e-05_bs16_drop0p4_temp1p0_a0p25_b0p05__wd1e-04trmiss0_degmodglobal,54,0.6764276772737503,0.619232714176178,0.7222222222222222,0.8927128427128428,0.6923076923076923,0.0,0.7219393849372864,0.6152790188789368,0.13035284914076328,0.5712087973952293,0.0,0.0,0.0,0.0,0.0,18473,global,0.0
3,3,lr1e-05_bs16_drop0p4_temp1p0_a0p25_b0p05__wd1e-04trmiss0_degmodglobal,16,1e-05,0.0001,0.4,1.0,0.25,0.05,lr1e-05_bs16_drop0p4_temp1p0_a0p25_b0p05__wd1e-04trmiss0_degmodglobal,55,0.6902920007705688,0.6172534823417664,0.7222222222222222,0.8927128427128428,0.6923076923076923,0.0,0.6940065771341324,0.6329720467329025,0.11972653307020664,0.5477662980556488,0.0,0.0,0.0,0.0,0.0,18473,global,0.0
3,3,lr1e-05_bs16_drop0p4_temp1p0_a0p25_b0p05__wd1e-04trmiss0_degmodglobal,16,1e-05,0.0001,0.4,1.0,0.25,0.05,lr1e-05_bs16_drop0p4_temp1p0_a0p25_b0p05__wd1e-04trmiss0_degmodglobal,56,0.6679214239120483,0.6182271838188171,0.7222222222222222,0.8927128427128428,0.6923076923076923,0.0,0.7304612249135971,0.6201525032520294,0.09741195570677519,0.4683186821639538,0.0,0.0,0.0,0.0,0.0,18473,global,0.0
3,3,lr1e-05_bs16_drop0p4_temp1p0_a0p25_b0p05__wd1e-04trmiss0_degmodglobal,16,1e-05,0.0001,0.4,1.0,0.25,0.05,lr1e-05_bs16_drop0p4_temp1p0_a0p25_b0p05__wd1e-04trmiss0_degmodglobal,57,0.6523526310920715,0.618435800075531,0.7222222222222222,0.8927128427128428,0.6923076923076923,0.0,0.6837690472602844,0.5944983512163162,0.11663049273192883,0.573933057487011,0.0,0.0,0.0,0.0,0.0,18473,global,0.0
3,3,lr1e-05_bs16_drop0p4_temp2p0_a0p25_b0p05__wd1e-04trmiss0_degmodglobal,16,1e-05,0.0001,0.4,2.0,0.25,0.05,lr1e-05_bs16_drop0p4_temp2p0_a0p25_b0p05__wd1e-04trmiss0_degmodglobal,1,0.6671909689903259,0.6702941060066223,0.7222222222222222,0.8643658810325479,0.6153846153846154,0.0,0.6930374801158905,0.6491537988185883,0.040828218683600426,0.1566024087369442,0.0,0.0,0.0,0.0,0.0,18473,global,0.0
3,3,lr1e-05_bs16_drop0p4_temp2p0_a0p25_b0p05__wd1e-04trmiss0_degmodglobal,16,1e-05,0.0001,0.4,2.0,0.25,0.05,lr1e-05_bs16_drop0p4_temp2p0_a0p25_b0p05__wd1e-04trmiss0_degmodglobal,2,0.7047971040010452,0.6672791838645935,0.75,0.8762706429373097,0.6153846153846154,0.0,0.7023764103651047,0.6887377947568893,0.039623077027499676,0.12307064980268478,0.0,0.0,0.0,0.0,0.0,18473,global,0.0
3,3,lr1e-05_bs16_drop0p4_temp2p0_a0p25_b0p05__wd1e-04trmiss0_degmodglobal,16,1e-05,0.0001,0.4,2.0,0.25,0.05,lr1e-05_bs16_drop0p4_temp2p0_a0p25_b0p05__wd1e-04trmiss0_degmodglobal,3,0.663774773478508,0.6654230356216431,0.75,0.8762706429373097,0.6923076923076923,0.0,0.6810386925935745,0.6444989442825317,0.046404747758060694,0.15349265560507774,0.0,0.0,0.0,0.0,0.0,18473,global,0.0
3,3,lr1e-05_bs16_drop0p4_temp2p0_a0p25_b0p05__wd1e-04trmiss0_degmodglobal,16,1e-05,0.0001,0.4,2.0,0.25,0.05,lr1e-05_bs16_drop0p4_temp2p0_a0p25_b0p05__wd1e-04trmiss0_degmodglobal,4,0.6821975558996201,0.6627039909362793,0.75,0.8762706429373097,0.6923076923076923,0.0,0.6740838140249252,0.6632201224565506,0.047001020051538944,0.1445435769855976,0.0,0.0,0.0,0.0,0.0,18473,global,0.0
3,3,lr1e-05_bs16_drop0p4_temp2p0_a0p25_b0p05__wd1e-04trmiss0_degmodglobal,16,1e-05,0.0001,0.4,2.0,0.25,0.05,lr1e-05_bs16_drop0p4_temp2p0_a0p25_b0p05__wd1e-04trmiss0_degmodglobal,5,0.6989659667015076,0.6601988673210144,0.75,0.8762706429373097,0.6923076923076923,0.0,0.6808745115995407,0.6794117242097855,0.046914683654904366,0.15651153214275837,0.0,0.0,0.0,0.0,0.0,18473,global,0.0
3,3,lr1e-05_bs16_drop0p4_temp2p0_a0p25_b0p05__wd1e-04trmiss0_degmodglobal,16,1e-05,0.0001,0.4,2.0,0.25,0.05,lr1e-05_bs16_drop0p4_temp2p0_a0p25_b0p05__wd1e-04trmiss0_degmodglobal,6,0.7178157269954681,0.6595507860183716,0.7222222222222222,0.8643658810325479,0.6153846153846154,0.0,0.6889599114656448,0.6970207691192627,0.05216997489333153,0.15504866652190685,0.0,0.0,0.0,0.0,0.0,18473,global,0.0
3,3,lr1e-05_bs16_drop0p4_temp2p0_a0p25_b0p05__wd1e-04trmiss0_degmodglobal,16,1e-05,0.0001,0.4,2.0,0.25,0.05,lr1e-05_bs16_drop0p4_temp2p0_a0p25_b0p05__wd1e-04trmiss0_degmodglobal,7,0.6934594064950943,0.6614035367965698,0.7222222222222222,0.8643658810325479,0.5384615384615384,0.0,0.6985103636980057,0.6730886399745941,0.0462087644264102,0.17637172900140285,0.0,0.0,0.0,0.0,0.0,18473,global,0.0
3,3,lr1e-05_bs16_drop0p4_temp2p0_a0p25_b0p05__wd1e-04trmiss0_degmodglobal,16,1e-05,0.0001,0.4,2.0,0.25,0.05,lr1e-05_bs16_drop0p4_temp2p0_a0p25_b0p05__wd1e-04trmiss0_degmodglobal,8,0.6784385293722153,0.6621645092964172,0.7222222222222222,0.8643658810325479,0.5384615384615384,0.0,0.6821405589580536,0.6597030311822891,0.04641255084425211,0.14264767803251743,0.0,0.0,0.0,0.0,0.0,18473,global,0.0
3,3,lr1e-05_bs16_drop0p4_temp2p0_a0p25_b0p05__wd1e-04trmiss0_degmodglobal,16,1e-05,0.0001,0.4,2.0,0.25,0.05,lr1e-05_bs16_drop0p4_temp2p0_a0p25_b0p05__wd1e-04trmiss0_degmodglobal,9,0.680450364947319,0.6624132990837097,0.7222222222222222,0.8643658810325479,0.5384615384615384,0.0,0.6883741319179535,0.6596811860799789,0.051141892559826374,0.159674234688282,0.0,0.0,0.0,0.0,0.0,18473,global,0.0
3,3,lr1e-05_bs16_drop0p4_temp2p0_a0p25_b0p05__wd1e-04trmiss0_degmodglobal,16,1e-05,0.0001,0.4,2.0,0.25,0.05,lr1e-05_bs16_drop0p4_temp2p0_a0p25_b0p05__wd1e-04trmiss0_degmodglobal,10,0.6893806904554367,0.6633698344230652,0.6666666666666666,0.8233605900272567,0.5384615384615384,0.0,0.6812427043914795,0.6696467101573944,0.048456208780407906,0.15239855088293552,0.0,0.0,0.0,0.0,0.0,18473,global,0.0
3,3,lr1e-05_bs16_drop0p4_temp2p0_a0p25_b0p05__wd1e-04trmiss0_degmodglobal,16,1e-05,0.0001,0.4,2.0,0.25,0.05,lr1e-05_bs16_drop0p4_temp2p0_a0p25_b0p05__wd1e-04trmiss0_degmodglobal,11,0.647853672504425,0.6635133624076843,0.6944444444444444,0.8511383678050346,0.5384615384615384,0.0,0.6882171034812927,0.6277060061693192,0.05027823708951473,0.1515622828155756,0.0,0.0,0.0,0.0,0.0,18473,global,0.0
3,3,lr1e-05_bs16_drop0p4_temp2p0_a0p25_b0p05__wd1e-04trmiss0_degmodglobal,16,1e-05,0.0001,0.4,2.0,0.25,0.05,lr1e-05_bs16_drop0p4_temp2p0_a0p25_b0p05__wd1e-04trmiss0_degmodglobal,12,0.676465705037117,0.6646400094032288,0.6666666666666666,0.8233605900272567,0.5384615384615384,0.0,0.6645046174526215,0.6531984806060791,0.062965945340693,0.1505151204764843,0.0,0.0,0.0,0.0,0.0,18473,global,0.0
3,3,lr1e-05_bs16_drop0p4_temp2p0_a0p25_b0p05__wd1e-04trmiss0_degmodglobal,16,1e-05,0.0001,0.4,2.0,0.25,0.05,lr1e-05_bs16_drop0p4_temp2p0_a0p25_b0p05__wd1e-04trmiss0_degmodglobal,13,0.657869353890419,0.6680790781974792,0.6666666666666666,0.8233605900272567,0.5384615384615384,0.0,0.6728270500898361,0.6424814760684967,0.03924350766465068,0.11153997201472521,0.0,0.0,0.0,0.0,0.0,18473,global,0.0
3,3,lr1e-05_bs16_drop0p4_temp2p0_a0p25_b0p05__wd1e-04trmiss0_degmodglobal,16,1e-05,0.0001,0.4,2.0,0.25,0.05,lr1e-05_bs16_drop0p4_temp2p0_a0p25_b0p05__wd1e-04trmiss0_degmodglobal,14,0.6656773686408997,0.6715025305747986,0.6666666666666666,0.8233605900272567,0.5384615384615384,0.0,0.6767777651548386,0.645096942782402,0.052625738084316254,0.14847970195114613,0.0,0.0,0.0,0.0,0.0,18473,global,0.0
3,3,lr1e-05_bs16_drop0p4_temp2p0_a0p25_b0p05__wd1e-04trmiss0_degmodglobal,16,1e-05,0.0001,0.4,2.0,0.25,0.05,lr1e-05_bs16_drop0p4_temp2p0_a0p25_b0p05__wd1e-04trmiss0_degmodglobal,15,0.6811122596263885,0.6719139218330383,0.7222222222222222,0.8484928651595318,0.6153846153846154,0.0,0.6820776462554932,0.6637998521327972,0.04441520478576422,0.12417210452258587,0.0,0.0,0.0,0.0,0.0,18473,global,0.0
3,3,lr1e-05_bs16_drop0p4_temp2p0_a0p25_b0p05__wd1e-04trmiss0_degmodglobal,16,1e-05,0.0001,0.4,2.0,0.25,0.05,lr1e-05_bs16_drop0p4_temp2p0_a0p25_b0p05__wd1e-04trmiss0_degmodglobal,16,0.690382644534111,0.6725853085517883,0.7222222222222222,0.8484928651595318,0.6923076923076923,0.0,0.6657926291227341,0.6688317507505417,0.057509067468345165,0.14347299002110958,0.0,0.0,0.0,0.0,0.0,18473,global,0.0
3,3,lr1e-05_bs16_drop0p4_temp2p0_a0p25_b0p05__wd1e-04trmiss0_degmodglobal,16,1e-05,0.0001,0.4,2.0,0.25,0.05,lr1e-05_bs16_drop0p4_temp2p0_a0p25_b0p05__wd1e-04trmiss0_degmodglobal,17,0.6791120618581772,0.6711055636405945,0.7222222222222222,0.8484928651595318,0.6923076923076923,0.0,0.6564176678657532,0.6649573594331741,0.035382525995373726,0.10618140920996666,0.0,0.0,0.0,0.0,0.0,18473,global,0.0
3,3,lr1e-05_bs16_drop0p4_temp2p0_a0p25_b0p05__wd1e-04trmiss0_degmodglobal,16,1e-05,0.0001,0.4,2.0,0.25,0.05,lr1e-05_bs16_drop0p4_temp2p0_a0p25_b0p05__wd1e-04trmiss0_degmodglobal,18,0.6158087849617004,0.6704882383346558,0.7222222222222222,0.8484928651595318,0.6923076923076923,0.0,0.6461041122674942,0.596193253993988,0.048561603762209415,0.14950304105877876,0.0,0.0,0.0,0.0,0.0,18473,global,0.0
3,3,lr1e-05_bs16_drop0p4_temp2p0_a0p25_b0p05__wd1e-04trmiss0_degmodglobal,16,1e-05,0.0001,0.4,2.0,0.25,0.05,lr1e-05_bs16_drop0p4_temp2p0_a0p25_b0p05__wd1e-04trmiss0_degmodglobal,19,0.6656680554151535,0.6668140888214111,0.7222222222222222,0.8484928651595318,0.6923076923076923,0.0,0.650833398103714,0.6482572257518768,0.045617506839334965,0.12012905161827803,0.0,0.0,0.0,0.0,0.0,18473,global,0.0
3,3,lr1e-05_bs16_drop0p4_temp2p0_a0p25_b0p05__wd1e-04trmiss0_degmodglobal,16,1e-05,0.0001,0.4,2.0,0.25,0.05,lr1e-05_bs16_drop0p4_temp2p0_a0p25_b0p05__wd1e-04trmiss0_degmodglobal,20,0.6493272632360458,0.6710808277130127,0.7222222222222222,0.8484928651595318,0.6923076923076923,0.0,0.6424581557512283,0.624421238899231,0.059602491557598114,0.20010786317288876,0.0,0.0,0.0,0.0,0.0,18473,global,0.0
3,3,lr1e-05_bs16_drop0p4_temp2p0_a0p25_b0p05__wd1e-04trmiss0_degmodglobal,16,1e-05,0.0001,0.4,2.0,0.25,0.05,lr1e-05_bs16_drop0p4_temp2p0_a0p25_b0p05__wd1e-04trmiss0_degmodglobal,21,0.6696335971355438,0.6707156300544739,0.7222222222222222,0.8484928651595318,0.6923076923076923,0.0,0.6617363542318344,0.6484445780515671,0.053789797239005566,0.15483160130679607,0.0,0.0,0.0,0.0,0.0,18473,global,0.0
3,3,lr1e-05_bs16_drop0p4_temp2p0_a0p25_b0p05__wd1e-04trmiss0_degmodglobal,16,1e-05,0.0001,0.4,2.0,0.25,0.05,lr1e-05_bs16_drop0p4_temp2p0_a0p25_b0p05__wd1e-04trmiss0_degmodglobal,22,0.6564517170190811,0.6719870567321777,0.7222222222222222,0.8484928651595318,0.6923076923076923,0.0,0.688101589679718,0.6336377859115601,0.05513964034616947,0.18058130145072937,0.0,0.0,0.0,0.0,0.0,18473,global,0.0
3,3,lr1e-05_bs16_drop0p4_temp2p0_a0p25_b0p05__wd1e-04trmiss0_degmodglobal,16,1e-05,0.0001,0.4,2.0,0.25,0.05,lr1e-05_bs16_drop0p4_temp2p0_a0p25_b0p05__wd1e-04trmiss0_degmodglobal,23,0.6417953819036484,0.6687808036804199,0.7222222222222222,0.8484928651595318,0.6923076923076923,0.0,0.6833538115024567,0.6183600574731827,0.05104472395032644,0.21348288282752037,0.0,0.0,0.0,0.0,0.0,18473,global,0.0
3,3,lr1e-05_bs16_drop0p4_temp2p0_a0p25_b0p05__wd1e-04trmiss0_degmodglobal,16,1e-05,0.0001,0.4,2.0,0.25,0.05,lr1e-05_bs16_drop0p4_temp2p0_a0p25_b0p05__wd1e-04trmiss0_degmodglobal,24,0.6659263521432877,0.6683333516120911,0.7222222222222222,0.8484928651595318,0.6153846153846154,0.0,0.6398635357618332,0.6480780392885208,0.043711211532354355,0.13840997219085693,0.0,0.0,0.0,0.0,0.0,18473,global,0.0
3,3,lr1e-05_bs16_drop0p4_temp2p0_a0p25_b0p05__wd1e-04trmiss0_degmodglobal,16,1e-05,0.0001,0.4,2.0,0.25,0.05,lr1e-05_bs16_drop0p4_temp2p0_a0p25_b0p05__wd1e-04trmiss0_degmodglobal,25,0.6435136646032333,0.6698298454284668,0.7222222222222222,0.8484928651595318,0.6923076923076923,0.0,0.6738462299108505,0.627673551440239,0.041094628162682056,0.11132973618805408,0.0,0.0,0.0,0.0,0.0,18473,global,0.0
3,4,lr1e-04_bs8_drop0p2_temp1p0_a0p25_b0p05__wd1e-04trmiss0_degmodglobal,8,0.0001,0.0001,0.2,1.0,0.25,0.05,lr1e-04_bs8_drop0p2_temp1p0_a0p25_b0p05__wd1e-04trmiss0_degmodglobal,1,0.7541838032858712,0.7148864269256592,0.4166666666666667,0.7352564102564103,0.3076923076923077,0.0,0.6764221957751683,0.731812732560294,0.04863162258906024,0.20426350299801146,0.0,0.0,0.0,0.0,0.0,18473,global,0.0
3,4,lr1e-04_bs8_drop0p2_temp1p0_a0p25_b0p05__wd1e-04trmiss0_degmodglobal,8,0.0001,0.0001,0.2,1.0,0.25,0.05,lr1e-04_bs8_drop0p2_temp1p0_a0p25_b0p05__wd1e-04trmiss0_degmodglobal,2,0.7077310000147138,0.742982029914856,0.25,0.6543320876654211,0.3076923076923077,0.0,0.6384999581745693,0.6879758834838867,0.040135106071829796,0.1944267281464168,0.0,0.0,0.0,0.0,0.0,18473,global,0.0
3,4,lr1e-04_bs8_drop0p2_temp1p0_a0p25_b0p05__wd1e-04trmiss0_degmodglobal,8,0.0001,0.0001,0.2,1.0,0.25,0.05,lr1e-04_bs8_drop0p2_temp1p0_a0p25_b0p05__wd1e-04trmiss0_degmodglobal,3,0.7153131280626569,0.7509397268295288,0.25,0.6543320876654211,0.3076923076923077,0.0,0.646669055734362,0.6966154319899422,0.03822834709925311,0.18281215642179763,0.0,0.0,0.0,0.0,0.0,18473,global,0.0
3,4,lr1e-04_bs8_drop0p2_temp1p0_a0p25_b0p05__wd1e-04trmiss0_degmodglobal,8,0.0001,0.0001,0.2,1.0,0.25,0.05,lr1e-04_bs8_drop0p2_temp1p0_a0p25_b0p05__wd1e-04trmiss0_degmodglobal,4,0.6669418811798096,0.7447570562362671,0.2777777777777778,0.662048137048137,0.3076923076923077,0.0,0.6206715362412589,0.6495180130004883,0.03688864915498665,0.16403416437762125,0.0,0.0,0.0,0.0,0.0,18473,global,0.0
3,4,lr1e-04_bs8_drop0p2_temp1p0_a0p25_b0p05__wd1e-04trmiss0_degmodglobal,8,0.0001,0.0001,0.2,1.0,0.25,0.05,lr1e-04_bs8_drop0p2_temp1p0_a0p25_b0p05__wd1e-04trmiss0_degmodglobal,5,0.6904684901237488,0.7486647069454193,0.2777777777777778,0.662048137048137,0.38461538461538464,0.0,0.603004915373666,0.6727673496518817,0.03720964730850288,0.16797487969909394,0.0,0.0,0.0,0.0,0.0,18473,global,0.0
3,4,lr1e-04_bs8_drop0p2_temp1p0_a0p25_b0p05__wd1e-04trmiss0_degmodglobal,8,0.0001,0.0001,0.2,1.0,0.25,0.05,lr1e-04_bs8_drop0p2_temp1p0_a0p25_b0p05__wd1e-04trmiss0_degmodglobal,6,0.6534269196646554,0.7421236336231232,0.3055555555555556,0.6694555444555446,0.38461538461538464,0.0,0.5882741808891296,0.6358045084135873,0.0372441081064088,0.16622722787516458,0.0,0.0,0.0,0.0,0.0,18473,global,0.0
3,4,lr1e-04_bs8_drop0p2_temp1p0_a0p25_b0p05__wd1e-04trmiss0_degmodglobal,8,0.0001,0.0001,0.2,1.0,0.25,0.05,lr1e-04_bs8_drop0p2_temp1p0_a0p25_b0p05__wd1e-04trmiss0_degmodglobal,7,0.6416217855044773,0.7353548407554626,0.3333333333333333,0.6805666555666556,0.38461538461538464,0.0,0.5663859673908779,0.6227193304470607,0.04418370659862246,0.15713066820587432,0.0,0.0,0.0,0.0,0.0,18473,global,0.0
3,4,lr1e-04_bs8_drop0p2_temp1p0_a0p25_b0p05__wd1e-04trmiss0_degmodglobal,8,0.0001,0.0001,0.2,1.0,0.25,0.05,lr1e-04_bs8_drop0p2_temp1p0_a0p25_b0p05__wd1e-04trmiss0_degmodglobal,8,0.6255571160997663,0.7323056161403656,0.3888888888888889,0.701069301069301,0.38461538461538464,0.0,0.5842045375279018,0.6064099669456482,0.04390646943024227,0.1634105827127184,0.0,0.0,0.0,0.0,0.0,18473,global,0.0
3,4,lr1e-04_bs8_drop0p2_temp1p0_a0p25_b0p05__wd1e-04trmiss0_degmodglobal,8,0.0001,0.0001,0.2,1.0,0.25,0.05,lr1e-04_bs8_drop0p2_temp1p0_a0p25_b0p05__wd1e-04trmiss0_degmodglobal,9,0.627677994115012,0.7227716743946075,0.4166666666666667,0.7081400081400082,0.38461538461538464,0.0,0.5676142573356628,0.6079114590372358,0.04465079999395779,0.172076587166105,0.0,0.0,0.0,0.0,0.0,18473,global,0.0
3,4,lr1e-04_bs8_drop0p2_temp1p0_a0p25_b0p05__wd1e-04trmiss0_degmodglobal,8,0.0001,0.0001,0.2,1.0,0.25,0.05,lr1e-04_bs8_drop0p2_temp1p0_a0p25_b0p05__wd1e-04trmiss0_degmodglobal,10,0.6413210374968392,0.7191796004772186,0.5,0.7379509379509379,0.46153846153846156,0.0,0.5572943772588458,0.6215809243065971,0.04626833141914436,0.16346058994531631,0.0,0.0,0.0,0.0,0.0,18473,global,0.0
3,4,lr1e-04_bs8_drop0p2_temp1p0_a0p25_b0p05__wd1e-04trmiss0_degmodglobal,8,0.0001,0.0001,0.2,1.0,0.25,0.05,lr1e-04_bs8_drop0p2_temp1p0_a0p25_b0p05__wd1e-04trmiss0_degmodglobal,11,0.5963368160384042,0.7133869528770447,0.5277777777777777,0.7472101972101972,0.46153846153846156,0.0,0.5626628994941711,0.5788859980446952,0.04153579659759998,0.14133707859686442,0.0,0.0,0.0,0.0,0.0,18473,global,0.0
3,4,lr1e-04_bs8_drop0p2_temp1p0_a0p25_b0p05__wd1e-04trmiss0_degmodglobal,8,0.0001,0.0001,0.2,1.0,0.25,0.05,lr1e-04_bs8_drop0p2_temp1p0_a0p25_b0p05__wd1e-04trmiss0_degmodglobal,12,0.6165942634854998,0.7150613069534302,0.5277777777777777,0.7472101972101972,0.46153846153846156,0.0,0.5268437266349792,0.5987219555037362,0.041319949818508964,0.15084655370031083,0.0,0.0,0.0,0.0,0.0,18473,global,0.0
3,4,lr1e-04_bs8_drop0p2_temp1p0_a0p25_b0p05__wd1e-04trmiss0_degmodglobal,8,0.0001,0.0001,0.2,1.0,0.25,0.05,lr1e-04_bs8_drop0p2_temp1p0_a0p25_b0p05__wd1e-04trmiss0_degmodglobal,13,0.6282757690974644,0.7185965180397034,0.5,0.7379509379509379,0.46153846153846156,0.0,0.5418686185564313,0.611853471824101,0.040251726284623146,0.12718691463981355,0.0,0.0,0.0,0.0,0.0,18473,global,0.0
3,4,lr1e-04_bs8_drop0p2_temp1p0_a0p25_b0p05__wd1e-04trmiss0_degmodglobal,8,0.0001,0.0001,0.2,1.0,0.25,0.05,lr1e-04_bs8_drop0p2_temp1p0_a0p25_b0p05__wd1e-04trmiss0_degmodglobal,14,0.6071773597172329,0.7256386578083038,0.5,0.7379509379509379,0.46153846153846156,0.0,0.5364475505692619,0.5902631708553859,0.03803593931453569,0.14810435473918915,0.0,0.0,0.0,0.0,0.0,18473,global,0.0
3,4,lr1e-04_bs8_drop0p2_temp1p0_a0p25_b0p05__wd1e-04trmiss0_degmodglobal,8,0.0001,0.0001,0.2,1.0,0.25,0.05,lr1e-04_bs8_drop0p2_temp1p0_a0p25_b0p05__wd1e-04trmiss0_degmodglobal,15,0.5982709228992462,0.7318525910377502,0.41666666666666663,0.6660644910644911,0.38461538461538464,0.0,0.5493763259478978,0.5835703526224408,0.033084760553070476,0.1285875684448651,0.0,0.0,0.0,0.0,0.0,18473,global,0.0
3,4,lr1e-04_bs8_drop0p2_temp1p0_a0p25_b0p05__wd1e-04trmiss0_degmodglobal,8,0.0001,0.0001,0.2,1.0,0.25,0.05,lr1e-04_bs8_drop0p2_temp1p0_a0p25_b0p05__wd1e-04trmiss0_degmodglobal,16,0.6105491178376334,0.7233994007110596,0.5277777777777777,0.7472101972101972,0.46153846153846156,0.0,0.5427101382187435,0.5933691092899868,0.039386387914419174,0.14666815208537237,0.0,0.0,0.0,0.0,0.0,18473,global,0.0
3,4,lr1e-04_bs8_drop0p2_temp1p0_a0p25_b0p05__wd1e-04trmiss0_degmodglobal,8,0.0001,0.0001,0.2,1.0,0.25,0.05,lr1e-04_bs8_drop0p2_temp1p0_a0p25_b0p05__wd1e-04trmiss0_degmodglobal,17,0.6049043451036725,0.7218417823314667,0.5,0.7379509379509379,0.46153846153846156,0.0,0.5215150032724652,0.5876245498657227,0.040106945272002904,0.14506129494735173,0.0,0.0,0.0,0.0,0.0,18473,global,0.0
3,4,lr1e-04_bs8_drop0p2_temp1p0_a0p25_b0p05__wd1e-04trmiss0_degmodglobal,8,0.0001,0.0001,0.2,1.0,0.25,0.05,lr1e-04_bs8_drop0p2_temp1p0_a0p25_b0p05__wd1e-04trmiss0_degmodglobal,18,0.6006424852779934,0.7209759652614594,0.5,0.7379509379509379,0.46153846153846156,0.0,0.5354973460946765,0.5844076701572963,0.039138982870749066,0.1290016919374466,0.0,0.0,0.0,0.0,0.0,18473,global,0.0
3,4,lr1e-04_bs8_drop0p2_temp1p0_a0p25_b0p05__wd1e-04trmiss0_degmodglobal,8,0.0001,0.0001,0.2,1.0,0.25,0.05,lr1e-04_bs8_drop0p2_temp1p0_a0p25_b0p05__wd1e-04trmiss0_degmodglobal,19,0.5804548646722522,0.7210170328617096,0.5277777777777777,0.7472101972101972,0.46153846153846156,0.0,0.5240861092294965,0.5621713655335563,0.04059161086167608,0.16271211419786727,0.0,0.0,0.0,0.0,0.0,18473,global,0.0
3,4,lr1e-04_bs8_drop0p2_temp1p0_a0p25_b0p05__wd1e-04trmiss0_degmodglobal,8,0.0001,0.0001,0.2,1.0,0.25,0.05,lr1e-04_bs8_drop0p2_temp1p0_a0p25_b0p05__wd1e-04trmiss0_degmodglobal,20,0.5731053011757987,0.7197815477848053,0.5277777777777777,0.7472101972101972,0.46153846153846156,0.0,0.5220881359917777,0.5573045568806785,0.03796337438481195,0.12619791392769134,0.0,0.0,0.0,0.0,0.0,18473,global,0.0
3,4,lr1e-04_bs8_drop0p2_temp1p0_a0p25_b0p05__wd1e-04trmiss0_degmodglobal,8,0.0001,0.0001,0.2,1.0,0.25,0.05,lr1e-04_bs8_drop0p2_temp1p0_a0p25_b0p05__wd1e-04trmiss0_degmodglobal,21,0.5798404557364327,0.7185092866420746,0.5277777777777777,0.7472101972101972,0.46153846153846156,0.0,0.5296382222856794,0.5631342445101056,0.043943531279053004,0.11440639251044818,0.0,0.0,0.0,0.0,0.0,18473,global,0.0
3,4,lr1e-04_bs8_drop0p2_temp1p0_a0p25_b0p05__wd1e-04trmiss0_degmodglobal,8,0.0001,0.0001,0.2,1.0,0.25,0.05,lr1e-04_bs8_drop0p2_temp1p0_a0p25_b0p05__wd1e-04trmiss0_degmodglobal,22,0.5683836170605251,0.7203293740749359,0.5,0.6916546416546417,0.46153846153846156,0.0,0.5136816075869969,0.5517332468714032,0.04438268020749092,0.11109381807701928,0.0,0.0,0.0,0.0,0.0,18473,global,0.0
3,4,lr1e-04_bs8_drop0p2_temp1p0_a0p25_b0p05__wd1e-04trmiss0_degmodglobal,8,0.0001,0.0001,0.2,1.0,0.25,0.05,lr1e-04_bs8_drop0p2_temp1p0_a0p25_b0p05__wd1e-04trmiss0_degmodglobal,23,0.5802141087395805,0.7245707809925079,0.4722222222222222,0.6823953823953824,0.46153846153846156,0.0,0.5101595095225743,0.5630085297993251,0.04369733801909855,0.12562474927731923,0.0,0.0,0.0,0.0,0.0,18473,global,0.0
3,4,lr1e-04_bs8_drop0p2_temp1p0_a0p25_b0p05__wd1e-04trmiss0_degmodglobal,8,0.0001,0.0001,0.2,1.0,0.25,0.05,lr1e-04_bs8_drop0p2_temp1p0_a0p25_b0p05__wd1e-04trmiss0_degmodglobal,24,0.5888505407742092,0.7193112075328827,0.5,0.6916546416546417,0.46153846153846156,0.0,0.5040274773325238,0.5726000922066825,0.03678470530680248,0.14108543789812497,0.0,0.0,0.0,0.0,0.0,18473,global,0.0
3,4,lr1e-04_bs8_drop0p2_temp1p0_a0p25_b0p05__wd1e-04trmiss0_degmodglobal,8,0.0001,0.0001,0.2,1.0,0.25,0.05,lr1e-04_bs8_drop0p2_temp1p0_a0p25_b0p05__wd1e-04trmiss0_degmodglobal,25,0.5742979645729065,0.7186423242092133,0.5277777777777777,0.7472101972101972,0.46153846153846156,0.0,0.5125824127878461,0.5563350064413888,0.04593670102102416,0.1295757900391306,0.0,0.0,0.0,0.0,0.0,18473,global,0.0
3,4,lr1e-04_bs8_drop0p2_temp1p0_a0p25_b0p05__wd1e-04trmiss0_degmodglobal,8,0.0001,0.0001,0.2,1.0,0.25,0.05,lr1e-04_bs8_drop0p2_temp1p0_a0p25_b0p05__wd1e-04trmiss0_degmodglobal,26,0.5797895874295916,0.7206897735595703,0.5277777777777777,0.7472101972101972,0.46153846153846156,0.0,0.5205291083880833,0.5617264083453587,0.04342579735176904,0.14413448103836604,0.0,0.0,0.0,0.0,0.0,18473,global,0.0
3,4,lr1e-04_bs8_drop0p2_temp1p0_a0p25_b0p05__wd1e-04trmiss0_degmodglobal,8,0.0001,0.0001,0.2,1.0,0.25,0.05,lr1e-04_bs8_drop0p2_temp1p0_a0p25_b0p05__wd1e-04trmiss0_degmodglobal,27,0.5704174680369241,0.7191140055656433,0.5277777777777777,0.7472101972101972,0.46153846153846156,0.0,0.4871051141193935,0.551355140549796,0.04463355296424457,0.15807882909263885,0.0,0.0,0.0,0.0,0.0,18473,global,0.0
3,4,lr1e-04_bs8_drop0p2_temp1p0_a0p25_b0p05__wd1e-04trmiss0_degmodglobal,8,0.0001,0.0001,0.2,1.0,0.25,0.05,lr1e-04_bs8_drop0p2_temp1p0_a0p25_b0p05__wd1e-04trmiss0_degmodglobal,28,0.5951186503682818,0.7221258878707886,0.5,0.6916546416546417,0.46153846153846156,0.0,0.5028619808810098,0.579215041228703,0.039888795731323104,0.11862853701625552,0.0,0.0,0.0,0.0,0.0,18473,global,0.0
3,4,lr1e-04_bs8_drop0p2_temp1p0_a0p25_b0p05__wd1e-04trmiss0_degmodglobal,8,0.0001,0.0001,0.2,1.0,0.25,0.05,lr1e-04_bs8_drop0p2_temp1p0_a0p25_b0p05__wd1e-04trmiss0_degmodglobal,29,0.5923318224293845,0.7163143157958984,0.5277777777777778,0.7002966169632837,0.46153846153846156,0.0,0.5360689674104963,0.5764497944286892,0.035691059327551296,0.13918529450893402,0.0,0.0,0.0,0.0,0.0,18473,global,0.0
3,4,lr1e-04_bs8_drop0p2_temp1p0_a0p25_b0p05__wd1e-04trmiss0_degmodglobal,8,0.0001,0.0001,0.2,1.0,0.25,0.05,lr1e-04_bs8_drop0p2_temp1p0_a0p25_b0p05__wd1e-04trmiss0_degmodglobal,30,0.5793983936309814,0.7222955524921417,0.5,0.6916546416546417,0.46153846153846156,0.0,0.49624782374926973,0.5607647214617048,0.043434450668948035,0.15550121345690318,0.0,0.0,0.0,0.0,0.0,18473,global,0.0
3,4,lr1e-04_bs8_drop0p2_temp1p0_a0p25_b0p05__wd1e-04trmiss0_degmodglobal,8,0.0001,0.0001,0.2,1.0,0.25,0.05,lr1e-04_bs8_drop0p2_temp1p0_a0p25_b0p05__wd1e-04trmiss0_degmodglobal,31,0.5811878527913775,0.7230327427387238,0.5,0.6916546416546417,0.46153846153846156,0.0,0.48702012641089304,0.5606639853545597,0.04756132912422929,0.1726707879986082,0.0,0.0,0.0,0.0,0.0,18473,global,0.0
3,4,lr1e-04_bs8_drop0p2_temp1p0_a0p25_b0p05__wd1e-04trmiss0_degmodglobal,8,0.0001,0.0001,0.2,1.0,0.25,0.05,lr1e-04_bs8_drop0p2_temp1p0_a0p25_b0p05__wd1e-04trmiss0_degmodglobal,32,0.5867082817213876,0.7188290059566498,0.5277777777777778,0.7002966169632837,0.46153846153846156,0.0,0.4824063650199345,0.5670838356018066,0.046169748795883994,0.16163995755570276,0.0,0.0,0.0,0.0,0.0,18473,global,0.0
3,4,lr1e-04_bs8_drop0p2_temp1p0_a0p25_b0p05__wd1e-04trmiss0_degmodglobal,8,0.0001,0.0001,0.2,1.0,0.25,0.05,lr1e-04_bs8_drop0p2_temp1p0_a0p25_b0p05__wd1e-04trmiss0_degmodglobal,33,0.6017009445599147,0.7240635454654694,0.5,0.6916546416546417,0.46153846153846156,0.0,0.5002588629722595,0.5825071845735822,0.043432789987751415,0.16671125377927506,0.0,0.0,0.0,0.0,0.0,18473,global,0.0
3,4,lr1e-04_bs8_drop0p2_temp1p0_a0p25_b0p05__wd1e-04trmiss0_degmodglobal,8,0.0001,0.0001,0.2,1.0,0.25,0.05,lr1e-04_bs8_drop0p2_temp1p0_a0p25_b0p05__wd1e-04trmiss0_degmodglobal,34,0.567038357257843,0.7265082597732544,0.5,0.6916546416546417,0.46153846153846156,0.0,0.4702185903276716,0.5481229935373578,0.04557286947965622,0.15044298555169786,0.0,0.0,0.0,0.0,0.0,18473,global,0.0
3,4,lr1e-04_bs8_drop0p2_temp1p0_a0p25_b0p05__wd1e-04trmiss0_degmodglobal,8,0.0001,0.0001,0.2,1.0,0.25,0.05,lr1e-04_bs8_drop0p2_temp1p0_a0p25_b0p05__wd1e-04trmiss0_degmodglobal,35,0.5723948861871447,0.7274887263774872,0.4722222222222222,0.6823953823953824,0.46153846153846156,0.0,0.48827668598720003,0.5553236135414669,0.0426279923745564,0.12828540482691356,0.0,0.0,0.0,0.0,0.0,18473,global,0.0
3,4,lr1e-04_bs8_drop0p2_temp1p0_a0p25_b0p05__wd1e-04trmiss0_degmodglobal,8,0.0001,0.0001,0.2,1.0,0.25,0.05,lr1e-04_bs8_drop0p2_temp1p0_a0p25_b0p05__wd1e-04trmiss0_degmodglobal,36,0.603365991796766,0.7247469127178192,0.5,0.6916546416546417,0.46153846153846156,0.0,0.512024062020438,0.5827604489667075,0.049982870263712745,0.16219656275851385,0.0,0.0,0.0,0.0,0.0,18473,global,0.0
3,4,lr1e-04_bs8_drop0p2_temp1p0_a0p25_b0p05__wd1e-04trmiss0_degmodglobal,8,0.0001,0.0001,0.2,1.0,0.25,0.05,lr1e-04_bs8_drop0p2_temp1p0_a0p25_b0p05__wd1e-04trmiss0_degmodglobal,37,0.5898366570472717,0.723995566368103,0.5,0.6916546416546417,0.46153846153846156,0.0,0.497474661895207,0.5693869590759277,0.05086518079042435,0.15466847057853425,0.0,0.0,0.0,0.0,0.0,18473,global,0.0
3,4,lr1e-04_bs8_drop0p2_temp1p0_a0p25_b0p05__wd1e-04trmiss0_degmodglobal,8,0.0001,0.0001,0.2,1.0,0.25,0.05,lr1e-04_bs8_drop0p2_temp1p0_a0p25_b0p05__wd1e-04trmiss0_degmodglobal,38,0.6044884153774807,0.7244519293308258,0.5,0.6916546416546417,0.46153846153846156,0.0,0.47154185601643156,0.5784837646143777,0.05920083128980228,0.2240890764764377,0.0,0.0,0.0,0.0,0.0,18473,global,0.0
3,4,lr1e-04_bs8_drop0p2_temp1p0_a0p25_b0p05__wd1e-04trmiss0_degmodglobal,8,0.0001,0.0001,0.2,1.0,0.25,0.05,lr1e-04_bs8_drop0p2_temp1p0_a0p25_b0p05__wd1e-04trmiss0_degmodglobal,39,0.586080402135849,0.7267545461654663,0.5,0.6916546416546417,0.46153846153846156,0.0,0.49129671284130644,0.5599949785641262,0.06311518805367607,0.20613242898668563,0.0,0.0,0.0,0.0,0.0,18473,global,0.0
3,4,lr1e-04_bs8_drop0p2_temp1p0_a0p25_b0p05__wd1e-04trmiss0_degmodglobal,8,0.0001,0.0001,0.2,1.0,0.25,0.05,lr1e-04_bs8_drop0p2_temp1p0_a0p25_b0p05__wd1e-04trmiss0_degmodglobal,40,0.5664811730384827,0.7243157029151917,0.5,0.6916546416546417,0.46153846153846156,0.0,0.469750383070537,0.5423804478985923,0.05695282455001559,0.19725046839032853,0.0,0.0,0.0,0.0,0.0,18473,global,0.0
3,4,lr1e-04_bs8_drop0p2_temp1p0_a0p25_b0p05__wd1e-04trmiss0_degmodglobal,8,0.0001,0.0001,0.2,1.0,0.25,0.05,lr1e-04_bs8_drop0p2_temp1p0_a0p25_b0p05__wd1e-04trmiss0_degmodglobal,41,0.5949735300881522,0.7236728072166443,0.5,0.6916546416546417,0.46153846153846156,0.0,0.49151439326150076,0.570499986410141,0.056133536089743884,0.20880294910499028,0.0,0.0,0.0,0.0,0.0,18473,global,0.0
3,4,lr1e-04_bs8_drop0p2_temp1p0_a0p25_b0p05__wd1e-04trmiss0_degmodglobal,8,0.0001,0.0001,0.2,1.0,0.25,0.05,lr1e-04_bs8_drop0p2_temp1p0_a0p25_b0p05__wd1e-04trmiss0_degmodglobal,42,0.5689085466521127,0.7237292230129242,0.5277777777777778,0.7002966169632837,0.46153846153846156,0.0,0.4714813104697636,0.5488824078014919,0.04612807982734272,0.16988264982189452,0.0,0.0,0.0,0.0,0.0,18473,global,0.0
3,4,lr1e-04_bs8_drop0p2_temp1p0_a0p25_b0p05__wd1e-04trmiss0_degmodglobal,8,0.0001,0.0001,0.2,1.0,0.25,0.05,lr1e-04_bs8_drop0p2_temp1p0_a0p25_b0p05__wd1e-04trmiss0_degmodglobal,43,0.5826815962791443,0.7259437739849091,0.5,0.6916546416546417,0.46153846153846156,0.0,0.463507456438882,0.5610370806285313,0.05008409757699285,0.18246970219271524,0.0,0.0,0.0,0.0,0.0,18473,global,0.0
3,4,lr1e-04_bs8_drop0p2_temp1p0_a0p25_b0p05__wd1e-04trmiss0_degmodglobal,8,0.0001,0.0001,0.2,1.0,0.25,0.05,lr1e-04_bs8_drop0p2_temp1p0_a0p25_b0p05__wd1e-04trmiss0_degmodglobal,44,0.5567551851272583,0.7268935441970825,0.5,0.6916546416546417,0.46153846153846156,0.0,0.45193850142615183,0.5324216995920453,0.055914697370358875,0.20709605940750667,0.0,0.0,0.0,0.0,0.0,18473,global,0.0
3,4,lr1e-04_bs8_drop0p2_temp1p0_a0p25_b0p05__wd1e-04trmiss0_degmodglobal,8,0.0001,0.0001,0.2,1.0,0.25,0.05,lr1e-04_bs8_drop0p2_temp1p0_a0p25_b0p05__wd1e-04trmiss0_degmodglobal,45,0.5672191551753453,0.7216572165489197,0.5277777777777778,0.7002966169632837,0.46153846153846156,0.0,0.45977011748722624,0.5481519784246173,0.047783565308366506,0.14242555733237947,0.0,0.0,0.0,0.0,0.0,18473,global,0.0
3,4,lr1e-04_bs8_drop0p2_temp1p0_a0p25_b0p05__wd1e-04trmiss0_degmodglobal,8,0.0001,0.0001,0.2,1.0,0.25,0.05,lr1e-04_bs8_drop0p2_temp1p0_a0p25_b0p05__wd1e-04trmiss0_degmodglobal,46,0.5777500356946673,0.7193564176559448,0.5277777777777778,0.7002966169632837,0.46153846153846156,0.0,0.4664126421724047,0.554729048694883,0.054475257971457074,0.18804346982921874,0.0,0.0,0.0,0.0,0.0,18473,global,0.0
3,4,lr1e-04_bs8_drop0p2_temp1p0_a0p25_b0p05__wd1e-04trmiss0_degmodglobal,8,0.0001,0.0001,0.2,1.0,0.25,0.05,lr1e-04_bs8_drop0p2_temp1p0_a0p25_b0p05__wd1e-04trmiss0_degmodglobal,47,0.5928136195455279,0.7199569940567017,0.5277777777777778,0.7002966169632837,0.46153846153846156,0.0,0.4343179166316986,0.5623858102730342,0.06684519297310285,0.27433037757873535,0.0,0.0,0.0,0.0,0.0,18473,global,0.0
3,4,lr1e-04_bs8_drop0p2_temp1p0_a0p25_b0p05__wd1e-04trmiss0_degmodglobal,8,0.0001,0.0001,0.2,1.0,0.25,0.05,lr1e-04_bs8_drop0p2_temp1p0_a0p25_b0p05__wd1e-04trmiss0_degmodglobal,48,0.585065701178142,0.722095787525177,0.5277777777777778,0.7002966169632837,0.46153846153846156,0.0,0.46966161898204256,0.5605987480708531,0.05878684536686966,0.19540476160390036,0.0,0.0,0.0,0.0,0.0,18473,global,0.0
3,4,lr1e-04_bs8_drop0p2_temp1p0_a0p25_b0p05__wd1e-04trmiss0_degmodglobal,8,0.0001,0.0001,0.2,1.0,0.25,0.05,lr1e-04_bs8_drop0p2_temp1p0_a0p25_b0p05__wd1e-04trmiss0_degmodglobal,49,0.5783797928265163,0.7247730791568756,0.5277777777777778,0.7002966169632837,0.46153846153846156,0.0,0.4630040866988046,0.5507808583123344,0.0654091446527413,0.22493348164217813,0.0,0.0,0.0,0.0,0.0,18473,global,0.0
3,4,lr1e-04_bs8_drop0p2_temp2p0_a0p25_b0p05__wd1e-04trmiss0_degmodglobal,8,0.0001,0.0001,0.2,2.0,0.25,0.05,lr1e-04_bs8_drop0p2_temp2p0_a0p25_b0p05__wd1e-04trmiss0_degmodglobal,1,0.6998320136751447,0.6647981107234955,0.6388888888888888,0.8157848324514991,0.6923076923076923,0.0,0.6858613746506828,0.6829629114695958,0.04277600747134004,0.12350199903760638,0.0,0.0,0.0,0.0,0.0,18473,global,0.0
3,4,lr1e-04_bs8_drop0p2_temp2p0_a0p25_b0p05__wd1e-04trmiss0_degmodglobal,8,0.0001,0.0001,0.2,2.0,0.25,0.05,lr1e-04_bs8_drop0p2_temp2p0_a0p25_b0p05__wd1e-04trmiss0_degmodglobal,2,0.6657397832189288,0.6761228740215302,0.5555555555555556,0.7196969696969697,0.6153846153846154,0.0,0.6329504762377057,0.6492051652499607,0.04280754750860589,0.11665466161710876,0.0,0.0,0.0,0.0,0.0,18473,global,0.0
3,4,lr1e-04_bs8_drop0p2_temp2p0_a0p25_b0p05__wd1e-04trmiss0_degmodglobal,8,0.0001,0.0001,0.2,2.0,0.25,0.05,lr1e-04_bs8_drop0p2_temp2p0_a0p25_b0p05__wd1e-04trmiss0_degmodglobal,3,0.6280535289219448,0.6717550754547119,0.5833333333333333,0.7316017316017317,0.6153846153846154,0.0,0.6243959665298462,0.612985338483538,0.040342927245157104,0.09964884125760623,0.0,0.0,0.0,0.0,0.0,18473,global,0.0
3,4,lr1e-04_bs8_drop0p2_temp2p0_a0p25_b0p05__wd1e-04trmiss0_degmodglobal,8,0.0001,0.0001,0.2,2.0,0.25,0.05,lr1e-04_bs8_drop0p2_temp2p0_a0p25_b0p05__wd1e-04trmiss0_degmodglobal,4,0.6307700531823295,0.664789080619812,0.5,0.7113867613867615,0.6153846153846154,0.0,0.589568385056087,0.6166083897863116,0.03637687915137836,0.10134907865098544,0.0,0.0,0.0,0.0,0.0,18473,global,0.0
3,4,lr1e-04_bs8_drop0p2_temp2p0_a0p25_b0p05__wd1e-04trmiss0_degmodglobal,8,0.0001,0.0001,0.2,2.0,0.25,0.05,lr1e-04_bs8_drop0p2_temp2p0_a0p25_b0p05__wd1e-04trmiss0_degmodglobal,5,0.6091496178082058,0.6696972548961639,0.5277777777777778,0.7184574684574685,0.6153846153846154,0.0,0.6140578389167786,0.58875258905547,0.049495777913502285,0.16046159235494478,0.0,0.0,0.0,0.0,0.0,18473,global,0.0
3,4,lr1e-04_bs8_drop0p2_temp2p0_a0p25_b0p05__wd1e-04trmiss0_degmodglobal,8,0.0001,0.0001,0.2,2.0,0.25,0.05,lr1e-04_bs8_drop0p2_temp2p0_a0p25_b0p05__wd1e-04trmiss0_degmodglobal,6,0.5973324690546308,0.6834942102432251,0.5,0.7065527065527066,0.6153846153846154,0.0,0.5961204937526158,0.5791827866009304,0.04623613267072609,0.1318129992910794,0.0,0.0,0.0,0.0,0.0,18473,global,0.0
3,4,lr1e-04_bs8_drop0p2_temp2p0_a0p25_b0p05__wd1e-04trmiss0_degmodglobal,8,0.0001,0.0001,0.2,2.0,0.25,0.05,lr1e-04_bs8_drop0p2_temp2p0_a0p25_b0p05__wd1e-04trmiss0_degmodglobal,7,0.5876194153513227,0.6853364408016205,0.4722222222222222,0.6933251933251934,0.6153846153846154,0.0,0.5627834796905518,0.5722447633743286,0.04491296889526503,0.0829278055046286,0.0,0.0,0.0,0.0,0.0,18473,global,0.0
3,4,lr1e-04_bs8_drop0p2_temp2p0_a0p25_b0p05__wd1e-04trmiss0_degmodglobal,8,0.0001,0.0001,0.2,2.0,0.25,0.05,lr1e-04_bs8_drop0p2_temp2p0_a0p25_b0p05__wd1e-04trmiss0_degmodglobal,8,0.5609626599720546,0.6802085936069489,0.5555555555555556,0.7251914751914752,0.6153846153846154,0.0,0.5672381435121808,0.5435430577823094,0.04935558033840997,0.10161410538213593,0.0,0.0,0.0,0.0,0.0,18473,global,0.0
3,4,lr1e-04_bs8_drop0p2_temp2p0_a0p25_b0p05__wd1e-04trmiss0_degmodglobal,8,0.0001,0.0001,0.2,2.0,0.25,0.05,lr1e-04_bs8_drop0p2_temp2p0_a0p25_b0p05__wd1e-04trmiss0_degmodglobal,9,0.5521814227104187,0.680911660194397,0.5277777777777777,0.7132867132867133,0.5384615384615384,0.0,0.5414232015609741,0.5344515017100743,0.05178613481777055,0.09566761233976909,0.0,0.0,0.0,0.0,0.0,18473,global,0.0
3,4,lr1e-04_bs8_drop0p2_temp2p0_a0p25_b0p05__wd1e-04trmiss0_degmodglobal,8,0.0001,0.0001,0.2,2.0,0.25,0.05,lr1e-04_bs8_drop0p2_temp2p0_a0p25_b0p05__wd1e-04trmiss0_degmodglobal,10,0.5684681449617658,0.682075172662735,0.5277777777777777,0.7132867132867133,0.5384615384615384,0.0,0.5560823423521859,0.5501379030091422,0.04941575335604804,0.11952607440096992,0.0,0.0,0.0,0.0,0.0,18473,global,0.0
3,4,lr1e-04_bs8_drop0p2_temp2p0_a0p25_b0p05__wd1e-04trmiss0_degmodglobal,8,0.0001,0.0001,0.2,2.0,0.25,0.05,lr1e-04_bs8_drop0p2_temp2p0_a0p25_b0p05__wd1e-04trmiss0_degmodglobal,11,0.5736610293388367,0.6842277646064758,0.5,0.7065527065527066,0.5384615384615384,0.0,0.5587511275495801,0.5528175915990557,0.055780548602342606,0.1379663007599967,0.0,0.0,0.0,0.0,0.0,18473,global,0.0
3,4,lr1e-04_bs8_drop0p2_temp2p0_a0p25_b0p05__wd1e-04trmiss0_degmodglobal,8,0.0001,0.0001,0.2,2.0,0.25,0.05,lr1e-04_bs8_drop0p2_temp2p0_a0p25_b0p05__wd1e-04trmiss0_degmodglobal,12,0.5421398835522788,0.6848731637001038,0.4722222222222222,0.6972934472934474,0.46153846153846156,0.0,0.5347483370985303,0.5238187313079834,0.05257197416254452,0.10356325177209717,0.0,0.0,0.0,0.0,0.0,18473,global,0.0
3,4,lr1e-04_bs8_drop0p2_temp2p0_a0p25_b0p05__wd1e-04trmiss0_degmodglobal,8,0.0001,0.0001,0.2,2.0,0.25,0.05,lr1e-04_bs8_drop0p2_temp2p0_a0p25_b0p05__wd1e-04trmiss0_degmodglobal,13,0.5402144236224038,0.6946005821228027,0.41666666666666663,0.6741452991452992,0.38461538461538464,0.0,0.5164031173501696,0.5237848247800555,0.045186418507780345,0.10265992847936493,0.0,0.0,0.0,0.0,0.0,18473,global,0.0
3,4,lr1e-04_bs8_drop0p2_temp2p0_a0p25_b0p05__wd1e-04trmiss0_degmodglobal,8,0.0001,0.0001,0.2,2.0,0.25,0.05,lr1e-04_bs8_drop0p2_temp2p0_a0p25_b0p05__wd1e-04trmiss0_degmodglobal,14,0.5422755394663129,0.6981931924819946,0.41666666666666663,0.6741452991452992,0.38461538461538464,0.0,0.5288029057638985,0.5256279536655971,0.04732374394578593,0.09633287388299193,0.0,0.0,0.0,0.0,0.0,18473,global,0.0
3,4,lr1e-04_bs8_drop0p2_temp2p0_a0p25_b0p05__wd1e-04trmiss0_degmodglobal,8,0.0001,0.0001,0.2,2.0,0.25,0.05,lr1e-04_bs8_drop0p2_temp2p0_a0p25_b0p05__wd1e-04trmiss0_degmodglobal,15,0.5305072792938778,0.7044095396995544,0.3888888888888889,0.6695878195878197,0.46153846153846156,0.0,0.5332737011568887,0.5152582185609,0.04497286703969751,0.08011686642255102,0.0,0.0,0.0,0.0,0.0,18473,global,0.0
3,4,lr1e-04_bs8_drop0p2_temp2p0_a0p25_b0p05__wd1e-04trmiss0_degmodglobal,8,0.0001,0.0001,0.2,2.0,0.25,0.05,lr1e-04_bs8_drop0p2_temp2p0_a0p25_b0p05__wd1e-04trmiss0_degmodglobal,16,0.5114720932074955,0.7071105241775513,0.3888888888888889,0.6695878195878197,0.46153846153846156,0.0,0.4912262558937073,0.4977044037410191,0.04131227784923145,0.06879262599561896,0.0,0.0,0.0,0.0,0.0,18473,global,0.0
3,4,lr1e-04_bs8_drop0p2_temp2p0_a0p25_b0p05__wd1e-04trmiss0_degmodglobal,8,0.0001,0.0001,0.2,2.0,0.25,0.05,lr1e-04_bs8_drop0p2_temp2p0_a0p25_b0p05__wd1e-04trmiss0_degmodglobal,17,0.5475871222359794,0.7078277766704559,0.3888888888888889,0.6695878195878197,0.46153846153846156,0.0,0.5267393887042999,0.525867223739624,0.058613920850413184,0.14132857748440333,0.0,0.0,0.0,0.0,0.0,18473,global,0.0
3,4,lr1e-04_bs8_drop0p2_temp2p0_a0p25_b0p05__wd1e-04trmiss0_degmodglobal,8,0.0001,0.0001,0.2,2.0,0.25,0.05,lr1e-04_bs8_drop0p2_temp2p0_a0p25_b0p05__wd1e-04trmiss0_degmodglobal,18,0.5413675946848733,0.7050969004631042,0.3888888888888889,0.6695878195878197,0.46153846153846156,0.0,0.5259125360420772,0.5236787668296269,0.04592793062329292,0.12413663257445608,0.0,0.0,0.0,0.0,0.0,18473,global,0.0
3,4,lr1e-04_bs8_drop0p2_temp2p0_a0p25_b0p05__wd1e-04trmiss0_degmodglobal,8,0.0001,0.0001,0.2,2.0,0.25,0.05,lr1e-04_bs8_drop0p2_temp2p0_a0p25_b0p05__wd1e-04trmiss0_degmodglobal,19,0.5211565579686847,0.7056237161159515,0.3888888888888889,0.6695878195878197,0.5384615384615384,0.0,0.4917328953742981,0.5011991134711674,0.05538704538983958,0.12221362654651914,0.0,0.0,0.0,0.0,0.0,18473,global,0.0
3,4,lr1e-04_bs8_drop0p2_temp2p0_a0p25_b0p05__wd1e-04trmiss0_degmodglobal,8,0.0001,0.0001,0.2,2.0,0.25,0.05,lr1e-04_bs8_drop0p2_temp2p0_a0p25_b0p05__wd1e-04trmiss0_degmodglobal,20,0.5060379675456456,0.7103240191936493,0.3888888888888889,0.6695878195878197,0.46153846153846156,0.0,0.48293502841676983,0.4858203019414629,0.05151913847242083,0.1467575542628765,0.0,0.0,0.0,0.0,0.0,18473,global,0.0
3,4,lr1e-04_bs8_drop0p2_temp2p0_a0p25_b0p05__wd1e-04trmiss0_degmodglobal,8,0.0001,0.0001,0.2,2.0,0.25,0.05,lr1e-04_bs8_drop0p2_temp2p0_a0p25_b0p05__wd1e-04trmiss0_degmodglobal,21,0.5513282758849007,0.7057538628578186,0.3611111111111111,0.6596671846671848,0.46153846153846156,0.0,0.5313193372317723,0.5305360044751849,0.0546877458691597,0.14240652908171927,0.0,0.0,0.0,0.0,0.0,18473,global,0.0
3,4,lr1e-04_bs8_drop0p2_temp2p0_a0p25_b0p05__wd1e-04trmiss0_degmodglobal,8,0.0001,0.0001,0.2,2.0,0.25,0.05,lr1e-04_bs8_drop0p2_temp2p0_a0p25_b0p05__wd1e-04trmiss0_degmodglobal,22,0.5092406443187169,0.6983420550823212,0.38888888888888884,0.6670745920745921,0.46153846153846156,0.0,0.4928006785256522,0.484079326902117,0.07001696048038346,0.1531414815357753,0.0,0.0,0.0,0.0,0.0,18473,global,0.0
3,4,lr1e-04_bs8_drop0p2_temp2p0_a0p25_b0p05__wd1e-04trmiss0_degmodglobal,8,0.0001,0.0001,0.2,2.0,0.25,0.05,lr1e-04_bs8_drop0p2_temp2p0_a0p25_b0p05__wd1e-04trmiss0_degmodglobal,23,0.5229589683668954,0.6943160593509674,0.41666666666666663,0.6741452991452992,0.38461538461538464,0.0,0.47003981471061707,0.49748001779828754,0.07565237209200859,0.13131694069930486,0.0,0.0,0.0,0.0,0.0,18473,global,0.0
3,4,lr1e-04_bs8_drop0p2_temp2p0_a0p25_b0p05__wd1e-04trmiss0_degmodglobal,8,0.0001,0.0001,0.2,2.0,0.25,0.05,lr1e-04_bs8_drop0p2_temp2p0_a0p25_b0p05__wd1e-04trmiss0_degmodglobal,24,0.5406123655182975,0.6967336237430573,0.38888888888888884,0.6670745920745921,0.46153846153846156,0.0,0.4646251457078116,0.5162548507962909,0.06654065794178418,0.15444690680929593,0.0,0.0,0.0,0.0,0.0,18473,global,0.0
3,4,lr1e-04_bs8_drop0p2_temp2p0_a0p25_b0p05__wd1e-04trmiss0_degmodglobal,8,0.0001,0.0001,0.2,2.0,0.25,0.05,lr1e-04_bs8_drop0p2_temp2p0_a0p25_b0p05__wd1e-04trmiss0_degmodglobal,25,0.507122027022498,0.693189412355423,0.41666666666666663,0.6741452991452992,0.46153846153846156,0.0,0.48379468492099215,0.48696640133857727,0.055614644927637916,0.12503924859421595,0.0,0.0,0.0,0.0,0.0,18473,global,0.0
3,4,lr1e-04_bs8_drop0p2_temp2p0_a0p25_b0p05__wd1e-04trmiss0_degmodglobal,8,0.0001,0.0001,0.2,2.0,0.25,0.05,lr1e-04_bs8_drop0p2_temp2p0_a0p25_b0p05__wd1e-04trmiss0_degmodglobal,26,0.5202758184501103,0.6824907064437866,0.4444444444444444,0.6808793058793059,0.46153846153846156,0.0,0.5151810050010681,0.5002761610916683,0.05456950355853353,0.12714574592454092,0.0,0.0,0.0,0.0,0.0,18473,global,0.0
3,4,lr1e-04_bs8_drop0p2_temp2p0_a0p25_b0p05__wd1e-04trmiss0_degmodglobal,8,0.0001,0.0001,0.2,2.0,0.25,0.05,lr1e-04_bs8_drop0p2_temp2p0_a0p25_b0p05__wd1e-04trmiss0_degmodglobal,27,0.502894652741296,0.6804269850254059,0.4444444444444444,0.6808793058793059,0.46153846153846156,0.0,0.4651749176638467,0.48580821071352276,0.04876612366310188,0.09789825683193547,0.0,0.0,0.0,0.0,0.0,18473,global,0.0
3,4,lr1e-04_bs8_drop0p2_temp2p0_a0p25_b0p05__wd1e-04trmiss0_degmodglobal,8,0.0001,0.0001,0.2,2.0,0.25,0.05,lr1e-04_bs8_drop0p2_temp2p0_a0p25_b0p05__wd1e-04trmiss0_degmodglobal,28,0.5313080549240112,0.686528742313385,0.38888888888888884,0.6670745920745921,0.46153846153846156,0.0,0.4940818335328783,0.5091508754662105,0.0593931217278753,0.14617777562567166,0.0,0.0,0.0,0.0,0.0,18473,global,0.0
3,4,lr1e-04_bs8_drop0p4_temp1p0_a0p25_b0p05__wd1e-04trmiss0_degmodglobal,8,0.0001,0.0001,0.4,1.0,0.25,0.05,lr1e-04_bs8_drop0p4_temp1p0_a0p25_b0p05__wd1e-04trmiss0_degmodglobal,1,0.6802302428654262,0.696576327085495,0.2777777777777778,0.6064925814925815,0.6153846153846154,0.0,0.7069797345570156,0.6531459007944379,0.06510560214519501,0.21615874128682272,0.0,0.0,0.0,0.0,0.0,18473,global,0.0
3,4,lr1e-04_bs8_drop0p4_temp1p0_a0p25_b0p05__wd1e-04trmiss0_degmodglobal,8,0.0001,0.0001,0.4,1.0,0.25,0.05,lr1e-04_bs8_drop0p4_temp1p0_a0p25_b0p05__wd1e-04trmiss0_degmodglobal,2,0.7106855171067374,0.7034677267074585,0.2777777777777778,0.5985560735560735,0.6153846153846154,0.0,0.6663505945886884,0.6791351693017142,0.07713834515639714,0.24531524734837667,0.0,0.0,0.0,0.0,0.0,18473,global,0.0
3,4,lr1e-04_bs8_drop0p4_temp1p0_a0p25_b0p05__wd1e-04trmiss0_degmodglobal,8,0.0001,0.0001,0.4,1.0,0.25,0.05,lr1e-04_bs8_drop0p4_temp1p0_a0p25_b0p05__wd1e-04trmiss0_degmodglobal,3,0.6739588720457894,0.7087045311927795,0.3055555555555556,0.6056267806267805,0.6923076923076923,0.0,0.6211615800857544,0.6431497590882438,0.07544419249253613,0.23896127034510886,0.0,0.0,0.0,0.0,0.0,18473,global,0.0
3,4,lr1e-04_bs8_drop0p4_temp1p0_a0p25_b0p05__wd1e-04trmiss0_degmodglobal,8,0.0001,0.0001,0.4,1.0,0.25,0.05,lr1e-04_bs8_drop0p4_temp1p0_a0p25_b0p05__wd1e-04trmiss0_degmodglobal,4,0.6238517846379962,0.7157789468765259,0.3055555555555556,0.6056267806267805,0.5384615384615384,0.0,0.6040468215942383,0.5944012744086129,0.07363120200378555,0.22085439413785934,0.0,0.0,0.0,0.0,0.0,18473,global,0.0
3,4,lr1e-04_bs8_drop0p4_temp1p0_a0p25_b0p05__wd1e-04trmiss0_degmodglobal,8,0.0001,0.0001,0.4,1.0,0.25,0.05,lr1e-04_bs8_drop0p4_temp1p0_a0p25_b0p05__wd1e-04trmiss0_degmodglobal,5,0.637049674987793,0.7361380755901337,0.2222222222222222,0.5805666555666555,0.46153846153846156,0.0,0.6396556496620178,0.6044882535934448,0.07891910044210297,0.2566329368523189,0.0,0.0,0.0,0.0,0.0,18473,global,0.0
3,4,lr1e-04_bs8_drop0p4_temp1p0_a0p25_b0p05__wd1e-04trmiss0_degmodglobal,8,0.0001,0.0001,0.4,1.0,0.25,0.05,lr1e-04_bs8_drop0p4_temp1p0_a0p25_b0p05__wd1e-04trmiss0_degmodglobal,6,0.6584824408803668,0.7337888777256012,0.25,0.5911486661486662,0.46153846153846156,0.0,0.6265375103269305,0.6267608319010053,0.07459671316402298,0.2614486409085138,0.0,0.0,0.0,0.0,0.0,18473,global,0.0
3,4,lr1e-04_bs8_drop0p4_temp1p0_a0p25_b0p05__wd1e-04trmiss0_degmodglobal,8,0.0001,0.0001,0.4,1.0,0.25,0.05,lr1e-04_bs8_drop0p4_temp1p0_a0p25_b0p05__wd1e-04trmiss0_degmodglobal,7,0.6206181389944894,0.7608093917369843,0.2222222222222222,0.5805666555666555,0.46153846153846156,0.0,0.6074430005890983,0.5806640301431928,0.10417226382664271,0.27822059392929077,0.0,0.0,0.0,0.0,0.0,18473,global,0.0
3,4,lr1e-04_bs8_drop0p4_temp1p0_a0p25_b0p05__wd1e-04trmiss0_degmodglobal,8,0.0001,0.0001,0.4,1.0,0.25,0.05,lr1e-04_bs8_drop0p4_temp1p0_a0p25_b0p05__wd1e-04trmiss0_degmodglobal,8,0.6086010081427438,0.7279525995254517,0.2777777777777778,0.5985560735560735,0.46153846153846156,0.0,0.6039234910692487,0.5781959933894021,0.07978233056409019,0.20918848046234675,0.0,0.0,0.0,0.0,0.0,18473,global,0.0
3,4,lr1e-04_bs8_drop0p4_temp1p0_a0p25_b0p05__wd1e-04trmiss0_degmodglobal,8,0.0001,0.0001,0.4,1.0,0.25,0.05,lr1e-04_bs8_drop0p4_temp1p0_a0p25_b0p05__wd1e-04trmiss0_degmodglobal,9,0.6331740277154105,0.7299285531044006,0.2777777777777778,0.5985560735560735,0.46153846153846156,0.0,0.5665203843797956,0.598388705934797,0.08581647064004626,0.2666240206786564,0.0,0.0,0.0,0.0,0.0,18473,global,0.0
3,4,lr1e-04_bs8_drop0p4_temp1p0_a0p25_b0p05__wd1e-04trmiss0_degmodglobal,8,0.0001,0.0001,0.4,1.0,0.25,0.05,lr1e-04_bs8_drop0p4_temp1p0_a0p25_b0p05__wd1e-04trmiss0_degmodglobal,10,0.6111229998724801,0.7217137515544891,0.3333333333333333,0.6123607873607873,0.38461538461538464,0.0,0.5931862337248666,0.5745652403150286,0.08662495549236025,0.29803013801574707,0.0,0.0,0.0,0.0,0.0,18473,global,0.0
3,4,lr1e-04_bs8_drop0p4_temp1p0_a0p25_b0p05__wd1e-04trmiss0_degmodglobal,8,0.0001,0.0001,0.4,1.0,0.25,0.05,lr1e-04_bs8_drop0p4_temp1p0_a0p25_b0p05__wd1e-04trmiss0_degmodglobal,11,0.633450618812016,0.7125694453716278,0.3611111111111111,0.6187710437710439,0.46153846153846156,0.0,0.570924426828112,0.5921053716114589,0.10182684659957886,0.31777085789612364,0.0,0.0,0.0,0.0,0.0,18473,global,0.0
3,4,lr1e-04_bs8_drop0p4_temp1p0_a0p25_b0p05__wd1e-04trmiss0_degmodglobal,8,0.0001,0.0001,0.4,1.0,0.25,0.05,lr1e-04_bs8_drop0p4_temp1p0_a0p25_b0p05__wd1e-04trmiss0_degmodglobal,12,0.6130595462662833,0.7173475325107574,0.3611111111111111,0.6187710437710439,0.38461538461538464,0.0,0.5731242554528373,0.5720211608069283,0.0927208358688014,0.3571638081754957,0.0,0.0,0.0,0.0,0.0,18473,global,0.0
3,4,lr1e-04_bs8_drop0p4_temp1p0_a0p25_b0p05__wd1e-04trmiss0_degmodglobal,8,0.0001,0.0001,0.4,1.0,0.25,0.05,lr1e-04_bs8_drop0p4_temp1p0_a0p25_b0p05__wd1e-04trmiss0_degmodglobal,13,0.5911945870944432,0.711521714925766,0.3611111111111111,0.6187710437710439,0.38461538461538464,0.0,0.5467303906168256,0.5467439677034106,0.10525879370314735,0.3627184054681233,0.0,0.0,0.0,0.0,0.0,18473,global,0.0
3,4,lr1e-04_bs8_drop0p4_temp1p0_a0p25_b0p05__wd1e-04trmiss0_degmodglobal,8,0.0001,0.0001,0.4,1.0,0.25,0.05,lr1e-04_bs8_drop0p4_temp1p0_a0p25_b0p05__wd1e-04trmiss0_degmodglobal,14,0.6178618669509888,0.7106694877147675,0.3611111111111111,0.6187710437710439,0.46153846153846156,0.0,0.5829429967062814,0.5797510998589652,0.09806532944951739,0.27188900645290104,0.0,0.0,0.0,0.0,0.0,18473,global,0.0
3,4,lr1e-04_bs8_drop0p4_temp1p0_a0p25_b0p05__wd1e-04trmiss0_degmodglobal,8,0.0001,0.0001,0.4,1.0,0.25,0.05,lr1e-04_bs8_drop0p4_temp1p0_a0p25_b0p05__wd1e-04trmiss0_degmodglobal,15,0.5858006817953927,0.7057376503944397,0.4722222222222222,0.6546737213403881,0.46153846153846156,0.0,0.5216528688158307,0.5443382603781564,0.1134072941328798,0.2622122014207499,0.0,0.0,0.0,0.0,0.0,18473,global,0.0
3,4,lr1e-04_bs8_drop0p4_temp1p0_a0p25_b0p05__wd1e-04trmiss0_degmodglobal,8,0.0001,0.0001,0.4,1.0,0.25,0.05,lr1e-04_bs8_drop0p4_temp1p0_a0p25_b0p05__wd1e-04trmiss0_degmodglobal,16,0.6289105245045253,0.7081475257873535,0.4444444444444444,0.64659291325958,0.46153846153846156,0.0,0.5803899466991425,0.5992329035486493,0.07267103982823235,0.23019712950502122,0.0,0.0,0.0,0.0,0.0,18473,global,0.0
3,4,lr1e-04_bs8_drop0p4_temp1p0_a0p25_b0p05__wd1e-04trmiss0_degmodglobal,8,0.0001,0.0001,0.4,1.0,0.25,0.05,lr1e-04_bs8_drop0p4_temp1p0_a0p25_b0p05__wd1e-04trmiss0_degmodglobal,17,0.5937254343714032,0.7010255753993988,0.4444444444444444,0.64659291325958,0.5384615384615384,0.0,0.5371169064726148,0.5714002890246255,0.06202246993780136,0.13639044389128685,0.0,0.0,0.0,0.0,0.0,18473,global,0.0
3,4,lr1e-04_bs8_drop0p4_temp1p0_a0p25_b0p05__wd1e-04trmiss0_degmodglobal,8,0.0001,0.0001,0.4,1.0,0.25,0.05,lr1e-04_bs8_drop0p4_temp1p0_a0p25_b0p05__wd1e-04trmiss0_degmodglobal,18,0.609099098614284,0.6932843029499054,0.4444444444444444,0.64659291325958,0.6923076923076923,0.0,0.5048371085098812,0.5624202830450875,0.11497984400817327,0.35867720203740255,0.0,0.0,0.0,0.0,0.0,18473,global,0.0
3,4,lr1e-04_bs8_drop0p4_temp1p0_a0p25_b0p05__wd1e-04trmiss0_degmodglobal,8,0.0001,0.0001,0.4,1.0,0.25,0.05,lr1e-04_bs8_drop0p4_temp1p0_a0p25_b0p05__wd1e-04trmiss0_degmodglobal,19,0.5790192399706159,0.689459890127182,0.4444444444444444,0.64659291325958,0.6923076923076923,0.0,0.549269322838102,0.5414811841079167,0.10351840832403728,0.23316918739250728,0.0,0.0,0.0,0.0,0.0,18473,global,0.0
3,4,lr1e-04_bs8_drop0p4_temp1p0_a0p25_b0p05__wd1e-04trmiss0_degmodglobal,8,0.0001,0.0001,0.4,1.0,0.25,0.05,lr1e-04_bs8_drop0p4_temp1p0_a0p25_b0p05__wd1e-04trmiss0_degmodglobal,20,0.5752134834017072,0.6809844076633453,0.4722222222222222,0.6546737213403881,0.6923076923076923,0.0,0.5282193677765983,0.5194927879742214,0.1468323298863002,0.3802525071161134,0.0,0.0,0.0,0.0,0.0,18473,global,0.0
3,4,lr1e-04_bs8_drop0p4_temp1p0_a0p25_b0p05__wd1e-04trmiss0_degmodglobal,8,0.0001,0.0001,0.4,1.0,0.25,0.05,lr1e-04_bs8_drop0p4_temp1p0_a0p25_b0p05__wd1e-04trmiss0_degmodglobal,21,0.5825596281460353,0.6843786239624023,0.5,0.6622494789161455,0.6923076923076923,0.0,0.5253944439547402,0.5391198950154441,0.11189859413674899,0.3093017339706421,0.0,0.0,0.0,0.0,0.0,18473,global,0.0
3,4,lr1e-04_bs8_drop0p4_temp1p0_a0p25_b0p05__wd1e-04trmiss0_degmodglobal,8,0.0001,0.0001,0.4,1.0,0.25,0.05,lr1e-04_bs8_drop0p4_temp1p0_a0p25_b0p05__wd1e-04trmiss0_degmodglobal,22,0.5732183371271405,0.6886449754238129,0.5277777777777778,0.6807679974346641,0.6923076923076923,0.0,0.55029296875,0.5352448395320347,0.1029849254659244,0.24454541291509355,0.0,0.0,0.0,0.0,0.0,18473,global,0.0
3,4,lr1e-04_bs8_drop0p4_temp1p0_a0p25_b0p05__wd1e-04trmiss0_degmodglobal,8,0.0001,0.0001,0.4,1.0,0.25,0.05,lr1e-04_bs8_drop0p4_temp1p0_a0p25_b0p05__wd1e-04trmiss0_degmodglobal,23,0.578312601361956,0.6889978051185608,0.5277777777777778,0.6917107583774251,0.6923076923076923,0.0,0.5424765646457672,0.5483255343777793,0.08253391778894834,0.1870713553258351,0.0,0.0,0.0,0.0,0.0,18473,global,0.0
3,4,lr1e-04_bs8_drop0p4_temp1p0_a0p25_b0p05__wd1e-04trmiss0_degmodglobal,8,0.0001,0.0001,0.4,1.0,0.25,0.05,lr1e-04_bs8_drop0p4_temp1p0_a0p25_b0p05__wd1e-04trmiss0_degmodglobal,24,0.5912174412182399,0.6941507458686829,0.5555555555555556,0.6992865159531826,0.6153846153846154,0.0,0.5208741171019418,0.5493680792195457,0.10963424774152893,0.28881597039955004,0.0,0.0,0.0,0.0,0.0,18473,global,0.0
3,4,lr1e-04_bs8_drop0p4_temp1p0_a0p25_b0p05__wd1e-04trmiss0_degmodglobal,8,0.0001,0.0001,0.4,1.0,0.25,0.05,lr1e-04_bs8_drop0p4_temp1p0_a0p25_b0p05__wd1e-04trmiss0_degmodglobal,25,0.5856108708041055,0.7109161019325256,0.5,0.683629950296617,0.5384615384615384,0.0,0.4805023031575339,0.5388943042073931,0.12562667259148189,0.3061983117035457,0.0,0.0,0.0,0.0,0.0,18473,global,0.0
3,4,lr1e-04_bs8_drop0p4_temp1p0_a0p25_b0p05__wd1e-04trmiss0_degmodglobal,8,0.0001,0.0001,0.4,1.0,0.25,0.05,lr1e-04_bs8_drop0p4_temp1p0_a0p25_b0p05__wd1e-04trmiss0_degmodglobal,26,0.5587694389479501,0.7102934420108795,0.5,0.683629950296617,0.46153846153846156,0.0,0.49853986501693726,0.523017874785832,0.09420683713895935,0.2439968500818525,0.0,0.0,0.0,0.0,0.0,18473,global,0.0
3,4,lr1e-04_bs8_drop0p4_temp1p0_a0p25_b0p05__wd1e-04trmiss0_degmodglobal,8,0.0001,0.0001,0.4,1.0,0.25,0.05,lr1e-04_bs8_drop0p4_temp1p0_a0p25_b0p05__wd1e-04trmiss0_degmodglobal,27,0.5582292761121478,0.7094434797763824,0.5277777777777778,0.6917107583774251,0.46153846153846156,0.0,0.517082256930215,0.5156560497624534,0.1098314853651183,0.30230710549013956,0.0,0.0,0.0,0.0,0.0,18473,global,0.0
3,4,lr1e-04_bs8_drop0p4_temp1p0_a0p25_b0p05__wd1e-04trmiss0_degmodglobal,8,0.0001,0.0001,0.4,1.0,0.25,0.05,lr1e-04_bs8_drop0p4_temp1p0_a0p25_b0p05__wd1e-04trmiss0_degmodglobal,28,0.5672130755015782,0.7071096301078796,0.5277777777777778,0.6917107583774251,0.46153846153846156,0.0,0.5065856831414359,0.526615423815591,0.10500493858541761,0.28692828331674847,0.0,0.0,0.0,0.0,0.0,18473,global,0.0
3,4,lr1e-04_bs8_drop0p4_temp1p0_a0p25_b0p05__wd1e-04trmiss0_degmodglobal,8,0.0001,0.0001,0.4,1.0,0.25,0.05,lr1e-04_bs8_drop0p4_temp1p0_a0p25_b0p05__wd1e-04trmiss0_degmodglobal,29,0.605234180177961,0.6943494975566864,0.5555555555555556,0.6992865159531826,0.6153846153846154,0.0,0.5052854759352547,0.5450489563601357,0.1570629828742572,0.41838971418993814,0.0,0.0,0.0,0.0,0.0,18473,global,0.0
3,4,lr1e-04_bs8_drop0p4_temp1p0_a0p25_b0p05__wd1e-04trmiss0_degmodglobal,8,0.0001,0.0001,0.4,1.0,0.25,0.05,lr1e-04_bs8_drop0p4_temp1p0_a0p25_b0p05__wd1e-04trmiss0_degmodglobal,30,0.556551571403231,0.6911371946334839,0.5555555555555556,0.6992865159531826,0.6153846153846154,0.0,0.512336905513491,0.5023178032466343,0.1443506841148649,0.3629220277070999,0.0,0.0,0.0,0.0,0.0,18473,global,0.0
3,4,lr1e-04_bs8_drop0p4_temp1p0_a0p25_b0p05__wd1e-04trmiss0_degmodglobal,8,0.0001,0.0001,0.4,1.0,0.25,0.05,lr1e-04_bs8_drop0p4_temp1p0_a0p25_b0p05__wd1e-04trmiss0_degmodglobal,31,0.5766895498548236,0.6881353557109833,0.5555555555555556,0.6992865159531826,0.6153846153846154,0.0,0.4887075253895351,0.5162879313741412,0.15817558286445482,0.41715469104903086,0.0,0.0,0.0,0.0,0.0,18473,global,0.0
3,4,lr1e-04_bs8_drop0p4_temp1p0_a0p25_b0p05__wd1e-04trmiss0_degmodglobal,8,0.0001,0.0001,0.4,1.0,0.25,0.05,lr1e-04_bs8_drop0p4_temp1p0_a0p25_b0p05__wd1e-04trmiss0_degmodglobal,32,0.5677233423505511,0.6885602176189423,0.5555555555555556,0.6992865159531826,0.6153846153846154,0.0,0.5217976272106171,0.5284865157944816,0.10679964029363223,0.25073834295783726,0.0,0.0,0.0,0.0,0.0,18473,global,0.0
3,4,lr1e-04_bs8_drop0p4_temp1p0_a0p25_b0p05__wd1e-04trmiss0_degmodglobal,8,0.0001,0.0001,0.4,1.0,0.25,0.05,lr1e-04_bs8_drop0p4_temp1p0_a0p25_b0p05__wd1e-04trmiss0_degmodglobal,33,0.5923032718045371,0.6916383802890778,0.5555555555555556,0.6992865159531826,0.6923076923076923,0.0,0.4876855654375894,0.5445951861994607,0.12329448014497757,0.3376896232366562,0.0,0.0,0.0,0.0,0.0,18473,global,0.0
3,4,lr1e-04_bs8_drop0p4_temp1p0_a0p25_b0p05__wd1e-04trmiss0_degmodglobal,8,0.0001,0.0001,0.4,1.0,0.25,0.05,lr1e-04_bs8_drop0p4_temp1p0_a0p25_b0p05__wd1e-04trmiss0_degmodglobal,34,0.6019460814339774,0.6851969957351685,0.5277777777777778,0.6917107583774251,0.6923076923076923,0.0,0.5032241599900382,0.5325806609221867,0.1836426215512412,0.4690951406955719,0.0,0.0,0.0,0.0,0.0,18473,global,0.0
3,4,lr1e-04_bs8_drop0p4_temp1p0_a0p25_b0p05__wd1e-04trmiss0_degmodglobal,8,0.0001,0.0001,0.4,1.0,0.25,0.05,lr1e-04_bs8_drop0p4_temp1p0_a0p25_b0p05__wd1e-04trmiss0_degmodglobal,35,0.5522741377353668,0.6858562529087067,0.5277777777777778,0.6917107583774251,0.6923076923076923,0.0,0.4698443242481777,0.5025623909064701,0.13008122891187668,0.34382879521165577,0.0,0.0,0.0,0.0,0.0,18473,global,0.0
3,4,lr1e-04_bs8_drop0p4_temp1p0_a0p25_b0p05__wd1e-04trmiss0_degmodglobal,8,0.0001,0.0001,0.4,1.0,0.25,0.05,lr1e-04_bs8_drop0p4_temp1p0_a0p25_b0p05__wd1e-04trmiss0_degmodglobal,36,0.5486421414784023,0.6837046146392822,0.5555555555555556,0.6992865159531826,0.6923076923076923,0.0,0.48411305461611065,0.5019107588699886,0.11917754688433238,0.33874011039733887,0.0,0.0,0.0,0.0,0.0,18473,global,0.0
3,4,lr1e-04_bs8_drop0p4_temp1p0_a0p25_b0p05__wd1e-04trmiss0_degmodglobal,8,0.0001,0.0001,0.4,1.0,0.25,0.05,lr1e-04_bs8_drop0p4_temp1p0_a0p25_b0p05__wd1e-04trmiss0_degmodglobal,37,0.5813677821840558,0.6784252822399139,0.5555555555555556,0.6992865159531826,0.6923076923076923,0.0,0.5072120002337864,0.5375354077134814,0.1081435616527285,0.33592998555728365,0.0,0.0,0.0,0.0,0.0,18473,global,0.0
3,4,lr1e-04_bs8_drop0p4_temp1p0_a0p25_b0p05__wd1e-04trmiss0_degmodglobal,8,0.0001,0.0001,0.4,1.0,0.25,0.05,lr1e-04_bs8_drop0p4_temp1p0_a0p25_b0p05__wd1e-04trmiss0_degmodglobal,38,0.5528024733066559,0.6756198108196259,0.5555555555555556,0.6992865159531826,0.6923076923076923,0.0,0.49032878449984957,0.4953894870621817,0.15857712179422379,0.35537420426096233,0.0,0.0,0.0,0.0,0.0,18473,global,0.0
3,4,lr1e-04_bs8_drop0p4_temp1p0_a0p25_b0p05__wd1e-04trmiss0_degmodglobal,8,0.0001,0.0001,0.4,1.0,0.25,0.05,lr1e-04_bs8_drop0p4_temp1p0_a0p25_b0p05__wd1e-04trmiss0_degmodglobal,39,0.5661090910434723,0.676085889339447,0.5555555555555556,0.6992865159531826,0.6923076923076923,0.0,0.4959973565169743,0.5207128013883319,0.12166392483881541,0.2996061124971935,0.0,0.0,0.0,0.0,0.0,18473,global,0.0
3,4,lr1e-04_bs8_drop0p4_temp1p0_a0p25_b0p05__wd1e-04trmiss0_degmodglobal,8,0.0001,0.0001,0.4,1.0,0.25,0.05,lr1e-04_bs8_drop0p4_temp1p0_a0p25_b0p05__wd1e-04trmiss0_degmodglobal,40,0.5612626629216331,0.6736400723457336,0.5555555555555556,0.6992865159531826,0.6923076923076923,0.0,0.5192227193287441,0.514836209160941,0.1288772113621235,0.2841430263859885,0.0,0.0,0.0,0.0,0.0,18473,global,0.0
3,4,lr1e-04_bs8_drop0p4_temp1p0_a0p25_b0p05__wd1e-04trmiss0_degmodglobal,8,0.0001,0.0001,0.4,1.0,0.25,0.05,lr1e-04_bs8_drop0p4_temp1p0_a0p25_b0p05__wd1e-04trmiss0_degmodglobal,41,0.586018477167402,0.6725637316703796,0.5555555555555556,0.6992865159531826,0.6153846153846154,0.0,0.4848086791379111,0.5125529638358525,0.1855997315474919,0.5413117046867099,0.0,0.0,0.0,0.0,0.0,18473,global,0.0
3,4,lr1e-04_bs8_drop0p4_temp1p0_a0p25_b0p05__wd1e-04trmiss0_degmodglobal,8,0.0001,0.0001,0.4,1.0,0.25,0.05,lr1e-04_bs8_drop0p4_temp1p0_a0p25_b0p05__wd1e-04trmiss0_degmodglobal,42,0.55157527753285,0.6733967363834381,0.5555555555555556,0.6992865159531826,0.6153846153846154,0.0,0.4745196614946638,0.5127937708582196,0.10628831386566162,0.2441883890756539,0.0,0.0,0.0,0.0,0.0,18473,global,0.0
3,4,lr1e-04_bs8_drop0p4_temp1p0_a0p25_b0p05__wd1e-04trmiss0_degmodglobal,8,0.0001,0.0001,0.4,1.0,0.25,0.05,lr1e-04_bs8_drop0p4_temp1p0_a0p25_b0p05__wd1e-04trmiss0_degmodglobal,43,0.5581586786678859,0.6724810302257538,0.5555555555555556,0.6992865159531826,0.6153846153846154,0.0,0.4490253584725516,0.5118434131145477,0.12267124333551951,0.31294881871768404,0.0,0.0,0.0,0.0,0.0,18473,global,0.0
3,4,lr1e-04_bs8_drop0p4_temp1p0_a0p25_b0p05__wd1e-04trmiss0_degmodglobal,8,0.0001,0.0001,0.4,1.0,0.25,0.05,lr1e-04_bs8_drop0p4_temp1p0_a0p25_b0p05__wd1e-04trmiss0_degmodglobal,44,0.5582662011895861,0.677881121635437,0.5555555555555556,0.6992865159531826,0.6923076923076923,0.0,0.5150767351899829,0.5179073129381452,0.11026038601994514,0.2558756960289819,0.0,0.0,0.0,0.0,0.0,18473,global,0.0
3,4,lr1e-04_bs8_drop0p4_temp1p0_a0p25_b0p05__wd1e-04trmiss0_degmodglobal,8,0.0001,0.0001,0.4,1.0,0.25,0.05,lr1e-04_bs8_drop0p4_temp1p0_a0p25_b0p05__wd1e-04trmiss0_degmodglobal,45,0.5522347901548658,0.6757870018482208,0.5555555555555556,0.6992865159531826,0.6153846153846154,0.0,0.4595849428858076,0.5003959877150399,0.14218245233808244,0.32586355188063215,0.0,0.0,0.0,0.0,0.0,18473,global,0.0
3,4,lr1e-04_bs8_drop0p4_temp1p0_a0p25_b0p05__wd1e-04trmiss0_degmodglobal,8,0.0001,0.0001,0.4,1.0,0.25,0.05,lr1e-04_bs8_drop0p4_temp1p0_a0p25_b0p05__wd1e-04trmiss0_degmodglobal,46,0.5872807332447597,0.6854815483093262,0.5555555555555556,0.6992865159531826,0.6153846153846154,0.0,0.5191399199622018,0.5463633665016719,0.11097435599991254,0.2634756320289203,0.0,0.0,0.0,0.0,0.0,18473,global,0.0
3,4,lr1e-04_bs8_drop0p4_temp1p0_a0p25_b0p05__wd1e-04trmiss0_degmodglobal,8,0.0001,0.0001,0.4,1.0,0.25,0.05,lr1e-04_bs8_drop0p4_temp1p0_a0p25_b0p05__wd1e-04trmiss0_degmodglobal,47,0.5397331416606903,0.6877982020378113,0.5277777777777778,0.6917107583774251,0.6153846153846154,0.0,0.4598234977040972,0.48106236117226736,0.16445091047457286,0.3511610563312258,0.0,0.0,0.0,0.0,0.0,18473,global,0.0
3,4,lr1e-04_bs8_drop0p4_temp1p0_a0p25_b0p05__wd1e-04trmiss0_degmodglobal,8,0.0001,0.0001,0.4,1.0,0.25,0.05,lr1e-04_bs8_drop0p4_temp1p0_a0p25_b0p05__wd1e-04trmiss0_degmodglobal,48,0.5715718524796622,0.6860040426254272,0.5277777777777778,0.6917107583774251,0.6153846153846154,0.0,0.4813495789255415,0.5204135477542877,0.1391795426607132,0.32726834607975824,0.0,0.0,0.0,0.0,0.0,18473,global,0.0
3,4,lr1e-04_bs8_drop0p4_temp1p0_a0p25_b0p05__wd1e-04trmiss0_degmodglobal,8,0.0001,0.0001,0.4,1.0,0.25,0.05,lr1e-04_bs8_drop0p4_temp1p0_a0p25_b0p05__wd1e-04trmiss0_degmodglobal,49,0.5835597004209246,0.6885159015655518,0.5277777777777778,0.6917107583774251,0.6153846153846154,0.0,0.4750534338610513,0.5280967354774475,0.14963786782962935,0.3610698240143912,0.0,0.0,0.0,0.0,0.0,18473,global,0.0
3,4,lr1e-04_bs8_drop0p4_temp1p0_a0p25_b0p05__wd1e-04trmiss0_degmodglobal,8,0.0001,0.0001,0.4,1.0,0.25,0.05,lr1e-04_bs8_drop0p4_temp1p0_a0p25_b0p05__wd1e-04trmiss0_degmodglobal,50,0.544602062020983,0.6824723184108734,0.5277777777777778,0.6917107583774251,0.6153846153846154,0.0,0.4617923285279955,0.49822198918887545,0.13273750139134272,0.2639140688947269,0.0,0.0,0.0,0.0,0.0,18473,global,0.0
3,4,lr1e-04_bs8_drop0p4_temp1p0_a0p25_b0p05__wd1e-04trmiss0_degmodglobal,8,0.0001,0.0001,0.4,1.0,0.25,0.05,lr1e-04_bs8_drop0p4_temp1p0_a0p25_b0p05__wd1e-04trmiss0_degmodglobal,51,0.5696658917835781,0.6795616149902344,0.5277777777777778,0.6917107583774251,0.6923076923076923,0.0,0.46994683146476746,0.5304973295756749,0.10550092054264885,0.25586692350251333,0.0,0.0,0.0,0.0,0.0,18473,global,0.0
3,4,lr1e-04_bs8_drop0p4_temp1p0_a0p25_b0p05__wd1e-04trmiss0_degmodglobal,8,0.0001,0.0001,0.4,1.0,0.25,0.05,lr1e-04_bs8_drop0p4_temp1p0_a0p25_b0p05__wd1e-04trmiss0_degmodglobal,52,0.5734660966055733,0.6759894490242004,0.5555555555555556,0.6992865159531826,0.6923076923076923,0.0,0.4946639963558742,0.5274452950273242,0.12380168374095644,0.30140795026506695,0.0,0.0,0.0,0.0,0.0,18473,global,0.0
3,4,lr1e-04_bs8_drop0p4_temp1p0_a0p25_b0p05__wd1e-04trmiss0_degmodglobal,8,0.0001,0.0001,0.4,1.0,0.25,0.05,lr1e-04_bs8_drop0p4_temp1p0_a0p25_b0p05__wd1e-04trmiss0_degmodglobal,53,0.5621120801993779,0.6757403016090393,0.5555555555555556,0.6992865159531826,0.6923076923076923,0.0,0.4889244522367205,0.5116248556545803,0.15119698430810655,0.25375968537160326,0.0,0.0,0.0,0.0,0.0,18473,global,0.0
3,4,lr1e-04_bs8_drop0p4_temp1p0_a0p25_b0p05__wd1e-04trmiss0_degmodglobal,8,0.0001,0.0001,0.4,1.0,0.25,0.05,lr1e-04_bs8_drop0p4_temp1p0_a0p25_b0p05__wd1e-04trmiss0_degmodglobal,54,0.5570625066757202,0.6758889853954315,0.5555555555555556,0.6992865159531826,0.6923076923076923,0.0,0.5132269603865487,0.5081588455608913,0.13047063669988088,0.32572004411901745,0.0,0.0,0.0,0.0,0.0,18473,global,0.0
3,4,lr1e-04_bs8_drop0p4_temp1p0_a0p25_b0p05__wd1e-04trmiss0_degmodglobal,8,0.0001,0.0001,0.4,1.0,0.25,0.05,lr1e-04_bs8_drop0p4_temp1p0_a0p25_b0p05__wd1e-04trmiss0_degmodglobal,55,0.5702906932149615,0.67811119556427,0.5555555555555556,0.6992865159531826,0.6923076923076923,0.0,0.4815162590571812,0.5169270208903721,0.15322878105299814,0.3011295050382614,0.0,0.0,0.0,0.0,0.0,18473,global,0.0
3,4,lr1e-04_bs8_drop0p4_temp1p0_a0p25_b0p05__wd1e-04trmiss0_degmodglobal,8,0.0001,0.0001,0.4,1.0,0.25,0.05,lr1e-04_bs8_drop0p4_temp1p0_a0p25_b0p05__wd1e-04trmiss0_degmodglobal,56,0.5763386743409293,0.6782691478729248,0.5555555555555556,0.6992865159531826,0.6153846153846154,0.0,0.4749141846384321,0.5288205742835999,0.1262779592403344,0.31897236300366266,0.0,0.0,0.0,0.0,0.0,18473,global,0.0
3,4,lr1e-04_bs8_drop0p4_temp1p0_a0p25_b0p05__wd1e-04trmiss0_degmodglobal,8,0.0001,0.0001,0.4,1.0,0.25,0.05,lr1e-04_bs8_drop0p4_temp1p0_a0p25_b0p05__wd1e-04trmiss0_degmodglobal,57,0.538712910243443,0.6751963198184967,0.5555555555555556,0.6992865159531826,0.6923076923076923,0.0,0.46133226581982206,0.4840891403811319,0.1547816555414881,0.3185672525848661,0.0,0.0,0.0,0.0,0.0,18473,global,0.0
3,4,lr1e-04_bs8_drop0p4_temp1p0_a0p25_b0p05__wd1e-04trmiss0_degmodglobal,8,0.0001,0.0001,0.4,1.0,0.25,0.05,lr1e-04_bs8_drop0p4_temp1p0_a0p25_b0p05__wd1e-04trmiss0_degmodglobal,58,0.5890499949455261,0.6754430830478668,0.5555555555555556,0.6992865159531826,0.6923076923076923,0.0,0.44459753802844454,0.5139502116612026,0.19554542430809566,0.5242682993412018,0.0,0.0,0.0,0.0,0.0,18473,global,0.0
3,4,lr1e-04_bs8_drop0p4_temp1p0_a0p25_b0p05__wd1e-04trmiss0_degmodglobal,8,0.0001,0.0001,0.4,1.0,0.25,0.05,lr1e-04_bs8_drop0p4_temp1p0_a0p25_b0p05__wd1e-04trmiss0_degmodglobal,59,0.5777818986347744,0.6725178062915802,0.5555555555555556,0.6992865159531826,0.6923076923076923,0.0,0.4385682599885123,0.5178860085351127,0.16536421009472438,0.371097023997988,0.0,0.0,0.0,0.0,0.0,18473,global,0.0
3,4,lr1e-04_bs8_drop0p4_temp1p0_a0p25_b0p05__wd1e-04trmiss0_degmodglobal,8,0.0001,0.0001,0.4,1.0,0.25,0.05,lr1e-04_bs8_drop0p4_temp1p0_a0p25_b0p05__wd1e-04trmiss0_degmodglobal,60,0.5702217987605503,0.6710364818572998,0.5555555555555556,0.6992865159531826,0.6923076923076923,0.0,0.4305358145918165,0.5094086229801178,0.17103704597268785,0.36107829958200455,0.0,0.0,0.0,0.0,0.0,18473,global,0.0
3,4,lr1e-04_bs8_drop0p4_temp1p0_a0p25_b0p05__wd1e-04trmiss0_degmodglobal,8,0.0001,0.0001,0.4,1.0,0.25,0.05,lr1e-04_bs8_drop0p4_temp1p0_a0p25_b0p05__wd1e-04trmiss0_degmodglobal,61,0.5814633412020547,0.6694982945919037,0.5555555555555556,0.6992865159531826,0.6923076923076923,0.0,0.4395842296736581,0.50479285631861,0.21489880872624262,0.4589159148080008,0.0,0.0,0.0,0.0,0.0,18473,global,0.0
3,4,lr1e-04_bs8_drop0p4_temp1p0_a0p25_b0p05__wd1e-04trmiss0_degmodglobal,8,0.0001,0.0001,0.4,1.0,0.25,0.05,lr1e-04_bs8_drop0p4_temp1p0_a0p25_b0p05__wd1e-04trmiss0_degmodglobal,62,0.5706646016665867,0.6723524630069733,0.5555555555555556,0.6992865159531826,0.6923076923076923,0.0,0.40485712034361704,0.499160749571664,0.19409185009343283,0.4596177467278072,0.0,0.0,0.0,0.0,0.0,18473,global,0.0
3,4,lr1e-04_bs8_drop0p4_temp1p0_a0p25_b0p05__wd1e-04trmiss0_degmodglobal,8,0.0001,0.0001,0.4,1.0,0.25,0.05,lr1e-04_bs8_drop0p4_temp1p0_a0p25_b0p05__wd1e-04trmiss0_degmodglobal,63,0.5676189320428031,0.671303927898407,0.5555555555555556,0.6992865159531826,0.6923076923076923,0.0,0.4250217718737466,0.4945062058312552,0.20729508357388632,0.4257789988602911,0.0,0.0,0.0,0.0,0.0,18473,global,0.0
3,4,lr1e-04_bs8_drop0p4_temp1p0_a0p25_b0p05__wd1e-04trmiss0_degmodglobal,8,0.0001,0.0001,0.4,1.0,0.25,0.05,lr1e-04_bs8_drop0p4_temp1p0_a0p25_b0p05__wd1e-04trmiss0_degmodglobal,64,0.5574157323156085,0.6727311611175537,0.5555555555555556,0.6992865159531826,0.6923076923076923,0.0,0.4523666032723018,0.5016322178500039,0.14993996705327714,0.36597056474004475,0.0,0.0,0.0,0.0,0.0,18473,global,0.0
3,4,lr1e-04_bs8_drop0p4_temp1p0_a0p25_b0p05__wd1e-04trmiss0_degmodglobal,8,0.0001,0.0001,0.4,1.0,0.25,0.05,lr1e-04_bs8_drop0p4_temp1p0_a0p25_b0p05__wd1e-04trmiss0_degmodglobal,65,0.6097641842705863,0.6732487976551056,0.5555555555555556,0.6992865159531826,0.6923076923076923,0.0,0.4289008506706783,0.5394621874604907,0.17941168961780413,0.5089817526085036,0.0,0.0,0.0,0.0,0.0,18473,global,0.0
3,4,lr1e-04_bs8_drop0p4_temp1p0_a0p25_b0p05__wd1e-04trmiss0_degmodglobal,8,0.0001,0.0001,0.4,1.0,0.25,0.05,lr1e-04_bs8_drop0p4_temp1p0_a0p25_b0p05__wd1e-04trmiss0_degmodglobal,66,0.5679489246436528,0.6729550361633301,0.5555555555555556,0.6992865159531826,0.6923076923076923,0.0,0.4413763199533735,0.5109316834381649,0.15981082298925944,0.34129088691302706,0.0,0.0,0.0,0.0,0.0,18473,global,0.0
3,4,lr1e-04_bs8_drop0p4_temp1p0_a0p25_b0p05__wd1e-04trmiss0_degmodglobal,8,0.0001,0.0001,0.4,1.0,0.25,0.05,lr1e-04_bs8_drop0p4_temp1p0_a0p25_b0p05__wd1e-04trmiss0_degmodglobal,67,0.583829505102975,0.6718256175518036,0.5833333333333334,0.7159531826198493,0.6923076923076923,0.0,0.4492802151611873,0.511543699673244,0.2002185583114624,0.44462347882134573,0.0,0.0,0.0,0.0,0.0,18473,global,0.0
3,4,lr1e-04_bs8_drop0p4_temp1p0_a0p25_b0p05__wd1e-04trmiss0_degmodglobal,8,0.0001,0.0001,0.4,1.0,0.25,0.05,lr1e-04_bs8_drop0p4_temp1p0_a0p25_b0p05__wd1e-04trmiss0_degmodglobal,68,0.5612172910145351,0.6707120537757874,0.5555555555555556,0.6992865159531826,0.6923076923076923,0.0,0.4323296674660274,0.4879395067691803,0.1979542603450162,0.47578474027769907,0.0,0.0,0.0,0.0,0.0,18473,global,0.0
3,4,lr1e-04_bs8_drop0p4_temp1p0_a0p25_b0p05__wd1e-04trmiss0_degmodglobal,8,0.0001,0.0001,0.4,1.0,0.25,0.05,lr1e-04_bs8_drop0p4_temp1p0_a0p25_b0p05__wd1e-04trmiss0_degmodglobal,69,0.5679252658571515,0.6712830662727356,0.5555555555555556,0.6992865159531826,0.6923076923076923,0.0,0.4464302829333714,0.4844058113438742,0.2268005609512329,0.5363861152103969,0.0,0.0,0.0,0.0,0.0,18473,global,0.0
3,4,lr1e-04_bs8_drop0p4_temp1p0_a0p25_b0p05__wd1e-04trmiss0_degmodglobal,8,0.0001,0.0001,0.4,1.0,0.25,0.05,lr1e-04_bs8_drop0p4_temp1p0_a0p25_b0p05__wd1e-04trmiss0_degmodglobal,70,0.5875342445714133,0.6709209978580475,0.5555555555555556,0.6992865159531826,0.6923076923076923,0.0,0.41143145305769785,0.5081864850861686,0.20760093522923334,0.5489507743290493,0.0,0.0,0.0,0.0,0.0,18473,global,0.0
3,4,lr1e-04_bs8_drop0p4_temp1p0_a0p25_b0p05__wd1e-04trmiss0_degmodglobal,8,0.0001,0.0001,0.4,1.0,0.25,0.05,lr1e-04_bs8_drop0p4_temp1p0_a0p25_b0p05__wd1e-04trmiss0_degmodglobal,71,0.5857862830162048,0.6707212328910828,0.5555555555555556,0.6992865159531826,0.6923076923076923,0.0,0.4638457340853555,0.5242873345102582,0.1698450499347278,0.3807537066084998,0.0,0.0,0.0,0.0,0.0,18473,global,0.0
3,4,lr1e-04_bs8_drop0p4_temp1p0_a0p25_b0p05__wd1e-04trmiss0_degmodglobal,8,0.0001,0.0001,0.4,1.0,0.25,0.05,lr1e-04_bs8_drop0p4_temp1p0_a0p25_b0p05__wd1e-04trmiss0_degmodglobal,72,0.5715460053512028,0.665781557559967,0.5833333333333334,0.7159531826198493,0.6923076923076923,0.0,0.44653702633721487,0.48018013153757366,0.24598117811339243,0.5974114654319627,0.0,0.0,0.0,0.0,0.0,18473,global,0.0
3,4,lr1e-04_bs8_drop0p4_temp1p0_a0p25_b0p05__wd1e-04trmiss0_degmodglobal,8,0.0001,0.0001,0.4,1.0,0.25,0.05,lr1e-04_bs8_drop0p4_temp1p0_a0p25_b0p05__wd1e-04trmiss0_degmodglobal,73,0.556210322039468,0.6677853167057037,0.5555555555555556,0.6992865159531826,0.6923076923076923,0.0,0.425204051392419,0.4731515773705074,0.2227256457720484,0.5475466889994485,0.0,0.0,0.0,0.0,0.0,18473,global,0.0
3,4,lr1e-04_bs8_drop0p4_temp1p0_a0p25_b0p05__wd1e-04trmiss0_degmodglobal,8,0.0001,0.0001,0.4,1.0,0.25,0.05,lr1e-04_bs8_drop0p4_temp1p0_a0p25_b0p05__wd1e-04trmiss0_degmodglobal,74,0.5884222217968532,0.6716882586479187,0.5555555555555556,0.6992865159531826,0.6923076923076923,0.0,0.4499730510371072,0.5129702729838235,0.21294685559613363,0.4443048723042011,0.0,0.0,0.0,0.0,0.0,18473,global,0.0
3,4,lr1e-04_bs8_drop0p4_temp1p0_a0p25_b0p05__wd1e-04trmiss0_degmodglobal,8,0.0001,0.0001,0.4,1.0,0.25,0.05,lr1e-04_bs8_drop0p4_temp1p0_a0p25_b0p05__wd1e-04trmiss0_degmodglobal,75,0.563950023480824,0.6725873053073883,0.5555555555555556,0.6992865159531826,0.6923076923076923,0.0,0.4183785745075771,0.4998012397970472,0.17593332912240708,0.40330870875290464,0.0,0.0,0.0,0.0,0.0,18473,global,0.0
3,4,lr1e-04_bs8_drop0p4_temp1p0_a0p25_b0p05__wd1e-04trmiss0_degmodglobal,8,0.0001,0.0001,0.4,1.0,0.25,0.05,lr1e-04_bs8_drop0p4_temp1p0_a0p25_b0p05__wd1e-04trmiss0_degmodglobal,76,0.5806992650032043,0.6740410625934601,0.5555555555555556,0.6992865159531826,0.6923076923076923,0.0,0.4328562148979732,0.5053009731428963,0.19613392970391683,0.527295817221914,0.0,0.0,0.0,0.0,0.0,18473,global,0.0
3,4,lr1e-04_bs8_drop0p4_temp1p0_a0p25_b0p05__wd1e-04trmiss0_degmodglobal,8,0.0001,0.0001,0.4,1.0,0.25,0.05,lr1e-04_bs8_drop0p4_temp1p0_a0p25_b0p05__wd1e-04trmiss0_degmodglobal,77,0.5883754321507045,0.6694975197315216,0.5555555555555556,0.6992865159531826,0.6923076923076923,0.0,0.44944452387945993,0.5181290762765067,0.1837974190711975,0.48594020519937786,0.0,0.0,0.0,0.0,0.0,18473,global,0.0
3,4,lr1e-04_bs8_drop0p4_temp1p0_a0p25_b0p05__wd1e-04trmiss0_degmodglobal,8,0.0001,0.0001,0.4,1.0,0.25,0.05,lr1e-04_bs8_drop0p4_temp1p0_a0p25_b0p05__wd1e-04trmiss0_degmodglobal,78,0.5700671289648328,0.6695315539836884,0.5555555555555556,0.6992865159531826,0.6923076923076923,0.0,0.43062578780310495,0.493110145841326,0.21288839195455825,0.4746979240860258,0.0,0.0,0.0,0.0,0.0,18473,global,0.0
3,4,lr1e-04_bs8_drop0p4_temp1p0_a0p25_b0p05__wd1e-04trmiss0_degmodglobal,8,0.0001,0.0001,0.4,1.0,0.25,0.05,lr1e-04_bs8_drop0p4_temp1p0_a0p25_b0p05__wd1e-04trmiss0_degmodglobal,79,0.585290538413184,0.6713473498821259,0.5555555555555556,0.6992865159531826,0.6923076923076923,0.0,0.4691943781716483,0.5282258902277265,0.1549223107951028,0.36668152681418825,0.0,0.0,0.0,0.0,0.0,18473,global,0.0
3,4,lr1e-04_bs8_drop0p4_temp1p0_a0p25_b0p05__wd1e-04trmiss0_degmodglobal,8,0.0001,0.0001,0.4,1.0,0.25,0.05,lr1e-04_bs8_drop0p4_temp1p0_a0p25_b0p05__wd1e-04trmiss0_degmodglobal,80,0.574228652885982,0.6694645881652832,0.5555555555555556,0.6992865159531826,0.6923076923076923,0.0,0.4336178047316415,0.5166118911334446,0.153056301176548,0.3870539686509541,0.0,0.0,0.0,0.0,0.0,18473,global,0.0
3,4,lr1e-04_bs8_drop0p4_temp2p0_a0p25_b0p05__wd1e-04trmiss0_degmodglobal,8,0.0001,0.0001,0.4,2.0,0.25,0.05,lr1e-04_bs8_drop0p4_temp2p0_a0p25_b0p05__wd1e-04trmiss0_degmodglobal,1,0.7374856557164874,0.7018601298332214,0.4444444444444444,0.6902227402227403,0.5384615384615384,0.0,0.7012820243835449,0.6938326699393136,0.10741630409445081,0.33597773952143534,0.0,0.0,0.0,0.0,0.0,18473,global,0.0
3,4,lr1e-04_bs8_drop0p4_temp2p0_a0p25_b0p05__wd1e-04trmiss0_degmodglobal,8,0.0001,0.0001,0.4,2.0,0.25,0.05,lr1e-04_bs8_drop0p4_temp2p0_a0p25_b0p05__wd1e-04trmiss0_degmodglobal,2,0.6346703938075474,0.6952512860298157,0.4166666666666667,0.6769952269952271,0.5384615384615384,0.0,0.6472205775124686,0.607241187776838,0.08084534640823092,0.14435740879603795,0.0,0.0,0.0,0.0,0.0,18473,global,0.0
3,4,lr1e-04_bs8_drop0p4_temp2p0_a0p25_b0p05__wd1e-04trmiss0_degmodglobal,8,0.0001,0.0001,0.4,2.0,0.25,0.05,lr1e-04_bs8_drop0p4_temp2p0_a0p25_b0p05__wd1e-04trmiss0_degmodglobal,3,0.6532808201653617,0.6873739361763,0.49999999999999994,0.7000592000592001,0.6153846153846154,0.0,0.6284138134547642,0.6238784619740078,0.08134223414318902,0.18133566954306193,0.0,0.0,0.0,0.0,0.0,18473,global,0.0
3,4,lr1e-04_bs8_drop0p4_temp2p0_a0p25_b0p05__wd1e-04trmiss0_degmodglobal,8,0.0001,0.0001,0.4,2.0,0.25,0.05,lr1e-04_bs8_drop0p4_temp2p0_a0p25_b0p05__wd1e-04trmiss0_degmodglobal,4,0.6190621597426278,0.6891061961650848,0.49999999999999994,0.7000592000592001,0.6153846153846154,0.0,0.600822218826839,0.5847738810947963,0.08772959081189972,0.247117674776486,0.0,0.0,0.0,0.0,0.0,18473,global,0.0
3,4,lr1e-04_bs8_drop0p4_temp2p0_a0p25_b0p05__wd1e-04trmiss0_degmodglobal,8,0.0001,0.0001,0.4,2.0,0.25,0.05,lr1e-04_bs8_drop0p4_temp2p0_a0p25_b0p05__wd1e-04trmiss0_degmodglobal,5,0.6188661881855556,0.6838993728160858,0.49999999999999994,0.7000592000592001,0.6153846153846154,0.0,0.5932581680161613,0.5833207070827484,0.10240267855780465,0.19889621755906514,0.0,0.0,0.0,0.0,0.0,18473,global,0.0
3,4,lr1e-04_bs8_drop0p4_temp2p0_a0p25_b0p05__wd1e-04trmiss0_degmodglobal,8,0.0001,0.0001,0.4,2.0,0.25,0.05,lr1e-04_bs8_drop0p4_temp2p0_a0p25_b0p05__wd1e-04trmiss0_degmodglobal,6,0.5933824862752642,0.6834686398506165,0.5555555555555556,0.7167819834486502,0.6153846153846154,0.0,0.6153462869780404,0.5608830451965332,0.08677209168672562,0.21612821412937983,0.0,0.0,0.0,0.0,0.0,18473,global,0.0
3,4,lr1e-04_bs8_drop0p4_temp2p0_a0p25_b0p05__wd1e-04trmiss0_degmodglobal,8,0.0001,0.0001,0.4,2.0,0.25,0.05,lr1e-04_bs8_drop0p4_temp2p0_a0p25_b0p05__wd1e-04trmiss0_degmodglobal,7,0.5963021346500942,0.6752926409244537,0.6111111111111112,0.7307679974346641,0.6153846153846154,0.0,0.5882593137877328,0.5691939081464495,0.07883212662168912,0.1480037814804486,0.0,0.0,0.0,0.0,0.0,18473,global,0.0
3,4,lr1e-04_bs8_drop0p4_temp2p0_a0p25_b0p05__wd1e-04trmiss0_degmodglobal,8,0.0001,0.0001,0.4,2.0,0.25,0.05,lr1e-04_bs8_drop0p4_temp2p0_a0p25_b0p05__wd1e-04trmiss0_degmodglobal,8,0.5724443622997829,0.6585566103458405,0.6388888888888888,0.7439955106621774,0.6923076923076923,0.0,0.5835092834063939,0.5386360457965306,0.09140824845858983,0.21912506435598647,0.0,0.0,0.0,0.0,0.0,18473,global,0.0
3,4,lr1e-04_bs8_drop0p4_temp2p0_a0p25_b0p05__wd1e-04trmiss0_degmodglobal,8,0.0001,0.0001,0.4,2.0,0.25,0.05,lr1e-04_bs8_drop0p4_temp2p0_a0p25_b0p05__wd1e-04trmiss0_degmodglobal,9,0.5883066398756844,0.646510511636734,0.6666666666666666,0.7559002725669393,0.6923076923076923,0.0,0.5761821269989014,0.5547150799206325,0.09547591635159083,0.194451670561518,0.0,0.0,0.0,0.0,0.0,18473,global,0.0
3,4,lr1e-04_bs8_drop0p4_temp2p0_a0p25_b0p05__wd1e-04trmiss0_degmodglobal,8,0.0001,0.0001,0.4,2.0,0.25,0.05,lr1e-04_bs8_drop0p4_temp2p0_a0p25_b0p05__wd1e-04trmiss0_degmodglobal,10,0.6003065279551915,0.6671193540096283,0.6111111111111112,0.7402437069103737,0.6153846153846154,0.0,0.5547962273870196,0.5563987919262477,0.12188050523400307,0.2687525142516409,0.0,0.0,0.0,0.0,0.0,18473,global,0.0
3,4,lr1e-04_bs8_drop0p4_temp2p0_a0p25_b0p05__wd1e-04trmiss0_degmodglobal,8,0.0001,0.0001,0.4,2.0,0.25,0.05,lr1e-04_bs8_drop0p4_temp2p0_a0p25_b0p05__wd1e-04trmiss0_degmodglobal,11,0.6036144920757839,0.6505571901798248,0.6388888888888888,0.7483245149911817,0.6923076923076923,0.0,0.5702645693506513,0.5638587815420968,0.10889675627861704,0.25063050218990873,0.0,0.0,0.0,0.0,0.0,18473,global,0.0
3,4,lr1e-04_bs8_drop0p4_temp2p0_a0p25_b0p05__wd1e-04trmiss0_degmodglobal,8,0.0001,0.0001,0.4,2.0,0.25,0.05,lr1e-04_bs8_drop0p4_temp2p0_a0p25_b0p05__wd1e-04trmiss0_degmodglobal,12,0.5555473225457328,0.6582615971565247,0.6388888888888888,0.7483245149911817,0.7692307692307693,0.0,0.5356883108615875,0.5334528386592865,0.06840092688798904,0.09988505872232574,0.0,0.0,0.0,0.0,0.0,18473,global,0.0
3,4,lr1e-04_bs8_drop0p4_temp2p0_a0p25_b0p05__wd1e-04trmiss0_degmodglobal,8,0.0001,0.0001,0.4,2.0,0.25,0.05,lr1e-04_bs8_drop0p4_temp2p0_a0p25_b0p05__wd1e-04trmiss0_degmodglobal,13,0.5766024546963828,0.6626923680305481,0.6666666666666666,0.7591269841269842,0.7692307692307693,0.0,0.5197112815720695,0.5503250445638385,0.07387743943503924,0.15616107465965406,0.0,0.0,0.0,0.0,0.0,18473,global,0.0
3,4,lr1e-04_bs8_drop0p4_temp2p0_a0p25_b0p05__wd1e-04trmiss0_degmodglobal,8,0.0001,0.0001,0.4,2.0,0.25,0.05,lr1e-04_bs8_drop0p4_temp2p0_a0p25_b0p05__wd1e-04trmiss0_degmodglobal,14,0.5571986607142857,0.670224130153656,0.6388888888888888,0.7510461760461762,0.6923076923076923,0.0,0.5340626963547298,0.52131387591362,0.09866518474050931,0.22436972388199397,0.0,0.0,0.0,0.0,0.0,18473,global,0.0
3,4,lr1e-04_bs8_drop0p4_temp2p0_a0p25_b0p05__wd1e-04trmiss0_degmodglobal,8,0.0001,0.0001,0.4,2.0,0.25,0.05,lr1e-04_bs8_drop0p4_temp2p0_a0p25_b0p05__wd1e-04trmiss0_degmodglobal,15,0.5915210161890302,0.6677821576595306,0.6944444444444444,0.7667027417027418,0.7692307692307693,0.0,0.5553897448948452,0.5578341824667794,0.0982152276805469,0.18266045302152634,0.0,0.0,0.0,0.0,0.0,18473,global,0.0
3,4,lr1e-04_bs8_drop0p4_temp2p0_a0p25_b0p05__wd1e-04trmiss0_degmodglobal,8,0.0001,0.0001,0.4,2.0,0.25,0.05,lr1e-04_bs8_drop0p4_temp2p0_a0p25_b0p05__wd1e-04trmiss0_degmodglobal,16,0.5517251193523407,0.6696034371852875,0.6944444444444444,0.7667027417027418,0.6923076923076923,0.0,0.5261147575719016,0.5235897941248757,0.07549266570380755,0.18524341391665594,0.0,0.0,0.0,0.0,0.0,18473,global,0.0
3,4,lr1e-04_bs8_drop0p4_temp2p0_a0p25_b0p05__wd1e-04trmiss0_degmodglobal,8,0.0001,0.0001,0.4,2.0,0.25,0.05,lr1e-04_bs8_drop0p4_temp2p0_a0p25_b0p05__wd1e-04trmiss0_degmodglobal,17,0.5829976541655404,0.6715078949928284,0.6666666666666666,0.7591269841269842,0.6923076923076923,0.0,0.5622994133404323,0.5523915886878967,0.09270757702844483,0.14858333127839224,0.0,0.0,0.0,0.0,0.0,18473,global,0.0
3,4,lr1e-04_bs8_drop0p4_temp2p0_a0p25_b0p05__wd1e-04trmiss0_degmodglobal,8,0.0001,0.0001,0.4,2.0,0.25,0.05,lr1e-04_bs8_drop0p4_temp2p0_a0p25_b0p05__wd1e-04trmiss0_degmodglobal,18,0.5550949403217861,0.66813525557518,0.6944444444444444,0.7667027417027418,0.7692307692307693,0.0,0.5347112246922084,0.5291175714560917,0.07641236696924482,0.13748563373727457,0.0,0.0,0.0,0.0,0.0,18473,global,0.0
3,4,lr1e-04_bs8_drop0p4_temp2p0_a0p25_b0p05__wd1e-04trmiss0_degmodglobal,8,0.0001,0.0001,0.4,2.0,0.25,0.05,lr1e-04_bs8_drop0p4_temp2p0_a0p25_b0p05__wd1e-04trmiss0_degmodglobal,19,0.5606202398027692,0.6633653342723846,0.6666666666666666,0.7559002725669393,0.6153846153846154,0.0,0.5374863871506282,0.5258159467152187,0.0980658121407032,0.20575687581939356,0.0,0.0,0.0,0.0,0.0,18473,global,0.0
3,4,lr1e-04_bs8_drop0p4_temp2p0_a0p25_b0p05__wd1e-04trmiss0_degmodglobal,8,0.0001,0.0001,0.4,2.0,0.25,0.05,lr1e-04_bs8_drop0p4_temp2p0_a0p25_b0p05__wd1e-04trmiss0_degmodglobal,20,0.5319445090634483,0.6623730063438416,0.6666666666666666,0.7559002725669393,0.6923076923076923,0.0,0.5163574048451015,0.5008439251354763,0.09704715332814626,0.13677598642451422,0.0,0.0,0.0,0.0,0.0,18473,global,0.0
3,4,lr1e-04_bs8_drop0p4_temp2p0_a0p25_b0p05__wd1e-04trmiss0_degmodglobal,8,0.0001,0.0001,0.4,2.0,0.25,0.05,lr1e-04_bs8_drop0p4_temp2p0_a0p25_b0p05__wd1e-04trmiss0_degmodglobal,21,0.5742009707859584,0.659030944108963,0.6666666666666666,0.7559002725669393,0.6923076923076923,0.0,0.5225020051002502,0.5385429305689675,0.10713249977145876,0.1774985162275178,0.0,0.0,0.0,0.0,0.0,18473,global,0.0
3,4,lr1e-04_bs8_drop0p4_temp2p0_a0p25_b0p05__wd1e-04trmiss0_degmodglobal,8,0.0001,0.0001,0.4,2.0,0.25,0.05,lr1e-04_bs8_drop0p4_temp2p0_a0p25_b0p05__wd1e-04trmiss0_degmodglobal,22,0.5364869066647121,0.659357875585556,0.7222222222222222,0.7765792849126183,0.7692307692307693,0.0,0.5161199569702148,0.4957746607916696,0.12369500526360103,0.19576969955648696,0.0,0.0,0.0,0.0,0.0,18473,global,0.0
3,4,lr1e-04_bs8_drop0p4_temp2p0_a0p25_b0p05__wd1e-04trmiss0_degmodglobal,8,0.0001,0.0001,0.4,2.0,0.25,0.05,lr1e-04_bs8_drop0p4_temp2p0_a0p25_b0p05__wd1e-04trmiss0_degmodglobal,23,0.5595499788011823,0.6485477685928345,0.6944444444444444,0.7667027417027418,0.7692307692307693,0.0,0.5221174572195325,0.5246654834066119,0.10245523122804505,0.18541378847190312,0.0,0.0,0.0,0.0,0.0,18473,global,0.0
3,4,lr1e-04_bs8_drop0p4_temp2p0_a0p25_b0p05__wd1e-04trmiss0_degmodglobal,8,0.0001,0.0001,0.4,2.0,0.25,0.05,lr1e-04_bs8_drop0p4_temp2p0_a0p25_b0p05__wd1e-04trmiss0_degmodglobal,24,0.5524679975850242,0.645711213350296,0.6944444444444444,0.7667027417027418,0.7692307692307693,0.0,0.5434664743287223,0.5216238754136222,0.09089246817997523,0.16242017490523203,0.0,0.0,0.0,0.0,0.0,18473,global,0.0
3,4,lr1e-04_bs8_drop0p4_temp2p0_a0p25_b0p05__wd1e-04trmiss0_degmodglobal,8,0.0001,0.0001,0.4,2.0,0.25,0.05,lr1e-04_bs8_drop0p4_temp2p0_a0p25_b0p05__wd1e-04trmiss0_degmodglobal,25,0.5474105221884591,0.6444371938705444,0.6944444444444444,0.7667027417027418,0.7692307692307693,0.0,0.5045553701264518,0.5092279272420066,0.11061340836541993,0.21058484379734313,0.0,0.0,0.0,0.0,0.0,18473,global,0.0
3,4,lr1e-04_bs8_drop0p4_temp2p0_a0p25_b0p05__wd1e-04trmiss0_degmodglobal,8,0.0001,0.0001,0.4,2.0,0.25,0.05,lr1e-04_bs8_drop0p4_temp2p0_a0p25_b0p05__wd1e-04trmiss0_degmodglobal,26,0.5505346698420388,0.6516406834125519,0.7222222222222222,0.7765792849126183,0.6923076923076923,0.0,0.5350070084844317,0.5162741116115025,0.09803152935845512,0.19505377858877182,0.0,0.0,0.0,0.0,0.0,18473,global,0.0
3,4,lr1e-04_bs8_drop0p4_temp2p0_a0p25_b0p05__wd1e-04trmiss0_degmodglobal,8,0.0001,0.0001,0.4,2.0,0.25,0.05,lr1e-04_bs8_drop0p4_temp2p0_a0p25_b0p05__wd1e-04trmiss0_degmodglobal,27,0.5297152144568307,0.6498653292655945,0.7222222222222222,0.7765792849126183,0.7692307692307693,0.0,0.5137748292514256,0.49494388699531555,0.11123605817556381,0.13924642226525716,0.0,0.0,0.0,0.0,0.0,18473,global,0.0
3,4,lr1e-04_bs8_drop0p4_temp2p0_a0p25_b0p05__wd1e-04trmiss0_degmodglobal,8,0.0001,0.0001,0.4,2.0,0.25,0.05,lr1e-04_bs8_drop0p4_temp2p0_a0p25_b0p05__wd1e-04trmiss0_degmodglobal,28,0.5612270363739559,0.646673321723938,0.7222222222222222,0.7765792849126183,0.7692307692307693,0.0,0.4849283014025007,0.5240436238901955,0.10697793747697558,0.20877850481442042,0.0,0.0,0.0,0.0,0.0,18473,global,0.0
3,4,lr1e-04_bs8_drop0p4_temp2p0_a0p25_b0p05__wd1e-04trmiss0_degmodglobal,8,0.0001,0.0001,0.4,2.0,0.25,0.05,lr1e-04_bs8_drop0p4_temp2p0_a0p25_b0p05__wd1e-04trmiss0_degmodglobal,29,0.5569551757403782,0.6461678445339203,0.7222222222222222,0.7765792849126183,0.6923076923076923,0.0,0.5259454676083156,0.5256789113794055,0.0894102214702538,0.17847419849463872,0.0,0.0,0.0,0.0,0.0,18473,global,0.0
3,4,lr1e-04_bs8_drop0p4_temp2p0_a0p25_b0p05__wd1e-04trmiss0_degmodglobal,8,0.0001,0.0001,0.4,2.0,0.25,0.05,lr1e-04_bs8_drop0p4_temp2p0_a0p25_b0p05__wd1e-04trmiss0_degmodglobal,30,0.5740499453885215,0.643076479434967,0.7222222222222222,0.7765792849126183,0.7692307692307693,0.0,0.5197426336152213,0.539278336933681,0.09743878351790565,0.2082380780151912,0.0,0.0,0.0,0.0,0.0,18473,global,0.0
3,4,lr1e-04_bs8_drop0p4_temp2p0_a0p25_b0p05__wd1e-04trmiss0_degmodglobal,8,0.0001,0.0001,0.4,2.0,0.25,0.05,lr1e-04_bs8_drop0p4_temp2p0_a0p25_b0p05__wd1e-04trmiss0_degmodglobal,31,0.543038227728435,0.6481147408485413,0.7222222222222222,0.7765792849126183,0.6923076923076923,0.0,0.5100691275937217,0.5084982514381409,0.09456593543291092,0.2179700412920543,0.0,0.0,0.0,0.0,0.0,18473,global,0.0
3,4,lr1e-04_bs8_drop0p4_temp2p0_a0p25_b0p05__wd1e-04trmiss0_degmodglobal,8,0.0001,0.0001,0.4,2.0,0.25,0.05,lr1e-04_bs8_drop0p4_temp2p0_a0p25_b0p05__wd1e-04trmiss0_degmodglobal,32,0.54834931237357,0.6516149640083313,0.6944444444444444,0.7667027417027418,0.6923076923076923,0.0,0.5098224708012172,0.5136320846421378,0.1098269447684288,0.14520981535315514,0.0,0.0,0.0,0.0,0.0,18473,global,0.0
3,4,lr1e-04_bs8_drop0p4_temp2p0_a0p25_b0p05__wd1e-04trmiss0_degmodglobal,8,0.0001,0.0001,0.4,2.0,0.25,0.05,lr1e-04_bs8_drop0p4_temp2p0_a0p25_b0p05__wd1e-04trmiss0_degmodglobal,33,0.5574081199509757,0.6492093205451965,0.6944444444444444,0.7667027417027418,0.7692307692307693,0.0,0.4834173875195639,0.5187301806041172,0.10956049178327833,0.22575647490365164,0.0,0.0,0.0,0.0,0.0,18473,global,0.0
3,4,lr1e-04_bs8_drop0p4_temp2p0_a0p25_b0p05__wd1e-04trmiss0_degmodglobal,8,0.0001,0.0001,0.4,2.0,0.25,0.05,lr1e-04_bs8_drop0p4_temp2p0_a0p25_b0p05__wd1e-04trmiss0_degmodglobal,34,0.5263836979866028,0.6455867290496826,0.7222222222222222,0.7765792849126183,0.7692307692307693,0.0,0.5023113574300494,0.4923707629953112,0.09824145265987941,0.18905146526438849,0.0,0.0,0.0,0.0,0.0,18473,global,0.0
3,4,lr1e-04_bs8_drop0p4_temp2p0_a0p25_b0p05__wd1e-04trmiss0_degmodglobal,8,0.0001,0.0001,0.4,2.0,0.25,0.05,lr1e-04_bs8_drop0p4_temp2p0_a0p25_b0p05__wd1e-04trmiss0_degmodglobal,35,0.5875957097326007,0.6367814540863037,0.7222222222222222,0.7765792849126183,0.8461538461538461,0.0,0.510098682982581,0.5373342207499913,0.1466694719025067,0.27188266813755035,0.0,0.0,0.0,0.0,0.0,18473,global,0.0
3,4,lr1e-04_bs8_drop0p4_temp2p0_a0p25_b0p05__wd1e-04trmiss0_degmodglobal,8,0.0001,0.0001,0.4,2.0,0.25,0.05,lr1e-04_bs8_drop0p4_temp2p0_a0p25_b0p05__wd1e-04trmiss0_degmodglobal,36,0.5597089060715267,0.643059253692627,0.7222222222222222,0.7765792849126183,0.6923076923076923,0.0,0.4945249429770878,0.5182241797447205,0.11813420908791679,0.23902347896780288,0.0,0.0,0.0,0.0,0.0,18473,global,0.0
3,4,lr1e-04_bs8_drop0p4_temp2p0_a0p25_b0p05__wd1e-04trmiss0_degmodglobal,8,0.0001,0.0001,0.4,2.0,0.25,0.05,lr1e-04_bs8_drop0p4_temp2p0_a0p25_b0p05__wd1e-04trmiss0_degmodglobal,37,0.5590983416352954,0.6598354279994965,0.6944444444444444,0.7667027417027418,0.7692307692307693,0.0,0.5076917835644313,0.5126118617398399,0.1370134044970785,0.2446625754237175,0.0,0.0,0.0,0.0,0.0,18473,global,0.0
3,4,lr1e-04_bs8_drop0p4_temp2p0_a0p25_b0p05__wd1e-04trmiss0_degmodglobal,8,0.0001,0.0001,0.4,2.0,0.25,0.05,lr1e-04_bs8_drop0p4_temp2p0_a0p25_b0p05__wd1e-04trmiss0_degmodglobal,38,0.5556561350822449,0.6664006114006042,0.6944444444444444,0.7667027417027418,0.7692307692307693,0.0,0.4796538991587503,0.5098222877298083,0.13248516938516072,0.2542512374264853,0.0,0.0,0.0,0.0,0.0,18473,global,0.0
3,4,lr1e-04_bs8_drop0p4_temp2p0_a0p25_b0p05__wd1e-04trmiss0_degmodglobal,8,0.0001,0.0001,0.4,2.0,0.25,0.05,lr1e-04_bs8_drop0p4_temp2p0_a0p25_b0p05__wd1e-04trmiss0_degmodglobal,39,0.5740459816796439,0.662251353263855,0.6944444444444444,0.7667027417027418,0.7692307692307693,0.0,0.48772784641810824,0.539443918636867,0.09708622364061219,0.20661011285015515,0.0,0.0,0.0,0.0,0.0,18473,global,0.0
3,4,lr1e-04_bs8_drop0p4_temp2p0_a0p25_b0p05__wd1e-04trmiss0_degmodglobal,8,0.0001,0.0001,0.4,2.0,0.25,0.05,lr1e-04_bs8_drop0p4_temp2p0_a0p25_b0p05__wd1e-04trmiss0_degmodglobal,40,0.5484874248504639,0.6496194303035736,0.6944444444444444,0.7667027417027418,0.7692307692307693,0.0,0.4502063478742327,0.5031845739909581,0.13122773276908056,0.2499185757977622,0.0,0.0,0.0,0.0,0.0,18473,global,0.0
3,4,lr1e-04_bs8_drop0p4_temp2p0_a0p25_b0p05__wd1e-04trmiss0_degmodglobal,8,0.0001,0.0001,0.4,2.0,0.25,0.05,lr1e-04_bs8_drop0p4_temp2p0_a0p25_b0p05__wd1e-04trmiss0_degmodglobal,41,0.5246970908982413,0.6445545852184296,0.7222222222222222,0.7765792849126183,0.7692307692307693,0.0,0.4782476680619376,0.49034579736845835,0.11130285050187792,0.13051149834479606,0.0,0.0,0.0,0.0,0.0,18473,global,0.0
3,4,lr1e-04_bs8_drop0p4_temp2p0_a0p25_b0p05__wd1e-04trmiss0_degmodglobal,8,0.0001,0.0001,0.4,2.0,0.25,0.05,lr1e-04_bs8_drop0p4_temp2p0_a0p25_b0p05__wd1e-04trmiss0_degmodglobal,42,0.5555523037910461,0.6456151306629181,0.7222222222222222,0.7765792849126183,0.8461538461538461,0.0,0.48353876386369976,0.5201102154595512,0.10297566120113645,0.19396345104490006,0.0,0.0,0.0,0.0,0.0,18473,global,0.0
3,4,lr1e-04_bs8_drop0p4_temp2p0_a0p25_b0p05__wd1e-04trmiss0_degmodglobal,8,0.0001,0.0001,0.4,2.0,0.25,0.05,lr1e-04_bs8_drop0p4_temp2p0_a0p25_b0p05__wd1e-04trmiss0_degmodglobal,43,0.5566501106534686,0.6488150656223297,0.7222222222222222,0.7765792849126183,0.7692307692307693,0.0,0.45826829757009235,0.5087341495922634,0.1386972197464534,0.2648331437792097,0.0,0.0,0.0,0.0,0.0,18473,global,0.0
3,4,lr1e-04_bs8_drop0p4_temp2p0_a0p25_b0p05__wd1e-04trmiss0_degmodglobal,8,0.0001,0.0001,0.4,2.0,0.25,0.05,lr1e-04_bs8_drop0p4_temp2p0_a0p25_b0p05__wd1e-04trmiss0_degmodglobal,44,0.5547288102763039,0.6476942896842957,0.7222222222222222,0.7765792849126183,0.7692307692307693,0.0,0.44445355023656574,0.5105760736124856,0.13703532091208867,0.19787812765155519,0.0,0.0,0.0,0.0,0.0,18473,global,0.0
3,4,lr1e-04_bs8_drop0p4_temp2p0_a0p25_b0p05__wd1e-04trmiss0_degmodglobal,8,0.0001,0.0001,0.4,2.0,0.25,0.05,lr1e-04_bs8_drop0p4_temp2p0_a0p25_b0p05__wd1e-04trmiss0_degmodglobal,45,0.5062847903796605,0.6481797993183136,0.7222222222222222,0.7765792849126183,0.7692307692307693,0.0,0.45585001366479055,0.46949262278420584,0.11003773765904563,0.1856544241309166,0.0,0.0,0.0,0.0,0.0,18473,global,0.0
3,4,lr1e-04_bs8_drop0p4_temp2p0_a0p25_b0p05__wd1e-04trmiss0_degmodglobal,8,0.0001,0.0001,0.4,2.0,0.25,0.05,lr1e-04_bs8_drop0p4_temp2p0_a0p25_b0p05__wd1e-04trmiss0_degmodglobal,46,0.5009150547640664,0.6469779908657074,0.7222222222222222,0.7765792849126183,0.7692307692307693,0.0,0.45634048325674875,0.4545896862234388,0.1390876014317785,0.23106922528573445,0.0,0.0,0.0,0.0,0.0,18473,global,0.0
3,4,lr1e-04_bs8_drop0p4_temp2p0_a0p25_b0p05__wd1e-04trmiss0_degmodglobal,8,0.0001,0.0001,0.4,2.0,0.25,0.05,lr1e-04_bs8_drop0p4_temp2p0_a0p25_b0p05__wd1e-04trmiss0_degmodglobal,47,0.5399314676012311,0.6470366716384888,0.75,0.7856701940035273,0.7692307692307693,0.0,0.4685009207044329,0.5048102310725621,0.10963711248976844,0.15423907286354474,0.0,0.0,0.0,0.0,0.0,18473,global,0.0
3,4,lr1e-04_bs8_drop0p4_temp2p0_a0p25_b0p05__wd1e-04trmiss0_degmodglobal,8,0.0001,0.0001,0.4,2.0,0.25,0.05,lr1e-04_bs8_drop0p4_temp2p0_a0p25_b0p05__wd1e-04trmiss0_degmodglobal,48,0.5277328746659415,0.6446621716022491,0.7222222222222222,0.7765792849126183,0.8461538461538461,0.0,0.44348791241645813,0.4890081627028329,0.1264448602284704,0.14226995408535004,0.0,0.0,0.0,0.0,0.0,18473,global,0.0
3,4,lr1e-04_bs8_drop0p4_temp2p0_a0p25_b0p05__wd1e-04trmiss0_degmodglobal,8,0.0001,0.0001,0.4,2.0,0.25,0.05,lr1e-04_bs8_drop0p4_temp2p0_a0p25_b0p05__wd1e-04trmiss0_degmodglobal,49,0.5478816287858146,0.6463780403137207,0.7222222222222222,0.7765792849126183,0.7692307692307693,0.0,0.42493497473852976,0.4898337083203452,0.16076583841017314,0.35712942481040955,0.0,0.0,0.0,0.0,0.0,18473,global,0.0
3,4,lr1e-04_bs8_drop0p4_temp2p0_a0p25_b0p05__wd1e-04trmiss0_degmodglobal,8,0.0001,0.0001,0.4,2.0,0.25,0.05,lr1e-04_bs8_drop0p4_temp2p0_a0p25_b0p05__wd1e-04trmiss0_degmodglobal,50,0.5330748387745449,0.6463637053966522,0.75,0.7856701940035273,0.7692307692307693,0.0,0.4239198991230556,0.48829049723488943,0.13334857033831732,0.22894390672445297,0.0,0.0,0.0,0.0,0.0,18473,global,0.0
3,4,lr1e-04_bs8_drop0p4_temp2p0_a0p25_b0p05__wd1e-04trmiss0_degmodglobal,8,0.0001,0.0001,0.4,2.0,0.25,0.05,lr1e-04_bs8_drop0p4_temp2p0_a0p25_b0p05__wd1e-04trmiss0_degmodglobal,51,0.5596859114510673,0.6441525816917419,0.7222222222222222,0.7765792849126183,0.7692307692307693,0.0,0.44572898745536804,0.5092425644397736,0.13951798741306579,0.3112770968249866,0.0,0.0,0.0,0.0,0.0,18473,global,0.0
3,4,lr1e-04_bs8_drop0p4_temp2p0_a0p25_b0p05__wd1e-04trmiss0_degmodglobal,8,0.0001,0.0001,0.4,2.0,0.25,0.05,lr1e-04_bs8_drop0p4_temp2p0_a0p25_b0p05__wd1e-04trmiss0_degmodglobal,52,0.5528503017766135,0.6427099108695984,0.75,0.7856701940035273,0.7692307692307693,0.0,0.46851682662963867,0.5077104142733982,0.13247107075793402,0.24044254422187805,0.0,0.0,0.0,0.0,0.0,18473,global,0.0
3,4,lr1e-04_bs8_drop0p4_temp2p0_a0p25_b0p05__wd1e-04trmiss0_degmodglobal,8,0.0001,0.0001,0.4,2.0,0.25,0.05,lr1e-04_bs8_drop0p4_temp2p0_a0p25_b0p05__wd1e-04trmiss0_degmodglobal,53,0.574101482118879,0.6398272514343262,0.7222222222222222,0.7765792849126183,0.8461538461538461,0.0,0.45327028206416536,0.49723812511989046,0.2213451298219817,0.43054150470665525,0.0,0.0,0.0,0.0,0.0,18473,global,0.0
3,4,lr1e-04_bs8_drop0p4_temp2p0_a0p25_b0p05__wd1e-04trmiss0_degmodglobal,8,0.0001,0.0001,0.4,2.0,0.25,0.05,lr1e-04_bs8_drop0p4_temp2p0_a0p25_b0p05__wd1e-04trmiss0_degmodglobal,54,0.5360277507986341,0.637664794921875,0.7222222222222222,0.7765792849126183,0.8461538461538461,0.0,0.4453842597348349,0.48361983469554354,0.161897497517722,0.23867084085941315,0.0,0.0,0.0,0.0,0.0,18473,global,0.0
3,4,lr1e-04_bs8_drop0p4_temp2p0_a0p25_b0p05__wd1e-04trmiss0_degmodglobal,8,0.0001,0.0001,0.4,2.0,0.25,0.05,lr1e-04_bs8_drop0p4_temp2p0_a0p25_b0p05__wd1e-04trmiss0_degmodglobal,55,0.5620656439236232,0.6410268545150757,0.7222222222222222,0.7765792849126183,0.8461538461538461,0.0,0.40649626510483877,0.49774582045418875,0.18231693974563054,0.37481170892715454,0.0,0.0,0.0,0.0,0.0,18473,global,0.0
3,4,lr1e-04_bs8_drop0p4_temp2p0_a0p25_b0p05__wd1e-04trmiss0_degmodglobal,8,0.0001,0.0001,0.4,2.0,0.25,0.05,lr1e-04_bs8_drop0p4_temp2p0_a0p25_b0p05__wd1e-04trmiss0_degmodglobal,56,0.5551242445196424,0.6425754129886627,0.75,0.7856701940035273,0.7692307692307693,0.0,0.43166354298591614,0.5043186247348785,0.15451096956218993,0.24355749998773848,0.0,0.0,0.0,0.0,0.0,18473,global,0.0
3,4,lr1e-04_bs8_drop0p4_temp2p0_a0p25_b0p05__wd1e-04trmiss0_degmodglobal,8,0.0001,0.0001,0.4,2.0,0.25,0.05,lr1e-04_bs8_drop0p4_temp2p0_a0p25_b0p05__wd1e-04trmiss0_degmodglobal,57,0.5463975880827222,0.6417015194892883,0.7222222222222222,0.7765792849126183,0.7692307692307693,0.0,0.4457274079322815,0.499388439314706,0.12893897827182496,0.2954879743712289,0.0,0.0,0.0,0.0,0.0,18473,global,0.0
3,4,lr1e-04_bs8_drop0p4_temp2p0_a0p25_b0p05__wd1e-04trmiss0_degmodglobal,8,0.0001,0.0001,0.4,2.0,0.25,0.05,lr1e-04_bs8_drop0p4_temp2p0_a0p25_b0p05__wd1e-04trmiss0_degmodglobal,58,0.5437501796654293,0.6408045291900635,0.7222222222222222,0.7765792849126183,0.6923076923076923,0.0,0.4552764466830662,0.49150069270815167,0.1457381924348218,0.3162991095866476,0.0,0.0,0.0,0.0,0.0,18473,global,0.0
3,4,lr1e-04_bs8_drop0p4_temp2p0_a0p25_b0p05__wd1e-04trmiss0_degmodglobal,8,0.0001,0.0001,0.4,2.0,0.25,0.05,lr1e-04_bs8_drop0p4_temp2p0_a0p25_b0p05__wd1e-04trmiss0_degmodglobal,59,0.5555335751601628,0.6369868218898773,0.7222222222222222,0.7765792849126183,0.7692307692307693,0.0,0.4696590432098934,0.5072510668209621,0.13911878424031393,0.2700562540973936,0.0,0.0,0.0,0.0,0.0,18473,global,0.0
3,4,lr1e-04_bs8_drop0p4_temp2p0_a0p25_b0p05__wd1e-04trmiss0_degmodglobal,8,0.0001,0.0001,0.4,2.0,0.25,0.05,lr1e-04_bs8_drop0p4_temp2p0_a0p25_b0p05__wd1e-04trmiss0_degmodglobal,60,0.520200103521347,0.6380673944950104,0.7222222222222222,0.7765792849126183,0.7692307692307693,0.0,0.4481779081480844,0.4798862040042877,0.11742726606982094,0.21914144924708776,0.0,0.0,0.0,0.0,0.0,18473,global,0.0
3,4,lr1e-04_bs8_drop0p4_temp2p0_a0p25_b0p05__wd1e-04trmiss0_degmodglobal,8,0.0001,0.0001,0.4,2.0,0.25,0.05,lr1e-04_bs8_drop0p4_temp2p0_a0p25_b0p05__wd1e-04trmiss0_degmodglobal,61,0.5338240223271506,0.6372113823890686,0.7222222222222222,0.7765792849126183,0.8461538461538461,0.0,0.4103547249521528,0.47894992572920664,0.16570135631731578,0.2689751663378307,0.0,0.0,0.0,0.0,0.0,18473,global,0.0
3,4,lr1e-04_bs8_drop0p4_temp2p0_a0p25_b0p05__wd1e-04trmiss0_degmodglobal,8,0.0001,0.0001,0.4,2.0,0.25,0.05,lr1e-04_bs8_drop0p4_temp2p0_a0p25_b0p05__wd1e-04trmiss0_degmodglobal,62,0.5100601656096322,0.635629802942276,0.75,0.7856701940035273,0.8461538461538461,0.0,0.42555482046944754,0.46789861576897757,0.12773558284555162,0.20455302457724298,0.0,0.0,0.0,0.0,0.0,18473,global,0.0
3,4,lr1e-04_bs8_drop0p4_temp2p0_a0p25_b0p05__wd1e-04trmiss0_degmodglobal,8,0.0001,0.0001,0.4,2.0,0.25,0.05,lr1e-04_bs8_drop0p4_temp2p0_a0p25_b0p05__wd1e-04trmiss0_degmodglobal,63,0.5058951505592891,0.6361033618450165,0.7222222222222222,0.7765792849126183,0.8461538461538461,0.0,0.4505081389631544,0.4539995917252132,0.1604190245270729,0.23581615728991373,0.0,0.0,0.0,0.0,0.0,18473,global,0.0
3,4,lr1e-04_bs8_drop0p4_temp2p0_a0p25_b0p05__wd1e-04trmiss0_degmodglobal,8,0.0001,0.0001,0.4,2.0,0.25,0.05,lr1e-04_bs8_drop0p4_temp2p0_a0p25_b0p05__wd1e-04trmiss0_degmodglobal,64,0.5595202147960663,0.6353375613689423,0.7222222222222222,0.7765792849126183,0.8461538461538461,0.0,0.44534678970064434,0.511880487203598,0.1394083138023104,0.25575299667460577,0.0,0.0,0.0,0.0,0.0,18473,global,0.0
3,4,lr1e-04_bs8_drop0p4_temp2p0_a0p25_b0p05__wd1e-04trmiss0_degmodglobal,8,0.0001,0.0001,0.4,2.0,0.25,0.05,lr1e-04_bs8_drop0p4_temp2p0_a0p25_b0p05__wd1e-04trmiss0_degmodglobal,65,0.5673516052109855,0.6328780353069305,0.7222222222222222,0.7765792849126183,0.8461538461538461,0.0,0.39585030504635405,0.4991947369916098,0.19102770941598074,0.40799877260412487,0.0,0.0,0.0,0.0,0.0,18473,global,0.0
3,4,lr1e-04_bs8_drop0p4_temp2p0_a0p25_b0p05__wd1e-04trmiss0_degmodglobal,8,0.0001,0.0001,0.4,2.0,0.25,0.05,lr1e-04_bs8_drop0p4_temp2p0_a0p25_b0p05__wd1e-04trmiss0_degmodglobal,66,0.528848660843713,0.6345213949680328,0.7222222222222222,0.7765792849126183,0.8461538461538461,0.0,0.43694503392492023,0.4804962021963937,0.1469772064260074,0.2321632472532136,0.0,0.0,0.0,0.0,0.0,18473,global,0.0
3,4,lr1e-04_bs8_drop0p4_temp2p0_a0p25_b0p05__wd1e-04trmiss0_degmodglobal,8,0.0001,0.0001,0.4,2.0,0.25,0.05,lr1e-04_bs8_drop0p4_temp2p0_a0p25_b0p05__wd1e-04trmiss0_degmodglobal,67,0.5366667807102203,0.6318314969539642,0.7222222222222222,0.7765792849126183,0.8461538461538461,0.0,0.4391524919441768,0.4839589297771454,0.15559178910085134,0.27619795714105877,0.0,0.0,0.0,0.0,0.0,18473,global,0.0
3,4,lr1e-04_bs8_drop0p4_temp2p0_a0p25_b0p05__wd1e-04trmiss0_degmodglobal,8,0.0001,0.0001,0.4,2.0,0.25,0.05,lr1e-04_bs8_drop0p4_temp2p0_a0p25_b0p05__wd1e-04trmiss0_degmodglobal,68,0.5449221559933254,0.6309242844581604,0.7222222222222222,0.7765792849126183,0.8461538461538461,0.0,0.414817030940737,0.4881948488099234,0.16355110172714507,0.3167905355138438,0.0,0.0,0.0,0.0,0.0,18473,global,0.0
3,4,lr1e-04_bs8_drop0p4_temp2p0_a0p25_b0p05__wd1e-04trmiss0_degmodglobal,8,0.0001,0.0001,0.4,2.0,0.25,0.05,lr1e-04_bs8_drop0p4_temp2p0_a0p25_b0p05__wd1e-04trmiss0_degmodglobal,69,0.5502925089427403,0.6324156522750854,0.7222222222222222,0.7765792849126183,0.8461538461538461,0.0,0.41258562036923,0.49587057743753704,0.15529646511588777,0.311956276851041,0.0,0.0,0.0,0.0,0.0,18473,global,0.0
3,4,lr1e-04_bs8_drop0p4_temp2p0_a0p25_b0p05__wd1e-04trmiss0_degmodglobal,8,0.0001,0.0001,0.4,2.0,0.25,0.05,lr1e-04_bs8_drop0p4_temp2p0_a0p25_b0p05__wd1e-04trmiss0_degmodglobal,70,0.5377112456730434,0.6353169679641724,0.7222222222222222,0.7765792849126183,0.8461538461538461,0.0,0.408341395003455,0.4860230343682425,0.15103381446429662,0.27859479401792797,0.0,0.0,0.0,0.0,0.0,18473,global,0.0
3,4,lr1e-04_bs8_drop0p4_temp2p0_a0p25_b0p05__wd1e-04trmiss0_degmodglobal,8,0.0001,0.0001,0.4,2.0,0.25,0.05,lr1e-04_bs8_drop0p4_temp2p0_a0p25_b0p05__wd1e-04trmiss0_degmodglobal,71,0.5428257584571838,0.6366065442562103,0.7222222222222222,0.7765792849126183,0.7692307692307693,0.0,0.4217880495956966,0.4892434648105076,0.16074163040944509,0.2679374899183001,0.0,0.0,0.0,0.0,0.0,18473,global,0.0
3,4,lr1e-04_bs8_drop0p4_temp2p0_a0p25_b0p05__wd1e-04trmiss0_degmodglobal,8,0.0001,0.0001,0.4,2.0,0.25,0.05,lr1e-04_bs8_drop0p4_temp2p0_a0p25_b0p05__wd1e-04trmiss0_degmodglobal,72,0.5400234460830688,0.634610652923584,0.75,0.7856701940035273,0.8461538461538461,0.0,0.4210194434438433,0.49317755017961773,0.14014323587928498,0.23620181211403438,0.0,0.0,0.0,0.0,0.0,18473,global,0.0
3,4,lr1e-04_bs8_drop0p4_temp2p0_a0p25_b0p05__wd1e-04trmiss0_degmodglobal,8,0.0001,0.0001,0.4,2.0,0.25,0.05,lr1e-04_bs8_drop0p4_temp2p0_a0p25_b0p05__wd1e-04trmiss0_degmodglobal,73,0.5293316628251757,0.6333709061145782,0.7222222222222222,0.7765792849126183,0.8461538461538461,0.0,0.41893030064446585,0.46125503948756624,0.20798463693686894,0.321609228849411,0.0,0.0,0.0,0.0,0.0,18473,global,0.0
3,4,lr1e-04_bs8_drop0p4_temp2p0_a0p25_b0p05__wd1e-04trmiss0_degmodglobal,8,0.0001,0.0001,0.4,2.0,0.25,0.05,lr1e-04_bs8_drop0p4_temp2p0_a0p25_b0p05__wd1e-04trmiss0_degmodglobal,74,0.5493130811623165,0.63588547706604,0.7222222222222222,0.7765792849126183,0.8461538461538461,0.0,0.38085736547197613,0.4746466108730861,0.21903687396219798,0.398145039166723,0.0,0.0,0.0,0.0,0.0,18473,global,0.0
3,4,lr1e-04_bs8_drop0p4_temp2p0_a0p25_b0p05__wd1e-04trmiss0_degmodglobal,8,0.0001,0.0001,0.4,2.0,0.25,0.05,lr1e-04_bs8_drop0p4_temp2p0_a0p25_b0p05__wd1e-04trmiss0_degmodglobal,75,0.5345724267618996,0.6375404000282288,0.7222222222222222,0.7765792849126183,0.7692307692307693,0.0,0.39389283316476004,0.4813411406108311,0.164029595042978,0.2444778893675123,0.0,0.0,0.0,0.0,0.0,18473,global,0.0
3,4,lr1e-04_bs8_drop0p4_temp2p0_a0p25_b0p05__wd1e-04trmiss0_degmodglobal,8,0.0001,0.0001,0.4,2.0,0.25,0.05,lr1e-04_bs8_drop0p4_temp2p0_a0p25_b0p05__wd1e-04trmiss0_degmodglobal,76,0.5378483022962298,0.6377162039279938,0.7222222222222222,0.7765792849126183,0.8461538461538461,0.0,0.423623297895704,0.4982015831129892,0.11685659097773689,0.20865154692104884,0.0,0.0,0.0,0.0,0.0,18473,global,0.0
3,4,lr1e-04_bs8_drop0p4_temp2p0_a0p25_b0p05__wd1e-04trmiss0_degmodglobal,8,0.0001,0.0001,0.4,2.0,0.25,0.05,lr1e-04_bs8_drop0p4_temp2p0_a0p25_b0p05__wd1e-04trmiss0_degmodglobal,77,0.5597628695624215,0.6371389925479889,0.75,0.7856701940035273,0.7692307692307693,0.0,0.43161243200302124,0.5087613846574511,0.15281831366675241,0.2559379796896662,0.0,0.0,0.0,0.0,0.0,18473,global,0.0
3,4,lr1e-04_bs8_drop0p4_temp2p0_a0p25_b0p05__wd1e-04trmiss0_degmodglobal,8,0.0001,0.0001,0.4,2.0,0.25,0.05,lr1e-04_bs8_drop0p4_temp2p0_a0p25_b0p05__wd1e-04trmiss0_degmodglobal,78,0.5559706815651485,0.6375267207622528,0.75,0.7856701940035273,0.8461538461538461,0.0,0.4062446781567165,0.487626599414008,0.2048835860831397,0.34246392867394854,0.0,0.0,0.0,0.0,0.0,18473,global,0.0
3,4,lr1e-04_bs8_drop0p4_temp2p0_a0p25_b0p05__wd1e-04trmiss0_degmodglobal,8,0.0001,0.0001,0.4,2.0,0.25,0.05,lr1e-04_bs8_drop0p4_temp2p0_a0p25_b0p05__wd1e-04trmiss0_degmodglobal,79,0.5455278158187866,0.6372409462928772,0.7222222222222222,0.7765792849126183,0.7692307692307693,0.0,0.383357184273856,0.4857220820018223,0.17377059161663055,0.3272617054837091,0.0,0.0,0.0,0.0,0.0,18473,global,0.0
3,4,lr1e-04_bs8_drop0p4_temp2p0_a0p25_b0p05__wd1e-04trmiss0_degmodglobal,8,0.0001,0.0001,0.4,2.0,0.25,0.05,lr1e-04_bs8_drop0p4_temp2p0_a0p25_b0p05__wd1e-04trmiss0_degmodglobal,80,0.5532102797712598,0.6372067332267761,0.7222222222222222,0.7765792849126183,0.8461538461538461,0.0,0.40787573371614727,0.47085639408656527,0.24786159502608435,0.4077697790094784,0.0,0.0,0.0,0.0,0.0,18473,global,0.0
3,4,lr5e-05_bs8_drop0p2_temp1p0_a0p25_b0p05__wd1e-04trmiss0_degmodglobal,8,5e-05,0.0001,0.2,1.0,0.25,0.05,lr5e-05_bs8_drop0p2_temp1p0_a0p25_b0p05__wd1e-04trmiss0_degmodglobal,1,0.67926744052342,0.626272588968277,0.9166666666666666,0.9626543209876546,0.7692307692307693,0.0,0.6866804361343384,0.6644231506756374,0.03993581395064082,0.09720668303115028,0.0,0.0,0.0,0.0,0.0,18473,global,0.0
3,4,lr5e-05_bs8_drop0p2_temp1p0_a0p25_b0p05__wd1e-04trmiss0_degmodglobal,8,5e-05,0.0001,0.2,1.0,0.25,0.05,lr5e-05_bs8_drop0p2_temp1p0_a0p25_b0p05__wd1e-04trmiss0_degmodglobal,2,0.6811734182494027,0.6116036772727966,0.8333333333333333,0.9191718775052109,0.8461538461538461,0.0,0.6676329544612339,0.666651725769043,0.040403057421956746,0.08841841561453682,0.0,0.0,0.0,0.0,0.0,18473,global,0.0
3,4,lr5e-05_bs8_drop0p2_temp1p0_a0p25_b0p05__wd1e-04trmiss0_degmodglobal,8,5e-05,0.0001,0.2,1.0,0.25,0.05,lr5e-05_bs8_drop0p2_temp1p0_a0p25_b0p05__wd1e-04trmiss0_degmodglobal,3,0.6334631783621651,0.6116754710674286,0.8055555555555556,0.9115961199294533,0.7692307692307693,0.0,0.6582722578729902,0.6217241287231445,0.030336884249533926,0.08309684161628995,0.0,0.0,0.0,0.0,0.0,18473,global,0.0
3,4,lr5e-05_bs8_drop0p2_temp1p0_a0p25_b0p05__wd1e-04trmiss0_degmodglobal,8,5e-05,0.0001,0.2,1.0,0.25,0.05,lr5e-05_bs8_drop0p2_temp1p0_a0p25_b0p05__wd1e-04trmiss0_degmodglobal,4,0.6446230922426496,0.6103113293647766,0.8055555555555556,0.9115961199294533,0.7692307692307693,0.0,0.6706958157675607,0.6319290144102914,0.034018800993050845,0.08378764680985894,0.0,0.0,0.0,0.0,0.0,18473,global,0.0
3,4,lr5e-05_bs8_drop0p2_temp1p0_a0p25_b0p05__wd1e-04trmiss0_degmodglobal,8,5e-05,0.0001,0.2,1.0,0.25,0.05,lr5e-05_bs8_drop0p2_temp1p0_a0p25_b0p05__wd1e-04trmiss0_degmodglobal,5,0.6062149746077401,0.6151902675628662,0.8055555555555556,0.8969496552829888,0.8461538461538461,0.0,0.6501080819538662,0.5937386580875942,0.035009728744626045,0.07447741872497968,0.0,0.0,0.0,0.0,0.0,18473,global,0.0
3,4,lr5e-05_bs8_drop0p2_temp1p0_a0p25_b0p05__wd1e-04trmiss0_degmodglobal,8,5e-05,0.0001,0.2,1.0,0.25,0.05,lr5e-05_bs8_drop0p2_temp1p0_a0p25_b0p05__wd1e-04trmiss0_degmodglobal,6,0.6143103667667934,0.6209320425987244,0.7777777777777778,0.8691718775052109,0.8461538461538461,0.0,0.6419328110558646,0.6011438625199454,0.03572674574596541,0.08469602359192711,0.0,0.0,0.0,0.0,0.0,18473,global,0.0
3,4,lr5e-05_bs8_drop0p2_temp1p0_a0p25_b0p05__wd1e-04trmiss0_degmodglobal,8,5e-05,0.0001,0.2,1.0,0.25,0.05,lr5e-05_bs8_drop0p2_temp1p0_a0p25_b0p05__wd1e-04trmiss0_degmodglobal,7,0.5835134046418327,0.6231194138526917,0.75,0.8615961199294533,0.8461538461538461,0.0,0.6256582311221531,0.5687549965722221,0.04037335993988173,0.09330125685249056,0.0,0.0,0.0,0.0,0.0,18473,global,0.0
3,4,lr5e-05_bs8_drop0p2_temp1p0_a0p25_b0p05__wd1e-04trmiss0_degmodglobal,8,5e-05,0.0001,0.2,1.0,0.25,0.05,lr5e-05_bs8_drop0p2_temp1p0_a0p25_b0p05__wd1e-04trmiss0_degmodglobal,8,0.5885382720402309,0.634289413690567,0.7222222222222222,0.8245590828924163,0.8461538461538461,0.0,0.6304549489702497,0.5733303512845721,0.037940334262592454,0.11445686859743935,0.0,0.0,0.0,0.0,0.0,18473,global,0.0
3,4,lr5e-05_bs8_drop0p2_temp1p0_a0p25_b0p05__wd1e-04trmiss0_degmodglobal,8,5e-05,0.0001,0.2,1.0,0.25,0.05,lr5e-05_bs8_drop0p2_temp1p0_a0p25_b0p05__wd1e-04trmiss0_degmodglobal,9,0.581977197102138,0.6397077441215515,0.6944444444444444,0.7690035273368607,0.8461538461538461,0.0,0.6020741888454982,0.5720626200948443,0.028932897374033928,0.053626961108031015,0.0,0.0,0.0,0.0,0.0,18473,global,0.0
3,4,lr5e-05_bs8_drop0p2_temp1p0_a0p25_b0p05__wd1e-04trmiss0_degmodglobal,8,5e-05,0.0001,0.2,1.0,0.25,0.05,lr5e-05_bs8_drop0p2_temp1p0_a0p25_b0p05__wd1e-04trmiss0_degmodglobal,10,0.5849860310554504,0.6383315622806549,0.6944444444444444,0.7690035273368607,0.7692307692307693,0.0,0.6170767290251595,0.5714592167309352,0.03629676146166665,0.08905280221785818,0.0,0.0,0.0,0.0,0.0,18473,global,0.0
3,4,lr5e-05_bs8_drop0p2_temp1p0_a0p25_b0p05__wd1e-04trmiss0_degmodglobal,8,5e-05,0.0001,0.2,1.0,0.25,0.05,lr5e-05_bs8_drop0p2_temp1p0_a0p25_b0p05__wd1e-04trmiss0_degmodglobal,11,0.5908322334289551,0.6546786725521088,0.7222222222222222,0.7765792849126183,0.7692307692307693,0.0,0.6212180001395089,0.5786536080496651,0.03332223716591086,0.07696098621402468,0.0,0.0,0.0,0.0,0.0,18473,global,0.0
3,4,lr5e-05_bs8_drop0p2_temp1p0_a0p25_b0p05__wd1e-04trmiss0_degmodglobal,8,5e-05,0.0001,0.2,1.0,0.25,0.05,lr5e-05_bs8_drop0p2_temp1p0_a0p25_b0p05__wd1e-04trmiss0_degmodglobal,12,0.5768775684492928,0.6473661065101624,0.7222222222222222,0.7765792849126183,0.7692307692307693,0.0,0.589576814855848,0.5636909859521049,0.036222449370792935,0.0826194847800902,0.0,0.0,0.0,0.0,0.0,18473,global,0.0
3,4,lr5e-05_bs8_drop0p2_temp1p0_a0p25_b0p05__wd1e-04trmiss0_degmodglobal,8,5e-05,0.0001,0.2,1.0,0.25,0.05,lr5e-05_bs8_drop0p2_temp1p0_a0p25_b0p05__wd1e-04trmiss0_degmodglobal,13,0.545741217476981,0.6408177316188812,0.75,0.7856701940035273,0.7692307692307693,0.0,0.6054362228938511,0.5281813059534345,0.04500352644494602,0.1261804492345878,0.0,0.0,0.0,0.0,0.0,18473,global,0.0
3,4,lr5e-05_bs8_drop0p2_temp1p0_a0p25_b0p05__wd1e-04trmiss0_degmodglobal,8,5e-05,0.0001,0.2,1.0,0.25,0.05,lr5e-05_bs8_drop0p2_temp1p0_a0p25_b0p05__wd1e-04trmiss0_degmodglobal,14,0.5639933262552533,0.6370849907398224,0.75,0.7856701940035273,0.8461538461538461,0.0,0.6009048819541931,0.549232976777213,0.03814125247299671,0.1045008482677596,0.0,0.0,0.0,0.0,0.0,18473,global,0.0
3,4,lr5e-05_bs8_drop0p2_temp1p0_a0p25_b0p05__wd1e-04trmiss0_degmodglobal,8,5e-05,0.0001,0.2,1.0,0.25,0.05,lr5e-05_bs8_drop0p2_temp1p0_a0p25_b0p05__wd1e-04trmiss0_degmodglobal,15,0.5730529597827366,0.6372939348220825,0.75,0.7856701940035273,0.7692307692307693,0.0,0.5937096646853856,0.5582144601004464,0.042880186544997353,0.08236922456749848,0.0,0.0,0.0,0.0,0.0,18473,global,0.0
3,4,lr5e-05_bs8_drop0p2_temp1p0_a0p25_b0p05__wd1e-04trmiss0_degmodglobal,8,5e-05,0.0001,0.2,1.0,0.25,0.05,lr5e-05_bs8_drop0p2_temp1p0_a0p25_b0p05__wd1e-04trmiss0_degmodglobal,16,0.5565251963479179,0.6402262449264526,0.75,0.7856701940035273,0.7692307692307693,0.0,0.5962051493780953,0.5406089084489005,0.04455469389046941,0.09555245244077273,0.0,0.0,0.0,0.0,0.0,18473,global,0.0
3,4,lr5e-05_bs8_drop0p2_temp1p0_a0p25_b0p05__wd1e-04trmiss0_degmodglobal,8,5e-05,0.0001,0.2,1.0,0.25,0.05,lr5e-05_bs8_drop0p2_temp1p0_a0p25_b0p05__wd1e-04trmiss0_degmodglobal,17,0.548382180077689,0.6387798190116882,0.75,0.7856701940035273,0.7692307692307693,0.0,0.5874895027705601,0.5300209309373584,0.04911378584802151,0.12165629118680954,0.0,0.0,0.0,0.0,0.0,18473,global,0.0
3,4,lr5e-05_bs8_drop0p2_temp1p0_a0p25_b0p05__wd1e-04trmiss0_degmodglobal,8,5e-05,0.0001,0.2,1.0,0.25,0.05,lr5e-05_bs8_drop0p2_temp1p0_a0p25_b0p05__wd1e-04trmiss0_degmodglobal,18,0.5566407356943402,0.6367299556732178,0.75,0.7856701940035273,0.7692307692307693,0.0,0.5957655140331813,0.539914105619703,0.044782024675181935,0.11062234746558326,0.0,0.0,0.0,0.0,0.0,18473,global,0.0
3,4,lr5e-05_bs8_drop0p2_temp1p0_a0p25_b0p05__wd1e-04trmiss0_degmodglobal,8,5e-05,0.0001,0.2,1.0,0.25,0.05,lr5e-05_bs8_drop0p2_temp1p0_a0p25_b0p05__wd1e-04trmiss0_degmodglobal,19,0.5421817856175559,0.632848858833313,0.75,0.7856701940035273,0.7692307692307693,0.0,0.5766260538782392,0.5264949628285,0.04356483795813152,0.09591216593980789,0.0,0.0,0.0,0.0,0.0,18473,global,0.0
3,4,lr5e-05_bs8_drop0p2_temp1p0_a0p25_b0p05__wd1e-04trmiss0_degmodglobal,8,5e-05,0.0001,0.2,1.0,0.25,0.05,lr5e-05_bs8_drop0p2_temp1p0_a0p25_b0p05__wd1e-04trmiss0_degmodglobal,20,0.5497430562973022,0.6313875913619995,0.75,0.7856701940035273,0.7692307692307693,0.0,0.5809313484600612,0.5316503133092608,0.050848032746996195,0.10761459703956332,0.0,0.0,0.0,0.0,0.0,18473,global,0.0
3,4,lr5e-05_bs8_drop0p2_temp1p0_a0p25_b0p05__wd1e-04trmiss0_degmodglobal,8,5e-05,0.0001,0.2,1.0,0.25,0.05,lr5e-05_bs8_drop0p2_temp1p0_a0p25_b0p05__wd1e-04trmiss0_degmodglobal,21,0.5576411655970982,0.630296915769577,0.75,0.7856701940035273,0.7692307692307693,0.0,0.5711213094847543,0.5412977124963488,0.04309631511569023,0.11138754657336644,0.0,0.0,0.0,0.0,0.0,18473,global,0.0
3,4,lr5e-05_bs8_drop0p2_temp1p0_a0p25_b0p05__wd1e-04trmiss0_degmodglobal,8,5e-05,0.0001,0.2,1.0,0.25,0.05,lr5e-05_bs8_drop0p2_temp1p0_a0p25_b0p05__wd1e-04trmiss0_degmodglobal,22,0.5480560745511737,0.6330656111240387,0.75,0.7856701940035273,0.7692307692307693,0.0,0.5758237668446132,0.5318880251475743,0.04606099107435772,0.09305617638996669,0.0,0.0,0.0,0.0,0.0,18473,global,0.0
3,4,lr5e-05_bs8_drop0p2_temp1p0_a0p25_b0p05__wd1e-04trmiss0_degmodglobal,8,5e-05,0.0001,0.2,1.0,0.25,0.05,lr5e-05_bs8_drop0p2_temp1p0_a0p25_b0p05__wd1e-04trmiss0_degmodglobal,23,0.5391883509499686,0.6371887624263763,0.75,0.7856701940035273,0.7692307692307693,0.0,0.5689324821744647,0.5246040054730007,0.040861550718545914,0.08737920543977193,0.0,0.0,0.0,0.0,0.0,18473,global,0.0
3,4,lr5e-05_bs8_drop0p2_temp1p0_a0p25_b0p05__wd1e-04trmiss0_degmodglobal,8,5e-05,0.0001,0.2,1.0,0.25,0.05,lr5e-05_bs8_drop0p2_temp1p0_a0p25_b0p05__wd1e-04trmiss0_degmodglobal,24,0.5290672055312565,0.6371318399906158,0.75,0.7856701940035273,0.7692307692307693,0.0,0.5473603776523045,0.5115474505083901,0.05066605816994395,0.09706468933394977,0.0,0.0,0.0,0.0,0.0,18473,global,0.0
3,4,lr5e-05_bs8_drop0p2_temp1p0_a0p25_b0p05__wd1e-04trmiss0_degmodglobal,8,5e-05,0.0001,0.2,1.0,0.25,0.05,lr5e-05_bs8_drop0p2_temp1p0_a0p25_b0p05__wd1e-04trmiss0_degmodglobal,25,0.5324456436293465,0.6331769824028015,0.75,0.7856701940035273,0.7692307692307693,0.0,0.5599305033683777,0.5170209663254874,0.042867902134146006,0.09415417909622192,0.0,0.0,0.0,0.0,0.0,18473,global,0.0
3,4,lr5e-05_bs8_drop0p2_temp2p0_a0p25_b0p05__wd1e-04trmiss0_degmodglobal,8,5e-05,0.0001,0.2,2.0,0.25,0.05,lr5e-05_bs8_drop0p2_temp2p0_a0p25_b0p05__wd1e-04trmiss0_degmodglobal,1,0.7552976182528904,0.6993140578269958,0.41666666666666663,0.7723215056548391,0.46153846153846156,0.0,0.6723854882376534,0.7336495348385402,0.047045753470488956,0.19773259333201818,0.0,0.0,0.0,0.0,0.0,18473,global,0.0
3,4,lr5e-05_bs8_drop0p2_temp2p0_a0p25_b0p05__wd1e-04trmiss0_degmodglobal,8,5e-05,0.0001,0.2,2.0,0.25,0.05,lr5e-05_bs8_drop0p2_temp2p0_a0p25_b0p05__wd1e-04trmiss0_degmodglobal,2,0.7235745872770037,0.7051364779472351,0.3333333333333333,0.7130622463955798,0.38461538461538464,0.0,0.655962986605508,0.7033042992864337,0.043078010635716577,0.19001564596380507,0.0,0.0,0.0,0.0,0.0,18473,global,0.0
3,4,lr5e-05_bs8_drop0p2_temp2p0_a0p25_b0p05__wd1e-04trmiss0_degmodglobal,8,5e-05,0.0001,0.2,2.0,0.25,0.05,lr5e-05_bs8_drop0p2_temp2p0_a0p25_b0p05__wd1e-04trmiss0_degmodglobal,3,0.7288847735949925,0.7131162881851196,0.33333333333333337,0.7191469024802357,0.38461538461538464,0.0,0.6269022737230573,0.7059656637055534,0.047133355268410275,0.22271536503519332,0.0,0.0,0.0,0.0,0.0,18473,global,0.0
3,4,lr5e-05_bs8_drop0p2_temp2p0_a0p25_b0p05__wd1e-04trmiss0_degmodglobal,8,5e-05,0.0001,0.2,2.0,0.25,0.05,lr5e-05_bs8_drop0p2_temp2p0_a0p25_b0p05__wd1e-04trmiss0_degmodglobal,4,0.7135569878986904,0.7159359455108643,0.25,0.6834326167659501,0.3076923076923077,0.0,0.6471420526504517,0.6933350137301854,0.04377164265939167,0.18558103059019362,0.0,0.0,0.0,0.0,0.0,18473,global,0.0
3,4,lr5e-05_bs8_drop0p2_temp2p0_a0p25_b0p05__wd1e-04trmiss0_degmodglobal,8,5e-05,0.0001,0.2,2.0,0.25,0.05,lr5e-05_bs8_drop0p2_temp2p0_a0p25_b0p05__wd1e-04trmiss0_degmodglobal,5,0.6829940846988133,0.7178444564342499,0.3055555555555556,0.6990851740851742,0.3076923076923077,0.0,0.6031873992511204,0.664548533303397,0.04274719873709338,0.1551748099071639,0.0,0.0,0.0,0.0,0.0,18473,global,0.0
3,4,lr5e-05_bs8_drop0p2_temp2p0_a0p25_b0p05__wd1e-04trmiss0_degmodglobal,8,5e-05,0.0001,0.2,2.0,0.25,0.05,lr5e-05_bs8_drop0p2_temp2p0_a0p25_b0p05__wd1e-04trmiss0_degmodglobal,6,0.6500313537461417,0.7267284393310547,0.2777777777777778,0.691369124702458,0.23076923076923078,0.0,0.6130953090531486,0.6288072126252311,0.04907434939273766,0.17911108051027572,0.0,0.0,0.0,0.0,0.0,18473,global,0.0
3,4,lr5e-05_bs8_drop0p2_temp2p0_a0p25_b0p05__wd1e-04trmiss0_degmodglobal,8,5e-05,0.0001,0.2,2.0,0.25,0.05,lr5e-05_bs8_drop0p2_temp2p0_a0p25_b0p05__wd1e-04trmiss0_degmodglobal,7,0.6834252306393215,0.7281201183795929,0.2777777777777778,0.691369124702458,0.23076923076923078,0.0,0.6071993027414594,0.6632722871644157,0.04496841984135764,0.17821692781788961,0.0,0.0,0.0,0.0,0.0,18473,global,0.0
3,4,lr5e-05_bs8_drop0p2_temp2p0_a0p25_b0p05__wd1e-04trmiss0_degmodglobal,8,5e-05,0.0001,0.2,2.0,0.25,0.05,lr5e-05_bs8_drop0p2_temp2p0_a0p25_b0p05__wd1e-04trmiss0_degmodglobal,8,0.6785734466144017,0.7224165797233582,0.2777777777777778,0.691369124702458,0.3076923076923077,0.0,0.5821446265493121,0.65319105557033,0.052509915615831106,0.24509797351700918,0.0,0.0,0.0,0.0,0.0,18473,global,0.0
3,4,lr5e-05_bs8_drop0p2_temp2p0_a0p25_b0p05__wd1e-04trmiss0_degmodglobal,8,5e-05,0.0001,0.2,2.0,0.25,0.05,lr5e-05_bs8_drop0p2_temp2p0_a0p25_b0p05__wd1e-04trmiss0_degmodglobal,9,0.6568744097437177,0.7190718054771423,0.36111111111111116,0.7268629518629519,0.3076923076923077,0.0,0.5991882000650678,0.6342390349933079,0.04904308382953916,0.20749218123299734,0.0,0.0,0.0,0.0,0.0,18473,global,0.0
3,4,lr5e-05_bs8_drop0p2_temp2p0_a0p25_b0p05__wd1e-04trmiss0_degmodglobal,8,5e-05,0.0001,0.2,2.0,0.25,0.05,lr5e-05_bs8_drop0p2_temp2p0_a0p25_b0p05__wd1e-04trmiss0_degmodglobal,10,0.6612182174410138,0.7168069183826447,0.36111111111111116,0.7268629518629519,0.38461538461538464,0.0,0.5793778640883309,0.6391190460750035,0.04996240857456412,0.1921715321285384,0.0,0.0,0.0,0.0,0.0,18473,global,0.0
3,4,lr5e-05_bs8_drop0p2_temp2p0_a0p25_b0p05__wd1e-04trmiss0_degmodglobal,8,5e-05,0.0001,0.2,2.0,0.25,0.05,lr5e-05_bs8_drop0p2_temp2p0_a0p25_b0p05__wd1e-04trmiss0_degmodglobal,11,0.6763826353209359,0.7153126001358032,0.41666666666666663,0.7473655973655975,0.38461538461538464,0.0,0.5906246134213039,0.6553284355572292,0.0443300897521632,0.19943344167300633,0.0,0.0,0.0,0.0,0.0,18473,global,0.0
3,4,lr5e-05_bs8_drop0p2_temp2p0_a0p25_b0p05__wd1e-04trmiss0_degmodglobal,8,5e-05,0.0001,0.2,2.0,0.25,0.05,lr5e-05_bs8_drop0p2_temp2p0_a0p25_b0p05__wd1e-04trmiss0_degmodglobal,12,0.6648145573479789,0.7164919376373291,0.41666666666666663,0.7473655973655975,0.46153846153846156,0.0,0.5680776408740452,0.6403668011937823,0.05426850914955139,0.2176128157547542,0.0,0.0,0.0,0.0,0.0,18473,global,0.0
3,4,lr5e-05_bs8_drop0p2_temp2p0_a0p25_b0p05__wd1e-04trmiss0_degmodglobal,8,5e-05,0.0001,0.2,2.0,0.25,0.05,lr5e-05_bs8_drop0p2_temp2p0_a0p25_b0p05__wd1e-04trmiss0_degmodglobal,13,0.6746021849768502,0.7172635495662689,0.4444444444444444,0.7621804121804123,0.46153846153846156,0.0,0.5820527928216117,0.6555901765823364,0.042660507772650035,0.16693782806396484,0.0,0.0,0.0,0.0,0.0,18473,global,0.0
3,4,lr5e-05_bs8_drop0p2_temp2p0_a0p25_b0p05__wd1e-04trmiss0_degmodglobal,8,5e-05,0.0001,0.2,2.0,0.25,0.05,lr5e-05_bs8_drop0p2_temp2p0_a0p25_b0p05__wd1e-04trmiss0_degmodglobal,14,0.6525853616850716,0.7180205881595612,0.41666666666666663,0.7473655973655975,0.46153846153846156,0.0,0.5554916262626648,0.6295217105320522,0.047304953315428326,0.22474817080157145,0.0,0.0,0.0,0.0,0.0,18473,global,0.0
3,4,lr5e-05_bs8_drop0p2_temp2p0_a0p25_b0p05__wd1e-04trmiss0_degmodglobal,8,5e-05,0.0001,0.2,2.0,0.25,0.05,lr5e-05_bs8_drop0p2_temp2p0_a0p25_b0p05__wd1e-04trmiss0_degmodglobal,15,0.6539996181215558,0.7204868197441101,0.41666666666666663,0.7473655973655975,0.38461538461538464,0.0,0.5874939560890198,0.6347521884100777,0.0416824785726411,0.1765360544834818,0.0,0.0,0.0,0.0,0.0,18473,global,0.0
3,4,lr5e-05_bs8_drop0p2_temp2p0_a0p25_b0p05__wd1e-04trmiss0_degmodglobal,8,5e-05,0.0001,0.2,2.0,0.25,0.05,lr5e-05_bs8_drop0p2_temp2p0_a0p25_b0p05__wd1e-04trmiss0_degmodglobal,16,0.6319643940244403,0.7225447595119476,0.41666666666666663,0.7473655973655975,0.38461538461538464,0.0,0.557928340775626,0.6063179544040135,0.05384421667882374,0.2437080293893814,0.0,0.0,0.0,0.0,0.0,18473,global,0.0
3,4,lr5e-05_bs8_drop0p2_temp2p0_a0p25_b0p05__wd1e-04trmiss0_degmodglobal,8,5e-05,0.0001,0.2,2.0,0.25,0.05,lr5e-05_bs8_drop0p2_temp2p0_a0p25_b0p05__wd1e-04trmiss0_degmodglobal,17,0.6376962917191642,0.7196210324764252,0.41666666666666663,0.7473655973655975,0.38461538461538464,0.0,0.5665969167436872,0.6170827320643834,0.043234490124242644,0.1960987001657486,0.0,0.0,0.0,0.0,0.0,18473,global,0.0
3,4,lr5e-05_bs8_drop0p2_temp2p0_a0p25_b0p05__wd1e-04trmiss0_degmodglobal,8,5e-05,0.0001,0.2,2.0,0.25,0.05,lr5e-05_bs8_drop0p2_temp2p0_a0p25_b0p05__wd1e-04trmiss0_degmodglobal,18,0.6540665796824864,0.7187205851078033,0.41666666666666663,0.7473655973655975,0.46153846153846156,0.0,0.5607319133622306,0.6310937404632568,0.04983947638954435,0.210259382213865,0.0,0.0,0.0,0.0,0.0,18473,global,0.0
3,4,lr5e-05_bs8_drop0p2_temp2p0_a0p25_b0p05__wd1e-04trmiss0_degmodglobal,8,5e-05,0.0001,0.2,2.0,0.25,0.05,lr5e-05_bs8_drop0p2_temp2p0_a0p25_b0p05__wd1e-04trmiss0_degmodglobal,19,0.6155106936182294,0.7191122174263,0.41666666666666663,0.7473655973655975,0.38461538461538464,0.0,0.5714173231806073,0.5955848608698163,0.045871833605425696,0.1691575731549944,0.0,0.0,0.0,0.0,0.0,18473,global,0.0
3,4,lr5e-05_bs8_drop0p2_temp2p0_a0p25_b0p05__wd1e-04trmiss0_degmodglobal,8,5e-05,0.0001,0.2,2.0,0.25,0.05,lr5e-05_bs8_drop0p2_temp2p0_a0p25_b0p05__wd1e-04trmiss0_degmodglobal,20,0.6048936588423592,0.717082679271698,0.41666666666666663,0.7473655973655975,0.38461538461538464,0.0,0.5419877597263881,0.5846317665917533,0.045050673985055516,0.17998457753232547,0.0,0.0,0.0,0.0,0.0,18473,global,0.0
3,4,lr5e-05_bs8_drop0p2_temp2p0_a0p25_b0p05__wd1e-04trmiss0_degmodglobal,8,5e-05,0.0001,0.2,2.0,0.25,0.05,lr5e-05_bs8_drop0p2_temp2p0_a0p25_b0p05__wd1e-04trmiss0_degmodglobal,21,0.6132758600371224,0.7147837281227112,0.41666666666666663,0.7473655973655975,0.5384615384615384,0.0,0.5579037070274353,0.5911485552787781,0.046516972460917065,0.20996161656720297,0.0,0.0,0.0,0.0,0.0,18473,global,0.0
3,4,lr5e-05_bs8_drop0p2_temp2p0_a0p25_b0p05__wd1e-04trmiss0_degmodglobal,8,5e-05,0.0001,0.2,2.0,0.25,0.05,lr5e-05_bs8_drop0p2_temp2p0_a0p25_b0p05__wd1e-04trmiss0_degmodglobal,22,0.6487199068069458,0.7154856026172638,0.5,0.7766585266585269,0.5384615384615384,0.0,0.5313025627817426,0.6244928581374032,0.050531133211084774,0.2318855013166155,0.0,0.0,0.0,0.0,0.0,18473,global,0.0
3,4,lr5e-05_bs8_drop0p2_temp2p0_a0p25_b0p05__wd1e-04trmiss0_degmodglobal,8,5e-05,0.0001,0.2,2.0,0.25,0.05,lr5e-05_bs8_drop0p2_temp2p0_a0p25_b0p05__wd1e-04trmiss0_degmodglobal,23,0.6605959619794574,0.7177505195140839,0.4722222222222222,0.761843711843712,0.46153846153846156,0.0,0.5809960791042873,0.6327477949006217,0.0594156381807157,0.25988516424383434,0.0,0.0,0.0,0.0,0.0,18473,global,0.0
3,4,lr5e-05_bs8_drop0p2_temp2p0_a0p25_b0p05__wd1e-04trmiss0_degmodglobal,8,5e-05,0.0001,0.2,2.0,0.25,0.05,lr5e-05_bs8_drop0p2_temp2p0_a0p25_b0p05__wd1e-04trmiss0_degmodglobal,24,0.6390427350997925,0.7173964083194733,0.4722222222222222,0.761843711843712,0.46153846153846156,0.0,0.5539327689579555,0.6192401903016227,0.04418223670550755,0.17513981674398696,0.0,0.0,0.0,0.0,0.0,18473,global,0.0
3,4,lr5e-05_bs8_drop0p2_temp2p0_a0p25_b0p05__wd1e-04trmiss0_degmodglobal,8,5e-05,0.0001,0.2,2.0,0.25,0.05,lr5e-05_bs8_drop0p2_temp2p0_a0p25_b0p05__wd1e-04trmiss0_degmodglobal,25,0.6432879141398838,0.7192389965057373,0.4722222222222222,0.761843711843712,0.38461538461538464,0.0,0.5395546555519104,0.613770604133606,0.0681050249508449,0.24982139042445592,0.0,0.0,0.0,0.0,0.0,18473,global,0.0
3,4,lr5e-05_bs8_drop0p2_temp2p0_a0p25_b0p05__wd1e-04trmiss0_degmodglobal,8,5e-05,0.0001,0.2,2.0,0.25,0.05,lr5e-05_bs8_drop0p2_temp2p0_a0p25_b0p05__wd1e-04trmiss0_degmodglobal,26,0.6094851238386971,0.7171604633331299,0.4722222222222222,0.761843711843712,0.38461538461538464,0.0,0.5390905269554683,0.5825211235455104,0.05837178762469973,0.2474207537514823,0.0,0.0,0.0,0.0,0.0,18473,global,0.0
3,4,lr5e-05_bs8_drop0p2_temp2p0_a0p25_b0p05__wd1e-04trmiss0_degmodglobal,8,5e-05,0.0001,0.2,2.0,0.25,0.05,lr5e-05_bs8_drop0p2_temp2p0_a0p25_b0p05__wd1e-04trmiss0_degmodglobal,27,0.6253243173871722,0.7157885730266571,0.4722222222222222,0.761843711843712,0.38461538461538464,0.0,0.541525491646358,0.6025102990014213,0.04855266639164516,0.21351706768785203,0.0,0.0,0.0,0.0,0.0,18473,global,0.0
3,4,lr5e-05_bs8_drop0p2_temp2p0_a0p25_b0p05__wd1e-04trmiss0_degmodglobal,8,5e-05,0.0001,0.2,2.0,0.25,0.05,lr5e-05_bs8_drop0p2_temp2p0_a0p25_b0p05__wd1e-04trmiss0_degmodglobal,28,0.6332930411611285,0.7164573967456818,0.4722222222222222,0.761843711843712,0.38461538461538464,0.0,0.536382679428373,0.6101959347724915,0.050918384322098324,0.20735024554388864,0.0,0.0,0.0,0.0,0.0,18473,global,0.0
3,4,lr5e-05_bs8_drop0p2_temp2p0_a0p25_b0p05__wd1e-04trmiss0_degmodglobal,8,5e-05,0.0001,0.2,2.0,0.25,0.05,lr5e-05_bs8_drop0p2_temp2p0_a0p25_b0p05__wd1e-04trmiss0_degmodglobal,29,0.6392210721969604,0.7160414457321167,0.4722222222222222,0.761843711843712,0.38461538461538464,0.0,0.5442418881825039,0.6119104368346078,0.06088425564978804,0.24179197528532573,0.0,0.0,0.0,0.0,0.0,18473,global,0.0
3,4,lr5e-05_bs8_drop0p2_temp2p0_a0p25_b0p05__wd1e-04trmiss0_degmodglobal,8,5e-05,0.0001,0.2,2.0,0.25,0.05,lr5e-05_bs8_drop0p2_temp2p0_a0p25_b0p05__wd1e-04trmiss0_degmodglobal,30,0.6440509472574506,0.716612845659256,0.5,0.7766585266585269,0.46153846153846156,0.0,0.5393562231745038,0.6187137195042202,0.05641406827739307,0.2246742056948798,0.0,0.0,0.0,0.0,0.0,18473,global,0.0
3,4,lr5e-05_bs8_drop0p2_temp2p0_a0p25_b0p05__wd1e-04trmiss0_degmodglobal,8,5e-05,0.0001,0.2,2.0,0.25,0.05,lr5e-05_bs8_drop0p2_temp2p0_a0p25_b0p05__wd1e-04trmiss0_degmodglobal,31,0.6017535669463021,0.7152993381023407,0.5,0.7766585266585269,0.46153846153846156,0.0,0.5290684274264744,0.576622988496508,0.0546716425035681,0.22925312391349248,0.0,0.0,0.0,0.0,0.0,18473,global,0.0
3,4,lr5e-05_bs8_drop0p2_temp2p0_a0p25_b0p05__wd1e-04trmiss0_degmodglobal,8,5e-05,0.0001,0.2,2.0,0.25,0.05,lr5e-05_bs8_drop0p2_temp2p0_a0p25_b0p05__wd1e-04trmiss0_degmodglobal,32,0.6224659170423236,0.7158437073230743,0.4722222222222222,0.761843711843712,0.46153846153846156,0.0,0.522947405065809,0.5917784827096122,0.06600258446165494,0.28373576062066214,0.0,0.0,0.0,0.0,0.0,18473,global,0.0
3,4,lr5e-05_bs8_drop0p2_temp2p0_a0p25_b0p05__wd1e-04trmiss0_degmodglobal,8,5e-05,0.0001,0.2,2.0,0.25,0.05,lr5e-05_bs8_drop0p2_temp2p0_a0p25_b0p05__wd1e-04trmiss0_degmodglobal,33,0.6288631813866752,0.7143581807613373,0.5,0.7766585266585269,0.46153846153846156,0.0,0.5437367601054055,0.605402444090162,0.05338917566197259,0.20226893041815078,0.0,0.0,0.0,0.0,0.0,18473,global,0.0
3,4,lr5e-05_bs8_drop0p2_temp2p0_a0p25_b0p05__wd1e-04trmiss0_degmodglobal,8,5e-05,0.0001,0.2,2.0,0.25,0.05,lr5e-05_bs8_drop0p2_temp2p0_a0p25_b0p05__wd1e-04trmiss0_degmodglobal,34,0.6345475656645638,0.714025229215622,0.4722222222222222,0.761843711843712,0.38461538461538464,0.0,0.5405788421630859,0.603473322732108,0.0677447398858411,0.2827611714601517,0.0,0.0,0.0,0.0,0.0,18473,global,0.0
3,4,lr5e-05_bs8_drop0p2_temp2p0_a0p25_b0p05__wd1e-04trmiss0_degmodglobal,8,5e-05,0.0001,0.2,2.0,0.25,0.05,lr5e-05_bs8_drop0p2_temp2p0_a0p25_b0p05__wd1e-04trmiss0_degmodglobal,35,0.6254789233207703,0.7165820896625519,0.4722222222222222,0.761843711843712,0.38461538461538464,0.0,0.52644396679742,0.5981185138225555,0.06067759384002004,0.24382048845291138,0.0,0.0,0.0,0.0,0.0,18473,global,0.0
3,4,lr5e-05_bs8_drop0p2_temp2p0_a0p25_b0p05__wd1e-04trmiss0_degmodglobal,8,5e-05,0.0001,0.2,2.0,0.25,0.05,lr5e-05_bs8_drop0p2_temp2p0_a0p25_b0p05__wd1e-04trmiss0_degmodglobal,36,0.6221992032868522,0.7164219617843628,0.4722222222222222,0.761843711843712,0.38461538461538464,0.0,0.49823168771607534,0.5971393372331347,0.057206415704318454,0.21516502116407668,0.0,0.0,0.0,0.0,0.0,18473,global,0.0
3,4,lr5e-05_bs8_drop0p2_temp2p0_a0p25_b0p05__wd1e-04trmiss0_degmodglobal,8,5e-05,0.0001,0.2,2.0,0.25,0.05,lr5e-05_bs8_drop0p2_temp2p0_a0p25_b0p05__wd1e-04trmiss0_degmodglobal,37,0.6207750950540815,0.7202399373054504,0.4722222222222222,0.761843711843712,0.38461538461538464,0.0,0.5349900765078408,0.5993524364062718,0.04612270875700882,0.19783993703978403,0.0,0.0,0.0,0.0,0.0,18473,global,0.0
3,4,lr5e-05_bs8_drop0p2_temp2p0_a0p25_b0p05__wd1e-04trmiss0_degmodglobal,8,5e-05,0.0001,0.2,2.0,0.25,0.05,lr5e-05_bs8_drop0p2_temp2p0_a0p25_b0p05__wd1e-04trmiss0_degmodglobal,38,0.6511452453477042,0.7178516685962677,0.4722222222222222,0.761843711843712,0.46153846153846156,0.0,0.5413351655006409,0.6211869631494794,0.06426482594438962,0.2778415573494775,0.0,0.0,0.0,0.0,0.0,18473,global,0.0
3,4,lr5e-05_bs8_drop0p2_temp2p0_a0p25_b0p05__wd1e-04trmiss0_degmodglobal,8,5e-05,0.0001,0.2,2.0,0.25,0.05,lr5e-05_bs8_drop0p2_temp2p0_a0p25_b0p05__wd1e-04trmiss0_degmodglobal,39,0.6277456283569336,0.7172252535820007,0.4722222222222222,0.761843711843712,0.38461538461538464,0.0,0.509026437997818,0.6010428411620004,0.055289216073496,0.2576097164835249,0.0,0.0,0.0,0.0,0.0,18473,global,0.0
3,4,lr5e-05_bs8_drop0p2_temp2p0_a0p25_b0p05__wd1e-04trmiss0_degmodglobal,8,5e-05,0.0001,0.2,2.0,0.25,0.05,lr5e-05_bs8_drop0p2_temp2p0_a0p25_b0p05__wd1e-04trmiss0_degmodglobal,40,0.636047533580235,0.7137674391269684,0.4722222222222222,0.761843711843712,0.46153846153846156,0.0,0.5528347534792764,0.6110573240688869,0.05271896507058825,0.23620933294296265,0.0,0.0,0.0,0.0,0.0,18473,global,0.0
3,4,lr5e-05_bs8_drop0p2_temp2p0_a0p25_b0p05__wd1e-04trmiss0_degmodglobal,8,5e-05,0.0001,0.2,2.0,0.25,0.05,lr5e-05_bs8_drop0p2_temp2p0_a0p25_b0p05__wd1e-04trmiss0_degmodglobal,41,0.6271155391420636,0.71426060795784,0.4722222222222222,0.761843711843712,0.46153846153846156,0.0,0.5190432752881732,0.6025360822677612,0.05014585304473128,0.24085986188479833,0.0,0.0,0.0,0.0,0.0,18473,global,0.0
3,4,lr5e-05_bs8_drop0p2_temp2p0_a0p25_b0p05__wd1e-04trmiss0_degmodglobal,8,5e-05,0.0001,0.2,2.0,0.25,0.05,lr5e-05_bs8_drop0p2_temp2p0_a0p25_b0p05__wd1e-04trmiss0_degmodglobal,42,0.6167686411312648,0.7127437889575958,0.4722222222222222,0.761843711843712,0.46153846153846156,0.0,0.5124593845435551,0.5903191566467285,0.056012798100709915,0.24892551558358328,0.0,0.0,0.0,0.0,0.0,18473,global,0.0
3,4,lr5e-05_bs8_drop0p2_temp2p0_a0p25_b0p05__wd1e-04trmiss0_degmodglobal,8,5e-05,0.0001,0.2,2.0,0.25,0.05,lr5e-05_bs8_drop0p2_temp2p0_a0p25_b0p05__wd1e-04trmiss0_degmodglobal,43,0.6117894734655108,0.7115778028964996,0.4722222222222222,0.761843711843712,0.46153846153846156,0.0,0.5224502171788897,0.5890728150095258,0.04692636536700385,0.2197012539420809,0.0,0.0,0.0,0.0,0.0,18473,global,0.0
3,4,lr5e-05_bs8_drop0p2_temp2p0_a0p25_b0p05__wd1e-04trmiss0_degmodglobal,8,5e-05,0.0001,0.2,2.0,0.25,0.05,lr5e-05_bs8_drop0p2_temp2p0_a0p25_b0p05__wd1e-04trmiss0_degmodglobal,44,0.6267677034650531,0.7129384279251099,0.4722222222222222,0.761843711843712,0.46153846153846156,0.0,0.5169725290366581,0.5982931937490191,0.061099499464035034,0.26399293541908264,0.0,0.0,0.0,0.0,0.0,18473,global,0.0
3,4,lr5e-05_bs8_drop0p2_temp2p0_a0p25_b0p05__wd1e-04trmiss0_degmodglobal,8,5e-05,0.0001,0.2,2.0,0.25,0.05,lr5e-05_bs8_drop0p2_temp2p0_a0p25_b0p05__wd1e-04trmiss0_degmodglobal,45,0.6302224567958287,0.7120498418807983,0.5,0.7766585266585269,0.46153846153846156,0.0,0.5009927068437848,0.6028525148119245,0.05794467830232212,0.25767552852630615,0.0,0.0,0.0,0.0,0.0,18473,global,0.0
3,4,lr5e-05_bs8_drop0p2_temp2p0_a0p25_b0p05__wd1e-04trmiss0_degmodglobal,8,5e-05,0.0001,0.2,2.0,0.25,0.05,lr5e-05_bs8_drop0p2_temp2p0_a0p25_b0p05__wd1e-04trmiss0_degmodglobal,46,0.6234627025468009,0.7154952883720398,0.5,0.7766585266585269,0.46153846153846156,0.0,0.4986883742468698,0.5944937212126595,0.059451669454574585,0.28212117510182516,0.0,0.0,0.0,0.0,0.0,18473,global,0.0
3,4,lr5e-05_bs8_drop0p2_temp2p0_a0p25_b0p05__wd1e-04trmiss0_degmodglobal,8,5e-05,0.0001,0.2,2.0,0.25,0.05,lr5e-05_bs8_drop0p2_temp2p0_a0p25_b0p05__wd1e-04trmiss0_degmodglobal,47,0.6162958059992109,0.714360386133194,0.4722222222222222,0.761843711843712,0.46153846153846156,0.0,0.4924131674425943,0.5850870779582432,0.06959161002721105,0.2762166942868914,0.0,0.0,0.0,0.0,0.0,18473,global,0.0
3,4,lr5e-05_bs8_drop0p2_temp2p0_a0p25_b0p05__wd1e-04trmiss0_degmodglobal,8,5e-05,0.0001,0.2,2.0,0.25,0.05,lr5e-05_bs8_drop0p2_temp2p0_a0p25_b0p05__wd1e-04trmiss0_degmodglobal,48,0.6498359016009739,0.7171235978603363,0.4722222222222222,0.761843711843712,0.38461538461538464,0.0,0.5189548262528011,0.6173307299613953,0.07400772241609437,0.2800649957997458,0.0,0.0,0.0,0.0,0.0,18473,global,0.0
3,4,lr5e-05_bs8_drop0p2_temp2p0_a0p25_b0p05__wd1e-04trmiss0_degmodglobal,8,5e-05,0.0001,0.2,2.0,0.25,0.05,lr5e-05_bs8_drop0p2_temp2p0_a0p25_b0p05__wd1e-04trmiss0_degmodglobal,49,0.6333287273134504,0.7157014906406403,0.4722222222222222,0.761843711843712,0.46153846153846156,0.0,0.5164968839713505,0.6048814909798759,0.0644979460963181,0.24645510528768813,0.0,0.0,0.0,0.0,0.0,18473,global,0.0
3,4,lr5e-05_bs8_drop0p2_temp2p0_a0p25_b0p05__wd1e-04trmiss0_degmodglobal,8,5e-05,0.0001,0.2,2.0,0.25,0.05,lr5e-05_bs8_drop0p2_temp2p0_a0p25_b0p05__wd1e-04trmiss0_degmodglobal,50,0.6363264577729362,0.7175480127334595,0.4722222222222222,0.761843711843712,0.38461538461538464,0.0,0.5166900626250676,0.6027450476373944,0.07622974259512764,0.290479234286717,0.0,0.0,0.0,0.0,0.0,18473,global,0.0
3,4,lr5e-05_bs8_drop0p2_temp2p0_a0p25_b0p05__wd1e-04trmiss0_degmodglobal,8,5e-05,0.0001,0.2,2.0,0.25,0.05,lr5e-05_bs8_drop0p2_temp2p0_a0p25_b0p05__wd1e-04trmiss0_degmodglobal,51,0.6247922607830593,0.7189487814903259,0.4722222222222222,0.761843711843712,0.38461538461538464,0.0,0.481380181653159,0.5979239344596863,0.05572461390069553,0.25874329039028715,0.0,0.0,0.0,0.0,0.0,18473,global,0.0
3,4,lr5e-05_bs8_drop0p2_temp2p0_a0p25_b0p05__wd1e-04trmiss0_degmodglobal,8,5e-05,0.0001,0.2,2.0,0.25,0.05,lr5e-05_bs8_drop0p2_temp2p0_a0p25_b0p05__wd1e-04trmiss0_degmodglobal,52,0.6446536694254194,0.7195367813110352,0.4722222222222222,0.761843711843712,0.38461538461538464,0.0,0.5137441413743156,0.6178562726293292,0.05628737328307969,0.2545112041490419,0.0,0.0,0.0,0.0,0.0,18473,global,0.0
3,4,lr5e-05_bs8_drop0p2_temp2p0_a0p25_b0p05__wd1e-04trmiss0_degmodglobal,8,5e-05,0.0001,0.2,2.0,0.25,0.05,lr5e-05_bs8_drop0p2_temp2p0_a0p25_b0p05__wd1e-04trmiss0_degmodglobal,53,0.6163327183042254,0.7175547778606415,0.4722222222222222,0.761843711843712,0.46153846153846156,0.0,0.5033567122050694,0.5910650151116508,0.055010318756103516,0.23030229870762145,0.0,0.0,0.0,0.0,0.0,18473,global,0.0
3,4,lr5e-05_bs8_drop0p2_temp2p0_a0p25_b0p05__wd1e-04trmiss0_degmodglobal,8,5e-05,0.0001,0.2,2.0,0.25,0.05,lr5e-05_bs8_drop0p2_temp2p0_a0p25_b0p05__wd1e-04trmiss0_degmodglobal,54,0.6161313397543771,0.716720461845398,0.4722222222222222,0.761843711843712,0.38461538461538464,0.0,0.4796310918671744,0.5846893191337585,0.06798497587442398,0.28891530845846447,0.0,0.0,0.0,0.0,0.0,18473,global,0.0
3,4,lr5e-05_bs8_drop0p2_temp2p0_a0p25_b0p05__wd1e-04trmiss0_degmodglobal,8,5e-05,0.0001,0.2,2.0,0.25,0.05,lr5e-05_bs8_drop0p2_temp2p0_a0p25_b0p05__wd1e-04trmiss0_degmodglobal,55,0.6041198372840881,0.7183510065078735,0.4722222222222222,0.761843711843712,0.38461538461538464,0.0,0.4765263540404184,0.5737899541854858,0.06740635367376464,0.2695660080228533,0.0,0.0,0.0,0.0,0.0,18473,global,0.0
3,4,lr5e-05_bs8_drop0p2_temp2p0_a0p25_b0p05__wd1e-04trmiss0_degmodglobal,8,5e-05,0.0001,0.2,2.0,0.25,0.05,lr5e-05_bs8_drop0p2_temp2p0_a0p25_b0p05__wd1e-04trmiss0_degmodglobal,56,0.608739333493369,0.7141619324684143,0.4722222222222222,0.761843711843712,0.38461538461538464,0.0,0.47449885095868793,0.5759113643850599,0.07239676479782377,0.29457551879542215,0.0,0.0,0.0,0.0,0.0,18473,global,0.0
3,4,lr5e-05_bs8_drop0p2_temp2p0_a0p25_b0p05__wd1e-04trmiss0_degmodglobal,8,5e-05,0.0001,0.2,2.0,0.25,0.05,lr5e-05_bs8_drop0p2_temp2p0_a0p25_b0p05__wd1e-04trmiss0_degmodglobal,57,0.6207998224667141,0.7163843214511871,0.4722222222222222,0.761843711843712,0.38461538461538464,0.0,0.48935802068029133,0.5882609742028373,0.07017387023993901,0.299907922744751,0.0,0.0,0.0,0.0,0.0,18473,global,0.0
3,4,lr5e-05_bs8_drop0p2_temp2p0_a0p25_b0p05__wd1e-04trmiss0_degmodglobal,8,5e-05,0.0001,0.2,2.0,0.25,0.05,lr5e-05_bs8_drop0p2_temp2p0_a0p25_b0p05__wd1e-04trmiss0_degmodglobal,58,0.6244595221110752,0.7155770659446716,0.4722222222222222,0.761843711843712,0.38461538461538464,0.0,0.47500706570489065,0.5946948783738273,0.06686952976243836,0.260945200920105,0.0,0.0,0.0,0.0,0.0,18473,global,0.0
3,4,lr5e-05_bs8_drop0p2_temp2p0_a0p25_b0p05__wd1e-04trmiss0_degmodglobal,8,5e-05,0.0001,0.2,2.0,0.25,0.05,lr5e-05_bs8_drop0p2_temp2p0_a0p25_b0p05__wd1e-04trmiss0_degmodglobal,59,0.6436919314520699,0.7175216376781464,0.4722222222222222,0.761843711843712,0.38461538461538464,0.0,0.49225599425179617,0.6066030604498727,0.08158523908683232,0.3338514694145748,0.0,0.0,0.0,0.0,0.0,18473,global,0.0
3,4,lr5e-05_bs8_drop0p2_temp2p0_a0p25_b0p05__wd1e-04trmiss0_degmodglobal,8,5e-05,0.0001,0.2,2.0,0.25,0.05,lr5e-05_bs8_drop0p2_temp2p0_a0p25_b0p05__wd1e-04trmiss0_degmodglobal,60,0.6371687310082572,0.7179089486598969,0.4722222222222222,0.761843711843712,0.38461538461538464,0.0,0.4904203287192753,0.6093607374600002,0.0593317552868809,0.25950142421892713,0.0,0.0,0.0,0.0,0.0,18473,global,0.0
3,4,lr5e-05_bs8_drop0p2_temp2p0_a0p25_b0p05__wd1e-04trmiss0_degmodglobal,8,5e-05,0.0001,0.2,2.0,0.25,0.05,lr5e-05_bs8_drop0p2_temp2p0_a0p25_b0p05__wd1e-04trmiss0_degmodglobal,61,0.6144197753497532,0.7176131308078766,0.4722222222222222,0.761843711843712,0.38461538461538464,0.0,0.4749489596911839,0.5789009843553815,0.07563338641609464,0.33220883352415903,0.0,0.0,0.0,0.0,0.0,18473,global,0.0
3,4,lr5e-05_bs8_drop0p2_temp2p0_a0p25_b0p05__wd1e-04trmiss0_degmodglobal,8,5e-05,0.0001,0.2,2.0,0.25,0.05,lr5e-05_bs8_drop0p2_temp2p0_a0p25_b0p05__wd1e-04trmiss0_degmodglobal,62,0.616659300667899,0.7174755334854126,0.4722222222222222,0.761843711843712,0.38461538461538464,0.0,0.48968427947589327,0.5870676721845355,0.06394466864211219,0.27210922113486696,0.0,0.0,0.0,0.0,0.0,18473,global,0.0
3,4,lr5e-05_bs8_drop0p2_temp2p0_a0p25_b0p05__wd1e-04trmiss0_degmodglobal,8,5e-05,0.0001,0.2,2.0,0.25,0.05,lr5e-05_bs8_drop0p2_temp2p0_a0p25_b0p05__wd1e-04trmiss0_degmodglobal,63,0.6207525474684579,0.7182743847370148,0.4722222222222222,0.761843711843712,0.38461538461538464,0.0,0.47417966382844107,0.5890735558101109,0.0675330606422254,0.2959145616207804,0.0,0.0,0.0,0.0,0.0,18473,global,0.0
3,4,lr5e-05_bs8_drop0p2_temp2p0_a0p25_b0p05__wd1e-04trmiss0_degmodglobal,8,5e-05,0.0001,0.2,2.0,0.25,0.05,lr5e-05_bs8_drop0p2_temp2p0_a0p25_b0p05__wd1e-04trmiss0_degmodglobal,64,0.6471794673374721,0.7189739346504211,0.4722222222222222,0.761843711843712,0.38461538461538464,0.0,0.47325424211365835,0.6083140969276428,0.0759226738342217,0.39769440463611055,0.0,0.0,0.0,0.0,0.0,18473,global,0.0
3,4,lr5e-05_bs8_drop0p2_temp2p0_a0p25_b0p05__wd1e-04trmiss0_degmodglobal,8,5e-05,0.0001,0.2,2.0,0.25,0.05,lr5e-05_bs8_drop0p2_temp2p0_a0p25_b0p05__wd1e-04trmiss0_degmodglobal,65,0.615971497126988,0.7161189913749695,0.4722222222222222,0.761843711843712,0.46153846153846156,0.0,0.4889762784753527,0.5838189252785274,0.07195243718368667,0.2832894059164183,0.0,0.0,0.0,0.0,0.0,18473,global,0.0
3,4,lr5e-05_bs8_drop0p4_temp1p0_a0p25_b0p05__wd1e-04trmiss0_degmodglobal,8,5e-05,0.0001,0.4,1.0,0.25,0.05,lr5e-05_bs8_drop0p4_temp1p0_a0p25_b0p05__wd1e-04trmiss0_degmodglobal,1,0.6854892458234515,0.6769489347934723,0.5277777777777778,0.7064694564694565,0.6923076923076923,0.0,0.6425118020602635,0.6666248866489956,0.048484145530632565,0.13486638878073012,0.0,0.0,0.0,0.0,0.0,18473,global,0.0
3,4,lr5e-05_bs8_drop0p4_temp1p0_a0p25_b0p05__wd1e-04trmiss0_degmodglobal,8,5e-05,0.0001,0.4,1.0,0.25,0.05,lr5e-05_bs8_drop0p4_temp1p0_a0p25_b0p05__wd1e-04trmiss0_degmodglobal,2,0.6431883743831089,0.6732882559299469,0.5833333333333334,0.7283389450056118,0.6923076923076923,0.0,0.6463216117450169,0.6239878620420184,0.05249033575611455,0.12155834532209805,0.0,0.0,0.0,0.0,0.0,18473,global,0.0
3,4,lr5e-05_bs8_drop0p4_temp1p0_a0p25_b0p05__wd1e-04trmiss0_degmodglobal,8,5e-05,0.0001,0.4,1.0,0.25,0.05,lr5e-05_bs8_drop0p4_temp1p0_a0p25_b0p05__wd1e-04trmiss0_degmodglobal,3,0.624504736491612,0.6766985952854156,0.5833333333333334,0.7283389450056118,0.6153846153846154,0.0,0.6184408238955906,0.6036532350948879,0.051843688424144475,0.15781155122177942,0.0,0.0,0.0,0.0,0.0,18473,global,0.0
3,4,lr5e-05_bs8_drop0p4_temp1p0_a0p25_b0p05__wd1e-04trmiss0_degmodglobal,8,5e-05,0.0001,0.4,1.0,0.25,0.05,lr5e-05_bs8_drop0p4_temp1p0_a0p25_b0p05__wd1e-04trmiss0_degmodglobal,4,0.6076352766581944,0.6759803593158722,0.5833333333333334,0.7283389450056118,0.6153846153846154,0.0,0.6090606365885053,0.5847708071981158,0.059125845453568866,0.1616601390498025,0.0,0.0,0.0,0.0,0.0,18473,global,0.0
3,4,lr5e-05_bs8_drop0p4_temp1p0_a0p25_b0p05__wd1e-04trmiss0_degmodglobal,8,5e-05,0.0001,0.4,1.0,0.25,0.05,lr5e-05_bs8_drop0p4_temp1p0_a0p25_b0p05__wd1e-04trmiss0_degmodglobal,5,0.6211635896137783,0.6814919114112854,0.5555555555555556,0.7151114317780985,0.6153846153846154,0.0,0.6300139852932521,0.5932727626391819,0.05944068490394524,0.26061308277504786,0.0,0.0,0.0,0.0,0.0,18473,global,0.0
3,4,lr5e-05_bs8_drop0p4_temp1p0_a0p25_b0p05__wd1e-04trmiss0_degmodglobal,8,5e-05,0.0001,0.4,1.0,0.25,0.05,lr5e-05_bs8_drop0p4_temp1p0_a0p25_b0p05__wd1e-04trmiss0_degmodglobal,6,0.583726167678833,0.6850942075252533,0.5555555555555556,0.7196969696969697,0.6153846153846154,0.0,0.570043316909245,0.5694066115788051,0.040465064612882476,0.08406589818852288,0.0,0.0,0.0,0.0,0.0,18473,global,0.0
3,4,lr5e-05_bs8_drop0p4_temp1p0_a0p25_b0p05__wd1e-04trmiss0_degmodglobal,8,5e-05,0.0001,0.4,1.0,0.25,0.05,lr5e-05_bs8_drop0p4_temp1p0_a0p25_b0p05__wd1e-04trmiss0_degmodglobal,7,0.5726925134658813,0.6856494247913361,0.5555555555555556,0.7196969696969697,0.6153846153846154,0.0,0.5942239591053554,0.5496761969157627,0.05771385904933725,0.17175676780087606,0.0,0.0,0.0,0.0,0.0,18473,global,0.0
3,4,lr5e-05_bs8_drop0p4_temp1p0_a0p25_b0p05__wd1e-04trmiss0_degmodglobal,8,5e-05,0.0001,0.4,1.0,0.25,0.05,lr5e-05_bs8_drop0p4_temp1p0_a0p25_b0p05__wd1e-04trmiss0_degmodglobal,8,0.5886423758098057,0.6846972405910492,0.5555555555555556,0.7196969696969697,0.6153846153846154,0.0,0.566526642867497,0.5678571888378688,0.058980753645300865,0.12080014656697001,0.0,0.0,0.0,0.0,0.0,18473,global,0.0
3,4,lr5e-05_bs8_drop0p4_temp1p0_a0p25_b0p05__wd1e-04trmiss0_degmodglobal,8,5e-05,0.0001,0.4,1.0,0.25,0.05,lr5e-05_bs8_drop0p4_temp1p0_a0p25_b0p05__wd1e-04trmiss0_degmodglobal,9,0.6101210117340088,0.6859042346477509,0.5277777777777778,0.7064694564694565,0.5384615384615384,0.0,0.6054096903119769,0.5827339887619019,0.07785904460719653,0.15844526407974108,0.0,0.0,0.0,0.0,0.0,18473,global,0.0
3,4,lr5e-05_bs8_drop0p4_temp1p0_a0p25_b0p05__wd1e-04trmiss0_degmodglobal,8,5e-05,0.0001,0.4,1.0,0.25,0.05,lr5e-05_bs8_drop0p4_temp1p0_a0p25_b0p05__wd1e-04trmiss0_degmodglobal,10,0.5611067456858498,0.6843386888504028,0.5555555555555556,0.7196969696969697,0.5384615384615384,0.0,0.5779039519173759,0.5453109996659415,0.04494784665959222,0.0911756195127964,0.0,0.0,0.0,0.0,0.0,18473,global,0.0
3,4,lr5e-05_bs8_drop0p4_temp1p0_a0p25_b0p05__wd1e-04trmiss0_degmodglobal,8,5e-05,0.0001,0.4,1.0,0.25,0.05,lr5e-05_bs8_drop0p4_temp1p0_a0p25_b0p05__wd1e-04trmiss0_degmodglobal,11,0.5529201030731201,0.6762972474098206,0.5833333333333333,0.7316017316017317,0.5384615384615384,0.0,0.5724648066929409,0.525655916758946,0.067287449325834,0.20884644825543677,0.0,0.0,0.0,0.0,0.0,18473,global,0.0
3,4,lr5e-05_bs8_drop0p4_temp1p0_a0p25_b0p05__wd1e-04trmiss0_degmodglobal,8,5e-05,0.0001,0.4,1.0,0.25,0.05,lr5e-05_bs8_drop0p4_temp1p0_a0p25_b0p05__wd1e-04trmiss0_degmodglobal,12,0.5650953650474548,0.6761721670627594,0.5833333333333333,0.7316017316017317,0.5384615384615384,0.0,0.5659387452261788,0.5357480772903987,0.08090654920254435,0.1824133481298174,0.0,0.0,0.0,0.0,0.0,18473,global,0.0
3,4,lr5e-05_bs8_drop0p4_temp1p0_a0p25_b0p05__wd1e-04trmiss0_degmodglobal,8,5e-05,0.0001,0.4,1.0,0.25,0.05,lr5e-05_bs8_drop0p4_temp1p0_a0p25_b0p05__wd1e-04trmiss0_degmodglobal,13,0.5935184274400983,0.6726607978343964,0.5833333333333333,0.7316017316017317,0.5384615384615384,0.0,0.5828539558819362,0.5695877117770058,0.06201294170958655,0.16854955043111527,0.0,0.0,0.0,0.0,0.0,18473,global,0.0
3,4,lr5e-05_bs8_drop0p4_temp1p0_a0p25_b0p05__wd1e-04trmiss0_degmodglobal,8,5e-05,0.0001,0.4,1.0,0.25,0.05,lr5e-05_bs8_drop0p4_temp1p0_a0p25_b0p05__wd1e-04trmiss0_degmodglobal,14,0.587807161467416,0.6705946922302246,0.5833333333333333,0.7316017316017317,0.6153846153846154,0.0,0.536581678049905,0.5681370156151908,0.05315146914550236,0.12764573310102736,0.0,0.0,0.0,0.0,0.0,18473,global,0.0
3,4,lr5e-05_bs8_drop0p4_temp1p0_a0p25_b0p05__wd1e-04trmiss0_degmodglobal,8,5e-05,0.0001,0.4,1.0,0.25,0.05,lr5e-05_bs8_drop0p4_temp1p0_a0p25_b0p05__wd1e-04trmiss0_degmodglobal,15,0.5759453007153102,0.678822249174118,0.5833333333333333,0.7316017316017317,0.6153846153846154,0.0,0.5573386294501168,0.5529215165546962,0.06256106123328209,0.14767028923545564,0.0,0.0,0.0,0.0,0.0,18473,global,0.0
3,4,lr5e-05_bs8_drop0p4_temp1p0_a0p25_b0p05__wd1e-04trmiss0_degmodglobal,8,5e-05,0.0001,0.4,1.0,0.25,0.05,lr5e-05_bs8_drop0p4_temp1p0_a0p25_b0p05__wd1e-04trmiss0_degmodglobal,16,0.5636542184012276,0.6816795766353607,0.5833333333333333,0.7316017316017317,0.6153846153846154,0.0,0.5437891823904855,0.5401544741221836,0.06420496398849147,0.14897002332976886,0.0,0.0,0.0,0.0,0.0,18473,global,0.0
3,4,lr5e-05_bs8_drop0p4_temp1p0_a0p25_b0p05__wd1e-04trmiss0_degmodglobal,8,5e-05,0.0001,0.4,1.0,0.25,0.05,lr5e-05_bs8_drop0p4_temp1p0_a0p25_b0p05__wd1e-04trmiss0_degmodglobal,17,0.5599491000175476,0.6767807006835938,0.6111111111111112,0.7402437069103737,0.6153846153846154,0.0,0.5505936997277396,0.5362842849322728,0.07117127201386861,0.11743989001427378,0.0,0.0,0.0,0.0,0.0,18473,global,0.0
3,4,lr5e-05_bs8_drop0p4_temp1p0_a0p25_b0p05__wd1e-04trmiss0_degmodglobal,8,5e-05,0.0001,0.4,1.0,0.25,0.05,lr5e-05_bs8_drop0p4_temp1p0_a0p25_b0p05__wd1e-04trmiss0_degmodglobal,18,0.5943485242979867,0.6673210263252258,0.6666666666666666,0.7559002725669393,0.6153846153846154,0.0,0.5629959404468536,0.5691637907709394,0.07121991046837398,0.14759527785437448,0.0,0.0,0.0,0.0,0.0,18473,global,0.0
3,4,lr5e-05_bs8_drop0p4_temp1p0_a0p25_b0p05__wd1e-04trmiss0_degmodglobal,8,5e-05,0.0001,0.4,1.0,0.25,0.05,lr5e-05_bs8_drop0p4_temp1p0_a0p25_b0p05__wd1e-04trmiss0_degmodglobal,19,0.5770053352628436,0.6732181906700134,0.6388888888888888,0.7483245149911817,0.6153846153846154,0.0,0.5489615414823804,0.5446651663099017,0.09125551900693349,0.19052574996437346,0.0,0.0,0.0,0.0,0.0,18473,global,0.0
3,4,lr5e-05_bs8_drop0p4_temp1p0_a0p25_b0p05__wd1e-04trmiss0_degmodglobal,8,5e-05,0.0001,0.4,1.0,0.25,0.05,lr5e-05_bs8_drop0p4_temp1p0_a0p25_b0p05__wd1e-04trmiss0_degmodglobal,20,0.588932854788644,0.6743442714214325,0.6111111111111112,0.7402437069103737,0.6153846153846154,0.0,0.5598567766802651,0.5636909689222064,0.06632691462125097,0.17320328312260763,0.0,0.0,0.0,0.0,0.0,18473,global,0.0
3,4,lr5e-05_bs8_drop0p4_temp1p0_a0p25_b0p05__wd1e-04trmiss0_degmodglobal,8,5e-05,0.0001,0.4,1.0,0.25,0.05,lr5e-05_bs8_drop0p4_temp1p0_a0p25_b0p05__wd1e-04trmiss0_degmodglobal,21,0.5602223532540458,0.6717463135719299,0.6666666666666666,0.7559002725669393,0.6153846153846154,0.0,0.5683314800262451,0.5349931120872498,0.0642446582870824,0.18336167080061777,0.0,0.0,0.0,0.0,0.0,18473,global,0.0
3,4,lr5e-05_bs8_drop0p4_temp1p0_a0p25_b0p05__wd1e-04trmiss0_degmodglobal,8,5e-05,0.0001,0.4,1.0,0.25,0.05,lr5e-05_bs8_drop0p4_temp1p0_a0p25_b0p05__wd1e-04trmiss0_degmodglobal,22,0.5334073603153229,0.6648665368556976,0.6666666666666666,0.7559002725669393,0.6153846153846154,0.0,0.5472750578607831,0.5067591794899532,0.0673826304929597,0.19605064072779246,0.0,0.0,0.0,0.0,0.0,18473,global,0.0
3,4,lr5e-05_bs8_drop0p4_temp1p0_a0p25_b0p05__wd1e-04trmiss0_degmodglobal,8,5e-05,0.0001,0.4,1.0,0.25,0.05,lr5e-05_bs8_drop0p4_temp1p0_a0p25_b0p05__wd1e-04trmiss0_degmodglobal,23,0.53750136920384,0.6642802059650421,0.6666666666666666,0.7559002725669393,0.6153846153846154,0.0,0.5483757512910026,0.5098462785993304,0.07403204536863736,0.1829417028597423,0.0,0.0,0.0,0.0,0.0,18473,global,0.0
3,4,lr5e-05_bs8_drop0p4_temp1p0_a0p25_b0p05__wd1e-04trmiss0_degmodglobal,8,5e-05,0.0001,0.4,1.0,0.25,0.05,lr5e-05_bs8_drop0p4_temp1p0_a0p25_b0p05__wd1e-04trmiss0_degmodglobal,24,0.5380840727261135,0.6698158383369446,0.6666666666666666,0.7559002725669393,0.6153846153846154,0.0,0.5298158952168056,0.5048482545784542,0.08856333951864924,0.2218996626990182,0.0,0.0,0.0,0.0,0.0,18473,global,0.0
3,4,lr5e-05_bs8_drop0p4_temp1p0_a0p25_b0p05__wd1e-04trmiss0_degmodglobal,8,5e-05,0.0001,0.4,1.0,0.25,0.05,lr5e-05_bs8_drop0p4_temp1p0_a0p25_b0p05__wd1e-04trmiss0_degmodglobal,25,0.5636401772499084,0.6691005229949951,0.6666666666666666,0.7559002725669393,0.6153846153846154,0.0,0.5541035192353385,0.5365767436368125,0.06999446185571807,0.19129639863967896,0.0,0.0,0.0,0.0,0.0,18473,global,0.0
3,4,lr5e-05_bs8_drop0p4_temp1p0_a0p25_b0p05__wd1e-04trmiss0_degmodglobal,8,5e-05,0.0001,0.4,1.0,0.25,0.05,lr5e-05_bs8_drop0p4_temp1p0_a0p25_b0p05__wd1e-04trmiss0_degmodglobal,26,0.5682611465454102,0.6707572638988495,0.6666666666666666,0.7559002725669393,0.6923076923076923,0.0,0.537247074501855,0.5514865730490003,0.04562326094933918,0.10737513537917819,0.0,0.0,0.0,0.0,0.0,18473,global,0.0
3,4,lr5e-05_bs8_drop0p4_temp1p0_a0p25_b0p05__wd1e-04trmiss0_degmodglobal,8,5e-05,0.0001,0.4,1.0,0.25,0.05,lr5e-05_bs8_drop0p4_temp1p0_a0p25_b0p05__wd1e-04trmiss0_degmodglobal,27,0.5360894628933498,0.67371466755867,0.6666666666666666,0.7559002725669393,0.6923076923076923,0.0,0.5181966338838849,0.5169980270521981,0.05559952078121049,0.10383106049682413,0.0,0.0,0.0,0.0,0.0,18473,global,0.0
3,4,lr5e-05_bs8_drop0p4_temp1p0_a0p25_b0p05__wd1e-04trmiss0_degmodglobal,8,5e-05,0.0001,0.4,1.0,0.25,0.05,lr5e-05_bs8_drop0p4_temp1p0_a0p25_b0p05__wd1e-04trmiss0_degmodglobal,28,0.5275255526815142,0.6677432954311371,0.6666666666666666,0.7559002725669393,0.6153846153846154,0.0,0.5023102590015956,0.5068331403391702,0.060414652207068036,0.11177513429096766,0.0,0.0,0.0,0.0,0.0,18473,global,0.0
3,4,lr5e-05_bs8_drop0p4_temp1p0_a0p25_b0p05__wd1e-04trmiss0_degmodglobal,8,5e-05,0.0001,0.4,1.0,0.25,0.05,lr5e-05_bs8_drop0p4_temp1p0_a0p25_b0p05__wd1e-04trmiss0_degmodglobal,29,0.5141481927462986,0.6635891497135162,0.6666666666666666,0.7559002725669393,0.6153846153846154,0.0,0.5255213635308402,0.4878808685711452,0.0740076939442328,0.15530786450420106,0.0,0.0,0.0,0.0,0.0,18473,global,0.0
3,4,lr5e-05_bs8_drop0p4_temp1p0_a0p25_b0p05__wd1e-04trmiss0_degmodglobal,8,5e-05,0.0001,0.4,1.0,0.25,0.05,lr5e-05_bs8_drop0p4_temp1p0_a0p25_b0p05__wd1e-04trmiss0_degmodglobal,30,0.5192295525755201,0.6658033728599548,0.6666666666666666,0.7559002725669393,0.6923076923076923,0.0,0.4897199145385197,0.48997887543269564,0.07818249985575676,0.19410111010074615,0.0,0.0,0.0,0.0,0.0,18473,global,0.0
3,4,lr5e-05_bs8_drop0p4_temp1p0_a0p25_b0p05__wd1e-04trmiss0_degmodglobal,8,5e-05,0.0001,0.4,1.0,0.25,0.05,lr5e-05_bs8_drop0p4_temp1p0_a0p25_b0p05__wd1e-04trmiss0_degmodglobal,31,0.5818687166486468,0.6681603491306305,0.6666666666666666,0.7559002725669393,0.6923076923076923,0.0,0.5089587100914547,0.5517251789569855,0.08421948765005384,0.18177313676902226,0.0,0.0,0.0,0.0,0.0,18473,global,0.0
3,4,lr5e-05_bs8_drop0p4_temp1p0_a0p25_b0p05__wd1e-04trmiss0_degmodglobal,8,5e-05,0.0001,0.4,1.0,0.25,0.05,lr5e-05_bs8_drop0p4_temp1p0_a0p25_b0p05__wd1e-04trmiss0_degmodglobal,32,0.5455777602536338,0.6615255177021027,0.6666666666666666,0.7559002725669393,0.6153846153846154,0.0,0.5061572917870113,0.5133123397827148,0.08468540438583919,0.22188136407307216,0.0,0.0,0.0,0.0,0.0,18473,global,0.0
3,4,lr5e-05_bs8_drop0p4_temp1p0_a0p25_b0p05__wd1e-04trmiss0_degmodglobal,8,5e-05,0.0001,0.4,1.0,0.25,0.05,lr5e-05_bs8_drop0p4_temp1p0_a0p25_b0p05__wd1e-04trmiss0_degmodglobal,33,0.5333426126411983,0.6559995114803314,0.6666666666666666,0.7559002725669393,0.6153846153846154,0.0,0.5217252543994358,0.5038105802876609,0.07705254054495267,0.20537787356546947,0.0,0.0,0.0,0.0,0.0,18473,global,0.0
3,4,lr5e-05_bs8_drop0p4_temp1p0_a0p25_b0p05__wd1e-04trmiss0_degmodglobal,8,5e-05,0.0001,0.4,1.0,0.25,0.05,lr5e-05_bs8_drop0p4_temp1p0_a0p25_b0p05__wd1e-04trmiss0_degmodglobal,34,0.5328676615442548,0.659238874912262,0.6666666666666666,0.7559002725669393,0.6153846153846154,0.0,0.5288667210510799,0.5106630155018398,0.06041371928794043,0.14202465968472616,0.0,0.0,0.0,0.0,0.0,18473,global,0.0
3,4,lr5e-05_bs8_drop0p4_temp1p0_a0p25_b0p05__wd1e-04trmiss0_degmodglobal,8,5e-05,0.0001,0.4,1.0,0.25,0.05,lr5e-05_bs8_drop0p4_temp1p0_a0p25_b0p05__wd1e-04trmiss0_degmodglobal,35,0.5123251719134194,0.6580192744731903,0.6388888888888888,0.7439955106621774,0.6153846153846154,0.0,0.4845404965536935,0.4797939956188202,0.08908174825566155,0.20521481228726252,0.0,0.0,0.0,0.0,0.0,18473,global,0.0
3,4,lr5e-05_bs8_drop0p4_temp1p0_a0p25_b0p05__wd1e-04trmiss0_degmodglobal,8,5e-05,0.0001,0.4,1.0,0.25,0.05,lr5e-05_bs8_drop0p4_temp1p0_a0p25_b0p05__wd1e-04trmiss0_degmodglobal,36,0.5123242906161717,0.6552840173244476,0.6666666666666666,0.7559002725669393,0.6153846153846154,0.0,0.5203207305499485,0.4804661614554269,0.07663540009941373,0.253985590168408,0.0,0.0,0.0,0.0,0.0,18473,global,0.0
3,4,lr5e-05_bs8_drop0p4_temp1p0_a0p25_b0p05__wd1e-04trmiss0_degmodglobal,8,5e-05,0.0001,0.4,1.0,0.25,0.05,lr5e-05_bs8_drop0p4_temp1p0_a0p25_b0p05__wd1e-04trmiss0_degmodglobal,37,0.5248121491500309,0.6615274250507355,0.6666666666666666,0.7559002725669393,0.6153846153846154,0.0,0.5381191628319877,0.5036802462169102,0.059539467096328735,0.12494091263839177,0.0,0.0,0.0,0.0,0.0,18473,global,0.0
3,4,lr5e-05_bs8_drop0p4_temp1p0_a0p25_b0p05__wd1e-04trmiss0_degmodglobal,8,5e-05,0.0001,0.4,1.0,0.25,0.05,lr5e-05_bs8_drop0p4_temp1p0_a0p25_b0p05__wd1e-04trmiss0_degmodglobal,38,0.523378963981356,0.6655616760253906,0.6666666666666666,0.7559002725669393,0.6153846153846154,0.0,0.503712032522474,0.49786178129059927,0.06924754700490407,0.16410613911492483,0.0,0.0,0.0,0.0,0.0,18473,global,0.0
3,4,lr5e-05_bs8_drop0p4_temp1p0_a0p25_b0p05__wd1e-04trmiss0_degmodglobal,8,5e-05,0.0001,0.4,1.0,0.25,0.05,lr5e-05_bs8_drop0p4_temp1p0_a0p25_b0p05__wd1e-04trmiss0_degmodglobal,39,0.5418445340224675,0.6686421930789948,0.6666666666666666,0.7559002725669393,0.6153846153846154,0.0,0.5267111957073212,0.5212028324604034,0.05982313624450138,0.11371828668883868,0.0,0.0,0.0,0.0,0.0,18473,global,0.0
3,4,lr5e-05_bs8_drop0p4_temp1p0_a0p25_b0p05__wd1e-04trmiss0_degmodglobal,8,5e-05,0.0001,0.4,1.0,0.25,0.05,lr5e-05_bs8_drop0p4_temp1p0_a0p25_b0p05__wd1e-04trmiss0_degmodglobal,40,0.5025882508073535,0.6660088002681732,0.6666666666666666,0.7559002725669393,0.6153846153846154,0.0,0.5003013738564083,0.4762943003858839,0.07180521823465824,0.16685308941773005,0.0,0.0,0.0,0.0,0.0,18473,global,0.0
3,4,lr5e-05_bs8_drop0p4_temp1p0_a0p25_b0p05__wd1e-04trmiss0_degmodglobal,8,5e-05,0.0001,0.4,1.0,0.25,0.05,lr5e-05_bs8_drop0p4_temp1p0_a0p25_b0p05__wd1e-04trmiss0_degmodglobal,41,0.5436667970248631,0.6635365784168243,0.6666666666666666,0.7559002725669393,0.6923076923076923,0.0,0.5267802093710218,0.5096758263451713,0.09196058873619352,0.2200168115752084,0.0,0.0,0.0,0.0,0.0,18473,global,0.0
3,4,lr5e-05_bs8_drop0p4_temp1p0_a0p25_b0p05__wd1e-04trmiss0_degmodglobal,8,5e-05,0.0001,0.4,1.0,0.25,0.05,lr5e-05_bs8_drop0p4_temp1p0_a0p25_b0p05__wd1e-04trmiss0_degmodglobal,42,0.4903863114970071,0.6626238524913788,0.6666666666666666,0.7559002725669393,0.6923076923076923,0.0,0.4999073105198996,0.44912139432770865,0.12003351056150027,0.22513066019330705,0.0,0.0,0.0,0.0,0.0,18473,global,0.0
3,4,lr5e-05_bs8_drop0p4_temp1p0_a0p25_b0p05__wd1e-04trmiss0_degmodglobal,8,5e-05,0.0001,0.4,1.0,0.25,0.05,lr5e-05_bs8_drop0p4_temp1p0_a0p25_b0p05__wd1e-04trmiss0_degmodglobal,43,0.5159838625362941,0.6656055450439453,0.6666666666666666,0.7559002725669393,0.6923076923076923,0.0,0.5104074903896877,0.48715570143290926,0.08011870139411517,0.17596988060644694,0.0,0.0,0.0,0.0,0.0,18473,global,0.0
3,4,lr5e-05_bs8_drop0p4_temp1p0_a0p25_b0p05__wd1e-04trmiss0_degmodglobal,8,5e-05,0.0001,0.4,1.0,0.25,0.05,lr5e-05_bs8_drop0p4_temp1p0_a0p25_b0p05__wd1e-04trmiss0_degmodglobal,44,0.5184788235596248,0.6643097400665283,0.6666666666666666,0.7559002725669393,0.6153846153846154,0.0,0.4824926810605185,0.4794393224375589,0.10489352260317121,0.25632232214723316,0.0,0.0,0.0,0.0,0.0,18473,global,0.0
3,4,lr5e-05_bs8_drop0p4_temp1p0_a0p25_b0p05__wd1e-04trmiss0_degmodglobal,8,5e-05,0.0001,0.4,1.0,0.25,0.05,lr5e-05_bs8_drop0p4_temp1p0_a0p25_b0p05__wd1e-04trmiss0_degmodglobal,45,0.5361657355512891,0.6680668294429779,0.6666666666666666,0.7559002725669393,0.6923076923076923,0.0,0.5433181013379779,0.5131557243210929,0.05841787638408797,0.16811071123395646,0.0,0.0,0.0,0.0,0.0,18473,global,0.0
3,4,lr5e-05_bs8_drop0p4_temp1p0_a0p25_b0p05__wd1e-04trmiss0_degmodglobal,8,5e-05,0.0001,0.4,1.0,0.25,0.05,lr5e-05_bs8_drop0p4_temp1p0_a0p25_b0p05__wd1e-04trmiss0_degmodglobal,46,0.5049448651926858,0.6650502979755402,0.6666666666666666,0.7559002725669393,0.6153846153846154,0.0,0.5039267327104296,0.47457048296928406,0.08200650875057493,0.1974550863461835,0.0,0.0,0.0,0.0,0.0,18473,global,0.0
3,4,lr5e-05_bs8_drop0p4_temp1p0_a0p25_b0p05__wd1e-04trmiss0_degmodglobal,8,5e-05,0.0001,0.4,1.0,0.25,0.05,lr5e-05_bs8_drop0p4_temp1p0_a0p25_b0p05__wd1e-04trmiss0_degmodglobal,47,0.49511358567646574,0.665130615234375,0.6388888888888888,0.7439955106621774,0.5384615384615384,0.0,0.5098220748560769,0.46323002661977497,0.08561110283647265,0.2096156499215535,0.0,0.0,0.0,0.0,0.0,18473,global,0.0
3,4,lr5e-05_bs8_drop0p4_temp1p0_a0p25_b0p05__wd1e-04trmiss0_degmodglobal,8,5e-05,0.0001,0.4,1.0,0.25,0.05,lr5e-05_bs8_drop0p4_temp1p0_a0p25_b0p05__wd1e-04trmiss0_degmodglobal,48,0.52540094937597,0.666968822479248,0.6388888888888888,0.7439955106621774,0.5384615384615384,0.0,0.4892961084842682,0.4869939514568874,0.1082772793514388,0.22675355630261557,0.0,0.0,0.0,0.0,0.0,18473,global,0.0
3,4,lr5e-05_bs8_drop0p4_temp1p0_a0p25_b0p05__wd1e-04trmiss0_degmodglobal,8,5e-05,0.0001,0.4,1.0,0.25,0.05,lr5e-05_bs8_drop0p4_temp1p0_a0p25_b0p05__wd1e-04trmiss0_degmodglobal,49,0.5234911569527217,0.666935384273529,0.6388888888888888,0.7439955106621774,0.5384615384615384,0.0,0.4973451622894832,0.4837660108293806,0.10623355475919587,0.2633353407893862,0.0,0.0,0.0,0.0,0.0,18473,global,0.0
3,4,lr5e-05_bs8_drop0p4_temp1p0_a0p25_b0p05__wd1e-04trmiss0_degmodglobal,8,5e-05,0.0001,0.4,1.0,0.25,0.05,lr5e-05_bs8_drop0p4_temp1p0_a0p25_b0p05__wd1e-04trmiss0_degmodglobal,50,0.5104232600757054,0.6671495735645294,0.6388888888888888,0.7439955106621774,0.5384615384615384,0.0,0.46570049439157757,0.4742115097386496,0.09548856371215411,0.24679182044097356,0.0,0.0,0.0,0.0,0.0,18473,global,0.0
3,4,lr5e-05_bs8_drop0p4_temp1p0_a0p25_b0p05__wd1e-04trmiss0_degmodglobal,8,5e-05,0.0001,0.4,1.0,0.25,0.05,lr5e-05_bs8_drop0p4_temp1p0_a0p25_b0p05__wd1e-04trmiss0_degmodglobal,51,0.49694181765828815,0.6675287485122681,0.6666666666666666,0.7559002725669393,0.6153846153846154,0.0,0.49411663838795256,0.4633583298751286,0.09786601737141609,0.1823398204786437,0.0,0.0,0.0,0.0,0.0,18473,global,0.0
3,4,lr5e-05_bs8_drop0p4_temp1p0_a0p25_b0p05__wd1e-04trmiss0_degmodglobal,8,5e-05,0.0001,0.4,1.0,0.25,0.05,lr5e-05_bs8_drop0p4_temp1p0_a0p25_b0p05__wd1e-04trmiss0_degmodglobal,52,0.4903239352362497,0.666844367980957,0.6666666666666666,0.7559002725669393,0.6153846153846154,0.0,0.4906689482075827,0.45362421018736704,0.10094256805522102,0.22928182035684586,0.0,0.0,0.0,0.0,0.0,18473,global,0.0
3,4,lr5e-05_bs8_drop0p4_temp1p0_a0p25_b0p05__wd1e-04trmiss0_degmodglobal,8,5e-05,0.0001,0.4,1.0,0.25,0.05,lr5e-05_bs8_drop0p4_temp1p0_a0p25_b0p05__wd1e-04trmiss0_degmodglobal,53,0.49986471022878376,0.6674476861953735,0.6666666666666666,0.7559002725669393,0.6153846153846154,0.0,0.4755184607846396,0.4568160389150892,0.1121917452130999,0.30001455758299145,0.0,0.0,0.0,0.0,0.0,18473,global,0.0
3,4,lr5e-05_bs8_drop0p4_temp1p0_a0p25_b0p05__wd1e-04trmiss0_degmodglobal,8,5e-05,0.0001,0.4,1.0,0.25,0.05,lr5e-05_bs8_drop0p4_temp1p0_a0p25_b0p05__wd1e-04trmiss0_degmodglobal,54,0.4836233982018062,0.6670380234718323,0.6666666666666666,0.7559002725669393,0.6153846153846154,0.0,0.47039739574704853,0.4551085446562086,0.08214320561715535,0.1595811258469309,0.0,0.0,0.0,0.0,0.0,18473,global,0.0
3,4,lr5e-05_bs8_drop0p4_temp1p0_a0p25_b0p05__wd1e-04trmiss0_degmodglobal,8,5e-05,0.0001,0.4,1.0,0.25,0.05,lr5e-05_bs8_drop0p4_temp1p0_a0p25_b0p05__wd1e-04trmiss0_degmodglobal,55,0.4824145564011165,0.6655280292034149,0.6666666666666666,0.7559002725669393,0.6153846153846154,0.0,0.4670187532901764,0.4377912240368979,0.11959393003157207,0.2944969279425485,0.0,0.0,0.0,0.0,0.0,18473,global,0.0
3,4,lr5e-05_bs8_drop0p4_temp1p0_a0p25_b0p05__wd1e-04trmiss0_degmodglobal,8,5e-05,0.0001,0.4,1.0,0.25,0.05,lr5e-05_bs8_drop0p4_temp1p0_a0p25_b0p05__wd1e-04trmiss0_degmodglobal,56,0.498322457075119,0.6681065559387207,0.6666666666666666,0.7559002725669393,0.6923076923076923,0.0,0.48689751965659006,0.4669142280306135,0.08443998598626681,0.20596434814589365,0.0,0.0,0.0,0.0,0.0,18473,global,0.0
3,4,lr5e-05_bs8_drop0p4_temp2p0_a0p25_b0p05__wd1e-04trmiss0_degmodglobal,8,5e-05,0.0001,0.4,2.0,0.25,0.05,lr5e-05_bs8_drop0p4_temp2p0_a0p25_b0p05__wd1e-04trmiss0_degmodglobal,1,0.7033475381987435,0.6897132396697998,0.38888888888888884,0.6918100418100419,0.5384615384615384,0.0,0.7206887687955584,0.6877133931432452,0.0396269400204931,0.1145481818488666,0.0,0.0,0.0,0.0,0.0,18473,global,0.0
3,4,lr5e-05_bs8_drop0p4_temp2p0_a0p25_b0p05__wd1e-04trmiss0_degmodglobal,8,5e-05,0.0001,0.4,2.0,0.25,0.05,lr5e-05_bs8_drop0p4_temp2p0_a0p25_b0p05__wd1e-04trmiss0_degmodglobal,2,0.7023768765585763,0.6891775727272034,0.3888888888888889,0.6896214896214896,0.5384615384615384,0.0,0.6963656118937901,0.676744111946651,0.06340283900499344,0.19564126006194524,0.0,0.0,0.0,0.0,0.0,18473,global,0.0
3,4,lr5e-05_bs8_drop0p4_temp2p0_a0p25_b0p05__wd1e-04trmiss0_degmodglobal,8,5e-05,0.0001,0.4,2.0,0.25,0.05,lr5e-05_bs8_drop0p4_temp2p0_a0p25_b0p05__wd1e-04trmiss0_degmodglobal,3,0.6637476852961949,0.6928593516349792,0.3888888888888889,0.6896214896214896,0.46153846153846156,0.0,0.6601396117891584,0.6454261285918099,0.0518868224961417,0.10699715678180967,0.0,0.0,0.0,0.0,0.0,18473,global,0.0
3,4,lr5e-05_bs8_drop0p4_temp2p0_a0p25_b0p05__wd1e-04trmiss0_degmodglobal,8,5e-05,0.0001,0.4,2.0,0.25,0.05,lr5e-05_bs8_drop0p4_temp2p0_a0p25_b0p05__wd1e-04trmiss0_degmodglobal,4,0.6706683806010655,0.6859242022037506,0.38888888888888884,0.6943713693713693,0.6153846153846154,0.0,0.6476097702980042,0.646595869745527,0.057193007852349965,0.1954852949295725,0.0,0.0,0.0,0.0,0.0,18473,global,0.0
3,4,lr5e-05_bs8_drop0p4_temp2p0_a0p25_b0p05__wd1e-04trmiss0_degmodglobal,8,5e-05,0.0001,0.4,2.0,0.25,0.05,lr5e-05_bs8_drop0p4_temp2p0_a0p25_b0p05__wd1e-04trmiss0_degmodglobal,5,0.6753815497670855,0.6829512119293213,0.4722222222222222,0.7758528508528508,0.6153846153846154,0.0,0.6754986388342721,0.6550688999039787,0.050578358716198375,0.15336103471262114,0.0,0.0,0.0,0.0,0.0,18473,global,0.0
3,4,lr5e-05_bs8_drop0p4_temp2p0_a0p25_b0p05__wd1e-04trmiss0_degmodglobal,8,5e-05,0.0001,0.4,2.0,0.25,0.05,lr5e-05_bs8_drop0p4_temp2p0_a0p25_b0p05__wd1e-04trmiss0_degmodglobal,6,0.6286273768969944,0.6804678738117218,0.4722222222222222,0.7758528508528508,0.6153846153846154,0.0,0.6307588645390102,0.6050730773380825,0.05977118920002665,0.17223015001841954,0.0,0.0,0.0,0.0,0.0,18473,global,0.0
3,4,lr5e-05_bs8_drop0p4_temp2p0_a0p25_b0p05__wd1e-04trmiss0_degmodglobal,8,5e-05,0.0001,0.4,2.0,0.25,0.05,lr5e-05_bs8_drop0p4_temp2p0_a0p25_b0p05__wd1e-04trmiss0_degmodglobal,7,0.639339131968362,0.6833369731903076,0.4722222222222222,0.7758528508528508,0.6153846153846154,0.0,0.6298996806144714,0.6188129527228219,0.05130178374903543,0.15401448096547807,0.0,0.0,0.0,0.0,0.0,18473,global,0.0
3,4,lr5e-05_bs8_drop0p4_temp2p0_a0p25_b0p05__wd1e-04trmiss0_degmodglobal,8,5e-05,0.0001,0.4,2.0,0.25,0.05,lr5e-05_bs8_drop0p4_temp2p0_a0p25_b0p05__wd1e-04trmiss0_degmodglobal,8,0.6287926180022103,0.6785610914230347,0.4722222222222222,0.7758528508528508,0.6153846153846154,0.0,0.6162002086639404,0.6083294323512486,0.053466743656567166,0.1419300101697445,0.0,0.0,0.0,0.0,0.0,18473,global,0.0
3,4,lr5e-05_bs8_drop0p4_temp2p0_a0p25_b0p05__wd1e-04trmiss0_degmodglobal,8,5e-05,0.0001,0.4,2.0,0.25,0.05,lr5e-05_bs8_drop0p4_temp2p0_a0p25_b0p05__wd1e-04trmiss0_degmodglobal,9,0.6357322420392718,0.6706639230251312,0.4722222222222222,0.7758528508528508,0.5384615384615384,0.0,0.5943257893834796,0.6125651001930237,0.06054574464048658,0.16061415949038096,0.0,0.0,0.0,0.0,0.0,18473,global,0.0
3,4,lr5e-05_bs8_drop0p4_temp2p0_a0p25_b0p05__wd1e-04trmiss0_degmodglobal,8,5e-05,0.0001,0.4,2.0,0.25,0.05,lr5e-05_bs8_drop0p4_temp2p0_a0p25_b0p05__wd1e-04trmiss0_degmodglobal,10,0.598306383405413,0.6766270399093628,0.4444444444444444,0.7480750730750731,0.5384615384615384,0.0,0.5794867191995893,0.5702795428889138,0.06935596918421132,0.21375715626137598,0.0,0.0,0.0,0.0,0.0,18473,global,0.0
3,4,lr5e-05_bs8_drop0p4_temp2p0_a0p25_b0p05__wd1e-04trmiss0_degmodglobal,8,5e-05,0.0001,0.4,2.0,0.25,0.05,lr5e-05_bs8_drop0p4_temp2p0_a0p25_b0p05__wd1e-04trmiss0_degmodglobal,11,0.5849047132900783,0.6801242530345917,0.4444444444444444,0.7480750730750731,0.46153846153846156,0.0,0.5838783298219953,0.5649855818067279,0.056684969791344235,0.11495794542133808,0.0,0.0,0.0,0.0,0.0,18473,global,0.0
3,4,lr5e-05_bs8_drop0p4_temp2p0_a0p25_b0p05__wd1e-04trmiss0_degmodglobal,8,5e-05,0.0001,0.4,2.0,0.25,0.05,lr5e-05_bs8_drop0p4_temp2p0_a0p25_b0p05__wd1e-04trmiss0_degmodglobal,12,0.6149201478276934,0.6883114576339722,0.4444444444444444,0.7480750730750731,0.46153846153846156,0.0,0.5722732373646328,0.5913231798580715,0.06364387805972781,0.1537199935742787,0.0,0.0,0.0,0.0,0.0,18473,global,0.0
3,4,lr5e-05_bs8_drop0p4_temp2p0_a0p25_b0p05__wd1e-04trmiss0_degmodglobal,8,5e-05,0.0001,0.4,2.0,0.25,0.05,lr5e-05_bs8_drop0p4_temp2p0_a0p25_b0p05__wd1e-04trmiss0_degmodglobal,13,0.5992503251348223,0.6944553256034851,0.41666666666666663,0.7314084064084063,0.46153846153846156,0.0,0.584477152143206,0.567466846534184,0.0797686433153493,0.2368263676762581,0.0,0.0,0.0,0.0,0.0,18473,global,0.0
3,4,lr5e-05_bs8_drop0p4_temp2p0_a0p25_b0p05__wd1e-04trmiss0_degmodglobal,8,5e-05,0.0001,0.4,2.0,0.25,0.05,lr5e-05_bs8_drop0p4_temp2p0_a0p25_b0p05__wd1e-04trmiss0_degmodglobal,14,0.6041445136070251,0.6922158896923065,0.41666666666666663,0.7314084064084063,0.46153846153846156,0.0,0.5757112673350743,0.5824750661849976,0.06164044274815491,0.12518672166126116,0.0,0.0,0.0,0.0,0.0,18473,global,0.0
3,4,lr5e-05_bs8_drop0p4_temp2p0_a0p25_b0p05__wd1e-04trmiss0_degmodglobal,8,5e-05,0.0001,0.4,2.0,0.25,0.05,lr5e-05_bs8_drop0p4_temp2p0_a0p25_b0p05__wd1e-04trmiss0_degmodglobal,15,0.5991766963686261,0.6881864964962006,0.41666666666666663,0.7314084064084063,0.46153846153846156,0.0,0.5697702978338514,0.5736614636012486,0.07032138268862452,0.15869778873664991,0.0,0.0,0.0,0.0,0.0,18473,global,0.0
3,4,lr5e-05_bs8_drop0p4_temp2p0_a0p25_b0p05__wd1e-04trmiss0_degmodglobal,8,5e-05,0.0001,0.4,2.0,0.25,0.05,lr5e-05_bs8_drop0p4_temp2p0_a0p25_b0p05__wd1e-04trmiss0_degmodglobal,16,0.5692422645432609,0.6850499212741852,0.41666666666666663,0.7314084064084063,0.46153846153846156,0.0,0.5730087501662118,0.5415340832301548,0.07341998336570603,0.18706391405846393,0.0,0.0,0.0,0.0,0.0,18473,global,0.0
3,4,lr5e-05_bs8_drop0p4_temp2p0_a0p25_b0p05__wd1e-04trmiss0_degmodglobal,8,5e-05,0.0001,0.4,2.0,0.25,0.05,lr5e-05_bs8_drop0p4_temp2p0_a0p25_b0p05__wd1e-04trmiss0_degmodglobal,17,0.5708840063640049,0.6866073906421661,0.41666666666666663,0.7314084064084063,0.46153846153846156,0.0,0.5789482082639422,0.5425679939133781,0.07634626275726727,0.18458879632609232,0.0,0.0,0.0,0.0,0.0,18473,global,0.0
3,4,lr5e-05_bs8_drop0p4_temp2p0_a0p25_b0p05__wd1e-04trmiss0_degmodglobal,8,5e-05,0.0001,0.4,2.0,0.25,0.05,lr5e-05_bs8_drop0p4_temp2p0_a0p25_b0p05__wd1e-04trmiss0_degmodglobal,18,0.5907379899706159,0.6884417533874512,0.41666666666666663,0.7314084064084063,0.46153846153846156,0.0,0.5590205448014396,0.56827198607581,0.06118735245295933,0.1433835540499006,0.0,0.0,0.0,0.0,0.0,18473,global,0.0
3,4,lr5e-05_bs8_drop0p4_temp2p0_a0p25_b0p05__wd1e-04trmiss0_degmodglobal,8,5e-05,0.0001,0.4,2.0,0.25,0.05,lr5e-05_bs8_drop0p4_temp2p0_a0p25_b0p05__wd1e-04trmiss0_degmodglobal,19,0.5532001171793256,0.6864313781261444,0.41666666666666663,0.7314084064084063,0.46153846153846156,0.0,0.5295689233711788,0.5275218146187919,0.07276259096605438,0.14975265626396453,0.0,0.0,0.0,0.0,0.0,18473,global,0.0
3,4,lr5e-05_bs8_drop0p4_temp2p0_a0p25_b0p05__wd1e-04trmiss0_degmodglobal,8,5e-05,0.0001,0.4,2.0,0.25,0.05,lr5e-05_bs8_drop0p4_temp2p0_a0p25_b0p05__wd1e-04trmiss0_degmodglobal,20,0.5791039296558925,0.6807477474212646,0.38888888888888884,0.6943713693713693,0.46153846153846156,0.0,0.556172754083361,0.5512859395572117,0.07704979181289673,0.17111103875296457,0.0,0.0,0.0,0.0,0.0,18473,global,0.0
3,4,lr5e-05_bs8_drop0p4_temp2p0_a0p25_b0p05__wd1e-04trmiss0_degmodglobal,8,5e-05,0.0001,0.4,2.0,0.25,0.05,lr5e-05_bs8_drop0p4_temp2p0_a0p25_b0p05__wd1e-04trmiss0_degmodglobal,21,0.5541139883654458,0.6807850003242493,0.4444444444444444,0.7148740148740149,0.46153846153846156,0.0,0.5383906407015664,0.5262785341058459,0.07883925895605769,0.16251283617956297,0.0,0.0,0.0,0.0,0.0,18473,global,0.0
3,4,lr5e-05_bs8_drop0p4_temp2p0_a0p25_b0p05__wd1e-04trmiss0_degmodglobal,8,5e-05,0.0001,0.4,2.0,0.25,0.05,lr5e-05_bs8_drop0p4_temp2p0_a0p25_b0p05__wd1e-04trmiss0_degmodglobal,22,0.5533967529024396,0.6836262345314026,0.4722222222222222,0.7519110519110519,0.46153846153846156,0.0,0.5501837645258222,0.5296108722686768,0.06271034878279481,0.16216597014239856,0.0,0.0,0.0,0.0,0.0,18473,global,0.0
3,4,lr5e-05_bs8_drop0p4_temp2p0_a0p25_b0p05__wd1e-04trmiss0_degmodglobal,8,5e-05,0.0001,0.4,2.0,0.25,0.05,lr5e-05_bs8_drop0p4_temp2p0_a0p25_b0p05__wd1e-04trmiss0_degmodglobal,23,0.5614021590777806,0.6859652698040009,0.4444444444444444,0.7148740148740149,0.46153846153846156,0.0,0.5449627382414681,0.5367833631379264,0.06306682260973114,0.17704175306218012,0.0,0.0,0.0,0.0,0.0,18473,global,0.0
3,4,lr5e-05_bs8_drop0p4_temp2p0_a0p25_b0p05__wd1e-04trmiss0_degmodglobal,8,5e-05,0.0001,0.4,2.0,0.25,0.05,lr5e-05_bs8_drop0p4_temp2p0_a0p25_b0p05__wd1e-04trmiss0_degmodglobal,24,0.5671475785119193,0.6811893582344055,0.4444444444444444,0.7148740148740149,0.46153846153846156,0.0,0.540873042174748,0.5420051727976117,0.07047344158802714,0.1504810420530183,0.0,0.0,0.0,0.0,0.0,18473,global,0.0
3,4,lr5e-05_bs8_drop0p4_temp2p0_a0p25_b0p05__wd1e-04trmiss0_degmodglobal,8,5e-05,0.0001,0.4,2.0,0.25,0.05,lr5e-05_bs8_drop0p4_temp2p0_a0p25_b0p05__wd1e-04trmiss0_degmodglobal,25,0.5331889731543404,0.68388432264328,0.4722222222222222,0.7519110519110519,0.46153846153846156,0.0,0.5430107201848712,0.5071745812892914,0.06867733225226402,0.1769010147878102,0.0,0.0,0.0,0.0,0.0,18473,global,0.0
3,4,lr5e-05_bs8_drop0p4_temp2p0_a0p25_b0p05__wd1e-04trmiss0_degmodglobal,8,5e-05,0.0001,0.4,2.0,0.25,0.05,lr5e-05_bs8_drop0p4_temp2p0_a0p25_b0p05__wd1e-04trmiss0_degmodglobal,26,0.569253649030413,0.6853393316268921,0.4722222222222222,0.7519110519110519,0.46153846153846156,0.0,0.5399965686457497,0.5485299059322902,0.05938291762556348,0.11756014078855515,0.0,0.0,0.0,0.0,0.0,18473,global,0.0
3,4,lr5e-05_bs8_drop0p4_temp2p0_a0p25_b0p05__wd1e-04trmiss0_degmodglobal,8,5e-05,0.0001,0.4,2.0,0.25,0.05,lr5e-05_bs8_drop0p4_temp2p0_a0p25_b0p05__wd1e-04trmiss0_degmodglobal,27,0.5589388694081988,0.6821073293685913,0.4444444444444444,0.7148740148740149,0.46153846153846156,0.0,0.5236666202545166,0.5285787582397461,0.07784391407455717,0.2179829872080258,0.0,0.0,0.0,0.0,0.0,18473,global,0.0
3,4,lr5e-05_bs8_drop0p4_temp2p0_a0p25_b0p05__wd1e-04trmiss0_degmodglobal,8,5e-05,0.0001,0.4,2.0,0.25,0.05,lr5e-05_bs8_drop0p4_temp2p0_a0p25_b0p05__wd1e-04trmiss0_degmodglobal,28,0.5796501210757664,0.6831361651420593,0.4444444444444444,0.7148740148740149,0.46153846153846156,0.0,0.5071199749197278,0.5471083010946002,0.09545176210147994,0.17357778123446874,0.0,0.0,0.0,0.0,0.0,18473,global,0.0
3,4,lr5e-05_bs8_drop0p4_temp2p0_a0p25_b0p05__wd1e-04trmiss0_degmodglobal,8,5e-05,0.0001,0.4,2.0,0.25,0.05,lr5e-05_bs8_drop0p4_temp2p0_a0p25_b0p05__wd1e-04trmiss0_degmodglobal,29,0.5663661531039647,0.6842088103294373,0.4722222222222222,0.7519110519110519,0.46153846153846156,0.0,0.5324597656726837,0.5351668340819222,0.08502492894019399,0.19886175809162004,0.0,0.0,0.0,0.0,0.0,18473,global,0.0
3,4,lr1e-05_bs8_drop0p2_temp1p0_a0p25_b0p05__wd1e-04trmiss0_degmodglobal,8,1e-05,0.0001,0.2,1.0,0.25,0.05,lr1e-05_bs8_drop0p2_temp1p0_a0p25_b0p05__wd1e-04trmiss0_degmodglobal,1,0.6874430520193917,0.6535984575748444,0.7777777777777777,0.9051858635191969,0.7692307692307693,0.0,0.7076677509716579,0.6702109490122113,0.04260768102748053,0.13160372312579835,0.0,0.0,0.0,0.0,0.0,18473,global,0.0
3,4,lr1e-05_bs8_drop0p2_temp1p0_a0p25_b0p05__wd1e-04trmiss0_degmodglobal,8,1e-05,0.0001,0.2,1.0,0.25,0.05,lr1e-05_bs8_drop0p2_temp1p0_a0p25_b0p05__wd1e-04trmiss0_degmodglobal,2,0.7085800170898438,0.6476226150989532,0.7777777777777777,0.9051858635191969,0.7692307692307693,0.0,0.7292111090251377,0.6809399383408683,0.061036844338689535,0.24761756828853063,0.0,0.0,0.0,0.0,0.0,18473,global,0.0
3,4,lr1e-05_bs8_drop0p2_temp1p0_a0p25_b0p05__wd1e-04trmiss0_degmodglobal,8,1e-05,0.0001,0.2,1.0,0.25,0.05,lr1e-05_bs8_drop0p2_temp1p0_a0p25_b0p05__wd1e-04trmiss0_degmodglobal,3,0.7062714781079974,0.644550085067749,0.7777777777777777,0.9051858635191969,0.7692307692307693,0.0,0.7123160447393145,0.687528942312513,0.044967866369656155,0.15001129997628077,0.0,0.0,0.0,0.0,0.0,18473,global,0.0
3,4,lr1e-05_bs8_drop0p2_temp1p0_a0p25_b0p05__wd1e-04trmiss0_degmodglobal,8,1e-05,0.0001,0.2,1.0,0.25,0.05,lr1e-05_bs8_drop0p2_temp1p0_a0p25_b0p05__wd1e-04trmiss0_degmodglobal,4,0.6955195580210004,0.6435708701610565,0.6944444444444444,0.8622846289512958,0.7692307692307693,0.0,0.7063023447990417,0.6774670226233346,0.04122703070087092,0.1549156020794596,0.0,0.0,0.0,0.0,0.0,18473,global,0.0
3,4,lr1e-05_bs8_drop0p2_temp1p0_a0p25_b0p05__wd1e-04trmiss0_degmodglobal,8,1e-05,0.0001,0.2,1.0,0.25,0.05,lr1e-05_bs8_drop0p2_temp1p0_a0p25_b0p05__wd1e-04trmiss0_degmodglobal,5,0.6749586462974548,0.641536295413971,0.6944444444444444,0.8622846289512958,0.7692307692307693,0.0,0.7023990665163312,0.6559713653155735,0.041771924921444485,0.1708859865154539,0.0,0.0,0.0,0.0,0.0,18473,global,0.0
3,4,lr1e-05_bs8_drop0p2_temp1p0_a0p25_b0p05__wd1e-04trmiss0_degmodglobal,8,1e-05,0.0001,0.2,1.0,0.25,0.05,lr1e-05_bs8_drop0p2_temp1p0_a0p25_b0p05__wd1e-04trmiss0_degmodglobal,6,0.6843025599207196,0.6404634416103363,0.6666666666666666,0.8503798670465339,0.6923076923076923,0.0,0.704177907535008,0.6625121746744428,0.04749233541744096,0.19834614119359426,0.0,0.0,0.0,0.0,0.0,18473,global,0.0
3,4,lr1e-05_bs8_drop0p2_temp1p0_a0p25_b0p05__wd1e-04trmiss0_degmodglobal,8,1e-05,0.0001,0.2,1.0,0.25,0.05,lr1e-05_bs8_drop0p2_temp1p0_a0p25_b0p05__wd1e-04trmiss0_degmodglobal,7,0.6655480435916356,0.6440984904766083,0.6666666666666666,0.8593745760412428,0.6923076923076923,0.0,0.6846597364970616,0.6477306825774056,0.039451821574143,0.159088063452925,0.0,0.0,0.0,0.0,0.0,18473,global,0.0
3,4,lr1e-05_bs8_drop0p2_temp1p0_a0p25_b0p05__wd1e-04trmiss0_degmodglobal,8,1e-05,0.0001,0.2,1.0,0.25,0.05,lr1e-05_bs8_drop0p2_temp1p0_a0p25_b0p05__wd1e-04trmiss0_degmodglobal,8,0.6720691919326782,0.6448951959609985,0.6111111111111112,0.844559761226428,0.6923076923076923,0.0,0.6771625110081264,0.6549603002411979,0.03940778864281518,0.14513908113752091,0.0,0.0,0.0,0.0,0.0,18473,global,0.0
3,4,lr1e-05_bs8_drop0p2_temp1p0_a0p25_b0p05__wd1e-04trmiss0_degmodglobal,8,1e-05,0.0001,0.2,1.0,0.25,0.05,lr1e-05_bs8_drop0p2_temp1p0_a0p25_b0p05__wd1e-04trmiss0_degmodglobal,9,0.6489889451435634,0.6468758285045624,0.6111111111111112,0.844559761226428,0.6923076923076923,0.0,0.6630764348166329,0.6332994444029671,0.035938398114272525,0.13409821263381413,0.0,0.0,0.0,0.0,0.0,18473,global,0.0
3,4,lr1e-05_bs8_drop0p2_temp1p0_a0p25_b0p05__wd1e-04trmiss0_degmodglobal,8,1e-05,0.0001,0.2,1.0,0.25,0.05,lr1e-05_bs8_drop0p2_temp1p0_a0p25_b0p05__wd1e-04trmiss0_degmodglobal,10,0.6570228082793099,0.651641309261322,0.6111111111111112,0.844559761226428,0.6923076923076923,0.0,0.6902781043733869,0.6388808914593288,0.038114880344697406,0.1722641768200057,0.0,0.0,0.0,0.0,0.0,18473,global,0.0
3,4,lr1e-05_bs8_drop0p2_temp1p0_a0p25_b0p05__wd1e-04trmiss0_degmodglobal,8,1e-05,0.0001,0.2,1.0,0.25,0.05,lr1e-05_bs8_drop0p2_temp1p0_a0p25_b0p05__wd1e-04trmiss0_degmodglobal,11,0.6527943696294513,0.6510781347751617,0.6111111111111112,0.844559761226428,0.6923076923076923,0.0,0.6758752465248108,0.6381129452160427,0.03320367208548954,0.12761043970073974,0.0,0.0,0.0,0.0,0.0,18473,global,0.0
3,4,lr1e-05_bs8_drop0p2_temp1p0_a0p25_b0p05__wd1e-04trmiss0_degmodglobal,8,1e-05,0.0001,0.2,1.0,0.25,0.05,lr1e-05_bs8_drop0p2_temp1p0_a0p25_b0p05__wd1e-04trmiss0_degmodglobal,12,0.675084011895316,0.6502113044261932,0.6111111111111112,0.844559761226428,0.6923076923076923,0.0,0.6742308139801025,0.6566964558192662,0.041766774973699024,0.158917458994048,0.0,0.0,0.0,0.0,0.0,18473,global,0.0
3,4,lr1e-05_bs8_drop0p2_temp1p0_a0p25_b0p05__wd1e-04trmiss0_degmodglobal,8,1e-05,0.0001,0.2,1.0,0.25,0.05,lr1e-05_bs8_drop0p2_temp1p0_a0p25_b0p05__wd1e-04trmiss0_degmodglobal,13,0.6635081853185382,0.6467390656471252,0.6111111111111112,0.844559761226428,0.6923076923076923,0.0,0.6680009024483817,0.6467068535940987,0.04285039007663727,0.12177471603666033,0.0,0.0,0.0,0.0,0.0,18473,global,0.0
3,4,lr1e-05_bs8_drop0p2_temp1p0_a0p25_b0p05__wd1e-04trmiss0_degmodglobal,8,1e-05,0.0001,0.2,1.0,0.25,0.05,lr1e-05_bs8_drop0p2_temp1p0_a0p25_b0p05__wd1e-04trmiss0_degmodglobal,14,0.6557648522513253,0.6442257463932037,0.6111111111111112,0.844559761226428,0.6923076923076923,0.0,0.6747236762728009,0.6416968362671989,0.03132756985723972,0.12472237114395414,0.0,0.0,0.0,0.0,0.0,18473,global,0.0
3,4,lr1e-05_bs8_drop0p2_temp1p0_a0p25_b0p05__wd1e-04trmiss0_degmodglobal,8,1e-05,0.0001,0.2,1.0,0.25,0.05,lr1e-05_bs8_drop0p2_temp1p0_a0p25_b0p05__wd1e-04trmiss0_degmodglobal,15,0.6531962667192731,0.6440235376358032,0.6388888888888888,0.8577872744539412,0.6923076923076923,0.0,0.6465786354882377,0.6388380697795323,0.03418283217719623,0.11624977311917714,0.0,0.0,0.0,0.0,0.0,18473,global,0.0
3,4,lr1e-05_bs8_drop0p2_temp1p0_a0p25_b0p05__wd1e-04trmiss0_degmodglobal,8,1e-05,0.0001,0.2,1.0,0.25,0.05,lr1e-05_bs8_drop0p2_temp1p0_a0p25_b0p05__wd1e-04trmiss0_degmodglobal,16,0.6599607637950352,0.6424131393432617,0.6388888888888888,0.8577872744539412,0.6923076923076923,0.0,0.6537473286901202,0.6450679046767098,0.033771419897675514,0.12899990273373468,0.0,0.0,0.0,0.0,0.0,18473,global,0.0
3,4,lr1e-05_bs8_drop0p2_temp1p0_a0p25_b0p05__wd1e-04trmiss0_degmodglobal,8,1e-05,0.0001,0.2,1.0,0.25,0.05,lr1e-05_bs8_drop0p2_temp1p0_a0p25_b0p05__wd1e-04trmiss0_degmodglobal,17,0.6427617413657052,0.6445040702819824,0.6388888888888888,0.8577872744539412,0.6923076923076923,0.0,0.6860826696668353,0.6254049454416547,0.038887328069124906,0.1526989968759673,0.0,0.0,0.0,0.0,0.0,18473,global,0.0
3,4,lr1e-05_bs8_drop0p2_temp1p0_a0p25_b0p05__wd1e-04trmiss0_degmodglobal,8,1e-05,0.0001,0.2,1.0,0.25,0.05,lr1e-05_bs8_drop0p2_temp1p0_a0p25_b0p05__wd1e-04trmiss0_degmodglobal,18,0.6468862806047712,0.6439763903617859,0.6388888888888888,0.8577872744539412,0.6923076923076923,0.0,0.6798752546310425,0.6297607932771955,0.037947990000247955,0.15276965179613658,0.0,0.0,0.0,0.0,0.0,18473,global,0.0
3,4,lr1e-05_bs8_drop0p2_temp1p0_a0p25_b0p05__wd1e-04trmiss0_degmodglobal,8,1e-05,0.0001,0.2,1.0,0.25,0.05,lr1e-05_bs8_drop0p2_temp1p0_a0p25_b0p05__wd1e-04trmiss0_degmodglobal,19,0.6447082928248814,0.6466590762138367,0.6388888888888888,0.8577872744539412,0.6923076923076923,0.0,0.6403429508209229,0.6301629798752921,0.03476100867348058,0.11710097747189659,0.0,0.0,0.0,0.0,0.0,18473,global,0.0
3,4,lr1e-05_bs8_drop0p2_temp1p0_a0p25_b0p05__wd1e-04trmiss0_degmodglobal,8,1e-05,0.0001,0.2,1.0,0.25,0.05,lr1e-05_bs8_drop0p2_temp1p0_a0p25_b0p05__wd1e-04trmiss0_degmodglobal,20,0.651791547025953,0.6477193236351013,0.6388888888888888,0.8577872744539412,0.6153846153846154,0.0,0.6412864582879203,0.6334165760449001,0.04133880165006433,0.16080521047115326,0.0,0.0,0.0,0.0,0.0,18473,global,0.0
3,4,lr1e-05_bs8_drop0p2_temp1p0_a0p25_b0p05__wd1e-04trmiss0_degmodglobal,8,1e-05,0.0001,0.2,1.0,0.25,0.05,lr1e-05_bs8_drop0p2_temp1p0_a0p25_b0p05__wd1e-04trmiss0_degmodglobal,21,0.6487040008817401,0.6477226614952087,0.6111111111111112,0.844559761226428,0.6923076923076923,0.0,0.6635381494249616,0.6347110867500305,0.03683834656008652,0.09566653573087283,0.0,0.0,0.0,0.0,0.0,18473,global,0.0
3,4,lr1e-05_bs8_drop0p2_temp1p0_a0p25_b0p05__wd1e-04trmiss0_degmodglobal,8,1e-05,0.0001,0.2,1.0,0.25,0.05,lr1e-05_bs8_drop0p2_temp1p0_a0p25_b0p05__wd1e-04trmiss0_degmodglobal,22,0.6391807794570923,0.6508691310882568,0.6111111111111112,0.844559761226428,0.6153846153846154,0.0,0.6304684451648167,0.6221918037959507,0.03987247177532741,0.14041726929800852,0.0,0.0,0.0,0.0,0.0,18473,global,0.0
3,4,lr1e-05_bs8_drop0p2_temp1p0_a0p25_b0p05__wd1e-04trmiss0_degmodglobal,8,1e-05,0.0001,0.2,1.0,0.25,0.05,lr1e-05_bs8_drop0p2_temp1p0_a0p25_b0p05__wd1e-04trmiss0_degmodglobal,23,0.6348632574081421,0.6514641344547272,0.6111111111111112,0.844559761226428,0.6153846153846154,0.0,0.6543764046260289,0.6166048645973206,0.04221006456230368,0.15411758422851562,0.0,0.0,0.0,0.0,0.0,18473,global,0.0
3,4,lr1e-05_bs8_drop0p2_temp1p0_a0p25_b0p05__wd1e-04trmiss0_degmodglobal,8,1e-05,0.0001,0.2,1.0,0.25,0.05,lr1e-05_bs8_drop0p2_temp1p0_a0p25_b0p05__wd1e-04trmiss0_degmodglobal,24,0.6504019754273551,0.6504632532596588,0.6111111111111112,0.844559761226428,0.6153846153846154,0.0,0.6556302394185748,0.6361371789659772,0.03708523086139134,0.09986967859523636,0.0,0.0,0.0,0.0,0.0,18473,global,0.0
3,4,lr1e-05_bs8_drop0p2_temp1p0_a0p25_b0p05__wd1e-04trmiss0_degmodglobal,8,1e-05,0.0001,0.2,1.0,0.25,0.05,lr1e-05_bs8_drop0p2_temp1p0_a0p25_b0p05__wd1e-04trmiss0_degmodglobal,25,0.6457476701055255,0.6507032215595245,0.6111111111111112,0.844559761226428,0.6153846153846154,0.0,0.6354410903794425,0.6285298040934971,0.04317344352602959,0.12849006269659316,0.0,0.0,0.0,0.0,0.0,18473,global,0.0
3,4,lr1e-05_bs8_drop0p2_temp2p0_a0p25_b0p05__wd1e-04trmiss0_degmodglobal,8,1e-05,0.0001,0.2,2.0,0.25,0.05,lr1e-05_bs8_drop0p2_temp2p0_a0p25_b0p05__wd1e-04trmiss0_degmodglobal,1,0.7414326752935138,0.6844326555728912,0.6944444444444444,0.8657848324514992,0.6153846153846154,0.0,0.7087839416095189,0.7237613030842373,0.04360297402100904,0.13541266268917493,0.0,0.0,0.0,0.0,0.0,18473,global,0.0
3,4,lr1e-05_bs8_drop0p2_temp2p0_a0p25_b0p05__wd1e-04trmiss0_degmodglobal,8,1e-05,0.0001,0.2,2.0,0.25,0.05,lr1e-05_bs8_drop0p2_temp2p0_a0p25_b0p05__wd1e-04trmiss0_degmodglobal,2,0.7296300785882133,0.6823530495166779,0.6944444444444444,0.8657848324514992,0.6153846153846154,0.0,0.6899201699665615,0.7113425220761981,0.04286563130361693,0.15142305780734336,0.0,0.0,0.0,0.0,0.0,18473,global,0.0
3,4,lr1e-05_bs8_drop0p2_temp2p0_a0p25_b0p05__wd1e-04trmiss0_degmodglobal,8,1e-05,0.0001,0.2,2.0,0.25,0.05,lr1e-05_bs8_drop0p2_temp2p0_a0p25_b0p05__wd1e-04trmiss0_degmodglobal,3,0.715239942073822,0.6827603578567505,0.6944444444444444,0.8657848324514992,0.6153846153846154,0.0,0.706328979560307,0.6944024051938739,0.052333494914429526,0.1550832156624113,0.0,0.0,0.0,0.0,0.0,18473,global,0.0
3,4,lr1e-05_bs8_drop0p2_temp2p0_a0p25_b0p05__wd1e-04trmiss0_degmodglobal,8,1e-05,0.0001,0.2,2.0,0.25,0.05,lr1e-05_bs8_drop0p2_temp2p0_a0p25_b0p05__wd1e-04trmiss0_degmodglobal,4,0.7354127935000828,0.6851203441619873,0.6944444444444444,0.8657848324514992,0.5384615384615384,0.0,0.6951011845043727,0.7171173947198051,0.042246711041246145,0.1546742735164506,0.0,0.0,0.0,0.0,0.0,18473,global,0.0
3,4,lr1e-05_bs8_drop0p2_temp2p0_a0p25_b0p05__wd1e-04trmiss0_degmodglobal,8,1e-05,0.0001,0.2,2.0,0.25,0.05,lr1e-05_bs8_drop0p2_temp2p0_a0p25_b0p05__wd1e-04trmiss0_degmodglobal,5,0.718219518661499,0.6819888651371002,0.6666666666666666,0.843562610229277,0.5384615384615384,0.0,0.6847878098487854,0.7042052575520107,0.03498052539569991,0.10538270830043725,0.0,0.0,0.0,0.0,0.0,18473,global,0.0
3,4,lr1e-05_bs8_drop0p2_temp2p0_a0p25_b0p05__wd1e-04trmiss0_degmodglobal,8,1e-05,0.0001,0.2,2.0,0.25,0.05,lr1e-05_bs8_drop0p2_temp2p0_a0p25_b0p05__wd1e-04trmiss0_degmodglobal,6,0.7090690050806318,0.6803410053253174,0.6944444444444444,0.8567901234567903,0.5384615384615384,0.0,0.6759046230997358,0.6925585269927979,0.04091479363186019,0.1256355938634702,0.0,0.0,0.0,0.0,0.0,18473,global,0.0
3,4,lr1e-05_bs8_drop0p2_temp2p0_a0p25_b0p05__wd1e-04trmiss0_degmodglobal,8,1e-05,0.0001,0.2,2.0,0.25,0.05,lr1e-05_bs8_drop0p2_temp2p0_a0p25_b0p05__wd1e-04trmiss0_degmodglobal,7,0.7338223287037441,0.6797156929969788,0.7222222222222222,0.8790123456790124,0.6153846153846154,0.0,0.6814013634409223,0.7206578510148185,0.030889089618410383,0.10884448726262365,0.0,0.0,0.0,0.0,0.0,18473,global,0.0
3,4,lr1e-05_bs8_drop0p2_temp2p0_a0p25_b0p05__wd1e-04trmiss0_degmodglobal,8,1e-05,0.0001,0.2,2.0,0.25,0.05,lr1e-05_bs8_drop0p2_temp2p0_a0p25_b0p05__wd1e-04trmiss0_degmodglobal,8,0.7136083585875375,0.6782945990562439,0.7777777777777778,0.9051066217732886,0.6153846153846154,0.0,0.6814307485307965,0.6908898183277675,0.053543941250869205,0.18665110000542232,0.0,0.0,0.0,0.0,0.0,18473,global,0.0
3,4,lr1e-05_bs8_drop0p2_temp2p0_a0p25_b0p05__wd1e-04trmiss0_degmodglobal,8,1e-05,0.0001,0.2,2.0,0.25,0.05,lr1e-05_bs8_drop0p2_temp2p0_a0p25_b0p05__wd1e-04trmiss0_degmodglobal,9,0.7138942735535758,0.6774849891662598,0.75,0.897530864197531,0.6923076923076923,0.0,0.6631847790309361,0.6975395168576922,0.0384945563439812,0.13462269838367188,0.0,0.0,0.0,0.0,0.0,18473,global,0.0
3,4,lr1e-05_bs8_drop0p2_temp2p0_a0p25_b0p05__wd1e-04trmiss0_degmodglobal,8,1e-05,0.0001,0.2,2.0,0.25,0.05,lr1e-05_bs8_drop0p2_temp2p0_a0p25_b0p05__wd1e-04trmiss0_degmodglobal,10,0.7075040681021554,0.6768229007720947,0.7777777777777778,0.9051066217732886,0.6923076923076923,0.0,0.6624934673309326,0.6890634894371033,0.04389864046658788,0.149318237389837,0.0,0.0,0.0,0.0,0.0,18473,global,0.0
3,4,lr1e-05_bs8_drop0p2_temp2p0_a0p25_b0p05__wd1e-04trmiss0_degmodglobal,8,1e-05,0.0001,0.2,2.0,0.25,0.05,lr1e-05_bs8_drop0p2_temp2p0_a0p25_b0p05__wd1e-04trmiss0_degmodglobal,11,0.7278187274932861,0.6752848029136658,0.7777777777777778,0.9051066217732886,0.6923076923076923,0.0,0.68960154908044,0.7026821800640651,0.058845648009862216,0.208502362881388,0.0,0.0,0.0,0.0,0.0,18473,global,0.0
3,4,lr1e-05_bs8_drop0p2_temp2p0_a0p25_b0p05__wd1e-04trmiss0_degmodglobal,8,1e-05,0.0001,0.2,2.0,0.25,0.05,lr1e-05_bs8_drop0p2_temp2p0_a0p25_b0p05__wd1e-04trmiss0_degmodglobal,12,0.6833147406578064,0.6757713556289673,0.7777777777777778,0.9051066217732886,0.6923076923076923,0.0,0.6802224516868591,0.6649948699133736,0.043898344572101324,0.14690542540379933,0.0,0.0,0.0,0.0,0.0,18473,global,0.0
3,4,lr1e-05_bs8_drop0p2_temp2p0_a0p25_b0p05__wd1e-04trmiss0_degmodglobal,8,1e-05,0.0001,0.2,2.0,0.25,0.05,lr1e-05_bs8_drop0p2_temp2p0_a0p25_b0p05__wd1e-04trmiss0_degmodglobal,13,0.7094050049781799,0.6753071546554565,0.75,0.897530864197531,0.6923076923076923,0.0,0.6593161140169416,0.6877639804567609,0.05078398649181638,0.17890034935304097,0.0,0.0,0.0,0.0,0.0,18473,global,0.0
3,4,lr1e-05_bs8_drop0p2_temp2p0_a0p25_b0p05__wd1e-04trmiss0_degmodglobal,8,1e-05,0.0001,0.2,2.0,0.25,0.05,lr1e-05_bs8_drop0p2_temp2p0_a0p25_b0p05__wd1e-04trmiss0_degmodglobal,14,0.7107891866139003,0.6759569644927979,0.7777777777777777,0.9094356261022929,0.6923076923076923,0.0,0.6494457977158683,0.6894838724817548,0.0509417179439749,0.17139760298388346,0.0,0.0,0.0,0.0,0.0,18473,global,0.0
3,4,lr1e-05_bs8_drop0p2_temp2p0_a0p25_b0p05__wd1e-04trmiss0_degmodglobal,8,1e-05,0.0001,0.2,2.0,0.25,0.05,lr1e-05_bs8_drop0p2_temp2p0_a0p25_b0p05__wd1e-04trmiss0_degmodglobal,15,0.6884442227227348,0.6762608289718628,0.7777777777777777,0.9138278388278389,0.6923076923076923,0.0,0.6655505214418683,0.669642550604684,0.04568972332136972,0.14758495347840445,0.0,0.0,0.0,0.0,0.0,18473,global,0.0
3,4,lr1e-05_bs8_drop0p2_temp2p0_a0p25_b0p05__wd1e-04trmiss0_degmodglobal,8,1e-05,0.0001,0.2,2.0,0.25,0.05,lr1e-05_bs8_drop0p2_temp2p0_a0p25_b0p05__wd1e-04trmiss0_degmodglobal,16,0.7104841044970921,0.6736530065536499,0.8055555555555556,0.9237043820377155,0.6923076923076923,0.0,0.6577404907771519,0.6894970961979457,0.0520650747099093,0.15941487891333445,0.0,0.0,0.0,0.0,0.0,18473,global,0.0
3,4,lr1e-05_bs8_drop0p2_temp2p0_a0p25_b0p05__wd1e-04trmiss0_degmodglobal,8,1e-05,0.0001,0.2,2.0,0.25,0.05,lr1e-05_bs8_drop0p2_temp2p0_a0p25_b0p05__wd1e-04trmiss0_degmodglobal,17,0.6977520074163165,0.6725684702396393,0.8055555555555556,0.9237043820377155,0.6923076923076923,0.0,0.6402231880596706,0.6763402223587036,0.05264450290373394,0.16501316108873912,0.0,0.0,0.0,0.0,0.0,18473,global,0.0
3,4,lr1e-05_bs8_drop0p2_temp2p0_a0p25_b0p05__wd1e-04trmiss0_degmodglobal,8,1e-05,0.0001,0.2,2.0,0.25,0.05,lr1e-05_bs8_drop0p2_temp2p0_a0p25_b0p05__wd1e-04trmiss0_degmodglobal,18,0.6832507848739624,0.6721574068069458,0.8055555555555556,0.9237043820377155,0.6923076923076923,0.0,0.6505885635103498,0.665701687335968,0.04354888839381082,0.1332374465252672,0.0,0.0,0.0,0.0,0.0,18473,global,0.0
3,4,lr1e-05_bs8_drop0p2_temp2p0_a0p25_b0p05__wd1e-04trmiss0_degmodglobal,8,1e-05,0.0001,0.2,2.0,0.25,0.05,lr1e-05_bs8_drop0p2_temp2p0_a0p25_b0p05__wd1e-04trmiss0_degmodglobal,19,0.7140438301222665,0.6746350228786469,0.8055555555555556,0.9237043820377155,0.6923076923076923,0.0,0.655610203742981,0.6940934062004089,0.04588252758341176,0.16959590251956666,0.0,0.0,0.0,0.0,0.0,18473,global,0.0
3,4,lr1e-05_bs8_drop0p2_temp2p0_a0p25_b0p05__wd1e-04trmiss0_degmodglobal,8,1e-05,0.0001,0.2,2.0,0.25,0.05,lr1e-05_bs8_drop0p2_temp2p0_a0p25_b0p05__wd1e-04trmiss0_degmodglobal,20,0.6865237014634269,0.6744149625301361,0.7777777777777777,0.9138278388278389,0.6923076923076923,0.0,0.6462195004735675,0.6691654409681048,0.0431963802714433,0.1311835018651826,0.0,0.0,0.0,0.0,0.0,18473,global,0.0
3,4,lr1e-05_bs8_drop0p2_temp2p0_a0p25_b0p05__wd1e-04trmiss0_degmodglobal,8,1e-05,0.0001,0.2,2.0,0.25,0.05,lr1e-05_bs8_drop0p2_temp2p0_a0p25_b0p05__wd1e-04trmiss0_degmodglobal,21,0.6922217266900199,0.6736762821674347,0.8055555555555556,0.9237043820377155,0.6923076923076923,0.0,0.6608183554240635,0.6718852690287999,0.04985078530652182,0.15747547788279398,0.0,0.0,0.0,0.0,0.0,18473,global,0.0
3,4,lr1e-05_bs8_drop0p2_temp2p0_a0p25_b0p05__wd1e-04trmiss0_degmodglobal,8,1e-05,0.0001,0.2,2.0,0.25,0.05,lr1e-05_bs8_drop0p2_temp2p0_a0p25_b0p05__wd1e-04trmiss0_degmodglobal,22,0.697340088231223,0.6755055785179138,0.7777777777777777,0.9138278388278389,0.6153846153846154,0.0,0.6529624547277179,0.6833849804741996,0.03563600459269115,0.10092208002294813,0.0,0.0,0.0,0.0,0.0,18473,global,0.0
3,4,lr1e-05_bs8_drop0p2_temp2p0_a0p25_b0p05__wd1e-04trmiss0_degmodglobal,8,1e-05,0.0001,0.2,2.0,0.25,0.05,lr1e-05_bs8_drop0p2_temp2p0_a0p25_b0p05__wd1e-04trmiss0_degmodglobal,23,0.6842659967286246,0.6751864552497864,0.7777777777777777,0.9138278388278389,0.6153846153846154,0.0,0.6385646292141506,0.6619050843375069,0.05213546460228307,0.18654093146324158,0.0,0.0,0.0,0.0,0.0,18473,global,0.0
3,4,lr1e-05_bs8_drop0p2_temp2p0_a0p25_b0p05__wd1e-04trmiss0_degmodglobal,8,1e-05,0.0001,0.2,2.0,0.25,0.05,lr1e-05_bs8_drop0p2_temp2p0_a0p25_b0p05__wd1e-04trmiss0_degmodglobal,24,0.680958798953465,0.6772778928279877,0.7777777777777777,0.9138278388278389,0.6153846153846154,0.0,0.6517449872834342,0.665549669946943,0.03674729008759771,0.12444607700620379,0.0,0.0,0.0,0.0,0.0,18473,global,0.0
3,4,lr1e-05_bs8_drop0p2_temp2p0_a0p25_b0p05__wd1e-04trmiss0_degmodglobal,8,1e-05,0.0001,0.2,2.0,0.25,0.05,lr1e-05_bs8_drop0p2_temp2p0_a0p25_b0p05__wd1e-04trmiss0_degmodglobal,25,0.6591864568846566,0.6787203550338745,0.7777777777777777,0.9138278388278389,0.6153846153846154,0.0,0.6310417481831142,0.6407041123935154,0.04394704342952797,0.1499112014259611,0.0,0.0,0.0,0.0,0.0,18473,global,0.0
3,4,lr1e-05_bs8_drop0p2_temp2p0_a0p25_b0p05__wd1e-04trmiss0_degmodglobal,8,1e-05,0.0001,0.2,2.0,0.25,0.05,lr1e-05_bs8_drop0p2_temp2p0_a0p25_b0p05__wd1e-04trmiss0_degmodglobal,26,0.6874319740704128,0.6784085035324097,0.7777777777777777,0.9138278388278389,0.6153846153846154,0.0,0.6128911972045898,0.6647950410842896,0.05337747612169811,0.18585134723356792,0.0,0.0,0.0,0.0,0.0,18473,global,0.0
3,4,lr1e-05_bs8_drop0p2_temp2p0_a0p25_b0p05__wd1e-04trmiss0_degmodglobal,8,1e-05,0.0001,0.2,2.0,0.25,0.05,lr1e-05_bs8_drop0p2_temp2p0_a0p25_b0p05__wd1e-04trmiss0_degmodglobal,27,0.688774585723877,0.6821680963039398,0.7777777777777777,0.9138278388278389,0.6153846153846154,0.0,0.6317404167992728,0.6726668902805873,0.037764123774000576,0.13333349568503244,0.0,0.0,0.0,0.0,0.0,18473,global,0.0
3,4,lr1e-05_bs8_drop0p2_temp2p0_a0p25_b0p05__wd1e-04trmiss0_degmodglobal,8,1e-05,0.0001,0.2,2.0,0.25,0.05,lr1e-05_bs8_drop0p2_temp2p0_a0p25_b0p05__wd1e-04trmiss0_degmodglobal,28,0.6785907319613865,0.6808819770812988,0.75,0.9030253696920365,0.6153846153846154,0.0,0.6332641329084124,0.6558471407209124,0.05582043129418578,0.1757697415138994,0.0,0.0,0.0,0.0,0.0,18473,global,0.0
3,4,lr1e-05_bs8_drop0p2_temp2p0_a0p25_b0p05__wd1e-04trmiss0_degmodglobal,8,1e-05,0.0001,0.2,2.0,0.25,0.05,lr1e-05_bs8_drop0p2_temp2p0_a0p25_b0p05__wd1e-04trmiss0_degmodglobal,29,0.6697368451527187,0.6828447878360748,0.75,0.9108175774842442,0.6153846153846154,0.0,0.5977232541356768,0.6501193642616272,0.04651439535830702,0.15977752102272852,0.0,0.0,0.0,0.0,0.0,18473,global,0.0
3,4,lr1e-05_bs8_drop0p2_temp2p0_a0p25_b0p05__wd1e-04trmiss0_degmodglobal,8,1e-05,0.0001,0.2,2.0,0.25,0.05,lr1e-05_bs8_drop0p2_temp2p0_a0p25_b0p05__wd1e-04trmiss0_degmodglobal,30,0.6668586816106524,0.6841667890548706,0.7222222222222222,0.9040835707502375,0.6153846153846154,0.0,0.6211769665990557,0.6457045674324036,0.0532280257237809,0.15694230156285421,0.0,0.0,0.0,0.0,0.0,18473,global,0.0
3,4,lr1e-05_bs8_drop0p2_temp2p0_a0p25_b0p05__wd1e-04trmiss0_degmodglobal,8,1e-05,0.0001,0.2,2.0,0.25,0.05,lr1e-05_bs8_drop0p2_temp2p0_a0p25_b0p05__wd1e-04trmiss0_degmodglobal,31,0.6755775553839547,0.684404194355011,0.6944444444444444,0.8882105548772217,0.6153846153846154,0.0,0.6191635387284415,0.6521474037851606,0.05408074014953205,0.19819964362042292,0.0,0.0,0.0,0.0,0.0,18473,global,0.0
3,4,lr1e-05_bs8_drop0p2_temp2p0_a0p25_b0p05__wd1e-04trmiss0_degmodglobal,8,1e-05,0.0001,0.2,2.0,0.25,0.05,lr1e-05_bs8_drop0p2_temp2p0_a0p25_b0p05__wd1e-04trmiss0_degmodglobal,32,0.6705410650798252,0.6839158833026886,0.6944444444444444,0.8882105548772217,0.6923076923076923,0.0,0.6154691236359733,0.6540549056870597,0.040413317403623035,0.12765694995011603,0.0,0.0,0.0,0.0,0.0,18473,global,0.0
3,4,lr1e-05_bs8_drop0p2_temp2p0_a0p25_b0p05__wd1e-04trmiss0_degmodglobal,8,1e-05,0.0001,0.2,2.0,0.25,0.05,lr1e-05_bs8_drop0p2_temp2p0_a0p25_b0p05__wd1e-04trmiss0_degmodglobal,33,0.6723205958093915,0.6834292113780975,0.6944444444444444,0.8882105548772217,0.6923076923076923,0.0,0.5889170595577785,0.6564052700996399,0.037969814613461494,0.12845745363405772,0.0,0.0,0.0,0.0,0.0,18473,global,0.0
3,4,lr1e-05_bs8_drop0p2_temp2p0_a0p25_b0p05__wd1e-04trmiss0_degmodglobal,8,1e-05,0.0001,0.2,2.0,0.25,0.05,lr1e-05_bs8_drop0p2_temp2p0_a0p25_b0p05__wd1e-04trmiss0_degmodglobal,34,0.6786112018993923,0.6846383810043335,0.6944444444444444,0.8882105548772217,0.6153846153846154,0.0,0.6135594589369637,0.6587625401360648,0.04781794281942504,0.15788333863019943,0.0,0.0,0.0,0.0,0.0,18473,global,0.0
3,4,lr1e-05_bs8_drop0p2_temp2p0_a0p25_b0p05__wd1e-04trmiss0_degmodglobal,8,1e-05,0.0001,0.2,2.0,0.25,0.05,lr1e-05_bs8_drop0p2_temp2p0_a0p25_b0p05__wd1e-04trmiss0_degmodglobal,35,0.6598276836531503,0.68385449051857,0.6944444444444444,0.8882105548772217,0.6153846153846154,0.0,0.6074137091636658,0.644041725567409,0.0393940308796508,0.11874915074024882,0.0,0.0,0.0,0.0,0.0,18473,global,0.0
3,4,lr1e-05_bs8_drop0p2_temp2p0_a0p25_b0p05__wd1e-04trmiss0_degmodglobal,8,1e-05,0.0001,0.2,2.0,0.25,0.05,lr1e-05_bs8_drop0p2_temp2p0_a0p25_b0p05__wd1e-04trmiss0_degmodglobal,36,0.6641283290726798,0.6844565570354462,0.6944444444444444,0.8882105548772217,0.6153846153846154,0.0,0.6107933095523289,0.6425798450197492,0.054192442180854936,0.16000745498708316,0.0,0.0,0.0,0.0,0.0,18473,global,0.0
3,4,lr1e-05_bs8_drop0p2_temp2p0_a0p25_b0p05__wd1e-04trmiss0_degmodglobal,8,1e-05,0.0001,0.2,2.0,0.25,0.05,lr1e-05_bs8_drop0p2_temp2p0_a0p25_b0p05__wd1e-04trmiss0_degmodglobal,37,0.6858772805758885,0.6833058595657349,0.7222222222222222,0.8949445616112284,0.6153846153846154,0.0,0.6329809767859322,0.6652782218796867,0.045729072498423715,0.18333540856838226,0.0,0.0,0.0,0.0,0.0,18473,global,0.0
3,4,lr1e-05_bs8_drop0p2_temp2p0_a0p25_b0p05__wd1e-04trmiss0_degmodglobal,8,1e-05,0.0001,0.2,2.0,0.25,0.05,lr1e-05_bs8_drop0p2_temp2p0_a0p25_b0p05__wd1e-04trmiss0_degmodglobal,38,0.6815556117466518,0.6794386506080627,0.7222222222222222,0.8949445616112284,0.6923076923076923,0.0,0.6158295358930316,0.6597577929496765,0.05201558555875506,0.17587867751717567,0.0,0.0,0.0,0.0,0.0,18473,global,0.0
3,4,lr1e-05_bs8_drop0p4_temp1p0_a0p25_b0p05__wd1e-04trmiss0_degmodglobal,8,1e-05,0.0001,0.4,1.0,0.25,0.05,lr1e-05_bs8_drop0p4_temp1p0_a0p25_b0p05__wd1e-04trmiss0_degmodglobal,1,0.7869203346116203,0.6906870901584625,0.6944444444444444,0.7667027417027418,0.46153846153846156,0.0,0.676113486289978,0.7590221762657166,0.06891884122576032,0.2133686308349882,0.0,0.0,0.0,0.0,0.0,18473,global,0.0
3,4,lr1e-05_bs8_drop0p4_temp1p0_a0p25_b0p05__wd1e-04trmiss0_degmodglobal,8,1e-05,0.0001,0.4,1.0,0.25,0.05,lr1e-05_bs8_drop0p4_temp1p0_a0p25_b0p05__wd1e-04trmiss0_degmodglobal,2,0.7801297221864972,0.6883612871170044,0.6944444444444444,0.7667027417027418,0.5384615384615384,0.0,0.6765371475900922,0.7578891089984349,0.05772816549454417,0.15617140595402038,0.0,0.0,0.0,0.0,0.0,18473,global,0.0
3,4,lr1e-05_bs8_drop0p4_temp1p0_a0p25_b0p05__wd1e-04trmiss0_degmodglobal,8,1e-05,0.0001,0.4,1.0,0.25,0.05,lr1e-05_bs8_drop0p4_temp1p0_a0p25_b0p05__wd1e-04trmiss0_degmodglobal,3,0.7705137729644775,0.6881100833415985,0.7222222222222222,0.7765792849126183,0.5384615384615384,0.0,0.6671194008418492,0.7443421057292393,0.059241886383720806,0.22722397531781877,0.0,0.0,0.0,0.0,0.0,18473,global,0.0
3,4,lr1e-05_bs8_drop0p4_temp1p0_a0p25_b0p05__wd1e-04trmiss0_degmodglobal,8,1e-05,0.0001,0.4,1.0,0.25,0.05,lr1e-05_bs8_drop0p4_temp1p0_a0p25_b0p05__wd1e-04trmiss0_degmodglobal,4,0.7806824445724487,0.6863171458244324,0.75,0.7856701940035273,0.5384615384615384,0.0,0.6779495818274361,0.7587436778204781,0.05145208803670747,0.18151494328464782,0.0,0.0,0.0,0.0,0.0,18473,global,0.0
3,4,lr1e-05_bs8_drop0p4_temp1p0_a0p25_b0p05__wd1e-04trmiss0_degmodglobal,8,1e-05,0.0001,0.4,1.0,0.25,0.05,lr1e-05_bs8_drop0p4_temp1p0_a0p25_b0p05__wd1e-04trmiss0_degmodglobal,5,0.7901572585105896,0.6842667758464813,0.75,0.7856701940035273,0.5384615384615384,0.0,0.6645662869725909,0.7616737570081439,0.06643796978252274,0.23748024233749934,0.0,0.0,0.0,0.0,0.0,18473,global,0.0
3,4,lr1e-05_bs8_drop0p4_temp1p0_a0p25_b0p05__wd1e-04trmiss0_degmodglobal,8,1e-05,0.0001,0.4,1.0,0.25,0.05,lr1e-05_bs8_drop0p4_temp1p0_a0p25_b0p05__wd1e-04trmiss0_degmodglobal,6,0.7767737848418099,0.6844347417354584,0.75,0.7856701940035273,0.5384615384615384,0.0,0.6529997927801949,0.746901375906808,0.06872995676738876,0.253798423068864,0.0,0.0,0.0,0.0,0.0,18473,global,0.0
3,4,lr1e-05_bs8_drop0p4_temp1p0_a0p25_b0p05__wd1e-04trmiss0_degmodglobal,8,1e-05,0.0001,0.4,1.0,0.25,0.05,lr1e-05_bs8_drop0p4_temp1p0_a0p25_b0p05__wd1e-04trmiss0_degmodglobal,7,0.7813291549682617,0.6880466043949127,0.75,0.7856701940035273,0.5384615384615384,0.0,0.6631454399653843,0.7619574410574776,0.04763730189629963,0.14924740897757666,0.0,0.0,0.0,0.0,0.0,18473,global,0.0
3,4,lr1e-05_bs8_drop0p4_temp1p0_a0p25_b0p05__wd1e-04trmiss0_degmodglobal,8,1e-05,0.0001,0.4,1.0,0.25,0.05,lr1e-05_bs8_drop0p4_temp1p0_a0p25_b0p05__wd1e-04trmiss0_degmodglobal,8,0.7539079019001552,0.688192218542099,0.75,0.7856701940035273,0.5384615384615384,0.0,0.6595246876989093,0.73299126965659,0.05050240457057953,0.1658203282526561,0.0,0.0,0.0,0.0,0.0,18473,global,0.0
3,4,lr1e-05_bs8_drop0p4_temp1p0_a0p25_b0p05__wd1e-04trmiss0_degmodglobal,8,1e-05,0.0001,0.4,1.0,0.25,0.05,lr1e-05_bs8_drop0p4_temp1p0_a0p25_b0p05__wd1e-04trmiss0_degmodglobal,9,0.7654989361763,0.6890589594841003,0.75,0.7856701940035273,0.5384615384615384,0.0,0.6763601388250079,0.7465523736817496,0.043610911550266404,0.1608765795826912,0.0,0.0,0.0,0.0,0.0,18473,global,0.0
3,4,lr1e-05_bs8_drop0p4_temp1p0_a0p25_b0p05__wd1e-04trmiss0_degmodglobal,8,1e-05,0.0001,0.4,1.0,0.25,0.05,lr1e-05_bs8_drop0p4_temp1p0_a0p25_b0p05__wd1e-04trmiss0_degmodglobal,10,0.7758412190846035,0.6894889175891876,0.75,0.7856701940035273,0.5384615384615384,0.0,0.6593192390033177,0.7395121370043073,0.08317744465810913,0.31069435072796686,0.0,0.0,0.0,0.0,0.0,18473,global,0.0
3,4,lr1e-05_bs8_drop0p4_temp1p0_a0p25_b0p05__wd1e-04trmiss0_degmodglobal,8,1e-05,0.0001,0.4,1.0,0.25,0.05,lr1e-05_bs8_drop0p4_temp1p0_a0p25_b0p05__wd1e-04trmiss0_degmodglobal,11,0.7857784714017596,0.6898777186870575,0.75,0.7856701940035273,0.46153846153846156,0.0,0.6375143187386649,0.7495477625301906,0.08461777732840606,0.30152525646345957,0.0,0.0,0.0,0.0,0.0,18473,global,0.0
3,4,lr1e-05_bs8_drop0p4_temp1p0_a0p25_b0p05__wd1e-04trmiss0_degmodglobal,8,1e-05,0.0001,0.4,1.0,0.25,0.05,lr1e-05_bs8_drop0p4_temp1p0_a0p25_b0p05__wd1e-04trmiss0_degmodglobal,12,0.7194866027150836,0.6898957192897797,0.75,0.7856701940035273,0.46153846153846156,0.0,0.6595804606165204,0.7010495747838702,0.04235861397215298,0.15694766491651535,0.0,0.0,0.0,0.0,0.0,18473,global,0.0
3,4,lr1e-05_bs8_drop0p4_temp1p0_a0p25_b0p05__wd1e-04trmiss0_degmodglobal,8,1e-05,0.0001,0.4,1.0,0.25,0.05,lr1e-05_bs8_drop0p4_temp1p0_a0p25_b0p05__wd1e-04trmiss0_degmodglobal,13,0.7726419057164874,0.6932837963104248,0.75,0.7856701940035273,0.46153846153846156,0.0,0.6629129903657096,0.7495805791446141,0.05238553535725389,0.19929850633655274,0.0,0.0,0.0,0.0,0.0,18473,global,0.0
3,4,lr1e-05_bs8_drop0p4_temp1p0_a0p25_b0p05__wd1e-04trmiss0_degmodglobal,8,1e-05,0.0001,0.4,1.0,0.25,0.05,lr1e-05_bs8_drop0p4_temp1p0_a0p25_b0p05__wd1e-04trmiss0_degmodglobal,14,0.7198411311422076,0.6925444304943085,0.75,0.7856701940035273,0.46153846153846156,0.0,0.6154275706836155,0.693657670702253,0.06188097223639488,0.21426422894001007,0.0,0.0,0.0,0.0,0.0,18473,global,0.0
3,4,lr1e-05_bs8_drop0p4_temp1p0_a0p25_b0p05__wd1e-04trmiss0_degmodglobal,8,1e-05,0.0001,0.4,1.0,0.25,0.05,lr1e-05_bs8_drop0p4_temp1p0_a0p25_b0p05__wd1e-04trmiss0_degmodglobal,15,0.7380152600152152,0.6925211846828461,0.75,0.7856701940035273,0.46153846153846156,0.0,0.6410673941884723,0.7131573728152684,0.05724658338086946,0.21092488190957479,0.0,0.0,0.0,0.0,0.0,18473,global,0.0
3,4,lr1e-05_bs8_drop0p4_temp1p0_a0p25_b0p05__wd1e-04trmiss0_degmodglobal,8,1e-05,0.0001,0.4,1.0,0.25,0.05,lr1e-05_bs8_drop0p4_temp1p0_a0p25_b0p05__wd1e-04trmiss0_degmodglobal,16,0.7934252364294869,0.6905208826065063,0.75,0.7856701940035273,0.5384615384615384,0.0,0.6529342787606376,0.7492450220244271,0.10598379958953176,0.3536849857441017,0.0,0.0,0.0,0.0,0.0,18473,global,0.0
3,4,lr1e-05_bs8_drop0p4_temp1p0_a0p25_b0p05__wd1e-04trmiss0_degmodglobal,8,1e-05,0.0001,0.4,1.0,0.25,0.05,lr1e-05_bs8_drop0p4_temp1p0_a0p25_b0p05__wd1e-04trmiss0_degmodglobal,17,0.7363041043281555,0.6883562207221985,0.75,0.7856701940035273,0.5384615384615384,0.0,0.6719048704419818,0.7159324373517718,0.050568100064992905,0.15459252893924713,0.0,0.0,0.0,0.0,0.0,18473,global,0.0
3,4,lr1e-05_bs8_drop0p4_temp1p0_a0p25_b0p05__wd1e-04trmiss0_degmodglobal,8,1e-05,0.0001,0.4,1.0,0.25,0.05,lr1e-05_bs8_drop0p4_temp1p0_a0p25_b0p05__wd1e-04trmiss0_degmodglobal,18,0.7232957141739982,0.6887913346290588,0.75,0.7856701940035273,0.46153846153846156,0.0,0.6451066051210675,0.6963465469224113,0.06291218847036362,0.2244221099785396,0.0,0.0,0.0,0.0,0.0,18473,global,0.0
3,4,lr1e-05_bs8_drop0p4_temp1p0_a0p25_b0p05__wd1e-04trmiss0_degmodglobal,8,1e-05,0.0001,0.4,1.0,0.25,0.05,lr1e-05_bs8_drop0p4_temp1p0_a0p25_b0p05__wd1e-04trmiss0_degmodglobal,19,0.7415122474942889,0.6880978047847748,0.75,0.7856701940035273,0.5384615384615384,0.0,0.6287890757833209,0.7134220429829189,0.06600987884615149,0.23175475001335144,0.0,0.0,0.0,0.0,0.0,18473,global,0.0
3,4,lr1e-05_bs8_drop0p4_temp1p0_a0p25_b0p05__wd1e-04trmiss0_degmodglobal,8,1e-05,0.0001,0.4,1.0,0.25,0.05,lr1e-05_bs8_drop0p4_temp1p0_a0p25_b0p05__wd1e-04trmiss0_degmodglobal,20,0.7471166678837368,0.68763267993927,0.75,0.7856701940035273,0.5384615384615384,0.0,0.6520185555730548,0.7209014126232692,0.0654529295861721,0.19704063343150274,0.0,0.0,0.0,0.0,0.0,18473,global,0.0
3,4,lr1e-05_bs8_drop0p4_temp1p0_a0p25_b0p05__wd1e-04trmiss0_degmodglobal,8,1e-05,0.0001,0.4,1.0,0.25,0.05,lr1e-05_bs8_drop0p4_temp1p0_a0p25_b0p05__wd1e-04trmiss0_degmodglobal,21,0.7713323661259243,0.6896093487739563,0.75,0.7856701940035273,0.38461538461538464,0.0,0.6373727236475263,0.7403028522218976,0.07129592448472977,0.2641107833811215,0.0,0.0,0.0,0.0,0.0,18473,global,0.0
3,4,lr1e-05_bs8_drop0p4_temp1p0_a0p25_b0p05__wd1e-04trmiss0_degmodglobal,8,1e-05,0.0001,0.4,1.0,0.25,0.05,lr1e-05_bs8_drop0p4_temp1p0_a0p25_b0p05__wd1e-04trmiss0_degmodglobal,22,0.6975357702800206,0.6877233982086182,0.75,0.7856701940035273,0.46153846153846156,0.0,0.6642167568206787,0.6787756255694798,0.04848894317235265,0.1327577456831932,0.0,0.0,0.0,0.0,0.0,18473,global,0.0
3,4,lr1e-05_bs8_drop0p4_temp1p0_a0p25_b0p05__wd1e-04trmiss0_degmodglobal,8,1e-05,0.0001,0.4,1.0,0.25,0.05,lr1e-05_bs8_drop0p4_temp1p0_a0p25_b0p05__wd1e-04trmiss0_degmodglobal,23,0.7523016589028495,0.6878501176834106,0.75,0.7856701940035273,0.38461538461538464,0.0,0.5753057599067688,0.7213282329695565,0.07308219000697136,0.2540573328733444,0.0,0.0,0.0,0.0,0.0,18473,global,0.0
3,4,lr1e-05_bs8_drop0p4_temp1p0_a0p25_b0p05__wd1e-04trmiss0_degmodglobal,8,1e-05,0.0001,0.4,1.0,0.25,0.05,lr1e-05_bs8_drop0p4_temp1p0_a0p25_b0p05__wd1e-04trmiss0_degmodglobal,24,0.7403423530714852,0.6879238188266754,0.75,0.7856701940035273,0.38461538461538464,0.0,0.6421146137373788,0.7151005608694894,0.05717795182551656,0.21894636058381625,0.0,0.0,0.0,0.0,0.0,18473,global,0.0
3,4,lr1e-05_bs8_drop0p4_temp1p0_a0p25_b0p05__wd1e-04trmiss0_degmodglobal,8,1e-05,0.0001,0.4,1.0,0.25,0.05,lr1e-05_bs8_drop0p4_temp1p0_a0p25_b0p05__wd1e-04trmiss0_degmodglobal,25,0.7363306113651821,0.6890630424022675,0.75,0.7856701940035273,0.38461538461538464,0.0,0.6224073171615601,0.7081629804202488,0.07268777968628067,0.19991392216512135,0.0,0.0,0.0,0.0,0.0,18473,global,0.0
3,4,lr1e-05_bs8_drop0p4_temp2p0_a0p25_b0p05__wd1e-04trmiss0_degmodglobal,8,1e-05,0.0001,0.4,2.0,0.25,0.05,lr1e-05_bs8_drop0p4_temp2p0_a0p25_b0p05__wd1e-04trmiss0_degmodglobal,1,0.740935036114284,0.7349298894405365,0.1111111111111111,0.541369124702458,0.46153846153846156,0.0,0.7256073866571698,0.713859532560621,0.07069145143032074,0.18805275644574845,0.0,0.0,0.0,0.0,0.0,18473,global,0.0
3,4,lr1e-05_bs8_drop0p4_temp2p0_a0p25_b0p05__wd1e-04trmiss0_degmodglobal,8,1e-05,0.0001,0.4,2.0,0.25,0.05,lr1e-05_bs8_drop0p4_temp2p0_a0p25_b0p05__wd1e-04trmiss0_degmodglobal,2,0.7049586347171238,0.7447530031204224,0.08333333333333333,0.5334326167659501,0.46153846153846156,0.0,0.7095944711140224,0.6797969596726554,0.06339575403503009,0.18625490473849432,0.0,0.0,0.0,0.0,0.0,18473,global,0.0
3,4,lr1e-05_bs8_drop0p4_temp2p0_a0p25_b0p05__wd1e-04trmiss0_degmodglobal,8,1e-05,0.0001,0.4,2.0,0.25,0.05,lr1e-05_bs8_drop0p4_temp2p0_a0p25_b0p05__wd1e-04trmiss0_degmodglobal,3,0.732489355972835,0.7510030269622803,0.08333333333333333,0.5334326167659501,0.46153846153846156,0.0,0.7247557129178729,0.7044861827577863,0.061760114771979194,0.25126244340624126,0.0,0.0,0.0,0.0,0.0,18473,global,0.0
3,4,lr1e-05_bs8_drop0p4_temp2p0_a0p25_b0p05__wd1e-04trmiss0_degmodglobal,8,1e-05,0.0001,0.4,2.0,0.25,0.05,lr1e-05_bs8_drop0p4_temp2p0_a0p25_b0p05__wd1e-04trmiss0_degmodglobal,4,0.7162846156529018,0.7571300864219666,0.08333333333333333,0.5334326167659501,0.46153846153846156,0.0,0.7399213143757412,0.690632803099496,0.05850672455770629,0.22050235526902334,0.0,0.0,0.0,0.0,0.0,18473,global,0.0
3,4,lr1e-05_bs8_drop0p4_temp2p0_a0p25_b0p05__wd1e-04trmiss0_degmodglobal,8,1e-05,0.0001,0.4,2.0,0.25,0.05,lr1e-05_bs8_drop0p4_temp2p0_a0p25_b0p05__wd1e-04trmiss0_degmodglobal,5,0.7212808132171631,0.7599613666534424,0.1111111111111111,0.541369124702458,0.3076923076923077,0.0,0.7274592178208488,0.6920752780778068,0.07389940534319196,0.21461381443909236,0.0,0.0,0.0,0.0,0.0,18473,global,0.0
3,4,lr1e-05_bs8_drop0p4_temp2p0_a0p25_b0p05__wd1e-04trmiss0_degmodglobal,8,1e-05,0.0001,0.4,2.0,0.25,0.05,lr1e-05_bs8_drop0p4_temp2p0_a0p25_b0p05__wd1e-04trmiss0_degmodglobal,6,0.6944426638739449,0.7629206478595734,0.1111111111111111,0.541369124702458,0.3076923076923077,0.0,0.7220845477921622,0.6650568757738385,0.07139214820095471,0.23075515563998902,0.0,0.0,0.0,0.0,0.0,18473,global,0.0
3,4,lr1e-05_bs8_drop0p4_temp2p0_a0p25_b0p05__wd1e-04trmiss0_degmodglobal,8,1e-05,0.0001,0.4,2.0,0.25,0.05,lr1e-05_bs8_drop0p4_temp2p0_a0p25_b0p05__wd1e-04trmiss0_degmodglobal,7,0.7009465183530535,0.7634143829345703,0.08333333333333333,0.5334326167659501,0.3076923076923077,0.0,0.7076538034847805,0.6736419030598232,0.06453720107674599,0.22340633187975203,0.0,0.0,0.0,0.0,0.0,18473,global,0.0
3,4,lr1e-05_bs8_drop0p4_temp2p0_a0p25_b0p05__wd1e-04trmiss0_degmodglobal,8,1e-05,0.0001,0.4,2.0,0.25,0.05,lr1e-05_bs8_drop0p4_temp2p0_a0p25_b0p05__wd1e-04trmiss0_degmodglobal,8,0.6611442225319999,0.7634680271148682,0.1111111111111111,0.541369124702458,0.3076923076923077,0.0,0.6937659978866577,0.6347968408039638,0.062324650053467066,0.21532464346715383,0.0,0.0,0.0,0.0,0.0,18473,global,0.0
3,4,lr1e-05_bs8_drop0p4_temp2p0_a0p25_b0p05__wd1e-04trmiss0_degmodglobal,8,1e-05,0.0001,0.4,2.0,0.25,0.05,lr1e-05_bs8_drop0p4_temp2p0_a0p25_b0p05__wd1e-04trmiss0_degmodglobal,9,0.713826664856502,0.7640771269798279,0.1111111111111111,0.541369124702458,0.3076923076923077,0.0,0.6691687788282122,0.6855194568634033,0.06759853554623467,0.2281512234892164,0.0,0.0,0.0,0.0,0.0,18473,global,0.0
3,4,lr1e-05_bs8_drop0p4_temp2p0_a0p25_b0p05__wd1e-04trmiss0_degmodglobal,8,1e-05,0.0001,0.4,2.0,0.25,0.05,lr1e-05_bs8_drop0p4_temp2p0_a0p25_b0p05__wd1e-04trmiss0_degmodglobal,10,0.6914495996066502,0.7662341892719269,0.1111111111111111,0.541369124702458,0.3076923076923077,0.0,0.7060530696596418,0.6635103566305978,0.06606261591826167,0.22847185603209905,0.0,0.0,0.0,0.0,0.0,18473,global,0.0
3,4,lr1e-05_bs8_drop0p4_temp2p0_a0p25_b0p05__wd1e-04trmiss0_degmodglobal,8,1e-05,0.0001,0.4,2.0,0.25,0.05,lr1e-05_bs8_drop0p4_temp2p0_a0p25_b0p05__wd1e-04trmiss0_degmodglobal,11,0.7088454961776733,0.7644851207733154,0.1111111111111111,0.541369124702458,0.3076923076923077,0.0,0.6907122390610831,0.6795545901571002,0.06884885472910744,0.2415735668369702,0.0,0.0,0.0,0.0,0.0,18473,global,0.0
3,4,lr1e-05_bs8_drop0p4_temp2p0_a0p25_b0p05__wd1e-04trmiss0_degmodglobal,8,1e-05,0.0001,0.4,2.0,0.25,0.05,lr1e-05_bs8_drop0p4_temp2p0_a0p25_b0p05__wd1e-04trmiss0_degmodglobal,12,0.7247388788631984,0.7653169333934784,0.1111111111111111,0.541369124702458,0.3076923076923077,0.0,0.6922036494527545,0.7007031696183341,0.060278676982436864,0.1793204311813627,0.0,0.0,0.0,0.0,0.0,18473,global,0.0
3,4,lr1e-05_bs8_drop0p4_temp2p0_a0p25_b0p05__wd1e-04trmiss0_degmodglobal,8,1e-05,0.0001,0.4,2.0,0.25,0.05,lr1e-05_bs8_drop0p4_temp2p0_a0p25_b0p05__wd1e-04trmiss0_degmodglobal,13,0.7007530757359096,0.7646149694919586,0.1111111111111111,0.541369124702458,0.3076923076923077,0.0,0.7278120943478176,0.673745836530413,0.06073664740792343,0.23646180970328196,0.0,0.0,0.0,0.0,0.0,18473,global,0.0
3,4,lr1e-05_bs8_drop0p4_temp2p0_a0p25_b0p05__wd1e-04trmiss0_degmodglobal,8,1e-05,0.0001,0.4,2.0,0.25,0.05,lr1e-05_bs8_drop0p4_temp2p0_a0p25_b0p05__wd1e-04trmiss0_degmodglobal,14,0.6706574048314776,0.7629288136959076,0.1111111111111111,0.541369124702458,0.3076923076923077,0.0,0.6721949832780021,0.6441440582275391,0.06156174625669207,0.22245828488043376,0.0,0.0,0.0,0.0,0.0,18473,global,0.0
3,4,lr1e-05_bs8_drop0p4_temp2p0_a0p25_b0p05__wd1e-04trmiss0_degmodglobal,8,1e-05,0.0001,0.4,2.0,0.25,0.05,lr1e-05_bs8_drop0p4_temp2p0_a0p25_b0p05__wd1e-04trmiss0_degmodglobal,15,0.6775687762669155,0.7613655030727386,0.1111111111111111,0.541369124702458,0.3076923076923077,0.0,0.7209618772779193,0.6484256897653852,0.06887166468160492,0.23850343908582414,0.0,0.0,0.0,0.0,0.0,18473,global,0.0
3,4,lr1e-05_bs8_drop0p4_temp2p0_a0p25_b0p05__wd1e-04trmiss0_degmodglobal,8,1e-05,0.0001,0.4,2.0,0.25,0.05,lr1e-05_bs8_drop0p4_temp2p0_a0p25_b0p05__wd1e-04trmiss0_degmodglobal,16,0.685323851449149,0.7625218629837036,0.1111111111111111,0.541369124702458,0.3076923076923077,0.0,0.690615006855556,0.6546590839113507,0.07324242857950074,0.2470830636365073,0.0,0.0,0.0,0.0,0.0,18473,global,0.0
3,4,lr1e-05_bs8_drop0p4_temp2p0_a0p25_b0p05__wd1e-04trmiss0_degmodglobal,8,1e-05,0.0001,0.4,2.0,0.25,0.05,lr1e-05_bs8_drop0p4_temp2p0_a0p25_b0p05__wd1e-04trmiss0_degmodglobal,17,0.6641508681433541,0.7619144320487976,0.1111111111111111,0.541369124702458,0.3076923076923077,0.0,0.6797644240515572,0.6348202994891575,0.0657112758074488,0.2580549067684582,0.0,0.0,0.0,0.0,0.0,18473,global,0.0
3,4,lr1e-05_bs8_drop0p4_temp2p0_a0p25_b0p05__wd1e-04trmiss0_degmodglobal,8,1e-05,0.0001,0.4,2.0,0.25,0.05,lr1e-05_bs8_drop0p4_temp2p0_a0p25_b0p05__wd1e-04trmiss0_degmodglobal,18,0.6675469108990261,0.7620141208171844,0.1388888888888889,0.5506283839617172,0.3076923076923077,0.0,0.6761096971375602,0.6418400832584926,0.0600371743951525,0.2139505978141512,0.0,0.0,0.0,0.0,0.0,18473,global,0.0
3,4,lr1e-05_bs8_drop0p4_temp2p0_a0p25_b0p05__wd1e-04trmiss0_degmodglobal,8,1e-05,0.0001,0.4,2.0,0.25,0.05,lr1e-05_bs8_drop0p4_temp2p0_a0p25_b0p05__wd1e-04trmiss0_degmodglobal,19,0.6881095000675747,0.7602831125259399,0.16666666666666666,0.5617394950728285,0.3076923076923077,0.0,0.640707186290196,0.6604035922459194,0.06595404925090927,0.22434794583490916,0.0,0.0,0.0,0.0,0.0,18473,global,0.0
3,4,lr1e-05_bs8_drop0p4_temp2p0_a0p25_b0p05__wd1e-04trmiss0_degmodglobal,8,1e-05,0.0001,0.4,2.0,0.25,0.05,lr1e-05_bs8_drop0p4_temp2p0_a0p25_b0p05__wd1e-04trmiss0_degmodglobal,20,0.6918712939534869,0.7617435455322266,0.16666666666666666,0.5617394950728285,0.3076923076923077,0.0,0.679757262979235,0.6590214371681213,0.07468290839876447,0.2835825192076819,0.0,0.0,0.0,0.0,0.0,18473,global,0.0
3,4,lr1e-05_bs8_drop0p4_temp2p0_a0p25_b0p05__wd1e-04trmiss0_degmodglobal,8,1e-05,0.0001,0.4,2.0,0.25,0.05,lr1e-05_bs8_drop0p4_temp2p0_a0p25_b0p05__wd1e-04trmiss0_degmodglobal,21,0.6774591548102242,0.761947363615036,0.16666666666666666,0.5617394950728285,0.3076923076923077,0.0,0.6683588538851056,0.6524267196655273,0.060941880834954124,0.19593953447682516,0.0,0.0,0.0,0.0,0.0,18473,global,0.0
3,4,lr1e-05_bs8_drop0p4_temp2p0_a0p25_b0p05__wd1e-04trmiss0_degmodglobal,8,1e-05,0.0001,0.4,2.0,0.25,0.05,lr1e-05_bs8_drop0p4_temp2p0_a0p25_b0p05__wd1e-04trmiss0_degmodglobal,22,0.6885860988071987,0.7605559229850769,0.1388888888888889,0.5506283839617172,0.3076923076923077,0.0,0.6923732246671405,0.6584052273205349,0.07606392194117818,0.2232977141227041,0.0,0.0,0.0,0.0,0.0,18473,global,0.0
3,4,lr1e-05_bs8_drop0p4_temp2p0_a0p25_b0p05__wd1e-04trmiss0_degmodglobal,8,1e-05,0.0001,0.4,2.0,0.25,0.05,lr1e-05_bs8_drop0p4_temp2p0_a0p25_b0p05__wd1e-04trmiss0_degmodglobal,23,0.7061835953167507,0.7602087557315826,0.16666666666666666,0.5617394950728285,0.3076923076923077,0.0,0.6559109772954669,0.6771487763949803,0.06975972492780004,0.2318976308618273,0.0,0.0,0.0,0.0,0.0,18473,global,0.0
3,4,lr1e-05_bs8_drop0p4_temp2p0_a0p25_b0p05__wd1e-04trmiss0_degmodglobal,8,1e-05,0.0001,0.4,2.0,0.25,0.05,lr1e-05_bs8_drop0p4_temp2p0_a0p25_b0p05__wd1e-04trmiss0_degmodglobal,24,0.6832595637866429,0.7617084980010986,0.16666666666666666,0.5617394950728285,0.3076923076923077,0.0,0.6902586391993931,0.6565366131918771,0.06687709848795619,0.20007332574043954,0.0,0.0,0.0,0.0,0.0,18473,global,0.0
3,4,lr1e-05_bs8_drop0p4_temp2p0_a0p25_b0p05__wd1e-04trmiss0_degmodglobal,8,1e-05,0.0001,0.4,2.0,0.25,0.05,lr1e-05_bs8_drop0p4_temp2p0_a0p25_b0p05__wd1e-04trmiss0_degmodglobal,25,0.7160920415605817,0.7612985372543335,0.16666666666666666,0.5617394950728285,0.3076923076923077,0.0,0.6789986576352801,0.6824718628610883,0.07299754662173134,0.30741611974579947,0.0,0.0,0.0,0.0,0.0,18473,global,0.0
3,4,lr1e-05_bs8_drop0p4_temp2p0_a0p25_b0p05__wd1e-04trmiss0_degmodglobal,8,1e-05,0.0001,0.4,2.0,0.25,0.05,lr1e-05_bs8_drop0p4_temp2p0_a0p25_b0p05__wd1e-04trmiss0_degmodglobal,26,0.6774744817188808,0.7585057318210602,0.16666666666666666,0.5617394950728285,0.3076923076923077,0.0,0.6625482610293797,0.6499564903123038,0.06622784797634397,0.21922049352100917,0.0,0.0,0.0,0.0,0.0,18473,global,0.0
3,4,lr1e-05_bs8_drop0p4_temp2p0_a0p25_b0p05__wd1e-04trmiss0_degmodglobal,8,1e-05,0.0001,0.4,2.0,0.25,0.05,lr1e-05_bs8_drop0p4_temp2p0_a0p25_b0p05__wd1e-04trmiss0_degmodglobal,27,0.6813632334981646,0.7580294907093048,0.16666666666666666,0.5617394950728285,0.3076923076923077,0.0,0.667120099067688,0.6528528247560773,0.06804321333765984,0.2299923864858491,0.0,0.0,0.0,0.0,0.0,18473,global,0.0
3,4,lr1e-05_bs8_drop0p4_temp2p0_a0p25_b0p05__wd1e-04trmiss0_degmodglobal,8,1e-05,0.0001,0.4,2.0,0.25,0.05,lr1e-05_bs8_drop0p4_temp2p0_a0p25_b0p05__wd1e-04trmiss0_degmodglobal,28,0.6710579650742667,0.7599984705448151,0.16666666666666666,0.5617394950728285,0.3076923076923077,0.0,0.6743290764944894,0.6417207973343986,0.0682130658200809,0.24567799270153046,0.0,0.0,0.0,0.0,0.0,18473,global,0.0
3,4,lr1e-05_bs8_drop0p4_temp2p0_a0p25_b0p05__wd1e-04trmiss0_degmodglobal,8,1e-05,0.0001,0.4,2.0,0.25,0.05,lr1e-05_bs8_drop0p4_temp2p0_a0p25_b0p05__wd1e-04trmiss0_degmodglobal,29,0.665467517716544,0.7583346366882324,0.16666666666666666,0.5617394950728285,0.3076923076923077,0.0,0.6480128254209246,0.6377647689410618,0.06804945000580379,0.21380749770573207,0.0,0.0,0.0,0.0,0.0,18473,global,0.0
3,4,lr1e-05_bs8_drop0p4_temp2p0_a0p25_b0p05__wd1e-04trmiss0_degmodglobal,8,1e-05,0.0001,0.4,2.0,0.25,0.05,lr1e-05_bs8_drop0p4_temp2p0_a0p25_b0p05__wd1e-04trmiss0_degmodglobal,30,0.6761198469570705,0.7610285580158234,0.16666666666666666,0.5617394950728285,0.3076923076923077,0.0,0.7021178262574332,0.6464319995471409,0.06788649250354085,0.25432452133723665,0.0,0.0,0.0,0.0,0.0,18473,global,0.0
3,4,lr1e-05_bs8_drop0p4_temp2p0_a0p25_b0p05__wd1e-04trmiss0_degmodglobal,8,1e-05,0.0001,0.4,2.0,0.25,0.05,lr1e-05_bs8_drop0p4_temp2p0_a0p25_b0p05__wd1e-04trmiss0_degmodglobal,31,0.7105190328189305,0.760826826095581,0.16666666666666666,0.5617394950728285,0.3076923076923077,0.0,0.6554858769689288,0.6808898363794599,0.07496876429234232,0.21773994181837356,0.0,0.0,0.0,0.0,0.0,18473,global,0.0
3,4,lr1e-05_bs8_drop0p4_temp2p0_a0p25_b0p05__wd1e-04trmiss0_degmodglobal,8,1e-05,0.0001,0.4,2.0,0.25,0.05,lr1e-05_bs8_drop0p4_temp2p0_a0p25_b0p05__wd1e-04trmiss0_degmodglobal,32,0.6872012615203857,0.7581824660301208,0.16666666666666666,0.5617394950728285,0.3076923076923077,0.0,0.6618629097938538,0.6512617128235954,0.07876472654087203,0.3249672140393938,0.0,0.0,0.0,0.0,0.0,18473,global,0.0
3,4,lr1e-05_bs8_drop0p4_temp2p0_a0p25_b0p05__wd1e-04trmiss0_degmodglobal,8,1e-05,0.0001,0.4,2.0,0.25,0.05,lr1e-05_bs8_drop0p4_temp2p0_a0p25_b0p05__wd1e-04trmiss0_degmodglobal,33,0.6749075395720345,0.7573963701725006,0.16666666666666666,0.5617394950728285,0.3076923076923077,0.0,0.6618477787290301,0.6458504370280674,0.06727302606616702,0.2447769194841385,0.0,0.0,0.0,0.0,0.0,18473,global,0.0
3,4,lr1e-05_bs8_drop0p4_temp2p0_a0p25_b0p05__wd1e-04trmiss0_degmodglobal,8,1e-05,0.0001,0.4,2.0,0.25,0.05,lr1e-05_bs8_drop0p4_temp2p0_a0p25_b0p05__wd1e-04trmiss0_degmodglobal,34,0.6720139299120221,0.7578381299972534,0.16666666666666666,0.5617394950728285,0.3076923076923077,0.0,0.6436476622309003,0.647220424243382,0.055456578199352534,0.21858704090118408,0.0,0.0,0.0,0.0,0.0,18473,global,0.0
3,4,lr1e-05_bs8_drop0p4_temp2p0_a0p25_b0p05__wd1e-04trmiss0_degmodglobal,8,1e-05,0.0001,0.4,2.0,0.25,0.05,lr1e-05_bs8_drop0p4_temp2p0_a0p25_b0p05__wd1e-04trmiss0_degmodglobal,35,0.6830691780362811,0.7547320425510406,0.16666666666666666,0.5617394950728285,0.3076923076923077,0.0,0.6647617220878601,0.6518482310431344,0.07155070081353188,0.266665660909244,0.0,0.0,0.0,0.0,0.0,18473,global,0.0
3,4,lr1e-05_bs8_drop0p4_temp2p0_a0p25_b0p05__wd1e-04trmiss0_degmodglobal,8,1e-05,0.0001,0.4,2.0,0.25,0.05,lr1e-05_bs8_drop0p4_temp2p0_a0p25_b0p05__wd1e-04trmiss0_degmodglobal,36,0.6983909351485116,0.7572605907917023,0.16666666666666666,0.5617394950728285,0.3076923076923077,0.0,0.6450566393988473,0.6650504725319999,0.07861029516373362,0.2737578728369304,0.0,0.0,0.0,0.0,0.0,18473,global,0.0
3,4,lr1e-05_bs8_drop0p4_temp2p0_a0p25_b0p05__wd1e-04trmiss0_degmodglobal,8,1e-05,0.0001,0.4,2.0,0.25,0.05,lr1e-05_bs8_drop0p4_temp2p0_a0p25_b0p05__wd1e-04trmiss0_degmodglobal,37,0.6782702377864293,0.7547154724597931,0.16666666666666666,0.5617394950728285,0.3076923076923077,0.0,0.6443734083856855,0.6443547095571246,0.08320656418800354,0.26227780537945883,0.0,0.0,0.0,0.0,0.0,18473,global,0.0
3,4,lr1e-05_bs8_drop0p4_temp2p0_a0p25_b0p05__wd1e-04trmiss0_degmodglobal,8,1e-05,0.0001,0.4,2.0,0.25,0.05,lr1e-05_bs8_drop0p4_temp2p0_a0p25_b0p05__wd1e-04trmiss0_degmodglobal,38,0.6742267182895115,0.7578376233577728,0.16666666666666666,0.5617394950728285,0.3076923076923077,0.0,0.6481373139790126,0.6404836092676435,0.08221063922558512,0.2638090763773237,0.0,0.0,0.0,0.0,0.0,18473,global,0.0
3,4,lr1e-05_bs8_drop0p4_temp2p0_a0p25_b0p05__wd1e-04trmiss0_degmodglobal,8,1e-05,0.0001,0.4,2.0,0.25,0.05,lr1e-05_bs8_drop0p4_temp2p0_a0p25_b0p05__wd1e-04trmiss0_degmodglobal,39,0.6697593246187482,0.757204532623291,0.16666666666666666,0.5617394950728285,0.3076923076923077,0.0,0.635179340839386,0.6358336210250854,0.07645527379853385,0.29623753471033915,0.0,0.0,0.0,0.0,0.0,18473,global,0.0
3,4,lr1e-05_bs8_drop0p4_temp2p0_a0p25_b0p05__wd1e-04trmiss0_degmodglobal,8,1e-05,0.0001,0.4,2.0,0.25,0.05,lr1e-05_bs8_drop0p4_temp2p0_a0p25_b0p05__wd1e-04trmiss0_degmodglobal,40,0.663846092564719,0.7588075399398804,0.16666666666666666,0.5617394950728285,0.3076923076923077,0.0,0.6149790201868329,0.6364477276802063,0.06558664568832942,0.22003401815891266,0.0,0.0,0.0,0.0,0.0,18473,global,0.0
3,4,lr1e-05_bs8_drop0p4_temp2p0_a0p25_b0p05__wd1e-04trmiss0_degmodglobal,8,1e-05,0.0001,0.4,2.0,0.25,0.05,lr1e-05_bs8_drop0p4_temp2p0_a0p25_b0p05__wd1e-04trmiss0_degmodglobal,41,0.6799791625567845,0.7606375515460968,0.16666666666666666,0.5617394950728285,0.3076923076923077,0.0,0.7026486907686506,0.6535974826131549,0.0601941921881267,0.2266626177089555,0.0,0.0,0.0,0.0,0.0,18473,global,0.0
3,4,lr1e-05_bs8_drop0p4_temp2p0_a0p25_b0p05__wd1e-04trmiss0_degmodglobal,8,1e-05,0.0001,0.4,2.0,0.25,0.05,lr1e-05_bs8_drop0p4_temp2p0_a0p25_b0p05__wd1e-04trmiss0_degmodglobal,42,0.6742520587784904,0.7595554292201996,0.16666666666666666,0.5617394950728285,0.3076923076923077,0.0,0.6666093638965062,0.6419464690344674,0.07513169891067914,0.2704534637076514,0.0,0.0,0.0,0.0,0.0,18473,global,0.0
3,4,lr1e-05_bs8_drop0p4_temp2p0_a0p25_b0p05__wd1e-04trmiss0_degmodglobal,8,1e-05,0.0001,0.4,2.0,0.25,0.05,lr1e-05_bs8_drop0p4_temp2p0_a0p25_b0p05__wd1e-04trmiss0_degmodglobal,43,0.6908218094280788,0.7586317360401154,0.16666666666666666,0.5617394950728285,0.3076923076923077,0.0,0.629667980330331,0.66146434204919,0.07053222666893687,0.23448841060910905,0.0,0.0,0.0,0.0,0.0,18473,global,0.0
3,4,lr1e-05_bs8_drop0p4_temp2p0_a0p25_b0p05__wd1e-04trmiss0_degmodglobal,8,1e-05,0.0001,0.4,2.0,0.25,0.05,lr1e-05_bs8_drop0p4_temp2p0_a0p25_b0p05__wd1e-04trmiss0_degmodglobal,44,0.6850023525101798,0.7579987943172455,0.16666666666666666,0.5617394950728285,0.3076923076923077,0.0,0.6447856000491551,0.655102184840611,0.07778338236468178,0.20908660122326442,0.0,0.0,0.0,0.0,0.0,18473,global,0.0
3,4,lr1e-05_bs8_drop0p4_temp2p0_a0p25_b0p05__wd1e-04trmiss0_degmodglobal,8,1e-05,0.0001,0.4,2.0,0.25,0.05,lr1e-05_bs8_drop0p4_temp2p0_a0p25_b0p05__wd1e-04trmiss0_degmodglobal,45,0.6709652968815395,0.7563275992870331,0.16666666666666666,0.5617394950728285,0.3076923076923077,0.0,0.653496333530971,0.6350794093949454,0.08874956518411636,0.2739701909678323,0.0,0.0,0.0,0.0,0.0,18473,global,0.0
3,4,lr1e-05_bs8_drop0p4_temp2p0_a0p25_b0p05__wd1e-04trmiss0_degmodglobal,8,1e-05,0.0001,0.4,2.0,0.25,0.05,lr1e-05_bs8_drop0p4_temp2p0_a0p25_b0p05__wd1e-04trmiss0_degmodglobal,46,0.686672738620213,0.7556819021701813,0.19444444444444442,0.5728506061839396,0.3076923076923077,0.0,0.6383064389228821,0.6575875452586583,0.07140196487307549,0.22469384116785868,0.0,0.0,0.0,0.0,0.0,18473,global,0.0
3,4,lr1e-05_bs8_drop0p4_temp2p0_a0p25_b0p05__wd1e-04trmiss0_degmodglobal,8,1e-05,0.0001,0.4,2.0,0.25,0.05,lr1e-05_bs8_drop0p4_temp2p0_a0p25_b0p05__wd1e-04trmiss0_degmodglobal,47,0.6642487985747201,0.7576822936534882,0.19444444444444442,0.5728506061839396,0.3076923076923077,0.0,0.6119960801942008,0.6351437824113029,0.06770945127521243,0.2435529785496848,0.0,0.0,0.0,0.0,0.0,18473,global,0.0
3,4,lr1e-05_bs8_drop0p4_temp2p0_a0p25_b0p05__wd1e-04trmiss0_degmodglobal,8,1e-05,0.0001,0.4,2.0,0.25,0.05,lr1e-05_bs8_drop0p4_temp2p0_a0p25_b0p05__wd1e-04trmiss0_degmodglobal,48,0.6859520248004368,0.7578210532665253,0.19444444444444442,0.5728506061839396,0.3076923076923077,0.0,0.6611115166119167,0.6586475627762931,0.06415119022130966,0.22533355333975383,0.0,0.0,0.0,0.0,0.0,18473,global,0.0
3,4,lr1e-05_bs8_drop0p4_temp2p0_a0p25_b0p05__wd1e-04trmiss0_degmodglobal,8,1e-05,0.0001,0.4,2.0,0.25,0.05,lr1e-05_bs8_drop0p4_temp2p0_a0p25_b0p05__wd1e-04trmiss0_degmodglobal,49,0.6838770679065159,0.7579042911529541,0.19444444444444442,0.5728506061839396,0.3076923076923077,0.0,0.613388683114733,0.6541573234966823,0.07660066708922386,0.21139140852860042,0.0,0.0,0.0,0.0,0.0,18473,global,0.0
3,4,lr1e-05_bs8_drop0p4_temp2p0_a0p25_b0p05__wd1e-04trmiss0_degmodglobal,8,1e-05,0.0001,0.4,2.0,0.25,0.05,lr1e-05_bs8_drop0p4_temp2p0_a0p25_b0p05__wd1e-04trmiss0_degmodglobal,50,0.7046124935150146,0.7589038908481598,0.19444444444444442,0.5728506061839396,0.3076923076923077,0.0,0.6191362908908299,0.6690237692424229,0.08077134138771466,0.3079181717974799,0.0,0.0,0.0,0.0,0.0,18473,global,0.0
3,4,lr1e-05_bs8_drop0p4_temp2p0_a0p25_b0p05__wd1e-04trmiss0_degmodglobal,8,1e-05,0.0001,0.4,2.0,0.25,0.05,lr1e-05_bs8_drop0p4_temp2p0_a0p25_b0p05__wd1e-04trmiss0_degmodglobal,51,0.7076564686638969,0.7549428045749664,0.19444444444444442,0.5728506061839396,0.3076923076923077,0.0,0.6308419832161495,0.6736715861729213,0.07858213729092053,0.2867867818900517,0.0,0.0,0.0,0.0,0.0,18473,global,0.0
3,4,lr1e-05_bs8_drop0p4_temp2p0_a0p25_b0p05__wd1e-04trmiss0_degmodglobal,8,1e-05,0.0001,0.4,2.0,0.25,0.05,lr1e-05_bs8_drop0p4_temp2p0_a0p25_b0p05__wd1e-04trmiss0_degmodglobal,52,0.6620935201644897,0.7568022012710571,0.16666666666666666,0.5617394950728285,0.3076923076923077,0.0,0.5968993050711495,0.6304810728345599,0.07566254905291966,0.25393652277333395,0.0,0.0,0.0,0.0,0.0,18473,global,0.0
3,4,lr1e-05_bs8_drop0p4_temp2p0_a0p25_b0p05__wd1e-04trmiss0_degmodglobal,8,1e-05,0.0001,0.4,2.0,0.25,0.05,lr1e-05_bs8_drop0p4_temp2p0_a0p25_b0p05__wd1e-04trmiss0_degmodglobal,53,0.6922289133071899,0.758087545633316,0.16666666666666666,0.5617394950728285,0.3076923076923077,0.0,0.6590195723942348,0.6659856268337795,0.06751049256750516,0.18731374612876348,0.0,0.0,0.0,0.0,0.0,18473,global,0.0
3,4,lr1e-05_bs8_drop0p4_temp2p0_a0p25_b0p05__wd1e-04trmiss0_degmodglobal,8,1e-05,0.0001,0.4,2.0,0.25,0.05,lr1e-05_bs8_drop0p4_temp2p0_a0p25_b0p05__wd1e-04trmiss0_degmodglobal,54,0.684604925768716,0.7586190104484558,0.16666666666666666,0.5617394950728285,0.3076923076923077,0.0,0.5984307868140084,0.6610803774424961,0.057866918721369336,0.18115634790488652,0.0,0.0,0.0,0.0,0.0,18473,global,0.0
3,4,lr1e-05_bs8_drop0p4_temp2p0_a0p25_b0p05__wd1e-04trmiss0_degmodglobal,8,1e-05,0.0001,0.4,2.0,0.25,0.05,lr1e-05_bs8_drop0p4_temp2p0_a0p25_b0p05__wd1e-04trmiss0_degmodglobal,55,0.6879602926118034,0.7596003711223602,0.16666666666666666,0.5617394950728285,0.3076923076923077,0.0,0.6171671833310809,0.6609668391091483,0.06476411116974694,0.21604809963277408,0.0,0.0,0.0,0.0,0.0,18473,global,0.0
3,4,lr1e-05_bs8_drop0p4_temp2p0_a0p25_b0p05__wd1e-04trmiss0_degmodglobal,8,1e-05,0.0001,0.4,2.0,0.25,0.05,lr1e-05_bs8_drop0p4_temp2p0_a0p25_b0p05__wd1e-04trmiss0_degmodglobal,56,0.680759242602757,0.7582160532474518,0.16666666666666666,0.5617394950728285,0.3076923076923077,0.0,0.6449105313846043,0.6535996879850116,0.06351097300648689,0.22563633961336954,0.0,0.0,0.0,0.0,0.0,18473,global,0.0
3,4,lr1e-05_bs8_drop0p4_temp2p0_a0p25_b0p05__wd1e-04trmiss0_degmodglobal,8,1e-05,0.0001,0.4,2.0,0.25,0.05,lr1e-05_bs8_drop0p4_temp2p0_a0p25_b0p05__wd1e-04trmiss0_degmodglobal,57,0.7071637681552342,0.7589026391506195,0.19444444444444442,0.5728506061839396,0.38461538461538464,0.0,0.654382586479187,0.6802944200379508,0.06211366770522935,0.22681882551738194,0.0,0.0,0.0,0.0,0.0,18473,global,0.0
3,4,lr1e-05_bs8_drop0p4_temp2p0_a0p25_b0p05__wd1e-04trmiss0_degmodglobal,8,1e-05,0.0001,0.4,2.0,0.25,0.05,lr1e-05_bs8_drop0p4_temp2p0_a0p25_b0p05__wd1e-04trmiss0_degmodglobal,58,0.6458551628249032,0.7569951117038727,0.19444444444444442,0.5728506061839396,0.3076923076923077,0.0,0.6234751428876605,0.612303444317409,0.0832316300698689,0.2548762730189732,0.0,0.0,0.0,0.0,0.0,18473,global,0.0
3,4,lr1e-05_bs8_drop0p4_temp2p0_a0p25_b0p05__wd1e-04trmiss0_degmodglobal,8,1e-05,0.0001,0.4,2.0,0.25,0.05,lr1e-05_bs8_drop0p4_temp2p0_a0p25_b0p05__wd1e-04trmiss0_degmodglobal,59,0.653509897845132,0.7585884034633636,0.16666666666666666,0.5617394950728285,0.3076923076923077,0.0,0.5929774429116931,0.6259442823273795,0.06986553780734539,0.20198470460517065,0.0,0.0,0.0,0.0,0.0,18473,global,0.0
3,4,lr1e-05_bs8_drop0p4_temp2p0_a0p25_b0p05__wd1e-04trmiss0_degmodglobal,8,1e-05,0.0001,0.4,2.0,0.25,0.05,lr1e-05_bs8_drop0p4_temp2p0_a0p25_b0p05__wd1e-04trmiss0_degmodglobal,60,0.6544344850948879,0.75792396068573,0.16666666666666666,0.5617394950728285,0.3076923076923077,0.0,0.6314810769898551,0.6260411143302917,0.07290565222501755,0.20333920632089889,0.0,0.0,0.0,0.0,0.0,18473,global,0.0
3,4,lr1e-05_bs8_drop0p4_temp2p0_a0p25_b0p05__wd1e-04trmiss0_degmodglobal,8,1e-05,0.0001,0.4,2.0,0.25,0.05,lr1e-05_bs8_drop0p4_temp2p0_a0p25_b0p05__wd1e-04trmiss0_degmodglobal,61,0.6974858215876988,0.7574677765369415,0.16666666666666666,0.5617394950728285,0.3076923076923077,0.0,0.6248193383216858,0.6693806307656425,0.06953014752694539,0.2144529606614794,0.0,0.0,0.0,0.0,0.0,18473,global,0.0
3,4,lr1e-05_bs8_drop0p4_temp2p0_a0p25_b0p05__wd1e-04trmiss0_degmodglobal,8,1e-05,0.0001,0.4,2.0,0.25,0.05,lr1e-05_bs8_drop0p4_temp2p0_a0p25_b0p05__wd1e-04trmiss0_degmodglobal,62,0.6666575414793832,0.7595801651477814,0.16666666666666666,0.5617394950728285,0.3076923076923077,0.0,0.6305553827966962,0.6392835634095329,0.06935101534639086,0.2007245495915413,0.0,0.0,0.0,0.0,0.0,18473,global,0.0
3,4,lr1e-05_bs8_drop0p4_temp2p0_a0p25_b0p05__wd1e-04trmiss0_degmodglobal,8,1e-05,0.0001,0.4,2.0,0.25,0.05,lr1e-05_bs8_drop0p4_temp2p0_a0p25_b0p05__wd1e-04trmiss0_degmodglobal,63,0.6811831678662982,0.7594255208969116,0.19444444444444442,0.5728506061839396,0.38461538461538464,0.0,0.6362221666744777,0.6430537360055106,0.08872541838458606,0.31896139681339264,0.0,0.0,0.0,0.0,0.0,18473,global,0.0
3,4,lr1e-05_bs8_drop0p4_temp2p0_a0p25_b0p05__wd1e-04trmiss0_degmodglobal,8,1e-05,0.0001,0.4,2.0,0.25,0.05,lr1e-05_bs8_drop0p4_temp2p0_a0p25_b0p05__wd1e-04trmiss0_degmodglobal,64,0.6831269434520176,0.7578678131103516,0.19444444444444442,0.5728506061839396,0.3076923076923077,0.0,0.6402388129915509,0.6587523136820111,0.06443767356021064,0.16530399769544601,0.0,0.0,0.0,0.0,0.0,18473,global,0.0
3,4,lr1e-05_bs8_drop0p4_temp2p0_a0p25_b0p05__wd1e-04trmiss0_degmodglobal,8,1e-05,0.0001,0.4,2.0,0.25,0.05,lr1e-05_bs8_drop0p4_temp2p0_a0p25_b0p05__wd1e-04trmiss0_degmodglobal,65,0.6424479399408612,0.757475346326828,0.16666666666666666,0.5617394950728285,0.3076923076923077,0.0,0.6183858002935138,0.6139405114310128,0.06567769444414548,0.24175989627838135,0.0,0.0,0.0,0.0,0.0,18473,global,0.0
3,4,lr1e-05_bs8_drop0p4_temp2p0_a0p25_b0p05__wd1e-04trmiss0_degmodglobal,8,1e-05,0.0001,0.4,2.0,0.25,0.05,lr1e-05_bs8_drop0p4_temp2p0_a0p25_b0p05__wd1e-04trmiss0_degmodglobal,66,0.6797747015953064,0.7593244314193726,0.19444444444444442,0.5728506061839396,0.3076923076923077,0.0,0.5847675459725517,0.6458200131143842,0.08553572371602058,0.2514149823359081,0.0,0.0,0.0,0.0,0.0,18473,global,0.0
3,4,lr1e-05_bs8_drop0p4_temp2p0_a0p25_b0p05__wd1e-04trmiss0_degmodglobal,8,1e-05,0.0001,0.4,2.0,0.25,0.05,lr1e-05_bs8_drop0p4_temp2p0_a0p25_b0p05__wd1e-04trmiss0_degmodglobal,67,0.6521777851240975,0.761622279882431,0.16666666666666666,0.5617394950728285,0.3076923076923077,0.0,0.5988926887512207,0.616879437650953,0.08141690332974706,0.29888254191194263,0.0,0.0,0.0,0.0,0.0,18473,global,0.0
3,4,lr1e-05_bs8_drop0p4_temp2p0_a0p25_b0p05__wd1e-04trmiss0_degmodglobal,8,1e-05,0.0001,0.4,2.0,0.25,0.05,lr1e-05_bs8_drop0p4_temp2p0_a0p25_b0p05__wd1e-04trmiss0_degmodglobal,68,0.6686666352408273,0.7572072446346283,0.19444444444444442,0.5728506061839396,0.3076923076923077,0.0,0.6274146607943943,0.6317497151238578,0.09154149677072253,0.2806311249732971,0.0,0.0,0.0,0.0,0.0,18473,global,0.0
3,4,lr1e-05_bs8_drop0p4_temp2p0_a0p25_b0p05__wd1e-04trmiss0_degmodglobal,8,1e-05,0.0001,0.4,2.0,0.25,0.05,lr1e-05_bs8_drop0p4_temp2p0_a0p25_b0p05__wd1e-04trmiss0_degmodglobal,69,0.6827810406684875,0.7566286623477936,0.19444444444444442,0.5728506061839396,0.3076923076923077,0.0,0.6398149303027562,0.6534495523997715,0.07675498032144137,0.20285485897745406,0.0,0.0,0.0,0.0,0.0,18473,global,0.0
3,4,lr1e-05_bs8_drop0p4_temp2p0_a0p25_b0p05__wd1e-04trmiss0_degmodglobal,8,1e-05,0.0001,0.4,2.0,0.25,0.05,lr1e-05_bs8_drop0p4_temp2p0_a0p25_b0p05__wd1e-04trmiss0_degmodglobal,70,0.6754093510763985,0.7559773623943329,0.19444444444444442,0.5728506061839396,0.3076923076923077,0.0,0.6230638027191162,0.6450600709233966,0.07286415515201432,0.24266493107591355,0.0,0.0,0.0,0.0,0.0,18473,global,0.0
3,4,lr1e-05_bs8_drop0p4_temp2p0_a0p25_b0p05__wd1e-04trmiss0_degmodglobal,8,1e-05,0.0001,0.4,2.0,0.25,0.05,lr1e-05_bs8_drop0p4_temp2p0_a0p25_b0p05__wd1e-04trmiss0_degmodglobal,71,0.6573628612927028,0.7551513910293579,0.16666666666666666,0.5617394950728285,0.3076923076923077,0.0,0.6312749556132725,0.6327974370547703,0.058130987520728795,0.2006536072918347,0.0,0.0,0.0,0.0,0.0,18473,global,0.0
3,4,lr1e-04_bs16_drop0p2_temp1p0_a0p25_b0p05__wd1e-04trmiss0_degmodglobal,16,0.0001,0.0001,0.2,1.0,0.25,0.05,lr1e-04_bs16_drop0p2_temp1p0_a0p25_b0p05__wd1e-04trmiss0_degmodglobal,1,0.7296464294195175,0.6938870549201965,0.4722222222222222,0.6907999407999409,0.46153846153846156,0.0,0.7134149521589279,0.7139165997505188,0.04267829330638051,0.10120503604412079,0.0,0.0,0.0,0.0,0.0,18473,global,0.0
3,4,lr1e-04_bs16_drop0p2_temp1p0_a0p25_b0p05__wd1e-04trmiss0_degmodglobal,16,0.0001,0.0001,0.2,1.0,0.25,0.05,lr1e-04_bs16_drop0p2_temp1p0_a0p25_b0p05__wd1e-04trmiss0_degmodglobal,2,0.7156434208154678,0.7000930309295654,0.4722222222222222,0.7315406815406815,0.46153846153846156,0.0,0.7229561358690262,0.6978250592947006,0.04610928613692522,0.12582086399197578,0.0,0.0,0.0,0.0,0.0,18473,global,0.0
3,4,lr1e-04_bs16_drop0p2_temp1p0_a0p25_b0p05__wd1e-04trmiss0_degmodglobal,16,0.0001,0.0001,0.2,1.0,0.25,0.05,lr1e-04_bs16_drop0p2_temp1p0_a0p25_b0p05__wd1e-04trmiss0_degmodglobal,3,0.6485292613506317,0.7017357349395752,0.41666666666666663,0.7314084064084063,0.5384615384615384,0.0,0.6616178452968597,0.6332577913999557,0.037364400923252106,0.11860727798193693,0.0,0.0,0.0,0.0,0.0,18473,global,0.0
3,4,lr1e-04_bs16_drop0p2_temp1p0_a0p25_b0p05__wd1e-04trmiss0_degmodglobal,16,0.0001,0.0001,0.2,1.0,0.25,0.05,lr1e-04_bs16_drop0p2_temp1p0_a0p25_b0p05__wd1e-04trmiss0_degmodglobal,4,0.6481762081384659,0.7045258283615112,0.38888888888888884,0.6864348614348614,0.46153846153846156,0.0,0.6348624378442764,0.6290394216775894,0.04890315514057875,0.1382202822715044,0.0,0.0,0.0,0.0,0.0,18473,global,0.0
3,4,lr1e-04_bs16_drop0p2_temp1p0_a0p25_b0p05__wd1e-04trmiss0_degmodglobal,16,0.0001,0.0001,0.2,1.0,0.25,0.05,lr1e-04_bs16_drop0p2_temp1p0_a0p25_b0p05__wd1e-04trmiss0_degmodglobal,5,0.6261803060770035,0.7044554948806763,0.38888888888888884,0.6864348614348614,0.46153846153846156,0.0,0.6274172067642212,0.6126207262277603,0.03683483600616455,0.08701779507100582,0.0,0.0,0.0,0.0,0.0,18473,global,0.0
3,4,lr1e-04_bs16_drop0p2_temp1p0_a0p25_b0p05__wd1e-04trmiss0_degmodglobal,16,0.0001,0.0001,0.2,1.0,0.25,0.05,lr1e-04_bs16_drop0p2_temp1p0_a0p25_b0p05__wd1e-04trmiss0_degmodglobal,6,0.6144808530807495,0.7072993516921997,0.38888888888888884,0.6943713693713693,0.46153846153846156,0.0,0.6231274306774139,0.599802702665329,0.044077418744564056,0.07317584101110697,0.0,0.0,0.0,0.0,0.0,18473,global,0.0
3,4,lr1e-04_bs16_drop0p2_temp1p0_a0p25_b0p05__wd1e-04trmiss0_degmodglobal,16,0.0001,0.0001,0.2,1.0,0.25,0.05,lr1e-04_bs16_drop0p2_temp1p0_a0p25_b0p05__wd1e-04trmiss0_degmodglobal,7,0.5976427495479584,0.712421178817749,0.4444444444444444,0.7148740148740149,0.46153846153846156,0.0,0.618490993976593,0.5798438787460327,0.04774465784430504,0.117253920994699,0.0,0.0,0.0,0.0,0.0,18473,global,0.0
3,4,lr1e-04_bs16_drop0p2_temp1p0_a0p25_b0p05__wd1e-04trmiss0_degmodglobal,16,0.0001,0.0001,0.2,1.0,0.25,0.05,lr1e-04_bs16_drop0p2_temp1p0_a0p25_b0p05__wd1e-04trmiss0_degmodglobal,8,0.5961707979440689,0.7178317308425903,0.4444444444444444,0.7027657527657527,0.5384615384615384,0.0,0.6144926995038986,0.5794494152069092,0.046680464409291744,0.10102531313896179,0.0,0.0,0.0,0.0,0.0,18473,global,0.0
3,4,lr1e-04_bs16_drop0p2_temp1p0_a0p25_b0p05__wd1e-04trmiss0_degmodglobal,16,0.0001,0.0001,0.2,1.0,0.25,0.05,lr1e-04_bs16_drop0p2_temp1p0_a0p25_b0p05__wd1e-04trmiss0_degmodglobal,9,0.589380532503128,0.7095919847488403,0.5,0.7379509379509379,0.5384615384615384,0.0,0.5883923321962357,0.5727417171001434,0.04579312540590763,0.10381113924086094,0.0,0.0,0.0,0.0,0.0,18473,global,0.0
3,4,lr1e-04_bs16_drop0p2_temp1p0_a0p25_b0p05__wd1e-04trmiss0_degmodglobal,16,0.0001,0.0001,0.2,1.0,0.25,0.05,lr1e-04_bs16_drop0p2_temp1p0_a0p25_b0p05__wd1e-04trmiss0_degmodglobal,10,0.5805976688861847,0.7006205916404724,0.4722222222222222,0.6823953823953824,0.5384615384615384,0.0,0.5918574184179306,0.5646944940090179,0.046289144083857536,0.08661772403866053,0.0,0.0,0.0,0.0,0.0,18473,global,0.0
3,4,lr1e-04_bs16_drop0p2_temp1p0_a0p25_b0p05__wd1e-04trmiss0_degmodglobal,16,0.0001,0.0001,0.2,1.0,0.25,0.05,lr1e-04_bs16_drop0p2_temp1p0_a0p25_b0p05__wd1e-04trmiss0_degmodglobal,11,0.595905601978302,0.6940940022468567,0.4722222222222222,0.6823953823953824,0.5384615384615384,0.0,0.6155283153057098,0.5769508183002472,0.05406231340020895,0.10878429748117924,0.0,0.0,0.0,0.0,0.0,18473,global,0.0
3,4,lr1e-04_bs16_drop0p2_temp1p0_a0p25_b0p05__wd1e-04trmiss0_degmodglobal,16,0.0001,0.0001,0.2,1.0,0.25,0.05,lr1e-04_bs16_drop0p2_temp1p0_a0p25_b0p05__wd1e-04trmiss0_degmodglobal,12,0.583336815237999,0.6954019069671631,0.5277777777777778,0.7064694564694565,0.46153846153846156,0.0,0.58478182554245,0.5677511990070343,0.04844188503921032,0.06950320117175579,0.0,0.0,0.0,0.0,0.0,18473,global,0.0
3,4,lr1e-04_bs16_drop0p2_temp1p0_a0p25_b0p05__wd1e-04trmiss0_degmodglobal,16,0.0001,0.0001,0.2,1.0,0.25,0.05,lr1e-04_bs16_drop0p2_temp1p0_a0p25_b0p05__wd1e-04trmiss0_degmodglobal,13,0.5602530241012573,0.6968731880187988,0.5277777777777778,0.7064694564694565,0.5384615384615384,0.0,0.5828396677970886,0.5420002490282059,0.05179605633020401,0.10607510805130005,0.0,0.0,0.0,0.0,0.0,18473,global,0.0
3,4,lr1e-04_bs16_drop0p2_temp1p0_a0p25_b0p05__wd1e-04trmiss0_degmodglobal,16,0.0001,0.0001,0.2,1.0,0.25,0.05,lr1e-04_bs16_drop0p2_temp1p0_a0p25_b0p05__wd1e-04trmiss0_degmodglobal,14,0.5515546202659607,0.6917558312416077,0.5833333333333333,0.7316017316017317,0.6923076923076923,0.0,0.5609571784734726,0.5349596440792084,0.04926436021924019,0.08557778783142567,0.0,0.0,0.0,0.0,0.0,18473,global,0.0
3,4,lr1e-04_bs16_drop0p2_temp1p0_a0p25_b0p05__wd1e-04trmiss0_degmodglobal,16,0.0001,0.0001,0.2,1.0,0.25,0.05,lr1e-04_bs16_drop0p2_temp1p0_a0p25_b0p05__wd1e-04trmiss0_degmodglobal,15,0.5933162569999695,0.6909751296043396,0.5833333333333333,0.7316017316017317,0.6153846153846154,0.0,0.56240114569664,0.5743787959218025,0.05416522454470396,0.10792364738881588,0.0,0.0,0.0,0.0,0.0,18473,global,0.0
3,4,lr1e-04_bs16_drop0p2_temp1p0_a0p25_b0p05__wd1e-04trmiss0_degmodglobal,16,0.0001,0.0001,0.2,1.0,0.25,0.05,lr1e-04_bs16_drop0p2_temp1p0_a0p25_b0p05__wd1e-04trmiss0_degmodglobal,16,0.5548548102378845,0.6909834146499634,0.6111111111111112,0.7402437069103737,0.5384615384615384,0.0,0.5650946497917175,0.540963426232338,0.039133305195719004,0.08216122910380363,0.0,0.0,0.0,0.0,0.0,18473,global,0.0
3,4,lr1e-04_bs16_drop0p2_temp1p0_a0p25_b0p05__wd1e-04trmiss0_degmodglobal,16,0.0001,0.0001,0.2,1.0,0.25,0.05,lr1e-04_bs16_drop0p2_temp1p0_a0p25_b0p05__wd1e-04trmiss0_degmodglobal,17,0.550846517086029,0.6863697171211243,0.6111111111111112,0.7402437069103737,0.6153846153846154,0.0,0.5591683089733124,0.5353092104196548,0.045373186469078064,0.08388011623173952,0.0,0.0,0.0,0.0,0.0,18473,global,0.0
3,4,lr1e-04_bs16_drop0p2_temp1p0_a0p25_b0p05__wd1e-04trmiss0_degmodglobal,16,0.0001,0.0001,0.2,1.0,0.25,0.05,lr1e-04_bs16_drop0p2_temp1p0_a0p25_b0p05__wd1e-04trmiss0_degmodglobal,18,0.5507374256849289,0.690117597579956,0.6111111111111112,0.7402437069103737,0.6153846153846154,0.0,0.5544765144586563,0.5374094098806381,0.0392835671082139,0.07014221651479602,0.0,0.0,0.0,0.0,0.0,18473,global,0.0
3,4,lr1e-04_bs16_drop0p2_temp1p0_a0p25_b0p05__wd1e-04trmiss0_degmodglobal,16,0.0001,0.0001,0.2,1.0,0.25,0.05,lr1e-04_bs16_drop0p2_temp1p0_a0p25_b0p05__wd1e-04trmiss0_degmodglobal,19,0.5807184725999832,0.6932721138000488,0.6111111111111112,0.7402437069103737,0.5384615384615384,0.0,0.601867288351059,0.5669223666191101,0.03920435858890414,0.07990029593929648,0.0,0.0,0.0,0.0,0.0,18473,global,0.0
3,4,lr1e-04_bs16_drop0p2_temp1p0_a0p25_b0p05__wd1e-04trmiss0_degmodglobal,16,0.0001,0.0001,0.2,1.0,0.25,0.05,lr1e-04_bs16_drop0p2_temp1p0_a0p25_b0p05__wd1e-04trmiss0_degmodglobal,20,0.5327082872390747,0.6911096572875977,0.6111111111111112,0.7402437069103737,0.5384615384615384,0.0,0.5513887256383896,0.5128213167190552,0.056689657270908356,0.11429113708436489,0.0,0.0,0.0,0.0,0.0,18473,global,0.0
3,4,lr1e-04_bs16_drop0p2_temp1p0_a0p25_b0p05__wd1e-04trmiss0_degmodglobal,16,0.0001,0.0001,0.2,1.0,0.25,0.05,lr1e-04_bs16_drop0p2_temp1p0_a0p25_b0p05__wd1e-04trmiss0_degmodglobal,21,0.5735940933227539,0.6864806413650513,0.6388888888888888,0.7510461760461762,0.6153846153846154,0.0,0.549034833908081,0.5595754086971283,0.03859930578619242,0.08737715426832438,0.0,0.0,0.0,0.0,0.0,18473,global,0.0
3,4,lr1e-04_bs16_drop0p2_temp1p0_a0p25_b0p05__wd1e-04trmiss0_degmodglobal,16,0.0001,0.0001,0.2,1.0,0.25,0.05,lr1e-04_bs16_drop0p2_temp1p0_a0p25_b0p05__wd1e-04trmiss0_degmodglobal,22,0.5308170765638351,0.6748123168945312,0.6388888888888888,0.7510461760461762,0.6923076923076923,0.0,0.5473529547452927,0.5152898281812668,0.044078011997044086,0.09015465620905161,0.0,0.0,0.0,0.0,0.0,18473,global,0.0
3,4,lr1e-04_bs16_drop0p2_temp1p0_a0p25_b0p05__wd1e-04trmiss0_degmodglobal,16,0.0001,0.0001,0.2,1.0,0.25,0.05,lr1e-04_bs16_drop0p2_temp1p0_a0p25_b0p05__wd1e-04trmiss0_degmodglobal,23,0.5351994037628174,0.6726981997489929,0.6388888888888888,0.7510461760461762,0.6923076923076923,0.0,0.5452428162097931,0.5152671784162521,0.06124631315469742,0.09241314232349396,0.0,0.0,0.0,0.0,0.0,18473,global,0.0
3,4,lr1e-04_bs16_drop0p2_temp1p0_a0p25_b0p05__wd1e-04trmiss0_degmodglobal,16,0.0001,0.0001,0.2,1.0,0.25,0.05,lr1e-04_bs16_drop0p2_temp1p0_a0p25_b0p05__wd1e-04trmiss0_degmodglobal,24,0.5155691504478455,0.6779650449752808,0.6111111111111112,0.7446359196359197,0.6923076923076923,0.0,0.5277667939662933,0.4993310049176216,0.04683641856536269,0.09058096632361412,0.0,0.0,0.0,0.0,0.0,18473,global,0.0
3,4,lr1e-04_bs16_drop0p2_temp1p0_a0p25_b0p05__wd1e-04trmiss0_degmodglobal,16,0.0001,0.0001,0.2,1.0,0.25,0.05,lr1e-04_bs16_drop0p2_temp1p0_a0p25_b0p05__wd1e-04trmiss0_degmodglobal,25,0.5175930038094521,0.6864548921585083,0.6111111111111112,0.7446359196359197,0.6153846153846154,0.0,0.5369872376322746,0.49732233583927155,0.058423069305717945,0.11329750157892704,0.0,0.0,0.0,0.0,0.0,18473,global,0.0
3,4,lr1e-04_bs16_drop0p2_temp1p0_a0p25_b0p05__wd1e-04trmiss0_degmodglobal,16,0.0001,0.0001,0.2,1.0,0.25,0.05,lr1e-04_bs16_drop0p2_temp1p0_a0p25_b0p05__wd1e-04trmiss0_degmodglobal,26,0.5606255307793617,0.706359326839447,0.6111111111111112,0.7446359196359197,0.5384615384615384,0.0,0.5667479187250137,0.545367956161499,0.045745670795440674,0.07642341312021017,0.0,0.0,0.0,0.0,0.0,18473,global,0.0
3,4,lr1e-04_bs16_drop0p2_temp1p0_a0p25_b0p05__wd1e-04trmiss0_degmodglobal,16,0.0001,0.0001,0.2,1.0,0.25,0.05,lr1e-04_bs16_drop0p2_temp1p0_a0p25_b0p05__wd1e-04trmiss0_degmodglobal,27,0.5393629372119904,0.7008892297744751,0.6111111111111112,0.7446359196359197,0.5384615384615384,0.0,0.5384606868028641,0.5232126712799072,0.049979339353740215,0.07310857996344566,0.0,0.0,0.0,0.0,0.0,18473,global,0.0
3,4,lr1e-04_bs16_drop0p2_temp1p0_a0p25_b0p05__wd1e-04trmiss0_degmodglobal,16,0.0001,0.0001,0.2,1.0,0.25,0.05,lr1e-04_bs16_drop0p2_temp1p0_a0p25_b0p05__wd1e-04trmiss0_degmodglobal,28,0.519561767578125,0.6995237469673157,0.6111111111111112,0.7446359196359197,0.5384615384615384,0.0,0.5354489833116531,0.4984258636832237,0.05401271861046553,0.15265439450740814,0.0,0.0,0.0,0.0,0.0,18473,global,0.0
3,4,lr1e-04_bs16_drop0p2_temp1p0_a0p25_b0p05__wd1e-04trmiss0_degmodglobal,16,0.0001,0.0001,0.2,1.0,0.25,0.05,lr1e-04_bs16_drop0p2_temp1p0_a0p25_b0p05__wd1e-04trmiss0_degmodglobal,29,0.5122594609856606,0.701511025428772,0.5833333333333333,0.7338334505001172,0.46153846153846156,0.0,0.5183660835027695,0.49851585924625397,0.041741952765733004,0.0661620288155973,0.0,0.0,0.0,0.0,0.0,18473,global,0.0
3,4,lr1e-04_bs16_drop0p2_temp1p0_a0p25_b0p05__wd1e-04trmiss0_degmodglobal,16,0.0001,0.0001,0.2,1.0,0.25,0.05,lr1e-04_bs16_drop0p2_temp1p0_a0p25_b0p05__wd1e-04trmiss0_degmodglobal,30,0.5422908887267113,0.686309814453125,0.6111111111111112,0.7446359196359197,0.6153846153846154,0.0,0.5139260590076447,0.5277330279350281,0.03973027318716049,0.09250595886260271,0.0,0.0,0.0,0.0,0.0,18473,global,0.0
3,4,lr1e-04_bs16_drop0p2_temp1p0_a0p25_b0p05__wd1e-04trmiss0_degmodglobal,16,0.0001,0.0001,0.2,1.0,0.25,0.05,lr1e-04_bs16_drop0p2_temp1p0_a0p25_b0p05__wd1e-04trmiss0_degmodglobal,31,0.5105502605438232,0.6862527132034302,0.6111111111111112,0.7446359196359197,0.6153846153846154,0.0,0.5318705514073372,0.4952799379825592,0.04114339221268892,0.0996894221752882,0.0,0.0,0.0,0.0,0.0,18473,global,0.0
3,4,lr1e-04_bs16_drop0p2_temp1p0_a0p25_b0p05__wd1e-04trmiss0_degmodglobal,16,0.0001,0.0001,0.2,1.0,0.25,0.05,lr1e-04_bs16_drop0p2_temp1p0_a0p25_b0p05__wd1e-04trmiss0_degmodglobal,32,0.4938309043645859,0.6850757598876953,0.6111111111111112,0.7446359196359197,0.6923076923076923,0.0,0.5101244226098061,0.4716210514307022,0.06448961049318314,0.12174918130040169,0.0,0.0,0.0,0.0,0.0,18473,global,0.0
3,4,lr1e-04_bs16_drop0p2_temp1p0_a0p25_b0p05__wd1e-04trmiss0_degmodglobal,16,0.0001,0.0001,0.2,1.0,0.25,0.05,lr1e-04_bs16_drop0p2_temp1p0_a0p25_b0p05__wd1e-04trmiss0_degmodglobal,33,0.5440928414463997,0.6957494616508484,0.6111111111111112,0.7446359196359197,0.6923076923076923,0.0,0.5435291677713394,0.5301192626357079,0.04443833790719509,0.05727971764281392,0.0,0.0,0.0,0.0,0.0,18473,global,0.0
3,4,lr1e-04_bs16_drop0p2_temp1p0_a0p25_b0p05__wd1e-04trmiss0_degmodglobal,16,0.0001,0.0001,0.2,1.0,0.25,0.05,lr1e-04_bs16_drop0p2_temp1p0_a0p25_b0p05__wd1e-04trmiss0_degmodglobal,34,0.540632463991642,0.7043541073799133,0.6111111111111112,0.7446359196359197,0.46153846153846156,0.0,0.5592964440584183,0.5151757970452309,0.07000581454485655,0.1591043584048748,0.0,0.0,0.0,0.0,0.0,18473,global,0.0
3,4,lr1e-04_bs16_drop0p2_temp1p0_a0p25_b0p05__wd1e-04trmiss0_degmodglobal,16,0.0001,0.0001,0.2,1.0,0.25,0.05,lr1e-04_bs16_drop0p2_temp1p0_a0p25_b0p05__wd1e-04trmiss0_degmodglobal,35,0.5005485489964485,0.7088173627853394,0.6111111111111112,0.7446359196359197,0.46153846153846156,0.0,0.4983687102794647,0.47879260033369064,0.0689177718013525,0.09053011611104012,0.0,0.0,0.0,0.0,0.0,18473,global,0.0
3,4,lr1e-04_bs16_drop0p2_temp1p0_a0p25_b0p05__wd1e-04trmiss0_degmodglobal,16,0.0001,0.0001,0.2,1.0,0.25,0.05,lr1e-04_bs16_drop0p2_temp1p0_a0p25_b0p05__wd1e-04trmiss0_degmodglobal,36,0.5045504420995712,0.6996345520019531,0.6111111111111112,0.7446359196359197,0.46153846153846156,0.0,0.5206427723169327,0.485194593667984,0.06153737101703882,0.07943021226674318,0.0,0.0,0.0,0.0,0.0,18473,global,0.0
3,4,lr1e-04_bs16_drop0p2_temp1p0_a0p25_b0p05__wd1e-04trmiss0_degmodglobal,16,0.0001,0.0001,0.2,1.0,0.25,0.05,lr1e-04_bs16_drop0p2_temp1p0_a0p25_b0p05__wd1e-04trmiss0_degmodglobal,37,0.5526578798890114,0.7062771916389465,0.6111111111111112,0.7446359196359197,0.46153846153846156,0.0,0.5378135740756989,0.5319411084055901,0.06320573389530182,0.09830659721046686,0.0,0.0,0.0,0.0,0.0,18473,global,0.0
3,4,lr1e-04_bs16_drop0p2_temp1p0_a0p25_b0p05__wd1e-04trmiss0_degmodglobal,16,0.0001,0.0001,0.2,1.0,0.25,0.05,lr1e-04_bs16_drop0p2_temp1p0_a0p25_b0p05__wd1e-04trmiss0_degmodglobal,38,0.5003592297434807,0.702864408493042,0.5833333333333334,0.737901912901913,0.5384615384615384,0.0,0.516459658741951,0.4798188731074333,0.0582436416298151,0.11958914808928967,0.0,0.0,0.0,0.0,0.0,18473,global,0.0
3,4,lr1e-04_bs16_drop0p2_temp1p0_a0p25_b0p05__wd1e-04trmiss0_degmodglobal,16,0.0001,0.0001,0.2,1.0,0.25,0.05,lr1e-04_bs16_drop0p2_temp1p0_a0p25_b0p05__wd1e-04trmiss0_degmodglobal,39,0.5029683113098145,0.6997901201248169,0.5833333333333334,0.737901912901913,0.5384615384615384,0.0,0.5155949741601944,0.4835794195532799,0.06171194929629564,0.07921800063923001,0.0,0.0,0.0,0.0,0.0,18473,global,0.0
3,4,lr1e-04_bs16_drop0p2_temp1p0_a0p25_b0p05__wd1e-04trmiss0_degmodglobal,16,0.0001,0.0001,0.2,1.0,0.25,0.05,lr1e-04_bs16_drop0p2_temp1p0_a0p25_b0p05__wd1e-04trmiss0_degmodglobal,40,0.4828460067510605,0.6923056840896606,0.5833333333333334,0.737901912901913,0.6153846153846154,0.0,0.4929870590567589,0.4618268981575966,0.0604010708630085,0.11837666667997837,0.0,0.0,0.0,0.0,0.0,18473,global,0.0
3,4,lr1e-04_bs16_drop0p2_temp1p0_a0p25_b0p05__wd1e-04trmiss0_degmodglobal,16,0.0001,0.0001,0.2,1.0,0.25,0.05,lr1e-04_bs16_drop0p2_temp1p0_a0p25_b0p05__wd1e-04trmiss0_degmodglobal,41,0.5185016915202141,0.6890302300453186,0.5833333333333334,0.737901912901913,0.6153846153846154,0.0,0.5074072107672691,0.499640092253685,0.05798360425978899,0.08731375448405743,0.0,0.0,0.0,0.0,0.0,18473,global,0.0
3,4,lr1e-04_bs16_drop0p2_temp1p0_a0p25_b0p05__wd1e-04trmiss0_degmodglobal,16,0.0001,0.0001,0.2,1.0,0.25,0.05,lr1e-04_bs16_drop0p2_temp1p0_a0p25_b0p05__wd1e-04trmiss0_degmodglobal,42,0.5116748437285423,0.6888391375541687,0.5833333333333334,0.737901912901913,0.6923076923076923,0.0,0.4833194315433502,0.4931149482727051,0.05477430485188961,0.09732597507536411,0.0,0.0,0.0,0.0,0.0,18473,global,0.0
3,4,lr1e-04_bs16_drop0p2_temp1p0_a0p25_b0p05__wd1e-04trmiss0_degmodglobal,16,0.0001,0.0001,0.2,1.0,0.25,0.05,lr1e-04_bs16_drop0p2_temp1p0_a0p25_b0p05__wd1e-04trmiss0_degmodglobal,43,0.5226299092173576,0.6908206343650818,0.5833333333333334,0.737901912901913,0.6923076923076923,0.0,0.5101765990257263,0.5025933161377907,0.05667027924209833,0.11738068424165249,0.0,0.0,0.0,0.0,0.0,18473,global,0.0
3,4,lr1e-04_bs16_drop0p2_temp2p0_a0p25_b0p05__wd1e-04trmiss0_degmodglobal,16,0.0001,0.0001,0.2,2.0,0.25,0.05,lr1e-04_bs16_drop0p2_temp2p0_a0p25_b0p05__wd1e-04trmiss0_degmodglobal,1,0.7252167761325836,0.6679651141166687,0.6388888888888888,0.8512937679604347,0.6153846153846154,0.0,0.7027758955955505,0.7004195302724838,0.06474827416241169,0.17220370844006538,0.0,0.0,0.0,0.0,0.0,18473,global,0.0
3,4,lr1e-04_bs16_drop0p2_temp2p0_a0p25_b0p05__wd1e-04trmiss0_degmodglobal,16,0.0001,0.0001,0.2,2.0,0.25,0.05,lr1e-04_bs16_drop0p2_temp2p0_a0p25_b0p05__wd1e-04trmiss0_degmodglobal,2,0.6462319791316986,0.6557292938232422,0.75,0.8953093203093205,0.6153846153846154,0.0,0.666830375790596,0.6233535408973694,0.0624161334708333,0.14548811316490173,0.0,0.0,0.0,0.0,0.0,18473,global,0.0
3,4,lr1e-04_bs16_drop0p2_temp2p0_a0p25_b0p05__wd1e-04trmiss0_degmodglobal,16,0.0001,0.0001,0.2,2.0,0.25,0.05,lr1e-04_bs16_drop0p2_temp2p0_a0p25_b0p05__wd1e-04trmiss0_degmodglobal,3,0.6308010071516037,0.6528297066688538,0.6388888888888888,0.7527167277167278,0.6153846153846154,0.0,0.6775945276021957,0.6062279641628265,0.0628087529912591,0.17741679027676582,0.0,0.0,0.0,0.0,0.0,18473,global,0.0
3,4,lr1e-04_bs16_drop0p2_temp2p0_a0p25_b0p05__wd1e-04trmiss0_degmodglobal,16,0.0001,0.0001,0.2,2.0,0.25,0.05,lr1e-04_bs16_drop0p2_temp2p0_a0p25_b0p05__wd1e-04trmiss0_degmodglobal,4,0.6372589766979218,0.6467411518096924,0.5833333333333333,0.7338334505001172,0.6153846153846154,0.0,0.622850775718689,0.6120717525482178,0.06899559497833252,0.15876685082912445,0.0,0.0,0.0,0.0,0.0,18473,global,0.0
3,4,lr1e-04_bs16_drop0p2_temp2p0_a0p25_b0p05__wd1e-04trmiss0_degmodglobal,16,0.0001,0.0001,0.2,2.0,0.25,0.05,lr1e-04_bs16_drop0p2_temp2p0_a0p25_b0p05__wd1e-04trmiss0_degmodglobal,5,0.5983204394578934,0.6393592953681946,0.611111111111111,0.7893890060556727,0.6153846153846154,0.0,0.6220914274454117,0.574681431055069,0.0658824248239398,0.14336819387972355,0.0,0.0,0.0,0.0,0.0,18473,global,0.0
3,4,lr1e-04_bs16_drop0p2_temp2p0_a0p25_b0p05__wd1e-04trmiss0_degmodglobal,16,0.0001,0.0001,0.2,2.0,0.25,0.05,lr1e-04_bs16_drop0p2_temp2p0_a0p25_b0p05__wd1e-04trmiss0_degmodglobal,6,0.612156867980957,0.6407098770141602,0.5833333333333333,0.7338334505001172,0.6153846153846154,0.0,0.6075050532817841,0.5864399820566177,0.0707020927220583,0.16082782298326492,0.0,0.0,0.0,0.0,0.0,18473,global,0.0
3,4,lr1e-04_bs16_drop0p2_temp2p0_a0p25_b0p05__wd1e-04trmiss0_degmodglobal,16,0.0001,0.0001,0.2,2.0,0.25,0.05,lr1e-04_bs16_drop0p2_temp2p0_a0p25_b0p05__wd1e-04trmiss0_degmodglobal,7,0.587398961186409,0.6601272821426392,0.5277777777777778,0.7184574684574685,0.6153846153846154,0.0,0.6061994433403015,0.5617777109146118,0.07003085408359766,0.1622705366462469,0.0,0.0,0.0,0.0,0.0,18473,global,0.0
3,4,lr1e-04_bs16_drop0p2_temp2p0_a0p25_b0p05__wd1e-04trmiss0_degmodglobal,16,0.0001,0.0001,0.2,2.0,0.25,0.05,lr1e-04_bs16_drop0p2_temp2p0_a0p25_b0p05__wd1e-04trmiss0_degmodglobal,8,0.5803912431001663,0.6693548560142517,0.5,0.7113867613867615,0.5384615384615384,0.0,0.6089856624603271,0.5575494319200516,0.0686389934271574,0.11364114098250866,0.0,0.0,0.0,0.0,0.0,18473,global,0.0
3,4,lr1e-04_bs16_drop0p2_temp2p0_a0p25_b0p05__wd1e-04trmiss0_degmodglobal,16,0.0001,0.0001,0.2,2.0,0.25,0.05,lr1e-04_bs16_drop0p2_temp2p0_a0p25_b0p05__wd1e-04trmiss0_degmodglobal,9,0.5622106194496155,0.6686716079711914,0.5,0.7113867613867615,0.5384615384615384,0.0,0.5990025997161865,0.5397977083921432,0.06731753889471292,0.11167076043784618,0.0,0.0,0.0,0.0,0.0,18473,global,0.0
3,4,lr1e-04_bs16_drop0p2_temp2p0_a0p25_b0p05__wd1e-04trmiss0_degmodglobal,16,0.0001,0.0001,0.2,2.0,0.25,0.05,lr1e-04_bs16_drop0p2_temp2p0_a0p25_b0p05__wd1e-04trmiss0_degmodglobal,10,0.5545497536659241,0.663168728351593,0.5,0.7113867613867615,0.6923076923076923,0.0,0.5794848650693893,0.5320123732089996,0.06439357902854681,0.12878015637397766,0.0,0.0,0.0,0.0,0.0,18473,global,0.0
3,4,lr1e-04_bs16_drop0p2_temp2p0_a0p25_b0p05__wd1e-04trmiss0_degmodglobal,16,0.0001,0.0001,0.2,2.0,0.25,0.05,lr1e-04_bs16_drop0p2_temp2p0_a0p25_b0p05__wd1e-04trmiss0_degmodglobal,11,0.5673252642154694,0.6543845534324646,0.5833333333333333,0.7807470307470308,0.6153846153846154,0.0,0.5845276713371277,0.5430580079555511,0.07157888822257519,0.12745044752955437,0.0,0.0,0.0,0.0,0.0,18473,global,0.0
3,4,lr1e-04_bs16_drop0p2_temp2p0_a0p25_b0p05__wd1e-04trmiss0_degmodglobal,16,0.0001,0.0001,0.2,2.0,0.25,0.05,lr1e-04_bs16_drop0p2_temp2p0_a0p25_b0p05__wd1e-04trmiss0_degmodglobal,12,0.5572080761194229,0.6523293256759644,0.5833333333333333,0.7807470307470308,0.6153846153846154,0.0,0.5578666478395462,0.5332988724112511,0.06903684139251709,0.13299940899014473,0.0,0.0,0.0,0.0,0.0,18473,global,0.0
3,4,lr1e-04_bs16_drop0p2_temp2p0_a0p25_b0p05__wd1e-04trmiss0_degmodglobal,16,0.0001,0.0001,0.2,2.0,0.25,0.05,lr1e-04_bs16_drop0p2_temp2p0_a0p25_b0p05__wd1e-04trmiss0_degmodglobal,13,0.5365913510322571,0.6505504846572876,0.5555555555555556,0.7251914751914752,0.6153846153846154,0.0,0.5445516854524612,0.5072963982820511,0.09430419653654099,0.11437840387225151,0.0,0.0,0.0,0.0,0.0,18473,global,0.0
3,4,lr1e-04_bs16_drop0p2_temp2p0_a0p25_b0p05__wd1e-04trmiss0_degmodglobal,16,0.0001,0.0001,0.2,2.0,0.25,0.05,lr1e-04_bs16_drop0p2_temp2p0_a0p25_b0p05__wd1e-04trmiss0_degmodglobal,14,0.5426307767629623,0.6564906239509583,0.5833333333333333,0.7338334505001172,0.6923076923076923,0.0,0.5712198168039322,0.5178656280040741,0.0756163727492094,0.11722115147858858,0.0,0.0,0.0,0.0,0.0,18473,global,0.0
3,4,lr1e-04_bs16_drop0p2_temp2p0_a0p25_b0p05__wd1e-04trmiss0_degmodglobal,16,0.0001,0.0001,0.2,2.0,0.25,0.05,lr1e-04_bs16_drop0p2_temp2p0_a0p25_b0p05__wd1e-04trmiss0_degmodglobal,15,0.5310177952051163,0.6585626006126404,0.6111111111111112,0.7446359196359197,0.6923076923076923,0.0,0.5482789874076843,0.5067454725503922,0.07475011050701141,0.11169563792645931,0.0,0.0,0.0,0.0,0.0,18473,global,0.0
3,4,lr1e-04_bs16_drop0p2_temp2p0_a0p25_b0p05__wd1e-04trmiss0_degmodglobal,16,0.0001,0.0001,0.2,2.0,0.25,0.05,lr1e-04_bs16_drop0p2_temp2p0_a0p25_b0p05__wd1e-04trmiss0_degmodglobal,16,0.5410832166671753,0.6587492227554321,0.6111111111111112,0.7446359196359197,0.6923076923076923,0.0,0.5393072664737701,0.5179851204156876,0.06728004571050406,0.12556187063455582,0.0,0.0,0.0,0.0,0.0,18473,global,0.0
3,4,lr1e-04_bs16_drop0p2_temp2p0_a0p25_b0p05__wd1e-04trmiss0_degmodglobal,16,0.0001,0.0001,0.2,2.0,0.25,0.05,lr1e-04_bs16_drop0p2_temp2p0_a0p25_b0p05__wd1e-04trmiss0_degmodglobal,17,0.5278322994709015,0.6561315655708313,0.6111111111111112,0.7446359196359197,0.6923076923076923,0.0,0.5344521701335907,0.5036478489637375,0.07571720611304045,0.10510282218456268,0.0,0.0,0.0,0.0,0.0,18473,global,0.0
3,4,lr1e-04_bs16_drop0p2_temp2p0_a0p25_b0p05__wd1e-04trmiss0_degmodglobal,16,0.0001,0.0001,0.2,2.0,0.25,0.05,lr1e-04_bs16_drop0p2_temp2p0_a0p25_b0p05__wd1e-04trmiss0_degmodglobal,18,0.5293894410133362,0.651108980178833,0.6388888888888888,0.7510461760461762,0.6923076923076923,0.0,0.5141838639974594,0.5060275942087173,0.07335820142179728,0.10044569987803698,0.0,0.0,0.0,0.0,0.0,18473,global,0.0
3,4,lr1e-04_bs16_drop0p2_temp2p0_a0p25_b0p05__wd1e-04trmiss0_degmodglobal,16,0.0001,0.0001,0.2,2.0,0.25,0.05,lr1e-04_bs16_drop0p2_temp2p0_a0p25_b0p05__wd1e-04trmiss0_degmodglobal,19,0.5160662978887558,0.6487388014793396,0.6388888888888888,0.7510461760461762,0.7692307692307693,0.0,0.5046687945723534,0.49453672021627426,0.0683788126334548,0.08869742602109909,0.0,0.0,0.0,0.0,0.0,18473,global,0.0
3,4,lr1e-04_bs16_drop0p2_temp2p0_a0p25_b0p05__wd1e-04trmiss0_degmodglobal,16,0.0001,0.0001,0.2,2.0,0.25,0.05,lr1e-04_bs16_drop0p2_temp2p0_a0p25_b0p05__wd1e-04trmiss0_degmodglobal,20,0.5208258330821991,0.6497389674186707,0.6388888888888888,0.7510461760461762,0.7692307692307693,0.0,0.5447534620761871,0.501621350646019,0.06252626329660416,0.07145830895751715,0.0,0.0,0.0,0.0,0.0,18473,global,0.0
3,4,lr1e-04_bs16_drop0p2_temp2p0_a0p25_b0p05__wd1e-04trmiss0_degmodglobal,16,0.0001,0.0001,0.2,2.0,0.25,0.05,lr1e-04_bs16_drop0p2_temp2p0_a0p25_b0p05__wd1e-04trmiss0_degmodglobal,21,0.5514531433582306,0.6460995674133301,0.6388888888888888,0.7510461760461762,0.6923076923076923,0.0,0.5217415392398834,0.5266442969441414,0.07848233357071877,0.1037654634565115,0.0,0.0,0.0,0.0,0.0,18473,global,0.0
3,4,lr1e-04_bs16_drop0p2_temp2p0_a0p25_b0p05__wd1e-04trmiss0_degmodglobal,16,0.0001,0.0001,0.2,2.0,0.25,0.05,lr1e-04_bs16_drop0p2_temp2p0_a0p25_b0p05__wd1e-04trmiss0_degmodglobal,22,0.5207612216472626,0.64979088306427,0.6388888888888888,0.7510461760461762,0.7692307692307693,0.0,0.5341000780463219,0.4995079040527344,0.07031859643757343,0.07347311545163393,0.0,0.0,0.0,0.0,0.0,18473,global,0.0
3,4,lr1e-04_bs16_drop0p2_temp2p0_a0p25_b0p05__wd1e-04trmiss0_degmodglobal,16,0.0001,0.0001,0.2,2.0,0.25,0.05,lr1e-04_bs16_drop0p2_temp2p0_a0p25_b0p05__wd1e-04trmiss0_degmodglobal,23,0.5158615559339523,0.6480793952941895,0.6388888888888888,0.7510461760461762,0.6923076923076923,0.0,0.5378652438521385,0.4899055138230324,0.08348148688673973,0.10171345248818398,0.0,0.0,0.0,0.0,0.0,18473,global,0.0
3,4,lr1e-04_bs16_drop0p2_temp2p0_a0p25_b0p05__wd1e-04trmiss0_degmodglobal,16,0.0001,0.0001,0.2,2.0,0.25,0.05,lr1e-04_bs16_drop0p2_temp2p0_a0p25_b0p05__wd1e-04trmiss0_degmodglobal,24,0.5290086716413498,0.644402027130127,0.6388888888888888,0.7510461760461762,0.6153846153846154,0.0,0.5193349421024323,0.5100035816431046,0.057826172560453415,0.09097093623131514,0.0,0.0,0.0,0.0,0.0,18473,global,0.0
3,4,lr1e-04_bs16_drop0p2_temp2p0_a0p25_b0p05__wd1e-04trmiss0_degmodglobal,16,0.0001,0.0001,0.2,2.0,0.25,0.05,lr1e-04_bs16_drop0p2_temp2p0_a0p25_b0p05__wd1e-04trmiss0_degmodglobal,25,0.5108563974499702,0.646699845790863,0.6388888888888888,0.7510461760461762,0.6153846153846154,0.0,0.5313248634338379,0.48378268629312515,0.08563890308141708,0.11327961832284927,0.0,0.0,0.0,0.0,0.0,18473,global,0.0
3,4,lr1e-04_bs16_drop0p2_temp2p0_a0p25_b0p05__wd1e-04trmiss0_degmodglobal,16,0.0001,0.0001,0.2,2.0,0.25,0.05,lr1e-04_bs16_drop0p2_temp2p0_a0p25_b0p05__wd1e-04trmiss0_degmodglobal,26,0.5419269353151321,0.6451288461685181,0.6111111111111112,0.7402437069103737,0.6153846153846154,0.0,0.5171552896499634,0.5194537863135338,0.06922115106135607,0.1033572368323803,0.0,0.0,0.0,0.0,0.0,18473,global,0.0
3,4,lr1e-04_bs16_drop0p2_temp2p0_a0p25_b0p05__wd1e-04trmiss0_degmodglobal,16,0.0001,0.0001,0.2,2.0,0.25,0.05,lr1e-04_bs16_drop0p2_temp2p0_a0p25_b0p05__wd1e-04trmiss0_degmodglobal,27,0.5263490304350853,0.6426974534988403,0.6111111111111112,0.7402437069103737,0.6153846153846154,0.0,0.49332519620656967,0.5047149583697319,0.06974928639829159,0.08393525797873735,0.0,0.0,0.0,0.0,0.0,18473,global,0.0
3,4,lr1e-04_bs16_drop0p2_temp2p0_a0p25_b0p05__wd1e-04trmiss0_degmodglobal,16,0.0001,0.0001,0.2,2.0,0.25,0.05,lr1e-04_bs16_drop0p2_temp2p0_a0p25_b0p05__wd1e-04trmiss0_degmodglobal,28,0.5108248889446259,0.6449589729309082,0.6388888888888888,0.7510461760461762,0.6153846153846154,0.0,0.5068624168634415,0.48933451622724533,0.06904713623225689,0.08457187796011567,0.0,0.0,0.0,0.0,0.0,18473,global,0.0
3,4,lr1e-04_bs16_drop0p2_temp2p0_a0p25_b0p05__wd1e-04trmiss0_degmodglobal,16,0.0001,0.0001,0.2,2.0,0.25,0.05,lr1e-04_bs16_drop0p2_temp2p0_a0p25_b0p05__wd1e-04trmiss0_degmodglobal,29,0.5328033715486526,0.6463822722434998,0.6388888888888888,0.7510461760461762,0.6153846153846154,0.0,0.5139867663383484,0.509420745074749,0.07256383821368217,0.10483363643288612,0.0,0.0,0.0,0.0,0.0,18473,global,0.0
3,4,lr1e-04_bs16_drop0p2_temp2p0_a0p25_b0p05__wd1e-04trmiss0_degmodglobal,16,0.0001,0.0001,0.2,2.0,0.25,0.05,lr1e-04_bs16_drop0p2_temp2p0_a0p25_b0p05__wd1e-04trmiss0_degmodglobal,30,0.5247693434357643,0.6464324593544006,0.6388888888888888,0.7510461760461762,0.6153846153846154,0.0,0.503273256123066,0.5007454231381416,0.07766301929950714,0.09216324612498283,0.0,0.0,0.0,0.0,0.0,18473,global,0.0
3,4,lr1e-04_bs16_drop0p2_temp2p0_a0p25_b0p05__wd1e-04trmiss0_degmodglobal,16,0.0001,0.0001,0.2,2.0,0.25,0.05,lr1e-04_bs16_drop0p2_temp2p0_a0p25_b0p05__wd1e-04trmiss0_degmodglobal,31,0.5223017036914825,0.6447595953941345,0.6388888888888888,0.7510461760461762,0.6153846153846154,0.0,0.48933617025613785,0.494231715798378,0.0922645591199398,0.10007709451019764,0.0,0.0,0.0,0.0,0.0,18473,global,0.0
3,4,lr1e-04_bs16_drop0p2_temp2p0_a0p25_b0p05__wd1e-04trmiss0_degmodglobal,16,0.0001,0.0001,0.2,2.0,0.25,0.05,lr1e-04_bs16_drop0p2_temp2p0_a0p25_b0p05__wd1e-04trmiss0_degmodglobal,32,0.5105140581727028,0.6468169093132019,0.5833333333333333,0.7316017316017317,0.6153846153846154,0.0,0.5048163309693336,0.48430434614419937,0.08221220783889294,0.11313295364379883,0.0,0.0,0.0,0.0,0.0,18473,global,0.0
3,4,lr1e-04_bs16_drop0p2_temp2p0_a0p25_b0p05__wd1e-04trmiss0_degmodglobal,16,0.0001,0.0001,0.2,2.0,0.25,0.05,lr1e-04_bs16_drop0p2_temp2p0_a0p25_b0p05__wd1e-04trmiss0_degmodglobal,33,0.4985976964235306,0.6457639932632446,0.5833333333333333,0.7316017316017317,0.6153846153846154,0.0,0.4816569834947586,0.472467340528965,0.0822751633822918,0.11123127490282059,0.0,0.0,0.0,0.0,0.0,18473,global,0.0
3,4,lr1e-04_bs16_drop0p2_temp2p0_a0p25_b0p05__wd1e-04trmiss0_degmodglobal,16,0.0001,0.0001,0.2,2.0,0.25,0.05,lr1e-04_bs16_drop0p2_temp2p0_a0p25_b0p05__wd1e-04trmiss0_degmodglobal,34,0.5021061301231384,0.6431778073310852,0.5833333333333333,0.7316017316017317,0.6153846153846154,0.0,0.484796479344368,0.480840265750885,0.07173585891723633,0.0666377367451787,0.0,0.0,0.0,0.0,0.0,18473,global,0.0
3,4,lr1e-04_bs16_drop0p2_temp2p0_a0p25_b0p05__wd1e-04trmiss0_degmodglobal,16,0.0001,0.0001,0.2,2.0,0.25,0.05,lr1e-04_bs16_drop0p2_temp2p0_a0p25_b0p05__wd1e-04trmiss0_degmodglobal,35,0.4984936863183975,0.6468368172645569,0.5833333333333333,0.7316017316017317,0.6153846153846154,0.0,0.49322233349084854,0.4748360216617584,0.07537022046744823,0.0963022280484438,0.0,0.0,0.0,0.0,0.0,18473,global,0.0
3,4,lr1e-04_bs16_drop0p2_temp2p0_a0p25_b0p05__wd1e-04trmiss0_degmodglobal,16,0.0001,0.0001,0.2,2.0,0.25,0.05,lr1e-04_bs16_drop0p2_temp2p0_a0p25_b0p05__wd1e-04trmiss0_degmodglobal,36,0.5371400862932205,0.6460926532745361,0.5833333333333333,0.7316017316017317,0.5384615384615384,0.0,0.4939432367682457,0.5109381899237633,0.07934335432946682,0.1273212730884552,0.0,0.0,0.0,0.0,0.0,18473,global,0.0
3,4,lr1e-04_bs16_drop0p2_temp2p0_a0p25_b0p05__wd1e-04trmiss0_degmodglobal,16,0.0001,0.0001,0.2,2.0,0.25,0.05,lr1e-04_bs16_drop0p2_temp2p0_a0p25_b0p05__wd1e-04trmiss0_degmodglobal,37,0.5439678877592087,0.6428589820861816,0.5833333333333333,0.7316017316017317,0.6153846153846154,0.0,0.49279653280973434,0.5186605527997017,0.07927139103412628,0.1097900653257966,0.0,0.0,0.0,0.0,0.0,18473,global,0.0
3,4,lr1e-04_bs16_drop0p2_temp2p0_a0p25_b0p05__wd1e-04trmiss0_degmodglobal,16,0.0001,0.0001,0.2,2.0,0.25,0.05,lr1e-04_bs16_drop0p2_temp2p0_a0p25_b0p05__wd1e-04trmiss0_degmodglobal,38,0.5094313025474548,0.6449649930000305,0.5833333333333333,0.7316017316017317,0.6153846153846154,0.0,0.518797941505909,0.48680534213781357,0.0683395667001605,0.11082150787115097,0.0,0.0,0.0,0.0,0.0,18473,global,0.0
3,4,lr1e-04_bs16_drop0p2_temp2p0_a0p25_b0p05__wd1e-04trmiss0_degmodglobal,16,0.0001,0.0001,0.2,2.0,0.25,0.05,lr1e-04_bs16_drop0p2_temp2p0_a0p25_b0p05__wd1e-04trmiss0_degmodglobal,39,0.5278192460536957,0.6464380621910095,0.5833333333333333,0.7316017316017317,0.5384615384615384,0.0,0.48683013021945953,0.5061003491282463,0.06757465098053217,0.09650462120771408,0.0,0.0,0.0,0.0,0.0,18473,global,0.0
3,4,lr1e-04_bs16_drop0p2_temp2p0_a0p25_b0p05__wd1e-04trmiss0_degmodglobal,16,0.0001,0.0001,0.2,2.0,0.25,0.05,lr1e-04_bs16_drop0p2_temp2p0_a0p25_b0p05__wd1e-04trmiss0_degmodglobal,40,0.5038296431303024,0.6472853422164917,0.5833333333333333,0.7316017316017317,0.6153846153846154,0.0,0.4920572340488434,0.47878582775592804,0.085756104439497,0.07209535664878786,0.0,0.0,0.0,0.0,0.0,18473,global,0.0
3,4,lr1e-04_bs16_drop0p2_temp2p0_a0p25_b0p05__wd1e-04trmiss0_degmodglobal,16,0.0001,0.0001,0.2,2.0,0.25,0.05,lr1e-04_bs16_drop0p2_temp2p0_a0p25_b0p05__wd1e-04trmiss0_degmodglobal,41,0.5278864353895187,0.6466395258903503,0.5833333333333333,0.7316017316017317,0.6153846153846154,0.0,0.4693259224295616,0.5032689869403839,0.07968729734420776,0.09391220659017563,0.0,0.0,0.0,0.0,0.0,18473,global,0.0
3,4,lr1e-04_bs16_drop0p2_temp2p0_a0p25_b0p05__wd1e-04trmiss0_degmodglobal,16,0.0001,0.0001,0.2,2.0,0.25,0.05,lr1e-04_bs16_drop0p2_temp2p0_a0p25_b0p05__wd1e-04trmiss0_degmodglobal,42,0.5015440583229065,0.6455140113830566,0.6111111111111112,0.7402437069103737,0.6153846153846154,0.0,0.48176881670951843,0.47715356200933456,0.08171098306775093,0.07925489358603954,0.0,0.0,0.0,0.0,0.0,18473,global,0.0
3,4,lr1e-04_bs16_drop0p2_temp2p0_a0p25_b0p05__wd1e-04trmiss0_degmodglobal,16,0.0001,0.0001,0.2,2.0,0.25,0.05,lr1e-04_bs16_drop0p2_temp2p0_a0p25_b0p05__wd1e-04trmiss0_degmodglobal,43,0.5076952800154686,0.644925594329834,0.6111111111111112,0.7402437069103737,0.6153846153846154,0.0,0.48203420639038086,0.48818938434123993,0.06171505805104971,0.08154234662652016,0.0,0.0,0.0,0.0,0.0,18473,global,0.0
3,4,lr1e-04_bs16_drop0p2_temp2p0_a0p25_b0p05__wd1e-04trmiss0_degmodglobal,16,0.0001,0.0001,0.2,2.0,0.25,0.05,lr1e-04_bs16_drop0p2_temp2p0_a0p25_b0p05__wd1e-04trmiss0_degmodglobal,44,0.5254561081528664,0.6443231701850891,0.6111111111111112,0.7402437069103737,0.6153846153846154,0.0,0.47872478514909744,0.4989870637655258,0.08818716742098331,0.08844516985118389,0.0,0.0,0.0,0.0,0.0,18473,global,0.0
3,4,lr1e-04_bs16_drop0p4_temp1p0_a0p25_b0p05__wd1e-04trmiss0_degmodglobal,16,0.0001,0.0001,0.4,1.0,0.25,0.05,lr1e-04_bs16_drop0p4_temp1p0_a0p25_b0p05__wd1e-04trmiss0_degmodglobal,1,0.7106705904006958,0.6903519034385681,0.3611111111111111,0.6711519961519963,0.6923076923076923,0.0,0.7314367890357971,0.6891448348760605,0.0628325343132019,0.11635256186127663,0.0,0.0,0.0,0.0,0.0,18473,global,0.0
3,4,lr1e-04_bs16_drop0p4_temp1p0_a0p25_b0p05__wd1e-04trmiss0_degmodglobal,16,0.0001,0.0001,0.4,1.0,0.25,0.05,lr1e-04_bs16_drop0p4_temp1p0_a0p25_b0p05__wd1e-04trmiss0_degmodglobal,2,0.6732110530138016,0.6994476318359375,0.3888888888888889,0.6452260702260703,0.38461538461538464,0.0,0.6900295317173004,0.6546012610197067,0.053347001783549786,0.10546102374792099,0.0,0.0,0.0,0.0,0.0,18473,global,0.0
3,4,lr1e-04_bs16_drop0p4_temp1p0_a0p25_b0p05__wd1e-04trmiss0_degmodglobal,16,0.0001,0.0001,0.4,1.0,0.25,0.05,lr1e-04_bs16_drop0p4_temp1p0_a0p25_b0p05__wd1e-04trmiss0_degmodglobal,3,0.6688813865184784,0.701307475566864,0.3888888888888889,0.6452260702260703,0.38461538461538464,0.0,0.6787585467100143,0.6470983773469925,0.05729449633508921,0.14918738417327404,0.0,0.0,0.0,0.0,0.0,18473,global,0.0
3,4,lr1e-04_bs16_drop0p4_temp1p0_a0p25_b0p05__wd1e-04trmiss0_degmodglobal,16,0.0001,0.0001,0.4,1.0,0.25,0.05,lr1e-04_bs16_drop0p4_temp1p0_a0p25_b0p05__wd1e-04trmiss0_degmodglobal,4,0.6367210149765015,0.7027525305747986,0.38888888888888884,0.6493978243978243,0.38461538461538464,0.0,0.6482479423284531,0.6181940585374832,0.04747984651476145,0.13314024358987808,0.0,0.0,0.0,0.0,0.0,18473,global,0.0
3,4,lr1e-04_bs16_drop0p4_temp1p0_a0p25_b0p05__wd1e-04trmiss0_degmodglobal,16,0.0001,0.0001,0.4,1.0,0.25,0.05,lr1e-04_bs16_drop0p4_temp1p0_a0p25_b0p05__wd1e-04trmiss0_degmodglobal,5,0.6346943974494934,0.7065444588661194,0.3888888888888889,0.6593304843304844,0.46153846153846156,0.0,0.6376221776008606,0.6164893805980682,0.047011017333716154,0.12904495373368263,0.0,0.0,0.0,0.0,0.0,18473,global,0.0
3,4,lr1e-04_bs16_drop0p4_temp1p0_a0p25_b0p05__wd1e-04trmiss0_degmodglobal,16,0.0001,0.0001,0.4,1.0,0.25,0.05,lr1e-04_bs16_drop0p4_temp1p0_a0p25_b0p05__wd1e-04trmiss0_degmodglobal,6,0.6923699826002121,0.7071993350982666,0.4444444444444444,0.6724747474747474,0.46153846153846156,0.0,0.6394610852003098,0.6690049916505814,0.06233490351587534,0.15562542527914047,0.0,0.0,0.0,0.0,0.0,18473,global,0.0
3,4,lr1e-04_bs16_drop0p4_temp1p0_a0p25_b0p05__wd1e-04trmiss0_degmodglobal,16,0.0001,0.0001,0.4,1.0,0.25,0.05,lr1e-04_bs16_drop0p4_temp1p0_a0p25_b0p05__wd1e-04trmiss0_degmodglobal,7,0.6299254894256592,0.706839382648468,0.38888888888888884,0.6493978243978243,0.38461538461538464,0.0,0.6268002539873123,0.6056535542011261,0.05954005662351847,0.1877385564148426,0.0,0.0,0.0,0.0,0.0,18473,global,0.0
3,4,lr1e-04_bs16_drop0p4_temp1p0_a0p25_b0p05__wd1e-04trmiss0_degmodglobal,16,0.0001,0.0001,0.4,1.0,0.25,0.05,lr1e-04_bs16_drop0p4_temp1p0_a0p25_b0p05__wd1e-04trmiss0_degmodglobal,8,0.5964934825897217,0.7099317908287048,0.38888888888888895,0.6525844525844526,0.38461538461538464,0.0,0.6195905655622482,0.5766101703047752,0.052161418832838535,0.1368595864623785,0.0,0.0,0.0,0.0,0.0,18473,global,0.0
3,4,lr1e-04_bs16_drop0p4_temp1p0_a0p25_b0p05__wd1e-04trmiss0_degmodglobal,16,0.0001,0.0001,0.4,1.0,0.25,0.05,lr1e-04_bs16_drop0p4_temp1p0_a0p25_b0p05__wd1e-04trmiss0_degmodglobal,9,0.5769701153039932,0.7088268399238586,0.41666666666666663,0.6593184593184593,0.38461538461538464,0.0,0.6199151128530502,0.553708866238594,0.05594721809029579,0.18548907339572906,0.0,0.0,0.0,0.0,0.0,18473,global,0.0
3,4,lr1e-04_bs16_drop0p4_temp1p0_a0p25_b0p05__wd1e-04trmiss0_degmodglobal,16,0.0001,0.0001,0.4,1.0,0.25,0.05,lr1e-04_bs16_drop0p4_temp1p0_a0p25_b0p05__wd1e-04trmiss0_degmodglobal,10,0.6346335709095001,0.7118350267410278,0.38888888888888895,0.6525844525844526,0.38461538461538464,0.0,0.5979332029819489,0.6168151646852493,0.05090771708637476,0.1018294021487236,0.0,0.0,0.0,0.0,0.0,18473,global,0.0
3,4,lr1e-04_bs16_drop0p4_temp1p0_a0p25_b0p05__wd1e-04trmiss0_degmodglobal,16,0.0001,0.0001,0.4,1.0,0.25,0.05,lr1e-04_bs16_drop0p4_temp1p0_a0p25_b0p05__wd1e-04trmiss0_degmodglobal,11,0.6184345036745071,0.7132387161254883,0.41666666666666663,0.6593184593184593,0.38461538461538464,0.0,0.5920783579349518,0.593498095870018,0.06128823384642601,0.19228729605674744,0.0,0.0,0.0,0.0,0.0,18473,global,0.0
3,4,lr1e-04_bs16_drop0p4_temp1p0_a0p25_b0p05__wd1e-04trmiss0_degmodglobal,16,0.0001,0.0001,0.4,1.0,0.25,0.05,lr1e-04_bs16_drop0p4_temp1p0_a0p25_b0p05__wd1e-04trmiss0_degmodglobal,12,0.5804039984941483,0.717377245426178,0.41666666666666663,0.6593184593184593,0.38461538461538464,0.0,0.6251465529203415,0.556778222322464,0.06307465210556984,0.15714219026267529,0.0,0.0,0.0,0.0,0.0,18473,global,0.0
3,4,lr1e-04_bs16_drop0p4_temp1p0_a0p25_b0p05__wd1e-04trmiss0_degmodglobal,16,0.0001,0.0001,0.4,1.0,0.25,0.05,lr1e-04_bs16_drop0p4_temp1p0_a0p25_b0p05__wd1e-04trmiss0_degmodglobal,13,0.5911851525306702,0.7160673141479492,0.4444444444444444,0.6759851259851261,0.38461538461538464,0.0,0.583401545882225,0.5728358924388885,0.04617234552279115,0.13612365070730448,0.0,0.0,0.0,0.0,0.0,18473,global,0.0
3,4,lr1e-04_bs16_drop0p4_temp1p0_a0p25_b0p05__wd1e-04trmiss0_degmodglobal,16,0.0001,0.0001,0.4,1.0,0.25,0.05,lr1e-04_bs16_drop0p4_temp1p0_a0p25_b0p05__wd1e-04trmiss0_degmodglobal,14,0.579874113202095,0.7180240750312805,0.4444444444444444,0.6759851259851261,0.38461538461538464,0.0,0.6126006990671158,0.5554775297641754,0.059197491966187954,0.19194426387548447,0.0,0.0,0.0,0.0,0.0,18473,global,0.0
3,4,lr1e-04_bs16_drop0p4_temp1p0_a0p25_b0p05__wd1e-04trmiss0_degmodglobal,16,0.0001,0.0001,0.4,1.0,0.25,0.05,lr1e-04_bs16_drop0p4_temp1p0_a0p25_b0p05__wd1e-04trmiss0_degmodglobal,15,0.5977208763360977,0.7195796370506287,0.4166666666666667,0.6692511192511194,0.38461538461538464,0.0,0.5479638278484344,0.5744850337505341,0.06526520382612944,0.13839084841310978,0.0,0.0,0.0,0.0,0.0,18473,global,0.0
3,4,lr1e-04_bs16_drop0p4_temp1p0_a0p25_b0p05__wd1e-04trmiss0_degmodglobal,16,0.0001,0.0001,0.4,1.0,0.25,0.05,lr1e-04_bs16_drop0p4_temp1p0_a0p25_b0p05__wd1e-04trmiss0_degmodglobal,16,0.603847548365593,0.7196254134178162,0.4166666666666667,0.6692511192511194,0.38461538461538464,0.0,0.5759400427341461,0.5770303905010223,0.06546379067003727,0.2090243250131607,0.0,0.0,0.0,0.0,0.0,18473,global,0.0
3,4,lr1e-04_bs16_drop0p4_temp1p0_a0p25_b0p05__wd1e-04trmiss0_degmodglobal,16,0.0001,0.0001,0.4,1.0,0.25,0.05,lr1e-04_bs16_drop0p4_temp1p0_a0p25_b0p05__wd1e-04trmiss0_degmodglobal,17,0.5783618241548538,0.7178149819374084,0.4166666666666667,0.6692511192511194,0.38461538461538464,0.0,0.5783924013376236,0.5570891946554184,0.06274107098579407,0.11174747347831726,0.0,0.0,0.0,0.0,0.0,18473,global,0.0
3,4,lr1e-04_bs16_drop0p4_temp1p0_a0p25_b0p05__wd1e-04trmiss0_degmodglobal,16,0.0001,0.0001,0.4,1.0,0.25,0.05,lr1e-04_bs16_drop0p4_temp1p0_a0p25_b0p05__wd1e-04trmiss0_degmodglobal,18,0.5722256302833557,0.7181375026702881,0.4444444444444444,0.6759851259851261,0.38461538461538464,0.0,0.5617875754833221,0.5556334108114243,0.045082672499120235,0.1064306739717722,0.0,0.0,0.0,0.0,0.0,18473,global,0.0
3,4,lr1e-04_bs16_drop0p4_temp1p0_a0p25_b0p05__wd1e-04trmiss0_degmodglobal,16,0.0001,0.0001,0.4,1.0,0.25,0.05,lr1e-04_bs16_drop0p4_temp1p0_a0p25_b0p05__wd1e-04trmiss0_degmodglobal,19,0.6026320904493332,0.7196106910705566,0.41666666666666663,0.6660644910644911,0.38461538461538464,0.0,0.569031611084938,0.5815449506044388,0.059863969683647156,0.12242320459336042,0.0,0.0,0.0,0.0,0.0,18473,global,0.0
3,4,lr1e-04_bs16_drop0p4_temp1p0_a0p25_b0p05__wd1e-04trmiss0_degmodglobal,16,0.0001,0.0001,0.4,1.0,0.25,0.05,lr1e-04_bs16_drop0p4_temp1p0_a0p25_b0p05__wd1e-04trmiss0_degmodglobal,20,0.5945349931716919,0.718157947063446,0.4444444444444444,0.6759851259851261,0.38461538461538464,0.0,0.5852399915456772,0.5766751766204834,0.051206388510763645,0.10116448497865349,0.0,0.0,0.0,0.0,0.0,18473,global,0.0
3,4,lr1e-04_bs16_drop0p4_temp1p0_a0p25_b0p05__wd1e-04trmiss0_degmodglobal,16,0.0001,0.0001,0.4,1.0,0.25,0.05,lr1e-04_bs16_drop0p4_temp1p0_a0p25_b0p05__wd1e-04trmiss0_degmodglobal,21,0.5780911892652512,0.7136569619178772,0.4444444444444444,0.6759851259851261,0.38461538461538464,0.0,0.5549686402082443,0.5572088360786438,0.0573037788271904,0.13112822361290455,0.0,0.0,0.0,0.0,0.0,18473,global,0.0
3,4,lr1e-04_bs16_drop0p4_temp1p0_a0p25_b0p05__wd1e-04trmiss0_degmodglobal,16,0.0001,0.0001,0.4,1.0,0.25,0.05,lr1e-04_bs16_drop0p4_temp1p0_a0p25_b0p05__wd1e-04trmiss0_degmodglobal,22,0.5805850327014923,0.7130885720252991,0.4444444444444444,0.6759851259851261,0.38461538461538464,0.0,0.5469229966402054,0.5613338798284531,0.05455092340707779,0.11226867139339447,0.0,0.0,0.0,0.0,0.0,18473,global,0.0
3,4,lr1e-04_bs16_drop0p4_temp1p0_a0p25_b0p05__wd1e-04trmiss0_degmodglobal,16,0.0001,0.0001,0.4,1.0,0.25,0.05,lr1e-04_bs16_drop0p4_temp1p0_a0p25_b0p05__wd1e-04trmiss0_degmodglobal,23,0.578701838850975,0.714104175567627,0.4444444444444444,0.6759851259851261,0.38461538461538464,0.0,0.5348323732614517,0.552913174033165,0.07034921180456877,0.16402744874358177,0.0,0.0,0.0,0.0,0.0,18473,global,0.0
3,4,lr1e-04_bs16_drop0p4_temp1p0_a0p25_b0p05__wd1e-04trmiss0_degmodglobal,16,0.0001,0.0001,0.4,1.0,0.25,0.05,lr1e-04_bs16_drop0p4_temp1p0_a0p25_b0p05__wd1e-04trmiss0_degmodglobal,24,0.6112739443778992,0.7112640738487244,0.4444444444444444,0.6759851259851261,0.38461538461538464,0.0,0.551817774772644,0.5884883105754852,0.0628194734454155,0.14161496702581644,0.0,0.0,0.0,0.0,0.0,18473,global,0.0
3,4,lr1e-04_bs16_drop0p4_temp1p0_a0p25_b0p05__wd1e-04trmiss0_degmodglobal,16,0.0001,0.0001,0.4,1.0,0.25,0.05,lr1e-04_bs16_drop0p4_temp1p0_a0p25_b0p05__wd1e-04trmiss0_degmodglobal,25,0.5874670594930649,0.7100839614868164,0.4444444444444444,0.6759851259851261,0.38461538461538464,0.0,0.5779914110898972,0.5636028200387955,0.06463856622576714,0.15409236960113049,0.0,0.0,0.0,0.0,0.0,18473,global,0.0
3,4,lr1e-04_bs16_drop0p4_temp1p0_a0p25_b0p05__wd1e-04trmiss0_degmodglobal,16,0.0001,0.0001,0.4,1.0,0.25,0.05,lr1e-04_bs16_drop0p4_temp1p0_a0p25_b0p05__wd1e-04trmiss0_degmodglobal,26,0.6066390872001648,0.7089369893074036,0.47222222222222215,0.6852443852443852,0.38461538461538464,0.0,0.5455991178750992,0.5826522558927536,0.06240744050592184,0.1676994226872921,0.0,0.0,0.0,0.0,0.0,18473,global,0.0
3,4,lr1e-04_bs16_drop0p4_temp1p0_a0p25_b0p05__wd1e-04trmiss0_degmodglobal,16,0.0001,0.0001,0.4,1.0,0.25,0.05,lr1e-04_bs16_drop0p4_temp1p0_a0p25_b0p05__wd1e-04trmiss0_degmodglobal,27,0.606331542134285,0.7052630186080933,0.49999999999999994,0.7000592000592001,0.46153846153846156,0.0,0.5767532140016556,0.5888388007879257,0.04651377722620964,0.11728589609265327,0.0,0.0,0.0,0.0,0.0,18473,global,0.0
3,4,lr1e-04_bs16_drop0p4_temp1p0_a0p25_b0p05__wd1e-04trmiss0_degmodglobal,16,0.0001,0.0001,0.4,1.0,0.25,0.05,lr1e-04_bs16_drop0p4_temp1p0_a0p25_b0p05__wd1e-04trmiss0_degmodglobal,28,0.582447238266468,0.707257091999054,0.49999999999999994,0.7000592000592001,0.46153846153846156,0.0,0.5410052537918091,0.5615450292825699,0.055978464893996716,0.13815118744969368,0.0,0.0,0.0,0.0,0.0,18473,global,0.0
3,4,lr1e-04_bs16_drop0p4_temp1p0_a0p25_b0p05__wd1e-04trmiss0_degmodglobal,16,0.0001,0.0001,0.4,1.0,0.25,0.05,lr1e-04_bs16_drop0p4_temp1p0_a0p25_b0p05__wd1e-04trmiss0_degmodglobal,29,0.5954577624797821,0.7041951417922974,0.49999999999999994,0.7000592000592001,0.46153846153846156,0.0,0.52964748442173,0.5672308057546616,0.08337350469082594,0.14767152070999146,0.0,0.0,0.0,0.0,0.0,18473,global,0.0
3,4,lr1e-04_bs16_drop0p4_temp1p0_a0p25_b0p05__wd1e-04trmiss0_degmodglobal,16,0.0001,0.0001,0.4,1.0,0.25,0.05,lr1e-04_bs16_drop0p4_temp1p0_a0p25_b0p05__wd1e-04trmiss0_degmodglobal,30,0.6101041585206985,0.7073219418525696,0.4444444444444444,0.6759851259851261,0.46153846153846156,0.0,0.526359960436821,0.5771047472953796,0.08501026779413223,0.2349373698234558,0.0,0.0,0.0,0.0,0.0,18473,global,0.0
3,4,lr1e-04_bs16_drop0p4_temp1p0_a0p25_b0p05__wd1e-04trmiss0_degmodglobal,16,0.0001,0.0001,0.4,1.0,0.25,0.05,lr1e-04_bs16_drop0p4_temp1p0_a0p25_b0p05__wd1e-04trmiss0_degmodglobal,31,0.5389837622642517,0.7058574557304382,0.4444444444444444,0.6759851259851261,0.46153846153846156,0.0,0.530899241566658,0.5146021172404289,0.0607730271294713,0.1837676540017128,0.0,0.0,0.0,0.0,0.0,18473,global,0.0
3,4,lr1e-04_bs16_drop0p4_temp1p0_a0p25_b0p05__wd1e-04trmiss0_degmodglobal,16,0.0001,0.0001,0.4,1.0,0.25,0.05,lr1e-04_bs16_drop0p4_temp1p0_a0p25_b0p05__wd1e-04trmiss0_degmodglobal,32,0.5694107562303543,0.7078121900558472,0.4444444444444444,0.6759851259851261,0.46153846153846156,0.0,0.551126629114151,0.5507424622774124,0.05343354493379593,0.10619810223579407,0.0,0.0,0.0,0.0,0.0,18473,global,0.0
3,4,lr1e-04_bs16_drop0p4_temp1p0_a0p25_b0p05__wd1e-04trmiss0_degmodglobal,16,0.0001,0.0001,0.4,1.0,0.25,0.05,lr1e-04_bs16_drop0p4_temp1p0_a0p25_b0p05__wd1e-04trmiss0_degmodglobal,33,0.5937368720769882,0.71214759349823,0.4444444444444444,0.6759851259851261,0.38461538461538464,0.0,0.5508467257022858,0.5680364817380905,0.0696027223020792,0.16599425487220287,0.0,0.0,0.0,0.0,0.0,18473,global,0.0
3,4,lr1e-04_bs16_drop0p4_temp1p0_a0p25_b0p05__wd1e-04trmiss0_degmodglobal,16,0.0001,0.0001,0.4,1.0,0.25,0.05,lr1e-04_bs16_drop0p4_temp1p0_a0p25_b0p05__wd1e-04trmiss0_degmodglobal,34,0.6135549247264862,0.7131480574607849,0.4444444444444444,0.6759851259851261,0.38461538461538464,0.0,0.5954045504331589,0.5871078222990036,0.07789384387433529,0.13947292789816856,0.0,0.0,0.0,0.0,0.0,18473,global,0.0
3,4,lr1e-04_bs16_drop0p4_temp1p0_a0p25_b0p05__wd1e-04trmiss0_degmodglobal,16,0.0001,0.0001,0.4,1.0,0.25,0.05,lr1e-04_bs16_drop0p4_temp1p0_a0p25_b0p05__wd1e-04trmiss0_degmodglobal,35,0.5725058615207672,0.7094317674636841,0.4444444444444444,0.6759851259851261,0.46153846153846156,0.0,0.5152012705802917,0.5432900488376617,0.06909944582730532,0.23881923593580723,0.0,0.0,0.0,0.0,0.0,18473,global,0.0
3,4,lr1e-04_bs16_drop0p4_temp1p0_a0p25_b0p05__wd1e-04trmiss0_degmodglobal,16,0.0001,0.0001,0.4,1.0,0.25,0.05,lr1e-04_bs16_drop0p4_temp1p0_a0p25_b0p05__wd1e-04trmiss0_degmodglobal,36,0.5926584303379059,0.7077822089195251,0.49999999999999994,0.7000592000592001,0.46153846153846156,0.0,0.5599337369203568,0.5740744769573212,0.0508758258074522,0.117299884557724,0.0,0.0,0.0,0.0,0.0,18473,global,0.0
3,4,lr1e-04_bs16_drop0p4_temp1p0_a0p25_b0p05__wd1e-04trmiss0_degmodglobal,16,0.0001,0.0001,0.4,1.0,0.25,0.05,lr1e-04_bs16_drop0p4_temp1p0_a0p25_b0p05__wd1e-04trmiss0_degmodglobal,37,0.6007357686758041,0.7036569714546204,0.49999999999999994,0.7000592000592001,0.46153846153846156,0.0,0.5269264131784439,0.5669567584991455,0.0854238597676158,0.24846067652106285,0.0,0.0,0.0,0.0,0.0,18473,global,0.0
3,4,lr1e-04_bs16_drop0p4_temp1p0_a0p25_b0p05__wd1e-04trmiss0_degmodglobal,16,0.0001,0.0001,0.4,1.0,0.25,0.05,lr1e-04_bs16_drop0p4_temp1p0_a0p25_b0p05__wd1e-04trmiss0_degmodglobal,38,0.5809436589479446,0.7064114809036255,0.49999999999999994,0.7000592000592001,0.5384615384615384,0.0,0.5725295916199684,0.5555285662412643,0.07233984023332596,0.14660256914794445,0.0,0.0,0.0,0.0,0.0,18473,global,0.0
3,4,lr1e-04_bs16_drop0p4_temp1p0_a0p25_b0p05__wd1e-04trmiss0_degmodglobal,16,0.0001,0.0001,0.4,1.0,0.25,0.05,lr1e-04_bs16_drop0p4_temp1p0_a0p25_b0p05__wd1e-04trmiss0_degmodglobal,39,0.5933704823255539,0.7046987414360046,0.49999999999999994,0.7000592000592001,0.5384615384615384,0.0,0.5480698272585869,0.5590532720088959,0.08751446940004826,0.24877212569117546,0.0,0.0,0.0,0.0,0.0,18473,global,0.0
3,4,lr1e-04_bs16_drop0p4_temp1p0_a0p25_b0p05__wd1e-04trmiss0_degmodglobal,16,0.0001,0.0001,0.4,1.0,0.25,0.05,lr1e-04_bs16_drop0p4_temp1p0_a0p25_b0p05__wd1e-04trmiss0_degmodglobal,40,0.5877667665481567,0.6995842456817627,0.49999999999999994,0.7000592000592001,0.46153846153846156,0.0,0.5288572013378143,0.5645559728145599,0.06313708703964949,0.14853055030107498,0.0,0.0,0.0,0.0,0.0,18473,global,0.0
3,4,lr1e-04_bs16_drop0p4_temp1p0_a0p25_b0p05__wd1e-04trmiss0_degmodglobal,16,0.0001,0.0001,0.4,1.0,0.25,0.05,lr1e-04_bs16_drop0p4_temp1p0_a0p25_b0p05__wd1e-04trmiss0_degmodglobal,41,0.566024124622345,0.7033650875091553,0.49999999999999994,0.7000592000592001,0.46153846153846156,0.0,0.5459263026714325,0.5401076525449753,0.07014369778335094,0.16761081665754318,0.0,0.0,0.0,0.0,0.0,18473,global,0.0
3,4,lr1e-04_bs16_drop0p4_temp1p0_a0p25_b0p05__wd1e-04trmiss0_degmodglobal,16,0.0001,0.0001,0.4,1.0,0.25,0.05,lr1e-04_bs16_drop0p4_temp1p0_a0p25_b0p05__wd1e-04trmiss0_degmodglobal,42,0.5874588787555695,0.7038200497627258,0.4722222222222222,0.6907999407999409,0.5384615384615384,0.0,0.5178409516811371,0.5561591237783432,0.07488267589360476,0.2515818066895008,0.0,0.0,0.0,0.0,0.0,18473,global,0.0
3,4,lr1e-04_bs16_drop0p4_temp1p0_a0p25_b0p05__wd1e-04trmiss0_degmodglobal,16,0.0001,0.0001,0.4,1.0,0.25,0.05,lr1e-04_bs16_drop0p4_temp1p0_a0p25_b0p05__wd1e-04trmiss0_degmodglobal,43,0.5792884826660156,0.7008869647979736,0.49999999999999994,0.7000592000592001,0.46153846153846156,0.0,0.5573813766241074,0.5603378117084503,0.054454755038022995,0.10673937201499939,0.0,0.0,0.0,0.0,0.0,18473,global,0.0
3,4,lr1e-04_bs16_drop0p4_temp1p0_a0p25_b0p05__wd1e-04trmiss0_degmodglobal,16,0.0001,0.0001,0.4,1.0,0.25,0.05,lr1e-04_bs16_drop0p4_temp1p0_a0p25_b0p05__wd1e-04trmiss0_degmodglobal,44,0.5690219551324844,0.7030317187309265,0.4722222222222222,0.6907999407999409,0.46153846153846156,0.0,0.5377656370401382,0.5469062775373459,0.05647669918835163,0.15992972999811172,0.0,0.0,0.0,0.0,0.0,18473,global,0.0
3,4,lr1e-04_bs16_drop0p4_temp1p0_a0p25_b0p05__wd1e-04trmiss0_degmodglobal,16,0.0001,0.0001,0.4,1.0,0.25,0.05,lr1e-04_bs16_drop0p4_temp1p0_a0p25_b0p05__wd1e-04trmiss0_degmodglobal,45,0.5533484593033791,0.704103946685791,0.47222222222222215,0.6852443852443852,0.46153846153846156,0.0,0.49541328847408295,0.5294961631298065,0.06715024262666702,0.14129511173814535,0.0,0.0,0.0,0.0,0.0,18473,global,0.0
3,4,lr1e-04_bs16_drop0p4_temp1p0_a0p25_b0p05__wd1e-04trmiss0_degmodglobal,16,0.0001,0.0001,0.4,1.0,0.25,0.05,lr1e-04_bs16_drop0p4_temp1p0_a0p25_b0p05__wd1e-04trmiss0_degmodglobal,46,0.6212505251169205,0.7037253379821777,0.47222222222222215,0.6852443852443852,0.46153846153846156,0.0,0.5339567512273788,0.5899692326784134,0.08380721136927605,0.20659001730382442,0.0,0.0,0.0,0.0,0.0,18473,global,0.0
3,4,lr1e-04_bs16_drop0p4_temp1p0_a0p25_b0p05__wd1e-04trmiss0_degmodglobal,16,0.0001,0.0001,0.4,1.0,0.25,0.05,lr1e-04_bs16_drop0p4_temp1p0_a0p25_b0p05__wd1e-04trmiss0_degmodglobal,47,0.549287773668766,0.7089220285415649,0.4444444444444444,0.6759851259851261,0.46153846153846156,0.0,0.5307622030377388,0.5276229903101921,0.06411807704716921,0.11270532011985779,0.0,0.0,0.0,0.0,0.0,18473,global,0.0
3,4,lr1e-04_bs16_drop0p4_temp1p0_a0p25_b0p05__wd1e-04trmiss0_degmodglobal,16,0.0001,0.0001,0.4,1.0,0.25,0.05,lr1e-04_bs16_drop0p4_temp1p0_a0p25_b0p05__wd1e-04trmiss0_degmodglobal,48,0.6075973957777023,0.7103754281997681,0.4444444444444444,0.6759851259851261,0.46153846153846156,0.0,0.5356585159897804,0.5814988538622856,0.06451122788712382,0.19941482320427895,0.0,0.0,0.0,0.0,0.0,18473,global,0.0
3,4,lr1e-04_bs16_drop0p4_temp1p0_a0p25_b0p05__wd1e-04trmiss0_degmodglobal,16,0.0001,0.0001,0.4,1.0,0.25,0.05,lr1e-04_bs16_drop0p4_temp1p0_a0p25_b0p05__wd1e-04trmiss0_degmodglobal,49,0.5898481011390686,0.7144715785980225,0.4444444444444444,0.6759851259851261,0.38461538461538464,0.0,0.529770165681839,0.562686488032341,0.07039602380245924,0.1912524402141571,0.0,0.0,0.0,0.0,0.0,18473,global,0.0
3,4,lr1e-04_bs16_drop0p4_temp1p0_a0p25_b0p05__wd1e-04trmiss0_degmodglobal,16,0.0001,0.0001,0.4,1.0,0.25,0.05,lr1e-04_bs16_drop0p4_temp1p0_a0p25_b0p05__wd1e-04trmiss0_degmodglobal,50,0.6172307580709457,0.7124955654144287,0.4444444444444444,0.6759851259851261,0.46153846153846156,0.0,0.5359442830085754,0.5933809280395508,0.06163885071873665,0.16880246344953775,0.0,0.0,0.0,0.0,0.0,18473,global,0.0
3,4,lr1e-04_bs16_drop0p4_temp1p0_a0p25_b0p05__wd1e-04trmiss0_degmodglobal,16,0.0001,0.0001,0.4,1.0,0.25,0.05,lr1e-04_bs16_drop0p4_temp1p0_a0p25_b0p05__wd1e-04trmiss0_degmodglobal,51,0.5920751392841339,0.7080004811286926,0.4722222222222222,0.6907999407999409,0.46153846153846156,0.0,0.48309173434972763,0.5644836872816086,0.07173286657780409,0.19316457584500313,0.0,0.0,0.0,0.0,0.0,18473,global,0.0
3,4,lr1e-04_bs16_drop0p4_temp1p0_a0p25_b0p05__wd1e-04trmiss0_degmodglobal,16,0.0001,0.0001,0.4,1.0,0.25,0.05,lr1e-04_bs16_drop0p4_temp1p0_a0p25_b0p05__wd1e-04trmiss0_degmodglobal,52,0.5596317648887634,0.7040299773216248,0.4722222222222222,0.6907999407999409,0.46153846153846156,0.0,0.49812597781419754,0.5367987528443336,0.06249524746090174,0.1441839560866356,0.0,0.0,0.0,0.0,0.0,18473,global,0.0
3,4,lr1e-04_bs16_drop0p4_temp1p0_a0p25_b0p05__wd1e-04trmiss0_degmodglobal,16,0.0001,0.0001,0.4,1.0,0.25,0.05,lr1e-04_bs16_drop0p4_temp1p0_a0p25_b0p05__wd1e-04trmiss0_degmodglobal,53,0.5743326991796494,0.7029438018798828,0.49999999999999994,0.7000592000592001,0.46153846153846156,0.0,0.48299621790647507,0.5414945483207703,0.0811266228556633,0.251129437237978,0.0,0.0,0.0,0.0,0.0,18473,global,0.0
3,4,lr1e-04_bs16_drop0p4_temp1p0_a0p25_b0p05__wd1e-04trmiss0_degmodglobal,16,0.0001,0.0001,0.4,1.0,0.25,0.05,lr1e-04_bs16_drop0p4_temp1p0_a0p25_b0p05__wd1e-04trmiss0_degmodglobal,54,0.579165980219841,0.6994799971580505,0.49999999999999994,0.7000592000592001,0.46153846153846156,0.0,0.5241619497537613,0.5561221092939377,0.06897938624024391,0.11598027683794498,0.0,0.0,0.0,0.0,0.0,18473,global,0.0
3,4,lr1e-04_bs16_drop0p4_temp1p0_a0p25_b0p05__wd1e-04trmiss0_degmodglobal,16,0.0001,0.0001,0.4,1.0,0.25,0.05,lr1e-04_bs16_drop0p4_temp1p0_a0p25_b0p05__wd1e-04trmiss0_degmodglobal,55,0.560654953122139,0.6989277601242065,0.49999999999999994,0.7000592000592001,0.46153846153846156,0.0,0.5575355887413025,0.5280818790197372,0.0859078299254179,0.2219218872487545,0.0,0.0,0.0,0.0,0.0,18473,global,0.0
3,4,lr1e-04_bs16_drop0p4_temp1p0_a0p25_b0p05__wd1e-04trmiss0_degmodglobal,16,0.0001,0.0001,0.4,1.0,0.25,0.05,lr1e-04_bs16_drop0p4_temp1p0_a0p25_b0p05__wd1e-04trmiss0_degmodglobal,56,0.5864488631486893,0.7012433409690857,0.47222222222222215,0.6852443852443852,0.46153846153846156,0.0,0.5110673904418945,0.5571885108947754,0.07757208496332169,0.19734619557857513,0.0,0.0,0.0,0.0,0.0,18473,global,0.0
3,4,lr1e-04_bs16_drop0p4_temp1p0_a0p25_b0p05__wd1e-04trmiss0_degmodglobal,16,0.0001,0.0001,0.4,1.0,0.25,0.05,lr1e-04_bs16_drop0p4_temp1p0_a0p25_b0p05__wd1e-04trmiss0_degmodglobal,57,0.5568957626819611,0.7015234231948853,0.49999999999999994,0.7000592000592001,0.46153846153846156,0.0,0.4922219216823578,0.5291172787547112,0.07589114084839821,0.17611376009881496,0.0,0.0,0.0,0.0,0.0,18473,global,0.0
3,4,lr1e-04_bs16_drop0p4_temp1p0_a0p25_b0p05__wd1e-04trmiss0_degmodglobal,16,0.0001,0.0001,0.4,1.0,0.25,0.05,lr1e-04_bs16_drop0p4_temp1p0_a0p25_b0p05__wd1e-04trmiss0_degmodglobal,58,0.6026724800467491,0.704196572303772,0.49999999999999994,0.7000592000592001,0.46153846153846156,0.0,0.5480640530586243,0.5796471238136292,0.06003648228943348,0.16032493859529495,0.0,0.0,0.0,0.0,0.0,18473,global,0.0
3,4,lr1e-04_bs16_drop0p4_temp1p0_a0p25_b0p05__wd1e-04trmiss0_degmodglobal,16,0.0001,0.0001,0.4,1.0,0.25,0.05,lr1e-04_bs16_drop0p4_temp1p0_a0p25_b0p05__wd1e-04trmiss0_degmodglobal,59,0.5391374081373215,0.702140748500824,0.49999999999999994,0.7000592000592001,0.46153846153846156,0.0,0.5135447308421135,0.5122173801064491,0.07338023651391268,0.1714991256594658,0.0,0.0,0.0,0.0,0.0,18473,global,0.0
3,4,lr1e-04_bs16_drop0p4_temp1p0_a0p25_b0p05__wd1e-04trmiss0_degmodglobal,16,0.0001,0.0001,0.4,1.0,0.25,0.05,lr1e-04_bs16_drop0p4_temp1p0_a0p25_b0p05__wd1e-04trmiss0_degmodglobal,60,0.5474575385451317,0.7012442350387573,0.49999999999999994,0.7000592000592001,0.46153846153846156,0.0,0.5120901539921761,0.5180355310440063,0.08643400855362415,0.15627052634954453,0.0,0.0,0.0,0.0,0.0,18473,global,0.0
3,4,lr1e-04_bs16_drop0p4_temp1p0_a0p25_b0p05__wd1e-04trmiss0_degmodglobal,16,0.0001,0.0001,0.4,1.0,0.25,0.05,lr1e-04_bs16_drop0p4_temp1p0_a0p25_b0p05__wd1e-04trmiss0_degmodglobal,61,0.5765209347009659,0.7023848295211792,0.49999999999999994,0.7000592000592001,0.46153846153846156,0.0,0.5228148847818375,0.5429627746343613,0.08796176314353943,0.23135462030768394,0.0,0.0,0.0,0.0,0.0,18473,global,0.0
3,4,lr1e-04_bs16_drop0p4_temp1p0_a0p25_b0p05__wd1e-04trmiss0_degmodglobal,16,0.0001,0.0001,0.4,1.0,0.25,0.05,lr1e-04_bs16_drop0p4_temp1p0_a0p25_b0p05__wd1e-04trmiss0_degmodglobal,62,0.5904955863952637,0.7017109990119934,0.4722222222222222,0.6907999407999409,0.5384615384615384,0.0,0.47430630028247833,0.55024354159832,0.10147673822939396,0.29765724763274193,0.0,0.0,0.0,0.0,0.0,18473,global,0.0
3,4,lr1e-04_bs16_drop0p4_temp1p0_a0p25_b0p05__wd1e-04trmiss0_degmodglobal,16,0.0001,0.0001,0.4,1.0,0.25,0.05,lr1e-04_bs16_drop0p4_temp1p0_a0p25_b0p05__wd1e-04trmiss0_degmodglobal,63,0.5870305299758911,0.7049359679222107,0.4722222222222222,0.6907999407999409,0.5384615384615384,0.0,0.5326905697584152,0.5631165653467178,0.06421804800629616,0.15718919271603227,0.0,0.0,0.0,0.0,0.0,18473,global,0.0
3,4,lr1e-04_bs16_drop0p4_temp1p0_a0p25_b0p05__wd1e-04trmiss0_degmodglobal,16,0.0001,0.0001,0.4,1.0,0.25,0.05,lr1e-04_bs16_drop0p4_temp1p0_a0p25_b0p05__wd1e-04trmiss0_degmodglobal,64,0.5624146312475204,0.7019798755645752,0.49999999999999994,0.7000592000592001,0.5384615384615384,0.0,0.5264669805765152,0.5356810912489891,0.06754767429083586,0.19693272933363914,0.0,0.0,0.0,0.0,0.0,18473,global,0.0
3,4,lr1e-04_bs16_drop0p4_temp1p0_a0p25_b0p05__wd1e-04trmiss0_degmodglobal,16,0.0001,0.0001,0.4,1.0,0.25,0.05,lr1e-04_bs16_drop0p4_temp1p0_a0p25_b0p05__wd1e-04trmiss0_degmodglobal,65,0.5779629349708557,0.7023272514343262,0.49999999999999994,0.7000592000592001,0.5384615384615384,0.0,0.5060826689004898,0.5377522706985474,0.10842347610741854,0.2620957978069782,0.0,0.0,0.0,0.0,0.0,18473,global,0.0
3,4,lr1e-04_bs16_drop0p4_temp1p0_a0p25_b0p05__wd1e-04trmiss0_degmodglobal,16,0.0001,0.0001,0.4,1.0,0.25,0.05,lr1e-04_bs16_drop0p4_temp1p0_a0p25_b0p05__wd1e-04trmiss0_degmodglobal,66,0.587774321436882,0.7040041089057922,0.4722222222222222,0.6907999407999409,0.5384615384615384,0.0,0.5541448593139648,0.5520101487636566,0.10315550677478313,0.1995057538151741,0.0,0.0,0.0,0.0,0.0,18473,global,0.0
3,4,lr1e-04_bs16_drop0p4_temp1p0_a0p25_b0p05__wd1e-04trmiss0_degmodglobal,16,0.0001,0.0001,0.4,1.0,0.25,0.05,lr1e-04_bs16_drop0p4_temp1p0_a0p25_b0p05__wd1e-04trmiss0_degmodglobal,67,0.5794568657875061,0.7030723094940186,0.4722222222222222,0.6907999407999409,0.5384615384615384,0.0,0.4843816012144089,0.5414233654737473,0.1011916920542717,0.2547121085226536,0.0,0.0,0.0,0.0,0.0,18473,global,0.0
3,4,lr1e-04_bs16_drop0p4_temp1p0_a0p25_b0p05__wd1e-04trmiss0_degmodglobal,16,0.0001,0.0001,0.4,1.0,0.25,0.05,lr1e-04_bs16_drop0p4_temp1p0_a0p25_b0p05__wd1e-04trmiss0_degmodglobal,68,0.5817098319530487,0.7002223134040833,0.49999999999999994,0.7000592000592001,0.46153846153846156,0.0,0.5037060678005219,0.5515033155679703,0.07856388296931982,0.21131077967584133,0.0,0.0,0.0,0.0,0.0,18473,global,0.0
3,4,lr1e-04_bs16_drop0p4_temp1p0_a0p25_b0p05__wd1e-04trmiss0_degmodglobal,16,0.0001,0.0001,0.4,1.0,0.25,0.05,lr1e-04_bs16_drop0p4_temp1p0_a0p25_b0p05__wd1e-04trmiss0_degmodglobal,69,0.6275488883256912,0.7015367746353149,0.4722222222222222,0.6907999407999409,0.46153846153846156,0.0,0.48949919641017914,0.5768155455589294,0.1309829019010067,0.35975193977355957,0.0,0.0,0.0,0.0,0.0,18473,global,0.0
3,4,lr1e-04_bs16_drop0p4_temp1p0_a0p25_b0p05__wd1e-04trmiss0_degmodglobal,16,0.0001,0.0001,0.4,1.0,0.25,0.05,lr1e-04_bs16_drop0p4_temp1p0_a0p25_b0p05__wd1e-04trmiss0_degmodglobal,70,0.5857033729553223,0.7010307312011719,0.49999999999999994,0.7000592000592001,0.46153846153846156,0.0,0.4805317670106888,0.5508059412240982,0.09097088780254126,0.24309394881129265,0.0,0.0,0.0,0.0,0.0,18473,global,0.0
3,4,lr1e-04_bs16_drop0p4_temp1p0_a0p25_b0p05__wd1e-04trmiss0_degmodglobal,16,0.0001,0.0001,0.4,1.0,0.25,0.05,lr1e-04_bs16_drop0p4_temp1p0_a0p25_b0p05__wd1e-04trmiss0_degmodglobal,71,0.6142585277557373,0.70048987865448,0.49999999999999994,0.7000592000592001,0.46153846153846156,0.0,0.5383134931325912,0.5815214365720749,0.08418786525726318,0.23380272835493088,0.0,0.0,0.0,0.0,0.0,18473,global,0.0
3,4,lr1e-04_bs16_drop0p4_temp1p0_a0p25_b0p05__wd1e-04trmiss0_degmodglobal,16,0.0001,0.0001,0.4,1.0,0.25,0.05,lr1e-04_bs16_drop0p4_temp1p0_a0p25_b0p05__wd1e-04trmiss0_degmodglobal,72,0.5949914306402206,0.6999623775482178,0.49999999999999994,0.7000592000592001,0.46153846153846156,0.0,0.4798571318387985,0.5634164363145828,0.08281858172267675,0.2174069955945015,0.0,0.0,0.0,0.0,0.0,18473,global,0.0
3,4,lr1e-04_bs16_drop0p4_temp1p0_a0p25_b0p05__wd1e-04trmiss0_degmodglobal,16,0.0001,0.0001,0.4,1.0,0.25,0.05,lr1e-04_bs16_drop0p4_temp1p0_a0p25_b0p05__wd1e-04trmiss0_degmodglobal,73,0.53886279463768,0.7025885581970215,0.49999999999999994,0.7000592000592001,0.46153846153846156,0.0,0.5156322717666626,0.5118532404303551,0.08303043432533741,0.12503891065716743,0.0,0.0,0.0,0.0,0.0,18473,global,0.0
3,4,lr1e-04_bs16_drop0p4_temp1p0_a0p25_b0p05__wd1e-04trmiss0_degmodglobal,16,0.0001,0.0001,0.4,1.0,0.25,0.05,lr1e-04_bs16_drop0p4_temp1p0_a0p25_b0p05__wd1e-04trmiss0_degmodglobal,74,0.585626870393753,0.7058529853820801,0.49999999999999994,0.7000592000592001,0.46153846153846156,0.0,0.5145624428987503,0.5525183826684952,0.09147959388792515,0.20477222511544824,0.0,0.0,0.0,0.0,0.0,18473,global,0.0
3,4,lr1e-04_bs16_drop0p4_temp1p0_a0p25_b0p05__wd1e-04trmiss0_degmodglobal,16,0.0001,0.0001,0.4,1.0,0.25,0.05,lr1e-04_bs16_drop0p4_temp1p0_a0p25_b0p05__wd1e-04trmiss0_degmodglobal,75,0.5676548033952713,0.7025904655456543,0.49999999999999994,0.7000592000592001,0.5384615384615384,0.0,0.4907173588871956,0.5389531552791595,0.07932383567094803,0.17741400189697742,0.0,0.0,0.0,0.0,0.0,18473,global,0.0
3,4,lr1e-04_bs16_drop0p4_temp2p0_a0p25_b0p05__wd1e-04trmiss0_degmodglobal,16,0.0001,0.0001,0.4,2.0,0.25,0.05,lr1e-04_bs16_drop0p4_temp2p0_a0p25_b0p05__wd1e-04trmiss0_degmodglobal,1,0.7274892926216125,0.6732828617095947,0.3611111111111111,0.6711519961519963,0.7692307692307693,0.0,0.6491860002279282,0.6899484246969223,0.09885464794933796,0.25654392689466476,0.0,0.0,0.0,0.0,0.0,18473,global,0.0
3,4,lr1e-04_bs16_drop0p4_temp2p0_a0p25_b0p05__wd1e-04trmiss0_degmodglobal,16,0.0001,0.0001,0.4,2.0,0.25,0.05,lr1e-04_bs16_drop0p4_temp2p0_a0p25_b0p05__wd1e-04trmiss0_degmodglobal,2,0.6885612607002258,0.6754608154296875,0.3333333333333333,0.660040885040885,0.6153846153846154,0.0,0.6154132783412933,0.6551336199045181,0.09770615957677364,0.18002235889434814,0.0,0.0,0.0,0.0,0.0,18473,global,0.0
3,4,lr1e-04_bs16_drop0p4_temp2p0_a0p25_b0p05__wd1e-04trmiss0_degmodglobal,16,0.0001,0.0001,0.4,2.0,0.25,0.05,lr1e-04_bs16_drop0p4_temp2p0_a0p25_b0p05__wd1e-04trmiss0_degmodglobal,3,0.6592212170362473,0.6793637275695801,0.41666666666666663,0.7007816257816257,0.5384615384615384,0.0,0.6157247722148895,0.6337384730577469,0.06670122034847736,0.17614870332181454,0.0,0.0,0.0,0.0,0.0,18473,global,0.0
3,4,lr1e-04_bs16_drop0p4_temp2p0_a0p25_b0p05__wd1e-04trmiss0_degmodglobal,16,0.0001,0.0001,0.4,2.0,0.25,0.05,lr1e-04_bs16_drop0p4_temp2p0_a0p25_b0p05__wd1e-04trmiss0_degmodglobal,4,0.6392936706542969,0.684453010559082,0.41666666666666663,0.7007816257816257,0.5384615384615384,0.0,0.5632899478077888,0.5967323780059814,0.11720610223710537,0.26519546657800674,0.0,0.0,0.0,0.0,0.0,18473,global,0.0
3,4,lr1e-04_bs16_drop0p4_temp2p0_a0p25_b0p05__wd1e-04trmiss0_degmodglobal,16,0.0001,0.0001,0.4,2.0,0.25,0.05,lr1e-04_bs16_drop0p4_temp2p0_a0p25_b0p05__wd1e-04trmiss0_degmodglobal,5,0.64551642537117,0.6844698190689087,0.41666666666666663,0.7007816257816257,0.5384615384615384,0.0,0.5880554467439651,0.6008846461772919,0.12357916310429573,0.2747396491467953,0.0,0.0,0.0,0.0,0.0,18473,global,0.0
3,4,lr1e-04_bs16_drop0p4_temp2p0_a0p25_b0p05__wd1e-04trmiss0_degmodglobal,16,0.0001,0.0001,0.4,2.0,0.25,0.05,lr1e-04_bs16_drop0p4_temp2p0_a0p25_b0p05__wd1e-04trmiss0_degmodglobal,6,0.6025373786687851,0.684840977191925,0.41666666666666663,0.7007816257816257,0.5384615384615384,0.0,0.6044541895389557,0.5737078785896301,0.081489197909832,0.16914412006735802,0.0,0.0,0.0,0.0,0.0,18473,global,0.0
3,4,lr1e-04_bs16_drop0p4_temp2p0_a0p25_b0p05__wd1e-04trmiss0_degmodglobal,16,0.0001,0.0001,0.4,2.0,0.25,0.05,lr1e-04_bs16_drop0p4_temp2p0_a0p25_b0p05__wd1e-04trmiss0_degmodglobal,7,0.6830221712589264,0.6813029050827026,0.4722222222222222,0.7212842712842713,0.6153846153846154,0.0,0.6234293282032013,0.6476635932922363,0.09021474793553352,0.25609734281897545,0.0,0.0,0.0,0.0,0.0,18473,global,0.0
3,4,lr1e-04_bs16_drop0p4_temp2p0_a0p25_b0p05__wd1e-04trmiss0_degmodglobal,16,0.0001,0.0001,0.4,2.0,0.25,0.05,lr1e-04_bs16_drop0p4_temp2p0_a0p25_b0p05__wd1e-04trmiss0_degmodglobal,8,0.6243441253900528,0.682809591293335,0.4722222222222222,0.7212842712842713,0.5384615384615384,0.0,0.5538432002067566,0.5879475027322769,0.101847218349576,0.2186966836452484,0.0,0.0,0.0,0.0,0.0,18473,global,0.0
3,4,lr1e-04_bs16_drop0p4_temp2p0_a0p25_b0p05__wd1e-04trmiss0_degmodglobal,16,0.0001,0.0001,0.4,2.0,0.25,0.05,lr1e-04_bs16_drop0p4_temp2p0_a0p25_b0p05__wd1e-04trmiss0_degmodglobal,9,0.6173344552516937,0.685782253742218,0.4722222222222222,0.7212842712842713,0.5384615384615384,0.0,0.5469557344913483,0.5816386193037033,0.09867529198527336,0.2205402236431837,0.0,0.0,0.0,0.0,0.0,18473,global,0.0
3,4,lr1e-04_bs16_drop0p4_temp2p0_a0p25_b0p05__wd1e-04trmiss0_degmodglobal,16,0.0001,0.0001,0.4,2.0,0.25,0.05,lr1e-04_bs16_drop0p4_temp2p0_a0p25_b0p05__wd1e-04trmiss0_degmodglobal,10,0.5743431895971298,0.6848913431167603,0.49999999999999994,0.7305435305435306,0.5384615384615384,0.0,0.527743324637413,0.5416610389947891,0.09247904922813177,0.1912481188774109,0.0,0.0,0.0,0.0,0.0,18473,global,0.0
3,4,lr1e-04_bs16_drop0p4_temp2p0_a0p25_b0p05__wd1e-04trmiss0_degmodglobal,16,0.0001,0.0001,0.4,2.0,0.25,0.05,lr1e-04_bs16_drop0p4_temp2p0_a0p25_b0p05__wd1e-04trmiss0_degmodglobal,11,0.6140466034412384,0.6830488443374634,0.49999999999999994,0.7305435305435306,0.5384615384615384,0.0,0.5915436893701553,0.5858194530010223,0.07337494008243084,0.19766783341765404,0.0,0.0,0.0,0.0,0.0,18473,global,0.0
3,4,lr1e-04_bs16_drop0p4_temp2p0_a0p25_b0p05__wd1e-04trmiss0_degmodglobal,16,0.0001,0.0001,0.4,2.0,0.25,0.05,lr1e-04_bs16_drop0p4_temp2p0_a0p25_b0p05__wd1e-04trmiss0_degmodglobal,12,0.6230719983577728,0.6835553646087646,0.49999999999999994,0.7305435305435306,0.5384615384615384,0.0,0.5666347220540047,0.5830336660146713,0.1076288428157568,0.2626224644482136,0.0,0.0,0.0,0.0,0.0,18473,global,0.0
3,4,lr1e-04_bs16_drop0p4_temp2p0_a0p25_b0p05__wd1e-04trmiss0_degmodglobal,16,0.0001,0.0001,0.4,2.0,0.25,0.05,lr1e-04_bs16_drop0p4_temp2p0_a0p25_b0p05__wd1e-04trmiss0_degmodglobal,13,0.6535208374261856,0.685215175151825,0.49999999999999994,0.7305435305435306,0.6153846153846154,0.0,0.5442566871643066,0.6152631491422653,0.10040056891739368,0.263151241466403,0.0,0.0,0.0,0.0,0.0,18473,global,0.0
3,4,lr1e-04_bs16_drop0p4_temp2p0_a0p25_b0p05__wd1e-04trmiss0_degmodglobal,16,0.0001,0.0001,0.4,2.0,0.25,0.05,lr1e-04_bs16_drop0p4_temp2p0_a0p25_b0p05__wd1e-04trmiss0_degmodglobal,14,0.6053455471992493,0.6896666288375854,0.5277777777777778,0.7391855058521726,0.6153846153846154,0.0,0.5311950221657753,0.5584138184785843,0.12498711049556732,0.3136991932988167,0.0,0.0,0.0,0.0,0.0,18473,global,0.0
3,4,lr1e-04_bs16_drop0p4_temp2p0_a0p25_b0p05__wd1e-04trmiss0_degmodglobal,16,0.0001,0.0001,0.4,2.0,0.25,0.05,lr1e-04_bs16_drop0p4_temp2p0_a0p25_b0p05__wd1e-04trmiss0_degmodglobal,15,0.6124733537435532,0.6899003982543945,0.5277777777777778,0.7391855058521726,0.5384615384615384,0.0,0.5797042846679688,0.5830370634794235,0.080426886677742,0.18659119214862585,0.0,0.0,0.0,0.0,0.0,18473,global,0.0
3,4,lr1e-04_bs16_drop0p4_temp2p0_a0p25_b0p05__wd1e-04trmiss0_degmodglobal,16,0.0001,0.0001,0.4,2.0,0.25,0.05,lr1e-04_bs16_drop0p4_temp2p0_a0p25_b0p05__wd1e-04trmiss0_degmodglobal,16,0.5483599752187729,0.688197672367096,0.5277777777777778,0.7391855058521726,0.5384615384615384,0.0,0.5840337872505188,0.5124009624123573,0.0934953773394227,0.2517034187912941,0.0,0.0,0.0,0.0,0.0,18473,global,0.0
3,4,lr1e-04_bs16_drop0p4_temp2p0_a0p25_b0p05__wd1e-04trmiss0_degmodglobal,16,0.0001,0.0001,0.4,2.0,0.25,0.05,lr1e-04_bs16_drop0p4_temp2p0_a0p25_b0p05__wd1e-04trmiss0_degmodglobal,17,0.6292276382446289,0.6876523494720459,0.5277777777777778,0.7391855058521726,0.5384615384615384,0.0,0.5240399986505508,0.592385858297348,0.10080120712518692,0.23282930254936218,0.0,0.0,0.0,0.0,0.0,18473,global,0.0
3,4,lr1e-04_bs16_drop0p4_temp2p0_a0p25_b0p05__wd1e-04trmiss0_degmodglobal,16,0.0001,0.0001,0.4,2.0,0.25,0.05,lr1e-04_bs16_drop0p4_temp2p0_a0p25_b0p05__wd1e-04trmiss0_degmodglobal,18,0.6004991829395294,0.6836831569671631,0.5277777777777778,0.7391855058521726,0.6153846153846154,0.0,0.5380061119794846,0.5716162472963333,0.07826556265354156,0.18633084744215012,0.0,0.0,0.0,0.0,0.0,18473,global,0.0
3,4,lr1e-04_bs16_drop0p4_temp2p0_a0p25_b0p05__wd1e-04trmiss0_degmodglobal,16,0.0001,0.0001,0.4,2.0,0.25,0.05,lr1e-04_bs16_drop0p4_temp2p0_a0p25_b0p05__wd1e-04trmiss0_degmodglobal,19,0.5944728553295135,0.681048572063446,0.5555555555555556,0.7558521725188392,0.6153846153846154,0.0,0.5241297483444214,0.552038386464119,0.11134660616517067,0.29195626452565193,0.0,0.0,0.0,0.0,0.0,18473,global,0.0
3,4,lr1e-04_bs16_drop0p4_temp2p0_a0p25_b0p05__wd1e-04trmiss0_degmodglobal,16,0.0001,0.0001,0.4,2.0,0.25,0.05,lr1e-04_bs16_drop0p4_temp2p0_a0p25_b0p05__wd1e-04trmiss0_degmodglobal,20,0.6088167279958725,0.6811805963516235,0.5277777777777778,0.7391855058521726,0.5384615384615384,0.0,0.5229643806815147,0.5633485615253448,0.11949891783297062,0.31186864525079727,0.0,0.0,0.0,0.0,0.0,18473,global,0.0
3,4,lr1e-04_bs16_drop0p4_temp2p0_a0p25_b0p05__wd1e-04trmiss0_degmodglobal,16,0.0001,0.0001,0.4,2.0,0.25,0.05,lr1e-04_bs16_drop0p4_temp2p0_a0p25_b0p05__wd1e-04trmiss0_degmodglobal,21,0.5739385783672333,0.6812593340873718,0.5555555555555556,0.7558521725188392,0.6153846153846154,0.0,0.5436503887176514,0.5396389365196228,0.0868631936609745,0.2516769766807556,0.0,0.0,0.0,0.0,0.0,18473,global,0.0
3,4,lr1e-04_bs16_drop0p4_temp2p0_a0p25_b0p05__wd1e-04trmiss0_degmodglobal,16,0.0001,0.0001,0.4,2.0,0.25,0.05,lr1e-04_bs16_drop0p4_temp2p0_a0p25_b0p05__wd1e-04trmiss0_degmodglobal,22,0.594415009021759,0.6827232241630554,0.5555555555555556,0.7558521725188392,0.5384615384615384,0.0,0.548457533121109,0.5490406230092049,0.1285612564533949,0.26468130573630333,0.0,0.0,0.0,0.0,0.0,18473,global,0.0
3,4,lr1e-04_bs16_drop0p4_temp2p0_a0p25_b0p05__wd1e-04trmiss0_degmodglobal,16,0.0001,0.0001,0.4,2.0,0.25,0.05,lr1e-04_bs16_drop0p4_temp2p0_a0p25_b0p05__wd1e-04trmiss0_degmodglobal,23,0.594946950674057,0.6815093159675598,0.5555555555555556,0.7558521725188392,0.5384615384615384,0.0,0.5116599500179291,0.5593553781509399,0.09550792537629604,0.2342917900532484,0.0,0.0,0.0,0.0,0.0,18473,global,0.0
3,4,lr1e-04_bs16_drop0p4_temp2p0_a0p25_b0p05__wd1e-04trmiss0_degmodglobal,16,0.0001,0.0001,0.4,2.0,0.25,0.05,lr1e-04_bs16_drop0p4_temp2p0_a0p25_b0p05__wd1e-04trmiss0_degmodglobal,24,0.5605699121952057,0.6812281012535095,0.5555555555555556,0.7558521725188392,0.6153846153846154,0.0,0.5066307932138443,0.5238270163536072,0.09844871237874031,0.2426150180399418,0.0,0.0,0.0,0.0,0.0,18473,global,0.0
3,4,lr1e-04_bs16_drop0p4_temp2p0_a0p25_b0p05__wd1e-04trmiss0_degmodglobal,16,0.0001,0.0001,0.4,2.0,0.25,0.05,lr1e-04_bs16_drop0p4_temp2p0_a0p25_b0p05__wd1e-04trmiss0_degmodglobal,25,0.560414046049118,0.6799977421760559,0.5555555555555556,0.7558521725188392,0.6153846153846154,0.0,0.5246516466140747,0.5285561010241508,0.09069788549095392,0.18366877362132072,0.0,0.0,0.0,0.0,0.0,18473,global,0.0
3,4,lr1e-04_bs16_drop0p4_temp2p0_a0p25_b0p05__wd1e-04trmiss0_degmodglobal,16,0.0001,0.0001,0.4,2.0,0.25,0.05,lr1e-04_bs16_drop0p4_temp2p0_a0p25_b0p05__wd1e-04trmiss0_degmodglobal,26,0.5352385491132736,0.6773619055747986,0.5555555555555556,0.7558521725188392,0.6153846153846154,0.0,0.5143784135580063,0.5070031806826591,0.08036320377141237,0.16289125196635723,0.0,0.0,0.0,0.0,0.0,18473,global,0.0
3,4,lr1e-04_bs16_drop0p4_temp2p0_a0p25_b0p05__wd1e-04trmiss0_degmodglobal,16,0.0001,0.0001,0.4,2.0,0.25,0.05,lr1e-04_bs16_drop0p4_temp2p0_a0p25_b0p05__wd1e-04trmiss0_degmodglobal,27,0.572958916425705,0.6805053949356079,0.5555555555555556,0.7558521725188392,0.5384615384615384,0.0,0.5159746780991554,0.535120964050293,0.11087507382035255,0.202383728697896,0.0,0.0,0.0,0.0,0.0,18473,global,0.0
3,4,lr1e-04_bs16_drop0p4_temp2p0_a0p25_b0p05__wd1e-04trmiss0_degmodglobal,16,0.0001,0.0001,0.4,2.0,0.25,0.05,lr1e-04_bs16_drop0p4_temp2p0_a0p25_b0p05__wd1e-04trmiss0_degmodglobal,28,0.6049611866474152,0.6771624684333801,0.5555555555555556,0.7558521725188392,0.6153846153846154,0.0,0.517120711505413,0.5675621926784515,0.11300482414662838,0.18295558914542198,0.0,0.0,0.0,0.0,0.0,18473,global,0.0
3,4,lr1e-04_bs16_drop0p4_temp2p0_a0p25_b0p05__wd1e-04trmiss0_degmodglobal,16,0.0001,0.0001,0.4,2.0,0.25,0.05,lr1e-04_bs16_drop0p4_temp2p0_a0p25_b0p05__wd1e-04trmiss0_degmodglobal,29,0.5953246653079987,0.6800256967544556,0.5277777777777778,0.7391855058521726,0.6153846153846154,0.0,0.5052422434091568,0.5426306873559952,0.14677394460886717,0.3200097195804119,0.0,0.0,0.0,0.0,0.0,18473,global,0.0
3,4,lr1e-04_bs16_drop0p4_temp2p0_a0p25_b0p05__wd1e-04trmiss0_degmodglobal,16,0.0001,0.0001,0.4,2.0,0.25,0.05,lr1e-04_bs16_drop0p4_temp2p0_a0p25_b0p05__wd1e-04trmiss0_degmodglobal,30,0.5377109870314598,0.6796346306800842,0.5555555555555556,0.7472663139329807,0.6153846153846154,0.0,0.5108703970909119,0.5017621517181396,0.10532870329916477,0.19233330711722374,0.0,0.0,0.0,0.0,0.0,18473,global,0.0
3,4,lr1e-04_bs16_drop0p4_temp2p0_a0p25_b0p05__wd1e-04trmiss0_degmodglobal,16,0.0001,0.0001,0.4,2.0,0.25,0.05,lr1e-04_bs16_drop0p4_temp2p0_a0p25_b0p05__wd1e-04trmiss0_degmodglobal,31,0.6010454744100571,0.6784319877624512,0.5555555555555556,0.7472663139329807,0.6153846153846154,0.0,0.49965447187423706,0.551939070224762,0.13555155135691166,0.3043702468276024,0.0,0.0,0.0,0.0,0.0,18473,global,0.0
3,4,lr1e-04_bs16_drop0p4_temp2p0_a0p25_b0p05__wd1e-04trmiss0_degmodglobal,16,0.0001,0.0001,0.4,2.0,0.25,0.05,lr1e-04_bs16_drop0p4_temp2p0_a0p25_b0p05__wd1e-04trmiss0_degmodglobal,32,0.5512054711580276,0.6803095936775208,0.5555555555555556,0.7472663139329807,0.6153846153846154,0.0,0.517717719078064,0.506347045302391,0.13051954098045826,0.24457107856869698,0.0,0.0,0.0,0.0,0.0,18473,global,0.0
3,4,lr1e-04_bs16_drop0p4_temp2p0_a0p25_b0p05__wd1e-04trmiss0_degmodglobal,16,0.0001,0.0001,0.4,2.0,0.25,0.05,lr1e-04_bs16_drop0p4_temp2p0_a0p25_b0p05__wd1e-04trmiss0_degmodglobal,33,0.5729483366012573,0.6786513924598694,0.5833333333333333,0.7639329805996473,0.6153846153846154,0.0,0.5283119529485703,0.533751055598259,0.10652269423007965,0.25133179500699043,0.0,0.0,0.0,0.0,0.0,18473,global,0.0
3,4,lr1e-04_bs16_drop0p4_temp2p0_a0p25_b0p05__wd1e-04trmiss0_degmodglobal,16,0.0001,0.0001,0.4,2.0,0.25,0.05,lr1e-04_bs16_drop0p4_temp2p0_a0p25_b0p05__wd1e-04trmiss0_degmodglobal,34,0.5719377100467682,0.6779876351356506,0.6111111111111112,0.7715087381754049,0.5384615384615384,0.0,0.5514583587646484,0.5303459018468857,0.10610294714570045,0.30132176727056503,0.0,0.0,0.0,0.0,0.0,18473,global,0.0
3,4,lr1e-04_bs16_drop0p4_temp2p0_a0p25_b0p05__wd1e-04trmiss0_degmodglobal,16,0.0001,0.0001,0.4,2.0,0.25,0.05,lr1e-04_bs16_drop0p4_temp2p0_a0p25_b0p05__wd1e-04trmiss0_degmodglobal,35,0.5768432021141052,0.676849901676178,0.6111111111111112,0.7715087381754049,0.5384615384615384,0.0,0.5136933252215385,0.541870728135109,0.10408742632716894,0.17901259660720825,0.0,0.0,0.0,0.0,0.0,18473,global,0.0
3,4,lr1e-04_bs16_drop0p4_temp2p0_a0p25_b0p05__wd1e-04trmiss0_degmodglobal,16,0.0001,0.0001,0.4,2.0,0.25,0.05,lr1e-04_bs16_drop0p4_temp2p0_a0p25_b0p05__wd1e-04trmiss0_degmodglobal,36,0.5713906437158585,0.6756759285926819,0.5833333333333333,0.7639329805996473,0.5384615384615384,0.0,0.5162006765604019,0.529250904917717,0.12305767834186554,0.22750602662563324,0.0,0.0,0.0,0.0,0.0,18473,global,0.0
3,4,lr1e-04_bs16_drop0p4_temp2p0_a0p25_b0p05__wd1e-04trmiss0_degmodglobal,16,0.0001,0.0001,0.4,2.0,0.25,0.05,lr1e-04_bs16_drop0p4_temp2p0_a0p25_b0p05__wd1e-04trmiss0_degmodglobal,37,0.6136680245399475,0.6788750886917114,0.6111111111111112,0.7715087381754049,0.5384615384615384,0.0,0.4950237274169922,0.5753041729331017,0.10275857895612717,0.2534839138388634,0.0,0.0,0.0,0.0,0.0,18473,global,0.0
3,4,lr1e-04_bs16_drop0p4_temp2p0_a0p25_b0p05__wd1e-04trmiss0_degmodglobal,16,0.0001,0.0001,0.4,2.0,0.25,0.05,lr1e-04_bs16_drop0p4_temp2p0_a0p25_b0p05__wd1e-04trmiss0_degmodglobal,38,0.5562898069620132,0.6783572435379028,0.6111111111111112,0.7715087381754049,0.5384615384615384,0.0,0.5105972960591316,0.520304411649704,0.08980805333703756,0.2706679701805115,0.0,0.0,0.0,0.0,0.0,18473,global,0.0
3,4,lr1e-04_bs16_drop0p4_temp2p0_a0p25_b0p05__wd1e-04trmiss0_degmodglobal,16,0.0001,0.0001,0.4,2.0,0.25,0.05,lr1e-04_bs16_drop0p4_temp2p0_a0p25_b0p05__wd1e-04trmiss0_degmodglobal,39,0.5804548859596252,0.6802940368652344,0.5833333333333333,0.7639329805996473,0.5384615384615384,0.0,0.5249373987317085,0.5508180856704712,0.07960403431206942,0.1947152502834797,0.0,0.0,0.0,0.0,0.0,18473,global,0.0
3,4,lr1e-04_bs16_drop0p4_temp2p0_a0p25_b0p05__wd1e-04trmiss0_degmodglobal,16,0.0001,0.0001,0.4,2.0,0.25,0.05,lr1e-04_bs16_drop0p4_temp2p0_a0p25_b0p05__wd1e-04trmiss0_degmodglobal,40,0.5432767271995544,0.6832090020179749,0.5833333333333333,0.7639329805996473,0.5384615384615384,0.0,0.5335623994469643,0.5085856392979622,0.0914253480732441,0.2366945631802082,0.0,0.0,0.0,0.0,0.0,18473,global,0.0
3,4,lr1e-04_bs16_drop0p4_temp2p0_a0p25_b0p05__wd1e-04trmiss0_degmodglobal,16,0.0001,0.0001,0.4,2.0,0.25,0.05,lr1e-04_bs16_drop0p4_temp2p0_a0p25_b0p05__wd1e-04trmiss0_degmodglobal,41,0.5572299659252167,0.6857962608337402,0.6111111111111112,0.7715087381754049,0.5384615384615384,0.0,0.5191670507192612,0.5267234370112419,0.08934563677757978,0.1634019948542118,0.0,0.0,0.0,0.0,0.0,18473,global,0.0
3,4,lr1e-04_bs16_drop0p4_temp2p0_a0p25_b0p05__wd1e-04trmiss0_degmodglobal,16,0.0001,0.0001,0.4,2.0,0.25,0.05,lr1e-04_bs16_drop0p4_temp2p0_a0p25_b0p05__wd1e-04trmiss0_degmodglobal,42,0.5546994805335999,0.6802423000335693,0.6111111111111112,0.7715087381754049,0.5384615384615384,0.0,0.5154230073094368,0.5168060511350632,0.10793569311499596,0.21818995848298073,0.0,0.0,0.0,0.0,0.0,18473,global,0.0
3,4,lr1e-04_bs16_drop0p4_temp2p0_a0p25_b0p05__wd1e-04trmiss0_degmodglobal,16,0.0001,0.0001,0.4,2.0,0.25,0.05,lr1e-04_bs16_drop0p4_temp2p0_a0p25_b0p05__wd1e-04trmiss0_degmodglobal,43,0.5659889131784439,0.6804471015930176,0.6111111111111112,0.7715087381754049,0.5384615384615384,0.0,0.49785351753234863,0.5292388796806335,0.10168821178376675,0.22655939124524593,0.0,0.0,0.0,0.0,0.0,18473,global,0.0
3,4,lr1e-04_bs16_drop0p4_temp2p0_a0p25_b0p05__wd1e-04trmiss0_degmodglobal,16,0.0001,0.0001,0.4,2.0,0.25,0.05,lr1e-04_bs16_drop0p4_temp2p0_a0p25_b0p05__wd1e-04trmiss0_degmodglobal,44,0.5521096885204315,0.6786836981773376,0.6111111111111112,0.7715087381754049,0.5384615384615384,0.0,0.5033664405345917,0.5053412914276123,0.13787861540913582,0.24597487412393093,0.0,0.0,0.0,0.0,0.0,18473,global,0.0
3,4,lr1e-04_bs16_drop0p4_temp2p0_a0p25_b0p05__wd1e-04trmiss0_degmodglobal,16,0.0001,0.0001,0.4,2.0,0.25,0.05,lr1e-04_bs16_drop0p4_temp2p0_a0p25_b0p05__wd1e-04trmiss0_degmodglobal,45,0.5743657797574997,0.6819223761558533,0.5833333333333333,0.7639329805996473,0.5384615384615384,0.0,0.5194572433829308,0.5323501229286194,0.11095665395259857,0.28552980720996857,0.0,0.0,0.0,0.0,0.0,18473,global,0.0
3,4,lr1e-04_bs16_drop0p4_temp2p0_a0p25_b0p05__wd1e-04trmiss0_degmodglobal,16,0.0001,0.0001,0.4,2.0,0.25,0.05,lr1e-04_bs16_drop0p4_temp2p0_a0p25_b0p05__wd1e-04trmiss0_degmodglobal,46,0.5786391198635101,0.6834028959274292,0.5555555555555556,0.7558521725188392,0.5384615384615384,0.0,0.47689999639987946,0.5302927792072296,0.14472123235464096,0.24332038313150406,0.0,0.0,0.0,0.0,0.0,18473,global,0.0
3,4,lr1e-04_bs16_drop0p4_temp2p0_a0p25_b0p05__wd1e-04trmiss0_degmodglobal,16,0.0001,0.0001,0.4,2.0,0.25,0.05,lr1e-04_bs16_drop0p4_temp2p0_a0p25_b0p05__wd1e-04trmiss0_degmodglobal,47,0.5907807052135468,0.6810593008995056,0.5833333333333333,0.7639329805996473,0.5384615384615384,0.0,0.4988686293363571,0.5476995334029198,0.12093620374798775,0.25694261118769646,0.0,0.0,0.0,0.0,0.0,18473,global,0.0
3,4,lr1e-04_bs16_drop0p4_temp2p0_a0p25_b0p05__wd1e-04trmiss0_degmodglobal,16,0.0001,0.0001,0.4,2.0,0.25,0.05,lr1e-04_bs16_drop0p4_temp2p0_a0p25_b0p05__wd1e-04trmiss0_degmodglobal,48,0.5840110033750534,0.6818161010742188,0.5833333333333333,0.7639329805996473,0.5384615384615384,0.0,0.48409202694892883,0.5367359220981598,0.13949271477758884,0.24803758412599564,0.0,0.0,0.0,0.0,0.0,18473,global,0.0
3,4,lr1e-04_bs16_drop0p4_temp2p0_a0p25_b0p05__wd1e-04trmiss0_degmodglobal,16,0.0001,0.0001,0.4,2.0,0.25,0.05,lr1e-04_bs16_drop0p4_temp2p0_a0p25_b0p05__wd1e-04trmiss0_degmodglobal,49,0.5573608577251434,0.6803784370422363,0.6111111111111112,0.7715087381754049,0.5384615384615384,0.0,0.4829854890704155,0.5240257158875465,0.09959340840578079,0.16873597912490368,0.0,0.0,0.0,0.0,0.0,18473,global,0.0
3,4,lr1e-04_bs16_drop0p4_temp2p0_a0p25_b0p05__wd1e-04trmiss0_degmodglobal,16,0.0001,0.0001,0.4,2.0,0.25,0.05,lr1e-04_bs16_drop0p4_temp2p0_a0p25_b0p05__wd1e-04trmiss0_degmodglobal,50,0.5829276740550995,0.6785861253738403,0.6111111111111112,0.7715087381754049,0.5384615384615384,0.0,0.468873031437397,0.5327449813485146,0.1410122737288475,0.2985924445092678,0.0,0.0,0.0,0.0,0.0,18473,global,0.0
3,4,lr1e-04_bs16_drop0p4_temp2p0_a0p25_b0p05__wd1e-04trmiss0_degmodglobal,16,0.0001,0.0001,0.4,2.0,0.25,0.05,lr1e-04_bs16_drop0p4_temp2p0_a0p25_b0p05__wd1e-04trmiss0_degmodglobal,51,0.6014425605535507,0.6826809644699097,0.5833333333333333,0.7639329805996473,0.5384615384615384,0.0,0.5034849122166634,0.5590317398309708,0.12280459143221378,0.23419353365898132,0.0,0.0,0.0,0.0,0.0,18473,global,0.0
3,4,lr1e-04_bs16_drop0p4_temp2p0_a0p25_b0p05__wd1e-04trmiss0_degmodglobal,16,0.0001,0.0001,0.4,2.0,0.25,0.05,lr1e-04_bs16_drop0p4_temp2p0_a0p25_b0p05__wd1e-04trmiss0_degmodglobal,52,0.6011626571416855,0.6800692677497864,0.5833333333333333,0.7639329805996473,0.6153846153846154,0.0,0.5072972327470779,0.5487934574484825,0.13158475048840046,0.3894600421190262,0.0,0.0,0.0,0.0,0.0,18473,global,0.0
3,4,lr1e-04_bs16_drop0p4_temp2p0_a0p25_b0p05__wd1e-04trmiss0_degmodglobal,16,0.0001,0.0001,0.4,2.0,0.25,0.05,lr1e-04_bs16_drop0p4_temp2p0_a0p25_b0p05__wd1e-04trmiss0_degmodglobal,53,0.5914899110794067,0.6798071265220642,0.5555555555555556,0.7558521725188392,0.6153846153846154,0.0,0.5090280324220657,0.5432449728250504,0.13524939864873886,0.28865132853388786,0.0,0.0,0.0,0.0,0.0,18473,global,0.0
3,4,lr1e-04_bs16_drop0p4_temp2p0_a0p25_b0p05__wd1e-04trmiss0_degmodglobal,16,0.0001,0.0001,0.4,2.0,0.25,0.05,lr1e-04_bs16_drop0p4_temp2p0_a0p25_b0p05__wd1e-04trmiss0_degmodglobal,54,0.5941339433193207,0.6820819973945618,0.5833333333333333,0.7639329805996473,0.5384615384615384,0.0,0.5024720802903175,0.555606797337532,0.11133847944438457,0.21385106071829796,0.0,0.0,0.0,0.0,0.0,18473,global,0.0
3,4,lr1e-04_bs16_drop0p4_temp2p0_a0p25_b0p05__wd1e-04trmiss0_degmodglobal,16,0.0001,0.0001,0.4,2.0,0.25,0.05,lr1e-04_bs16_drop0p4_temp2p0_a0p25_b0p05__wd1e-04trmiss0_degmodglobal,55,0.5793155431747437,0.68133944272995,0.5555555555555556,0.7558521725188392,0.6153846153846154,0.0,0.5430020242929459,0.5409567207098007,0.10207765735685825,0.2567882090806961,0.0,0.0,0.0,0.0,0.0,18473,global,0.0
3,4,lr5e-05_bs16_drop0p2_temp1p0_a0p25_b0p05__wd1e-04trmiss0_degmodglobal,16,5e-05,0.0001,0.2,1.0,0.25,0.05,lr5e-05_bs16_drop0p2_temp1p0_a0p25_b0p05__wd1e-04trmiss0_degmodglobal,1,0.7023440301418304,0.6980583667755127,0.3333333333333333,0.6081890331890332,0.38461538461538464,0.0,0.6836608648300171,0.6856765747070312,0.03813705360516906,0.1426638588309288,0.0,0.0,0.0,0.0,0.0,18473,global,0.0
3,4,lr5e-05_bs16_drop0p2_temp1p0_a0p25_b0p05__wd1e-04trmiss0_degmodglobal,16,5e-05,0.0001,0.2,1.0,0.25,0.05,lr5e-05_bs16_drop0p2_temp1p0_a0p25_b0p05__wd1e-04trmiss0_degmodglobal,2,0.6708574891090393,0.6968666315078735,0.3333333333333333,0.6081890331890332,0.46153846153846156,0.0,0.6800080686807632,0.6594475954771042,0.028240174520760775,0.08699724916368723,0.0,0.0,0.0,0.0,0.0,18473,global,0.0
3,4,lr5e-05_bs16_drop0p2_temp1p0_a0p25_b0p05__wd1e-04trmiss0_degmodglobal,16,5e-05,0.0001,0.2,1.0,0.25,0.05,lr5e-05_bs16_drop0p2_temp1p0_a0p25_b0p05__wd1e-04trmiss0_degmodglobal,3,0.6607774347066879,0.6979960203170776,0.3888888888888889,0.6286916786916787,0.46153846153846156,0.0,0.6662711352109909,0.6501124650239944,0.02710335562005639,0.07778251077979803,0.0,0.0,0.0,0.0,0.0,18473,global,0.0
3,4,lr5e-05_bs16_drop0p2_temp1p0_a0p25_b0p05__wd1e-04trmiss0_degmodglobal,16,5e-05,0.0001,0.2,1.0,0.25,0.05,lr5e-05_bs16_drop0p2_temp1p0_a0p25_b0p05__wd1e-04trmiss0_degmodglobal,4,0.6645814627408981,0.7004104256629944,0.3888888888888889,0.6286916786916787,0.46153846153846156,0.0,0.6549239456653595,0.6517141908407211,0.032109114807099104,0.096799879334867,0.0,0.0,0.0,0.0,0.0,18473,global,0.0
3,4,lr5e-05_bs16_drop0p2_temp1p0_a0p25_b0p05__wd1e-04trmiss0_degmodglobal,16,5e-05,0.0001,0.2,1.0,0.25,0.05,lr5e-05_bs16_drop0p2_temp1p0_a0p25_b0p05__wd1e-04trmiss0_degmodglobal,5,0.641049399971962,0.6996554732322693,0.4166666666666667,0.6472101972101972,0.46153846153846156,0.0,0.6658484637737274,0.6269162893295288,0.03418022394180298,0.11176090221852064,0.0,0.0,0.0,0.0,0.0,18473,global,0.0
3,4,lr5e-05_bs16_drop0p2_temp1p0_a0p25_b0p05__wd1e-04trmiss0_degmodglobal,16,5e-05,0.0001,0.2,1.0,0.25,0.05,lr5e-05_bs16_drop0p2_temp1p0_a0p25_b0p05__wd1e-04trmiss0_degmodglobal,6,0.636334016919136,0.7035064101219177,0.3888888888888889,0.6286916786916787,0.46153846153846156,0.0,0.6517643481492996,0.6217634677886963,0.033086422830820084,0.12597875110805035,0.0,0.0,0.0,0.0,0.0,18473,global,0.0
3,4,lr5e-05_bs16_drop0p2_temp1p0_a0p25_b0p05__wd1e-04trmiss0_degmodglobal,16,5e-05,0.0001,0.2,1.0,0.25,0.05,lr5e-05_bs16_drop0p2_temp1p0_a0p25_b0p05__wd1e-04trmiss0_degmodglobal,7,0.6242350935935974,0.7039594054222107,0.4444444444444444,0.6657287157287157,0.46153846153846156,0.0,0.628817230463028,0.6139509081840515,0.02655176166445017,0.07292523747310042,0.0,0.0,0.0,0.0,0.0,18473,global,0.0
3,4,lr5e-05_bs16_drop0p2_temp1p0_a0p25_b0p05__wd1e-04trmiss0_degmodglobal,16,5e-05,0.0001,0.2,1.0,0.25,0.05,lr5e-05_bs16_drop0p2_temp1p0_a0p25_b0p05__wd1e-04trmiss0_degmodglobal,8,0.6053364723920822,0.6977276802062988,0.4722222222222222,0.6823953823953824,0.5384615384615384,0.0,0.6110935658216476,0.5946536809206009,0.029855990083888173,0.06437591044232249,0.0,0.0,0.0,0.0,0.0,18473,global,0.0
3,4,lr5e-05_bs16_drop0p2_temp1p0_a0p25_b0p05__wd1e-04trmiss0_degmodglobal,16,5e-05,0.0001,0.2,1.0,0.25,0.05,lr5e-05_bs16_drop0p2_temp1p0_a0p25_b0p05__wd1e-04trmiss0_degmodglobal,9,0.5902820229530334,0.6969000101089478,0.5,0.6916546416546417,0.5384615384615384,0.0,0.6159186810255051,0.579525351524353,0.027552280575037003,0.0773718198761344,0.0,0.0,0.0,0.0,0.0,18473,global,0.0
3,4,lr5e-05_bs16_drop0p2_temp1p0_a0p25_b0p05__wd1e-04trmiss0_degmodglobal,16,5e-05,0.0001,0.2,1.0,0.25,0.05,lr5e-05_bs16_drop0p2_temp1p0_a0p25_b0p05__wd1e-04trmiss0_degmodglobal,10,0.597775936126709,0.6962019205093384,0.5,0.6916546416546417,0.5384615384615384,0.0,0.6035525351762772,0.5842449069023132,0.0351215461269021,0.0950123704969883,0.0,0.0,0.0,0.0,0.0,18473,global,0.0
3,4,lr5e-05_bs16_drop0p2_temp1p0_a0p25_b0p05__wd1e-04trmiss0_degmodglobal,16,5e-05,0.0001,0.2,1.0,0.25,0.05,lr5e-05_bs16_drop0p2_temp1p0_a0p25_b0p05__wd1e-04trmiss0_degmodglobal,11,0.5845429599285126,0.6931882500648499,0.5555555555555556,0.7151114317780985,0.5384615384615384,0.0,0.5957011580467224,0.5697812139987946,0.03572442941367626,0.11661279015243053,0.0,0.0,0.0,0.0,0.0,18473,global,0.0
3,4,lr5e-05_bs16_drop0p2_temp1p0_a0p25_b0p05__wd1e-04trmiss0_degmodglobal,16,5e-05,0.0001,0.2,1.0,0.25,0.05,lr5e-05_bs16_drop0p2_temp1p0_a0p25_b0p05__wd1e-04trmiss0_degmodglobal,12,0.5752477645874023,0.6922217607498169,0.5555555555555556,0.7083774250440917,0.5384615384615384,0.0,0.6004909723997116,0.5633286237716675,0.0326092173345387,0.07533669471740723,0.0,0.0,0.0,0.0,0.0,18473,global,0.0
3,4,lr5e-05_bs16_drop0p2_temp1p0_a0p25_b0p05__wd1e-04trmiss0_degmodglobal,16,5e-05,0.0001,0.2,1.0,0.25,0.05,lr5e-05_bs16_drop0p2_temp1p0_a0p25_b0p05__wd1e-04trmiss0_degmodglobal,13,0.5917126536369324,0.69234699010849,0.5833333333333334,0.7159531826198493,0.6153846153846154,0.0,0.6010752171278,0.5805411487817764,0.029911820776760578,0.07387107983231544,0.0,0.0,0.0,0.0,0.0,18473,global,0.0
3,4,lr5e-05_bs16_drop0p2_temp1p0_a0p25_b0p05__wd1e-04trmiss0_degmodglobal,16,5e-05,0.0001,0.2,1.0,0.25,0.05,lr5e-05_bs16_drop0p2_temp1p0_a0p25_b0p05__wd1e-04trmiss0_degmodglobal,14,0.5729479044675827,0.693507730960846,0.5833333333333334,0.7159531826198493,0.5384615384615384,0.0,0.5748319625854492,0.5565183758735657,0.04189792089164257,0.11910113878548145,0.0,0.0,0.0,0.0,0.0,18473,global,0.0
3,4,lr5e-05_bs16_drop0p2_temp1p0_a0p25_b0p05__wd1e-04trmiss0_degmodglobal,16,5e-05,0.0001,0.2,1.0,0.25,0.05,lr5e-05_bs16_drop0p2_temp1p0_a0p25_b0p05__wd1e-04trmiss0_degmodglobal,15,0.5895930975675583,0.6990094184875488,0.5833333333333334,0.7159531826198493,0.5384615384615384,0.0,0.5708511769771576,0.5725190490484238,0.044148039538413286,0.12074090912938118,0.0,0.0,0.0,0.0,0.0,18473,global,0.0
3,4,lr5e-05_bs16_drop0p2_temp1p0_a0p25_b0p05__wd1e-04trmiss0_degmodglobal,16,5e-05,0.0001,0.2,1.0,0.25,0.05,lr5e-05_bs16_drop0p2_temp1p0_a0p25_b0p05__wd1e-04trmiss0_degmodglobal,16,0.5638010203838348,0.7019015550613403,0.5833333333333334,0.7159531826198493,0.5384615384615384,0.0,0.5572469532489777,0.5496468096971512,0.03873924445360899,0.08938778657466173,0.0,0.0,0.0,0.0,0.0,18473,global,0.0
3,4,lr5e-05_bs16_drop0p2_temp1p0_a0p25_b0p05__wd1e-04trmiss0_degmodglobal,16,5e-05,0.0001,0.2,1.0,0.25,0.05,lr5e-05_bs16_drop0p2_temp1p0_a0p25_b0p05__wd1e-04trmiss0_degmodglobal,17,0.5859159976243973,0.704347550868988,0.5833333333333334,0.7159531826198493,0.46153846153846156,0.0,0.5868384838104248,0.5714928954839706,0.034462228417396545,0.11615126207470894,0.0,0.0,0.0,0.0,0.0,18473,global,0.0
3,4,lr5e-05_bs16_drop0p2_temp1p0_a0p25_b0p05__wd1e-04trmiss0_degmodglobal,16,5e-05,0.0001,0.2,1.0,0.25,0.05,lr5e-05_bs16_drop0p2_temp1p0_a0p25_b0p05__wd1e-04trmiss0_degmodglobal,18,0.5702114254236221,0.704014003276825,0.5555555555555556,0.7083774250440917,0.46153846153846156,0.0,0.5660822093486786,0.5573209971189499,0.03399041015654802,0.08785671181976795,0.0,0.0,0.0,0.0,0.0,18473,global,0.0
3,4,lr5e-05_bs16_drop0p2_temp1p0_a0p25_b0p05__wd1e-04trmiss0_degmodglobal,16,5e-05,0.0001,0.2,1.0,0.25,0.05,lr5e-05_bs16_drop0p2_temp1p0_a0p25_b0p05__wd1e-04trmiss0_degmodglobal,19,0.5563109666109085,0.7029855251312256,0.5555555555555556,0.7083774250440917,0.46153846153846156,0.0,0.5733934193849564,0.5428465604782104,0.03659707214683294,0.08630314655601978,0.0,0.0,0.0,0.0,0.0,18473,global,0.0
3,4,lr5e-05_bs16_drop0p2_temp1p0_a0p25_b0p05__wd1e-04trmiss0_degmodglobal,16,5e-05,0.0001,0.2,1.0,0.25,0.05,lr5e-05_bs16_drop0p2_temp1p0_a0p25_b0p05__wd1e-04trmiss0_degmodglobal,20,0.5735960602760315,0.7010980248451233,0.5277777777777778,0.6917107583774251,0.5384615384615384,0.0,0.5645362436771393,0.5571162551641464,0.04287040559574962,0.11524421349167824,0.0,0.0,0.0,0.0,0.0,18473,global,0.0
3,4,lr5e-05_bs16_drop0p2_temp1p0_a0p25_b0p05__wd1e-04trmiss0_degmodglobal,16,5e-05,0.0001,0.2,1.0,0.25,0.05,lr5e-05_bs16_drop0p2_temp1p0_a0p25_b0p05__wd1e-04trmiss0_degmodglobal,21,0.5610361844301224,0.7026613354682922,0.5277777777777778,0.6917107583774251,0.5384615384615384,0.0,0.5436594635248184,0.5467022359371185,0.03508512210100889,0.11125286668539047,0.0,0.0,0.0,0.0,0.0,18473,global,0.0
3,4,lr5e-05_bs16_drop0p2_temp1p0_a0p25_b0p05__wd1e-04trmiss0_degmodglobal,16,5e-05,0.0001,0.2,1.0,0.25,0.05,lr5e-05_bs16_drop0p2_temp1p0_a0p25_b0p05__wd1e-04trmiss0_degmodglobal,22,0.585657462477684,0.7028898596763611,0.5277777777777778,0.7019671686338353,0.46153846153846156,0.0,0.5701670348644257,0.5727829337120056,0.0322101186029613,0.09644014947116375,0.0,0.0,0.0,0.0,0.0,18473,global,0.0
3,4,lr5e-05_bs16_drop0p2_temp1p0_a0p25_b0p05__wd1e-04trmiss0_degmodglobal,16,5e-05,0.0001,0.2,1.0,0.25,0.05,lr5e-05_bs16_drop0p2_temp1p0_a0p25_b0p05__wd1e-04trmiss0_degmodglobal,23,0.5635648816823959,0.7040299773216248,0.5833333333333334,0.7159531826198493,0.38461538461538464,0.0,0.5687776356935501,0.5489385724067688,0.03649169718846679,0.11006761342287064,0.0,0.0,0.0,0.0,0.0,18473,global,0.0
3,4,lr5e-05_bs16_drop0p2_temp1p0_a0p25_b0p05__wd1e-04trmiss0_degmodglobal,16,5e-05,0.0001,0.2,1.0,0.25,0.05,lr5e-05_bs16_drop0p2_temp1p0_a0p25_b0p05__wd1e-04trmiss0_degmodglobal,24,0.560167133808136,0.7025333046913147,0.5833333333333334,0.7159531826198493,0.38461538461538464,0.0,0.5790854841470718,0.5468777865171432,0.03688280517235398,0.08137272298336029,0.0,0.0,0.0,0.0,0.0,18473,global,0.0
3,4,lr5e-05_bs16_drop0p2_temp1p0_a0p25_b0p05__wd1e-04trmiss0_degmodglobal,16,5e-05,0.0001,0.2,1.0,0.25,0.05,lr5e-05_bs16_drop0p2_temp1p0_a0p25_b0p05__wd1e-04trmiss0_degmodglobal,25,0.559983417391777,0.7010940909385681,0.5833333333333334,0.7159531826198493,0.38461538461538464,0.0,0.5462740808725357,0.5450966358184814,0.03927124897018075,0.1013795267790556,0.0,0.0,0.0,0.0,0.0,18473,global,0.0
3,4,lr5e-05_bs16_drop0p2_temp1p0_a0p25_b0p05__wd1e-04trmiss0_degmodglobal,16,5e-05,0.0001,0.2,1.0,0.25,0.05,lr5e-05_bs16_drop0p2_temp1p0_a0p25_b0p05__wd1e-04trmiss0_degmodglobal,26,0.5664917081594467,0.7010260820388794,0.5833333333333334,0.7159531826198493,0.38461538461538464,0.0,0.5701883733272552,0.5542886555194855,0.030897796154022217,0.08957228623330593,0.0,0.0,0.0,0.0,0.0,18473,global,0.0
3,4,lr5e-05_bs16_drop0p2_temp1p0_a0p25_b0p05__wd1e-04trmiss0_degmodglobal,16,5e-05,0.0001,0.2,1.0,0.25,0.05,lr5e-05_bs16_drop0p2_temp1p0_a0p25_b0p05__wd1e-04trmiss0_degmodglobal,27,0.5795748233795166,0.7020449042320251,0.5833333333333334,0.7159531826198493,0.46153846153846156,0.0,0.5603587329387665,0.5635349154472351,0.04010017076507211,0.1202970277518034,0.0,0.0,0.0,0.0,0.0,18473,global,0.0
3,4,lr5e-05_bs16_drop0p2_temp1p0_a0p25_b0p05__wd1e-04trmiss0_degmodglobal,16,5e-05,0.0001,0.2,1.0,0.25,0.05,lr5e-05_bs16_drop0p2_temp1p0_a0p25_b0p05__wd1e-04trmiss0_degmodglobal,28,0.5725544989109039,0.7008037567138672,0.5833333333333334,0.7159531826198493,0.38461538461538464,0.0,0.5587615966796875,0.5576682388782501,0.040870461612939835,0.09337256755679846,0.0,0.0,0.0,0.0,0.0,18473,global,0.0
3,4,lr5e-05_bs16_drop0p2_temp1p0_a0p25_b0p05__wd1e-04trmiss0_degmodglobal,16,5e-05,0.0001,0.2,1.0,0.25,0.05,lr5e-05_bs16_drop0p2_temp1p0_a0p25_b0p05__wd1e-04trmiss0_degmodglobal,29,0.551748514175415,0.7014757394790649,0.5833333333333334,0.7159531826198493,0.38461538461538464,0.0,0.5535975247621536,0.5366582572460175,0.040076736360788345,0.10142135620117188,0.0,0.0,0.0,0.0,0.0,18473,global,0.0
3,4,lr5e-05_bs16_drop0p2_temp1p0_a0p25_b0p05__wd1e-04trmiss0_degmodglobal,16,5e-05,0.0001,0.2,1.0,0.25,0.05,lr5e-05_bs16_drop0p2_temp1p0_a0p25_b0p05__wd1e-04trmiss0_degmodglobal,30,0.5723155289888382,0.7050217390060425,0.5833333333333334,0.7159531826198493,0.38461538461538464,0.0,0.581653356552124,0.5598367005586624,0.03415803657844663,0.07878654450178146,0.0,0.0,0.0,0.0,0.0,18473,global,0.0
3,4,lr5e-05_bs16_drop0p2_temp1p0_a0p25_b0p05__wd1e-04trmiss0_degmodglobal,16,5e-05,0.0001,0.2,1.0,0.25,0.05,lr5e-05_bs16_drop0p2_temp1p0_a0p25_b0p05__wd1e-04trmiss0_degmodglobal,31,0.5465151816606522,0.7000816464424133,0.5833333333333334,0.7159531826198493,0.38461538461538464,0.0,0.5273064225912094,0.5340480282902718,0.034580389969050884,0.07644084747880697,0.0,0.0,0.0,0.0,0.0,18473,global,0.0
3,4,lr5e-05_bs16_drop0p2_temp1p0_a0p25_b0p05__wd1e-04trmiss0_degmodglobal,16,5e-05,0.0001,0.2,1.0,0.25,0.05,lr5e-05_bs16_drop0p2_temp1p0_a0p25_b0p05__wd1e-04trmiss0_degmodglobal,32,0.5530503392219543,0.697012186050415,0.5833333333333334,0.7159531826198493,0.38461538461538464,0.0,0.5260654538869858,0.5380678623914719,0.04253572691231966,0.08697112090885639,0.0,0.0,0.0,0.0,0.0,18473,global,0.0
3,4,lr5e-05_bs16_drop0p2_temp1p0_a0p25_b0p05__wd1e-04trmiss0_degmodglobal,16,5e-05,0.0001,0.2,1.0,0.25,0.05,lr5e-05_bs16_drop0p2_temp1p0_a0p25_b0p05__wd1e-04trmiss0_degmodglobal,33,0.5309643298387527,0.6969476342201233,0.5833333333333334,0.7159531826198493,0.38461538461538464,0.0,0.5213660821318626,0.5196037888526917,0.03392250183969736,0.05759851634502411,0.0,0.0,0.0,0.0,0.0,18473,global,0.0
3,4,lr5e-05_bs16_drop0p2_temp2p0_a0p25_b0p05__wd1e-04trmiss0_degmodglobal,16,5e-05,0.0001,0.2,2.0,0.25,0.05,lr5e-05_bs16_drop0p2_temp2p0_a0p25_b0p05__wd1e-04trmiss0_degmodglobal,1,0.764126181602478,0.7073326110839844,0.3333333333333333,0.6726301476301477,0.46153846153846156,0.0,0.7329974323511124,0.7501535713672638,0.034132687374949455,0.10878858342766762,0.0,0.0,0.0,0.0,0.0,18473,global,0.0
3,4,lr5e-05_bs16_drop0p2_temp2p0_a0p25_b0p05__wd1e-04trmiss0_degmodglobal,16,5e-05,0.0001,0.2,2.0,0.25,0.05,lr5e-05_bs16_drop0p2_temp2p0_a0p25_b0p05__wd1e-04trmiss0_degmodglobal,2,0.7225508391857147,0.7069053649902344,0.3611111111111111,0.6825507825507826,0.46153846153846156,0.0,0.685421884059906,0.7097275704145432,0.03168049920350313,0.09806303214281797,0.0,0.0,0.0,0.0,0.0,18473,global,0.0
3,4,lr5e-05_bs16_drop0p2_temp2p0_a0p25_b0p05__wd1e-04trmiss0_degmodglobal,16,5e-05,0.0001,0.2,2.0,0.25,0.05,lr5e-05_bs16_drop0p2_temp2p0_a0p25_b0p05__wd1e-04trmiss0_degmodglobal,3,0.6915045380592346,0.7072075009346008,0.3611111111111111,0.6911486661486661,0.38461538461538464,0.0,0.6785102933645248,0.6765584051609039,0.03650352219119668,0.11640497669577599,0.0,0.0,0.0,0.0,0.0,18473,global,0.0
3,4,lr5e-05_bs16_drop0p2_temp2p0_a0p25_b0p05__wd1e-04trmiss0_degmodglobal,16,5e-05,0.0001,0.2,2.0,0.25,0.05,lr5e-05_bs16_drop0p2_temp2p0_a0p25_b0p05__wd1e-04trmiss0_degmodglobal,4,0.6760327368974686,0.7088720202445984,0.3888888888888889,0.7078153328153327,0.46153846153846156,0.0,0.6650870591402054,0.6643291115760803,0.03077229904010892,0.08021090924739838,0.0,0.0,0.0,0.0,0.0,18473,global,0.0
3,4,lr5e-05_bs16_drop0p2_temp2p0_a0p25_b0p05__wd1e-04trmiss0_degmodglobal,16,5e-05,0.0001,0.2,2.0,0.25,0.05,lr5e-05_bs16_drop0p2_temp2p0_a0p25_b0p05__wd1e-04trmiss0_degmodglobal,5,0.6893472224473953,0.7119739055633545,0.36111111111111105,0.6972333222333222,0.3076923076923077,0.0,0.6695898771286011,0.6771791577339172,0.03309020260348916,0.07791007217019796,0.0,0.0,0.0,0.0,0.0,18473,global,0.0
3,4,lr5e-05_bs16_drop0p2_temp2p0_a0p25_b0p05__wd1e-04trmiss0_degmodglobal,16,5e-05,0.0001,0.2,2.0,0.25,0.05,lr5e-05_bs16_drop0p2_temp2p0_a0p25_b0p05__wd1e-04trmiss0_degmodglobal,6,0.6749248951673508,0.7136999368667603,0.3611111111111111,0.7176036926036926,0.38461538461538464,0.0,0.6696183383464813,0.6620343774557114,0.03126438893377781,0.10148879513144493,0.0,0.0,0.0,0.0,0.0,18473,global,0.0
3,4,lr5e-05_bs16_drop0p2_temp2p0_a0p25_b0p05__wd1e-04trmiss0_degmodglobal,16,5e-05,0.0001,0.2,2.0,0.25,0.05,lr5e-05_bs16_drop0p2_temp2p0_a0p25_b0p05__wd1e-04trmiss0_degmodglobal,7,0.63067926466465,0.7134007811546326,0.3611111111111111,0.7004079254079254,0.38461538461538464,0.0,0.6446574777364731,0.6197034120559692,0.02925498690456152,0.07324183080345392,0.0,0.0,0.0,0.0,0.0,18473,global,0.0
3,4,lr5e-05_bs16_drop0p2_temp2p0_a0p25_b0p05__wd1e-04trmiss0_degmodglobal,16,5e-05,0.0001,0.2,2.0,0.25,0.05,lr5e-05_bs16_drop0p2_temp2p0_a0p25_b0p05__wd1e-04trmiss0_degmodglobal,8,0.6536269187927246,0.7100924849510193,0.38888888888888884,0.7374449624449626,0.46153846153846156,0.0,0.6560893356800079,0.6382962614297867,0.03627972770482302,0.12521440163254738,0.0,0.0,0.0,0.0,0.0,18473,global,0.0
3,4,lr5e-05_bs16_drop0p2_temp2p0_a0p25_b0p05__wd1e-04trmiss0_degmodglobal,16,5e-05,0.0001,0.2,2.0,0.25,0.05,lr5e-05_bs16_drop0p2_temp2p0_a0p25_b0p05__wd1e-04trmiss0_degmodglobal,9,0.6280302256345749,0.7129838466644287,0.36111111111111105,0.7297289130622464,0.46153846153846156,0.0,0.6547482013702393,0.6120460629463196,0.038298532366752625,0.12819072604179382,0.0,0.0,0.0,0.0,0.0,18473,global,0.0
3,4,lr5e-05_bs16_drop0p2_temp2p0_a0p25_b0p05__wd1e-04trmiss0_degmodglobal,16,5e-05,0.0001,0.2,2.0,0.25,0.05,lr5e-05_bs16_drop0p2_temp2p0_a0p25_b0p05__wd1e-04trmiss0_degmodglobal,10,0.6278257519006729,0.7207022905349731,0.3611111111111111,0.7004079254079254,0.46153846153846156,0.0,0.6080699861049652,0.6164048910140991,0.03196724317967892,0.06858131499029696,0.0,0.0,0.0,0.0,0.0,18473,global,0.0
3,4,lr5e-05_bs16_drop0p2_temp2p0_a0p25_b0p05__wd1e-04trmiss0_degmodglobal,16,5e-05,0.0001,0.2,2.0,0.25,0.05,lr5e-05_bs16_drop0p2_temp2p0_a0p25_b0p05__wd1e-04trmiss0_degmodglobal,11,0.6192555129528046,0.723819375038147,0.3333333333333333,0.6926918760252094,0.46153846153846156,0.0,0.5803539156913757,0.6051926761865616,0.036522247828543186,0.0986455213278532,0.0,0.0,0.0,0.0,0.0,18473,global,0.0
3,4,lr5e-05_bs16_drop0p2_temp2p0_a0p25_b0p05__wd1e-04trmiss0_degmodglobal,16,5e-05,0.0001,0.2,2.0,0.25,0.05,lr5e-05_bs16_drop0p2_temp2p0_a0p25_b0p05__wd1e-04trmiss0_degmodglobal,12,0.6196269690990448,0.7260919809341431,0.3611111111111111,0.7004079254079254,0.38461538461538464,0.0,0.6102709919214249,0.6066398024559021,0.03640177007764578,0.07773484103381634,0.0,0.0,0.0,0.0,0.0,18473,global,0.0
3,4,lr5e-05_bs16_drop0p2_temp2p0_a0p25_b0p05__wd1e-04trmiss0_degmodglobal,16,5e-05,0.0001,0.2,2.0,0.25,0.05,lr5e-05_bs16_drop0p2_temp2p0_a0p25_b0p05__wd1e-04trmiss0_degmodglobal,13,0.6313802301883698,0.7265433073043823,0.3888888888888889,0.7078153328153327,0.38461538461538464,0.0,0.5862356573343277,0.6179469376802444,0.03398056887090206,0.09876308683305979,0.0,0.0,0.0,0.0,0.0,18473,global,0.0
3,4,lr5e-05_bs16_drop0p2_temp2p0_a0p25_b0p05__wd1e-04trmiss0_degmodglobal,16,5e-05,0.0001,0.2,2.0,0.25,0.05,lr5e-05_bs16_drop0p2_temp2p0_a0p25_b0p05__wd1e-04trmiss0_degmodglobal,14,0.6039814651012421,0.72708660364151,0.3888888888888889,0.7078153328153327,0.38461538461538464,0.0,0.6167977601289749,0.5924881547689438,0.03183148801326752,0.07070895005017519,0.0,0.0,0.0,0.0,0.0,18473,global,0.0
3,4,lr5e-05_bs16_drop0p2_temp2p0_a0p25_b0p05__wd1e-04trmiss0_degmodglobal,16,5e-05,0.0001,0.2,2.0,0.25,0.05,lr5e-05_bs16_drop0p2_temp2p0_a0p25_b0p05__wd1e-04trmiss0_degmodglobal,15,0.6100649535655975,0.7262005805969238,0.3888888888888889,0.7078153328153327,0.38461538461538464,0.0,0.6033718585968018,0.5974626988172531,0.03452385636046529,0.07942577172070742,0.0,0.0,0.0,0.0,0.0,18473,global,0.0
3,4,lr5e-05_bs16_drop0p2_temp2p0_a0p25_b0p05__wd1e-04trmiss0_degmodglobal,16,5e-05,0.0001,0.2,2.0,0.25,0.05,lr5e-05_bs16_drop0p2_temp2p0_a0p25_b0p05__wd1e-04trmiss0_degmodglobal,16,0.5998124331235886,0.7249995470046997,0.3888888888888889,0.7078153328153327,0.38461538461538464,0.0,0.5954588353633881,0.5882427543401718,0.029322162736207247,0.0847827959805727,0.0,0.0,0.0,0.0,0.0,18473,global,0.0
3,4,lr5e-05_bs16_drop0p2_temp2p0_a0p25_b0p05__wd1e-04trmiss0_degmodglobal,16,5e-05,0.0001,0.2,2.0,0.25,0.05,lr5e-05_bs16_drop0p2_temp2p0_a0p25_b0p05__wd1e-04trmiss0_degmodglobal,17,0.6222145557403564,0.7310051918029785,0.3888888888888889,0.7078153328153327,0.38461538461538464,0.0,0.6018542945384979,0.6087502092123032,0.0334106357768178,0.1022336483001709,0.0,0.0,0.0,0.0,0.0,18473,global,0.0
3,4,lr5e-05_bs16_drop0p2_temp2p0_a0p25_b0p05__wd1e-04trmiss0_degmodglobal,16,5e-05,0.0001,0.2,2.0,0.25,0.05,lr5e-05_bs16_drop0p2_temp2p0_a0p25_b0p05__wd1e-04trmiss0_degmodglobal,18,0.6221105456352234,0.7269311547279358,0.3888888888888889,0.7078153328153327,0.38461538461538464,0.0,0.5908766835927963,0.6087305843830109,0.03489341028034687,0.0931319622322917,0.0,0.0,0.0,0.0,0.0,18473,global,0.0
3,4,lr5e-05_bs16_drop0p2_temp2p0_a0p25_b0p05__wd1e-04trmiss0_degmodglobal,16,5e-05,0.0001,0.2,2.0,0.25,0.05,lr5e-05_bs16_drop0p2_temp2p0_a0p25_b0p05__wd1e-04trmiss0_degmodglobal,19,0.6152371615171432,0.7281250357627869,0.4166666666666667,0.7148860398860399,0.38461538461538464,0.0,0.5938443839550018,0.5968977510929108,0.04545416496694088,0.1395171619951725,0.0,0.0,0.0,0.0,0.0,18473,global,0.0
3,4,lr5e-05_bs16_drop0p2_temp2p0_a0p25_b0p05__wd1e-04trmiss0_degmodglobal,16,5e-05,0.0001,0.2,2.0,0.25,0.05,lr5e-05_bs16_drop0p2_temp2p0_a0p25_b0p05__wd1e-04trmiss0_degmodglobal,20,0.6306985169649124,0.7245475053787231,0.4166666666666667,0.7148860398860399,0.38461538461538464,0.0,0.5920986235141754,0.6145036965608597,0.039655000902712345,0.12562144733965397,0.0,0.0,0.0,0.0,0.0,18473,global,0.0
3,4,lr5e-05_bs16_drop0p2_temp2p0_a0p25_b0p05__wd1e-04trmiss0_degmodglobal,16,5e-05,0.0001,0.2,2.0,0.25,0.05,lr5e-05_bs16_drop0p2_temp2p0_a0p25_b0p05__wd1e-04trmiss0_degmodglobal,21,0.5832855403423309,0.7243409752845764,0.4166666666666667,0.7148860398860399,0.38461538461538464,0.0,0.5799286067485809,0.5669331401586533,0.043002452701330185,0.11203559301793575,0.0,0.0,0.0,0.0,0.0,18473,global,0.0
3,4,lr5e-05_bs16_drop0p2_temp2p0_a0p25_b0p05__wd1e-04trmiss0_degmodglobal,16,5e-05,0.0001,0.2,2.0,0.25,0.05,lr5e-05_bs16_drop0p2_temp2p0_a0p25_b0p05__wd1e-04trmiss0_degmodglobal,22,0.6332661956548691,0.7244409918785095,0.4166666666666667,0.7148860398860399,0.46153846153846156,0.0,0.5744376927614212,0.6143956631422043,0.044264037162065506,0.15609058365225792,0.0,0.0,0.0,0.0,0.0,18473,global,0.0
3,4,lr5e-05_bs16_drop0p2_temp2p0_a0p25_b0p05__wd1e-04trmiss0_degmodglobal,16,5e-05,0.0001,0.2,2.0,0.25,0.05,lr5e-05_bs16_drop0p2_temp2p0_a0p25_b0p05__wd1e-04trmiss0_degmodglobal,23,0.6075882762670517,0.7232099175453186,0.4166666666666667,0.7148860398860399,0.46153846153846156,0.0,0.5603154301643372,0.5897010415792465,0.046560823917388916,0.1249407846480608,0.0,0.0,0.0,0.0,0.0,18473,global,0.0
3,4,lr5e-05_bs16_drop0p2_temp2p0_a0p25_b0p05__wd1e-04trmiss0_degmodglobal,16,5e-05,0.0001,0.2,2.0,0.25,0.05,lr5e-05_bs16_drop0p2_temp2p0_a0p25_b0p05__wd1e-04trmiss0_degmodglobal,24,0.5982541590929031,0.7259156703948975,0.4166666666666667,0.7148860398860399,0.46153846153846156,0.0,0.6053111255168915,0.5830477923154831,0.03903893381357193,0.10893222317099571,0.0,0.0,0.0,0.0,0.0,18473,global,0.0
3,4,lr5e-05_bs16_drop0p2_temp2p0_a0p25_b0p05__wd1e-04trmiss0_degmodglobal,16,5e-05,0.0001,0.2,2.0,0.25,0.05,lr5e-05_bs16_drop0p2_temp2p0_a0p25_b0p05__wd1e-04trmiss0_degmodglobal,25,0.5836925208568573,0.7252429127693176,0.4166666666666667,0.7148860398860399,0.46153846153846156,0.0,0.5546158999204636,0.5681463479995728,0.04101182799786329,0.10586446337401867,0.0,0.0,0.0,0.0,0.0,18473,global,0.0
3,4,lr5e-05_bs16_drop0p2_temp2p0_a0p25_b0p05__wd1e-04trmiss0_degmodglobal,16,5e-05,0.0001,0.2,2.0,0.25,0.05,lr5e-05_bs16_drop0p2_temp2p0_a0p25_b0p05__wd1e-04trmiss0_degmodglobal,26,0.619593158364296,0.7282168865203857,0.4166666666666667,0.7148860398860399,0.46153846153846156,0.0,0.549822673201561,0.6035867929458618,0.039522625505924225,0.12251407373696566,0.0,0.0,0.0,0.0,0.0,18473,global,0.0
3,4,lr5e-05_bs16_drop0p2_temp2p0_a0p25_b0p05__wd1e-04trmiss0_degmodglobal,16,5e-05,0.0001,0.2,2.0,0.25,0.05,lr5e-05_bs16_drop0p2_temp2p0_a0p25_b0p05__wd1e-04trmiss0_degmodglobal,27,0.5962575972080231,0.7300280928611755,0.4166666666666667,0.7148860398860399,0.46153846153846156,0.0,0.5640023052692413,0.5803511589765549,0.04138119099661708,0.11122278589755297,0.0,0.0,0.0,0.0,0.0,18473,global,0.0
3,4,lr5e-05_bs16_drop0p2_temp2p0_a0p25_b0p05__wd1e-04trmiss0_degmodglobal,16,5e-05,0.0001,0.2,2.0,0.25,0.05,lr5e-05_bs16_drop0p2_temp2p0_a0p25_b0p05__wd1e-04trmiss0_degmodglobal,28,0.6140845268964767,0.7346314787864685,0.4166666666666667,0.7148860398860399,0.38461538461538464,0.0,0.5573151111602783,0.6001588553190231,0.0352985062636435,0.10202084109187126,0.0,0.0,0.0,0.0,0.0,18473,global,0.0
3,4,lr5e-05_bs16_drop0p2_temp2p0_a0p25_b0p05__wd1e-04trmiss0_degmodglobal,16,5e-05,0.0001,0.2,2.0,0.25,0.05,lr5e-05_bs16_drop0p2_temp2p0_a0p25_b0p05__wd1e-04trmiss0_degmodglobal,29,0.619862288236618,0.7333692908287048,0.4166666666666667,0.7148860398860399,0.38461538461538464,0.0,0.5864491909742355,0.6012967079877853,0.043473128229379654,0.1539456807076931,0.0,0.0,0.0,0.0,0.0,18473,global,0.0
3,4,lr5e-05_bs16_drop0p2_temp2p0_a0p25_b0p05__wd1e-04trmiss0_degmodglobal,16,5e-05,0.0001,0.2,2.0,0.25,0.05,lr5e-05_bs16_drop0p2_temp2p0_a0p25_b0p05__wd1e-04trmiss0_degmodglobal,30,0.5881136804819107,0.7301127910614014,0.4166666666666667,0.7148860398860399,0.38461538461538464,0.0,0.5760204046964645,0.5726862251758575,0.03922821441665292,0.11240778304636478,0.0,0.0,0.0,0.0,0.0,18473,global,0.0
3,4,lr5e-05_bs16_drop0p2_temp2p0_a0p25_b0p05__wd1e-04trmiss0_degmodglobal,16,5e-05,0.0001,0.2,2.0,0.25,0.05,lr5e-05_bs16_drop0p2_temp2p0_a0p25_b0p05__wd1e-04trmiss0_degmodglobal,31,0.5910118222236633,0.7303543090820312,0.4166666666666667,0.7148860398860399,0.46153846153846156,0.0,0.5264202803373337,0.5718933939933777,0.04670278821140528,0.14885450527071953,0.0,0.0,0.0,0.0,0.0,18473,global,0.0
3,4,lr5e-05_bs16_drop0p2_temp2p0_a0p25_b0p05__wd1e-04trmiss0_degmodglobal,16,5e-05,0.0001,0.2,2.0,0.25,0.05,lr5e-05_bs16_drop0p2_temp2p0_a0p25_b0p05__wd1e-04trmiss0_degmodglobal,32,0.589015543460846,0.7278354167938232,0.4166666666666667,0.7148860398860399,0.46153846153846156,0.0,0.5271225199103355,0.5695372521877289,0.05104160122573376,0.13435772247612476,0.0,0.0,0.0,0.0,0.0,18473,global,0.0
3,4,lr5e-05_bs16_drop0p2_temp2p0_a0p25_b0p05__wd1e-04trmiss0_degmodglobal,16,5e-05,0.0001,0.2,2.0,0.25,0.05,lr5e-05_bs16_drop0p2_temp2p0_a0p25_b0p05__wd1e-04trmiss0_degmodglobal,33,0.6099746078252792,0.7290370464324951,0.4166666666666667,0.7148860398860399,0.38461538461538464,0.0,0.5685881823301315,0.5955743193626404,0.03916005091741681,0.0922059565782547,0.0,0.0,0.0,0.0,0.0,18473,global,0.0
3,4,lr5e-05_bs16_drop0p2_temp2p0_a0p25_b0p05__wd1e-04trmiss0_degmodglobal,16,5e-05,0.0001,0.2,2.0,0.25,0.05,lr5e-05_bs16_drop0p2_temp2p0_a0p25_b0p05__wd1e-04trmiss0_degmodglobal,34,0.5740144103765488,0.729791522026062,0.4166666666666667,0.7148860398860399,0.38461538461538464,0.0,0.5328064560890198,0.5548430383205414,0.04823235794901848,0.14226559083908796,0.0,0.0,0.0,0.0,0.0,18473,global,0.0
3,4,lr5e-05_bs16_drop0p2_temp2p0_a0p25_b0p05__wd1e-04trmiss0_degmodglobal,16,5e-05,0.0001,0.2,2.0,0.25,0.05,lr5e-05_bs16_drop0p2_temp2p0_a0p25_b0p05__wd1e-04trmiss0_degmodglobal,35,0.6016684323549271,0.7285040616989136,0.4166666666666667,0.7148860398860399,0.38461538461538464,0.0,0.5111081898212433,0.5781423449516296,0.06167696602642536,0.16213667020201683,0.0,0.0,0.0,0.0,0.0,18473,global,0.0
3,4,lr5e-05_bs16_drop0p2_temp2p0_a0p25_b0p05__wd1e-04trmiss0_degmodglobal,16,5e-05,0.0001,0.2,2.0,0.25,0.05,lr5e-05_bs16_drop0p2_temp2p0_a0p25_b0p05__wd1e-04trmiss0_degmodglobal,36,0.6108180433511734,0.7284287810325623,0.4166666666666667,0.7148860398860399,0.38461538461538464,0.0,0.529279924929142,0.5865925848484039,0.056729329749941826,0.2008622158318758,0.0,0.0,0.0,0.0,0.0,18473,global,0.0
3,4,lr5e-05_bs16_drop0p2_temp2p0_a0p25_b0p05__wd1e-04trmiss0_degmodglobal,16,5e-05,0.0001,0.2,2.0,0.25,0.05,lr5e-05_bs16_drop0p2_temp2p0_a0p25_b0p05__wd1e-04trmiss0_degmodglobal,37,0.5713529735803604,0.7282089591026306,0.4166666666666667,0.7148860398860399,0.38461538461538464,0.0,0.5157768651843071,0.5526494607329369,0.049233827739953995,0.1279012504965067,0.0,0.0,0.0,0.0,0.0,18473,global,0.0
3,4,lr5e-05_bs16_drop0p2_temp2p0_a0p25_b0p05__wd1e-04trmiss0_degmodglobal,16,5e-05,0.0001,0.2,2.0,0.25,0.05,lr5e-05_bs16_drop0p2_temp2p0_a0p25_b0p05__wd1e-04trmiss0_degmodglobal,38,0.5900457799434662,0.7309608459472656,0.4166666666666667,0.7148860398860399,0.38461538461538464,0.0,0.5234672352671623,0.5700228214263916,0.05057562468573451,0.14758120011538267,0.0,0.0,0.0,0.0,0.0,18473,global,0.0
3,4,lr5e-05_bs16_drop0p2_temp2p0_a0p25_b0p05__wd1e-04trmiss0_degmodglobal,16,5e-05,0.0001,0.2,2.0,0.25,0.05,lr5e-05_bs16_drop0p2_temp2p0_a0p25_b0p05__wd1e-04trmiss0_degmodglobal,39,0.5843671411275864,0.7327346801757812,0.4166666666666667,0.7148860398860399,0.38461538461538464,0.0,0.5337588489055634,0.5678742825984955,0.05016784928739071,0.07901799632236362,0.0,0.0,0.0,0.0,0.0,18473,global,0.0
3,4,lr5e-05_bs16_drop0p2_temp2p0_a0p25_b0p05__wd1e-04trmiss0_degmodglobal,16,5e-05,0.0001,0.2,2.0,0.25,0.05,lr5e-05_bs16_drop0p2_temp2p0_a0p25_b0p05__wd1e-04trmiss0_degmodglobal,40,0.638782799243927,0.7256264090538025,0.4166666666666667,0.7148860398860399,0.38461538461538464,0.0,0.5600709617137909,0.6174943745136261,0.05304190795868635,0.16055902279913425,0.0,0.0,0.0,0.0,0.0,18473,global,0.0
3,4,lr5e-05_bs16_drop0p2_temp2p0_a0p25_b0p05__wd1e-04trmiss0_degmodglobal,16,5e-05,0.0001,0.2,2.0,0.25,0.05,lr5e-05_bs16_drop0p2_temp2p0_a0p25_b0p05__wd1e-04trmiss0_degmodglobal,41,0.6127458363771439,0.7362455725669861,0.4166666666666667,0.7148860398860399,0.38461538461538464,0.0,0.5593609437346458,0.5964699387550354,0.041163355112075806,0.11970118712633848,0.0,0.0,0.0,0.0,0.0,18473,global,0.0
3,4,lr5e-05_bs16_drop0p2_temp2p0_a0p25_b0p05__wd1e-04trmiss0_degmodglobal,16,5e-05,0.0001,0.2,2.0,0.25,0.05,lr5e-05_bs16_drop0p2_temp2p0_a0p25_b0p05__wd1e-04trmiss0_degmodglobal,42,0.579210177063942,0.7336291074752808,0.4166666666666667,0.7148860398860399,0.38461538461538464,0.0,0.4977576732635498,0.5607922971248627,0.046833992935717106,0.13418761268258095,0.0,0.0,0.0,0.0,0.0,18473,global,0.0
3,4,lr5e-05_bs16_drop0p2_temp2p0_a0p25_b0p05__wd1e-04trmiss0_degmodglobal,16,5e-05,0.0001,0.2,2.0,0.25,0.05,lr5e-05_bs16_drop0p2_temp2p0_a0p25_b0p05__wd1e-04trmiss0_degmodglobal,43,0.5783585608005524,0.7320918440818787,0.4166666666666667,0.7148860398860399,0.38461538461538464,0.0,0.5063796266913414,0.5593783259391785,0.05242327880114317,0.11748799122869968,0.0,0.0,0.0,0.0,0.0,18473,global,0.0
3,4,lr5e-05_bs16_drop0p4_temp1p0_a0p25_b0p05__wd1e-04trmiss0_degmodglobal,16,5e-05,0.0001,0.4,1.0,0.25,0.05,lr5e-05_bs16_drop0p4_temp1p0_a0p25_b0p05__wd1e-04trmiss0_degmodglobal,1,0.7523480504751205,0.714742124080658,0.3611111111111111,0.6522597772597772,0.38461538461538464,0.0,0.6862887293100357,0.7253033518791199,0.07445555552840233,0.1686162520200014,0.0,0.0,0.0,0.0,0.0,18473,global,0.0
3,4,lr5e-05_bs16_drop0p4_temp1p0_a0p25_b0p05__wd1e-04trmiss0_degmodglobal,16,5e-05,0.0001,0.4,1.0,0.25,0.05,lr5e-05_bs16_drop0p4_temp1p0_a0p25_b0p05__wd1e-04trmiss0_degmodglobal,2,0.75199094414711,0.7143824696540833,0.36111111111111116,0.6426638176638176,0.38461538461538464,0.0,0.7069912850856781,0.730463057756424,0.05902678985148668,0.1354238409548998,0.0,0.0,0.0,0.0,0.0,18473,global,0.0
3,4,lr5e-05_bs16_drop0p4_temp1p0_a0p25_b0p05__wd1e-04trmiss0_degmodglobal,16,5e-05,0.0001,0.4,1.0,0.25,0.05,lr5e-05_bs16_drop0p4_temp1p0_a0p25_b0p05__wd1e-04trmiss0_degmodglobal,3,0.7382782995700836,0.7204596996307373,0.3055555555555556,0.620970695970696,0.3076923076923077,0.0,0.6767163127660751,0.7172602266073227,0.05288726184517145,0.15592515096068382,0.0,0.0,0.0,0.0,0.0,18473,global,0.0
3,4,lr5e-05_bs16_drop0p4_temp1p0_a0p25_b0p05__wd1e-04trmiss0_degmodglobal,16,5e-05,0.0001,0.4,1.0,0.25,0.05,lr5e-05_bs16_drop0p4_temp1p0_a0p25_b0p05__wd1e-04trmiss0_degmodglobal,4,0.74749656021595,0.7256134748458862,0.3333333333333333,0.6277047027047027,0.3076923076923077,0.0,0.6837878972291946,0.726691946387291,0.05567118898034096,0.13773607090115547,0.0,0.0,0.0,0.0,0.0,18473,global,0.0
3,4,lr5e-05_bs16_drop0p4_temp1p0_a0p25_b0p05__wd1e-04trmiss0_degmodglobal,16,5e-05,0.0001,0.4,1.0,0.25,0.05,lr5e-05_bs16_drop0p4_temp1p0_a0p25_b0p05__wd1e-04trmiss0_degmodglobal,5,0.7227559983730316,0.7355425953865051,0.3333333333333333,0.6277047027047027,0.38461538461538464,0.0,0.6702047437429428,0.7003669291734695,0.059517898596823215,0.15019136480987072,0.0,0.0,0.0,0.0,0.0,18473,global,0.0
3,4,lr5e-05_bs16_drop0p4_temp1p0_a0p25_b0p05__wd1e-04trmiss0_degmodglobal,16,5e-05,0.0001,0.4,1.0,0.25,0.05,lr5e-05_bs16_drop0p4_temp1p0_a0p25_b0p05__wd1e-04trmiss0_degmodglobal,6,0.678501158952713,0.7397829294204712,0.3333333333333333,0.6277047027047027,0.38461538461538464,0.0,0.6827607601881027,0.6599835306406021,0.05289207212626934,0.10589176416397095,0.0,0.0,0.0,0.0,0.0,18473,global,0.0
3,4,lr5e-05_bs16_drop0p4_temp1p0_a0p25_b0p05__wd1e-04trmiss0_degmodglobal,16,5e-05,0.0001,0.4,1.0,0.25,0.05,lr5e-05_bs16_drop0p4_temp1p0_a0p25_b0p05__wd1e-04trmiss0_degmodglobal,7,0.6848146021366119,0.7340666055679321,0.41666666666666663,0.6558080808080808,0.38461538461538464,0.0,0.6823762208223343,0.6568180620670319,0.07189251948148012,0.2004682868719101,0.0,0.0,0.0,0.0,0.0,18473,global,0.0
3,4,lr5e-05_bs16_drop0p4_temp1p0_a0p25_b0p05__wd1e-04trmiss0_degmodglobal,16,5e-05,0.0001,0.4,1.0,0.25,0.05,lr5e-05_bs16_drop0p4_temp1p0_a0p25_b0p05__wd1e-04trmiss0_degmodglobal,8,0.6470368653535843,0.7276186347007751,0.4722222222222222,0.6872895622895623,0.38461538461538464,0.0,0.6745681017637253,0.6185141205787659,0.07302549201995134,0.2053276039659977,0.0,0.0,0.0,0.0,0.0,18473,global,0.0
3,4,lr5e-05_bs16_drop0p4_temp1p0_a0p25_b0p05__wd1e-04trmiss0_degmodglobal,16,5e-05,0.0001,0.4,1.0,0.25,0.05,lr5e-05_bs16_drop0p4_temp1p0_a0p25_b0p05__wd1e-04trmiss0_degmodglobal,9,0.6388081461191177,0.7239384651184082,0.4722222222222222,0.6872895622895623,0.38461538461538464,0.0,0.614480122923851,0.6127633154392242,0.07385842874646187,0.15160474926233292,0.0,0.0,0.0,0.0,0.0,18473,global,0.0
3,4,lr5e-05_bs16_drop0p4_temp1p0_a0p25_b0p05__wd1e-04trmiss0_degmodglobal,16,5e-05,0.0001,0.4,1.0,0.25,0.05,lr5e-05_bs16_drop0p4_temp1p0_a0p25_b0p05__wd1e-04trmiss0_degmodglobal,10,0.6974007189273834,0.7302539348602295,0.4722222222222222,0.6872895622895623,0.38461538461538464,0.0,0.6890872716903687,0.6717297732830048,0.07202967721968889,0.15327048860490322,0.0,0.0,0.0,0.0,0.0,18473,global,0.0
3,4,lr5e-05_bs16_drop0p4_temp1p0_a0p25_b0p05__wd1e-04trmiss0_degmodglobal,16,5e-05,0.0001,0.4,1.0,0.25,0.05,lr5e-05_bs16_drop0p4_temp1p0_a0p25_b0p05__wd1e-04trmiss0_degmodglobal,11,0.6376982480287552,0.7265868782997131,0.4722222222222222,0.6872895622895623,0.38461538461538464,0.0,0.6367003321647644,0.6170112490653992,0.06128819100558758,0.10729919001460075,0.0,0.0,0.0,0.0,0.0,18473,global,0.0
3,4,lr5e-05_bs16_drop0p4_temp1p0_a0p25_b0p05__wd1e-04trmiss0_degmodglobal,16,5e-05,0.0001,0.4,1.0,0.25,0.05,lr5e-05_bs16_drop0p4_temp1p0_a0p25_b0p05__wd1e-04trmiss0_degmodglobal,12,0.6385880708694458,0.7250416278839111,0.4722222222222222,0.6872895622895623,0.38461538461538464,0.0,0.6317320466041565,0.6228840500116348,0.04836143460124731,0.07227281108498573,0.0,0.0,0.0,0.0,0.0,18473,global,0.0
3,4,lr5e-05_bs16_drop0p4_temp1p0_a0p25_b0p05__wd1e-04trmiss0_degmodglobal,16,5e-05,0.0001,0.4,1.0,0.25,0.05,lr5e-05_bs16_drop0p4_temp1p0_a0p25_b0p05__wd1e-04trmiss0_degmodglobal,13,0.651298999786377,0.7261168956756592,0.4722222222222222,0.6872895622895623,0.38461538461538464,0.0,0.6384442746639252,0.620581328868866,0.08255003206431866,0.2016033437103033,0.0,0.0,0.0,0.0,0.0,18473,global,0.0
3,4,lr5e-05_bs16_drop0p4_temp1p0_a0p25_b0p05__wd1e-04trmiss0_degmodglobal,16,5e-05,0.0001,0.4,1.0,0.25,0.05,lr5e-05_bs16_drop0p4_temp1p0_a0p25_b0p05__wd1e-04trmiss0_degmodglobal,14,0.6536388397216797,0.731881320476532,0.4722222222222222,0.6872895622895623,0.38461538461538464,0.0,0.6418217122554779,0.6340630650520325,0.05655618757009506,0.10873494949191809,0.0,0.0,0.0,0.0,0.0,18473,global,0.0
3,4,lr5e-05_bs16_drop0p4_temp1p0_a0p25_b0p05__wd1e-04trmiss0_degmodglobal,16,5e-05,0.0001,0.4,1.0,0.25,0.05,lr5e-05_bs16_drop0p4_temp1p0_a0p25_b0p05__wd1e-04trmiss0_degmodglobal,15,0.6696089655160904,0.733757495880127,0.4722222222222222,0.6872895622895623,0.38461538461538464,0.0,0.6645441651344299,0.6527275443077087,0.051984638907015324,0.07770506106317043,0.0,0.0,0.0,0.0,0.0,18473,global,0.0
3,4,lr5e-05_bs16_drop0p4_temp1p0_a0p25_b0p05__wd1e-04trmiss0_degmodglobal,16,5e-05,0.0001,0.4,1.0,0.25,0.05,lr5e-05_bs16_drop0p4_temp1p0_a0p25_b0p05__wd1e-04trmiss0_degmodglobal,16,0.6609534174203873,0.7331568002700806,0.4722222222222222,0.6872895622895623,0.38461538461538464,0.0,0.6338660717010498,0.638568252325058,0.06944636255502701,0.1004717331379652,0.0,0.0,0.0,0.0,0.0,18473,global,0.0
3,4,lr5e-05_bs16_drop0p4_temp1p0_a0p25_b0p05__wd1e-04trmiss0_degmodglobal,16,5e-05,0.0001,0.4,1.0,0.25,0.05,lr5e-05_bs16_drop0p4_temp1p0_a0p25_b0p05__wd1e-04trmiss0_degmodglobal,17,0.636608362197876,0.7282917499542236,0.4722222222222222,0.6872895622895623,0.38461538461538464,0.0,0.5939545333385468,0.6066084057092667,0.08520665485411882,0.17396621592342854,0.0,0.0,0.0,0.0,0.0,18473,global,0.0
3,4,lr5e-05_bs16_drop0p4_temp1p0_a0p25_b0p05__wd1e-04trmiss0_degmodglobal,16,5e-05,0.0001,0.4,1.0,0.25,0.05,lr5e-05_bs16_drop0p4_temp1p0_a0p25_b0p05__wd1e-04trmiss0_degmodglobal,18,0.649174839258194,0.7291215062141418,0.4722222222222222,0.6872895622895623,0.38461538461538464,0.0,0.6197500824928284,0.6305604875087738,0.05358695238828659,0.10435263067483902,0.0,0.0,0.0,0.0,0.0,18473,global,0.0
3,4,lr5e-05_bs16_drop0p4_temp1p0_a0p25_b0p05__wd1e-04trmiss0_degmodglobal,16,5e-05,0.0001,0.4,1.0,0.25,0.05,lr5e-05_bs16_drop0p4_temp1p0_a0p25_b0p05__wd1e-04trmiss0_degmodglobal,19,0.623163104057312,0.7314811944961548,0.5,0.6972101972101973,0.38461538461538464,0.0,0.646847739815712,0.5946605354547501,0.0814543068408966,0.16277985461056232,0.0,0.0,0.0,0.0,0.0,18473,global,0.0
3,4,lr5e-05_bs16_drop0p4_temp1p0_a0p25_b0p05__wd1e-04trmiss0_degmodglobal,16,5e-05,0.0001,0.4,1.0,0.25,0.05,lr5e-05_bs16_drop0p4_temp1p0_a0p25_b0p05__wd1e-04trmiss0_degmodglobal,20,0.6544431149959564,0.7318509221076965,0.5,0.6972101972101973,0.38461538461538464,0.0,0.6359267234802246,0.6271219849586487,0.0715072276070714,0.18888608738780022,0.0,0.0,0.0,0.0,0.0,18473,global,0.0
3,4,lr5e-05_bs16_drop0p4_temp1p0_a0p25_b0p05__wd1e-04trmiss0_degmodglobal,16,5e-05,0.0001,0.4,1.0,0.25,0.05,lr5e-05_bs16_drop0p4_temp1p0_a0p25_b0p05__wd1e-04trmiss0_degmodglobal,21,0.632084921002388,0.7332923412322998,0.5,0.6972101972101973,0.38461538461538464,0.0,0.6279569268226624,0.6118741631507874,0.05873591732233763,0.11053560674190521,0.0,0.0,0.0,0.0,0.0,18473,global,0.0
3,4,lr5e-05_bs16_drop0p4_temp1p0_a0p25_b0p05__wd1e-04trmiss0_degmodglobal,16,5e-05,0.0001,0.4,1.0,0.25,0.05,lr5e-05_bs16_drop0p4_temp1p0_a0p25_b0p05__wd1e-04trmiss0_degmodglobal,22,0.6454131752252579,0.7317259311676025,0.5,0.6972101972101973,0.38461538461538464,0.0,0.6374898999929428,0.6244009286165237,0.05887434724718332,0.1258731372654438,0.0,0.0,0.0,0.0,0.0,18473,global,0.0
3,4,lr5e-05_bs16_drop0p4_temp1p0_a0p25_b0p05__wd1e-04trmiss0_degmodglobal,16,5e-05,0.0001,0.4,1.0,0.25,0.05,lr5e-05_bs16_drop0p4_temp1p0_a0p25_b0p05__wd1e-04trmiss0_degmodglobal,23,0.6342175751924515,0.734348475933075,0.5,0.6972101972101973,0.38461538461538464,0.0,0.603604331612587,0.6116131842136383,0.06657247990369797,0.11922567058354616,0.0,0.0,0.0,0.0,0.0,18473,global,0.0
3,4,lr5e-05_bs16_drop0p4_temp1p0_a0p25_b0p05__wd1e-04trmiss0_degmodglobal,16,5e-05,0.0001,0.4,1.0,0.25,0.05,lr5e-05_bs16_drop0p4_temp1p0_a0p25_b0p05__wd1e-04trmiss0_degmodglobal,24,0.6595250964164734,0.7359609603881836,0.5,0.6972101972101973,0.38461538461538464,0.0,0.6747952550649643,0.6265518963336945,0.0884825149551034,0.217051662504673,0.0,0.0,0.0,0.0,0.0,18473,global,0.0
3,4,lr5e-05_bs16_drop0p4_temp1p0_a0p25_b0p05__wd1e-04trmiss0_degmodglobal,16,5e-05,0.0001,0.4,1.0,0.25,0.05,lr5e-05_bs16_drop0p4_temp1p0_a0p25_b0p05__wd1e-04trmiss0_degmodglobal,25,0.656498521566391,0.7286192178726196,0.5277777777777778,0.7104377104377105,0.38461538461538464,0.0,0.5918235778808594,0.6314467042684555,0.06533441692590714,0.17436376586556435,0.0,0.0,0.0,0.0,0.0,18473,global,0.0
3,4,lr5e-05_bs16_drop0p4_temp1p0_a0p25_b0p05__wd1e-04trmiss0_degmodglobal,16,5e-05,0.0001,0.4,1.0,0.25,0.05,lr5e-05_bs16_drop0p4_temp1p0_a0p25_b0p05__wd1e-04trmiss0_degmodglobal,26,0.6178556382656097,0.7198211550712585,0.5555555555555556,0.7196969696969697,0.38461538461538464,0.0,0.6076018661260605,0.5861528068780899,0.09139668848365545,0.1770731285214424,0.0,0.0,0.0,0.0,0.0,18473,global,0.0
3,4,lr5e-05_bs16_drop0p4_temp1p0_a0p25_b0p05__wd1e-04trmiss0_degmodglobal,16,5e-05,0.0001,0.4,1.0,0.25,0.05,lr5e-05_bs16_drop0p4_temp1p0_a0p25_b0p05__wd1e-04trmiss0_degmodglobal,27,0.6308389157056808,0.7230350971221924,0.5277777777777778,0.7104377104377105,0.38461538461538464,0.0,0.6161991357803345,0.6015852093696594,0.07850251626223326,0.1925615444779396,0.0,0.0,0.0,0.0,0.0,18473,global,0.0
3,4,lr5e-05_bs16_drop0p4_temp1p0_a0p25_b0p05__wd1e-04trmiss0_degmodglobal,16,5e-05,0.0001,0.4,1.0,0.25,0.05,lr5e-05_bs16_drop0p4_temp1p0_a0p25_b0p05__wd1e-04trmiss0_degmodglobal,28,0.6540064364671707,0.7286689281463623,0.5277777777777778,0.7104377104377105,0.38461538461538464,0.0,0.6103774309158325,0.6317703425884247,0.060612237080931664,0.1416608728468418,0.0,0.0,0.0,0.0,0.0,18473,global,0.0
3,4,lr5e-05_bs16_drop0p4_temp1p0_a0p25_b0p05__wd1e-04trmiss0_degmodglobal,16,5e-05,0.0001,0.4,1.0,0.25,0.05,lr5e-05_bs16_drop0p4_temp1p0_a0p25_b0p05__wd1e-04trmiss0_degmodglobal,29,0.6490088552236557,0.7322781085968018,0.5277777777777778,0.7104377104377105,0.38461538461538464,0.0,0.6352320909500122,0.6278031021356583,0.05898171104490757,0.1292065680027008,0.0,0.0,0.0,0.0,0.0,18473,global,0.0
3,4,lr5e-05_bs16_drop0p4_temp1p0_a0p25_b0p05__wd1e-04trmiss0_degmodglobal,16,5e-05,0.0001,0.4,1.0,0.25,0.05,lr5e-05_bs16_drop0p4_temp1p0_a0p25_b0p05__wd1e-04trmiss0_degmodglobal,30,0.6202416121959686,0.7321092486381531,0.5277777777777778,0.7104377104377105,0.38461538461538464,0.0,0.5975429713726044,0.5967396944761276,0.07061443850398064,0.11696645431220531,0.0,0.0,0.0,0.0,0.0,18473,global,0.0
3,4,lr5e-05_bs16_drop0p4_temp1p0_a0p25_b0p05__wd1e-04trmiss0_degmodglobal,16,5e-05,0.0001,0.4,1.0,0.25,0.05,lr5e-05_bs16_drop0p4_temp1p0_a0p25_b0p05__wd1e-04trmiss0_degmodglobal,31,0.6068593710660934,0.7301592230796814,0.5277777777777778,0.7104377104377105,0.38461538461538464,0.0,0.6002679318189621,0.586343303322792,0.05689761880785227,0.12583315651863813,0.0,0.0,0.0,0.0,0.0,18473,global,0.0
3,4,lr5e-05_bs16_drop0p4_temp1p0_a0p25_b0p05__wd1e-04trmiss0_degmodglobal,16,5e-05,0.0001,0.4,1.0,0.25,0.05,lr5e-05_bs16_drop0p4_temp1p0_a0p25_b0p05__wd1e-04trmiss0_degmodglobal,32,0.6323846876621246,0.7224376201629639,0.5277777777777778,0.7104377104377105,0.38461538461538464,0.0,0.5929728895425797,0.6085231602191925,0.06784621439874172,0.13799922913312912,0.0,0.0,0.0,0.0,0.0,18473,global,0.0
3,4,lr5e-05_bs16_drop0p4_temp1p0_a0p25_b0p05__wd1e-04trmiss0_degmodglobal,16,5e-05,0.0001,0.4,1.0,0.25,0.05,lr5e-05_bs16_drop0p4_temp1p0_a0p25_b0p05__wd1e-04trmiss0_degmodglobal,33,0.6498427391052246,0.7221429347991943,0.5277777777777778,0.7104377104377105,0.38461538461538464,0.0,0.5582488924264908,0.6255053579807281,0.0668913833796978,0.1522906981408596,0.0,0.0,0.0,0.0,0.0,18473,global,0.0
3,4,lr5e-05_bs16_drop0p4_temp1p0_a0p25_b0p05__wd1e-04trmiss0_degmodglobal,16,5e-05,0.0001,0.4,1.0,0.25,0.05,lr5e-05_bs16_drop0p4_temp1p0_a0p25_b0p05__wd1e-04trmiss0_degmodglobal,34,0.6506308317184448,0.7263192534446716,0.5277777777777778,0.7104377104377105,0.38461538461538464,0.0,0.6285237818956375,0.6175648868083954,0.0785022471100092,0.2688078973442316,0.0,0.0,0.0,0.0,0.0,18473,global,0.0
3,4,lr5e-05_bs16_drop0p4_temp1p0_a0p25_b0p05__wd1e-04trmiss0_degmodglobal,16,5e-05,0.0001,0.4,1.0,0.25,0.05,lr5e-05_bs16_drop0p4_temp1p0_a0p25_b0p05__wd1e-04trmiss0_degmodglobal,35,0.6349055618047714,0.7219156622886658,0.5277777777777778,0.7104377104377105,0.38461538461538464,0.0,0.5657163485884666,0.6105974912643433,0.06760972552001476,0.14811273850500584,0.0,0.0,0.0,0.0,0.0,18473,global,0.0
3,4,lr5e-05_bs16_drop0p4_temp1p0_a0p25_b0p05__wd1e-04trmiss0_degmodglobal,16,5e-05,0.0001,0.4,1.0,0.25,0.05,lr5e-05_bs16_drop0p4_temp1p0_a0p25_b0p05__wd1e-04trmiss0_degmodglobal,36,0.635593369603157,0.7259647846221924,0.5277777777777778,0.7104377104377105,0.38461538461538464,0.0,0.5972076952457428,0.6159486770629883,0.056085988879203796,0.1124639455229044,0.0,0.0,0.0,0.0,0.0,18473,global,0.0
3,4,lr5e-05_bs16_drop0p4_temp1p0_a0p25_b0p05__wd1e-04trmiss0_degmodglobal,16,5e-05,0.0001,0.4,1.0,0.25,0.05,lr5e-05_bs16_drop0p4_temp1p0_a0p25_b0p05__wd1e-04trmiss0_degmodglobal,37,0.6102808862924576,0.7229049801826477,0.5,0.6972101972101973,0.38461538461538464,0.0,0.5808501988649368,0.5804630517959595,0.08654072135686874,0.16365325264632702,0.0,0.0,0.0,0.0,0.0,18473,global,0.0
3,4,lr5e-05_bs16_drop0p4_temp1p0_a0p25_b0p05__wd1e-04trmiss0_degmodglobal,16,5e-05,0.0001,0.4,1.0,0.25,0.05,lr5e-05_bs16_drop0p4_temp1p0_a0p25_b0p05__wd1e-04trmiss0_degmodglobal,38,0.6257066428661346,0.7185470461845398,0.5,0.6972101972101973,0.38461538461538464,0.0,0.5916776955127716,0.5980030298233032,0.07933494448661804,0.15739720361307263,0.0,0.0,0.0,0.0,0.0,18473,global,0.0
3,4,lr5e-05_bs16_drop0p4_temp1p0_a0p25_b0p05__wd1e-04trmiss0_degmodglobal,16,5e-05,0.0001,0.4,1.0,0.25,0.05,lr5e-05_bs16_drop0p4_temp1p0_a0p25_b0p05__wd1e-04trmiss0_degmodglobal,39,0.6063075065612793,0.7203127145767212,0.5,0.6972101972101973,0.38461538461538464,0.0,0.5659234374761581,0.574842095375061,0.08691860549151897,0.1947148349136114,0.0,0.0,0.0,0.0,0.0,18473,global,0.0
3,4,lr5e-05_bs16_drop0p4_temp1p0_a0p25_b0p05__wd1e-04trmiss0_degmodglobal,16,5e-05,0.0001,0.4,1.0,0.25,0.05,lr5e-05_bs16_drop0p4_temp1p0_a0p25_b0p05__wd1e-04trmiss0_degmodglobal,40,0.6222317516803741,0.7232789397239685,0.5,0.6972101972101973,0.38461538461538464,0.0,0.548252172768116,0.6035814136266708,0.05600910261273384,0.09296108782291412,0.0,0.0,0.0,0.0,0.0,18473,global,0.0
3,4,lr5e-05_bs16_drop0p4_temp1p0_a0p25_b0p05__wd1e-04trmiss0_degmodglobal,16,5e-05,0.0001,0.4,1.0,0.25,0.05,lr5e-05_bs16_drop0p4_temp1p0_a0p25_b0p05__wd1e-04trmiss0_degmodglobal,41,0.6365782171487808,0.731471061706543,0.5,0.6972101972101973,0.38461538461538464,0.0,0.5754350870847702,0.6041665822267532,0.0886013638228178,0.20522602647542953,0.0,0.0,0.0,0.0,0.0,18473,global,0.0
3,4,lr5e-05_bs16_drop0p4_temp1p0_a0p25_b0p05__wd1e-04trmiss0_degmodglobal,16,5e-05,0.0001,0.4,1.0,0.25,0.05,lr5e-05_bs16_drop0p4_temp1p0_a0p25_b0p05__wd1e-04trmiss0_degmodglobal,42,0.6182295680046082,0.7284182906150818,0.5,0.6972101972101973,0.38461538461538464,0.0,0.555881530046463,0.5943274796009064,0.06328132189810276,0.16163557162508368,0.0,0.0,0.0,0.0,0.0,18473,global,0.0
3,4,lr5e-05_bs16_drop0p4_temp1p0_a0p25_b0p05__wd1e-04trmiss0_degmodglobal,16,5e-05,0.0001,0.4,1.0,0.25,0.05,lr5e-05_bs16_drop0p4_temp1p0_a0p25_b0p05__wd1e-04trmiss0_degmodglobal,43,0.654652863740921,0.7357611656188965,0.5,0.6972101972101973,0.38461538461538464,0.0,0.5710529237985611,0.6242454349994659,0.08392922626808286,0.18850225489586592,0.0,0.0,0.0,0.0,0.0,18473,global,0.0
3,4,lr5e-05_bs16_drop0p4_temp1p0_a0p25_b0p05__wd1e-04trmiss0_degmodglobal,16,5e-05,0.0001,0.4,1.0,0.25,0.05,lr5e-05_bs16_drop0p4_temp1p0_a0p25_b0p05__wd1e-04trmiss0_degmodglobal,44,0.6260861158370972,0.7350331544876099,0.4722222222222222,0.6872895622895623,0.38461538461538464,0.0,0.5566145032644272,0.603851318359375,0.0677345534786582,0.10602288506925106,0.0,0.0,0.0,0.0,0.0,18473,global,0.0
3,4,lr5e-05_bs16_drop0p4_temp1p0_a0p25_b0p05__wd1e-04trmiss0_degmodglobal,16,5e-05,0.0001,0.4,1.0,0.25,0.05,lr5e-05_bs16_drop0p4_temp1p0_a0p25_b0p05__wd1e-04trmiss0_degmodglobal,45,0.6375919282436371,0.732854425907135,0.4722222222222222,0.6872895622895623,0.38461538461538464,0.0,0.6162088066339493,0.6001223176717758,0.0925235329195857,0.2867746502161026,0.0,0.0,0.0,0.0,0.0,18473,global,0.0
3,4,lr5e-05_bs16_drop0p4_temp1p0_a0p25_b0p05__wd1e-04trmiss0_degmodglobal,16,5e-05,0.0001,0.4,1.0,0.25,0.05,lr5e-05_bs16_drop0p4_temp1p0_a0p25_b0p05__wd1e-04trmiss0_degmodglobal,46,0.6215302497148514,0.7299975156784058,0.4722222222222222,0.6872895622895623,0.38461538461538464,0.0,0.5452000945806503,0.5972538590431213,0.06698569096624851,0.15059945546090603,0.0,0.0,0.0,0.0,0.0,18473,global,0.0
3,4,lr5e-05_bs16_drop0p4_temp2p0_a0p25_b0p05__wd1e-04trmiss0_degmodglobal,16,5e-05,0.0001,0.4,2.0,0.25,0.05,lr5e-05_bs16_drop0p4_temp2p0_a0p25_b0p05__wd1e-04trmiss0_degmodglobal,1,0.7526180893182755,0.6899079084396362,0.5833333333333333,0.7231922398589066,0.5384615384615384,0.0,0.7413370609283447,0.7275720089673996,0.0635325824841857,0.18325897119939327,0.0,0.0,0.0,0.0,0.0,18473,global,0.0
3,4,lr5e-05_bs16_drop0p4_temp2p0_a0p25_b0p05__wd1e-04trmiss0_degmodglobal,16,5e-05,0.0001,0.4,2.0,0.25,0.05,lr5e-05_bs16_drop0p4_temp2p0_a0p25_b0p05__wd1e-04trmiss0_degmodglobal,2,0.7085963189601898,0.6901863217353821,0.5833333333333333,0.7231922398589066,0.46153846153846156,0.0,0.7333773225545883,0.6695411056280136,0.09374627843499184,0.312372375279665,0.0,0.0,0.0,0.0,0.0,18473,global,0.0
3,4,lr5e-05_bs16_drop0p4_temp2p0_a0p25_b0p05__wd1e-04trmiss0_degmodglobal,16,5e-05,0.0001,0.4,2.0,0.25,0.05,lr5e-05_bs16_drop0p4_temp2p0_a0p25_b0p05__wd1e-04trmiss0_degmodglobal,3,0.7213562577962875,0.6902806758880615,0.5833333333333333,0.7231922398589066,0.5384615384615384,0.0,0.6912500560283661,0.6922383010387421,0.0710742175579071,0.22698792442679405,0.0,0.0,0.0,0.0,0.0,18473,global,0.0
3,4,lr5e-05_bs16_drop0p4_temp2p0_a0p25_b0p05__wd1e-04trmiss0_degmodglobal,16,5e-05,0.0001,0.4,2.0,0.25,0.05,lr5e-05_bs16_drop0p4_temp2p0_a0p25_b0p05__wd1e-04trmiss0_degmodglobal,4,0.6635721921920776,0.692571222782135,0.5555555555555556,0.7167819834486502,0.5384615384615384,0.0,0.6907457411289215,0.6346228271722794,0.06574460491538048,0.25026483088731766,0.0,0.0,0.0,0.0,0.0,18473,global,0.0
3,4,lr5e-05_bs16_drop0p4_temp2p0_a0p25_b0p05__wd1e-04trmiss0_degmodglobal,16,5e-05,0.0001,0.4,2.0,0.25,0.05,lr5e-05_bs16_drop0p4_temp2p0_a0p25_b0p05__wd1e-04trmiss0_degmodglobal,5,0.6907192319631577,0.6903893947601318,0.5555555555555556,0.7167819834486502,0.5384615384615384,0.0,0.6749283075332642,0.6696254462003708,0.057305228896439075,0.13534961268305779,0.0,0.0,0.0,0.0,0.0,18473,global,0.0
3,4,lr5e-05_bs16_drop0p4_temp2p0_a0p25_b0p05__wd1e-04trmiss0_degmodglobal,16,5e-05,0.0001,0.4,2.0,0.25,0.05,lr5e-05_bs16_drop0p4_temp2p0_a0p25_b0p05__wd1e-04trmiss0_degmodglobal,6,0.6582700312137604,0.6880679130554199,0.5555555555555556,0.7167819834486502,0.5384615384615384,0.0,0.6545544564723969,0.6286520659923553,0.07462630607187748,0.21922794356942177,0.0,0.0,0.0,0.0,0.0,18473,global,0.0
3,4,lr5e-05_bs16_drop0p4_temp2p0_a0p25_b0p05__wd1e-04trmiss0_degmodglobal,16,5e-05,0.0001,0.4,2.0,0.25,0.05,lr5e-05_bs16_drop0p4_temp2p0_a0p25_b0p05__wd1e-04trmiss0_degmodglobal,7,0.684958353638649,0.6877185106277466,0.5555555555555556,0.7167819834486502,0.5384615384615384,0.0,0.6533960700035095,0.667266234755516,0.04563838196918368,0.12565024010837078,0.0,0.0,0.0,0.0,0.0,18473,global,0.0
3,4,lr5e-05_bs16_drop0p4_temp2p0_a0p25_b0p05__wd1e-04trmiss0_degmodglobal,16,5e-05,0.0001,0.4,2.0,0.25,0.05,lr5e-05_bs16_drop0p4_temp2p0_a0p25_b0p05__wd1e-04trmiss0_degmodglobal,8,0.6330841332674026,0.6850684285163879,0.5277777777777778,0.7019671686338353,0.5384615384615384,0.0,0.6012526154518127,0.6053511202335358,0.07442285493016243,0.1825460121035576,0.0,0.0,0.0,0.0,0.0,18473,global,0.0
3,4,lr5e-05_bs16_drop0p4_temp2p0_a0p25_b0p05__wd1e-04trmiss0_degmodglobal,16,5e-05,0.0001,0.4,2.0,0.25,0.05,lr5e-05_bs16_drop0p4_temp2p0_a0p25_b0p05__wd1e-04trmiss0_degmodglobal,9,0.6683297604322433,0.684614360332489,0.5555555555555556,0.7575227241893909,0.5384615384615384,0.0,0.6108115613460541,0.6355606913566589,0.08193276263773441,0.24571744725108147,0.0,0.0,0.0,0.0,0.0,18473,global,0.0
3,4,lr5e-05_bs16_drop0p4_temp2p0_a0p25_b0p05__wd1e-04trmiss0_degmodglobal,16,5e-05,0.0001,0.4,2.0,0.25,0.05,lr5e-05_bs16_drop0p4_temp2p0_a0p25_b0p05__wd1e-04trmiss0_degmodglobal,10,0.6267942637205124,0.6880261898040771,0.5555555555555556,0.7575227241893909,0.5384615384615384,0.0,0.6297778189182281,0.60083869099617,0.06532390043139458,0.19249199703335762,0.0,0.0,0.0,0.0,0.0,18473,global,0.0
3,4,lr5e-05_bs16_drop0p4_temp2p0_a0p25_b0p05__wd1e-04trmiss0_degmodglobal,16,5e-05,0.0001,0.4,2.0,0.25,0.05,lr5e-05_bs16_drop0p4_temp2p0_a0p25_b0p05__wd1e-04trmiss0_degmodglobal,11,0.6393554359674454,0.6855056285858154,0.6111111111111112,0.8290715457382125,0.5384615384615384,0.0,0.6359509080648422,0.6137619167566299,0.06840656511485577,0.16983731091022491,0.0,0.0,0.0,0.0,0.0,18473,global,0.0
3,4,lr5e-05_bs16_drop0p4_temp2p0_a0p25_b0p05__wd1e-04trmiss0_degmodglobal,16,5e-05,0.0001,0.4,2.0,0.25,0.05,lr5e-05_bs16_drop0p4_temp2p0_a0p25_b0p05__wd1e-04trmiss0_degmodglobal,12,0.5968431383371353,0.6852446794509888,0.5833333333333333,0.8204295704295705,0.5384615384615384,0.0,0.6210032552480698,0.5680326670408249,0.07590657752007246,0.19667674973607063,0.0,0.0,0.0,0.0,0.0,18473,global,0.0
3,4,lr5e-05_bs16_drop0p4_temp2p0_a0p25_b0p05__wd1e-04trmiss0_degmodglobal,16,5e-05,0.0001,0.4,2.0,0.25,0.05,lr5e-05_bs16_drop0p4_temp2p0_a0p25_b0p05__wd1e-04trmiss0_degmodglobal,13,0.5968878269195557,0.6888874173164368,0.5555555555555556,0.7926517926517926,0.5384615384615384,0.0,0.6301105320453644,0.5631636828184128,0.08052658475935459,0.2718498259782791,0.0,0.0,0.0,0.0,0.0,18473,global,0.0
3,4,lr5e-05_bs16_drop0p4_temp2p0_a0p25_b0p05__wd1e-04trmiss0_degmodglobal,16,5e-05,0.0001,0.4,2.0,0.25,0.05,lr5e-05_bs16_drop0p4_temp2p0_a0p25_b0p05__wd1e-04trmiss0_degmodglobal,14,0.5854974985122681,0.6860311627388,0.5555555555555556,0.8111703111703112,0.5384615384615384,0.0,0.5893780589103699,0.5576856583356857,0.07711633294820786,0.17065522447228432,0.0,0.0,0.0,0.0,0.0,18473,global,0.0
3,4,lr5e-05_bs16_drop0p4_temp2p0_a0p25_b0p05__wd1e-04trmiss0_degmodglobal,16,5e-05,0.0001,0.4,2.0,0.25,0.05,lr5e-05_bs16_drop0p4_temp2p0_a0p25_b0p05__wd1e-04trmiss0_degmodglobal,15,0.6346696466207504,0.6889968514442444,0.5555555555555556,0.7926517926517926,0.5384615384615384,0.0,0.6414226293563843,0.6084776073694229,0.06752296723425388,0.18622596561908722,0.0,0.0,0.0,0.0,0.0,18473,global,0.0
3,4,lr5e-05_bs16_drop0p4_temp2p0_a0p25_b0p05__wd1e-04trmiss0_degmodglobal,16,5e-05,0.0001,0.4,2.0,0.25,0.05,lr5e-05_bs16_drop0p4_temp2p0_a0p25_b0p05__wd1e-04trmiss0_degmodglobal,16,0.5923752188682556,0.6859329342842102,0.5555555555555556,0.8111703111703112,0.5384615384615384,0.0,0.6093574911355972,0.5663683265447617,0.06833374034613371,0.17846918292343616,0.0,0.0,0.0,0.0,0.0,18473,global,0.0
3,4,lr5e-05_bs16_drop0p4_temp2p0_a0p25_b0p05__wd1e-04trmiss0_degmodglobal,16,5e-05,0.0001,0.4,2.0,0.25,0.05,lr5e-05_bs16_drop0p4_temp2p0_a0p25_b0p05__wd1e-04trmiss0_degmodglobal,17,0.6333985179662704,0.6909366250038147,0.5,0.7463554963554964,0.5384615384615384,0.0,0.6030515730381012,0.5916473567485809,0.09594802930951118,0.35528282821178436,0.0,0.0,0.0,0.0,0.0,18473,global,0.0
3,4,lr5e-05_bs16_drop0p4_temp2p0_a0p25_b0p05__wd1e-04trmiss0_degmodglobal,16,5e-05,0.0001,0.4,2.0,0.25,0.05,lr5e-05_bs16_drop0p4_temp2p0_a0p25_b0p05__wd1e-04trmiss0_degmodglobal,18,0.5949577689170837,0.6887097358703613,0.5,0.7463554963554964,0.5384615384615384,0.0,0.606580063700676,0.5653456151485443,0.0713106207549572,0.23568967636674643,0.0,0.0,0.0,0.0,0.0,18473,global,0.0
3,4,lr5e-05_bs16_drop0p4_temp2p0_a0p25_b0p05__wd1e-04trmiss0_degmodglobal,16,5e-05,0.0001,0.4,2.0,0.25,0.05,lr5e-05_bs16_drop0p4_temp2p0_a0p25_b0p05__wd1e-04trmiss0_degmodglobal,19,0.5710089653730392,0.6898779273033142,0.5,0.7463554963554964,0.5384615384615384,0.0,0.5704163759946823,0.542095273733139,0.0722452299669385,0.21704770624637604,0.0,0.0,0.0,0.0,0.0,18473,global,0.0
3,4,lr5e-05_bs16_drop0p4_temp2p0_a0p25_b0p05__wd1e-04trmiss0_degmodglobal,16,5e-05,0.0001,0.4,2.0,0.25,0.05,lr5e-05_bs16_drop0p4_temp2p0_a0p25_b0p05__wd1e-04trmiss0_degmodglobal,20,0.6171499937772751,0.6893764138221741,0.5555555555555556,0.8111703111703112,0.46153846153846156,0.0,0.5881749391555786,0.5893654674291611,0.07464865781366825,0.1824476607143879,0.0,0.0,0.0,0.0,0.0,18473,global,0.0
3,4,lr5e-05_bs16_drop0p4_temp2p0_a0p25_b0p05__wd1e-04trmiss0_degmodglobal,16,5e-05,0.0001,0.4,2.0,0.25,0.05,lr5e-05_bs16_drop0p4_temp2p0_a0p25_b0p05__wd1e-04trmiss0_degmodglobal,21,0.626141831278801,0.6858052015304565,0.6388888888888888,0.8651385651385652,0.46153846153846156,0.0,0.6155506670475006,0.5967767536640167,0.07665273733437061,0.20403774455189705,0.0,0.0,0.0,0.0,0.0,18473,global,0.0
3,4,lr5e-05_bs16_drop0p4_temp2p0_a0p25_b0p05__wd1e-04trmiss0_degmodglobal,16,5e-05,0.0001,0.4,2.0,0.25,0.05,lr5e-05_bs16_drop0p4_temp2p0_a0p25_b0p05__wd1e-04trmiss0_degmodglobal,22,0.6162715554237366,0.6863450407981873,0.6388888888888888,0.8651385651385652,0.46153846153846156,0.0,0.6144654303789139,0.5777395218610764,0.09474464505910873,0.29691773653030396,0.0,0.0,0.0,0.0,0.0,18473,global,0.0
3,4,lr5e-05_bs16_drop0p4_temp2p0_a0p25_b0p05__wd1e-04trmiss0_degmodglobal,16,5e-05,0.0001,0.4,2.0,0.25,0.05,lr5e-05_bs16_drop0p4_temp2p0_a0p25_b0p05__wd1e-04trmiss0_degmodglobal,23,0.5870453864336014,0.6901543140411377,0.6111111111111112,0.8466200466200469,0.46153846153846156,0.0,0.5691074505448341,0.5545502156019211,0.08416994847357273,0.22905366122722626,0.0,0.0,0.0,0.0,0.0,18473,global,0.0
3,4,lr5e-05_bs16_drop0p4_temp2p0_a0p25_b0p05__wd1e-04trmiss0_degmodglobal,16,5e-05,0.0001,0.4,2.0,0.25,0.05,lr5e-05_bs16_drop0p4_temp2p0_a0p25_b0p05__wd1e-04trmiss0_degmodglobal,24,0.6002403497695923,0.6912786364555359,0.5833333333333333,0.8333925333925336,0.46153846153846156,0.0,0.6088853776454926,0.5633086562156677,0.10573955625295639,0.20993602834641933,0.0,0.0,0.0,0.0,0.0,18473,global,0.0
3,4,lr5e-05_bs16_drop0p4_temp2p0_a0p25_b0p05__wd1e-04trmiss0_degmodglobal,16,5e-05,0.0001,0.4,2.0,0.25,0.05,lr5e-05_bs16_drop0p4_temp2p0_a0p25_b0p05__wd1e-04trmiss0_degmodglobal,25,0.6002863347530365,0.6914863586425781,0.5833333333333333,0.8333925333925336,0.46153846153846156,0.0,0.5415698289871216,0.5577324032783508,0.11640721186995506,0.2690424155443907,0.0,0.0,0.0,0.0,0.0,18473,global,0.0
3,4,lr5e-05_bs16_drop0p4_temp2p0_a0p25_b0p05__wd1e-04trmiss0_degmodglobal,16,5e-05,0.0001,0.4,2.0,0.25,0.05,lr5e-05_bs16_drop0p4_temp2p0_a0p25_b0p05__wd1e-04trmiss0_degmodglobal,26,0.566587284207344,0.6890594959259033,0.6111111111111112,0.8466200466200469,0.46153846153846156,0.0,0.5702788382768631,0.53550835698843,0.0832555927336216,0.20530015788972378,0.0,0.0,0.0,0.0,0.0,18473,global,0.0
3,4,lr5e-05_bs16_drop0p4_temp2p0_a0p25_b0p05__wd1e-04trmiss0_degmodglobal,16,5e-05,0.0001,0.4,2.0,0.25,0.05,lr5e-05_bs16_drop0p4_temp2p0_a0p25_b0p05__wd1e-04trmiss0_degmodglobal,27,0.5940651595592499,0.6909888386726379,0.5833333333333333,0.8333925333925336,0.46153846153846156,0.0,0.5607731938362122,0.5629589706659317,0.08903096616268158,0.17696917057037354,0.0,0.0,0.0,0.0,0.0,18473,global,0.0
3,4,lr5e-05_bs16_drop0p4_temp2p0_a0p25_b0p05__wd1e-04trmiss0_degmodglobal,16,5e-05,0.0001,0.4,2.0,0.25,0.05,lr5e-05_bs16_drop0p4_temp2p0_a0p25_b0p05__wd1e-04trmiss0_degmodglobal,28,0.5889306217432022,0.693799614906311,0.5833333333333333,0.8333925333925336,0.46153846153846156,0.0,0.5886897295713425,0.5569982826709747,0.08546550758183002,0.21131935343146324,0.0,0.0,0.0,0.0,0.0,18473,global,0.0
3,4,lr5e-05_bs16_drop0p4_temp2p0_a0p25_b0p05__wd1e-04trmiss0_degmodglobal,16,5e-05,0.0001,0.4,2.0,0.25,0.05,lr5e-05_bs16_drop0p4_temp2p0_a0p25_b0p05__wd1e-04trmiss0_degmodglobal,29,0.5732843577861786,0.6949137449264526,0.5833333333333333,0.8333925333925336,0.46153846153846156,0.0,0.5378758236765862,0.5315107256174088,0.11344696395099163,0.2682374566793442,0.0,0.0,0.0,0.0,0.0,18473,global,0.0
3,4,lr5e-05_bs16_drop0p4_temp2p0_a0p25_b0p05__wd1e-04trmiss0_degmodglobal,16,5e-05,0.0001,0.4,2.0,0.25,0.05,lr5e-05_bs16_drop0p4_temp2p0_a0p25_b0p05__wd1e-04trmiss0_degmodglobal,30,0.5506050288677216,0.6902973651885986,0.5555555555555556,0.8266585266585267,0.46153846153846156,0.0,0.5306939035654068,0.5209368914365768,0.09418234042823315,0.122451176866889,0.0,0.0,0.0,0.0,0.0,18473,global,0.0
3,4,lr5e-05_bs16_drop0p4_temp2p0_a0p25_b0p05__wd1e-04trmiss0_degmodglobal,16,5e-05,0.0001,0.4,2.0,0.25,0.05,lr5e-05_bs16_drop0p4_temp2p0_a0p25_b0p05__wd1e-04trmiss0_degmodglobal,31,0.6121776252985001,0.6908950805664062,0.5555555555555556,0.8266585266585267,0.46153846153846156,0.0,0.5560562312602997,0.5700289905071259,0.10110951587557793,0.3374253287911415,0.0,0.0,0.0,0.0,0.0,18473,global,0.0
3,4,lr5e-05_bs16_drop0p4_temp2p0_a0p25_b0p05__wd1e-04trmiss0_degmodglobal,16,5e-05,0.0001,0.4,2.0,0.25,0.05,lr5e-05_bs16_drop0p4_temp2p0_a0p25_b0p05__wd1e-04trmiss0_degmodglobal,32,0.5821414589881897,0.6937859654426575,0.5555555555555556,0.8266585266585267,0.46153846153846156,0.0,0.5559120923280716,0.5558133721351624,0.07896480150520802,0.13173773884773254,0.0,0.0,0.0,0.0,0.0,18473,global,0.0
3,4,lr5e-05_bs16_drop0p4_temp2p0_a0p25_b0p05__wd1e-04trmiss0_degmodglobal,16,5e-05,0.0001,0.4,2.0,0.25,0.05,lr5e-05_bs16_drop0p4_temp2p0_a0p25_b0p05__wd1e-04trmiss0_degmodglobal,33,0.606282576918602,0.6949057579040527,0.5555555555555556,0.8266585266585267,0.46153846153846156,0.0,0.6016531214118004,0.5729565769433975,0.08859959989786148,0.2235217597335577,0.0,0.0,0.0,0.0,0.0,18473,global,0.0
3,4,lr5e-05_bs16_drop0p4_temp2p0_a0p25_b0p05__wd1e-04trmiss0_degmodglobal,16,5e-05,0.0001,0.4,2.0,0.25,0.05,lr5e-05_bs16_drop0p4_temp2p0_a0p25_b0p05__wd1e-04trmiss0_degmodglobal,34,0.570287361741066,0.6913915872573853,0.5833333333333333,0.8398860398860402,0.46153846153846156,0.0,0.547479897737503,0.5349479764699936,0.08237720280885696,0.2949014641344547,0.0,0.0,0.0,0.0,0.0,18473,global,0.0
3,4,lr5e-05_bs16_drop0p4_temp2p0_a0p25_b0p05__wd1e-04trmiss0_degmodglobal,16,5e-05,0.0001,0.4,2.0,0.25,0.05,lr5e-05_bs16_drop0p4_temp2p0_a0p25_b0p05__wd1e-04trmiss0_degmodglobal,35,0.5780110508203506,0.6866264343261719,0.5833333333333333,0.8398860398860402,0.46153846153846156,0.0,0.5498675182461739,0.5444781333208084,0.08293239399790764,0.25599635392427444,0.0,0.0,0.0,0.0,0.0,18473,global,0.0
3,4,lr5e-05_bs16_drop0p4_temp2p0_a0p25_b0p05__wd1e-04trmiss0_degmodglobal,16,5e-05,0.0001,0.4,2.0,0.25,0.05,lr5e-05_bs16_drop0p4_temp2p0_a0p25_b0p05__wd1e-04trmiss0_degmodglobal,36,0.5614469200372696,0.6853070259094238,0.5833333333333333,0.8398860398860402,0.46153846153846156,0.0,0.5749033987522125,0.5187307819724083,0.10605405364185572,0.3240526020526886,0.0,0.0,0.0,0.0,0.0,18473,global,0.0
3,4,lr5e-05_bs16_drop0p4_temp2p0_a0p25_b0p05__wd1e-04trmiss0_degmodglobal,16,5e-05,0.0001,0.4,2.0,0.25,0.05,lr5e-05_bs16_drop0p4_temp2p0_a0p25_b0p05__wd1e-04trmiss0_degmodglobal,37,0.6046468168497086,0.6870356798171997,0.6111111111111112,0.8584045584045585,0.46153846153846156,0.0,0.6033263802528381,0.5694546550512314,0.09273728914558887,0.2401566170156002,0.0,0.0,0.0,0.0,0.0,18473,global,0.0
3,4,lr5e-05_bs16_drop0p4_temp2p0_a0p25_b0p05__wd1e-04trmiss0_degmodglobal,16,5e-05,0.0001,0.4,2.0,0.25,0.05,lr5e-05_bs16_drop0p4_temp2p0_a0p25_b0p05__wd1e-04trmiss0_degmodglobal,38,0.6016705334186554,0.6893852949142456,0.6111111111111112,0.8584045584045585,0.5384615384615384,0.0,0.568099707365036,0.566352903842926,0.0902394000440836,0.25515593215823174,0.0,0.0,0.0,0.0,0.0,18473,global,0.0
3,4,lr5e-05_bs16_drop0p4_temp2p0_a0p25_b0p05__wd1e-04trmiss0_degmodglobal,16,5e-05,0.0001,0.4,2.0,0.25,0.05,lr5e-05_bs16_drop0p4_temp2p0_a0p25_b0p05__wd1e-04trmiss0_degmodglobal,39,0.5450122654438019,0.6855384707450867,0.6111111111111112,0.8584045584045585,0.46153846153846156,0.0,0.5468549653887749,0.5191429033875465,0.06695099920034409,0.18263219483196735,0.0,0.0,0.0,0.0,0.0,18473,global,0.0
3,4,lr5e-05_bs16_drop0p4_temp2p0_a0p25_b0p05__wd1e-04trmiss0_degmodglobal,16,5e-05,0.0001,0.4,2.0,0.25,0.05,lr5e-05_bs16_drop0p4_temp2p0_a0p25_b0p05__wd1e-04trmiss0_degmodglobal,40,0.5430184751749039,0.6890336871147156,0.6111111111111112,0.8584045584045585,0.46153846153846156,0.0,0.534637376666069,0.5112916752696037,0.08788160234689713,0.19512802734971046,0.0,0.0,0.0,0.0,0.0,18473,global,0.0
3,4,lr5e-05_bs16_drop0p4_temp2p0_a0p25_b0p05__wd1e-04trmiss0_degmodglobal,16,5e-05,0.0001,0.4,2.0,0.25,0.05,lr5e-05_bs16_drop0p4_temp2p0_a0p25_b0p05__wd1e-04trmiss0_degmodglobal,41,0.5507635921239853,0.6860076189041138,0.6111111111111112,0.8584045584045585,0.46153846153846156,0.0,0.5221839547157288,0.5194138512015343,0.08342617750167847,0.2098639328032732,0.0,0.0,0.0,0.0,0.0,18473,global,0.0
3,4,lr1e-05_bs16_drop0p2_temp1p0_a0p25_b0p05__wd1e-04trmiss0_degmodglobal,16,1e-05,0.0001,0.2,1.0,0.25,0.05,lr1e-05_bs16_drop0p2_temp1p0_a0p25_b0p05__wd1e-04trmiss0_degmodglobal,1,0.739744558930397,0.6898415088653564,0.7777777777777777,0.9094356261022929,0.5384615384615384,0.0,0.7306490242481232,0.7233861982822418,0.04664997663348913,0.09391744900494814,0.0,0.0,0.0,0.0,0.0,18473,global,0.0
3,4,lr1e-05_bs16_drop0p2_temp1p0_a0p25_b0p05__wd1e-04trmiss0_degmodglobal,16,1e-05,0.0001,0.2,1.0,0.25,0.05,lr1e-05_bs16_drop0p2_temp1p0_a0p25_b0p05__wd1e-04trmiss0_degmodglobal,2,0.731100931763649,0.6900391578674316,0.75,0.9013548180214848,0.6153846153846154,0.0,0.7069908082485199,0.7122487425804138,0.05156327784061432,0.11922756768763065,0.0,0.0,0.0,0.0,0.0,18473,global,0.0
3,4,lr1e-05_bs16_drop0p2_temp1p0_a0p25_b0p05__wd1e-04trmiss0_degmodglobal,16,1e-05,0.0001,0.2,1.0,0.25,0.05,lr1e-05_bs16_drop0p2_temp1p0_a0p25_b0p05__wd1e-04trmiss0_degmodglobal,3,0.7267565429210663,0.6905825138092041,0.7222222222222222,0.8894500561167229,0.6153846153846154,0.0,0.718898817896843,0.7095069587230682,0.04630493093281984,0.11346759647130966,0.0,0.0,0.0,0.0,0.0,18473,global,0.0
3,4,lr1e-05_bs16_drop0p2_temp1p0_a0p25_b0p05__wd1e-04trmiss0_degmodglobal,16,1e-05,0.0001,0.2,1.0,0.25,0.05,lr1e-05_bs16_drop0p2_temp1p0_a0p25_b0p05__wd1e-04trmiss0_degmodglobal,4,0.6934901773929596,0.6908984184265137,0.75,0.9013548180214848,0.5384615384615384,0.0,0.6825643181800842,0.6755341142416,0.047954621724784374,0.11934809200465679,0.0,0.0,0.0,0.0,0.0,18473,global,0.0
3,4,lr1e-05_bs16_drop0p2_temp1p0_a0p25_b0p05__wd1e-04trmiss0_degmodglobal,16,1e-05,0.0001,0.2,1.0,0.25,0.05,lr1e-05_bs16_drop0p2_temp1p0_a0p25_b0p05__wd1e-04trmiss0_degmodglobal,5,0.709637850522995,0.6909576654434204,0.7222222222222222,0.8714165464165466,0.5384615384615384,0.0,0.6887298822402954,0.6876916289329529,0.05765073653310537,0.15067094191908836,0.0,0.0,0.0,0.0,0.0,18473,global,0.0
3,4,lr1e-05_bs16_drop0p2_temp1p0_a0p25_b0p05__wd1e-04trmiss0_degmodglobal,16,1e-05,0.0001,0.2,1.0,0.25,0.05,lr1e-05_bs16_drop0p2_temp1p0_a0p25_b0p05__wd1e-04trmiss0_degmodglobal,6,0.7078939378261566,0.6907903552055359,0.6666666666666666,0.8328362995029663,0.46153846153846156,0.0,0.6839738637208939,0.6900675147771835,0.04730759188532829,0.1199908759444952,0.0,0.0,0.0,0.0,0.0,18473,global,0.0
3,4,lr1e-05_bs16_drop0p2_temp1p0_a0p25_b0p05__wd1e-04trmiss0_degmodglobal,16,1e-05,0.0001,0.2,1.0,0.25,0.05,lr1e-05_bs16_drop0p2_temp1p0_a0p25_b0p05__wd1e-04trmiss0_degmodglobal,7,0.7156968712806702,0.6951965689659119,0.6666666666666666,0.8290123456790124,0.46153846153846156,0.0,0.7197891175746918,0.6941961646080017,0.052593525499105453,0.16704678162932396,0.0,0.0,0.0,0.0,0.0,18473,global,0.0
3,4,lr1e-05_bs16_drop0p2_temp1p0_a0p25_b0p05__wd1e-04trmiss0_degmodglobal,16,1e-05,0.0001,0.2,1.0,0.25,0.05,lr1e-05_bs16_drop0p2_temp1p0_a0p25_b0p05__wd1e-04trmiss0_degmodglobal,8,0.6900421679019928,0.7009795308113098,0.6944444444444444,0.8409171075837742,0.46153846153846156,0.0,0.7013086229562759,0.6740918010473251,0.04317626357078552,0.10312593542039394,0.0,0.0,0.0,0.0,0.0,18473,global,0.0
3,4,lr1e-05_bs16_drop0p2_temp1p0_a0p25_b0p05__wd1e-04trmiss0_degmodglobal,16,1e-05,0.0001,0.2,1.0,0.25,0.05,lr1e-05_bs16_drop0p2_temp1p0_a0p25_b0p05__wd1e-04trmiss0_degmodglobal,9,0.7373857647180557,0.7050178647041321,0.6666666666666666,0.8038800705467373,0.38461538461538464,0.0,0.6779785752296448,0.7145463675260544,0.06115350592881441,0.15102072805166245,0.0,0.0,0.0,0.0,0.0,18473,global,0.0
3,4,lr1e-05_bs16_drop0p2_temp1p0_a0p25_b0p05__wd1e-04trmiss0_degmodglobal,16,1e-05,0.0001,0.2,1.0,0.25,0.05,lr1e-05_bs16_drop0p2_temp1p0_a0p25_b0p05__wd1e-04trmiss0_degmodglobal,10,0.7257143557071686,0.7065613269805908,0.6666666666666666,0.8038800705467373,0.38461538461538464,0.0,0.6976789087057114,0.7106963396072388,0.04300635028630495,0.08532832283526659,0.0,0.0,0.0,0.0,0.0,18473,global,0.0
3,4,lr1e-05_bs16_drop0p2_temp1p0_a0p25_b0p05__wd1e-04trmiss0_degmodglobal,16,1e-05,0.0001,0.2,1.0,0.25,0.05,lr1e-05_bs16_drop0p2_temp1p0_a0p25_b0p05__wd1e-04trmiss0_degmodglobal,11,0.7011226415634155,0.7071966528892517,0.6666666666666666,0.8038800705467373,0.3076923076923077,0.0,0.6926840841770172,0.6826265454292297,0.04996509850025177,0.12009625509381294,0.0,0.0,0.0,0.0,0.0,18473,global,0.0
3,4,lr1e-05_bs16_drop0p2_temp1p0_a0p25_b0p05__wd1e-04trmiss0_degmodglobal,16,1e-05,0.0001,0.2,1.0,0.25,0.05,lr1e-05_bs16_drop0p2_temp1p0_a0p25_b0p05__wd1e-04trmiss0_degmodglobal,12,0.6647774279117584,0.710686445236206,0.6666666666666666,0.8038800705467373,0.3076923076923077,0.0,0.6860994100570679,0.6475482434034348,0.04742352105677128,0.10746579803526402,0.0,0.0,0.0,0.0,0.0,18473,global,0.0
3,4,lr1e-05_bs16_drop0p2_temp1p0_a0p25_b0p05__wd1e-04trmiss0_degmodglobal,16,1e-05,0.0001,0.2,1.0,0.25,0.05,lr1e-05_bs16_drop0p2_temp1p0_a0p25_b0p05__wd1e-04trmiss0_degmodglobal,13,0.6771319359540939,0.7117455005645752,0.6666666666666666,0.8038800705467373,0.3076923076923077,0.0,0.6882700324058533,0.660412147641182,0.04840695112943649,0.09236099384725094,0.0,0.0,0.0,0.0,0.0,18473,global,0.0
3,4,lr1e-05_bs16_drop0p2_temp1p0_a0p25_b0p05__wd1e-04trmiss0_degmodglobal,16,1e-05,0.0001,0.2,1.0,0.25,0.05,lr1e-05_bs16_drop0p2_temp1p0_a0p25_b0p05__wd1e-04trmiss0_degmodglobal,14,0.6795549094676971,0.7112483978271484,0.6666666666666666,0.8038800705467373,0.3076923076923077,0.0,0.6580391228199005,0.6626263707876205,0.045428828336298466,0.11142659932374954,0.0,0.0,0.0,0.0,0.0,18473,global,0.0
3,4,lr1e-05_bs16_drop0p2_temp1p0_a0p25_b0p05__wd1e-04trmiss0_degmodglobal,16,1e-05,0.0001,0.2,1.0,0.25,0.05,lr1e-05_bs16_drop0p2_temp1p0_a0p25_b0p05__wd1e-04trmiss0_degmodglobal,15,0.6974814832210541,0.7088758945465088,0.6666666666666666,0.8038800705467373,0.38461538461538464,0.0,0.6508688926696777,0.6790532022714615,0.05185694620013237,0.10928095877170563,0.0,0.0,0.0,0.0,0.0,18473,global,0.0
3,4,lr1e-05_bs16_drop0p2_temp1p0_a0p25_b0p05__wd1e-04trmiss0_degmodglobal,16,1e-05,0.0001,0.2,1.0,0.25,0.05,lr1e-05_bs16_drop0p2_temp1p0_a0p25_b0p05__wd1e-04trmiss0_degmodglobal,16,0.7090909332036972,0.7097676396369934,0.6666666666666666,0.8038800705467373,0.38461538461538464,0.0,0.669965073466301,0.6907092481851578,0.051270876079797745,0.11127933859825134,0.0,0.0,0.0,0.0,0.0,18473,global,0.0
3,4,lr1e-05_bs16_drop0p2_temp1p0_a0p25_b0p05__wd1e-04trmiss0_degmodglobal,16,1e-05,0.0001,0.2,1.0,0.25,0.05,lr1e-05_bs16_drop0p2_temp1p0_a0p25_b0p05__wd1e-04trmiss0_degmodglobal,17,0.7162326276302338,0.710869312286377,0.6666666666666666,0.8038800705467373,0.38461538461538464,0.0,0.6719881892204285,0.6976761072874069,0.04655223339796066,0.13836948201060295,0.0,0.0,0.0,0.0,0.0,18473,global,0.0
3,4,lr1e-05_bs16_drop0p2_temp1p0_a0p25_b0p05__wd1e-04trmiss0_degmodglobal,16,1e-05,0.0001,0.2,1.0,0.25,0.05,lr1e-05_bs16_drop0p2_temp1p0_a0p25_b0p05__wd1e-04trmiss0_degmodglobal,18,0.6948522180318832,0.7090957164764404,0.6666666666666666,0.8038800705467373,0.38461538461538464,0.0,0.6601056009531021,0.6725001037120819,0.0611118171364069,0.14148307032883167,0.0,0.0,0.0,0.0,0.0,18473,global,0.0
3,4,lr1e-05_bs16_drop0p2_temp1p0_a0p25_b0p05__wd1e-04trmiss0_degmodglobal,16,1e-05,0.0001,0.2,1.0,0.25,0.05,lr1e-05_bs16_drop0p2_temp1p0_a0p25_b0p05__wd1e-04trmiss0_degmodglobal,19,0.6992293447256088,0.7039148807525635,0.6666666666666666,0.7591269841269842,0.46153846153846156,0.0,0.647632047533989,0.6801745295524597,0.05207493621855974,0.12072160467505455,0.0,0.0,0.0,0.0,0.0,18473,global,0.0
3,4,lr1e-05_bs16_drop0p2_temp1p0_a0p25_b0p05__wd1e-04trmiss0_degmodglobal,16,1e-05,0.0001,0.2,1.0,0.25,0.05,lr1e-05_bs16_drop0p2_temp1p0_a0p25_b0p05__wd1e-04trmiss0_degmodglobal,20,0.671804815530777,0.7093194127082825,0.6388888888888888,0.7483245149911817,0.38461538461538464,0.0,0.6551100313663483,0.6531174182891846,0.05382105614989996,0.10464257933199406,0.0,0.0,0.0,0.0,0.0,18473,global,0.0
3,4,lr1e-05_bs16_drop0p2_temp1p0_a0p25_b0p05__wd1e-04trmiss0_degmodglobal,16,1e-05,0.0001,0.2,1.0,0.25,0.05,lr1e-05_bs16_drop0p2_temp1p0_a0p25_b0p05__wd1e-04trmiss0_degmodglobal,21,0.6559957563877106,0.7101696133613586,0.6388888888888888,0.7483245149911817,0.38461538461538464,0.0,0.654501736164093,0.635471448302269,0.056063612923026085,0.13016808778047562,0.0,0.0,0.0,0.0,0.0,18473,global,0.0
3,4,lr1e-05_bs16_drop0p2_temp1p0_a0p25_b0p05__wd1e-04trmiss0_degmodglobal,16,1e-05,0.0001,0.2,1.0,0.25,0.05,lr1e-05_bs16_drop0p2_temp1p0_a0p25_b0p05__wd1e-04trmiss0_degmodglobal,22,0.6646878719329834,0.7091769576072693,0.6388888888888888,0.7527167277167278,0.38461538461538464,0.0,0.6461105048656464,0.6453225612640381,0.051249303855001926,0.1310596726834774,0.0,0.0,0.0,0.0,0.0,18473,global,0.0
3,4,lr1e-05_bs16_drop0p2_temp1p0_a0p25_b0p05__wd1e-04trmiss0_degmodglobal,16,1e-05,0.0001,0.2,1.0,0.25,0.05,lr1e-05_bs16_drop0p2_temp1p0_a0p25_b0p05__wd1e-04trmiss0_degmodglobal,23,0.6854853481054306,0.7107160091400146,0.611111111111111,0.7419142585809253,0.38461538461538464,0.0,0.6572150886058807,0.6674614995718002,0.05262666381895542,0.09734387509524822,0.0,0.0,0.0,0.0,0.0,18473,global,0.0
3,4,lr1e-05_bs16_drop0p2_temp1p0_a0p25_b0p05__wd1e-04trmiss0_degmodglobal,16,1e-05,0.0001,0.2,1.0,0.25,0.05,lr1e-05_bs16_drop0p2_temp1p0_a0p25_b0p05__wd1e-04trmiss0_degmodglobal,24,0.6696815639734268,0.7108977437019348,0.611111111111111,0.7419142585809253,0.38461538461538464,0.0,0.634738877415657,0.6493566632270813,0.05539193470031023,0.12953846715390682,0.0,0.0,0.0,0.0,0.0,18473,global,0.0
3,4,lr1e-05_bs16_drop0p2_temp1p0_a0p25_b0p05__wd1e-04trmiss0_degmodglobal,16,1e-05,0.0001,0.2,1.0,0.25,0.05,lr1e-05_bs16_drop0p2_temp1p0_a0p25_b0p05__wd1e-04trmiss0_degmodglobal,25,0.6774868071079254,0.711010754108429,0.6388888888888888,0.7974698141364809,0.38461538461538464,0.0,0.659728929400444,0.6582575142383575,0.05024243425577879,0.13337347656488419,0.0,0.0,0.0,0.0,0.0,18473,global,0.0
3,4,lr1e-05_bs16_drop0p2_temp2p0_a0p25_b0p05__wd1e-04trmiss0_degmodglobal,16,1e-05,0.0001,0.2,2.0,0.25,0.05,lr1e-05_bs16_drop0p2_temp2p0_a0p25_b0p05__wd1e-04trmiss0_degmodglobal,1,0.7026659101247787,0.677158534526825,0.5277777777777778,0.8167378917378918,0.6153846153846154,0.0,0.6822342723608017,0.6860818713903427,0.0425725094974041,0.11881813779473305,0.0,0.0,0.0,0.0,0.0,18473,global,0.0
3,4,lr1e-05_bs16_drop0p2_temp2p0_a0p25_b0p05__wd1e-04trmiss0_degmodglobal,16,1e-05,0.0001,0.2,2.0,0.25,0.05,lr1e-05_bs16_drop0p2_temp2p0_a0p25_b0p05__wd1e-04trmiss0_degmodglobal,2,0.6941397935152054,0.6751685738563538,0.5833333333333333,0.8398860398860402,0.6153846153846154,0.0,0.6866869181394577,0.6820649802684784,0.033477031625807285,0.07411122508347034,0.0,0.0,0.0,0.0,0.0,18473,global,0.0
3,4,lr1e-05_bs16_drop0p2_temp2p0_a0p25_b0p05__wd1e-04trmiss0_degmodglobal,16,1e-05,0.0001,0.2,2.0,0.25,0.05,lr1e-05_bs16_drop0p2_temp2p0_a0p25_b0p05__wd1e-04trmiss0_degmodglobal,3,0.6823587417602539,0.6722312569618225,0.6111111111111112,0.8584045584045585,0.6153846153846154,0.0,0.6774546205997467,0.667548730969429,0.04122500354424119,0.09007528703659773,0.0,0.0,0.0,0.0,0.0,18473,global,0.0
3,4,lr1e-05_bs16_drop0p2_temp2p0_a0p25_b0p05__wd1e-04trmiss0_degmodglobal,16,1e-05,0.0001,0.2,2.0,0.25,0.05,lr1e-05_bs16_drop0p2_temp2p0_a0p25_b0p05__wd1e-04trmiss0_degmodglobal,4,0.6945203542709351,0.6690932512283325,0.5555555555555556,0.8176638176638178,0.6153846153846154,0.0,0.6711212545633316,0.6805291175842285,0.034973290748894215,0.10495831072330475,0.0,0.0,0.0,0.0,0.0,18473,global,0.0
3,4,lr1e-05_bs16_drop0p2_temp2p0_a0p25_b0p05__wd1e-04trmiss0_degmodglobal,16,1e-05,0.0001,0.2,2.0,0.25,0.05,lr1e-05_bs16_drop0p2_temp2p0_a0p25_b0p05__wd1e-04trmiss0_degmodglobal,5,0.7361694872379303,0.6642507910728455,0.6111111111111112,0.8584045584045585,0.6153846153846154,0.0,0.6794423013925552,0.7168343812227249,0.04997169319540262,0.13684358540922403,0.0,0.0,0.0,0.0,0.0,18473,global,0.0
3,4,lr1e-05_bs16_drop0p2_temp2p0_a0p25_b0p05__wd1e-04trmiss0_degmodglobal,16,1e-05,0.0001,0.2,2.0,0.25,0.05,lr1e-05_bs16_drop0p2_temp2p0_a0p25_b0p05__wd1e-04trmiss0_degmodglobal,6,0.6964936852455139,0.6641179919242859,0.5833333333333333,0.8398860398860402,0.6153846153846154,0.0,0.7102294266223907,0.6819854229688644,0.03432046854868531,0.11856280919164419,0.0,0.0,0.0,0.0,0.0,18473,global,0.0
3,4,lr1e-05_bs16_drop0p2_temp2p0_a0p25_b0p05__wd1e-04trmiss0_degmodglobal,16,1e-05,0.0001,0.2,2.0,0.25,0.05,lr1e-05_bs16_drop0p2_temp2p0_a0p25_b0p05__wd1e-04trmiss0_degmodglobal,7,0.685096263885498,0.6639153361320496,0.5833333333333333,0.8398860398860402,0.6153846153846154,0.0,0.6828536987304688,0.671754390001297,0.038425070233643055,0.07471238728612661,0.0,0.0,0.0,0.0,0.0,18473,global,0.0
3,4,lr1e-05_bs16_drop0p2_temp2p0_a0p25_b0p05__wd1e-04trmiss0_degmodglobal,16,1e-05,0.0001,0.2,2.0,0.25,0.05,lr1e-05_bs16_drop0p2_temp2p0_a0p25_b0p05__wd1e-04trmiss0_degmodglobal,8,0.6682903617620468,0.6727854609489441,0.5,0.7766585266585269,0.5384615384615384,0.0,0.6695202142000198,0.6560939699411392,0.03436163207516074,0.0721196373924613,0.0,0.0,0.0,0.0,0.0,18473,global,0.0
3,4,lr1e-05_bs16_drop0p2_temp2p0_a0p25_b0p05__wd1e-04trmiss0_degmodglobal,16,1e-05,0.0001,0.2,2.0,0.25,0.05,lr1e-05_bs16_drop0p2_temp2p0_a0p25_b0p05__wd1e-04trmiss0_degmodglobal,9,0.6811339557170868,0.6792155504226685,0.4444444444444444,0.7519230769230769,0.5384615384615384,0.0,0.6908812075853348,0.6651905328035355,0.041569712571799755,0.11101955408230424,0.0,0.0,0.0,0.0,0.0,18473,global,0.0
3,4,lr1e-05_bs16_drop0p2_temp2p0_a0p25_b0p05__wd1e-04trmiss0_degmodglobal,16,1e-05,0.0001,0.2,2.0,0.25,0.05,lr1e-05_bs16_drop0p2_temp2p0_a0p25_b0p05__wd1e-04trmiss0_degmodglobal,10,0.6832724660634995,0.6835622191429138,0.4444444444444444,0.7691188441188441,0.5384615384615384,0.0,0.6817605197429657,0.669085830450058,0.03737947065383196,0.09683538042008877,0.0,0.0,0.0,0.0,0.0,18473,global,0.0
3,4,lr1e-05_bs16_drop0p2_temp2p0_a0p25_b0p05__wd1e-04trmiss0_degmodglobal,16,1e-05,0.0001,0.2,2.0,0.25,0.05,lr1e-05_bs16_drop0p2_temp2p0_a0p25_b0p05__wd1e-04trmiss0_degmodglobal,11,0.6813015192747116,0.6841973662376404,0.4444444444444444,0.7691188441188441,0.5384615384615384,0.0,0.6627994626760483,0.668337345123291,0.032328931614756584,0.09763923846185207,0.0,0.0,0.0,0.0,0.0,18473,global,0.0
3,4,lr1e-05_bs16_drop0p2_temp2p0_a0p25_b0p05__wd1e-04trmiss0_degmodglobal,16,1e-05,0.0001,0.2,2.0,0.25,0.05,lr1e-05_bs16_drop0p2_temp2p0_a0p25_b0p05__wd1e-04trmiss0_degmodglobal,12,0.6490060091018677,0.6861027479171753,0.4444444444444444,0.7480750730750731,0.5384615384615384,0.0,0.6773373186588287,0.6364593356847763,0.03332110960036516,0.0843275710940361,0.0,0.0,0.0,0.0,0.0,18473,global,0.0
3,4,lr1e-05_bs16_drop0p2_temp2p0_a0p25_b0p05__wd1e-04trmiss0_degmodglobal,16,1e-05,0.0001,0.2,2.0,0.25,0.05,lr1e-05_bs16_drop0p2_temp2p0_a0p25_b0p05__wd1e-04trmiss0_degmodglobal,13,0.6769256293773651,0.688362717628479,0.4444444444444444,0.7480750730750731,0.38461538461538464,0.0,0.6805601865053177,0.6621132344007492,0.038285649847239256,0.10481955017894506,0.0,0.0,0.0,0.0,0.0,18473,global,0.0
3,4,lr1e-05_bs16_drop0p2_temp2p0_a0p25_b0p05__wd1e-04trmiss0_degmodglobal,16,1e-05,0.0001,0.2,2.0,0.25,0.05,lr1e-05_bs16_drop0p2_temp2p0_a0p25_b0p05__wd1e-04trmiss0_degmodglobal,14,0.6589699983596802,0.6851224303245544,0.4444444444444444,0.7480750730750731,0.5384615384615384,0.0,0.6442401111125946,0.6449765861034393,0.04092323035001755,0.07525184052065015,0.0,0.0,0.0,0.0,0.0,18473,global,0.0
3,4,lr1e-05_bs16_drop0p2_temp2p0_a0p25_b0p05__wd1e-04trmiss0_degmodglobal,16,1e-05,0.0001,0.2,2.0,0.25,0.05,lr1e-05_bs16_drop0p2_temp2p0_a0p25_b0p05__wd1e-04trmiss0_degmodglobal,15,0.6677564680576324,0.6850365996360779,0.4444444444444444,0.7480750730750731,0.46153846153846156,0.0,0.665266290307045,0.6540263891220093,0.03538565104827285,0.09767317492514849,0.0,0.0,0.0,0.0,0.0,18473,global,0.0
3,4,lr1e-05_bs16_drop0p2_temp2p0_a0p25_b0p05__wd1e-04trmiss0_degmodglobal,16,1e-05,0.0001,0.2,2.0,0.25,0.05,lr1e-05_bs16_drop0p2_temp2p0_a0p25_b0p05__wd1e-04trmiss0_degmodglobal,16,0.6860708445310593,0.6837924122810364,0.4722222222222222,0.7586570836570836,0.46153846153846156,0.0,0.6377991437911987,0.6714887470006943,0.03712929366156459,0.10599532909691334,0.0,0.0,0.0,0.0,0.0,18473,global,0.0
3,4,lr1e-05_bs16_drop0p2_temp2p0_a0p25_b0p05__wd1e-04trmiss0_degmodglobal,16,1e-05,0.0001,0.2,2.0,0.25,0.05,lr1e-05_bs16_drop0p2_temp2p0_a0p25_b0p05__wd1e-04trmiss0_degmodglobal,17,0.6810934841632843,0.6845612525939941,0.4722222222222222,0.7586570836570836,0.5384615384615384,0.0,0.6422207206487656,0.6667744517326355,0.0389675535261631,0.0915426635183394,0.0,0.0,0.0,0.0,0.0,18473,global,0.0
3,4,lr1e-05_bs16_drop0p2_temp2p0_a0p25_b0p05__wd1e-04trmiss0_degmodglobal,16,1e-05,0.0001,0.2,2.0,0.25,0.05,lr1e-05_bs16_drop0p2_temp2p0_a0p25_b0p05__wd1e-04trmiss0_degmodglobal,18,0.7179821133613586,0.6851438879966736,0.4444444444444444,0.7480750730750731,0.5384615384615384,0.0,0.6649880558252335,0.7002962231636047,0.043847124092280865,0.13448254391551018,0.0,0.0,0.0,0.0,0.0,18473,global,0.0
3,4,lr1e-05_bs16_drop0p2_temp2p0_a0p25_b0p05__wd1e-04trmiss0_degmodglobal,16,1e-05,0.0001,0.2,2.0,0.25,0.05,lr1e-05_bs16_drop0p2_temp2p0_a0p25_b0p05__wd1e-04trmiss0_degmodglobal,19,0.6519987881183624,0.6853626370429993,0.4444444444444444,0.7480750730750731,0.5384615384615384,0.0,0.6437321156263351,0.6402717232704163,0.032751308754086494,0.07078519463539124,0.0,0.0,0.0,0.0,0.0,18473,global,0.0
3,4,lr1e-05_bs16_drop0p2_temp2p0_a0p25_b0p05__wd1e-04trmiss0_degmodglobal,16,1e-05,0.0001,0.2,2.0,0.25,0.05,lr1e-05_bs16_drop0p2_temp2p0_a0p25_b0p05__wd1e-04trmiss0_degmodglobal,20,0.6582637429237366,0.6838817000389099,0.4444444444444444,0.7480750730750731,0.5384615384615384,0.0,0.639581561088562,0.6436124444007874,0.0394528703764081,0.09576157107949257,0.0,0.0,0.0,0.0,0.0,18473,global,0.0
3,4,lr1e-05_bs16_drop0p2_temp2p0_a0p25_b0p05__wd1e-04trmiss0_degmodglobal,16,1e-05,0.0001,0.2,2.0,0.25,0.05,lr1e-05_bs16_drop0p2_temp2p0_a0p25_b0p05__wd1e-04trmiss0_degmodglobal,21,0.6494649946689606,0.6848850250244141,0.4722222222222222,0.7586570836570836,0.46153846153846156,0.0,0.6393466144800186,0.6324076950550079,0.049706351943314075,0.09261409193277359,0.0,0.0,0.0,0.0,0.0,18473,global,0.0
3,4,lr1e-05_bs16_drop0p2_temp2p0_a0p25_b0p05__wd1e-04trmiss0_degmodglobal,16,1e-05,0.0001,0.2,2.0,0.25,0.05,lr1e-05_bs16_drop0p2_temp2p0_a0p25_b0p05__wd1e-04trmiss0_degmodglobal,22,0.6648829877376556,0.6872360110282898,0.4444444444444444,0.7480750730750731,0.46153846153846156,0.0,0.6533844619989395,0.6490078568458557,0.04187445715069771,0.10813080426305532,0.0,0.0,0.0,0.0,0.0,18473,global,0.0
3,4,lr1e-05_bs16_drop0p2_temp2p0_a0p25_b0p05__wd1e-04trmiss0_degmodglobal,16,1e-05,0.0001,0.2,2.0,0.25,0.05,lr1e-05_bs16_drop0p2_temp2p0_a0p25_b0p05__wd1e-04trmiss0_degmodglobal,23,0.6783782690763474,0.6883276700973511,0.4444444444444444,0.7480750730750731,0.46153846153846156,0.0,0.6585808843374252,0.6617528349161148,0.04697772115468979,0.0976200494915247,0.0,0.0,0.0,0.0,0.0,18473,global,0.0
3,4,lr1e-05_bs16_drop0p2_temp2p0_a0p25_b0p05__wd1e-04trmiss0_degmodglobal,16,1e-05,0.0001,0.2,2.0,0.25,0.05,lr1e-05_bs16_drop0p2_temp2p0_a0p25_b0p05__wd1e-04trmiss0_degmodglobal,24,0.6611855030059814,0.6881311535835266,0.4722222222222222,0.7586570836570836,0.46153846153846156,0.0,0.6522384434938431,0.6455857008695602,0.039145258255302906,0.11626998707652092,0.0,0.0,0.0,0.0,0.0,18473,global,0.0
3,4,lr1e-05_bs16_drop0p2_temp2p0_a0p25_b0p05__wd1e-04trmiss0_degmodglobal,16,1e-05,0.0001,0.2,2.0,0.25,0.05,lr1e-05_bs16_drop0p2_temp2p0_a0p25_b0p05__wd1e-04trmiss0_degmodglobal,25,0.669147789478302,0.6873321533203125,0.5,0.7685777185777187,0.46153846153846156,0.0,0.6284748166799545,0.6542104482650757,0.03928401134908199,0.1023267675191164,0.0,0.0,0.0,0.0,0.0,18473,global,0.0
3,4,lr1e-05_bs16_drop0p4_temp1p0_a0p25_b0p05__wd1e-04trmiss0_degmodglobal,16,1e-05,0.0001,0.4,1.0,0.25,0.05,lr1e-05_bs16_drop0p4_temp1p0_a0p25_b0p05__wd1e-04trmiss0_degmodglobal,1,0.7710154056549072,0.6779718399047852,0.5833333333333333,0.7316017316017317,0.6153846153846154,0.0,0.6956484168767929,0.729745477437973,0.10695247165858746,0.29063620790839195,0.0,0.0,0.0,0.0,0.0,18473,global,0.0
3,4,lr1e-05_bs16_drop0p4_temp1p0_a0p25_b0p05__wd1e-04trmiss0_degmodglobal,16,1e-05,0.0001,0.4,1.0,0.25,0.05,lr1e-05_bs16_drop0p4_temp1p0_a0p25_b0p05__wd1e-04trmiss0_degmodglobal,2,0.6960528641939163,0.6757432818412781,0.5833333333333333,0.7316017316017317,0.6153846153846154,0.0,0.7229263931512833,0.6515322029590607,0.11539261043071747,0.31345002353191376,0.0,0.0,0.0,0.0,0.0,18473,global,0.0
3,4,lr1e-05_bs16_drop0p4_temp1p0_a0p25_b0p05__wd1e-04trmiss0_degmodglobal,16,1e-05,0.0001,0.4,1.0,0.25,0.05,lr1e-05_bs16_drop0p4_temp1p0_a0p25_b0p05__wd1e-04trmiss0_degmodglobal,3,0.6929608881473541,0.6737186908721924,0.5555555555555556,0.7196969696969697,0.6153846153846154,0.0,0.7249709218740463,0.662736102938652,0.0753047987818718,0.22797154262661934,0.0,0.0,0.0,0.0,0.0,18473,global,0.0
3,4,lr1e-05_bs16_drop0p4_temp1p0_a0p25_b0p05__wd1e-04trmiss0_degmodglobal,16,1e-05,0.0001,0.4,1.0,0.25,0.05,lr1e-05_bs16_drop0p4_temp1p0_a0p25_b0p05__wd1e-04trmiss0_degmodglobal,4,0.7466783076524734,0.6697729229927063,0.5833333333333334,0.7283389450056118,0.6153846153846154,0.0,0.7228405624628067,0.7031679600477219,0.11415532231330872,0.29943029023706913,0.0,0.0,0.0,0.0,0.0,18473,global,0.0
3,4,lr1e-05_bs16_drop0p4_temp1p0_a0p25_b0p05__wd1e-04trmiss0_degmodglobal,16,1e-05,0.0001,0.4,1.0,0.25,0.05,lr1e-05_bs16_drop0p4_temp1p0_a0p25_b0p05__wd1e-04trmiss0_degmodglobal,5,0.7227248400449753,0.6665065884590149,0.6388888888888888,0.7439955106621774,0.5384615384615384,0.0,0.7128493934869766,0.6909844726324081,0.081207443960011,0.22876969166100025,0.0,0.0,0.0,0.0,0.0,18473,global,0.0
3,4,lr1e-05_bs16_drop0p4_temp1p0_a0p25_b0p05__wd1e-04trmiss0_degmodglobal,16,1e-05,0.0001,0.4,1.0,0.25,0.05,lr1e-05_bs16_drop0p4_temp1p0_a0p25_b0p05__wd1e-04trmiss0_degmodglobal,6,0.6791801601648331,0.6647840738296509,0.6388888888888888,0.7439955106621774,0.5384615384615384,0.0,0.7166682034730911,0.6496577858924866,0.07757301907986403,0.20258279517292976,0.0,0.0,0.0,0.0,0.0,18473,global,0.0
3,4,lr1e-05_bs16_drop0p4_temp1p0_a0p25_b0p05__wd1e-04trmiss0_degmodglobal,16,1e-05,0.0001,0.4,1.0,0.25,0.05,lr1e-05_bs16_drop0p4_temp1p0_a0p25_b0p05__wd1e-04trmiss0_degmodglobal,7,0.719606414437294,0.66437166929245,0.6388888888888888,0.7439955106621774,0.5384615384615384,0.0,0.7091204673051834,0.6913604438304901,0.07241751905530691,0.2028321847319603,0.0,0.0,0.0,0.0,0.0,18473,global,0.0
3,4,lr1e-05_bs16_drop0p4_temp1p0_a0p25_b0p05__wd1e-04trmiss0_degmodglobal,16,1e-05,0.0001,0.4,1.0,0.25,0.05,lr1e-05_bs16_drop0p4_temp1p0_a0p25_b0p05__wd1e-04trmiss0_degmodglobal,8,0.7137984782457352,0.6640114188194275,0.6666666666666667,0.799551066217733,0.5384615384615384,0.0,0.7385886013507843,0.6735311150550842,0.1077964324504137,0.26636501029133797,0.0,0.0,0.0,0.0,0.0,18473,global,0.0
3,4,lr1e-05_bs16_drop0p4_temp1p0_a0p25_b0p05__wd1e-04trmiss0_degmodglobal,16,1e-05,0.0001,0.4,1.0,0.25,0.05,lr1e-05_bs16_drop0p4_temp1p0_a0p25_b0p05__wd1e-04trmiss0_degmodglobal,9,0.7040043473243713,0.6619889140129089,0.6666666666666667,0.799551066217733,0.5384615384615384,0.0,0.7325875163078308,0.6707456856966019,0.0856891181319952,0.23672749288380146,0.0,0.0,0.0,0.0,0.0,18473,global,0.0
3,4,lr1e-05_bs16_drop0p4_temp1p0_a0p25_b0p05__wd1e-04trmiss0_degmodglobal,16,1e-05,0.0001,0.4,1.0,0.25,0.05,lr1e-05_bs16_drop0p4_temp1p0_a0p25_b0p05__wd1e-04trmiss0_degmodglobal,10,0.6984384953975677,0.6609054207801819,0.6666666666666667,0.799551066217733,0.5384615384615384,0.0,0.730541542172432,0.6636077463626862,0.09456972405314445,0.22376664727926254,0.0,0.0,0.0,0.0,0.0,18473,global,0.0
3,4,lr1e-05_bs16_drop0p4_temp1p0_a0p25_b0p05__wd1e-04trmiss0_degmodglobal,16,1e-05,0.0001,0.4,1.0,0.25,0.05,lr1e-05_bs16_drop0p4_temp1p0_a0p25_b0p05__wd1e-04trmiss0_degmodglobal,11,0.6673983782529831,0.6602415442466736,0.6666666666666667,0.799551066217733,0.6923076923076923,0.0,0.7145410627126694,0.6296182721853256,0.10203618556261063,0.24542121961712837,0.0,0.0,0.0,0.0,0.0,18473,global,0.0
3,4,lr1e-05_bs16_drop0p4_temp1p0_a0p25_b0p05__wd1e-04trmiss0_degmodglobal,16,1e-05,0.0001,0.4,1.0,0.25,0.05,lr1e-05_bs16_drop0p4_temp1p0_a0p25_b0p05__wd1e-04trmiss0_degmodglobal,12,0.7063718736171722,0.6566739678382874,0.6944444444444444,0.8114558281224948,0.6153846153846154,0.0,0.7197356075048447,0.6754805743694305,0.08256946224719286,0.20497862622141838,0.0,0.0,0.0,0.0,0.0,18473,global,0.0
3,4,lr1e-05_bs16_drop0p4_temp1p0_a0p25_b0p05__wd1e-04trmiss0_degmodglobal,16,1e-05,0.0001,0.4,1.0,0.25,0.05,lr1e-05_bs16_drop0p4_temp1p0_a0p25_b0p05__wd1e-04trmiss0_degmodglobal,13,0.7165452986955643,0.6564832925796509,0.6666666666666666,0.7559002725669393,0.6923076923076923,0.0,0.6798374801874161,0.6609031111001968,0.1453641578555107,0.3860229030251503,0.0,0.0,0.0,0.0,0.0,18473,global,0.0
3,4,lr1e-05_bs16_drop0p4_temp1p0_a0p25_b0p05__wd1e-04trmiss0_degmodglobal,16,1e-05,0.0001,0.4,1.0,0.25,0.05,lr1e-05_bs16_drop0p4_temp1p0_a0p25_b0p05__wd1e-04trmiss0_degmodglobal,14,0.6860231012105942,0.6566455960273743,0.6388888888888888,0.7483245149911817,0.6923076923076923,0.0,0.7003109157085419,0.6577883064746857,0.07339368108659983,0.19772743433713913,0.0,0.0,0.0,0.0,0.0,18473,global,0.0
3,4,lr1e-05_bs16_drop0p4_temp1p0_a0p25_b0p05__wd1e-04trmiss0_degmodglobal,16,1e-05,0.0001,0.4,1.0,0.25,0.05,lr1e-05_bs16_drop0p4_temp1p0_a0p25_b0p05__wd1e-04trmiss0_degmodglobal,15,0.6793795377016068,0.6607004404067993,0.6666666666666666,0.7559002725669393,0.6153846153846154,0.0,0.6521869599819183,0.6429037600755692,0.09641196113079786,0.24745602905750275,0.0,0.0,0.0,0.0,0.0,18473,global,0.0
3,4,lr1e-05_bs16_drop0p4_temp1p0_a0p25_b0p05__wd1e-04trmiss0_degmodglobal,16,1e-05,0.0001,0.4,1.0,0.25,0.05,lr1e-05_bs16_drop0p4_temp1p0_a0p25_b0p05__wd1e-04trmiss0_degmodglobal,16,0.6868002712726593,0.6592059135437012,0.6666666666666666,0.7559002725669393,0.6153846153846154,0.0,0.6663222759962082,0.6531574875116348,0.08764420449733734,0.23463446646928787,0.0,0.0,0.0,0.0,0.0,18473,global,0.0
3,4,lr1e-05_bs16_drop0p4_temp1p0_a0p25_b0p05__wd1e-04trmiss0_degmodglobal,16,1e-05,0.0001,0.4,1.0,0.25,0.05,lr1e-05_bs16_drop0p4_temp1p0_a0p25_b0p05__wd1e-04trmiss0_degmodglobal,17,0.6747946739196777,0.663695752620697,0.6666666666666666,0.7559002725669393,0.6153846153846154,0.0,0.6919830590486526,0.643865630030632,0.08405545819550753,0.19830366224050522,0.0,0.0,0.0,0.0,0.0,18473,global,0.0
3,4,lr1e-05_bs16_drop0p4_temp1p0_a0p25_b0p05__wd1e-04trmiss0_degmodglobal,16,1e-05,0.0001,0.4,1.0,0.25,0.05,lr1e-05_bs16_drop0p4_temp1p0_a0p25_b0p05__wd1e-04trmiss0_degmodglobal,18,0.6620929837226868,0.6609969735145569,0.6388888888888888,0.7483245149911817,0.6923076923076923,0.0,0.6669053882360458,0.6327594369649887,0.07949034683406353,0.1892193667590618,0.0,0.0,0.0,0.0,0.0,18473,global,0.0
3,4,lr1e-05_bs16_drop0p4_temp1p0_a0p25_b0p05__wd1e-04trmiss0_degmodglobal,16,1e-05,0.0001,0.4,1.0,0.25,0.05,lr1e-05_bs16_drop0p4_temp1p0_a0p25_b0p05__wd1e-04trmiss0_degmodglobal,19,0.6688529253005981,0.6626526117324829,0.6666666666666666,0.7559002725669393,0.6923076923076923,0.0,0.678395226597786,0.6346359997987747,0.09445397276431322,0.21206849068403244,0.0,0.0,0.0,0.0,0.0,18473,global,0.0
3,4,lr1e-05_bs16_drop0p4_temp1p0_a0p25_b0p05__wd1e-04trmiss0_degmodglobal,16,1e-05,0.0001,0.4,1.0,0.25,0.05,lr1e-05_bs16_drop0p4_temp1p0_a0p25_b0p05__wd1e-04trmiss0_degmodglobal,20,0.6928267776966095,0.6642417907714844,0.6666666666666666,0.7559002725669393,0.6153846153846154,0.0,0.7131370902061462,0.6522079259157181,0.09569385461509228,0.33390800282359123,0.0,0.0,0.0,0.0,0.0,18473,global,0.0
3,4,lr1e-05_bs16_drop0p4_temp1p0_a0p25_b0p05__wd1e-04trmiss0_degmodglobal,16,1e-05,0.0001,0.4,1.0,0.25,0.05,lr1e-05_bs16_drop0p4_temp1p0_a0p25_b0p05__wd1e-04trmiss0_degmodglobal,21,0.629848450422287,0.6642959713935852,0.6666666666666666,0.7559002725669393,0.6153846153846154,0.0,0.6826854646205902,0.5997275412082672,0.0723628168925643,0.24060437083244324,0.0,0.0,0.0,0.0,0.0,18473,global,0.0
3,4,lr1e-05_bs16_drop0p4_temp1p0_a0p25_b0p05__wd1e-04trmiss0_degmodglobal,16,1e-05,0.0001,0.4,1.0,0.25,0.05,lr1e-05_bs16_drop0p4_temp1p0_a0p25_b0p05__wd1e-04trmiss0_degmodglobal,22,0.6772813349962234,0.6609460711479187,0.6388888888888888,0.7483245149911817,0.6153846153846154,0.0,0.6779879629611969,0.6483200937509537,0.07557508442550898,0.20134916342794895,0.0,0.0,0.0,0.0,0.0,18473,global,0.0
3,4,lr1e-05_bs16_drop0p4_temp1p0_a0p25_b0p05__wd1e-04trmiss0_degmodglobal,16,1e-05,0.0001,0.4,1.0,0.25,0.05,lr1e-05_bs16_drop0p4_temp1p0_a0p25_b0p05__wd1e-04trmiss0_degmodglobal,23,0.658742681145668,0.6612311601638794,0.6388888888888888,0.7483245149911817,0.6153846153846154,0.0,0.6744381636381149,0.6309877783060074,0.07354721054434776,0.18736192397773266,0.0,0.0,0.0,0.0,0.0,18473,global,0.0
3,4,lr1e-05_bs16_drop0p4_temp1p0_a0p25_b0p05__wd1e-04trmiss0_degmodglobal,16,1e-05,0.0001,0.4,1.0,0.25,0.05,lr1e-05_bs16_drop0p4_temp1p0_a0p25_b0p05__wd1e-04trmiss0_degmodglobal,24,0.6561706811189651,0.6648179292678833,0.6388888888888888,0.7483245149911817,0.6153846153846154,0.0,0.6816713660955429,0.636080414056778,0.052055173087865114,0.1415291130542755,0.0,0.0,0.0,0.0,0.0,18473,global,0.0
3,4,lr1e-05_bs16_drop0p4_temp1p0_a0p25_b0p05__wd1e-04trmiss0_degmodglobal,16,1e-05,0.0001,0.4,1.0,0.25,0.05,lr1e-05_bs16_drop0p4_temp1p0_a0p25_b0p05__wd1e-04trmiss0_degmodglobal,25,0.6555873602628708,0.6640416383743286,0.6388888888888888,0.7483245149911817,0.6923076923076923,0.0,0.6558633893728256,0.623106062412262,0.08766481466591358,0.21130161359906197,0.0,0.0,0.0,0.0,0.0,18473,global,0.0
3,4,lr1e-05_bs16_drop0p4_temp1p0_a0p25_b0p05__wd1e-04trmiss0_degmodglobal,16,1e-05,0.0001,0.4,1.0,0.25,0.05,lr1e-05_bs16_drop0p4_temp1p0_a0p25_b0p05__wd1e-04trmiss0_degmodglobal,26,0.6475021839141846,0.6632717251777649,0.6388888888888888,0.7483245149911817,0.6923076923076923,0.0,0.684363454580307,0.620746836066246,0.07222035992890596,0.17400525137782097,0.0,0.0,0.0,0.0,0.0,18473,global,0.0
3,4,lr1e-05_bs16_drop0p4_temp1p0_a0p25_b0p05__wd1e-04trmiss0_degmodglobal,16,1e-05,0.0001,0.4,1.0,0.25,0.05,lr1e-05_bs16_drop0p4_temp1p0_a0p25_b0p05__wd1e-04trmiss0_degmodglobal,27,0.6584424674510956,0.6627833247184753,0.6388888888888888,0.7483245149911817,0.6923076923076923,0.0,0.6805394440889359,0.6318364888429642,0.0656884703785181,0.20367711037397385,0.0,0.0,0.0,0.0,0.0,18473,global,0.0
3,4,lr1e-05_bs16_drop0p4_temp1p0_a0p25_b0p05__wd1e-04trmiss0_degmodglobal,16,1e-05,0.0001,0.4,1.0,0.25,0.05,lr1e-05_bs16_drop0p4_temp1p0_a0p25_b0p05__wd1e-04trmiss0_degmodglobal,28,0.6337107270956039,0.6644913554191589,0.6388888888888888,0.7483245149911817,0.6923076923076923,0.0,0.7111642062664032,0.5979840606451035,0.09141006134450436,0.2574828341603279,0.0,0.0,0.0,0.0,0.0,18473,global,0.0
3,4,lr1e-05_bs16_drop0p4_temp1p0_a0p25_b0p05__wd1e-04trmiss0_degmodglobal,16,1e-05,0.0001,0.4,1.0,0.25,0.05,lr1e-05_bs16_drop0p4_temp1p0_a0p25_b0p05__wd1e-04trmiss0_degmodglobal,29,0.680977463722229,0.6621549725532532,0.6388888888888888,0.7483245149911817,0.6153846153846154,0.0,0.6308147758245468,0.6515765339136124,0.08199931215494871,0.17802193015813828,0.0,0.0,0.0,0.0,0.0,18473,global,0.0
3,4,lr1e-05_bs16_drop0p4_temp1p0_a0p25_b0p05__wd1e-04trmiss0_degmodglobal,16,1e-05,0.0001,0.4,1.0,0.25,0.05,lr1e-05_bs16_drop0p4_temp1p0_a0p25_b0p05__wd1e-04trmiss0_degmodglobal,30,0.6423646658658981,0.6617089509963989,0.6388888888888888,0.7483245149911817,0.6923076923076923,0.0,0.6832092702388763,0.6109258979558945,0.07810082659125328,0.23827191069722176,0.0,0.0,0.0,0.0,0.0,18473,global,0.0
3,4,lr1e-05_bs16_drop0p4_temp1p0_a0p25_b0p05__wd1e-04trmiss0_degmodglobal,16,1e-05,0.0001,0.4,1.0,0.25,0.05,lr1e-05_bs16_drop0p4_temp1p0_a0p25_b0p05__wd1e-04trmiss0_degmodglobal,31,0.6401413232088089,0.6613187193870544,0.6388888888888888,0.7483245149911817,0.6923076923076923,0.0,0.6608379781246185,0.6074556261301041,0.08736861404031515,0.2168706152588129,0.0,0.0,0.0,0.0,0.0,18473,global,0.0
3,4,lr1e-05_bs16_drop0p4_temp1p0_a0p25_b0p05__wd1e-04trmiss0_degmodglobal,16,1e-05,0.0001,0.4,1.0,0.25,0.05,lr1e-05_bs16_drop0p4_temp1p0_a0p25_b0p05__wd1e-04trmiss0_degmodglobal,32,0.6708699613809586,0.6617923974990845,0.6388888888888888,0.7483245149911817,0.6153846153846154,0.0,0.6694719046354294,0.631610244512558,0.10065115801990032,0.28193866461515427,0.0,0.0,0.0,0.0,0.0,18473,global,0.0
3,4,lr1e-05_bs16_drop0p4_temp2p0_a0p25_b0p05__wd1e-04trmiss0_degmodglobal,16,1e-05,0.0001,0.4,2.0,0.25,0.05,lr1e-05_bs16_drop0p4_temp2p0_a0p25_b0p05__wd1e-04trmiss0_degmodglobal,1,0.7614792436361313,0.6990758776664734,0.6666666666666666,0.8345068511735179,0.46153846153846156,0.0,0.6790449321269989,0.7270509302616119,0.0872330330312252,0.25240132212638855,0.0,0.0,0.0,0.0,0.0,18473,global,0.0
3,4,lr1e-05_bs16_drop0p4_temp2p0_a0p25_b0p05__wd1e-04trmiss0_degmodglobal,16,1e-05,0.0001,0.4,2.0,0.25,0.05,lr1e-05_bs16_drop0p4_temp2p0_a0p25_b0p05__wd1e-04trmiss0_degmodglobal,2,0.7306683957576752,0.697922945022583,0.6666666666666666,0.8345068511735179,0.46153846153846156,0.0,0.6562147587537766,0.6991534680128098,0.07443655841052532,0.2581155523657799,0.0,0.0,0.0,0.0,0.0,18473,global,0.0
3,4,lr1e-05_bs16_drop0p4_temp2p0_a0p25_b0p05__wd1e-04trmiss0_degmodglobal,16,1e-05,0.0001,0.4,2.0,0.25,0.05,lr1e-05_bs16_drop0p4_temp2p0_a0p25_b0p05__wd1e-04trmiss0_degmodglobal,3,0.7406602054834366,0.6974356174468994,0.6666666666666666,0.8345068511735179,0.46153846153846156,0.0,0.6553371846675873,0.7097902297973633,0.08020075410604477,0.21639562584459782,0.0,0.0,0.0,0.0,0.0,18473,global,0.0
3,4,lr1e-05_bs16_drop0p4_temp2p0_a0p25_b0p05__wd1e-04trmiss0_degmodglobal,16,1e-05,0.0001,0.4,2.0,0.25,0.05,lr1e-05_bs16_drop0p4_temp2p0_a0p25_b0p05__wd1e-04trmiss0_degmodglobal,4,0.7766613364219666,0.6978786587715149,0.6944444444444444,0.8622846289512958,0.5384615384615384,0.0,0.6843468248844147,0.7465847432613373,0.07435146067291498,0.22977421432733536,0.0,0.0,0.0,0.0,0.0,18473,global,0.0
3,4,lr1e-05_bs16_drop0p4_temp2p0_a0p25_b0p05__wd1e-04trmiss0_degmodglobal,16,1e-05,0.0001,0.4,2.0,0.25,0.05,lr1e-05_bs16_drop0p4_temp2p0_a0p25_b0p05__wd1e-04trmiss0_degmodglobal,5,0.7455570846796036,0.6996190547943115,0.6944444444444445,0.86500629000629,0.5384615384615384,0.0,0.7013251036405563,0.7127258330583572,0.08945352956652641,0.209357351064682,0.0,0.0,0.0,0.0,0.0,18473,global,0.0
3,4,lr1e-05_bs16_drop0p4_temp2p0_a0p25_b0p05__wd1e-04trmiss0_degmodglobal,16,1e-05,0.0001,0.4,2.0,0.25,0.05,lr1e-05_bs16_drop0p4_temp2p0_a0p25_b0p05__wd1e-04trmiss0_degmodglobal,6,0.6908585727214813,0.699028730392456,0.7222222222222223,0.8872285122285124,0.5384615384615384,0.0,0.6883081197738647,0.6623838245868683,0.07308192737400532,0.20408526435494423,0.0,0.0,0.0,0.0,0.0,18473,global,0.0
3,4,lr1e-05_bs16_drop0p4_temp2p0_a0p25_b0p05__wd1e-04trmiss0_degmodglobal,16,1e-05,0.0001,0.4,2.0,0.25,0.05,lr1e-05_bs16_drop0p4_temp2p0_a0p25_b0p05__wd1e-04trmiss0_degmodglobal,7,0.7663268446922302,0.6968802213668823,0.7222222222222223,0.8872285122285124,0.5384615384615384,0.0,0.6752122193574905,0.7368319779634476,0.0730880917981267,0.22445625998079777,0.0,0.0,0.0,0.0,0.0,18473,global,0.0
3,4,lr1e-05_bs16_drop0p4_temp2p0_a0p25_b0p05__wd1e-04trmiss0_degmodglobal,16,1e-05,0.0001,0.4,2.0,0.25,0.05,lr1e-05_bs16_drop0p4_temp2p0_a0p25_b0p05__wd1e-04trmiss0_degmodglobal,8,0.7344928532838821,0.6982464790344238,0.6666666666666667,0.8645212811879479,0.6153846153846154,0.0,0.6562474370002747,0.7029763013124466,0.08355292771011591,0.2125665731728077,0.0,0.0,0.0,0.0,0.0,18473,global,0.0
3,4,lr1e-05_bs16_drop0p4_temp2p0_a0p25_b0p05__wd1e-04trmiss0_degmodglobal,16,1e-05,0.0001,0.4,2.0,0.25,0.05,lr1e-05_bs16_drop0p4_temp2p0_a0p25_b0p05__wd1e-04trmiss0_degmodglobal,9,0.7409627288579941,0.6991247534751892,0.6388888888888888,0.8558793058793059,0.6153846153846154,0.0,0.6450106650590897,0.7107532918453217,0.06734316423535347,0.2674732431769371,0.0,0.0,0.0,0.0,0.0,18473,global,0.0
3,4,lr1e-05_bs16_drop0p4_temp2p0_a0p25_b0p05__wd1e-04trmiss0_degmodglobal,16,1e-05,0.0001,0.4,2.0,0.25,0.05,lr1e-05_bs16_drop0p4_temp2p0_a0p25_b0p05__wd1e-04trmiss0_degmodglobal,10,0.701175257563591,0.6967986226081848,0.6388888888888888,0.8651385651385652,0.6153846153846154,0.0,0.6152925342321396,0.669957846403122,0.08957633562386036,0.17646659445017576,0.0,0.0,0.0,0.0,0.0,18473,global,0.0
3,4,lr1e-05_bs16_drop0p4_temp2p0_a0p25_b0p05__wd1e-04trmiss0_degmodglobal,16,1e-05,0.0001,0.4,2.0,0.25,0.05,lr1e-05_bs16_drop0p4_temp2p0_a0p25_b0p05__wd1e-04trmiss0_degmodglobal,11,0.7284547537565231,0.6941215991973877,0.6944444444444444,0.8830397997064665,0.6153846153846154,0.0,0.6578447818756104,0.7007417678833008,0.07062563300132751,0.20113126188516617,0.0,0.0,0.0,0.0,0.0,18473,global,0.0
3,4,lr1e-05_bs16_drop0p4_temp2p0_a0p25_b0p05__wd1e-04trmiss0_degmodglobal,16,1e-05,0.0001,0.4,2.0,0.25,0.05,lr1e-05_bs16_drop0p4_temp2p0_a0p25_b0p05__wd1e-04trmiss0_degmodglobal,12,0.705009251832962,0.6928694844245911,0.6944444444444444,0.8830397997064665,0.6153846153846154,0.0,0.6373461782932281,0.666214108467102,0.09139849618077278,0.3189106807112694,0.0,0.0,0.0,0.0,0.0,18473,global,0.0
3,4,lr1e-05_bs16_drop0p4_temp2p0_a0p25_b0p05__wd1e-04trmiss0_degmodglobal,16,1e-05,0.0001,0.4,2.0,0.25,0.05,lr1e-05_bs16_drop0p4_temp2p0_a0p25_b0p05__wd1e-04trmiss0_degmodglobal,13,0.7311701029539108,0.6936718225479126,0.6944444444444444,0.8830397997064665,0.6923076923076923,0.0,0.6442970931529999,0.6979508697986603,0.08457379695028067,0.2415158599615097,0.0,0.0,0.0,0.0,0.0,18473,global,0.0
3,4,lr1e-05_bs16_drop0p4_temp2p0_a0p25_b0p05__wd1e-04trmiss0_degmodglobal,16,1e-05,0.0001,0.4,2.0,0.25,0.05,lr1e-05_bs16_drop0p4_temp2p0_a0p25_b0p05__wd1e-04trmiss0_degmodglobal,14,0.7419943064451218,0.6954715847969055,0.6944444444444444,0.8808080808080809,0.6153846153846154,0.0,0.6969440877437592,0.7101278156042099,0.08091317862272263,0.2327642347663641,0.0,0.0,0.0,0.0,0.0,18473,global,0.0
3,4,lr1e-05_bs16_drop0p4_temp2p0_a0p25_b0p05__wd1e-04trmiss0_degmodglobal,16,1e-05,0.0001,0.4,2.0,0.25,0.05,lr1e-05_bs16_drop0p4_temp2p0_a0p25_b0p05__wd1e-04trmiss0_degmodglobal,15,0.6978538781404495,0.6972842812538147,0.6944444444444444,0.8808080808080809,0.6153846153846154,0.0,0.6586636006832123,0.6755029410123825,0.05637145787477493,0.1651616208255291,0.0,0.0,0.0,0.0,0.0,18473,global,0.0
3,4,lr1e-05_bs16_drop0p4_temp2p0_a0p25_b0p05__wd1e-04trmiss0_degmodglobal,16,1e-05,0.0001,0.4,2.0,0.25,0.05,lr1e-05_bs16_drop0p4_temp2p0_a0p25_b0p05__wd1e-04trmiss0_degmodglobal,16,0.6980367600917816,0.6984373331069946,0.6666666666666667,0.8622895622895623,0.6153846153846154,0.0,0.6552619189023972,0.671326294541359,0.06675607059150934,0.20042891055345535,0.0,0.0,0.0,0.0,0.0,18473,global,0.0
3,4,lr1e-05_bs16_drop0p4_temp2p0_a0p25_b0p05__wd1e-04trmiss0_degmodglobal,16,1e-05,0.0001,0.4,2.0,0.25,0.05,lr1e-05_bs16_drop0p4_temp2p0_a0p25_b0p05__wd1e-04trmiss0_degmodglobal,17,0.6828567683696747,0.6958819627761841,0.6666666666666667,0.8622895622895623,0.6153846153846154,0.0,0.6138833165168762,0.6448556035757065,0.1068364242091775,0.2258409634232521,0.0,0.0,0.0,0.0,0.0,18473,global,0.0
3,4,lr1e-05_bs16_drop0p4_temp2p0_a0p25_b0p05__wd1e-04trmiss0_degmodglobal,16,1e-05,0.0001,0.4,2.0,0.25,0.05,lr1e-05_bs16_drop0p4_temp2p0_a0p25_b0p05__wd1e-04trmiss0_degmodglobal,18,0.6950280517339706,0.6937254667282104,0.6944444444444444,0.8709315375982045,0.5384615384615384,0.0,0.6244173943996429,0.6623617708683014,0.08866679668426514,0.20999175682663918,0.0,0.0,0.0,0.0,0.0,18473,global,0.0
3,4,lr1e-05_bs16_drop0p4_temp2p0_a0p25_b0p05__wd1e-04trmiss0_degmodglobal,16,1e-05,0.0001,0.4,2.0,0.25,0.05,lr1e-05_bs16_drop0p4_temp2p0_a0p25_b0p05__wd1e-04trmiss0_degmodglobal,19,0.7017869353294373,0.6934190392494202,0.6944444444444444,0.8709315375982045,0.5384615384615384,0.0,0.6484118402004242,0.6587054133415222,0.10552674531936646,0.3339964598417282,0.0,0.0,0.0,0.0,0.0,18473,global,0.0
3,4,lr1e-05_bs16_drop0p4_temp2p0_a0p25_b0p05__wd1e-04trmiss0_degmodglobal,16,1e-05,0.0001,0.4,2.0,0.25,0.05,lr1e-05_bs16_drop0p4_temp2p0_a0p25_b0p05__wd1e-04trmiss0_degmodglobal,20,0.7061150819063187,0.6945959329605103,0.6666666666666667,0.8487093153759822,0.5384615384615384,0.0,0.5859850347042084,0.6728733032941818,0.07687163539230824,0.28047772869467735,0.0,0.0,0.0,0.0,0.0,18473,global,0.0
3,4,lr1e-05_bs16_drop0p4_temp2p0_a0p25_b0p05__wd1e-04trmiss0_degmodglobal,16,1e-05,0.0001,0.4,2.0,0.25,0.05,lr1e-05_bs16_drop0p4_temp2p0_a0p25_b0p05__wd1e-04trmiss0_degmodglobal,21,0.700240895152092,0.6956963539123535,0.6666666666666667,0.8487093153759822,0.5384615384615384,0.0,0.641686201095581,0.675501674413681,0.0658908411860466,0.1653299843892455,0.0,0.0,0.0,0.0,0.0,18473,global,0.0
3,4,lr1e-05_bs16_drop0p4_temp2p0_a0p25_b0p05__wd1e-04trmiss0_degmodglobal,16,1e-05,0.0001,0.4,2.0,0.25,0.05,lr1e-05_bs16_drop0p4_temp2p0_a0p25_b0p05__wd1e-04trmiss0_degmodglobal,22,0.6773912906646729,0.6979749202728271,0.6111111111111112,0.8077040243706912,0.46153846153846156,0.0,0.6660940051078796,0.6455884575843811,0.07600129581987858,0.256050206720829,0.0,0.0,0.0,0.0,0.0,18473,global,0.0
3,4,lr1e-05_bs16_drop0p4_temp2p0_a0p25_b0p05__wd1e-04trmiss0_degmodglobal,16,1e-05,0.0001,0.4,2.0,0.25,0.05,lr1e-05_bs16_drop0p4_temp2p0_a0p25_b0p05__wd1e-04trmiss0_degmodglobal,23,0.701724573969841,0.6999692916870117,0.6111111111111112,0.8077040243706912,0.46153846153846156,0.0,0.6164126098155975,0.6696697771549225,0.07499833777546883,0.2661040872335434,0.0,0.0,0.0,0.0,0.0,18473,global,0.0
3,4,lr1e-05_bs16_drop0p4_temp2p0_a0p25_b0p05__wd1e-04trmiss0_degmodglobal,16,1e-05,0.0001,0.4,2.0,0.25,0.05,lr1e-05_bs16_drop0p4_temp2p0_a0p25_b0p05__wd1e-04trmiss0_degmodglobal,24,0.6586534827947617,0.7026308178901672,0.6111111111111112,0.8077040243706912,0.46153846153846156,0.0,0.6352829188108444,0.6254171133041382,0.08372511621564627,0.2461020164191723,0.0,0.0,0.0,0.0,0.0,18473,global,0.0
3,4,lr1e-05_bs16_drop0p4_temp2p0_a0p25_b0p05__wd1e-04trmiss0_degmodglobal,16,1e-05,0.0001,0.4,2.0,0.25,0.05,lr1e-05_bs16_drop0p4_temp2p0_a0p25_b0p05__wd1e-04trmiss0_degmodglobal,25,0.6875995397567749,0.707433819770813,0.5555555555555556,0.78980278980279,0.46153846153846156,0.0,0.5877892822027206,0.6529927402734756,0.081076730042696,0.2867520600557327,0.0,0.0,0.0,0.0,0.0,18473,global,0.0
3,4,lr1e-05_bs16_drop0p4_temp2p0_a0p25_b0p05__wd1e-04trmiss0_degmodglobal,16,1e-05,0.0001,0.4,2.0,0.25,0.05,lr1e-05_bs16_drop0p4_temp2p0_a0p25_b0p05__wd1e-04trmiss0_degmodglobal,26,0.6880011111497879,0.7108237743377686,0.5277777777777778,0.7749879749879751,0.46153846153846156,0.0,0.6404499858617783,0.6582344025373459,0.08016240503638983,0.19452199898660183,0.0,0.0,0.0,0.0,0.0,18473,global,0.0
3,4,lr1e-05_bs16_drop0p4_temp2p0_a0p25_b0p05__wd1e-04trmiss0_degmodglobal,16,1e-05,0.0001,0.4,2.0,0.25,0.05,lr1e-05_bs16_drop0p4_temp2p0_a0p25_b0p05__wd1e-04trmiss0_degmodglobal,27,0.6888052821159363,0.7104062438011169,0.5555555555555556,0.78980278980279,0.46153846153846156,0.0,0.6287087053060532,0.6621392965316772,0.06686531472951174,0.19899342767894268,0.0,0.0,0.0,0.0,0.0,18473,global,0.0
3,5,lr1e-04_bs8_drop0p2_temp1p0_a0p25_b0p05__wd1e-04trmiss0_degmodglobal,8,0.0001,0.0001,0.2,1.0,0.25,0.05,lr1e-04_bs8_drop0p2_temp1p0_a0p25_b0p05__wd1e-04trmiss0_degmodglobal,1,0.7043330839702061,0.6683950424194336,0.3888888888888889,0.701069301069301,0.6923076923076923,0.0,0.671518155506679,0.6891881908689227,0.036361302116087506,0.12109123915433884,0.0,0.0,0.0,0.0,0.0,18473,global,0.0
3,5,lr1e-04_bs8_drop0p2_temp1p0_a0p25_b0p05__wd1e-04trmiss0_degmodglobal,8,0.0001,0.0001,0.2,1.0,0.25,0.05,lr1e-04_bs8_drop0p2_temp1p0_a0p25_b0p05__wd1e-04trmiss0_degmodglobal,2,0.6666080525943211,0.6637786328792572,0.3333333333333333,0.7130622463955798,0.6923076923076923,0.0,0.6392359478133065,0.6512826766286578,0.04173040496451514,0.0978556504206998,0.0,0.0,0.0,0.0,0.0,18473,global,0.0
3,5,lr1e-04_bs8_drop0p2_temp1p0_a0p25_b0p05__wd1e-04trmiss0_degmodglobal,8,0.0001,0.0001,0.2,1.0,0.25,0.05,lr1e-04_bs8_drop0p2_temp1p0_a0p25_b0p05__wd1e-04trmiss0_degmodglobal,3,0.6405696272850037,0.6593810021877289,0.3611111111111111,0.7176036926036926,0.6153846153846154,0.0,0.6211656076567513,0.6243991681507656,0.039148102913584025,0.1276684414063181,0.0,0.0,0.0,0.0,0.0,18473,global,0.0
3,5,lr1e-04_bs8_drop0p2_temp1p0_a0p25_b0p05__wd1e-04trmiss0_degmodglobal,8,0.0001,0.0001,0.2,1.0,0.25,0.05,lr1e-04_bs8_drop0p2_temp1p0_a0p25_b0p05__wd1e-04trmiss0_degmodglobal,4,0.6468560440199715,0.6542604863643646,0.3888888888888889,0.7281857031857033,0.6923076923076923,0.0,0.5748267429215568,0.6245535782405308,0.05776638484426907,0.15721726630415236,0.0,0.0,0.0,0.0,0.0,18473,global,0.0
3,5,lr1e-04_bs8_drop0p2_temp1p0_a0p25_b0p05__wd1e-04trmiss0_degmodglobal,8,0.0001,0.0001,0.2,1.0,0.25,0.05,lr1e-04_bs8_drop0p2_temp1p0_a0p25_b0p05__wd1e-04trmiss0_degmodglobal,5,0.6290923016411918,0.6382369101047516,0.5555555555555556,0.8266585266585267,0.6923076923076923,0.0,0.594615272113255,0.610566326550075,0.045072418238435476,0.14515748247504234,0.0,0.0,0.0,0.0,0.0,18473,global,0.0
3,5,lr1e-04_bs8_drop0p2_temp1p0_a0p25_b0p05__wd1e-04trmiss0_degmodglobal,8,0.0001,0.0001,0.2,1.0,0.25,0.05,lr1e-04_bs8_drop0p2_temp1p0_a0p25_b0p05__wd1e-04trmiss0_degmodglobal,6,0.6115788987704686,0.6441620290279388,0.5555555555555556,0.8328153328153329,0.6923076923076923,0.0,0.5727569375719342,0.5929029413631984,0.05026037671736309,0.12221719750336238,0.0,0.0,0.0,0.0,0.0,18473,global,0.0
3,5,lr1e-04_bs8_drop0p2_temp1p0_a0p25_b0p05__wd1e-04trmiss0_degmodglobal,8,0.0001,0.0001,0.2,1.0,0.25,0.05,lr1e-04_bs8_drop0p2_temp1p0_a0p25_b0p05__wd1e-04trmiss0_degmodglobal,7,0.6063136969293866,0.6530624628067017,0.5833333333333333,0.8420745920745922,0.6153846153846154,0.0,0.5514525175094604,0.5875052894864764,0.05153520671384675,0.1184922382235527,0.0,0.0,0.0,0.0,0.0,18473,global,0.0
3,5,lr1e-04_bs8_drop0p2_temp1p0_a0p25_b0p05__wd1e-04trmiss0_degmodglobal,8,0.0001,0.0001,0.2,1.0,0.25,0.05,lr1e-04_bs8_drop0p2_temp1p0_a0p25_b0p05__wd1e-04trmiss0_degmodglobal,8,0.6230331489018032,0.6443410515785217,0.6388888888888888,0.8724978724978727,0.6153846153846154,0.0,0.5620514835630145,0.606911165373666,0.03982084829892431,0.12333531039101737,0.0,0.0,0.0,0.0,0.0,18473,global,0.0
3,5,lr1e-04_bs8_drop0p2_temp1p0_a0p25_b0p05__wd1e-04trmiss0_degmodglobal,8,0.0001,0.0001,0.2,1.0,0.25,0.05,lr1e-04_bs8_drop0p2_temp1p0_a0p25_b0p05__wd1e-04trmiss0_degmodglobal,9,0.6050818903105599,0.636705070734024,0.6666666666666666,0.8883708883708885,0.6153846153846154,0.0,0.5708397541727338,0.5894439390727452,0.0407832565584353,0.10884262302092143,0.0,0.0,0.0,0.0,0.0,18473,global,0.0
3,5,lr1e-04_bs8_drop0p2_temp1p0_a0p25_b0p05__wd1e-04trmiss0_degmodglobal,8,0.0001,0.0001,0.2,1.0,0.25,0.05,lr1e-04_bs8_drop0p2_temp1p0_a0p25_b0p05__wd1e-04trmiss0_degmodglobal,10,0.5984482850347247,0.6428574621677399,0.6666666666666666,0.8883708883708885,0.6153846153846154,0.0,0.5354487725666591,0.5799347587994167,0.045976980456284115,0.1403855181166104,0.0,0.0,0.0,0.0,0.0,18473,global,0.0
3,5,lr1e-04_bs8_drop0p2_temp1p0_a0p25_b0p05__wd1e-04trmiss0_degmodglobal,8,0.0001,0.0001,0.2,1.0,0.25,0.05,lr1e-04_bs8_drop0p2_temp1p0_a0p25_b0p05__wd1e-04trmiss0_degmodglobal,11,0.596456595829555,0.6462762951850891,0.6666666666666666,0.8883708883708885,0.6153846153846154,0.0,0.5544057147843497,0.579490602016449,0.04312309995293617,0.12370447229061808,0.0,0.0,0.0,0.0,0.0,18473,global,0.0
3,5,lr1e-04_bs8_drop0p2_temp1p0_a0p25_b0p05__wd1e-04trmiss0_degmodglobal,8,0.0001,0.0001,0.2,1.0,0.25,0.05,lr1e-04_bs8_drop0p2_temp1p0_a0p25_b0p05__wd1e-04trmiss0_degmodglobal,12,0.5838132585797992,0.6517313122749329,0.5833333333333334,0.8513338513338515,0.6153846153846154,0.0,0.5317332105977195,0.5626050659588405,0.05301944964698383,0.15906666006360734,0.0,0.0,0.0,0.0,0.0,18473,global,0.0
3,5,lr1e-04_bs8_drop0p2_temp1p0_a0p25_b0p05__wd1e-04trmiss0_degmodglobal,8,0.0001,0.0001,0.2,1.0,0.25,0.05,lr1e-04_bs8_drop0p2_temp1p0_a0p25_b0p05__wd1e-04trmiss0_degmodglobal,13,0.5893305880682809,0.6457211077213287,0.5833333333333334,0.8513338513338515,0.5384615384615384,0.0,0.5304675698280334,0.5693884066173008,0.05249717565519469,0.1363580280116626,0.0,0.0,0.0,0.0,0.0,18473,global,0.0
3,5,lr1e-04_bs8_drop0p2_temp1p0_a0p25_b0p05__wd1e-04trmiss0_degmodglobal,8,0.0001,0.0001,0.2,1.0,0.25,0.05,lr1e-04_bs8_drop0p2_temp1p0_a0p25_b0p05__wd1e-04trmiss0_degmodglobal,14,0.606340834072658,0.6497317254543304,0.5,0.8096671846671848,0.5384615384615384,0.0,0.5249035145555224,0.579599108014788,0.06514117254742555,0.20912872467722213,0.0,0.0,0.0,0.0,0.0,18473,global,0.0
3,5,lr1e-04_bs8_drop0p2_temp1p0_a0p25_b0p05__wd1e-04trmiss0_degmodglobal,8,0.0001,0.0001,0.2,1.0,0.25,0.05,lr1e-04_bs8_drop0p2_temp1p0_a0p25_b0p05__wd1e-04trmiss0_degmodglobal,15,0.5803647722516742,0.6557204127311707,0.4444444444444444,0.7800375550375551,0.5384615384615384,0.0,0.5293147436210087,0.5625025374548775,0.0464442071637937,0.12502368805663927,0.0,0.0,0.0,0.0,0.0,18473,global,0.0
3,5,lr1e-04_bs8_drop0p2_temp1p0_a0p25_b0p05__wd1e-04trmiss0_degmodglobal,8,0.0001,0.0001,0.2,1.0,0.25,0.05,lr1e-04_bs8_drop0p2_temp1p0_a0p25_b0p05__wd1e-04trmiss0_degmodglobal,16,0.5865770322935921,0.662332683801651,0.4444444444444444,0.7945437278770613,0.5384615384615384,0.0,0.5129956645624978,0.5641284584999084,0.06138757509844644,0.14203357909406936,0.0,0.0,0.0,0.0,0.0,18473,global,0.0
3,5,lr1e-04_bs8_drop0p2_temp1p0_a0p25_b0p05__wd1e-04trmiss0_degmodglobal,8,0.0001,0.0001,0.2,1.0,0.25,0.05,lr1e-04_bs8_drop0p2_temp1p0_a0p25_b0p05__wd1e-04trmiss0_degmodglobal,17,0.5772683961050851,0.6592879891395569,0.5,0.8096671846671848,0.5384615384615384,0.0,0.5193277427128383,0.5600192717143467,0.04565889202058315,0.11668805644980498,0.0,0.0,0.0,0.0,0.0,18473,global,0.0
3,5,lr1e-04_bs8_drop0p2_temp1p0_a0p25_b0p05__wd1e-04trmiss0_degmodglobal,8,0.0001,0.0001,0.2,1.0,0.25,0.05,lr1e-04_bs8_drop0p2_temp1p0_a0p25_b0p05__wd1e-04trmiss0_degmodglobal,18,0.5895917075020927,0.6631894409656525,0.5,0.8096671846671848,0.5384615384615384,0.0,0.5163679548672268,0.5621858409472874,0.06894770956465177,0.2033787305865969,0.0,0.0,0.0,0.0,0.0,18473,global,0.0
3,5,lr1e-04_bs8_drop0p2_temp1p0_a0p25_b0p05__wd1e-04trmiss0_degmodglobal,8,0.0001,0.0001,0.2,1.0,0.25,0.05,lr1e-04_bs8_drop0p2_temp1p0_a0p25_b0p05__wd1e-04trmiss0_degmodglobal,19,0.5610946927751813,0.6601413190364838,0.5277777777777778,0.8195878195878197,0.5384615384615384,0.0,0.511166342667171,0.5426351726055145,0.04958651081791946,0.12125792913138866,0.0,0.0,0.0,0.0,0.0,18473,global,0.0
3,5,lr1e-04_bs8_drop0p2_temp1p0_a0p25_b0p05__wd1e-04trmiss0_degmodglobal,8,0.0001,0.0001,0.2,1.0,0.25,0.05,lr1e-04_bs8_drop0p2_temp1p0_a0p25_b0p05__wd1e-04trmiss0_degmodglobal,20,0.5744207842009408,0.6607409715652466,0.5,0.8121804121804124,0.5384615384615384,0.0,0.5196030991418021,0.5544647489275251,0.0550511966326407,0.12386448894228254,0.0,0.0,0.0,0.0,0.0,18473,global,0.0
3,5,lr1e-04_bs8_drop0p2_temp1p0_a0p25_b0p05__wd1e-04trmiss0_degmodglobal,8,0.0001,0.0001,0.2,1.0,0.25,0.05,lr1e-04_bs8_drop0p2_temp1p0_a0p25_b0p05__wd1e-04trmiss0_degmodglobal,21,0.5783867495400565,0.6568951606750488,0.5833333333333333,0.835917785917786,0.5384615384615384,0.0,0.5102315545082092,0.5588323729378837,0.04924583328621728,0.14485846992049897,0.0,0.0,0.0,0.0,0.0,18473,global,0.0
3,5,lr1e-04_bs8_drop0p2_temp1p0_a0p25_b0p05__wd1e-04trmiss0_degmodglobal,8,0.0001,0.0001,0.2,1.0,0.25,0.05,lr1e-04_bs8_drop0p2_temp1p0_a0p25_b0p05__wd1e-04trmiss0_degmodglobal,22,0.5783559424536568,0.6647078990936279,0.5555555555555556,0.8266585266585267,0.5384615384615384,0.0,0.47212765898023334,0.5470994625772748,0.08367015953574862,0.20677887754780905,0.0,0.0,0.0,0.0,0.0,18473,global,0.0
3,5,lr1e-04_bs8_drop0p2_temp1p0_a0p25_b0p05__wd1e-04trmiss0_degmodglobal,8,0.0001,0.0001,0.2,1.0,0.25,0.05,lr1e-04_bs8_drop0p2_temp1p0_a0p25_b0p05__wd1e-04trmiss0_degmodglobal,23,0.570123382977077,0.6635632812976837,0.5555555555555556,0.828847078847079,0.5384615384615384,0.0,0.5033641840730395,0.5452798775264195,0.06853068566748075,0.15421681052872113,0.0,0.0,0.0,0.0,0.0,18473,global,0.0
3,5,lr1e-04_bs8_drop0p2_temp1p0_a0p25_b0p05__wd1e-04trmiss0_degmodglobal,8,0.0001,0.0001,0.2,1.0,0.25,0.05,lr1e-04_bs8_drop0p2_temp1p0_a0p25_b0p05__wd1e-04trmiss0_degmodglobal,24,0.5607002377510071,0.6643044650554657,0.5555555555555556,0.828847078847079,0.5384615384615384,0.0,0.46783256105014254,0.5299042846475329,0.08444427592413765,0.19369754833834513,0.0,0.0,0.0,0.0,0.0,18473,global,0.0
3,5,lr1e-04_bs8_drop0p2_temp1p0_a0p25_b0p05__wd1e-04trmiss0_degmodglobal,8,0.0001,0.0001,0.2,1.0,0.25,0.05,lr1e-04_bs8_drop0p2_temp1p0_a0p25_b0p05__wd1e-04trmiss0_degmodglobal,25,0.5669570905821664,0.6657144129276276,0.5277777777777778,0.8044363044363045,0.5384615384615384,0.0,0.45653411746025085,0.5283722196306501,0.10546827422721046,0.244355742420469,0.0,0.0,0.0,0.0,0.0,18473,global,0.0
3,5,lr1e-04_bs8_drop0p2_temp1p0_a0p25_b0p05__wd1e-04trmiss0_degmodglobal,8,0.0001,0.0001,0.2,1.0,0.25,0.05,lr1e-04_bs8_drop0p2_temp1p0_a0p25_b0p05__wd1e-04trmiss0_degmodglobal,26,0.5460561513900757,0.6576177179813385,0.5555555555555556,0.8266585266585267,0.5384615384615384,0.0,0.45586410590580534,0.5130956513541085,0.09009232797792979,0.20874829483883722,0.0,0.0,0.0,0.0,0.0,18473,global,0.0
3,5,lr1e-04_bs8_drop0p2_temp1p0_a0p25_b0p05__wd1e-04trmiss0_degmodglobal,8,0.0001,0.0001,0.2,1.0,0.25,0.05,lr1e-04_bs8_drop0p2_temp1p0_a0p25_b0p05__wd1e-04trmiss0_degmodglobal,27,0.5681824428694588,0.6534276306629181,0.5555555555555556,0.8266585266585267,0.5384615384615384,0.0,0.45447802543640137,0.5363763230187553,0.08691057562828064,0.20156916124480112,0.0,0.0,0.0,0.0,0.0,18473,global,0.0
3,5,lr1e-04_bs8_drop0p2_temp1p0_a0p25_b0p05__wd1e-04trmiss0_degmodglobal,8,0.0001,0.0001,0.2,1.0,0.25,0.05,lr1e-04_bs8_drop0p2_temp1p0_a0p25_b0p05__wd1e-04trmiss0_degmodglobal,28,0.5650992563792637,0.6608677506446838,0.49999999999999994,0.7945156695156697,0.5384615384615384,0.0,0.4556392516408648,0.5317421725818089,0.09230556285807065,0.20561381322996958,0.0,0.0,0.0,0.0,0.0,18473,global,0.0
3,5,lr1e-04_bs8_drop0p2_temp1p0_a0p25_b0p05__wd1e-04trmiss0_degmodglobal,8,0.0001,0.0001,0.2,1.0,0.25,0.05,lr1e-04_bs8_drop0p2_temp1p0_a0p25_b0p05__wd1e-04trmiss0_degmodglobal,29,0.5613086564200265,0.6698358058929443,0.49999999999999994,0.7945156695156697,0.5384615384615384,0.0,0.4546023777553013,0.5298075335366386,0.08786779376012939,0.1906836096729551,0.0,0.0,0.0,0.0,0.0,18473,global,0.0
3,5,lr1e-04_bs8_drop0p2_temp2p0_a0p25_b0p05__wd1e-04trmiss0_degmodglobal,8,0.0001,0.0001,0.2,2.0,0.25,0.05,lr1e-04_bs8_drop0p2_temp2p0_a0p25_b0p05__wd1e-04trmiss0_degmodglobal,1,0.697561000074659,0.6531921327114105,0.5,0.7065527065527066,0.6153846153846154,0.0,0.6280887637819562,0.6753713233130318,0.05709349364042282,0.15832611918449402,0.0,0.0,0.0,0.0,0.0,18473,global,0.0
3,5,lr1e-04_bs8_drop0p2_temp2p0_a0p25_b0p05__wd1e-04trmiss0_degmodglobal,8,0.0001,0.0001,0.2,2.0,0.25,0.05,lr1e-04_bs8_drop0p2_temp2p0_a0p25_b0p05__wd1e-04trmiss0_degmodglobal,2,0.64177177633558,0.6433682143688202,0.5833333333333333,0.7300094966761634,0.6153846153846154,0.0,0.602842492716653,0.6160898378917149,0.06199678512556212,0.2036547628896577,0.0,0.0,0.0,0.0,0.0,18473,global,0.0
3,5,lr1e-04_bs8_drop0p2_temp2p0_a0p25_b0p05__wd1e-04trmiss0_degmodglobal,8,0.0001,0.0001,0.2,2.0,0.25,0.05,lr1e-04_bs8_drop0p2_temp2p0_a0p25_b0p05__wd1e-04trmiss0_degmodglobal,3,0.6577499168259757,0.6580725908279419,0.5833333333333333,0.7300094966761634,0.6153846153846154,0.0,0.5935604231698173,0.6267637865883964,0.07733276539615222,0.23305869208914892,0.0,0.0,0.0,0.0,0.0,18473,global,0.0
3,5,lr1e-04_bs8_drop0p2_temp2p0_a0p25_b0p05__wd1e-04trmiss0_degmodglobal,8,0.0001,0.0001,0.2,2.0,0.25,0.05,lr1e-04_bs8_drop0p2_temp2p0_a0p25_b0p05__wd1e-04trmiss0_degmodglobal,4,0.6112099119595119,0.6586742103099823,0.5833333333333333,0.7300094966761634,0.6923076923076923,0.0,0.5689473833356585,0.5863127367837089,0.06202813557216099,0.1878028724874769,0.0,0.0,0.0,0.0,0.0,18473,global,0.0
3,5,lr1e-04_bs8_drop0p2_temp2p0_a0p25_b0p05__wd1e-04trmiss0_degmodglobal,8,0.0001,0.0001,0.2,2.0,0.25,0.05,lr1e-04_bs8_drop0p2_temp2p0_a0p25_b0p05__wd1e-04trmiss0_degmodglobal,5,0.6212982705661229,0.6727034747600555,0.5555555555555556,0.7219286885953553,0.6153846153846154,0.0,0.5274420465741839,0.5892792684691293,0.0817095296723502,0.2318322786263057,0.0,0.0,0.0,0.0,0.0,18473,global,0.0
3,5,lr1e-04_bs8_drop0p2_temp2p0_a0p25_b0p05__wd1e-04trmiss0_degmodglobal,8,0.0001,0.0001,0.2,2.0,0.25,0.05,lr1e-04_bs8_drop0p2_temp2p0_a0p25_b0p05__wd1e-04trmiss0_degmodglobal,6,0.5995249492781503,0.6757993102073669,0.5277777777777778,0.7151946818613486,0.6923076923076923,0.0,0.5429065184933799,0.5709365010261536,0.0794219332081931,0.17465927026101521,0.0,0.0,0.0,0.0,0.0,18473,global,0.0
3,5,lr1e-04_bs8_drop0p2_temp2p0_a0p25_b0p05__wd1e-04trmiss0_degmodglobal,8,0.0001,0.0001,0.2,2.0,0.25,0.05,lr1e-04_bs8_drop0p2_temp2p0_a0p25_b0p05__wd1e-04trmiss0_degmodglobal,7,0.6211462361471993,0.660308301448822,0.5833333333333333,0.7338334505001172,0.6923076923076923,0.0,0.5134530918938773,0.58375654901777,0.09438868079866682,0.2758503928780556,0.0,0.0,0.0,0.0,0.0,18473,global,0.0
3,5,lr1e-04_bs8_drop0p2_temp2p0_a0p25_b0p05__wd1e-04trmiss0_degmodglobal,8,0.0001,0.0001,0.2,2.0,0.25,0.05,lr1e-04_bs8_drop0p2_temp2p0_a0p25_b0p05__wd1e-04trmiss0_degmodglobal,8,0.6205594284193856,0.6648206412792206,0.5833333333333333,0.7338334505001172,0.6153846153846154,0.0,0.5307845686163221,0.5847908343587603,0.09182608340467725,0.2562416344881058,0.0,0.0,0.0,0.0,0.0,18473,global,0.0
3,5,lr1e-04_bs8_drop0p2_temp2p0_a0p25_b0p05__wd1e-04trmiss0_degmodglobal,8,0.0001,0.0001,0.2,2.0,0.25,0.05,lr1e-04_bs8_drop0p2_temp2p0_a0p25_b0p05__wd1e-04trmiss0_degmodglobal,9,0.5995858141354152,0.6641069948673248,0.5833333333333333,0.7338334505001172,0.6923076923076923,0.0,0.5041233599185944,0.5625885810170855,0.09522137258734022,0.26383798888751436,0.0,0.0,0.0,0.0,0.0,18473,global,0.0
3,5,lr1e-04_bs8_drop0p2_temp2p0_a0p25_b0p05__wd1e-04trmiss0_degmodglobal,8,0.0001,0.0001,0.2,2.0,0.25,0.05,lr1e-04_bs8_drop0p2_temp2p0_a0p25_b0p05__wd1e-04trmiss0_degmodglobal,10,0.6185228398868016,0.6683944463729858,0.5833333333333333,0.7338334505001172,0.6923076923076923,0.0,0.510820095028196,0.5776625871658325,0.10433796952877726,0.2955154042158808,0.0,0.0,0.0,0.0,0.0,18473,global,0.0
3,5,lr1e-04_bs8_drop0p2_temp2p0_a0p25_b0p05__wd1e-04trmiss0_degmodglobal,8,0.0001,0.0001,0.2,2.0,0.25,0.05,lr1e-04_bs8_drop0p2_temp2p0_a0p25_b0p05__wd1e-04trmiss0_degmodglobal,11,0.5874658397265843,0.6668686270713806,0.5555555555555556,0.7219286885953553,0.6923076923076923,0.0,0.48788247789655415,0.5500111494745527,0.10026776258434568,0.24775511026382446,0.0,0.0,0.0,0.0,0.0,18473,global,0.0
3,5,lr1e-04_bs8_drop0p2_temp2p0_a0p25_b0p05__wd1e-04trmiss0_degmodglobal,8,0.0001,0.0001,0.2,2.0,0.25,0.05,lr1e-04_bs8_drop0p2_temp2p0_a0p25_b0p05__wd1e-04trmiss0_degmodglobal,12,0.5938945242336818,0.666201651096344,0.5555555555555556,0.7219286885953553,0.6153846153846154,0.0,0.48935980456215994,0.5478560243334089,0.12492324145776885,0.29615363265786854,0.0,0.0,0.0,0.0,0.0,18473,global,0.0
3,5,lr1e-04_bs8_drop0p2_temp2p0_a0p25_b0p05__wd1e-04trmiss0_degmodglobal,8,0.0001,0.0001,0.2,2.0,0.25,0.05,lr1e-04_bs8_drop0p2_temp2p0_a0p25_b0p05__wd1e-04trmiss0_degmodglobal,13,0.6070396218981061,0.6700259149074554,0.5555555555555556,0.7219286885953553,0.6153846153846154,0.0,0.4930311824594225,0.5661155411175319,0.10308808301176343,0.3030414900609425,0.0,0.0,0.0,0.0,0.0,18473,global,0.0
3,5,lr1e-04_bs8_drop0p2_temp2p0_a0p25_b0p05__wd1e-04trmiss0_degmodglobal,8,0.0001,0.0001,0.2,2.0,0.25,0.05,lr1e-04_bs8_drop0p2_temp2p0_a0p25_b0p05__wd1e-04trmiss0_degmodglobal,14,0.5737875401973724,0.6745212376117706,0.5555555555555556,0.7219286885953553,0.6153846153846154,0.0,0.48432405505861553,0.5326463111809322,0.10369085626942771,0.30437040967600687,0.0,0.0,0.0,0.0,0.0,18473,global,0.0
3,5,lr1e-04_bs8_drop0p2_temp2p0_a0p25_b0p05__wd1e-04trmiss0_degmodglobal,8,0.0001,0.0001,0.2,2.0,0.25,0.05,lr1e-04_bs8_drop0p2_temp2p0_a0p25_b0p05__wd1e-04trmiss0_degmodglobal,15,0.6161263329642159,0.6739153265953064,0.5555555555555556,0.7219286885953553,0.6153846153846154,0.0,0.48424708417483736,0.5675599915640694,0.12494266884667533,0.3466136391673769,0.0,0.0,0.0,0.0,0.0,18473,global,0.0
3,5,lr1e-04_bs8_drop0p2_temp2p0_a0p25_b0p05__wd1e-04trmiss0_degmodglobal,8,0.0001,0.0001,0.2,2.0,0.25,0.05,lr1e-04_bs8_drop0p2_temp2p0_a0p25_b0p05__wd1e-04trmiss0_degmodglobal,16,0.5890696048736572,0.6758982539176941,0.5555555555555556,0.7219286885953553,0.6153846153846154,0.0,0.489509825195585,0.5470654581274305,0.10119882917829923,0.3340888704572405,0.0,0.0,0.0,0.0,0.0,18473,global,0.0
3,5,lr1e-04_bs8_drop0p2_temp2p0_a0p25_b0p05__wd1e-04trmiss0_degmodglobal,8,0.0001,0.0001,0.2,2.0,0.25,0.05,lr1e-04_bs8_drop0p2_temp2p0_a0p25_b0p05__wd1e-04trmiss0_degmodglobal,17,0.5880005529948643,0.6763106286525726,0.5555555555555556,0.7219286885953553,0.6153846153846154,0.0,0.498267867735454,0.5437755329268319,0.11935506973947797,0.2877251314265387,0.0,0.0,0.0,0.0,0.0,18473,global,0.0
3,5,lr1e-04_bs8_drop0p2_temp2p0_a0p25_b0p05__wd1e-04trmiss0_degmodglobal,8,0.0001,0.0001,0.2,2.0,0.25,0.05,lr1e-04_bs8_drop0p2_temp2p0_a0p25_b0p05__wd1e-04trmiss0_degmodglobal,18,0.57802757195064,0.6787243783473969,0.5555555555555556,0.7219286885953553,0.6153846153846154,0.0,0.4647518481527056,0.5376424278531756,0.10798375521387372,0.2677842655352184,0.0,0.0,0.0,0.0,0.0,18473,global,0.0
3,5,lr1e-04_bs8_drop0p2_temp2p0_a0p25_b0p05__wd1e-04trmiss0_degmodglobal,8,0.0001,0.0001,0.2,2.0,0.25,0.05,lr1e-04_bs8_drop0p2_temp2p0_a0p25_b0p05__wd1e-04trmiss0_degmodglobal,19,0.5902334111077445,0.6851865649223328,0.5,0.7065527065527066,0.6153846153846154,0.0,0.47530464615140644,0.5433147719928196,0.12413973467690605,0.31767446867057253,0.0,0.0,0.0,0.0,0.0,18473,global,0.0
3,5,lr1e-04_bs8_drop0p2_temp2p0_a0p25_b0p05__wd1e-04trmiss0_degmodglobal,8,0.0001,0.0001,0.2,2.0,0.25,0.05,lr1e-04_bs8_drop0p2_temp2p0_a0p25_b0p05__wd1e-04trmiss0_degmodglobal,20,0.5828538835048676,0.6839028894901276,0.5,0.7065527065527066,0.5384615384615384,0.0,0.4752006360462734,0.5316281233515058,0.13363123046500341,0.3563592710665294,0.0,0.0,0.0,0.0,0.0,18473,global,0.0
3,5,lr1e-04_bs8_drop0p2_temp2p0_a0p25_b0p05__wd1e-04trmiss0_degmodglobal,8,0.0001,0.0001,0.2,2.0,0.25,0.05,lr1e-04_bs8_drop0p2_temp2p0_a0p25_b0p05__wd1e-04trmiss0_degmodglobal,21,0.5916987572397504,0.6734978258609772,0.5,0.7065527065527066,0.5384615384615384,0.0,0.46438099656786236,0.5364373666899545,0.1484672235591071,0.36289143349443165,0.0,0.0,0.0,0.0,0.0,18473,global,0.0
3,5,lr1e-04_bs8_drop0p2_temp2p0_a0p25_b0p05__wd1e-04trmiss0_degmodglobal,8,0.0001,0.0001,0.2,2.0,0.25,0.05,lr1e-04_bs8_drop0p2_temp2p0_a0p25_b0p05__wd1e-04trmiss0_degmodglobal,22,0.5451743006706238,0.6498345732688904,0.5,0.7065527065527066,0.5384615384615384,0.0,0.45263310415404184,0.5049893174852643,0.10808370315602847,0.263281055859157,0.0,0.0,0.0,0.0,0.0,18473,global,0.0
3,5,lr1e-04_bs8_drop0p2_temp2p0_a0p25_b0p05__wd1e-04trmiss0_degmodglobal,8,0.0001,0.0001,0.2,2.0,0.25,0.05,lr1e-04_bs8_drop0p2_temp2p0_a0p25_b0p05__wd1e-04trmiss0_degmodglobal,23,0.5970119323049273,0.6553827226161957,0.5,0.7065527065527066,0.5384615384615384,0.0,0.46385572212083,0.5397494946207319,0.16186309392963136,0.3359332595552717,0.0,0.0,0.0,0.0,0.0,18473,global,0.0
3,5,lr1e-04_bs8_drop0p2_temp2p0_a0p25_b0p05__wd1e-04trmiss0_degmodglobal,8,0.0001,0.0001,0.2,2.0,0.25,0.05,lr1e-04_bs8_drop0p2_temp2p0_a0p25_b0p05__wd1e-04trmiss0_degmodglobal,24,0.5773667863437107,0.6606290936470032,0.5,0.7065527065527066,0.5384615384615384,0.0,0.4515464050429208,0.5192784922463554,0.1527153498360089,0.39818903378077913,0.0,0.0,0.0,0.0,0.0,18473,global,0.0
3,5,lr1e-04_bs8_drop0p2_temp2p0_a0p25_b0p05__wd1e-04trmiss0_degmodglobal,8,0.0001,0.0001,0.2,2.0,0.25,0.05,lr1e-04_bs8_drop0p2_temp2p0_a0p25_b0p05__wd1e-04trmiss0_degmodglobal,25,0.5802044187273298,0.6675045192241669,0.5,0.7065527065527066,0.5384615384615384,0.0,0.46032802547727314,0.5169171903814588,0.1655572982771056,0.43795792971338543,0.0,0.0,0.0,0.0,0.0,18473,global,0.0
3,5,lr1e-04_bs8_drop0p2_temp2p0_a0p25_b0p05__wd1e-04trmiss0_degmodglobal,8,0.0001,0.0001,0.2,2.0,0.25,0.05,lr1e-04_bs8_drop0p2_temp2p0_a0p25_b0p05__wd1e-04trmiss0_degmodglobal,26,0.6036980875900814,0.6676785349845886,0.5,0.7065527065527066,0.5384615384615384,0.0,0.5205393135547638,0.554845712014607,0.13084604005728448,0.32281772792339325,0.0,0.0,0.0,0.0,0.0,18473,global,0.0
3,5,lr1e-04_bs8_drop0p2_temp2p0_a0p25_b0p05__wd1e-04trmiss0_degmodglobal,8,0.0001,0.0001,0.2,2.0,0.25,0.05,lr1e-04_bs8_drop0p2_temp2p0_a0p25_b0p05__wd1e-04trmiss0_degmodglobal,27,0.5540889373847416,0.6639370918273926,0.5,0.7065527065527066,0.5384615384615384,0.0,0.481688346181597,0.5063121957438332,0.12407356074878148,0.3351672344974109,0.0,0.0,0.0,0.0,0.0,18473,global,0.0
3,5,lr1e-04_bs8_drop0p4_temp1p0_a0p25_b0p05__wd1e-04trmiss0_degmodglobal,8,0.0001,0.0001,0.4,1.0,0.25,0.05,lr1e-04_bs8_drop0p4_temp1p0_a0p25_b0p05__wd1e-04trmiss0_degmodglobal,1,0.7262074521609715,0.6819942891597748,0.4444444444444445,0.7325507825507827,0.5384615384615384,0.0,0.6643944638116019,0.7068109171731132,0.054209399436201365,0.11688365255083356,0.0,0.0,0.0,0.0,0.0,18473,global,0.0
3,5,lr1e-04_bs8_drop0p4_temp1p0_a0p25_b0p05__wd1e-04trmiss0_degmodglobal,8,0.0001,0.0001,0.4,1.0,0.25,0.05,lr1e-04_bs8_drop0p4_temp1p0_a0p25_b0p05__wd1e-04trmiss0_degmodglobal,2,0.6983858687537057,0.6511563360691071,0.6388888888888888,0.822602089268756,0.6923076923076923,0.0,0.6780998536518642,0.6743392859186444,0.06759450903960637,0.14295918015497072,0.0,0.0,0.0,0.0,0.0,18473,global,0.0
3,5,lr1e-04_bs8_drop0p4_temp1p0_a0p25_b0p05__wd1e-04trmiss0_degmodglobal,8,0.0001,0.0001,0.4,1.0,0.25,0.05,lr1e-04_bs8_drop0p4_temp1p0_a0p25_b0p05__wd1e-04trmiss0_degmodglobal,3,0.6746528914996556,0.6440237462520599,0.6666666666666666,0.8345068511735179,0.6923076923076923,0.0,0.6288654889379229,0.6435614568846566,0.08446036758167404,0.199526985841138,0.0,0.0,0.0,0.0,0.0,18473,global,0.0
3,5,lr1e-04_bs8_drop0p4_temp1p0_a0p25_b0p05__wd1e-04trmiss0_degmodglobal,8,0.0001,0.0001,0.4,1.0,0.25,0.05,lr1e-04_bs8_drop0p4_temp1p0_a0p25_b0p05__wd1e-04trmiss0_degmodglobal,4,0.7003540737288338,0.6423668563365936,0.6666666666666667,0.8372285122285124,0.6923076923076923,0.0,0.6275467617171151,0.6504911269460406,0.13620498989309585,0.31623383717877523,0.0,0.0,0.0,0.0,0.0,18473,global,0.0
3,5,lr1e-04_bs8_drop0p4_temp1p0_a0p25_b0p05__wd1e-04trmiss0_degmodglobal,8,0.0001,0.0001,0.4,1.0,0.25,0.05,lr1e-04_bs8_drop0p4_temp1p0_a0p25_b0p05__wd1e-04trmiss0_degmodglobal,5,0.6854893224579948,0.6536283195018768,0.5833333333333333,0.7338334505001172,0.6923076923076923,0.0,0.6198241370064872,0.6476412245205471,0.09835557107414518,0.2651841842702457,0.0,0.0,0.0,0.0,0.0,18473,global,0.0
3,5,lr1e-04_bs8_drop0p4_temp1p0_a0p25_b0p05__wd1e-04trmiss0_degmodglobal,8,0.0001,0.0001,0.4,1.0,0.25,0.05,lr1e-04_bs8_drop0p4_temp1p0_a0p25_b0p05__wd1e-04trmiss0_degmodglobal,6,0.6606439777782985,0.656855434179306,0.5277777777777778,0.7184574684574685,0.5384615384615384,0.0,0.6246401923043388,0.6311945830072675,0.08278913529855865,0.17504200977938517,0.0,0.0,0.0,0.0,0.0,18473,global,0.0
3,5,lr1e-04_bs8_drop0p4_temp1p0_a0p25_b0p05__wd1e-04trmiss0_degmodglobal,8,0.0001,0.0001,0.4,1.0,0.25,0.05,lr1e-04_bs8_drop0p4_temp1p0_a0p25_b0p05__wd1e-04trmiss0_degmodglobal,7,0.6356046880994525,0.6392056047916412,0.611111111111111,0.7419142585809253,0.6923076923076923,0.0,0.6039004496165684,0.6124078290803092,0.06780629764710154,0.12490568842206683,0.0,0.0,0.0,0.0,0.0,18473,global,0.0
3,5,lr1e-04_bs8_drop0p4_temp1p0_a0p25_b0p05__wd1e-04trmiss0_degmodglobal,8,0.0001,0.0001,0.4,1.0,0.25,0.05,lr1e-04_bs8_drop0p4_temp1p0_a0p25_b0p05__wd1e-04trmiss0_degmodglobal,8,0.6160850354603359,0.6489110291004181,0.5555555555555556,0.7219286885953553,0.6923076923076923,0.0,0.5902004327092852,0.593362535749163,0.06456561226929937,0.1316217514021056,0.0,0.0,0.0,0.0,0.0,18473,global,0.0
3,5,lr1e-04_bs8_drop0p4_temp1p0_a0p25_b0p05__wd1e-04trmiss0_degmodglobal,8,0.0001,0.0001,0.4,1.0,0.25,0.05,lr1e-04_bs8_drop0p4_temp1p0_a0p25_b0p05__wd1e-04trmiss0_degmodglobal,9,0.6318420427186149,0.6459336280822754,0.6388888888888888,0.8001914751914752,0.6923076923076923,0.0,0.5875235455376762,0.6051044889858791,0.07717303825276238,0.14888580249888556,0.0,0.0,0.0,0.0,0.0,18473,global,0.0
3,5,lr1e-04_bs8_drop0p4_temp1p0_a0p25_b0p05__wd1e-04trmiss0_degmodglobal,8,0.0001,0.0001,0.4,1.0,0.25,0.05,lr1e-04_bs8_drop0p4_temp1p0_a0p25_b0p05__wd1e-04trmiss0_degmodglobal,10,0.6088659507887704,0.6528222262859344,0.5555555555555556,0.7251914751914752,0.6923076923076923,0.0,0.5875576479094369,0.5838931288037982,0.06896776972072464,0.154617863042014,0.0,0.0,0.0,0.0,0.0,18473,global,0.0
3,5,lr1e-04_bs8_drop0p4_temp1p0_a0p25_b0p05__wd1e-04trmiss0_degmodglobal,8,0.0001,0.0001,0.4,1.0,0.25,0.05,lr1e-04_bs8_drop0p4_temp1p0_a0p25_b0p05__wd1e-04trmiss0_degmodglobal,11,0.5814366000039237,0.6551368534564972,0.5555555555555556,0.7251914751914752,0.6923076923076923,0.0,0.5783035840306964,0.5583681379045758,0.06308467287038054,0.14594588481954165,0.0,0.0,0.0,0.0,0.0,18473,global,0.0
3,5,lr1e-04_bs8_drop0p4_temp1p0_a0p25_b0p05__wd1e-04trmiss0_degmodglobal,8,0.0001,0.0001,0.4,1.0,0.25,0.05,lr1e-04_bs8_drop0p4_temp1p0_a0p25_b0p05__wd1e-04trmiss0_degmodglobal,12,0.6332065718514579,0.6444770097732544,0.6666666666666666,0.8082722832722833,0.6923076923076923,0.0,0.5817024282046727,0.6077716265405927,0.06492424170885767,0.18407744488545827,0.0,0.0,0.0,0.0,0.0,18473,global,0.0
3,5,lr1e-04_bs8_drop0p4_temp1p0_a0p25_b0p05__wd1e-04trmiss0_degmodglobal,8,0.0001,0.0001,0.4,1.0,0.25,0.05,lr1e-04_bs8_drop0p4_temp1p0_a0p25_b0p05__wd1e-04trmiss0_degmodglobal,13,0.5522581764629909,0.6374788284301758,0.6111111111111112,0.7446359196359197,0.6923076923076923,0.0,0.5702563098498753,0.5313418933323452,0.06452584213444165,0.09569663394774709,0.0,0.0,0.0,0.0,0.0,18473,global,0.0
3,5,lr1e-04_bs8_drop0p4_temp1p0_a0p25_b0p05__wd1e-04trmiss0_degmodglobal,8,0.0001,0.0001,0.4,1.0,0.25,0.05,lr1e-04_bs8_drop0p4_temp1p0_a0p25_b0p05__wd1e-04trmiss0_degmodglobal,14,0.5899925146784101,0.6438048779964447,0.6111111111111112,0.7446359196359197,0.6923076923076923,0.0,0.5761714151927403,0.5677890947886876,0.0648689152938979,0.11972394692046302,0.0,0.0,0.0,0.0,0.0,18473,global,0.0
3,5,lr1e-04_bs8_drop0p4_temp1p0_a0p25_b0p05__wd1e-04trmiss0_degmodglobal,8,0.0001,0.0001,0.4,1.0,0.25,0.05,lr1e-04_bs8_drop0p4_temp1p0_a0p25_b0p05__wd1e-04trmiss0_degmodglobal,15,0.602670703615461,0.6467457115650177,0.6666666666666666,0.8082722832722833,0.6923076923076923,0.0,0.5656032179083142,0.5751616529056004,0.08189311144607407,0.1407151562826974,0.0,0.0,0.0,0.0,0.0,18473,global,0.0
3,5,lr1e-04_bs8_drop0p4_temp1p0_a0p25_b0p05__wd1e-04trmiss0_degmodglobal,8,0.0001,0.0001,0.4,1.0,0.25,0.05,lr1e-04_bs8_drop0p4_temp1p0_a0p25_b0p05__wd1e-04trmiss0_degmodglobal,16,0.5846373013087681,0.6474379003047943,0.6111111111111112,0.7446359196359197,0.6923076923076923,0.0,0.5513392601694379,0.5519628737654004,0.09748060894863946,0.1660859121807984,0.0,0.0,0.0,0.0,0.0,18473,global,0.0
3,5,lr1e-04_bs8_drop0p4_temp1p0_a0p25_b0p05__wd1e-04trmiss0_degmodglobal,8,0.0001,0.0001,0.4,1.0,0.25,0.05,lr1e-04_bs8_drop0p4_temp1p0_a0p25_b0p05__wd1e-04trmiss0_degmodglobal,17,0.6047395382608686,0.6434628963470459,0.6111111111111112,0.7446359196359197,0.6923076923076923,0.0,0.5768078224999564,0.5837041905948094,0.06151980294712952,0.11310826454843793,0.0,0.0,0.0,0.0,0.0,18473,global,0.0
3,5,lr1e-04_bs8_drop0p4_temp1p0_a0p25_b0p05__wd1e-04trmiss0_degmodglobal,8,0.0001,0.0001,0.4,1.0,0.25,0.05,lr1e-04_bs8_drop0p4_temp1p0_a0p25_b0p05__wd1e-04trmiss0_degmodglobal,18,0.6101245369229998,0.6429946720600128,0.6388888888888888,0.7527167277167278,0.6923076923076923,0.0,0.5806318351200649,0.5876791306904384,0.06660389740552221,0.1158887871674129,0.0,0.0,0.0,0.0,0.0,18473,global,0.0
3,5,lr1e-04_bs8_drop0p4_temp1p0_a0p25_b0p05__wd1e-04trmiss0_degmodglobal,8,0.0001,0.0001,0.4,1.0,0.25,0.05,lr1e-04_bs8_drop0p4_temp1p0_a0p25_b0p05__wd1e-04trmiss0_degmodglobal,19,0.5820463129452297,0.6325503885746002,0.6388888888888888,0.7527167277167278,0.6923076923076923,0.0,0.5553623906203679,0.5566108907972064,0.0736813832606588,0.1403012882385935,0.0,0.0,0.0,0.0,0.0,18473,global,0.0
3,5,lr1e-04_bs8_drop0p4_temp1p0_a0p25_b0p05__wd1e-04trmiss0_degmodglobal,8,0.0001,0.0001,0.4,1.0,0.25,0.05,lr1e-04_bs8_drop0p4_temp1p0_a0p25_b0p05__wd1e-04trmiss0_degmodglobal,20,0.5604612146105085,0.6506529450416565,0.6388888888888888,0.7527167277167278,0.6923076923076923,0.0,0.5616674848965236,0.5390738844871521,0.06437923865658897,0.10585056458200727,0.0,0.0,0.0,0.0,0.0,18473,global,0.0
3,5,lr1e-04_bs8_drop0p4_temp1p0_a0p25_b0p05__wd1e-04trmiss0_degmodglobal,8,0.0001,0.0001,0.4,1.0,0.25,0.05,lr1e-04_bs8_drop0p4_temp1p0_a0p25_b0p05__wd1e-04trmiss0_degmodglobal,21,0.5633280064378466,0.6453627645969391,0.6111111111111112,0.7446359196359197,0.6923076923076923,0.0,0.553466911826815,0.5405481457710266,0.06405674612947873,0.1353137953472989,0.0,0.0,0.0,0.0,0.0,18473,global,0.0
3,5,lr1e-04_bs8_drop0p4_temp1p0_a0p25_b0p05__wd1e-04trmiss0_degmodglobal,8,0.0001,0.0001,0.4,1.0,0.25,0.05,lr1e-04_bs8_drop0p4_temp1p0_a0p25_b0p05__wd1e-04trmiss0_degmodglobal,22,0.5712241360119411,0.6379695534706116,0.6111111111111112,0.7446359196359197,0.6923076923076923,0.0,0.5545047266142709,0.5390005878039769,0.08771707543304988,0.20588575090680802,0.0,0.0,0.0,0.0,0.0,18473,global,0.0
3,5,lr1e-04_bs8_drop0p4_temp1p0_a0p25_b0p05__wd1e-04trmiss0_degmodglobal,8,0.0001,0.0001,0.4,1.0,0.25,0.05,lr1e-04_bs8_drop0p4_temp1p0_a0p25_b0p05__wd1e-04trmiss0_degmodglobal,23,0.5605813179697309,0.6354767680168152,0.6388888888888888,0.8001914751914752,0.6923076923076923,0.0,0.5147418635232108,0.5309631441320691,0.07849484149898801,0.1998893916606903,0.0,0.0,0.0,0.0,0.0,18473,global,0.0
3,5,lr1e-04_bs8_drop0p4_temp1p0_a0p25_b0p05__wd1e-04trmiss0_degmodglobal,8,0.0001,0.0001,0.4,1.0,0.25,0.05,lr1e-04_bs8_drop0p4_temp1p0_a0p25_b0p05__wd1e-04trmiss0_degmodglobal,24,0.5606964145387922,0.6360923647880554,0.6666666666666667,0.8372285122285124,0.6923076923076923,0.0,0.5292367083685738,0.5322856903076172,0.0718604028224945,0.2089123981339591,0.0,0.0,0.0,0.0,0.0,18473,global,0.0
3,5,lr1e-04_bs8_drop0p4_temp1p0_a0p25_b0p05__wd1e-04trmiss0_degmodglobal,8,0.0001,0.0001,0.4,1.0,0.25,0.05,lr1e-04_bs8_drop0p4_temp1p0_a0p25_b0p05__wd1e-04trmiss0_degmodglobal,25,0.5727965065411159,0.6593241989612579,0.5555555555555556,0.7966200466200468,0.6923076923076923,0.0,0.5448689843927111,0.5513436453683036,0.0593754808817591,0.13218006904103927,0.0,0.0,0.0,0.0,0.0,18473,global,0.0
3,5,lr1e-04_bs8_drop0p4_temp1p0_a0p25_b0p05__wd1e-04trmiss0_degmodglobal,8,0.0001,0.0001,0.4,1.0,0.25,0.05,lr1e-04_bs8_drop0p4_temp1p0_a0p25_b0p05__wd1e-04trmiss0_degmodglobal,26,0.562064358166286,0.664844810962677,0.5277777777777778,0.7595830095830096,0.6923076923076923,0.0,0.5512352670942035,0.5406290122440883,0.06127010818038668,0.12235646003058978,0.0,0.0,0.0,0.0,0.0,18473,global,0.0
3,5,lr1e-04_bs8_drop0p4_temp1p0_a0p25_b0p05__wd1e-04trmiss0_degmodglobal,8,0.0001,0.0001,0.4,1.0,0.25,0.05,lr1e-04_bs8_drop0p4_temp1p0_a0p25_b0p05__wd1e-04trmiss0_degmodglobal,27,0.5530852973461151,0.6589505672454834,0.5555555555555556,0.7966200466200468,0.6923076923076923,0.0,0.5456060426575797,0.5277627323354993,0.06893036248428482,0.16180004605225154,0.0,0.0,0.0,0.0,0.0,18473,global,0.0
3,5,lr1e-04_bs8_drop0p4_temp1p0_a0p25_b0p05__wd1e-04trmiss0_degmodglobal,8,0.0001,0.0001,0.4,1.0,0.25,0.05,lr1e-04_bs8_drop0p4_temp1p0_a0p25_b0p05__wd1e-04trmiss0_degmodglobal,28,0.555783075945718,0.6681913435459137,0.5555555555555556,0.7926517926517926,0.6153846153846154,0.0,0.5438077918120793,0.5325989212308612,0.0651271188897746,0.13804776700479643,0.0,0.0,0.0,0.0,0.0,18473,global,0.0
3,5,lr1e-04_bs8_drop0p4_temp1p0_a0p25_b0p05__wd1e-04trmiss0_degmodglobal,8,0.0001,0.0001,0.4,1.0,0.25,0.05,lr1e-04_bs8_drop0p4_temp1p0_a0p25_b0p05__wd1e-04trmiss0_degmodglobal,29,0.5595644925321851,0.6584508121013641,0.6111111111111112,0.8177840677840678,0.6923076923076923,0.0,0.5529285413878304,0.538716869694846,0.06077288197619574,0.11308776001845088,0.0,0.0,0.0,0.0,0.0,18473,global,0.0
3,5,lr1e-04_bs8_drop0p4_temp1p0_a0p25_b0p05__wd1e-04trmiss0_degmodglobal,8,0.0001,0.0001,0.4,1.0,0.25,0.05,lr1e-04_bs8_drop0p4_temp1p0_a0p25_b0p05__wd1e-04trmiss0_degmodglobal,30,0.5519313386508397,0.6483125984668732,0.6111111111111112,0.8145212811879479,0.6923076923076923,0.0,0.5544044716017587,0.527021165405001,0.06490007096103259,0.1737034267612866,0.0,0.0,0.0,0.0,0.0,18473,global,0.0
3,5,lr1e-04_bs8_drop0p4_temp1p0_a0p25_b0p05__wd1e-04trmiss0_degmodglobal,8,0.0001,0.0001,0.4,1.0,0.25,0.05,lr1e-04_bs8_drop0p4_temp1p0_a0p25_b0p05__wd1e-04trmiss0_degmodglobal,31,0.5163675716945103,0.6307175755500793,0.7222222222222222,0.8730870980870982,0.6923076923076923,0.0,0.5307915423597608,0.49391442111560274,0.06568071352584022,0.12065950408577919,0.0,0.0,0.0,0.0,0.0,18473,global,0.0
3,5,lr1e-04_bs8_drop0p4_temp1p0_a0p25_b0p05__wd1e-04trmiss0_degmodglobal,8,0.0001,0.0001,0.4,1.0,0.25,0.05,lr1e-04_bs8_drop0p4_temp1p0_a0p25_b0p05__wd1e-04trmiss0_degmodglobal,32,0.5125311996255603,0.637014240026474,0.6944444444444445,0.86500629000629,0.6923076923076923,0.0,0.5253485781805856,0.47910640495164053,0.09803945677621025,0.17829876393079758,0.0,0.0,0.0,0.0,0.0,18473,global,0.0
3,5,lr1e-04_bs8_drop0p4_temp1p0_a0p25_b0p05__wd1e-04trmiss0_degmodglobal,8,0.0001,0.0001,0.4,1.0,0.25,0.05,lr1e-04_bs8_drop0p4_temp1p0_a0p25_b0p05__wd1e-04trmiss0_degmodglobal,33,0.5590851988111224,0.6351257562637329,0.638888888888889,0.8455618455618457,0.6153846153846154,0.0,0.5506095630781991,0.5290898169789996,0.07650912765945707,0.21736188658646174,0.0,0.0,0.0,0.0,0.0,18473,global,0.0
3,5,lr1e-04_bs8_drop0p4_temp1p0_a0p25_b0p05__wd1e-04trmiss0_degmodglobal,8,0.0001,0.0001,0.4,1.0,0.25,0.05,lr1e-04_bs8_drop0p4_temp1p0_a0p25_b0p05__wd1e-04trmiss0_degmodglobal,34,0.5489746757916042,0.6456254422664642,0.638888888888889,0.8455618455618457,0.5384615384615384,0.0,0.5313850385802132,0.5225675318922315,0.07287266477942467,0.1637796578662736,0.0,0.0,0.0,0.0,0.0,18473,global,0.0
3,5,lr1e-04_bs8_drop0p4_temp1p0_a0p25_b0p05__wd1e-04trmiss0_degmodglobal,8,0.0001,0.0001,0.4,1.0,0.25,0.05,lr1e-04_bs8_drop0p4_temp1p0_a0p25_b0p05__wd1e-04trmiss0_degmodglobal,35,0.5382954478263855,0.6417658925056458,0.638888888888889,0.8455618455618457,0.6923076923076923,0.0,0.5310425290039608,0.5108672550746373,0.08107942395976611,0.14316717322383607,0.0,0.0,0.0,0.0,0.0,18473,global,0.0
3,5,lr1e-04_bs8_drop0p4_temp1p0_a0p25_b0p05__wd1e-04trmiss0_degmodglobal,8,0.0001,0.0001,0.4,1.0,0.25,0.05,lr1e-04_bs8_drop0p4_temp1p0_a0p25_b0p05__wd1e-04trmiss0_degmodglobal,36,0.5342249231679099,0.6616792678833008,0.5,0.7040274540274541,0.6923076923076923,0.0,0.540269706930433,0.4992970185620444,0.09985633194446564,0.1992762280361993,0.0,0.0,0.0,0.0,0.0,18473,global,0.0
3,5,lr1e-04_bs8_drop0p4_temp1p0_a0p25_b0p05__wd1e-04trmiss0_degmodglobal,8,0.0001,0.0001,0.4,1.0,0.25,0.05,lr1e-04_bs8_drop0p4_temp1p0_a0p25_b0p05__wd1e-04trmiss0_degmodglobal,37,0.5281906596251896,0.673089325428009,0.5,0.7040274540274541,0.6923076923076923,0.0,0.5356108631406512,0.5028086389814105,0.0771505210016455,0.12188794304217611,0.0,0.0,0.0,0.0,0.0,18473,global,0.0
3,5,lr1e-04_bs8_drop0p4_temp1p0_a0p25_b0p05__wd1e-04trmiss0_degmodglobal,8,0.0001,0.0001,0.4,1.0,0.25,0.05,lr1e-04_bs8_drop0p4_temp1p0_a0p25_b0p05__wd1e-04trmiss0_degmodglobal,38,0.534129662173135,0.6654428839683533,0.5277777777777777,0.7132867132867133,0.6923076923076923,0.0,0.5283970875399453,0.5115991830825806,0.06672706348555428,0.11697423883846828,0.0,0.0,0.0,0.0,0.0,18473,global,0.0
3,5,lr1e-04_bs8_drop0p4_temp1p0_a0p25_b0p05__wd1e-04trmiss0_degmodglobal,8,0.0001,0.0001,0.4,1.0,0.25,0.05,lr1e-04_bs8_drop0p4_temp1p0_a0p25_b0p05__wd1e-04trmiss0_degmodglobal,39,0.5716686929975238,0.6637392938137054,0.5555555555555556,0.7219286885953553,0.6923076923076923,0.0,0.5436868156705584,0.5468777120113373,0.0791810043156147,0.09991441347769328,0.0,0.0,0.0,0.0,0.0,18473,global,0.0
3,5,lr1e-04_bs8_drop0p4_temp1p0_a0p25_b0p05__wd1e-04trmiss0_degmodglobal,8,0.0001,0.0001,0.4,1.0,0.25,0.05,lr1e-04_bs8_drop0p4_temp1p0_a0p25_b0p05__wd1e-04trmiss0_degmodglobal,40,0.5366874166897365,0.667666107416153,0.5277777777777777,0.7132867132867133,0.6923076923076923,0.0,0.505192586353847,0.5125260012490409,0.07427838817238808,0.1118362226656505,0.0,0.0,0.0,0.0,0.0,18473,global,0.0
3,5,lr1e-04_bs8_drop0p4_temp1p0_a0p25_b0p05__wd1e-04trmiss0_degmodglobal,8,0.0001,0.0001,0.4,1.0,0.25,0.05,lr1e-04_bs8_drop0p4_temp1p0_a0p25_b0p05__wd1e-04trmiss0_degmodglobal,41,0.5139895507267543,0.6533934772014618,0.6111111111111112,0.8145212811879479,0.6923076923076923,0.0,0.5002191109316689,0.4843842600073133,0.0883534305862018,0.15033873170614243,0.0,0.0,0.0,0.0,0.0,18473,global,0.0
3,5,lr1e-04_bs8_drop0p4_temp1p0_a0p25_b0p05__wd1e-04trmiss0_degmodglobal,8,0.0001,0.0001,0.4,1.0,0.25,0.05,lr1e-04_bs8_drop0p4_temp1p0_a0p25_b0p05__wd1e-04trmiss0_degmodglobal,42,0.5365520417690277,0.6535368859767914,0.5833333333333333,0.7338334505001172,0.6923076923076923,0.0,0.5049239141600472,0.5128391597952161,0.07274992551122393,0.11050765642098018,0.0,0.0,0.0,0.0,0.0,18473,global,0.0
3,5,lr1e-04_bs8_drop0p4_temp1p0_a0p25_b0p05__wd1e-04trmiss0_degmodglobal,8,0.0001,0.0001,0.4,1.0,0.25,0.05,lr1e-04_bs8_drop0p4_temp1p0_a0p25_b0p05__wd1e-04trmiss0_degmodglobal,43,0.5763422165598188,0.6473144590854645,0.6388888888888888,0.8264260430927097,0.6923076923076923,0.0,0.5513369270733425,0.5403360298701695,0.09388080345732826,0.250719778239727,0.0,0.0,0.0,0.0,0.0,18473,global,0.0
3,5,lr1e-04_bs8_drop0p4_temp1p0_a0p25_b0p05__wd1e-04trmiss0_degmodglobal,8,0.0001,0.0001,0.4,1.0,0.25,0.05,lr1e-04_bs8_drop0p4_temp1p0_a0p25_b0p05__wd1e-04trmiss0_degmodglobal,44,0.5017274277550834,0.6315704882144928,0.6666666666666666,0.8542038208704876,0.6923076923076923,0.0,0.5026536285877228,0.4732155203819275,0.08198805366243635,0.1602980744625841,0.0,0.0,0.0,0.0,0.0,18473,global,0.0
3,5,lr1e-04_bs8_drop0p4_temp1p0_a0p25_b0p05__wd1e-04trmiss0_degmodglobal,8,0.0001,0.0001,0.4,1.0,0.25,0.05,lr1e-04_bs8_drop0p4_temp1p0_a0p25_b0p05__wd1e-04trmiss0_degmodglobal,45,0.506184458732605,0.637272834777832,0.6666666666666666,0.8542038208704876,0.6153846153846154,0.0,0.49757562790598187,0.4720767140388489,0.09762394641126905,0.19403505431754248,0.0,0.0,0.0,0.0,0.0,18473,global,0.0
3,5,lr1e-04_bs8_drop0p4_temp1p0_a0p25_b0p05__wd1e-04trmiss0_degmodglobal,8,0.0001,0.0001,0.4,1.0,0.25,0.05,lr1e-04_bs8_drop0p4_temp1p0_a0p25_b0p05__wd1e-04trmiss0_degmodglobal,46,0.54609272309712,0.6447308361530304,0.638888888888889,0.8455618455618457,0.6153846153846154,0.0,0.49233591130801607,0.5179603142397744,0.08040632733276912,0.16061652026006154,0.0,0.0,0.0,0.0,0.0,18473,global,0.0
3,5,lr1e-04_bs8_drop0p4_temp1p0_a0p25_b0p05__wd1e-04trmiss0_degmodglobal,8,0.0001,0.0001,0.4,1.0,0.25,0.05,lr1e-04_bs8_drop0p4_temp1p0_a0p25_b0p05__wd1e-04trmiss0_degmodglobal,47,0.5121692291327885,0.6478706300258636,0.6666666666666666,0.8542038208704876,0.6153846153846154,0.0,0.49248736671039034,0.480510413646698,0.10031733182924134,0.13158967984574182,0.0,0.0,0.0,0.0,0.0,18473,global,0.0
3,5,lr1e-04_bs8_drop0p4_temp1p0_a0p25_b0p05__wd1e-04trmiss0_degmodglobal,8,0.0001,0.0001,0.4,1.0,0.25,0.05,lr1e-04_bs8_drop0p4_temp1p0_a0p25_b0p05__wd1e-04trmiss0_degmodglobal,48,0.5557842765535627,0.6521833837032318,0.6388888888888888,0.8422990589657258,0.6153846153846154,0.0,0.5383787027427128,0.5303446309907096,0.08054088801145554,0.10608820670417377,0.0,0.0,0.0,0.0,0.0,18473,global,0.0
3,5,lr1e-04_bs8_drop0p4_temp1p0_a0p25_b0p05__wd1e-04trmiss0_degmodglobal,8,0.0001,0.0001,0.4,1.0,0.25,0.05,lr1e-04_bs8_drop0p4_temp1p0_a0p25_b0p05__wd1e-04trmiss0_degmodglobal,49,0.5633270995957511,0.6487008333206177,0.6111111111111112,0.8336570836570838,0.6923076923076923,0.0,0.49513043250356403,0.5300048802580152,0.10373805995498385,0.14775418543389865,0.0,0.0,0.0,0.0,0.0,18473,global,0.0
3,5,lr1e-04_bs8_drop0p4_temp1p0_a0p25_b0p05__wd1e-04trmiss0_degmodglobal,8,0.0001,0.0001,0.4,1.0,0.25,0.05,lr1e-04_bs8_drop0p4_temp1p0_a0p25_b0p05__wd1e-04trmiss0_degmodglobal,50,0.5010095536708832,0.6495304107666016,0.6111111111111112,0.8290715457382125,0.6923076923076923,0.0,0.5005884340831211,0.4662210600716727,0.0985630394092628,0.20295471804482595,0.0,0.0,0.0,0.0,0.0,18473,global,0.0
3,5,lr1e-04_bs8_drop0p4_temp1p0_a0p25_b0p05__wd1e-04trmiss0_degmodglobal,8,0.0001,0.0001,0.4,1.0,0.25,0.05,lr1e-04_bs8_drop0p4_temp1p0_a0p25_b0p05__wd1e-04trmiss0_degmodglobal,51,0.5372598554406848,0.6433232724666595,0.6944444444444444,0.872602089268756,0.6923076923076923,0.0,0.5215059816837311,0.512134062392371,0.07223759112613541,0.1413276759641511,0.0,0.0,0.0,0.0,0.0,18473,global,0.0
3,5,lr1e-04_bs8_drop0p4_temp2p0_a0p25_b0p05__wd1e-04trmiss0_degmodglobal,8,0.0001,0.0001,0.4,2.0,0.25,0.05,lr1e-04_bs8_drop0p4_temp2p0_a0p25_b0p05__wd1e-04trmiss0_degmodglobal,1,0.755233917917524,0.7149076759815216,0.6944444444444444,0.7690035273368607,0.23076923076923078,0.0,0.7950101324490139,0.7333821994917733,0.05038666459066527,0.18510099606854574,0.0,0.0,0.0,0.0,0.0,18473,global,0.0
3,5,lr1e-04_bs8_drop0p4_temp2p0_a0p25_b0p05__wd1e-04trmiss0_degmodglobal,8,0.0001,0.0001,0.4,2.0,0.25,0.05,lr1e-04_bs8_drop0p4_temp2p0_a0p25_b0p05__wd1e-04trmiss0_degmodglobal,2,0.7357433523450579,0.7209300696849823,0.6388888888888888,0.7510461760461762,0.23076923076923078,0.0,0.7073625326156616,0.6958897965294975,0.08574869057961873,0.36832764744758606,0.0,0.0,0.0,0.0,0.0,18473,global,0.0
3,5,lr1e-04_bs8_drop0p4_temp2p0_a0p25_b0p05__wd1e-04trmiss0_degmodglobal,8,0.0001,0.0001,0.4,2.0,0.25,0.05,lr1e-04_bs8_drop0p4_temp2p0_a0p25_b0p05__wd1e-04trmiss0_degmodglobal,3,0.7044068234307426,0.7259126305580139,0.5833333333333333,0.7316017316017317,0.23076923076923078,0.0,0.7622823119163513,0.6739036525998797,0.06582856231502124,0.28092117820467266,0.0,0.0,0.0,0.0,0.0,18473,global,0.0
3,5,lr1e-04_bs8_drop0p4_temp2p0_a0p25_b0p05__wd1e-04trmiss0_degmodglobal,8,0.0001,0.0001,0.4,2.0,0.25,0.05,lr1e-04_bs8_drop0p4_temp2p0_a0p25_b0p05__wd1e-04trmiss0_degmodglobal,4,0.6908098714692252,0.7217586934566498,0.5833333333333333,0.7316017316017317,0.3076923076923077,0.0,0.7213947091783796,0.6426236714635577,0.10122794445071902,0.45758419590336935,0.0,0.0,0.0,0.0,0.0,18473,global,0.0
3,5,lr1e-04_bs8_drop0p4_temp2p0_a0p25_b0p05__wd1e-04trmiss0_degmodglobal,8,0.0001,0.0001,0.4,2.0,0.25,0.05,lr1e-04_bs8_drop0p4_temp2p0_a0p25_b0p05__wd1e-04trmiss0_degmodglobal,5,0.6709309901509967,0.7108458876609802,0.6388888888888888,0.8264260430927097,0.38461538461538464,0.0,0.6961316551480975,0.6391037702560425,0.06647766275065285,0.30415623102869305,0.0,0.0,0.0,0.0,0.0,18473,global,0.0
3,5,lr1e-04_bs8_drop0p4_temp2p0_a0p25_b0p05__wd1e-04trmiss0_degmodglobal,8,0.0001,0.0001,0.4,2.0,0.25,0.05,lr1e-04_bs8_drop0p4_temp2p0_a0p25_b0p05__wd1e-04trmiss0_degmodglobal,6,0.6905529924801418,0.7050878703594208,0.6388888888888888,0.8264260430927097,0.46153846153846156,0.0,0.726006703717368,0.6567825164113726,0.0762811287173203,0.29400391025202616,0.0,0.0,0.0,0.0,0.0,18473,global,0.0
3,5,lr1e-04_bs8_drop0p4_temp2p0_a0p25_b0p05__wd1e-04trmiss0_degmodglobal,8,0.0001,0.0001,0.4,2.0,0.25,0.05,lr1e-04_bs8_drop0p4_temp2p0_a0p25_b0p05__wd1e-04trmiss0_degmodglobal,7,0.658698286328997,0.7032219171524048,0.6388888888888888,0.8264260430927097,0.46153846153846156,0.0,0.6965575047901699,0.6278228163719177,0.07200745493173599,0.2574720191104071,0.0,0.0,0.0,0.0,0.0,18473,global,0.0
3,5,lr1e-04_bs8_drop0p4_temp2p0_a0p25_b0p05__wd1e-04trmiss0_degmodglobal,8,0.0001,0.0001,0.4,2.0,0.25,0.05,lr1e-04_bs8_drop0p4_temp2p0_a0p25_b0p05__wd1e-04trmiss0_degmodglobal,8,0.649032005241939,0.7100436389446259,0.6111111111111112,0.8145212811879479,0.46153846153846156,0.0,0.6773762617792402,0.617132808480944,0.07368372327515058,0.2695654556155205,0.0,0.0,0.0,0.0,0.0,18473,global,0.0
3,5,lr1e-04_bs8_drop0p4_temp2p0_a0p25_b0p05__wd1e-04trmiss0_degmodglobal,8,0.0001,0.0001,0.4,2.0,0.25,0.05,lr1e-04_bs8_drop0p4_temp2p0_a0p25_b0p05__wd1e-04trmiss0_degmodglobal,9,0.6172046320778983,0.7119903564453125,0.5833333333333334,0.8058793058793059,0.46153846153846156,0.0,0.690981924533844,0.5870298487799508,0.06861276711736407,0.2604318601744516,0.0,0.0,0.0,0.0,0.0,18473,global,0.0
3,5,lr1e-04_bs8_drop0p4_temp2p0_a0p25_b0p05__wd1e-04trmiss0_degmodglobal,8,0.0001,0.0001,0.4,2.0,0.25,0.05,lr1e-04_bs8_drop0p4_temp2p0_a0p25_b0p05__wd1e-04trmiss0_degmodglobal,10,0.6385139737810407,0.7127410769462585,0.5833333333333334,0.8058793058793059,0.5384615384615384,0.0,0.6813221233231681,0.6045388238770621,0.07683367388589042,0.29533484152385164,0.0,0.0,0.0,0.0,0.0,18473,global,0.0
3,5,lr1e-04_bs8_drop0p4_temp2p0_a0p25_b0p05__wd1e-04trmiss0_degmodglobal,8,0.0001,0.0001,0.4,2.0,0.25,0.05,lr1e-04_bs8_drop0p4_temp2p0_a0p25_b0p05__wd1e-04trmiss0_degmodglobal,11,0.6275477409362793,0.7133203148841858,0.5555555555555555,0.8056147556147557,0.46153846153846156,0.0,0.6529255083629063,0.6046563131468636,0.051088847219944,0.20238431862422399,0.0,0.0,0.0,0.0,0.0,18473,global,0.0
3,5,lr1e-04_bs8_drop0p4_temp2p0_a0p25_b0p05__wd1e-04trmiss0_degmodglobal,8,0.0001,0.0001,0.4,2.0,0.25,0.05,lr1e-04_bs8_drop0p4_temp2p0_a0p25_b0p05__wd1e-04trmiss0_degmodglobal,12,0.6232279879706246,0.7107733488082886,0.5555555555555555,0.8056147556147557,0.46153846153846156,0.0,0.6639038154057094,0.590056300163269,0.07825624889561109,0.2721524941069739,0.0,0.0,0.0,0.0,0.0,18473,global,0.0
3,5,lr1e-04_bs8_drop0p4_temp2p0_a0p25_b0p05__wd1e-04trmiss0_degmodglobal,8,0.0001,0.0001,0.4,2.0,0.25,0.05,lr1e-04_bs8_drop0p4_temp2p0_a0p25_b0p05__wd1e-04trmiss0_degmodglobal,13,0.602694034576416,0.7132461071014404,0.5833333333333333,0.8204295704295705,0.46153846153846156,0.0,0.6574928760528564,0.5732111760548183,0.06735984927841596,0.252857648900577,0.0,0.0,0.0,0.0,0.0,18473,global,0.0
3,5,lr1e-04_bs8_drop0p4_temp2p0_a0p25_b0p05__wd1e-04trmiss0_degmodglobal,8,0.0001,0.0001,0.4,2.0,0.25,0.05,lr1e-04_bs8_drop0p4_temp2p0_a0p25_b0p05__wd1e-04trmiss0_degmodglobal,14,0.6045815604073661,0.7071437239646912,0.5555555555555555,0.8056147556147557,0.5384615384615384,0.0,0.6570407152175903,0.5688511388642448,0.0820022885288511,0.3045966178178787,0.0,0.0,0.0,0.0,0.0,18473,global,0.0
3,5,lr1e-04_bs8_drop0p4_temp2p0_a0p25_b0p05__wd1e-04trmiss0_degmodglobal,8,0.0001,0.0001,0.4,2.0,0.25,0.05,lr1e-04_bs8_drop0p4_temp2p0_a0p25_b0p05__wd1e-04trmiss0_degmodglobal,15,0.5917053307805743,0.7058714032173157,0.5555555555555555,0.8056147556147557,0.5384615384615384,0.0,0.6543894921030317,0.563923852784293,0.06586840589131628,0.2262873234493392,0.0,0.0,0.0,0.0,0.0,18473,global,0.0
3,5,lr1e-04_bs8_drop0p4_temp2p0_a0p25_b0p05__wd1e-04trmiss0_degmodglobal,8,0.0001,0.0001,0.4,2.0,0.25,0.05,lr1e-04_bs8_drop0p4_temp2p0_a0p25_b0p05__wd1e-04trmiss0_degmodglobal,16,0.6144016214779445,0.7077094614505768,0.5833333333333333,0.8142567309233977,0.46153846153846156,0.0,0.6406636238098145,0.5746931987149375,0.09888033515640668,0.29976686409541536,0.0,0.0,0.0,0.0,0.0,18473,global,0.0
3,5,lr1e-04_bs8_drop0p4_temp2p0_a0p25_b0p05__wd1e-04trmiss0_degmodglobal,8,0.0001,0.0001,0.4,2.0,0.25,0.05,lr1e-04_bs8_drop0p4_temp2p0_a0p25_b0p05__wd1e-04trmiss0_degmodglobal,17,0.6048245770590646,0.7070730030536652,0.6111111111111112,0.8206669873336541,0.38461538461538464,0.0,0.6262613024030413,0.5789886031832013,0.06420509783285004,0.19569412086691176,0.0,0.0,0.0,0.0,0.0,18473,global,0.0
3,5,lr1e-04_bs8_drop0p4_temp2p0_a0p25_b0p05__wd1e-04trmiss0_degmodglobal,8,0.0001,0.0001,0.4,2.0,0.25,0.05,lr1e-04_bs8_drop0p4_temp2p0_a0p25_b0p05__wd1e-04trmiss0_degmodglobal,18,0.6200229184968131,0.7021827399730682,0.6666666666666666,0.8577040243706913,0.46153846153846156,0.0,0.6392858283860343,0.5783197666917529,0.09741087098206792,0.34700861147471834,0.0,0.0,0.0,0.0,0.0,18473,global,0.0
3,5,lr1e-04_bs8_drop0p4_temp2p0_a0p25_b0p05__wd1e-04trmiss0_degmodglobal,8,0.0001,0.0001,0.4,2.0,0.25,0.05,lr1e-04_bs8_drop0p4_temp2p0_a0p25_b0p05__wd1e-04trmiss0_degmodglobal,19,0.5825316182204655,0.6995055377483368,0.6666666666666666,0.8577040243706913,0.5384615384615384,0.0,0.6549621735300336,0.5514831968716213,0.07280694107924189,0.25693343579769135,0.0,0.0,0.0,0.0,0.0,18473,global,0.0
3,5,lr1e-04_bs8_drop0p4_temp2p0_a0p25_b0p05__wd1e-04trmiss0_degmodglobal,8,0.0001,0.0001,0.4,2.0,0.25,0.05,lr1e-04_bs8_drop0p4_temp2p0_a0p25_b0p05__wd1e-04trmiss0_degmodglobal,20,0.5902609825134277,0.7026864588260651,0.6111111111111112,0.8206669873336541,0.46153846153846156,0.0,0.6218029856681824,0.5639094284602574,0.06287331134080887,0.21266436576843262,0.0,0.0,0.0,0.0,0.0,18473,global,0.0
3,5,lr1e-04_bs8_drop0p4_temp2p0_a0p25_b0p05__wd1e-04trmiss0_degmodglobal,8,0.0001,0.0001,0.4,2.0,0.25,0.05,lr1e-04_bs8_drop0p4_temp2p0_a0p25_b0p05__wd1e-04trmiss0_degmodglobal,21,0.5847459350313459,0.6998984813690186,0.6111111111111112,0.8206669873336541,0.46153846153846156,0.0,0.6241514086723328,0.5531034810202462,0.07507087024194854,0.25749474338122774,0.0,0.0,0.0,0.0,0.0,18473,global,0.0
3,5,lr1e-04_bs8_drop0p4_temp2p0_a0p25_b0p05__wd1e-04trmiss0_degmodglobal,8,0.0001,0.0001,0.4,2.0,0.25,0.05,lr1e-04_bs8_drop0p4_temp2p0_a0p25_b0p05__wd1e-04trmiss0_degmodglobal,22,0.6096228020531791,0.6956108808517456,0.6666666666666666,0.8593745760412428,0.46153846153846156,0.0,0.5977134874888829,0.5803757735661098,0.07013353279658727,0.2342726125248841,0.0,0.0,0.0,0.0,0.0,18473,global,0.0
3,5,lr1e-04_bs8_drop0p4_temp2p0_a0p25_b0p05__wd1e-04trmiss0_degmodglobal,8,0.0001,0.0001,0.4,2.0,0.25,0.05,lr1e-04_bs8_drop0p4_temp2p0_a0p25_b0p05__wd1e-04trmiss0_degmodglobal,23,0.5811089149543217,0.7055986225605011,0.6666666666666666,0.8593745760412428,0.46153846153846156,0.0,0.5954559828553881,0.5403258459908622,0.09731180114405495,0.3291023022362164,0.0,0.0,0.0,0.0,0.0,18473,global,0.0
3,5,lr1e-04_bs8_drop0p4_temp2p0_a0p25_b0p05__wd1e-04trmiss0_degmodglobal,8,0.0001,0.0001,0.4,2.0,0.25,0.05,lr1e-04_bs8_drop0p4_temp2p0_a0p25_b0p05__wd1e-04trmiss0_degmodglobal,24,0.6100399323872158,0.6994844377040863,0.6111111111111112,0.8290715457382125,0.46153846153846156,0.0,0.5851613070283618,0.5685319389615741,0.09062531271151134,0.3770336593900408,0.0,0.0,0.0,0.0,0.0,18473,global,0.0
3,5,lr1e-04_bs8_drop0p4_temp2p0_a0p25_b0p05__wd1e-04trmiss0_degmodglobal,8,0.0001,0.0001,0.4,2.0,0.25,0.05,lr1e-04_bs8_drop0p4_temp2p0_a0p25_b0p05__wd1e-04trmiss0_degmodglobal,25,0.5820640240396772,0.6869567632675171,0.6944444444444444,0.8657848324514992,0.46153846153846156,0.0,0.5967543976647514,0.5380772863115583,0.10986249734248434,0.33042238865579876,0.0,0.0,0.0,0.0,0.0,18473,global,0.0
3,5,lr1e-04_bs8_drop0p4_temp2p0_a0p25_b0p05__wd1e-04trmiss0_degmodglobal,8,0.0001,0.0001,0.4,2.0,0.25,0.05,lr1e-04_bs8_drop0p4_temp2p0_a0p25_b0p05__wd1e-04trmiss0_degmodglobal,26,0.5877407959529332,0.6902884840965271,0.6388888888888888,0.8287477954144622,0.38461538461538464,0.0,0.6079955782209124,0.5538658414568219,0.077484949358872,0.2900746294430324,0.0,0.0,0.0,0.0,0.0,18473,global,0.0
3,5,lr1e-04_bs8_drop0p4_temp2p0_a0p25_b0p05__wd1e-04trmiss0_degmodglobal,8,0.0001,0.0001,0.4,2.0,0.25,0.05,lr1e-04_bs8_drop0p4_temp2p0_a0p25_b0p05__wd1e-04trmiss0_degmodglobal,27,0.5751226459230695,0.6972005665302277,0.5833333333333333,0.8142567309233977,0.38461538461538464,0.0,0.6083231908934457,0.5464725579534259,0.06896905813898359,0.2281566091946193,0.0,0.0,0.0,0.0,0.0,18473,global,0.0
3,5,lr1e-04_bs8_drop0p4_temp2p0_a0p25_b0p05__wd1e-04trmiss0_degmodglobal,8,0.0001,0.0001,0.4,2.0,0.25,0.05,lr1e-04_bs8_drop0p4_temp2p0_a0p25_b0p05__wd1e-04trmiss0_degmodglobal,28,0.5754108428955078,0.6960314512252808,0.5833333333333334,0.7928892095558764,0.46153846153846156,0.0,0.5868514989103589,0.5396950798375266,0.08832976860659462,0.2726664702807154,0.0,0.0,0.0,0.0,0.0,18473,global,0.0
3,5,lr1e-04_bs8_drop0p4_temp2p0_a0p25_b0p05__wd1e-04trmiss0_degmodglobal,8,0.0001,0.0001,0.4,2.0,0.25,0.05,lr1e-04_bs8_drop0p4_temp2p0_a0p25_b0p05__wd1e-04trmiss0_degmodglobal,29,0.5876805441720145,0.692906379699707,0.6388888888888888,0.822602089268756,0.38461538461538464,0.0,0.6010985033852714,0.5424807284559522,0.11545133324606079,0.3267396922622408,0.0,0.0,0.0,0.0,0.0,18473,global,0.0
3,5,lr1e-04_bs8_drop0p4_temp2p0_a0p25_b0p05__wd1e-04trmiss0_degmodglobal,8,0.0001,0.0001,0.4,2.0,0.25,0.05,lr1e-04_bs8_drop0p4_temp2p0_a0p25_b0p05__wd1e-04trmiss0_degmodglobal,30,0.569551340171269,0.6987086236476898,0.6388888888888888,0.822602089268756,0.46153846153846156,0.0,0.599618809563773,0.5338212890284402,0.08014376035758428,0.3138822146824428,0.0,0.0,0.0,0.0,0.0,18473,global,0.0
3,5,lr1e-04_bs8_drop0p4_temp2p0_a0p25_b0p05__wd1e-04trmiss0_degmodglobal,8,0.0001,0.0001,0.4,2.0,0.25,0.05,lr1e-04_bs8_drop0p4_temp2p0_a0p25_b0p05__wd1e-04trmiss0_degmodglobal,31,0.5560426414012909,0.704269140958786,0.6388888888888888,0.822602089268756,0.46153846153846156,0.0,0.5799276658466884,0.5309196369988578,0.0636708214879036,0.18410574485148704,0.0,0.0,0.0,0.0,0.0,18473,global,0.0
3,5,lr1e-04_bs8_drop0p4_temp2p0_a0p25_b0p05__wd1e-04trmiss0_degmodglobal,8,0.0001,0.0001,0.4,2.0,0.25,0.05,lr1e-04_bs8_drop0p4_temp2p0_a0p25_b0p05__wd1e-04trmiss0_degmodglobal,32,0.5784846586840493,0.7002198100090027,0.611111111111111,0.8223375390042058,0.5384615384615384,0.0,0.6120020065988813,0.555811311517443,0.05277012235351971,0.1896161511540413,0.0,0.0,0.0,0.0,0.0,18473,global,0.0
3,5,lr1e-04_bs8_drop0p4_temp2p0_a0p25_b0p05__wd1e-04trmiss0_degmodglobal,8,0.0001,0.0001,0.4,2.0,0.25,0.05,lr1e-04_bs8_drop0p4_temp2p0_a0p25_b0p05__wd1e-04trmiss0_degmodglobal,33,0.590183436870575,0.7021504938602448,0.638888888888889,0.8371523538190206,0.46153846153846156,0.0,0.5991159081459045,0.5612114327294486,0.07467525186283248,0.2060639507004193,0.0,0.0,0.0,0.0,0.0,18473,global,0.0
3,5,lr1e-04_bs8_drop0p4_temp2p0_a0p25_b0p05__wd1e-04trmiss0_degmodglobal,8,0.0001,0.0001,0.4,2.0,0.25,0.05,lr1e-04_bs8_drop0p4_temp2p0_a0p25_b0p05__wd1e-04trmiss0_degmodglobal,34,0.5454785823822021,0.7052634060382843,0.6111111111111112,0.8093745760412427,0.5384615384615384,0.0,0.5847885310649872,0.5162965187004634,0.07011686105813299,0.2330571391752788,0.0,0.0,0.0,0.0,0.0,18473,global,0.0
3,5,lr1e-04_bs8_drop0p4_temp2p0_a0p25_b0p05__wd1e-04trmiss0_degmodglobal,8,0.0001,0.0001,0.4,2.0,0.25,0.05,lr1e-04_bs8_drop0p4_temp2p0_a0p25_b0p05__wd1e-04trmiss0_degmodglobal,35,0.5909419059753418,0.6935000121593475,0.6111111111111112,0.8093745760412427,0.5384615384615384,0.0,0.6046620181628636,0.5574880923543658,0.08049535644905907,0.26659970198358807,0.0,0.0,0.0,0.0,0.0,18473,global,0.0
3,5,lr1e-04_bs8_drop0p4_temp2p0_a0p25_b0p05__wd1e-04trmiss0_degmodglobal,8,0.0001,0.0001,0.4,2.0,0.25,0.05,lr1e-04_bs8_drop0p4_temp2p0_a0p25_b0p05__wd1e-04trmiss0_degmodglobal,36,0.5605001790182931,0.6988427042961121,0.6111111111111112,0.8093745760412427,0.5384615384615384,0.0,0.5734792309147971,0.5228026126112256,0.09082828462123871,0.29980952186243875,0.0,0.0,0.0,0.0,0.0,18473,global,0.0
3,5,lr1e-04_bs8_drop0p4_temp2p0_a0p25_b0p05__wd1e-04trmiss0_degmodglobal,8,0.0001,0.0001,0.4,2.0,0.25,0.05,lr1e-04_bs8_drop0p4_temp2p0_a0p25_b0p05__wd1e-04trmiss0_degmodglobal,37,0.5609027360166822,0.698433130979538,0.5277777777777778,0.7575227241893909,0.5384615384615384,0.0,0.5729904643126896,0.5222015636307853,0.09014641333903585,0.3232912995985576,0.0,0.0,0.0,0.0,0.0,18473,global,0.0
3,5,lr1e-04_bs8_drop0p4_temp2p0_a0p25_b0p05__wd1e-04trmiss0_degmodglobal,8,0.0001,0.0001,0.4,2.0,0.25,0.05,lr1e-04_bs8_drop0p4_temp2p0_a0p25_b0p05__wd1e-04trmiss0_degmodglobal,38,0.5660363733768463,0.7004191279411316,0.5555555555555556,0.7945597612264279,0.5384615384615384,0.0,0.5811486073902675,0.5371870909418378,0.06714505170072828,0.24126029227461135,0.0,0.0,0.0,0.0,0.0,18473,global,0.0
3,5,lr1e-04_bs8_drop0p4_temp2p0_a0p25_b0p05__wd1e-04trmiss0_degmodglobal,8,0.0001,0.0001,0.4,2.0,0.25,0.05,lr1e-04_bs8_drop0p4_temp2p0_a0p25_b0p05__wd1e-04trmiss0_degmodglobal,39,0.571375868150166,0.7021574079990387,0.5277777777777778,0.7575227241893909,0.5384615384615384,0.0,0.5978897043636867,0.5241093422685351,0.11399066235337939,0.3753772271530969,0.0,0.0,0.0,0.0,0.0,18473,global,0.0
3,5,lr1e-04_bs8_drop0p4_temp2p0_a0p25_b0p05__wd1e-04trmiss0_degmodglobal,8,0.0001,0.0001,0.4,2.0,0.25,0.05,lr1e-04_bs8_drop0p4_temp2p0_a0p25_b0p05__wd1e-04trmiss0_degmodglobal,40,0.5528063774108887,0.7007215917110443,0.5277777777777778,0.7575227241893909,0.5384615384615384,0.0,0.5812577647822244,0.5165893094880241,0.09278542495199613,0.2604143475847585,0.0,0.0,0.0,0.0,0.0,18473,global,0.0
3,5,lr1e-04_bs8_drop0p4_temp2p0_a0p25_b0p05__wd1e-04trmiss0_degmodglobal,8,0.0001,0.0001,0.4,2.0,0.25,0.05,lr1e-04_bs8_drop0p4_temp2p0_a0p25_b0p05__wd1e-04trmiss0_degmodglobal,41,0.5509664501462664,0.7052410244941711,0.5277777777777778,0.7575227241893909,0.5384615384615384,0.0,0.5879840723105839,0.5226365923881531,0.07028777790921074,0.21515817833798273,0.0,0.0,0.0,0.0,0.0,18473,global,0.0
3,5,lr1e-04_bs8_drop0p4_temp2p0_a0p25_b0p05__wd1e-04trmiss0_degmodglobal,8,0.0001,0.0001,0.4,2.0,0.25,0.05,lr1e-04_bs8_drop0p4_temp2p0_a0p25_b0p05__wd1e-04trmiss0_degmodglobal,42,0.5709073032651629,0.7061982750892639,0.5277777777777777,0.708701175367842,0.5384615384615384,0.0,0.5892946975571769,0.538273594209126,0.08126950476850782,0.24632664450577327,0.0,0.0,0.0,0.0,0.0,18473,global,0.0
3,5,lr1e-04_bs8_drop0p4_temp2p0_a0p25_b0p05__wd1e-04trmiss0_degmodglobal,8,0.0001,0.0001,0.4,2.0,0.25,0.05,lr1e-04_bs8_drop0p4_temp2p0_a0p25_b0p05__wd1e-04trmiss0_degmodglobal,43,0.5522915124893188,0.7088581621646881,0.5555555555555556,0.7167819834486502,0.5384615384615384,0.0,0.5804442848478045,0.5096113298620496,0.10542471893131733,0.3264799416065216,0.0,0.0,0.0,0.0,0.0,18473,global,0.0
3,5,lr1e-04_bs8_drop0p4_temp2p0_a0p25_b0p05__wd1e-04trmiss0_degmodglobal,8,0.0001,0.0001,0.4,2.0,0.25,0.05,lr1e-04_bs8_drop0p4_temp2p0_a0p25_b0p05__wd1e-04trmiss0_degmodglobal,44,0.5696522508348737,0.6979682445526123,0.6111111111111112,0.7787477954144622,0.5384615384615384,0.0,0.5761245446545737,0.5278826568807874,0.10142856676663671,0.3282490095921925,0.0,0.0,0.0,0.0,0.0,18473,global,0.0
3,5,lr1e-04_bs8_drop0p4_temp2p0_a0p25_b0p05__wd1e-04trmiss0_degmodglobal,8,0.0001,0.0001,0.4,2.0,0.25,0.05,lr1e-04_bs8_drop0p4_temp2p0_a0p25_b0p05__wd1e-04trmiss0_degmodglobal,45,0.5424437522888184,0.6999965906143188,0.6388888888888888,0.8157848324514991,0.5384615384615384,0.0,0.5495037819658007,0.5063024163246155,0.08939222672155925,0.2758656069636345,0.0,0.0,0.0,0.0,0.0,18473,global,0.0
3,5,lr5e-05_bs8_drop0p2_temp1p0_a0p25_b0p05__wd1e-04trmiss0_degmodglobal,8,5e-05,0.0001,0.2,1.0,0.25,0.05,lr5e-05_bs8_drop0p2_temp1p0_a0p25_b0p05__wd1e-04trmiss0_degmodglobal,1,0.7061322246279035,0.6973769068717957,0.4444444444444444,0.7216200466200466,0.5384615384615384,0.0,0.6930685298783439,0.6898254837308612,0.04576701085482325,0.09729981715125698,0.0,0.0,0.0,0.0,0.0,18473,global,0.0
3,5,lr5e-05_bs8_drop0p2_temp1p0_a0p25_b0p05__wd1e-04trmiss0_degmodglobal,8,5e-05,0.0001,0.2,1.0,0.25,0.05,lr5e-05_bs8_drop0p2_temp1p0_a0p25_b0p05__wd1e-04trmiss0_degmodglobal,2,0.6918971027646746,0.6970274448394775,0.38888888888888884,0.6943713693713693,0.6153846153846154,0.0,0.6544435364859444,0.678002119064331,0.03973851352930069,0.07920735116515841,0.0,0.0,0.0,0.0,0.0,18473,global,0.0
3,5,lr5e-05_bs8_drop0p2_temp1p0_a0p25_b0p05__wd1e-04trmiss0_degmodglobal,8,5e-05,0.0001,0.2,1.0,0.25,0.05,lr5e-05_bs8_drop0p2_temp1p0_a0p25_b0p05__wd1e-04trmiss0_degmodglobal,3,0.6528991460800171,0.6875465214252472,0.5555555555555556,0.7558521725188392,0.6153846153846154,0.0,0.6425254940986633,0.6402335848127093,0.038973982845033915,0.05844138748943806,0.0,0.0,0.0,0.0,0.0,18473,global,0.0
3,5,lr5e-05_bs8_drop0p2_temp1p0_a0p25_b0p05__wd1e-04trmiss0_degmodglobal,8,5e-05,0.0001,0.2,1.0,0.25,0.05,lr5e-05_bs8_drop0p2_temp1p0_a0p25_b0p05__wd1e-04trmiss0_degmodglobal,4,0.6519156353814262,0.6754388511180878,0.5555555555555556,0.7558521725188392,0.6153846153846154,0.0,0.6229756474494934,0.6348500336919513,0.046733825866665156,0.10764279322964805,0.0,0.0,0.0,0.0,0.0,18473,global,0.0
3,5,lr5e-05_bs8_drop0p2_temp1p0_a0p25_b0p05__wd1e-04trmiss0_degmodglobal,8,5e-05,0.0001,0.2,1.0,0.25,0.05,lr5e-05_bs8_drop0p2_temp1p0_a0p25_b0p05__wd1e-04trmiss0_degmodglobal,5,0.6241067477634975,0.6712617874145508,0.5555555555555556,0.7642567309233976,0.6923076923076923,0.0,0.6051165972437177,0.6078134604862758,0.045496243983507156,0.09838479491216796,0.0,0.0,0.0,0.0,0.0,18473,global,0.0
3,5,lr5e-05_bs8_drop0p2_temp1p0_a0p25_b0p05__wd1e-04trmiss0_degmodglobal,8,5e-05,0.0001,0.2,1.0,0.25,0.05,lr5e-05_bs8_drop0p2_temp1p0_a0p25_b0p05__wd1e-04trmiss0_degmodglobal,6,0.622454822063446,0.6629978716373444,0.5833333333333334,0.8012937679604346,0.6923076923076923,0.0,0.6172471046447754,0.603051347391946,0.05667377955147198,0.10470068774053029,0.0,0.0,0.0,0.0,0.0,18473,global,0.0
3,5,lr5e-05_bs8_drop0p2_temp1p0_a0p25_b0p05__wd1e-04trmiss0_degmodglobal,8,5e-05,0.0001,0.2,1.0,0.25,0.05,lr5e-05_bs8_drop0p2_temp1p0_a0p25_b0p05__wd1e-04trmiss0_degmodglobal,7,0.6109488095555987,0.6568467319011688,0.6388888888888888,0.8264260430927097,0.6923076923076923,0.0,0.579430605684008,0.5931505135127476,0.05189457136605467,0.09649301613015789,0.0,0.0,0.0,0.0,0.0,18473,global,0.0
3,5,lr5e-05_bs8_drop0p2_temp1p0_a0p25_b0p05__wd1e-04trmiss0_degmodglobal,8,5e-05,0.0001,0.2,1.0,0.25,0.05,lr5e-05_bs8_drop0p2_temp1p0_a0p25_b0p05__wd1e-04trmiss0_degmodglobal,8,0.6216829674584525,0.6744347512722015,0.638888888888889,0.8304945054945057,0.6923076923076923,0.0,0.5935298204421997,0.6074168596948896,0.04375979570405824,0.06652318686246872,0.0,0.0,0.0,0.0,0.0,18473,global,0.0
3,5,lr5e-05_bs8_drop0p2_temp1p0_a0p25_b0p05__wd1e-04trmiss0_degmodglobal,8,5e-05,0.0001,0.2,1.0,0.25,0.05,lr5e-05_bs8_drop0p2_temp1p0_a0p25_b0p05__wd1e-04trmiss0_degmodglobal,9,0.5890692472457886,0.6660861968994141,0.6111111111111112,0.8355650522317191,0.6923076923076923,0.0,0.5891257013593402,0.5691742726734706,0.055270224277462275,0.12154821625777654,0.0,0.0,0.0,0.0,0.0,18473,global,0.0
3,5,lr5e-05_bs8_drop0p2_temp1p0_a0p25_b0p05__wd1e-04trmiss0_degmodglobal,8,5e-05,0.0001,0.2,1.0,0.25,0.05,lr5e-05_bs8_drop0p2_temp1p0_a0p25_b0p05__wd1e-04trmiss0_degmodglobal,10,0.5874690328325544,0.6700941026210785,0.5833333333333334,0.8077872744539412,0.6923076923076923,0.0,0.5800871167864118,0.5691919752529689,0.05118870575513158,0.10959750413894653,0.0,0.0,0.0,0.0,0.0,18473,global,0.0
3,5,lr5e-05_bs8_drop0p2_temp1p0_a0p25_b0p05__wd1e-04trmiss0_degmodglobal,8,5e-05,0.0001,0.2,1.0,0.25,0.05,lr5e-05_bs8_drop0p2_temp1p0_a0p25_b0p05__wd1e-04trmiss0_degmodglobal,11,0.6067811335836139,0.6583371460437775,0.6666666666666666,0.8593745760412428,0.6153846153846154,0.0,0.5992283821105957,0.5892731717654637,0.052400492663894384,0.08815661285604749,0.0,0.0,0.0,0.0,0.0,18473,global,0.0
3,5,lr5e-05_bs8_drop0p2_temp1p0_a0p25_b0p05__wd1e-04trmiss0_degmodglobal,8,5e-05,0.0001,0.2,1.0,0.25,0.05,lr5e-05_bs8_drop0p2_temp1p0_a0p25_b0p05__wd1e-04trmiss0_degmodglobal,12,0.5790638838495527,0.6455211937427521,0.6666666666666666,0.8593745760412428,0.6923076923076923,0.0,0.5651914094175611,0.5566629001072475,0.06695661268063954,0.11323687966380801,0.0,0.0,0.0,0.0,0.0,18473,global,0.0
3,5,lr5e-05_bs8_drop0p2_temp1p0_a0p25_b0p05__wd1e-04trmiss0_degmodglobal,8,5e-05,0.0001,0.2,1.0,0.25,0.05,lr5e-05_bs8_drop0p2_temp1p0_a0p25_b0p05__wd1e-04trmiss0_degmodglobal,13,0.5798495582171849,0.6417306959629059,0.6666666666666666,0.8593745760412428,0.6923076923076923,0.0,0.573104202747345,0.5609710386821202,0.0525499800486224,0.11482045107654162,0.0,0.0,0.0,0.0,0.0,18473,global,0.0
3,5,lr5e-05_bs8_drop0p2_temp1p0_a0p25_b0p05__wd1e-04trmiss0_degmodglobal,8,5e-05,0.0001,0.2,1.0,0.25,0.05,lr5e-05_bs8_drop0p2_temp1p0_a0p25_b0p05__wd1e-04trmiss0_degmodglobal,14,0.5611965656280518,0.6495544016361237,0.6666666666666666,0.8593745760412428,0.6923076923076923,0.0,0.5425529905727932,0.5430566242762974,0.05249476592455592,0.10032479677881513,0.0,0.0,0.0,0.0,0.0,18473,global,0.0
3,5,lr5e-05_bs8_drop0p2_temp1p0_a0p25_b0p05__wd1e-04trmiss0_degmodglobal,8,5e-05,0.0001,0.2,1.0,0.25,0.05,lr5e-05_bs8_drop0p2_temp1p0_a0p25_b0p05__wd1e-04trmiss0_degmodglobal,15,0.5751210025378636,0.6549257040023804,0.6666666666666666,0.8593745760412428,0.6153846153846154,0.0,0.560740419796535,0.556890777179173,0.05048305434840066,0.1121891944536141,0.0,0.0,0.0,0.0,0.0,18473,global,0.0
3,5,lr5e-05_bs8_drop0p2_temp1p0_a0p25_b0p05__wd1e-04trmiss0_degmodglobal,8,5e-05,0.0001,0.2,1.0,0.25,0.05,lr5e-05_bs8_drop0p2_temp1p0_a0p25_b0p05__wd1e-04trmiss0_degmodglobal,16,0.543086222239903,0.6478010416030884,0.6944444444444444,0.872602089268756,0.6153846153846154,0.0,0.5290398342268807,0.5252801009586879,0.05142569701586451,0.09899389637368065,0.0,0.0,0.0,0.0,0.0,18473,global,0.0
3,5,lr5e-05_bs8_drop0p2_temp1p0_a0p25_b0p05__wd1e-04trmiss0_degmodglobal,8,5e-05,0.0001,0.2,1.0,0.25,0.05,lr5e-05_bs8_drop0p2_temp1p0_a0p25_b0p05__wd1e-04trmiss0_degmodglobal,17,0.5707029444830758,0.6410771012306213,0.7222222222222222,0.8911206077872746,0.6153846153846154,0.0,0.5493279780660357,0.554932177066803,0.04966391250491142,0.06709597845162664,0.0,0.0,0.0,0.0,0.0,18473,global,0.0
3,5,lr5e-05_bs8_drop0p2_temp1p0_a0p25_b0p05__wd1e-04trmiss0_degmodglobal,8,5e-05,0.0001,0.2,1.0,0.25,0.05,lr5e-05_bs8_drop0p2_temp1p0_a0p25_b0p05__wd1e-04trmiss0_degmodglobal,18,0.5620431218828473,0.6245706081390381,0.75,0.9030253696920365,0.6923076923076923,0.0,0.5540536216327122,0.5444597516741071,0.04986273603779929,0.102353803015181,0.0,0.0,0.0,0.0,0.0,18473,global,0.0
3,5,lr5e-05_bs8_drop0p2_temp1p0_a0p25_b0p05__wd1e-04trmiss0_degmodglobal,8,5e-05,0.0001,0.2,1.0,0.25,0.05,lr5e-05_bs8_drop0p2_temp1p0_a0p25_b0p05__wd1e-04trmiss0_degmodglobal,19,0.5414556648050036,0.6299149990081787,0.75,0.9030253696920365,0.6153846153846154,0.0,0.5417452199118478,0.5249164700508118,0.04880282362656934,0.08676951751112938,0.0,0.0,0.0,0.0,0.0,18473,global,0.0
3,5,lr5e-05_bs8_drop0p2_temp1p0_a0p25_b0p05__wd1e-04trmiss0_degmodglobal,8,5e-05,0.0001,0.2,1.0,0.25,0.05,lr5e-05_bs8_drop0p2_temp1p0_a0p25_b0p05__wd1e-04trmiss0_degmodglobal,20,0.5253175411905561,0.6440955996513367,0.7222222222222221,0.8845068511735179,0.6153846153846154,0.0,0.5245970572744098,0.510755113192967,0.04529738798737526,0.06476185045072011,0.0,0.0,0.0,0.0,0.0,18473,global,0.0
3,5,lr5e-05_bs8_drop0p2_temp1p0_a0p25_b0p05__wd1e-04trmiss0_degmodglobal,8,5e-05,0.0001,0.2,1.0,0.25,0.05,lr5e-05_bs8_drop0p2_temp1p0_a0p25_b0p05__wd1e-04trmiss0_degmodglobal,21,0.5438639181000846,0.6303906738758087,0.75,0.9030253696920365,0.6153846153846154,0.0,0.5308748015335628,0.5231563789503915,0.060694657798324315,0.11067760842187065,0.0,0.0,0.0,0.0,0.0,18473,global,0.0
3,5,lr5e-05_bs8_drop0p2_temp1p0_a0p25_b0p05__wd1e-04trmiss0_degmodglobal,8,5e-05,0.0001,0.2,1.0,0.25,0.05,lr5e-05_bs8_drop0p2_temp1p0_a0p25_b0p05__wd1e-04trmiss0_degmodglobal,22,0.5209979925836835,0.6251306533813477,0.7222222222222222,0.8949445616112284,0.6153846153846154,0.0,0.5285717589514596,0.5050213081496102,0.04802476880805833,0.07941017565982682,0.0,0.0,0.0,0.0,0.0,18473,global,0.0
3,5,lr5e-05_bs8_drop0p2_temp1p0_a0p25_b0p05__wd1e-04trmiss0_degmodglobal,8,5e-05,0.0001,0.2,1.0,0.25,0.05,lr5e-05_bs8_drop0p2_temp1p0_a0p25_b0p05__wd1e-04trmiss0_degmodglobal,23,0.537319370678493,0.6410304009914398,0.7777777777777778,0.9216200466200468,0.6923076923076923,0.0,0.5387470892497471,0.5220461147172111,0.04711143299937248,0.06990799041731018,0.0,0.0,0.0,0.0,0.0,18473,global,0.0
3,5,lr5e-05_bs8_drop0p2_temp1p0_a0p25_b0p05__wd1e-04trmiss0_degmodglobal,8,5e-05,0.0001,0.2,1.0,0.25,0.05,lr5e-05_bs8_drop0p2_temp1p0_a0p25_b0p05__wd1e-04trmiss0_degmodglobal,24,0.5356618804591042,0.6415769457817078,0.8333333333333333,0.9435897435897438,0.8461538461538461,0.0,0.525031064237867,0.5176041892596653,0.05010338340486799,0.11063711238758904,0.0,0.0,0.0,0.0,0.0,18473,global,0.0
3,5,lr5e-05_bs8_drop0p2_temp1p0_a0p25_b0p05__wd1e-04trmiss0_degmodglobal,8,5e-05,0.0001,0.2,1.0,0.25,0.05,lr5e-05_bs8_drop0p2_temp1p0_a0p25_b0p05__wd1e-04trmiss0_degmodglobal,25,0.526013446705682,0.6180046796798706,0.861111111111111,0.9534662867996202,0.7692307692307693,0.0,0.5313820924077716,0.5103377231529781,0.04733530378767422,0.07683812826871872,0.0,0.0,0.0,0.0,0.0,18473,global,0.0
3,5,lr5e-05_bs8_drop0p2_temp1p0_a0p25_b0p05__wd1e-04trmiss0_degmodglobal,8,5e-05,0.0001,0.2,1.0,0.25,0.05,lr5e-05_bs8_drop0p2_temp1p0_a0p25_b0p05__wd1e-04trmiss0_degmodglobal,26,0.5256882522787366,0.6143612861633301,0.861111111111111,0.9534662867996202,0.7692307692307693,0.0,0.49571659309523447,0.5066955046994346,0.0571200464453016,0.09425506847245353,0.0,0.0,0.0,0.0,0.0,18473,global,0.0
3,5,lr5e-05_bs8_drop0p2_temp1p0_a0p25_b0p05__wd1e-04trmiss0_degmodglobal,8,5e-05,0.0001,0.2,1.0,0.25,0.05,lr5e-05_bs8_drop0p2_temp1p0_a0p25_b0p05__wd1e-04trmiss0_degmodglobal,27,0.5495334097317287,0.6155190169811249,0.8055555555555556,0.9355089355089357,0.7692307692307693,0.0,0.5192172740186963,0.5323165740285601,0.05072850361466408,0.09069414862564631,0.0,0.0,0.0,0.0,0.0,18473,global,0.0
3,5,lr5e-05_bs8_drop0p2_temp1p0_a0p25_b0p05__wd1e-04trmiss0_degmodglobal,8,5e-05,0.0001,0.2,1.0,0.25,0.05,lr5e-05_bs8_drop0p2_temp1p0_a0p25_b0p05__wd1e-04trmiss0_degmodglobal,28,0.5155689716339111,0.6256605088710785,0.7777777777777778,0.928774928774929,0.7692307692307693,0.0,0.5134941850389753,0.49896444593157085,0.04844271391630173,0.08987710624933243,0.0,0.0,0.0,0.0,0.0,18473,global,0.0
3,5,lr5e-05_bs8_drop0p2_temp1p0_a0p25_b0p05__wd1e-04trmiss0_degmodglobal,8,5e-05,0.0001,0.2,1.0,0.25,0.05,lr5e-05_bs8_drop0p2_temp1p0_a0p25_b0p05__wd1e-04trmiss0_degmodglobal,29,0.5307175942829677,0.6247638761997223,0.7777777777777778,0.928774928774929,0.8461538461538461,0.0,0.5163867899349758,0.5094046507562909,0.06264602525957993,0.11302852204867772,0.0,0.0,0.0,0.0,0.0,18473,global,0.0
3,5,lr5e-05_bs8_drop0p2_temp1p0_a0p25_b0p05__wd1e-04trmiss0_degmodglobal,8,5e-05,0.0001,0.2,1.0,0.25,0.05,lr5e-05_bs8_drop0p2_temp1p0_a0p25_b0p05__wd1e-04trmiss0_degmodglobal,30,0.5145570295197623,0.6156050264835358,0.7777777777777778,0.928774928774929,0.7692307692307693,0.0,0.5041034945419857,0.4958239793777466,0.056611298982586176,0.0916044797216143,0.0,0.0,0.0,0.0,0.0,18473,global,0.0
3,5,lr5e-05_bs8_drop0p2_temp1p0_a0p25_b0p05__wd1e-04trmiss0_degmodglobal,8,5e-05,0.0001,0.2,1.0,0.25,0.05,lr5e-05_bs8_drop0p2_temp1p0_a0p25_b0p05__wd1e-04trmiss0_degmodglobal,31,0.5032744875976017,0.615845113992691,0.8333333333333333,0.9435897435897438,0.7692307692307693,0.0,0.5169718606131417,0.4832139270646231,0.05903298194919314,0.10604617265718323,0.0,0.0,0.0,0.0,0.0,18473,global,0.0
3,5,lr5e-05_bs8_drop0p2_temp1p0_a0p25_b0p05__wd1e-04trmiss0_degmodglobal,8,5e-05,0.0001,0.2,1.0,0.25,0.05,lr5e-05_bs8_drop0p2_temp1p0_a0p25_b0p05__wd1e-04trmiss0_degmodglobal,32,0.5201978938920158,0.6149338781833649,0.7777777777777778,0.928774928774929,0.8461538461538461,0.0,0.49909632972308565,0.4900334860597338,0.08804297287549291,0.1630736685224942,0.0,0.0,0.0,0.0,0.0,18473,global,0.0
3,5,lr5e-05_bs8_drop0p2_temp1p0_a0p25_b0p05__wd1e-04trmiss0_degmodglobal,8,5e-05,0.0001,0.2,1.0,0.25,0.05,lr5e-05_bs8_drop0p2_temp1p0_a0p25_b0p05__wd1e-04trmiss0_degmodglobal,33,0.4918335889066969,0.611445277929306,0.7777777777777778,0.928774928774929,0.8461538461538461,0.0,0.49751607860837666,0.4745355546474457,0.05559084298355239,0.06800622785730022,0.0,0.0,0.0,0.0,0.0,18473,global,0.0
3,5,lr5e-05_bs8_drop0p2_temp1p0_a0p25_b0p05__wd1e-04trmiss0_degmodglobal,8,5e-05,0.0001,0.2,1.0,0.25,0.05,lr5e-05_bs8_drop0p2_temp1p0_a0p25_b0p05__wd1e-04trmiss0_degmodglobal,34,0.5162301531859806,0.6168853640556335,0.7777777777777778,0.928774928774929,0.7692307692307693,0.0,0.5031110431466784,0.5005903584616525,0.046320882226739614,0.08119122657392706,0.0,0.0,0.0,0.0,0.0,18473,global,0.0
3,5,lr5e-05_bs8_drop0p2_temp1p0_a0p25_b0p05__wd1e-04trmiss0_degmodglobal,8,5e-05,0.0001,0.2,1.0,0.25,0.05,lr5e-05_bs8_drop0p2_temp1p0_a0p25_b0p05__wd1e-04trmiss0_degmodglobal,35,0.5403311252593994,0.6282743215560913,0.8055555555555556,0.9355089355089357,0.7692307692307693,0.0,0.5196622567517417,0.5217317385332925,0.05389715465051787,0.1025018213050706,0.0,0.0,0.0,0.0,0.0,18473,global,0.0
3,5,lr5e-05_bs8_drop0p2_temp1p0_a0p25_b0p05__wd1e-04trmiss0_degmodglobal,8,5e-05,0.0001,0.2,1.0,0.25,0.05,lr5e-05_bs8_drop0p2_temp1p0_a0p25_b0p05__wd1e-04trmiss0_degmodglobal,36,0.5093471876212529,0.6190396249294281,0.7777777777777778,0.928774928774929,0.7692307692307693,0.0,0.4859543400151389,0.4906091349465506,0.052120559981891086,0.11415829190186091,0.0,0.0,0.0,0.0,0.0,18473,global,0.0
3,5,lr5e-05_bs8_drop0p2_temp1p0_a0p25_b0p05__wd1e-04trmiss0_degmodglobal,8,5e-05,0.0001,0.2,1.0,0.25,0.05,lr5e-05_bs8_drop0p2_temp1p0_a0p25_b0p05__wd1e-04trmiss0_degmodglobal,37,0.5087346477167947,0.6100332140922546,0.8055555555555556,0.9355089355089357,0.8461538461538461,0.0,0.4961606647287096,0.4902537592819759,0.057269771716424396,0.08326908626726695,0.0,0.0,0.0,0.0,0.0,18473,global,0.0
3,5,lr5e-05_bs8_drop0p2_temp1p0_a0p25_b0p05__wd1e-04trmiss0_degmodglobal,8,5e-05,0.0001,0.2,1.0,0.25,0.05,lr5e-05_bs8_drop0p2_temp1p0_a0p25_b0p05__wd1e-04trmiss0_degmodglobal,38,0.5010832888739449,0.6054370999336243,0.8333333333333333,0.9435897435897438,0.8461538461538461,0.0,0.4792311872754778,0.4811791181564331,0.05650878431541579,0.11553963965603284,0.0,0.0,0.0,0.0,0.0,18473,global,0.0
3,5,lr5e-05_bs8_drop0p2_temp1p0_a0p25_b0p05__wd1e-04trmiss0_degmodglobal,8,5e-05,0.0001,0.2,1.0,0.25,0.05,lr5e-05_bs8_drop0p2_temp1p0_a0p25_b0p05__wd1e-04trmiss0_degmodglobal,39,0.5357690410954612,0.6087418496608734,0.7777777777777778,0.9216200466200468,0.7692307692307693,0.0,0.4914281368255615,0.5167721893106189,0.06062048939721925,0.07683439339910235,0.0,0.0,0.0,0.0,0.0,18473,global,0.0
3,5,lr5e-05_bs8_drop0p2_temp1p0_a0p25_b0p05__wd1e-04trmiss0_degmodglobal,8,5e-05,0.0001,0.2,1.0,0.25,0.05,lr5e-05_bs8_drop0p2_temp1p0_a0p25_b0p05__wd1e-04trmiss0_degmodglobal,40,0.5031411988394601,0.6050402820110321,0.8055555555555556,0.9355089355089357,0.8461538461538461,0.0,0.4827374390193394,0.4857881580080305,0.05206706428102085,0.08672545610794,0.0,0.0,0.0,0.0,0.0,18473,global,0.0
3,5,lr5e-05_bs8_drop0p2_temp1p0_a0p25_b0p05__wd1e-04trmiss0_degmodglobal,8,5e-05,0.0001,0.2,1.0,0.25,0.05,lr5e-05_bs8_drop0p2_temp1p0_a0p25_b0p05__wd1e-04trmiss0_degmodglobal,41,0.48924517205783297,0.5989897549152374,0.8611111111111112,0.9500000000000002,0.8461538461538461,0.0,0.48361256292888094,0.4650591824735914,0.0720297358930111,0.12357107975653239,0.0,0.0,0.0,0.0,0.0,18473,global,0.0
3,5,lr5e-05_bs8_drop0p2_temp1p0_a0p25_b0p05__wd1e-04trmiss0_degmodglobal,8,5e-05,0.0001,0.2,1.0,0.25,0.05,lr5e-05_bs8_drop0p2_temp1p0_a0p25_b0p05__wd1e-04trmiss0_degmodglobal,42,0.5099279837948936,0.5892148315906525,0.8333333333333334,0.941919191919192,0.8461538461538461,0.0,0.489576199225017,0.4916706510952541,0.05414371032799993,0.09442781896463462,0.0,0.0,0.0,0.0,0.0,18473,global,0.0
3,5,lr5e-05_bs8_drop0p2_temp1p0_a0p25_b0p05__wd1e-04trmiss0_degmodglobal,8,5e-05,0.0001,0.2,1.0,0.25,0.05,lr5e-05_bs8_drop0p2_temp1p0_a0p25_b0p05__wd1e-04trmiss0_degmodglobal,43,0.5063119743551526,0.6008054316043854,0.8333333333333334,0.941919191919192,0.7692307692307693,0.0,0.4988707687173571,0.47596438441957745,0.08607035981757301,0.1766002673123564,0.0,0.0,0.0,0.0,0.0,18473,global,0.0
3,5,lr5e-05_bs8_drop0p2_temp1p0_a0p25_b0p05__wd1e-04trmiss0_degmodglobal,8,5e-05,0.0001,0.2,1.0,0.25,0.05,lr5e-05_bs8_drop0p2_temp1p0_a0p25_b0p05__wd1e-04trmiss0_degmodglobal,44,0.48617502621241976,0.6023705303668976,0.8333333333333334,0.941919191919192,0.8461538461538461,0.0,0.4624726687158857,0.46455264942986624,0.06435242880667959,0.11068521333592278,0.0,0.0,0.0,0.0,0.0,18473,global,0.0
3,5,lr5e-05_bs8_drop0p2_temp1p0_a0p25_b0p05__wd1e-04trmiss0_degmodglobal,8,5e-05,0.0001,0.2,1.0,0.25,0.05,lr5e-05_bs8_drop0p2_temp1p0_a0p25_b0p05__wd1e-04trmiss0_degmodglobal,45,0.49305820890835356,0.6062511801719666,0.861111111111111,0.9534662867996202,0.8461538461538461,0.0,0.4798573170389448,0.4718294697148459,0.06309525109827518,0.10909839240568024,0.0,0.0,0.0,0.0,0.0,18473,global,0.0
3,5,lr5e-05_bs8_drop0p2_temp1p0_a0p25_b0p05__wd1e-04trmiss0_degmodglobal,8,5e-05,0.0001,0.2,1.0,0.25,0.05,lr5e-05_bs8_drop0p2_temp1p0_a0p25_b0p05__wd1e-04trmiss0_degmodglobal,46,0.5028620958328247,0.5898542702198029,0.8888888888888888,0.9598765432098768,0.8461538461538461,0.0,0.4901639350822994,0.48335025140217375,0.05701587828142302,0.1051575451024941,0.0,0.0,0.0,0.0,0.0,18473,global,0.0
3,5,lr5e-05_bs8_drop0p2_temp1p0_a0p25_b0p05__wd1e-04trmiss0_degmodglobal,8,5e-05,0.0001,0.2,1.0,0.25,0.05,lr5e-05_bs8_drop0p2_temp1p0_a0p25_b0p05__wd1e-04trmiss0_degmodglobal,47,0.5039281972817012,0.5862602591514587,0.8333333333333334,0.941919191919192,0.8461538461538461,0.0,0.5003730016095298,0.486046416418893,0.05526655486651829,0.08130255926932607,0.0,0.0,0.0,0.0,0.0,18473,global,0.0
3,5,lr5e-05_bs8_drop0p2_temp1p0_a0p25_b0p05__wd1e-04trmiss0_degmodglobal,8,5e-05,0.0001,0.2,1.0,0.25,0.05,lr5e-05_bs8_drop0p2_temp1p0_a0p25_b0p05__wd1e-04trmiss0_degmodglobal,48,0.49860724806785583,0.6005679368972778,0.8333333333333334,0.941919191919192,0.8461538461538461,0.0,0.4586644768714905,0.47513450043542044,0.06902630041752543,0.12432355167610305,0.0,0.0,0.0,0.0,0.0,18473,global,0.0
3,5,lr5e-05_bs8_drop0p2_temp1p0_a0p25_b0p05__wd1e-04trmiss0_degmodglobal,8,5e-05,0.0001,0.2,1.0,0.25,0.05,lr5e-05_bs8_drop0p2_temp1p0_a0p25_b0p05__wd1e-04trmiss0_degmodglobal,49,0.5308296126978738,0.6204490959644318,0.8055555555555556,0.9355089355089357,0.7692307692307693,0.0,0.525632598570415,0.5146829656192234,0.04931466547506196,0.07635963175977979,0.0,0.0,0.0,0.0,0.0,18473,global,0.0
3,5,lr5e-05_bs8_drop0p2_temp1p0_a0p25_b0p05__wd1e-04trmiss0_degmodglobal,8,5e-05,0.0001,0.2,1.0,0.25,0.05,lr5e-05_bs8_drop0p2_temp1p0_a0p25_b0p05__wd1e-04trmiss0_degmodglobal,50,0.5271360065255847,0.6205158233642578,0.8333333333333333,0.9435897435897438,0.7692307692307693,0.0,0.4987214846270425,0.5086283300604139,0.05236987556729998,0.10830396839550563,0.0,0.0,0.0,0.0,0.0,18473,global,0.0
3,5,lr5e-05_bs8_drop0p2_temp1p0_a0p25_b0p05__wd1e-04trmiss0_degmodglobal,8,5e-05,0.0001,0.2,1.0,0.25,0.05,lr5e-05_bs8_drop0p2_temp1p0_a0p25_b0p05__wd1e-04trmiss0_degmodglobal,51,0.4929921456745693,0.6068630814552307,0.8333333333333333,0.9435897435897438,0.7692307692307693,0.0,0.4947052299976349,0.47454382266317097,0.056439795664378574,0.08676744784627642,0.0,0.0,0.0,0.0,0.0,18473,global,0.0
3,5,lr5e-05_bs8_drop0p2_temp1p0_a0p25_b0p05__wd1e-04trmiss0_degmodglobal,8,5e-05,0.0001,0.2,1.0,0.25,0.05,lr5e-05_bs8_drop0p2_temp1p0_a0p25_b0p05__wd1e-04trmiss0_degmodglobal,52,0.4891376239912851,0.6028292179107666,0.8055555555555556,0.9355089355089357,0.8461538461538461,0.0,0.47972738317080904,0.46927958726882935,0.0609688117567982,0.0923167805054358,0.0,0.0,0.0,0.0,0.0,18473,global,0.0
3,5,lr5e-05_bs8_drop0p2_temp1p0_a0p25_b0p05__wd1e-04trmiss0_degmodglobal,8,5e-05,0.0001,0.2,1.0,0.25,0.05,lr5e-05_bs8_drop0p2_temp1p0_a0p25_b0p05__wd1e-04trmiss0_degmodglobal,53,0.4976449353354318,0.6048165559768677,0.8611111111111112,0.9500000000000002,0.8461538461538461,0.0,0.47634950280189514,0.4737030097416469,0.07276449405721255,0.11501623051507133,0.0,0.0,0.0,0.0,0.0,18473,global,0.0
3,5,lr5e-05_bs8_drop0p2_temp1p0_a0p25_b0p05__wd1e-04trmiss0_degmodglobal,8,5e-05,0.0001,0.2,1.0,0.25,0.05,lr5e-05_bs8_drop0p2_temp1p0_a0p25_b0p05__wd1e-04trmiss0_degmodglobal,54,0.5254446182932172,0.5957836806774139,0.8611111111111112,0.9500000000000002,0.8461538461538461,0.0,0.47239789366722107,0.5053401589393616,0.060442017923508375,0.09987891784736089,0.0,0.0,0.0,0.0,0.0,18473,global,0.0
3,5,lr5e-05_bs8_drop0p2_temp1p0_a0p25_b0p05__wd1e-04trmiss0_degmodglobal,8,5e-05,0.0001,0.2,1.0,0.25,0.05,lr5e-05_bs8_drop0p2_temp1p0_a0p25_b0p05__wd1e-04trmiss0_degmodglobal,55,0.5157492160797119,0.5976190567016602,0.8611111111111112,0.9500000000000002,0.7692307692307693,0.0,0.48690260308129446,0.49173344458852497,0.06573431193828583,0.15164388716220856,0.0,0.0,0.0,0.0,0.0,18473,global,0.0
3,5,lr5e-05_bs8_drop0p2_temp1p0_a0p25_b0p05__wd1e-04trmiss0_degmodglobal,8,5e-05,0.0001,0.2,1.0,0.25,0.05,lr5e-05_bs8_drop0p2_temp1p0_a0p25_b0p05__wd1e-04trmiss0_degmodglobal,56,0.4828461366040366,0.6069180071353912,0.8333333333333333,0.9361111111111113,0.7692307692307693,0.0,0.45121761304991587,0.45753680382456097,0.07455601011003767,0.1334066508071763,0.0,0.0,0.0,0.0,0.0,18473,global,0.0
3,5,lr5e-05_bs8_drop0p2_temp1p0_a0p25_b0p05__wd1e-04trmiss0_degmodglobal,8,5e-05,0.0001,0.2,1.0,0.25,0.05,lr5e-05_bs8_drop0p2_temp1p0_a0p25_b0p05__wd1e-04trmiss0_degmodglobal,57,0.49705992000443594,0.606084406375885,0.8333333333333333,0.9361111111111113,0.7692307692307693,0.0,0.4605623313358852,0.4794439290251051,0.05564090556332043,0.07411535882524081,0.0,0.0,0.0,0.0,0.0,18473,global,0.0
3,5,lr5e-05_bs8_drop0p2_temp1p0_a0p25_b0p05__wd1e-04trmiss0_degmodglobal,8,5e-05,0.0001,0.2,1.0,0.25,0.05,lr5e-05_bs8_drop0p2_temp1p0_a0p25_b0p05__wd1e-04trmiss0_degmodglobal,58,0.47039104785237995,0.609220027923584,0.861111111111111,0.9459876543209877,0.7692307692307693,0.0,0.4728977935654776,0.4474370777606964,0.06577524649245399,0.13020333062325204,0.0,0.0,0.0,0.0,0.0,18473,global,0.0
3,5,lr5e-05_bs8_drop0p2_temp1p0_a0p25_b0p05__wd1e-04trmiss0_degmodglobal,8,5e-05,0.0001,0.2,1.0,0.25,0.05,lr5e-05_bs8_drop0p2_temp1p0_a0p25_b0p05__wd1e-04trmiss0_degmodglobal,59,0.4822824256760733,0.6066224873065948,0.8333333333333333,0.9301146384479719,0.6153846153846154,0.0,0.46294718980789185,0.4577520958014897,0.06837602970855576,0.14872641222817556,0.0,0.0,0.0,0.0,0.0,18473,global,0.0
3,5,lr5e-05_bs8_drop0p2_temp1p0_a0p25_b0p05__wd1e-04trmiss0_degmodglobal,8,5e-05,0.0001,0.2,1.0,0.25,0.05,lr5e-05_bs8_drop0p2_temp1p0_a0p25_b0p05__wd1e-04trmiss0_degmodglobal,60,0.48047302450452534,0.5985749363899231,0.861111111111111,0.9459876543209877,0.7692307692307693,0.0,0.4701799069132124,0.45854499084608896,0.06601830837982041,0.10846924036741257,0.0,0.0,0.0,0.0,0.0,18473,global,0.0
3,5,lr5e-05_bs8_drop0p2_temp1p0_a0p25_b0p05__wd1e-04trmiss0_degmodglobal,8,5e-05,0.0001,0.2,1.0,0.25,0.05,lr5e-05_bs8_drop0p2_temp1p0_a0p25_b0p05__wd1e-04trmiss0_degmodglobal,61,0.48084984506879536,0.5976327061653137,0.8888888888888888,0.9598765432098768,0.7692307692307693,0.0,0.46634220651217867,0.462350811277117,0.054683277915631025,0.09656426576631409,0.0,0.0,0.0,0.0,0.0,18473,global,0.0
3,5,lr5e-05_bs8_drop0p2_temp1p0_a0p25_b0p05__wd1e-04trmiss0_degmodglobal,8,5e-05,0.0001,0.2,1.0,0.25,0.05,lr5e-05_bs8_drop0p2_temp1p0_a0p25_b0p05__wd1e-04trmiss0_degmodglobal,62,0.4557205481188638,0.5946431159973145,0.9166666666666666,0.9722222222222223,0.7692307692307693,0.0,0.4544998109340668,0.4369455405644008,0.055793728679418564,0.09653170220553875,0.0,0.0,0.0,0.0,0.0,18473,global,0.0
3,5,lr5e-05_bs8_drop0p2_temp1p0_a0p25_b0p05__wd1e-04trmiss0_degmodglobal,8,5e-05,0.0001,0.2,1.0,0.25,0.05,lr5e-05_bs8_drop0p2_temp1p0_a0p25_b0p05__wd1e-04trmiss0_degmodglobal,63,0.45396566816738676,0.5945138335227966,0.9166666666666666,0.9722222222222223,0.7692307692307693,0.0,0.4438606798648834,0.4276197169508253,0.07745349939380373,0.1396514901093074,0.0,0.0,0.0,0.0,0.0,18473,global,0.0
3,5,lr5e-05_bs8_drop0p2_temp1p0_a0p25_b0p05__wd1e-04trmiss0_degmodglobal,8,5e-05,0.0001,0.2,1.0,0.25,0.05,lr5e-05_bs8_drop0p2_temp1p0_a0p25_b0p05__wd1e-04trmiss0_degmodglobal,64,0.4606185683182308,0.6023379266262054,0.9166666666666666,0.9722222222222223,0.7692307692307693,0.0,0.4288098088332585,0.4368357743535723,0.07335742296917099,0.10886878121112074,0.0,0.0,0.0,0.0,0.0,18473,global,0.0
3,5,lr5e-05_bs8_drop0p2_temp1p0_a0p25_b0p05__wd1e-04trmiss0_degmodglobal,8,5e-05,0.0001,0.2,1.0,0.25,0.05,lr5e-05_bs8_drop0p2_temp1p0_a0p25_b0p05__wd1e-04trmiss0_degmodglobal,65,0.47044691869190763,0.6030899882316589,0.9166666666666666,0.9722222222222223,0.7692307692307693,0.0,0.4451138845511845,0.4427300734179361,0.08875660225749016,0.11055389791727066,0.0,0.0,0.0,0.0,0.0,18473,global,0.0
3,5,lr5e-05_bs8_drop0p2_temp1p0_a0p25_b0p05__wd1e-04trmiss0_degmodglobal,8,5e-05,0.0001,0.2,1.0,0.25,0.05,lr5e-05_bs8_drop0p2_temp1p0_a0p25_b0p05__wd1e-04trmiss0_degmodglobal,66,0.5301835409232548,0.6090029776096344,0.9166666666666666,0.9722222222222223,0.7692307692307693,0.0,0.47254630071776255,0.5021250545978546,0.08303760630743844,0.14598178650651658,0.0,0.0,0.0,0.0,0.0,18473,global,0.0
3,5,lr5e-05_bs8_drop0p2_temp1p0_a0p25_b0p05__wd1e-04trmiss0_degmodglobal,8,5e-05,0.0001,0.2,1.0,0.25,0.05,lr5e-05_bs8_drop0p2_temp1p0_a0p25_b0p05__wd1e-04trmiss0_degmodglobal,67,0.4580222751413073,0.5966699719429016,0.9166666666666666,0.9722222222222223,0.7692307692307693,0.0,0.4572516552039555,0.42831319144793917,0.09160153088825089,0.13617418174232757,0.0,0.0,0.0,0.0,0.0,18473,global,0.0
3,5,lr5e-05_bs8_drop0p2_temp1p0_a0p25_b0p05__wd1e-04trmiss0_degmodglobal,8,5e-05,0.0001,0.2,1.0,0.25,0.05,lr5e-05_bs8_drop0p2_temp1p0_a0p25_b0p05__wd1e-04trmiss0_degmodglobal,68,0.45989290305546354,0.5909125208854675,0.9166666666666666,0.9722222222222223,0.7692307692307693,0.0,0.4638209513255528,0.43867291722978863,0.06350832805037498,0.10685793310403824,0.0,0.0,0.0,0.0,0.0,18473,global,0.0
3,5,lr5e-05_bs8_drop0p2_temp1p0_a0p25_b0p05__wd1e-04trmiss0_degmodglobal,8,5e-05,0.0001,0.2,1.0,0.25,0.05,lr5e-05_bs8_drop0p2_temp1p0_a0p25_b0p05__wd1e-04trmiss0_degmodglobal,69,0.46502204877989634,0.5900302827358246,0.9166666666666666,0.9722222222222223,0.7692307692307693,0.0,0.44416578326906475,0.43833936963762554,0.0868273414671421,0.09951695001551084,0.0,0.0,0.0,0.0,0.0,18473,global,0.0
3,5,lr5e-05_bs8_drop0p2_temp1p0_a0p25_b0p05__wd1e-04trmiss0_degmodglobal,8,5e-05,0.0001,0.2,1.0,0.25,0.05,lr5e-05_bs8_drop0p2_temp1p0_a0p25_b0p05__wd1e-04trmiss0_degmodglobal,70,0.47538342646190096,0.5938006639480591,0.9166666666666666,0.9722222222222223,0.7692307692307693,0.0,0.47903282727513996,0.4518100321292877,0.07229961987052645,0.10996960742133004,0.0,0.0,0.0,0.0,0.0,18473,global,0.0
3,5,lr5e-05_bs8_drop0p2_temp1p0_a0p25_b0p05__wd1e-04trmiss0_degmodglobal,8,5e-05,0.0001,0.2,1.0,0.25,0.05,lr5e-05_bs8_drop0p2_temp1p0_a0p25_b0p05__wd1e-04trmiss0_degmodglobal,71,0.46346260394368854,0.5916624665260315,0.9166666666666666,0.9722222222222223,0.7692307692307693,0.0,0.4333991621221815,0.4355625680514744,0.08428746994052615,0.1365637012890407,0.0,0.0,0.0,0.0,0.0,18473,global,0.0
3,5,lr5e-05_bs8_drop0p2_temp1p0_a0p25_b0p05__wd1e-04trmiss0_degmodglobal,8,5e-05,0.0001,0.2,1.0,0.25,0.05,lr5e-05_bs8_drop0p2_temp1p0_a0p25_b0p05__wd1e-04trmiss0_degmodglobal,72,0.4611196219921112,0.5914033055305481,0.9166666666666666,0.9722222222222223,0.7692307692307693,0.0,0.4538069111960275,0.43636248792920795,0.07841236570051738,0.10308104593838964,0.0,0.0,0.0,0.0,0.0,18473,global,0.0
3,5,lr5e-05_bs8_drop0p2_temp1p0_a0p25_b0p05__wd1e-04trmiss0_degmodglobal,8,5e-05,0.0001,0.2,1.0,0.25,0.05,lr5e-05_bs8_drop0p2_temp1p0_a0p25_b0p05__wd1e-04trmiss0_degmodglobal,73,0.46010896137782503,0.5928375422954559,0.9166666666666666,0.9722222222222223,0.7692307692307693,0.0,0.44590257321085247,0.4343747964927128,0.08286428504756518,0.10036179503159863,0.0,0.0,0.0,0.0,0.0,18473,global,0.0
3,5,lr5e-05_bs8_drop0p2_temp1p0_a0p25_b0p05__wd1e-04trmiss0_degmodglobal,8,5e-05,0.0001,0.2,1.0,0.25,0.05,lr5e-05_bs8_drop0p2_temp1p0_a0p25_b0p05__wd1e-04trmiss0_degmodglobal,74,0.45904099515506197,0.5934162437915802,0.9166666666666666,0.9722222222222223,0.7692307692307693,0.0,0.4287783290658678,0.4296861248356955,0.09535321167537145,0.11033135599323682,0.0,0.0,0.0,0.0,0.0,18473,global,0.0
3,5,lr5e-05_bs8_drop0p2_temp1p0_a0p25_b0p05__wd1e-04trmiss0_degmodglobal,8,5e-05,0.0001,0.2,1.0,0.25,0.05,lr5e-05_bs8_drop0p2_temp1p0_a0p25_b0p05__wd1e-04trmiss0_degmodglobal,75,0.4471359167780195,0.5901950895786285,0.9166666666666666,0.9722222222222223,0.7692307692307693,0.0,0.4670983340059008,0.42501766766820637,0.0683609013046537,0.10056048684886523,0.0,0.0,0.0,0.0,0.0,18473,global,0.0
3,5,lr5e-05_bs8_drop0p2_temp1p0_a0p25_b0p05__wd1e-04trmiss0_degmodglobal,8,5e-05,0.0001,0.2,1.0,0.25,0.05,lr5e-05_bs8_drop0p2_temp1p0_a0p25_b0p05__wd1e-04trmiss0_degmodglobal,76,0.4848740484033312,0.5888047814369202,0.9166666666666666,0.9722222222222223,0.7692307692307693,0.0,0.4578686271395002,0.4598870277404785,0.07721262371965817,0.11367735798869814,0.0,0.0,0.0,0.0,0.0,18473,global,0.0
3,5,lr5e-05_bs8_drop0p2_temp1p0_a0p25_b0p05__wd1e-04trmiss0_degmodglobal,8,5e-05,0.0001,0.2,1.0,0.25,0.05,lr5e-05_bs8_drop0p2_temp1p0_a0p25_b0p05__wd1e-04trmiss0_degmodglobal,77,0.46117283190999714,0.5934505760669708,0.9166666666666666,0.9722222222222223,0.7692307692307693,0.0,0.44681628687041147,0.4333525768348149,0.08620833711964744,0.12536344357899257,0.0,0.0,0.0,0.0,0.0,18473,global,0.0
3,5,lr5e-05_bs8_drop0p2_temp1p0_a0p25_b0p05__wd1e-04trmiss0_degmodglobal,8,5e-05,0.0001,0.2,1.0,0.25,0.05,lr5e-05_bs8_drop0p2_temp1p0_a0p25_b0p05__wd1e-04trmiss0_degmodglobal,78,0.4529893824032375,0.589403510093689,0.9166666666666666,0.9722222222222223,0.7692307692307693,0.0,0.44930289472852436,0.43315479159355164,0.06458575331739017,0.07376312145165034,0.0,0.0,0.0,0.0,0.0,18473,global,0.0
3,5,lr5e-05_bs8_drop0p2_temp1p0_a0p25_b0p05__wd1e-04trmiss0_degmodglobal,8,5e-05,0.0001,0.2,1.0,0.25,0.05,lr5e-05_bs8_drop0p2_temp1p0_a0p25_b0p05__wd1e-04trmiss0_degmodglobal,79,0.47387335555894033,0.5938973128795624,0.9166666666666666,0.9722222222222223,0.7692307692307693,0.0,0.4185926616191864,0.4408332109451294,0.10536976584366389,0.13395395874977112,0.0,0.0,0.0,0.0,0.0,18473,global,0.0
3,5,lr5e-05_bs8_drop0p2_temp1p0_a0p25_b0p05__wd1e-04trmiss0_degmodglobal,8,5e-05,0.0001,0.2,1.0,0.25,0.05,lr5e-05_bs8_drop0p2_temp1p0_a0p25_b0p05__wd1e-04trmiss0_degmodglobal,80,0.4566389875752585,0.5933887362480164,0.9166666666666666,0.9722222222222223,0.7692307692307693,0.0,0.46502155491283964,0.43002872807638987,0.08201363682746887,0.12213684671691485,0.0,0.0,0.0,0.0,0.0,18473,global,0.0
3,5,lr5e-05_bs8_drop0p2_temp2p0_a0p25_b0p05__wd1e-04trmiss0_degmodglobal,8,5e-05,0.0001,0.2,2.0,0.25,0.05,lr5e-05_bs8_drop0p2_temp2p0_a0p25_b0p05__wd1e-04trmiss0_degmodglobal,1,0.7029844522476196,0.6509856879711151,0.9722222222222222,0.9888888888888892,0.8461538461538461,0.0,0.6991269333021981,0.6775488938604083,0.06841771623917989,0.16662243540797914,0.0,0.0,0.0,0.0,0.0,18473,global,0.0
3,5,lr5e-05_bs8_drop0p2_temp2p0_a0p25_b0p05__wd1e-04trmiss0_degmodglobal,8,5e-05,0.0001,0.2,2.0,0.25,0.05,lr5e-05_bs8_drop0p2_temp2p0_a0p25_b0p05__wd1e-04trmiss0_degmodglobal,2,0.6641400797026498,0.6337253153324127,0.9722222222222222,0.9888888888888892,0.9230769230769231,0.0,0.698005199432373,0.6466419867106846,0.05252844813678946,0.08731922533895288,0.0,0.0,0.0,0.0,0.0,18473,global,0.0
3,5,lr5e-05_bs8_drop0p2_temp2p0_a0p25_b0p05__wd1e-04trmiss0_degmodglobal,8,5e-05,0.0001,0.2,2.0,0.25,0.05,lr5e-05_bs8_drop0p2_temp2p0_a0p25_b0p05__wd1e-04trmiss0_degmodglobal,3,0.6420185140201023,0.6362349987030029,0.9722222222222222,0.9888888888888892,0.9230769230769231,0.0,0.6322393672806876,0.6228837200573513,0.0547417269221374,0.10898715523736817,0.0,0.0,0.0,0.0,0.0,18473,global,0.0
3,5,lr5e-05_bs8_drop0p2_temp2p0_a0p25_b0p05__wd1e-04trmiss0_degmodglobal,8,5e-05,0.0001,0.2,2.0,0.25,0.05,lr5e-05_bs8_drop0p2_temp2p0_a0p25_b0p05__wd1e-04trmiss0_degmodglobal,4,0.6342453530856541,0.6355474889278412,0.9722222222222222,0.9888888888888892,0.8461538461538461,0.0,0.6601368359157017,0.6152668680463519,0.0591659705553736,0.08373989697013583,0.0,0.0,0.0,0.0,0.0,18473,global,0.0
3,5,lr5e-05_bs8_drop0p2_temp2p0_a0p25_b0p05__wd1e-04trmiss0_degmodglobal,8,5e-05,0.0001,0.2,2.0,0.25,0.05,lr5e-05_bs8_drop0p2_temp2p0_a0p25_b0p05__wd1e-04trmiss0_degmodglobal,5,0.6125508631978717,0.6350123584270477,0.9166666666666666,0.9722222222222223,0.9230769230769231,0.0,0.6295110498155866,0.5926539387021746,0.059702111674206595,0.09942778891750745,0.0,0.0,0.0,0.0,0.0,18473,global,0.0
3,5,lr5e-05_bs8_drop0p2_temp2p0_a0p25_b0p05__wd1e-04trmiss0_degmodglobal,8,5e-05,0.0001,0.2,2.0,0.25,0.05,lr5e-05_bs8_drop0p2_temp2p0_a0p25_b0p05__wd1e-04trmiss0_degmodglobal,6,0.6267868450709752,0.6442587673664093,0.8888888888888888,0.9598765432098768,0.7692307692307693,0.0,0.6413541861942836,0.6087784000805446,0.05494827138526099,0.08542780045952116,0.0,0.0,0.0,0.0,0.0,18473,global,0.0
3,5,lr5e-05_bs8_drop0p2_temp2p0_a0p25_b0p05__wd1e-04trmiss0_degmodglobal,8,5e-05,0.0001,0.2,2.0,0.25,0.05,lr5e-05_bs8_drop0p2_temp2p0_a0p25_b0p05__wd1e-04trmiss0_degmodglobal,7,0.6004835537501744,0.641074925661087,0.75,0.9148860398860401,0.6153846153846154,0.0,0.6281857490539551,0.5840625762939453,0.0474807612065758,0.09101561989103045,0.0,0.0,0.0,0.0,0.0,18473,global,0.0
3,5,lr5e-05_bs8_drop0p2_temp2p0_a0p25_b0p05__wd1e-04trmiss0_degmodglobal,8,5e-05,0.0001,0.2,2.0,0.25,0.05,lr5e-05_bs8_drop0p2_temp2p0_a0p25_b0p05__wd1e-04trmiss0_degmodglobal,8,0.5993181211607796,0.6319814026355743,0.8333333333333333,0.9395773979107314,0.6153846153846154,0.0,0.5964626499584743,0.5806138515472412,0.0569851462330137,0.08915980053799492,0.0,0.0,0.0,0.0,0.0,18473,global,0.0
3,5,lr5e-05_bs8_drop0p2_temp2p0_a0p25_b0p05__wd1e-04trmiss0_degmodglobal,8,5e-05,0.0001,0.2,2.0,0.25,0.05,lr5e-05_bs8_drop0p2_temp2p0_a0p25_b0p05__wd1e-04trmiss0_degmodglobal,9,0.5853507944515773,0.6133135259151459,0.8888888888888888,0.9598765432098768,0.6923076923076923,0.0,0.6173330800873893,0.5648214859621865,0.057551895933491845,0.12282699399760791,0.0,0.0,0.0,0.0,0.0,18473,global,0.0
3,5,lr5e-05_bs8_drop0p2_temp2p0_a0p25_b0p05__wd1e-04trmiss0_degmodglobal,8,5e-05,0.0001,0.2,2.0,0.25,0.05,lr5e-05_bs8_drop0p2_temp2p0_a0p25_b0p05__wd1e-04trmiss0_degmodglobal,10,0.6142648203032357,0.6304596364498138,0.8333333333333333,0.9395773979107314,0.7692307692307693,0.0,0.606085113116673,0.5951365573065621,0.058628544211387634,0.0894225181213447,0.0,0.0,0.0,0.0,0.0,18473,global,0.0
3,5,lr5e-05_bs8_drop0p2_temp2p0_a0p25_b0p05__wd1e-04trmiss0_degmodglobal,8,5e-05,0.0001,0.2,2.0,0.25,0.05,lr5e-05_bs8_drop0p2_temp2p0_a0p25_b0p05__wd1e-04trmiss0_degmodglobal,11,0.5864898136683873,0.6218253076076508,0.8055555555555555,0.929700854700855,0.6923076923076923,0.0,0.6017042994499207,0.5713910119874137,0.04349419581038611,0.08450503115143095,0.0,0.0,0.0,0.0,0.0,18473,global,0.0
3,5,lr5e-05_bs8_drop0p2_temp2p0_a0p25_b0p05__wd1e-04trmiss0_degmodglobal,8,5e-05,0.0001,0.2,2.0,0.25,0.05,lr5e-05_bs8_drop0p2_temp2p0_a0p25_b0p05__wd1e-04trmiss0_degmodglobal,12,0.5692298752920968,0.6148946583271027,0.75,0.9057470307470308,0.6923076923076923,0.0,0.5852099571909223,0.5535448704447065,0.048129801505378315,0.07305110724908966,0.0,0.0,0.0,0.0,0.0,18473,global,0.0
3,5,lr5e-05_bs8_drop0p2_temp2p0_a0p25_b0p05__wd1e-04trmiss0_degmodglobal,8,5e-05,0.0001,0.2,2.0,0.25,0.05,lr5e-05_bs8_drop0p2_temp2p0_a0p25_b0p05__wd1e-04trmiss0_degmodglobal,13,0.6036818793841771,0.6160855293273926,0.7222222222222223,0.8990130240130241,0.7692307692307693,0.0,0.5809894459588187,0.5865357007299151,0.051302719329084666,0.08640999639672893,0.0,0.0,0.0,0.0,0.0,18473,global,0.0
3,5,lr5e-05_bs8_drop0p2_temp2p0_a0p25_b0p05__wd1e-04trmiss0_degmodglobal,8,5e-05,0.0001,0.2,2.0,0.25,0.05,lr5e-05_bs8_drop0p2_temp2p0_a0p25_b0p05__wd1e-04trmiss0_degmodglobal,14,0.5710005930491856,0.6071479916572571,0.7777777777777778,0.9121572871572874,0.7692307692307693,0.0,0.5775263224329267,0.5556061012404305,0.042775326541491916,0.09401305764913559,0.0,0.0,0.0,0.0,0.0,18473,global,0.0
3,5,lr5e-05_bs8_drop0p2_temp2p0_a0p25_b0p05__wd1e-04trmiss0_degmodglobal,8,5e-05,0.0001,0.2,2.0,0.25,0.05,lr5e-05_bs8_drop0p2_temp2p0_a0p25_b0p05__wd1e-04trmiss0_degmodglobal,15,0.585319995880127,0.6232128441333771,0.7222222222222223,0.8990130240130241,0.6153846153846154,0.0,0.5861118265560695,0.566180910382952,0.05420471408537456,0.111758184752294,0.0,0.0,0.0,0.0,0.0,18473,global,0.0
3,5,lr5e-05_bs8_drop0p2_temp2p0_a0p25_b0p05__wd1e-04trmiss0_degmodglobal,8,5e-05,0.0001,0.2,2.0,0.25,0.05,lr5e-05_bs8_drop0p2_temp2p0_a0p25_b0p05__wd1e-04trmiss0_degmodglobal,16,0.5755806650434222,0.6210345923900604,0.6388888888888888,0.8724978724978727,0.6923076923076923,0.0,0.5840705207415989,0.555018424987793,0.0566359351256064,0.1280651055276394,0.0,0.0,0.0,0.0,0.0,18473,global,0.0
3,5,lr5e-05_bs8_drop0p2_temp2p0_a0p25_b0p05__wd1e-04trmiss0_degmodglobal,8,5e-05,0.0001,0.2,2.0,0.25,0.05,lr5e-05_bs8_drop0p2_temp2p0_a0p25_b0p05__wd1e-04trmiss0_degmodglobal,17,0.587251467364175,0.6168925166130066,0.7222222222222223,0.8990130240130241,0.6923076923076923,0.0,0.5668968132564,0.5646305637700217,0.06564336536186081,0.12420139248882021,0.0,0.0,0.0,0.0,0.0,18473,global,0.0
3,5,lr5e-05_bs8_drop0p2_temp2p0_a0p25_b0p05__wd1e-04trmiss0_degmodglobal,8,5e-05,0.0001,0.2,2.0,0.25,0.05,lr5e-05_bs8_drop0p2_temp2p0_a0p25_b0p05__wd1e-04trmiss0_degmodglobal,18,0.564953591142382,0.6161513328552246,0.7222222222222223,0.8990130240130241,0.6923076923076923,0.0,0.5621829756668636,0.5380606651306152,0.07310753422124046,0.17232092736022814,0.0,0.0,0.0,0.0,0.0,18473,global,0.0
3,5,lr5e-05_bs8_drop0p2_temp2p0_a0p25_b0p05__wd1e-04trmiss0_degmodglobal,8,5e-05,0.0001,0.2,2.0,0.25,0.05,lr5e-05_bs8_drop0p2_temp2p0_a0p25_b0p05__wd1e-04trmiss0_degmodglobal,19,0.5593532238687787,0.6222320795059204,0.6666666666666667,0.8795685795685797,0.6153846153846154,0.0,0.5883003643580845,0.5382622693266187,0.057566454367978234,0.1339868333722864,0.0,0.0,0.0,0.0,0.0,18473,global,0.0
3,5,lr5e-05_bs8_drop0p2_temp2p0_a0p25_b0p05__wd1e-04trmiss0_degmodglobal,8,5e-05,0.0001,0.2,2.0,0.25,0.05,lr5e-05_bs8_drop0p2_temp2p0_a0p25_b0p05__wd1e-04trmiss0_degmodglobal,20,0.5975132669721331,0.6177010834217072,0.75,0.9057470307470308,0.6923076923076923,0.0,0.6057818446840558,0.5747054304395404,0.06349311023950577,0.13869144288556917,0.0,0.0,0.0,0.0,0.0,18473,global,0.0
3,5,lr5e-05_bs8_drop0p2_temp2p0_a0p25_b0p05__wd1e-04trmiss0_degmodglobal,8,5e-05,0.0001,0.2,2.0,0.25,0.05,lr5e-05_bs8_drop0p2_temp2p0_a0p25_b0p05__wd1e-04trmiss0_degmodglobal,21,0.5728726514748165,0.6068282127380371,0.8055555555555556,0.9237043820377155,0.8461538461538461,0.0,0.5694995692798069,0.553724182503564,0.05244319726313863,0.12075347879103251,0.0,0.0,0.0,0.0,0.0,18473,global,0.0
3,5,lr5e-05_bs8_drop0p2_temp2p0_a0p25_b0p05__wd1e-04trmiss0_degmodglobal,8,5e-05,0.0001,0.2,2.0,0.25,0.05,lr5e-05_bs8_drop0p2_temp2p0_a0p25_b0p05__wd1e-04trmiss0_degmodglobal,22,0.5458890880857196,0.5895145535469055,0.9166666666666666,0.9674523007856344,0.8461538461538461,0.0,0.5347360117094857,0.5301635095051357,0.046217888593673706,0.08342207143349308,0.0,0.0,0.0,0.0,0.0,18473,global,0.0
3,5,lr5e-05_bs8_drop0p2_temp2p0_a0p25_b0p05__wd1e-04trmiss0_degmodglobal,8,5e-05,0.0001,0.2,2.0,0.25,0.05,lr5e-05_bs8_drop0p2_temp2p0_a0p25_b0p05__wd1e-04trmiss0_degmodglobal,23,0.5508848088128226,0.5899793207645416,0.9166666666666666,0.9674523007856344,0.8461538461538461,0.0,0.5257538386753627,0.5353101151330131,0.048216190455215316,0.07041307405701705,0.0,0.0,0.0,0.0,0.0,18473,global,0.0
3,5,lr5e-05_bs8_drop0p2_temp2p0_a0p25_b0p05__wd1e-04trmiss0_degmodglobal,8,5e-05,0.0001,0.2,2.0,0.25,0.05,lr5e-05_bs8_drop0p2_temp2p0_a0p25_b0p05__wd1e-04trmiss0_degmodglobal,24,0.5428526103496552,0.5914813578128815,0.9166666666666666,0.9626543209876546,0.7692307692307693,0.0,0.5479550276483808,0.5256144106388092,0.05002543010881969,0.09463702993733543,0.0,0.0,0.0,0.0,0.0,18473,global,0.0
3,5,lr5e-05_bs8_drop0p2_temp2p0_a0p25_b0p05__wd1e-04trmiss0_degmodglobal,8,5e-05,0.0001,0.2,2.0,0.25,0.05,lr5e-05_bs8_drop0p2_temp2p0_a0p25_b0p05__wd1e-04trmiss0_degmodglobal,25,0.5195485651493073,0.6063739657402039,0.8888888888888888,0.9467813051146385,0.7692307692307693,0.0,0.5477466114929744,0.4994180372783116,0.05633893928357533,0.12091577904564994,0.0,0.0,0.0,0.0,0.0,18473,global,0.0
3,5,lr5e-05_bs8_drop0p2_temp2p0_a0p25_b0p05__wd1e-04trmiss0_degmodglobal,8,5e-05,0.0001,0.2,2.0,0.25,0.05,lr5e-05_bs8_drop0p2_temp2p0_a0p25_b0p05__wd1e-04trmiss0_degmodglobal,26,0.5532727496964591,0.6223331689834595,0.8888888888888888,0.9467813051146385,0.6153846153846154,0.0,0.5465370970112937,0.5343545419829232,0.061865476093121936,0.06903670941080366,0.0,0.0,0.0,0.0,0.0,18473,global,0.0
3,5,lr5e-05_bs8_drop0p2_temp2p0_a0p25_b0p05__wd1e-04trmiss0_degmodglobal,8,5e-05,0.0001,0.2,2.0,0.25,0.05,lr5e-05_bs8_drop0p2_temp2p0_a0p25_b0p05__wd1e-04trmiss0_degmodglobal,27,0.5442901934896197,0.6189866960048676,0.8611111111111112,0.9376903960237295,0.6923076923076923,0.0,0.5216807978493827,0.5231888975415911,0.061422700594578473,0.11491257138550282,0.0,0.0,0.0,0.0,0.0,18473,global,0.0
3,5,lr5e-05_bs8_drop0p2_temp2p0_a0p25_b0p05__wd1e-04trmiss0_degmodglobal,8,5e-05,0.0001,0.2,2.0,0.25,0.05,lr5e-05_bs8_drop0p2_temp2p0_a0p25_b0p05__wd1e-04trmiss0_degmodglobal,28,0.5463831978184837,0.6027686297893524,0.9166666666666666,0.9674523007856344,0.7692307692307693,0.0,0.5347457102366856,0.531135082244873,0.04231253319552967,0.09339971467852592,0.0,0.0,0.0,0.0,0.0,18473,global,0.0
3,5,lr5e-05_bs8_drop0p2_temp2p0_a0p25_b0p05__wd1e-04trmiss0_degmodglobal,8,5e-05,0.0001,0.2,2.0,0.25,0.05,lr5e-05_bs8_drop0p2_temp2p0_a0p25_b0p05__wd1e-04trmiss0_degmodglobal,29,0.5706505349704197,0.5949161946773529,0.9166666666666666,0.9674523007856344,0.7692307692307693,0.0,0.5208468692643302,0.5518180727958679,0.054948409753186364,0.10190730329070773,0.0,0.0,0.0,0.0,0.0,18473,global,0.0
3,5,lr5e-05_bs8_drop0p2_temp2p0_a0p25_b0p05__wd1e-04trmiss0_degmodglobal,8,5e-05,0.0001,0.2,2.0,0.25,0.05,lr5e-05_bs8_drop0p2_temp2p0_a0p25_b0p05__wd1e-04trmiss0_degmodglobal,30,0.5170146652630397,0.5928656160831451,0.8888888888888888,0.9535634118967453,0.7692307692307693,0.0,0.5086275850023542,0.497797497681209,0.05775223672389984,0.09558235667645931,0.0,0.0,0.0,0.0,0.0,18473,global,0.0
3,5,lr5e-05_bs8_drop0p2_temp2p0_a0p25_b0p05__wd1e-04trmiss0_degmodglobal,8,5e-05,0.0001,0.2,2.0,0.25,0.05,lr5e-05_bs8_drop0p2_temp2p0_a0p25_b0p05__wd1e-04trmiss0_degmodglobal,31,0.5175545683928898,0.5965026915073395,0.8611111111111112,0.9376903960237295,0.7692307692307693,0.0,0.5366314010960715,0.49043524265289307,0.07576783161078181,0.16354754673583166,0.0,0.0,0.0,0.0,0.0,18473,global,0.0
3,5,lr5e-05_bs8_drop0p2_temp2p0_a0p25_b0p05__wd1e-04trmiss0_degmodglobal,8,5e-05,0.0001,0.2,2.0,0.25,0.05,lr5e-05_bs8_drop0p2_temp2p0_a0p25_b0p05__wd1e-04trmiss0_degmodglobal,32,0.5640367610113961,0.6063375174999237,0.8611111111111112,0.9376903960237295,0.6923076923076923,0.0,0.5647536388465336,0.5467799859387534,0.05382534648690905,0.07600877061486244,0.0,0.0,0.0,0.0,0.0,18473,global,0.0
3,5,lr5e-05_bs8_drop0p2_temp2p0_a0p25_b0p05__wd1e-04trmiss0_degmodglobal,8,5e-05,0.0001,0.2,2.0,0.25,0.05,lr5e-05_bs8_drop0p2_temp2p0_a0p25_b0p05__wd1e-04trmiss0_degmodglobal,33,0.5102223753929138,0.6097953617572784,0.8611111111111112,0.9376903960237295,0.6923076923076923,0.0,0.5095748943941933,0.49230762890407015,0.057416758366993496,0.071211219898292,0.0,0.0,0.0,0.0,0.0,18473,global,0.0
3,5,lr5e-05_bs8_drop0p2_temp2p0_a0p25_b0p05__wd1e-04trmiss0_degmodglobal,8,5e-05,0.0001,0.2,2.0,0.25,0.05,lr5e-05_bs8_drop0p2_temp2p0_a0p25_b0p05__wd1e-04trmiss0_degmodglobal,34,0.5337857391153064,0.6074159741401672,0.8611111111111112,0.9376903960237295,0.6153846153846154,0.0,0.5278187734740121,0.5174959089074816,0.050015654148800034,0.07571838769529547,0.0,0.0,0.0,0.0,0.0,18473,global,0.0
3,5,lr5e-05_bs8_drop0p2_temp2p0_a0p25_b0p05__wd1e-04trmiss0_degmodglobal,8,5e-05,0.0001,0.2,2.0,0.25,0.05,lr5e-05_bs8_drop0p2_temp2p0_a0p25_b0p05__wd1e-04trmiss0_degmodglobal,35,0.5077181288174221,0.6128367781639099,0.8333333333333334,0.9278138528138529,0.6153846153846154,0.0,0.5215214618614742,0.487069696187973,0.061970196664333344,0.10311761525060449,0.0,0.0,0.0,0.0,0.0,18473,global,0.0
3,5,lr5e-05_bs8_drop0p2_temp2p0_a0p25_b0p05__wd1e-04trmiss0_degmodglobal,8,5e-05,0.0001,0.2,2.0,0.25,0.05,lr5e-05_bs8_drop0p2_temp2p0_a0p25_b0p05__wd1e-04trmiss0_degmodglobal,36,0.5570441058703831,0.607251912355423,0.8333333333333334,0.9278138528138529,0.7692307692307693,0.0,0.5526404636246818,0.5384541749954224,0.05949246670518603,0.07433638136301722,0.0,0.0,0.0,0.0,0.0,18473,global,0.0
3,5,lr5e-05_bs8_drop0p2_temp2p0_a0p25_b0p05__wd1e-04trmiss0_degmodglobal,8,5e-05,0.0001,0.2,2.0,0.25,0.05,lr5e-05_bs8_drop0p2_temp2p0_a0p25_b0p05__wd1e-04trmiss0_degmodglobal,37,0.5056779767785754,0.6081317365169525,0.8333333333333334,0.9278138528138529,0.7692307692307693,0.0,0.5183004651750837,0.4840885613645826,0.0655980541237763,0.10379816964268684,0.0,0.0,0.0,0.0,0.0,18473,global,0.0
3,5,lr5e-05_bs8_drop0p2_temp2p0_a0p25_b0p05__wd1e-04trmiss0_degmodglobal,8,5e-05,0.0001,0.2,2.0,0.25,0.05,lr5e-05_bs8_drop0p2_temp2p0_a0p25_b0p05__wd1e-04trmiss0_degmodglobal,38,0.5292910976069314,0.601515382528305,0.8333333333333334,0.9278138528138529,0.7692307692307693,0.0,0.516578597681863,0.5099604172366006,0.059286004198449,0.09018378066165107,0.0,0.0,0.0,0.0,0.0,18473,global,0.0
3,5,lr5e-05_bs8_drop0p2_temp2p0_a0p25_b0p05__wd1e-04trmiss0_degmodglobal,8,5e-05,0.0001,0.2,2.0,0.25,0.05,lr5e-05_bs8_drop0p2_temp2p0_a0p25_b0p05__wd1e-04trmiss0_degmodglobal,39,0.5115955599716732,0.6055906116962433,0.8333333333333334,0.9278138528138529,0.7692307692307693,0.0,0.515584626368114,0.4915388183934348,0.06305854501468795,0.08584216795861721,0.0,0.0,0.0,0.0,0.0,18473,global,0.0
3,5,lr5e-05_bs8_drop0p2_temp2p0_a0p25_b0p05__wd1e-04trmiss0_degmodglobal,8,5e-05,0.0001,0.2,2.0,0.25,0.05,lr5e-05_bs8_drop0p2_temp2p0_a0p25_b0p05__wd1e-04trmiss0_degmodglobal,40,0.5251855552196503,0.6113505065441132,0.8333333333333334,0.9278138528138529,0.6153846153846154,0.0,0.5247272721358708,0.5063684412411281,0.05647768000406878,0.09395374517355647,0.0,0.0,0.0,0.0,0.0,18473,global,0.0
3,5,lr5e-05_bs8_drop0p2_temp2p0_a0p25_b0p05__wd1e-04trmiss0_degmodglobal,8,5e-05,0.0001,0.2,2.0,0.25,0.05,lr5e-05_bs8_drop0p2_temp2p0_a0p25_b0p05__wd1e-04trmiss0_degmodglobal,41,0.5400936433247158,0.6129441261291504,0.8333333333333334,0.9278138528138529,0.7692307692307693,0.0,0.5177503398486546,0.5213163835661752,0.0593783264713628,0.07865369692444801,0.0,0.0,0.0,0.0,0.0,18473,global,0.0
3,5,lr5e-05_bs8_drop0p2_temp2p0_a0p25_b0p05__wd1e-04trmiss0_degmodglobal,8,5e-05,0.0001,0.2,2.0,0.25,0.05,lr5e-05_bs8_drop0p2_temp2p0_a0p25_b0p05__wd1e-04trmiss0_degmodglobal,42,0.5089445880481175,0.6037346422672272,0.8333333333333334,0.9278138528138529,0.7692307692307693,0.0,0.49631240538188387,0.4907692202499935,0.058806576899119785,0.06947457258190427,0.0,0.0,0.0,0.0,0.0,18473,global,0.0
3,5,lr5e-05_bs8_drop0p4_temp1p0_a0p25_b0p05__wd1e-04trmiss0_degmodglobal,8,5e-05,0.0001,0.4,1.0,0.25,0.05,lr5e-05_bs8_drop0p4_temp1p0_a0p25_b0p05__wd1e-04trmiss0_degmodglobal,1,0.7506569623947144,0.6891574859619141,0.6666666666666666,0.8233605900272567,0.46153846153846156,0.0,0.724490829876491,0.7268797499792916,0.05635153874754906,0.19378654020173208,0.0,0.0,0.0,0.0,0.0,18473,global,0.0
3,5,lr5e-05_bs8_drop0p4_temp1p0_a0p25_b0p05__wd1e-04trmiss0_degmodglobal,8,5e-05,0.0001,0.4,1.0,0.25,0.05,lr5e-05_bs8_drop0p4_temp1p0_a0p25_b0p05__wd1e-04trmiss0_degmodglobal,2,0.7300991501126971,0.6877787709236145,0.5833333333333334,0.7159531826198493,0.38461538461538464,0.0,0.6772304092134748,0.7121144958904811,0.04429994150996208,0.1381934636405536,0.0,0.0,0.0,0.0,0.0,18473,global,0.0
3,5,lr5e-05_bs8_drop0p4_temp1p0_a0p25_b0p05__wd1e-04trmiss0_degmodglobal,8,5e-05,0.0001,0.4,1.0,0.25,0.05,lr5e-05_bs8_drop0p4_temp1p0_a0p25_b0p05__wd1e-04trmiss0_degmodglobal,3,0.7304474881717137,0.6930693089962006,0.5833333333333334,0.7159531826198493,0.38461538461538464,0.0,0.6637900812285287,0.7074732525008065,0.05470347564135279,0.18596731552055903,0.0,0.0,0.0,0.0,0.0,18473,global,0.0
3,5,lr5e-05_bs8_drop0p4_temp1p0_a0p25_b0p05__wd1e-04trmiss0_degmodglobal,8,5e-05,0.0001,0.4,1.0,0.25,0.05,lr5e-05_bs8_drop0p4_temp1p0_a0p25_b0p05__wd1e-04trmiss0_degmodglobal,4,0.7285762088639396,0.68952676653862,0.6111111111111112,0.7715087381754049,0.38461538461538464,0.0,0.6795980163982936,0.7060112016541618,0.05532439851335117,0.1746783277818135,0.0,0.0,0.0,0.0,0.0,18473,global,0.0
3,5,lr5e-05_bs8_drop0p4_temp1p0_a0p25_b0p05__wd1e-04trmiss0_degmodglobal,8,5e-05,0.0001,0.4,1.0,0.25,0.05,lr5e-05_bs8_drop0p4_temp1p0_a0p25_b0p05__wd1e-04trmiss0_degmodglobal,5,0.7219293883868626,0.6851485967636108,0.6111111111111112,0.7715087381754049,0.38461538461538464,0.0,0.6626840233802795,0.6996391841343471,0.05046533154589789,0.19347731875521795,0.0,0.0,0.0,0.0,0.0,18473,global,0.0
3,5,lr5e-05_bs8_drop0p4_temp1p0_a0p25_b0p05__wd1e-04trmiss0_degmodglobal,8,5e-05,0.0001,0.4,1.0,0.25,0.05,lr5e-05_bs8_drop0p4_temp1p0_a0p25_b0p05__wd1e-04trmiss0_degmodglobal,6,0.6903648887361798,0.6867319643497467,0.5833333333333334,0.754842071508738,0.46153846153846156,0.0,0.6678570679255894,0.6687960539545331,0.05589331154312406,0.15190974410091126,0.0,0.0,0.0,0.0,0.0,18473,global,0.0
3,5,lr5e-05_bs8_drop0p4_temp1p0_a0p25_b0p05__wd1e-04trmiss0_degmodglobal,8,5e-05,0.0001,0.4,1.0,0.25,0.05,lr5e-05_bs8_drop0p4_temp1p0_a0p25_b0p05__wd1e-04trmiss0_degmodglobal,7,0.6773691603115627,0.6958237886428833,0.5555555555555556,0.7472663139329807,0.46153846153846156,0.0,0.6164921607289996,0.6549268705504281,0.05609675124287605,0.16836196716342652,0.0,0.0,0.0,0.0,0.0,18473,global,0.0
3,5,lr5e-05_bs8_drop0p4_temp1p0_a0p25_b0p05__wd1e-04trmiss0_degmodglobal,8,5e-05,0.0001,0.4,1.0,0.25,0.05,lr5e-05_bs8_drop0p4_temp1p0_a0p25_b0p05__wd1e-04trmiss0_degmodglobal,8,0.6647614240646362,0.6902547180652618,0.5833333333333334,0.754842071508738,0.38461538461538464,0.0,0.6439178500856672,0.644898636000497,0.05138118298990386,0.140349771295275,0.0,0.0,0.0,0.0,0.0,18473,global,0.0
3,5,lr5e-05_bs8_drop0p4_temp1p0_a0p25_b0p05__wd1e-04trmiss0_degmodglobal,8,5e-05,0.0001,0.4,1.0,0.25,0.05,lr5e-05_bs8_drop0p4_temp1p0_a0p25_b0p05__wd1e-04trmiss0_degmodglobal,9,0.6848162923540387,0.6869151294231415,0.6111111111111112,0.7715087381754049,0.46153846153846156,0.0,0.6408648065158299,0.6620792150497437,0.06174932313816888,0.14599521990333283,0.0,0.0,0.0,0.0,0.0,18473,global,0.0
3,5,lr5e-05_bs8_drop0p4_temp1p0_a0p25_b0p05__wd1e-04trmiss0_degmodglobal,8,5e-05,0.0001,0.4,1.0,0.25,0.05,lr5e-05_bs8_drop0p4_temp1p0_a0p25_b0p05__wd1e-04trmiss0_degmodglobal,10,0.6861498355865479,0.6865454614162445,0.5833333333333333,0.7639329805996473,0.46153846153846156,0.0,0.6157378469194684,0.6649542110306876,0.05736522429755756,0.13708638027310371,0.0,0.0,0.0,0.0,0.0,18473,global,0.0
3,5,lr5e-05_bs8_drop0p4_temp1p0_a0p25_b0p05__wd1e-04trmiss0_degmodglobal,8,5e-05,0.0001,0.4,1.0,0.25,0.05,lr5e-05_bs8_drop0p4_temp1p0_a0p25_b0p05__wd1e-04trmiss0_degmodglobal,11,0.6601293342454093,0.6865604817867279,0.5555555555555556,0.7472663139329807,0.46153846153846156,0.0,0.6125359620366778,0.6368959971836635,0.05383622805987086,0.19548592822892324,0.0,0.0,0.0,0.0,0.0,18473,global,0.0
3,5,lr5e-05_bs8_drop0p4_temp1p0_a0p25_b0p05__wd1e-04trmiss0_degmodglobal,8,5e-05,0.0001,0.4,1.0,0.25,0.05,lr5e-05_bs8_drop0p4_temp1p0_a0p25_b0p05__wd1e-04trmiss0_degmodglobal,12,0.647417059966496,0.6793825328350067,0.5833333333333334,0.754842071508738,0.38461538461538464,0.0,0.5872304694993156,0.6267650042261396,0.052769248240760395,0.14919483555214746,0.0,0.0,0.0,0.0,0.0,18473,global,0.0
3,5,lr5e-05_bs8_drop0p4_temp1p0_a0p25_b0p05__wd1e-04trmiss0_degmodglobal,8,5e-05,0.0001,0.4,1.0,0.25,0.05,lr5e-05_bs8_drop0p4_temp1p0_a0p25_b0p05__wd1e-04trmiss0_degmodglobal,13,0.6645138263702393,0.6850622296333313,0.6388888888888888,0.7863235529902197,0.46153846153846156,0.0,0.6001159463609967,0.6436329398836408,0.05430682269590242,0.1460837833583355,0.0,0.0,0.0,0.0,0.0,18473,global,0.0
3,5,lr5e-05_bs8_drop0p4_temp1p0_a0p25_b0p05__wd1e-04trmiss0_degmodglobal,8,5e-05,0.0001,0.4,1.0,0.25,0.05,lr5e-05_bs8_drop0p4_temp1p0_a0p25_b0p05__wd1e-04trmiss0_degmodglobal,14,0.6658861296517509,0.6910800635814667,0.5833333333333333,0.7843033509700177,0.3076923076923077,0.0,0.579959579876491,0.6456832119396755,0.04708651772567204,0.16862563150269644,0.0,0.0,0.0,0.0,0.0,18473,global,0.0
3,5,lr5e-05_bs8_drop0p4_temp1p0_a0p25_b0p05__wd1e-04trmiss0_degmodglobal,8,5e-05,0.0001,0.4,1.0,0.25,0.05,lr5e-05_bs8_drop0p4_temp1p0_a0p25_b0p05__wd1e-04trmiss0_degmodglobal,15,0.6434816036905561,0.6820038855075836,0.6111111111111112,0.7918791085457753,0.46153846153846156,0.0,0.5603032793317523,0.6183610217911857,0.05868947133421898,0.20896439307502337,0.0,0.0,0.0,0.0,0.0,18473,global,0.0
3,5,lr5e-05_bs8_drop0p4_temp1p0_a0p25_b0p05__wd1e-04trmiss0_degmodglobal,8,5e-05,0.0001,0.4,1.0,0.25,0.05,lr5e-05_bs8_drop0p4_temp1p0_a0p25_b0p05__wd1e-04trmiss0_degmodglobal,16,0.6411801065717425,0.6788181960582733,0.6111111111111112,0.7918791085457753,0.38461538461538464,0.0,0.5376934366566795,0.6125599997384208,0.061828936849321635,0.26325737152780804,0.0,0.0,0.0,0.0,0.0,18473,global,0.0
3,5,lr5e-05_bs8_drop0p4_temp1p0_a0p25_b0p05__wd1e-04trmiss0_degmodglobal,8,5e-05,0.0001,0.4,1.0,0.25,0.05,lr5e-05_bs8_drop0p4_temp1p0_a0p25_b0p05__wd1e-04trmiss0_degmodglobal,17,0.6683337092399597,0.6784538328647614,0.6666666666666666,0.8233605900272567,0.5384615384615384,0.0,0.5913002618721553,0.645376946244921,0.0524106291787965,0.1970821525901556,0.0,0.0,0.0,0.0,0.0,18473,global,0.0
3,5,lr5e-05_bs8_drop0p4_temp1p0_a0p25_b0p05__wd1e-04trmiss0_degmodglobal,8,5e-05,0.0001,0.4,1.0,0.25,0.05,lr5e-05_bs8_drop0p4_temp1p0_a0p25_b0p05__wd1e-04trmiss0_degmodglobal,18,0.626136302947998,0.6834821403026581,0.6944444444444444,0.8511383678050346,0.46153846153846156,0.0,0.5701500858579364,0.6028884819575718,0.05907031201890537,0.1696049092071397,0.0,0.0,0.0,0.0,0.0,18473,global,0.0
3,5,lr5e-05_bs8_drop0p4_temp1p0_a0p25_b0p05__wd1e-04trmiss0_degmodglobal,8,5e-05,0.0001,0.4,1.0,0.25,0.05,lr5e-05_bs8_drop0p4_temp1p0_a0p25_b0p05__wd1e-04trmiss0_degmodglobal,19,0.6335323793547494,0.6852775812149048,0.6388888888888888,0.8085457752124419,0.38461538461538464,0.0,0.5944916009902954,0.6079532504081726,0.06541672774723598,0.18449903173106058,0.0,0.0,0.0,0.0,0.0,18473,global,0.0
3,5,lr5e-05_bs8_drop0p4_temp1p0_a0p25_b0p05__wd1e-04trmiss0_degmodglobal,8,5e-05,0.0001,0.4,1.0,0.25,0.05,lr5e-05_bs8_drop0p4_temp1p0_a0p25_b0p05__wd1e-04trmiss0_degmodglobal,20,0.6433591672352382,0.6791447997093201,0.6388888888888888,0.7863235529902197,0.38461538461538464,0.0,0.5993631056376866,0.6192036185945783,0.06041982450655529,0.18101183005741664,0.0,0.0,0.0,0.0,0.0,18473,global,0.0
3,5,lr5e-05_bs8_drop0p4_temp1p0_a0p25_b0p05__wd1e-04trmiss0_degmodglobal,8,5e-05,0.0001,0.4,1.0,0.25,0.05,lr5e-05_bs8_drop0p4_temp1p0_a0p25_b0p05__wd1e-04trmiss0_degmodglobal,21,0.6424862316676548,0.6789334118366241,0.6111111111111112,0.7715087381754049,0.38461538461538464,0.0,0.618776261806488,0.6200660381998334,0.06335291213222913,0.1316393885229315,0.0,0.0,0.0,0.0,0.0,18473,global,0.0
3,5,lr5e-05_bs8_drop0p4_temp1p0_a0p25_b0p05__wd1e-04trmiss0_degmodglobal,8,5e-05,0.0001,0.4,1.0,0.25,0.05,lr5e-05_bs8_drop0p4_temp1p0_a0p25_b0p05__wd1e-04trmiss0_degmodglobal,22,0.6152490547725132,0.6777279376983643,0.6944444444444444,0.83658810325477,0.46153846153846156,0.0,0.5882886477879116,0.5935986893517631,0.058712977916002274,0.13944269876394952,0.0,0.0,0.0,0.0,0.0,18473,global,0.0
3,5,lr5e-05_bs8_drop0p4_temp1p0_a0p25_b0p05__wd1e-04trmiss0_degmodglobal,8,5e-05,0.0001,0.4,1.0,0.25,0.05,lr5e-05_bs8_drop0p4_temp1p0_a0p25_b0p05__wd1e-04trmiss0_degmodglobal,23,0.6165440337998527,0.6785670220851898,0.6388888888888888,0.7863235529902197,0.5384615384615384,0.0,0.551471369607108,0.5991232991218567,0.04993242983307157,0.09875229958977018,0.0,0.0,0.0,0.0,0.0,18473,global,0.0
3,5,lr5e-05_bs8_drop0p4_temp1p0_a0p25_b0p05__wd1e-04trmiss0_degmodglobal,8,5e-05,0.0001,0.4,1.0,0.25,0.05,lr5e-05_bs8_drop0p4_temp1p0_a0p25_b0p05__wd1e-04trmiss0_degmodglobal,24,0.6220708574567523,0.6742963492870331,0.6944444444444444,0.83658810325477,0.38461538461538464,0.0,0.5796686240604946,0.5981535656111581,0.06332068624241012,0.16174224338361196,0.0,0.0,0.0,0.0,0.0,18473,global,0.0
3,5,lr5e-05_bs8_drop0p4_temp1p0_a0p25_b0p05__wd1e-04trmiss0_degmodglobal,8,5e-05,0.0001,0.4,1.0,0.25,0.05,lr5e-05_bs8_drop0p4_temp1p0_a0p25_b0p05__wd1e-04trmiss0_degmodglobal,25,0.6263304948806763,0.6744192838668823,0.6111111111111112,0.7715087381754049,0.46153846153846156,0.0,0.5954166906220573,0.6009499600955418,0.06864487007260323,0.1643862718982356,0.0,0.0,0.0,0.0,0.0,18473,global,0.0
3,5,lr5e-05_bs8_drop0p4_temp1p0_a0p25_b0p05__wd1e-04trmiss0_degmodglobal,8,5e-05,0.0001,0.4,1.0,0.25,0.05,lr5e-05_bs8_drop0p4_temp1p0_a0p25_b0p05__wd1e-04trmiss0_degmodglobal,26,0.606172365801675,0.6729177534580231,0.6666666666666667,0.799551066217733,0.38461538461538464,0.0,0.5775671345846993,0.5827157667704991,0.07019477923001562,0.11815802486879486,0.0,0.0,0.0,0.0,0.0,18473,global,0.0
3,5,lr5e-05_bs8_drop0p4_temp1p0_a0p25_b0p05__wd1e-04trmiss0_degmodglobal,8,5e-05,0.0001,0.4,1.0,0.25,0.05,lr5e-05_bs8_drop0p4_temp1p0_a0p25_b0p05__wd1e-04trmiss0_degmodglobal,27,0.6102629389081683,0.6618095934391022,0.7222222222222222,0.8484928651595318,0.6153846153846154,0.0,0.5433850458690098,0.5868315356118339,0.05806097388267517,0.17832287507397787,0.0,0.0,0.0,0.0,0.0,18473,global,0.0
3,5,lr5e-05_bs8_drop0p4_temp1p0_a0p25_b0p05__wd1e-04trmiss0_degmodglobal,8,5e-05,0.0001,0.4,1.0,0.25,0.05,lr5e-05_bs8_drop0p4_temp1p0_a0p25_b0p05__wd1e-04trmiss0_degmodglobal,28,0.6355706964220319,0.6616245210170746,0.8055555555555556,0.9092953342953345,0.5384615384615384,0.0,0.5256569385528564,0.6102047647748675,0.07103091265474047,0.15216387063264847,0.0,0.0,0.0,0.0,0.0,18473,global,0.0
3,5,lr5e-05_bs8_drop0p4_temp1p0_a0p25_b0p05__wd1e-04trmiss0_degmodglobal,8,5e-05,0.0001,0.4,1.0,0.25,0.05,lr5e-05_bs8_drop0p4_temp1p0_a0p25_b0p05__wd1e-04trmiss0_degmodglobal,29,0.6408456138202122,0.654202938079834,0.8055555555555556,0.9092953342953345,0.6153846153846154,0.0,0.5471244496958596,0.6132249917302813,0.07239023968577385,0.19046139397791453,0.0,0.0,0.0,0.0,0.0,18473,global,0.0
3,5,lr5e-05_bs8_drop0p4_temp1p0_a0p25_b0p05__wd1e-04trmiss0_degmodglobal,8,5e-05,0.0001,0.4,1.0,0.25,0.05,lr5e-05_bs8_drop0p4_temp1p0_a0p25_b0p05__wd1e-04trmiss0_degmodglobal,30,0.6296533005578178,0.665446937084198,0.75,0.8592953342953344,0.46153846153846156,0.0,0.5074246823787689,0.601294721875872,0.07821221463382244,0.17611056087272509,0.0,0.0,0.0,0.0,0.0,18473,global,0.0
3,5,lr5e-05_bs8_drop0p4_temp1p0_a0p25_b0p05__wd1e-04trmiss0_degmodglobal,8,5e-05,0.0001,0.4,1.0,0.25,0.05,lr5e-05_bs8_drop0p4_temp1p0_a0p25_b0p05__wd1e-04trmiss0_degmodglobal,31,0.6017455799239022,0.6637767851352692,0.7222222222222222,0.8484928651595318,0.46153846153846156,0.0,0.5398232085364205,0.5765645674296788,0.06425487622618675,0.18234594272715704,0.0,0.0,0.0,0.0,0.0,18473,global,0.0
3,5,lr5e-05_bs8_drop0p4_temp1p0_a0p25_b0p05__wd1e-04trmiss0_degmodglobal,8,5e-05,0.0001,0.4,1.0,0.25,0.05,lr5e-05_bs8_drop0p4_temp1p0_a0p25_b0p05__wd1e-04trmiss0_degmodglobal,32,0.6496290990284511,0.6849899590015411,0.7222222222222222,0.8790123456790124,0.5384615384615384,0.0,0.5497853543077197,0.6222405093056815,0.06737326138785907,0.2109052836894989,0.0,0.0,0.0,0.0,0.0,18473,global,0.0
3,5,lr5e-05_bs8_drop0p4_temp1p0_a0p25_b0p05__wd1e-04trmiss0_degmodglobal,8,5e-05,0.0001,0.4,1.0,0.25,0.05,lr5e-05_bs8_drop0p4_temp1p0_a0p25_b0p05__wd1e-04trmiss0_degmodglobal,33,0.6037582669939313,0.6850990653038025,0.6944444444444444,0.8657848324514992,0.6153846153846154,0.0,0.5435483115059989,0.5810036488941738,0.06110157551509993,0.14958415499755315,0.0,0.0,0.0,0.0,0.0,18473,global,0.0
3,5,lr5e-05_bs8_drop0p4_temp1p0_a0p25_b0p05__wd1e-04trmiss0_degmodglobal,8,5e-05,0.0001,0.4,1.0,0.25,0.05,lr5e-05_bs8_drop0p4_temp1p0_a0p25_b0p05__wd1e-04trmiss0_degmodglobal,34,0.6145168031964984,0.6893112659454346,0.7222222222222222,0.8790123456790124,0.46153846153846156,0.0,0.54863988501685,0.5857340948922294,0.0739172590630395,0.20606776380113193,0.0,0.0,0.0,0.0,0.0,18473,global,0.0
3,5,lr5e-05_bs8_drop0p4_temp1p0_a0p25_b0p05__wd1e-04trmiss0_degmodglobal,8,5e-05,0.0001,0.4,1.0,0.25,0.05,lr5e-05_bs8_drop0p4_temp1p0_a0p25_b0p05__wd1e-04trmiss0_degmodglobal,35,0.6029337389128548,0.6893562078475952,0.6666666666666666,0.8290123456790124,0.46153846153846156,0.0,0.5342596386160169,0.572675245148795,0.07786879315972328,0.21582619366901262,0.0,0.0,0.0,0.0,0.0,18473,global,0.0
3,5,lr5e-05_bs8_drop0p4_temp1p0_a0p25_b0p05__wd1e-04trmiss0_degmodglobal,8,5e-05,0.0001,0.4,1.0,0.25,0.05,lr5e-05_bs8_drop0p4_temp1p0_a0p25_b0p05__wd1e-04trmiss0_degmodglobal,36,0.5991076401301793,0.6652861833572388,0.75,0.8592953342953344,0.46153846153846156,0.0,0.5252176821231842,0.573109541620527,0.07240493462554046,0.1579374372959137,0.0,0.0,0.0,0.0,0.0,18473,global,0.0
3,5,lr5e-05_bs8_drop0p4_temp1p0_a0p25_b0p05__wd1e-04trmiss0_degmodglobal,8,5e-05,0.0001,0.4,1.0,0.25,0.05,lr5e-05_bs8_drop0p4_temp1p0_a0p25_b0p05__wd1e-04trmiss0_degmodglobal,37,0.5879378914833069,0.6645442843437195,0.8055555555555556,0.9092953342953345,0.6153846153846154,0.0,0.51097914150783,0.5644243700163705,0.06687238173825401,0.13590835673468454,0.0,0.0,0.0,0.0,0.0,18473,global,0.0
3,5,lr5e-05_bs8_drop0p4_temp1p0_a0p25_b0p05__wd1e-04trmiss0_degmodglobal,8,5e-05,0.0001,0.4,1.0,0.25,0.05,lr5e-05_bs8_drop0p4_temp1p0_a0p25_b0p05__wd1e-04trmiss0_degmodglobal,38,0.6196071931294033,0.6695761382579803,0.8333333333333334,0.9278138528138529,0.46153846153846156,0.0,0.5504144174712045,0.5990058779716492,0.054904269852808545,0.13750492249216353,0.0,0.0,0.0,0.0,0.0,18473,global,0.0
3,5,lr5e-05_bs8_drop0p4_temp1p0_a0p25_b0p05__wd1e-04trmiss0_degmodglobal,8,5e-05,0.0001,0.4,1.0,0.25,0.05,lr5e-05_bs8_drop0p4_temp1p0_a0p25_b0p05__wd1e-04trmiss0_degmodglobal,39,0.607138625213078,0.6771436333656311,0.75,0.8592953342953344,0.46153846153846156,0.0,0.5230978514466967,0.5866966503007072,0.04816297175628798,0.16802480231438363,0.0,0.0,0.0,0.0,0.0,18473,global,0.0
3,5,lr5e-05_bs8_drop0p4_temp1p0_a0p25_b0p05__wd1e-04trmiss0_degmodglobal,8,5e-05,0.0001,0.4,1.0,0.25,0.05,lr5e-05_bs8_drop0p4_temp1p0_a0p25_b0p05__wd1e-04trmiss0_degmodglobal,40,0.6288942524365017,0.6726900935173035,0.7222222222222222,0.8484928651595318,0.46153846153846156,0.0,0.5262231997081211,0.6008258376802716,0.07613888063601085,0.18067350451435363,0.0,0.0,0.0,0.0,0.0,18473,global,0.0
3,5,lr5e-05_bs8_drop0p4_temp1p0_a0p25_b0p05__wd1e-04trmiss0_degmodglobal,8,5e-05,0.0001,0.4,1.0,0.25,0.05,lr5e-05_bs8_drop0p4_temp1p0_a0p25_b0p05__wd1e-04trmiss0_degmodglobal,41,0.6278323616300311,0.6621966660022736,0.75,0.8592953342953344,0.38461538461538464,0.0,0.5343828839915139,0.6027264765330723,0.0701007332120623,0.1516141870192119,0.0,0.0,0.0,0.0,0.0,18473,global,0.0
3,5,lr5e-05_bs8_drop0p4_temp1p0_a0p25_b0p05__wd1e-04trmiss0_degmodglobal,8,5e-05,0.0001,0.4,1.0,0.25,0.05,lr5e-05_bs8_drop0p4_temp1p0_a0p25_b0p05__wd1e-04trmiss0_degmodglobal,42,0.5846926314490182,0.6583450734615326,0.75,0.8592953342953344,0.46153846153846156,0.0,0.5033873958247048,0.5538182939801898,0.0875074453651905,0.17994920164346695,0.0,0.0,0.0,0.0,0.0,18473,global,0.0
3,5,lr5e-05_bs8_drop0p4_temp1p0_a0p25_b0p05__wd1e-04trmiss0_degmodglobal,8,5e-05,0.0001,0.4,1.0,0.25,0.05,lr5e-05_bs8_drop0p4_temp1p0_a0p25_b0p05__wd1e-04trmiss0_degmodglobal,43,0.6293535232543945,0.6574247181415558,0.7777777777777778,0.8984928651595319,0.5384615384615384,0.0,0.5486455517155784,0.6009584835597447,0.07462483484830175,0.19477664147104537,0.0,0.0,0.0,0.0,0.0,18473,global,0.0
3,5,lr5e-05_bs8_drop0p4_temp1p0_a0p25_b0p05__wd1e-04trmiss0_degmodglobal,8,5e-05,0.0001,0.4,1.0,0.25,0.05,lr5e-05_bs8_drop0p4_temp1p0_a0p25_b0p05__wd1e-04trmiss0_degmodglobal,44,0.5988143682479858,0.6586379110813141,0.8055555555555556,0.9170113836780505,0.5384615384615384,0.0,0.5304111966064998,0.5687366340841565,0.07638935691543988,0.21960777044296265,0.0,0.0,0.0,0.0,0.0,18473,global,0.0
3,5,lr5e-05_bs8_drop0p4_temp1p0_a0p25_b0p05__wd1e-04trmiss0_degmodglobal,8,5e-05,0.0001,0.4,1.0,0.25,0.05,lr5e-05_bs8_drop0p4_temp1p0_a0p25_b0p05__wd1e-04trmiss0_degmodglobal,45,0.5927303944315229,0.6559768617153168,0.8055555555555556,0.9170113836780505,0.6153846153846154,0.0,0.521401469196592,0.5607673696109227,0.08931134907262665,0.19270393252372742,0.0,0.0,0.0,0.0,0.0,18473,global,0.0
3,5,lr5e-05_bs8_drop0p4_temp1p0_a0p25_b0p05__wd1e-04trmiss0_degmodglobal,8,5e-05,0.0001,0.4,1.0,0.25,0.05,lr5e-05_bs8_drop0p4_temp1p0_a0p25_b0p05__wd1e-04trmiss0_degmodglobal,46,0.5918537037713187,0.6542836129665375,0.8055555555555556,0.9170113836780505,0.6153846153846154,0.0,0.5087488208498273,0.5664444310324532,0.07080626913479396,0.15415447897144727,0.0,0.0,0.0,0.0,0.0,18473,global,0.0
3,5,lr5e-05_bs8_drop0p4_temp1p0_a0p25_b0p05__wd1e-04trmiss0_degmodglobal,8,5e-05,0.0001,0.4,1.0,0.25,0.05,lr5e-05_bs8_drop0p4_temp1p0_a0p25_b0p05__wd1e-04trmiss0_degmodglobal,47,0.5896698151315961,0.6518821716308594,0.7222222222222222,0.8484928651595318,0.6153846153846154,0.0,0.482932767697743,0.5506957258496966,0.09666185613189425,0.2961723016841071,0.0,0.0,0.0,0.0,0.0,18473,global,0.0
3,5,lr5e-05_bs8_drop0p4_temp1p0_a0p25_b0p05__wd1e-04trmiss0_degmodglobal,8,5e-05,0.0001,0.4,1.0,0.25,0.05,lr5e-05_bs8_drop0p4_temp1p0_a0p25_b0p05__wd1e-04trmiss0_degmodglobal,48,0.6082077963011605,0.6502057909965515,0.7222222222222222,0.8484928651595318,0.6153846153846154,0.0,0.5269404309136527,0.5816542931965419,0.06645614919917923,0.1987894241298948,0.0,0.0,0.0,0.0,0.0,18473,global,0.0
3,5,lr5e-05_bs8_drop0p4_temp1p0_a0p25_b0p05__wd1e-04trmiss0_degmodglobal,8,5e-05,0.0001,0.4,1.0,0.25,0.05,lr5e-05_bs8_drop0p4_temp1p0_a0p25_b0p05__wd1e-04trmiss0_degmodglobal,49,0.5805385666234153,0.6488767862319946,0.7222222222222222,0.8484928651595318,0.6153846153846154,0.0,0.4980701080390385,0.5578065131391797,0.0606476366519928,0.15140272730163165,0.0,0.0,0.0,0.0,0.0,18473,global,0.0
3,5,lr5e-05_bs8_drop0p4_temp1p0_a0p25_b0p05__wd1e-04trmiss0_degmodglobal,8,5e-05,0.0001,0.4,1.0,0.25,0.05,lr5e-05_bs8_drop0p4_temp1p0_a0p25_b0p05__wd1e-04trmiss0_degmodglobal,50,0.5862728442464556,0.6496486663818359,0.7777777777777778,0.8984928651595319,0.6153846153846154,0.0,0.5042561888694763,0.5542427727154323,0.08256990143230983,0.22775193090949739,0.0,0.0,0.0,0.0,0.0,18473,global,0.0
3,5,lr5e-05_bs8_drop0p4_temp1p0_a0p25_b0p05__wd1e-04trmiss0_degmodglobal,8,5e-05,0.0001,0.4,1.0,0.25,0.05,lr5e-05_bs8_drop0p4_temp1p0_a0p25_b0p05__wd1e-04trmiss0_degmodglobal,51,0.586951230253492,0.6494205594062805,0.75,0.8592953342953344,0.5384615384615384,0.0,0.4704318046569824,0.5613319873809814,0.06542105387364115,0.18527965673378535,0.0,0.0,0.0,0.0,0.0,18473,global,0.0
3,5,lr5e-05_bs8_drop0p4_temp1p0_a0p25_b0p05__wd1e-04trmiss0_degmodglobal,8,5e-05,0.0001,0.4,1.0,0.25,0.05,lr5e-05_bs8_drop0p4_temp1p0_a0p25_b0p05__wd1e-04trmiss0_degmodglobal,52,0.5778155411992755,0.6521735787391663,0.75,0.8592953342953344,0.46153846153846156,0.0,0.480344648872103,0.5549053720065525,0.061583196212138445,0.15028745255299977,0.0,0.0,0.0,0.0,0.0,18473,global,0.0
3,5,lr5e-05_bs8_drop0p4_temp1p0_a0p25_b0p05__wd1e-04trmiss0_degmodglobal,8,5e-05,0.0001,0.4,1.0,0.25,0.05,lr5e-05_bs8_drop0p4_temp1p0_a0p25_b0p05__wd1e-04trmiss0_degmodglobal,53,0.5935865129743304,0.6488974094390869,0.75,0.8592953342953344,0.5384615384615384,0.0,0.5005079294954028,0.5670144983700344,0.06697731731193406,0.19655346763985498,0.0,0.0,0.0,0.0,0.0,18473,global,0.0
3,5,lr5e-05_bs8_drop0p4_temp1p0_a0p25_b0p05__wd1e-04trmiss0_degmodglobal,8,5e-05,0.0001,0.4,1.0,0.25,0.05,lr5e-05_bs8_drop0p4_temp1p0_a0p25_b0p05__wd1e-04trmiss0_degmodglobal,54,0.6019897205489022,0.6558807194232941,0.7777777777777778,0.8870731120731121,0.46153846153846156,0.0,0.5318840401513236,0.5798643827438354,0.061734708824328015,0.13383345465574945,0.0,0.0,0.0,0.0,0.0,18473,global,0.0
3,5,lr5e-05_bs8_drop0p4_temp1p0_a0p25_b0p05__wd1e-04trmiss0_degmodglobal,8,5e-05,0.0001,0.4,1.0,0.25,0.05,lr5e-05_bs8_drop0p4_temp1p0_a0p25_b0p05__wd1e-04trmiss0_degmodglobal,55,0.6122624788965497,0.6588468849658966,0.8055555555555556,0.9092953342953345,0.46153846153846156,0.0,0.5000992715358734,0.57777053969247,0.08857741526194982,0.24695202814681189,0.0,0.0,0.0,0.0,0.0,18473,global,0.0
3,5,lr5e-05_bs8_drop0p4_temp1p0_a0p25_b0p05__wd1e-04trmiss0_degmodglobal,8,5e-05,0.0001,0.4,1.0,0.25,0.05,lr5e-05_bs8_drop0p4_temp1p0_a0p25_b0p05__wd1e-04trmiss0_degmodglobal,56,0.597009539604187,0.6575341522693634,0.8333333333333334,0.9278138528138529,0.46153846153846156,0.0,0.5207613919462476,0.5683786826474326,0.078856852969953,0.17833256561841285,0.0,0.0,0.0,0.0,0.0,18473,global,0.0
3,5,lr5e-05_bs8_drop0p4_temp1p0_a0p25_b0p05__wd1e-04trmiss0_degmodglobal,8,5e-05,0.0001,0.4,1.0,0.25,0.05,lr5e-05_bs8_drop0p4_temp1p0_a0p25_b0p05__wd1e-04trmiss0_degmodglobal,57,0.5735910023961749,0.6504299342632294,0.8333333333333334,0.9278138528138529,0.6923076923076923,0.0,0.49299595185688566,0.5474800637790135,0.06939732017261642,0.17523227046642983,0.0,0.0,0.0,0.0,0.0,18473,global,0.0
3,5,lr5e-05_bs8_drop0p4_temp1p0_a0p25_b0p05__wd1e-04trmiss0_degmodglobal,8,5e-05,0.0001,0.4,1.0,0.25,0.05,lr5e-05_bs8_drop0p4_temp1p0_a0p25_b0p05__wd1e-04trmiss0_degmodglobal,58,0.5971754108156476,0.6475118696689606,0.8333333333333334,0.9278138528138529,0.6923076923076923,0.0,0.5071497985294887,0.5750217693192619,0.059125084429979324,0.14744736573525838,0.0,0.0,0.0,0.0,0.0,18473,global,0.0
3,5,lr5e-05_bs8_drop0p4_temp1p0_a0p25_b0p05__wd1e-04trmiss0_degmodglobal,8,5e-05,0.0001,0.4,1.0,0.25,0.05,lr5e-05_bs8_drop0p4_temp1p0_a0p25_b0p05__wd1e-04trmiss0_degmodglobal,59,0.600007815020425,0.6454716920852661,0.8333333333333334,0.9278138528138529,0.6153846153846154,0.0,0.4874902793339321,0.5633975352559771,0.0919724383524486,0.27234373135226114,0.0,0.0,0.0,0.0,0.0,18473,global,0.0
3,5,lr5e-05_bs8_drop0p4_temp1p0_a0p25_b0p05__wd1e-04trmiss0_degmodglobal,8,5e-05,0.0001,0.4,1.0,0.25,0.05,lr5e-05_bs8_drop0p4_temp1p0_a0p25_b0p05__wd1e-04trmiss0_degmodglobal,60,0.5833002754620144,0.641928642988205,0.8333333333333334,0.9278138528138529,0.6153846153846154,0.0,0.45437303611210417,0.5506130840097155,0.08518550651414054,0.2278161027601787,0.0,0.0,0.0,0.0,0.0,18473,global,0.0
3,5,lr5e-05_bs8_drop0p4_temp1p0_a0p25_b0p05__wd1e-04trmiss0_degmodglobal,8,5e-05,0.0001,0.4,1.0,0.25,0.05,lr5e-05_bs8_drop0p4_temp1p0_a0p25_b0p05__wd1e-04trmiss0_degmodglobal,61,0.5652251030717578,0.6428132355213165,0.8333333333333334,0.9278138528138529,0.6153846153846154,0.0,0.4612083647932325,0.5366944244929722,0.07617343217134476,0.18974635856492178,0.0,0.0,0.0,0.0,0.0,18473,global,0.0
3,5,lr5e-05_bs8_drop0p4_temp1p0_a0p25_b0p05__wd1e-04trmiss0_degmodglobal,8,5e-05,0.0001,0.4,1.0,0.25,0.05,lr5e-05_bs8_drop0p4_temp1p0_a0p25_b0p05__wd1e-04trmiss0_degmodglobal,62,0.573345171553748,0.6453154683113098,0.8333333333333334,0.9278138528138529,0.6923076923076923,0.0,0.4820073289530618,0.5476780746664319,0.06882925970213753,0.16919555674706185,0.0,0.0,0.0,0.0,0.0,18473,global,0.0
3,5,lr5e-05_bs8_drop0p4_temp1p0_a0p25_b0p05__wd1e-04trmiss0_degmodglobal,8,5e-05,0.0001,0.4,1.0,0.25,0.05,lr5e-05_bs8_drop0p4_temp1p0_a0p25_b0p05__wd1e-04trmiss0_degmodglobal,63,0.5814118598188672,0.6444015800952911,0.8333333333333334,0.9278138528138529,0.6153846153846154,0.0,0.49356837783540997,0.5473949781485966,0.0864002773804324,0.24833607247897557,0.0,0.0,0.0,0.0,0.0,18473,global,0.0
3,5,lr5e-05_bs8_drop0p4_temp1p0_a0p25_b0p05__wd1e-04trmiss0_degmodglobal,8,5e-05,0.0001,0.4,1.0,0.25,0.05,lr5e-05_bs8_drop0p4_temp1p0_a0p25_b0p05__wd1e-04trmiss0_degmodglobal,64,0.5918159314564296,0.640695184469223,0.8333333333333334,0.9278138528138529,0.6153846153846154,0.0,0.46434722202164785,0.558886685541698,0.08654489261763436,0.2258604136960847,0.0,0.0,0.0,0.0,0.0,18473,global,0.0
3,5,lr5e-05_bs8_drop0p4_temp1p0_a0p25_b0p05__wd1e-04trmiss0_degmodglobal,8,5e-05,0.0001,0.4,1.0,0.25,0.05,lr5e-05_bs8_drop0p4_temp1p0_a0p25_b0p05__wd1e-04trmiss0_degmodglobal,65,0.5839885898998806,0.6451528966426849,0.8333333333333334,0.9278138528138529,0.6923076923076923,0.0,0.49907733712877544,0.5576272266251701,0.07113738091928619,0.17154030288968766,0.0,0.0,0.0,0.0,0.0,18473,global,0.0
3,5,lr5e-05_bs8_drop0p4_temp1p0_a0p25_b0p05__wd1e-04trmiss0_degmodglobal,8,5e-05,0.0001,0.4,1.0,0.25,0.05,lr5e-05_bs8_drop0p4_temp1p0_a0p25_b0p05__wd1e-04trmiss0_degmodglobal,66,0.5846127484525953,0.6408689916133881,0.8333333333333334,0.9278138528138529,0.6153846153846154,0.0,0.449891060590744,0.5477493064744132,0.09346317393439156,0.2699527995926993,0.0,0.0,0.0,0.0,0.0,18473,global,0.0
3,5,lr5e-05_bs8_drop0p4_temp1p0_a0p25_b0p05__wd1e-04trmiss0_degmodglobal,8,5e-05,0.0001,0.4,1.0,0.25,0.05,lr5e-05_bs8_drop0p4_temp1p0_a0p25_b0p05__wd1e-04trmiss0_degmodglobal,67,0.5976046919822693,0.6431928873062134,0.8333333333333334,0.9278138528138529,0.6923076923076923,0.0,0.4382598783288683,0.5562278372900826,0.10094232325042997,0.32282536583287375,0.0,0.0,0.0,0.0,0.0,18473,global,0.0
3,5,lr5e-05_bs8_drop0p4_temp1p0_a0p25_b0p05__wd1e-04trmiss0_degmodglobal,8,5e-05,0.0001,0.4,1.0,0.25,0.05,lr5e-05_bs8_drop0p4_temp1p0_a0p25_b0p05__wd1e-04trmiss0_degmodglobal,68,0.568974358694894,0.6386347413063049,0.8333333333333334,0.9278138528138529,0.6153846153846154,0.0,0.42847038166863577,0.5293862734522138,0.10576670137899262,0.26292828896215986,0.0,0.0,0.0,0.0,0.0,18473,global,0.0
3,5,lr5e-05_bs8_drop0p4_temp1p0_a0p25_b0p05__wd1e-04trmiss0_degmodglobal,8,5e-05,0.0001,0.4,1.0,0.25,0.05,lr5e-05_bs8_drop0p4_temp1p0_a0p25_b0p05__wd1e-04trmiss0_degmodglobal,69,0.5890562874930245,0.6384844779968262,0.8333333333333334,0.9278138528138529,0.6153846153846154,0.0,0.4584508878844125,0.5536977478436061,0.09341284419809069,0.240106217030968,0.0,0.0,0.0,0.0,0.0,18473,global,0.0
3,5,lr5e-05_bs8_drop0p4_temp1p0_a0p25_b0p05__wd1e-04trmiss0_degmodglobal,8,5e-05,0.0001,0.4,1.0,0.25,0.05,lr5e-05_bs8_drop0p4_temp1p0_a0p25_b0p05__wd1e-04trmiss0_degmodglobal,70,0.5579310868467603,0.6398686468601227,0.8333333333333334,0.9278138528138529,0.6153846153846154,0.0,0.4366271325520107,0.5260797653879438,0.07955595797726087,0.23924632157598222,0.0,0.0,0.0,0.0,0.0,18473,global,0.0
3,5,lr5e-05_bs8_drop0p4_temp1p0_a0p25_b0p05__wd1e-04trmiss0_degmodglobal,8,5e-05,0.0001,0.4,1.0,0.25,0.05,lr5e-05_bs8_drop0p4_temp1p0_a0p25_b0p05__wd1e-04trmiss0_degmodglobal,71,0.5935202326093402,0.639161229133606,0.8333333333333334,0.9278138528138529,0.6153846153846154,0.0,0.43672041807855877,0.562351929289954,0.08077434663261686,0.21949441943849837,0.0,0.0,0.0,0.0,0.0,18473,global,0.0
3,5,lr5e-05_bs8_drop0p4_temp1p0_a0p25_b0p05__wd1e-04trmiss0_degmodglobal,8,5e-05,0.0001,0.4,1.0,0.25,0.05,lr5e-05_bs8_drop0p4_temp1p0_a0p25_b0p05__wd1e-04trmiss0_degmodglobal,72,0.592938985143389,0.637775331735611,0.8333333333333334,0.9278138528138529,0.6153846153846154,0.0,0.44507416231291635,0.554097865309034,0.0936252378991672,0.30869588788066593,0.0,0.0,0.0,0.0,0.0,18473,global,0.0
3,5,lr5e-05_bs8_drop0p4_temp1p0_a0p25_b0p05__wd1e-04trmiss0_degmodglobal,8,5e-05,0.0001,0.4,1.0,0.25,0.05,lr5e-05_bs8_drop0p4_temp1p0_a0p25_b0p05__wd1e-04trmiss0_degmodglobal,73,0.590960042817252,0.6416065096855164,0.8333333333333334,0.9278138528138529,0.6153846153846154,0.0,0.45656174421310425,0.5557366822447095,0.09623803570866585,0.2232770515339715,0.0,0.0,0.0,0.0,0.0,18473,global,0.0
3,5,lr5e-05_bs8_drop0p4_temp1p0_a0p25_b0p05__wd1e-04trmiss0_degmodglobal,8,5e-05,0.0001,0.4,1.0,0.25,0.05,lr5e-05_bs8_drop0p4_temp1p0_a0p25_b0p05__wd1e-04trmiss0_degmodglobal,74,0.5477569486413684,0.6393379271030426,0.8333333333333334,0.9278138528138529,0.6153846153846154,0.0,0.4771112416471754,0.5169095184121814,0.08775276531066213,0.17818488393511092,0.0,0.0,0.0,0.0,0.0,18473,global,0.0
3,5,lr5e-05_bs8_drop0p4_temp1p0_a0p25_b0p05__wd1e-04trmiss0_degmodglobal,8,5e-05,0.0001,0.4,1.0,0.25,0.05,lr5e-05_bs8_drop0p4_temp1p0_a0p25_b0p05__wd1e-04trmiss0_degmodglobal,75,0.5677827639239175,0.6353394389152527,0.8333333333333334,0.9278138528138529,0.6153846153846154,0.0,0.4381618457181113,0.5312753915786743,0.09293222587023463,0.26548616907426287,0.0,0.0,0.0,0.0,0.0,18473,global,0.0
3,5,lr5e-05_bs8_drop0p4_temp1p0_a0p25_b0p05__wd1e-04trmiss0_degmodglobal,8,5e-05,0.0001,0.4,1.0,0.25,0.05,lr5e-05_bs8_drop0p4_temp1p0_a0p25_b0p05__wd1e-04trmiss0_degmodglobal,76,0.5885035565921238,0.636206865310669,0.8333333333333334,0.9278138528138529,0.6153846153846154,0.0,0.4307150287287576,0.5382692813873291,0.13344390849981988,0.3374657269035067,0.0,0.0,0.0,0.0,0.0,18473,global,0.0
3,5,lr5e-05_bs8_drop0p4_temp1p0_a0p25_b0p05__wd1e-04trmiss0_degmodglobal,8,5e-05,0.0001,0.4,1.0,0.25,0.05,lr5e-05_bs8_drop0p4_temp1p0_a0p25_b0p05__wd1e-04trmiss0_degmodglobal,77,0.5611639533724103,0.6367097795009613,0.8333333333333334,0.9278138528138529,0.6153846153846154,0.0,0.433547066790717,0.5298295574528831,0.07918682907308851,0.23075410297938756,0.0,0.0,0.0,0.0,0.0,18473,global,0.0
3,5,lr5e-05_bs8_drop0p4_temp1p0_a0p25_b0p05__wd1e-04trmiss0_degmodglobal,8,5e-05,0.0001,0.4,1.0,0.25,0.05,lr5e-05_bs8_drop0p4_temp1p0_a0p25_b0p05__wd1e-04trmiss0_degmodglobal,78,0.5835191352026803,0.6389886140823364,0.8333333333333334,0.9278138528138529,0.6153846153846154,0.0,0.457452654838562,0.5491834027426583,0.08532556252820152,0.2600867599248886,0.0,0.0,0.0,0.0,0.0,18473,global,0.0
3,5,lr5e-05_bs8_drop0p4_temp1p0_a0p25_b0p05__wd1e-04trmiss0_degmodglobal,8,5e-05,0.0001,0.4,1.0,0.25,0.05,lr5e-05_bs8_drop0p4_temp1p0_a0p25_b0p05__wd1e-04trmiss0_degmodglobal,79,0.5974098018237523,0.6410541534423828,0.8333333333333334,0.9278138528138529,0.6923076923076923,0.0,0.45505023854119436,0.5627746837479728,0.08404754208666938,0.27246433390038355,0.0,0.0,0.0,0.0,0.0,18473,global,0.0
3,5,lr5e-05_bs8_drop0p4_temp1p0_a0p25_b0p05__wd1e-04trmiss0_degmodglobal,8,5e-05,0.0001,0.4,1.0,0.25,0.05,lr5e-05_bs8_drop0p4_temp1p0_a0p25_b0p05__wd1e-04trmiss0_degmodglobal,80,0.5695606938430241,0.6418273150920868,0.8055555555555556,0.9170113836780505,0.6923076923076923,0.0,0.4467741421290806,0.5389154468263898,0.08075281924435071,0.20914092553513391,0.0,0.0,0.0,0.0,0.0,18473,global,0.0
3,5,lr5e-05_bs8_drop0p4_temp2p0_a0p25_b0p05__wd1e-04trmiss0_degmodglobal,8,5e-05,0.0001,0.4,2.0,0.25,0.05,lr5e-05_bs8_drop0p4_temp2p0_a0p25_b0p05__wd1e-04trmiss0_degmodglobal,1,0.7405158792223249,0.6892960965633392,0.3888888888888889,0.7546407296407298,0.38461538461538464,0.0,0.7269073469298226,0.7184804507664272,0.0471662421311651,0.20487763839108603,0.0,0.0,0.0,0.0,0.0,18473,global,0.0
3,5,lr5e-05_bs8_drop0p4_temp2p0_a0p25_b0p05__wd1e-04trmiss0_degmodglobal,8,5e-05,0.0001,0.4,2.0,0.25,0.05,lr5e-05_bs8_drop0p4_temp2p0_a0p25_b0p05__wd1e-04trmiss0_degmodglobal,2,0.7097725016730172,0.6878648996353149,0.3888888888888889,0.7546407296407298,0.38461538461538464,0.0,0.7382416384560722,0.6859002709388733,0.051967078021594455,0.2176096077476229,0.0,0.0,0.0,0.0,0.0,18473,global,0.0
3,5,lr5e-05_bs8_drop0p4_temp2p0_a0p25_b0p05__wd1e-04trmiss0_degmodglobal,8,5e-05,0.0001,0.4,2.0,0.25,0.05,lr5e-05_bs8_drop0p4_temp2p0_a0p25_b0p05__wd1e-04trmiss0_degmodglobal,3,0.6994607618876866,0.6887570023536682,0.3888888888888889,0.7546407296407298,0.38461538461538464,0.0,0.7037825839860099,0.6772417596408299,0.052025003890906064,0.18425502521651133,0.0,0.0,0.0,0.0,0.0,18473,global,0.0
3,5,lr5e-05_bs8_drop0p4_temp2p0_a0p25_b0p05__wd1e-04trmiss0_degmodglobal,8,5e-05,0.0001,0.4,2.0,0.25,0.05,lr5e-05_bs8_drop0p4_temp2p0_a0p25_b0p05__wd1e-04trmiss0_degmodglobal,4,0.6883817315101624,0.6794646382331848,0.3888888888888889,0.7546407296407298,0.38461538461538464,0.0,0.7069572976657322,0.6620554668562753,0.06033183368188994,0.22486583994967596,0.0,0.0,0.0,0.0,0.0,18473,global,0.0
3,5,lr5e-05_bs8_drop0p4_temp2p0_a0p25_b0p05__wd1e-04trmiss0_degmodglobal,8,5e-05,0.0001,0.4,2.0,0.25,0.05,lr5e-05_bs8_drop0p4_temp2p0_a0p25_b0p05__wd1e-04trmiss0_degmodglobal,5,0.6799971461296082,0.677102655172348,0.3888888888888889,0.7546407296407298,0.38461538461538464,0.0,0.70655471937997,0.6587527734892709,0.04727762831108911,0.18849956457104003,0.0,0.0,0.0,0.0,0.0,18473,global,0.0
3,5,lr5e-05_bs8_drop0p4_temp2p0_a0p25_b0p05__wd1e-04trmiss0_degmodglobal,8,5e-05,0.0001,0.4,2.0,0.25,0.05,lr5e-05_bs8_drop0p4_temp2p0_a0p25_b0p05__wd1e-04trmiss0_degmodglobal,6,0.6598741241863796,0.6781035959720612,0.4444444444444444,0.7726301476301476,0.46153846153846156,0.0,0.6966235211917332,0.6360415816307068,0.051341473524059565,0.2199433786528451,0.0,0.0,0.0,0.0,0.0,18473,global,0.0
3,5,lr5e-05_bs8_drop0p4_temp2p0_a0p25_b0p05__wd1e-04trmiss0_degmodglobal,8,5e-05,0.0001,0.4,2.0,0.25,0.05,lr5e-05_bs8_drop0p4_temp2p0_a0p25_b0p05__wd1e-04trmiss0_degmodglobal,7,0.6559092232159206,0.6786776483058929,0.4722222222222222,0.7825507825507827,0.46153846153846156,0.0,0.6802176833152771,0.6301294735499791,0.06365619120853287,0.1973141229578427,0.0,0.0,0.0,0.0,0.0,18473,global,0.0
3,5,lr5e-05_bs8_drop0p4_temp2p0_a0p25_b0p05__wd1e-04trmiss0_degmodglobal,8,5e-05,0.0001,0.4,2.0,0.25,0.05,lr5e-05_bs8_drop0p4_temp2p0_a0p25_b0p05__wd1e-04trmiss0_degmodglobal,8,0.6340449963297162,0.6796205937862396,0.5,0.791810041810042,0.5384615384615384,0.0,0.7148376022066388,0.6044393011501857,0.06725898970450674,0.2558190588440214,0.0,0.0,0.0,0.0,0.0,18473,global,0.0
3,5,lr5e-05_bs8_drop0p4_temp2p0_a0p25_b0p05__wd1e-04trmiss0_degmodglobal,8,5e-05,0.0001,0.4,2.0,0.25,0.05,lr5e-05_bs8_drop0p4_temp2p0_a0p25_b0p05__wd1e-04trmiss0_degmodglobal,9,0.6154061385563442,0.6784239411354065,0.4444444444444444,0.7473655973655975,0.5384615384615384,0.0,0.6509827290262494,0.5923410313470023,0.050537200910704475,0.20861627267939703,0.0,0.0,0.0,0.0,0.0,18473,global,0.0
3,5,lr5e-05_bs8_drop0p4_temp2p0_a0p25_b0p05__wd1e-04trmiss0_degmodglobal,8,5e-05,0.0001,0.4,2.0,0.25,0.05,lr5e-05_bs8_drop0p4_temp2p0_a0p25_b0p05__wd1e-04trmiss0_degmodglobal,10,0.6199175289699009,0.6793391704559326,0.4444444444444444,0.7473655973655975,0.5384615384615384,0.0,0.6593262893812997,0.5913798979350499,0.06404799435819898,0.2505126808370863,0.0,0.0,0.0,0.0,0.0,18473,global,0.0
3,5,lr5e-05_bs8_drop0p4_temp2p0_a0p25_b0p05__wd1e-04trmiss0_degmodglobal,8,5e-05,0.0001,0.4,2.0,0.25,0.05,lr5e-05_bs8_drop0p4_temp2p0_a0p25_b0p05__wd1e-04trmiss0_degmodglobal,11,0.6098854541778564,0.6749444007873535,0.4722222222222222,0.7544363044363045,0.6153846153846154,0.0,0.6729173575128827,0.5812908070428031,0.0688575107072081,0.22760550464902604,0.0,0.0,0.0,0.0,0.0,18473,global,0.0
3,5,lr5e-05_bs8_drop0p4_temp2p0_a0p25_b0p05__wd1e-04trmiss0_degmodglobal,8,5e-05,0.0001,0.4,2.0,0.25,0.05,lr5e-05_bs8_drop0p4_temp2p0_a0p25_b0p05__wd1e-04trmiss0_degmodglobal,12,0.5845952033996582,0.67489093542099,0.5,0.7630782797449465,0.6153846153846154,0.0,0.6356523718152728,0.5597103493554252,0.06181173026561737,0.18863862220730102,0.0,0.0,0.0,0.0,0.0,18473,global,0.0
3,5,lr5e-05_bs8_drop0p4_temp2p0_a0p25_b0p05__wd1e-04trmiss0_degmodglobal,8,5e-05,0.0001,0.4,2.0,0.25,0.05,lr5e-05_bs8_drop0p4_temp2p0_a0p25_b0p05__wd1e-04trmiss0_degmodglobal,13,0.621031471661159,0.6700979173183441,0.5277777777777777,0.7698122864789532,0.6153846153846154,0.0,0.6417911393301827,0.5936309610094342,0.06910789491874832,0.20247094758919307,0.0,0.0,0.0,0.0,0.0,18473,global,0.0
3,5,lr5e-05_bs8_drop0p4_temp2p0_a0p25_b0p05__wd1e-04trmiss0_degmodglobal,8,5e-05,0.0001,0.4,2.0,0.25,0.05,lr5e-05_bs8_drop0p4_temp2p0_a0p25_b0p05__wd1e-04trmiss0_degmodglobal,14,0.6393531305449349,0.669328898191452,0.5555555555555556,0.7778930945597613,0.6153846153846154,0.0,0.6312408106667655,0.6156637328011649,0.05701632159096854,0.1887063213757106,0.0,0.0,0.0,0.0,0.0,18473,global,0.0
3,5,lr5e-05_bs8_drop0p4_temp2p0_a0p25_b0p05__wd1e-04trmiss0_degmodglobal,8,5e-05,0.0001,0.4,2.0,0.25,0.05,lr5e-05_bs8_drop0p4_temp2p0_a0p25_b0p05__wd1e-04trmiss0_degmodglobal,15,0.6043907403945923,0.6645877063274384,0.5,0.7223375390042057,0.6923076923076923,0.0,0.6374831710542951,0.5836579033306667,0.05098948787365641,0.15970935778958456,0.0,0.0,0.0,0.0,0.0,18473,global,0.0
3,5,lr5e-05_bs8_drop0p4_temp2p0_a0p25_b0p05__wd1e-04trmiss0_degmodglobal,8,5e-05,0.0001,0.4,2.0,0.25,0.05,lr5e-05_bs8_drop0p4_temp2p0_a0p25_b0p05__wd1e-04trmiss0_degmodglobal,16,0.5943832738058907,0.6472735106945038,0.5555555555555556,0.7363235529902197,0.7692307692307693,0.0,0.6364227788788932,0.5699470468929836,0.057192606053182056,0.20276156493595668,0.0,0.0,0.0,0.0,0.0,18473,global,0.0
3,5,lr5e-05_bs8_drop0p4_temp2p0_a0p25_b0p05__wd1e-04trmiss0_degmodglobal,8,5e-05,0.0001,0.4,2.0,0.25,0.05,lr5e-05_bs8_drop0p4_temp2p0_a0p25_b0p05__wd1e-04trmiss0_degmodglobal,17,0.5800021716526577,0.6666913330554962,0.5555555555555556,0.7363235529902197,0.6923076923076923,0.0,0.6088649800845555,0.5473029698644366,0.0805886723101139,0.2510408971990858,0.0,0.0,0.0,0.0,0.0,18473,global,0.0
3,5,lr5e-05_bs8_drop0p4_temp2p0_a0p25_b0p05__wd1e-04trmiss0_degmodglobal,8,5e-05,0.0001,0.4,2.0,0.25,0.05,lr5e-05_bs8_drop0p4_temp2p0_a0p25_b0p05__wd1e-04trmiss0_degmodglobal,18,0.6012810213225228,0.6651893258094788,0.5555555555555556,0.7363235529902197,0.6153846153846154,0.0,0.6186429347310748,0.5730811527797154,0.06875286677053996,0.2202332147530147,0.0,0.0,0.0,0.0,0.0,18473,global,0.0
3,5,lr5e-05_bs8_drop0p4_temp2p0_a0p25_b0p05__wd1e-04trmiss0_degmodglobal,8,5e-05,0.0001,0.4,2.0,0.25,0.05,lr5e-05_bs8_drop0p4_temp2p0_a0p25_b0p05__wd1e-04trmiss0_degmodglobal,19,0.5870497822761536,0.6623288094997406,0.5555555555555556,0.7363235529902197,0.6153846153846154,0.0,0.6250347750527518,0.5686292733464923,0.04487574526241848,0.14403135223048075,0.0,0.0,0.0,0.0,0.0,18473,global,0.0
3,5,lr5e-05_bs8_drop0p4_temp2p0_a0p25_b0p05__wd1e-04trmiss0_degmodglobal,8,5e-05,0.0001,0.4,2.0,0.25,0.05,lr5e-05_bs8_drop0p4_temp2p0_a0p25_b0p05__wd1e-04trmiss0_degmodglobal,20,0.5819148591586522,0.6601026952266693,0.5833333333333334,0.754842071508738,0.6923076923076923,0.0,0.6399307761873517,0.553785502910614,0.06703922578266688,0.2273912312729018,0.0,0.0,0.0,0.0,0.0,18473,global,0.0
3,5,lr5e-05_bs8_drop0p4_temp2p0_a0p25_b0p05__wd1e-04trmiss0_degmodglobal,8,5e-05,0.0001,0.4,2.0,0.25,0.05,lr5e-05_bs8_drop0p4_temp2p0_a0p25_b0p05__wd1e-04trmiss0_degmodglobal,21,0.5645325183868408,0.6597306728363037,0.5833333333333334,0.754842071508738,0.6923076923076923,0.0,0.6289224794932774,0.5433936629976545,0.05281384715012142,0.15870804339647293,0.0,0.0,0.0,0.0,0.0,18473,global,0.0
3,5,lr5e-05_bs8_drop0p4_temp2p0_a0p25_b0p05__wd1e-04trmiss0_degmodglobal,8,5e-05,0.0001,0.4,2.0,0.25,0.05,lr5e-05_bs8_drop0p4_temp2p0_a0p25_b0p05__wd1e-04trmiss0_degmodglobal,22,0.580464277948652,0.6617707908153534,0.5555555555555556,0.7363235529902197,0.6153846153846154,0.0,0.6331333347729274,0.5509125973497119,0.06877510941454343,0.2471579760313034,0.0,0.0,0.0,0.0,0.0,18473,global,0.0
3,5,lr5e-05_bs8_drop0p4_temp2p0_a0p25_b0p05__wd1e-04trmiss0_degmodglobal,8,5e-05,0.0001,0.4,2.0,0.25,0.05,lr5e-05_bs8_drop0p4_temp2p0_a0p25_b0p05__wd1e-04trmiss0_degmodglobal,23,0.5719255719866071,0.6460508108139038,0.5833333333333334,0.754842071508738,0.6153846153846154,0.0,0.6022075159209115,0.5420926553862435,0.07307562444891248,0.2312804258295468,0.0,0.0,0.0,0.0,0.0,18473,global,0.0
3,5,lr5e-05_bs8_drop0p4_temp2p0_a0p25_b0p05__wd1e-04trmiss0_degmodglobal,8,5e-05,0.0001,0.4,2.0,0.25,0.05,lr5e-05_bs8_drop0p4_temp2p0_a0p25_b0p05__wd1e-04trmiss0_degmodglobal,24,0.6045633128711155,0.6670821607112885,0.5833333333333333,0.7843033509700177,0.5384615384615384,0.0,0.6119781902858189,0.5775484868458339,0.07025049759873322,0.18904380234224455,0.0,0.0,0.0,0.0,0.0,18473,global,0.0
3,5,lr5e-05_bs8_drop0p4_temp2p0_a0p25_b0p05__wd1e-04trmiss0_degmodglobal,8,5e-05,0.0001,0.4,2.0,0.25,0.05,lr5e-05_bs8_drop0p4_temp2p0_a0p25_b0p05__wd1e-04trmiss0_degmodglobal,25,0.582399845123291,0.6447249054908752,0.6111111111111112,0.7918791085457753,0.6923076923076923,0.0,0.5815705231257847,0.5480897554329464,0.08529619899179254,0.2597209598336901,0.0,0.0,0.0,0.0,0.0,18473,global,0.0
3,5,lr5e-05_bs8_drop0p4_temp2p0_a0p25_b0p05__wd1e-04trmiss0_degmodglobal,8,5e-05,0.0001,0.4,2.0,0.25,0.05,lr5e-05_bs8_drop0p4_temp2p0_a0p25_b0p05__wd1e-04trmiss0_degmodglobal,26,0.5606417911393302,0.6458607912063599,0.6111111111111112,0.7918791085457753,0.6153846153846154,0.0,0.6206183348383222,0.5403708389827183,0.05211338773369789,0.14485216672931397,0.0,0.0,0.0,0.0,0.0,18473,global,0.0
3,5,lr5e-05_bs8_drop0p4_temp2p0_a0p25_b0p05__wd1e-04trmiss0_degmodglobal,8,5e-05,0.0001,0.4,2.0,0.25,0.05,lr5e-05_bs8_drop0p4_temp2p0_a0p25_b0p05__wd1e-04trmiss0_degmodglobal,27,0.5821241821561541,0.6509929597377777,0.6111111111111112,0.7918791085457753,0.6923076923076923,0.0,0.5998834541865757,0.5546040790421622,0.07066283641116959,0.19708777219057083,0.0,0.0,0.0,0.0,0.0,18473,global,0.0
3,5,lr5e-05_bs8_drop0p4_temp2p0_a0p25_b0p05__wd1e-04trmiss0_degmodglobal,8,5e-05,0.0001,0.4,2.0,0.25,0.05,lr5e-05_bs8_drop0p4_temp2p0_a0p25_b0p05__wd1e-04trmiss0_degmodglobal,28,0.5620107906205314,0.6453983187675476,0.6111111111111112,0.7918791085457753,0.8461538461538461,0.0,0.6160591414996556,0.5406910223620278,0.053795743733644485,0.15741682052612305,0.0,0.0,0.0,0.0,0.0,18473,global,0.0
3,5,lr5e-05_bs8_drop0p4_temp2p0_a0p25_b0p05__wd1e-04trmiss0_degmodglobal,8,5e-05,0.0001,0.4,2.0,0.25,0.05,lr5e-05_bs8_drop0p4_temp2p0_a0p25_b0p05__wd1e-04trmiss0_degmodglobal,29,0.5693034955433437,0.6373670697212219,0.6111111111111112,0.7918791085457753,0.8461538461538461,0.0,0.6140958922249931,0.5424685052462986,0.06852676000978265,0.19406608705009734,0.0,0.0,0.0,0.0,0.0,18473,global,0.0
3,5,lr5e-05_bs8_drop0p4_temp2p0_a0p25_b0p05__wd1e-04trmiss0_degmodglobal,8,5e-05,0.0001,0.4,2.0,0.25,0.05,lr5e-05_bs8_drop0p4_temp2p0_a0p25_b0p05__wd1e-04trmiss0_degmodglobal,30,0.5802817855562482,0.6491997838020325,0.6111111111111112,0.7715087381754049,0.7692307692307693,0.0,0.606894884790693,0.5519346254212516,0.06792994428958211,0.22729364676134928,0.0,0.0,0.0,0.0,0.0,18473,global,0.0
3,5,lr5e-05_bs8_drop0p4_temp2p0_a0p25_b0p05__wd1e-04trmiss0_degmodglobal,8,5e-05,0.0001,0.4,2.0,0.25,0.05,lr5e-05_bs8_drop0p4_temp2p0_a0p25_b0p05__wd1e-04trmiss0_degmodglobal,31,0.556388292993818,0.6479097902774811,0.6111111111111112,0.7715087381754049,0.7692307692307693,0.0,0.5956093413489205,0.5265685830797467,0.07953613783632006,0.198713624051639,0.0,0.0,0.0,0.0,0.0,18473,global,0.0
3,5,lr5e-05_bs8_drop0p4_temp2p0_a0p25_b0p05__wd1e-04trmiss0_degmodglobal,8,5e-05,0.0001,0.4,2.0,0.25,0.05,lr5e-05_bs8_drop0p4_temp2p0_a0p25_b0p05__wd1e-04trmiss0_degmodglobal,32,0.5588944256305695,0.6491111516952515,0.5833333333333334,0.754842071508738,0.8461538461538461,0.0,0.5875438877514431,0.5323235648018974,0.0684308111667633,0.18926302875791276,0.0,0.0,0.0,0.0,0.0,18473,global,0.0
3,5,lr5e-05_bs8_drop0p4_temp2p0_a0p25_b0p05__wd1e-04trmiss0_degmodglobal,8,5e-05,0.0001,0.4,2.0,0.25,0.05,lr5e-05_bs8_drop0p4_temp2p0_a0p25_b0p05__wd1e-04trmiss0_degmodglobal,33,0.5691370368003845,0.651554137468338,0.5555555555555556,0.7363235529902197,0.7692307692307693,0.0,0.6189364450318473,0.5413680374622345,0.06395459840340274,0.2356072227869715,0.0,0.0,0.0,0.0,0.0,18473,global,0.0
3,5,lr5e-05_bs8_drop0p4_temp2p0_a0p25_b0p05__wd1e-04trmiss0_degmodglobal,8,5e-05,0.0001,0.4,2.0,0.25,0.05,lr5e-05_bs8_drop0p4_temp2p0_a0p25_b0p05__wd1e-04trmiss0_degmodglobal,34,0.5790309820856366,0.6302943527698517,0.6111111111111112,0.7918791085457753,0.7692307692307693,0.0,0.6265561921255929,0.5468620657920837,0.07474787586501666,0.26963900455406736,0.0,0.0,0.0,0.0,0.0,18473,global,0.0
3,5,lr5e-05_bs8_drop0p4_temp2p0_a0p25_b0p05__wd1e-04trmiss0_degmodglobal,8,5e-05,0.0001,0.4,2.0,0.25,0.05,lr5e-05_bs8_drop0p4_temp2p0_a0p25_b0p05__wd1e-04trmiss0_degmodglobal,35,0.5675237945147923,0.6247716844081879,0.6388888888888888,0.8085457752124419,0.7692307692307693,0.0,0.6192691581589835,0.5440411227090018,0.055378202881131856,0.19276256752865656,0.0,0.0,0.0,0.0,0.0,18473,global,0.0
3,5,lr5e-05_bs8_drop0p4_temp2p0_a0p25_b0p05__wd1e-04trmiss0_degmodglobal,8,5e-05,0.0001,0.4,2.0,0.25,0.05,lr5e-05_bs8_drop0p4_temp2p0_a0p25_b0p05__wd1e-04trmiss0_degmodglobal,36,0.5318638682365417,0.6249346137046814,0.6388888888888888,0.8085457752124419,0.7692307692307693,0.0,0.5870864817074367,0.5021256038120815,0.0723043315644775,0.23324375493185862,0.0,0.0,0.0,0.0,0.0,18473,global,0.0
3,5,lr5e-05_bs8_drop0p4_temp2p0_a0p25_b0p05__wd1e-04trmiss0_degmodglobal,8,5e-05,0.0001,0.4,2.0,0.25,0.05,lr5e-05_bs8_drop0p4_temp2p0_a0p25_b0p05__wd1e-04trmiss0_degmodglobal,37,0.5588823131152562,0.6303456127643585,0.6388888888888888,0.8085457752124419,0.7692307692307693,0.0,0.5891974142619542,0.5338304596287864,0.05787795303123338,0.2116469836660794,0.0,0.0,0.0,0.0,0.0,18473,global,0.0
3,5,lr5e-05_bs8_drop0p4_temp2p0_a0p25_b0p05__wd1e-04trmiss0_degmodglobal,8,5e-05,0.0001,0.4,2.0,0.25,0.05,lr5e-05_bs8_drop0p4_temp2p0_a0p25_b0p05__wd1e-04trmiss0_degmodglobal,38,0.5664243612970624,0.6313287913799286,0.6388888888888888,0.8085457752124419,0.7692307692307693,0.0,0.5864696162087577,0.5387394939150129,0.07057140235389982,0.20084023954612867,0.0,0.0,0.0,0.0,0.0,18473,global,0.0
3,5,lr5e-05_bs8_drop0p4_temp2p0_a0p25_b0p05__wd1e-04trmiss0_degmodglobal,8,5e-05,0.0001,0.4,2.0,0.25,0.05,lr5e-05_bs8_drop0p4_temp2p0_a0p25_b0p05__wd1e-04trmiss0_degmodglobal,39,0.5709158820765359,0.6365478038787842,0.6111111111111112,0.7918791085457753,0.7692307692307693,0.0,0.589126067502158,0.5262001625129155,0.1102900505065918,0.3428641600268228,0.0,0.0,0.0,0.0,0.0,18473,global,0.0
3,5,lr5e-05_bs8_drop0p4_temp2p0_a0p25_b0p05__wd1e-04trmiss0_degmodglobal,8,5e-05,0.0001,0.4,2.0,0.25,0.05,lr5e-05_bs8_drop0p4_temp2p0_a0p25_b0p05__wd1e-04trmiss0_degmodglobal,40,0.5800521203449794,0.6338479816913605,0.6111111111111112,0.7918791085457753,0.7692307692307693,0.0,0.5768316558429173,0.5625607371330261,0.045961943321994374,0.12001814746430942,0.0,0.0,0.0,0.0,0.0,18473,global,0.0
3,5,lr5e-05_bs8_drop0p4_temp2p0_a0p25_b0p05__wd1e-04trmiss0_degmodglobal,8,5e-05,0.0001,0.4,2.0,0.25,0.05,lr5e-05_bs8_drop0p4_temp2p0_a0p25_b0p05__wd1e-04trmiss0_degmodglobal,41,0.5734838417598179,0.6378001868724823,0.6111111111111112,0.7918791085457753,0.6923076923076923,0.0,0.5862869705472674,0.546598847423281,0.06931175703981093,0.19114116233374392,0.0,0.0,0.0,0.0,0.0,18473,global,0.0
3,5,lr5e-05_bs8_drop0p4_temp2p0_a0p25_b0p05__wd1e-04trmiss0_degmodglobal,8,5e-05,0.0001,0.4,2.0,0.25,0.05,lr5e-05_bs8_drop0p4_temp2p0_a0p25_b0p05__wd1e-04trmiss0_degmodglobal,42,0.5878776567322868,0.6377378702163696,0.6111111111111112,0.7918791085457753,0.6923076923076923,0.0,0.616673869746072,0.5521254709788731,0.08261273056268692,0.30197971633502413,0.0,0.0,0.0,0.0,0.0,18473,global,0.0
3,5,lr5e-05_bs8_drop0p4_temp2p0_a0p25_b0p05__wd1e-04trmiss0_degmodglobal,8,5e-05,0.0001,0.4,2.0,0.25,0.05,lr5e-05_bs8_drop0p4_temp2p0_a0p25_b0p05__wd1e-04trmiss0_degmodglobal,43,0.5398607935224261,0.6420095264911652,0.6111111111111112,0.7918791085457753,0.6923076923076923,0.0,0.608380743435451,0.5118637638432639,0.06231482167329107,0.2483665006501334,0.0,0.0,0.0,0.0,0.0,18473,global,0.0
3,5,lr5e-05_bs8_drop0p4_temp2p0_a0p25_b0p05__wd1e-04trmiss0_degmodglobal,8,5e-05,0.0001,0.4,2.0,0.25,0.05,lr5e-05_bs8_drop0p4_temp2p0_a0p25_b0p05__wd1e-04trmiss0_degmodglobal,44,0.5178038775920868,0.6392078995704651,0.6111111111111112,0.7918791085457753,0.6153846153846154,0.0,0.5854647415024894,0.49026707666260855,0.0652603552277599,0.22443417087197304,0.0,0.0,0.0,0.0,0.0,18473,global,0.0
3,5,lr5e-05_bs8_drop0p4_temp2p0_a0p25_b0p05__wd1e-04trmiss0_degmodglobal,8,5e-05,0.0001,0.4,2.0,0.25,0.05,lr5e-05_bs8_drop0p4_temp2p0_a0p25_b0p05__wd1e-04trmiss0_degmodglobal,45,0.5554787388869694,0.6378348767757416,0.6388888888888888,0.8085457752124419,0.6153846153846154,0.0,0.5867249965667725,0.5318811450685773,0.06004981483731951,0.17170302915785993,0.0,0.0,0.0,0.0,0.0,18473,global,0.0
3,5,lr5e-05_bs8_drop0p4_temp2p0_a0p25_b0p05__wd1e-04trmiss0_degmodglobal,8,5e-05,0.0001,0.4,2.0,0.25,0.05,lr5e-05_bs8_drop0p4_temp2p0_a0p25_b0p05__wd1e-04trmiss0_degmodglobal,46,0.5468651311738151,0.6342748403549194,0.6111111111111112,0.7918791085457753,0.6923076923076923,0.0,0.5831040143966675,0.5149872941630227,0.07548090602670397,0.26015226542949677,0.0,0.0,0.0,0.0,0.0,18473,global,0.0
3,5,lr5e-05_bs8_drop0p4_temp2p0_a0p25_b0p05__wd1e-04trmiss0_degmodglobal,8,5e-05,0.0001,0.4,2.0,0.25,0.05,lr5e-05_bs8_drop0p4_temp2p0_a0p25_b0p05__wd1e-04trmiss0_degmodglobal,47,0.5228721456868308,0.6450576186180115,0.5833333333333334,0.754842071508738,0.6923076923076923,0.0,0.5759762014661517,0.49078428745269775,0.07488649444920677,0.26732467327799114,0.0,0.0,0.0,0.0,0.0,18473,global,0.0
3,5,lr5e-05_bs8_drop0p4_temp2p0_a0p25_b0p05__wd1e-04trmiss0_degmodglobal,8,5e-05,0.0001,0.4,2.0,0.25,0.05,lr5e-05_bs8_drop0p4_temp2p0_a0p25_b0p05__wd1e-04trmiss0_degmodglobal,48,0.5526027807167598,0.6493433117866516,0.5555555555555556,0.7363235529902197,0.6153846153846154,0.0,0.5931937779699054,0.528384689773832,0.06095655102814947,0.17957924412829535,0.0,0.0,0.0,0.0,0.0,18473,global,0.0
3,5,lr5e-05_bs8_drop0p4_temp2p0_a0p25_b0p05__wd1e-04trmiss0_degmodglobal,8,5e-05,0.0001,0.4,2.0,0.25,0.05,lr5e-05_bs8_drop0p4_temp2p0_a0p25_b0p05__wd1e-04trmiss0_degmodglobal,49,0.5084137533392225,0.6366253793239594,0.6111111111111112,0.7918791085457753,0.7692307692307693,0.0,0.5793695109231132,0.484355560370854,0.05393889918923378,0.21146926709583827,0.0,0.0,0.0,0.0,0.0,18473,global,0.0
3,5,lr5e-05_bs8_drop0p4_temp2p0_a0p25_b0p05__wd1e-04trmiss0_degmodglobal,8,5e-05,0.0001,0.4,2.0,0.25,0.05,lr5e-05_bs8_drop0p4_temp2p0_a0p25_b0p05__wd1e-04trmiss0_degmodglobal,50,0.5334302570138659,0.6329327821731567,0.6111111111111112,0.7918791085457753,0.7692307692307693,0.0,0.5905982596533639,0.5028550113950457,0.07687759452632495,0.22711717869554246,0.0,0.0,0.0,0.0,0.0,18473,global,0.0
3,5,lr5e-05_bs8_drop0p4_temp2p0_a0p25_b0p05__wd1e-04trmiss0_degmodglobal,8,5e-05,0.0001,0.4,2.0,0.25,0.05,lr5e-05_bs8_drop0p4_temp2p0_a0p25_b0p05__wd1e-04trmiss0_degmodglobal,51,0.5458151272365025,0.6306010782718658,0.6111111111111112,0.7918791085457753,0.7692307692307693,0.0,0.5754691447530474,0.5210046172142029,0.06419619997697217,0.17522929715258734,0.0,0.0,0.0,0.0,0.0,18473,global,0.0
3,5,lr5e-05_bs8_drop0p4_temp2p0_a0p25_b0p05__wd1e-04trmiss0_degmodglobal,8,5e-05,0.0001,0.4,2.0,0.25,0.05,lr5e-05_bs8_drop0p4_temp2p0_a0p25_b0p05__wd1e-04trmiss0_degmodglobal,52,0.5471891164779663,0.6359781324863434,0.6111111111111112,0.7918791085457753,0.6153846153846154,0.0,0.5991896390914917,0.5190227585179465,0.06487000840050834,0.2389771927680288,0.0,0.0,0.0,0.0,0.0,18473,global,0.0
3,5,lr5e-05_bs8_drop0p4_temp2p0_a0p25_b0p05__wd1e-04trmiss0_degmodglobal,8,5e-05,0.0001,0.4,2.0,0.25,0.05,lr5e-05_bs8_drop0p4_temp2p0_a0p25_b0p05__wd1e-04trmiss0_degmodglobal,53,0.5585203468799591,0.6359928846359253,0.6111111111111112,0.7918791085457753,0.6153846153846154,0.0,0.5814306139945984,0.5312515710081372,0.06319644993969373,0.22939299046993256,0.0,0.0,0.0,0.0,0.0,18473,global,0.0
3,5,lr5e-05_bs8_drop0p4_temp2p0_a0p25_b0p05__wd1e-04trmiss0_degmodglobal,8,5e-05,0.0001,0.4,2.0,0.25,0.05,lr5e-05_bs8_drop0p4_temp2p0_a0p25_b0p05__wd1e-04trmiss0_degmodglobal,54,0.5227557718753815,0.6357985436916351,0.6111111111111112,0.7918791085457753,0.6153846153846154,0.0,0.5743890489850726,0.49298457162720816,0.07382226256387574,0.22631259794746125,0.0,0.0,0.0,0.0,0.0,18473,global,0.0
3,5,lr5e-05_bs8_drop0p4_temp2p0_a0p25_b0p05__wd1e-04trmiss0_degmodglobal,8,5e-05,0.0001,0.4,2.0,0.25,0.05,lr5e-05_bs8_drop0p4_temp2p0_a0p25_b0p05__wd1e-04trmiss0_degmodglobal,55,0.5629497170448303,0.6322864890098572,0.6111111111111112,0.7918791085457753,0.6923076923076923,0.0,0.5957384705543518,0.5273295044898987,0.08274804428219795,0.298664180295808,0.0,0.0,0.0,0.0,0.0,18473,global,0.0
3,5,lr1e-05_bs8_drop0p2_temp1p0_a0p25_b0p05__wd1e-04trmiss0_degmodglobal,8,1e-05,0.0001,0.2,1.0,0.25,0.05,lr1e-05_bs8_drop0p2_temp1p0_a0p25_b0p05__wd1e-04trmiss0_degmodglobal,1,0.7250207236834935,0.6791288554668427,0.6388888888888888,0.8512937679604347,0.46153846153846156,0.0,0.6814192959240505,0.7024514675140381,0.07150653483612197,0.0938524960407189,0.0,0.0,0.0,0.0,0.0,18473,global,0.0
3,5,lr1e-05_bs8_drop0p2_temp1p0_a0p25_b0p05__wd1e-04trmiss0_degmodglobal,8,1e-05,0.0001,0.2,1.0,0.25,0.05,lr1e-05_bs8_drop0p2_temp1p0_a0p25_b0p05__wd1e-04trmiss0_degmodglobal,2,0.7243506823267255,0.674293726682663,0.5833333333333333,0.8204295704295705,0.6153846153846154,0.0,0.6588721871376038,0.7018853511129107,0.06378385797142982,0.13038719977651322,0.0,0.0,0.0,0.0,0.0,18473,global,0.0
3,5,lr1e-05_bs8_drop0p2_temp1p0_a0p25_b0p05__wd1e-04trmiss0_degmodglobal,8,1e-05,0.0001,0.2,1.0,0.25,0.05,lr1e-05_bs8_drop0p2_temp1p0_a0p25_b0p05__wd1e-04trmiss0_degmodglobal,3,0.7342051352773394,0.6683380603790283,0.5833333333333333,0.7807470307470308,0.6153846153846154,0.0,0.6558605347360883,0.7150345614978245,0.054833637816565375,0.10924309279237475,0.0,0.0,0.0,0.0,0.0,18473,global,0.0
3,5,lr1e-05_bs8_drop0p2_temp1p0_a0p25_b0p05__wd1e-04trmiss0_degmodglobal,8,1e-05,0.0001,0.2,1.0,0.25,0.05,lr1e-05_bs8_drop0p2_temp1p0_a0p25_b0p05__wd1e-04trmiss0_degmodglobal,4,0.7024247476032802,0.6625814735889435,0.5833333333333333,0.7807470307470308,0.6153846153846154,0.0,0.6683348161833627,0.6813245926584516,0.05719244054385594,0.13604071789554187,0.0,0.0,0.0,0.0,0.0,18473,global,0.0
3,5,lr1e-05_bs8_drop0p2_temp1p0_a0p25_b0p05__wd1e-04trmiss0_degmodglobal,8,1e-05,0.0001,0.2,1.0,0.25,0.05,lr1e-05_bs8_drop0p2_temp1p0_a0p25_b0p05__wd1e-04trmiss0_degmodglobal,5,0.7203297870499747,0.6574118435382843,0.5833333333333333,0.7774842441509109,0.6153846153846154,0.0,0.6411141072000776,0.6971954192434039,0.0663459300994873,0.13095785677433014,0.0,0.0,0.0,0.0,0.0,18473,global,0.0
3,5,lr1e-05_bs8_drop0p2_temp1p0_a0p25_b0p05__wd1e-04trmiss0_degmodglobal,8,1e-05,0.0001,0.2,1.0,0.25,0.05,lr1e-05_bs8_drop0p2_temp1p0_a0p25_b0p05__wd1e-04trmiss0_degmodglobal,6,0.7135330864361354,0.6567793190479279,0.5833333333333333,0.7774842441509109,0.5384615384615384,0.0,0.6577551875795636,0.6902024831090655,0.06564796503101077,0.13837233930826187,0.0,0.0,0.0,0.0,0.0,18473,global,0.0
3,5,lr1e-05_bs8_drop0p2_temp1p0_a0p25_b0p05__wd1e-04trmiss0_degmodglobal,8,1e-05,0.0001,0.2,1.0,0.25,0.05,lr1e-05_bs8_drop0p2_temp1p0_a0p25_b0p05__wd1e-04trmiss0_degmodglobal,7,0.716337765966143,0.6496799886226654,0.6111111111111112,0.7838945005611673,0.5384615384615384,0.0,0.6291350211415973,0.6943608266966683,0.0663389153778553,0.10784395039081573,0.0,0.0,0.0,0.0,0.0,18473,global,0.0
3,5,lr1e-05_bs8_drop0p2_temp1p0_a0p25_b0p05__wd1e-04trmiss0_degmodglobal,8,1e-05,0.0001,0.2,1.0,0.25,0.05,lr1e-05_bs8_drop0p2_temp1p0_a0p25_b0p05__wd1e-04trmiss0_degmodglobal,8,0.7071399518421718,0.6491616666316986,0.6388888888888888,0.7957992624659291,0.6153846153846154,0.0,0.6564525365829468,0.6877517189298358,0.059259385402713506,0.09146772963660103,0.0,0.0,0.0,0.0,0.0,18473,global,0.0
3,5,lr1e-05_bs8_drop0p2_temp1p0_a0p25_b0p05__wd1e-04trmiss0_degmodglobal,8,1e-05,0.0001,0.2,1.0,0.25,0.05,lr1e-05_bs8_drop0p2_temp1p0_a0p25_b0p05__wd1e-04trmiss0_degmodglobal,9,0.7088005798203605,0.652967780828476,0.6388888888888888,0.8264260430927097,0.6153846153846154,0.0,0.6470671210970197,0.6862426825932094,0.06631725175040108,0.11957193166017532,0.0,0.0,0.0,0.0,0.0,18473,global,0.0
3,5,lr1e-05_bs8_drop0p2_temp1p0_a0p25_b0p05__wd1e-04trmiss0_degmodglobal,8,1e-05,0.0001,0.2,1.0,0.25,0.05,lr1e-05_bs8_drop0p2_temp1p0_a0p25_b0p05__wd1e-04trmiss0_degmodglobal,10,0.7098682607923236,0.6576424539089203,0.611111111111111,0.7893890060556727,0.6153846153846154,0.0,0.6370761139052254,0.6894065141677856,0.059711135391678126,0.11067921136106763,0.0,0.0,0.0,0.0,0.0,18473,global,0.0
3,5,lr1e-05_bs8_drop0p2_temp1p0_a0p25_b0p05__wd1e-04trmiss0_degmodglobal,8,1e-05,0.0001,0.2,1.0,0.25,0.05,lr1e-05_bs8_drop0p2_temp1p0_a0p25_b0p05__wd1e-04trmiss0_degmodglobal,11,0.694897609097617,0.6546798050403595,0.5833333333333333,0.7807470307470308,0.6153846153846154,0.0,0.6422069668769836,0.6747345413480487,0.0625733429832118,0.09039433885897909,0.0,0.0,0.0,0.0,0.0,18473,global,0.0
3,5,lr1e-05_bs8_drop0p2_temp1p0_a0p25_b0p05__wd1e-04trmiss0_degmodglobal,8,1e-05,0.0001,0.2,1.0,0.25,0.05,lr1e-05_bs8_drop0p2_temp1p0_a0p25_b0p05__wd1e-04trmiss0_degmodglobal,12,0.6906572750636509,0.652378261089325,0.6111111111111112,0.7871572871572872,0.6153846153846154,0.0,0.6213398150035313,0.6696517808096749,0.06425562713827405,0.09883214107581548,0.0,0.0,0.0,0.0,0.0,18473,global,0.0
3,5,lr1e-05_bs8_drop0p2_temp1p0_a0p25_b0p05__wd1e-04trmiss0_degmodglobal,8,1e-05,0.0001,0.2,1.0,0.25,0.05,lr1e-05_bs8_drop0p2_temp1p0_a0p25_b0p05__wd1e-04trmiss0_degmodglobal,13,0.6849590114184788,0.6540772616863251,0.5555555555555556,0.7688422688422689,0.5384615384615384,0.0,0.6316709688731602,0.6679212025233677,0.052416046016982625,0.07867564420614924,0.0,0.0,0.0,0.0,0.0,18473,global,0.0
3,5,lr1e-05_bs8_drop0p2_temp1p0_a0p25_b0p05__wd1e-04trmiss0_degmodglobal,8,1e-05,0.0001,0.2,1.0,0.25,0.05,lr1e-05_bs8_drop0p2_temp1p0_a0p25_b0p05__wd1e-04trmiss0_degmodglobal,14,0.6714134386607579,0.6521382927894592,0.5833333333333333,0.7752525252525253,0.5384615384615384,0.0,0.6115681954792568,0.6506813764572144,0.061220343091658184,0.10853990699563708,0.0,0.0,0.0,0.0,0.0,18473,global,0.0
3,5,lr1e-05_bs8_drop0p2_temp1p0_a0p25_b0p05__wd1e-04trmiss0_degmodglobal,8,1e-05,0.0001,0.2,1.0,0.25,0.05,lr1e-05_bs8_drop0p2_temp1p0_a0p25_b0p05__wd1e-04trmiss0_degmodglobal,15,0.675854103905814,0.6545550525188446,0.5833333333333333,0.7752525252525253,0.5384615384615384,0.0,0.6168087465422494,0.6556516970906939,0.05881187665675368,0.10998883896640368,0.0,0.0,0.0,0.0,0.0,18473,global,0.0
3,5,lr1e-05_bs8_drop0p2_temp1p0_a0p25_b0p05__wd1e-04trmiss0_degmodglobal,8,1e-05,0.0001,0.2,1.0,0.25,0.05,lr1e-05_bs8_drop0p2_temp1p0_a0p25_b0p05__wd1e-04trmiss0_degmodglobal,16,0.6855687243597848,0.6533008217811584,0.6111111111111112,0.7871572871572872,0.6923076923076923,0.0,0.5961692162922451,0.6630498766899109,0.06674763240984508,0.11663910959448133,0.0,0.0,0.0,0.0,0.0,18473,global,0.0
3,5,lr1e-05_bs8_drop0p2_temp1p0_a0p25_b0p05__wd1e-04trmiss0_degmodglobal,8,1e-05,0.0001,0.2,1.0,0.25,0.05,lr1e-05_bs8_drop0p2_temp1p0_a0p25_b0p05__wd1e-04trmiss0_degmodglobal,17,0.70992739711489,0.6508605182170868,0.6388888888888888,0.8241943241943244,0.6923076923076923,0.0,0.6206341215542385,0.6871237073625837,0.06207988437797342,0.14567437235798156,0.0,0.0,0.0,0.0,0.0,18473,global,0.0
3,5,lr1e-05_bs8_drop0p2_temp1p0_a0p25_b0p05__wd1e-04trmiss0_degmodglobal,8,1e-05,0.0001,0.2,1.0,0.25,0.05,lr1e-05_bs8_drop0p2_temp1p0_a0p25_b0p05__wd1e-04trmiss0_degmodglobal,18,0.6770391549382891,0.6541132032871246,0.6388888888888888,0.8241943241943244,0.6153846153846154,0.0,0.6050497123173305,0.6596838235855103,0.052151575950639587,0.08634871750005654,0.0,0.0,0.0,0.0,0.0,18473,global,0.0
3,5,lr1e-05_bs8_drop0p2_temp1p0_a0p25_b0p05__wd1e-04trmiss0_degmodglobal,8,1e-05,0.0001,0.2,1.0,0.25,0.05,lr1e-05_bs8_drop0p2_temp1p0_a0p25_b0p05__wd1e-04trmiss0_degmodglobal,19,0.6856461082186017,0.6564889848232269,0.6111111111111112,0.7871572871572872,0.6153846153846154,0.0,0.6285754357065473,0.6649597372327533,0.06176251705203738,0.10491520538926125,0.0,0.0,0.0,0.0,0.0,18473,global,0.0
3,5,lr1e-05_bs8_drop0p2_temp1p0_a0p25_b0p05__wd1e-04trmiss0_degmodglobal,8,1e-05,0.0001,0.2,1.0,0.25,0.05,lr1e-05_bs8_drop0p2_temp1p0_a0p25_b0p05__wd1e-04trmiss0_degmodglobal,20,0.6641254850796291,0.660296231508255,0.5833333333333333,0.7807470307470308,0.6153846153846154,0.0,0.602515527180263,0.6433179378509521,0.06422396802476474,0.09503138331430298,0.0,0.0,0.0,0.0,0.0,18473,global,0.0
3,5,lr1e-05_bs8_drop0p2_temp1p0_a0p25_b0p05__wd1e-04trmiss0_degmodglobal,8,1e-05,0.0001,0.2,1.0,0.25,0.05,lr1e-05_bs8_drop0p2_temp1p0_a0p25_b0p05__wd1e-04trmiss0_degmodglobal,21,0.6884171281542096,0.6577666103839874,0.6388888888888888,0.8241943241943244,0.6923076923076923,0.0,0.59090770142419,0.6671419228826251,0.062138572867427556,0.11481119053704399,0.0,0.0,0.0,0.0,0.0,18473,global,0.0
3,5,lr1e-05_bs8_drop0p2_temp1p0_a0p25_b0p05__wd1e-04trmiss0_degmodglobal,8,1e-05,0.0001,0.2,1.0,0.25,0.05,lr1e-05_bs8_drop0p2_temp1p0_a0p25_b0p05__wd1e-04trmiss0_degmodglobal,22,0.6807229859488351,0.6548367440700531,0.6111111111111112,0.7871572871572872,0.6923076923076923,0.0,0.6061792373657227,0.6605996234076363,0.05965156427451542,0.10420951100864581,0.0,0.0,0.0,0.0,0.0,18473,global,0.0
3,5,lr1e-05_bs8_drop0p2_temp1p0_a0p25_b0p05__wd1e-04trmiss0_degmodglobal,8,1e-05,0.0001,0.2,1.0,0.25,0.05,lr1e-05_bs8_drop0p2_temp1p0_a0p25_b0p05__wd1e-04trmiss0_degmodglobal,23,0.6736890077590942,0.6522562205791473,0.6111111111111112,0.8177840677840678,0.6923076923076923,0.0,0.5981166958808899,0.6537038598741803,0.06022943662745612,0.09855574262993676,0.0,0.0,0.0,0.0,0.0,18473,global,0.0
3,5,lr1e-05_bs8_drop0p2_temp1p0_a0p25_b0p05__wd1e-04trmiss0_degmodglobal,8,1e-05,0.0001,0.2,1.0,0.25,0.05,lr1e-05_bs8_drop0p2_temp1p0_a0p25_b0p05__wd1e-04trmiss0_degmodglobal,24,0.6960105129650661,0.6497808694839478,0.6111111111111112,0.8177840677840678,0.6923076923076923,0.0,0.6224094884736198,0.6744042464665004,0.06408837011882237,0.11168340806450162,0.0,0.0,0.0,0.0,0.0,18473,global,0.0
3,5,lr1e-05_bs8_drop0p2_temp1p0_a0p25_b0p05__wd1e-04trmiss0_degmodglobal,8,1e-05,0.0001,0.2,1.0,0.25,0.05,lr1e-05_bs8_drop0p2_temp1p0_a0p25_b0p05__wd1e-04trmiss0_degmodglobal,25,0.6752947654042926,0.6519150733947754,0.6111111111111112,0.7871572871572872,0.6923076923076923,0.0,0.5896363854408264,0.6530143618583679,0.06652041098901204,0.11300620117357799,0.0,0.0,0.0,0.0,0.0,18473,global,0.0
3,5,lr1e-05_bs8_drop0p2_temp1p0_a0p25_b0p05__wd1e-04trmiss0_degmodglobal,8,1e-05,0.0001,0.2,1.0,0.25,0.05,lr1e-05_bs8_drop0p2_temp1p0_a0p25_b0p05__wd1e-04trmiss0_degmodglobal,26,0.6598275474139622,0.6531747877597809,0.5833333333333333,0.7807470307470308,0.6923076923076923,0.0,0.5827712842396328,0.6379528386252267,0.06716095815811839,0.10168952069112233,0.0,0.0,0.0,0.0,0.0,18473,global,0.0
3,5,lr1e-05_bs8_drop0p2_temp1p0_a0p25_b0p05__wd1e-04trmiss0_degmodglobal,8,1e-05,0.0001,0.2,1.0,0.25,0.05,lr1e-05_bs8_drop0p2_temp1p0_a0p25_b0p05__wd1e-04trmiss0_degmodglobal,27,0.6483747788837978,0.6529057323932648,0.5833333333333333,0.7807470307470308,0.6923076923076923,0.0,0.5786660483905247,0.6265082614762443,0.0630657933652401,0.1220013749386583,0.0,0.0,0.0,0.0,0.0,18473,global,0.0
3,5,lr1e-05_bs8_drop0p2_temp1p0_a0p25_b0p05__wd1e-04trmiss0_degmodglobal,8,1e-05,0.0001,0.2,1.0,0.25,0.05,lr1e-05_bs8_drop0p2_temp1p0_a0p25_b0p05__wd1e-04trmiss0_degmodglobal,28,0.6619355848857335,0.6492977440357208,0.5833333333333333,0.7807470307470308,0.6923076923076923,0.0,0.5739163841520037,0.6375155108315604,0.0724687868995326,0.12605741141097887,0.0,0.0,0.0,0.0,0.0,18473,global,0.0
3,5,lr1e-05_bs8_drop0p2_temp2p0_a0p25_b0p05__wd1e-04trmiss0_degmodglobal,8,1e-05,0.0001,0.2,2.0,0.25,0.05,lr1e-05_bs8_drop0p2_temp2p0_a0p25_b0p05__wd1e-04trmiss0_degmodglobal,1,0.7749802810805184,0.7732498049736023,0.16666666666666666,0.5649140982474317,0.23076923076923078,0.0,0.6951240386281695,0.7503363149506705,0.05677011449422155,0.2090289443731308,0.0,0.0,0.0,0.0,0.0,18473,global,0.0
3,5,lr1e-05_bs8_drop0p2_temp2p0_a0p25_b0p05__wd1e-04trmiss0_degmodglobal,8,1e-05,0.0001,0.2,2.0,0.25,0.05,lr1e-05_bs8_drop0p2_temp2p0_a0p25_b0p05__wd1e-04trmiss0_degmodglobal,2,0.7613104326384408,0.7827114760875702,0.19444444444444442,0.5728506061839396,0.23076923076923078,0.0,0.667973382132394,0.738773022379194,0.05188145861029625,0.1913412128176008,0.0,0.0,0.0,0.0,0.0,18473,global,0.0
3,5,lr1e-05_bs8_drop0p2_temp2p0_a0p25_b0p05__wd1e-04trmiss0_degmodglobal,8,1e-05,0.0001,0.2,2.0,0.25,0.05,lr1e-05_bs8_drop0p2_temp2p0_a0p25_b0p05__wd1e-04trmiss0_degmodglobal,3,0.7595692106655666,0.7887939512729645,0.2777777777777778,0.6096671846671847,0.23076923076923078,0.0,0.6754334654126849,0.7364835228238787,0.05467414430209568,0.1883429608174733,0.0,0.0,0.0,0.0,0.0,18473,global,0.0
3,5,lr1e-05_bs8_drop0p2_temp2p0_a0p25_b0p05__wd1e-04trmiss0_degmodglobal,8,1e-05,0.0001,0.2,2.0,0.25,0.05,lr1e-05_bs8_drop0p2_temp2p0_a0p25_b0p05__wd1e-04trmiss0_degmodglobal,4,0.7369953053338187,0.7906106412410736,0.2777777777777778,0.6096671846671847,0.23076923076923078,0.0,0.6750524384634835,0.7129947968891689,0.05511131563356945,0.20445325012717927,0.0,0.0,0.0,0.0,0.0,18473,global,0.0
3,5,lr1e-05_bs8_drop0p2_temp2p0_a0p25_b0p05__wd1e-04trmiss0_degmodglobal,8,1e-05,0.0001,0.2,2.0,0.25,0.05,lr1e-05_bs8_drop0p2_temp2p0_a0p25_b0p05__wd1e-04trmiss0_degmodglobal,5,0.7593168871743339,0.794603705406189,0.25,0.5990851740851741,0.23076923076923078,0.0,0.6593292781284877,0.737619434084211,0.048370328066604476,0.19209766813686915,0.0,0.0,0.0,0.0,0.0,18473,global,0.0
3,5,lr1e-05_bs8_drop0p2_temp2p0_a0p25_b0p05__wd1e-04trmiss0_degmodglobal,8,1e-05,0.0001,0.2,2.0,0.25,0.05,lr1e-05_bs8_drop0p2_temp2p0_a0p25_b0p05__wd1e-04trmiss0_degmodglobal,6,0.7615590350968497,0.794319748878479,0.33333333333333337,0.6320818070818071,0.23076923076923078,0.0,0.6667174441473824,0.7357298561504909,0.05798598804644176,0.22665383347443172,0.0,0.0,0.0,0.0,0.0,18473,global,0.0
3,5,lr1e-05_bs8_drop0p2_temp2p0_a0p25_b0p05__wd1e-04trmiss0_degmodglobal,8,1e-05,0.0001,0.2,2.0,0.25,0.05,lr1e-05_bs8_drop0p2_temp2p0_a0p25_b0p05__wd1e-04trmiss0_degmodglobal,7,0.7553172622408185,0.7923421263694763,0.36111111111111116,0.6426638176638176,0.23076923076923078,0.0,0.6369755182947431,0.730975832257952,0.055528259703091214,0.20918745015348708,0.0,0.0,0.0,0.0,0.0,18473,global,0.0
3,5,lr1e-05_bs8_drop0p2_temp2p0_a0p25_b0p05__wd1e-04trmiss0_degmodglobal,8,1e-05,0.0001,0.2,2.0,0.25,0.05,lr1e-05_bs8_drop0p2_temp2p0_a0p25_b0p05__wd1e-04trmiss0_degmodglobal,8,0.7523480142865863,0.7848234474658966,0.36111111111111116,0.6455137455137455,0.3076923076923077,0.0,0.6530792202268328,0.7299870678356716,0.049202188317264826,0.2012080145733697,0.0,0.0,0.0,0.0,0.0,18473,global,0.0
3,5,lr1e-05_bs8_drop0p2_temp2p0_a0p25_b0p05__wd1e-04trmiss0_degmodglobal,8,1e-05,0.0001,0.2,2.0,0.25,0.05,lr1e-05_bs8_drop0p2_temp2p0_a0p25_b0p05__wd1e-04trmiss0_degmodglobal,9,0.7595516613551548,0.781529039144516,0.41666666666666663,0.6741452991452992,0.3076923076923077,0.0,0.6597102880477905,0.7366741725376674,0.054309586329119544,0.18600183938230788,0.0,0.0,0.0,0.0,0.0,18473,global,0.0
3,5,lr1e-05_bs8_drop0p2_temp2p0_a0p25_b0p05__wd1e-04trmiss0_degmodglobal,8,1e-05,0.0001,0.2,2.0,0.25,0.05,lr1e-05_bs8_drop0p2_temp2p0_a0p25_b0p05__wd1e-04trmiss0_degmodglobal,10,0.7355028220585415,0.7823484539985657,0.41666666666666663,0.6741452991452992,0.3076923076923077,0.0,0.6638980507850647,0.7146029727799552,0.0477087465780122,0.17945343202778272,0.0,0.0,0.0,0.0,0.0,18473,global,0.0
3,5,lr1e-05_bs8_drop0p2_temp2p0_a0p25_b0p05__wd1e-04trmiss0_degmodglobal,8,1e-05,0.0001,0.2,2.0,0.25,0.05,lr1e-05_bs8_drop0p2_temp2p0_a0p25_b0p05__wd1e-04trmiss0_degmodglobal,11,0.7265850561005729,0.7867635488510132,0.4166666666666667,0.6692511192511194,0.23076923076923078,0.0,0.6508299282618931,0.703815255846296,0.05276382927383695,0.19157695983137404,0.0,0.0,0.0,0.0,0.0,18473,global,0.0
3,5,lr1e-05_bs8_drop0p2_temp2p0_a0p25_b0p05__wd1e-04trmiss0_degmodglobal,8,1e-05,0.0001,0.2,2.0,0.25,0.05,lr1e-05_bs8_drop0p2_temp2p0_a0p25_b0p05__wd1e-04trmiss0_degmodglobal,12,0.7134917463575091,0.7823598384857178,0.38888888888888884,0.6670745920745921,0.23076923076923078,0.0,0.6369761313710894,0.6846773624420166,0.06868369398372513,0.23286923340388707,0.0,0.0,0.0,0.0,0.0,18473,global,0.0
3,5,lr1e-05_bs8_drop0p2_temp2p0_a0p25_b0p05__wd1e-04trmiss0_degmodglobal,8,1e-05,0.0001,0.2,2.0,0.25,0.05,lr1e-05_bs8_drop0p2_temp2p0_a0p25_b0p05__wd1e-04trmiss0_degmodglobal,13,0.735636327947889,0.7802984416484833,0.3611111111111111,0.6522597772597772,0.23076923076923078,0.0,0.6339777282306126,0.7041669317654201,0.07369003604565348,0.2609379876937185,0.0,0.0,0.0,0.0,0.0,18473,global,0.0
3,5,lr1e-05_bs8_drop0p2_temp2p0_a0p25_b0p05__wd1e-04trmiss0_degmodglobal,8,1e-05,0.0001,0.2,2.0,0.25,0.05,lr1e-05_bs8_drop0p2_temp2p0_a0p25_b0p05__wd1e-04trmiss0_degmodglobal,14,0.7242010320935931,0.7808951735496521,0.38888888888888884,0.6670745920745921,0.23076923076923078,0.0,0.6478302308491298,0.6997707486152649,0.05752787898693766,0.2009664305618831,0.0,0.0,0.0,0.0,0.0,18473,global,0.0
3,5,lr1e-05_bs8_drop0p2_temp2p0_a0p25_b0p05__wd1e-04trmiss0_degmodglobal,8,1e-05,0.0001,0.2,2.0,0.25,0.05,lr1e-05_bs8_drop0p2_temp2p0_a0p25_b0p05__wd1e-04trmiss0_degmodglobal,15,0.728492830480848,0.7836115956306458,0.33333333333333337,0.6355931105931106,0.23076923076923078,0.0,0.6145918709891183,0.7026046514511108,0.059393051479543955,0.2207985818386078,0.0,0.0,0.0,0.0,0.0,18473,global,0.0
3,5,lr1e-05_bs8_drop0p2_temp2p0_a0p25_b0p05__wd1e-04trmiss0_degmodglobal,8,1e-05,0.0001,0.2,2.0,0.25,0.05,lr1e-05_bs8_drop0p2_temp2p0_a0p25_b0p05__wd1e-04trmiss0_degmodglobal,16,0.7341351338795253,0.7819424569606781,0.3611111111111111,0.6547730047730048,0.23076923076923078,0.0,0.6402266536440168,0.7050349456923348,0.06954621204308101,0.23427258431911469,0.0,0.0,0.0,0.0,0.0,18473,global,0.0
3,5,lr1e-05_bs8_drop0p2_temp2p0_a0p25_b0p05__wd1e-04trmiss0_degmodglobal,8,1e-05,0.0001,0.2,2.0,0.25,0.05,lr1e-05_bs8_drop0p2_temp2p0_a0p25_b0p05__wd1e-04trmiss0_degmodglobal,17,0.7159170593534198,0.7766657173633575,0.4166666666666667,0.6828153328153329,0.3076923076923077,0.0,0.6318390454564776,0.6947481376784188,0.052851535113794465,0.1591206586786679,0.0,0.0,0.0,0.0,0.0,18473,global,0.0
3,5,lr1e-05_bs8_drop0p2_temp2p0_a0p25_b0p05__wd1e-04trmiss0_degmodglobal,8,1e-05,0.0001,0.2,2.0,0.25,0.05,lr1e-05_bs8_drop0p2_temp2p0_a0p25_b0p05__wd1e-04trmiss0_degmodglobal,18,0.7381890416145325,0.7751161456108093,0.4166666666666667,0.6769952269952271,0.3076923076923077,0.0,0.6182481561388288,0.715568312576839,0.05544023960828781,0.17521377440009797,0.0,0.0,0.0,0.0,0.0,18473,global,0.0
3,5,lr1e-05_bs8_drop0p2_temp2p0_a0p25_b0p05__wd1e-04trmiss0_degmodglobal,8,1e-05,0.0001,0.2,2.0,0.25,0.05,lr1e-05_bs8_drop0p2_temp2p0_a0p25_b0p05__wd1e-04trmiss0_degmodglobal,19,0.7172646267073495,0.7771981060504913,0.3888888888888889,0.6695878195878197,0.23076923076923078,0.0,0.6328365632465908,0.6910305959837777,0.05602247294570718,0.24456822872161865,0.0,0.0,0.0,0.0,0.0,18473,global,0.0
3,5,lr1e-05_bs8_drop0p2_temp2p0_a0p25_b0p05__wd1e-04trmiss0_degmodglobal,8,1e-05,0.0001,0.2,2.0,0.25,0.05,lr1e-05_bs8_drop0p2_temp2p0_a0p25_b0p05__wd1e-04trmiss0_degmodglobal,20,0.7238652280398777,0.777929961681366,0.3888888888888889,0.6695878195878197,0.23076923076923078,0.0,0.6284165297235761,0.6999362451689584,0.05437609287244933,0.20669917975153243,0.0,0.0,0.0,0.0,0.0,18473,global,0.0
3,5,lr1e-05_bs8_drop0p2_temp2p0_a0p25_b0p05__wd1e-04trmiss0_degmodglobal,8,1e-05,0.0001,0.2,2.0,0.25,0.05,lr1e-05_bs8_drop0p2_temp2p0_a0p25_b0p05__wd1e-04trmiss0_degmodglobal,21,0.7156758989606585,0.776436448097229,0.4166666666666667,0.6828153328153329,0.23076923076923078,0.0,0.627853776727404,0.6922233871051243,0.05333501047321728,0.20237533748149872,0.0,0.0,0.0,0.0,0.0,18473,global,0.0
3,5,lr1e-05_bs8_drop0p2_temp2p0_a0p25_b0p05__wd1e-04trmiss0_degmodglobal,8,1e-05,0.0001,0.2,2.0,0.25,0.05,lr1e-05_bs8_drop0p2_temp2p0_a0p25_b0p05__wd1e-04trmiss0_degmodglobal,22,0.7362101248332432,0.7716432511806488,0.3888888888888889,0.6695878195878197,0.23076923076923078,0.0,0.6213705454553876,0.7034048693520683,0.07609354651400022,0.27563743931906565,0.0,0.0,0.0,0.0,0.0,18473,global,0.0
3,5,lr1e-05_bs8_drop0p2_temp2p0_a0p25_b0p05__wd1e-04trmiss0_degmodglobal,8,1e-05,0.0001,0.2,2.0,0.25,0.05,lr1e-05_bs8_drop0p2_temp2p0_a0p25_b0p05__wd1e-04trmiss0_degmodglobal,23,0.7221437011446271,0.7771243155002594,0.4166666666666667,0.6828153328153329,0.23076923076923078,0.0,0.6123947416033063,0.6960559146744865,0.059224644409758706,0.22563262177365168,0.0,0.0,0.0,0.0,0.0,18473,global,0.0
3,5,lr1e-05_bs8_drop0p2_temp2p0_a0p25_b0p05__wd1e-04trmiss0_degmodglobal,8,1e-05,0.0001,0.2,2.0,0.25,0.05,lr1e-05_bs8_drop0p2_temp2p0_a0p25_b0p05__wd1e-04trmiss0_degmodglobal,24,0.7432619333267212,0.7778782546520233,0.3888888888888889,0.6695878195878197,0.23076923076923078,0.0,0.6340978826795306,0.7157437801361084,0.060201969529901235,0.24935303522007807,0.0,0.0,0.0,0.0,0.0,18473,global,0.0
3,5,lr1e-05_bs8_drop0p2_temp2p0_a0p25_b0p05__wd1e-04trmiss0_degmodglobal,8,1e-05,0.0001,0.2,2.0,0.25,0.05,lr1e-05_bs8_drop0p2_temp2p0_a0p25_b0p05__wd1e-04trmiss0_degmodglobal,25,0.7241719450269427,0.7787629067897797,0.3611111111111111,0.6596671846671848,0.23076923076923078,0.0,0.6130515166691372,0.6953606264931815,0.06828931506190981,0.23478000930377416,0.0,0.0,0.0,0.0,0.0,18473,global,0.0
3,5,lr1e-05_bs8_drop0p2_temp2p0_a0p25_b0p05__wd1e-04trmiss0_degmodglobal,8,1e-05,0.0001,0.2,2.0,0.25,0.05,lr1e-05_bs8_drop0p2_temp2p0_a0p25_b0p05__wd1e-04trmiss0_degmodglobal,26,0.6996850115912301,0.7804511785507202,0.3611111111111111,0.6596671846671848,0.23076923076923078,0.0,0.5891503351075309,0.671821653842926,0.06295909200395856,0.24247191420623235,0.0,0.0,0.0,0.0,0.0,18473,global,0.0
3,5,lr1e-05_bs8_drop0p2_temp2p0_a0p25_b0p05__wd1e-04trmiss0_degmodglobal,8,1e-05,0.0001,0.2,2.0,0.25,0.05,lr1e-05_bs8_drop0p2_temp2p0_a0p25_b0p05__wd1e-04trmiss0_degmodglobal,27,0.7255817651748657,0.7828371226787567,0.3611111111111111,0.6596671846671848,0.23076923076923078,0.0,0.6117343476840428,0.7002782566206796,0.05944670523915972,0.20883677367653167,0.0,0.0,0.0,0.0,0.0,18473,global,0.0
3,5,lr1e-05_bs8_drop0p2_temp2p0_a0p25_b0p05__wd1e-04trmiss0_degmodglobal,8,1e-05,0.0001,0.2,2.0,0.25,0.05,lr1e-05_bs8_drop0p2_temp2p0_a0p25_b0p05__wd1e-04trmiss0_degmodglobal,28,0.6937279871531895,0.7789968848228455,0.3611111111111111,0.6596671846671848,0.23076923076923078,0.0,0.6216686112540108,0.6709064670971462,0.055152936705521176,0.1806658399956567,0.0,0.0,0.0,0.0,0.0,18473,global,0.0
3,5,lr1e-05_bs8_drop0p2_temp2p0_a0p25_b0p05__wd1e-04trmiss0_degmodglobal,8,1e-05,0.0001,0.2,2.0,0.25,0.05,lr1e-05_bs8_drop0p2_temp2p0_a0p25_b0p05__wd1e-04trmiss0_degmodglobal,29,0.7156425714492798,0.7811656296253204,0.3611111111111111,0.6596671846671848,0.23076923076923078,0.0,0.5989690252712795,0.6862234558377948,0.06675077974796295,0.2546281559126718,0.0,0.0,0.0,0.0,0.0,18473,global,0.0
3,5,lr1e-05_bs8_drop0p2_temp2p0_a0p25_b0p05__wd1e-04trmiss0_degmodglobal,8,1e-05,0.0001,0.2,2.0,0.25,0.05,lr1e-05_bs8_drop0p2_temp2p0_a0p25_b0p05__wd1e-04trmiss0_degmodglobal,30,0.7362413832119533,0.7776694297790527,0.3888888888888889,0.6695878195878197,0.23076923076923078,0.0,0.6107240489550999,0.7077677420207432,0.0638279217694487,0.2503329174859183,0.0,0.0,0.0,0.0,0.0,18473,global,0.0
3,5,lr1e-05_bs8_drop0p2_temp2p0_a0p25_b0p05__wd1e-04trmiss0_degmodglobal,8,1e-05,0.0001,0.2,2.0,0.25,0.05,lr1e-05_bs8_drop0p2_temp2p0_a0p25_b0p05__wd1e-04trmiss0_degmodglobal,31,0.7176561525889805,0.7757504880428314,0.4166666666666667,0.6828153328153329,0.23076923076923078,0.0,0.6022478427205767,0.6929250359535217,0.05697149570499148,0.20976505322115763,0.0,0.0,0.0,0.0,0.0,18473,global,0.0
3,5,lr1e-05_bs8_drop0p2_temp2p0_a0p25_b0p05__wd1e-04trmiss0_degmodglobal,8,1e-05,0.0001,0.2,2.0,0.25,0.05,lr1e-05_bs8_drop0p2_temp2p0_a0p25_b0p05__wd1e-04trmiss0_degmodglobal,32,0.732710097517286,0.7709100842475891,0.4166666666666667,0.6828153328153329,0.23076923076923078,0.0,0.6093529888561794,0.7071731431143624,0.0568588562309742,0.2264447169644492,0.0,0.0,0.0,0.0,0.0,18473,global,0.0
3,5,lr1e-05_bs8_drop0p2_temp2p0_a0p25_b0p05__wd1e-04trmiss0_degmodglobal,8,1e-05,0.0001,0.2,2.0,0.25,0.05,lr1e-05_bs8_drop0p2_temp2p0_a0p25_b0p05__wd1e-04trmiss0_degmodglobal,33,0.7204863514219012,0.7742087841033936,0.4166666666666667,0.6828153328153329,0.23076923076923078,0.0,0.6026702863829476,0.6931662559509277,0.0640195906162262,0.22630372430597032,0.0,0.0,0.0,0.0,0.0,18473,global,0.0
3,5,lr1e-05_bs8_drop0p2_temp2p0_a0p25_b0p05__wd1e-04trmiss0_degmodglobal,8,1e-05,0.0001,0.2,2.0,0.25,0.05,lr1e-05_bs8_drop0p2_temp2p0_a0p25_b0p05__wd1e-04trmiss0_degmodglobal,34,0.6981900674956185,0.7799817323684692,0.3888888888888889,0.6695878195878197,0.23076923076923078,0.0,0.5874109183038984,0.6731583561216082,0.05829386253442083,0.20916539749928884,0.0,0.0,0.0,0.0,0.0,18473,global,0.0
3,5,lr1e-05_bs8_drop0p2_temp2p0_a0p25_b0p05__wd1e-04trmiss0_degmodglobal,8,1e-05,0.0001,0.2,2.0,0.25,0.05,lr1e-05_bs8_drop0p2_temp2p0_a0p25_b0p05__wd1e-04trmiss0_degmodglobal,35,0.7287406069891793,0.7824114561080933,0.3611111111111111,0.6522597772597772,0.23076923076923078,0.0,0.6087121154580798,0.7018199052129473,0.05986291915178299,0.23909940357719148,0.0,0.0,0.0,0.0,0.0,18473,global,0.0
3,5,lr1e-05_bs8_drop0p2_temp2p0_a0p25_b0p05__wd1e-04trmiss0_degmodglobal,8,1e-05,0.0001,0.2,2.0,0.25,0.05,lr1e-05_bs8_drop0p2_temp2p0_a0p25_b0p05__wd1e-04trmiss0_degmodglobal,36,0.7451305219105312,0.784698098897934,0.4166666666666667,0.6692511192511194,0.23076923076923078,0.0,0.5967686942645481,0.7190778766359601,0.060451059469154904,0.21879753789731435,0.0,0.0,0.0,0.0,0.0,18473,global,0.0
3,5,lr1e-05_bs8_drop0p2_temp2p0_a0p25_b0p05__wd1e-04trmiss0_degmodglobal,8,1e-05,0.0001,0.2,2.0,0.25,0.05,lr1e-05_bs8_drop0p2_temp2p0_a0p25_b0p05__wd1e-04trmiss0_degmodglobal,37,0.7008767894336155,0.7797547280788422,0.3888888888888889,0.6593304843304844,0.23076923076923078,0.0,0.595944208758218,0.6735119649342128,0.061018948044095724,0.24220180724348342,0.0,0.0,0.0,0.0,0.0,18473,global,0.0
3,5,lr1e-05_bs8_drop0p2_temp2p0_a0p25_b0p05__wd1e-04trmiss0_degmodglobal,8,1e-05,0.0001,0.2,2.0,0.25,0.05,lr1e-05_bs8_drop0p2_temp2p0_a0p25_b0p05__wd1e-04trmiss0_degmodglobal,38,0.6933705977031163,0.7796267569065094,0.4444444444444445,0.6840659340659342,0.23076923076923078,0.0,0.607385413987296,0.663741912160601,0.0632137158619506,0.27650497747319086,0.0,0.0,0.0,0.0,0.0,18473,global,0.0
3,5,lr1e-05_bs8_drop0p2_temp2p0_a0p25_b0p05__wd1e-04trmiss0_degmodglobal,8,1e-05,0.0001,0.2,2.0,0.25,0.05,lr1e-05_bs8_drop0p2_temp2p0_a0p25_b0p05__wd1e-04trmiss0_degmodglobal,39,0.7146382927894592,0.7782910168170929,0.4444444444444445,0.6840659340659342,0.23076923076923078,0.0,0.5828827534403119,0.688617834023067,0.05835741864783423,0.22862233753715241,0.0,0.0,0.0,0.0,0.0,18473,global,0.0
3,5,lr1e-05_bs8_drop0p2_temp2p0_a0p25_b0p05__wd1e-04trmiss0_degmodglobal,8,1e-05,0.0001,0.2,2.0,0.25,0.05,lr1e-05_bs8_drop0p2_temp2p0_a0p25_b0p05__wd1e-04trmiss0_degmodglobal,40,0.7340321370533535,0.7792504131793976,0.4166666666666667,0.6692511192511194,0.23076923076923078,0.0,0.6028758628027779,0.7092474613870893,0.05433891341090202,0.22399909581456864,0.0,0.0,0.0,0.0,0.0,18473,global,0.0
3,5,lr1e-05_bs8_drop0p2_temp2p0_a0p25_b0p05__wd1e-04trmiss0_degmodglobal,8,1e-05,0.0001,0.2,2.0,0.25,0.05,lr1e-05_bs8_drop0p2_temp2p0_a0p25_b0p05__wd1e-04trmiss0_degmodglobal,41,0.7036212938172477,0.7733467221260071,0.4166666666666667,0.6828153328153329,0.23076923076923078,0.0,0.5771183371543884,0.6794064130101886,0.054395943347896845,0.21231788396835327,0.0,0.0,0.0,0.0,0.0,18473,global,0.0
3,5,lr1e-05_bs8_drop0p2_temp2p0_a0p25_b0p05__wd1e-04trmiss0_degmodglobal,8,1e-05,0.0001,0.2,2.0,0.25,0.05,lr1e-05_bs8_drop0p2_temp2p0_a0p25_b0p05__wd1e-04trmiss0_degmodglobal,42,0.733743497303554,0.7698268890380859,0.4166666666666667,0.6828153328153329,0.23076923076923078,0.0,0.5886156558990479,0.7044495514460972,0.06636562304837364,0.25405065396002363,0.0,0.0,0.0,0.0,0.0,18473,global,0.0
3,5,lr1e-05_bs8_drop0p2_temp2p0_a0p25_b0p05__wd1e-04trmiss0_degmodglobal,8,1e-05,0.0001,0.2,2.0,0.25,0.05,lr1e-05_bs8_drop0p2_temp2p0_a0p25_b0p05__wd1e-04trmiss0_degmodglobal,43,0.7140803847994123,0.7654071152210236,0.4444444444444444,0.6902227402227403,0.3076923076923077,0.0,0.58584577696664,0.6906545417649406,0.056257814168930054,0.1872278611574854,0.0,0.0,0.0,0.0,0.0,18473,global,0.0
3,5,lr1e-05_bs8_drop0p2_temp2p0_a0p25_b0p05__wd1e-04trmiss0_degmodglobal,8,1e-05,0.0001,0.2,2.0,0.25,0.05,lr1e-05_bs8_drop0p2_temp2p0_a0p25_b0p05__wd1e-04trmiss0_degmodglobal,44,0.7184492775372097,0.769009917974472,0.4722222222222222,0.6972934472934474,0.3076923076923077,0.0,0.5838443381445748,0.6883300883429391,0.0661005824804306,0.27188106306961607,0.0,0.0,0.0,0.0,0.0,18473,global,0.0
3,5,lr1e-05_bs8_drop0p2_temp2p0_a0p25_b0p05__wd1e-04trmiss0_degmodglobal,8,1e-05,0.0001,0.2,2.0,0.25,0.05,lr1e-05_bs8_drop0p2_temp2p0_a0p25_b0p05__wd1e-04trmiss0_degmodglobal,45,0.7194105301584516,0.7725031077861786,0.4722222222222222,0.6972934472934474,0.23076923076923078,0.0,0.588939198425838,0.6966299755232674,0.056315500289201736,0.17403359817607061,0.0,0.0,0.0,0.0,0.0,18473,global,0.0
3,5,lr1e-05_bs8_drop0p2_temp2p0_a0p25_b0p05__wd1e-04trmiss0_degmodglobal,8,1e-05,0.0001,0.2,2.0,0.25,0.05,lr1e-05_bs8_drop0p2_temp2p0_a0p25_b0p05__wd1e-04trmiss0_degmodglobal,46,0.7234127266066415,0.7703164517879486,0.5277777777777778,0.7184574684574685,0.3076923076923077,0.0,0.57199969461986,0.6950392127037048,0.06509212510926383,0.2420096376112529,0.0,0.0,0.0,0.0,0.0,18473,global,0.0
3,5,lr1e-05_bs8_drop0p2_temp2p0_a0p25_b0p05__wd1e-04trmiss0_degmodglobal,8,1e-05,0.0001,0.2,2.0,0.25,0.05,lr1e-05_bs8_drop0p2_temp2p0_a0p25_b0p05__wd1e-04trmiss0_degmodglobal,47,0.6980876241411481,0.7727054059505463,0.5,0.7065527065527066,0.23076923076923078,0.0,0.5897464752197266,0.6700423019272941,0.06294399606330055,0.24618618190288544,0.0,0.0,0.0,0.0,0.0,18473,global,0.0
3,5,lr1e-05_bs8_drop0p2_temp2p0_a0p25_b0p05__wd1e-04trmiss0_degmodglobal,8,1e-05,0.0001,0.2,2.0,0.25,0.05,lr1e-05_bs8_drop0p2_temp2p0_a0p25_b0p05__wd1e-04trmiss0_degmodglobal,48,0.6940261125564575,0.768045574426651,0.5277777777777778,0.7184574684574685,0.3076923076923077,0.0,0.581378562109811,0.6665530971118382,0.061935807445219586,0.23978110402822495,0.0,0.0,0.0,0.0,0.0,18473,global,0.0
3,5,lr1e-05_bs8_drop0p2_temp2p0_a0p25_b0p05__wd1e-04trmiss0_degmodglobal,8,1e-05,0.0001,0.2,2.0,0.25,0.05,lr1e-05_bs8_drop0p2_temp2p0_a0p25_b0p05__wd1e-04trmiss0_degmodglobal,49,0.7073404788970947,0.7632526457309723,0.5,0.7113867613867615,0.3076923076923077,0.0,0.5798353723117283,0.6825839110783168,0.05523472119654928,0.2189581436770303,0.0,0.0,0.0,0.0,0.0,18473,global,0.0
3,5,lr1e-05_bs8_drop0p2_temp2p0_a0p25_b0p05__wd1e-04trmiss0_degmodglobal,8,1e-05,0.0001,0.2,2.0,0.25,0.05,lr1e-05_bs8_drop0p2_temp2p0_a0p25_b0p05__wd1e-04trmiss0_degmodglobal,50,0.6899730307715279,0.7670539319515228,0.5277777777777778,0.7184574684574685,0.3076923076923077,0.0,0.565354470695768,0.661531218460628,0.06706588183130537,0.2335069254040718,0.0,0.0,0.0,0.0,0.0,18473,global,0.0
3,5,lr1e-05_bs8_drop0p2_temp2p0_a0p25_b0p05__wd1e-04trmiss0_degmodglobal,8,1e-05,0.0001,0.2,2.0,0.25,0.05,lr1e-05_bs8_drop0p2_temp2p0_a0p25_b0p05__wd1e-04trmiss0_degmodglobal,51,0.7103174584252494,0.7687836289405823,0.5,0.7065527065527066,0.3076923076923077,0.0,0.5787549189158848,0.684181809425354,0.05999652349523136,0.22273054080350058,0.0,0.0,0.0,0.0,0.0,18473,global,0.0
3,5,lr1e-05_bs8_drop0p2_temp2p0_a0p25_b0p05__wd1e-04trmiss0_degmodglobal,8,1e-05,0.0001,0.2,2.0,0.25,0.05,lr1e-05_bs8_drop0p2_temp2p0_a0p25_b0p05__wd1e-04trmiss0_degmodglobal,52,0.716583890574319,0.7693639695644379,0.4722222222222222,0.6933251933251934,0.3076923076923077,0.0,0.5939736025674003,0.6876791885920933,0.05998263241989272,0.2781809036220823,0.0,0.0,0.0,0.0,0.0,18473,global,0.0
3,5,lr1e-05_bs8_drop0p2_temp2p0_a0p25_b0p05__wd1e-04trmiss0_degmodglobal,8,1e-05,0.0001,0.2,2.0,0.25,0.05,lr1e-05_bs8_drop0p2_temp2p0_a0p25_b0p05__wd1e-04trmiss0_degmodglobal,53,0.7150565130370004,0.772272378206253,0.5277777777777778,0.7184574684574685,0.3076923076923077,0.0,0.5897164600236076,0.6855056626456124,0.06010178689445768,0.29050784025873455,0.0,0.0,0.0,0.0,0.0,18473,global,0.0
3,5,lr1e-05_bs8_drop0p2_temp2p0_a0p25_b0p05__wd1e-04trmiss0_degmodglobal,8,1e-05,0.0001,0.2,2.0,0.25,0.05,lr1e-05_bs8_drop0p2_temp2p0_a0p25_b0p05__wd1e-04trmiss0_degmodglobal,54,0.7014616472380502,0.7725121378898621,0.5,0.7065527065527066,0.3076923076923077,0.0,0.5709016748837062,0.675512066909245,0.05965451204351017,0.22071929488863265,0.0,0.0,0.0,0.0,0.0,18473,global,0.0
3,5,lr1e-05_bs8_drop0p2_temp2p0_a0p25_b0p05__wd1e-04trmiss0_degmodglobal,8,1e-05,0.0001,0.2,2.0,0.25,0.05,lr1e-05_bs8_drop0p2_temp2p0_a0p25_b0p05__wd1e-04trmiss0_degmodglobal,55,0.7260770627430507,0.7742229104042053,0.4722222222222222,0.6933251933251934,0.23076923076923078,0.0,0.5998706136431012,0.6895054578781128,0.08070113030927521,0.3279265825237547,0.0,0.0,0.0,0.0,0.0,18473,global,0.0
3,5,lr1e-05_bs8_drop0p2_temp2p0_a0p25_b0p05__wd1e-04trmiss0_degmodglobal,8,1e-05,0.0001,0.2,2.0,0.25,0.05,lr1e-05_bs8_drop0p2_temp2p0_a0p25_b0p05__wd1e-04trmiss0_degmodglobal,56,0.7122744577271598,0.7727400064468384,0.4722222222222222,0.6933251933251934,0.3076923076923077,0.0,0.5714295421327863,0.6874996423721313,0.05794116721621582,0.2057904303073883,0.0,0.0,0.0,0.0,0.0,18473,global,0.0
3,5,lr1e-05_bs8_drop0p2_temp2p0_a0p25_b0p05__wd1e-04trmiss0_degmodglobal,8,1e-05,0.0001,0.2,2.0,0.25,0.05,lr1e-05_bs8_drop0p2_temp2p0_a0p25_b0p05__wd1e-04trmiss0_degmodglobal,57,0.7436825633049011,0.7623084485530853,0.4444444444444444,0.6902227402227403,0.3076923076923077,0.0,0.5731267162731716,0.709422733102526,0.08002210940633502,0.28508594419275013,0.0,0.0,0.0,0.0,0.0,18473,global,0.0
3,5,lr1e-05_bs8_drop0p2_temp2p0_a0p25_b0p05__wd1e-04trmiss0_degmodglobal,8,1e-05,0.0001,0.2,2.0,0.25,0.05,lr1e-05_bs8_drop0p2_temp2p0_a0p25_b0p05__wd1e-04trmiss0_degmodglobal,58,0.7141609532492501,0.7657633423805237,0.4444444444444444,0.6902227402227403,0.3076923076923077,0.0,0.5737668957029071,0.6834164006369454,0.07160701443042074,0.25685607535498484,0.0,0.0,0.0,0.0,0.0,18473,global,0.0
3,5,lr1e-05_bs8_drop0p2_temp2p0_a0p25_b0p05__wd1e-04trmiss0_degmodglobal,8,1e-05,0.0001,0.2,2.0,0.25,0.05,lr1e-05_bs8_drop0p2_temp2p0_a0p25_b0p05__wd1e-04trmiss0_degmodglobal,59,0.6975461925779071,0.7725562155246735,0.4166666666666667,0.6692511192511194,0.23076923076923078,0.0,0.5627561935356685,0.6679692183222089,0.06787160198603358,0.25218155873673304,0.0,0.0,0.0,0.0,0.0,18473,global,0.0
3,5,lr1e-05_bs8_drop0p2_temp2p0_a0p25_b0p05__wd1e-04trmiss0_degmodglobal,8,1e-05,0.0001,0.2,2.0,0.25,0.05,lr1e-05_bs8_drop0p2_temp2p0_a0p25_b0p05__wd1e-04trmiss0_degmodglobal,60,0.7008905836514064,0.7690910696983337,0.4444444444444445,0.6840659340659342,0.3076923076923077,0.0,0.5546213899339948,0.6719588722501483,0.06707982399633952,0.2432350984641484,0.0,0.0,0.0,0.0,0.0,18473,global,0.0
3,5,lr1e-05_bs8_drop0p2_temp2p0_a0p25_b0p05__wd1e-04trmiss0_degmodglobal,8,1e-05,0.0001,0.2,2.0,0.25,0.05,lr1e-05_bs8_drop0p2_temp2p0_a0p25_b0p05__wd1e-04trmiss0_degmodglobal,61,0.7023513572556632,0.7663752734661102,0.4722222222222222,0.6972934472934474,0.23076923076923078,0.0,0.5537798489843097,0.667999974318913,0.07939458053026881,0.2900549705539431,0.0,0.0,0.0,0.0,0.0,18473,global,0.0
3,5,lr1e-05_bs8_drop0p2_temp2p0_a0p25_b0p05__wd1e-04trmiss0_degmodglobal,8,1e-05,0.0001,0.2,2.0,0.25,0.05,lr1e-05_bs8_drop0p2_temp2p0_a0p25_b0p05__wd1e-04trmiss0_degmodglobal,62,0.6967185820852008,0.765839546918869,0.4722222222222222,0.6972934472934474,0.3076923076923077,0.0,0.5735281109809875,0.6621281249182565,0.0780369442488466,0.3016245790890285,0.0,0.0,0.0,0.0,0.0,18473,global,0.0
3,5,lr1e-05_bs8_drop0p2_temp2p0_a0p25_b0p05__wd1e-04trmiss0_degmodglobal,8,1e-05,0.0001,0.2,2.0,0.25,0.05,lr1e-05_bs8_drop0p2_temp2p0_a0p25_b0p05__wd1e-04trmiss0_degmodglobal,63,0.7391755751201085,0.7707827687263489,0.4722222222222222,0.6972934472934474,0.23076923076923078,0.0,0.5709606749670846,0.7058162008013044,0.07952381883348737,0.2695681984935488,0.0,0.0,0.0,0.0,0.0,18473,global,0.0
3,5,lr1e-05_bs8_drop0p2_temp2p0_a0p25_b0p05__wd1e-04trmiss0_degmodglobal,8,1e-05,0.0001,0.2,2.0,0.25,0.05,lr1e-05_bs8_drop0p2_temp2p0_a0p25_b0p05__wd1e-04trmiss0_degmodglobal,64,0.7265741739954267,0.7698244452476501,0.4722222222222222,0.6972934472934474,0.3076923076923077,0.0,0.5871059979711261,0.691786629813058,0.07972895673343114,0.2971062681504658,0.0,0.0,0.0,0.0,0.0,18473,global,0.0
3,5,lr1e-05_bs8_drop0p2_temp2p0_a0p25_b0p05__wd1e-04trmiss0_degmodglobal,8,1e-05,0.0001,0.2,2.0,0.25,0.05,lr1e-05_bs8_drop0p2_temp2p0_a0p25_b0p05__wd1e-04trmiss0_degmodglobal,65,0.7110327226775033,0.7697006464004517,0.4722222222222222,0.6972934472934474,0.3076923076923077,0.0,0.5441818152155194,0.6819590244974408,0.0646275904561792,0.2583360267536981,0.0,0.0,0.0,0.0,0.0,18473,global,0.0
3,5,lr1e-05_bs8_drop0p2_temp2p0_a0p25_b0p05__wd1e-04trmiss0_degmodglobal,8,1e-05,0.0001,0.2,2.0,0.25,0.05,lr1e-05_bs8_drop0p2_temp2p0_a0p25_b0p05__wd1e-04trmiss0_degmodglobal,66,0.7077253631183079,0.7699250280857086,0.4722222222222222,0.6972934472934474,0.3076923076923077,0.0,0.5757971831730434,0.6802352241107396,0.0593473283307893,0.25306648867470877,0.0,0.0,0.0,0.0,0.0,18473,global,0.0
3,5,lr1e-05_bs8_drop0p2_temp2p0_a0p25_b0p05__wd1e-04trmiss0_degmodglobal,8,1e-05,0.0001,0.2,2.0,0.25,0.05,lr1e-05_bs8_drop0p2_temp2p0_a0p25_b0p05__wd1e-04trmiss0_degmodglobal,67,0.6968175002506801,0.7707682251930237,0.5,0.7065527065527066,0.3076923076923077,0.0,0.561637920992715,0.6679673705782209,0.07025453820824623,0.2257299359355654,0.0,0.0,0.0,0.0,0.0,18473,global,0.0
3,5,lr1e-05_bs8_drop0p2_temp2p0_a0p25_b0p05__wd1e-04trmiss0_degmodglobal,8,1e-05,0.0001,0.2,2.0,0.25,0.05,lr1e-05_bs8_drop0p2_temp2p0_a0p25_b0p05__wd1e-04trmiss0_degmodglobal,68,0.7187259197235107,0.7722959220409393,0.4722222222222222,0.6933251933251934,0.23076923076923078,0.0,0.5428662257535117,0.6859105740274701,0.07377750745841435,0.28741952564035145,0.0,0.0,0.0,0.0,0.0,18473,global,0.0
3,5,lr1e-05_bs8_drop0p2_temp2p0_a0p25_b0p05__wd1e-04trmiss0_degmodglobal,8,1e-05,0.0001,0.2,2.0,0.25,0.05,lr1e-05_bs8_drop0p2_temp2p0_a0p25_b0p05__wd1e-04trmiss0_degmodglobal,69,0.7025385584150042,0.7689000070095062,0.4722222222222222,0.6933251933251934,0.3076923076923077,0.0,0.5524907793317523,0.6687902978488377,0.07553290416087423,0.297300466469356,0.0,0.0,0.0,0.0,0.0,18473,global,0.0
3,5,lr1e-05_bs8_drop0p2_temp2p0_a0p25_b0p05__wd1e-04trmiss0_degmodglobal,8,1e-05,0.0001,0.2,2.0,0.25,0.05,lr1e-05_bs8_drop0p2_temp2p0_a0p25_b0p05__wd1e-04trmiss0_degmodglobal,70,0.7103549838066101,0.7632378041744232,0.5,0.7065527065527066,0.3076923076923077,0.0,0.5723530564989362,0.6781277315957206,0.07571132374661309,0.26598829882485525,0.0,0.0,0.0,0.0,0.0,18473,global,0.0
3,5,lr1e-05_bs8_drop0p4_temp1p0_a0p25_b0p05__wd1e-04trmiss0_degmodglobal,8,1e-05,0.0001,0.4,1.0,0.25,0.05,lr1e-05_bs8_drop0p4_temp1p0_a0p25_b0p05__wd1e-04trmiss0_degmodglobal,1,0.7218091743332999,0.6576179265975952,0.6388888888888888,0.8354818021484689,0.6153846153846154,0.0,0.7133248278072902,0.700318557875497,0.054000290376799445,0.1598107780196837,0.0,0.0,0.0,0.0,0.0,18473,global,0.0
3,5,lr1e-05_bs8_drop0p4_temp1p0_a0p25_b0p05__wd1e-04trmiss0_degmodglobal,8,1e-05,0.0001,0.4,1.0,0.25,0.05,lr1e-05_bs8_drop0p4_temp1p0_a0p25_b0p05__wd1e-04trmiss0_degmodglobal,2,0.699756247656686,0.6523794829845428,0.6388888888888888,0.8354818021484689,0.6153846153846154,0.0,0.7021118402481079,0.6779378141675677,0.05741558117525918,0.14929066385541642,0.0,0.0,0.0,0.0,0.0,18473,global,0.0
3,5,lr1e-05_bs8_drop0p4_temp1p0_a0p25_b0p05__wd1e-04trmiss0_degmodglobal,8,1e-05,0.0001,0.4,1.0,0.25,0.05,lr1e-05_bs8_drop0p4_temp1p0_a0p25_b0p05__wd1e-04trmiss0_degmodglobal,3,0.679374064717974,0.6426388323307037,0.6944444444444444,0.8567901234567903,0.6923076923076923,0.0,0.6814638291086469,0.6494795509747097,0.08030784023659569,0.19635139299290522,0.0,0.0,0.0,0.0,0.0,18473,global,0.0
3,5,lr1e-05_bs8_drop0p4_temp1p0_a0p25_b0p05__wd1e-04trmiss0_degmodglobal,8,1e-05,0.0001,0.4,1.0,0.25,0.05,lr1e-05_bs8_drop0p4_temp1p0_a0p25_b0p05__wd1e-04trmiss0_degmodglobal,4,0.6731801203319004,0.6314869225025177,0.75,0.8794973544973546,0.6923076923076923,0.0,0.692343933241708,0.6453560590744019,0.06700056471994945,0.22147832065820694,0.0,0.0,0.0,0.0,0.0,18473,global,0.0
3,5,lr1e-05_bs8_drop0p4_temp1p0_a0p25_b0p05__wd1e-04trmiss0_degmodglobal,8,1e-05,0.0001,0.4,1.0,0.25,0.05,lr1e-05_bs8_drop0p4_temp1p0_a0p25_b0p05__wd1e-04trmiss0_degmodglobal,5,0.6640715939658028,0.625206857919693,0.75,0.8794973544973546,0.7692307692307693,0.0,0.6791117702211652,0.638599327632359,0.0659822252179895,0.17953386583498546,0.0,0.0,0.0,0.0,0.0,18473,global,0.0
3,5,lr1e-05_bs8_drop0p4_temp1p0_a0p25_b0p05__wd1e-04trmiss0_degmodglobal,8,1e-05,0.0001,0.4,1.0,0.25,0.05,lr1e-05_bs8_drop0p4_temp1p0_a0p25_b0p05__wd1e-04trmiss0_degmodglobal,6,0.6892418776239667,0.6236350834369659,0.75,0.8794973544973546,0.6923076923076923,0.0,0.6614392144339425,0.6582691669464111,0.08102141906108175,0.21434691548347473,0.0,0.0,0.0,0.0,0.0,18473,global,0.0
3,5,lr1e-05_bs8_drop0p4_temp1p0_a0p25_b0p05__wd1e-04trmiss0_degmodglobal,8,1e-05,0.0001,0.4,1.0,0.25,0.05,lr1e-05_bs8_drop0p4_temp1p0_a0p25_b0p05__wd1e-04trmiss0_degmodglobal,7,0.6850132942199707,0.6267792284488678,0.75,0.8794973544973546,0.6923076923076923,0.0,0.6629395910671779,0.6639606356620789,0.058962619730404446,0.1262401363679341,0.0,0.0,0.0,0.0,0.0,18473,global,0.0
3,5,lr1e-05_bs8_drop0p4_temp1p0_a0p25_b0p05__wd1e-04trmiss0_degmodglobal,8,1e-05,0.0001,0.4,1.0,0.25,0.05,lr1e-05_bs8_drop0p4_temp1p0_a0p25_b0p05__wd1e-04trmiss0_degmodglobal,8,0.6887685997145516,0.6221701204776764,0.75,0.8794973544973546,0.6923076923076923,0.0,0.667312775339399,0.6627233709607806,0.06791983651263374,0.18130550107785634,0.0,0.0,0.0,0.0,0.0,18473,global,0.0
3,5,lr1e-05_bs8_drop0p4_temp1p0_a0p25_b0p05__wd1e-04trmiss0_degmodglobal,8,1e-05,0.0001,0.4,1.0,0.25,0.05,lr1e-05_bs8_drop0p4_temp1p0_a0p25_b0p05__wd1e-04trmiss0_degmodglobal,9,0.7092053294181824,0.6244763433933258,0.75,0.8794973544973546,0.7692307692307693,0.0,0.6551680564880371,0.6828938807759967,0.06647477165928908,0.1938551440834999,0.0,0.0,0.0,0.0,0.0,18473,global,0.0
3,5,lr1e-05_bs8_drop0p4_temp1p0_a0p25_b0p05__wd1e-04trmiss0_degmodglobal,8,1e-05,0.0001,0.4,1.0,0.25,0.05,lr1e-05_bs8_drop0p4_temp1p0_a0p25_b0p05__wd1e-04trmiss0_degmodglobal,10,0.6660058157784599,0.6279330849647522,0.7222222222222222,0.8714165464165466,0.6923076923076923,0.0,0.6606394989149911,0.6483128326279777,0.05117910568203245,0.09796367000256266,0.0,0.0,0.0,0.0,0.0,18473,global,0.0
3,5,lr1e-05_bs8_drop0p4_temp1p0_a0p25_b0p05__wd1e-04trmiss0_degmodglobal,8,1e-05,0.0001,0.4,1.0,0.25,0.05,lr1e-05_bs8_drop0p4_temp1p0_a0p25_b0p05__wd1e-04trmiss0_degmodglobal,11,0.71745365858078,0.6297476887702942,0.6944444444444444,0.860614077280744,0.6923076923076923,0.0,0.6685893024717059,0.685822069644928,0.0793815872498921,0.23572410536663874,0.0,0.0,0.0,0.0,0.0,18473,global,0.0
3,5,lr1e-05_bs8_drop0p4_temp1p0_a0p25_b0p05__wd1e-04trmiss0_degmodglobal,8,1e-05,0.0001,0.4,1.0,0.25,0.05,lr1e-05_bs8_drop0p4_temp1p0_a0p25_b0p05__wd1e-04trmiss0_degmodglobal,12,0.6731851271220616,0.6317601501941681,0.6944444444444444,0.860614077280744,0.6153846153846154,0.0,0.6359368222100394,0.6475267580577305,0.06574992995176997,0.18441776505538396,0.0,0.0,0.0,0.0,0.0,18473,global,0.0
3,5,lr1e-05_bs8_drop0p4_temp1p0_a0p25_b0p05__wd1e-04trmiss0_degmodglobal,8,1e-05,0.0001,0.4,1.0,0.25,0.05,lr1e-05_bs8_drop0p4_temp1p0_a0p25_b0p05__wd1e-04trmiss0_degmodglobal,13,0.6584082160677228,0.6300152838230133,0.6944444444444444,0.860614077280744,0.6153846153846154,0.0,0.67784241267613,0.6338923232895988,0.0629621438149895,0.17550715165478842,0.0,0.0,0.0,0.0,0.0,18473,global,0.0
3,5,lr1e-05_bs8_drop0p4_temp1p0_a0p25_b0p05__wd1e-04trmiss0_degmodglobal,8,1e-05,0.0001,0.4,1.0,0.25,0.05,lr1e-05_bs8_drop0p4_temp1p0_a0p25_b0p05__wd1e-04trmiss0_degmodglobal,14,0.6820671813828605,0.6338786780834198,0.6666666666666666,0.851972101972102,0.5384615384615384,0.0,0.6531125562531608,0.6629902635301862,0.0495495842769742,0.13379007897206716,0.0,0.0,0.0,0.0,0.0,18473,global,0.0
3,5,lr1e-05_bs8_drop0p4_temp1p0_a0p25_b0p05__wd1e-04trmiss0_degmodglobal,8,1e-05,0.0001,0.4,1.0,0.25,0.05,lr1e-05_bs8_drop0p4_temp1p0_a0p25_b0p05__wd1e-04trmiss0_degmodglobal,15,0.6429293411118644,0.6300022900104523,0.6666666666666666,0.851972101972102,0.5384615384615384,0.0,0.6656652688980103,0.6223282728876386,0.05473050421902111,0.13836884179285594,0.0,0.0,0.0,0.0,0.0,18473,global,0.0
3,5,lr1e-05_bs8_drop0p4_temp1p0_a0p25_b0p05__wd1e-04trmiss0_degmodglobal,8,1e-05,0.0001,0.4,1.0,0.25,0.05,lr1e-05_bs8_drop0p4_temp1p0_a0p25_b0p05__wd1e-04trmiss0_degmodglobal,16,0.6618800844464984,0.6315831243991852,0.6666666666666666,0.851972101972102,0.6153846153846154,0.0,0.6293920789446149,0.6442717654364449,0.04645553124802453,0.11988873407244682,0.0,0.0,0.0,0.0,0.0,18473,global,0.0
3,5,lr1e-05_bs8_drop0p4_temp1p0_a0p25_b0p05__wd1e-04trmiss0_degmodglobal,8,1e-05,0.0001,0.4,1.0,0.25,0.05,lr1e-05_bs8_drop0p4_temp1p0_a0p25_b0p05__wd1e-04trmiss0_degmodglobal,17,0.6750534347125462,0.6315771043300629,0.6666666666666666,0.851972101972102,0.5384615384615384,0.0,0.6538604753358024,0.6531228678567069,0.055151059691395075,0.1628560572862625,0.0,0.0,0.0,0.0,0.0,18473,global,0.0
3,5,lr1e-05_bs8_drop0p4_temp1p0_a0p25_b0p05__wd1e-04trmiss0_degmodglobal,8,1e-05,0.0001,0.4,1.0,0.25,0.05,lr1e-05_bs8_drop0p4_temp1p0_a0p25_b0p05__wd1e-04trmiss0_degmodglobal,18,0.6671923739569527,0.6312798857688904,0.6666666666666666,0.851972101972102,0.5384615384615384,0.0,0.6540459053856986,0.648253355707441,0.04863033390470913,0.13562847141708648,0.0,0.0,0.0,0.0,0.0,18473,global,0.0
3,5,lr1e-05_bs8_drop0p4_temp1p0_a0p25_b0p05__wd1e-04trmiss0_degmodglobal,8,1e-05,0.0001,0.4,1.0,0.25,0.05,lr1e-05_bs8_drop0p4_temp1p0_a0p25_b0p05__wd1e-04trmiss0_degmodglobal,19,0.6874017289706639,0.6294066905975342,0.7222222222222222,0.8927128427128428,0.5384615384615384,0.0,0.6162006940160479,0.6630189163344247,0.06266040088874954,0.1743542333798749,0.0,0.0,0.0,0.0,0.0,18473,global,0.0
3,5,lr1e-05_bs8_drop0p4_temp1p0_a0p25_b0p05__wd1e-04trmiss0_degmodglobal,8,1e-05,0.0001,0.4,1.0,0.25,0.05,lr1e-05_bs8_drop0p4_temp1p0_a0p25_b0p05__wd1e-04trmiss0_degmodglobal,20,0.6348941326141357,0.6312501132488251,0.7222222222222222,0.8927128427128428,0.5384615384615384,0.0,0.6189589500427246,0.6166896309171405,0.05555002923522677,0.08634000537650925,0.0,0.0,0.0,0.0,0.0,18473,global,0.0
3,5,lr1e-05_bs8_drop0p4_temp1p0_a0p25_b0p05__wd1e-04trmiss0_degmodglobal,8,1e-05,0.0001,0.4,1.0,0.25,0.05,lr1e-05_bs8_drop0p4_temp1p0_a0p25_b0p05__wd1e-04trmiss0_degmodglobal,21,0.6302897589547294,0.6302529871463776,0.7222222222222222,0.8927128427128428,0.5384615384615384,0.0,0.591634716306414,0.6091570428439549,0.053138998204043934,0.1569594775459596,0.0,0.0,0.0,0.0,0.0,18473,global,0.0
3,5,lr1e-05_bs8_drop0p4_temp1p0_a0p25_b0p05__wd1e-04trmiss0_degmodglobal,8,1e-05,0.0001,0.4,1.0,0.25,0.05,lr1e-05_bs8_drop0p4_temp1p0_a0p25_b0p05__wd1e-04trmiss0_degmodglobal,22,0.6562430007117135,0.6296142339706421,0.7222222222222222,0.8927128427128428,0.6153846153846154,0.0,0.6324734687805176,0.6320695791925702,0.06265995864357267,0.17016834020614624,0.0,0.0,0.0,0.0,0.0,18473,global,0.0
3,5,lr1e-05_bs8_drop0p4_temp1p0_a0p25_b0p05__wd1e-04trmiss0_degmodglobal,8,1e-05,0.0001,0.4,1.0,0.25,0.05,lr1e-05_bs8_drop0p4_temp1p0_a0p25_b0p05__wd1e-04trmiss0_degmodglobal,23,0.6483371257781982,0.6311651170253754,0.7222222222222222,0.8927128427128428,0.5384615384615384,0.0,0.6255185774394444,0.6213437233652387,0.0749606644468648,0.16506476966398104,0.0,0.0,0.0,0.0,0.0,18473,global,0.0
3,5,lr1e-05_bs8_drop0p4_temp1p0_a0p25_b0p05__wd1e-04trmiss0_degmodglobal,8,1e-05,0.0001,0.4,1.0,0.25,0.05,lr1e-05_bs8_drop0p4_temp1p0_a0p25_b0p05__wd1e-04trmiss0_degmodglobal,24,0.6038518377712795,0.633000910282135,0.7222222222222222,0.8927128427128428,0.5384615384615384,0.0,0.6172621505601066,0.5798274023192269,0.06462976309869971,0.15733994862862996,0.0,0.0,0.0,0.0,0.0,18473,global,0.0
3,5,lr1e-05_bs8_drop0p4_temp1p0_a0p25_b0p05__wd1e-04trmiss0_degmodglobal,8,1e-05,0.0001,0.4,1.0,0.25,0.05,lr1e-05_bs8_drop0p4_temp1p0_a0p25_b0p05__wd1e-04trmiss0_degmodglobal,25,0.6214987635612488,0.6315197050571442,0.7222222222222222,0.8927128427128428,0.5384615384615384,0.0,0.6475775497300285,0.5973237582615444,0.06563919942293849,0.15530404342072351,0.0,0.0,0.0,0.0,0.0,18473,global,0.0
3,5,lr1e-05_bs8_drop0p4_temp1p0_a0p25_b0p05__wd1e-04trmiss0_degmodglobal,8,1e-05,0.0001,0.4,1.0,0.25,0.05,lr1e-05_bs8_drop0p4_temp1p0_a0p25_b0p05__wd1e-04trmiss0_degmodglobal,26,0.6769621031624931,0.6288145482540131,0.7222222222222222,0.8927128427128428,0.6153846153846154,0.0,0.6288274100848606,0.6516838584627423,0.06285071585859571,0.19131139665842056,0.0,0.0,0.0,0.0,0.0,18473,global,0.0
3,5,lr1e-05_bs8_drop0p4_temp1p0_a0p25_b0p05__wd1e-04trmiss0_degmodglobal,8,1e-05,0.0001,0.4,1.0,0.25,0.05,lr1e-05_bs8_drop0p4_temp1p0_a0p25_b0p05__wd1e-04trmiss0_degmodglobal,27,0.661496639251709,0.6285800635814667,0.7222222222222222,0.8927128427128428,0.5384615384615384,0.0,0.6285724214145115,0.6380567635808673,0.05856011328952653,0.1759970228054694,0.0,0.0,0.0,0.0,0.0,18473,global,0.0
3,5,lr1e-05_bs8_drop0p4_temp1p0_a0p25_b0p05__wd1e-04trmiss0_degmodglobal,8,1e-05,0.0001,0.4,1.0,0.25,0.05,lr1e-05_bs8_drop0p4_temp1p0_a0p25_b0p05__wd1e-04trmiss0_degmodglobal,28,0.6224870000566755,0.6316595375537872,0.7222222222222222,0.8927128427128428,0.5384615384615384,0.0,0.6156642181532723,0.5975979907172067,0.06720256592546191,0.161767522671393,0.0,0.0,0.0,0.0,0.0,18473,global,0.0
3,5,lr1e-05_bs8_drop0p4_temp2p0_a0p25_b0p05__wd1e-04trmiss0_degmodglobal,8,1e-05,0.0001,0.4,2.0,0.25,0.05,lr1e-05_bs8_drop0p4_temp2p0_a0p25_b0p05__wd1e-04trmiss0_degmodglobal,1,0.726175878729139,0.6513342559337616,0.8333333333333334,0.9278138528138529,0.6923076923076923,0.0,0.6991817951202393,0.7058797904423305,0.051600968199116845,0.14791706151195935,0.0,0.0,0.0,0.0,0.0,18473,global,0.0
3,5,lr1e-05_bs8_drop0p4_temp2p0_a0p25_b0p05__wd1e-04trmiss0_degmodglobal,8,1e-05,0.0001,0.4,2.0,0.25,0.05,lr1e-05_bs8_drop0p4_temp2p0_a0p25_b0p05__wd1e-04trmiss0_degmodglobal,2,0.6760063171386719,0.6502330601215363,0.7777777777777777,0.9017195767195769,0.6923076923076923,0.0,0.6724437986101423,0.6592136706624713,0.0482908162687506,0.09439885563084058,0.0,0.0,0.0,0.0,0.0,18473,global,0.0
3,5,lr1e-05_bs8_drop0p4_temp2p0_a0p25_b0p05__wd1e-04trmiss0_degmodglobal,8,1e-05,0.0001,0.4,2.0,0.25,0.05,lr1e-05_bs8_drop0p4_temp2p0_a0p25_b0p05__wd1e-04trmiss0_degmodglobal,3,0.7054669857025146,0.6496687531471252,0.7777777777777777,0.9017195767195769,0.6923076923076923,0.0,0.6932239277022225,0.6927686333656311,0.034748537598976066,0.08022433905197042,0.0,0.0,0.0,0.0,0.0,18473,global,0.0
3,5,lr1e-05_bs8_drop0p4_temp2p0_a0p25_b0p05__wd1e-04trmiss0_degmodglobal,8,1e-05,0.0001,0.4,2.0,0.25,0.05,lr1e-05_bs8_drop0p4_temp2p0_a0p25_b0p05__wd1e-04trmiss0_degmodglobal,4,0.6925095660345895,0.6429377794265747,0.7777777777777778,0.9121572871572874,0.6923076923076923,0.0,0.6774596231324332,0.6716209990637643,0.049569287204316685,0.1699249313345977,0.0,0.0,0.0,0.0,0.0,18473,global,0.0
3,5,lr1e-05_bs8_drop0p4_temp2p0_a0p25_b0p05__wd1e-04trmiss0_degmodglobal,8,1e-05,0.0001,0.4,2.0,0.25,0.05,lr1e-05_bs8_drop0p4_temp2p0_a0p25_b0p05__wd1e-04trmiss0_degmodglobal,5,0.7136426823479789,0.6395225822925568,0.7777777777777778,0.9121572871572874,0.6923076923076923,0.0,0.6803541013172695,0.6948186244283404,0.0498276057520083,0.12734277599624225,0.0,0.0,0.0,0.0,0.0,18473,global,0.0
3,5,lr1e-05_bs8_drop0p4_temp2p0_a0p25_b0p05__wd1e-04trmiss0_degmodglobal,8,1e-05,0.0001,0.4,2.0,0.25,0.05,lr1e-05_bs8_drop0p4_temp2p0_a0p25_b0p05__wd1e-04trmiss0_degmodglobal,6,0.7283309527805873,0.6346965432167053,0.7777777777777778,0.9121572871572874,0.6923076923076923,0.0,0.6772131153515407,0.7131762674876622,0.04110394325107336,0.09757380506822041,0.0,0.0,0.0,0.0,0.0,18473,global,0.0
3,5,lr1e-05_bs8_drop0p4_temp2p0_a0p25_b0p05__wd1e-04trmiss0_degmodglobal,8,1e-05,0.0001,0.4,2.0,0.25,0.05,lr1e-05_bs8_drop0p4_temp2p0_a0p25_b0p05__wd1e-04trmiss0_degmodglobal,7,0.6875065394810268,0.6352026462554932,0.7777777777777778,0.9121572871572874,0.6923076923076923,0.0,0.6843027642795018,0.6678130030632019,0.05106076757822718,0.13856666109391622,0.0,0.0,0.0,0.0,0.0,18473,global,0.0
3,5,lr1e-05_bs8_drop0p4_temp2p0_a0p25_b0p05__wd1e-04trmiss0_degmodglobal,8,1e-05,0.0001,0.4,2.0,0.25,0.05,lr1e-05_bs8_drop0p4_temp2p0_a0p25_b0p05__wd1e-04trmiss0_degmodglobal,8,0.6952114616121564,0.6347964406013489,0.7777777777777778,0.9121572871572874,0.6923076923076923,0.0,0.6638052208083016,0.6784943853105817,0.040341024952275414,0.13263661095074245,0.0,0.0,0.0,0.0,0.0,18473,global,0.0
3,5,lr1e-05_bs8_drop0p4_temp2p0_a0p25_b0p05__wd1e-04trmiss0_degmodglobal,8,1e-05,0.0001,0.4,2.0,0.25,0.05,lr1e-05_bs8_drop0p4_temp2p0_a0p25_b0p05__wd1e-04trmiss0_degmodglobal,9,0.6827587485313416,0.6297833621501923,0.7777777777777778,0.9121572871572874,0.7692307692307693,0.0,0.6571429201534816,0.6649225524493626,0.04866368483219828,0.11340560125453132,0.0,0.0,0.0,0.0,0.0,18473,global,0.0
3,5,lr1e-05_bs8_drop0p4_temp2p0_a0p25_b0p05__wd1e-04trmiss0_degmodglobal,8,1e-05,0.0001,0.4,2.0,0.25,0.05,lr1e-05_bs8_drop0p4_temp2p0_a0p25_b0p05__wd1e-04trmiss0_degmodglobal,10,0.6824852228164673,0.6282699108123779,0.7777777777777778,0.9121572871572874,0.7692307692307693,0.0,0.6535031625202724,0.6654842155320304,0.04403521439858845,0.11984408646821976,0.0,0.0,0.0,0.0,0.0,18473,global,0.0
3,5,lr1e-05_bs8_drop0p4_temp2p0_a0p25_b0p05__wd1e-04trmiss0_degmodglobal,8,1e-05,0.0001,0.4,2.0,0.25,0.05,lr1e-05_bs8_drop0p4_temp2p0_a0p25_b0p05__wd1e-04trmiss0_degmodglobal,11,0.6903052840914045,0.6316357254981995,0.7777777777777778,0.9121572871572874,0.6923076923076923,0.0,0.6988328269549778,0.6632096682276044,0.07230177734579359,0.18040316445486887,0.0,0.0,0.0,0.0,0.0,18473,global,0.0
3,5,lr1e-05_bs8_drop0p4_temp2p0_a0p25_b0p05__wd1e-04trmiss0_degmodglobal,8,1e-05,0.0001,0.4,2.0,0.25,0.05,lr1e-05_bs8_drop0p4_temp2p0_a0p25_b0p05__wd1e-04trmiss0_degmodglobal,12,0.6707152639116559,0.6339952945709229,0.7777777777777778,0.9121572871572874,0.7692307692307693,0.0,0.6356718965939113,0.6496147683688572,0.05652723301734243,0.1393736664737974,0.0,0.0,0.0,0.0,0.0,18473,global,0.0
3,5,lr1e-05_bs8_drop0p4_temp2p0_a0p25_b0p05__wd1e-04trmiss0_degmodglobal,8,1e-05,0.0001,0.4,2.0,0.25,0.05,lr1e-05_bs8_drop0p4_temp2p0_a0p25_b0p05__wd1e-04trmiss0_degmodglobal,13,0.6477322152682713,0.6349235475063324,0.7777777777777778,0.9121572871572874,0.6923076923076923,0.0,0.6811638219015939,0.6239373173032489,0.06144384880151067,0.16867842844554357,0.0,0.0,0.0,0.0,0.0,18473,global,0.0
3,5,lr1e-05_bs8_drop0p4_temp2p0_a0p25_b0p05__wd1e-04trmiss0_degmodglobal,8,1e-05,0.0001,0.4,2.0,0.25,0.05,lr1e-05_bs8_drop0p4_temp2p0_a0p25_b0p05__wd1e-04trmiss0_degmodglobal,14,0.6486454265458244,0.6366446316242218,0.7777777777777778,0.9121572871572874,0.6923076923076923,0.0,0.6576629791940961,0.6293345178876605,0.05212529216493879,0.12559172191790172,0.0,0.0,0.0,0.0,0.0,18473,global,0.0
3,5,lr1e-05_bs8_drop0p4_temp2p0_a0p25_b0p05__wd1e-04trmiss0_degmodglobal,8,1e-05,0.0001,0.4,2.0,0.25,0.05,lr1e-05_bs8_drop0p4_temp2p0_a0p25_b0p05__wd1e-04trmiss0_degmodglobal,15,0.6730043377195086,0.6268839240074158,0.7777777777777778,0.9121572871572874,0.7692307692307693,0.0,0.6393089975629535,0.6555592843464443,0.04860350542834827,0.10588319865720612,0.0,0.0,0.0,0.0,0.0,18473,global,0.0
3,5,lr1e-05_bs8_drop0p4_temp2p0_a0p25_b0p05__wd1e-04trmiss0_degmodglobal,8,1e-05,0.0001,0.4,2.0,0.25,0.05,lr1e-05_bs8_drop0p4_temp2p0_a0p25_b0p05__wd1e-04trmiss0_degmodglobal,16,0.6703204086848668,0.6230821907520294,0.7777777777777778,0.9121572871572874,0.6923076923076923,0.0,0.6462389401027134,0.6470263515199933,0.057664863233055384,0.17755689259086335,0.0,0.0,0.0,0.0,0.0,18473,global,0.0
3,5,lr1e-05_bs8_drop0p4_temp2p0_a0p25_b0p05__wd1e-04trmiss0_degmodglobal,8,1e-05,0.0001,0.4,2.0,0.25,0.05,lr1e-05_bs8_drop0p4_temp2p0_a0p25_b0p05__wd1e-04trmiss0_degmodglobal,17,0.6512319190161568,0.6157929003238678,0.7777777777777778,0.9121572871572874,0.7692307692307693,0.0,0.6734868202890668,0.637016943522862,0.04667650908231735,0.05091697855719498,0.0,0.0,0.0,0.0,0.0,18473,global,0.0
3,5,lr1e-05_bs8_drop0p4_temp2p0_a0p25_b0p05__wd1e-04trmiss0_degmodglobal,8,1e-05,0.0001,0.4,2.0,0.25,0.05,lr1e-05_bs8_drop0p4_temp2p0_a0p25_b0p05__wd1e-04trmiss0_degmodglobal,18,0.6360635501997811,0.6145319044589996,0.7777777777777778,0.9121572871572874,0.7692307692307693,0.0,0.6395691973822457,0.6187346492494855,0.048791893890925815,0.1026185154914856,0.0,0.0,0.0,0.0,0.0,18473,global,0.0
3,5,lr1e-05_bs8_drop0p4_temp2p0_a0p25_b0p05__wd1e-04trmiss0_degmodglobal,8,1e-05,0.0001,0.4,2.0,0.25,0.05,lr1e-05_bs8_drop0p4_temp2p0_a0p25_b0p05__wd1e-04trmiss0_degmodglobal,19,0.6339412076132638,0.6152529120445251,0.8055555555555556,0.9202380952380953,0.7692307692307693,0.0,0.6463442870548793,0.6163339444569179,0.051040305090802054,0.09694377439362663,0.0,0.0,0.0,0.0,0.0,18473,global,0.0
3,5,lr1e-05_bs8_drop0p4_temp2p0_a0p25_b0p05__wd1e-04trmiss0_degmodglobal,8,1e-05,0.0001,0.4,2.0,0.25,0.05,lr1e-05_bs8_drop0p4_temp2p0_a0p25_b0p05__wd1e-04trmiss0_degmodglobal,20,0.6608180488858905,0.6198954880237579,0.8055555555555556,0.9202380952380953,0.6923076923076923,0.0,0.6524202993937901,0.6360083137239728,0.06363902453865324,0.1779993772506714,0.0,0.0,0.0,0.0,0.0,18473,global,0.0
3,5,lr1e-05_bs8_drop0p4_temp2p0_a0p25_b0p05__wd1e-04trmiss0_degmodglobal,8,1e-05,0.0001,0.4,2.0,0.25,0.05,lr1e-05_bs8_drop0p4_temp2p0_a0p25_b0p05__wd1e-04trmiss0_degmodglobal,21,0.6490418144634792,0.6136203706264496,0.8055555555555556,0.9202380952380953,0.6923076923076923,0.0,0.630740795816694,0.630528450012207,0.048383189631359916,0.12835123709269933,0.0,0.0,0.0,0.0,0.0,18473,global,0.0
3,5,lr1e-05_bs8_drop0p4_temp2p0_a0p25_b0p05__wd1e-04trmiss0_degmodglobal,8,1e-05,0.0001,0.4,2.0,0.25,0.05,lr1e-05_bs8_drop0p4_temp2p0_a0p25_b0p05__wd1e-04trmiss0_degmodglobal,22,0.6658121347427368,0.6085866689682007,0.8055555555555556,0.9202380952380953,0.6923076923076923,0.0,0.6332150612558637,0.6528147544179644,0.03429291636816093,0.08848255101059165,0.0,0.0,0.0,0.0,0.0,18473,global,0.0
3,5,lr1e-05_bs8_drop0p4_temp2p0_a0p25_b0p05__wd1e-04trmiss0_degmodglobal,8,1e-05,0.0001,0.4,2.0,0.25,0.05,lr1e-05_bs8_drop0p4_temp2p0_a0p25_b0p05__wd1e-04trmiss0_degmodglobal,23,0.6398566109793526,0.6060518622398376,0.8055555555555556,0.9202380952380953,0.6923076923076923,0.0,0.6143849662372044,0.6137841514178685,0.06815150034214769,0.18069174992186682,0.0,0.0,0.0,0.0,0.0,18473,global,0.0
3,5,lr1e-05_bs8_drop0p4_temp2p0_a0p25_b0p05__wd1e-04trmiss0_degmodglobal,8,1e-05,0.0001,0.4,2.0,0.25,0.05,lr1e-05_bs8_drop0p4_temp2p0_a0p25_b0p05__wd1e-04trmiss0_degmodglobal,24,0.6639325192996434,0.611225962638855,0.8055555555555556,0.9202380952380953,0.6923076923076923,0.0,0.6238641483443124,0.6438859701156616,0.050621503431882174,0.14782328371490752,0.0,0.0,0.0,0.0,0.0,18473,global,0.0
3,5,lr1e-05_bs8_drop0p4_temp2p0_a0p25_b0p05__wd1e-04trmiss0_degmodglobal,8,1e-05,0.0001,0.4,2.0,0.25,0.05,lr1e-05_bs8_drop0p4_temp2p0_a0p25_b0p05__wd1e-04trmiss0_degmodglobal,25,0.6086935997009277,0.6185352206230164,0.7777777777777778,0.9121572871572874,0.6923076923076923,0.0,0.6450246827942985,0.5918064798627581,0.04803950951567718,0.09754468074866704,0.0,0.0,0.0,0.0,0.0,18473,global,0.0
3,5,lr1e-05_bs8_drop0p4_temp2p0_a0p25_b0p05__wd1e-04trmiss0_degmodglobal,8,1e-05,0.0001,0.4,2.0,0.25,0.05,lr1e-05_bs8_drop0p4_temp2p0_a0p25_b0p05__wd1e-04trmiss0_degmodglobal,26,0.6516966734613691,0.6212155818939209,0.7777777777777778,0.9121572871572874,0.6923076923076923,0.0,0.6160544753074646,0.6279443417276654,0.05695923364588192,0.19025034617100442,0.0,0.0,0.0,0.0,0.0,18473,global,0.0
3,5,lr1e-05_bs8_drop0p4_temp2p0_a0p25_b0p05__wd1e-04trmiss0_degmodglobal,8,1e-05,0.0001,0.4,2.0,0.25,0.05,lr1e-05_bs8_drop0p4_temp2p0_a0p25_b0p05__wd1e-04trmiss0_degmodglobal,27,0.6401810986655099,0.6236651241779327,0.7777777777777778,0.9121572871572874,0.6153846153846154,0.0,0.620848400252206,0.6240199037960598,0.04231156515223639,0.11166635368551527,0.0,0.0,0.0,0.0,0.0,18473,global,0.0
3,5,lr1e-05_bs8_drop0p4_temp2p0_a0p25_b0p05__wd1e-04trmiss0_degmodglobal,8,1e-05,0.0001,0.4,2.0,0.25,0.05,lr1e-05_bs8_drop0p4_temp2p0_a0p25_b0p05__wd1e-04trmiss0_degmodglobal,28,0.6390430842127118,0.6201446354389191,0.8055555555555556,0.9202380952380953,0.6923076923076923,0.0,0.6014696274484906,0.6142094901629856,0.06761872289436203,0.1585783777492387,0.0,0.0,0.0,0.0,0.0,18473,global,0.0
3,5,lr1e-05_bs8_drop0p4_temp2p0_a0p25_b0p05__wd1e-04trmiss0_degmodglobal,8,1e-05,0.0001,0.4,2.0,0.25,0.05,lr1e-05_bs8_drop0p4_temp2p0_a0p25_b0p05__wd1e-04trmiss0_degmodglobal,29,0.6509196843419757,0.6167307794094086,0.8333333333333333,0.9301146384479719,0.6923076923076923,0.0,0.6208009123802185,0.6279035551207406,0.067531056702137,0.12266740176294531,0.0,0.0,0.0,0.0,0.0,18473,global,0.0
3,5,lr1e-05_bs8_drop0p4_temp2p0_a0p25_b0p05__wd1e-04trmiss0_degmodglobal,8,1e-05,0.0001,0.4,2.0,0.25,0.05,lr1e-05_bs8_drop0p4_temp2p0_a0p25_b0p05__wd1e-04trmiss0_degmodglobal,30,0.6365268400737217,0.6131598651409149,0.8333333333333333,0.9301146384479719,0.6923076923076923,0.0,0.6213948811803546,0.6140982168061393,0.06143131532839367,0.14141571255666868,0.0,0.0,0.0,0.0,0.0,18473,global,0.0
3,5,lr1e-05_bs8_drop0p4_temp2p0_a0p25_b0p05__wd1e-04trmiss0_degmodglobal,8,1e-05,0.0001,0.4,2.0,0.25,0.05,lr1e-05_bs8_drop0p4_temp2p0_a0p25_b0p05__wd1e-04trmiss0_degmodglobal,31,0.6371871914182391,0.6151549816131592,0.8333333333333333,0.9361111111111113,0.6923076923076923,0.0,0.6182269198553902,0.617740878037044,0.052742667496204376,0.12521311374647276,0.0,0.0,0.0,0.0,0.0,18473,global,0.0
3,5,lr1e-05_bs8_drop0p4_temp2p0_a0p25_b0p05__wd1e-04trmiss0_degmodglobal,8,1e-05,0.0001,0.4,2.0,0.25,0.05,lr1e-05_bs8_drop0p4_temp2p0_a0p25_b0p05__wd1e-04trmiss0_degmodglobal,32,0.6355339288711548,0.6089925169944763,0.8611111111111112,0.9436868686868689,0.7692307692307693,0.0,0.6439631155558995,0.6161625640732902,0.048583527760846276,0.14450967790825026,0.0,0.0,0.0,0.0,0.0,18473,global,0.0
3,5,lr1e-05_bs8_drop0p4_temp2p0_a0p25_b0p05__wd1e-04trmiss0_degmodglobal,8,1e-05,0.0001,0.4,2.0,0.25,0.05,lr1e-05_bs8_drop0p4_temp2p0_a0p25_b0p05__wd1e-04trmiss0_degmodglobal,33,0.6334433470453534,0.6098009943962097,0.8611111111111112,0.9436868686868689,0.7692307692307693,0.0,0.6356519120080131,0.6127093860081264,0.05668785210166659,0.13124004432133266,0.0,0.0,0.0,0.0,0.0,18473,global,0.0
3,5,lr1e-05_bs8_drop0p4_temp2p0_a0p25_b0p05__wd1e-04trmiss0_degmodglobal,8,1e-05,0.0001,0.4,2.0,0.25,0.05,lr1e-05_bs8_drop0p4_temp2p0_a0p25_b0p05__wd1e-04trmiss0_degmodglobal,34,0.6447123118809291,0.6081632375717163,0.8333333333333333,0.9361111111111113,0.6923076923076923,0.0,0.6264088238988604,0.6219429884638105,0.05821312325341361,0.1643208355775901,0.0,0.0,0.0,0.0,0.0,18473,global,0.0
3,5,lr1e-05_bs8_drop0p4_temp2p0_a0p25_b0p05__wd1e-04trmiss0_degmodglobal,8,1e-05,0.0001,0.4,2.0,0.25,0.05,lr1e-05_bs8_drop0p4_temp2p0_a0p25_b0p05__wd1e-04trmiss0_degmodglobal,35,0.6179054720061166,0.6081365048885345,0.8333333333333333,0.9361111111111113,0.6923076923076923,0.0,0.6084890621049064,0.6027614559446063,0.046557346624987464,0.07009384302156312,0.0,0.0,0.0,0.0,0.0,18473,global,0.0
3,5,lr1e-05_bs8_drop0p4_temp2p0_a0p25_b0p05__wd1e-04trmiss0_degmodglobal,8,1e-05,0.0001,0.4,2.0,0.25,0.05,lr1e-05_bs8_drop0p4_temp2p0_a0p25_b0p05__wd1e-04trmiss0_degmodglobal,36,0.6272904872894287,0.6112179458141327,0.8611111111111112,0.9436868686868689,0.6923076923076923,0.0,0.5957128150122506,0.6093210833413261,0.050234612077474594,0.10821498291833061,0.0,0.0,0.0,0.0,0.0,18473,global,0.0
3,5,lr1e-05_bs8_drop0p4_temp2p0_a0p25_b0p05__wd1e-04trmiss0_degmodglobal,8,1e-05,0.0001,0.4,2.0,0.25,0.05,lr1e-05_bs8_drop0p4_temp2p0_a0p25_b0p05__wd1e-04trmiss0_degmodglobal,37,0.6330500841140747,0.616442859172821,0.8333333333333333,0.9328843995510663,0.6153846153846154,0.0,0.6108621784618923,0.6145202262060983,0.052974679108176916,0.10572338210684913,0.0,0.0,0.0,0.0,0.0,18473,global,0.0
3,5,lr1e-05_bs8_drop0p4_temp2p0_a0p25_b0p05__wd1e-04trmiss0_degmodglobal,8,1e-05,0.0001,0.4,2.0,0.25,0.05,lr1e-05_bs8_drop0p4_temp2p0_a0p25_b0p05__wd1e-04trmiss0_degmodglobal,38,0.6432482259614127,0.6151054799556732,0.8611111111111112,0.9436868686868689,0.7692307692307693,0.0,0.5937177581446511,0.6173879589353289,0.06522181151168686,0.19109636225870677,0.0,0.0,0.0,0.0,0.0,18473,global,0.0
3,5,lr1e-05_bs8_drop0p4_temp2p0_a0p25_b0p05__wd1e-04trmiss0_degmodglobal,8,1e-05,0.0001,0.4,2.0,0.25,0.05,lr1e-05_bs8_drop0p4_temp2p0_a0p25_b0p05__wd1e-04trmiss0_degmodglobal,39,0.6367054922240121,0.6150087714195251,0.8333333333333333,0.9328843995510663,0.6923076923076923,0.0,0.6102372748511178,0.6154542905943734,0.059910839689629417,0.12546963776860917,0.0,0.0,0.0,0.0,0.0,18473,global,0.0
3,5,lr1e-05_bs8_drop0p4_temp2p0_a0p25_b0p05__wd1e-04trmiss0_degmodglobal,8,1e-05,0.0001,0.4,2.0,0.25,0.05,lr1e-05_bs8_drop0p4_temp2p0_a0p25_b0p05__wd1e-04trmiss0_degmodglobal,40,0.6241097450256348,0.6122117638587952,0.8333333333333333,0.9328843995510663,0.6153846153846154,0.0,0.5910594293049404,0.604630206312452,0.04772785146321569,0.15095136846814836,0.0,0.0,0.0,0.0,0.0,18473,global,0.0
3,5,lr1e-05_bs8_drop0p4_temp2p0_a0p25_b0p05__wd1e-04trmiss0_degmodglobal,8,1e-05,0.0001,0.4,2.0,0.25,0.05,lr1e-05_bs8_drop0p4_temp2p0_a0p25_b0p05__wd1e-04trmiss0_degmodglobal,41,0.6314061624663216,0.6127392053604126,0.8611111111111112,0.9436868686868689,0.7692307692307693,0.0,0.602490850857326,0.609810335295541,0.05685821069138391,0.1476254260965756,0.0,0.0,0.0,0.0,0.0,18473,global,0.0
3,5,lr1e-05_bs8_drop0p4_temp2p0_a0p25_b0p05__wd1e-04trmiss0_degmodglobal,8,1e-05,0.0001,0.4,2.0,0.25,0.05,lr1e-05_bs8_drop0p4_temp2p0_a0p25_b0p05__wd1e-04trmiss0_degmodglobal,42,0.6064926811626979,0.615066647529602,0.8333333333333333,0.9328843995510663,0.6923076923076923,0.0,0.6220054541315351,0.5871355703898838,0.05175885930657387,0.12834805782352174,0.0,0.0,0.0,0.0,0.0,18473,global,0.0
3,5,lr1e-05_bs8_drop0p4_temp2p0_a0p25_b0p05__wd1e-04trmiss0_degmodglobal,8,1e-05,0.0001,0.4,2.0,0.25,0.05,lr1e-05_bs8_drop0p4_temp2p0_a0p25_b0p05__wd1e-04trmiss0_degmodglobal,43,0.6145843437739781,0.6160432994365692,0.8055555555555556,0.9253086419753087,0.6923076923076923,0.0,0.5883866974285671,0.5967601537704468,0.05368527291076524,0.08805728597300393,0.0,0.0,0.0,0.0,0.0,18473,global,0.0
3,5,lr1e-05_bs8_drop0p4_temp2p0_a0p25_b0p05__wd1e-04trmiss0_degmodglobal,8,1e-05,0.0001,0.4,2.0,0.25,0.05,lr1e-05_bs8_drop0p4_temp2p0_a0p25_b0p05__wd1e-04trmiss0_degmodglobal,44,0.597858897277287,0.6159766316413879,0.8333333333333333,0.9328843995510663,0.6923076923076923,0.0,0.5970201577459063,0.5802573306219918,0.04974070856613772,0.10332748666405678,0.0,0.0,0.0,0.0,0.0,18473,global,0.0
3,5,lr1e-05_bs8_drop0p4_temp2p0_a0p25_b0p05__wd1e-04trmiss0_degmodglobal,8,1e-05,0.0001,0.4,2.0,0.25,0.05,lr1e-05_bs8_drop0p4_temp2p0_a0p25_b0p05__wd1e-04trmiss0_degmodglobal,45,0.6345674736159188,0.6159271001815796,0.8333333333333333,0.9328843995510663,0.6923076923076923,0.0,0.5918996844972882,0.6124518854277474,0.05374313039439065,0.1735960128051894,0.0,0.0,0.0,0.0,0.0,18473,global,0.0
3,5,lr1e-05_bs8_drop0p4_temp2p0_a0p25_b0p05__wd1e-04trmiss0_degmodglobal,8,1e-05,0.0001,0.4,2.0,0.25,0.05,lr1e-05_bs8_drop0p4_temp2p0_a0p25_b0p05__wd1e-04trmiss0_degmodglobal,46,0.6244184630257743,0.6131405532360077,0.8611111111111112,0.9436868686868689,0.6923076923076923,0.0,0.602872337613787,0.6066375459943499,0.051267831453255246,0.0992793110864503,0.0,0.0,0.0,0.0,0.0,18473,global,0.0
3,5,lr1e-05_bs8_drop0p4_temp2p0_a0p25_b0p05__wd1e-04trmiss0_degmodglobal,8,1e-05,0.0001,0.4,2.0,0.25,0.05,lr1e-05_bs8_drop0p4_temp2p0_a0p25_b0p05__wd1e-04trmiss0_degmodglobal,47,0.6342591643333435,0.6126532256603241,0.8333333333333333,0.9328843995510663,0.6153846153846154,0.0,0.5982377188546317,0.6149034925869533,0.055130799167922566,0.11145927916680064,0.0,0.0,0.0,0.0,0.0,18473,global,0.0
3,5,lr1e-05_bs8_drop0p4_temp2p0_a0p25_b0p05__wd1e-04trmiss0_degmodglobal,8,1e-05,0.0001,0.4,2.0,0.25,0.05,lr1e-05_bs8_drop0p4_temp2p0_a0p25_b0p05__wd1e-04trmiss0_degmodglobal,48,0.6273738997323173,0.6154073178768158,0.8611111111111112,0.9436868686868689,0.6923076923076923,0.0,0.580160881791796,0.6035934601511274,0.06011926010251045,0.1750126981309482,0.0,0.0,0.0,0.0,0.0,18473,global,0.0
3,5,lr1e-05_bs8_drop0p4_temp2p0_a0p25_b0p05__wd1e-04trmiss0_degmodglobal,8,1e-05,0.0001,0.4,2.0,0.25,0.05,lr1e-05_bs8_drop0p4_temp2p0_a0p25_b0p05__wd1e-04trmiss0_degmodglobal,49,0.6104104518890381,0.6130173802375793,0.8333333333333333,0.9328843995510663,0.6923076923076923,0.0,0.5982748184885297,0.5864080446107047,0.06507482379674911,0.15467386027531965,0.0,0.0,0.0,0.0,0.0,18473,global,0.0
3,5,lr1e-05_bs8_drop0p4_temp2p0_a0p25_b0p05__wd1e-04trmiss0_degmodglobal,8,1e-05,0.0001,0.4,2.0,0.25,0.05,lr1e-05_bs8_drop0p4_temp2p0_a0p25_b0p05__wd1e-04trmiss0_degmodglobal,50,0.6180693592344012,0.6134771108627319,0.8055555555555556,0.9253086419753087,0.6923076923076923,0.0,0.5845992011683327,0.5936315826007298,0.06041141652635166,0.18669886833855084,0.0,0.0,0.0,0.0,0.0,18473,global,0.0
3,5,lr1e-05_bs8_drop0p4_temp2p0_a0p25_b0p05__wd1e-04trmiss0_degmodglobal,8,1e-05,0.0001,0.4,2.0,0.25,0.05,lr1e-05_bs8_drop0p4_temp2p0_a0p25_b0p05__wd1e-04trmiss0_degmodglobal,51,0.6386604138783046,0.6099088191986084,0.8333333333333333,0.9328843995510663,0.6923076923076923,0.0,0.5932373149054391,0.6195826275008065,0.05095497172858034,0.12678069727761404,0.0,0.0,0.0,0.0,0.0,18473,global,0.0
3,5,lr1e-05_bs8_drop0p4_temp2p0_a0p25_b0p05__wd1e-04trmiss0_degmodglobal,8,1e-05,0.0001,0.4,2.0,0.25,0.05,lr1e-05_bs8_drop0p4_temp2p0_a0p25_b0p05__wd1e-04trmiss0_degmodglobal,52,0.6312590156282697,0.6144076883792877,0.8333333333333333,0.9328843995510663,0.6923076923076923,0.0,0.607763273375375,0.6112670472690037,0.053913508142743795,0.1302720345556736,0.0,0.0,0.0,0.0,0.0,18473,global,0.0
3,5,lr1e-04_bs16_drop0p2_temp1p0_a0p25_b0p05__wd1e-04trmiss0_degmodglobal,16,0.0001,0.0001,0.2,1.0,0.25,0.05,lr1e-04_bs16_drop0p2_temp1p0_a0p25_b0p05__wd1e-04trmiss0_degmodglobal,1,0.6886533349752426,0.6550222635269165,0.7777777777777778,0.8691718775052109,0.7692307692307693,0.0,0.7057381123304367,0.6622145175933838,0.06262279115617275,0.21566196903586388,0.0,0.0,0.0,0.0,0.0,18473,global,0.0
3,5,lr1e-04_bs16_drop0p2_temp1p0_a0p25_b0p05__wd1e-04trmiss0_degmodglobal,16,0.0001,0.0001,0.2,1.0,0.25,0.05,lr1e-04_bs16_drop0p2_temp1p0_a0p25_b0p05__wd1e-04trmiss0_degmodglobal,2,0.6249130219221115,0.6461679339408875,0.75,0.8592953342953344,0.7692307692307693,0.0,0.6603156924247742,0.6035540699958801,0.0548434192314744,0.15296218637377024,0.0,0.0,0.0,0.0,0.0,18473,global,0.0
3,5,lr1e-04_bs16_drop0p2_temp1p0_a0p25_b0p05__wd1e-04trmiss0_degmodglobal,16,0.0001,0.0001,0.2,1.0,0.25,0.05,lr1e-04_bs16_drop0p2_temp1p0_a0p25_b0p05__wd1e-04trmiss0_degmodglobal,3,0.5670849978923798,0.6385974884033203,0.6944444444444444,0.8436387686387687,0.6923076923076923,0.0,0.6264112293720245,0.547239750623703,0.045069754123687744,0.1715560145676136,0.0,0.0,0.0,0.0,0.0,18473,global,0.0
3,5,lr1e-04_bs16_drop0p2_temp1p0_a0p25_b0p05__wd1e-04trmiss0_degmodglobal,16,0.0001,0.0001,0.2,1.0,0.25,0.05,lr1e-04_bs16_drop0p2_temp1p0_a0p25_b0p05__wd1e-04trmiss0_degmodglobal,4,0.5577684491872787,0.6314030885696411,0.7222222222222222,0.8517195767195769,0.6923076923076923,0.0,0.6162760257720947,0.536121055483818,0.051768528297543526,0.1741049401462078,0.0,0.0,0.0,0.0,0.0,18473,global,0.0
3,5,lr1e-04_bs16_drop0p2_temp1p0_a0p25_b0p05__wd1e-04trmiss0_degmodglobal,16,0.0001,0.0001,0.2,1.0,0.25,0.05,lr1e-04_bs16_drop0p2_temp1p0_a0p25_b0p05__wd1e-04trmiss0_degmodglobal,5,0.5565322935581207,0.6187683343887329,0.75,0.8936387686387688,0.6923076923076923,0.0,0.6137405037879944,0.5314764976501465,0.05625402741134167,0.21984551846981049,0.0,0.0,0.0,0.0,0.0,18473,global,0.0
3,5,lr1e-04_bs16_drop0p2_temp1p0_a0p25_b0p05__wd1e-04trmiss0_degmodglobal,16,0.0001,0.0001,0.2,1.0,0.25,0.05,lr1e-04_bs16_drop0p2_temp1p0_a0p25_b0p05__wd1e-04trmiss0_degmodglobal,6,0.5437516793608665,0.6284764409065247,0.75,0.8936387686387688,0.6153846153846154,0.0,0.6076744347810745,0.518381878733635,0.06040075980126858,0.20539254322648048,0.0,0.0,0.0,0.0,0.0,18473,global,0.0
3,5,lr1e-04_bs16_drop0p2_temp1p0_a0p25_b0p05__wd1e-04trmiss0_degmodglobal,16,0.0001,0.0001,0.2,1.0,0.25,0.05,lr1e-04_bs16_drop0p2_temp1p0_a0p25_b0p05__wd1e-04trmiss0_degmodglobal,7,0.5420775562524796,0.6351408362388611,0.6388888888888888,0.8610500610500611,0.5384615384615384,0.0,0.6002845168113708,0.5211746245622635,0.04898526659235358,0.17313232086598873,0.0,0.0,0.0,0.0,0.0,18473,global,0.0
3,5,lr1e-04_bs16_drop0p2_temp1p0_a0p25_b0p05__wd1e-04trmiss0_degmodglobal,16,0.0001,0.0001,0.2,1.0,0.25,0.05,lr1e-04_bs16_drop0p2_temp1p0_a0p25_b0p05__wd1e-04trmiss0_degmodglobal,8,0.5665334463119507,0.625848650932312,0.6666666666666667,0.8582722832722833,0.6923076923076923,0.0,0.6282750070095062,0.5442287847399712,0.05333313439041376,0.17942742817103863,0.0,0.0,0.0,0.0,0.0,18473,global,0.0
3,5,lr1e-04_bs16_drop0p2_temp1p0_a0p25_b0p05__wd1e-04trmiss0_degmodglobal,16,0.0001,0.0001,0.2,1.0,0.25,0.05,lr1e-04_bs16_drop0p2_temp1p0_a0p25_b0p05__wd1e-04trmiss0_degmodglobal,9,0.5619974508881569,0.6075744032859802,0.6944444444444444,0.8804945054945057,0.6153846153846154,0.0,0.6038038730621338,0.5312777534127235,0.0765961380675435,0.2314133383333683,0.0,0.0,0.0,0.0,0.0,18473,global,0.0
3,5,lr1e-04_bs16_drop0p2_temp1p0_a0p25_b0p05__wd1e-04trmiss0_degmodglobal,16,0.0001,0.0001,0.2,1.0,0.25,0.05,lr1e-04_bs16_drop0p2_temp1p0_a0p25_b0p05__wd1e-04trmiss0_degmodglobal,10,0.5181348845362663,0.6086609959602356,0.6944444444444445,0.86500629000629,0.6923076923076923,0.0,0.5954052209854126,0.4894537627696991,0.06473903357982635,0.24992740526795387,0.0,0.0,0.0,0.0,0.0,18473,global,0.0
3,5,lr1e-04_bs16_drop0p2_temp1p0_a0p25_b0p05__wd1e-04trmiss0_degmodglobal,16,0.0001,0.0001,0.2,1.0,0.25,0.05,lr1e-04_bs16_drop0p2_temp1p0_a0p25_b0p05__wd1e-04trmiss0_degmodglobal,11,0.5188898295164108,0.6038325428962708,0.75,0.9057470307470308,0.6923076923076923,0.0,0.5763269811868668,0.491286464035511,0.06661990471184254,0.21896779909729958,0.0,0.0,0.0,0.0,0.0,18473,global,0.0
3,5,lr1e-04_bs16_drop0p2_temp1p0_a0p25_b0p05__wd1e-04trmiss0_degmodglobal,16,0.0001,0.0001,0.2,1.0,0.25,0.05,lr1e-04_bs16_drop0p2_temp1p0_a0p25_b0p05__wd1e-04trmiss0_degmodglobal,12,0.5204885974526405,0.6021661758422852,0.8055555555555556,0.9280303030303032,0.7692307692307693,0.0,0.553118109703064,0.49550287425518036,0.062062994576990604,0.1893992554396391,0.0,0.0,0.0,0.0,0.0,18473,global,0.0
3,5,lr1e-04_bs16_drop0p2_temp1p0_a0p25_b0p05__wd1e-04trmiss0_degmodglobal,16,0.0001,0.0001,0.2,1.0,0.25,0.05,lr1e-04_bs16_drop0p2_temp1p0_a0p25_b0p05__wd1e-04trmiss0_degmodglobal,13,0.5275143086910248,0.6038166880607605,0.7777777777777778,0.9121572871572874,0.7692307692307693,0.0,0.5707433223724365,0.5010961145162582,0.07219862286001444,0.16737069562077522,0.0,0.0,0.0,0.0,0.0,18473,global,0.0
3,5,lr1e-04_bs16_drop0p2_temp1p0_a0p25_b0p05__wd1e-04trmiss0_degmodglobal,16,0.0001,0.0001,0.2,1.0,0.25,0.05,lr1e-04_bs16_drop0p2_temp1p0_a0p25_b0p05__wd1e-04trmiss0_degmodglobal,14,0.5059510767459869,0.6046828627586365,0.8055555555555556,0.9280303030303032,0.7692307692307693,0.0,0.5922909379005432,0.47732140868902206,0.06966698821634054,0.22425829246640205,0.0,0.0,0.0,0.0,0.0,18473,global,0.0
3,5,lr1e-04_bs16_drop0p2_temp1p0_a0p25_b0p05__wd1e-04trmiss0_degmodglobal,16,0.0001,0.0001,0.2,1.0,0.25,0.05,lr1e-04_bs16_drop0p2_temp1p0_a0p25_b0p05__wd1e-04trmiss0_degmodglobal,15,0.5156044960021973,0.6072925925254822,0.8055555555555556,0.9280303030303032,0.7692307692307693,0.0,0.5623509436845779,0.48944755643606186,0.07104312162846327,0.1679229186847806,0.0,0.0,0.0,0.0,0.0,18473,global,0.0
3,5,lr1e-04_bs16_drop0p2_temp1p0_a0p25_b0p05__wd1e-04trmiss0_degmodglobal,16,0.0001,0.0001,0.2,1.0,0.25,0.05,lr1e-04_bs16_drop0p2_temp1p0_a0p25_b0p05__wd1e-04trmiss0_degmodglobal,16,0.5066957771778107,0.5937941074371338,0.7777777777777778,0.9121572871572874,0.6153846153846154,0.0,0.5403396040201187,0.4807117432355881,0.06734179425984621,0.18297159671783447,0.0,0.0,0.0,0.0,0.0,18473,global,0.0
3,5,lr1e-04_bs16_drop0p2_temp1p0_a0p25_b0p05__wd1e-04trmiss0_degmodglobal,16,0.0001,0.0001,0.2,1.0,0.25,0.05,lr1e-04_bs16_drop0p2_temp1p0_a0p25_b0p05__wd1e-04trmiss0_degmodglobal,17,0.4946315214037895,0.595710277557373,0.7777777777777778,0.9121572871572874,0.6153846153846154,0.0,0.5204572230577469,0.4683634713292122,0.06685670930892229,0.1910773105919361,0.0,0.0,0.0,0.0,0.0,18473,global,0.0
3,5,lr1e-04_bs16_drop0p2_temp1p0_a0p25_b0p05__wd1e-04trmiss0_degmodglobal,16,0.0001,0.0001,0.2,1.0,0.25,0.05,lr1e-04_bs16_drop0p2_temp1p0_a0p25_b0p05__wd1e-04trmiss0_degmodglobal,18,0.5072710514068604,0.5973448157310486,0.8055555555555556,0.9202380952380953,0.6923076923076923,0.0,0.5442144721746445,0.4784058928489685,0.0694802813231945,0.22990205883979797,0.0,0.0,0.0,0.0,0.0,18473,global,0.0
3,5,lr1e-04_bs16_drop0p2_temp1p0_a0p25_b0p05__wd1e-04trmiss0_degmodglobal,16,0.0001,0.0001,0.2,1.0,0.25,0.05,lr1e-04_bs16_drop0p2_temp1p0_a0p25_b0p05__wd1e-04trmiss0_degmodglobal,19,0.49881870299577713,0.597559928894043,0.8333333333333333,0.9361111111111113,0.6923076923076923,0.0,0.5368161350488663,0.47263818234205246,0.06937154475599527,0.17675266042351723,0.0,0.0,0.0,0.0,0.0,18473,global,0.0
3,5,lr1e-04_bs16_drop0p2_temp1p0_a0p25_b0p05__wd1e-04trmiss0_degmodglobal,16,0.0001,0.0001,0.2,1.0,0.25,0.05,lr1e-04_bs16_drop0p2_temp1p0_a0p25_b0p05__wd1e-04trmiss0_degmodglobal,20,0.49114254862070084,0.608304500579834,0.7777777777777777,0.9138278388278389,0.6923076923076923,0.0,0.5356896966695786,0.46693454682826996,0.06275028130039573,0.17040863446891308,0.0,0.0,0.0,0.0,0.0,18473,global,0.0
3,5,lr1e-04_bs16_drop0p2_temp1p0_a0p25_b0p05__wd1e-04trmiss0_degmodglobal,16,0.0001,0.0001,0.2,1.0,0.25,0.05,lr1e-04_bs16_drop0p2_temp1p0_a0p25_b0p05__wd1e-04trmiss0_degmodglobal,21,0.4935317710042,0.6119670271873474,0.7777777777777777,0.9138278388278389,0.6923076923076923,0.0,0.5407240018248558,0.468087762594223,0.06167496182024479,0.20050529576838017,0.0,0.0,0.0,0.0,0.0,18473,global,0.0
3,5,lr1e-04_bs16_drop0p2_temp1p0_a0p25_b0p05__wd1e-04trmiss0_degmodglobal,16,0.0001,0.0001,0.2,1.0,0.25,0.05,lr1e-04_bs16_drop0p2_temp1p0_a0p25_b0p05__wd1e-04trmiss0_degmodglobal,22,0.48681872338056564,0.6099067330360413,0.7777777777777777,0.9138278388278389,0.6923076923076923,0.0,0.5004294514656067,0.45555267482995987,0.08062007836997509,0.22222067788243294,0.0,0.0,0.0,0.0,0.0,18473,global,0.0
3,5,lr1e-04_bs16_drop0p2_temp1p0_a0p25_b0p05__wd1e-04trmiss0_degmodglobal,16,0.0001,0.0001,0.2,1.0,0.25,0.05,lr1e-04_bs16_drop0p2_temp1p0_a0p25_b0p05__wd1e-04trmiss0_degmodglobal,23,0.4844036027789116,0.6081904768943787,0.7777777777777777,0.9138278388278389,0.6923076923076923,0.0,0.5266639962792397,0.46340541541576385,0.05696192476898432,0.1351539846509695,0.0,0.0,0.0,0.0,0.0,18473,global,0.0
3,5,lr1e-04_bs16_drop0p2_temp1p0_a0p25_b0p05__wd1e-04trmiss0_degmodglobal,16,0.0001,0.0001,0.2,1.0,0.25,0.05,lr1e-04_bs16_drop0p2_temp1p0_a0p25_b0p05__wd1e-04trmiss0_degmodglobal,24,0.4855509027838707,0.6055809259414673,0.7777777777777777,0.9138278388278389,0.7692307692307693,0.0,0.5190977677702904,0.4539090096950531,0.08455741032958031,0.21005086228251457,0.0,0.0,0.0,0.0,0.0,18473,global,0.0
3,5,lr1e-04_bs16_drop0p2_temp1p0_a0p25_b0p05__wd1e-04trmiss0_degmodglobal,16,0.0001,0.0001,0.2,1.0,0.25,0.05,lr1e-04_bs16_drop0p2_temp1p0_a0p25_b0p05__wd1e-04trmiss0_degmodglobal,25,0.48759830743074417,0.5998643040657043,0.8055555555555555,0.929700854700855,0.6923076923076923,0.0,0.5183665305376053,0.45949167758226395,0.07160073891282082,0.20412907004356384,0.0,0.0,0.0,0.0,0.0,18473,global,0.0
3,5,lr1e-04_bs16_drop0p2_temp1p0_a0p25_b0p05__wd1e-04trmiss0_degmodglobal,16,0.0001,0.0001,0.2,1.0,0.25,0.05,lr1e-04_bs16_drop0p2_temp1p0_a0p25_b0p05__wd1e-04trmiss0_degmodglobal,26,0.47007135301828384,0.6044745445251465,0.8055555555555555,0.929700854700855,0.6923076923076923,0.0,0.4953417554497719,0.4440309703350067,0.07376518286764622,0.15198161080479622,0.0,0.0,0.0,0.0,0.0,18473,global,0.0
3,5,lr1e-04_bs16_drop0p2_temp1p0_a0p25_b0p05__wd1e-04trmiss0_degmodglobal,16,0.0001,0.0001,0.2,1.0,0.25,0.05,lr1e-04_bs16_drop0p2_temp1p0_a0p25_b0p05__wd1e-04trmiss0_degmodglobal,27,0.45281925052404404,0.6092361807823181,0.7777777777777778,0.9216200466200468,0.6923076923076923,0.0,0.4852343052625656,0.428482785820961,0.064747697673738,0.1629908811300993,0.0,0.0,0.0,0.0,0.0,18473,global,0.0
3,5,lr1e-04_bs16_drop0p2_temp1p0_a0p25_b0p05__wd1e-04trmiss0_degmodglobal,16,0.0001,0.0001,0.2,1.0,0.25,0.05,lr1e-04_bs16_drop0p2_temp1p0_a0p25_b0p05__wd1e-04trmiss0_degmodglobal,28,0.47893916070461273,0.616872251033783,0.7222222222222222,0.8949445616112284,0.6923076923076923,0.0,0.5344792231917381,0.44944893568754196,0.07341351825743914,0.2227366715669632,0.0,0.0,0.0,0.0,0.0,18473,global,0.0
3,5,lr1e-04_bs16_drop0p2_temp1p0_a0p25_b0p05__wd1e-04trmiss0_degmodglobal,16,0.0001,0.0001,0.2,1.0,0.25,0.05,lr1e-04_bs16_drop0p2_temp1p0_a0p25_b0p05__wd1e-04trmiss0_degmodglobal,29,0.46741200238466263,0.6182170510292053,0.7222222222222222,0.8949445616112284,0.6923076923076923,0.0,0.5248486548662186,0.4375171363353729,0.07564592827111483,0.2196674905717373,0.0,0.0,0.0,0.0,0.0,18473,global,0.0
3,5,lr1e-04_bs16_drop0p2_temp1p0_a0p25_b0p05__wd1e-04trmiss0_degmodglobal,16,0.0001,0.0001,0.2,1.0,0.25,0.05,lr1e-04_bs16_drop0p2_temp1p0_a0p25_b0p05__wd1e-04trmiss0_degmodglobal,30,0.5362014472484589,0.6065340638160706,0.75,0.9057470307470308,0.6923076923076923,0.0,0.5189995914697647,0.5123311206698418,0.06641432642936707,0.1453350093215704,0.0,0.0,0.0,0.0,0.0,18473,global,0.0
3,5,lr1e-04_bs16_drop0p2_temp1p0_a0p25_b0p05__wd1e-04trmiss0_degmodglobal,16,0.0001,0.0001,0.2,1.0,0.25,0.05,lr1e-04_bs16_drop0p2_temp1p0_a0p25_b0p05__wd1e-04trmiss0_degmodglobal,31,0.48810482770204544,0.6034590601921082,0.7777777777777778,0.9216200466200468,0.6153846153846154,0.0,0.5025856271386147,0.45919573307037354,0.07985175214707851,0.17892326042056084,0.0,0.0,0.0,0.0,0.0,18473,global,0.0
3,5,lr1e-04_bs16_drop0p2_temp1p0_a0p25_b0p05__wd1e-04trmiss0_degmodglobal,16,0.0001,0.0001,0.2,1.0,0.25,0.05,lr1e-04_bs16_drop0p2_temp1p0_a0p25_b0p05__wd1e-04trmiss0_degmodglobal,32,0.4646677076816559,0.6026010513305664,0.7777777777777778,0.9216200466200468,0.6153846153846154,0.0,0.4871201142668724,0.43719856441020966,0.07549174129962921,0.1719240676611662,0.0,0.0,0.0,0.0,0.0,18473,global,0.0
3,5,lr1e-04_bs16_drop0p2_temp1p0_a0p25_b0p05__wd1e-04trmiss0_degmodglobal,16,0.0001,0.0001,0.2,1.0,0.25,0.05,lr1e-04_bs16_drop0p2_temp1p0_a0p25_b0p05__wd1e-04trmiss0_degmodglobal,33,0.4544718265533447,0.6092061996459961,0.7777777777777778,0.9216200466200468,0.6153846153846154,0.0,0.4839179962873459,0.4289528802037239,0.06522732693701982,0.18424233980476856,0.0,0.0,0.0,0.0,0.0,18473,global,0.0
3,5,lr1e-04_bs16_drop0p2_temp1p0_a0p25_b0p05__wd1e-04trmiss0_degmodglobal,16,0.0001,0.0001,0.2,1.0,0.25,0.05,lr1e-04_bs16_drop0p2_temp1p0_a0p25_b0p05__wd1e-04trmiss0_degmodglobal,34,0.4723450094461441,0.6126374006271362,0.7777777777777778,0.9216200466200468,0.6923076923076923,0.0,0.5246107503771782,0.44056519120931625,0.08048287406563759,0.23318205773830414,0.0,0.0,0.0,0.0,0.0,18473,global,0.0
3,5,lr1e-04_bs16_drop0p2_temp1p0_a0p25_b0p05__wd1e-04trmiss0_degmodglobal,16,0.0001,0.0001,0.2,1.0,0.25,0.05,lr1e-04_bs16_drop0p2_temp1p0_a0p25_b0p05__wd1e-04trmiss0_degmodglobal,35,0.46142395585775375,0.6117759346961975,0.7777777777777778,0.9216200466200468,0.6923076923076923,0.0,0.4722423851490021,0.43693870306015015,0.06567031983286142,0.16135353595018387,0.0,0.0,0.0,0.0,0.0,18473,global,0.0
3,5,lr1e-04_bs16_drop0p2_temp1p0_a0p25_b0p05__wd1e-04trmiss0_degmodglobal,16,0.0001,0.0001,0.2,1.0,0.25,0.05,lr1e-04_bs16_drop0p2_temp1p0_a0p25_b0p05__wd1e-04trmiss0_degmodglobal,36,0.45644548535346985,0.6162626147270203,0.75,0.9108175774842442,0.6153846153846154,0.0,0.5155314952135086,0.42976122349500656,0.06877828296273947,0.18979375436902046,0.0,0.0,0.0,0.0,0.0,18473,global,0.0
3,5,lr1e-04_bs16_drop0p2_temp1p0_a0p25_b0p05__wd1e-04trmiss0_degmodglobal,16,0.0001,0.0001,0.2,1.0,0.25,0.05,lr1e-04_bs16_drop0p2_temp1p0_a0p25_b0p05__wd1e-04trmiss0_degmodglobal,37,0.4768117591738701,0.6170588731765747,0.75,0.9057470307470308,0.6153846153846154,0.0,0.4960343837738037,0.4514898657798767,0.07221296802163124,0.14537310227751732,0.0,0.0,0.0,0.0,0.0,18473,global,0.0
3,5,lr1e-04_bs16_drop0p2_temp1p0_a0p25_b0p05__wd1e-04trmiss0_degmodglobal,16,0.0001,0.0001,0.2,1.0,0.25,0.05,lr1e-04_bs16_drop0p2_temp1p0_a0p25_b0p05__wd1e-04trmiss0_degmodglobal,38,0.4644460827112198,0.6176998615264893,0.75,0.9057470307470308,0.6153846153846154,0.0,0.4424598887562752,0.43475691974163055,0.08244941756129265,0.1815362498164177,0.0,0.0,0.0,0.0,0.0,18473,global,0.0
3,5,lr1e-04_bs16_drop0p2_temp1p0_a0p25_b0p05__wd1e-04trmiss0_degmodglobal,16,0.0001,0.0001,0.2,1.0,0.25,0.05,lr1e-04_bs16_drop0p2_temp1p0_a0p25_b0p05__wd1e-04trmiss0_degmodglobal,39,0.4720057174563408,0.6133962869644165,0.75,0.9057470307470308,0.6153846153846154,0.0,0.47585346549749374,0.4431915506720543,0.08590293396264315,0.14676864072680473,0.0,0.0,0.0,0.0,0.0,18473,global,0.0
3,5,lr1e-04_bs16_drop0p2_temp2p0_a0p25_b0p05__wd1e-04trmiss0_degmodglobal,16,0.0001,0.0001,0.2,2.0,0.25,0.05,lr1e-04_bs16_drop0p2_temp2p0_a0p25_b0p05__wd1e-04trmiss0_degmodglobal,1,0.725025862455368,0.6770864129066467,0.7222222222222222,0.8484928651595318,0.46153846153846156,0.0,0.6781341880559921,0.7110408991575241,0.03938107751309872,0.08279403438791633,0.0,0.0,0.0,0.0,0.0,18473,global,0.0
3,5,lr1e-04_bs16_drop0p2_temp2p0_a0p25_b0p05__wd1e-04trmiss0_degmodglobal,16,0.0001,0.0001,0.2,2.0,0.25,0.05,lr1e-04_bs16_drop0p2_temp2p0_a0p25_b0p05__wd1e-04trmiss0_degmodglobal,2,0.6874108761548996,0.6582891345024109,0.8611111111111112,0.9376903960237295,0.6153846153846154,0.0,0.6792857050895691,0.6717243492603302,0.0409692651592195,0.10888413432985544,0.0,0.0,0.0,0.0,0.0,18473,global,0.0
3,5,lr1e-04_bs16_drop0p2_temp2p0_a0p25_b0p05__wd1e-04trmiss0_degmodglobal,16,0.0001,0.0001,0.2,2.0,0.25,0.05,lr1e-04_bs16_drop0p2_temp2p0_a0p25_b0p05__wd1e-04trmiss0_degmodglobal,3,0.6847884207963943,0.6630245447158813,0.8611111111111112,0.9376903960237295,0.6153846153846154,0.0,0.6341845095157623,0.6701949238777161,0.04070234717801213,0.08835873380303383,0.0,0.0,0.0,0.0,0.0,18473,global,0.0
3,5,lr1e-04_bs16_drop0p2_temp2p0_a0p25_b0p05__wd1e-04trmiss0_degmodglobal,16,0.0001,0.0001,0.2,2.0,0.25,0.05,lr1e-04_bs16_drop0p2_temp2p0_a0p25_b0p05__wd1e-04trmiss0_degmodglobal,4,0.6771656423807144,0.6517543792724609,0.9166666666666666,0.9722222222222223,0.6153846153846154,0.0,0.6005555540323257,0.6617643088102341,0.041024561040103436,0.10290407203137875,0.0,0.0,0.0,0.0,0.0,18473,global,0.0
3,5,lr1e-04_bs16_drop0p2_temp2p0_a0p25_b0p05__wd1e-04trmiss0_degmodglobal,16,0.0001,0.0001,0.2,2.0,0.25,0.05,lr1e-04_bs16_drop0p2_temp2p0_a0p25_b0p05__wd1e-04trmiss0_degmodglobal,5,0.676921010017395,0.6461222171783447,0.8888888888888888,0.9598765432098768,0.6923076923076923,0.0,0.6370311975479126,0.658965215086937,0.047232954762876034,0.12295134924352169,0.0,0.0,0.0,0.0,0.0,18473,global,0.0
3,5,lr1e-04_bs16_drop0p2_temp2p0_a0p25_b0p05__wd1e-04trmiss0_degmodglobal,16,0.0001,0.0001,0.2,2.0,0.25,0.05,lr1e-04_bs16_drop0p2_temp2p0_a0p25_b0p05__wd1e-04trmiss0_degmodglobal,6,0.6901995241641998,0.6405714750289917,0.861111111111111,0.9459876543209877,0.7692307692307693,0.0,0.6044431030750275,0.66944520175457,0.050807467661798,0.16104898042976856,0.0,0.0,0.0,0.0,0.0,18473,global,0.0
3,5,lr1e-04_bs16_drop0p2_temp2p0_a0p25_b0p05__wd1e-04trmiss0_degmodglobal,16,0.0001,0.0001,0.2,2.0,0.25,0.05,lr1e-04_bs16_drop0p2_temp2p0_a0p25_b0p05__wd1e-04trmiss0_degmodglobal,7,0.6340381354093552,0.6359951496124268,0.8055555555555556,0.9280303030303032,0.7692307692307693,0.0,0.5704001635313034,0.6175447106361389,0.04358217632398009,0.11195765063166618,0.0,0.0,0.0,0.0,0.0,18473,global,0.0
3,5,lr1e-04_bs16_drop0p2_temp2p0_a0p25_b0p05__wd1e-04trmiss0_degmodglobal,16,0.0001,0.0001,0.2,2.0,0.25,0.05,lr1e-04_bs16_drop0p2_temp2p0_a0p25_b0p05__wd1e-04trmiss0_degmodglobal,8,0.6627283096313477,0.6186715364456177,0.8333333333333333,0.9361111111111113,0.7692307692307693,0.0,0.5786899775266647,0.6429950445890427,0.053124863654375076,0.12904084753245115,0.0,0.0,0.0,0.0,0.0,18473,global,0.0
3,5,lr1e-04_bs16_drop0p2_temp2p0_a0p25_b0p05__wd1e-04trmiss0_degmodglobal,16,0.0001,0.0001,0.2,2.0,0.25,0.05,lr1e-04_bs16_drop0p2_temp2p0_a0p25_b0p05__wd1e-04trmiss0_degmodglobal,9,0.6185962408781052,0.6162229776382446,0.8611111111111112,0.9500000000000002,0.7692307692307693,0.0,0.5671046674251556,0.6021207571029663,0.04334262432530522,0.1127968905493617,0.0,0.0,0.0,0.0,0.0,18473,global,0.0
3,5,lr1e-04_bs16_drop0p2_temp2p0_a0p25_b0p05__wd1e-04trmiss0_degmodglobal,16,0.0001,0.0001,0.2,2.0,0.25,0.05,lr1e-04_bs16_drop0p2_temp2p0_a0p25_b0p05__wd1e-04trmiss0_degmodglobal,10,0.630698099732399,0.628876805305481,0.861111111111111,0.9459876543209877,0.7692307692307693,0.0,0.6093470752239227,0.615603506565094,0.041559211909770966,0.09409624431282282,0.0,0.0,0.0,0.0,0.0,18473,global,0.0
3,5,lr1e-04_bs16_drop0p2_temp2p0_a0p25_b0p05__wd1e-04trmiss0_degmodglobal,16,0.0001,0.0001,0.2,2.0,0.25,0.05,lr1e-04_bs16_drop0p2_temp2p0_a0p25_b0p05__wd1e-04trmiss0_degmodglobal,11,0.6366515606641769,0.6390169858932495,0.8055555555555556,0.9280303030303032,0.7692307692307693,0.0,0.6011836975812912,0.6214945167303085,0.03951349575072527,0.1055734883993864,0.0,0.0,0.0,0.0,0.0,18473,global,0.0
3,5,lr1e-04_bs16_drop0p2_temp2p0_a0p25_b0p05__wd1e-04trmiss0_degmodglobal,16,0.0001,0.0001,0.2,2.0,0.25,0.05,lr1e-04_bs16_drop0p2_temp2p0_a0p25_b0p05__wd1e-04trmiss0_degmodglobal,12,0.6156086027622223,0.6257545948028564,0.8333333333333333,0.9361111111111113,0.7692307692307693,0.0,0.5687757581472397,0.5978752374649048,0.04910883214324713,0.10912305302917957,0.0,0.0,0.0,0.0,0.0,18473,global,0.0
3,5,lr1e-04_bs16_drop0p2_temp2p0_a0p25_b0p05__wd1e-04trmiss0_degmodglobal,16,0.0001,0.0001,0.2,2.0,0.25,0.05,lr1e-04_bs16_drop0p2_temp2p0_a0p25_b0p05__wd1e-04trmiss0_degmodglobal,13,0.6472716927528381,0.6432898640632629,0.75,0.9085858585858586,0.6923076923076923,0.0,0.5826236009597778,0.6257166266441345,0.06137196533381939,0.12424151413142681,0.0,0.0,0.0,0.0,0.0,18473,global,0.0
3,5,lr1e-04_bs16_drop0p2_temp2p0_a0p25_b0p05__wd1e-04trmiss0_degmodglobal,16,0.0001,0.0001,0.2,2.0,0.25,0.05,lr1e-04_bs16_drop0p2_temp2p0_a0p25_b0p05__wd1e-04trmiss0_degmodglobal,14,0.6433250159025192,0.6470999121665955,0.75,0.9013548180214848,0.6923076923076923,0.0,0.60081847012043,0.6231715679168701,0.05303703714162111,0.1378838922828436,0.0,0.0,0.0,0.0,0.0,18473,global,0.0
3,5,lr1e-04_bs16_drop0p2_temp2p0_a0p25_b0p05__wd1e-04trmiss0_degmodglobal,16,0.0001,0.0001,0.2,2.0,0.25,0.05,lr1e-04_bs16_drop0p2_temp2p0_a0p25_b0p05__wd1e-04trmiss0_degmodglobal,15,0.611780434846878,0.6484060287475586,0.7777777777777778,0.9172278338945008,0.6923076923076923,0.0,0.5839328020811081,0.5833397209644318,0.0784301720559597,0.17666313238441944,0.0,0.0,0.0,0.0,0.0,18473,global,0.0
3,5,lr1e-04_bs16_drop0p2_temp2p0_a0p25_b0p05__wd1e-04trmiss0_degmodglobal,16,0.0001,0.0001,0.2,2.0,0.25,0.05,lr1e-04_bs16_drop0p2_temp2p0_a0p25_b0p05__wd1e-04trmiss0_degmodglobal,16,0.5987286567687988,0.6448410749435425,0.7777777777777778,0.9172278338945008,0.6923076923076923,0.0,0.5563274174928665,0.5753774791955948,0.06658771727234125,0.1340847685933113,0.0,0.0,0.0,0.0,0.0,18473,global,0.0
3,5,lr1e-04_bs16_drop0p2_temp2p0_a0p25_b0p05__wd1e-04trmiss0_degmodglobal,16,0.0001,0.0001,0.2,2.0,0.25,0.05,lr1e-04_bs16_drop0p2_temp2p0_a0p25_b0p05__wd1e-04trmiss0_degmodglobal,17,0.6288253366947174,0.6435597538948059,0.8055555555555556,0.9280303030303032,0.6923076923076923,0.0,0.5558598041534424,0.602851614356041,0.0632791705429554,0.20307861641049385,0.0,0.0,0.0,0.0,0.0,18473,global,0.0
3,5,lr1e-04_bs16_drop0p2_temp2p0_a0p25_b0p05__wd1e-04trmiss0_degmodglobal,16,0.0001,0.0001,0.2,2.0,0.25,0.05,lr1e-04_bs16_drop0p2_temp2p0_a0p25_b0p05__wd1e-04trmiss0_degmodglobal,18,0.6240669786930084,0.6421108245849609,0.8055555555555556,0.9280303030303032,0.7692307692307693,0.0,0.5596047043800354,0.6002712845802307,0.06869271397590637,0.132450420409441,0.0,0.0,0.0,0.0,0.0,18473,global,0.0
3,5,lr1e-04_bs16_drop0p2_temp2p0_a0p25_b0p05__wd1e-04trmiss0_degmodglobal,16,0.0001,0.0001,0.2,2.0,0.25,0.05,lr1e-04_bs16_drop0p2_temp2p0_a0p25_b0p05__wd1e-04trmiss0_degmodglobal,19,0.5969316065311432,0.6454448699951172,0.7777777777777778,0.9172278338945008,0.7692307692307693,0.0,0.5355482250452042,0.5753352046012878,0.05934917274862528,0.13518251664936543,0.0,0.0,0.0,0.0,0.0,18473,global,0.0
3,5,lr1e-04_bs16_drop0p2_temp2p0_a0p25_b0p05__wd1e-04trmiss0_degmodglobal,16,0.0001,0.0001,0.2,2.0,0.25,0.05,lr1e-04_bs16_drop0p2_temp2p0_a0p25_b0p05__wd1e-04trmiss0_degmodglobal,20,0.5889781415462494,0.6477590799331665,0.7777777777777778,0.9172278338945008,0.7692307692307693,0.0,0.562540739774704,0.5702655166387558,0.055294887162745,0.09777811821550131,0.0,0.0,0.0,0.0,0.0,18473,global,0.0
3,5,lr1e-04_bs16_drop0p2_temp2p0_a0p25_b0p05__wd1e-04trmiss0_degmodglobal,16,0.0001,0.0001,0.2,2.0,0.25,0.05,lr1e-04_bs16_drop0p2_temp2p0_a0p25_b0p05__wd1e-04trmiss0_degmodglobal,21,0.6004185080528259,0.6476691365242004,0.7777777777777778,0.9172278338945008,0.6923076923076923,0.0,0.5672730803489685,0.5801083445549011,0.05761333089321852,0.11813653632998466,0.0,0.0,0.0,0.0,0.0,18473,global,0.0
3,5,lr1e-04_bs16_drop0p2_temp2p0_a0p25_b0p05__wd1e-04trmiss0_degmodglobal,16,0.0001,0.0001,0.2,2.0,0.25,0.05,lr1e-04_bs16_drop0p2_temp2p0_a0p25_b0p05__wd1e-04trmiss0_degmodglobal,22,0.5903491824865341,0.6474901437759399,0.7777777777777778,0.9172278338945008,0.7692307692307693,0.0,0.5477233976125717,0.5737802386283875,0.04908726178109646,0.08594270888715982,0.0,0.0,0.0,0.0,0.0,18473,global,0.0
3,5,lr1e-04_bs16_drop0p2_temp2p0_a0p25_b0p05__wd1e-04trmiss0_degmodglobal,16,0.0001,0.0001,0.2,2.0,0.25,0.05,lr1e-04_bs16_drop0p2_temp2p0_a0p25_b0p05__wd1e-04trmiss0_degmodglobal,23,0.607085332274437,0.6464525461196899,0.8333333333333334,0.941919191919192,0.7692307692307693,0.0,0.5516486316919327,0.5895094573497772,0.04626874253153801,0.12017419934272766,0.0,0.0,0.0,0.0,0.0,18473,global,0.0
3,5,lr1e-04_bs16_drop0p2_temp2p0_a0p25_b0p05__wd1e-04trmiss0_degmodglobal,16,0.0001,0.0001,0.2,2.0,0.25,0.05,lr1e-04_bs16_drop0p2_temp2p0_a0p25_b0p05__wd1e-04trmiss0_degmodglobal,24,0.5949402004480362,0.6434839963912964,0.8333333333333334,0.941919191919192,0.6923076923076923,0.0,0.5841814428567886,0.5809642821550369,0.03929436579346657,0.08304597064852715,0.0,0.0,0.0,0.0,0.0,18473,global,0.0
3,5,lr1e-04_bs16_drop0p2_temp2p0_a0p25_b0p05__wd1e-04trmiss0_degmodglobal,16,0.0001,0.0001,0.2,2.0,0.25,0.05,lr1e-04_bs16_drop0p2_temp2p0_a0p25_b0p05__wd1e-04trmiss0_degmodglobal,25,0.6272721588611603,0.6542285084724426,0.8333333333333334,0.941919191919192,0.6153846153846154,0.0,0.5761453360319138,0.610752746462822,0.04272146290168166,0.11678077187389135,0.0,0.0,0.0,0.0,0.0,18473,global,0.0
3,5,lr1e-04_bs16_drop0p4_temp1p0_a0p25_b0p05__wd1e-04trmiss0_degmodglobal,16,0.0001,0.0001,0.4,1.0,0.25,0.05,lr1e-04_bs16_drop0p4_temp1p0_a0p25_b0p05__wd1e-04trmiss0_degmodglobal,1,0.7083037495613098,0.6588720679283142,0.8611111111111112,0.9376903960237295,0.7692307692307693,0.0,0.743419274687767,0.6731660813093185,0.08726823329925537,0.26641271635890007,0.0,0.0,0.0,0.0,0.0,18473,global,0.0
3,5,lr1e-04_bs16_drop0p4_temp1p0_a0p25_b0p05__wd1e-04trmiss0_degmodglobal,16,0.0001,0.0001,0.4,1.0,0.25,0.05,lr1e-04_bs16_drop0p4_temp1p0_a0p25_b0p05__wd1e-04trmiss0_degmodglobal,2,0.7066205590963364,0.6617515683174133,0.8333333333333333,0.9301146384479719,0.6923076923076923,0.0,0.7019113302230835,0.6675742268562317,0.09926223754882812,0.28461557254195213,0.0,0.0,0.0,0.0,0.0,18473,global,0.0
3,5,lr1e-04_bs16_drop0p4_temp1p0_a0p25_b0p05__wd1e-04trmiss0_degmodglobal,16,0.0001,0.0001,0.4,1.0,0.25,0.05,lr1e-04_bs16_drop0p4_temp1p0_a0p25_b0p05__wd1e-04trmiss0_degmodglobal,3,0.6752795428037643,0.6720107197761536,0.7222222222222222,0.8517195767195769,0.6923076923076923,0.0,0.7030552476644516,0.6399232745170593,0.09120361506938934,0.2511072214692831,0.0,0.0,0.0,0.0,0.0,18473,global,0.0
3,5,lr1e-04_bs16_drop0p4_temp1p0_a0p25_b0p05__wd1e-04trmiss0_degmodglobal,16,0.0001,0.0001,0.4,1.0,0.25,0.05,lr1e-04_bs16_drop0p4_temp1p0_a0p25_b0p05__wd1e-04trmiss0_degmodglobal,4,0.6648404896259308,0.670484185218811,0.6666666666666666,0.8082722832722833,0.7692307692307693,0.0,0.7026224434375763,0.6204791218042374,0.10828050598502159,0.3458249121904373,0.0,0.0,0.0,0.0,0.0,18473,global,0.0
3,5,lr1e-04_bs16_drop0p4_temp1p0_a0p25_b0p05__wd1e-04trmiss0_degmodglobal,16,0.0001,0.0001,0.4,1.0,0.25,0.05,lr1e-04_bs16_drop0p4_temp1p0_a0p25_b0p05__wd1e-04trmiss0_degmodglobal,5,0.6688262224197388,0.6759206652641296,0.6666666666666666,0.8082722832722833,0.6923076923076923,0.0,0.6666572540998459,0.6379740834236145,0.08268703334033489,0.20360830053687096,0.0,0.0,0.0,0.0,0.0,18473,global,0.0
3,5,lr1e-04_bs16_drop0p4_temp1p0_a0p25_b0p05__wd1e-04trmiss0_degmodglobal,16,0.0001,0.0001,0.4,1.0,0.25,0.05,lr1e-04_bs16_drop0p4_temp1p0_a0p25_b0p05__wd1e-04trmiss0_degmodglobal,6,0.6424649953842163,0.6572563052177429,0.75,0.8953093203093205,0.7692307692307693,0.0,0.6565901637077332,0.6084321290254593,0.09087678417563438,0.2262735702097416,0.0,0.0,0.0,0.0,0.0,18473,global,0.0
3,5,lr1e-04_bs16_drop0p4_temp1p0_a0p25_b0p05__wd1e-04trmiss0_degmodglobal,16,0.0001,0.0001,0.4,1.0,0.25,0.05,lr1e-04_bs16_drop0p4_temp1p0_a0p25_b0p05__wd1e-04trmiss0_degmodglobal,7,0.6153729259967804,0.6496555805206299,0.7777777777777777,0.9017195767195769,0.7692307692307693,0.0,0.6530454009771347,0.5895587503910065,0.067352794110775,0.1795197743922472,0.0,0.0,0.0,0.0,0.0,18473,global,0.0
3,5,lr1e-04_bs16_drop0p4_temp1p0_a0p25_b0p05__wd1e-04trmiss0_degmodglobal,16,0.0001,0.0001,0.4,1.0,0.25,0.05,lr1e-04_bs16_drop0p4_temp1p0_a0p25_b0p05__wd1e-04trmiss0_degmodglobal,8,0.6655095815658569,0.6467920541763306,0.7222222222222222,0.8714165464165466,0.7692307692307693,0.0,0.6576794385910034,0.635897621512413,0.08043644670397043,0.19005690142512321,0.0,0.0,0.0,0.0,0.0,18473,global,0.0
3,5,lr1e-04_bs16_drop0p4_temp1p0_a0p25_b0p05__wd1e-04trmiss0_degmodglobal,16,0.0001,0.0001,0.4,1.0,0.25,0.05,lr1e-04_bs16_drop0p4_temp1p0_a0p25_b0p05__wd1e-04trmiss0_degmodglobal,9,0.638730376958847,0.6418636441230774,0.75,0.8794973544973546,0.6923076923076923,0.0,0.6160340756177902,0.6036839485168457,0.08565480262041092,0.2726546861231327,0.0,0.0,0.0,0.0,0.0,18473,global,0.0
3,5,lr1e-04_bs16_drop0p4_temp1p0_a0p25_b0p05__wd1e-04trmiss0_degmodglobal,16,0.0001,0.0001,0.4,1.0,0.25,0.05,lr1e-04_bs16_drop0p4_temp1p0_a0p25_b0p05__wd1e-04trmiss0_degmodglobal,10,0.6266253441572189,0.6492547988891602,0.7222222222222222,0.8517195767195769,0.7692307692307693,0.0,0.629893571138382,0.5868141651153564,0.09541993588209152,0.3191239759325981,0.0,0.0,0.0,0.0,0.0,18473,global,0.0
3,5,lr1e-04_bs16_drop0p4_temp1p0_a0p25_b0p05__wd1e-04trmiss0_degmodglobal,16,0.0001,0.0001,0.4,1.0,0.25,0.05,lr1e-04_bs16_drop0p4_temp1p0_a0p25_b0p05__wd1e-04trmiss0_degmodglobal,11,0.6226416826248169,0.6490628123283386,0.75,0.8592953342953344,0.7692307692307693,0.0,0.5830182284116745,0.592301219701767,0.08361625578254461,0.18872779235243797,0.0,0.0,0.0,0.0,0.0,18473,global,0.0
3,5,lr1e-04_bs16_drop0p4_temp1p0_a0p25_b0p05__wd1e-04trmiss0_degmodglobal,16,0.0001,0.0001,0.4,1.0,0.25,0.05,lr1e-04_bs16_drop0p4_temp1p0_a0p25_b0p05__wd1e-04trmiss0_degmodglobal,12,0.6109359264373779,0.6552072167396545,0.75,0.8592953342953344,0.6923076923076923,0.0,0.6072303056716919,0.5771135240793228,0.0885893851518631,0.23350100591778755,0.0,0.0,0.0,0.0,0.0,18473,global,0.0
3,5,lr1e-04_bs16_drop0p4_temp1p0_a0p25_b0p05__wd1e-04trmiss0_degmodglobal,16,0.0001,0.0001,0.4,1.0,0.25,0.05,lr1e-04_bs16_drop0p4_temp1p0_a0p25_b0p05__wd1e-04trmiss0_degmodglobal,13,0.6021016836166382,0.664297342300415,0.6944444444444444,0.8409171075837742,0.6153846153846154,0.0,0.6072528660297394,0.5680128633975983,0.09315622877329588,0.2159955184906721,0.0,0.0,0.0,0.0,0.0,18473,global,0.0
3,5,lr1e-04_bs16_drop0p4_temp1p0_a0p25_b0p05__wd1e-04trmiss0_degmodglobal,16,0.0001,0.0001,0.4,1.0,0.25,0.05,lr1e-04_bs16_drop0p4_temp1p0_a0p25_b0p05__wd1e-04trmiss0_degmodglobal,14,0.5975621044635773,0.6766448616981506,0.6666666666666666,0.8328362995029663,0.5384615384615384,0.0,0.6472566723823547,0.5703410804271698,0.07148953340947628,0.1869729906320572,0.0,0.0,0.0,0.0,0.0,18473,global,0.0
3,5,lr1e-04_bs16_drop0p4_temp1p0_a0p25_b0p05__wd1e-04trmiss0_degmodglobal,16,0.0001,0.0001,0.4,1.0,0.25,0.05,lr1e-04_bs16_drop0p4_temp1p0_a0p25_b0p05__wd1e-04trmiss0_degmodglobal,15,0.592132180929184,0.6624649167060852,0.6944444444444444,0.860614077280744,0.6153846153846154,0.0,0.5688487738370895,0.5611605048179626,0.08585664629936218,0.19015045277774334,0.0,0.0,0.0,0.0,0.0,18473,global,0.0
3,5,lr1e-04_bs16_drop0p4_temp1p0_a0p25_b0p05__wd1e-04trmiss0_degmodglobal,16,0.0001,0.0001,0.4,1.0,0.25,0.05,lr1e-04_bs16_drop0p4_temp1p0_a0p25_b0p05__wd1e-04trmiss0_degmodglobal,16,0.6029826402664185,0.6489096879959106,0.75,0.8936387686387688,0.6153846153846154,0.0,0.6010757386684418,0.5646013170480728,0.1006123535335064,0.2645648904144764,0.0,0.0,0.0,0.0,0.0,18473,global,0.0
3,5,lr1e-04_bs16_drop0p4_temp1p0_a0p25_b0p05__wd1e-04trmiss0_degmodglobal,16,0.0001,0.0001,0.4,1.0,0.25,0.05,lr1e-04_bs16_drop0p4_temp1p0_a0p25_b0p05__wd1e-04trmiss0_degmodglobal,17,0.5881697684526443,0.6511245369911194,0.75,0.8794973544973546,0.6923076923076923,0.0,0.5877364724874496,0.5539091378450394,0.08577443659305573,0.25634007528424263,0.0,0.0,0.0,0.0,0.0,18473,global,0.0
3,5,lr1e-04_bs16_drop0p4_temp1p0_a0p25_b0p05__wd1e-04trmiss0_degmodglobal,16,0.0001,0.0001,0.4,1.0,0.25,0.05,lr1e-04_bs16_drop0p4_temp1p0_a0p25_b0p05__wd1e-04trmiss0_degmodglobal,18,0.6259401738643646,0.6451806426048279,0.75,0.8794973544973546,0.6923076923076923,0.0,0.5585897117853165,0.5841067880392075,0.10202905721962452,0.32652248814702034,0.0,0.0,0.0,0.0,0.0,18473,global,0.0
3,5,lr1e-04_bs16_drop0p4_temp1p0_a0p25_b0p05__wd1e-04trmiss0_degmodglobal,16,0.0001,0.0001,0.4,1.0,0.25,0.05,lr1e-04_bs16_drop0p4_temp1p0_a0p25_b0p05__wd1e-04trmiss0_degmodglobal,19,0.5903334021568298,0.6494336724281311,0.7222222222222221,0.8686948853615521,0.6923076923076923,0.0,0.5676507502794266,0.552515909075737,0.10373876430094242,0.23765603080391884,0.0,0.0,0.0,0.0,0.0,18473,global,0.0
3,5,lr1e-04_bs16_drop0p4_temp1p0_a0p25_b0p05__wd1e-04trmiss0_degmodglobal,16,0.0001,0.0001,0.4,1.0,0.25,0.05,lr1e-04_bs16_drop0p4_temp1p0_a0p25_b0p05__wd1e-04trmiss0_degmodglobal,20,0.583529993891716,0.6394907832145691,0.7777777777777778,0.8893738977072312,0.6923076923076923,0.0,0.5839678198099136,0.5585788488388062,0.06923684431239963,0.152838833630085,0.0,0.0,0.0,0.0,0.0,18473,global,0.0
3,5,lr1e-04_bs16_drop0p4_temp1p0_a0p25_b0p05__wd1e-04trmiss0_degmodglobal,16,0.0001,0.0001,0.4,1.0,0.25,0.05,lr1e-04_bs16_drop0p4_temp1p0_a0p25_b0p05__wd1e-04trmiss0_degmodglobal,21,0.5812813490629196,0.6312881708145142,0.7777777777777777,0.9017195767195769,0.7692307692307693,0.0,0.5659857392311096,0.5423448905348778,0.10942498035728931,0.23160434141755104,0.0,0.0,0.0,0.0,0.0,18473,global,0.0
3,5,lr1e-04_bs16_drop0p4_temp1p0_a0p25_b0p05__wd1e-04trmiss0_degmodglobal,16,0.0001,0.0001,0.4,1.0,0.25,0.05,lr1e-04_bs16_drop0p4_temp1p0_a0p25_b0p05__wd1e-04trmiss0_degmodglobal,22,0.6125151515007019,0.6463618278503418,0.7777777777777777,0.9017195767195769,0.6153846153846154,0.0,0.6405529379844666,0.5790170431137085,0.08179833181202412,0.2609703652560711,0.0,0.0,0.0,0.0,0.0,18473,global,0.0
3,5,lr1e-04_bs16_drop0p4_temp1p0_a0p25_b0p05__wd1e-04trmiss0_degmodglobal,16,0.0001,0.0001,0.4,1.0,0.25,0.05,lr1e-04_bs16_drop0p4_temp1p0_a0p25_b0p05__wd1e-04trmiss0_degmodglobal,23,0.5842928439378738,0.6488106846809387,0.75,0.8794973544973546,0.7692307692307693,0.0,0.5772036164999008,0.5462840646505356,0.09986850805580616,0.2608330436050892,0.0,0.0,0.0,0.0,0.0,18473,global,0.0
3,5,lr1e-04_bs16_drop0p4_temp1p0_a0p25_b0p05__wd1e-04trmiss0_degmodglobal,16,0.0001,0.0001,0.4,1.0,0.25,0.05,lr1e-04_bs16_drop0p4_temp1p0_a0p25_b0p05__wd1e-04trmiss0_degmodglobal,24,0.5718928724527359,0.6536180377006531,0.75,0.8794973544973546,0.6923076923076923,0.0,0.558189868927002,0.5369979590177536,0.09795762412250042,0.20810994505882263,0.0,0.0,0.0,0.0,0.0,18473,global,0.0
3,5,lr1e-04_bs16_drop0p4_temp1p0_a0p25_b0p05__wd1e-04trmiss0_degmodglobal,16,0.0001,0.0001,0.4,1.0,0.25,0.05,lr1e-04_bs16_drop0p4_temp1p0_a0p25_b0p05__wd1e-04trmiss0_degmodglobal,25,0.5509691089391708,0.6484650373458862,0.75,0.8794973544973546,0.7692307692307693,0.0,0.5269142985343933,0.5176930129528046,0.09311383590102196,0.19995228946208954,0.0,0.0,0.0,0.0,0.0,18473,global,0.0
3,5,lr1e-04_bs16_drop0p4_temp1p0_a0p25_b0p05__wd1e-04trmiss0_degmodglobal,16,0.0001,0.0001,0.4,1.0,0.25,0.05,lr1e-04_bs16_drop0p4_temp1p0_a0p25_b0p05__wd1e-04trmiss0_degmodglobal,26,0.5704696178436279,0.6377996802330017,0.75,0.8794973544973546,0.7692307692307693,0.0,0.5673541724681854,0.5366031154990196,0.09638810809701681,0.19538936391472816,0.0,0.0,0.0,0.0,0.0,18473,global,0.0
3,5,lr1e-04_bs16_drop0p4_temp1p0_a0p25_b0p05__wd1e-04trmiss0_degmodglobal,16,0.0001,0.0001,0.4,1.0,0.25,0.05,lr1e-04_bs16_drop0p4_temp1p0_a0p25_b0p05__wd1e-04trmiss0_degmodglobal,27,0.5554374009370804,0.6282671093940735,0.8055555555555556,0.9202380952380953,0.7692307692307693,0.0,0.5673064887523651,0.5223428159952164,0.08728492259979248,0.2254674043506384,0.0,0.0,0.0,0.0,0.0,18473,global,0.0
3,5,lr1e-04_bs16_drop0p4_temp1p0_a0p25_b0p05__wd1e-04trmiss0_degmodglobal,16,0.0001,0.0001,0.4,1.0,0.25,0.05,lr1e-04_bs16_drop0p4_temp1p0_a0p25_b0p05__wd1e-04trmiss0_degmodglobal,28,0.5999754667282104,0.6304489374160767,0.8055555555555556,0.9202380952380953,0.6923076923076923,0.0,0.6062380820512772,0.5680245012044907,0.08378233015537262,0.2201072983443737,0.0,0.0,0.0,0.0,0.0,18473,global,0.0
3,5,lr1e-04_bs16_drop0p4_temp1p0_a0p25_b0p05__wd1e-04trmiss0_degmodglobal,16,0.0001,0.0001,0.4,1.0,0.25,0.05,lr1e-04_bs16_drop0p4_temp1p0_a0p25_b0p05__wd1e-04trmiss0_degmodglobal,29,0.5850940495729446,0.6302857995033264,0.8333333333333333,0.9361111111111113,0.7692307692307693,0.0,0.5330401286482811,0.5489992797374725,0.09461081400513649,0.2488413155078888,0.0,0.0,0.0,0.0,0.0,18473,global,0.0
3,5,lr1e-04_bs16_drop0p4_temp1p0_a0p25_b0p05__wd1e-04trmiss0_degmodglobal,16,0.0001,0.0001,0.4,1.0,0.25,0.05,lr1e-04_bs16_drop0p4_temp1p0_a0p25_b0p05__wd1e-04trmiss0_degmodglobal,30,0.5505639761686325,0.6086019277572632,0.8888888888888888,0.9598765432098768,0.8461538461538461,0.0,0.5940091609954834,0.5171904042363167,0.0836477056145668,0.2492331527173519,0.0,0.0,0.0,0.0,0.0,18473,global,0.0
3,5,lr1e-04_bs16_drop0p4_temp1p0_a0p25_b0p05__wd1e-04trmiss0_degmodglobal,16,0.0001,0.0001,0.4,1.0,0.25,0.05,lr1e-04_bs16_drop0p4_temp1p0_a0p25_b0p05__wd1e-04trmiss0_degmodglobal,31,0.5801902860403061,0.6086149215698242,0.8888888888888888,0.9598765432098768,0.8461538461538461,0.0,0.5748333930969238,0.5469187274575233,0.09052785113453865,0.2127914372831583,0.0,0.0,0.0,0.0,0.0,18473,global,0.0
3,5,lr1e-04_bs16_drop0p4_temp1p0_a0p25_b0p05__wd1e-04trmiss0_degmodglobal,16,0.0001,0.0001,0.4,1.0,0.25,0.05,lr1e-04_bs16_drop0p4_temp1p0_a0p25_b0p05__wd1e-04trmiss0_degmodglobal,32,0.5623583495616913,0.6084203720092773,0.8888888888888888,0.9598765432098768,0.8461538461538461,0.0,0.5775430053472519,0.5280885845422745,0.09773604944348335,0.19671540707349777,0.0,0.0,0.0,0.0,0.0,18473,global,0.0
3,5,lr1e-04_bs16_drop0p4_temp1p0_a0p25_b0p05__wd1e-04trmiss0_degmodglobal,16,0.0001,0.0001,0.4,1.0,0.25,0.05,lr1e-04_bs16_drop0p4_temp1p0_a0p25_b0p05__wd1e-04trmiss0_degmodglobal,33,0.5599504858255386,0.6141353845596313,0.8888888888888888,0.9598765432098768,0.7692307692307693,0.0,0.6017005443572998,0.5319657176733017,0.07444434985518456,0.18747366778552532,0.0,0.0,0.0,0.0,0.0,18473,global,0.0
3,5,lr1e-04_bs16_drop0p4_temp1p0_a0p25_b0p05__wd1e-04trmiss0_degmodglobal,16,0.0001,0.0001,0.4,1.0,0.25,0.05,lr1e-04_bs16_drop0p4_temp1p0_a0p25_b0p05__wd1e-04trmiss0_degmodglobal,34,0.5150357931852341,0.6131404042243958,0.861111111111111,0.9459876543209877,0.8461538461538461,0.0,0.5169138088822365,0.4818296879529953,0.10025853104889393,0.16282948292791843,0.0,0.0,0.0,0.0,0.0,18473,global,0.0
3,5,lr1e-04_bs16_drop0p4_temp1p0_a0p25_b0p05__wd1e-04trmiss0_degmodglobal,16,0.0001,0.0001,0.4,1.0,0.25,0.05,lr1e-04_bs16_drop0p4_temp1p0_a0p25_b0p05__wd1e-04trmiss0_degmodglobal,35,0.5618906617164612,0.6167934536933899,0.8888888888888888,0.9598765432098768,0.7692307692307693,0.0,0.5624058768153191,0.5239146798849106,0.10341410804539919,0.24244911782443523,0.0,0.0,0.0,0.0,0.0,18473,global,0.0
3,5,lr1e-04_bs16_drop0p4_temp1p0_a0p25_b0p05__wd1e-04trmiss0_degmodglobal,16,0.0001,0.0001,0.4,1.0,0.25,0.05,lr1e-04_bs16_drop0p4_temp1p0_a0p25_b0p05__wd1e-04trmiss0_degmodglobal,36,0.5511230826377869,0.6250380277633667,0.8888888888888888,0.9598765432098768,0.7692307692307693,0.0,0.5517681539058685,0.51689013838768,0.09140397049486637,0.22763893380761147,0.0,0.0,0.0,0.0,0.0,18473,global,0.0
3,5,lr1e-04_bs16_drop0p4_temp1p0_a0p25_b0p05__wd1e-04trmiss0_degmodglobal,16,0.0001,0.0001,0.4,1.0,0.25,0.05,lr1e-04_bs16_drop0p4_temp1p0_a0p25_b0p05__wd1e-04trmiss0_degmodglobal,37,0.5726839303970337,0.6410226225852966,0.8055555555555556,0.9115961199294533,0.6153846153846154,0.0,0.5963228493928909,0.5380663871765137,0.09098915942013264,0.2374052293598652,0.0,0.0,0.0,0.0,0.0,18473,global,0.0
3,5,lr1e-04_bs16_drop0p4_temp1p0_a0p25_b0p05__wd1e-04trmiss0_degmodglobal,16,0.0001,0.0001,0.4,1.0,0.25,0.05,lr1e-04_bs16_drop0p4_temp1p0_a0p25_b0p05__wd1e-04trmiss0_degmodglobal,38,0.5598223209381104,0.6469282507896423,0.8055555555555556,0.9115961199294533,0.5384615384615384,0.0,0.5525432825088501,0.5240231454372406,0.10013736039400101,0.2152970302850008,0.0,0.0,0.0,0.0,0.0,18473,global,0.0
3,5,lr1e-04_bs16_drop0p4_temp1p0_a0p25_b0p05__wd1e-04trmiss0_degmodglobal,16,0.0001,0.0001,0.4,1.0,0.25,0.05,lr1e-04_bs16_drop0p4_temp1p0_a0p25_b0p05__wd1e-04trmiss0_degmodglobal,39,0.5801684111356735,0.6421341896057129,0.8055555555555556,0.9202380952380953,0.6923076923076923,0.0,0.5170348957180977,0.5386024937033653,0.11218663863837719,0.2703852690756321,0.0,0.0,0.0,0.0,0.0,18473,global,0.0
3,5,lr1e-04_bs16_drop0p4_temp1p0_a0p25_b0p05__wd1e-04trmiss0_degmodglobal,16,0.0001,0.0001,0.4,1.0,0.25,0.05,lr1e-04_bs16_drop0p4_temp1p0_a0p25_b0p05__wd1e-04trmiss0_degmodglobal,40,0.5354530736804008,0.6380159854888916,0.8333333333333333,0.9361111111111113,0.6923076923076923,0.0,0.5420749634504318,0.5066616162657738,0.0830958653241396,0.16034969687461853,0.0,0.0,0.0,0.0,0.0,18473,global,0.0
3,5,lr1e-04_bs16_drop0p4_temp1p0_a0p25_b0p05__wd1e-04trmiss0_degmodglobal,16,0.0001,0.0001,0.4,1.0,0.25,0.05,lr1e-04_bs16_drop0p4_temp1p0_a0p25_b0p05__wd1e-04trmiss0_degmodglobal,41,0.5289862006902695,0.623336136341095,0.8333333333333333,0.9361111111111113,0.6923076923076923,0.0,0.5457654595375061,0.49036066979169846,0.10507218167185783,0.2471495121717453,0.0,0.0,0.0,0.0,0.0,18473,global,0.0
3,5,lr1e-04_bs16_drop0p4_temp1p0_a0p25_b0p05__wd1e-04trmiss0_degmodglobal,16,0.0001,0.0001,0.4,1.0,0.25,0.05,lr1e-04_bs16_drop0p4_temp1p0_a0p25_b0p05__wd1e-04trmiss0_degmodglobal,42,0.5223909616470337,0.6258828043937683,0.861111111111111,0.9459876543209877,0.6923076923076923,0.0,0.5279468297958374,0.488223597407341,0.09556320123374462,0.2055310755968094,0.0,0.0,0.0,0.0,0.0,18473,global,0.0
3,5,lr1e-04_bs16_drop0p4_temp1p0_a0p25_b0p05__wd1e-04trmiss0_degmodglobal,16,0.0001,0.0001,0.4,1.0,0.25,0.05,lr1e-04_bs16_drop0p4_temp1p0_a0p25_b0p05__wd1e-04trmiss0_degmodglobal,43,0.5214772671461105,0.6237749457359314,0.861111111111111,0.9459876543209877,0.6923076923076923,0.0,0.5181615427136421,0.49093197286129,0.08543703891336918,0.1837206408381462,0.0,0.0,0.0,0.0,0.0,18473,global,0.0
3,5,lr1e-04_bs16_drop0p4_temp1p0_a0p25_b0p05__wd1e-04trmiss0_degmodglobal,16,0.0001,0.0001,0.4,1.0,0.25,0.05,lr1e-04_bs16_drop0p4_temp1p0_a0p25_b0p05__wd1e-04trmiss0_degmodglobal,44,0.5358596295118332,0.627653956413269,0.8333333333333333,0.9301146384479719,0.6923076923076923,0.0,0.5106140971183777,0.5000937059521675,0.10086082853376865,0.21101418510079384,0.0,0.0,0.0,0.0,0.0,18473,global,0.0
3,5,lr1e-04_bs16_drop0p4_temp1p0_a0p25_b0p05__wd1e-04trmiss0_degmodglobal,16,0.0001,0.0001,0.4,1.0,0.25,0.05,lr1e-04_bs16_drop0p4_temp1p0_a0p25_b0p05__wd1e-04trmiss0_degmodglobal,45,0.5141397714614868,0.62982177734375,0.8333333333333333,0.9301146384479719,0.6923076923076923,0.0,0.5031304508447647,0.47440335154533386,0.10725411213934422,0.2584576979279518,0.0,0.0,0.0,0.0,0.0,18473,global,0.0
3,5,lr1e-04_bs16_drop0p4_temp1p0_a0p25_b0p05__wd1e-04trmiss0_degmodglobal,16,0.0001,0.0001,0.4,1.0,0.25,0.05,lr1e-04_bs16_drop0p4_temp1p0_a0p25_b0p05__wd1e-04trmiss0_degmodglobal,46,0.5470725297927856,0.6376219987869263,0.8333333333333333,0.9361111111111113,0.6923076923076923,0.0,0.5456422418355942,0.5096564963459969,0.1066217739135027,0.21521172113716602,0.0,0.0,0.0,0.0,0.0,18473,global,0.0
3,5,lr1e-04_bs16_drop0p4_temp1p0_a0p25_b0p05__wd1e-04trmiss0_degmodglobal,16,0.0001,0.0001,0.4,1.0,0.25,0.05,lr1e-04_bs16_drop0p4_temp1p0_a0p25_b0p05__wd1e-04trmiss0_degmodglobal,47,0.5566914454102516,0.6385756731033325,0.8333333333333333,0.9361111111111113,0.6923076923076923,0.0,0.5045634657144547,0.5150106698274612,0.1122238077223301,0.27249646186828613,0.0,0.0,0.0,0.0,0.0,18473,global,0.0
3,5,lr1e-04_bs16_drop0p4_temp1p0_a0p25_b0p05__wd1e-04trmiss0_degmodglobal,16,0.0001,0.0001,0.4,1.0,0.25,0.05,lr1e-04_bs16_drop0p4_temp1p0_a0p25_b0p05__wd1e-04trmiss0_degmodglobal,48,0.5583307892084122,0.6411561369895935,0.8055555555555556,0.9280303030303032,0.6923076923076923,0.0,0.5042223930358887,0.517713338136673,0.12104359455406666,0.2071310537867248,0.0,0.0,0.0,0.0,0.0,18473,global,0.0
3,5,lr1e-04_bs16_drop0p4_temp1p0_a0p25_b0p05__wd1e-04trmiss0_degmodglobal,16,0.0001,0.0001,0.4,1.0,0.25,0.05,lr1e-04_bs16_drop0p4_temp1p0_a0p25_b0p05__wd1e-04trmiss0_degmodglobal,49,0.5200609415769577,0.6451737284660339,0.7777777777777778,0.9121572871572874,0.6923076923076923,0.0,0.5352628380060196,0.4823952317237854,0.10337712615728378,0.23642883822321892,0.0,0.0,0.0,0.0,0.0,18473,global,0.0
3,5,lr1e-04_bs16_drop0p4_temp1p0_a0p25_b0p05__wd1e-04trmiss0_degmodglobal,16,0.0001,0.0001,0.4,1.0,0.25,0.05,lr1e-04_bs16_drop0p4_temp1p0_a0p25_b0p05__wd1e-04trmiss0_degmodglobal,50,0.5508791878819466,0.6511911749839783,0.7777777777777778,0.9121572871572874,0.6923076923076923,0.0,0.5708361119031906,0.4993218183517456,0.1373465396463871,0.3444148190319538,0.0,0.0,0.0,0.0,0.0,18473,global,0.0
3,5,lr1e-04_bs16_drop0p4_temp1p0_a0p25_b0p05__wd1e-04trmiss0_degmodglobal,16,0.0001,0.0001,0.4,1.0,0.25,0.05,lr1e-04_bs16_drop0p4_temp1p0_a0p25_b0p05__wd1e-04trmiss0_degmodglobal,51,0.5457213744521141,0.6493971347808838,0.7777777777777778,0.9121572871572874,0.6923076923076923,0.0,0.5051630809903145,0.5052651762962341,0.10950963944196701,0.26157595589756966,0.0,0.0,0.0,0.0,0.0,18473,global,0.0
3,5,lr1e-04_bs16_drop0p4_temp1p0_a0p25_b0p05__wd1e-04trmiss0_degmodglobal,16,0.0001,0.0001,0.4,1.0,0.25,0.05,lr1e-04_bs16_drop0p4_temp1p0_a0p25_b0p05__wd1e-04trmiss0_degmodglobal,52,0.5292019248008728,0.6468501687049866,0.7777777777777778,0.9121572871572874,0.6923076923076923,0.0,0.4871734082698822,0.49286820739507675,0.100838927552104,0.2224799431860447,0.0,0.0,0.0,0.0,0.0,18473,global,0.0
3,5,lr1e-04_bs16_drop0p4_temp2p0_a0p25_b0p05__wd1e-04trmiss0_degmodglobal,16,0.0001,0.0001,0.4,2.0,0.25,0.05,lr1e-04_bs16_drop0p4_temp2p0_a0p25_b0p05__wd1e-04trmiss0_degmodglobal,1,0.7341315150260925,0.674610435962677,0.6111111111111112,0.7364197530864198,0.6923076923076923,0.0,0.7007364481687546,0.710333913564682,0.06721966899931431,0.13985369354486465,0.0,0.0,0.0,0.0,0.0,18473,global,0.0
3,5,lr1e-04_bs16_drop0p4_temp2p0_a0p25_b0p05__wd1e-04trmiss0_degmodglobal,16,0.0001,0.0001,0.4,2.0,0.25,0.05,lr1e-04_bs16_drop0p4_temp2p0_a0p25_b0p05__wd1e-04trmiss0_degmodglobal,2,0.6723153442144394,0.6715538501739502,0.6388888888888888,0.7974698141364809,0.6923076923076923,0.0,0.6879637092351913,0.6495512276887894,0.058246076107025146,0.16405225545167923,0.0,0.0,0.0,0.0,0.0,18473,global,0.0
3,5,lr1e-04_bs16_drop0p4_temp2p0_a0p25_b0p05__wd1e-04trmiss0_degmodglobal,16,0.0001,0.0001,0.4,2.0,0.25,0.05,lr1e-04_bs16_drop0p4_temp2p0_a0p25_b0p05__wd1e-04trmiss0_degmodglobal,3,0.7135379910469055,0.6763169169425964,0.6111111111111112,0.785565052231719,0.6923076923076923,0.0,0.7005327492952347,0.6871626526117325,0.07252551056444645,0.16487917304039001,0.0,0.0,0.0,0.0,0.0,18473,global,0.0
3,5,lr1e-04_bs16_drop0p4_temp2p0_a0p25_b0p05__wd1e-04trmiss0_degmodglobal,16,0.0001,0.0001,0.4,2.0,0.25,0.05,lr1e-04_bs16_drop0p4_temp2p0_a0p25_b0p05__wd1e-04trmiss0_degmodglobal,4,0.6948731690645218,0.6753277778625488,0.5833333333333333,0.782654999321666,0.6153846153846154,0.0,0.6769838184118271,0.6727761328220367,0.056556389667093754,0.15915843471884727,0.0,0.0,0.0,0.0,0.0,18473,global,0.0
3,5,lr1e-04_bs16_drop0p4_temp2p0_a0p25_b0p05__wd1e-04trmiss0_degmodglobal,16,0.0001,0.0001,0.4,2.0,0.25,0.05,lr1e-04_bs16_drop0p4_temp2p0_a0p25_b0p05__wd1e-04trmiss0_degmodglobal,5,0.643996462225914,0.6733288168907166,0.5833333333333333,0.782654999321666,0.6153846153846154,0.0,0.5950786024332047,0.6250962167978287,0.05194453988224268,0.11828182265162468,0.0,0.0,0.0,0.0,0.0,18473,global,0.0
3,5,lr1e-04_bs16_drop0p4_temp2p0_a0p25_b0p05__wd1e-04trmiss0_degmodglobal,16,0.0001,0.0001,0.4,2.0,0.25,0.05,lr1e-04_bs16_drop0p4_temp2p0_a0p25_b0p05__wd1e-04trmiss0_degmodglobal,6,0.6940234303474426,0.6624336242675781,0.638888888888889,0.8474698141364809,0.6153846153846154,0.0,0.6041811406612396,0.6687763333320618,0.06405742559581995,0.18465516343712807,0.0,0.0,0.0,0.0,0.0,18473,global,0.0
3,5,lr1e-04_bs16_drop0p4_temp2p0_a0p25_b0p05__wd1e-04trmiss0_degmodglobal,16,0.0001,0.0001,0.4,2.0,0.25,0.05,lr1e-04_bs16_drop0p4_temp2p0_a0p25_b0p05__wd1e-04trmiss0_degmodglobal,7,0.6422728598117828,0.6553950309753418,0.6666666666666667,0.8696920363587031,0.6153846153846154,0.0,0.6268236339092255,0.6172772347927094,0.06997604016214609,0.15003246255218983,0.0,0.0,0.0,0.0,0.0,18473,global,0.0
3,5,lr1e-04_bs16_drop0p4_temp2p0_a0p25_b0p05__wd1e-04trmiss0_degmodglobal,16,0.0001,0.0001,0.4,2.0,0.25,0.05,lr1e-04_bs16_drop0p4_temp2p0_a0p25_b0p05__wd1e-04trmiss0_degmodglobal,8,0.6309458911418915,0.6505917906761169,0.7777777777777777,0.9188983855650523,0.6153846153846154,0.0,0.5822709947824478,0.6092274785041809,0.058188870549201965,0.14342393353581429,0.0,0.0,0.0,0.0,0.0,18473,global,0.0
3,5,lr1e-04_bs16_drop0p4_temp2p0_a0p25_b0p05__wd1e-04trmiss0_degmodglobal,16,0.0001,0.0001,0.4,2.0,0.25,0.05,lr1e-04_bs16_drop0p4_temp2p0_a0p25_b0p05__wd1e-04trmiss0_degmodglobal,9,0.6417516767978668,0.6506330370903015,0.8055555555555556,0.9253086419753087,0.6153846153846154,0.0,0.587257519364357,0.6132706701755524,0.07595651876181364,0.18983757868409157,0.0,0.0,0.0,0.0,0.0,18473,global,0.0
3,5,lr1e-04_bs16_drop0p4_temp2p0_a0p25_b0p05__wd1e-04trmiss0_degmodglobal,16,0.0001,0.0001,0.4,2.0,0.25,0.05,lr1e-04_bs16_drop0p4_temp2p0_a0p25_b0p05__wd1e-04trmiss0_degmodglobal,10,0.6762194931507111,0.6601231694221497,0.75,0.897530864197531,0.6153846153846154,0.0,0.5784002393484116,0.642346516251564,0.08517747465521097,0.2515721507370472,0.0,0.0,0.0,0.0,0.0,18473,global,0.0
3,5,lr1e-04_bs16_drop0p4_temp2p0_a0p25_b0p05__wd1e-04trmiss0_degmodglobal,16,0.0001,0.0001,0.4,2.0,0.25,0.05,lr1e-04_bs16_drop0p4_temp2p0_a0p25_b0p05__wd1e-04trmiss0_degmodglobal,11,0.6651859432458878,0.6652688384056091,0.6666666666666666,0.8577040243706913,0.6153846153846154,0.0,0.614699587225914,0.6308442801237106,0.09153643622994423,0.22915105521678925,0.0,0.0,0.0,0.0,0.0,18473,global,0.0
3,5,lr1e-04_bs16_drop0p4_temp2p0_a0p25_b0p05__wd1e-04trmiss0_degmodglobal,16,0.0001,0.0001,0.4,2.0,0.25,0.05,lr1e-04_bs16_drop0p4_temp2p0_a0p25_b0p05__wd1e-04trmiss0_degmodglobal,12,0.6053097397089005,0.6739292144775391,0.5833333333333333,0.770666987333654,0.5384615384615384,0.0,0.5828349888324738,0.5810929983854294,0.06451379973441362,0.16176590509712696,0.0,0.0,0.0,0.0,0.0,18473,global,0.0
3,5,lr1e-04_bs16_drop0p4_temp2p0_a0p25_b0p05__wd1e-04trmiss0_degmodglobal,16,0.0001,0.0001,0.4,2.0,0.25,0.05,lr1e-04_bs16_drop0p4_temp2p0_a0p25_b0p05__wd1e-04trmiss0_degmodglobal,13,0.6693677306175232,0.6651999354362488,0.5833333333333333,0.770666987333654,0.6153846153846154,0.0,0.547682598233223,0.6252186298370361,0.11952078714966774,0.285378135740757,0.0,0.0,0.0,0.0,0.0,18473,global,0.0
3,5,lr1e-04_bs16_drop0p4_temp2p0_a0p25_b0p05__wd1e-04trmiss0_degmodglobal,16,0.0001,0.0001,0.4,2.0,0.25,0.05,lr1e-04_bs16_drop0p4_temp2p0_a0p25_b0p05__wd1e-04trmiss0_degmodglobal,14,0.6450531184673309,0.6579347848892212,0.6111111111111112,0.7838945005611673,0.6153846153846154,0.0,0.564794659614563,0.6047704517841339,0.11596320942044258,0.22583750635385513,0.0,0.0,0.0,0.0,0.0,18473,global,0.0
3,5,lr1e-04_bs16_drop0p4_temp2p0_a0p25_b0p05__wd1e-04trmiss0_degmodglobal,16,0.0001,0.0001,0.4,2.0,0.25,0.05,lr1e-04_bs16_drop0p4_temp2p0_a0p25_b0p05__wd1e-04trmiss0_degmodglobal,15,0.6153435856103897,0.6524920463562012,0.6944444444444444,0.860614077280744,0.6153846153846154,0.0,0.5575934648513794,0.5833737850189209,0.08692082948982716,0.20479191467165947,0.0,0.0,0.0,0.0,0.0,18473,global,0.0
3,5,lr1e-04_bs16_drop0p4_temp2p0_a0p25_b0p05__wd1e-04trmiss0_degmodglobal,16,0.0001,0.0001,0.4,2.0,0.25,0.05,lr1e-04_bs16_drop0p4_temp2p0_a0p25_b0p05__wd1e-04trmiss0_degmodglobal,16,0.6499066352844238,0.6518099904060364,0.75,0.9013548180214848,0.6153846153846154,0.0,0.555045947432518,0.6081898361444473,0.11597876716405153,0.25444195605814457,0.0,0.0,0.0,0.0,0.0,18473,global,0.0
3,5,lr1e-04_bs16_drop0p4_temp2p0_a0p25_b0p05__wd1e-04trmiss0_degmodglobal,16,0.0001,0.0001,0.4,2.0,0.25,0.05,lr1e-04_bs16_drop0p4_temp2p0_a0p25_b0p05__wd1e-04trmiss0_degmodglobal,17,0.6319973021745682,0.6473543047904968,0.75,0.9013548180214848,0.6153846153846154,0.0,0.5187340155243874,0.5891788452863693,0.10743829235434532,0.31917814165353775,0.0,0.0,0.0,0.0,0.0,18473,global,0.0
3,5,lr1e-04_bs16_drop0p4_temp2p0_a0p25_b0p05__wd1e-04trmiss0_degmodglobal,16,0.0001,0.0001,0.4,2.0,0.25,0.05,lr1e-04_bs16_drop0p4_temp2p0_a0p25_b0p05__wd1e-04trmiss0_degmodglobal,18,0.6284397691488266,0.6491772532463074,0.7777777777777778,0.9172278338945008,0.6153846153846154,0.0,0.5631555318832397,0.595507875084877,0.09388731047511101,0.1892012469470501,0.0,0.0,0.0,0.0,0.0,18473,global,0.0
3,5,lr1e-04_bs16_drop0p4_temp2p0_a0p25_b0p05__wd1e-04trmiss0_degmodglobal,16,0.0001,0.0001,0.4,2.0,0.25,0.05,lr1e-04_bs16_drop0p4_temp2p0_a0p25_b0p05__wd1e-04trmiss0_degmodglobal,19,0.62968809902668,0.6425960659980774,0.8055555555555556,0.9253086419753087,0.6153846153846154,0.0,0.5195258855819702,0.5909920334815979,0.10694541595876217,0.2391942646354437,0.0,0.0,0.0,0.0,0.0,18473,global,0.0
3,5,lr1e-04_bs16_drop0p4_temp2p0_a0p25_b0p05__wd1e-04trmiss0_degmodglobal,16,0.0001,0.0001,0.4,2.0,0.25,0.05,lr1e-04_bs16_drop0p4_temp2p0_a0p25_b0p05__wd1e-04trmiss0_degmodglobal,20,0.6436507552862167,0.6400073170661926,0.7777777777777778,0.9172278338945008,0.6153846153846154,0.0,0.520021490752697,0.5962502360343933,0.1288648247718811,0.30368581786751747,0.0,0.0,0.0,0.0,0.0,18473,global,0.0
3,5,lr1e-04_bs16_drop0p4_temp2p0_a0p25_b0p05__wd1e-04trmiss0_degmodglobal,16,0.0001,0.0001,0.4,2.0,0.25,0.05,lr1e-04_bs16_drop0p4_temp2p0_a0p25_b0p05__wd1e-04trmiss0_degmodglobal,21,0.6535861194133759,0.6549162268638611,0.7777777777777778,0.9172278338945008,0.6153846153846154,0.0,0.5878163278102875,0.6294184178113937,0.06399054732173681,0.1634017415344715,0.0,0.0,0.0,0.0,0.0,18473,global,0.0
3,5,lr1e-04_bs16_drop0p4_temp2p0_a0p25_b0p05__wd1e-04trmiss0_degmodglobal,16,0.0001,0.0001,0.4,2.0,0.25,0.05,lr1e-04_bs16_drop0p4_temp2p0_a0p25_b0p05__wd1e-04trmiss0_degmodglobal,22,0.6421962678432465,0.6623131632804871,0.75,0.9108175774842442,0.6153846153846154,0.0,0.5609319731593132,0.6148898899555206,0.07143377978354692,0.1889586467295885,0.0,0.0,0.0,0.0,0.0,18473,global,0.0
3,5,lr1e-04_bs16_drop0p4_temp2p0_a0p25_b0p05__wd1e-04trmiss0_degmodglobal,16,0.0001,0.0001,0.4,2.0,0.25,0.05,lr1e-04_bs16_drop0p4_temp2p0_a0p25_b0p05__wd1e-04trmiss0_degmodglobal,23,0.6496076881885529,0.6641972064971924,0.6944444444444444,0.8830397997064665,0.6153846153846154,0.0,0.5400023087859154,0.6101714968681335,0.10603326465934515,0.25855727307498455,0.0,0.0,0.0,0.0,0.0,18473,global,0.0
3,5,lr1e-04_bs16_drop0p4_temp2p0_a0p25_b0p05__wd1e-04trmiss0_degmodglobal,16,0.0001,0.0001,0.4,2.0,0.25,0.05,lr1e-04_bs16_drop0p4_temp2p0_a0p25_b0p05__wd1e-04trmiss0_degmodglobal,24,0.6601222306489944,0.6611475944519043,0.6944444444444444,0.8764260430927098,0.6153846153846154,0.0,0.5105811581015587,0.6158613115549088,0.11092701740562916,0.33058346435427666,0.0,0.0,0.0,0.0,0.0,18473,global,0.0
3,5,lr1e-04_bs16_drop0p4_temp2p0_a0p25_b0p05__wd1e-04trmiss0_degmodglobal,16,0.0001,0.0001,0.4,2.0,0.25,0.05,lr1e-04_bs16_drop0p4_temp2p0_a0p25_b0p05__wd1e-04trmiss0_degmodglobal,25,0.6974618136882782,0.6620444655418396,0.6944444444444444,0.8764260430927098,0.6153846153846154,0.0,0.5663532912731171,0.6566294282674789,0.10372082889080048,0.29804370552301407,0.0,0.0,0.0,0.0,0.0,18473,global,0.0
3,5,lr1e-04_bs16_drop0p4_temp2p0_a0p25_b0p05__wd1e-04trmiss0_degmodglobal,16,0.0001,0.0001,0.4,2.0,0.25,0.05,lr1e-04_bs16_drop0p4_temp2p0_a0p25_b0p05__wd1e-04trmiss0_degmodglobal,26,0.6090318113565445,0.6573411226272583,0.6944444444444444,0.8764260430927098,0.6153846153846154,0.0,0.5318151414394379,0.580861896276474,0.07176341582089663,0.20458141714334488,0.0,0.0,0.0,0.0,0.0,18473,global,0.0
3,5,lr1e-04_bs16_drop0p4_temp2p0_a0p25_b0p05__wd1e-04trmiss0_degmodglobal,16,0.0001,0.0001,0.4,2.0,0.25,0.05,lr1e-04_bs16_drop0p4_temp2p0_a0p25_b0p05__wd1e-04trmiss0_degmodglobal,27,0.6286222338676453,0.6493270993232727,0.6944444444444444,0.8882105548772217,0.6153846153846154,0.0,0.5633443295955658,0.5962979793548584,0.07654101215302944,0.26378054544329643,0.0,0.0,0.0,0.0,0.0,18473,global,0.0
3,5,lr1e-04_bs16_drop0p4_temp2p0_a0p25_b0p05__wd1e-04trmiss0_degmodglobal,16,0.0001,0.0001,0.4,2.0,0.25,0.05,lr1e-04_bs16_drop0p4_temp2p0_a0p25_b0p05__wd1e-04trmiss0_degmodglobal,28,0.6020046323537827,0.644570529460907,0.7222222222222222,0.9040835707502375,0.6153846153846154,0.0,0.5120868012309074,0.5764096081256866,0.06893813982605934,0.16720987111330032,0.0,0.0,0.0,0.0,0.0,18473,global,0.0
3,5,lr1e-04_bs16_drop0p4_temp2p0_a0p25_b0p05__wd1e-04trmiss0_degmodglobal,16,0.0001,0.0001,0.4,2.0,0.25,0.05,lr1e-04_bs16_drop0p4_temp2p0_a0p25_b0p05__wd1e-04trmiss0_degmodglobal,29,0.631107434630394,0.6413071155548096,0.7222222222222222,0.9040835707502375,0.6153846153846154,0.0,0.500028982758522,0.5932534486055374,0.10117534175515175,0.2512030117213726,0.0,0.0,0.0,0.0,0.0,18473,global,0.0
3,5,lr1e-04_bs16_drop0p4_temp2p0_a0p25_b0p05__wd1e-04trmiss0_degmodglobal,16,0.0001,0.0001,0.4,2.0,0.25,0.05,lr1e-04_bs16_drop0p4_temp2p0_a0p25_b0p05__wd1e-04trmiss0_degmodglobal,30,0.6011633276939392,0.6405941843986511,0.7222222222222222,0.9040835707502375,0.6153846153846154,0.0,0.519645169377327,0.5692374557256699,0.0779282171279192,0.24887637794017792,0.0,0.0,0.0,0.0,0.0,18473,global,0.0
3,5,lr1e-04_bs16_drop0p4_temp2p0_a0p25_b0p05__wd1e-04trmiss0_degmodglobal,16,0.0001,0.0001,0.4,2.0,0.25,0.05,lr1e-04_bs16_drop0p4_temp2p0_a0p25_b0p05__wd1e-04trmiss0_degmodglobal,31,0.6481514126062393,0.6402344703674316,0.75,0.9108175774842442,0.6923076923076923,0.0,0.49237294495105743,0.6033301204442978,0.10761401243507862,0.3583557605743408,0.0,0.0,0.0,0.0,0.0,18473,global,0.0
3,5,lr1e-04_bs16_drop0p4_temp2p0_a0p25_b0p05__wd1e-04trmiss0_degmodglobal,16,0.0001,0.0001,0.4,2.0,0.25,0.05,lr1e-04_bs16_drop0p4_temp2p0_a0p25_b0p05__wd1e-04trmiss0_degmodglobal,32,0.6641390919685364,0.6364094614982605,0.7777777777777778,0.9172278338945008,0.6923076923076923,0.0,0.5235822945833206,0.6264179646968842,0.0982922725379467,0.26296154223382473,0.0,0.0,0.0,0.0,0.0,18473,global,0.0
3,5,lr1e-04_bs16_drop0p4_temp2p0_a0p25_b0p05__wd1e-04trmiss0_degmodglobal,16,0.0001,0.0001,0.4,2.0,0.25,0.05,lr1e-04_bs16_drop0p4_temp2p0_a0p25_b0p05__wd1e-04trmiss0_degmodglobal,33,0.5753184705972672,0.6344702839851379,0.7777777777777778,0.9172278338945008,0.6153846153846154,0.0,0.49117906391620636,0.5369169116020203,0.1027077566832304,0.2544921301305294,0.0,0.0,0.0,0.0,0.0,18473,global,0.0
3,5,lr1e-04_bs16_drop0p4_temp2p0_a0p25_b0p05__wd1e-04trmiss0_degmodglobal,16,0.0001,0.0001,0.4,2.0,0.25,0.05,lr1e-04_bs16_drop0p4_temp2p0_a0p25_b0p05__wd1e-04trmiss0_degmodglobal,34,0.6324558854103088,0.6351218819618225,0.7777777777777778,0.9172278338945008,0.6153846153846154,0.0,0.541467472910881,0.5951614230871201,0.09559733280912042,0.2679027169942856,0.0,0.0,0.0,0.0,0.0,18473,global,0.0
3,5,lr1e-04_bs16_drop0p4_temp2p0_a0p25_b0p05__wd1e-04trmiss0_degmodglobal,16,0.0001,0.0001,0.4,2.0,0.25,0.05,lr1e-04_bs16_drop0p4_temp2p0_a0p25_b0p05__wd1e-04trmiss0_degmodglobal,35,0.6066089272499084,0.6334227323532104,0.8055555555555556,0.9280303030303032,0.6923076923076923,0.0,0.5169630348682404,0.5705518126487732,0.10020552389323711,0.22011447325348854,0.0,0.0,0.0,0.0,0.0,18473,global,0.0
3,5,lr1e-04_bs16_drop0p4_temp2p0_a0p25_b0p05__wd1e-04trmiss0_degmodglobal,16,0.0001,0.0001,0.4,2.0,0.25,0.05,lr1e-04_bs16_drop0p4_temp2p0_a0p25_b0p05__wd1e-04trmiss0_degmodglobal,36,0.6298261135816574,0.6359957456588745,0.7777777777777778,0.9172278338945008,0.6923076923076923,0.0,0.4991757273674011,0.5819315761327744,0.11933555640280247,0.36121271178126335,0.0,0.0,0.0,0.0,0.0,18473,global,0.0
3,5,lr1e-04_bs16_drop0p4_temp2p0_a0p25_b0p05__wd1e-04trmiss0_degmodglobal,16,0.0001,0.0001,0.4,2.0,0.25,0.05,lr1e-04_bs16_drop0p4_temp2p0_a0p25_b0p05__wd1e-04trmiss0_degmodglobal,37,0.5963543802499771,0.6352735161781311,0.8055555555555556,0.9280303030303032,0.6923076923076923,0.0,0.5072985589504242,0.5624165683984756,0.0916764959692955,0.22037412598729134,0.0,0.0,0.0,0.0,0.0,18473,global,0.0
3,5,lr1e-04_bs16_drop0p4_temp2p0_a0p25_b0p05__wd1e-04trmiss0_degmodglobal,16,0.0001,0.0001,0.4,2.0,0.25,0.05,lr1e-04_bs16_drop0p4_temp2p0_a0p25_b0p05__wd1e-04trmiss0_degmodglobal,38,0.5991595685482025,0.6403289437294006,0.8055555555555556,0.9280303030303032,0.6923076923076923,0.0,0.49352890253067017,0.5631548166275024,0.09790299646556377,0.2305800560861826,0.0,0.0,0.0,0.0,0.0,18473,global,0.0
3,5,lr1e-04_bs16_drop0p4_temp2p0_a0p25_b0p05__wd1e-04trmiss0_degmodglobal,16,0.0001,0.0001,0.4,2.0,0.25,0.05,lr1e-04_bs16_drop0p4_temp2p0_a0p25_b0p05__wd1e-04trmiss0_degmodglobal,39,0.6079803705215454,0.6429408192634583,0.8055555555555556,0.9280303030303032,0.6923076923076923,0.0,0.5264434218406677,0.564549595117569,0.12515676021575928,0.2428317405283451,0.0,0.0,0.0,0.0,0.0,18473,global,0.0
3,5,lr1e-04_bs16_drop0p4_temp2p0_a0p25_b0p05__wd1e-04trmiss0_degmodglobal,16,0.0001,0.0001,0.4,2.0,0.25,0.05,lr1e-04_bs16_drop0p4_temp2p0_a0p25_b0p05__wd1e-04trmiss0_degmodglobal,40,0.6143622398376465,0.6299446225166321,0.8055555555555556,0.9280303030303032,0.6923076923076923,0.0,0.5024268552660942,0.5697027146816254,0.12034193240106106,0.29148103669285774,0.0,0.0,0.0,0.0,0.0,18473,global,0.0
3,5,lr1e-04_bs16_drop0p4_temp2p0_a0p25_b0p05__wd1e-04trmiss0_degmodglobal,16,0.0001,0.0001,0.4,2.0,0.25,0.05,lr1e-04_bs16_drop0p4_temp2p0_a0p25_b0p05__wd1e-04trmiss0_degmodglobal,41,0.5748694837093353,0.6205297112464905,0.8333333333333333,0.9361111111111113,0.6923076923076923,0.0,0.4812600463628769,0.5343203917145729,0.11230099573731422,0.24947704002261162,0.0,0.0,0.0,0.0,0.0,18473,global,0.0
3,5,lr1e-04_bs16_drop0p4_temp2p0_a0p25_b0p05__wd1e-04trmiss0_degmodglobal,16,0.0001,0.0001,0.4,2.0,0.25,0.05,lr1e-04_bs16_drop0p4_temp2p0_a0p25_b0p05__wd1e-04trmiss0_degmodglobal,42,0.6163036078214645,0.624533474445343,0.8333333333333333,0.9361111111111113,0.7692307692307693,0.0,0.48028720915317535,0.5744430869817734,0.10486258938908577,0.3128975033760071,0.0,0.0,0.0,0.0,0.0,18473,global,0.0
3,5,lr1e-04_bs16_drop0p4_temp2p0_a0p25_b0p05__wd1e-04trmiss0_degmodglobal,16,0.0001,0.0001,0.4,2.0,0.25,0.05,lr1e-04_bs16_drop0p4_temp2p0_a0p25_b0p05__wd1e-04trmiss0_degmodglobal,43,0.5946851819753647,0.6252850890159607,0.8055555555555556,0.9202380952380953,0.7692307692307693,0.0,0.4687403589487076,0.5564588159322739,0.09858635626733303,0.27159589901566505,0.0,0.0,0.0,0.0,0.0,18473,global,0.0
3,5,lr1e-04_bs16_drop0p4_temp2p0_a0p25_b0p05__wd1e-04trmiss0_degmodglobal,16,0.0001,0.0001,0.4,2.0,0.25,0.05,lr1e-04_bs16_drop0p4_temp2p0_a0p25_b0p05__wd1e-04trmiss0_degmodglobal,44,0.60200335085392,0.6277925968170166,0.8055555555555556,0.9202380952380953,0.7692307692307693,0.0,0.4827394634485245,0.5651939809322357,0.10741998068988323,0.19908740371465683,0.0,0.0,0.0,0.0,0.0,18473,global,0.0
3,5,lr1e-04_bs16_drop0p4_temp2p0_a0p25_b0p05__wd1e-04trmiss0_degmodglobal,16,0.0001,0.0001,0.4,2.0,0.25,0.05,lr1e-04_bs16_drop0p4_temp2p0_a0p25_b0p05__wd1e-04trmiss0_degmodglobal,45,0.6523124277591705,0.6374082565307617,0.7777777777777778,0.9121572871572874,0.6923076923076923,0.0,0.49589137732982635,0.6071081161499023,0.11356787383556366,0.33624669909477234,0.0,0.0,0.0,0.0,0.0,18473,global,0.0
3,5,lr1e-04_bs16_drop0p4_temp2p0_a0p25_b0p05__wd1e-04trmiss0_degmodglobal,16,0.0001,0.0001,0.4,2.0,0.25,0.05,lr1e-04_bs16_drop0p4_temp2p0_a0p25_b0p05__wd1e-04trmiss0_degmodglobal,46,0.600431963801384,0.638775646686554,0.7777777777777778,0.9121572871572874,0.6923076923076923,0.0,0.5137408748269081,0.5523567646741867,0.131126020103693,0.3058739975094795,0.0,0.0,0.0,0.0,0.0,18473,global,0.0
3,5,lr1e-04_bs16_drop0p4_temp2p0_a0p25_b0p05__wd1e-04trmiss0_degmodglobal,16,0.0001,0.0001,0.4,2.0,0.25,0.05,lr1e-04_bs16_drop0p4_temp2p0_a0p25_b0p05__wd1e-04trmiss0_degmodglobal,47,0.607693150639534,0.6401525139808655,0.7777777777777778,0.9121572871572874,0.7692307692307693,0.0,0.4908742606639862,0.5475814640522003,0.17301591485738754,0.33715424314141273,0.0,0.0,0.0,0.0,0.0,18473,global,0.0
3,5,lr1e-04_bs16_drop0p4_temp2p0_a0p25_b0p05__wd1e-04trmiss0_degmodglobal,16,0.0001,0.0001,0.4,2.0,0.25,0.05,lr1e-04_bs16_drop0p4_temp2p0_a0p25_b0p05__wd1e-04trmiss0_degmodglobal,48,0.6076375395059586,0.638947069644928,0.7777777777777778,0.9121572871572874,0.7692307692307693,0.0,0.505571998655796,0.5718889534473419,0.10548569448292255,0.1875431714579463,0.0,0.0,0.0,0.0,0.0,18473,global,0.0
3,5,lr1e-04_bs16_drop0p4_temp2p0_a0p25_b0p05__wd1e-04trmiss0_degmodglobal,16,0.0001,0.0001,0.4,2.0,0.25,0.05,lr1e-04_bs16_drop0p4_temp2p0_a0p25_b0p05__wd1e-04trmiss0_degmodglobal,49,0.6018740087747574,0.6333991885185242,0.8055555555555556,0.9202380952380953,0.7692307692307693,0.0,0.4676854535937309,0.5539249628782272,0.14222394675016403,0.2478610798716545,0.0,0.0,0.0,0.0,0.0,18473,global,0.0
3,5,lr1e-04_bs16_drop0p4_temp2p0_a0p25_b0p05__wd1e-04trmiss0_degmodglobal,16,0.0001,0.0001,0.4,2.0,0.25,0.05,lr1e-04_bs16_drop0p4_temp2p0_a0p25_b0p05__wd1e-04trmiss0_degmodglobal,50,0.5890318900346756,0.6357566118240356,0.75,0.8936387686387688,0.7692307692307693,0.0,0.4832386150956154,0.5477596819400787,0.12249267473816872,0.2129808124154806,0.0,0.0,0.0,0.0,0.0,18473,global,0.0
3,5,lr1e-04_bs16_drop0p4_temp2p0_a0p25_b0p05__wd1e-04trmiss0_degmodglobal,16,0.0001,0.0001,0.4,2.0,0.25,0.05,lr1e-04_bs16_drop0p4_temp2p0_a0p25_b0p05__wd1e-04trmiss0_degmodglobal,51,0.5875280350446701,0.6403653025627136,0.75,0.8936387686387688,0.6923076923076923,0.0,0.4788331389427185,0.5474559441208839,0.11155159212648869,0.24368320405483246,0.0,0.0,0.0,0.0,0.0,18473,global,0.0
3,5,lr1e-04_bs16_drop0p4_temp2p0_a0p25_b0p05__wd1e-04trmiss0_degmodglobal,16,0.0001,0.0001,0.4,2.0,0.25,0.05,lr1e-04_bs16_drop0p4_temp2p0_a0p25_b0p05__wd1e-04trmiss0_degmodglobal,52,0.6481115221977234,0.6388887763023376,0.75,0.8936387686387688,0.6923076923076923,0.0,0.5140984058380127,0.6071896702051163,0.11060532461851835,0.26541023328900337,0.0,0.0,0.0,0.0,0.0,18473,global,0.0
3,5,lr1e-04_bs16_drop0p4_temp2p0_a0p25_b0p05__wd1e-04trmiss0_degmodglobal,16,0.0001,0.0001,0.4,2.0,0.25,0.05,lr1e-04_bs16_drop0p4_temp2p0_a0p25_b0p05__wd1e-04trmiss0_degmodglobal,53,0.6530041694641113,0.6390817761421204,0.75,0.8936387686387688,0.6923076923076923,0.0,0.5341868475079536,0.609744518995285,0.11969517171382904,0.26671725511550903,0.0,0.0,0.0,0.0,0.0,18473,global,0.0
3,5,lr1e-04_bs16_drop0p4_temp2p0_a0p25_b0p05__wd1e-04trmiss0_degmodglobal,16,0.0001,0.0001,0.4,2.0,0.25,0.05,lr1e-04_bs16_drop0p4_temp2p0_a0p25_b0p05__wd1e-04trmiss0_degmodglobal,54,0.6103138476610184,0.6354515552520752,0.7777777777777778,0.9121572871572874,0.7692307692307693,0.0,0.48840779811143875,0.5645207390189171,0.12790524028241634,0.27633580565452576,0.0,0.0,0.0,0.0,0.0,18473,global,0.0
3,5,lr1e-04_bs16_drop0p4_temp2p0_a0p25_b0p05__wd1e-04trmiss0_degmodglobal,16,0.0001,0.0001,0.4,2.0,0.25,0.05,lr1e-04_bs16_drop0p4_temp2p0_a0p25_b0p05__wd1e-04trmiss0_degmodglobal,55,0.606781393289566,0.6393947601318359,0.8055555555555556,0.9280303030303032,0.7692307692307693,0.0,0.513275258243084,0.5785015672445297,0.08089391514658928,0.16112728603184223,0.0,0.0,0.0,0.0,0.0,18473,global,0.0
3,5,lr1e-04_bs16_drop0p4_temp2p0_a0p25_b0p05__wd1e-04trmiss0_degmodglobal,16,0.0001,0.0001,0.4,2.0,0.25,0.05,lr1e-04_bs16_drop0p4_temp2p0_a0p25_b0p05__wd1e-04trmiss0_degmodglobal,56,0.5886293947696686,0.6368233561515808,0.8055555555555556,0.9280303030303032,0.7692307692307693,0.0,0.44459983706474304,0.5433170050382614,0.12967145442962646,0.25789105519652367,0.0,0.0,0.0,0.0,0.0,18473,global,0.0
3,5,lr1e-04_bs16_drop0p4_temp2p0_a0p25_b0p05__wd1e-04trmiss0_degmodglobal,16,0.0001,0.0001,0.4,2.0,0.25,0.05,lr1e-04_bs16_drop0p4_temp2p0_a0p25_b0p05__wd1e-04trmiss0_degmodglobal,57,0.6318960189819336,0.632790207862854,0.8055555555555556,0.9280303030303032,0.7692307692307693,0.0,0.5152614787220955,0.5941576957702637,0.1044423533603549,0.23255467042326927,0.0,0.0,0.0,0.0,0.0,18473,global,0.0
3,5,lr1e-04_bs16_drop0p4_temp2p0_a0p25_b0p05__wd1e-04trmiss0_degmodglobal,16,0.0001,0.0001,0.4,2.0,0.25,0.05,lr1e-04_bs16_drop0p4_temp2p0_a0p25_b0p05__wd1e-04trmiss0_degmodglobal,58,0.619968056678772,0.6278361082077026,0.8055555555555556,0.9280303030303032,0.7692307692307693,0.0,0.5027586296200752,0.5846631228923798,0.09065026603639126,0.2528476472944021,0.0,0.0,0.0,0.0,0.0,18473,global,0.0
3,5,lr1e-04_bs16_drop0p4_temp2p0_a0p25_b0p05__wd1e-04trmiss0_degmodglobal,16,0.0001,0.0001,0.4,2.0,0.25,0.05,lr1e-04_bs16_drop0p4_temp2p0_a0p25_b0p05__wd1e-04trmiss0_degmodglobal,59,0.5708333849906921,0.6245070695877075,0.8333333333333334,0.941919191919192,0.7692307692307693,0.0,0.48873620480298996,0.5472978502511978,0.06386248767375946,0.1513981781899929,0.0,0.0,0.0,0.0,0.0,18473,global,0.0
3,5,lr1e-04_bs16_drop0p4_temp2p0_a0p25_b0p05__wd1e-04trmiss0_degmodglobal,16,0.0001,0.0001,0.4,2.0,0.25,0.05,lr1e-04_bs16_drop0p4_temp2p0_a0p25_b0p05__wd1e-04trmiss0_degmodglobal,60,0.6034234315156937,0.6233534216880798,0.8333333333333334,0.941919191919192,0.7692307692307693,0.0,0.468568816781044,0.5612409710884094,0.11815385147929192,0.25288016721606255,0.0,0.0,0.0,0.0,0.0,18473,global,0.0
3,5,lr1e-04_bs16_drop0p4_temp2p0_a0p25_b0p05__wd1e-04trmiss0_degmodglobal,16,0.0001,0.0001,0.4,2.0,0.25,0.05,lr1e-04_bs16_drop0p4_temp2p0_a0p25_b0p05__wd1e-04trmiss0_degmodglobal,61,0.6100194305181503,0.6208163499832153,0.8055555555555556,0.9280303030303032,0.7692307692307693,0.0,0.49018101394176483,0.5786136090755463,0.08108075428754091,0.22271253913640976,0.0,0.0,0.0,0.0,0.0,18473,global,0.0
3,5,lr1e-04_bs16_drop0p4_temp2p0_a0p25_b0p05__wd1e-04trmiss0_degmodglobal,16,0.0001,0.0001,0.4,2.0,0.25,0.05,lr1e-04_bs16_drop0p4_temp2p0_a0p25_b0p05__wd1e-04trmiss0_degmodglobal,62,0.6434052139520645,0.625444233417511,0.8055555555555556,0.9280303030303032,0.7692307692307693,0.0,0.4821446016430855,0.6116345226764679,0.08148455154150724,0.22799112647771835,0.0,0.0,0.0,0.0,0.0,18473,global,0.0
3,5,lr1e-04_bs16_drop0p4_temp2p0_a0p25_b0p05__wd1e-04trmiss0_degmodglobal,16,0.0001,0.0001,0.4,2.0,0.25,0.05,lr1e-04_bs16_drop0p4_temp2p0_a0p25_b0p05__wd1e-04trmiss0_degmodglobal,63,0.5715015679597855,0.6250990033149719,0.8055555555555556,0.9280303030303032,0.7692307692307693,0.0,0.46885456144809723,0.5338753089308739,0.1140018105506897,0.1825162023305893,0.0,0.0,0.0,0.0,0.0,18473,global,0.0
3,5,lr1e-04_bs16_drop0p4_temp2p0_a0p25_b0p05__wd1e-04trmiss0_degmodglobal,16,0.0001,0.0001,0.4,2.0,0.25,0.05,lr1e-04_bs16_drop0p4_temp2p0_a0p25_b0p05__wd1e-04trmiss0_degmodglobal,64,0.584810420870781,0.6227463483810425,0.7777777777777778,0.9121572871572874,0.7692307692307693,0.0,0.4873567819595337,0.5501628220081329,0.10141555592417717,0.1858739424496889,0.0,0.0,0.0,0.0,0.0,18473,global,0.0
3,5,lr1e-04_bs16_drop0p4_temp2p0_a0p25_b0p05__wd1e-04trmiss0_degmodglobal,16,0.0001,0.0001,0.4,2.0,0.25,0.05,lr1e-04_bs16_drop0p4_temp2p0_a0p25_b0p05__wd1e-04trmiss0_degmodglobal,65,0.5858387649059296,0.6223899126052856,0.7777777777777778,0.9121572871572874,0.7692307692307693,0.0,0.46819935739040375,0.5225341767072678,0.17910440266132355,0.37057027220726013,0.0,0.0,0.0,0.0,0.0,18473,global,0.0
3,5,lr1e-04_bs16_drop0p4_temp2p0_a0p25_b0p05__wd1e-04trmiss0_degmodglobal,16,0.0001,0.0001,0.4,2.0,0.25,0.05,lr1e-04_bs16_drop0p4_temp2p0_a0p25_b0p05__wd1e-04trmiss0_degmodglobal,66,0.611702099442482,0.6243489384651184,0.8055555555555556,0.9280303030303032,0.7692307692307693,0.0,0.4788225516676903,0.5620773136615753,0.148521875962615,0.2498861849308014,0.0,0.0,0.0,0.0,0.0,18473,global,0.0
3,5,lr1e-04_bs16_drop0p4_temp2p0_a0p25_b0p05__wd1e-04trmiss0_degmodglobal,16,0.0001,0.0001,0.4,2.0,0.25,0.05,lr1e-04_bs16_drop0p4_temp2p0_a0p25_b0p05__wd1e-04trmiss0_degmodglobal,67,0.6195837706327438,0.6230841875076294,0.7777777777777778,0.9121572871572874,0.7692307692307693,0.0,0.4498770758509636,0.5616463720798492,0.15346942469477654,0.3914007246494293,0.0,0.0,0.0,0.0,0.0,18473,global,0.0
3,5,lr1e-04_bs16_drop0p4_temp2p0_a0p25_b0p05__wd1e-04trmiss0_degmodglobal,16,0.0001,0.0001,0.4,2.0,0.25,0.05,lr1e-04_bs16_drop0p4_temp2p0_a0p25_b0p05__wd1e-04trmiss0_degmodglobal,68,0.6479603350162506,0.6238229870796204,0.7777777777777778,0.9121572871572874,0.7692307692307693,0.0,0.45203330367803574,0.5713687688112259,0.20760754868388176,0.49379368126392365,0.0,0.0,0.0,0.0,0.0,18473,global,0.0
3,5,lr1e-04_bs16_drop0p4_temp2p0_a0p25_b0p05__wd1e-04trmiss0_degmodglobal,16,0.0001,0.0001,0.4,2.0,0.25,0.05,lr1e-04_bs16_drop0p4_temp2p0_a0p25_b0p05__wd1e-04trmiss0_degmodglobal,69,0.5691833272576332,0.6202481389045715,0.7777777777777778,0.9121572871572874,0.7692307692307693,0.0,0.47648531943559647,0.528111420571804,0.11128307320177555,0.2650225907564163,0.0,0.0,0.0,0.0,0.0,18473,global,0.0
3,5,lr1e-04_bs16_drop0p4_temp2p0_a0p25_b0p05__wd1e-04trmiss0_degmodglobal,16,0.0001,0.0001,0.4,2.0,0.25,0.05,lr1e-04_bs16_drop0p4_temp2p0_a0p25_b0p05__wd1e-04trmiss0_degmodglobal,70,0.6237327456474304,0.6233711242675781,0.7777777777777778,0.9121572871572874,0.6923076923076923,0.0,0.5031418800354004,0.5908053070306778,0.09003702364861965,0.20836331136524677,0.0,0.0,0.0,0.0,0.0,18473,global,0.0
3,5,lr1e-04_bs16_drop0p4_temp2p0_a0p25_b0p05__wd1e-04trmiss0_degmodglobal,16,0.0001,0.0001,0.4,2.0,0.25,0.05,lr1e-04_bs16_drop0p4_temp2p0_a0p25_b0p05__wd1e-04trmiss0_degmodglobal,71,0.5933579206466675,0.6219961047172546,0.7777777777777778,0.9121572871572874,0.7692307692307693,0.0,0.44369207322597504,0.5439772084355354,0.1394187267869711,0.2905203513801098,0.0,0.0,0.0,0.0,0.0,18473,global,0.0
3,5,lr1e-04_bs16_drop0p4_temp2p0_a0p25_b0p05__wd1e-04trmiss0_degmodglobal,16,0.0001,0.0001,0.4,2.0,0.25,0.05,lr1e-04_bs16_drop0p4_temp2p0_a0p25_b0p05__wd1e-04trmiss0_degmodglobal,72,0.6226259022951126,0.6209810376167297,0.8333333333333333,0.9301146384479719,0.7692307692307693,0.0,0.5122708603739738,0.5808829963207245,0.11093920096755028,0.28016214817762375,0.0,0.0,0.0,0.0,0.0,18473,global,0.0
3,5,lr1e-04_bs16_drop0p4_temp2p0_a0p25_b0p05__wd1e-04trmiss0_degmodglobal,16,0.0001,0.0001,0.4,2.0,0.25,0.05,lr1e-04_bs16_drop0p4_temp2p0_a0p25_b0p05__wd1e-04trmiss0_degmodglobal,73,0.6275320947170258,0.6250265836715698,0.8333333333333333,0.9301146384479719,0.6923076923076923,0.0,0.5360022634267807,0.5932566449046135,0.10206899046897888,0.17516369372606277,0.0,0.0,0.0,0.0,0.0,18473,global,0.0
3,5,lr1e-04_bs16_drop0p4_temp2p0_a0p25_b0p05__wd1e-04trmiss0_degmodglobal,16,0.0001,0.0001,0.4,2.0,0.25,0.05,lr1e-04_bs16_drop0p4_temp2p0_a0p25_b0p05__wd1e-04trmiss0_degmodglobal,74,0.5695900917053223,0.6231333017349243,0.8055555555555556,0.9202380952380953,0.7692307692307693,0.0,0.42690762877464294,0.5280450955033302,0.11400486901402473,0.26087605208158493,0.0,0.0,0.0,0.0,0.0,18473,global,0.0
3,5,lr1e-04_bs16_drop0p4_temp2p0_a0p25_b0p05__wd1e-04trmiss0_degmodglobal,16,0.0001,0.0001,0.4,2.0,0.25,0.05,lr1e-04_bs16_drop0p4_temp2p0_a0p25_b0p05__wd1e-04trmiss0_degmodglobal,75,0.5993155539035797,0.6188414692878723,0.8333333333333333,0.9301146384479719,0.7692307692307693,0.0,0.46423814445734024,0.5597187429666519,0.11474935710430145,0.2181897908449173,0.0,0.0,0.0,0.0,0.0,18473,global,0.0
3,5,lr1e-04_bs16_drop0p4_temp2p0_a0p25_b0p05__wd1e-04trmiss0_degmodglobal,16,0.0001,0.0001,0.4,2.0,0.25,0.05,lr1e-04_bs16_drop0p4_temp2p0_a0p25_b0p05__wd1e-04trmiss0_degmodglobal,76,0.6441832780838013,0.6199054718017578,0.7777777777777778,0.9121572871572874,0.7692307692307693,0.0,0.44637783616781235,0.5864313393831253,0.14308428950607777,0.43961750715970993,0.0,0.0,0.0,0.0,0.0,18473,global,0.0
3,5,lr1e-04_bs16_drop0p4_temp2p0_a0p25_b0p05__wd1e-04trmiss0_degmodglobal,16,0.0001,0.0001,0.4,2.0,0.25,0.05,lr1e-04_bs16_drop0p4_temp2p0_a0p25_b0p05__wd1e-04trmiss0_degmodglobal,77,0.5732223689556122,0.6202191710472107,0.7777777777777778,0.9121572871572874,0.7692307692307693,0.0,0.49341683834791183,0.5371071845293045,0.10724127665162086,0.18609722331166267,0.0,0.0,0.0,0.0,0.0,18473,global,0.0
3,5,lr1e-04_bs16_drop0p4_temp2p0_a0p25_b0p05__wd1e-04trmiss0_degmodglobal,16,0.0001,0.0001,0.4,2.0,0.25,0.05,lr1e-04_bs16_drop0p4_temp2p0_a0p25_b0p05__wd1e-04trmiss0_degmodglobal,78,0.5999164581298828,0.6228567957878113,0.7777777777777778,0.9121572871572874,0.7692307692307693,0.0,0.4318106174468994,0.5461090803146362,0.14555930346250534,0.34835080429911613,0.0,0.0,0.0,0.0,0.0,18473,global,0.0
3,5,lr1e-04_bs16_drop0p4_temp2p0_a0p25_b0p05__wd1e-04trmiss0_degmodglobal,16,0.0001,0.0001,0.4,2.0,0.25,0.05,lr1e-04_bs16_drop0p4_temp2p0_a0p25_b0p05__wd1e-04trmiss0_degmodglobal,79,0.6157575845718384,0.62437504529953,0.8055555555555556,0.9280303030303032,0.7692307692307693,0.0,0.4260759651660919,0.5584872961044312,0.15958088170737028,0.3475014492869377,0.0,0.0,0.0,0.0,0.0,18473,global,0.0
3,5,lr1e-04_bs16_drop0p4_temp2p0_a0p25_b0p05__wd1e-04trmiss0_degmodglobal,16,0.0001,0.0001,0.4,2.0,0.25,0.05,lr1e-04_bs16_drop0p4_temp2p0_a0p25_b0p05__wd1e-04trmiss0_degmodglobal,80,0.5792339146137238,0.6242295503616333,0.7777777777777778,0.9121572871572874,0.7692307692307693,0.0,0.4383613169193268,0.5327365547418594,0.12055638432502747,0.32716518454253674,0.0,0.0,0.0,0.0,0.0,18473,global,0.0
3,5,lr5e-05_bs16_drop0p2_temp1p0_a0p25_b0p05__wd1e-04trmiss0_degmodglobal,16,5e-05,0.0001,0.2,1.0,0.25,0.05,lr5e-05_bs16_drop0p2_temp1p0_a0p25_b0p05__wd1e-04trmiss0_degmodglobal,1,0.6934224218130112,0.6870708465576172,0.2777777777777778,0.5950447700447701,0.6153846153846154,0.0,0.6828498393297195,0.6780811250209808,0.03866751119494438,0.11348845809698105,0.0,0.0,0.0,0.0,0.0,18473,global,0.0
3,5,lr5e-05_bs16_drop0p2_temp1p0_a0p25_b0p05__wd1e-04trmiss0_degmodglobal,16,5e-05,0.0001,0.2,1.0,0.25,0.05,lr5e-05_bs16_drop0p2_temp1p0_a0p25_b0p05__wd1e-04trmiss0_degmodglobal,2,0.6616135984659195,0.6825160384178162,0.3055555555555556,0.6056267806267805,0.6153846153846154,0.0,0.6638164818286896,0.6453740000724792,0.040155882481485605,0.12401260994374752,0.0,0.0,0.0,0.0,0.0,18473,global,0.0
3,5,lr5e-05_bs16_drop0p2_temp1p0_a0p25_b0p05__wd1e-04trmiss0_degmodglobal,16,5e-05,0.0001,0.2,1.0,0.25,0.05,lr5e-05_bs16_drop0p2_temp1p0_a0p25_b0p05__wd1e-04trmiss0_degmodglobal,3,0.6430301666259766,0.6817624568939209,0.3333333333333333,0.6726301476301477,0.6153846153846154,0.0,0.6231130063533783,0.6254594475030899,0.05261904280632734,0.08831933699548244,0.0,0.0,0.0,0.0,0.0,18473,global,0.0
3,5,lr5e-05_bs16_drop0p2_temp1p0_a0p25_b0p05__wd1e-04trmiss0_degmodglobal,16,5e-05,0.0001,0.2,1.0,0.25,0.05,lr5e-05_bs16_drop0p2_temp1p0_a0p25_b0p05__wd1e-04trmiss0_degmodglobal,4,0.625001385807991,0.6738215684890747,0.3611111111111111,0.7004079254079254,0.6153846153846154,0.0,0.6014958173036575,0.6055185049772263,0.055916398763656616,0.11007579416036606,0.0,0.0,0.0,0.0,0.0,18473,global,0.0
3,5,lr5e-05_bs16_drop0p2_temp1p0_a0p25_b0p05__wd1e-04trmiss0_degmodglobal,16,5e-05,0.0001,0.2,1.0,0.25,0.05,lr5e-05_bs16_drop0p2_temp1p0_a0p25_b0p05__wd1e-04trmiss0_degmodglobal,5,0.612966850399971,0.6610382795333862,0.5,0.7973655973655975,0.6153846153846154,0.0,0.6152763366699219,0.5987010151147842,0.039728169329464436,0.0866761114448309,0.0,0.0,0.0,0.0,0.0,18473,global,0.0
3,5,lr5e-05_bs16_drop0p2_temp1p0_a0p25_b0p05__wd1e-04trmiss0_degmodglobal,16,5e-05,0.0001,0.2,1.0,0.25,0.05,lr5e-05_bs16_drop0p2_temp1p0_a0p25_b0p05__wd1e-04trmiss0_degmodglobal,6,0.6066215634346008,0.6530271172523499,0.5,0.7973655973655975,0.6153846153846154,0.0,0.6164104789495468,0.5906070619821548,0.047055781818926334,0.08501104265451431,0.0,0.0,0.0,0.0,0.0,18473,global,0.0
3,5,lr5e-05_bs16_drop0p2_temp1p0_a0p25_b0p05__wd1e-04trmiss0_degmodglobal,16,5e-05,0.0001,0.2,1.0,0.25,0.05,lr5e-05_bs16_drop0p2_temp1p0_a0p25_b0p05__wd1e-04trmiss0_degmodglobal,7,0.6063585877418518,0.647254228591919,0.5555555555555556,0.828847078847079,0.6153846153846154,0.0,0.597014307975769,0.5920749604701996,0.04028346948325634,0.08425493445247412,0.0,0.0,0.0,0.0,0.0,18473,global,0.0
3,5,lr5e-05_bs16_drop0p2_temp1p0_a0p25_b0p05__wd1e-04trmiss0_degmodglobal,16,5e-05,0.0001,0.2,1.0,0.25,0.05,lr5e-05_bs16_drop0p2_temp1p0_a0p25_b0p05__wd1e-04trmiss0_degmodglobal,8,0.6000508964061737,0.6405940055847168,0.5555555555555556,0.828847078847079,0.6153846153846154,0.0,0.5866338610649109,0.5845402330160141,0.04221229488030076,0.09915180318057537,0.0,0.0,0.0,0.0,0.0,18473,global,0.0
3,5,lr5e-05_bs16_drop0p2_temp1p0_a0p25_b0p05__wd1e-04trmiss0_degmodglobal,16,5e-05,0.0001,0.2,1.0,0.25,0.05,lr5e-05_bs16_drop0p2_temp1p0_a0p25_b0p05__wd1e-04trmiss0_degmodglobal,9,0.5935153365135193,0.642265260219574,0.5555555555555556,0.828847078847079,0.6153846153846154,0.0,0.60505411028862,0.575159877538681,0.04938875883817673,0.1201655101031065,0.0,0.0,0.0,0.0,0.0,18473,global,0.0
3,5,lr5e-05_bs16_drop0p2_temp1p0_a0p25_b0p05__wd1e-04trmiss0_degmodglobal,16,5e-05,0.0001,0.2,1.0,0.25,0.05,lr5e-05_bs16_drop0p2_temp1p0_a0p25_b0p05__wd1e-04trmiss0_degmodglobal,10,0.5689931809902191,0.644085705280304,0.5555555555555556,0.828847078847079,0.6153846153846154,0.0,0.5534135848283768,0.5503761023283005,0.04963791370391846,0.12415214627981186,0.0,0.0,0.0,0.0,0.0,18473,global,0.0
3,5,lr5e-05_bs16_drop0p2_temp1p0_a0p25_b0p05__wd1e-04trmiss0_degmodglobal,16,5e-05,0.0001,0.2,1.0,0.25,0.05,lr5e-05_bs16_drop0p2_temp1p0_a0p25_b0p05__wd1e-04trmiss0_degmodglobal,11,0.5632235258817673,0.6479135751724243,0.5555555555555556,0.828847078847079,0.6153846153846154,0.0,0.5586985200643539,0.5468035936355591,0.041443355614319444,0.12118154345080256,0.0,0.0,0.0,0.0,0.0,18473,global,0.0
3,5,lr5e-05_bs16_drop0p2_temp1p0_a0p25_b0p05__wd1e-04trmiss0_degmodglobal,16,5e-05,0.0001,0.2,1.0,0.25,0.05,lr5e-05_bs16_drop0p2_temp1p0_a0p25_b0p05__wd1e-04trmiss0_degmodglobal,12,0.5191814377903938,0.6468091011047363,0.5833333333333333,0.835917785917786,0.6153846153846154,0.0,0.5423489212989807,0.501202404499054,0.04699199786409736,0.12462073005735874,0.0,0.0,0.0,0.0,0.0,18473,global,0.0
3,5,lr5e-05_bs16_drop0p2_temp1p0_a0p25_b0p05__wd1e-04trmiss0_degmodglobal,16,5e-05,0.0001,0.2,1.0,0.25,0.05,lr5e-05_bs16_drop0p2_temp1p0_a0p25_b0p05__wd1e-04trmiss0_degmodglobal,13,0.5434078276157379,0.6468203663825989,0.5555555555555556,0.8136955636955638,0.6153846153846154,0.0,0.5433124601840973,0.5256904885172844,0.04250011965632439,0.1418458167463541,0.0,0.0,0.0,0.0,0.0,18473,global,0.0
3,5,lr5e-05_bs16_drop0p2_temp1p0_a0p25_b0p05__wd1e-04trmiss0_degmodglobal,16,5e-05,0.0001,0.2,1.0,0.25,0.05,lr5e-05_bs16_drop0p2_temp1p0_a0p25_b0p05__wd1e-04trmiss0_degmodglobal,14,0.5296771079301834,0.6470860838890076,0.5555555555555556,0.8266585266585267,0.6153846153846154,0.0,0.5332914218306541,0.5116421729326248,0.05252804979681969,0.09805868472903967,0.0,0.0,0.0,0.0,0.0,18473,global,0.0
3,5,lr5e-05_bs16_drop0p2_temp1p0_a0p25_b0p05__wd1e-04trmiss0_degmodglobal,16,5e-05,0.0001,0.2,1.0,0.25,0.05,lr5e-05_bs16_drop0p2_temp1p0_a0p25_b0p05__wd1e-04trmiss0_degmodglobal,15,0.5483074486255646,0.6466696858406067,0.4722222222222222,0.8022597772597773,0.6153846153846154,0.0,0.5426074266433716,0.5304837226867676,0.04992316942662001,0.106858697719872,0.0,0.0,0.0,0.0,0.0,18473,global,0.0
3,5,lr5e-05_bs16_drop0p2_temp1p0_a0p25_b0p05__wd1e-04trmiss0_degmodglobal,16,5e-05,0.0001,0.2,1.0,0.25,0.05,lr5e-05_bs16_drop0p2_temp1p0_a0p25_b0p05__wd1e-04trmiss0_degmodglobal,16,0.5223686024546623,0.6449596285820007,0.5555555555555556,0.8266585266585267,0.6153846153846154,0.0,0.5234872847795486,0.5045067444443703,0.04635562654584646,0.12545865029096603,0.0,0.0,0.0,0.0,0.0,18473,global,0.0
3,5,lr5e-05_bs16_drop0p2_temp1p0_a0p25_b0p05__wd1e-04trmiss0_degmodglobal,16,5e-05,0.0001,0.2,1.0,0.25,0.05,lr5e-05_bs16_drop0p2_temp1p0_a0p25_b0p05__wd1e-04trmiss0_degmodglobal,17,0.544790469110012,0.6440238952636719,0.5833333333333333,0.8398860398860402,0.6153846153846154,0.0,0.5338122248649597,0.5260922908782959,0.05251318495720625,0.11139767989516258,0.0,0.0,0.0,0.0,0.0,18473,global,0.0
3,5,lr5e-05_bs16_drop0p2_temp1p0_a0p25_b0p05__wd1e-04trmiss0_degmodglobal,16,5e-05,0.0001,0.2,1.0,0.25,0.05,lr5e-05_bs16_drop0p2_temp1p0_a0p25_b0p05__wd1e-04trmiss0_degmodglobal,18,0.5497505217790604,0.6408967971801758,0.5555555555555556,0.7966200466200468,0.6153846153846154,0.0,0.4880923479795456,0.5274330154061317,0.0559772364795208,0.16646435856819153,0.0,0.0,0.0,0.0,0.0,18473,global,0.0
3,5,lr5e-05_bs16_drop0p2_temp1p0_a0p25_b0p05__wd1e-04trmiss0_degmodglobal,16,5e-05,0.0001,0.2,1.0,0.25,0.05,lr5e-05_bs16_drop0p2_temp1p0_a0p25_b0p05__wd1e-04trmiss0_degmodglobal,19,0.5229693055152893,0.6497635841369629,0.5555555555555556,0.7966200466200468,0.6153846153846154,0.0,0.5245271176099777,0.503570169210434,0.05117722973227501,0.13209671340882778,0.0,0.0,0.0,0.0,0.0,18473,global,0.0
3,5,lr5e-05_bs16_drop0p2_temp1p0_a0p25_b0p05__wd1e-04trmiss0_degmodglobal,16,5e-05,0.0001,0.2,1.0,0.25,0.05,lr5e-05_bs16_drop0p2_temp1p0_a0p25_b0p05__wd1e-04trmiss0_degmodglobal,20,0.5385957807302475,0.6435216069221497,0.5833333333333334,0.8058793058793059,0.6153846153846154,0.0,0.5050928741693497,0.5207236558198929,0.05194485001266003,0.09771813824772835,0.0,0.0,0.0,0.0,0.0,18473,global,0.0
3,5,lr5e-05_bs16_drop0p2_temp1p0_a0p25_b0p05__wd1e-04trmiss0_degmodglobal,16,5e-05,0.0001,0.2,1.0,0.25,0.05,lr5e-05_bs16_drop0p2_temp1p0_a0p25_b0p05__wd1e-04trmiss0_degmodglobal,21,0.5576780810952187,0.6370455026626587,0.5833333333333334,0.8058793058793059,0.6153846153846154,0.0,0.5431268215179443,0.5382479801774025,0.04639769019559026,0.1566135510802269,0.0,0.0,0.0,0.0,0.0,18473,global,0.0
3,5,lr5e-05_bs16_drop0p2_temp1p0_a0p25_b0p05__wd1e-04trmiss0_degmodglobal,16,5e-05,0.0001,0.2,1.0,0.25,0.05,lr5e-05_bs16_drop0p2_temp1p0_a0p25_b0p05__wd1e-04trmiss0_degmodglobal,22,0.5244349539279938,0.6398508548736572,0.5833333333333334,0.8243978243978245,0.6153846153846154,0.0,0.49847807735204697,0.5051117092370987,0.04786018282175064,0.14716352708637714,0.0,0.0,0.0,0.0,0.0,18473,global,0.0
3,5,lr5e-05_bs16_drop0p2_temp1p0_a0p25_b0p05__wd1e-04trmiss0_degmodglobal,16,5e-05,0.0001,0.2,1.0,0.25,0.05,lr5e-05_bs16_drop0p2_temp1p0_a0p25_b0p05__wd1e-04trmiss0_degmodglobal,23,0.5359655767679214,0.6426391005516052,0.5555555555555556,0.7966200466200468,0.6153846153846154,0.0,0.504025936126709,0.5169993788003922,0.053466531448066235,0.11199118942022324,0.0,0.0,0.0,0.0,0.0,18473,global,0.0
3,5,lr5e-05_bs16_drop0p2_temp1p0_a0p25_b0p05__wd1e-04trmiss0_degmodglobal,16,5e-05,0.0001,0.2,1.0,0.25,0.05,lr5e-05_bs16_drop0p2_temp1p0_a0p25_b0p05__wd1e-04trmiss0_degmodglobal,24,0.5249532163143158,0.6447348594665527,0.5833333333333334,0.8058793058793059,0.6153846153846154,0.0,0.4953984320163727,0.5091332644224167,0.044359839521348476,0.09459968004375696,0.0,0.0,0.0,0.0,0.0,18473,global,0.0
3,5,lr5e-05_bs16_drop0p2_temp1p0_a0p25_b0p05__wd1e-04trmiss0_degmodglobal,16,5e-05,0.0001,0.2,1.0,0.25,0.05,lr5e-05_bs16_drop0p2_temp1p0_a0p25_b0p05__wd1e-04trmiss0_degmodglobal,25,0.52224051207304,0.6441115736961365,0.5833333333333334,0.8058793058793059,0.6153846153846154,0.0,0.5059336498379707,0.5038120299577713,0.049283282831311226,0.12215324025601149,0.0,0.0,0.0,0.0,0.0,18473,global,0.0
3,5,lr5e-05_bs16_drop0p2_temp1p0_a0p25_b0p05__wd1e-04trmiss0_degmodglobal,16,5e-05,0.0001,0.2,1.0,0.25,0.05,lr5e-05_bs16_drop0p2_temp1p0_a0p25_b0p05__wd1e-04trmiss0_degmodglobal,26,0.5124259740114212,0.6443874835968018,0.5833333333333334,0.8058793058793059,0.6153846153846154,0.0,0.5139368176460266,0.49444620311260223,0.05017289565876126,0.10873078089207411,0.0,0.0,0.0,0.0,0.0,18473,global,0.0
3,5,lr5e-05_bs16_drop0p2_temp1p0_a0p25_b0p05__wd1e-04trmiss0_degmodglobal,16,5e-05,0.0001,0.2,1.0,0.25,0.05,lr5e-05_bs16_drop0p2_temp1p0_a0p25_b0p05__wd1e-04trmiss0_degmodglobal,27,0.5318810120224953,0.6384810209274292,0.6111111111111112,0.8145212811879479,0.6153846153846154,0.0,0.5229645818471909,0.5133830308914185,0.05129816010594368,0.11346895061433315,0.0,0.0,0.0,0.0,0.0,18473,global,0.0
3,5,lr5e-05_bs16_drop0p2_temp1p0_a0p25_b0p05__wd1e-04trmiss0_degmodglobal,16,5e-05,0.0001,0.2,1.0,0.25,0.05,lr5e-05_bs16_drop0p2_temp1p0_a0p25_b0p05__wd1e-04trmiss0_degmodglobal,28,0.49001049995422363,0.6445748209953308,0.5555555555555556,0.7966200466200468,0.6153846153846154,0.0,0.4863193556666374,0.47434286028146744,0.04542914219200611,0.08620676584541798,0.0,0.0,0.0,0.0,0.0,18473,global,0.0
3,5,lr5e-05_bs16_drop0p2_temp1p0_a0p25_b0p05__wd1e-04trmiss0_degmodglobal,16,5e-05,0.0001,0.2,1.0,0.25,0.05,lr5e-05_bs16_drop0p2_temp1p0_a0p25_b0p05__wd1e-04trmiss0_degmodglobal,29,0.4915185272693634,0.6511595845222473,0.5555555555555556,0.7966200466200468,0.6153846153846154,0.0,0.501862533390522,0.4737253487110138,0.04695827979594469,0.121072081848979,0.0,0.0,0.0,0.0,0.0,18473,global,0.0
3,5,lr5e-05_bs16_drop0p2_temp1p0_a0p25_b0p05__wd1e-04trmiss0_degmodglobal,16,5e-05,0.0001,0.2,1.0,0.25,0.05,lr5e-05_bs16_drop0p2_temp1p0_a0p25_b0p05__wd1e-04trmiss0_degmodglobal,30,0.5273316353559494,0.6477091312408447,0.5555555555555556,0.7966200466200468,0.6153846153846154,0.0,0.5144680291414261,0.5099960342049599,0.048475950956344604,0.10433239582926035,0.0,0.0,0.0,0.0,0.0,18473,global,0.0
3,5,lr5e-05_bs16_drop0p2_temp1p0_a0p25_b0p05__wd1e-04trmiss0_degmodglobal,16,5e-05,0.0001,0.2,1.0,0.25,0.05,lr5e-05_bs16_drop0p2_temp1p0_a0p25_b0p05__wd1e-04trmiss0_degmodglobal,31,0.5145362094044685,0.6518594622612,0.5555555555555556,0.7966200466200468,0.6153846153846154,0.0,0.5026467368006706,0.500114880502224,0.041512325406074524,0.08086490002460778,0.0,0.0,0.0,0.0,0.0,18473,global,0.0
3,5,lr5e-05_bs16_drop0p2_temp1p0_a0p25_b0p05__wd1e-04trmiss0_degmodglobal,16,5e-05,0.0001,0.2,1.0,0.25,0.05,lr5e-05_bs16_drop0p2_temp1p0_a0p25_b0p05__wd1e-04trmiss0_degmodglobal,32,0.4937989041209221,0.6478878259658813,0.5833333333333334,0.8058793058793059,0.6153846153846154,0.0,0.4958992376923561,0.47459953278303146,0.05447333585470915,0.11162065714597702,0.0,0.0,0.0,0.0,0.0,18473,global,0.0
3,5,lr5e-05_bs16_drop0p2_temp1p0_a0p25_b0p05__wd1e-04trmiss0_degmodglobal,16,5e-05,0.0001,0.2,1.0,0.25,0.05,lr5e-05_bs16_drop0p2_temp1p0_a0p25_b0p05__wd1e-04trmiss0_degmodglobal,33,0.5193954333662987,0.6487488150596619,0.5833333333333333,0.7774842441509109,0.6153846153846154,0.0,0.4907645732164383,0.5025887414813042,0.04827426793053746,0.09476242726668715,0.0,0.0,0.0,0.0,0.0,18473,global,0.0
3,5,lr5e-05_bs16_drop0p2_temp1p0_a0p25_b0p05__wd1e-04trmiss0_degmodglobal,16,5e-05,0.0001,0.2,1.0,0.25,0.05,lr5e-05_bs16_drop0p2_temp1p0_a0p25_b0p05__wd1e-04trmiss0_degmodglobal,34,0.5239980295300484,0.6506808400154114,0.5555555555555556,0.7966200466200468,0.6153846153846154,0.0,0.5431880205869675,0.5050600320100784,0.05128241702914238,0.12234794721007347,0.0,0.0,0.0,0.0,0.0,18473,global,0.0
3,5,lr5e-05_bs16_drop0p2_temp1p0_a0p25_b0p05__wd1e-04trmiss0_degmodglobal,16,5e-05,0.0001,0.2,1.0,0.25,0.05,lr5e-05_bs16_drop0p2_temp1p0_a0p25_b0p05__wd1e-04trmiss0_degmodglobal,35,0.49663861095905304,0.6517559289932251,0.5555555555555556,0.7966200466200468,0.6153846153846154,0.0,0.4718901216983795,0.47473395615816116,0.05797423608601093,0.1482218187302351,0.0,0.0,0.0,0.0,0.0,18473,global,0.0
3,5,lr5e-05_bs16_drop0p2_temp1p0_a0p25_b0p05__wd1e-04trmiss0_degmodglobal,16,5e-05,0.0001,0.2,1.0,0.25,0.05,lr5e-05_bs16_drop0p2_temp1p0_a0p25_b0p05__wd1e-04trmiss0_degmodglobal,36,0.49086805433034897,0.6502147316932678,0.5555555555555556,0.8111703111703112,0.6153846153846154,0.0,0.47348690032958984,0.4736296460032463,0.051625728607177734,0.08663955051451921,0.0,0.0,0.0,0.0,0.0,18473,global,0.0
3,5,lr5e-05_bs16_drop0p2_temp1p0_a0p25_b0p05__wd1e-04trmiss0_degmodglobal,16,5e-05,0.0001,0.2,1.0,0.25,0.05,lr5e-05_bs16_drop0p2_temp1p0_a0p25_b0p05__wd1e-04trmiss0_degmodglobal,37,0.5114943310618401,0.6493125557899475,0.5277777777777778,0.8012496762496764,0.6153846153846154,0.0,0.4874264672398567,0.48585183173418045,0.06945428345352411,0.1655787155032158,0.0,0.0,0.0,0.0,0.0,18473,global,0.0
3,5,lr5e-05_bs16_drop0p2_temp1p0_a0p25_b0p05__wd1e-04trmiss0_degmodglobal,16,5e-05,0.0001,0.2,1.0,0.25,0.05,lr5e-05_bs16_drop0p2_temp1p0_a0p25_b0p05__wd1e-04trmiss0_degmodglobal,38,0.482744999229908,0.6509785652160645,0.5,0.7734718984718985,0.6153846153846154,0.0,0.4975511133670807,0.46407584100961685,0.050296587869524956,0.12190033867955208,0.0,0.0,0.0,0.0,0.0,18473,global,0.0
3,5,lr5e-05_bs16_drop0p2_temp1p0_a0p25_b0p05__wd1e-04trmiss0_degmodglobal,16,5e-05,0.0001,0.2,1.0,0.25,0.05,lr5e-05_bs16_drop0p2_temp1p0_a0p25_b0p05__wd1e-04trmiss0_degmodglobal,39,0.48713933676481247,0.6487218737602234,0.5,0.7734718984718985,0.6153846153846154,0.0,0.4578874036669731,0.4707782343029976,0.0473300158046186,0.09057190828025341,0.0,0.0,0.0,0.0,0.0,18473,global,0.0
3,5,lr5e-05_bs16_drop0p2_temp1p0_a0p25_b0p05__wd1e-04trmiss0_degmodglobal,16,5e-05,0.0001,0.2,1.0,0.25,0.05,lr5e-05_bs16_drop0p2_temp1p0_a0p25_b0p05__wd1e-04trmiss0_degmodglobal,40,0.5024214908480644,0.6473552584648132,0.5,0.7734718984718985,0.6153846153846154,0.0,0.47012536227703094,0.4873916655778885,0.044271125458180904,0.07924092002213001,0.0,0.0,0.0,0.0,0.0,18473,global,0.0
3,5,lr5e-05_bs16_drop0p2_temp1p0_a0p25_b0p05__wd1e-04trmiss0_degmodglobal,16,5e-05,0.0001,0.2,1.0,0.25,0.05,lr5e-05_bs16_drop0p2_temp1p0_a0p25_b0p05__wd1e-04trmiss0_degmodglobal,41,0.4880353584885597,0.6442408561706543,0.5555555555555556,0.8234718984718985,0.6153846153846154,0.0,0.45417559891939163,0.47277143597602844,0.048076825216412544,0.06489432230591774,0.0,0.0,0.0,0.0,0.0,18473,global,0.0
3,5,lr5e-05_bs16_drop0p2_temp1p0_a0p25_b0p05__wd1e-04trmiss0_degmodglobal,16,5e-05,0.0001,0.2,1.0,0.25,0.05,lr5e-05_bs16_drop0p2_temp1p0_a0p25_b0p05__wd1e-04trmiss0_degmodglobal,42,0.49117322266101837,0.6422996520996094,0.5555555555555556,0.8234718984718985,0.6153846153846154,0.0,0.4518585801124573,0.47428804636001587,0.04986951546743512,0.08835630165413022,0.0,0.0,0.0,0.0,0.0,18473,global,0.0
3,5,lr5e-05_bs16_drop0p2_temp1p0_a0p25_b0p05__wd1e-04trmiss0_degmodglobal,16,5e-05,0.0001,0.2,1.0,0.25,0.05,lr5e-05_bs16_drop0p2_temp1p0_a0p25_b0p05__wd1e-04trmiss0_degmodglobal,43,0.5022520795464516,0.645672619342804,0.5555555555555556,0.8234718984718985,0.6153846153846154,0.0,0.48714496195316315,0.4856466129422188,0.051208590622991323,0.0760664080735296,0.0,0.0,0.0,0.0,0.0,18473,global,0.0
3,5,lr5e-05_bs16_drop0p2_temp1p0_a0p25_b0p05__wd1e-04trmiss0_degmodglobal,16,5e-05,0.0001,0.2,1.0,0.25,0.05,lr5e-05_bs16_drop0p2_temp1p0_a0p25_b0p05__wd1e-04trmiss0_degmodglobal,44,0.4963139370083809,0.6480664014816284,0.5833333333333333,0.8333925333925336,0.6153846153846154,0.0,0.5018118619918823,0.4758128225803375,0.05948946438729763,0.11257514916360378,0.0,0.0,0.0,0.0,0.0,18473,global,0.0
3,5,lr5e-05_bs16_drop0p2_temp1p0_a0p25_b0p05__wd1e-04trmiss0_degmodglobal,16,5e-05,0.0001,0.2,1.0,0.25,0.05,lr5e-05_bs16_drop0p2_temp1p0_a0p25_b0p05__wd1e-04trmiss0_degmodglobal,45,0.5274969413876534,0.6421357989311218,0.6111111111111112,0.8466200466200469,0.6153846153846154,0.0,0.45815933495759964,0.5015563517808914,0.06573593057692051,0.1901319706812501,0.0,0.0,0.0,0.0,0.0,18473,global,0.0
3,5,lr5e-05_bs16_drop0p2_temp1p0_a0p25_b0p05__wd1e-04trmiss0_degmodglobal,16,5e-05,0.0001,0.2,1.0,0.25,0.05,lr5e-05_bs16_drop0p2_temp1p0_a0p25_b0p05__wd1e-04trmiss0_degmodglobal,46,0.4925095811486244,0.6422512531280518,0.6111111111111112,0.8466200466200469,0.6153846153846154,0.0,0.46011555194854736,0.4752255007624626,0.051447453908622265,0.08844425389543176,0.0,0.0,0.0,0.0,0.0,18473,global,0.0
3,5,lr5e-05_bs16_drop0p2_temp1p0_a0p25_b0p05__wd1e-04trmiss0_degmodglobal,16,5e-05,0.0001,0.2,1.0,0.25,0.05,lr5e-05_bs16_drop0p2_temp1p0_a0p25_b0p05__wd1e-04trmiss0_degmodglobal,47,0.536009818315506,0.6408279538154602,0.5833333333333334,0.8243978243978245,0.6153846153846154,0.0,0.5078101232647896,0.5216191709041595,0.04398496635258198,0.06788793439045548,0.0,0.0,0.0,0.0,0.0,18473,global,0.0
3,5,lr5e-05_bs16_drop0p2_temp2p0_a0p25_b0p05__wd1e-04trmiss0_degmodglobal,16,5e-05,0.0001,0.2,2.0,0.25,0.05,lr5e-05_bs16_drop0p2_temp2p0_a0p25_b0p05__wd1e-04trmiss0_degmodglobal,1,0.667552188038826,0.6086761355400085,0.9444444444444444,0.9797979797979799,0.8461538461538461,0.0,0.7037309110164642,0.6520438492298126,0.0349259078502655,0.1355370096862316,0.0,0.0,0.0,0.0,0.0,18473,global,0.0
3,5,lr5e-05_bs16_drop0p2_temp2p0_a0p25_b0p05__wd1e-04trmiss0_degmodglobal,16,5e-05,0.0001,0.2,2.0,0.25,0.05,lr5e-05_bs16_drop0p2_temp2p0_a0p25_b0p05__wd1e-04trmiss0_degmodglobal,2,0.6604181528091431,0.6061733961105347,0.9166666666666666,0.9674523007856344,0.7692307692307693,0.0,0.6627933084964752,0.6438703685998917,0.038722310215234756,0.1373442392796278,0.0,0.0,0.0,0.0,0.0,18473,global,0.0
3,5,lr5e-05_bs16_drop0p2_temp2p0_a0p25_b0p05__wd1e-04trmiss0_degmodglobal,16,5e-05,0.0001,0.2,2.0,0.25,0.05,lr5e-05_bs16_drop0p2_temp2p0_a0p25_b0p05__wd1e-04trmiss0_degmodglobal,3,0.6358809918165207,0.6019129753112793,0.8888888888888888,0.9575757575757577,0.7692307692307693,0.0,0.6454637795686722,0.6199751049280167,0.03877133643254638,0.12426114920526743,0.0,0.0,0.0,0.0,0.0,18473,global,0.0
3,5,lr5e-05_bs16_drop0p2_temp2p0_a0p25_b0p05__wd1e-04trmiss0_degmodglobal,16,5e-05,0.0001,0.2,2.0,0.25,0.05,lr5e-05_bs16_drop0p2_temp2p0_a0p25_b0p05__wd1e-04trmiss0_degmodglobal,4,0.6337887346744537,0.5954450368881226,0.8888888888888888,0.9575757575757577,0.7692307692307693,0.0,0.6417314112186432,0.6185637414455414,0.03478187834843993,0.13059060461819172,0.0,0.0,0.0,0.0,0.0,18473,global,0.0
3,5,lr5e-05_bs16_drop0p2_temp2p0_a0p25_b0p05__wd1e-04trmiss0_degmodglobal,16,5e-05,0.0001,0.2,2.0,0.25,0.05,lr5e-05_bs16_drop0p2_temp2p0_a0p25_b0p05__wd1e-04trmiss0_degmodglobal,5,0.6213200688362122,0.5909930467605591,0.8888888888888888,0.9575757575757577,0.7692307692307693,0.0,0.6118153631687164,0.605621799826622,0.03736039949581027,0.12716360576450825,0.0,0.0,0.0,0.0,0.0,18473,global,0.0
3,5,lr5e-05_bs16_drop0p2_temp2p0_a0p25_b0p05__wd1e-04trmiss0_degmodglobal,16,5e-05,0.0001,0.2,2.0,0.25,0.05,lr5e-05_bs16_drop0p2_temp2p0_a0p25_b0p05__wd1e-04trmiss0_degmodglobal,6,0.6017562747001648,0.587658703327179,0.8888888888888888,0.9575757575757577,0.7692307692307693,0.0,0.6360097974538803,0.5886148363351822,0.030574850738048553,0.10995443724095821,0.0,0.0,0.0,0.0,0.0,18473,global,0.0
3,5,lr5e-05_bs16_drop0p2_temp2p0_a0p25_b0p05__wd1e-04trmiss0_degmodglobal,16,5e-05,0.0001,0.2,2.0,0.25,0.05,lr5e-05_bs16_drop0p2_temp2p0_a0p25_b0p05__wd1e-04trmiss0_degmodglobal,7,0.593550518155098,0.5880119800567627,0.8888888888888888,0.9575757575757577,0.7692307692307693,0.0,0.6147394478321075,0.5813735276460648,0.03089281404390931,0.0890759825706482,0.0,0.0,0.0,0.0,0.0,18473,global,0.0
3,5,lr5e-05_bs16_drop0p2_temp2p0_a0p25_b0p05__wd1e-04trmiss0_degmodglobal,16,5e-05,0.0001,0.2,2.0,0.25,0.05,lr5e-05_bs16_drop0p2_temp2p0_a0p25_b0p05__wd1e-04trmiss0_degmodglobal,8,0.5763963609933853,0.5872400999069214,0.8888888888888888,0.9575757575757577,0.6923076923076923,0.0,0.6073511093854904,0.5616997182369232,0.03675530944019556,0.11015639826655388,0.0,0.0,0.0,0.0,0.0,18473,global,0.0
3,5,lr5e-05_bs16_drop0p2_temp2p0_a0p25_b0p05__wd1e-04trmiss0_degmodglobal,16,5e-05,0.0001,0.2,2.0,0.25,0.05,lr5e-05_bs16_drop0p2_temp2p0_a0p25_b0p05__wd1e-04trmiss0_degmodglobal,9,0.5706007033586502,0.5859526991844177,0.8888888888888888,0.9575757575757577,0.6923076923076923,0.0,0.6109478175640106,0.5541433990001678,0.04348268359899521,0.11173261888325214,0.0,0.0,0.0,0.0,0.0,18473,global,0.0
3,5,lr5e-05_bs16_drop0p2_temp2p0_a0p25_b0p05__wd1e-04trmiss0_degmodglobal,16,5e-05,0.0001,0.2,2.0,0.25,0.05,lr5e-05_bs16_drop0p2_temp2p0_a0p25_b0p05__wd1e-04trmiss0_degmodglobal,10,0.5899147689342499,0.5849213600158691,0.8611111111111112,0.9500000000000002,0.6923076923076923,0.0,0.6047890186309814,0.5749841183423996,0.03531987685710192,0.12201362662017345,0.0,0.0,0.0,0.0,0.0,18473,global,0.0
3,5,lr5e-05_bs16_drop0p2_temp2p0_a0p25_b0p05__wd1e-04trmiss0_degmodglobal,16,5e-05,0.0001,0.2,2.0,0.25,0.05,lr5e-05_bs16_drop0p2_temp2p0_a0p25_b0p05__wd1e-04trmiss0_degmodglobal,11,0.5722008794546127,0.5860499739646912,0.8333333333333334,0.941919191919192,0.6153846153846154,0.0,0.5791047066450119,0.5607923716306686,0.031779552809894085,0.06927239894866943,0.0,0.0,0.0,0.0,0.0,18473,global,0.0
3,5,lr5e-05_bs16_drop0p2_temp2p0_a0p25_b0p05__wd1e-04trmiss0_degmodglobal,16,5e-05,0.0001,0.2,2.0,0.25,0.05,lr5e-05_bs16_drop0p2_temp2p0_a0p25_b0p05__wd1e-04trmiss0_degmodglobal,12,0.599913090467453,0.5839940309524536,0.8333333333333334,0.941919191919192,0.6153846153846154,0.0,0.5972368121147156,0.5847129672765732,0.03877114038914442,0.11014673858880997,0.0,0.0,0.0,0.0,0.0,18473,global,0.0
3,5,lr5e-05_bs16_drop0p2_temp2p0_a0p25_b0p05__wd1e-04trmiss0_degmodglobal,16,5e-05,0.0001,0.2,2.0,0.25,0.05,lr5e-05_bs16_drop0p2_temp2p0_a0p25_b0p05__wd1e-04trmiss0_degmodglobal,13,0.5741085559129715,0.5790982246398926,0.8333333333333334,0.941919191919192,0.7692307692307693,0.0,0.5761070400476456,0.5579231232404709,0.041152449790388346,0.11794626899063587,0.0,0.0,0.0,0.0,0.0,18473,global,0.0
3,5,lr5e-05_bs16_drop0p2_temp2p0_a0p25_b0p05__wd1e-04trmiss0_degmodglobal,16,5e-05,0.0001,0.2,2.0,0.25,0.05,lr5e-05_bs16_drop0p2_temp2p0_a0p25_b0p05__wd1e-04trmiss0_degmodglobal,14,0.5564099699258804,0.5853779911994934,0.8333333333333334,0.941919191919192,0.6153846153846154,0.0,0.564479261636734,0.5388467758893967,0.04382425453513861,0.1321429032832384,0.0,0.0,0.0,0.0,0.0,18473,global,0.0
3,5,lr5e-05_bs16_drop0p2_temp2p0_a0p25_b0p05__wd1e-04trmiss0_degmodglobal,16,5e-05,0.0001,0.2,2.0,0.25,0.05,lr5e-05_bs16_drop0p2_temp2p0_a0p25_b0p05__wd1e-04trmiss0_degmodglobal,15,0.5425406396389008,0.5877456068992615,0.8333333333333334,0.941919191919192,0.6153846153846154,0.0,0.556406632065773,0.5273653864860535,0.037054888904094696,0.1182309789583087,0.0,0.0,0.0,0.0,0.0,18473,global,0.0
3,5,lr5e-05_bs16_drop0p2_temp2p0_a0p25_b0p05__wd1e-04trmiss0_degmodglobal,16,5e-05,0.0001,0.2,2.0,0.25,0.05,lr5e-05_bs16_drop0p2_temp2p0_a0p25_b0p05__wd1e-04trmiss0_degmodglobal,16,0.5348829627037048,0.58818119764328,0.8333333333333334,0.941919191919192,0.6923076923076923,0.0,0.5499328076839447,0.5178450644016266,0.04312575329095125,0.1251293532550335,0.0,0.0,0.0,0.0,0.0,18473,global,0.0
3,5,lr5e-05_bs16_drop0p2_temp2p0_a0p25_b0p05__wd1e-04trmiss0_degmodglobal,16,5e-05,0.0001,0.2,2.0,0.25,0.05,lr5e-05_bs16_drop0p2_temp2p0_a0p25_b0p05__wd1e-04trmiss0_degmodglobal,17,0.530554361641407,0.5804842114448547,0.8333333333333334,0.941919191919192,0.6923076923076923,0.0,0.566044956445694,0.5159303247928619,0.038133646827191114,0.10181241109967232,0.0,0.0,0.0,0.0,0.0,18473,global,0.0
3,5,lr5e-05_bs16_drop0p2_temp2p0_a0p25_b0p05__wd1e-04trmiss0_degmodglobal,16,5e-05,0.0001,0.2,2.0,0.25,0.05,lr5e-05_bs16_drop0p2_temp2p0_a0p25_b0p05__wd1e-04trmiss0_degmodglobal,18,0.5412640124559402,0.5838565230369568,0.8333333333333334,0.941919191919192,0.6923076923076923,0.0,0.5472064092755318,0.5235729068517685,0.050445676781237125,0.10159379430115223,0.0,0.0,0.0,0.0,0.0,18473,global,0.0
3,5,lr5e-05_bs16_drop0p2_temp2p0_a0p25_b0p05__wd1e-04trmiss0_degmodglobal,16,5e-05,0.0001,0.2,2.0,0.25,0.05,lr5e-05_bs16_drop0p2_temp2p0_a0p25_b0p05__wd1e-04trmiss0_degmodglobal,19,0.5552184730768204,0.595288872718811,0.8333333333333334,0.941919191919192,0.6923076923076923,0.0,0.5973090529441833,0.5374754071235657,0.04560135118663311,0.12685487419366837,0.0,0.0,0.0,0.0,0.0,18473,global,0.0
3,5,lr5e-05_bs16_drop0p2_temp2p0_a0p25_b0p05__wd1e-04trmiss0_degmodglobal,16,5e-05,0.0001,0.2,2.0,0.25,0.05,lr5e-05_bs16_drop0p2_temp2p0_a0p25_b0p05__wd1e-04trmiss0_degmodglobal,20,0.5357575714588165,0.61232590675354,0.7777777777777778,0.9121572871572874,0.7692307692307693,0.0,0.5742349624633789,0.5204682350158691,0.035834813956171274,0.12661295384168625,0.0,0.0,0.0,0.0,0.0,18473,global,0.0
3,5,lr5e-05_bs16_drop0p2_temp2p0_a0p25_b0p05__wd1e-04trmiss0_degmodglobal,16,5e-05,0.0001,0.2,2.0,0.25,0.05,lr5e-05_bs16_drop0p2_temp2p0_a0p25_b0p05__wd1e-04trmiss0_degmodglobal,21,0.5173673778772354,0.6079556345939636,0.7777777777777778,0.9121572871572874,0.7692307692307693,0.0,0.5492736250162125,0.49873775988817215,0.04677254147827625,0.13872967287898064,0.0,0.0,0.0,0.0,0.0,18473,global,0.0
3,5,lr5e-05_bs16_drop0p2_temp2p0_a0p25_b0p05__wd1e-04trmiss0_degmodglobal,16,5e-05,0.0001,0.2,2.0,0.25,0.05,lr5e-05_bs16_drop0p2_temp2p0_a0p25_b0p05__wd1e-04trmiss0_degmodglobal,22,0.6039578467607498,0.5963308215141296,0.8055555555555556,0.9280303030303032,0.6923076923076923,0.0,0.5812825411558151,0.5874415785074234,0.045432358514517546,0.1031637154519558,0.0,0.0,0.0,0.0,0.0,18473,global,0.0
3,5,lr5e-05_bs16_drop0p2_temp2p0_a0p25_b0p05__wd1e-04trmiss0_degmodglobal,16,5e-05,0.0001,0.2,2.0,0.25,0.05,lr5e-05_bs16_drop0p2_temp2p0_a0p25_b0p05__wd1e-04trmiss0_degmodglobal,23,0.5232344418764114,0.5936879515647888,0.8611111111111112,0.9500000000000002,0.6923076923076923,0.0,0.5599190443754196,0.5058860406279564,0.04427347518503666,0.12560092471539974,0.0,0.0,0.0,0.0,0.0,18473,global,0.0
3,5,lr5e-05_bs16_drop0p2_temp2p0_a0p25_b0p05__wd1e-04trmiss0_degmodglobal,16,5e-05,0.0001,0.2,2.0,0.25,0.05,lr5e-05_bs16_drop0p2_temp2p0_a0p25_b0p05__wd1e-04trmiss0_degmodglobal,24,0.5088605657219887,0.5876256823539734,0.8611111111111112,0.9500000000000002,0.6923076923076923,0.0,0.5249899700284004,0.49388448148965836,0.04115330567583442,0.09375550411641598,0.0,0.0,0.0,0.0,0.0,18473,global,0.0
3,5,lr5e-05_bs16_drop0p2_temp2p0_a0p25_b0p05__wd1e-04trmiss0_degmodglobal,16,5e-05,0.0001,0.2,2.0,0.25,0.05,lr5e-05_bs16_drop0p2_temp2p0_a0p25_b0p05__wd1e-04trmiss0_degmodglobal,25,0.521449863910675,0.5846409201622009,0.8888888888888888,0.9575757575757577,0.6923076923076923,0.0,0.5634813606739044,0.5071002095937729,0.035280208103358746,0.11059189215302467,0.0,0.0,0.0,0.0,0.0,18473,global,0.0
3,5,lr5e-05_bs16_drop0p2_temp2p0_a0p25_b0p05__wd1e-04trmiss0_degmodglobal,16,5e-05,0.0001,0.2,2.0,0.25,0.05,lr5e-05_bs16_drop0p2_temp2p0_a0p25_b0p05__wd1e-04trmiss0_degmodglobal,26,0.5264078676700592,0.5838670134544373,0.8888888888888888,0.9575757575757577,0.7692307692307693,0.0,0.5505567342042923,0.5061419382691383,0.053966657258570194,0.13548516854643822,0.0,0.0,0.0,0.0,0.0,18473,global,0.0
3,5,lr5e-05_bs16_drop0p2_temp2p0_a0p25_b0p05__wd1e-04trmiss0_degmodglobal,16,5e-05,0.0001,0.2,2.0,0.25,0.05,lr5e-05_bs16_drop0p2_temp2p0_a0p25_b0p05__wd1e-04trmiss0_degmodglobal,27,0.5237455666065216,0.5830847024917603,0.8888888888888888,0.9575757575757577,0.7692307692307693,0.0,0.5346115231513977,0.5065884664654732,0.04998864885419607,0.09319892898201942,0.0,0.0,0.0,0.0,0.0,18473,global,0.0
3,5,lr5e-05_bs16_drop0p2_temp2p0_a0p25_b0p05__wd1e-04trmiss0_degmodglobal,16,5e-05,0.0001,0.2,2.0,0.25,0.05,lr5e-05_bs16_drop0p2_temp2p0_a0p25_b0p05__wd1e-04trmiss0_degmodglobal,28,0.5659376531839371,0.5805865526199341,0.8611111111111112,0.9500000000000002,0.7692307692307693,0.0,0.5722094774246216,0.5464495569467545,0.053344196639955044,0.12304037809371948,0.0,0.0,0.0,0.0,0.0,18473,global,0.0
3,5,lr5e-05_bs16_drop0p2_temp2p0_a0p25_b0p05__wd1e-04trmiss0_degmodglobal,16,5e-05,0.0001,0.2,2.0,0.25,0.05,lr5e-05_bs16_drop0p2_temp2p0_a0p25_b0p05__wd1e-04trmiss0_degmodglobal,29,0.5115018784999847,0.5811229944229126,0.8888888888888888,0.9575757575757577,0.6923076923076923,0.0,0.5171100497245789,0.49350418895483017,0.05360289290547371,0.09193916246294975,0.0,0.0,0.0,0.0,0.0,18473,global,0.0
3,5,lr5e-05_bs16_drop0p2_temp2p0_a0p25_b0p05__wd1e-04trmiss0_degmodglobal,16,5e-05,0.0001,0.2,2.0,0.25,0.05,lr5e-05_bs16_drop0p2_temp2p0_a0p25_b0p05__wd1e-04trmiss0_degmodglobal,30,0.5182936489582062,0.579605221748352,0.8888888888888888,0.9575757575757577,0.7692307692307693,0.0,0.5120324790477753,0.4998859092593193,0.05001005716621876,0.11810462735593319,0.0,0.0,0.0,0.0,0.0,18473,global,0.0
3,5,lr5e-05_bs16_drop0p2_temp2p0_a0p25_b0p05__wd1e-04trmiss0_degmodglobal,16,5e-05,0.0001,0.2,2.0,0.25,0.05,lr5e-05_bs16_drop0p2_temp2p0_a0p25_b0p05__wd1e-04trmiss0_degmodglobal,31,0.5197910517454147,0.5774582028388977,0.8888888888888888,0.9575757575757577,0.6923076923076923,0.0,0.5596740171313286,0.5003407225012779,0.05025143176317215,0.1377494540065527,0.0,0.0,0.0,0.0,0.0,18473,global,0.0
3,5,lr5e-05_bs16_drop0p2_temp2p0_a0p25_b0p05__wd1e-04trmiss0_degmodglobal,16,5e-05,0.0001,0.2,2.0,0.25,0.05,lr5e-05_bs16_drop0p2_temp2p0_a0p25_b0p05__wd1e-04trmiss0_degmodglobal,32,0.5482970178127289,0.5765370726585388,0.8888888888888888,0.9575757575757577,0.7692307692307693,0.0,0.5524578839540482,0.5314445644617081,0.04761155787855387,0.09899118915200233,0.0,0.0,0.0,0.0,0.0,18473,global,0.0
3,5,lr5e-05_bs16_drop0p2_temp2p0_a0p25_b0p05__wd1e-04trmiss0_degmodglobal,16,5e-05,0.0001,0.2,2.0,0.25,0.05,lr5e-05_bs16_drop0p2_temp2p0_a0p25_b0p05__wd1e-04trmiss0_degmodglobal,33,0.504046618938446,0.5786826014518738,0.8888888888888888,0.9575757575757577,0.6923076923076923,0.0,0.5323455929756165,0.4855610951781273,0.051924603059887886,0.11008741520345211,0.0,0.0,0.0,0.0,0.0,18473,global,0.0
3,5,lr5e-05_bs16_drop0p2_temp2p0_a0p25_b0p05__wd1e-04trmiss0_degmodglobal,16,5e-05,0.0001,0.2,2.0,0.25,0.05,lr5e-05_bs16_drop0p2_temp2p0_a0p25_b0p05__wd1e-04trmiss0_degmodglobal,34,0.5227707102894783,0.5790902972221375,0.8888888888888888,0.9575757575757577,0.7692307692307693,0.0,0.5277533978223801,0.5066495835781097,0.04381683375686407,0.10333861596882343,0.0,0.0,0.0,0.0,0.0,18473,global,0.0
3,5,lr5e-05_bs16_drop0p2_temp2p0_a0p25_b0p05__wd1e-04trmiss0_degmodglobal,16,5e-05,0.0001,0.2,2.0,0.25,0.05,lr5e-05_bs16_drop0p2_temp2p0_a0p25_b0p05__wd1e-04trmiss0_degmodglobal,35,0.5324808433651924,0.5791520476341248,0.8611111111111112,0.9500000000000002,0.6923076923076923,0.0,0.5412931591272354,0.5143757164478302,0.048055979423224926,0.12182240188121796,0.0,0.0,0.0,0.0,0.0,18473,global,0.0
3,5,lr5e-05_bs16_drop0p2_temp2p0_a0p25_b0p05__wd1e-04trmiss0_degmodglobal,16,5e-05,0.0001,0.2,2.0,0.25,0.05,lr5e-05_bs16_drop0p2_temp2p0_a0p25_b0p05__wd1e-04trmiss0_degmodglobal,36,0.5443409085273743,0.5807215571403503,0.8888888888888888,0.9575757575757577,0.6923076923076923,0.0,0.5286146923899651,0.5271922200918198,0.04906974732875824,0.09762505907565355,0.0,0.0,0.0,0.0,0.0,18473,global,0.0
3,5,lr5e-05_bs16_drop0p2_temp2p0_a0p25_b0p05__wd1e-04trmiss0_degmodglobal,16,5e-05,0.0001,0.2,2.0,0.25,0.05,lr5e-05_bs16_drop0p2_temp2p0_a0p25_b0p05__wd1e-04trmiss0_degmodglobal,37,0.4962666556239128,0.5852910280227661,0.8888888888888888,0.9575757575757577,0.6923076923076923,0.0,0.5164812356233597,0.479960061609745,0.04484484251588583,0.10190776363015175,0.0,0.0,0.0,0.0,0.0,18473,global,0.0
3,5,lr5e-05_bs16_drop0p2_temp2p0_a0p25_b0p05__wd1e-04trmiss0_degmodglobal,16,5e-05,0.0001,0.2,2.0,0.25,0.05,lr5e-05_bs16_drop0p2_temp2p0_a0p25_b0p05__wd1e-04trmiss0_degmodglobal,38,0.4995810315012932,0.582429051399231,0.8611111111111112,0.9500000000000002,0.6923076923076923,0.0,0.5117830038070679,0.4841969683766365,0.045639580581337214,0.07948338612914085,0.0,0.0,0.0,0.0,0.0,18473,global,0.0
3,5,lr5e-05_bs16_drop0p2_temp2p0_a0p25_b0p05__wd1e-04trmiss0_degmodglobal,16,5e-05,0.0001,0.2,2.0,0.25,0.05,lr5e-05_bs16_drop0p2_temp2p0_a0p25_b0p05__wd1e-04trmiss0_degmodglobal,39,0.5234340950846672,0.5821755528450012,0.8611111111111112,0.9500000000000002,0.6923076923076923,0.0,0.5280212908983231,0.5081788823008537,0.041062588803470135,0.09979151748120785,0.0,0.0,0.0,0.0,0.0,18473,global,0.0
3,5,lr5e-05_bs16_drop0p2_temp2p0_a0p25_b0p05__wd1e-04trmiss0_degmodglobal,16,5e-05,0.0001,0.2,2.0,0.25,0.05,lr5e-05_bs16_drop0p2_temp2p0_a0p25_b0p05__wd1e-04trmiss0_degmodglobal,40,0.534846305847168,0.580499529838562,0.8888888888888888,0.9575757575757577,0.6923076923076923,0.0,0.5335337668657303,0.5204585418105125,0.04199351742863655,0.0777876190841198,0.0,0.0,0.0,0.0,0.0,18473,global,0.0
3,5,lr5e-05_bs16_drop0p2_temp2p0_a0p25_b0p05__wd1e-04trmiss0_degmodglobal,16,5e-05,0.0001,0.2,2.0,0.25,0.05,lr5e-05_bs16_drop0p2_temp2p0_a0p25_b0p05__wd1e-04trmiss0_degmodglobal,41,0.5069734379649162,0.5806824564933777,0.8888888888888888,0.9575757575757577,0.6923076923076923,0.0,0.5092975348234177,0.48942646384239197,0.04935923404991627,0.10414331220090389,0.0,0.0,0.0,0.0,0.0,18473,global,0.0
3,5,lr5e-05_bs16_drop0p2_temp2p0_a0p25_b0p05__wd1e-04trmiss0_degmodglobal,16,5e-05,0.0001,0.2,2.0,0.25,0.05,lr5e-05_bs16_drop0p2_temp2p0_a0p25_b0p05__wd1e-04trmiss0_degmodglobal,42,0.5136163160204887,0.5789849758148193,0.8888888888888888,0.9575757575757577,0.6923076923076923,0.0,0.5169058293104172,0.49454906582832336,0.04945711325854063,0.13405964523553848,0.0,0.0,0.0,0.0,0.0,18473,global,0.0
3,5,lr5e-05_bs16_drop0p2_temp2p0_a0p25_b0p05__wd1e-04trmiss0_degmodglobal,16,5e-05,0.0001,0.2,2.0,0.25,0.05,lr5e-05_bs16_drop0p2_temp2p0_a0p25_b0p05__wd1e-04trmiss0_degmodglobal,43,0.49665112793445587,0.5806562304496765,0.8888888888888888,0.9575757575757577,0.6923076923076923,0.0,0.516272522509098,0.4821860045194626,0.04139948729425669,0.0823048111051321,0.0,0.0,0.0,0.0,0.0,18473,global,0.0
3,5,lr5e-05_bs16_drop0p2_temp2p0_a0p25_b0p05__wd1e-04trmiss0_degmodglobal,16,5e-05,0.0001,0.2,2.0,0.25,0.05,lr5e-05_bs16_drop0p2_temp2p0_a0p25_b0p05__wd1e-04trmiss0_degmodglobal,44,0.49696093797683716,0.5797523856163025,0.8888888888888888,0.9575757575757577,0.6923076923076923,0.0,0.48903464525938034,0.48135798424482346,0.04731589090079069,0.07547970488667488,0.0,0.0,0.0,0.0,0.0,18473,global,0.0
3,5,lr5e-05_bs16_drop0p2_temp2p0_a0p25_b0p05__wd1e-04trmiss0_degmodglobal,16,5e-05,0.0001,0.2,2.0,0.25,0.05,lr5e-05_bs16_drop0p2_temp2p0_a0p25_b0p05__wd1e-04trmiss0_degmodglobal,45,0.5191878229379654,0.5763455629348755,0.8888888888888888,0.9575757575757577,0.7692307692307693,0.0,0.5007949620485306,0.5023880898952484,0.042175544425845146,0.12511716596782207,0.0,0.0,0.0,0.0,0.0,18473,global,0.0
3,5,lr5e-05_bs16_drop0p2_temp2p0_a0p25_b0p05__wd1e-04trmiss0_degmodglobal,16,5e-05,0.0001,0.2,2.0,0.25,0.05,lr5e-05_bs16_drop0p2_temp2p0_a0p25_b0p05__wd1e-04trmiss0_degmodglobal,46,0.523077592253685,0.5763174891471863,0.8888888888888888,0.9575757575757577,0.7692307692307693,0.0,0.5146714895963669,0.5063518807291985,0.044823843985795975,0.11039517633616924,0.0,0.0,0.0,0.0,0.0,18473,global,0.0
3,5,lr5e-05_bs16_drop0p2_temp2p0_a0p25_b0p05__wd1e-04trmiss0_degmodglobal,16,5e-05,0.0001,0.2,2.0,0.25,0.05,lr5e-05_bs16_drop0p2_temp2p0_a0p25_b0p05__wd1e-04trmiss0_degmodglobal,47,0.5378242433071136,0.5793693661689758,0.8888888888888888,0.9575757575757577,0.7692307692307693,0.0,0.5105993449687958,0.5215927213430405,0.04682113789021969,0.09052442573010921,0.0,0.0,0.0,0.0,0.0,18473,global,0.0
3,5,lr5e-05_bs16_drop0p2_temp2p0_a0p25_b0p05__wd1e-04trmiss0_degmodglobal,16,5e-05,0.0001,0.2,2.0,0.25,0.05,lr5e-05_bs16_drop0p2_temp2p0_a0p25_b0p05__wd1e-04trmiss0_degmodglobal,48,0.5462979301810265,0.5775420069694519,0.8888888888888888,0.9575757575757577,0.7692307692307693,0.0,0.5408311039209366,0.5279555469751358,0.05468840338289738,0.09340518526732922,0.0,0.0,0.0,0.0,0.0,18473,global,0.0
3,5,lr5e-05_bs16_drop0p2_temp2p0_a0p25_b0p05__wd1e-04trmiss0_degmodglobal,16,5e-05,0.0001,0.2,2.0,0.25,0.05,lr5e-05_bs16_drop0p2_temp2p0_a0p25_b0p05__wd1e-04trmiss0_degmodglobal,49,0.5162617415189743,0.5773434042930603,0.8888888888888888,0.9575757575757577,0.7692307692307693,0.0,0.5221166238188744,0.4951602816581726,0.05003277491778135,0.17186503484845161,0.0,0.0,0.0,0.0,0.0,18473,global,0.0
3,5,lr5e-05_bs16_drop0p2_temp2p0_a0p25_b0p05__wd1e-04trmiss0_degmodglobal,16,5e-05,0.0001,0.2,2.0,0.25,0.05,lr5e-05_bs16_drop0p2_temp2p0_a0p25_b0p05__wd1e-04trmiss0_degmodglobal,50,0.5172419100999832,0.5789651274681091,0.8888888888888888,0.9575757575757577,0.6923076923076923,0.0,0.514839418232441,0.5025500506162643,0.04383151512593031,0.07467942405492067,0.0,0.0,0.0,0.0,0.0,18473,global,0.0
3,5,lr5e-05_bs16_drop0p2_temp2p0_a0p25_b0p05__wd1e-04trmiss0_degmodglobal,16,5e-05,0.0001,0.2,2.0,0.25,0.05,lr5e-05_bs16_drop0p2_temp2p0_a0p25_b0p05__wd1e-04trmiss0_degmodglobal,51,0.5367690175771713,0.5771852731704712,0.8888888888888888,0.9575757575757577,0.6923076923076923,0.0,0.4889957383275032,0.5191423520445824,0.049329486675560474,0.10588609240949154,0.0,0.0,0.0,0.0,0.0,18473,global,0.0
3,5,lr5e-05_bs16_drop0p2_temp2p0_a0p25_b0p05__wd1e-04trmiss0_degmodglobal,16,5e-05,0.0001,0.2,2.0,0.25,0.05,lr5e-05_bs16_drop0p2_temp2p0_a0p25_b0p05__wd1e-04trmiss0_degmodglobal,52,0.5158778354525566,0.5794083476066589,0.8888888888888888,0.9575757575757577,0.6923076923076923,0.0,0.5249365940690041,0.4992649331688881,0.047244795598089695,0.0960342176258564,0.0,0.0,0.0,0.0,0.0,18473,global,0.0
3,5,lr5e-05_bs16_drop0p2_temp2p0_a0p25_b0p05__wd1e-04trmiss0_degmodglobal,16,5e-05,0.0001,0.2,2.0,0.25,0.05,lr5e-05_bs16_drop0p2_temp2p0_a0p25_b0p05__wd1e-04trmiss0_degmodglobal,53,0.5116870179772377,0.5794678926467896,0.8888888888888888,0.9575757575757577,0.6923076923076923,0.0,0.5132831782102585,0.4922032803297043,0.05574210733175278,0.11096419766545296,0.0,0.0,0.0,0.0,0.0,18473,global,0.0
3,5,lr5e-05_bs16_drop0p2_temp2p0_a0p25_b0p05__wd1e-04trmiss0_degmodglobal,16,5e-05,0.0001,0.2,2.0,0.25,0.05,lr5e-05_bs16_drop0p2_temp2p0_a0p25_b0p05__wd1e-04trmiss0_degmodglobal,54,0.5072514191269875,0.5801699757575989,0.8888888888888888,0.9575757575757577,0.6923076923076923,0.0,0.505146712064743,0.48907603323459625,0.049541146494448185,0.1158019881695509,0.0,0.0,0.0,0.0,0.0,18473,global,0.0
3,5,lr5e-05_bs16_drop0p2_temp2p0_a0p25_b0p05__wd1e-04trmiss0_degmodglobal,16,5e-05,0.0001,0.2,2.0,0.25,0.05,lr5e-05_bs16_drop0p2_temp2p0_a0p25_b0p05__wd1e-04trmiss0_degmodglobal,55,0.5185902938246727,0.5792999267578125,0.8888888888888888,0.9575757575757577,0.6923076923076923,0.0,0.5205455049872398,0.5009203553199768,0.047212863340973854,0.11733439937233925,0.0,0.0,0.0,0.0,0.0,18473,global,0.0
3,5,lr5e-05_bs16_drop0p2_temp2p0_a0p25_b0p05__wd1e-04trmiss0_degmodglobal,16,5e-05,0.0001,0.2,2.0,0.25,0.05,lr5e-05_bs16_drop0p2_temp2p0_a0p25_b0p05__wd1e-04trmiss0_degmodglobal,56,0.5032745227217674,0.5820733308792114,0.8888888888888888,0.9575757575757577,0.6923076923076923,0.0,0.5148152709007263,0.48083721846342087,0.06652362179011106,0.11612790822982788,0.0,0.0,0.0,0.0,0.0,18473,global,0.0
3,5,lr5e-05_bs16_drop0p2_temp2p0_a0p25_b0p05__wd1e-04trmiss0_degmodglobal,16,5e-05,0.0001,0.2,2.0,0.25,0.05,lr5e-05_bs16_drop0p2_temp2p0_a0p25_b0p05__wd1e-04trmiss0_degmodglobal,57,0.5127265378832817,0.5783112049102783,0.8888888888888888,0.9575757575757577,0.6923076923076923,0.0,0.5104758143424988,0.49710408598184586,0.041595266200602055,0.1044725775718689,0.0,0.0,0.0,0.0,0.0,18473,global,0.0
3,5,lr5e-05_bs16_drop0p2_temp2p0_a0p25_b0p05__wd1e-04trmiss0_degmodglobal,16,5e-05,0.0001,0.2,2.0,0.25,0.05,lr5e-05_bs16_drop0p2_temp2p0_a0p25_b0p05__wd1e-04trmiss0_degmodglobal,58,0.49415767192840576,0.5768551826477051,0.8888888888888888,0.9575757575757577,0.6923076923076923,0.0,0.4823908731341362,0.4736535847187042,0.05915744509547949,0.1142949191853404,0.0,0.0,0.0,0.0,0.0,18473,global,0.0
3,5,lr5e-05_bs16_drop0p2_temp2p0_a0p25_b0p05__wd1e-04trmiss0_degmodglobal,16,5e-05,0.0001,0.2,2.0,0.25,0.05,lr5e-05_bs16_drop0p2_temp2p0_a0p25_b0p05__wd1e-04trmiss0_degmodglobal,59,0.5083441510796547,0.5749449133872986,0.8888888888888888,0.9575757575757577,0.7692307692307693,0.0,0.4951190948486328,0.4891234487295151,0.05442802608013153,0.1122740488499403,0.0,0.0,0.0,0.0,0.0,18473,global,0.0
3,5,lr5e-05_bs16_drop0p2_temp2p0_a0p25_b0p05__wd1e-04trmiss0_degmodglobal,16,5e-05,0.0001,0.2,2.0,0.25,0.05,lr5e-05_bs16_drop0p2_temp2p0_a0p25_b0p05__wd1e-04trmiss0_degmodglobal,60,0.5159629732370377,0.5747615694999695,0.8888888888888888,0.9575757575757577,0.7692307692307693,0.0,0.4740949794650078,0.4980374276638031,0.05508333072066307,0.08309404365718365,0.0,0.0,0.0,0.0,0.0,18473,global,0.0
3,5,lr5e-05_bs16_drop0p2_temp2p0_a0p25_b0p05__wd1e-04trmiss0_degmodglobal,16,5e-05,0.0001,0.2,2.0,0.25,0.05,lr5e-05_bs16_drop0p2_temp2p0_a0p25_b0p05__wd1e-04trmiss0_degmodglobal,61,0.5144666209816933,0.5768351554870605,0.8888888888888888,0.9575757575757577,0.6923076923076923,0.0,0.521137073636055,0.49470943212509155,0.056944056414067745,0.11042373068630695,0.0,0.0,0.0,0.0,0.0,18473,global,0.0
3,5,lr5e-05_bs16_drop0p2_temp2p0_a0p25_b0p05__wd1e-04trmiss0_degmodglobal,16,5e-05,0.0001,0.2,2.0,0.25,0.05,lr5e-05_bs16_drop0p2_temp2p0_a0p25_b0p05__wd1e-04trmiss0_degmodglobal,62,0.497023805975914,0.577272891998291,0.8888888888888888,0.9575757575757577,0.6923076923076923,0.0,0.4842255041003227,0.48007385432720184,0.04707446414977312,0.10362670198082924,0.0,0.0,0.0,0.0,0.0,18473,global,0.0
3,5,lr5e-05_bs16_drop0p2_temp2p0_a0p25_b0p05__wd1e-04trmiss0_degmodglobal,16,5e-05,0.0001,0.2,2.0,0.25,0.05,lr5e-05_bs16_drop0p2_temp2p0_a0p25_b0p05__wd1e-04trmiss0_degmodglobal,63,0.5404785349965096,0.5727899670600891,0.8888888888888888,0.9575757575757577,0.7692307692307693,0.0,0.5080506801605225,0.5150754079222679,0.07422345131635666,0.13694500550627708,0.0,0.0,0.0,0.0,0.0,18473,global,0.0
3,5,lr5e-05_bs16_drop0p2_temp2p0_a0p25_b0p05__wd1e-04trmiss0_degmodglobal,16,5e-05,0.0001,0.2,2.0,0.25,0.05,lr5e-05_bs16_drop0p2_temp2p0_a0p25_b0p05__wd1e-04trmiss0_degmodglobal,64,0.5209154486656189,0.5736870765686035,0.8888888888888888,0.9575757575757577,0.6923076923076923,0.0,0.5138314217329025,0.5015294626355171,0.05600731633603573,0.10768286883831024,0.0,0.0,0.0,0.0,0.0,18473,global,0.0
3,5,lr5e-05_bs16_drop0p2_temp2p0_a0p25_b0p05__wd1e-04trmiss0_degmodglobal,16,5e-05,0.0001,0.2,2.0,0.25,0.05,lr5e-05_bs16_drop0p2_temp2p0_a0p25_b0p05__wd1e-04trmiss0_degmodglobal,65,0.49736711382865906,0.572171688079834,0.8888888888888888,0.9575757575757577,0.6923076923076923,0.0,0.4954744353890419,0.47980115562677383,0.048315152525901794,0.10974336043000221,0.0,0.0,0.0,0.0,0.0,18473,global,0.0
3,5,lr5e-05_bs16_drop0p2_temp2p0_a0p25_b0p05__wd1e-04trmiss0_degmodglobal,16,5e-05,0.0001,0.2,2.0,0.25,0.05,lr5e-05_bs16_drop0p2_temp2p0_a0p25_b0p05__wd1e-04trmiss0_degmodglobal,66,0.4991929903626442,0.5744025111198425,0.8888888888888888,0.9575757575757577,0.6923076923076923,0.0,0.472606360912323,0.47810643166303635,0.06177015136927366,0.11288026161491871,0.0,0.0,0.0,0.0,0.0,18473,global,0.0
3,5,lr5e-05_bs16_drop0p2_temp2p0_a0p25_b0p05__wd1e-04trmiss0_degmodglobal,16,5e-05,0.0001,0.2,2.0,0.25,0.05,lr5e-05_bs16_drop0p2_temp2p0_a0p25_b0p05__wd1e-04trmiss0_degmodglobal,67,0.5122251808643341,0.5750851631164551,0.8888888888888888,0.9575757575757577,0.7692307692307693,0.0,0.5123341009020805,0.48435620218515396,0.0855035213753581,0.12986190151423216,0.0,0.0,0.0,0.0,0.0,18473,global,0.0
3,5,lr5e-05_bs16_drop0p2_temp2p0_a0p25_b0p05__wd1e-04trmiss0_degmodglobal,16,5e-05,0.0001,0.2,2.0,0.25,0.05,lr5e-05_bs16_drop0p2_temp2p0_a0p25_b0p05__wd1e-04trmiss0_degmodglobal,68,0.528668574988842,0.5748899579048157,0.8888888888888888,0.9575757575757577,0.7692307692307693,0.0,0.5228101834654808,0.505566693842411,0.06580193527042866,0.13302800804376602,0.0,0.0,0.0,0.0,0.0,18473,global,0.0
3,5,lr5e-05_bs16_drop0p2_temp2p0_a0p25_b0p05__wd1e-04trmiss0_degmodglobal,16,5e-05,0.0001,0.2,2.0,0.25,0.05,lr5e-05_bs16_drop0p2_temp2p0_a0p25_b0p05__wd1e-04trmiss0_degmodglobal,69,0.5065406635403633,0.5727400779724121,0.8888888888888888,0.9575757575757577,0.6923076923076923,0.0,0.5035171806812286,0.4873911142349243,0.04893155675381422,0.1383331473916769,0.0,0.0,0.0,0.0,0.0,18473,global,0.0
3,5,lr5e-05_bs16_drop0p2_temp2p0_a0p25_b0p05__wd1e-04trmiss0_degmodglobal,16,5e-05,0.0001,0.2,2.0,0.25,0.05,lr5e-05_bs16_drop0p2_temp2p0_a0p25_b0p05__wd1e-04trmiss0_degmodglobal,70,0.49064889550209045,0.5731071829795837,0.8888888888888888,0.9575757575757577,0.7692307692307693,0.0,0.4704461023211479,0.4702804759144783,0.06195086892694235,0.0976140908896923,0.0,0.0,0.0,0.0,0.0,18473,global,0.0
3,5,lr5e-05_bs16_drop0p2_temp2p0_a0p25_b0p05__wd1e-04trmiss0_degmodglobal,16,5e-05,0.0001,0.2,2.0,0.25,0.05,lr5e-05_bs16_drop0p2_temp2p0_a0p25_b0p05__wd1e-04trmiss0_degmodglobal,71,0.5319535061717033,0.5730442404747009,0.8888888888888888,0.9575757575757577,0.7692307692307693,0.0,0.4985301196575165,0.5133915618062019,0.0506345946341753,0.11806583311408758,0.0,0.0,0.0,0.0,0.0,18473,global,0.0
3,5,lr5e-05_bs16_drop0p2_temp2p0_a0p25_b0p05__wd1e-04trmiss0_degmodglobal,16,5e-05,0.0001,0.2,2.0,0.25,0.05,lr5e-05_bs16_drop0p2_temp2p0_a0p25_b0p05__wd1e-04trmiss0_degmodglobal,72,0.5051013827323914,0.5730628967285156,0.8888888888888888,0.9575757575757577,0.7692307692307693,0.0,0.490725539624691,0.4884532243013382,0.05123153468593955,0.07680544815957546,0.0,0.0,0.0,0.0,0.0,18473,global,0.0
3,5,lr5e-05_bs16_drop0p2_temp2p0_a0p25_b0p05__wd1e-04trmiss0_degmodglobal,16,5e-05,0.0001,0.2,2.0,0.25,0.05,lr5e-05_bs16_drop0p2_temp2p0_a0p25_b0p05__wd1e-04trmiss0_degmodglobal,73,0.5139157399535179,0.5745410919189453,0.8888888888888888,0.9575757575757577,0.6923076923076923,0.0,0.5039509534835815,0.4926566258072853,0.06352047249674797,0.10757933929562569,0.0,0.0,0.0,0.0,0.0,18473,global,0.0
3,5,lr5e-05_bs16_drop0p2_temp2p0_a0p25_b0p05__wd1e-04trmiss0_degmodglobal,16,5e-05,0.0001,0.2,2.0,0.25,0.05,lr5e-05_bs16_drop0p2_temp2p0_a0p25_b0p05__wd1e-04trmiss0_degmodglobal,74,0.5006807073950768,0.5720582008361816,0.8888888888888888,0.9575757575757577,0.7692307692307693,0.0,0.46511704474687576,0.48151451349258423,0.06061224639415741,0.08026245981454849,0.0,0.0,0.0,0.0,0.0,18473,global,0.0
3,5,lr5e-05_bs16_drop0p2_temp2p0_a0p25_b0p05__wd1e-04trmiss0_degmodglobal,16,5e-05,0.0001,0.2,2.0,0.25,0.05,lr5e-05_bs16_drop0p2_temp2p0_a0p25_b0p05__wd1e-04trmiss0_degmodglobal,75,0.512364998459816,0.5694304704666138,0.8888888888888888,0.9575757575757577,0.7692307692307693,0.0,0.4936091974377632,0.4922543615102768,0.056758517399430275,0.11842007748782635,0.0,0.0,0.0,0.0,0.0,18473,global,0.0
3,5,lr5e-05_bs16_drop0p2_temp2p0_a0p25_b0p05__wd1e-04trmiss0_degmodglobal,16,5e-05,0.0001,0.2,2.0,0.25,0.05,lr5e-05_bs16_drop0p2_temp2p0_a0p25_b0p05__wd1e-04trmiss0_degmodglobal,76,0.5105037316679955,0.5707457661628723,0.8888888888888888,0.9575757575757577,0.7692307692307693,0.0,0.49935346841812134,0.4878688156604767,0.07071438897401094,0.09912637062370777,0.0,0.0,0.0,0.0,0.0,18473,global,0.0
3,5,lr5e-05_bs16_drop0p2_temp2p0_a0p25_b0p05__wd1e-04trmiss0_degmodglobal,16,5e-05,0.0001,0.2,2.0,0.25,0.05,lr5e-05_bs16_drop0p2_temp2p0_a0p25_b0p05__wd1e-04trmiss0_degmodglobal,77,0.49201809614896774,0.5729708671569824,0.8888888888888888,0.9575757575757577,0.7692307692307693,0.0,0.47495458275079727,0.47308487445116043,0.056305688340216875,0.09713580552488565,0.0,0.0,0.0,0.0,0.0,18473,global,0.0
3,5,lr5e-05_bs16_drop0p2_temp2p0_a0p25_b0p05__wd1e-04trmiss0_degmodglobal,16,5e-05,0.0001,0.2,2.0,0.25,0.05,lr5e-05_bs16_drop0p2_temp2p0_a0p25_b0p05__wd1e-04trmiss0_degmodglobal,78,0.5053517520427704,0.5722094774246216,0.8888888888888888,0.9575757575757577,0.7692307692307693,0.0,0.4535256698727608,0.4849129989743233,0.058511571027338505,0.11621750425547361,0.0,0.0,0.0,0.0,0.0,18473,global,0.0
3,5,lr5e-05_bs16_drop0p2_temp2p0_a0p25_b0p05__wd1e-04trmiss0_degmodglobal,16,5e-05,0.0001,0.2,2.0,0.25,0.05,lr5e-05_bs16_drop0p2_temp2p0_a0p25_b0p05__wd1e-04trmiss0_degmodglobal,79,0.4858533442020416,0.5730980038642883,0.8888888888888888,0.9575757575757577,0.7692307692307693,0.0,0.47753608226776123,0.4626176729798317,0.06697536539286375,0.12983668223023415,0.0,0.0,0.0,0.0,0.0,18473,global,0.0
3,5,lr5e-05_bs16_drop0p2_temp2p0_a0p25_b0p05__wd1e-04trmiss0_degmodglobal,16,5e-05,0.0001,0.2,2.0,0.25,0.05,lr5e-05_bs16_drop0p2_temp2p0_a0p25_b0p05__wd1e-04trmiss0_degmodglobal,80,0.5550607070326805,0.5703983306884766,0.8888888888888888,0.9575757575757577,0.7692307692307693,0.0,0.49527566879987717,0.5345834866166115,0.05628757644444704,0.12810654938220978,0.0,0.0,0.0,0.0,0.0,18473,global,0.0
3,5,lr5e-05_bs16_drop0p4_temp1p0_a0p25_b0p05__wd1e-04trmiss0_degmodglobal,16,5e-05,0.0001,0.4,1.0,0.25,0.05,lr5e-05_bs16_drop0p4_temp1p0_a0p25_b0p05__wd1e-04trmiss0_degmodglobal,1,0.7351388037204742,0.6990260481834412,0.41666666666666663,0.7267075517075519,0.3076923076923077,0.0,0.7062945812940598,0.7164547443389893,0.048794083297252655,0.12971094995737076,0.0,0.0,0.0,0.0,0.0,18473,global,0.0
3,5,lr5e-05_bs16_drop0p4_temp1p0_a0p25_b0p05__wd1e-04trmiss0_degmodglobal,16,5e-05,0.0001,0.4,1.0,0.25,0.05,lr5e-05_bs16_drop0p4_temp1p0_a0p25_b0p05__wd1e-04trmiss0_degmodglobal,2,0.7024795860052109,0.6942299008369446,0.4444444444444444,0.7378186628186629,0.38461538461538464,0.0,0.7155976742506027,0.6880577057600021,0.04015824059024453,0.08764643594622612,0.0,0.0,0.0,0.0,0.0,18473,global,0.0
3,5,lr5e-05_bs16_drop0p4_temp1p0_a0p25_b0p05__wd1e-04trmiss0_degmodglobal,16,5e-05,0.0001,0.4,1.0,0.25,0.05,lr5e-05_bs16_drop0p4_temp1p0_a0p25_b0p05__wd1e-04trmiss0_degmodglobal,3,0.707054615020752,0.692406177520752,0.5,0.7583213083213083,0.46153846153846156,0.0,0.7190215289592743,0.6887235790491104,0.04758088942617178,0.12871618941426277,0.0,0.0,0.0,0.0,0.0,18473,global,0.0
3,5,lr5e-05_bs16_drop0p4_temp1p0_a0p25_b0p05__wd1e-04trmiss0_degmodglobal,16,5e-05,0.0001,0.4,1.0,0.25,0.05,lr5e-05_bs16_drop0p4_temp1p0_a0p25_b0p05__wd1e-04trmiss0_degmodglobal,4,0.6681264936923981,0.6942704319953918,0.4722222222222222,0.7484006734006734,0.38461538461538464,0.0,0.6545726507902145,0.6521835476160049,0.04146753903478384,0.11152078583836555,0.0,0.0,0.0,0.0,0.0,18473,global,0.0
3,5,lr5e-05_bs16_drop0p4_temp1p0_a0p25_b0p05__wd1e-04trmiss0_degmodglobal,16,5e-05,0.0001,0.4,1.0,0.25,0.05,lr5e-05_bs16_drop0p4_temp1p0_a0p25_b0p05__wd1e-04trmiss0_degmodglobal,5,0.6885606497526169,0.6945284008979797,0.5,0.76506734006734,0.38461538461538464,0.0,0.6770870536565781,0.6637273579835892,0.05813715606927872,0.20598004013299942,0.0,0.0,0.0,0.0,0.0,18473,global,0.0
3,5,lr5e-05_bs16_drop0p4_temp1p0_a0p25_b0p05__wd1e-04trmiss0_degmodglobal,16,5e-05,0.0001,0.4,1.0,0.25,0.05,lr5e-05_bs16_drop0p4_temp1p0_a0p25_b0p05__wd1e-04trmiss0_degmodglobal,6,0.6469625532627106,0.6870124936103821,0.5555555555555555,0.8056147556147557,0.5384615384615384,0.0,0.6541640013456345,0.6203953772783279,0.06933240685611963,0.18468092381954193,0.0,0.0,0.0,0.0,0.0,18473,global,0.0
3,5,lr5e-05_bs16_drop0p4_temp1p0_a0p25_b0p05__wd1e-04trmiss0_degmodglobal,16,5e-05,0.0001,0.4,1.0,0.25,0.05,lr5e-05_bs16_drop0p4_temp1p0_a0p25_b0p05__wd1e-04trmiss0_degmodglobal,7,0.6530654579401016,0.6764814853668213,0.6111111111111112,0.8466200466200469,0.5384615384615384,0.0,0.6577005684375763,0.6319631636142731,0.054908132180571556,0.14750540629029274,0.0,0.0,0.0,0.0,0.0,18473,global,0.0
3,5,lr5e-05_bs16_drop0p4_temp1p0_a0p25_b0p05__wd1e-04trmiss0_degmodglobal,16,5e-05,0.0001,0.4,1.0,0.25,0.05,lr5e-05_bs16_drop0p4_temp1p0_a0p25_b0p05__wd1e-04trmiss0_degmodglobal,8,0.6473122239112854,0.6694532036781311,0.5833333333333333,0.8333925333925336,0.5384615384615384,0.0,0.6542057245969772,0.6221781671047211,0.06829441618174314,0.16120914928615093,0.0,0.0,0.0,0.0,0.0,18473,global,0.0
3,5,lr5e-05_bs16_drop0p4_temp1p0_a0p25_b0p05__wd1e-04trmiss0_degmodglobal,16,5e-05,0.0001,0.4,1.0,0.25,0.05,lr5e-05_bs16_drop0p4_temp1p0_a0p25_b0p05__wd1e-04trmiss0_degmodglobal,9,0.6742481142282486,0.6621658802032471,0.6666666666666667,0.8677840677840678,0.5384615384615384,0.0,0.6231029182672501,0.6425337046384811,0.0827264804393053,0.22065612487494946,0.0,0.0,0.0,0.0,0.0,18473,global,0.0
3,5,lr5e-05_bs16_drop0p4_temp1p0_a0p25_b0p05__wd1e-04trmiss0_degmodglobal,16,5e-05,0.0001,0.4,1.0,0.25,0.05,lr5e-05_bs16_drop0p4_temp1p0_a0p25_b0p05__wd1e-04trmiss0_degmodglobal,10,0.6543477773666382,0.6615885496139526,0.6944444444444444,0.8863025863025864,0.5384615384615384,0.0,0.6723249703645706,0.6326234936714172,0.0631184671074152,0.11889348179101944,0.0,0.0,0.0,0.0,0.0,18473,global,0.0
3,5,lr5e-05_bs16_drop0p4_temp1p0_a0p25_b0p05__wd1e-04trmiss0_degmodglobal,16,5e-05,0.0001,0.4,1.0,0.25,0.05,lr5e-05_bs16_drop0p4_temp1p0_a0p25_b0p05__wd1e-04trmiss0_degmodglobal,11,0.62729112803936,0.656712532043457,0.6944444444444444,0.8863025863025864,0.5384615384615384,0.0,0.6366080194711685,0.6052808463573456,0.05814975593239069,0.14945675432682037,0.0,0.0,0.0,0.0,0.0,18473,global,0.0
3,5,lr5e-05_bs16_drop0p4_temp1p0_a0p25_b0p05__wd1e-04trmiss0_degmodglobal,16,5e-05,0.0001,0.4,1.0,0.25,0.05,lr5e-05_bs16_drop0p4_temp1p0_a0p25_b0p05__wd1e-04trmiss0_degmodglobal,12,0.6134544014930725,0.650859534740448,0.6944444444444444,0.8863025863025864,0.5384615384615384,0.0,0.6103778779506683,0.5884092450141907,0.05992389004677534,0.20128395035862923,0.0,0.0,0.0,0.0,0.0,18473,global,0.0
3,5,lr5e-05_bs16_drop0p4_temp1p0_a0p25_b0p05__wd1e-04trmiss0_degmodglobal,16,5e-05,0.0001,0.4,1.0,0.25,0.05,lr5e-05_bs16_drop0p4_temp1p0_a0p25_b0p05__wd1e-04trmiss0_degmodglobal,13,0.6519172936677933,0.6459150314331055,0.7222222222222222,0.9021756021756022,0.5384615384615384,0.0,0.585573598742485,0.6225451529026031,0.07483086176216602,0.21328861825168133,0.0,0.0,0.0,0.0,0.0,18473,global,0.0
3,5,lr5e-05_bs16_drop0p4_temp1p0_a0p25_b0p05__wd1e-04trmiss0_degmodglobal,16,5e-05,0.0001,0.4,1.0,0.25,0.05,lr5e-05_bs16_drop0p4_temp1p0_a0p25_b0p05__wd1e-04trmiss0_degmodglobal,14,0.5862939208745956,0.6491681337356567,0.7222222222222222,0.9021756021756022,0.5384615384615384,0.0,0.5957958996295929,0.5662731975317001,0.05462154932320118,0.1273066196590662,0.0,0.0,0.0,0.0,0.0,18473,global,0.0
3,5,lr5e-05_bs16_drop0p4_temp1p0_a0p25_b0p05__wd1e-04trmiss0_degmodglobal,16,5e-05,0.0001,0.4,1.0,0.25,0.05,lr5e-05_bs16_drop0p4_temp1p0_a0p25_b0p05__wd1e-04trmiss0_degmodglobal,15,0.6164892166852951,0.6443411111831665,0.7222222222222222,0.9021756021756022,0.5384615384615384,0.0,0.594247579574585,0.5979776978492737,0.052393879275768995,0.10826068697497249,0.0,0.0,0.0,0.0,0.0,18473,global,0.0
3,5,lr5e-05_bs16_drop0p4_temp1p0_a0p25_b0p05__wd1e-04trmiss0_degmodglobal,16,5e-05,0.0001,0.4,1.0,0.25,0.05,lr5e-05_bs16_drop0p4_temp1p0_a0p25_b0p05__wd1e-04trmiss0_degmodglobal,16,0.5911255031824112,0.6439388990402222,0.7222222222222222,0.9021756021756022,0.5384615384615384,0.0,0.5972973704338074,0.5653522461652756,0.06812419183552265,0.17484392784535885,0.0,0.0,0.0,0.0,0.0,18473,global,0.0
3,5,lr5e-05_bs16_drop0p4_temp1p0_a0p25_b0p05__wd1e-04trmiss0_degmodglobal,16,5e-05,0.0001,0.4,1.0,0.25,0.05,lr5e-05_bs16_drop0p4_temp1p0_a0p25_b0p05__wd1e-04trmiss0_degmodglobal,17,0.6105082035064697,0.6382794380187988,0.7222222222222222,0.9021756021756022,0.5384615384615384,0.0,0.6261792182922363,0.5861613601446152,0.06723596714437008,0.1507569458335638,0.0,0.0,0.0,0.0,0.0,18473,global,0.0
3,5,lr5e-05_bs16_drop0p4_temp1p0_a0p25_b0p05__wd1e-04trmiss0_degmodglobal,16,5e-05,0.0001,0.4,1.0,0.25,0.05,lr5e-05_bs16_drop0p4_temp1p0_a0p25_b0p05__wd1e-04trmiss0_degmodglobal,18,0.5969445258378983,0.6432128548622131,0.7222222222222222,0.9021756021756022,0.5384615384615384,0.0,0.5766127556562424,0.574001133441925,0.057243626564741135,0.1726497784256935,0.0,0.0,0.0,0.0,0.0,18473,global,0.0
3,5,lr5e-05_bs16_drop0p4_temp1p0_a0p25_b0p05__wd1e-04trmiss0_degmodglobal,16,5e-05,0.0001,0.4,1.0,0.25,0.05,lr5e-05_bs16_drop0p4_temp1p0_a0p25_b0p05__wd1e-04trmiss0_degmodglobal,19,0.6015777736902237,0.6557380557060242,0.7222222222222222,0.9021756021756022,0.6153846153846154,0.0,0.5918295532464981,0.5767903625965118,0.06730391085147858,0.15922847017645836,0.0,0.0,0.0,0.0,0.0,18473,global,0.0
3,5,lr5e-05_bs16_drop0p4_temp1p0_a0p25_b0p05__wd1e-04trmiss0_degmodglobal,16,5e-05,0.0001,0.4,1.0,0.25,0.05,lr5e-05_bs16_drop0p4_temp1p0_a0p25_b0p05__wd1e-04trmiss0_degmodglobal,20,0.604279100894928,0.6660844683647156,0.7222222222222222,0.9021756021756022,0.6153846153846154,0.0,0.6452086418867111,0.573143720626831,0.07580525800585747,0.24368172511458397,0.0,0.0,0.0,0.0,0.0,18473,global,0.0
3,5,lr5e-05_bs16_drop0p4_temp1p0_a0p25_b0p05__wd1e-04trmiss0_degmodglobal,16,5e-05,0.0001,0.4,1.0,0.25,0.05,lr5e-05_bs16_drop0p4_temp1p0_a0p25_b0p05__wd1e-04trmiss0_degmodglobal,21,0.5964569449424744,0.6699581146240234,0.6944444444444444,0.8863025863025864,0.5384615384615384,0.0,0.5859708935022354,0.5690332502126694,0.06970424856990576,0.1999526135623455,0.0,0.0,0.0,0.0,0.0,18473,global,0.0
3,5,lr5e-05_bs16_drop0p4_temp1p0_a0p25_b0p05__wd1e-04trmiss0_degmodglobal,16,5e-05,0.0001,0.4,1.0,0.25,0.05,lr5e-05_bs16_drop0p4_temp1p0_a0p25_b0p05__wd1e-04trmiss0_degmodglobal,22,0.5927817225456238,0.6671643853187561,0.7222222222222222,0.8927128427128428,0.5384615384615384,0.0,0.5768855214118958,0.5651040375232697,0.07051789667457342,0.20096398144960403,0.0,0.0,0.0,0.0,0.0,18473,global,0.0
3,5,lr5e-05_bs16_drop0p4_temp1p0_a0p25_b0p05__wd1e-04trmiss0_degmodglobal,16,5e-05,0.0001,0.4,1.0,0.25,0.05,lr5e-05_bs16_drop0p4_temp1p0_a0p25_b0p05__wd1e-04trmiss0_degmodglobal,23,0.6209888160228729,0.6667333245277405,0.6666666666666666,0.8743978243978245,0.5384615384615384,0.0,0.6185528337955475,0.5910776033997536,0.071599624119699,0.24022652581334114,0.0,0.0,0.0,0.0,0.0,18473,global,0.0
3,5,lr5e-05_bs16_drop0p4_temp1p0_a0p25_b0p05__wd1e-04trmiss0_degmodglobal,16,5e-05,0.0001,0.4,1.0,0.25,0.05,lr5e-05_bs16_drop0p4_temp1p0_a0p25_b0p05__wd1e-04trmiss0_degmodglobal,24,0.5478204786777496,0.6643309593200684,0.6666666666666666,0.8743978243978245,0.5384615384615384,0.0,0.5582672953605652,0.5281892567873001,0.05450253840535879,0.1201114971190691,0.0,0.0,0.0,0.0,0.0,18473,global,0.0
3,5,lr5e-05_bs16_drop0p4_temp1p0_a0p25_b0p05__wd1e-04trmiss0_degmodglobal,16,5e-05,0.0001,0.4,1.0,0.25,0.05,lr5e-05_bs16_drop0p4_temp1p0_a0p25_b0p05__wd1e-04trmiss0_degmodglobal,25,0.5787849128246307,0.6644994616508484,0.6666666666666666,0.8743978243978245,0.5384615384615384,0.0,0.6109656095504761,0.5542474091053009,0.06521881744265556,0.16465643234550953,0.0,0.0,0.0,0.0,0.0,18473,global,0.0
3,5,lr5e-05_bs16_drop0p4_temp1p0_a0p25_b0p05__wd1e-04trmiss0_degmodglobal,16,5e-05,0.0001,0.4,1.0,0.25,0.05,lr5e-05_bs16_drop0p4_temp1p0_a0p25_b0p05__wd1e-04trmiss0_degmodglobal,26,0.5642247349023819,0.6613262295722961,0.7222222222222222,0.9021756021756022,0.5384615384615384,0.0,0.6024623662233353,0.5457106605172157,0.05235853884369135,0.10848862491548061,0.0,0.0,0.0,0.0,0.0,18473,global,0.0
3,5,lr5e-05_bs16_drop0p4_temp1p0_a0p25_b0p05__wd1e-04trmiss0_degmodglobal,16,5e-05,0.0001,0.4,1.0,0.25,0.05,lr5e-05_bs16_drop0p4_temp1p0_a0p25_b0p05__wd1e-04trmiss0_degmodglobal,27,0.5938960015773773,0.6563945412635803,0.7222222222222222,0.9021756021756022,0.5384615384615384,0.0,0.5575466156005859,0.5683401674032211,0.06340030394494534,0.19411477260291576,0.0,0.0,0.0,0.0,0.0,18473,global,0.0
3,5,lr5e-05_bs16_drop0p4_temp1p0_a0p25_b0p05__wd1e-04trmiss0_degmodglobal,16,5e-05,0.0001,0.4,1.0,0.25,0.05,lr5e-05_bs16_drop0p4_temp1p0_a0p25_b0p05__wd1e-04trmiss0_degmodglobal,28,0.6187177747488022,0.6603519916534424,0.7222222222222222,0.9021756021756022,0.6153846153846154,0.0,0.6013313829898834,0.5940071642398834,0.06997480150312185,0.14433816075325012,0.0,0.0,0.0,0.0,0.0,18473,global,0.0
3,5,lr5e-05_bs16_drop0p4_temp1p0_a0p25_b0p05__wd1e-04trmiss0_degmodglobal,16,5e-05,0.0001,0.4,1.0,0.25,0.05,lr5e-05_bs16_drop0p4_temp1p0_a0p25_b0p05__wd1e-04trmiss0_degmodglobal,29,0.5958887040615082,0.6613590717315674,0.7222222222222222,0.9021756021756022,0.6153846153846154,0.0,0.5772919654846191,0.5621803998947144,0.08324622269719839,0.2579348795115948,0.0,0.0,0.0,0.0,0.0,18473,global,0.0
3,5,lr5e-05_bs16_drop0p4_temp1p0_a0p25_b0p05__wd1e-04trmiss0_degmodglobal,16,5e-05,0.0001,0.4,1.0,0.25,0.05,lr5e-05_bs16_drop0p4_temp1p0_a0p25_b0p05__wd1e-04trmiss0_degmodglobal,30,0.5720150768756866,0.6628404259681702,0.7222222222222222,0.9021756021756022,0.6153846153846154,0.0,0.5778553485870361,0.5457771569490433,0.07279096730053425,0.16080387495458126,0.0,0.0,0.0,0.0,0.0,18473,global,0.0
3,5,lr5e-05_bs16_drop0p4_temp1p0_a0p25_b0p05__wd1e-04trmiss0_degmodglobal,16,5e-05,0.0001,0.4,1.0,0.25,0.05,lr5e-05_bs16_drop0p4_temp1p0_a0p25_b0p05__wd1e-04trmiss0_degmodglobal,31,0.5645171850919724,0.6696610450744629,0.6944444444444444,0.8863025863025864,0.6153846153846154,0.0,0.5811794996261597,0.542438879609108,0.05910132545977831,0.14605950936675072,0.0,0.0,0.0,0.0,0.0,18473,global,0.0
3,5,lr5e-05_bs16_drop0p4_temp1p0_a0p25_b0p05__wd1e-04trmiss0_degmodglobal,16,5e-05,0.0001,0.4,1.0,0.25,0.05,lr5e-05_bs16_drop0p4_temp1p0_a0p25_b0p05__wd1e-04trmiss0_degmodglobal,32,0.5905283838510513,0.6725782752037048,0.6944444444444444,0.8863025863025864,0.6153846153846154,0.0,0.6004294157028198,0.5617285221815109,0.07551568374037743,0.1984187215566635,0.0,0.0,0.0,0.0,0.0,18473,global,0.0
3,5,lr5e-05_bs16_drop0p4_temp1p0_a0p25_b0p05__wd1e-04trmiss0_degmodglobal,16,5e-05,0.0001,0.4,1.0,0.25,0.05,lr5e-05_bs16_drop0p4_temp1p0_a0p25_b0p05__wd1e-04trmiss0_degmodglobal,33,0.6201766282320023,0.6745529174804688,0.6944444444444444,0.8863025863025864,0.6153846153846154,0.0,0.6036122739315033,0.5955126732587814,0.06474639754742384,0.16954666562378407,0.0,0.0,0.0,0.0,0.0,18473,global,0.0
3,5,lr5e-05_bs16_drop0p4_temp1p0_a0p25_b0p05__wd1e-04trmiss0_degmodglobal,16,5e-05,0.0001,0.4,1.0,0.25,0.05,lr5e-05_bs16_drop0p4_temp1p0_a0p25_b0p05__wd1e-04trmiss0_degmodglobal,34,0.568377211689949,0.674712061882019,0.6666666666666667,0.8795685795685797,0.6153846153846154,0.0,0.5570156872272491,0.5303327217698097,0.09380304627120495,0.2918742895126343,0.0,0.0,0.0,0.0,0.0,18473,global,0.0
3,5,lr5e-05_bs16_drop0p4_temp1p0_a0p25_b0p05__wd1e-04trmiss0_degmodglobal,16,5e-05,0.0001,0.4,1.0,0.25,0.05,lr5e-05_bs16_drop0p4_temp1p0_a0p25_b0p05__wd1e-04trmiss0_degmodglobal,35,0.5485741496086121,0.6748586893081665,0.6666666666666667,0.8795685795685797,0.6153846153846154,0.0,0.5719205439090729,0.5291487574577332,0.054415308870375156,0.11643099179491401,0.0,0.0,0.0,0.0,0.0,18473,global,0.0
3,5,lr5e-05_bs16_drop0p4_temp1p0_a0p25_b0p05__wd1e-04trmiss0_degmodglobal,16,5e-05,0.0001,0.4,1.0,0.25,0.05,lr5e-05_bs16_drop0p4_temp1p0_a0p25_b0p05__wd1e-04trmiss0_degmodglobal,36,0.5604699403047562,0.6734833717346191,0.6666666666666667,0.8795685795685797,0.6153846153846154,0.0,0.5527595728635788,0.5381567180156708,0.06404451187700033,0.12604257464408875,0.0,0.0,0.0,0.0,0.0,18473,global,0.0
3,5,lr5e-05_bs16_drop0p4_temp1p0_a0p25_b0p05__wd1e-04trmiss0_degmodglobal,16,5e-05,0.0001,0.4,1.0,0.25,0.05,lr5e-05_bs16_drop0p4_temp1p0_a0p25_b0p05__wd1e-04trmiss0_degmodglobal,37,0.5409800410270691,0.6707264184951782,0.6666666666666667,0.8795685795685797,0.6153846153846154,0.0,0.5598880052566528,0.5178778395056725,0.0658384058624506,0.1328521929681301,0.0,0.0,0.0,0.0,0.0,18473,global,0.0
3,5,lr5e-05_bs16_drop0p4_temp2p0_a0p25_b0p05__wd1e-04trmiss0_degmodglobal,16,5e-05,0.0001,0.4,2.0,0.25,0.05,lr5e-05_bs16_drop0p4_temp2p0_a0p25_b0p05__wd1e-04trmiss0_degmodglobal,1,0.7490842044353485,0.702495813369751,0.4444444444444444,0.7297008547008548,0.38461538461538464,0.0,0.7088884562253952,0.733313649892807,0.04536711983382702,0.08857548981904984,0.0,0.0,0.0,0.0,0.0,18473,global,0.0
3,5,lr5e-05_bs16_drop0p4_temp2p0_a0p25_b0p05__wd1e-04trmiss0_degmodglobal,16,5e-05,0.0001,0.4,2.0,0.25,0.05,lr5e-05_bs16_drop0p4_temp2p0_a0p25_b0p05__wd1e-04trmiss0_degmodglobal,2,0.7183687835931778,0.7008808255195618,0.5277777777777778,0.8012496762496764,0.38461538461538464,0.0,0.6840379387140274,0.70085708796978,0.04144927812740207,0.1429874747991562,0.0,0.0,0.0,0.0,0.0,18473,global,0.0
3,5,lr5e-05_bs16_drop0p4_temp2p0_a0p25_b0p05__wd1e-04trmiss0_degmodglobal,16,5e-05,0.0001,0.4,2.0,0.25,0.05,lr5e-05_bs16_drop0p4_temp2p0_a0p25_b0p05__wd1e-04trmiss0_degmodglobal,3,0.7478596419095993,0.7013753056526184,0.5555555555555556,0.8234718984718985,0.38461538461538464,0.0,0.6773288249969482,0.7279080450534821,0.054598900489509106,0.12603791058063507,0.0,0.0,0.0,0.0,0.0,18473,global,0.0
3,5,lr5e-05_bs16_drop0p4_temp2p0_a0p25_b0p05__wd1e-04trmiss0_degmodglobal,16,5e-05,0.0001,0.4,2.0,0.25,0.05,lr5e-05_bs16_drop0p4_temp2p0_a0p25_b0p05__wd1e-04trmiss0_degmodglobal,4,0.7265424728393555,0.6997727751731873,0.5555555555555556,0.8234718984718985,0.38461538461538464,0.0,0.6935957819223404,0.7080960869789124,0.04785824753344059,0.12963637337088585,0.0,0.0,0.0,0.0,0.0,18473,global,0.0
3,5,lr5e-05_bs16_drop0p4_temp2p0_a0p25_b0p05__wd1e-04trmiss0_degmodglobal,16,5e-05,0.0001,0.4,2.0,0.25,0.05,lr5e-05_bs16_drop0p4_temp2p0_a0p25_b0p05__wd1e-04trmiss0_degmodglobal,5,0.7057617455720901,0.6971997618675232,0.5833333333333333,0.8333925333925336,0.46153846153846156,0.0,0.6747612655162811,0.6811949163675308,0.06452291831374168,0.16872222162783146,0.0,0.0,0.0,0.0,0.0,18473,global,0.0
3,5,lr5e-05_bs16_drop0p4_temp2p0_a0p25_b0p05__wd1e-04trmiss0_degmodglobal,16,5e-05,0.0001,0.4,2.0,0.25,0.05,lr5e-05_bs16_drop0p4_temp2p0_a0p25_b0p05__wd1e-04trmiss0_degmodglobal,6,0.6804143190383911,0.696684718132019,0.5555555555555556,0.8111703111703112,0.46153846153846156,0.0,0.6587903201580048,0.6656196713447571,0.0383789143525064,0.10399861261248589,0.0,0.0,0.0,0.0,0.0,18473,global,0.0
3,5,lr5e-05_bs16_drop0p4_temp2p0_a0p25_b0p05__wd1e-04trmiss0_degmodglobal,16,5e-05,0.0001,0.4,2.0,0.25,0.05,lr5e-05_bs16_drop0p4_temp2p0_a0p25_b0p05__wd1e-04trmiss0_degmodglobal,7,0.6904282420873642,0.6962082386016846,0.5555555555555556,0.8234718984718985,0.5384615384615384,0.0,0.672551155090332,0.6675273925065994,0.05768334958702326,0.16960068978369236,0.0,0.0,0.0,0.0,0.0,18473,global,0.0
3,5,lr5e-05_bs16_drop0p4_temp2p0_a0p25_b0p05__wd1e-04trmiss0_degmodglobal,16,5e-05,0.0001,0.4,2.0,0.25,0.05,lr5e-05_bs16_drop0p4_temp2p0_a0p25_b0p05__wd1e-04trmiss0_degmodglobal,8,0.6571420282125473,0.6982910633087158,0.49999999999999994,0.7945156695156697,0.46153846153846156,0.0,0.6404874324798584,0.639933243393898,0.0403404152020812,0.14247389137744904,0.0,0.0,0.0,0.0,0.0,18473,global,0.0
3,5,lr5e-05_bs16_drop0p4_temp2p0_a0p25_b0p05__wd1e-04trmiss0_degmodglobal,16,5e-05,0.0001,0.4,2.0,0.25,0.05,lr5e-05_bs16_drop0p4_temp2p0_a0p25_b0p05__wd1e-04trmiss0_degmodglobal,9,0.6675729602575302,0.6997612118721008,0.5,0.7766585266585269,0.46153846153846156,0.0,0.6214216947555542,0.6453085988759995,0.057274993509054184,0.1589118130505085,0.0,0.0,0.0,0.0,0.0,18473,global,0.0
3,5,lr5e-05_bs16_drop0p4_temp2p0_a0p25_b0p05__wd1e-04trmiss0_degmodglobal,16,5e-05,0.0001,0.4,2.0,0.25,0.05,lr5e-05_bs16_drop0p4_temp2p0_a0p25_b0p05__wd1e-04trmiss0_degmodglobal,10,0.6573071628808975,0.6960076093673706,0.5555555555555556,0.8266585266585267,0.46153846153846156,0.0,0.6565980911254883,0.6427760273218155,0.039294962771236897,0.09414809849113226,0.0,0.0,0.0,0.0,0.0,18473,global,0.0
3,5,lr5e-05_bs16_drop0p4_temp2p0_a0p25_b0p05__wd1e-04trmiss0_degmodglobal,16,5e-05,0.0001,0.4,2.0,0.25,0.05,lr5e-05_bs16_drop0p4_temp2p0_a0p25_b0p05__wd1e-04trmiss0_degmodglobal,11,0.6489841639995575,0.6872899532318115,0.5833333333333333,0.8333925333925336,0.5384615384615384,0.0,0.644151359796524,0.6235611438751221,0.06854722648859024,0.16572408378124237,0.0,0.0,0.0,0.0,0.0,18473,global,0.0
3,5,lr5e-05_bs16_drop0p4_temp2p0_a0p25_b0p05__wd1e-04trmiss0_degmodglobal,16,5e-05,0.0001,0.4,2.0,0.25,0.05,lr5e-05_bs16_drop0p4_temp2p0_a0p25_b0p05__wd1e-04trmiss0_degmodglobal,12,0.6685480177402496,0.6794372200965881,0.5833333333333333,0.8333925333925336,0.46153846153846156,0.0,0.637785330414772,0.6527852714061737,0.04179053753614426,0.10630232654511929,0.0,0.0,0.0,0.0,0.0,18473,global,0.0
3,5,lr5e-05_bs16_drop0p4_temp2p0_a0p25_b0p05__wd1e-04trmiss0_degmodglobal,16,5e-05,0.0001,0.4,2.0,0.25,0.05,lr5e-05_bs16_drop0p4_temp2p0_a0p25_b0p05__wd1e-04trmiss0_degmodglobal,13,0.6441636234521866,0.6847940683364868,0.611111111111111,0.8426517926517927,0.46153846153846156,0.0,0.6117298007011414,0.6252120584249496,0.04824317246675491,0.13781533017754555,0.0,0.0,0.0,0.0,0.0,18473,global,0.0
3,5,lr5e-05_bs16_drop0p4_temp2p0_a0p25_b0p05__wd1e-04trmiss0_degmodglobal,16,5e-05,0.0001,0.4,2.0,0.25,0.05,lr5e-05_bs16_drop0p4_temp2p0_a0p25_b0p05__wd1e-04trmiss0_degmodglobal,14,0.6582697927951813,0.6890119910240173,0.611111111111111,0.8426517926517927,0.46153846153846156,0.0,0.6252429634332657,0.6404494643211365,0.04665718553587794,0.12312070606276393,0.0,0.0,0.0,0.0,0.0,18473,global,0.0
3,5,lr5e-05_bs16_drop0p4_temp2p0_a0p25_b0p05__wd1e-04trmiss0_degmodglobal,16,5e-05,0.0001,0.4,2.0,0.25,0.05,lr5e-05_bs16_drop0p4_temp2p0_a0p25_b0p05__wd1e-04trmiss0_degmodglobal,15,0.6601155996322632,0.6909559965133667,0.5555555555555555,0.8056147556147557,0.5384615384615384,0.0,0.5936927944421768,0.6387259662151337,0.047806971706449986,0.18875746242702007,0.0,0.0,0.0,0.0,0.0,18473,global,0.0
3,5,lr5e-05_bs16_drop0p4_temp2p0_a0p25_b0p05__wd1e-04trmiss0_degmodglobal,16,5e-05,0.0001,0.4,2.0,0.25,0.05,lr5e-05_bs16_drop0p4_temp2p0_a0p25_b0p05__wd1e-04trmiss0_degmodglobal,16,0.6565745174884796,0.6885499954223633,0.6666666666666666,0.8743978243978245,0.5384615384615384,0.0,0.6327341198921204,0.6317659467458725,0.06005924753844738,0.19587500393390656,0.0,0.0,0.0,0.0,0.0,18473,global,0.0
3,5,lr5e-05_bs16_drop0p4_temp2p0_a0p25_b0p05__wd1e-04trmiss0_degmodglobal,16,5e-05,0.0001,0.4,2.0,0.25,0.05,lr5e-05_bs16_drop0p4_temp2p0_a0p25_b0p05__wd1e-04trmiss0_degmodglobal,17,0.628590390086174,0.6943416595458984,0.5277777777777778,0.8066248566248566,0.46153846153846156,0.0,0.6138341873884201,0.6112029105424881,0.04640154168009758,0.11574180610477924,0.0,0.0,0.0,0.0,0.0,18473,global,0.0
3,5,lr5e-05_bs16_drop0p4_temp2p0_a0p25_b0p05__wd1e-04trmiss0_degmodglobal,16,5e-05,0.0001,0.4,2.0,0.25,0.05,lr5e-05_bs16_drop0p4_temp2p0_a0p25_b0p05__wd1e-04trmiss0_degmodglobal,18,0.6393913626670837,0.6981178522109985,0.5277777777777778,0.8167378917378918,0.38461538461538464,0.0,0.5987942069768906,0.6220116466283798,0.04847934003919363,0.10519773326814175,0.0,0.0,0.0,0.0,0.0,18473,global,0.0
3,5,lr5e-05_bs16_drop0p4_temp2p0_a0p25_b0p05__wd1e-04trmiss0_degmodglobal,16,5e-05,0.0001,0.4,2.0,0.25,0.05,lr5e-05_bs16_drop0p4_temp2p0_a0p25_b0p05__wd1e-04trmiss0_degmodglobal,19,0.6364585012197495,0.6928748488426208,0.5277777777777778,0.8012496762496764,0.38461538461538464,0.0,0.6206669360399246,0.617470771074295,0.048938912339508533,0.13506005890667439,0.0,0.0,0.0,0.0,0.0,18473,global,0.0
3,5,lr5e-05_bs16_drop0p4_temp2p0_a0p25_b0p05__wd1e-04trmiss0_degmodglobal,16,5e-05,0.0001,0.4,2.0,0.25,0.05,lr5e-05_bs16_drop0p4_temp2p0_a0p25_b0p05__wd1e-04trmiss0_degmodglobal,20,0.6416214555501938,0.7017699480056763,0.5277777777777778,0.8167378917378918,0.38461538461538464,0.0,0.6090900301933289,0.6274152994155884,0.03896051598712802,0.08932045102119446,0.0,0.0,0.0,0.0,0.0,18473,global,0.0
3,5,lr5e-05_bs16_drop0p4_temp2p0_a0p25_b0p05__wd1e-04trmiss0_degmodglobal,16,5e-05,0.0001,0.4,2.0,0.25,0.05,lr5e-05_bs16_drop0p4_temp2p0_a0p25_b0p05__wd1e-04trmiss0_degmodglobal,21,0.6260571032762527,0.705159604549408,0.4444444444444444,0.7691188441188441,0.3076923076923077,0.0,0.5868947356939316,0.6054409146308899,0.05418231710791588,0.1414121426641941,0.0,0.0,0.0,0.0,0.0,18473,global,0.0
3,5,lr5e-05_bs16_drop0p4_temp2p0_a0p25_b0p05__wd1e-04trmiss0_degmodglobal,16,5e-05,0.0001,0.4,2.0,0.25,0.05,lr5e-05_bs16_drop0p4_temp2p0_a0p25_b0p05__wd1e-04trmiss0_degmodglobal,22,0.6157758235931396,0.7111867070198059,0.4444444444444444,0.7691188441188441,0.3076923076923077,0.0,0.6271639466285706,0.600332960486412,0.03745855065062642,0.12156438082456589,0.0,0.0,0.0,0.0,0.0,18473,global,0.0
3,5,lr5e-05_bs16_drop0p4_temp2p0_a0p25_b0p05__wd1e-04trmiss0_degmodglobal,16,5e-05,0.0001,0.4,2.0,0.25,0.05,lr5e-05_bs16_drop0p4_temp2p0_a0p25_b0p05__wd1e-04trmiss0_degmodglobal,23,0.6299900561571121,0.7124383449554443,0.4444444444444444,0.7691188441188441,0.38461538461538464,0.0,0.603144496679306,0.6151867210865021,0.0398793900385499,0.09666993468999863,0.0,0.0,0.0,0.0,0.0,18473,global,0.0
3,5,lr5e-05_bs16_drop0p4_temp2p0_a0p25_b0p05__wd1e-04trmiss0_degmodglobal,16,5e-05,0.0001,0.4,2.0,0.25,0.05,lr5e-05_bs16_drop0p4_temp2p0_a0p25_b0p05__wd1e-04trmiss0_degmodglobal,24,0.6394966244697571,0.707840085029602,0.47222222222222215,0.7874449624449624,0.5384615384615384,0.0,0.5907169580459595,0.6243547201156616,0.04038091842085123,0.10093349404633045,0.0,0.0,0.0,0.0,0.0,18473,global,0.0
3,5,lr5e-05_bs16_drop0p4_temp2p0_a0p25_b0p05__wd1e-04trmiss0_degmodglobal,16,5e-05,0.0001,0.4,2.0,0.25,0.05,lr5e-05_bs16_drop0p4_temp2p0_a0p25_b0p05__wd1e-04trmiss0_degmodglobal,25,0.6178509891033173,0.7012491226196289,0.5,0.8096671846671848,0.5384615384615384,0.0,0.6077388375997543,0.6027441471815109,0.036564010195434093,0.11931692808866501,0.0,0.0,0.0,0.0,0.0,18473,global,0.0
3,5,lr5e-05_bs16_drop0p4_temp2p0_a0p25_b0p05__wd1e-04trmiss0_degmodglobal,16,5e-05,0.0001,0.4,2.0,0.25,0.05,lr5e-05_bs16_drop0p4_temp2p0_a0p25_b0p05__wd1e-04trmiss0_degmodglobal,26,0.626692607998848,0.7004028558731079,0.47222222222222215,0.7874449624449624,0.5384615384615384,0.0,0.5926807373762131,0.6098857074975967,0.043640680611133575,0.1179345790296793,0.0,0.0,0.0,0.0,0.0,18473,global,0.0
3,5,lr5e-05_bs16_drop0p4_temp2p0_a0p25_b0p05__wd1e-04trmiss0_degmodglobal,16,5e-05,0.0001,0.4,2.0,0.25,0.05,lr5e-05_bs16_drop0p4_temp2p0_a0p25_b0p05__wd1e-04trmiss0_degmodglobal,27,0.6200250685214996,0.700120747089386,0.47222222222222215,0.7874449624449624,0.46153846153846156,0.0,0.5583914071321487,0.6016169041395187,0.04732988961040974,0.13151412224397063,0.0,0.0,0.0,0.0,0.0,18473,global,0.0
3,5,lr5e-05_bs16_drop0p4_temp2p0_a0p25_b0p05__wd1e-04trmiss0_degmodglobal,16,5e-05,0.0001,0.4,2.0,0.25,0.05,lr5e-05_bs16_drop0p4_temp2p0_a0p25_b0p05__wd1e-04trmiss0_degmodglobal,28,0.6504244208335876,0.7089664936065674,0.47222222222222215,0.7874449624449624,0.46153846153846156,0.0,0.5825500190258026,0.634780690073967,0.044134337455034256,0.09220331348478794,0.0,0.0,0.0,0.0,0.0,18473,global,0.0
3,5,lr5e-05_bs16_drop0p4_temp2p0_a0p25_b0p05__wd1e-04trmiss0_degmodglobal,16,5e-05,0.0001,0.4,2.0,0.25,0.05,lr5e-05_bs16_drop0p4_temp2p0_a0p25_b0p05__wd1e-04trmiss0_degmodglobal,29,0.6399937868118286,0.7087003588676453,0.41666666666666663,0.7620481370481371,0.46153846153846156,0.0,0.5828733146190643,0.6218102425336838,0.05346048250794411,0.0963690523058176,0.0,0.0,0.0,0.0,0.0,18473,global,0.0
3,5,lr5e-05_bs16_drop0p4_temp2p0_a0p25_b0p05__wd1e-04trmiss0_degmodglobal,16,5e-05,0.0001,0.4,2.0,0.25,0.05,lr5e-05_bs16_drop0p4_temp2p0_a0p25_b0p05__wd1e-04trmiss0_degmodglobal,30,0.6080356389284134,0.7051267027854919,0.47222222222222215,0.7874449624449624,0.46153846153846156,0.0,0.5777852237224579,0.590364545583725,0.04576603323221207,0.12459154147654772,0.0,0.0,0.0,0.0,0.0,18473,global,0.0
3,5,lr5e-05_bs16_drop0p4_temp2p0_a0p25_b0p05__wd1e-04trmiss0_degmodglobal,16,5e-05,0.0001,0.4,2.0,0.25,0.05,lr5e-05_bs16_drop0p4_temp2p0_a0p25_b0p05__wd1e-04trmiss0_degmodglobal,31,0.6282956749200821,0.7062246203422546,0.47222222222222215,0.7874449624449624,0.46153846153846156,0.0,0.5809548497200012,0.6100701242685318,0.04645540751516819,0.13223400339484215,0.0,0.0,0.0,0.0,0.0,18473,global,0.0
3,5,lr5e-05_bs16_drop0p4_temp2p0_a0p25_b0p05__wd1e-04trmiss0_degmodglobal,16,5e-05,0.0001,0.4,2.0,0.25,0.05,lr5e-05_bs16_drop0p4_temp2p0_a0p25_b0p05__wd1e-04trmiss0_degmodglobal,32,0.6225978285074234,0.706498384475708,0.41666666666666663,0.7226301476301475,0.46153846153846156,0.0,0.5691565424203873,0.6040379703044891,0.049458291847258806,0.12390605174005032,0.0,0.0,0.0,0.0,0.0,18473,global,0.0
3,5,lr5e-05_bs16_drop0p4_temp2p0_a0p25_b0p05__wd1e-04trmiss0_degmodglobal,16,5e-05,0.0001,0.4,2.0,0.25,0.05,lr5e-05_bs16_drop0p4_temp2p0_a0p25_b0p05__wd1e-04trmiss0_degmodglobal,33,0.5735682845115662,0.7078663110733032,0.41666666666666663,0.7226301476301475,0.46153846153846156,0.0,0.566136822104454,0.5576240345835686,0.04282660409808159,0.10475185140967369,0.0,0.0,0.0,0.0,0.0,18473,global,0.0
3,5,lr5e-05_bs16_drop0p4_temp2p0_a0p25_b0p05__wd1e-04trmiss0_degmodglobal,16,5e-05,0.0001,0.4,2.0,0.25,0.05,lr5e-05_bs16_drop0p4_temp2p0_a0p25_b0p05__wd1e-04trmiss0_degmodglobal,34,0.6497908681631088,0.7093499302864075,0.47222222222222215,0.7874449624449624,0.46153846153846156,0.0,0.5996244698762894,0.6326246708631516,0.04296055901795626,0.12852117978036404,0.0,0.0,0.0,0.0,0.0,18473,global,0.0
3,5,lr5e-05_bs16_drop0p4_temp2p0_a0p25_b0p05__wd1e-04trmiss0_degmodglobal,16,5e-05,0.0001,0.4,2.0,0.25,0.05,lr5e-05_bs16_drop0p4_temp2p0_a0p25_b0p05__wd1e-04trmiss0_degmodglobal,35,0.6082715690135956,0.7019765973091125,0.47222222222222215,0.7874449624449624,0.46153846153846156,0.0,0.57612544298172,0.5859245210886002,0.05649586860090494,0.16446132399141788,0.0,0.0,0.0,0.0,0.0,18473,global,0.0
3,5,lr5e-05_bs16_drop0p4_temp2p0_a0p25_b0p05__wd1e-04trmiss0_degmodglobal,16,5e-05,0.0001,0.4,2.0,0.25,0.05,lr5e-05_bs16_drop0p4_temp2p0_a0p25_b0p05__wd1e-04trmiss0_degmodglobal,36,0.6055186837911606,0.7015721797943115,0.47222222222222215,0.7874449624449624,0.5384615384615384,0.0,0.5548966899514198,0.5800888389348984,0.06974215153604746,0.1598861739039421,0.0,0.0,0.0,0.0,0.0,18473,global,0.0
3,5,lr1e-05_bs16_drop0p2_temp1p0_a0p25_b0p05__wd1e-04trmiss0_degmodglobal,16,1e-05,0.0001,0.2,1.0,0.25,0.05,lr1e-05_bs16_drop0p2_temp1p0_a0p25_b0p05__wd1e-04trmiss0_degmodglobal,1,0.7018228322267532,0.6906917095184326,0.4722222222222222,0.8022597772597773,0.38461538461538464,0.0,0.6551455855369568,0.6798529028892517,0.04970765067264438,0.19086016342043877,0.0,0.0,0.0,0.0,0.0,18473,global,0.0
3,5,lr1e-05_bs16_drop0p2_temp1p0_a0p25_b0p05__wd1e-04trmiss0_degmodglobal,16,1e-05,0.0001,0.2,1.0,0.25,0.05,lr1e-05_bs16_drop0p2_temp1p0_a0p25_b0p05__wd1e-04trmiss0_degmodglobal,2,0.6941070258617401,0.6940267086029053,0.4444444444444444,0.7945437278770613,0.38461538461538464,0.0,0.6277010291814804,0.6701258718967438,0.05296997353434563,0.21477314084768295,0.0,0.0,0.0,0.0,0.0,18473,global,0.0
3,5,lr1e-05_bs16_drop0p2_temp1p0_a0p25_b0p05__wd1e-04trmiss0_degmodglobal,16,1e-05,0.0001,0.2,1.0,0.25,0.05,lr1e-05_bs16_drop0p2_temp1p0_a0p25_b0p05__wd1e-04trmiss0_degmodglobal,3,0.7169967889785767,0.6964473724365234,0.4444444444444444,0.7945437278770613,0.38461538461538464,0.0,0.6775051653385162,0.6938627660274506,0.04942043125629425,0.2155781425535679,0.0,0.0,0.0,0.0,0.0,18473,global,0.0
3,5,lr1e-05_bs16_drop0p2_temp1p0_a0p25_b0p05__wd1e-04trmiss0_degmodglobal,16,1e-05,0.0001,0.2,1.0,0.25,0.05,lr1e-05_bs16_drop0p2_temp1p0_a0p25_b0p05__wd1e-04trmiss0_degmodglobal,4,0.7133118957281113,0.6992263793945312,0.41666666666666663,0.7723215056548391,0.38461538461538464,0.0,0.6325063854455948,0.6846253722906113,0.060515813529491425,0.2711515910923481,0.0,0.0,0.0,0.0,0.0,18473,global,0.0
3,5,lr1e-05_bs16_drop0p2_temp1p0_a0p25_b0p05__wd1e-04trmiss0_degmodglobal,16,1e-05,0.0001,0.2,1.0,0.25,0.05,lr1e-05_bs16_drop0p2_temp1p0_a0p25_b0p05__wd1e-04trmiss0_degmodglobal,5,0.7029221653938293,0.7013440132141113,0.38888888888888884,0.7445437278770612,0.46153846153846156,0.0,0.6498242169618607,0.6805319339036942,0.05213342607021332,0.18713775090873241,0.0,0.0,0.0,0.0,0.0,18473,global,0.0
3,5,lr1e-05_bs16_drop0p2_temp1p0_a0p25_b0p05__wd1e-04trmiss0_degmodglobal,16,1e-05,0.0001,0.2,1.0,0.25,0.05,lr1e-05_bs16_drop0p2_temp1p0_a0p25_b0p05__wd1e-04trmiss0_degmodglobal,6,0.7028428912162781,0.7057719826698303,0.3611111111111111,0.7075066908400243,0.46153846153846156,0.0,0.6449987292289734,0.681303471326828,0.0494222454726696,0.18367733992636204,0.0,0.0,0.0,0.0,0.0,18473,global,0.0
3,5,lr1e-05_bs16_drop0p2_temp1p0_a0p25_b0p05__wd1e-04trmiss0_degmodglobal,16,1e-05,0.0001,0.2,1.0,0.25,0.05,lr1e-05_bs16_drop0p2_temp1p0_a0p25_b0p05__wd1e-04trmiss0_degmodglobal,7,0.7047892212867737,0.7055625915527344,0.3611111111111111,0.7075066908400243,0.46153846153846156,0.0,0.6173240542411804,0.677570030093193,0.06093025300651789,0.23973267152905464,0.0,0.0,0.0,0.0,0.0,18473,global,0.0
3,5,lr1e-05_bs16_drop0p2_temp1p0_a0p25_b0p05__wd1e-04trmiss0_degmodglobal,16,1e-05,0.0001,0.2,1.0,0.25,0.05,lr1e-05_bs16_drop0p2_temp1p0_a0p25_b0p05__wd1e-04trmiss0_degmodglobal,8,0.6924439668655396,0.7021636962890625,0.3888888888888889,0.7152227402227402,0.46153846153846156,0.0,0.647725909948349,0.6694495230913162,0.051342680118978024,0.20317555777728558,0.0,0.0,0.0,0.0,0.0,18473,global,0.0
3,5,lr1e-05_bs16_drop0p2_temp1p0_a0p25_b0p05__wd1e-04trmiss0_degmodglobal,16,1e-05,0.0001,0.2,1.0,0.25,0.05,lr1e-05_bs16_drop0p2_temp1p0_a0p25_b0p05__wd1e-04trmiss0_degmodglobal,9,0.6971486955881119,0.7068967819213867,0.3611111111111111,0.6596671846671848,0.46153846153846156,0.0,0.6187179535627365,0.6756166219711304,0.051737688947468996,0.17195340432226658,0.0,0.0,0.0,0.0,0.0,18473,global,0.0
3,5,lr1e-05_bs16_drop0p2_temp1p0_a0p25_b0p05__wd1e-04trmiss0_degmodglobal,16,1e-05,0.0001,0.2,1.0,0.25,0.05,lr1e-05_bs16_drop0p2_temp1p0_a0p25_b0p05__wd1e-04trmiss0_degmodglobal,10,0.6792038381099701,0.7102414965629578,0.3611111111111111,0.6596671846671848,0.46153846153846156,0.0,0.6156290769577026,0.6531795412302017,0.05023527331650257,0.2693096920847893,0.0,0.0,0.0,0.0,0.0,18473,global,0.0
3,5,lr1e-05_bs16_drop0p2_temp1p0_a0p25_b0p05__wd1e-04trmiss0_degmodglobal,16,1e-05,0.0001,0.2,1.0,0.25,0.05,lr1e-05_bs16_drop0p2_temp1p0_a0p25_b0p05__wd1e-04trmiss0_degmodglobal,11,0.7140763700008392,0.7068181037902832,0.38888888888888884,0.6670745920745921,0.46153846153846156,0.0,0.6078983247280121,0.6868167817592621,0.056708733551204205,0.26164809614419937,0.0,0.0,0.0,0.0,0.0,18473,global,0.0
3,5,lr1e-05_bs16_drop0p2_temp1p0_a0p25_b0p05__wd1e-04trmiss0_degmodglobal,16,1e-05,0.0001,0.2,1.0,0.25,0.05,lr1e-05_bs16_drop0p2_temp1p0_a0p25_b0p05__wd1e-04trmiss0_degmodglobal,12,0.686196357011795,0.7101646661758423,0.38888888888888884,0.6670745920745921,0.46153846153846156,0.0,0.609614223241806,0.6670111417770386,0.0449557276442647,0.15892575308680534,0.0,0.0,0.0,0.0,0.0,18473,global,0.0
3,5,lr1e-05_bs16_drop0p2_temp1p0_a0p25_b0p05__wd1e-04trmiss0_degmodglobal,16,1e-05,0.0001,0.2,1.0,0.25,0.05,lr1e-05_bs16_drop0p2_temp1p0_a0p25_b0p05__wd1e-04trmiss0_degmodglobal,13,0.6998616605997086,0.7103512287139893,0.38888888888888884,0.6670745920745921,0.46153846153846156,0.0,0.6288129687309265,0.679271325469017,0.04381891619414091,0.19271192513406277,0.0,0.0,0.0,0.0,0.0,18473,global,0.0
3,5,lr1e-05_bs16_drop0p2_temp1p0_a0p25_b0p05__wd1e-04trmiss0_degmodglobal,16,1e-05,0.0001,0.2,1.0,0.25,0.05,lr1e-05_bs16_drop0p2_temp1p0_a0p25_b0p05__wd1e-04trmiss0_degmodglobal,14,0.6689215302467346,0.7101097106933594,0.41666666666666663,0.6741452991452992,0.46153846153846156,0.0,0.6065900176763535,0.6480094939470291,0.04830331914126873,0.1767240697517991,0.0,0.0,0.0,0.0,0.0,18473,global,0.0
3,5,lr1e-05_bs16_drop0p2_temp1p0_a0p25_b0p05__wd1e-04trmiss0_degmodglobal,16,1e-05,0.0001,0.2,1.0,0.25,0.05,lr1e-05_bs16_drop0p2_temp1p0_a0p25_b0p05__wd1e-04trmiss0_degmodglobal,15,0.677075058221817,0.708065927028656,0.41666666666666663,0.6741452991452992,0.46153846153846156,0.0,0.6594895869493484,0.6526829153299332,0.05505190882831812,0.21258355677127838,0.0,0.0,0.0,0.0,0.0,18473,global,0.0
3,5,lr1e-05_bs16_drop0p2_temp1p0_a0p25_b0p05__wd1e-04trmiss0_degmodglobal,16,1e-05,0.0001,0.2,1.0,0.25,0.05,lr1e-05_bs16_drop0p2_temp1p0_a0p25_b0p05__wd1e-04trmiss0_degmodglobal,16,0.6931128352880478,0.7085225582122803,0.41666666666666663,0.6741452991452992,0.46153846153846156,0.0,0.6031745821237564,0.6689243465662003,0.052758388221263885,0.2199777290225029,0.0,0.0,0.0,0.0,0.0,18473,global,0.0
3,5,lr1e-05_bs16_drop0p2_temp1p0_a0p25_b0p05__wd1e-04trmiss0_degmodglobal,16,1e-05,0.0001,0.2,1.0,0.25,0.05,lr1e-05_bs16_drop0p2_temp1p0_a0p25_b0p05__wd1e-04trmiss0_degmodglobal,17,0.6736320406198502,0.707642674446106,0.41666666666666663,0.6741452991452992,0.46153846153846156,0.0,0.5871920734643936,0.6521050781011581,0.04794225003570318,0.19082821160554886,0.0,0.0,0.0,0.0,0.0,18473,global,0.0
3,5,lr1e-05_bs16_drop0p2_temp1p0_a0p25_b0p05__wd1e-04trmiss0_degmodglobal,16,1e-05,0.0001,0.2,1.0,0.25,0.05,lr1e-05_bs16_drop0p2_temp1p0_a0p25_b0p05__wd1e-04trmiss0_degmodglobal,18,0.7078177481889725,0.7069836854934692,0.41666666666666663,0.6741452991452992,0.46153846153846156,0.0,0.6107780635356903,0.683337852358818,0.051522595807909966,0.23198484256863594,0.0,0.0,0.0,0.0,0.0,18473,global,0.0
3,5,lr1e-05_bs16_drop0p2_temp1p0_a0p25_b0p05__wd1e-04trmiss0_degmodglobal,16,1e-05,0.0001,0.2,1.0,0.25,0.05,lr1e-05_bs16_drop0p2_temp1p0_a0p25_b0p05__wd1e-04trmiss0_degmodglobal,19,0.6702655702829361,0.7038429975509644,0.4444444444444444,0.7297008547008548,0.46153846153846156,0.0,0.600927472114563,0.6467397212982178,0.05240424536168575,0.2084958702325821,0.0,0.0,0.0,0.0,0.0,18473,global,0.0
3,5,lr1e-05_bs16_drop0p2_temp1p0_a0p25_b0p05__wd1e-04trmiss0_degmodglobal,16,1e-05,0.0001,0.2,1.0,0.25,0.05,lr1e-05_bs16_drop0p2_temp1p0_a0p25_b0p05__wd1e-04trmiss0_degmodglobal,20,0.6661221385002136,0.7060176134109497,0.41666666666666663,0.6741452991452992,0.46153846153846156,0.0,0.5925072133541107,0.6469876617193222,0.0425639720633626,0.16986962594091892,0.0,0.0,0.0,0.0,0.0,18473,global,0.0
3,5,lr1e-05_bs16_drop0p2_temp1p0_a0p25_b0p05__wd1e-04trmiss0_degmodglobal,16,1e-05,0.0001,0.2,1.0,0.25,0.05,lr1e-05_bs16_drop0p2_temp1p0_a0p25_b0p05__wd1e-04trmiss0_degmodglobal,21,0.6802325695753098,0.7012292146682739,0.4444444444444444,0.7297008547008548,0.46153846153846156,0.0,0.6077507585287094,0.6574589759111404,0.051540578715503216,0.1977691799402237,0.0,0.0,0.0,0.0,0.0,18473,global,0.0
3,5,lr1e-05_bs16_drop0p2_temp1p0_a0p25_b0p05__wd1e-04trmiss0_degmodglobal,16,1e-05,0.0001,0.2,1.0,0.25,0.05,lr1e-05_bs16_drop0p2_temp1p0_a0p25_b0p05__wd1e-04trmiss0_degmodglobal,22,0.6789500117301941,0.7009871602058411,0.41666666666666663,0.6741452991452992,0.46153846153846156,0.0,0.6035724580287933,0.6563289314508438,0.04931039456278086,0.20586952939629555,0.0,0.0,0.0,0.0,0.0,18473,global,0.0
3,5,lr1e-05_bs16_drop0p2_temp1p0_a0p25_b0p05__wd1e-04trmiss0_degmodglobal,16,1e-05,0.0001,0.2,1.0,0.25,0.05,lr1e-05_bs16_drop0p2_temp1p0_a0p25_b0p05__wd1e-04trmiss0_degmodglobal,23,0.6581939905881882,0.7024535536766052,0.41666666666666663,0.6741452991452992,0.46153846153846156,0.0,0.586387574672699,0.633774071931839,0.05539422947913408,0.21142733469605446,0.0,0.0,0.0,0.0,0.0,18473,global,0.0
3,5,lr1e-05_bs16_drop0p2_temp1p0_a0p25_b0p05__wd1e-04trmiss0_degmodglobal,16,1e-05,0.0001,0.2,1.0,0.25,0.05,lr1e-05_bs16_drop0p2_temp1p0_a0p25_b0p05__wd1e-04trmiss0_degmodglobal,24,0.670692652463913,0.7019989490509033,0.41666666666666663,0.6741452991452992,0.46153846153846156,0.0,0.6051949113607407,0.6491817831993103,0.0483305724337697,0.1885639950633049,0.0,0.0,0.0,0.0,0.0,18473,global,0.0
3,5,lr1e-05_bs16_drop0p2_temp1p0_a0p25_b0p05__wd1e-04trmiss0_degmodglobal,16,1e-05,0.0001,0.2,1.0,0.25,0.05,lr1e-05_bs16_drop0p2_temp1p0_a0p25_b0p05__wd1e-04trmiss0_degmodglobal,25,0.6806808263063431,0.6990469098091125,0.4444444444444444,0.7297008547008548,0.46153846153846156,0.0,0.6319258660078049,0.6594633162021637,0.05052685923874378,0.1717161200940609,0.0,0.0,0.0,0.0,0.0,18473,global,0.0
3,5,lr1e-05_bs16_drop0p2_temp1p0_a0p25_b0p05__wd1e-04trmiss0_degmodglobal,16,1e-05,0.0001,0.2,1.0,0.25,0.05,lr1e-05_bs16_drop0p2_temp1p0_a0p25_b0p05__wd1e-04trmiss0_degmodglobal,26,0.6929217576980591,0.7016234993934631,0.41666666666666663,0.6741452991452992,0.46153846153846156,0.0,0.5776087492704391,0.6701744347810745,0.049102041870355606,0.2094365432858467,0.0,0.0,0.0,0.0,0.0,18473,global,0.0
3,5,lr1e-05_bs16_drop0p2_temp1p0_a0p25_b0p05__wd1e-04trmiss0_degmodglobal,16,1e-05,0.0001,0.2,1.0,0.25,0.05,lr1e-05_bs16_drop0p2_temp1p0_a0p25_b0p05__wd1e-04trmiss0_degmodglobal,27,0.6609314233064651,0.7039822936058044,0.41666666666666663,0.6741452991452992,0.46153846153846156,0.0,0.5776956379413605,0.6390977799892426,0.047796678729355335,0.19768967479467392,0.0,0.0,0.0,0.0,0.0,18473,global,0.0
3,5,lr1e-05_bs16_drop0p2_temp1p0_a0p25_b0p05__wd1e-04trmiss0_degmodglobal,16,1e-05,0.0001,0.2,1.0,0.25,0.05,lr1e-05_bs16_drop0p2_temp1p0_a0p25_b0p05__wd1e-04trmiss0_degmodglobal,28,0.647225871682167,0.7034409046173096,0.41666666666666663,0.6741452991452992,0.46153846153846156,0.0,0.5960484594106674,0.6268505901098251,0.047125259414315224,0.17187979258596897,0.0,0.0,0.0,0.0,0.0,18473,global,0.0
3,5,lr1e-05_bs16_drop0p2_temp1p0_a0p25_b0p05__wd1e-04trmiss0_degmodglobal,16,1e-05,0.0001,0.2,1.0,0.25,0.05,lr1e-05_bs16_drop0p2_temp1p0_a0p25_b0p05__wd1e-04trmiss0_degmodglobal,29,0.668177604675293,0.7029936909675598,0.4444444444444444,0.7297008547008548,0.46153846153846156,0.0,0.5943142026662827,0.6460676491260529,0.05284716747701168,0.17796331271529198,0.0,0.0,0.0,0.0,0.0,18473,global,0.0
3,5,lr1e-05_bs16_drop0p2_temp1p0_a0p25_b0p05__wd1e-04trmiss0_degmodglobal,16,1e-05,0.0001,0.2,1.0,0.25,0.05,lr1e-05_bs16_drop0p2_temp1p0_a0p25_b0p05__wd1e-04trmiss0_degmodglobal,30,0.6547628492116928,0.702742338180542,0.4444444444444444,0.7297008547008548,0.46153846153846156,0.0,0.5809764266014099,0.6337794363498688,0.04954908136278391,0.1719224490225315,0.0,0.0,0.0,0.0,0.0,18473,global,0.0
3,5,lr1e-05_bs16_drop0p2_temp1p0_a0p25_b0p05__wd1e-04trmiss0_degmodglobal,16,1e-05,0.0001,0.2,1.0,0.25,0.05,lr1e-05_bs16_drop0p2_temp1p0_a0p25_b0p05__wd1e-04trmiss0_degmodglobal,31,0.7042812556028366,0.7039631009101868,0.41666666666666663,0.6741452991452992,0.46153846153846156,0.0,0.5729620158672333,0.683437317609787,0.04479751270264387,0.1928912028670311,0.0,0.0,0.0,0.0,0.0,18473,global,0.0
3,5,lr1e-05_bs16_drop0p2_temp1p0_a0p25_b0p05__wd1e-04trmiss0_degmodglobal,16,1e-05,0.0001,0.2,1.0,0.25,0.05,lr1e-05_bs16_drop0p2_temp1p0_a0p25_b0p05__wd1e-04trmiss0_degmodglobal,32,0.6539774090051651,0.7032532691955566,0.4444444444444444,0.7297008547008548,0.46153846153846156,0.0,0.5918791145086288,0.6304206848144531,0.055705850943922997,0.1926056556403637,0.0,0.0,0.0,0.0,0.0,18473,global,0.0
3,5,lr1e-05_bs16_drop0p2_temp1p0_a0p25_b0p05__wd1e-04trmiss0_degmodglobal,16,1e-05,0.0001,0.2,1.0,0.25,0.05,lr1e-05_bs16_drop0p2_temp1p0_a0p25_b0p05__wd1e-04trmiss0_degmodglobal,33,0.6722917705774307,0.700279712677002,0.49999999999999994,0.7945156695156697,0.46153846153846156,0.0,0.5983390957117081,0.647067129611969,0.05566506180912256,0.22616753354668617,0.0,0.0,0.0,0.0,0.0,18473,global,0.0
3,5,lr1e-05_bs16_drop0p2_temp1p0_a0p25_b0p05__wd1e-04trmiss0_degmodglobal,16,1e-05,0.0001,0.2,1.0,0.25,0.05,lr1e-05_bs16_drop0p2_temp1p0_a0p25_b0p05__wd1e-04trmiss0_degmodglobal,34,0.6898729354143143,0.7034730315208435,0.4444444444444444,0.7297008547008548,0.46153846153846156,0.0,0.567675769329071,0.6609909385442734,0.06344346422702074,0.2604224979877472,0.0,0.0,0.0,0.0,0.0,18473,global,0.0
3,5,lr1e-05_bs16_drop0p2_temp1p0_a0p25_b0p05__wd1e-04trmiss0_degmodglobal,16,1e-05,0.0001,0.2,1.0,0.25,0.05,lr1e-05_bs16_drop0p2_temp1p0_a0p25_b0p05__wd1e-04trmiss0_degmodglobal,35,0.6658760458230972,0.6934087872505188,0.49999999999999994,0.7945156695156697,0.46153846153846156,0.0,0.5698231756687164,0.6440428346395493,0.05017732456326485,0.18577777221798897,0.0,0.0,0.0,0.0,0.0,18473,global,0.0
3,5,lr1e-05_bs16_drop0p2_temp1p0_a0p25_b0p05__wd1e-04trmiss0_degmodglobal,16,1e-05,0.0001,0.2,1.0,0.25,0.05,lr1e-05_bs16_drop0p2_temp1p0_a0p25_b0p05__wd1e-04trmiss0_degmodglobal,36,0.678951621055603,0.6948888301849365,0.49999999999999994,0.7945156695156697,0.46153846153846156,0.0,0.5797739028930664,0.6564942598342896,0.04960259608924389,0.20113440044224262,0.0,0.0,0.0,0.0,0.0,18473,global,0.0
3,5,lr1e-05_bs16_drop0p2_temp1p0_a0p25_b0p05__wd1e-04trmiss0_degmodglobal,16,1e-05,0.0001,0.2,1.0,0.25,0.05,lr1e-05_bs16_drop0p2_temp1p0_a0p25_b0p05__wd1e-04trmiss0_degmodglobal,37,0.6761275082826614,0.6965402960777283,0.49999999999999994,0.7945156695156697,0.46153846153846156,0.0,0.566130056977272,0.6454058736562729,0.06795506831258535,0.27465761452913284,0.0,0.0,0.0,0.0,0.0,18473,global,0.0
3,5,lr1e-05_bs16_drop0p2_temp1p0_a0p25_b0p05__wd1e-04trmiss0_degmodglobal,16,1e-05,0.0001,0.2,1.0,0.25,0.05,lr1e-05_bs16_drop0p2_temp1p0_a0p25_b0p05__wd1e-04trmiss0_degmodglobal,38,0.6765393167734146,0.6978975534439087,0.4444444444444444,0.7297008547008548,0.46153846153846156,0.0,0.5531929135322571,0.6526106148958206,0.054139869287610054,0.2078748121857643,0.0,0.0,0.0,0.0,0.0,18473,global,0.0
3,5,lr1e-05_bs16_drop0p2_temp1p0_a0p25_b0p05__wd1e-04trmiss0_degmodglobal,16,1e-05,0.0001,0.2,1.0,0.25,0.05,lr1e-05_bs16_drop0p2_temp1p0_a0p25_b0p05__wd1e-04trmiss0_degmodglobal,39,0.6697945445775986,0.6974590420722961,0.4444444444444444,0.7297008547008548,0.46153846153846156,0.0,0.5560199022293091,0.6471949219703674,0.05085019674152136,0.19774148613214493,0.0,0.0,0.0,0.0,0.0,18473,global,0.0
3,5,lr1e-05_bs16_drop0p2_temp1p0_a0p25_b0p05__wd1e-04trmiss0_degmodglobal,16,1e-05,0.0001,0.2,1.0,0.25,0.05,lr1e-05_bs16_drop0p2_temp1p0_a0p25_b0p05__wd1e-04trmiss0_degmodglobal,40,0.6731601059436798,0.6965257525444031,0.49999999999999994,0.7945156695156697,0.46153846153846156,0.0,0.5609607845544815,0.646279901266098,0.06048817094415426,0.23516316711902618,0.0,0.0,0.0,0.0,0.0,18473,global,0.0
3,5,lr1e-05_bs16_drop0p2_temp1p0_a0p25_b0p05__wd1e-04trmiss0_degmodglobal,16,1e-05,0.0001,0.2,1.0,0.25,0.05,lr1e-05_bs16_drop0p2_temp1p0_a0p25_b0p05__wd1e-04trmiss0_degmodglobal,41,0.6752371191978455,0.6970384120941162,0.4444444444444444,0.7297008547008548,0.46153846153846156,0.0,0.5442323163151741,0.6480642408132553,0.059976330026984215,0.24357600510120392,0.0,0.0,0.0,0.0,0.0,18473,global,0.0
3,5,lr1e-05_bs16_drop0p2_temp1p0_a0p25_b0p05__wd1e-04trmiss0_degmodglobal,16,1e-05,0.0001,0.2,1.0,0.25,0.05,lr1e-05_bs16_drop0p2_temp1p0_a0p25_b0p05__wd1e-04trmiss0_degmodglobal,42,0.6525125503540039,0.6965493559837341,0.4722222222222222,0.7667378917378918,0.46153846153846156,0.0,0.5610371977090836,0.6318090707063675,0.04949143249541521,0.16661232337355614,0.0,0.0,0.0,0.0,0.0,18473,global,0.0
3,5,lr1e-05_bs16_drop0p2_temp1p0_a0p25_b0p05__wd1e-04trmiss0_degmodglobal,16,1e-05,0.0001,0.2,1.0,0.25,0.05,lr1e-05_bs16_drop0p2_temp1p0_a0p25_b0p05__wd1e-04trmiss0_degmodglobal,43,0.6951749175786972,0.6985516548156738,0.4722222222222222,0.7667378917378918,0.46153846153846156,0.0,0.5833817720413208,0.6698324233293533,0.057581973262131214,0.21893999353051186,0.0,0.0,0.0,0.0,0.0,18473,global,0.0
3,5,lr1e-05_bs16_drop0p2_temp1p0_a0p25_b0p05__wd1e-04trmiss0_degmodglobal,16,1e-05,0.0001,0.2,1.0,0.25,0.05,lr1e-05_bs16_drop0p2_temp1p0_a0p25_b0p05__wd1e-04trmiss0_degmodglobal,44,0.6692870408296585,0.6939889788627625,0.4722222222222222,0.7667378917378918,0.46153846153846156,0.0,0.5607813447713852,0.6448291540145874,0.057368907146155834,0.2023128718137741,0.0,0.0,0.0,0.0,0.0,18473,global,0.0
3,5,lr1e-05_bs16_drop0p2_temp1p0_a0p25_b0p05__wd1e-04trmiss0_degmodglobal,16,1e-05,0.0001,0.2,1.0,0.25,0.05,lr1e-05_bs16_drop0p2_temp1p0_a0p25_b0p05__wd1e-04trmiss0_degmodglobal,45,0.6882818043231964,0.6924657821655273,0.4722222222222222,0.7667378917378918,0.46153846153846156,0.0,0.5934029966592789,0.6637838780879974,0.05464352574199438,0.2167409025132656,0.0,0.0,0.0,0.0,0.0,18473,global,0.0
3,5,lr1e-05_bs16_drop0p2_temp1p0_a0p25_b0p05__wd1e-04trmiss0_degmodglobal,16,1e-05,0.0001,0.2,1.0,0.25,0.05,lr1e-05_bs16_drop0p2_temp1p0_a0p25_b0p05__wd1e-04trmiss0_degmodglobal,46,0.6925795674324036,0.6942005157470703,0.4722222222222222,0.7667378917378918,0.46153846153846156,0.0,0.5466495007276535,0.665937215089798,0.0579997394233942,0.24284818395972252,0.0,0.0,0.0,0.0,0.0,18473,global,0.0
3,5,lr1e-05_bs16_drop0p2_temp1p0_a0p25_b0p05__wd1e-04trmiss0_degmodglobal,16,1e-05,0.0001,0.2,1.0,0.25,0.05,lr1e-05_bs16_drop0p2_temp1p0_a0p25_b0p05__wd1e-04trmiss0_degmodglobal,47,0.6761995404958725,0.6957170367240906,0.4722222222222222,0.7667378917378918,0.46153846153846156,0.0,0.5543425232172012,0.6483325809240341,0.06475772056728601,0.23355090990662575,0.0,0.0,0.0,0.0,0.0,18473,global,0.0
3,5,lr1e-05_bs16_drop0p2_temp1p0_a0p25_b0p05__wd1e-04trmiss0_degmodglobal,16,1e-05,0.0001,0.2,1.0,0.25,0.05,lr1e-05_bs16_drop0p2_temp1p0_a0p25_b0p05__wd1e-04trmiss0_degmodglobal,48,0.6541252583265305,0.6934767961502075,0.49999999999999994,0.7945156695156697,0.46153846153846156,0.0,0.5438932031393051,0.6269461661577225,0.06342214532196522,0.22647099941968918,0.0,0.0,0.0,0.0,0.0,18473,global,0.0
3,5,lr1e-05_bs16_drop0p2_temp1p0_a0p25_b0p05__wd1e-04trmiss0_degmodglobal,16,1e-05,0.0001,0.2,1.0,0.25,0.05,lr1e-05_bs16_drop0p2_temp1p0_a0p25_b0p05__wd1e-04trmiss0_degmodglobal,49,0.6724520623683929,0.6926994323730469,0.49999999999999994,0.7945156695156697,0.46153846153846156,0.0,0.5343076810240746,0.641160860657692,0.06728024408221245,0.28942304104566574,0.0,0.0,0.0,0.0,0.0,18473,global,0.0
3,5,lr1e-05_bs16_drop0p2_temp1p0_a0p25_b0p05__wd1e-04trmiss0_degmodglobal,16,1e-05,0.0001,0.2,1.0,0.25,0.05,lr1e-05_bs16_drop0p2_temp1p0_a0p25_b0p05__wd1e-04trmiss0_degmodglobal,50,0.6535618901252747,0.6940464377403259,0.4722222222222222,0.7667378917378918,0.46153846153846156,0.0,0.5579597800970078,0.6267590522766113,0.06518199574202299,0.21014700457453728,0.0,0.0,0.0,0.0,0.0,18473,global,0.0
3,5,lr1e-05_bs16_drop0p2_temp1p0_a0p25_b0p05__wd1e-04trmiss0_degmodglobal,16,1e-05,0.0001,0.2,1.0,0.25,0.05,lr1e-05_bs16_drop0p2_temp1p0_a0p25_b0p05__wd1e-04trmiss0_degmodglobal,51,0.6403339207172394,0.6925065517425537,0.4722222222222222,0.7667378917378918,0.46153846153846156,0.0,0.5255779922008514,0.6167212575674057,0.058963725343346596,0.17743426002562046,0.0,0.0,0.0,0.0,0.0,18473,global,0.0
3,5,lr1e-05_bs16_drop0p2_temp1p0_a0p25_b0p05__wd1e-04trmiss0_degmodglobal,16,1e-05,0.0001,0.2,1.0,0.25,0.05,lr1e-05_bs16_drop0p2_temp1p0_a0p25_b0p05__wd1e-04trmiss0_degmodglobal,52,0.6645024418830872,0.6944732069969177,0.4722222222222222,0.7667378917378918,0.46153846153846156,0.0,0.5526613220572472,0.6285434663295746,0.08013888262212276,0.318484827876091,0.0,0.0,0.0,0.0,0.0,18473,global,0.0
3,5,lr1e-05_bs16_drop0p2_temp1p0_a0p25_b0p05__wd1e-04trmiss0_degmodglobal,16,1e-05,0.0001,0.2,1.0,0.25,0.05,lr1e-05_bs16_drop0p2_temp1p0_a0p25_b0p05__wd1e-04trmiss0_degmodglobal,53,0.6608059108257294,0.6964585781097412,0.4722222222222222,0.7667378917378918,0.46153846153846156,0.0,0.5773364007472992,0.6364816874265671,0.05493846256285906,0.21179266087710857,0.0,0.0,0.0,0.0,0.0,18473,global,0.0
3,5,lr1e-05_bs16_drop0p2_temp1p0_a0p25_b0p05__wd1e-04trmiss0_degmodglobal,16,1e-05,0.0001,0.2,1.0,0.25,0.05,lr1e-05_bs16_drop0p2_temp1p0_a0p25_b0p05__wd1e-04trmiss0_degmodglobal,54,0.6773812919855118,0.6955825090408325,0.41666666666666663,0.6741452991452992,0.46153846153846156,0.0,0.5457562208175659,0.6534119546413422,0.057312872260808945,0.1928221955895424,0.0,0.0,0.0,0.0,0.0,18473,global,0.0
3,5,lr1e-05_bs16_drop0p2_temp1p0_a0p25_b0p05__wd1e-04trmiss0_degmodglobal,16,1e-05,0.0001,0.2,1.0,0.25,0.05,lr1e-05_bs16_drop0p2_temp1p0_a0p25_b0p05__wd1e-04trmiss0_degmodglobal,55,0.6644950211048126,0.6911253333091736,0.49999999999999994,0.7945156695156697,0.46153846153846156,0.0,0.5284902602434158,0.6353230178356171,0.06119080912321806,0.2774857562035322,0.0,0.0,0.0,0.0,0.0,18473,global,0.0
3,5,lr1e-05_bs16_drop0p2_temp1p0_a0p25_b0p05__wd1e-04trmiss0_degmodglobal,16,1e-05,0.0001,0.2,1.0,0.25,0.05,lr1e-05_bs16_drop0p2_temp1p0_a0p25_b0p05__wd1e-04trmiss0_degmodglobal,56,0.6731869280338287,0.6928995847702026,0.49999999999999994,0.7945156695156697,0.46153846153846156,0.0,0.5478734374046326,0.6368413716554642,0.07716543786227703,0.3410841003060341,0.0,0.0,0.0,0.0,0.0,18473,global,0.0
3,5,lr1e-05_bs16_drop0p2_temp1p0_a0p25_b0p05__wd1e-04trmiss0_degmodglobal,16,1e-05,0.0001,0.2,1.0,0.25,0.05,lr1e-05_bs16_drop0p2_temp1p0_a0p25_b0p05__wd1e-04trmiss0_degmodglobal,57,0.7115042805671692,0.6929163336753845,0.49999999999999994,0.7945156695156697,0.46153846153846156,0.0,0.5282684564590454,0.6755516231060028,0.07697336841374636,0.33418596535921097,0.0,0.0,0.0,0.0,0.0,18473,global,0.0
3,5,lr1e-05_bs16_drop0p2_temp1p0_a0p25_b0p05__wd1e-04trmiss0_degmodglobal,16,1e-05,0.0001,0.2,1.0,0.25,0.05,lr1e-05_bs16_drop0p2_temp1p0_a0p25_b0p05__wd1e-04trmiss0_degmodglobal,58,0.669756293296814,0.69448322057724,0.4722222222222222,0.7667378917378918,0.46153846153846156,0.0,0.5167651325464249,0.6392079591751099,0.06967886257916689,0.2625723108649254,0.0,0.0,0.0,0.0,0.0,18473,global,0.0
3,5,lr1e-05_bs16_drop0p2_temp1p0_a0p25_b0p05__wd1e-04trmiss0_degmodglobal,16,1e-05,0.0001,0.2,1.0,0.25,0.05,lr1e-05_bs16_drop0p2_temp1p0_a0p25_b0p05__wd1e-04trmiss0_degmodglobal,59,0.6625658869743347,0.6970685124397278,0.4444444444444444,0.7297008547008548,0.46153846153846156,0.0,0.5596115738153458,0.6338633000850677,0.06798167899250984,0.2341437116265297,0.0,0.0,0.0,0.0,0.0,18473,global,0.0
3,5,lr1e-05_bs16_drop0p2_temp1p0_a0p25_b0p05__wd1e-04trmiss0_degmodglobal,16,1e-05,0.0001,0.2,1.0,0.25,0.05,lr1e-05_bs16_drop0p2_temp1p0_a0p25_b0p05__wd1e-04trmiss0_degmodglobal,60,0.6919965893030167,0.6981183886528015,0.4444444444444444,0.7297008547008548,0.46153846153846156,0.0,0.5201968625187874,0.6585477143526077,0.07540699653327465,0.29194262251257896,0.0,0.0,0.0,0.0,0.0,18473,global,0.0
3,5,lr1e-05_bs16_drop0p2_temp1p0_a0p25_b0p05__wd1e-04trmiss0_degmodglobal,16,1e-05,0.0001,0.2,1.0,0.25,0.05,lr1e-05_bs16_drop0p2_temp1p0_a0p25_b0p05__wd1e-04trmiss0_degmodglobal,61,0.6761961579322815,0.6969444751739502,0.4722222222222222,0.7667378917378918,0.46153846153846156,0.0,0.5378392487764359,0.6473409682512283,0.06738911289721727,0.24015836790204048,0.0,0.0,0.0,0.0,0.0,18473,global,0.0
3,5,lr1e-05_bs16_drop0p2_temp1p0_a0p25_b0p05__wd1e-04trmiss0_degmodglobal,16,1e-05,0.0001,0.2,1.0,0.25,0.05,lr1e-05_bs16_drop0p2_temp1p0_a0p25_b0p05__wd1e-04trmiss0_degmodglobal,62,0.6666658669710159,0.6961226463317871,0.4722222222222222,0.7667378917378918,0.46153846153846156,0.0,0.5322437137365341,0.6400561332702637,0.06175800692290068,0.22340510413050652,0.0,0.0,0.0,0.0,0.0,18473,global,0.0
3,5,lr1e-05_bs16_drop0p2_temp1p0_a0p25_b0p05__wd1e-04trmiss0_degmodglobal,16,1e-05,0.0001,0.2,1.0,0.25,0.05,lr1e-05_bs16_drop0p2_temp1p0_a0p25_b0p05__wd1e-04trmiss0_degmodglobal,63,0.6796363294124603,0.6961897611618042,0.4444444444444444,0.7297008547008548,0.46153846153846156,0.0,0.5669586360454559,0.6451858580112457,0.08067408949136734,0.28563909977674484,0.0,0.0,0.0,0.0,0.0,18473,global,0.0
3,5,lr1e-05_bs16_drop0p2_temp1p0_a0p25_b0p05__wd1e-04trmiss0_degmodglobal,16,1e-05,0.0001,0.2,1.0,0.25,0.05,lr1e-05_bs16_drop0p2_temp1p0_a0p25_b0p05__wd1e-04trmiss0_degmodglobal,64,0.6808417439460754,0.6895328164100647,0.4722222222222222,0.7667378917378918,0.46153846153846156,0.0,0.5484065338969231,0.6482829600572586,0.07333487831056118,0.28450150042772293,0.0,0.0,0.0,0.0,0.0,18473,global,0.0
3,5,lr1e-05_bs16_drop0p2_temp1p0_a0p25_b0p05__wd1e-04trmiss0_degmodglobal,16,1e-05,0.0001,0.2,1.0,0.25,0.05,lr1e-05_bs16_drop0p2_temp1p0_a0p25_b0p05__wd1e-04trmiss0_degmodglobal,65,0.6853736937046051,0.6932562589645386,0.4444444444444444,0.7297008547008548,0.46153846153846156,0.0,0.5139530971646309,0.6529009491205215,0.07625808753073215,0.2681642845273018,0.0,0.0,0.0,0.0,0.0,18473,global,0.0
3,5,lr1e-05_bs16_drop0p2_temp1p0_a0p25_b0p05__wd1e-04trmiss0_degmodglobal,16,1e-05,0.0001,0.2,1.0,0.25,0.05,lr1e-05_bs16_drop0p2_temp1p0_a0p25_b0p05__wd1e-04trmiss0_degmodglobal,66,0.7184431999921799,0.6932101845741272,0.4444444444444444,0.7297008547008548,0.46153846153846156,0.0,0.5366299524903297,0.6835346221923828,0.07518422789871693,0.3222504258155823,0.0,0.0,0.0,0.0,0.0,18473,global,0.0
3,5,lr1e-05_bs16_drop0p2_temp1p0_a0p25_b0p05__wd1e-04trmiss0_degmodglobal,16,1e-05,0.0001,0.2,1.0,0.25,0.05,lr1e-05_bs16_drop0p2_temp1p0_a0p25_b0p05__wd1e-04trmiss0_degmodglobal,67,0.6747510880231857,0.6952322125434875,0.4444444444444444,0.7297008547008548,0.46153846153846156,0.0,0.522278293967247,0.6439834237098694,0.0701547721400857,0.26457953080534935,0.0,0.0,0.0,0.0,0.0,18473,global,0.0
3,5,lr1e-05_bs16_drop0p2_temp1p0_a0p25_b0p05__wd1e-04trmiss0_degmodglobal,16,1e-05,0.0001,0.2,1.0,0.25,0.05,lr1e-05_bs16_drop0p2_temp1p0_a0p25_b0p05__wd1e-04trmiss0_degmodglobal,68,0.6654629707336426,0.6954919695854187,0.4444444444444444,0.7297008547008548,0.46153846153846156,0.0,0.5373549088835716,0.6317137330770493,0.07969928346574306,0.2764883488416672,0.0,0.0,0.0,0.0,0.0,18473,global,0.0
3,5,lr1e-05_bs16_drop0p2_temp1p0_a0p25_b0p05__wd1e-04trmiss0_degmodglobal,16,1e-05,0.0001,0.2,1.0,0.25,0.05,lr1e-05_bs16_drop0p2_temp1p0_a0p25_b0p05__wd1e-04trmiss0_degmodglobal,69,0.6717524081468582,0.6983345746994019,0.41666666666666663,0.6741452991452992,0.46153846153846156,0.0,0.5544074773788452,0.6418434381484985,0.06966976448893547,0.2498309649527073,0.0,0.0,0.0,0.0,0.0,18473,global,0.0
3,5,lr1e-05_bs16_drop0p2_temp1p0_a0p25_b0p05__wd1e-04trmiss0_degmodglobal,16,1e-05,0.0001,0.2,1.0,0.25,0.05,lr1e-05_bs16_drop0p2_temp1p0_a0p25_b0p05__wd1e-04trmiss0_degmodglobal,70,0.6552149653434753,0.696128785610199,0.41666666666666663,0.6741452991452992,0.46153846153846156,0.0,0.5221086591482162,0.6263512820005417,0.06576241925358772,0.2484615035355091,0.0,0.0,0.0,0.0,0.0,18473,global,0.0
3,5,lr1e-05_bs16_drop0p2_temp1p0_a0p25_b0p05__wd1e-04trmiss0_degmodglobal,16,1e-05,0.0001,0.2,1.0,0.25,0.05,lr1e-05_bs16_drop0p2_temp1p0_a0p25_b0p05__wd1e-04trmiss0_degmodglobal,71,0.6736617535352707,0.7000643014907837,0.41666666666666663,0.6741452991452992,0.46153846153846156,0.0,0.5107660293579102,0.6477634459733963,0.060259273275732994,0.21666989848017693,0.0,0.0,0.0,0.0,0.0,18473,global,0.0
3,5,lr1e-05_bs16_drop0p2_temp1p0_a0p25_b0p05__wd1e-04trmiss0_degmodglobal,16,1e-05,0.0001,0.2,1.0,0.25,0.05,lr1e-05_bs16_drop0p2_temp1p0_a0p25_b0p05__wd1e-04trmiss0_degmodglobal,72,0.683869868516922,0.6973726153373718,0.4722222222222222,0.7364348614348615,0.46153846153846156,0.0,0.5012618154287338,0.6548067629337311,0.06419723946601152,0.26027584448456764,0.0,0.0,0.0,0.0,0.0,18473,global,0.0
3,5,lr1e-05_bs16_drop0p2_temp1p0_a0p25_b0p05__wd1e-04trmiss0_degmodglobal,16,1e-05,0.0001,0.2,1.0,0.25,0.05,lr1e-05_bs16_drop0p2_temp1p0_a0p25_b0p05__wd1e-04trmiss0_degmodglobal,73,0.6821091920137405,0.6986603736877441,0.41666666666666663,0.6741452991452992,0.46153846153846156,0.0,0.5142800062894821,0.6502529382705688,0.07039870321750641,0.28513161465525627,0.0,0.0,0.0,0.0,0.0,18473,global,0.0
3,5,lr1e-05_bs16_drop0p2_temp1p0_a0p25_b0p05__wd1e-04trmiss0_degmodglobal,16,1e-05,0.0001,0.2,1.0,0.25,0.05,lr1e-05_bs16_drop0p2_temp1p0_a0p25_b0p05__wd1e-04trmiss0_degmodglobal,74,0.6878466904163361,0.6971110105514526,0.4444444444444444,0.6808793058793059,0.46153846153846156,0.0,0.5288748443126678,0.6597388982772827,0.06353689730167389,0.24447149597108364,0.0,0.0,0.0,0.0,0.0,18473,global,0.0
3,5,lr1e-05_bs16_drop0p2_temp1p0_a0p25_b0p05__wd1e-04trmiss0_degmodglobal,16,1e-05,0.0001,0.2,1.0,0.25,0.05,lr1e-05_bs16_drop0p2_temp1p0_a0p25_b0p05__wd1e-04trmiss0_degmodglobal,75,0.6619874238967896,0.6972562074661255,0.4722222222222222,0.6907999407999409,0.46153846153846156,0.0,0.5584685504436493,0.6328999251127243,0.06840602774173021,0.23971981555223465,0.0,0.0,0.0,0.0,0.0,18473,global,0.0
3,5,lr1e-05_bs16_drop0p2_temp2p0_a0p25_b0p05__wd1e-04trmiss0_degmodglobal,16,1e-05,0.0001,0.2,2.0,0.25,0.05,lr1e-05_bs16_drop0p2_temp2p0_a0p25_b0p05__wd1e-04trmiss0_degmodglobal,1,0.6802645027637482,0.7179262042045593,0.3055555555555556,0.658007733007733,0.46153846153846156,0.0,0.7321820557117462,0.6634682267904282,0.04121850244700909,0.12983316369354725,0.0,0.0,0.0,0.0,0.0,18473,global,0.0
3,5,lr1e-05_bs16_drop0p2_temp2p0_a0p25_b0p05__wd1e-04trmiss0_degmodglobal,16,1e-05,0.0001,0.2,2.0,0.25,0.05,lr1e-05_bs16_drop0p2_temp2p0_a0p25_b0p05__wd1e-04trmiss0_degmodglobal,2,0.6711110025644302,0.7138468027114868,0.3055555555555556,0.658007733007733,0.46153846153846156,0.0,0.7262718379497528,0.6547788679599762,0.04196615517139435,0.11681181751191616,0.0,0.0,0.0,0.0,0.0,18473,global,0.0
3,5,lr1e-05_bs16_drop0p2_temp2p0_a0p25_b0p05__wd1e-04trmiss0_degmodglobal,16,1e-05,0.0001,0.2,2.0,0.25,0.05,lr1e-05_bs16_drop0p2_temp2p0_a0p25_b0p05__wd1e-04trmiss0_degmodglobal,3,0.6694393306970596,0.7113887667655945,0.33333333333333337,0.6765262515262516,0.46153846153846156,0.0,0.714263916015625,0.6482986062765121,0.049805534072220325,0.1737869381904602,0.0,0.0,0.0,0.0,0.0,18473,global,0.0
3,5,lr1e-05_bs16_drop0p2_temp2p0_a0p25_b0p05__wd1e-04trmiss0_degmodglobal,16,1e-05,0.0001,0.2,2.0,0.25,0.05,lr1e-05_bs16_drop0p2_temp2p0_a0p25_b0p05__wd1e-04trmiss0_degmodglobal,4,0.6746218651533127,0.7038074135780334,0.4444444444444444,0.741990416990417,0.5384615384615384,0.0,0.697552427649498,0.65281842648983,0.05447672586888075,0.16368515603244305,0.0,0.0,0.0,0.0,0.0,18473,global,0.0
3,5,lr1e-05_bs16_drop0p2_temp2p0_a0p25_b0p05__wd1e-04trmiss0_degmodglobal,16,1e-05,0.0001,0.2,2.0,0.25,0.05,lr1e-05_bs16_drop0p2_temp2p0_a0p25_b0p05__wd1e-04trmiss0_degmodglobal,5,0.6776000708341599,0.6969605684280396,0.49999999999999994,0.7611703111703112,0.5384615384615384,0.0,0.677759125828743,0.6627441793680191,0.038224587216973305,0.1059950552880764,0.0,0.0,0.0,0.0,0.0,18473,global,0.0
3,5,lr1e-05_bs16_drop0p2_temp2p0_a0p25_b0p05__wd1e-04trmiss0_degmodglobal,16,1e-05,0.0001,0.2,2.0,0.25,0.05,lr1e-05_bs16_drop0p2_temp2p0_a0p25_b0p05__wd1e-04trmiss0_degmodglobal,6,0.6486901342868805,0.6927404403686523,0.5277777777777778,0.7675805675805676,0.5384615384615384,0.0,0.7190847992897034,0.6289190500974655,0.04925171472132206,0.14916282705962658,0.0,0.0,0.0,0.0,0.0,18473,global,0.0
3,5,lr1e-05_bs16_drop0p2_temp2p0_a0p25_b0p05__wd1e-04trmiss0_degmodglobal,16,1e-05,0.0001,0.2,2.0,0.25,0.05,lr1e-05_bs16_drop0p2_temp2p0_a0p25_b0p05__wd1e-04trmiss0_degmodglobal,7,0.6790996789932251,0.6872039437294006,0.5277777777777778,0.7675805675805676,0.5384615384615384,0.0,0.68073470890522,0.6574621498584747,0.05724066682159901,0.14654742926359177,0.0,0.0,0.0,0.0,0.0,18473,global,0.0
3,5,lr1e-05_bs16_drop0p2_temp2p0_a0p25_b0p05__wd1e-04trmiss0_degmodglobal,16,1e-05,0.0001,0.2,2.0,0.25,0.05,lr1e-05_bs16_drop0p2_temp2p0_a0p25_b0p05__wd1e-04trmiss0_degmodglobal,8,0.6516101658344269,0.6857947111129761,0.47222222222222215,0.7241332741332742,0.5384615384615384,0.0,0.7116443067789078,0.6356611102819443,0.04055024217814207,0.11622969526797533,0.0,0.0,0.0,0.0,0.0,18473,global,0.0
3,5,lr1e-05_bs16_drop0p2_temp2p0_a0p25_b0p05__wd1e-04trmiss0_degmodglobal,16,1e-05,0.0001,0.2,2.0,0.25,0.05,lr1e-05_bs16_drop0p2_temp2p0_a0p25_b0p05__wd1e-04trmiss0_degmodglobal,9,0.6626424640417099,0.6836756467819214,0.47222222222222215,0.7241332741332742,0.5384615384615384,0.0,0.7118113040924072,0.6407704204320908,0.05928219575434923,0.14103021658957005,0.0,0.0,0.0,0.0,0.0,18473,global,0.0
3,5,lr1e-05_bs16_drop0p2_temp2p0_a0p25_b0p05__wd1e-04trmiss0_degmodglobal,16,1e-05,0.0001,0.2,2.0,0.25,0.05,lr1e-05_bs16_drop0p2_temp2p0_a0p25_b0p05__wd1e-04trmiss0_degmodglobal,10,0.6915563493967056,0.6829272508621216,0.47222222222222215,0.7241332741332742,0.5384615384615384,0.0,0.669674813747406,0.670767679810524,0.049046958796679974,0.17053857631981373,0.0,0.0,0.0,0.0,0.0,18473,global,0.0
3,5,lr1e-05_bs16_drop0p2_temp2p0_a0p25_b0p05__wd1e-04trmiss0_degmodglobal,16,1e-05,0.0001,0.2,2.0,0.25,0.05,lr1e-05_bs16_drop0p2_temp2p0_a0p25_b0p05__wd1e-04trmiss0_degmodglobal,11,0.6439977586269379,0.6825182437896729,0.4722222222222222,0.7640322640322641,0.5384615384615384,0.0,0.6731937080621719,0.6267725378274918,0.0438742614351213,0.12513314560055733,0.0,0.0,0.0,0.0,0.0,18473,global,0.0
3,5,lr1e-05_bs16_drop0p2_temp2p0_a0p25_b0p05__wd1e-04trmiss0_degmodglobal,16,1e-05,0.0001,0.2,2.0,0.25,0.05,lr1e-05_bs16_drop0p2_temp2p0_a0p25_b0p05__wd1e-04trmiss0_degmodglobal,12,0.6474198549985886,0.6818723678588867,0.5,0.791810041810042,0.5384615384615384,0.0,0.6854757517576218,0.6291932910680771,0.04629090428352356,0.1330764777958393,0.0,0.0,0.0,0.0,0.0,18473,global,0.0
3,5,lr1e-05_bs16_drop0p2_temp2p0_a0p25_b0p05__wd1e-04trmiss0_degmodglobal,16,1e-05,0.0001,0.2,2.0,0.25,0.05,lr1e-05_bs16_drop0p2_temp2p0_a0p25_b0p05__wd1e-04trmiss0_degmodglobal,13,0.650795042514801,0.6795508861541748,0.5,0.791810041810042,0.5384615384615384,0.0,0.681213766336441,0.6317074000835419,0.051889185793697834,0.12230715993791819,0.0,0.0,0.0,0.0,0.0,18473,global,0.0
3,5,lr1e-05_bs16_drop0p2_temp2p0_a0p25_b0p05__wd1e-04trmiss0_degmodglobal,16,1e-05,0.0001,0.2,2.0,0.25,0.05,lr1e-05_bs16_drop0p2_temp2p0_a0p25_b0p05__wd1e-04trmiss0_degmodglobal,14,0.6371393203735352,0.6779349446296692,0.5,0.791810041810042,0.5384615384615384,0.0,0.6898652017116547,0.6190026551485062,0.046012651175260544,0.13266995176672935,0.0,0.0,0.0,0.0,0.0,18473,global,0.0
3,5,lr1e-05_bs16_drop0p2_temp2p0_a0p25_b0p05__wd1e-04trmiss0_degmodglobal,16,1e-05,0.0001,0.2,2.0,0.25,0.05,lr1e-05_bs16_drop0p2_temp2p0_a0p25_b0p05__wd1e-04trmiss0_degmodglobal,15,0.6723395586013794,0.6754299998283386,0.5,0.791810041810042,0.5384615384615384,0.0,0.67605260014534,0.6540520042181015,0.04496911447495222,0.14090524427592754,0.0,0.0,0.0,0.0,0.0,18473,global,0.0
3,5,lr1e-05_bs16_drop0p2_temp2p0_a0p25_b0p05__wd1e-04trmiss0_degmodglobal,16,1e-05,0.0001,0.2,2.0,0.25,0.05,lr1e-05_bs16_drop0p2_temp2p0_a0p25_b0p05__wd1e-04trmiss0_degmodglobal,16,0.640447124838829,0.6766571998596191,0.5,0.791810041810042,0.5384615384615384,0.0,0.6660556644201279,0.6253098696470261,0.03969324566423893,0.104278608225286,0.0,0.0,0.0,0.0,0.0,18473,global,0.0
3,5,lr1e-05_bs16_drop0p2_temp2p0_a0p25_b0p05__wd1e-04trmiss0_degmodglobal,16,1e-05,0.0001,0.2,2.0,0.25,0.05,lr1e-05_bs16_drop0p2_temp2p0_a0p25_b0p05__wd1e-04trmiss0_degmodglobal,17,0.6491401940584183,0.6772334575653076,0.5,0.791810041810042,0.5384615384615384,0.0,0.6571817100048065,0.6321894973516464,0.0446486659348011,0.11577061377465725,0.0,0.0,0.0,0.0,0.0,18473,global,0.0
3,5,lr1e-05_bs16_drop0p2_temp2p0_a0p25_b0p05__wd1e-04trmiss0_degmodglobal,16,1e-05,0.0001,0.2,2.0,0.25,0.05,lr1e-05_bs16_drop0p2_temp2p0_a0p25_b0p05__wd1e-04trmiss0_degmodglobal,18,0.6440156549215317,0.6783434152603149,0.5,0.791810041810042,0.5384615384615384,0.0,0.6790800541639328,0.6248053014278412,0.047302176244556904,0.1476963795721531,0.0,0.0,0.0,0.0,0.0,18473,global,0.0
3,5,lr1e-05_bs16_drop0p2_temp2p0_a0p25_b0p05__wd1e-04trmiss0_degmodglobal,16,1e-05,0.0001,0.2,2.0,0.25,0.05,lr1e-05_bs16_drop0p2_temp2p0_a0p25_b0p05__wd1e-04trmiss0_degmodglobal,19,0.6386972665786743,0.6780343651771545,0.5,0.791810041810042,0.5384615384615384,0.0,0.6787835955619812,0.6242032200098038,0.03567376360297203,0.11151187680661678,0.0,0.0,0.0,0.0,0.0,18473,global,0.0
3,5,lr1e-05_bs16_drop0p2_temp2p0_a0p25_b0p05__wd1e-04trmiss0_degmodglobal,16,1e-05,0.0001,0.2,2.0,0.25,0.05,lr1e-05_bs16_drop0p2_temp2p0_a0p25_b0p05__wd1e-04trmiss0_degmodglobal,20,0.6316485106945038,0.6797806024551392,0.5,0.7788470788470789,0.5384615384615384,0.0,0.6679830998182297,0.6114944368600845,0.0525919059291482,0.14012188836932182,0.0,0.0,0.0,0.0,0.0,18473,global,0.0
3,5,lr1e-05_bs16_drop0p2_temp2p0_a0p25_b0p05__wd1e-04trmiss0_degmodglobal,16,1e-05,0.0001,0.2,2.0,0.25,0.05,lr1e-05_bs16_drop0p2_temp2p0_a0p25_b0p05__wd1e-04trmiss0_degmodglobal,21,0.603616937994957,0.6796342730522156,0.5,0.7788470788470789,0.5384615384615384,0.0,0.6591357290744781,0.5867812633514404,0.04197923559695482,0.126817399635911,0.0,0.0,0.0,0.0,0.0,18473,global,0.0
3,5,lr1e-05_bs16_drop0p2_temp2p0_a0p25_b0p05__wd1e-04trmiss0_degmodglobal,16,1e-05,0.0001,0.2,2.0,0.25,0.05,lr1e-05_bs16_drop0p2_temp2p0_a0p25_b0p05__wd1e-04trmiss0_degmodglobal,22,0.607511043548584,0.677083432674408,0.5,0.7788470788470789,0.6153846153846154,0.0,0.6668891757726669,0.5880281925201416,0.043225472792983055,0.173529963940382,0.0,0.0,0.0,0.0,0.0,18473,global,0.0
3,5,lr1e-05_bs16_drop0p2_temp2p0_a0p25_b0p05__wd1e-04trmiss0_degmodglobal,16,1e-05,0.0001,0.2,2.0,0.25,0.05,lr1e-05_bs16_drop0p2_temp2p0_a0p25_b0p05__wd1e-04trmiss0_degmodglobal,23,0.6347537338733673,0.6767212152481079,0.5,0.7788470788470789,0.5384615384615384,0.0,0.6629608422517776,0.6186656802892685,0.04035371262580156,0.11999314278364182,0.0,0.0,0.0,0.0,0.0,18473,global,0.0
3,5,lr1e-05_bs16_drop0p2_temp2p0_a0p25_b0p05__wd1e-04trmiss0_degmodglobal,16,1e-05,0.0001,0.2,2.0,0.25,0.05,lr1e-05_bs16_drop0p2_temp2p0_a0p25_b0p05__wd1e-04trmiss0_degmodglobal,24,0.6286719143390656,0.6799865365028381,0.4722222222222222,0.7418100418100417,0.5384615384615384,0.0,0.679748073220253,0.6112652719020844,0.042624409310519695,0.13501083105802536,0.0,0.0,0.0,0.0,0.0,18473,global,0.0
3,5,lr1e-05_bs16_drop0p2_temp2p0_a0p25_b0p05__wd1e-04trmiss0_degmodglobal,16,1e-05,0.0001,0.2,2.0,0.25,0.05,lr1e-05_bs16_drop0p2_temp2p0_a0p25_b0p05__wd1e-04trmiss0_degmodglobal,25,0.6250880360603333,0.6798260807991028,0.5555555555555556,0.828847078847079,0.5384615384615384,0.0,0.6487123519182205,0.6055653095245361,0.048483384773135185,0.1480371505022049,0.0,0.0,0.0,0.0,0.0,18473,global,0.0
3,5,lr1e-05_bs16_drop0p2_temp2p0_a0p25_b0p05__wd1e-04trmiss0_degmodglobal,16,1e-05,0.0001,0.2,2.0,0.25,0.05,lr1e-05_bs16_drop0p2_temp2p0_a0p25_b0p05__wd1e-04trmiss0_degmodglobal,26,0.6371341794729233,0.6809530258178711,0.5555555555555556,0.828847078847079,0.5384615384615384,0.0,0.6861888319253922,0.6209927797317505,0.04303197097033262,0.10766825638711452,0.0,0.0,0.0,0.0,0.0,18473,global,0.0
3,5,lr1e-05_bs16_drop0p2_temp2p0_a0p25_b0p05__wd1e-04trmiss0_degmodglobal,16,1e-05,0.0001,0.2,2.0,0.25,0.05,lr1e-05_bs16_drop0p2_temp2p0_a0p25_b0p05__wd1e-04trmiss0_degmodglobal,27,0.6219775378704071,0.6821367740631104,0.5555555555555556,0.828847078847079,0.6153846153846154,0.0,0.652306541800499,0.6074949204921722,0.04003615863621235,0.08947151247411966,0.0,0.0,0.0,0.0,0.0,18473,global,0.0
3,5,lr1e-05_bs16_drop0p2_temp2p0_a0p25_b0p05__wd1e-04trmiss0_degmodglobal,16,1e-05,0.0001,0.2,2.0,0.25,0.05,lr1e-05_bs16_drop0p2_temp2p0_a0p25_b0p05__wd1e-04trmiss0_degmodglobal,28,0.6120440065860748,0.6822381019592285,0.5277777777777778,0.8066248566248566,0.6153846153846154,0.0,0.6647247523069382,0.5934228152036667,0.045924315229058266,0.14280217327177525,0.0,0.0,0.0,0.0,0.0,18473,global,0.0
3,5,lr1e-05_bs16_drop0p2_temp2p0_a0p25_b0p05__wd1e-04trmiss0_degmodglobal,16,1e-05,0.0001,0.2,2.0,0.25,0.05,lr1e-05_bs16_drop0p2_temp2p0_a0p25_b0p05__wd1e-04trmiss0_degmodglobal,29,0.6129142940044403,0.6822925806045532,0.5277777777777778,0.8066248566248566,0.6153846153846154,0.0,0.6470134854316711,0.5965305417776108,0.04313956294208765,0.111976882442832,0.0,0.0,0.0,0.0,0.0,18473,global,0.0
3,5,lr1e-05_bs16_drop0p2_temp2p0_a0p25_b0p05__wd1e-04trmiss0_degmodglobal,16,1e-05,0.0001,0.2,2.0,0.25,0.05,lr1e-05_bs16_drop0p2_temp2p0_a0p25_b0p05__wd1e-04trmiss0_degmodglobal,30,0.621671587228775,0.6805131435394287,0.5277777777777778,0.8066248566248566,0.6153846153846154,0.0,0.6560473442077637,0.6035732477903366,0.04942511394619942,0.1148411650210619,0.0,0.0,0.0,0.0,0.0,18473,global,0.0
3,5,lr1e-05_bs16_drop0p2_temp2p0_a0p25_b0p05__wd1e-04trmiss0_degmodglobal,16,1e-05,0.0001,0.2,2.0,0.25,0.05,lr1e-05_bs16_drop0p2_temp2p0_a0p25_b0p05__wd1e-04trmiss0_degmodglobal,31,0.627167209982872,0.6816402077674866,0.5277777777777778,0.8066248566248566,0.6153846153846154,0.0,0.6301796138286591,0.6141579896211624,0.03480893187224865,0.08613940607756376,0.0,0.0,0.0,0.0,0.0,18473,global,0.0
3,5,lr1e-05_bs16_drop0p2_temp2p0_a0p25_b0p05__wd1e-04trmiss0_degmodglobal,16,1e-05,0.0001,0.2,2.0,0.25,0.05,lr1e-05_bs16_drop0p2_temp2p0_a0p25_b0p05__wd1e-04trmiss0_degmodglobal,32,0.624286025762558,0.680592954158783,0.5277777777777778,0.8066248566248566,0.6153846153846154,0.0,0.6604809165000916,0.6076747328042984,0.04367379751056433,0.1138569600880146,0.0,0.0,0.0,0.0,0.0,18473,global,0.0
3,5,lr1e-05_bs16_drop0p2_temp2p0_a0p25_b0p05__wd1e-04trmiss0_degmodglobal,16,1e-05,0.0001,0.2,2.0,0.25,0.05,lr1e-05_bs16_drop0p2_temp2p0_a0p25_b0p05__wd1e-04trmiss0_degmodglobal,33,0.6280459463596344,0.6814072132110596,0.5277777777777778,0.8066248566248566,0.5384615384615384,0.0,0.654195562005043,0.6109696179628372,0.042423687875270844,0.12940852344036102,0.0,0.0,0.0,0.0,0.0,18473,global,0.0
3,5,lr1e-05_bs16_drop0p2_temp2p0_a0p25_b0p05__wd1e-04trmiss0_degmodglobal,16,1e-05,0.0001,0.2,2.0,0.25,0.05,lr1e-05_bs16_drop0p2_temp2p0_a0p25_b0p05__wd1e-04trmiss0_degmodglobal,34,0.5984022319316864,0.6813433766365051,0.5277777777777778,0.8066248566248566,0.5384615384615384,0.0,0.6445482522249222,0.5809911489486694,0.046395434997975826,0.11624464206397533,0.0,0.0,0.0,0.0,0.0,18473,global,0.0
3,5,lr1e-05_bs16_drop0p2_temp2p0_a0p25_b0p05__wd1e-04trmiss0_degmodglobal,16,1e-05,0.0001,0.2,2.0,0.25,0.05,lr1e-05_bs16_drop0p2_temp2p0_a0p25_b0p05__wd1e-04trmiss0_degmodglobal,35,0.6037385314702988,0.6825259327888489,0.5277777777777778,0.8066248566248566,0.6153846153846154,0.0,0.6485541015863419,0.5841920077800751,0.05086276587098837,0.13661687076091766,0.0,0.0,0.0,0.0,0.0,18473,global,0.0
3,5,lr1e-05_bs16_drop0p2_temp2p0_a0p25_b0p05__wd1e-04trmiss0_degmodglobal,16,1e-05,0.0001,0.2,2.0,0.25,0.05,lr1e-05_bs16_drop0p2_temp2p0_a0p25_b0p05__wd1e-04trmiss0_degmodglobal,36,0.6042772829532623,0.6810305714607239,0.5277777777777778,0.8066248566248566,0.6153846153846154,0.0,0.6305211782455444,0.5859223306179047,0.048070330172777176,0.1267474740743637,0.0,0.0,0.0,0.0,0.0,18473,global,0.0
3,5,lr1e-05_bs16_drop0p2_temp2p0_a0p25_b0p05__wd1e-04trmiss0_degmodglobal,16,1e-05,0.0001,0.2,2.0,0.25,0.05,lr1e-05_bs16_drop0p2_temp2p0_a0p25_b0p05__wd1e-04trmiss0_degmodglobal,37,0.6182003170251846,0.6831572651863098,0.5277777777777778,0.8066248566248566,0.5384615384615384,0.0,0.6308942586183548,0.6040468066930771,0.03976410906761885,0.08424993511289358,0.0,0.0,0.0,0.0,0.0,18473,global,0.0
3,5,lr1e-05_bs16_drop0p2_temp2p0_a0p25_b0p05__wd1e-04trmiss0_degmodglobal,16,1e-05,0.0001,0.2,2.0,0.25,0.05,lr1e-05_bs16_drop0p2_temp2p0_a0p25_b0p05__wd1e-04trmiss0_degmodglobal,38,0.6079234182834625,0.6832025647163391,0.5277777777777778,0.8066248566248566,0.5384615384615384,0.0,0.6255841106176376,0.5892436355352402,0.04786383267492056,0.13427661173045635,0.0,0.0,0.0,0.0,0.0,18473,global,0.0
3,5,lr1e-05_bs16_drop0p2_temp2p0_a0p25_b0p05__wd1e-04trmiss0_degmodglobal,16,1e-05,0.0001,0.2,2.0,0.25,0.05,lr1e-05_bs16_drop0p2_temp2p0_a0p25_b0p05__wd1e-04trmiss0_degmodglobal,39,0.6182037591934204,0.6832255125045776,0.5277777777777778,0.8066248566248566,0.5384615384615384,0.0,0.6267139762639999,0.6034295409917831,0.039402859285473824,0.0984703628346324,0.0,0.0,0.0,0.0,0.0,18473,global,0.0
3,5,lr1e-05_bs16_drop0p2_temp2p0_a0p25_b0p05__wd1e-04trmiss0_degmodglobal,16,1e-05,0.0001,0.2,2.0,0.25,0.05,lr1e-05_bs16_drop0p2_temp2p0_a0p25_b0p05__wd1e-04trmiss0_degmodglobal,40,0.6082685589790344,0.6834375262260437,0.5277777777777778,0.8066248566248566,0.6153846153846154,0.0,0.6152282804250717,0.5917673856019974,0.04393803421407938,0.1103336550295353,0.0,0.0,0.0,0.0,0.0,18473,global,0.0
3,5,lr1e-05_bs16_drop0p2_temp2p0_a0p25_b0p05__wd1e-04trmiss0_degmodglobal,16,1e-05,0.0001,0.2,2.0,0.25,0.05,lr1e-05_bs16_drop0p2_temp2p0_a0p25_b0p05__wd1e-04trmiss0_degmodglobal,41,0.6092451512813568,0.6830299496650696,0.5277777777777778,0.8066248566248566,0.46153846153846156,0.0,0.5969135612249374,0.5936197489500046,0.042916127014905214,0.0979276429861784,0.0,0.0,0.0,0.0,0.0,18473,global,0.0
3,5,lr1e-05_bs16_drop0p2_temp2p0_a0p25_b0p05__wd1e-04trmiss0_degmodglobal,16,1e-05,0.0001,0.2,2.0,0.25,0.05,lr1e-05_bs16_drop0p2_temp2p0_a0p25_b0p05__wd1e-04trmiss0_degmodglobal,42,0.6096227765083313,0.6815614700317383,0.5277777777777778,0.8066248566248566,0.5384615384615384,0.0,0.6365152150392532,0.5903662145137787,0.04896374139934778,0.1403127834200859,0.0,0.0,0.0,0.0,0.0,18473,global,0.0
3,5,lr1e-05_bs16_drop0p2_temp2p0_a0p25_b0p05__wd1e-04trmiss0_degmodglobal,16,1e-05,0.0001,0.2,2.0,0.25,0.05,lr1e-05_bs16_drop0p2_temp2p0_a0p25_b0p05__wd1e-04trmiss0_degmodglobal,43,0.620657280087471,0.6804723143577576,0.5277777777777778,0.8066248566248566,0.5384615384615384,0.0,0.6377815306186676,0.6031330972909927,0.04374749353155494,0.13174577057361603,0.0,0.0,0.0,0.0,0.0,18473,global,0.0
3,5,lr1e-05_bs16_drop0p2_temp2p0_a0p25_b0p05__wd1e-04trmiss0_degmodglobal,16,1e-05,0.0001,0.2,2.0,0.25,0.05,lr1e-05_bs16_drop0p2_temp2p0_a0p25_b0p05__wd1e-04trmiss0_degmodglobal,44,0.6013333052396774,0.6788714528083801,0.5277777777777778,0.8066248566248566,0.5384615384615384,0.0,0.6093954890966415,0.5811386257410049,0.05450988048687577,0.13134416565299034,0.0,0.0,0.0,0.0,0.0,18473,global,0.0
3,5,lr1e-05_bs16_drop0p2_temp2p0_a0p25_b0p05__wd1e-04trmiss0_degmodglobal,16,1e-05,0.0001,0.2,2.0,0.25,0.05,lr1e-05_bs16_drop0p2_temp2p0_a0p25_b0p05__wd1e-04trmiss0_degmodglobal,45,0.6053799241781235,0.6800621151924133,0.5277777777777778,0.8066248566248566,0.6153846153846154,0.0,0.6425672322511673,0.5853194296360016,0.05132590513676405,0.14458023011684418,0.0,0.0,0.0,0.0,0.0,18473,global,0.0
3,5,lr1e-05_bs16_drop0p4_temp1p0_a0p25_b0p05__wd1e-04trmiss0_degmodglobal,16,1e-05,0.0001,0.4,1.0,0.25,0.05,lr1e-05_bs16_drop0p4_temp1p0_a0p25_b0p05__wd1e-04trmiss0_degmodglobal,1,0.6835193783044815,0.7114583849906921,0.38888888888888884,0.6493978243978243,0.6153846153846154,0.0,0.749165415763855,0.65626659989357,0.06318411231040955,0.22913523763418198,0.0,0.0,0.0,0.0,0.0,18473,global,0.0
3,5,lr1e-05_bs16_drop0p4_temp1p0_a0p25_b0p05__wd1e-04trmiss0_degmodglobal,16,1e-05,0.0001,0.4,1.0,0.25,0.05,lr1e-05_bs16_drop0p4_temp1p0_a0p25_b0p05__wd1e-04trmiss0_degmodglobal,2,0.7131744921207428,0.7139281630516052,0.38888888888888884,0.6493978243978243,0.6153846153846154,0.0,0.705867201089859,0.6864282041788101,0.062184663489460945,0.22400246560573578,0.0,0.0,0.0,0.0,0.0,18473,global,0.0
3,5,lr1e-05_bs16_drop0p4_temp1p0_a0p25_b0p05__wd1e-04trmiss0_degmodglobal,16,1e-05,0.0001,0.4,1.0,0.25,0.05,lr1e-05_bs16_drop0p4_temp1p0_a0p25_b0p05__wd1e-04trmiss0_degmodglobal,3,0.694801077246666,0.7149152159690857,0.38888888888888895,0.6525844525844526,0.6153846153846154,0.0,0.7216654121875763,0.6766372621059418,0.03946177242323756,0.16596772894263268,0.0,0.0,0.0,0.0,0.0,18473,global,0.0
3,5,lr1e-05_bs16_drop0p4_temp1p0_a0p25_b0p05__wd1e-04trmiss0_degmodglobal,16,1e-05,0.0001,0.4,1.0,0.25,0.05,lr1e-05_bs16_drop0p4_temp1p0_a0p25_b0p05__wd1e-04trmiss0_degmodglobal,4,0.6589708775281906,0.7159479856491089,0.4722222222222222,0.674987974987975,0.6153846153846154,0.0,0.749245747923851,0.6347544938325882,0.055280156433582306,0.20792686194181442,0.0,0.0,0.0,0.0,0.0,18473,global,0.0
3,5,lr1e-05_bs16_drop0p4_temp1p0_a0p25_b0p05__wd1e-04trmiss0_degmodglobal,16,1e-05,0.0001,0.4,1.0,0.25,0.05,lr1e-05_bs16_drop0p4_temp1p0_a0p25_b0p05__wd1e-04trmiss0_degmodglobal,5,0.6895732581615448,0.7150920033454895,0.4722222222222222,0.674987974987975,0.6153846153846154,0.0,0.6921796500682831,0.6724024564027786,0.043320344761013985,0.12681407667696476,0.0,0.0,0.0,0.0,0.0,18473,global,0.0
3,5,lr1e-05_bs16_drop0p4_temp1p0_a0p25_b0p05__wd1e-04trmiss0_degmodglobal,16,1e-05,0.0001,0.4,1.0,0.25,0.05,lr1e-05_bs16_drop0p4_temp1p0_a0p25_b0p05__wd1e-04trmiss0_degmodglobal,6,0.7142311036586761,0.7147974371910095,0.4722222222222222,0.674987974987975,0.6153846153846154,0.0,0.7011593282222748,0.6956767290830612,0.04826968628913164,0.12973877415060997,0.0,0.0,0.0,0.0,0.0,18473,global,0.0
3,5,lr1e-05_bs16_drop0p4_temp1p0_a0p25_b0p05__wd1e-04trmiss0_degmodglobal,16,1e-05,0.0001,0.4,1.0,0.25,0.05,lr1e-05_bs16_drop0p4_temp1p0_a0p25_b0p05__wd1e-04trmiss0_degmodglobal,7,0.6611194014549255,0.7128087282180786,0.4722222222222222,0.674987974987975,0.6153846153846154,0.0,0.7017840445041656,0.6416013240814209,0.048071850556880236,0.15000218152999878,0.0,0.0,0.0,0.0,0.0,18473,global,0.0
3,5,lr1e-05_bs16_drop0p4_temp1p0_a0p25_b0p05__wd1e-04trmiss0_degmodglobal,16,1e-05,0.0001,0.4,1.0,0.25,0.05,lr1e-05_bs16_drop0p4_temp1p0_a0p25_b0p05__wd1e-04trmiss0_degmodglobal,8,0.6785798519849777,0.7077687382698059,0.4722222222222222,0.674987974987975,0.6153846153846154,0.0,0.7278237789869308,0.654363676905632,0.06015747785568237,0.18353594280779362,0.0,0.0,0.0,0.0,0.0,18473,global,0.0
3,5,lr1e-05_bs16_drop0p4_temp1p0_a0p25_b0p05__wd1e-04trmiss0_degmodglobal,16,1e-05,0.0001,0.4,1.0,0.25,0.05,lr1e-05_bs16_drop0p4_temp1p0_a0p25_b0p05__wd1e-04trmiss0_degmodglobal,9,0.7192724198102951,0.706857442855835,0.4722222222222222,0.674987974987975,0.6923076923076923,0.0,0.7301682084798813,0.6894733756780624,0.08129649423062801,0.18949872627854347,0.0,0.0,0.0,0.0,0.0,18473,global,0.0
3,5,lr1e-05_bs16_drop0p4_temp1p0_a0p25_b0p05__wd1e-04trmiss0_degmodglobal,16,1e-05,0.0001,0.4,1.0,0.25,0.05,lr1e-05_bs16_drop0p4_temp1p0_a0p25_b0p05__wd1e-04trmiss0_degmodglobal,10,0.6788427829742432,0.707906186580658,0.4722222222222222,0.674987974987975,0.6153846153846154,0.0,0.7135161012411118,0.6474127769470215,0.07881037797778845,0.23454786837100983,0.0,0.0,0.0,0.0,0.0,18473,global,0.0
3,5,lr1e-05_bs16_drop0p4_temp1p0_a0p25_b0p05__wd1e-04trmiss0_degmodglobal,16,1e-05,0.0001,0.4,1.0,0.25,0.05,lr1e-05_bs16_drop0p4_temp1p0_a0p25_b0p05__wd1e-04trmiss0_degmodglobal,11,0.6851851046085358,0.7110999226570129,0.4722222222222222,0.674987974987975,0.6153846153846154,0.0,0.7140953540802002,0.6684152185916901,0.04119659494608641,0.12941488157957792,0.0,0.0,0.0,0.0,0.0,18473,global,0.0
3,5,lr1e-05_bs16_drop0p4_temp1p0_a0p25_b0p05__wd1e-04trmiss0_degmodglobal,16,1e-05,0.0001,0.4,1.0,0.25,0.05,lr1e-05_bs16_drop0p4_temp1p0_a0p25_b0p05__wd1e-04trmiss0_degmodglobal,12,0.662288710474968,0.7101963758468628,0.4444444444444444,0.6685777185777186,0.5384615384615384,0.0,0.7102011889219284,0.6363210380077362,0.06276751775294542,0.20551538467407227,0.0,0.0,0.0,0.0,0.0,18473,global,0.0
3,5,lr1e-05_bs16_drop0p4_temp1p0_a0p25_b0p05__wd1e-04trmiss0_degmodglobal,16,1e-05,0.0001,0.4,1.0,0.25,0.05,lr1e-05_bs16_drop0p4_temp1p0_a0p25_b0p05__wd1e-04trmiss0_degmodglobal,13,0.6644822955131531,0.7102606296539307,0.4444444444444444,0.6685777185777186,0.5384615384615384,0.0,0.7213944345712662,0.6416642069816589,0.05614114925265312,0.17565622553229332,0.0,0.0,0.0,0.0,0.0,18473,global,0.0
3,5,lr1e-05_bs16_drop0p4_temp1p0_a0p25_b0p05__wd1e-04trmiss0_degmodglobal,16,1e-05,0.0001,0.4,1.0,0.25,0.05,lr1e-05_bs16_drop0p4_temp1p0_a0p25_b0p05__wd1e-04trmiss0_degmodglobal,14,0.6786858588457108,0.7137525677680969,0.47222222222222215,0.6852443852443852,0.5384615384615384,0.0,0.7202782034873962,0.6601542532444,0.04932052921503782,0.124029406812042,0.0,0.0,0.0,0.0,0.0,18473,global,0.0
3,5,lr1e-05_bs16_drop0p4_temp1p0_a0p25_b0p05__wd1e-04trmiss0_degmodglobal,16,1e-05,0.0001,0.4,1.0,0.25,0.05,lr1e-05_bs16_drop0p4_temp1p0_a0p25_b0p05__wd1e-04trmiss0_degmodglobal,15,0.6512667536735535,0.7114315032958984,0.4444444444444444,0.6685777185777186,0.5384615384615384,0.0,0.7049572765827179,0.6280768662691116,0.058482857421040535,0.17138333059847355,0.0,0.0,0.0,0.0,0.0,18473,global,0.0
3,5,lr1e-05_bs16_drop0p4_temp1p0_a0p25_b0p05__wd1e-04trmiss0_degmodglobal,16,1e-05,0.0001,0.4,1.0,0.25,0.05,lr1e-05_bs16_drop0p4_temp1p0_a0p25_b0p05__wd1e-04trmiss0_degmodglobal,16,0.656719833612442,0.7169792056083679,0.47222222222222215,0.6852443852443852,0.5384615384615384,0.0,0.7024834752082825,0.631870910525322,0.05806809617206454,0.2066376395523548,0.0,0.0,0.0,0.0,0.0,18473,global,0.0
3,5,lr1e-05_bs16_drop0p4_temp1p0_a0p25_b0p05__wd1e-04trmiss0_degmodglobal,16,1e-05,0.0001,0.4,1.0,0.25,0.05,lr1e-05_bs16_drop0p4_temp1p0_a0p25_b0p05__wd1e-04trmiss0_degmodglobal,17,0.6413189023733139,0.7181381583213806,0.47222222222222215,0.6852443852443852,0.5384615384615384,0.0,0.7183815240859985,0.6149658858776093,0.06541291903704405,0.19999576173722744,0.0,0.0,0.0,0.0,0.0,18473,global,0.0
3,5,lr1e-05_bs16_drop0p4_temp1p0_a0p25_b0p05__wd1e-04trmiss0_degmodglobal,16,1e-05,0.0001,0.4,1.0,0.25,0.05,lr1e-05_bs16_drop0p4_temp1p0_a0p25_b0p05__wd1e-04trmiss0_degmodglobal,18,0.6634849905967712,0.7161880731582642,0.47222222222222215,0.6852443852443852,0.5384615384615384,0.0,0.7086047977209091,0.6461730599403381,0.04177969554439187,0.13734077662229538,0.0,0.0,0.0,0.0,0.0,18473,global,0.0
3,5,lr1e-05_bs16_drop0p4_temp1p0_a0p25_b0p05__wd1e-04trmiss0_degmodglobal,16,1e-05,0.0001,0.4,1.0,0.25,0.05,lr1e-05_bs16_drop0p4_temp1p0_a0p25_b0p05__wd1e-04trmiss0_degmodglobal,19,0.6634444147348404,0.7157010436058044,0.4444444444444444,0.6685777185777186,0.5384615384615384,0.0,0.7220881879329681,0.6355880945920944,0.0657111881300807,0.22857016697525978,0.0,0.0,0.0,0.0,0.0,18473,global,0.0
3,5,lr1e-05_bs16_drop0p4_temp1p0_a0p25_b0p05__wd1e-04trmiss0_degmodglobal,16,1e-05,0.0001,0.4,1.0,0.25,0.05,lr1e-05_bs16_drop0p4_temp1p0_a0p25_b0p05__wd1e-04trmiss0_degmodglobal,20,0.6664964705705643,0.715477466583252,0.4444444444444444,0.6685777185777186,0.5384615384615384,0.0,0.6950410753488541,0.6464701890945435,0.05009583197534084,0.150046918541193,0.0,0.0,0.0,0.0,0.0,18473,global,0.0
3,5,lr1e-05_bs16_drop0p4_temp1p0_a0p25_b0p05__wd1e-04trmiss0_degmodglobal,16,1e-05,0.0001,0.4,1.0,0.25,0.05,lr1e-05_bs16_drop0p4_temp1p0_a0p25_b0p05__wd1e-04trmiss0_degmodglobal,21,0.6700524389743805,0.715444028377533,0.4444444444444444,0.6685777185777186,0.5384615384615384,0.0,0.6959874778985977,0.6502988636493683,0.05069397762417793,0.14160165190696716,0.0,0.0,0.0,0.0,0.0,18473,global,0.0
3,5,lr1e-05_bs16_drop0p4_temp1p0_a0p25_b0p05__wd1e-04trmiss0_degmodglobal,16,1e-05,0.0001,0.4,1.0,0.25,0.05,lr1e-05_bs16_drop0p4_temp1p0_a0p25_b0p05__wd1e-04trmiss0_degmodglobal,22,0.6775108128786087,0.7137722969055176,0.4444444444444444,0.6685777185777186,0.5384615384615384,0.0,0.6754799038171768,0.6594342589378357,0.04556761868298054,0.13369286432862282,0.0,0.0,0.0,0.0,0.0,18473,global,0.0
3,5,lr1e-05_bs16_drop0p4_temp1p0_a0p25_b0p05__wd1e-04trmiss0_degmodglobal,16,1e-05,0.0001,0.4,1.0,0.25,0.05,lr1e-05_bs16_drop0p4_temp1p0_a0p25_b0p05__wd1e-04trmiss0_degmodglobal,23,0.6622566431760788,0.7165644764900208,0.47222222222222215,0.6852443852443852,0.5384615384615384,0.0,0.6821101754903793,0.6373932212591171,0.05867006862536073,0.20391803607344627,0.0,0.0,0.0,0.0,0.0,18473,global,0.0
3,5,lr1e-05_bs16_drop0p4_temp1p0_a0p25_b0p05__wd1e-04trmiss0_degmodglobal,16,1e-05,0.0001,0.4,1.0,0.25,0.05,lr1e-05_bs16_drop0p4_temp1p0_a0p25_b0p05__wd1e-04trmiss0_degmodglobal,24,0.6834559887647629,0.7168152928352356,0.4444444444444444,0.6685777185777186,0.5384615384615384,0.0,0.6780058145523071,0.6636576801538467,0.050736826844513416,0.14228211902081966,0.0,0.0,0.0,0.0,0.0,18473,global,0.0
3,5,lr1e-05_bs16_drop0p4_temp1p0_a0p25_b0p05__wd1e-04trmiss0_degmodglobal,16,1e-05,0.0001,0.4,1.0,0.25,0.05,lr1e-05_bs16_drop0p4_temp1p0_a0p25_b0p05__wd1e-04trmiss0_degmodglobal,25,0.6566624641418457,0.7139797210693359,0.4444444444444444,0.6685777185777186,0.5384615384615384,0.0,0.6938659697771072,0.6365837752819061,0.04946141317486763,0.15426670387387276,0.0,0.0,0.0,0.0,0.0,18473,global,0.0
3,5,lr1e-05_bs16_drop0p4_temp1p0_a0p25_b0p05__wd1e-04trmiss0_degmodglobal,16,1e-05,0.0001,0.4,1.0,0.25,0.05,lr1e-05_bs16_drop0p4_temp1p0_a0p25_b0p05__wd1e-04trmiss0_degmodglobal,26,0.6458024680614471,0.7156821489334106,0.47222222222222215,0.6852443852443852,0.5384615384615384,0.0,0.692230299115181,0.6216097772121429,0.054589785635471344,0.21090484410524368,0.0,0.0,0.0,0.0,0.0,18473,global,0.0
3,5,lr1e-05_bs16_drop0p4_temp1p0_a0p25_b0p05__wd1e-04trmiss0_degmodglobal,16,1e-05,0.0001,0.4,1.0,0.25,0.05,lr1e-05_bs16_drop0p4_temp1p0_a0p25_b0p05__wd1e-04trmiss0_degmodglobal,27,0.6520310640335083,0.714868426322937,0.4444444444444444,0.6685777185777186,0.5384615384615384,0.0,0.7066351622343063,0.6266049593687057,0.06402990873903036,0.18837233632802963,0.0,0.0,0.0,0.0,0.0,18473,global,0.0
3,5,lr1e-05_bs16_drop0p4_temp1p0_a0p25_b0p05__wd1e-04trmiss0_degmodglobal,16,1e-05,0.0001,0.4,1.0,0.25,0.05,lr1e-05_bs16_drop0p4_temp1p0_a0p25_b0p05__wd1e-04trmiss0_degmodglobal,28,0.6633569747209549,0.7139109969139099,0.47222222222222215,0.6852443852443852,0.5384615384615384,0.0,0.7377618700265884,0.6370906084775925,0.06699941959232092,0.19033049419522285,0.0,0.0,0.0,0.0,0.0,18473,global,0.0
3,5,lr1e-05_bs16_drop0p4_temp1p0_a0p25_b0p05__wd1e-04trmiss0_degmodglobal,16,1e-05,0.0001,0.4,1.0,0.25,0.05,lr1e-05_bs16_drop0p4_temp1p0_a0p25_b0p05__wd1e-04trmiss0_degmodglobal,29,0.6408811211585999,0.7149879932403564,0.47222222222222215,0.6852443852443852,0.5384615384615384,0.0,0.6745891571044922,0.6206343024969101,0.05397809064015746,0.13504601456224918,0.0,0.0,0.0,0.0,0.0,18473,global,0.0
3,5,lr1e-05_bs16_drop0p4_temp2p0_a0p25_b0p05__wd1e-04trmiss0_degmodglobal,16,1e-05,0.0001,0.4,2.0,0.25,0.05,lr1e-05_bs16_drop0p4_temp2p0_a0p25_b0p05__wd1e-04trmiss0_degmodglobal,1,0.6660670638084412,0.6356082558631897,0.6944444444444444,0.83658810325477,0.7692307692307693,0.0,0.6570194810628891,0.6420442014932632,0.0628990437835455,0.1659617880359292,0.0,0.0,0.0,0.0,0.0,18473,global,0.0
3,5,lr1e-05_bs16_drop0p4_temp2p0_a0p25_b0p05__wd1e-04trmiss0_degmodglobal,16,1e-05,0.0001,0.4,2.0,0.25,0.05,lr1e-05_bs16_drop0p4_temp2p0_a0p25_b0p05__wd1e-04trmiss0_degmodglobal,2,0.7083408832550049,0.629122257232666,0.6666666666666666,0.8233605900272567,0.7692307692307693,0.0,0.7115883082151413,0.6778389364480972,0.07666439842432737,0.2267172522842884,0.0,0.0,0.0,0.0,0.0,18473,global,0.0
3,5,lr1e-05_bs16_drop0p4_temp2p0_a0p25_b0p05__wd1e-04trmiss0_degmodglobal,16,1e-05,0.0001,0.4,2.0,0.25,0.05,lr1e-05_bs16_drop0p4_temp2p0_a0p25_b0p05__wd1e-04trmiss0_degmodglobal,3,0.6877159923315048,0.6247135400772095,0.6666666666666666,0.8233605900272567,0.7692307692307693,0.0,0.7359568476676941,0.654877245426178,0.07934325188398361,0.2600587010383606,0.0,0.0,0.0,0.0,0.0,18473,global,0.0
3,5,lr1e-05_bs16_drop0p4_temp2p0_a0p25_b0p05__wd1e-04trmiss0_degmodglobal,16,1e-05,0.0001,0.4,2.0,0.25,0.05,lr1e-05_bs16_drop0p4_temp2p0_a0p25_b0p05__wd1e-04trmiss0_degmodglobal,4,0.650665894150734,0.6232584714889526,0.611111111111111,0.8009700176366843,0.7692307692307693,0.0,0.6852489113807678,0.6213338822126389,0.0769469104707241,0.2019055187702179,0.0,0.0,0.0,0.0,0.0,18473,global,0.0
3,5,lr1e-05_bs16_drop0p4_temp2p0_a0p25_b0p05__wd1e-04trmiss0_degmodglobal,16,1e-05,0.0001,0.4,2.0,0.25,0.05,lr1e-05_bs16_drop0p4_temp2p0_a0p25_b0p05__wd1e-04trmiss0_degmodglobal,5,0.6896463334560394,0.6214694976806641,0.6388888888888888,0.8157848324514991,0.7692307692307693,0.0,0.7359710931777954,0.6648577302694321,0.056786663830280304,0.21183869056403637,0.0,0.0,0.0,0.0,0.0,18473,global,0.0
3,5,lr1e-05_bs16_drop0p4_temp2p0_a0p25_b0p05__wd1e-04trmiss0_degmodglobal,16,1e-05,0.0001,0.4,2.0,0.25,0.05,lr1e-05_bs16_drop0p4_temp2p0_a0p25_b0p05__wd1e-04trmiss0_degmodglobal,6,0.6851420104503632,0.6193222999572754,0.6388888888888888,0.8085457752124419,0.7692307692307693,0.0,0.7194076031446457,0.6572039574384689,0.06846366450190544,0.2164427600800991,0.0,0.0,0.0,0.0,0.0,18473,global,0.0
3,5,lr1e-05_bs16_drop0p4_temp2p0_a0p25_b0p05__wd1e-04trmiss0_degmodglobal,16,1e-05,0.0001,0.4,2.0,0.25,0.05,lr1e-05_bs16_drop0p4_temp2p0_a0p25_b0p05__wd1e-04trmiss0_degmodglobal,7,0.7400038540363312,0.6149093508720398,0.6944444444444444,0.8511383678050346,0.7692307692307693,0.0,0.7544016242027283,0.7155781984329224,0.06447352655231953,0.16614510398358107,0.0,0.0,0.0,0.0,0.0,18473,global,0.0
3,5,lr1e-05_bs16_drop0p4_temp2p0_a0p25_b0p05__wd1e-04trmiss0_degmodglobal,16,1e-05,0.0001,0.4,2.0,0.25,0.05,lr1e-05_bs16_drop0p4_temp2p0_a0p25_b0p05__wd1e-04trmiss0_degmodglobal,8,0.6564260870218277,0.6148335933685303,0.6666666666666666,0.8233605900272567,0.7692307692307693,0.0,0.6758130639791489,0.6277471482753754,0.06465591955929995,0.2502989210188389,0.0,0.0,0.0,0.0,0.0,18473,global,0.0
3,5,lr1e-05_bs16_drop0p4_temp2p0_a0p25_b0p05__wd1e-04trmiss0_degmodglobal,16,1e-05,0.0001,0.4,2.0,0.25,0.05,lr1e-05_bs16_drop0p4_temp2p0_a0p25_b0p05__wd1e-04trmiss0_degmodglobal,9,0.6706817597150803,0.6122082471847534,0.6944444444444444,0.8511383678050346,0.7692307692307693,0.0,0.6773488968610764,0.650543674826622,0.050373541191220284,0.15089402347803116,0.0,0.0,0.0,0.0,0.0,18473,global,0.0
3,5,lr1e-05_bs16_drop0p4_temp2p0_a0p25_b0p05__wd1e-04trmiss0_degmodglobal,16,1e-05,0.0001,0.4,2.0,0.25,0.05,lr1e-05_bs16_drop0p4_temp2p0_a0p25_b0p05__wd1e-04trmiss0_degmodglobal,10,0.6840662062168121,0.6124154329299927,0.6666666666666666,0.8363235529902198,0.7692307692307693,0.0,0.6847726255655289,0.6574200689792633,0.05692803021520376,0.248282877728343,0.0,0.0,0.0,0.0,0.0,18473,global,0.0
3,5,lr1e-05_bs16_drop0p4_temp2p0_a0p25_b0p05__wd1e-04trmiss0_degmodglobal,16,1e-05,0.0001,0.4,2.0,0.25,0.05,lr1e-05_bs16_drop0p4_temp2p0_a0p25_b0p05__wd1e-04trmiss0_degmodglobal,11,0.6566350013017654,0.6097044348716736,0.6666666666666666,0.8363235529902198,0.7692307692307693,0.0,0.6662252694368362,0.6388025283813477,0.04290074482560158,0.14214570820331573,0.0,0.0,0.0,0.0,0.0,18473,global,0.0
3,5,lr1e-05_bs16_drop0p4_temp2p0_a0p25_b0p05__wd1e-04trmiss0_degmodglobal,16,1e-05,0.0001,0.4,2.0,0.25,0.05,lr1e-05_bs16_drop0p4_temp2p0_a0p25_b0p05__wd1e-04trmiss0_degmodglobal,12,0.6495274156332016,0.6091243028640747,0.6666666666666666,0.8363235529902198,0.7692307692307693,0.0,0.6744776964187622,0.6214859485626221,0.06304406002163887,0.24560939893126488,0.0,0.0,0.0,0.0,0.0,18473,global,0.0
3,5,lr1e-05_bs16_drop0p4_temp2p0_a0p25_b0p05__wd1e-04trmiss0_degmodglobal,16,1e-05,0.0001,0.4,2.0,0.25,0.05,lr1e-05_bs16_drop0p4_temp2p0_a0p25_b0p05__wd1e-04trmiss0_degmodglobal,13,0.6600594073534012,0.6048762202262878,0.6944444444444444,0.8511383678050346,0.7692307692307693,0.0,0.6621589809656143,0.6359132826328278,0.06284740474075079,0.16868516243994236,0.0,0.0,0.0,0.0,0.0,18473,global,0.0
3,5,lr1e-05_bs16_drop0p4_temp2p0_a0p25_b0p05__wd1e-04trmiss0_degmodglobal,16,1e-05,0.0001,0.4,2.0,0.25,0.05,lr1e-05_bs16_drop0p4_temp2p0_a0p25_b0p05__wd1e-04trmiss0_degmodglobal,14,0.6678933054208755,0.6045007109642029,0.6666666666666666,0.8363235529902198,0.7692307692307693,0.0,0.681663379073143,0.6423785388469696,0.061980691738426685,0.20039178431034088,0.0,0.0,0.0,0.0,0.0,18473,global,0.0
3,5,lr1e-05_bs16_drop0p4_temp2p0_a0p25_b0p05__wd1e-04trmiss0_degmodglobal,16,1e-05,0.0001,0.4,2.0,0.25,0.05,lr1e-05_bs16_drop0p4_temp2p0_a0p25_b0p05__wd1e-04trmiss0_degmodglobal,15,0.6995788067579269,0.6008163094520569,0.7222222222222222,0.8643658810325479,0.7692307692307693,0.0,0.6448570191860199,0.6736891716718674,0.06294609513133764,0.20306230708956718,0.0,0.0,0.0,0.0,0.0,18473,global,0.0
3,5,lr1e-05_bs16_drop0p4_temp2p0_a0p25_b0p05__wd1e-04trmiss0_degmodglobal,16,1e-05,0.0001,0.4,2.0,0.25,0.05,lr1e-05_bs16_drop0p4_temp2p0_a0p25_b0p05__wd1e-04trmiss0_degmodglobal,16,0.6577121317386627,0.5982460975646973,0.6944444444444444,0.8511383678050346,0.7692307692307693,0.0,0.6488485038280487,0.6372734904289246,0.0510788606479764,0.15337864309549332,0.0,0.0,0.0,0.0,0.0,18473,global,0.0
3,5,lr1e-05_bs16_drop0p4_temp2p0_a0p25_b0p05__wd1e-04trmiss0_degmodglobal,16,1e-05,0.0001,0.4,2.0,0.25,0.05,lr1e-05_bs16_drop0p4_temp2p0_a0p25_b0p05__wd1e-04trmiss0_degmodglobal,17,0.6481639891862869,0.5978220105171204,0.7222222222222222,0.8643658810325479,0.7692307692307693,0.0,0.6599919646978378,0.6205792427062988,0.0624981252476573,0.23920448869466782,0.0,0.0,0.0,0.0,0.0,18473,global,0.0
3,5,lr1e-05_bs16_drop0p4_temp2p0_a0p25_b0p05__wd1e-04trmiss0_degmodglobal,16,1e-05,0.0001,0.4,2.0,0.25,0.05,lr1e-05_bs16_drop0p4_temp2p0_a0p25_b0p05__wd1e-04trmiss0_degmodglobal,18,0.6404641270637512,0.6029632687568665,0.7222222222222222,0.8643658810325479,0.7692307692307693,0.0,0.6611889451742172,0.6166673302650452,0.06300357263535261,0.16091791540384293,0.0,0.0,0.0,0.0,0.0,18473,global,0.0
3,5,lr1e-05_bs16_drop0p4_temp2p0_a0p25_b0p05__wd1e-04trmiss0_degmodglobal,16,1e-05,0.0001,0.4,2.0,0.25,0.05,lr1e-05_bs16_drop0p4_temp2p0_a0p25_b0p05__wd1e-04trmiss0_degmodglobal,19,0.6800798326730728,0.6010566353797913,0.7222222222222222,0.8643658810325479,0.7692307692307693,0.0,0.6602086275815964,0.6592107862234116,0.055260433815419674,0.1410786476917565,0.0,0.0,0.0,0.0,0.0,18473,global,0.0
3,5,lr1e-05_bs16_drop0p4_temp2p0_a0p25_b0p05__wd1e-04trmiss0_degmodglobal,16,1e-05,0.0001,0.4,2.0,0.25,0.05,lr1e-05_bs16_drop0p4_temp2p0_a0p25_b0p05__wd1e-04trmiss0_degmodglobal,20,0.6371908634901047,0.6013393402099609,0.7222222222222222,0.8643658810325479,0.7692307692307693,0.0,0.6606568247079849,0.6115598678588867,0.06018010713160038,0.2117195501923561,0.0,0.0,0.0,0.0,0.0,18473,global,0.0
3,5,lr1e-05_bs16_drop0p4_temp2p0_a0p25_b0p05__wd1e-04trmiss0_degmodglobal,16,1e-05,0.0001,0.4,2.0,0.25,0.05,lr1e-05_bs16_drop0p4_temp2p0_a0p25_b0p05__wd1e-04trmiss0_degmodglobal,21,0.6504210829734802,0.6019600033760071,0.6944444444444444,0.83658810325477,0.7692307692307693,0.0,0.6891047358512878,0.6155871748924255,0.0807717815041542,0.2928195707499981,0.0,0.0,0.0,0.0,0.0,18473,global,0.0
3,5,lr1e-05_bs16_drop0p4_temp2p0_a0p25_b0p05__wd1e-04trmiss0_degmodglobal,16,1e-05,0.0001,0.4,2.0,0.25,0.05,lr1e-05_bs16_drop0p4_temp2p0_a0p25_b0p05__wd1e-04trmiss0_degmodglobal,22,0.6580432206392288,0.6040309071540833,0.6944444444444444,0.8511383678050346,0.7692307692307693,0.0,0.642163023352623,0.6343610286712646,0.062495782040059566,0.16116474196314812,0.0,0.0,0.0,0.0,0.0,18473,global,0.0
3,5,lr1e-05_bs16_drop0p4_temp2p0_a0p25_b0p05__wd1e-04trmiss0_degmodglobal,16,1e-05,0.0001,0.4,2.0,0.25,0.05,lr1e-05_bs16_drop0p4_temp2p0_a0p25_b0p05__wd1e-04trmiss0_degmodglobal,23,0.627099946141243,0.6082385182380676,0.6666666666666666,0.8363235529902198,0.7692307692307693,0.0,0.6568035185337067,0.6000292003154755,0.06625997647643089,0.2101147621870041,0.0,0.0,0.0,0.0,0.0,18473,global,0.0
3,5,lr1e-05_bs16_drop0p4_temp2p0_a0p25_b0p05__wd1e-04trmiss0_degmodglobal,16,1e-05,0.0001,0.4,2.0,0.25,0.05,lr1e-05_bs16_drop0p4_temp2p0_a0p25_b0p05__wd1e-04trmiss0_degmodglobal,24,0.6444809436798096,0.6062084436416626,0.6666666666666666,0.8363235529902198,0.7692307692307693,0.0,0.6560126692056656,0.6213944852352142,0.05787932686507702,0.17233265470713377,0.0,0.0,0.0,0.0,0.0,18473,global,0.0
3,5,lr1e-05_bs16_drop0p4_temp2p0_a0p25_b0p05__wd1e-04trmiss0_degmodglobal,16,1e-05,0.0001,0.4,2.0,0.25,0.05,lr1e-05_bs16_drop0p4_temp2p0_a0p25_b0p05__wd1e-04trmiss0_degmodglobal,25,0.624039888381958,0.605461835861206,0.6944444444444444,0.8511383678050346,0.7692307692307693,0.0,0.6307999491691589,0.597424641251564,0.06350874993950129,0.2147611826658249,0.0,0.0,0.0,0.0,0.0,18473,global,0.0
3,5,lr1e-05_bs16_drop0p4_temp2p0_a0p25_b0p05__wd1e-04trmiss0_degmodglobal,16,1e-05,0.0001,0.4,2.0,0.25,0.05,lr1e-05_bs16_drop0p4_temp2p0_a0p25_b0p05__wd1e-04trmiss0_degmodglobal,26,0.6404138058423996,0.6067399382591248,0.6944444444444444,0.8511383678050346,0.7692307692307693,0.0,0.6122793853282928,0.6133517473936081,0.07030663546174765,0.1897076517343521,0.0,0.0,0.0,0.0,0.0,18473,global,0.0
3,5,lr1e-05_bs16_drop0p4_temp2p0_a0p25_b0p05__wd1e-04trmiss0_degmodglobal,16,1e-05,0.0001,0.4,2.0,0.25,0.05,lr1e-05_bs16_drop0p4_temp2p0_a0p25_b0p05__wd1e-04trmiss0_degmodglobal,27,0.6604704260826111,0.6044320464134216,0.6944444444444444,0.8511383678050346,0.7692307692307693,0.0,0.651675745844841,0.6380202919244766,0.051369926892220974,0.19215261191129684,0.0,0.0,0.0,0.0,0.0,18473,global,0.0
3,5,lr1e-05_bs16_drop0p4_temp2p0_a0p25_b0p05__wd1e-04trmiss0_degmodglobal,16,1e-05,0.0001,0.4,2.0,0.25,0.05,lr1e-05_bs16_drop0p4_temp2p0_a0p25_b0p05__wd1e-04trmiss0_degmodglobal,28,0.6347415447235107,0.6024361848831177,0.6944444444444444,0.8511383678050346,0.7692307692307693,0.0,0.5988441705703735,0.6138704568147659,0.05335002485662699,0.15067143365740776,0.0,0.0,0.0,0.0,0.0,18473,global,0.0
3,5,lr1e-05_bs16_drop0p4_temp2p0_a0p25_b0p05__wd1e-04trmiss0_degmodglobal,16,1e-05,0.0001,0.4,2.0,0.25,0.05,lr1e-05_bs16_drop0p4_temp2p0_a0p25_b0p05__wd1e-04trmiss0_degmodglobal,29,0.6921606808900833,0.6018617153167725,0.6944444444444444,0.8511383678050346,0.7692307692307693,0.0,0.6845119744539261,0.6646095961332321,0.06792443245649338,0.21139920502901077,0.0,0.0,0.0,0.0,0.0,18473,global,0.0
3,5,lr1e-05_bs16_drop0p4_temp2p0_a0p25_b0p05__wd1e-04trmiss0_degmodglobal,16,1e-05,0.0001,0.4,2.0,0.25,0.05,lr1e-05_bs16_drop0p4_temp2p0_a0p25_b0p05__wd1e-04trmiss0_degmodglobal,30,0.6687161177396774,0.6022853255271912,0.6944444444444444,0.8511383678050346,0.7692307692307693,0.0,0.6181996464729309,0.6497228294610977,0.04676060099154711,0.14606268890202045,0.0,0.0,0.0,0.0,0.0,18473,global,0.0
3,5,lr1e-05_bs16_drop0p4_temp2p0_a0p25_b0p05__wd1e-04trmiss0_degmodglobal,16,1e-05,0.0001,0.4,2.0,0.25,0.05,lr1e-05_bs16_drop0p4_temp2p0_a0p25_b0p05__wd1e-04trmiss0_degmodglobal,31,0.6265745460987091,0.5983032584190369,0.6666666666666666,0.8363235529902198,0.7692307692307693,0.0,0.6152985990047455,0.6003925502300262,0.06337010487914085,0.20678939297795296,0.0,0.0,0.0,0.0,0.0,18473,global,0.0
3,5,lr1e-05_bs16_drop0p4_temp2p0_a0p25_b0p05__wd1e-04trmiss0_degmodglobal,16,1e-05,0.0001,0.4,2.0,0.25,0.05,lr1e-05_bs16_drop0p4_temp2p0_a0p25_b0p05__wd1e-04trmiss0_degmodglobal,32,0.6401584297418594,0.5992962718009949,0.6944444444444444,0.8511383678050346,0.7692307692307693,0.0,0.6271772086620331,0.6139851957559586,0.0610612453892827,0.2181590497493744,0.0,0.0,0.0,0.0,0.0,18473,global,0.0
3,5,lr1e-05_bs16_drop0p4_temp2p0_a0p25_b0p05__wd1e-04trmiss0_degmodglobal,16,1e-05,0.0001,0.4,2.0,0.25,0.05,lr1e-05_bs16_drop0p4_temp2p0_a0p25_b0p05__wd1e-04trmiss0_degmodglobal,33,0.6171413362026215,0.5987684726715088,0.6666666666666666,0.8363235529902198,0.7692307692307693,0.0,0.6430306285619736,0.5969198197126389,0.05414872895926237,0.13368653878569603,0.0,0.0,0.0,0.0,0.0,18473,global,0.0
3,5,lr1e-05_bs16_drop0p4_temp2p0_a0p25_b0p05__wd1e-04trmiss0_degmodglobal,16,1e-05,0.0001,0.4,2.0,0.25,0.05,lr1e-05_bs16_drop0p4_temp2p0_a0p25_b0p05__wd1e-04trmiss0_degmodglobal,34,0.6263061761856079,0.5978379249572754,0.6666666666666666,0.8363235529902198,0.7692307692307693,0.0,0.6396921426057816,0.601290225982666,0.06267658993601799,0.18693598359823227,0.0,0.0,0.0,0.0,0.0,18473,global,0.0
3,5,lr1e-05_bs16_drop0p4_temp2p0_a0p25_b0p05__wd1e-04trmiss0_degmodglobal,16,1e-05,0.0001,0.4,2.0,0.25,0.05,lr1e-05_bs16_drop0p4_temp2p0_a0p25_b0p05__wd1e-04trmiss0_degmodglobal,35,0.6578769236803055,0.5971314311027527,0.6944444444444444,0.8511383678050346,0.7692307692307693,0.0,0.6296858638525009,0.632401317358017,0.060321529395878315,0.20790447667241096,0.0,0.0,0.0,0.0,0.0,18473,global,0.0
3,5,lr1e-05_bs16_drop0p4_temp2p0_a0p25_b0p05__wd1e-04trmiss0_degmodglobal,16,1e-05,0.0001,0.4,2.0,0.25,0.05,lr1e-05_bs16_drop0p4_temp2p0_a0p25_b0p05__wd1e-04trmiss0_degmodglobal,36,0.6552911251783371,0.5991281867027283,0.6666666666666666,0.8363235529902198,0.7692307692307693,0.0,0.6390492171049118,0.6296292692422867,0.06694861315190792,0.178494144231081,0.0,0.0,0.0,0.0,0.0,18473,global,0.0
3,5,lr1e-05_bs16_drop0p4_temp2p0_a0p25_b0p05__wd1e-04trmiss0_degmodglobal,16,1e-05,0.0001,0.4,2.0,0.25,0.05,lr1e-05_bs16_drop0p4_temp2p0_a0p25_b0p05__wd1e-04trmiss0_degmodglobal,37,0.6775079220533371,0.599436342716217,0.6666666666666666,0.8363235529902198,0.7692307692307693,0.0,0.6208394169807434,0.6549682021141052,0.05698664113879204,0.16586165875196457,0.0,0.0,0.0,0.0,0.0,18473,global,0.0
4,1,lr1e-04_bs8_drop0p2_temp1p0_a0p25_b0p05__wd1e-04trmiss0_degmodglobal,8,0.0001,0.0001,0.2,1.0,0.25,0.05,lr1e-04_bs8_drop0p2_temp1p0_a0p25_b0p05__wd1e-04trmiss0_degmodglobal,1,0.6780907511711121,0.6634904742240906,0.8666666666666667,0.9395773979107314,0.7857142857142857,0.0,0.7090583188193185,0.6577613013131278,0.049550710512059074,0.15883534667747362,0.0,0.0,0.0,0.0,0.0,18473,global,0.0
4,1,lr1e-04_bs8_drop0p2_temp1p0_a0p25_b0p05__wd1e-04trmiss0_degmodglobal,8,0.0001,0.0001,0.2,1.0,0.25,0.05,lr1e-04_bs8_drop0p2_temp1p0_a0p25_b0p05__wd1e-04trmiss0_degmodglobal,2,0.6574768594333104,0.6586118042469025,0.8222222222222222,0.9300144300144302,0.7142857142857143,0.0,0.6728833998952594,0.6399715457643781,0.04082028434744903,0.1460048428603581,0.0,0.0,0.0,0.0,0.0,18473,global,0.0
4,1,lr1e-04_bs8_drop0p2_temp1p0_a0p25_b0p05__wd1e-04trmiss0_degmodglobal,8,0.0001,0.0001,0.2,1.0,0.25,0.05,lr1e-04_bs8_drop0p2_temp1p0_a0p25_b0p05__wd1e-04trmiss0_degmodglobal,3,0.6533524394035339,0.6589737832546234,0.7555555555555555,0.87642604309271,0.6428571428571429,0.0,0.683076696736472,0.640491144997733,0.031352119254214425,0.10046538071972984,0.0,0.0,0.0,0.0,0.0,18473,global,0.0
4,1,lr1e-04_bs8_drop0p2_temp1p0_a0p25_b0p05__wd1e-04trmiss0_degmodglobal,8,0.0001,0.0001,0.2,1.0,0.25,0.05,lr1e-04_bs8_drop0p2_temp1p0_a0p25_b0p05__wd1e-04trmiss0_degmodglobal,4,0.6366427796227592,0.6569543182849884,0.6888888888888888,0.8419753086419755,0.6428571428571429,0.0,0.640142159802573,0.6232905728476388,0.034160702622362545,0.09624037199786731,0.0,0.0,0.0,0.0,0.0,18473,global,0.0
4,1,lr1e-04_bs8_drop0p2_temp1p0_a0p25_b0p05__wd1e-04trmiss0_degmodglobal,8,0.0001,0.0001,0.2,1.0,0.25,0.05,lr1e-04_bs8_drop0p2_temp1p0_a0p25_b0p05__wd1e-04trmiss0_degmodglobal,5,0.6373762999262128,0.660502552986145,0.6444444444444444,0.8168430335097003,0.5714285714285714,0.0,0.632405127797808,0.6223770976066589,0.03636400641075203,0.11816403003675598,0.0,0.0,0.0,0.0,0.0,18473,global,0.0
4,1,lr1e-04_bs8_drop0p2_temp1p0_a0p25_b0p05__wd1e-04trmiss0_degmodglobal,8,0.0001,0.0001,0.2,1.0,0.25,0.05,lr1e-04_bs8_drop0p2_temp1p0_a0p25_b0p05__wd1e-04trmiss0_degmodglobal,6,0.6200272355760846,0.656464010477066,0.6444444444444444,0.8168430335097003,0.6428571428571429,0.0,0.6476386870656695,0.6065980281148639,0.03390875671591077,0.09904029965400696,0.0,0.0,0.0,0.0,0.0,18473,global,0.0
4,1,lr1e-04_bs8_drop0p2_temp1p0_a0p25_b0p05__wd1e-04trmiss0_degmodglobal,8,0.0001,0.0001,0.2,1.0,0.25,0.05,lr1e-04_bs8_drop0p2_temp1p0_a0p25_b0p05__wd1e-04trmiss0_degmodglobal,7,0.6116479890687125,0.6542757749557495,0.6888888888888889,0.8470797720797723,0.6428571428571429,0.0,0.6137779780796596,0.595029320035662,0.04344111308455467,0.11516781843134336,0.0,0.0,0.0,0.0,0.0,18473,global,0.0
4,1,lr1e-04_bs8_drop0p2_temp1p0_a0p25_b0p05__wd1e-04trmiss0_degmodglobal,8,0.0001,0.0001,0.2,1.0,0.25,0.05,lr1e-04_bs8_drop0p2_temp1p0_a0p25_b0p05__wd1e-04trmiss0_degmodglobal,8,0.6044743486813137,0.6481786370277405,0.7333333333333334,0.887820512820513,0.7142857142857143,0.0,0.6126322746276855,0.5907708917345319,0.0319170600601605,0.11448368044303996,0.0,0.0,0.0,0.0,0.0,18473,global,0.0
4,1,lr1e-04_bs8_drop0p2_temp1p0_a0p25_b0p05__wd1e-04trmiss0_degmodglobal,8,0.0001,0.0001,0.2,1.0,0.25,0.05,lr1e-04_bs8_drop0p2_temp1p0_a0p25_b0p05__wd1e-04trmiss0_degmodglobal,9,0.5911304269518171,0.6483137011528015,0.6222222222222222,0.8111450278116945,0.7142857142857143,0.0,0.5980400017329625,0.5758629270962307,0.03879764888967786,0.11136173989091601,0.0,0.0,0.0,0.0,0.0,18473,global,0.0
4,1,lr1e-04_bs8_drop0p2_temp1p0_a0p25_b0p05__wd1e-04trmiss0_degmodglobal,8,0.0001,0.0001,0.2,1.0,0.25,0.05,lr1e-04_bs8_drop0p2_temp1p0_a0p25_b0p05__wd1e-04trmiss0_degmodglobal,10,0.5908350007874625,0.6554776430130005,0.6888888888888889,0.8670033670033672,0.7142857142857143,0.0,0.6064390710421971,0.5773418375423977,0.033193872443267276,0.10389442688652448,0.0,0.0,0.0,0.0,0.0,18473,global,0.0
4,1,lr1e-04_bs8_drop0p2_temp1p0_a0p25_b0p05__wd1e-04trmiss0_degmodglobal,8,0.0001,0.0001,0.2,1.0,0.25,0.05,lr1e-04_bs8_drop0p2_temp1p0_a0p25_b0p05__wd1e-04trmiss0_degmodglobal,11,0.5925564425332206,0.656735360622406,0.6666666666666667,0.8613053613053614,0.7142857142857143,0.0,0.5709646131311145,0.5750809822763715,0.04847159210060324,0.10715105650680405,0.0,0.0,0.0,0.0,0.0,18473,global,0.0
4,1,lr1e-04_bs8_drop0p2_temp1p0_a0p25_b0p05__wd1e-04trmiss0_degmodglobal,8,0.0001,0.0001,0.2,1.0,0.25,0.05,lr1e-04_bs8_drop0p2_temp1p0_a0p25_b0p05__wd1e-04trmiss0_degmodglobal,12,0.5820140072277614,0.6451166570186615,0.6222222222222222,0.8384319384319385,0.7142857142857143,0.0,0.6062990256718227,0.5658184630530221,0.03726837544568947,0.13756919439349855,0.0,0.0,0.0,0.0,0.0,18473,global,0.0
4,1,lr1e-04_bs8_drop0p2_temp1p0_a0p25_b0p05__wd1e-04trmiss0_degmodglobal,8,0.0001,0.0001,0.2,1.0,0.25,0.05,lr1e-04_bs8_drop0p2_temp1p0_a0p25_b0p05__wd1e-04trmiss0_degmodglobal,13,0.6045258896691459,0.6430129706859589,0.6444444444444444,0.8472120472120475,0.6428571428571429,0.0,0.5838986379759652,0.589749276638031,0.03728854336908886,0.10908966085740499,0.0,0.0,0.0,0.0,0.0,18473,global,0.0
4,1,lr1e-04_bs8_drop0p2_temp1p0_a0p25_b0p05__wd1e-04trmiss0_degmodglobal,8,0.0001,0.0001,0.2,1.0,0.25,0.05,lr1e-04_bs8_drop0p2_temp1p0_a0p25_b0p05__wd1e-04trmiss0_degmodglobal,14,0.5664181964738029,0.6416610777378082,0.7777777777777778,0.897530864197531,0.7142857142857143,0.0,0.5630628892353603,0.5509807126862662,0.03949828978095736,0.1112584759082113,0.0,0.0,0.0,0.0,0.0,18473,global,0.0
4,1,lr1e-04_bs8_drop0p2_temp1p0_a0p25_b0p05__wd1e-04trmiss0_degmodglobal,8,0.0001,0.0001,0.2,1.0,0.25,0.05,lr1e-04_bs8_drop0p2_temp1p0_a0p25_b0p05__wd1e-04trmiss0_degmodglobal,15,0.5831089615821838,0.6429394483566284,0.7111111111111111,0.8689033189033191,0.7142857142857143,0.0,0.5644429666655404,0.5665532350540161,0.042397569332803996,0.11912681055920464,0.0,0.0,0.0,0.0,0.0,18473,global,0.0
4,1,lr1e-04_bs8_drop0p2_temp1p0_a0p25_b0p05__wd1e-04trmiss0_degmodglobal,8,0.0001,0.0001,0.2,1.0,0.25,0.05,lr1e-04_bs8_drop0p2_temp1p0_a0p25_b0p05__wd1e-04trmiss0_degmodglobal,16,0.5755269527435303,0.6437801718711853,0.6888888888888889,0.8683760683760686,0.7142857142857143,0.0,0.5581216514110565,0.5590854798044477,0.04397544850196157,0.10895235623632159,0.0,0.0,0.0,0.0,0.0,18473,global,0.0
4,1,lr1e-04_bs8_drop0p2_temp1p0_a0p25_b0p05__wd1e-04trmiss0_degmodglobal,8,0.0001,0.0001,0.2,1.0,0.25,0.05,lr1e-04_bs8_drop0p2_temp1p0_a0p25_b0p05__wd1e-04trmiss0_degmodglobal,17,0.5666096338203975,0.6381577849388123,0.7777777777777777,0.9053230719897387,0.7142857142857143,0.0,0.5590863909040179,0.5518742203712463,0.039647680574229786,0.09647004465971674,0.0,0.0,0.0,0.0,0.0,18473,global,0.0
4,1,lr1e-04_bs8_drop0p2_temp1p0_a0p25_b0p05__wd1e-04trmiss0_degmodglobal,8,0.0001,0.0001,0.2,1.0,0.25,0.05,lr1e-04_bs8_drop0p2_temp1p0_a0p25_b0p05__wd1e-04trmiss0_degmodglobal,18,0.5602713056973049,0.632015585899353,0.7777777777777778,0.8990130240130241,0.7142857142857143,0.0,0.5477505624294281,0.5481375966753278,0.0333283394575119,0.07603229369435992,0.0,0.0,0.0,0.0,0.0,18473,global,0.0
4,1,lr1e-04_bs8_drop0p2_temp1p0_a0p25_b0p05__wd1e-04trmiss0_degmodglobal,8,0.0001,0.0001,0.2,1.0,0.25,0.05,lr1e-04_bs8_drop0p2_temp1p0_a0p25_b0p05__wd1e-04trmiss0_degmodglobal,19,0.5542544339384351,0.6314678192138672,0.7333333333333333,0.8763057929724598,0.7142857142857143,0.0,0.5095517592770713,0.5357203142983573,0.048553035993661196,0.1279172482235091,0.0,0.0,0.0,0.0,0.0,18473,global,0.0
4,1,lr1e-04_bs8_drop0p2_temp1p0_a0p25_b0p05__wd1e-04trmiss0_degmodglobal,8,0.0001,0.0001,0.2,1.0,0.25,0.05,lr1e-04_bs8_drop0p2_temp1p0_a0p25_b0p05__wd1e-04trmiss0_degmodglobal,20,0.5623139611312321,0.633045494556427,0.6888888888888889,0.8621693121693124,0.6428571428571429,0.0,0.5634309649467468,0.546744840485709,0.03907609065728528,0.11600191465445928,0.0,0.0,0.0,0.0,0.0,18473,global,0.0
4,1,lr1e-04_bs8_drop0p2_temp1p0_a0p25_b0p05__wd1e-04trmiss0_degmodglobal,8,0.0001,0.0001,0.2,1.0,0.25,0.05,lr1e-04_bs8_drop0p2_temp1p0_a0p25_b0p05__wd1e-04trmiss0_degmodglobal,21,0.5531839217458453,0.6465402543544769,0.6444444444444444,0.8494005994005995,0.6428571428571429,0.0,0.5386662951537541,0.537547128541129,0.04308683691280229,0.09730185940861702,0.0,0.0,0.0,0.0,0.0,18473,global,0.0
4,1,lr1e-04_bs8_drop0p2_temp1p0_a0p25_b0p05__wd1e-04trmiss0_degmodglobal,8,0.0001,0.0001,0.2,1.0,0.25,0.05,lr1e-04_bs8_drop0p2_temp1p0_a0p25_b0p05__wd1e-04trmiss0_degmodglobal,22,0.5689946413040161,0.6472620666027069,0.6,0.8342490842490844,0.6428571428571429,0.0,0.5187168930258069,0.548841097525188,0.04883730784058571,0.15888443748865808,0.0,0.0,0.0,0.0,0.0,18473,global,0.0
4,1,lr1e-04_bs8_drop0p2_temp1p0_a0p25_b0p05__wd1e-04trmiss0_degmodglobal,8,0.0001,0.0001,0.2,1.0,0.25,0.05,lr1e-04_bs8_drop0p2_temp1p0_a0p25_b0p05__wd1e-04trmiss0_degmodglobal,23,0.5777755805424282,0.6399992108345032,0.6666666666666667,0.8529100529100531,0.6428571428571429,0.0,0.5349018062864032,0.5565921749387469,0.05626205248492105,0.1423579337341445,0.0,0.0,0.0,0.0,0.0,18473,global,0.0
4,1,lr1e-04_bs8_drop0p2_temp1p0_a0p25_b0p05__wd1e-04trmiss0_degmodglobal,8,0.0001,0.0001,0.2,1.0,0.25,0.05,lr1e-04_bs8_drop0p2_temp1p0_a0p25_b0p05__wd1e-04trmiss0_degmodglobal,24,0.5417619858469281,0.640757292509079,0.6666666666666666,0.8513338513338515,0.6428571428571429,0.0,0.5229518796716418,0.5294978448322841,0.03278437256813049,0.08136077225208282,0.0,0.0,0.0,0.0,0.0,18473,global,0.0
4,1,lr1e-04_bs8_drop0p2_temp1p0_a0p25_b0p05__wd1e-04trmiss0_degmodglobal,8,0.0001,0.0001,0.2,1.0,0.25,0.05,lr1e-04_bs8_drop0p2_temp1p0_a0p25_b0p05__wd1e-04trmiss0_degmodglobal,25,0.5490178040095738,0.6371115446090698,0.6666666666666666,0.8513338513338515,0.6428571428571429,0.0,0.5204711300986153,0.5349991917610168,0.03474114143422672,0.1066664909677846,0.0,0.0,0.0,0.0,0.0,18473,global,0.0
4,1,lr1e-04_bs8_drop0p2_temp1p0_a0p25_b0p05__wd1e-04trmiss0_degmodglobal,8,0.0001,0.0001,0.2,1.0,0.25,0.05,lr1e-04_bs8_drop0p2_temp1p0_a0p25_b0p05__wd1e-04trmiss0_degmodglobal,26,0.539371486221041,0.6426753103733063,0.6666666666666666,0.8513338513338515,0.7142857142857143,0.0,0.5052048180784497,0.5185554836477552,0.05463844005550657,0.14312782351459777,0.0,0.0,0.0,0.0,0.0,18473,global,0.0
4,1,lr1e-04_bs8_drop0p2_temp1p0_a0p25_b0p05__wd1e-04trmiss0_degmodglobal,8,0.0001,0.0001,0.2,1.0,0.25,0.05,lr1e-04_bs8_drop0p2_temp1p0_a0p25_b0p05__wd1e-04trmiss0_degmodglobal,27,0.5115252818380084,0.640351265668869,0.6666666666666666,0.8550986050986054,0.6428571428571429,0.0,0.5044466597693307,0.4905864383493151,0.056050729006528854,0.1385233359677451,0.0,0.0,0.0,0.0,0.0,18473,global,0.0
4,1,lr1e-04_bs8_drop0p2_temp1p0_a0p25_b0p05__wd1e-04trmiss0_degmodglobal,8,0.0001,0.0001,0.2,1.0,0.25,0.05,lr1e-04_bs8_drop0p2_temp1p0_a0p25_b0p05__wd1e-04trmiss0_degmodglobal,28,0.5651969569069999,0.631254643201828,0.7111111111111111,0.8676638176638178,0.6428571428571429,0.0,0.5262491149561745,0.5486048630305699,0.042299048975110054,0.12034640780517034,0.0,0.0,0.0,0.0,0.0,18473,global,0.0
4,1,lr1e-04_bs8_drop0p2_temp1p0_a0p25_b0p05__wd1e-04trmiss0_degmodglobal,8,0.0001,0.0001,0.2,1.0,0.25,0.05,lr1e-04_bs8_drop0p2_temp1p0_a0p25_b0p05__wd1e-04trmiss0_degmodglobal,29,0.5557557940483093,0.6313010454177856,0.7333333333333334,0.8808080808080809,0.6428571428571429,0.0,0.5333817856652396,0.5389444572584969,0.046310198094163625,0.10467575117945671,0.0,0.0,0.0,0.0,0.0,18473,global,0.0
4,1,lr1e-04_bs8_drop0p2_temp1p0_a0p25_b0p05__wd1e-04trmiss0_degmodglobal,8,0.0001,0.0001,0.2,1.0,0.25,0.05,lr1e-04_bs8_drop0p2_temp1p0_a0p25_b0p05__wd1e-04trmiss0_degmodglobal,30,0.548157240663256,0.6325918138027191,0.7111111111111111,0.8689033189033191,0.6428571428571429,0.0,0.5333542568343026,0.531963620867048,0.04188333797667708,0.11445582498397146,0.0,0.0,0.0,0.0,0.0,18473,global,0.0
4,1,lr1e-04_bs8_drop0p2_temp1p0_a0p25_b0p05__wd1e-04trmiss0_degmodglobal,8,0.0001,0.0001,0.2,1.0,0.25,0.05,lr1e-04_bs8_drop0p2_temp1p0_a0p25_b0p05__wd1e-04trmiss0_degmodglobal,31,0.5291185123579842,0.6192103624343872,0.7555555555555556,0.8935185185185186,0.6428571428571429,0.0,0.5215943625995091,0.5136894583702087,0.04220318687813623,0.09756532311439514,0.0,0.0,0.0,0.0,0.0,18473,global,0.0
4,1,lr1e-04_bs8_drop0p2_temp1p0_a0p25_b0p05__wd1e-04trmiss0_degmodglobal,8,0.0001,0.0001,0.2,1.0,0.25,0.05,lr1e-04_bs8_drop0p2_temp1p0_a0p25_b0p05__wd1e-04trmiss0_degmodglobal,32,0.5341948994568416,0.6182458996772766,0.7777777777777778,0.8990130240130241,0.7142857142857143,0.0,0.4969917620931353,0.5128971040248871,0.05338716719831739,0.15902004071644374,0.0,0.0,0.0,0.0,0.0,18473,global,0.0
4,1,lr1e-04_bs8_drop0p2_temp1p0_a0p25_b0p05__wd1e-04trmiss0_degmodglobal,8,0.0001,0.0001,0.2,1.0,0.25,0.05,lr1e-04_bs8_drop0p2_temp1p0_a0p25_b0p05__wd1e-04trmiss0_degmodglobal,33,0.5399204237120492,0.6222497522830963,0.7777777777777778,0.8990130240130241,0.7142857142857143,0.0,0.5009738292012896,0.5250500823770251,0.0396992771753243,0.09891016914376191,0.0,0.0,0.0,0.0,0.0,18473,global,0.0
4,1,lr1e-04_bs8_drop0p2_temp1p0_a0p25_b0p05__wd1e-04trmiss0_degmodglobal,8,0.0001,0.0001,0.2,1.0,0.25,0.05,lr1e-04_bs8_drop0p2_temp1p0_a0p25_b0p05__wd1e-04trmiss0_degmodglobal,34,0.5172264448234013,0.6304155886173248,0.7777777777777777,0.9053230719897387,0.7142857142857143,0.0,0.4974287450313568,0.5029670681272235,0.04122402625424521,0.07906728770051684,0.0,0.0,0.0,0.0,0.0,18473,global,0.0
4,1,lr1e-04_bs8_drop0p2_temp1p0_a0p25_b0p05__wd1e-04trmiss0_degmodglobal,8,0.0001,0.0001,0.2,1.0,0.25,0.05,lr1e-04_bs8_drop0p2_temp1p0_a0p25_b0p05__wd1e-04trmiss0_degmodglobal,35,0.5150349480765206,0.6195050179958344,0.7777777777777778,0.9093915343915346,0.7142857142857143,0.0,0.49418443015643526,0.4961754253932408,0.05196318269840309,0.11737461694117103,0.0,0.0,0.0,0.0,0.0,18473,global,0.0
4,1,lr1e-04_bs8_drop0p2_temp1p0_a0p25_b0p05__wd1e-04trmiss0_degmodglobal,8,0.0001,0.0001,0.2,1.0,0.25,0.05,lr1e-04_bs8_drop0p2_temp1p0_a0p25_b0p05__wd1e-04trmiss0_degmodglobal,36,0.5436028412410191,0.6145847737789154,0.8222222222222222,0.928774928774929,0.7857142857142857,0.0,0.5082532039710453,0.5238207834107536,0.05169913651687758,0.1371452882885933,0.0,0.0,0.0,0.0,0.0,18473,global,0.0
4,1,lr1e-04_bs8_drop0p2_temp1p0_a0p25_b0p05__wd1e-04trmiss0_degmodglobal,8,0.0001,0.0001,0.2,1.0,0.25,0.05,lr1e-04_bs8_drop0p2_temp1p0_a0p25_b0p05__wd1e-04trmiss0_degmodglobal,37,0.5406002955777305,0.6188663244247437,0.8,0.9148860398860401,0.7142857142857143,0.0,0.5073467876229968,0.5192475489207676,0.060622621327638626,0.12394168653658458,0.0,0.0,0.0,0.0,0.0,18473,global,0.0
4,1,lr1e-04_bs8_drop0p2_temp1p0_a0p25_b0p05__wd1e-04trmiss0_degmodglobal,8,0.0001,0.0001,0.2,1.0,0.25,0.05,lr1e-04_bs8_drop0p2_temp1p0_a0p25_b0p05__wd1e-04trmiss0_degmodglobal,38,0.527169508593423,0.6209383308887482,0.8,0.9148860398860401,0.7142857142857143,0.0,0.4910406470298767,0.5074518024921417,0.053687160568577905,0.12591820423092162,0.0,0.0,0.0,0.0,0.0,18473,global,0.0
4,1,lr1e-04_bs8_drop0p2_temp1p0_a0p25_b0p05__wd1e-04trmiss0_degmodglobal,8,0.0001,0.0001,0.2,1.0,0.25,0.05,lr1e-04_bs8_drop0p2_temp1p0_a0p25_b0p05__wd1e-04trmiss0_degmodglobal,39,0.5225664292063031,0.6305467784404755,0.7333333333333334,0.8750000000000002,0.7142857142857143,0.0,0.4978488045079367,0.5019748040607998,0.052454086020588875,0.14956215396523476,0.0,0.0,0.0,0.0,0.0,18473,global,0.0
4,1,lr1e-04_bs8_drop0p2_temp1p0_a0p25_b0p05__wd1e-04trmiss0_degmodglobal,8,0.0001,0.0001,0.2,1.0,0.25,0.05,lr1e-04_bs8_drop0p2_temp1p0_a0p25_b0p05__wd1e-04trmiss0_degmodglobal,40,0.5112548087324414,0.6293258368968964,0.7333333333333334,0.887820512820513,0.7142857142857143,0.0,0.47699147888592314,0.49078396814210073,0.05887699286852564,0.11503162873642785,0.0,0.0,0.0,0.0,0.0,18473,global,0.0
4,1,lr1e-04_bs8_drop0p2_temp1p0_a0p25_b0p05__wd1e-04trmiss0_degmodglobal,8,0.0001,0.0001,0.2,1.0,0.25,0.05,lr1e-04_bs8_drop0p2_temp1p0_a0p25_b0p05__wd1e-04trmiss0_degmodglobal,41,0.5303651179586139,0.6302500367164612,0.7111111111111111,0.8527777777777779,0.7142857142857143,0.0,0.4865717078958239,0.5169226484639304,0.0384540677602802,0.07657901304108757,0.0,0.0,0.0,0.0,0.0,18473,global,0.0
4,1,lr1e-04_bs8_drop0p2_temp1p0_a0p25_b0p05__wd1e-04trmiss0_degmodglobal,8,0.0001,0.0001,0.2,1.0,0.25,0.05,lr1e-04_bs8_drop0p2_temp1p0_a0p25_b0p05__wd1e-04trmiss0_degmodglobal,42,0.5226130698408399,0.6231867074966431,0.7777777777777777,0.9053230719897387,0.7142857142857143,0.0,0.4924690084797995,0.502326739685876,0.050998863364968984,0.15073234268597194,0.0,0.0,0.0,0.0,0.0,18473,global,0.0
4,1,lr1e-04_bs8_drop0p2_temp1p0_a0p25_b0p05__wd1e-04trmiss0_degmodglobal,8,0.0001,0.0001,0.2,1.0,0.25,0.05,lr1e-04_bs8_drop0p2_temp1p0_a0p25_b0p05__wd1e-04trmiss0_degmodglobal,43,0.5097252769129617,0.6193728446960449,0.8,0.9134038800705468,0.7857142857142857,0.0,0.4880750094141279,0.4901376026017325,0.05643633646624429,0.10957190500838417,0.0,0.0,0.0,0.0,0.0,18473,global,0.0
4,1,lr1e-04_bs8_drop0p2_temp1p0_a0p25_b0p05__wd1e-04trmiss0_degmodglobal,8,0.0001,0.0001,0.2,1.0,0.25,0.05,lr1e-04_bs8_drop0p2_temp1p0_a0p25_b0p05__wd1e-04trmiss0_degmodglobal,44,0.5546996678624835,0.6244435608386993,0.7777777777777778,0.8949445616112284,0.7142857142857143,0.0,0.5279064902237484,0.534458190202713,0.05242978036403656,0.14268055451767786,0.0,0.0,0.0,0.0,0.0,18473,global,0.0
4,1,lr1e-04_bs8_drop0p2_temp1p0_a0p25_b0p05__wd1e-04trmiss0_degmodglobal,8,0.0001,0.0001,0.2,1.0,0.25,0.05,lr1e-04_bs8_drop0p2_temp1p0_a0p25_b0p05__wd1e-04trmiss0_degmodglobal,45,0.5253575018474034,0.6192634105682373,0.8,0.9108175774842442,0.7142857142857143,0.0,0.4850075585501535,0.5059553938252586,0.05275137722492218,0.12428529720221247,0.0,0.0,0.0,0.0,0.0,18473,global,0.0
4,1,lr1e-04_bs8_drop0p2_temp1p0_a0p25_b0p05__wd1e-04trmiss0_degmodglobal,8,0.0001,0.0001,0.2,1.0,0.25,0.05,lr1e-04_bs8_drop0p2_temp1p0_a0p25_b0p05__wd1e-04trmiss0_degmodglobal,46,0.5054041530404773,0.6151554584503174,0.8222222222222222,0.9172278338945008,0.7857142857142857,0.0,0.46574527876717703,0.4825839570590428,0.06406774025942598,0.13606503020439828,0.0,0.0,0.0,0.0,0.0,18473,global,0.0
4,1,lr1e-04_bs8_drop0p2_temp1p0_a0p25_b0p05__wd1e-04trmiss0_degmodglobal,8,0.0001,0.0001,0.2,1.0,0.25,0.05,lr1e-04_bs8_drop0p2_temp1p0_a0p25_b0p05__wd1e-04trmiss0_degmodglobal,47,0.5194843113422394,0.6128607392311096,0.8444444444444444,0.9280303030303032,0.7857142857142857,0.0,0.5270751331533704,0.504896879196167,0.03844259386616094,0.09953592930521284,0.0,0.0,0.0,0.0,0.0,18473,global,0.0
4,1,lr1e-04_bs8_drop0p2_temp1p0_a0p25_b0p05__wd1e-04trmiss0_degmodglobal,8,0.0001,0.0001,0.2,1.0,0.25,0.05,lr1e-04_bs8_drop0p2_temp1p0_a0p25_b0p05__wd1e-04trmiss0_degmodglobal,48,0.5108303938593183,0.6122429966926575,0.8444444444444444,0.9280303030303032,0.7857142857142857,0.0,0.4906861441476004,0.49358407514435904,0.04743709162409816,0.10774098177041326,0.0,0.0,0.0,0.0,0.0,18473,global,0.0
4,1,lr1e-04_bs8_drop0p2_temp1p0_a0p25_b0p05__wd1e-04trmiss0_degmodglobal,8,0.0001,0.0001,0.2,1.0,0.25,0.05,lr1e-04_bs8_drop0p2_temp1p0_a0p25_b0p05__wd1e-04trmiss0_degmodglobal,49,0.4945795621190752,0.6144486963748932,0.8222222222222222,0.9216200466200468,0.7142857142857143,0.0,0.4611500459057944,0.47641852498054504,0.05052738104547773,0.11058390406625611,0.0,0.0,0.0,0.0,0.0,18473,global,0.0
4,1,lr1e-04_bs8_drop0p2_temp1p0_a0p25_b0p05__wd1e-04trmiss0_degmodglobal,8,0.0001,0.0001,0.2,1.0,0.25,0.05,lr1e-04_bs8_drop0p2_temp1p0_a0p25_b0p05__wd1e-04trmiss0_degmodglobal,50,0.5042087350572858,0.617381364107132,0.8222222222222222,0.9216200466200468,0.7857142857142857,0.0,0.4682046430451529,0.48512795141765047,0.05218183302453586,0.12070648318954877,0.0,0.0,0.0,0.0,0.0,18473,global,0.0
4,1,lr1e-04_bs8_drop0p2_temp1p0_a0p25_b0p05__wd1e-04trmiss0_degmodglobal,8,0.0001,0.0001,0.2,1.0,0.25,0.05,lr1e-04_bs8_drop0p2_temp1p0_a0p25_b0p05__wd1e-04trmiss0_degmodglobal,51,0.5059114737170083,0.6171916723251343,0.8222222222222222,0.9172278338945008,0.7857142857142857,0.0,0.4613871829850333,0.488803505897522,0.04821326956152916,0.10109270364046097,0.0,0.0,0.0,0.0,0.0,18473,global,0.0
4,1,lr1e-04_bs8_drop0p2_temp1p0_a0p25_b0p05__wd1e-04trmiss0_degmodglobal,8,0.0001,0.0001,0.2,1.0,0.25,0.05,lr1e-04_bs8_drop0p2_temp1p0_a0p25_b0p05__wd1e-04trmiss0_degmodglobal,52,0.5011403773512159,0.6094619929790497,0.8444444444444444,0.9280303030303032,0.7142857142857143,0.0,0.4630380698612758,0.478929945400783,0.05937496359859194,0.1473340732710702,0.0,0.0,0.0,0.0,0.0,18473,global,0.0
4,1,lr1e-04_bs8_drop0p2_temp1p0_a0p25_b0p05__wd1e-04trmiss0_degmodglobal,8,0.0001,0.0001,0.2,1.0,0.25,0.05,lr1e-04_bs8_drop0p2_temp1p0_a0p25_b0p05__wd1e-04trmiss0_degmodglobal,53,0.5046633269105639,0.609777957201004,0.8444444444444444,0.9280303030303032,0.7142857142857143,0.0,0.4530197296823774,0.47437319585255217,0.08703474806887763,0.1706287892801421,0.0,0.0,0.0,0.0,0.0,18473,global,0.0
4,1,lr1e-04_bs8_drop0p2_temp1p0_a0p25_b0p05__wd1e-04trmiss0_degmodglobal,8,0.0001,0.0001,0.2,1.0,0.25,0.05,lr1e-04_bs8_drop0p2_temp1p0_a0p25_b0p05__wd1e-04trmiss0_degmodglobal,54,0.5054027182715279,0.6178278625011444,0.8222222222222222,0.9172278338945008,0.7142857142857143,0.0,0.46373690026147024,0.48372010248047964,0.06041494544063296,0.13157771261675016,0.0,0.0,0.0,0.0,0.0,18473,global,0.0
4,1,lr1e-04_bs8_drop0p2_temp1p0_a0p25_b0p05__wd1e-04trmiss0_degmodglobal,8,0.0001,0.0001,0.2,1.0,0.25,0.05,lr1e-04_bs8_drop0p2_temp1p0_a0p25_b0p05__wd1e-04trmiss0_degmodglobal,55,0.4948115178516933,0.6232404708862305,0.7777777777777778,0.8872285122285124,0.7142857142857143,0.0,0.45438630666051594,0.47463448558534893,0.05635603676949229,0.1217604758484023,0.0,0.0,0.0,0.0,0.0,18473,global,0.0
4,1,lr1e-04_bs8_drop0p2_temp1p0_a0p25_b0p05__wd1e-04trmiss0_degmodglobal,8,0.0001,0.0001,0.2,1.0,0.25,0.05,lr1e-04_bs8_drop0p2_temp1p0_a0p25_b0p05__wd1e-04trmiss0_degmodglobal,56,0.5227982955319541,0.6227528154850006,0.7777777777777778,0.8949445616112284,0.7142857142857143,0.0,0.46093941586358206,0.4951223943914686,0.0765516704746655,0.170759488429342,0.0,0.0,0.0,0.0,0.0,18473,global,0.0
4,1,lr1e-04_bs8_drop0p2_temp1p0_a0p25_b0p05__wd1e-04trmiss0_degmodglobal,8,0.0001,0.0001,0.2,1.0,0.25,0.05,lr1e-04_bs8_drop0p2_temp1p0_a0p25_b0p05__wd1e-04trmiss0_degmodglobal,57,0.4880011124270303,0.6252485513687134,0.8,0.9085858585858588,0.7142857142857143,0.0,0.43501448205539156,0.4703285183225359,0.04855042004159519,0.11069985638771739,0.0,0.0,0.0,0.0,0.0,18473,global,0.0
4,1,lr1e-04_bs8_drop0p2_temp1p0_a0p25_b0p05__wd1e-04trmiss0_degmodglobal,8,0.0001,0.0001,0.2,1.0,0.25,0.05,lr1e-04_bs8_drop0p2_temp1p0_a0p25_b0p05__wd1e-04trmiss0_degmodglobal,58,0.4989591794354575,0.6279834508895874,0.7333333333333333,0.867784067784068,0.7142857142857143,0.0,0.4538687126977103,0.47952226655823843,0.05546476026730878,0.11141456131424222,0.0,0.0,0.0,0.0,0.0,18473,global,0.0
4,1,lr1e-04_bs8_drop0p2_temp1p0_a0p25_b0p05__wd1e-04trmiss0_degmodglobal,8,0.0001,0.0001,0.2,1.0,0.25,0.05,lr1e-04_bs8_drop0p2_temp1p0_a0p25_b0p05__wd1e-04trmiss0_degmodglobal,59,0.521813554423196,0.623207300901413,0.7777777777777778,0.8949445616112284,0.7142857142857143,0.0,0.4461315742560795,0.4952234072344644,0.07105699447648865,0.17651807303939546,0.0,0.0,0.0,0.0,0.0,18473,global,0.0
4,1,lr1e-04_bs8_drop0p2_temp1p0_a0p25_b0p05__wd1e-04trmiss0_degmodglobal,8,0.0001,0.0001,0.2,1.0,0.25,0.05,lr1e-04_bs8_drop0p2_temp1p0_a0p25_b0p05__wd1e-04trmiss0_degmodglobal,60,0.5109503482069288,0.6236513555049896,0.8,0.9085858585858588,0.7857142857142857,0.0,0.4381422996520996,0.48450050609452383,0.07370700474296298,0.16046180629304477,0.0,0.0,0.0,0.0,0.0,18473,global,0.0
4,1,lr1e-04_bs8_drop0p2_temp1p0_a0p25_b0p05__wd1e-04trmiss0_degmodglobal,8,0.0001,0.0001,0.2,1.0,0.25,0.05,lr1e-04_bs8_drop0p2_temp1p0_a0p25_b0p05__wd1e-04trmiss0_degmodglobal,61,0.507668673992157,0.6183237433433533,0.8444444444444444,0.9280303030303032,0.7142857142857143,0.0,0.4745294323989323,0.48533480933734346,0.06453651402677808,0.12399466867957797,0.0,0.0,0.0,0.0,0.0,18473,global,0.0
4,1,lr1e-04_bs8_drop0p2_temp1p0_a0p25_b0p05__wd1e-04trmiss0_degmodglobal,8,0.0001,0.0001,0.2,1.0,0.25,0.05,lr1e-04_bs8_drop0p2_temp1p0_a0p25_b0p05__wd1e-04trmiss0_degmodglobal,62,0.4923784392220633,0.6140975952148438,0.8444444444444444,0.9280303030303032,0.7142857142857143,0.0,0.43325295618602205,0.4682410955429077,0.06676237231918744,0.1489349374813693,0.0,0.0,0.0,0.0,0.0,18473,global,0.0
4,1,lr1e-04_bs8_drop0p2_temp1p0_a0p25_b0p05__wd1e-04trmiss0_degmodglobal,8,0.0001,0.0001,0.2,1.0,0.25,0.05,lr1e-04_bs8_drop0p2_temp1p0_a0p25_b0p05__wd1e-04trmiss0_degmodglobal,63,0.4950798239026751,0.6119085252285004,0.8444444444444444,0.9280303030303032,0.7857142857142857,0.0,0.42900891814913067,0.4747469850948879,0.061015991760151725,0.10157679367278304,0.0,0.0,0.0,0.0,0.0,18473,global,0.0
4,1,lr1e-04_bs8_drop0p2_temp1p0_a0p25_b0p05__wd1e-04trmiss0_degmodglobal,8,0.0001,0.0001,0.2,1.0,0.25,0.05,lr1e-04_bs8_drop0p2_temp1p0_a0p25_b0p05__wd1e-04trmiss0_degmodglobal,64,0.5112710680280413,0.6176775097846985,0.8444444444444444,0.9280303030303032,0.7142857142857143,0.0,0.44364490679332186,0.48770114353724886,0.06853509534682546,0.12872299951102054,0.0,0.0,0.0,0.0,0.0,18473,global,0.0
4,1,lr1e-04_bs8_drop0p2_temp1p0_a0p25_b0p05__wd1e-04trmiss0_degmodglobal,8,0.0001,0.0001,0.2,1.0,0.25,0.05,lr1e-04_bs8_drop0p2_temp1p0_a0p25_b0p05__wd1e-04trmiss0_degmodglobal,65,0.4823583151612963,0.6179124414920807,0.8222222222222222,0.9121572871572874,0.7142857142857143,0.0,0.40600541659763884,0.46022882206099375,0.06475829838642053,0.11879851003842694,0.0,0.0,0.0,0.0,0.0,18473,global,0.0
4,1,lr1e-04_bs8_drop0p2_temp1p0_a0p25_b0p05__wd1e-04trmiss0_degmodglobal,8,0.0001,0.0001,0.2,1.0,0.25,0.05,lr1e-04_bs8_drop0p2_temp1p0_a0p25_b0p05__wd1e-04trmiss0_degmodglobal,66,0.48234150239399504,0.6164570450782776,0.8222222222222222,0.9121572871572874,0.7142857142857143,0.0,0.4303141321454729,0.4591683830533709,0.06395434534975461,0.14369075479251997,0.0,0.0,0.0,0.0,0.0,18473,global,0.0
4,1,lr1e-04_bs8_drop0p2_temp1p0_a0p25_b0p05__wd1e-04trmiss0_degmodglobal,8,0.0001,0.0001,0.2,1.0,0.25,0.05,lr1e-04_bs8_drop0p2_temp1p0_a0p25_b0p05__wd1e-04trmiss0_degmodglobal,67,0.49168613978794645,0.6170357167720795,0.8222222222222222,0.9172278338945008,0.7857142857142857,0.0,0.42893036774226595,0.46448478954178946,0.08095121383666992,0.13927095064095088,0.0,0.0,0.0,0.0,0.0,18473,global,0.0
4,1,lr1e-04_bs8_drop0p2_temp1p0_a0p25_b0p05__wd1e-04trmiss0_degmodglobal,8,0.0001,0.0001,0.2,1.0,0.25,0.05,lr1e-04_bs8_drop0p2_temp1p0_a0p25_b0p05__wd1e-04trmiss0_degmodglobal,68,0.512173478092466,0.6155949532985687,0.8222222222222222,0.9172278338945008,0.7857142857142857,0.0,0.44019713146345957,0.4827831472669329,0.08144354075193405,0.18058896596942628,0.0,0.0,0.0,0.0,0.0,18473,global,0.0
4,1,lr1e-04_bs8_drop0p2_temp1p0_a0p25_b0p05__wd1e-04trmiss0_degmodglobal,8,0.0001,0.0001,0.2,1.0,0.25,0.05,lr1e-04_bs8_drop0p2_temp1p0_a0p25_b0p05__wd1e-04trmiss0_degmodglobal,69,0.48236911637442453,0.6148057579994202,0.8222222222222222,0.9172278338945008,0.7857142857142857,0.0,0.40695956349372864,0.45746738995824543,0.072146190064294,0.13730365250791823,0.0,0.0,0.0,0.0,0.0,18473,global,0.0
4,1,lr1e-04_bs8_drop0p2_temp1p0_a0p25_b0p05__wd1e-04trmiss0_degmodglobal,8,0.0001,0.0001,0.2,1.0,0.25,0.05,lr1e-04_bs8_drop0p2_temp1p0_a0p25_b0p05__wd1e-04trmiss0_degmodglobal,70,0.48082779560770306,0.6143554151058197,0.8222222222222222,0.9172278338945008,0.7857142857142857,0.0,0.4106803664139339,0.4585050472191402,0.06659107229539327,0.11349940592689174,0.0,0.0,0.0,0.0,0.0,18473,global,0.0
4,1,lr1e-04_bs8_drop0p2_temp1p0_a0p25_b0p05__wd1e-04trmiss0_degmodglobal,8,0.0001,0.0001,0.2,1.0,0.25,0.05,lr1e-04_bs8_drop0p2_temp1p0_a0p25_b0p05__wd1e-04trmiss0_degmodglobal,71,0.4649603750024523,0.6168330907821655,0.8222222222222222,0.9172278338945008,0.7857142857142857,0.0,0.3946288824081421,0.43899971672466825,0.07896820083260536,0.12437220237084798,0.0,0.0,0.0,0.0,0.0,18473,global,0.0
4,1,lr1e-04_bs8_drop0p2_temp1p0_a0p25_b0p05__wd1e-04trmiss0_degmodglobal,8,0.0001,0.0001,0.2,1.0,0.25,0.05,lr1e-04_bs8_drop0p2_temp1p0_a0p25_b0p05__wd1e-04trmiss0_degmodglobal,72,0.49009522795677185,0.6150391101837158,0.8,0.9085858585858588,0.7857142857142857,0.0,0.42160944853510174,0.4680150364126478,0.06341066051806722,0.1245504729449749,0.0,0.0,0.0,0.0,0.0,18473,global,0.0
4,1,lr1e-04_bs8_drop0p2_temp2p0_a0p25_b0p05__wd1e-04trmiss0_degmodglobal,8,0.0001,0.0001,0.2,2.0,0.25,0.05,lr1e-04_bs8_drop0p2_temp2p0_a0p25_b0p05__wd1e-04trmiss0_degmodglobal,1,0.7562972562653678,0.6773466765880585,0.7333333333333334,0.8645212811879479,0.6428571428571429,0.0,0.6958529864038739,0.7330191901751927,0.06053267898304122,0.16289768474442617,0.0,0.0,0.0,0.0,0.0,18473,global,0.0
4,1,lr1e-04_bs8_drop0p2_temp2p0_a0p25_b0p05__wd1e-04trmiss0_degmodglobal,8,0.0001,0.0001,0.2,2.0,0.25,0.05,lr1e-04_bs8_drop0p2_temp2p0_a0p25_b0p05__wd1e-04trmiss0_degmodglobal,2,0.7091158373015267,0.6760165095329285,0.7333333333333333,0.8763057929724598,0.5714285714285714,0.0,0.6437589185578483,0.6825110060828072,0.06923748020614896,0.18590931807245528,0.0,0.0,0.0,0.0,0.0,18473,global,0.0
4,1,lr1e-04_bs8_drop0p2_temp2p0_a0p25_b0p05__wd1e-04trmiss0_degmodglobal,8,0.0001,0.0001,0.2,2.0,0.25,0.05,lr1e-04_bs8_drop0p2_temp2p0_a0p25_b0p05__wd1e-04trmiss0_degmodglobal,3,0.6952803986413139,0.6792762875556946,0.7111111111111111,0.8512937679604347,0.6428571428571429,0.0,0.6457368986947196,0.6652195538793292,0.0765925661793777,0.21825389989784785,0.0,0.0,0.0,0.0,0.0,18473,global,0.0
4,1,lr1e-04_bs8_drop0p2_temp2p0_a0p25_b0p05__wd1e-04trmiss0_degmodglobal,8,0.0001,0.0001,0.2,2.0,0.25,0.05,lr1e-04_bs8_drop0p2_temp2p0_a0p25_b0p05__wd1e-04trmiss0_degmodglobal,4,0.6658677288464138,0.6697189509868622,0.7555555555555555,0.8830397997064665,0.7142857142857143,0.0,0.6234109146254403,0.6389828324317932,0.06739221406834466,0.20073680686099188,0.0,0.0,0.0,0.0,0.0,18473,global,0.0
4,1,lr1e-04_bs8_drop0p2_temp2p0_a0p25_b0p05__wd1e-04trmiss0_degmodglobal,8,0.0001,0.0001,0.2,2.0,0.25,0.05,lr1e-04_bs8_drop0p2_temp2p0_a0p25_b0p05__wd1e-04trmiss0_degmodglobal,5,0.6604436380522591,0.6809134185314178,0.6888888888888888,0.8522927689594357,0.5714285714285714,0.0,0.6370084030287606,0.6319458399500165,0.0718299810375486,0.210806348494121,0.0,0.0,0.0,0.0,0.0,18473,global,0.0
4,1,lr1e-04_bs8_drop0p2_temp2p0_a0p25_b0p05__wd1e-04trmiss0_degmodglobal,8,0.0001,0.0001,0.2,2.0,0.25,0.05,lr1e-04_bs8_drop0p2_temp2p0_a0p25_b0p05__wd1e-04trmiss0_degmodglobal,6,0.6510380761963981,0.6822019219398499,0.6666666666666667,0.8465947632614301,0.5714285714285714,0.0,0.6061198370797294,0.617643688406263,0.07776647965822901,0.2790551313332149,0.0,0.0,0.0,0.0,0.0,18473,global,0.0
4,1,lr1e-04_bs8_drop0p2_temp2p0_a0p25_b0p05__wd1e-04trmiss0_degmodglobal,8,0.0001,0.0001,0.2,2.0,0.25,0.05,lr1e-04_bs8_drop0p2_temp2p0_a0p25_b0p05__wd1e-04trmiss0_degmodglobal,7,0.6527652655329023,0.6738930344581604,0.7111111111111111,0.8770180436847106,0.6428571428571429,0.0,0.6199812803949628,0.62224109683718,0.07546491601637431,0.23315888217517308,0.0,0.0,0.0,0.0,0.0,18473,global,0.0
4,1,lr1e-04_bs8_drop0p2_temp2p0_a0p25_b0p05__wd1e-04trmiss0_degmodglobal,8,0.0001,0.0001,0.2,2.0,0.25,0.05,lr1e-04_bs8_drop0p2_temp2p0_a0p25_b0p05__wd1e-04trmiss0_degmodglobal,8,0.6339294910430908,0.6696998775005341,0.711111111111111,0.882876382876383,0.7142857142857143,0.0,0.6178101982389178,0.6014934011868068,0.08140483498573303,0.24169786061559403,0.0,0.0,0.0,0.0,0.0,18473,global,0.0
4,1,lr1e-04_bs8_drop0p2_temp2p0_a0p25_b0p05__wd1e-04trmiss0_degmodglobal,8,0.0001,0.0001,0.2,2.0,0.25,0.05,lr1e-04_bs8_drop0p2_temp2p0_a0p25_b0p05__wd1e-04trmiss0_degmodglobal,9,0.6244527101516724,0.6774144172668457,0.6444444444444444,0.8458393458393461,0.6428571428571429,0.0,0.6070817623819623,0.5943491458892822,0.07819751330784389,0.21108345155205047,0.0,0.0,0.0,0.0,0.0,18473,global,0.0
4,1,lr1e-04_bs8_drop0p2_temp2p0_a0p25_b0p05__wd1e-04trmiss0_degmodglobal,8,0.0001,0.0001,0.2,2.0,0.25,0.05,lr1e-04_bs8_drop0p2_temp2p0_a0p25_b0p05__wd1e-04trmiss0_degmodglobal,10,0.6210191079548427,0.6904527544975281,0.6222222222222222,0.8273208273208275,0.6428571428571429,0.0,0.605898346219744,0.5941997127873557,0.07462270238569804,0.1632746160030365,0.0,0.0,0.0,0.0,0.0,18473,global,0.0
4,1,lr1e-04_bs8_drop0p2_temp2p0_a0p25_b0p05__wd1e-04trmiss0_degmodglobal,8,0.0001,0.0001,0.2,2.0,0.25,0.05,lr1e-04_bs8_drop0p2_temp2p0_a0p25_b0p05__wd1e-04trmiss0_degmodglobal,11,0.5988678591591972,0.6937000751495361,0.6444444444444444,0.8458393458393461,0.6428571428571429,0.0,0.5909558534622192,0.5707276974405561,0.07716468029788562,0.1769795806280204,0.0,0.0,0.0,0.0,0.0,18473,global,0.0
4,1,lr1e-04_bs8_drop0p2_temp2p0_a0p25_b0p05__wd1e-04trmiss0_degmodglobal,8,0.0001,0.0001,0.2,2.0,0.25,0.05,lr1e-04_bs8_drop0p2_temp2p0_a0p25_b0p05__wd1e-04trmiss0_degmodglobal,12,0.591913138117109,0.7027338445186615,0.5555555555555556,0.7861730861730862,0.5714285714285714,0.0,0.5795234058584485,0.5569637162344796,0.08455588721803256,0.27620933949947357,0.0,0.0,0.0,0.0,0.0,18473,global,0.0
4,1,lr1e-04_bs8_drop0p2_temp2p0_a0p25_b0p05__wd1e-04trmiss0_degmodglobal,8,0.0001,0.0001,0.2,2.0,0.25,0.05,lr1e-04_bs8_drop0p2_temp2p0_a0p25_b0p05__wd1e-04trmiss0_degmodglobal,13,0.6053098951067243,0.6997695863246918,0.6,0.8140933140933142,0.5,0.0,0.5811779158455985,0.573244571685791,0.09354191858853612,0.17359729962689535,0.0,0.0,0.0,0.0,0.0,18473,global,0.0
4,1,lr1e-04_bs8_drop0p2_temp2p0_a0p25_b0p05__wd1e-04trmiss0_degmodglobal,8,0.0001,0.0001,0.2,2.0,0.25,0.05,lr1e-04_bs8_drop0p2_temp2p0_a0p25_b0p05__wd1e-04trmiss0_degmodglobal,14,0.5748767256736755,0.6987137794494629,0.5777777777777777,0.8041726791726793,0.5,0.0,0.5591955142361777,0.5427408218383789,0.08756133115717343,0.20491103295769011,0.0,0.0,0.0,0.0,0.0,18473,global,0.0
4,1,lr1e-04_bs8_drop0p2_temp2p0_a0p25_b0p05__wd1e-04trmiss0_degmodglobal,8,0.0001,0.0001,0.2,2.0,0.25,0.05,lr1e-04_bs8_drop0p2_temp2p0_a0p25_b0p05__wd1e-04trmiss0_degmodglobal,15,0.5771324464253017,0.6959707736968994,0.6,0.8140933140933142,0.5714285714285714,0.0,0.5681600059781756,0.5433027403695243,0.09097666825566973,0.22171097568103246,0.0,0.0,0.0,0.0,0.0,18473,global,0.0
4,1,lr1e-04_bs8_drop0p2_temp2p0_a0p25_b0p05__wd1e-04trmiss0_degmodglobal,8,0.0001,0.0001,0.2,2.0,0.25,0.05,lr1e-04_bs8_drop0p2_temp2p0_a0p25_b0p05__wd1e-04trmiss0_degmodglobal,16,0.6042600955281939,0.7015894055366516,0.5555555555555556,0.8025030525030525,0.5,0.0,0.5705539499010358,0.580845194203513,0.07115189198936735,0.11253855164561953,0.0,0.0,0.0,0.0,0.0,18473,global,0.0
4,1,lr1e-04_bs8_drop0p2_temp2p0_a0p25_b0p05__wd1e-04trmiss0_degmodglobal,8,0.0001,0.0001,0.2,2.0,0.25,0.05,lr1e-04_bs8_drop0p2_temp2p0_a0p25_b0p05__wd1e-04trmiss0_degmodglobal,17,0.6075571690286908,0.7043982446193695,0.5777777777777777,0.8117623117623118,0.6428571428571429,0.0,0.5911372303962708,0.5730900934764317,0.09510311484336853,0.21382576865809305,0.0,0.0,0.0,0.0,0.0,18473,global,0.0
4,1,lr1e-04_bs8_drop0p2_temp2p0_a0p25_b0p05__wd1e-04trmiss0_degmodglobal,8,0.0001,0.0001,0.2,2.0,0.25,0.05,lr1e-04_bs8_drop0p2_temp2p0_a0p25_b0p05__wd1e-04trmiss0_degmodglobal,18,0.562208354473114,0.7041816115379333,0.5555555555555556,0.8025030525030525,0.5714285714285714,0.0,0.5441037373883384,0.5360572125230517,0.0742848664522171,0.1515984982252121,0.0,0.0,0.0,0.0,0.0,18473,global,0.0
4,1,lr1e-04_bs8_drop0p2_temp2p0_a0p25_b0p05__wd1e-04trmiss0_degmodglobal,8,0.0001,0.0001,0.2,2.0,0.25,0.05,lr1e-04_bs8_drop0p2_temp2p0_a0p25_b0p05__wd1e-04trmiss0_degmodglobal,19,0.5648959875106812,0.6961986422538757,0.5777777777777777,0.8117623117623118,0.6428571428571429,0.0,0.5556293470518929,0.5328580396515983,0.09075919325862612,0.18696329636233194,0.0,0.0,0.0,0.0,0.0,18473,global,0.0
4,1,lr1e-04_bs8_drop0p2_temp2p0_a0p25_b0p05__wd1e-04trmiss0_degmodglobal,8,0.0001,0.0001,0.2,2.0,0.25,0.05,lr1e-04_bs8_drop0p2_temp2p0_a0p25_b0p05__wd1e-04trmiss0_degmodglobal,20,0.5599000028201512,0.6861602067947388,0.6222222222222222,0.8368945868945872,0.6428571428571429,0.0,0.5519565514155796,0.52761510014534,0.09169199051601547,0.18723805780921662,0.0,0.0,0.0,0.0,0.0,18473,global,0.0
4,1,lr1e-04_bs8_drop0p2_temp2p0_a0p25_b0p05__wd1e-04trmiss0_degmodglobal,8,0.0001,0.0001,0.2,2.0,0.25,0.05,lr1e-04_bs8_drop0p2_temp2p0_a0p25_b0p05__wd1e-04trmiss0_degmodglobal,21,0.5742266433579581,0.6732059717178345,0.6444444444444445,0.842786842786843,0.7142857142857143,0.0,0.5660156863076347,0.545132862670081,0.08792062423058919,0.14227234412516868,0.0,0.0,0.0,0.0,0.0,18473,global,0.0
4,1,lr1e-04_bs8_drop0p2_temp2p0_a0p25_b0p05__wd1e-04trmiss0_degmodglobal,8,0.0001,0.0001,0.2,2.0,0.25,0.05,lr1e-04_bs8_drop0p2_temp2p0_a0p25_b0p05__wd1e-04trmiss0_degmodglobal,22,0.5929772853851318,0.683048278093338,0.6444444444444444,0.8276353276353279,0.6428571428571429,0.0,0.5590366636003766,0.5604147655623299,0.09524810686707497,0.17501009787831986,0.0,0.0,0.0,0.0,0.0,18473,global,0.0
4,1,lr1e-04_bs8_drop0p2_temp2p0_a0p25_b0p05__wd1e-04trmiss0_degmodglobal,8,0.0001,0.0001,0.2,2.0,0.25,0.05,lr1e-04_bs8_drop0p2_temp2p0_a0p25_b0p05__wd1e-04trmiss0_degmodglobal,23,0.5795473115784782,0.6911612153053284,0.6444444444444444,0.8379527879527882,0.6428571428571429,0.0,0.5448603928089142,0.5477660128048488,0.08980229017989975,0.18661481887102127,0.0,0.0,0.0,0.0,0.0,18473,global,0.0
4,1,lr1e-04_bs8_drop0p2_temp2p0_a0p25_b0p05__wd1e-04trmiss0_degmodglobal,8,0.0001,0.0001,0.2,2.0,0.25,0.05,lr1e-04_bs8_drop0p2_temp2p0_a0p25_b0p05__wd1e-04trmiss0_degmodglobal,24,0.5665894576481411,0.6945843994617462,0.6222222222222222,0.8286935286935289,0.6428571428571429,0.0,0.5499704607895443,0.5354323940617698,0.08829442943845477,0.18166900426149368,0.0,0.0,0.0,0.0,0.0,18473,global,0.0
4,1,lr1e-04_bs8_drop0p2_temp2p0_a0p25_b0p05__wd1e-04trmiss0_degmodglobal,8,0.0001,0.0001,0.2,2.0,0.25,0.05,lr1e-04_bs8_drop0p2_temp2p0_a0p25_b0p05__wd1e-04trmiss0_degmodglobal,25,0.5607801931244987,0.6850413680076599,0.6222222222222222,0.8368945868945872,0.6428571428571429,0.0,0.5724105324063983,0.5322593918868473,0.08284349739551544,0.15619864208357676,0.0,0.0,0.0,0.0,0.0,18473,global,0.0
4,1,lr1e-04_bs8_drop0p2_temp2p0_a0p25_b0p05__wd1e-04trmiss0_degmodglobal,8,0.0001,0.0001,0.2,2.0,0.25,0.05,lr1e-04_bs8_drop0p2_temp2p0_a0p25_b0p05__wd1e-04trmiss0_degmodglobal,26,0.5536182522773743,0.6906377077102661,0.6222222222222222,0.8368945868945872,0.6428571428571429,0.0,0.5409877726009914,0.5216594508716038,0.09485107979604177,0.16492066638810293,0.0,0.0,0.0,0.0,0.0,18473,global,0.0
4,1,lr1e-04_bs8_drop0p2_temp2p0_a0p25_b0p05__wd1e-04trmiss0_degmodglobal,8,0.0001,0.0001,0.2,2.0,0.25,0.05,lr1e-04_bs8_drop0p2_temp2p0_a0p25_b0p05__wd1e-04trmiss0_degmodglobal,27,0.5772290272372109,0.6900066137313843,0.6444444444444445,0.842786842786843,0.6428571428571429,0.0,0.5314036139420101,0.5457911576543536,0.09273743363363403,0.1650704209293638,0.0,0.0,0.0,0.0,0.0,18473,global,0.0
4,1,lr1e-04_bs8_drop0p4_temp1p0_a0p25_b0p05__wd1e-04trmiss0_degmodglobal,8,0.0001,0.0001,0.4,1.0,0.25,0.05,lr1e-04_bs8_drop0p4_temp1p0_a0p25_b0p05__wd1e-04trmiss0_degmodglobal,1,0.6913169196673802,0.6904152929782867,0.4888888888888889,0.675852850852851,0.6428571428571429,0.0,0.7542555247034345,0.664603020463671,0.05666736939123699,0.2509411552122661,0.0,0.0,0.0,0.0,0.0,18473,global,0.0
4,1,lr1e-04_bs8_drop0p4_temp1p0_a0p25_b0p05__wd1e-04trmiss0_degmodglobal,8,0.0001,0.0001,0.4,1.0,0.25,0.05,lr1e-04_bs8_drop0p4_temp1p0_a0p25_b0p05__wd1e-04trmiss0_degmodglobal,2,0.6949701309204102,0.6961183249950409,0.4444444444444445,0.6536306286306286,0.5,0.0,0.7319834658077785,0.6725995200020927,0.04865538142621517,0.2041353178875787,0.0,0.0,0.0,0.0,0.0,18473,global,0.0
4,1,lr1e-04_bs8_drop0p4_temp1p0_a0p25_b0p05__wd1e-04trmiss0_degmodglobal,8,0.0001,0.0001,0.4,1.0,0.25,0.05,lr1e-04_bs8_drop0p4_temp1p0_a0p25_b0p05__wd1e-04trmiss0_degmodglobal,3,0.6672922883714948,0.6904427111148834,0.4444444444444444,0.6731592481592481,0.42857142857142855,0.0,0.7254193340029035,0.6449654613222394,0.050453368574380875,0.1942694910934993,0.0,0.0,0.0,0.0,0.0,18473,global,0.0
4,1,lr1e-04_bs8_drop0p4_temp1p0_a0p25_b0p05__wd1e-04trmiss0_degmodglobal,8,0.0001,0.0001,0.4,1.0,0.25,0.05,lr1e-04_bs8_drop0p4_temp1p0_a0p25_b0p05__wd1e-04trmiss0_degmodglobal,4,0.6731763226645333,0.6866029798984528,0.4444444444444444,0.6760252093585426,0.5714285714285714,0.0,0.7182854754584176,0.643928553376879,0.06135303207806179,0.2781902328133583,0.0,0.0,0.0,0.0,0.0,18473,global,0.0
4,1,lr1e-04_bs8_drop0p4_temp1p0_a0p25_b0p05__wd1e-04trmiss0_degmodglobal,8,0.0001,0.0001,0.4,1.0,0.25,0.05,lr1e-04_bs8_drop0p4_temp1p0_a0p25_b0p05__wd1e-04trmiss0_degmodglobal,5,0.6628038202013288,0.6892828643321991,0.4666666666666666,0.6837412587412588,0.42857142857142855,0.0,0.6688474757330758,0.6390189783913749,0.053434676357678006,0.20852341609341757,0.0,0.0,0.0,0.0,0.0,18473,global,0.0
4,1,lr1e-04_bs8_drop0p4_temp1p0_a0p25_b0p05__wd1e-04trmiss0_degmodglobal,8,0.0001,0.0001,0.4,1.0,0.25,0.05,lr1e-04_bs8_drop0p4_temp1p0_a0p25_b0p05__wd1e-04trmiss0_degmodglobal,6,0.6293447017669678,0.685523509979248,0.5333333333333333,0.7314084064084065,0.5714285714285714,0.0,0.6545490367071969,0.6021484221730914,0.0652059433715684,0.21789582712309702,0.0,0.0,0.0,0.0,0.0,18473,global,0.0
4,1,lr1e-04_bs8_drop0p4_temp1p0_a0p25_b0p05__wd1e-04trmiss0_degmodglobal,8,0.0001,0.0001,0.4,1.0,0.25,0.05,lr1e-04_bs8_drop0p4_temp1p0_a0p25_b0p05__wd1e-04trmiss0_degmodglobal,7,0.6392612712723869,0.6899394392967224,0.4666666666666667,0.7080687830687831,0.5714285714285714,0.0,0.6484136922018868,0.6042764357158116,0.08235059039933341,0.2879438591854913,0.0,0.0,0.0,0.0,0.0,18473,global,0.0
4,1,lr1e-04_bs8_drop0p4_temp1p0_a0p25_b0p05__wd1e-04trmiss0_degmodglobal,8,0.0001,0.0001,0.4,1.0,0.25,0.05,lr1e-04_bs8_drop0p4_temp1p0_a0p25_b0p05__wd1e-04trmiss0_degmodglobal,8,0.6242383718490601,0.6894400417804718,0.4666666666666667,0.6777657527657528,0.5714285714285714,0.0,0.6553353496960231,0.5957347324916294,0.06454845411436898,0.24733068687575205,0.0,0.0,0.0,0.0,0.0,18473,global,0.0
4,1,lr1e-04_bs8_drop0p4_temp1p0_a0p25_b0p05__wd1e-04trmiss0_degmodglobal,8,0.0001,0.0001,0.4,1.0,0.25,0.05,lr1e-04_bs8_drop0p4_temp1p0_a0p25_b0p05__wd1e-04trmiss0_degmodglobal,9,0.6376467261995588,0.6848319470882416,0.5111111111111111,0.7297619047619048,0.5714285714285714,0.0,0.6391406740461077,0.6035269669124058,0.07550446529473577,0.30487290982689175,0.0,0.0,0.0,0.0,0.0,18473,global,0.0
4,1,lr1e-04_bs8_drop0p4_temp1p0_a0p25_b0p05__wd1e-04trmiss0_degmodglobal,8,0.0001,0.0001,0.4,1.0,0.25,0.05,lr1e-04_bs8_drop0p4_temp1p0_a0p25_b0p05__wd1e-04trmiss0_degmodglobal,10,0.6147580742835999,0.6748737096786499,0.5111111111111111,0.7297619047619048,0.6428571428571429,0.0,0.6240969726017543,0.5843573382922581,0.07329899870923587,0.241519495844841,0.0,0.0,0.0,0.0,0.0,18473,global,0.0
4,1,lr1e-04_bs8_drop0p4_temp1p0_a0p25_b0p05__wd1e-04trmiss0_degmodglobal,8,0.0001,0.0001,0.4,1.0,0.25,0.05,lr1e-04_bs8_drop0p4_temp1p0_a0p25_b0p05__wd1e-04trmiss0_degmodglobal,11,0.626558210168566,0.677464485168457,0.5111111111111111,0.7297619047619048,0.5714285714285714,0.0,0.6443580389022827,0.6036602173532758,0.04853870240705354,0.21526642782347544,0.0,0.0,0.0,0.0,0.0,18473,global,0.0
4,1,lr1e-04_bs8_drop0p4_temp1p0_a0p25_b0p05__wd1e-04trmiss0_degmodglobal,8,0.0001,0.0001,0.4,1.0,0.25,0.05,lr1e-04_bs8_drop0p4_temp1p0_a0p25_b0p05__wd1e-04trmiss0_degmodglobal,12,0.603540871824537,0.6769268810749054,0.5333333333333333,0.7432437932437932,0.6428571428571429,0.0,0.6413303102765765,0.573587817805154,0.06589984521269798,0.26956188678741455,0.0,0.0,0.0,0.0,0.0,18473,global,0.0
4,1,lr1e-04_bs8_drop0p4_temp1p0_a0p25_b0p05__wd1e-04trmiss0_degmodglobal,8,0.0001,0.0001,0.4,1.0,0.25,0.05,lr1e-04_bs8_drop0p4_temp1p0_a0p25_b0p05__wd1e-04trmiss0_degmodglobal,13,0.6016923700060163,0.6768979132175446,0.4888888888888889,0.7240638990638992,0.6428571428571429,0.0,0.5929366861070905,0.5723587019102914,0.06716393626161984,0.2508540504745075,0.0,0.0,0.0,0.0,0.0,18473,global,0.0
4,1,lr1e-04_bs8_drop0p4_temp1p0_a0p25_b0p05__wd1e-04trmiss0_degmodglobal,8,0.0001,0.0001,0.4,1.0,0.25,0.05,lr1e-04_bs8_drop0p4_temp1p0_a0p25_b0p05__wd1e-04trmiss0_degmodglobal,14,0.6135087013244629,0.6674913763999939,0.5555555555555556,0.7464165464165464,0.5714285714285714,0.0,0.6233171224594116,0.5815018330301557,0.07675748957054955,0.2563495763710567,0.0,0.0,0.0,0.0,0.0,18473,global,0.0
4,1,lr1e-04_bs8_drop0p4_temp1p0_a0p25_b0p05__wd1e-04trmiss0_degmodglobal,8,0.0001,0.0001,0.4,1.0,0.25,0.05,lr1e-04_bs8_drop0p4_temp1p0_a0p25_b0p05__wd1e-04trmiss0_degmodglobal,15,0.6299542784690857,0.6658969223499298,0.5777777777777777,0.7556758056758057,0.5714285714285714,0.0,0.6471177509852818,0.5970156277929034,0.07374322201524462,0.29005710780620575,0.0,0.0,0.0,0.0,0.0,18473,global,0.0
4,1,lr1e-04_bs8_drop0p4_temp1p0_a0p25_b0p05__wd1e-04trmiss0_degmodglobal,8,0.0001,0.0001,0.4,1.0,0.25,0.05,lr1e-04_bs8_drop0p4_temp1p0_a0p25_b0p05__wd1e-04trmiss0_degmodglobal,16,0.6133218152182442,0.6654615104198456,0.5777777777777777,0.7630832130832133,0.6428571428571429,0.0,0.5892155936786106,0.5817284073148455,0.07712548598647118,0.24624081913914,0.0,0.0,0.0,0.0,0.0,18473,global,0.0
4,1,lr1e-04_bs8_drop0p4_temp1p0_a0p25_b0p05__wd1e-04trmiss0_degmodglobal,8,0.0001,0.0001,0.4,1.0,0.25,0.05,lr1e-04_bs8_drop0p4_temp1p0_a0p25_b0p05__wd1e-04trmiss0_degmodglobal,17,0.6035900030817304,0.6768960952758789,0.5333333333333332,0.7671356421356421,0.5,0.0,0.6161453213010516,0.5786949012960706,0.06662869613085474,0.16475816071033478,0.0,0.0,0.0,0.0,0.0,18473,global,0.0
4,1,lr1e-04_bs8_drop0p4_temp1p0_a0p25_b0p05__wd1e-04trmiss0_degmodglobal,8,0.0001,0.0001,0.4,1.0,0.25,0.05,lr1e-04_bs8_drop0p4_temp1p0_a0p25_b0p05__wd1e-04trmiss0_degmodglobal,18,0.6107596499579293,0.6546988487243652,0.6444444444444444,0.843926443926444,0.5,0.0,0.5926462497029986,0.5676894954272679,0.10506073917661395,0.33609953096934725,0.0,0.0,0.0,0.0,0.0,18473,global,0.0
4,1,lr1e-04_bs8_drop0p4_temp1p0_a0p25_b0p05__wd1e-04trmiss0_degmodglobal,8,0.0001,0.0001,0.4,1.0,0.25,0.05,lr1e-04_bs8_drop0p4_temp1p0_a0p25_b0p05__wd1e-04trmiss0_degmodglobal,19,0.6201406036104474,0.6556227207183838,0.6222222222222222,0.8384319384319385,0.42857142857142855,0.0,0.6014344692230225,0.5765956853117261,0.10016773268580437,0.37005987763404846,0.0,0.0,0.0,0.0,0.0,18473,global,0.0
4,1,lr1e-04_bs8_drop0p4_temp1p0_a0p25_b0p05__wd1e-04trmiss0_degmodglobal,8,0.0001,0.0001,0.4,1.0,0.25,0.05,lr1e-04_bs8_drop0p4_temp1p0_a0p25_b0p05__wd1e-04trmiss0_degmodglobal,20,0.5899284482002258,0.6624042391777039,0.6222222222222222,0.8384319384319385,0.5,0.0,0.6081767763410296,0.5675592167036874,0.05516274645924568,0.17157105516110147,0.0,0.0,0.0,0.0,0.0,18473,global,0.0
4,1,lr1e-04_bs8_drop0p4_temp1p0_a0p25_b0p05__wd1e-04trmiss0_degmodglobal,8,0.0001,0.0001,0.4,1.0,0.25,0.05,lr1e-04_bs8_drop0p4_temp1p0_a0p25_b0p05__wd1e-04trmiss0_degmodglobal,21,0.6291951026235308,0.6647226810455322,0.6222222222222222,0.8384319384319385,0.5,0.0,0.5993134847709111,0.5935220633234296,0.08003292818154607,0.31329617330006193,0.0,0.0,0.0,0.0,0.0,18473,global,0.0
4,1,lr1e-04_bs8_drop0p4_temp1p0_a0p25_b0p05__wd1e-04trmiss0_degmodglobal,8,0.0001,0.0001,0.4,1.0,0.25,0.05,lr1e-04_bs8_drop0p4_temp1p0_a0p25_b0p05__wd1e-04trmiss0_degmodglobal,22,0.6205554349081857,0.6653743982315063,0.6222222222222222,0.8121693121693123,0.5,0.0,0.5513408822672707,0.5751730799674988,0.1086278674857957,0.3645077518054417,0.0,0.0,0.0,0.0,0.0,18473,global,0.0
4,1,lr1e-04_bs8_drop0p4_temp1p0_a0p25_b0p05__wd1e-04trmiss0_degmodglobal,8,0.0001,0.0001,0.4,1.0,0.25,0.05,lr1e-04_bs8_drop0p4_temp1p0_a0p25_b0p05__wd1e-04trmiss0_degmodglobal,23,0.5910739728382656,0.6706507802009583,0.5555555555555556,0.7563492063492065,0.5714285714285714,0.0,0.5923881786210197,0.5612455861909049,0.06985512641923768,0.247292554804257,0.0,0.0,0.0,0.0,0.0,18473,global,0.0
4,1,lr1e-04_bs8_drop0p4_temp1p0_a0p25_b0p05__wd1e-04trmiss0_degmodglobal,8,0.0001,0.0001,0.4,1.0,0.25,0.05,lr1e-04_bs8_drop0p4_temp1p0_a0p25_b0p05__wd1e-04trmiss0_degmodglobal,24,0.6175339221954346,0.6741326451301575,0.5111111111111111,0.7339845339845341,0.5714285714285714,0.0,0.6483662809644427,0.5852772891521454,0.07691240310668945,0.26057066129786627,0.0,0.0,0.0,0.0,0.0,18473,global,0.0
4,1,lr1e-04_bs8_drop0p4_temp1p0_a0p25_b0p05__wd1e-04trmiss0_degmodglobal,8,0.0001,0.0001,0.4,1.0,0.25,0.05,lr1e-04_bs8_drop0p4_temp1p0_a0p25_b0p05__wd1e-04trmiss0_degmodglobal,25,0.5701561144420079,0.6743161678314209,0.4666666666666667,0.7134818884818885,0.6428571428571429,0.0,0.5602684787341526,0.5299356239182609,0.1054063072162015,0.2773780897259712,0.0,0.0,0.0,0.0,0.0,18473,global,0.0
4,1,lr1e-04_bs8_drop0p4_temp1p0_a0p25_b0p05__wd1e-04trmiss0_degmodglobal,8,0.0001,0.0001,0.4,1.0,0.25,0.05,lr1e-04_bs8_drop0p4_temp1p0_a0p25_b0p05__wd1e-04trmiss0_degmodglobal,26,0.58804623569761,0.6734265089035034,0.4888888888888889,0.7240638990638992,0.6428571428571429,0.0,0.5784448087215424,0.5469372698238918,0.09708567442638534,0.33675114597593037,0.0,0.0,0.0,0.0,0.0,18473,global,0.0
4,1,lr1e-04_bs8_drop0p4_temp1p0_a0p25_b0p05__wd1e-04trmiss0_degmodglobal,8,0.0001,0.0001,0.4,1.0,0.25,0.05,lr1e-04_bs8_drop0p4_temp1p0_a0p25_b0p05__wd1e-04trmiss0_degmodglobal,27,0.5885845848492214,0.6713762879371643,0.5333333333333333,0.7506512006512007,0.6428571428571429,0.0,0.5439345964363643,0.5577052576201302,0.0764048243207591,0.23556253101144517,0.0,0.0,0.0,0.0,0.0,18473,global,0.0
4,1,lr1e-04_bs8_drop0p4_temp1p0_a0p25_b0p05__wd1e-04trmiss0_degmodglobal,8,0.0001,0.0001,0.4,1.0,0.25,0.05,lr1e-04_bs8_drop0p4_temp1p0_a0p25_b0p05__wd1e-04trmiss0_degmodglobal,28,0.5899050916944232,0.6700592339038849,0.4888888888888889,0.7301485551485551,0.6428571428571429,0.0,0.5758361731256757,0.5566457424845014,0.0808342375925609,0.2610155163066728,0.0,0.0,0.0,0.0,0.0,18473,global,0.0
4,1,lr1e-04_bs8_drop0p4_temp1p0_a0p25_b0p05__wd1e-04trmiss0_degmodglobal,8,0.0001,0.0001,0.4,1.0,0.25,0.05,lr1e-04_bs8_drop0p4_temp1p0_a0p25_b0p05__wd1e-04trmiss0_degmodglobal,29,0.5786353349685669,0.67078897356987,0.5111111111111111,0.735846560846561,0.6428571428571429,0.0,0.5730096272059849,0.5518983432224819,0.06719174395714488,0.19878128809588297,0.0,0.0,0.0,0.0,0.0,18473,global,0.0
4,1,lr1e-04_bs8_drop0p4_temp1p0_a0p25_b0p05__wd1e-04trmiss0_degmodglobal,8,0.0001,0.0001,0.4,1.0,0.25,0.05,lr1e-04_bs8_drop0p4_temp1p0_a0p25_b0p05__wd1e-04trmiss0_degmodglobal,30,0.5868462324142456,0.6651719808578491,0.5555555555555556,0.7563492063492065,0.6428571428571429,0.0,0.6087915045874459,0.5513795358794076,0.08555821489010539,0.28154281420367105,0.0,0.0,0.0,0.0,0.0,18473,global,0.0
4,1,lr1e-04_bs8_drop0p4_temp1p0_a0p25_b0p05__wd1e-04trmiss0_degmodglobal,8,0.0001,0.0001,0.4,1.0,0.25,0.05,lr1e-04_bs8_drop0p4_temp1p0_a0p25_b0p05__wd1e-04trmiss0_degmodglobal,31,0.5621068051883152,0.6570088267326355,0.5777777777777777,0.7656084656084656,0.6428571428571429,0.0,0.5685103961399623,0.5252663365432194,0.08513244986534119,0.311147255556924,0.0,0.0,0.0,0.0,0.0,18473,global,0.0
4,1,lr1e-04_bs8_drop0p4_temp1p0_a0p25_b0p05__wd1e-04trmiss0_degmodglobal,8,0.0001,0.0001,0.4,1.0,0.25,0.05,lr1e-04_bs8_drop0p4_temp1p0_a0p25_b0p05__wd1e-04trmiss0_degmodglobal,32,0.5743978193828038,0.6579897105693817,0.5777777777777777,0.7656084656084656,0.6428571428571429,0.0,0.5617555550166539,0.5446440832955497,0.07502344569989614,0.21995770931243896,0.0,0.0,0.0,0.0,0.0,18473,global,0.0
4,1,lr1e-04_bs8_drop0p4_temp1p0_a0p25_b0p05__wd1e-04trmiss0_degmodglobal,8,0.0001,0.0001,0.4,1.0,0.25,0.05,lr1e-04_bs8_drop0p4_temp1p0_a0p25_b0p05__wd1e-04trmiss0_degmodglobal,33,0.5648986186300006,0.653803676366806,0.5777777777777777,0.7656084656084656,0.6428571428571429,0.0,0.5470003357955388,0.5291602398668017,0.08647503650614194,0.2823926529714039,0.0,0.0,0.0,0.0,0.0,18473,global,0.0
4,1,lr1e-04_bs8_drop0p4_temp1p0_a0p25_b0p05__wd1e-04trmiss0_degmodglobal,8,0.0001,0.0001,0.4,1.0,0.25,0.05,lr1e-04_bs8_drop0p4_temp1p0_a0p25_b0p05__wd1e-04trmiss0_degmodglobal,34,0.5576588426317487,0.6542302072048187,0.6,0.7742504409171076,0.6428571428571429,0.0,0.5533255679266793,0.5189557330948966,0.09386967016117913,0.30471378245524,0.0,0.0,0.0,0.0,0.0,18473,global,0.0
4,1,lr1e-04_bs8_drop0p4_temp1p0_a0p25_b0p05__wd1e-04trmiss0_degmodglobal,8,0.0001,0.0001,0.4,1.0,0.25,0.05,lr1e-04_bs8_drop0p4_temp1p0_a0p25_b0p05__wd1e-04trmiss0_degmodglobal,35,0.5484288462570736,0.6643349230289459,0.6,0.7766585266585269,0.5714285714285714,0.0,0.5452999685491834,0.5168344463620868,0.08081699056284768,0.22780318983963557,0.0,0.0,0.0,0.0,0.0,18473,global,0.0
4,1,lr1e-04_bs8_drop0p4_temp1p0_a0p25_b0p05__wd1e-04trmiss0_degmodglobal,8,0.0001,0.0001,0.4,1.0,0.25,0.05,lr1e-04_bs8_drop0p4_temp1p0_a0p25_b0p05__wd1e-04trmiss0_degmodglobal,36,0.5659880212375096,0.6667577922344208,0.6,0.7766585266585269,0.5714285714285714,0.0,0.5417200199195317,0.5393367069108146,0.06835106068423816,0.1912710347345897,0.0,0.0,0.0,0.0,0.0,18473,global,0.0
4,1,lr1e-04_bs8_drop0p4_temp1p0_a0p25_b0p05__wd1e-04trmiss0_degmodglobal,8,0.0001,0.0001,0.4,1.0,0.25,0.05,lr1e-04_bs8_drop0p4_temp1p0_a0p25_b0p05__wd1e-04trmiss0_degmodglobal,37,0.5708564349583217,0.6605876684188843,0.5777777777777777,0.7711640211640214,0.5714285714285714,0.0,0.5211233624390194,0.5345111957618168,0.09813066305858749,0.23625169481549943,0.0,0.0,0.0,0.0,0.0,18473,global,0.0
4,1,lr1e-04_bs8_drop0p4_temp1p0_a0p25_b0p05__wd1e-04trmiss0_degmodglobal,8,0.0001,0.0001,0.4,1.0,0.25,0.05,lr1e-04_bs8_drop0p4_temp1p0_a0p25_b0p05__wd1e-04trmiss0_degmodglobal,38,0.5803196174757821,0.657994270324707,0.5555555555555556,0.7563492063492065,0.6428571428571429,0.0,0.5763263489518847,0.5335336455277034,0.11523038468190602,0.35956756664173944,0.0,0.0,0.0,0.0,0.0,18473,global,0.0
4,1,lr1e-04_bs8_drop0p4_temp2p0_a0p25_b0p05__wd1e-04trmiss0_degmodglobal,8,0.0001,0.0001,0.4,2.0,0.25,0.05,lr1e-04_bs8_drop0p4_temp2p0_a0p25_b0p05__wd1e-04trmiss0_degmodglobal,1,0.7020190443311419,0.6640017330646515,0.6666666666666666,0.782654999321666,0.6428571428571429,0.0,0.6804399745804923,0.6833560807364327,0.047464104635374885,0.13593880725758417,0.0,0.0,0.0,0.0,0.0,18473,global,0.0
4,1,lr1e-04_bs8_drop0p4_temp2p0_a0p25_b0p05__wd1e-04trmiss0_degmodglobal,8,0.0001,0.0001,0.4,2.0,0.25,0.05,lr1e-04_bs8_drop0p4_temp2p0_a0p25_b0p05__wd1e-04trmiss0_degmodglobal,2,0.6751344970294407,0.6587411463260651,0.6888888888888889,0.8145212811879479,0.6428571428571429,0.0,0.6436923912593296,0.6607993841171265,0.036522003688982556,0.10409231164625712,0.0,0.0,0.0,0.0,0.0,18473,global,0.0
4,1,lr1e-04_bs8_drop0p4_temp2p0_a0p25_b0p05__wd1e-04trmiss0_degmodglobal,8,0.0001,0.0001,0.4,2.0,0.25,0.05,lr1e-04_bs8_drop0p4_temp2p0_a0p25_b0p05__wd1e-04trmiss0_degmodglobal,3,0.6287974885531834,0.6593239009380341,0.6222222222222222,0.7963554963554964,0.7142857142857143,0.0,0.633750489779881,0.6096797798361097,0.045879507171256204,0.15295652832303727,0.0,0.0,0.0,0.0,0.0,18473,global,0.0
4,1,lr1e-04_bs8_drop0p4_temp2p0_a0p25_b0p05__wd1e-04trmiss0_degmodglobal,8,0.0001,0.0001,0.4,2.0,0.25,0.05,lr1e-04_bs8_drop0p4_temp2p0_a0p25_b0p05__wd1e-04trmiss0_degmodglobal,4,0.6166320868900844,0.6554833948612213,0.6222222222222222,0.817977392977393,0.6428571428571429,0.0,0.619873012815203,0.6013877476964679,0.04054549735571657,0.10215937133346285,0.0,0.0,0.0,0.0,0.0,18473,global,0.0
4,1,lr1e-04_bs8_drop0p4_temp2p0_a0p25_b0p05__wd1e-04trmiss0_degmodglobal,8,0.0001,0.0001,0.4,2.0,0.25,0.05,lr1e-04_bs8_drop0p4_temp2p0_a0p25_b0p05__wd1e-04trmiss0_degmodglobal,5,0.6095299976212638,0.6593974232673645,0.6444444444444445,0.8278980278980279,0.6428571428571429,0.0,0.604842483997345,0.5958477939878192,0.035893755299704413,0.09417537759457316,0.0,0.0,0.0,0.0,0.0,18473,global,0.0
4,1,lr1e-04_bs8_drop0p4_temp2p0_a0p25_b0p05__wd1e-04trmiss0_degmodglobal,8,0.0001,0.0001,0.4,2.0,0.25,0.05,lr1e-04_bs8_drop0p4_temp2p0_a0p25_b0p05__wd1e-04trmiss0_degmodglobal,6,0.6337788871356419,0.661085307598114,0.6444444444444445,0.8278980278980279,0.6428571428571429,0.0,0.641424127987453,0.61687684910638,0.04310580183352743,0.12251185785446848,0.0,0.0,0.0,0.0,0.0,18473,global,0.0
4,1,lr1e-04_bs8_drop0p4_temp2p0_a0p25_b0p05__wd1e-04trmiss0_degmodglobal,8,0.0001,0.0001,0.4,2.0,0.25,0.05,lr1e-04_bs8_drop0p4_temp2p0_a0p25_b0p05__wd1e-04trmiss0_degmodglobal,7,0.5833623153822762,0.660720020532608,0.6666666666666666,0.8411255411255414,0.6428571428571429,0.0,0.5820375766072955,0.566027820110321,0.04647984808044774,0.11429112085274287,0.0,0.0,0.0,0.0,0.0,18473,global,0.0
4,1,lr1e-04_bs8_drop0p4_temp2p0_a0p25_b0p05__wd1e-04trmiss0_degmodglobal,8,0.0001,0.0001,0.4,2.0,0.25,0.05,lr1e-04_bs8_drop0p4_temp2p0_a0p25_b0p05__wd1e-04trmiss0_degmodglobal,8,0.6181039299283709,0.6602616310119629,0.6666666666666666,0.8411255411255414,0.6428571428571429,0.0,0.5922968302454267,0.5990192294120789,0.047439308038779666,0.14449755900672503,0.0,0.0,0.0,0.0,0.0,18473,global,0.0
4,1,lr1e-04_bs8_drop0p4_temp2p0_a0p25_b0p05__wd1e-04trmiss0_degmodglobal,8,0.0001,0.0001,0.4,2.0,0.25,0.05,lr1e-04_bs8_drop0p4_temp2p0_a0p25_b0p05__wd1e-04trmiss0_degmodglobal,9,0.6102713346481323,0.6602862775325775,0.6222222222222221,0.8143578643578646,0.5714285714285714,0.0,0.5661086780684335,0.5889751357691628,0.053475617830242426,0.1585456281900406,0.0,0.0,0.0,0.0,0.0,18473,global,0.0
4,1,lr1e-04_bs8_drop0p4_temp2p0_a0p25_b0p05__wd1e-04trmiss0_degmodglobal,8,0.0001,0.0001,0.4,2.0,0.25,0.05,lr1e-04_bs8_drop0p4_temp2p0_a0p25_b0p05__wd1e-04trmiss0_degmodglobal,10,0.5804442763328552,0.658429741859436,0.6222222222222221,0.8143578643578646,0.5714285714285714,0.0,0.59402825151171,0.5609291536467416,0.04902530834078789,0.14517582101481302,0.0,0.0,0.0,0.0,0.0,18473,global,0.0
4,1,lr1e-04_bs8_drop0p4_temp2p0_a0p25_b0p05__wd1e-04trmiss0_degmodglobal,8,0.0001,0.0001,0.4,2.0,0.25,0.05,lr1e-04_bs8_drop0p4_temp2p0_a0p25_b0p05__wd1e-04trmiss0_degmodglobal,11,0.6178861686161586,0.6525511741638184,0.6444444444444444,0.818903318903319,0.6428571428571429,0.0,0.5766438926969256,0.5949523874691555,0.0622421322124345,0.14746497651296003,0.0,0.0,0.0,0.0,0.0,18473,global,0.0
4,1,lr1e-04_bs8_drop0p4_temp2p0_a0p25_b0p05__wd1e-04trmiss0_degmodglobal,8,0.0001,0.0001,0.4,2.0,0.25,0.05,lr1e-04_bs8_drop0p4_temp2p0_a0p25_b0p05__wd1e-04trmiss0_degmodglobal,12,0.5849846005439758,0.6516288220882416,0.6444444444444444,0.818903318903319,0.6428571428571429,0.0,0.5709019984517779,0.5685583182743618,0.04440985380538872,0.10647633937852723,0.0,0.0,0.0,0.0,0.0,18473,global,0.0
4,1,lr1e-04_bs8_drop0p4_temp2p0_a0p25_b0p05__wd1e-04trmiss0_degmodglobal,8,0.0001,0.0001,0.4,2.0,0.25,0.05,lr1e-04_bs8_drop0p4_temp2p0_a0p25_b0p05__wd1e-04trmiss0_degmodglobal,13,0.5995251195771354,0.6560024321079254,0.6444444444444444,0.818903318903319,0.6428571428571429,0.0,0.5774186934743609,0.5773290651185172,0.0579685244177069,0.15407869539090566,0.0,0.0,0.0,0.0,0.0,18473,global,0.0
4,1,lr1e-04_bs8_drop0p4_temp2p0_a0p25_b0p05__wd1e-04trmiss0_degmodglobal,8,0.0001,0.0001,0.4,2.0,0.25,0.05,lr1e-04_bs8_drop0p4_temp2p0_a0p25_b0p05__wd1e-04trmiss0_degmodglobal,14,0.5630003682204655,0.6584568619728088,0.6444444444444444,0.818903318903319,0.5,0.0,0.575329567704882,0.5399849031652723,0.058404571775879176,0.16828656728778565,0.0,0.0,0.0,0.0,0.0,18473,global,0.0
4,1,lr1e-04_bs8_drop0p4_temp2p0_a0p25_b0p05__wd1e-04trmiss0_degmodglobal,8,0.0001,0.0001,0.4,2.0,0.25,0.05,lr1e-04_bs8_drop0p4_temp2p0_a0p25_b0p05__wd1e-04trmiss0_degmodglobal,15,0.5414285319192069,0.6612290441989899,0.6444444444444445,0.8278980278980279,0.5714285714285714,0.0,0.54812291264534,0.5157291548592704,0.06487016645925385,0.18963670091969625,0.0,0.0,0.0,0.0,0.0,18473,global,0.0
4,1,lr1e-04_bs8_drop0p4_temp2p0_a0p25_b0p05__wd1e-04trmiss0_degmodglobal,8,0.0001,0.0001,0.4,2.0,0.25,0.05,lr1e-04_bs8_drop0p4_temp2p0_a0p25_b0p05__wd1e-04trmiss0_degmodglobal,16,0.5748910989080157,0.6603213548660278,0.6666666666666666,0.8411255411255414,0.5714285714285714,0.0,0.5551387625081199,0.5582878163882664,0.04630992242268154,0.10051615004028593,0.0,0.0,0.0,0.0,0.0,18473,global,0.0
4,1,lr1e-04_bs8_drop0p4_temp2p0_a0p25_b0p05__wd1e-04trmiss0_degmodglobal,8,0.0001,0.0001,0.4,2.0,0.25,0.05,lr1e-04_bs8_drop0p4_temp2p0_a0p25_b0p05__wd1e-04trmiss0_degmodglobal,17,0.5739706669534955,0.6503666639328003,0.6444444444444445,0.8343915343915347,0.6428571428571429,0.0,0.5695730916091374,0.5468870443957192,0.05996876263192722,0.24182858424527304,0.0,0.0,0.0,0.0,0.0,18473,global,0.0
4,1,lr1e-04_bs8_drop0p4_temp2p0_a0p25_b0p05__wd1e-04trmiss0_degmodglobal,8,0.0001,0.0001,0.4,2.0,0.25,0.05,lr1e-04_bs8_drop0p4_temp2p0_a0p25_b0p05__wd1e-04trmiss0_degmodglobal,18,0.5485850998333522,0.6562334299087524,0.6444444444444445,0.842786842786843,0.5714285714285714,0.0,0.5399300796645028,0.5260483537401471,0.062252020995531766,0.13947467452713422,0.0,0.0,0.0,0.0,0.0,18473,global,0.0
4,1,lr1e-04_bs8_drop0p4_temp2p0_a0p25_b0p05__wd1e-04trmiss0_degmodglobal,8,0.0001,0.0001,0.4,2.0,0.25,0.05,lr1e-04_bs8_drop0p4_temp2p0_a0p25_b0p05__wd1e-04trmiss0_degmodglobal,19,0.5684665271214077,0.6513111293315887,0.6666666666666666,0.84985754985755,0.6428571428571429,0.0,0.5586806535720825,0.5438813396862575,0.06340188160538673,0.17469436675310135,0.0,0.0,0.0,0.0,0.0,18473,global,0.0
4,1,lr1e-04_bs8_drop0p4_temp2p0_a0p25_b0p05__wd1e-04trmiss0_degmodglobal,8,0.0001,0.0001,0.4,2.0,0.25,0.05,lr1e-04_bs8_drop0p4_temp2p0_a0p25_b0p05__wd1e-04trmiss0_degmodglobal,20,0.5567291378974915,0.6501252353191376,0.6888888888888889,0.858499525166192,0.6428571428571429,0.0,0.550621747970581,0.5318749972752163,0.0640527680516243,0.17681919570480073,0.0,0.0,0.0,0.0,0.0,18473,global,0.0
4,1,lr1e-04_bs8_drop0p4_temp2p0_a0p25_b0p05__wd1e-04trmiss0_degmodglobal,8,0.0001,0.0001,0.4,2.0,0.25,0.05,lr1e-04_bs8_drop0p4_temp2p0_a0p25_b0p05__wd1e-04trmiss0_degmodglobal,21,0.5263713470527104,0.651338666677475,0.6888888888888889,0.8651132817799485,0.6428571428571429,0.0,0.5369973523276192,0.5052772547517504,0.054614437477929254,0.1488096538398947,0.0,0.0,0.0,0.0,0.0,18473,global,0.0
4,1,lr1e-04_bs8_drop0p4_temp2p0_a0p25_b0p05__wd1e-04trmiss0_degmodglobal,8,0.0001,0.0001,0.4,2.0,0.25,0.05,lr1e-04_bs8_drop0p4_temp2p0_a0p25_b0p05__wd1e-04trmiss0_degmodglobal,22,0.537928295986993,0.6529338955879211,0.6666666666666666,0.8362773029439698,0.7142857142857143,0.0,0.5296270336423602,0.512678039925439,0.06557894232017654,0.17711065070969717,0.0,0.0,0.0,0.0,0.0,18473,global,0.0
4,1,lr1e-04_bs8_drop0p4_temp2p0_a0p25_b0p05__wd1e-04trmiss0_degmodglobal,8,0.0001,0.0001,0.4,2.0,0.25,0.05,lr1e-04_bs8_drop0p4_temp2p0_a0p25_b0p05__wd1e-04trmiss0_degmodglobal,23,0.5189567123140607,0.6503115296363831,0.6666666666666667,0.8465947632614301,0.6428571428571429,0.0,0.5134892208235604,0.4886809459754399,0.07532790516104017,0.2288758009672165,0.0,0.0,0.0,0.0,0.0,18473,global,0.0
4,1,lr1e-04_bs8_drop0p4_temp2p0_a0p25_b0p05__wd1e-04trmiss0_degmodglobal,8,0.0001,0.0001,0.4,2.0,0.25,0.05,lr1e-04_bs8_drop0p4_temp2p0_a0p25_b0p05__wd1e-04trmiss0_degmodglobal,24,0.5038667959826333,0.6522123515605927,0.6666666666666666,0.8362773029439698,0.7142857142857143,0.0,0.5325177567345756,0.4788677309240614,0.06769056006201676,0.16152826536978995,0.0,0.0,0.0,0.0,0.0,18473,global,0.0
4,1,lr1e-04_bs8_drop0p4_temp2p0_a0p25_b0p05__wd1e-04trmiss0_degmodglobal,8,0.0001,0.0001,0.4,2.0,0.25,0.05,lr1e-04_bs8_drop0p4_temp2p0_a0p25_b0p05__wd1e-04trmiss0_degmodglobal,25,0.5342799765723092,0.6531503796577454,0.6888888888888888,0.8522927689594357,0.7142857142857143,0.0,0.5237919773374285,0.5083181858062744,0.07001709033335958,0.16915039185966765,0.0,0.0,0.0,0.0,0.0,18473,global,0.0
4,1,lr1e-04_bs8_drop0p4_temp2p0_a0p25_b0p05__wd1e-04trmiss0_degmodglobal,8,0.0001,0.0001,0.4,2.0,0.25,0.05,lr1e-04_bs8_drop0p4_temp2p0_a0p25_b0p05__wd1e-04trmiss0_degmodglobal,26,0.5235387640339988,0.6445541977882385,0.711111111111111,0.8708112874779543,0.5714285714285714,0.0,0.5265396577971322,0.49786571519715445,0.072333853159632,0.15179203503898211,0.0,0.0,0.0,0.0,0.0,18473,global,0.0
4,1,lr1e-04_bs8_drop0p4_temp2p0_a0p25_b0p05__wd1e-04trmiss0_degmodglobal,8,0.0001,0.0001,0.4,2.0,0.25,0.05,lr1e-04_bs8_drop0p4_temp2p0_a0p25_b0p05__wd1e-04trmiss0_degmodglobal,27,0.5269119569233486,0.6437747776508331,0.711111111111111,0.8708112874779543,0.6428571428571429,0.0,0.5054152650492532,0.500756174325943,0.0678108302610261,0.18406132981181145,0.0,0.0,0.0,0.0,0.0,18473,global,0.0
4,1,lr1e-04_bs8_drop0p4_temp2p0_a0p25_b0p05__wd1e-04trmiss0_degmodglobal,8,0.0001,0.0001,0.4,2.0,0.25,0.05,lr1e-04_bs8_drop0p4_temp2p0_a0p25_b0p05__wd1e-04trmiss0_degmodglobal,28,0.5065031009060996,0.6463829874992371,0.711111111111111,0.8708112874779543,0.5714285714285714,0.0,0.523607326405389,0.48063886165618896,0.07166777338300433,0.1589459553360939,0.0,0.0,0.0,0.0,0.0,18473,global,0.0
4,1,lr1e-04_bs8_drop0p4_temp2p0_a0p25_b0p05__wd1e-04trmiss0_degmodglobal,8,0.0001,0.0001,0.4,2.0,0.25,0.05,lr1e-04_bs8_drop0p4_temp2p0_a0p25_b0p05__wd1e-04trmiss0_degmodglobal,29,0.5223608996186938,0.6448313593864441,0.6666666666666667,0.8465947632614301,0.5714285714285714,0.0,0.5209320868764605,0.5014795064926147,0.05442497559956142,0.14550314524344035,0.0,0.0,0.0,0.0,0.0,18473,global,0.0
4,1,lr1e-04_bs8_drop0p4_temp2p0_a0p25_b0p05__wd1e-04trmiss0_degmodglobal,8,0.0001,0.0001,0.4,2.0,0.25,0.05,lr1e-04_bs8_drop0p4_temp2p0_a0p25_b0p05__wd1e-04trmiss0_degmodglobal,30,0.5143127569130489,0.6487767398357391,0.6444444444444445,0.8243725410392078,0.6428571428571429,0.0,0.5058342048100063,0.4917458636420114,0.06161250386919294,0.14327519599880492,0.0,0.0,0.0,0.0,0.0,18473,global,0.0
4,1,lr1e-04_bs8_drop0p4_temp2p0_a0p25_b0p05__wd1e-04trmiss0_degmodglobal,8,0.0001,0.0001,0.4,2.0,0.25,0.05,lr1e-04_bs8_drop0p4_temp2p0_a0p25_b0p05__wd1e-04trmiss0_degmodglobal,31,0.5173653534480503,0.6470085680484772,0.6666666666666666,0.8362773029439698,0.6428571428571429,0.0,0.509246221610478,0.49490969095911297,0.06347929313778877,0.13171668776444026,0.0,0.0,0.0,0.0,0.0,18473,global,0.0
4,1,lr1e-04_bs8_drop0p4_temp2p0_a0p25_b0p05__wd1e-04trmiss0_degmodglobal,8,0.0001,0.0001,0.4,2.0,0.25,0.05,lr1e-04_bs8_drop0p4_temp2p0_a0p25_b0p05__wd1e-04trmiss0_degmodglobal,32,0.5457401829106467,0.649069219827652,0.6888888888888889,0.8651132817799485,0.5714285714285714,0.0,0.5243803986481258,0.5281664686543601,0.04386633009250675,0.13214279232280596,0.0,0.0,0.0,0.0,0.0,18473,global,0.0
4,1,lr1e-04_bs8_drop0p4_temp2p0_a0p25_b0p05__wd1e-04trmiss0_degmodglobal,8,0.0001,0.0001,0.4,2.0,0.25,0.05,lr1e-04_bs8_drop0p4_temp2p0_a0p25_b0p05__wd1e-04trmiss0_degmodglobal,33,0.5313606517655509,0.6451873183250427,0.6888888888888888,0.8555555555555556,0.5714285714285714,0.0,0.5255335995129177,0.508792153426579,0.05984976355518613,0.15212089461939676,0.0,0.0,0.0,0.0,0.0,18473,global,0.0
4,1,lr1e-04_bs8_drop0p4_temp2p0_a0p25_b0p05__wd1e-04trmiss0_degmodglobal,8,0.0001,0.0001,0.4,2.0,0.25,0.05,lr1e-04_bs8_drop0p4_temp2p0_a0p25_b0p05__wd1e-04trmiss0_degmodglobal,34,0.48391724484307425,0.6413455009460449,0.7555555555555555,0.898589065255732,0.6428571428571429,0.0,0.5238765478134155,0.4669518215315683,0.04643662353711469,0.10712514684668609,0.0,0.0,0.0,0.0,0.0,18473,global,0.0
4,1,lr1e-04_bs8_drop0p4_temp2p0_a0p25_b0p05__wd1e-04trmiss0_degmodglobal,8,0.0001,0.0001,0.4,2.0,0.25,0.05,lr1e-04_bs8_drop0p4_temp2p0_a0p25_b0p05__wd1e-04trmiss0_degmodglobal,35,0.5498811858040946,0.6401281952857971,0.7999999999999999,0.9232804232804235,0.6428571428571429,0.0,0.5275475340230125,0.519384184053966,0.08010007121733256,0.2094397848205907,0.0,0.0,0.0,0.0,0.0,18473,global,0.0
4,1,lr1e-04_bs8_drop0p4_temp2p0_a0p25_b0p05__wd1e-04trmiss0_degmodglobal,8,0.0001,0.0001,0.4,2.0,0.25,0.05,lr1e-04_bs8_drop0p4_temp2p0_a0p25_b0p05__wd1e-04trmiss0_degmodglobal,36,0.5324796906539372,0.6436096131801605,0.711111111111111,0.8740740740740742,0.5714285714285714,0.0,0.5208399168082646,0.5062638563769204,0.0720516217074224,0.16405865816133364,0.0,0.0,0.0,0.0,0.0,18473,global,0.0
4,1,lr1e-04_bs8_drop0p4_temp2p0_a0p25_b0p05__wd1e-04trmiss0_degmodglobal,8,0.0001,0.0001,0.4,2.0,0.25,0.05,lr1e-04_bs8_drop0p4_temp2p0_a0p25_b0p05__wd1e-04trmiss0_degmodglobal,37,0.5187150708266667,0.6416646242141724,0.6888888888888889,0.858499525166192,0.5714285714285714,0.0,0.5228126645088196,0.4957731621606009,0.05787711909839085,0.1694524809718132,0.0,0.0,0.0,0.0,0.0,18473,global,0.0
4,1,lr1e-04_bs8_drop0p4_temp2p0_a0p25_b0p05__wd1e-04trmiss0_degmodglobal,8,0.0001,0.0001,0.4,2.0,0.25,0.05,lr1e-04_bs8_drop0p4_temp2p0_a0p25_b0p05__wd1e-04trmiss0_degmodglobal,38,0.5421614817210606,0.6292027235031128,0.7555555555555555,0.898589065255732,0.5714285714285714,0.0,0.5255826413631439,0.5245456354958671,0.050472864348973544,0.09995287284255028,0.0,0.0,0.0,0.0,0.0,18473,global,0.0
4,1,lr1e-04_bs8_drop0p4_temp2p0_a0p25_b0p05__wd1e-04trmiss0_degmodglobal,8,0.0001,0.0001,0.4,2.0,0.25,0.05,lr1e-04_bs8_drop0p4_temp2p0_a0p25_b0p05__wd1e-04trmiss0_degmodglobal,39,0.5006275687898908,0.62337726354599,0.7555555555555556,0.8935185185185186,0.5714285714285714,0.0,0.48781867963927134,0.48281470366886686,0.050575228674071174,0.10338117554783821,0.0,0.0,0.0,0.0,0.0,18473,global,0.0
4,1,lr1e-04_bs8_drop0p4_temp2p0_a0p25_b0p05__wd1e-04trmiss0_degmodglobal,8,0.0001,0.0001,0.4,2.0,0.25,0.05,lr1e-04_bs8_drop0p4_temp2p0_a0p25_b0p05__wd1e-04trmiss0_degmodglobal,40,0.5013889670372009,0.6321869194507599,0.6666666666666666,0.8390652557319225,0.5714285714285714,0.0,0.47728988102504183,0.4802679249218532,0.05895010993949005,0.1276703609951905,0.0,0.0,0.0,0.0,0.0,18473,global,0.0
4,1,lr1e-04_bs8_drop0p4_temp2p0_a0p25_b0p05__wd1e-04trmiss0_degmodglobal,8,0.0001,0.0001,0.4,2.0,0.25,0.05,lr1e-04_bs8_drop0p4_temp2p0_a0p25_b0p05__wd1e-04trmiss0_degmodglobal,41,0.5149139038154057,0.63309046626091,0.7111111111111111,0.8770180436847106,0.6428571428571429,0.0,0.4993463839803423,0.4900528873716082,0.06910791833485876,0.15168056530611856,0.0,0.0,0.0,0.0,0.0,18473,global,0.0
4,1,lr1e-04_bs8_drop0p4_temp2p0_a0p25_b0p05__wd1e-04trmiss0_degmodglobal,8,0.0001,0.0001,0.4,2.0,0.25,0.05,lr1e-04_bs8_drop0p4_temp2p0_a0p25_b0p05__wd1e-04trmiss0_degmodglobal,42,0.49241967712129864,0.6420640051364899,0.6666666666666666,0.84985754985755,0.6428571428571429,0.0,0.47371603761400494,0.4694963140147073,0.05517118025038924,0.18261133985860006,0.0,0.0,0.0,0.0,0.0,18473,global,0.0
4,1,lr1e-04_bs8_drop0p4_temp2p0_a0p25_b0p05__wd1e-04trmiss0_degmodglobal,8,0.0001,0.0001,0.4,2.0,0.25,0.05,lr1e-04_bs8_drop0p4_temp2p0_a0p25_b0p05__wd1e-04trmiss0_degmodglobal,43,0.4793134927749634,0.6335429549217224,0.6888888888888889,0.858499525166192,0.6428571428571429,0.0,0.4797710520880563,0.45489188602992464,0.0707586444914341,0.1346390907253538,0.0,0.0,0.0,0.0,0.0,18473,global,0.0
4,1,lr1e-04_bs8_drop0p4_temp2p0_a0p25_b0p05__wd1e-04trmiss0_degmodglobal,8,0.0001,0.0001,0.4,2.0,0.25,0.05,lr1e-04_bs8_drop0p4_temp2p0_a0p25_b0p05__wd1e-04trmiss0_degmodglobal,44,0.48774702634130207,0.6355301141738892,0.7111111111111111,0.8770180436847106,0.5714285714285714,0.0,0.49012269718306406,0.4601461717060634,0.07691647857427597,0.16743476688861847,0.0,0.0,0.0,0.0,0.0,18473,global,0.0
4,1,lr1e-04_bs8_drop0p4_temp2p0_a0p25_b0p05__wd1e-04trmiss0_degmodglobal,8,0.0001,0.0001,0.4,2.0,0.25,0.05,lr1e-04_bs8_drop0p4_temp2p0_a0p25_b0p05__wd1e-04trmiss0_degmodglobal,45,0.46916805846350534,0.6379036605358124,0.6888888888888889,0.8651132817799485,0.5714285714285714,0.0,0.490434821162905,0.44954168796539307,0.05132033409816878,0.13592579215765,0.0,0.0,0.0,0.0,0.0,18473,global,0.0
4,1,lr1e-04_bs8_drop0p4_temp2p0_a0p25_b0p05__wd1e-04trmiss0_degmodglobal,8,0.0001,0.0001,0.4,2.0,0.25,0.05,lr1e-04_bs8_drop0p4_temp2p0_a0p25_b0p05__wd1e-04trmiss0_degmodglobal,46,0.4859413036278316,0.633454293012619,0.7111111111111111,0.8770180436847106,0.6428571428571429,0.0,0.48723197834832327,0.46161791682243347,0.06351366905229432,0.16889924662453787,0.0,0.0,0.0,0.0,0.0,18473,global,0.0
4,1,lr1e-04_bs8_drop0p4_temp2p0_a0p25_b0p05__wd1e-04trmiss0_degmodglobal,8,0.0001,0.0001,0.4,2.0,0.25,0.05,lr1e-04_bs8_drop0p4_temp2p0_a0p25_b0p05__wd1e-04trmiss0_degmodglobal,47,0.4665309190750122,0.6330972909927368,0.7111111111111111,0.8770180436847106,0.6428571428571429,0.0,0.48154252767562866,0.4446406364440918,0.05807608844978469,0.1474251566188676,0.0,0.0,0.0,0.0,0.0,18473,global,0.0
4,1,lr1e-04_bs8_drop0p4_temp2p0_a0p25_b0p05__wd1e-04trmiss0_degmodglobal,8,0.0001,0.0001,0.4,2.0,0.25,0.05,lr1e-04_bs8_drop0p4_temp2p0_a0p25_b0p05__wd1e-04trmiss0_degmodglobal,48,0.49365649053028654,0.6278398633003235,0.7333333333333333,0.8827160493827162,0.6428571428571429,0.0,0.48375377484730314,0.45197135635784697,0.10927904876215118,0.28730754660708563,0.0,0.0,0.0,0.0,0.0,18473,global,0.0
4,1,lr1e-04_bs8_drop0p4_temp2p0_a0p25_b0p05__wd1e-04trmiss0_degmodglobal,8,0.0001,0.0001,0.4,2.0,0.25,0.05,lr1e-04_bs8_drop0p4_temp2p0_a0p25_b0p05__wd1e-04trmiss0_degmodglobal,49,0.49148307953562054,0.6273471713066101,0.7555555555555555,0.898589065255732,0.6428571428571429,0.0,0.4869553106171744,0.4672156146594456,0.061159824154206684,0.17955004104546138,0.0,0.0,0.0,0.0,0.0,18473,global,0.0
4,1,lr1e-04_bs8_drop0p4_temp2p0_a0p25_b0p05__wd1e-04trmiss0_degmodglobal,8,0.0001,0.0001,0.4,2.0,0.25,0.05,lr1e-04_bs8_drop0p4_temp2p0_a0p25_b0p05__wd1e-04trmiss0_degmodglobal,50,0.45441243052482605,0.630407989025116,0.7333333333333334,0.8928910595577264,0.6428571428571429,0.0,0.4904578753880092,0.4288449798311506,0.05805793564234461,0.2210593968629837,0.0,0.0,0.0,0.0,0.0,18473,global,0.0
4,1,lr1e-04_bs8_drop0p4_temp2p0_a0p25_b0p05__wd1e-04trmiss0_degmodglobal,8,0.0001,0.0001,0.4,2.0,0.25,0.05,lr1e-04_bs8_drop0p4_temp2p0_a0p25_b0p05__wd1e-04trmiss0_degmodglobal,51,0.5020433792046138,0.6256027817726135,0.7333333333333334,0.8928910595577264,0.6428571428571429,0.0,0.5199086964130402,0.47806661469595774,0.062448007719857354,0.16729522390025003,0.0,0.0,0.0,0.0,0.0,18473,global,0.0
4,1,lr1e-04_bs8_drop0p4_temp2p0_a0p25_b0p05__wd1e-04trmiss0_degmodglobal,8,0.0001,0.0001,0.4,2.0,0.25,0.05,lr1e-04_bs8_drop0p4_temp2p0_a0p25_b0p05__wd1e-04trmiss0_degmodglobal,52,0.4851934569222586,0.6241270005702972,0.7555555555555555,0.9036935286935288,0.6428571428571429,0.0,0.49298744968005587,0.4636417712484087,0.05613467948777335,0.1503602617553302,0.0,0.0,0.0,0.0,0.0,18473,global,0.0
4,1,lr1e-04_bs8_drop0p4_temp2p0_a0p25_b0p05__wd1e-04trmiss0_degmodglobal,8,0.0001,0.0001,0.4,2.0,0.25,0.05,lr1e-04_bs8_drop0p4_temp2p0_a0p25_b0p05__wd1e-04trmiss0_degmodglobal,53,0.5009500426905495,0.6246797740459442,0.7555555555555555,0.9036935286935288,0.6428571428571429,0.0,0.5095695129462651,0.4736222965376718,0.06825278539742742,0.2052909125174795,0.0,0.0,0.0,0.0,0.0,18473,global,0.0
4,1,lr1e-04_bs8_drop0p4_temp2p0_a0p25_b0p05__wd1e-04trmiss0_degmodglobal,8,0.0001,0.0001,0.4,2.0,0.25,0.05,lr1e-04_bs8_drop0p4_temp2p0_a0p25_b0p05__wd1e-04trmiss0_degmodglobal,54,0.46649216754095896,0.629825234413147,0.7333333333333334,0.8928910595577264,0.6428571428571429,0.0,0.48448089190891813,0.4400470384529659,0.07228763507945198,0.16746446596724646,0.0,0.0,0.0,0.0,0.0,18473,global,0.0
4,1,lr1e-04_bs8_drop0p4_temp2p0_a0p25_b0p05__wd1e-04trmiss0_degmodglobal,8,0.0001,0.0001,0.4,2.0,0.25,0.05,lr1e-04_bs8_drop0p4_temp2p0_a0p25_b0p05__wd1e-04trmiss0_degmodglobal,55,0.4914601147174835,0.6328293085098267,0.7333333333333334,0.8928910595577264,0.6428571428571429,0.0,0.5139803971563067,0.46706581115722656,0.06592404416629247,0.15826603610600745,0.0,0.0,0.0,0.0,0.0,18473,global,0.0
4,1,lr5e-05_bs8_drop0p2_temp1p0_a0p25_b0p05__wd1e-04trmiss0_degmodglobal,8,5e-05,0.0001,0.2,1.0,0.25,0.05,lr5e-05_bs8_drop0p2_temp1p0_a0p25_b0p05__wd1e-04trmiss0_degmodglobal,1,0.8387227569307599,0.7243146598339081,0.7555555555555555,0.8436387686387687,0.35714285714285715,0.0,0.6484286614826748,0.7861032485961914,0.10024162701198033,0.5511819507394519,0.0,0.0,0.0,0.0,0.0,18473,global,0.0
4,1,lr5e-05_bs8_drop0p2_temp1p0_a0p25_b0p05__wd1e-04trmiss0_degmodglobal,8,5e-05,0.0001,0.2,1.0,0.25,0.05,lr5e-05_bs8_drop0p2_temp1p0_a0p25_b0p05__wd1e-04trmiss0_degmodglobal,2,0.8441682457923889,0.729384034872055,0.7777777777777777,0.8517195767195769,0.35714285714285715,0.0,0.6581452063151768,0.7940797805786133,0.09755702636071614,0.5139842416558947,0.0,0.0,0.0,0.0,0.0,18473,global,0.0
4,1,lr5e-05_bs8_drop0p2_temp1p0_a0p25_b0p05__wd1e-04trmiss0_degmodglobal,8,5e-05,0.0001,0.2,1.0,0.25,0.05,lr5e-05_bs8_drop0p2_temp1p0_a0p25_b0p05__wd1e-04trmiss0_degmodglobal,3,0.8095140286854335,0.7327648997306824,0.7777777777777777,0.8730870980870982,0.35714285714285715,0.0,0.6128776669502258,0.752200858933585,0.10749754309654236,0.6087754198483059,0.0,0.0,0.0,0.0,0.0,18473,global,0.0
4,1,lr5e-05_bs8_drop0p2_temp1p0_a0p25_b0p05__wd1e-04trmiss0_degmodglobal,8,5e-05,0.0001,0.2,1.0,0.25,0.05,lr5e-05_bs8_drop0p2_temp1p0_a0p25_b0p05__wd1e-04trmiss0_degmodglobal,4,0.7731898767607552,0.7344466745853424,0.7555555555555555,0.8567901234567903,0.42857142857142855,0.0,0.6203024727957589,0.7182028208460126,0.10763177914278847,0.561582054410662,0.0,0.0,0.0,0.0,0.0,18473,global,0.0
4,1,lr5e-05_bs8_drop0p2_temp1p0_a0p25_b0p05__wd1e-04trmiss0_degmodglobal,8,5e-05,0.0001,0.2,1.0,0.25,0.05,lr5e-05_bs8_drop0p2_temp1p0_a0p25_b0p05__wd1e-04trmiss0_degmodglobal,5,0.754119907106672,0.7345576286315918,0.7333333333333334,0.8577040243706913,0.35714285714285715,0.0,0.5926524230412075,0.7033171398299081,0.09974283512149539,0.5173410219805581,0.0,0.0,0.0,0.0,0.0,18473,global,0.0
4,1,lr5e-05_bs8_drop0p2_temp1p0_a0p25_b0p05__wd1e-04trmiss0_degmodglobal,8,5e-05,0.0001,0.2,1.0,0.25,0.05,lr5e-05_bs8_drop0p2_temp1p0_a0p25_b0p05__wd1e-04trmiss0_degmodglobal,6,0.7496542845453534,0.7362958788871765,0.7111111111111111,0.8512937679604347,0.42857142857142855,0.0,0.5836950966290065,0.7016287190573556,0.09615578608853477,0.4797324410506657,0.0,0.0,0.0,0.0,0.0,18473,global,0.0
4,1,lr5e-05_bs8_drop0p2_temp1p0_a0p25_b0p05__wd1e-04trmiss0_degmodglobal,8,5e-05,0.0001,0.2,1.0,0.25,0.05,lr5e-05_bs8_drop0p2_temp1p0_a0p25_b0p05__wd1e-04trmiss0_degmodglobal,7,0.7512640527316502,0.7323680818080902,0.7777777777777778,0.8845068511735181,0.42857142857142855,0.0,0.5769662346158709,0.7001367296491351,0.10553319858653205,0.49488059537751333,0.0,0.0,0.0,0.0,0.0,18473,global,0.0
4,1,lr5e-05_bs8_drop0p2_temp1p0_a0p25_b0p05__wd1e-04trmiss0_degmodglobal,8,5e-05,0.0001,0.2,1.0,0.25,0.05,lr5e-05_bs8_drop0p2_temp1p0_a0p25_b0p05__wd1e-04trmiss0_degmodglobal,8,0.7222820350102016,0.7287809252738953,0.7555555555555555,0.8726020892687563,0.42857142857142855,0.0,0.5783149089132037,0.67253406558718,0.09930438974073955,0.49843725136348177,0.0,0.0,0.0,0.0,0.0,18473,global,0.0
4,1,lr5e-05_bs8_drop0p2_temp1p0_a0p25_b0p05__wd1e-04trmiss0_degmodglobal,8,5e-05,0.0001,0.2,1.0,0.25,0.05,lr5e-05_bs8_drop0p2_temp1p0_a0p25_b0p05__wd1e-04trmiss0_degmodglobal,9,0.7081315517425537,0.7262462377548218,0.7555555555555555,0.87642604309271,0.42857142857142855,0.0,0.5532135324818748,0.6506870559283665,0.1155862393123763,0.5709587974207742,0.0,0.0,0.0,0.0,0.0,18473,global,0.0
4,1,lr5e-05_bs8_drop0p2_temp1p0_a0p25_b0p05__wd1e-04trmiss0_degmodglobal,8,5e-05,0.0001,0.2,1.0,0.25,0.05,lr5e-05_bs8_drop0p2_temp1p0_a0p25_b0p05__wd1e-04trmiss0_degmodglobal,10,0.7019938656261989,0.7157433927059174,0.7333333333333333,0.8542038208704876,0.5,0.0,0.5817778536251613,0.6522536022322518,0.10577551381928581,0.4659276987825121,0.0,0.0,0.0,0.0,0.0,18473,global,0.0
4,1,lr5e-05_bs8_drop0p2_temp1p0_a0p25_b0p05__wd1e-04trmiss0_degmodglobal,8,5e-05,0.0001,0.2,1.0,0.25,0.05,lr5e-05_bs8_drop0p2_temp1p0_a0p25_b0p05__wd1e-04trmiss0_degmodglobal,11,0.7146700705800738,0.7172306776046753,0.7333333333333333,0.851972101972102,0.5,0.0,0.5787162014416286,0.6596538935388837,0.10492142502750669,0.5757162911551339,0.0,0.0,0.0,0.0,0.0,18473,global,0.0
4,1,lr5e-05_bs8_drop0p2_temp1p0_a0p25_b0p05__wd1e-04trmiss0_degmodglobal,8,5e-05,0.0001,0.2,1.0,0.25,0.05,lr5e-05_bs8_drop0p2_temp1p0_a0p25_b0p05__wd1e-04trmiss0_degmodglobal,12,0.7405127882957458,0.7148594558238983,0.7555555555555555,0.860614077280744,0.5,0.0,0.5970408064978463,0.6861510532242912,0.10407499969005585,0.5668599264962333,0.0,0.0,0.0,0.0,0.0,18473,global,0.0
4,1,lr5e-05_bs8_drop0p2_temp1p0_a0p25_b0p05__wd1e-04trmiss0_degmodglobal,8,5e-05,0.0001,0.2,1.0,0.25,0.05,lr5e-05_bs8_drop0p2_temp1p0_a0p25_b0p05__wd1e-04trmiss0_degmodglobal,13,0.6919409377234322,0.7172126471996307,0.711111111111111,0.8474698141364809,0.5,0.0,0.5494335974965777,0.6375514439174107,0.11234138586691447,0.5260829116616931,0.0,0.0,0.0,0.0,0.0,18473,global,0.0
4,1,lr5e-05_bs8_drop0p2_temp1p0_a0p25_b0p05__wd1e-04trmiss0_degmodglobal,8,5e-05,0.0001,0.2,1.0,0.25,0.05,lr5e-05_bs8_drop0p2_temp1p0_a0p25_b0p05__wd1e-04trmiss0_degmodglobal,14,0.6886576414108276,0.7163170278072357,0.7333333333333333,0.8795685795685797,0.5,0.0,0.5610496657235282,0.6354226384844098,0.10890915989875793,0.52015420794487,0.0,0.0,0.0,0.0,0.0,18473,global,0.0
4,1,lr5e-05_bs8_drop0p2_temp1p0_a0p25_b0p05__wd1e-04trmiss0_degmodglobal,8,5e-05,0.0001,0.2,1.0,0.25,0.05,lr5e-05_bs8_drop0p2_temp1p0_a0p25_b0p05__wd1e-04trmiss0_degmodglobal,15,0.6891489624977112,0.7166158556938171,0.7333333333333333,0.867784067784068,0.5,0.0,0.5404265437807355,0.6398064494132996,0.09530093840190343,0.5103454078946795,0.0,0.0,0.0,0.0,0.0,18473,global,0.0
4,1,lr5e-05_bs8_drop0p2_temp1p0_a0p25_b0p05__wd1e-04trmiss0_degmodglobal,8,5e-05,0.0001,0.2,1.0,0.25,0.05,lr5e-05_bs8_drop0p2_temp1p0_a0p25_b0p05__wd1e-04trmiss0_degmodglobal,16,0.6656956417219979,0.7044145464897156,0.7555555555555555,0.8863025863025864,0.5,0.0,0.552511956010546,0.6216646262577602,0.09443380045039314,0.4084512080465044,0.0,0.0,0.0,0.0,0.0,18473,global,0.0
4,1,lr5e-05_bs8_drop0p2_temp1p0_a0p25_b0p05__wd1e-04trmiss0_degmodglobal,8,5e-05,0.0001,0.2,1.0,0.25,0.05,lr5e-05_bs8_drop0p2_temp1p0_a0p25_b0p05__wd1e-04trmiss0_degmodglobal,17,0.7013081227030072,0.7023726999759674,0.7333333333333333,0.8795685795685797,0.5,0.0,0.5508901391710553,0.6541928052902222,0.09377917328051158,0.4734108362879072,0.0,0.0,0.0,0.0,0.0,18473,global,0.0
4,1,lr5e-05_bs8_drop0p2_temp1p0_a0p25_b0p05__wd1e-04trmiss0_degmodglobal,8,5e-05,0.0001,0.2,1.0,0.25,0.05,lr5e-05_bs8_drop0p2_temp1p0_a0p25_b0p05__wd1e-04trmiss0_degmodglobal,18,0.6724864329610553,0.703145444393158,0.711111111111111,0.8610500610500613,0.5,0.0,0.5339487748486655,0.6224335261753627,0.10374209178345543,0.4823478715760367,0.0,0.0,0.0,0.0,0.0,18473,global,0.0
4,1,lr5e-05_bs8_drop0p2_temp1p0_a0p25_b0p05__wd1e-04trmiss0_degmodglobal,8,5e-05,0.0001,0.2,1.0,0.25,0.05,lr5e-05_bs8_drop0p2_temp1p0_a0p25_b0p05__wd1e-04trmiss0_degmodglobal,19,0.6804088268961225,0.7055899798870087,0.7333333333333333,0.8795685795685797,0.5,0.0,0.5237336073602948,0.6285028968538556,0.10621750780514308,0.5070312448910305,0.0,0.0,0.0,0.0,0.0,18473,global,0.0
4,1,lr5e-05_bs8_drop0p2_temp1p0_a0p25_b0p05__wd1e-04trmiss0_degmodglobal,8,5e-05,0.0001,0.2,1.0,0.25,0.05,lr5e-05_bs8_drop0p2_temp1p0_a0p25_b0p05__wd1e-04trmiss0_degmodglobal,20,0.6510028498513358,0.7054220736026764,0.7333333333333333,0.8795685795685797,0.5,0.0,0.5291364959308079,0.604551340852465,0.0965422945363181,0.4463187200682504,0.0,0.0,0.0,0.0,0.0,18473,global,0.0
4,1,lr5e-05_bs8_drop0p2_temp1p0_a0p25_b0p05__wd1e-04trmiss0_degmodglobal,8,5e-05,0.0001,0.2,1.0,0.25,0.05,lr5e-05_bs8_drop0p2_temp1p0_a0p25_b0p05__wd1e-04trmiss0_degmodglobal,21,0.6697150724274772,0.7060833275318146,0.7333333333333333,0.8795685795685797,0.5,0.0,0.5328705481120518,0.6132806880133492,0.12178352581603187,0.5197701496737344,0.0,0.0,0.0,0.0,0.0,18473,global,0.0
4,1,lr5e-05_bs8_drop0p2_temp1p0_a0p25_b0p05__wd1e-04trmiss0_degmodglobal,8,5e-05,0.0001,0.2,1.0,0.25,0.05,lr5e-05_bs8_drop0p2_temp1p0_a0p25_b0p05__wd1e-04trmiss0_degmodglobal,22,0.6871129955564227,0.7115952968597412,0.7333333333333333,0.8795685795685797,0.5,0.0,0.570592999458313,0.6408003994396755,0.09201344634805407,0.46618451390947613,0.0,0.0,0.0,0.0,0.0,18473,global,0.0
4,1,lr5e-05_bs8_drop0p2_temp1p0_a0p25_b0p05__wd1e-04trmiss0_degmodglobal,8,5e-05,0.0001,0.2,1.0,0.25,0.05,lr5e-05_bs8_drop0p2_temp1p0_a0p25_b0p05__wd1e-04trmiss0_degmodglobal,23,0.6306951642036438,0.7134456038475037,0.6888888888888889,0.8539793539793541,0.5,0.0,0.543452867439815,0.5858845114707947,0.09591783317072052,0.4166239244597299,0.0,0.0,0.0,0.0,0.0,18473,global,0.0
4,1,lr5e-05_bs8_drop0p2_temp1p0_a0p25_b0p05__wd1e-04trmiss0_degmodglobal,8,5e-05,0.0001,0.2,1.0,0.25,0.05,lr5e-05_bs8_drop0p2_temp1p0_a0p25_b0p05__wd1e-04trmiss0_degmodglobal,24,0.6470970426286969,0.7112903296947479,0.711111111111111,0.8610500610500613,0.5,0.0,0.5184752643108368,0.5901873367173331,0.12206328128065382,0.5278774670192173,0.0,0.0,0.0,0.0,0.0,18473,global,0.0
4,1,lr5e-05_bs8_drop0p2_temp1p0_a0p25_b0p05__wd1e-04trmiss0_degmodglobal,8,5e-05,0.0001,0.2,1.0,0.25,0.05,lr5e-05_bs8_drop0p2_temp1p0_a0p25_b0p05__wd1e-04trmiss0_degmodglobal,25,0.6557690756661552,0.707038938999176,0.711111111111111,0.8610500610500613,0.5714285714285714,0.0,0.5267683693340847,0.602789044380188,0.10736395312207085,0.522780967610223,0.0,0.0,0.0,0.0,0.0,18473,global,0.0
4,1,lr5e-05_bs8_drop0p2_temp1p0_a0p25_b0p05__wd1e-04trmiss0_degmodglobal,8,5e-05,0.0001,0.2,1.0,0.25,0.05,lr5e-05_bs8_drop0p2_temp1p0_a0p25_b0p05__wd1e-04trmiss0_degmodglobal,26,0.680967560836247,0.7055169939994812,0.7555555555555555,0.8882105548772217,0.5714285714285714,0.0,0.5318059027194977,0.6253550478390285,0.11740955923284803,0.525202636207853,0.0,0.0,0.0,0.0,0.0,18473,global,0.0
4,1,lr5e-05_bs8_drop0p2_temp1p0_a0p25_b0p05__wd1e-04trmiss0_degmodglobal,8,5e-05,0.0001,0.2,1.0,0.25,0.05,lr5e-05_bs8_drop0p2_temp1p0_a0p25_b0p05__wd1e-04trmiss0_degmodglobal,27,0.6541810291154044,0.7012434601783752,0.7333333333333333,0.8696920363587033,0.5714285714285714,0.0,0.5244702909673963,0.6032553570611137,0.11465044958250863,0.44526115911347525,0.0,0.0,0.0,0.0,0.0,18473,global,0.0
4,1,lr5e-05_bs8_drop0p2_temp2p0_a0p25_b0p05__wd1e-04trmiss0_degmodglobal,8,5e-05,0.0001,0.2,2.0,0.25,0.05,lr5e-05_bs8_drop0p2_temp2p0_a0p25_b0p05__wd1e-04trmiss0_degmodglobal,1,0.7419160774775914,0.6884779930114746,0.6222222222222222,0.8044363044363045,0.5714285714285714,0.0,0.7056718638965062,0.7281232220785958,0.031737509848816056,0.1171695004616465,0.0,0.0,0.0,0.0,0.0,18473,global,0.0
4,1,lr5e-05_bs8_drop0p2_temp2p0_a0p25_b0p05__wd1e-04trmiss0_degmodglobal,8,5e-05,0.0001,0.2,2.0,0.25,0.05,lr5e-05_bs8_drop0p2_temp2p0_a0p25_b0p05__wd1e-04trmiss0_degmodglobal,2,0.6914536186626979,0.6957122385501862,0.6222222222222222,0.8167378917378918,0.5714285714285714,0.0,0.6803196242877415,0.6810424498149327,0.025523696360843524,0.08060492069593497,0.0,0.0,0.0,0.0,0.0,18473,global,0.0
4,1,lr5e-05_bs8_drop0p2_temp2p0_a0p25_b0p05__wd1e-04trmiss0_degmodglobal,8,5e-05,0.0001,0.2,2.0,0.25,0.05,lr5e-05_bs8_drop0p2_temp2p0_a0p25_b0p05__wd1e-04trmiss0_degmodglobal,3,0.7136403833116803,0.6905513107776642,0.7111111111111111,0.8651385651385652,0.5714285714285714,0.0,0.6686877608299255,0.6993015578814915,0.03750753988112722,0.09923874320728439,0.0,0.0,0.0,0.0,0.0,18473,global,0.0
4,1,lr5e-05_bs8_drop0p2_temp2p0_a0p25_b0p05__wd1e-04trmiss0_degmodglobal,8,5e-05,0.0001,0.2,2.0,0.25,0.05,lr5e-05_bs8_drop0p2_temp2p0_a0p25_b0p05__wd1e-04trmiss0_degmodglobal,4,0.6707544497081211,0.6861437261104584,0.6888888888888889,0.8584045584045585,0.6428571428571429,0.0,0.6419580153056553,0.6574988450322833,0.035129976857985766,0.08946203520255429,0.0,0.0,0.0,0.0,0.0,18473,global,0.0
4,1,lr5e-05_bs8_drop0p2_temp2p0_a0p25_b0p05__wd1e-04trmiss0_degmodglobal,8,5e-05,0.0001,0.2,2.0,0.25,0.05,lr5e-05_bs8_drop0p2_temp2p0_a0p25_b0p05__wd1e-04trmiss0_degmodglobal,5,0.6430839385305133,0.6827107667922974,0.6666666666666667,0.8398860398860402,0.6428571428571429,0.0,0.647342153957912,0.6307623216084072,0.03165853249707392,0.08813958189317159,0.0,0.0,0.0,0.0,0.0,18473,global,0.0
4,1,lr5e-05_bs8_drop0p2_temp2p0_a0p25_b0p05__wd1e-04trmiss0_degmodglobal,8,5e-05,0.0001,0.2,2.0,0.25,0.05,lr5e-05_bs8_drop0p2_temp2p0_a0p25_b0p05__wd1e-04trmiss0_degmodglobal,6,0.6423965522221157,0.6853337585926056,0.6666666666666667,0.8398860398860402,0.6428571428571429,0.0,0.6253253221511841,0.6288325275693621,0.03906177037528583,0.07597158423491887,0.0,0.0,0.0,0.0,0.0,18473,global,0.0
4,1,lr5e-05_bs8_drop0p2_temp2p0_a0p25_b0p05__wd1e-04trmiss0_degmodglobal,8,5e-05,0.0001,0.2,2.0,0.25,0.05,lr5e-05_bs8_drop0p2_temp2p0_a0p25_b0p05__wd1e-04trmiss0_degmodglobal,7,0.6359356897217887,0.6835117936134338,0.6444444444444445,0.8343915343915347,0.5714285714285714,0.0,0.6232246586254665,0.6252186298370361,0.029883374593087604,0.06492447906306811,0.0,0.0,0.0,0.0,0.0,18473,global,0.0
4,1,lr5e-05_bs8_drop0p2_temp2p0_a0p25_b0p05__wd1e-04trmiss0_degmodglobal,8,5e-05,0.0001,0.2,2.0,0.25,0.05,lr5e-05_bs8_drop0p2_temp2p0_a0p25_b0p05__wd1e-04trmiss0_degmodglobal,8,0.6181764858109611,0.6765592694282532,0.6444444444444445,0.8343915343915347,0.6428571428571429,0.0,0.596272851739611,0.6063983184950692,0.03202709662062781,0.07542775624564715,0.0,0.0,0.0,0.0,0.0,18473,global,0.0
4,1,lr5e-05_bs8_drop0p2_temp2p0_a0p25_b0p05__wd1e-04trmiss0_degmodglobal,8,5e-05,0.0001,0.2,2.0,0.25,0.05,lr5e-05_bs8_drop0p2_temp2p0_a0p25_b0p05__wd1e-04trmiss0_degmodglobal,9,0.6495009405272347,0.6752690076828003,0.7111111111111111,0.8651385651385652,0.6428571428571429,0.0,0.6013203348432269,0.634016752243042,0.040559666231274605,0.10688537465674537,0.0,0.0,0.0,0.0,0.0,18473,global,0.0
4,1,lr5e-05_bs8_drop0p2_temp2p0_a0p25_b0p05__wd1e-04trmiss0_degmodglobal,8,5e-05,0.0001,0.2,2.0,0.25,0.05,lr5e-05_bs8_drop0p2_temp2p0_a0p25_b0p05__wd1e-04trmiss0_degmodglobal,10,0.6334697093282428,0.6716678440570831,0.7111111111111111,0.8651385651385652,0.6428571428571429,0.0,0.6015540957450867,0.6209691933223179,0.03516609461179802,0.07417977548071317,0.0,0.0,0.0,0.0,0.0,18473,global,0.0
4,1,lr5e-05_bs8_drop0p2_temp2p0_a0p25_b0p05__wd1e-04trmiss0_degmodglobal,8,5e-05,0.0001,0.2,2.0,0.25,0.05,lr5e-05_bs8_drop0p2_temp2p0_a0p25_b0p05__wd1e-04trmiss0_degmodglobal,11,0.6222426210130964,0.6709713637828827,0.7111111111111111,0.8651385651385652,0.6428571428571429,0.0,0.5703921403203692,0.6078540001596723,0.042142542877367566,0.077059625514916,0.0,0.0,0.0,0.0,0.0,18473,global,0.0
4,1,lr5e-05_bs8_drop0p2_temp2p0_a0p25_b0p05__wd1e-04trmiss0_degmodglobal,8,5e-05,0.0001,0.2,2.0,0.25,0.05,lr5e-05_bs8_drop0p2_temp2p0_a0p25_b0p05__wd1e-04trmiss0_degmodglobal,12,0.626487502029964,0.6748192310333252,0.6888888888888889,0.8466200466200469,0.6428571428571429,0.0,0.5862404789243426,0.6150104914392743,0.02996347445462431,0.0797228424676827,0.0,0.0,0.0,0.0,0.0,18473,global,0.0
4,1,lr5e-05_bs8_drop0p2_temp2p0_a0p25_b0p05__wd1e-04trmiss0_degmodglobal,8,5e-05,0.0001,0.2,2.0,0.25,0.05,lr5e-05_bs8_drop0p2_temp2p0_a0p25_b0p05__wd1e-04trmiss0_degmodglobal,13,0.6061785987445286,0.676249623298645,0.6444444444444445,0.8343915343915347,0.5714285714285714,0.0,0.5802997861589704,0.5920359066554478,0.039252197103840966,0.08659285360148974,0.0,0.0,0.0,0.0,0.0,18473,global,0.0
4,1,lr5e-05_bs8_drop0p2_temp2p0_a0p25_b0p05__wd1e-04trmiss0_degmodglobal,8,5e-05,0.0001,0.2,2.0,0.25,0.05,lr5e-05_bs8_drop0p2_temp2p0_a0p25_b0p05__wd1e-04trmiss0_degmodglobal,14,0.6100954328264508,0.6680481433868408,0.6666666666666666,0.8436507936507938,0.5714285714285714,0.0,0.5709220596722194,0.5975723096302578,0.033587636426091194,0.08252419265253204,0.0,0.0,0.0,0.0,0.0,18473,global,0.0
4,1,lr5e-05_bs8_drop0p2_temp2p0_a0p25_b0p05__wd1e-04trmiss0_degmodglobal,8,5e-05,0.0001,0.2,2.0,0.25,0.05,lr5e-05_bs8_drop0p2_temp2p0_a0p25_b0p05__wd1e-04trmiss0_degmodglobal,15,0.6074013113975525,0.6686696410179138,0.6444444444444445,0.8343915343915347,0.5714285714285714,0.0,0.575770446232387,0.5939270172800336,0.03632476606539318,0.08786222338676453,0.0,0.0,0.0,0.0,0.0,18473,global,0.0
4,1,lr5e-05_bs8_drop0p2_temp2p0_a0p25_b0p05__wd1e-04trmiss0_degmodglobal,8,5e-05,0.0001,0.2,2.0,0.25,0.05,lr5e-05_bs8_drop0p2_temp2p0_a0p25_b0p05__wd1e-04trmiss0_degmodglobal,16,0.6261010595730373,0.6710151135921478,0.6666666666666666,0.8411255411255414,0.5714285714285714,0.0,0.5877825362341744,0.6133977259908404,0.03451378084719181,0.08149757874863488,0.0,0.0,0.0,0.0,0.0,18473,global,0.0
4,1,lr5e-05_bs8_drop0p2_temp2p0_a0p25_b0p05__wd1e-04trmiss0_degmodglobal,8,5e-05,0.0001,0.2,2.0,0.25,0.05,lr5e-05_bs8_drop0p2_temp2p0_a0p25_b0p05__wd1e-04trmiss0_degmodglobal,17,0.6098820226533073,0.6747529208660126,0.6666666666666666,0.8411255411255414,0.5714285714285714,0.0,0.5519919991493225,0.5961712173053196,0.03923186979123524,0.07805704006126948,0.0,0.0,0.0,0.0,0.0,18473,global,0.0
4,1,lr5e-05_bs8_drop0p2_temp2p0_a0p25_b0p05__wd1e-04trmiss0_degmodglobal,8,5e-05,0.0001,0.2,2.0,0.25,0.05,lr5e-05_bs8_drop0p2_temp2p0_a0p25_b0p05__wd1e-04trmiss0_degmodglobal,18,0.5820208021572658,0.6723440885543823,0.6222222222222222,0.8286935286935289,0.6428571428571429,0.0,0.5401921187128339,0.5694096088409424,0.03385956505579608,0.08292632017816816,0.0,0.0,0.0,0.0,0.0,18473,global,0.0
4,1,lr5e-05_bs8_drop0p2_temp2p0_a0p25_b0p05__wd1e-04trmiss0_degmodglobal,8,5e-05,0.0001,0.2,2.0,0.25,0.05,lr5e-05_bs8_drop0p2_temp2p0_a0p25_b0p05__wd1e-04trmiss0_degmodglobal,19,0.5992074693952288,0.6648056507110596,0.6888888888888889,0.8596440596440598,0.5714285714285714,0.0,0.5430279416697366,0.5848502942493984,0.03828002432627337,0.09574350714683533,0.0,0.0,0.0,0.0,0.0,18473,global,0.0
4,1,lr5e-05_bs8_drop0p2_temp2p0_a0p25_b0p05__wd1e-04trmiss0_degmodglobal,8,5e-05,0.0001,0.2,2.0,0.25,0.05,lr5e-05_bs8_drop0p2_temp2p0_a0p25_b0p05__wd1e-04trmiss0_degmodglobal,20,0.5889701247215271,0.6625679433345795,0.7111111111111111,0.8689033189033191,0.5714285714285714,0.0,0.5509957841464451,0.5739585501807076,0.03870313933917454,0.10671609214373998,0.0,0.0,0.0,0.0,0.0,18473,global,0.0
4,1,lr5e-05_bs8_drop0p2_temp2p0_a0p25_b0p05__wd1e-04trmiss0_degmodglobal,8,5e-05,0.0001,0.2,2.0,0.25,0.05,lr5e-05_bs8_drop0p2_temp2p0_a0p25_b0p05__wd1e-04trmiss0_degmodglobal,21,0.569225583757673,0.6646362543106079,0.6444444444444444,0.8472120472120475,0.6428571428571429,0.0,0.5494703565325055,0.5570432032857623,0.03285199057843004,0.07938724064401217,0.0,0.0,0.0,0.0,0.0,18473,global,0.0
4,1,lr5e-05_bs8_drop0p2_temp2p0_a0p25_b0p05__wd1e-04trmiss0_degmodglobal,8,5e-05,0.0001,0.2,2.0,0.25,0.05,lr5e-05_bs8_drop0p2_temp2p0_a0p25_b0p05__wd1e-04trmiss0_degmodglobal,22,0.5928682003702436,0.6643679440021515,0.6888888888888889,0.858499525166192,0.6428571428571429,0.0,0.5311306204114642,0.5781152844429016,0.0351219688143049,0.11944859953863281,0.0,0.0,0.0,0.0,0.0,18473,global,0.0
4,1,lr5e-05_bs8_drop0p2_temp2p0_a0p25_b0p05__wd1e-04trmiss0_degmodglobal,8,5e-05,0.0001,0.2,2.0,0.25,0.05,lr5e-05_bs8_drop0p2_temp2p0_a0p25_b0p05__wd1e-04trmiss0_degmodglobal,23,0.5749464545931134,0.6640850305557251,0.6666666666666667,0.8465947632614301,0.6428571428571429,0.0,0.5476238046373639,0.5613679885864258,0.03447472650025572,0.09919578954577446,0.0,0.0,0.0,0.0,0.0,18473,global,0.0
4,1,lr5e-05_bs8_drop0p2_temp2p0_a0p25_b0p05__wd1e-04trmiss0_degmodglobal,8,5e-05,0.0001,0.2,2.0,0.25,0.05,lr5e-05_bs8_drop0p2_temp2p0_a0p25_b0p05__wd1e-04trmiss0_degmodglobal,24,0.5793445025171552,0.6570100486278534,0.7111111111111111,0.8693019943019944,0.7142857142857143,0.0,0.5376915974276406,0.5685574071747916,0.030511115012424334,0.06318624197904553,0.0,0.0,0.0,0.0,0.0,18473,global,0.0
4,1,lr5e-05_bs8_drop0p2_temp2p0_a0p25_b0p05__wd1e-04trmiss0_degmodglobal,8,5e-05,0.0001,0.2,2.0,0.25,0.05,lr5e-05_bs8_drop0p2_temp2p0_a0p25_b0p05__wd1e-04trmiss0_degmodglobal,25,0.5603594609669277,0.6615627408027649,0.6888888888888889,0.858499525166192,0.7142857142857143,0.0,0.5294823816844395,0.5466013891356332,0.03637928728546415,0.09326511089290891,0.0,0.0,0.0,0.0,0.0,18473,global,0.0
4,1,lr5e-05_bs8_drop0p2_temp2p0_a0p25_b0p05__wd1e-04trmiss0_degmodglobal,8,5e-05,0.0001,0.2,2.0,0.25,0.05,lr5e-05_bs8_drop0p2_temp2p0_a0p25_b0p05__wd1e-04trmiss0_degmodglobal,26,0.5826764106750488,0.6657312214374542,0.6444444444444444,0.8472120472120475,0.5714285714285714,0.0,0.5344133717673165,0.5719113349914551,0.028236456215381622,0.07411905697413854,0.0,0.0,0.0,0.0,0.0,18473,global,0.0
4,1,lr5e-05_bs8_drop0p2_temp2p0_a0p25_b0p05__wd1e-04trmiss0_degmodglobal,8,5e-05,0.0001,0.2,2.0,0.25,0.05,lr5e-05_bs8_drop0p2_temp2p0_a0p25_b0p05__wd1e-04trmiss0_degmodglobal,27,0.5712453978402274,0.6540387868881226,0.711111111111111,0.8842490842490844,0.6428571428571429,0.0,0.5173751030649457,0.559806112732206,0.027064088732004166,0.0934652036854199,0.0,0.0,0.0,0.0,0.0,18473,global,0.0
4,1,lr5e-05_bs8_drop0p2_temp2p0_a0p25_b0p05__wd1e-04trmiss0_degmodglobal,8,5e-05,0.0001,0.2,2.0,0.25,0.05,lr5e-05_bs8_drop0p2_temp2p0_a0p25_b0p05__wd1e-04trmiss0_degmodglobal,28,0.5595981563840594,0.6558740139007568,0.711111111111111,0.8842490842490844,0.6428571428571429,0.0,0.5292246213981083,0.5460063517093658,0.03256989962288311,0.10898662464959281,0.0,0.0,0.0,0.0,0.0,18473,global,0.0
4,1,lr5e-05_bs8_drop0p2_temp2p0_a0p25_b0p05__wd1e-04trmiss0_degmodglobal,8,5e-05,0.0001,0.2,2.0,0.25,0.05,lr5e-05_bs8_drop0p2_temp2p0_a0p25_b0p05__wd1e-04trmiss0_degmodglobal,29,0.5406956970691681,0.6589855849742889,0.7555555555555555,0.9036935286935288,0.6428571428571429,0.0,0.5290378034114838,0.5291868363107953,0.027682166546583176,0.0917661285826138,0.0,0.0,0.0,0.0,0.0,18473,global,0.0
4,1,lr5e-05_bs8_drop0p2_temp2p0_a0p25_b0p05__wd1e-04trmiss0_degmodglobal,8,5e-05,0.0001,0.2,2.0,0.25,0.05,lr5e-05_bs8_drop0p2_temp2p0_a0p25_b0p05__wd1e-04trmiss0_degmodglobal,30,0.5699505976268223,0.6603103578090668,0.7111111111111111,0.8693019943019944,0.7857142857142857,0.0,0.5090343569006238,0.557112285069057,0.03247276188007423,0.0944025447326047,0.0,0.0,0.0,0.0,0.0,18473,global,0.0
4,1,lr5e-05_bs8_drop0p2_temp2p0_a0p25_b0p05__wd1e-04trmiss0_degmodglobal,8,5e-05,0.0001,0.2,2.0,0.25,0.05,lr5e-05_bs8_drop0p2_temp2p0_a0p25_b0p05__wd1e-04trmiss0_degmodglobal,31,0.5493936879294259,0.659393846988678,0.7111111111111111,0.8693019943019944,0.7857142857142857,0.0,0.516560856785093,0.5374908830438342,0.028297413672719682,0.09656911423163754,0.0,0.0,0.0,0.0,0.0,18473,global,0.0
4,1,lr5e-05_bs8_drop0p2_temp2p0_a0p25_b0p05__wd1e-04trmiss0_degmodglobal,8,5e-05,0.0001,0.2,2.0,0.25,0.05,lr5e-05_bs8_drop0p2_temp2p0_a0p25_b0p05__wd1e-04trmiss0_degmodglobal,32,0.5537491355623517,0.6679286956787109,0.7111111111111111,0.8693019943019944,0.7857142857142857,0.0,0.5158720016479492,0.5412257952349526,0.029857738741806576,0.10117819000567708,0.0,0.0,0.0,0.0,0.0,18473,global,0.0
4,1,lr5e-05_bs8_drop0p2_temp2p0_a0p25_b0p05__wd1e-04trmiss0_degmodglobal,8,5e-05,0.0001,0.2,2.0,0.25,0.05,lr5e-05_bs8_drop0p2_temp2p0_a0p25_b0p05__wd1e-04trmiss0_degmodglobal,33,0.5525106276784625,0.6634493768215179,0.6888888888888889,0.858499525166192,0.7142857142857143,0.0,0.5229747465678624,0.5385694248335702,0.03699388514672007,0.09385480279369014,0.0,0.0,0.0,0.0,0.0,18473,global,0.0
4,1,lr5e-05_bs8_drop0p2_temp2p0_a0p25_b0p05__wd1e-04trmiss0_degmodglobal,8,5e-05,0.0001,0.2,2.0,0.25,0.05,lr5e-05_bs8_drop0p2_temp2p0_a0p25_b0p05__wd1e-04trmiss0_degmodglobal,34,0.5361640793936593,0.6431247293949127,0.7555555555555555,0.9036935286935288,0.7857142857142857,0.0,0.5020130148955754,0.5205888790743691,0.04156644136777946,0.10367192913378988,0.0,0.0,0.0,0.0,0.0,18473,global,0.0
4,1,lr5e-05_bs8_drop0p2_temp2p0_a0p25_b0p05__wd1e-04trmiss0_degmodglobal,8,5e-05,0.0001,0.2,2.0,0.25,0.05,lr5e-05_bs8_drop0p2_temp2p0_a0p25_b0p05__wd1e-04trmiss0_degmodglobal,35,0.5581855263028827,0.6420169174671173,0.7333333333333334,0.8928910595577264,0.7142857142857143,0.0,0.5250711355890546,0.5467800412859235,0.031060139515570233,0.07280883246234485,0.0,0.0,0.0,0.0,0.0,18473,global,0.0
4,1,lr5e-05_bs8_drop0p2_temp2p0_a0p25_b0p05__wd1e-04trmiss0_degmodglobal,8,5e-05,0.0001,0.2,2.0,0.25,0.05,lr5e-05_bs8_drop0p2_temp2p0_a0p25_b0p05__wd1e-04trmiss0_degmodglobal,36,0.5336425134113857,0.6468881666660309,0.7555555555555555,0.9036935286935288,0.7857142857142857,0.0,0.513307158436094,0.519836106470653,0.03461337834596634,0.10306110552379064,0.0,0.0,0.0,0.0,0.0,18473,global,0.0
4,1,lr5e-05_bs8_drop0p2_temp2p0_a0p25_b0p05__wd1e-04trmiss0_degmodglobal,8,5e-05,0.0001,0.2,2.0,0.25,0.05,lr5e-05_bs8_drop0p2_temp2p0_a0p25_b0p05__wd1e-04trmiss0_degmodglobal,37,0.5583417160170419,0.6579335629940033,0.7333333333333334,0.887820512820513,0.7142857142857143,0.0,0.5067148336342403,0.5440353410584586,0.03336486752544131,0.11930313919271741,0.0,0.0,0.0,0.0,0.0,18473,global,0.0
4,1,lr5e-05_bs8_drop0p2_temp2p0_a0p25_b0p05__wd1e-04trmiss0_degmodglobal,8,5e-05,0.0001,0.2,2.0,0.25,0.05,lr5e-05_bs8_drop0p2_temp2p0_a0p25_b0p05__wd1e-04trmiss0_degmodglobal,38,0.5759986639022827,0.6470034420490265,0.7555555555555555,0.9036935286935288,0.7142857142857143,0.0,0.48234644532203674,0.5603929162025452,0.03863904092993055,0.11891964716570717,0.0,0.0,0.0,0.0,0.0,18473,global,0.0
4,1,lr5e-05_bs8_drop0p2_temp2p0_a0p25_b0p05__wd1e-04trmiss0_degmodglobal,8,5e-05,0.0001,0.2,2.0,0.25,0.05,lr5e-05_bs8_drop0p2_temp2p0_a0p25_b0p05__wd1e-04trmiss0_degmodglobal,39,0.5314737260341644,0.6516028344631195,0.7111111111111111,0.8770180436847106,0.7142857142857143,0.0,0.4871211562837873,0.5162067668778556,0.04251666047743389,0.09275597706437111,0.0,0.0,0.0,0.0,0.0,18473,global,0.0
4,1,lr5e-05_bs8_drop0p2_temp2p0_a0p25_b0p05__wd1e-04trmiss0_degmodglobal,8,5e-05,0.0001,0.2,2.0,0.25,0.05,lr5e-05_bs8_drop0p2_temp2p0_a0p25_b0p05__wd1e-04trmiss0_degmodglobal,40,0.560308188199997,0.649600625038147,0.7333333333333334,0.887820512820513,0.7142857142857143,0.0,0.5065936148166656,0.5491879880428314,0.02834473257618291,0.08068026948188033,0.0,0.0,0.0,0.0,0.0,18473,global,0.0
4,1,lr5e-05_bs8_drop0p2_temp2p0_a0p25_b0p05__wd1e-04trmiss0_degmodglobal,8,5e-05,0.0001,0.2,2.0,0.25,0.05,lr5e-05_bs8_drop0p2_temp2p0_a0p25_b0p05__wd1e-04trmiss0_degmodglobal,41,0.5344756245613098,0.635869026184082,0.7333333333333334,0.887820512820513,0.6428571428571429,0.0,0.5119371839932033,0.5220850110054016,0.03311667325241225,0.08222875624362912,0.0,0.0,0.0,0.0,0.0,18473,global,0.0
4,1,lr5e-05_bs8_drop0p2_temp2p0_a0p25_b0p05__wd1e-04trmiss0_degmodglobal,8,5e-05,0.0001,0.2,2.0,0.25,0.05,lr5e-05_bs8_drop0p2_temp2p0_a0p25_b0p05__wd1e-04trmiss0_degmodglobal,42,0.543800950050354,0.6462203562259674,0.6888888888888889,0.8621693121693124,0.6428571428571429,0.0,0.500609985419682,0.5235799423285893,0.05705951313887324,0.11912220636648792,0.0,0.0,0.0,0.0,0.0,18473,global,0.0
4,1,lr5e-05_bs8_drop0p2_temp2p0_a0p25_b0p05__wd1e-04trmiss0_degmodglobal,8,5e-05,0.0001,0.2,2.0,0.25,0.05,lr5e-05_bs8_drop0p2_temp2p0_a0p25_b0p05__wd1e-04trmiss0_degmodglobal,43,0.5288053027221135,0.6548951268196106,0.7111111111111111,0.8689033189033191,0.6428571428571429,0.0,0.49449185388428823,0.5163165884358543,0.035416433587670326,0.07269202305802278,0.0,0.0,0.0,0.0,0.0,18473,global,0.0
4,1,lr5e-05_bs8_drop0p2_temp2p0_a0p25_b0p05__wd1e-04trmiss0_degmodglobal,8,5e-05,0.0001,0.2,2.0,0.25,0.05,lr5e-05_bs8_drop0p2_temp2p0_a0p25_b0p05__wd1e-04trmiss0_degmodglobal,44,0.5357940367289952,0.6554955840110779,0.6666666666666666,0.8484848484848486,0.6428571428571429,0.0,0.46805105039051603,0.5164076260157994,0.05641156701104982,0.10567067244223186,0.0,0.0,0.0,0.0,0.0,18473,global,0.0
4,1,lr5e-05_bs8_drop0p2_temp2p0_a0p25_b0p05__wd1e-04trmiss0_degmodglobal,8,5e-05,0.0001,0.2,2.0,0.25,0.05,lr5e-05_bs8_drop0p2_temp2p0_a0p25_b0p05__wd1e-04trmiss0_degmodglobal,45,0.5319297015666962,0.6635053753852844,0.6888888888888889,0.858499525166192,0.7142857142857143,0.0,0.4981529840401241,0.5193063489028386,0.03686514496803284,0.06814142196838345,0.0,0.0,0.0,0.0,0.0,18473,global,0.0
4,1,lr5e-05_bs8_drop0p2_temp2p0_a0p25_b0p05__wd1e-04trmiss0_degmodglobal,8,5e-05,0.0001,0.2,2.0,0.25,0.05,lr5e-05_bs8_drop0p2_temp2p0_a0p25_b0p05__wd1e-04trmiss0_degmodglobal,46,0.5302424558571407,0.6616789996623993,0.6666666666666666,0.8362773029439698,0.6428571428571429,0.0,0.47722380076135906,0.5144627818039486,0.040960750941719325,0.11078969016671181,0.0,0.0,0.0,0.0,0.0,18473,global,0.0
4,1,lr5e-05_bs8_drop0p2_temp2p0_a0p25_b0p05__wd1e-04trmiss0_degmodglobal,8,5e-05,0.0001,0.2,2.0,0.25,0.05,lr5e-05_bs8_drop0p2_temp2p0_a0p25_b0p05__wd1e-04trmiss0_degmodglobal,47,0.531461238861084,0.6454775035381317,0.7111111111111111,0.8693019943019944,0.7857142857142857,0.0,0.47361195513180326,0.5119435063430241,0.05267257243394852,0.12699156999588013,0.0,0.0,0.0,0.0,0.0,18473,global,0.0
4,1,lr5e-05_bs8_drop0p2_temp2p0_a0p25_b0p05__wd1e-04trmiss0_degmodglobal,8,5e-05,0.0001,0.2,2.0,0.25,0.05,lr5e-05_bs8_drop0p2_temp2p0_a0p25_b0p05__wd1e-04trmiss0_degmodglobal,48,0.5244694181850978,0.6430173218250275,0.7333333333333334,0.887820512820513,0.7142857142857143,0.0,0.4804874062538147,0.5087488463946751,0.04294350264327867,0.09969398219670568,0.0,0.0,0.0,0.0,0.0,18473,global,0.0
4,1,lr5e-05_bs8_drop0p2_temp2p0_a0p25_b0p05__wd1e-04trmiss0_degmodglobal,8,5e-05,0.0001,0.2,2.0,0.25,0.05,lr5e-05_bs8_drop0p2_temp2p0_a0p25_b0p05__wd1e-04trmiss0_degmodglobal,49,0.5470496671540397,0.6486119031906128,0.7333333333333334,0.887820512820513,0.6428571428571429,0.0,0.4961308411189488,0.5351104949201856,0.032264726502554755,0.07745952904224396,0.0,0.0,0.0,0.0,0.0,18473,global,0.0
4,1,lr5e-05_bs8_drop0p2_temp2p0_a0p25_b0p05__wd1e-04trmiss0_degmodglobal,8,5e-05,0.0001,0.2,2.0,0.25,0.05,lr5e-05_bs8_drop0p2_temp2p0_a0p25_b0p05__wd1e-04trmiss0_degmodglobal,50,0.5210213874067579,0.6505239307880402,0.7333333333333334,0.887820512820513,0.6428571428571429,0.0,0.47801136119025095,0.5074010789394379,0.04004855773278645,0.07216347381472588,0.0,0.0,0.0,0.0,0.0,18473,global,0.0
4,1,lr5e-05_bs8_drop0p2_temp2p0_a0p25_b0p05__wd1e-04trmiss0_degmodglobal,8,5e-05,0.0001,0.2,2.0,0.25,0.05,lr5e-05_bs8_drop0p2_temp2p0_a0p25_b0p05__wd1e-04trmiss0_degmodglobal,51,0.5229735544749669,0.6412905156612396,0.7333333333333334,0.887820512820513,0.7857142857142857,0.0,0.4923956053597586,0.5080473848751613,0.039155320929629464,0.10274667079959597,0.0,0.0,0.0,0.0,0.0,18473,global,0.0
4,1,lr5e-05_bs8_drop0p2_temp2p0_a0p25_b0p05__wd1e-04trmiss0_degmodglobal,8,5e-05,0.0001,0.2,2.0,0.25,0.05,lr5e-05_bs8_drop0p2_temp2p0_a0p25_b0p05__wd1e-04trmiss0_degmodglobal,52,0.5048923066684178,0.6431190371513367,0.7333333333333334,0.887820512820513,0.7857142857142857,0.0,0.48556725467954365,0.4938439301082066,0.030287843197584152,0.06952825108809131,0.0,0.0,0.0,0.0,0.0,18473,global,0.0
4,1,lr5e-05_bs8_drop0p2_temp2p0_a0p25_b0p05__wd1e-04trmiss0_degmodglobal,8,5e-05,0.0001,0.2,2.0,0.25,0.05,lr5e-05_bs8_drop0p2_temp2p0_a0p25_b0p05__wd1e-04trmiss0_degmodglobal,53,0.5388477742671967,0.6475087702274323,0.7111111111111111,0.8693019943019944,0.6428571428571429,0.0,0.5094122546059745,0.5208684844630105,0.04825047669666154,0.11833341685788971,0.0,0.0,0.0,0.0,0.0,18473,global,0.0
4,1,lr5e-05_bs8_drop0p2_temp2p0_a0p25_b0p05__wd1e-04trmiss0_degmodglobal,8,5e-05,0.0001,0.2,2.0,0.25,0.05,lr5e-05_bs8_drop0p2_temp2p0_a0p25_b0p05__wd1e-04trmiss0_degmodglobal,54,0.5171643367835453,0.6403831243515015,0.7333333333333334,0.887820512820513,0.6428571428571429,0.0,0.48344247681753977,0.5023517310619354,0.03986796151314463,0.09691228025725909,0.0,0.0,0.0,0.0,0.0,18473,global,0.0
4,1,lr5e-05_bs8_drop0p4_temp1p0_a0p25_b0p05__wd1e-04trmiss0_degmodglobal,8,5e-05,0.0001,0.4,1.0,0.25,0.05,lr5e-05_bs8_drop0p4_temp1p0_a0p25_b0p05__wd1e-04trmiss0_degmodglobal,1,0.7207115973745074,0.7176730632781982,0.4444444444444444,0.6464566297899632,0.42857142857142855,0.0,0.7083527956690107,0.7055516839027405,0.04089243231075151,0.09873586733426366,0.0,0.0,0.0,0.0,0.0,18473,global,0.0
4,1,lr5e-05_bs8_drop0p4_temp1p0_a0p25_b0p05__wd1e-04trmiss0_degmodglobal,8,5e-05,0.0001,0.4,1.0,0.25,0.05,lr5e-05_bs8_drop0p4_temp1p0_a0p25_b0p05__wd1e-04trmiss0_degmodglobal,2,0.7392396075384957,0.7200484275817871,0.42222222222222217,0.6766153599486933,0.42857142857142855,0.0,0.6931807739394051,0.7231851049831935,0.039578414389065335,0.12319825749312129,0.0,0.0,0.0,0.0,0.0,18473,global,0.0
4,1,lr5e-05_bs8_drop0p4_temp1p0_a0p25_b0p05__wd1e-04trmiss0_degmodglobal,8,5e-05,0.0001,0.4,1.0,0.25,0.05,lr5e-05_bs8_drop0p4_temp1p0_a0p25_b0p05__wd1e-04trmiss0_degmodglobal,3,0.7071372185434613,0.727182924747467,0.4,0.6709173542506877,0.42857142857142855,0.0,0.6475700395447868,0.6858366983277457,0.05614185439688819,0.145301025893007,0.0,0.0,0.0,0.0,0.0,18473,global,0.0
4,1,lr5e-05_bs8_drop0p4_temp1p0_a0p25_b0p05__wd1e-04trmiss0_degmodglobal,8,5e-05,0.0001,0.4,1.0,0.25,0.05,lr5e-05_bs8_drop0p4_temp1p0_a0p25_b0p05__wd1e-04trmiss0_degmodglobal,4,0.7014224018369403,0.7323234677314758,0.4,0.684361317694651,0.35714285714285715,0.0,0.6439154914447239,0.6820308906691415,0.04997420630284718,0.1379592301590102,0.0,0.0,0.0,0.0,0.0,18473,global,0.0
4,1,lr5e-05_bs8_drop0p4_temp1p0_a0p25_b0p05__wd1e-04trmiss0_degmodglobal,8,5e-05,0.0001,0.4,1.0,0.25,0.05,lr5e-05_bs8_drop0p4_temp1p0_a0p25_b0p05__wd1e-04trmiss0_degmodglobal,5,0.6863804033824376,0.7382780313491821,0.46666666666666673,0.7333512166845502,0.5,0.0,0.6695241757801601,0.6640296493257795,0.0568967770252909,0.1625312641263008,0.0,0.0,0.0,0.0,0.0,18473,global,0.0
4,1,lr5e-05_bs8_drop0p4_temp1p0_a0p25_b0p05__wd1e-04trmiss0_degmodglobal,8,5e-05,0.0001,0.4,1.0,0.25,0.05,lr5e-05_bs8_drop0p4_temp1p0_a0p25_b0p05__wd1e-04trmiss0_degmodglobal,6,0.6827002423150199,0.7477037906646729,0.46666666666666673,0.7333512166845502,0.5,0.0,0.6496823685509818,0.6618210673332214,0.05343748682311603,0.15039595695478575,0.0,0.0,0.0,0.0,0.0,18473,global,0.0
4,1,lr5e-05_bs8_drop0p4_temp1p0_a0p25_b0p05__wd1e-04trmiss0_degmodglobal,8,5e-05,0.0001,0.4,1.0,0.25,0.05,lr5e-05_bs8_drop0p4_temp1p0_a0p25_b0p05__wd1e-04trmiss0_degmodglobal,7,0.6679978200367519,0.7432726919651031,0.4444444444444444,0.7404219237552572,0.5,0.0,0.635747390133994,0.6499750018119812,0.04523500746914318,0.13428131437727384,0.0,0.0,0.0,0.0,0.0,18473,global,0.0
4,1,lr5e-05_bs8_drop0p4_temp1p0_a0p25_b0p05__wd1e-04trmiss0_degmodglobal,8,5e-05,0.0001,0.4,1.0,0.25,0.05,lr5e-05_bs8_drop0p4_temp1p0_a0p25_b0p05__wd1e-04trmiss0_degmodglobal,8,0.6762960212571281,0.7447629570960999,0.5111111111111111,0.7668270001603337,0.5714285714285714,0.0,0.626164836542947,0.660736654485975,0.043807730610881536,0.09214858497892107,0.0,0.0,0.0,0.0,0.0,18473,global,0.0
4,1,lr5e-05_bs8_drop0p4_temp1p0_a0p25_b0p05__wd1e-04trmiss0_degmodglobal,8,5e-05,0.0001,0.4,1.0,0.25,0.05,lr5e-05_bs8_drop0p4_temp1p0_a0p25_b0p05__wd1e-04trmiss0_degmodglobal,9,0.6705895151410785,0.7398963570594788,0.4888888888888888,0.7520121853455188,0.5,0.0,0.5973322136061532,0.6491142596517291,0.05331473531467574,0.1629313283732959,0.0,0.0,0.0,0.0,0.0,18473,global,0.0
4,1,lr5e-05_bs8_drop0p4_temp1p0_a0p25_b0p05__wd1e-04trmiss0_degmodglobal,8,5e-05,0.0001,0.4,1.0,0.25,0.05,lr5e-05_bs8_drop0p4_temp1p0_a0p25_b0p05__wd1e-04trmiss0_degmodglobal,10,0.6723587768418449,0.7396516501903534,0.4888888888888889,0.7297289130622464,0.5,0.0,0.6710539885929653,0.6570229615483966,0.04512653446623257,0.08108369866386056,0.0,0.0,0.0,0.0,0.0,18473,global,0.0
4,1,lr5e-05_bs8_drop0p4_temp1p0_a0p25_b0p05__wd1e-04trmiss0_degmodglobal,8,5e-05,0.0001,0.4,1.0,0.25,0.05,lr5e-05_bs8_drop0p4_temp1p0_a0p25_b0p05__wd1e-04trmiss0_degmodglobal,11,0.64027510370527,0.7395144701004028,0.4888888888888889,0.7075066908400243,0.42857142857142855,0.0,0.6231615798813956,0.6220579402787345,0.0445955182824816,0.14136542592729842,0.0,0.0,0.0,0.0,0.0,18473,global,0.0
4,1,lr5e-05_bs8_drop0p4_temp1p0_a0p25_b0p05__wd1e-04trmiss0_degmodglobal,8,5e-05,0.0001,0.4,1.0,0.25,0.05,lr5e-05_bs8_drop0p4_temp1p0_a0p25_b0p05__wd1e-04trmiss0_degmodglobal,12,0.6666021517344883,0.7410458922386169,0.5111111111111111,0.7445437278770612,0.5,0.0,0.619767461504255,0.6481009721755981,0.04716015074934278,0.13422253727912903,0.0,0.0,0.0,0.0,0.0,18473,global,0.0
4,1,lr5e-05_bs8_drop0p4_temp1p0_a0p25_b0p05__wd1e-04trmiss0_degmodglobal,8,5e-05,0.0001,0.4,1.0,0.25,0.05,lr5e-05_bs8_drop0p4_temp1p0_a0p25_b0p05__wd1e-04trmiss0_degmodglobal,13,0.6608924950872149,0.7403470277786255,0.5333333333333333,0.7890492223825558,0.5,0.0,0.5931903123855591,0.6394498518535069,0.054015846124717166,0.15877384266683034,0.0,0.0,0.0,0.0,0.0,18473,global,0.0
4,1,lr5e-05_bs8_drop0p4_temp1p0_a0p25_b0p05__wd1e-04trmiss0_degmodglobal,8,5e-05,0.0001,0.4,1.0,0.25,0.05,lr5e-05_bs8_drop0p4_temp1p0_a0p25_b0p05__wd1e-04trmiss0_degmodglobal,14,0.6503335237503052,0.7397658824920654,0.5111111111111111,0.7668270001603337,0.5714285714285714,0.0,0.587810891015189,0.6265984603336879,0.059127502143383026,0.17906369694641658,0.0,0.0,0.0,0.0,0.0,18473,global,0.0
4,1,lr5e-05_bs8_drop0p4_temp1p0_a0p25_b0p05__wd1e-04trmiss0_degmodglobal,8,5e-05,0.0001,0.4,1.0,0.25,0.05,lr5e-05_bs8_drop0p4_temp1p0_a0p25_b0p05__wd1e-04trmiss0_degmodglobal,15,0.6187185389654977,0.7455219626426697,0.5111111111111111,0.7668270001603337,0.5714285714285714,0.0,0.597744745867593,0.5950639247894287,0.05787476524710655,0.1837183396731104,0.0,0.0,0.0,0.0,0.0,18473,global,0.0
4,1,lr5e-05_bs8_drop0p4_temp1p0_a0p25_b0p05__wd1e-04trmiss0_degmodglobal,8,5e-05,0.0001,0.4,1.0,0.25,0.05,lr5e-05_bs8_drop0p4_temp1p0_a0p25_b0p05__wd1e-04trmiss0_degmodglobal,16,0.6259536061968122,0.7500609159469604,0.4888888888888889,0.7390492223825558,0.5,0.0,0.5865185601370675,0.6086677057402474,0.04677945455270154,0.11182052961417607,0.0,0.0,0.0,0.0,0.0,18473,global,0.0
4,1,lr5e-05_bs8_drop0p4_temp1p0_a0p25_b0p05__wd1e-04trmiss0_degmodglobal,8,5e-05,0.0001,0.4,1.0,0.25,0.05,lr5e-05_bs8_drop0p4_temp1p0_a0p25_b0p05__wd1e-04trmiss0_degmodglobal,17,0.6198278154645648,0.7443678677082062,0.5111111111111111,0.7668270001603337,0.5714285714285714,0.0,0.6031798379761832,0.5925777171339307,0.0654946437903813,0.21752842728580749,0.0,0.0,0.0,0.0,0.0,18473,global,0.0
4,1,lr5e-05_bs8_drop0p4_temp1p0_a0p25_b0p05__wd1e-04trmiss0_degmodglobal,8,5e-05,0.0001,0.4,1.0,0.25,0.05,lr5e-05_bs8_drop0p4_temp1p0_a0p25_b0p05__wd1e-04trmiss0_degmodglobal,18,0.6333745973450797,0.7405455112457275,0.4888888888888888,0.7520121853455188,0.5,0.0,0.5914054427828107,0.611584084374564,0.059638283614601405,0.13761881472808973,0.0,0.0,0.0,0.0,0.0,18473,global,0.0
4,1,lr5e-05_bs8_drop0p4_temp1p0_a0p25_b0p05__wd1e-04trmiss0_degmodglobal,8,5e-05,0.0001,0.4,1.0,0.25,0.05,lr5e-05_bs8_drop0p4_temp1p0_a0p25_b0p05__wd1e-04trmiss0_degmodglobal,19,0.6403481875147138,0.7357317209243774,0.5333333333333333,0.7492784992784993,0.5,0.0,0.5909774899482727,0.6103610098361969,0.07071115342634064,0.24618789234331676,0.0,0.0,0.0,0.0,0.0,18473,global,0.0
4,1,lr5e-05_bs8_drop0p4_temp1p0_a0p25_b0p05__wd1e-04trmiss0_degmodglobal,8,5e-05,0.0001,0.4,1.0,0.25,0.05,lr5e-05_bs8_drop0p4_temp1p0_a0p25_b0p05__wd1e-04trmiss0_degmodglobal,20,0.6202580843652997,0.7318360209465027,0.5333333333333333,0.7492784992784993,0.5,0.0,0.5877752985273089,0.5963591166904995,0.06640329265168735,0.14596296926694258,0.0,0.0,0.0,0.0,0.0,18473,global,0.0
4,1,lr5e-05_bs8_drop0p4_temp1p0_a0p25_b0p05__wd1e-04trmiss0_degmodglobal,8,5e-05,0.0001,0.4,1.0,0.25,0.05,lr5e-05_bs8_drop0p4_temp1p0_a0p25_b0p05__wd1e-04trmiss0_degmodglobal,21,0.6157290850366864,0.7299459874629974,0.5555555555555555,0.781950456950457,0.5,0.0,0.5978470529828753,0.5848806585584369,0.08584625273942947,0.18773768655955791,0.0,0.0,0.0,0.0,0.0,18473,global,0.0
4,1,lr5e-05_bs8_drop0p4_temp1p0_a0p25_b0p05__wd1e-04trmiss0_degmodglobal,8,5e-05,0.0001,0.4,1.0,0.25,0.05,lr5e-05_bs8_drop0p4_temp1p0_a0p25_b0p05__wd1e-04trmiss0_degmodglobal,22,0.6575676032475063,0.7316157519817352,0.5333333333333332,0.7671356421356421,0.5,0.0,0.5784705579280853,0.6321965030261448,0.062031786888837814,0.1972633594913142,0.0,0.0,0.0,0.0,0.0,18473,global,0.0
4,1,lr5e-05_bs8_drop0p4_temp1p0_a0p25_b0p05__wd1e-04trmiss0_degmodglobal,8,5e-05,0.0001,0.4,1.0,0.25,0.05,lr5e-05_bs8_drop0p4_temp1p0_a0p25_b0p05__wd1e-04trmiss0_degmodglobal,23,0.6826430644307818,0.7357729077339172,0.5777777777777777,0.7863155363155363,0.5714285714285714,0.0,0.5882773654801505,0.6589422396251133,0.061117545302425115,0.1684285466160093,0.0,0.0,0.0,0.0,0.0,18473,global,0.0
4,1,lr5e-05_bs8_drop0p4_temp1p0_a0p25_b0p05__wd1e-04trmiss0_degmodglobal,8,5e-05,0.0001,0.4,1.0,0.25,0.05,lr5e-05_bs8_drop0p4_temp1p0_a0p25_b0p05__wd1e-04trmiss0_degmodglobal,24,0.6085183961050851,0.7357023656368256,0.5777777777777777,0.7863155363155363,0.5714285714285714,0.0,0.5651041099003383,0.5853844455310276,0.06254878054772105,0.14993510501725332,0.0,0.0,0.0,0.0,0.0,18473,global,0.0
4,1,lr5e-05_bs8_drop0p4_temp1p0_a0p25_b0p05__wd1e-04trmiss0_degmodglobal,8,5e-05,0.0001,0.4,1.0,0.25,0.05,lr5e-05_bs8_drop0p4_temp1p0_a0p25_b0p05__wd1e-04trmiss0_degmodglobal,25,0.6418807506561279,0.7331143915653229,0.5777777777777777,0.7863155363155363,0.5,0.0,0.5670029861586434,0.6127031786101205,0.0763366547014032,0.20186836272478104,0.0,0.0,0.0,0.0,0.0,18473,global,0.0
4,1,lr5e-05_bs8_drop0p4_temp1p0_a0p25_b0p05__wd1e-04trmiss0_degmodglobal,8,5e-05,0.0001,0.4,1.0,0.25,0.05,lr5e-05_bs8_drop0p4_temp1p0_a0p25_b0p05__wd1e-04trmiss0_degmodglobal,26,0.6547579765319824,0.7314904034137726,0.5777777777777777,0.7863155363155363,0.5,0.0,0.5511009607996259,0.6290393556867327,0.06859892180987767,0.17137754495654786,0.0,0.0,0.0,0.0,0.0,18473,global,0.0
4,1,lr5e-05_bs8_drop0p4_temp1p0_a0p25_b0p05__wd1e-04trmiss0_degmodglobal,8,5e-05,0.0001,0.4,1.0,0.25,0.05,lr5e-05_bs8_drop0p4_temp1p0_a0p25_b0p05__wd1e-04trmiss0_degmodglobal,27,0.6087382010051182,0.7307077944278717,0.6,0.8011303511303511,0.5,0.0,0.5311299008982522,0.5832796096801758,0.0669262425175735,0.17454060912132263,0.0,0.0,0.0,0.0,0.0,18473,global,0.0
4,1,lr5e-05_bs8_drop0p4_temp1p0_a0p25_b0p05__wd1e-04trmiss0_degmodglobal,8,5e-05,0.0001,0.4,1.0,0.25,0.05,lr5e-05_bs8_drop0p4_temp1p0_a0p25_b0p05__wd1e-04trmiss0_degmodglobal,28,0.6199541006769452,0.7326233088970184,0.6222222222222221,0.8143578643578646,0.5,0.0,0.5490632993834359,0.5959781323160444,0.06552005984953471,0.15191893013460295,0.0,0.0,0.0,0.0,0.0,18473,global,0.0
4,1,lr5e-05_bs8_drop0p4_temp1p0_a0p25_b0p05__wd1e-04trmiss0_degmodglobal,8,5e-05,0.0001,0.4,1.0,0.25,0.05,lr5e-05_bs8_drop0p4_temp1p0_a0p25_b0p05__wd1e-04trmiss0_degmodglobal,29,0.6746045691626412,0.7335194945335388,0.6444444444444444,0.8262626262626265,0.5714285714285714,0.0,0.5655430214745658,0.6468705534934998,0.07010492469583239,0.20415587670036725,0.0,0.0,0.0,0.0,0.0,18473,global,0.0
4,1,lr5e-05_bs8_drop0p4_temp1p0_a0p25_b0p05__wd1e-04trmiss0_degmodglobal,8,5e-05,0.0001,0.4,1.0,0.25,0.05,lr5e-05_bs8_drop0p4_temp1p0_a0p25_b0p05__wd1e-04trmiss0_degmodglobal,30,0.6418141296931675,0.7350222170352936,0.6444444444444444,0.8262626262626265,0.5714285714285714,0.0,0.5689756955419268,0.6139829158782959,0.07223782475505557,0.19543518658195222,0.0,0.0,0.0,0.0,0.0,18473,global,0.0
4,1,lr5e-05_bs8_drop0p4_temp1p0_a0p25_b0p05__wd1e-04trmiss0_degmodglobal,8,5e-05,0.0001,0.4,1.0,0.25,0.05,lr5e-05_bs8_drop0p4_temp1p0_a0p25_b0p05__wd1e-04trmiss0_degmodglobal,31,0.6311106256076268,0.7356218099594116,0.6444444444444444,0.8262626262626265,0.5,0.0,0.5543608750615802,0.603973925113678,0.07204871784363474,0.18249030517680304,0.0,0.0,0.0,0.0,0.0,18473,global,0.0
4,1,lr5e-05_bs8_drop0p4_temp1p0_a0p25_b0p05__wd1e-04trmiss0_degmodglobal,8,5e-05,0.0001,0.4,1.0,0.25,0.05,lr5e-05_bs8_drop0p4_temp1p0_a0p25_b0p05__wd1e-04trmiss0_degmodglobal,32,0.627843805721828,0.7331174314022064,0.6444444444444444,0.8262626262626265,0.5714285714285714,0.0,0.5652006949697223,0.6059613653591701,0.05723430509013789,0.1514772405581815,0.0,0.0,0.0,0.0,0.0,18473,global,0.0
4,1,lr5e-05_bs8_drop0p4_temp1p0_a0p25_b0p05__wd1e-04trmiss0_degmodglobal,8,5e-05,0.0001,0.4,1.0,0.25,0.05,lr5e-05_bs8_drop0p4_temp1p0_a0p25_b0p05__wd1e-04trmiss0_degmodglobal,33,0.6189014826502118,0.7298723459243774,0.6444444444444444,0.8262626262626265,0.5714285714285714,0.0,0.5599347608430045,0.595076995236533,0.0673255595777716,0.13986195943185262,0.0,0.0,0.0,0.0,0.0,18473,global,0.0
4,1,lr5e-05_bs8_drop0p4_temp1p0_a0p25_b0p05__wd1e-04trmiss0_degmodglobal,8,5e-05,0.0001,0.4,1.0,0.25,0.05,lr5e-05_bs8_drop0p4_temp1p0_a0p25_b0p05__wd1e-04trmiss0_degmodglobal,34,0.648498786347253,0.7289175987243652,0.6444444444444444,0.8262626262626265,0.5714285714285714,0.0,0.5585562373910632,0.6125988279070173,0.08474483500633921,0.29427501772131237,0.0,0.0,0.0,0.0,0.0,18473,global,0.0
4,1,lr5e-05_bs8_drop0p4_temp1p0_a0p25_b0p05__wd1e-04trmiss0_degmodglobal,8,5e-05,0.0001,0.4,1.0,0.25,0.05,lr5e-05_bs8_drop0p4_temp1p0_a0p25_b0p05__wd1e-04trmiss0_degmodglobal,35,0.6328333020210266,0.722154289484024,0.6444444444444444,0.8262626262626265,0.5714285714285714,0.0,0.5690107004983085,0.6120702709470477,0.05700830849153655,0.1302185675927571,0.0,0.0,0.0,0.0,0.0,18473,global,0.0
4,1,lr5e-05_bs8_drop0p4_temp1p0_a0p25_b0p05__wd1e-04trmiss0_degmodglobal,8,5e-05,0.0001,0.4,1.0,0.25,0.05,lr5e-05_bs8_drop0p4_temp1p0_a0p25_b0p05__wd1e-04trmiss0_degmodglobal,36,0.6337695292064122,0.7257303595542908,0.6444444444444444,0.8262626262626265,0.5714285714285714,0.0,0.5367023731981005,0.606851475579398,0.07288118451833725,0.1739550924726895,0.0,0.0,0.0,0.0,0.0,18473,global,0.0
4,1,lr5e-05_bs8_drop0p4_temp1p0_a0p25_b0p05__wd1e-04trmiss0_degmodglobal,8,5e-05,0.0001,0.4,1.0,0.25,0.05,lr5e-05_bs8_drop0p4_temp1p0_a0p25_b0p05__wd1e-04trmiss0_degmodglobal,37,0.6456583312579564,0.7304465472698212,0.6444444444444444,0.8262626262626265,0.5,0.0,0.5793313639504569,0.6200610910143171,0.06059302602495466,0.20897982056651795,0.0,0.0,0.0,0.0,0.0,18473,global,0.0
4,1,lr5e-05_bs8_drop0p4_temp1p0_a0p25_b0p05__wd1e-04trmiss0_degmodglobal,8,5e-05,0.0001,0.4,1.0,0.25,0.05,lr5e-05_bs8_drop0p4_temp1p0_a0p25_b0p05__wd1e-04trmiss0_degmodglobal,38,0.6163170507975987,0.724675714969635,0.6444444444444444,0.8262626262626265,0.5714285714285714,0.0,0.526372173002788,0.5866370967456273,0.07802832392709595,0.20345737891537802,0.0,0.0,0.0,0.0,0.0,18473,global,0.0
4,1,lr5e-05_bs8_drop0p4_temp1p0_a0p25_b0p05__wd1e-04trmiss0_degmodglobal,8,5e-05,0.0001,0.4,1.0,0.25,0.05,lr5e-05_bs8_drop0p4_temp1p0_a0p25_b0p05__wd1e-04trmiss0_degmodglobal,39,0.6378714442253113,0.7260599434375763,0.6444444444444444,0.8262626262626265,0.5714285714285714,0.0,0.5490261018276215,0.6157455018588475,0.057810504255550246,0.15346627576010569,0.0,0.0,0.0,0.0,0.0,18473,global,0.0
4,1,lr5e-05_bs8_drop0p4_temp1p0_a0p25_b0p05__wd1e-04trmiss0_degmodglobal,8,5e-05,0.0001,0.4,1.0,0.25,0.05,lr5e-05_bs8_drop0p4_temp1p0_a0p25_b0p05__wd1e-04trmiss0_degmodglobal,40,0.6400642395019531,0.7232471704483032,0.6444444444444444,0.8262626262626265,0.5714285714285714,0.0,0.5127284186226981,0.605333251612527,0.09011873177119664,0.24402606221182005,0.0,0.0,0.0,0.0,0.0,18473,global,0.0
4,1,lr5e-05_bs8_drop0p4_temp1p0_a0p25_b0p05__wd1e-04trmiss0_degmodglobal,8,5e-05,0.0001,0.4,1.0,0.25,0.05,lr5e-05_bs8_drop0p4_temp1p0_a0p25_b0p05__wd1e-04trmiss0_degmodglobal,41,0.6105648960386004,0.724040687084198,0.6444444444444444,0.8262626262626265,0.5714285714285714,0.0,0.5203380627291543,0.5849480373518807,0.07202079519629478,0.15223313655172074,0.0,0.0,0.0,0.0,0.0,18473,global,0.0
4,1,lr5e-05_bs8_drop0p4_temp1p0_a0p25_b0p05__wd1e-04trmiss0_degmodglobal,8,5e-05,0.0001,0.4,1.0,0.25,0.05,lr5e-05_bs8_drop0p4_temp1p0_a0p25_b0p05__wd1e-04trmiss0_degmodglobal,42,0.634816723210471,0.723685085773468,0.6444444444444444,0.8262626262626265,0.5714285714285714,0.0,0.5330565699509212,0.6036923783166068,0.08144764016781535,0.2152487678187234,0.0,0.0,0.0,0.0,0.0,18473,global,0.0
4,1,lr5e-05_bs8_drop0p4_temp1p0_a0p25_b0p05__wd1e-04trmiss0_degmodglobal,8,5e-05,0.0001,0.4,1.0,0.25,0.05,lr5e-05_bs8_drop0p4_temp1p0_a0p25_b0p05__wd1e-04trmiss0_degmodglobal,43,0.6457973974091666,0.7291699647903442,0.6444444444444444,0.8262626262626265,0.5714285714285714,0.0,0.5365634645734515,0.6184634651456561,0.07216008539710726,0.18587811078344071,0.0,0.0,0.0,0.0,0.0,18473,global,0.0
4,1,lr5e-05_bs8_drop0p4_temp1p0_a0p25_b0p05__wd1e-04trmiss0_degmodglobal,8,5e-05,0.0001,0.4,1.0,0.25,0.05,lr5e-05_bs8_drop0p4_temp1p0_a0p25_b0p05__wd1e-04trmiss0_degmodglobal,44,0.6207548294748578,0.7291457653045654,0.6444444444444444,0.8262626262626265,0.5,0.0,0.5386791910443988,0.5912157467433384,0.07595988363027573,0.21098251108612334,0.0,0.0,0.0,0.0,0.0,18473,global,0.0
4,1,lr5e-05_bs8_drop0p4_temp1p0_a0p25_b0p05__wd1e-04trmiss0_degmodglobal,8,5e-05,0.0001,0.4,1.0,0.25,0.05,lr5e-05_bs8_drop0p4_temp1p0_a0p25_b0p05__wd1e-04trmiss0_degmodglobal,45,0.645961310182299,0.7286116778850555,0.6444444444444444,0.8262626262626265,0.5,0.0,0.5189800347600665,0.6133478709629604,0.0834320102419172,0.23510839470795222,0.0,0.0,0.0,0.0,0.0,18473,global,0.0
4,1,lr5e-05_bs8_drop0p4_temp1p0_a0p25_b0p05__wd1e-04trmiss0_degmodglobal,8,5e-05,0.0001,0.4,1.0,0.25,0.05,lr5e-05_bs8_drop0p4_temp1p0_a0p25_b0p05__wd1e-04trmiss0_degmodglobal,46,0.6770289710589817,0.7309184074401855,0.6444444444444444,0.8262626262626265,0.5,0.0,0.5655128317219871,0.6515301125390189,0.06162976420351437,0.20182822006089346,0.0,0.0,0.0,0.0,0.0,18473,global,0.0
4,1,lr5e-05_bs8_drop0p4_temp1p0_a0p25_b0p05__wd1e-04trmiss0_degmodglobal,8,5e-05,0.0001,0.4,1.0,0.25,0.05,lr5e-05_bs8_drop0p4_temp1p0_a0p25_b0p05__wd1e-04trmiss0_degmodglobal,47,0.629384057862418,0.7288732528686523,0.6444444444444444,0.8262626262626265,0.5,0.0,0.5168488281113761,0.6011242185320173,0.07314644274967057,0.1994642892054149,0.0,0.0,0.0,0.0,0.0,18473,global,0.0
4,1,lr5e-05_bs8_drop0p4_temp1p0_a0p25_b0p05__wd1e-04trmiss0_degmodglobal,8,5e-05,0.0001,0.4,1.0,0.25,0.05,lr5e-05_bs8_drop0p4_temp1p0_a0p25_b0p05__wd1e-04trmiss0_degmodglobal,48,0.608160776751382,0.7313953638076782,0.6666666666666666,0.8484848484848486,0.5,0.0,0.5131299453122276,0.5828115258898053,0.06683773707066264,0.17279661021062306,0.0,0.0,0.0,0.0,0.0,18473,global,0.0
4,1,lr5e-05_bs8_drop0p4_temp1p0_a0p25_b0p05__wd1e-04trmiss0_degmodglobal,8,5e-05,0.0001,0.4,1.0,0.25,0.05,lr5e-05_bs8_drop0p4_temp1p0_a0p25_b0p05__wd1e-04trmiss0_degmodglobal,49,0.6566563674381801,0.7230623364448547,0.6444444444444444,0.8262626262626265,0.5714285714285714,0.0,0.5205126319612775,0.6281507866723197,0.06864299412284579,0.2268968809928213,0.0,0.0,0.0,0.0,0.0,18473,global,0.0
4,1,lr5e-05_bs8_drop0p4_temp1p0_a0p25_b0p05__wd1e-04trmiss0_degmodglobal,8,5e-05,0.0001,0.4,1.0,0.25,0.05,lr5e-05_bs8_drop0p4_temp1p0_a0p25_b0p05__wd1e-04trmiss0_degmodglobal,50,0.6080737624849591,0.7291218638420105,0.6666666666666666,0.8484848484848486,0.5,0.0,0.5287467581885201,0.5847071664673942,0.0639779722051961,0.14744207582303456,0.0,0.0,0.0,0.0,0.0,18473,global,0.0
4,1,lr5e-05_bs8_drop0p4_temp1p0_a0p25_b0p05__wd1e-04trmiss0_degmodglobal,8,5e-05,0.0001,0.4,1.0,0.25,0.05,lr5e-05_bs8_drop0p4_temp1p0_a0p25_b0p05__wd1e-04trmiss0_degmodglobal,51,0.6255524669374738,0.7256402671337128,0.6666666666666666,0.8484848484848486,0.5714285714285714,0.0,0.5445499590465,0.6007773280143738,0.06918650971991676,0.14957054172243392,0.0,0.0,0.0,0.0,0.0,18473,global,0.0
4,1,lr5e-05_bs8_drop0p4_temp1p0_a0p25_b0p05__wd1e-04trmiss0_degmodglobal,8,5e-05,0.0001,0.4,1.0,0.25,0.05,lr5e-05_bs8_drop0p4_temp1p0_a0p25_b0p05__wd1e-04trmiss0_degmodglobal,52,0.616436311176845,0.7229152321815491,0.6444444444444444,0.8262626262626265,0.5714285714285714,0.0,0.5274717041424343,0.5916172180856977,0.0645625511450427,0.1735688964171069,0.0,0.0,0.0,0.0,0.0,18473,global,0.0
4,1,lr5e-05_bs8_drop0p4_temp1p0_a0p25_b0p05__wd1e-04trmiss0_degmodglobal,8,5e-05,0.0001,0.4,1.0,0.25,0.05,lr5e-05_bs8_drop0p4_temp1p0_a0p25_b0p05__wd1e-04trmiss0_degmodglobal,53,0.6181614995002747,0.7271313667297363,0.6444444444444444,0.8262626262626265,0.5714285714285714,0.0,0.5338586824280875,0.5949802909578595,0.06420181319117546,0.14261524538908685,0.0,0.0,0.0,0.0,0.0,18473,global,0.0
4,1,lr5e-05_bs8_drop0p4_temp1p0_a0p25_b0p05__wd1e-04trmiss0_degmodglobal,8,5e-05,0.0001,0.4,1.0,0.25,0.05,lr5e-05_bs8_drop0p4_temp1p0_a0p25_b0p05__wd1e-04trmiss0_degmodglobal,54,0.6066365497452872,0.725558340549469,0.6666666666666666,0.8484848484848486,0.5714285714285714,0.0,0.508345229285104,0.5778694578579494,0.07647290134004184,0.19297723259244645,0.0,0.0,0.0,0.0,0.0,18473,global,0.0
4,1,lr5e-05_bs8_drop0p4_temp1p0_a0p25_b0p05__wd1e-04trmiss0_degmodglobal,8,5e-05,0.0001,0.4,1.0,0.25,0.05,lr5e-05_bs8_drop0p4_temp1p0_a0p25_b0p05__wd1e-04trmiss0_degmodglobal,55,0.6200995870998928,0.7282050251960754,0.6444444444444444,0.8262626262626265,0.5,0.0,0.5284201332501003,0.5897938864571708,0.07557273443256106,0.22825019221220696,0.0,0.0,0.0,0.0,0.0,18473,global,0.0
4,1,lr5e-05_bs8_drop0p4_temp1p0_a0p25_b0p05__wd1e-04trmiss0_degmodglobal,8,5e-05,0.0001,0.4,1.0,0.25,0.05,lr5e-05_bs8_drop0p4_temp1p0_a0p25_b0p05__wd1e-04trmiss0_degmodglobal,56,0.6151639223098755,0.726897656917572,0.6444444444444444,0.8262626262626265,0.5,0.0,0.5219151590551648,0.5806577461106437,0.0907292009464332,0.2364773005247116,0.0,0.0,0.0,0.0,0.0,18473,global,0.0
4,1,lr5e-05_bs8_drop0p4_temp1p0_a0p25_b0p05__wd1e-04trmiss0_degmodglobal,8,5e-05,0.0001,0.4,1.0,0.25,0.05,lr5e-05_bs8_drop0p4_temp1p0_a0p25_b0p05__wd1e-04trmiss0_degmodglobal,57,0.6343615310532706,0.7242314517498016,0.6444444444444444,0.8262626262626265,0.5714285714285714,0.0,0.5058881895882743,0.6041640554155622,0.07560964673757553,0.22590140466179168,0.0,0.0,0.0,0.0,0.0,18473,global,0.0
4,1,lr5e-05_bs8_drop0p4_temp1p0_a0p25_b0p05__wd1e-04trmiss0_degmodglobal,8,5e-05,0.0001,0.4,1.0,0.25,0.05,lr5e-05_bs8_drop0p4_temp1p0_a0p25_b0p05__wd1e-04trmiss0_degmodglobal,58,0.6136033577578408,0.7207681238651276,0.6444444444444444,0.8262626262626265,0.5714285714285714,0.0,0.5021559085164752,0.5826882549694606,0.07723436983568328,0.23213018476963043,0.0,0.0,0.0,0.0,0.0,18473,global,0.0
4,1,lr5e-05_bs8_drop0p4_temp1p0_a0p25_b0p05__wd1e-04trmiss0_degmodglobal,8,5e-05,0.0001,0.4,1.0,0.25,0.05,lr5e-05_bs8_drop0p4_temp1p0_a0p25_b0p05__wd1e-04trmiss0_degmodglobal,59,0.6108052815709796,0.7244428098201752,0.6444444444444444,0.8262626262626265,0.5714285714285714,0.0,0.5206414205687386,0.5825432879584176,0.07619740068912506,0.1842528326170785,0.0,0.0,0.0,0.0,0.0,18473,global,0.0
4,1,lr5e-05_bs8_drop0p4_temp1p0_a0p25_b0p05__wd1e-04trmiss0_degmodglobal,8,5e-05,0.0001,0.4,1.0,0.25,0.05,lr5e-05_bs8_drop0p4_temp1p0_a0p25_b0p05__wd1e-04trmiss0_degmodglobal,60,0.6328551343509129,0.7214570045471191,0.6444444444444444,0.8262626262626265,0.5714285714285714,0.0,0.5400490505354745,0.6037148662975856,0.07159281894564629,0.22484116149800165,0.0,0.0,0.0,0.0,0.0,18473,global,0.0
4,1,lr5e-05_bs8_drop0p4_temp1p0_a0p25_b0p05__wd1e-04trmiss0_degmodglobal,8,5e-05,0.0001,0.4,1.0,0.25,0.05,lr5e-05_bs8_drop0p4_temp1p0_a0p25_b0p05__wd1e-04trmiss0_degmodglobal,61,0.6248227953910828,0.7252760827541351,0.6444444444444444,0.8262626262626265,0.5,0.0,0.5279095300606319,0.6000861780984061,0.06590784979718071,0.16519302236182348,0.0,0.0,0.0,0.0,0.0,18473,global,0.0
4,1,lr5e-05_bs8_drop0p4_temp1p0_a0p25_b0p05__wd1e-04trmiss0_degmodglobal,8,5e-05,0.0001,0.4,1.0,0.25,0.05,lr5e-05_bs8_drop0p4_temp1p0_a0p25_b0p05__wd1e-04trmiss0_degmodglobal,62,0.6049582532473973,0.7267812490463257,0.6444444444444444,0.8262626262626265,0.5,0.0,0.5083946926253182,0.581244707107544,0.0663931178195136,0.14230526664427348,0.0,0.0,0.0,0.0,0.0,18473,global,0.0
4,1,lr5e-05_bs8_drop0p4_temp1p0_a0p25_b0p05__wd1e-04trmiss0_degmodglobal,8,5e-05,0.0001,0.4,1.0,0.25,0.05,lr5e-05_bs8_drop0p4_temp1p0_a0p25_b0p05__wd1e-04trmiss0_degmodglobal,63,0.6243115578378949,0.7293441593647003,0.6444444444444444,0.8262626262626265,0.5,0.0,0.5055717357567379,0.5820260388510567,0.11669171920844487,0.2622519774096353,0.0,0.0,0.0,0.0,0.0,18473,global,0.0
4,1,lr5e-05_bs8_drop0p4_temp1p0_a0p25_b0p05__wd1e-04trmiss0_degmodglobal,8,5e-05,0.0001,0.4,1.0,0.25,0.05,lr5e-05_bs8_drop0p4_temp1p0_a0p25_b0p05__wd1e-04trmiss0_degmodglobal,64,0.6514742459569659,0.7277863323688507,0.6444444444444444,0.8262626262626265,0.5,0.0,0.4843994847365788,0.6124748247010368,0.10259683749505452,0.2670041727168219,0.0,0.0,0.0,0.0,0.0,18473,global,0.0
4,1,lr5e-05_bs8_drop0p4_temp1p0_a0p25_b0p05__wd1e-04trmiss0_degmodglobal,8,5e-05,0.0001,0.4,1.0,0.25,0.05,lr5e-05_bs8_drop0p4_temp1p0_a0p25_b0p05__wd1e-04trmiss0_degmodglobal,65,0.6490084103175572,0.7305927574634552,0.6444444444444444,0.8262626262626265,0.5,0.0,0.4884390277521951,0.6088577934673854,0.1056402437388897,0.2748114200575011,0.0,0.0,0.0,0.0,0.0,18473,global,0.0
4,1,lr5e-05_bs8_drop0p4_temp1p0_a0p25_b0p05__wd1e-04trmiss0_degmodglobal,8,5e-05,0.0001,0.4,1.0,0.25,0.05,lr5e-05_bs8_drop0p4_temp1p0_a0p25_b0p05__wd1e-04trmiss0_degmodglobal,66,0.635931806904929,0.728555828332901,0.6444444444444444,0.8262626262626265,0.5,0.0,0.5091651252337864,0.6002219574792045,0.08989919961563178,0.26470125945551054,0.0,0.0,0.0,0.0,0.0,18473,global,0.0
4,1,lr5e-05_bs8_drop0p4_temp1p0_a0p25_b0p05__wd1e-04trmiss0_degmodglobal,8,5e-05,0.0001,0.4,1.0,0.25,0.05,lr5e-05_bs8_drop0p4_temp1p0_a0p25_b0p05__wd1e-04trmiss0_degmodglobal,67,0.6281255909374782,0.7280064225196838,0.6444444444444444,0.8262626262626265,0.5,0.0,0.4670214567865644,0.5890894532203674,0.09755216751779829,0.29296175284045084,0.0,0.0,0.0,0.0,0.0,18473,global,0.0
4,1,lr5e-05_bs8_drop0p4_temp1p0_a0p25_b0p05__wd1e-04trmiss0_degmodglobal,8,5e-05,0.0001,0.4,1.0,0.25,0.05,lr5e-05_bs8_drop0p4_temp1p0_a0p25_b0p05__wd1e-04trmiss0_degmodglobal,68,0.619233889239175,0.7281632423400879,0.6444444444444444,0.8262626262626265,0.5,0.0,0.4986091596739633,0.5830143094062805,0.09490868662084852,0.24984799751213618,0.0,0.0,0.0,0.0,0.0,18473,global,0.0
4,1,lr5e-05_bs8_drop0p4_temp1p0_a0p25_b0p05__wd1e-04trmiss0_degmodglobal,8,5e-05,0.0001,0.4,1.0,0.25,0.05,lr5e-05_bs8_drop0p4_temp1p0_a0p25_b0p05__wd1e-04trmiss0_degmodglobal,69,0.6655143669673375,0.7293614447116852,0.6222222222222221,0.8143578643578646,0.5,0.0,0.5148634995732989,0.6361824955259051,0.06709760214601244,0.25114946493080686,0.0,0.0,0.0,0.0,0.0,18473,global,0.0
4,1,lr5e-05_bs8_drop0p4_temp1p0_a0p25_b0p05__wd1e-04trmiss0_degmodglobal,8,5e-05,0.0001,0.4,1.0,0.25,0.05,lr5e-05_bs8_drop0p4_temp1p0_a0p25_b0p05__wd1e-04trmiss0_degmodglobal,70,0.6317830085754395,0.7274489104747772,0.6222222222222221,0.8143578643578646,0.5,0.0,0.4915181909288679,0.5961076276642936,0.09255455008574895,0.25073518071855816,0.0,0.0,0.0,0.0,0.0,18473,global,0.0
4,1,lr5e-05_bs8_drop0p4_temp1p0_a0p25_b0p05__wd1e-04trmiss0_degmodglobal,8,5e-05,0.0001,0.4,1.0,0.25,0.05,lr5e-05_bs8_drop0p4_temp1p0_a0p25_b0p05__wd1e-04trmiss0_degmodglobal,71,0.6799544777188983,0.7293029427528381,0.6222222222222221,0.8143578643578646,0.5,0.0,0.520868569612503,0.6422121099063328,0.088878387053098,0.3104557123567377,0.0,0.0,0.0,0.0,0.0,18473,global,0.0
4,1,lr5e-05_bs8_drop0p4_temp1p0_a0p25_b0p05__wd1e-04trmiss0_degmodglobal,8,5e-05,0.0001,0.4,1.0,0.25,0.05,lr5e-05_bs8_drop0p4_temp1p0_a0p25_b0p05__wd1e-04trmiss0_degmodglobal,72,0.5988248842103141,0.7303100824356079,0.6444444444444444,0.8262626262626265,0.5,0.0,0.4900617556912558,0.5723579866545541,0.06998127911772047,0.17943134478160314,0.0,0.0,0.0,0.0,0.0,18473,global,0.0
4,1,lr5e-05_bs8_drop0p4_temp1p0_a0p25_b0p05__wd1e-04trmiss0_degmodglobal,8,5e-05,0.0001,0.4,1.0,0.25,0.05,lr5e-05_bs8_drop0p4_temp1p0_a0p25_b0p05__wd1e-04trmiss0_degmodglobal,73,0.6535902534212384,0.7281906604766846,0.6444444444444444,0.8262626262626265,0.5,0.0,0.47605497922216145,0.617128210408347,0.09137141065938133,0.27238385166440693,0.0,0.0,0.0,0.0,0.0,18473,global,0.0
4,1,lr5e-05_bs8_drop0p4_temp1p0_a0p25_b0p05__wd1e-04trmiss0_degmodglobal,8,5e-05,0.0001,0.4,1.0,0.25,0.05,lr5e-05_bs8_drop0p4_temp1p0_a0p25_b0p05__wd1e-04trmiss0_degmodglobal,74,0.6221210786274501,0.7291527986526489,0.6222222222222221,0.8143578643578646,0.5,0.0,0.49293253677231924,0.586116543837956,0.09590917612825121,0.2405448704957962,0.0,0.0,0.0,0.0,0.0,18473,global,0.0
4,1,lr5e-05_bs8_drop0p4_temp2p0_a0p25_b0p05__wd1e-04trmiss0_degmodglobal,8,5e-05,0.0001,0.4,2.0,0.25,0.05,lr5e-05_bs8_drop0p4_temp2p0_a0p25_b0p05__wd1e-04trmiss0_degmodglobal,1,0.7652229411261422,0.6792322397232056,0.5111111111111111,0.7297619047619048,0.6428571428571429,0.0,0.683792667729514,0.7409785219601223,0.05762501007744244,0.19676340371370316,0.0,0.0,0.0,0.0,0.0,18473,global,0.0
4,1,lr5e-05_bs8_drop0p4_temp2p0_a0p25_b0p05__wd1e-04trmiss0_degmodglobal,8,5e-05,0.0001,0.4,2.0,0.25,0.05,lr5e-05_bs8_drop0p4_temp2p0_a0p25_b0p05__wd1e-04trmiss0_degmodglobal,2,0.7224139996937343,0.674592912197113,0.5777777777777777,0.7711640211640214,0.5714285714285714,0.0,0.6690186432429722,0.7003991007804871,0.05291939180876527,0.17570106152977263,0.0,0.0,0.0,0.0,0.0,18473,global,0.0
4,1,lr5e-05_bs8_drop0p4_temp2p0_a0p25_b0p05__wd1e-04trmiss0_degmodglobal,8,5e-05,0.0001,0.4,2.0,0.25,0.05,lr5e-05_bs8_drop0p4_temp2p0_a0p25_b0p05__wd1e-04trmiss0_degmodglobal,3,0.7364292400223869,0.6645300388336182,0.7333333333333333,0.867784067784068,0.6428571428571429,0.0,0.6381421685218811,0.7023820962224688,0.08301109448075294,0.26588693048272816,0.0,0.0,0.0,0.0,0.0,18473,global,0.0
4,1,lr5e-05_bs8_drop0p4_temp2p0_a0p25_b0p05__wd1e-04trmiss0_degmodglobal,8,5e-05,0.0001,0.4,2.0,0.25,0.05,lr5e-05_bs8_drop0p4_temp2p0_a0p25_b0p05__wd1e-04trmiss0_degmodglobal,4,0.6834612659045628,0.6573779881000519,0.7777777777777778,0.9021756021756022,0.6428571428571429,0.0,0.6315018023763385,0.6663454260144915,0.04159236406641347,0.13435483191694533,0.0,0.0,0.0,0.0,0.0,18473,global,0.0
4,1,lr5e-05_bs8_drop0p4_temp2p0_a0p25_b0p05__wd1e-04trmiss0_degmodglobal,8,5e-05,0.0001,0.4,2.0,0.25,0.05,lr5e-05_bs8_drop0p4_temp2p0_a0p25_b0p05__wd1e-04trmiss0_degmodglobal,5,0.6971200960023063,0.6469111740589142,0.8,0.9108175774842442,0.6428571428571429,0.0,0.6227811745234898,0.6689230373927525,0.06917927999581609,0.21804480254650116,0.0,0.0,0.0,0.0,0.0,18473,global,0.0
4,1,lr5e-05_bs8_drop0p4_temp2p0_a0p25_b0p05__wd1e-04trmiss0_degmodglobal,8,5e-05,0.0001,0.4,2.0,0.25,0.05,lr5e-05_bs8_drop0p4_temp2p0_a0p25_b0p05__wd1e-04trmiss0_degmodglobal,6,0.7035643884113857,0.6578032374382019,0.7555555555555555,0.8954415954415955,0.6428571428571429,0.0,0.6203178337642125,0.6822753122874669,0.04668276118380683,0.19236788951924869,0.0,0.0,0.0,0.0,0.0,18473,global,0.0
4,1,lr5e-05_bs8_drop0p4_temp2p0_a0p25_b0p05__wd1e-04trmiss0_degmodglobal,8,5e-05,0.0001,0.4,2.0,0.25,0.05,lr5e-05_bs8_drop0p4_temp2p0_a0p25_b0p05__wd1e-04trmiss0_degmodglobal,7,0.6535781792231968,0.6621244549751282,0.7555555555555555,0.8954415954415955,0.5714285714285714,0.0,0.6738520009177071,0.6323126980236599,0.04941796059054988,0.17821962812117167,0.0,0.0,0.0,0.0,0.0,18473,global,0.0
4,1,lr5e-05_bs8_drop0p4_temp2p0_a0p25_b0p05__wd1e-04trmiss0_degmodglobal,8,5e-05,0.0001,0.4,2.0,0.25,0.05,lr5e-05_bs8_drop0p4_temp2p0_a0p25_b0p05__wd1e-04trmiss0_degmodglobal,8,0.6555627414158413,0.6603298783302307,0.7555555555555555,0.8863025863025864,0.5714285714285714,0.0,0.6142335959843227,0.6329670463289533,0.05722404643893242,0.1657936147281102,0.0,0.0,0.0,0.0,0.0,18473,global,0.0
4,1,lr5e-05_bs8_drop0p4_temp2p0_a0p25_b0p05__wd1e-04trmiss0_degmodglobal,8,5e-05,0.0001,0.4,2.0,0.25,0.05,lr5e-05_bs8_drop0p4_temp2p0_a0p25_b0p05__wd1e-04trmiss0_degmodglobal,9,0.6253524337496076,0.6565058827400208,0.8,0.8321348404681739,0.7857142857142857,0.0,0.6176907845905849,0.6037916115352085,0.050897433289459774,0.17672963440418243,0.0,0.0,0.0,0.0,0.0,18473,global,0.0
4,1,lr5e-05_bs8_drop0p4_temp2p0_a0p25_b0p05__wd1e-04trmiss0_degmodglobal,8,5e-05,0.0001,0.4,2.0,0.25,0.05,lr5e-05_bs8_drop0p4_temp2p0_a0p25_b0p05__wd1e-04trmiss0_degmodglobal,10,0.6235311031341553,0.6551018953323364,0.7777777777777778,0.8222582972582972,0.8571428571428571,0.0,0.5685073818479266,0.5985519204820905,0.06394607839839798,0.17985311150550842,0.0,0.0,0.0,0.0,0.0,18473,global,0.0
4,1,lr5e-05_bs8_drop0p4_temp2p0_a0p25_b0p05__wd1e-04trmiss0_degmodglobal,8,5e-05,0.0001,0.4,2.0,0.25,0.05,lr5e-05_bs8_drop0p4_temp2p0_a0p25_b0p05__wd1e-04trmiss0_degmodglobal,11,0.6321098974772862,0.6481166481971741,0.8444444444444444,0.8969496552829888,0.7857142857142857,0.0,0.5795227714947292,0.6086607490267072,0.0626647270151547,0.15565941482782364,0.0,0.0,0.0,0.0,0.0,18473,global,0.0
4,1,lr5e-05_bs8_drop0p4_temp2p0_a0p25_b0p05__wd1e-04trmiss0_degmodglobal,8,5e-05,0.0001,0.4,2.0,0.25,0.05,lr5e-05_bs8_drop0p4_temp2p0_a0p25_b0p05__wd1e-04trmiss0_degmodglobal,12,0.6212323648588998,0.649212121963501,0.8222222222222223,0.9051858635191969,0.7857142857142857,0.0,0.5897070339747837,0.5928824969700405,0.0687025354376861,0.22348479820149286,0.0,0.0,0.0,0.0,0.0,18473,global,0.0
4,1,lr5e-05_bs8_drop0p4_temp2p0_a0p25_b0p05__wd1e-04trmiss0_degmodglobal,8,5e-05,0.0001,0.4,2.0,0.25,0.05,lr5e-05_bs8_drop0p4_temp2p0_a0p25_b0p05__wd1e-04trmiss0_degmodglobal,13,0.6023669157709394,0.6472373008728027,0.8,0.8829636412969748,0.7857142857142857,0.0,0.5580735632351467,0.5745647507054465,0.08238339317696435,0.14412606826850347,0.0,0.0,0.0,0.0,0.0,18473,global,0.0
4,1,lr5e-05_bs8_drop0p4_temp2p0_a0p25_b0p05__wd1e-04trmiss0_degmodglobal,8,5e-05,0.0001,0.4,2.0,0.25,0.05,lr5e-05_bs8_drop0p4_temp2p0_a0p25_b0p05__wd1e-04trmiss0_degmodglobal,14,0.6197397453444344,0.6440720558166504,0.8666666666666667,0.9395773979107314,0.7857142857142857,0.0,0.5941128986222404,0.5971204723630633,0.05786286188023431,0.16307111829519272,0.0,0.0,0.0,0.0,0.0,18473,global,0.0
4,1,lr5e-05_bs8_drop0p4_temp2p0_a0p25_b0p05__wd1e-04trmiss0_degmodglobal,8,5e-05,0.0001,0.4,2.0,0.25,0.05,lr5e-05_bs8_drop0p4_temp2p0_a0p25_b0p05__wd1e-04trmiss0_degmodglobal,15,0.6139819877488273,0.6433601677417755,0.8666666666666667,0.9395773979107314,0.7857142857142857,0.0,0.5767165166991097,0.5924329927989415,0.05999766795762947,0.13099143973418645,0.0,0.0,0.0,0.0,0.0,18473,global,0.0
4,1,lr5e-05_bs8_drop0p4_temp2p0_a0p25_b0p05__wd1e-04trmiss0_degmodglobal,8,5e-05,0.0001,0.4,2.0,0.25,0.05,lr5e-05_bs8_drop0p4_temp2p0_a0p25_b0p05__wd1e-04trmiss0_degmodglobal,16,0.6104974065508161,0.6438187658786774,0.8666666666666667,0.9395773979107314,0.7857142857142857,0.0,0.5707949314798627,0.5829786998885018,0.06931157410144806,0.20381667145660945,0.0,0.0,0.0,0.0,0.0,18473,global,0.0
4,1,lr5e-05_bs8_drop0p4_temp2p0_a0p25_b0p05__wd1e-04trmiss0_degmodglobal,8,5e-05,0.0001,0.4,2.0,0.25,0.05,lr5e-05_bs8_drop0p4_temp2p0_a0p25_b0p05__wd1e-04trmiss0_degmodglobal,17,0.6106120603425162,0.6455445289611816,0.8444444444444446,0.9237043820377155,0.7857142857142857,0.0,0.5570460557937622,0.5814117108072553,0.06804554803030831,0.24377880777631486,0.0,0.0,0.0,0.0,0.0,18473,global,0.0
4,1,lr5e-05_bs8_drop0p4_temp2p0_a0p25_b0p05__wd1e-04trmiss0_degmodglobal,8,5e-05,0.0001,0.4,2.0,0.25,0.05,lr5e-05_bs8_drop0p4_temp2p0_a0p25_b0p05__wd1e-04trmiss0_degmodglobal,18,0.6085230282374791,0.6445567607879639,0.8222222222222222,0.9138278388278389,0.7857142857142857,0.0,0.596596747636795,0.5840595407145364,0.0637454449066094,0.17054277232715062,0.0,0.0,0.0,0.0,0.0,18473,global,0.0
4,1,lr5e-05_bs8_drop0p4_temp2p0_a0p25_b0p05__wd1e-04trmiss0_degmodglobal,8,5e-05,0.0001,0.4,2.0,0.25,0.05,lr5e-05_bs8_drop0p4_temp2p0_a0p25_b0p05__wd1e-04trmiss0_degmodglobal,19,0.616513226713453,0.64091756939888,0.8444444444444446,0.9237043820377155,0.7857142857142857,0.0,0.5914595723152161,0.5889174171856472,0.07022022136620112,0.20081487830196107,0.0,0.0,0.0,0.0,0.0,18473,global,0.0
4,1,lr5e-05_bs8_drop0p4_temp2p0_a0p25_b0p05__wd1e-04trmiss0_degmodglobal,8,5e-05,0.0001,0.4,2.0,0.25,0.05,lr5e-05_bs8_drop0p4_temp2p0_a0p25_b0p05__wd1e-04trmiss0_degmodglobal,20,0.5926694699696132,0.6398071944713593,0.8666666666666667,0.9395773979107314,0.7857142857142857,0.0,0.5426314473152161,0.5684637427330017,0.06290392950177193,0.16959493607282639,0.0,0.0,0.0,0.0,0.0,18473,global,0.0
4,1,lr5e-05_bs8_drop0p4_temp2p0_a0p25_b0p05__wd1e-04trmiss0_degmodglobal,8,5e-05,0.0001,0.4,2.0,0.25,0.05,lr5e-05_bs8_drop0p4_temp2p0_a0p25_b0p05__wd1e-04trmiss0_degmodglobal,21,0.5773682168551854,0.6385541558265686,0.8444444444444446,0.9237043820377155,0.8571428571428571,0.0,0.5589479548590524,0.5541675431387765,0.06368370939578329,0.1455953557576452,0.0,0.0,0.0,0.0,0.0,18473,global,0.0
4,1,lr5e-05_bs8_drop0p4_temp2p0_a0p25_b0p05__wd1e-04trmiss0_degmodglobal,8,5e-05,0.0001,0.4,2.0,0.25,0.05,lr5e-05_bs8_drop0p4_temp2p0_a0p25_b0p05__wd1e-04trmiss0_degmodglobal,22,0.6112071446010044,0.6337007284164429,0.8666666666666667,0.9395773979107314,0.7857142857142857,0.0,0.5687928199768066,0.5811916078839984,0.07438650674053601,0.2283785832779748,0.0,0.0,0.0,0.0,0.0,18473,global,0.0
4,1,lr5e-05_bs8_drop0p4_temp2p0_a0p25_b0p05__wd1e-04trmiss0_degmodglobal,8,5e-05,0.0001,0.4,2.0,0.25,0.05,lr5e-05_bs8_drop0p4_temp2p0_a0p25_b0p05__wd1e-04trmiss0_degmodglobal,23,0.5760838559695652,0.6331600546836853,0.8888888888888888,0.9459876543209877,0.7857142857142857,0.0,0.5421220149312701,0.5480354513440814,0.07111086856041636,0.20541381942374365,0.0,0.0,0.0,0.0,0.0,18473,global,0.0
4,1,lr5e-05_bs8_drop0p4_temp2p0_a0p25_b0p05__wd1e-04trmiss0_degmodglobal,8,5e-05,0.0001,0.4,2.0,0.25,0.05,lr5e-05_bs8_drop0p4_temp2p0_a0p25_b0p05__wd1e-04trmiss0_degmodglobal,24,0.5742826802389962,0.6310447454452515,0.8444444444444444,0.9115961199294533,0.7857142857142857,0.0,0.518735762153353,0.5370726329939706,0.09790061307804925,0.25469776349408285,0.0,0.0,0.0,0.0,0.0,18473,global,0.0
4,1,lr5e-05_bs8_drop0p4_temp2p0_a0p25_b0p05__wd1e-04trmiss0_degmodglobal,8,5e-05,0.0001,0.4,2.0,0.25,0.05,lr5e-05_bs8_drop0p4_temp2p0_a0p25_b0p05__wd1e-04trmiss0_degmodglobal,25,0.629499580178942,0.6292023658752441,0.8222222222222222,0.8893738977072312,0.7857142857142857,0.0,0.5559544307844979,0.5965977140835353,0.08397134872419494,0.23818042608244078,0.0,0.0,0.0,0.0,0.0,18473,global,0.0
4,1,lr5e-05_bs8_drop0p4_temp2p0_a0p25_b0p05__wd1e-04trmiss0_degmodglobal,8,5e-05,0.0001,0.4,2.0,0.25,0.05,lr5e-05_bs8_drop0p4_temp2p0_a0p25_b0p05__wd1e-04trmiss0_degmodglobal,26,0.6168049659047808,0.6282002329826355,0.8444444444444444,0.9115961199294533,0.7857142857142857,0.0,0.539516840662275,0.5846570645059858,0.08672764578035899,0.2093196383544377,0.0,0.0,0.0,0.0,0.0,18473,global,0.0
4,1,lr5e-05_bs8_drop0p4_temp2p0_a0p25_b0p05__wd1e-04trmiss0_degmodglobal,8,5e-05,0.0001,0.4,2.0,0.25,0.05,lr5e-05_bs8_drop0p4_temp2p0_a0p25_b0p05__wd1e-04trmiss0_degmodglobal,27,0.5698835168566022,0.6257962584495544,0.8444444444444444,0.8969496552829888,0.7857142857142857,0.0,0.5391432557787214,0.5391584081309182,0.07831737665193421,0.2229153737425804,0.0,0.0,0.0,0.0,0.0,18473,global,0.0
4,1,lr5e-05_bs8_drop0p4_temp2p0_a0p25_b0p05__wd1e-04trmiss0_degmodglobal,8,5e-05,0.0001,0.4,2.0,0.25,0.05,lr5e-05_bs8_drop0p4_temp2p0_a0p25_b0p05__wd1e-04trmiss0_degmodglobal,28,0.5557181239128113,0.6251542568206787,0.8222222222222222,0.8870731120731121,0.7857142857142857,0.0,0.5330251625605992,0.5248027529035296,0.08227263683719295,0.20694405053343093,0.0,0.0,0.0,0.0,0.0,18473,global,0.0
4,1,lr5e-05_bs8_drop0p4_temp2p0_a0p25_b0p05__wd1e-04trmiss0_degmodglobal,8,5e-05,0.0001,0.4,2.0,0.25,0.05,lr5e-05_bs8_drop0p4_temp2p0_a0p25_b0p05__wd1e-04trmiss0_degmodglobal,29,0.6119472895349775,0.617443859577179,0.8888888888888888,0.9436868686868689,0.7857142857142857,0.0,0.5435314902237484,0.5730748389448438,0.10864623316696712,0.2342178640621049,0.0,0.0,0.0,0.0,0.0,18473,global,0.0
4,1,lr5e-05_bs8_drop0p4_temp2p0_a0p25_b0p05__wd1e-04trmiss0_degmodglobal,8,5e-05,0.0001,0.4,2.0,0.25,0.05,lr5e-05_bs8_drop0p4_temp2p0_a0p25_b0p05__wd1e-04trmiss0_degmodglobal,30,0.5668944801603045,0.622740626335144,0.8444444444444444,0.9092953342953345,0.7857142857142857,0.0,0.5209789744445256,0.5280721357890538,0.09992307371326856,0.2768316833036287,0.0,0.0,0.0,0.0,0.0,18473,global,0.0
4,1,lr5e-05_bs8_drop0p4_temp2p0_a0p25_b0p05__wd1e-04trmiss0_degmodglobal,8,5e-05,0.0001,0.4,2.0,0.25,0.05,lr5e-05_bs8_drop0p4_temp2p0_a0p25_b0p05__wd1e-04trmiss0_degmodglobal,31,0.5584171329225812,0.6268260478973389,0.8222222222222222,0.8870731120731121,0.7142857142857143,0.0,0.5401870608329773,0.5318818688392639,0.06392875260540418,0.21106144679444178,0.0,0.0,0.0,0.0,0.0,18473,global,0.0
4,1,lr5e-05_bs8_drop0p4_temp2p0_a0p25_b0p05__wd1e-04trmiss0_degmodglobal,8,5e-05,0.0001,0.4,2.0,0.25,0.05,lr5e-05_bs8_drop0p4_temp2p0_a0p25_b0p05__wd1e-04trmiss0_degmodglobal,32,0.5640334572110858,0.6270955801010132,0.8222222222222222,0.8870731120731121,0.7857142857142857,0.0,0.5014392733573914,0.530834253345217,0.08721450130854334,0.22791171499661037,0.0,0.0,0.0,0.0,0.0,18473,global,0.0
4,1,lr5e-05_bs8_drop0p4_temp2p0_a0p25_b0p05__wd1e-04trmiss0_degmodglobal,8,5e-05,0.0001,0.4,2.0,0.25,0.05,lr5e-05_bs8_drop0p4_temp2p0_a0p25_b0p05__wd1e-04trmiss0_degmodglobal,33,0.5674618610313961,0.6269370317459106,0.8444444444444444,0.8969496552829888,0.8571428571428571,0.0,0.5533919249262128,0.5416285821369716,0.07416551453726632,0.14583797752857208,0.0,0.0,0.0,0.0,0.0,18473,global,0.0
4,1,lr5e-05_bs8_drop0p4_temp2p0_a0p25_b0p05__wd1e-04trmiss0_degmodglobal,8,5e-05,0.0001,0.4,2.0,0.25,0.05,lr5e-05_bs8_drop0p4_temp2p0_a0p25_b0p05__wd1e-04trmiss0_degmodglobal,34,0.5782699201788221,0.6227381229400635,0.8666666666666667,0.9191718775052109,0.7857142857142857,0.0,0.5188392783914294,0.5536468199321202,0.0606608683509486,0.18915804581982748,0.0,0.0,0.0,0.0,0.0,18473,global,0.0
4,1,lr5e-05_bs8_drop0p4_temp2p0_a0p25_b0p05__wd1e-04trmiss0_degmodglobal,8,5e-05,0.0001,0.4,2.0,0.25,0.05,lr5e-05_bs8_drop0p4_temp2p0_a0p25_b0p05__wd1e-04trmiss0_degmodglobal,35,0.5971197145325797,0.6304178237915039,0.8666666666666667,0.9191718775052109,0.8571428571428571,0.0,0.5527227095195225,0.5679042083876473,0.07690193397658211,0.19980053071464812,0.0,0.0,0.0,0.0,0.0,18473,global,0.0
4,1,lr5e-05_bs8_drop0p4_temp2p0_a0p25_b0p05__wd1e-04trmiss0_degmodglobal,8,5e-05,0.0001,0.4,2.0,0.25,0.05,lr5e-05_bs8_drop0p4_temp2p0_a0p25_b0p05__wd1e-04trmiss0_degmodglobal,36,0.563303359917232,0.6326324045658112,0.8444444444444444,0.9092953342953345,0.8571428571428571,0.0,0.523850849696568,0.5352257830756051,0.07340804913214274,0.19451115413435868,0.0,0.0,0.0,0.0,0.0,18473,global,0.0
4,1,lr5e-05_bs8_drop0p4_temp2p0_a0p25_b0p05__wd1e-04trmiss0_degmodglobal,8,5e-05,0.0001,0.4,2.0,0.25,0.05,lr5e-05_bs8_drop0p4_temp2p0_a0p25_b0p05__wd1e-04trmiss0_degmodglobal,37,0.5451464014393943,0.6312035918235779,0.8444444444444444,0.9092953342953345,0.7857142857142857,0.0,0.5171131789684296,0.5188462734222412,0.06740425048129899,0.18898133082049234,0.0,0.0,0.0,0.0,0.0,18473,global,0.0
4,1,lr5e-05_bs8_drop0p4_temp2p0_a0p25_b0p05__wd1e-04trmiss0_degmodglobal,8,5e-05,0.0001,0.4,2.0,0.25,0.05,lr5e-05_bs8_drop0p4_temp2p0_a0p25_b0p05__wd1e-04trmiss0_degmodglobal,38,0.557289149080004,0.6312408149242401,0.8444444444444444,0.9092953342953345,0.7857142857142857,0.0,0.4927136855466025,0.5263635686465672,0.08537702528493744,0.19162631886346,0.0,0.0,0.0,0.0,0.0,18473,global,0.0
4,1,lr5e-05_bs8_drop0p4_temp2p0_a0p25_b0p05__wd1e-04trmiss0_degmodglobal,8,5e-05,0.0001,0.4,2.0,0.25,0.05,lr5e-05_bs8_drop0p4_temp2p0_a0p25_b0p05__wd1e-04trmiss0_degmodglobal,39,0.5776038340159825,0.6246480941772461,0.8444444444444444,0.9092953342953345,0.7857142857142857,0.0,0.4985082064356123,0.5441083652632577,0.08246267427291189,0.2575962798936026,0.0,0.0,0.0,0.0,0.0,18473,global,0.0
4,1,lr5e-05_bs8_drop0p4_temp2p0_a0p25_b0p05__wd1e-04trmiss0_degmodglobal,8,5e-05,0.0001,0.4,2.0,0.25,0.05,lr5e-05_bs8_drop0p4_temp2p0_a0p25_b0p05__wd1e-04trmiss0_degmodglobal,40,0.5702094605990818,0.6231273710727692,0.8666666666666667,0.9278138528138529,0.7857142857142857,0.0,0.53452810219356,0.5462823297296252,0.0670343813087259,0.14337083484445298,0.0,0.0,0.0,0.0,0.0,18473,global,0.0
4,1,lr5e-05_bs8_drop0p4_temp2p0_a0p25_b0p05__wd1e-04trmiss0_degmodglobal,8,5e-05,0.0001,0.4,2.0,0.25,0.05,lr5e-05_bs8_drop0p4_temp2p0_a0p25_b0p05__wd1e-04trmiss0_degmodglobal,41,0.5730425034250531,0.6203993558883667,0.8888888888888888,0.9376903960237295,0.7857142857142857,0.0,0.515571049281529,0.5422374308109283,0.08458538992064339,0.19317481028182165,0.0,0.0,0.0,0.0,0.0,18473,global,0.0
4,1,lr5e-05_bs8_drop0p4_temp2p0_a0p25_b0p05__wd1e-04trmiss0_degmodglobal,8,5e-05,0.0001,0.4,2.0,0.25,0.05,lr5e-05_bs8_drop0p4_temp2p0_a0p25_b0p05__wd1e-04trmiss0_degmodglobal,42,0.598726042679378,0.6181308627128601,0.8888888888888888,0.9376903960237295,0.7857142857142857,0.0,0.5156170896121434,0.565020603793008,0.08327837714127131,0.2577166961772101,0.0,0.0,0.0,0.0,0.0,18473,global,0.0
4,1,lr5e-05_bs8_drop0p4_temp2p0_a0p25_b0p05__wd1e-04trmiss0_degmodglobal,8,5e-05,0.0001,0.4,2.0,0.25,0.05,lr5e-05_bs8_drop0p4_temp2p0_a0p25_b0p05__wd1e-04trmiss0_degmodglobal,43,0.5882046691008976,0.6200031042098999,0.8888888888888888,0.9376903960237295,0.8571428571428571,0.0,0.5202643232686179,0.5604200107710702,0.07989018516881126,0.15624215028115682,0.0,0.0,0.0,0.0,0.0,18473,global,0.0
4,1,lr5e-05_bs8_drop0p4_temp2p0_a0p25_b0p05__wd1e-04trmiss0_degmodglobal,8,5e-05,0.0001,0.4,2.0,0.25,0.05,lr5e-05_bs8_drop0p4_temp2p0_a0p25_b0p05__wd1e-04trmiss0_degmodglobal,44,0.5702962023871285,0.6188204288482666,0.8888888888888888,0.9376903960237295,0.8571428571428571,0.0,0.49962020346096586,0.5396080017089844,0.08506274915167264,0.18845029760684287,0.0,0.0,0.0,0.0,0.0,18473,global,0.0
4,1,lr5e-05_bs8_drop0p4_temp2p0_a0p25_b0p05__wd1e-04trmiss0_degmodglobal,8,5e-05,0.0001,0.4,2.0,0.25,0.05,lr5e-05_bs8_drop0p4_temp2p0_a0p25_b0p05__wd1e-04trmiss0_degmodglobal,45,0.5520968777792794,0.6196523904800415,0.8666666666666667,0.9191718775052109,0.8571428571428571,0.0,0.5070212738854545,0.5233285086495536,0.08182783478072711,0.1662281538758959,0.0,0.0,0.0,0.0,0.0,18473,global,0.0
4,1,lr5e-05_bs8_drop0p4_temp2p0_a0p25_b0p05__wd1e-04trmiss0_degmodglobal,8,5e-05,0.0001,0.4,2.0,0.25,0.05,lr5e-05_bs8_drop0p4_temp2p0_a0p25_b0p05__wd1e-04trmiss0_degmodglobal,46,0.5634206192834037,0.6156246960163116,0.9111111111111111,0.9535634118967453,0.8571428571428571,0.0,0.5653356271130698,0.5197687063898359,0.11397178896835872,0.3031791980777468,0.0,0.0,0.0,0.0,0.0,18473,global,0.0
4,1,lr5e-05_bs8_drop0p4_temp2p0_a0p25_b0p05__wd1e-04trmiss0_degmodglobal,8,5e-05,0.0001,0.4,2.0,0.25,0.05,lr5e-05_bs8_drop0p4_temp2p0_a0p25_b0p05__wd1e-04trmiss0_degmodglobal,47,0.5794516801834106,0.6167308688163757,0.9111111111111111,0.9535634118967453,0.8571428571428571,0.0,0.5176759362220764,0.5391669869422913,0.10730423991169248,0.2691726897444044,0.0,0.0,0.0,0.0,0.0,18473,global,0.0
4,1,lr5e-05_bs8_drop0p4_temp2p0_a0p25_b0p05__wd1e-04trmiss0_degmodglobal,8,5e-05,0.0001,0.4,2.0,0.25,0.05,lr5e-05_bs8_drop0p4_temp2p0_a0p25_b0p05__wd1e-04trmiss0_degmodglobal,48,0.6116545030048915,0.6232756674289703,0.8888888888888888,0.9376903960237295,0.8571428571428571,0.0,0.48775535821914673,0.5785273228372846,0.0934838205575943,0.19512419828346797,0.0,0.0,0.0,0.0,0.0,18473,global,0.0
4,1,lr5e-05_bs8_drop0p4_temp2p0_a0p25_b0p05__wd1e-04trmiss0_degmodglobal,8,5e-05,0.0001,0.4,2.0,0.25,0.05,lr5e-05_bs8_drop0p4_temp2p0_a0p25_b0p05__wd1e-04trmiss0_degmodglobal,49,0.5822114603860038,0.6262381672859192,0.8888888888888888,0.9376903960237295,0.8571428571428571,0.0,0.5161066395895821,0.5487450276102338,0.09141842648386955,0.21223654278687068,0.0,0.0,0.0,0.0,0.0,18473,global,0.0
4,1,lr5e-05_bs8_drop0p4_temp2p0_a0p25_b0p05__wd1e-04trmiss0_degmodglobal,8,5e-05,0.0001,0.4,2.0,0.25,0.05,lr5e-05_bs8_drop0p4_temp2p0_a0p25_b0p05__wd1e-04trmiss0_degmodglobal,50,0.5718248571668353,0.6227328777313232,0.8888888888888888,0.9376903960237295,0.7857142857142857,0.0,0.4894624480179378,0.536590576171875,0.09033141604491643,0.2530285173228809,0.0,0.0,0.0,0.0,0.0,18473,global,0.0
4,1,lr5e-05_bs8_drop0p4_temp2p0_a0p25_b0p05__wd1e-04trmiss0_degmodglobal,8,5e-05,0.0001,0.4,2.0,0.25,0.05,lr5e-05_bs8_drop0p4_temp2p0_a0p25_b0p05__wd1e-04trmiss0_degmodglobal,51,0.5786139922482627,0.6227043569087982,0.8888888888888888,0.9376903960237295,0.8571428571428571,0.0,0.4842323916299002,0.5454427301883698,0.08286004140973091,0.24912497401237488,0.0,0.0,0.0,0.0,0.0,18473,global,0.0
4,1,lr5e-05_bs8_drop0p4_temp2p0_a0p25_b0p05__wd1e-04trmiss0_degmodglobal,8,5e-05,0.0001,0.4,2.0,0.25,0.05,lr5e-05_bs8_drop0p4_temp2p0_a0p25_b0p05__wd1e-04trmiss0_degmodglobal,52,0.5593999198504856,0.6202551126480103,0.8888888888888888,0.9376903960237295,0.7857142857142857,0.0,0.47196392927850994,0.5218498962266105,0.10277550986834935,0.23712293803691864,0.0,0.0,0.0,0.0,0.0,18473,global,0.0
4,1,lr5e-05_bs8_drop0p4_temp2p0_a0p25_b0p05__wd1e-04trmiss0_degmodglobal,8,5e-05,0.0001,0.4,2.0,0.25,0.05,lr5e-05_bs8_drop0p4_temp2p0_a0p25_b0p05__wd1e-04trmiss0_degmodglobal,53,0.5631025859287807,0.6136819422245026,0.8888888888888888,0.9376903960237295,0.7857142857142857,0.0,0.5143990346363613,0.5323817729949951,0.08702615382415908,0.17928541345255716,0.0,0.0,0.0,0.0,0.0,18473,global,0.0
4,1,lr5e-05_bs8_drop0p4_temp2p0_a0p25_b0p05__wd1e-04trmiss0_degmodglobal,8,5e-05,0.0001,0.4,2.0,0.25,0.05,lr5e-05_bs8_drop0p4_temp2p0_a0p25_b0p05__wd1e-04trmiss0_degmodglobal,54,0.5835913334574018,0.6152062118053436,0.8888888888888888,0.9376903960237295,0.7857142857142857,0.0,0.45954608491488863,0.5433550775051117,0.10513805119054657,0.27903483382293154,0.0,0.0,0.0,0.0,0.0,18473,global,0.0
4,1,lr5e-05_bs8_drop0p4_temp2p0_a0p25_b0p05__wd1e-04trmiss0_degmodglobal,8,5e-05,0.0001,0.4,2.0,0.25,0.05,lr5e-05_bs8_drop0p4_temp2p0_a0p25_b0p05__wd1e-04trmiss0_degmodglobal,55,0.580534747668675,0.6160591840744019,0.8888888888888888,0.9376903960237295,0.8571428571428571,0.0,0.5102143372808184,0.5497547600950513,0.08251984630312238,0.20300060723509109,0.0,0.0,0.0,0.0,0.0,18473,global,0.0
4,1,lr5e-05_bs8_drop0p4_temp2p0_a0p25_b0p05__wd1e-04trmiss0_degmodglobal,8,5e-05,0.0001,0.4,2.0,0.25,0.05,lr5e-05_bs8_drop0p4_temp2p0_a0p25_b0p05__wd1e-04trmiss0_degmodglobal,56,0.5538295294557299,0.6148062348365784,0.8888888888888888,0.9376903960237295,0.8571428571428571,0.0,0.47489288449287415,0.5169033323015485,0.11497380478041512,0.16365470311471395,0.0,0.0,0.0,0.0,0.0,18473,global,0.0
4,1,lr5e-05_bs8_drop0p4_temp2p0_a0p25_b0p05__wd1e-04trmiss0_degmodglobal,8,5e-05,0.0001,0.4,2.0,0.25,0.05,lr5e-05_bs8_drop0p4_temp2p0_a0p25_b0p05__wd1e-04trmiss0_degmodglobal,57,0.5508679577282497,0.6162533462047577,0.8888888888888888,0.9376903960237295,0.7857142857142857,0.0,0.48889545457703726,0.507619389465877,0.12481903604098729,0.24087628722190857,0.0,0.0,0.0,0.0,0.0,18473,global,0.0
4,1,lr5e-05_bs8_drop0p4_temp2p0_a0p25_b0p05__wd1e-04trmiss0_degmodglobal,8,5e-05,0.0001,0.4,2.0,0.25,0.05,lr5e-05_bs8_drop0p4_temp2p0_a0p25_b0p05__wd1e-04trmiss0_degmodglobal,58,0.5400771839278085,0.6131083071231842,0.8888888888888888,0.9376903960237295,0.7857142857142857,0.0,0.501107075384685,0.5164564677647182,0.06767903694084712,0.1340191438794136,0.0,0.0,0.0,0.0,0.0,18473,global,0.0
4,1,lr5e-05_bs8_drop0p4_temp2p0_a0p25_b0p05__wd1e-04trmiss0_degmodglobal,8,5e-05,0.0001,0.4,2.0,0.25,0.05,lr5e-05_bs8_drop0p4_temp2p0_a0p25_b0p05__wd1e-04trmiss0_degmodglobal,59,0.5664466108594622,0.6087472438812256,0.8888888888888888,0.9376903960237295,0.8571428571428571,0.0,0.506238865000861,0.533135154417583,0.09106911346316338,0.21088372703109468,0.0,0.0,0.0,0.0,0.0,18473,global,0.0
4,1,lr5e-05_bs8_drop0p4_temp2p0_a0p25_b0p05__wd1e-04trmiss0_degmodglobal,8,5e-05,0.0001,0.4,2.0,0.25,0.05,lr5e-05_bs8_drop0p4_temp2p0_a0p25_b0p05__wd1e-04trmiss0_degmodglobal,60,0.5435469661440168,0.6133507490158081,0.8888888888888888,0.9376903960237295,0.8571428571428571,0.0,0.4835715081010546,0.5140178033283779,0.08328528968351227,0.1741569595677512,0.0,0.0,0.0,0.0,0.0,18473,global,0.0
4,1,lr5e-05_bs8_drop0p4_temp2p0_a0p25_b0p05__wd1e-04trmiss0_degmodglobal,8,5e-05,0.0001,0.4,2.0,0.25,0.05,lr5e-05_bs8_drop0p4_temp2p0_a0p25_b0p05__wd1e-04trmiss0_degmodglobal,61,0.5666211077145168,0.6152097880840302,0.8888888888888888,0.9376903960237295,0.8571428571428571,0.0,0.4527272880077362,0.5272927795137677,0.10232331763420786,0.27495006791182924,0.0,0.0,0.0,0.0,0.0,18473,global,0.0
4,1,lr5e-05_bs8_drop0p4_temp2p0_a0p25_b0p05__wd1e-04trmiss0_degmodglobal,8,5e-05,0.0001,0.4,2.0,0.25,0.05,lr5e-05_bs8_drop0p4_temp2p0_a0p25_b0p05__wd1e-04trmiss0_degmodglobal,62,0.5760352781840733,0.6175085008144379,0.8888888888888888,0.9376903960237295,0.7857142857142857,0.0,0.47022693923541475,0.5403036219733102,0.1006173954478332,0.21154618369681494,0.0,0.0,0.0,0.0,0.0,18473,global,0.0
4,1,lr5e-05_bs8_drop0p4_temp2p0_a0p25_b0p05__wd1e-04trmiss0_degmodglobal,8,5e-05,0.0001,0.4,2.0,0.25,0.05,lr5e-05_bs8_drop0p4_temp2p0_a0p25_b0p05__wd1e-04trmiss0_degmodglobal,63,0.5841209207262311,0.6174756288528442,0.8888888888888888,0.9376903960237295,0.8571428571428571,0.0,0.5045525261334011,0.5582915076187679,0.06819860371095794,0.1755952068737575,0.0,0.0,0.0,0.0,0.0,18473,global,0.0
4,1,lr5e-05_bs8_drop0p4_temp2p0_a0p25_b0p05__wd1e-04trmiss0_degmodglobal,8,5e-05,0.0001,0.4,2.0,0.25,0.05,lr5e-05_bs8_drop0p4_temp2p0_a0p25_b0p05__wd1e-04trmiss0_degmodglobal,64,0.5847947597503662,0.621469110250473,0.8888888888888888,0.9376903960237295,0.7857142857142857,0.0,0.4989387307848249,0.5537312797137669,0.08669583286557879,0.18779035125459945,0.0,0.0,0.0,0.0,0.0,18473,global,0.0
4,1,lr5e-05_bs8_drop0p4_temp2p0_a0p25_b0p05__wd1e-04trmiss0_degmodglobal,8,5e-05,0.0001,0.4,2.0,0.25,0.05,lr5e-05_bs8_drop0p4_temp2p0_a0p25_b0p05__wd1e-04trmiss0_degmodglobal,65,0.5296689186777387,0.6155902743339539,0.8888888888888888,0.9376903960237295,0.7857142857142857,0.0,0.4843854435852596,0.4929071451936449,0.1020944347339017,0.22476339978831156,0.0,0.0,0.0,0.0,0.0,18473,global,0.0
4,1,lr5e-05_bs8_drop0p4_temp2p0_a0p25_b0p05__wd1e-04trmiss0_degmodglobal,8,5e-05,0.0001,0.4,2.0,0.25,0.05,lr5e-05_bs8_drop0p4_temp2p0_a0p25_b0p05__wd1e-04trmiss0_degmodglobal,66,0.5699144686971392,0.6144221425056458,0.8888888888888888,0.9376903960237295,0.7857142857142857,0.0,0.45505593929971966,0.529948000397001,0.10945184848138265,0.25207036627190454,0.0,0.0,0.0,0.0,0.0,18473,global,0.0
4,1,lr1e-05_bs8_drop0p2_temp1p0_a0p25_b0p05__wd1e-04trmiss0_degmodglobal,8,1e-05,0.0001,0.2,1.0,0.25,0.05,lr1e-05_bs8_drop0p2_temp1p0_a0p25_b0p05__wd1e-04trmiss0_degmodglobal,1,0.7688455326216561,0.7181080877780914,0.37777777777777777,0.6870509120509121,0.35714285714285715,0.0,0.7424133930887494,0.7235048242977687,0.11876663459198815,0.31298107334545683,0.0,0.0,0.0,0.0,0.0,18473,global,0.0
4,1,lr1e-05_bs8_drop0p2_temp1p0_a0p25_b0p05__wd1e-04trmiss0_degmodglobal,8,1e-05,0.0001,0.2,1.0,0.25,0.05,lr1e-05_bs8_drop0p2_temp1p0_a0p25_b0p05__wd1e-04trmiss0_degmodglobal,2,0.7248916115079608,0.7181590497493744,0.35555555555555557,0.675939800939801,0.35714285714285715,0.0,0.717916054385049,0.6920921036175319,0.08717163811836924,0.22013187195573533,0.0,0.0,0.0,0.0,0.0,18473,global,0.0
4,1,lr1e-05_bs8_drop0p2_temp1p0_a0p25_b0p05__wd1e-04trmiss0_degmodglobal,8,1e-05,0.0001,0.2,1.0,0.25,0.05,lr1e-05_bs8_drop0p2_temp1p0_a0p25_b0p05__wd1e-04trmiss0_degmodglobal,3,0.7454762714249747,0.7167214453220367,0.37777777777777777,0.6820004070004071,0.35714285714285715,0.0,0.7141732573509216,0.7135022708347866,0.08366102086646217,0.2211750926715987,0.0,0.0,0.0,0.0,0.0,18473,global,0.0
4,1,lr1e-05_bs8_drop0p2_temp1p0_a0p25_b0p05__wd1e-04trmiss0_degmodglobal,8,1e-05,0.0001,0.2,1.0,0.25,0.05,lr1e-05_bs8_drop0p2_temp1p0_a0p25_b0p05__wd1e-04trmiss0_degmodglobal,4,0.7594852873257228,0.7106618285179138,0.37777777777777777,0.6820004070004071,0.35714285714285715,0.0,0.6958134940692356,0.7235222629138401,0.09464821964502335,0.24601926335266658,0.0,0.0,0.0,0.0,0.0,18473,global,0.0
4,1,lr1e-05_bs8_drop0p2_temp1p0_a0p25_b0p05__wd1e-04trmiss0_degmodglobal,8,1e-05,0.0001,0.2,1.0,0.25,0.05,lr1e-05_bs8_drop0p2_temp1p0_a0p25_b0p05__wd1e-04trmiss0_degmodglobal,5,0.735630350453513,0.7030453383922577,0.4,0.661966736966737,0.42857142857142855,0.0,0.7056276202201843,0.7022705078125,0.08527164480515889,0.24083873948880605,0.0,0.0,0.0,0.0,0.0,18473,global,0.0
4,1,lr1e-05_bs8_drop0p2_temp1p0_a0p25_b0p05__wd1e-04trmiss0_degmodglobal,8,1e-05,0.0001,0.2,1.0,0.25,0.05,lr1e-05_bs8_drop0p2_temp1p0_a0p25_b0p05__wd1e-04trmiss0_degmodglobal,6,0.7053789837019784,0.6957282721996307,0.4888888888888889,0.7240638990638992,0.42857142857142855,0.0,0.6995313082422528,0.6814830899238586,0.06070459580847195,0.17439452558755875,0.0,0.0,0.0,0.0,0.0,18473,global,0.0
4,1,lr1e-05_bs8_drop0p2_temp1p0_a0p25_b0p05__wd1e-04trmiss0_degmodglobal,8,1e-05,0.0001,0.2,1.0,0.25,0.05,lr1e-05_bs8_drop0p2_temp1p0_a0p25_b0p05__wd1e-04trmiss0_degmodglobal,7,0.7092341610363552,0.6909176111221313,0.4888888888888889,0.7240638990638992,0.5,0.0,0.7343030997685024,0.6879357951028007,0.05549574803028788,0.14848872487034118,0.0,0.0,0.0,0.0,0.0,18473,global,0.0
4,1,lr1e-05_bs8_drop0p2_temp1p0_a0p25_b0p05__wd1e-04trmiss0_degmodglobal,8,1e-05,0.0001,0.2,1.0,0.25,0.05,lr1e-05_bs8_drop0p2_temp1p0_a0p25_b0p05__wd1e-04trmiss0_degmodglobal,8,0.7175971354757037,0.6865798830986023,0.5555555555555556,0.7451770451770452,0.5,0.0,0.7217979601451329,0.6909363780702863,0.06860608288219996,0.19018464535474777,0.0,0.0,0.0,0.0,0.0,18473,global,0.0
4,1,lr1e-05_bs8_drop0p2_temp1p0_a0p25_b0p05__wd1e-04trmiss0_degmodglobal,8,1e-05,0.0001,0.2,1.0,0.25,0.05,lr1e-05_bs8_drop0p2_temp1p0_a0p25_b0p05__wd1e-04trmiss0_degmodglobal,9,0.6964753099850246,0.6823652386665344,0.5777777777777777,0.7544363044363045,0.5714285714285714,0.0,0.7181263140269688,0.6757782357079642,0.0518637549664293,0.1546227963907378,0.0,0.0,0.0,0.0,0.0,18473,global,0.0
4,1,lr1e-05_bs8_drop0p2_temp1p0_a0p25_b0p05__wd1e-04trmiss0_degmodglobal,8,1e-05,0.0001,0.2,1.0,0.25,0.05,lr1e-05_bs8_drop0p2_temp1p0_a0p25_b0p05__wd1e-04trmiss0_degmodglobal,10,0.706554114818573,0.6807253360748291,0.6444444444444444,0.7890652557319224,0.5714285714285714,0.0,0.697734500680651,0.6845336982182094,0.057428869019661634,0.15326433522360666,0.0,0.0,0.0,0.0,0.0,18473,global,0.0
4,1,lr1e-05_bs8_drop0p2_temp1p0_a0p25_b0p05__wd1e-04trmiss0_degmodglobal,8,1e-05,0.0001,0.2,1.0,0.25,0.05,lr1e-05_bs8_drop0p2_temp1p0_a0p25_b0p05__wd1e-04trmiss0_degmodglobal,11,0.6890267218862262,0.6793554723262787,0.6444444444444444,0.7890652557319224,0.5714285714285714,0.0,0.6977171131542751,0.6607811365808759,0.07301814907363482,0.19982113369873591,0.0,0.0,0.0,0.0,0.0,18473,global,0.0
4,1,lr1e-05_bs8_drop0p2_temp1p0_a0p25_b0p05__wd1e-04trmiss0_degmodglobal,8,1e-05,0.0001,0.2,1.0,0.25,0.05,lr1e-05_bs8_drop0p2_temp1p0_a0p25_b0p05__wd1e-04trmiss0_degmodglobal,12,0.7015330110277448,0.6806595921516418,0.6222222222222222,0.7809844476511143,0.6428571428571429,0.0,0.6834423201424735,0.6807571053504944,0.05663196529660906,0.132358511111566,0.0,0.0,0.0,0.0,0.0,18473,global,0.0
4,1,lr1e-05_bs8_drop0p2_temp1p0_a0p25_b0p05__wd1e-04trmiss0_degmodglobal,8,1e-05,0.0001,0.2,1.0,0.25,0.05,lr1e-05_bs8_drop0p2_temp1p0_a0p25_b0p05__wd1e-04trmiss0_degmodglobal,13,0.6929856027875628,0.6821268796920776,0.6,0.7742504409171076,0.6428571428571429,0.0,0.701996351991381,0.6711775660514832,0.05795236038310187,0.14639906053032195,0.0,0.0,0.0,0.0,0.0,18473,global,0.0
4,1,lr1e-05_bs8_drop0p2_temp1p0_a0p25_b0p05__wd1e-04trmiss0_degmodglobal,8,1e-05,0.0001,0.2,1.0,0.25,0.05,lr1e-05_bs8_drop0p2_temp1p0_a0p25_b0p05__wd1e-04trmiss0_degmodglobal,14,0.6983588252748761,0.681799590587616,0.5777777777777777,0.6883918550585217,0.5714285714285714,0.0,0.6917457239968436,0.6804417201450893,0.04556545615196228,0.1305148463164057,0.0,0.0,0.0,0.0,0.0,18473,global,0.0
4,1,lr1e-05_bs8_drop0p2_temp1p0_a0p25_b0p05__wd1e-04trmiss0_degmodglobal,8,1e-05,0.0001,0.2,1.0,0.25,0.05,lr1e-05_bs8_drop0p2_temp1p0_a0p25_b0p05__wd1e-04trmiss0_degmodglobal,15,0.6885434644562858,0.6808464229106903,0.5555555555555556,0.6907746574413242,0.5714285714285714,0.0,0.6894379513604301,0.6667873774256025,0.05965227713542325,0.13686057233384677,0.0,0.0,0.0,0.0,0.0,18473,global,0.0
4,1,lr1e-05_bs8_drop0p2_temp1p0_a0p25_b0p05__wd1e-04trmiss0_degmodglobal,8,1e-05,0.0001,0.2,1.0,0.25,0.05,lr1e-05_bs8_drop0p2_temp1p0_a0p25_b0p05__wd1e-04trmiss0_degmodglobal,16,0.6831180623599461,0.678638756275177,0.6,0.7032066698733366,0.6428571428571429,0.0,0.6975006375994001,0.6605737124170575,0.05921185069850513,0.15482780443770544,0.0,0.0,0.0,0.0,0.0,18473,global,0.0
4,1,lr1e-05_bs8_drop0p2_temp1p0_a0p25_b0p05__wd1e-04trmiss0_degmodglobal,8,1e-05,0.0001,0.2,1.0,0.25,0.05,lr1e-05_bs8_drop0p2_temp1p0_a0p25_b0p05__wd1e-04trmiss0_degmodglobal,17,0.6853788495063782,0.6794765591621399,0.6,0.7097001763668431,0.6428571428571429,0.0,0.6954022135053363,0.6611837318965367,0.06357648117201668,0.16601983457803726,0.0,0.0,0.0,0.0,0.0,18473,global,0.0
4,1,lr1e-05_bs8_drop0p2_temp1p0_a0p25_b0p05__wd1e-04trmiss0_degmodglobal,8,1e-05,0.0001,0.2,1.0,0.25,0.05,lr1e-05_bs8_drop0p2_temp1p0_a0p25_b0p05__wd1e-04trmiss0_degmodglobal,18,0.674159552369799,0.6768492162227631,0.6,0.7097001763668431,0.6428571428571429,0.0,0.6894432135990688,0.6489628638539996,0.06552634654300553,0.17630203174693243,0.0,0.0,0.0,0.0,0.0,18473,global,0.0
4,1,lr1e-05_bs8_drop0p2_temp1p0_a0p25_b0p05__wd1e-04trmiss0_degmodglobal,8,1e-05,0.0001,0.2,1.0,0.25,0.05,lr1e-05_bs8_drop0p2_temp1p0_a0p25_b0p05__wd1e-04trmiss0_degmodglobal,19,0.6806925705501011,0.6721819043159485,0.6222222222222221,0.7216049382716051,0.6428571428571429,0.0,0.6772839256695339,0.6612621971539089,0.05320007726550102,0.12260682987315315,0.0,0.0,0.0,0.0,0.0,18473,global,0.0
4,1,lr1e-05_bs8_drop0p2_temp1p0_a0p25_b0p05__wd1e-04trmiss0_degmodglobal,8,1e-05,0.0001,0.2,1.0,0.25,0.05,lr1e-05_bs8_drop0p2_temp1p0_a0p25_b0p05__wd1e-04trmiss0_degmodglobal,20,0.6908507772854396,0.6709366738796234,0.6444444444444444,0.7771604938271606,0.6428571428571429,0.0,0.6888157384736198,0.6696757248469761,0.05857742710837296,0.13061399438551494,0.0,0.0,0.0,0.0,0.0,18473,global,0.0
4,1,lr1e-05_bs8_drop0p2_temp1p0_a0p25_b0p05__wd1e-04trmiss0_degmodglobal,8,1e-05,0.0001,0.2,1.0,0.25,0.05,lr1e-05_bs8_drop0p2_temp1p0_a0p25_b0p05__wd1e-04trmiss0_degmodglobal,21,0.6654074021748134,0.6689026951789856,0.6666666666666666,0.782654999321666,0.6428571428571429,0.0,0.6842644044331142,0.6452984298978534,0.05555571748742035,0.12440088071993419,0.0,0.0,0.0,0.0,0.0,18473,global,0.0
4,1,lr1e-05_bs8_drop0p2_temp1p0_a0p25_b0p05__wd1e-04trmiss0_degmodglobal,8,1e-05,0.0001,0.2,1.0,0.25,0.05,lr1e-05_bs8_drop0p2_temp1p0_a0p25_b0p05__wd1e-04trmiss0_degmodglobal,22,0.6716983318328857,0.6725236773490906,0.6444444444444444,0.7771604938271606,0.6428571428571429,0.0,0.661395285810743,0.6499732477324349,0.05841595147337232,0.14242197892495564,0.0,0.0,0.0,0.0,0.0,18473,global,0.0
4,1,lr1e-05_bs8_drop0p2_temp1p0_a0p25_b0p05__wd1e-04trmiss0_degmodglobal,8,1e-05,0.0001,0.2,1.0,0.25,0.05,lr1e-05_bs8_drop0p2_temp1p0_a0p25_b0p05__wd1e-04trmiss0_degmodglobal,23,0.6731549501419067,0.6728472411632538,0.6666666666666666,0.782654999321666,0.6428571428571429,0.0,0.6674427560397557,0.6490915162222726,0.06485868351800102,0.15697492978402547,0.0,0.0,0.0,0.0,0.0,18473,global,0.0
4,1,lr1e-05_bs8_drop0p2_temp1p0_a0p25_b0p05__wd1e-04trmiss0_degmodglobal,8,1e-05,0.0001,0.2,1.0,0.25,0.05,lr1e-05_bs8_drop0p2_temp1p0_a0p25_b0p05__wd1e-04trmiss0_degmodglobal,24,0.667645377772195,0.6784385740756989,0.5777777777777777,0.6964726631393299,0.6428571428571429,0.0,0.6755750519888741,0.6479210768427167,0.05504252362464156,0.11927317668284688,0.0,0.0,0.0,0.0,0.0,18473,global,0.0
4,1,lr1e-05_bs8_drop0p2_temp1p0_a0p25_b0p05__wd1e-04trmiss0_degmodglobal,8,1e-05,0.0001,0.2,1.0,0.25,0.05,lr1e-05_bs8_drop0p2_temp1p0_a0p25_b0p05__wd1e-04trmiss0_degmodglobal,25,0.6783422487122672,0.6782415211200714,0.6,0.7833672500339168,0.6428571428571429,0.0,0.662067711353302,0.6592607838766915,0.05259024777582714,0.11867778162871088,0.0,0.0,0.0,0.0,0.0,18473,global,0.0
4,1,lr1e-05_bs8_drop0p2_temp1p0_a0p25_b0p05__wd1e-04trmiss0_degmodglobal,8,1e-05,0.0001,0.2,1.0,0.25,0.05,lr1e-05_bs8_drop0p2_temp1p0_a0p25_b0p05__wd1e-04trmiss0_degmodglobal,26,0.6396945459502084,0.6739312708377838,0.6,0.7833672500339168,0.6428571428571429,0.0,0.6802443010466439,0.6202318583215986,0.05169622493641717,0.13077317071812494,0.0,0.0,0.0,0.0,0.0,18473,global,0.0
4,1,lr1e-05_bs8_drop0p2_temp1p0_a0p25_b0p05__wd1e-04trmiss0_degmodglobal,8,1e-05,0.0001,0.2,1.0,0.25,0.05,lr1e-05_bs8_drop0p2_temp1p0_a0p25_b0p05__wd1e-04trmiss0_degmodglobal,27,0.6611167873655047,0.6730705201625824,0.6666666666666666,0.8300705467372136,0.6428571428571429,0.0,0.6724468214171273,0.636298486164638,0.06680685122098241,0.1623317301273346,0.0,0.0,0.0,0.0,0.0,18473,global,0.0
4,1,lr1e-05_bs8_drop0p2_temp1p0_a0p25_b0p05__wd1e-04trmiss0_degmodglobal,8,1e-05,0.0001,0.2,1.0,0.25,0.05,lr1e-05_bs8_drop0p2_temp1p0_a0p25_b0p05__wd1e-04trmiss0_degmodglobal,28,0.6570953897067479,0.674096941947937,0.6666666666666666,0.8300705467372136,0.6428571428571429,0.0,0.6452944959912982,0.639747679233551,0.0505206717976502,0.09435098831142698,0.0,0.0,0.0,0.0,0.0,18473,global,0.0
4,1,lr1e-05_bs8_drop0p2_temp1p0_a0p25_b0p05__wd1e-04trmiss0_degmodglobal,8,1e-05,0.0001,0.2,1.0,0.25,0.05,lr1e-05_bs8_drop0p2_temp1p0_a0p25_b0p05__wd1e-04trmiss0_degmodglobal,29,0.6587274926049369,0.6736185252666473,0.6444444444444444,0.8214285714285716,0.6428571428571429,0.0,0.650222897529602,0.6312112978526524,0.07849004944520337,0.15787372205938613,0.0,0.0,0.0,0.0,0.0,18473,global,0.0
4,1,lr1e-05_bs8_drop0p2_temp1p0_a0p25_b0p05__wd1e-04trmiss0_degmodglobal,8,1e-05,0.0001,0.2,1.0,0.25,0.05,lr1e-05_bs8_drop0p2_temp1p0_a0p25_b0p05__wd1e-04trmiss0_degmodglobal,30,0.6596873232296535,0.6730194687843323,0.6666666666666666,0.8300705467372136,0.6428571428571429,0.0,0.6454090050288609,0.6299893856048584,0.08256906537072999,0.18111352090324676,0.0,0.0,0.0,0.0,0.0,18473,global,0.0
4,1,lr1e-05_bs8_drop0p2_temp1p0_a0p25_b0p05__wd1e-04trmiss0_degmodglobal,8,1e-05,0.0001,0.2,1.0,0.25,0.05,lr1e-05_bs8_drop0p2_temp1p0_a0p25_b0p05__wd1e-04trmiss0_degmodglobal,31,0.657855783190046,0.6732684075832367,0.6666666666666666,0.8436507936507938,0.6428571428571429,0.0,0.6513932432447161,0.625740076814379,0.09190880879759789,0.1827701394047056,0.0,0.0,0.0,0.0,0.0,18473,global,0.0
4,1,lr1e-05_bs8_drop0p2_temp1p0_a0p25_b0p05__wd1e-04trmiss0_degmodglobal,8,1e-05,0.0001,0.2,1.0,0.25,0.05,lr1e-05_bs8_drop0p2_temp1p0_a0p25_b0p05__wd1e-04trmiss0_degmodglobal,32,0.6484614780970982,0.6729199886322021,0.6666666666666666,0.8436507936507938,0.6428571428571429,0.0,0.6545733298574176,0.6281102555138725,0.0554074863237994,0.1299871594778129,0.0,0.0,0.0,0.0,0.0,18473,global,0.0
4,1,lr1e-05_bs8_drop0p2_temp1p0_a0p25_b0p05__wd1e-04trmiss0_degmodglobal,8,1e-05,0.0001,0.2,1.0,0.25,0.05,lr1e-05_bs8_drop0p2_temp1p0_a0p25_b0p05__wd1e-04trmiss0_degmodglobal,33,0.6520405326570783,0.6707957983016968,0.6666666666666666,0.8436507936507938,0.6428571428571429,0.0,0.6456989475658962,0.6292085562433515,0.06659321007984025,0.12367340815918786,0.0,0.0,0.0,0.0,0.0,18473,global,0.0
4,1,lr1e-05_bs8_drop0p2_temp1p0_a0p25_b0p05__wd1e-04trmiss0_degmodglobal,8,1e-05,0.0001,0.2,1.0,0.25,0.05,lr1e-05_bs8_drop0p2_temp1p0_a0p25_b0p05__wd1e-04trmiss0_degmodglobal,34,0.6548920954976764,0.6710380017757416,0.6666666666666666,0.8436507936507938,0.6428571428571429,0.0,0.6634513480322701,0.62963319676263,0.0683497419314725,0.16342907398939133,0.0,0.0,0.0,0.0,0.0,18473,global,0.0
4,1,lr1e-05_bs8_drop0p2_temp1p0_a0p25_b0p05__wd1e-04trmiss0_degmodglobal,8,1e-05,0.0001,0.2,1.0,0.25,0.05,lr1e-05_bs8_drop0p2_temp1p0_a0p25_b0p05__wd1e-04trmiss0_degmodglobal,35,0.6508689607892718,0.6703177988529205,0.6666666666666666,0.8436507936507938,0.6428571428571429,0.0,0.6585155044283185,0.6216476900236947,0.08269254810043744,0.1709625188793455,0.0,0.0,0.0,0.0,0.0,18473,global,0.0
4,1,lr1e-05_bs8_drop0p2_temp1p0_a0p25_b0p05__wd1e-04trmiss0_degmodglobal,8,1e-05,0.0001,0.2,1.0,0.25,0.05,lr1e-05_bs8_drop0p2_temp1p0_a0p25_b0p05__wd1e-04trmiss0_degmodglobal,36,0.6524346215384347,0.6694850325584412,0.6888888888888888,0.8555555555555556,0.6428571428571429,0.0,0.658427928175245,0.6337454319000244,0.05599021113344601,0.09383292921951839,0.0,0.0,0.0,0.0,0.0,18473,global,0.0
4,1,lr1e-05_bs8_drop0p2_temp1p0_a0p25_b0p05__wd1e-04trmiss0_degmodglobal,8,1e-05,0.0001,0.2,1.0,0.25,0.05,lr1e-05_bs8_drop0p2_temp1p0_a0p25_b0p05__wd1e-04trmiss0_degmodglobal,37,0.6637043527194432,0.6703427731990814,0.6666666666666666,0.8436507936507938,0.6428571428571429,0.0,0.6615963067327227,0.640585550240108,0.06686009360211236,0.12807577795216016,0.0,0.0,0.0,0.0,0.0,18473,global,0.0
4,1,lr1e-05_bs8_drop0p2_temp1p0_a0p25_b0p05__wd1e-04trmiss0_degmodglobal,8,1e-05,0.0001,0.2,1.0,0.25,0.05,lr1e-05_bs8_drop0p2_temp1p0_a0p25_b0p05__wd1e-04trmiss0_degmodglobal,38,0.6440382599830627,0.6681987941265106,0.6888888888888888,0.8555555555555556,0.6428571428571429,0.0,0.6842290844236102,0.6222012979643685,0.059617040412766595,0.1386538658823286,0.0,0.0,0.0,0.0,0.0,18473,global,0.0
4,1,lr1e-05_bs8_drop0p2_temp1p0_a0p25_b0p05__wd1e-04trmiss0_degmodglobal,8,1e-05,0.0001,0.2,1.0,0.25,0.05,lr1e-05_bs8_drop0p2_temp1p0_a0p25_b0p05__wd1e-04trmiss0_degmodglobal,39,0.6495044997760228,0.6671236157417297,0.6666666666666666,0.84985754985755,0.6428571428571429,0.0,0.658726624080113,0.6284500105040414,0.05726423327411924,0.13476881331631116,0.0,0.0,0.0,0.0,0.0,18473,global,0.0
4,1,lr1e-05_bs8_drop0p2_temp1p0_a0p25_b0p05__wd1e-04trmiss0_degmodglobal,8,1e-05,0.0001,0.2,1.0,0.25,0.05,lr1e-05_bs8_drop0p2_temp1p0_a0p25_b0p05__wd1e-04trmiss0_degmodglobal,40,0.6243024383272443,0.6686617434024811,0.6666666666666666,0.84985754985755,0.6428571428571429,0.0,0.6657158647264753,0.6060381957462856,0.05197564725364957,0.10540655095662389,0.0,0.0,0.0,0.0,0.0,18473,global,0.0
4,1,lr1e-05_bs8_drop0p2_temp1p0_a0p25_b0p05__wd1e-04trmiss0_degmodglobal,8,1e-05,0.0001,0.2,1.0,0.25,0.05,lr1e-05_bs8_drop0p2_temp1p0_a0p25_b0p05__wd1e-04trmiss0_degmodglobal,41,0.6481872371264866,0.6694998145103455,0.6666666666666666,0.84985754985755,0.6428571428571429,0.0,0.6479243040084839,0.6238852739334106,0.06513054988213948,0.16038636011736734,0.0,0.0,0.0,0.0,0.0,18473,global,0.0
4,1,lr1e-05_bs8_drop0p2_temp1p0_a0p25_b0p05__wd1e-04trmiss0_degmodglobal,8,1e-05,0.0001,0.2,1.0,0.25,0.05,lr1e-05_bs8_drop0p2_temp1p0_a0p25_b0p05__wd1e-04trmiss0_degmodglobal,42,0.6346274358885629,0.6685858964920044,0.6666666666666666,0.84985754985755,0.6428571428571429,0.0,0.6545163307871137,0.6129737666675023,0.058964070464883535,0.13825283039893424,0.0,0.0,0.0,0.0,0.0,18473,global,0.0
4,1,lr1e-05_bs8_drop0p2_temp1p0_a0p25_b0p05__wd1e-04trmiss0_degmodglobal,8,1e-05,0.0001,0.2,1.0,0.25,0.05,lr1e-05_bs8_drop0p2_temp1p0_a0p25_b0p05__wd1e-04trmiss0_degmodglobal,43,0.6574658751487732,0.6674841642379761,0.6666666666666666,0.84985754985755,0.6428571428571429,0.0,0.6320869837488446,0.6371314440454755,0.05482291377016476,0.1325741218669074,0.0,0.0,0.0,0.0,0.0,18473,global,0.0
4,1,lr1e-05_bs8_drop0p2_temp1p0_a0p25_b0p05__wd1e-04trmiss0_degmodglobal,8,1e-05,0.0001,0.2,1.0,0.25,0.05,lr1e-05_bs8_drop0p2_temp1p0_a0p25_b0p05__wd1e-04trmiss0_degmodglobal,44,0.6506898914064679,0.6671034693717957,0.6666666666666666,0.84985754985755,0.6428571428571429,0.0,0.6532083409173148,0.6336815186909267,0.04799883599792208,0.10017309497509684,0.0,0.0,0.0,0.0,0.0,18473,global,0.0
4,1,lr1e-05_bs8_drop0p2_temp1p0_a0p25_b0p05__wd1e-04trmiss0_degmodglobal,8,1e-05,0.0001,0.2,1.0,0.25,0.05,lr1e-05_bs8_drop0p2_temp1p0_a0p25_b0p05__wd1e-04trmiss0_degmodglobal,45,0.6476435746465411,0.6641163229942322,0.6666666666666666,0.84985754985755,0.6428571428571429,0.0,0.6458842073168073,0.625537131513868,0.062069768352167945,0.13177952702556336,0.0,0.0,0.0,0.0,0.0,18473,global,0.0
4,1,lr1e-05_bs8_drop0p2_temp1p0_a0p25_b0p05__wd1e-04trmiss0_degmodglobal,8,1e-05,0.0001,0.2,1.0,0.25,0.05,lr1e-05_bs8_drop0p2_temp1p0_a0p25_b0p05__wd1e-04trmiss0_degmodglobal,46,0.6339870861598423,0.6635674834251404,0.6888888888888888,0.8555555555555556,0.6428571428571429,0.0,0.6208954794066293,0.6176959020750863,0.047094911336898804,0.09034957736730576,0.0,0.0,0.0,0.0,0.0,18473,global,0.0
4,1,lr1e-05_bs8_drop0p2_temp1p0_a0p25_b0p05__wd1e-04trmiss0_degmodglobal,8,1e-05,0.0001,0.2,1.0,0.25,0.05,lr1e-05_bs8_drop0p2_temp1p0_a0p25_b0p05__wd1e-04trmiss0_degmodglobal,47,0.6477749943733215,0.6620747745037079,0.7333333333333333,0.8696920363587033,0.6428571428571429,0.0,0.6344707523073468,0.6309462189674377,0.04860736110380718,0.09353849996945687,0.0,0.0,0.0,0.0,0.0,18473,global,0.0
4,1,lr1e-05_bs8_drop0p2_temp1p0_a0p25_b0p05__wd1e-04trmiss0_degmodglobal,8,1e-05,0.0001,0.2,1.0,0.25,0.05,lr1e-05_bs8_drop0p2_temp1p0_a0p25_b0p05__wd1e-04trmiss0_degmodglobal,48,0.6434516395841327,0.6619758605957031,0.6888888888888889,0.858499525166192,0.6428571428571429,0.0,0.6138005554676056,0.6232081566538129,0.056412274816206524,0.12280853518417903,0.0,0.0,0.0,0.0,0.0,18473,global,0.0
4,1,lr1e-05_bs8_drop0p2_temp1p0_a0p25_b0p05__wd1e-04trmiss0_degmodglobal,8,1e-05,0.0001,0.2,1.0,0.25,0.05,lr1e-05_bs8_drop0p2_temp1p0_a0p25_b0p05__wd1e-04trmiss0_degmodglobal,49,0.6402961015701294,0.6641277968883514,0.6888888888888889,0.858499525166192,0.6428571428571429,0.0,0.6356585366385323,0.6230586000851223,0.049360845504062514,0.09794591260807854,0.0,0.0,0.0,0.0,0.0,18473,global,0.0
4,1,lr1e-05_bs8_drop0p2_temp1p0_a0p25_b0p05__wd1e-04trmiss0_degmodglobal,8,1e-05,0.0001,0.2,1.0,0.25,0.05,lr1e-05_bs8_drop0p2_temp1p0_a0p25_b0p05__wd1e-04trmiss0_degmodglobal,50,0.6523415190832955,0.6652367413043976,0.6666666666666666,0.8333333333333335,0.6428571428571429,0.0,0.6231845276696342,0.6316126755305699,0.057566944509744644,0.12674252688884735,0.0,0.0,0.0,0.0,0.0,18473,global,0.0
4,1,lr1e-05_bs8_drop0p2_temp1p0_a0p25_b0p05__wd1e-04trmiss0_degmodglobal,8,1e-05,0.0001,0.2,1.0,0.25,0.05,lr1e-05_bs8_drop0p2_temp1p0_a0p25_b0p05__wd1e-04trmiss0_degmodglobal,51,0.6428639718464443,0.6634441614151001,0.711111111111111,0.8740740740740742,0.6428571428571429,0.0,0.6149751629148211,0.6215211408478873,0.05753593945077488,0.13917699669088637,0.0,0.0,0.0,0.0,0.0,18473,global,0.0
4,1,lr1e-05_bs8_drop0p2_temp1p0_a0p25_b0p05__wd1e-04trmiss0_degmodglobal,8,1e-05,0.0001,0.2,1.0,0.25,0.05,lr1e-05_bs8_drop0p2_temp1p0_a0p25_b0p05__wd1e-04trmiss0_degmodglobal,52,0.6435171961784363,0.6619332432746887,0.711111111111111,0.8740740740740742,0.6428571428571429,0.0,0.63807612657547,0.6220166087150574,0.061330341334853856,0.12336001864501409,0.0,0.0,0.0,0.0,0.0,18473,global,0.0
4,1,lr1e-05_bs8_drop0p2_temp1p0_a0p25_b0p05__wd1e-04trmiss0_degmodglobal,8,1e-05,0.0001,0.2,1.0,0.25,0.05,lr1e-05_bs8_drop0p2_temp1p0_a0p25_b0p05__wd1e-04trmiss0_degmodglobal,53,0.6520386593682426,0.6624846458435059,0.7333333333333334,0.88994708994709,0.6428571428571429,0.0,0.620167212826865,0.6306251032011849,0.062323130667209625,0.11665559985807963,0.0,0.0,0.0,0.0,0.0,18473,global,0.0
4,1,lr1e-05_bs8_drop0p2_temp1p0_a0p25_b0p05__wd1e-04trmiss0_degmodglobal,8,1e-05,0.0001,0.2,1.0,0.25,0.05,lr1e-05_bs8_drop0p2_temp1p0_a0p25_b0p05__wd1e-04trmiss0_degmodglobal,54,0.6340746794428144,0.6616945862770081,0.7333333333333334,0.88994708994709,0.6428571428571429,0.0,0.6297207645007542,0.6100292376109532,0.06706768540399415,0.14557034242898226,0.0,0.0,0.0,0.0,0.0,18473,global,0.0
4,1,lr1e-05_bs8_drop0p2_temp1p0_a0p25_b0p05__wd1e-04trmiss0_degmodglobal,8,1e-05,0.0001,0.2,1.0,0.25,0.05,lr1e-05_bs8_drop0p2_temp1p0_a0p25_b0p05__wd1e-04trmiss0_degmodglobal,55,0.6345905065536499,0.6601573526859283,0.711111111111111,0.8842490842490844,0.6428571428571429,0.0,0.6391054221561977,0.6134184854371207,0.057892325201204846,0.13397875002452306,0.0,0.0,0.0,0.0,0.0,18473,global,0.0
4,1,lr1e-05_bs8_drop0p2_temp1p0_a0p25_b0p05__wd1e-04trmiss0_degmodglobal,8,1e-05,0.0001,0.2,1.0,0.25,0.05,lr1e-05_bs8_drop0p2_temp1p0_a0p25_b0p05__wd1e-04trmiss0_degmodglobal,56,0.6682027237755912,0.6617382168769836,0.711111111111111,0.8842490842490844,0.6428571428571429,0.0,0.6439116767474583,0.6471116457666669,0.06256198084780148,0.10901152555431638,0.0,0.0,0.0,0.0,0.0,18473,global,0.0
4,1,lr1e-05_bs8_drop0p2_temp1p0_a0p25_b0p05__wd1e-04trmiss0_degmodglobal,8,1e-05,0.0001,0.2,1.0,0.25,0.05,lr1e-05_bs8_drop0p2_temp1p0_a0p25_b0p05__wd1e-04trmiss0_degmodglobal,57,0.6308073742049081,0.6624525189399719,0.711111111111111,0.8842490842490844,0.6428571428571429,0.0,0.6226777178900582,0.6104565943990435,0.06173146835395268,0.098358082984175,0.0,0.0,0.0,0.0,0.0,18473,global,0.0
4,1,lr1e-05_bs8_drop0p2_temp1p0_a0p25_b0p05__wd1e-04trmiss0_degmodglobal,8,1e-05,0.0001,0.2,1.0,0.25,0.05,lr1e-05_bs8_drop0p2_temp1p0_a0p25_b0p05__wd1e-04trmiss0_degmodglobal,58,0.6457645978246417,0.6627359986305237,0.6888888888888889,0.8683760683760686,0.6428571428571429,0.0,0.6387321267809186,0.6289957506316048,0.04837417496102197,0.09350597183220088,0.0,0.0,0.0,0.0,0.0,18473,global,0.0
4,1,lr1e-05_bs8_drop0p2_temp1p0_a0p25_b0p05__wd1e-04trmiss0_degmodglobal,8,1e-05,0.0001,0.2,1.0,0.25,0.05,lr1e-05_bs8_drop0p2_temp1p0_a0p25_b0p05__wd1e-04trmiss0_degmodglobal,59,0.6398552571024213,0.6613641679286957,0.6888888888888889,0.8683760683760686,0.6428571428571429,0.0,0.6227079970496041,0.6237542373793465,0.04920663631388119,0.07598768068211419,0.0,0.0,0.0,0.0,0.0,18473,global,0.0
4,1,lr1e-05_bs8_drop0p2_temp1p0_a0p25_b0p05__wd1e-04trmiss0_degmodglobal,8,1e-05,0.0001,0.2,1.0,0.25,0.05,lr1e-05_bs8_drop0p2_temp1p0_a0p25_b0p05__wd1e-04trmiss0_degmodglobal,60,0.6462272831371852,0.6600165963172913,0.711111111111111,0.8842490842490844,0.6428571428571429,0.0,0.6366053479058402,0.6279550194740295,0.04995296922113214,0.11568041491721358,0.0,0.0,0.0,0.0,0.0,18473,global,0.0
4,1,lr1e-05_bs8_drop0p2_temp1p0_a0p25_b0p05__wd1e-04trmiss0_degmodglobal,8,1e-05,0.0001,0.2,1.0,0.25,0.05,lr1e-05_bs8_drop0p2_temp1p0_a0p25_b0p05__wd1e-04trmiss0_degmodglobal,61,0.6304789185523987,0.660560131072998,0.7333333333333334,0.8928910595577264,0.6428571428571429,0.0,0.6421754360198975,0.6152609671865191,0.04488682001829147,0.07992481280650411,0.0,0.0,0.0,0.0,0.0,18473,global,0.0
4,1,lr1e-05_bs8_drop0p2_temp1p0_a0p25_b0p05__wd1e-04trmiss0_degmodglobal,8,1e-05,0.0001,0.2,1.0,0.25,0.05,lr1e-05_bs8_drop0p2_temp1p0_a0p25_b0p05__wd1e-04trmiss0_degmodglobal,62,0.6252143808773586,0.659095287322998,0.711111111111111,0.8842490842490844,0.6428571428571429,0.0,0.6209410854748317,0.6075041719845363,0.05327441596559116,0.08783240243792534,0.0,0.0,0.0,0.0,0.0,18473,global,0.0
4,1,lr1e-05_bs8_drop0p2_temp1p0_a0p25_b0p05__wd1e-04trmiss0_degmodglobal,8,1e-05,0.0001,0.2,1.0,0.25,0.05,lr1e-05_bs8_drop0p2_temp1p0_a0p25_b0p05__wd1e-04trmiss0_degmodglobal,63,0.6323948161942619,0.6576998829841614,0.7333333333333334,0.8928910595577264,0.6428571428571429,0.0,0.6409602761268616,0.6182531714439392,0.04051334091595241,0.08026598393917084,0.0,0.0,0.0,0.0,0.0,18473,global,0.0
4,1,lr1e-05_bs8_drop0p2_temp1p0_a0p25_b0p05__wd1e-04trmiss0_degmodglobal,8,1e-05,0.0001,0.2,1.0,0.25,0.05,lr1e-05_bs8_drop0p2_temp1p0_a0p25_b0p05__wd1e-04trmiss0_degmodglobal,64,0.6543581060000828,0.657137542963028,0.7333333333333334,0.8928910595577264,0.6428571428571429,0.0,0.6218621219907489,0.6270522219794137,0.07824461374964033,0.15489493576543673,0.0,0.0,0.0,0.0,0.0,18473,global,0.0
4,1,lr1e-05_bs8_drop0p2_temp1p0_a0p25_b0p05__wd1e-04trmiss0_degmodglobal,8,1e-05,0.0001,0.2,1.0,0.25,0.05,lr1e-05_bs8_drop0p2_temp1p0_a0p25_b0p05__wd1e-04trmiss0_degmodglobal,65,0.6471818940980094,0.6581529378890991,0.711111111111111,0.8842490842490844,0.6428571428571429,0.0,0.625469582421439,0.6261365158217294,0.05991817797933306,0.1213168938245092,0.0,0.0,0.0,0.0,0.0,18473,global,0.0
4,1,lr1e-05_bs8_drop0p2_temp1p0_a0p25_b0p05__wd1e-04trmiss0_degmodglobal,8,1e-05,0.0001,0.2,1.0,0.25,0.05,lr1e-05_bs8_drop0p2_temp1p0_a0p25_b0p05__wd1e-04trmiss0_degmodglobal,66,0.6484698057174683,0.6587853729724884,0.711111111111111,0.8842490842490844,0.6428571428571429,0.0,0.6461696539606366,0.6312127709388733,0.050143279667411535,0.09442413598299026,0.0,0.0,0.0,0.0,0.0,18473,global,0.0
4,1,lr1e-05_bs8_drop0p2_temp1p0_a0p25_b0p05__wd1e-04trmiss0_degmodglobal,8,1e-05,0.0001,0.2,1.0,0.25,0.05,lr1e-05_bs8_drop0p2_temp1p0_a0p25_b0p05__wd1e-04trmiss0_degmodglobal,67,0.6227281263896397,0.658078670501709,0.7333333333333334,0.8928910595577264,0.6428571428571429,0.0,0.6052805611065456,0.6065249357904706,0.04679435970527785,0.09009230828710965,0.0,0.0,0.0,0.0,0.0,18473,global,0.0
4,1,lr1e-05_bs8_drop0p2_temp1p0_a0p25_b0p05__wd1e-04trmiss0_degmodglobal,8,1e-05,0.0001,0.2,1.0,0.25,0.05,lr1e-05_bs8_drop0p2_temp1p0_a0p25_b0p05__wd1e-04trmiss0_degmodglobal,68,0.6324969104358128,0.65756955742836,0.7333333333333334,0.8928910595577264,0.6428571428571429,0.0,0.6079596110752651,0.6164125374385289,0.047991308250597546,0.08173115711127009,0.0,0.0,0.0,0.0,0.0,18473,global,0.0
4,1,lr1e-05_bs8_drop0p2_temp1p0_a0p25_b0p05__wd1e-04trmiss0_degmodglobal,8,1e-05,0.0001,0.2,1.0,0.25,0.05,lr1e-05_bs8_drop0p2_temp1p0_a0p25_b0p05__wd1e-04trmiss0_degmodglobal,69,0.6334778240748814,0.6603145599365234,0.7333333333333334,0.8928910595577264,0.6428571428571429,0.0,0.6358119930539813,0.6183241009712219,0.03867547533341816,0.10969710775784083,0.0,0.0,0.0,0.0,0.0,18473,global,0.0
4,1,lr1e-05_bs8_drop0p2_temp1p0_a0p25_b0p05__wd1e-04trmiss0_degmodglobal,8,1e-05,0.0001,0.2,1.0,0.25,0.05,lr1e-05_bs8_drop0p2_temp1p0_a0p25_b0p05__wd1e-04trmiss0_degmodglobal,70,0.6194685867854527,0.6605482399463654,0.7333333333333334,0.8928910595577264,0.6428571428571429,0.0,0.6047385931015015,0.6063648291996547,0.0393661909869739,0.06524430162140302,0.0,0.0,0.0,0.0,0.0,18473,global,0.0
4,1,lr1e-05_bs8_drop0p2_temp1p0_a0p25_b0p05__wd1e-04trmiss0_degmodglobal,8,1e-05,0.0001,0.2,1.0,0.25,0.05,lr1e-05_bs8_drop0p2_temp1p0_a0p25_b0p05__wd1e-04trmiss0_degmodglobal,71,0.6132050412041801,0.6587609648704529,0.7333333333333334,0.8928910595577264,0.6428571428571429,0.0,0.622405435357775,0.5969525235039848,0.04341379127332142,0.10798122095210212,0.0,0.0,0.0,0.0,0.0,18473,global,0.0
4,1,lr1e-05_bs8_drop0p2_temp1p0_a0p25_b0p05__wd1e-04trmiss0_degmodglobal,8,1e-05,0.0001,0.2,1.0,0.25,0.05,lr1e-05_bs8_drop0p2_temp1p0_a0p25_b0p05__wd1e-04trmiss0_degmodglobal,72,0.6261670504297528,0.6595565676689148,0.7333333333333334,0.8928910595577264,0.6428571428571429,0.0,0.6077366556440081,0.6101827876908439,0.04601314291357994,0.08961958890514714,0.0,0.0,0.0,0.0,0.0,18473,global,0.0
4,1,lr1e-05_bs8_drop0p2_temp1p0_a0p25_b0p05__wd1e-04trmiss0_degmodglobal,8,1e-05,0.0001,0.2,1.0,0.25,0.05,lr1e-05_bs8_drop0p2_temp1p0_a0p25_b0p05__wd1e-04trmiss0_degmodglobal,73,0.6399325558117458,0.6601341664791107,0.7333333333333334,0.8928910595577264,0.6428571428571429,0.0,0.627147376537323,0.6187022583825248,0.05730589319552694,0.13807640544005803,0.0,0.0,0.0,0.0,0.0,18473,global,0.0
4,1,lr1e-05_bs8_drop0p2_temp1p0_a0p25_b0p05__wd1e-04trmiss0_degmodglobal,8,1e-05,0.0001,0.2,1.0,0.25,0.05,lr1e-05_bs8_drop0p2_temp1p0_a0p25_b0p05__wd1e-04trmiss0_degmodglobal,74,0.6275601046425956,0.6598263084888458,0.7333333333333334,0.8928910595577264,0.6428571428571429,0.0,0.6129680786814008,0.6089738351958138,0.051886575030429025,0.11229234454887253,0.0,0.0,0.0,0.0,0.0,18473,global,0.0
4,1,lr1e-05_bs8_drop0p2_temp1p0_a0p25_b0p05__wd1e-04trmiss0_degmodglobal,8,1e-05,0.0001,0.2,1.0,0.25,0.05,lr1e-05_bs8_drop0p2_temp1p0_a0p25_b0p05__wd1e-04trmiss0_degmodglobal,75,0.644144458430154,0.6614251136779785,0.7333333333333334,0.8928910595577264,0.6428571428571429,0.0,0.6181622743606567,0.6246292165347508,0.05567870342305729,0.11191109833972794,0.0,0.0,0.0,0.0,0.0,18473,global,0.0
4,1,lr1e-05_bs8_drop0p2_temp1p0_a0p25_b0p05__wd1e-04trmiss0_degmodglobal,8,1e-05,0.0001,0.2,1.0,0.25,0.05,lr1e-05_bs8_drop0p2_temp1p0_a0p25_b0p05__wd1e-04trmiss0_degmodglobal,76,0.6508137839181083,0.6613738238811493,0.7333333333333334,0.8928910595577264,0.6428571428571429,0.0,0.6075460740498134,0.626401926789965,0.07086784126503128,0.13389822734253748,0.0,0.0,0.0,0.0,0.0,18473,global,0.0
4,1,lr1e-05_bs8_drop0p2_temp1p0_a0p25_b0p05__wd1e-04trmiss0_degmodglobal,8,1e-05,0.0001,0.2,1.0,0.25,0.05,lr1e-05_bs8_drop0p2_temp1p0_a0p25_b0p05__wd1e-04trmiss0_degmodglobal,77,0.6324775559561593,0.6583249568939209,0.7333333333333334,0.8928910595577264,0.6428571428571429,0.0,0.6057009824684688,0.6132215772356305,0.0570060813001224,0.10008910351565906,0.0,0.0,0.0,0.0,0.0,18473,global,0.0
4,1,lr1e-05_bs8_drop0p2_temp1p0_a0p25_b0p05__wd1e-04trmiss0_degmodglobal,8,1e-05,0.0001,0.2,1.0,0.25,0.05,lr1e-05_bs8_drop0p2_temp1p0_a0p25_b0p05__wd1e-04trmiss0_degmodglobal,78,0.6302321042333331,0.6580549478530884,0.7333333333333334,0.8928910595577264,0.6428571428571429,0.0,0.6285141365868705,0.6111166988100324,0.054609684007508416,0.10925956070423126,0.0,0.0,0.0,0.0,0.0,18473,global,0.0
4,1,lr1e-05_bs8_drop0p2_temp1p0_a0p25_b0p05__wd1e-04trmiss0_degmodglobal,8,1e-05,0.0001,0.2,1.0,0.25,0.05,lr1e-05_bs8_drop0p2_temp1p0_a0p25_b0p05__wd1e-04trmiss0_degmodglobal,79,0.6261177744184222,0.6578367352485657,0.7333333333333334,0.8928910595577264,0.6428571428571429,0.0,0.6047239218439374,0.6108247467449733,0.045167437089341025,0.08002333715558052,0.0,0.0,0.0,0.0,0.0,18473,global,0.0
4,1,lr1e-05_bs8_drop0p2_temp1p0_a0p25_b0p05__wd1e-04trmiss0_degmodglobal,8,1e-05,0.0001,0.2,1.0,0.25,0.05,lr1e-05_bs8_drop0p2_temp1p0_a0p25_b0p05__wd1e-04trmiss0_degmodglobal,80,0.6388748373304095,0.6596671342849731,0.7333333333333334,0.8928910595577264,0.6428571428571429,0.0,0.6228563955851963,0.6220108951841082,0.04946233598249299,0.08996739078845296,0.0,0.0,0.0,0.0,0.0,18473,global,0.0
4,1,lr1e-05_bs8_drop0p2_temp2p0_a0p25_b0p05__wd1e-04trmiss0_degmodglobal,8,1e-05,0.0001,0.2,2.0,0.25,0.05,lr1e-05_bs8_drop0p2_temp2p0_a0p25_b0p05__wd1e-04trmiss0_degmodglobal,1,0.6840890390532357,0.6540841162204742,0.7555555555555555,0.8567901234567903,0.6428571428571429,0.0,0.6874200105667114,0.6627459866659982,0.05539921351841518,0.14986526327473776,0.0,0.0,0.0,0.0,0.0,18473,global,0.0
4,1,lr1e-05_bs8_drop0p2_temp2p0_a0p25_b0p05__wd1e-04trmiss0_degmodglobal,8,1e-05,0.0001,0.2,2.0,0.25,0.05,lr1e-05_bs8_drop0p2_temp2p0_a0p25_b0p05__wd1e-04trmiss0_degmodglobal,2,0.6899476306779044,0.648737907409668,0.8222222222222222,0.8870731120731121,0.7142857142857143,0.0,0.6940938745226178,0.6719324248177665,0.048539107399327416,0.11760865045445305,0.0,0.0,0.0,0.0,0.0,18473,global,0.0
4,1,lr1e-05_bs8_drop0p2_temp2p0_a0p25_b0p05__wd1e-04trmiss0_degmodglobal,8,1e-05,0.0001,0.2,2.0,0.25,0.05,lr1e-05_bs8_drop0p2_temp2p0_a0p25_b0p05__wd1e-04trmiss0_degmodglobal,3,0.661121496132442,0.6443794071674347,0.8222222222222222,0.8870731120731121,0.7142857142857143,0.0,0.7111460055623736,0.6408670885222298,0.05230031880949225,0.14358650467225484,0.0,0.0,0.0,0.0,0.0,18473,global,0.0
4,1,lr1e-05_bs8_drop0p2_temp2p0_a0p25_b0p05__wd1e-04trmiss0_degmodglobal,8,1e-05,0.0001,0.2,2.0,0.25,0.05,lr1e-05_bs8_drop0p2_temp2p0_a0p25_b0p05__wd1e-04trmiss0_degmodglobal,4,0.6774704456329346,0.6382847428321838,0.888888888888889,0.9282627865961202,0.7142857142857143,0.0,0.6892641186714172,0.6612802573612758,0.043046473392418454,0.10857144211019788,0.0,0.0,0.0,0.0,0.0,18473,global,0.0
4,1,lr1e-05_bs8_drop0p2_temp2p0_a0p25_b0p05__wd1e-04trmiss0_degmodglobal,8,1e-05,0.0001,0.2,2.0,0.25,0.05,lr1e-05_bs8_drop0p2_temp2p0_a0p25_b0p05__wd1e-04trmiss0_degmodglobal,5,0.6790558440344674,0.6325266063213348,0.888888888888889,0.9282627865961202,0.7142857142857143,0.0,0.6718187587601798,0.6633310743740627,0.04055664848004069,0.11171177348920278,0.0,0.0,0.0,0.0,0.0,18473,global,0.0
4,1,lr1e-05_bs8_drop0p2_temp2p0_a0p25_b0p05__wd1e-04trmiss0_degmodglobal,8,1e-05,0.0001,0.2,2.0,0.25,0.05,lr1e-05_bs8_drop0p2_temp2p0_a0p25_b0p05__wd1e-04trmiss0_degmodglobal,6,0.6578630379268101,0.6296071112155914,0.888888888888889,0.9282627865961202,0.7142857142857143,0.0,0.6886607749121529,0.640559230531965,0.04465392631079469,0.12280614993401937,0.0,0.0,0.0,0.0,0.0,18473,global,0.0
4,1,lr1e-05_bs8_drop0p2_temp2p0_a0p25_b0p05__wd1e-04trmiss0_degmodglobal,8,1e-05,0.0001,0.2,2.0,0.25,0.05,lr1e-05_bs8_drop0p2_temp2p0_a0p25_b0p05__wd1e-04trmiss0_degmodglobal,7,0.6554455161094666,0.6294050812721252,0.888888888888889,0.9282627865961202,0.7142857142857143,0.0,0.6770880052021572,0.639525328363691,0.04014278309685843,0.11768973512308938,0.0,0.0,0.0,0.0,0.0,18473,global,0.0
4,1,lr1e-05_bs8_drop0p2_temp2p0_a0p25_b0p05__wd1e-04trmiss0_degmodglobal,8,1e-05,0.0001,0.2,2.0,0.25,0.05,lr1e-05_bs8_drop0p2_temp2p0_a0p25_b0p05__wd1e-04trmiss0_degmodglobal,8,0.6547602500234332,0.6275906264781952,0.888888888888889,0.9282627865961202,0.7142857142857143,0.0,0.668748676776886,0.6388248716081891,0.04159834235906601,0.11071550633226122,0.0,0.0,0.0,0.0,0.0,18473,global,0.0
4,1,lr1e-05_bs8_drop0p2_temp2p0_a0p25_b0p05__wd1e-04trmiss0_degmodglobal,8,1e-05,0.0001,0.2,2.0,0.25,0.05,lr1e-05_bs8_drop0p2_temp2p0_a0p25_b0p05__wd1e-04trmiss0_degmodglobal,9,0.6465705037117004,0.626370757818222,0.8444444444444444,0.9115961199294533,0.7142857142857143,0.0,0.6844732165336609,0.6331345438957214,0.03411440524671759,0.09814721239464623,0.0,0.0,0.0,0.0,0.0,18473,global,0.0
4,1,lr1e-05_bs8_drop0p2_temp2p0_a0p25_b0p05__wd1e-04trmiss0_degmodglobal,8,1e-05,0.0001,0.2,2.0,0.25,0.05,lr1e-05_bs8_drop0p2_temp2p0_a0p25_b0p05__wd1e-04trmiss0_degmodglobal,10,0.6456946049417768,0.6274713277816772,0.8444444444444444,0.9115961199294533,0.7142857142857143,0.0,0.6885559644017901,0.6295566047940936,0.040009617273296626,0.122711823454925,0.0,0.0,0.0,0.0,0.0,18473,global,0.0
4,1,lr1e-05_bs8_drop0p2_temp2p0_a0p25_b0p05__wd1e-04trmiss0_degmodglobal,8,1e-05,0.0001,0.2,2.0,0.25,0.05,lr1e-05_bs8_drop0p2_temp2p0_a0p25_b0p05__wd1e-04trmiss0_degmodglobal,11,0.6742654102189201,0.624570906162262,0.8666666666666667,0.9191718775052109,0.7142857142857143,0.0,0.6562822461128235,0.660242327622005,0.03681521117687225,0.09638580467019763,0.0,0.0,0.0,0.0,0.0,18473,global,0.0
4,1,lr1e-05_bs8_drop0p2_temp2p0_a0p25_b0p05__wd1e-04trmiss0_degmodglobal,8,1e-05,0.0001,0.2,2.0,0.25,0.05,lr1e-05_bs8_drop0p2_temp2p0_a0p25_b0p05__wd1e-04trmiss0_degmodglobal,12,0.6545663731438773,0.6269290745258331,0.8444444444444444,0.9115961199294533,0.7142857142857143,0.0,0.668606332370213,0.6403075882366726,0.03636252534176622,0.10336286574602127,0.0,0.0,0.0,0.0,0.0,18473,global,0.0
4,1,lr1e-05_bs8_drop0p2_temp2p0_a0p25_b0p05__wd1e-04trmiss0_degmodglobal,8,1e-05,0.0001,0.2,2.0,0.25,0.05,lr1e-05_bs8_drop0p2_temp2p0_a0p25_b0p05__wd1e-04trmiss0_degmodglobal,13,0.6383565408842904,0.6271335482597351,0.8666666666666667,0.9301146384479719,0.7142857142857143,0.0,0.6738164339746747,0.6261822410992214,0.03290511667728424,0.0789604942713465,0.0,0.0,0.0,0.0,0.0,18473,global,0.0
4,1,lr1e-05_bs8_drop0p2_temp2p0_a0p25_b0p05__wd1e-04trmiss0_degmodglobal,8,1e-05,0.0001,0.2,2.0,0.25,0.05,lr1e-05_bs8_drop0p2_temp2p0_a0p25_b0p05__wd1e-04trmiss0_degmodglobal,14,0.6395260095596313,0.6272874474525452,0.8444444444444446,0.9237043820377155,0.7142857142857143,0.0,0.6759044868605477,0.6242608087403434,0.04085969046822616,0.10100558400154114,0.0,0.0,0.0,0.0,0.0,18473,global,0.0
4,1,lr1e-05_bs8_drop0p2_temp2p0_a0p25_b0p05__wd1e-04trmiss0_degmodglobal,8,1e-05,0.0001,0.2,2.0,0.25,0.05,lr1e-05_bs8_drop0p2_temp2p0_a0p25_b0p05__wd1e-04trmiss0_degmodglobal,15,0.6383980257170541,0.6268543601036072,0.8444444444444446,0.9237043820377155,0.6428571428571429,0.0,0.6765928438731602,0.6204291922705514,0.04534485111279147,0.13265250836099898,0.0,0.0,0.0,0.0,0.0,18473,global,0.0
4,1,lr1e-05_bs8_drop0p2_temp2p0_a0p25_b0p05__wd1e-04trmiss0_degmodglobal,8,1e-05,0.0001,0.2,2.0,0.25,0.05,lr1e-05_bs8_drop0p2_temp2p0_a0p25_b0p05__wd1e-04trmiss0_degmodglobal,16,0.6463248559406826,0.6267836093902588,0.8222222222222223,0.9051858635191969,0.6428571428571429,0.0,0.6418187192508152,0.6344148516654968,0.03179750298815114,0.07921289652585983,0.0,0.0,0.0,0.0,0.0,18473,global,0.0
4,1,lr1e-05_bs8_drop0p2_temp2p0_a0p25_b0p05__wd1e-04trmiss0_degmodglobal,8,1e-05,0.0001,0.2,2.0,0.25,0.05,lr1e-05_bs8_drop0p2_temp2p0_a0p25_b0p05__wd1e-04trmiss0_degmodglobal,17,0.6249111294746399,0.6235408782958984,0.8444444444444446,0.9237043820377155,0.6428571428571429,0.0,0.6507605058806283,0.610672150339399,0.038787471396582465,0.0908423513174057,0.0,0.0,0.0,0.0,0.0,18473,global,0.0
4,1,lr1e-05_bs8_drop0p2_temp2p0_a0p25_b0p05__wd1e-04trmiss0_degmodglobal,8,1e-05,0.0001,0.2,2.0,0.25,0.05,lr1e-05_bs8_drop0p2_temp2p0_a0p25_b0p05__wd1e-04trmiss0_degmodglobal,18,0.637791999748775,0.6232454478740692,0.8222222222222223,0.9051858635191969,0.6428571428571429,0.0,0.6504420467785427,0.6251910584313529,0.034069815650582314,0.08166971456791673,0.0,0.0,0.0,0.0,0.0,18473,global,0.0
4,1,lr1e-05_bs8_drop0p2_temp2p0_a0p25_b0p05__wd1e-04trmiss0_degmodglobal,8,1e-05,0.0001,0.2,2.0,0.25,0.05,lr1e-05_bs8_drop0p2_temp2p0_a0p25_b0p05__wd1e-04trmiss0_degmodglobal,19,0.6338244335991996,0.622277557849884,0.8222222222222223,0.9051858635191969,0.6428571428571429,0.0,0.6363575117928642,0.6197649325643267,0.03567131156367915,0.10283315767134939,0.0,0.0,0.0,0.0,0.0,18473,global,0.0
4,1,lr1e-05_bs8_drop0p2_temp2p0_a0p25_b0p05__wd1e-04trmiss0_degmodglobal,8,1e-05,0.0001,0.2,2.0,0.25,0.05,lr1e-05_bs8_drop0p2_temp2p0_a0p25_b0p05__wd1e-04trmiss0_degmodglobal,20,0.6383305191993713,0.6236373782157898,0.8222222222222223,0.9051858635191969,0.6428571428571429,0.0,0.6462563702038356,0.6244521822248187,0.03684569735612188,0.09333846292325429,0.0,0.0,0.0,0.0,0.0,18473,global,0.0
4,1,lr1e-05_bs8_drop0p2_temp2p0_a0p25_b0p05__wd1e-04trmiss0_degmodglobal,8,1e-05,0.0001,0.2,2.0,0.25,0.05,lr1e-05_bs8_drop0p2_temp2p0_a0p25_b0p05__wd1e-04trmiss0_degmodglobal,21,0.6145146403993879,0.6219801008701324,0.8222222222222223,0.9051858635191969,0.6428571428571429,0.0,0.6384713734899249,0.6022478001458305,0.03201043126838548,0.08528433207954679,0.0,0.0,0.0,0.0,0.0,18473,global,0.0
4,1,lr1e-05_bs8_drop0p2_temp2p0_a0p25_b0p05__wd1e-04trmiss0_degmodglobal,8,1e-05,0.0001,0.2,2.0,0.25,0.05,lr1e-05_bs8_drop0p2_temp2p0_a0p25_b0p05__wd1e-04trmiss0_degmodglobal,22,0.6210483653204781,0.6170281767845154,0.8444444444444446,0.9237043820377155,0.7142857142857143,0.0,0.6533394966806684,0.6062268103872027,0.04196739675743239,0.08659365586936474,0.0,0.0,0.0,0.0,0.0,18473,global,0.0
4,1,lr1e-05_bs8_drop0p2_temp2p0_a0p25_b0p05__wd1e-04trmiss0_degmodglobal,8,1e-05,0.0001,0.2,2.0,0.25,0.05,lr1e-05_bs8_drop0p2_temp2p0_a0p25_b0p05__wd1e-04trmiss0_degmodglobal,23,0.6170236638614109,0.6156889796257019,0.888888888888889,0.9534662867996202,0.6428571428571429,0.0,0.641379177570343,0.6034667321613857,0.033694016081946235,0.10266861638852529,0.0,0.0,0.0,0.0,0.0,18473,global,0.0
4,1,lr1e-05_bs8_drop0p2_temp2p0_a0p25_b0p05__wd1e-04trmiss0_degmodglobal,8,1e-05,0.0001,0.2,2.0,0.25,0.05,lr1e-05_bs8_drop0p2_temp2p0_a0p25_b0p05__wd1e-04trmiss0_degmodglobal,24,0.6097483124051776,0.6164039969444275,0.8444444444444446,0.9237043820377155,0.7142857142857143,0.0,0.6376200999532428,0.5957608989306858,0.038649869550551684,0.08649862770523344,0.0,0.0,0.0,0.0,0.0,18473,global,0.0
4,1,lr1e-05_bs8_drop0p2_temp2p0_a0p25_b0p05__wd1e-04trmiss0_degmodglobal,8,1e-05,0.0001,0.2,2.0,0.25,0.05,lr1e-05_bs8_drop0p2_temp2p0_a0p25_b0p05__wd1e-04trmiss0_degmodglobal,25,0.6225275823048183,0.6153729557991028,0.8666666666666667,0.9479717813051147,0.6428571428571429,0.0,0.6491926653044564,0.608303793839046,0.03448355384171009,0.11205801261322838,0.0,0.0,0.0,0.0,0.0,18473,global,0.0
4,1,lr1e-05_bs8_drop0p2_temp2p0_a0p25_b0p05__wd1e-04trmiss0_degmodglobal,8,1e-05,0.0001,0.2,2.0,0.25,0.05,lr1e-05_bs8_drop0p2_temp2p0_a0p25_b0p05__wd1e-04trmiss0_degmodglobal,26,0.6032010316848755,0.6153969168663025,0.888888888888889,0.9534662867996202,0.7142857142857143,0.0,0.6350211926868984,0.590134756905692,0.03508927061089447,0.08587885648012161,0.0,0.0,0.0,0.0,0.0,18473,global,0.0
4,1,lr1e-05_bs8_drop0p2_temp2p0_a0p25_b0p05__wd1e-04trmiss0_degmodglobal,8,1e-05,0.0001,0.2,2.0,0.25,0.05,lr1e-05_bs8_drop0p2_temp2p0_a0p25_b0p05__wd1e-04trmiss0_degmodglobal,27,0.6083493403026036,0.6180890202522278,0.8666666666666667,0.9479717813051147,0.7857142857142857,0.0,0.6481767637389046,0.5948789119720459,0.03471942059695721,0.09581143409013748,0.0,0.0,0.0,0.0,0.0,18473,global,0.0
4,1,lr1e-05_bs8_drop0p2_temp2p0_a0p25_b0p05__wd1e-04trmiss0_degmodglobal,8,1e-05,0.0001,0.2,2.0,0.25,0.05,lr1e-05_bs8_drop0p2_temp2p0_a0p25_b0p05__wd1e-04trmiss0_degmodglobal,28,0.6194995386259896,0.6192051768302917,0.8222222222222223,0.9182098765432101,0.6428571428571429,0.0,0.6497169307300023,0.6043738509927478,0.04294128556336675,0.08780724342380251,0.0,0.0,0.0,0.0,0.0,18473,global,0.0
4,1,lr1e-05_bs8_drop0p2_temp2p0_a0p25_b0p05__wd1e-04trmiss0_degmodglobal,8,1e-05,0.0001,0.2,2.0,0.25,0.05,lr1e-05_bs8_drop0p2_temp2p0_a0p25_b0p05__wd1e-04trmiss0_degmodglobal,29,0.6140202539307731,0.6180762648582458,0.8666666666666667,0.9479717813051147,0.6428571428571429,0.0,0.6270398242133004,0.5995639903204781,0.0380705754671778,0.09877251461148262,0.0,0.0,0.0,0.0,0.0,18473,global,0.0
4,1,lr1e-05_bs8_drop0p2_temp2p0_a0p25_b0p05__wd1e-04trmiss0_degmodglobal,8,1e-05,0.0001,0.2,2.0,0.25,0.05,lr1e-05_bs8_drop0p2_temp2p0_a0p25_b0p05__wd1e-04trmiss0_degmodglobal,30,0.6133702993392944,0.6183232665061951,0.8222222222222223,0.9182098765432101,0.7142857142857143,0.0,0.6383675251688276,0.6006968106542315,0.033242475773606985,0.08725761196443013,0.0,0.0,0.0,0.0,0.0,18473,global,0.0
4,1,lr1e-05_bs8_drop0p2_temp2p0_a0p25_b0p05__wd1e-04trmiss0_degmodglobal,8,1e-05,0.0001,0.2,2.0,0.25,0.05,lr1e-05_bs8_drop0p2_temp2p0_a0p25_b0p05__wd1e-04trmiss0_degmodglobal,31,0.6184194598879132,0.6181985139846802,0.8444444444444444,0.9340828924162259,0.7857142857142857,0.0,0.6360857231276376,0.6060302938733783,0.03064619536910738,0.09455263454999242,0.0,0.0,0.0,0.0,0.0,18473,global,0.0
4,1,lr1e-05_bs8_drop0p2_temp2p0_a0p25_b0p05__wd1e-04trmiss0_degmodglobal,8,1e-05,0.0001,0.2,2.0,0.25,0.05,lr1e-05_bs8_drop0p2_temp2p0_a0p25_b0p05__wd1e-04trmiss0_degmodglobal,32,0.6057458519935608,0.6170510649681091,0.8666666666666667,0.9479717813051147,0.7142857142857143,0.0,0.6383460930415562,0.5933457612991333,0.03506446682981083,0.07267934509686061,0.0,0.0,0.0,0.0,0.0,18473,global,0.0
4,1,lr1e-05_bs8_drop0p2_temp2p0_a0p25_b0p05__wd1e-04trmiss0_degmodglobal,8,1e-05,0.0001,0.2,2.0,0.25,0.05,lr1e-05_bs8_drop0p2_temp2p0_a0p25_b0p05__wd1e-04trmiss0_degmodglobal,33,0.6126683013779777,0.6176939010620117,0.8666666666666667,0.9479717813051147,0.7857142857142857,0.0,0.6486494030271258,0.5975525634629386,0.03765352150159223,0.11404712498188019,0.0,0.0,0.0,0.0,0.0,18473,global,0.0
4,1,lr1e-05_bs8_drop0p2_temp2p0_a0p25_b0p05__wd1e-04trmiss0_degmodglobal,8,1e-05,0.0001,0.2,2.0,0.25,0.05,lr1e-05_bs8_drop0p2_temp2p0_a0p25_b0p05__wd1e-04trmiss0_degmodglobal,34,0.6061214208602905,0.6161336004734039,0.8666666666666667,0.9479717813051147,0.7857142857142857,0.0,0.6237356066703796,0.5938897388322013,0.03278397236551557,0.08071379044226237,0.0,0.0,0.0,0.0,0.0,18473,global,0.0
4,1,lr1e-05_bs8_drop0p2_temp2p0_a0p25_b0p05__wd1e-04trmiss0_degmodglobal,8,1e-05,0.0001,0.2,2.0,0.25,0.05,lr1e-05_bs8_drop0p2_temp2p0_a0p25_b0p05__wd1e-04trmiss0_degmodglobal,35,0.6137951782771519,0.6158915162086487,0.8666666666666667,0.9479717813051147,0.7857142857142857,0.0,0.6251982961382184,0.6026986411639622,0.030757561592119082,0.06814257108739444,0.0,0.0,0.0,0.0,0.0,18473,global,0.0
4,1,lr1e-05_bs8_drop0p2_temp2p0_a0p25_b0p05__wd1e-04trmiss0_degmodglobal,8,1e-05,0.0001,0.2,2.0,0.25,0.05,lr1e-05_bs8_drop0p2_temp2p0_a0p25_b0p05__wd1e-04trmiss0_degmodglobal,36,0.609075265271323,0.6149697601795197,0.8666666666666667,0.9479717813051147,0.7857142857142857,0.0,0.6268967986106873,0.5962977579661778,0.03162337626729693,0.09743327035435609,0.0,0.0,0.0,0.0,0.0,18473,global,0.0
4,1,lr1e-05_bs8_drop0p2_temp2p0_a0p25_b0p05__wd1e-04trmiss0_degmodglobal,8,1e-05,0.0001,0.2,2.0,0.25,0.05,lr1e-05_bs8_drop0p2_temp2p0_a0p25_b0p05__wd1e-04trmiss0_degmodglobal,37,0.5891627584184919,0.6157919764518738,0.8666666666666667,0.9479717813051147,0.7857142857142857,0.0,0.6171201467514038,0.5743576713970729,0.040941729077271054,0.09139302958335195,0.0,0.0,0.0,0.0,0.0,18473,global,0.0
4,1,lr1e-05_bs8_drop0p2_temp2p0_a0p25_b0p05__wd1e-04trmiss0_degmodglobal,8,1e-05,0.0001,0.2,2.0,0.25,0.05,lr1e-05_bs8_drop0p2_temp2p0_a0p25_b0p05__wd1e-04trmiss0_degmodglobal,38,0.598722687789372,0.6164211630821228,0.8666666666666667,0.9479717813051147,0.7857142857142857,0.0,0.6202598639896938,0.5831959332738604,0.040230605751276016,0.10938229145748275,0.0,0.0,0.0,0.0,0.0,18473,global,0.0
4,1,lr1e-05_bs8_drop0p2_temp2p0_a0p25_b0p05__wd1e-04trmiss0_degmodglobal,8,1e-05,0.0001,0.2,2.0,0.25,0.05,lr1e-05_bs8_drop0p2_temp2p0_a0p25_b0p05__wd1e-04trmiss0_degmodglobal,39,0.5954634376934597,0.6176960170269012,0.8666666666666667,0.9479717813051147,0.7857142857142857,0.0,0.6109054344041007,0.5794586965015956,0.04156374452369554,0.11227641786847796,0.0,0.0,0.0,0.0,0.0,18473,global,0.0
4,1,lr1e-05_bs8_drop0p2_temp2p0_a0p25_b0p05__wd1e-04trmiss0_degmodglobal,8,1e-05,0.0001,0.2,2.0,0.25,0.05,lr1e-05_bs8_drop0p2_temp2p0_a0p25_b0p05__wd1e-04trmiss0_degmodglobal,40,0.6037465248789106,0.619634360074997,0.8666666666666667,0.9479717813051147,0.7857142857142857,0.0,0.6129609772137233,0.589965650013515,0.03697572329214641,0.09073862965617861,0.0,0.0,0.0,0.0,0.0,18473,global,0.0
4,1,lr1e-05_bs8_drop0p2_temp2p0_a0p25_b0p05__wd1e-04trmiss0_degmodglobal,8,1e-05,0.0001,0.2,2.0,0.25,0.05,lr1e-05_bs8_drop0p2_temp2p0_a0p25_b0p05__wd1e-04trmiss0_degmodglobal,41,0.6099064350128174,0.6210684776306152,0.8666666666666667,0.9479717813051147,0.7142857142857143,0.0,0.5959818618638175,0.5933815581457955,0.04551122550453458,0.10294146090745926,0.0,0.0,0.0,0.0,0.0,18473,global,0.0
4,1,lr1e-05_bs8_drop0p2_temp2p0_a0p25_b0p05__wd1e-04trmiss0_degmodglobal,8,1e-05,0.0001,0.2,2.0,0.25,0.05,lr1e-05_bs8_drop0p2_temp2p0_a0p25_b0p05__wd1e-04trmiss0_degmodglobal,42,0.6174518636294773,0.621845930814743,0.8666666666666667,0.9479717813051147,0.7142857142857143,0.0,0.6016752890178135,0.6022970506123134,0.03926170404468264,0.10678777737276894,0.0,0.0,0.0,0.0,0.0,18473,global,0.0
4,1,lr1e-05_bs8_drop0p2_temp2p0_a0p25_b0p05__wd1e-04trmiss0_degmodglobal,8,1e-05,0.0001,0.2,2.0,0.25,0.05,lr1e-05_bs8_drop0p2_temp2p0_a0p25_b0p05__wd1e-04trmiss0_degmodglobal,43,0.5976642370223999,0.6228920817375183,0.8444444444444444,0.9340828924162259,0.7142857142857143,0.0,0.6241586293492999,0.584967919758388,0.03417676075228623,0.08304300558354173,0.0,0.0,0.0,0.0,0.0,18473,global,0.0
4,1,lr1e-05_bs8_drop0p2_temp2p0_a0p25_b0p05__wd1e-04trmiss0_degmodglobal,8,1e-05,0.0001,0.2,2.0,0.25,0.05,lr1e-05_bs8_drop0p2_temp2p0_a0p25_b0p05__wd1e-04trmiss0_degmodglobal,44,0.5873386945043292,0.6229154169559479,0.8,0.8996913580246915,0.7142857142857143,0.0,0.602028122970036,0.5725655129977635,0.04020797301615987,0.09442362342295903,0.0,0.0,0.0,0.0,0.0,18473,global,0.0
4,1,lr1e-05_bs8_drop0p2_temp2p0_a0p25_b0p05__wd1e-04trmiss0_degmodglobal,8,1e-05,0.0001,0.2,2.0,0.25,0.05,lr1e-05_bs8_drop0p2_temp2p0_a0p25_b0p05__wd1e-04trmiss0_degmodglobal,45,0.5904241715158735,0.6203968524932861,0.8222222222222223,0.9182098765432101,0.7142857142857143,0.0,0.6186941010611398,0.5786349432809013,0.030725853783743724,0.08215535006352834,0.0,0.0,0.0,0.0,0.0,18473,global,0.0
4,1,lr1e-05_bs8_drop0p2_temp2p0_a0p25_b0p05__wd1e-04trmiss0_degmodglobal,8,1e-05,0.0001,0.2,2.0,0.25,0.05,lr1e-05_bs8_drop0p2_temp2p0_a0p25_b0p05__wd1e-04trmiss0_degmodglobal,46,0.597338250705174,0.6199339628219604,0.8222222222222223,0.9182098765432101,0.7142857142857143,0.0,0.60158942426954,0.5843992829322815,0.03378127541925226,0.089873110343303,0.0,0.0,0.0,0.0,0.0,18473,global,0.0
4,1,lr1e-05_bs8_drop0p4_temp1p0_a0p25_b0p05__wd1e-04trmiss0_degmodglobal,8,1e-05,0.0001,0.4,1.0,0.25,0.05,lr1e-05_bs8_drop0p4_temp1p0_a0p25_b0p05__wd1e-04trmiss0_degmodglobal,1,0.7170057041304452,0.7193334698677063,0.17777777777777776,0.523955673955674,0.35714285714285715,0.0,0.6988991243498666,0.691170871257782,0.07020618872983116,0.16566562013966696,0.0,0.0,0.0,0.0,0.0,18473,global,0.0
4,1,lr1e-05_bs8_drop0p4_temp1p0_a0p25_b0p05__wd1e-04trmiss0_degmodglobal,8,1e-05,0.0001,0.4,1.0,0.25,0.05,lr1e-05_bs8_drop0p4_temp1p0_a0p25_b0p05__wd1e-04trmiss0_degmodglobal,2,0.7088786874498639,0.7254339158535004,0.17777777777777776,0.5227211060544394,0.35714285714285715,0.0,0.7460986375808716,0.6818863919803074,0.06903935809220586,0.19464937384639466,0.0,0.0,0.0,0.0,0.0,18473,global,0.0
4,1,lr1e-05_bs8_drop0p4_temp1p0_a0p25_b0p05__wd1e-04trmiss0_degmodglobal,8,1e-05,0.0001,0.4,1.0,0.25,0.05,lr1e-05_bs8_drop0p4_temp1p0_a0p25_b0p05__wd1e-04trmiss0_degmodglobal,3,0.6574254546846662,0.729986697435379,0.17777777777777776,0.5227211060544394,0.35714285714285715,0.0,0.7014643039022174,0.6298210109983172,0.07867129359926496,0.15873253451926367,0.0,0.0,0.0,0.0,0.0,18473,global,0.0
4,1,lr1e-05_bs8_drop0p4_temp1p0_a0p25_b0p05__wd1e-04trmiss0_degmodglobal,8,1e-05,0.0001,0.4,1.0,0.25,0.05,lr1e-05_bs8_drop0p4_temp1p0_a0p25_b0p05__wd1e-04trmiss0_degmodglobal,4,0.6989857384136745,0.7346125841140747,0.17777777777777776,0.5227211060544394,0.42857142857142855,0.0,0.7139344981738499,0.675306464944567,0.06832569198948997,0.1319571307727269,0.0,0.0,0.0,0.0,0.0,18473,global,0.0
4,1,lr1e-05_bs8_drop0p4_temp1p0_a0p25_b0p05__wd1e-04trmiss0_degmodglobal,8,1e-05,0.0001,0.4,1.0,0.25,0.05,lr1e-05_bs8_drop0p4_temp1p0_a0p25_b0p05__wd1e-04trmiss0_degmodglobal,5,0.6848457370485578,0.7402088642120361,0.19999999999999998,0.5287817121150454,0.42857142857142855,0.0,0.720764662538256,0.6571675283568246,0.08011758221047265,0.1529761818902833,0.0,0.0,0.0,0.0,0.0,18473,global,0.0
4,1,lr1e-05_bs8_drop0p4_temp1p0_a0p25_b0p05__wd1e-04trmiss0_degmodglobal,8,1e-05,0.0001,0.4,1.0,0.25,0.05,lr1e-05_bs8_drop0p4_temp1p0_a0p25_b0p05__wd1e-04trmiss0_degmodglobal,6,0.6891758441925049,0.7447546720504761,0.2666666666666666,0.5531924865258199,0.35714285714285715,0.0,0.6905664035252163,0.6705768959862846,0.05420393416924136,0.10095900031072753,0.0,0.0,0.0,0.0,0.0,18473,global,0.0
4,1,lr1e-05_bs8_drop0p4_temp1p0_a0p25_b0p05__wd1e-04trmiss0_degmodglobal,8,1e-05,0.0001,0.4,1.0,0.25,0.05,lr1e-05_bs8_drop0p4_temp1p0_a0p25_b0p05__wd1e-04trmiss0_degmodglobal,7,0.6946638652256557,0.7475421130657196,0.28888888888888886,0.5717110050443384,0.35714285714285715,0.0,0.6811677813529968,0.6697500177792141,0.0721538673554148,0.13750765472650528,0.0,0.0,0.0,0.0,0.0,18473,global,0.0
4,1,lr1e-05_bs8_drop0p4_temp1p0_a0p25_b0p05__wd1e-04trmiss0_degmodglobal,8,1e-05,0.0001,0.4,1.0,0.25,0.05,lr1e-05_bs8_drop0p4_temp1p0_a0p25_b0p05__wd1e-04trmiss0_degmodglobal,8,0.6893143057823181,0.7509510815143585,0.28888888888888886,0.5717110050443384,0.35714285714285715,0.0,0.6848384141921997,0.6657648086547852,0.06794108769723348,0.13128451151507242,0.0,0.0,0.0,0.0,0.0,18473,global,0.0
4,1,lr1e-05_bs8_drop0p4_temp1p0_a0p25_b0p05__wd1e-04trmiss0_degmodglobal,8,1e-05,0.0001,0.4,1.0,0.25,0.05,lr1e-05_bs8_drop0p4_temp1p0_a0p25_b0p05__wd1e-04trmiss0_degmodglobal,9,0.6606741206986564,0.7527266442775726,0.28888888888888886,0.5717110050443384,0.35714285714285715,0.0,0.6973848172596523,0.6395206281117031,0.06052591385585921,0.12044039887509175,0.0,0.0,0.0,0.0,0.0,18473,global,0.0
4,1,lr1e-05_bs8_drop0p4_temp1p0_a0p25_b0p05__wd1e-04trmiss0_degmodglobal,8,1e-05,0.0001,0.4,1.0,0.25,0.05,lr1e-05_bs8_drop0p4_temp1p0_a0p25_b0p05__wd1e-04trmiss0_degmodglobal,10,0.6871479409081596,0.7544558942317963,0.28888888888888886,0.5717110050443384,0.35714285714285715,0.0,0.6503819056919643,0.659088705267225,0.07908472312348229,0.16576100034373148,0.0,0.0,0.0,0.0,0.0,18473,global,0.0
4,1,lr1e-05_bs8_drop0p4_temp1p0_a0p25_b0p05__wd1e-04trmiss0_degmodglobal,8,1e-05,0.0001,0.4,1.0,0.25,0.05,lr1e-05_bs8_drop0p4_temp1p0_a0p25_b0p05__wd1e-04trmiss0_degmodglobal,11,0.6652139254978725,0.7559668123722076,0.3111111111111111,0.5774090107423441,0.35714285714285715,0.0,0.6879633239337376,0.6456295081547329,0.05964001800332751,0.09348829569561141,0.0,0.0,0.0,0.0,0.0,18473,global,0.0
4,1,lr1e-05_bs8_drop0p4_temp1p0_a0p25_b0p05__wd1e-04trmiss0_degmodglobal,8,1e-05,0.0001,0.4,1.0,0.25,0.05,lr1e-05_bs8_drop0p4_temp1p0_a0p25_b0p05__wd1e-04trmiss0_degmodglobal,12,0.7020244683538165,0.7544516921043396,0.2888888888888888,0.5588904922238256,0.35714285714285715,0.0,0.68588559116636,0.6746820381709507,0.08342600560614041,0.12971854316336767,0.0,0.0,0.0,0.0,0.0,18473,global,0.0
4,1,lr1e-05_bs8_drop0p4_temp1p0_a0p25_b0p05__wd1e-04trmiss0_degmodglobal,8,1e-05,0.0001,0.4,1.0,0.25,0.05,lr1e-05_bs8_drop0p4_temp1p0_a0p25_b0p05__wd1e-04trmiss0_degmodglobal,13,0.6753127234322684,0.7521744966506958,0.2888888888888888,0.5588904922238256,0.35714285714285715,0.0,0.6785206539290292,0.6530028837067741,0.06381017767957278,0.12714599019714765,0.0,0.0,0.0,0.0,0.0,18473,global,0.0
4,1,lr1e-05_bs8_drop0p4_temp1p0_a0p25_b0p05__wd1e-04trmiss0_degmodglobal,8,1e-05,0.0001,0.4,1.0,0.25,0.05,lr1e-05_bs8_drop0p4_temp1p0_a0p25_b0p05__wd1e-04trmiss0_degmodglobal,14,0.6402871693883624,0.7529149949550629,0.28888888888888886,0.5717110050443384,0.35714285714285715,0.0,0.6670519965035575,0.615293562412262,0.0709859813962664,0.14494220007743155,0.0,0.0,0.0,0.0,0.0,18473,global,0.0
4,1,lr1e-05_bs8_drop0p4_temp1p0_a0p25_b0p05__wd1e-04trmiss0_degmodglobal,8,1e-05,0.0001,0.4,1.0,0.25,0.05,lr1e-05_bs8_drop0p4_temp1p0_a0p25_b0p05__wd1e-04trmiss0_degmodglobal,15,0.6670701588903155,0.7540668249130249,0.28888888888888886,0.5717110050443384,0.42857142857142855,0.0,0.6802675298282078,0.646728685923985,0.06125896104744503,0.1005345955491066,0.0,0.0,0.0,0.0,0.0,18473,global,0.0
4,1,lr1e-05_bs8_drop0p4_temp1p0_a0p25_b0p05__wd1e-04trmiss0_degmodglobal,8,1e-05,0.0001,0.4,1.0,0.25,0.05,lr1e-05_bs8_drop0p4_temp1p0_a0p25_b0p05__wd1e-04trmiss0_degmodglobal,16,0.6654364381517682,0.754547506570816,0.28888888888888886,0.5717110050443384,0.42857142857142855,0.0,0.664065420627594,0.6421182581356594,0.0671755735363279,0.13048588058778218,0.0,0.0,0.0,0.0,0.0,18473,global,0.0
4,1,lr1e-05_bs8_drop0p4_temp1p0_a0p25_b0p05__wd1e-04trmiss0_degmodglobal,8,1e-05,0.0001,0.4,1.0,0.25,0.05,lr1e-05_bs8_drop0p4_temp1p0_a0p25_b0p05__wd1e-04trmiss0_degmodglobal,17,0.6626126170158386,0.752524197101593,0.28888888888888886,0.5717110050443384,0.42857142857142855,0.0,0.6815985270908901,0.6402045743806022,0.0641975323004382,0.12717319226690701,0.0,0.0,0.0,0.0,0.0,18473,global,0.0
4,1,lr1e-05_bs8_drop0p4_temp1p0_a0p25_b0p05__wd1e-04trmiss0_degmodglobal,8,1e-05,0.0001,0.4,1.0,0.25,0.05,lr1e-05_bs8_drop0p4_temp1p0_a0p25_b0p05__wd1e-04trmiss0_degmodglobal,18,0.6572684219905308,0.7556952834129333,0.28888888888888886,0.5717110050443384,0.42857142857142855,0.0,0.6963399989264352,0.6352529696055821,0.062067954667976925,0.1299693627016885,0.0,0.0,0.0,0.0,0.0,18473,global,0.0
4,1,lr1e-05_bs8_drop0p4_temp1p0_a0p25_b0p05__wd1e-04trmiss0_degmodglobal,8,1e-05,0.0001,0.4,1.0,0.25,0.05,lr1e-05_bs8_drop0p4_temp1p0_a0p25_b0p05__wd1e-04trmiss0_degmodglobal,19,0.6815856184278216,0.7551436424255371,0.28888888888888886,0.5717110050443384,0.42857142857142855,0.0,0.6421480093683515,0.6584979551179069,0.06330087621297155,0.14524909002440317,0.0,0.0,0.0,0.0,0.0,18473,global,0.0
4,1,lr1e-05_bs8_drop0p4_temp1p0_a0p25_b0p05__wd1e-04trmiss0_degmodglobal,8,1e-05,0.0001,0.4,1.0,0.25,0.05,lr1e-05_bs8_drop0p4_temp1p0_a0p25_b0p05__wd1e-04trmiss0_degmodglobal,20,0.6536539111818586,0.7530222535133362,0.28888888888888886,0.5717110050443384,0.42857142857142855,0.0,0.6609197003500802,0.6237470933369228,0.08282399283988136,0.1840161212853023,0.0,0.0,0.0,0.0,0.0,18473,global,0.0
4,1,lr1e-05_bs8_drop0p4_temp1p0_a0p25_b0p05__wd1e-04trmiss0_degmodglobal,8,1e-05,0.0001,0.4,1.0,0.25,0.05,lr1e-05_bs8_drop0p4_temp1p0_a0p25_b0p05__wd1e-04trmiss0_degmodglobal,21,0.6698109337261745,0.7527554035186768,0.28888888888888886,0.5717110050443384,0.42857142857142855,0.0,0.6672710009983608,0.6477468354361398,0.06771545058914594,0.10270484962633677,0.0,0.0,0.0,0.0,0.0,18473,global,0.0
4,1,lr1e-05_bs8_drop0p4_temp1p0_a0p25_b0p05__wd1e-04trmiss0_degmodglobal,8,1e-05,0.0001,0.4,1.0,0.25,0.05,lr1e-05_bs8_drop0p4_temp1p0_a0p25_b0p05__wd1e-04trmiss0_degmodglobal,22,0.6842702542032514,0.7539406418800354,0.28888888888888886,0.5717110050443384,0.42857142857142855,0.0,0.6630887304033551,0.6635669980730329,0.06387065217963286,0.0947118273803166,0.0,0.0,0.0,0.0,0.0,18473,global,0.0
4,1,lr1e-05_bs8_drop0p4_temp1p0_a0p25_b0p05__wd1e-04trmiss0_degmodglobal,8,1e-05,0.0001,0.4,1.0,0.25,0.05,lr1e-05_bs8_drop0p4_temp1p0_a0p25_b0p05__wd1e-04trmiss0_degmodglobal,23,0.658061819417136,0.753909707069397,0.28888888888888886,0.5717110050443384,0.42857142857142855,0.0,0.6653301630701337,0.6296198793819973,0.0815686924116952,0.16099545545876026,0.0,0.0,0.0,0.0,0.0,18473,global,0.0
4,1,lr1e-05_bs8_drop0p4_temp1p0_a0p25_b0p05__wd1e-04trmiss0_degmodglobal,8,1e-05,0.0001,0.4,1.0,0.25,0.05,lr1e-05_bs8_drop0p4_temp1p0_a0p25_b0p05__wd1e-04trmiss0_degmodglobal,24,0.6460630638258797,0.7522402107715607,0.28888888888888886,0.5717110050443384,0.42857142857142855,0.0,0.640650885445731,0.6200542875698635,0.0768759793468884,0.13579564914107323,0.0,0.0,0.0,0.0,0.0,18473,global,0.0
4,1,lr1e-05_bs8_drop0p4_temp1p0_a0p25_b0p05__wd1e-04trmiss0_degmodglobal,8,1e-05,0.0001,0.4,1.0,0.25,0.05,lr1e-05_bs8_drop0p4_temp1p0_a0p25_b0p05__wd1e-04trmiss0_degmodglobal,25,0.653909044606345,0.7527779638767242,0.3111111111111111,0.5774090107423441,0.42857142857142855,0.0,0.6590138929230827,0.6220412084034511,0.08920590898820333,0.19132742711475917,0.0,0.0,0.0,0.0,0.0,18473,global,0.0
4,1,lr1e-05_bs8_drop0p4_temp1p0_a0p25_b0p05__wd1e-04trmiss0_degmodglobal,8,1e-05,0.0001,0.4,1.0,0.25,0.05,lr1e-05_bs8_drop0p4_temp1p0_a0p25_b0p05__wd1e-04trmiss0_degmodglobal,26,0.6644932542528424,0.7487910687923431,0.3111111111111111,0.5774090107423441,0.42857142857142855,0.0,0.6565243601799011,0.6366127303668431,0.0782343830381121,0.16643900211368287,0.0,0.0,0.0,0.0,0.0,18473,global,0.0
4,1,lr1e-05_bs8_drop0p4_temp1p0_a0p25_b0p05__wd1e-04trmiss0_degmodglobal,8,1e-05,0.0001,0.4,1.0,0.25,0.05,lr1e-05_bs8_drop0p4_temp1p0_a0p25_b0p05__wd1e-04trmiss0_degmodglobal,27,0.6700572286333356,0.752145916223526,0.3111111111111111,0.5774090107423441,0.42857142857142855,0.0,0.6373880079814366,0.6396043045180184,0.086496930037226,0.1765737725155694,0.0,0.0,0.0,0.0,0.0,18473,global,0.0
4,1,lr1e-05_bs8_drop0p4_temp1p0_a0p25_b0p05__wd1e-04trmiss0_degmodglobal,8,1e-05,0.0001,0.4,1.0,0.25,0.05,lr1e-05_bs8_drop0p4_temp1p0_a0p25_b0p05__wd1e-04trmiss0_degmodglobal,28,0.6800345608166286,0.7544681429862976,0.28888888888888886,0.5717110050443384,0.42857142857142855,0.0,0.6483936820711408,0.6568208932876587,0.06657242508871215,0.13141096915517533,0.0,0.0,0.0,0.0,0.0,18473,global,0.0
4,1,lr1e-05_bs8_drop0p4_temp1p0_a0p25_b0p05__wd1e-04trmiss0_degmodglobal,8,1e-05,0.0001,0.4,1.0,0.25,0.05,lr1e-05_bs8_drop0p4_temp1p0_a0p25_b0p05__wd1e-04trmiss0_degmodglobal,29,0.6849523867879596,0.7539457976818085,0.28888888888888886,0.5717110050443384,0.35714285714285715,0.0,0.6366185035024371,0.6605752451079232,0.07046917187316078,0.1351970700281007,0.0,0.0,0.0,0.0,0.0,18473,global,0.0
4,1,lr1e-05_bs8_drop0p4_temp1p0_a0p25_b0p05__wd1e-04trmiss0_degmodglobal,8,1e-05,0.0001,0.4,1.0,0.25,0.05,lr1e-05_bs8_drop0p4_temp1p0_a0p25_b0p05__wd1e-04trmiss0_degmodglobal,30,0.6587643878800529,0.7464286983013153,0.28888888888888886,0.5717110050443384,0.42857142857142855,0.0,0.6361418536731175,0.6367042490414211,0.06109152947153364,0.13574508364711488,0.0,0.0,0.0,0.0,0.0,18473,global,0.0
4,1,lr1e-05_bs8_drop0p4_temp1p0_a0p25_b0p05__wd1e-04trmiss0_degmodglobal,8,1e-05,0.0001,0.4,1.0,0.25,0.05,lr1e-05_bs8_drop0p4_temp1p0_a0p25_b0p05__wd1e-04trmiss0_degmodglobal,31,0.6714282972472054,0.7479819655418396,0.28888888888888886,0.5717110050443384,0.42857142857142855,0.0,0.6383050509861538,0.6467330711228507,0.0698828926043851,0.14448962679931096,0.0,0.0,0.0,0.0,0.0,18473,global,0.0
4,1,lr1e-05_bs8_drop0p4_temp1p0_a0p25_b0p05__wd1e-04trmiss0_degmodglobal,8,1e-05,0.0001,0.4,1.0,0.25,0.05,lr1e-05_bs8_drop0p4_temp1p0_a0p25_b0p05__wd1e-04trmiss0_degmodglobal,32,0.658478319644928,0.7499845027923584,0.28888888888888886,0.5717110050443384,0.42857142857142855,0.0,0.6448922753334045,0.6340753095490592,0.07354572308915001,0.12033145076462201,0.0,0.0,0.0,0.0,0.0,18473,global,0.0
4,1,lr1e-05_bs8_drop0p4_temp1p0_a0p25_b0p05__wd1e-04trmiss0_degmodglobal,8,1e-05,0.0001,0.4,1.0,0.25,0.05,lr1e-05_bs8_drop0p4_temp1p0_a0p25_b0p05__wd1e-04trmiss0_degmodglobal,33,0.686495338167463,0.7500380873680115,0.3111111111111111,0.5774090107423441,0.42857142857142855,0.0,0.6243991851806641,0.6609334775379726,0.07338966854981013,0.14428916413869178,0.0,0.0,0.0,0.0,0.0,18473,global,0.0
4,1,lr1e-05_bs8_drop0p4_temp1p0_a0p25_b0p05__wd1e-04trmiss0_degmodglobal,8,1e-05,0.0001,0.4,1.0,0.25,0.05,lr1e-05_bs8_drop0p4_temp1p0_a0p25_b0p05__wd1e-04trmiss0_degmodglobal,34,0.6739094001906258,0.7506704330444336,0.28888888888888886,0.5717110050443384,0.42857142857142855,0.0,0.6422146558761597,0.6530300634247916,0.06519665781940732,0.09160346085471767,0.0,0.0,0.0,0.0,0.0,18473,global,0.0
4,1,lr1e-05_bs8_drop0p4_temp1p0_a0p25_b0p05__wd1e-04trmiss0_degmodglobal,8,1e-05,0.0001,0.4,1.0,0.25,0.05,lr1e-05_bs8_drop0p4_temp1p0_a0p25_b0p05__wd1e-04trmiss0_degmodglobal,35,0.6767352478844779,0.7541329264640808,0.28888888888888886,0.5717110050443384,0.42857142857142855,0.0,0.6395231825964791,0.6483287044933864,0.08112649459924016,0.16249834426811763,0.0,0.0,0.0,0.0,0.0,18473,global,0.0
4,1,lr1e-05_bs8_drop0p4_temp1p0_a0p25_b0p05__wd1e-04trmiss0_degmodglobal,8,1e-05,0.0001,0.4,1.0,0.25,0.05,lr1e-05_bs8_drop0p4_temp1p0_a0p25_b0p05__wd1e-04trmiss0_degmodglobal,36,0.6677535687174115,0.755514532327652,0.28888888888888886,0.5717110050443384,0.42857142857142855,0.0,0.63254656961986,0.6394836051123483,0.0806976780295372,0.1619108175592763,0.0,0.0,0.0,0.0,0.0,18473,global,0.0
4,1,lr1e-05_bs8_drop0p4_temp1p0_a0p25_b0p05__wd1e-04trmiss0_degmodglobal,8,1e-05,0.0001,0.4,1.0,0.25,0.05,lr1e-05_bs8_drop0p4_temp1p0_a0p25_b0p05__wd1e-04trmiss0_degmodglobal,37,0.692885024206979,0.7571589946746826,0.28888888888888886,0.5717110050443384,0.35714285714285715,0.0,0.6277203474725995,0.6623386910983494,0.08007804836545672,0.2105360414300646,0.0,0.0,0.0,0.0,0.0,18473,global,0.0
4,1,lr1e-05_bs8_drop0p4_temp1p0_a0p25_b0p05__wd1e-04trmiss0_degmodglobal,8,1e-05,0.0001,0.4,1.0,0.25,0.05,lr1e-05_bs8_drop0p4_temp1p0_a0p25_b0p05__wd1e-04trmiss0_degmodglobal,38,0.6608222041811261,0.7509714663028717,0.28888888888888886,0.5717110050443384,0.42857142857142855,0.0,0.6313915763582502,0.638214784009116,0.07360482428755079,0.0841240505022662,0.0,0.0,0.0,0.0,0.0,18473,global,0.0
4,1,lr1e-05_bs8_drop0p4_temp1p0_a0p25_b0p05__wd1e-04trmiss0_degmodglobal,8,1e-05,0.0001,0.4,1.0,0.25,0.05,lr1e-05_bs8_drop0p4_temp1p0_a0p25_b0p05__wd1e-04trmiss0_degmodglobal,39,0.6616883873939514,0.7526544332504272,0.28888888888888886,0.5717110050443384,0.42857142857142855,0.0,0.657546511718205,0.6331585986273629,0.07979148040924754,0.17163875911917006,0.0,0.0,0.0,0.0,0.0,18473,global,0.0
4,1,lr1e-05_bs8_drop0p4_temp1p0_a0p25_b0p05__wd1e-04trmiss0_degmodglobal,8,1e-05,0.0001,0.4,1.0,0.25,0.05,lr1e-05_bs8_drop0p4_temp1p0_a0p25_b0p05__wd1e-04trmiss0_degmodglobal,40,0.6410408956663949,0.7518132627010345,0.28888888888888886,0.5717110050443384,0.42857142857142855,0.0,0.6363156523023333,0.6142775756972176,0.07742170829858099,0.14815792547804968,0.0,0.0,0.0,0.0,0.0,18473,global,0.0
4,1,lr1e-05_bs8_drop0p4_temp1p0_a0p25_b0p05__wd1e-04trmiss0_degmodglobal,8,1e-05,0.0001,0.4,1.0,0.25,0.05,lr1e-05_bs8_drop0p4_temp1p0_a0p25_b0p05__wd1e-04trmiss0_degmodglobal,41,0.6816115634781974,0.7511509656906128,0.28888888888888886,0.5717110050443384,0.42857142857142855,0.0,0.6326424905232021,0.6572594898087638,0.06848613385643278,0.14461103294576919,0.0,0.0,0.0,0.0,0.0,18473,global,0.0
4,1,lr1e-05_bs8_drop0p4_temp1p0_a0p25_b0p05__wd1e-04trmiss0_degmodglobal,8,1e-05,0.0001,0.4,1.0,0.25,0.05,lr1e-05_bs8_drop0p4_temp1p0_a0p25_b0p05__wd1e-04trmiss0_degmodglobal,42,0.6838405302592686,0.7527846693992615,0.28888888888888886,0.5717110050443384,0.42857142857142855,0.0,0.6191780141421727,0.655482964856284,0.07393282226153783,0.1974871637565749,0.0,0.0,0.0,0.0,0.0,18473,global,0.0
4,1,lr1e-05_bs8_drop0p4_temp1p0_a0p25_b0p05__wd1e-04trmiss0_degmodglobal,8,1e-05,0.0001,0.4,1.0,0.25,0.05,lr1e-05_bs8_drop0p4_temp1p0_a0p25_b0p05__wd1e-04trmiss0_degmodglobal,43,0.6453537770680019,0.7537554204463959,0.28888888888888886,0.5717110050443384,0.42857142857142855,0.0,0.623887870992933,0.6179570640836444,0.08057447842189244,0.14506185427308083,0.0,0.0,0.0,0.0,0.0,18473,global,0.0
4,1,lr1e-05_bs8_drop0p4_temp1p0_a0p25_b0p05__wd1e-04trmiss0_degmodglobal,8,1e-05,0.0001,0.4,1.0,0.25,0.05,lr1e-05_bs8_drop0p4_temp1p0_a0p25_b0p05__wd1e-04trmiss0_degmodglobal,44,0.6681960310254779,0.7555912137031555,0.28888888888888886,0.5717110050443384,0.35714285714285715,0.0,0.6248179929597037,0.6375358785901751,0.08761705351727349,0.17511784178870066,0.0,0.0,0.0,0.0,0.0,18473,global,0.0
4,1,lr1e-05_bs8_drop0p4_temp1p0_a0p25_b0p05__wd1e-04trmiss0_degmodglobal,8,1e-05,0.0001,0.4,1.0,0.25,0.05,lr1e-05_bs8_drop0p4_temp1p0_a0p25_b0p05__wd1e-04trmiss0_degmodglobal,45,0.6532490253448486,0.7536481022834778,0.28888888888888886,0.5717110050443384,0.35714285714285715,0.0,0.5968895213944572,0.6327124323163714,0.06031697190233639,0.10914705267974309,0.0,0.0,0.0,0.0,0.0,18473,global,0.0
4,1,lr1e-05_bs8_drop0p4_temp1p0_a0p25_b0p05__wd1e-04trmiss0_degmodglobal,8,1e-05,0.0001,0.4,1.0,0.25,0.05,lr1e-05_bs8_drop0p4_temp1p0_a0p25_b0p05__wd1e-04trmiss0_degmodglobal,46,0.6683889627456665,0.7496399581432343,0.28888888888888886,0.5717110050443384,0.35714285714285715,0.0,0.6218481319291251,0.6440299068178449,0.06967841408082417,0.1387892429317747,0.0,0.0,0.0,0.0,0.0,18473,global,0.0
4,1,lr1e-05_bs8_drop0p4_temp2p0_a0p25_b0p05__wd1e-04trmiss0_degmodglobal,8,1e-05,0.0001,0.4,2.0,0.25,0.05,lr1e-05_bs8_drop0p4_temp2p0_a0p25_b0p05__wd1e-04trmiss0_degmodglobal,1,0.6939662780080523,0.6582875847816467,0.7333333333333333,0.8827160493827162,0.5714285714285714,0.0,0.6978463615689959,0.6587772454534259,0.07604351959058217,0.3235629184969834,0.0,0.0,0.0,0.0,0.0,18473,global,0.0
4,1,lr1e-05_bs8_drop0p4_temp2p0_a0p25_b0p05__wd1e-04trmiss0_degmodglobal,8,1e-05,0.0001,0.4,2.0,0.25,0.05,lr1e-05_bs8_drop0p4_temp2p0_a0p25_b0p05__wd1e-04trmiss0_degmodglobal,2,0.7292991280555725,0.6509488523006439,0.7555555555555555,0.8790123456790124,0.5714285714285714,0.0,0.6955657175609044,0.6927444509097508,0.07512452905731541,0.3554707169532776,0.0,0.0,0.0,0.0,0.0,18473,global,0.0
4,1,lr1e-05_bs8_drop0p4_temp2p0_a0p25_b0p05__wd1e-04trmiss0_degmodglobal,8,1e-05,0.0001,0.4,2.0,0.25,0.05,lr1e-05_bs8_drop0p4_temp2p0_a0p25_b0p05__wd1e-04trmiss0_degmodglobal,3,0.7062823176383972,0.6468158960342407,0.7777777777777778,0.897530864197531,0.5714285714285714,0.0,0.7137973734310695,0.6671347277505058,0.08303671755961009,0.36776798431362423,0.0,0.0,0.0,0.0,0.0,18473,global,0.0
4,1,lr1e-05_bs8_drop0p4_temp2p0_a0p25_b0p05__wd1e-04trmiss0_degmodglobal,8,1e-05,0.0001,0.4,2.0,0.25,0.05,lr1e-05_bs8_drop0p4_temp2p0_a0p25_b0p05__wd1e-04trmiss0_degmodglobal,4,0.6714757680892944,0.6430345773696899,0.7555555555555555,0.8808080808080809,0.6428571428571429,0.0,0.732048613684518,0.6396735055106026,0.06556084698864392,0.30824096500873566,0.0,0.0,0.0,0.0,0.0,18473,global,0.0
4,1,lr1e-05_bs8_drop0p4_temp2p0_a0p25_b0p05__wd1e-04trmiss0_degmodglobal,8,1e-05,0.0001,0.4,2.0,0.25,0.05,lr1e-05_bs8_drop0p4_temp2p0_a0p25_b0p05__wd1e-04trmiss0_degmodglobal,5,0.6842664991106305,0.6405125558376312,0.7777777777777777,0.8927128427128428,0.6428571428571429,0.0,0.73311505147389,0.6548686027526855,0.06420806156737464,0.2669178545475006,0.0,0.0,0.0,0.0,0.0,18473,global,0.0
4,1,lr1e-05_bs8_drop0p4_temp2p0_a0p25_b0p05__wd1e-04trmiss0_degmodglobal,8,1e-05,0.0001,0.4,2.0,0.25,0.05,lr1e-05_bs8_drop0p4_temp2p0_a0p25_b0p05__wd1e-04trmiss0_degmodglobal,6,0.684317810194833,0.6380908489227295,0.7555555555555555,0.8741943241943244,0.7142857142857143,0.0,0.7060615590640477,0.6576145546776908,0.058979518711566925,0.23916733264923096,0.0,0.0,0.0,0.0,0.0,18473,global,0.0
4,1,lr1e-05_bs8_drop0p4_temp2p0_a0p25_b0p05__wd1e-04trmiss0_degmodglobal,8,1e-05,0.0001,0.4,2.0,0.25,0.05,lr1e-05_bs8_drop0p4_temp2p0_a0p25_b0p05__wd1e-04trmiss0_degmodglobal,7,0.680891045502254,0.6385810971260071,0.7555555555555555,0.8709315375982045,0.7142857142857143,0.0,0.693017738206046,0.6475786566734314,0.07002248082842145,0.3161353234733854,0.0,0.0,0.0,0.0,0.0,18473,global,0.0
4,1,lr1e-05_bs8_drop0p4_temp2p0_a0p25_b0p05__wd1e-04trmiss0_degmodglobal,8,1e-05,0.0001,0.4,2.0,0.25,0.05,lr1e-05_bs8_drop0p4_temp2p0_a0p25_b0p05__wd1e-04trmiss0_degmodglobal,8,0.6353008491652352,0.6367033421993256,0.7555555555555555,0.8808080808080809,0.7142857142857143,0.0,0.7099337662969317,0.6063295687947955,0.060884147350277217,0.2750048339366913,0.0,0.0,0.0,0.0,0.0,18473,global,0.0
4,1,lr1e-05_bs8_drop0p4_temp2p0_a0p25_b0p05__wd1e-04trmiss0_degmodglobal,8,1e-05,0.0001,0.4,2.0,0.25,0.05,lr1e-05_bs8_drop0p4_temp2p0_a0p25_b0p05__wd1e-04trmiss0_degmodglobal,9,0.6756966880389622,0.6346507668495178,0.8222222222222222,0.9121572871572874,0.7142857142857143,0.0,0.6773713486535209,0.64485251052039,0.06808312556573323,0.27646790019103457,0.0,0.0,0.0,0.0,0.0,18473,global,0.0
4,1,lr1e-05_bs8_drop0p4_temp2p0_a0p25_b0p05__wd1e-04trmiss0_degmodglobal,8,1e-05,0.0001,0.4,2.0,0.25,0.05,lr1e-05_bs8_drop0p4_temp2p0_a0p25_b0p05__wd1e-04trmiss0_degmodglobal,10,0.6719749825341361,0.6331197023391724,0.8222222222222222,0.9121572871572874,0.7142857142857143,0.0,0.6958301322800773,0.6388286011559623,0.06816587331039566,0.3220979464905603,0.0,0.0,0.0,0.0,0.0,18473,global,0.0
4,1,lr1e-05_bs8_drop0p4_temp2p0_a0p25_b0p05__wd1e-04trmiss0_degmodglobal,8,1e-05,0.0001,0.4,2.0,0.25,0.05,lr1e-05_bs8_drop0p4_temp2p0_a0p25_b0p05__wd1e-04trmiss0_degmodglobal,11,0.6584041970116752,0.6303441226482391,0.8444444444444444,0.9280303030303032,0.7142857142857143,0.0,0.6827935491289411,0.6209215606961932,0.08295073573078428,0.33489938931805746,0.0,0.0,0.0,0.0,0.0,18473,global,0.0
4,1,lr1e-05_bs8_drop0p4_temp2p0_a0p25_b0p05__wd1e-04trmiss0_degmodglobal,8,1e-05,0.0001,0.4,2.0,0.25,0.05,lr1e-05_bs8_drop0p4_temp2p0_a0p25_b0p05__wd1e-04trmiss0_degmodglobal,12,0.6367027333804539,0.6313008666038513,0.8444444444444444,0.9280303030303032,0.7142857142857143,0.0,0.6869031616619655,0.6041740689958844,0.07066073800836291,0.29726922299180714,0.0,0.0,0.0,0.0,0.0,18473,global,0.0
4,1,lr1e-05_bs8_drop0p4_temp2p0_a0p25_b0p05__wd1e-04trmiss0_degmodglobal,8,1e-05,0.0001,0.4,2.0,0.25,0.05,lr1e-05_bs8_drop0p4_temp2p0_a0p25_b0p05__wd1e-04trmiss0_degmodglobal,13,0.6705831629889352,0.6288126707077026,0.8444444444444444,0.9280303030303032,0.7142857142857143,0.0,0.6869039705821446,0.6417184131486076,0.06262954537357603,0.2641470560005733,0.0,0.0,0.0,0.0,0.0,18473,global,0.0
4,1,lr1e-05_bs8_drop0p4_temp2p0_a0p25_b0p05__wd1e-04trmiss0_degmodglobal,8,1e-05,0.0001,0.4,2.0,0.25,0.05,lr1e-05_bs8_drop0p4_temp2p0_a0p25_b0p05__wd1e-04trmiss0_degmodglobal,14,0.6516356383051191,0.6293940544128418,0.8444444444444444,0.9280303030303032,0.7142857142857143,0.0,0.6830766201019287,0.6208235621452332,0.06810658159000534,0.275708686028208,0.0,0.0,0.0,0.0,0.0,18473,global,0.0
4,1,lr1e-05_bs8_drop0p4_temp2p0_a0p25_b0p05__wd1e-04trmiss0_degmodglobal,8,1e-05,0.0001,0.4,2.0,0.25,0.05,lr1e-05_bs8_drop0p4_temp2p0_a0p25_b0p05__wd1e-04trmiss0_degmodglobal,15,0.6418271320206779,0.6273109912872314,0.8444444444444444,0.9280303030303032,0.7142857142857143,0.0,0.6685827459607806,0.6158373866762433,0.05915960988828114,0.22399709054401942,0.0,0.0,0.0,0.0,0.0,18473,global,0.0
4,1,lr1e-05_bs8_drop0p4_temp2p0_a0p25_b0p05__wd1e-04trmiss0_degmodglobal,8,1e-05,0.0001,0.4,2.0,0.25,0.05,lr1e-05_bs8_drop0p4_temp2p0_a0p25_b0p05__wd1e-04trmiss0_degmodglobal,16,0.6442505461829049,0.6278833150863647,0.8444444444444444,0.9280303030303032,0.7142857142857143,0.0,0.6613126056534904,0.6137720091002328,0.062335968549762456,0.2978912272623607,0.0,0.0,0.0,0.0,0.0,18473,global,0.0
4,1,lr1e-05_bs8_drop0p4_temp2p0_a0p25_b0p05__wd1e-04trmiss0_degmodglobal,8,1e-05,0.0001,0.4,2.0,0.25,0.05,lr1e-05_bs8_drop0p4_temp2p0_a0p25_b0p05__wd1e-04trmiss0_degmodglobal,17,0.6762216091156006,0.6290701031684875,0.8444444444444444,0.9280303030303032,0.7142857142857143,0.0,0.6706599422863552,0.6442812766347613,0.06205604544707707,0.32852658203669954,0.0,0.0,0.0,0.0,0.0,18473,global,0.0
4,1,lr1e-05_bs8_drop0p4_temp2p0_a0p25_b0p05__wd1e-04trmiss0_degmodglobal,8,1e-05,0.0001,0.4,2.0,0.25,0.05,lr1e-05_bs8_drop0p4_temp2p0_a0p25_b0p05__wd1e-04trmiss0_degmodglobal,18,0.6344596658434186,0.6277832984924316,0.8222222222222222,0.9121572871572874,0.7142857142857143,0.0,0.6870550087520054,0.6035706230572292,0.06730781229478973,0.28124168302331654,0.0,0.0,0.0,0.0,0.0,18473,global,0.0
4,1,lr1e-05_bs8_drop0p4_temp2p0_a0p25_b0p05__wd1e-04trmiss0_degmodglobal,8,1e-05,0.0001,0.4,2.0,0.25,0.05,lr1e-05_bs8_drop0p4_temp2p0_a0p25_b0p05__wd1e-04trmiss0_degmodglobal,19,0.6156512584005084,0.6275323033332825,0.8222222222222222,0.9121572871572874,0.7142857142857143,0.0,0.676306060382298,0.5894906435694013,0.057079583938632696,0.23781424867255346,0.0,0.0,0.0,0.0,0.0,18473,global,0.0
4,1,lr1e-05_bs8_drop0p4_temp2p0_a0p25_b0p05__wd1e-04trmiss0_degmodglobal,8,1e-05,0.0001,0.4,2.0,0.25,0.05,lr1e-05_bs8_drop0p4_temp2p0_a0p25_b0p05__wd1e-04trmiss0_degmodglobal,20,0.6362373232841492,0.6262856125831604,0.8444444444444444,0.9280303030303032,0.7142857142857143,0.0,0.6740941234997341,0.6090566345623561,0.05772764076079641,0.25497565950666157,0.0,0.0,0.0,0.0,0.0,18473,global,0.0
4,1,lr1e-05_bs8_drop0p4_temp2p0_a0p25_b0p05__wd1e-04trmiss0_degmodglobal,8,1e-05,0.0001,0.4,2.0,0.25,0.05,lr1e-05_bs8_drop0p4_temp2p0_a0p25_b0p05__wd1e-04trmiss0_degmodglobal,21,0.599959705557142,0.6248974204063416,0.8444444444444444,0.9280303030303032,0.7142857142857143,0.0,0.6526708347456796,0.5806626847812107,0.04239348455199173,0.17397311755589076,0.0,0.0,0.0,0.0,0.0,18473,global,0.0
4,1,lr1e-05_bs8_drop0p4_temp2p0_a0p25_b0p05__wd1e-04trmiss0_degmodglobal,8,1e-05,0.0001,0.4,2.0,0.25,0.05,lr1e-05_bs8_drop0p4_temp2p0_a0p25_b0p05__wd1e-04trmiss0_degmodglobal,22,0.634766297680991,0.6256912648677826,0.8666666666666667,0.941919191919192,0.7142857142857143,0.0,0.6531691466059003,0.6071016022137233,0.05668126365968159,0.2698873771088464,0.0,0.0,0.0,0.0,0.0,18473,global,0.0
4,1,lr1e-05_bs8_drop0p4_temp2p0_a0p25_b0p05__wd1e-04trmiss0_degmodglobal,8,1e-05,0.0001,0.4,2.0,0.25,0.05,lr1e-05_bs8_drop0p4_temp2p0_a0p25_b0p05__wd1e-04trmiss0_degmodglobal,23,0.6524283715656826,0.62569859623909,0.8666666666666667,0.941919191919192,0.7142857142857143,0.0,0.6474105886050633,0.6228651744978768,0.06530196805085454,0.26475452525275095,0.0,0.0,0.0,0.0,0.0,18473,global,0.0
4,1,lr1e-05_bs8_drop0p4_temp2p0_a0p25_b0p05__wd1e-04trmiss0_degmodglobal,8,1e-05,0.0001,0.4,2.0,0.25,0.05,lr1e-05_bs8_drop0p4_temp2p0_a0p25_b0p05__wd1e-04trmiss0_degmodglobal,24,0.6381169302122933,0.6272529661655426,0.8222222222222222,0.9216200466200468,0.6428571428571429,0.0,0.6640385815075466,0.6067781022616795,0.06443905564291137,0.30458118872983114,0.0,0.0,0.0,0.0,0.0,18473,global,0.0
4,1,lr1e-05_bs8_drop0p4_temp2p0_a0p25_b0p05__wd1e-04trmiss0_degmodglobal,8,1e-05,0.0001,0.4,2.0,0.25,0.05,lr1e-05_bs8_drop0p4_temp2p0_a0p25_b0p05__wd1e-04trmiss0_degmodglobal,25,0.6072948660169329,0.6310649812221527,0.7555555555555555,0.8804945054945057,0.6428571428571429,0.0,0.6802634596824646,0.5721942526953561,0.07326427261744227,0.3356905835015433,0.0,0.0,0.0,0.0,0.0,18473,global,0.0
4,1,lr1e-05_bs8_drop0p4_temp2p0_a0p25_b0p05__wd1e-04trmiss0_degmodglobal,8,1e-05,0.0001,0.4,2.0,0.25,0.05,lr1e-05_bs8_drop0p4_temp2p0_a0p25_b0p05__wd1e-04trmiss0_degmodglobal,26,0.6182504551751273,0.6312293112277985,0.7555555555555555,0.8882105548772217,0.6428571428571429,0.0,0.6580040625163487,0.5898939285959516,0.06551596096583776,0.2395510354212352,0.0,0.0,0.0,0.0,0.0,18473,global,0.0
4,1,lr1e-05_bs8_drop0p4_temp2p0_a0p25_b0p05__wd1e-04trmiss0_degmodglobal,8,1e-05,0.0001,0.4,2.0,0.25,0.05,lr1e-05_bs8_drop0p4_temp2p0_a0p25_b0p05__wd1e-04trmiss0_degmodglobal,27,0.602106145450047,0.6334974765777588,0.711111111111111,0.8577872744539412,0.6428571428571429,0.0,0.668976502759116,0.5660421337400164,0.07962069713643619,0.323176845908165,0.0,0.0,0.0,0.0,0.0,18473,global,0.0
4,1,lr1e-05_bs8_drop0p4_temp2p0_a0p25_b0p05__wd1e-04trmiss0_degmodglobal,8,1e-05,0.0001,0.4,2.0,0.25,0.05,lr1e-05_bs8_drop0p4_temp2p0_a0p25_b0p05__wd1e-04trmiss0_degmodglobal,28,0.6325545992170062,0.6318301856517792,0.7555555555555555,0.8804945054945057,0.6428571428571429,0.0,0.6497810142380851,0.6037283028875079,0.06249378089393888,0.26405696890183855,0.0,0.0,0.0,0.0,0.0,18473,global,0.0
4,1,lr1e-05_bs8_drop0p4_temp2p0_a0p25_b0p05__wd1e-04trmiss0_degmodglobal,8,1e-05,0.0001,0.4,2.0,0.25,0.05,lr1e-05_bs8_drop0p4_temp2p0_a0p25_b0p05__wd1e-04trmiss0_degmodglobal,29,0.6572774137769427,0.632949948310852,0.7555555555555555,0.8804945054945057,0.6428571428571429,0.0,0.6538560049874442,0.6286108664103917,0.06180663300412042,0.26429757475852966,0.0,0.0,0.0,0.0,0.0,18473,global,0.0
4,1,lr1e-05_bs8_drop0p4_temp2p0_a0p25_b0p05__wd1e-04trmiss0_degmodglobal,8,1e-05,0.0001,0.4,2.0,0.25,0.05,lr1e-05_bs8_drop0p4_temp2p0_a0p25_b0p05__wd1e-04trmiss0_degmodglobal,30,0.6029464602470398,0.6326611042022705,0.7333333333333333,0.8696920363587033,0.6428571428571429,0.0,0.6533729689461845,0.5720647147723606,0.06301583456141609,0.30255591017859323,0.0,0.0,0.0,0.0,0.0,18473,global,0.0
4,1,lr1e-05_bs8_drop0p4_temp2p0_a0p25_b0p05__wd1e-04trmiss0_degmodglobal,8,1e-05,0.0001,0.4,2.0,0.25,0.05,lr1e-05_bs8_drop0p4_temp2p0_a0p25_b0p05__wd1e-04trmiss0_degmodglobal,31,0.6125574282237461,0.6327047348022461,0.7333333333333334,0.8645212811879479,0.6428571428571429,0.0,0.6426367844854083,0.5814693825585502,0.06336143293551036,0.3049536922148296,0.0,0.0,0.0,0.0,0.0,18473,global,0.0
4,1,lr1e-05_bs8_drop0p4_temp2p0_a0p25_b0p05__wd1e-04trmiss0_degmodglobal,8,1e-05,0.0001,0.4,2.0,0.25,0.05,lr1e-05_bs8_drop0p4_temp2p0_a0p25_b0p05__wd1e-04trmiss0_degmodglobal,32,0.6275112884385246,0.633627861738205,0.6888888888888888,0.8522927689594357,0.6428571428571429,0.0,0.62189895766122,0.5955390845026288,0.06737142854503222,0.3025867853845869,0.0,0.0,0.0,0.0,0.0,18473,global,0.0
4,1,lr1e-05_bs8_drop0p4_temp2p0_a0p25_b0p05__wd1e-04trmiss0_degmodglobal,8,1e-05,0.0001,0.4,2.0,0.25,0.05,lr1e-05_bs8_drop0p4_temp2p0_a0p25_b0p05__wd1e-04trmiss0_degmodglobal,33,0.628876405102866,0.631260335445404,0.7555555555555555,0.8882105548772217,0.6428571428571429,0.0,0.6302778720855713,0.6036003317151751,0.057087919009583335,0.220081841307027,0.0,0.0,0.0,0.0,0.0,18473,global,0.0
4,1,lr1e-05_bs8_drop0p4_temp2p0_a0p25_b0p05__wd1e-04trmiss0_degmodglobal,8,1e-05,0.0001,0.4,2.0,0.25,0.05,lr1e-05_bs8_drop0p4_temp2p0_a0p25_b0p05__wd1e-04trmiss0_degmodglobal,34,0.5909688217299325,0.6295479536056519,0.8,0.9161255411255413,0.6428571428571429,0.0,0.6275699394089835,0.5636332886559623,0.06255777872034482,0.23392189400536673,0.0,0.0,0.0,0.0,0.0,18473,global,0.0
4,1,lr1e-05_bs8_drop0p4_temp2p0_a0p25_b0p05__wd1e-04trmiss0_degmodglobal,8,1e-05,0.0001,0.4,2.0,0.25,0.05,lr1e-05_bs8_drop0p4_temp2p0_a0p25_b0p05__wd1e-04trmiss0_degmodglobal,35,0.613670323576246,0.6274920701980591,0.7777777777777777,0.9053230719897387,0.6428571428571429,0.0,0.6359660710607257,0.5843973244939532,0.06426531448960304,0.26413374074867796,0.0,0.0,0.0,0.0,0.0,18473,global,0.0
4,1,lr1e-05_bs8_drop0p4_temp2p0_a0p25_b0p05__wd1e-04trmiss0_degmodglobal,8,1e-05,0.0001,0.4,2.0,0.25,0.05,lr1e-05_bs8_drop0p4_temp2p0_a0p25_b0p05__wd1e-04trmiss0_degmodglobal,36,0.6303282294954572,0.6269086599349976,0.8,0.9161255411255413,0.6428571428571429,0.0,0.6776715857642037,0.5999905722481864,0.06248004628079278,0.29435284648622784,0.0,0.0,0.0,0.0,0.0,18473,global,0.0
4,1,lr1e-05_bs8_drop0p4_temp2p0_a0p25_b0p05__wd1e-04trmiss0_degmodglobal,8,1e-05,0.0001,0.4,2.0,0.25,0.05,lr1e-05_bs8_drop0p4_temp2p0_a0p25_b0p05__wd1e-04trmiss0_degmodglobal,37,0.6054270778383527,0.6263968348503113,0.8222222222222222,0.9172278338945008,0.6428571428571429,0.0,0.6425756812095642,0.580184280872345,0.05206356516906193,0.2445378942149026,0.0,0.0,0.0,0.0,0.0,18473,global,0.0
4,1,lr1e-05_bs8_drop0p4_temp2p0_a0p25_b0p05__wd1e-04trmiss0_degmodglobal,8,1e-05,0.0001,0.4,2.0,0.25,0.05,lr1e-05_bs8_drop0p4_temp2p0_a0p25_b0p05__wd1e-04trmiss0_degmodglobal,38,0.6250446779387338,0.6249178051948547,0.8,0.9108175774842442,0.7142857142857143,0.0,0.6367442267281669,0.5965965645653861,0.06077735764639718,0.26507584750652313,0.0,0.0,0.0,0.0,0.0,18473,global,0.0
4,1,lr1e-05_bs8_drop0p4_temp2p0_a0p25_b0p05__wd1e-04trmiss0_degmodglobal,8,1e-05,0.0001,0.4,2.0,0.25,0.05,lr1e-05_bs8_drop0p4_temp2p0_a0p25_b0p05__wd1e-04trmiss0_degmodglobal,39,0.6010113188198635,0.6270656585693359,0.8,0.9108175774842442,0.7142857142857143,0.0,0.6292667984962463,0.5744423270225525,0.05974665763122695,0.23264680802822113,0.0,0.0,0.0,0.0,0.0,18473,global,0.0
4,1,lr1e-05_bs8_drop0p4_temp2p0_a0p25_b0p05__wd1e-04trmiss0_degmodglobal,8,1e-05,0.0001,0.4,2.0,0.25,0.05,lr1e-05_bs8_drop0p4_temp2p0_a0p25_b0p05__wd1e-04trmiss0_degmodglobal,40,0.5906506861959185,0.6247461438179016,0.8,0.9148860398860401,0.7142857142857143,0.0,0.6175421391214643,0.561180055141449,0.06313107482024602,0.27375692980630056,0.0,0.0,0.0,0.0,0.0,18473,global,0.0
4,1,lr1e-05_bs8_drop0p4_temp2p0_a0p25_b0p05__wd1e-04trmiss0_degmodglobal,8,1e-05,0.0001,0.4,2.0,0.25,0.05,lr1e-05_bs8_drop0p4_temp2p0_a0p25_b0p05__wd1e-04trmiss0_degmodglobal,41,0.6174978954451424,0.6252652406692505,0.7777777777777777,0.9040835707502375,0.7142857142857143,0.0,0.6313197357313973,0.5846033692359924,0.07140951656869479,0.30084285140037537,0.0,0.0,0.0,0.0,0.0,18473,global,0.0
4,1,lr1e-05_bs8_drop0p4_temp2p0_a0p25_b0p05__wd1e-04trmiss0_degmodglobal,8,1e-05,0.0001,0.4,2.0,0.25,0.05,lr1e-05_bs8_drop0p4_temp2p0_a0p25_b0p05__wd1e-04trmiss0_degmodglobal,42,0.6320858172007969,0.6256366670131683,0.8,0.9148860398860401,0.7142857142857143,0.0,0.6415853755814689,0.6011018071855817,0.06826080967273031,0.27837625784533365,0.0,0.0,0.0,0.0,0.0,18473,global,0.0
4,1,lr1e-04_bs16_drop0p2_temp1p0_a0p25_b0p05__wd1e-04trmiss0_degmodglobal,16,0.0001,0.0001,0.2,1.0,0.25,0.05,lr1e-04_bs16_drop0p2_temp1p0_a0p25_b0p05__wd1e-04trmiss0_degmodglobal,1,0.6969467103481293,0.7045077085494995,0.39999999999999997,0.6186178019511352,0.42857142857142855,0.0,0.7169982343912125,0.6748814880847931,0.07106303237378597,0.08598985522985458,0.0,0.0,0.0,0.0,0.0,18473,global,0.0
4,1,lr1e-04_bs16_drop0p2_temp1p0_a0p25_b0p05__wd1e-04trmiss0_degmodglobal,16,0.0001,0.0001,0.2,1.0,0.25,0.05,lr1e-04_bs16_drop0p2_temp1p0_a0p25_b0p05__wd1e-04trmiss0_degmodglobal,2,0.6719005405902863,0.7063659429550171,0.39999999999999997,0.6686788520121854,0.42857142857142855,0.0,0.6892342865467072,0.6512947976589203,0.0647403821349144,0.08841279428452253,0.0,0.0,0.0,0.0,0.0,18473,global,0.0
4,1,lr1e-04_bs16_drop0p2_temp1p0_a0p25_b0p05__wd1e-04trmiss0_degmodglobal,16,0.0001,0.0001,0.2,1.0,0.25,0.05,lr1e-04_bs16_drop0p2_temp1p0_a0p25_b0p05__wd1e-04trmiss0_degmodglobal,3,0.6472529321908951,0.7036201357841492,0.3777777777777777,0.6520121853455187,0.35714285714285715,0.0,0.6506607681512833,0.6247227340936661,0.07046174723654985,0.0982949286699295,0.0,0.0,0.0,0.0,0.0,18473,global,0.0
4,1,lr1e-04_bs16_drop0p2_temp1p0_a0p25_b0p05__wd1e-04trmiss0_degmodglobal,16,0.0001,0.0001,0.2,1.0,0.25,0.05,lr1e-04_bs16_drop0p2_temp1p0_a0p25_b0p05__wd1e-04trmiss0_degmodglobal,4,0.6207464933395386,0.7006698250770569,0.4666666666666666,0.6881673881673882,0.5,0.0,0.6198674589395523,0.5939998775720596,0.08285006880760193,0.12068188562989235,0.0,0.0,0.0,0.0,0.0,18473,global,0.0
4,1,lr1e-04_bs16_drop0p2_temp1p0_a0p25_b0p05__wd1e-04trmiss0_degmodglobal,16,0.0001,0.0001,0.2,1.0,0.25,0.05,lr1e-04_bs16_drop0p2_temp1p0_a0p25_b0p05__wd1e-04trmiss0_degmodglobal,5,0.5898841172456741,0.694892942905426,0.5111111111111111,0.7048340548340548,0.5,0.0,0.6171105802059174,0.5606774985790253,0.08842729590833187,0.14199571311473846,0.0,0.0,0.0,0.0,0.0,18473,global,0.0
4,1,lr1e-04_bs16_drop0p2_temp1p0_a0p25_b0p05__wd1e-04trmiss0_degmodglobal,16,0.0001,0.0001,0.2,1.0,0.25,0.05,lr1e-04_bs16_drop0p2_temp1p0_a0p25_b0p05__wd1e-04trmiss0_degmodglobal,6,0.5876826494932175,0.6947152614593506,0.5555555555555555,0.7585377585377586,0.5714285714285714,0.0,0.6163510531187057,0.5551204234361649,0.09907513484358788,0.1558693889528513,0.0,0.0,0.0,0.0,0.0,18473,global,0.0
4,1,lr1e-04_bs16_drop0p2_temp1p0_a0p25_b0p05__wd1e-04trmiss0_degmodglobal,16,0.0001,0.0001,0.2,1.0,0.25,0.05,lr1e-04_bs16_drop0p2_temp1p0_a0p25_b0p05__wd1e-04trmiss0_degmodglobal,7,0.5812905579805374,0.694230854511261,0.5111111111111111,0.7361730861730862,0.5714285714285714,0.0,0.5934064984321594,0.5519509315490723,0.08870493248105049,0.14326839707791805,0.0,0.0,0.0,0.0,0.0,18473,global,0.0
4,1,lr1e-04_bs16_drop0p2_temp1p0_a0p25_b0p05__wd1e-04trmiss0_degmodglobal,16,0.0001,0.0001,0.2,1.0,0.25,0.05,lr1e-04_bs16_drop0p2_temp1p0_a0p25_b0p05__wd1e-04trmiss0_degmodglobal,8,0.5669402629137039,0.6918291449546814,0.5555555555555556,0.75991045991046,0.5714285714285714,0.0,0.5856686532497406,0.5357517749071121,0.0904503595083952,0.17151771672070026,0.0,0.0,0.0,0.0,0.0,18473,global,0.0
4,1,lr1e-04_bs16_drop0p2_temp1p0_a0p25_b0p05__wd1e-04trmiss0_degmodglobal,16,0.0001,0.0001,0.2,1.0,0.25,0.05,lr1e-04_bs16_drop0p2_temp1p0_a0p25_b0p05__wd1e-04trmiss0_degmodglobal,9,0.5725462585687637,0.6944754123687744,0.5777777777777777,0.768552435219102,0.5714285714285714,0.0,0.604310929775238,0.5436973422765732,0.08653976209461689,0.14427906461060047,0.0,0.0,0.0,0.0,0.0,18473,global,0.0
4,1,lr1e-04_bs16_drop0p2_temp1p0_a0p25_b0p05__wd1e-04trmiss0_degmodglobal,16,0.0001,0.0001,0.2,1.0,0.25,0.05,lr1e-04_bs16_drop0p2_temp1p0_a0p25_b0p05__wd1e-04trmiss0_degmodglobal,10,0.5596527010202408,0.6949213743209839,0.5333333333333333,0.7528397528397528,0.6428571428571429,0.0,0.5646733492612839,0.5260093212127686,0.1006958894431591,0.1693880781531334,0.0,0.0,0.0,0.0,0.0,18473,global,0.0
4,1,lr1e-04_bs16_drop0p2_temp1p0_a0p25_b0p05__wd1e-04trmiss0_degmodglobal,16,0.0001,0.0001,0.2,1.0,0.25,0.05,lr1e-04_bs16_drop0p2_temp1p0_a0p25_b0p05__wd1e-04trmiss0_degmodglobal,11,0.5375678241252899,0.7023674845695496,0.5111111111111111,0.7158027158027158,0.5714285714285714,0.0,0.5617659687995911,0.5103909373283386,0.08170587103813887,0.135008554905653,0.0,0.0,0.0,0.0,0.0,18473,global,0.0
4,1,lr1e-04_bs16_drop0p2_temp1p0_a0p25_b0p05__wd1e-04trmiss0_degmodglobal,16,0.0001,0.0001,0.2,1.0,0.25,0.05,lr1e-04_bs16_drop0p2_temp1p0_a0p25_b0p05__wd1e-04trmiss0_degmodglobal,12,0.532581090927124,0.6963489055633545,0.5111111111111111,0.7213582713582714,0.5714285714285714,0.0,0.5510107278823853,0.5042683407664299,0.08798936940729618,0.12630837596952915,0.0,0.0,0.0,0.0,0.0,18473,global,0.0
4,1,lr1e-04_bs16_drop0p2_temp1p0_a0p25_b0p05__wd1e-04trmiss0_degmodglobal,16,0.0001,0.0001,0.2,1.0,0.25,0.05,lr1e-04_bs16_drop0p2_temp1p0_a0p25_b0p05__wd1e-04trmiss0_degmodglobal,13,0.5335989594459534,0.6955261826515198,0.48888888888888893,0.7361730861730862,0.42857142857142855,0.0,0.5605771765112877,0.4985130727291107,0.10092316754162312,0.19710154458880424,0.0,0.0,0.0,0.0,0.0,18473,global,0.0
4,1,lr1e-04_bs16_drop0p2_temp1p0_a0p25_b0p05__wd1e-04trmiss0_degmodglobal,16,0.0001,0.0001,0.2,1.0,0.25,0.05,lr1e-04_bs16_drop0p2_temp1p0_a0p25_b0p05__wd1e-04trmiss0_degmodglobal,14,0.5614077672362328,0.6916124224662781,0.4444444444444444,0.7156704406704406,0.5,0.0,0.5667421519756317,0.5337723046541214,0.07789850234985352,0.16321629658341408,0.0,0.0,0.0,0.0,0.0,18473,global,0.0
4,1,lr1e-04_bs16_drop0p2_temp1p0_a0p25_b0p05__wd1e-04trmiss0_degmodglobal,16,0.0001,0.0001,0.2,1.0,0.25,0.05,lr1e-04_bs16_drop0p2_temp1p0_a0p25_b0p05__wd1e-04trmiss0_degmodglobal,15,0.5380278378725052,0.7027290463447571,0.4222222222222223,0.699003774003774,0.5,0.0,0.5441821664571762,0.5079852268099785,0.09008915536105633,0.15040644258260727,0.0,0.0,0.0,0.0,0.0,18473,global,0.0
4,1,lr1e-04_bs16_drop0p2_temp1p0_a0p25_b0p05__wd1e-04trmiss0_degmodglobal,16,0.0001,0.0001,0.2,1.0,0.25,0.05,lr1e-04_bs16_drop0p2_temp1p0_a0p25_b0p05__wd1e-04trmiss0_degmodglobal,16,0.5349264442920685,0.7001141905784607,0.4444444444444444,0.7095857845857847,0.42857142857142855,0.0,0.5291475206613541,0.499216228723526,0.10433624684810638,0.19252311065793037,0.0,0.0,0.0,0.0,0.0,18473,global,0.0
4,1,lr1e-04_bs16_drop0p2_temp1p0_a0p25_b0p05__wd1e-04trmiss0_degmodglobal,16,0.0001,0.0001,0.2,1.0,0.25,0.05,lr1e-04_bs16_drop0p2_temp1p0_a0p25_b0p05__wd1e-04trmiss0_degmodglobal,17,0.5331452041864395,0.6994938254356384,0.4444444444444444,0.7185364018697351,0.35714285714285715,0.0,0.5654068738222122,0.4925060570240021,0.12153289653360844,0.20511912554502487,0.0,0.0,0.0,0.0,0.0,18473,global,0.0
4,1,lr1e-04_bs16_drop0p2_temp1p0_a0p25_b0p05__wd1e-04trmiss0_degmodglobal,16,0.0001,0.0001,0.2,1.0,0.25,0.05,lr1e-04_bs16_drop0p2_temp1p0_a0p25_b0p05__wd1e-04trmiss0_degmodglobal,18,0.5470940619707108,0.6887784600257874,0.5333333333333333,0.7528397528397528,0.5,0.0,0.5334173291921616,0.5201050713658333,0.07894128561019897,0.14507335238158703,0.0,0.0,0.0,0.0,0.0,18473,global,0.0
4,1,lr1e-04_bs16_drop0p2_temp1p0_a0p25_b0p05__wd1e-04trmiss0_degmodglobal,16,0.0001,0.0001,0.2,1.0,0.25,0.05,lr1e-04_bs16_drop0p2_temp1p0_a0p25_b0p05__wd1e-04trmiss0_degmodglobal,19,0.5618352964520454,0.6818761229515076,0.5111111111111111,0.7213582713582714,0.5714285714285714,0.0,0.5287401676177979,0.523082785308361,0.11013482511043549,0.22437620162963867,0.0,0.0,0.0,0.0,0.0,18473,global,0.0
4,1,lr1e-04_bs16_drop0p2_temp1p0_a0p25_b0p05__wd1e-04trmiss0_degmodglobal,16,0.0001,0.0001,0.2,1.0,0.25,0.05,lr1e-04_bs16_drop0p2_temp1p0_a0p25_b0p05__wd1e-04trmiss0_degmodglobal,20,0.5223714411258698,0.6830030679702759,0.5333333333333333,0.7583953083953086,0.5714285714285714,0.0,0.5200189054012299,0.4853559583425522,0.10700595006346703,0.20527971163392067,0.0,0.0,0.0,0.0,0.0,18473,global,0.0
4,1,lr1e-04_bs16_drop0p2_temp1p0_a0p25_b0p05__wd1e-04trmiss0_degmodglobal,16,0.0001,0.0001,0.2,1.0,0.25,0.05,lr1e-04_bs16_drop0p2_temp1p0_a0p25_b0p05__wd1e-04trmiss0_degmodglobal,21,0.5247274115681648,0.6874970197677612,0.5333333333333333,0.7528397528397528,0.5714285714285714,0.0,0.5102807506918907,0.4916114807128906,0.0929921492934227,0.1973576806485653,0.0,0.0,0.0,0.0,0.0,18473,global,0.0
4,1,lr1e-04_bs16_drop0p2_temp1p0_a0p25_b0p05__wd1e-04trmiss0_degmodglobal,16,0.0001,0.0001,0.2,1.0,0.25,0.05,lr1e-04_bs16_drop0p2_temp1p0_a0p25_b0p05__wd1e-04trmiss0_degmodglobal,22,0.5024680122733116,0.691513180732727,0.5333333333333333,0.7528397528397528,0.5714285714285714,0.0,0.5274937599897385,0.4581563472747803,0.11869982071220875,0.29273440688848495,0.0,0.0,0.0,0.0,0.0,18473,global,0.0
4,1,lr1e-04_bs16_drop0p2_temp1p0_a0p25_b0p05__wd1e-04trmiss0_degmodglobal,16,0.0001,0.0001,0.2,1.0,0.25,0.05,lr1e-04_bs16_drop0p2_temp1p0_a0p25_b0p05__wd1e-04trmiss0_degmodglobal,23,0.4994910880923271,0.6892260909080505,0.5333333333333333,0.7306175306175307,0.5714285714285714,0.0,0.5153728425502777,0.46551617980003357,0.09844496659934521,0.18727334216237068,0.0,0.0,0.0,0.0,0.0,18473,global,0.0
4,1,lr1e-04_bs16_drop0p2_temp1p0_a0p25_b0p05__wd1e-04trmiss0_degmodglobal,16,0.0001,0.0001,0.2,1.0,0.25,0.05,lr1e-04_bs16_drop0p2_temp1p0_a0p25_b0p05__wd1e-04trmiss0_degmodglobal,24,0.4918951988220215,0.686923086643219,0.5555555555555556,0.7676545676545676,0.5714285714285714,0.0,0.5153022855520248,0.45605048537254333,0.10230341926217079,0.20537732541561127,0.0,0.0,0.0,0.0,0.0,18473,global,0.0
4,1,lr1e-04_bs16_drop0p2_temp1p0_a0p25_b0p05__wd1e-04trmiss0_degmodglobal,16,0.0001,0.0001,0.2,1.0,0.25,0.05,lr1e-04_bs16_drop0p2_temp1p0_a0p25_b0p05__wd1e-04trmiss0_degmodglobal,25,0.5160466954112053,0.6840221285820007,0.5777777777777777,0.7747252747252749,0.5714285714285714,0.0,0.5423659682273865,0.47508175671100616,0.12084873393177986,0.2150547243654728,0.0,0.0,0.0,0.0,0.0,18473,global,0.0
4,1,lr1e-04_bs16_drop0p2_temp1p0_a0p25_b0p05__wd1e-04trmiss0_degmodglobal,16,0.0001,0.0001,0.2,1.0,0.25,0.05,lr1e-04_bs16_drop0p2_temp1p0_a0p25_b0p05__wd1e-04trmiss0_degmodglobal,26,0.5548491850495338,0.6845434904098511,0.5111111111111111,0.750987900987901,0.5714285714285714,0.0,0.5723775252699852,0.5184010118246078,0.10852855443954468,0.18632060661911964,0.0,0.0,0.0,0.0,0.0,18473,global,0.0
4,1,lr1e-04_bs16_drop0p2_temp1p0_a0p25_b0p05__wd1e-04trmiss0_degmodglobal,16,0.0001,0.0001,0.2,1.0,0.25,0.05,lr1e-04_bs16_drop0p2_temp1p0_a0p25_b0p05__wd1e-04trmiss0_degmodglobal,27,0.5117409154772758,0.6893540024757385,0.5111111111111111,0.750987900987901,0.5714285714285714,0.0,0.4967047721147537,0.47140030562877655,0.1190453264862299,0.21158575266599655,0.0,0.0,0.0,0.0,0.0,18473,global,0.0
4,1,lr1e-04_bs16_drop0p2_temp1p0_a0p25_b0p05__wd1e-04trmiss0_degmodglobal,16,0.0001,0.0001,0.2,1.0,0.25,0.05,lr1e-04_bs16_drop0p2_temp1p0_a0p25_b0p05__wd1e-04trmiss0_degmodglobal,28,0.49324895441532135,0.6882328391075134,0.5333333333333333,0.7583953083953086,0.5714285714285714,0.0,0.4949701577425003,0.4506970942020416,0.12283539399504662,0.23686034604907036,0.0,0.0,0.0,0.0,0.0,18473,global,0.0
4,1,lr1e-04_bs16_drop0p2_temp1p0_a0p25_b0p05__wd1e-04trmiss0_degmodglobal,16,0.0001,0.0001,0.2,1.0,0.25,0.05,lr1e-04_bs16_drop0p2_temp1p0_a0p25_b0p05__wd1e-04trmiss0_degmodglobal,29,0.4997190907597542,0.6869093179702759,0.5333333333333333,0.7528397528397528,0.5714285714285714,0.0,0.5191423073410988,0.45227689296007156,0.13094669952988625,0.2941104918718338,0.0,0.0,0.0,0.0,0.0,18473,global,0.0
4,1,lr1e-04_bs16_drop0p2_temp1p0_a0p25_b0p05__wd1e-04trmiss0_degmodglobal,16,0.0001,0.0001,0.2,1.0,0.25,0.05,lr1e-04_bs16_drop0p2_temp1p0_a0p25_b0p05__wd1e-04trmiss0_degmodglobal,30,0.49457407742738724,0.689007580280304,0.5555555555555556,0.7676545676545676,0.5714285714285714,0.0,0.5059408918023109,0.45162544399499893,0.12470607087016106,0.23544232919812202,0.0,0.0,0.0,0.0,0.0,18473,global,0.0
4,1,lr1e-04_bs16_drop0p2_temp1p0_a0p25_b0p05__wd1e-04trmiss0_degmodglobal,16,0.0001,0.0001,0.2,1.0,0.25,0.05,lr1e-04_bs16_drop0p2_temp1p0_a0p25_b0p05__wd1e-04trmiss0_degmodglobal,31,0.5048380494117737,0.6863269209861755,0.5555555555555556,0.7676545676545676,0.5,0.0,0.5116329938173294,0.46412982791662216,0.112270662561059,0.25281093642115593,0.0,0.0,0.0,0.0,0.0,18473,global,0.0
4,1,lr1e-04_bs16_drop0p2_temp1p0_a0p25_b0p05__wd1e-04trmiss0_degmodglobal,16,0.0001,0.0001,0.2,1.0,0.25,0.05,lr1e-04_bs16_drop0p2_temp1p0_a0p25_b0p05__wd1e-04trmiss0_degmodglobal,32,0.4935694634914398,0.679878294467926,0.5777777777777777,0.7808820808820811,0.5714285714285714,0.0,0.5164207816123962,0.45882759988307953,0.11119501665234566,0.13886197470128536,0.0,0.0,0.0,0.0,0.0,18473,global,0.0
4,1,lr1e-04_bs16_drop0p2_temp1p0_a0p25_b0p05__wd1e-04trmiss0_degmodglobal,16,0.0001,0.0001,0.2,1.0,0.25,0.05,lr1e-04_bs16_drop0p2_temp1p0_a0p25_b0p05__wd1e-04trmiss0_degmodglobal,33,0.5249154269695282,0.6745837330818176,0.5777777777777777,0.7808820808820811,0.5714285714285714,0.0,0.509969912469387,0.4844684451818466,0.12260294752195477,0.19592499965801835,0.0,0.0,0.0,0.0,0.0,18473,global,0.0
4,1,lr1e-04_bs16_drop0p2_temp1p0_a0p25_b0p05__wd1e-04trmiss0_degmodglobal,16,0.0001,0.0001,0.2,1.0,0.25,0.05,lr1e-04_bs16_drop0p2_temp1p0_a0p25_b0p05__wd1e-04trmiss0_degmodglobal,34,0.49698469787836075,0.6774619817733765,0.5333333333333333,0.7787656787656789,0.5714285714285714,0.0,0.5262426137924194,0.4623594433069229,0.10370296332985163,0.17399022169411182,0.0,0.0,0.0,0.0,0.0,18473,global,0.0
4,1,lr1e-04_bs16_drop0p2_temp1p0_a0p25_b0p05__wd1e-04trmiss0_degmodglobal,16,0.0001,0.0001,0.2,1.0,0.25,0.05,lr1e-04_bs16_drop0p2_temp1p0_a0p25_b0p05__wd1e-04trmiss0_degmodglobal,35,0.4803358018398285,0.6780406832695007,0.5333333333333333,0.7713582713582714,0.5714285714285714,0.0,0.4777837246656418,0.44245071709156036,0.1140297669917345,0.18755297176539898,0.0,0.0,0.0,0.0,0.0,18473,global,0.0
4,1,lr1e-04_bs16_drop0p2_temp1p0_a0p25_b0p05__wd1e-04trmiss0_degmodglobal,16,0.0001,0.0001,0.2,1.0,0.25,0.05,lr1e-04_bs16_drop0p2_temp1p0_a0p25_b0p05__wd1e-04trmiss0_degmodglobal,36,0.5028144121170044,0.6819871664047241,0.5333333333333333,0.7713582713582714,0.5714285714285714,0.0,0.4689011722803116,0.4555087983608246,0.147635068744421,0.20793693885207176,0.0,0.0,0.0,0.0,0.0,18473,global,0.0
4,1,lr1e-04_bs16_drop0p2_temp1p0_a0p25_b0p05__wd1e-04trmiss0_degmodglobal,16,0.0001,0.0001,0.2,1.0,0.25,0.05,lr1e-04_bs16_drop0p2_temp1p0_a0p25_b0p05__wd1e-04trmiss0_degmodglobal,37,0.5185868665575981,0.6934061646461487,0.5111111111111111,0.7614376364376365,0.5,0.0,0.538921520113945,0.4752415865659714,0.126433614641428,0.23473732359707355,0.0,0.0,0.0,0.0,0.0,18473,global,0.0
4,1,lr1e-04_bs16_drop0p2_temp1p0_a0p25_b0p05__wd1e-04trmiss0_degmodglobal,16,0.0001,0.0001,0.2,1.0,0.25,0.05,lr1e-04_bs16_drop0p2_temp1p0_a0p25_b0p05__wd1e-04trmiss0_degmodglobal,38,0.4915684312582016,0.6922584772109985,0.5111111111111111,0.7614376364376365,0.5,0.0,0.47868339717388153,0.4490801990032196,0.12290742062032223,0.2352275438606739,0.0,0.0,0.0,0.0,0.0,18473,global,0.0
4,1,lr1e-04_bs16_drop0p2_temp1p0_a0p25_b0p05__wd1e-04trmiss0_degmodglobal,16,0.0001,0.0001,0.2,1.0,0.25,0.05,lr1e-04_bs16_drop0p2_temp1p0_a0p25_b0p05__wd1e-04trmiss0_degmodglobal,39,0.5075963884592056,0.6882802844047546,0.5333333333333333,0.7762524512524513,0.5714285714285714,0.0,0.48777148127555847,0.4676361158490181,0.11886668018996716,0.204872103407979,0.0,0.0,0.0,0.0,0.0,18473,global,0.0
4,1,lr1e-04_bs16_drop0p2_temp1p0_a0p25_b0p05__wd1e-04trmiss0_degmodglobal,16,0.0001,0.0001,0.2,1.0,0.25,0.05,lr1e-04_bs16_drop0p2_temp1p0_a0p25_b0p05__wd1e-04trmiss0_degmodglobal,40,0.49389003962278366,0.6868337988853455,0.5333333333333333,0.7762524512524513,0.5714285714285714,0.0,0.48135392367839813,0.4513595998287201,0.12603619880974293,0.22042766958475113,0.0,0.0,0.0,0.0,0.0,18473,global,0.0
4,1,lr1e-04_bs16_drop0p2_temp1p0_a0p25_b0p05__wd1e-04trmiss0_degmodglobal,16,0.0001,0.0001,0.2,1.0,0.25,0.05,lr1e-04_bs16_drop0p2_temp1p0_a0p25_b0p05__wd1e-04trmiss0_degmodglobal,41,0.4794650226831436,0.6854054927825928,0.5333333333333333,0.7762524512524513,0.5714285714285714,0.0,0.4794715717434883,0.42972372472286224,0.14297604747116566,0.27994589135050774,0.0,0.0,0.0,0.0,0.0,18473,global,0.0
4,1,lr1e-04_bs16_drop0p2_temp1p0_a0p25_b0p05__wd1e-04trmiss0_degmodglobal,16,0.0001,0.0001,0.2,1.0,0.25,0.05,lr1e-04_bs16_drop0p2_temp1p0_a0p25_b0p05__wd1e-04trmiss0_degmodglobal,42,0.486107237637043,0.6829518675804138,0.5555555555555556,0.7861730861730862,0.5714285714285714,0.0,0.47856853902339935,0.4430176168680191,0.136268375441432,0.18045043013989925,0.0,0.0,0.0,0.0,0.0,18473,global,0.0
4,1,lr1e-04_bs16_drop0p2_temp1p0_a0p25_b0p05__wd1e-04trmiss0_degmodglobal,16,0.0001,0.0001,0.2,1.0,0.25,0.05,lr1e-04_bs16_drop0p2_temp1p0_a0p25_b0p05__wd1e-04trmiss0_degmodglobal,43,0.47953278571367264,0.67750483751297,0.5777777777777777,0.7954323454323455,0.5714285714285714,0.0,0.4531562998890877,0.4410393536090851,0.11414315178990364,0.19915291666984558,0.0,0.0,0.0,0.0,0.0,18473,global,0.0
4,1,lr1e-04_bs16_drop0p2_temp1p0_a0p25_b0p05__wd1e-04trmiss0_degmodglobal,16,0.0001,0.0001,0.2,1.0,0.25,0.05,lr1e-04_bs16_drop0p2_temp1p0_a0p25_b0p05__wd1e-04trmiss0_degmodglobal,44,0.4867427498102188,0.6776401400566101,0.5777777777777777,0.7808820808820811,0.5714285714285714,0.0,0.4467838853597641,0.44005244970321655,0.1349339261651039,0.25913623720407486,0.0,0.0,0.0,0.0,0.0,18473,global,0.0
4,1,lr1e-04_bs16_drop0p2_temp1p0_a0p25_b0p05__wd1e-04trmiss0_degmodglobal,16,0.0001,0.0001,0.2,1.0,0.25,0.05,lr1e-04_bs16_drop0p2_temp1p0_a0p25_b0p05__wd1e-04trmiss0_degmodglobal,45,0.4495290070772171,0.6784873604774475,0.5777777777777777,0.7808820808820811,0.5714285714285714,0.0,0.4460483342409134,0.4129076525568962,0.10952571779489517,0.1847988422960043,0.0,0.0,0.0,0.0,0.0,18473,global,0.0
4,1,lr1e-04_bs16_drop0p2_temp1p0_a0p25_b0p05__wd1e-04trmiss0_degmodglobal,16,0.0001,0.0001,0.2,1.0,0.25,0.05,lr1e-04_bs16_drop0p2_temp1p0_a0p25_b0p05__wd1e-04trmiss0_degmodglobal,46,0.48186352849006653,0.6791160106658936,0.6,0.7879527879527881,0.5714285714285714,0.0,0.45975571125745773,0.4340220242738724,0.13870343565940857,0.2633129730820656,0.0,0.0,0.0,0.0,0.0,18473,global,0.0
4,1,lr1e-04_bs16_drop0p2_temp1p0_a0p25_b0p05__wd1e-04trmiss0_degmodglobal,16,0.0001,0.0001,0.2,1.0,0.25,0.05,lr1e-04_bs16_drop0p2_temp1p0_a0p25_b0p05__wd1e-04trmiss0_degmodglobal,47,0.4663165211677551,0.6752457022666931,0.6,0.8025030525030525,0.5714285714285714,0.0,0.46229787170886993,0.4259916692972183,0.1209225095808506,0.20188430324196815,0.0,0.0,0.0,0.0,0.0,18473,global,0.0
4,1,lr1e-04_bs16_drop0p2_temp1p0_a0p25_b0p05__wd1e-04trmiss0_degmodglobal,16,0.0001,0.0001,0.2,1.0,0.25,0.05,lr1e-04_bs16_drop0p2_temp1p0_a0p25_b0p05__wd1e-04trmiss0_degmodglobal,48,0.48369982093572617,0.6721863150596619,0.6222222222222222,0.8157305657305658,0.5714285714285714,0.0,0.447182796895504,0.4355385825037956,0.14651581272482872,0.23064573481678963,0.0,0.0,0.0,0.0,0.0,18473,global,0.0
4,1,lr1e-04_bs16_drop0p2_temp1p0_a0p25_b0p05__wd1e-04trmiss0_degmodglobal,16,0.0001,0.0001,0.2,1.0,0.25,0.05,lr1e-04_bs16_drop0p2_temp1p0_a0p25_b0p05__wd1e-04trmiss0_degmodglobal,49,0.49419545382261276,0.670600950717926,0.6222222222222222,0.8157305657305658,0.6428571428571429,0.0,0.47667980939149857,0.44690993428230286,0.13945170491933823,0.2484516054391861,0.0,0.0,0.0,0.0,0.0,18473,global,0.0
4,1,lr1e-04_bs16_drop0p2_temp1p0_a0p25_b0p05__wd1e-04trmiss0_degmodglobal,16,0.0001,0.0001,0.2,1.0,0.25,0.05,lr1e-04_bs16_drop0p2_temp1p0_a0p25_b0p05__wd1e-04trmiss0_degmodglobal,50,0.4930945187807083,0.6683667898178101,0.6444444444444444,0.8276353276353279,0.6428571428571429,0.0,0.4645179361104965,0.44339101761579514,0.14330103248357773,0.2775647174566984,0.0,0.0,0.0,0.0,0.0,18473,global,0.0
4,1,lr1e-04_bs16_drop0p2_temp1p0_a0p25_b0p05__wd1e-04trmiss0_degmodglobal,16,0.0001,0.0001,0.2,1.0,0.25,0.05,lr1e-04_bs16_drop0p2_temp1p0_a0p25_b0p05__wd1e-04trmiss0_degmodglobal,51,0.49769869446754456,0.66494220495224,0.6444444444444444,0.8276353276353279,0.6428571428571429,0.0,0.46299879997968674,0.44243940711021423,0.1637205258011818,0.2865828722715378,0.0,0.0,0.0,0.0,0.0,18473,global,0.0
4,1,lr1e-04_bs16_drop0p2_temp1p0_a0p25_b0p05__wd1e-04trmiss0_degmodglobal,16,0.0001,0.0001,0.2,1.0,0.25,0.05,lr1e-04_bs16_drop0p2_temp1p0_a0p25_b0p05__wd1e-04trmiss0_degmodglobal,52,0.4869410917162895,0.6642853021621704,0.6222222222222222,0.8157305657305658,0.6428571428571429,0.0,0.4745565354824066,0.44605156779289246,0.1227004136890173,0.20428849756717682,0.0,0.0,0.0,0.0,0.0,18473,global,0.0
4,1,lr1e-04_bs16_drop0p2_temp1p0_a0p25_b0p05__wd1e-04trmiss0_degmodglobal,16,0.0001,0.0001,0.2,1.0,0.25,0.05,lr1e-04_bs16_drop0p2_temp1p0_a0p25_b0p05__wd1e-04trmiss0_degmodglobal,53,0.4803357198834419,0.6617029905319214,0.6222222222222222,0.8157305657305658,0.6428571428571429,0.0,0.4576279744505882,0.43535394966602325,0.135190699249506,0.22368177399039268,0.0,0.0,0.0,0.0,0.0,18473,global,0.0
4,1,lr1e-04_bs16_drop0p2_temp1p0_a0p25_b0p05__wd1e-04trmiss0_degmodglobal,16,0.0001,0.0001,0.2,1.0,0.25,0.05,lr1e-04_bs16_drop0p2_temp1p0_a0p25_b0p05__wd1e-04trmiss0_degmodglobal,54,0.4837803319096565,0.6657100915908813,0.6222222222222222,0.8157305657305658,0.6428571428571429,0.0,0.43588831275701523,0.42409104108810425,0.17630203068256378,0.3122755289077759,0.0,0.0,0.0,0.0,0.0,18473,global,0.0
4,1,lr1e-04_bs16_drop0p2_temp1p0_a0p25_b0p05__wd1e-04trmiss0_degmodglobal,16,0.0001,0.0001,0.2,1.0,0.25,0.05,lr1e-04_bs16_drop0p2_temp1p0_a0p25_b0p05__wd1e-04trmiss0_degmodglobal,55,0.49025070667266846,0.6660880446434021,0.6222222222222222,0.8157305657305658,0.6428571428571429,0.0,0.4531821236014366,0.4476415365934372,0.12445610575377941,0.22990292310714722,0.0,0.0,0.0,0.0,0.0,18473,global,0.0
4,1,lr1e-04_bs16_drop0p2_temp1p0_a0p25_b0p05__wd1e-04trmiss0_degmodglobal,16,0.0001,0.0001,0.2,1.0,0.25,0.05,lr1e-04_bs16_drop0p2_temp1p0_a0p25_b0p05__wd1e-04trmiss0_degmodglobal,56,0.487026147544384,0.6696900129318237,0.6,0.7879527879527881,0.6428571428571429,0.0,0.4576396718621254,0.4351561442017555,0.15409201756119728,0.26694006845355034,0.0,0.0,0.0,0.0,0.0,18473,global,0.0
4,1,lr1e-04_bs16_drop0p2_temp1p0_a0p25_b0p05__wd1e-04trmiss0_degmodglobal,16,0.0001,0.0001,0.2,1.0,0.25,0.05,lr1e-04_bs16_drop0p2_temp1p0_a0p25_b0p05__wd1e-04trmiss0_degmodglobal,57,0.48782964050769806,0.6699632406234741,0.6222222222222222,0.8157305657305658,0.6428571428571429,0.0,0.4688098654150963,0.44514016062021255,0.126060264185071,0.22348837926983833,0.0,0.0,0.0,0.0,0.0,18473,global,0.0
4,1,lr1e-04_bs16_drop0p2_temp1p0_a0p25_b0p05__wd1e-04trmiss0_degmodglobal,16,0.0001,0.0001,0.2,1.0,0.25,0.05,lr1e-04_bs16_drop0p2_temp1p0_a0p25_b0p05__wd1e-04trmiss0_degmodglobal,58,0.4988420307636261,0.6746920347213745,0.6222222222222222,0.8157305657305658,0.6428571428571429,0.0,0.47375764697790146,0.46475089341402054,0.1028879527002573,0.16738302819430828,0.0,0.0,0.0,0.0,0.0,18473,global,0.0
4,1,lr1e-04_bs16_drop0p2_temp1p0_a0p25_b0p05__wd1e-04trmiss0_degmodglobal,16,0.0001,0.0001,0.2,1.0,0.25,0.05,lr1e-04_bs16_drop0p2_temp1p0_a0p25_b0p05__wd1e-04trmiss0_degmodglobal,59,0.46593933552503586,0.666364312171936,0.6,0.8025030525030525,0.6428571428571429,0.0,0.46114950627088547,0.41210874170064926,0.15508735179901123,0.3011751025915146,0.0,0.0,0.0,0.0,0.0,18473,global,0.0
4,1,lr1e-04_bs16_drop0p2_temp1p0_a0p25_b0p05__wd1e-04trmiss0_degmodglobal,16,0.0001,0.0001,0.2,1.0,0.25,0.05,lr1e-04_bs16_drop0p2_temp1p0_a0p25_b0p05__wd1e-04trmiss0_degmodglobal,60,0.4813855290412903,0.6659509539604187,0.6,0.8025030525030525,0.6428571428571429,0.0,0.47397591918706894,0.43991854786872864,0.1267544236034155,0.19556770101189613,0.0,0.0,0.0,0.0,0.0,18473,global,0.0
4,1,lr1e-04_bs16_drop0p2_temp1p0_a0p25_b0p05__wd1e-04trmiss0_degmodglobal,16,0.0001,0.0001,0.2,1.0,0.25,0.05,lr1e-04_bs16_drop0p2_temp1p0_a0p25_b0p05__wd1e-04trmiss0_degmodglobal,61,0.5154823362827301,0.6692225337028503,0.6222222222222222,0.8247252747252747,0.6428571428571429,0.0,0.5089903697371483,0.46315114945173264,0.14860045909881592,0.3036212585866451,0.0,0.0,0.0,0.0,0.0,18473,global,0.0
4,1,lr1e-04_bs16_drop0p2_temp1p0_a0p25_b0p05__wd1e-04trmiss0_degmodglobal,16,0.0001,0.0001,0.2,1.0,0.25,0.05,lr1e-04_bs16_drop0p2_temp1p0_a0p25_b0p05__wd1e-04trmiss0_degmodglobal,62,0.5073880851268768,0.6740549206733704,0.6,0.8025030525030525,0.5714285714285714,0.0,0.5006948709487915,0.4684239402413368,0.11852468550205231,0.18665933888405561,0.0,0.0,0.0,0.0,0.0,18473,global,0.0
4,1,lr1e-04_bs16_drop0p2_temp1p0_a0p25_b0p05__wd1e-04trmiss0_degmodglobal,16,0.0001,0.0001,0.2,1.0,0.25,0.05,lr1e-04_bs16_drop0p2_temp1p0_a0p25_b0p05__wd1e-04trmiss0_degmodglobal,63,0.5007728412747383,0.6660065054893494,0.6222222222222222,0.8247252747252747,0.6428571428571429,0.0,0.46383776515722275,0.4502497836947441,0.14959171041846275,0.2625025510787964,0.0,0.0,0.0,0.0,0.0,18473,global,0.0
4,1,lr1e-04_bs16_drop0p2_temp1p0_a0p25_b0p05__wd1e-04trmiss0_degmodglobal,16,0.0001,0.0001,0.2,1.0,0.25,0.05,lr1e-04_bs16_drop0p2_temp1p0_a0p25_b0p05__wd1e-04trmiss0_degmodglobal,64,0.4840939864516258,0.6618388891220093,0.6222222222222222,0.8247252747252747,0.6428571428571429,0.0,0.46982764452695847,0.4365384802222252,0.13982542045414448,0.2519831247627735,0.0,0.0,0.0,0.0,0.0,18473,global,0.0
4,1,lr1e-04_bs16_drop0p2_temp1p0_a0p25_b0p05__wd1e-04trmiss0_degmodglobal,16,0.0001,0.0001,0.2,1.0,0.25,0.05,lr1e-04_bs16_drop0p2_temp1p0_a0p25_b0p05__wd1e-04trmiss0_degmodglobal,65,0.4773915484547615,0.6639375686645508,0.6222222222222222,0.8247252747252747,0.6428571428571429,0.0,0.4449048414826393,0.4263933449983597,0.14542553201317787,0.29283658415079117,0.0,0.0,0.0,0.0,0.0,18473,global,0.0
4,1,lr1e-04_bs16_drop0p2_temp1p0_a0p25_b0p05__wd1e-04trmiss0_degmodglobal,16,0.0001,0.0001,0.2,1.0,0.25,0.05,lr1e-04_bs16_drop0p2_temp1p0_a0p25_b0p05__wd1e-04trmiss0_degmodglobal,66,0.44855155795812607,0.6612071394920349,0.6,0.8025030525030525,0.6428571428571429,0.0,0.46568962931632996,0.40983302146196365,0.11924453638494015,0.17814818769693375,0.0,0.0,0.0,0.0,0.0,18473,global,0.0
4,1,lr1e-04_bs16_drop0p2_temp1p0_a0p25_b0p05__wd1e-04trmiss0_degmodglobal,16,0.0001,0.0001,0.2,1.0,0.25,0.05,lr1e-04_bs16_drop0p2_temp1p0_a0p25_b0p05__wd1e-04trmiss0_degmodglobal,67,0.4791290834546089,0.6648229956626892,0.6,0.8025030525030525,0.5714285714285714,0.0,0.4163803532719612,0.42725613713264465,0.14809123426675797,0.2970031425356865,0.0,0.0,0.0,0.0,0.0,18473,global,0.0
4,1,lr1e-04_bs16_drop0p2_temp1p0_a0p25_b0p05__wd1e-04trmiss0_degmodglobal,16,0.0001,0.0001,0.2,1.0,0.25,0.05,lr1e-04_bs16_drop0p2_temp1p0_a0p25_b0p05__wd1e-04trmiss0_degmodglobal,68,0.501254178583622,0.665596604347229,0.6,0.8025030525030525,0.6428571428571429,0.0,0.4277443364262581,0.4412124902009964,0.18019378930330276,0.29986485466361046,0.0,0.0,0.0,0.0,0.0,18473,global,0.0
4,1,lr1e-04_bs16_drop0p2_temp1p0_a0p25_b0p05__wd1e-04trmiss0_degmodglobal,16,0.0001,0.0001,0.2,1.0,0.25,0.05,lr1e-04_bs16_drop0p2_temp1p0_a0p25_b0p05__wd1e-04trmiss0_degmodglobal,69,0.4575621858239174,0.663719892501831,0.6,0.8025030525030525,0.6428571428571429,0.0,0.4298512265086174,0.40956418961286545,0.14575432986021042,0.23118826374411583,0.0,0.0,0.0,0.0,0.0,18473,global,0.0
4,1,lr1e-04_bs16_drop0p2_temp1p0_a0p25_b0p05__wd1e-04trmiss0_degmodglobal,16,0.0001,0.0001,0.2,1.0,0.25,0.05,lr1e-04_bs16_drop0p2_temp1p0_a0p25_b0p05__wd1e-04trmiss0_degmodglobal,70,0.5169562101364136,0.6618964672088623,0.6,0.8025030525030525,0.6428571428571429,0.0,0.45142873376607895,0.45851290971040726,0.17257042974233627,0.30601371824741364,0.0,0.0,0.0,0.0,0.0,18473,global,0.0
4,1,lr1e-04_bs16_drop0p2_temp1p0_a0p25_b0p05__wd1e-04trmiss0_degmodglobal,16,0.0001,0.0001,0.2,1.0,0.25,0.05,lr1e-04_bs16_drop0p2_temp1p0_a0p25_b0p05__wd1e-04trmiss0_degmodglobal,71,0.479156531393528,0.6582948565483093,0.6222222222222222,0.8111450278116945,0.6428571428571429,0.0,0.434231661260128,0.4337855726480484,0.1351991668343544,0.23142343014478683,0.0,0.0,0.0,0.0,0.0,18473,global,0.0
4,1,lr1e-04_bs16_drop0p2_temp2p0_a0p25_b0p05__wd1e-04trmiss0_degmodglobal,16,0.0001,0.0001,0.2,2.0,0.25,0.05,lr1e-04_bs16_drop0p2_temp2p0_a0p25_b0p05__wd1e-04trmiss0_degmodglobal,1,0.7741993814706802,0.6825529932975769,0.6888888888888889,0.8171075837742505,0.5714285714285714,0.0,0.6751325875520706,0.738404169678688,0.07877717446535826,0.3220180720090866,0.0,0.0,0.0,0.0,0.0,18473,global,0.0
4,1,lr1e-04_bs16_drop0p2_temp2p0_a0p25_b0p05__wd1e-04trmiss0_degmodglobal,16,0.0001,0.0001,0.2,2.0,0.25,0.05,lr1e-04_bs16_drop0p2_temp2p0_a0p25_b0p05__wd1e-04trmiss0_degmodglobal,2,0.7131309509277344,0.6782581210136414,0.7111111111111111,0.8448853615520284,0.6428571428571429,0.0,0.6090067476034164,0.6772293001413345,0.07967513334006071,0.3196573220193386,0.0,0.0,0.0,0.0,0.0,18473,global,0.0
4,1,lr1e-04_bs16_drop0p2_temp2p0_a0p25_b0p05__wd1e-04trmiss0_degmodglobal,16,0.0001,0.0001,0.2,2.0,0.25,0.05,lr1e-04_bs16_drop0p2_temp2p0_a0p25_b0p05__wd1e-04trmiss0_degmodglobal,3,0.6887844502925873,0.671863853931427,0.711111111111111,0.8487093153759822,0.7142857142857143,0.0,0.5924569815397263,0.6559001803398132,0.06416780687868595,0.33684658259153366,0.0,0.0,0.0,0.0,0.0,18473,global,0.0
4,1,lr1e-04_bs16_drop0p2_temp2p0_a0p25_b0p05__wd1e-04trmiss0_degmodglobal,16,0.0001,0.0001,0.2,2.0,0.25,0.05,lr1e-04_bs16_drop0p2_temp2p0_a0p25_b0p05__wd1e-04trmiss0_degmodglobal,4,0.6743509918451309,0.6674840450286865,0.7333333333333334,0.8709315375982045,0.7142857142857143,0.0,0.5977874249219894,0.644137978553772,0.06374819856137037,0.2855192795395851,0.0,0.0,0.0,0.0,0.0,18473,global,0.0
4,1,lr1e-04_bs16_drop0p2_temp2p0_a0p25_b0p05__wd1e-04trmiss0_degmodglobal,16,0.0001,0.0001,0.2,2.0,0.25,0.05,lr1e-04_bs16_drop0p2_temp2p0_a0p25_b0p05__wd1e-04trmiss0_degmodglobal,5,0.6569560319185257,0.6623828411102295,0.7555555555555556,0.8817340067340069,0.7142857142857143,0.0,0.5592920035123825,0.6246552765369415,0.066069595515728,0.3156667575240135,0.0,0.0,0.0,0.0,0.0,18473,global,0.0
4,1,lr1e-04_bs16_drop0p2_temp2p0_a0p25_b0p05__wd1e-04trmiss0_degmodglobal,16,0.0001,0.0001,0.2,2.0,0.25,0.05,lr1e-04_bs16_drop0p2_temp2p0_a0p25_b0p05__wd1e-04trmiss0_degmodglobal,6,0.642665445804596,0.657418429851532,0.7333333333333334,0.8709315375982045,0.7142857142857143,0.0,0.5801440924406052,0.6126319468021393,0.06148479599505663,0.293245580047369,0.0,0.0,0.0,0.0,0.0,18473,global,0.0
4,1,lr1e-04_bs16_drop0p2_temp2p0_a0p25_b0p05__wd1e-04trmiss0_degmodglobal,16,0.0001,0.0001,0.2,2.0,0.25,0.05,lr1e-04_bs16_drop0p2_temp2p0_a0p25_b0p05__wd1e-04trmiss0_degmodglobal,7,0.5930061489343643,0.6604315042495728,0.7333333333333334,0.8709315375982045,0.7142857142857143,0.0,0.557165339589119,0.5613572150468826,0.06498369481414557,0.3080601766705513,0.0,0.0,0.0,0.0,0.0,18473,global,0.0
4,1,lr1e-04_bs16_drop0p2_temp2p0_a0p25_b0p05__wd1e-04trmiss0_degmodglobal,16,0.0001,0.0001,0.2,2.0,0.25,0.05,lr1e-04_bs16_drop0p2_temp2p0_a0p25_b0p05__wd1e-04trmiss0_degmodglobal,8,0.6003566086292267,0.6590864062309265,0.7333333333333334,0.8709315375982045,0.7142857142857143,0.0,0.5490137785673141,0.5598931759595871,0.09078464098274708,0.35534558445215225,0.0,0.0,0.0,0.0,0.0,18473,global,0.0
4,1,lr1e-04_bs16_drop0p2_temp2p0_a0p25_b0p05__wd1e-04trmiss0_degmodglobal,16,0.0001,0.0001,0.2,2.0,0.25,0.05,lr1e-04_bs16_drop0p2_temp2p0_a0p25_b0p05__wd1e-04trmiss0_degmodglobal,9,0.5829410403966904,0.6614182591438293,0.7333333333333334,0.8709315375982045,0.7142857142857143,0.0,0.5399144142866135,0.5518088340759277,0.0672999070957303,0.28614428266882896,0.0,0.0,0.0,0.0,0.0,18473,global,0.0
4,1,lr1e-04_bs16_drop0p2_temp2p0_a0p25_b0p05__wd1e-04trmiss0_degmodglobal,16,0.0001,0.0001,0.2,2.0,0.25,0.05,lr1e-04_bs16_drop0p2_temp2p0_a0p25_b0p05__wd1e-04trmiss0_degmodglobal,10,0.5850668549537659,0.665313720703125,0.7555555555555555,0.8894500561167229,0.6428571428571429,0.0,0.5250063613057137,0.5535970330238342,0.07084599137306213,0.27516619861125946,0.0,0.0,0.0,0.0,0.0,18473,global,0.0
4,1,lr1e-04_bs16_drop0p2_temp2p0_a0p25_b0p05__wd1e-04trmiss0_degmodglobal,16,0.0001,0.0001,0.2,2.0,0.25,0.05,lr1e-04_bs16_drop0p2_temp2p0_a0p25_b0p05__wd1e-04trmiss0_degmodglobal,11,0.562317818403244,0.6677679419517517,0.7333333333333334,0.8709315375982045,0.7142857142857143,0.0,0.5449239239096642,0.5218728855252266,0.08990433812141418,0.35937727987766266,0.0,0.0,0.0,0.0,0.0,18473,global,0.0
4,1,lr1e-04_bs16_drop0p2_temp2p0_a0p25_b0p05__wd1e-04trmiss0_degmodglobal,16,0.0001,0.0001,0.2,2.0,0.25,0.05,lr1e-04_bs16_drop0p2_temp2p0_a0p25_b0p05__wd1e-04trmiss0_degmodglobal,12,0.5690196454524994,0.6659507751464844,0.6888888888888888,0.8555555555555556,0.7142857142857143,0.0,0.5155742689967155,0.5316531136631966,0.08045785129070282,0.34504174813628197,0.0,0.0,0.0,0.0,0.0,18473,global,0.0
4,1,lr1e-04_bs16_drop0p2_temp2p0_a0p25_b0p05__wd1e-04trmiss0_degmodglobal,16,0.0001,0.0001,0.2,2.0,0.25,0.05,lr1e-04_bs16_drop0p2_temp2p0_a0p25_b0p05__wd1e-04trmiss0_degmodglobal,13,0.6109193116426468,0.6667064428329468,0.711111111111111,0.8740740740740742,0.6428571428571429,0.0,0.5186397656798363,0.5738643854856491,0.07958965376019478,0.34314993768930435,0.0,0.0,0.0,0.0,0.0,18473,global,0.0
4,1,lr1e-04_bs16_drop0p2_temp2p0_a0p25_b0p05__wd1e-04trmiss0_degmodglobal,16,0.0001,0.0001,0.2,2.0,0.25,0.05,lr1e-04_bs16_drop0p2_temp2p0_a0p25_b0p05__wd1e-04trmiss0_degmodglobal,14,0.5454002767801285,0.6637716293334961,0.711111111111111,0.8740740740740742,0.6428571428571429,0.0,0.5242720171809196,0.5059695020318031,0.08611037209630013,0.3580634817481041,0.0,0.0,0.0,0.0,0.0,18473,global,0.0
4,1,lr1e-04_bs16_drop0p2_temp2p0_a0p25_b0p05__wd1e-04trmiss0_degmodglobal,16,0.0001,0.0001,0.2,2.0,0.25,0.05,lr1e-04_bs16_drop0p2_temp2p0_a0p25_b0p05__wd1e-04trmiss0_degmodglobal,15,0.5764772444963455,0.6686398386955261,0.711111111111111,0.8740740740740742,0.6428571428571429,0.0,0.5009879097342491,0.5340598598122597,0.09551877714693546,0.37075427174568176,0.0,0.0,0.0,0.0,0.0,18473,global,0.0
4,1,lr1e-04_bs16_drop0p2_temp2p0_a0p25_b0p05__wd1e-04trmiss0_degmodglobal,16,0.0001,0.0001,0.2,2.0,0.25,0.05,lr1e-04_bs16_drop0p2_temp2p0_a0p25_b0p05__wd1e-04trmiss0_degmodglobal,16,0.5752259343862534,0.6708788275718689,0.711111111111111,0.8641975308641978,0.6428571428571429,0.0,0.4932098686695099,0.5415396392345428,0.07221499737352133,0.31265071779489517,0.0,0.0,0.0,0.0,0.0,18473,global,0.0
4,1,lr1e-04_bs16_drop0p2_temp2p0_a0p25_b0p05__wd1e-04trmiss0_degmodglobal,16,0.0001,0.0001,0.2,2.0,0.25,0.05,lr1e-04_bs16_drop0p2_temp2p0_a0p25_b0p05__wd1e-04trmiss0_degmodglobal,17,0.5616151988506317,0.6671605706214905,0.7333333333333334,0.8750000000000002,0.6428571428571429,0.0,0.4889296218752861,0.5186211466789246,0.09033992700278759,0.40818172693252563,0.0,0.0,0.0,0.0,0.0,18473,global,0.0
4,1,lr1e-04_bs16_drop0p2_temp2p0_a0p25_b0p05__wd1e-04trmiss0_degmodglobal,16,0.0001,0.0001,0.2,2.0,0.25,0.05,lr1e-04_bs16_drop0p2_temp2p0_a0p25_b0p05__wd1e-04trmiss0_degmodglobal,18,0.5500471740961075,0.6697021722793579,0.711111111111111,0.8641975308641978,0.6428571428571429,0.0,0.4751804918050766,0.5121443718671799,0.08151597157120705,0.3504760414361954,0.0,0.0,0.0,0.0,0.0,18473,global,0.0
4,1,lr1e-04_bs16_drop0p2_temp2p0_a0p25_b0p05__wd1e-04trmiss0_degmodglobal,16,0.0001,0.0001,0.2,2.0,0.25,0.05,lr1e-04_bs16_drop0p2_temp2p0_a0p25_b0p05__wd1e-04trmiss0_degmodglobal,19,0.5406665131449699,0.6717082858085632,0.711111111111111,0.8641975308641978,0.6428571428571429,0.0,0.47938428074121475,0.4979044049978256,0.09297230280935764,0.3903806656599045,0.0,0.0,0.0,0.0,0.0,18473,global,0.0
4,1,lr1e-04_bs16_drop0p2_temp2p0_a0p25_b0p05__wd1e-04trmiss0_degmodglobal,16,0.0001,0.0001,0.2,2.0,0.25,0.05,lr1e-04_bs16_drop0p2_temp2p0_a0p25_b0p05__wd1e-04trmiss0_degmodglobal,20,0.5499023348093033,0.6738666892051697,0.711111111111111,0.8641975308641978,0.6428571428571429,0.0,0.47700051218271255,0.5070496946573257,0.08944843523204327,0.4098105654120445,0.0,0.0,0.0,0.0,0.0,18473,global,0.0
4,1,lr1e-04_bs16_drop0p2_temp2p0_a0p25_b0p05__wd1e-04trmiss0_degmodglobal,16,0.0001,0.0001,0.2,2.0,0.25,0.05,lr1e-04_bs16_drop0p2_temp2p0_a0p25_b0p05__wd1e-04trmiss0_degmodglobal,21,0.538090169429779,0.6718220114707947,0.6888888888888889,0.858499525166192,0.6428571428571429,0.0,0.49421870708465576,0.5084919035434723,0.06806170661002398,0.2516568787395954,0.0,0.0,0.0,0.0,0.0,18473,global,0.0
4,1,lr1e-04_bs16_drop0p2_temp2p0_a0p25_b0p05__wd1e-04trmiss0_degmodglobal,16,0.0001,0.0001,0.2,2.0,0.25,0.05,lr1e-04_bs16_drop0p2_temp2p0_a0p25_b0p05__wd1e-04trmiss0_degmodglobal,22,0.5452055335044861,0.6604448556900024,0.7111111111111111,0.8770180436847106,0.6428571428571429,0.0,0.5005883947014809,0.5110838860273361,0.07456750888377428,0.3095954805612564,0.0,0.0,0.0,0.0,0.0,18473,global,0.0
4,1,lr1e-04_bs16_drop0p2_temp2p0_a0p25_b0p05__wd1e-04trmiss0_degmodglobal,16,0.0001,0.0001,0.2,2.0,0.25,0.05,lr1e-04_bs16_drop0p2_temp2p0_a0p25_b0p05__wd1e-04trmiss0_degmodglobal,23,0.6101305335760117,0.660430908203125,0.7111111111111111,0.8770180436847106,0.6428571428571429,0.0,0.48933272063732147,0.5598433315753937,0.10771037824451923,0.46719228476285934,0.0,0.0,0.0,0.0,0.0,18473,global,0.0
4,1,lr1e-04_bs16_drop0p2_temp2p0_a0p25_b0p05__wd1e-04trmiss0_degmodglobal,16,0.0001,0.0001,0.2,2.0,0.25,0.05,lr1e-04_bs16_drop0p2_temp2p0_a0p25_b0p05__wd1e-04trmiss0_degmodglobal,24,0.5345956906676292,0.652414083480835,0.7333333333333334,0.887820512820513,0.6428571428571429,0.0,0.48208367079496384,0.49365855753421783,0.08991420082747936,0.3691718131303787,0.0,0.0,0.0,0.0,0.0,18473,global,0.0
4,1,lr1e-04_bs16_drop0p2_temp2p0_a0p25_b0p05__wd1e-04trmiss0_degmodglobal,16,0.0001,0.0001,0.2,2.0,0.25,0.05,lr1e-04_bs16_drop0p2_temp2p0_a0p25_b0p05__wd1e-04trmiss0_degmodglobal,25,0.5199314877390862,0.6539143919944763,0.7333333333333334,0.887820512820513,0.6428571428571429,0.0,0.45658329129219055,0.48857907950878143,0.06917919777333736,0.28115224465727806,0.0,0.0,0.0,0.0,0.0,18473,global,0.0
4,1,lr1e-04_bs16_drop0p4_temp1p0_a0p25_b0p05__wd1e-04trmiss0_degmodglobal,16,0.0001,0.0001,0.4,1.0,0.25,0.05,lr1e-04_bs16_drop0p4_temp1p0_a0p25_b0p05__wd1e-04trmiss0_degmodglobal,1,0.7045540362596512,0.6738885045051575,0.7111111111111111,0.7863235529902197,0.5,0.0,0.677229106426239,0.676969587802887,0.06530189234763384,0.22517961636185646,0.0,0.0,0.0,0.0,0.0,18473,global,0.0
4,1,lr1e-04_bs16_drop0p4_temp1p0_a0p25_b0p05__wd1e-04trmiss0_degmodglobal,16,0.0001,0.0001,0.4,1.0,0.25,0.05,lr1e-04_bs16_drop0p4_temp1p0_a0p25_b0p05__wd1e-04trmiss0_degmodglobal,2,0.7154624611139297,0.6646351218223572,0.711111111111111,0.8085457752124419,0.5,0.0,0.6606230139732361,0.6799329221248627,0.0825552698224783,0.29781443625688553,0.0,0.0,0.0,0.0,0.0,18473,global,0.0
4,1,lr1e-04_bs16_drop0p4_temp1p0_a0p25_b0p05__wd1e-04trmiss0_degmodglobal,16,0.0001,0.0001,0.4,1.0,0.25,0.05,lr1e-04_bs16_drop0p4_temp1p0_a0p25_b0p05__wd1e-04trmiss0_degmodglobal,3,0.69904625415802,0.658847987651825,0.711111111111111,0.8085457752124419,0.5714285714285714,0.0,0.6274351477622986,0.6738037765026093,0.06366071850061417,0.18654591590166092,0.0,0.0,0.0,0.0,0.0,18473,global,0.0
4,1,lr1e-04_bs16_drop0p4_temp1p0_a0p25_b0p05__wd1e-04trmiss0_degmodglobal,16,0.0001,0.0001,0.4,1.0,0.25,0.05,lr1e-04_bs16_drop0p4_temp1p0_a0p25_b0p05__wd1e-04trmiss0_degmodglobal,4,0.6444398760795593,0.6497933864593506,0.7333333333333333,0.8233605900272567,0.5714285714285714,0.0,0.587999239563942,0.6168182343244553,0.07071847934275866,0.19884059205651283,0.0,0.0,0.0,0.0,0.0,18473,global,0.0
4,1,lr1e-04_bs16_drop0p4_temp1p0_a0p25_b0p05__wd1e-04trmiss0_degmodglobal,16,0.0001,0.0001,0.4,1.0,0.25,0.05,lr1e-04_bs16_drop0p4_temp1p0_a0p25_b0p05__wd1e-04trmiss0_degmodglobal,5,0.6338146477937698,0.6442042589187622,0.7555555555555555,0.8365881032547702,0.6428571428571429,0.0,0.6000818014144897,0.6040268689393997,0.0781547874212265,0.20498144999146461,0.0,0.0,0.0,0.0,0.0,18473,global,0.0
4,1,lr1e-04_bs16_drop0p4_temp1p0_a0p25_b0p05__wd1e-04trmiss0_degmodglobal,16,0.0001,0.0001,0.4,1.0,0.25,0.05,lr1e-04_bs16_drop0p4_temp1p0_a0p25_b0p05__wd1e-04trmiss0_degmodglobal,6,0.6623339504003525,0.6375781893730164,0.7555555555555555,0.8511383678050346,0.6428571428571429,0.0,0.5843196660280228,0.6335449516773224,0.07437118515372276,0.20392459630966187,0.0,0.0,0.0,0.0,0.0,18473,global,0.0
4,1,lr1e-04_bs16_drop0p4_temp1p0_a0p25_b0p05__wd1e-04trmiss0_degmodglobal,16,0.0001,0.0001,0.4,1.0,0.25,0.05,lr1e-04_bs16_drop0p4_temp1p0_a0p25_b0p05__wd1e-04trmiss0_degmodglobal,7,0.6537659168243408,0.6278656721115112,0.7555555555555555,0.8511383678050346,0.6428571428571429,0.0,0.6252150386571884,0.6249515116214752,0.07384494971483946,0.20706351846456528,0.0,0.0,0.0,0.0,0.0,18473,global,0.0
4,1,lr1e-04_bs16_drop0p4_temp1p0_a0p25_b0p05__wd1e-04trmiss0_degmodglobal,16,0.0001,0.0001,0.4,1.0,0.25,0.05,lr1e-04_bs16_drop0p4_temp1p0_a0p25_b0p05__wd1e-04trmiss0_degmodglobal,8,0.6349619776010513,0.6232666373252869,0.7555555555555555,0.8657848324514992,0.7142857142857143,0.0,0.5215954035520554,0.5935167074203491,0.10617944784462452,0.2980075255036354,0.0,0.0,0.0,0.0,0.0,18473,global,0.0
4,1,lr1e-04_bs16_drop0p4_temp1p0_a0p25_b0p05__wd1e-04trmiss0_degmodglobal,16,0.0001,0.0001,0.4,1.0,0.25,0.05,lr1e-04_bs16_drop0p4_temp1p0_a0p25_b0p05__wd1e-04trmiss0_degmodglobal,9,0.6202241480350494,0.6240409016609192,0.8,0.8909171075837745,0.7142857142857143,0.0,0.5682421028614044,0.5907052159309387,0.06975724641233683,0.2415923085063696,0.0,0.0,0.0,0.0,0.0,18473,global,0.0
4,1,lr1e-04_bs16_drop0p4_temp1p0_a0p25_b0p05__wd1e-04trmiss0_degmodglobal,16,0.0001,0.0001,0.4,1.0,0.25,0.05,lr1e-04_bs16_drop0p4_temp1p0_a0p25_b0p05__wd1e-04trmiss0_degmodglobal,10,0.6350988000631332,0.6265271306037903,0.8,0.8865881032547702,0.6428571428571429,0.0,0.5514085292816162,0.599662646651268,0.09036241471767426,0.25691134855151176,0.0,0.0,0.0,0.0,0.0,18473,global,0.0
4,1,lr1e-04_bs16_drop0p4_temp1p0_a0p25_b0p05__wd1e-04trmiss0_degmodglobal,16,0.0001,0.0001,0.4,1.0,0.25,0.05,lr1e-04_bs16_drop0p4_temp1p0_a0p25_b0p05__wd1e-04trmiss0_degmodglobal,11,0.6515595018863678,0.6305447816848755,0.8222222222222222,0.9188983855650523,0.6428571428571429,0.0,0.5656996220350266,0.6202019304037094,0.08690456859767437,0.19262835383415222,0.0,0.0,0.0,0.0,0.0,18473,global,0.0
4,1,lr1e-04_bs16_drop0p4_temp1p0_a0p25_b0p05__wd1e-04trmiss0_degmodglobal,16,0.0001,0.0001,0.4,1.0,0.25,0.05,lr1e-04_bs16_drop0p4_temp1p0_a0p25_b0p05__wd1e-04trmiss0_degmodglobal,12,0.6418459564447403,0.6250624060630798,0.8888888888888888,0.9436868686868689,0.7142857142857143,0.0,0.5593861564993858,0.595572292804718,0.10091586876660585,0.4208936281502247,0.0,0.0,0.0,0.0,0.0,18473,global,0.0
4,1,lr1e-04_bs16_drop0p4_temp1p0_a0p25_b0p05__wd1e-04trmiss0_degmodglobal,16,0.0001,0.0001,0.4,1.0,0.25,0.05,lr1e-04_bs16_drop0p4_temp1p0_a0p25_b0p05__wd1e-04trmiss0_degmodglobal,13,0.5851557403802872,0.6242724657058716,0.8666666666666666,0.9361111111111113,0.7142857142857143,0.0,0.5885986536741257,0.5549417585134506,0.07966963574290276,0.20593128353357315,0.0,0.0,0.0,0.0,0.0,18473,global,0.0
4,1,lr1e-04_bs16_drop0p4_temp1p0_a0p25_b0p05__wd1e-04trmiss0_degmodglobal,16,0.0001,0.0001,0.4,1.0,0.25,0.05,lr1e-04_bs16_drop0p4_temp1p0_a0p25_b0p05__wd1e-04trmiss0_degmodglobal,14,0.623186007142067,0.6258642673492432,0.888888888888889,0.9534662867996202,0.8571428571428571,0.0,0.5682397186756134,0.5843376666307449,0.08939395286142826,0.3299975171685219,0.0,0.0,0.0,0.0,0.0,18473,global,0.0
4,1,lr1e-04_bs16_drop0p4_temp1p0_a0p25_b0p05__wd1e-04trmiss0_degmodglobal,16,0.0001,0.0001,0.4,1.0,0.25,0.05,lr1e-04_bs16_drop0p4_temp1p0_a0p25_b0p05__wd1e-04trmiss0_degmodglobal,15,0.6102689951658249,0.6325153708457947,0.888888888888889,0.9534662867996202,0.7857142857142857,0.0,0.5218315497040749,0.576312243938446,0.08748634345829487,0.24170306511223316,0.0,0.0,0.0,0.0,0.0,18473,global,0.0
4,1,lr1e-04_bs16_drop0p4_temp1p0_a0p25_b0p05__wd1e-04trmiss0_degmodglobal,16,0.0001,0.0001,0.4,1.0,0.25,0.05,lr1e-04_bs16_drop0p4_temp1p0_a0p25_b0p05__wd1e-04trmiss0_degmodglobal,16,0.6213784366846085,0.6312193870544434,0.888888888888889,0.9534662867996202,0.7857142857142857,0.0,0.5598811060190201,0.5999071300029755,0.06006124895066023,0.12911964021623135,0.0,0.0,0.0,0.0,0.0,18473,global,0.0
4,1,lr1e-04_bs16_drop0p4_temp1p0_a0p25_b0p05__wd1e-04trmiss0_degmodglobal,16,0.0001,0.0001,0.4,1.0,0.25,0.05,lr1e-04_bs16_drop0p4_temp1p0_a0p25_b0p05__wd1e-04trmiss0_degmodglobal,17,0.6055611371994019,0.631208598613739,0.888888888888889,0.9534662867996202,0.7857142857142857,0.0,0.5491127371788025,0.5684656202793121,0.09766375832259655,0.2535913549363613,0.0,0.0,0.0,0.0,0.0,18473,global,0.0
4,1,lr1e-04_bs16_drop0p4_temp1p0_a0p25_b0p05__wd1e-04trmiss0_degmodglobal,16,0.0001,0.0001,0.4,1.0,0.25,0.05,lr1e-04_bs16_drop0p4_temp1p0_a0p25_b0p05__wd1e-04trmiss0_degmodglobal,18,0.6089689433574677,0.6362329721450806,0.8666666666666667,0.9435897435897438,0.8571428571428571,0.0,0.568763256072998,0.557489275932312,0.12675947695970535,0.3957958519458771,0.0,0.0,0.0,0.0,0.0,18473,global,0.0
4,1,lr1e-04_bs16_drop0p4_temp1p0_a0p25_b0p05__wd1e-04trmiss0_degmodglobal,16,0.0001,0.0001,0.4,1.0,0.25,0.05,lr1e-04_bs16_drop0p4_temp1p0_a0p25_b0p05__wd1e-04trmiss0_degmodglobal,19,0.6577395647764206,0.6366564035415649,0.8666666666666667,0.9435897435897438,0.8571428571428571,0.0,0.5130963027477264,0.6196490824222565,0.09105420298874378,0.3065386936068535,0.0,0.0,0.0,0.0,0.0,18473,global,0.0
4,1,lr1e-04_bs16_drop0p4_temp1p0_a0p25_b0p05__wd1e-04trmiss0_degmodglobal,16,0.0001,0.0001,0.4,1.0,0.25,0.05,lr1e-04_bs16_drop0p4_temp1p0_a0p25_b0p05__wd1e-04trmiss0_degmodglobal,20,0.5987379550933838,0.627125084400177,0.888888888888889,0.9534662867996202,0.8571428571428571,0.0,0.5396119803190231,0.5579075962305069,0.11310018040239811,0.2511065602302551,0.0,0.0,0.0,0.0,0.0,18473,global,0.0
4,1,lr1e-04_bs16_drop0p4_temp1p0_a0p25_b0p05__wd1e-04trmiss0_degmodglobal,16,0.0001,0.0001,0.4,1.0,0.25,0.05,lr1e-04_bs16_drop0p4_temp1p0_a0p25_b0p05__wd1e-04trmiss0_degmodglobal,21,0.6216844469308853,0.6234763264656067,0.888888888888889,0.9534662867996202,0.8571428571428571,0.0,0.5517497211694717,0.5772523581981659,0.11224621161818504,0.327410776168108,0.0,0.0,0.0,0.0,0.0,18473,global,0.0
4,1,lr1e-04_bs16_drop0p4_temp1p0_a0p25_b0p05__wd1e-04trmiss0_degmodglobal,16,0.0001,0.0001,0.4,1.0,0.25,0.05,lr1e-04_bs16_drop0p4_temp1p0_a0p25_b0p05__wd1e-04trmiss0_degmodglobal,22,0.6285023242235184,0.6245564222335815,0.888888888888889,0.9534662867996202,0.8571428571428571,0.0,0.49624668061733246,0.5792199224233627,0.12541788443922997,0.35855862498283386,0.0,0.0,0.0,0.0,0.0,18473,global,0.0
4,1,lr1e-04_bs16_drop0p4_temp1p0_a0p25_b0p05__wd1e-04trmiss0_degmodglobal,16,0.0001,0.0001,0.4,1.0,0.25,0.05,lr1e-04_bs16_drop0p4_temp1p0_a0p25_b0p05__wd1e-04trmiss0_degmodglobal,23,0.6142644882202148,0.6239885091781616,0.888888888888889,0.9534662867996202,0.8571428571428571,0.0,0.4794449210166931,0.5713098347187042,0.1135044377297163,0.29157086834311485,0.0,0.0,0.0,0.0,0.0,18473,global,0.0
4,1,lr1e-04_bs16_drop0p4_temp1p0_a0p25_b0p05__wd1e-04trmiss0_degmodglobal,16,0.0001,0.0001,0.4,1.0,0.25,0.05,lr1e-04_bs16_drop0p4_temp1p0_a0p25_b0p05__wd1e-04trmiss0_degmodglobal,24,0.6191679686307907,0.6233012080192566,0.888888888888889,0.9534662867996202,0.8571428571428571,0.0,0.5091979950666428,0.5841057598590851,0.09111835062503815,0.24565236270427704,0.0,0.0,0.0,0.0,0.0,18473,global,0.0
4,1,lr1e-04_bs16_drop0p4_temp1p0_a0p25_b0p05__wd1e-04trmiss0_degmodglobal,16,0.0001,0.0001,0.4,1.0,0.25,0.05,lr1e-04_bs16_drop0p4_temp1p0_a0p25_b0p05__wd1e-04trmiss0_degmodglobal,25,0.6072645634412766,0.6258503794670105,0.888888888888889,0.9534662867996202,0.8571428571428571,0.0,0.5143520310521126,0.5526548475027084,0.14453830011188984,0.3695029243826866,0.0,0.0,0.0,0.0,0.0,18473,global,0.0
4,1,lr1e-04_bs16_drop0p4_temp1p0_a0p25_b0p05__wd1e-04trmiss0_degmodglobal,16,0.0001,0.0001,0.4,1.0,0.25,0.05,lr1e-04_bs16_drop0p4_temp1p0_a0p25_b0p05__wd1e-04trmiss0_degmodglobal,26,0.6223049908876419,0.6268877983093262,0.888888888888889,0.9534662867996202,0.8571428571428571,0.0,0.5322519019246101,0.5723563581705093,0.1316367294639349,0.3407888635993004,0.0,0.0,0.0,0.0,0.0,18473,global,0.0
4,1,lr1e-04_bs16_drop0p4_temp1p0_a0p25_b0p05__wd1e-04trmiss0_degmodglobal,16,0.0001,0.0001,0.4,1.0,0.25,0.05,lr1e-04_bs16_drop0p4_temp1p0_a0p25_b0p05__wd1e-04trmiss0_degmodglobal,27,0.6470578908920288,0.6250738501548767,0.888888888888889,0.9534662867996202,0.8571428571428571,0.0,0.48991041630506516,0.5859330892562866,0.15443759970366955,0.4503079131245613,0.0,0.0,0.0,0.0,0.0,18473,global,0.0
4,1,lr1e-04_bs16_drop0p4_temp1p0_a0p25_b0p05__wd1e-04trmiss0_degmodglobal,16,0.0001,0.0001,0.4,1.0,0.25,0.05,lr1e-04_bs16_drop0p4_temp1p0_a0p25_b0p05__wd1e-04trmiss0_degmodglobal,28,0.6097193956375122,0.6271520853042603,0.888888888888889,0.9534662867996202,0.8571428571428571,0.0,0.4913259297609329,0.5619105845689774,0.12240464240312576,0.3441528044641018,0.0,0.0,0.0,0.0,0.0,18473,global,0.0
4,1,lr1e-04_bs16_drop0p4_temp1p0_a0p25_b0p05__wd1e-04trmiss0_degmodglobal,16,0.0001,0.0001,0.4,1.0,0.25,0.05,lr1e-04_bs16_drop0p4_temp1p0_a0p25_b0p05__wd1e-04trmiss0_degmodglobal,29,0.6218449771404266,0.6261821985244751,0.888888888888889,0.9534662867996202,0.8571428571428571,0.0,0.5136364698410034,0.5823768526315689,0.10139028262346983,0.2824112996459007,0.0,0.0,0.0,0.0,0.0,18473,global,0.0
4,1,lr1e-04_bs16_drop0p4_temp1p0_a0p25_b0p05__wd1e-04trmiss0_degmodglobal,16,0.0001,0.0001,0.4,1.0,0.25,0.05,lr1e-04_bs16_drop0p4_temp1p0_a0p25_b0p05__wd1e-04trmiss0_degmodglobal,30,0.6482688784599304,0.623381495475769,0.888888888888889,0.9534662867996202,0.8571428571428571,0.0,0.5055752545595169,0.5842954963445663,0.18047931976616383,0.37707091867923737,0.0,0.0,0.0,0.0,0.0,18473,global,0.0
4,1,lr1e-04_bs16_drop0p4_temp1p0_a0p25_b0p05__wd1e-04trmiss0_degmodglobal,16,0.0001,0.0001,0.4,1.0,0.25,0.05,lr1e-04_bs16_drop0p4_temp1p0_a0p25_b0p05__wd1e-04trmiss0_degmodglobal,31,0.6260585635900497,0.6300780773162842,0.8666666666666667,0.9479717813051147,0.8571428571428571,0.0,0.5125174671411514,0.5823856443166733,0.11156081315129995,0.31565408408641815,0.0,0.0,0.0,0.0,0.0,18473,global,0.0
4,1,lr1e-04_bs16_drop0p4_temp1p0_a0p25_b0p05__wd1e-04trmiss0_degmodglobal,16,0.0001,0.0001,0.4,1.0,0.25,0.05,lr1e-04_bs16_drop0p4_temp1p0_a0p25_b0p05__wd1e-04trmiss0_degmodglobal,32,0.6042463332414627,0.6310777068138123,0.8666666666666667,0.9479717813051147,0.8571428571428571,0.0,0.5504354909062386,0.5680101066827774,0.09053297620266676,0.2720598131418228,0.0,0.0,0.0,0.0,0.0,18473,global,0.0
4,1,lr1e-04_bs16_drop0p4_temp1p0_a0p25_b0p05__wd1e-04trmiss0_degmodglobal,16,0.0001,0.0001,0.4,1.0,0.25,0.05,lr1e-04_bs16_drop0p4_temp1p0_a0p25_b0p05__wd1e-04trmiss0_degmodglobal,33,0.624421089887619,0.6326065063476562,0.888888888888889,0.9534662867996202,0.8571428571428571,0.0,0.4889000728726387,0.5781290233135223,0.11764821037650108,0.337599940598011,0.0,0.0,0.0,0.0,0.0,18473,global,0.0
4,1,lr1e-04_bs16_drop0p4_temp1p0_a0p25_b0p05__wd1e-04trmiss0_degmodglobal,16,0.0001,0.0001,0.4,1.0,0.25,0.05,lr1e-04_bs16_drop0p4_temp1p0_a0p25_b0p05__wd1e-04trmiss0_degmodglobal,34,0.6147504448890686,0.6278856992721558,0.9111111111111111,0.9658119658119659,0.8571428571428571,0.0,0.4841310977935791,0.5603138208389282,0.14162997249513865,0.3805827684700489,0.0,0.0,0.0,0.0,0.0,18473,global,0.0
4,1,lr1e-04_bs16_drop0p4_temp1p0_a0p25_b0p05__wd1e-04trmiss0_degmodglobal,16,0.0001,0.0001,0.4,1.0,0.25,0.05,lr1e-04_bs16_drop0p4_temp1p0_a0p25_b0p05__wd1e-04trmiss0_degmodglobal,35,0.6304929554462433,0.6276684999465942,0.8888888888888888,0.9603174603174605,0.7857142857142857,0.0,0.5034911930561066,0.5674021691083908,0.16524483636021614,0.4355918914079666,0.0,0.0,0.0,0.0,0.0,18473,global,0.0
4,1,lr1e-04_bs16_drop0p4_temp1p0_a0p25_b0p05__wd1e-04trmiss0_degmodglobal,16,0.0001,0.0001,0.4,1.0,0.25,0.05,lr1e-04_bs16_drop0p4_temp1p0_a0p25_b0p05__wd1e-04trmiss0_degmodglobal,36,0.5980912744998932,0.621991753578186,0.9111111111111111,0.9658119658119659,0.7857142857142857,0.0,0.4821286275982857,0.5504865497350693,0.12818195670843124,0.31118495017290115,0.0,0.0,0.0,0.0,0.0,18473,global,0.0
4,1,lr1e-04_bs16_drop0p4_temp1p0_a0p25_b0p05__wd1e-04trmiss0_degmodglobal,16,0.0001,0.0001,0.4,1.0,0.25,0.05,lr1e-04_bs16_drop0p4_temp1p0_a0p25_b0p05__wd1e-04trmiss0_degmodglobal,37,0.6318963766098022,0.6242399215698242,0.8888888888888888,0.9603174603174605,0.7857142857142857,0.0,0.486642450094223,0.5681500285863876,0.17001820728182793,0.42483605816960335,0.0,0.0,0.0,0.0,0.0,18473,global,0.0
4,1,lr1e-04_bs16_drop0p4_temp1p0_a0p25_b0p05__wd1e-04trmiss0_degmodglobal,16,0.0001,0.0001,0.4,1.0,0.25,0.05,lr1e-04_bs16_drop0p4_temp1p0_a0p25_b0p05__wd1e-04trmiss0_degmodglobal,38,0.6424056142568588,0.6226576566696167,0.8888888888888888,0.9603174603174605,0.8571428571428571,0.0,0.48914918303489685,0.5833425521850586,0.14775918051600456,0.44246530532836914,0.0,0.0,0.0,0.0,0.0,18473,global,0.0
4,1,lr1e-04_bs16_drop0p4_temp1p0_a0p25_b0p05__wd1e-04trmiss0_degmodglobal,16,0.0001,0.0001,0.4,1.0,0.25,0.05,lr1e-04_bs16_drop0p4_temp1p0_a0p25_b0p05__wd1e-04trmiss0_degmodglobal,39,0.6277710348367691,0.62647944688797,0.8888888888888888,0.9603174603174605,0.7857142857142857,0.0,0.48555900156497955,0.581142395734787,0.12950605526566505,0.2850425597280264,0.0,0.0,0.0,0.0,0.0,18473,global,0.0
4,1,lr1e-04_bs16_drop0p4_temp1p0_a0p25_b0p05__wd1e-04trmiss0_degmodglobal,16,0.0001,0.0001,0.4,1.0,0.25,0.05,lr1e-04_bs16_drop0p4_temp1p0_a0p25_b0p05__wd1e-04trmiss0_degmodglobal,40,0.6566660106182098,0.6258355379104614,0.8888888888888888,0.9603174603174605,0.7857142857142857,0.0,0.492588073015213,0.5954741537570953,0.15206052735447884,0.463534414768219,0.0,0.0,0.0,0.0,0.0,18473,global,0.0
4,1,lr1e-04_bs16_drop0p4_temp1p0_a0p25_b0p05__wd1e-04trmiss0_degmodglobal,16,0.0001,0.0001,0.4,1.0,0.25,0.05,lr1e-04_bs16_drop0p4_temp1p0_a0p25_b0p05__wd1e-04trmiss0_degmodglobal,41,0.6291648745536804,0.6257117390632629,0.9111111111111111,0.9658119658119659,0.7857142857142857,0.0,0.49526332318782806,0.5824558883905411,0.12264966405928135,0.32093143835663795,0.0,0.0,0.0,0.0,0.0,18473,global,0.0
4,1,lr1e-04_bs16_drop0p4_temp1p0_a0p25_b0p05__wd1e-04trmiss0_degmodglobal,16,0.0001,0.0001,0.4,1.0,0.25,0.05,lr1e-04_bs16_drop0p4_temp1p0_a0p25_b0p05__wd1e-04trmiss0_degmodglobal,42,0.6018480658531189,0.6273955702781677,0.8888888888888888,0.9603174603174605,0.7857142857142857,0.0,0.5189993008971214,0.5545035153627396,0.12101039662957191,0.3418390527367592,0.0,0.0,0.0,0.0,0.0,18473,global,0.0
4,1,lr1e-04_bs16_drop0p4_temp1p0_a0p25_b0p05__wd1e-04trmiss0_degmodglobal,16,0.0001,0.0001,0.4,1.0,0.25,0.05,lr1e-04_bs16_drop0p4_temp1p0_a0p25_b0p05__wd1e-04trmiss0_degmodglobal,43,0.6250118166208267,0.6244382858276367,0.8888888888888888,0.9603174603174605,0.7857142857142857,0.0,0.5479611828923225,0.5755782723426819,0.13254433684051037,0.3259493485093117,0.0,0.0,0.0,0.0,0.0,18473,global,0.0
4,1,lr1e-04_bs16_drop0p4_temp1p0_a0p25_b0p05__wd1e-04trmiss0_degmodglobal,16,0.0001,0.0001,0.4,1.0,0.25,0.05,lr1e-04_bs16_drop0p4_temp1p0_a0p25_b0p05__wd1e-04trmiss0_degmodglobal,44,0.5960899442434311,0.625948429107666,0.8666666666666667,0.9479717813051147,0.7857142857142857,0.0,0.48087411373853683,0.5577702522277832,0.10094098187983036,0.2616889923810959,0.0,0.0,0.0,0.0,0.0,18473,global,0.0
4,1,lr1e-04_bs16_drop0p4_temp1p0_a0p25_b0p05__wd1e-04trmiss0_degmodglobal,16,0.0001,0.0001,0.4,1.0,0.25,0.05,lr1e-04_bs16_drop0p4_temp1p0_a0p25_b0p05__wd1e-04trmiss0_degmodglobal,45,0.5973593294620514,0.6213400959968567,0.9111111111111111,0.9658119658119659,0.7857142857142857,0.0,0.476826936006546,0.5546325817704201,0.12126627378165722,0.24820375069975853,0.0,0.0,0.0,0.0,0.0,18473,global,0.0
4,1,lr1e-04_bs16_drop0p4_temp1p0_a0p25_b0p05__wd1e-04trmiss0_degmodglobal,16,0.0001,0.0001,0.4,1.0,0.25,0.05,lr1e-04_bs16_drop0p4_temp1p0_a0p25_b0p05__wd1e-04trmiss0_degmodglobal,46,0.591602623462677,0.6247976422309875,0.8888888888888888,0.9603174603174605,0.7857142857142857,0.0,0.4840831384062767,0.5443816930055618,0.12927284464240074,0.298054289072752,0.0,0.0,0.0,0.0,0.0,18473,global,0.0
4,1,lr1e-04_bs16_drop0p4_temp1p0_a0p25_b0p05__wd1e-04trmiss0_degmodglobal,16,0.0001,0.0001,0.4,1.0,0.25,0.05,lr1e-04_bs16_drop0p4_temp1p0_a0p25_b0p05__wd1e-04trmiss0_degmodglobal,47,0.578964963555336,0.6216644644737244,0.9111111111111111,0.9658119658119659,0.7857142857142857,0.0,0.4900076314806938,0.5477441251277924,0.08472906332463026,0.2007715441286564,0.0,0.0,0.0,0.0,0.0,18473,global,0.0
4,1,lr1e-04_bs16_drop0p4_temp1p0_a0p25_b0p05__wd1e-04trmiss0_degmodglobal,16,0.0001,0.0001,0.4,1.0,0.25,0.05,lr1e-04_bs16_drop0p4_temp1p0_a0p25_b0p05__wd1e-04trmiss0_degmodglobal,48,0.6101474761962891,0.6240624189376831,0.8888888888888888,0.9603174603174605,0.7857142857142857,0.0,0.4777570962905884,0.5743932574987411,0.0853634299710393,0.28826751187443733,0.0,0.0,0.0,0.0,0.0,18473,global,0.0
4,1,lr1e-04_bs16_drop0p4_temp1p0_a0p25_b0p05__wd1e-04trmiss0_degmodglobal,16,0.0001,0.0001,0.4,1.0,0.25,0.05,lr1e-04_bs16_drop0p4_temp1p0_a0p25_b0p05__wd1e-04trmiss0_degmodglobal,49,0.6080028563737869,0.6231095790863037,0.8888888888888888,0.9603174603174605,0.7857142857142857,0.0,0.4516511783003807,0.559685468673706,0.1250318717211485,0.34118879213929176,0.0,0.0,0.0,0.0,0.0,18473,global,0.0
4,1,lr1e-04_bs16_drop0p4_temp1p0_a0p25_b0p05__wd1e-04trmiss0_degmodglobal,16,0.0001,0.0001,0.4,1.0,0.25,0.05,lr1e-04_bs16_drop0p4_temp1p0_a0p25_b0p05__wd1e-04trmiss0_degmodglobal,50,0.5905200839042664,0.61995929479599,0.9111111111111111,0.9658119658119659,0.8571428571428571,0.0,0.4935618042945862,0.5472112447023392,0.11505799554288387,0.29088684916496277,0.0,0.0,0.0,0.0,0.0,18473,global,0.0
4,1,lr1e-04_bs16_drop0p4_temp1p0_a0p25_b0p05__wd1e-04trmiss0_degmodglobal,16,0.0001,0.0001,0.4,1.0,0.25,0.05,lr1e-04_bs16_drop0p4_temp1p0_a0p25_b0p05__wd1e-04trmiss0_degmodglobal,51,0.6374337077140808,0.6236077547073364,0.888888888888889,0.9534662867996202,0.8571428571428571,0.0,0.474295973777771,0.5900806188583374,0.1258435994386673,0.3178436905145645,0.0,0.0,0.0,0.0,0.0,18473,global,0.0
4,1,lr1e-04_bs16_drop0p4_temp1p0_a0p25_b0p05__wd1e-04trmiss0_degmodglobal,16,0.0001,0.0001,0.4,1.0,0.25,0.05,lr1e-04_bs16_drop0p4_temp1p0_a0p25_b0p05__wd1e-04trmiss0_degmodglobal,52,0.5840766727924347,0.623083233833313,0.888888888888889,0.9534662867996202,0.7857142857142857,0.0,0.46999216824769974,0.5455189794301987,0.10307923145592213,0.25575774908065796,0.0,0.0,0.0,0.0,0.0,18473,global,0.0
4,1,lr1e-04_bs16_drop0p4_temp1p0_a0p25_b0p05__wd1e-04trmiss0_degmodglobal,16,0.0001,0.0001,0.4,1.0,0.25,0.05,lr1e-04_bs16_drop0p4_temp1p0_a0p25_b0p05__wd1e-04trmiss0_degmodglobal,53,0.6056971251964569,0.6259364485740662,0.888888888888889,0.9534662867996202,0.7857142857142857,0.0,0.49442536383867264,0.5695280730724335,0.09868420846760273,0.22996051469817758,0.0,0.0,0.0,0.0,0.0,18473,global,0.0
4,1,lr1e-04_bs16_drop0p4_temp1p0_a0p25_b0p05__wd1e-04trmiss0_degmodglobal,16,0.0001,0.0001,0.4,1.0,0.25,0.05,lr1e-04_bs16_drop0p4_temp1p0_a0p25_b0p05__wd1e-04trmiss0_degmodglobal,54,0.5587926208972931,0.6238344311714172,0.888888888888889,0.9534662867996202,0.8571428571428571,0.0,0.4546666294336319,0.5090015158057213,0.13603498600423336,0.3156471475958824,0.0,0.0,0.0,0.0,0.0,18473,global,0.0
4,1,lr1e-04_bs16_drop0p4_temp1p0_a0p25_b0p05__wd1e-04trmiss0_degmodglobal,16,0.0001,0.0001,0.4,1.0,0.25,0.05,lr1e-04_bs16_drop0p4_temp1p0_a0p25_b0p05__wd1e-04trmiss0_degmodglobal,55,0.6398650407791138,0.6240562796592712,0.888888888888889,0.9534662867996202,0.8571428571428571,0.0,0.45639684796333313,0.5825134962797165,0.13790112920105457,0.45752547681331635,0.0,0.0,0.0,0.0,0.0,18473,global,0.0
4,1,lr1e-04_bs16_drop0p4_temp1p0_a0p25_b0p05__wd1e-04trmiss0_degmodglobal,16,0.0001,0.0001,0.4,1.0,0.25,0.05,lr1e-04_bs16_drop0p4_temp1p0_a0p25_b0p05__wd1e-04trmiss0_degmodglobal,56,0.5998902916908264,0.6214988231658936,0.888888888888889,0.9534662867996202,0.8571428571428571,0.0,0.47648195177316666,0.5582881569862366,0.11054141260683537,0.27933594211935997,0.0,0.0,0.0,0.0,0.0,18473,global,0.0
4,1,lr1e-04_bs16_drop0p4_temp1p0_a0p25_b0p05__wd1e-04trmiss0_degmodglobal,16,0.0001,0.0001,0.4,1.0,0.25,0.05,lr1e-04_bs16_drop0p4_temp1p0_a0p25_b0p05__wd1e-04trmiss0_degmodglobal,57,0.6132992058992386,0.6238021850585938,0.888888888888889,0.9534662867996202,0.8571428571428571,0.0,0.49928048998117447,0.5719072669744492,0.10626361053436995,0.2965211011469364,0.0,0.0,0.0,0.0,0.0,18473,global,0.0
4,1,lr1e-04_bs16_drop0p4_temp1p0_a0p25_b0p05__wd1e-04trmiss0_degmodglobal,16,0.0001,0.0001,0.4,1.0,0.25,0.05,lr1e-04_bs16_drop0p4_temp1p0_a0p25_b0p05__wd1e-04trmiss0_degmodglobal,58,0.6390485018491745,0.6198461055755615,0.888888888888889,0.9534662867996202,0.8571428571428571,0.0,0.4513247013092041,0.5705927163362503,0.17915355786681175,0.4733477830886841,0.0,0.0,0.0,0.0,0.0,18473,global,0.0
4,1,lr1e-04_bs16_drop0p4_temp1p0_a0p25_b0p05__wd1e-04trmiss0_degmodglobal,16,0.0001,0.0001,0.4,1.0,0.25,0.05,lr1e-04_bs16_drop0p4_temp1p0_a0p25_b0p05__wd1e-04trmiss0_degmodglobal,59,0.6089294701814651,0.6181063055992126,0.888888888888889,0.9534662867996202,0.8571428571428571,0.0,0.46393878012895584,0.552227258682251,0.1507178731262684,0.3804546669125557,0.0,0.0,0.0,0.0,0.0,18473,global,0.0
4,1,lr1e-04_bs16_drop0p4_temp1p0_a0p25_b0p05__wd1e-04trmiss0_degmodglobal,16,0.0001,0.0001,0.4,1.0,0.25,0.05,lr1e-04_bs16_drop0p4_temp1p0_a0p25_b0p05__wd1e-04trmiss0_degmodglobal,60,0.6517078429460526,0.619841992855072,0.888888888888889,0.9534662867996202,0.8571428571428571,0.0,0.47653068602085114,0.5991555601358414,0.13992528431117535,0.3514193557202816,0.0,0.0,0.0,0.0,0.0,18473,global,0.0
4,1,lr1e-04_bs16_drop0p4_temp1p0_a0p25_b0p05__wd1e-04trmiss0_degmodglobal,16,0.0001,0.0001,0.4,1.0,0.25,0.05,lr1e-04_bs16_drop0p4_temp1p0_a0p25_b0p05__wd1e-04trmiss0_degmodglobal,61,0.6243996173143387,0.6180341839790344,0.888888888888889,0.9534662867996202,0.8571428571428571,0.0,0.4759228825569153,0.5660500526428223,0.13751467689871788,0.47941822186112404,0.0,0.0,0.0,0.0,0.0,18473,global,0.0
4,1,lr1e-04_bs16_drop0p4_temp1p0_a0p25_b0p05__wd1e-04trmiss0_degmodglobal,16,0.0001,0.0001,0.4,1.0,0.25,0.05,lr1e-04_bs16_drop0p4_temp1p0_a0p25_b0p05__wd1e-04trmiss0_degmodglobal,62,0.6005260199308395,0.618789792060852,0.888888888888889,0.9534662867996202,0.8571428571428571,0.0,0.44688113033771515,0.553161159157753,0.12722574546933174,0.3111683838069439,0.0,0.0,0.0,0.0,0.0,18473,global,0.0
4,1,lr1e-04_bs16_drop0p4_temp1p0_a0p25_b0p05__wd1e-04trmiss0_degmodglobal,16,0.0001,0.0001,0.4,1.0,0.25,0.05,lr1e-04_bs16_drop0p4_temp1p0_a0p25_b0p05__wd1e-04trmiss0_degmodglobal,63,0.6258433163166046,0.6184237003326416,0.888888888888889,0.9534662867996202,0.8571428571428571,0.0,0.5035405680537224,0.5782465636730194,0.1209319718182087,0.347275473177433,0.0,0.0,0.0,0.0,0.0,18473,global,0.0
4,1,lr1e-04_bs16_drop0p4_temp1p0_a0p25_b0p05__wd1e-04trmiss0_degmodglobal,16,0.0001,0.0001,0.4,1.0,0.25,0.05,lr1e-04_bs16_drop0p4_temp1p0_a0p25_b0p05__wd1e-04trmiss0_degmodglobal,64,0.6026473492383957,0.6188211441040039,0.9111111111111111,0.9598765432098768,0.8571428571428571,0.0,0.4454539120197296,0.553558275103569,0.11970752198249102,0.3832438737154007,0.0,0.0,0.0,0.0,0.0,18473,global,0.0
4,1,lr1e-04_bs16_drop0p4_temp1p0_a0p25_b0p05__wd1e-04trmiss0_degmodglobal,16,0.0001,0.0001,0.4,1.0,0.25,0.05,lr1e-04_bs16_drop0p4_temp1p0_a0p25_b0p05__wd1e-04trmiss0_degmodglobal,65,0.5766460597515106,0.616509735584259,0.9333333333333333,0.9674523007856344,0.8571428571428571,0.0,0.45197416841983795,0.5337943285703659,0.11218241974711418,0.2961227297782898,0.0,0.0,0.0,0.0,0.0,18473,global,0.0
4,1,lr1e-04_bs16_drop0p4_temp1p0_a0p25_b0p05__wd1e-04trmiss0_degmodglobal,16,0.0001,0.0001,0.4,1.0,0.25,0.05,lr1e-04_bs16_drop0p4_temp1p0_a0p25_b0p05__wd1e-04trmiss0_degmodglobal,66,0.6275840252637863,0.6195414662361145,0.888888888888889,0.9534662867996202,0.8571428571428571,0.0,0.4464903771877289,0.5731647908687592,0.14164971560239792,0.3801359310746193,0.0,0.0,0.0,0.0,0.0,18473,global,0.0
4,1,lr1e-04_bs16_drop0p4_temp1p0_a0p25_b0p05__wd1e-04trmiss0_degmodglobal,16,0.0001,0.0001,0.4,1.0,0.25,0.05,lr1e-04_bs16_drop0p4_temp1p0_a0p25_b0p05__wd1e-04trmiss0_degmodglobal,67,0.5911886692047119,0.6170233488082886,0.9333333333333333,0.9674523007856344,0.8571428571428571,0.0,0.446663498878479,0.5379395335912704,0.14623796567320824,0.333792969584465,0.0,0.0,0.0,0.0,0.0,18473,global,0.0
4,1,lr1e-04_bs16_drop0p4_temp1p0_a0p25_b0p05__wd1e-04trmiss0_degmodglobal,16,0.0001,0.0001,0.4,1.0,0.25,0.05,lr1e-04_bs16_drop0p4_temp1p0_a0p25_b0p05__wd1e-04trmiss0_degmodglobal,68,0.5951220393180847,0.614258885383606,0.9333333333333333,0.9674523007856344,0.8571428571428571,0.0,0.4585452526807785,0.5514432787895203,0.11274842545390129,0.3098333403468132,0.0,0.0,0.0,0.0,0.0,18473,global,0.0
4,1,lr1e-04_bs16_drop0p4_temp1p0_a0p25_b0p05__wd1e-04trmiss0_degmodglobal,16,0.0001,0.0001,0.4,1.0,0.25,0.05,lr1e-04_bs16_drop0p4_temp1p0_a0p25_b0p05__wd1e-04trmiss0_degmodglobal,69,0.6146647334098816,0.6122772693634033,0.9333333333333333,0.9674523007856344,0.8571428571428571,0.0,0.4411771446466446,0.5535566359758377,0.15898475423455238,0.42723871394991875,0.0,0.0,0.0,0.0,0.0,18473,global,0.0
4,1,lr1e-04_bs16_drop0p4_temp1p0_a0p25_b0p05__wd1e-04trmiss0_degmodglobal,16,0.0001,0.0001,0.4,1.0,0.25,0.05,lr1e-04_bs16_drop0p4_temp1p0_a0p25_b0p05__wd1e-04trmiss0_degmodglobal,70,0.5772073566913605,0.6145192980766296,0.9111111111111111,0.9598765432098768,0.8571428571428571,0.0,0.44770921021699905,0.5358874052762985,0.10372182726860046,0.3077900782227516,0.0,0.0,0.0,0.0,0.0,18473,global,0.0
4,1,lr1e-04_bs16_drop0p4_temp1p0_a0p25_b0p05__wd1e-04trmiss0_degmodglobal,16,0.0001,0.0001,0.4,1.0,0.25,0.05,lr1e-04_bs16_drop0p4_temp1p0_a0p25_b0p05__wd1e-04trmiss0_degmodglobal,71,0.6349352598190308,0.6108208894729614,0.9333333333333333,0.9674523007856344,0.8571428571428571,0.0,0.4543791711330414,0.5777216553688049,0.14771640487015247,0.4056904464960098,0.0,0.0,0.0,0.0,0.0,18473,global,0.0
4,1,lr1e-04_bs16_drop0p4_temp1p0_a0p25_b0p05__wd1e-04trmiss0_degmodglobal,16,0.0001,0.0001,0.4,1.0,0.25,0.05,lr1e-04_bs16_drop0p4_temp1p0_a0p25_b0p05__wd1e-04trmiss0_degmodglobal,72,0.613833412528038,0.6151449084281921,0.9111111111111111,0.9598765432098768,0.8571428571428571,0.0,0.44939353317022324,0.5603259950876236,0.14012527279555798,0.36952199786901474,0.0,0.0,0.0,0.0,0.0,18473,global,0.0
4,1,lr1e-04_bs16_drop0p4_temp1p0_a0p25_b0p05__wd1e-04trmiss0_degmodglobal,16,0.0001,0.0001,0.4,1.0,0.25,0.05,lr1e-04_bs16_drop0p4_temp1p0_a0p25_b0p05__wd1e-04trmiss0_degmodglobal,73,0.6537402421236038,0.6111342906951904,0.9111111111111111,0.9598765432098768,0.8571428571428571,0.0,0.4333309605717659,0.5788742452859879,0.18552084267139435,0.5697158202528954,0.0,0.0,0.0,0.0,0.0,18473,global,0.0
4,1,lr1e-04_bs16_drop0p4_temp1p0_a0p25_b0p05__wd1e-04trmiss0_degmodglobal,16,0.0001,0.0001,0.4,1.0,0.25,0.05,lr1e-04_bs16_drop0p4_temp1p0_a0p25_b0p05__wd1e-04trmiss0_degmodglobal,74,0.6364880502223969,0.6081569194793701,0.9111111111111111,0.9598765432098768,0.7857142857142857,0.0,0.4469703882932663,0.572734072804451,0.16505972109735012,0.44978154450654984,0.0,0.0,0.0,0.0,0.0,18473,global,0.0
4,1,lr1e-04_bs16_drop0p4_temp1p0_a0p25_b0p05__wd1e-04trmiss0_degmodglobal,16,0.0001,0.0001,0.4,1.0,0.25,0.05,lr1e-04_bs16_drop0p4_temp1p0_a0p25_b0p05__wd1e-04trmiss0_degmodglobal,75,0.5874737948179245,0.6077911257743835,0.9333333333333333,0.9674523007856344,0.8571428571428571,0.0,0.4297410696744919,0.5368549078702927,0.13504707254469395,0.33714278787374496,0.0,0.0,0.0,0.0,0.0,18473,global,0.0
4,1,lr1e-04_bs16_drop0p4_temp1p0_a0p25_b0p05__wd1e-04trmiss0_degmodglobal,16,0.0001,0.0001,0.4,1.0,0.25,0.05,lr1e-04_bs16_drop0p4_temp1p0_a0p25_b0p05__wd1e-04trmiss0_degmodglobal,76,0.6089446097612381,0.6120945811271667,0.9111111111111111,0.9598765432098768,0.8571428571428571,0.0,0.49575790017843246,0.5532366931438446,0.14896808750927448,0.36931755766272545,0.0,0.0,0.0,0.0,0.0,18473,global,0.0
4,1,lr1e-04_bs16_drop0p4_temp1p0_a0p25_b0p05__wd1e-04trmiss0_degmodglobal,16,0.0001,0.0001,0.4,1.0,0.25,0.05,lr1e-04_bs16_drop0p4_temp1p0_a0p25_b0p05__wd1e-04trmiss0_degmodglobal,77,0.6018366664648056,0.6123485565185547,0.9111111111111111,0.9598765432098768,0.8571428571428571,0.0,0.4700353443622589,0.5569637715816498,0.11780006438493729,0.30845779925584793,0.0,0.0,0.0,0.0,0.0,18473,global,0.0
4,1,lr1e-04_bs16_drop0p4_temp1p0_a0p25_b0p05__wd1e-04trmiss0_degmodglobal,16,0.0001,0.0001,0.4,1.0,0.25,0.05,lr1e-04_bs16_drop0p4_temp1p0_a0p25_b0p05__wd1e-04trmiss0_degmodglobal,78,0.6640698611736298,0.6124928593635559,0.9111111111111111,0.9598765432098768,0.8571428571428571,0.0,0.4212532639503479,0.5910305380821228,0.188277006149292,0.5194013491272926,0.0,0.0,0.0,0.0,0.0,18473,global,0.0
4,1,lr1e-04_bs16_drop0p4_temp1p0_a0p25_b0p05__wd1e-04trmiss0_degmodglobal,16,0.0001,0.0001,0.4,1.0,0.25,0.05,lr1e-04_bs16_drop0p4_temp1p0_a0p25_b0p05__wd1e-04trmiss0_degmodglobal,79,0.6084505766630173,0.6133517026901245,0.9111111111111111,0.9598765432098768,0.8571428571428571,0.0,0.4523419812321663,0.5500936806201935,0.1497193705290556,0.41854051500558853,0.0,0.0,0.0,0.0,0.0,18473,global,0.0
4,1,lr1e-04_bs16_drop0p4_temp1p0_a0p25_b0p05__wd1e-04trmiss0_degmodglobal,16,0.0001,0.0001,0.4,1.0,0.25,0.05,lr1e-04_bs16_drop0p4_temp1p0_a0p25_b0p05__wd1e-04trmiss0_degmodglobal,80,0.6683472692966461,0.6147314310073853,0.9111111111111111,0.9598765432098768,0.8571428571428571,0.0,0.45899222791194916,0.5952288210391998,0.17958693020045757,0.5644343942403793,0.0,0.0,0.0,0.0,0.0,18473,global,0.0
4,1,lr1e-04_bs16_drop0p4_temp2p0_a0p25_b0p05__wd1e-04trmiss0_degmodglobal,16,0.0001,0.0001,0.4,2.0,0.25,0.05,lr1e-04_bs16_drop0p4_temp2p0_a0p25_b0p05__wd1e-04trmiss0_degmodglobal,1,0.7605979740619659,0.685160756111145,0.7333333333333334,0.8126543209876544,0.5714285714285714,0.0,0.6702589690685272,0.7070306241512299,0.10380309633910656,0.5523313730955124,0.0,0.0,0.0,0.0,0.0,18473,global,0.0
4,1,lr1e-04_bs16_drop0p4_temp2p0_a0p25_b0p05__wd1e-04trmiss0_degmodglobal,16,0.0001,0.0001,0.4,2.0,0.25,0.05,lr1e-04_bs16_drop0p4_temp2p0_a0p25_b0p05__wd1e-04trmiss0_degmodglobal,2,0.765727236866951,0.6928807497024536,0.5555555555555556,0.7716228216228218,0.5,0.0,0.655436784029007,0.720947727560997,0.08987056091427803,0.44623713940382004,0.0,0.0,0.0,0.0,0.0,18473,global,0.0
4,1,lr1e-04_bs16_drop0p4_temp2p0_a0p25_b0p05__wd1e-04trmiss0_degmodglobal,16,0.0001,0.0001,0.4,2.0,0.25,0.05,lr1e-04_bs16_drop0p4_temp2p0_a0p25_b0p05__wd1e-04trmiss0_degmodglobal,3,0.739978700876236,0.7061965465545654,0.5333333333333333,0.765730565730566,0.42857142857142855,0.0,0.6481951028108597,0.7071742117404938,0.06783944927155972,0.3168925344944,0.0,0.0,0.0,0.0,0.0,18473,global,0.0
4,1,lr1e-04_bs16_drop0p4_temp2p0_a0p25_b0p05__wd1e-04trmiss0_degmodglobal,16,0.0001,0.0001,0.4,2.0,0.25,0.05,lr1e-04_bs16_drop0p4_temp2p0_a0p25_b0p05__wd1e-04trmiss0_degmodglobal,4,0.7230092436075211,0.7168188691139221,0.5111111111111111,0.7583231583231584,0.42857142857142855,0.0,0.6068923622369766,0.6784286350011826,0.08537453971803188,0.46473976969718933,0.0,0.0,0.0,0.0,0.0,18473,global,0.0
4,1,lr1e-04_bs16_drop0p4_temp2p0_a0p25_b0p05__wd1e-04trmiss0_degmodglobal,16,0.0001,0.0001,0.4,2.0,0.25,0.05,lr1e-04_bs16_drop0p4_temp2p0_a0p25_b0p05__wd1e-04trmiss0_degmodglobal,5,0.714104488492012,0.7174397110939026,0.4888888888888889,0.762952787952788,0.5,0.0,0.5973679274320602,0.6790738701820374,0.07263558357954025,0.3374343737959862,0.0,0.0,0.0,0.0,0.0,18473,global,0.0
4,1,lr1e-04_bs16_drop0p4_temp2p0_a0p25_b0p05__wd1e-04trmiss0_degmodglobal,16,0.0001,0.0001,0.4,2.0,0.25,0.05,lr1e-04_bs16_drop0p4_temp2p0_a0p25_b0p05__wd1e-04trmiss0_degmodglobal,6,0.7064617574214935,0.7202169895172119,0.4666666666666667,0.755236738570072,0.5,0.0,0.615728035569191,0.6568872481584549,0.09915699064731598,0.49570515006780624,0.0,0.0,0.0,0.0,0.0,18473,global,0.0
4,1,lr1e-04_bs16_drop0p4_temp2p0_a0p25_b0p05__wd1e-04trmiss0_degmodglobal,16,0.0001,0.0001,0.4,2.0,0.25,0.05,lr1e-04_bs16_drop0p4_temp2p0_a0p25_b0p05__wd1e-04trmiss0_degmodglobal,7,0.7075342983007431,0.7254497408866882,0.4666666666666667,0.755236738570072,0.42857142857142855,0.0,0.6132253259420395,0.6598915755748749,0.09351461939513683,0.48528144508600235,0.0,0.0,0.0,0.0,0.0,18473,global,0.0
4,1,lr1e-04_bs16_drop0p4_temp2p0_a0p25_b0p05__wd1e-04trmiss0_degmodglobal,16,0.0001,0.0001,0.4,2.0,0.25,0.05,lr1e-04_bs16_drop0p4_temp2p0_a0p25_b0p05__wd1e-04trmiss0_degmodglobal,8,0.6838535219430923,0.7203091382980347,0.4888888888888889,0.762952787952788,0.5,0.0,0.5902913510799408,0.6439139246940613,0.08274421375244856,0.3850710280239582,0.0,0.0,0.0,0.0,0.0,18473,global,0.0
4,1,lr1e-04_bs16_drop0p4_temp2p0_a0p25_b0p05__wd1e-04trmiss0_degmodglobal,16,0.0001,0.0001,0.4,2.0,0.25,0.05,lr1e-04_bs16_drop0p4_temp2p0_a0p25_b0p05__wd1e-04trmiss0_degmodglobal,9,0.6659194231033325,0.7165606021881104,0.4888888888888889,0.766812816812817,0.5714285714285714,0.0,0.582454264163971,0.6306997239589691,0.07226980943232775,0.3430451527237892,0.0,0.0,0.0,0.0,0.0,18473,global,0.0
4,1,lr1e-04_bs16_drop0p4_temp2p0_a0p25_b0p05__wd1e-04trmiss0_degmodglobal,16,0.0001,0.0001,0.4,2.0,0.25,0.05,lr1e-04_bs16_drop0p4_temp2p0_a0p25_b0p05__wd1e-04trmiss0_degmodglobal,10,0.6822401285171509,0.7162864208221436,0.5111111111111111,0.7890350390350391,0.5714285714285714,0.0,0.5689602941274643,0.6364477723836899,0.09002126753330231,0.4657408818602562,0.0,0.0,0.0,0.0,0.0,18473,global,0.0
4,1,lr1e-04_bs16_drop0p4_temp2p0_a0p25_b0p05__wd1e-04trmiss0_degmodglobal,16,0.0001,0.0001,0.4,2.0,0.25,0.05,lr1e-04_bs16_drop0p4_temp2p0_a0p25_b0p05__wd1e-04trmiss0_degmodglobal,11,0.6545813679695129,0.7165828943252563,0.5111111111111111,0.7890350390350391,0.5714285714285714,0.0,0.5755919218063354,0.6155959367752075,0.0836762897670269,0.3613268584012985,0.0,0.0,0.0,0.0,0.0,18473,global,0.0
4,1,lr1e-04_bs16_drop0p4_temp2p0_a0p25_b0p05__wd1e-04trmiss0_degmodglobal,16,0.0001,0.0001,0.4,2.0,0.25,0.05,lr1e-04_bs16_drop0p4_temp2p0_a0p25_b0p05__wd1e-04trmiss0_degmodglobal,12,0.7040037214756012,0.7245641946792603,0.5111111111111111,0.7890350390350391,0.5,0.0,0.584043949842453,0.6637913137674332,0.08443604782223701,0.38206789642572403,0.0,0.0,0.0,0.0,0.0,18473,global,0.0
4,1,lr1e-04_bs16_drop0p4_temp2p0_a0p25_b0p05__wd1e-04trmiss0_degmodglobal,16,0.0001,0.0001,0.4,2.0,0.25,0.05,lr1e-04_bs16_drop0p4_temp2p0_a0p25_b0p05__wd1e-04trmiss0_degmodglobal,13,0.676600381731987,0.7295414209365845,0.5111111111111111,0.7890350390350391,0.5,0.0,0.5778058916330338,0.6390658169984818,0.07786606531590223,0.361361101269722,0.0,0.0,0.0,0.0,0.0,18473,global,0.0
4,1,lr1e-04_bs16_drop0p4_temp2p0_a0p25_b0p05__wd1e-04trmiss0_degmodglobal,16,0.0001,0.0001,0.4,2.0,0.25,0.05,lr1e-04_bs16_drop0p4_temp2p0_a0p25_b0p05__wd1e-04trmiss0_degmodglobal,14,0.6417555063962936,0.7322357892990112,0.4666666666666667,0.7713983547316883,0.5,0.0,0.5751855671405792,0.5964049398899078,0.08776334300637245,0.4681946486234665,0.0,0.0,0.0,0.0,0.0,18473,global,0.0
4,1,lr1e-04_bs16_drop0p4_temp2p0_a0p25_b0p05__wd1e-04trmiss0_degmodglobal,16,0.0001,0.0001,0.4,2.0,0.25,0.05,lr1e-04_bs16_drop0p4_temp2p0_a0p25_b0p05__wd1e-04trmiss0_degmodglobal,15,0.6786270290613174,0.7280911207199097,0.5111111111111111,0.7890350390350391,0.5,0.0,0.5432868674397469,0.63677679002285,0.08844127133488655,0.3947983533143997,0.0,0.0,0.0,0.0,0.0,18473,global,0.0
4,1,lr1e-04_bs16_drop0p4_temp2p0_a0p25_b0p05__wd1e-04trmiss0_degmodglobal,16,0.0001,0.0001,0.4,2.0,0.25,0.05,lr1e-04_bs16_drop0p4_temp2p0_a0p25_b0p05__wd1e-04trmiss0_degmodglobal,16,0.6603620946407318,0.7179949879646301,0.5111111111111111,0.7890350390350391,0.5,0.0,0.5815281122922897,0.6124976426362991,0.09812394715845585,0.4666694179177284,0.0,0.0,0.0,0.0,0.0,18473,global,0.0
4,1,lr1e-04_bs16_drop0p4_temp2p0_a0p25_b0p05__wd1e-04trmiss0_degmodglobal,16,0.0001,0.0001,0.4,2.0,0.25,0.05,lr1e-04_bs16_drop0p4_temp2p0_a0p25_b0p05__wd1e-04trmiss0_degmodglobal,17,0.6989533752202988,0.7162725329399109,0.5111111111111111,0.7890350390350391,0.5,0.0,0.5735852122306824,0.6499175131320953,0.10315984860062599,0.4649181365966797,0.0,0.0,0.0,0.0,0.0,18473,global,0.0
4,1,lr1e-04_bs16_drop0p4_temp2p0_a0p25_b0p05__wd1e-04trmiss0_degmodglobal,16,0.0001,0.0001,0.4,2.0,0.25,0.05,lr1e-04_bs16_drop0p4_temp2p0_a0p25_b0p05__wd1e-04trmiss0_degmodglobal,18,0.677293136715889,0.7181532979011536,0.5111111111111111,0.7890350390350391,0.5,0.0,0.5374755635857582,0.628741905093193,0.09091166965663433,0.5164659321308136,0.0,0.0,0.0,0.0,0.0,18473,global,0.0
4,1,lr1e-04_bs16_drop0p4_temp2p0_a0p25_b0p05__wd1e-04trmiss0_degmodglobal,16,0.0001,0.0001,0.4,2.0,0.25,0.05,lr1e-04_bs16_drop0p4_temp2p0_a0p25_b0p05__wd1e-04trmiss0_degmodglobal,19,0.6087327152490616,0.7131405472755432,0.5111111111111111,0.7890350390350391,0.5,0.0,0.5776919722557068,0.5649458542466164,0.08413955569267273,0.45503926277160645,0.0,0.0,0.0,0.0,0.0,18473,global,0.0
4,1,lr1e-04_bs16_drop0p4_temp2p0_a0p25_b0p05__wd1e-04trmiss0_degmodglobal,16,0.0001,0.0001,0.4,2.0,0.25,0.05,lr1e-04_bs16_drop0p4_temp2p0_a0p25_b0p05__wd1e-04trmiss0_degmodglobal,20,0.6323433071374893,0.7107952833175659,0.5111111111111111,0.7890350390350391,0.5714285714285714,0.0,0.5807951390743256,0.586675301194191,0.08880242332816124,0.46934809535741806,0.0,0.0,0.0,0.0,0.0,18473,global,0.0
4,1,lr1e-04_bs16_drop0p4_temp2p0_a0p25_b0p05__wd1e-04trmiss0_degmodglobal,16,0.0001,0.0001,0.4,2.0,0.25,0.05,lr1e-04_bs16_drop0p4_temp2p0_a0p25_b0p05__wd1e-04trmiss0_degmodglobal,21,0.6229581087827682,0.7115594744682312,0.5111111111111111,0.7890350390350391,0.5714285714285714,0.0,0.5499478429555893,0.5914179384708405,0.06462904065847397,0.3076579086482525,0.0,0.0,0.0,0.0,0.0,18473,global,0.0
4,1,lr1e-04_bs16_drop0p4_temp2p0_a0p25_b0p05__wd1e-04trmiss0_degmodglobal,16,0.0001,0.0001,0.4,2.0,0.25,0.05,lr1e-04_bs16_drop0p4_temp2p0_a0p25_b0p05__wd1e-04trmiss0_degmodglobal,22,0.6125552505254745,0.7059735059738159,0.5111111111111111,0.7890350390350391,0.5714285714285714,0.0,0.5844034999608994,0.5686270371079445,0.09219399467110634,0.4175948351621628,0.0,0.0,0.0,0.0,0.0,18473,global,0.0
4,1,lr1e-04_bs16_drop0p4_temp2p0_a0p25_b0p05__wd1e-04trmiss0_degmodglobal,16,0.0001,0.0001,0.4,2.0,0.25,0.05,lr1e-04_bs16_drop0p4_temp2p0_a0p25_b0p05__wd1e-04trmiss0_degmodglobal,23,0.6461339443922043,0.7050502300262451,0.5333333333333333,0.8022625522625524,0.5714285714285714,0.0,0.5686501711606979,0.5912696123123169,0.11326098628342152,0.5309817939996719,0.0,0.0,0.0,0.0,0.0,18473,global,0.0
4,1,lr1e-04_bs16_drop0p4_temp2p0_a0p25_b0p05__wd1e-04trmiss0_degmodglobal,16,0.0001,0.0001,0.4,2.0,0.25,0.05,lr1e-04_bs16_drop0p4_temp2p0_a0p25_b0p05__wd1e-04trmiss0_degmodglobal,24,0.6762560606002808,0.7102497816085815,0.5333333333333333,0.8022625522625524,0.5,0.0,0.5609757751226425,0.6330333426594734,0.08388908579945564,0.4450092315673828,0.0,0.0,0.0,0.0,0.0,18473,global,0.0
4,1,lr1e-04_bs16_drop0p4_temp2p0_a0p25_b0p05__wd1e-04trmiss0_degmodglobal,16,0.0001,0.0001,0.4,2.0,0.25,0.05,lr1e-04_bs16_drop0p4_temp2p0_a0p25_b0p05__wd1e-04trmiss0_degmodglobal,25,0.6374255418777466,0.7092605233192444,0.5111111111111111,0.7890350390350391,0.5,0.0,0.5637549608945847,0.5941432118415833,0.08950782380998135,0.4181072823703289,0.0,0.0,0.0,0.0,0.0,18473,global,0.0
4,1,lr1e-04_bs16_drop0p4_temp2p0_a0p25_b0p05__wd1e-04trmiss0_degmodglobal,16,0.0001,0.0001,0.4,2.0,0.25,0.05,lr1e-04_bs16_drop0p4_temp2p0_a0p25_b0p05__wd1e-04trmiss0_degmodglobal,26,0.6092683374881744,0.7063637375831604,0.5555555555555556,0.8083231583231585,0.5,0.0,0.5656884908676147,0.5742314755916595,0.06626389268785715,0.3694178834557533,0.0,0.0,0.0,0.0,0.0,18473,global,0.0
4,1,lr1e-04_bs16_drop0p4_temp2p0_a0p25_b0p05__wd1e-04trmiss0_degmodglobal,16,0.0001,0.0001,0.4,2.0,0.25,0.05,lr1e-04_bs16_drop0p4_temp2p0_a0p25_b0p05__wd1e-04trmiss0_degmodglobal,27,0.6237188577651978,0.7055310010910034,0.6222222222222222,0.8435083435083437,0.5,0.0,0.5497554242610931,0.5673676431179047,0.12481547705829144,0.5029467567801476,0.0,0.0,0.0,0.0,0.0,18473,global,0.0
4,1,lr1e-04_bs16_drop0p4_temp2p0_a0p25_b0p05__wd1e-04trmiss0_degmodglobal,16,0.0001,0.0001,0.4,2.0,0.25,0.05,lr1e-04_bs16_drop0p4_temp2p0_a0p25_b0p05__wd1e-04trmiss0_degmodglobal,28,0.6590471267700195,0.7022115588188171,0.6222222222222222,0.8435083435083437,0.5714285714285714,0.0,0.5378297716379166,0.6018690317869186,0.11723173223435879,0.557403214275837,0.0,0.0,0.0,0.0,0.0,18473,global,0.0
4,1,lr1e-04_bs16_drop0p4_temp2p0_a0p25_b0p05__wd1e-04trmiss0_degmodglobal,16,0.0001,0.0001,0.4,2.0,0.25,0.05,lr1e-04_bs16_drop0p4_temp2p0_a0p25_b0p05__wd1e-04trmiss0_degmodglobal,29,0.5981708317995071,0.7041051387786865,0.6222222222222222,0.8435083435083437,0.5,0.0,0.569171130657196,0.5579742044210434,0.08826950751245022,0.3625852018594742,0.0,0.0,0.0,0.0,0.0,18473,global,0.0
4,1,lr1e-04_bs16_drop0p4_temp2p0_a0p25_b0p05__wd1e-04trmiss0_degmodglobal,16,0.0001,0.0001,0.4,2.0,0.25,0.05,lr1e-04_bs16_drop0p4_temp2p0_a0p25_b0p05__wd1e-04trmiss0_degmodglobal,30,0.6307457834482193,0.7027388215065002,0.6222222222222222,0.8435083435083437,0.5,0.0,0.5396322011947632,0.5926846712827682,0.08045255020260811,0.358959648758173,0.0,0.0,0.0,0.0,0.0,18473,global,0.0
4,1,lr1e-04_bs16_drop0p4_temp2p0_a0p25_b0p05__wd1e-04trmiss0_degmodglobal,16,0.0001,0.0001,0.4,2.0,0.25,0.05,lr1e-04_bs16_drop0p4_temp2p0_a0p25_b0p05__wd1e-04trmiss0_degmodglobal,31,0.6425162702798843,0.7055628299713135,0.6222222222222222,0.8435083435083437,0.5,0.0,0.554583728313446,0.5916898250579834,0.10007447563111782,0.5161570012569427,0.0,0.0,0.0,0.0,0.0,18473,global,0.0
4,1,lr1e-04_bs16_drop0p4_temp2p0_a0p25_b0p05__wd1e-04trmiss0_degmodglobal,16,0.0001,0.0001,0.4,2.0,0.25,0.05,lr1e-04_bs16_drop0p4_temp2p0_a0p25_b0p05__wd1e-04trmiss0_degmodglobal,32,0.6045379191637039,0.7030479311943054,0.6444444444444445,0.8554131054131056,0.5,0.0,0.5372906923294067,0.5693402141332626,0.07110776472836733,0.34841524064540863,0.0,0.0,0.0,0.0,0.0,18473,global,0.0
4,1,lr1e-04_bs16_drop0p4_temp2p0_a0p25_b0p05__wd1e-04trmiss0_degmodglobal,16,0.0001,0.0001,0.4,2.0,0.25,0.05,lr1e-04_bs16_drop0p4_temp2p0_a0p25_b0p05__wd1e-04trmiss0_degmodglobal,33,0.6591303795576096,0.7035924792289734,0.6444444444444445,0.8554131054131056,0.5714285714285714,0.0,0.5464901924133301,0.6200439035892487,0.07740235514938831,0.3947177082300186,0.0,0.0,0.0,0.0,0.0,18473,global,0.0
4,1,lr1e-04_bs16_drop0p4_temp2p0_a0p25_b0p05__wd1e-04trmiss0_degmodglobal,16,0.0001,0.0001,0.4,2.0,0.25,0.05,lr1e-04_bs16_drop0p4_temp2p0_a0p25_b0p05__wd1e-04trmiss0_degmodglobal,34,0.6483445465564728,0.7028529047966003,0.6222222222222222,0.8435083435083437,0.5714285714285714,0.0,0.5417238101363182,0.5994508117437363,0.09657467529177666,0.4950009286403656,0.0,0.0,0.0,0.0,0.0,18473,global,0.0
4,1,lr1e-04_bs16_drop0p4_temp2p0_a0p25_b0p05__wd1e-04trmiss0_degmodglobal,16,0.0001,0.0001,0.4,2.0,0.25,0.05,lr1e-04_bs16_drop0p4_temp2p0_a0p25_b0p05__wd1e-04trmiss0_degmodglobal,35,0.6277315616607666,0.6967455148696899,0.6222222222222222,0.8435083435083437,0.5714285714285714,0.0,0.5915215015411377,0.5802212208509445,0.08842720557004213,0.5080708339810371,0.0,0.0,0.0,0.0,0.0,18473,global,0.0
4,1,lr1e-04_bs16_drop0p4_temp2p0_a0p25_b0p05__wd1e-04trmiss0_degmodglobal,16,0.0001,0.0001,0.4,2.0,0.25,0.05,lr1e-04_bs16_drop0p4_temp2p0_a0p25_b0p05__wd1e-04trmiss0_degmodglobal,36,0.6138996034860611,0.6973655223846436,0.6444444444444445,0.8554131054131056,0.5714285714285714,0.0,0.5400803238153458,0.56733737885952,0.09065393917262554,0.4779750928282738,0.0,0.0,0.0,0.0,0.0,18473,global,0.0
4,1,lr1e-04_bs16_drop0p4_temp2p0_a0p25_b0p05__wd1e-04trmiss0_degmodglobal,16,0.0001,0.0001,0.4,2.0,0.25,0.05,lr1e-04_bs16_drop0p4_temp2p0_a0p25_b0p05__wd1e-04trmiss0_degmodglobal,37,0.6202835887670517,0.702243983745575,0.6222222222222222,0.8435083435083437,0.5714285714285714,0.0,0.5694682896137238,0.5649338886141777,0.10332752205431461,0.5903565213084221,0.0,0.0,0.0,0.0,0.0,18473,global,0.0
4,1,lr1e-04_bs16_drop0p4_temp2p0_a0p25_b0p05__wd1e-04trmiss0_degmodglobal,16,0.0001,0.0001,0.4,2.0,0.25,0.05,lr1e-04_bs16_drop0p4_temp2p0_a0p25_b0p05__wd1e-04trmiss0_degmodglobal,38,0.6261474788188934,0.7006874680519104,0.6222222222222222,0.8435083435083437,0.5714285714285714,0.0,0.5391485244035721,0.5870072394609451,0.08564428146928549,0.35458356887102127,0.0,0.0,0.0,0.0,0.0,18473,global,0.0
4,1,lr1e-04_bs16_drop0p4_temp2p0_a0p25_b0p05__wd1e-04trmiss0_degmodglobal,16,0.0001,0.0001,0.4,2.0,0.25,0.05,lr1e-04_bs16_drop0p4_temp2p0_a0p25_b0p05__wd1e-04trmiss0_degmodglobal,39,0.611890509724617,0.701520562171936,0.6222222222222222,0.8435083435083437,0.5714285714285714,0.0,0.5427008122205734,0.558247409760952,0.11635619401931763,0.4910808354616165,0.0,0.0,0.0,0.0,0.0,18473,global,0.0
4,1,lr1e-04_bs16_drop0p4_temp2p0_a0p25_b0p05__wd1e-04trmiss0_degmodglobal,16,0.0001,0.0001,0.4,2.0,0.25,0.05,lr1e-04_bs16_drop0p4_temp2p0_a0p25_b0p05__wd1e-04trmiss0_degmodglobal,40,0.6239924430847168,0.7074424624443054,0.6222222222222222,0.8435083435083437,0.5,0.0,0.5247754901647568,0.5828441679477692,0.08861771505326033,0.37987703643739223,0.0,0.0,0.0,0.0,0.0,18473,global,0.0
4,1,lr1e-04_bs16_drop0p4_temp2p0_a0p25_b0p05__wd1e-04trmiss0_degmodglobal,16,0.0001,0.0001,0.4,2.0,0.25,0.05,lr1e-04_bs16_drop0p4_temp2p0_a0p25_b0p05__wd1e-04trmiss0_degmodglobal,41,0.6261310875415802,0.7100414633750916,0.6222222222222222,0.8435083435083437,0.5,0.0,0.517829068005085,0.5837330222129822,0.08149334788322449,0.4404946118593216,0.0,0.0,0.0,0.0,0.0,18473,global,0.0
4,1,lr1e-04_bs16_drop0p4_temp2p0_a0p25_b0p05__wd1e-04trmiss0_degmodglobal,16,0.0001,0.0001,0.4,2.0,0.25,0.05,lr1e-04_bs16_drop0p4_temp2p0_a0p25_b0p05__wd1e-04trmiss0_degmodglobal,42,0.637268915772438,0.7004128098487854,0.6222222222222222,0.8435083435083437,0.6428571428571429,0.0,0.5742910578846931,0.5975348353385925,0.08297641389071941,0.379799734801054,0.0,0.0,0.0,0.0,0.0,18473,global,0.0
4,1,lr1e-04_bs16_drop0p4_temp2p0_a0p25_b0p05__wd1e-04trmiss0_degmodglobal,16,0.0001,0.0001,0.4,2.0,0.25,0.05,lr1e-04_bs16_drop0p4_temp2p0_a0p25_b0p05__wd1e-04trmiss0_degmodglobal,43,0.6442355960607529,0.6993227601051331,0.6222222222222222,0.8435083435083437,0.6428571428571429,0.0,0.5369805097579956,0.6042459011077881,0.08016704209148884,0.3989584371447563,0.0,0.0,0.0,0.0,0.0,18473,global,0.0
4,1,lr1e-04_bs16_drop0p4_temp2p0_a0p25_b0p05__wd1e-04trmiss0_degmodglobal,16,0.0001,0.0001,0.4,2.0,0.25,0.05,lr1e-04_bs16_drop0p4_temp2p0_a0p25_b0p05__wd1e-04trmiss0_degmodglobal,44,0.6347924172878265,0.7053440809249878,0.6222222222222222,0.8435083435083437,0.5,0.0,0.5312594324350357,0.5960374474525452,0.08536805119365454,0.34825901314616203,0.0,0.0,0.0,0.0,0.0,18473,global,0.0
4,1,lr1e-04_bs16_drop0p4_temp2p0_a0p25_b0p05__wd1e-04trmiss0_degmodglobal,16,0.0001,0.0001,0.4,2.0,0.25,0.05,lr1e-04_bs16_drop0p4_temp2p0_a0p25_b0p05__wd1e-04trmiss0_degmodglobal,45,0.6468650698661804,0.7114046812057495,0.6222222222222222,0.8435083435083437,0.5,0.0,0.5316297486424446,0.6029751300811768,0.08086827397346497,0.47345776855945587,0.0,0.0,0.0,0.0,0.0,18473,global,0.0
4,1,lr1e-04_bs16_drop0p4_temp2p0_a0p25_b0p05__wd1e-04trmiss0_degmodglobal,16,0.0001,0.0001,0.4,2.0,0.25,0.05,lr1e-04_bs16_drop0p4_temp2p0_a0p25_b0p05__wd1e-04trmiss0_degmodglobal,46,0.6154999881982803,0.7102152705192566,0.6222222222222222,0.8435083435083437,0.5,0.0,0.5068200007081032,0.5622146874666214,0.10854962654411793,0.5229581370949745,0.0,0.0,0.0,0.0,0.0,18473,global,0.0
4,1,lr1e-04_bs16_drop0p4_temp2p0_a0p25_b0p05__wd1e-04trmiss0_degmodglobal,16,0.0001,0.0001,0.4,2.0,0.25,0.05,lr1e-04_bs16_drop0p4_temp2p0_a0p25_b0p05__wd1e-04trmiss0_degmodglobal,47,0.6349189579486847,0.7138922214508057,0.6222222222222222,0.8435083435083437,0.5,0.0,0.4768979921936989,0.58498115837574,0.10282406583428383,0.4846360832452774,0.0,0.0,0.0,0.0,0.0,18473,global,0.0
4,1,lr1e-04_bs16_drop0p4_temp2p0_a0p25_b0p05__wd1e-04trmiss0_degmodglobal,16,0.0001,0.0001,0.4,2.0,0.25,0.05,lr1e-04_bs16_drop0p4_temp2p0_a0p25_b0p05__wd1e-04trmiss0_degmodglobal,48,0.637912705540657,0.7110864520072937,0.6222222222222222,0.8435083435083437,0.5,0.0,0.5082994997501373,0.5943759828805923,0.09358975104987621,0.4027855023741722,0.0,0.0,0.0,0.0,0.0,18473,global,0.0
4,1,lr1e-04_bs16_drop0p4_temp2p0_a0p25_b0p05__wd1e-04trmiss0_degmodglobal,16,0.0001,0.0001,0.4,2.0,0.25,0.05,lr1e-04_bs16_drop0p4_temp2p0_a0p25_b0p05__wd1e-04trmiss0_degmodglobal,49,0.6041479408740997,0.708014190196991,0.6222222222222222,0.8435083435083437,0.5714285714285714,0.0,0.5204494222998619,0.5570807605981827,0.09788676351308823,0.4519098997116089,0.0,0.0,0.0,0.0,0.0,18473,global,0.0
4,1,lr1e-04_bs16_drop0p4_temp2p0_a0p25_b0p05__wd1e-04trmiss0_degmodglobal,16,0.0001,0.0001,0.4,2.0,0.25,0.05,lr1e-04_bs16_drop0p4_temp2p0_a0p25_b0p05__wd1e-04trmiss0_degmodglobal,50,0.6282141953706741,0.7052129507064819,0.6222222222222222,0.8435083435083437,0.5714285714285714,0.0,0.537879228591919,0.582404226064682,0.09249073080718517,0.4537457525730133,0.0,0.0,0.0,0.0,0.0,18473,global,0.0
4,1,lr1e-04_bs16_drop0p4_temp2p0_a0p25_b0p05__wd1e-04trmiss0_degmodglobal,16,0.0001,0.0001,0.4,2.0,0.25,0.05,lr1e-04_bs16_drop0p4_temp2p0_a0p25_b0p05__wd1e-04trmiss0_degmodglobal,51,0.5958025604486465,0.7053093314170837,0.6222222222222222,0.8435083435083437,0.5714285714285714,0.0,0.5171936005353928,0.5502016842365265,0.08880740217864513,0.4679807424545288,0.0,0.0,0.0,0.0,0.0,18473,global,0.0
4,1,lr1e-04_bs16_drop0p4_temp2p0_a0p25_b0p05__wd1e-04trmiss0_degmodglobal,16,0.0001,0.0001,0.4,2.0,0.25,0.05,lr1e-04_bs16_drop0p4_temp2p0_a0p25_b0p05__wd1e-04trmiss0_degmodglobal,52,0.631507009267807,0.7020849585533142,0.6222222222222222,0.8435083435083437,0.5714285714285714,0.0,0.5127020329236984,0.5915962606668472,0.07742398232221603,0.41109490394592285,0.0,0.0,0.0,0.0,0.0,18473,global,0.0
4,1,lr1e-04_bs16_drop0p4_temp2p0_a0p25_b0p05__wd1e-04trmiss0_degmodglobal,16,0.0001,0.0001,0.4,2.0,0.25,0.05,lr1e-04_bs16_drop0p4_temp2p0_a0p25_b0p05__wd1e-04trmiss0_degmodglobal,53,0.6424485892057419,0.7011128067970276,0.6222222222222222,0.8435083435083437,0.5714285714285714,0.0,0.48804400116205215,0.5908647030591965,0.1054705511778593,0.5043249279260635,0.0,0.0,0.0,0.0,0.0,18473,global,0.0
4,1,lr1e-04_bs16_drop0p4_temp2p0_a0p25_b0p05__wd1e-04trmiss0_degmodglobal,16,0.0001,0.0001,0.4,2.0,0.25,0.05,lr1e-04_bs16_drop0p4_temp2p0_a0p25_b0p05__wd1e-04trmiss0_degmodglobal,54,0.5923572033643723,0.7012835144996643,0.6222222222222222,0.8435083435083437,0.5714285714285714,0.0,0.51420958340168,0.5546951740980148,0.08091649785637856,0.34865812957286835,0.0,0.0,0.0,0.0,0.0,18473,global,0.0
4,1,lr1e-04_bs16_drop0p4_temp2p0_a0p25_b0p05__wd1e-04trmiss0_degmodglobal,16,0.0001,0.0001,0.4,2.0,0.25,0.05,lr1e-04_bs16_drop0p4_temp2p0_a0p25_b0p05__wd1e-04trmiss0_degmodglobal,55,0.6267150640487671,0.7052038908004761,0.6222222222222222,0.8435083435083437,0.5714285714285714,0.0,0.48809685558080673,0.5820931941270828,0.09553500264883041,0.41476232558488846,0.0,0.0,0.0,0.0,0.0,18473,global,0.0
4,1,lr1e-04_bs16_drop0p4_temp2p0_a0p25_b0p05__wd1e-04trmiss0_degmodglobal,16,0.0001,0.0001,0.4,2.0,0.25,0.05,lr1e-04_bs16_drop0p4_temp2p0_a0p25_b0p05__wd1e-04trmiss0_degmodglobal,56,0.6196169555187225,0.7024787664413452,0.6222222222222222,0.8435083435083437,0.5714285714285714,0.0,0.5014886111021042,0.5728178173303604,0.09716879390180111,0.4501386508345604,0.0,0.0,0.0,0.0,0.0,18473,global,0.0
4,1,lr5e-05_bs16_drop0p2_temp1p0_a0p25_b0p05__wd1e-04trmiss0_degmodglobal,16,5e-05,0.0001,0.2,1.0,0.25,0.05,lr5e-05_bs16_drop0p2_temp1p0_a0p25_b0p05__wd1e-04trmiss0_degmodglobal,1,0.7462456375360489,0.699072003364563,0.39999999999999997,0.6019511352844686,0.42857142857142855,0.0,0.7217597216367722,0.7288763374090195,0.04990729223936796,0.09784969314932823,0.0,0.0,0.0,0.0,0.0,18473,global,0.0
4,1,lr5e-05_bs16_drop0p2_temp1p0_a0p25_b0p05__wd1e-04trmiss0_degmodglobal,16,5e-05,0.0001,0.2,1.0,0.25,0.05,lr5e-05_bs16_drop0p2_temp1p0_a0p25_b0p05__wd1e-04trmiss0_degmodglobal,2,0.6997632682323456,0.6931818127632141,0.4666666666666666,0.6805666555666556,0.42857142857142855,0.0,0.6737377345561981,0.6813939362764359,0.05161852668970823,0.10929438099265099,0.0,0.0,0.0,0.0,0.0,18473,global,0.0
4,1,lr5e-05_bs16_drop0p2_temp1p0_a0p25_b0p05__wd1e-04trmiss0_degmodglobal,16,5e-05,0.0001,0.2,1.0,0.25,0.05,lr5e-05_bs16_drop0p2_temp1p0_a0p25_b0p05__wd1e-04trmiss0_degmodglobal,3,0.6781103163957596,0.6863606572151184,0.5777777777777777,0.7364348614348615,0.42857142857142855,0.0,0.6692593693733215,0.6643833070993423,0.03904318995773792,0.07932398468255997,0.0,0.0,0.0,0.0,0.0,18473,global,0.0
4,1,lr5e-05_bs16_drop0p2_temp1p0_a0p25_b0p05__wd1e-04trmiss0_degmodglobal,16,5e-05,0.0001,0.2,1.0,0.25,0.05,lr5e-05_bs16_drop0p2_temp1p0_a0p25_b0p05__wd1e-04trmiss0_degmodglobal,4,0.6931450068950653,0.6812238097190857,0.5555555555555556,0.7216200466200466,0.5,0.0,0.6704965382814407,0.6805927455425262,0.03597856219857931,0.07115200161933899,0.0,0.0,0.0,0.0,0.0,18473,global,0.0
4,1,lr5e-05_bs16_drop0p2_temp1p0_a0p25_b0p05__wd1e-04trmiss0_degmodglobal,16,5e-05,0.0001,0.2,1.0,0.25,0.05,lr5e-05_bs16_drop0p2_temp1p0_a0p25_b0p05__wd1e-04trmiss0_degmodglobal,5,0.646678626537323,0.6778022050857544,0.5777777777777777,0.7586570836570836,0.5,0.0,0.6423595994710922,0.6330272704362869,0.037164634093642235,0.08720424212515354,0.0,0.0,0.0,0.0,0.0,18473,global,0.0
4,1,lr5e-05_bs16_drop0p2_temp1p0_a0p25_b0p05__wd1e-04trmiss0_degmodglobal,16,5e-05,0.0001,0.2,1.0,0.25,0.05,lr5e-05_bs16_drop0p2_temp1p0_a0p25_b0p05__wd1e-04trmiss0_degmodglobal,6,0.6727397739887238,0.6790995001792908,0.6,0.7685777185777187,0.5,0.0,0.6575692296028137,0.6552697122097015,0.04986640252172947,0.10006966069340706,0.0,0.0,0.0,0.0,0.0,18473,global,0.0
4,1,lr5e-05_bs16_drop0p2_temp1p0_a0p25_b0p05__wd1e-04trmiss0_degmodglobal,16,5e-05,0.0001,0.2,1.0,0.25,0.05,lr5e-05_bs16_drop0p2_temp1p0_a0p25_b0p05__wd1e-04trmiss0_degmodglobal,7,0.6478227376937866,0.679548978805542,0.5777777777777777,0.7586570836570836,0.5,0.0,0.625593975186348,0.6280323565006256,0.05570926144719124,0.11726127378642559,0.0,0.0,0.0,0.0,0.0,18473,global,0.0
4,1,lr5e-05_bs16_drop0p2_temp1p0_a0p25_b0p05__wd1e-04trmiss0_degmodglobal,16,5e-05,0.0001,0.2,1.0,0.25,0.05,lr5e-05_bs16_drop0p2_temp1p0_a0p25_b0p05__wd1e-04trmiss0_degmodglobal,8,0.6595872491598129,0.6820380687713623,0.6,0.7685777185777187,0.42857142857142855,0.0,0.6246183961629868,0.6408540457487106,0.05404247436672449,0.10445140302181244,0.0,0.0,0.0,0.0,0.0,18473,global,0.0
4,1,lr5e-05_bs16_drop0p2_temp1p0_a0p25_b0p05__wd1e-04trmiss0_degmodglobal,16,5e-05,0.0001,0.2,1.0,0.25,0.05,lr5e-05_bs16_drop0p2_temp1p0_a0p25_b0p05__wd1e-04trmiss0_degmodglobal,9,0.6270802468061447,0.6803691983222961,0.6,0.7685777185777187,0.5,0.0,0.622537836432457,0.6079104691743851,0.053239825181663036,0.11719688028097153,0.0,0.0,0.0,0.0,0.0,18473,global,0.0
4,1,lr5e-05_bs16_drop0p2_temp1p0_a0p25_b0p05__wd1e-04trmiss0_degmodglobal,16,5e-05,0.0001,0.2,1.0,0.25,0.05,lr5e-05_bs16_drop0p2_temp1p0_a0p25_b0p05__wd1e-04trmiss0_degmodglobal,10,0.6431885808706284,0.6839134097099304,0.6222222222222222,0.8001202501202502,0.42857142857142855,0.0,0.6279720962047577,0.6266659945249557,0.04709658399224281,0.09496872965246439,0.0,0.0,0.0,0.0,0.0,18473,global,0.0
4,1,lr5e-05_bs16_drop0p2_temp1p0_a0p25_b0p05__wd1e-04trmiss0_degmodglobal,16,5e-05,0.0001,0.2,1.0,0.25,0.05,lr5e-05_bs16_drop0p2_temp1p0_a0p25_b0p05__wd1e-04trmiss0_degmodglobal,11,0.6104304790496826,0.6852833032608032,0.5777777777777777,0.7841269841269842,0.5,0.0,0.5806189626455307,0.5970081090927124,0.039902182295918465,0.0689365710131824,0.0,0.0,0.0,0.0,0.0,18473,global,0.0
4,1,lr5e-05_bs16_drop0p2_temp1p0_a0p25_b0p05__wd1e-04trmiss0_degmodglobal,16,5e-05,0.0001,0.2,1.0,0.25,0.05,lr5e-05_bs16_drop0p2_temp1p0_a0p25_b0p05__wd1e-04trmiss0_degmodglobal,12,0.6370395570993423,0.6889374256134033,0.5777777777777777,0.7863155363155363,0.5,0.0,0.6101509928703308,0.6184814125299454,0.046683154068887234,0.13774708658456802,0.0,0.0,0.0,0.0,0.0,18473,global,0.0
4,1,lr5e-05_bs16_drop0p2_temp1p0_a0p25_b0p05__wd1e-04trmiss0_degmodglobal,16,5e-05,0.0001,0.2,1.0,0.25,0.05,lr5e-05_bs16_drop0p2_temp1p0_a0p25_b0p05__wd1e-04trmiss0_degmodglobal,13,0.6450330764055252,0.6919074654579163,0.5555555555555555,0.7770562770562772,0.5714285714285714,0.0,0.5991645008325577,0.6306446045637131,0.041212838143110275,0.08170544635504484,0.0,0.0,0.0,0.0,0.0,18473,global,0.0
4,1,lr5e-05_bs16_drop0p2_temp1p0_a0p25_b0p05__wd1e-04trmiss0_degmodglobal,16,5e-05,0.0001,0.2,1.0,0.25,0.05,lr5e-05_bs16_drop0p2_temp1p0_a0p25_b0p05__wd1e-04trmiss0_degmodglobal,14,0.6104734838008881,0.6877858638763428,0.5777777777777777,0.7863155363155363,0.5,0.0,0.5711770206689835,0.5891854017972946,0.0599048612639308,0.1262374371290207,0.0,0.0,0.0,0.0,0.0,18473,global,0.0
4,1,lr5e-05_bs16_drop0p2_temp1p0_a0p25_b0p05__wd1e-04trmiss0_degmodglobal,16,5e-05,0.0001,0.2,1.0,0.25,0.05,lr5e-05_bs16_drop0p2_temp1p0_a0p25_b0p05__wd1e-04trmiss0_degmodglobal,15,0.5924072265625,0.686339795589447,0.5777777777777777,0.7863155363155363,0.5714285714285714,0.0,0.5554256588220596,0.5796832293272018,0.03827634220942855,0.06309852772392333,0.0,0.0,0.0,0.0,0.0,18473,global,0.0
4,1,lr5e-05_bs16_drop0p2_temp1p0_a0p25_b0p05__wd1e-04trmiss0_degmodglobal,16,5e-05,0.0001,0.2,1.0,0.25,0.05,lr5e-05_bs16_drop0p2_temp1p0_a0p25_b0p05__wd1e-04trmiss0_degmodglobal,16,0.5974297821521759,0.6850466132164001,0.5777777777777777,0.7863155363155363,0.5714285714285714,0.0,0.560133770108223,0.5731381475925446,0.06739700399339199,0.14884774386882782,0.0,0.0,0.0,0.0,0.0,18473,global,0.0
4,1,lr5e-05_bs16_drop0p2_temp1p0_a0p25_b0p05__wd1e-04trmiss0_degmodglobal,16,5e-05,0.0001,0.2,1.0,0.25,0.05,lr5e-05_bs16_drop0p2_temp1p0_a0p25_b0p05__wd1e-04trmiss0_degmodglobal,17,0.6448661834001541,0.6853392720222473,0.5777777777777777,0.7863155363155363,0.5714285714285714,0.0,0.5977135896682739,0.6298446804285049,0.044767361134290695,0.07659325934946537,0.0,0.0,0.0,0.0,0.0,18473,global,0.0
4,1,lr5e-05_bs16_drop0p2_temp1p0_a0p25_b0p05__wd1e-04trmiss0_degmodglobal,16,5e-05,0.0001,0.2,1.0,0.25,0.05,lr5e-05_bs16_drop0p2_temp1p0_a0p25_b0p05__wd1e-04trmiss0_degmodglobal,18,0.5875436365604401,0.6813971400260925,0.5777777777777777,0.7863155363155363,0.5714285714285714,0.0,0.5433398187160492,0.570058137178421,0.047929891385138035,0.11006042268127203,0.0,0.0,0.0,0.0,0.0,18473,global,0.0
4,1,lr5e-05_bs16_drop0p2_temp1p0_a0p25_b0p05__wd1e-04trmiss0_degmodglobal,16,5e-05,0.0001,0.2,1.0,0.25,0.05,lr5e-05_bs16_drop0p2_temp1p0_a0p25_b0p05__wd1e-04trmiss0_degmodglobal,19,0.5881797075271606,0.6777018308639526,0.6666666666666666,0.8300705467372136,0.5714285714285714,0.0,0.5448327660560608,0.5616210848093033,0.0733071006834507,0.1646372303366661,0.0,0.0,0.0,0.0,0.0,18473,global,0.0
4,1,lr5e-05_bs16_drop0p2_temp1p0_a0p25_b0p05__wd1e-04trmiss0_degmodglobal,16,5e-05,0.0001,0.2,1.0,0.25,0.05,lr5e-05_bs16_drop0p2_temp1p0_a0p25_b0p05__wd1e-04trmiss0_degmodglobal,20,0.5912687480449677,0.6808792352676392,0.6222222222222222,0.8121693121693123,0.5714285714285714,0.0,0.5707402974367142,0.5760632008314133,0.04290209524333477,0.08960077911615372,0.0,0.0,0.0,0.0,0.0,18473,global,0.0
4,1,lr5e-05_bs16_drop0p2_temp1p0_a0p25_b0p05__wd1e-04trmiss0_degmodglobal,16,5e-05,0.0001,0.2,1.0,0.25,0.05,lr5e-05_bs16_drop0p2_temp1p0_a0p25_b0p05__wd1e-04trmiss0_degmodglobal,21,0.5879669636487961,0.6787382364273071,0.6,0.8050986050986053,0.5714285714285714,0.0,0.5625304728746414,0.5613219439983368,0.0710573373362422,0.17761361971497536,0.0,0.0,0.0,0.0,0.0,18473,global,0.0
4,1,lr5e-05_bs16_drop0p2_temp1p0_a0p25_b0p05__wd1e-04trmiss0_degmodglobal,16,5e-05,0.0001,0.2,1.0,0.25,0.05,lr5e-05_bs16_drop0p2_temp1p0_a0p25_b0p05__wd1e-04trmiss0_degmodglobal,22,0.6071185171604156,0.6820704936981201,0.6,0.8050986050986053,0.5714285714285714,0.0,0.5877888798713684,0.589776024222374,0.051461730152368546,0.08954121265560389,0.0,0.0,0.0,0.0,0.0,18473,global,0.0
4,1,lr5e-05_bs16_drop0p2_temp1p0_a0p25_b0p05__wd1e-04trmiss0_degmodglobal,16,5e-05,0.0001,0.2,1.0,0.25,0.05,lr5e-05_bs16_drop0p2_temp1p0_a0p25_b0p05__wd1e-04trmiss0_degmodglobal,23,0.5746573507785797,0.6791544556617737,0.5777777777777777,0.7976911976911978,0.5714285714285714,0.0,0.5163007229566574,0.5562128722667694,0.05535795632749796,0.09209979977458715,0.0,0.0,0.0,0.0,0.0,18473,global,0.0
4,1,lr5e-05_bs16_drop0p2_temp1p0_a0p25_b0p05__wd1e-04trmiss0_degmodglobal,16,5e-05,0.0001,0.2,1.0,0.25,0.05,lr5e-05_bs16_drop0p2_temp1p0_a0p25_b0p05__wd1e-04trmiss0_degmodglobal,24,0.5775461792945862,0.6773472428321838,0.5777777777777777,0.7976911976911978,0.5714285714285714,0.0,0.5222023725509644,0.5540592968463898,0.06805907655507326,0.129442329518497,0.0,0.0,0.0,0.0,0.0,18473,global,0.0
4,1,lr5e-05_bs16_drop0p2_temp1p0_a0p25_b0p05__wd1e-04trmiss0_degmodglobal,16,5e-05,0.0001,0.2,1.0,0.25,0.05,lr5e-05_bs16_drop0p2_temp1p0_a0p25_b0p05__wd1e-04trmiss0_degmodglobal,25,0.5737273246049881,0.680469810962677,0.5777777777777777,0.7976911976911978,0.5714285714285714,0.0,0.5295861586928368,0.5556100457906723,0.05089236702769995,0.107884107157588,0.0,0.0,0.0,0.0,0.0,18473,global,0.0
4,1,lr5e-05_bs16_drop0p2_temp1p0_a0p25_b0p05__wd1e-04trmiss0_degmodglobal,16,5e-05,0.0001,0.2,1.0,0.25,0.05,lr5e-05_bs16_drop0p2_temp1p0_a0p25_b0p05__wd1e-04trmiss0_degmodglobal,26,0.5721641331911087,0.6769331693649292,0.5777777777777777,0.7976911976911978,0.6428571428571429,0.0,0.49978411942720413,0.5510028153657913,0.05939037352800369,0.12627492658793926,0.0,0.0,0.0,0.0,0.0,18473,global,0.0
4,1,lr5e-05_bs16_drop0p2_temp1p0_a0p25_b0p05__wd1e-04trmiss0_degmodglobal,16,5e-05,0.0001,0.2,1.0,0.25,0.05,lr5e-05_bs16_drop0p2_temp1p0_a0p25_b0p05__wd1e-04trmiss0_degmodglobal,27,0.5752877593040466,0.6747986078262329,0.5777777777777777,0.7976911976911978,0.6428571428571429,0.0,0.5187020748853683,0.5520515143871307,0.060301296412944794,0.1632186658680439,0.0,0.0,0.0,0.0,0.0,18473,global,0.0
4,1,lr5e-05_bs16_drop0p2_temp1p0_a0p25_b0p05__wd1e-04trmiss0_degmodglobal,16,5e-05,0.0001,0.2,1.0,0.25,0.05,lr5e-05_bs16_drop0p2_temp1p0_a0p25_b0p05__wd1e-04trmiss0_degmodglobal,28,0.5823944061994553,0.6760493516921997,0.5777777777777777,0.7976911976911978,0.5714285714285714,0.0,0.5433928295969963,0.5667751580476761,0.0468167825601995,0.07830071775242686,0.0,0.0,0.0,0.0,0.0,18473,global,0.0
4,1,lr5e-05_bs16_drop0p2_temp1p0_a0p25_b0p05__wd1e-04trmiss0_degmodglobal,16,5e-05,0.0001,0.2,1.0,0.25,0.05,lr5e-05_bs16_drop0p2_temp1p0_a0p25_b0p05__wd1e-04trmiss0_degmodglobal,29,0.5728863179683685,0.6736244559288025,0.5777777777777777,0.7976911976911978,0.5714285714285714,0.0,0.5136556252837181,0.5471688210964203,0.07223373651504517,0.1531810164451599,0.0,0.0,0.0,0.0,0.0,18473,global,0.0
4,1,lr5e-05_bs16_drop0p2_temp1p0_a0p25_b0p05__wd1e-04trmiss0_degmodglobal,16,5e-05,0.0001,0.2,1.0,0.25,0.05,lr5e-05_bs16_drop0p2_temp1p0_a0p25_b0p05__wd1e-04trmiss0_degmodglobal,30,0.5939943641424179,0.6756929159164429,0.5333333333333333,0.7696488696488697,0.5714285714285714,0.0,0.5154743120074272,0.5593173205852509,0.09373321197926998,0.22487492114305496,0.0,0.0,0.0,0.0,0.0,18473,global,0.0
4,1,lr5e-05_bs16_drop0p2_temp1p0_a0p25_b0p05__wd1e-04trmiss0_degmodglobal,16,5e-05,0.0001,0.2,1.0,0.25,0.05,lr5e-05_bs16_drop0p2_temp1p0_a0p25_b0p05__wd1e-04trmiss0_degmodglobal,31,0.6009386330842972,0.6824904084205627,0.5333333333333333,0.7696488696488697,0.5714285714285714,0.0,0.49414169788360596,0.5711019337177277,0.0857109036296606,0.16817957907915115,0.0,0.0,0.0,0.0,0.0,18473,global,0.0
4,1,lr5e-05_bs16_drop0p2_temp1p0_a0p25_b0p05__wd1e-04trmiss0_degmodglobal,16,5e-05,0.0001,0.2,1.0,0.25,0.05,lr5e-05_bs16_drop0p2_temp1p0_a0p25_b0p05__wd1e-04trmiss0_degmodglobal,32,0.5596559941768646,0.6826037764549255,0.5333333333333333,0.7696488696488697,0.5714285714285714,0.0,0.4954298958182335,0.5351959764957428,0.07469967845827341,0.11570199765264988,0.0,0.0,0.0,0.0,0.0,18473,global,0.0
4,1,lr5e-05_bs16_drop0p2_temp1p0_a0p25_b0p05__wd1e-04trmiss0_degmodglobal,16,5e-05,0.0001,0.2,1.0,0.25,0.05,lr5e-05_bs16_drop0p2_temp1p0_a0p25_b0p05__wd1e-04trmiss0_degmodglobal,33,0.5715227574110031,0.6793637871742249,0.5555555555555555,0.7844636844636845,0.5714285714285714,0.0,0.5180286914110184,0.5502501279115677,0.05950283631682396,0.12793876603245735,0.0,0.0,0.0,0.0,0.0,18473,global,0.0
4,1,lr5e-05_bs16_drop0p2_temp1p0_a0p25_b0p05__wd1e-04trmiss0_degmodglobal,16,5e-05,0.0001,0.2,1.0,0.25,0.05,lr5e-05_bs16_drop0p2_temp1p0_a0p25_b0p05__wd1e-04trmiss0_degmodglobal,34,0.5680492222309113,0.6783106327056885,0.5555555555555555,0.7844636844636845,0.5714285714285714,0.0,0.49513915181159973,0.5444795489311218,0.0645773895084858,0.14850646816194057,0.0,0.0,0.0,0.0,0.0,18473,global,0.0
4,1,lr5e-05_bs16_drop0p2_temp1p0_a0p25_b0p05__wd1e-04trmiss0_degmodglobal,16,5e-05,0.0001,0.2,1.0,0.25,0.05,lr5e-05_bs16_drop0p2_temp1p0_a0p25_b0p05__wd1e-04trmiss0_degmodglobal,35,0.5921606421470642,0.6800286769866943,0.5777777777777777,0.7976911976911978,0.5714285714285714,0.0,0.4895792677998543,0.5642092227935791,0.08252356201410294,0.1464106636121869,0.0,0.0,0.0,0.0,0.0,18473,global,0.0
4,1,lr5e-05_bs16_drop0p2_temp1p0_a0p25_b0p05__wd1e-04trmiss0_degmodglobal,16,5e-05,0.0001,0.2,1.0,0.25,0.05,lr5e-05_bs16_drop0p2_temp1p0_a0p25_b0p05__wd1e-04trmiss0_degmodglobal,36,0.5495399534702301,0.6768957376480103,0.5777777777777777,0.7976911976911978,0.5714285714285714,0.0,0.48082853108644485,0.5220800265669823,0.07823876105248928,0.15800500381737947,0.0,0.0,0.0,0.0,0.0,18473,global,0.0
4,1,lr5e-05_bs16_drop0p2_temp1p0_a0p25_b0p05__wd1e-04trmiss0_degmodglobal,16,5e-05,0.0001,0.2,1.0,0.25,0.05,lr5e-05_bs16_drop0p2_temp1p0_a0p25_b0p05__wd1e-04trmiss0_degmodglobal,37,0.5583795607089996,0.6798102855682373,0.5777777777777777,0.7976911976911978,0.5714285714285714,0.0,0.5065387338399887,0.5356207191944122,0.06975729111582041,0.10639054328203201,0.0,0.0,0.0,0.0,0.0,18473,global,0.0
4,1,lr5e-05_bs16_drop0p2_temp1p0_a0p25_b0p05__wd1e-04trmiss0_degmodglobal,16,5e-05,0.0001,0.2,1.0,0.25,0.05,lr5e-05_bs16_drop0p2_temp1p0_a0p25_b0p05__wd1e-04trmiss0_degmodglobal,38,0.550554633140564,0.6789395213127136,0.5777777777777777,0.7976911976911978,0.5714285714285714,0.0,0.49451032280921936,0.5296898931264877,0.06110268086194992,0.11178140435367823,0.0,0.0,0.0,0.0,0.0,18473,global,0.0
4,1,lr5e-05_bs16_drop0p2_temp1p0_a0p25_b0p05__wd1e-04trmiss0_degmodglobal,16,5e-05,0.0001,0.2,1.0,0.25,0.05,lr5e-05_bs16_drop0p2_temp1p0_a0p25_b0p05__wd1e-04trmiss0_degmodglobal,39,0.5563392490148544,0.6795571446418762,0.5777777777777777,0.7976911976911978,0.5714285714285714,0.0,0.482366606593132,0.5345809906721115,0.06533679366111755,0.10848113801330328,0.0,0.0,0.0,0.0,0.0,18473,global,0.0
4,1,lr5e-05_bs16_drop0p2_temp2p0_a0p25_b0p05__wd1e-04trmiss0_degmodglobal,16,5e-05,0.0001,0.2,2.0,0.25,0.05,lr5e-05_bs16_drop0p2_temp2p0_a0p25_b0p05__wd1e-04trmiss0_degmodglobal,1,0.677757516503334,0.6690794825553894,0.5555555555555556,0.7341269841269842,0.5714285714285714,0.0,0.7423800826072693,0.6574832797050476,0.046644940972328186,0.17226015031337738,0.0,0.0,0.0,0.0,0.0,18473,global,0.0
4,1,lr5e-05_bs16_drop0p2_temp2p0_a0p25_b0p05__wd1e-04trmiss0_degmodglobal,16,5e-05,0.0001,0.2,2.0,0.25,0.05,lr5e-05_bs16_drop0p2_temp2p0_a0p25_b0p05__wd1e-04trmiss0_degmodglobal,2,0.6661455035209656,0.6618186831474304,0.6,0.7501202501202502,0.5714285714285714,0.0,0.6945464462041855,0.6487416326999664,0.04087473405525088,0.1437041163444519,0.0,0.0,0.0,0.0,0.0,18473,global,0.0
4,1,lr5e-05_bs16_drop0p2_temp2p0_a0p25_b0p05__wd1e-04trmiss0_degmodglobal,16,5e-05,0.0001,0.2,2.0,0.25,0.05,lr5e-05_bs16_drop0p2_temp2p0_a0p25_b0p05__wd1e-04trmiss0_degmodglobal,3,0.6470123827457428,0.6570758819580078,0.6222222222222222,0.7633477633477634,0.5714285714285714,0.0,0.6795750111341476,0.629483237862587,0.046626060269773006,0.11745239794254303,0.0,0.0,0.0,0.0,0.0,18473,global,0.0
4,1,lr5e-05_bs16_drop0p2_temp2p0_a0p25_b0p05__wd1e-04trmiss0_degmodglobal,16,5e-05,0.0001,0.2,2.0,0.25,0.05,lr5e-05_bs16_drop0p2_temp2p0_a0p25_b0p05__wd1e-04trmiss0_degmodglobal,4,0.6034583449363708,0.655299961566925,0.6222222222222221,0.7652557319223987,0.5714285714285714,0.0,0.6630993783473969,0.5877992063760757,0.036830419674515724,0.12903066165745258,0.0,0.0,0.0,0.0,0.0,18473,global,0.0
4,1,lr5e-05_bs16_drop0p2_temp2p0_a0p25_b0p05__wd1e-04trmiss0_degmodglobal,16,5e-05,0.0001,0.2,2.0,0.25,0.05,lr5e-05_bs16_drop0p2_temp2p0_a0p25_b0p05__wd1e-04trmiss0_degmodglobal,5,0.6143179684877396,0.6545016765594482,0.5777777777777777,0.7457782957782959,0.7142857142857143,0.0,0.6276466101408005,0.6010525226593018,0.029939288739115,0.11561255529522896,0.0,0.0,0.0,0.0,0.0,18473,global,0.0
4,1,lr5e-05_bs16_drop0p2_temp2p0_a0p25_b0p05__wd1e-04trmiss0_degmodglobal,16,5e-05,0.0001,0.2,2.0,0.25,0.05,lr5e-05_bs16_drop0p2_temp2p0_a0p25_b0p05__wd1e-04trmiss0_degmodglobal,6,0.6165925711393356,0.6514827013015747,0.5555555555555556,0.7383708883708884,0.7142857142857143,0.0,0.6076737493276596,0.5986514985561371,0.04074550420045853,0.15509403124451637,0.0,0.0,0.0,0.0,0.0,18473,global,0.0
4,1,lr5e-05_bs16_drop0p2_temp2p0_a0p25_b0p05__wd1e-04trmiss0_degmodglobal,16,5e-05,0.0001,0.2,2.0,0.25,0.05,lr5e-05_bs16_drop0p2_temp2p0_a0p25_b0p05__wd1e-04trmiss0_degmodglobal,7,0.5972580462694168,0.6464304327964783,0.5333333333333333,0.7251433751433751,0.7142857142857143,0.0,0.6199266016483307,0.5832744985818863,0.033983743749558926,0.10975243430584669,0.0,0.0,0.0,0.0,0.0,18473,global,0.0
4,1,lr5e-05_bs16_drop0p2_temp2p0_a0p25_b0p05__wd1e-04trmiss0_degmodglobal,16,5e-05,0.0001,0.2,2.0,0.25,0.05,lr5e-05_bs16_drop0p2_temp2p0_a0p25_b0p05__wd1e-04trmiss0_degmodglobal,8,0.6086472719907761,0.6437978744506836,0.6,0.7528490028490029,0.7142857142857143,0.0,0.604963630437851,0.5935475528240204,0.03302302258089185,0.1368795521557331,0.0,0.0,0.0,0.0,0.0,18473,global,0.0
4,1,lr5e-05_bs16_drop0p2_temp2p0_a0p25_b0p05__wd1e-04trmiss0_degmodglobal,16,5e-05,0.0001,0.2,2.0,0.25,0.05,lr5e-05_bs16_drop0p2_temp2p0_a0p25_b0p05__wd1e-04trmiss0_degmodglobal,9,0.5805507600307465,0.6415716409683228,0.5777777777777777,0.7396214896214897,0.7142857142857143,0.0,0.6262653321027756,0.5639815926551819,0.03980402462184429,0.1323629952967167,0.0,0.0,0.0,0.0,0.0,18473,global,0.0
4,1,lr5e-05_bs16_drop0p2_temp2p0_a0p25_b0p05__wd1e-04trmiss0_degmodglobal,16,5e-05,0.0001,0.2,2.0,0.25,0.05,lr5e-05_bs16_drop0p2_temp2p0_a0p25_b0p05__wd1e-04trmiss0_degmodglobal,10,0.5681065320968628,0.6378535032272339,0.6,0.7407999407999408,0.7142857142857143,0.0,0.5893337279558182,0.5495654940605164,0.0460481783375144,0.1405800450593233,0.0,0.0,0.0,0.0,0.0,18473,global,0.0
4,1,lr5e-05_bs16_drop0p2_temp2p0_a0p25_b0p05__wd1e-04trmiss0_degmodglobal,16,5e-05,0.0001,0.2,2.0,0.25,0.05,lr5e-05_bs16_drop0p2_temp2p0_a0p25_b0p05__wd1e-04trmiss0_degmodglobal,11,0.5515706986188889,0.6375044584274292,0.6222222222222222,0.7621082621082622,0.7142857142857143,0.0,0.5589085072278976,0.534994974732399,0.03857036028057337,0.13866247236728668,0.0,0.0,0.0,0.0,0.0,18473,global,0.0
4,1,lr5e-05_bs16_drop0p2_temp2p0_a0p25_b0p05__wd1e-04trmiss0_degmodglobal,16,5e-05,0.0001,0.2,2.0,0.25,0.05,lr5e-05_bs16_drop0p2_temp2p0_a0p25_b0p05__wd1e-04trmiss0_degmodglobal,12,0.558753490447998,0.6388903856277466,0.6444444444444444,0.7707502374169042,0.7142857142857143,0.0,0.573199912905693,0.5416684448719025,0.03902709949761629,0.14656548760831356,0.0,0.0,0.0,0.0,0.0,18473,global,0.0
4,1,lr5e-05_bs16_drop0p2_temp2p0_a0p25_b0p05__wd1e-04trmiss0_degmodglobal,16,5e-05,0.0001,0.2,2.0,0.25,0.05,lr5e-05_bs16_drop0p2_temp2p0_a0p25_b0p05__wd1e-04trmiss0_degmodglobal,13,0.5549889579415321,0.64112389087677,0.6444444444444444,0.7707502374169042,0.7142857142857143,0.0,0.5622822344303131,0.5378746762871742,0.03815144766122103,0.15152802877128124,0.0,0.0,0.0,0.0,0.0,18473,global,0.0
4,1,lr5e-05_bs16_drop0p2_temp2p0_a0p25_b0p05__wd1e-04trmiss0_degmodglobal,16,5e-05,0.0001,0.2,2.0,0.25,0.05,lr5e-05_bs16_drop0p2_temp2p0_a0p25_b0p05__wd1e-04trmiss0_degmodglobal,14,0.5773016810417175,0.6402439475059509,0.6444444444444444,0.7707502374169042,0.7142857142857143,0.0,0.6012106388807297,0.5596480146050453,0.043755607679486275,0.13429545238614082,0.0,0.0,0.0,0.0,0.0,18473,global,0.0
4,1,lr5e-05_bs16_drop0p2_temp2p0_a0p25_b0p05__wd1e-04trmiss0_degmodglobal,16,5e-05,0.0001,0.2,2.0,0.25,0.05,lr5e-05_bs16_drop0p2_temp2p0_a0p25_b0p05__wd1e-04trmiss0_degmodglobal,15,0.5378352701663971,0.6429170966148376,0.6444444444444444,0.8136955636955638,0.6428571428571429,0.0,0.5748550593852997,0.5245395377278328,0.0353274792432785,0.0892777880653739,0.0,0.0,0.0,0.0,0.0,18473,global,0.0
4,1,lr5e-05_bs16_drop0p2_temp2p0_a0p25_b0p05__wd1e-04trmiss0_degmodglobal,16,5e-05,0.0001,0.2,2.0,0.25,0.05,lr5e-05_bs16_drop0p2_temp2p0_a0p25_b0p05__wd1e-04trmiss0_degmodglobal,16,0.5477627217769623,0.6422924399375916,0.6444444444444444,0.7945597612264279,0.6428571428571429,0.0,0.5486604422330856,0.5294185727834702,0.04641487076878548,0.13480861485004425,0.0,0.0,0.0,0.0,0.0,18473,global,0.0
4,1,lr5e-05_bs16_drop0p2_temp2p0_a0p25_b0p05__wd1e-04trmiss0_degmodglobal,16,5e-05,0.0001,0.2,2.0,0.25,0.05,lr5e-05_bs16_drop0p2_temp2p0_a0p25_b0p05__wd1e-04trmiss0_degmodglobal,17,0.5504847913980484,0.6399968266487122,0.6666666666666666,0.8223375390042058,0.6428571428571429,0.0,0.5611888468265533,0.5316905900835991,0.04644642770290375,0.14365225657820702,0.0,0.0,0.0,0.0,0.0,18473,global,0.0
4,1,lr5e-05_bs16_drop0p2_temp2p0_a0p25_b0p05__wd1e-04trmiss0_degmodglobal,16,5e-05,0.0001,0.2,2.0,0.25,0.05,lr5e-05_bs16_drop0p2_temp2p0_a0p25_b0p05__wd1e-04trmiss0_degmodglobal,18,0.5423165559768677,0.6389610767364502,0.6666666666666666,0.8223375390042058,0.6428571428571429,0.0,0.5662217140197754,0.5286039933562279,0.034079964738339186,0.10385165084153414,0.0,0.0,0.0,0.0,0.0,18473,global,0.0
4,1,lr5e-05_bs16_drop0p2_temp2p0_a0p25_b0p05__wd1e-04trmiss0_degmodglobal,16,5e-05,0.0001,0.2,2.0,0.25,0.05,lr5e-05_bs16_drop0p2_temp2p0_a0p25_b0p05__wd1e-04trmiss0_degmodglobal,19,0.5404840558767319,0.6368858218193054,0.6666666666666666,0.8223375390042058,0.6428571428571429,0.0,0.5481479614973068,0.5241997689008713,0.04204523377120495,0.11545932292938232,0.0,0.0,0.0,0.0,0.0,18473,global,0.0
4,1,lr5e-05_bs16_drop0p2_temp2p0_a0p25_b0p05__wd1e-04trmiss0_degmodglobal,16,5e-05,0.0001,0.2,2.0,0.25,0.05,lr5e-05_bs16_drop0p2_temp2p0_a0p25_b0p05__wd1e-04trmiss0_degmodglobal,20,0.504381500184536,0.6389672160148621,0.6666666666666666,0.8223375390042058,0.6428571428571429,0.0,0.5335066020488739,0.4900372549891472,0.0361755033954978,0.10600724630057812,0.0,0.0,0.0,0.0,0.0,18473,global,0.0
4,1,lr5e-05_bs16_drop0p2_temp2p0_a0p25_b0p05__wd1e-04trmiss0_degmodglobal,16,5e-05,0.0001,0.2,2.0,0.25,0.05,lr5e-05_bs16_drop0p2_temp2p0_a0p25_b0p05__wd1e-04trmiss0_degmodglobal,21,0.49726206809282303,0.6393181681632996,0.6444444444444444,0.807522724189391,0.6428571428571429,0.0,0.5377704501152039,0.48080163449048996,0.040676279459148645,0.12582725286483765,0.0,0.0,0.0,0.0,0.0,18473,global,0.0
4,1,lr5e-05_bs16_drop0p2_temp2p0_a0p25_b0p05__wd1e-04trmiss0_degmodglobal,16,5e-05,0.0001,0.2,2.0,0.25,0.05,lr5e-05_bs16_drop0p2_temp2p0_a0p25_b0p05__wd1e-04trmiss0_degmodglobal,22,0.526899091899395,0.6398317813873291,0.6444444444444444,0.807522724189391,0.6428571428571429,0.0,0.5679000616073608,0.5104208886623383,0.038456784561276436,0.13728014193475246,0.0,0.0,0.0,0.0,0.0,18473,global,0.0
4,1,lr5e-05_bs16_drop0p2_temp2p0_a0p25_b0p05__wd1e-04trmiss0_degmodglobal,16,5e-05,0.0001,0.2,2.0,0.25,0.05,lr5e-05_bs16_drop0p2_temp2p0_a0p25_b0p05__wd1e-04trmiss0_degmodglobal,23,0.5324655771255493,0.6396830081939697,0.6888888888888889,0.8290715457382125,0.6428571428571429,0.0,0.5148738473653793,0.5154094770550728,0.04104457749053836,0.13589881919324398,0.0,0.0,0.0,0.0,0.0,18473,global,0.0
4,1,lr5e-05_bs16_drop0p2_temp2p0_a0p25_b0p05__wd1e-04trmiss0_degmodglobal,16,5e-05,0.0001,0.2,2.0,0.25,0.05,lr5e-05_bs16_drop0p2_temp2p0_a0p25_b0p05__wd1e-04trmiss0_degmodglobal,24,0.5028573274612427,0.6394851803779602,0.6888888888888889,0.8290715457382125,0.6428571428571429,0.0,0.5048030763864517,0.4862363487482071,0.04184911120682955,0.12317400798201561,0.0,0.0,0.0,0.0,0.0,18473,global,0.0
4,1,lr5e-05_bs16_drop0p2_temp2p0_a0p25_b0p05__wd1e-04trmiss0_degmodglobal,16,5e-05,0.0001,0.2,2.0,0.25,0.05,lr5e-05_bs16_drop0p2_temp2p0_a0p25_b0p05__wd1e-04trmiss0_degmodglobal,25,0.5456928908824921,0.6392912268638611,0.6666666666666666,0.8223375390042058,0.6428571428571429,0.0,0.558631181716919,0.5348978191614151,0.0288969655521214,0.07141652796417475,0.0,0.0,0.0,0.0,0.0,18473,global,0.0
4,1,lr5e-05_bs16_drop0p2_temp2p0_a0p25_b0p05__wd1e-04trmiss0_degmodglobal,16,5e-05,0.0001,0.2,2.0,0.25,0.05,lr5e-05_bs16_drop0p2_temp2p0_a0p25_b0p05__wd1e-04trmiss0_degmodglobal,26,0.5388404205441475,0.6381796002388,0.6666666666666666,0.8223375390042058,0.6428571428571429,0.0,0.5454965382814407,0.521858811378479,0.03974523115903139,0.14090615697205067,0.0,0.0,0.0,0.0,0.0,18473,global,0.0
4,1,lr5e-05_bs16_drop0p2_temp2p0_a0p25_b0p05__wd1e-04trmiss0_degmodglobal,16,5e-05,0.0001,0.2,2.0,0.25,0.05,lr5e-05_bs16_drop0p2_temp2p0_a0p25_b0p05__wd1e-04trmiss0_degmodglobal,27,0.5117923393845558,0.6372017860412598,0.6444444444444444,0.8136955636955638,0.6428571428571429,0.0,0.5402644872665405,0.49543098360300064,0.04100649897009134,0.12219445779919624,0.0,0.0,0.0,0.0,0.0,18473,global,0.0
4,1,lr5e-05_bs16_drop0p2_temp2p0_a0p25_b0p05__wd1e-04trmiss0_degmodglobal,16,5e-05,0.0001,0.2,2.0,0.25,0.05,lr5e-05_bs16_drop0p2_temp2p0_a0p25_b0p05__wd1e-04trmiss0_degmodglobal,28,0.49850450456142426,0.6344946622848511,0.6666666666666666,0.835917785917786,0.6428571428571429,0.0,0.5026038512587547,0.4863300248980522,0.0323533178307116,0.08172295149415731,0.0,0.0,0.0,0.0,0.0,18473,global,0.0
4,1,lr5e-05_bs16_drop0p2_temp2p0_a0p25_b0p05__wd1e-04trmiss0_degmodglobal,16,5e-05,0.0001,0.2,2.0,0.25,0.05,lr5e-05_bs16_drop0p2_temp2p0_a0p25_b0p05__wd1e-04trmiss0_degmodglobal,29,0.5046390071511269,0.6354497075080872,0.6444444444444445,0.8266585266585267,0.6428571428571429,0.0,0.5210253447294235,0.48839011788368225,0.04298626398667693,0.11004683282226324,0.0,0.0,0.0,0.0,0.0,18473,global,0.0
4,1,lr5e-05_bs16_drop0p2_temp2p0_a0p25_b0p05__wd1e-04trmiss0_degmodglobal,16,5e-05,0.0001,0.2,2.0,0.25,0.05,lr5e-05_bs16_drop0p2_temp2p0_a0p25_b0p05__wd1e-04trmiss0_degmodglobal,30,0.49993912875652313,0.6366416811943054,0.6444444444444444,0.8136955636955638,0.6428571428571429,0.0,0.4948146417737007,0.484348364174366,0.042293778620660305,0.10034653730690479,0.0,0.0,0.0,0.0,0.0,18473,global,0.0
4,1,lr5e-05_bs16_drop0p2_temp2p0_a0p25_b0p05__wd1e-04trmiss0_degmodglobal,16,5e-05,0.0001,0.2,2.0,0.25,0.05,lr5e-05_bs16_drop0p2_temp2p0_a0p25_b0p05__wd1e-04trmiss0_degmodglobal,31,0.488203264772892,0.6405262351036072,0.6444444444444444,0.8136955636955638,0.6428571428571429,0.0,0.4815236106514931,0.46914851665496826,0.055474959779530764,0.10372023284435272,0.0,0.0,0.0,0.0,0.0,18473,global,0.0
4,1,lr5e-05_bs16_drop0p2_temp2p0_a0p25_b0p05__wd1e-04trmiss0_degmodglobal,16,5e-05,0.0001,0.2,2.0,0.25,0.05,lr5e-05_bs16_drop0p2_temp2p0_a0p25_b0p05__wd1e-04trmiss0_degmodglobal,32,0.4954609200358391,0.640572726726532,0.6222222222222222,0.8066248566248566,0.6428571428571429,0.0,0.5087234899401665,0.47814691066741943,0.045041059609502554,0.121074628084898,0.0,0.0,0.0,0.0,0.0,18473,global,0.0
4,1,lr5e-05_bs16_drop0p2_temp2p0_a0p25_b0p05__wd1e-04trmiss0_degmodglobal,16,5e-05,0.0001,0.2,2.0,0.25,0.05,lr5e-05_bs16_drop0p2_temp2p0_a0p25_b0p05__wd1e-04trmiss0_degmodglobal,33,0.4823596477508545,0.6400104761123657,0.6666666666666666,0.8223375390042058,0.6428571428571429,0.0,0.49962370097637177,0.46619515866041183,0.040356914745643735,0.12150533124804497,0.0,0.0,0.0,0.0,0.0,18473,global,0.0
4,1,lr5e-05_bs16_drop0p2_temp2p0_a0p25_b0p05__wd1e-04trmiss0_degmodglobal,16,5e-05,0.0001,0.2,2.0,0.25,0.05,lr5e-05_bs16_drop0p2_temp2p0_a0p25_b0p05__wd1e-04trmiss0_degmodglobal,34,0.5565876364707947,0.6405599117279053,0.6444444444444444,0.8136955636955638,0.5714285714285714,0.0,0.5428353697061539,0.5420416593551636,0.03935815952718258,0.09412884246557951,0.0,0.0,0.0,0.0,0.0,18473,global,0.0
4,1,lr5e-05_bs16_drop0p2_temp2p0_a0p25_b0p05__wd1e-04trmiss0_degmodglobal,16,5e-05,0.0001,0.2,2.0,0.25,0.05,lr5e-05_bs16_drop0p2_temp2p0_a0p25_b0p05__wd1e-04trmiss0_degmodglobal,35,0.4973933473229408,0.6362587213516235,0.6222222222222222,0.8066248566248566,0.6428571428571429,0.0,0.524182453751564,0.481949046254158,0.036938007920980453,0.12419597432017326,0.0,0.0,0.0,0.0,0.0,18473,global,0.0
4,1,lr5e-05_bs16_drop0p2_temp2p0_a0p25_b0p05__wd1e-04trmiss0_degmodglobal,16,5e-05,0.0001,0.2,2.0,0.25,0.05,lr5e-05_bs16_drop0p2_temp2p0_a0p25_b0p05__wd1e-04trmiss0_degmodglobal,36,0.5235098972916603,0.6341498494148254,0.6222222222222222,0.8066248566248566,0.6428571428571429,0.0,0.525546595454216,0.5125841647386551,0.02984712738543749,0.06927928887307644,0.0,0.0,0.0,0.0,0.0,18473,global,0.0
4,1,lr5e-05_bs16_drop0p2_temp2p0_a0p25_b0p05__wd1e-04trmiss0_degmodglobal,16,5e-05,0.0001,0.2,2.0,0.25,0.05,lr5e-05_bs16_drop0p2_temp2p0_a0p25_b0p05__wd1e-04trmiss0_degmodglobal,37,0.4790308400988579,0.6349485516548157,0.6222222222222222,0.8066248566248566,0.6428571428571429,0.0,0.4747505336999893,0.4590708538889885,0.05279246065765619,0.13523737899959087,0.0,0.0,0.0,0.0,0.0,18473,global,0.0
4,1,lr5e-05_bs16_drop0p2_temp2p0_a0p25_b0p05__wd1e-04trmiss0_degmodglobal,16,5e-05,0.0001,0.2,2.0,0.25,0.05,lr5e-05_bs16_drop0p2_temp2p0_a0p25_b0p05__wd1e-04trmiss0_degmodglobal,38,0.5005690008401871,0.6344799399375916,0.6444444444444444,0.828847078847079,0.6428571428571429,0.0,0.4957186281681061,0.48406702280044556,0.043045185040682554,0.11481356620788574,0.0,0.0,0.0,0.0,0.0,18473,global,0.0
4,1,lr5e-05_bs16_drop0p2_temp2p0_a0p25_b0p05__wd1e-04trmiss0_degmodglobal,16,5e-05,0.0001,0.2,2.0,0.25,0.05,lr5e-05_bs16_drop0p2_temp2p0_a0p25_b0p05__wd1e-04trmiss0_degmodglobal,39,0.4962543249130249,0.6364911198616028,0.6444444444444444,0.828847078847079,0.6428571428571429,0.0,0.5030534490942955,0.4828183576464653,0.03722516447305679,0.08259336790069938,0.0,0.0,0.0,0.0,0.0,18473,global,0.0
4,1,lr5e-05_bs16_drop0p2_temp2p0_a0p25_b0p05__wd1e-04trmiss0_degmodglobal,16,5e-05,0.0001,0.2,2.0,0.25,0.05,lr5e-05_bs16_drop0p2_temp2p0_a0p25_b0p05__wd1e-04trmiss0_degmodglobal,40,0.5258560329675674,0.639797568321228,0.6444444444444444,0.828847078847079,0.6428571428571429,0.0,0.5329906344413757,0.5114496648311615,0.037189601454883814,0.10217956826090813,0.0,0.0,0.0,0.0,0.0,18473,global,0.0
4,1,lr5e-05_bs16_drop0p2_temp2p0_a0p25_b0p05__wd1e-04trmiss0_degmodglobal,16,5e-05,0.0001,0.2,2.0,0.25,0.05,lr5e-05_bs16_drop0p2_temp2p0_a0p25_b0p05__wd1e-04trmiss0_degmodglobal,41,0.4781370684504509,0.6418269276618958,0.5777777777777777,0.7825507825507827,0.6428571428571429,0.0,0.4848279058933258,0.4630711302161217,0.04368006158620119,0.08291851542890072,0.0,0.0,0.0,0.0,0.0,18473,global,0.0
4,1,lr5e-05_bs16_drop0p2_temp2p0_a0p25_b0p05__wd1e-04trmiss0_degmodglobal,16,5e-05,0.0001,0.2,2.0,0.25,0.05,lr5e-05_bs16_drop0p2_temp2p0_a0p25_b0p05__wd1e-04trmiss0_degmodglobal,42,0.47527026385068893,0.6421661376953125,0.6,0.7973655973655975,0.6428571428571429,0.0,0.5028327032923698,0.4571159705519676,0.04929060488939285,0.11663285084068775,0.0,0.0,0.0,0.0,0.0,18473,global,0.0
4,1,lr5e-05_bs16_drop0p2_temp2p0_a0p25_b0p05__wd1e-04trmiss0_degmodglobal,16,5e-05,0.0001,0.2,2.0,0.25,0.05,lr5e-05_bs16_drop0p2_temp2p0_a0p25_b0p05__wd1e-04trmiss0_degmodglobal,43,0.48761942982673645,0.645003080368042,0.5777777777777777,0.7825507825507827,0.6428571428571429,0.0,0.46940209716558456,0.47142258286476135,0.044454358983784914,0.10166533477604389,0.0,0.0,0.0,0.0,0.0,18473,global,0.0
4,1,lr5e-05_bs16_drop0p2_temp2p0_a0p25_b0p05__wd1e-04trmiss0_degmodglobal,16,5e-05,0.0001,0.2,2.0,0.25,0.05,lr5e-05_bs16_drop0p2_temp2p0_a0p25_b0p05__wd1e-04trmiss0_degmodglobal,44,0.4716098755598068,0.6441225409507751,0.5555555555555555,0.7726301476301476,0.6428571428571429,0.0,0.49880748242139816,0.45359446853399277,0.05159620847553015,0.10232723318040371,0.0,0.0,0.0,0.0,0.0,18473,global,0.0
4,1,lr5e-05_bs16_drop0p4_temp1p0_a0p25_b0p05__wd1e-04trmiss0_degmodglobal,16,5e-05,0.0001,0.4,1.0,0.25,0.05,lr5e-05_bs16_drop0p4_temp1p0_a0p25_b0p05__wd1e-04trmiss0_degmodglobal,1,0.7555400133132935,0.7065536975860596,0.5777777777777777,0.7630832130832133,0.42857142857142855,0.0,0.6567147970199585,0.720812514424324,0.08174735121428967,0.28581322357058525,0.0,0.0,0.0,0.0,0.0,18473,global,0.0
4,1,lr5e-05_bs16_drop0p4_temp1p0_a0p25_b0p05__wd1e-04trmiss0_degmodglobal,16,5e-05,0.0001,0.4,1.0,0.25,0.05,lr5e-05_bs16_drop0p4_temp1p0_a0p25_b0p05__wd1e-04trmiss0_degmodglobal,2,0.7833636850118637,0.7069770693778992,0.5777777777777777,0.7372134038800706,0.42857142857142855,0.0,0.6670566201210022,0.7494517117738724,0.08357991557568312,0.26034001260995865,0.0,0.0,0.0,0.0,0.0,18473,global,0.0
4,1,lr5e-05_bs16_drop0p4_temp1p0_a0p25_b0p05__wd1e-04trmiss0_degmodglobal,16,5e-05,0.0001,0.4,1.0,0.25,0.05,lr5e-05_bs16_drop0p4_temp1p0_a0p25_b0p05__wd1e-04trmiss0_degmodglobal,3,0.6938641518354416,0.7044321298599243,0.6222222222222222,0.7890652557319224,0.5,0.0,0.6786462664604187,0.6735374927520752,0.05982049182057381,0.10743070812895894,0.0,0.0,0.0,0.0,0.0,18473,global,0.0
4,1,lr5e-05_bs16_drop0p4_temp1p0_a0p25_b0p05__wd1e-04trmiss0_degmodglobal,16,5e-05,0.0001,0.4,1.0,0.25,0.05,lr5e-05_bs16_drop0p4_temp1p0_a0p25_b0p05__wd1e-04trmiss0_degmodglobal,4,0.6950879544019699,0.7022523283958435,0.6444444444444444,0.8022927689594357,0.5,0.0,0.6322816759347916,0.6730707585811615,0.05818163696676493,0.14943542890250683,0.0,0.0,0.0,0.0,0.0,18473,global,0.0
4,1,lr5e-05_bs16_drop0p4_temp1p0_a0p25_b0p05__wd1e-04trmiss0_degmodglobal,16,5e-05,0.0001,0.4,1.0,0.25,0.05,lr5e-05_bs16_drop0p4_temp1p0_a0p25_b0p05__wd1e-04trmiss0_degmodglobal,5,0.6842533499002457,0.6982272267341614,0.6666666666666667,0.8090267756934424,0.5,0.0,0.6529858261346817,0.6494457721710205,0.08971024677157402,0.24760083109140396,0.0,0.0,0.0,0.0,0.0,18473,global,0.0
4,1,lr5e-05_bs16_drop0p4_temp1p0_a0p25_b0p05__wd1e-04trmiss0_degmodglobal,16,5e-05,0.0001,0.4,1.0,0.25,0.05,lr5e-05_bs16_drop0p4_temp1p0_a0p25_b0p05__wd1e-04trmiss0_degmodglobal,6,0.6866175532341003,0.6944543719291687,0.7111111111111111,0.8448853615520284,0.5714285714285714,0.0,0.6413169354200363,0.6605506092309952,0.06827281787991524,0.1799748856574297,0.0,0.0,0.0,0.0,0.0,18473,global,0.0
4,1,lr5e-05_bs16_drop0p4_temp1p0_a0p25_b0p05__wd1e-04trmiss0_degmodglobal,16,5e-05,0.0001,0.4,1.0,0.25,0.05,lr5e-05_bs16_drop0p4_temp1p0_a0p25_b0p05__wd1e-04trmiss0_degmodglobal,7,0.6695887595415115,0.6886345744132996,0.7111111111111111,0.8448853615520284,0.5714285714285714,0.0,0.6184699684381485,0.6390913724899292,0.08780217543244362,0.17093670601025224,0.0,0.0,0.0,0.0,0.0,18473,global,0.0
4,1,lr5e-05_bs16_drop0p4_temp1p0_a0p25_b0p05__wd1e-04trmiss0_degmodglobal,16,5e-05,0.0001,0.4,1.0,0.25,0.05,lr5e-05_bs16_drop0p4_temp1p0_a0p25_b0p05__wd1e-04trmiss0_degmodglobal,8,0.6951348930597305,0.6903776526451111,0.7111111111111111,0.8448853615520284,0.5714285714285714,0.0,0.6309463381767273,0.6692920029163361,0.08271479047834873,0.1032837862148881,0.0,0.0,0.0,0.0,0.0,18473,global,0.0
4,1,lr5e-05_bs16_drop0p4_temp1p0_a0p25_b0p05__wd1e-04trmiss0_degmodglobal,16,5e-05,0.0001,0.4,1.0,0.25,0.05,lr5e-05_bs16_drop0p4_temp1p0_a0p25_b0p05__wd1e-04trmiss0_degmodglobal,9,0.6791824996471405,0.6866504549980164,0.6888888888888889,0.8368045534712203,0.5714285714285714,0.0,0.5758877620100975,0.6444621831178665,0.09553164709359407,0.21674798801541328,0.0,0.0,0.0,0.0,0.0,18473,global,0.0
4,1,lr5e-05_bs16_drop0p4_temp1p0_a0p25_b0p05__wd1e-04trmiss0_degmodglobal,16,5e-05,0.0001,0.4,1.0,0.25,0.05,lr5e-05_bs16_drop0p4_temp1p0_a0p25_b0p05__wd1e-04trmiss0_degmodglobal,10,0.6187669783830643,0.6842657327651978,0.6666666666666666,0.8281625781625783,0.5714285714285714,0.0,0.6087846904993057,0.583964079618454,0.09352419059723616,0.22843665536493063,0.0,0.0,0.0,0.0,0.0,18473,global,0.0
4,1,lr5e-05_bs16_drop0p4_temp1p0_a0p25_b0p05__wd1e-04trmiss0_degmodglobal,16,5e-05,0.0001,0.4,1.0,0.25,0.05,lr5e-05_bs16_drop0p4_temp1p0_a0p25_b0p05__wd1e-04trmiss0_degmodglobal,11,0.660744309425354,0.6827431321144104,0.7333333333333333,0.877545294211961,0.5714285714285714,0.0,0.6076317727565765,0.6300388127565384,0.08555102348327637,0.1863549631088972,0.0,0.0,0.0,0.0,0.0,18473,global,0.0
4,1,lr5e-05_bs16_drop0p4_temp1p0_a0p25_b0p05__wd1e-04trmiss0_degmodglobal,16,5e-05,0.0001,0.4,1.0,0.25,0.05,lr5e-05_bs16_drop0p4_temp1p0_a0p25_b0p05__wd1e-04trmiss0_degmodglobal,12,0.6558808088302612,0.6830969452857971,0.7111111111111111,0.8689033189033191,0.6428571428571429,0.0,0.5854316651821136,0.6325922459363937,0.06375655625015497,0.14698856323957443,0.0,0.0,0.0,0.0,0.0,18473,global,0.0
4,1,lr5e-05_bs16_drop0p4_temp1p0_a0p25_b0p05__wd1e-04trmiss0_degmodglobal,16,5e-05,0.0001,0.4,1.0,0.25,0.05,lr5e-05_bs16_drop0p4_temp1p0_a0p25_b0p05__wd1e-04trmiss0_degmodglobal,13,0.6574570685625076,0.6758630275726318,0.7333333333333333,0.877545294211961,0.7142857142857143,0.0,0.5884258449077606,0.6214139312505722,0.09443844109773636,0.24867035821080208,0.0,0.0,0.0,0.0,0.0,18473,global,0.0
4,1,lr5e-05_bs16_drop0p4_temp1p0_a0p25_b0p05__wd1e-04trmiss0_degmodglobal,16,5e-05,0.0001,0.4,1.0,0.25,0.05,lr5e-05_bs16_drop0p4_temp1p0_a0p25_b0p05__wd1e-04trmiss0_degmodglobal,14,0.6362742334604263,0.6714422106742859,0.7333333333333333,0.877545294211961,0.7142857142857143,0.0,0.5820596218109131,0.6005770564079285,0.09631536342203617,0.23236621916294098,0.0,0.0,0.0,0.0,0.0,18473,global,0.0
4,1,lr5e-05_bs16_drop0p4_temp1p0_a0p25_b0p05__wd1e-04trmiss0_degmodglobal,16,5e-05,0.0001,0.4,1.0,0.25,0.05,lr5e-05_bs16_drop0p4_temp1p0_a0p25_b0p05__wd1e-04trmiss0_degmodglobal,15,0.6372149437665939,0.6666277647018433,0.7555555555555555,0.8863025863025864,0.7142857142857143,0.0,0.616388127207756,0.6102684885263443,0.07836812175810337,0.14708824083209038,0.0,0.0,0.0,0.0,0.0,18473,global,0.0
4,1,lr5e-05_bs16_drop0p4_temp1p0_a0p25_b0p05__wd1e-04trmiss0_degmodglobal,16,5e-05,0.0001,0.4,1.0,0.25,0.05,lr5e-05_bs16_drop0p4_temp1p0_a0p25_b0p05__wd1e-04trmiss0_degmodglobal,16,0.6428953260183334,0.6640790700912476,0.7777777777777778,0.9021756021756022,0.7142857142857143,0.0,0.5752948820590973,0.6169752180576324,0.07225723005831242,0.15711626410484314,0.0,0.0,0.0,0.0,0.0,18473,global,0.0
4,1,lr5e-05_bs16_drop0p4_temp1p0_a0p25_b0p05__wd1e-04trmiss0_degmodglobal,16,5e-05,0.0001,0.4,1.0,0.25,0.05,lr5e-05_bs16_drop0p4_temp1p0_a0p25_b0p05__wd1e-04trmiss0_degmodglobal,17,0.6354338973760605,0.6730024814605713,0.7777777777777778,0.8911206077872746,0.7142857142857143,0.0,0.5801653414964676,0.6024276912212372,0.09150845371186733,0.20258192531764507,0.0,0.0,0.0,0.0,0.0,18473,global,0.0
4,1,lr5e-05_bs16_drop0p4_temp1p0_a0p25_b0p05__wd1e-04trmiss0_degmodglobal,16,5e-05,0.0001,0.4,1.0,0.25,0.05,lr5e-05_bs16_drop0p4_temp1p0_a0p25_b0p05__wd1e-04trmiss0_degmodglobal,18,0.6560185104608536,0.666989266872406,0.7777777777777778,0.8911206077872746,0.7142857142857143,0.0,0.5982245355844498,0.6242034584283829,0.08339505176991224,0.21932565327733755,0.0,0.0,0.0,0.0,0.0,18473,global,0.0
4,1,lr5e-05_bs16_drop0p4_temp1p0_a0p25_b0p05__wd1e-04trmiss0_degmodglobal,16,5e-05,0.0001,0.4,1.0,0.25,0.05,lr5e-05_bs16_drop0p4_temp1p0_a0p25_b0p05__wd1e-04trmiss0_degmodglobal,19,0.6728032678365707,0.667681872844696,0.7777777777777778,0.8911206077872746,0.7142857142857143,0.0,0.599434420466423,0.6474257260560989,0.06735598854720592,0.17077104933559895,0.0,0.0,0.0,0.0,0.0,18473,global,0.0
4,1,lr5e-05_bs16_drop0p4_temp1p0_a0p25_b0p05__wd1e-04trmiss0_degmodglobal,16,5e-05,0.0001,0.4,1.0,0.25,0.05,lr5e-05_bs16_drop0p4_temp1p0_a0p25_b0p05__wd1e-04trmiss0_degmodglobal,20,0.6452701985836029,0.6717194318771362,0.7555555555555555,0.8830397997064665,0.7142857142857143,0.0,0.6160467267036438,0.6230873167514801,0.06243951804935932,0.1314599346369505,0.0,0.0,0.0,0.0,0.0,18473,global,0.0
4,1,lr5e-05_bs16_drop0p4_temp1p0_a0p25_b0p05__wd1e-04trmiss0_degmodglobal,16,5e-05,0.0001,0.4,1.0,0.25,0.05,lr5e-05_bs16_drop0p4_temp1p0_a0p25_b0p05__wd1e-04trmiss0_degmodglobal,21,0.6507599353790283,0.6731765270233154,0.7333333333333333,0.8743978243978245,0.7142857142857143,0.0,0.6156851947307587,0.6286619603633881,0.06577704474329948,0.11307417415082455,0.0,0.0,0.0,0.0,0.0,18473,global,0.0
4,1,lr5e-05_bs16_drop0p4_temp1p0_a0p25_b0p05__wd1e-04trmiss0_degmodglobal,16,5e-05,0.0001,0.4,1.0,0.25,0.05,lr5e-05_bs16_drop0p4_temp1p0_a0p25_b0p05__wd1e-04trmiss0_degmodglobal,22,0.6457999050617218,0.6718558669090271,0.7333333333333333,0.8743978243978245,0.7142857142857143,0.0,0.5955130159854889,0.6184061616659164,0.06988625321537256,0.19844350591301918,0.0,0.0,0.0,0.0,0.0,18473,global,0.0
4,1,lr5e-05_bs16_drop0p4_temp1p0_a0p25_b0p05__wd1e-04trmiss0_degmodglobal,16,5e-05,0.0001,0.4,1.0,0.25,0.05,lr5e-05_bs16_drop0p4_temp1p0_a0p25_b0p05__wd1e-04trmiss0_degmodglobal,23,0.6428969353437424,0.6761659979820251,0.7555555555555555,0.8856261022927692,0.7142857142857143,0.0,0.5835523009300232,0.6171306520700455,0.06779695861041546,0.1763409897685051,0.0,0.0,0.0,0.0,0.0,18473,global,0.0
4,1,lr5e-05_bs16_drop0p4_temp1p0_a0p25_b0p05__wd1e-04trmiss0_degmodglobal,16,5e-05,0.0001,0.4,1.0,0.25,0.05,lr5e-05_bs16_drop0p4_temp1p0_a0p25_b0p05__wd1e-04trmiss0_degmodglobal,24,0.636126846075058,0.6769965291023254,0.7555555555555555,0.8856261022927692,0.7142857142857143,0.0,0.5706287622451782,0.6045258194208145,0.08509363792836666,0.20655257999897003,0.0,0.0,0.0,0.0,0.0,18473,global,0.0
4,1,lr5e-05_bs16_drop0p4_temp1p0_a0p25_b0p05__wd1e-04trmiss0_degmodglobal,16,5e-05,0.0001,0.4,1.0,0.25,0.05,lr5e-05_bs16_drop0p4_temp1p0_a0p25_b0p05__wd1e-04trmiss0_degmodglobal,25,0.616512805223465,0.6784433722496033,0.7333333333333333,0.877545294211961,0.7142857142857143,0.0,0.5947877764701843,0.586422860622406,0.0831725224852562,0.185936002060771,0.0,0.0,0.0,0.0,0.0,18473,global,0.0
4,1,lr5e-05_bs16_drop0p4_temp1p0_a0p25_b0p05__wd1e-04trmiss0_degmodglobal,16,5e-05,0.0001,0.4,1.0,0.25,0.05,lr5e-05_bs16_drop0p4_temp1p0_a0p25_b0p05__wd1e-04trmiss0_degmodglobal,26,0.611178919672966,0.6786444783210754,0.7555555555555555,0.8830397997064665,0.7142857142857143,0.0,0.5561477839946747,0.5901979357004166,0.058620082680135965,0.12651928793638945,0.0,0.0,0.0,0.0,0.0,18473,global,0.0
4,1,lr5e-05_bs16_drop0p4_temp1p0_a0p25_b0p05__wd1e-04trmiss0_degmodglobal,16,5e-05,0.0001,0.4,1.0,0.25,0.05,lr5e-05_bs16_drop0p4_temp1p0_a0p25_b0p05__wd1e-04trmiss0_degmodglobal,27,0.600122332572937,0.6763891577720642,0.7555555555555555,0.8830397997064665,0.6428571428571429,0.0,0.5560846403241158,0.5712815076112747,0.08126409631222486,0.17049622908234596,0.0,0.0,0.0,0.0,0.0,18473,global,0.0
4,1,lr5e-05_bs16_drop0p4_temp1p0_a0p25_b0p05__wd1e-04trmiss0_degmodglobal,16,5e-05,0.0001,0.4,1.0,0.25,0.05,lr5e-05_bs16_drop0p4_temp1p0_a0p25_b0p05__wd1e-04trmiss0_degmodglobal,28,0.6197703778743744,0.6717283129692078,0.7777777777777778,0.8911206077872746,0.7142857142857143,0.0,0.5467758551239967,0.5881590247154236,0.09146579913794994,0.1748981885612011,0.0,0.0,0.0,0.0,0.0,18473,global,0.0
4,1,lr5e-05_bs16_drop0p4_temp1p0_a0p25_b0p05__wd1e-04trmiss0_degmodglobal,16,5e-05,0.0001,0.4,1.0,0.25,0.05,lr5e-05_bs16_drop0p4_temp1p0_a0p25_b0p05__wd1e-04trmiss0_degmodglobal,29,0.5973865985870361,0.6676084399223328,0.7777777777777778,0.8911206077872746,0.7142857142857143,0.0,0.5504170954227448,0.5699252784252167,0.07483388297259808,0.17505675554275513,0.0,0.0,0.0,0.0,0.0,18473,global,0.0
4,1,lr5e-05_bs16_drop0p4_temp1p0_a0p25_b0p05__wd1e-04trmiss0_degmodglobal,16,5e-05,0.0001,0.4,1.0,0.25,0.05,lr5e-05_bs16_drop0p4_temp1p0_a0p25_b0p05__wd1e-04trmiss0_degmodglobal,30,0.6092695742845535,0.6668122410774231,0.7777777777777778,0.8911206077872746,0.7142857142857143,0.0,0.568708524107933,0.5832697153091431,0.07626430876553059,0.138675588183105,0.0,0.0,0.0,0.0,0.0,18473,global,0.0
4,1,lr5e-05_bs16_drop0p4_temp1p0_a0p25_b0p05__wd1e-04trmiss0_degmodglobal,16,5e-05,0.0001,0.4,1.0,0.25,0.05,lr5e-05_bs16_drop0p4_temp1p0_a0p25_b0p05__wd1e-04trmiss0_degmodglobal,31,0.5817543417215347,0.6651210188865662,0.7777777777777778,0.8911206077872746,0.7142857142857143,0.0,0.5601270794868469,0.5568435862660408,0.07661825977265835,0.11512403469532728,0.0,0.0,0.0,0.0,0.0,18473,global,0.0
4,1,lr5e-05_bs16_drop0p4_temp1p0_a0p25_b0p05__wd1e-04trmiss0_degmodglobal,16,5e-05,0.0001,0.4,1.0,0.25,0.05,lr5e-05_bs16_drop0p4_temp1p0_a0p25_b0p05__wd1e-04trmiss0_degmodglobal,32,0.6193170845508575,0.6652769446372986,0.7777777777777778,0.8911206077872746,0.7142857142857143,0.0,0.5355325639247894,0.5843473970890045,0.10262549668550491,0.18626627698540688,0.0,0.0,0.0,0.0,0.0,18473,global,0.0
4,1,lr5e-05_bs16_drop0p4_temp1p0_a0p25_b0p05__wd1e-04trmiss0_degmodglobal,16,5e-05,0.0001,0.4,1.0,0.25,0.05,lr5e-05_bs16_drop0p4_temp1p0_a0p25_b0p05__wd1e-04trmiss0_degmodglobal,33,0.617158830165863,0.6685907244682312,0.7777777777777778,0.8911206077872746,0.7142857142857143,0.0,0.553943857550621,0.5947175770998001,0.06351122632622719,0.13126911222934723,0.0,0.0,0.0,0.0,0.0,18473,global,0.0
4,1,lr5e-05_bs16_drop0p4_temp1p0_a0p25_b0p05__wd1e-04trmiss0_degmodglobal,16,5e-05,0.0001,0.4,1.0,0.25,0.05,lr5e-05_bs16_drop0p4_temp1p0_a0p25_b0p05__wd1e-04trmiss0_degmodglobal,34,0.597345381975174,0.6707605719566345,0.7777777777777778,0.8911206077872746,0.7142857142857143,0.0,0.6032366752624512,0.5733048468828201,0.06746549066156149,0.14348327182233334,0.0,0.0,0.0,0.0,0.0,18473,global,0.0
4,1,lr5e-05_bs16_drop0p4_temp1p0_a0p25_b0p05__wd1e-04trmiss0_degmodglobal,16,5e-05,0.0001,0.4,1.0,0.25,0.05,lr5e-05_bs16_drop0p4_temp1p0_a0p25_b0p05__wd1e-04trmiss0_degmodglobal,35,0.6019859910011292,0.6694920659065247,0.7777777777777778,0.8911206077872746,0.7142857142857143,0.0,0.5712051540613174,0.5775117129087448,0.07304503954946995,0.12426039762794971,0.0,0.0,0.0,0.0,0.0,18473,global,0.0
4,1,lr5e-05_bs16_drop0p4_temp1p0_a0p25_b0p05__wd1e-04trmiss0_degmodglobal,16,5e-05,0.0001,0.4,1.0,0.25,0.05,lr5e-05_bs16_drop0p4_temp1p0_a0p25_b0p05__wd1e-04trmiss0_degmodglobal,36,0.5977133810520172,0.66593998670578,0.8,0.9030253696920365,0.7142857142857143,0.0,0.5448412001132965,0.5698401927947998,0.07988221291452646,0.15805282071232796,0.0,0.0,0.0,0.0,0.0,18473,global,0.0
4,1,lr5e-05_bs16_drop0p4_temp1p0_a0p25_b0p05__wd1e-04trmiss0_degmodglobal,16,5e-05,0.0001,0.4,1.0,0.25,0.05,lr5e-05_bs16_drop0p4_temp1p0_a0p25_b0p05__wd1e-04trmiss0_degmodglobal,37,0.6212626546621323,0.6645135879516602,0.7555555555555555,0.8830397997064665,0.7142857142857143,0.0,0.5753990709781647,0.600156158208847,0.06099357083439827,0.11716214451007545,0.0,0.0,0.0,0.0,0.0,18473,global,0.0
4,1,lr5e-05_bs16_drop0p4_temp1p0_a0p25_b0p05__wd1e-04trmiss0_degmodglobal,16,5e-05,0.0001,0.4,1.0,0.25,0.05,lr5e-05_bs16_drop0p4_temp1p0_a0p25_b0p05__wd1e-04trmiss0_degmodglobal,38,0.6105229705572128,0.6661777496337891,0.7333333333333333,0.8763057929724598,0.7142857142857143,0.0,0.5612236633896828,0.5840637534856796,0.07173121348023415,0.17052816227078438,0.0,0.0,0.0,0.0,0.0,18473,global,0.0
4,1,lr5e-05_bs16_drop0p4_temp1p0_a0p25_b0p05__wd1e-04trmiss0_degmodglobal,16,5e-05,0.0001,0.4,1.0,0.25,0.05,lr5e-05_bs16_drop0p4_temp1p0_a0p25_b0p05__wd1e-04trmiss0_degmodglobal,39,0.6018419414758682,0.6628716588020325,0.7555555555555555,0.8882105548772217,0.7142857142857143,0.0,0.5415698885917664,0.581953227519989,0.05547494348138571,0.12039959989488125,0.0,0.0,0.0,0.0,0.0,18473,global,0.0
4,1,lr5e-05_bs16_drop0p4_temp1p0_a0p25_b0p05__wd1e-04trmiss0_degmodglobal,16,5e-05,0.0001,0.4,1.0,0.25,0.05,lr5e-05_bs16_drop0p4_temp1p0_a0p25_b0p05__wd1e-04trmiss0_degmodglobal,40,0.625791922211647,0.6619633436203003,0.7777777777777777,0.9040835707502375,0.7142857142857143,0.0,0.5494532883167267,0.5988428592681885,0.07919159159064293,0.14302338752895594,0.0,0.0,0.0,0.0,0.0,18473,global,0.0
4,1,lr5e-05_bs16_drop0p4_temp1p0_a0p25_b0p05__wd1e-04trmiss0_degmodglobal,16,5e-05,0.0001,0.4,1.0,0.25,0.05,lr5e-05_bs16_drop0p4_temp1p0_a0p25_b0p05__wd1e-04trmiss0_degmodglobal,41,0.5929868817329407,0.6602053642272949,0.8,0.9108175774842442,0.7142857142857143,0.0,0.5206441506743431,0.5691356360912323,0.07127154991030693,0.12066672742366791,0.0,0.0,0.0,0.0,0.0,18473,global,0.0
4,1,lr5e-05_bs16_drop0p4_temp1p0_a0p25_b0p05__wd1e-04trmiss0_degmodglobal,16,5e-05,0.0001,0.4,1.0,0.25,0.05,lr5e-05_bs16_drop0p4_temp1p0_a0p25_b0p05__wd1e-04trmiss0_degmodglobal,42,0.6088144779205322,0.6582004427909851,0.8,0.9108175774842442,0.7142857142857143,0.0,0.5526251941919327,0.5854553580284119,0.06749633233994246,0.12970025092363358,0.0,0.0,0.0,0.0,0.0,18473,global,0.0
4,1,lr5e-05_bs16_drop0p4_temp1p0_a0p25_b0p05__wd1e-04trmiss0_degmodglobal,16,5e-05,0.0001,0.4,1.0,0.25,0.05,lr5e-05_bs16_drop0p4_temp1p0_a0p25_b0p05__wd1e-04trmiss0_degmodglobal,43,0.6216621100902557,0.6614530086517334,0.8222222222222222,0.9188983855650523,0.7142857142857143,0.0,0.5657497197389603,0.6000524014234543,0.0673199761658907,0.09559413883835077,0.0,0.0,0.0,0.0,0.0,18473,global,0.0
4,1,lr5e-05_bs16_drop0p4_temp1p0_a0p25_b0p05__wd1e-04trmiss0_degmodglobal,16,5e-05,0.0001,0.4,1.0,0.25,0.05,lr5e-05_bs16_drop0p4_temp1p0_a0p25_b0p05__wd1e-04trmiss0_degmodglobal,44,0.5991970002651215,0.659389853477478,0.8222222222222222,0.9188983855650523,0.7142857142857143,0.0,0.5444379523396492,0.5678878873586655,0.09290437586605549,0.1616605445742607,0.0,0.0,0.0,0.0,0.0,18473,global,0.0
4,1,lr5e-05_bs16_drop0p4_temp1p0_a0p25_b0p05__wd1e-04trmiss0_degmodglobal,16,5e-05,0.0001,0.4,1.0,0.25,0.05,lr5e-05_bs16_drop0p4_temp1p0_a0p25_b0p05__wd1e-04trmiss0_degmodglobal,45,0.6206138730049133,0.6572959423065186,0.7777777777777777,0.9040835707502375,0.7142857142857143,0.0,0.5238906964659691,0.5908370316028595,0.08256068266928196,0.18273309245705605,0.0,0.0,0.0,0.0,0.0,18473,global,0.0
4,1,lr5e-05_bs16_drop0p4_temp1p0_a0p25_b0p05__wd1e-04trmiss0_degmodglobal,16,5e-05,0.0001,0.4,1.0,0.25,0.05,lr5e-05_bs16_drop0p4_temp1p0_a0p25_b0p05__wd1e-04trmiss0_degmodglobal,46,0.5736557245254517,0.6611838340759277,0.8,0.9030253696920365,0.7142857142857143,0.0,0.5140735954046249,0.5442688465118408,0.08468450233340263,0.1643150970339775,0.0,0.0,0.0,0.0,0.0,18473,global,0.0
4,1,lr5e-05_bs16_drop0p4_temp1p0_a0p25_b0p05__wd1e-04trmiss0_degmodglobal,16,5e-05,0.0001,0.4,1.0,0.25,0.05,lr5e-05_bs16_drop0p4_temp1p0_a0p25_b0p05__wd1e-04trmiss0_degmodglobal,47,0.6426668912172318,0.663847804069519,0.7777777777777778,0.8911206077872746,0.7142857142857143,0.0,0.5477578490972519,0.6110441535711288,0.08642338216304779,0.2003375105559826,0.0,0.0,0.0,0.0,0.0,18473,global,0.0
4,1,lr5e-05_bs16_drop0p4_temp1p0_a0p25_b0p05__wd1e-04trmiss0_degmodglobal,16,5e-05,0.0001,0.4,1.0,0.25,0.05,lr5e-05_bs16_drop0p4_temp1p0_a0p25_b0p05__wd1e-04trmiss0_degmodglobal,48,0.6052213460206985,0.6658035516738892,0.7777777777777778,0.8911206077872746,0.7142857142857143,0.0,0.4973163977265358,0.571946993470192,0.08942270837724209,0.2183736301958561,0.0,0.0,0.0,0.0,0.0,18473,global,0.0
4,1,lr5e-05_bs16_drop0p4_temp1p0_a0p25_b0p05__wd1e-04trmiss0_degmodglobal,16,5e-05,0.0001,0.4,1.0,0.25,0.05,lr5e-05_bs16_drop0p4_temp1p0_a0p25_b0p05__wd1e-04trmiss0_degmodglobal,49,0.5903318524360657,0.6671165227890015,0.7555555555555555,0.8830397997064665,0.7142857142857143,0.0,0.5553372502326965,0.5596460253000259,0.07972306944429874,0.21510108187794685,0.0,0.0,0.0,0.0,0.0,18473,global,0.0
4,1,lr5e-05_bs16_drop0p4_temp1p0_a0p25_b0p05__wd1e-04trmiss0_degmodglobal,16,5e-05,0.0001,0.4,1.0,0.25,0.05,lr5e-05_bs16_drop0p4_temp1p0_a0p25_b0p05__wd1e-04trmiss0_degmodglobal,50,0.6491864025592804,0.6651677489280701,0.7555555555555555,0.8830397997064665,0.6428571428571429,0.0,0.5584957152605057,0.6238526105880737,0.07394861057400703,0.13693279400467873,0.0,0.0,0.0,0.0,0.0,18473,global,0.0
4,1,lr5e-05_bs16_drop0p4_temp1p0_a0p25_b0p05__wd1e-04trmiss0_degmodglobal,16,5e-05,0.0001,0.4,1.0,0.25,0.05,lr5e-05_bs16_drop0p4_temp1p0_a0p25_b0p05__wd1e-04trmiss0_degmodglobal,51,0.601168230175972,0.6606096625328064,0.8222222222222222,0.9188983855650523,0.6428571428571429,0.0,0.5325297117233276,0.5723551511764526,0.07991414610296488,0.17669042944908142,0.0,0.0,0.0,0.0,0.0,18473,global,0.0
4,1,lr5e-05_bs16_drop0p4_temp1p0_a0p25_b0p05__wd1e-04trmiss0_degmodglobal,16,5e-05,0.0001,0.4,1.0,0.25,0.05,lr5e-05_bs16_drop0p4_temp1p0_a0p25_b0p05__wd1e-04trmiss0_degmodglobal,52,0.6072132140398026,0.6615188121795654,0.7777777777777778,0.8949445616112284,0.6428571428571429,0.0,0.511920653283596,0.575374037027359,0.0945544708520174,0.16401095688343048,0.0,0.0,0.0,0.0,0.0,18473,global,0.0
4,1,lr5e-05_bs16_drop0p4_temp1p0_a0p25_b0p05__wd1e-04trmiss0_degmodglobal,16,5e-05,0.0001,0.4,1.0,0.25,0.05,lr5e-05_bs16_drop0p4_temp1p0_a0p25_b0p05__wd1e-04trmiss0_degmodglobal,53,0.5997493863105774,0.6622771620750427,0.7777777777777778,0.8911206077872746,0.6428571428571429,0.0,0.5256799012422562,0.5653327405452728,0.10009401757270098,0.18786266446113586,0.0,0.0,0.0,0.0,0.0,18473,global,0.0
4,1,lr5e-05_bs16_drop0p4_temp1p0_a0p25_b0p05__wd1e-04trmiss0_degmodglobal,16,5e-05,0.0001,0.4,1.0,0.25,0.05,lr5e-05_bs16_drop0p4_temp1p0_a0p25_b0p05__wd1e-04trmiss0_degmodglobal,54,0.6102931648492813,0.6606637835502625,0.7777777777777778,0.8911206077872746,0.7142857142857143,0.0,0.5310614332556725,0.5736531764268875,0.10621193423867226,0.2017400711774826,0.0,0.0,0.0,0.0,0.0,18473,global,0.0
4,1,lr5e-05_bs16_drop0p4_temp1p0_a0p25_b0p05__wd1e-04trmiss0_degmodglobal,16,5e-05,0.0001,0.4,1.0,0.25,0.05,lr5e-05_bs16_drop0p4_temp1p0_a0p25_b0p05__wd1e-04trmiss0_degmodglobal,55,0.5906074047088623,0.6615943312644958,0.7777777777777778,0.8911206077872746,0.7142857142857143,0.0,0.5005654245615005,0.5568463355302811,0.09175143949687481,0.21646416187286377,0.0,0.0,0.0,0.0,0.0,18473,global,0.0
4,1,lr5e-05_bs16_drop0p4_temp1p0_a0p25_b0p05__wd1e-04trmiss0_degmodglobal,16,5e-05,0.0001,0.4,1.0,0.25,0.05,lr5e-05_bs16_drop0p4_temp1p0_a0p25_b0p05__wd1e-04trmiss0_degmodglobal,56,0.591881588101387,0.6620190739631653,0.7777777777777778,0.8911206077872746,0.7142857142857143,0.0,0.5239727050065994,0.5635718256235123,0.08351457305252552,0.1486225351691246,0.0,0.0,0.0,0.0,0.0,18473,global,0.0
4,1,lr5e-05_bs16_drop0p4_temp1p0_a0p25_b0p05__wd1e-04trmiss0_degmodglobal,16,5e-05,0.0001,0.4,1.0,0.25,0.05,lr5e-05_bs16_drop0p4_temp1p0_a0p25_b0p05__wd1e-04trmiss0_degmodglobal,57,0.6213822364807129,0.6647847890853882,0.7777777777777778,0.8911206077872746,0.7142857142857143,0.0,0.5349171087145805,0.5885341316461563,0.08663837425410748,0.22377010434865952,0.0,0.0,0.0,0.0,0.0,18473,global,0.0
4,1,lr5e-05_bs16_drop0p4_temp1p0_a0p25_b0p05__wd1e-04trmiss0_degmodglobal,16,5e-05,0.0001,0.4,1.0,0.25,0.05,lr5e-05_bs16_drop0p4_temp1p0_a0p25_b0p05__wd1e-04trmiss0_degmodglobal,58,0.5992172062397003,0.6583279371261597,0.7777777777777778,0.8911206077872746,0.7142857142857143,0.0,0.5205177068710327,0.5680347234010696,0.09142754040658474,0.16651181876659393,0.0,0.0,0.0,0.0,0.0,18473,global,0.0
4,1,lr5e-05_bs16_drop0p4_temp1p0_a0p25_b0p05__wd1e-04trmiss0_degmodglobal,16,5e-05,0.0001,0.4,1.0,0.25,0.05,lr5e-05_bs16_drop0p4_temp1p0_a0p25_b0p05__wd1e-04trmiss0_degmodglobal,59,0.6304700523614883,0.6544873714447021,0.7777777777777778,0.8911206077872746,0.7142857142857143,0.0,0.5401686877012253,0.6036685109138489,0.07300047762691975,0.17102842777967453,0.0,0.0,0.0,0.0,0.0,18473,global,0.0
4,1,lr5e-05_bs16_drop0p4_temp1p0_a0p25_b0p05__wd1e-04trmiss0_degmodglobal,16,5e-05,0.0001,0.4,1.0,0.25,0.05,lr5e-05_bs16_drop0p4_temp1p0_a0p25_b0p05__wd1e-04trmiss0_degmodglobal,60,0.5883275866508484,0.6612251996994019,0.7777777777777778,0.8911206077872746,0.7142857142857143,0.0,0.5233583152294159,0.5553240925073624,0.08941041678190231,0.21301763504743576,0.0,0.0,0.0,0.0,0.0,18473,global,0.0
4,1,lr5e-05_bs16_drop0p4_temp1p0_a0p25_b0p05__wd1e-04trmiss0_degmodglobal,16,5e-05,0.0001,0.4,1.0,0.25,0.05,lr5e-05_bs16_drop0p4_temp1p0_a0p25_b0p05__wd1e-04trmiss0_degmodglobal,61,0.6134763956069946,0.6621124744415283,0.7777777777777778,0.8911206077872746,0.7142857142857143,0.0,0.5666855573654175,0.5802147388458252,0.09173419885337353,0.20656248927116394,0.0,0.0,0.0,0.0,0.0,18473,global,0.0
4,1,lr5e-05_bs16_drop0p4_temp1p0_a0p25_b0p05__wd1e-04trmiss0_degmodglobal,16,5e-05,0.0001,0.4,1.0,0.25,0.05,lr5e-05_bs16_drop0p4_temp1p0_a0p25_b0p05__wd1e-04trmiss0_degmodglobal,62,0.58078433573246,0.6616384387016296,0.7777777777777778,0.8911206077872746,0.7142857142857143,0.0,0.541084423661232,0.5527287721633911,0.08225987106561661,0.14981180801987648,0.0,0.0,0.0,0.0,0.0,18473,global,0.0
4,1,lr5e-05_bs16_drop0p4_temp1p0_a0p25_b0p05__wd1e-04trmiss0_degmodglobal,16,5e-05,0.0001,0.4,1.0,0.25,0.05,lr5e-05_bs16_drop0p4_temp1p0_a0p25_b0p05__wd1e-04trmiss0_degmodglobal,63,0.5582674145698547,0.658653974533081,0.8,0.897530864197531,0.7142857142857143,0.0,0.5421177446842194,0.5295042023062706,0.08305111341178417,0.16000868007540703,0.0,0.0,0.0,0.0,0.0,18473,global,0.0
4,1,lr5e-05_bs16_drop0p4_temp1p0_a0p25_b0p05__wd1e-04trmiss0_degmodglobal,16,5e-05,0.0001,0.4,1.0,0.25,0.05,lr5e-05_bs16_drop0p4_temp1p0_a0p25_b0p05__wd1e-04trmiss0_degmodglobal,64,0.5976819843053818,0.6604316234588623,0.7777777777777778,0.8911206077872746,0.7142857142857143,0.0,0.5223889872431755,0.5742222517728806,0.07108129747211933,0.11378799751400948,0.0,0.0,0.0,0.0,0.0,18473,global,0.0
4,1,lr5e-05_bs16_drop0p4_temp2p0_a0p25_b0p05__wd1e-04trmiss0_degmodglobal,16,5e-05,0.0001,0.4,2.0,0.25,0.05,lr5e-05_bs16_drop0p4_temp2p0_a0p25_b0p05__wd1e-04trmiss0_degmodglobal,1,0.7235200554132462,0.687131941318512,0.5111111111111111,0.78335121668455,0.5,0.0,0.7309082299470901,0.6921903043985367,0.0755893737077713,0.24864834919571877,0.0,0.0,0.0,0.0,0.0,18473,global,0.0
4,1,lr5e-05_bs16_drop0p4_temp2p0_a0p25_b0p05__wd1e-04trmiss0_degmodglobal,16,5e-05,0.0001,0.4,2.0,0.25,0.05,lr5e-05_bs16_drop0p4_temp2p0_a0p25_b0p05__wd1e-04trmiss0_degmodglobal,2,0.6899854838848114,0.6867396831512451,0.39999999999999997,0.7020621353954688,0.42857142857142855,0.0,0.6783068031072617,0.6644878834486008,0.06415279675275087,0.18918806873261929,0.0,0.0,0.0,0.0,0.0,18473,global,0.0
4,1,lr5e-05_bs16_drop0p4_temp2p0_a0p25_b0p05__wd1e-04trmiss0_degmodglobal,16,5e-05,0.0001,0.4,2.0,0.25,0.05,lr5e-05_bs16_drop0p4_temp2p0_a0p25_b0p05__wd1e-04trmiss0_degmodglobal,3,0.648194208741188,0.6801710724830627,0.4222222222222222,0.7097781847781848,0.42857142857142855,0.0,0.6983141154050827,0.6218414008617401,0.06287931185215712,0.21265959739685059,0.0,0.0,0.0,0.0,0.0,18473,global,0.0
4,1,lr5e-05_bs16_drop0p4_temp2p0_a0p25_b0p05__wd1e-04trmiss0_degmodglobal,16,5e-05,0.0001,0.4,2.0,0.25,0.05,lr5e-05_bs16_drop0p4_temp2p0_a0p25_b0p05__wd1e-04trmiss0_degmodglobal,4,0.6602236181497574,0.6754099130630493,0.42222222222222217,0.7298399131732467,0.42857142857142855,0.0,0.6648460179567337,0.6301340311765671,0.07090680580586195,0.2472575157880783,0.0,0.0,0.0,0.0,0.0,18473,global,0.0
4,1,lr5e-05_bs16_drop0p4_temp2p0_a0p25_b0p05__wd1e-04trmiss0_degmodglobal,16,5e-05,0.0001,0.4,2.0,0.25,0.05,lr5e-05_bs16_drop0p4_temp2p0_a0p25_b0p05__wd1e-04trmiss0_degmodglobal,5,0.6487182378768921,0.6714529395103455,0.48888888888888893,0.7611289944623278,0.5714285714285714,0.0,0.6956168115139008,0.6153336465358734,0.08567305002361536,0.239326698705554,0.0,0.0,0.0,0.0,0.0,18473,global,0.0
4,1,lr5e-05_bs16_drop0p4_temp2p0_a0p25_b0p05__wd1e-04trmiss0_degmodglobal,16,5e-05,0.0001,0.4,2.0,0.25,0.05,lr5e-05_bs16_drop0p4_temp2p0_a0p25_b0p05__wd1e-04trmiss0_degmodglobal,6,0.668826162815094,0.6694470047950745,0.4666666666666667,0.746314179647513,0.5714285714285714,0.0,0.6591792553663254,0.6446335017681122,0.060699304565787315,0.18035639077425003,0.0,0.0,0.0,0.0,0.0,18473,global,0.0
4,1,lr5e-05_bs16_drop0p4_temp2p0_a0p25_b0p05__wd1e-04trmiss0_degmodglobal,16,5e-05,0.0001,0.4,2.0,0.25,0.05,lr5e-05_bs16_drop0p4_temp2p0_a0p25_b0p05__wd1e-04trmiss0_degmodglobal,7,0.6467719674110413,0.6679273843765259,0.4666666666666667,0.746314179647513,0.5714285714285714,0.0,0.6594102382659912,0.6207465678453445,0.06114040967077017,0.21480537578463554,0.0,0.0,0.0,0.0,0.0,18473,global,0.0
4,1,lr5e-05_bs16_drop0p4_temp2p0_a0p25_b0p05__wd1e-04trmiss0_degmodglobal,16,5e-05,0.0001,0.4,2.0,0.25,0.05,lr5e-05_bs16_drop0p4_temp2p0_a0p25_b0p05__wd1e-04trmiss0_degmodglobal,8,0.6319849789142609,0.6662914752960205,0.5111111111111111,0.7668270001603337,0.5714285714285714,0.0,0.6519965678453445,0.6046495735645294,0.06417371705174446,0.22583962604403496,0.0,0.0,0.0,0.0,0.0,18473,global,0.0
4,1,lr5e-05_bs16_drop0p4_temp2p0_a0p25_b0p05__wd1e-04trmiss0_degmodglobal,16,5e-05,0.0001,0.4,2.0,0.25,0.05,lr5e-05_bs16_drop0p4_temp2p0_a0p25_b0p05__wd1e-04trmiss0_degmodglobal,9,0.6569407433271408,0.6631745100021362,0.5777777777777777,0.8041726791726793,0.5714285714285714,0.0,0.6379409730434418,0.6361464262008667,0.0543145714327693,0.14431376848369837,0.0,0.0,0.0,0.0,0.0,18473,global,0.0
4,1,lr5e-05_bs16_drop0p4_temp2p0_a0p25_b0p05__wd1e-04trmiss0_degmodglobal,16,5e-05,0.0001,0.4,2.0,0.25,0.05,lr5e-05_bs16_drop0p4_temp2p0_a0p25_b0p05__wd1e-04trmiss0_degmodglobal,10,0.6101734191179276,0.6634489297866821,0.5555555555555556,0.7833231583231584,0.5714285714285714,0.0,0.65484419465065,0.5866007953882217,0.058977014385163784,0.1765675377100706,0.0,0.0,0.0,0.0,0.0,18473,global,0.0
4,1,lr5e-05_bs16_drop0p4_temp2p0_a0p25_b0p05__wd1e-04trmiss0_degmodglobal,16,5e-05,0.0001,0.4,2.0,0.25,0.05,lr5e-05_bs16_drop0p4_temp2p0_a0p25_b0p05__wd1e-04trmiss0_degmodglobal,11,0.6185338646173477,0.6596498489379883,0.5777777777777777,0.7890211640211642,0.6428571428571429,0.0,0.6270961612462997,0.5946132838726044,0.05798440892249346,0.18848903849720955,0.0,0.0,0.0,0.0,0.0,18473,global,0.0
4,1,lr5e-05_bs16_drop0p4_temp2p0_a0p25_b0p05__wd1e-04trmiss0_degmodglobal,16,5e-05,0.0001,0.4,2.0,0.25,0.05,lr5e-05_bs16_drop0p4_temp2p0_a0p25_b0p05__wd1e-04trmiss0_degmodglobal,12,0.5818459093570709,0.6539915800094604,0.6666666666666666,0.8333925333925336,0.6428571428571429,0.0,0.6286661028862,0.555729866027832,0.0655383039265871,0.19462898559868336,0.0,0.0,0.0,0.0,0.0,18473,global,0.0
4,1,lr5e-05_bs16_drop0p4_temp2p0_a0p25_b0p05__wd1e-04trmiss0_degmodglobal,16,5e-05,0.0001,0.4,2.0,0.25,0.05,lr5e-05_bs16_drop0p4_temp2p0_a0p25_b0p05__wd1e-04trmiss0_degmodglobal,13,0.6308104991912842,0.6405755281448364,0.7333333333333333,0.8795685795685797,0.6428571428571429,0.0,0.6157322824001312,0.6096037179231644,0.057205332443118095,0.13810939621180296,0.0,0.0,0.0,0.0,0.0,18473,global,0.0
4,1,lr5e-05_bs16_drop0p4_temp2p0_a0p25_b0p05__wd1e-04trmiss0_degmodglobal,16,5e-05,0.0001,0.4,2.0,0.25,0.05,lr5e-05_bs16_drop0p4_temp2p0_a0p25_b0p05__wd1e-04trmiss0_degmodglobal,14,0.615320011973381,0.6319541931152344,0.7333333333333333,0.8883708883708885,0.5714285714285714,0.0,0.6182413846254349,0.5974102467298508,0.04743845295161009,0.12100331112742424,0.0,0.0,0.0,0.0,0.0,18473,global,0.0
4,1,lr5e-05_bs16_drop0p4_temp2p0_a0p25_b0p05__wd1e-04trmiss0_degmodglobal,16,5e-05,0.0001,0.4,2.0,0.25,0.05,lr5e-05_bs16_drop0p4_temp2p0_a0p25_b0p05__wd1e-04trmiss0_degmodglobal,15,0.5940124839544296,0.6330468654632568,0.7555555555555555,0.8954415954415955,0.5714285714285714,0.0,0.648866280913353,0.5647036284208298,0.07006281428039074,0.23586340621113777,0.0,0.0,0.0,0.0,0.0,18473,global,0.0
4,1,lr5e-05_bs16_drop0p4_temp2p0_a0p25_b0p05__wd1e-04trmiss0_degmodglobal,16,5e-05,0.0001,0.4,2.0,0.25,0.05,lr5e-05_bs16_drop0p4_temp2p0_a0p25_b0p05__wd1e-04trmiss0_degmodglobal,16,0.6228411942720413,0.6364519000053406,0.7555555555555555,0.8954415954415955,0.6428571428571429,0.0,0.6275185495615005,0.5971992611885071,0.05878776125609875,0.21889953315258026,0.0,0.0,0.0,0.0,0.0,18473,global,0.0
4,1,lr5e-05_bs16_drop0p4_temp2p0_a0p25_b0p05__wd1e-04trmiss0_degmodglobal,16,5e-05,0.0001,0.4,2.0,0.25,0.05,lr5e-05_bs16_drop0p4_temp2p0_a0p25_b0p05__wd1e-04trmiss0_degmodglobal,17,0.5793092250823975,0.6367959976196289,0.7111111111111111,0.8724978724978727,0.5714285714285714,0.0,0.608504518866539,0.556498721241951,0.05909800063818693,0.16072039678692818,0.0,0.0,0.0,0.0,0.0,18473,global,0.0
4,1,lr5e-05_bs16_drop0p4_temp2p0_a0p25_b0p05__wd1e-04trmiss0_degmodglobal,16,5e-05,0.0001,0.4,2.0,0.25,0.05,lr5e-05_bs16_drop0p4_temp2p0_a0p25_b0p05__wd1e-04trmiss0_degmodglobal,18,0.6081166565418243,0.644287109375,0.6888888888888889,0.8605931105931108,0.5,0.0,0.6465457081794739,0.5805260688066483,0.06916931737214327,0.2059653028845787,0.0,0.0,0.0,0.0,0.0,18473,global,0.0
4,1,lr5e-05_bs16_drop0p4_temp2p0_a0p25_b0p05__wd1e-04trmiss0_degmodglobal,16,5e-05,0.0001,0.4,2.0,0.25,0.05,lr5e-05_bs16_drop0p4_temp2p0_a0p25_b0p05__wd1e-04trmiss0_degmodglobal,19,0.5899719893932343,0.6496933102607727,0.6222222222222222,0.8273208273208275,0.5714285714285714,0.0,0.5997915118932724,0.5684839934110641,0.06349592562764883,0.11228085774928331,0.0,0.0,0.0,0.0,0.0,18473,global,0.0
4,1,lr5e-05_bs16_drop0p4_temp2p0_a0p25_b0p05__wd1e-04trmiss0_degmodglobal,16,5e-05,0.0001,0.4,2.0,0.25,0.05,lr5e-05_bs16_drop0p4_temp2p0_a0p25_b0p05__wd1e-04trmiss0_degmodglobal,20,0.5919186919927597,0.6539201140403748,0.6444444444444445,0.8343915343915347,0.5714285714285714,0.0,0.6336482614278793,0.5660217702388763,0.06817157752811909,0.17708081752061844,0.0,0.0,0.0,0.0,0.0,18473,global,0.0
4,1,lr5e-05_bs16_drop0p4_temp2p0_a0p25_b0p05__wd1e-04trmiss0_degmodglobal,16,5e-05,0.0001,0.4,2.0,0.25,0.05,lr5e-05_bs16_drop0p4_temp2p0_a0p25_b0p05__wd1e-04trmiss0_degmodglobal,21,0.5930957049131393,0.6577228307723999,0.5555555555555556,0.7984746734746735,0.5714285714285714,0.0,0.6151485592126846,0.5753451138734818,0.047925048507750034,0.11538674216717482,0.0,0.0,0.0,0.0,0.0,18473,global,0.0
4,1,lr5e-05_bs16_drop0p4_temp2p0_a0p25_b0p05__wd1e-04trmiss0_degmodglobal,16,5e-05,0.0001,0.4,2.0,0.25,0.05,lr5e-05_bs16_drop0p4_temp2p0_a0p25_b0p05__wd1e-04trmiss0_degmodglobal,22,0.6064030826091766,0.6575006246566772,0.5555555555555556,0.7984746734746735,0.5714285714285714,0.0,0.5839988142251968,0.5786886662244797,0.0672580199316144,0.2179979756474495,0.0,0.0,0.0,0.0,0.0,18473,global,0.0
4,1,lr5e-05_bs16_drop0p4_temp2p0_a0p25_b0p05__wd1e-04trmiss0_degmodglobal,16,5e-05,0.0001,0.4,2.0,0.25,0.05,lr5e-05_bs16_drop0p4_temp2p0_a0p25_b0p05__wd1e-04trmiss0_degmodglobal,23,0.5943978875875473,0.6569975018501282,0.5777777777777777,0.8041726791726793,0.5,0.0,0.6163019984960556,0.5695159286260605,0.061295682564377785,0.19116080552339554,0.0,0.0,0.0,0.0,0.0,18473,global,0.0
4,1,lr5e-05_bs16_drop0p4_temp2p0_a0p25_b0p05__wd1e-04trmiss0_degmodglobal,16,5e-05,0.0001,0.4,2.0,0.25,0.05,lr5e-05_bs16_drop0p4_temp2p0_a0p25_b0p05__wd1e-04trmiss0_degmodglobal,24,0.5988319516181946,0.6556938886642456,0.5777777777777777,0.8041726791726793,0.5714285714285714,0.0,0.6112868636846542,0.5759104192256927,0.05709923803806305,0.17293444648385048,0.0,0.0,0.0,0.0,0.0,18473,global,0.0
4,1,lr5e-05_bs16_drop0p4_temp2p0_a0p25_b0p05__wd1e-04trmiss0_degmodglobal,16,5e-05,0.0001,0.4,2.0,0.25,0.05,lr5e-05_bs16_drop0p4_temp2p0_a0p25_b0p05__wd1e-04trmiss0_degmodglobal,25,0.5928199142217636,0.6552407741546631,0.5777777777777777,0.8055453805453807,0.6428571428571429,0.0,0.6059170514345169,0.5651275515556335,0.06718781217932701,0.2179078459739685,0.0,0.0,0.0,0.0,0.0,18473,global,0.0
4,1,lr5e-05_bs16_drop0p4_temp2p0_a0p25_b0p05__wd1e-04trmiss0_degmodglobal,16,5e-05,0.0001,0.4,2.0,0.25,0.05,lr5e-05_bs16_drop0p4_temp2p0_a0p25_b0p05__wd1e-04trmiss0_degmodglobal,26,0.6104920506477356,0.655628502368927,0.5333333333333333,0.7762524512524513,0.5714285714285714,0.0,0.6001327186822891,0.5815040171146393,0.07383463531732559,0.2105875350534916,0.0,0.0,0.0,0.0,0.0,18473,global,0.0
4,1,lr5e-05_bs16_drop0p4_temp2p0_a0p25_b0p05__wd1e-04trmiss0_degmodglobal,16,5e-05,0.0001,0.4,2.0,0.25,0.05,lr5e-05_bs16_drop0p4_temp2p0_a0p25_b0p05__wd1e-04trmiss0_degmodglobal,27,0.5953051447868347,0.6536489725112915,0.6,0.8064713064713067,0.6428571428571429,0.0,0.6211012303829193,0.563723549246788,0.07488355226814747,0.2572141923010349,0.0,0.0,0.0,0.0,0.0,18473,global,0.0
4,1,lr5e-05_bs16_drop0p4_temp2p0_a0p25_b0p05__wd1e-04trmiss0_degmodglobal,16,5e-05,0.0001,0.4,2.0,0.25,0.05,lr5e-05_bs16_drop0p4_temp2p0_a0p25_b0p05__wd1e-04trmiss0_degmodglobal,28,0.6140372157096863,0.6555215716362,0.6222222222222222,0.8286935286935289,0.5,0.0,0.5710460543632507,0.5866387635469437,0.07188356854021549,0.18855117447674274,0.0,0.0,0.0,0.0,0.0,18473,global,0.0
4,1,lr5e-05_bs16_drop0p4_temp2p0_a0p25_b0p05__wd1e-04trmiss0_degmodglobal,16,5e-05,0.0001,0.4,2.0,0.25,0.05,lr5e-05_bs16_drop0p4_temp2p0_a0p25_b0p05__wd1e-04trmiss0_degmodglobal,29,0.5895566195249557,0.6556324362754822,0.6444444444444444,0.8472120472120475,0.6428571428571429,0.0,0.5890995562076569,0.5642902851104736,0.0664169555529952,0.17324233055114746,0.0,0.0,0.0,0.0,0.0,18473,global,0.0
4,1,lr5e-05_bs16_drop0p4_temp2p0_a0p25_b0p05__wd1e-04trmiss0_degmodglobal,16,5e-05,0.0001,0.4,2.0,0.25,0.05,lr5e-05_bs16_drop0p4_temp2p0_a0p25_b0p05__wd1e-04trmiss0_degmodglobal,30,0.5927913188934326,0.6577638387680054,0.6444444444444444,0.8472120472120475,0.6428571428571429,0.0,0.62145034968853,0.5655208081007004,0.06928602326661348,0.1989797931164503,0.0,0.0,0.0,0.0,0.0,18473,global,0.0
4,1,lr5e-05_bs16_drop0p4_temp2p0_a0p25_b0p05__wd1e-04trmiss0_degmodglobal,16,5e-05,0.0001,0.4,2.0,0.25,0.05,lr5e-05_bs16_drop0p4_temp2p0_a0p25_b0p05__wd1e-04trmiss0_degmodglobal,31,0.5922708064317703,0.6588810682296753,0.6444444444444444,0.8472120472120475,0.6428571428571429,0.0,0.628455251455307,0.5704898238182068,0.05253764986991882,0.17293121106922626,0.0,0.0,0.0,0.0,0.0,18473,global,0.0
4,1,lr5e-05_bs16_drop0p4_temp2p0_a0p25_b0p05__wd1e-04trmiss0_degmodglobal,16,5e-05,0.0001,0.4,2.0,0.25,0.05,lr5e-05_bs16_drop0p4_temp2p0_a0p25_b0p05__wd1e-04trmiss0_degmodglobal,32,0.5893114805221558,0.6573619842529297,0.6444444444444444,0.8472120472120475,0.6428571428571429,0.0,0.5855630487203598,0.556800901889801,0.07955481484532356,0.25243752263486385,0.0,0.0,0.0,0.0,0.0,18473,global,0.0
4,1,lr5e-05_bs16_drop0p4_temp2p0_a0p25_b0p05__wd1e-04trmiss0_degmodglobal,16,5e-05,0.0001,0.4,2.0,0.25,0.05,lr5e-05_bs16_drop0p4_temp2p0_a0p25_b0p05__wd1e-04trmiss0_degmodglobal,33,0.5709103941917419,0.6542718410491943,0.6444444444444444,0.8472120472120475,0.6428571428571429,0.0,0.5720503479242325,0.5407453775405884,0.0783192440867424,0.21170426160097122,0.0,0.0,0.0,0.0,0.0,18473,global,0.0
4,1,lr5e-05_bs16_drop0p4_temp2p0_a0p25_b0p05__wd1e-04trmiss0_degmodglobal,16,5e-05,0.0001,0.4,2.0,0.25,0.05,lr5e-05_bs16_drop0p4_temp2p0_a0p25_b0p05__wd1e-04trmiss0_degmodglobal,34,0.6246532499790192,0.6524114012718201,0.6444444444444444,0.8472120472120475,0.6428571428571429,0.0,0.5653863847255707,0.5926340073347092,0.0839544478803873,0.2206125669181347,0.0,0.0,0.0,0.0,0.0,18473,global,0.0
4,1,lr5e-05_bs16_drop0p4_temp2p0_a0p25_b0p05__wd1e-04trmiss0_degmodglobal,16,5e-05,0.0001,0.4,2.0,0.25,0.05,lr5e-05_bs16_drop0p4_temp2p0_a0p25_b0p05__wd1e-04trmiss0_degmodglobal,35,0.5779977589845657,0.6504679918289185,0.6444444444444444,0.8472120472120475,0.6428571428571429,0.0,0.5639114230871201,0.5512969344854355,0.06485626939684153,0.20973515138030052,0.0,0.0,0.0,0.0,0.0,18473,global,0.0
4,1,lr1e-05_bs16_drop0p2_temp1p0_a0p25_b0p05__wd1e-04trmiss0_degmodglobal,16,1e-05,0.0001,0.2,1.0,0.25,0.05,lr1e-05_bs16_drop0p2_temp1p0_a0p25_b0p05__wd1e-04trmiss0_degmodglobal,1,0.7292298376560211,0.6829707026481628,0.4666666666666667,0.6691188441188443,0.5714285714285714,0.0,0.6760839223861694,0.7118054032325745,0.041096316650509834,0.14300731383264065,0.0,0.0,0.0,0.0,0.0,18473,global,0.0
4,1,lr1e-05_bs16_drop0p2_temp1p0_a0p25_b0p05__wd1e-04trmiss0_degmodglobal,16,1e-05,0.0001,0.2,1.0,0.25,0.05,lr1e-05_bs16_drop0p2_temp1p0_a0p25_b0p05__wd1e-04trmiss0_degmodglobal,2,0.6800646334886551,0.6822298765182495,0.4444444444444444,0.658007733007733,0.5714285714285714,0.0,0.6812142431735992,0.6620000302791595,0.045608242973685265,0.1332511231303215,0.0,0.0,0.0,0.0,0.0,18473,global,0.0
4,1,lr1e-05_bs16_drop0p2_temp1p0_a0p25_b0p05__wd1e-04trmiss0_degmodglobal,16,1e-05,0.0001,0.2,1.0,0.25,0.05,lr1e-05_bs16_drop0p2_temp1p0_a0p25_b0p05__wd1e-04trmiss0_degmodglobal,3,0.6884108036756516,0.6811004281044006,0.4444444444444444,0.658007733007733,0.5714285714285714,0.0,0.6734499782323837,0.6751544624567032,0.033483716659247875,0.09770821034908295,0.0,0.0,0.0,0.0,0.0,18473,global,0.0
4,1,lr1e-05_bs16_drop0p2_temp1p0_a0p25_b0p05__wd1e-04trmiss0_degmodglobal,16,1e-05,0.0001,0.2,1.0,0.25,0.05,lr1e-05_bs16_drop0p2_temp1p0_a0p25_b0p05__wd1e-04trmiss0_degmodglobal,4,0.6853584945201874,0.6814085245132446,0.4222222222222222,0.6468966218966219,0.5714285714285714,0.0,0.710737407207489,0.66470967233181,0.04874572716653347,0.16924761049449444,0.0,0.0,0.0,0.0,0.0,18473,global,0.0
4,1,lr1e-05_bs16_drop0p2_temp1p0_a0p25_b0p05__wd1e-04trmiss0_degmodglobal,16,1e-05,0.0001,0.2,1.0,0.25,0.05,lr1e-05_bs16_drop0p2_temp1p0_a0p25_b0p05__wd1e-04trmiss0_degmodglobal,5,0.7124311476945877,0.6800227761268616,0.4666666666666667,0.6765262515262516,0.5714285714285714,0.0,0.6551648378372192,0.6942547261714935,0.0432086274959147,0.14748543873429298,0.0,0.0,0.0,0.0,0.0,18473,global,0.0
4,1,lr1e-05_bs16_drop0p2_temp1p0_a0p25_b0p05__wd1e-04trmiss0_degmodglobal,16,1e-05,0.0001,0.2,1.0,0.25,0.05,lr1e-05_bs16_drop0p2_temp1p0_a0p25_b0p05__wd1e-04trmiss0_degmodglobal,6,0.7028922438621521,0.6794413328170776,0.4666666666666666,0.6416777666777667,0.5714285714285714,0.0,0.6931125521659851,0.6863635182380676,0.040117751341313124,0.12998530268669128,0.0,0.0,0.0,0.0,0.0,18473,global,0.0
4,1,lr1e-05_bs16_drop0p2_temp1p0_a0p25_b0p05__wd1e-04trmiss0_degmodglobal,16,1e-05,0.0001,0.2,1.0,0.25,0.05,lr1e-05_bs16_drop0p2_temp1p0_a0p25_b0p05__wd1e-04trmiss0_degmodglobal,7,0.7113385945558548,0.6778498888015747,0.4888888888888889,0.6487484737484738,0.5714285714285714,0.0,0.6520038545131683,0.6921676248311996,0.045501467771828175,0.15591190941631794,0.0,0.0,0.0,0.0,0.0,18473,global,0.0
4,1,lr1e-05_bs16_drop0p2_temp1p0_a0p25_b0p05__wd1e-04trmiss0_degmodglobal,16,1e-05,0.0001,0.2,1.0,0.25,0.05,lr1e-05_bs16_drop0p2_temp1p0_a0p25_b0p05__wd1e-04trmiss0_degmodglobal,8,0.708792582154274,0.6794419884681702,0.4888888888888889,0.6487484737484738,0.5714285714285714,0.0,0.6586615294218063,0.693393886089325,0.03958648722618818,0.11004127934575081,0.0,0.0,0.0,0.0,0.0,18473,global,0.0
4,1,lr1e-05_bs16_drop0p2_temp1p0_a0p25_b0p05__wd1e-04trmiss0_degmodglobal,16,1e-05,0.0001,0.2,1.0,0.25,0.05,lr1e-05_bs16_drop0p2_temp1p0_a0p25_b0p05__wd1e-04trmiss0_degmodglobal,9,0.6847813278436661,0.6791388988494873,0.4888888888888889,0.6487484737484738,0.6428571428571429,0.0,0.6723109185695648,0.6684516370296478,0.038950180634856224,0.1318427249789238,0.0,0.0,0.0,0.0,0.0,18473,global,0.0
4,1,lr1e-05_bs16_drop0p2_temp1p0_a0p25_b0p05__wd1e-04trmiss0_degmodglobal,16,1e-05,0.0001,0.2,1.0,0.25,0.05,lr1e-05_bs16_drop0p2_temp1p0_a0p25_b0p05__wd1e-04trmiss0_degmodglobal,10,0.6651364713907242,0.6791021227836609,0.4888888888888889,0.6487484737484738,0.6428571428571429,0.0,0.6245734542608261,0.6533947587013245,0.030160355381667614,0.08403280191123486,0.0,0.0,0.0,0.0,0.0,18473,global,0.0
4,1,lr1e-05_bs16_drop0p2_temp1p0_a0p25_b0p05__wd1e-04trmiss0_degmodglobal,16,1e-05,0.0001,0.2,1.0,0.25,0.05,lr1e-05_bs16_drop0p2_temp1p0_a0p25_b0p05__wd1e-04trmiss0_degmodglobal,11,0.6824345737695694,0.6793917417526245,0.4888888888888889,0.6487484737484738,0.5714285714285714,0.0,0.6520911455154419,0.6676918119192123,0.03709473181515932,0.10938171483576298,0.0,0.0,0.0,0.0,0.0,18473,global,0.0
4,1,lr1e-05_bs16_drop0p2_temp1p0_a0p25_b0p05__wd1e-04trmiss0_degmodglobal,16,1e-05,0.0001,0.2,1.0,0.25,0.05,lr1e-05_bs16_drop0p2_temp1p0_a0p25_b0p05__wd1e-04trmiss0_degmodglobal,12,0.688546672463417,0.6799404621124268,0.4888888888888889,0.6487484737484738,0.6428571428571429,0.0,0.6691586226224899,0.6725445687770844,0.040037477388978004,0.11985471099615097,0.0,0.0,0.0,0.0,0.0,18473,global,0.0
4,1,lr1e-05_bs16_drop0p2_temp1p0_a0p25_b0p05__wd1e-04trmiss0_degmodglobal,16,1e-05,0.0001,0.2,1.0,0.25,0.05,lr1e-05_bs16_drop0p2_temp1p0_a0p25_b0p05__wd1e-04trmiss0_degmodglobal,13,0.6616973727941513,0.6769702434539795,0.5111111111111111,0.6554824804824805,0.6428571428571429,0.0,0.6523267179727554,0.6482661217451096,0.0334024652838707,0.1016126167960465,0.0,0.0,0.0,0.0,0.0,18473,global,0.0
4,1,lr1e-05_bs16_drop0p2_temp1p0_a0p25_b0p05__wd1e-04trmiss0_degmodglobal,16,1e-05,0.0001,0.2,1.0,0.25,0.05,lr1e-05_bs16_drop0p2_temp1p0_a0p25_b0p05__wd1e-04trmiss0_degmodglobal,14,0.6805974543094635,0.6754086017608643,0.5111111111111111,0.6554824804824805,0.6428571428571429,0.0,0.6394684463739395,0.6659141629934311,0.03481951728463173,0.11956827901303768,0.0,0.0,0.0,0.0,0.0,18473,global,0.0
4,1,lr1e-05_bs16_drop0p2_temp1p0_a0p25_b0p05__wd1e-04trmiss0_degmodglobal,16,1e-05,0.0001,0.2,1.0,0.25,0.05,lr1e-05_bs16_drop0p2_temp1p0_a0p25_b0p05__wd1e-04trmiss0_degmodglobal,15,0.6705371588468552,0.6741498708724976,0.5111111111111111,0.6452260702260703,0.7142857142857143,0.0,0.6512229591608047,0.6552060693502426,0.03887665783986449,0.11223851330578327,0.0,0.0,0.0,0.0,0.0,18473,global,0.0
4,1,lr1e-05_bs16_drop0p2_temp1p0_a0p25_b0p05__wd1e-04trmiss0_degmodglobal,16,1e-05,0.0001,0.2,1.0,0.25,0.05,lr1e-05_bs16_drop0p2_temp1p0_a0p25_b0p05__wd1e-04trmiss0_degmodglobal,16,0.6761640757322311,0.6771676540374756,0.48888888888888893,0.6341149591149592,0.7142857142857143,0.0,0.6258178502321243,0.6608723551034927,0.03894628491252661,0.1111028678715229,0.0,0.0,0.0,0.0,0.0,18473,global,0.0
4,1,lr1e-05_bs16_drop0p2_temp1p0_a0p25_b0p05__wd1e-04trmiss0_degmodglobal,16,1e-05,0.0001,0.2,1.0,0.25,0.05,lr1e-05_bs16_drop0p2_temp1p0_a0p25_b0p05__wd1e-04trmiss0_degmodglobal,17,0.6591403186321259,0.6767544150352478,0.4666666666666667,0.6155964405964407,0.7142857142857143,0.0,0.6343487352132797,0.6448381096124649,0.03597605600953102,0.1061636209487915,0.0,0.0,0.0,0.0,0.0,18473,global,0.0
4,1,lr1e-05_bs16_drop0p2_temp1p0_a0p25_b0p05__wd1e-04trmiss0_degmodglobal,16,1e-05,0.0001,0.2,1.0,0.25,0.05,lr1e-05_bs16_drop0p2_temp1p0_a0p25_b0p05__wd1e-04trmiss0_degmodglobal,18,0.6587181389331818,0.6729387640953064,0.4666666666666667,0.6155964405964407,0.7142857142857143,0.0,0.6601537317037582,0.6406260132789612,0.04452012665569782,0.1392418909817934,0.0,0.0,0.0,0.0,0.0,18473,global,0.0
4,1,lr1e-05_bs16_drop0p2_temp1p0_a0p25_b0p05__wd1e-04trmiss0_degmodglobal,16,1e-05,0.0001,0.2,1.0,0.25,0.05,lr1e-05_bs16_drop0p2_temp1p0_a0p25_b0p05__wd1e-04trmiss0_degmodglobal,19,0.6476735770702362,0.6723946332931519,0.4666666666666667,0.6155964405964407,0.7142857142857143,0.0,0.6373102217912674,0.6333396881818771,0.03642755560576916,0.10454040765762329,0.0,0.0,0.0,0.0,0.0,18473,global,0.0
4,1,lr1e-05_bs16_drop0p2_temp1p0_a0p25_b0p05__wd1e-04trmiss0_degmodglobal,16,1e-05,0.0001,0.2,1.0,0.25,0.05,lr1e-05_bs16_drop0p2_temp1p0_a0p25_b0p05__wd1e-04trmiss0_degmodglobal,20,0.6937944144010544,0.6733042597770691,0.4666666666666667,0.6155964405964407,0.7142857142857143,0.0,0.6361474096775055,0.681384801864624,0.03309841314330697,0.08270038850605488,0.0,0.0,0.0,0.0,0.0,18473,global,0.0
4,1,lr1e-05_bs16_drop0p2_temp1p0_a0p25_b0p05__wd1e-04trmiss0_degmodglobal,16,1e-05,0.0001,0.2,1.0,0.25,0.05,lr1e-05_bs16_drop0p2_temp1p0_a0p25_b0p05__wd1e-04trmiss0_degmodglobal,21,0.6707451939582825,0.6745163798332214,0.4444444444444445,0.5970779220779221,0.7142857142857143,0.0,0.6347162574529648,0.6551227867603302,0.0417101439088583,0.10389707051217556,0.0,0.0,0.0,0.0,0.0,18473,global,0.0
4,1,lr1e-05_bs16_drop0p2_temp1p0_a0p25_b0p05__wd1e-04trmiss0_degmodglobal,16,1e-05,0.0001,0.2,1.0,0.25,0.05,lr1e-05_bs16_drop0p2_temp1p0_a0p25_b0p05__wd1e-04trmiss0_degmodglobal,22,0.6376089155673981,0.6727868914604187,0.4444444444444445,0.5970779220779221,0.7142857142857143,0.0,0.6240707337856293,0.6207155287265778,0.04522302281111479,0.11175261437892914,0.0,0.0,0.0,0.0,0.0,18473,global,0.0
4,1,lr1e-05_bs16_drop0p2_temp1p0_a0p25_b0p05__wd1e-04trmiss0_degmodglobal,16,1e-05,0.0001,0.2,1.0,0.25,0.05,lr1e-05_bs16_drop0p2_temp1p0_a0p25_b0p05__wd1e-04trmiss0_degmodglobal,23,0.6325825601816177,0.6707130074501038,0.4444444444444445,0.5970779220779221,0.7142857142857143,0.0,0.6192634105682373,0.61806820333004,0.03830025717616081,0.09878597222268581,0.0,0.0,0.0,0.0,0.0,18473,global,0.0
4,1,lr1e-05_bs16_drop0p2_temp1p0_a0p25_b0p05__wd1e-04trmiss0_degmodglobal,16,1e-05,0.0001,0.2,1.0,0.25,0.05,lr1e-05_bs16_drop0p2_temp1p0_a0p25_b0p05__wd1e-04trmiss0_degmodglobal,24,0.6421662718057632,0.6707171201705933,0.4444444444444445,0.5970779220779221,0.7142857142857143,0.0,0.6454744935035706,0.622868999838829,0.04794123489409685,0.14623931795358658,0.0,0.0,0.0,0.0,0.0,18473,global,0.0
4,1,lr1e-05_bs16_drop0p2_temp1p0_a0p25_b0p05__wd1e-04trmiss0_degmodglobal,16,1e-05,0.0001,0.2,1.0,0.25,0.05,lr1e-05_bs16_drop0p2_temp1p0_a0p25_b0p05__wd1e-04trmiss0_degmodglobal,25,0.6270186007022858,0.6692842841148376,0.48888888888888893,0.6267075517075518,0.7142857142857143,0.0,0.599833071231842,0.6139861792325974,0.03308159811422229,0.09524048306047916,0.0,0.0,0.0,0.0,0.0,18473,global,0.0
4,1,lr1e-05_bs16_drop0p2_temp1p0_a0p25_b0p05__wd1e-04trmiss0_degmodglobal,16,1e-05,0.0001,0.2,1.0,0.25,0.05,lr1e-05_bs16_drop0p2_temp1p0_a0p25_b0p05__wd1e-04trmiss0_degmodglobal,26,0.678402379155159,0.6672078371047974,0.48888888888888893,0.6267075517075518,0.7142857142857143,0.0,0.6075351983308792,0.6631559133529663,0.038569867610931396,0.11208008974790573,0.0,0.0,0.0,0.0,0.0,18473,global,0.0
4,1,lr1e-05_bs16_drop0p2_temp1p0_a0p25_b0p05__wd1e-04trmiss0_degmodglobal,16,1e-05,0.0001,0.2,1.0,0.25,0.05,lr1e-05_bs16_drop0p2_temp1p0_a0p25_b0p05__wd1e-04trmiss0_degmodglobal,27,0.6405165940523148,0.6669350266456604,0.48888888888888893,0.6267075517075518,0.7142857142857143,0.0,0.6132899075746536,0.6265854090452194,0.03356338292360306,0.11080710589885712,0.0,0.0,0.0,0.0,0.0,18473,global,0.0
4,1,lr1e-05_bs16_drop0p2_temp1p0_a0p25_b0p05__wd1e-04trmiss0_degmodglobal,16,1e-05,0.0001,0.2,1.0,0.25,0.05,lr1e-05_bs16_drop0p2_temp1p0_a0p25_b0p05__wd1e-04trmiss0_degmodglobal,28,0.6491798311471939,0.6660038232803345,0.5111111111111111,0.6372895622895624,0.7142857142857143,0.0,0.6050537824630737,0.6310849040746689,0.0462561072781682,0.13061769120395184,0.0,0.0,0.0,0.0,0.0,18473,global,0.0
4,1,lr1e-05_bs16_drop0p2_temp1p0_a0p25_b0p05__wd1e-04trmiss0_degmodglobal,16,1e-05,0.0001,0.2,1.0,0.25,0.05,lr1e-05_bs16_drop0p2_temp1p0_a0p25_b0p05__wd1e-04trmiss0_degmodglobal,29,0.6311028897762299,0.665194034576416,0.5555555555555556,0.6564694564694565,0.7142857142857143,0.0,0.6036797314882278,0.619952380657196,0.028808788396418095,0.07896631676703691,0.0,0.0,0.0,0.0,0.0,18473,global,0.0
4,1,lr1e-05_bs16_drop0p2_temp1p0_a0p25_b0p05__wd1e-04trmiss0_degmodglobal,16,1e-05,0.0001,0.2,1.0,0.25,0.05,lr1e-05_bs16_drop0p2_temp1p0_a0p25_b0p05__wd1e-04trmiss0_degmodglobal,30,0.6293532252311707,0.6668608784675598,0.5111111111111111,0.6372895622895624,0.7142857142857143,0.0,0.6143058389425278,0.6103867292404175,0.05048662796616554,0.12689673155546188,0.0,0.0,0.0,0.0,0.0,18473,global,0.0
4,1,lr1e-05_bs16_drop0p2_temp1p0_a0p25_b0p05__wd1e-04trmiss0_degmodglobal,16,1e-05,0.0001,0.2,1.0,0.25,0.05,lr1e-05_bs16_drop0p2_temp1p0_a0p25_b0p05__wd1e-04trmiss0_degmodglobal,31,0.633100613951683,0.6657743453979492,0.5333333333333333,0.6472101972101973,0.7142857142857143,0.0,0.5937573909759521,0.6116286814212799,0.05250290222465992,0.1669236607849598,0.0,0.0,0.0,0.0,0.0,18473,global,0.0
4,1,lr1e-05_bs16_drop0p2_temp1p0_a0p25_b0p05__wd1e-04trmiss0_degmodglobal,16,1e-05,0.0001,0.2,1.0,0.25,0.05,lr1e-05_bs16_drop0p2_temp1p0_a0p25_b0p05__wd1e-04trmiss0_degmodglobal,32,0.6285960078239441,0.6651148796081543,0.5111111111111111,0.6286916786916787,0.7142857142857143,0.0,0.6145352125167847,0.6128172278404236,0.04165126848965883,0.10731929261237383,0.0,0.0,0.0,0.0,0.0,18473,global,0.0
4,1,lr1e-05_bs16_drop0p2_temp1p0_a0p25_b0p05__wd1e-04trmiss0_degmodglobal,16,1e-05,0.0001,0.2,1.0,0.25,0.05,lr1e-05_bs16_drop0p2_temp1p0_a0p25_b0p05__wd1e-04trmiss0_degmodglobal,33,0.6082033962011337,0.6642716526985168,0.5111111111111111,0.6286916786916787,0.7142857142857143,0.0,0.5982209891080856,0.5913141816854477,0.04575482662767172,0.10901035461574793,0.0,0.0,0.0,0.0,0.0,18473,global,0.0
4,1,lr1e-05_bs16_drop0p2_temp1p0_a0p25_b0p05__wd1e-04trmiss0_degmodglobal,16,1e-05,0.0001,0.2,1.0,0.25,0.05,lr1e-05_bs16_drop0p2_temp1p0_a0p25_b0p05__wd1e-04trmiss0_degmodglobal,34,0.6510696709156036,0.6639416217803955,0.5333333333333333,0.6472101972101973,0.7142857142857143,0.0,0.6006225347518921,0.6208261102437973,0.07087533455342054,0.2504943534731865,0.0,0.0,0.0,0.0,0.0,18473,global,0.0
4,1,lr1e-05_bs16_drop0p2_temp1p0_a0p25_b0p05__wd1e-04trmiss0_degmodglobal,16,1e-05,0.0001,0.2,1.0,0.25,0.05,lr1e-05_bs16_drop0p2_temp1p0_a0p25_b0p05__wd1e-04trmiss0_degmodglobal,35,0.6360654234886169,0.6647778749465942,0.5111111111111111,0.6286916786916787,0.7142857142857143,0.0,0.6057910621166229,0.6215950697660446,0.037129060830920935,0.10376165807247162,0.0,0.0,0.0,0.0,0.0,18473,global,0.0
4,1,lr1e-05_bs16_drop0p2_temp1p0_a0p25_b0p05__wd1e-04trmiss0_degmodglobal,16,1e-05,0.0001,0.2,1.0,0.25,0.05,lr1e-05_bs16_drop0p2_temp1p0_a0p25_b0p05__wd1e-04trmiss0_degmodglobal,36,0.6031118184328079,0.6655877232551575,0.5111111111111111,0.6286916786916787,0.7142857142857143,0.0,0.5903785228729248,0.5864910036325455,0.04599354509264231,0.10244888067245483,0.0,0.0,0.0,0.0,0.0,18473,global,0.0
4,1,lr1e-05_bs16_drop0p2_temp1p0_a0p25_b0p05__wd1e-04trmiss0_degmodglobal,16,1e-05,0.0001,0.2,1.0,0.25,0.05,lr1e-05_bs16_drop0p2_temp1p0_a0p25_b0p05__wd1e-04trmiss0_degmodglobal,37,0.6000526994466782,0.6669102311134338,0.5333333333333333,0.637950937950938,0.7142857142857143,0.0,0.6032388061285019,0.5822088569402695,0.04572719382122159,0.12824073992669582,0.0,0.0,0.0,0.0,0.0,18473,global,0.0
4,1,lr1e-05_bs16_drop0p2_temp1p0_a0p25_b0p05__wd1e-04trmiss0_degmodglobal,16,1e-05,0.0001,0.2,1.0,0.25,0.05,lr1e-05_bs16_drop0p2_temp1p0_a0p25_b0p05__wd1e-04trmiss0_degmodglobal,38,0.6204748004674911,0.6716421842575073,0.4888888888888889,0.6187710437710439,0.7142857142857143,0.0,0.5967995971441269,0.6060674786567688,0.038737949915230274,0.09445643424987793,0.0,0.0,0.0,0.0,0.0,18473,global,0.0
4,1,lr1e-05_bs16_drop0p2_temp1p0_a0p25_b0p05__wd1e-04trmiss0_degmodglobal,16,1e-05,0.0001,0.2,1.0,0.25,0.05,lr1e-05_bs16_drop0p2_temp1p0_a0p25_b0p05__wd1e-04trmiss0_degmodglobal,39,0.6031455248594284,0.6710067987442017,0.4666666666666666,0.6253848003848005,0.7142857142857143,0.0,0.5991496294736862,0.5829459875822067,0.055334338918328285,0.1273188814520836,0.0,0.0,0.0,0.0,0.0,18473,global,0.0
4,1,lr1e-05_bs16_drop0p2_temp1p0_a0p25_b0p05__wd1e-04trmiss0_degmodglobal,16,1e-05,0.0001,0.2,1.0,0.25,0.05,lr1e-05_bs16_drop0p2_temp1p0_a0p25_b0p05__wd1e-04trmiss0_degmodglobal,40,0.6362917870283127,0.6726745963096619,0.4666666666666666,0.6253848003848005,0.7142857142857143,0.0,0.5880449414253235,0.6213135421276093,0.0391940837725997,0.10359438974410295,0.0,0.0,0.0,0.0,0.0,18473,global,0.0
4,1,lr1e-05_bs16_drop0p2_temp1p0_a0p25_b0p05__wd1e-04trmiss0_degmodglobal,16,1e-05,0.0001,0.2,1.0,0.25,0.05,lr1e-05_bs16_drop0p2_temp1p0_a0p25_b0p05__wd1e-04trmiss0_degmodglobal,41,0.6070525795221329,0.674731969833374,0.4888888888888889,0.643903318903319,0.7142857142857143,0.0,0.5859506130218506,0.5893276035785675,0.04393481835722923,0.134825948625803,0.0,0.0,0.0,0.0,0.0,18473,global,0.0
4,1,lr1e-05_bs16_drop0p2_temp1p0_a0p25_b0p05__wd1e-04trmiss0_degmodglobal,16,1e-05,0.0001,0.2,1.0,0.25,0.05,lr1e-05_bs16_drop0p2_temp1p0_a0p25_b0p05__wd1e-04trmiss0_degmodglobal,42,0.6141460686922073,0.6729407906532288,0.4888888888888889,0.643903318903319,0.6428571428571429,0.0,0.5831808894872665,0.5961700230836868,0.04661942692473531,0.12642361782491207,0.0,0.0,0.0,0.0,0.0,18473,global,0.0
4,1,lr1e-05_bs16_drop0p2_temp1p0_a0p25_b0p05__wd1e-04trmiss0_degmodglobal,16,1e-05,0.0001,0.2,1.0,0.25,0.05,lr1e-05_bs16_drop0p2_temp1p0_a0p25_b0p05__wd1e-04trmiss0_degmodglobal,43,0.6262173652648926,0.6761120557785034,0.5111111111111111,0.6493978243978245,0.5714285714285714,0.0,0.6164808124303818,0.6085867285728455,0.04128238279372454,0.1462007872760296,0.0,0.0,0.0,0.0,0.0,18473,global,0.0
4,1,lr1e-05_bs16_drop0p2_temp1p0_a0p25_b0p05__wd1e-04trmiss0_degmodglobal,16,1e-05,0.0001,0.2,1.0,0.25,0.05,lr1e-05_bs16_drop0p2_temp1p0_a0p25_b0p05__wd1e-04trmiss0_degmodglobal,44,0.5953663140535355,0.679767370223999,0.4888888888888889,0.643903318903319,0.5714285714285714,0.0,0.5802376568317413,0.5749531984329224,0.052126153372228146,0.1476316675543785,0.0,0.0,0.0,0.0,0.0,18473,global,0.0
4,1,lr1e-05_bs16_drop0p2_temp1p0_a0p25_b0p05__wd1e-04trmiss0_degmodglobal,16,1e-05,0.0001,0.2,1.0,0.25,0.05,lr1e-05_bs16_drop0p2_temp1p0_a0p25_b0p05__wd1e-04trmiss0_degmodglobal,45,0.6118261367082596,0.677069365978241,0.4666666666666666,0.6253848003848005,0.5714285714285714,0.0,0.5948335826396942,0.5919851064682007,0.05385448597371578,0.12754839286208153,0.0,0.0,0.0,0.0,0.0,18473,global,0.0
4,1,lr1e-05_bs16_drop0p2_temp1p0_a0p25_b0p05__wd1e-04trmiss0_degmodglobal,16,1e-05,0.0001,0.2,1.0,0.25,0.05,lr1e-05_bs16_drop0p2_temp1p0_a0p25_b0p05__wd1e-04trmiss0_degmodglobal,46,0.6148166209459305,0.6759926080703735,0.4666666666666666,0.6253848003848005,0.7142857142857143,0.0,0.6018380969762802,0.5942034274339676,0.052123742178082466,0.15164469182491302,0.0,0.0,0.0,0.0,0.0,18473,global,0.0
4,1,lr1e-05_bs16_drop0p2_temp1p0_a0p25_b0p05__wd1e-04trmiss0_degmodglobal,16,1e-05,0.0001,0.2,1.0,0.25,0.05,lr1e-05_bs16_drop0p2_temp1p0_a0p25_b0p05__wd1e-04trmiss0_degmodglobal,47,0.5858878940343857,0.6774855256080627,0.4444444444444444,0.6148027898027899,0.7142857142857143,0.0,0.5694728940725327,0.5705918222665787,0.039059837348759174,0.11062244698405266,0.0,0.0,0.0,0.0,0.0,18473,global,0.0
4,1,lr1e-05_bs16_drop0p2_temp1p0_a0p25_b0p05__wd1e-04trmiss0_degmodglobal,16,1e-05,0.0001,0.2,1.0,0.25,0.05,lr1e-05_bs16_drop0p2_temp1p0_a0p25_b0p05__wd1e-04trmiss0_degmodglobal,48,0.6088128834962845,0.6774865388870239,0.4666666666666666,0.6253848003848005,0.6428571428571429,0.0,0.5672965794801712,0.5925571769475937,0.044315400533378124,0.10353715158998966,0.0,0.0,0.0,0.0,0.0,18473,global,0.0
4,1,lr1e-05_bs16_drop0p2_temp1p0_a0p25_b0p05__wd1e-04trmiss0_degmodglobal,16,1e-05,0.0001,0.2,1.0,0.25,0.05,lr1e-05_bs16_drop0p2_temp1p0_a0p25_b0p05__wd1e-04trmiss0_degmodglobal,49,0.5983722805976868,0.677057147026062,0.4888888888888889,0.6353054353054354,0.6428571428571429,0.0,0.6071846038103104,0.5763883888721466,0.05831812787801027,0.14808662608265877,0.0,0.0,0.0,0.0,0.0,18473,global,0.0
4,1,lr1e-05_bs16_drop0p2_temp2p0_a0p25_b0p05__wd1e-04trmiss0_degmodglobal,16,1e-05,0.0001,0.2,2.0,0.25,0.05,lr1e-05_bs16_drop0p2_temp2p0_a0p25_b0p05__wd1e-04trmiss0_degmodglobal,1,0.7787308990955353,0.7021548748016357,0.6444444444444445,0.8243725410392078,0.42857142857142855,0.0,0.7341019660234451,0.7647393047809601,0.03575818054378033,0.10104080848395824,0.0,0.0,0.0,0.0,0.0,18473,global,0.0
4,1,lr1e-05_bs16_drop0p2_temp2p0_a0p25_b0p05__wd1e-04trmiss0_degmodglobal,16,1e-05,0.0001,0.2,2.0,0.25,0.05,lr1e-05_bs16_drop0p2_temp2p0_a0p25_b0p05__wd1e-04trmiss0_degmodglobal,2,0.7709243893623352,0.7028428316116333,0.7111111111111111,0.8693019943019944,0.42857142857142855,0.0,0.7152597457170486,0.7573557198047638,0.03837246401235461,0.07951149716973305,0.0,0.0,0.0,0.0,0.0,18473,global,0.0
4,1,lr1e-05_bs16_drop0p2_temp2p0_a0p25_b0p05__wd1e-04trmiss0_degmodglobal,16,1e-05,0.0001,0.2,2.0,0.25,0.05,lr1e-05_bs16_drop0p2_temp2p0_a0p25_b0p05__wd1e-04trmiss0_degmodglobal,3,0.7613143622875214,0.7033918499946594,0.7111111111111111,0.8693019943019944,0.42857142857142855,0.0,0.7120537906885147,0.7456766813993454,0.044637239538133144,0.08956714160740376,0.0,0.0,0.0,0.0,0.0,18473,global,0.0
4,1,lr1e-05_bs16_drop0p2_temp2p0_a0p25_b0p05__wd1e-04trmiss0_degmodglobal,16,1e-05,0.0001,0.2,2.0,0.25,0.05,lr1e-05_bs16_drop0p2_temp2p0_a0p25_b0p05__wd1e-04trmiss0_degmodglobal,4,0.7163011431694031,0.7053476572036743,0.7555555555555555,0.9036935286935288,0.42857142857142855,0.0,0.6865847110748291,0.7016986757516861,0.03808438219130039,0.10162759199738503,0.0,0.0,0.0,0.0,0.0,18473,global,0.0
4,1,lr1e-05_bs16_drop0p2_temp2p0_a0p25_b0p05__wd1e-04trmiss0_degmodglobal,16,1e-05,0.0001,0.2,2.0,0.25,0.05,lr1e-05_bs16_drop0p2_temp2p0_a0p25_b0p05__wd1e-04trmiss0_degmodglobal,5,0.7624195516109467,0.7071276307106018,0.7333333333333334,0.887820512820513,0.42857142857142855,0.0,0.7087232023477554,0.7449671179056168,0.04761783964931965,0.11095936223864555,0.0,0.0,0.0,0.0,0.0,18473,global,0.0
4,1,lr1e-05_bs16_drop0p2_temp2p0_a0p25_b0p05__wd1e-04trmiss0_degmodglobal,16,1e-05,0.0001,0.2,2.0,0.25,0.05,lr1e-05_bs16_drop0p2_temp2p0_a0p25_b0p05__wd1e-04trmiss0_degmodglobal,6,0.7738809138536453,0.7086064219474792,0.7111111111111111,0.8693019943019944,0.42857142857142855,0.0,0.7333061248064041,0.7605890780687332,0.03568197274580598,0.0874269874766469,0.0,0.0,0.0,0.0,0.0,18473,global,0.0
4,1,lr1e-05_bs16_drop0p2_temp2p0_a0p25_b0p05__wd1e-04trmiss0_degmodglobal,16,1e-05,0.0001,0.2,2.0,0.25,0.05,lr1e-05_bs16_drop0p2_temp2p0_a0p25_b0p05__wd1e-04trmiss0_degmodglobal,7,0.7550628483295441,0.7125985026359558,0.7333333333333334,0.887820512820513,0.42857142857142855,0.0,0.7146925926208496,0.7405465394258499,0.03866594051942229,0.09699637070298195,0.0,0.0,0.0,0.0,0.0,18473,global,0.0
4,1,lr1e-05_bs16_drop0p2_temp2p0_a0p25_b0p05__wd1e-04trmiss0_degmodglobal,16,1e-05,0.0001,0.2,2.0,0.25,0.05,lr1e-05_bs16_drop0p2_temp2p0_a0p25_b0p05__wd1e-04trmiss0_degmodglobal,8,0.7458598464727402,0.713741660118103,0.7111111111111111,0.8770180436847106,0.42857142857142855,0.0,0.7225431352853775,0.7307022362947464,0.04048019181936979,0.10075122490525246,0.0,0.0,0.0,0.0,0.0,18473,global,0.0
4,1,lr1e-05_bs16_drop0p2_temp2p0_a0p25_b0p05__wd1e-04trmiss0_degmodglobal,16,1e-05,0.0001,0.2,2.0,0.25,0.05,lr1e-05_bs16_drop0p2_temp2p0_a0p25_b0p05__wd1e-04trmiss0_degmodglobal,9,0.7321796715259552,0.7192131280899048,0.7111111111111111,0.8770180436847106,0.42857142857142855,0.0,0.7041870206594467,0.7150568515062332,0.046542742289602757,0.10974306613206863,0.0,0.0,0.0,0.0,0.0,18473,global,0.0
4,1,lr1e-05_bs16_drop0p2_temp2p0_a0p25_b0p05__wd1e-04trmiss0_degmodglobal,16,1e-05,0.0001,0.2,2.0,0.25,0.05,lr1e-05_bs16_drop0p2_temp2p0_a0p25_b0p05__wd1e-04trmiss0_degmodglobal,10,0.7284047156572342,0.7233243584632874,0.7333333333333334,0.8928910595577264,0.42857142857142855,0.0,0.7075091749429703,0.7136534452438354,0.042507186997681856,0.08248951798304915,0.0,0.0,0.0,0.0,0.0,18473,global,0.0
4,1,lr1e-05_bs16_drop0p2_temp2p0_a0p25_b0p05__wd1e-04trmiss0_degmodglobal,16,1e-05,0.0001,0.2,2.0,0.25,0.05,lr1e-05_bs16_drop0p2_temp2p0_a0p25_b0p05__wd1e-04trmiss0_degmodglobal,11,0.7281777262687683,0.7248978018760681,0.7333333333333334,0.8928910595577264,0.42857142857142855,0.0,0.6799288839101791,0.7097219377756119,0.04773737769573927,0.13042879290878773,0.0,0.0,0.0,0.0,0.0,18473,global,0.0
4,1,lr1e-05_bs16_drop0p2_temp2p0_a0p25_b0p05__wd1e-04trmiss0_degmodglobal,16,1e-05,0.0001,0.2,2.0,0.25,0.05,lr1e-05_bs16_drop0p2_temp2p0_a0p25_b0p05__wd1e-04trmiss0_degmodglobal,12,0.7259759604930878,0.7271042466163635,0.7333333333333334,0.8928910595577264,0.42857142857142855,0.0,0.7067242115736008,0.711443156003952,0.041670721024274826,0.08230227325111628,0.0,0.0,0.0,0.0,0.0,18473,global,0.0
4,1,lr1e-05_bs16_drop0p2_temp2p0_a0p25_b0p05__wd1e-04trmiss0_degmodglobal,16,1e-05,0.0001,0.2,2.0,0.25,0.05,lr1e-05_bs16_drop0p2_temp2p0_a0p25_b0p05__wd1e-04trmiss0_degmodglobal,13,0.7277563661336899,0.726754367351532,0.7333333333333334,0.8928910595577264,0.42857142857142855,0.0,0.6923060417175293,0.7102173566818237,0.04654699005186558,0.11804478242993355,0.0,0.0,0.0,0.0,0.0,18473,global,0.0
4,1,lr1e-05_bs16_drop0p2_temp2p0_a0p25_b0p05__wd1e-04trmiss0_degmodglobal,16,1e-05,0.0001,0.2,2.0,0.25,0.05,lr1e-05_bs16_drop0p2_temp2p0_a0p25_b0p05__wd1e-04trmiss0_degmodglobal,14,0.7395308315753937,0.7285112738609314,0.7333333333333334,0.8928910595577264,0.42857142857142855,0.0,0.6804283559322357,0.721935972571373,0.046146268025040627,0.12116580456495285,0.0,0.0,0.0,0.0,0.0,18473,global,0.0
4,1,lr1e-05_bs16_drop0p2_temp2p0_a0p25_b0p05__wd1e-04trmiss0_degmodglobal,16,1e-05,0.0001,0.2,2.0,0.25,0.05,lr1e-05_bs16_drop0p2_temp2p0_a0p25_b0p05__wd1e-04trmiss0_degmodglobal,15,0.6974426358938217,0.7264373898506165,0.7333333333333334,0.8928910595577264,0.42857142857142855,0.0,0.6734146475791931,0.6794989854097366,0.049955058842897415,0.10909752175211906,0.0,0.0,0.0,0.0,0.0,18473,global,0.0
4,1,lr1e-05_bs16_drop0p2_temp2p0_a0p25_b0p05__wd1e-04trmiss0_degmodglobal,16,1e-05,0.0001,0.2,2.0,0.25,0.05,lr1e-05_bs16_drop0p2_temp2p0_a0p25_b0p05__wd1e-04trmiss0_degmodglobal,16,0.7210014313459396,0.728820264339447,0.7333333333333334,0.8928910595577264,0.42857142857142855,0.0,0.7014749646186829,0.7049696147441864,0.044235898181796074,0.09945706650614738,0.0,0.0,0.0,0.0,0.0,18473,global,0.0
4,1,lr1e-05_bs16_drop0p2_temp2p0_a0p25_b0p05__wd1e-04trmiss0_degmodglobal,16,1e-05,0.0001,0.2,2.0,0.25,0.05,lr1e-05_bs16_drop0p2_temp2p0_a0p25_b0p05__wd1e-04trmiss0_degmodglobal,17,0.718404546380043,0.7300001382827759,0.711111111111111,0.8842490842490844,0.42857142857142855,0.0,0.6662096232175827,0.7044644951820374,0.0378516330383718,0.08954231813549995,0.0,0.0,0.0,0.0,0.0,18473,global,0.0
4,1,lr1e-05_bs16_drop0p2_temp2p0_a0p25_b0p05__wd1e-04trmiss0_degmodglobal,16,1e-05,0.0001,0.2,2.0,0.25,0.05,lr1e-05_bs16_drop0p2_temp2p0_a0p25_b0p05__wd1e-04trmiss0_degmodglobal,18,0.745481550693512,0.7289642095565796,0.711111111111111,0.8842490842490844,0.42857142857142855,0.0,0.6799814850091934,0.731559231877327,0.03869585506618023,0.08496663346886635,0.0,0.0,0.0,0.0,0.0,18473,global,0.0
4,1,lr1e-05_bs16_drop0p2_temp2p0_a0p25_b0p05__wd1e-04trmiss0_degmodglobal,16,1e-05,0.0001,0.2,2.0,0.25,0.05,lr1e-05_bs16_drop0p2_temp2p0_a0p25_b0p05__wd1e-04trmiss0_degmodglobal,19,0.727485716342926,0.7265208959579468,0.6888888888888889,0.8771783771783772,0.42857142857142855,0.0,0.6481967270374298,0.7109661847352982,0.04308073502033949,0.1149868406355381,0.0,0.0,0.0,0.0,0.0,18473,global,0.0
4,1,lr1e-05_bs16_drop0p2_temp2p0_a0p25_b0p05__wd1e-04trmiss0_degmodglobal,16,1e-05,0.0001,0.2,2.0,0.25,0.05,lr1e-05_bs16_drop0p2_temp2p0_a0p25_b0p05__wd1e-04trmiss0_degmodglobal,20,0.717221274971962,0.7262291312217712,0.6888888888888889,0.8683760683760686,0.42857142857142855,0.0,0.6636918485164642,0.7004510909318924,0.04308568313717842,0.11997541040182114,0.0,0.0,0.0,0.0,0.0,18473,global,0.0
4,1,lr1e-05_bs16_drop0p2_temp2p0_a0p25_b0p05__wd1e-04trmiss0_degmodglobal,16,1e-05,0.0001,0.2,2.0,0.25,0.05,lr1e-05_bs16_drop0p2_temp2p0_a0p25_b0p05__wd1e-04trmiss0_degmodglobal,21,0.7211765646934509,0.7269918918609619,0.6666666666666667,0.8613053613053614,0.42857142857142855,0.0,0.6708193123340607,0.7012749165296555,0.05371079035103321,0.12947899848222733,0.0,0.0,0.0,0.0,0.0,18473,global,0.0
4,1,lr1e-05_bs16_drop0p2_temp2p0_a0p25_b0p05__wd1e-04trmiss0_degmodglobal,16,1e-05,0.0001,0.2,2.0,0.25,0.05,lr1e-05_bs16_drop0p2_temp2p0_a0p25_b0p05__wd1e-04trmiss0_degmodglobal,22,0.7327125072479248,0.7270126938819885,0.6888888888888889,0.8771783771783772,0.42857142857142855,0.0,0.6609907299280167,0.7152634263038635,0.04539185296744108,0.12202228792011738,0.0,0.0,0.0,0.0,0.0,18473,global,0.0
4,1,lr1e-05_bs16_drop0p2_temp2p0_a0p25_b0p05__wd1e-04trmiss0_degmodglobal,16,1e-05,0.0001,0.2,2.0,0.25,0.05,lr1e-05_bs16_drop0p2_temp2p0_a0p25_b0p05__wd1e-04trmiss0_degmodglobal,23,0.6935751587152481,0.7293016314506531,0.6666666666666667,0.8613053613053614,0.42857142857142855,0.0,0.6396666914224625,0.6784960031509399,0.04137525847181678,0.09470678865909576,0.0,0.0,0.0,0.0,0.0,18473,global,0.0
4,1,lr1e-05_bs16_drop0p2_temp2p0_a0p25_b0p05__wd1e-04trmiss0_degmodglobal,16,1e-05,0.0001,0.2,2.0,0.25,0.05,lr1e-05_bs16_drop0p2_temp2p0_a0p25_b0p05__wd1e-04trmiss0_degmodglobal,24,0.7367927134037018,0.7317699790000916,0.6666666666666667,0.8613053613053614,0.42857142857142855,0.0,0.6575484573841095,0.7211797535419464,0.039922717958688736,0.11264548450708389,0.0,0.0,0.0,0.0,0.0,18473,global,0.0
4,1,lr1e-05_bs16_drop0p2_temp2p0_a0p25_b0p05__wd1e-04trmiss0_degmodglobal,16,1e-05,0.0001,0.2,2.0,0.25,0.05,lr1e-05_bs16_drop0p2_temp2p0_a0p25_b0p05__wd1e-04trmiss0_degmodglobal,25,0.715240940451622,0.7330924868583679,0.6666666666666667,0.8613053613053614,0.42857142857142855,0.0,0.6497625261545181,0.699623629450798,0.04231905657798052,0.10075092874467373,0.0,0.0,0.0,0.0,0.0,18473,global,0.0
4,1,lr1e-05_bs16_drop0p4_temp1p0_a0p25_b0p05__wd1e-04trmiss0_degmodglobal,16,1e-05,0.0001,0.4,1.0,0.25,0.05,lr1e-05_bs16_drop0p4_temp1p0_a0p25_b0p05__wd1e-04trmiss0_degmodglobal,1,0.8211051225662231,0.730146586894989,0.17777777777777778,0.5116099949433284,0.21428571428571427,0.0,0.7344619929790497,0.796787828207016,0.06255459599196911,0.17357314750552177,0.0,0.0,0.0,0.0,0.0,18473,global,0.0
4,1,lr1e-05_bs16_drop0p4_temp1p0_a0p25_b0p05__wd1e-04trmiss0_degmodglobal,16,1e-05,0.0001,0.4,1.0,0.25,0.05,lr1e-05_bs16_drop0p4_temp1p0_a0p25_b0p05__wd1e-04trmiss0_degmodglobal,2,0.7803062051534653,0.7341235280036926,0.17777777777777776,0.523955673955674,0.21428571428571427,0.0,0.7103120386600494,0.7529632896184921,0.06963850371539593,0.19866541773080826,0.0,0.0,0.0,0.0,0.0,18473,global,0.0
4,1,lr1e-05_bs16_drop0p4_temp1p0_a0p25_b0p05__wd1e-04trmiss0_degmodglobal,16,1e-05,0.0001,0.4,1.0,0.25,0.05,lr1e-05_bs16_drop0p4_temp1p0_a0p25_b0p05__wd1e-04trmiss0_degmodglobal,3,0.7960481494665146,0.7358054518699646,0.2,0.5301285134618469,0.21428571428571427,0.0,0.7087487429380417,0.7624265998601913,0.07705412432551384,0.28716010600328445,0.0,0.0,0.0,0.0,0.0,18473,global,0.0
4,1,lr1e-05_bs16_drop0p4_temp1p0_a0p25_b0p05__wd1e-04trmiss0_degmodglobal,16,1e-05,0.0001,0.4,1.0,0.25,0.05,lr1e-05_bs16_drop0p4_temp1p0_a0p25_b0p05__wd1e-04trmiss0_degmodglobal,4,0.8099296241998672,0.7358847260475159,0.2222222222222222,0.5235628568961902,0.21428571428571427,0.0,0.7219704240560532,0.784923255443573,0.0612436356022954,0.19390930607914925,0.0,0.0,0.0,0.0,0.0,18473,global,0.0
4,1,lr1e-05_bs16_drop0p4_temp1p0_a0p25_b0p05__wd1e-04trmiss0_degmodglobal,16,1e-05,0.0001,0.4,1.0,0.25,0.05,lr1e-05_bs16_drop0p4_temp1p0_a0p25_b0p05__wd1e-04trmiss0_degmodglobal,5,0.7359718382358551,0.7384187579154968,0.2222222222222222,0.5235628568961902,0.2857142857142857,0.0,0.6901589035987854,0.7158031016588211,0.04857141990214586,0.16051769815385342,0.0,0.0,0.0,0.0,0.0,18473,global,0.0
4,1,lr1e-05_bs16_drop0p4_temp1p0_a0p25_b0p05__wd1e-04trmiss0_degmodglobal,16,1e-05,0.0001,0.4,1.0,0.25,0.05,lr1e-05_bs16_drop0p4_temp1p0_a0p25_b0p05__wd1e-04trmiss0_degmodglobal,6,0.7515856325626373,0.7386796474456787,0.24444444444444444,0.5314993648326982,0.2857142857142857,0.0,0.7067329287528992,0.7235309779644012,0.06836257874965668,0.21928031370043755,0.0,0.0,0.0,0.0,0.0,18473,global,0.0
4,1,lr1e-05_bs16_drop0p4_temp1p0_a0p25_b0p05__wd1e-04trmiss0_degmodglobal,16,1e-05,0.0001,0.4,1.0,0.25,0.05,lr1e-05_bs16_drop0p4_temp1p0_a0p25_b0p05__wd1e-04trmiss0_degmodglobal,7,0.7094942033290863,0.7399976253509521,0.24444444444444444,0.5314993648326982,0.2857142857142857,0.0,0.6946834176778793,0.6852623522281647,0.06081635411828756,0.18055550754070282,0.0,0.0,0.0,0.0,0.0,18473,global,0.0
4,1,lr1e-05_bs16_drop0p4_temp1p0_a0p25_b0p05__wd1e-04trmiss0_degmodglobal,16,1e-05,0.0001,0.4,1.0,0.25,0.05,lr1e-05_bs16_drop0p4_temp1p0_a0p25_b0p05__wd1e-04trmiss0_degmodglobal,8,0.6939573734998703,0.7431932687759399,0.24444444444444444,0.5314993648326982,0.21428571428571427,0.0,0.6765100359916687,0.6698648035526276,0.06467704754322767,0.15846627485007048,0.0,0.0,0.0,0.0,0.0,18473,global,0.0
4,1,lr1e-05_bs16_drop0p4_temp1p0_a0p25_b0p05__wd1e-04trmiss0_degmodglobal,16,1e-05,0.0001,0.4,1.0,0.25,0.05,lr1e-05_bs16_drop0p4_temp1p0_a0p25_b0p05__wd1e-04trmiss0_degmodglobal,9,0.7312593758106232,0.7455295920372009,0.24444444444444444,0.5314993648326982,0.21428571428571427,0.0,0.6996983736753464,0.7024604976177216,0.06755306385457516,0.23821261525154114,0.0,0.0,0.0,0.0,0.0,18473,global,0.0
4,1,lr1e-05_bs16_drop0p4_temp1p0_a0p25_b0p05__wd1e-04trmiss0_degmodglobal,16,1e-05,0.0001,0.4,1.0,0.25,0.05,lr1e-05_bs16_drop0p4_temp1p0_a0p25_b0p05__wd1e-04trmiss0_degmodglobal,10,0.7749503403902054,0.7452910542488098,0.26666666666666666,0.5394358727692061,0.2857142857142857,0.0,0.6755787879228592,0.7415293306112289,0.08451576344668865,0.24584129080176353,0.0,0.0,0.0,0.0,0.0,18473,global,0.0
4,1,lr1e-05_bs16_drop0p4_temp1p0_a0p25_b0p05__wd1e-04trmiss0_degmodglobal,16,1e-05,0.0001,0.4,1.0,0.25,0.05,lr1e-05_bs16_drop0p4_temp1p0_a0p25_b0p05__wd1e-04trmiss0_degmodglobal,11,0.7243054807186127,0.748950719833374,0.2222222222222222,0.5256071089404423,0.2857142857142857,0.0,0.70488540828228,0.6897674649953842,0.08125907182693481,0.28446508944034576,0.0,0.0,0.0,0.0,0.0,18473,global,0.0
4,1,lr1e-05_bs16_drop0p4_temp1p0_a0p25_b0p05__wd1e-04trmiss0_degmodglobal,16,1e-05,0.0001,0.4,1.0,0.25,0.05,lr1e-05_bs16_drop0p4_temp1p0_a0p25_b0p05__wd1e-04trmiss0_degmodglobal,12,0.7594403028488159,0.7472866177558899,0.24444444444444444,0.5335436168769503,0.2857142857142857,0.0,0.6642611175775528,0.7381988763809204,0.052478622645139694,0.162435382604599,0.0,0.0,0.0,0.0,0.0,18473,global,0.0
4,1,lr1e-05_bs16_drop0p4_temp1p0_a0p25_b0p05__wd1e-04trmiss0_degmodglobal,16,1e-05,0.0001,0.4,1.0,0.25,0.05,lr1e-05_bs16_drop0p4_temp1p0_a0p25_b0p05__wd1e-04trmiss0_degmodglobal,13,0.7168174386024475,0.7491629719734192,0.26666666666666666,0.5412596662596663,0.2857142857142857,0.0,0.6705550700426102,0.6967454850673676,0.050516136921942234,0.1488584615290165,0.0,0.0,0.0,0.0,0.0,18473,global,0.0
4,1,lr1e-05_bs16_drop0p4_temp1p0_a0p25_b0p05__wd1e-04trmiss0_degmodglobal,16,1e-05,0.0001,0.4,1.0,0.25,0.05,lr1e-05_bs16_drop0p4_temp1p0_a0p25_b0p05__wd1e-04trmiss0_degmodglobal,14,0.7428030669689178,0.7473982572555542,0.31111111111111106,0.575939800939801,0.2857142857142857,0.0,0.7093127816915512,0.7176413536071777,0.06615004129707813,0.17248413525521755,0.0,0.0,0.0,0.0,0.0,18473,global,0.0
4,1,lr1e-05_bs16_drop0p4_temp1p0_a0p25_b0p05__wd1e-04trmiss0_degmodglobal,16,1e-05,0.0001,0.4,1.0,0.25,0.05,lr1e-05_bs16_drop0p4_temp1p0_a0p25_b0p05__wd1e-04trmiss0_degmodglobal,15,0.7526425570249557,0.7462872862815857,0.31111111111111106,0.575939800939801,0.35714285714285715,0.0,0.6754644364118576,0.7235910147428513,0.06637115217745304,0.24917512014508247,0.0,0.0,0.0,0.0,0.0,18473,global,0.0
4,1,lr1e-05_bs16_drop0p4_temp1p0_a0p25_b0p05__wd1e-04trmiss0_degmodglobal,16,1e-05,0.0001,0.4,1.0,0.25,0.05,lr1e-05_bs16_drop0p4_temp1p0_a0p25_b0p05__wd1e-04trmiss0_degmodglobal,16,0.6789253950119019,0.7466967701911926,0.31111111111111106,0.575939800939801,0.35714285714285715,0.0,0.6628347039222717,0.659780964255333,0.04859323427081108,0.13992263283580542,0.0,0.0,0.0,0.0,0.0,18473,global,0.0
4,1,lr1e-05_bs16_drop0p4_temp1p0_a0p25_b0p05__wd1e-04trmiss0_degmodglobal,16,1e-05,0.0001,0.4,1.0,0.25,0.05,lr1e-05_bs16_drop0p4_temp1p0_a0p25_b0p05__wd1e-04trmiss0_degmodglobal,17,0.7232545614242554,0.7474068403244019,0.28888888888888886,0.5574212824212825,0.35714285714285715,0.0,0.6700707376003265,0.6994973570108414,0.061386567540466785,0.16821078024804592,0.0,0.0,0.0,0.0,0.0,18473,global,0.0
4,1,lr1e-05_bs16_drop0p4_temp1p0_a0p25_b0p05__wd1e-04trmiss0_degmodglobal,16,1e-05,0.0001,0.4,1.0,0.25,0.05,lr1e-05_bs16_drop0p4_temp1p0_a0p25_b0p05__wd1e-04trmiss0_degmodglobal,18,0.7055710852146149,0.7467320561408997,0.28888888888888886,0.5574212824212825,0.42857142857142855,0.0,0.6520387977361679,0.6769465804100037,0.06958904210478067,0.22454464994370937,0.0,0.0,0.0,0.0,0.0,18473,global,0.0
4,1,lr1e-05_bs16_drop0p4_temp1p0_a0p25_b0p05__wd1e-04trmiss0_degmodglobal,16,1e-05,0.0001,0.4,1.0,0.25,0.05,lr1e-05_bs16_drop0p4_temp1p0_a0p25_b0p05__wd1e-04trmiss0_degmodglobal,19,0.7211604714393616,0.7468565702438354,0.31111111111111106,0.575939800939801,0.42857142857142855,0.0,0.6443285495042801,0.6950263381004333,0.06553111225366592,0.1950269490480423,0.0,0.0,0.0,0.0,0.0,18473,global,0.0
4,1,lr1e-05_bs16_drop0p4_temp1p0_a0p25_b0p05__wd1e-04trmiss0_degmodglobal,16,1e-05,0.0001,0.4,1.0,0.25,0.05,lr1e-05_bs16_drop0p4_temp1p0_a0p25_b0p05__wd1e-04trmiss0_degmodglobal,20,0.7250719517469406,0.7509485483169556,0.28888888888888886,0.5574212824212825,0.42857142857142855,0.0,0.6560053378343582,0.7012025266885757,0.05832958593964577,0.18574044201523066,0.0,0.0,0.0,0.0,0.0,18473,global,0.0
4,1,lr1e-05_bs16_drop0p4_temp1p0_a0p25_b0p05__wd1e-04trmiss0_degmodglobal,16,1e-05,0.0001,0.4,1.0,0.25,0.05,lr1e-05_bs16_drop0p4_temp1p0_a0p25_b0p05__wd1e-04trmiss0_degmodglobal,21,0.7066871076822281,0.7498824596405029,0.28888888888888886,0.5574212824212825,0.42857142857142855,0.0,0.6362005770206451,0.6799566745758057,0.06087046395987272,0.23025640659034252,0.0,0.0,0.0,0.0,0.0,18473,global,0.0
4,1,lr1e-05_bs16_drop0p4_temp1p0_a0p25_b0p05__wd1e-04trmiss0_degmodglobal,16,1e-05,0.0001,0.4,1.0,0.25,0.05,lr1e-05_bs16_drop0p4_temp1p0_a0p25_b0p05__wd1e-04trmiss0_degmodglobal,22,0.6907195746898651,0.7519423961639404,0.31111111111111106,0.575939800939801,0.35714285714285715,0.0,0.6502276808023453,0.6713700294494629,0.055936976335942745,0.1073066396638751,0.0,0.0,0.0,0.0,0.0,18473,global,0.0
4,1,lr1e-05_bs16_drop0p4_temp1p0_a0p25_b0p05__wd1e-04trmiss0_degmodglobal,16,1e-05,0.0001,0.4,1.0,0.25,0.05,lr1e-05_bs16_drop0p4_temp1p0_a0p25_b0p05__wd1e-04trmiss0_degmodglobal,23,0.7625144422054291,0.7516482472419739,0.31111111111111106,0.575939800939801,0.42857142857142855,0.0,0.6684494763612747,0.7378979921340942,0.06011561211198568,0.19175098836421967,0.0,0.0,0.0,0.0,0.0,18473,global,0.0
4,1,lr1e-05_bs16_drop0p4_temp1p0_a0p25_b0p05__wd1e-04trmiss0_degmodglobal,16,1e-05,0.0001,0.4,1.0,0.25,0.05,lr1e-05_bs16_drop0p4_temp1p0_a0p25_b0p05__wd1e-04trmiss0_degmodglobal,24,0.7119031548500061,0.7524996399879456,0.31111111111111106,0.575939800939801,0.35714285714285715,0.0,0.6416578143835068,0.6844990700483322,0.0655271103605628,0.2204466536641121,0.0,0.0,0.0,0.0,0.0,18473,global,0.0
4,1,lr1e-05_bs16_drop0p4_temp1p0_a0p25_b0p05__wd1e-04trmiss0_degmodglobal,16,1e-05,0.0001,0.4,1.0,0.25,0.05,lr1e-05_bs16_drop0p4_temp1p0_a0p25_b0p05__wd1e-04trmiss0_degmodglobal,25,0.6993663161993027,0.7495191097259521,0.31111111111111106,0.575939800939801,0.42857142857142855,0.0,0.6131767481565475,0.6755324751138687,0.05701644904911518,0.19159435108304024,0.0,0.0,0.0,0.0,0.0,18473,global,0.0
4,1,lr1e-05_bs16_drop0p4_temp1p0_a0p25_b0p05__wd1e-04trmiss0_degmodglobal,16,1e-05,0.0001,0.4,1.0,0.25,0.05,lr1e-05_bs16_drop0p4_temp1p0_a0p25_b0p05__wd1e-04trmiss0_degmodglobal,26,0.7203182578086853,0.7459856867790222,0.31111111111111106,0.575939800939801,0.42857142857142855,0.0,0.6399298161268234,0.6964092552661896,0.06416969560086727,0.15733113512396812,0.0,0.0,0.0,0.0,0.0,18473,global,0.0
4,1,lr1e-05_bs16_drop0p4_temp1p0_a0p25_b0p05__wd1e-04trmiss0_degmodglobal,16,1e-05,0.0001,0.4,1.0,0.25,0.05,lr1e-05_bs16_drop0p4_temp1p0_a0p25_b0p05__wd1e-04trmiss0_degmodglobal,27,0.7293459922075272,0.7524526119232178,0.31111111111111106,0.575939800939801,0.42857142857142855,0.0,0.6517113000154495,0.7070106714963913,0.054496921598911285,0.17422194965183735,0.0,0.0,0.0,0.0,0.0,18473,global,0.0
4,1,lr1e-05_bs16_drop0p4_temp1p0_a0p25_b0p05__wd1e-04trmiss0_degmodglobal,16,1e-05,0.0001,0.4,1.0,0.25,0.05,lr1e-05_bs16_drop0p4_temp1p0_a0p25_b0p05__wd1e-04trmiss0_degmodglobal,28,0.7279806882143021,0.7527351975440979,0.28888888888888886,0.5574212824212825,0.42857142857142855,0.0,0.6317681670188904,0.7043623775243759,0.061070818454027176,0.1670121606439352,0.0,0.0,0.0,0.0,0.0,18473,global,0.0
4,1,lr1e-05_bs16_drop0p4_temp1p0_a0p25_b0p05__wd1e-04trmiss0_degmodglobal,16,1e-05,0.0001,0.4,1.0,0.25,0.05,lr1e-05_bs16_drop0p4_temp1p0_a0p25_b0p05__wd1e-04trmiss0_degmodglobal,29,0.7268668562173843,0.7481633424758911,0.31111111111111106,0.575939800939801,0.42857142857142855,0.0,0.617038905620575,0.6991141885519028,0.06929926201701164,0.20855683460831642,0.0,0.0,0.0,0.0,0.0,18473,global,0.0
4,1,lr1e-05_bs16_drop0p4_temp1p0_a0p25_b0p05__wd1e-04trmiss0_degmodglobal,16,1e-05,0.0001,0.4,1.0,0.25,0.05,lr1e-05_bs16_drop0p4_temp1p0_a0p25_b0p05__wd1e-04trmiss0_degmodglobal,30,0.7041191607713699,0.7502607703208923,0.28888888888888886,0.5574212824212825,0.42857142857142855,0.0,0.6211875528097153,0.6766064763069153,0.06490264367312193,0.22574085369706154,0.0,0.0,0.0,0.0,0.0,18473,global,0.0
4,1,lr1e-05_bs16_drop0p4_temp1p0_a0p25_b0p05__wd1e-04trmiss0_degmodglobal,16,1e-05,0.0001,0.4,1.0,0.25,0.05,lr1e-05_bs16_drop0p4_temp1p0_a0p25_b0p05__wd1e-04trmiss0_degmodglobal,31,0.7216989547014236,0.7508652806282043,0.28888888888888886,0.5574212824212825,0.42857142857142855,0.0,0.6228399127721786,0.696123480796814,0.06751423329114914,0.17393843829631805,0.0,0.0,0.0,0.0,0.0,18473,global,0.0
4,1,lr1e-05_bs16_drop0p4_temp1p0_a0p25_b0p05__wd1e-04trmiss0_degmodglobal,16,1e-05,0.0001,0.4,1.0,0.25,0.05,lr1e-05_bs16_drop0p4_temp1p0_a0p25_b0p05__wd1e-04trmiss0_degmodglobal,32,0.7364588379859924,0.749170184135437,0.31111111111111106,0.575939800939801,0.42857142857142855,0.0,0.6156761646270752,0.709142729640007,0.06418513134121895,0.22539644315838814,0.0,0.0,0.0,0.0,0.0,18473,global,0.0
4,1,lr1e-05_bs16_drop0p4_temp1p0_a0p25_b0p05__wd1e-04trmiss0_degmodglobal,16,1e-05,0.0001,0.4,1.0,0.25,0.05,lr1e-05_bs16_drop0p4_temp1p0_a0p25_b0p05__wd1e-04trmiss0_degmodglobal,33,0.7043911963701248,0.7478915452957153,0.31111111111111106,0.575939800939801,0.42857142857142855,0.0,0.607134610414505,0.6755917519330978,0.07284967321902514,0.21174045093357563,0.0,0.0,0.0,0.0,0.0,18473,global,0.0
4,1,lr1e-05_bs16_drop0p4_temp1p0_a0p25_b0p05__wd1e-04trmiss0_degmodglobal,16,1e-05,0.0001,0.4,1.0,0.25,0.05,lr1e-05_bs16_drop0p4_temp1p0_a0p25_b0p05__wd1e-04trmiss0_degmodglobal,34,0.7623215615749359,0.745258092880249,0.31111111111111106,0.575939800939801,0.42857142857142855,0.0,0.615501195192337,0.7271462231874466,0.08450555056333542,0.28097907453775406,0.0,0.0,0.0,0.0,0.0,18473,global,0.0
4,1,lr1e-05_bs16_drop0p4_temp1p0_a0p25_b0p05__wd1e-04trmiss0_degmodglobal,16,1e-05,0.0001,0.4,1.0,0.25,0.05,lr1e-05_bs16_drop0p4_temp1p0_a0p25_b0p05__wd1e-04trmiss0_degmodglobal,35,0.6983017474412918,0.745375394821167,0.31111111111111106,0.575939800939801,0.42857142857142855,0.0,0.6032890826463699,0.669432058930397,0.07102918345481157,0.2222476303577423,0.0,0.0,0.0,0.0,0.0,18473,global,0.0
4,1,lr1e-05_bs16_drop0p4_temp1p0_a0p25_b0p05__wd1e-04trmiss0_degmodglobal,16,1e-05,0.0001,0.4,1.0,0.25,0.05,lr1e-05_bs16_drop0p4_temp1p0_a0p25_b0p05__wd1e-04trmiss0_degmodglobal,36,0.7648186236619949,0.7458162903785706,0.31111111111111106,0.575939800939801,0.42857142857142855,0.0,0.5954120457172394,0.7338641434907913,0.06839504465460777,0.27711428329348564,0.0,0.0,0.0,0.0,0.0,18473,global,0.0
4,1,lr1e-05_bs16_drop0p4_temp1p0_a0p25_b0p05__wd1e-04trmiss0_degmodglobal,16,1e-05,0.0001,0.4,1.0,0.25,0.05,lr1e-05_bs16_drop0p4_temp1p0_a0p25_b0p05__wd1e-04trmiss0_degmodglobal,37,0.7062331140041351,0.7442597150802612,0.31111111111111106,0.575939800939801,0.42857142857142855,0.0,0.5965212881565094,0.6742770075798035,0.08057892322540283,0.23622769862413406,0.0,0.0,0.0,0.0,0.0,18473,global,0.0
4,1,lr1e-05_bs16_drop0p4_temp1p0_a0p25_b0p05__wd1e-04trmiss0_degmodglobal,16,1e-05,0.0001,0.4,1.0,0.25,0.05,lr1e-05_bs16_drop0p4_temp1p0_a0p25_b0p05__wd1e-04trmiss0_degmodglobal,38,0.7594903409481049,0.7470212578773499,0.31111111111111106,0.575939800939801,0.42857142857142855,0.0,0.6408936083316803,0.7308999598026276,0.06568552926182747,0.2433806173503399,0.0,0.0,0.0,0.0,0.0,18473,global,0.0
4,1,lr1e-05_bs16_drop0p4_temp1p0_a0p25_b0p05__wd1e-04trmiss0_degmodglobal,16,1e-05,0.0001,0.4,1.0,0.25,0.05,lr1e-05_bs16_drop0p4_temp1p0_a0p25_b0p05__wd1e-04trmiss0_degmodglobal,39,0.7188030779361725,0.7451907992362976,0.31111111111111106,0.575939800939801,0.42857142857142855,0.0,0.5919933319091797,0.6883572936058044,0.07054378185421228,0.2561965435743332,0.0,0.0,0.0,0.0,0.0,18473,global,0.0
4,1,lr1e-05_bs16_drop0p4_temp1p0_a0p25_b0p05__wd1e-04trmiss0_degmodglobal,16,1e-05,0.0001,0.4,1.0,0.25,0.05,lr1e-05_bs16_drop0p4_temp1p0_a0p25_b0p05__wd1e-04trmiss0_degmodglobal,40,0.7366078346967697,0.7458356022834778,0.31111111111111106,0.575939800939801,0.42857142857142855,0.0,0.6128224432468414,0.7038455158472061,0.07279862463474274,0.2912530414760113,0.0,0.0,0.0,0.0,0.0,18473,global,0.0
4,1,lr1e-05_bs16_drop0p4_temp1p0_a0p25_b0p05__wd1e-04trmiss0_degmodglobal,16,1e-05,0.0001,0.4,1.0,0.25,0.05,lr1e-05_bs16_drop0p4_temp1p0_a0p25_b0p05__wd1e-04trmiss0_degmodglobal,41,0.7340880036354065,0.7451016902923584,0.3333333333333333,0.5944583194583195,0.42857142857142855,0.0,0.6255774796009064,0.7086750715970993,0.0637122867628932,0.18969692662358284,0.0,0.0,0.0,0.0,0.0,18473,global,0.0
4,1,lr1e-05_bs16_drop0p4_temp1p0_a0p25_b0p05__wd1e-04trmiss0_degmodglobal,16,1e-05,0.0001,0.4,1.0,0.25,0.05,lr1e-05_bs16_drop0p4_temp1p0_a0p25_b0p05__wd1e-04trmiss0_degmodglobal,42,0.7109487354755402,0.7467831373214722,0.3333333333333333,0.5944583194583195,0.42857142857142855,0.0,0.6331900507211685,0.6836524307727814,0.07003253698348999,0.19576347433030605,0.0,0.0,0.0,0.0,0.0,18473,global,0.0
4,1,lr1e-05_bs16_drop0p4_temp1p0_a0p25_b0p05__wd1e-04trmiss0_degmodglobal,16,1e-05,0.0001,0.4,1.0,0.25,0.05,lr1e-05_bs16_drop0p4_temp1p0_a0p25_b0p05__wd1e-04trmiss0_degmodglobal,43,0.7653318494558334,0.7482416033744812,0.31111111111111106,0.575939800939801,0.42857142857142855,0.0,0.6345091015100479,0.7318762838840485,0.08377770520746708,0.2502228058874607,0.0,0.0,0.0,0.0,0.0,18473,global,0.0
4,1,lr1e-05_bs16_drop0p4_temp1p0_a0p25_b0p05__wd1e-04trmiss0_degmodglobal,16,1e-05,0.0001,0.4,1.0,0.25,0.05,lr1e-05_bs16_drop0p4_temp1p0_a0p25_b0p05__wd1e-04trmiss0_degmodglobal,44,0.7193172872066498,0.7482444047927856,0.3333333333333333,0.5944583194583195,0.35714285714285715,0.0,0.5831591039896011,0.694123312830925,0.0639628954231739,0.18406501598656178,0.0,0.0,0.0,0.0,0.0,18473,global,0.0
4,1,lr1e-05_bs16_drop0p4_temp1p0_a0p25_b0p05__wd1e-04trmiss0_degmodglobal,16,1e-05,0.0001,0.4,1.0,0.25,0.05,lr1e-05_bs16_drop0p4_temp1p0_a0p25_b0p05__wd1e-04trmiss0_degmodglobal,45,0.7473575174808502,0.7467878460884094,0.3333333333333333,0.5944583194583195,0.42857142857142855,0.0,0.5971232056617737,0.7172067910432816,0.06945146387442946,0.2557572405785322,0.0,0.0,0.0,0.0,0.0,18473,global,0.0
4,1,lr1e-05_bs16_drop0p4_temp1p0_a0p25_b0p05__wd1e-04trmiss0_degmodglobal,16,1e-05,0.0001,0.4,1.0,0.25,0.05,lr1e-05_bs16_drop0p4_temp1p0_a0p25_b0p05__wd1e-04trmiss0_degmodglobal,46,0.7163419425487518,0.7449943423271179,0.3555555555555555,0.6111249861249861,0.42857142857142855,0.0,0.6113523095846176,0.691340759396553,0.06478870380669832,0.17607994750142097,0.0,0.0,0.0,0.0,0.0,18473,global,0.0
4,1,lr1e-05_bs16_drop0p4_temp1p0_a0p25_b0p05__wd1e-04trmiss0_degmodglobal,16,1e-05,0.0001,0.4,1.0,0.25,0.05,lr1e-05_bs16_drop0p4_temp1p0_a0p25_b0p05__wd1e-04trmiss0_degmodglobal,47,0.7125610113143921,0.7460289597511292,0.3555555555555555,0.6111249861249861,0.42857142857142855,0.0,0.5991069227457047,0.6832026988267899,0.07116822898387909,0.23132478818297386,0.0,0.0,0.0,0.0,0.0,18473,global,0.0
4,1,lr1e-05_bs16_drop0p4_temp1p0_a0p25_b0p05__wd1e-04trmiss0_degmodglobal,16,1e-05,0.0001,0.4,1.0,0.25,0.05,lr1e-05_bs16_drop0p4_temp1p0_a0p25_b0p05__wd1e-04trmiss0_degmodglobal,48,0.6879718452692032,0.7450788617134094,0.3333333333333333,0.5944583194583195,0.42857142857142855,0.0,0.6049448847770691,0.661044254899025,0.06979639269411564,0.1895697247236967,0.0,0.0,0.0,0.0,0.0,18473,global,0.0
4,1,lr1e-05_bs16_drop0p4_temp1p0_a0p25_b0p05__wd1e-04trmiss0_degmodglobal,16,1e-05,0.0001,0.4,1.0,0.25,0.05,lr1e-05_bs16_drop0p4_temp1p0_a0p25_b0p05__wd1e-04trmiss0_degmodglobal,49,0.6793334037065506,0.7470104694366455,0.31111111111111106,0.575939800939801,0.42857142857142855,0.0,0.5951189398765564,0.6598614454269409,0.04990395624190569,0.13991934340447187,0.0,0.0,0.0,0.0,0.0,18473,global,0.0
4,1,lr1e-05_bs16_drop0p4_temp1p0_a0p25_b0p05__wd1e-04trmiss0_degmodglobal,16,1e-05,0.0001,0.4,1.0,0.25,0.05,lr1e-05_bs16_drop0p4_temp1p0_a0p25_b0p05__wd1e-04trmiss0_degmodglobal,50,0.7478256225585938,0.7497493624687195,0.31111111111111106,0.575939800939801,0.42857142857142855,0.0,0.5640828162431717,0.7146840393543243,0.08069269545376301,0.2593681402504444,0.0,0.0,0.0,0.0,0.0,18473,global,0.0
4,1,lr1e-05_bs16_drop0p4_temp1p0_a0p25_b0p05__wd1e-04trmiss0_degmodglobal,16,1e-05,0.0001,0.4,1.0,0.25,0.05,lr1e-05_bs16_drop0p4_temp1p0_a0p25_b0p05__wd1e-04trmiss0_degmodglobal,51,0.731949046254158,0.7501454949378967,0.31111111111111106,0.575939800939801,0.42857142857142855,0.0,0.605280414223671,0.7048955112695694,0.06459936778992414,0.2180738002061844,0.0,0.0,0.0,0.0,0.0,18473,global,0.0
4,1,lr1e-05_bs16_drop0p4_temp1p0_a0p25_b0p05__wd1e-04trmiss0_degmodglobal,16,1e-05,0.0001,0.4,1.0,0.25,0.05,lr1e-05_bs16_drop0p4_temp1p0_a0p25_b0p05__wd1e-04trmiss0_degmodglobal,52,0.7214362174272537,0.7520242929458618,0.31111111111111106,0.575939800939801,0.42857142857142855,0.0,0.6268700510263443,0.6942131966352463,0.06998345907777548,0.19454287085682154,0.0,0.0,0.0,0.0,0.0,18473,global,0.0
4,1,lr1e-05_bs16_drop0p4_temp1p0_a0p25_b0p05__wd1e-04trmiss0_degmodglobal,16,1e-05,0.0001,0.4,1.0,0.25,0.05,lr1e-05_bs16_drop0p4_temp1p0_a0p25_b0p05__wd1e-04trmiss0_degmodglobal,53,0.7027400583028793,0.7501143217086792,0.31111111111111106,0.575939800939801,0.42857142857142855,0.0,0.6080260723829269,0.6747298389673233,0.07345298770815134,0.19293935876339674,0.0,0.0,0.0,0.0,0.0,18473,global,0.0
4,1,lr1e-05_bs16_drop0p4_temp1p0_a0p25_b0p05__wd1e-04trmiss0_degmodglobal,16,1e-05,0.0001,0.4,1.0,0.25,0.05,lr1e-05_bs16_drop0p4_temp1p0_a0p25_b0p05__wd1e-04trmiss0_degmodglobal,54,0.7027538865804672,0.7461491227149963,0.3333333333333333,0.5944583194583195,0.42857142857142855,0.0,0.598079264163971,0.6767653226852417,0.06442910991609097,0.19762562960386276,0.0,0.0,0.0,0.0,0.0,18473,global,0.0
4,1,lr1e-05_bs16_drop0p4_temp1p0_a0p25_b0p05__wd1e-04trmiss0_degmodglobal,16,1e-05,0.0001,0.4,1.0,0.25,0.05,lr1e-05_bs16_drop0p4_temp1p0_a0p25_b0p05__wd1e-04trmiss0_degmodglobal,55,0.6937672197818756,0.745107114315033,0.3333333333333333,0.5944583194583195,0.42857142857142855,0.0,0.5803922116756439,0.6615727990865707,0.08066012896597385,0.24058783054351807,0.0,0.0,0.0,0.0,0.0,18473,global,0.0
4,1,lr1e-05_bs16_drop0p4_temp1p0_a0p25_b0p05__wd1e-04trmiss0_degmodglobal,16,1e-05,0.0001,0.4,1.0,0.25,0.05,lr1e-05_bs16_drop0p4_temp1p0_a0p25_b0p05__wd1e-04trmiss0_degmodglobal,56,0.7342798411846161,0.7481275796890259,0.31111111111111106,0.575939800939801,0.42857142857142855,0.0,0.5808583199977875,0.7051061242818832,0.07506103813648224,0.20816870965063572,0.0,0.0,0.0,0.0,0.0,18473,global,0.0
4,1,lr1e-05_bs16_drop0p4_temp1p0_a0p25_b0p05__wd1e-04trmiss0_degmodglobal,16,1e-05,0.0001,0.4,1.0,0.25,0.05,lr1e-05_bs16_drop0p4_temp1p0_a0p25_b0p05__wd1e-04trmiss0_degmodglobal,57,0.738528773188591,0.7486192584037781,0.3333333333333333,0.5944583194583195,0.42857142857142855,0.0,0.6155810207128525,0.711136981844902,0.07252276875078678,0.18522268533706665,0.0,0.0,0.0,0.0,0.0,18473,global,0.0
4,1,lr1e-05_bs16_drop0p4_temp1p0_a0p25_b0p05__wd1e-04trmiss0_degmodglobal,16,1e-05,0.0001,0.4,1.0,0.25,0.05,lr1e-05_bs16_drop0p4_temp1p0_a0p25_b0p05__wd1e-04trmiss0_degmodglobal,58,0.6991313099861145,0.7466527819633484,0.3333333333333333,0.5944583194583195,0.42857142857142855,0.0,0.5876117497682571,0.6731714755296707,0.06827261205762625,0.17783351987600327,0.0,0.0,0.0,0.0,0.0,18473,global,0.0
4,1,lr1e-05_bs16_drop0p4_temp1p0_a0p25_b0p05__wd1e-04trmiss0_degmodglobal,16,1e-05,0.0001,0.4,1.0,0.25,0.05,lr1e-05_bs16_drop0p4_temp1p0_a0p25_b0p05__wd1e-04trmiss0_degmodglobal,59,0.764835774898529,0.7470957636833191,0.3333333333333333,0.5944583194583195,0.42857142857142855,0.0,0.5887360870838165,0.7314616143703461,0.07551263086497784,0.28991997614502907,0.0,0.0,0.0,0.0,0.0,18473,global,0.0
4,1,lr1e-05_bs16_drop0p4_temp1p0_a0p25_b0p05__wd1e-04trmiss0_degmodglobal,16,1e-05,0.0001,0.4,1.0,0.25,0.05,lr1e-05_bs16_drop0p4_temp1p0_a0p25_b0p05__wd1e-04trmiss0_degmodglobal,60,0.6978060603141785,0.7451443076133728,0.31111111111111106,0.575939800939801,0.42857142857142855,0.0,0.6081387847661972,0.6701335906982422,0.06983744446188211,0.2042620312422514,0.0,0.0,0.0,0.0,0.0,18473,global,0.0
4,1,lr1e-05_bs16_drop0p4_temp1p0_a0p25_b0p05__wd1e-04trmiss0_degmodglobal,16,1e-05,0.0001,0.4,1.0,0.25,0.05,lr1e-05_bs16_drop0p4_temp1p0_a0p25_b0p05__wd1e-04trmiss0_degmodglobal,61,0.7183786481618881,0.746459424495697,0.3333333333333333,0.5944583194583195,0.42857142857142855,0.0,0.5612283200025558,0.6848164349794388,0.07850176002830267,0.2787356711924076,0.0,0.0,0.0,0.0,0.0,18473,global,0.0
4,1,lr1e-05_bs16_drop0p4_temp1p0_a0p25_b0p05__wd1e-04trmiss0_degmodglobal,16,1e-05,0.0001,0.4,1.0,0.25,0.05,lr1e-05_bs16_drop0p4_temp1p0_a0p25_b0p05__wd1e-04trmiss0_degmodglobal,62,0.7530690729618073,0.7487515211105347,0.3333333333333333,0.5944583194583195,0.42857142857142855,0.0,0.5633458271622658,0.710247740149498,0.09714613296091557,0.37069596722722054,0.0,0.0,0.0,0.0,0.0,18473,global,0.0
4,1,lr1e-05_bs16_drop0p4_temp1p0_a0p25_b0p05__wd1e-04trmiss0_degmodglobal,16,1e-05,0.0001,0.4,1.0,0.25,0.05,lr1e-05_bs16_drop0p4_temp1p0_a0p25_b0p05__wd1e-04trmiss0_degmodglobal,63,0.7144870012998581,0.7466534972190857,0.28888888888888886,0.5574212824212825,0.42857142857142855,0.0,0.5959133803844452,0.6867933869361877,0.07182017154991627,0.19477130845189095,0.0,0.0,0.0,0.0,0.0,18473,global,0.0
4,1,lr1e-05_bs16_drop0p4_temp1p0_a0p25_b0p05__wd1e-04trmiss0_degmodglobal,16,1e-05,0.0001,0.4,1.0,0.25,0.05,lr1e-05_bs16_drop0p4_temp1p0_a0p25_b0p05__wd1e-04trmiss0_degmodglobal,64,0.7146693170070648,0.7457899451255798,0.3333333333333333,0.5944583194583195,0.42857142857142855,0.0,0.5736371576786041,0.6836369782686234,0.07577345706522465,0.24177924543619156,0.0,0.0,0.0,0.0,0.0,18473,global,0.0
4,1,lr1e-05_bs16_drop0p4_temp1p0_a0p25_b0p05__wd1e-04trmiss0_degmodglobal,16,1e-05,0.0001,0.4,1.0,0.25,0.05,lr1e-05_bs16_drop0p4_temp1p0_a0p25_b0p05__wd1e-04trmiss0_degmodglobal,65,0.7068092226982117,0.7444894313812256,0.3555555555555555,0.6111249861249861,0.42857142857142855,0.0,0.5920832604169846,0.6839024722576141,0.06032293476164341,0.15652080811560154,0.0,0.0,0.0,0.0,0.0,18473,global,0.0
4,1,lr1e-05_bs16_drop0p4_temp1p0_a0p25_b0p05__wd1e-04trmiss0_degmodglobal,16,1e-05,0.0001,0.4,1.0,0.25,0.05,lr1e-05_bs16_drop0p4_temp1p0_a0p25_b0p05__wd1e-04trmiss0_degmodglobal,66,0.6879854202270508,0.7471144795417786,0.3555555555555555,0.6111249861249861,0.42857142857142855,0.0,0.5927390903234482,0.6626788228750229,0.06313829682767391,0.190440833568573,0.0,0.0,0.0,0.0,0.0,18473,global,0.0
4,1,lr1e-05_bs16_drop0p4_temp1p0_a0p25_b0p05__wd1e-04trmiss0_degmodglobal,16,1e-05,0.0001,0.4,1.0,0.25,0.05,lr1e-05_bs16_drop0p4_temp1p0_a0p25_b0p05__wd1e-04trmiss0_degmodglobal,67,0.7317285537719727,0.7435641884803772,0.3555555555555555,0.6111249861249861,0.42857142857142855,0.0,0.5477612242102623,0.6968488991260529,0.079731659963727,0.298934992402792,0.0,0.0,0.0,0.0,0.0,18473,global,0.0
4,1,lr1e-05_bs16_drop0p4_temp1p0_a0p25_b0p05__wd1e-04trmiss0_degmodglobal,16,1e-05,0.0001,0.4,1.0,0.25,0.05,lr1e-05_bs16_drop0p4_temp1p0_a0p25_b0p05__wd1e-04trmiss0_degmodglobal,68,0.7085107564926147,0.7431658506393433,0.3555555555555555,0.6111249861249861,0.42857142857142855,0.0,0.562834307551384,0.6747294217348099,0.08527955505996943,0.24922899587545544,0.0,0.0,0.0,0.0,0.0,18473,global,0.0
4,1,lr1e-05_bs16_drop0p4_temp1p0_a0p25_b0p05__wd1e-04trmiss0_degmodglobal,16,1e-05,0.0001,0.4,1.0,0.25,0.05,lr1e-05_bs16_drop0p4_temp1p0_a0p25_b0p05__wd1e-04trmiss0_degmodglobal,69,0.7164632230997086,0.7424432635307312,0.37777777777777777,0.6171855921855922,0.42857142857142855,0.0,0.5591773390769958,0.6831376701593399,0.08737325295805931,0.22964495420455933,0.0,0.0,0.0,0.0,0.0,18473,global,0.0
4,1,lr1e-05_bs16_drop0p4_temp1p0_a0p25_b0p05__wd1e-04trmiss0_degmodglobal,16,1e-05,0.0001,0.4,1.0,0.25,0.05,lr1e-05_bs16_drop0p4_temp1p0_a0p25_b0p05__wd1e-04trmiss0_degmodglobal,70,0.7214339524507523,0.7466164231300354,0.37777777777777777,0.6171855921855922,0.42857142857142855,0.0,0.586439922451973,0.6930850297212601,0.06737677473574877,0.2300945222377777,0.0,0.0,0.0,0.0,0.0,18473,global,0.0
4,1,lr1e-05_bs16_drop0p4_temp1p0_a0p25_b0p05__wd1e-04trmiss0_degmodglobal,16,1e-05,0.0001,0.4,1.0,0.25,0.05,lr1e-05_bs16_drop0p4_temp1p0_a0p25_b0p05__wd1e-04trmiss0_degmodglobal,71,0.7269164621829987,0.7457906603813171,0.3555555555555555,0.6111249861249861,0.42857142857142855,0.0,0.556980088353157,0.690675362944603,0.08771145809441805,0.2862650863826275,0.0,0.0,0.0,0.0,0.0,18473,global,0.0
4,1,lr1e-05_bs16_drop0p4_temp1p0_a0p25_b0p05__wd1e-04trmiss0_degmodglobal,16,1e-05,0.0001,0.4,1.0,0.25,0.05,lr1e-05_bs16_drop0p4_temp1p0_a0p25_b0p05__wd1e-04trmiss0_degmodglobal,72,0.7275234758853912,0.7443912029266357,0.37777777777777777,0.6171855921855922,0.42857142857142855,0.0,0.5411474108695984,0.6747860461473465,0.12754294276237488,0.41703343391418457,0.0,0.0,0.0,0.0,0.0,18473,global,0.0
4,1,lr1e-05_bs16_drop0p4_temp1p0_a0p25_b0p05__wd1e-04trmiss0_degmodglobal,16,1e-05,0.0001,0.4,1.0,0.25,0.05,lr1e-05_bs16_drop0p4_temp1p0_a0p25_b0p05__wd1e-04trmiss0_degmodglobal,73,0.6705175787210464,0.7440631985664368,0.37777777777777777,0.6171855921855922,0.42857142857142855,0.0,0.5674265921115875,0.6447470188140869,0.06421512272208929,0.19433550536632538,0.0,0.0,0.0,0.0,0.0,18473,global,0.0
4,1,lr1e-05_bs16_drop0p4_temp1p0_a0p25_b0p05__wd1e-04trmiss0_degmodglobal,16,1e-05,0.0001,0.4,1.0,0.25,0.05,lr1e-05_bs16_drop0p4_temp1p0_a0p25_b0p05__wd1e-04trmiss0_degmodglobal,74,0.7032966613769531,0.7424309849739075,0.3555555555555555,0.6111249861249861,0.42857142857142855,0.0,0.562134861946106,0.6747677326202393,0.07334810867905617,0.20383800007402897,0.0,0.0,0.0,0.0,0.0,18473,global,0.0
4,1,lr1e-05_bs16_drop0p4_temp1p0_a0p25_b0p05__wd1e-04trmiss0_degmodglobal,16,1e-05,0.0001,0.4,1.0,0.25,0.05,lr1e-05_bs16_drop0p4_temp1p0_a0p25_b0p05__wd1e-04trmiss0_degmodglobal,75,0.7277736514806747,0.747200608253479,0.3555555555555555,0.6111249861249861,0.42857142857142855,0.0,0.5766714066267014,0.6919852048158646,0.08169914968311787,0.3072734922170639,0.0,0.0,0.0,0.0,0.0,18473,global,0.0
4,1,lr1e-05_bs16_drop0p4_temp1p0_a0p25_b0p05__wd1e-04trmiss0_degmodglobal,16,1e-05,0.0001,0.4,1.0,0.25,0.05,lr1e-05_bs16_drop0p4_temp1p0_a0p25_b0p05__wd1e-04trmiss0_degmodglobal,76,0.7210595607757568,0.7466395497322083,0.3333333333333333,0.5944583194583195,0.42857142857142855,0.0,0.6277012377977371,0.6899307519197464,0.07458869740366936,0.24963251687586308,0.0,0.0,0.0,0.0,0.0,18473,global,0.0
4,1,lr1e-05_bs16_drop0p4_temp1p0_a0p25_b0p05__wd1e-04trmiss0_degmodglobal,16,1e-05,0.0001,0.4,1.0,0.25,0.05,lr1e-05_bs16_drop0p4_temp1p0_a0p25_b0p05__wd1e-04trmiss0_degmodglobal,77,0.6669235378503799,0.7447763681411743,0.3555555555555555,0.6111249861249861,0.42857142857142855,0.0,0.5602026283740997,0.6442966163158417,0.054627814795821905,0.1793995527550578,0.0,0.0,0.0,0.0,0.0,18473,global,0.0
4,1,lr1e-05_bs16_drop0p4_temp1p0_a0p25_b0p05__wd1e-04trmiss0_degmodglobal,16,1e-05,0.0001,0.4,1.0,0.25,0.05,lr1e-05_bs16_drop0p4_temp1p0_a0p25_b0p05__wd1e-04trmiss0_degmodglobal,78,0.7005292326211929,0.7436916828155518,0.3555555555555555,0.6111249861249861,0.42857142857142855,0.0,0.5564370900392532,0.6665407866239548,0.07949415035545826,0.2822982147336006,0.0,0.0,0.0,0.0,0.0,18473,global,0.0
4,1,lr1e-05_bs16_drop0p4_temp1p0_a0p25_b0p05__wd1e-04trmiss0_degmodglobal,16,1e-05,0.0001,0.4,1.0,0.25,0.05,lr1e-05_bs16_drop0p4_temp1p0_a0p25_b0p05__wd1e-04trmiss0_degmodglobal,79,0.7082739919424057,0.7437227368354797,0.37777777777777777,0.6171855921855922,0.42857142857142855,0.0,0.5161164328455925,0.6579190790653229,0.12943550758063793,0.3599209263920784,0.0,0.0,0.0,0.0,0.0,18473,global,0.0
4,1,lr1e-05_bs16_drop0p4_temp1p0_a0p25_b0p05__wd1e-04trmiss0_degmodglobal,16,1e-05,0.0001,0.4,1.0,0.25,0.05,lr1e-05_bs16_drop0p4_temp1p0_a0p25_b0p05__wd1e-04trmiss0_degmodglobal,80,0.7005166113376617,0.7459990382194519,0.3555555555555555,0.6111249861249861,0.42857142857142855,0.0,0.5395365804433823,0.6696498841047287,0.07229780219495296,0.25584539771080017,0.0,0.0,0.0,0.0,0.0,18473,global,0.0
4,1,lr1e-05_bs16_drop0p4_temp2p0_a0p25_b0p05__wd1e-04trmiss0_degmodglobal,16,1e-05,0.0001,0.4,2.0,0.25,0.05,lr1e-05_bs16_drop0p4_temp2p0_a0p25_b0p05__wd1e-04trmiss0_degmodglobal,1,0.75054532289505,0.7039684653282166,0.5777777777777777,0.7372134038800706,0.5,0.0,0.7397004663944244,0.7160015404224396,0.08536254335194826,0.26406288892030716,0.0,0.0,0.0,0.0,0.0,18473,global,0.0
4,1,lr1e-05_bs16_drop0p4_temp2p0_a0p25_b0p05__wd1e-04trmiss0_degmodglobal,16,1e-05,0.0001,0.4,2.0,0.25,0.05,lr1e-05_bs16_drop0p4_temp2p0_a0p25_b0p05__wd1e-04trmiss0_degmodglobal,2,0.7677010595798492,0.7004786729812622,0.6222222222222222,0.7520282186948855,0.5,0.0,0.7991613745689392,0.7366076111793518,0.07768160384148359,0.2334606982767582,0.0,0.0,0.0,0.0,0.0,18473,global,0.0
4,1,lr1e-05_bs16_drop0p4_temp2p0_a0p25_b0p05__wd1e-04trmiss0_degmodglobal,16,1e-05,0.0001,0.4,2.0,0.25,0.05,lr1e-05_bs16_drop0p4_temp2p0_a0p25_b0p05__wd1e-04trmiss0_degmodglobal,3,0.7387483716011047,0.6999887824058533,0.6444444444444445,0.7668430335097003,0.42857142857142855,0.0,0.7424448877573013,0.7086960971355438,0.07582935318350792,0.22189894318580627,0.0,0.0,0.0,0.0,0.0,18473,global,0.0
4,1,lr1e-05_bs16_drop0p4_temp2p0_a0p25_b0p05__wd1e-04trmiss0_degmodglobal,16,1e-05,0.0001,0.4,2.0,0.25,0.05,lr1e-05_bs16_drop0p4_temp2p0_a0p25_b0p05__wd1e-04trmiss0_degmodglobal,4,0.7899513840675354,0.7001369595527649,0.6666666666666666,0.7800705467372135,0.42857142857142855,0.0,0.8163431584835052,0.7463130354881287,0.10903872828930616,0.32757319137454033,0.0,0.0,0.0,0.0,0.0,18473,global,0.0
4,1,lr1e-05_bs16_drop0p4_temp2p0_a0p25_b0p05__wd1e-04trmiss0_degmodglobal,16,1e-05,0.0001,0.4,2.0,0.25,0.05,lr1e-05_bs16_drop0p4_temp2p0_a0p25_b0p05__wd1e-04trmiss0_degmodglobal,5,0.7703945934772491,0.6973649859428406,0.6888888888888889,0.785565052231719,0.42857142857142855,0.0,0.7754889279603958,0.7429306507110596,0.06818186771124601,0.20836948975920677,0.0,0.0,0.0,0.0,0.0,18473,global,0.0
4,1,lr1e-05_bs16_drop0p4_temp2p0_a0p25_b0p05__wd1e-04trmiss0_degmodglobal,16,1e-05,0.0001,0.4,2.0,0.25,0.05,lr1e-05_bs16_drop0p4_temp2p0_a0p25_b0p05__wd1e-04trmiss0_degmodglobal,6,0.7208617776632309,0.6951313614845276,0.7111111111111111,0.7974698141364809,0.42857142857142855,0.0,0.7927885502576828,0.6917568147182465,0.07158681750297546,0.2241651825606823,0.0,0.0,0.0,0.0,0.0,18473,global,0.0
4,1,lr1e-05_bs16_drop0p4_temp2p0_a0p25_b0p05__wd1e-04trmiss0_degmodglobal,16,1e-05,0.0001,0.4,2.0,0.25,0.05,lr1e-05_bs16_drop0p4_temp2p0_a0p25_b0p05__wd1e-04trmiss0_degmodglobal,7,0.724555179476738,0.6897913217544556,0.7333333333333334,0.8082722832722833,0.42857142857142855,0.0,0.764647975564003,0.6940867900848389,0.07663602381944656,0.2261878177523613,0.0,0.0,0.0,0.0,0.0,18473,global,0.0
4,1,lr1e-05_bs16_drop0p4_temp2p0_a0p25_b0p05__wd1e-04trmiss0_degmodglobal,16,1e-05,0.0001,0.4,2.0,0.25,0.05,lr1e-05_bs16_drop0p4_temp2p0_a0p25_b0p05__wd1e-04trmiss0_degmodglobal,8,0.7632811814546585,0.6907142996788025,0.7555555555555554,0.8453093203093205,0.42857142857142855,0.0,0.7814409732818604,0.7248560339212418,0.09775571897625923,0.2797243893146515,0.0,0.0,0.0,0.0,0.0,18473,global,0.0
4,1,lr1e-05_bs16_drop0p4_temp2p0_a0p25_b0p05__wd1e-04trmiss0_degmodglobal,16,1e-05,0.0001,0.4,2.0,0.25,0.05,lr1e-05_bs16_drop0p4_temp2p0_a0p25_b0p05__wd1e-04trmiss0_degmodglobal,9,0.7647842019796371,0.6882704496383667,0.7333333333333334,0.8082722832722833,0.42857142857142855,0.0,0.8087255656719208,0.7273975312709808,0.10067278891801834,0.2443693047389388,0.0,0.0,0.0,0.0,0.0,18473,global,0.0
4,1,lr1e-05_bs16_drop0p4_temp2p0_a0p25_b0p05__wd1e-04trmiss0_degmodglobal,16,1e-05,0.0001,0.4,2.0,0.25,0.05,lr1e-05_bs16_drop0p4_temp2p0_a0p25_b0p05__wd1e-04trmiss0_degmodglobal,10,0.7400995343923569,0.6889064311981201,0.7555555555555554,0.8453093203093205,0.42857142857142855,0.0,0.8307133764028549,0.704326868057251,0.08294571004807949,0.30072516947984695,0.0,0.0,0.0,0.0,0.0,18473,global,0.0
4,1,lr1e-05_bs16_drop0p4_temp2p0_a0p25_b0p05__wd1e-04trmiss0_degmodglobal,16,1e-05,0.0001,0.4,2.0,0.25,0.05,lr1e-05_bs16_drop0p4_temp2p0_a0p25_b0p05__wd1e-04trmiss0_degmodglobal,11,0.7265784740447998,0.6839398741722107,0.7333333333333334,0.8082722832722833,0.42857142857142855,0.0,0.7495235353708267,0.7043259292840958,0.05511251464486122,0.16948870010674,0.0,0.0,0.0,0.0,0.0,18473,global,0.0
4,1,lr1e-05_bs16_drop0p4_temp2p0_a0p25_b0p05__wd1e-04trmiss0_degmodglobal,16,1e-05,0.0001,0.4,2.0,0.25,0.05,lr1e-05_bs16_drop0p4_temp2p0_a0p25_b0p05__wd1e-04trmiss0_degmodglobal,12,0.7446776330471039,0.6815093159675598,0.7555555555555556,0.8181488264821599,0.42857142857142855,0.0,0.7454734891653061,0.7157396823167801,0.07984205614775419,0.17954879999160767,0.0,0.0,0.0,0.0,0.0,18473,global,0.0
4,1,lr1e-05_bs16_drop0p4_temp2p0_a0p25_b0p05__wd1e-04trmiss0_degmodglobal,16,1e-05,0.0001,0.4,2.0,0.25,0.05,lr1e-05_bs16_drop0p4_temp2p0_a0p25_b0p05__wd1e-04trmiss0_degmodglobal,13,0.7927127778530121,0.6843611001968384,0.7555555555555556,0.8181488264821599,0.42857142857142855,0.0,0.765703096985817,0.7624164372682571,0.07403172180056572,0.23576773703098297,0.0,0.0,0.0,0.0,0.0,18473,global,0.0
4,1,lr1e-05_bs16_drop0p4_temp2p0_a0p25_b0p05__wd1e-04trmiss0_degmodglobal,16,1e-05,0.0001,0.4,2.0,0.25,0.05,lr1e-05_bs16_drop0p4_temp2p0_a0p25_b0p05__wd1e-04trmiss0_degmodglobal,14,0.7265106737613678,0.6809645295143127,0.7555555555555556,0.8181488264821599,0.5,0.0,0.752160832285881,0.6898779273033142,0.0929933525621891,0.2676879111677408,0.0,0.0,0.0,0.0,0.0,18473,global,0.0
4,1,lr1e-05_bs16_drop0p4_temp2p0_a0p25_b0p05__wd1e-04trmiss0_degmodglobal,16,1e-05,0.0001,0.4,2.0,0.25,0.05,lr1e-05_bs16_drop0p4_temp2p0_a0p25_b0p05__wd1e-04trmiss0_degmodglobal,15,0.7154053449630737,0.682964026927948,0.7555555555555556,0.8181488264821599,0.35714285714285715,0.0,0.7829699814319611,0.6808780878782272,0.08011773228645325,0.28995633125305176,0.0,0.0,0.0,0.0,0.0,18473,global,0.0
4,1,lr1e-05_bs16_drop0p4_temp2p0_a0p25_b0p05__wd1e-04trmiss0_degmodglobal,16,1e-05,0.0001,0.4,2.0,0.25,0.05,lr1e-05_bs16_drop0p4_temp2p0_a0p25_b0p05__wd1e-04trmiss0_degmodglobal,16,0.7379218488931656,0.6847755908966064,0.7555555555555556,0.8181488264821599,0.35714285714285715,0.0,0.7037855833768845,0.6978335827589035,0.10351095348596573,0.2842108979821205,0.0,0.0,0.0,0.0,0.0,18473,global,0.0
4,1,lr1e-05_bs16_drop0p4_temp2p0_a0p25_b0p05__wd1e-04trmiss0_degmodglobal,16,1e-05,0.0001,0.4,2.0,0.25,0.05,lr1e-05_bs16_drop0p4_temp2p0_a0p25_b0p05__wd1e-04trmiss0_degmodglobal,17,0.7170440405607224,0.6860441565513611,0.7555555555555556,0.8181488264821599,0.35714285714285715,0.0,0.7843910902738571,0.6860886514186859,0.07385721430182457,0.24982210993766785,0.0,0.0,0.0,0.0,0.0,18473,global,0.0
4,1,lr1e-05_bs16_drop0p4_temp2p0_a0p25_b0p05__wd1e-04trmiss0_degmodglobal,16,1e-05,0.0001,0.4,2.0,0.25,0.05,lr1e-05_bs16_drop0p4_temp2p0_a0p25_b0p05__wd1e-04trmiss0_degmodglobal,18,0.7683865427970886,0.6864981055259705,0.7555555555555556,0.8181488264821599,0.35714285714285715,0.0,0.7635653167963028,0.7363447546958923,0.08053197339177132,0.23817609623074532,0.0,0.0,0.0,0.0,0.0,18473,global,0.0
4,1,lr1e-05_bs16_drop0p4_temp2p0_a0p25_b0p05__wd1e-04trmiss0_degmodglobal,16,1e-05,0.0001,0.4,2.0,0.25,0.05,lr1e-05_bs16_drop0p4_temp2p0_a0p25_b0p05__wd1e-04trmiss0_degmodglobal,19,0.7134494036436081,0.683770477771759,0.7333333333333334,0.8082722832722833,0.35714285714285715,0.0,0.7433445751667023,0.6728376597166061,0.09880494326353073,0.3182103708386421,0.0,0.0,0.0,0.0,0.0,18473,global,0.0
4,1,lr1e-05_bs16_drop0p4_temp2p0_a0p25_b0p05__wd1e-04trmiss0_degmodglobal,16,1e-05,0.0001,0.4,2.0,0.25,0.05,lr1e-05_bs16_drop0p4_temp2p0_a0p25_b0p05__wd1e-04trmiss0_degmodglobal,20,0.7104165554046631,0.6861649751663208,0.7555555555555556,0.8181488264821599,0.35714285714285715,0.0,0.7346905022859573,0.6877713650465012,0.06092637963593006,0.14827216789126396,0.0,0.0,0.0,0.0,0.0,18473,global,0.0
4,1,lr1e-05_bs16_drop0p4_temp2p0_a0p25_b0p05__wd1e-04trmiss0_degmodglobal,16,1e-05,0.0001,0.4,2.0,0.25,0.05,lr1e-05_bs16_drop0p4_temp2p0_a0p25_b0p05__wd1e-04trmiss0_degmodglobal,21,0.722967803478241,0.6839856505393982,0.7555555555555556,0.8181488264821599,0.35714285714285715,0.0,0.7362664490938187,0.6966869980096817,0.06280919164419174,0.21157018654048443,0.0,0.0,0.0,0.0,0.0,18473,global,0.0
4,1,lr1e-05_bs16_drop0p4_temp2p0_a0p25_b0p05__wd1e-04trmiss0_degmodglobal,16,1e-05,0.0001,0.4,2.0,0.25,0.05,lr1e-05_bs16_drop0p4_temp2p0_a0p25_b0p05__wd1e-04trmiss0_degmodglobal,22,0.7087114602327347,0.6857803463935852,0.7555555555555556,0.8181488264821599,0.35714285714285715,0.0,0.7444646656513214,0.676179900765419,0.07945222873240709,0.25336991623044014,0.0,0.0,0.0,0.0,0.0,18473,global,0.0
4,1,lr1e-05_bs16_drop0p4_temp2p0_a0p25_b0p05__wd1e-04trmiss0_degmodglobal,16,1e-05,0.0001,0.4,2.0,0.25,0.05,lr1e-05_bs16_drop0p4_temp2p0_a0p25_b0p05__wd1e-04trmiss0_degmodglobal,23,0.6968486607074738,0.6867111921310425,0.7555555555555556,0.8181488264821599,0.35714285714285715,0.0,0.7578019946813583,0.6587967127561569,0.09875176288187504,0.2672801576554775,0.0,0.0,0.0,0.0,0.0,18473,global,0.0
4,1,lr1e-05_bs16_drop0p4_temp2p0_a0p25_b0p05__wd1e-04trmiss0_degmodglobal,16,1e-05,0.0001,0.4,2.0,0.25,0.05,lr1e-05_bs16_drop0p4_temp2p0_a0p25_b0p05__wd1e-04trmiss0_degmodglobal,24,0.7135244607925415,0.6871339678764343,0.7555555555555556,0.8181488264821599,0.35714285714285715,0.0,0.7280281186103821,0.6810441017150879,0.0796209778636694,0.25150224938988686,0.0,0.0,0.0,0.0,0.0,18473,global,0.0
4,1,lr1e-05_bs16_drop0p4_temp2p0_a0p25_b0p05__wd1e-04trmiss0_degmodglobal,16,1e-05,0.0001,0.4,2.0,0.25,0.05,lr1e-05_bs16_drop0p4_temp2p0_a0p25_b0p05__wd1e-04trmiss0_degmodglobal,25,0.6979592442512512,0.6870572566986084,0.7555555555555556,0.8181488264821599,0.35714285714285715,0.0,0.754387304186821,0.6570768356323242,0.10053512454032898,0.31497311033308506,0.0,0.0,0.0,0.0,0.0,18473,global,0.0
4,1,lr1e-05_bs16_drop0p4_temp2p0_a0p25_b0p05__wd1e-04trmiss0_degmodglobal,16,1e-05,0.0001,0.4,2.0,0.25,0.05,lr1e-05_bs16_drop0p4_temp2p0_a0p25_b0p05__wd1e-04trmiss0_degmodglobal,26,0.7189382165670395,0.6884328126907349,0.7555555555555556,0.8181488264821599,0.35714285714285715,0.0,0.7050357013940811,0.6893779635429382,0.07399852201342583,0.22121237963438034,0.0,0.0,0.0,0.0,0.0,18473,global,0.0
4,1,lr1e-05_bs16_drop0p4_temp2p0_a0p25_b0p05__wd1e-04trmiss0_degmodglobal,16,1e-05,0.0001,0.4,2.0,0.25,0.05,lr1e-05_bs16_drop0p4_temp2p0_a0p25_b0p05__wd1e-04trmiss0_degmodglobal,27,0.6923339813947678,0.686661958694458,0.7555555555555556,0.8181488264821599,0.35714285714285715,0.0,0.7369592636823654,0.6597623378038406,0.07987354975193739,0.25206510722637177,0.0,0.0,0.0,0.0,0.0,18473,global,0.0
4,1,lr1e-05_bs16_drop0p4_temp2p0_a0p25_b0p05__wd1e-04trmiss0_degmodglobal,16,1e-05,0.0001,0.4,2.0,0.25,0.05,lr1e-05_bs16_drop0p4_temp2p0_a0p25_b0p05__wd1e-04trmiss0_degmodglobal,28,0.7214501649141312,0.6855193376541138,0.7555555555555556,0.8181488264821599,0.42857142857142855,0.0,0.7790778428316116,0.6778931170701981,0.1022619055584073,0.3598308302462101,0.0,0.0,0.0,0.0,0.0,18473,global,0.0
4,1,lr1e-05_bs16_drop0p4_temp2p0_a0p25_b0p05__wd1e-04trmiss0_degmodglobal,16,1e-05,0.0001,0.4,2.0,0.25,0.05,lr1e-05_bs16_drop0p4_temp2p0_a0p25_b0p05__wd1e-04trmiss0_degmodglobal,29,0.7258836477994919,0.685756504535675,0.7555555555555556,0.8181488264821599,0.35714285714285715,0.0,0.7513403743505478,0.6877919435501099,0.09017567429691553,0.31095558591187,0.0,0.0,0.0,0.0,0.0,18473,global,0.0
4,1,lr1e-05_bs16_drop0p4_temp2p0_a0p25_b0p05__wd1e-04trmiss0_degmodglobal,16,1e-05,0.0001,0.4,2.0,0.25,0.05,lr1e-05_bs16_drop0p4_temp2p0_a0p25_b0p05__wd1e-04trmiss0_degmodglobal,30,0.725253164768219,0.6862239241600037,0.7333333333333334,0.8082722832722833,0.35714285714285715,0.0,0.7752006202936172,0.6794228851795197,0.10478559695184231,0.3926774747669697,0.0,0.0,0.0,0.0,0.0,18473,global,0.0
4,1,lr1e-05_bs16_drop0p4_temp2p0_a0p25_b0p05__wd1e-04trmiss0_degmodglobal,16,1e-05,0.0001,0.4,2.0,0.25,0.05,lr1e-05_bs16_drop0p4_temp2p0_a0p25_b0p05__wd1e-04trmiss0_degmodglobal,31,0.6746197640895844,0.6802859902381897,0.7555555555555556,0.8181488264821599,0.5,0.0,0.732472836971283,0.6403152197599411,0.08052186109125614,0.28348151221871376,0.0,0.0,0.0,0.0,0.0,18473,global,0.0
4,1,lr1e-05_bs16_drop0p4_temp2p0_a0p25_b0p05__wd1e-04trmiss0_degmodglobal,16,1e-05,0.0001,0.4,2.0,0.25,0.05,lr1e-05_bs16_drop0p4_temp2p0_a0p25_b0p05__wd1e-04trmiss0_degmodglobal,32,0.6865693479776382,0.6810892820358276,0.7555555555555556,0.8181488264821599,0.42857142857142855,0.0,0.6746089309453964,0.6531024426221848,0.0774824246764183,0.28192583844065666,0.0,0.0,0.0,0.0,0.0,18473,global,0.0
4,1,lr1e-05_bs16_drop0p4_temp2p0_a0p25_b0p05__wd1e-04trmiss0_degmodglobal,16,1e-05,0.0001,0.4,2.0,0.25,0.05,lr1e-05_bs16_drop0p4_temp2p0_a0p25_b0p05__wd1e-04trmiss0_degmodglobal,33,0.73024021089077,0.6837612390518188,0.7333333333333334,0.8082722832722833,0.35714285714285715,0.0,0.7573802024126053,0.6920740306377411,0.09386453963816166,0.2940009944140911,0.0,0.0,0.0,0.0,0.0,18473,global,0.0
4,1,lr1e-05_bs16_drop0p4_temp2p0_a0p25_b0p05__wd1e-04trmiss0_degmodglobal,16,1e-05,0.0001,0.4,2.0,0.25,0.05,lr1e-05_bs16_drop0p4_temp2p0_a0p25_b0p05__wd1e-04trmiss0_degmodglobal,34,0.6848468631505966,0.6807071566581726,0.7555555555555556,0.8181488264821599,0.42857142857142855,0.0,0.7358614802360535,0.6527391225099564,0.08258337993174791,0.22923780977725983,0.0,0.0,0.0,0.0,0.0,18473,global,0.0
4,1,lr1e-05_bs16_drop0p4_temp2p0_a0p25_b0p05__wd1e-04trmiss0_degmodglobal,16,1e-05,0.0001,0.4,2.0,0.25,0.05,lr1e-05_bs16_drop0p4_temp2p0_a0p25_b0p05__wd1e-04trmiss0_degmodglobal,35,0.6768103688955307,0.6831129193305969,0.7555555555555556,0.8181488264821599,0.35714285714285715,0.0,0.6849804818630219,0.6568683087825775,0.05418014293536544,0.12794063612818718,0.0,0.0,0.0,0.0,0.0,18473,global,0.0
4,1,lr1e-05_bs16_drop0p4_temp2p0_a0p25_b0p05__wd1e-04trmiss0_degmodglobal,16,1e-05,0.0001,0.4,2.0,0.25,0.05,lr1e-05_bs16_drop0p4_temp2p0_a0p25_b0p05__wd1e-04trmiss0_degmodglobal,36,0.7345291823148727,0.6868354678153992,0.7555555555555556,0.8181488264821599,0.35714285714285715,0.0,0.726190522313118,0.7037270963191986,0.07627982553094625,0.23464317247271538,0.0,0.0,0.0,0.0,0.0,18473,global,0.0
4,1,lr1e-05_bs16_drop0p4_temp2p0_a0p25_b0p05__wd1e-04trmiss0_degmodglobal,16,1e-05,0.0001,0.4,2.0,0.25,0.05,lr1e-05_bs16_drop0p4_temp2p0_a0p25_b0p05__wd1e-04trmiss0_degmodglobal,37,0.7160239219665527,0.6890426874160767,0.7555555555555556,0.8181488264821599,0.35714285714285715,0.0,0.7304601669311523,0.6946546584367752,0.06148415990173817,0.11996427178382874,0.0,0.0,0.0,0.0,0.0,18473,global,0.0
4,1,lr1e-05_bs16_drop0p4_temp2p0_a0p25_b0p05__wd1e-04trmiss0_degmodglobal,16,1e-05,0.0001,0.4,2.0,0.25,0.05,lr1e-05_bs16_drop0p4_temp2p0_a0p25_b0p05__wd1e-04trmiss0_degmodglobal,38,0.700612336397171,0.6903647780418396,0.7333333333333334,0.8082722832722833,0.42857142857142855,0.0,0.7236967235803604,0.6683973968029022,0.08013787865638733,0.24360917508602142,0.0,0.0,0.0,0.0,0.0,18473,global,0.0
4,1,lr1e-05_bs16_drop0p4_temp2p0_a0p25_b0p05__wd1e-04trmiss0_degmodglobal,16,1e-05,0.0001,0.4,2.0,0.25,0.05,lr1e-05_bs16_drop0p4_temp2p0_a0p25_b0p05__wd1e-04trmiss0_degmodglobal,39,0.677126407623291,0.6894884705543518,0.7333333333333334,0.8082722832722833,0.42857142857142855,0.0,0.705488383769989,0.6484706252813339,0.0661254315637052,0.24248840659856796,0.0,0.0,0.0,0.0,0.0,18473,global,0.0
4,1,lr1e-05_bs16_drop0p4_temp2p0_a0p25_b0p05__wd1e-04trmiss0_degmodglobal,16,1e-05,0.0001,0.4,2.0,0.25,0.05,lr1e-05_bs16_drop0p4_temp2p0_a0p25_b0p05__wd1e-04trmiss0_degmodglobal,40,0.6854085475206375,0.6851375102996826,0.7333333333333334,0.8082722832722833,0.5,0.0,0.690128356218338,0.6585111171007156,0.06758761871606112,0.20001008547842503,0.0,0.0,0.0,0.0,0.0,18473,global,0.0
4,1,lr1e-05_bs16_drop0p4_temp2p0_a0p25_b0p05__wd1e-04trmiss0_degmodglobal,16,1e-05,0.0001,0.4,2.0,0.25,0.05,lr1e-05_bs16_drop0p4_temp2p0_a0p25_b0p05__wd1e-04trmiss0_degmodglobal,41,0.711740106344223,0.6856192946434021,0.7555555555555556,0.8181488264821599,0.35714285714285715,0.0,0.7234410047531128,0.6824431717395782,0.0777045963332057,0.1974159050732851,0.0,0.0,0.0,0.0,0.0,18473,global,0.0
4,1,lr1e-05_bs16_drop0p4_temp2p0_a0p25_b0p05__wd1e-04trmiss0_degmodglobal,16,1e-05,0.0001,0.4,2.0,0.25,0.05,lr1e-05_bs16_drop0p4_temp2p0_a0p25_b0p05__wd1e-04trmiss0_degmodglobal,42,0.6927288621664047,0.6861660480499268,0.7333333333333334,0.8082722832722833,0.35714285714285715,0.0,0.7025053203105927,0.6537681668996811,0.10258416831493378,0.26629334688186646,0.0,0.0,0.0,0.0,0.0,18473,global,0.0
4,1,lr1e-05_bs16_drop0p4_temp2p0_a0p25_b0p05__wd1e-04trmiss0_degmodglobal,16,1e-05,0.0001,0.4,2.0,0.25,0.05,lr1e-05_bs16_drop0p4_temp2p0_a0p25_b0p05__wd1e-04trmiss0_degmodglobal,43,0.7087734043598175,0.6843994855880737,0.7333333333333334,0.8082722832722833,0.5,0.0,0.709673598408699,0.6704826951026917,0.08722994197160006,0.32966433465480804,0.0,0.0,0.0,0.0,0.0,18473,global,0.0
4,1,lr1e-05_bs16_drop0p4_temp2p0_a0p25_b0p05__wd1e-04trmiss0_degmodglobal,16,1e-05,0.0001,0.4,2.0,0.25,0.05,lr1e-05_bs16_drop0p4_temp2p0_a0p25_b0p05__wd1e-04trmiss0_degmodglobal,44,0.6722729802131653,0.680871307849884,0.7333333333333334,0.8082722832722833,0.5,0.0,0.7320658266544342,0.646101102232933,0.0654026372358203,0.19642451405525208,0.0,0.0,0.0,0.0,0.0,18473,global,0.0
4,1,lr1e-05_bs16_drop0p4_temp2p0_a0p25_b0p05__wd1e-04trmiss0_degmodglobal,16,1e-05,0.0001,0.4,2.0,0.25,0.05,lr1e-05_bs16_drop0p4_temp2p0_a0p25_b0p05__wd1e-04trmiss0_degmodglobal,45,0.698852464556694,0.6818543076515198,0.7333333333333334,0.8082722832722833,0.5,0.0,0.7394048124551773,0.6696034967899323,0.07786501385271549,0.19565404951572418,0.0,0.0,0.0,0.0,0.0,18473,global,0.0
4,1,lr1e-05_bs16_drop0p4_temp2p0_a0p25_b0p05__wd1e-04trmiss0_degmodglobal,16,1e-05,0.0001,0.4,2.0,0.25,0.05,lr1e-05_bs16_drop0p4_temp2p0_a0p25_b0p05__wd1e-04trmiss0_degmodglobal,46,0.698054239153862,0.679341197013855,0.7333333333333334,0.8082722832722833,0.5,0.0,0.7050676941871643,0.6698604077100754,0.0773634035140276,0.17705967649817467,0.0,0.0,0.0,0.0,0.0,18473,global,0.0
4,1,lr1e-05_bs16_drop0p4_temp2p0_a0p25_b0p05__wd1e-04trmiss0_degmodglobal,16,1e-05,0.0001,0.4,2.0,0.25,0.05,lr1e-05_bs16_drop0p4_temp2p0_a0p25_b0p05__wd1e-04trmiss0_degmodglobal,47,0.6886491626501083,0.6805366277694702,0.7555555555555556,0.8181488264821599,0.35714285714285715,0.0,0.6597383618354797,0.6594436317682266,0.07388963643461466,0.2146622035652399,0.0,0.0,0.0,0.0,0.0,18473,global,0.0
4,1,lr1e-05_bs16_drop0p4_temp2p0_a0p25_b0p05__wd1e-04trmiss0_degmodglobal,16,1e-05,0.0001,0.4,2.0,0.25,0.05,lr1e-05_bs16_drop0p4_temp2p0_a0p25_b0p05__wd1e-04trmiss0_degmodglobal,48,0.658219039440155,0.6756686568260193,0.7555555555555556,0.8181488264821599,0.42857142857142855,0.0,0.691210463643074,0.6271231770515442,0.07662986125797033,0.23876792564988136,0.0,0.0,0.0,0.0,0.0,18473,global,0.0
4,1,lr1e-05_bs16_drop0p4_temp2p0_a0p25_b0p05__wd1e-04trmiss0_degmodglobal,16,1e-05,0.0001,0.4,2.0,0.25,0.05,lr1e-05_bs16_drop0p4_temp2p0_a0p25_b0p05__wd1e-04trmiss0_degmodglobal,49,0.6909531503915787,0.6752482056617737,0.7777777777777777,0.8245590828924163,0.5714285714285714,0.0,0.6787236034870148,0.6590630859136581,0.08249654620885849,0.22531873732805252,0.0,0.0,0.0,0.0,0.0,18473,global,0.0
4,1,lr1e-05_bs16_drop0p4_temp2p0_a0p25_b0p05__wd1e-04trmiss0_degmodglobal,16,1e-05,0.0001,0.4,2.0,0.25,0.05,lr1e-05_bs16_drop0p4_temp2p0_a0p25_b0p05__wd1e-04trmiss0_degmodglobal,50,0.6946197152137756,0.679282009601593,0.7555555555555556,0.8181488264821599,0.42857142857142855,0.0,0.716705247759819,0.667631134390831,0.06587056629359722,0.21041881665587425,0.0,0.0,0.0,0.0,0.0,18473,global,0.0
4,1,lr1e-05_bs16_drop0p4_temp2p0_a0p25_b0p05__wd1e-04trmiss0_degmodglobal,16,1e-05,0.0001,0.4,2.0,0.25,0.05,lr1e-05_bs16_drop0p4_temp2p0_a0p25_b0p05__wd1e-04trmiss0_degmodglobal,51,0.7279644310474396,0.6851175427436829,0.7333333333333334,0.8082722832722833,0.35714285714285715,0.0,0.7428080290555954,0.6892547458410263,0.0958667267113924,0.294860165566206,0.0,0.0,0.0,0.0,0.0,18473,global,0.0
4,1,lr1e-05_bs16_drop0p4_temp2p0_a0p25_b0p05__wd1e-04trmiss0_degmodglobal,16,1e-05,0.0001,0.4,2.0,0.25,0.05,lr1e-05_bs16_drop0p4_temp2p0_a0p25_b0p05__wd1e-04trmiss0_degmodglobal,52,0.6822989583015442,0.681308925151825,0.7555555555555556,0.8181488264821599,0.5,0.0,0.7086989134550095,0.6539741456508636,0.074182222597301,0.1955855581909418,0.0,0.0,0.0,0.0,0.0,18473,global,0.0
4,1,lr1e-05_bs16_drop0p4_temp2p0_a0p25_b0p05__wd1e-04trmiss0_degmodglobal,16,1e-05,0.0001,0.4,2.0,0.25,0.05,lr1e-05_bs16_drop0p4_temp2p0_a0p25_b0p05__wd1e-04trmiss0_degmodglobal,53,0.6868077218532562,0.6803615093231201,0.7555555555555556,0.8181488264821599,0.5,0.0,0.6672558337450027,0.6647082567214966,0.058009933680295944,0.1519395336508751,0.0,0.0,0.0,0.0,0.0,18473,global,0.0
4,1,lr1e-05_bs16_drop0p4_temp2p0_a0p25_b0p05__wd1e-04trmiss0_degmodglobal,16,1e-05,0.0001,0.4,2.0,0.25,0.05,lr1e-05_bs16_drop0p4_temp2p0_a0p25_b0p05__wd1e-04trmiss0_degmodglobal,54,0.667318269610405,0.6814969778060913,0.7555555555555556,0.8181488264821599,0.5,0.0,0.7419862151145935,0.6298990994691849,0.09049521666020155,0.29590725898742676,0.0,0.0,0.0,0.0,0.0,18473,global,0.0
4,1,lr1e-05_bs16_drop0p4_temp2p0_a0p25_b0p05__wd1e-04trmiss0_degmodglobal,16,1e-05,0.0001,0.4,2.0,0.25,0.05,lr1e-05_bs16_drop0p4_temp2p0_a0p25_b0p05__wd1e-04trmiss0_degmodglobal,55,0.6895743906497955,0.68061363697052,0.7555555555555556,0.8181488264821599,0.5,0.0,0.660353034734726,0.6552191376686096,0.08393010217696428,0.267454169690609,0.0,0.0,0.0,0.0,0.0,18473,global,0.0
4,1,lr1e-05_bs16_drop0p4_temp2p0_a0p25_b0p05__wd1e-04trmiss0_degmodglobal,16,1e-05,0.0001,0.4,2.0,0.25,0.05,lr1e-05_bs16_drop0p4_temp2p0_a0p25_b0p05__wd1e-04trmiss0_degmodglobal,56,0.7191880643367767,0.6853711009025574,0.7111111111111111,0.7974698141364809,0.5,0.0,0.6981484144926071,0.6944719105958939,0.06218292936682701,0.18340856581926346,0.0,0.0,0.0,0.0,0.0,18473,global,0.0
4,1,lr1e-05_bs16_drop0p4_temp2p0_a0p25_b0p05__wd1e-04trmiss0_degmodglobal,16,1e-05,0.0001,0.4,2.0,0.25,0.05,lr1e-05_bs16_drop0p4_temp2p0_a0p25_b0p05__wd1e-04trmiss0_degmodglobal,57,0.7126679420471191,0.6834433674812317,0.7555555555555556,0.8181488264821599,0.5,0.0,0.7021060287952423,0.6829821467399597,0.07819285616278648,0.20275195874273777,0.0,0.0,0.0,0.0,0.0,18473,global,0.0
4,1,lr1e-05_bs16_drop0p4_temp2p0_a0p25_b0p05__wd1e-04trmiss0_degmodglobal,16,1e-05,0.0001,0.4,2.0,0.25,0.05,lr1e-05_bs16_drop0p4_temp2p0_a0p25_b0p05__wd1e-04trmiss0_degmodglobal,58,0.6599156558513641,0.6806013584136963,0.7555555555555556,0.8181488264821599,0.5,0.0,0.6910530477762222,0.6301857680082321,0.07073532976210117,0.2409212626516819,0.0,0.0,0.0,0.0,0.0,18473,global,0.0
4,1,lr1e-05_bs16_drop0p4_temp2p0_a0p25_b0p05__wd1e-04trmiss0_degmodglobal,16,1e-05,0.0001,0.4,2.0,0.25,0.05,lr1e-05_bs16_drop0p4_temp2p0_a0p25_b0p05__wd1e-04trmiss0_degmodglobal,59,0.6483790725469589,0.6813586354255676,0.7555555555555556,0.8181488264821599,0.5,0.0,0.6987588405609131,0.6249573081731796,0.05923074949532747,0.17228169366717339,0.0,0.0,0.0,0.0,0.0,18473,global,0.0
4,1,lr1e-05_bs16_drop0p4_temp2p0_a0p25_b0p05__wd1e-04trmiss0_degmodglobal,16,1e-05,0.0001,0.4,2.0,0.25,0.05,lr1e-05_bs16_drop0p4_temp2p0_a0p25_b0p05__wd1e-04trmiss0_degmodglobal,60,0.6801770776510239,0.6821630597114563,0.7555555555555556,0.8181488264821599,0.5,0.0,0.6949587017297745,0.6487382352352142,0.08179689943790436,0.21979237347841263,0.0,0.0,0.0,0.0,0.0,18473,global,0.0
4,1,lr1e-05_bs16_drop0p4_temp2p0_a0p25_b0p05__wd1e-04trmiss0_degmodglobal,16,1e-05,0.0001,0.4,2.0,0.25,0.05,lr1e-05_bs16_drop0p4_temp2p0_a0p25_b0p05__wd1e-04trmiss0_degmodglobal,61,0.6964659243822098,0.6849518418312073,0.7555555555555556,0.8181488264821599,0.42857142857142855,0.0,0.7389398962259293,0.6650401055812836,0.08454220648854971,0.20580535382032394,0.0,0.0,0.0,0.0,0.0,18473,global,0.0
4,1,lr1e-05_bs16_drop0p4_temp2p0_a0p25_b0p05__wd1e-04trmiss0_degmodglobal,16,1e-05,0.0001,0.4,2.0,0.25,0.05,lr1e-05_bs16_drop0p4_temp2p0_a0p25_b0p05__wd1e-04trmiss0_degmodglobal,62,0.6846968084573746,0.6894646883010864,0.7555555555555556,0.8181488264821599,0.35714285714285715,0.0,0.700158029794693,0.6567385494709015,0.07194525096565485,0.19943914003670216,0.0,0.0,0.0,0.0,0.0,18473,global,0.0
4,1,lr1e-05_bs16_drop0p4_temp2p0_a0p25_b0p05__wd1e-04trmiss0_degmodglobal,16,1e-05,0.0001,0.4,2.0,0.25,0.05,lr1e-05_bs16_drop0p4_temp2p0_a0p25_b0p05__wd1e-04trmiss0_degmodglobal,63,0.6862155795097351,0.6897755265235901,0.7555555555555556,0.8181488264821599,0.35714285714285715,0.0,0.7073826491832733,0.6512234508991241,0.09650244005024433,0.2173301987349987,0.0,0.0,0.0,0.0,0.0,18473,global,0.0
4,1,lr1e-05_bs16_drop0p4_temp2p0_a0p25_b0p05__wd1e-04trmiss0_degmodglobal,16,1e-05,0.0001,0.4,2.0,0.25,0.05,lr1e-05_bs16_drop0p4_temp2p0_a0p25_b0p05__wd1e-04trmiss0_degmodglobal,64,0.6873194128274918,0.6884586215019226,0.7555555555555556,0.8181488264821599,0.42857142857142855,0.0,0.6599014848470688,0.6551819145679474,0.07907187007367611,0.2473904937505722,0.0,0.0,0.0,0.0,0.0,18473,global,0.0
4,1,lr1e-05_bs16_drop0p4_temp2p0_a0p25_b0p05__wd1e-04trmiss0_degmodglobal,16,1e-05,0.0001,0.4,2.0,0.25,0.05,lr1e-05_bs16_drop0p4_temp2p0_a0p25_b0p05__wd1e-04trmiss0_degmodglobal,65,0.7143366634845734,0.6804055571556091,0.7555555555555556,0.8181488264821599,0.5,0.0,0.7255856096744537,0.6877601891756058,0.06417244672775269,0.210666973143816,0.0,0.0,0.0,0.0,0.0,18473,global,0.0
4,1,lr1e-05_bs16_drop0p4_temp2p0_a0p25_b0p05__wd1e-04trmiss0_degmodglobal,16,1e-05,0.0001,0.4,2.0,0.25,0.05,lr1e-05_bs16_drop0p4_temp2p0_a0p25_b0p05__wd1e-04trmiss0_degmodglobal,66,0.6628513932228088,0.6769741773605347,0.7555555555555556,0.8181488264821599,0.5714285714285714,0.0,0.6604821383953094,0.6387113183736801,0.06042809598147869,0.1806609407067299,0.0,0.0,0.0,0.0,0.0,18473,global,0.0
4,1,lr1e-05_bs16_drop0p4_temp2p0_a0p25_b0p05__wd1e-04trmiss0_degmodglobal,16,1e-05,0.0001,0.4,2.0,0.25,0.05,lr1e-05_bs16_drop0p4_temp2p0_a0p25_b0p05__wd1e-04trmiss0_degmodglobal,67,0.715233251452446,0.6797252893447876,0.7555555555555556,0.8181488264821599,0.5714285714285714,0.0,0.6511186808347702,0.6880246251821518,0.06504190061241388,0.21896295249462128,0.0,0.0,0.0,0.0,0.0,18473,global,0.0
4,1,lr1e-05_bs16_drop0p4_temp2p0_a0p25_b0p05__wd1e-04trmiss0_degmodglobal,16,1e-05,0.0001,0.4,2.0,0.25,0.05,lr1e-05_bs16_drop0p4_temp2p0_a0p25_b0p05__wd1e-04trmiss0_degmodglobal,68,0.6949658691883087,0.6814696788787842,0.7555555555555556,0.8181488264821599,0.5714285714285714,0.0,0.6718365252017975,0.6663061529397964,0.07684862520545721,0.18895099312067032,0.0,0.0,0.0,0.0,0.0,18473,global,0.0
4,1,lr1e-05_bs16_drop0p4_temp2p0_a0p25_b0p05__wd1e-04trmiss0_degmodglobal,16,1e-05,0.0001,0.4,2.0,0.25,0.05,lr1e-05_bs16_drop0p4_temp2p0_a0p25_b0p05__wd1e-04trmiss0_degmodglobal,69,0.7242528647184372,0.6834291219711304,0.7555555555555556,0.8181488264821599,0.5,0.0,0.7124611437320709,0.7008364498615265,0.06295803003013134,0.15353830810636282,0.0,0.0,0.0,0.0,0.0,18473,global,0.0
4,2,lr1e-04_bs8_drop0p2_temp1p0_a0p25_b0p05__wd1e-04trmiss0_degmodglobal,8,0.0001,0.0001,0.2,1.0,0.25,0.05,lr1e-04_bs8_drop0p2_temp1p0_a0p25_b0p05__wd1e-04trmiss0_degmodglobal,1,0.7336289967809405,0.6528295278549194,0.7777777777777778,0.8733605900272567,0.5,0.0,0.7511373843465533,0.7127543347222465,0.0525856547589813,0.15456468079771316,0.0,0.0,0.0,0.0,0.0,18473,global,0.0
4,2,lr1e-04_bs8_drop0p2_temp1p0_a0p25_b0p05__wd1e-04trmiss0_degmodglobal,8,0.0001,0.0001,0.2,1.0,0.25,0.05,lr1e-04_bs8_drop0p2_temp1p0_a0p25_b0p05__wd1e-04trmiss0_degmodglobal,2,0.69370984179633,0.6514122784137726,0.7777777777777778,0.8733605900272567,0.5714285714285714,0.0,0.7113509859357562,0.6743824141366142,0.053378968366554806,0.11965343356132507,0.0,0.0,0.0,0.0,0.0,18473,global,0.0
4,2,lr1e-04_bs8_drop0p2_temp1p0_a0p25_b0p05__wd1e-04trmiss0_degmodglobal,8,0.0001,0.0001,0.2,1.0,0.25,0.05,lr1e-04_bs8_drop0p2_temp1p0_a0p25_b0p05__wd1e-04trmiss0_degmodglobal,3,0.7046367696353367,0.6549025774002075,0.7333333333333334,0.8577040243706913,0.5714285714285714,0.0,0.6963322332927159,0.6812438709395272,0.060188181698322296,0.16691730277878897,0.0,0.0,0.0,0.0,0.0,18473,global,0.0
4,2,lr1e-04_bs8_drop0p2_temp1p0_a0p25_b0p05__wd1e-04trmiss0_degmodglobal,8,0.0001,0.0001,0.2,1.0,0.25,0.05,lr1e-04_bs8_drop0p2_temp1p0_a0p25_b0p05__wd1e-04trmiss0_degmodglobal,4,0.6857759697096688,0.6570874452590942,0.7333333333333334,0.8577040243706913,0.5714285714285714,0.0,0.6816546065466744,0.6566753557750157,0.07672165227787835,0.19840399814503534,0.0,0.0,0.0,0.0,0.0,18473,global,0.0
4,2,lr1e-04_bs8_drop0p2_temp1p0_a0p25_b0p05__wd1e-04trmiss0_degmodglobal,8,0.0001,0.0001,0.2,1.0,0.25,0.05,lr1e-04_bs8_drop0p2_temp1p0_a0p25_b0p05__wd1e-04trmiss0_degmodglobal,5,0.6754015002931867,0.6598924994468689,0.7555555555555555,0.8808080808080809,0.5714285714285714,0.0,0.6491627522877285,0.6484404461724418,0.0687132158449718,0.1956548850451197,0.0,0.0,0.0,0.0,0.0,18473,global,0.0
4,2,lr1e-04_bs8_drop0p2_temp1p0_a0p25_b0p05__wd1e-04trmiss0_degmodglobal,8,0.0001,0.0001,0.2,1.0,0.25,0.05,lr1e-04_bs8_drop0p2_temp1p0_a0p25_b0p05__wd1e-04trmiss0_degmodglobal,6,0.678169880594526,0.6609418988227844,0.7555555555555555,0.8808080808080809,0.6428571428571429,0.0,0.6405423539025443,0.6482842223984855,0.07680731479610715,0.21367642283439636,0.0,0.0,0.0,0.0,0.0,18473,global,0.0
4,2,lr1e-04_bs8_drop0p2_temp1p0_a0p25_b0p05__wd1e-04trmiss0_degmodglobal,8,0.0001,0.0001,0.2,1.0,0.25,0.05,lr1e-04_bs8_drop0p2_temp1p0_a0p25_b0p05__wd1e-04trmiss0_degmodglobal,7,0.6660438265119281,0.6634775400161743,0.7777777777777778,0.8894500561167229,0.7142857142857143,0.0,0.6652030433927264,0.6406804663794381,0.06969873181411199,0.1587738479886736,0.0,0.0,0.0,0.0,0.0,18473,global,0.0
4,2,lr1e-04_bs8_drop0p2_temp1p0_a0p25_b0p05__wd1e-04trmiss0_degmodglobal,8,0.0001,0.0001,0.2,1.0,0.25,0.05,lr1e-04_bs8_drop0p2_temp1p0_a0p25_b0p05__wd1e-04trmiss0_degmodglobal,8,0.6858273659433637,0.659208744764328,0.7555555555555555,0.8830397997064665,0.6428571428571429,0.0,0.6161331278937203,0.6615901163646153,0.05931931414774486,0.18814862572721072,0.0,0.0,0.0,0.0,0.0,18473,global,0.0
4,2,lr1e-04_bs8_drop0p2_temp1p0_a0p25_b0p05__wd1e-04trmiss0_degmodglobal,8,0.0001,0.0001,0.2,1.0,0.25,0.05,lr1e-04_bs8_drop0p2_temp1p0_a0p25_b0p05__wd1e-04trmiss0_degmodglobal,9,0.6546381626810346,0.656079113483429,0.7555555555555555,0.8830397997064665,0.5714285714285714,0.0,0.6330150791576931,0.6294052345412118,0.06373860154833112,0.1859657945377486,0.0,0.0,0.0,0.0,0.0,18473,global,0.0
4,2,lr1e-04_bs8_drop0p2_temp1p0_a0p25_b0p05__wd1e-04trmiss0_degmodglobal,8,0.0001,0.0001,0.2,1.0,0.25,0.05,lr1e-04_bs8_drop0p2_temp1p0_a0p25_b0p05__wd1e-04trmiss0_degmodglobal,10,0.6590613722801208,0.6503204703330994,0.7555555555555555,0.8726020892687563,0.5714285714285714,0.0,0.609841125352042,0.6323503937040057,0.06476876884698868,0.21037567939077104,0.0,0.0,0.0,0.0,0.0,18473,global,0.0
4,2,lr1e-04_bs8_drop0p2_temp1p0_a0p25_b0p05__wd1e-04trmiss0_degmodglobal,8,0.0001,0.0001,0.2,1.0,0.25,0.05,lr1e-04_bs8_drop0p2_temp1p0_a0p25_b0p05__wd1e-04trmiss0_degmodglobal,11,0.6489992141723633,0.6531049609184265,0.7555555555555555,0.8830397997064665,0.5714285714285714,0.0,0.6004690017019,0.6260299938065665,0.06221618716205869,0.14830348481025016,0.0,0.0,0.0,0.0,0.0,18473,global,0.0
4,2,lr1e-04_bs8_drop0p2_temp1p0_a0p25_b0p05__wd1e-04trmiss0_degmodglobal,8,0.0001,0.0001,0.2,1.0,0.25,0.05,lr1e-04_bs8_drop0p2_temp1p0_a0p25_b0p05__wd1e-04trmiss0_degmodglobal,12,0.6285014067377362,0.6540027558803558,0.7333333333333333,0.8743978243978245,0.5714285714285714,0.0,0.587752674307142,0.6036688089370728,0.07109940105250903,0.1411549486219883,0.0,0.0,0.0,0.0,0.0,18473,global,0.0
4,2,lr1e-04_bs8_drop0p2_temp1p0_a0p25_b0p05__wd1e-04trmiss0_degmodglobal,8,0.0001,0.0001,0.2,1.0,0.25,0.05,lr1e-04_bs8_drop0p2_temp1p0_a0p25_b0p05__wd1e-04trmiss0_degmodglobal,13,0.6336733187947955,0.664186954498291,0.6666666666666666,0.8269230769230771,0.5714285714285714,0.0,0.5809245961053031,0.6107697997774396,0.06238896772265434,0.14612541773489543,0.0,0.0,0.0,0.0,0.0,18473,global,0.0
4,2,lr1e-04_bs8_drop0p2_temp1p0_a0p25_b0p05__wd1e-04trmiss0_degmodglobal,8,0.0001,0.0001,0.2,1.0,0.25,0.05,lr1e-04_bs8_drop0p2_temp1p0_a0p25_b0p05__wd1e-04trmiss0_degmodglobal,14,0.6357983606202262,0.6841405630111694,0.6666666666666666,0.8420745920745922,0.5714285714285714,0.0,0.60019622530256,0.6151625939777919,0.06092110914843423,0.10810954123735428,0.0,0.0,0.0,0.0,0.0,18473,global,0.0
4,2,lr1e-04_bs8_drop0p2_temp1p0_a0p25_b0p05__wd1e-04trmiss0_degmodglobal,8,0.0001,0.0001,0.2,1.0,0.25,0.05,lr1e-04_bs8_drop0p2_temp1p0_a0p25_b0p05__wd1e-04trmiss0_degmodglobal,15,0.6330434679985046,0.6883724331855774,0.6444444444444444,0.8365800865800868,0.5714285714285714,0.0,0.5812870945249285,0.6084358521870205,0.0714329050055572,0.13498764910868236,0.0,0.0,0.0,0.0,0.0,18473,global,0.0
4,2,lr1e-04_bs8_drop0p2_temp1p0_a0p25_b0p05__wd1e-04trmiss0_degmodglobal,8,0.0001,0.0001,0.2,1.0,0.25,0.05,lr1e-04_bs8_drop0p2_temp1p0_a0p25_b0p05__wd1e-04trmiss0_degmodglobal,16,0.5897973775863647,0.6780930757522583,0.6444444444444444,0.8328153328153329,0.6428571428571429,0.0,0.5781072080135345,0.5658382943698338,0.07135913308177676,0.12238594038145882,0.0,0.0,0.0,0.0,0.0,18473,global,0.0
4,2,lr1e-04_bs8_drop0p2_temp1p0_a0p25_b0p05__wd1e-04trmiss0_degmodglobal,8,0.0001,0.0001,0.2,1.0,0.25,0.05,lr1e-04_bs8_drop0p2_temp1p0_a0p25_b0p05__wd1e-04trmiss0_degmodglobal,17,0.6044127089636666,0.685487687587738,0.6444444444444444,0.8328153328153329,0.6428571428571429,0.0,0.5608238492693219,0.5814367617879596,0.0687581141080175,0.11572822715554919,0.0,0.0,0.0,0.0,0.0,18473,global,0.0
4,2,lr1e-04_bs8_drop0p2_temp1p0_a0p25_b0p05__wd1e-04trmiss0_degmodglobal,8,0.0001,0.0001,0.2,1.0,0.25,0.05,lr1e-04_bs8_drop0p2_temp1p0_a0p25_b0p05__wd1e-04trmiss0_degmodglobal,18,0.5982068436486381,0.6821929514408112,0.6666666666666666,0.8420745920745922,0.6428571428571429,0.0,0.5664351327078683,0.5715822151729039,0.07559211339269366,0.1545320525765419,0.0,0.0,0.0,0.0,0.0,18473,global,0.0
4,2,lr1e-04_bs8_drop0p2_temp1p0_a0p25_b0p05__wd1e-04trmiss0_degmodglobal,8,0.0001,0.0001,0.2,1.0,0.25,0.05,lr1e-04_bs8_drop0p2_temp1p0_a0p25_b0p05__wd1e-04trmiss0_degmodglobal,19,0.6474633983203343,0.6896962821483612,0.6444444444444444,0.8198523698523701,0.6428571428571429,0.0,0.5942145160266331,0.6214797156197684,0.0718079140143735,0.16063414407627924,0.0,0.0,0.0,0.0,0.0,18473,global,0.0
4,2,lr1e-04_bs8_drop0p2_temp1p0_a0p25_b0p05__wd1e-04trmiss0_degmodglobal,8,0.0001,0.0001,0.2,1.0,0.25,0.05,lr1e-04_bs8_drop0p2_temp1p0_a0p25_b0p05__wd1e-04trmiss0_degmodglobal,20,0.604907648903983,0.6867798268795013,0.6444444444444444,0.8328153328153329,0.6428571428571429,0.0,0.5499140535082135,0.58146219594138,0.06195637530514172,0.15912702679634094,0.0,0.0,0.0,0.0,0.0,18473,global,0.0
4,2,lr1e-04_bs8_drop0p2_temp1p0_a0p25_b0p05__wd1e-04trmiss0_degmodglobal,8,0.0001,0.0001,0.2,1.0,0.25,0.05,lr1e-04_bs8_drop0p2_temp1p0_a0p25_b0p05__wd1e-04trmiss0_degmodglobal,21,0.6031610710280282,0.6910296082496643,0.6222222222222221,0.8143578643578646,0.6428571428571429,0.0,0.5593013763427734,0.5796980346952166,0.07056427906666483,0.1164391381399972,0.0,0.0,0.0,0.0,0.0,18473,global,0.0
4,2,lr1e-04_bs8_drop0p2_temp1p0_a0p25_b0p05__wd1e-04trmiss0_degmodglobal,8,0.0001,0.0001,0.2,1.0,0.25,0.05,lr1e-04_bs8_drop0p2_temp1p0_a0p25_b0p05__wd1e-04trmiss0_degmodglobal,22,0.6211032526833671,0.6895306408405304,0.6222222222222221,0.8143578643578646,0.6428571428571429,0.0,0.5481043713433402,0.5947788783482143,0.07316837193710464,0.16064563925777162,0.0,0.0,0.0,0.0,0.0,18473,global,0.0
4,2,lr1e-04_bs8_drop0p2_temp1p0_a0p25_b0p05__wd1e-04trmiss0_degmodglobal,8,0.0001,0.0001,0.2,1.0,0.25,0.05,lr1e-04_bs8_drop0p2_temp1p0_a0p25_b0p05__wd1e-04trmiss0_degmodglobal,23,0.6075875333377293,0.69000443816185,0.6444444444444444,0.8262626262626265,0.6428571428571429,0.0,0.5310723781585693,0.5813547372817993,0.07116346753069333,0.16883848181792668,0.0,0.0,0.0,0.0,0.0,18473,global,0.0
4,2,lr1e-04_bs8_drop0p2_temp1p0_a0p25_b0p05__wd1e-04trmiss0_degmodglobal,8,0.0001,0.0001,0.2,1.0,0.25,0.05,lr1e-04_bs8_drop0p2_temp1p0_a0p25_b0p05__wd1e-04trmiss0_degmodglobal,24,0.6202647771154132,0.683521032333374,0.6222222222222222,0.7920745920745922,0.6428571428571429,0.0,0.5658055756773267,0.5979369793619428,0.06362445226737432,0.12843347234385355,0.0,0.0,0.0,0.0,0.0,18473,global,0.0
4,2,lr1e-04_bs8_drop0p2_temp1p0_a0p25_b0p05__wd1e-04trmiss0_degmodglobal,8,0.0001,0.0001,0.2,1.0,0.25,0.05,lr1e-04_bs8_drop0p2_temp1p0_a0p25_b0p05__wd1e-04trmiss0_degmodglobal,25,0.5772597151143211,0.6796227991580963,0.6222222222222222,0.7920745920745922,0.6428571428571429,0.0,0.5620159379073552,0.5525125733443669,0.0729657533977713,0.13011411896773747,0.0,0.0,0.0,0.0,0.0,18473,global,0.0
4,2,lr1e-04_bs8_drop0p2_temp1p0_a0p25_b0p05__wd1e-04trmiss0_degmodglobal,8,0.0001,0.0001,0.2,1.0,0.25,0.05,lr1e-04_bs8_drop0p2_temp1p0_a0p25_b0p05__wd1e-04trmiss0_degmodglobal,26,0.5938725471496582,0.6808500289916992,0.6222222222222221,0.8143578643578646,0.5714285714285714,0.0,0.5493070483207703,0.5659091302326748,0.0741163742329393,0.18868659170610563,0.0,0.0,0.0,0.0,0.0,18473,global,0.0
4,2,lr1e-04_bs8_drop0p2_temp1p0_a0p25_b0p05__wd1e-04trmiss0_degmodglobal,8,0.0001,0.0001,0.2,1.0,0.25,0.05,lr1e-04_bs8_drop0p2_temp1p0_a0p25_b0p05__wd1e-04trmiss0_degmodglobal,27,0.6047803248677935,0.6801466941833496,0.6222222222222221,0.8143578643578646,0.5714285714285714,0.0,0.5378527130399432,0.580429596560342,0.06653174066117831,0.1543559352202075,0.0,0.0,0.0,0.0,0.0,18473,global,0.0
4,2,lr1e-04_bs8_drop0p2_temp2p0_a0p25_b0p05__wd1e-04trmiss0_degmodglobal,8,0.0001,0.0001,0.2,2.0,0.25,0.05,lr1e-04_bs8_drop0p2_temp2p0_a0p25_b0p05__wd1e-04trmiss0_degmodglobal,1,0.7354615500995091,0.7177507281303406,0.26666666666666666,0.6479415646082314,0.35714285714285715,0.0,0.7332480124064854,0.720924266747066,0.03975714982620308,0.09195984846779279,0.0,0.0,0.0,0.0,0.0,18473,global,0.0
4,2,lr1e-04_bs8_drop0p2_temp2p0_a0p25_b0p05__wd1e-04trmiss0_degmodglobal,8,0.0001,0.0001,0.2,2.0,0.25,0.05,lr1e-04_bs8_drop0p2_temp2p0_a0p25_b0p05__wd1e-04trmiss0_degmodglobal,2,0.693284809589386,0.7152368724346161,0.28888888888888886,0.6386823053489721,0.35714285714285715,0.0,0.6943130663463047,0.6835808157920837,0.02707580610045365,0.05870092926280839,0.0,0.0,0.0,0.0,0.0,18473,global,0.0
4,2,lr1e-04_bs8_drop0p2_temp2p0_a0p25_b0p05__wd1e-04trmiss0_degmodglobal,8,0.0001,0.0001,0.2,2.0,0.25,0.05,lr1e-04_bs8_drop0p2_temp2p0_a0p25_b0p05__wd1e-04trmiss0_degmodglobal,3,0.676967203617096,0.713837742805481,0.3111111111111111,0.6757193423860091,0.35714285714285715,0.0,0.7020260947091239,0.6632433363369533,0.036585406001125066,0.09154989038194929,0.0,0.0,0.0,0.0,0.0,18473,global,0.0
4,2,lr1e-04_bs8_drop0p2_temp2p0_a0p25_b0p05__wd1e-04trmiss0_degmodglobal,8,0.0001,0.0001,0.2,2.0,0.25,0.05,lr1e-04_bs8_drop0p2_temp2p0_a0p25_b0p05__wd1e-04trmiss0_degmodglobal,4,0.6584005781582424,0.7108891606330872,0.35555555555555557,0.6880650213983548,0.2857142857142857,0.0,0.671188371522086,0.6464348861149379,0.034394889803869386,0.06733953633478709,0.0,0.0,0.0,0.0,0.0,18473,global,0.0
4,2,lr1e-04_bs8_drop0p2_temp2p0_a0p25_b0p05__wd1e-04trmiss0_degmodglobal,8,0.0001,0.0001,0.2,2.0,0.25,0.05,lr1e-04_bs8_drop0p2_temp2p0_a0p25_b0p05__wd1e-04trmiss0_degmodglobal,5,0.6316643186977932,0.7116806209087372,0.3111111111111111,0.6602872436205771,0.35714285714285715,0.0,0.6314595086233956,0.6204222355570111,0.03232604491391352,0.06321166269481182,0.0,0.0,0.0,0.0,0.0,18473,global,0.0
4,2,lr1e-04_bs8_drop0p2_temp2p0_a0p25_b0p05__wd1e-04trmiss0_degmodglobal,8,0.0001,0.0001,0.2,2.0,0.25,0.05,lr1e-04_bs8_drop0p2_temp2p0_a0p25_b0p05__wd1e-04trmiss0_degmodglobal,6,0.6196396350860596,0.712127298116684,0.37777777777777777,0.6523707773707774,0.35714285714285715,0.0,0.6377853836332049,0.6095233644757952,0.029555435558514937,0.054548228425639014,0.0,0.0,0.0,0.0,0.0,18473,global,0.0
4,2,lr1e-04_bs8_drop0p2_temp2p0_a0p25_b0p05__wd1e-04trmiss0_degmodglobal,8,0.0001,0.0001,0.2,2.0,0.25,0.05,lr1e-04_bs8_drop0p2_temp2p0_a0p25_b0p05__wd1e-04trmiss0_degmodglobal,7,0.587378910609654,0.7117773592472076,0.35555555555555557,0.6449633699633699,0.5,0.0,0.6368390321731567,0.5704238755362374,0.04318702034652233,0.12316547759941646,0.0,0.0,0.0,0.0,0.0,18473,global,0.0
4,2,lr1e-04_bs8_drop0p2_temp2p0_a0p25_b0p05__wd1e-04trmiss0_degmodglobal,8,0.0001,0.0001,0.2,2.0,0.25,0.05,lr1e-04_bs8_drop0p2_temp2p0_a0p25_b0p05__wd1e-04trmiss0_degmodglobal,8,0.5837669202259609,0.7127476930618286,0.4666666666666667,0.6413919413919414,0.5,0.0,0.6180218713624137,0.5639483673231942,0.050559815019369125,0.143572136759758,0.0,0.0,0.0,0.0,0.0,18473,global,0.0
4,2,lr1e-04_bs8_drop0p2_temp2p0_a0p25_b0p05__wd1e-04trmiss0_degmodglobal,8,0.0001,0.0001,0.2,2.0,0.25,0.05,lr1e-04_bs8_drop0p2_temp2p0_a0p25_b0p05__wd1e-04trmiss0_degmodglobal,9,0.5743010554994855,0.7236047983169556,0.35555555555555557,0.6449633699633699,0.5,0.0,0.6276779174804688,0.5601812430790493,0.03958339536828654,0.08447916805744171,0.0,0.0,0.0,0.0,0.0,18473,global,0.0
4,2,lr1e-04_bs8_drop0p2_temp2p0_a0p25_b0p05__wd1e-04trmiss0_degmodglobal,8,0.0001,0.0001,0.2,2.0,0.25,0.05,lr1e-04_bs8_drop0p2_temp2p0_a0p25_b0p05__wd1e-04trmiss0_degmodglobal,10,0.5876696961266654,0.7275471687316895,0.33333333333333337,0.638902763902764,0.5,0.0,0.5952247636658805,0.5714972019195557,0.0456070995756558,0.09541451771344457,0.0,0.0,0.0,0.0,0.0,18473,global,0.0
4,2,lr1e-04_bs8_drop0p2_temp2p0_a0p25_b0p05__wd1e-04trmiss0_degmodglobal,8,0.0001,0.0001,0.2,2.0,0.25,0.05,lr1e-04_bs8_drop0p2_temp2p0_a0p25_b0p05__wd1e-04trmiss0_degmodglobal,11,0.5779163241386414,0.7205913662910461,0.35555555555555557,0.6449633699633699,0.5,0.0,0.5889179195676532,0.5629655463354928,0.04718263527112348,0.06310263435755457,0.0,0.0,0.0,0.0,0.0,18473,global,0.0
4,2,lr1e-04_bs8_drop0p2_temp2p0_a0p25_b0p05__wd1e-04trmiss0_degmodglobal,8,0.0001,0.0001,0.2,2.0,0.25,0.05,lr1e-04_bs8_drop0p2_temp2p0_a0p25_b0p05__wd1e-04trmiss0_degmodglobal,12,0.5733574501105717,0.7173672318458557,0.39999999999999997,0.6582630332630333,0.5,0.0,0.6256601171834129,0.5599873661994934,0.038144217005797794,0.07668041278209005,0.0,0.0,0.0,0.0,0.0,18473,global,0.0
4,2,lr1e-04_bs8_drop0p2_temp2p0_a0p25_b0p05__wd1e-04trmiss0_degmodglobal,8,0.0001,0.0001,0.2,2.0,0.25,0.05,lr1e-04_bs8_drop0p2_temp2p0_a0p25_b0p05__wd1e-04trmiss0_degmodglobal,13,0.5734682849475315,0.7157960832118988,0.42222222222222217,0.6693741443741443,0.5,0.0,0.5982062220573425,0.5594109211649213,0.0406103716897113,0.07809548612151827,0.0,0.0,0.0,0.0,0.0,18473,global,0.0
4,2,lr1e-04_bs8_drop0p2_temp2p0_a0p25_b0p05__wd1e-04trmiss0_degmodglobal,8,0.0001,0.0001,0.2,2.0,0.25,0.05,lr1e-04_bs8_drop0p2_temp2p0_a0p25_b0p05__wd1e-04trmiss0_degmodglobal,14,0.5477797601904187,0.7238796651363373,0.37777777777777777,0.6523707773707774,0.5,0.0,0.5697115659713745,0.5359760778290885,0.03247090934642723,0.07371907282088484,0.0,0.0,0.0,0.0,0.0,18473,global,0.0
4,2,lr1e-04_bs8_drop0p2_temp2p0_a0p25_b0p05__wd1e-04trmiss0_degmodglobal,8,0.0001,0.0001,0.2,2.0,0.25,0.05,lr1e-04_bs8_drop0p2_temp2p0_a0p25_b0p05__wd1e-04trmiss0_degmodglobal,15,0.547839709690639,0.7277835309505463,0.37777777777777777,0.6523707773707774,0.5,0.0,0.5615979092461723,0.5351134070328304,0.037439007844243734,0.067331177847726,0.0,0.0,0.0,0.0,0.0,18473,global,0.0
4,2,lr1e-04_bs8_drop0p2_temp2p0_a0p25_b0p05__wd1e-04trmiss0_degmodglobal,8,0.0001,0.0001,0.2,2.0,0.25,0.05,lr1e-04_bs8_drop0p2_temp2p0_a0p25_b0p05__wd1e-04trmiss0_degmodglobal,16,0.5744348210947854,0.7288242280483246,0.39999999999999997,0.6582630332630333,0.42857142857142855,0.0,0.6070001721382141,0.5599124942507062,0.042093949924622266,0.07997662893363408,0.0,0.0,0.0,0.0,0.0,18473,global,0.0
4,2,lr1e-04_bs8_drop0p2_temp2p0_a0p25_b0p05__wd1e-04trmiss0_degmodglobal,8,0.0001,0.0001,0.2,2.0,0.25,0.05,lr1e-04_bs8_drop0p2_temp2p0_a0p25_b0p05__wd1e-04trmiss0_degmodglobal,17,0.5389105337006705,0.725157767534256,0.4444444444444444,0.6750721500721502,0.42857142857142855,0.0,0.5706100804465157,0.5234087833336422,0.04685441989983831,0.07576292327472142,0.0,0.0,0.0,0.0,0.0,18473,global,0.0
4,2,lr1e-04_bs8_drop0p2_temp2p0_a0p25_b0p05__wd1e-04trmiss0_degmodglobal,8,0.0001,0.0001,0.2,2.0,0.25,0.05,lr1e-04_bs8_drop0p2_temp2p0_a0p25_b0p05__wd1e-04trmiss0_degmodglobal,18,0.5667870172432491,0.724631279706955,0.42222222222222217,0.6693741443741443,0.5,0.0,0.5944574134690421,0.5509854214532035,0.04105391486414841,0.1107620048735823,0.0,0.0,0.0,0.0,0.0,18473,global,0.0
4,2,lr1e-04_bs8_drop0p2_temp2p0_a0p25_b0p05__wd1e-04trmiss0_degmodglobal,8,0.0001,0.0001,0.2,2.0,0.25,0.05,lr1e-04_bs8_drop0p2_temp2p0_a0p25_b0p05__wd1e-04trmiss0_degmodglobal,19,0.5848608953612191,0.7328733801841736,0.4444444444444444,0.6839845339845341,0.5,0.0,0.5861477851867676,0.5727795447622027,0.03654206623988492,0.058916497443403514,0.0,0.0,0.0,0.0,0.0,18473,global,0.0
4,2,lr1e-04_bs8_drop0p2_temp2p0_a0p25_b0p05__wd1e-04trmiss0_degmodglobal,8,0.0001,0.0001,0.2,2.0,0.25,0.05,lr1e-04_bs8_drop0p2_temp2p0_a0p25_b0p05__wd1e-04trmiss0_degmodglobal,20,0.5562375741345542,0.729295164346695,0.4222222222222222,0.6284289784289785,0.5714285714285714,0.0,0.5765058823994228,0.5427728125027248,0.04088725735034261,0.06485904540334429,0.0,0.0,0.0,0.0,0.0,18473,global,0.0
4,2,lr1e-04_bs8_drop0p2_temp2p0_a0p25_b0p05__wd1e-04trmiss0_degmodglobal,8,0.0001,0.0001,0.2,2.0,0.25,0.05,lr1e-04_bs8_drop0p2_temp2p0_a0p25_b0p05__wd1e-04trmiss0_degmodglobal,21,0.5547844682421003,0.7283156216144562,0.4222222222222222,0.6284289784289785,0.5,0.0,0.5556986161640712,0.543115632874625,0.03187421975391252,0.07400596993310112,0.0,0.0,0.0,0.0,0.0,18473,global,0.0
4,2,lr1e-04_bs8_drop0p2_temp2p0_a0p25_b0p05__wd1e-04trmiss0_degmodglobal,8,0.0001,0.0001,0.2,2.0,0.25,0.05,lr1e-04_bs8_drop0p2_temp2p0_a0p25_b0p05__wd1e-04trmiss0_degmodglobal,22,0.5383466056415013,0.7272936105728149,0.4444444444444444,0.6343212343212343,0.5,0.0,0.5614264181682042,0.5262372919491359,0.0345302341239793,0.0695350808756692,0.0,0.0,0.0,0.0,0.0,18473,global,0.0
4,2,lr1e-04_bs8_drop0p2_temp2p0_a0p25_b0p05__wd1e-04trmiss0_degmodglobal,8,0.0001,0.0001,0.2,2.0,0.25,0.05,lr1e-04_bs8_drop0p2_temp2p0_a0p25_b0p05__wd1e-04trmiss0_degmodglobal,23,0.5442773018564496,0.7234465479850769,0.4444444444444444,0.6343212343212343,0.5,0.0,0.5410288572311401,0.5302294152123588,0.03806186680282865,0.0906485239309924,0.0,0.0,0.0,0.0,0.0,18473,global,0.0
4,2,lr1e-04_bs8_drop0p2_temp2p0_a0p25_b0p05__wd1e-04trmiss0_degmodglobal,8,0.0001,0.0001,0.2,2.0,0.25,0.05,lr1e-04_bs8_drop0p2_temp2p0_a0p25_b0p05__wd1e-04trmiss0_degmodglobal,24,0.556731002671378,0.7291280329227448,0.4666666666666667,0.6898767898767899,0.5,0.0,0.5667506541524615,0.539616618837629,0.04688991765890803,0.10783812616552625,0.0,0.0,0.0,0.0,0.0,18473,global,0.0
4,2,lr1e-04_bs8_drop0p2_temp2p0_a0p25_b0p05__wd1e-04trmiss0_degmodglobal,8,0.0001,0.0001,0.2,2.0,0.25,0.05,lr1e-04_bs8_drop0p2_temp2p0_a0p25_b0p05__wd1e-04trmiss0_degmodglobal,25,0.5738075631005424,0.72553351521492,0.4444444444444444,0.6839845339845341,0.5,0.0,0.5329486046518598,0.5539054146834782,0.05411644812141146,0.127460777759552,0.0,0.0,0.0,0.0,0.0,18473,global,0.0
4,2,lr1e-04_bs8_drop0p2_temp2p0_a0p25_b0p05__wd1e-04trmiss0_degmodglobal,8,0.0001,0.0001,0.2,2.0,0.25,0.05,lr1e-04_bs8_drop0p2_temp2p0_a0p25_b0p05__wd1e-04trmiss0_degmodglobal,26,0.5354830282075065,0.7263766527175903,0.4444444444444444,0.6839845339845341,0.5,0.0,0.5115408641951424,0.5177980193070003,0.055624195507594516,0.0755791717341968,0.0,0.0,0.0,0.0,0.0,18473,global,0.0
4,2,lr1e-04_bs8_drop0p2_temp2p0_a0p25_b0p05__wd1e-04trmiss0_degmodglobal,8,0.0001,0.0001,0.2,2.0,0.25,0.05,lr1e-04_bs8_drop0p2_temp2p0_a0p25_b0p05__wd1e-04trmiss0_degmodglobal,27,0.5513258959565844,0.7253387570381165,0.4444444444444444,0.6839845339845341,0.5,0.0,0.5371809942381722,0.5347493674073901,0.05238916139517512,0.06958502251654863,0.0,0.0,0.0,0.0,0.0,18473,global,0.0
4,2,lr1e-04_bs8_drop0p2_temp2p0_a0p25_b0p05__wd1e-04trmiss0_degmodglobal,8,0.0001,0.0001,0.2,2.0,0.25,0.05,lr1e-04_bs8_drop0p2_temp2p0_a0p25_b0p05__wd1e-04trmiss0_degmodglobal,28,0.5501207964760917,0.7262440621852875,0.4444444444444444,0.6839845339845341,0.5,0.0,0.5359913621629987,0.5380455340657916,0.03352583891579083,0.07387639528938703,0.0,0.0,0.0,0.0,0.0,18473,global,0.0
4,2,lr1e-04_bs8_drop0p4_temp1p0_a0p25_b0p05__wd1e-04trmiss0_degmodglobal,8,0.0001,0.0001,0.4,1.0,0.25,0.05,lr1e-04_bs8_drop0p4_temp1p0_a0p25_b0p05__wd1e-04trmiss0_degmodglobal,1,0.6802712168012347,0.684609442949295,0.4888888888888889,0.6876882376882376,0.5714285714285714,0.0,0.661609947681427,0.6545129248074123,0.060673732310533524,0.21179702132940292,0.0,0.0,0.0,0.0,0.0,18473,global,0.0
4,2,lr1e-04_bs8_drop0p4_temp1p0_a0p25_b0p05__wd1e-04trmiss0_degmodglobal,8,0.0001,0.0001,0.4,1.0,0.25,0.05,lr1e-04_bs8_drop0p4_temp1p0_a0p25_b0p05__wd1e-04trmiss0_degmodglobal,2,0.6893246173858643,0.682880312204361,0.5333333333333333,0.7020282186948854,0.6428571428571429,0.0,0.6631618312426976,0.6643577218055725,0.063514344394207,0.18176602252892085,0.0,0.0,0.0,0.0,0.0,18473,global,0.0
4,2,lr1e-04_bs8_drop0p4_temp1p0_a0p25_b0p05__wd1e-04trmiss0_degmodglobal,8,0.0001,0.0001,0.4,1.0,0.25,0.05,lr1e-04_bs8_drop0p4_temp1p0_a0p25_b0p05__wd1e-04trmiss0_degmodglobal,3,0.6384501372064862,0.6757204532623291,0.5333333333333333,0.7020282186948854,0.6428571428571429,0.0,0.6405163833073207,0.6217182534081596,0.04167988310967173,0.1262381672859192,0.0,0.0,0.0,0.0,0.0,18473,global,0.0
4,2,lr1e-04_bs8_drop0p4_temp1p0_a0p25_b0p05__wd1e-04trmiss0_degmodglobal,8,0.0001,0.0001,0.4,1.0,0.25,0.05,lr1e-04_bs8_drop0p4_temp1p0_a0p25_b0p05__wd1e-04trmiss0_degmodglobal,4,0.6554234964506966,0.6739948391914368,0.4888888888888888,0.6279541446208112,0.6428571428571429,0.0,0.6390177692685809,0.6356639095715114,0.05301587496485029,0.13011262778724944,0.0,0.0,0.0,0.0,0.0,18473,global,0.0
4,2,lr1e-04_bs8_drop0p4_temp1p0_a0p25_b0p05__wd1e-04trmiss0_degmodglobal,8,0.0001,0.0001,0.4,1.0,0.25,0.05,lr1e-04_bs8_drop0p4_temp1p0_a0p25_b0p05__wd1e-04trmiss0_degmodglobal,5,0.6378504633903503,0.6737666726112366,0.5111111111111111,0.6464726631393298,0.6428571428571429,0.0,0.6201525756290981,0.6159197262355259,0.05346761803541865,0.17127679820571626,0.0,0.0,0.0,0.0,0.0,18473,global,0.0
4,2,lr1e-04_bs8_drop0p4_temp1p0_a0p25_b0p05__wd1e-04trmiss0_degmodglobal,8,0.0001,0.0001,0.4,1.0,0.25,0.05,lr1e-04_bs8_drop0p4_temp1p0_a0p25_b0p05__wd1e-04trmiss0_degmodglobal,6,0.6473302500588554,0.6764272451400757,0.5333333333333333,0.6759598426265093,0.7142857142857143,0.0,0.6196785484041486,0.6261826242719378,0.05593318944530828,0.1432864208306585,0.0,0.0,0.0,0.0,0.0,18473,global,0.0
4,2,lr1e-04_bs8_drop0p4_temp1p0_a0p25_b0p05__wd1e-04trmiss0_degmodglobal,8,0.0001,0.0001,0.4,1.0,0.25,0.05,lr1e-04_bs8_drop0p4_temp1p0_a0p25_b0p05__wd1e-04trmiss0_degmodglobal,7,0.6306368708610535,0.6715860664844513,0.5333333333333333,0.6759598426265093,0.7142857142857143,0.0,0.6153696264539447,0.6087793622698102,0.06128061669213431,0.13074751517602376,0.0,0.0,0.0,0.0,0.0,18473,global,0.0
4,2,lr1e-04_bs8_drop0p4_temp1p0_a0p25_b0p05__wd1e-04trmiss0_degmodglobal,8,0.0001,0.0001,0.4,1.0,0.25,0.05,lr1e-04_bs8_drop0p4_temp1p0_a0p25_b0p05__wd1e-04trmiss0_degmodglobal,8,0.5933450375284467,0.6665360331535339,0.6444444444444444,0.7957992624659291,0.7142857142857143,0.0,0.5977445585387093,0.5766291192599705,0.04901894208575998,0.08922377681093556,0.0,0.0,0.0,0.0,0.0,18473,global,0.0
4,2,lr1e-04_bs8_drop0p4_temp1p0_a0p25_b0p05__wd1e-04trmiss0_degmodglobal,8,0.0001,0.0001,0.4,1.0,0.25,0.05,lr1e-04_bs8_drop0p4_temp1p0_a0p25_b0p05__wd1e-04trmiss0_degmodglobal,9,0.6103578976222447,0.6599750220775604,0.6444444444444444,0.8214285714285716,0.6428571428571429,0.0,0.5786091344697135,0.5899681619235447,0.054157362186482975,0.13700811618140765,0.0,0.0,0.0,0.0,0.0,18473,global,0.0
4,2,lr1e-04_bs8_drop0p4_temp1p0_a0p25_b0p05__wd1e-04trmiss0_degmodglobal,8,0.0001,0.0001,0.4,1.0,0.25,0.05,lr1e-04_bs8_drop0p4_temp1p0_a0p25_b0p05__wd1e-04trmiss0_degmodglobal,10,0.6060351303645543,0.6497337222099304,0.6,0.7843915343915346,0.5714285714285714,0.0,0.5769534111022949,0.5882849012102399,0.05004137674612658,0.10479784544025149,0.0,0.0,0.0,0.0,0.0,18473,global,0.0
4,2,lr1e-04_bs8_drop0p4_temp1p0_a0p25_b0p05__wd1e-04trmiss0_degmodglobal,8,0.0001,0.0001,0.4,1.0,0.25,0.05,lr1e-04_bs8_drop0p4_temp1p0_a0p25_b0p05__wd1e-04trmiss0_degmodglobal,11,0.615111095564706,0.6523742973804474,0.6,0.8086598586598588,0.5714285714285714,0.0,0.5893699611936297,0.5939144662448338,0.055037783192736764,0.14874351556812013,0.0,0.0,0.0,0.0,0.0,18473,global,0.0
4,2,lr1e-04_bs8_drop0p4_temp1p0_a0p25_b0p05__wd1e-04trmiss0_degmodglobal,8,0.0001,0.0001,0.4,1.0,0.25,0.05,lr1e-04_bs8_drop0p4_temp1p0_a0p25_b0p05__wd1e-04trmiss0_degmodglobal,12,0.6119850448199681,0.6592453718185425,0.5777777777777777,0.802767602767603,0.5714285714285714,0.0,0.5949051124708993,0.5900005102157593,0.056890839976923804,0.15523640705006464,0.0,0.0,0.0,0.0,0.0,18473,global,0.0
4,2,lr1e-04_bs8_drop0p4_temp1p0_a0p25_b0p05__wd1e-04trmiss0_degmodglobal,8,0.0001,0.0001,0.4,1.0,0.25,0.05,lr1e-04_bs8_drop0p4_temp1p0_a0p25_b0p05__wd1e-04trmiss0_degmodglobal,13,0.5886462501117161,0.6585612893104553,0.5777777777777777,0.802767602767603,0.5,0.0,0.5626803636550903,0.5707516499928066,0.05046153920037406,0.10558409403477396,0.0,0.0,0.0,0.0,0.0,18473,global,0.0
4,2,lr1e-04_bs8_drop0p4_temp1p0_a0p25_b0p05__wd1e-04trmiss0_degmodglobal,8,0.0001,0.0001,0.4,1.0,0.25,0.05,lr1e-04_bs8_drop0p4_temp1p0_a0p25_b0p05__wd1e-04trmiss0_degmodglobal,14,0.5748514788491386,0.6567347645759583,0.5777777777777777,0.802767602767603,0.42857142857142855,0.0,0.5331247746944427,0.5526314803532192,0.0616269800812006,0.13626503412212645,0.0,0.0,0.0,0.0,0.0,18473,global,0.0
4,2,lr1e-04_bs8_drop0p4_temp1p0_a0p25_b0p05__wd1e-04trmiss0_degmodglobal,8,0.0001,0.0001,0.4,1.0,0.25,0.05,lr1e-04_bs8_drop0p4_temp1p0_a0p25_b0p05__wd1e-04trmiss0_degmodglobal,15,0.5587988538401467,0.6545459628105164,0.6,0.8146723646723648,0.5,0.0,0.5466501755373818,0.5387220893587384,0.05437697310532842,0.12965042356933867,0.0,0.0,0.0,0.0,0.0,18473,global,0.0
4,2,lr1e-04_bs8_drop0p4_temp1p0_a0p25_b0p05__wd1e-04trmiss0_degmodglobal,8,0.0001,0.0001,0.4,1.0,0.25,0.05,lr1e-04_bs8_drop0p4_temp1p0_a0p25_b0p05__wd1e-04trmiss0_degmodglobal,16,0.5606130233832768,0.6583199501037598,0.6,0.8249898249898251,0.5,0.0,0.5438612571784428,0.5368961223534175,0.06356073490210942,0.15653435779469355,0.0,0.0,0.0,0.0,0.0,18473,global,0.0
4,2,lr1e-04_bs8_drop0p4_temp1p0_a0p25_b0p05__wd1e-04trmiss0_degmodglobal,8,0.0001,0.0001,0.4,1.0,0.25,0.05,lr1e-04_bs8_drop0p4_temp1p0_a0p25_b0p05__wd1e-04trmiss0_degmodglobal,17,0.562379002571106,0.6663642823696136,0.5777777777777777,0.8157305657305658,0.5714285714285714,0.0,0.5590080959456307,0.5306921516145978,0.07901996081428868,0.23863735795021057,0.0,0.0,0.0,0.0,0.0,18473,global,0.0
4,2,lr1e-04_bs8_drop0p4_temp1p0_a0p25_b0p05__wd1e-04trmiss0_degmodglobal,8,0.0001,0.0001,0.4,1.0,0.25,0.05,lr1e-04_bs8_drop0p4_temp1p0_a0p25_b0p05__wd1e-04trmiss0_degmodglobal,18,0.5704631039074489,0.667548805475235,0.5777777777777777,0.8157305657305658,0.5714285714285714,0.0,0.5416034630366734,0.5373317045824868,0.08450530575854438,0.24010124696152552,0.0,0.0,0.0,0.0,0.0,18473,global,0.0
4,2,lr1e-04_bs8_drop0p4_temp1p0_a0p25_b0p05__wd1e-04trmiss0_degmodglobal,8,0.0001,0.0001,0.4,1.0,0.25,0.05,lr1e-04_bs8_drop0p4_temp1p0_a0p25_b0p05__wd1e-04trmiss0_degmodglobal,19,0.5904960462025234,0.6671019792556763,0.5777777777777777,0.8157305657305658,0.5714285714285714,0.0,0.5566893177373069,0.5675237561975207,0.060723942305360525,0.15582616946526937,0.0,0.0,0.0,0.0,0.0,18473,global,0.0
4,2,lr1e-04_bs8_drop0p4_temp1p0_a0p25_b0p05__wd1e-04trmiss0_degmodglobal,8,0.0001,0.0001,0.4,1.0,0.25,0.05,lr1e-04_bs8_drop0p4_temp1p0_a0p25_b0p05__wd1e-04trmiss0_degmodglobal,20,0.5569053930895669,0.6676536798477173,0.5777777777777777,0.8157305657305658,0.5,0.0,0.5102072741304126,0.5390518350260598,0.04463784263602325,0.13388201860444887,0.0,0.0,0.0,0.0,0.0,18473,global,0.0
4,2,lr1e-04_bs8_drop0p4_temp1p0_a0p25_b0p05__wd1e-04trmiss0_degmodglobal,8,0.0001,0.0001,0.4,1.0,0.25,0.05,lr1e-04_bs8_drop0p4_temp1p0_a0p25_b0p05__wd1e-04trmiss0_degmodglobal,21,0.5626661649772099,0.6616465151309967,0.6,0.8146723646723648,0.5,0.0,0.5183297097682953,0.5460099918501717,0.04531866152371679,0.10653020441532135,0.0,0.0,0.0,0.0,0.0,18473,global,0.0
4,2,lr1e-04_bs8_drop0p4_temp1p0_a0p25_b0p05__wd1e-04trmiss0_degmodglobal,8,0.0001,0.0001,0.4,1.0,0.25,0.05,lr1e-04_bs8_drop0p4_temp1p0_a0p25_b0p05__wd1e-04trmiss0_degmodglobal,22,0.5502106845378876,0.6675617694854736,0.5333333333333333,0.6943019943019945,0.5,0.0,0.5401270048958915,0.5308164187840053,0.05044506836150374,0.13566010126045772,0.0,0.0,0.0,0.0,0.0,18473,global,0.0
4,2,lr1e-04_bs8_drop0p4_temp1p0_a0p25_b0p05__wd1e-04trmiss0_degmodglobal,8,0.0001,0.0001,0.4,1.0,0.25,0.05,lr1e-04_bs8_drop0p4_temp1p0_a0p25_b0p05__wd1e-04trmiss0_degmodglobal,23,0.5452334242207664,0.668216735124588,0.5555555555555556,0.7498575498575499,0.5714285714285714,0.0,0.5112068269933973,0.5239280802862984,0.05438440293073654,0.15418505030018942,0.0,0.0,0.0,0.0,0.0,18473,global,0.0
4,2,lr1e-04_bs8_drop0p4_temp1p0_a0p25_b0p05__wd1e-04trmiss0_degmodglobal,8,0.0001,0.0001,0.4,1.0,0.25,0.05,lr1e-04_bs8_drop0p4_temp1p0_a0p25_b0p05__wd1e-04trmiss0_degmodglobal,24,0.558366026197161,0.6688643395900726,0.5777777777777777,0.7868945868945871,0.5,0.0,0.5494661799498967,0.5336493807179588,0.06620289066008159,0.16331821892942702,0.0,0.0,0.0,0.0,0.0,18473,global,0.0
4,2,lr1e-04_bs8_drop0p4_temp1p0_a0p25_b0p05__wd1e-04trmiss0_degmodglobal,8,0.0001,0.0001,0.4,1.0,0.25,0.05,lr1e-04_bs8_drop0p4_temp1p0_a0p25_b0p05__wd1e-04trmiss0_degmodglobal,25,0.5264801595892225,0.6707414090633392,0.5555555555555556,0.7895400895400897,0.5,0.0,0.5281593969890049,0.5047050246170589,0.0676896082503455,0.09705447192702975,0.0,0.0,0.0,0.0,0.0,18473,global,0.0
4,2,lr1e-04_bs8_drop0p4_temp1p0_a0p25_b0p05__wd1e-04trmiss0_degmodglobal,8,0.0001,0.0001,0.4,1.0,0.25,0.05,lr1e-04_bs8_drop0p4_temp1p0_a0p25_b0p05__wd1e-04trmiss0_degmodglobal,26,0.5342319480010441,0.6679558455944061,0.5555555555555556,0.7895400895400897,0.5,0.0,0.5442446768283844,0.5066703259944916,0.07704012734549386,0.1660317608288356,0.0,0.0,0.0,0.0,0.0,18473,global,0.0
4,2,lr1e-04_bs8_drop0p4_temp1p0_a0p25_b0p05__wd1e-04trmiss0_degmodglobal,8,0.0001,0.0001,0.4,1.0,0.25,0.05,lr1e-04_bs8_drop0p4_temp1p0_a0p25_b0p05__wd1e-04trmiss0_degmodglobal,27,0.5599091478756496,0.6672338545322418,0.6,0.8249898249898251,0.5,0.0,0.5260125356061118,0.5349657876150948,0.06565499039632934,0.17059228888579778,0.0,0.0,0.0,0.0,0.0,18473,global,0.0
4,2,lr1e-04_bs8_drop0p4_temp1p0_a0p25_b0p05__wd1e-04trmiss0_degmodglobal,8,0.0001,0.0001,0.4,1.0,0.25,0.05,lr1e-04_bs8_drop0p4_temp1p0_a0p25_b0p05__wd1e-04trmiss0_degmodglobal,28,0.5571487205369132,0.6697898805141449,0.6,0.8249898249898251,0.5,0.0,0.5235282225268227,0.5376255597387042,0.05314465931483677,0.12474006414413452,0.0,0.0,0.0,0.0,0.0,18473,global,0.0
4,2,lr1e-04_bs8_drop0p4_temp1p0_a0p25_b0p05__wd1e-04trmiss0_degmodglobal,8,0.0001,0.0001,0.4,1.0,0.25,0.05,lr1e-04_bs8_drop0p4_temp1p0_a0p25_b0p05__wd1e-04trmiss0_degmodglobal,29,0.5138293504714966,0.6704270839691162,0.6,0.8249898249898251,0.5,0.0,0.5177089614527566,0.49341662866728647,0.05774144668664251,0.1195469990904842,0.0,0.0,0.0,0.0,0.0,18473,global,0.0
4,2,lr1e-04_bs8_drop0p4_temp2p0_a0p25_b0p05__wd1e-04trmiss0_degmodglobal,8,0.0001,0.0001,0.4,2.0,0.25,0.05,lr1e-04_bs8_drop0p4_temp2p0_a0p25_b0p05__wd1e-04trmiss0_degmodglobal,1,0.7331624627113342,0.7371202111244202,0.1111111111111111,0.4933119349786017,0.2857142857142857,0.0,0.6619683163506644,0.7001125386783055,0.07496490542377744,0.286173803465707,0.0,0.0,0.0,0.0,0.0,18473,global,0.0
4,2,lr1e-04_bs8_drop0p4_temp2p0_a0p25_b0p05__wd1e-04trmiss0_degmodglobal,8,0.0001,0.0001,0.4,2.0,0.25,0.05,lr1e-04_bs8_drop0p4_temp2p0_a0p25_b0p05__wd1e-04trmiss0_degmodglobal,2,0.6974727426256452,0.7476537525653839,0.15555555555555556,0.5054371554371555,0.2857142857142857,0.0,0.6576285106795174,0.668457635811397,0.06816299845065389,0.23948707112244197,0.0,0.0,0.0,0.0,0.0,18473,global,0.0
4,2,lr1e-04_bs8_drop0p4_temp2p0_a0p25_b0p05__wd1e-04trmiss0_degmodglobal,8,0.0001,0.0001,0.4,2.0,0.25,0.05,lr1e-04_bs8_drop0p4_temp2p0_a0p25_b0p05__wd1e-04trmiss0_degmodglobal,3,0.6890569755009243,0.7501690983772278,0.15555555555555556,0.5041144041144041,0.2857142857142857,0.0,0.6102371215820312,0.6606642178126744,0.07388386928609439,0.19843571739537375,0.0,0.0,0.0,0.0,0.0,18473,global,0.0
4,2,lr1e-04_bs8_drop0p4_temp2p0_a0p25_b0p05__wd1e-04trmiss0_degmodglobal,8,0.0001,0.0001,0.4,2.0,0.25,0.05,lr1e-04_bs8_drop0p4_temp2p0_a0p25_b0p05__wd1e-04trmiss0_degmodglobal,4,0.694845335824149,0.7483885288238525,0.2,0.5213101713101713,0.35714285714285715,0.0,0.5809458451611655,0.6666912095887321,0.06852500459977559,0.22045755279915674,0.0,0.0,0.0,0.0,0.0,18473,global,0.0
4,2,lr1e-04_bs8_drop0p4_temp2p0_a0p25_b0p05__wd1e-04trmiss0_degmodglobal,8,0.0001,0.0001,0.4,2.0,0.25,0.05,lr1e-04_bs8_drop0p4_temp2p0_a0p25_b0p05__wd1e-04trmiss0_degmodglobal,5,0.6649274144853864,0.7490038275718689,0.24444444444444446,0.5460015293348627,0.42857142857142855,0.0,0.5697749597685677,0.6305265937532697,0.08212118382964816,0.27741049017224995,0.0,0.0,0.0,0.0,0.0,18473,global,0.0
4,2,lr1e-04_bs8_drop0p4_temp2p0_a0p25_b0p05__wd1e-04trmiss0_degmodglobal,8,0.0001,0.0001,0.4,2.0,0.25,0.05,lr1e-04_bs8_drop0p4_temp2p0_a0p25_b0p05__wd1e-04trmiss0_degmodglobal,6,0.6431452206202916,0.7536242306232452,0.26666666666666666,0.5463101713101715,0.35714285714285715,0.0,0.5405572695391518,0.6055024862289429,0.08966529635446412,0.304527829268149,0.0,0.0,0.0,0.0,0.0,18473,global,0.0
4,2,lr1e-04_bs8_drop0p4_temp2p0_a0p25_b0p05__wd1e-04trmiss0_degmodglobal,8,0.0001,0.0001,0.4,2.0,0.25,0.05,lr1e-04_bs8_drop0p4_temp2p0_a0p25_b0p05__wd1e-04trmiss0_degmodglobal,7,0.6673500112124852,0.7642155885696411,0.26666666666666666,0.5463101713101715,0.2857142857142857,0.0,0.5619000537054879,0.6357010858399528,0.07880892125623566,0.23893389531544276,0.0,0.0,0.0,0.0,0.0,18473,global,0.0
4,2,lr1e-04_bs8_drop0p4_temp2p0_a0p25_b0p05__wd1e-04trmiss0_degmodglobal,8,0.0001,0.0001,0.4,2.0,0.25,0.05,lr1e-04_bs8_drop0p4_temp2p0_a0p25_b0p05__wd1e-04trmiss0_degmodglobal,8,0.6350449068205697,0.7686221897602081,0.24444444444444444,0.5385941219274553,0.2857142857142857,0.0,0.5523625271660941,0.5913612416812352,0.10515526682138443,0.34789689417396275,0.0,0.0,0.0,0.0,0.0,18473,global,0.0
4,2,lr1e-04_bs8_drop0p4_temp2p0_a0p25_b0p05__wd1e-04trmiss0_degmodglobal,8,0.0001,0.0001,0.4,2.0,0.25,0.05,lr1e-04_bs8_drop0p4_temp2p0_a0p25_b0p05__wd1e-04trmiss0_degmodglobal,9,0.64594737972532,0.7629184424877167,0.24444444444444444,0.5385941219274553,0.35714285714285715,0.0,0.5539992536817279,0.6020744783537728,0.10350625110524041,0.3599267303943634,0.0,0.0,0.0,0.0,0.0,18473,global,0.0
4,2,lr1e-04_bs8_drop0p4_temp2p0_a0p25_b0p05__wd1e-04trmiss0_degmodglobal,8,0.0001,0.0001,0.4,2.0,0.25,0.05,lr1e-04_bs8_drop0p4_temp2p0_a0p25_b0p05__wd1e-04trmiss0_degmodglobal,10,0.6976170880453927,0.7610746622085571,0.26666666666666666,0.5463101713101715,0.35714285714285715,0.0,0.5442245432308742,0.6491488984652928,0.11250042276723045,0.4068617458854403,0.0,0.0,0.0,0.0,0.0,18473,global,0.0
4,2,lr1e-04_bs8_drop0p4_temp2p0_a0p25_b0p05__wd1e-04trmiss0_degmodglobal,8,0.0001,0.0001,0.4,2.0,0.25,0.05,lr1e-04_bs8_drop0p4_temp2p0_a0p25_b0p05__wd1e-04trmiss0_degmodglobal,11,0.6431880337851388,0.7574852108955383,0.26666666666666666,0.5463101713101715,0.42857142857142855,0.0,0.5387045528207507,0.6120618156024388,0.07350763199584824,0.2549864330462047,0.0,0.0,0.0,0.0,0.0,18473,global,0.0
4,2,lr1e-04_bs8_drop0p4_temp2p0_a0p25_b0p05__wd1e-04trmiss0_degmodglobal,8,0.0001,0.0001,0.4,2.0,0.25,0.05,lr1e-04_bs8_drop0p4_temp2p0_a0p25_b0p05__wd1e-04trmiss0_degmodglobal,12,0.6199125051498413,0.7530848979949951,0.26666666666666666,0.5463101713101715,0.42857142857142855,0.0,0.5039914292948586,0.5806726557867867,0.10303144369806562,0.2696397049086435,0.0,0.0,0.0,0.0,0.0,18473,global,0.0
4,2,lr1e-04_bs8_drop0p4_temp2p0_a0p25_b0p05__wd1e-04trmiss0_degmodglobal,8,0.0001,0.0001,0.4,2.0,0.25,0.05,lr1e-04_bs8_drop0p4_temp2p0_a0p25_b0p05__wd1e-04trmiss0_degmodglobal,13,0.6333323972565787,0.7491953372955322,0.31111111111111106,0.575939800939801,0.35714285714285715,0.0,0.5195177112306867,0.5935554930141994,0.09650272184184619,0.31302435057503836,0.0,0.0,0.0,0.0,0.0,18473,global,0.0
4,2,lr1e-04_bs8_drop0p4_temp2p0_a0p25_b0p05__wd1e-04trmiss0_degmodglobal,8,0.0001,0.0001,0.4,2.0,0.25,0.05,lr1e-04_bs8_drop0p4_temp2p0_a0p25_b0p05__wd1e-04trmiss0_degmodglobal,14,0.6231626953397479,0.7469698488712311,0.3333333333333333,0.5865218115218116,0.42857142857142855,0.0,0.5137492758887154,0.5815012327262333,0.10427286263023104,0.31186515731470926,0.0,0.0,0.0,0.0,0.0,18473,global,0.0
4,2,lr1e-04_bs8_drop0p4_temp2p0_a0p25_b0p05__wd1e-04trmiss0_degmodglobal,8,0.0001,0.0001,0.4,2.0,0.25,0.05,lr1e-04_bs8_drop0p4_temp2p0_a0p25_b0p05__wd1e-04trmiss0_degmodglobal,15,0.6289236290114266,0.7442077398300171,0.3555555555555555,0.5964424464424465,0.42857142857142855,0.0,0.503414477620806,0.5866511975015912,0.09963415882417134,0.3472777796643121,0.0,0.0,0.0,0.0,0.0,18473,global,0.0
4,2,lr1e-04_bs8_drop0p4_temp2p0_a0p25_b0p05__wd1e-04trmiss0_degmodglobal,8,0.0001,0.0001,0.4,2.0,0.25,0.05,lr1e-04_bs8_drop0p4_temp2p0_a0p25_b0p05__wd1e-04trmiss0_degmodglobal,16,0.6579024280820575,0.7423720359802246,0.37777777777777777,0.6149609649609651,0.42857142857142855,0.0,0.5023707534585681,0.6213147725377764,0.08441815312419619,0.30966274653162273,0.0,0.0,0.0,0.0,0.0,18473,global,0.0
4,2,lr1e-04_bs8_drop0p4_temp2p0_a0p25_b0p05__wd1e-04trmiss0_degmodglobal,8,0.0001,0.0001,0.4,2.0,0.25,0.05,lr1e-04_bs8_drop0p4_temp2p0_a0p25_b0p05__wd1e-04trmiss0_degmodglobal,17,0.681018420628139,0.742927610874176,0.37777777777777777,0.6149609649609651,0.5,0.0,0.5210895410605839,0.6370194128581456,0.09638468282563346,0.39805652839796885,0.0,0.0,0.0,0.0,0.0,18473,global,0.0
4,2,lr1e-04_bs8_drop0p4_temp2p0_a0p25_b0p05__wd1e-04trmiss0_degmodglobal,8,0.0001,0.0001,0.4,2.0,0.25,0.05,lr1e-04_bs8_drop0p4_temp2p0_a0p25_b0p05__wd1e-04trmiss0_degmodglobal,18,0.6379544990403312,0.7408456206321716,0.3333333333333333,0.597324280657614,0.5,0.0,0.4856368601322174,0.600966853754861,0.08825115008013588,0.2984968636717115,0.0,0.0,0.0,0.0,0.0,18473,global,0.0
4,2,lr1e-04_bs8_drop0p4_temp2p0_a0p25_b0p05__wd1e-04trmiss0_degmodglobal,8,0.0001,0.0001,0.4,2.0,0.25,0.05,lr1e-04_bs8_drop0p4_temp2p0_a0p25_b0p05__wd1e-04trmiss0_degmodglobal,19,0.6584504161562238,0.7398663461208344,0.37777777777777777,0.6217069967069968,0.5,0.0,0.5038991315024239,0.6124874523707798,0.11581154061215264,0.3402016780206135,0.0,0.0,0.0,0.0,0.0,18473,global,0.0
4,2,lr1e-04_bs8_drop0p4_temp2p0_a0p25_b0p05__wd1e-04trmiss0_degmodglobal,8,0.0001,0.0001,0.4,2.0,0.25,0.05,lr1e-04_bs8_drop0p4_temp2p0_a0p25_b0p05__wd1e-04trmiss0_degmodglobal,20,0.6466234922409058,0.7386143207550049,0.3555555555555555,0.5964424464424465,0.5714285714285714,0.0,0.5172603811536517,0.6089385407311576,0.08773040505392211,0.31504678087575094,0.0,0.0,0.0,0.0,0.0,18473,global,0.0
4,2,lr1e-04_bs8_drop0p4_temp2p0_a0p25_b0p05__wd1e-04trmiss0_degmodglobal,8,0.0001,0.0001,0.4,2.0,0.25,0.05,lr1e-04_bs8_drop0p4_temp2p0_a0p25_b0p05__wd1e-04trmiss0_degmodglobal,21,0.6422213230814252,0.7396129071712494,0.3555555555555555,0.5964424464424465,0.5714285714285714,0.0,0.47645396419933866,0.6034995828356061,0.08613067439624242,0.3437812945672444,0.0,0.0,0.0,0.0,0.0,18473,global,0.0
4,2,lr1e-04_bs8_drop0p4_temp2p0_a0p25_b0p05__wd1e-04trmiss0_degmodglobal,8,0.0001,0.0001,0.4,2.0,0.25,0.05,lr1e-04_bs8_drop0p4_temp2p0_a0p25_b0p05__wd1e-04trmiss0_degmodglobal,22,0.6457122394016811,0.7425602078437805,0.3555555555555555,0.5964424464424465,0.5714285714285714,0.0,0.48025965690612793,0.6065072332109723,0.0902847211275782,0.33267652349812643,0.0,0.0,0.0,0.0,0.0,18473,global,0.0
4,2,lr1e-04_bs8_drop0p4_temp2p0_a0p25_b0p05__wd1e-04trmiss0_degmodglobal,8,0.0001,0.0001,0.4,2.0,0.25,0.05,lr1e-04_bs8_drop0p4_temp2p0_a0p25_b0p05__wd1e-04trmiss0_degmodglobal,23,0.5968293377331325,0.7404280304908752,0.37777777777777777,0.6149609649609651,0.5714285714285714,0.0,0.47811358315604074,0.5657232999801636,0.07635913017605032,0.24032493148531234,0.0,0.0,0.0,0.0,0.0,18473,global,0.0
4,2,lr1e-04_bs8_drop0p4_temp2p0_a0p25_b0p05__wd1e-04trmiss0_degmodglobal,8,0.0001,0.0001,0.4,2.0,0.25,0.05,lr1e-04_bs8_drop0p4_temp2p0_a0p25_b0p05__wd1e-04trmiss0_degmodglobal,24,0.6397553426878793,0.7436353266239166,0.3555555555555555,0.5964424464424465,0.5,0.0,0.4712123530251639,0.5844732693263462,0.13798954444272177,0.4156937301158905,0.0,0.0,0.0,0.0,0.0,18473,global,0.0
4,2,lr1e-04_bs8_drop0p4_temp2p0_a0p25_b0p05__wd1e-04trmiss0_degmodglobal,8,0.0001,0.0001,0.4,2.0,0.25,0.05,lr1e-04_bs8_drop0p4_temp2p0_a0p25_b0p05__wd1e-04trmiss0_degmodglobal,25,0.626637305532183,0.7471794784069061,0.3555555555555555,0.5964424464424465,0.5714285714285714,0.0,0.44876727887562345,0.5774440084184919,0.12177759355732373,0.3749776567731585,0.0,0.0,0.0,0.0,0.0,18473,global,0.0
4,2,lr1e-04_bs8_drop0p4_temp2p0_a0p25_b0p05__wd1e-04trmiss0_degmodglobal,8,0.0001,0.0001,0.4,2.0,0.25,0.05,lr1e-04_bs8_drop0p4_temp2p0_a0p25_b0p05__wd1e-04trmiss0_degmodglobal,26,0.6094886064529419,0.7474831938743591,0.3555555555555555,0.5964424464424465,0.5714285714285714,0.0,0.4968934144292559,0.5701750346592495,0.09739923157862254,0.2992753280060632,0.0,0.0,0.0,0.0,0.0,18473,global,0.0
4,2,lr1e-04_bs8_drop0p4_temp2p0_a0p25_b0p05__wd1e-04trmiss0_degmodglobal,8,0.0001,0.0001,0.4,2.0,0.25,0.05,lr1e-04_bs8_drop0p4_temp2p0_a0p25_b0p05__wd1e-04trmiss0_degmodglobal,27,0.6332760027476719,0.7432034015655518,0.3555555555555555,0.5964424464424465,0.5,0.0,0.4743045355592455,0.5888061225414276,0.1075923964381218,0.35143538245132994,0.0,0.0,0.0,0.0,0.0,18473,global,0.0
4,2,lr1e-04_bs8_drop0p4_temp2p0_a0p25_b0p05__wd1e-04trmiss0_degmodglobal,8,0.0001,0.0001,0.4,2.0,0.25,0.05,lr1e-04_bs8_drop0p4_temp2p0_a0p25_b0p05__wd1e-04trmiss0_degmodglobal,28,0.6382597855159214,0.7480764985084534,0.3555555555555555,0.5964424464424465,0.5714285714285714,0.0,0.4972494159426008,0.5953254444258553,0.09663106128573418,0.3755310944148472,0.0,0.0,0.0,0.0,0.0,18473,global,0.0
4,2,lr1e-04_bs8_drop0p4_temp2p0_a0p25_b0p05__wd1e-04trmiss0_degmodglobal,8,0.0001,0.0001,0.4,2.0,0.25,0.05,lr1e-04_bs8_drop0p4_temp2p0_a0p25_b0p05__wd1e-04trmiss0_degmodglobal,29,0.6052110067435673,0.74770787358284,0.3555555555555555,0.5964424464424465,0.5714285714285714,0.0,0.4963504246303013,0.5675743349960872,0.09395421775324005,0.2829622562442507,0.0,0.0,0.0,0.0,0.0,18473,global,0.0
4,2,lr1e-04_bs8_drop0p4_temp2p0_a0p25_b0p05__wd1e-04trmiss0_degmodglobal,8,0.0001,0.0001,0.4,2.0,0.25,0.05,lr1e-04_bs8_drop0p4_temp2p0_a0p25_b0p05__wd1e-04trmiss0_degmodglobal,30,0.6303623999868121,0.7456516027450562,0.3555555555555555,0.5964424464424465,0.5714285714285714,0.0,0.44740082962172373,0.5788589205060687,0.1262333999787058,0.39890233001538683,0.0,0.0,0.0,0.0,0.0,18473,global,0.0
4,2,lr1e-04_bs8_drop0p4_temp2p0_a0p25_b0p05__wd1e-04trmiss0_degmodglobal,8,0.0001,0.0001,0.4,2.0,0.25,0.05,lr1e-04_bs8_drop0p4_temp2p0_a0p25_b0p05__wd1e-04trmiss0_degmodglobal,31,0.6331433994429452,0.7512421011924744,0.3555555555555555,0.5964424464424465,0.5,0.0,0.4898751165185656,0.5937580210821969,0.09515239724091121,0.3119457757898739,0.0,0.0,0.0,0.0,0.0,18473,global,0.0
4,2,lr1e-04_bs8_drop0p4_temp2p0_a0p25_b0p05__wd1e-04trmiss0_degmodglobal,8,0.0001,0.0001,0.4,2.0,0.25,0.05,lr1e-04_bs8_drop0p4_temp2p0_a0p25_b0p05__wd1e-04trmiss0_degmodglobal,32,0.6710825903075082,0.7556342780590057,0.3555555555555555,0.5964424464424465,0.5,0.0,0.47606127176965984,0.6227434618132455,0.11524901964834758,0.3905374450342996,0.0,0.0,0.0,0.0,0.0,18473,global,0.0
4,2,lr1e-04_bs8_drop0p4_temp2p0_a0p25_b0p05__wd1e-04trmiss0_degmodglobal,8,0.0001,0.0001,0.4,2.0,0.25,0.05,lr1e-04_bs8_drop0p4_temp2p0_a0p25_b0p05__wd1e-04trmiss0_degmodglobal,33,0.6225892220224652,0.7562711834907532,0.3555555555555555,0.5964424464424465,0.5,0.0,0.4623018375464848,0.5782306705202375,0.1212192252278328,0.28107523705278126,0.0,0.0,0.0,0.0,0.0,18473,global,0.0
4,2,lr1e-04_bs8_drop0p4_temp2p0_a0p25_b0p05__wd1e-04trmiss0_degmodglobal,8,0.0001,0.0001,0.4,2.0,0.25,0.05,lr1e-04_bs8_drop0p4_temp2p0_a0p25_b0p05__wd1e-04trmiss0_degmodglobal,34,0.6180612444877625,0.7535023093223572,0.3555555555555555,0.5964424464424465,0.5,0.0,0.4083484411239624,0.5602990218571254,0.14156994542905263,0.44739447959831785,0.0,0.0,0.0,0.0,0.0,18473,global,0.0
4,2,lr1e-04_bs8_drop0p4_temp2p0_a0p25_b0p05__wd1e-04trmiss0_degmodglobal,8,0.0001,0.0001,0.4,2.0,0.25,0.05,lr1e-04_bs8_drop0p4_temp2p0_a0p25_b0p05__wd1e-04trmiss0_degmodglobal,35,0.619562600340162,0.7488321959972382,0.3333333333333333,0.5865218115218116,0.42857142857142855,0.0,0.49921900033950806,0.5753008723258972,0.11167769453355245,0.32684616318770815,0.0,0.0,0.0,0.0,0.0,18473,global,0.0
4,2,lr1e-04_bs8_drop0p4_temp2p0_a0p25_b0p05__wd1e-04trmiss0_degmodglobal,8,0.0001,0.0001,0.4,2.0,0.25,0.05,lr1e-04_bs8_drop0p4_temp2p0_a0p25_b0p05__wd1e-04trmiss0_degmodglobal,36,0.6228162050247192,0.747298002243042,0.3333333333333333,0.5865218115218116,0.5,0.0,0.4331201570374625,0.569504805973598,0.12155019598347801,0.4584768669945853,0.0,0.0,0.0,0.0,0.0,18473,global,0.0
4,2,lr1e-04_bs8_drop0p4_temp2p0_a0p25_b0p05__wd1e-04trmiss0_degmodglobal,8,0.0001,0.0001,0.4,2.0,0.25,0.05,lr1e-04_bs8_drop0p4_temp2p0_a0p25_b0p05__wd1e-04trmiss0_degmodglobal,37,0.6180611252784729,0.7492795884609222,0.3555555555555555,0.5964424464424465,0.5714285714285714,0.0,0.4730991465704782,0.571634829044342,0.11005570207323347,0.37824716738292147,0.0,0.0,0.0,0.0,0.0,18473,global,0.0
4,2,lr1e-04_bs8_drop0p4_temp2p0_a0p25_b0p05__wd1e-04trmiss0_degmodglobal,8,0.0001,0.0001,0.4,2.0,0.25,0.05,lr1e-04_bs8_drop0p4_temp2p0_a0p25_b0p05__wd1e-04trmiss0_degmodglobal,38,0.5993329542023795,0.7500534057617188,0.3555555555555555,0.5964424464424465,0.5714285714285714,0.0,0.44730075768062044,0.5601832440921238,0.09880030953458377,0.28899309039115906,0.0,0.0,0.0,0.0,0.0,18473,global,0.0
4,2,lr1e-04_bs8_drop0p4_temp2p0_a0p25_b0p05__wd1e-04trmiss0_degmodglobal,8,0.0001,0.0001,0.4,2.0,0.25,0.05,lr1e-04_bs8_drop0p4_temp2p0_a0p25_b0p05__wd1e-04trmiss0_degmodglobal,39,0.634572970015662,0.7522215247154236,0.3555555555555555,0.5964424464424465,0.5,0.0,0.4411223403045109,0.5785082365785327,0.13545140464391028,0.4440376471195902,0.0,0.0,0.0,0.0,0.0,18473,global,0.0
4,2,lr5e-05_bs8_drop0p2_temp1p0_a0p25_b0p05__wd1e-04trmiss0_degmodglobal,8,5e-05,0.0001,0.2,1.0,0.25,0.05,lr5e-05_bs8_drop0p2_temp1p0_a0p25_b0p05__wd1e-04trmiss0_degmodglobal,1,0.688284056527274,0.6828936040401459,0.4888888888888889,0.7301485551485551,0.5,0.0,0.7143281017030988,0.6721624902316502,0.044410018516438346,0.10038108857614654,0.0,0.0,0.0,0.0,0.0,18473,global,0.0
4,2,lr5e-05_bs8_drop0p2_temp1p0_a0p25_b0p05__wd1e-04trmiss0_degmodglobal,8,5e-05,0.0001,0.2,1.0,0.25,0.05,lr5e-05_bs8_drop0p2_temp1p0_a0p25_b0p05__wd1e-04trmiss0_degmodglobal,2,0.6607872247695923,0.6804488003253937,0.4888888888888888,0.7114376364376365,0.5,0.0,0.670702338218689,0.6453712582588196,0.04496841771262033,0.08347708891545023,0.0,0.0,0.0,0.0,0.0,18473,global,0.0
4,2,lr5e-05_bs8_drop0p2_temp1p0_a0p25_b0p05__wd1e-04trmiss0_degmodglobal,8,5e-05,0.0001,0.2,1.0,0.25,0.05,lr5e-05_bs8_drop0p2_temp1p0_a0p25_b0p05__wd1e-04trmiss0_degmodglobal,3,0.6610032490321568,0.6812475919723511,0.4666666666666667,0.6917388167388168,0.5,0.0,0.657065919467381,0.645930962903159,0.04600241168269089,0.07143360935151577,0.0,0.0,0.0,0.0,0.0,18473,global,0.0
4,2,lr5e-05_bs8_drop0p2_temp1p0_a0p25_b0p05__wd1e-04trmiss0_degmodglobal,8,5e-05,0.0001,0.2,1.0,0.25,0.05,lr5e-05_bs8_drop0p2_temp1p0_a0p25_b0p05__wd1e-04trmiss0_degmodglobal,4,0.6240166510854449,0.6667996644973755,0.5555555555555556,0.7173992673992673,0.5714285714285714,0.0,0.6404013207980565,0.6104776263237,0.041995100144829066,0.06080494714634759,0.0,0.0,0.0,0.0,0.0,18473,global,0.0
4,2,lr5e-05_bs8_drop0p2_temp1p0_a0p25_b0p05__wd1e-04trmiss0_degmodglobal,8,5e-05,0.0001,0.2,1.0,0.25,0.05,lr5e-05_bs8_drop0p2_temp1p0_a0p25_b0p05__wd1e-04trmiss0_degmodglobal,5,0.6264318994113377,0.6613142788410187,0.6,0.7407999407999408,0.5714285714285714,0.0,0.6401095901216779,0.6143451673643929,0.03854065814188549,0.04903110582381487,0.0,0.0,0.0,0.0,0.0,18473,global,0.0
4,2,lr5e-05_bs8_drop0p2_temp1p0_a0p25_b0p05__wd1e-04trmiss0_degmodglobal,8,5e-05,0.0001,0.2,1.0,0.25,0.05,lr5e-05_bs8_drop0p2_temp1p0_a0p25_b0p05__wd1e-04trmiss0_degmodglobal,6,0.62307379926954,0.6635067462921143,0.6,0.7407999407999408,0.6428571428571429,0.0,0.6250202400343758,0.6115631290844509,0.03532668921564307,0.053579959752304215,0.0,0.0,0.0,0.0,0.0,18473,global,0.0
4,2,lr5e-05_bs8_drop0p2_temp1p0_a0p25_b0p05__wd1e-04trmiss0_degmodglobal,8,5e-05,0.0001,0.2,1.0,0.25,0.05,lr5e-05_bs8_drop0p2_temp1p0_a0p25_b0p05__wd1e-04trmiss0_degmodglobal,7,0.6316356148038592,0.6693554222583771,0.5333333333333333,0.7103285603285603,0.5714285714285714,0.0,0.6278474586350578,0.6173763445445469,0.040826632508209774,0.08105223732335227,0.0,0.0,0.0,0.0,0.0,18473,global,0.0
4,2,lr5e-05_bs8_drop0p2_temp1p0_a0p25_b0p05__wd1e-04trmiss0_degmodglobal,8,5e-05,0.0001,0.2,1.0,0.25,0.05,lr5e-05_bs8_drop0p2_temp1p0_a0p25_b0p05__wd1e-04trmiss0_degmodglobal,8,0.6115153091294425,0.6774033606052399,0.4888888888888888,0.6955747955747955,0.5,0.0,0.6076984916414533,0.5985660638128009,0.03683782368898392,0.07479546857731682,0.0,0.0,0.0,0.0,0.0,18473,global,0.0
4,2,lr5e-05_bs8_drop0p2_temp1p0_a0p25_b0p05__wd1e-04trmiss0_degmodglobal,8,5e-05,0.0001,0.2,1.0,0.25,0.05,lr5e-05_bs8_drop0p2_temp1p0_a0p25_b0p05__wd1e-04trmiss0_degmodglobal,9,0.597015244620187,0.6805185675621033,0.4666666666666666,0.6881673881673882,0.5,0.0,0.5857222080230713,0.5846237199647086,0.0362793787249497,0.06643353189740862,0.0,0.0,0.0,0.0,0.0,18473,global,0.0
4,2,lr5e-05_bs8_drop0p2_temp1p0_a0p25_b0p05__wd1e-04trmiss0_degmodglobal,8,5e-05,0.0001,0.2,1.0,0.25,0.05,lr5e-05_bs8_drop0p2_temp1p0_a0p25_b0p05__wd1e-04trmiss0_degmodglobal,10,0.5863901121275765,0.6820537447929382,0.4888888888888889,0.7048340548340548,0.5,0.0,0.594986515385764,0.5723421147891453,0.03921007923781872,0.08490948698350362,0.0,0.0,0.0,0.0,0.0,18473,global,0.0
4,2,lr5e-05_bs8_drop0p2_temp1p0_a0p25_b0p05__wd1e-04trmiss0_degmodglobal,8,5e-05,0.0001,0.2,1.0,0.25,0.05,lr5e-05_bs8_drop0p2_temp1p0_a0p25_b0p05__wd1e-04trmiss0_degmodglobal,11,0.58346141236169,0.6789945662021637,0.5333333333333333,0.7020282186948854,0.6428571428571429,0.0,0.5787981578281948,0.5730924010276794,0.03289300362978663,0.042915256427867074,0.0,0.0,0.0,0.0,0.0,18473,global,0.0
4,2,lr5e-05_bs8_drop0p2_temp1p0_a0p25_b0p05__wd1e-04trmiss0_degmodglobal,8,5e-05,0.0001,0.2,1.0,0.25,0.05,lr5e-05_bs8_drop0p2_temp1p0_a0p25_b0p05__wd1e-04trmiss0_degmodglobal,12,0.5880371757916042,0.6772768497467041,0.5111111111111111,0.7062067562067562,0.6428571428571429,0.0,0.5789385437965393,0.5729508570262364,0.04311281921608107,0.08616231488330024,0.0,0.0,0.0,0.0,0.0,18473,global,0.0
4,2,lr5e-05_bs8_drop0p2_temp1p0_a0p25_b0p05__wd1e-04trmiss0_degmodglobal,8,5e-05,0.0001,0.2,1.0,0.25,0.05,lr5e-05_bs8_drop0p2_temp1p0_a0p25_b0p05__wd1e-04trmiss0_degmodglobal,13,0.5941616722515651,0.6777171492576599,0.5111111111111111,0.7062067562067562,0.6428571428571429,0.0,0.5695914200374058,0.5756598370415824,0.05068634237561907,0.11660504447562355,0.0,0.0,0.0,0.0,0.0,18473,global,0.0
4,2,lr5e-05_bs8_drop0p2_temp1p0_a0p25_b0p05__wd1e-04trmiss0_degmodglobal,8,5e-05,0.0001,0.2,1.0,0.25,0.05,lr5e-05_bs8_drop0p2_temp1p0_a0p25_b0p05__wd1e-04trmiss0_degmodglobal,14,0.5676796095711845,0.6862783133983612,0.4888888888888889,0.6876882376882376,0.5714285714285714,0.0,0.5813303164073399,0.548585866178785,0.05184254742094448,0.12266216214214053,0.0,0.0,0.0,0.0,0.0,18473,global,0.0
4,2,lr5e-05_bs8_drop0p2_temp1p0_a0p25_b0p05__wd1e-04trmiss0_degmodglobal,8,5e-05,0.0001,0.2,1.0,0.25,0.05,lr5e-05_bs8_drop0p2_temp1p0_a0p25_b0p05__wd1e-04trmiss0_degmodglobal,15,0.5628486701420375,0.6857519149780273,0.37777777777777777,0.6397445147445147,0.5714285714285714,0.0,0.5691990511757987,0.5467604569026402,0.04913666046091488,0.07608083156602723,0.0,0.0,0.0,0.0,0.0,18473,global,0.0
4,2,lr5e-05_bs8_drop0p2_temp1p0_a0p25_b0p05__wd1e-04trmiss0_degmodglobal,8,5e-05,0.0001,0.2,1.0,0.25,0.05,lr5e-05_bs8_drop0p2_temp1p0_a0p25_b0p05__wd1e-04trmiss0_degmodglobal,16,0.579069699559893,0.6916487812995911,0.39999999999999997,0.6582630332630333,0.5714285714285714,0.0,0.5777436750275748,0.5638406532151359,0.044941601742591174,0.07987286310110774,0.0,0.0,0.0,0.0,0.0,18473,global,0.0
4,2,lr5e-05_bs8_drop0p2_temp1p0_a0p25_b0p05__wd1e-04trmiss0_degmodglobal,8,5e-05,0.0001,0.2,1.0,0.25,0.05,lr5e-05_bs8_drop0p2_temp1p0_a0p25_b0p05__wd1e-04trmiss0_degmodglobal,17,0.5911591138158526,0.6917736828327179,0.3555555555555555,0.6286334036334036,0.5714285714285714,0.0,0.5863358378410339,0.5768459524427142,0.041875046278749196,0.07688782098037857,0.0,0.0,0.0,0.0,0.0,18473,global,0.0
4,2,lr5e-05_bs8_drop0p2_temp1p0_a0p25_b0p05__wd1e-04trmiss0_degmodglobal,8,5e-05,0.0001,0.2,1.0,0.25,0.05,lr5e-05_bs8_drop0p2_temp1p0_a0p25_b0p05__wd1e-04trmiss0_degmodglobal,18,0.5660573158945356,0.6900027692317963,0.42222222222222217,0.6693741443741443,0.5714285714285714,0.0,0.5591421978814262,0.5481345100062234,0.05111340459968362,0.10288858387087073,0.0,0.0,0.0,0.0,0.0,18473,global,0.0
4,2,lr5e-05_bs8_drop0p2_temp1p0_a0p25_b0p05__wd1e-04trmiss0_degmodglobal,8,5e-05,0.0001,0.2,1.0,0.25,0.05,lr5e-05_bs8_drop0p2_temp1p0_a0p25_b0p05__wd1e-04trmiss0_degmodglobal,19,0.557433715888432,0.6900324523448944,0.5333333333333333,0.7228734228734228,0.5714285714285714,0.0,0.5530281152044024,0.5402467208249229,0.04932636661188943,0.0971082326556955,0.0,0.0,0.0,0.0,0.0,18473,global,0.0
4,2,lr5e-05_bs8_drop0p2_temp1p0_a0p25_b0p05__wd1e-04trmiss0_degmodglobal,8,5e-05,0.0001,0.2,1.0,0.25,0.05,lr5e-05_bs8_drop0p2_temp1p0_a0p25_b0p05__wd1e-04trmiss0_degmodglobal,20,0.5826718551771981,0.6907772421836853,0.5111111111111111,0.7136141636141637,0.6428571428571429,0.0,0.5603871856416974,0.5633943676948547,0.0535167253443173,0.11796613250459943,0.0,0.0,0.0,0.0,0.0,18473,global,0.0
4,2,lr5e-05_bs8_drop0p2_temp1p0_a0p25_b0p05__wd1e-04trmiss0_degmodglobal,8,5e-05,0.0001,0.2,1.0,0.25,0.05,lr5e-05_bs8_drop0p2_temp1p0_a0p25_b0p05__wd1e-04trmiss0_degmodglobal,21,0.5643923538071769,0.6919999718666077,0.5111111111111111,0.7136141636141637,0.5714285714285714,0.0,0.5587272729192462,0.5451488026550838,0.05005408131650516,0.13460081443190575,0.0,0.0,0.0,0.0,0.0,18473,global,0.0
4,2,lr5e-05_bs8_drop0p2_temp1p0_a0p25_b0p05__wd1e-04trmiss0_degmodglobal,8,5e-05,0.0001,0.2,1.0,0.25,0.05,lr5e-05_bs8_drop0p2_temp1p0_a0p25_b0p05__wd1e-04trmiss0_degmodglobal,22,0.5488987905638558,0.6935448050498962,0.4888888888888889,0.7036935286935286,0.5714285714285714,0.0,0.5457503880773272,0.5330626623971122,0.04480375296303204,0.0927037527518613,0.0,0.0,0.0,0.0,0.0,18473,global,0.0
4,2,lr5e-05_bs8_drop0p2_temp1p0_a0p25_b0p05__wd1e-04trmiss0_degmodglobal,8,5e-05,0.0001,0.2,1.0,0.25,0.05,lr5e-05_bs8_drop0p2_temp1p0_a0p25_b0p05__wd1e-04trmiss0_degmodglobal,23,0.5547494718006679,0.6925581991672516,0.4444444444444444,0.679956154956155,0.5714285714285714,0.0,0.5469787163393838,0.5389466030257088,0.0454963780939579,0.08857559572373118,0.0,0.0,0.0,0.0,0.0,18473,global,0.0
4,2,lr5e-05_bs8_drop0p2_temp1p0_a0p25_b0p05__wd1e-04trmiss0_degmodglobal,8,5e-05,0.0001,0.2,1.0,0.25,0.05,lr5e-05_bs8_drop0p2_temp1p0_a0p25_b0p05__wd1e-04trmiss0_degmodglobal,24,0.5873574018478394,0.6958920359611511,0.4666666666666667,0.6898767898767899,0.5714285714285714,0.0,0.5470161097390311,0.5697329470089504,0.05439373105764389,0.08052022169743266,0.0,0.0,0.0,0.0,0.0,18473,global,0.0
4,2,lr5e-05_bs8_drop0p2_temp1p0_a0p25_b0p05__wd1e-04trmiss0_degmodglobal,8,5e-05,0.0001,0.2,1.0,0.25,0.05,lr5e-05_bs8_drop0p2_temp1p0_a0p25_b0p05__wd1e-04trmiss0_degmodglobal,25,0.5596343789781842,0.6935054659843445,0.4444444444444444,0.6713582713582713,0.5714285714285714,0.0,0.5497459598949977,0.5406113181795392,0.0549318330096347,0.10580207700175899,0.0,0.0,0.0,0.0,0.0,18473,global,0.0
4,2,lr5e-05_bs8_drop0p2_temp2p0_a0p25_b0p05__wd1e-04trmiss0_degmodglobal,8,5e-05,0.0001,0.2,2.0,0.25,0.05,lr5e-05_bs8_drop0p2_temp2p0_a0p25_b0p05__wd1e-04trmiss0_degmodglobal,1,0.705741993018559,0.6655983328819275,0.6,0.7583213083213085,0.7142857142857143,0.0,0.7111520596912929,0.6898993253707886,0.040994669177702496,0.11187976918050221,0.0,0.0,0.0,0.0,0.0,18473,global,0.0
4,2,lr5e-05_bs8_drop0p2_temp2p0_a0p25_b0p05__wd1e-04trmiss0_degmodglobal,8,5e-05,0.0001,0.2,2.0,0.25,0.05,lr5e-05_bs8_drop0p2_temp2p0_a0p25_b0p05__wd1e-04trmiss0_degmodglobal,2,0.647593012877873,0.6595687866210938,0.5555555555555556,0.7378186628186629,0.7142857142857143,0.0,0.6779693194798061,0.6304118122373309,0.044360096965517314,0.12182331191641944,0.0,0.0,0.0,0.0,0.0,18473,global,0.0
4,2,lr5e-05_bs8_drop0p2_temp2p0_a0p25_b0p05__wd1e-04trmiss0_degmodglobal,8,5e-05,0.0001,0.2,2.0,0.25,0.05,lr5e-05_bs8_drop0p2_temp2p0_a0p25_b0p05__wd1e-04trmiss0_degmodglobal,3,0.6445346134049552,0.6507636904716492,0.6,0.7583213083213085,0.6428571428571429,0.0,0.662399981703077,0.6320308106286185,0.03055836819112301,0.0972844697535038,0.0,0.0,0.0,0.0,0.0,18473,global,0.0
4,2,lr5e-05_bs8_drop0p2_temp2p0_a0p25_b0p05__wd1e-04trmiss0_degmodglobal,8,5e-05,0.0001,0.2,2.0,0.25,0.05,lr5e-05_bs8_drop0p2_temp2p0_a0p25_b0p05__wd1e-04trmiss0_degmodglobal,4,0.6376678688185555,0.6494231224060059,0.5111111111111111,0.6896705146705147,0.6428571428571429,0.0,0.6451712591307504,0.62239956004279,0.040633488446474075,0.10219900789005416,0.0,0.0,0.0,0.0,0.0,18473,global,0.0
4,2,lr5e-05_bs8_drop0p2_temp2p0_a0p25_b0p05__wd1e-04trmiss0_degmodglobal,8,5e-05,0.0001,0.2,2.0,0.25,0.05,lr5e-05_bs8_drop0p2_temp2p0_a0p25_b0p05__wd1e-04trmiss0_degmodglobal,5,0.6379862768309457,0.6510685384273529,0.4666666666666667,0.6765262515262516,0.6428571428571429,0.0,0.6228723781449454,0.6238583496638707,0.03588568805051701,0.10312999851469483,0.0,0.0,0.0,0.0,0.0,18473,global,0.0
4,2,lr5e-05_bs8_drop0p2_temp2p0_a0p25_b0p05__wd1e-04trmiss0_degmodglobal,8,5e-05,0.0001,0.2,2.0,0.25,0.05,lr5e-05_bs8_drop0p2_temp2p0_a0p25_b0p05__wd1e-04trmiss0_degmodglobal,6,0.6126350334712437,0.6532953977584839,0.4444444444444444,0.658007733007733,0.6428571428571429,0.0,0.6303659081459045,0.5981363483837673,0.039699186970080645,0.09147782144801957,0.0,0.0,0.0,0.0,0.0,18473,global,0.0
4,2,lr5e-05_bs8_drop0p2_temp2p0_a0p25_b0p05__wd1e-04trmiss0_degmodglobal,8,5e-05,0.0001,0.2,2.0,0.25,0.05,lr5e-05_bs8_drop0p2_temp2p0_a0p25_b0p05__wd1e-04trmiss0_degmodglobal,7,0.616445277418409,0.6488520503044128,0.4888888888888889,0.7176036926036926,0.7142857142857143,0.0,0.5979193278721401,0.6007244331496102,0.04172552829342229,0.10578886366316251,0.0,0.0,0.0,0.0,0.0,18473,global,0.0
4,2,lr5e-05_bs8_drop0p2_temp2p0_a0p25_b0p05__wd1e-04trmiss0_degmodglobal,8,5e-05,0.0001,0.2,2.0,0.25,0.05,lr5e-05_bs8_drop0p2_temp2p0_a0p25_b0p05__wd1e-04trmiss0_degmodglobal,8,0.587637220110212,0.6504808068275452,0.5333333333333333,0.7226301476301475,0.7142857142857143,0.0,0.6243368216923305,0.5738747630800519,0.03598353240106787,0.0953315155846732,0.0,0.0,0.0,0.0,0.0,18473,global,0.0
4,2,lr5e-05_bs8_drop0p2_temp2p0_a0p25_b0p05__wd1e-04trmiss0_degmodglobal,8,5e-05,0.0001,0.2,2.0,0.25,0.05,lr5e-05_bs8_drop0p2_temp2p0_a0p25_b0p05__wd1e-04trmiss0_degmodglobal,9,0.6032406602587018,0.658693253993988,0.4666666666666666,0.6726301476301477,0.6428571428571429,0.0,0.6018304186207908,0.5885480897767204,0.035831249585109096,0.11469526695353645,0.0,0.0,0.0,0.0,0.0,18473,global,0.0
4,2,lr5e-05_bs8_drop0p2_temp2p0_a0p25_b0p05__wd1e-04trmiss0_degmodglobal,8,5e-05,0.0001,0.2,2.0,0.25,0.05,lr5e-05_bs8_drop0p2_temp2p0_a0p25_b0p05__wd1e-04trmiss0_degmodglobal,10,0.5853124346051898,0.6610110104084015,0.5111111111111111,0.6896214896214896,0.6428571428571429,0.0,0.6014116661889213,0.5689140813691276,0.04227934564862933,0.11657075530716351,0.0,0.0,0.0,0.0,0.0,18473,global,0.0
4,2,lr5e-05_bs8_drop0p2_temp2p0_a0p25_b0p05__wd1e-04trmiss0_degmodglobal,8,5e-05,0.0001,0.2,2.0,0.25,0.05,lr5e-05_bs8_drop0p2_temp2p0_a0p25_b0p05__wd1e-04trmiss0_degmodglobal,11,0.5640501635415214,0.6592594385147095,0.5111111111111111,0.6896214896214896,0.7142857142857143,0.0,0.5939343741961888,0.5467376708984375,0.04337796701916626,0.12935969127076014,0.0,0.0,0.0,0.0,0.0,18473,global,0.0
4,2,lr5e-05_bs8_drop0p2_temp2p0_a0p25_b0p05__wd1e-04trmiss0_degmodglobal,8,5e-05,0.0001,0.2,2.0,0.25,0.05,lr5e-05_bs8_drop0p2_temp2p0_a0p25_b0p05__wd1e-04trmiss0_degmodglobal,12,0.5639822823660714,0.6451841592788696,0.7111111111111111,0.8724978724978727,0.7142857142857143,0.0,0.5692225481782641,0.5485763507229942,0.04326885353241648,0.09177397031869207,0.0,0.0,0.0,0.0,0.0,18473,global,0.0
4,2,lr5e-05_bs8_drop0p2_temp2p0_a0p25_b0p05__wd1e-04trmiss0_degmodglobal,8,5e-05,0.0001,0.2,2.0,0.25,0.05,lr5e-05_bs8_drop0p2_temp2p0_a0p25_b0p05__wd1e-04trmiss0_degmodglobal,13,0.5964299780981881,0.6557470262050629,0.4888888888888888,0.6955747955747955,0.5714285714285714,0.0,0.5588271788188389,0.5803116645131793,0.03862014625753675,0.1292656505746501,0.0,0.0,0.0,0.0,0.0,18473,global,0.0
4,2,lr5e-05_bs8_drop0p2_temp2p0_a0p25_b0p05__wd1e-04trmiss0_degmodglobal,8,5e-05,0.0001,0.2,2.0,0.25,0.05,lr5e-05_bs8_drop0p2_temp2p0_a0p25_b0p05__wd1e-04trmiss0_degmodglobal,14,0.5677381541047778,0.6554001569747925,0.5111111111111111,0.7326118326118327,0.5714285714285714,0.0,0.5482401336942401,0.5512039150510516,0.043591929865734916,0.11272474910531725,0.0,0.0,0.0,0.0,0.0,18473,global,0.0
4,2,lr5e-05_bs8_drop0p2_temp2p0_a0p25_b0p05__wd1e-04trmiss0_degmodglobal,8,5e-05,0.0001,0.2,2.0,0.25,0.05,lr5e-05_bs8_drop0p2_temp2p0_a0p25_b0p05__wd1e-04trmiss0_degmodglobal,15,0.5530588030815125,0.6519656777381897,0.5111111111111111,0.7361730861730862,0.5714285714285714,0.0,0.5414590494973319,0.534750589302608,0.047815924776451926,0.1270847192832402,0.0,0.0,0.0,0.0,0.0,18473,global,0.0
4,2,lr5e-05_bs8_drop0p2_temp2p0_a0p25_b0p05__wd1e-04trmiss0_degmodglobal,8,5e-05,0.0001,0.2,2.0,0.25,0.05,lr5e-05_bs8_drop0p2_temp2p0_a0p25_b0p05__wd1e-04trmiss0_degmodglobal,16,0.5715562786374774,0.6590465605258942,0.4444444444444444,0.6713582713582713,0.5714285714285714,0.0,0.5404108251844134,0.5429334895951408,0.07977271159844739,0.17359213956764766,0.0,0.0,0.0,0.0,0.0,18473,global,0.0
4,2,lr5e-05_bs8_drop0p2_temp2p0_a0p25_b0p05__wd1e-04trmiss0_degmodglobal,8,5e-05,0.0001,0.2,2.0,0.25,0.05,lr5e-05_bs8_drop0p2_temp2p0_a0p25_b0p05__wd1e-04trmiss0_degmodglobal,17,0.5414345179285321,0.6596797108650208,0.4666666666666667,0.6898767898767899,0.5714285714285714,0.0,0.5390475009168897,0.5194370661463056,0.06191965777959142,0.13035085371562413,0.0,0.0,0.0,0.0,0.0,18473,global,0.0
4,2,lr5e-05_bs8_drop0p2_temp2p0_a0p25_b0p05__wd1e-04trmiss0_degmodglobal,8,5e-05,0.0001,0.2,2.0,0.25,0.05,lr5e-05_bs8_drop0p2_temp2p0_a0p25_b0p05__wd1e-04trmiss0_degmodglobal,18,0.5355270036629268,0.6505746841430664,0.6444444444444445,0.842786842786843,0.5714285714285714,0.0,0.5349990214620318,0.5135988976274218,0.05678184649774006,0.15465332993439265,0.0,0.0,0.0,0.0,0.0,18473,global,0.0
4,2,lr5e-05_bs8_drop0p2_temp2p0_a0p25_b0p05__wd1e-04trmiss0_degmodglobal,8,5e-05,0.0001,0.2,2.0,0.25,0.05,lr5e-05_bs8_drop0p2_temp2p0_a0p25_b0p05__wd1e-04trmiss0_degmodglobal,19,0.5651817066328866,0.6522048115730286,0.6222222222222222,0.8401413401413402,0.5714285714285714,0.0,0.5598629244736263,0.5427726762635368,0.06243611606104033,0.13599993767482893,0.0,0.0,0.0,0.0,0.0,18473,global,0.0
4,2,lr5e-05_bs8_drop0p2_temp2p0_a0p25_b0p05__wd1e-04trmiss0_degmodglobal,8,5e-05,0.0001,0.2,2.0,0.25,0.05,lr5e-05_bs8_drop0p2_temp2p0_a0p25_b0p05__wd1e-04trmiss0_degmodglobal,20,0.5231417460100991,0.6542981266975403,0.6,0.8176545676545677,0.5714285714285714,0.0,0.5321615168026516,0.5086836389132908,0.03785947869930949,0.09986459250961031,0.0,0.0,0.0,0.0,0.0,18473,global,0.0
4,2,lr5e-05_bs8_drop0p2_temp2p0_a0p25_b0p05__wd1e-04trmiss0_degmodglobal,8,5e-05,0.0001,0.2,2.0,0.25,0.05,lr5e-05_bs8_drop0p2_temp2p0_a0p25_b0p05__wd1e-04trmiss0_degmodglobal,21,0.5313315136092049,0.6598886251449585,0.5555555555555556,0.7984746734746735,0.5714285714285714,0.0,0.5256951195853097,0.5109273748738425,0.05564861957515989,0.1298394724726677,0.0,0.0,0.0,0.0,0.0,18473,global,0.0
4,2,lr5e-05_bs8_drop0p2_temp2p0_a0p25_b0p05__wd1e-04trmiss0_degmodglobal,8,5e-05,0.0001,0.2,2.0,0.25,0.05,lr5e-05_bs8_drop0p2_temp2p0_a0p25_b0p05__wd1e-04trmiss0_degmodglobal,22,0.5348096234457833,0.6628945171833038,0.5555555555555556,0.7984746734746735,0.5714285714285714,0.0,0.5144039520195552,0.5163792754922595,0.05081971841199057,0.11450799448149544,0.0,0.0,0.0,0.0,0.0,18473,global,0.0
4,2,lr5e-05_bs8_drop0p2_temp2p0_a0p25_b0p05__wd1e-04trmiss0_degmodglobal,8,5e-05,0.0001,0.2,2.0,0.25,0.05,lr5e-05_bs8_drop0p2_temp2p0_a0p25_b0p05__wd1e-04trmiss0_degmodglobal,23,0.5364818232400077,0.6594370603561401,0.5333333333333333,0.7583953083953086,0.5714285714285714,0.0,0.5154052121298653,0.5181336232594081,0.04944241153342383,0.1197519845196179,0.0,0.0,0.0,0.0,0.0,18473,global,0.0
4,2,lr5e-05_bs8_drop0p2_temp2p0_a0p25_b0p05__wd1e-04trmiss0_degmodglobal,8,5e-05,0.0001,0.2,2.0,0.25,0.05,lr5e-05_bs8_drop0p2_temp2p0_a0p25_b0p05__wd1e-04trmiss0_degmodglobal,24,0.5259207316807338,0.6602982878684998,0.5555555555555556,0.7363155363155363,0.5714285714285714,0.0,0.4964526423386165,0.5033280806882041,0.06333937549165317,0.13515624084642955,0.0,0.0,0.0,0.0,0.0,18473,global,0.0
4,2,lr5e-05_bs8_drop0p2_temp2p0_a0p25_b0p05__wd1e-04trmiss0_degmodglobal,8,5e-05,0.0001,0.2,2.0,0.25,0.05,lr5e-05_bs8_drop0p2_temp2p0_a0p25_b0p05__wd1e-04trmiss0_degmodglobal,25,0.5177425018378666,0.6616155803203583,0.5333333333333333,0.7270562770562772,0.5714285714285714,0.0,0.4952091659818377,0.4947226047515869,0.06436060581888471,0.13859459065965243,0.0,0.0,0.0,0.0,0.0,18473,global,0.0
4,2,lr5e-05_bs8_drop0p2_temp2p0_a0p25_b0p05__wd1e-04trmiss0_degmodglobal,8,5e-05,0.0001,0.2,2.0,0.25,0.05,lr5e-05_bs8_drop0p2_temp2p0_a0p25_b0p05__wd1e-04trmiss0_degmodglobal,26,0.553083632673536,0.663705438375473,0.5333333333333333,0.7270562770562772,0.5714285714285714,0.0,0.5211561833109174,0.5268191482339587,0.0699276008776256,0.17565183980124338,0.0,0.0,0.0,0.0,0.0,18473,global,0.0
4,2,lr5e-05_bs8_drop0p2_temp2p0_a0p25_b0p05__wd1e-04trmiss0_degmodglobal,8,5e-05,0.0001,0.2,2.0,0.25,0.05,lr5e-05_bs8_drop0p2_temp2p0_a0p25_b0p05__wd1e-04trmiss0_degmodglobal,27,0.5253788232803345,0.6625807583332062,0.5111111111111111,0.7196488696488696,0.5714285714285714,0.0,0.5174004648412976,0.5097239698682513,0.04416511873049395,0.09227141365408897,0.0,0.0,0.0,0.0,0.0,18473,global,0.0
4,2,lr5e-05_bs8_drop0p2_temp2p0_a0p25_b0p05__wd1e-04trmiss0_degmodglobal,8,5e-05,0.0001,0.2,2.0,0.25,0.05,lr5e-05_bs8_drop0p2_temp2p0_a0p25_b0p05__wd1e-04trmiss0_degmodglobal,28,0.49506382431302753,0.6613903939723969,0.5111111111111111,0.7213582713582714,0.5714285714285714,0.0,0.5005676661218915,0.48006110957690645,0.042215660746608465,0.0889760319675718,0.0,0.0,0.0,0.0,0.0,18473,global,0.0
4,2,lr5e-05_bs8_drop0p2_temp2p0_a0p25_b0p05__wd1e-04trmiss0_degmodglobal,8,5e-05,0.0001,0.2,2.0,0.25,0.05,lr5e-05_bs8_drop0p2_temp2p0_a0p25_b0p05__wd1e-04trmiss0_degmodglobal,29,0.5560438718114581,0.6582189500331879,0.5333333333333333,0.7270562770562772,0.5714285714285714,0.0,0.5221391831125531,0.5258512794971466,0.07849267763750893,0.2113884368113109,0.0,0.0,0.0,0.0,0.0,18473,global,0.0
4,2,lr5e-05_bs8_drop0p2_temp2p0_a0p25_b0p05__wd1e-04trmiss0_degmodglobal,8,5e-05,0.0001,0.2,2.0,0.25,0.05,lr5e-05_bs8_drop0p2_temp2p0_a0p25_b0p05__wd1e-04trmiss0_degmodglobal,30,0.5384755986077445,0.6557455658912659,0.6,0.8050986050986053,0.5714285714285714,0.0,0.5088412250791278,0.5133041526590075,0.06749113862003599,0.16597286824669158,0.0,0.0,0.0,0.0,0.0,18473,global,0.0
4,2,lr5e-05_bs8_drop0p2_temp2p0_a0p25_b0p05__wd1e-04trmiss0_degmodglobal,8,5e-05,0.0001,0.2,2.0,0.25,0.05,lr5e-05_bs8_drop0p2_temp2p0_a0p25_b0p05__wd1e-04trmiss0_degmodglobal,31,0.5334325390202659,0.6630287170410156,0.5555555555555556,0.7402837902837904,0.5,0.0,0.5046857936041695,0.5124500266143254,0.05571795574256352,0.14106058648654393,0.0,0.0,0.0,0.0,0.0,18473,global,0.0
4,2,lr5e-05_bs8_drop0p2_temp2p0_a0p25_b0p05__wd1e-04trmiss0_degmodglobal,8,5e-05,0.0001,0.2,2.0,0.25,0.05,lr5e-05_bs8_drop0p2_temp2p0_a0p25_b0p05__wd1e-04trmiss0_degmodglobal,32,0.4945772247655051,0.6677568554878235,0.5333333333333333,0.7328763828763829,0.5714285714285714,0.0,0.5009082513196128,0.47641090410096304,0.055778268192495616,0.08443496110183853,0.0,0.0,0.0,0.0,0.0,18473,global,0.0
4,2,lr5e-05_bs8_drop0p4_temp1p0_a0p25_b0p05__wd1e-04trmiss0_degmodglobal,8,5e-05,0.0001,0.4,1.0,0.25,0.05,lr5e-05_bs8_drop0p4_temp1p0_a0p25_b0p05__wd1e-04trmiss0_degmodglobal,1,0.7887834140232631,0.7116742432117462,0.4444444444444444,0.6222101972101972,0.35714285714285715,0.0,0.6895098345620292,0.7519702911376953,0.09387340236987386,0.26689569119896206,0.0,0.0,0.0,0.0,0.0,18473,global,0.0
4,2,lr5e-05_bs8_drop0p4_temp1p0_a0p25_b0p05__wd1e-04trmiss0_degmodglobal,8,5e-05,0.0001,0.4,1.0,0.25,0.05,lr5e-05_bs8_drop0p4_temp1p0_a0p25_b0p05__wd1e-04trmiss0_degmodglobal,2,0.7193617224693298,0.7078100740909576,0.5777777777777777,0.7010582010582012,0.42857142857142855,0.0,0.6810585175241742,0.6888431651251656,0.08392699861100741,0.19073601705687387,0.0,0.0,0.0,0.0,0.0,18473,global,0.0
4,2,lr5e-05_bs8_drop0p4_temp1p0_a0p25_b0p05__wd1e-04trmiss0_degmodglobal,8,5e-05,0.0001,0.4,1.0,0.25,0.05,lr5e-05_bs8_drop0p4_temp1p0_a0p25_b0p05__wd1e-04trmiss0_degmodglobal,3,0.6793789608137948,0.7074474394321442,0.5111111111111111,0.6686507936507937,0.5714285714285714,0.0,0.6571751747812543,0.6601162808282035,0.05363634494798524,0.11707200429269246,0.0,0.0,0.0,0.0,0.0,18473,global,0.0
4,2,lr5e-05_bs8_drop0p4_temp1p0_a0p25_b0p05__wd1e-04trmiss0_degmodglobal,8,5e-05,0.0001,0.4,1.0,0.25,0.05,lr5e-05_bs8_drop0p4_temp1p0_a0p25_b0p05__wd1e-04trmiss0_degmodglobal,4,0.6948205062321254,0.7105458080768585,0.4888888888888889,0.6615800865800866,0.5714285714285714,0.0,0.6462487322943551,0.6701452221189227,0.06091447440641267,0.18893306808812277,0.0,0.0,0.0,0.0,0.0,18473,global,0.0
4,2,lr5e-05_bs8_drop0p4_temp1p0_a0p25_b0p05__wd1e-04trmiss0_degmodglobal,8,5e-05,0.0001,0.4,1.0,0.25,0.05,lr5e-05_bs8_drop0p4_temp1p0_a0p25_b0p05__wd1e-04trmiss0_degmodglobal,5,0.6865506087030683,0.7146297693252563,0.5555555555555556,0.691798941798942,0.42857142857142855,0.0,0.6398150239671979,0.6651485221726554,0.06414133283708777,0.1073350618992533,0.0,0.0,0.0,0.0,0.0,18473,global,0.0
4,2,lr5e-05_bs8_drop0p4_temp1p0_a0p25_b0p05__wd1e-04trmiss0_degmodglobal,8,5e-05,0.0001,0.4,1.0,0.25,0.05,lr5e-05_bs8_drop0p4_temp1p0_a0p25_b0p05__wd1e-04trmiss0_degmodglobal,6,0.6822894130434308,0.7181639075279236,0.5555555555555556,0.691798941798942,0.42857142857142855,0.0,0.628125080040523,0.6525819386754718,0.07538334067378726,0.2172325998544693,0.0,0.0,0.0,0.0,0.0,18473,global,0.0
4,2,lr5e-05_bs8_drop0p4_temp1p0_a0p25_b0p05__wd1e-04trmiss0_degmodglobal,8,5e-05,0.0001,0.4,1.0,0.25,0.05,lr5e-05_bs8_drop0p4_temp1p0_a0p25_b0p05__wd1e-04trmiss0_degmodglobal,7,0.6786613464355469,0.7178522944450378,0.4666666666666667,0.6657305657305659,0.42857142857142855,0.0,0.5973937170846122,0.652602630002158,0.07639094548566001,0.13921973641429627,0.0,0.0,0.0,0.0,0.0,18473,global,0.0
4,2,lr5e-05_bs8_drop0p4_temp1p0_a0p25_b0p05__wd1e-04trmiss0_degmodglobal,8,5e-05,0.0001,0.4,1.0,0.25,0.05,lr5e-05_bs8_drop0p4_temp1p0_a0p25_b0p05__wd1e-04trmiss0_degmodglobal,8,0.6584003567695618,0.718196839094162,0.4444444444444445,0.6596699596699598,0.5714285714285714,0.0,0.6012695261410305,0.6283325382641384,0.08167266526392528,0.1929928037737097,0.0,0.0,0.0,0.0,0.0,18473,global,0.0
4,2,lr5e-05_bs8_drop0p4_temp1p0_a0p25_b0p05__wd1e-04trmiss0_degmodglobal,8,5e-05,0.0001,0.4,1.0,0.25,0.05,lr5e-05_bs8_drop0p4_temp1p0_a0p25_b0p05__wd1e-04trmiss0_degmodglobal,9,0.6636602027075631,0.7201882004737854,0.4666666666666667,0.7152255152255154,0.5714285714285714,0.0,0.6052791050502232,0.6292061635426113,0.08710634921278272,0.2535491223846163,0.0,0.0,0.0,0.0,0.0,18473,global,0.0
4,2,lr5e-05_bs8_drop0p4_temp1p0_a0p25_b0p05__wd1e-04trmiss0_degmodglobal,8,5e-05,0.0001,0.4,1.0,0.25,0.05,lr5e-05_bs8_drop0p4_temp1p0_a0p25_b0p05__wd1e-04trmiss0_degmodglobal,10,0.6471628035817828,0.7314262092113495,0.4888888888888889,0.713950863950864,0.42857142857142855,0.0,0.6105478491101947,0.6170726077897208,0.07684036237852913,0.21760236365454538,0.0,0.0,0.0,0.0,0.0,18473,global,0.0
4,2,lr5e-05_bs8_drop0p4_temp1p0_a0p25_b0p05__wd1e-04trmiss0_degmodglobal,8,5e-05,0.0001,0.4,1.0,0.25,0.05,lr5e-05_bs8_drop0p4_temp1p0_a0p25_b0p05__wd1e-04trmiss0_degmodglobal,11,0.6596154996326992,0.7270796597003937,0.4444444444444444,0.7019980019980021,0.5714285714285714,0.0,0.5889774475778852,0.6291382738522121,0.08910145131605011,0.16403734045369284,0.0,0.0,0.0,0.0,0.0,18473,global,0.0
4,2,lr5e-05_bs8_drop0p4_temp1p0_a0p25_b0p05__wd1e-04trmiss0_degmodglobal,8,5e-05,0.0001,0.4,1.0,0.25,0.05,lr5e-05_bs8_drop0p4_temp1p0_a0p25_b0p05__wd1e-04trmiss0_degmodglobal,12,0.6318365335464478,0.7276760935783386,0.4444444444444444,0.7019980019980021,0.5714285714285714,0.0,0.5927816544260297,0.6017877459526062,0.08082066689218793,0.19687247276306152,0.0,0.0,0.0,0.0,0.0,18473,global,0.0
4,2,lr5e-05_bs8_drop0p4_temp1p0_a0p25_b0p05__wd1e-04trmiss0_degmodglobal,8,5e-05,0.0001,0.4,1.0,0.25,0.05,lr5e-05_bs8_drop0p4_temp1p0_a0p25_b0p05__wd1e-04trmiss0_degmodglobal,13,0.6468784894262042,0.7253090739250183,0.4444444444444444,0.7019980019980021,0.5714285714285714,0.0,0.5489407564912524,0.6127569249698094,0.0817274914256164,0.2737939442907061,0.0,0.0,0.0,0.0,0.0,18473,global,0.0
4,2,lr5e-05_bs8_drop0p4_temp1p0_a0p25_b0p05__wd1e-04trmiss0_degmodglobal,8,5e-05,0.0001,0.4,1.0,0.25,0.05,lr5e-05_bs8_drop0p4_temp1p0_a0p25_b0p05__wd1e-04trmiss0_degmodglobal,14,0.6370228103228978,0.71724933385849,0.4666666666666666,0.7080586080586082,0.5,0.0,0.574761939900262,0.6063505070550101,0.08900892095906394,0.1684014584336962,0.0,0.0,0.0,0.0,0.0,18473,global,0.0
4,2,lr5e-05_bs8_drop0p4_temp1p0_a0p25_b0p05__wd1e-04trmiss0_degmodglobal,8,5e-05,0.0001,0.4,1.0,0.25,0.05,lr5e-05_bs8_drop0p4_temp1p0_a0p25_b0p05__wd1e-04trmiss0_degmodglobal,15,0.6085708737373352,0.7177523374557495,0.4888888888888889,0.7154660154660155,0.5,0.0,0.5675513233457293,0.5815306433609554,0.0784797306571688,0.1484059106026377,0.0,0.0,0.0,0.0,0.0,18473,global,0.0
4,2,lr5e-05_bs8_drop0p4_temp1p0_a0p25_b0p05__wd1e-04trmiss0_degmodglobal,8,5e-05,0.0001,0.4,1.0,0.25,0.05,lr5e-05_bs8_drop0p4_temp1p0_a0p25_b0p05__wd1e-04trmiss0_degmodglobal,16,0.6557779908180237,0.7187774479389191,0.4666666666666667,0.7055453805453806,0.5,0.0,0.5641348191670009,0.6199166434151786,0.08351310156285763,0.2996618353894779,0.0,0.0,0.0,0.0,0.0,18473,global,0.0
4,2,lr5e-05_bs8_drop0p4_temp1p0_a0p25_b0p05__wd1e-04trmiss0_degmodglobal,8,5e-05,0.0001,0.4,1.0,0.25,0.05,lr5e-05_bs8_drop0p4_temp1p0_a0p25_b0p05__wd1e-04trmiss0_degmodglobal,17,0.6319283076695034,0.7230773866176605,0.4222222222222222,0.6920773670773672,0.5,0.0,0.5734649641173226,0.5995956574167524,0.09017740988305636,0.1957659465926034,0.0,0.0,0.0,0.0,0.0,18473,global,0.0
4,2,lr5e-05_bs8_drop0p4_temp1p0_a0p25_b0p05__wd1e-04trmiss0_degmodglobal,8,5e-05,0.0001,0.4,1.0,0.25,0.05,lr5e-05_bs8_drop0p4_temp1p0_a0p25_b0p05__wd1e-04trmiss0_degmodglobal,18,0.64276522397995,0.7278004288673401,0.4444444444444444,0.6981379731379731,0.5,0.0,0.5455002742154258,0.6166139755930219,0.06639988347887993,0.19102568817990168,0.0,0.0,0.0,0.0,0.0,18473,global,0.0
4,2,lr5e-05_bs8_drop0p4_temp1p0_a0p25_b0p05__wd1e-04trmiss0_degmodglobal,8,5e-05,0.0001,0.4,1.0,0.25,0.05,lr5e-05_bs8_drop0p4_temp1p0_a0p25_b0p05__wd1e-04trmiss0_degmodglobal,19,0.6354975785527911,0.7290893495082855,0.4222222222222222,0.6920773670773672,0.5,0.0,0.5385003813675472,0.6100181681769234,0.06947361438402108,0.16222022207719938,0.0,0.0,0.0,0.0,0.0,18473,global,0.0
4,2,lr5e-05_bs8_drop0p4_temp1p0_a0p25_b0p05__wd1e-04trmiss0_degmodglobal,8,5e-05,0.0001,0.4,1.0,0.25,0.05,lr5e-05_bs8_drop0p4_temp1p0_a0p25_b0p05__wd1e-04trmiss0_degmodglobal,20,0.6617830906595502,0.7321501672267914,0.4444444444444444,0.6981379731379731,0.5,0.0,0.5508847492081779,0.6336055568286351,0.07708018007022994,0.1781496320452009,0.0,0.0,0.0,0.0,0.0,18473,global,0.0
4,2,lr5e-05_bs8_drop0p4_temp1p0_a0p25_b0p05__wd1e-04trmiss0_degmodglobal,8,5e-05,0.0001,0.4,1.0,0.25,0.05,lr5e-05_bs8_drop0p4_temp1p0_a0p25_b0p05__wd1e-04trmiss0_degmodglobal,21,0.6208216590540749,0.7325073778629303,0.4222222222222222,0.6920773670773672,0.5,0.0,0.5750083923339844,0.5963998564652034,0.06938789093068667,0.1414968908897468,0.0,0.0,0.0,0.0,0.0,18473,global,0.0
4,2,lr5e-05_bs8_drop0p4_temp1p0_a0p25_b0p05__wd1e-04trmiss0_degmodglobal,8,5e-05,0.0001,0.4,1.0,0.25,0.05,lr5e-05_bs8_drop0p4_temp1p0_a0p25_b0p05__wd1e-04trmiss0_degmodglobal,22,0.6130180699484689,0.7326738238334656,0.4666666666666666,0.7080586080586082,0.5,0.0,0.5246153559003558,0.5814068828310285,0.08634143695235252,0.20051673693316324,0.0,0.0,0.0,0.0,0.0,18473,global,0.0
4,2,lr5e-05_bs8_drop0p4_temp1p0_a0p25_b0p05__wd1e-04trmiss0_degmodglobal,8,5e-05,0.0001,0.4,1.0,0.25,0.05,lr5e-05_bs8_drop0p4_temp1p0_a0p25_b0p05__wd1e-04trmiss0_degmodglobal,23,0.6440617953027997,0.733031153678894,0.4444444444444444,0.6981379731379731,0.5714285714285714,0.0,0.523055408682142,0.6008952174867902,0.11513048250760351,0.2876792305282184,0.0,0.0,0.0,0.0,0.0,18473,global,0.0
4,2,lr5e-05_bs8_drop0p4_temp1p0_a0p25_b0p05__wd1e-04trmiss0_degmodglobal,8,5e-05,0.0001,0.4,1.0,0.25,0.05,lr5e-05_bs8_drop0p4_temp1p0_a0p25_b0p05__wd1e-04trmiss0_degmodglobal,24,0.6596690246037075,0.7357429265975952,0.4222222222222222,0.6920773670773672,0.5714285714285714,0.0,0.5605925662176949,0.6305252824510846,0.08376159785049302,0.1640667255435671,0.0,0.0,0.0,0.0,0.0,18473,global,0.0
4,2,lr5e-05_bs8_drop0p4_temp1p0_a0p25_b0p05__wd1e-04trmiss0_degmodglobal,8,5e-05,0.0001,0.4,1.0,0.25,0.05,lr5e-05_bs8_drop0p4_temp1p0_a0p25_b0p05__wd1e-04trmiss0_degmodglobal,25,0.6142571823937553,0.7360950410366058,0.4222222222222222,0.6920773670773672,0.5714285714285714,0.0,0.516025939158031,0.5757388557706561,0.11029926687479019,0.21887007781437465,0.0,0.0,0.0,0.0,0.0,18473,global,0.0
4,2,lr5e-05_bs8_drop0p4_temp2p0_a0p25_b0p05__wd1e-04trmiss0_degmodglobal,8,5e-05,0.0001,0.4,2.0,0.25,0.05,lr5e-05_bs8_drop0p4_temp2p0_a0p25_b0p05__wd1e-04trmiss0_degmodglobal,1,0.7073359744889396,0.7041467428207397,0.4666666666666667,0.6821428571428572,0.35714285714285715,0.0,0.6786421367100307,0.6856480070522853,0.05761432647705078,0.14568748325109482,0.0,0.0,0.0,0.0,0.0,18473,global,0.0
4,2,lr5e-05_bs8_drop0p4_temp2p0_a0p25_b0p05__wd1e-04trmiss0_degmodglobal,8,5e-05,0.0001,0.4,2.0,0.25,0.05,lr5e-05_bs8_drop0p4_temp2p0_a0p25_b0p05__wd1e-04trmiss0_degmodglobal,2,0.7148347752434867,0.7052249610424042,0.4444444444444445,0.6636243386243386,0.35714285714285715,0.0,0.6548513088907514,0.690820574760437,0.062204621732234955,0.1692609339952469,0.0,0.0,0.0,0.0,0.0,18473,global,0.0
4,2,lr5e-05_bs8_drop0p4_temp2p0_a0p25_b0p05__wd1e-04trmiss0_degmodglobal,8,5e-05,0.0001,0.4,2.0,0.25,0.05,lr5e-05_bs8_drop0p4_temp2p0_a0p25_b0p05__wd1e-04trmiss0_degmodglobal,3,0.7041716660772052,0.7043113112449646,0.4888888888888889,0.6797008547008547,0.42857142857142855,0.0,0.622205810887473,0.6765626072883606,0.06639552462313857,0.2202038552079882,0.0,0.0,0.0,0.0,0.0,18473,global,0.0
4,2,lr5e-05_bs8_drop0p4_temp2p0_a0p25_b0p05__wd1e-04trmiss0_degmodglobal,8,5e-05,0.0001,0.4,2.0,0.25,0.05,lr5e-05_bs8_drop0p4_temp2p0_a0p25_b0p05__wd1e-04trmiss0_degmodglobal,4,0.7280966980116708,0.7075313031673431,0.4666666666666667,0.6691188441188443,0.35714285714285715,0.0,0.6305750608444214,0.7002801128796169,0.07797254249453545,0.1664692685008049,0.0,0.0,0.0,0.0,0.0,18473,global,0.0
4,2,lr5e-05_bs8_drop0p4_temp2p0_a0p25_b0p05__wd1e-04trmiss0_degmodglobal,8,5e-05,0.0001,0.4,2.0,0.25,0.05,lr5e-05_bs8_drop0p4_temp2p0_a0p25_b0p05__wd1e-04trmiss0_degmodglobal,5,0.6992245827402387,0.7173232436180115,0.39999999999999997,0.6398259148259147,0.21428571428571427,0.0,0.6429729461669922,0.6760215759277344,0.05762046628764698,0.17595791816711426,0.0,0.0,0.0,0.0,0.0,18473,global,0.0
4,2,lr5e-05_bs8_drop0p4_temp2p0_a0p25_b0p05__wd1e-04trmiss0_degmodglobal,8,5e-05,0.0001,0.4,2.0,0.25,0.05,lr5e-05_bs8_drop0p4_temp2p0_a0p25_b0p05__wd1e-04trmiss0_degmodglobal,6,0.6460611564772469,0.7210962772369385,0.37777777777777777,0.5898869648869649,0.35714285714285715,0.0,0.6016566668237958,0.6255681003843035,0.05387494979160173,0.14048636278935842,0.0,0.0,0.0,0.0,0.0,18473,global,0.0
4,2,lr5e-05_bs8_drop0p4_temp2p0_a0p25_b0p05__wd1e-04trmiss0_degmodglobal,8,5e-05,0.0001,0.4,2.0,0.25,0.05,lr5e-05_bs8_drop0p4_temp2p0_a0p25_b0p05__wd1e-04trmiss0_degmodglobal,7,0.6562092729977199,0.7187537252902985,0.37777777777777777,0.6389881723215056,0.2857142857142857,0.0,0.608880877494812,0.6370397976466587,0.052656379129205434,0.12010766619018146,0.0,0.0,0.0,0.0,0.0,18473,global,0.0
4,2,lr5e-05_bs8_drop0p4_temp2p0_a0p25_b0p05__wd1e-04trmiss0_degmodglobal,8,5e-05,0.0001,0.4,2.0,0.25,0.05,lr5e-05_bs8_drop0p4_temp2p0_a0p25_b0p05__wd1e-04trmiss0_degmodglobal,8,0.6597423723765782,0.7141864597797394,0.33333333333333326,0.6199405532738866,0.2857142857142857,0.0,0.5894915291241237,0.6386768562453133,0.05781791199530874,0.13222059607505798,0.0,0.0,0.0,0.0,0.0,18473,global,0.0
4,2,lr5e-05_bs8_drop0p4_temp2p0_a0p25_b0p05__wd1e-04trmiss0_degmodglobal,8,5e-05,0.0001,0.4,2.0,0.25,0.05,lr5e-05_bs8_drop0p4_temp2p0_a0p25_b0p05__wd1e-04trmiss0_degmodglobal,9,0.634518699986594,0.7180889844894409,0.31111111111111106,0.6144460477793812,0.2857142857142857,0.0,0.5891471718038831,0.6129394684519086,0.055051058530807495,0.15632925501891545,0.0,0.0,0.0,0.0,0.0,18473,global,0.0
4,2,lr5e-05_bs8_drop0p4_temp2p0_a0p25_b0p05__wd1e-04trmiss0_degmodglobal,8,5e-05,0.0001,0.4,2.0,0.25,0.05,lr5e-05_bs8_drop0p4_temp2p0_a0p25_b0p05__wd1e-04trmiss0_degmodglobal,10,0.6749571561813354,0.7161310315132141,0.33333333333333326,0.6223825557158891,0.2857142857142857,0.0,0.613555405821119,0.6489965149334499,0.06761545475040164,0.18113535749060766,0.0,0.0,0.0,0.0,0.0,18473,global,0.0
4,2,lr5e-05_bs8_drop0p4_temp2p0_a0p25_b0p05__wd1e-04trmiss0_degmodglobal,8,5e-05,0.0001,0.4,2.0,0.25,0.05,lr5e-05_bs8_drop0p4_temp2p0_a0p25_b0p05__wd1e-04trmiss0_degmodglobal,11,0.6191490462848118,0.7198597192764282,0.37777777777777777,0.6488375821709156,0.2857142857142857,0.0,0.5997786521911621,0.5946100311619895,0.06397395527788571,0.1709106442119394,0.0,0.0,0.0,0.0,0.0,18473,global,0.0
4,2,lr5e-05_bs8_drop0p4_temp2p0_a0p25_b0p05__wd1e-04trmiss0_degmodglobal,8,5e-05,0.0001,0.4,2.0,0.25,0.05,lr5e-05_bs8_drop0p4_temp2p0_a0p25_b0p05__wd1e-04trmiss0_degmodglobal,12,0.6248916983604431,0.7268904447555542,0.37777777777777777,0.6523707773707774,0.2857142857142857,0.0,0.5821129849978856,0.6070904731750488,0.04924855115158217,0.10978187088455472,0.0,0.0,0.0,0.0,0.0,18473,global,0.0
4,2,lr5e-05_bs8_drop0p4_temp2p0_a0p25_b0p05__wd1e-04trmiss0_degmodglobal,8,5e-05,0.0001,0.4,2.0,0.25,0.05,lr5e-05_bs8_drop0p4_temp2p0_a0p25_b0p05__wd1e-04trmiss0_degmodglobal,13,0.6397024137633187,0.7346262633800507,0.33333333333333337,0.5894078144078144,0.2857142857142857,0.0,0.5733285035405841,0.6133263111114502,0.06713607321892466,0.19184198549815587,0.0,0.0,0.0,0.0,0.0,18473,global,0.0
4,2,lr5e-05_bs8_drop0p4_temp2p0_a0p25_b0p05__wd1e-04trmiss0_degmodglobal,8,5e-05,0.0001,0.4,2.0,0.25,0.05,lr5e-05_bs8_drop0p4_temp2p0_a0p25_b0p05__wd1e-04trmiss0_degmodglobal,14,0.6524810876165118,0.7371183931827545,0.33333333333333337,0.5894078144078144,0.2857142857142857,0.0,0.5806587253298078,0.6297549775668553,0.0628611408174038,0.14021614513226918,0.0,0.0,0.0,0.0,0.0,18473,global,0.0
4,2,lr5e-05_bs8_drop0p4_temp2p0_a0p25_b0p05__wd1e-04trmiss0_degmodglobal,8,5e-05,0.0001,0.4,2.0,0.25,0.05,lr5e-05_bs8_drop0p4_temp2p0_a0p25_b0p05__wd1e-04trmiss0_degmodglobal,15,0.6408711075782776,0.732964426279068,0.3111111111111111,0.5816917650250985,0.2857142857142857,0.0,0.5626041037695748,0.6143576673098973,0.0680403368813651,0.19006703900439398,0.0,0.0,0.0,0.0,0.0,18473,global,0.0
4,2,lr5e-05_bs8_drop0p4_temp2p0_a0p25_b0p05__wd1e-04trmiss0_degmodglobal,8,5e-05,0.0001,0.4,2.0,0.25,0.05,lr5e-05_bs8_drop0p4_temp2p0_a0p25_b0p05__wd1e-04trmiss0_degmodglobal,16,0.6100431425230843,0.7363460659980774,0.28888888888888886,0.6213743047076381,0.35714285714285715,0.0,0.5745834623064313,0.5896213906151908,0.05873772581773145,0.11474643115486417,0.0,0.0,0.0,0.0,0.0,18473,global,0.0
4,2,lr5e-05_bs8_drop0p4_temp2p0_a0p25_b0p05__wd1e-04trmiss0_degmodglobal,8,5e-05,0.0001,0.4,2.0,0.25,0.05,lr5e-05_bs8_drop0p4_temp2p0_a0p25_b0p05__wd1e-04trmiss0_degmodglobal,17,0.6352136135101318,0.7342171669006348,0.26666666666666666,0.5658187491520825,0.2857142857142857,0.0,0.5698191821575165,0.6094000935554504,0.06744869372674397,0.17902668671948568,0.0,0.0,0.0,0.0,0.0,18473,global,0.0
4,2,lr5e-05_bs8_drop0p4_temp2p0_a0p25_b0p05__wd1e-04trmiss0_degmodglobal,8,5e-05,0.0001,0.4,2.0,0.25,0.05,lr5e-05_bs8_drop0p4_temp2p0_a0p25_b0p05__wd1e-04trmiss0_degmodglobal,18,0.6203385591506958,0.7376157343387604,0.26666666666666666,0.5658187491520825,0.21428571428571427,0.0,0.5636000462940761,0.5955045819282532,0.06626580602356366,0.16535052231379918,0.0,0.0,0.0,0.0,0.0,18473,global,0.0
4,2,lr5e-05_bs8_drop0p4_temp2p0_a0p25_b0p05__wd1e-04trmiss0_degmodglobal,8,5e-05,0.0001,0.4,2.0,0.25,0.05,lr5e-05_bs8_drop0p4_temp2p0_a0p25_b0p05__wd1e-04trmiss0_degmodglobal,19,0.6132668852806091,0.7349986732006073,0.28888888888888886,0.6213743047076381,0.35714285714285715,0.0,0.5730107596942356,0.5862029109682355,0.07114289062363761,0.18556460099560873,0.0,0.0,0.0,0.0,0.0,18473,global,0.0
4,2,lr5e-05_bs8_drop0p4_temp2p0_a0p25_b0p05__wd1e-04trmiss0_degmodglobal,8,5e-05,0.0001,0.4,2.0,0.25,0.05,lr5e-05_bs8_drop0p4_temp2p0_a0p25_b0p05__wd1e-04trmiss0_degmodglobal,20,0.6248797944613865,0.7399474680423737,0.24444444444444446,0.5597581430914764,0.21428571428571427,0.0,0.5492435736315591,0.5985601459230695,0.06810496800712176,0.18586792051792145,0.0,0.0,0.0,0.0,0.0,18473,global,0.0
4,2,lr5e-05_bs8_drop0p4_temp2p0_a0p25_b0p05__wd1e-04trmiss0_degmodglobal,8,5e-05,0.0001,0.4,2.0,0.25,0.05,lr5e-05_bs8_drop0p4_temp2p0_a0p25_b0p05__wd1e-04trmiss0_degmodglobal,21,0.6131416984966823,0.742730051279068,0.2222222222222222,0.5535853035853037,0.35714285714285715,0.0,0.5305378351892743,0.5883776886122567,0.0676935940448727,0.15681214204856328,0.0,0.0,0.0,0.0,0.0,18473,global,0.0
4,2,lr5e-05_bs8_drop0p4_temp2p0_a0p25_b0p05__wd1e-04trmiss0_degmodglobal,8,5e-05,0.0001,0.4,2.0,0.25,0.05,lr5e-05_bs8_drop0p4_temp2p0_a0p25_b0p05__wd1e-04trmiss0_degmodglobal,22,0.6315518277032035,0.7385582029819489,0.2222222222222222,0.5535853035853037,0.21428571428571427,0.0,0.5251553654670715,0.5974112919398716,0.09275165519544057,0.21905243503195898,0.0,0.0,0.0,0.0,0.0,18473,global,0.0
4,2,lr5e-05_bs8_drop0p4_temp2p0_a0p25_b0p05__wd1e-04trmiss0_degmodglobal,8,5e-05,0.0001,0.4,2.0,0.25,0.05,lr5e-05_bs8_drop0p4_temp2p0_a0p25_b0p05__wd1e-04trmiss0_degmodglobal,23,0.6060853345053536,0.7391356229782104,0.2222222222222222,0.5535853035853037,0.2857142857142857,0.0,0.5477772951126099,0.5789637395313808,0.0740821547806263,0.1720210856625012,0.0,0.0,0.0,0.0,0.0,18473,global,0.0
4,2,lr5e-05_bs8_drop0p4_temp2p0_a0p25_b0p05__wd1e-04trmiss0_degmodglobal,8,5e-05,0.0001,0.4,2.0,0.25,0.05,lr5e-05_bs8_drop0p4_temp2p0_a0p25_b0p05__wd1e-04trmiss0_degmodglobal,24,0.647460435117994,0.737288236618042,0.24444444444444446,0.5597581430914764,0.21428571428571427,0.0,0.5509085399763924,0.6216309496334621,0.0658953461263861,0.1871129423379898,0.0,0.0,0.0,0.0,0.0,18473,global,0.0
4,2,lr5e-05_bs8_drop0p4_temp2p0_a0p25_b0p05__wd1e-04trmiss0_degmodglobal,8,5e-05,0.0001,0.4,2.0,0.25,0.05,lr5e-05_bs8_drop0p4_temp2p0_a0p25_b0p05__wd1e-04trmiss0_degmodglobal,25,0.6457295077187675,0.7343548536300659,0.26666666666666666,0.615313698647032,0.2857142857142857,0.0,0.5268239634377616,0.6029081174305507,0.11038916345153536,0.30448215135506224,0.0,0.0,0.0,0.0,0.0,18473,global,0.0
4,2,lr1e-05_bs8_drop0p2_temp1p0_a0p25_b0p05__wd1e-04trmiss0_degmodglobal,8,1e-05,0.0001,0.2,1.0,0.25,0.05,lr1e-05_bs8_drop0p2_temp1p0_a0p25_b0p05__wd1e-04trmiss0_degmodglobal,1,0.7317541411944798,0.7333944737911224,0.37777777777777777,0.6542506875840208,0.35714285714285715,0.0,0.6785036410604205,0.72152407680239,0.02778509126177856,0.06567619820790631,0.0,0.0,0.0,0.0,0.0,18473,global,0.0
4,2,lr1e-05_bs8_drop0p2_temp1p0_a0p25_b0p05__wd1e-04trmiss0_degmodglobal,8,1e-05,0.0001,0.2,1.0,0.25,0.05,lr1e-05_bs8_drop0p2_temp1p0_a0p25_b0p05__wd1e-04trmiss0_degmodglobal,2,0.7356803672654288,0.7394279837608337,0.37777777777777777,0.6488375821709156,0.42857142857142855,0.0,0.6791281529835292,0.7195268869400024,0.038814251710261614,0.12899823540023395,0.0,0.0,0.0,0.0,0.0,18473,global,0.0
4,2,lr1e-05_bs8_drop0p2_temp1p0_a0p25_b0p05__wd1e-04trmiss0_degmodglobal,8,1e-05,0.0001,0.2,1.0,0.25,0.05,lr1e-05_bs8_drop0p2_temp1p0_a0p25_b0p05__wd1e-04trmiss0_degmodglobal,3,0.7517933079174587,0.7422655820846558,0.35555555555555557,0.6357321690655025,0.42857142857142855,0.0,0.6802130426679339,0.7333589025906154,0.04625218893800463,0.1374270852122988,0.0,0.0,0.0,0.0,0.0,18473,global,0.0
4,2,lr1e-05_bs8_drop0p2_temp1p0_a0p25_b0p05__wd1e-04trmiss0_degmodglobal,8,1e-05,0.0001,0.2,1.0,0.25,0.05,lr1e-05_bs8_drop0p2_temp1p0_a0p25_b0p05__wd1e-04trmiss0_degmodglobal,4,0.7403373462813241,0.7408314645290375,0.38888888888888884,0.641430174763508,0.35714285714285715,0.0,0.6619559781891959,0.7249094588415963,0.03697364032268524,0.12368978347097125,0.0,0.0,0.0,0.0,0.0,18473,global,0.0
4,2,lr1e-05_bs8_drop0p2_temp1p0_a0p25_b0p05__wd1e-04trmiss0_degmodglobal,8,1e-05,0.0001,0.2,1.0,0.25,0.05,lr1e-05_bs8_drop0p2_temp1p0_a0p25_b0p05__wd1e-04trmiss0_degmodglobal,5,0.7288330963679722,0.7428283095359802,0.39999999999999997,0.6520121853455187,0.35714285714285715,0.0,0.662542564528329,0.7147018228258405,0.036162205040454865,0.10181470481412751,0.0,0.0,0.0,0.0,0.0,18473,global,0.0
4,2,lr1e-05_bs8_drop0p2_temp1p0_a0p25_b0p05__wd1e-04trmiss0_degmodglobal,8,1e-05,0.0001,0.2,1.0,0.25,0.05,lr1e-05_bs8_drop0p2_temp1p0_a0p25_b0p05__wd1e-04trmiss0_degmodglobal,6,0.7116523895944867,0.741791307926178,0.39999999999999997,0.6648326981660315,0.35714285714285715,0.0,0.6367320162909371,0.6985124945640564,0.03181542216667107,0.1037209438426154,0.0,0.0,0.0,0.0,0.0,18473,global,0.0
4,2,lr1e-05_bs8_drop0p2_temp1p0_a0p25_b0p05__wd1e-04trmiss0_degmodglobal,8,1e-05,0.0001,0.2,1.0,0.25,0.05,lr1e-05_bs8_drop0p2_temp1p0_a0p25_b0p05__wd1e-04trmiss0_degmodglobal,7,0.7042710014751979,0.7400683760643005,0.42222222222222217,0.6725487475487475,0.35714285714285715,0.0,0.6555553334099906,0.6899715491703579,0.03423851728439331,0.11479623935052327,0.0,0.0,0.0,0.0,0.0,18473,global,0.0
4,2,lr1e-05_bs8_drop0p2_temp1p0_a0p25_b0p05__wd1e-04trmiss0_degmodglobal,8,1e-05,0.0001,0.2,1.0,0.25,0.05,lr1e-05_bs8_drop0p2_temp1p0_a0p25_b0p05__wd1e-04trmiss0_degmodglobal,8,0.718259871006012,0.7364072799682617,0.4666666666666667,0.6991360491360492,0.35714285714285715,0.0,0.6474103161266872,0.7044400572776794,0.03260323431875024,0.11337998722280775,0.0,0.0,0.0,0.0,0.0,18473,global,0.0
4,2,lr1e-05_bs8_drop0p2_temp1p0_a0p25_b0p05__wd1e-04trmiss0_degmodglobal,8,1e-05,0.0001,0.2,1.0,0.25,0.05,lr1e-05_bs8_drop0p2_temp1p0_a0p25_b0p05__wd1e-04trmiss0_degmodglobal,9,0.7090996759278434,0.7389738857746124,0.4888888888888889,0.713950863950864,0.35714285714285715,0.0,0.6534849234989711,0.6957946675164359,0.034529696351715496,0.09345161222985812,0.0,0.0,0.0,0.0,0.0,18473,global,0.0
4,2,lr1e-05_bs8_drop0p2_temp1p0_a0p25_b0p05__wd1e-04trmiss0_degmodglobal,8,1e-05,0.0001,0.2,1.0,0.25,0.05,lr1e-05_bs8_drop0p2_temp1p0_a0p25_b0p05__wd1e-04trmiss0_degmodglobal,10,0.6889676707131522,0.7420250475406647,0.4666666666666667,0.7040302290302292,0.35714285714285715,0.0,0.6359230535370963,0.6758365460804531,0.030968660754816874,0.10777907738728183,0.0,0.0,0.0,0.0,0.0,18473,global,0.0
4,2,lr1e-05_bs8_drop0p2_temp1p0_a0p25_b0p05__wd1e-04trmiss0_degmodglobal,8,1e-05,0.0001,0.2,1.0,0.25,0.05,lr1e-05_bs8_drop0p2_temp1p0_a0p25_b0p05__wd1e-04trmiss0_degmodglobal,11,0.6960551568440029,0.741119921207428,0.4666666666666667,0.7040302290302292,0.35714285714285715,0.0,0.6509161846978324,0.6788498163223267,0.0404759698680469,0.14172681208167756,0.0,0.0,0.0,0.0,0.0,18473,global,0.0
4,2,lr1e-05_bs8_drop0p2_temp1p0_a0p25_b0p05__wd1e-04trmiss0_degmodglobal,8,1e-05,0.0001,0.2,1.0,0.25,0.05,lr1e-05_bs8_drop0p2_temp1p0_a0p25_b0p05__wd1e-04trmiss0_degmodglobal,12,0.6963828546660287,0.7419056594371796,0.4666666666666667,0.7040302290302292,0.35714285714285715,0.0,0.6461660606520516,0.6824043648583549,0.036139079236558506,0.09887406256582056,0.0,0.0,0.0,0.0,0.0,18473,global,0.0
4,2,lr1e-05_bs8_drop0p2_temp1p0_a0p25_b0p05__wd1e-04trmiss0_degmodglobal,8,1e-05,0.0001,0.2,1.0,0.25,0.05,lr1e-05_bs8_drop0p2_temp1p0_a0p25_b0p05__wd1e-04trmiss0_degmodglobal,13,0.7091602683067322,0.7461203038692474,0.37777777777777777,0.6589404422737757,0.35714285714285715,0.0,0.631187209061214,0.6930446624755859,0.03647640533745289,0.13993017694779805,0.0,0.0,0.0,0.0,0.0,18473,global,0.0
4,2,lr1e-05_bs8_drop0p2_temp1p0_a0p25_b0p05__wd1e-04trmiss0_degmodglobal,8,1e-05,0.0001,0.2,1.0,0.25,0.05,lr1e-05_bs8_drop0p2_temp1p0_a0p25_b0p05__wd1e-04trmiss0_degmodglobal,14,0.6937910318374634,0.74972864985466,0.37777777777777777,0.6589404422737757,0.35714285714285715,0.0,0.6201671617371696,0.679541962487357,0.03362793741481645,0.11684165682111468,0.0,0.0,0.0,0.0,0.0,18473,global,0.0
4,2,lr1e-05_bs8_drop0p2_temp1p0_a0p25_b0p05__wd1e-04trmiss0_degmodglobal,8,1e-05,0.0001,0.2,1.0,0.25,0.05,lr1e-05_bs8_drop0p2_temp1p0_a0p25_b0p05__wd1e-04trmiss0_degmodglobal,15,0.7209685359682355,0.752000629901886,0.3555555555555555,0.648358431691765,0.35714285714285715,0.0,0.6458297882761274,0.7061219215393066,0.03605657283748899,0.11664918810129166,0.0,0.0,0.0,0.0,0.0,18473,global,0.0
4,2,lr1e-05_bs8_drop0p2_temp1p0_a0p25_b0p05__wd1e-04trmiss0_degmodglobal,8,1e-05,0.0001,0.2,1.0,0.25,0.05,lr1e-05_bs8_drop0p2_temp1p0_a0p25_b0p05__wd1e-04trmiss0_degmodglobal,16,0.7070573738643101,0.7525691092014313,0.3555555555555555,0.648358431691765,0.35714285714285715,0.0,0.6155971969876971,0.6876889041491917,0.04448565202099936,0.1649408313844885,0.0,0.0,0.0,0.0,0.0,18473,global,0.0
4,2,lr1e-05_bs8_drop0p2_temp1p0_a0p25_b0p05__wd1e-04trmiss0_degmodglobal,8,1e-05,0.0001,0.2,1.0,0.25,0.05,lr1e-05_bs8_drop0p2_temp1p0_a0p25_b0p05__wd1e-04trmiss0_degmodglobal,17,0.6955176251275199,0.7500098049640656,0.3555555555555555,0.648358431691765,0.35714285714285715,0.0,0.6277488384928022,0.6811467834881374,0.03286814583199365,0.12307570448943547,0.0,0.0,0.0,0.0,0.0,18473,global,0.0
4,2,lr1e-05_bs8_drop0p2_temp1p0_a0p25_b0p05__wd1e-04trmiss0_degmodglobal,8,1e-05,0.0001,0.2,1.0,0.25,0.05,lr1e-05_bs8_drop0p2_temp1p0_a0p25_b0p05__wd1e-04trmiss0_degmodglobal,18,0.694145279271262,0.7483934462070465,0.37777777777777777,0.6560744810744812,0.35714285714285715,0.0,0.614360008920942,0.6773514917918614,0.04106896956052099,0.1305307602243764,0.0,0.0,0.0,0.0,0.0,18473,global,0.0
4,2,lr1e-05_bs8_drop0p2_temp1p0_a0p25_b0p05__wd1e-04trmiss0_degmodglobal,8,1e-05,0.0001,0.2,1.0,0.25,0.05,lr1e-05_bs8_drop0p2_temp1p0_a0p25_b0p05__wd1e-04trmiss0_degmodglobal,19,0.7017152990613665,0.747006744146347,0.37777777777777777,0.6560744810744812,0.42857142857142855,0.0,0.6211058752877372,0.6851077931267875,0.04055136601839747,0.1293932284627642,0.0,0.0,0.0,0.0,0.0,18473,global,0.0
4,2,lr1e-05_bs8_drop0p2_temp1p0_a0p25_b0p05__wd1e-04trmiss0_degmodglobal,8,1e-05,0.0001,0.2,1.0,0.25,0.05,lr1e-05_bs8_drop0p2_temp1p0_a0p25_b0p05__wd1e-04trmiss0_degmodglobal,20,0.685968245778765,0.7466695606708527,0.37777777777777777,0.6560744810744812,0.35714285714285715,0.0,0.6429550903184074,0.6708160894257682,0.03604142793587276,0.12283603101968765,0.0,0.0,0.0,0.0,0.0,18473,global,0.0
4,2,lr1e-05_bs8_drop0p2_temp1p0_a0p25_b0p05__wd1e-04trmiss0_degmodglobal,8,1e-05,0.0001,0.2,1.0,0.25,0.05,lr1e-05_bs8_drop0p2_temp1p0_a0p25_b0p05__wd1e-04trmiss0_degmodglobal,21,0.6743789485522679,0.7508822977542877,0.39999999999999997,0.6666564916564917,0.35714285714285715,0.0,0.6160725014550346,0.658209502696991,0.03959541554961886,0.1254118840609278,0.0,0.0,0.0,0.0,0.0,18473,global,0.0
4,2,lr1e-05_bs8_drop0p2_temp1p0_a0p25_b0p05__wd1e-04trmiss0_degmodglobal,8,1e-05,0.0001,0.2,1.0,0.25,0.05,lr1e-05_bs8_drop0p2_temp1p0_a0p25_b0p05__wd1e-04trmiss0_degmodglobal,22,0.6776960577283587,0.7463929355144501,0.39999999999999997,0.6666564916564917,0.35714285714285715,0.0,0.6275526540619987,0.6643444214548383,0.03269851952791214,0.10353996604681015,0.0,0.0,0.0,0.0,0.0,18473,global,0.0
4,2,lr1e-05_bs8_drop0p2_temp1p0_a0p25_b0p05__wd1e-04trmiss0_degmodglobal,8,1e-05,0.0001,0.2,1.0,0.25,0.05,lr1e-05_bs8_drop0p2_temp1p0_a0p25_b0p05__wd1e-04trmiss0_degmodglobal,23,0.6883320382663182,0.746707409620285,0.39999999999999997,0.6666564916564917,0.42857142857142855,0.0,0.6123403821672712,0.674850983279092,0.0331210983651025,0.10401600705725807,0.0,0.0,0.0,0.0,0.0,18473,global,0.0
4,2,lr1e-05_bs8_drop0p2_temp1p0_a0p25_b0p05__wd1e-04trmiss0_degmodglobal,8,1e-05,0.0001,0.2,1.0,0.25,0.05,lr1e-05_bs8_drop0p2_temp1p0_a0p25_b0p05__wd1e-04trmiss0_degmodglobal,24,0.6789942979812622,0.7513110637664795,0.42222222222222217,0.6765771265771265,0.35714285714285715,0.0,0.6096171651567731,0.6621513792446682,0.0404001743133579,0.13485727884939738,0.0,0.0,0.0,0.0,0.0,18473,global,0.0
4,2,lr1e-05_bs8_drop0p2_temp1p0_a0p25_b0p05__wd1e-04trmiss0_degmodglobal,8,1e-05,0.0001,0.2,1.0,0.25,0.05,lr1e-05_bs8_drop0p2_temp1p0_a0p25_b0p05__wd1e-04trmiss0_degmodglobal,25,0.6961341670581273,0.7531499862670898,0.39999999999999997,0.6666564916564917,0.35714285714285715,0.0,0.6189608659063067,0.6790182079587664,0.04024489490049226,0.14109458455017634,0.0,0.0,0.0,0.0,0.0,18473,global,0.0
4,2,lr1e-05_bs8_drop0p2_temp1p0_a0p25_b0p05__wd1e-04trmiss0_degmodglobal,8,1e-05,0.0001,0.2,1.0,0.25,0.05,lr1e-05_bs8_drop0p2_temp1p0_a0p25_b0p05__wd1e-04trmiss0_degmodglobal,26,0.6744449819837298,0.7488002479076385,0.42222222222222217,0.6765771265771265,0.35714285714285715,0.0,0.6039568696703229,0.661772336278643,0.03145589094076838,0.0961736762630088,0.0,0.0,0.0,0.0,0.0,18473,global,0.0
4,2,lr1e-05_bs8_drop0p2_temp1p0_a0p25_b0p05__wd1e-04trmiss0_degmodglobal,8,1e-05,0.0001,0.2,1.0,0.25,0.05,lr1e-05_bs8_drop0p2_temp1p0_a0p25_b0p05__wd1e-04trmiss0_degmodglobal,27,0.6787665997232709,0.7462040781974792,0.42222222222222217,0.6765771265771265,0.35714285714285715,0.0,0.6151984333992004,0.6613773362977164,0.04357274914426463,0.1299213884132249,0.0,0.0,0.0,0.0,0.0,18473,global,0.0
4,2,lr1e-05_bs8_drop0p2_temp1p0_a0p25_b0p05__wd1e-04trmiss0_degmodglobal,8,1e-05,0.0001,0.2,1.0,0.25,0.05,lr1e-05_bs8_drop0p2_temp1p0_a0p25_b0p05__wd1e-04trmiss0_degmodglobal,28,0.6879426666668483,0.7481153309345245,0.42222222222222217,0.6765771265771265,0.35714285714285715,0.0,0.6047401002475193,0.6724653840065002,0.037492966279387474,0.12208097161991256,0.0,0.0,0.0,0.0,0.0,18473,global,0.0
4,2,lr1e-05_bs8_drop0p2_temp1p0_a0p25_b0p05__wd1e-04trmiss0_degmodglobal,8,1e-05,0.0001,0.2,1.0,0.25,0.05,lr1e-05_bs8_drop0p2_temp1p0_a0p25_b0p05__wd1e-04trmiss0_degmodglobal,29,0.6749386446816581,0.7436142265796661,0.42222222222222217,0.6765771265771265,0.42857142857142855,0.0,0.5958982791219439,0.6605102164404733,0.03514991674040045,0.11281910751547132,0.0,0.0,0.0,0.0,0.0,18473,global,0.0
4,2,lr1e-05_bs8_drop0p2_temp2p0_a0p25_b0p05__wd1e-04trmiss0_degmodglobal,8,1e-05,0.0001,0.2,2.0,0.25,0.05,lr1e-05_bs8_drop0p2_temp2p0_a0p25_b0p05__wd1e-04trmiss0_degmodglobal,1,0.6874904973166329,0.7135149240493774,0.3111111111111111,0.5490851740851741,0.5714285714285714,0.0,0.7099953549248832,0.6719961592129299,0.037849949938910346,0.12063693893807274,0.0,0.0,0.0,0.0,0.0,18473,global,0.0
4,2,lr1e-05_bs8_drop0p2_temp2p0_a0p25_b0p05__wd1e-04trmiss0_degmodglobal,8,1e-05,0.0001,0.2,2.0,0.25,0.05,lr1e-05_bs8_drop0p2_temp2p0_a0p25_b0p05__wd1e-04trmiss0_degmodglobal,2,0.6969287054879325,0.7173560857772827,0.3111111111111111,0.5490851740851741,0.5714285714285714,0.0,0.6915659138134548,0.6847399473190308,0.03207854128309658,0.08338271693459579,0.0,0.0,0.0,0.0,0.0,18473,global,0.0
4,2,lr1e-05_bs8_drop0p2_temp2p0_a0p25_b0p05__wd1e-04trmiss0_degmodglobal,8,1e-05,0.0001,0.2,2.0,0.25,0.05,lr1e-05_bs8_drop0p2_temp2p0_a0p25_b0p05__wd1e-04trmiss0_degmodglobal,3,0.6862126759120396,0.7211926579475403,0.28888888888888886,0.5435906685906686,0.5714285714285714,0.0,0.701208804334913,0.6695283736501422,0.04201105290225574,0.12363036083323616,0.0,0.0,0.0,0.0,0.0,18473,global,0.0
4,2,lr1e-05_bs8_drop0p2_temp2p0_a0p25_b0p05__wd1e-04trmiss0_degmodglobal,8,1e-05,0.0001,0.2,2.0,0.25,0.05,lr1e-05_bs8_drop0p2_temp2p0_a0p25_b0p05__wd1e-04trmiss0_degmodglobal,4,0.6950797779219491,0.723535805940628,0.28888888888888886,0.5435906685906686,0.5,0.0,0.6972183755465916,0.6815022826194763,0.03719101580125945,0.08559490740299225,0.0,0.0,0.0,0.0,0.0,18473,global,0.0
4,2,lr1e-05_bs8_drop0p2_temp2p0_a0p25_b0p05__wd1e-04trmiss0_degmodglobal,8,1e-05,0.0001,0.2,2.0,0.25,0.05,lr1e-05_bs8_drop0p2_temp2p0_a0p25_b0p05__wd1e-04trmiss0_degmodglobal,5,0.6602821435247149,0.7287886738777161,0.2222222222222222,0.5222401055734389,0.5,0.0,0.6529834611075265,0.6492142166410174,0.02912210832749094,0.07574790929044996,0.0,0.0,0.0,0.0,0.0,18473,global,0.0
4,2,lr1e-05_bs8_drop0p2_temp2p0_a0p25_b0p05__wd1e-04trmiss0_degmodglobal,8,1e-05,0.0001,0.2,2.0,0.25,0.05,lr1e-05_bs8_drop0p2_temp2p0_a0p25_b0p05__wd1e-04trmiss0_degmodglobal,6,0.6610291004180908,0.7308288216590881,0.28888888888888886,0.5435906685906686,0.5,0.0,0.6758575865200588,0.6465450184685844,0.036366261807935576,0.10785022324749402,0.0,0.0,0.0,0.0,0.0,18473,global,0.0
4,2,lr1e-05_bs8_drop0p2_temp2p0_a0p25_b0p05__wd1e-04trmiss0_degmodglobal,8,1e-05,0.0001,0.2,2.0,0.25,0.05,lr1e-05_bs8_drop0p2_temp2p0_a0p25_b0p05__wd1e-04trmiss0_degmodglobal,7,0.6479766709463937,0.7339255511760712,0.28888888888888886,0.5435906685906686,0.5,0.0,0.6725814257349286,0.6344168356486729,0.0319911747106484,0.1112407807792936,0.0,0.0,0.0,0.0,0.0,18473,global,0.0
4,2,lr1e-05_bs8_drop0p2_temp2p0_a0p25_b0p05__wd1e-04trmiss0_degmodglobal,8,1e-05,0.0001,0.2,2.0,0.25,0.05,lr1e-05_bs8_drop0p2_temp2p0_a0p25_b0p05__wd1e-04trmiss0_degmodglobal,8,0.6566869446209499,0.7331912517547607,0.26666666666666666,0.5358746192079525,0.5,0.0,0.6785365513392857,0.640045804636819,0.0398587097546884,0.13352923627410615,0.0,0.0,0.0,0.0,0.0,18473,global,0.0
4,2,lr1e-05_bs8_drop0p2_temp2p0_a0p25_b0p05__wd1e-04trmiss0_degmodglobal,8,1e-05,0.0001,0.2,2.0,0.25,0.05,lr1e-05_bs8_drop0p2_temp2p0_a0p25_b0p05__wd1e-04trmiss0_degmodglobal,9,0.6529882550239563,0.7325422763824463,0.26666666666666666,0.5358746192079525,0.5,0.0,0.6815789682524545,0.6389040436063494,0.036578243864434104,0.0987929922661611,0.0,0.0,0.0,0.0,0.0,18473,global,0.0
4,2,lr1e-05_bs8_drop0p2_temp2p0_a0p25_b0p05__wd1e-04trmiss0_degmodglobal,8,1e-05,0.0001,0.2,2.0,0.25,0.05,lr1e-05_bs8_drop0p2_temp2p0_a0p25_b0p05__wd1e-04trmiss0_degmodglobal,10,0.6191970705986023,0.73215252161026,0.26666666666666666,0.5358746192079525,0.5,0.0,0.6511426823479789,0.6047121456691197,0.0339631653789963,0.11988254210778646,0.0,0.0,0.0,0.0,0.0,18473,global,0.0
4,2,lr1e-05_bs8_drop0p2_temp2p0_a0p25_b0p05__wd1e-04trmiss0_degmodglobal,8,1e-05,0.0001,0.2,2.0,0.25,0.05,lr1e-05_bs8_drop0p2_temp2p0_a0p25_b0p05__wd1e-04trmiss0_degmodglobal,11,0.6529467872210911,0.7305784821510315,0.26666666666666666,0.5358746192079525,0.5,0.0,0.662975583757673,0.6384545820099967,0.03823132759758404,0.09868755085127694,0.0,0.0,0.0,0.0,0.0,18473,global,0.0
4,2,lr1e-05_bs8_drop0p2_temp2p0_a0p25_b0p05__wd1e-04trmiss0_degmodglobal,8,1e-05,0.0001,0.2,2.0,0.25,0.05,lr1e-05_bs8_drop0p2_temp2p0_a0p25_b0p05__wd1e-04trmiss0_degmodglobal,12,0.6623191918645587,0.731021910905838,0.26666666666666666,0.5358746192079525,0.5,0.0,0.668118919645037,0.6454379047666278,0.04082319912101541,0.1335097583276885,0.0,0.0,0.0,0.0,0.0,18473,global,0.0
4,2,lr1e-05_bs8_drop0p2_temp2p0_a0p25_b0p05__wd1e-04trmiss0_degmodglobal,8,1e-05,0.0001,0.2,2.0,0.25,0.05,lr1e-05_bs8_drop0p2_temp2p0_a0p25_b0p05__wd1e-04trmiss0_degmodglobal,13,0.633808399949755,0.72666996717453,0.26666666666666666,0.5358746192079525,0.5,0.0,0.6416134238243103,0.6186613525663104,0.03800207589353834,0.1129306113081319,0.0,0.0,0.0,0.0,0.0,18473,global,0.0
4,2,lr1e-05_bs8_drop0p2_temp2p0_a0p25_b0p05__wd1e-04trmiss0_degmodglobal,8,1e-05,0.0001,0.2,2.0,0.25,0.05,lr1e-05_bs8_drop0p2_temp2p0_a0p25_b0p05__wd1e-04trmiss0_degmodglobal,14,0.6453470502580915,0.7252349853515625,0.26666666666666666,0.5358746192079525,0.5,0.0,0.6459520288876125,0.6299310156277248,0.03873473698539393,0.11464701273611613,0.0,0.0,0.0,0.0,0.0,18473,global,0.0
4,2,lr1e-05_bs8_drop0p2_temp2p0_a0p25_b0p05__wd1e-04trmiss0_degmodglobal,8,1e-05,0.0001,0.2,2.0,0.25,0.05,lr1e-05_bs8_drop0p2_temp2p0_a0p25_b0p05__wd1e-04trmiss0_degmodglobal,15,0.6397222791399274,0.7277939319610596,0.26666666666666666,0.5358746192079525,0.5,0.0,0.6556689398629325,0.6259626746177673,0.03687625697680882,0.0908107917223658,0.0,0.0,0.0,0.0,0.0,18473,global,0.0
4,2,lr1e-05_bs8_drop0p2_temp2p0_a0p25_b0p05__wd1e-04trmiss0_degmodglobal,8,1e-05,0.0001,0.2,2.0,0.25,0.05,lr1e-05_bs8_drop0p2_temp2p0_a0p25_b0p05__wd1e-04trmiss0_degmodglobal,16,0.6412595510482788,0.7290883660316467,0.26666666666666666,0.5358746192079525,0.5,0.0,0.6551355293818882,0.6262489983013698,0.03866393864154816,0.10689144900866918,0.0,0.0,0.0,0.0,0.0,18473,global,0.0
4,2,lr1e-05_bs8_drop0p2_temp2p0_a0p25_b0p05__wd1e-04trmiss0_degmodglobal,8,1e-05,0.0001,0.2,2.0,0.25,0.05,lr1e-05_bs8_drop0p2_temp2p0_a0p25_b0p05__wd1e-04trmiss0_degmodglobal,17,0.6399272084236145,0.7268451750278473,0.26666666666666666,0.5358746192079525,0.5,0.0,0.6567440799304417,0.6249839408057076,0.037023000685232024,0.1137502555336271,0.0,0.0,0.0,0.0,0.0,18473,global,0.0
4,2,lr1e-05_bs8_drop0p2_temp2p0_a0p25_b0p05__wd1e-04trmiss0_degmodglobal,8,1e-05,0.0001,0.2,2.0,0.25,0.05,lr1e-05_bs8_drop0p2_temp2p0_a0p25_b0p05__wd1e-04trmiss0_degmodglobal,18,0.6372607435498919,0.7277055978775024,0.26666666666666666,0.5358746192079525,0.5,0.0,0.6313181604657855,0.6228179080145699,0.03627827524074486,0.10746550985745021,0.0,0.0,0.0,0.0,0.0,18473,global,0.0
4,2,lr1e-05_bs8_drop0p2_temp2p0_a0p25_b0p05__wd1e-04trmiss0_degmodglobal,8,1e-05,0.0001,0.2,2.0,0.25,0.05,lr1e-05_bs8_drop0p2_temp2p0_a0p25_b0p05__wd1e-04trmiss0_degmodglobal,19,0.6554347617285592,0.7288263738155365,0.26666666666666666,0.5358746192079525,0.5,0.0,0.655462554522923,0.6397262300763812,0.03660951421729156,0.1311229360955102,0.0,0.0,0.0,0.0,0.0,18473,global,0.0
4,2,lr1e-05_bs8_drop0p2_temp2p0_a0p25_b0p05__wd1e-04trmiss0_degmodglobal,8,1e-05,0.0001,0.2,2.0,0.25,0.05,lr1e-05_bs8_drop0p2_temp2p0_a0p25_b0p05__wd1e-04trmiss0_degmodglobal,20,0.6349171910967145,0.7287396490573883,0.2444444444444444,0.5279381112714446,0.5,0.0,0.6381685733795166,0.6194891333580017,0.03835639251129968,0.11677902990153857,0.0,0.0,0.0,0.0,0.0,18473,global,0.0
4,2,lr1e-05_bs8_drop0p2_temp2p0_a0p25_b0p05__wd1e-04trmiss0_degmodglobal,8,1e-05,0.0001,0.2,2.0,0.25,0.05,lr1e-05_bs8_drop0p2_temp2p0_a0p25_b0p05__wd1e-04trmiss0_degmodglobal,21,0.658932592187609,0.7278698682785034,0.2444444444444444,0.5279381112714446,0.5,0.0,0.6437087995665414,0.6410924536841256,0.042343719729355404,0.1450840894665037,0.0,0.0,0.0,0.0,0.0,18473,global,0.0
4,2,lr1e-05_bs8_drop0p2_temp2p0_a0p25_b0p05__wd1e-04trmiss0_degmodglobal,8,1e-05,0.0001,0.2,2.0,0.25,0.05,lr1e-05_bs8_drop0p2_temp2p0_a0p25_b0p05__wd1e-04trmiss0_degmodglobal,22,0.6247152771268573,0.7292203009128571,0.26666666666666666,0.5358746192079525,0.5,0.0,0.618597958769117,0.6116497942379543,0.03274121800703662,0.09760352703077453,0.0,0.0,0.0,0.0,0.0,18473,global,0.0
4,2,lr1e-05_bs8_drop0p2_temp2p0_a0p25_b0p05__wd1e-04trmiss0_degmodglobal,8,1e-05,0.0001,0.2,2.0,0.25,0.05,lr1e-05_bs8_drop0p2_temp2p0_a0p25_b0p05__wd1e-04trmiss0_degmodglobal,23,0.6509549362318856,0.7280420660972595,0.26666666666666666,0.5358746192079525,0.5,0.0,0.6436360052653721,0.6341112170900617,0.04126547888985702,0.1305468955210277,0.0,0.0,0.0,0.0,0.0,18473,global,0.0
4,2,lr1e-05_bs8_drop0p2_temp2p0_a0p25_b0p05__wd1e-04trmiss0_degmodglobal,8,1e-05,0.0001,0.2,2.0,0.25,0.05,lr1e-05_bs8_drop0p2_temp2p0_a0p25_b0p05__wd1e-04trmiss0_degmodglobal,24,0.6222493648529053,0.728564977645874,0.26666666666666666,0.5358746192079525,0.5,0.0,0.6263568827084133,0.6065731644630432,0.041581464399184496,0.10561679782611984,0.0,0.0,0.0,0.0,0.0,18473,global,0.0
4,2,lr1e-05_bs8_drop0p2_temp2p0_a0p25_b0p05__wd1e-04trmiss0_degmodglobal,8,1e-05,0.0001,0.2,2.0,0.25,0.05,lr1e-05_bs8_drop0p2_temp2p0_a0p25_b0p05__wd1e-04trmiss0_degmodglobal,25,0.6270708186285836,0.7277244031429291,0.26666666666666666,0.5358746192079525,0.5,0.0,0.629938006401062,0.6123306580952236,0.03676650673151016,0.11097063709582601,0.0,0.0,0.0,0.0,0.0,18473,global,0.0
4,2,lr1e-05_bs8_drop0p2_temp2p0_a0p25_b0p05__wd1e-04trmiss0_degmodglobal,8,1e-05,0.0001,0.2,2.0,0.25,0.05,lr1e-05_bs8_drop0p2_temp2p0_a0p25_b0p05__wd1e-04trmiss0_degmodglobal,26,0.6108877403395516,0.7270572483539581,0.26666666666666666,0.5358746192079525,0.5,0.0,0.6111584901809692,0.5940988574709211,0.04038587345608643,0.13384832335369928,0.0,0.0,0.0,0.0,0.0,18473,global,0.0
4,2,lr1e-05_bs8_drop0p4_temp1p0_a0p25_b0p05__wd1e-04trmiss0_degmodglobal,8,1e-05,0.0001,0.4,1.0,0.25,0.05,lr1e-05_bs8_drop0p4_temp1p0_a0p25_b0p05__wd1e-04trmiss0_degmodglobal,1,0.7613650645528521,0.7294021844863892,0.5111111111111111,0.7361730861730862,0.42857142857142855,0.0,0.7238584671701703,0.7219102893556867,0.09942000997917992,0.2919955296175821,0.0,0.0,0.0,0.0,0.0,18473,global,0.0
4,2,lr1e-05_bs8_drop0p4_temp1p0_a0p25_b0p05__wd1e-04trmiss0_degmodglobal,8,1e-05,0.0001,0.4,1.0,0.25,0.05,lr1e-05_bs8_drop0p4_temp1p0_a0p25_b0p05__wd1e-04trmiss0_degmodglobal,2,0.7323400463376727,0.7421076595783234,0.5333333333333333,0.741871091871092,0.42857142857142855,0.0,0.7130722744124276,0.7017661758831569,0.07795583669628416,0.22169837887798036,0.0,0.0,0.0,0.0,0.0,18473,global,0.0
4,2,lr1e-05_bs8_drop0p4_temp1p0_a0p25_b0p05__wd1e-04trmiss0_degmodglobal,8,1e-05,0.0001,0.4,1.0,0.25,0.05,lr1e-05_bs8_drop0p4_temp1p0_a0p25_b0p05__wd1e-04trmiss0_degmodglobal,3,0.7902852637427193,0.7505376636981964,0.5333333333333333,0.741871091871092,0.42857142857142855,0.0,0.7157278656959534,0.7603080868721008,0.07780413436038154,0.21052258568150656,0.0,0.0,0.0,0.0,0.0,18473,global,0.0
4,2,lr1e-05_bs8_drop0p4_temp1p0_a0p25_b0p05__wd1e-04trmiss0_degmodglobal,8,1e-05,0.0001,0.4,1.0,0.25,0.05,lr1e-05_bs8_drop0p4_temp1p0_a0p25_b0p05__wd1e-04trmiss0_degmodglobal,4,0.7621455873761859,0.7583496570587158,0.5111111111111111,0.7048340548340548,0.42857142857142855,0.0,0.7081621374402728,0.7339090194020953,0.0718342454305717,0.20556035318544932,0.0,0.0,0.0,0.0,0.0,18473,global,0.0
4,2,lr1e-05_bs8_drop0p4_temp1p0_a0p25_b0p05__wd1e-04trmiss0_degmodglobal,8,1e-05,0.0001,0.4,1.0,0.25,0.05,lr1e-05_bs8_drop0p4_temp1p0_a0p25_b0p05__wd1e-04trmiss0_degmodglobal,5,0.7243558168411255,0.7584687769412994,0.5111111111111111,0.7048340548340548,0.42857142857142855,0.0,0.6993098088673183,0.6977285827909198,0.07118271929877144,0.17663106748035975,0.0,0.0,0.0,0.0,0.0,18473,global,0.0
4,2,lr1e-05_bs8_drop0p4_temp1p0_a0p25_b0p05__wd1e-04trmiss0_degmodglobal,8,1e-05,0.0001,0.4,1.0,0.25,0.05,lr1e-05_bs8_drop0p4_temp1p0_a0p25_b0p05__wd1e-04trmiss0_degmodglobal,6,0.7458089419773647,0.7549417912960052,0.4888888888888888,0.6955747955747955,0.42857142857142855,0.0,0.6751845734460014,0.7138300878661019,0.0816592409142426,0.23128086967127665,0.0,0.0,0.0,0.0,0.0,18473,global,0.0
4,2,lr1e-05_bs8_drop0p4_temp1p0_a0p25_b0p05__wd1e-04trmiss0_degmodglobal,8,1e-05,0.0001,0.4,1.0,0.25,0.05,lr1e-05_bs8_drop0p4_temp1p0_a0p25_b0p05__wd1e-04trmiss0_degmodglobal,7,0.7410003883498055,0.7574611902236938,0.4888888888888888,0.6955747955747955,0.42857142857142855,0.0,0.708527956690107,0.7130226237433297,0.07257315250379699,0.19668968341180257,0.0,0.0,0.0,0.0,0.0,18473,global,0.0
4,2,lr1e-05_bs8_drop0p4_temp1p0_a0p25_b0p05__wd1e-04trmiss0_degmodglobal,8,1e-05,0.0001,0.4,1.0,0.25,0.05,lr1e-05_bs8_drop0p4_temp1p0_a0p25_b0p05__wd1e-04trmiss0_degmodglobal,8,0.703842282295227,0.7642733156681061,0.5111111111111111,0.7048340548340548,0.42857142857142855,0.0,0.6738781247820173,0.6795072555541992,0.06818754571889128,0.14576310451541627,0.0,0.0,0.0,0.0,0.0,18473,global,0.0
4,2,lr1e-05_bs8_drop0p4_temp1p0_a0p25_b0p05__wd1e-04trmiss0_degmodglobal,8,1e-05,0.0001,0.4,1.0,0.25,0.05,lr1e-05_bs8_drop0p4_temp1p0_a0p25_b0p05__wd1e-04trmiss0_degmodglobal,9,0.7306382996695382,0.7617839574813843,0.4888888888888888,0.6955747955747955,0.42857142857142855,0.0,0.690163620880672,0.6996179563658578,0.08185137063264847,0.21114992669650487,0.0,0.0,0.0,0.0,0.0,18473,global,0.0
4,2,lr1e-05_bs8_drop0p4_temp1p0_a0p25_b0p05__wd1e-04trmiss0_degmodglobal,8,1e-05,0.0001,0.4,1.0,0.25,0.05,lr1e-05_bs8_drop0p4_temp1p0_a0p25_b0p05__wd1e-04trmiss0_degmodglobal,10,0.7359860283987862,0.7537502646446228,0.4888888888888888,0.6955747955747955,0.42857142857142855,0.0,0.6745745113917759,0.7105236990111214,0.06914232830916132,0.163535119167396,0.0,0.0,0.0,0.0,0.0,18473,global,0.0
4,2,lr1e-05_bs8_drop0p4_temp1p0_a0p25_b0p05__wd1e-04trmiss0_degmodglobal,8,1e-05,0.0001,0.4,1.0,0.25,0.05,lr1e-05_bs8_drop0p4_temp1p0_a0p25_b0p05__wd1e-04trmiss0_degmodglobal,11,0.7384238583700997,0.7509007751941681,0.4888888888888888,0.6955747955747955,0.42857142857142855,0.0,0.6635490741048541,0.7052575945854187,0.0878750958612987,0.2239496729203633,0.0,0.0,0.0,0.0,0.0,18473,global,0.0
4,2,lr1e-05_bs8_drop0p4_temp1p0_a0p25_b0p05__wd1e-04trmiss0_degmodglobal,8,1e-05,0.0001,0.4,1.0,0.25,0.05,lr1e-05_bs8_drop0p4_temp1p0_a0p25_b0p05__wd1e-04trmiss0_degmodglobal,12,0.76658547776086,0.7572673559188843,0.5333333333333333,0.7215007215007214,0.42857142857142855,0.0,0.6874498980385917,0.7288677777562823,0.0968915234719004,0.2698967879904168,0.0,0.0,0.0,0.0,0.0,18473,global,0.0
4,2,lr1e-05_bs8_drop0p4_temp1p0_a0p25_b0p05__wd1e-04trmiss0_degmodglobal,8,1e-05,0.0001,0.4,1.0,0.25,0.05,lr1e-05_bs8_drop0p4_temp1p0_a0p25_b0p05__wd1e-04trmiss0_degmodglobal,13,0.7381015334810529,0.7603212893009186,0.5333333333333333,0.7215007215007214,0.42857142857142855,0.0,0.6717553649629865,0.7119615588869367,0.07165172110710825,0.16454108538372175,0.0,0.0,0.0,0.0,0.0,18473,global,0.0
4,2,lr1e-05_bs8_drop0p4_temp1p0_a0p25_b0p05__wd1e-04trmiss0_degmodglobal,8,1e-05,0.0001,0.4,1.0,0.25,0.05,lr1e-05_bs8_drop0p4_temp1p0_a0p25_b0p05__wd1e-04trmiss0_degmodglobal,14,0.762887009552547,0.7599214315414429,0.5333333333333333,0.7215007215007214,0.42857142857142855,0.0,0.6587280631065369,0.7336621369634356,0.07649917368377958,0.202001690864563,0.0,0.0,0.0,0.0,0.0,18473,global,0.0
4,2,lr1e-05_bs8_drop0p4_temp1p0_a0p25_b0p05__wd1e-04trmiss0_degmodglobal,8,1e-05,0.0001,0.4,1.0,0.25,0.05,lr1e-05_bs8_drop0p4_temp1p0_a0p25_b0p05__wd1e-04trmiss0_degmodglobal,15,0.7564130595752171,0.755565732717514,0.5333333333333333,0.7270562770562772,0.42857142857142855,0.0,0.6781691483088902,0.721551137311118,0.09266062825918198,0.2339352113859994,0.0,0.0,0.0,0.0,0.0,18473,global,0.0
4,2,lr1e-05_bs8_drop0p4_temp1p0_a0p25_b0p05__wd1e-04trmiss0_degmodglobal,8,1e-05,0.0001,0.4,1.0,0.25,0.05,lr1e-05_bs8_drop0p4_temp1p0_a0p25_b0p05__wd1e-04trmiss0_degmodglobal,16,0.7385283282824925,0.7584038972854614,0.5111111111111111,0.7122414622414623,0.35714285714285715,0.0,0.6683520589556012,0.7072572197232928,0.08009285160473414,0.2249577386038644,0.0,0.0,0.0,0.0,0.0,18473,global,0.0
4,2,lr1e-05_bs8_drop0p4_temp1p0_a0p25_b0p05__wd1e-04trmiss0_degmodglobal,8,1e-05,0.0001,0.4,1.0,0.25,0.05,lr1e-05_bs8_drop0p4_temp1p0_a0p25_b0p05__wd1e-04trmiss0_degmodglobal,17,0.7415826916694641,0.7582428455352783,0.5333333333333333,0.7270562770562772,0.35714285714285715,0.0,0.6608747158731733,0.7113037790570941,0.08332570801888194,0.18894984360252107,0.0,0.0,0.0,0.0,0.0,18473,global,0.0
4,2,lr1e-05_bs8_drop0p4_temp1p0_a0p25_b0p05__wd1e-04trmiss0_degmodglobal,8,1e-05,0.0001,0.4,1.0,0.25,0.05,lr1e-05_bs8_drop0p4_temp1p0_a0p25_b0p05__wd1e-04trmiss0_degmodglobal,18,0.7140019450868879,0.760316014289856,0.5333333333333333,0.7270562770562772,0.35714285714285715,0.0,0.6744729706219265,0.6887620261737278,0.06835199466773442,0.1630388487662588,0.0,0.0,0.0,0.0,0.0,18473,global,0.0
4,2,lr1e-05_bs8_drop0p4_temp1p0_a0p25_b0p05__wd1e-04trmiss0_degmodglobal,8,1e-05,0.0001,0.4,1.0,0.25,0.05,lr1e-05_bs8_drop0p4_temp1p0_a0p25_b0p05__wd1e-04trmiss0_degmodglobal,19,0.7450003623962402,0.758704662322998,0.5333333333333333,0.7270562770562772,0.35714285714285715,0.0,0.6494027546473912,0.7139309474400112,0.07757228772555079,0.23352683016232081,0.0,0.0,0.0,0.0,0.0,18473,global,0.0
4,2,lr1e-05_bs8_drop0p4_temp1p0_a0p25_b0p05__wd1e-04trmiss0_degmodglobal,8,1e-05,0.0001,0.4,1.0,0.25,0.05,lr1e-05_bs8_drop0p4_temp1p0_a0p25_b0p05__wd1e-04trmiss0_degmodglobal,20,0.7401180522782462,0.758639007806778,0.5333333333333333,0.7270562770562772,0.35714285714285715,0.0,0.6517995425633022,0.7096442665372577,0.07411941885948181,0.23887882700988225,0.0,0.0,0.0,0.0,0.0,18473,global,0.0
4,2,lr1e-05_bs8_drop0p4_temp1p0_a0p25_b0p05__wd1e-04trmiss0_degmodglobal,8,1e-05,0.0001,0.4,1.0,0.25,0.05,lr1e-05_bs8_drop0p4_temp1p0_a0p25_b0p05__wd1e-04trmiss0_degmodglobal,21,0.71804997750691,0.7602151036262512,0.5333333333333333,0.7270562770562772,0.35714285714285715,0.0,0.6550985659871783,0.6916147129876273,0.071099760809115,0.17320671038968222,0.0,0.0,0.0,0.0,0.0,18473,global,0.0
4,2,lr1e-05_bs8_drop0p4_temp1p0_a0p25_b0p05__wd1e-04trmiss0_degmodglobal,8,1e-05,0.0001,0.4,1.0,0.25,0.05,lr1e-05_bs8_drop0p4_temp1p0_a0p25_b0p05__wd1e-04trmiss0_degmodglobal,22,0.7358828868184771,0.7613444924354553,0.5333333333333333,0.7270562770562772,0.35714285714285715,0.0,0.6433423757553101,0.6955974612917218,0.10254144136394773,0.29300105784620556,0.0,0.0,0.0,0.0,0.0,18473,global,0.0
4,2,lr1e-05_bs8_drop0p4_temp1p0_a0p25_b0p05__wd1e-04trmiss0_degmodglobal,8,1e-05,0.0001,0.4,1.0,0.25,0.05,lr1e-05_bs8_drop0p4_temp1p0_a0p25_b0p05__wd1e-04trmiss0_degmodglobal,23,0.7392777800559998,0.7645044922828674,0.5333333333333333,0.7270562770562772,0.35714285714285715,0.0,0.6541709899902344,0.7075614333152771,0.08071380161813327,0.23075823379414423,0.0,0.0,0.0,0.0,0.0,18473,global,0.0
4,2,lr1e-05_bs8_drop0p4_temp1p0_a0p25_b0p05__wd1e-04trmiss0_degmodglobal,8,1e-05,0.0001,0.4,1.0,0.25,0.05,lr1e-05_bs8_drop0p4_temp1p0_a0p25_b0p05__wd1e-04trmiss0_degmodglobal,24,0.70118967124394,0.7611747682094574,0.5333333333333333,0.7270562770562772,0.35714285714285715,0.0,0.6410102759088788,0.6743345260620117,0.06959383828299386,0.18913351159010613,0.0,0.0,0.0,0.0,0.0,18473,global,0.0
4,2,lr1e-05_bs8_drop0p4_temp1p0_a0p25_b0p05__wd1e-04trmiss0_degmodglobal,8,1e-05,0.0001,0.4,1.0,0.25,0.05,lr1e-05_bs8_drop0p4_temp1p0_a0p25_b0p05__wd1e-04trmiss0_degmodglobal,25,0.7149981686047145,0.7655839920043945,0.5333333333333333,0.7270562770562772,0.35714285714285715,0.0,0.6436691539628165,0.6880694627761841,0.07298249432018825,0.1736616806260177,0.0,0.0,0.0,0.0,0.0,18473,global,0.0
4,2,lr1e-05_bs8_drop0p4_temp1p0_a0p25_b0p05__wd1e-04trmiss0_degmodglobal,8,1e-05,0.0001,0.4,1.0,0.25,0.05,lr1e-05_bs8_drop0p4_temp1p0_a0p25_b0p05__wd1e-04trmiss0_degmodglobal,26,0.7152871319225856,0.7633472979068756,0.5333333333333333,0.7270562770562772,0.35714285714285715,0.0,0.6218635099274772,0.6901125397000994,0.06323303229042462,0.1873269953898021,0.0,0.0,0.0,0.0,0.0,18473,global,0.0
4,2,lr1e-05_bs8_drop0p4_temp1p0_a0p25_b0p05__wd1e-04trmiss0_degmodglobal,8,1e-05,0.0001,0.4,1.0,0.25,0.05,lr1e-05_bs8_drop0p4_temp1p0_a0p25_b0p05__wd1e-04trmiss0_degmodglobal,27,0.736190676689148,0.7698157131671906,0.5333333333333333,0.7270562770562772,0.35714285714285715,0.0,0.6462807144437518,0.7081691793033055,0.07162116042205266,0.20232424139976501,0.0,0.0,0.0,0.0,0.0,18473,global,0.0
4,2,lr1e-05_bs8_drop0p4_temp1p0_a0p25_b0p05__wd1e-04trmiss0_degmodglobal,8,1e-05,0.0001,0.4,1.0,0.25,0.05,lr1e-05_bs8_drop0p4_temp1p0_a0p25_b0p05__wd1e-04trmiss0_degmodglobal,28,0.7479930009160723,0.7606593072414398,0.5333333333333333,0.7270562770562772,0.35714285714285715,0.0,0.6005651184490749,0.7140449626105172,0.0831526347569057,0.2631973698735237,0.0,0.0,0.0,0.0,0.0,18473,global,0.0
4,2,lr1e-05_bs8_drop0p4_temp1p0_a0p25_b0p05__wd1e-04trmiss0_degmodglobal,8,1e-05,0.0001,0.4,1.0,0.25,0.05,lr1e-05_bs8_drop0p4_temp1p0_a0p25_b0p05__wd1e-04trmiss0_degmodglobal,29,0.7330078056880406,0.7592805624008179,0.5333333333333333,0.7270562770562772,0.35714285714285715,0.0,0.6144671184676034,0.6927862763404846,0.10457889921963215,0.28153639818940845,0.0,0.0,0.0,0.0,0.0,18473,global,0.0
4,2,lr1e-05_bs8_drop0p4_temp1p0_a0p25_b0p05__wd1e-04trmiss0_degmodglobal,8,1e-05,0.0001,0.4,1.0,0.25,0.05,lr1e-05_bs8_drop0p4_temp1p0_a0p25_b0p05__wd1e-04trmiss0_degmodglobal,30,0.72836948292596,0.7605668008327484,0.5333333333333333,0.7270562770562772,0.35714285714285715,0.0,0.6281290905816215,0.7032631465366909,0.06256002773131643,0.18932673335075378,0.0,0.0,0.0,0.0,0.0,18473,global,0.0
4,2,lr1e-05_bs8_drop0p4_temp1p0_a0p25_b0p05__wd1e-04trmiss0_degmodglobal,8,1e-05,0.0001,0.4,1.0,0.25,0.05,lr1e-05_bs8_drop0p4_temp1p0_a0p25_b0p05__wd1e-04trmiss0_degmodglobal,31,0.7415427650724139,0.7634924054145813,0.5555555555555556,0.7341269841269842,0.35714285714285715,0.0,0.6024648036275592,0.6975120646612984,0.11538446268865041,0.303691387708698,0.0,0.0,0.0,0.0,0.0,18473,global,0.0
4,2,lr1e-05_bs8_drop0p4_temp1p0_a0p25_b0p05__wd1e-04trmiss0_degmodglobal,8,1e-05,0.0001,0.4,1.0,0.25,0.05,lr1e-05_bs8_drop0p4_temp1p0_a0p25_b0p05__wd1e-04trmiss0_degmodglobal,32,0.7043753096035549,0.7616970241069794,0.5333333333333333,0.7270562770562772,0.35714285714285715,0.0,0.640388548374176,0.6724904775619507,0.08813665275062833,0.19701339810022286,0.0,0.0,0.0,0.0,0.0,18473,global,0.0
4,2,lr1e-05_bs8_drop0p4_temp1p0_a0p25_b0p05__wd1e-04trmiss0_degmodglobal,8,1e-05,0.0001,0.4,1.0,0.25,0.05,lr1e-05_bs8_drop0p4_temp1p0_a0p25_b0p05__wd1e-04trmiss0_degmodglobal,33,0.7165487323488507,0.7610092461109161,0.5555555555555556,0.7341269841269842,0.35714285714285715,0.0,0.6352896009172712,0.692128666809627,0.062627198440688,0.175265266426972,0.0,0.0,0.0,0.0,0.0,18473,global,0.0
4,2,lr1e-05_bs8_drop0p4_temp1p0_a0p25_b0p05__wd1e-04trmiss0_degmodglobal,8,1e-05,0.0001,0.4,1.0,0.25,0.05,lr1e-05_bs8_drop0p4_temp1p0_a0p25_b0p05__wd1e-04trmiss0_degmodglobal,34,0.7218249525342669,0.7648929953575134,0.5333333333333333,0.7270562770562772,0.35714285714285715,0.0,0.6238101209912982,0.6961415239742824,0.06380463258496352,0.19464557085718429,0.0,0.0,0.0,0.0,0.0,18473,global,0.0
4,2,lr1e-05_bs8_drop0p4_temp1p0_a0p25_b0p05__wd1e-04trmiss0_degmodglobal,8,1e-05,0.0001,0.4,1.0,0.25,0.05,lr1e-05_bs8_drop0p4_temp1p0_a0p25_b0p05__wd1e-04trmiss0_degmodglobal,35,0.7391570295606341,0.7667622864246368,0.5333333333333333,0.7270562770562772,0.35714285714285715,0.0,0.6173419782093593,0.7092075177601406,0.08462277906281608,0.1758764162659645,0.0,0.0,0.0,0.0,0.0,18473,global,0.0
4,2,lr1e-05_bs8_drop0p4_temp1p0_a0p25_b0p05__wd1e-04trmiss0_degmodglobal,8,1e-05,0.0001,0.4,1.0,0.25,0.05,lr1e-05_bs8_drop0p4_temp1p0_a0p25_b0p05__wd1e-04trmiss0_degmodglobal,36,0.7487990771021161,0.7652032375335693,0.5555555555555556,0.7341269841269842,0.35714285714285715,0.0,0.62729184116636,0.7220958471298218,0.06575120187231473,0.2053086757659912,0.0,0.0,0.0,0.0,0.0,18473,global,0.0
4,2,lr1e-05_bs8_drop0p4_temp1p0_a0p25_b0p05__wd1e-04trmiss0_degmodglobal,8,1e-05,0.0001,0.4,1.0,0.25,0.05,lr1e-05_bs8_drop0p4_temp1p0_a0p25_b0p05__wd1e-04trmiss0_degmodglobal,37,0.7429713010787964,0.7652125954627991,0.5333333333333333,0.7270562770562772,0.35714285714285715,0.0,0.6244727032525199,0.7072831903185163,0.09321115378822599,0.24770660591976984,0.0,0.0,0.0,0.0,0.0,18473,global,0.0
4,2,lr1e-05_bs8_drop0p4_temp1p0_a0p25_b0p05__wd1e-04trmiss0_degmodglobal,8,1e-05,0.0001,0.4,1.0,0.25,0.05,lr1e-05_bs8_drop0p4_temp1p0_a0p25_b0p05__wd1e-04trmiss0_degmodglobal,38,0.739417484828404,0.7634490132331848,0.5555555555555556,0.7341269841269842,0.35714285714285715,0.0,0.6265501550265721,0.7084559542792184,0.07944372296333313,0.2220118428979601,0.0,0.0,0.0,0.0,0.0,18473,global,0.0
4,2,lr1e-05_bs8_drop0p4_temp1p0_a0p25_b0p05__wd1e-04trmiss0_degmodglobal,8,1e-05,0.0001,0.4,1.0,0.25,0.05,lr1e-05_bs8_drop0p4_temp1p0_a0p25_b0p05__wd1e-04trmiss0_degmodglobal,39,0.7023920246532985,0.7629950046539307,0.5555555555555556,0.7341269841269842,0.35714285714285715,0.0,0.6078846795218331,0.6723174112183707,0.08065644013030189,0.1982098227100713,0.0,0.0,0.0,0.0,0.0,18473,global,0.0
4,2,lr1e-05_bs8_drop0p4_temp1p0_a0p25_b0p05__wd1e-04trmiss0_degmodglobal,8,1e-05,0.0001,0.4,1.0,0.25,0.05,lr1e-05_bs8_drop0p4_temp1p0_a0p25_b0p05__wd1e-04trmiss0_degmodglobal,40,0.7126172951289585,0.7647231221199036,0.5333333333333333,0.7270562770562772,0.35714285714285715,0.0,0.6175327301025391,0.6811759982790265,0.08381019958427974,0.20977513704981124,0.0,0.0,0.0,0.0,0.0,18473,global,0.0
4,2,lr1e-05_bs8_drop0p4_temp1p0_a0p25_b0p05__wd1e-04trmiss0_degmodglobal,8,1e-05,0.0001,0.4,1.0,0.25,0.05,lr1e-05_bs8_drop0p4_temp1p0_a0p25_b0p05__wd1e-04trmiss0_degmodglobal,41,0.7481646963528225,0.75858274102211,0.5555555555555556,0.7341269841269842,0.35714285714285715,0.0,0.627460743699755,0.7108196871621268,0.09469439940793174,0.27342820380415234,0.0,0.0,0.0,0.0,0.0,18473,global,0.0
4,2,lr1e-05_bs8_drop0p4_temp1p0_a0p25_b0p05__wd1e-04trmiss0_degmodglobal,8,1e-05,0.0001,0.4,1.0,0.25,0.05,lr1e-05_bs8_drop0p4_temp1p0_a0p25_b0p05__wd1e-04trmiss0_degmodglobal,42,0.749290474823543,0.7591290473937988,0.5555555555555556,0.7341269841269842,0.35714285714285715,0.0,0.6159771851130894,0.7186406680515834,0.08153121971658298,0.20533999055624008,0.0,0.0,0.0,0.0,0.0,18473,global,0.0
4,2,lr1e-05_bs8_drop0p4_temp1p0_a0p25_b0p05__wd1e-04trmiss0_degmodglobal,8,1e-05,0.0001,0.4,1.0,0.25,0.05,lr1e-05_bs8_drop0p4_temp1p0_a0p25_b0p05__wd1e-04trmiss0_degmodglobal,43,0.6986674070358276,0.7624117434024811,0.5555555555555556,0.7341269841269842,0.35714285714285715,0.0,0.6382162570953369,0.6672593355178833,0.08376903352992875,0.20931632071733475,0.0,0.0,0.0,0.0,0.0,18473,global,0.0
4,2,lr1e-05_bs8_drop0p4_temp1p0_a0p25_b0p05__wd1e-04trmiss0_degmodglobal,8,1e-05,0.0001,0.4,1.0,0.25,0.05,lr1e-05_bs8_drop0p4_temp1p0_a0p25_b0p05__wd1e-04trmiss0_degmodglobal,44,0.7073413048471723,0.7583174407482147,0.5555555555555556,0.7341269841269842,0.35714285714285715,0.0,0.6229037897927421,0.6827703969819205,0.06631813145109586,0.1598276687519891,0.0,0.0,0.0,0.0,0.0,18473,global,0.0
4,2,lr1e-05_bs8_drop0p4_temp1p0_a0p25_b0p05__wd1e-04trmiss0_degmodglobal,8,1e-05,0.0001,0.4,1.0,0.25,0.05,lr1e-05_bs8_drop0p4_temp1p0_a0p25_b0p05__wd1e-04trmiss0_degmodglobal,45,0.739181569644383,0.7635045945644379,0.5555555555555556,0.7341269841269842,0.35714285714285715,0.0,0.6110263977731977,0.7016727328300476,0.09111366740294866,0.2946084775030613,0.0,0.0,0.0,0.0,0.0,18473,global,0.0
4,2,lr1e-05_bs8_drop0p4_temp1p0_a0p25_b0p05__wd1e-04trmiss0_degmodglobal,8,1e-05,0.0001,0.4,1.0,0.25,0.05,lr1e-05_bs8_drop0p4_temp1p0_a0p25_b0p05__wd1e-04trmiss0_degmodglobal,46,0.7575699942452567,0.7598423063755035,0.5555555555555556,0.7341269841269842,0.35714285714285715,0.0,0.5893294896398272,0.7122150829860142,0.11865649478776115,0.31381569483450483,0.0,0.0,0.0,0.0,0.0,18473,global,0.0
4,2,lr1e-05_bs8_drop0p4_temp1p0_a0p25_b0p05__wd1e-04trmiss0_degmodglobal,8,1e-05,0.0001,0.4,1.0,0.25,0.05,lr1e-05_bs8_drop0p4_temp1p0_a0p25_b0p05__wd1e-04trmiss0_degmodglobal,47,0.7812752042497907,0.760495513677597,0.5555555555555556,0.7341269841269842,0.35714285714285715,0.0,0.5807657837867737,0.7374727640833173,0.10445269835846764,0.3537854179739952,0.0,0.0,0.0,0.0,0.0,18473,global,0.0
4,2,lr1e-05_bs8_drop0p4_temp1p0_a0p25_b0p05__wd1e-04trmiss0_degmodglobal,8,1e-05,0.0001,0.4,1.0,0.25,0.05,lr1e-05_bs8_drop0p4_temp1p0_a0p25_b0p05__wd1e-04trmiss0_degmodglobal,48,0.7252505762236459,0.7661563158035278,0.5333333333333333,0.7270562770562772,0.35714285714285715,0.0,0.5957255363464355,0.6892691680363247,0.09662922099232674,0.23648173362016678,0.0,0.0,0.0,0.0,0.0,18473,global,0.0
4,2,lr1e-05_bs8_drop0p4_temp1p0_a0p25_b0p05__wd1e-04trmiss0_degmodglobal,8,1e-05,0.0001,0.4,1.0,0.25,0.05,lr1e-05_bs8_drop0p4_temp1p0_a0p25_b0p05__wd1e-04trmiss0_degmodglobal,49,0.7409915668623788,0.7610020041465759,0.5555555555555556,0.7341269841269842,0.35714285714285715,0.0,0.582205057144165,0.7023749096052987,0.09865557828119823,0.2790552792804582,0.0,0.0,0.0,0.0,0.0,18473,global,0.0
4,2,lr1e-05_bs8_drop0p4_temp1p0_a0p25_b0p05__wd1e-04trmiss0_degmodglobal,8,1e-05,0.0001,0.4,1.0,0.25,0.05,lr1e-05_bs8_drop0p4_temp1p0_a0p25_b0p05__wd1e-04trmiss0_degmodglobal,50,0.7356571555137634,0.7628161609172821,0.5333333333333333,0.7270562770562772,0.35714285714285715,0.0,0.6252625754901341,0.7069184013775417,0.0726562568119594,0.21149390297276632,0.0,0.0,0.0,0.0,0.0,18473,global,0.0
4,2,lr1e-05_bs8_drop0p4_temp1p0_a0p25_b0p05__wd1e-04trmiss0_degmodglobal,8,1e-05,0.0001,0.4,1.0,0.25,0.05,lr1e-05_bs8_drop0p4_temp1p0_a0p25_b0p05__wd1e-04trmiss0_degmodglobal,51,0.740329018660954,0.7632486522197723,0.5555555555555556,0.7341269841269842,0.35714285714285715,0.0,0.6080415759767804,0.7083687101091657,0.07758341569985662,0.25128908455371857,0.0,0.0,0.0,0.0,0.0,18473,global,0.0
4,2,lr1e-05_bs8_drop0p4_temp1p0_a0p25_b0p05__wd1e-04trmiss0_degmodglobal,8,1e-05,0.0001,0.4,1.0,0.25,0.05,lr1e-05_bs8_drop0p4_temp1p0_a0p25_b0p05__wd1e-04trmiss0_degmodglobal,52,0.7053477082933698,0.7564706802368164,0.5555555555555556,0.7341269841269842,0.35714285714285715,0.0,0.6110089591571263,0.6768135343279157,0.07217514355267797,0.2098078110388347,0.0,0.0,0.0,0.0,0.0,18473,global,0.0
4,2,lr1e-05_bs8_drop0p4_temp1p0_a0p25_b0p05__wd1e-04trmiss0_degmodglobal,8,1e-05,0.0001,0.4,1.0,0.25,0.05,lr1e-05_bs8_drop0p4_temp1p0_a0p25_b0p05__wd1e-04trmiss0_degmodglobal,53,0.7265493529183524,0.7586190402507782,0.5555555555555556,0.7341269841269842,0.35714285714285715,0.0,0.6092990381377084,0.6909254533903939,0.0872561548437391,0.27619724507842747,0.0,0.0,0.0,0.0,0.0,18473,global,0.0
4,2,lr1e-05_bs8_drop0p4_temp1p0_a0p25_b0p05__wd1e-04trmiss0_degmodglobal,8,1e-05,0.0001,0.4,1.0,0.25,0.05,lr1e-05_bs8_drop0p4_temp1p0_a0p25_b0p05__wd1e-04trmiss0_degmodglobal,54,0.7254918047360012,0.7582384645938873,0.5555555555555556,0.7341269841269842,0.35714285714285715,0.0,0.6086187532969883,0.6950122799192157,0.08200360089540482,0.19957268238067627,0.0,0.0,0.0,0.0,0.0,18473,global,0.0
4,2,lr1e-05_bs8_drop0p4_temp1p0_a0p25_b0p05__wd1e-04trmiss0_degmodglobal,8,1e-05,0.0001,0.4,1.0,0.25,0.05,lr1e-05_bs8_drop0p4_temp1p0_a0p25_b0p05__wd1e-04trmiss0_degmodglobal,55,0.7148387091500419,0.7568939030170441,0.5555555555555556,0.7341269841269842,0.35714285714285715,0.0,0.5975179587091718,0.6866257275853839,0.06944833483014788,0.21701790392398834,0.0,0.0,0.0,0.0,0.0,18473,global,0.0
4,2,lr1e-05_bs8_drop0p4_temp1p0_a0p25_b0p05__wd1e-04trmiss0_degmodglobal,8,1e-05,0.0001,0.4,1.0,0.25,0.05,lr1e-05_bs8_drop0p4_temp1p0_a0p25_b0p05__wd1e-04trmiss0_degmodglobal,56,0.7527419924736023,0.7612521648406982,0.5555555555555556,0.7341269841269842,0.35714285714285715,0.0,0.5835895325456347,0.71532313312803,0.09142891849790301,0.29123275194849285,0.0,0.0,0.0,0.0,0.0,18473,global,0.0
4,2,lr1e-05_bs8_drop0p4_temp1p0_a0p25_b0p05__wd1e-04trmiss0_degmodglobal,8,1e-05,0.0001,0.4,1.0,0.25,0.05,lr1e-05_bs8_drop0p4_temp1p0_a0p25_b0p05__wd1e-04trmiss0_degmodglobal,57,0.7399258443287441,0.7587885856628418,0.5555555555555556,0.7341269841269842,0.35714285714285715,0.0,0.614057081086295,0.7147978118487767,0.0667072098170008,0.1690245776304177,0.0,0.0,0.0,0.0,0.0,18473,global,0.0
4,2,lr1e-05_bs8_drop0p4_temp1p0_a0p25_b0p05__wd1e-04trmiss0_degmodglobal,8,1e-05,0.0001,0.4,1.0,0.25,0.05,lr1e-05_bs8_drop0p4_temp1p0_a0p25_b0p05__wd1e-04trmiss0_degmodglobal,58,0.7555434448378426,0.7594216465950012,0.5555555555555556,0.7341269841269842,0.35714285714285715,0.0,0.594558869089399,0.7162333386284965,0.0987307322876794,0.2925484020795141,0.0,0.0,0.0,0.0,0.0,18473,global,0.0
4,2,lr1e-05_bs8_drop0p4_temp1p0_a0p25_b0p05__wd1e-04trmiss0_degmodglobal,8,1e-05,0.0001,0.4,1.0,0.25,0.05,lr1e-05_bs8_drop0p4_temp1p0_a0p25_b0p05__wd1e-04trmiss0_degmodglobal,59,0.7329618760517665,0.7623396217823029,0.5555555555555556,0.7341269841269842,0.35714285714285715,0.0,0.602270667042051,0.69584002665111,0.09740241936274938,0.25542489864996504,0.0,0.0,0.0,0.0,0.0,18473,global,0.0
4,2,lr1e-05_bs8_drop0p4_temp1p0_a0p25_b0p05__wd1e-04trmiss0_degmodglobal,8,1e-05,0.0001,0.4,1.0,0.25,0.05,lr1e-05_bs8_drop0p4_temp1p0_a0p25_b0p05__wd1e-04trmiss0_degmodglobal,60,0.7707484364509583,0.7576805651187897,0.5555555555555556,0.7341269841269842,0.35714285714285715,0.0,0.5668836406299046,0.7190087267330715,0.12251502807651247,0.42221922108105253,0.0,0.0,0.0,0.0,0.0,18473,global,0.0
4,2,lr1e-05_bs8_drop0p4_temp1p0_a0p25_b0p05__wd1e-04trmiss0_degmodglobal,8,1e-05,0.0001,0.4,1.0,0.25,0.05,lr1e-05_bs8_drop0p4_temp1p0_a0p25_b0p05__wd1e-04trmiss0_degmodglobal,61,0.7326010891369411,0.7607828080654144,0.5555555555555556,0.7341269841269842,0.35714285714285715,0.0,0.5883806262697492,0.7003213763237,0.08202970772981644,0.23544541001319885,0.0,0.0,0.0,0.0,0.0,18473,global,0.0
4,2,lr1e-05_bs8_drop0p4_temp1p0_a0p25_b0p05__wd1e-04trmiss0_degmodglobal,8,1e-05,0.0001,0.4,1.0,0.25,0.05,lr1e-05_bs8_drop0p4_temp1p0_a0p25_b0p05__wd1e-04trmiss0_degmodglobal,62,0.7624749541282654,0.7585989534854889,0.5555555555555556,0.7341269841269842,0.35714285714285715,0.0,0.6082913790430341,0.713464481489999,0.12326334310429436,0.36389291499342236,0.0,0.0,0.0,0.0,0.0,18473,global,0.0
4,2,lr1e-05_bs8_drop0p4_temp1p0_a0p25_b0p05__wd1e-04trmiss0_degmodglobal,8,1e-05,0.0001,0.4,1.0,0.25,0.05,lr1e-05_bs8_drop0p4_temp1p0_a0p25_b0p05__wd1e-04trmiss0_degmodglobal,63,0.7771768229348319,0.7610220909118652,0.5555555555555556,0.7341269841269842,0.35714285714285715,0.0,0.5542976089886257,0.7269931094987052,0.11695747928959983,0.4188865614788873,0.0,0.0,0.0,0.0,0.0,18473,global,0.0
4,2,lr1e-05_bs8_drop0p4_temp1p0_a0p25_b0p05__wd1e-04trmiss0_degmodglobal,8,1e-05,0.0001,0.4,1.0,0.25,0.05,lr1e-05_bs8_drop0p4_temp1p0_a0p25_b0p05__wd1e-04trmiss0_degmodglobal,64,0.7310487372534615,0.7545695602893829,0.5555555555555556,0.7341269841269842,0.35714285714285715,0.0,0.565488874912262,0.6937296390533447,0.1001441138131278,0.24566140451601573,0.0,0.0,0.0,0.0,0.0,18473,global,0.0
4,2,lr1e-05_bs8_drop0p4_temp1p0_a0p25_b0p05__wd1e-04trmiss0_degmodglobal,8,1e-05,0.0001,0.4,1.0,0.25,0.05,lr1e-05_bs8_drop0p4_temp1p0_a0p25_b0p05__wd1e-04trmiss0_degmodglobal,65,0.7271325673375811,0.7586311995983124,0.5555555555555556,0.7341269841269842,0.35714285714285715,0.0,0.5735605869974408,0.6825425795146397,0.11392098665237427,0.32219509727188517,0.0,0.0,0.0,0.0,0.0,18473,global,0.0
4,2,lr1e-05_bs8_drop0p4_temp1p0_a0p25_b0p05__wd1e-04trmiss0_degmodglobal,8,1e-05,0.0001,0.4,1.0,0.25,0.05,lr1e-05_bs8_drop0p4_temp1p0_a0p25_b0p05__wd1e-04trmiss0_degmodglobal,66,0.7148405568940299,0.7593574225902557,0.5555555555555556,0.7341269841269842,0.35714285714285715,0.0,0.5973318219184875,0.6804381694112506,0.09228994484458651,0.2265982564006533,0.0,0.0,0.0,0.0,0.0,18473,global,0.0
4,2,lr1e-05_bs8_drop0p4_temp1p0_a0p25_b0p05__wd1e-04trmiss0_degmodglobal,8,1e-05,0.0001,0.4,1.0,0.25,0.05,lr1e-05_bs8_drop0p4_temp1p0_a0p25_b0p05__wd1e-04trmiss0_degmodglobal,67,0.7527080518858773,0.7584002614021301,0.5555555555555556,0.7341269841269842,0.35714285714285715,0.0,0.5804485508373806,0.7173796892166138,0.08527507952281407,0.280191781265395,0.0,0.0,0.0,0.0,0.0,18473,global,0.0
4,2,lr1e-05_bs8_drop0p4_temp1p0_a0p25_b0p05__wd1e-04trmiss0_degmodglobal,8,1e-05,0.0001,0.4,1.0,0.25,0.05,lr1e-05_bs8_drop0p4_temp1p0_a0p25_b0p05__wd1e-04trmiss0_degmodglobal,68,0.7686882444790432,0.7607117593288422,0.5555555555555556,0.7341269841269842,0.35714285714285715,0.0,0.5660458036831447,0.7157800878797259,0.13018275371619634,0.4072497146470206,0.0,0.0,0.0,0.0,0.0,18473,global,0.0
4,2,lr1e-05_bs8_drop0p4_temp1p0_a0p25_b0p05__wd1e-04trmiss0_degmodglobal,8,1e-05,0.0001,0.4,1.0,0.25,0.05,lr1e-05_bs8_drop0p4_temp1p0_a0p25_b0p05__wd1e-04trmiss0_degmodglobal,69,0.7200601441519601,0.7644794583320618,0.5555555555555556,0.7341269841269842,0.35714285714285715,0.0,0.5984583667346409,0.6821046130997794,0.10037425479718617,0.25723952267851147,0.0,0.0,0.0,0.0,0.0,18473,global,0.0
4,2,lr1e-05_bs8_drop0p4_temp1p0_a0p25_b0p05__wd1e-04trmiss0_degmodglobal,8,1e-05,0.0001,0.4,1.0,0.25,0.05,lr1e-05_bs8_drop0p4_temp1p0_a0p25_b0p05__wd1e-04trmiss0_degmodglobal,70,0.7295000978878566,0.7652749717235565,0.5555555555555556,0.7341269841269842,0.35714285714285715,0.0,0.5956080385616848,0.6949025222233364,0.08539399717535291,0.26498148164578844,0.0,0.0,0.0,0.0,0.0,18473,global,0.0
4,2,lr1e-05_bs8_drop0p4_temp1p0_a0p25_b0p05__wd1e-04trmiss0_degmodglobal,8,1e-05,0.0001,0.4,1.0,0.25,0.05,lr1e-05_bs8_drop0p4_temp1p0_a0p25_b0p05__wd1e-04trmiss0_degmodglobal,71,0.7348230310848781,0.7586837410926819,0.5555555555555556,0.7341269841269842,0.35714285714285715,0.0,0.579873868397304,0.6951219780104501,0.09792588012559074,0.3043913042971066,0.0,0.0,0.0,0.0,0.0,18473,global,0.0
4,2,lr1e-05_bs8_drop0p4_temp1p0_a0p25_b0p05__wd1e-04trmiss0_degmodglobal,8,1e-05,0.0001,0.4,1.0,0.25,0.05,lr1e-05_bs8_drop0p4_temp1p0_a0p25_b0p05__wd1e-04trmiss0_degmodglobal,72,0.7025549582072667,0.7586608231067657,0.5555555555555556,0.7341269841269842,0.35714285714285715,0.0,0.5728472982134137,0.6754712377275739,0.07505765929818153,0.1663860087948186,0.0,0.0,0.0,0.0,0.0,18473,global,0.0
4,2,lr1e-05_bs8_drop0p4_temp1p0_a0p25_b0p05__wd1e-04trmiss0_degmodglobal,8,1e-05,0.0001,0.4,1.0,0.25,0.05,lr1e-05_bs8_drop0p4_temp1p0_a0p25_b0p05__wd1e-04trmiss0_degmodglobal,73,0.7034910917282104,0.756690502166748,0.5555555555555556,0.7341269841269842,0.35714285714285715,0.0,0.5744800397327968,0.6641503231866019,0.10426751098462514,0.2654778669987406,0.0,0.0,0.0,0.0,0.0,18473,global,0.0
4,2,lr1e-05_bs8_drop0p4_temp1p0_a0p25_b0p05__wd1e-04trmiss0_degmodglobal,8,1e-05,0.0001,0.4,1.0,0.25,0.05,lr1e-05_bs8_drop0p4_temp1p0_a0p25_b0p05__wd1e-04trmiss0_degmodglobal,74,0.6823200157710484,0.7599875926971436,0.5555555555555556,0.7341269841269842,0.35714285714285715,0.0,0.5838604654584613,0.6544800996780396,0.08292927247072969,0.14215175381728581,0.0,0.0,0.0,0.0,0.0,18473,global,0.0
4,2,lr1e-05_bs8_drop0p4_temp1p0_a0p25_b0p05__wd1e-04trmiss0_degmodglobal,8,1e-05,0.0001,0.4,1.0,0.25,0.05,lr1e-05_bs8_drop0p4_temp1p0_a0p25_b0p05__wd1e-04trmiss0_degmodglobal,75,0.732171084199633,0.7602136135101318,0.5555555555555556,0.7341269841269842,0.35714285714285715,0.0,0.5596984710012164,0.6901158179555621,0.1038994842341968,0.32160796225070953,0.0,0.0,0.0,0.0,0.0,18473,global,0.0
4,2,lr1e-05_bs8_drop0p4_temp1p0_a0p25_b0p05__wd1e-04trmiss0_degmodglobal,8,1e-05,0.0001,0.4,1.0,0.25,0.05,lr1e-05_bs8_drop0p4_temp1p0_a0p25_b0p05__wd1e-04trmiss0_degmodglobal,76,0.7272554636001587,0.7613173127174377,0.5555555555555556,0.7341269841269842,0.35714285714285715,0.0,0.5693989736693246,0.6815169198172433,0.1184940178479467,0.3223010716693742,0.0,0.0,0.0,0.0,0.0,18473,global,0.0
4,2,lr1e-05_bs8_drop0p4_temp1p0_a0p25_b0p05__wd1e-04trmiss0_degmodglobal,8,1e-05,0.0001,0.4,1.0,0.25,0.05,lr1e-05_bs8_drop0p4_temp1p0_a0p25_b0p05__wd1e-04trmiss0_degmodglobal,77,0.7311287777764457,0.7576709687709808,0.5555555555555556,0.7341269841269842,0.35714285714285715,0.0,0.57767425264631,0.6894420981407166,0.10970379625047956,0.2852149499314172,0.0,0.0,0.0,0.0,0.0,18473,global,0.0
4,2,lr1e-05_bs8_drop0p4_temp1p0_a0p25_b0p05__wd1e-04trmiss0_degmodglobal,8,1e-05,0.0001,0.4,1.0,0.25,0.05,lr1e-05_bs8_drop0p4_temp1p0_a0p25_b0p05__wd1e-04trmiss0_degmodglobal,78,0.724972094808306,0.7630712985992432,0.5555555555555556,0.7341269841269842,0.35714285714285715,0.0,0.5650522538593837,0.6891029391969953,0.09208607194679123,0.25695282007966724,0.0,0.0,0.0,0.0,0.0,18473,global,0.0
4,2,lr1e-05_bs8_drop0p4_temp1p0_a0p25_b0p05__wd1e-04trmiss0_degmodglobal,8,1e-05,0.0001,0.4,1.0,0.25,0.05,lr1e-05_bs8_drop0p4_temp1p0_a0p25_b0p05__wd1e-04trmiss0_degmodglobal,79,0.7766633544649396,0.7614797353744507,0.5555555555555556,0.7341269841269842,0.35714285714285715,0.0,0.5736462133271354,0.7245571187564305,0.1312634316938264,0.3858075908252171,0.0,0.0,0.0,0.0,0.0,18473,global,0.0
4,2,lr1e-05_bs8_drop0p4_temp1p0_a0p25_b0p05__wd1e-04trmiss0_degmodglobal,8,1e-05,0.0001,0.4,1.0,0.25,0.05,lr1e-05_bs8_drop0p4_temp1p0_a0p25_b0p05__wd1e-04trmiss0_degmodglobal,80,0.6928008965083531,0.7584725618362427,0.5555555555555556,0.7341269841269842,0.35714285714285715,0.0,0.536857715674809,0.6592200994491577,0.08695534723145622,0.2368390384529318,0.0,0.0,0.0,0.0,0.0,18473,global,0.0
4,2,lr1e-05_bs8_drop0p4_temp2p0_a0p25_b0p05__wd1e-04trmiss0_degmodglobal,8,1e-05,0.0001,0.4,2.0,0.25,0.05,lr1e-05_bs8_drop0p4_temp2p0_a0p25_b0p05__wd1e-04trmiss0_degmodglobal,1,0.7442138280187335,0.6978724002838135,0.42222222222222217,0.6765771265771265,0.5,0.0,0.7145589675222125,0.711921615259988,0.09049782902002335,0.1933552207691329,0.0,0.0,0.0,0.0,0.0,18473,global,0.0
4,2,lr1e-05_bs8_drop0p4_temp2p0_a0p25_b0p05__wd1e-04trmiss0_degmodglobal,8,1e-05,0.0001,0.4,2.0,0.25,0.05,lr1e-05_bs8_drop0p4_temp2p0_a0p25_b0p05__wd1e-04trmiss0_degmodglobal,2,0.7128326041357858,0.6995536088943481,0.4666666666666667,0.721021571021571,0.5,0.0,0.7339501891817365,0.6745233706065586,0.11668902635574341,0.18273975274392537,0.0,0.0,0.0,0.0,0.0,18473,global,0.0
4,2,lr1e-05_bs8_drop0p4_temp2p0_a0p25_b0p05__wd1e-04trmiss0_degmodglobal,8,1e-05,0.0001,0.4,2.0,0.25,0.05,lr1e-05_bs8_drop0p4_temp2p0_a0p25_b0p05__wd1e-04trmiss0_degmodglobal,3,0.6830337473324367,0.696510374546051,0.4888888888888889,0.7302808302808304,0.5,0.0,0.6964060579027448,0.6548987030982971,0.08931115908282143,0.11614509033305305,0.0,0.0,0.0,0.0,0.0,18473,global,0.0
4,2,lr1e-05_bs8_drop0p4_temp2p0_a0p25_b0p05__wd1e-04trmiss0_degmodglobal,8,1e-05,0.0001,0.4,2.0,0.25,0.05,lr1e-05_bs8_drop0p4_temp2p0_a0p25_b0p05__wd1e-04trmiss0_degmodglobal,4,0.7200081944465637,0.6942667365074158,0.5111111111111111,0.7361730861730862,0.5714285714285714,0.0,0.7105879443032401,0.6824681162834167,0.11459727159568242,0.17781519623739378,0.0,0.0,0.0,0.0,0.0,18473,global,0.0
4,2,lr1e-05_bs8_drop0p4_temp2p0_a0p25_b0p05__wd1e-04trmiss0_degmodglobal,8,1e-05,0.0001,0.4,2.0,0.25,0.05,lr1e-05_bs8_drop0p4_temp2p0_a0p25_b0p05__wd1e-04trmiss0_degmodglobal,5,0.6877449325152806,0.6941167414188385,0.4888888888888889,0.7302808302808304,0.5714285714285714,0.0,0.7075813753264291,0.6512974330357143,0.1102743734206472,0.17757847426193102,0.0,0.0,0.0,0.0,0.0,18473,global,0.0
4,2,lr1e-05_bs8_drop0p4_temp2p0_a0p25_b0p05__wd1e-04trmiss0_degmodglobal,8,1e-05,0.0001,0.4,2.0,0.25,0.05,lr1e-05_bs8_drop0p4_temp2p0_a0p25_b0p05__wd1e-04trmiss0_degmodglobal,6,0.6899055327687945,0.6970776915550232,0.4888888888888889,0.7302808302808304,0.5714285714285714,0.0,0.6947563971791949,0.6550220847129822,0.1004352548292705,0.19549286365509033,0.0,0.0,0.0,0.0,0.0,18473,global,0.0
4,2,lr1e-05_bs8_drop0p4_temp2p0_a0p25_b0p05__wd1e-04trmiss0_degmodglobal,8,1e-05,0.0001,0.4,2.0,0.25,0.05,lr1e-05_bs8_drop0p4_temp2p0_a0p25_b0p05__wd1e-04trmiss0_degmodglobal,7,0.6824343374797276,0.6970045566558838,0.5111111111111111,0.7361730861730862,0.5,0.0,0.6746328728539603,0.6496298142841884,0.09197925563369479,0.19619394413062505,0.0,0.0,0.0,0.0,0.0,18473,global,0.0
4,2,lr1e-05_bs8_drop0p4_temp2p0_a0p25_b0p05__wd1e-04trmiss0_degmodglobal,8,1e-05,0.0001,0.4,2.0,0.25,0.05,lr1e-05_bs8_drop0p4_temp2p0_a0p25_b0p05__wd1e-04trmiss0_degmodglobal,8,0.7116608364241463,0.6942813396453857,0.4888888888888889,0.7302808302808304,0.5,0.0,0.6621361800602504,0.665359650339399,0.13303742983511516,0.2608367417539869,0.0,0.0,0.0,0.0,0.0,18473,global,0.0
4,2,lr1e-05_bs8_drop0p4_temp2p0_a0p25_b0p05__wd1e-04trmiss0_degmodglobal,8,1e-05,0.0001,0.4,2.0,0.25,0.05,lr1e-05_bs8_drop0p4_temp2p0_a0p25_b0p05__wd1e-04trmiss0_degmodglobal,9,0.6864957979747227,0.6958248615264893,0.4888888888888889,0.7302808302808304,0.5,0.0,0.700044069971357,0.6482248987470355,0.10361614291157041,0.24733737111091614,0.0,0.0,0.0,0.0,0.0,18473,global,0.0
4,2,lr1e-05_bs8_drop0p4_temp2p0_a0p25_b0p05__wd1e-04trmiss0_degmodglobal,8,1e-05,0.0001,0.4,2.0,0.25,0.05,lr1e-05_bs8_drop0p4_temp2p0_a0p25_b0p05__wd1e-04trmiss0_degmodglobal,10,0.6772950291633606,0.694872111082077,0.4888888888888889,0.7302808302808304,0.5,0.0,0.6580655234200614,0.6369940553392682,0.12204949238470622,0.19577207629169738,0.0,0.0,0.0,0.0,0.0,18473,global,0.0
4,2,lr1e-05_bs8_drop0p4_temp2p0_a0p25_b0p05__wd1e-04trmiss0_degmodglobal,8,1e-05,0.0001,0.4,2.0,0.25,0.05,lr1e-05_bs8_drop0p4_temp2p0_a0p25_b0p05__wd1e-04trmiss0_degmodglobal,11,0.6688747661454337,0.695518434047699,0.4888888888888889,0.7302808302808304,0.5,0.0,0.6933225648743766,0.6283162151064191,0.11493606439658574,0.23649066048009054,0.0,0.0,0.0,0.0,0.0,18473,global,0.0
4,2,lr1e-05_bs8_drop0p4_temp2p0_a0p25_b0p05__wd1e-04trmiss0_degmodglobal,8,1e-05,0.0001,0.4,2.0,0.25,0.05,lr1e-05_bs8_drop0p4_temp2p0_a0p25_b0p05__wd1e-04trmiss0_degmodglobal,12,0.6679504598890033,0.6969614028930664,0.4888888888888889,0.7302808302808304,0.5,0.0,0.6741893632071358,0.6348279544285366,0.10071323066949844,0.1588837935456208,0.0,0.0,0.0,0.0,0.0,18473,global,0.0
4,2,lr1e-05_bs8_drop0p4_temp2p0_a0p25_b0p05__wd1e-04trmiss0_degmodglobal,8,1e-05,0.0001,0.4,2.0,0.25,0.05,lr1e-05_bs8_drop0p4_temp2p0_a0p25_b0p05__wd1e-04trmiss0_degmodglobal,13,0.671857876437051,0.6937315165996552,0.4888888888888889,0.7302808302808304,0.5,0.0,0.6607670869146075,0.64152044909341,0.09489366731473378,0.13228005436914309,0.0,0.0,0.0,0.0,0.0,18473,global,0.0
4,2,lr1e-05_bs8_drop0p4_temp2p0_a0p25_b0p05__wd1e-04trmiss0_degmodglobal,8,1e-05,0.0001,0.4,2.0,0.25,0.05,lr1e-05_bs8_drop0p4_temp2p0_a0p25_b0p05__wd1e-04trmiss0_degmodglobal,14,0.7055717366082328,0.6900348663330078,0.4888888888888889,0.7302808302808304,0.5,0.0,0.6458307760102409,0.6623860257012504,0.12736028219972337,0.2269130146929196,0.0,0.0,0.0,0.0,0.0,18473,global,0.0
4,2,lr1e-05_bs8_drop0p4_temp2p0_a0p25_b0p05__wd1e-04trmiss0_degmodglobal,8,1e-05,0.0001,0.4,2.0,0.25,0.05,lr1e-05_bs8_drop0p4_temp2p0_a0p25_b0p05__wd1e-04trmiss0_degmodglobal,15,0.6457668713160923,0.6873031556606293,0.4888888888888889,0.7302808302808304,0.5,0.0,0.6314531735011509,0.6082162005560738,0.10605942351477486,0.22071637213230133,0.0,0.0,0.0,0.0,0.0,18473,global,0.0
4,2,lr1e-05_bs8_drop0p4_temp2p0_a0p25_b0p05__wd1e-04trmiss0_degmodglobal,8,1e-05,0.0001,0.4,2.0,0.25,0.05,lr1e-05_bs8_drop0p4_temp2p0_a0p25_b0p05__wd1e-04trmiss0_degmodglobal,16,0.6538808601243156,0.685255229473114,0.4888888888888889,0.7302808302808304,0.6428571428571429,0.0,0.6656743969236102,0.6159094061170306,0.11091252842119761,0.20486646464892797,0.0,0.0,0.0,0.0,0.0,18473,global,0.0
4,2,lr1e-05_bs8_drop0p4_temp2p0_a0p25_b0p05__wd1e-04trmiss0_degmodglobal,8,1e-05,0.0001,0.4,2.0,0.25,0.05,lr1e-05_bs8_drop0p4_temp2p0_a0p25_b0p05__wd1e-04trmiss0_degmodglobal,17,0.6563744715281895,0.684494286775589,0.4888888888888889,0.7302808302808304,0.6428571428571429,0.0,0.6426623123032706,0.6187067372458321,0.10976328807217735,0.20453833682196482,0.0,0.0,0.0,0.0,0.0,18473,global,0.0
4,2,lr1e-05_bs8_drop0p4_temp2p0_a0p25_b0p05__wd1e-04trmiss0_degmodglobal,8,1e-05,0.0001,0.4,2.0,0.25,0.05,lr1e-05_bs8_drop0p4_temp2p0_a0p25_b0p05__wd1e-04trmiss0_degmodglobal,18,0.6511680994715009,0.6851364970207214,0.4888888888888889,0.7302808302808304,0.6428571428571429,0.0,0.6384546671594892,0.6157226477350507,0.09981404138462883,0.20983896457723208,0.0,0.0,0.0,0.0,0.0,18473,global,0.0
4,2,lr1e-05_bs8_drop0p4_temp2p0_a0p25_b0p05__wd1e-04trmiss0_degmodglobal,8,1e-05,0.0001,0.4,2.0,0.25,0.05,lr1e-05_bs8_drop0p4_temp2p0_a0p25_b0p05__wd1e-04trmiss0_degmodglobal,19,0.6799683145114354,0.6861069798469543,0.4888888888888889,0.7302808302808304,0.6428571428571429,0.0,0.6450978943279811,0.650358864239284,0.09612511630569186,0.11156365381819862,0.0,0.0,0.0,0.0,0.0,18473,global,0.0
4,2,lr1e-05_bs8_drop0p4_temp2p0_a0p25_b0p05__wd1e-04trmiss0_degmodglobal,8,1e-05,0.0001,0.4,2.0,0.25,0.05,lr1e-05_bs8_drop0p4_temp2p0_a0p25_b0p05__wd1e-04trmiss0_degmodglobal,20,0.6979407242366246,0.6871339380741119,0.4888888888888889,0.7302808302808304,0.5714285714285714,0.0,0.6339900749070304,0.6611793126378741,0.10827528898205076,0.19385175619806563,0.0,0.0,0.0,0.0,0.0,18473,global,0.0
4,2,lr1e-05_bs8_drop0p4_temp2p0_a0p25_b0p05__wd1e-04trmiss0_degmodglobal,8,1e-05,0.0001,0.4,2.0,0.25,0.05,lr1e-05_bs8_drop0p4_temp2p0_a0p25_b0p05__wd1e-04trmiss0_degmodglobal,21,0.6562213812555585,0.6896641850471497,0.4888888888888889,0.7302808302808304,0.5,0.0,0.6626369612557548,0.6186778800828117,0.1135579187955175,0.18308039328881673,0.0,0.0,0.0,0.0,0.0,18473,global,0.0
4,2,lr1e-05_bs8_drop0p4_temp2p0_a0p25_b0p05__wd1e-04trmiss0_degmodglobal,8,1e-05,0.0001,0.4,2.0,0.25,0.05,lr1e-05_bs8_drop0p4_temp2p0_a0p25_b0p05__wd1e-04trmiss0_degmodglobal,22,0.6381778802190509,0.6896945536136627,0.4888888888888889,0.7302808302808304,0.5,0.0,0.650597061429705,0.5991329295294625,0.11434590710060936,0.20916970606361115,0.0,0.0,0.0,0.0,0.0,18473,global,0.0
4,2,lr1e-05_bs8_drop0p4_temp2p0_a0p25_b0p05__wd1e-04trmiss0_degmodglobal,8,1e-05,0.0001,0.4,2.0,0.25,0.05,lr1e-05_bs8_drop0p4_temp2p0_a0p25_b0p05__wd1e-04trmiss0_degmodglobal,23,0.6776590347290039,0.6854403614997864,0.4888888888888889,0.7302808302808304,0.5,0.0,0.6512936183384487,0.6472270829336983,0.09207714721560478,0.14825326151081494,0.0,0.0,0.0,0.0,0.0,18473,global,0.0
4,2,lr1e-05_bs8_drop0p4_temp2p0_a0p25_b0p05__wd1e-04trmiss0_degmodglobal,8,1e-05,0.0001,0.4,2.0,0.25,0.05,lr1e-05_bs8_drop0p4_temp2p0_a0p25_b0p05__wd1e-04trmiss0_degmodglobal,24,0.6661523750850132,0.6854684054851532,0.4888888888888889,0.7302808302808304,0.5714285714285714,0.0,0.6411874379430499,0.6248396805354527,0.12485870399645396,0.2019604401929038,0.0,0.0,0.0,0.0,0.0,18473,global,0.0
4,2,lr1e-05_bs8_drop0p4_temp2p0_a0p25_b0p05__wd1e-04trmiss0_degmodglobal,8,1e-05,0.0001,0.4,2.0,0.25,0.05,lr1e-05_bs8_drop0p4_temp2p0_a0p25_b0p05__wd1e-04trmiss0_degmodglobal,25,0.675870520727975,0.6858088672161102,0.4888888888888889,0.7302808302808304,0.5714285714285714,0.0,0.6357647010258266,0.6338010430335999,0.12317635544708797,0.2255077702658517,0.0,0.0,0.0,0.0,0.0,18473,global,0.0
4,2,lr1e-05_bs8_drop0p4_temp2p0_a0p25_b0p05__wd1e-04trmiss0_degmodglobal,8,1e-05,0.0001,0.4,2.0,0.25,0.05,lr1e-05_bs8_drop0p4_temp2p0_a0p25_b0p05__wd1e-04trmiss0_degmodglobal,26,0.661532495703016,0.6873893141746521,0.4888888888888889,0.7302808302808304,0.5714285714285714,0.0,0.6081131185804095,0.6201239057949611,0.12938634944813593,0.18123975183282579,0.0,0.0,0.0,0.0,0.0,18473,global,0.0
4,2,lr1e-05_bs8_drop0p4_temp2p0_a0p25_b0p05__wd1e-04trmiss0_degmodglobal,8,1e-05,0.0001,0.4,2.0,0.25,0.05,lr1e-05_bs8_drop0p4_temp2p0_a0p25_b0p05__wd1e-04trmiss0_degmodglobal,27,0.6800268973623004,0.688696414232254,0.4888888888888889,0.7302808302808304,0.5714285714285714,0.0,0.6566045199121747,0.6477615918431964,0.10109385741608483,0.13983677646943501,0.0,0.0,0.0,0.0,0.0,18473,global,0.0
4,2,lr1e-04_bs16_drop0p2_temp1p0_a0p25_b0p05__wd1e-04trmiss0_degmodglobal,16,0.0001,0.0001,0.2,1.0,0.25,0.05,lr1e-04_bs16_drop0p2_temp1p0_a0p25_b0p05__wd1e-04trmiss0_degmodglobal,1,0.7152914255857468,0.7188327312469482,0.3111111111111111,0.6153337403337402,0.2857142857142857,0.0,0.6852562874555588,0.6959669291973114,0.04307164438068867,0.1711315680295229,0.0,0.0,0.0,0.0,0.0,18473,global,0.0
4,2,lr1e-04_bs16_drop0p2_temp1p0_a0p25_b0p05__wd1e-04trmiss0_degmodglobal,16,0.0001,0.0001,0.2,1.0,0.25,0.05,lr1e-04_bs16_drop0p2_temp1p0_a0p25_b0p05__wd1e-04trmiss0_degmodglobal,2,0.6891575306653976,0.7067800164222717,0.4444444444444444,0.7652255152255154,0.42857142857142855,0.0,0.6486116498708725,0.6695818454027176,0.048140814527869225,0.15080959908664227,0.0,0.0,0.0,0.0,0.0,18473,global,0.0
4,2,lr1e-04_bs16_drop0p2_temp1p0_a0p25_b0p05__wd1e-04trmiss0_degmodglobal,16,0.0001,0.0001,0.2,1.0,0.25,0.05,lr1e-04_bs16_drop0p2_temp1p0_a0p25_b0p05__wd1e-04trmiss0_degmodglobal,3,0.6541790664196014,0.7007724642753601,0.4666666666666667,0.7568921818921821,0.5,0.0,0.6524312794208527,0.6369832903146744,0.044996770564466715,0.1189317312091589,0.0,0.0,0.0,0.0,0.0,18473,global,0.0
4,2,lr1e-04_bs16_drop0p2_temp1p0_a0p25_b0p05__wd1e-04trmiss0_degmodglobal,16,0.0001,0.0001,0.2,1.0,0.25,0.05,lr1e-04_bs16_drop0p2_temp1p0_a0p25_b0p05__wd1e-04trmiss0_degmodglobal,4,0.6446549743413925,0.7020865082740784,0.4444444444444444,0.7136141636141637,0.5,0.0,0.6079676896333694,0.623429924249649,0.05798744224011898,0.13456358015537262,0.0,0.0,0.0,0.0,0.0,18473,global,0.0
4,2,lr1e-04_bs16_drop0p2_temp1p0_a0p25_b0p05__wd1e-04trmiss0_degmodglobal,16,0.0001,0.0001,0.2,1.0,0.25,0.05,lr1e-04_bs16_drop0p2_temp1p0_a0p25_b0p05__wd1e-04trmiss0_degmodglobal,5,0.6454903036355972,0.7066891193389893,0.4222222222222222,0.7075535575535576,0.5,0.0,0.6094800680875778,0.6232016235589981,0.055070691742002964,0.17042014375329018,0.0,0.0,0.0,0.0,0.0,18473,global,0.0
4,2,lr1e-04_bs16_drop0p2_temp1p0_a0p25_b0p05__wd1e-04trmiss0_degmodglobal,16,0.0001,0.0001,0.2,1.0,0.25,0.05,lr1e-04_bs16_drop0p2_temp1p0_a0p25_b0p05__wd1e-04trmiss0_degmodglobal,6,0.6290708631277084,0.7109909653663635,0.4444444444444444,0.7420773670773673,0.5,0.0,0.5997287184000015,0.6149557530879974,0.03510149009525776,0.10679470375180244,0.0,0.0,0.0,0.0,0.0,18473,global,0.0
4,2,lr1e-04_bs16_drop0p2_temp1p0_a0p25_b0p05__wd1e-04trmiss0_degmodglobal,16,0.0001,0.0001,0.2,1.0,0.25,0.05,lr1e-04_bs16_drop0p2_temp1p0_a0p25_b0p05__wd1e-04trmiss0_degmodglobal,7,0.6115940809249878,0.714629590511322,0.4,0.7281884781884782,0.5,0.0,0.566244974732399,0.5971975773572922,0.03671902557834983,0.10433487314730883,0.0,0.0,0.0,0.0,0.0,18473,global,0.0
4,2,lr1e-04_bs16_drop0p2_temp1p0_a0p25_b0p05__wd1e-04trmiss0_degmodglobal,16,0.0001,0.0001,0.2,1.0,0.25,0.05,lr1e-04_bs16_drop0p2_temp1p0_a0p25_b0p05__wd1e-04trmiss0_degmodglobal,8,0.6050293445587158,0.7181693911552429,0.37777777777777777,0.7004107004107005,0.5,0.0,0.5729244649410248,0.5878104269504547,0.04674290120601654,0.11066368781030178,0.0,0.0,0.0,0.0,0.0,18473,global,0.0
4,2,lr1e-04_bs16_drop0p2_temp1p0_a0p25_b0p05__wd1e-04trmiss0_degmodglobal,16,0.0001,0.0001,0.2,1.0,0.25,0.05,lr1e-04_bs16_drop0p2_temp1p0_a0p25_b0p05__wd1e-04trmiss0_degmodglobal,9,0.591660276055336,0.7207031846046448,0.3555555555555555,0.6589644922978257,0.35714285714285715,0.0,0.5399315729737282,0.5736560150980949,0.048235027119517326,0.11890975758433342,0.0,0.0,0.0,0.0,0.0,18473,global,0.0
4,2,lr1e-04_bs16_drop0p2_temp1p0_a0p25_b0p05__wd1e-04trmiss0_degmodglobal,16,0.0001,0.0001,0.2,1.0,0.25,0.05,lr1e-04_bs16_drop0p2_temp1p0_a0p25_b0p05__wd1e-04trmiss0_degmodglobal,10,0.6365514993667603,0.7304412722587585,0.3333333333333333,0.666347849681183,0.35714285714285715,0.0,0.5495334565639496,0.611665204167366,0.06606006249785423,0.16742573492228985,0.0,0.0,0.0,0.0,0.0,18473,global,0.0
4,2,lr1e-04_bs16_drop0p2_temp1p0_a0p25_b0p05__wd1e-04trmiss0_degmodglobal,16,0.0001,0.0001,0.2,1.0,0.25,0.05,lr1e-04_bs16_drop0p2_temp1p0_a0p25_b0p05__wd1e-04trmiss0_degmodglobal,11,0.6103726774454117,0.7354742288589478,0.28888888888888886,0.6213743047076381,0.2857142857142857,0.0,0.5255711376667023,0.5886237621307373,0.055259570479393005,0.15868090465664864,0.0,0.0,0.0,0.0,0.0,18473,global,0.0
4,2,lr1e-04_bs16_drop0p2_temp1p0_a0p25_b0p05__wd1e-04trmiss0_degmodglobal,16,0.0001,0.0001,0.2,1.0,0.25,0.05,lr1e-04_bs16_drop0p2_temp1p0_a0p25_b0p05__wd1e-04trmiss0_degmodglobal,12,0.6047694236040115,0.7351848483085632,0.28888888888888886,0.6213743047076381,0.21428571428571427,0.0,0.52144905179739,0.5835086703300476,0.05318072717636824,0.15931149944663048,0.0,0.0,0.0,0.0,0.0,18473,global,0.0
4,2,lr1e-04_bs16_drop0p2_temp1p0_a0p25_b0p05__wd1e-04trmiss0_degmodglobal,16,0.0001,0.0001,0.2,1.0,0.25,0.05,lr1e-04_bs16_drop0p2_temp1p0_a0p25_b0p05__wd1e-04trmiss0_degmodglobal,13,0.6169348061084747,0.739724338054657,0.26666666666666666,0.615313698647032,0.21428571428571427,0.0,0.5221389979124069,0.5972422212362289,0.05379929859191179,0.1248553367331624,0.0,0.0,0.0,0.0,0.0,18473,global,0.0
4,2,lr1e-04_bs16_drop0p2_temp1p0_a0p25_b0p05__wd1e-04trmiss0_degmodglobal,16,0.0001,0.0001,0.2,1.0,0.25,0.05,lr1e-04_bs16_drop0p2_temp1p0_a0p25_b0p05__wd1e-04trmiss0_degmodglobal,14,0.5682482570409775,0.7362925410270691,0.28888888888888886,0.652350735684069,0.2857142857142857,0.0,0.509356901049614,0.554329439997673,0.03520421893335879,0.10235496563836932,0.0,0.0,0.0,0.0,0.0,18473,global,0.0
4,2,lr1e-04_bs16_drop0p2_temp1p0_a0p25_b0p05__wd1e-04trmiss0_degmodglobal,16,0.0001,0.0001,0.2,1.0,0.25,0.05,lr1e-04_bs16_drop0p2_temp1p0_a0p25_b0p05__wd1e-04trmiss0_degmodglobal,15,0.6219618171453476,0.7381347417831421,0.28888888888888886,0.6232502065835399,0.35714285714285715,0.0,0.503792867064476,0.5971698611974716,0.05932885315269232,0.19919472932815552,0.0,0.0,0.0,0.0,0.0,18473,global,0.0
4,2,lr1e-04_bs16_drop0p2_temp1p0_a0p25_b0p05__wd1e-04trmiss0_degmodglobal,16,0.0001,0.0001,0.2,1.0,0.25,0.05,lr1e-04_bs16_drop0p2_temp1p0_a0p25_b0p05__wd1e-04trmiss0_degmodglobal,16,0.5641768574714661,0.7405446171760559,0.28888888888888886,0.6590526757193425,0.21428571428571427,0.0,0.5118284672498703,0.5507440865039825,0.03851272910833359,0.07609144225716591,0.0,0.0,0.0,0.0,0.0,18473,global,0.0
4,2,lr1e-04_bs16_drop0p2_temp1p0_a0p25_b0p05__wd1e-04trmiss0_degmodglobal,16,0.0001,0.0001,0.2,1.0,0.25,0.05,lr1e-04_bs16_drop0p2_temp1p0_a0p25_b0p05__wd1e-04trmiss0_degmodglobal,17,0.5842677503824234,0.7405396103858948,0.28888888888888886,0.6590526757193425,0.21428571428571427,0.0,0.5215049386024475,0.5637547075748444,0.051663550548255444,0.15194285102188587,0.0,0.0,0.0,0.0,0.0,18473,global,0.0
4,2,lr1e-04_bs16_drop0p2_temp1p0_a0p25_b0p05__wd1e-04trmiss0_degmodglobal,16,0.0001,0.0001,0.2,1.0,0.25,0.05,lr1e-04_bs16_drop0p2_temp1p0_a0p25_b0p05__wd1e-04trmiss0_degmodglobal,18,0.5977720767259598,0.7414389252662659,0.28888888888888886,0.6590526757193425,0.21428571428571427,0.0,0.5147366672754288,0.5822273790836334,0.039501657243818045,0.11338596604764462,0.0,0.0,0.0,0.0,0.0,18473,global,0.0
4,2,lr1e-04_bs16_drop0p2_temp1p0_a0p25_b0p05__wd1e-04trmiss0_degmodglobal,16,0.0001,0.0001,0.2,1.0,0.25,0.05,lr1e-04_bs16_drop0p2_temp1p0_a0p25_b0p05__wd1e-04trmiss0_degmodglobal,19,0.5898599326610565,0.7406285405158997,0.28888888888888886,0.6590526757193425,0.21428571428571427,0.0,0.4880664497613907,0.5650263726711273,0.05987615790218115,0.1972902361303568,0.0,0.0,0.0,0.0,0.0,18473,global,0.0
4,2,lr1e-04_bs16_drop0p2_temp1p0_a0p25_b0p05__wd1e-04trmiss0_degmodglobal,16,0.0001,0.0001,0.2,1.0,0.25,0.05,lr1e-04_bs16_drop0p2_temp1p0_a0p25_b0p05__wd1e-04trmiss0_degmodglobal,20,0.5734257102012634,0.7386665940284729,0.3333333333333333,0.6818921818921819,0.2857142857142857,0.0,0.5124575421214104,0.5554749965667725,0.04749350529164076,0.12154691480100155,0.0,0.0,0.0,0.0,0.0,18473,global,0.0
4,2,lr1e-04_bs16_drop0p2_temp1p0_a0p25_b0p05__wd1e-04trmiss0_degmodglobal,16,0.0001,0.0001,0.2,1.0,0.25,0.05,lr1e-04_bs16_drop0p2_temp1p0_a0p25_b0p05__wd1e-04trmiss0_degmodglobal,21,0.6233408898115158,0.7349995374679565,0.35555555555555557,0.6898286898286898,0.35714285714285715,0.0,0.5046206116676331,0.6017190963029861,0.051413966342806816,0.17536611668765545,0.0,0.0,0.0,0.0,0.0,18473,global,0.0
4,2,lr1e-04_bs16_drop0p2_temp1p0_a0p25_b0p05__wd1e-04trmiss0_degmodglobal,16,0.0001,0.0001,0.2,1.0,0.25,0.05,lr1e-04_bs16_drop0p2_temp1p0_a0p25_b0p05__wd1e-04trmiss0_degmodglobal,22,0.5704200863838196,0.7255374789237976,0.37777777777777777,0.6695465028798362,0.42857142857142855,0.0,0.5290277078747749,0.5508937314152718,0.05369505472481251,0.12205197103321552,0.0,0.0,0.0,0.0,0.0,18473,global,0.0
4,2,lr1e-04_bs16_drop0p2_temp1p0_a0p25_b0p05__wd1e-04trmiss0_degmodglobal,16,0.0001,0.0001,0.2,1.0,0.25,0.05,lr1e-04_bs16_drop0p2_temp1p0_a0p25_b0p05__wd1e-04trmiss0_degmodglobal,23,0.5758793503046036,0.7253226041793823,0.4222222222222222,0.6871831871831873,0.5,0.0,0.5229549035429955,0.5563116073608398,0.051089707762002945,0.13590659201145172,0.0,0.0,0.0,0.0,0.0,18473,global,0.0
4,2,lr1e-04_bs16_drop0p2_temp1p0_a0p25_b0p05__wd1e-04trmiss0_degmodglobal,16,0.0001,0.0001,0.2,1.0,0.25,0.05,lr1e-04_bs16_drop0p2_temp1p0_a0p25_b0p05__wd1e-04trmiss0_degmodglobal,24,0.5496911182999611,0.7250125408172607,0.4222222222222222,0.7142995892995894,0.42857142857142855,0.0,0.4885639473795891,0.5318050682544708,0.045343092642724514,0.13100562617182732,0.0,0.0,0.0,0.0,0.0,18473,global,0.0
4,2,lr1e-04_bs16_drop0p2_temp1p0_a0p25_b0p05__wd1e-04trmiss0_degmodglobal,16,0.0001,0.0001,0.2,1.0,0.25,0.05,lr1e-04_bs16_drop0p2_temp1p0_a0p25_b0p05__wd1e-04trmiss0_degmodglobal,25,0.5756706297397614,0.723053514957428,0.4666666666666667,0.7302808302808304,0.5,0.0,0.4864979386329651,0.5583295375108719,0.04129716381430626,0.14033608883619308,0.0,0.0,0.0,0.0,0.0,18473,global,0.0
4,2,lr1e-04_bs16_drop0p2_temp1p0_a0p25_b0p05__wd1e-04trmiss0_degmodglobal,16,0.0001,0.0001,0.2,1.0,0.25,0.05,lr1e-04_bs16_drop0p2_temp1p0_a0p25_b0p05__wd1e-04trmiss0_degmodglobal,26,0.5635997503995895,0.7236787676811218,0.4222222222222222,0.7126441459774793,0.5,0.0,0.5179697871208191,0.5432646870613098,0.05398526228964329,0.1367748100310564,0.0,0.0,0.0,0.0,0.0,18473,global,0.0
4,2,lr1e-04_bs16_drop0p2_temp1p0_a0p25_b0p05__wd1e-04trmiss0_degmodglobal,16,0.0001,0.0001,0.2,1.0,0.25,0.05,lr1e-04_bs16_drop0p2_temp1p0_a0p25_b0p05__wd1e-04trmiss0_degmodglobal,27,0.567446157336235,0.7259570360183716,0.37777777777777777,0.6960015293348627,0.42857142857142855,0.0,0.4926161393523216,0.5391435474157333,0.07287434954196215,0.20168029516935349,0.0,0.0,0.0,0.0,0.0,18473,global,0.0
4,2,lr1e-04_bs16_drop0p2_temp1p0_a0p25_b0p05__wd1e-04trmiss0_degmodglobal,16,0.0001,0.0001,0.2,1.0,0.25,0.05,lr1e-04_bs16_drop0p2_temp1p0_a0p25_b0p05__wd1e-04trmiss0_degmodglobal,28,0.5633781105279922,0.727080225944519,0.37777777777777777,0.6960015293348627,0.35714285714285715,0.0,0.47627168148756027,0.5419848263263702,0.05459756404161453,0.1548776300624013,0.0,0.0,0.0,0.0,0.0,18473,global,0.0
4,2,lr1e-04_bs16_drop0p2_temp1p0_a0p25_b0p05__wd1e-04trmiss0_degmodglobal,16,0.0001,0.0001,0.2,1.0,0.25,0.05,lr1e-04_bs16_drop0p2_temp1p0_a0p25_b0p05__wd1e-04trmiss0_degmodglobal,29,0.5902516543865204,0.7311285734176636,0.37777777777777777,0.6960015293348627,0.35714285714285715,0.0,0.5223546028137207,0.5677869617938995,0.06124004628509283,0.14309338480234146,0.0,0.0,0.0,0.0,0.0,18473,global,0.0
4,2,lr1e-04_bs16_drop0p2_temp1p0_a0p25_b0p05__wd1e-04trmiss0_degmodglobal,16,0.0001,0.0001,0.2,1.0,0.25,0.05,lr1e-04_bs16_drop0p2_temp1p0_a0p25_b0p05__wd1e-04trmiss0_degmodglobal,30,0.5642960965633392,0.7335822582244873,0.35555555555555557,0.6898286898286898,0.35714285714285715,0.0,0.48472607880830765,0.5426414012908936,0.05978175159543753,0.13418513908982277,0.0,0.0,0.0,0.0,0.0,18473,global,0.0
4,2,lr1e-04_bs16_drop0p2_temp1p0_a0p25_b0p05__wd1e-04trmiss0_degmodglobal,16,0.0001,0.0001,0.2,1.0,0.25,0.05,lr1e-04_bs16_drop0p2_temp1p0_a0p25_b0p05__wd1e-04trmiss0_degmodglobal,31,0.5676669478416443,0.7341994047164917,0.35555555555555557,0.6898286898286898,0.35714285714285715,0.0,0.4952848106622696,0.5493456497788429,0.048491437919437885,0.1239685881882906,0.0,0.0,0.0,0.0,0.0,18473,global,0.0
4,2,lr1e-04_bs16_drop0p2_temp1p0_a0p25_b0p05__wd1e-04trmiss0_degmodglobal,16,0.0001,0.0001,0.2,1.0,0.25,0.05,lr1e-04_bs16_drop0p2_temp1p0_a0p25_b0p05__wd1e-04trmiss0_degmodglobal,32,0.5554795861244202,0.7305877208709717,0.35555555555555557,0.6898286898286898,0.35714285714285715,0.0,0.4598335549235344,0.5337013378739357,0.05703072249889374,0.15041106194257736,0.0,0.0,0.0,0.0,0.0,18473,global,0.0
4,2,lr1e-04_bs16_drop0p2_temp1p0_a0p25_b0p05__wd1e-04trmiss0_degmodglobal,16,0.0001,0.0001,0.2,1.0,0.25,0.05,lr1e-04_bs16_drop0p2_temp1p0_a0p25_b0p05__wd1e-04trmiss0_degmodglobal,33,0.5712604224681854,0.7294169068336487,0.35555555555555557,0.6898286898286898,0.42857142857142855,0.0,0.44673895835876465,0.5449912995100021,0.06559888552874327,0.1973881758749485,0.0,0.0,0.0,0.0,0.0,18473,global,0.0
4,2,lr1e-04_bs16_drop0p2_temp1p0_a0p25_b0p05__wd1e-04trmiss0_degmodglobal,16,0.0001,0.0001,0.2,1.0,0.25,0.05,lr1e-04_bs16_drop0p2_temp1p0_a0p25_b0p05__wd1e-04trmiss0_degmodglobal,34,0.547271341085434,0.7291387915611267,0.35555555555555557,0.6898286898286898,0.42857142857142855,0.0,0.4769292250275612,0.5291871577501297,0.047737167216837406,0.12299769744277,0.0,0.0,0.0,0.0,0.0,18473,global,0.0
4,2,lr1e-04_bs16_drop0p2_temp1p0_a0p25_b0p05__wd1e-04trmiss0_degmodglobal,16,0.0001,0.0001,0.2,1.0,0.25,0.05,lr1e-04_bs16_drop0p2_temp1p0_a0p25_b0p05__wd1e-04trmiss0_degmodglobal,35,0.5952710509300232,0.7289197444915771,0.35555555555555557,0.6898286898286898,0.35714285714285715,0.0,0.48253367841243744,0.5707922726869583,0.058972192928195,0.19471461698412895,0.0,0.0,0.0,0.0,0.0,18473,global,0.0
4,2,lr1e-04_bs16_drop0p2_temp1p0_a0p25_b0p05__wd1e-04trmiss0_degmodglobal,16,0.0001,0.0001,0.2,1.0,0.25,0.05,lr1e-04_bs16_drop0p2_temp1p0_a0p25_b0p05__wd1e-04trmiss0_degmodglobal,36,0.6066957265138626,0.7322601675987244,0.35555555555555557,0.6898286898286898,0.42857142857142855,0.0,0.46016374230384827,0.5749660134315491,0.06875456869602203,0.29082194343209267,0.0,0.0,0.0,0.0,0.0,18473,global,0.0
4,2,lr1e-04_bs16_drop0p2_temp1p0_a0p25_b0p05__wd1e-04trmiss0_degmodglobal,16,0.0001,0.0001,0.2,1.0,0.25,0.05,lr1e-04_bs16_drop0p2_temp1p0_a0p25_b0p05__wd1e-04trmiss0_degmodglobal,37,0.5711980313062668,0.7325791716575623,0.3333333333333333,0.6818921818921819,0.2857142857142857,0.0,0.4527783766388893,0.5381160825490952,0.09030620940029621,0.2101079411804676,0.0,0.0,0.0,0.0,0.0,18473,global,0.0
4,2,lr1e-04_bs16_drop0p2_temp1p0_a0p25_b0p05__wd1e-04trmiss0_degmodglobal,16,0.0001,0.0001,0.2,1.0,0.25,0.05,lr1e-04_bs16_drop0p2_temp1p0_a0p25_b0p05__wd1e-04trmiss0_degmodglobal,38,0.5509467720985413,0.7363172769546509,0.35555555555555557,0.6898286898286898,0.35714285714285715,0.0,0.4625306576490402,0.5287573039531708,0.060174496844410896,0.14291666354984045,0.0,0.0,0.0,0.0,0.0,18473,global,0.0
4,2,lr1e-04_bs16_drop0p2_temp1p0_a0p25_b0p05__wd1e-04trmiss0_degmodglobal,16,0.0001,0.0001,0.2,1.0,0.25,0.05,lr1e-04_bs16_drop0p2_temp1p0_a0p25_b0p05__wd1e-04trmiss0_degmodglobal,39,0.5509014427661896,0.7332869172096252,0.35555555555555557,0.6898286898286898,0.35714285714285715,0.0,0.45226389914751053,0.5225871726870537,0.07731340080499649,0.17971824295818806,0.0,0.0,0.0,0.0,0.0,18473,global,0.0
4,2,lr1e-04_bs16_drop0p2_temp1p0_a0p25_b0p05__wd1e-04trmiss0_degmodglobal,16,0.0001,0.0001,0.2,1.0,0.25,0.05,lr1e-04_bs16_drop0p2_temp1p0_a0p25_b0p05__wd1e-04trmiss0_degmodglobal,40,0.5739153623580933,0.736281156539917,0.35555555555555557,0.6898286898286898,0.42857142857142855,0.0,0.45895372331142426,0.5503983944654465,0.059975472278892994,0.17046190053224564,0.0,0.0,0.0,0.0,0.0,18473,global,0.0
4,2,lr1e-04_bs16_drop0p2_temp1p0_a0p25_b0p05__wd1e-04trmiss0_degmodglobal,16,0.0001,0.0001,0.2,1.0,0.25,0.05,lr1e-04_bs16_drop0p2_temp1p0_a0p25_b0p05__wd1e-04trmiss0_degmodglobal,41,0.5614621788263321,0.7335129380226135,0.35555555555555557,0.6898286898286898,0.2857142857142857,0.0,0.47182339429855347,0.539442390203476,0.05927480384707451,0.14402146264910698,0.0,0.0,0.0,0.0,0.0,18473,global,0.0
4,2,lr1e-04_bs16_drop0p2_temp1p0_a0p25_b0p05__wd1e-04trmiss0_degmodglobal,16,0.0001,0.0001,0.2,1.0,0.25,0.05,lr1e-04_bs16_drop0p2_temp1p0_a0p25_b0p05__wd1e-04trmiss0_degmodglobal,42,0.5649006068706512,0.7363439798355103,0.35555555555555557,0.6898286898286898,0.42857142857142855,0.0,0.4429352506995201,0.5341202318668365,0.08228873088955879,0.20416362024843693,0.0,0.0,0.0,0.0,0.0,18473,global,0.0
4,2,lr1e-04_bs16_drop0p2_temp1p0_a0p25_b0p05__wd1e-04trmiss0_degmodglobal,16,0.0001,0.0001,0.2,1.0,0.25,0.05,lr1e-04_bs16_drop0p2_temp1p0_a0p25_b0p05__wd1e-04trmiss0_degmodglobal,43,0.5630392134189606,0.7368223667144775,0.35555555555555557,0.6898286898286898,0.42857142857142855,0.0,0.4530992656946182,0.5305584967136383,0.08413373585790396,0.22894514352083206,0.0,0.0,0.0,0.0,0.0,18473,global,0.0
4,2,lr1e-04_bs16_drop0p2_temp1p0_a0p25_b0p05__wd1e-04trmiss0_degmodglobal,16,0.0001,0.0001,0.2,1.0,0.25,0.05,lr1e-04_bs16_drop0p2_temp1p0_a0p25_b0p05__wd1e-04trmiss0_degmodglobal,44,0.560956098139286,0.7329719066619873,0.35555555555555557,0.6898286898286898,0.42857142857142855,0.0,0.4800891801714897,0.5420290529727936,0.055529674515128136,0.10089268907904625,0.0,0.0,0.0,0.0,0.0,18473,global,0.0
4,2,lr1e-04_bs16_drop0p2_temp1p0_a0p25_b0p05__wd1e-04trmiss0_degmodglobal,16,0.0001,0.0001,0.2,1.0,0.25,0.05,lr1e-04_bs16_drop0p2_temp1p0_a0p25_b0p05__wd1e-04trmiss0_degmodglobal,45,0.5723201036453247,0.7350664734840393,0.35555555555555557,0.6898286898286898,0.42857142857142855,0.0,0.43471329659223557,0.5393853038549423,0.08345907926559448,0.24140075221657753,0.0,0.0,0.0,0.0,0.0,18473,global,0.0
4,2,lr1e-04_bs16_drop0p2_temp2p0_a0p25_b0p05__wd1e-04trmiss0_degmodglobal,16,0.0001,0.0001,0.2,2.0,0.25,0.05,lr1e-04_bs16_drop0p2_temp2p0_a0p25_b0p05__wd1e-04trmiss0_degmodglobal,1,0.7284631133079529,0.6934678554534912,0.5111111111111111,0.746765271765272,0.42857142857142855,0.0,0.6885143369436264,0.7151073217391968,0.043134220875799656,0.051444857846945524,0.0,0.0,0.0,0.0,0.0,18473,global,0.0
4,2,lr1e-04_bs16_drop0p2_temp2p0_a0p25_b0p05__wd1e-04trmiss0_degmodglobal,16,0.0001,0.0001,0.2,2.0,0.25,0.05,lr1e-04_bs16_drop0p2_temp2p0_a0p25_b0p05__wd1e-04trmiss0_degmodglobal,2,0.6785343140363693,0.6870436072349548,0.5555555555555556,0.7451770451770452,0.5714285714285714,0.0,0.6802222430706024,0.66033735871315,0.05537892505526543,0.08704428467899561,0.0,0.0,0.0,0.0,0.0,18473,global,0.0
4,2,lr1e-04_bs16_drop0p2_temp2p0_a0p25_b0p05__wd1e-04trmiss0_degmodglobal,16,0.0001,0.0001,0.2,2.0,0.25,0.05,lr1e-04_bs16_drop0p2_temp2p0_a0p25_b0p05__wd1e-04trmiss0_degmodglobal,3,0.6943144053220749,0.6831172704696655,0.5555555555555556,0.7519230769230769,0.5714285714285714,0.0,0.661135122179985,0.6762743890285492,0.05063710454851389,0.1076143216341734,0.0,0.0,0.0,0.0,0.0,18473,global,0.0
4,2,lr1e-04_bs16_drop0p2_temp2p0_a0p25_b0p05__wd1e-04trmiss0_degmodglobal,16,0.0001,0.0001,0.2,2.0,0.25,0.05,lr1e-04_bs16_drop0p2_temp2p0_a0p25_b0p05__wd1e-04trmiss0_degmodglobal,4,0.6676414310932159,0.676593005657196,0.5777777777777777,0.7667378917378918,0.5,0.0,0.6403229534626007,0.6528263539075851,0.046321280766278505,0.0646955007687211,0.0,0.0,0.0,0.0,0.0,18473,global,0.0
4,2,lr1e-04_bs16_drop0p2_temp2p0_a0p25_b0p05__wd1e-04trmiss0_degmodglobal,16,0.0001,0.0001,0.2,2.0,0.25,0.05,lr1e-04_bs16_drop0p2_temp2p0_a0p25_b0p05__wd1e-04trmiss0_degmodglobal,5,0.6406635195016861,0.6723169684410095,0.5777777777777777,0.7364348614348615,0.5714285714285714,0.0,0.6504033505916595,0.6240691244602203,0.0481459042057395,0.09115794859826565,0.0,0.0,0.0,0.0,0.0,18473,global,0.0
4,2,lr1e-04_bs16_drop0p2_temp2p0_a0p25_b0p05__wd1e-04trmiss0_degmodglobal,16,0.0001,0.0001,0.2,2.0,0.25,0.05,lr1e-04_bs16_drop0p2_temp2p0_a0p25_b0p05__wd1e-04trmiss0_degmodglobal,6,0.6247148811817169,0.6701956391334534,0.6000000000000001,0.7734718984718985,0.5,0.0,0.6190949976444244,0.6105857044458389,0.04282692167907953,0.06844937102869153,0.0,0.0,0.0,0.0,0.0,18473,global,0.0
4,2,lr1e-04_bs16_drop0p2_temp2p0_a0p25_b0p05__wd1e-04trmiss0_degmodglobal,16,0.0001,0.0001,0.2,2.0,0.25,0.05,lr1e-04_bs16_drop0p2_temp2p0_a0p25_b0p05__wd1e-04trmiss0_degmodglobal,7,0.6261372566223145,0.6767486929893494,0.5555555555555556,0.7216200466200466,0.5,0.0,0.6380476355552673,0.6120616346597672,0.04213031567633152,0.07086098659783602,0.0,0.0,0.0,0.0,0.0,18473,global,0.0
4,2,lr1e-04_bs16_drop0p2_temp2p0_a0p25_b0p05__wd1e-04trmiss0_degmodglobal,16,0.0001,0.0001,0.2,2.0,0.25,0.05,lr1e-04_bs16_drop0p2_temp2p0_a0p25_b0p05__wd1e-04trmiss0_degmodglobal,8,0.6196544319391251,0.6817663908004761,0.5555555555555556,0.741990416990417,0.5,0.0,0.6153886914253235,0.6046613156795502,0.04479635041207075,0.07588017173111439,0.0,0.0,0.0,0.0,0.0,18473,global,0.0
4,2,lr1e-04_bs16_drop0p2_temp2p0_a0p25_b0p05__wd1e-04trmiss0_degmodglobal,16,0.0001,0.0001,0.2,2.0,0.25,0.05,lr1e-04_bs16_drop0p2_temp2p0_a0p25_b0p05__wd1e-04trmiss0_degmodglobal,9,0.5896927565336227,0.6807739734649658,0.5555555555555556,0.741990416990417,0.5,0.0,0.6032302677631378,0.5757253468036652,0.041373517364263535,0.07248029578477144,0.0,0.0,0.0,0.0,0.0,18473,global,0.0
4,2,lr1e-04_bs16_drop0p2_temp2p0_a0p25_b0p05__wd1e-04trmiss0_degmodglobal,16,0.0001,0.0001,0.2,2.0,0.25,0.05,lr1e-04_bs16_drop0p2_temp2p0_a0p25_b0p05__wd1e-04trmiss0_degmodglobal,10,0.5926297456026077,0.6856512427330017,0.5111111111111111,0.7297619047619048,0.5,0.0,0.5746570825576782,0.5812701135873795,0.03589416202157736,0.04772150842472911,0.0,0.0,0.0,0.0,0.0,18473,global,0.0
4,2,lr1e-04_bs16_drop0p2_temp2p0_a0p25_b0p05__wd1e-04trmiss0_degmodglobal,16,0.0001,0.0001,0.2,2.0,0.25,0.05,lr1e-04_bs16_drop0p2_temp2p0_a0p25_b0p05__wd1e-04trmiss0_degmodglobal,11,0.607575312256813,0.6965324282646179,0.5111111111111111,0.7297619047619048,0.5,0.0,0.6093678921461105,0.5955123901367188,0.03569727670401335,0.06277190707623959,0.0,0.0,0.0,0.0,0.0,18473,global,0.0
4,2,lr1e-04_bs16_drop0p2_temp2p0_a0p25_b0p05__wd1e-04trmiss0_degmodglobal,16,0.0001,0.0001,0.2,2.0,0.25,0.05,lr1e-04_bs16_drop0p2_temp2p0_a0p25_b0p05__wd1e-04trmiss0_degmodglobal,12,0.6149887144565582,0.6928943991661072,0.4888888888888889,0.7240638990638992,0.5,0.0,0.6299628615379333,0.602227121591568,0.036746686324477196,0.07149835955351591,0.0,0.0,0.0,0.0,0.0,18473,global,0.0
4,2,lr1e-04_bs16_drop0p2_temp2p0_a0p25_b0p05__wd1e-04trmiss0_degmodglobal,16,0.0001,0.0001,0.2,2.0,0.25,0.05,lr1e-04_bs16_drop0p2_temp2p0_a0p25_b0p05__wd1e-04trmiss0_degmodglobal,13,0.5851484686136246,0.6910075545310974,0.4888888888888889,0.7240638990638992,0.5,0.0,0.5769514441490173,0.5737515389919281,0.03592372965067625,0.04832031670957804,0.0,0.0,0.0,0.0,0.0,18473,global,0.0
4,2,lr1e-04_bs16_drop0p2_temp2p0_a0p25_b0p05__wd1e-04trmiss0_degmodglobal,16,0.0001,0.0001,0.2,2.0,0.25,0.05,lr1e-04_bs16_drop0p2_temp2p0_a0p25_b0p05__wd1e-04trmiss0_degmodglobal,14,0.5766090154647827,0.6916469931602478,0.4888888888888889,0.7240638990638992,0.5,0.0,0.5661557018756866,0.5620356351137161,0.04623282887041569,0.060303859412670135,0.0,0.0,0.0,0.0,0.0,18473,global,0.0
4,2,lr1e-04_bs16_drop0p2_temp2p0_a0p25_b0p05__wd1e-04trmiss0_degmodglobal,16,0.0001,0.0001,0.2,2.0,0.25,0.05,lr1e-04_bs16_drop0p2_temp2p0_a0p25_b0p05__wd1e-04trmiss0_degmodglobal,15,0.5883231610059738,0.6950004696846008,0.4888888888888889,0.7240638990638992,0.5,0.0,0.5862342864274979,0.5730301737785339,0.04528927803039551,0.07941344659775496,0.0,0.0,0.0,0.0,0.0,18473,global,0.0
4,2,lr1e-04_bs16_drop0p2_temp2p0_a0p25_b0p05__wd1e-04trmiss0_degmodglobal,16,0.0001,0.0001,0.2,2.0,0.25,0.05,lr1e-04_bs16_drop0p2_temp2p0_a0p25_b0p05__wd1e-04trmiss0_degmodglobal,16,0.5976163595914841,0.6965870261192322,0.4888888888888889,0.7240638990638992,0.5,0.0,0.5714771002531052,0.5827790647745132,0.04670363198965788,0.0632278323173523,0.0,0.0,0.0,0.0,0.0,18473,global,0.0
4,2,lr1e-04_bs16_drop0p2_temp2p0_a0p25_b0p05__wd1e-04trmiss0_degmodglobal,16,0.0001,0.0001,0.2,2.0,0.25,0.05,lr1e-04_bs16_drop0p2_temp2p0_a0p25_b0p05__wd1e-04trmiss0_degmodglobal,17,0.5796975493431091,0.694391131401062,0.4888888888888889,0.662952787952788,0.5,0.0,0.6164947748184204,0.558404415845871,0.058699253015220165,0.1323662679642439,0.0,0.0,0.0,0.0,0.0,18473,global,0.0
4,2,lr1e-04_bs16_drop0p2_temp2p0_a0p25_b0p05__wd1e-04trmiss0_degmodglobal,16,0.0001,0.0001,0.2,2.0,0.25,0.05,lr1e-04_bs16_drop0p2_temp2p0_a0p25_b0p05__wd1e-04trmiss0_degmodglobal,18,0.5999222844839096,0.6958008408546448,0.4888888888888889,0.662952787952788,0.5,0.0,0.596791997551918,0.5872752219438553,0.038381104823201895,0.061035831458866596,0.0,0.0,0.0,0.0,0.0,18473,global,0.0
4,2,lr1e-04_bs16_drop0p2_temp2p0_a0p25_b0p05__wd1e-04trmiss0_degmodglobal,16,0.0001,0.0001,0.2,2.0,0.25,0.05,lr1e-04_bs16_drop0p2_temp2p0_a0p25_b0p05__wd1e-04trmiss0_degmodglobal,19,0.5821533054113388,0.6914612650871277,0.5111111111111111,0.7185083435083435,0.5,0.0,0.5596722662448883,0.56671242415905,0.04588625021278858,0.07938610017299652,0.0,0.0,0.0,0.0,0.0,18473,global,0.0
4,2,lr1e-04_bs16_drop0p2_temp2p0_a0p25_b0p05__wd1e-04trmiss0_degmodglobal,16,0.0001,0.0001,0.2,2.0,0.25,0.05,lr1e-04_bs16_drop0p2_temp2p0_a0p25_b0p05__wd1e-04trmiss0_degmodglobal,20,0.6092380732297897,0.6906443238258362,0.5333333333333333,0.7284289784289786,0.5,0.0,0.5805374830961227,0.5955731868743896,0.041432431899011135,0.06613527797162533,0.0,0.0,0.0,0.0,0.0,18473,global,0.0
4,2,lr1e-04_bs16_drop0p2_temp2p0_a0p25_b0p05__wd1e-04trmiss0_degmodglobal,16,0.0001,0.0001,0.2,2.0,0.25,0.05,lr1e-04_bs16_drop0p2_temp2p0_a0p25_b0p05__wd1e-04trmiss0_degmodglobal,21,0.6229280382394791,0.6901499629020691,0.5555555555555556,0.7416564916564918,0.5,0.0,0.5768408626317978,0.6059990674257278,0.049675595946609974,0.09020180813968182,0.0,0.0,0.0,0.0,0.0,18473,global,0.0
4,2,lr1e-04_bs16_drop0p2_temp2p0_a0p25_b0p05__wd1e-04trmiss0_degmodglobal,16,0.0001,0.0001,0.2,2.0,0.25,0.05,lr1e-04_bs16_drop0p2_temp2p0_a0p25_b0p05__wd1e-04trmiss0_degmodglobal,22,0.5808155089616776,0.6876384019851685,0.5333333333333333,0.7284289784289786,0.5,0.0,0.5475238859653473,0.5655353963375092,0.04789383616298437,0.06613323092460632,0.0,0.0,0.0,0.0,0.0,18473,global,0.0
4,2,lr1e-04_bs16_drop0p2_temp2p0_a0p25_b0p05__wd1e-04trmiss0_degmodglobal,16,0.0001,0.0001,0.2,2.0,0.25,0.05,lr1e-04_bs16_drop0p2_temp2p0_a0p25_b0p05__wd1e-04trmiss0_degmodglobal,23,0.6087580323219299,0.6871818900108337,0.5333333333333333,0.7284289784289786,0.5,0.0,0.582715630531311,0.5945226401090622,0.042837669141590595,0.07051984034478664,0.0,0.0,0.0,0.0,0.0,18473,global,0.0
4,2,lr1e-04_bs16_drop0p2_temp2p0_a0p25_b0p05__wd1e-04trmiss0_degmodglobal,16,0.0001,0.0001,0.2,2.0,0.25,0.05,lr1e-04_bs16_drop0p2_temp2p0_a0p25_b0p05__wd1e-04trmiss0_degmodglobal,24,0.5613129287958145,0.6876219511032104,0.5111111111111111,0.7185083435083435,0.5,0.0,0.5521606504917145,0.5435032844543457,0.05447948072105646,0.08379529137164354,0.0,0.0,0.0,0.0,0.0,18473,global,0.0
4,2,lr1e-04_bs16_drop0p2_temp2p0_a0p25_b0p05__wd1e-04trmiss0_degmodglobal,16,0.0001,0.0001,0.2,2.0,0.25,0.05,lr1e-04_bs16_drop0p2_temp2p0_a0p25_b0p05__wd1e-04trmiss0_degmodglobal,25,0.567530021071434,0.6883827447891235,0.5333333333333333,0.7284289784289786,0.5,0.0,0.5677503943443298,0.5510177761316299,0.04831834975630045,0.08865339867770672,0.0,0.0,0.0,0.0,0.0,18473,global,0.0
4,2,lr1e-04_bs16_drop0p2_temp2p0_a0p25_b0p05__wd1e-04trmiss0_degmodglobal,16,0.0001,0.0001,0.2,2.0,0.25,0.05,lr1e-04_bs16_drop0p2_temp2p0_a0p25_b0p05__wd1e-04trmiss0_degmodglobal,26,0.568051353096962,0.6914152503013611,0.5111111111111111,0.7185083435083435,0.5,0.0,0.5638067871332169,0.5473174899816513,0.06793457828462124,0.07500431686639786,0.0,0.0,0.0,0.0,0.0,18473,global,0.0
4,2,lr1e-04_bs16_drop0p4_temp1p0_a0p25_b0p05__wd1e-04trmiss0_degmodglobal,16,0.0001,0.0001,0.4,1.0,0.25,0.05,lr1e-04_bs16_drop0p4_temp1p0_a0p25_b0p05__wd1e-04trmiss0_degmodglobal,1,0.7338131219148636,0.67817223072052,0.6444444444444444,0.7083774250440917,0.7857142857142857,0.0,0.7185311168432236,0.6990994513034821,0.08805150352418423,0.2540157400071621,0.0,0.0,0.0,0.0,0.0,18473,global,0.0
4,2,lr1e-04_bs16_drop0p4_temp1p0_a0p25_b0p05__wd1e-04trmiss0_degmodglobal,16,0.0001,0.0001,0.4,1.0,0.25,0.05,lr1e-04_bs16_drop0p4_temp1p0_a0p25_b0p05__wd1e-04trmiss0_degmodglobal,2,0.7248398959636688,0.6828014254570007,0.6,0.6972101972101973,0.7142857142857143,0.0,0.6975201368331909,0.6973516047000885,0.07556333765387535,0.17194942757487297,0.0,0.0,0.0,0.0,0.0,18473,global,0.0
4,2,lr1e-04_bs16_drop0p4_temp1p0_a0p25_b0p05__wd1e-04trmiss0_degmodglobal,16,0.0001,0.0001,0.4,1.0,0.25,0.05,lr1e-04_bs16_drop0p4_temp1p0_a0p25_b0p05__wd1e-04trmiss0_degmodglobal,3,0.6975580900907516,0.6868399381637573,0.5555555555555556,0.6840659340659342,0.5714285714285714,0.0,0.692615881562233,0.6611647009849548,0.08300031255930662,0.31286632269620895,0.0,0.0,0.0,0.0,0.0,18473,global,0.0
4,2,lr1e-04_bs16_drop0p4_temp1p0_a0p25_b0p05__wd1e-04trmiss0_degmodglobal,16,0.0001,0.0001,0.4,1.0,0.25,0.05,lr1e-04_bs16_drop0p4_temp1p0_a0p25_b0p05__wd1e-04trmiss0_degmodglobal,4,0.6692470014095306,0.6895790696144104,0.5111111111111111,0.6695878195878197,0.5714285714285714,0.0,0.6721263378858566,0.6436614096164703,0.0652506360784173,0.18545856419950724,0.0,0.0,0.0,0.0,0.0,18473,global,0.0
4,2,lr1e-04_bs16_drop0p4_temp1p0_a0p25_b0p05__wd1e-04trmiss0_degmodglobal,16,0.0001,0.0001,0.4,1.0,0.25,0.05,lr1e-04_bs16_drop0p4_temp1p0_a0p25_b0p05__wd1e-04trmiss0_degmodglobal,5,0.6949835419654846,0.6955254673957825,0.4666666666666666,0.6541726791726793,0.5714285714285714,0.0,0.6200308352708817,0.6528898179531097,0.09361566789448261,0.37379615381360054,0.0,0.0,0.0,0.0,0.0,18473,global,0.0
4,2,lr1e-04_bs16_drop0p4_temp1p0_a0p25_b0p05__wd1e-04trmiss0_degmodglobal,16,0.0001,0.0001,0.4,1.0,0.25,0.05,lr1e-04_bs16_drop0p4_temp1p0_a0p25_b0p05__wd1e-04trmiss0_degmodglobal,6,0.6341888904571533,0.7002831101417542,0.4444444444444444,0.6484746734746736,0.42857142857142855,0.0,0.6321692019701004,0.6035013347864151,0.08362648449838161,0.19561816658824682,0.0,0.0,0.0,0.0,0.0,18473,global,0.0
4,2,lr1e-04_bs16_drop0p4_temp1p0_a0p25_b0p05__wd1e-04trmiss0_degmodglobal,16,0.0001,0.0001,0.4,1.0,0.25,0.05,lr1e-04_bs16_drop0p4_temp1p0_a0p25_b0p05__wd1e-04trmiss0_degmodglobal,7,0.6608598381280899,0.7069288492202759,0.39999999999999997,0.6259438092771425,0.42857142857142855,0.0,0.6163532882928848,0.6209924817085266,0.10053930431604385,0.29465075582265854,0.0,0.0,0.0,0.0,0.0,18473,global,0.0
4,2,lr1e-04_bs16_drop0p4_temp1p0_a0p25_b0p05__wd1e-04trmiss0_degmodglobal,16,0.0001,0.0001,0.4,1.0,0.25,0.05,lr1e-04_bs16_drop0p4_temp1p0_a0p25_b0p05__wd1e-04trmiss0_degmodglobal,8,0.6732627302408218,0.710951030254364,0.39999999999999997,0.6210598043931377,0.42857142857142855,0.0,0.5964156985282898,0.628950834274292,0.10569005273282528,0.3577875457704067,0.0,0.0,0.0,0.0,0.0,18473,global,0.0
4,2,lr1e-04_bs16_drop0p4_temp1p0_a0p25_b0p05__wd1e-04trmiss0_degmodglobal,16,0.0001,0.0001,0.4,1.0,0.25,0.05,lr1e-04_bs16_drop0p4_temp1p0_a0p25_b0p05__wd1e-04trmiss0_degmodglobal,9,0.6452242732048035,0.711115300655365,0.42222222222222217,0.6316418149751484,0.42857142857142855,0.0,0.5721369087696075,0.6079310923814774,0.09556907694786787,0.26801805198192596,0.0,0.0,0.0,0.0,0.0,18473,global,0.0
4,2,lr1e-04_bs16_drop0p4_temp1p0_a0p25_b0p05__wd1e-04trmiss0_degmodglobal,16,0.0001,0.0001,0.4,1.0,0.25,0.05,lr1e-04_bs16_drop0p4_temp1p0_a0p25_b0p05__wd1e-04trmiss0_degmodglobal,10,0.6626355797052383,0.7094100117683411,0.39999999999999997,0.6259438092771425,0.42857142857142855,0.0,0.592856839299202,0.6360869854688644,0.07036907784640789,0.17912651970982552,0.0,0.0,0.0,0.0,0.0,18473,global,0.0
4,2,lr1e-04_bs16_drop0p4_temp1p0_a0p25_b0p05__wd1e-04trmiss0_degmodglobal,16,0.0001,0.0001,0.4,1.0,0.25,0.05,lr1e-04_bs16_drop0p4_temp1p0_a0p25_b0p05__wd1e-04trmiss0_degmodglobal,11,0.6417318880558014,0.7075773477554321,0.4444444444444444,0.6393578643578645,0.42857142857142855,0.0,0.6047563701868057,0.6043706387281418,0.09743948839604855,0.2600272595882416,0.0,0.0,0.0,0.0,0.0,18473,global,0.0
4,2,lr1e-04_bs16_drop0p4_temp1p0_a0p25_b0p05__wd1e-04trmiss0_degmodglobal,16,0.0001,0.0001,0.4,1.0,0.25,0.05,lr1e-04_bs16_drop0p4_temp1p0_a0p25_b0p05__wd1e-04trmiss0_degmodglobal,12,0.6283320486545563,0.7135674953460693,0.4444444444444444,0.6393578643578645,0.42857142857142855,0.0,0.5439013540744781,0.5887904763221741,0.09586575254797935,0.3115033581852913,0.0,0.0,0.0,0.0,0.0,18473,global,0.0
4,2,lr1e-04_bs16_drop0p4_temp1p0_a0p25_b0p05__wd1e-04trmiss0_degmodglobal,16,0.0001,0.0001,0.4,1.0,0.25,0.05,lr1e-04_bs16_drop0p4_temp1p0_a0p25_b0p05__wd1e-04trmiss0_degmodglobal,13,0.6132635623216629,0.7172918915748596,0.39999999999999997,0.6259438092771425,0.42857142857142855,0.0,0.5950957983732224,0.5834044814109802,0.08362757600843906,0.17904419638216496,0.0,0.0,0.0,0.0,0.0,18473,global,0.0
4,2,lr1e-04_bs16_drop0p4_temp1p0_a0p25_b0p05__wd1e-04trmiss0_degmodglobal,16,0.0001,0.0001,0.4,1.0,0.25,0.05,lr1e-04_bs16_drop0p4_temp1p0_a0p25_b0p05__wd1e-04trmiss0_degmodglobal,14,0.6243611425161362,0.7122192978858948,0.37777777777777777,0.6200515533848867,0.42857142857142855,0.0,0.608957976102829,0.5906912535429001,0.09158583730459213,0.2154681757092476,0.0,0.0,0.0,0.0,0.0,18473,global,0.0
4,2,lr1e-04_bs16_drop0p4_temp1p0_a0p25_b0p05__wd1e-04trmiss0_degmodglobal,16,0.0001,0.0001,0.4,1.0,0.25,0.05,lr1e-04_bs16_drop0p4_temp1p0_a0p25_b0p05__wd1e-04trmiss0_degmodglobal,15,0.6402246952056885,0.7083481550216675,0.4444444444444444,0.6393578643578645,0.42857142857142855,0.0,0.5729349255561829,0.6111903488636017,0.07850796915590763,0.18814683333039284,0.0,0.0,0.0,0.0,0.0,18473,global,0.0
4,2,lr1e-04_bs16_drop0p4_temp1p0_a0p25_b0p05__wd1e-04trmiss0_degmodglobal,16,0.0001,0.0001,0.4,1.0,0.25,0.05,lr1e-04_bs16_drop0p4_temp1p0_a0p25_b0p05__wd1e-04trmiss0_degmodglobal,16,0.5969938784837723,0.7079384922981262,0.4666666666666666,0.6541726791726793,0.42857142857142855,0.0,0.5793391764163971,0.5627087354660034,0.08969974331557751,0.23720386624336243,0.0,0.0,0.0,0.0,0.0,18473,global,0.0
4,2,lr1e-04_bs16_drop0p4_temp1p0_a0p25_b0p05__wd1e-04trmiss0_degmodglobal,16,0.0001,0.0001,0.4,1.0,0.25,0.05,lr1e-04_bs16_drop0p4_temp1p0_a0p25_b0p05__wd1e-04trmiss0_degmodglobal,17,0.6749666035175323,0.7081819772720337,0.4444444444444444,0.6393578643578645,0.42857142857142855,0.0,0.5220264345407486,0.633016049861908,0.10174832493066788,0.3302694261074066,0.0,0.0,0.0,0.0,0.0,18473,global,0.0
4,2,lr1e-04_bs16_drop0p4_temp1p0_a0p25_b0p05__wd1e-04trmiss0_degmodglobal,16,0.0001,0.0001,0.4,1.0,0.25,0.05,lr1e-04_bs16_drop0p4_temp1p0_a0p25_b0p05__wd1e-04trmiss0_degmodglobal,18,0.623895913362503,0.7128279805183411,0.39999999999999997,0.6259438092771425,0.42857142857142855,0.0,0.5961005985736847,0.586474135518074,0.10005229152739048,0.248174287378788,0.0,0.0,0.0,0.0,0.0,18473,global,0.0
4,2,lr1e-04_bs16_drop0p4_temp1p0_a0p25_b0p05__wd1e-04trmiss0_degmodglobal,16,0.0001,0.0001,0.4,1.0,0.25,0.05,lr1e-04_bs16_drop0p4_temp1p0_a0p25_b0p05__wd1e-04trmiss0_degmodglobal,19,0.6687198579311371,0.7105752825737,0.39999999999999997,0.6259438092771425,0.42857142857142855,0.0,0.5735336542129517,0.6310659945011139,0.10422760993242264,0.23193952813744545,0.0,0.0,0.0,0.0,0.0,18473,global,0.0
4,2,lr1e-04_bs16_drop0p4_temp1p0_a0p25_b0p05__wd1e-04trmiss0_degmodglobal,16,0.0001,0.0001,0.4,1.0,0.25,0.05,lr1e-04_bs16_drop0p4_temp1p0_a0p25_b0p05__wd1e-04trmiss0_degmodglobal,20,0.5976195484399796,0.7107360363006592,0.39999999999999997,0.6259438092771425,0.42857142857142855,0.0,0.5795158445835114,0.5675929635763168,0.07664908841252327,0.21728648990392685,0.0,0.0,0.0,0.0,0.0,18473,global,0.0
4,2,lr1e-04_bs16_drop0p4_temp1p0_a0p25_b0p05__wd1e-04trmiss0_degmodglobal,16,0.0001,0.0001,0.4,1.0,0.25,0.05,lr1e-04_bs16_drop0p4_temp1p0_a0p25_b0p05__wd1e-04trmiss0_degmodglobal,21,0.6129774302244186,0.7120001912117004,0.39999999999999997,0.6259438092771425,0.42857142857142855,0.0,0.5366845950484276,0.573700025677681,0.10595002304762602,0.2557979207485914,0.0,0.0,0.0,0.0,0.0,18473,global,0.0
4,2,lr1e-04_bs16_drop0p4_temp1p0_a0p25_b0p05__wd1e-04trmiss0_degmodglobal,16,0.0001,0.0001,0.4,1.0,0.25,0.05,lr1e-04_bs16_drop0p4_temp1p0_a0p25_b0p05__wd1e-04trmiss0_degmodglobal,22,0.6055857092142105,0.714493989944458,0.39999999999999997,0.6259438092771425,0.42857142857142855,0.0,0.5342179983854294,0.5789836794137955,0.07573420833796263,0.1533700656145811,0.0,0.0,0.0,0.0,0.0,18473,global,0.0
4,2,lr1e-04_bs16_drop0p4_temp1p0_a0p25_b0p05__wd1e-04trmiss0_degmodglobal,16,0.0001,0.0001,0.4,1.0,0.25,0.05,lr1e-04_bs16_drop0p4_temp1p0_a0p25_b0p05__wd1e-04trmiss0_degmodglobal,23,0.5928875207901001,0.7162730693817139,0.39999999999999997,0.6259438092771425,0.42857142857142855,0.0,0.5247055888175964,0.5568829327821732,0.09951302967965603,0.22252662852406502,0.0,0.0,0.0,0.0,0.0,18473,global,0.0
4,2,lr1e-04_bs16_drop0p4_temp1p0_a0p25_b0p05__wd1e-04trmiss0_degmodglobal,16,0.0001,0.0001,0.4,1.0,0.25,0.05,lr1e-04_bs16_drop0p4_temp1p0_a0p25_b0p05__wd1e-04trmiss0_degmodglobal,24,0.5846445709466934,0.7192042469978333,0.39999999999999997,0.6259438092771425,0.42857142857142855,0.0,0.5301532819867134,0.5510915517807007,0.09598139766603708,0.1911534145474434,0.0,0.0,0.0,0.0,0.0,18473,global,0.0
4,2,lr1e-04_bs16_drop0p4_temp1p0_a0p25_b0p05__wd1e-04trmiss0_degmodglobal,16,0.0001,0.0001,0.4,1.0,0.25,0.05,lr1e-04_bs16_drop0p4_temp1p0_a0p25_b0p05__wd1e-04trmiss0_degmodglobal,25,0.6031181067228317,0.722278356552124,0.39999999999999997,0.6259438092771425,0.42857142857142855,0.0,0.5323536098003387,0.5667071491479874,0.10515416786074638,0.20244820043444633,0.0,0.0,0.0,0.0,0.0,18473,global,0.0
4,2,lr1e-04_bs16_drop0p4_temp2p0_a0p25_b0p05__wd1e-04trmiss0_degmodglobal,16,0.0001,0.0001,0.4,2.0,0.25,0.05,lr1e-04_bs16_drop0p4_temp2p0_a0p25_b0p05__wd1e-04trmiss0_degmodglobal,1,0.7491005510091782,0.6965703368186951,0.6666666666666666,0.84985754985755,0.5,0.0,0.6514004468917847,0.7233192920684814,0.06907030381262302,0.17027352564036846,0.0,0.0,0.0,0.0,0.0,18473,global,0.0
4,2,lr1e-04_bs16_drop0p4_temp2p0_a0p25_b0p05__wd1e-04trmiss0_degmodglobal,16,0.0001,0.0001,0.4,2.0,0.25,0.05,lr1e-04_bs16_drop0p4_temp2p0_a0p25_b0p05__wd1e-04trmiss0_degmodglobal,2,0.8109598308801651,0.6937273740768433,0.7333333333333334,0.8577040243706913,0.42857142857142855,0.0,0.6688794940710068,0.7623704522848129,0.11945890635251999,0.374493308365345,0.0,0.0,0.0,0.0,0.0,18473,global,0.0
4,2,lr1e-04_bs16_drop0p4_temp2p0_a0p25_b0p05__wd1e-04trmiss0_degmodglobal,16,0.0001,0.0001,0.4,2.0,0.25,0.05,lr1e-04_bs16_drop0p4_temp2p0_a0p25_b0p05__wd1e-04trmiss0_degmodglobal,3,0.7464946210384369,0.6952431797981262,0.7333333333333334,0.8577040243706913,0.5,0.0,0.6367946267127991,0.709594801068306,0.09800255671143532,0.24798408057540655,0.0,0.0,0.0,0.0,0.0,18473,global,0.0
4,2,lr1e-04_bs16_drop0p4_temp2p0_a0p25_b0p05__wd1e-04trmiss0_degmodglobal,16,0.0001,0.0001,0.4,2.0,0.25,0.05,lr1e-04_bs16_drop0p4_temp2p0_a0p25_b0p05__wd1e-04trmiss0_degmodglobal,4,0.7001330405473709,0.6952505707740784,0.7111111111111111,0.8512937679604347,0.5714285714285714,0.0,0.6311490386724472,0.670824833214283,0.07771969772875309,0.19756558537483215,0.0,0.0,0.0,0.0,0.0,18473,global,0.0
4,2,lr1e-04_bs16_drop0p4_temp2p0_a0p25_b0p05__wd1e-04trmiss0_degmodglobal,16,0.0001,0.0001,0.4,2.0,0.25,0.05,lr1e-04_bs16_drop0p4_temp2p0_a0p25_b0p05__wd1e-04trmiss0_degmodglobal,5,0.7472371160984039,0.7025375962257385,0.6444444444444444,0.8458393458393461,0.5714285714285714,0.0,0.6529831290245056,0.7161028981208801,0.08604243863373995,0.192472382215783,0.0,0.0,0.0,0.0,0.0,18473,global,0.0
4,2,lr1e-04_bs16_drop0p4_temp2p0_a0p25_b0p05__wd1e-04trmiss0_degmodglobal,16,0.0001,0.0001,0.4,2.0,0.25,0.05,lr1e-04_bs16_drop0p4_temp2p0_a0p25_b0p05__wd1e-04trmiss0_degmodglobal,6,0.6763766258955002,0.7222084403038025,0.5555555555555556,0.7861730861730862,0.42857142857142855,0.0,0.6188725382089615,0.6502750813961029,0.07432426232844591,0.1504091341048479,0.0,0.0,0.0,0.0,0.0,18473,global,0.0
4,2,lr1e-04_bs16_drop0p4_temp2p0_a0p25_b0p05__wd1e-04trmiss0_degmodglobal,16,0.0001,0.0001,0.4,2.0,0.25,0.05,lr1e-04_bs16_drop0p4_temp2p0_a0p25_b0p05__wd1e-04trmiss0_degmodglobal,7,0.6995884627103806,0.7296634316444397,0.4888888888888889,0.6580586080586082,0.35714285714285715,0.0,0.6118298470973969,0.6726532578468323,0.07380355149507523,0.16968676075339317,0.0,0.0,0.0,0.0,0.0,18473,global,0.0
4,2,lr1e-04_bs16_drop0p4_temp2p0_a0p25_b0p05__wd1e-04trmiss0_degmodglobal,16,0.0001,0.0001,0.4,2.0,0.25,0.05,lr1e-04_bs16_drop0p4_temp2p0_a0p25_b0p05__wd1e-04trmiss0_degmodglobal,8,0.6637476235628128,0.7301633954048157,0.5333333333333333,0.7284289784289786,0.42857142857142855,0.0,0.612940177321434,0.6428222060203552,0.05384381115436554,0.14928890392184258,0.0,0.0,0.0,0.0,0.0,18473,global,0.0
4,2,lr1e-04_bs16_drop0p4_temp2p0_a0p25_b0p05__wd1e-04trmiss0_degmodglobal,16,0.0001,0.0001,0.4,2.0,0.25,0.05,lr1e-04_bs16_drop0p4_temp2p0_a0p25_b0p05__wd1e-04trmiss0_degmodglobal,9,0.6667914614081383,0.7264317274093628,0.5111111111111111,0.7583231583231584,0.5,0.0,0.615892618894577,0.6343280225992203,0.08669807575643063,0.21577827259898186,0.0,0.0,0.0,0.0,0.0,18473,global,0.0
4,2,lr1e-04_bs16_drop0p4_temp2p0_a0p25_b0p05__wd1e-04trmiss0_degmodglobal,16,0.0001,0.0001,0.4,2.0,0.25,0.05,lr1e-04_bs16_drop0p4_temp2p0_a0p25_b0p05__wd1e-04trmiss0_degmodglobal,10,0.6318445950746536,0.7261733412742615,0.48888888888888893,0.7522625522625523,0.5,0.0,0.5977811813354492,0.6113476753234863,0.054406389594078064,0.13790695136412978,0.0,0.0,0.0,0.0,0.0,18473,global,0.0
4,2,lr1e-04_bs16_drop0p4_temp2p0_a0p25_b0p05__wd1e-04trmiss0_degmodglobal,16,0.0001,0.0001,0.4,2.0,0.25,0.05,lr1e-04_bs16_drop0p4_temp2p0_a0p25_b0p05__wd1e-04trmiss0_degmodglobal,11,0.6548871546983719,0.7269925475120544,0.5111111111111111,0.7583231583231584,0.5,0.0,0.6141188740730286,0.6234588325023651,0.08076446130871773,0.22474421188235283,0.0,0.0,0.0,0.0,0.0,18473,global,0.0
4,2,lr1e-04_bs16_drop0p4_temp2p0_a0p25_b0p05__wd1e-04trmiss0_degmodglobal,16,0.0001,0.0001,0.4,2.0,0.25,0.05,lr1e-04_bs16_drop0p4_temp2p0_a0p25_b0p05__wd1e-04trmiss0_degmodglobal,12,0.6650434285402298,0.7245776653289795,0.5333333333333333,0.7642154142154143,0.42857142857142855,0.0,0.6135009378194809,0.6345096528530121,0.07869184575974941,0.21721594780683517,0.0,0.0,0.0,0.0,0.0,18473,global,0.0
4,2,lr1e-04_bs16_drop0p4_temp2p0_a0p25_b0p05__wd1e-04trmiss0_degmodglobal,16,0.0001,0.0001,0.4,2.0,0.25,0.05,lr1e-04_bs16_drop0p4_temp2p0_a0p25_b0p05__wd1e-04trmiss0_degmodglobal,13,0.6874498724937439,0.730351984500885,0.4888888888888889,0.713950863950864,0.42857142857142855,0.0,0.6211878657341003,0.655309796333313,0.08019796572625637,0.24181119352579117,0.0,0.0,0.0,0.0,0.0,18473,global,0.0
4,2,lr1e-04_bs16_drop0p4_temp2p0_a0p25_b0p05__wd1e-04trmiss0_degmodglobal,16,0.0001,0.0001,0.4,2.0,0.25,0.05,lr1e-04_bs16_drop0p4_temp2p0_a0p25_b0p05__wd1e-04trmiss0_degmodglobal,14,0.6987748295068741,0.7390795350074768,0.4444444444444444,0.696314179647513,0.35714285714285715,0.0,0.5887899398803711,0.6718101501464844,0.06698523461818695,0.2043675258755684,0.0,0.0,0.0,0.0,0.0,18473,global,0.0
4,2,lr1e-04_bs16_drop0p4_temp2p0_a0p25_b0p05__wd1e-04trmiss0_degmodglobal,16,0.0001,0.0001,0.4,2.0,0.25,0.05,lr1e-04_bs16_drop0p4_temp2p0_a0p25_b0p05__wd1e-04trmiss0_degmodglobal,15,0.6414413005113602,0.7351657748222351,0.4444444444444444,0.696314179647513,0.42857142857142855,0.0,0.5788164883852005,0.618794247508049,0.06253871601074934,0.14024733379483223,0.0,0.0,0.0,0.0,0.0,18473,global,0.0
4,2,lr1e-04_bs16_drop0p4_temp2p0_a0p25_b0p05__wd1e-04trmiss0_degmodglobal,16,0.0001,0.0001,0.4,2.0,0.25,0.05,lr1e-04_bs16_drop0p4_temp2p0_a0p25_b0p05__wd1e-04trmiss0_degmodglobal,16,0.6952387690544128,0.7361334562301636,0.4666666666666667,0.7040302290302292,0.42857142857142855,0.0,0.6063489764928818,0.659571573138237,0.0894598551094532,0.26604510098695755,0.0,0.0,0.0,0.0,0.0,18473,global,0.0
4,2,lr1e-04_bs16_drop0p4_temp2p0_a0p25_b0p05__wd1e-04trmiss0_degmodglobal,16,0.0001,0.0001,0.4,2.0,0.25,0.05,lr1e-04_bs16_drop0p4_temp2p0_a0p25_b0p05__wd1e-04trmiss0_degmodglobal,17,0.6177152544260025,0.7342900037765503,0.4444444444444444,0.6981379731379731,0.42857142857142855,0.0,0.595224067568779,0.5912601053714752,0.07687945570796728,0.14470550045371056,0.0,0.0,0.0,0.0,0.0,18473,global,0.0
4,2,lr1e-04_bs16_drop0p4_temp2p0_a0p25_b0p05__wd1e-04trmiss0_degmodglobal,16,0.0001,0.0001,0.4,2.0,0.25,0.05,lr1e-04_bs16_drop0p4_temp2p0_a0p25_b0p05__wd1e-04trmiss0_degmodglobal,18,0.6234198957681656,0.7372362613677979,0.4444444444444444,0.6981379731379731,0.35714285714285715,0.0,0.5392242223024368,0.5993413478136063,0.06755629740655422,0.1437897365540266,0.0,0.0,0.0,0.0,0.0,18473,global,0.0
4,2,lr1e-04_bs16_drop0p4_temp2p0_a0p25_b0p05__wd1e-04trmiss0_degmodglobal,16,0.0001,0.0001,0.4,2.0,0.25,0.05,lr1e-04_bs16_drop0p4_temp2p0_a0p25_b0p05__wd1e-04trmiss0_degmodglobal,19,0.6253598779439926,0.7354899644851685,0.4222222222222222,0.6904219237552571,0.42857142857142855,0.0,0.5545941591262817,0.5991599559783936,0.07241356559097767,0.16193050891160965,0.0,0.0,0.0,0.0,0.0,18473,global,0.0
4,2,lr1e-04_bs16_drop0p4_temp2p0_a0p25_b0p05__wd1e-04trmiss0_degmodglobal,16,0.0001,0.0001,0.4,2.0,0.25,0.05,lr1e-04_bs16_drop0p4_temp2p0_a0p25_b0p05__wd1e-04trmiss0_degmodglobal,20,0.6321381777524948,0.7366991639137268,0.4222222222222222,0.6904219237552571,0.42857142857142855,0.0,0.5223082453012466,0.6034436374902725,0.08710292726755142,0.13837624341249466,0.0,0.0,0.0,0.0,0.0,18473,global,0.0
4,2,lr1e-04_bs16_drop0p4_temp2p0_a0p25_b0p05__wd1e-04trmiss0_degmodglobal,16,0.0001,0.0001,0.4,2.0,0.25,0.05,lr1e-04_bs16_drop0p4_temp2p0_a0p25_b0p05__wd1e-04trmiss0_degmodglobal,21,0.6270548105239868,0.7419575452804565,0.4222222222222222,0.6904219237552571,0.35714285714285715,0.0,0.5774460732936859,0.5975637435913086,0.08557110372930765,0.16196550615131855,0.0,0.0,0.0,0.0,0.0,18473,global,0.0
4,2,lr1e-04_bs16_drop0p4_temp2p0_a0p25_b0p05__wd1e-04trmiss0_degmodglobal,16,0.0001,0.0001,0.4,2.0,0.25,0.05,lr1e-04_bs16_drop0p4_temp2p0_a0p25_b0p05__wd1e-04trmiss0_degmodglobal,22,0.5792462378740311,0.7422105669975281,0.4222222222222222,0.6904219237552571,0.42857142857142855,0.0,0.5227130427956581,0.556760273873806,0.06299256812781096,0.13475643284618855,0.0,0.0,0.0,0.0,0.0,18473,global,0.0
4,2,lr1e-04_bs16_drop0p4_temp2p0_a0p25_b0p05__wd1e-04trmiss0_degmodglobal,16,0.0001,0.0001,0.4,2.0,0.25,0.05,lr1e-04_bs16_drop0p4_temp2p0_a0p25_b0p05__wd1e-04trmiss0_degmodglobal,23,0.6002441793680191,0.7395852208137512,0.4,0.6348663681997017,0.5,0.0,0.5393075197935104,0.5740127265453339,0.07718147058039904,0.13872131053358316,0.0,0.0,0.0,0.0,0.0,18473,global,0.0
4,2,lr1e-04_bs16_drop0p4_temp2p0_a0p25_b0p05__wd1e-04trmiss0_degmodglobal,16,0.0001,0.0001,0.4,2.0,0.25,0.05,lr1e-04_bs16_drop0p4_temp2p0_a0p25_b0p05__wd1e-04trmiss0_degmodglobal,24,0.6888378411531448,0.7445233464241028,0.4,0.6348663681997017,0.42857142857142855,0.0,0.5774874538183212,0.6627746075391769,0.07287947088479996,0.15686755254864693,0.0,0.0,0.0,0.0,0.0,18473,global,0.0
4,2,lr1e-04_bs16_drop0p4_temp2p0_a0p25_b0p05__wd1e-04trmiss0_degmodglobal,16,0.0001,0.0001,0.4,2.0,0.25,0.05,lr1e-04_bs16_drop0p4_temp2p0_a0p25_b0p05__wd1e-04trmiss0_degmodglobal,25,0.6130857318639755,0.7465816736221313,0.4,0.6348663681997017,0.5,0.0,0.5532216280698776,0.5831979513168335,0.08005104586482048,0.1975005902349949,0.0,0.0,0.0,0.0,0.0,18473,global,0.0
4,2,lr5e-05_bs16_drop0p2_temp1p0_a0p25_b0p05__wd1e-04trmiss0_degmodglobal,16,5e-05,0.0001,0.2,1.0,0.25,0.05,lr5e-05_bs16_drop0p2_temp1p0_a0p25_b0p05__wd1e-04trmiss0_degmodglobal,1,0.728426918387413,0.6940385699272156,0.5333333333333333,0.7723215056548391,0.5,0.0,0.680573970079422,0.7052486836910248,0.051660628989338875,0.20526158809661865,0.0,0.0,0.0,0.0,0.0,18473,global,0.0
4,2,lr5e-05_bs16_drop0p2_temp1p0_a0p25_b0p05__wd1e-04trmiss0_degmodglobal,16,5e-05,0.0001,0.2,1.0,0.25,0.05,lr5e-05_bs16_drop0p2_temp1p0_a0p25_b0p05__wd1e-04trmiss0_degmodglobal,2,0.6769085973501205,0.700116753578186,0.4444444444444444,0.687197370530704,0.42857142857142855,0.0,0.651101365685463,0.6554895043373108,0.05013261828571558,0.1777193397283554,0.0,0.0,0.0,0.0,0.0,18473,global,0.0
4,2,lr5e-05_bs16_drop0p2_temp1p0_a0p25_b0p05__wd1e-04trmiss0_degmodglobal,16,5e-05,0.0001,0.2,1.0,0.25,0.05,lr5e-05_bs16_drop0p2_temp1p0_a0p25_b0p05__wd1e-04trmiss0_degmodglobal,3,0.6615546494722366,0.702407956123352,0.3333333333333333,0.6422978256311589,0.42857142857142855,0.0,0.6576058715581894,0.6404382884502411,0.05075908359140158,0.16853200271725655,0.0,0.0,0.0,0.0,0.0,18473,global,0.0
4,2,lr5e-05_bs16_drop0p2_temp1p0_a0p25_b0p05__wd1e-04trmiss0_degmodglobal,16,5e-05,0.0001,0.2,1.0,0.25,0.05,lr5e-05_bs16_drop0p2_temp1p0_a0p25_b0p05__wd1e-04trmiss0_degmodglobal,4,0.6646436154842377,0.7007251977920532,0.3555555555555555,0.6589644922978257,0.42857142857142855,0.0,0.6351672559976578,0.6381669044494629,0.06155567895621061,0.22175586968660355,0.0,0.0,0.0,0.0,0.0,18473,global,0.0
4,2,lr5e-05_bs16_drop0p2_temp1p0_a0p25_b0p05__wd1e-04trmiss0_degmodglobal,16,5e-05,0.0001,0.2,1.0,0.25,0.05,lr5e-05_bs16_drop0p2_temp1p0_a0p25_b0p05__wd1e-04trmiss0_degmodglobal,5,0.6574387848377228,0.7003010511398315,0.37777777777777777,0.6666805416805417,0.42857142857142855,0.0,0.6519096344709396,0.6379090398550034,0.04457824630662799,0.16770342737436295,0.0,0.0,0.0,0.0,0.0,18473,global,0.0
4,2,lr5e-05_bs16_drop0p2_temp1p0_a0p25_b0p05__wd1e-04trmiss0_degmodglobal,16,5e-05,0.0001,0.2,1.0,0.25,0.05,lr5e-05_bs16_drop0p2_temp1p0_a0p25_b0p05__wd1e-04trmiss0_degmodglobal,6,0.6068518608808517,0.7003041505813599,0.3555555555555555,0.6500138750138751,0.35714285714285715,0.0,0.6276793032884598,0.586134746670723,0.05117456056177616,0.1584695428609848,0.0,0.0,0.0,0.0,0.0,18473,global,0.0
4,2,lr5e-05_bs16_drop0p2_temp1p0_a0p25_b0p05__wd1e-04trmiss0_degmodglobal,16,5e-05,0.0001,0.2,1.0,0.25,0.05,lr5e-05_bs16_drop0p2_temp1p0_a0p25_b0p05__wd1e-04trmiss0_degmodglobal,7,0.6289866268634796,0.6996613144874573,0.37777777777777777,0.6560744810744812,0.35714285714285715,0.0,0.6041053831577301,0.6089165359735489,0.04791839700192213,0.16181032545864582,0.0,0.0,0.0,0.0,0.0,18473,global,0.0
4,2,lr5e-05_bs16_drop0p2_temp1p0_a0p25_b0p05__wd1e-04trmiss0_degmodglobal,16,5e-05,0.0001,0.2,1.0,0.25,0.05,lr5e-05_bs16_drop0p2_temp1p0_a0p25_b0p05__wd1e-04trmiss0_degmodglobal,8,0.6047033220529556,0.6962769627571106,0.48888888888888893,0.7191798941798941,0.35714285714285715,0.0,0.612165242433548,0.5827217549085617,0.0537769659422338,0.17074654810130596,0.0,0.0,0.0,0.0,0.0,18473,global,0.0
4,2,lr5e-05_bs16_drop0p2_temp1p0_a0p25_b0p05__wd1e-04trmiss0_degmodglobal,16,5e-05,0.0001,0.2,1.0,0.25,0.05,lr5e-05_bs16_drop0p2_temp1p0_a0p25_b0p05__wd1e-04trmiss0_degmodglobal,9,0.6093196272850037,0.6930914521217346,0.48888888888888893,0.7191798941798941,0.35714285714285715,0.0,0.5722926110029221,0.5908956825733185,0.04657778516411781,0.1355895921587944,0.0,0.0,0.0,0.0,0.0,18473,global,0.0
4,2,lr5e-05_bs16_drop0p2_temp1p0_a0p25_b0p05__wd1e-04trmiss0_degmodglobal,16,5e-05,0.0001,0.2,1.0,0.25,0.05,lr5e-05_bs16_drop0p2_temp1p0_a0p25_b0p05__wd1e-04trmiss0_degmodglobal,10,0.5904853940010071,0.6892784237861633,0.5333333333333333,0.7364959114959115,0.42857142857142855,0.0,0.5924482941627502,0.5690910965204239,0.0565971527248621,0.14490009285509586,0.0,0.0,0.0,0.0,0.0,18473,global,0.0
4,2,lr5e-05_bs16_drop0p2_temp1p0_a0p25_b0p05__wd1e-04trmiss0_degmodglobal,16,5e-05,0.0001,0.2,1.0,0.25,0.05,lr5e-05_bs16_drop0p2_temp1p0_a0p25_b0p05__wd1e-04trmiss0_degmodglobal,11,0.5849417150020599,0.6901113390922546,0.5333333333333333,0.7364959114959115,0.42857142857142855,0.0,0.5839030742645264,0.5666530579328537,0.04555534943938255,0.13799662329256535,0.0,0.0,0.0,0.0,0.0,18473,global,0.0
4,2,lr5e-05_bs16_drop0p2_temp1p0_a0p25_b0p05__wd1e-04trmiss0_degmodglobal,16,5e-05,0.0001,0.2,1.0,0.25,0.05,lr5e-05_bs16_drop0p2_temp1p0_a0p25_b0p05__wd1e-04trmiss0_degmodglobal,12,0.6372183859348297,0.6882995963096619,0.5333333333333333,0.7364959114959115,0.42857142857142855,0.0,0.5742248147726059,0.6108359396457672,0.06322201248258352,0.21153893321752548,0.0,0.0,0.0,0.0,0.0,18473,global,0.0
4,2,lr5e-05_bs16_drop0p2_temp1p0_a0p25_b0p05__wd1e-04trmiss0_degmodglobal,16,5e-05,0.0001,0.2,1.0,0.25,0.05,lr5e-05_bs16_drop0p2_temp1p0_a0p25_b0p05__wd1e-04trmiss0_degmodglobal,13,0.6005425602197647,0.6896635293960571,0.5333333333333333,0.7364959114959115,0.42857142857142855,0.0,0.5762085020542145,0.5789334997534752,0.05331868398934603,0.16558835096657276,0.0,0.0,0.0,0.0,0.0,18473,global,0.0
4,2,lr5e-05_bs16_drop0p2_temp1p0_a0p25_b0p05__wd1e-04trmiss0_degmodglobal,16,5e-05,0.0001,0.2,1.0,0.25,0.05,lr5e-05_bs16_drop0p2_temp1p0_a0p25_b0p05__wd1e-04trmiss0_degmodglobal,14,0.6196064800024033,0.6890591382980347,0.5333333333333333,0.7364959114959115,0.42857142857142855,0.0,0.5772835314273834,0.6018659919500351,0.04794134572148323,0.11510308552533388,0.0,0.0,0.0,0.0,0.0,18473,global,0.0
4,2,lr5e-05_bs16_drop0p2_temp1p0_a0p25_b0p05__wd1e-04trmiss0_degmodglobal,16,5e-05,0.0001,0.2,1.0,0.25,0.05,lr5e-05_bs16_drop0p2_temp1p0_a0p25_b0p05__wd1e-04trmiss0_degmodglobal,15,0.598044291138649,0.6861935257911682,0.5333333333333333,0.7364959114959115,0.5,0.0,0.553643524646759,0.5779430866241455,0.050979895517230034,0.14712494798004627,0.0,0.0,0.0,0.0,0.0,18473,global,0.0
4,2,lr5e-05_bs16_drop0p2_temp1p0_a0p25_b0p05__wd1e-04trmiss0_degmodglobal,16,5e-05,0.0001,0.2,1.0,0.25,0.05,lr5e-05_bs16_drop0p2_temp1p0_a0p25_b0p05__wd1e-04trmiss0_degmodglobal,16,0.598807081580162,0.6836816668510437,0.5333333333333333,0.7364959114959115,0.5,0.0,0.5552902221679688,0.576275110244751,0.05637829564511776,0.16874784976243973,0.0,0.0,0.0,0.0,0.0,18473,global,0.0
4,2,lr5e-05_bs16_drop0p2_temp1p0_a0p25_b0p05__wd1e-04trmiss0_degmodglobal,16,5e-05,0.0001,0.2,1.0,0.25,0.05,lr5e-05_bs16_drop0p2_temp1p0_a0p25_b0p05__wd1e-04trmiss0_degmodglobal,17,0.6026502400636673,0.686697244644165,0.5333333333333333,0.7364959114959115,0.5,0.0,0.5356369018554688,0.5725924521684647,0.07424862496554852,0.22991285845637321,0.0,0.0,0.0,0.0,0.0,18473,global,0.0
4,2,lr5e-05_bs16_drop0p2_temp1p0_a0p25_b0p05__wd1e-04trmiss0_degmodglobal,16,5e-05,0.0001,0.2,1.0,0.25,0.05,lr5e-05_bs16_drop0p2_temp1p0_a0p25_b0p05__wd1e-04trmiss0_degmodglobal,18,0.6052094846963882,0.689521849155426,0.5333333333333333,0.7364959114959115,0.5,0.0,0.5289652347564697,0.5781817734241486,0.06809237599372864,0.2000923529267311,0.0,0.0,0.0,0.0,0.0,18473,global,0.0
4,2,lr5e-05_bs16_drop0p2_temp1p0_a0p25_b0p05__wd1e-04trmiss0_degmodglobal,16,5e-05,0.0001,0.2,1.0,0.25,0.05,lr5e-05_bs16_drop0p2_temp1p0_a0p25_b0p05__wd1e-04trmiss0_degmodglobal,19,0.5705437958240509,0.6923230290412903,0.5333333333333333,0.7364959114959115,0.5,0.0,0.5199360474944115,0.545748345553875,0.06622050516307354,0.1648062076419592,0.0,0.0,0.0,0.0,0.0,18473,global,0.0
4,2,lr5e-05_bs16_drop0p2_temp1p0_a0p25_b0p05__wd1e-04trmiss0_degmodglobal,16,5e-05,0.0001,0.2,1.0,0.25,0.05,lr5e-05_bs16_drop0p2_temp1p0_a0p25_b0p05__wd1e-04trmiss0_degmodglobal,20,0.6101696491241455,0.6890783905982971,0.5555555555555556,0.7464165464165464,0.5,0.0,0.5516087412834167,0.5847692340612411,0.06592101510614157,0.17840328440070152,0.0,0.0,0.0,0.0,0.0,18473,global,0.0
4,2,lr5e-05_bs16_drop0p2_temp1p0_a0p25_b0p05__wd1e-04trmiss0_degmodglobal,16,5e-05,0.0001,0.2,1.0,0.25,0.05,lr5e-05_bs16_drop0p2_temp1p0_a0p25_b0p05__wd1e-04trmiss0_degmodglobal,21,0.5985369980335236,0.6840220093727112,0.5555555555555556,0.7464165464165464,0.5,0.0,0.5650880709290504,0.5764807462692261,0.056808361783623695,0.15708350576460361,0.0,0.0,0.0,0.0,0.0,18473,global,0.0
4,2,lr5e-05_bs16_drop0p2_temp1p0_a0p25_b0p05__wd1e-04trmiss0_degmodglobal,16,5e-05,0.0001,0.2,1.0,0.25,0.05,lr5e-05_bs16_drop0p2_temp1p0_a0p25_b0p05__wd1e-04trmiss0_degmodglobal,22,0.5767848044633865,0.6878999471664429,0.5555555555555556,0.7464165464165464,0.5,0.0,0.534505121409893,0.5526918470859528,0.062130809761583805,0.17120445892214775,0.0,0.0,0.0,0.0,0.0,18473,global,0.0
4,2,lr5e-05_bs16_drop0p2_temp1p0_a0p25_b0p05__wd1e-04trmiss0_degmodglobal,16,5e-05,0.0001,0.2,1.0,0.25,0.05,lr5e-05_bs16_drop0p2_temp1p0_a0p25_b0p05__wd1e-04trmiss0_degmodglobal,23,0.5787025690078735,0.6944219470024109,0.5111111111111111,0.7026455026455027,0.5,0.0,0.516078881919384,0.5565464198589325,0.05891825910657644,0.14853195287287235,0.0,0.0,0.0,0.0,0.0,18473,global,0.0
4,2,lr5e-05_bs16_drop0p2_temp1p0_a0p25_b0p05__wd1e-04trmiss0_degmodglobal,16,5e-05,0.0001,0.2,1.0,0.25,0.05,lr5e-05_bs16_drop0p2_temp1p0_a0p25_b0p05__wd1e-04trmiss0_degmodglobal,24,0.57342878729105,0.6963759064674377,0.5111111111111111,0.7026455026455027,0.5,0.0,0.5177919864654541,0.5539053678512573,0.052266886457800865,0.12913364171981812,0.0,0.0,0.0,0.0,0.0,18473,global,0.0
4,2,lr5e-05_bs16_drop0p2_temp1p0_a0p25_b0p05__wd1e-04trmiss0_degmodglobal,16,5e-05,0.0001,0.2,1.0,0.25,0.05,lr5e-05_bs16_drop0p2_temp1p0_a0p25_b0p05__wd1e-04trmiss0_degmodglobal,25,0.5698269754648209,0.695625364780426,0.4666666666666667,0.6821428571428572,0.5,0.0,0.5271966308355331,0.5417191982269287,0.0687412740662694,0.2184494026005268,0.0,0.0,0.0,0.0,0.0,18473,global,0.0
4,2,lr5e-05_bs16_drop0p2_temp1p0_a0p25_b0p05__wd1e-04trmiss0_degmodglobal,16,5e-05,0.0001,0.2,1.0,0.25,0.05,lr5e-05_bs16_drop0p2_temp1p0_a0p25_b0p05__wd1e-04trmiss0_degmodglobal,26,0.5661315470933914,0.695982813835144,0.4888888888888888,0.6927248677248676,0.5,0.0,0.5122399926185608,0.542169876396656,0.06534524355083704,0.15250705182552338,0.0,0.0,0.0,0.0,0.0,18473,global,0.0
4,2,lr5e-05_bs16_drop0p2_temp1p0_a0p25_b0p05__wd1e-04trmiss0_degmodglobal,16,5e-05,0.0001,0.2,1.0,0.25,0.05,lr5e-05_bs16_drop0p2_temp1p0_a0p25_b0p05__wd1e-04trmiss0_degmodglobal,27,0.6104375720024109,0.6945543885231018,0.48888888888888893,0.6988095238095238,0.5,0.0,0.5378018319606781,0.5883333086967468,0.06343942135572433,0.12488789577037096,0.0,0.0,0.0,0.0,0.0,18473,global,0.0
4,2,lr5e-05_bs16_drop0p2_temp1p0_a0p25_b0p05__wd1e-04trmiss0_degmodglobal,16,5e-05,0.0001,0.2,1.0,0.25,0.05,lr5e-05_bs16_drop0p2_temp1p0_a0p25_b0p05__wd1e-04trmiss0_degmodglobal,28,0.5675107091665268,0.696858823299408,0.4666666666666667,0.6821428571428572,0.5,0.0,0.5332881808280945,0.5424500703811646,0.07454617880284786,0.12848193384706974,0.0,0.0,0.0,0.0,0.0,18473,global,0.0
4,2,lr5e-05_bs16_drop0p2_temp1p0_a0p25_b0p05__wd1e-04trmiss0_degmodglobal,16,5e-05,0.0001,0.2,1.0,0.25,0.05,lr5e-05_bs16_drop0p2_temp1p0_a0p25_b0p05__wd1e-04trmiss0_degmodglobal,29,0.5891902446746826,0.6948264837265015,0.5111111111111111,0.7259139009139011,0.5,0.0,0.5197785273194313,0.5672078132629395,0.060162522830069065,0.13883572444319725,0.0,0.0,0.0,0.0,0.0,18473,global,0.0
4,2,lr5e-05_bs16_drop0p2_temp1p0_a0p25_b0p05__wd1e-04trmiss0_degmodglobal,16,5e-05,0.0001,0.2,1.0,0.25,0.05,lr5e-05_bs16_drop0p2_temp1p0_a0p25_b0p05__wd1e-04trmiss0_degmodglobal,30,0.5667868703603745,0.6912580728530884,0.5111111111111111,0.7259139009139011,0.5714285714285714,0.0,0.5055050626397133,0.5394545793533325,0.0649953493848443,0.22166931629180908,0.0,0.0,0.0,0.0,0.0,18473,global,0.0
4,2,lr5e-05_bs16_drop0p2_temp1p0_a0p25_b0p05__wd1e-04trmiss0_degmodglobal,16,5e-05,0.0001,0.2,1.0,0.25,0.05,lr5e-05_bs16_drop0p2_temp1p0_a0p25_b0p05__wd1e-04trmiss0_degmodglobal,31,0.5647571533918381,0.6916763186454773,0.5111111111111111,0.7259139009139011,0.5714285714285714,0.0,0.5213240161538124,0.5409818887710571,0.06653241254389286,0.14284328185021877,0.0,0.0,0.0,0.0,0.0,18473,global,0.0
4,2,lr5e-05_bs16_drop0p2_temp1p0_a0p25_b0p05__wd1e-04trmiss0_degmodglobal,16,5e-05,0.0001,0.2,1.0,0.25,0.05,lr5e-05_bs16_drop0p2_temp1p0_a0p25_b0p05__wd1e-04trmiss0_degmodglobal,32,0.5813653767108917,0.6953170299530029,0.5111111111111111,0.7259139009139011,0.5,0.0,0.512938603758812,0.5526255220174789,0.07393889129161835,0.2051028162240982,0.0,0.0,0.0,0.0,0.0,18473,global,0.0
4,2,lr5e-05_bs16_drop0p2_temp1p0_a0p25_b0p05__wd1e-04trmiss0_degmodglobal,16,5e-05,0.0001,0.2,1.0,0.25,0.05,lr5e-05_bs16_drop0p2_temp1p0_a0p25_b0p05__wd1e-04trmiss0_degmodglobal,33,0.5569424629211426,0.6927053332328796,0.5111111111111111,0.7259139009139011,0.5714285714285714,0.0,0.4822233244776726,0.5311790481209755,0.0704143987968564,0.16319622099399567,0.0,0.0,0.0,0.0,0.0,18473,global,0.0
4,2,lr5e-05_bs16_drop0p2_temp1p0_a0p25_b0p05__wd1e-04trmiss0_degmodglobal,16,5e-05,0.0001,0.2,1.0,0.25,0.05,lr5e-05_bs16_drop0p2_temp1p0_a0p25_b0p05__wd1e-04trmiss0_degmodglobal,34,0.6035391390323639,0.6997457146644592,0.48888888888888893,0.7191798941798941,0.42857142857142855,0.0,0.5190303847193718,0.5776126831769943,0.06762952450662851,0.18038096837699413,0.0,0.0,0.0,0.0,0.0,18473,global,0.0
4,2,lr5e-05_bs16_drop0p2_temp1p0_a0p25_b0p05__wd1e-04trmiss0_degmodglobal,16,5e-05,0.0001,0.2,1.0,0.25,0.05,lr5e-05_bs16_drop0p2_temp1p0_a0p25_b0p05__wd1e-04trmiss0_degmodglobal,35,0.6003925502300262,0.6990252733230591,0.4666666666666667,0.7121091871091871,0.42857142857142855,0.0,0.5188358575105667,0.5725341439247131,0.06965709663927555,0.20888283848762512,0.0,0.0,0.0,0.0,0.0,18473,global,0.0
4,2,lr5e-05_bs16_drop0p2_temp1p0_a0p25_b0p05__wd1e-04trmiss0_degmodglobal,16,5e-05,0.0001,0.2,1.0,0.25,0.05,lr5e-05_bs16_drop0p2_temp1p0_a0p25_b0p05__wd1e-04trmiss0_degmodglobal,36,0.579607218503952,0.6940903067588806,0.4666666666666667,0.7121091871091871,0.5,0.0,0.48485036194324493,0.5511678457260132,0.06889738142490387,0.22430047392845154,0.0,0.0,0.0,0.0,0.0,18473,global,0.0
4,2,lr5e-05_bs16_drop0p2_temp1p0_a0p25_b0p05__wd1e-04trmiss0_degmodglobal,16,5e-05,0.0001,0.2,1.0,0.25,0.05,lr5e-05_bs16_drop0p2_temp1p0_a0p25_b0p05__wd1e-04trmiss0_degmodglobal,37,0.5595696568489075,0.6928122639656067,0.4666666666666667,0.7121091871091871,0.5,0.0,0.5054817125201225,0.5343205481767654,0.0685273502022028,0.16234567295759916,0.0,0.0,0.0,0.0,0.0,18473,global,0.0
4,2,lr5e-05_bs16_drop0p2_temp1p0_a0p25_b0p05__wd1e-04trmiss0_degmodglobal,16,5e-05,0.0001,0.2,1.0,0.25,0.05,lr5e-05_bs16_drop0p2_temp1p0_a0p25_b0p05__wd1e-04trmiss0_degmodglobal,38,0.5797571390867233,0.6926876902580261,0.4666666666666667,0.7121091871091871,0.5,0.0,0.5025419443845749,0.5543477833271027,0.06487133633345366,0.1838306151330471,0.0,0.0,0.0,0.0,0.0,18473,global,0.0
4,2,lr5e-05_bs16_drop0p2_temp1p0_a0p25_b0p05__wd1e-04trmiss0_degmodglobal,16,5e-05,0.0001,0.2,1.0,0.25,0.05,lr5e-05_bs16_drop0p2_temp1p0_a0p25_b0p05__wd1e-04trmiss0_degmodglobal,39,0.5863517373800278,0.6919395327568054,0.4666666666666667,0.7121091871091871,0.5,0.0,0.5027321130037308,0.5572317391633987,0.07784639857709408,0.19316779263317585,0.0,0.0,0.0,0.0,0.0,18473,global,0.0
4,2,lr5e-05_bs16_drop0p2_temp1p0_a0p25_b0p05__wd1e-04trmiss0_degmodglobal,16,5e-05,0.0001,0.2,1.0,0.25,0.05,lr5e-05_bs16_drop0p2_temp1p0_a0p25_b0p05__wd1e-04trmiss0_degmodglobal,40,0.5569678843021393,0.69142746925354,0.4666666666666667,0.7121091871091871,0.5,0.0,0.49217991530895233,0.5315941572189331,0.06406997703015804,0.18712492659687996,0.0,0.0,0.0,0.0,0.0,18473,global,0.0
4,2,lr5e-05_bs16_drop0p2_temp1p0_a0p25_b0p05__wd1e-04trmiss0_degmodglobal,16,5e-05,0.0001,0.2,1.0,0.25,0.05,lr5e-05_bs16_drop0p2_temp1p0_a0p25_b0p05__wd1e-04trmiss0_degmodglobal,41,0.5900132060050964,0.6941861510276794,0.4666666666666667,0.7121091871091871,0.5,0.0,0.49188175052404404,0.5674236565828323,0.06610783841460943,0.12125183269381523,0.0,0.0,0.0,0.0,0.0,18473,global,0.0
4,2,lr5e-05_bs16_drop0p2_temp2p0_a0p25_b0p05__wd1e-04trmiss0_degmodglobal,16,5e-05,0.0001,0.2,2.0,0.25,0.05,lr5e-05_bs16_drop0p2_temp2p0_a0p25_b0p05__wd1e-04trmiss0_degmodglobal,1,0.7236489951610565,0.6835321187973022,0.8,0.8996913580246915,0.6428571428571429,0.0,0.7356235831975937,0.7080214470624924,0.03821060946211219,0.12149758450686932,0.0,0.0,0.0,0.0,0.0,18473,global,0.0
4,2,lr5e-05_bs16_drop0p2_temp2p0_a0p25_b0p05__wd1e-04trmiss0_degmodglobal,16,5e-05,0.0001,0.2,2.0,0.25,0.05,lr5e-05_bs16_drop0p2_temp2p0_a0p25_b0p05__wd1e-04trmiss0_degmodglobal,2,0.7119471281766891,0.6842091679573059,0.8222222222222223,0.9182098765432101,0.6428571428571429,0.0,0.7128047496080399,0.7011547982692719,0.02781635196879506,0.076765320263803,0.0,0.0,0.0,0.0,0.0,18473,global,0.0
4,2,lr5e-05_bs16_drop0p2_temp2p0_a0p25_b0p05__wd1e-04trmiss0_degmodglobal,16,5e-05,0.0001,0.2,2.0,0.25,0.05,lr5e-05_bs16_drop0p2_temp2p0_a0p25_b0p05__wd1e-04trmiss0_degmodglobal,3,0.6962011009454727,0.6840336918830872,0.8,0.8996913580246915,0.5714285714285714,0.0,0.6700679361820221,0.6812546104192734,0.04037669999524951,0.09704650938510895,0.0,0.0,0.0,0.0,0.0,18473,global,0.0
4,2,lr5e-05_bs16_drop0p2_temp2p0_a0p25_b0p05__wd1e-04trmiss0_degmodglobal,16,5e-05,0.0001,0.2,2.0,0.25,0.05,lr5e-05_bs16_drop0p2_temp2p0_a0p25_b0p05__wd1e-04trmiss0_degmodglobal,4,0.6784866154193878,0.6830021142959595,0.7777777777777778,0.8774691358024693,0.5714285714285714,0.0,0.676703542470932,0.666395977139473,0.03544402867555618,0.0645926408469677,0.0,0.0,0.0,0.0,0.0,18473,global,0.0
4,2,lr5e-05_bs16_drop0p2_temp2p0_a0p25_b0p05__wd1e-04trmiss0_degmodglobal,16,5e-05,0.0001,0.2,2.0,0.25,0.05,lr5e-05_bs16_drop0p2_temp2p0_a0p25_b0p05__wd1e-04trmiss0_degmodglobal,5,0.6760304868221283,0.6805642247200012,0.7555555555555555,0.8496913580246914,0.5,0.0,0.6498343199491501,0.6629423946142197,0.03600317658856511,0.0817459300160408,0.0,0.0,0.0,0.0,0.0,18473,global,0.0
4,2,lr5e-05_bs16_drop0p2_temp2p0_a0p25_b0p05__wd1e-04trmiss0_degmodglobal,16,5e-05,0.0001,0.2,2.0,0.25,0.05,lr5e-05_bs16_drop0p2_temp2p0_a0p25_b0p05__wd1e-04trmiss0_degmodglobal,6,0.6602128744125366,0.6813738346099854,0.7555555555555555,0.8496913580246914,0.5714285714285714,0.0,0.685780331492424,0.6441081166267395,0.04044697806239128,0.1198602057993412,0.0,0.0,0.0,0.0,0.0,18473,global,0.0
4,2,lr5e-05_bs16_drop0p2_temp2p0_a0p25_b0p05__wd1e-04trmiss0_degmodglobal,16,5e-05,0.0001,0.2,2.0,0.25,0.05,lr5e-05_bs16_drop0p2_temp2p0_a0p25_b0p05__wd1e-04trmiss0_degmodglobal,7,0.6641633957624435,0.6821398138999939,0.7555555555555555,0.8496913580246914,0.5714285714285714,0.0,0.6159225851297379,0.6474639028310776,0.043704381212592125,0.1154680848121643,0.0,0.0,0.0,0.0,0.0,18473,global,0.0
4,2,lr5e-05_bs16_drop0p2_temp2p0_a0p25_b0p05__wd1e-04trmiss0_degmodglobal,16,5e-05,0.0001,0.2,2.0,0.25,0.05,lr5e-05_bs16_drop0p2_temp2p0_a0p25_b0p05__wd1e-04trmiss0_degmodglobal,8,0.6354231834411621,0.6804534792900085,0.7555555555555555,0.8496913580246914,0.5714285714285714,0.0,0.6318547427654266,0.6150828450918198,0.05308139882981777,0.14139985106885433,0.0,0.0,0.0,0.0,0.0,18473,global,0.0
4,2,lr5e-05_bs16_drop0p2_temp2p0_a0p25_b0p05__wd1e-04trmiss0_degmodglobal,16,5e-05,0.0001,0.2,2.0,0.25,0.05,lr5e-05_bs16_drop0p2_temp2p0_a0p25_b0p05__wd1e-04trmiss0_degmodglobal,9,0.6248861700296402,0.6821879744529724,0.7555555555555555,0.8496913580246914,0.5714285714285714,0.0,0.6336410194635391,0.6087150573730469,0.04216017434373498,0.11262127943336964,0.0,0.0,0.0,0.0,0.0,18473,global,0.0
4,2,lr5e-05_bs16_drop0p2_temp2p0_a0p25_b0p05__wd1e-04trmiss0_degmodglobal,16,5e-05,0.0001,0.2,2.0,0.25,0.05,lr5e-05_bs16_drop0p2_temp2p0_a0p25_b0p05__wd1e-04trmiss0_degmodglobal,10,0.6284029483795166,0.6782590746879578,0.7555555555555555,0.8496913580246914,0.5714285714285714,0.0,0.624826192855835,0.6128584891557693,0.04160618782043457,0.10285848844796419,0.0,0.0,0.0,0.0,0.0,18473,global,0.0
4,2,lr5e-05_bs16_drop0p2_temp2p0_a0p25_b0p05__wd1e-04trmiss0_degmodglobal,16,5e-05,0.0001,0.2,2.0,0.25,0.05,lr5e-05_bs16_drop0p2_temp2p0_a0p25_b0p05__wd1e-04trmiss0_degmodglobal,11,0.6100864410400391,0.6781740784645081,0.7555555555555555,0.8496913580246914,0.5714285714285714,0.0,0.6387798935174942,0.5887713134288788,0.05328713543713093,0.15986662730574608,0.0,0.0,0.0,0.0,0.0,18473,global,0.0
4,2,lr5e-05_bs16_drop0p2_temp2p0_a0p25_b0p05__wd1e-04trmiss0_degmodglobal,16,5e-05,0.0001,0.2,2.0,0.25,0.05,lr5e-05_bs16_drop0p2_temp2p0_a0p25_b0p05__wd1e-04trmiss0_degmodglobal,12,0.6121752858161926,0.6781927943229675,0.7777777777777778,0.8774691358024693,0.5714285714285714,0.0,0.6251366436481476,0.5961049497127533,0.04220181703567505,0.11039792001247406,0.0,0.0,0.0,0.0,0.0,18473,global,0.0
4,2,lr5e-05_bs16_drop0p2_temp2p0_a0p25_b0p05__wd1e-04trmiss0_degmodglobal,16,5e-05,0.0001,0.2,2.0,0.25,0.05,lr5e-05_bs16_drop0p2_temp2p0_a0p25_b0p05__wd1e-04trmiss0_degmodglobal,13,0.6177996844053268,0.6806023716926575,0.7111111111111111,0.8317340067340069,0.6428571428571429,0.0,0.620101660490036,0.6011646836996078,0.04757209727540612,0.09483909839764237,0.0,0.0,0.0,0.0,0.0,18473,global,0.0
4,2,lr5e-05_bs16_drop0p2_temp2p0_a0p25_b0p05__wd1e-04trmiss0_degmodglobal,16,5e-05,0.0001,0.2,2.0,0.25,0.05,lr5e-05_bs16_drop0p2_temp2p0_a0p25_b0p05__wd1e-04trmiss0_degmodglobal,14,0.6198005229234695,0.6831015348434448,0.6444444444444444,0.808499525166192,0.6428571428571429,0.0,0.6418037116527557,0.6018340736627579,0.04699174081906676,0.12436993606388569,0.0,0.0,0.0,0.0,0.0,18473,global,0.0
4,2,lr5e-05_bs16_drop0p2_temp2p0_a0p25_b0p05__wd1e-04trmiss0_degmodglobal,16,5e-05,0.0001,0.2,2.0,0.25,0.05,lr5e-05_bs16_drop0p2_temp2p0_a0p25_b0p05__wd1e-04trmiss0_degmodglobal,15,0.6108640283346176,0.6841641068458557,0.6888888888888889,0.8470797720797723,0.5714285714285714,0.0,0.6166994273662567,0.5957966446876526,0.04343779105693102,0.084158631041646,0.0,0.0,0.0,0.0,0.0,18473,global,0.0
4,2,lr5e-05_bs16_drop0p2_temp2p0_a0p25_b0p05__wd1e-04trmiss0_degmodglobal,16,5e-05,0.0001,0.2,2.0,0.25,0.05,lr5e-05_bs16_drop0p2_temp2p0_a0p25_b0p05__wd1e-04trmiss0_degmodglobal,16,0.6083047986030579,0.6802679896354675,0.7111111111111111,0.8527777777777779,0.6428571428571429,0.0,0.6247716546058655,0.5930940359830856,0.04233985859900713,0.09251572098582983,0.0,0.0,0.0,0.0,0.0,18473,global,0.0
4,2,lr5e-05_bs16_drop0p2_temp2p0_a0p25_b0p05__wd1e-04trmiss0_degmodglobal,16,5e-05,0.0001,0.2,2.0,0.25,0.05,lr5e-05_bs16_drop0p2_temp2p0_a0p25_b0p05__wd1e-04trmiss0_degmodglobal,17,0.5956130176782608,0.6859273314476013,0.6222222222222222,0.8205646205646207,0.6428571428571429,0.0,0.6094689220190048,0.578525185585022,0.04864630103111267,0.09852504543960094,0.0,0.0,0.0,0.0,0.0,18473,global,0.0
4,2,lr5e-05_bs16_drop0p2_temp2p0_a0p25_b0p05__wd1e-04trmiss0_degmodglobal,16,5e-05,0.0001,0.2,2.0,0.25,0.05,lr5e-05_bs16_drop0p2_temp2p0_a0p25_b0p05__wd1e-04trmiss0_degmodglobal,18,0.5748143047094345,0.6887994408607483,0.6444444444444444,0.8365800865800868,0.6428571428571429,0.0,0.6045421957969666,0.5568065494298935,0.04805246740579605,0.11989281140267849,0.0,0.0,0.0,0.0,0.0,18473,global,0.0
4,2,lr5e-05_bs16_drop0p2_temp2p0_a0p25_b0p05__wd1e-04trmiss0_degmodglobal,16,5e-05,0.0001,0.2,2.0,0.25,0.05,lr5e-05_bs16_drop0p2_temp2p0_a0p25_b0p05__wd1e-04trmiss0_degmodglobal,19,0.5879949033260345,0.6884783506393433,0.6666666666666666,0.8484848484848486,0.6428571428571429,0.0,0.5887516736984253,0.5693670064210892,0.0514703094959259,0.11520610097795725,0.0,0.0,0.0,0.0,0.0,18473,global,0.0
4,2,lr5e-05_bs16_drop0p2_temp2p0_a0p25_b0p05__wd1e-04trmiss0_degmodglobal,16,5e-05,0.0001,0.2,2.0,0.25,0.05,lr5e-05_bs16_drop0p2_temp2p0_a0p25_b0p05__wd1e-04trmiss0_degmodglobal,20,0.613579124212265,0.6895386576652527,0.6666666666666666,0.8484848484848486,0.5714285714285714,0.0,0.5876338183879852,0.5979509949684143,0.045562428422272205,0.08475026208907366,0.0,0.0,0.0,0.0,0.0,18473,global,0.0
4,2,lr5e-05_bs16_drop0p2_temp2p0_a0p25_b0p05__wd1e-04trmiss0_degmodglobal,16,5e-05,0.0001,0.2,2.0,0.25,0.05,lr5e-05_bs16_drop0p2_temp2p0_a0p25_b0p05__wd1e-04trmiss0_degmodglobal,21,0.6145718991756439,0.6882274746894836,0.6666666666666666,0.8484848484848486,0.6428571428571429,0.0,0.6208566576242447,0.5986638069152832,0.04261062294244766,0.10510866902768612,0.0,0.0,0.0,0.0,0.0,18473,global,0.0
4,2,lr5e-05_bs16_drop0p2_temp2p0_a0p25_b0p05__wd1e-04trmiss0_degmodglobal,16,5e-05,0.0001,0.2,2.0,0.25,0.05,lr5e-05_bs16_drop0p2_temp2p0_a0p25_b0p05__wd1e-04trmiss0_degmodglobal,22,0.5680255889892578,0.6878312230110168,0.6444444444444444,0.8365800865800868,0.6428571428571429,0.0,0.5729761570692062,0.5489558726549149,0.0530966566875577,0.11591116711497307,0.0,0.0,0.0,0.0,0.0,18473,global,0.0
4,2,lr5e-05_bs16_drop0p2_temp2p0_a0p25_b0p05__wd1e-04trmiss0_degmodglobal,16,5e-05,0.0001,0.2,2.0,0.25,0.05,lr5e-05_bs16_drop0p2_temp2p0_a0p25_b0p05__wd1e-04trmiss0_degmodglobal,23,0.5837049037218094,0.6907297968864441,0.6444444444444444,0.8365800865800868,0.5714285714285714,0.0,0.5958175510168076,0.5645448863506317,0.05425923690199852,0.11190420854836702,0.0,0.0,0.0,0.0,0.0,18473,global,0.0
4,2,lr5e-05_bs16_drop0p2_temp2p0_a0p25_b0p05__wd1e-04trmiss0_degmodglobal,16,5e-05,0.0001,0.2,2.0,0.25,0.05,lr5e-05_bs16_drop0p2_temp2p0_a0p25_b0p05__wd1e-04trmiss0_degmodglobal,24,0.5836773365736008,0.6879117488861084,0.6,0.8086598586598588,0.6428571428571429,0.0,0.590090423822403,0.5637746751308441,0.052765092346817255,0.13422780856490135,0.0,0.0,0.0,0.0,0.0,18473,global,0.0
4,2,lr5e-05_bs16_drop0p2_temp2p0_a0p25_b0p05__wd1e-04trmiss0_degmodglobal,16,5e-05,0.0001,0.2,2.0,0.25,0.05,lr5e-05_bs16_drop0p2_temp2p0_a0p25_b0p05__wd1e-04trmiss0_degmodglobal,25,0.5816737115383148,0.6852918863296509,0.6444444444444445,0.842786842786843,0.6428571428571429,0.0,0.5779330134391785,0.560862347483635,0.059364390559494495,0.119405347853899,0.0,0.0,0.0,0.0,0.0,18473,global,0.0
4,2,lr5e-05_bs16_drop0p2_temp2p0_a0p25_b0p05__wd1e-04trmiss0_degmodglobal,16,5e-05,0.0001,0.2,2.0,0.25,0.05,lr5e-05_bs16_drop0p2_temp2p0_a0p25_b0p05__wd1e-04trmiss0_degmodglobal,26,0.5704839527606964,0.6880143284797668,0.6444444444444445,0.842786842786843,0.6428571428571429,0.0,0.5841403752565384,0.5505367368459702,0.05453126411885023,0.1262879641726613,0.0,0.0,0.0,0.0,0.0,18473,global,0.0
4,2,lr5e-05_bs16_drop0p2_temp2p0_a0p25_b0p05__wd1e-04trmiss0_degmodglobal,16,5e-05,0.0001,0.2,2.0,0.25,0.05,lr5e-05_bs16_drop0p2_temp2p0_a0p25_b0p05__wd1e-04trmiss0_degmodglobal,27,0.5548527389764786,0.6900466084480286,0.6222222222222222,0.8308820808820809,0.5714285714285714,0.0,0.5509676784276962,0.5343504995107651,0.06334512867033482,0.09331899881362915,0.0,0.0,0.0,0.0,0.0,18473,global,0.0
4,2,lr5e-05_bs16_drop0p2_temp2p0_a0p25_b0p05__wd1e-04trmiss0_degmodglobal,16,5e-05,0.0001,0.2,2.0,0.25,0.05,lr5e-05_bs16_drop0p2_temp2p0_a0p25_b0p05__wd1e-04trmiss0_degmodglobal,28,0.5625334531068802,0.6899351477622986,0.6222222222222222,0.8308820808820809,0.5714285714285714,0.0,0.583055704832077,0.5494702905416489,0.03694539098069072,0.07653640024363995,0.0,0.0,0.0,0.0,0.0,18473,global,0.0
4,2,lr5e-05_bs16_drop0p2_temp2p0_a0p25_b0p05__wd1e-04trmiss0_degmodglobal,16,5e-05,0.0001,0.2,2.0,0.25,0.05,lr5e-05_bs16_drop0p2_temp2p0_a0p25_b0p05__wd1e-04trmiss0_degmodglobal,29,0.5788223296403885,0.6903641819953918,0.6222222222222222,0.8308820808820809,0.5714285714285714,0.0,0.5617960840463638,0.5585649758577347,0.06035745982080698,0.10335948038846254,0.0,0.0,0.0,0.0,0.0,18473,global,0.0
4,2,lr5e-05_bs16_drop0p2_temp2p0_a0p25_b0p05__wd1e-04trmiss0_degmodglobal,16,5e-05,0.0001,0.2,2.0,0.25,0.05,lr5e-05_bs16_drop0p2_temp2p0_a0p25_b0p05__wd1e-04trmiss0_degmodglobal,30,0.5974447131156921,0.6889652609825134,0.6222222222222222,0.8308820808820809,0.6428571428571429,0.0,0.5593474358320236,0.5741595476865768,0.06365719623863697,0.1474169995635748,0.0,0.0,0.0,0.0,0.0,18473,global,0.0
4,2,lr5e-05_bs16_drop0p2_temp2p0_a0p25_b0p05__wd1e-04trmiss0_degmodglobal,16,5e-05,0.0001,0.2,2.0,0.25,0.05,lr5e-05_bs16_drop0p2_temp2p0_a0p25_b0p05__wd1e-04trmiss0_degmodglobal,31,0.6266796886920929,0.6904402375221252,0.6222222222222222,0.8308820808820809,0.6428571428571429,0.0,0.5755561292171478,0.6012470722198486,0.06953849736601114,0.16095970943570137,0.0,0.0,0.0,0.0,0.0,18473,global,0.0
4,2,lr5e-05_bs16_drop0p2_temp2p0_a0p25_b0p05__wd1e-04trmiss0_degmodglobal,16,5e-05,0.0001,0.2,2.0,0.25,0.05,lr5e-05_bs16_drop0p2_temp2p0_a0p25_b0p05__wd1e-04trmiss0_degmodglobal,32,0.5545719861984253,0.6895205974578857,0.6222222222222222,0.8308820808820809,0.5714285714285714,0.0,0.5528306216001511,0.5296397805213928,0.06923837307840586,0.15245215222239494,0.0,0.0,0.0,0.0,0.0,18473,global,0.0
4,2,lr5e-05_bs16_drop0p4_temp1p0_a0p25_b0p05__wd1e-04trmiss0_degmodglobal,16,5e-05,0.0001,0.4,1.0,0.25,0.05,lr5e-05_bs16_drop0p4_temp1p0_a0p25_b0p05__wd1e-04trmiss0_degmodglobal,1,0.7484670281410217,0.702682614326477,0.39999999999999997,0.6277676027676028,0.42857142857142855,0.0,0.7353203147649765,0.7359778136014938,0.03819846920669079,0.05879189446568489,0.0,0.0,0.0,0.0,0.0,18473,global,0.0
4,2,lr5e-05_bs16_drop0p4_temp1p0_a0p25_b0p05__wd1e-04trmiss0_degmodglobal,16,5e-05,0.0001,0.4,1.0,0.25,0.05,lr5e-05_bs16_drop0p4_temp1p0_a0p25_b0p05__wd1e-04trmiss0_degmodglobal,2,0.7198357582092285,0.7050530910491943,0.42222222222222217,0.6376882376882378,0.5,0.0,0.6920663416385651,0.7045242488384247,0.038507215678691864,0.11369421891868114,0.0,0.0,0.0,0.0,0.0,18473,global,0.0
4,2,lr5e-05_bs16_drop0p4_temp1p0_a0p25_b0p05__wd1e-04trmiss0_degmodglobal,16,5e-05,0.0001,0.4,1.0,0.25,0.05,lr5e-05_bs16_drop0p4_temp1p0_a0p25_b0p05__wd1e-04trmiss0_degmodglobal,3,0.7068323791027069,0.7064493894577026,0.39999999999999997,0.60991045991046,0.5,0.0,0.6839429140090942,0.6939263194799423,0.032429956831038,0.09597148979082704,0.0,0.0,0.0,0.0,0.0,18473,global,0.0
4,2,lr5e-05_bs16_drop0p4_temp1p0_a0p25_b0p05__wd1e-04trmiss0_degmodglobal,16,5e-05,0.0001,0.4,1.0,0.25,0.05,lr5e-05_bs16_drop0p4_temp1p0_a0p25_b0p05__wd1e-04trmiss0_degmodglobal,4,0.7063938528299332,0.7090776562690735,0.37777777777777777,0.5913919413919415,0.5,0.0,0.6455749124288559,0.6902805268764496,0.04465260077267885,0.09900346025824547,0.0,0.0,0.0,0.0,0.0,18473,global,0.0
4,2,lr5e-05_bs16_drop0p4_temp1p0_a0p25_b0p05__wd1e-04trmiss0_degmodglobal,16,5e-05,0.0001,0.4,1.0,0.25,0.05,lr5e-05_bs16_drop0p4_temp1p0_a0p25_b0p05__wd1e-04trmiss0_degmodglobal,5,0.6766216605901718,0.7094361186027527,0.39999999999999997,0.60991045991046,0.5,0.0,0.6428693979978561,0.6609109789133072,0.03950297832489014,0.1166986059397459,0.0,0.0,0.0,0.0,0.0,18473,global,0.0
4,2,lr5e-05_bs16_drop0p4_temp1p0_a0p25_b0p05__wd1e-04trmiss0_degmodglobal,16,5e-05,0.0001,0.4,1.0,0.25,0.05,lr5e-05_bs16_drop0p4_temp1p0_a0p25_b0p05__wd1e-04trmiss0_degmodglobal,6,0.7154395878314972,0.7136777639389038,0.4222222222222222,0.6269138269138269,0.42857142857142855,0.0,0.6705007404088974,0.7007953077554703,0.0350952222943306,0.11740967445075512,0.0,0.0,0.0,0.0,0.0,18473,global,0.0
4,2,lr5e-05_bs16_drop0p4_temp1p0_a0p25_b0p05__wd1e-04trmiss0_degmodglobal,16,5e-05,0.0001,0.4,1.0,0.25,0.05,lr5e-05_bs16_drop0p4_temp1p0_a0p25_b0p05__wd1e-04trmiss0_degmodglobal,7,0.7076728641986847,0.7176713347434998,0.4222222222222223,0.6407586240919575,0.35714285714285715,0.0,0.6658589243888855,0.6881547719240189,0.04917153995484114,0.144503990188241,0.0,0.0,0.0,0.0,0.0,18473,global,0.0
4,2,lr5e-05_bs16_drop0p4_temp1p0_a0p25_b0p05__wd1e-04trmiss0_degmodglobal,16,5e-05,0.0001,0.4,1.0,0.25,0.05,lr5e-05_bs16_drop0p4_temp1p0_a0p25_b0p05__wd1e-04trmiss0_degmodglobal,8,0.7020955085754395,0.718722939491272,0.39999999999999997,0.623077848077848,0.2857142857142857,0.0,0.6653139889240265,0.6801026165485382,0.050059499219059944,0.189560666680336,0.0,0.0,0.0,0.0,0.0,18473,global,0.0
4,2,lr5e-05_bs16_drop0p4_temp1p0_a0p25_b0p05__wd1e-04trmiss0_degmodglobal,16,5e-05,0.0001,0.4,1.0,0.25,0.05,lr5e-05_bs16_drop0p4_temp1p0_a0p25_b0p05__wd1e-04trmiss0_degmodglobal,9,0.6436108648777008,0.7188566327095032,0.37777777777777777,0.6153617986951321,0.2857142857142857,0.0,0.6036995947360992,0.6291778385639191,0.0386579236947,0.09537140466272831,0.0,0.0,0.0,0.0,0.0,18473,global,0.0
4,2,lr5e-05_bs16_drop0p4_temp1p0_a0p25_b0p05__wd1e-04trmiss0_degmodglobal,16,5e-05,0.0001,0.4,1.0,0.25,0.05,lr5e-05_bs16_drop0p4_temp1p0_a0p25_b0p05__wd1e-04trmiss0_degmodglobal,10,0.6844919323921204,0.7176209092140198,0.4444444444444444,0.6435804935804936,0.2857142857142857,0.0,0.6489355564117432,0.6624355912208557,0.04994307365268469,0.19141077063977718,0.0,0.0,0.0,0.0,0.0,18473,global,0.0
4,2,lr5e-05_bs16_drop0p4_temp1p0_a0p25_b0p05__wd1e-04trmiss0_degmodglobal,16,5e-05,0.0001,0.4,1.0,0.25,0.05,lr5e-05_bs16_drop0p4_temp1p0_a0p25_b0p05__wd1e-04trmiss0_degmodglobal,11,0.6712046265602112,0.7199884653091431,0.4222222222222222,0.6425824175824176,0.2857142857142857,0.0,0.6280101090669632,0.6425109654664993,0.06756688002496958,0.23603932932019234,0.0,0.0,0.0,0.0,0.0,18473,global,0.0
4,2,lr5e-05_bs16_drop0p4_temp1p0_a0p25_b0p05__wd1e-04trmiss0_degmodglobal,16,5e-05,0.0001,0.4,1.0,0.25,0.05,lr5e-05_bs16_drop0p4_temp1p0_a0p25_b0p05__wd1e-04trmiss0_degmodglobal,12,0.6846190541982651,0.7193334102630615,0.4222222222222222,0.6425824175824176,0.35714285714285715,0.0,0.6087018549442291,0.6661111861467361,0.0469547975808382,0.13538376800715923,0.0,0.0,0.0,0.0,0.0,18473,global,0.0
4,2,lr5e-05_bs16_drop0p4_temp1p0_a0p25_b0p05__wd1e-04trmiss0_degmodglobal,16,5e-05,0.0001,0.4,1.0,0.25,0.05,lr5e-05_bs16_drop0p4_temp1p0_a0p25_b0p05__wd1e-04trmiss0_degmodglobal,13,0.6546607166528702,0.7177015542984009,0.4888888888888889,0.6691697191697192,0.35714285714285715,0.0,0.63764788210392,0.6290218383073807,0.05785955395549536,0.2234797105193138,0.0,0.0,0.0,0.0,0.0,18473,global,0.0
4,2,lr5e-05_bs16_drop0p4_temp1p0_a0p25_b0p05__wd1e-04trmiss0_degmodglobal,16,5e-05,0.0001,0.4,1.0,0.25,0.05,lr5e-05_bs16_drop0p4_temp1p0_a0p25_b0p05__wd1e-04trmiss0_degmodglobal,14,0.6714691072702408,0.7183417081832886,0.4444444444444444,0.6450956450956452,0.2857142857142857,0.0,0.6459002792835236,0.6469811350107193,0.05807426851242781,0.19938813894987106,0.0,0.0,0.0,0.0,0.0,18473,global,0.0
4,2,lr5e-05_bs16_drop0p4_temp1p0_a0p25_b0p05__wd1e-04trmiss0_degmodglobal,16,5e-05,0.0001,0.4,1.0,0.25,0.05,lr5e-05_bs16_drop0p4_temp1p0_a0p25_b0p05__wd1e-04trmiss0_degmodglobal,15,0.6640876680612564,0.7197306156158447,0.4444444444444444,0.6376882376882377,0.2857142857142857,0.0,0.6211725920438766,0.6441156268119812,0.04856971325352788,0.1565923634916544,0.0,0.0,0.0,0.0,0.0,18473,global,0.0
4,2,lr5e-05_bs16_drop0p4_temp1p0_a0p25_b0p05__wd1e-04trmiss0_degmodglobal,16,5e-05,0.0001,0.4,1.0,0.25,0.05,lr5e-05_bs16_drop0p4_temp1p0_a0p25_b0p05__wd1e-04trmiss0_degmodglobal,16,0.6256099343299866,0.7136322259902954,0.39999999999999997,0.6006512006512006,0.42857142857142855,0.0,0.6181668341159821,0.6080872565507889,0.04756585415452719,0.11262452881783247,0.0,0.0,0.0,0.0,0.0,18473,global,0.0
4,2,lr5e-05_bs16_drop0p4_temp1p0_a0p25_b0p05__wd1e-04trmiss0_degmodglobal,16,5e-05,0.0001,0.4,1.0,0.25,0.05,lr5e-05_bs16_drop0p4_temp1p0_a0p25_b0p05__wd1e-04trmiss0_degmodglobal,17,0.6503882259130478,0.7143062353134155,0.42222222222222217,0.6191697191697192,0.42857142857142855,0.0,0.5976869016885757,0.6236358284950256,0.06544873863458633,0.20780417695641518,0.0,0.0,0.0,0.0,0.0,18473,global,0.0
4,2,lr5e-05_bs16_drop0p4_temp1p0_a0p25_b0p05__wd1e-04trmiss0_degmodglobal,16,5e-05,0.0001,0.4,1.0,0.25,0.05,lr5e-05_bs16_drop0p4_temp1p0_a0p25_b0p05__wd1e-04trmiss0_degmodglobal,18,0.7022687792778015,0.7155126929283142,0.3777777777777777,0.6025030525030526,0.42857142857142855,0.0,0.6213398724794388,0.6773402392864227,0.05884810630232096,0.20433061942458153,0.0,0.0,0.0,0.0,0.0,18473,global,0.0
4,2,lr5e-05_bs16_drop0p4_temp1p0_a0p25_b0p05__wd1e-04trmiss0_degmodglobal,16,5e-05,0.0001,0.4,1.0,0.25,0.05,lr5e-05_bs16_drop0p4_temp1p0_a0p25_b0p05__wd1e-04trmiss0_degmodglobal,19,0.637150302529335,0.7137951254844666,0.42222222222222217,0.6376882376882378,0.42857142857142855,0.0,0.5700287371873856,0.6186511814594269,0.04619449935853481,0.13900984078645706,0.0,0.0,0.0,0.0,0.0,18473,global,0.0
4,2,lr5e-05_bs16_drop0p4_temp1p0_a0p25_b0p05__wd1e-04trmiss0_degmodglobal,16,5e-05,0.0001,0.4,1.0,0.25,0.05,lr5e-05_bs16_drop0p4_temp1p0_a0p25_b0p05__wd1e-04trmiss0_degmodglobal,20,0.6425502747297287,0.7111488580703735,0.42222222222222217,0.6376882376882378,0.42857142857142855,0.0,0.6078895628452301,0.6264294683933258,0.03970223292708397,0.12390514835715294,0.0,0.0,0.0,0.0,0.0,18473,global,0.0
4,2,lr5e-05_bs16_drop0p4_temp1p0_a0p25_b0p05__wd1e-04trmiss0_degmodglobal,16,5e-05,0.0001,0.4,1.0,0.25,0.05,lr5e-05_bs16_drop0p4_temp1p0_a0p25_b0p05__wd1e-04trmiss0_degmodglobal,21,0.6408540457487106,0.7100611329078674,0.4444444444444444,0.7375559625559627,0.42857142857142855,0.0,0.5686390399932861,0.6239953190088272,0.040212519001215696,0.13611196167767048,0.0,0.0,0.0,0.0,0.0,18473,global,0.0
4,2,lr5e-05_bs16_drop0p4_temp1p0_a0p25_b0p05__wd1e-04trmiss0_degmodglobal,16,5e-05,0.0001,0.4,1.0,0.25,0.05,lr5e-05_bs16_drop0p4_temp1p0_a0p25_b0p05__wd1e-04trmiss0_degmodglobal,22,0.6536277830600739,0.7079687714576721,0.4666666666666667,0.7434482184482185,0.35714285714285715,0.0,0.5719577521085739,0.6228629797697067,0.07608689554035664,0.2348618060350418,0.0,0.0,0.0,0.0,0.0,18473,global,0.0
4,2,lr5e-05_bs16_drop0p4_temp1p0_a0p25_b0p05__wd1e-04trmiss0_degmodglobal,16,5e-05,0.0001,0.4,1.0,0.25,0.05,lr5e-05_bs16_drop0p4_temp1p0_a0p25_b0p05__wd1e-04trmiss0_degmodglobal,23,0.6567089557647705,0.7099989652633667,0.4666666666666667,0.7434482184482185,0.35714285714285715,0.0,0.5762558281421661,0.636358916759491,0.05194431357085705,0.14727932773530483,0.0,0.0,0.0,0.0,0.0,18473,global,0.0
4,2,lr5e-05_bs16_drop0p4_temp1p0_a0p25_b0p05__wd1e-04trmiss0_degmodglobal,16,5e-05,0.0001,0.4,1.0,0.25,0.05,lr5e-05_bs16_drop0p4_temp1p0_a0p25_b0p05__wd1e-04trmiss0_degmodglobal,24,0.6723185777664185,0.710864782333374,0.4444444444444444,0.7375559625559627,0.42857142857142855,0.0,0.5562397539615631,0.6397965252399445,0.07743643689900637,0.2632589340209961,0.0,0.0,0.0,0.0,0.0,18473,global,0.0
4,2,lr5e-05_bs16_drop0p4_temp1p0_a0p25_b0p05__wd1e-04trmiss0_degmodglobal,16,5e-05,0.0001,0.4,1.0,0.25,0.05,lr5e-05_bs16_drop0p4_temp1p0_a0p25_b0p05__wd1e-04trmiss0_degmodglobal,25,0.642419159412384,0.7108400464057922,0.4444444444444444,0.7375559625559627,0.42857142857142855,0.0,0.5833314955234528,0.6174398213624954,0.06286634039133787,0.1852550245821476,0.0,0.0,0.0,0.0,0.0,18473,global,0.0
4,2,lr5e-05_bs16_drop0p4_temp1p0_a0p25_b0p05__wd1e-04trmiss0_degmodglobal,16,5e-05,0.0001,0.4,1.0,0.25,0.05,lr5e-05_bs16_drop0p4_temp1p0_a0p25_b0p05__wd1e-04trmiss0_degmodglobal,26,0.6397422254085541,0.7082676291465759,0.48888888888888893,0.7540302290302292,0.5,0.0,0.546658918261528,0.6193557530641556,0.04723906051367521,0.17153416946530342,0.0,0.0,0.0,0.0,0.0,18473,global,0.0
4,2,lr5e-05_bs16_drop0p4_temp1p0_a0p25_b0p05__wd1e-04trmiss0_degmodglobal,16,5e-05,0.0001,0.4,1.0,0.25,0.05,lr5e-05_bs16_drop0p4_temp1p0_a0p25_b0p05__wd1e-04trmiss0_degmodglobal,27,0.6349292993545532,0.7089487314224243,0.4666666666666667,0.7434482184482185,0.42857142857142855,0.0,0.5511637479066849,0.6087493151426315,0.06795653700828552,0.18381677567958832,0.0,0.0,0.0,0.0,0.0,18473,global,0.0
4,2,lr5e-05_bs16_drop0p4_temp1p0_a0p25_b0p05__wd1e-04trmiss0_degmodglobal,16,5e-05,0.0001,0.4,1.0,0.25,0.05,lr5e-05_bs16_drop0p4_temp1p0_a0p25_b0p05__wd1e-04trmiss0_degmodglobal,28,0.6547589302062988,0.7063511610031128,0.4666666666666667,0.7434482184482185,0.42857142857142855,0.0,0.537537582218647,0.625142052769661,0.07801762036979198,0.20224951952695847,0.0,0.0,0.0,0.0,0.0,18473,global,0.0
4,2,lr5e-05_bs16_drop0p4_temp1p0_a0p25_b0p05__wd1e-04trmiss0_degmodglobal,16,5e-05,0.0001,0.4,1.0,0.25,0.05,lr5e-05_bs16_drop0p4_temp1p0_a0p25_b0p05__wd1e-04trmiss0_degmodglobal,29,0.6418465822935104,0.7069251537322998,0.4666666666666667,0.7434482184482185,0.5,0.0,0.5674356669187546,0.6192798912525177,0.05646858736872673,0.1689908243715763,0.0,0.0,0.0,0.0,0.0,18473,global,0.0
4,2,lr5e-05_bs16_drop0p4_temp1p0_a0p25_b0p05__wd1e-04trmiss0_degmodglobal,16,5e-05,0.0001,0.4,1.0,0.25,0.05,lr5e-05_bs16_drop0p4_temp1p0_a0p25_b0p05__wd1e-04trmiss0_degmodglobal,30,0.6311150044202805,0.7101012468338013,0.4444444444444444,0.7375559625559627,0.35714285714285715,0.0,0.5546294301748276,0.610005185008049,0.055318464525043964,0.14560399390757084,0.0,0.0,0.0,0.0,0.0,18473,global,0.0
4,2,lr5e-05_bs16_drop0p4_temp1p0_a0p25_b0p05__wd1e-04trmiss0_degmodglobal,16,5e-05,0.0001,0.4,1.0,0.25,0.05,lr5e-05_bs16_drop0p4_temp1p0_a0p25_b0p05__wd1e-04trmiss0_degmodglobal,31,0.6069592833518982,0.7083234190940857,0.4666666666666667,0.7434482184482185,0.42857142857142855,0.0,0.5363104492425919,0.5857887268066406,0.05305436300113797,0.158139169216156,0.0,0.0,0.0,0.0,0.0,18473,global,0.0
4,2,lr5e-05_bs16_drop0p4_temp1p0_a0p25_b0p05__wd1e-04trmiss0_degmodglobal,16,5e-05,0.0001,0.4,1.0,0.25,0.05,lr5e-05_bs16_drop0p4_temp1p0_a0p25_b0p05__wd1e-04trmiss0_degmodglobal,32,0.6461084634065628,0.7072948813438416,0.4666666666666667,0.7434482184482185,0.35714285714285715,0.0,0.5432166457176208,0.6197302788496017,0.0675550028681755,0.18978888913989067,0.0,0.0,0.0,0.0,0.0,18473,global,0.0
4,2,lr5e-05_bs16_drop0p4_temp1p0_a0p25_b0p05__wd1e-04trmiss0_degmodglobal,16,5e-05,0.0001,0.4,1.0,0.25,0.05,lr5e-05_bs16_drop0p4_temp1p0_a0p25_b0p05__wd1e-04trmiss0_degmodglobal,33,0.6448335200548172,0.708272397518158,0.4666666666666667,0.7434482184482185,0.35714285714285715,0.0,0.5451962202787399,0.610253632068634,0.08548907935619354,0.26415232568979263,0.0,0.0,0.0,0.0,0.0,18473,global,0.0
4,2,lr5e-05_bs16_drop0p4_temp1p0_a0p25_b0p05__wd1e-04trmiss0_degmodglobal,16,5e-05,0.0001,0.4,1.0,0.25,0.05,lr5e-05_bs16_drop0p4_temp1p0_a0p25_b0p05__wd1e-04trmiss0_degmodglobal,34,0.6790469139814377,0.7106344103813171,0.4666666666666667,0.7434482184482185,0.35714285714285715,0.0,0.5694213211536407,0.6518967151641846,0.06976422853767872,0.19418293982744217,0.0,0.0,0.0,0.0,0.0,18473,global,0.0
4,2,lr5e-05_bs16_drop0p4_temp1p0_a0p25_b0p05__wd1e-04trmiss0_degmodglobal,16,5e-05,0.0001,0.4,1.0,0.25,0.05,lr5e-05_bs16_drop0p4_temp1p0_a0p25_b0p05__wd1e-04trmiss0_degmodglobal,35,0.6421973556280136,0.7108529210090637,0.4666666666666667,0.7434482184482185,0.42857142857142855,0.0,0.5926083475351334,0.6188511848449707,0.06075277552008629,0.16315990313887596,0.0,0.0,0.0,0.0,0.0,18473,global,0.0
4,2,lr5e-05_bs16_drop0p4_temp1p0_a0p25_b0p05__wd1e-04trmiss0_degmodglobal,16,5e-05,0.0001,0.4,1.0,0.25,0.05,lr5e-05_bs16_drop0p4_temp1p0_a0p25_b0p05__wd1e-04trmiss0_degmodglobal,36,0.627355769276619,0.7073734998703003,0.4666666666666667,0.7434482184482185,0.5,0.0,0.5243897661566734,0.5954362601041794,0.08961970172822475,0.19029176980257034,0.0,0.0,0.0,0.0,0.0,18473,global,0.0
4,2,lr5e-05_bs16_drop0p4_temp1p0_a0p25_b0p05__wd1e-04trmiss0_degmodglobal,16,5e-05,0.0001,0.4,1.0,0.25,0.05,lr5e-05_bs16_drop0p4_temp1p0_a0p25_b0p05__wd1e-04trmiss0_degmodglobal,37,0.6485489159822464,0.7088080644607544,0.4444444444444444,0.7375559625559627,0.5,0.0,0.5252766311168671,0.6209671944379807,0.07162680383771658,0.19350031856447458,0.0,0.0,0.0,0.0,0.0,18473,global,0.0
4,2,lr5e-05_bs16_drop0p4_temp1p0_a0p25_b0p05__wd1e-04trmiss0_degmodglobal,16,5e-05,0.0001,0.4,1.0,0.25,0.05,lr5e-05_bs16_drop0p4_temp1p0_a0p25_b0p05__wd1e-04trmiss0_degmodglobal,38,0.6699198335409164,0.7102473378181458,0.4444444444444444,0.7375559625559627,0.5,0.0,0.5500773191452026,0.644620805978775,0.06381997372955084,0.18688079714775085,0.0,0.0,0.0,0.0,0.0,18473,global,0.0
4,2,lr5e-05_bs16_drop0p4_temp1p0_a0p25_b0p05__wd1e-04trmiss0_degmodglobal,16,5e-05,0.0001,0.4,1.0,0.25,0.05,lr5e-05_bs16_drop0p4_temp1p0_a0p25_b0p05__wd1e-04trmiss0_degmodglobal,39,0.6451067179441452,0.7097360491752625,0.4444444444444444,0.7375559625559627,0.5,0.0,0.5634800046682358,0.6187891215085983,0.07292302045971155,0.1617367435246706,0.0,0.0,0.0,0.0,0.0,18473,global,0.0
4,2,lr5e-05_bs16_drop0p4_temp1p0_a0p25_b0p05__wd1e-04trmiss0_degmodglobal,16,5e-05,0.0001,0.4,1.0,0.25,0.05,lr5e-05_bs16_drop0p4_temp1p0_a0p25_b0p05__wd1e-04trmiss0_degmodglobal,40,0.6269523054361343,0.709145188331604,0.4444444444444444,0.7375559625559627,0.5,0.0,0.5733172744512558,0.6041514724493027,0.06051149312406778,0.15345890261232853,0.0,0.0,0.0,0.0,0.0,18473,global,0.0
4,2,lr5e-05_bs16_drop0p4_temp1p0_a0p25_b0p05__wd1e-04trmiss0_degmodglobal,16,5e-05,0.0001,0.4,1.0,0.25,0.05,lr5e-05_bs16_drop0p4_temp1p0_a0p25_b0p05__wd1e-04trmiss0_degmodglobal,41,0.6865296214818954,0.709545373916626,0.4444444444444444,0.7375559625559627,0.5,0.0,0.5348207652568817,0.6512210071086884,0.08473055809736252,0.28251972422003746,0.0,0.0,0.0,0.0,0.0,18473,global,0.0
4,2,lr5e-05_bs16_drop0p4_temp1p0_a0p25_b0p05__wd1e-04trmiss0_degmodglobal,16,5e-05,0.0001,0.4,1.0,0.25,0.05,lr5e-05_bs16_drop0p4_temp1p0_a0p25_b0p05__wd1e-04trmiss0_degmodglobal,42,0.6308744102716446,0.7107056379318237,0.4444444444444444,0.7375559625559627,0.35714285714285715,0.0,0.5532449930906296,0.6033201813697815,0.06815056316554546,0.21033177711069584,0.0,0.0,0.0,0.0,0.0,18473,global,0.0
4,2,lr5e-05_bs16_drop0p4_temp1p0_a0p25_b0p05__wd1e-04trmiss0_degmodglobal,16,5e-05,0.0001,0.4,1.0,0.25,0.05,lr5e-05_bs16_drop0p4_temp1p0_a0p25_b0p05__wd1e-04trmiss0_degmodglobal,43,0.6681646257638931,0.7067673802375793,0.4444444444444444,0.7375559625559627,0.5,0.0,0.5478217154741287,0.6215659230947495,0.11045514233410358,0.37969807907938957,0.0,0.0,0.0,0.0,0.0,18473,global,0.0
4,2,lr5e-05_bs16_drop0p4_temp1p0_a0p25_b0p05__wd1e-04trmiss0_degmodglobal,16,5e-05,0.0001,0.4,1.0,0.25,0.05,lr5e-05_bs16_drop0p4_temp1p0_a0p25_b0p05__wd1e-04trmiss0_degmodglobal,44,0.6580367982387543,0.7082597613334656,0.4444444444444444,0.7375559625559627,0.5,0.0,0.5347011387348175,0.6329848021268845,0.06587028689682484,0.17168899066746235,0.0,0.0,0.0,0.0,0.0,18473,global,0.0
4,2,lr5e-05_bs16_drop0p4_temp1p0_a0p25_b0p05__wd1e-04trmiss0_degmodglobal,16,5e-05,0.0001,0.4,1.0,0.25,0.05,lr5e-05_bs16_drop0p4_temp1p0_a0p25_b0p05__wd1e-04trmiss0_degmodglobal,45,0.6251006424427032,0.7103943228721619,0.4444444444444444,0.7375559625559627,0.42857142857142855,0.0,0.5716900378465652,0.5911219120025635,0.08876618463546038,0.23574335873126984,0.0,0.0,0.0,0.0,0.0,18473,global,0.0
4,2,lr5e-05_bs16_drop0p4_temp1p0_a0p25_b0p05__wd1e-04trmiss0_degmodglobal,16,5e-05,0.0001,0.4,1.0,0.25,0.05,lr5e-05_bs16_drop0p4_temp1p0_a0p25_b0p05__wd1e-04trmiss0_degmodglobal,46,0.6835920810699463,0.7120316624641418,0.4666666666666667,0.7481379731379731,0.5,0.0,0.5450597405433655,0.6534158140420914,0.07400475814938545,0.23350176960229874,0.0,0.0,0.0,0.0,0.0,18473,global,0.0
4,2,lr5e-05_bs16_drop0p4_temp2p0_a0p25_b0p05__wd1e-04trmiss0_degmodglobal,16,5e-05,0.0001,0.4,2.0,0.25,0.05,lr5e-05_bs16_drop0p4_temp2p0_a0p25_b0p05__wd1e-04trmiss0_degmodglobal,1,0.7111432999372482,0.7325454950332642,0.3333333333333333,0.6352030685364018,0.35714285714285715,0.0,0.6698080003261566,0.6836128085851669,0.05454279761761427,0.2778957225382328,0.0,0.0,0.0,0.0,0.0,18473,global,0.0
4,2,lr5e-05_bs16_drop0p4_temp2p0_a0p25_b0p05__wd1e-04trmiss0_degmodglobal,16,5e-05,0.0001,0.4,2.0,0.25,0.05,lr5e-05_bs16_drop0p4_temp2p0_a0p25_b0p05__wd1e-04trmiss0_degmodglobal,2,0.6934562772512436,0.7419292330741882,0.3111111111111111,0.6166845500178835,0.2857142857142857,0.0,0.6950037330389023,0.6711592227220535,0.05642631184309721,0.16380953043699265,0.0,0.0,0.0,0.0,0.0,18473,global,0.0
4,2,lr5e-05_bs16_drop0p4_temp2p0_a0p25_b0p05__wd1e-04trmiss0_degmodglobal,16,5e-05,0.0001,0.4,2.0,0.25,0.05,lr5e-05_bs16_drop0p4_temp2p0_a0p25_b0p05__wd1e-04trmiss0_degmodglobal,3,0.6949033439159393,0.7497799396514893,0.3111111111111111,0.6272665605998939,0.2857142857142857,0.0,0.6295545101165771,0.6706694662570953,0.057867647148668766,0.19533921778202057,0.0,0.0,0.0,0.0,0.0,18473,global,0.0
4,2,lr5e-05_bs16_drop0p4_temp2p0_a0p25_b0p05__wd1e-04trmiss0_degmodglobal,16,5e-05,0.0001,0.4,2.0,0.25,0.05,lr5e-05_bs16_drop0p4_temp2p0_a0p25_b0p05__wd1e-04trmiss0_degmodglobal,4,0.6937225162982941,0.7593627572059631,0.28888888888888886,0.6213743047076381,0.2857142857142857,0.0,0.630841463804245,0.6643701046705246,0.06961209233850241,0.23898767307400703,0.0,0.0,0.0,0.0,0.0,18473,global,0.0
4,2,lr5e-05_bs16_drop0p4_temp2p0_a0p25_b0p05__wd1e-04trmiss0_degmodglobal,16,5e-05,0.0001,0.4,2.0,0.25,0.05,lr5e-05_bs16_drop0p4_temp2p0_a0p25_b0p05__wd1e-04trmiss0_degmodglobal,5,0.678880974650383,0.7675376534461975,0.28888888888888886,0.6213743047076381,0.2857142857142857,0.0,0.6268553286790848,0.6542034447193146,0.061760651879012585,0.18474764376878738,0.0,0.0,0.0,0.0,0.0,18473,global,0.0
4,2,lr5e-05_bs16_drop0p4_temp2p0_a0p25_b0p05__wd1e-04trmiss0_degmodglobal,16,5e-05,0.0001,0.4,2.0,0.25,0.05,lr5e-05_bs16_drop0p4_temp2p0_a0p25_b0p05__wd1e-04trmiss0_degmodglobal,6,0.6705790609121323,0.7746766209602356,0.28888888888888886,0.6213743047076381,0.2857142857142857,0.0,0.6087778061628342,0.6509375274181366,0.048391854390501976,0.15087144263088703,0.0,0.0,0.0,0.0,0.0,18473,global,0.0
4,2,lr5e-05_bs16_drop0p4_temp2p0_a0p25_b0p05__wd1e-04trmiss0_degmodglobal,16,5e-05,0.0001,0.4,2.0,0.25,0.05,lr5e-05_bs16_drop0p4_temp2p0_a0p25_b0p05__wd1e-04trmiss0_degmodglobal,7,0.6626386344432831,0.7731184363365173,0.24444444444444444,0.547300230633564,0.35714285714285715,0.0,0.6283514201641083,0.6350941509008408,0.06962821632623672,0.2027483582496643,0.0,0.0,0.0,0.0,0.0,18473,global,0.0
4,2,lr5e-05_bs16_drop0p4_temp2p0_a0p25_b0p05__wd1e-04trmiss0_degmodglobal,16,5e-05,0.0001,0.4,2.0,0.25,0.05,lr5e-05_bs16_drop0p4_temp2p0_a0p25_b0p05__wd1e-04trmiss0_degmodglobal,8,0.6474240869283676,0.770039439201355,0.24444444444444444,0.547300230633564,0.35714285714285715,0.0,0.6109895259141922,0.6266158223152161,0.05150697845965624,0.15863006189465523,0.0,0.0,0.0,0.0,0.0,18473,global,0.0
4,2,lr5e-05_bs16_drop0p4_temp2p0_a0p25_b0p05__wd1e-04trmiss0_degmodglobal,16,5e-05,0.0001,0.4,2.0,0.25,0.05,lr5e-05_bs16_drop0p4_temp2p0_a0p25_b0p05__wd1e-04trmiss0_degmodglobal,9,0.6041286140680313,0.7642555832862854,0.28888888888888886,0.6107922941256274,0.35714285714285715,0.0,0.5775523483753204,0.5817002281546593,0.05679151322692633,0.16460968926548958,0.0,0.0,0.0,0.0,0.0,18473,global,0.0
4,2,lr5e-05_bs16_drop0p4_temp2p0_a0p25_b0p05__wd1e-04trmiss0_degmodglobal,16,5e-05,0.0001,0.4,2.0,0.25,0.05,lr5e-05_bs16_drop0p4_temp2p0_a0p25_b0p05__wd1e-04trmiss0_degmodglobal,10,0.6712044775485992,0.7685114741325378,0.24444444444444444,0.547300230633564,0.35714285714285715,0.0,0.5859126597642899,0.6381679773330688,0.07970608118921518,0.2622000277042389,0.0,0.0,0.0,0.0,0.0,18473,global,0.0
4,2,lr5e-05_bs16_drop0p4_temp2p0_a0p25_b0p05__wd1e-04trmiss0_degmodglobal,16,5e-05,0.0001,0.4,2.0,0.25,0.05,lr5e-05_bs16_drop0p4_temp2p0_a0p25_b0p05__wd1e-04trmiss0_degmodglobal,11,0.6155860275030136,0.7720023989677429,0.2222222222222222,0.5361891195224529,0.35714285714285715,0.0,0.537671834230423,0.5889924168586731,0.05909866187721491,0.23637891560792923,0.0,0.0,0.0,0.0,0.0,18473,global,0.0
4,2,lr5e-05_bs16_drop0p4_temp2p0_a0p25_b0p05__wd1e-04trmiss0_degmodglobal,16,5e-05,0.0001,0.4,2.0,0.25,0.05,lr5e-05_bs16_drop0p4_temp2p0_a0p25_b0p05__wd1e-04trmiss0_degmodglobal,12,0.6339496076107025,0.776229202747345,0.24444444444444444,0.547300230633564,0.35714285714285715,0.0,0.5982068330049515,0.6105754375457764,0.060686967335641384,0.16404803469777107,0.0,0.0,0.0,0.0,0.0,18473,global,0.0
4,2,lr5e-05_bs16_drop0p4_temp2p0_a0p25_b0p05__wd1e-04trmiss0_degmodglobal,16,5e-05,0.0001,0.4,2.0,0.25,0.05,lr5e-05_bs16_drop0p4_temp2p0_a0p25_b0p05__wd1e-04trmiss0_degmodglobal,13,0.6278720647096634,0.7776674628257751,0.24444444444444444,0.547300230633564,0.35714285714285715,0.0,0.5887936353683472,0.5948164016008377,0.07679806090891361,0.2771230973303318,0.0,0.0,0.0,0.0,0.0,18473,global,0.0
4,2,lr5e-05_bs16_drop0p4_temp2p0_a0p25_b0p05__wd1e-04trmiss0_degmodglobal,16,5e-05,0.0001,0.4,2.0,0.25,0.05,lr5e-05_bs16_drop0p4_temp2p0_a0p25_b0p05__wd1e-04trmiss0_degmodglobal,14,0.6427924782037735,0.7758741974830627,0.2222222222222222,0.5361891195224529,0.35714285714285715,0.0,0.5659617632627487,0.614588737487793,0.07087304815649986,0.20970937237143517,0.0,0.0,0.0,0.0,0.0,18473,global,0.0
4,2,lr5e-05_bs16_drop0p4_temp2p0_a0p25_b0p05__wd1e-04trmiss0_degmodglobal,16,5e-05,0.0001,0.4,2.0,0.25,0.05,lr5e-05_bs16_drop0p4_temp2p0_a0p25_b0p05__wd1e-04trmiss0_degmodglobal,15,0.6023166626691818,0.7773148417472839,0.24444444444444444,0.547300230633564,0.35714285714285715,0.0,0.5718780308961868,0.584063857793808,0.042457664385437965,0.1527676060795784,0.0,0.0,0.0,0.0,0.0,18473,global,0.0
4,2,lr5e-05_bs16_drop0p4_temp2p0_a0p25_b0p05__wd1e-04trmiss0_degmodglobal,16,5e-05,0.0001,0.4,2.0,0.25,0.05,lr5e-05_bs16_drop0p4_temp2p0_a0p25_b0p05__wd1e-04trmiss0_degmodglobal,16,0.5986305773258209,0.7791865468025208,0.2222222222222222,0.5361891195224529,0.35714285714285715,0.0,0.5383509248495102,0.5717824101448059,0.07279881834983826,0.17296971753239632,0.0,0.0,0.0,0.0,0.0,18473,global,0.0
4,2,lr5e-05_bs16_drop0p4_temp2p0_a0p25_b0p05__wd1e-04trmiss0_degmodglobal,16,5e-05,0.0001,0.4,2.0,0.25,0.05,lr5e-05_bs16_drop0p4_temp2p0_a0p25_b0p05__wd1e-04trmiss0_degmodglobal,17,0.6094445437192917,0.7770329117774963,0.2222222222222222,0.5361891195224529,0.42857142857142855,0.0,0.5195352733135223,0.5825411528348923,0.06805453542619944,0.19779529236257076,0.0,0.0,0.0,0.0,0.0,18473,global,0.0
4,2,lr5e-05_bs16_drop0p4_temp2p0_a0p25_b0p05__wd1e-04trmiss0_degmodglobal,16,5e-05,0.0001,0.4,2.0,0.25,0.05,lr5e-05_bs16_drop0p4_temp2p0_a0p25_b0p05__wd1e-04trmiss0_degmodglobal,18,0.6133787781000137,0.7771217823028564,0.2222222222222222,0.5361891195224529,0.35714285714285715,0.0,0.5381076335906982,0.5892654955387115,0.05850904621183872,0.18972043693065643,0.0,0.0,0.0,0.0,0.0,18473,global,0.0
4,2,lr5e-05_bs16_drop0p4_temp2p0_a0p25_b0p05__wd1e-04trmiss0_degmodglobal,16,5e-05,0.0001,0.4,2.0,0.25,0.05,lr5e-05_bs16_drop0p4_temp2p0_a0p25_b0p05__wd1e-04trmiss0_degmodglobal,19,0.6297197043895721,0.7756437063217163,0.2666666666666666,0.5552367385700719,0.42857142857142855,0.0,0.530953511595726,0.6018771678209305,0.06841398775577545,0.2147808037698269,0.0,0.0,0.0,0.0,0.0,18473,global,0.0
4,2,lr5e-05_bs16_drop0p4_temp2p0_a0p25_b0p05__wd1e-04trmiss0_degmodglobal,16,5e-05,0.0001,0.4,2.0,0.25,0.05,lr5e-05_bs16_drop0p4_temp2p0_a0p25_b0p05__wd1e-04trmiss0_degmodglobal,20,0.6018773838877678,0.7744624614715576,0.2444444444444444,0.5441256274589608,0.42857142857142855,0.0,0.5396945253014565,0.5735830143094063,0.06925869733095169,0.21959391050040722,0.0,0.0,0.0,0.0,0.0,18473,global,0.0
4,2,lr5e-05_bs16_drop0p4_temp2p0_a0p25_b0p05__wd1e-04trmiss0_degmodglobal,16,5e-05,0.0001,0.4,2.0,0.25,0.05,lr5e-05_bs16_drop0p4_temp2p0_a0p25_b0p05__wd1e-04trmiss0_degmodglobal,21,0.6349058449268341,0.777492880821228,0.2222222222222222,0.5361891195224529,0.35714285714285715,0.0,0.5399378687143326,0.6036618947982788,0.07899206690490246,0.22991853579878807,0.0,0.0,0.0,0.0,0.0,18473,global,0.0
4,2,lr5e-05_bs16_drop0p4_temp2p0_a0p25_b0p05__wd1e-04trmiss0_degmodglobal,16,5e-05,0.0001,0.4,2.0,0.25,0.05,lr5e-05_bs16_drop0p4_temp2p0_a0p25_b0p05__wd1e-04trmiss0_degmodglobal,22,0.6440077722072601,0.7779114842414856,0.2444444444444444,0.5441256274589608,0.42857142857142855,0.0,0.546463742852211,0.6125291436910629,0.08191636670380831,0.21999068930745125,0.0,0.0,0.0,0.0,0.0,18473,global,0.0
4,2,lr5e-05_bs16_drop0p4_temp2p0_a0p25_b0p05__wd1e-04trmiss0_degmodglobal,16,5e-05,0.0001,0.4,2.0,0.25,0.05,lr5e-05_bs16_drop0p4_temp2p0_a0p25_b0p05__wd1e-04trmiss0_degmodglobal,23,0.6189480572938919,0.7682064175605774,0.2444444444444444,0.5441256274589608,0.42857142857142855,0.0,0.5590039417147636,0.588808223605156,0.07672042306512594,0.21919422410428524,0.0,0.0,0.0,0.0,0.0,18473,global,0.0
4,2,lr5e-05_bs16_drop0p4_temp2p0_a0p25_b0p05__wd1e-04trmiss0_degmodglobal,16,5e-05,0.0001,0.4,2.0,0.25,0.05,lr5e-05_bs16_drop0p4_temp2p0_a0p25_b0p05__wd1e-04trmiss0_degmodglobal,24,0.6158422380685806,0.7731992602348328,0.2444444444444444,0.5441256274589608,0.42857142857142855,0.0,0.5005717501044273,0.5789604038000107,0.08340210653841496,0.32062627002596855,0.0,0.0,0.0,0.0,0.0,18473,global,0.0
4,2,lr5e-05_bs16_drop0p4_temp2p0_a0p25_b0p05__wd1e-04trmiss0_degmodglobal,16,5e-05,0.0001,0.4,2.0,0.25,0.05,lr5e-05_bs16_drop0p4_temp2p0_a0p25_b0p05__wd1e-04trmiss0_degmodglobal,25,0.6473362743854523,0.7762786746025085,0.2444444444444444,0.5441256274589608,0.42857142857142855,0.0,0.5280243679881096,0.620080977678299,0.06368424231186509,0.2266843281686306,0.0,0.0,0.0,0.0,0.0,18473,global,0.0
4,2,lr5e-05_bs16_drop0p4_temp2p0_a0p25_b0p05__wd1e-04trmiss0_degmodglobal,16,5e-05,0.0001,0.4,2.0,0.25,0.05,lr5e-05_bs16_drop0p4_temp2p0_a0p25_b0p05__wd1e-04trmiss0_degmodglobal,26,0.5960890054702759,0.774706244468689,0.2444444444444444,0.5441256274589608,0.42857142857142855,0.0,0.5021314397454262,0.5603191703557968,0.0913088284432888,0.2588524781167507,0.0,0.0,0.0,0.0,0.0,18473,global,0.0
4,2,lr5e-05_bs16_drop0p4_temp2p0_a0p25_b0p05__wd1e-04trmiss0_degmodglobal,16,5e-05,0.0001,0.4,2.0,0.25,0.05,lr5e-05_bs16_drop0p4_temp2p0_a0p25_b0p05__wd1e-04trmiss0_degmodglobal,27,0.6033811122179031,0.778270423412323,0.2444444444444444,0.5441256274589608,0.42857142857142855,0.0,0.5070542320609093,0.5714766979217529,0.07744241412729025,0.25087616220116615,0.0,0.0,0.0,0.0,0.0,18473,global,0.0
4,2,lr5e-05_bs16_drop0p4_temp2p0_a0p25_b0p05__wd1e-04trmiss0_degmodglobal,16,5e-05,0.0001,0.4,2.0,0.25,0.05,lr5e-05_bs16_drop0p4_temp2p0_a0p25_b0p05__wd1e-04trmiss0_degmodglobal,28,0.6058998554944992,0.7761234641075134,0.2444444444444444,0.5441256274589608,0.42857142857142855,0.0,0.5017923414707184,0.5622348040342331,0.0997014194726944,0.37479396909475327,0.0,0.0,0.0,0.0,0.0,18473,global,0.0
4,2,lr5e-05_bs16_drop0p4_temp2p0_a0p25_b0p05__wd1e-04trmiss0_degmodglobal,16,5e-05,0.0001,0.4,2.0,0.25,0.05,lr5e-05_bs16_drop0p4_temp2p0_a0p25_b0p05__wd1e-04trmiss0_degmodglobal,29,0.5885399281978607,0.7777460813522339,0.2222222222222222,0.5361891195224529,0.42857142857142855,0.0,0.470486082136631,0.5543391406536102,0.08562209643423557,0.2559048477560282,0.0,0.0,0.0,0.0,0.0,18473,global,0.0
4,2,lr1e-05_bs16_drop0p2_temp1p0_a0p25_b0p05__wd1e-04trmiss0_degmodglobal,16,1e-05,0.0001,0.2,1.0,0.25,0.05,lr1e-05_bs16_drop0p2_temp1p0_a0p25_b0p05__wd1e-04trmiss0_degmodglobal,1,0.7060430198907852,0.7001526355743408,0.3333333333333333,0.5693741443741445,0.5,0.0,0.6869186609983444,0.6930554658174515,0.03703581914305687,0.0745723620057106,0.0,0.0,0.0,0.0,0.0,18473,global,0.0
4,2,lr1e-05_bs16_drop0p2_temp1p0_a0p25_b0p05__wd1e-04trmiss0_degmodglobal,16,1e-05,0.0001,0.2,1.0,0.25,0.05,lr1e-05_bs16_drop0p2_temp1p0_a0p25_b0p05__wd1e-04trmiss0_degmodglobal,2,0.7198850810527802,0.7008407115936279,0.37777777777777777,0.5824795574795574,0.5,0.0,0.6908383816480637,0.7081355601549149,0.03453367808833718,0.06232184777036309,0.0,0.0,0.0,0.0,0.0,18473,global,0.0
4,2,lr1e-05_bs16_drop0p2_temp1p0_a0p25_b0p05__wd1e-04trmiss0_degmodglobal,16,1e-05,0.0001,0.2,1.0,0.25,0.05,lr1e-05_bs16_drop0p2_temp1p0_a0p25_b0p05__wd1e-04trmiss0_degmodglobal,3,0.718127653002739,0.7016535401344299,0.3555555555555555,0.5750721500721501,0.5,0.0,0.6723406463861465,0.7041544020175934,0.04162893630564213,0.07132048718631268,0.0,0.0,0.0,0.0,0.0,18473,global,0.0
4,2,lr1e-05_bs16_drop0p2_temp1p0_a0p25_b0p05__wd1e-04trmiss0_degmodglobal,16,1e-05,0.0001,0.2,1.0,0.25,0.05,lr1e-05_bs16_drop0p2_temp1p0_a0p25_b0p05__wd1e-04trmiss0_degmodglobal,4,0.7081637978553772,0.7017697691917419,0.37777777777777777,0.5805666555666555,0.42857142857142855,0.0,0.6878636628389359,0.6952338218688965,0.04033453809097409,0.05692700482904911,0.0,0.0,0.0,0.0,0.0,18473,global,0.0
4,2,lr1e-05_bs16_drop0p2_temp1p0_a0p25_b0p05__wd1e-04trmiss0_degmodglobal,16,1e-05,0.0001,0.2,1.0,0.25,0.05,lr1e-05_bs16_drop0p2_temp1p0_a0p25_b0p05__wd1e-04trmiss0_degmodglobal,5,0.7277059853076935,0.7025500535964966,0.37777777777777777,0.5805666555666555,0.42857142857142855,0.0,0.6693601310253143,0.7122557014226913,0.04429309908300638,0.08753948099911213,0.0,0.0,0.0,0.0,0.0,18473,global,0.0
4,2,lr1e-05_bs16_drop0p2_temp1p0_a0p25_b0p05__wd1e-04trmiss0_degmodglobal,16,1e-05,0.0001,0.2,1.0,0.25,0.05,lr1e-05_bs16_drop0p2_temp1p0_a0p25_b0p05__wd1e-04trmiss0_degmodglobal,6,0.7336548566818237,0.7031698822975159,0.3555555555555555,0.5728506061839396,0.42857142857142855,0.0,0.6994986087083817,0.7207774221897125,0.038055619690567255,0.06727043725550175,0.0,0.0,0.0,0.0,0.0,18473,global,0.0
4,2,lr1e-05_bs16_drop0p2_temp1p0_a0p25_b0p05__wd1e-04trmiss0_degmodglobal,16,1e-05,0.0001,0.2,1.0,0.25,0.05,lr1e-05_bs16_drop0p2_temp1p0_a0p25_b0p05__wd1e-04trmiss0_degmodglobal,7,0.6964509338140488,0.7058608531951904,0.3333333333333333,0.5673561006894341,0.42857142857142855,0.0,0.6839007884263992,0.6801740229129791,0.048056005500257015,0.08525809505954385,0.0,0.0,0.0,0.0,0.0,18473,global,0.0
4,2,lr1e-05_bs16_drop0p2_temp1p0_a0p25_b0p05__wd1e-04trmiss0_degmodglobal,16,1e-05,0.0001,0.2,1.0,0.25,0.05,lr1e-05_bs16_drop0p2_temp1p0_a0p25_b0p05__wd1e-04trmiss0_degmodglobal,8,0.7110289931297302,0.7067802548408508,0.3111111111111111,0.556244989578323,0.42857142857142855,0.0,0.6824765056371689,0.6970425099134445,0.042216586880385876,0.06864620931446552,0.0,0.0,0.0,0.0,0.0,18473,global,0.0
4,2,lr1e-05_bs16_drop0p2_temp1p0_a0p25_b0p05__wd1e-04trmiss0_degmodglobal,16,1e-05,0.0001,0.2,1.0,0.25,0.05,lr1e-05_bs16_drop0p2_temp1p0_a0p25_b0p05__wd1e-04trmiss0_degmodglobal,9,0.6854760348796844,0.7102690935134888,0.26666666666666666,0.5394358727692061,0.42857142857142855,0.0,0.6475497782230377,0.6726868152618408,0.03662331681698561,0.07266758801415563,0.0,0.0,0.0,0.0,0.0,18473,global,0.0
4,2,lr1e-05_bs16_drop0p2_temp1p0_a0p25_b0p05__wd1e-04trmiss0_degmodglobal,16,1e-05,0.0001,0.2,1.0,0.25,0.05,lr1e-05_bs16_drop0p2_temp1p0_a0p25_b0p05__wd1e-04trmiss0_degmodglobal,10,0.6879549920558929,0.7105823159217834,0.24444444444444446,0.5301766135099468,0.42857142857142855,0.0,0.6606608480215073,0.6738204658031464,0.040056963451206684,0.08240575063973665,0.0,0.0,0.0,0.0,0.0,18473,global,0.0
4,2,lr1e-05_bs16_drop0p2_temp1p0_a0p25_b0p05__wd1e-04trmiss0_degmodglobal,16,1e-05,0.0001,0.2,1.0,0.25,0.05,lr1e-05_bs16_drop0p2_temp1p0_a0p25_b0p05__wd1e-04trmiss0_degmodglobal,11,0.6995956152677536,0.7096238732337952,0.24444444444444446,0.5301766135099468,0.42857142857142855,0.0,0.6340062767267227,0.6826223284006119,0.04870102275162935,0.09596041776239872,0.0,0.0,0.0,0.0,0.0,18473,global,0.0
4,2,lr1e-05_bs16_drop0p2_temp1p0_a0p25_b0p05__wd1e-04trmiss0_degmodglobal,16,1e-05,0.0001,0.2,1.0,0.25,0.05,lr1e-05_bs16_drop0p2_temp1p0_a0p25_b0p05__wd1e-04trmiss0_degmodglobal,12,0.6927222013473511,0.7089453339576721,0.24444444444444446,0.5301766135099468,0.42857142857142855,0.0,0.6645077168941498,0.6781382262706757,0.04623728711158037,0.06049308739602566,0.0,0.0,0.0,0.0,0.0,18473,global,0.0
4,2,lr1e-05_bs16_drop0p2_temp1p0_a0p25_b0p05__wd1e-04trmiss0_degmodglobal,16,1e-05,0.0001,0.2,1.0,0.25,0.05,lr1e-05_bs16_drop0p2_temp1p0_a0p25_b0p05__wd1e-04trmiss0_degmodglobal,13,0.6737256348133087,0.7068454623222351,0.31111111111111106,0.5528499278499279,0.42857142857142855,0.0,0.6367819160223007,0.6578497737646103,0.0441335691139102,0.09684912394732237,0.0,0.0,0.0,0.0,0.0,18473,global,0.0
4,2,lr1e-05_bs16_drop0p2_temp1p0_a0p25_b0p05__wd1e-04trmiss0_degmodglobal,16,1e-05,0.0001,0.2,1.0,0.25,0.05,lr1e-05_bs16_drop0p2_temp1p0_a0p25_b0p05__wd1e-04trmiss0_degmodglobal,14,0.701284721493721,0.7072254419326782,0.28888888888888886,0.5471519221519221,0.5,0.0,0.6739373654127121,0.6869174391031265,0.04164196364581585,0.07913573458790779,0.0,0.0,0.0,0.0,0.0,18473,global,0.0
4,2,lr1e-05_bs16_drop0p2_temp1p0_a0p25_b0p05__wd1e-04trmiss0_degmodglobal,16,1e-05,0.0001,0.2,1.0,0.25,0.05,lr1e-05_bs16_drop0p2_temp1p0_a0p25_b0p05__wd1e-04trmiss0_degmodglobal,15,0.669003963470459,0.7091253995895386,0.28888888888888886,0.5471519221519221,0.5,0.0,0.6375812292098999,0.6571992337703705,0.034361733589321375,0.06428570812568069,0.0,0.0,0.0,0.0,0.0,18473,global,0.0
4,2,lr1e-05_bs16_drop0p2_temp1p0_a0p25_b0p05__wd1e-04trmiss0_degmodglobal,16,1e-05,0.0001,0.2,1.0,0.25,0.05,lr1e-05_bs16_drop0p2_temp1p0_a0p25_b0p05__wd1e-04trmiss0_degmodglobal,16,0.6701103299856186,0.7101246118545532,0.26666666666666666,0.5394358727692061,0.5,0.0,0.6583527475595474,0.6576188504695892,0.03494520066305995,0.07510366663336754,0.0,0.0,0.0,0.0,0.0,18473,global,0.0
4,2,lr1e-05_bs16_drop0p2_temp1p0_a0p25_b0p05__wd1e-04trmiss0_degmodglobal,16,1e-05,0.0001,0.2,1.0,0.25,0.05,lr1e-05_bs16_drop0p2_temp1p0_a0p25_b0p05__wd1e-04trmiss0_degmodglobal,17,0.689346194267273,0.7120344042778015,0.26666666666666666,0.5394358727692061,0.5,0.0,0.649599701166153,0.6741369366645813,0.04138876125216484,0.09724129270762205,0.0,0.0,0.0,0.0,0.0,18473,global,0.0
4,2,lr1e-05_bs16_drop0p2_temp1p0_a0p25_b0p05__wd1e-04trmiss0_degmodglobal,16,1e-05,0.0001,0.2,1.0,0.25,0.05,lr1e-05_bs16_drop0p2_temp1p0_a0p25_b0p05__wd1e-04trmiss0_degmodglobal,18,0.6814467459917068,0.7115910053253174,0.26666666666666666,0.5394358727692061,0.5,0.0,0.6390390992164612,0.6666851490736008,0.04303778475150466,0.08004315942525864,0.0,0.0,0.0,0.0,0.0,18473,global,0.0
4,2,lr1e-05_bs16_drop0p2_temp1p0_a0p25_b0p05__wd1e-04trmiss0_degmodglobal,16,1e-05,0.0001,0.2,1.0,0.25,0.05,lr1e-05_bs16_drop0p2_temp1p0_a0p25_b0p05__wd1e-04trmiss0_degmodglobal,19,0.6853541135787964,0.7121055722236633,0.26666666666666666,0.5394358727692061,0.5,0.0,0.6319098323583603,0.6689150035381317,0.04384245350956917,0.10956989973783493,0.0,0.0,0.0,0.0,0.0,18473,global,0.0
4,2,lr1e-05_bs16_drop0p2_temp1p0_a0p25_b0p05__wd1e-04trmiss0_degmodglobal,16,1e-05,0.0001,0.2,1.0,0.25,0.05,lr1e-05_bs16_drop0p2_temp1p0_a0p25_b0p05__wd1e-04trmiss0_degmodglobal,20,0.672691747546196,0.7112443447113037,0.26666666666666666,0.5394358727692061,0.42857142857142855,0.0,0.6155486404895782,0.6612009704113007,0.031176492106169462,0.07393295923247933,0.0,0.0,0.0,0.0,0.0,18473,global,0.0
4,2,lr1e-05_bs16_drop0p2_temp1p0_a0p25_b0p05__wd1e-04trmiss0_degmodglobal,16,1e-05,0.0001,0.2,1.0,0.25,0.05,lr1e-05_bs16_drop0p2_temp1p0_a0p25_b0p05__wd1e-04trmiss0_degmodglobal,21,0.66114242374897,0.7087090611457825,0.3111111111111111,0.556244989578323,0.5,0.0,0.649214893579483,0.6469665169715881,0.04208675678819418,0.07308449130505323,0.0,0.0,0.0,0.0,0.0,18473,global,0.0
4,2,lr1e-05_bs16_drop0p2_temp1p0_a0p25_b0p05__wd1e-04trmiss0_degmodglobal,16,1e-05,0.0001,0.2,1.0,0.25,0.05,lr1e-05_bs16_drop0p2_temp1p0_a0p25_b0p05__wd1e-04trmiss0_degmodglobal,22,0.6801151186227798,0.7085267901420593,0.26666666666666666,0.5394358727692061,0.42857142857142855,0.0,0.6430815011262894,0.6655521839857101,0.04426141642034054,0.06995164137333632,0.0,0.0,0.0,0.0,0.0,18473,global,0.0
4,2,lr1e-05_bs16_drop0p2_temp1p0_a0p25_b0p05__wd1e-04trmiss0_degmodglobal,16,1e-05,0.0001,0.2,1.0,0.25,0.05,lr1e-05_bs16_drop0p2_temp1p0_a0p25_b0p05__wd1e-04trmiss0_degmodglobal,23,0.6820607632398605,0.7089284062385559,0.26666666666666666,0.5394358727692061,0.5,0.0,0.6390985995531082,0.66572704911232,0.04793957667425275,0.08697674330323935,0.0,0.0,0.0,0.0,0.0,18473,global,0.0
4,2,lr1e-05_bs16_drop0p2_temp1p0_a0p25_b0p05__wd1e-04trmiss0_degmodglobal,16,1e-05,0.0001,0.2,1.0,0.25,0.05,lr1e-05_bs16_drop0p2_temp1p0_a0p25_b0p05__wd1e-04trmiss0_degmodglobal,24,0.6756251156330109,0.7090141177177429,0.26666666666666666,0.5358746192079525,0.42857142857142855,0.0,0.6347187608480453,0.663661539554596,0.037368365563452244,0.052429710514843464,0.0,0.0,0.0,0.0,0.0,18473,global,0.0
4,2,lr1e-05_bs16_drop0p2_temp1p0_a0p25_b0p05__wd1e-04trmiss0_degmodglobal,16,1e-05,0.0001,0.2,1.0,0.25,0.05,lr1e-05_bs16_drop0p2_temp1p0_a0p25_b0p05__wd1e-04trmiss0_degmodglobal,25,0.6743687093257904,0.7090619802474976,0.24444444444444446,0.5301766135099468,0.5,0.0,0.6406690776348114,0.660271018743515,0.039429227355867624,0.0848076669499278,0.0,0.0,0.0,0.0,0.0,18473,global,0.0
4,2,lr1e-05_bs16_drop0p2_temp2p0_a0p25_b0p05__wd1e-04trmiss0_degmodglobal,16,1e-05,0.0001,0.2,2.0,0.25,0.05,lr1e-05_bs16_drop0p2_temp2p0_a0p25_b0p05__wd1e-04trmiss0_degmodglobal,1,0.7120573371648788,0.6732174754142761,0.7555555555555555,0.8114558281224948,0.5714285714285714,0.0,0.7336094826459885,0.6922174841165543,0.057242169976234436,0.11058631539344788,0.0,0.0,0.0,0.0,0.0,18473,global,0.0
4,2,lr1e-05_bs16_drop0p2_temp2p0_a0p25_b0p05__wd1e-04trmiss0_degmodglobal,16,1e-05,0.0001,0.2,2.0,0.25,0.05,lr1e-05_bs16_drop0p2_temp2p0_a0p25_b0p05__wd1e-04trmiss0_degmodglobal,2,0.7131506651639938,0.6703833937644958,0.7333333333333333,0.799551066217733,0.6428571428571429,0.0,0.7279813438653946,0.6951843649148941,0.05049669975414872,0.1068424079567194,0.0,0.0,0.0,0.0,0.0,18473,global,0.0
4,2,lr1e-05_bs16_drop0p2_temp2p0_a0p25_b0p05__wd1e-04trmiss0_degmodglobal,16,1e-05,0.0001,0.2,2.0,0.25,0.05,lr1e-05_bs16_drop0p2_temp2p0_a0p25_b0p05__wd1e-04trmiss0_degmodglobal,3,0.700975313782692,0.6704697012901306,0.8,0.8321348404681739,0.5714285714285714,0.0,0.7438014149665833,0.6750310510396957,0.06726834271103144,0.1825435757637024,0.0,0.0,0.0,0.0,0.0,18473,global,0.0
4,2,lr1e-05_bs16_drop0p2_temp2p0_a0p25_b0p05__wd1e-04trmiss0_degmodglobal,16,1e-05,0.0001,0.2,2.0,0.25,0.05,lr1e-05_bs16_drop0p2_temp2p0_a0p25_b0p05__wd1e-04trmiss0_degmodglobal,4,0.6906105726957321,0.6675447821617126,0.8,0.8321348404681739,0.5714285714285714,0.0,0.6883742362260818,0.6733591258525848,0.04675837606191635,0.1112366896122694,0.0,0.0,0.0,0.0,0.0,18473,global,0.0
4,2,lr1e-05_bs16_drop0p2_temp2p0_a0p25_b0p05__wd1e-04trmiss0_degmodglobal,16,1e-05,0.0001,0.2,2.0,0.25,0.05,lr1e-05_bs16_drop0p2_temp2p0_a0p25_b0p05__wd1e-04trmiss0_degmodglobal,5,0.6995989382266998,0.6678252816200256,0.7777777777777778,0.7765792849126183,0.5714285714285714,0.0,0.6966459453105927,0.6775975078344345,0.05543701630085707,0.16284334287047386,0.0,0.0,0.0,0.0,0.0,18473,global,0.0
4,2,lr1e-05_bs16_drop0p2_temp2p0_a0p25_b0p05__wd1e-04trmiss0_degmodglobal,16,1e-05,0.0001,0.2,2.0,0.25,0.05,lr1e-05_bs16_drop0p2_temp2p0_a0p25_b0p05__wd1e-04trmiss0_degmodglobal,6,0.7304428070783615,0.6662748456001282,0.7777777777777778,0.7765792849126183,0.5714285714285714,0.0,0.6892610192298889,0.7118954956531525,0.04897354915738106,0.12607860006392002,0.0,0.0,0.0,0.0,0.0,18473,global,0.0
4,2,lr1e-05_bs16_drop0p2_temp2p0_a0p25_b0p05__wd1e-04trmiss0_degmodglobal,16,1e-05,0.0001,0.2,2.0,0.25,0.05,lr1e-05_bs16_drop0p2_temp2p0_a0p25_b0p05__wd1e-04trmiss0_degmodglobal,7,0.697420597076416,0.6653510928153992,0.7777777777777778,0.7765792849126183,0.5714285714285714,0.0,0.688114732503891,0.6806221306324005,0.04468067781999707,0.11256623081862926,0.0,0.0,0.0,0.0,0.0,18473,global,0.0
4,2,lr1e-05_bs16_drop0p2_temp2p0_a0p25_b0p05__wd1e-04trmiss0_degmodglobal,16,1e-05,0.0001,0.2,2.0,0.25,0.05,lr1e-05_bs16_drop0p2_temp2p0_a0p25_b0p05__wd1e-04trmiss0_degmodglobal,8,0.6805208176374435,0.6647235751152039,0.7777777777777778,0.7765792849126183,0.6428571428571429,0.0,0.7072124481201172,0.6614091545343399,0.05090516619384289,0.12770715728402138,0.0,0.0,0.0,0.0,0.0,18473,global,0.0
4,2,lr1e-05_bs16_drop0p2_temp2p0_a0p25_b0p05__wd1e-04trmiss0_degmodglobal,16,1e-05,0.0001,0.2,2.0,0.25,0.05,lr1e-05_bs16_drop0p2_temp2p0_a0p25_b0p05__wd1e-04trmiss0_degmodglobal,9,0.6763359755277634,0.6619939208030701,0.7777777777777778,0.7765792849126183,0.7142857142857143,0.0,0.6639120429754257,0.6585744768381119,0.047689695842564106,0.11678168084472418,0.0,0.0,0.0,0.0,0.0,18473,global,0.0
4,2,lr1e-05_bs16_drop0p2_temp2p0_a0p25_b0p05__wd1e-04trmiss0_degmodglobal,16,1e-05,0.0001,0.2,2.0,0.25,0.05,lr1e-05_bs16_drop0p2_temp2p0_a0p25_b0p05__wd1e-04trmiss0_degmodglobal,10,0.6892050951719284,0.6608837842941284,0.7777777777777778,0.7765792849126183,0.6428571428571429,0.0,0.6928099989891052,0.670543372631073,0.04674398247152567,0.13951468095183372,0.0,0.0,0.0,0.0,0.0,18473,global,0.0
4,2,lr1e-05_bs16_drop0p2_temp2p0_a0p25_b0p05__wd1e-04trmiss0_degmodglobal,16,1e-05,0.0001,0.2,2.0,0.25,0.05,lr1e-05_bs16_drop0p2_temp2p0_a0p25_b0p05__wd1e-04trmiss0_degmodglobal,11,0.7080535590648651,0.6612446904182434,0.7777777777777778,0.7765792849126183,0.7142857142857143,0.0,0.6919327229261398,0.687152236700058,0.04951953236013651,0.17042892426252365,0.0,0.0,0.0,0.0,0.0,18473,global,0.0
4,2,lr1e-05_bs16_drop0p2_temp2p0_a0p25_b0p05__wd1e-04trmiss0_degmodglobal,16,1e-05,0.0001,0.2,2.0,0.25,0.05,lr1e-05_bs16_drop0p2_temp2p0_a0p25_b0p05__wd1e-04trmiss0_degmodglobal,12,0.701056644320488,0.6595472693443298,0.7777777777777778,0.7765792849126183,0.6428571428571429,0.0,0.6592337340116501,0.6813175678253174,0.0541089428588748,0.12423701491206884,0.0,0.0,0.0,0.0,0.0,18473,global,0.0
4,2,lr1e-05_bs16_drop0p2_temp2p0_a0p25_b0p05__wd1e-04trmiss0_degmodglobal,16,1e-05,0.0001,0.2,2.0,0.25,0.05,lr1e-05_bs16_drop0p2_temp2p0_a0p25_b0p05__wd1e-04trmiss0_degmodglobal,13,0.6771213114261627,0.6591799855232239,0.7777777777777778,0.7765792849126183,0.6428571428571429,0.0,0.6763952523469925,0.6596644669771194,0.04456373583525419,0.12631813064217567,0.0,0.0,0.0,0.0,0.0,18473,global,0.0
4,2,lr1e-05_bs16_drop0p2_temp2p0_a0p25_b0p05__wd1e-04trmiss0_degmodglobal,16,1e-05,0.0001,0.2,2.0,0.25,0.05,lr1e-05_bs16_drop0p2_temp2p0_a0p25_b0p05__wd1e-04trmiss0_degmodglobal,14,0.6717700958251953,0.6576637029647827,0.7777777777777778,0.7765792849126183,0.7142857142857143,0.0,0.6682068705558777,0.6549655646085739,0.0424137944355607,0.12402194365859032,0.0,0.0,0.0,0.0,0.0,18473,global,0.0
4,2,lr1e-05_bs16_drop0p2_temp2p0_a0p25_b0p05__wd1e-04trmiss0_degmodglobal,16,1e-05,0.0001,0.2,2.0,0.25,0.05,lr1e-05_bs16_drop0p2_temp2p0_a0p25_b0p05__wd1e-04trmiss0_degmodglobal,15,0.6851601004600525,0.6581450700759888,0.7555555555555555,0.7667027417027418,0.6428571428571429,0.0,0.6553147435188293,0.6716850101947784,0.03662217687815428,0.08639088924974203,0.0,0.0,0.0,0.0,0.0,18473,global,0.0
4,2,lr1e-05_bs16_drop0p2_temp2p0_a0p25_b0p05__wd1e-04trmiss0_degmodglobal,16,1e-05,0.0001,0.2,2.0,0.25,0.05,lr1e-05_bs16_drop0p2_temp2p0_a0p25_b0p05__wd1e-04trmiss0_degmodglobal,16,0.6731184124946594,0.6573942303657532,0.7777777777777778,0.848492865159532,0.6428571428571429,0.0,0.6387320756912231,0.6568339020013809,0.04070749692618847,0.12215288169682026,0.0,0.0,0.0,0.0,0.0,18473,global,0.0
4,2,lr1e-05_bs16_drop0p2_temp2p0_a0p25_b0p05__wd1e-04trmiss0_degmodglobal,16,1e-05,0.0001,0.2,2.0,0.25,0.05,lr1e-05_bs16_drop0p2_temp2p0_a0p25_b0p05__wd1e-04trmiss0_degmodglobal,17,0.6623145192861557,0.6543635725975037,0.7777777777777778,0.848492865159532,0.6428571428571429,0.0,0.6439163833856583,0.648076593875885,0.03705690987408161,0.09947417676448822,0.0,0.0,0.0,0.0,0.0,18473,global,0.0
4,2,lr1e-05_bs16_drop0p2_temp2p0_a0p25_b0p05__wd1e-04trmiss0_degmodglobal,16,1e-05,0.0001,0.2,2.0,0.25,0.05,lr1e-05_bs16_drop0p2_temp2p0_a0p25_b0p05__wd1e-04trmiss0_degmodglobal,18,0.6786454021930695,0.6537615060806274,0.8222222222222222,0.8870731120731121,0.6428571428571429,0.0,0.6596949249505997,0.661570206284523,0.04541381448507309,0.11443484574556351,0.0,0.0,0.0,0.0,0.0,18473,global,0.0
4,2,lr1e-05_bs16_drop0p2_temp2p0_a0p25_b0p05__wd1e-04trmiss0_degmodglobal,16,1e-05,0.0001,0.2,2.0,0.25,0.05,lr1e-05_bs16_drop0p2_temp2p0_a0p25_b0p05__wd1e-04trmiss0_degmodglobal,19,0.6464150100946426,0.6552942395210266,0.7777777777777778,0.848492865159532,0.7142857142857143,0.0,0.6283291280269623,0.6320068538188934,0.04008643329143524,0.08773127570748329,0.0,0.0,0.0,0.0,0.0,18473,global,0.0
4,2,lr1e-05_bs16_drop0p2_temp2p0_a0p25_b0p05__wd1e-04trmiss0_degmodglobal,16,1e-05,0.0001,0.2,2.0,0.25,0.05,lr1e-05_bs16_drop0p2_temp2p0_a0p25_b0p05__wd1e-04trmiss0_degmodglobal,20,0.6869631409645081,0.6562491655349731,0.7777777777777778,0.848492865159532,0.7142857142857143,0.0,0.64594666659832,0.6703079342842102,0.045977162197232246,0.10321846045553684,0.0,0.0,0.0,0.0,0.0,18473,global,0.0
4,2,lr1e-05_bs16_drop0p2_temp2p0_a0p25_b0p05__wd1e-04trmiss0_degmodglobal,16,1e-05,0.0001,0.2,2.0,0.25,0.05,lr1e-05_bs16_drop0p2_temp2p0_a0p25_b0p05__wd1e-04trmiss0_degmodglobal,21,0.6575848013162613,0.6575347781181335,0.8,0.8592953342953344,0.7142857142857143,0.0,0.6353546530008316,0.6426076740026474,0.042084270156919956,0.08912084996700287,0.0,0.0,0.0,0.0,0.0,18473,global,0.0
4,2,lr1e-05_bs16_drop0p2_temp2p0_a0p25_b0p05__wd1e-04trmiss0_degmodglobal,16,1e-05,0.0001,0.2,2.0,0.25,0.05,lr1e-05_bs16_drop0p2_temp2p0_a0p25_b0p05__wd1e-04trmiss0_degmodglobal,22,0.6574807614088058,0.6596105098724365,0.8,0.8592953342953344,0.5714285714285714,0.0,0.6365013867616653,0.643000066280365,0.04178542271256447,0.0806867927312851,0.0,0.0,0.0,0.0,0.0,18473,global,0.0
4,2,lr1e-05_bs16_drop0p2_temp2p0_a0p25_b0p05__wd1e-04trmiss0_degmodglobal,16,1e-05,0.0001,0.2,2.0,0.25,0.05,lr1e-05_bs16_drop0p2_temp2p0_a0p25_b0p05__wd1e-04trmiss0_degmodglobal,23,0.6561286449432373,0.6612970232963562,0.7555555555555555,0.8114558281224948,0.5714285714285714,0.0,0.6419844180345535,0.6436464935541153,0.03446049802005291,0.07734032440930605,0.0,0.0,0.0,0.0,0.0,18473,global,0.0
4,2,lr1e-05_bs16_drop0p2_temp2p0_a0p25_b0p05__wd1e-04trmiss0_degmodglobal,16,1e-05,0.0001,0.2,2.0,0.25,0.05,lr1e-05_bs16_drop0p2_temp2p0_a0p25_b0p05__wd1e-04trmiss0_degmodglobal,24,0.6603066474199295,0.6603900194168091,0.7777777777777778,0.8222582972582972,0.5714285714285714,0.0,0.6180103719234467,0.6422723680734634,0.050712449476122856,0.10712364967912436,0.0,0.0,0.0,0.0,0.0,18473,global,0.0
4,2,lr1e-05_bs16_drop0p2_temp2p0_a0p25_b0p05__wd1e-04trmiss0_degmodglobal,16,1e-05,0.0001,0.2,2.0,0.25,0.05,lr1e-05_bs16_drop0p2_temp2p0_a0p25_b0p05__wd1e-04trmiss0_degmodglobal,25,0.6497308313846588,0.6580928564071655,0.8222222222222222,0.8870731120731121,0.6428571428571429,0.0,0.6141250878572464,0.6343097686767578,0.04290617071092129,0.09389069117605686,0.0,0.0,0.0,0.0,0.0,18473,global,0.0
4,2,lr1e-05_bs16_drop0p2_temp2p0_a0p25_b0p05__wd1e-04trmiss0_degmodglobal,16,1e-05,0.0001,0.2,2.0,0.25,0.05,lr1e-05_bs16_drop0p2_temp2p0_a0p25_b0p05__wd1e-04trmiss0_degmodglobal,26,0.642468735575676,0.65470290184021,0.8,0.8592953342953344,0.7142857142857143,0.0,0.6192657947540283,0.6272259205579758,0.045175830367952585,0.07897687703371048,0.0,0.0,0.0,0.0,0.0,18473,global,0.0
4,2,lr1e-05_bs16_drop0p2_temp2p0_a0p25_b0p05__wd1e-04trmiss0_degmodglobal,16,1e-05,0.0001,0.2,2.0,0.25,0.05,lr1e-05_bs16_drop0p2_temp2p0_a0p25_b0p05__wd1e-04trmiss0_degmodglobal,27,0.6639007329940796,0.6566870212554932,0.8222222222222222,0.8870731120731121,0.5714285714285714,0.0,0.6451581567525864,0.6459025591611862,0.047932017128914595,0.12030378729104996,0.0,0.0,0.0,0.0,0.0,18473,global,0.0
4,2,lr1e-05_bs16_drop0p2_temp2p0_a0p25_b0p05__wd1e-04trmiss0_degmodglobal,16,1e-05,0.0001,0.2,2.0,0.25,0.05,lr1e-05_bs16_drop0p2_temp2p0_a0p25_b0p05__wd1e-04trmiss0_degmodglobal,28,0.6631114035844803,0.6570528745651245,0.8222222222222222,0.8870731120731121,0.5714285714285714,0.0,0.6361930668354034,0.6463261246681213,0.046275682747364044,0.10432739369571209,0.0,0.0,0.0,0.0,0.0,18473,global,0.0
4,2,lr1e-05_bs16_drop0p2_temp2p0_a0p25_b0p05__wd1e-04trmiss0_degmodglobal,16,1e-05,0.0001,0.2,2.0,0.25,0.05,lr1e-05_bs16_drop0p2_temp2p0_a0p25_b0p05__wd1e-04trmiss0_degmodglobal,29,0.6247571855783463,0.6569445133209229,0.8222222222222222,0.8870731120731121,0.6428571428571429,0.0,0.6026974767446518,0.6086372584104538,0.048499277792871,0.07990215998142958,0.0,0.0,0.0,0.0,0.0,18473,global,0.0
4,2,lr1e-05_bs16_drop0p2_temp2p0_a0p25_b0p05__wd1e-04trmiss0_degmodglobal,16,1e-05,0.0001,0.2,2.0,0.25,0.05,lr1e-05_bs16_drop0p2_temp2p0_a0p25_b0p05__wd1e-04trmiss0_degmodglobal,30,0.6671590954065323,0.6566110849380493,0.8222222222222222,0.8870731120731121,0.6428571428571429,0.0,0.6382115334272385,0.6522382944822311,0.03781635779887438,0.10933408606797457,0.0,0.0,0.0,0.0,0.0,18473,global,0.0
4,2,lr1e-05_bs16_drop0p2_temp2p0_a0p25_b0p05__wd1e-04trmiss0_degmodglobal,16,1e-05,0.0001,0.2,2.0,0.25,0.05,lr1e-05_bs16_drop0p2_temp2p0_a0p25_b0p05__wd1e-04trmiss0_degmodglobal,31,0.6340446323156357,0.6531254053115845,0.8222222222222222,0.8870731120731121,0.7142857142857143,0.0,0.6037754565477371,0.6144733130931854,0.056612344458699226,0.10836495086550713,0.0,0.0,0.0,0.0,0.0,18473,global,0.0
4,2,lr1e-05_bs16_drop0p2_temp2p0_a0p25_b0p05__wd1e-04trmiss0_degmodglobal,16,1e-05,0.0001,0.2,2.0,0.25,0.05,lr1e-05_bs16_drop0p2_temp2p0_a0p25_b0p05__wd1e-04trmiss0_degmodglobal,32,0.6662788987159729,0.6559524536132812,0.8222222222222222,0.8870731120731121,0.5714285714285714,0.0,0.6415561735630035,0.648919090628624,0.044341917149722576,0.12548648566007614,0.0,0.0,0.0,0.0,0.0,18473,global,0.0
4,2,lr1e-05_bs16_drop0p2_temp2p0_a0p25_b0p05__wd1e-04trmiss0_degmodglobal,16,1e-05,0.0001,0.2,2.0,0.25,0.05,lr1e-05_bs16_drop0p2_temp2p0_a0p25_b0p05__wd1e-04trmiss0_degmodglobal,33,0.6997126638889313,0.6533564925193787,0.8222222222222222,0.8870731120731121,0.7142857142857143,0.0,0.6244293749332428,0.6792075335979462,0.05180329456925392,0.15108607523143291,0.0,0.0,0.0,0.0,0.0,18473,global,0.0
4,2,lr1e-05_bs16_drop0p2_temp2p0_a0p25_b0p05__wd1e-04trmiss0_degmodglobal,16,1e-05,0.0001,0.2,2.0,0.25,0.05,lr1e-05_bs16_drop0p2_temp2p0_a0p25_b0p05__wd1e-04trmiss0_degmodglobal,34,0.6324111521244049,0.6554667353630066,0.8222222222222222,0.8870731120731121,0.6428571428571429,0.0,0.598626047372818,0.6122124493122101,0.054208203218877316,0.1329329628497362,0.0,0.0,0.0,0.0,0.0,18473,global,0.0
4,2,lr1e-05_bs16_drop0p2_temp2p0_a0p25_b0p05__wd1e-04trmiss0_degmodglobal,16,1e-05,0.0001,0.2,2.0,0.25,0.05,lr1e-05_bs16_drop0p2_temp2p0_a0p25_b0p05__wd1e-04trmiss0_degmodglobal,35,0.6640807390213013,0.6565216183662415,0.8222222222222222,0.8870731120731121,0.6428571428571429,0.0,0.6152645796537399,0.6462145745754242,0.054229590110480785,0.0861753742210567,0.0,0.0,0.0,0.0,0.0,18473,global,0.0
4,2,lr1e-05_bs16_drop0p2_temp2p0_a0p25_b0p05__wd1e-04trmiss0_degmodglobal,16,1e-05,0.0001,0.2,2.0,0.25,0.05,lr1e-05_bs16_drop0p2_temp2p0_a0p25_b0p05__wd1e-04trmiss0_degmodglobal,36,0.6502902656793594,0.6534692049026489,0.8444444444444444,0.8969496552829888,0.6428571428571429,0.0,0.5908306688070297,0.6270418763160706,0.061261276714503765,0.15866176784038544,0.0,0.0,0.0,0.0,0.0,18473,global,0.0
4,2,lr1e-05_bs16_drop0p2_temp2p0_a0p25_b0p05__wd1e-04trmiss0_degmodglobal,16,1e-05,0.0001,0.2,2.0,0.25,0.05,lr1e-05_bs16_drop0p2_temp2p0_a0p25_b0p05__wd1e-04trmiss0_degmodglobal,37,0.6470412760972977,0.6555749773979187,0.8,0.8592953342953344,0.6428571428571429,0.0,0.5877873748540878,0.6292073875665665,0.04938903823494911,0.10973262973129749,0.0,0.0,0.0,0.0,0.0,18473,global,0.0
4,2,lr1e-05_bs16_drop0p2_temp2p0_a0p25_b0p05__wd1e-04trmiss0_degmodglobal,16,1e-05,0.0001,0.2,2.0,0.25,0.05,lr1e-05_bs16_drop0p2_temp2p0_a0p25_b0p05__wd1e-04trmiss0_degmodglobal,38,0.6378661543130875,0.6528009176254272,0.8222222222222222,0.8870731120731121,0.7142857142857143,0.0,0.6079619526863098,0.6146377474069595,0.06092431861907244,0.15994691848754883,0.0,0.0,0.0,0.0,0.0,18473,global,0.0
4,2,lr1e-05_bs16_drop0p2_temp2p0_a0p25_b0p05__wd1e-04trmiss0_degmodglobal,16,1e-05,0.0001,0.2,2.0,0.25,0.05,lr1e-05_bs16_drop0p2_temp2p0_a0p25_b0p05__wd1e-04trmiss0_degmodglobal,39,0.6479718089103699,0.6516324281692505,0.8222222222222222,0.8870731120731121,0.6428571428571429,0.0,0.5682872831821442,0.6248084306716919,0.06023500859737396,0.1620924510061741,0.0,0.0,0.0,0.0,0.0,18473,global,0.0
4,2,lr1e-05_bs16_drop0p2_temp2p0_a0p25_b0p05__wd1e-04trmiss0_degmodglobal,16,1e-05,0.0001,0.2,2.0,0.25,0.05,lr1e-05_bs16_drop0p2_temp2p0_a0p25_b0p05__wd1e-04trmiss0_degmodglobal,40,0.6368281692266464,0.6575384140014648,0.8222222222222222,0.8870731120731121,0.5714285714285714,0.0,0.6110104918479919,0.6218974143266678,0.04641184862703085,0.06655591633170843,0.0,0.0,0.0,0.0,0.0,18473,global,0.0
4,2,lr1e-05_bs16_drop0p2_temp2p0_a0p25_b0p05__wd1e-04trmiss0_degmodglobal,16,1e-05,0.0001,0.2,2.0,0.25,0.05,lr1e-05_bs16_drop0p2_temp2p0_a0p25_b0p05__wd1e-04trmiss0_degmodglobal,41,0.6145514398813248,0.6565704345703125,0.8222222222222222,0.8870731120731121,0.5714285714285714,0.0,0.596487432718277,0.5988073498010635,0.04641334060579538,0.08281510695815086,0.0,0.0,0.0,0.0,0.0,18473,global,0.0
4,2,lr1e-05_bs16_drop0p2_temp2p0_a0p25_b0p05__wd1e-04trmiss0_degmodglobal,16,1e-05,0.0001,0.2,2.0,0.25,0.05,lr1e-05_bs16_drop0p2_temp2p0_a0p25_b0p05__wd1e-04trmiss0_degmodglobal,42,0.6394064873456955,0.6572881937026978,0.7999999999999999,0.8794973544973546,0.5714285714285714,0.0,0.598725900053978,0.6194012016057968,0.054374054074287415,0.12823503091931343,0.0,0.0,0.0,0.0,0.0,18473,global,0.0
4,2,lr1e-05_bs16_drop0p2_temp2p0_a0p25_b0p05__wd1e-04trmiss0_degmodglobal,16,1e-05,0.0001,0.2,2.0,0.25,0.05,lr1e-05_bs16_drop0p2_temp2p0_a0p25_b0p05__wd1e-04trmiss0_degmodglobal,43,0.6315778493881226,0.6576797366142273,0.7999999999999999,0.8794973544973546,0.5714285714285714,0.0,0.5904743820428848,0.6136093884706497,0.054284156300127506,0.08794874884188175,0.0,0.0,0.0,0.0,0.0,18473,global,0.0
4,2,lr1e-05_bs16_drop0p2_temp2p0_a0p25_b0p05__wd1e-04trmiss0_degmodglobal,16,1e-05,0.0001,0.2,2.0,0.25,0.05,lr1e-05_bs16_drop0p2_temp2p0_a0p25_b0p05__wd1e-04trmiss0_degmodglobal,44,0.6188259720802307,0.6579475402832031,0.8222222222222222,0.8870731120731121,0.5714285714285714,0.0,0.5872158706188202,0.6020602881908417,0.05045601446181536,0.08303375169634819,0.0,0.0,0.0,0.0,0.0,18473,global,0.0
4,2,lr1e-05_bs16_drop0p2_temp2p0_a0p25_b0p05__wd1e-04trmiss0_degmodglobal,16,1e-05,0.0001,0.2,2.0,0.25,0.05,lr1e-05_bs16_drop0p2_temp2p0_a0p25_b0p05__wd1e-04trmiss0_degmodglobal,45,0.6449093073606491,0.66014564037323,0.7777777777777777,0.8686948853615521,0.5714285714285714,0.0,0.604932576417923,0.6243442893028259,0.060434951446950436,0.1091254441998899,0.0,0.0,0.0,0.0,0.0,18473,global,0.0
4,2,lr1e-05_bs16_drop0p2_temp2p0_a0p25_b0p05__wd1e-04trmiss0_degmodglobal,16,1e-05,0.0001,0.2,2.0,0.25,0.05,lr1e-05_bs16_drop0p2_temp2p0_a0p25_b0p05__wd1e-04trmiss0_degmodglobal,46,0.6498671770095825,0.6620726585388184,0.7777777777777777,0.8686948853615521,0.5714285714285714,0.0,0.6063682585954666,0.6302661895751953,0.05378653760999441,0.12308669090270996,0.0,0.0,0.0,0.0,0.0,18473,global,0.0
4,2,lr1e-05_bs16_drop0p2_temp2p0_a0p25_b0p05__wd1e-04trmiss0_degmodglobal,16,1e-05,0.0001,0.2,2.0,0.25,0.05,lr1e-05_bs16_drop0p2_temp2p0_a0p25_b0p05__wd1e-04trmiss0_degmodglobal,47,0.630380392074585,0.6622965335845947,0.7777777777777777,0.8686948853615521,0.6428571428571429,0.0,0.5823240876197815,0.6154115498065948,0.04520392790436745,0.07335683051496744,0.0,0.0,0.0,0.0,0.0,18473,global,0.0
4,2,lr1e-05_bs16_drop0p2_temp2p0_a0p25_b0p05__wd1e-04trmiss0_degmodglobal,16,1e-05,0.0001,0.2,2.0,0.25,0.05,lr1e-05_bs16_drop0p2_temp2p0_a0p25_b0p05__wd1e-04trmiss0_degmodglobal,48,0.6410834044218063,0.6641165018081665,0.7555555555555555,0.8622846289512958,0.6428571428571429,0.0,0.5954909175634384,0.6252477467060089,0.044760896358639,0.0929084881208837,0.0,0.0,0.0,0.0,0.0,18473,global,0.0
4,2,lr1e-05_bs16_drop0p2_temp2p0_a0p25_b0p05__wd1e-04trmiss0_degmodglobal,16,1e-05,0.0001,0.2,2.0,0.25,0.05,lr1e-05_bs16_drop0p2_temp2p0_a0p25_b0p05__wd1e-04trmiss0_degmodglobal,49,0.6342367231845856,0.6635497212409973,0.7333333333333333,0.8345068511735181,0.6428571428571429,0.0,0.5737692415714264,0.6125908941030502,0.05959846265614033,0.13492447696626186,0.0,0.0,0.0,0.0,0.0,18473,global,0.0
4,2,lr1e-05_bs16_drop0p2_temp2p0_a0p25_b0p05__wd1e-04trmiss0_degmodglobal,16,1e-05,0.0001,0.2,2.0,0.25,0.05,lr1e-05_bs16_drop0p2_temp2p0_a0p25_b0p05__wd1e-04trmiss0_degmodglobal,50,0.6369267553091049,0.6650120615959167,0.7333333333333333,0.8345068511735181,0.6428571428571429,0.0,0.6038849800825119,0.6191444545984268,0.05176081694662571,0.09684150433167815,0.0,0.0,0.0,0.0,0.0,18473,global,0.0
4,2,lr1e-05_bs16_drop0p2_temp2p0_a0p25_b0p05__wd1e-04trmiss0_degmodglobal,16,1e-05,0.0001,0.2,2.0,0.25,0.05,lr1e-05_bs16_drop0p2_temp2p0_a0p25_b0p05__wd1e-04trmiss0_degmodglobal,51,0.6217298656702042,0.6675127744674683,0.711111111111111,0.8226020892687562,0.6428571428571429,0.0,0.5842915922403336,0.6021334528923035,0.055827224627137184,0.11279257573187351,0.0,0.0,0.0,0.0,0.0,18473,global,0.0
4,2,lr1e-05_bs16_drop0p2_temp2p0_a0p25_b0p05__wd1e-04trmiss0_degmodglobal,16,1e-05,0.0001,0.2,2.0,0.25,0.05,lr1e-05_bs16_drop0p2_temp2p0_a0p25_b0p05__wd1e-04trmiss0_degmodglobal,52,0.6306364089250565,0.668980062007904,0.7333333333333333,0.8345068511735181,0.6428571428571429,0.0,0.5723062455654144,0.6102527529001236,0.05523071810603142,0.1315195094794035,0.0,0.0,0.0,0.0,0.0,18473,global,0.0
4,2,lr1e-05_bs16_drop0p2_temp2p0_a0p25_b0p05__wd1e-04trmiss0_degmodglobal,16,1e-05,0.0001,0.2,2.0,0.25,0.05,lr1e-05_bs16_drop0p2_temp2p0_a0p25_b0p05__wd1e-04trmiss0_degmodglobal,53,0.6116710007190704,0.6690477132797241,0.6888888888888889,0.8145212811879479,0.6428571428571429,0.0,0.5801104605197906,0.5957976877689362,0.045046585611999035,0.09223338868469,0.0,0.0,0.0,0.0,0.0,18473,global,0.0
4,2,lr1e-05_bs16_drop0p2_temp2p0_a0p25_b0p05__wd1e-04trmiss0_degmodglobal,16,1e-05,0.0001,0.2,2.0,0.25,0.05,lr1e-05_bs16_drop0p2_temp2p0_a0p25_b0p05__wd1e-04trmiss0_degmodglobal,54,0.6082634478807449,0.6683708429336548,0.6888888888888889,0.8145212811879479,0.6428571428571429,0.0,0.5810047686100006,0.5930215418338776,0.046748741529881954,0.07109446544200182,0.0,0.0,0.0,0.0,0.0,18473,global,0.0
4,2,lr1e-05_bs16_drop0p2_temp2p0_a0p25_b0p05__wd1e-04trmiss0_degmodglobal,16,1e-05,0.0001,0.2,2.0,0.25,0.05,lr1e-05_bs16_drop0p2_temp2p0_a0p25_b0p05__wd1e-04trmiss0_degmodglobal,55,0.6344652622938156,0.6675441265106201,0.7111111111111111,0.8422990589657258,0.6428571428571429,0.0,0.5694304555654526,0.6154892593622208,0.05376693792641163,0.11068548867478967,0.0,0.0,0.0,0.0,0.0,18473,global,0.0
4,2,lr1e-05_bs16_drop0p2_temp2p0_a0p25_b0p05__wd1e-04trmiss0_degmodglobal,16,1e-05,0.0001,0.2,2.0,0.25,0.05,lr1e-05_bs16_drop0p2_temp2p0_a0p25_b0p05__wd1e-04trmiss0_degmodglobal,56,0.627748042345047,0.6664473414421082,0.6888888888888889,0.8145212811879479,0.5714285714285714,0.0,0.5774528086185455,0.6085329502820969,0.051545253954827785,0.12657519802451134,0.0,0.0,0.0,0.0,0.0,18473,global,0.0
4,2,lr1e-05_bs16_drop0p4_temp1p0_a0p25_b0p05__wd1e-04trmiss0_degmodglobal,16,1e-05,0.0001,0.4,1.0,0.25,0.05,lr1e-05_bs16_drop0p4_temp1p0_a0p25_b0p05__wd1e-04trmiss0_degmodglobal,1,0.7436802238225937,0.7068998217582703,0.5555555555555555,0.7205467372134038,0.42857142857142855,0.0,0.6897575855255127,0.7155794203281403,0.08142189867794514,0.1549067683517933,0.0,0.0,0.0,0.0,0.0,18473,global,0.0
4,2,lr1e-05_bs16_drop0p4_temp1p0_a0p25_b0p05__wd1e-04trmiss0_degmodglobal,16,1e-05,0.0001,0.4,1.0,0.25,0.05,lr1e-05_bs16_drop0p4_temp1p0_a0p25_b0p05__wd1e-04trmiss0_degmodglobal,2,0.7799296379089355,0.7074757218360901,0.5111111111111111,0.7026455026455027,0.42857142857142855,0.0,0.730286180973053,0.7536791115999222,0.07098358683288097,0.1700925249606371,0.0,0.0,0.0,0.0,0.0,18473,global,0.0
4,2,lr1e-05_bs16_drop0p4_temp1p0_a0p25_b0p05__wd1e-04trmiss0_degmodglobal,16,1e-05,0.0001,0.4,1.0,0.25,0.05,lr1e-05_bs16_drop0p4_temp1p0_a0p25_b0p05__wd1e-04trmiss0_degmodglobal,3,0.7022560238838196,0.7081114649772644,0.4888888888888889,0.6969474969474969,0.42857142857142855,0.0,0.7070953398942947,0.682681992650032,0.058966951444745064,0.09664628095924854,0.0,0.0,0.0,0.0,0.0,18473,global,0.0
4,2,lr1e-05_bs16_drop0p4_temp1p0_a0p25_b0p05__wd1e-04trmiss0_degmodglobal,16,1e-05,0.0001,0.4,1.0,0.25,0.05,lr1e-05_bs16_drop0p4_temp1p0_a0p25_b0p05__wd1e-04trmiss0_degmodglobal,4,0.7228618711233139,0.7105462551116943,0.4888888888888888,0.6927248677248676,0.42857142857142855,0.0,0.689043715596199,0.7006078958511353,0.060732332058250904,0.14141792338341475,0.0,0.0,0.0,0.0,0.0,18473,global,0.0
4,2,lr1e-05_bs16_drop0p4_temp1p0_a0p25_b0p05__wd1e-04trmiss0_degmodglobal,16,1e-05,0.0001,0.4,1.0,0.25,0.05,lr1e-05_bs16_drop0p4_temp1p0_a0p25_b0p05__wd1e-04trmiss0_degmodglobal,5,0.7305644601583481,0.7095683217048645,0.4888888888888889,0.643903318903319,0.42857142857142855,0.0,0.6885493695735931,0.7115862816572189,0.058203249238431454,0.0885476041585207,0.0,0.0,0.0,0.0,0.0,18473,global,0.0
4,2,lr1e-05_bs16_drop0p4_temp1p0_a0p25_b0p05__wd1e-04trmiss0_degmodglobal,16,1e-05,0.0001,0.4,1.0,0.25,0.05,lr1e-05_bs16_drop0p4_temp1p0_a0p25_b0p05__wd1e-04trmiss0_degmodglobal,6,0.7066445201635361,0.7068421840667725,0.5333333333333333,0.70495337995338,0.42857142857142855,0.0,0.7026800960302353,0.6845372468233109,0.06871802546083927,0.09855507500469685,0.0,0.0,0.0,0.0,0.0,18473,global,0.0
4,2,lr1e-05_bs16_drop0p4_temp1p0_a0p25_b0p05__wd1e-04trmiss0_degmodglobal,16,1e-05,0.0001,0.4,1.0,0.25,0.05,lr1e-05_bs16_drop0p4_temp1p0_a0p25_b0p05__wd1e-04trmiss0_degmodglobal,7,0.7039610743522644,0.7089555859565735,0.5111111111111111,0.6994588744588746,0.35714285714285715,0.0,0.7018220573663712,0.6826493740081787,0.06041961442679167,0.12413572147488594,0.0,0.0,0.0,0.0,0.0,18473,global,0.0
4,2,lr1e-05_bs16_drop0p4_temp1p0_a0p25_b0p05__wd1e-04trmiss0_degmodglobal,16,1e-05,0.0001,0.4,1.0,0.25,0.05,lr1e-05_bs16_drop0p4_temp1p0_a0p25_b0p05__wd1e-04trmiss0_degmodglobal,8,0.7501069754362106,0.7095381617546082,0.5111111111111111,0.6994588744588746,0.35714285714285715,0.0,0.6804863959550858,0.7292255610227585,0.05903421621769667,0.12245674803853035,0.0,0.0,0.0,0.0,0.0,18473,global,0.0
4,2,lr1e-05_bs16_drop0p4_temp1p0_a0p25_b0p05__wd1e-04trmiss0_degmodglobal,16,1e-05,0.0001,0.4,1.0,0.25,0.05,lr1e-05_bs16_drop0p4_temp1p0_a0p25_b0p05__wd1e-04trmiss0_degmodglobal,9,0.6931820660829544,0.7130950689315796,0.4666666666666666,0.6253848003848005,0.35714285714285715,0.0,0.6802667826414108,0.6727345436811447,0.05648616701364517,0.1265196092426777,0.0,0.0,0.0,0.0,0.0,18473,global,0.0
4,2,lr1e-05_bs16_drop0p4_temp1p0_a0p25_b0p05__wd1e-04trmiss0_degmodglobal,16,1e-05,0.0001,0.4,1.0,0.25,0.05,lr1e-05_bs16_drop0p4_temp1p0_a0p25_b0p05__wd1e-04trmiss0_degmodglobal,10,0.7216074764728546,0.712623655796051,0.4888888888888889,0.680940355940356,0.35714285714285715,0.0,0.6724028587341309,0.6974222511053085,0.06857370119541883,0.14083613641560078,0.0,0.0,0.0,0.0,0.0,18473,global,0.0
4,2,lr1e-05_bs16_drop0p4_temp1p0_a0p25_b0p05__wd1e-04trmiss0_degmodglobal,16,1e-05,0.0001,0.4,1.0,0.25,0.05,lr1e-05_bs16_drop0p4_temp1p0_a0p25_b0p05__wd1e-04trmiss0_degmodglobal,11,0.6970423310995102,0.7155476212501526,0.4888888888888889,0.680940355940356,0.35714285714285715,0.0,0.6677763164043427,0.6755793690681458,0.06374324951320887,0.11054284824058414,0.0,0.0,0.0,0.0,0.0,18473,global,0.0
4,2,lr1e-05_bs16_drop0p4_temp1p0_a0p25_b0p05__wd1e-04trmiss0_degmodglobal,16,1e-05,0.0001,0.4,1.0,0.25,0.05,lr1e-05_bs16_drop0p4_temp1p0_a0p25_b0p05__wd1e-04trmiss0_degmodglobal,12,0.6873119920492172,0.7166295647621155,0.4888888888888889,0.680940355940356,0.35714285714285715,0.0,0.6655409187078476,0.6692416369915009,0.04998129699379206,0.11150061525404453,0.0,0.0,0.0,0.0,0.0,18473,global,0.0
4,2,lr1e-05_bs16_drop0p4_temp1p0_a0p25_b0p05__wd1e-04trmiss0_degmodglobal,16,1e-05,0.0001,0.4,1.0,0.25,0.05,lr1e-05_bs16_drop0p4_temp1p0_a0p25_b0p05__wd1e-04trmiss0_degmodglobal,13,0.7160584032535553,0.7145706415176392,0.4888888888888889,0.680940355940356,0.35714285714285715,0.0,0.6903465688228607,0.6879227161407471,0.07422947138547897,0.19156663119792938,0.0,0.0,0.0,0.0,0.0,18473,global,0.0
4,2,lr1e-05_bs16_drop0p4_temp1p0_a0p25_b0p05__wd1e-04trmiss0_degmodglobal,16,1e-05,0.0001,0.4,1.0,0.25,0.05,lr1e-05_bs16_drop0p4_temp1p0_a0p25_b0p05__wd1e-04trmiss0_degmodglobal,14,0.6747978180646896,0.7147743701934814,0.5111111111111111,0.6864348614348614,0.35714285714285715,0.0,0.666702002286911,0.6554635018110275,0.05164702609181404,0.128451244905591,0.0,0.0,0.0,0.0,0.0,18473,global,0.0
4,2,lr1e-05_bs16_drop0p4_temp1p0_a0p25_b0p05__wd1e-04trmiss0_degmodglobal,16,1e-05,0.0001,0.4,1.0,0.25,0.05,lr1e-05_bs16_drop0p4_temp1p0_a0p25_b0p05__wd1e-04trmiss0_degmodglobal,15,0.7194469422101974,0.7149953246116638,0.4888888888888889,0.680940355940356,0.35714285714285715,0.0,0.6891698241233826,0.6897981762886047,0.08224580436944962,0.18174629658460617,0.0,0.0,0.0,0.0,0.0,18473,global,0.0
4,2,lr1e-05_bs16_drop0p4_temp1p0_a0p25_b0p05__wd1e-04trmiss0_degmodglobal,16,1e-05,0.0001,0.4,1.0,0.25,0.05,lr1e-05_bs16_drop0p4_temp1p0_a0p25_b0p05__wd1e-04trmiss0_degmodglobal,16,0.6896694898605347,0.7139371037483215,0.5111111111111111,0.6864348614348614,0.35714285714285715,0.0,0.6522447168827057,0.6619629859924316,0.08226552605628967,0.1428022552281618,0.0,0.0,0.0,0.0,0.0,18473,global,0.0
4,2,lr1e-05_bs16_drop0p4_temp1p0_a0p25_b0p05__wd1e-04trmiss0_degmodglobal,16,1e-05,0.0001,0.4,1.0,0.25,0.05,lr1e-05_bs16_drop0p4_temp1p0_a0p25_b0p05__wd1e-04trmiss0_degmodglobal,17,0.7092710584402084,0.715164065361023,0.5111111111111111,0.6864348614348614,0.35714285714285715,0.0,0.6788662672042847,0.6866719275712967,0.06208370625972748,0.1415641736239195,0.0,0.0,0.0,0.0,0.0,18473,global,0.0
4,2,lr1e-05_bs16_drop0p4_temp1p0_a0p25_b0p05__wd1e-04trmiss0_degmodglobal,16,1e-05,0.0001,0.4,1.0,0.25,0.05,lr1e-05_bs16_drop0p4_temp1p0_a0p25_b0p05__wd1e-04trmiss0_degmodglobal,18,0.7167326360940933,0.7140358686447144,0.5111111111111111,0.6864348614348614,0.35714285714285715,0.0,0.6679764539003372,0.6965618282556534,0.05718679539859295,0.11748182750307024,0.0,0.0,0.0,0.0,0.0,18473,global,0.0
4,2,lr1e-05_bs16_drop0p4_temp1p0_a0p25_b0p05__wd1e-04trmiss0_degmodglobal,16,1e-05,0.0001,0.4,1.0,0.25,0.05,lr1e-05_bs16_drop0p4_temp1p0_a0p25_b0p05__wd1e-04trmiss0_degmodglobal,19,0.7266761660575867,0.7141302227973938,0.5111111111111111,0.6864348614348614,0.35714285714285715,0.0,0.6840250492095947,0.7033976167440414,0.061980254016816616,0.1556696742773056,0.0,0.0,0.0,0.0,0.0,18473,global,0.0
4,2,lr1e-05_bs16_drop0p4_temp1p0_a0p25_b0p05__wd1e-04trmiss0_degmodglobal,16,1e-05,0.0001,0.4,1.0,0.25,0.05,lr1e-05_bs16_drop0p4_temp1p0_a0p25_b0p05__wd1e-04trmiss0_degmodglobal,20,0.7019418627023697,0.7129949927330017,0.5111111111111111,0.6864348614348614,0.35714285714285715,0.0,0.6619861274957657,0.6824955344200134,0.05910238716751337,0.09341484494507313,0.0,0.0,0.0,0.0,0.0,18473,global,0.0
4,2,lr1e-05_bs16_drop0p4_temp1p0_a0p25_b0p05__wd1e-04trmiss0_degmodglobal,16,1e-05,0.0001,0.4,1.0,0.25,0.05,lr1e-05_bs16_drop0p4_temp1p0_a0p25_b0p05__wd1e-04trmiss0_degmodglobal,21,0.676907017827034,0.7141250967979431,0.5111111111111111,0.6864348614348614,0.35714285714285715,0.0,0.6712859123945236,0.6567601710557938,0.059403715655207634,0.10591848939657211,0.0,0.0,0.0,0.0,0.0,18473,global,0.0
4,2,lr1e-05_bs16_drop0p4_temp1p0_a0p25_b0p05__wd1e-04trmiss0_degmodglobal,16,1e-05,0.0001,0.4,1.0,0.25,0.05,lr1e-05_bs16_drop0p4_temp1p0_a0p25_b0p05__wd1e-04trmiss0_degmodglobal,22,0.685596376657486,0.716982901096344,0.5111111111111111,0.6864348614348614,0.35714285714285715,0.0,0.65379798412323,0.6659832298755646,0.05765478406101465,0.10398924350738525,0.0,0.0,0.0,0.0,0.0,18473,global,0.0
4,2,lr1e-05_bs16_drop0p4_temp1p0_a0p25_b0p05__wd1e-04trmiss0_degmodglobal,16,1e-05,0.0001,0.4,1.0,0.25,0.05,lr1e-05_bs16_drop0p4_temp1p0_a0p25_b0p05__wd1e-04trmiss0_degmodglobal,23,0.7041368335485458,0.7114525437355042,0.5111111111111111,0.6864348614348614,0.35714285714285715,0.0,0.6452462524175644,0.6824663579463959,0.062154279090464115,0.12263794429600239,0.0,0.0,0.0,0.0,0.0,18473,global,0.0
4,2,lr1e-05_bs16_drop0p4_temp1p0_a0p25_b0p05__wd1e-04trmiss0_degmodglobal,16,1e-05,0.0001,0.4,1.0,0.25,0.05,lr1e-05_bs16_drop0p4_temp1p0_a0p25_b0p05__wd1e-04trmiss0_degmodglobal,24,0.6825012713670731,0.7122636437416077,0.4888888888888889,0.675852850852851,0.35714285714285715,0.0,0.640646755695343,0.6637049615383148,0.05631869100034237,0.09433296602219343,0.0,0.0,0.0,0.0,0.0,18473,global,0.0
4,2,lr1e-05_bs16_drop0p4_temp1p0_a0p25_b0p05__wd1e-04trmiss0_degmodglobal,16,1e-05,0.0001,0.4,1.0,0.25,0.05,lr1e-05_bs16_drop0p4_temp1p0_a0p25_b0p05__wd1e-04trmiss0_degmodglobal,25,0.7094550877809525,0.7132432460784912,0.4888888888888889,0.675852850852851,0.35714285714285715,0.0,0.6830231994390488,0.6899134963750839,0.055165039375424385,0.11500676907598972,0.0,0.0,0.0,0.0,0.0,18473,global,0.0
4,2,lr1e-05_bs16_drop0p4_temp1p0_a0p25_b0p05__wd1e-04trmiss0_degmodglobal,16,1e-05,0.0001,0.4,1.0,0.25,0.05,lr1e-05_bs16_drop0p4_temp1p0_a0p25_b0p05__wd1e-04trmiss0_degmodglobal,26,0.7403831034898758,0.7120169401168823,0.5111111111111111,0.6864348614348614,0.35714285714285715,0.0,0.6274998337030411,0.7085571140050888,0.08502528816461563,0.21139374002814293,0.0,0.0,0.0,0.0,0.0,18473,global,0.0
4,2,lr1e-05_bs16_drop0p4_temp2p0_a0p25_b0p05__wd1e-04trmiss0_degmodglobal,16,1e-05,0.0001,0.4,2.0,0.25,0.05,lr1e-05_bs16_drop0p4_temp2p0_a0p25_b0p05__wd1e-04trmiss0_degmodglobal,1,0.7365846186876297,0.6852997541427612,0.5777777777777777,0.6852443852443852,0.6428571428571429,0.0,0.6979016661643982,0.7193187028169632,0.04865117650479078,0.10206266306340694,0.0,0.0,0.0,0.0,0.0,18473,global,0.0
4,2,lr1e-05_bs16_drop0p4_temp2p0_a0p25_b0p05__wd1e-04trmiss0_degmodglobal,16,1e-05,0.0001,0.4,2.0,0.25,0.05,lr1e-05_bs16_drop0p4_temp2p0_a0p25_b0p05__wd1e-04trmiss0_degmodglobal,2,0.7214766442775726,0.6842285394668579,0.6,0.6938863605530272,0.6428571428571429,0.0,0.7145223915576935,0.6946944296360016,0.0693264165893197,0.18901189602911472,0.0,0.0,0.0,0.0,0.0,18473,global,0.0
4,2,lr1e-05_bs16_drop0p4_temp2p0_a0p25_b0p05__wd1e-04trmiss0_degmodglobal,16,1e-05,0.0001,0.4,2.0,0.25,0.05,lr1e-05_bs16_drop0p4_temp2p0_a0p25_b0p05__wd1e-04trmiss0_degmodglobal,3,0.7134888768196106,0.6828344464302063,0.6222222222222222,0.708701175367842,0.7142857142857143,0.0,0.725793331861496,0.690243273973465,0.06300237216055393,0.14990002941340208,0.0,0.0,0.0,0.0,0.0,18473,global,0.0
4,2,lr1e-05_bs16_drop0p4_temp2p0_a0p25_b0p05__wd1e-04trmiss0_degmodglobal,16,1e-05,0.0001,0.4,2.0,0.25,0.05,lr1e-05_bs16_drop0p4_temp2p0_a0p25_b0p05__wd1e-04trmiss0_degmodglobal,4,0.688791498541832,0.6810795068740845,0.6444444444444444,0.7219286885953553,0.7142857142857143,0.0,0.6809163987636566,0.6628187596797943,0.05981420911848545,0.2203838974237442,0.0,0.0,0.0,0.0,0.0,18473,global,0.0
4,2,lr1e-05_bs16_drop0p4_temp2p0_a0p25_b0p05__wd1e-04trmiss0_degmodglobal,16,1e-05,0.0001,0.4,2.0,0.25,0.05,lr1e-05_bs16_drop0p4_temp2p0_a0p25_b0p05__wd1e-04trmiss0_degmodglobal,5,0.7033706456422806,0.6823648810386658,0.6222222222222222,0.708701175367842,0.7142857142857143,0.0,0.6805893331766129,0.6817188262939453,0.05157290957868099,0.17517168447375298,0.0,0.0,0.0,0.0,0.0,18473,global,0.0
4,2,lr1e-05_bs16_drop0p4_temp2p0_a0p25_b0p05__wd1e-04trmiss0_degmodglobal,16,1e-05,0.0001,0.4,2.0,0.25,0.05,lr1e-05_bs16_drop0p4_temp2p0_a0p25_b0p05__wd1e-04trmiss0_degmodglobal,6,0.6941368281841278,0.6829134225845337,0.6222222222222222,0.708701175367842,0.6428571428571429,0.0,0.7014123499393463,0.6711804121732712,0.053453363478183746,0.19186151772737503,0.0,0.0,0.0,0.0,0.0,18473,global,0.0
4,2,lr1e-05_bs16_drop0p4_temp2p0_a0p25_b0p05__wd1e-04trmiss0_degmodglobal,16,1e-05,0.0001,0.4,2.0,0.25,0.05,lr1e-05_bs16_drop0p4_temp2p0_a0p25_b0p05__wd1e-04trmiss0_degmodglobal,7,0.6898533999919891,0.6822384595870972,0.6222222222222222,0.708701175367842,0.6428571428571429,0.0,0.700883075594902,0.6710766702890396,0.050245488062500954,0.12430728506296873,0.0,0.0,0.0,0.0,0.0,18473,global,0.0
4,2,lr1e-05_bs16_drop0p4_temp2p0_a0p25_b0p05__wd1e-04trmiss0_degmodglobal,16,1e-05,0.0001,0.4,2.0,0.25,0.05,lr1e-05_bs16_drop0p4_temp2p0_a0p25_b0p05__wd1e-04trmiss0_degmodglobal,8,0.6724366992712021,0.6792770624160767,0.6222222222222222,0.708701175367842,0.6428571428571429,0.0,0.691328227519989,0.653771385550499,0.05116138746961951,0.11749931424856186,0.0,0.0,0.0,0.0,0.0,18473,global,0.0
4,2,lr1e-05_bs16_drop0p4_temp2p0_a0p25_b0p05__wd1e-04trmiss0_degmodglobal,16,1e-05,0.0001,0.4,2.0,0.25,0.05,lr1e-05_bs16_drop0p4_temp2p0_a0p25_b0p05__wd1e-04trmiss0_degmodglobal,9,0.6628833264112473,0.679667592048645,0.6222222222222222,0.708701175367842,0.6428571428571429,0.0,0.6745645850896835,0.6372652649879456,0.05828029476106167,0.22095979191362858,0.0,0.0,0.0,0.0,0.0,18473,global,0.0
4,2,lr1e-05_bs16_drop0p4_temp2p0_a0p25_b0p05__wd1e-04trmiss0_degmodglobal,16,1e-05,0.0001,0.4,2.0,0.25,0.05,lr1e-05_bs16_drop0p4_temp2p0_a0p25_b0p05__wd1e-04trmiss0_degmodglobal,10,0.6862155944108963,0.6835640668869019,0.6222222222222222,0.708701175367842,0.5714285714285714,0.0,0.6987647712230682,0.6613230258226395,0.06552599836140871,0.17022128961980343,0.0,0.0,0.0,0.0,0.0,18473,global,0.0
4,2,lr1e-05_bs16_drop0p4_temp2p0_a0p25_b0p05__wd1e-04trmiss0_degmodglobal,16,1e-05,0.0001,0.4,2.0,0.25,0.05,lr1e-05_bs16_drop0p4_temp2p0_a0p25_b0p05__wd1e-04trmiss0_degmodglobal,11,0.6671907752752304,0.6832981705665588,0.6222222222222222,0.708701175367842,0.5714285714285714,0.0,0.6742296665906906,0.6431276798248291,0.06477318704128265,0.15739578567445278,0.0,0.0,0.0,0.0,0.0,18473,global,0.0
4,2,lr1e-05_bs16_drop0p4_temp2p0_a0p25_b0p05__wd1e-04trmiss0_degmodglobal,16,1e-05,0.0001,0.4,2.0,0.25,0.05,lr1e-05_bs16_drop0p4_temp2p0_a0p25_b0p05__wd1e-04trmiss0_degmodglobal,12,0.6972722411155701,0.6793224215507507,0.6222222222222222,0.708701175367842,0.5714285714285714,0.0,0.6811511516571045,0.6783199608325958,0.04904667101800442,0.13381226174533367,0.0,0.0,0.0,0.0,0.0,18473,global,0.0
4,2,lr1e-05_bs16_drop0p4_temp2p0_a0p25_b0p05__wd1e-04trmiss0_degmodglobal,16,1e-05,0.0001,0.4,2.0,0.25,0.05,lr1e-05_bs16_drop0p4_temp2p0_a0p25_b0p05__wd1e-04trmiss0_degmodglobal,13,0.6838536113500595,0.6783384680747986,0.6222222222222222,0.708701175367842,0.5714285714285714,0.0,0.670438677072525,0.6611203253269196,0.06120444368571043,0.1486434619873762,0.0,0.0,0.0,0.0,0.0,18473,global,0.0
4,2,lr1e-05_bs16_drop0p4_temp2p0_a0p25_b0p05__wd1e-04trmiss0_degmodglobal,16,1e-05,0.0001,0.4,2.0,0.25,0.05,lr1e-05_bs16_drop0p4_temp2p0_a0p25_b0p05__wd1e-04trmiss0_degmodglobal,14,0.6957629024982452,0.677223265171051,0.6222222222222222,0.708701175367842,0.6428571428571429,0.0,0.6749398112297058,0.6776210069656372,0.048478671349585056,0.12044437974691391,0.0,0.0,0.0,0.0,0.0,18473,global,0.0
4,2,lr1e-05_bs16_drop0p4_temp2p0_a0p25_b0p05__wd1e-04trmiss0_degmodglobal,16,1e-05,0.0001,0.4,2.0,0.25,0.05,lr1e-05_bs16_drop0p4_temp2p0_a0p25_b0p05__wd1e-04trmiss0_degmodglobal,15,0.6823845207691193,0.6815717816352844,0.6222222222222222,0.708701175367842,0.5714285714285714,0.0,0.6820939481258392,0.6661624014377594,0.04399745352566242,0.10445510968565941,0.0,0.0,0.0,0.0,0.0,18473,global,0.0
4,2,lr1e-05_bs16_drop0p4_temp2p0_a0p25_b0p05__wd1e-04trmiss0_degmodglobal,16,1e-05,0.0001,0.4,2.0,0.25,0.05,lr1e-05_bs16_drop0p4_temp2p0_a0p25_b0p05__wd1e-04trmiss0_degmodglobal,16,0.6591050177812576,0.6842218041419983,0.6222222222222222,0.708701175367842,0.5714285714285714,0.0,0.6653973609209061,0.6383348703384399,0.05705906357616186,0.13010751083493233,0.0,0.0,0.0,0.0,0.0,18473,global,0.0
4,2,lr1e-05_bs16_drop0p4_temp2p0_a0p25_b0p05__wd1e-04trmiss0_degmodglobal,16,1e-05,0.0001,0.4,2.0,0.25,0.05,lr1e-05_bs16_drop0p4_temp2p0_a0p25_b0p05__wd1e-04trmiss0_degmodglobal,17,0.6541053503751755,0.6840146780014038,0.6444444444444444,0.7219286885953553,0.5714285714285714,0.0,0.6760862618684769,0.6316183060407639,0.05191743467003107,0.19015379715710878,0.0,0.0,0.0,0.0,0.0,18473,global,0.0
4,2,lr1e-05_bs16_drop0p4_temp2p0_a0p25_b0p05__wd1e-04trmiss0_degmodglobal,16,1e-05,0.0001,0.4,2.0,0.25,0.05,lr1e-05_bs16_drop0p4_temp2p0_a0p25_b0p05__wd1e-04trmiss0_degmodglobal,18,0.6805565655231476,0.687274694442749,0.6444444444444444,0.7219286885953553,0.5714285714285714,0.0,0.6665248274803162,0.6633864790201187,0.049316602759063244,0.09681861754506826,0.0,0.0,0.0,0.0,0.0,18473,global,0.0
4,2,lr1e-05_bs16_drop0p4_temp2p0_a0p25_b0p05__wd1e-04trmiss0_degmodglobal,16,1e-05,0.0001,0.4,2.0,0.25,0.05,lr1e-05_bs16_drop0p4_temp2p0_a0p25_b0p05__wd1e-04trmiss0_degmodglobal,19,0.6548778861761093,0.6855928301811218,0.6444444444444444,0.7219286885953553,0.5714285714285714,0.0,0.6732373684644699,0.6311275064945221,0.06338828336447477,0.15806564688682556,0.0,0.0,0.0,0.0,0.0,18473,global,0.0
4,2,lr1e-05_bs16_drop0p4_temp2p0_a0p25_b0p05__wd1e-04trmiss0_degmodglobal,16,1e-05,0.0001,0.4,2.0,0.25,0.05,lr1e-05_bs16_drop0p4_temp2p0_a0p25_b0p05__wd1e-04trmiss0_degmodglobal,20,0.633022278547287,0.6841822862625122,0.6444444444444444,0.7219286885953553,0.5714285714285714,0.0,0.6372555196285248,0.6166675388813019,0.04500738577917218,0.10205754917114973,0.0,0.0,0.0,0.0,0.0,18473,global,0.0
4,2,lr1e-05_bs16_drop0p4_temp2p0_a0p25_b0p05__wd1e-04trmiss0_degmodglobal,16,1e-05,0.0001,0.4,2.0,0.25,0.05,lr1e-05_bs16_drop0p4_temp2p0_a0p25_b0p05__wd1e-04trmiss0_degmodglobal,21,0.6294404417276382,0.6922665238380432,0.5777777777777777,0.6945646945646946,0.5714285714285714,0.0,0.6693072021007538,0.6112822741270065,0.05046101659536362,0.11085826065391302,0.0,0.0,0.0,0.0,0.0,18473,global,0.0
4,2,lr1e-05_bs16_drop0p4_temp2p0_a0p25_b0p05__wd1e-04trmiss0_degmodglobal,16,1e-05,0.0001,0.4,2.0,0.25,0.05,lr1e-05_bs16_drop0p4_temp2p0_a0p25_b0p05__wd1e-04trmiss0_degmodglobal,22,0.6662309318780899,0.6881789565086365,0.6,0.7077922077922079,0.5714285714285714,0.0,0.6545457988977432,0.649275615811348,0.045935943722724915,0.10942646488547325,0.0,0.0,0.0,0.0,0.0,18473,global,0.0
4,2,lr1e-05_bs16_drop0p4_temp2p0_a0p25_b0p05__wd1e-04trmiss0_degmodglobal,16,1e-05,0.0001,0.4,2.0,0.25,0.05,lr1e-05_bs16_drop0p4_temp2p0_a0p25_b0p05__wd1e-04trmiss0_degmodglobal,23,0.6427682489156723,0.6903124451637268,0.6,0.7077922077922079,0.5714285714285714,0.0,0.6497769951820374,0.6164094507694244,0.062428456731140614,0.21503329277038574,0.0,0.0,0.0,0.0,0.0,18473,global,0.0
4,2,lr1e-05_bs16_drop0p4_temp2p0_a0p25_b0p05__wd1e-04trmiss0_degmodglobal,16,1e-05,0.0001,0.4,2.0,0.25,0.05,lr1e-05_bs16_drop0p4_temp2p0_a0p25_b0p05__wd1e-04trmiss0_degmodglobal,24,0.6565324366092682,0.692817747592926,0.6,0.7077922077922079,0.5714285714285714,0.0,0.6460435390472412,0.6350969076156616,0.055485548451542854,0.15128308907151222,0.0,0.0,0.0,0.0,0.0,18473,global,0.0
4,2,lr1e-05_bs16_drop0p4_temp2p0_a0p25_b0p05__wd1e-04trmiss0_degmodglobal,16,1e-05,0.0001,0.4,2.0,0.25,0.05,lr1e-05_bs16_drop0p4_temp2p0_a0p25_b0p05__wd1e-04trmiss0_degmodglobal,25,0.6084306985139847,0.6914852857589722,0.6,0.7077922077922079,0.5714285714285714,0.0,0.6399052888154984,0.5886465311050415,0.05740224849432707,0.10867186821997166,0.0,0.0,0.0,0.0,0.0,18473,global,0.0
4,2,lr1e-05_bs16_drop0p4_temp2p0_a0p25_b0p05__wd1e-04trmiss0_degmodglobal,16,1e-05,0.0001,0.4,2.0,0.25,0.05,lr1e-05_bs16_drop0p4_temp2p0_a0p25_b0p05__wd1e-04trmiss0_degmodglobal,26,0.6682989150285721,0.6912515163421631,0.6,0.7077922077922079,0.5714285714285714,0.0,0.6267829090356827,0.6501005589962006,0.05173151195049286,0.10530984587967396,0.0,0.0,0.0,0.0,0.0,18473,global,0.0
4,2,lr1e-05_bs16_drop0p4_temp2p0_a0p25_b0p05__wd1e-04trmiss0_degmodglobal,16,1e-05,0.0001,0.4,2.0,0.25,0.05,lr1e-05_bs16_drop0p4_temp2p0_a0p25_b0p05__wd1e-04trmiss0_degmodglobal,27,0.6341572999954224,0.6901047825813293,0.6,0.7077922077922079,0.5714285714285714,0.0,0.6339280307292938,0.6161952018737793,0.051530891098082066,0.10158771928399801,0.0,0.0,0.0,0.0,0.0,18473,global,0.0
4,2,lr1e-05_bs16_drop0p4_temp2p0_a0p25_b0p05__wd1e-04trmiss0_degmodglobal,16,1e-05,0.0001,0.4,2.0,0.25,0.05,lr1e-05_bs16_drop0p4_temp2p0_a0p25_b0p05__wd1e-04trmiss0_degmodglobal,28,0.6656303554773331,0.6898854374885559,0.6,0.7077922077922079,0.5714285714285714,0.0,0.6457889974117279,0.6443926393985748,0.05563678592443466,0.14657042920589447,0.0,0.0,0.0,0.0,0.0,18473,global,0.0
4,2,lr1e-05_bs16_drop0p4_temp2p0_a0p25_b0p05__wd1e-04trmiss0_degmodglobal,16,1e-05,0.0001,0.4,2.0,0.25,0.05,lr1e-05_bs16_drop0p4_temp2p0_a0p25_b0p05__wd1e-04trmiss0_degmodglobal,29,0.6744800060987473,0.689039945602417,0.6,0.7077922077922079,0.5714285714285714,0.0,0.6270829141139984,0.6482827961444855,0.06568855326622725,0.19550108537077904,0.0,0.0,0.0,0.0,0.0,18473,global,0.0
4,2,lr1e-05_bs16_drop0p4_temp2p0_a0p25_b0p05__wd1e-04trmiss0_degmodglobal,16,1e-05,0.0001,0.4,2.0,0.25,0.05,lr1e-05_bs16_drop0p4_temp2p0_a0p25_b0p05__wd1e-04trmiss0_degmodglobal,30,0.6618121266365051,0.6877171993255615,0.6,0.7077922077922079,0.5714285714285714,0.0,0.622379869222641,0.6428227126598358,0.045002893544733524,0.15477401949465275,0.0,0.0,0.0,0.0,0.0,18473,global,0.0
4,2,lr1e-05_bs16_drop0p4_temp2p0_a0p25_b0p05__wd1e-04trmiss0_degmodglobal,16,1e-05,0.0001,0.4,2.0,0.25,0.05,lr1e-05_bs16_drop0p4_temp2p0_a0p25_b0p05__wd1e-04trmiss0_degmodglobal,31,0.6549084782600403,0.6892862915992737,0.6,0.7077922077922079,0.5714285714285714,0.0,0.6636901497840881,0.6328452974557877,0.059244575910270214,0.14504099544137716,0.0,0.0,0.0,0.0,0.0,18473,global,0.0
4,2,lr1e-05_bs16_drop0p4_temp2p0_a0p25_b0p05__wd1e-04trmiss0_degmodglobal,16,1e-05,0.0001,0.4,2.0,0.25,0.05,lr1e-05_bs16_drop0p4_temp2p0_a0p25_b0p05__wd1e-04trmiss0_degmodglobal,32,0.6721406579017639,0.6869223117828369,0.6222222222222222,0.7132867132867133,0.5714285714285714,0.0,0.6450974643230438,0.6467380374670029,0.0677854111418128,0.1691254861652851,0.0,0.0,0.0,0.0,0.0,18473,global,0.0
4,2,lr1e-05_bs16_drop0p4_temp2p0_a0p25_b0p05__wd1e-04trmiss0_degmodglobal,16,1e-05,0.0001,0.4,2.0,0.25,0.05,lr1e-05_bs16_drop0p4_temp2p0_a0p25_b0p05__wd1e-04trmiss0_degmodglobal,33,0.6875492483377457,0.6872021555900574,0.6222222222222222,0.7132867132867133,0.5714285714285714,0.0,0.6082351058721542,0.649739995598793,0.09646278619766235,0.2738710604608059,0.0,0.0,0.0,0.0,0.0,18473,global,0.0
4,2,lr1e-05_bs16_drop0p4_temp2p0_a0p25_b0p05__wd1e-04trmiss0_degmodglobal,16,1e-05,0.0001,0.4,2.0,0.25,0.05,lr1e-05_bs16_drop0p4_temp2p0_a0p25_b0p05__wd1e-04trmiss0_degmodglobal,34,0.6290672719478607,0.6902701258659363,0.6,0.7077922077922079,0.5714285714285714,0.0,0.6369038671255112,0.6088499128818512,0.05646603461354971,0.1220169048756361,0.0,0.0,0.0,0.0,0.0,18473,global,0.0
4,2,lr1e-05_bs16_drop0p4_temp2p0_a0p25_b0p05__wd1e-04trmiss0_degmodglobal,16,1e-05,0.0001,0.4,2.0,0.25,0.05,lr1e-05_bs16_drop0p4_temp2p0_a0p25_b0p05__wd1e-04trmiss0_degmodglobal,35,0.642716720700264,0.6937481164932251,0.6,0.7077922077922079,0.5714285714285714,0.0,0.6278378218412399,0.6170299798250198,0.06694603338837624,0.17900437116622925,0.0,0.0,0.0,0.0,0.0,18473,global,0.0
4,2,lr1e-05_bs16_drop0p4_temp2p0_a0p25_b0p05__wd1e-04trmiss0_degmodglobal,16,1e-05,0.0001,0.4,2.0,0.25,0.05,lr1e-05_bs16_drop0p4_temp2p0_a0p25_b0p05__wd1e-04trmiss0_degmodglobal,36,0.6348064988851547,0.691267192363739,0.6,0.7077922077922079,0.5714285714285714,0.0,0.6268342584371567,0.6103203147649765,0.06719603016972542,0.15374344401061535,0.0,0.0,0.0,0.0,0.0,18473,global,0.0
4,2,lr1e-05_bs16_drop0p4_temp2p0_a0p25_b0p05__wd1e-04trmiss0_degmodglobal,16,1e-05,0.0001,0.4,2.0,0.25,0.05,lr1e-05_bs16_drop0p4_temp2p0_a0p25_b0p05__wd1e-04trmiss0_degmodglobal,37,0.6746581047773361,0.690153956413269,0.6,0.7077922077922079,0.5714285714285714,0.0,0.6468984484672546,0.6463479995727539,0.07047865632921457,0.21380877867341042,0.0,0.0,0.0,0.0,0.0,18473,global,0.0
4,3,lr1e-04_bs8_drop0p2_temp1p0_a0p25_b0p05__wd1e-04trmiss0_degmodglobal,8,0.0001,0.0001,0.2,1.0,0.25,0.05,lr1e-04_bs8_drop0p2_temp1p0_a0p25_b0p05__wd1e-04trmiss0_degmodglobal,1,0.7031893474715096,0.8175517320632935,0.475,0.642548076923077,0.46153846153846156,0.0,0.703029215335846,0.6933669447898865,0.026120450613754138,0.0658457763493061,0.0,0.0,0.0,0.0,0.0,18473,global,0.0
4,3,lr1e-04_bs8_drop0p2_temp1p0_a0p25_b0p05__wd1e-04trmiss0_degmodglobal,8,0.0001,0.0001,0.2,1.0,0.25,0.05,lr1e-04_bs8_drop0p2_temp1p0_a0p25_b0p05__wd1e-04trmiss0_degmodglobal,2,0.6819243601390294,0.8788507282733917,0.45,0.6302239427239428,0.6153846153846154,0.0,0.6439741168703351,0.669065807546888,0.03265471862895148,0.09389755449124745,0.0,0.0,0.0,0.0,0.0,18473,global,0.0
4,3,lr1e-04_bs8_drop0p2_temp1p0_a0p25_b0p05__wd1e-04trmiss0_degmodglobal,8,0.0001,0.0001,0.2,1.0,0.25,0.05,lr1e-04_bs8_drop0p2_temp1p0_a0p25_b0p05__wd1e-04trmiss0_degmodglobal,3,0.6486773235457284,0.9335228502750397,0.4,0.6659382284382285,0.46153846153846156,0.0,0.6278536490031651,0.6412992392267499,0.02084315860910075,0.043345793283411434,0.0,0.0,0.0,0.0,0.0,18473,global,0.0
4,3,lr1e-04_bs8_drop0p2_temp1p0_a0p25_b0p05__wd1e-04trmiss0_degmodglobal,8,0.0001,0.0001,0.2,1.0,0.25,0.05,lr1e-04_bs8_drop0p2_temp1p0_a0p25_b0p05__wd1e-04trmiss0_degmodglobal,4,0.6438472356115069,0.9553060531616211,0.42500000000000004,0.6270493395493396,0.5384615384615384,0.0,0.5975702617849622,0.6317572338240487,0.03243452204125268,0.07962756018553462,0.0,0.0,0.0,0.0,0.0,18473,global,0.0
4,3,lr1e-04_bs8_drop0p2_temp1p0_a0p25_b0p05__wd1e-04trmiss0_degmodglobal,8,0.0001,0.0001,0.2,1.0,0.25,0.05,lr1e-04_bs8_drop0p2_temp1p0_a0p25_b0p05__wd1e-04trmiss0_degmodglobal,5,0.6478146995816912,0.9792462587356567,0.42500000000000004,0.6270493395493396,0.5384615384615384,0.0,0.5915396468979972,0.6381500959396362,0.026710992945092066,0.05973664777619498,0.0,0.0,0.0,0.0,0.0,18473,global,0.0
4,3,lr1e-04_bs8_drop0p2_temp1p0_a0p25_b0p05__wd1e-04trmiss0_degmodglobal,8,0.0001,0.0001,0.2,1.0,0.25,0.05,lr1e-04_bs8_drop0p2_temp1p0_a0p25_b0p05__wd1e-04trmiss0_degmodglobal,6,0.6231131894247872,1.0010561048984528,0.4,0.6201048951048952,0.5384615384615384,0.0,0.5806722896439689,0.6116855229650225,0.030413316429725716,0.07648706755467824,0.0,0.0,0.0,0.0,0.0,18473,global,0.0
4,3,lr1e-04_bs8_drop0p2_temp1p0_a0p25_b0p05__wd1e-04trmiss0_degmodglobal,8,0.0001,0.0001,0.2,1.0,0.25,0.05,lr1e-04_bs8_drop0p2_temp1p0_a0p25_b0p05__wd1e-04trmiss0_degmodglobal,7,0.6003581626074654,1.0212220251560211,0.4,0.6201048951048952,0.6153846153846154,0.0,0.5554107129573822,0.5875044124467033,0.03411271369882992,0.08651147782802582,0.0,0.0,0.0,0.0,0.0,18473,global,0.0
4,3,lr1e-04_bs8_drop0p2_temp1p0_a0p25_b0p05__wd1e-04trmiss0_degmodglobal,8,0.0001,0.0001,0.2,1.0,0.25,0.05,lr1e-04_bs8_drop0p2_temp1p0_a0p25_b0p05__wd1e-04trmiss0_degmodglobal,8,0.5992098876408168,1.0050289928913116,0.45,0.6338675213675214,0.5384615384615384,0.0,0.5603892718042646,0.5879320630005428,0.03099508211016655,0.07058114159320082,0.0,0.0,0.0,0.0,0.0,18473,global,0.0
4,3,lr1e-04_bs8_drop0p2_temp1p0_a0p25_b0p05__wd1e-04trmiss0_degmodglobal,8,0.0001,0.0001,0.2,1.0,0.25,0.05,lr1e-04_bs8_drop0p2_temp1p0_a0p25_b0p05__wd1e-04trmiss0_degmodglobal,9,0.5774547031947544,1.0126563608646393,0.5,0.6537087912087913,0.5384615384615384,0.0,0.5483971323285785,0.5659780672618321,0.03325168176421097,0.06327405492109912,0.0,0.0,0.0,0.0,0.0,18473,global,0.0
4,3,lr1e-04_bs8_drop0p2_temp1p0_a0p25_b0p05__wd1e-04trmiss0_degmodglobal,8,0.0001,0.0001,0.2,1.0,0.25,0.05,lr1e-04_bs8_drop0p2_temp1p0_a0p25_b0p05__wd1e-04trmiss0_degmodglobal,10,0.575482794216701,0.9973833858966827,0.425,0.6531406093906094,0.6153846153846154,0.0,0.523667071546827,0.562138523374285,0.03726232637252126,0.08057402180773872,0.0,0.0,0.0,0.0,0.0,18473,global,0.0
4,3,lr1e-04_bs8_drop0p2_temp1p0_a0p25_b0p05__wd1e-04trmiss0_degmodglobal,8,0.0001,0.0001,0.2,1.0,0.25,0.05,lr1e-04_bs8_drop0p2_temp1p0_a0p25_b0p05__wd1e-04trmiss0_degmodglobal,11,0.5858004433768136,0.9943941831588745,0.5,0.6537087912087913,0.6153846153846154,0.0,0.5122682281902858,0.5721459473882403,0.037954072068844526,0.08331966453364917,0.0,0.0,0.0,0.0,0.0,18473,global,0.0
4,3,lr1e-04_bs8_drop0p2_temp1p0_a0p25_b0p05__wd1e-04trmiss0_degmodglobal,8,0.0001,0.0001,0.2,1.0,0.25,0.05,lr1e-04_bs8_drop0p2_temp1p0_a0p25_b0p05__wd1e-04trmiss0_degmodglobal,12,0.5994631350040436,0.971595972776413,0.55,0.6654647435897436,0.5384615384615384,0.0,0.5254389005047935,0.5818568425519126,0.045683953378881724,0.12370618964944567,0.0,0.0,0.0,0.0,0.0,18473,global,0.0
4,3,lr1e-04_bs8_drop0p2_temp1p0_a0p25_b0p05__wd1e-04trmiss0_degmodglobal,8,0.0001,0.0001,0.2,1.0,0.25,0.05,lr1e-04_bs8_drop0p2_temp1p0_a0p25_b0p05__wd1e-04trmiss0_degmodglobal,13,0.5883855479104179,0.9839446842670441,0.44999999999999996,0.6182921245421246,0.5384615384615384,0.0,0.5065168142318726,0.5714921014649528,0.04610835175429072,0.10732690723878997,0.0,0.0,0.0,0.0,0.0,18473,global,0.0
4,3,lr1e-04_bs8_drop0p2_temp1p0_a0p25_b0p05__wd1e-04trmiss0_degmodglobal,8,0.0001,0.0001,0.2,1.0,0.25,0.05,lr1e-04_bs8_drop0p2_temp1p0_a0p25_b0p05__wd1e-04trmiss0_degmodglobal,14,0.5735296010971069,0.9817769825458527,0.375,0.569807276057276,0.5384615384615384,0.0,0.5032514589173454,0.5572984303746905,0.04303084739616939,0.10946909976857049,0.0,0.0,0.0,0.0,0.0,18473,global,0.0
4,3,lr1e-04_bs8_drop0p2_temp1p0_a0p25_b0p05__wd1e-04trmiss0_degmodglobal,8,0.0001,0.0001,0.2,1.0,0.25,0.05,lr1e-04_bs8_drop0p2_temp1p0_a0p25_b0p05__wd1e-04trmiss0_degmodglobal,15,0.5817959649222237,0.9943632483482361,0.4,0.5906406093906094,0.5384615384615384,0.0,0.4947412780353001,0.5620664358139038,0.05423782606210027,0.12340163599167552,0.0,0.0,0.0,0.0,0.0,18473,global,0.0
4,3,lr1e-04_bs8_drop0p2_temp1p0_a0p25_b0p05__wd1e-04trmiss0_degmodglobal,8,0.0001,0.0001,0.2,1.0,0.25,0.05,lr1e-04_bs8_drop0p2_temp1p0_a0p25_b0p05__wd1e-04trmiss0_degmodglobal,16,0.5880778517041888,0.9579282402992249,0.375,0.569807276057276,0.5384615384615384,0.0,0.5283087917736599,0.570996812411717,0.05191316216119698,0.08205512804644448,0.0,0.0,0.0,0.0,0.0,18473,global,0.0
4,3,lr1e-04_bs8_drop0p2_temp1p0_a0p25_b0p05__wd1e-04trmiss0_degmodglobal,8,0.0001,0.0001,0.2,1.0,0.25,0.05,lr1e-04_bs8_drop0p2_temp1p0_a0p25_b0p05__wd1e-04trmiss0_degmodglobal,17,0.5934523003441947,0.9769813716411591,0.39999999999999997,0.5766254578754578,0.5384615384615384,0.0,0.5025489372866494,0.5699760232652936,0.0639703603727477,0.14967386850288936,0.0,0.0,0.0,0.0,0.0,18473,global,0.0
4,3,lr1e-04_bs8_drop0p2_temp1p0_a0p25_b0p05__wd1e-04trmiss0_degmodglobal,8,0.0001,0.0001,0.2,1.0,0.25,0.05,lr1e-04_bs8_drop0p2_temp1p0_a0p25_b0p05__wd1e-04trmiss0_degmodglobal,18,0.584241943699973,0.9865134954452515,0.42499999999999993,0.5832542457542457,0.5384615384615384,0.0,0.4919051059654781,0.5603533387184143,0.06818586907216481,0.1368427234036582,0.0,0.0,0.0,0.0,0.0,18473,global,0.0
4,3,lr1e-04_bs8_drop0p2_temp1p0_a0p25_b0p05__wd1e-04trmiss0_degmodglobal,8,0.0001,0.0001,0.2,1.0,0.25,0.05,lr1e-04_bs8_drop0p2_temp1p0_a0p25_b0p05__wd1e-04trmiss0_degmodglobal,19,0.5590748020580837,0.9493167102336884,0.44999999999999996,0.604087579087579,0.5384615384615384,0.0,0.48489254287311007,0.5428982121603829,0.04850655022476401,0.08099894332034248,0.0,0.0,0.0,0.0,0.0,18473,global,0.0
4,3,lr1e-04_bs8_drop0p2_temp1p0_a0p25_b0p05__wd1e-04trmiss0_degmodglobal,8,0.0001,0.0001,0.2,1.0,0.25,0.05,lr1e-04_bs8_drop0p2_temp1p0_a0p25_b0p05__wd1e-04trmiss0_degmodglobal,20,0.6043078133038112,0.9581985771656036,0.55,0.6599587912087912,0.6153846153846154,0.0,0.5169859571116311,0.587005112852369,0.04935607633420399,0.09927387003387723,0.0,0.0,0.0,0.0,0.0,18473,global,0.0
4,3,lr1e-04_bs8_drop0p2_temp1p0_a0p25_b0p05__wd1e-04trmiss0_degmodglobal,8,0.0001,0.0001,0.2,1.0,0.25,0.05,lr1e-04_bs8_drop0p2_temp1p0_a0p25_b0p05__wd1e-04trmiss0_degmodglobal,21,0.5723329527037484,0.9405982494354248,0.6,0.6915064102564102,0.6153846153846154,0.0,0.5070628694125584,0.5600905929292951,0.03185414682541575,0.08557650393673352,0.0,0.0,0.0,0.0,0.0,18473,global,0.0
4,3,lr1e-04_bs8_drop0p2_temp1p0_a0p25_b0p05__wd1e-04trmiss0_degmodglobal,8,0.0001,0.0001,0.2,1.0,0.25,0.05,lr1e-04_bs8_drop0p2_temp1p0_a0p25_b0p05__wd1e-04trmiss0_degmodglobal,22,0.5789901529039655,0.9405415058135986,0.575,0.6766254578754579,0.6153846153846154,0.0,0.5157153521265302,0.563997106892722,0.042081247216888835,0.08945481958133834,0.0,0.0,0.0,0.0,0.0,18473,global,0.0
4,3,lr1e-04_bs8_drop0p2_temp1p0_a0p25_b0p05__wd1e-04trmiss0_degmodglobal,8,0.0001,0.0001,0.2,1.0,0.25,0.05,lr1e-04_bs8_drop0p2_temp1p0_a0p25_b0p05__wd1e-04trmiss0_degmodglobal,23,0.5810985309737069,0.9445228576660156,0.575,0.6766254578754579,0.6153846153846154,0.0,0.4693372803074973,0.5557967339243207,0.0673888245863574,0.16909195269857133,0.0,0.0,0.0,0.0,0.0,18473,global,0.0
4,3,lr1e-04_bs8_drop0p2_temp1p0_a0p25_b0p05__wd1e-04trmiss0_degmodglobal,8,0.0001,0.0001,0.2,1.0,0.25,0.05,lr1e-04_bs8_drop0p2_temp1p0_a0p25_b0p05__wd1e-04trmiss0_degmodglobal,24,0.59588423371315,0.9477249979972839,0.6,0.6915064102564102,0.6153846153846154,0.0,0.4786205930369241,0.5665404328278133,0.07824410232050079,0.19565550770078385,0.0,0.0,0.0,0.0,0.0,18473,global,0.0
4,3,lr1e-04_bs8_drop0p2_temp1p0_a0p25_b0p05__wd1e-04trmiss0_degmodglobal,8,0.0001,0.0001,0.2,1.0,0.25,0.05,lr1e-04_bs8_drop0p2_temp1p0_a0p25_b0p05__wd1e-04trmiss0_degmodglobal,25,0.5904447606631688,0.9249954521656036,0.575,0.6766254578754579,0.6153846153846154,0.0,0.4738020471164158,0.559255736214774,0.08925991505384445,0.17748076149395534,0.0,0.0,0.0,0.0,0.0,18473,global,0.0
4,3,lr1e-04_bs8_drop0p2_temp1p0_a0p25_b0p05__wd1e-04trmiss0_degmodglobal,8,0.0001,0.0001,0.2,1.0,0.25,0.05,lr1e-04_bs8_drop0p2_temp1p0_a0p25_b0p05__wd1e-04trmiss0_degmodglobal,26,0.5776903842176709,0.9151065051555634,0.575,0.6766254578754579,0.6153846153846154,0.0,0.4773813102926527,0.553826664175306,0.06615775557500976,0.14648558731589997,0.0,0.0,0.0,0.0,0.0,18473,global,0.0
4,3,lr1e-04_bs8_drop0p2_temp1p0_a0p25_b0p05__wd1e-04trmiss0_degmodglobal,8,0.0001,0.0001,0.2,1.0,0.25,0.05,lr1e-04_bs8_drop0p2_temp1p0_a0p25_b0p05__wd1e-04trmiss0_degmodglobal,27,0.5616418889590672,0.92783984541893,0.575,0.6766254578754579,0.6153846153846154,0.0,0.4665996517453875,0.5376051153455462,0.06924276080514703,0.134521643232022,0.0,0.0,0.0,0.0,0.0,18473,global,0.0
4,3,lr1e-04_bs8_drop0p2_temp1p0_a0p25_b0p05__wd1e-04trmiss0_degmodglobal,8,0.0001,0.0001,0.2,1.0,0.25,0.05,lr1e-04_bs8_drop0p2_temp1p0_a0p25_b0p05__wd1e-04trmiss0_degmodglobal,28,0.5581075463976178,0.9272210896015167,0.6,0.6915064102564102,0.6153846153846154,0.0,0.4721830827849252,0.5320046629224505,0.0706692561507225,0.16871140152215958,0.0,0.0,0.0,0.0,0.0,18473,global,0.0
4,3,lr1e-04_bs8_drop0p2_temp1p0_a0p25_b0p05__wd1e-04trmiss0_degmodglobal,8,0.0001,0.0001,0.2,1.0,0.25,0.05,lr1e-04_bs8_drop0p2_temp1p0_a0p25_b0p05__wd1e-04trmiss0_degmodglobal,29,0.570469890322004,0.9764828979969025,0.575,0.6766254578754579,0.6153846153846154,0.0,0.47776257566043306,0.5511516673224313,0.051509049854108264,0.12881918783698762,0.0,0.0,0.0,0.0,0.0,18473,global,0.0
4,3,lr1e-04_bs8_drop0p2_temp1p0_a0p25_b0p05__wd1e-04trmiss0_degmodglobal,8,0.0001,0.0001,0.2,1.0,0.25,0.05,lr1e-04_bs8_drop0p2_temp1p0_a0p25_b0p05__wd1e-04trmiss0_degmodglobal,30,0.5650315455027989,0.944648265838623,0.6,0.6915064102564102,0.6153846153846154,0.0,0.45225844212940763,0.5407380206244332,0.06829229795507022,0.1444091381771224,0.0,0.0,0.0,0.0,0.0,18473,global,0.0
4,3,lr1e-04_bs8_drop0p2_temp1p0_a0p25_b0p05__wd1e-04trmiss0_degmodglobal,8,0.0001,0.0001,0.2,1.0,0.25,0.05,lr1e-04_bs8_drop0p2_temp1p0_a0p25_b0p05__wd1e-04trmiss0_degmodglobal,31,0.5552099517413548,0.9501778781414032,0.575,0.6766254578754579,0.6153846153846154,0.0,0.46980186871119906,0.5365528166294098,0.05635304642575128,0.09137759623782975,0.0,0.0,0.0,0.0,0.0,18473,global,0.0
4,3,lr1e-04_bs8_drop0p2_temp1p0_a0p25_b0p05__wd1e-04trmiss0_degmodglobal,8,0.0001,0.0001,0.2,1.0,0.25,0.05,lr1e-04_bs8_drop0p2_temp1p0_a0p25_b0p05__wd1e-04trmiss0_degmodglobal,32,0.5559454304831368,0.9521339237689972,0.575,0.6766254578754579,0.6153846153846154,0.0,0.44379852073533194,0.5334930888244084,0.06137327424117497,0.14218044174568994,0.0,0.0,0.0,0.0,0.0,18473,global,0.0
4,3,lr1e-04_bs8_drop0p2_temp1p0_a0p25_b0p05__wd1e-04trmiss0_degmodglobal,8,0.0001,0.0001,0.2,1.0,0.25,0.05,lr1e-04_bs8_drop0p2_temp1p0_a0p25_b0p05__wd1e-04trmiss0_degmodglobal,33,0.5701345205307007,0.9578694701194763,0.575,0.6766254578754579,0.6153846153846154,0.0,0.47767336879457745,0.5477053948811123,0.060579726206404824,0.1456841698714665,0.0,0.0,0.0,0.0,0.0,18473,global,0.0
4,3,lr1e-04_bs8_drop0p2_temp1p0_a0p25_b0p05__wd1e-04trmiss0_degmodglobal,8,0.0001,0.0001,0.2,1.0,0.25,0.05,lr1e-04_bs8_drop0p2_temp1p0_a0p25_b0p05__wd1e-04trmiss0_degmodglobal,34,0.5592568005834307,0.9563997089862823,0.6,0.6915064102564102,0.6153846153846154,0.0,0.43135791591235567,0.5297390350273677,0.07931973944817271,0.19375693372317723,0.0,0.0,0.0,0.0,0.0,18473,global,0.0
4,3,lr1e-04_bs8_drop0p2_temp1p0_a0p25_b0p05__wd1e-04trmiss0_degmodglobal,8,0.0001,0.0001,0.2,1.0,0.25,0.05,lr1e-04_bs8_drop0p2_temp1p0_a0p25_b0p05__wd1e-04trmiss0_degmodglobal,35,0.5745096717561994,0.9744749963283539,0.6,0.6915064102564102,0.6153846153846154,0.0,0.483622955424445,0.552118216242109,0.06363350844808988,0.12966174046908105,0.0,0.0,0.0,0.0,0.0,18473,global,0.0
4,3,lr1e-04_bs8_drop0p2_temp1p0_a0p25_b0p05__wd1e-04trmiss0_degmodglobal,8,0.0001,0.0001,0.2,1.0,0.25,0.05,lr1e-04_bs8_drop0p2_temp1p0_a0p25_b0p05__wd1e-04trmiss0_degmodglobal,36,0.5745579089437213,0.9573121666908264,0.6,0.6915064102564102,0.6153846153846154,0.0,0.44943967887333464,0.5495260868753705,0.06915263938052314,0.1548733918794564,0.0,0.0,0.0,0.0,0.0,18473,global,0.0
4,3,lr1e-04_bs8_drop0p2_temp1p0_a0p25_b0p05__wd1e-04trmiss0_degmodglobal,8,0.0001,0.0001,0.2,1.0,0.25,0.05,lr1e-04_bs8_drop0p2_temp1p0_a0p25_b0p05__wd1e-04trmiss0_degmodglobal,37,0.5633056674684797,0.9758247435092926,0.6,0.6915064102564102,0.6153846153846154,0.0,0.4576305491583688,0.5417637995311192,0.059874149837664196,0.13146665266581944,0.0,0.0,0.0,0.0,0.0,18473,global,0.0
4,3,lr1e-04_bs8_drop0p2_temp1p0_a0p25_b0p05__wd1e-04trmiss0_degmodglobal,8,0.0001,0.0001,0.2,1.0,0.25,0.05,lr1e-04_bs8_drop0p2_temp1p0_a0p25_b0p05__wd1e-04trmiss0_degmodglobal,38,0.5606492587498256,0.943924754858017,0.575,0.6835518648018648,0.6153846153846154,0.0,0.43092805572918486,0.5270483110632215,0.09442562450255666,0.1998907114778246,0.0,0.0,0.0,0.0,0.0,18473,global,0.0
4,3,lr1e-04_bs8_drop0p2_temp1p0_a0p25_b0p05__wd1e-04trmiss0_degmodglobal,8,0.0001,0.0001,0.2,1.0,0.25,0.05,lr1e-04_bs8_drop0p2_temp1p0_a0p25_b0p05__wd1e-04trmiss0_degmodglobal,39,0.583854079246521,0.9284929633140564,0.6,0.6915064102564102,0.6153846153846154,0.0,0.46344073329653057,0.5526608228683472,0.08142810048801559,0.21672448090144567,0.0,0.0,0.0,0.0,0.0,18473,global,0.0
4,3,lr1e-04_bs8_drop0p2_temp1p0_a0p25_b0p05__wd1e-04trmiss0_degmodglobal,8,0.0001,0.0001,0.2,1.0,0.25,0.05,lr1e-04_bs8_drop0p2_temp1p0_a0p25_b0p05__wd1e-04trmiss0_degmodglobal,40,0.5811058793749128,0.9439962804317474,0.6,0.6915064102564102,0.6153846153846154,0.0,0.4453866481781006,0.5513516196182796,0.07517471111246518,0.21921189661536897,0.0,0.0,0.0,0.0,0.0,18473,global,0.0
4,3,lr1e-04_bs8_drop0p2_temp1p0_a0p25_b0p05__wd1e-04trmiss0_degmodglobal,8,0.0001,0.0001,0.2,1.0,0.25,0.05,lr1e-04_bs8_drop0p2_temp1p0_a0p25_b0p05__wd1e-04trmiss0_degmodglobal,41,0.5595491187913078,0.9455803036689758,0.6,0.6915064102564102,0.6153846153846154,0.0,0.438780950648444,0.5241110495158604,0.09875962138175964,0.21496331159557616,0.0,0.0,0.0,0.0,0.0,18473,global,0.0
4,3,lr1e-04_bs8_drop0p2_temp1p0_a0p25_b0p05__wd1e-04trmiss0_degmodglobal,8,0.0001,0.0001,0.2,1.0,0.25,0.05,lr1e-04_bs8_drop0p2_temp1p0_a0p25_b0p05__wd1e-04trmiss0_degmodglobal,42,0.5517112868172782,0.9512838423252106,0.6,0.6915064102564102,0.6153846153846154,0.0,0.4202698767185211,0.5161687646593366,0.09673692658543587,0.22716556010501726,0.0,0.0,0.0,0.0,0.0,18473,global,0.0
4,3,lr1e-04_bs8_drop0p2_temp1p0_a0p25_b0p05__wd1e-04trmiss0_degmodglobal,8,0.0001,0.0001,0.2,1.0,0.25,0.05,lr1e-04_bs8_drop0p2_temp1p0_a0p25_b0p05__wd1e-04trmiss0_degmodglobal,43,0.5505041778087616,0.9434117376804352,0.6,0.6915064102564102,0.6153846153846154,0.0,0.44075511183057514,0.5221438322748456,0.07640028265970093,0.18520561126726015,0.0,0.0,0.0,0.0,0.0,18473,global,0.0
4,3,lr1e-04_bs8_drop0p2_temp1p0_a0p25_b0p05__wd1e-04trmiss0_degmodglobal,8,0.0001,0.0001,0.2,1.0,0.25,0.05,lr1e-04_bs8_drop0p2_temp1p0_a0p25_b0p05__wd1e-04trmiss0_degmodglobal,44,0.567720753805978,0.9819882810115814,0.6,0.6915064102564102,0.6153846153846154,0.0,0.40714686683246065,0.5285902874810355,0.10380878618785314,0.2635651912008013,0.0,0.0,0.0,0.0,0.0,18473,global,0.0
4,3,lr1e-04_bs8_drop0p2_temp1p0_a0p25_b0p05__wd1e-04trmiss0_degmodglobal,8,0.0001,0.0001,0.2,1.0,0.25,0.05,lr1e-04_bs8_drop0p2_temp1p0_a0p25_b0p05__wd1e-04trmiss0_degmodglobal,45,0.5533466594559806,0.9531413614749908,0.6,0.6915064102564102,0.6153846153846154,0.0,0.4171793631144932,0.5257693912301745,0.07195974992854255,0.19174685861383164,0.0,0.0,0.0,0.0,0.0,18473,global,0.0
4,3,lr1e-04_bs8_drop0p2_temp1p0_a0p25_b0p05__wd1e-04trmiss0_degmodglobal,8,0.0001,0.0001,0.2,1.0,0.25,0.05,lr1e-04_bs8_drop0p2_temp1p0_a0p25_b0p05__wd1e-04trmiss0_degmodglobal,46,0.5866084865161351,0.9187138378620148,0.6,0.6915064102564102,0.6153846153846154,0.0,0.44083512255123686,0.5466387867927551,0.10723321299467768,0.2632280471069472,0.0,0.0,0.0,0.0,0.0,18473,global,0.0
4,3,lr1e-04_bs8_drop0p2_temp1p0_a0p25_b0p05__wd1e-04trmiss0_degmodglobal,8,0.0001,0.0001,0.2,1.0,0.25,0.05,lr1e-04_bs8_drop0p2_temp1p0_a0p25_b0p05__wd1e-04trmiss0_degmodglobal,47,0.5345346672194344,0.941344290971756,0.6,0.6915064102564102,0.6153846153846154,0.0,0.40666756885392324,0.5071642994880676,0.07637200451322965,0.16554723147835051,0.0,0.0,0.0,0.0,0.0,18473,global,0.0
4,3,lr1e-04_bs8_drop0p2_temp1p0_a0p25_b0p05__wd1e-04trmiss0_degmodglobal,8,0.0001,0.0001,0.2,1.0,0.25,0.05,lr1e-04_bs8_drop0p2_temp1p0_a0p25_b0p05__wd1e-04trmiss0_degmodglobal,48,0.559179025036948,0.9486302435398102,0.6,0.6915064102564102,0.6153846153846154,0.0,0.40635114908218384,0.5157311473573957,0.12077700666018895,0.2650728513087545,0.0,0.0,0.0,0.0,0.0,18473,global,0.0
4,3,lr1e-04_bs8_drop0p2_temp1p0_a0p25_b0p05__wd1e-04trmiss0_degmodglobal,8,0.0001,0.0001,0.2,1.0,0.25,0.05,lr1e-04_bs8_drop0p2_temp1p0_a0p25_b0p05__wd1e-04trmiss0_degmodglobal,49,0.565606381211962,0.9384052157402039,0.6,0.6915064102564102,0.6153846153846154,0.0,0.4453846258776529,0.5389566378934043,0.07100313103624753,0.17797937616705894,0.0,0.0,0.0,0.0,0.0,18473,global,0.0
4,3,lr1e-04_bs8_drop0p2_temp1p0_a0p25_b0p05__wd1e-04trmiss0_degmodglobal,8,0.0001,0.0001,0.2,1.0,0.25,0.05,lr1e-04_bs8_drop0p2_temp1p0_a0p25_b0p05__wd1e-04trmiss0_degmodglobal,50,0.553728027003152,0.9565319716930389,0.6,0.6915064102564102,0.6153846153846154,0.0,0.39522733858653475,0.5173948322023664,0.09841421140091759,0.23459278685706003,0.0,0.0,0.0,0.0,0.0,18473,global,0.0
4,3,lr1e-04_bs8_drop0p2_temp1p0_a0p25_b0p05__wd1e-04trmiss0_degmodglobal,8,0.0001,0.0001,0.2,1.0,0.25,0.05,lr1e-04_bs8_drop0p2_temp1p0_a0p25_b0p05__wd1e-04trmiss0_degmodglobal,51,0.5575203725269863,0.9286979138851166,0.6,0.6915064102564102,0.6153846153846154,0.0,0.4017382987907955,0.5152610412665776,0.11274473369121552,0.2814628907612392,0.0,0.0,0.0,0.0,0.0,18473,global,0.0
4,3,lr1e-04_bs8_drop0p2_temp1p0_a0p25_b0p05__wd1e-04trmiss0_degmodglobal,8,0.0001,0.0001,0.2,1.0,0.25,0.05,lr1e-04_bs8_drop0p2_temp1p0_a0p25_b0p05__wd1e-04trmiss0_degmodglobal,52,0.5626070414270673,0.949737012386322,0.6,0.6915064102564102,0.6153846153846154,0.0,0.40682259627750944,0.5263665999685015,0.0962618360561984,0.2434994259050914,0.0,0.0,0.0,0.0,0.0,18473,global,0.0
4,3,lr1e-04_bs8_drop0p2_temp1p0_a0p25_b0p05__wd1e-04trmiss0_degmodglobal,8,0.0001,0.0001,0.2,1.0,0.25,0.05,lr1e-04_bs8_drop0p2_temp1p0_a0p25_b0p05__wd1e-04trmiss0_degmodglobal,53,0.5472390396254403,0.9415760636329651,0.6,0.6915064102564102,0.6153846153846154,0.0,0.3890975756304605,0.5109859704971313,0.09795802565557617,0.23527136657919204,0.0,0.0,0.0,0.0,0.0,18473,global,0.0
4,3,lr1e-04_bs8_drop0p2_temp1p0_a0p25_b0p05__wd1e-04trmiss0_degmodglobal,8,0.0001,0.0001,0.2,1.0,0.25,0.05,lr1e-04_bs8_drop0p2_temp1p0_a0p25_b0p05__wd1e-04trmiss0_degmodglobal,54,0.5785768755844661,0.9302165508270264,0.6,0.6915064102564102,0.6153846153846154,0.0,0.40738743969372343,0.5337867864540645,0.11620436236262321,0.3147800990513393,0.0,0.0,0.0,0.0,0.0,18473,global,0.0
4,3,lr1e-04_bs8_drop0p2_temp1p0_a0p25_b0p05__wd1e-04trmiss0_degmodglobal,8,0.0001,0.0001,0.2,1.0,0.25,0.05,lr1e-04_bs8_drop0p2_temp1p0_a0p25_b0p05__wd1e-04trmiss0_degmodglobal,55,0.5425266027450562,0.9377956688404083,0.625,0.701923076923077,0.6153846153846154,0.0,0.39835475598062786,0.5063551068305969,0.09559132903814316,0.2454727930682046,0.0,0.0,0.0,0.0,0.0,18473,global,0.0
4,3,lr1e-04_bs8_drop0p2_temp1p0_a0p25_b0p05__wd1e-04trmiss0_degmodglobal,8,0.0001,0.0001,0.2,1.0,0.25,0.05,lr1e-04_bs8_drop0p2_temp1p0_a0p25_b0p05__wd1e-04trmiss0_degmodglobal,56,0.5598532472337995,0.9332335889339447,0.6,0.6915064102564102,0.6153846153846154,0.0,0.3970065031732832,0.5211896768638066,0.10431647939341408,0.25168905939374653,0.0,0.0,0.0,0.0,0.0,18473,global,0.0
4,3,lr1e-04_bs8_drop0p2_temp1p0_a0p25_b0p05__wd1e-04trmiss0_degmodglobal,8,0.0001,0.0001,0.2,1.0,0.25,0.05,lr1e-04_bs8_drop0p2_temp1p0_a0p25_b0p05__wd1e-04trmiss0_degmodglobal,57,0.5689452886581421,0.94149449467659,0.6,0.6915064102564102,0.6153846153846154,0.0,0.39298536096300396,0.5281605465071542,0.10669971683195659,0.28219613645757946,0.0,0.0,0.0,0.0,0.0,18473,global,0.0
4,3,lr1e-04_bs8_drop0p2_temp1p0_a0p25_b0p05__wd1e-04trmiss0_degmodglobal,8,0.0001,0.0001,0.2,1.0,0.25,0.05,lr1e-04_bs8_drop0p2_temp1p0_a0p25_b0p05__wd1e-04trmiss0_degmodglobal,58,0.5818000563553402,0.9499982297420502,0.6,0.6915064102564102,0.6153846153846154,0.0,0.4081998126847403,0.5345483251980373,0.12309373702321734,0.3295659337724958,0.0,0.0,0.0,0.0,0.0,18473,global,0.0
4,3,lr1e-04_bs8_drop0p2_temp1p0_a0p25_b0p05__wd1e-04trmiss0_degmodglobal,8,0.0001,0.0001,0.2,1.0,0.25,0.05,lr1e-04_bs8_drop0p2_temp1p0_a0p25_b0p05__wd1e-04trmiss0_degmodglobal,59,0.5970630901200431,0.9564690887928009,0.6,0.6915064102564102,0.6153846153846154,0.0,0.408923545054027,0.539485731295177,0.1475989009652819,0.4135527844939913,0.0,0.0,0.0,0.0,0.0,18473,global,0.0
4,3,lr1e-04_bs8_drop0p2_temp1p0_a0p25_b0p05__wd1e-04trmiss0_degmodglobal,8,0.0001,0.0001,0.2,1.0,0.25,0.05,lr1e-04_bs8_drop0p2_temp1p0_a0p25_b0p05__wd1e-04trmiss0_degmodglobal,60,0.5550426117011479,0.9215335845947266,0.6,0.6915064102564102,0.6153846153846154,0.0,0.396347314119339,0.5057402551174164,0.13462603305067336,0.312916915331568,0.0,0.0,0.0,0.0,0.0,18473,global,0.0
4,3,lr1e-04_bs8_drop0p2_temp1p0_a0p25_b0p05__wd1e-04trmiss0_degmodglobal,8,0.0001,0.0001,0.2,1.0,0.25,0.05,lr1e-04_bs8_drop0p2_temp1p0_a0p25_b0p05__wd1e-04trmiss0_degmodglobal,61,0.5673843281609672,0.9581705033779144,0.6,0.6915064102564102,0.6153846153846154,0.0,0.3968330366270883,0.5149900232042585,0.15265493839979172,0.2846113422087261,0.0,0.0,0.0,0.0,0.0,18473,global,0.0
4,3,lr1e-04_bs8_drop0p2_temp1p0_a0p25_b0p05__wd1e-04trmiss0_degmodglobal,8,0.0001,0.0001,0.2,1.0,0.25,0.05,lr1e-04_bs8_drop0p2_temp1p0_a0p25_b0p05__wd1e-04trmiss0_degmodglobal,62,0.5756052477019173,0.9649406969547272,0.6,0.6915064102564102,0.6153846153846154,0.0,0.35647697533879963,0.5213231870106289,0.1372175578560148,0.39955360123089384,0.0,0.0,0.0,0.0,0.0,18473,global,0.0
4,3,lr1e-04_bs8_drop0p2_temp1p0_a0p25_b0p05__wd1e-04trmiss0_degmodglobal,8,0.0001,0.0001,0.2,1.0,0.25,0.05,lr1e-04_bs8_drop0p2_temp1p0_a0p25_b0p05__wd1e-04trmiss0_degmodglobal,63,0.5793516933917999,0.9215223789215088,0.6,0.6915064102564102,0.6153846153846154,0.0,0.3922623097896576,0.5266555292265755,0.13786667904683522,0.3645899274519512,0.0,0.0,0.0,0.0,0.0,18473,global,0.0
4,3,lr1e-04_bs8_drop0p2_temp1p0_a0p25_b0p05__wd1e-04trmiss0_degmodglobal,8,0.0001,0.0001,0.2,1.0,0.25,0.05,lr1e-04_bs8_drop0p2_temp1p0_a0p25_b0p05__wd1e-04trmiss0_degmodglobal,64,0.5711421881403241,0.9416389763355255,0.6,0.6915064102564102,0.6153846153846154,0.0,0.375361476625715,0.5185702528272357,0.13542139530181885,0.37433166801929474,0.0,0.0,0.0,0.0,0.0,18473,global,0.0
4,3,lr1e-04_bs8_drop0p2_temp1p0_a0p25_b0p05__wd1e-04trmiss0_degmodglobal,8,0.0001,0.0001,0.2,1.0,0.25,0.05,lr1e-04_bs8_drop0p2_temp1p0_a0p25_b0p05__wd1e-04trmiss0_degmodglobal,65,0.5801180941717965,0.9379584491252899,0.625,0.701923076923077,0.6153846153846154,0.0,0.412319792168481,0.5374339393207005,0.11316191884023803,0.28787345971379963,0.0,0.0,0.0,0.0,0.0,18473,global,0.0
4,3,lr1e-04_bs8_drop0p2_temp1p0_a0p25_b0p05__wd1e-04trmiss0_degmodglobal,8,0.0001,0.0001,0.2,1.0,0.25,0.05,lr1e-04_bs8_drop0p2_temp1p0_a0p25_b0p05__wd1e-04trmiss0_degmodglobal,66,0.567044198513031,0.9423647820949554,0.625,0.701923076923077,0.6153846153846154,0.0,0.37599447795322966,0.519496670791081,0.12613989732095174,0.32025120300906046,0.0,0.0,0.0,0.0,0.0,18473,global,0.0
4,3,lr1e-04_bs8_drop0p2_temp1p0_a0p25_b0p05__wd1e-04trmiss0_degmodglobal,8,0.0001,0.0001,0.2,1.0,0.25,0.05,lr1e-04_bs8_drop0p2_temp1p0_a0p25_b0p05__wd1e-04trmiss0_degmodglobal,67,0.5672522102083478,0.9609235525131226,0.6,0.6915064102564102,0.6153846153846154,0.0,0.4089358278683254,0.5277322701045445,0.10660555745874133,0.25737093069723677,0.0,0.0,0.0,0.0,0.0,18473,global,0.0
4,3,lr1e-04_bs8_drop0p2_temp1p0_a0p25_b0p05__wd1e-04trmiss0_degmodglobal,8,0.0001,0.0001,0.2,1.0,0.25,0.05,lr1e-04_bs8_drop0p2_temp1p0_a0p25_b0p05__wd1e-04trmiss0_degmodglobal,68,0.5778657964297703,0.9476110339164734,0.6,0.6915064102564102,0.6153846153846154,0.0,0.37453116689409527,0.5275950176375253,0.12677247609410966,0.37155316344329287,0.0,0.0,0.0,0.0,0.0,18473,global,0.0
4,3,lr1e-04_bs8_drop0p2_temp1p0_a0p25_b0p05__wd1e-04trmiss0_degmodglobal,8,0.0001,0.0001,0.2,1.0,0.25,0.05,lr1e-04_bs8_drop0p2_temp1p0_a0p25_b0p05__wd1e-04trmiss0_degmodglobal,69,0.5802858131272453,0.9341297447681427,0.6,0.6915064102564102,0.6153846153846154,0.0,0.37145814299583435,0.5264684047017779,0.14134152127163752,0.3696404440062387,0.0,0.0,0.0,0.0,0.0,18473,global,0.0
4,3,lr1e-04_bs8_drop0p2_temp1p0_a0p25_b0p05__wd1e-04trmiss0_degmodglobal,8,0.0001,0.0001,0.2,1.0,0.25,0.05,lr1e-04_bs8_drop0p2_temp1p0_a0p25_b0p05__wd1e-04trmiss0_degmodglobal,70,0.5706245388303485,0.9399478137493134,0.6,0.6915064102564102,0.6153846153846154,0.0,0.3639712759426662,0.5182219999177116,0.1332667858472892,0.38171667073454174,0.0,0.0,0.0,0.0,0.0,18473,global,0.0
4,3,lr1e-04_bs8_drop0p2_temp1p0_a0p25_b0p05__wd1e-04trmiss0_degmodglobal,8,0.0001,0.0001,0.2,1.0,0.25,0.05,lr1e-04_bs8_drop0p2_temp1p0_a0p25_b0p05__wd1e-04trmiss0_degmodglobal,71,0.5935320172991071,0.9372649788856506,0.6,0.6915064102564102,0.6153846153846154,0.0,0.3446072680609567,0.5223625685487475,0.17255082726478577,0.560634685414178,0.0,0.0,0.0,0.0,0.0,18473,global,0.0
4,3,lr1e-04_bs8_drop0p2_temp1p0_a0p25_b0p05__wd1e-04trmiss0_degmodglobal,8,0.0001,0.0001,0.2,1.0,0.25,0.05,lr1e-04_bs8_drop0p2_temp1p0_a0p25_b0p05__wd1e-04trmiss0_degmodglobal,72,0.5872299330575126,0.9666299521923065,0.625,0.701923076923077,0.6153846153846154,0.0,0.38029239433152334,0.5325916026319776,0.1424853876233101,0.38033965868609293,0.0,0.0,0.0,0.0,0.0,18473,global,0.0
4,3,lr1e-04_bs8_drop0p2_temp1p0_a0p25_b0p05__wd1e-04trmiss0_degmodglobal,8,0.0001,0.0001,0.2,1.0,0.25,0.05,lr1e-04_bs8_drop0p2_temp1p0_a0p25_b0p05__wd1e-04trmiss0_degmodglobal,73,0.5734454137938363,0.9727641046047211,0.6,0.6915064102564102,0.6153846153846154,0.0,0.34687315991946627,0.5104287437030247,0.15990031297717774,0.4608317698751177,0.0,0.0,0.0,0.0,0.0,18473,global,0.0
4,3,lr1e-04_bs8_drop0p2_temp1p0_a0p25_b0p05__wd1e-04trmiss0_degmodglobal,8,0.0001,0.0001,0.2,1.0,0.25,0.05,lr1e-04_bs8_drop0p2_temp1p0_a0p25_b0p05__wd1e-04trmiss0_degmodglobal,74,0.6240267668451581,0.9658374786376953,0.625,0.701923076923077,0.6153846153846154,0.0,0.36165893929345266,0.5352533672537122,0.23539865442684718,0.59847463454519,0.0,0.0,0.0,0.0,0.0,18473,global,0.0
4,3,lr1e-04_bs8_drop0p2_temp1p0_a0p25_b0p05__wd1e-04trmiss0_degmodglobal,8,0.0001,0.0001,0.2,1.0,0.25,0.05,lr1e-04_bs8_drop0p2_temp1p0_a0p25_b0p05__wd1e-04trmiss0_degmodglobal,75,0.5652563997677394,0.9552019238471985,0.625,0.701923076923077,0.6153846153846154,0.0,0.3436897482190813,0.5070398194449288,0.15819540406976426,0.373354720217841,0.0,0.0,0.0,0.0,0.0,18473,global,0.0
4,3,lr1e-04_bs8_drop0p2_temp2p0_a0p25_b0p05__wd1e-04trmiss0_degmodglobal,8,0.0001,0.0001,0.2,2.0,0.25,0.05,lr1e-04_bs8_drop0p2_temp2p0_a0p25_b0p05__wd1e-04trmiss0_degmodglobal,1,0.7165199433054242,0.7307239174842834,0.45000000000000007,0.5973099816849816,0.3076923076923077,0.0,0.6859896012714931,0.6987081851278033,0.040217592513986995,0.15514739602804184,0.0,0.0,0.0,0.0,0.0,18473,global,0.0
4,3,lr1e-04_bs8_drop0p2_temp2p0_a0p25_b0p05__wd1e-04trmiss0_degmodglobal,8,0.0001,0.0001,0.2,2.0,0.25,0.05,lr1e-04_bs8_drop0p2_temp2p0_a0p25_b0p05__wd1e-04trmiss0_degmodglobal,2,0.6957487378801618,0.7192905247211456,0.42499999999999993,0.5906565656565657,0.3076923076923077,0.0,0.6607881528990609,0.6754155669893537,0.04789450232471738,0.16719064648662293,0.0,0.0,0.0,0.0,0.0,18473,global,0.0
4,3,lr1e-04_bs8_drop0p2_temp2p0_a0p25_b0p05__wd1e-04trmiss0_degmodglobal,8,0.0001,0.0001,0.2,2.0,0.25,0.05,lr1e-04_bs8_drop0p2_temp2p0_a0p25_b0p05__wd1e-04trmiss0_degmodglobal,3,0.6867599317005703,0.7138965129852295,0.45,0.6582656926406927,0.46153846153846156,0.0,0.6411132046154567,0.6671820793833051,0.04481879009732178,0.16746306525809423,0.0,0.0,0.0,0.0,0.0,18473,global,0.0
4,3,lr1e-04_bs8_drop0p2_temp2p0_a0p25_b0p05__wd1e-04trmiss0_degmodglobal,8,0.0001,0.0001,0.2,2.0,0.25,0.05,lr1e-04_bs8_drop0p2_temp2p0_a0p25_b0p05__wd1e-04trmiss0_degmodglobal,4,0.6608976296016148,0.7100524008274078,0.44999999999999996,0.662085137085137,0.46153846153846156,0.0,0.6201324718339103,0.643977335521153,0.04032502483044352,0.1367808644260679,0.0,0.0,0.0,0.0,0.0,18473,global,0.0
4,3,lr1e-04_bs8_drop0p2_temp2p0_a0p25_b0p05__wd1e-04trmiss0_degmodglobal,8,0.0001,0.0001,0.2,2.0,0.25,0.05,lr1e-04_bs8_drop0p2_temp2p0_a0p25_b0p05__wd1e-04trmiss0_degmodglobal,5,0.6648205774171012,0.7136712074279785,0.44999999999999996,0.6531565656565657,0.46153846153846156,0.0,0.6069685220718384,0.6390235679490226,0.06011344492435455,0.21537287959030696,0.0,0.0,0.0,0.0,0.0,18473,global,0.0
4,3,lr1e-04_bs8_drop0p2_temp2p0_a0p25_b0p05__wd1e-04trmiss0_degmodglobal,8,0.0001,0.0001,0.2,2.0,0.25,0.05,lr1e-04_bs8_drop0p2_temp2p0_a0p25_b0p05__wd1e-04trmiss0_degmodglobal,6,0.6452649746622358,0.721997082233429,0.39999999999999997,0.6406565656565657,0.38461538461538464,0.0,0.579122645514352,0.626267637525286,0.04812153322356088,0.1393394927893366,0.0,0.0,0.0,0.0,0.0,18473,global,0.0
4,3,lr1e-04_bs8_drop0p2_temp2p0_a0p25_b0p05__wd1e-04trmiss0_degmodglobal,8,0.0001,0.0001,0.2,2.0,0.25,0.05,lr1e-04_bs8_drop0p2_temp2p0_a0p25_b0p05__wd1e-04trmiss0_degmodglobal,7,0.6332331299781799,0.7252300679683685,0.425,0.6412518037518038,0.38461538461538464,0.0,0.5561443141528538,0.608566164970398,0.05917445783104215,0.19746701845100947,0.0,0.0,0.0,0.0,0.0,18473,global,0.0
4,3,lr1e-04_bs8_drop0p2_temp2p0_a0p25_b0p05__wd1e-04trmiss0_degmodglobal,8,0.0001,0.0001,0.2,2.0,0.25,0.05,lr1e-04_bs8_drop0p2_temp2p0_a0p25_b0p05__wd1e-04trmiss0_degmodglobal,8,0.6286483492170062,0.7150280177593231,0.49999999999999994,0.6729978354978354,0.46153846153846156,0.0,0.5806839721543449,0.6090855087552752,0.04711617848702839,0.15567592531442642,0.0,0.0,0.0,0.0,0.0,18473,global,0.0
4,3,lr1e-04_bs8_drop0p2_temp2p0_a0p25_b0p05__wd1e-04trmiss0_degmodglobal,8,0.0001,0.0001,0.2,2.0,0.25,0.05,lr1e-04_bs8_drop0p2_temp2p0_a0p25_b0p05__wd1e-04trmiss0_degmodglobal,9,0.6236966507775443,0.7152493596076965,0.49999999999999994,0.6729978354978354,0.46153846153846156,0.0,0.5619812948363168,0.6008337140083313,0.0542527117899486,0.1859952211380005,0.0,0.0,0.0,0.0,0.0,18473,global,0.0
4,3,lr1e-04_bs8_drop0p2_temp2p0_a0p25_b0p05__wd1e-04trmiss0_degmodglobal,8,0.0001,0.0001,0.2,2.0,0.25,0.05,lr1e-04_bs8_drop0p2_temp2p0_a0p25_b0p05__wd1e-04trmiss0_degmodglobal,10,0.6088335088321141,0.7148298621177673,0.475,0.6618371212121212,0.46153846153846156,0.0,0.5837944064821515,0.5870363967759269,0.05289562259401594,0.171464310160705,0.0,0.0,0.0,0.0,0.0,18473,global,0.0
4,3,lr1e-04_bs8_drop0p2_temp2p0_a0p25_b0p05__wd1e-04trmiss0_degmodglobal,8,0.0001,0.0001,0.2,2.0,0.25,0.05,lr1e-04_bs8_drop0p2_temp2p0_a0p25_b0p05__wd1e-04trmiss0_degmodglobal,11,0.6038412792342049,0.7099401652812958,0.475,0.6618371212121212,0.46153846153846156,0.0,0.5761655058179583,0.5869024310793195,0.04276880781565394,0.12493290166769709,0.0,0.0,0.0,0.0,0.0,18473,global,0.0
4,3,lr1e-04_bs8_drop0p2_temp2p0_a0p25_b0p05__wd1e-04trmiss0_degmodglobal,8,0.0001,0.0001,0.2,2.0,0.25,0.05,lr1e-04_bs8_drop0p2_temp2p0_a0p25_b0p05__wd1e-04trmiss0_degmodglobal,12,0.6098956380571637,0.7076042890548706,0.49999999999999994,0.6729978354978354,0.46153846153846156,0.0,0.5520127075059074,0.5898210321153913,0.05078786372074059,0.14755313949925558,0.0,0.0,0.0,0.0,0.0,18473,global,0.0
4,3,lr1e-04_bs8_drop0p2_temp2p0_a0p25_b0p05__wd1e-04trmiss0_degmodglobal,8,0.0001,0.0001,0.2,2.0,0.25,0.05,lr1e-04_bs8_drop0p2_temp2p0_a0p25_b0p05__wd1e-04trmiss0_degmodglobal,13,0.5781291042055402,0.7164260447025299,0.49999999999999994,0.6729978354978354,0.46153846153846156,0.0,0.55154892376491,0.5547384449413845,0.05729030391999653,0.18136148367609298,0.0,0.0,0.0,0.0,0.0,18473,global,0.0
4,3,lr1e-04_bs8_drop0p2_temp2p0_a0p25_b0p05__wd1e-04trmiss0_degmodglobal,8,0.0001,0.0001,0.2,2.0,0.25,0.05,lr1e-04_bs8_drop0p2_temp2p0_a0p25_b0p05__wd1e-04trmiss0_degmodglobal,14,0.5650502783911568,0.7146800756454468,0.49999999999999994,0.6729978354978354,0.46153846153846156,0.0,0.5287837556430272,0.5484678489821297,0.04486092499324253,0.10734388391886439,0.0,0.0,0.0,0.0,0.0,18473,global,0.0
4,3,lr1e-04_bs8_drop0p2_temp2p0_a0p25_b0p05__wd1e-04trmiss0_degmodglobal,8,0.0001,0.0001,0.2,2.0,0.25,0.05,lr1e-04_bs8_drop0p2_temp2p0_a0p25_b0p05__wd1e-04trmiss0_degmodglobal,15,0.5693993653569903,0.7136796712875366,0.49999999999999994,0.6729978354978354,0.46153846153846156,0.0,0.5375250790800367,0.5493488482066563,0.05209422377603395,0.14053921401500702,0.0,0.0,0.0,0.0,0.0,18473,global,0.0
4,3,lr1e-04_bs8_drop0p2_temp2p0_a0p25_b0p05__wd1e-04trmiss0_degmodglobal,8,0.0001,0.0001,0.2,2.0,0.25,0.05,lr1e-04_bs8_drop0p2_temp2p0_a0p25_b0p05__wd1e-04trmiss0_degmodglobal,16,0.5760819571358817,0.6998142600059509,0.5249999999999999,0.6500811688311688,0.6153846153846154,0.0,0.5247537280832019,0.5527414509228298,0.061445039830037525,0.1595846191048622,0.0,0.0,0.0,0.0,0.0,18473,global,0.0
4,3,lr1e-04_bs8_drop0p2_temp2p0_a0p25_b0p05__wd1e-04trmiss0_degmodglobal,8,0.0001,0.0001,0.2,2.0,0.25,0.05,lr1e-04_bs8_drop0p2_temp2p0_a0p25_b0p05__wd1e-04trmiss0_degmodglobal,17,0.5683397480419704,0.6983437240123749,0.55,0.6584145021645021,0.6153846153846154,0.0,0.5130711197853088,0.5442889673369271,0.06491624989679881,0.15643428478922164,0.0,0.0,0.0,0.0,0.0,18473,global,0.0
4,3,lr1e-04_bs8_drop0p2_temp2p0_a0p25_b0p05__wd1e-04trmiss0_degmodglobal,8,0.0001,0.0001,0.2,2.0,0.25,0.05,lr1e-04_bs8_drop0p2_temp2p0_a0p25_b0p05__wd1e-04trmiss0_degmodglobal,18,0.5547296064240592,0.6972152888774872,0.575,0.6663690476190477,0.6153846153846154,0.0,0.496925766978945,0.5314467975071498,0.06279496076915946,0.15168126778943197,0.0,0.0,0.0,0.0,0.0,18473,global,0.0
4,3,lr1e-04_bs8_drop0p2_temp2p0_a0p25_b0p05__wd1e-04trmiss0_degmodglobal,8,0.0001,0.0001,0.2,2.0,0.25,0.05,lr1e-04_bs8_drop0p2_temp2p0_a0p25_b0p05__wd1e-04trmiss0_degmodglobal,19,0.5652294414384025,0.7065239250659943,0.5,0.6188311688311687,0.5384615384615384,0.0,0.5322878914219993,0.5403751134872437,0.0680090721164431,0.15704108774662018,0.0,0.0,0.0,0.0,0.0,18473,global,0.0
4,3,lr1e-04_bs8_drop0p2_temp2p0_a0p25_b0p05__wd1e-04trmiss0_degmodglobal,8,0.0001,0.0001,0.2,2.0,0.25,0.05,lr1e-04_bs8_drop0p2_temp2p0_a0p25_b0p05__wd1e-04trmiss0_degmodglobal,20,0.560997758592878,0.7021075189113617,0.44999999999999996,0.5896645021645021,0.6153846153846154,0.0,0.5222607680729457,0.5361725730555398,0.06389425482068743,0.1770322812455041,0.0,0.0,0.0,0.0,0.0,18473,global,0.0
4,3,lr1e-04_bs8_drop0p2_temp2p0_a0p25_b0p05__wd1e-04trmiss0_degmodglobal,8,0.0001,0.0001,0.2,2.0,0.25,0.05,lr1e-04_bs8_drop0p2_temp2p0_a0p25_b0p05__wd1e-04trmiss0_degmodglobal,21,0.5275704392365047,0.7041201889514923,0.55,0.6584145021645021,0.6153846153846154,0.0,0.5059071353503636,0.5056583668504443,0.05666857904621533,0.15489843594176428,0.0,0.0,0.0,0.0,0.0,18473,global,0.0
4,3,lr1e-04_bs8_drop0p2_temp2p0_a0p25_b0p05__wd1e-04trmiss0_degmodglobal,8,0.0001,0.0001,0.2,2.0,0.25,0.05,lr1e-04_bs8_drop0p2_temp2p0_a0p25_b0p05__wd1e-04trmiss0_degmodglobal,22,0.5303805044719151,0.7052607536315918,0.5249999999999999,0.6500811688311688,0.6153846153846154,0.0,0.5141585213797433,0.5108520686626434,0.05460236753736224,0.11755705092634473,0.0,0.0,0.0,0.0,0.0,18473,global,0.0
4,3,lr1e-04_bs8_drop0p2_temp2p0_a0p25_b0p05__wd1e-04trmiss0_degmodglobal,8,0.0001,0.0001,0.2,2.0,0.25,0.05,lr1e-04_bs8_drop0p2_temp2p0_a0p25_b0p05__wd1e-04trmiss0_degmodglobal,23,0.5495688532079969,0.7076490223407745,0.49999999999999994,0.6313311688311688,0.6153846153846154,0.0,0.5313775752271924,0.532402115208762,0.04354294229831014,0.12561967436756408,0.0,0.0,0.0,0.0,0.0,18473,global,0.0
4,3,lr1e-04_bs8_drop0p2_temp2p0_a0p25_b0p05__wd1e-04trmiss0_degmodglobal,8,0.0001,0.0001,0.2,2.0,0.25,0.05,lr1e-04_bs8_drop0p2_temp2p0_a0p25_b0p05__wd1e-04trmiss0_degmodglobal,24,0.5502210131713322,0.7176044285297394,0.44999999999999996,0.5896645021645021,0.5384615384615384,0.0,0.5208609742777688,0.5336606289659228,0.05001018861574786,0.08115654651607786,0.0,0.0,0.0,0.0,0.0,18473,global,0.0
4,3,lr1e-04_bs8_drop0p2_temp2p0_a0p25_b0p05__wd1e-04trmiss0_degmodglobal,8,0.0001,0.0001,0.2,2.0,0.25,0.05,lr1e-04_bs8_drop0p2_temp2p0_a0p25_b0p05__wd1e-04trmiss0_degmodglobal,25,0.5160094371863774,0.7095854580402374,0.49999999999999994,0.6313311688311688,0.6153846153846154,0.0,0.5088551257337842,0.495919406414032,0.056520490774086544,0.11919841808932168,0.0,0.0,0.0,0.0,0.0,18473,global,0.0
4,3,lr1e-04_bs8_drop0p2_temp2p0_a0p25_b0p05__wd1e-04trmiss0_degmodglobal,8,0.0001,0.0001,0.2,2.0,0.25,0.05,lr1e-04_bs8_drop0p2_temp2p0_a0p25_b0p05__wd1e-04trmiss0_degmodglobal,26,0.5403050013950893,0.7080276310443878,0.49999999999999994,0.6313311688311688,0.6153846153846154,0.0,0.4980821737221309,0.5184939588819232,0.06155392421143396,0.12845109828880855,0.0,0.0,0.0,0.0,0.0,18473,global,0.0
4,3,lr1e-04_bs8_drop0p2_temp2p0_a0p25_b0p05__wd1e-04trmiss0_degmodglobal,8,0.0001,0.0001,0.2,2.0,0.25,0.05,lr1e-04_bs8_drop0p2_temp2p0_a0p25_b0p05__wd1e-04trmiss0_degmodglobal,27,0.5324672630855015,0.7140744626522064,0.44999999999999996,0.5896645021645021,0.5384615384615384,0.0,0.49129465222358704,0.5140755091394696,0.05013250985315868,0.11717221566608974,0.0,0.0,0.0,0.0,0.0,18473,global,0.0
4,3,lr1e-04_bs8_drop0p2_temp2p0_a0p25_b0p05__wd1e-04trmiss0_degmodglobal,8,0.0001,0.0001,0.2,2.0,0.25,0.05,lr1e-04_bs8_drop0p2_temp2p0_a0p25_b0p05__wd1e-04trmiss0_degmodglobal,28,0.5127213597297668,0.717208057641983,0.5,0.6084145021645021,0.46153846153846156,0.0,0.49822565061705454,0.48957231640815735,0.05609397536941937,0.18251105078629085,0.0,0.0,0.0,0.0,0.0,18473,global,0.0
4,3,lr1e-04_bs8_drop0p2_temp2p0_a0p25_b0p05__wd1e-04trmiss0_degmodglobal,8,0.0001,0.0001,0.2,2.0,0.25,0.05,lr1e-04_bs8_drop0p2_temp2p0_a0p25_b0p05__wd1e-04trmiss0_degmodglobal,29,0.5213565656117031,0.7140222191810608,0.5249999999999999,0.6396645021645021,0.5384615384615384,0.0,0.49266594648361206,0.5001535032476697,0.05723285302519798,0.13789694436958858,0.0,0.0,0.0,0.0,0.0,18473,global,0.0
4,3,lr1e-04_bs8_drop0p2_temp2p0_a0p25_b0p05__wd1e-04trmiss0_degmodglobal,8,0.0001,0.0001,0.2,2.0,0.25,0.05,lr1e-04_bs8_drop0p2_temp2p0_a0p25_b0p05__wd1e-04trmiss0_degmodglobal,30,0.5206992328166962,0.7090139091014862,0.5249999999999999,0.6396645021645021,0.6153846153846154,0.0,0.5073690371853965,0.5005606881209782,0.05041726359299251,0.1506841853260994,0.0,0.0,0.0,0.0,0.0,18473,global,0.0
4,3,lr1e-04_bs8_drop0p2_temp2p0_a0p25_b0p05__wd1e-04trmiss0_degmodglobal,8,0.0001,0.0001,0.2,2.0,0.25,0.05,lr1e-04_bs8_drop0p2_temp2p0_a0p25_b0p05__wd1e-04trmiss0_degmodglobal,31,0.5578808018139431,0.7142986357212067,0.525,0.6292478354978355,0.5384615384615384,0.0,0.5309127015726907,0.5352164123739515,0.055195109120437076,0.17731199307101114,0.0,0.0,0.0,0.0,0.0,18473,global,0.0
4,3,lr1e-04_bs8_drop0p2_temp2p0_a0p25_b0p05__wd1e-04trmiss0_degmodglobal,8,0.0001,0.0001,0.2,2.0,0.25,0.05,lr1e-04_bs8_drop0p2_temp2p0_a0p25_b0p05__wd1e-04trmiss0_degmodglobal,32,0.5415967234543392,0.7065137624740601,0.55,0.6500811688311688,0.5384615384615384,0.0,0.5099342209952218,0.5244110780102866,0.045584582324538915,0.11579003504344396,0.0,0.0,0.0,0.0,0.0,18473,global,0.0
4,3,lr1e-04_bs8_drop0p2_temp2p0_a0p25_b0p05__wd1e-04trmiss0_degmodglobal,8,0.0001,0.0001,0.2,2.0,0.25,0.05,lr1e-04_bs8_drop0p2_temp2p0_a0p25_b0p05__wd1e-04trmiss0_degmodglobal,33,0.5088115334510803,0.7082222998142242,0.525,0.6292478354978355,0.5384615384615384,0.0,0.47108947804995943,0.4875467121601105,0.060530083520071845,0.12264613275017057,0.0,0.0,0.0,0.0,0.0,18473,global,0.0
4,3,lr1e-04_bs8_drop0p2_temp2p0_a0p25_b0p05__wd1e-04trmiss0_degmodglobal,8,0.0001,0.0001,0.2,2.0,0.25,0.05,lr1e-04_bs8_drop0p2_temp2p0_a0p25_b0p05__wd1e-04trmiss0_degmodglobal,34,0.5355735038008008,0.7136202752590179,0.525,0.6292478354978355,0.5384615384615384,0.0,0.5029824759278979,0.5185611248016357,0.04952729865908623,0.09261099142687661,0.0,0.0,0.0,0.0,0.0,18473,global,0.0
4,3,lr1e-04_bs8_drop0p2_temp2p0_a0p25_b0p05__wd1e-04trmiss0_degmodglobal,8,0.0001,0.0001,0.2,2.0,0.25,0.05,lr1e-04_bs8_drop0p2_temp2p0_a0p25_b0p05__wd1e-04trmiss0_degmodglobal,35,0.5109240370137351,0.7198700606822968,0.5,0.6084145021645021,0.46153846153846156,0.0,0.48211281640189035,0.48811904873166767,0.06439506102885519,0.13412420345204218,0.0,0.0,0.0,0.0,0.0,18473,global,0.0
4,3,lr1e-04_bs8_drop0p2_temp2p0_a0p25_b0p05__wd1e-04trmiss0_degmodglobal,8,0.0001,0.0001,0.2,2.0,0.25,0.05,lr1e-04_bs8_drop0p2_temp2p0_a0p25_b0p05__wd1e-04trmiss0_degmodglobal,36,0.527280935219356,0.7200811803340912,0.5,0.6084145021645021,0.5384615384615384,0.0,0.4952030990804945,0.5009223052433559,0.07155764209372657,0.16938445291348866,0.0,0.0,0.0,0.0,0.0,18473,global,0.0
4,3,lr1e-04_bs8_drop0p2_temp2p0_a0p25_b0p05__wd1e-04trmiss0_degmodglobal,8,0.0001,0.0001,0.2,2.0,0.25,0.05,lr1e-04_bs8_drop0p2_temp2p0_a0p25_b0p05__wd1e-04trmiss0_degmodglobal,37,0.5336219200066158,0.7051170766353607,0.55,0.6500811688311688,0.6153846153846154,0.0,0.47941053339413237,0.5122338192803519,0.05931387921529157,0.13119252984012877,0.0,0.0,0.0,0.0,0.0,18473,global,0.0
4,3,lr1e-04_bs8_drop0p2_temp2p0_a0p25_b0p05__wd1e-04trmiss0_degmodglobal,8,0.0001,0.0001,0.2,2.0,0.25,0.05,lr1e-04_bs8_drop0p2_temp2p0_a0p25_b0p05__wd1e-04trmiss0_degmodglobal,38,0.5216319986752102,0.7054750323295593,0.5,0.6084145021645021,0.6153846153846154,0.0,0.4592509738036564,0.49458540763173786,0.07463621135268893,0.16775085031986237,0.0,0.0,0.0,0.0,0.0,18473,global,0.0
4,3,lr1e-04_bs8_drop0p4_temp1p0_a0p25_b0p05__wd1e-04trmiss0_degmodglobal,8,0.0001,0.0001,0.4,1.0,0.25,0.05,lr1e-04_bs8_drop0p4_temp1p0_a0p25_b0p05__wd1e-04trmiss0_degmodglobal,1,0.7594847253390721,0.7141375541687012,0.675,0.8115280552780553,0.38461538461538464,0.0,0.6514660460608346,0.7253315023013523,0.08183793404272624,0.27387480650629314,0.0,0.0,0.0,0.0,0.0,18473,global,0.0
4,3,lr1e-04_bs8_drop0p4_temp1p0_a0p25_b0p05__wd1e-04trmiss0_degmodglobal,8,0.0001,0.0001,0.4,1.0,0.25,0.05,lr1e-04_bs8_drop0p4_temp1p0_a0p25_b0p05__wd1e-04trmiss0_degmodglobal,2,0.7879220162119184,0.7107937037944794,0.65,0.7592643467643468,0.38461538461538464,0.0,0.6353992734636579,0.7475271054676601,0.09021939496908869,0.35680106707981657,0.0,0.0,0.0,0.0,0.0,18473,global,0.0
4,3,lr1e-04_bs8_drop0p4_temp1p0_a0p25_b0p05__wd1e-04trmiss0_degmodglobal,8,0.0001,0.0001,0.4,1.0,0.25,0.05,lr1e-04_bs8_drop0p4_temp1p0_a0p25_b0p05__wd1e-04trmiss0_degmodglobal,3,0.7288223334721157,0.7304227948188782,0.5750000000000001,0.7030143467643467,0.46153846153846156,0.0,0.638009079865047,0.6963989053453717,0.08191233607275146,0.23890665279967443,0.0,0.0,0.0,0.0,0.0,18473,global,0.0
4,3,lr1e-04_bs8_drop0p4_temp1p0_a0p25_b0p05__wd1e-04trmiss0_degmodglobal,8,0.0001,0.0001,0.4,1.0,0.25,0.05,lr1e-04_bs8_drop0p4_temp1p0_a0p25_b0p05__wd1e-04trmiss0_degmodglobal,4,0.6703582150595528,0.7308876216411591,0.6000000000000001,0.7238476800976801,0.38461538461538464,0.0,0.6098031912531171,0.6313991972378322,0.09273839529071536,0.3154886098844664,0.0,0.0,0.0,0.0,0.0,18473,global,0.0
4,3,lr1e-04_bs8_drop0p4_temp1p0_a0p25_b0p05__wd1e-04trmiss0_degmodglobal,8,0.0001,0.0001,0.4,1.0,0.25,0.05,lr1e-04_bs8_drop0p4_temp1p0_a0p25_b0p05__wd1e-04trmiss0_degmodglobal,5,0.6672596676009042,0.7108604609966278,0.6,0.6870421245421245,0.38461538461538464,0.0,0.5818201218332563,0.6353066137858799,0.08356914988585881,0.22121519595384598,0.0,0.0,0.0,0.0,0.0,18473,global,0.0
4,3,lr1e-04_bs8_drop0p4_temp1p0_a0p25_b0p05__wd1e-04trmiss0_degmodglobal,8,0.0001,0.0001,0.4,1.0,0.25,0.05,lr1e-04_bs8_drop0p4_temp1p0_a0p25_b0p05__wd1e-04trmiss0_degmodglobal,6,0.6467548779078892,0.7137638032436371,0.6,0.6915064102564102,0.46153846153846156,0.0,0.5822965928486415,0.617593092577798,0.0753867392029081,0.20630186476877757,0.0,0.0,0.0,0.0,0.0,18473,global,0.0
4,3,lr1e-04_bs8_drop0p4_temp1p0_a0p25_b0p05__wd1e-04trmiss0_degmodglobal,8,0.0001,0.0001,0.4,1.0,0.25,0.05,lr1e-04_bs8_drop0p4_temp1p0_a0p25_b0p05__wd1e-04trmiss0_degmodglobal,7,0.6615696379116603,0.7076863348484039,0.6,0.6915064102564102,0.6153846153846154,0.0,0.5794824361801147,0.6273713537624904,0.08312445133924484,0.26834331665720257,0.0,0.0,0.0,0.0,0.0,18473,global,0.0
4,3,lr1e-04_bs8_drop0p4_temp1p0_a0p25_b0p05__wd1e-04trmiss0_degmodglobal,8,0.0001,0.0001,0.4,1.0,0.25,0.05,lr1e-04_bs8_drop0p4_temp1p0_a0p25_b0p05__wd1e-04trmiss0_degmodglobal,8,0.6177525350025722,0.7074200212955475,0.575,0.6766254578754579,0.6153846153846154,0.0,0.5753497651645115,0.58258775302342,0.08727634698152542,0.2669141941836902,0.0,0.0,0.0,0.0,0.0,18473,global,0.0
4,3,lr1e-04_bs8_drop0p4_temp1p0_a0p25_b0p05__wd1e-04trmiss0_degmodglobal,8,0.0001,0.0001,0.4,1.0,0.25,0.05,lr1e-04_bs8_drop0p4_temp1p0_a0p25_b0p05__wd1e-04trmiss0_degmodglobal,9,0.6402783649308341,0.7020641565322876,0.6,0.6656114718614718,0.46153846153846156,0.0,0.5577264939035688,0.5981529355049133,0.09903969083513532,0.347310015133449,0.0,0.0,0.0,0.0,0.0,18473,global,0.0
4,3,lr1e-04_bs8_drop0p4_temp1p0_a0p25_b0p05__wd1e-04trmiss0_degmodglobal,8,0.0001,0.0001,0.4,1.0,0.25,0.05,lr1e-04_bs8_drop0p4_temp1p0_a0p25_b0p05__wd1e-04trmiss0_degmodglobal,10,0.5969653981072562,0.700543075799942,0.625,0.6865079365079365,0.46153846153846156,0.0,0.5438436269760132,0.5725673522268023,0.06610598308699471,0.15743133212838853,0.0,0.0,0.0,0.0,0.0,18473,global,0.0
4,3,lr1e-04_bs8_drop0p4_temp1p0_a0p25_b0p05__wd1e-04trmiss0_degmodglobal,8,0.0001,0.0001,0.4,1.0,0.25,0.05,lr1e-04_bs8_drop0p4_temp1p0_a0p25_b0p05__wd1e-04trmiss0_degmodglobal,11,0.6133166040693011,0.7116543352603912,0.6,0.6854978354978355,0.38461538461538464,0.0,0.5654973472867694,0.5825192758015224,0.07411558926105499,0.24536853922264917,0.0,0.0,0.0,0.0,0.0,18473,global,0.0
4,3,lr1e-04_bs8_drop0p4_temp1p0_a0p25_b0p05__wd1e-04trmiss0_degmodglobal,8,0.0001,0.0001,0.4,1.0,0.25,0.05,lr1e-04_bs8_drop0p4_temp1p0_a0p25_b0p05__wd1e-04trmiss0_degmodglobal,12,0.6191895689283099,0.7034687101840973,0.625,0.6967643467643468,0.5384615384615384,0.0,0.5325247389929635,0.578331640788487,0.10101984600935664,0.3120593439255442,0.0,0.0,0.0,0.0,0.0,18473,global,0.0
4,3,lr1e-04_bs8_drop0p4_temp1p0_a0p25_b0p05__wd1e-04trmiss0_degmodglobal,8,0.0001,0.0001,0.4,1.0,0.25,0.05,lr1e-04_bs8_drop0p4_temp1p0_a0p25_b0p05__wd1e-04trmiss0_degmodglobal,13,0.6000649588448661,0.6985263228416443,0.675,0.7741452991452992,0.6153846153846154,0.0,0.5351610141141074,0.5679914270128522,0.08291946564401899,0.2268733893121992,0.0,0.0,0.0,0.0,0.0,18473,global,0.0
4,3,lr1e-04_bs8_drop0p4_temp1p0_a0p25_b0p05__wd1e-04trmiss0_degmodglobal,8,0.0001,0.0001,0.4,1.0,0.25,0.05,lr1e-04_bs8_drop0p4_temp1p0_a0p25_b0p05__wd1e-04trmiss0_degmodglobal,14,0.6073723946298871,0.6953921318054199,0.625,0.6967643467643468,0.6923076923076923,0.0,0.5479099537645068,0.5773045761244637,0.07724366816026824,0.21513782015868596,0.0,0.0,0.0,0.0,0.0,18473,global,0.0
4,3,lr1e-04_bs8_drop0p4_temp1p0_a0p25_b0p05__wd1e-04trmiss0_degmodglobal,8,0.0001,0.0001,0.4,1.0,0.25,0.05,lr1e-04_bs8_drop0p4_temp1p0_a0p25_b0p05__wd1e-04trmiss0_degmodglobal,15,0.6081915838377816,0.7091592848300934,0.575,0.6790875790875791,0.5384615384615384,0.0,0.5643953936440604,0.581964944090162,0.06655418606741088,0.19176189601421356,0.0,0.0,0.0,0.0,0.0,18473,global,0.0
4,3,lr1e-04_bs8_drop0p4_temp1p0_a0p25_b0p05__wd1e-04trmiss0_degmodglobal,8,0.0001,0.0001,0.4,1.0,0.25,0.05,lr1e-04_bs8_drop0p4_temp1p0_a0p25_b0p05__wd1e-04trmiss0_degmodglobal,16,0.6079163806779044,0.7266210615634918,0.575,0.6873397435897437,0.38461538461538464,0.0,0.5582653539521354,0.5755838581493923,0.07620139420032501,0.2656433316213744,0.0,0.0,0.0,0.0,0.0,18473,global,0.0
4,3,lr1e-04_bs8_drop0p4_temp1p0_a0p25_b0p05__wd1e-04trmiss0_degmodglobal,8,0.0001,0.0001,0.4,1.0,0.25,0.05,lr1e-04_bs8_drop0p4_temp1p0_a0p25_b0p05__wd1e-04trmiss0_degmodglobal,17,0.5686223932674953,0.7065026760101318,0.6000000000000001,0.6800976800976801,0.5384615384615384,0.0,0.5362594383103507,0.5334594249725342,0.08878348235573087,0.2593417210238321,0.0,0.0,0.0,0.0,0.0,18473,global,0.0
4,3,lr1e-04_bs8_drop0p4_temp1p0_a0p25_b0p05__wd1e-04trmiss0_degmodglobal,8,0.0001,0.0001,0.4,1.0,0.25,0.05,lr1e-04_bs8_drop0p4_temp1p0_a0p25_b0p05__wd1e-04trmiss0_degmodglobal,18,0.5814023273331779,0.6883369386196136,0.625,0.7425976800976801,0.6153846153846154,0.0,0.5461318918636867,0.5473648820604596,0.08473847380706243,0.2570563725062779,0.0,0.0,0.0,0.0,0.0,18473,global,0.0
4,3,lr1e-04_bs8_drop0p4_temp1p0_a0p25_b0p05__wd1e-04trmiss0_degmodglobal,8,0.0001,0.0001,0.4,1.0,0.25,0.05,lr1e-04_bs8_drop0p4_temp1p0_a0p25_b0p05__wd1e-04trmiss0_degmodglobal,19,0.5601402946880886,0.6934299767017365,0.6000000000000001,0.6800976800976801,0.6153846153846154,0.0,0.5162407202380044,0.5283136793545314,0.07953134498425893,0.23887567115681513,0.0,0.0,0.0,0.0,0.0,18473,global,0.0
4,3,lr1e-04_bs8_drop0p4_temp1p0_a0p25_b0p05__wd1e-04trmiss0_degmodglobal,8,0.0001,0.0001,0.4,1.0,0.25,0.05,lr1e-04_bs8_drop0p4_temp1p0_a0p25_b0p05__wd1e-04trmiss0_degmodglobal,20,0.6153593446527209,0.7034765481948853,0.575,0.6703754578754579,0.6153846153846154,0.0,0.5641629951340812,0.5816106838839394,0.08121003210544586,0.2689230112092836,0.0,0.0,0.0,0.0,0.0,18473,global,0.0
4,3,lr1e-04_bs8_drop0p4_temp1p0_a0p25_b0p05__wd1e-04trmiss0_degmodglobal,8,0.0001,0.0001,0.4,1.0,0.25,0.05,lr1e-04_bs8_drop0p4_temp1p0_a0p25_b0p05__wd1e-04trmiss0_degmodglobal,21,0.5732707040650504,0.676377534866333,0.65,0.7153159340659341,0.6923076923076923,0.0,0.5203013973576682,0.5212915284293038,0.12305874164615359,0.42428954371384214,0.0,0.0,0.0,0.0,0.0,18473,global,0.0
4,3,lr1e-04_bs8_drop0p4_temp1p0_a0p25_b0p05__wd1e-04trmiss0_degmodglobal,8,0.0001,0.0001,0.4,1.0,0.25,0.05,lr1e-04_bs8_drop0p4_temp1p0_a0p25_b0p05__wd1e-04trmiss0_degmodglobal,22,0.5775940588542393,0.6794314086437225,0.625,0.701923076923077,0.6923076923076923,0.0,0.5234668127128056,0.5487789596830096,0.06972662093383926,0.22766883564846857,0.0,0.0,0.0,0.0,0.0,18473,global,0.0
4,3,lr1e-04_bs8_drop0p4_temp1p0_a0p25_b0p05__wd1e-04trmiss0_degmodglobal,8,0.0001,0.0001,0.4,1.0,0.25,0.05,lr1e-04_bs8_drop0p4_temp1p0_a0p25_b0p05__wd1e-04trmiss0_degmodglobal,23,0.5706149084227425,0.6804094314575195,0.575,0.7141254578754579,0.6153846153846154,0.0,0.5532685773713248,0.532187500170299,0.09577093486274992,0.28969367274216246,0.0,0.0,0.0,0.0,0.0,18473,global,0.0
4,3,lr1e-04_bs8_drop0p4_temp1p0_a0p25_b0p05__wd1e-04trmiss0_degmodglobal,8,0.0001,0.0001,0.4,1.0,0.25,0.05,lr1e-04_bs8_drop0p4_temp1p0_a0p25_b0p05__wd1e-04trmiss0_degmodglobal,24,0.5550038303647723,0.6770854294300079,0.6499999999999999,0.755952380952381,0.6923076923076923,0.0,0.5223757198878697,0.5136347327913556,0.10759269233260836,0.28941844190870014,0.0,0.0,0.0,0.0,0.0,18473,global,0.0
4,3,lr1e-04_bs8_drop0p4_temp1p0_a0p25_b0p05__wd1e-04trmiss0_degmodglobal,8,0.0001,0.0001,0.4,1.0,0.25,0.05,lr1e-04_bs8_drop0p4_temp1p0_a0p25_b0p05__wd1e-04trmiss0_degmodglobal,25,0.5523656351225716,0.6881999373435974,0.6,0.7542478354978355,0.6153846153846154,0.0,0.5288897412163871,0.5132132981504712,0.10348409840038844,0.26562593025820597,0.0,0.0,0.0,0.0,0.0,18473,global,0.0
4,3,lr1e-04_bs8_drop0p4_temp1p0_a0p25_b0p05__wd1e-04trmiss0_degmodglobal,8,0.0001,0.0001,0.4,1.0,0.25,0.05,lr1e-04_bs8_drop0p4_temp1p0_a0p25_b0p05__wd1e-04trmiss0_degmodglobal,26,0.564022707087653,0.6919825673103333,0.625,0.7622023809523809,0.6153846153846154,0.0,0.5239125490188599,0.526747886623655,0.09354542036141668,0.2777692388210978,0.0,0.0,0.0,0.0,0.0,18473,global,0.0
4,3,lr1e-04_bs8_drop0p4_temp1p0_a0p25_b0p05__wd1e-04trmiss0_degmodglobal,8,0.0001,0.0001,0.4,1.0,0.25,0.05,lr1e-04_bs8_drop0p4_temp1p0_a0p25_b0p05__wd1e-04trmiss0_degmodglobal,27,0.5531739975724902,0.6848662197589874,0.575,0.7453754578754579,0.6153846153846154,0.0,0.4836284262793405,0.5151263688291822,0.10061645827123097,0.25787038249628885,0.0,0.0,0.0,0.0,0.0,18473,global,0.0
4,3,lr1e-04_bs8_drop0p4_temp1p0_a0p25_b0p05__wd1e-04trmiss0_degmodglobal,8,0.0001,0.0001,0.4,1.0,0.25,0.05,lr1e-04_bs8_drop0p4_temp1p0_a0p25_b0p05__wd1e-04trmiss0_degmodglobal,28,0.5638472480433327,0.6814607083797455,0.625,0.7622023809523809,0.6153846153846154,0.0,0.5029180986540658,0.5129155218601227,0.12262114509940147,0.4055290860789163,0.0,0.0,0.0,0.0,0.0,18473,global,0.0
4,3,lr1e-04_bs8_drop0p4_temp1p0_a0p25_b0p05__wd1e-04trmiss0_degmodglobal,8,0.0001,0.0001,0.4,1.0,0.25,0.05,lr1e-04_bs8_drop0p4_temp1p0_a0p25_b0p05__wd1e-04trmiss0_degmodglobal,29,0.5210961273738316,0.6698956489562988,0.625,0.7302579365079365,0.6153846153846154,0.0,0.4887917254652296,0.4936629406043461,0.06994846729295594,0.19892130898577826,0.0,0.0,0.0,0.0,0.0,18473,global,0.0
4,3,lr1e-04_bs8_drop0p4_temp1p0_a0p25_b0p05__wd1e-04trmiss0_degmodglobal,8,0.0001,0.0001,0.4,1.0,0.25,0.05,lr1e-04_bs8_drop0p4_temp1p0_a0p25_b0p05__wd1e-04trmiss0_degmodglobal,30,0.5844914359705788,0.6707017123699188,0.675,0.7656746031746032,0.6153846153846154,0.0,0.5301682608468192,0.5552326994282859,0.07444467821291514,0.21295138661350524,0.0,0.0,0.0,0.0,0.0,18473,global,0.0
4,3,lr1e-04_bs8_drop0p4_temp1p0_a0p25_b0p05__wd1e-04trmiss0_degmodglobal,8,0.0001,0.0001,0.4,1.0,0.25,0.05,lr1e-04_bs8_drop0p4_temp1p0_a0p25_b0p05__wd1e-04trmiss0_degmodglobal,31,0.5392965504101345,0.6677291095256805,0.65,0.7490079365079365,0.6153846153846154,0.0,0.5029952355793544,0.5071910747459957,0.08049184988651957,0.23965013240064895,0.0,0.0,0.0,0.0,0.0,18473,global,0.0
4,3,lr1e-04_bs8_drop0p4_temp1p0_a0p25_b0p05__wd1e-04trmiss0_degmodglobal,8,0.0001,0.0001,0.4,1.0,0.25,0.05,lr1e-04_bs8_drop0p4_temp1p0_a0p25_b0p05__wd1e-04trmiss0_degmodglobal,32,0.5282268694468907,0.6647689938545227,0.625,0.7302579365079365,0.6153846153846154,0.0,0.48077546272959026,0.49294158816337585,0.09304415913564819,0.24048490609441484,0.0,0.0,0.0,0.0,0.0,18473,global,0.0
4,3,lr1e-04_bs8_drop0p4_temp1p0_a0p25_b0p05__wd1e-04trmiss0_degmodglobal,8,0.0001,0.0001,0.4,1.0,0.25,0.05,lr1e-04_bs8_drop0p4_temp1p0_a0p25_b0p05__wd1e-04trmiss0_degmodglobal,33,0.5541407125336784,0.6619612574577332,0.625,0.7302579365079365,0.6153846153846154,0.0,0.49150118231773376,0.510007381439209,0.11117708363703319,0.3267813708101,0.0,0.0,0.0,0.0,0.0,18473,global,0.0
4,3,lr1e-04_bs8_drop0p4_temp1p0_a0p25_b0p05__wd1e-04trmiss0_degmodglobal,8,0.0001,0.0001,0.4,1.0,0.25,0.05,lr1e-04_bs8_drop0p4_temp1p0_a0p25_b0p05__wd1e-04trmiss0_degmodglobal,34,0.5340814803327832,0.6593730747699738,0.65,0.7490079365079365,0.6153846153846154,0.0,0.48134087664740427,0.49331169043268475,0.10271559496011053,0.30181814091546194,0.0,0.0,0.0,0.0,0.0,18473,global,0.0
4,3,lr1e-04_bs8_drop0p4_temp1p0_a0p25_b0p05__wd1e-04trmiss0_degmodglobal,8,0.0001,0.0001,0.4,1.0,0.25,0.05,lr1e-04_bs8_drop0p4_temp1p0_a0p25_b0p05__wd1e-04trmiss0_degmodglobal,35,0.5316350843225207,0.665568619966507,0.625,0.7302579365079365,0.6153846153846154,0.0,0.485097131558827,0.487413044486727,0.11068490094372205,0.33101665547915865,0.0,0.0,0.0,0.0,0.0,18473,global,0.0
4,3,lr1e-04_bs8_drop0p4_temp1p0_a0p25_b0p05__wd1e-04trmiss0_degmodglobal,8,0.0001,0.0001,0.4,1.0,0.25,0.05,lr1e-04_bs8_drop0p4_temp1p0_a0p25_b0p05__wd1e-04trmiss0_degmodglobal,36,0.5332650797707694,0.677287757396698,0.6,0.7557921245421245,0.6153846153846154,0.0,0.48266154527664185,0.48422107100486755,0.12030788617474693,0.37934047835213797,0.0,0.0,0.0,0.0,0.0,18473,global,0.0
4,3,lr1e-04_bs8_drop0p4_temp1p0_a0p25_b0p05__wd1e-04trmiss0_degmodglobal,8,0.0001,0.0001,0.4,1.0,0.25,0.05,lr1e-04_bs8_drop0p4_temp1p0_a0p25_b0p05__wd1e-04trmiss0_degmodglobal,37,0.55323383637837,0.6832925975322723,0.6,0.7557921245421245,0.6153846153846154,0.0,0.48745207275663105,0.5146645775863102,0.09656830132007599,0.28854340634175707,0.0,0.0,0.0,0.0,0.0,18473,global,0.0
4,3,lr1e-04_bs8_drop0p4_temp1p0_a0p25_b0p05__wd1e-04trmiss0_degmodglobal,8,0.0001,0.0001,0.4,1.0,0.25,0.05,lr1e-04_bs8_drop0p4_temp1p0_a0p25_b0p05__wd1e-04trmiss0_degmodglobal,38,0.5407568514347076,0.6742693185806274,0.625,0.7655143467643467,0.6153846153846154,0.0,0.48105419533593313,0.5104056681905474,0.07912847133619445,0.21138119378260203,0.0,0.0,0.0,0.0,0.0,18473,global,0.0
4,3,lr1e-04_bs8_drop0p4_temp1p0_a0p25_b0p05__wd1e-04trmiss0_degmodglobal,8,0.0001,0.0001,0.4,1.0,0.25,0.05,lr1e-04_bs8_drop0p4_temp1p0_a0p25_b0p05__wd1e-04trmiss0_degmodglobal,39,0.5135629262242999,0.6809087991714478,0.625,0.7655143467643467,0.6153846153846154,0.0,0.43827072211674284,0.4753898424761636,0.10357363734926496,0.24559350524629867,0.0,0.0,0.0,0.0,0.0,18473,global,0.0
4,3,lr1e-04_bs8_drop0p4_temp1p0_a0p25_b0p05__wd1e-04trmiss0_degmodglobal,8,0.0001,0.0001,0.4,1.0,0.25,0.05,lr1e-04_bs8_drop0p4_temp1p0_a0p25_b0p05__wd1e-04trmiss0_degmodglobal,40,0.575473461832319,0.678512841463089,0.625,0.7655143467643467,0.6153846153846154,0.0,0.4545381835528782,0.5247457368033273,0.13119873191629136,0.35856092401913237,0.0,0.0,0.0,0.0,0.0,18473,global,0.0
4,3,lr1e-04_bs8_drop0p4_temp1p0_a0p25_b0p05__wd1e-04trmiss0_degmodglobal,8,0.0001,0.0001,0.4,1.0,0.25,0.05,lr1e-04_bs8_drop0p4_temp1p0_a0p25_b0p05__wd1e-04trmiss0_degmodglobal,41,0.5234663231032235,0.6754181683063507,0.625,0.7655143467643467,0.6153846153846154,0.0,0.467082496200289,0.490785334791456,0.08738986509186882,0.21667033221040452,0.0,0.0,0.0,0.0,0.0,18473,global,0.0
4,3,lr1e-04_bs8_drop0p4_temp1p0_a0p25_b0p05__wd1e-04trmiss0_degmodglobal,8,0.0001,0.0001,0.4,1.0,0.25,0.05,lr1e-04_bs8_drop0p4_temp1p0_a0p25_b0p05__wd1e-04trmiss0_degmodglobal,42,0.5408109979970115,0.6759556233882904,0.625,0.7655143467643467,0.6153846153846154,0.0,0.46883523038455416,0.48266507046563284,0.1453251274568694,0.43629280584199087,0.0,0.0,0.0,0.0,0.0,18473,global,0.0
4,3,lr1e-04_bs8_drop0p4_temp1p0_a0p25_b0p05__wd1e-04trmiss0_degmodglobal,8,0.0001,0.0001,0.4,1.0,0.25,0.05,lr1e-04_bs8_drop0p4_temp1p0_a0p25_b0p05__wd1e-04trmiss0_degmodglobal,43,0.5437208797250476,0.6803709864616394,0.625,0.7655143467643467,0.6153846153846154,0.0,0.4806821048259735,0.4816403644425528,0.14968176186084747,0.4932015410491398,0.0,0.0,0.0,0.0,0.0,18473,global,0.0
4,3,lr1e-04_bs8_drop0p4_temp1p0_a0p25_b0p05__wd1e-04trmiss0_degmodglobal,8,0.0001,0.0001,0.4,1.0,0.25,0.05,lr1e-04_bs8_drop0p4_temp1p0_a0p25_b0p05__wd1e-04trmiss0_degmodglobal,44,0.5327019010271344,0.6783549189567566,0.625,0.7655143467643467,0.6153846153846154,0.0,0.4850706032344273,0.49041561995233807,0.11353809865457672,0.27803526180131094,0.0,0.0,0.0,0.0,0.0,18473,global,0.0
4,3,lr1e-04_bs8_drop0p4_temp1p0_a0p25_b0p05__wd1e-04trmiss0_degmodglobal,8,0.0001,0.0001,0.4,1.0,0.25,0.05,lr1e-04_bs8_drop0p4_temp1p0_a0p25_b0p05__wd1e-04trmiss0_degmodglobal,45,0.5263268947601318,0.6810608208179474,0.625,0.7655143467643467,0.6153846153846154,0.0,0.4675882160663605,0.4814295768737793,0.12064610315220696,0.29471578768321444,0.0,0.0,0.0,0.0,0.0,18473,global,0.0
4,3,lr1e-04_bs8_drop0p4_temp1p0_a0p25_b0p05__wd1e-04trmiss0_degmodglobal,8,0.0001,0.0001,0.4,1.0,0.25,0.05,lr1e-04_bs8_drop0p4_temp1p0_a0p25_b0p05__wd1e-04trmiss0_degmodglobal,46,0.5463592282363346,0.6784085035324097,0.625,0.7655143467643467,0.6153846153846154,0.0,0.4900801011494228,0.48966181703976225,0.14854895589607103,0.3912032129509108,0.0,0.0,0.0,0.0,0.0,18473,global,0.0
4,3,lr1e-04_bs8_drop0p4_temp1p0_a0p25_b0p05__wd1e-04trmiss0_degmodglobal,8,0.0001,0.0001,0.4,1.0,0.25,0.05,lr1e-04_bs8_drop0p4_temp1p0_a0p25_b0p05__wd1e-04trmiss0_degmodglobal,47,0.5261708583150592,0.6751090288162231,0.6000000000000001,0.7238476800976801,0.6153846153846154,0.0,0.4647769629955292,0.48528232319014414,0.10053576156497002,0.31509200909308027,0.0,0.0,0.0,0.0,0.0,18473,global,0.0
4,3,lr1e-04_bs8_drop0p4_temp1p0_a0p25_b0p05__wd1e-04trmiss0_degmodglobal,8,0.0001,0.0001,0.4,1.0,0.25,0.05,lr1e-04_bs8_drop0p4_temp1p0_a0p25_b0p05__wd1e-04trmiss0_degmodglobal,48,0.5055169079984937,0.664860874414444,0.625,0.7425976800976801,0.6153846153846154,0.0,0.48234133209500996,0.45495714460100445,0.12593942135572433,0.3814981260469982,0.0,0.0,0.0,0.0,0.0,18473,global,0.0
4,3,lr1e-04_bs8_drop0p4_temp1p0_a0p25_b0p05__wd1e-04trmiss0_degmodglobal,8,0.0001,0.0001,0.4,1.0,0.25,0.05,lr1e-04_bs8_drop0p4_temp1p0_a0p25_b0p05__wd1e-04trmiss0_degmodglobal,49,0.5179106891155243,0.6694619953632355,0.6000000000000001,0.7238476800976801,0.6153846153846154,0.0,0.4648498594760895,0.49264668566840036,0.0632922069302627,0.18881919660738536,0.0,0.0,0.0,0.0,0.0,18473,global,0.0
4,3,lr1e-04_bs8_drop0p4_temp1p0_a0p25_b0p05__wd1e-04trmiss0_degmodglobal,8,0.0001,0.0001,0.4,1.0,0.25,0.05,lr1e-04_bs8_drop0p4_temp1p0_a0p25_b0p05__wd1e-04trmiss0_degmodglobal,50,0.5079028989587512,0.6623026430606842,0.625,0.7425976800976801,0.6153846153846154,0.0,0.4584749511310032,0.4604145416191646,0.12036161656890597,0.34795909374952316,0.0,0.0,0.0,0.0,0.0,18473,global,0.0
4,3,lr1e-04_bs8_drop0p4_temp2p0_a0p25_b0p05__wd1e-04trmiss0_degmodglobal,8,0.0001,0.0001,0.4,2.0,0.25,0.05,lr1e-04_bs8_drop0p4_temp2p0_a0p25_b0p05__wd1e-04trmiss0_degmodglobal,1,0.6704082659312657,0.6612085103988647,0.45,0.6764766483516484,0.46153846153846156,0.0,0.7001660636493138,0.643264080796923,0.074655004377876,0.16960885801485606,0.0,0.0,0.0,0.0,0.0,18473,global,0.0
4,3,lr1e-04_bs8_drop0p4_temp2p0_a0p25_b0p05__wd1e-04trmiss0_degmodglobal,8,0.0001,0.0001,0.4,2.0,0.25,0.05,lr1e-04_bs8_drop0p4_temp2p0_a0p25_b0p05__wd1e-04trmiss0_degmodglobal,2,0.6825918981007167,0.6669583022594452,0.5,0.6995421245421246,0.46153846153846156,0.0,0.6393655112811497,0.6526566829000201,0.0753175797207015,0.22211633888738497,0.0,0.0,0.0,0.0,0.0,18473,global,0.0
4,3,lr1e-04_bs8_drop0p4_temp2p0_a0p25_b0p05__wd1e-04trmiss0_degmodglobal,8,0.0001,0.0001,0.4,2.0,0.25,0.05,lr1e-04_bs8_drop0p4_temp2p0_a0p25_b0p05__wd1e-04trmiss0_degmodglobal,3,0.6451637319156102,0.6797382235527039,0.425,0.6609508547008548,0.46153846153846156,0.0,0.5893423386982509,0.6138674191066197,0.07822780364326068,0.23478757962584496,0.0,0.0,0.0,0.0,0.0,18473,global,0.0
4,3,lr1e-04_bs8_drop0p4_temp2p0_a0p25_b0p05__wd1e-04trmiss0_degmodglobal,8,0.0001,0.0001,0.4,2.0,0.25,0.05,lr1e-04_bs8_drop0p4_temp2p0_a0p25_b0p05__wd1e-04trmiss0_degmodglobal,4,0.6480612499373299,0.6861399412155151,0.39999999999999997,0.6401175213675214,0.46153846153846156,0.0,0.6300727043833051,0.622995206287929,0.06938596442341805,0.15439104129161155,0.0,0.0,0.0,0.0,0.0,18473,global,0.0
4,3,lr1e-04_bs8_drop0p4_temp2p0_a0p25_b0p05__wd1e-04trmiss0_degmodglobal,8,0.0001,0.0001,0.4,2.0,0.25,0.05,lr1e-04_bs8_drop0p4_temp2p0_a0p25_b0p05__wd1e-04trmiss0_degmodglobal,5,0.6668558546475002,0.6933862864971161,0.39999999999999997,0.6401175213675214,0.46153846153846156,0.0,0.5736285618373326,0.6332940374101911,0.087747722864151,0.23249804547854833,0.0,0.0,0.0,0.0,0.0,18473,global,0.0
4,3,lr1e-04_bs8_drop0p4_temp2p0_a0p25_b0p05__wd1e-04trmiss0_degmodglobal,8,0.0001,0.0001,0.4,2.0,0.25,0.05,lr1e-04_bs8_drop0p4_temp2p0_a0p25_b0p05__wd1e-04trmiss0_degmodglobal,6,0.6500733579908099,0.6941251754760742,0.39999999999999997,0.6401175213675214,0.46153846153846156,0.0,0.5807033564363208,0.6163709461688995,0.08363289944827557,0.255884014070034,0.0,0.0,0.0,0.0,0.0,18473,global,0.0
4,3,lr1e-04_bs8_drop0p4_temp2p0_a0p25_b0p05__wd1e-04trmiss0_degmodglobal,8,0.0001,0.0001,0.4,2.0,0.25,0.05,lr1e-04_bs8_drop0p4_temp2p0_a0p25_b0p05__wd1e-04trmiss0_degmodglobal,7,0.6363576054573059,0.6948874294757843,0.375,0.6332993395493396,0.46153846153846156,0.0,0.5954798885754177,0.6093894754137311,0.06965802822794233,0.19107242567198618,0.0,0.0,0.0,0.0,0.0,18473,global,0.0
4,3,lr1e-04_bs8_drop0p4_temp2p0_a0p25_b0p05__wd1e-04trmiss0_degmodglobal,8,0.0001,0.0001,0.4,2.0,0.25,0.05,lr1e-04_bs8_drop0p4_temp2p0_a0p25_b0p05__wd1e-04trmiss0_degmodglobal,8,0.6180832641465324,0.6986513137817383,0.375,0.6332993395493396,0.46153846153846156,0.0,0.5633569615227836,0.5924126931599208,0.0659182822065694,0.18382037537438528,0.0,0.0,0.0,0.0,0.0,18473,global,0.0
4,3,lr1e-04_bs8_drop0p4_temp2p0_a0p25_b0p05__wd1e-04trmiss0_degmodglobal,8,0.0001,0.0001,0.4,2.0,0.25,0.05,lr1e-04_bs8_drop0p4_temp2p0_a0p25_b0p05__wd1e-04trmiss0_degmodglobal,9,0.667380520275661,0.6979542374610901,0.375,0.6332993395493396,0.38461538461538464,0.0,0.5598687529563904,0.6262848888124738,0.10373238633785929,0.3032509056585176,0.0,0.0,0.0,0.0,0.0,18473,global,0.0
4,3,lr1e-04_bs8_drop0p4_temp2p0_a0p25_b0p05__wd1e-04trmiss0_degmodglobal,8,0.0001,0.0001,0.4,2.0,0.25,0.05,lr1e-04_bs8_drop0p4_temp2p0_a0p25_b0p05__wd1e-04trmiss0_degmodglobal,10,0.6044041429247174,0.6996062099933624,0.375,0.6332993395493396,0.38461538461538464,0.0,0.5586196609905788,0.575958388192313,0.0763503084225314,0.1871636552470071,0.0,0.0,0.0,0.0,0.0,18473,global,0.0
4,3,lr1e-04_bs8_drop0p4_temp2p0_a0p25_b0p05__wd1e-04trmiss0_degmodglobal,8,0.0001,0.0001,0.4,2.0,0.25,0.05,lr1e-04_bs8_drop0p4_temp2p0_a0p25_b0p05__wd1e-04trmiss0_degmodglobal,11,0.6478793621063232,0.6977942883968353,0.375,0.6332993395493396,0.46153846153846156,0.0,0.5380690949303764,0.6058896354266575,0.10721089265176229,0.30374021189553396,0.0,0.0,0.0,0.0,0.0,18473,global,0.0
4,3,lr1e-04_bs8_drop0p4_temp2p0_a0p25_b0p05__wd1e-04trmiss0_degmodglobal,8,0.0001,0.0001,0.4,2.0,0.25,0.05,lr1e-04_bs8_drop0p4_temp2p0_a0p25_b0p05__wd1e-04trmiss0_degmodglobal,12,0.6227698496409825,0.6960384547710419,0.39999999999999997,0.6401175213675214,0.46153846153846156,0.0,0.5123502399240222,0.5814661298479352,0.10796349708523069,0.2862568667956761,0.0,0.0,0.0,0.0,0.0,18473,global,0.0
4,3,lr1e-04_bs8_drop0p4_temp2p0_a0p25_b0p05__wd1e-04trmiss0_degmodglobal,8,0.0001,0.0001,0.4,2.0,0.25,0.05,lr1e-04_bs8_drop0p4_temp2p0_a0p25_b0p05__wd1e-04trmiss0_degmodglobal,13,0.584233684199197,0.6962804794311523,0.39999999999999997,0.6401175213675214,0.46153846153846156,0.0,0.5373604425362178,0.5527999486242022,0.08493295790893692,0.20400979263441904,0.0,0.0,0.0,0.0,0.0,18473,global,0.0
4,3,lr1e-04_bs8_drop0p4_temp2p0_a0p25_b0p05__wd1e-04trmiss0_degmodglobal,8,0.0001,0.0001,0.4,2.0,0.25,0.05,lr1e-04_bs8_drop0p4_temp2p0_a0p25_b0p05__wd1e-04trmiss0_degmodglobal,14,0.5784891673496791,0.6910013854503632,0.44999999999999996,0.6599587912087912,0.46153846153846156,0.0,0.540944733789989,0.5455680787563324,0.08826898836663791,0.21707659001861299,0.0,0.0,0.0,0.0,0.0,18473,global,0.0
4,3,lr1e-04_bs8_drop0p4_temp2p0_a0p25_b0p05__wd1e-04trmiss0_degmodglobal,8,0.0001,0.0001,0.4,2.0,0.25,0.05,lr1e-04_bs8_drop0p4_temp2p0_a0p25_b0p05__wd1e-04trmiss0_degmodglobal,15,0.6178859557424273,0.6873248517513275,0.44999999999999996,0.6599587912087912,0.46153846153846156,0.0,0.5307174324989319,0.5869917018072945,0.08020757404821259,0.21684702645455087,0.0,0.0,0.0,0.0,0.0,18473,global,0.0
4,3,lr1e-04_bs8_drop0p4_temp2p0_a0p25_b0p05__wd1e-04trmiss0_degmodglobal,8,0.0001,0.0001,0.4,2.0,0.25,0.05,lr1e-04_bs8_drop0p4_temp2p0_a0p25_b0p05__wd1e-04trmiss0_degmodglobal,16,0.5806859135627747,0.6853663623332977,0.44999999999999996,0.6599587912087912,0.46153846153846156,0.0,0.5169786768300193,0.5533250910895211,0.07109651022723742,0.19173385735069,0.0,0.0,0.0,0.0,0.0,18473,global,0.0
4,3,lr1e-04_bs8_drop0p4_temp2p0_a0p25_b0p05__wd1e-04trmiss0_degmodglobal,8,0.0001,0.0001,0.4,2.0,0.25,0.05,lr1e-04_bs8_drop0p4_temp2p0_a0p25_b0p05__wd1e-04trmiss0_degmodglobal,17,0.6236703140395028,0.6819804012775421,0.44999999999999996,0.6599587912087912,0.46153846153846156,0.0,0.48079041498047964,0.5829659359795707,0.1003701708146504,0.312236807176045,0.0,0.0,0.0,0.0,0.0,18473,global,0.0
4,3,lr1e-04_bs8_drop0p4_temp2p0_a0p25_b0p05__wd1e-04trmiss0_degmodglobal,8,0.0001,0.0001,0.4,2.0,0.25,0.05,lr1e-04_bs8_drop0p4_temp2p0_a0p25_b0p05__wd1e-04trmiss0_degmodglobal,18,0.6319111159869603,0.6901790797710419,0.425,0.6531406093906094,0.46153846153846156,0.0,0.48660158259528025,0.5877842307090759,0.1068949167217527,0.3480633326939174,0.0,0.0,0.0,0.0,0.0,18473,global,0.0
4,3,lr1e-04_bs8_drop0p4_temp2p0_a0p25_b0p05__wd1e-04trmiss0_degmodglobal,8,0.0001,0.0001,0.4,2.0,0.25,0.05,lr1e-04_bs8_drop0p4_temp2p0_a0p25_b0p05__wd1e-04trmiss0_degmodglobal,19,0.6068358421325684,0.6914981603622437,0.44999999999999996,0.6599587912087912,0.46153846153846156,0.0,0.5100637461457934,0.5714703713144574,0.08821039912956101,0.26625750958919525,0.0,0.0,0.0,0.0,0.0,18473,global,0.0
4,3,lr1e-04_bs8_drop0p4_temp2p0_a0p25_b0p05__wd1e-04trmiss0_degmodglobal,8,0.0001,0.0001,0.4,2.0,0.25,0.05,lr1e-04_bs8_drop0p4_temp2p0_a0p25_b0p05__wd1e-04trmiss0_degmodglobal,20,0.6253876686096191,0.6856992840766907,0.44999999999999996,0.6599587912087912,0.5384615384615384,0.0,0.5409941119807107,0.5867540836334229,0.10362485689776284,0.2545474661248071,0.0,0.0,0.0,0.0,0.0,18473,global,0.0
4,3,lr1e-04_bs8_drop0p4_temp2p0_a0p25_b0p05__wd1e-04trmiss0_degmodglobal,8,0.0001,0.0001,0.4,2.0,0.25,0.05,lr1e-04_bs8_drop0p4_temp2p0_a0p25_b0p05__wd1e-04trmiss0_degmodglobal,21,0.5843915598733085,0.6861810684204102,0.44999999999999996,0.6599587912087912,0.5384615384615384,0.0,0.496369332075119,0.5478822759219578,0.09886208495923451,0.2358756342104503,0.0,0.0,0.0,0.0,0.0,18473,global,0.0
4,3,lr1e-04_bs8_drop0p4_temp2p0_a0p25_b0p05__wd1e-04trmiss0_degmodglobal,8,0.0001,0.0001,0.4,2.0,0.25,0.05,lr1e-04_bs8_drop0p4_temp2p0_a0p25_b0p05__wd1e-04trmiss0_degmodglobal,22,0.5909539375986371,0.6883439719676971,0.44999999999999996,0.6599587912087912,0.5384615384615384,0.0,0.48224739943231854,0.5480329947812217,0.11270038889987129,0.294916853840862,0.0,0.0,0.0,0.0,0.0,18473,global,0.0
4,3,lr1e-04_bs8_drop0p4_temp2p0_a0p25_b0p05__wd1e-04trmiss0_degmodglobal,8,0.0001,0.0001,0.4,2.0,0.25,0.05,lr1e-04_bs8_drop0p4_temp2p0_a0p25_b0p05__wd1e-04trmiss0_degmodglobal,23,0.6247835414750236,0.6910280883312225,0.44999999999999996,0.6599587912087912,0.5384615384615384,0.0,0.47946915456226896,0.5803940296173096,0.114678079528468,0.31439983525446485,0.0,0.0,0.0,0.0,0.0,18473,global,0.0
4,3,lr1e-04_bs8_drop0p4_temp2p0_a0p25_b0p05__wd1e-04trmiss0_degmodglobal,8,0.0001,0.0001,0.4,2.0,0.25,0.05,lr1e-04_bs8_drop0p4_temp2p0_a0p25_b0p05__wd1e-04trmiss0_degmodglobal,24,0.6046902367046901,0.6871099472045898,0.47500000000000003,0.6682921245421245,0.5384615384615384,0.0,0.4609678472791399,0.563250115939549,0.1092418080994061,0.28259373349802835,0.0,0.0,0.0,0.0,0.0,18473,global,0.0
4,3,lr1e-04_bs8_drop0p4_temp2p0_a0p25_b0p05__wd1e-04trmiss0_degmodglobal,8,0.0001,0.0001,0.4,2.0,0.25,0.05,lr1e-04_bs8_drop0p4_temp2p0_a0p25_b0p05__wd1e-04trmiss0_degmodglobal,25,0.6043664727892194,0.6827709674835205,0.49999999999999994,0.6787087912087912,0.5384615384615384,0.0,0.4903684939656939,0.5691020871911731,0.09435519629291125,0.23351154582841055,0.0,0.0,0.0,0.0,0.0,18473,global,0.0
4,3,lr1e-04_bs8_drop0p4_temp2p0_a0p25_b0p05__wd1e-04trmiss0_degmodglobal,8,0.0001,0.0001,0.4,2.0,0.25,0.05,lr1e-04_bs8_drop0p4_temp2p0_a0p25_b0p05__wd1e-04trmiss0_degmodglobal,26,0.5938574927193778,0.6823162138462067,0.47500000000000003,0.6682921245421245,0.5384615384615384,0.0,0.4588146039417812,0.5504362157412938,0.11566441399710518,0.2901032215782574,0.0,0.0,0.0,0.0,0.0,18473,global,0.0
4,3,lr1e-04_bs8_drop0p4_temp2p0_a0p25_b0p05__wd1e-04trmiss0_degmodglobal,8,0.0001,0.0001,0.4,2.0,0.25,0.05,lr1e-04_bs8_drop0p4_temp2p0_a0p25_b0p05__wd1e-04trmiss0_degmodglobal,27,0.5784729293414524,0.6836455762386322,0.49999999999999994,0.6787087912087912,0.5384615384615384,0.0,0.5048337749072483,0.5432570959840503,0.09190218150615692,0.24480589159897395,0.0,0.0,0.0,0.0,0.0,18473,global,0.0
4,3,lr1e-04_bs8_drop0p4_temp2p0_a0p25_b0p05__wd1e-04trmiss0_degmodglobal,8,0.0001,0.0001,0.4,2.0,0.25,0.05,lr1e-04_bs8_drop0p4_temp2p0_a0p25_b0p05__wd1e-04trmiss0_degmodglobal,28,0.6031909584999084,0.6829988062381744,0.49999999999999994,0.6787087912087912,0.5384615384615384,0.0,0.5194384711129325,0.560816981962749,0.11147649958729744,0.29009694180318285,0.0,0.0,0.0,0.0,0.0,18473,global,0.0
4,3,lr1e-04_bs8_drop0p4_temp2p0_a0p25_b0p05__wd1e-04trmiss0_degmodglobal,8,0.0001,0.0001,0.4,2.0,0.25,0.05,lr1e-04_bs8_drop0p4_temp2p0_a0p25_b0p05__wd1e-04trmiss0_degmodglobal,29,0.5928735647882734,0.6864335238933563,0.49999999999999994,0.6787087912087912,0.5384615384615384,0.0,0.488543872322355,0.5535678693226406,0.1080848111638001,0.24568994236843927,0.0,0.0,0.0,0.0,0.0,18473,global,0.0
4,3,lr1e-04_bs8_drop0p4_temp2p0_a0p25_b0p05__wd1e-04trmiss0_degmodglobal,8,0.0001,0.0001,0.4,2.0,0.25,0.05,lr1e-04_bs8_drop0p4_temp2p0_a0p25_b0p05__wd1e-04trmiss0_degmodglobal,30,0.6033225059509277,0.6877935528755188,0.49999999999999994,0.6787087912087912,0.5384615384615384,0.0,0.4572732618876866,0.5574146296296801,0.12399660902363914,0.29817439509289606,0.0,0.0,0.0,0.0,0.0,18473,global,0.0
4,3,lr1e-04_bs8_drop0p4_temp2p0_a0p25_b0p05__wd1e-04trmiss0_degmodglobal,8,0.0001,0.0001,0.4,2.0,0.25,0.05,lr1e-04_bs8_drop0p4_temp2p0_a0p25_b0p05__wd1e-04trmiss0_degmodglobal,31,0.5920513187135968,0.6858963370323181,0.49999999999999994,0.6787087912087912,0.5384615384615384,0.0,0.48576230662209646,0.5562377912657601,0.09503576425569397,0.2410916779190302,0.0,0.0,0.0,0.0,0.0,18473,global,0.0
4,3,lr1e-04_bs8_drop0p4_temp2p0_a0p25_b0p05__wd1e-04trmiss0_degmodglobal,8,0.0001,0.0001,0.4,2.0,0.25,0.05,lr1e-04_bs8_drop0p4_temp2p0_a0p25_b0p05__wd1e-04trmiss0_degmodglobal,32,0.5991712382861546,0.6849397718906403,0.49999999999999994,0.6787087912087912,0.5384615384615384,0.0,0.4659512000424521,0.5431246331759861,0.1517264630113329,0.36229985526629854,0.0,0.0,0.0,0.0,0.0,18473,global,0.0
4,3,lr1e-04_bs8_drop0p4_temp2p0_a0p25_b0p05__wd1e-04trmiss0_degmodglobal,8,0.0001,0.0001,0.4,2.0,0.25,0.05,lr1e-04_bs8_drop0p4_temp2p0_a0p25_b0p05__wd1e-04trmiss0_degmodglobal,33,0.5743015663964408,0.6811048090457916,0.49999999999999994,0.6787087912087912,0.5384615384615384,0.0,0.4765899990286146,0.5258900310311999,0.13167802031551087,0.30984051312719074,0.0,0.0,0.0,0.0,0.0,18473,global,0.0
4,3,lr1e-04_bs8_drop0p4_temp2p0_a0p25_b0p05__wd1e-04trmiss0_degmodglobal,8,0.0001,0.0001,0.4,2.0,0.25,0.05,lr1e-04_bs8_drop0p4_temp2p0_a0p25_b0p05__wd1e-04trmiss0_degmodglobal,34,0.6121548584529332,0.6832682192325592,0.47500000000000003,0.6682921245421245,0.5384615384615384,0.0,0.48813112718718393,0.5587323904037476,0.14901179820299149,0.3233903561319624,0.0,0.0,0.0,0.0,0.0,18473,global,0.0
4,3,lr1e-04_bs8_drop0p4_temp2p0_a0p25_b0p05__wd1e-04trmiss0_degmodglobal,8,0.0001,0.0001,0.4,2.0,0.25,0.05,lr1e-04_bs8_drop0p4_temp2p0_a0p25_b0p05__wd1e-04trmiss0_degmodglobal,35,0.5662477697644915,0.6810790002346039,0.47500000000000003,0.6682921245421245,0.5384615384615384,0.0,0.4815387896129063,0.531016081571579,0.10311543356095042,0.18905675038695335,0.0,0.0,0.0,0.0,0.0,18473,global,0.0
4,3,lr1e-04_bs8_drop0p4_temp2p0_a0p25_b0p05__wd1e-04trmiss0_degmodglobal,8,0.0001,0.0001,0.4,2.0,0.25,0.05,lr1e-04_bs8_drop0p4_temp2p0_a0p25_b0p05__wd1e-04trmiss0_degmodglobal,36,0.5618712731770107,0.6826395690441132,0.47500000000000003,0.6682921245421245,0.5384615384615384,0.0,0.4638723986489432,0.5200318140642983,0.11905618118388313,0.24150841683149338,0.0,0.0,0.0,0.0,0.0,18473,global,0.0
4,3,lr1e-04_bs8_drop0p4_temp2p0_a0p25_b0p05__wd1e-04trmiss0_degmodglobal,8,0.0001,0.0001,0.4,2.0,0.25,0.05,lr1e-04_bs8_drop0p4_temp2p0_a0p25_b0p05__wd1e-04trmiss0_degmodglobal,37,0.6225834318569728,0.6800296306610107,0.49999999999999994,0.6787087912087912,0.5384615384615384,0.0,0.4892122617789677,0.5697417259216309,0.13537664977567537,0.37995102256536484,0.0,0.0,0.0,0.0,0.0,18473,global,0.0
4,3,lr1e-04_bs8_drop0p4_temp2p0_a0p25_b0p05__wd1e-04trmiss0_degmodglobal,8,0.0001,0.0001,0.4,2.0,0.25,0.05,lr1e-04_bs8_drop0p4_temp2p0_a0p25_b0p05__wd1e-04trmiss0_degmodglobal,38,0.5893497126443046,0.6838876307010651,0.49999999999999994,0.6787087912087912,0.5384615384615384,0.0,0.4725487913404192,0.5528751015663147,0.10045575456959861,0.22721385104315622,0.0,0.0,0.0,0.0,0.0,18473,global,0.0
4,3,lr1e-04_bs8_drop0p4_temp2p0_a0p25_b0p05__wd1e-04trmiss0_degmodglobal,8,0.0001,0.0001,0.4,2.0,0.25,0.05,lr1e-04_bs8_drop0p4_temp2p0_a0p25_b0p05__wd1e-04trmiss0_degmodglobal,39,0.5724033117294312,0.6803252398967743,0.49999999999999994,0.6787087912087912,0.5384615384615384,0.0,0.45904649581227985,0.5333349364144462,0.11124093777367047,0.2251628605382783,0.0,0.0,0.0,0.0,0.0,18473,global,0.0
4,3,lr1e-04_bs8_drop0p4_temp2p0_a0p25_b0p05__wd1e-04trmiss0_degmodglobal,8,0.0001,0.0001,0.4,2.0,0.25,0.05,lr1e-04_bs8_drop0p4_temp2p0_a0p25_b0p05__wd1e-04trmiss0_degmodglobal,40,0.5962290678705487,0.6825538575649261,0.49999999999999994,0.6787087912087912,0.5384615384615384,0.0,0.4567033605916159,0.5529042397226606,0.11317770076649529,0.30060802825859617,0.0,0.0,0.0,0.0,0.0,18473,global,0.0
4,3,lr1e-04_bs8_drop0p4_temp2p0_a0p25_b0p05__wd1e-04trmiss0_degmodglobal,8,0.0001,0.0001,0.4,2.0,0.25,0.05,lr1e-04_bs8_drop0p4_temp2p0_a0p25_b0p05__wd1e-04trmiss0_degmodglobal,41,0.5661823962415967,0.6862065494060516,0.47500000000000003,0.6682921245421245,0.5384615384615384,0.0,0.4476219628538404,0.5208844585078103,0.13961204034941538,0.2078984837446894,0.0,0.0,0.0,0.0,0.0,18473,global,0.0
4,3,lr1e-04_bs8_drop0p4_temp2p0_a0p25_b0p05__wd1e-04trmiss0_degmodglobal,8,0.0001,0.0001,0.4,2.0,0.25,0.05,lr1e-04_bs8_drop0p4_temp2p0_a0p25_b0p05__wd1e-04trmiss0_degmodglobal,42,0.574610003403255,0.6846091449260712,0.49999999999999994,0.6787087912087912,0.5384615384615384,0.0,0.4646268699850355,0.5333507188728878,0.1195041611790657,0.22766471547739847,0.0,0.0,0.0,0.0,0.0,18473,global,0.0
4,3,lr1e-04_bs8_drop0p4_temp2p0_a0p25_b0p05__wd1e-04trmiss0_degmodglobal,8,0.0001,0.0001,0.4,2.0,0.25,0.05,lr1e-04_bs8_drop0p4_temp2p0_a0p25_b0p05__wd1e-04trmiss0_degmodglobal,43,0.6464325700487409,0.6841855347156525,0.49999999999999994,0.6787087912087912,0.5384615384615384,0.0,0.4877099522522518,0.6005248469965798,0.12143656079258237,0.3109714708157948,0.0,0.0,0.0,0.0,0.0,18473,global,0.0
4,3,lr1e-04_bs8_drop0p4_temp2p0_a0p25_b0p05__wd1e-04trmiss0_degmodglobal,8,0.0001,0.0001,0.4,2.0,0.25,0.05,lr1e-04_bs8_drop0p4_temp2p0_a0p25_b0p05__wd1e-04trmiss0_degmodglobal,44,0.5956652675356183,0.6866646111011505,0.49999999999999994,0.6787087912087912,0.5384615384615384,0.0,0.4510178991726467,0.5584543432508197,0.102536213185106,0.23153748682567052,0.0,0.0,0.0,0.0,0.0,18473,global,0.0
4,3,lr1e-04_bs8_drop0p4_temp2p0_a0p25_b0p05__wd1e-04trmiss0_degmodglobal,8,0.0001,0.0001,0.4,2.0,0.25,0.05,lr1e-04_bs8_drop0p4_temp2p0_a0p25_b0p05__wd1e-04trmiss0_degmodglobal,45,0.5566845493657249,0.6850731074810028,0.49999999999999994,0.6787087912087912,0.5384615384615384,0.0,0.44875657132693697,0.5139761865139008,0.12327263610703605,0.23780421486922673,0.0,0.0,0.0,0.0,0.0,18473,global,0.0
4,3,lr1e-04_bs8_drop0p4_temp2p0_a0p25_b0p05__wd1e-04trmiss0_degmodglobal,8,0.0001,0.0001,0.4,2.0,0.25,0.05,lr1e-04_bs8_drop0p4_temp2p0_a0p25_b0p05__wd1e-04trmiss0_degmodglobal,46,0.5974803439208439,0.6855052411556244,0.47500000000000003,0.6682921245421245,0.5384615384615384,0.0,0.4402483914579664,0.5428770354815892,0.14502053814274923,0.3669634163379669,0.0,0.0,0.0,0.0,0.0,18473,global,0.0
4,3,lr1e-04_bs8_drop0p4_temp2p0_a0p25_b0p05__wd1e-04trmiss0_degmodglobal,8,0.0001,0.0001,0.4,2.0,0.25,0.05,lr1e-04_bs8_drop0p4_temp2p0_a0p25_b0p05__wd1e-04trmiss0_degmodglobal,47,0.5958807979311261,0.6850393414497375,0.49999999999999994,0.6787087912087912,0.5384615384615384,0.0,0.4514756032398769,0.5511907637119293,0.12379694197859083,0.2748160905071667,0.0,0.0,0.0,0.0,0.0,18473,global,0.0
4,3,lr1e-04_bs8_drop0p4_temp2p0_a0p25_b0p05__wd1e-04trmiss0_degmodglobal,8,0.0001,0.0001,0.4,2.0,0.25,0.05,lr1e-04_bs8_drop0p4_temp2p0_a0p25_b0p05__wd1e-04trmiss0_degmodglobal,48,0.5806414825575692,0.6858145296573639,0.49999999999999994,0.6787087912087912,0.5384615384615384,0.0,0.4535286383969443,0.5408540197781154,0.1075764958347593,0.2578666838152068,0.0,0.0,0.0,0.0,0.0,18473,global,0.0
4,3,lr1e-04_bs8_drop0p4_temp2p0_a0p25_b0p05__wd1e-04trmiss0_degmodglobal,8,0.0001,0.0001,0.4,2.0,0.25,0.05,lr1e-04_bs8_drop0p4_temp2p0_a0p25_b0p05__wd1e-04trmiss0_degmodglobal,49,0.6250930513654437,0.6851978898048401,0.49999999999999994,0.6787087912087912,0.5384615384615384,0.0,0.45253561650003704,0.5700590993676867,0.15236657432147435,0.33884585329464506,0.0,0.0,0.0,0.0,0.0,18473,global,0.0
4,3,lr1e-04_bs8_drop0p4_temp2p0_a0p25_b0p05__wd1e-04trmiss0_degmodglobal,8,0.0001,0.0001,0.4,2.0,0.25,0.05,lr1e-04_bs8_drop0p4_temp2p0_a0p25_b0p05__wd1e-04trmiss0_degmodglobal,50,0.6233040009226117,0.6822643280029297,0.49999999999999994,0.6787087912087912,0.5384615384615384,0.0,0.47005570786339895,0.5732230288641793,0.1344059987791947,0.32958951964974403,0.0,0.0,0.0,0.0,0.0,18473,global,0.0
4,3,lr1e-04_bs8_drop0p4_temp2p0_a0p25_b0p05__wd1e-04trmiss0_degmodglobal,8,0.0001,0.0001,0.4,2.0,0.25,0.05,lr1e-04_bs8_drop0p4_temp2p0_a0p25_b0p05__wd1e-04trmiss0_degmodglobal,51,0.6250644837106977,0.68233922123909,0.49999999999999994,0.6787087912087912,0.5384615384615384,0.0,0.44322624802589417,0.5643601587840489,0.16431143028395517,0.3925290597336633,0.0,0.0,0.0,0.0,0.0,18473,global,0.0
4,3,lr1e-04_bs8_drop0p4_temp2p0_a0p25_b0p05__wd1e-04trmiss0_degmodglobal,8,0.0001,0.0001,0.4,2.0,0.25,0.05,lr1e-04_bs8_drop0p4_temp2p0_a0p25_b0p05__wd1e-04trmiss0_degmodglobal,52,0.57721061365945,0.6840705573558807,0.49999999999999994,0.6787087912087912,0.5384615384615384,0.0,0.4486111913408552,0.53549838917596,0.11072444915771484,0.2806225206170763,0.0,0.0,0.0,0.0,0.0,18473,global,0.0
4,3,lr1e-04_bs8_drop0p4_temp2p0_a0p25_b0p05__wd1e-04trmiss0_degmodglobal,8,0.0001,0.0001,0.4,2.0,0.25,0.05,lr1e-04_bs8_drop0p4_temp2p0_a0p25_b0p05__wd1e-04trmiss0_degmodglobal,53,0.6055968914713178,0.6833458840847015,0.49999999999999994,0.6787087912087912,0.5384615384615384,0.0,0.41128205401556833,0.5481208988598415,0.14931091453347886,0.4029653114931924,0.0,0.0,0.0,0.0,0.0,18473,global,0.0
4,3,lr1e-04_bs8_drop0p4_temp2p0_a0p25_b0p05__wd1e-04trmiss0_degmodglobal,8,0.0001,0.0001,0.4,2.0,0.25,0.05,lr1e-04_bs8_drop0p4_temp2p0_a0p25_b0p05__wd1e-04trmiss0_degmodglobal,54,0.581230776650565,0.6824809908866882,0.47500000000000003,0.6682921245421245,0.5384615384615384,0.0,0.4178336092403957,0.5228175606046405,0.16304522114140646,0.35303846427372526,0.0,0.0,0.0,0.0,0.0,18473,global,0.0
4,3,lr1e-04_bs8_drop0p4_temp2p0_a0p25_b0p05__wd1e-04trmiss0_degmodglobal,8,0.0001,0.0001,0.4,2.0,0.25,0.05,lr1e-04_bs8_drop0p4_temp2p0_a0p25_b0p05__wd1e-04trmiss0_degmodglobal,55,0.6027188301086426,0.6839939653873444,0.47500000000000003,0.6682921245421245,0.5384615384615384,0.0,0.4355273119040898,0.5528859836714608,0.12769969978502818,0.3581580753837313,0.0,0.0,0.0,0.0,0.0,18473,global,0.0
4,3,lr1e-04_bs8_drop0p4_temp2p0_a0p25_b0p05__wd1e-04trmiss0_degmodglobal,8,0.0001,0.0001,0.4,2.0,0.25,0.05,lr1e-04_bs8_drop0p4_temp2p0_a0p25_b0p05__wd1e-04trmiss0_degmodglobal,56,0.5710722548621041,0.685403972864151,0.47500000000000003,0.6682921245421245,0.5384615384615384,0.0,0.432898359639304,0.522548747914178,0.13173635303974152,0.3117885398013251,0.0,0.0,0.0,0.0,0.0,18473,global,0.0
4,3,lr1e-04_bs8_drop0p4_temp2p0_a0p25_b0p05__wd1e-04trmiss0_degmodglobal,8,0.0001,0.0001,0.4,2.0,0.25,0.05,lr1e-04_bs8_drop0p4_temp2p0_a0p25_b0p05__wd1e-04trmiss0_degmodglobal,57,0.6224122217723301,0.6869893372058868,0.47500000000000003,0.6682921245421245,0.5384615384615384,0.0,0.4262849816254207,0.5690628928797585,0.14556325439895904,0.33917034417390823,0.0,0.0,0.0,0.0,0.0,18473,global,0.0
4,3,lr5e-05_bs8_drop0p2_temp1p0_a0p25_b0p05__wd1e-04trmiss0_degmodglobal,8,5e-05,0.0001,0.2,1.0,0.25,0.05,lr5e-05_bs8_drop0p2_temp1p0_a0p25_b0p05__wd1e-04trmiss0_degmodglobal,1,0.7419332265853882,0.7569325268268585,0.45,0.6601887695637696,0.38461538461538464,0.0,0.7036079083170209,0.7271318095070975,0.04543725507599967,0.06884210982492991,0.0,0.0,0.0,0.0,0.0,18473,global,0.0
4,3,lr5e-05_bs8_drop0p2_temp1p0_a0p25_b0p05__wd1e-04trmiss0_degmodglobal,8,5e-05,0.0001,0.2,1.0,0.25,0.05,lr5e-05_bs8_drop0p2_temp1p0_a0p25_b0p05__wd1e-04trmiss0_degmodglobal,2,0.7173483797482082,0.7426614165306091,0.42500000000000004,0.6518554362304363,0.38461538461538464,0.0,0.7013669099126544,0.704830961568015,0.0372689784105335,0.064003765050854,0.0,0.0,0.0,0.0,0.0,18473,global,0.0
4,3,lr5e-05_bs8_drop0p2_temp1p0_a0p25_b0p05__wd1e-04trmiss0_degmodglobal,8,5e-05,0.0001,0.2,1.0,0.25,0.05,lr5e-05_bs8_drop0p2_temp1p0_a0p25_b0p05__wd1e-04trmiss0_degmodglobal,3,0.6963428173746381,0.7296091020107269,0.425,0.6495851370851371,0.38461538461538464,0.0,0.6766768097877502,0.6825989314488002,0.04202821930604322,0.06473650197897639,0.0,0.0,0.0,0.0,0.0,18473,global,0.0
4,3,lr5e-05_bs8_drop0p2_temp1p0_a0p25_b0p05__wd1e-04trmiss0_degmodglobal,8,5e-05,0.0001,0.2,1.0,0.25,0.05,lr5e-05_bs8_drop0p2_temp1p0_a0p25_b0p05__wd1e-04trmiss0_degmodglobal,4,0.6748499955449786,0.7207047939300537,0.425,0.6495851370851371,0.38461538461538464,0.0,0.6499811581202916,0.6618331585611615,0.04044895353061812,0.058091812900134494,0.0,0.0,0.0,0.0,0.0,18473,global,0.0
4,3,lr5e-05_bs8_drop0p2_temp1p0_a0p25_b0p05__wd1e-04trmiss0_degmodglobal,8,5e-05,0.0001,0.2,1.0,0.25,0.05,lr5e-05_bs8_drop0p2_temp1p0_a0p25_b0p05__wd1e-04trmiss0_degmodglobal,5,0.6770575983183724,0.7247307896614075,0.425,0.599585137085137,0.46153846153846156,0.0,0.6386171749659947,0.6630012733595712,0.04414730625493186,0.060389941558241844,0.0,0.0,0.0,0.0,0.0,18473,global,0.0
4,3,lr5e-05_bs8_drop0p2_temp1p0_a0p25_b0p05__wd1e-04trmiss0_degmodglobal,8,5e-05,0.0001,0.2,1.0,0.25,0.05,lr5e-05_bs8_drop0p2_temp1p0_a0p25_b0p05__wd1e-04trmiss0_degmodglobal,6,0.6681692770549229,0.7253221869468689,0.45,0.6082656926406926,0.46153846153846156,0.0,0.6331799881798881,0.6554255485534668,0.037344779287065775,0.06815094926527568,0.0,0.0,0.0,0.0,0.0,18473,global,0.0
4,3,lr5e-05_bs8_drop0p2_temp1p0_a0p25_b0p05__wd1e-04trmiss0_degmodglobal,8,5e-05,0.0001,0.2,1.0,0.25,0.05,lr5e-05_bs8_drop0p2_temp1p0_a0p25_b0p05__wd1e-04trmiss0_degmodglobal,7,0.6399127330098834,0.7276482284069061,0.475,0.6201704545454545,0.46153846153846156,0.0,0.6204403723989215,0.6240841916629246,0.04640135541558266,0.08456414459007126,0.0,0.0,0.0,0.0,0.0,18473,global,0.0
4,3,lr5e-05_bs8_drop0p2_temp1p0_a0p25_b0p05__wd1e-04trmiss0_degmodglobal,8,5e-05,0.0001,0.2,1.0,0.25,0.05,lr5e-05_bs8_drop0p2_temp1p0_a0p25_b0p05__wd1e-04trmiss0_degmodglobal,8,0.6397896323885236,0.72632896900177,0.49999999999999994,0.6313311688311688,0.38461538461538464,0.0,0.6440306901931763,0.6246759636061532,0.04562508687376976,0.0741479495274169,0.0,0.0,0.0,0.0,0.0,18473,global,0.0
4,3,lr5e-05_bs8_drop0p2_temp1p0_a0p25_b0p05__wd1e-04trmiss0_degmodglobal,8,5e-05,0.0001,0.2,1.0,0.25,0.05,lr5e-05_bs8_drop0p2_temp1p0_a0p25_b0p05__wd1e-04trmiss0_degmodglobal,9,0.6503134369850159,0.7166058421134949,0.55,0.6476190476190476,0.46153846153846156,0.0,0.6355189595903669,0.6351213710648673,0.04713964302624975,0.06814356840082578,0.0,0.0,0.0,0.0,0.0,18473,global,0.0
4,3,lr5e-05_bs8_drop0p2_temp1p0_a0p25_b0p05__wd1e-04trmiss0_degmodglobal,8,5e-05,0.0001,0.2,1.0,0.25,0.05,lr5e-05_bs8_drop0p2_temp1p0_a0p25_b0p05__wd1e-04trmiss0_degmodglobal,10,0.6383607728140694,0.7171431183815002,0.6,0.6677579365079365,0.46153846153846156,0.0,0.6273595520428249,0.6217240009989057,0.052694424986839294,0.06926327518054418,0.0,0.0,0.0,0.0,0.0,18473,global,0.0
4,3,lr5e-05_bs8_drop0p2_temp1p0_a0p25_b0p05__wd1e-04trmiss0_degmodglobal,8,5e-05,0.0001,0.2,1.0,0.25,0.05,lr5e-05_bs8_drop0p2_temp1p0_a0p25_b0p05__wd1e-04trmiss0_degmodglobal,11,0.6521068130220685,0.7405722141265869,0.475,0.6618371212121212,0.38461538461538464,0.0,0.6155247943741935,0.6394698449543544,0.037788049184850285,0.06379918434790202,0.0,0.0,0.0,0.0,0.0,18473,global,0.0
4,3,lr5e-05_bs8_drop0p2_temp1p0_a0p25_b0p05__wd1e-04trmiss0_degmodglobal,8,5e-05,0.0001,0.2,1.0,0.25,0.05,lr5e-05_bs8_drop0p2_temp1p0_a0p25_b0p05__wd1e-04trmiss0_degmodglobal,12,0.6319535034043449,0.7422066926956177,0.475,0.6618371212121212,0.46153846153846156,0.0,0.5966459853308541,0.6155291710581098,0.05247465627534049,0.06611323835594314,0.0,0.0,0.0,0.0,0.0,18473,global,0.0
4,3,lr5e-05_bs8_drop0p2_temp1p0_a0p25_b0p05__wd1e-04trmiss0_degmodglobal,8,5e-05,0.0001,0.2,1.0,0.25,0.05,lr5e-05_bs8_drop0p2_temp1p0_a0p25_b0p05__wd1e-04trmiss0_degmodglobal,13,0.6181251917566571,0.7370341718196869,0.5,0.6826704545454545,0.38461538461538464,0.0,0.58054062298366,0.6015248894691467,0.05336260848811695,0.06519303204757827,0.0,0.0,0.0,0.0,0.0,18473,global,0.0
4,3,lr5e-05_bs8_drop0p2_temp1p0_a0p25_b0p05__wd1e-04trmiss0_degmodglobal,8,5e-05,0.0001,0.2,1.0,0.25,0.05,lr5e-05_bs8_drop0p2_temp1p0_a0p25_b0p05__wd1e-04trmiss0_degmodglobal,14,0.6175805074828011,0.737857848405838,0.5249999999999999,0.6938311688311688,0.38461538461538464,0.0,0.5921622514724731,0.6012687257358006,0.05045873724988529,0.07394172889845711,0.0,0.0,0.0,0.0,0.0,18473,global,0.0
4,3,lr5e-05_bs8_drop0p2_temp1p0_a0p25_b0p05__wd1e-04trmiss0_degmodglobal,8,5e-05,0.0001,0.2,1.0,0.25,0.05,lr5e-05_bs8_drop0p2_temp1p0_a0p25_b0p05__wd1e-04trmiss0_degmodglobal,15,0.6146844029426575,0.7248975336551666,0.5249999999999999,0.6396645021645021,0.46153846153846156,0.0,0.5892215584005628,0.5990366850580487,0.04977598280778953,0.0640741057161774,0.0,0.0,0.0,0.0,0.0,18473,global,0.0
4,3,lr5e-05_bs8_drop0p2_temp1p0_a0p25_b0p05__wd1e-04trmiss0_degmodglobal,8,5e-05,0.0001,0.2,1.0,0.25,0.05,lr5e-05_bs8_drop0p2_temp1p0_a0p25_b0p05__wd1e-04trmiss0_degmodglobal,16,0.6072863170078823,0.724679559469223,0.49999999999999994,0.6313311688311688,0.46153846153846156,0.0,0.5997731174741473,0.5873711024011884,0.05958267833505358,0.10039065937910761,0.0,0.0,0.0,0.0,0.0,18473,global,0.0
4,3,lr5e-05_bs8_drop0p2_temp1p0_a0p25_b0p05__wd1e-04trmiss0_degmodglobal,8,5e-05,0.0001,0.2,1.0,0.25,0.05,lr5e-05_bs8_drop0p2_temp1p0_a0p25_b0p05__wd1e-04trmiss0_degmodglobal,17,0.6042398895536151,0.7244075834751129,0.49999999999999994,0.6313311688311688,0.46153846153846156,0.0,0.594336313860757,0.5869962062154498,0.05567599247608866,0.06649355749998774,0.0,0.0,0.0,0.0,0.0,18473,global,0.0
4,3,lr5e-05_bs8_drop0p2_temp1p0_a0p25_b0p05__wd1e-04trmiss0_degmodglobal,8,5e-05,0.0001,0.2,1.0,0.25,0.05,lr5e-05_bs8_drop0p2_temp1p0_a0p25_b0p05__wd1e-04trmiss0_degmodglobal,18,0.6038165603365216,0.7226511538028717,0.49999999999999994,0.6313311688311688,0.46153846153846156,0.0,0.5742285932813372,0.582639719758715,0.06804086773523263,0.08333229832351208,0.0,0.0,0.0,0.0,0.0,18473,global,0.0
4,3,lr5e-05_bs8_drop0p2_temp1p0_a0p25_b0p05__wd1e-04trmiss0_degmodglobal,8,5e-05,0.0001,0.2,1.0,0.25,0.05,lr5e-05_bs8_drop0p2_temp1p0_a0p25_b0p05__wd1e-04trmiss0_degmodglobal,19,0.5899838038853237,0.7243767082691193,0.55,0.6476190476190476,0.46153846153846156,0.0,0.5758237668446132,0.5665039420127869,0.07569369886602674,0.09112899431160518,0.0,0.0,0.0,0.0,0.0,18473,global,0.0
4,3,lr5e-05_bs8_drop0p2_temp1p0_a0p25_b0p05__wd1e-04trmiss0_degmodglobal,8,5e-05,0.0001,0.2,1.0,0.25,0.05,lr5e-05_bs8_drop0p2_temp1p0_a0p25_b0p05__wd1e-04trmiss0_degmodglobal,20,0.5951497725078038,0.7271294295787811,0.5249999999999999,0.6364583333333333,0.46153846153846156,0.0,0.5656502417155674,0.5743553297860282,0.06496773287653923,0.0910503619483539,0.0,0.0,0.0,0.0,0.0,18473,global,0.0
4,3,lr5e-05_bs8_drop0p2_temp1p0_a0p25_b0p05__wd1e-04trmiss0_degmodglobal,8,5e-05,0.0001,0.2,1.0,0.25,0.05,lr5e-05_bs8_drop0p2_temp1p0_a0p25_b0p05__wd1e-04trmiss0_degmodglobal,21,0.627305941922324,0.7249828279018402,0.55,0.6476190476190476,0.46153846153846156,0.0,0.5824965749468122,0.6063293048313686,0.0663801399724824,0.08763211805905614,0.0,0.0,0.0,0.0,0.0,18473,global,0.0
4,3,lr5e-05_bs8_drop0p2_temp1p0_a0p25_b0p05__wd1e-04trmiss0_degmodglobal,8,5e-05,0.0001,0.2,1.0,0.25,0.05,lr5e-05_bs8_drop0p2_temp1p0_a0p25_b0p05__wd1e-04trmiss0_degmodglobal,22,0.5847181848117283,0.7262375354766846,0.5249999999999999,0.6396645021645021,0.46153846153846156,0.0,0.5619633282933917,0.5651374203818185,0.06607738882303238,0.06122830456921032,0.0,0.0,0.0,0.0,0.0,18473,global,0.0
4,3,lr5e-05_bs8_drop0p2_temp1p0_a0p25_b0p05__wd1e-04trmiss0_degmodglobal,8,5e-05,0.0001,0.2,1.0,0.25,0.05,lr5e-05_bs8_drop0p2_temp1p0_a0p25_b0p05__wd1e-04trmiss0_degmodglobal,23,0.5947297385760716,0.7220235764980316,0.55,0.6500811688311688,0.46153846153846156,0.0,0.5657973630087716,0.5750222461564201,0.06784299335309438,0.054934424348175526,0.0,0.0,0.0,0.0,0.0,18473,global,0.0
4,3,lr5e-05_bs8_drop0p2_temp1p0_a0p25_b0p05__wd1e-04trmiss0_degmodglobal,8,5e-05,0.0001,0.2,1.0,0.25,0.05,lr5e-05_bs8_drop0p2_temp1p0_a0p25_b0p05__wd1e-04trmiss0_degmodglobal,24,0.5953059451920646,0.7140581905841827,0.575,0.6688311688311689,0.46153846153846156,0.0,0.5700366837637765,0.5765286343438285,0.06363061868718692,0.05739299234535013,0.0,0.0,0.0,0.0,0.0,18473,global,0.0
4,3,lr5e-05_bs8_drop0p2_temp1p0_a0p25_b0p05__wd1e-04trmiss0_degmodglobal,8,5e-05,0.0001,0.2,1.0,0.25,0.05,lr5e-05_bs8_drop0p2_temp1p0_a0p25_b0p05__wd1e-04trmiss0_degmodglobal,25,0.6048554011753627,0.7168945372104645,0.575,0.6688311688311689,0.46153846153846156,0.0,0.5386706292629242,0.5809938907623291,0.07473724441868919,0.10354446034346308,0.0,0.0,0.0,0.0,0.0,18473,global,0.0
4,3,lr5e-05_bs8_drop0p2_temp1p0_a0p25_b0p05__wd1e-04trmiss0_degmodglobal,8,5e-05,0.0001,0.2,1.0,0.25,0.05,lr5e-05_bs8_drop0p2_temp1p0_a0p25_b0p05__wd1e-04trmiss0_degmodglobal,26,0.5728482263428825,0.7115254402160645,0.55,0.6500811688311688,0.46153846153846156,0.0,0.549471242087228,0.5514212250709534,0.07446486077138356,0.056215764688594,0.0,0.0,0.0,0.0,0.0,18473,global,0.0
4,3,lr5e-05_bs8_drop0p2_temp1p0_a0p25_b0p05__wd1e-04trmiss0_degmodglobal,8,5e-05,0.0001,0.2,1.0,0.25,0.05,lr5e-05_bs8_drop0p2_temp1p0_a0p25_b0p05__wd1e-04trmiss0_degmodglobal,27,0.5737509897777012,0.714026689529419,0.55,0.6500811688311688,0.46153846153846156,0.0,0.546850106545857,0.5482366510799953,0.08434836938977242,0.08854474752609219,0.0,0.0,0.0,0.0,0.0,18473,global,0.0
4,3,lr5e-05_bs8_drop0p2_temp1p0_a0p25_b0p05__wd1e-04trmiss0_degmodglobal,8,5e-05,0.0001,0.2,1.0,0.25,0.05,lr5e-05_bs8_drop0p2_temp1p0_a0p25_b0p05__wd1e-04trmiss0_degmodglobal,28,0.5784713923931122,0.7134742438793182,0.575,0.6688311688311689,0.46153846153846156,0.0,0.5509688428470066,0.5538077056407928,0.08186915676508631,0.08392789800252233,0.0,0.0,0.0,0.0,0.0,18473,global,0.0
4,3,lr5e-05_bs8_drop0p2_temp1p0_a0p25_b0p05__wd1e-04trmiss0_degmodglobal,8,5e-05,0.0001,0.2,1.0,0.25,0.05,lr5e-05_bs8_drop0p2_temp1p0_a0p25_b0p05__wd1e-04trmiss0_degmodglobal,29,0.5826769641467503,0.7099291384220123,0.55,0.6500811688311688,0.46153846153846156,0.0,0.5249883362225124,0.5591224687440055,0.07542497771126884,0.09396524408033916,0.0,0.0,0.0,0.0,0.0,18473,global,0.0
4,3,lr5e-05_bs8_drop0p2_temp1p0_a0p25_b0p05__wd1e-04trmiss0_degmodglobal,8,5e-05,0.0001,0.2,1.0,0.25,0.05,lr5e-05_bs8_drop0p2_temp1p0_a0p25_b0p05__wd1e-04trmiss0_degmodglobal,30,0.5969894017492022,0.7103942632675171,0.55,0.6500811688311688,0.46153846153846156,0.0,0.5493341684341431,0.5735755051885333,0.08098319172859192,0.06336187571287155,0.0,0.0,0.0,0.0,0.0,18473,global,0.0
4,3,lr5e-05_bs8_drop0p2_temp2p0_a0p25_b0p05__wd1e-04trmiss0_degmodglobal,8,5e-05,0.0001,0.2,2.0,0.25,0.05,lr5e-05_bs8_drop0p2_temp2p0_a0p25_b0p05__wd1e-04trmiss0_degmodglobal,1,0.7671582443373544,1.0020723342895508,0.425,0.6035599816849817,0.38461538461538464,0.0,0.6835008263587952,0.7464340584618705,0.044402954301663806,0.19246901358876908,0.0,0.0,0.0,0.0,0.0,18473,global,0.0
4,3,lr5e-05_bs8_drop0p2_temp2p0_a0p25_b0p05__wd1e-04trmiss0_degmodglobal,8,5e-05,0.0001,0.2,2.0,0.25,0.05,lr5e-05_bs8_drop0p2_temp2p0_a0p25_b0p05__wd1e-04trmiss0_degmodglobal,2,0.7586902294840131,1.0640712976455688,0.575,0.6873397435897437,0.5384615384615384,0.0,0.6820992742265973,0.7413333313805717,0.041488146143300195,0.1396971493959427,0.0,0.0,0.0,0.0,0.0,18473,global,0.0
4,3,lr5e-05_bs8_drop0p2_temp2p0_a0p25_b0p05__wd1e-04trmiss0_degmodglobal,8,5e-05,0.0001,0.2,2.0,0.25,0.05,lr5e-05_bs8_drop0p2_temp2p0_a0p25_b0p05__wd1e-04trmiss0_degmodglobal,3,0.7323802709579468,1.1252770125865936,0.6000000000000001,0.7007326007326008,0.38461538461538464,0.0,0.6564424293381828,0.7132730654307774,0.04597838462463447,0.15225256234407425,0.0,0.0,0.0,0.0,0.0,18473,global,0.0
4,3,lr5e-05_bs8_drop0p2_temp2p0_a0p25_b0p05__wd1e-04trmiss0_degmodglobal,8,5e-05,0.0001,0.2,2.0,0.25,0.05,lr5e-05_bs8_drop0p2_temp2p0_a0p25_b0p05__wd1e-04trmiss0_degmodglobal,4,0.7157885261944362,1.1670936346054077,0.47500000000000003,0.6342147435897436,0.38461538461538464,0.0,0.6704694373267037,0.7033113752092633,0.03230164998344013,0.08803490442889077,0.0,0.0,0.0,0.0,0.0,18473,global,0.0
4,3,lr5e-05_bs8_drop0p2_temp2p0_a0p25_b0p05__wd1e-04trmiss0_degmodglobal,8,5e-05,0.0001,0.2,2.0,0.25,0.05,lr5e-05_bs8_drop0p2_temp2p0_a0p25_b0p05__wd1e-04trmiss0_degmodglobal,5,0.7188192691121783,1.165178120136261,0.42500000000000004,0.5946314102564103,0.38461538461538464,0.0,0.6516079902648926,0.703456061226981,0.038808101788163185,0.11322382837533951,0.0,0.0,0.0,0.0,0.0,18473,global,0.0
4,3,lr5e-05_bs8_drop0p2_temp2p0_a0p25_b0p05__wd1e-04trmiss0_degmodglobal,8,5e-05,0.0001,0.2,2.0,0.25,0.05,lr5e-05_bs8_drop0p2_temp2p0_a0p25_b0p05__wd1e-04trmiss0_degmodglobal,6,0.7051368440900531,1.1666333377361298,0.47500000000000003,0.6266254578754579,0.38461538461538464,0.0,0.6260853494916644,0.6895030736923218,0.038997996864574294,0.11768590339592525,0.0,0.0,0.0,0.0,0.0,18473,global,0.0
4,3,lr5e-05_bs8_drop0p2_temp2p0_a0p25_b0p05__wd1e-04trmiss0_degmodglobal,8,5e-05,0.0001,0.2,2.0,0.25,0.05,lr5e-05_bs8_drop0p2_temp2p0_a0p25_b0p05__wd1e-04trmiss0_degmodglobal,7,0.6854193466050285,1.1511121690273285,0.6,0.6939685314685315,0.38461538461538464,0.0,0.6271702817508152,0.6682117325919015,0.04506140894123486,0.1188454127737454,0.0,0.0,0.0,0.0,0.0,18473,global,0.0
4,3,lr5e-05_bs8_drop0p2_temp2p0_a0p25_b0p05__wd1e-04trmiss0_degmodglobal,8,5e-05,0.0001,0.2,2.0,0.25,0.05,lr5e-05_bs8_drop0p2_temp2p0_a0p25_b0p05__wd1e-04trmiss0_degmodglobal,8,0.6675951566014972,1.1313408613204956,0.6749999999999999,0.8439685314685315,0.6153846153846154,0.0,0.6041976128305707,0.6500199351991925,0.04341192916035652,0.13444490198578155,0.0,0.0,0.0,0.0,0.0,18473,global,0.0
4,3,lr5e-05_bs8_drop0p2_temp2p0_a0p25_b0p05__wd1e-04trmiss0_degmodglobal,8,5e-05,0.0001,0.2,2.0,0.25,0.05,lr5e-05_bs8_drop0p2_temp2p0_a0p25_b0p05__wd1e-04trmiss0_degmodglobal,9,0.6835078086171832,1.112231969833374,0.7,0.8543851981351982,0.6153846153846154,0.0,0.6155292476926532,0.6686452882630485,0.036671308002301624,0.11389401342187609,0.0,0.0,0.0,0.0,0.0,18473,global,0.0
4,3,lr5e-05_bs8_drop0p2_temp2p0_a0p25_b0p05__wd1e-04trmiss0_degmodglobal,8,5e-05,0.0001,0.2,2.0,0.25,0.05,lr5e-05_bs8_drop0p2_temp2p0_a0p25_b0p05__wd1e-04trmiss0_degmodglobal,10,0.6732450808797564,1.1125958859920502,0.7,0.8543851981351982,0.6923076923076923,0.0,0.5834811585290092,0.6534490585327148,0.04779673953141485,0.15693676791020802,0.0,0.0,0.0,0.0,0.0,18473,global,0.0
4,3,lr5e-05_bs8_drop0p2_temp2p0_a0p25_b0p05__wd1e-04trmiss0_degmodglobal,8,5e-05,0.0001,0.2,2.0,0.25,0.05,lr5e-05_bs8_drop0p2_temp2p0_a0p25_b0p05__wd1e-04trmiss0_degmodglobal,11,0.6462812168257577,1.1089798212051392,0.7,0.8543851981351982,0.6923076923076923,0.0,0.5972371441977364,0.6243789536612374,0.05650577534522329,0.15551640093326569,0.0,0.0,0.0,0.0,0.0,18473,global,0.0
4,3,lr5e-05_bs8_drop0p2_temp2p0_a0p25_b0p05__wd1e-04trmiss0_degmodglobal,8,5e-05,0.0001,0.2,2.0,0.25,0.05,lr5e-05_bs8_drop0p2_temp2p0_a0p25_b0p05__wd1e-04trmiss0_degmodglobal,12,0.6708624192646572,1.1038899719715118,0.7,0.8543851981351982,0.6153846153846154,0.0,0.6039878300258091,0.6516531024660382,0.05089156276413372,0.12972862060580934,0.0,0.0,0.0,0.0,0.0,18473,global,0.0
4,3,lr5e-05_bs8_drop0p2_temp2p0_a0p25_b0p05__wd1e-04trmiss0_degmodglobal,8,5e-05,0.0001,0.2,2.0,0.25,0.05,lr5e-05_bs8_drop0p2_temp2p0_a0p25_b0p05__wd1e-04trmiss0_degmodglobal,13,0.655077840600695,1.113787978887558,0.625,0.7807921245421245,0.6153846153846154,0.0,0.5780660765511649,0.6396710532052177,0.03884415488157954,0.11391495540738106,0.0,0.0,0.0,0.0,0.0,18473,global,0.0
4,3,lr5e-05_bs8_drop0p2_temp2p0_a0p25_b0p05__wd1e-04trmiss0_degmodglobal,8,5e-05,0.0001,0.2,2.0,0.25,0.05,lr5e-05_bs8_drop0p2_temp2p0_a0p25_b0p05__wd1e-04trmiss0_degmodglobal,14,0.6462074858801705,1.1300624012947083,0.6,0.7460518648018648,0.6153846153846154,0.0,0.583855390548706,0.6308199337550572,0.039410502782889774,0.11069874305810247,0.0,0.0,0.0,0.0,0.0,18473,global,0.0
4,3,lr5e-05_bs8_drop0p2_temp2p0_a0p25_b0p05__wd1e-04trmiss0_degmodglobal,8,5e-05,0.0001,0.2,2.0,0.25,0.05,lr5e-05_bs8_drop0p2_temp2p0_a0p25_b0p05__wd1e-04trmiss0_degmodglobal,15,0.6426442180361066,1.116879254579544,0.7,0.8474587912087912,0.6923076923076923,0.0,0.5816234775951931,0.6260917442185538,0.043339568589414866,0.11435166906033244,0.0,0.0,0.0,0.0,0.0,18473,global,0.0
4,3,lr5e-05_bs8_drop0p2_temp2p0_a0p25_b0p05__wd1e-04trmiss0_degmodglobal,8,5e-05,0.0001,0.2,2.0,0.25,0.05,lr5e-05_bs8_drop0p2_temp2p0_a0p25_b0p05__wd1e-04trmiss0_degmodglobal,16,0.6166731459753854,1.1079358160495758,0.7,0.8474587912087912,0.6153846153846154,0.0,0.5718244143894741,0.6015377470425197,0.042264956182667186,0.09138293138572148,0.0,0.0,0.0,0.0,0.0,18473,global,0.0
4,3,lr5e-05_bs8_drop0p2_temp2p0_a0p25_b0p05__wd1e-04trmiss0_degmodglobal,8,5e-05,0.0001,0.2,2.0,0.25,0.05,lr5e-05_bs8_drop0p2_temp2p0_a0p25_b0p05__wd1e-04trmiss0_degmodglobal,17,0.6360443745340619,1.1056991815567017,0.7,0.8321810134310135,0.6153846153846154,0.0,0.5613987701279777,0.6166818312236241,0.053344648863588064,0.12052774216447558,0.0,0.0,0.0,0.0,0.0,18473,global,0.0
4,3,lr5e-05_bs8_drop0p2_temp2p0_a0p25_b0p05__wd1e-04trmiss0_degmodglobal,8,5e-05,0.0001,0.2,2.0,0.25,0.05,lr5e-05_bs8_drop0p2_temp2p0_a0p25_b0p05__wd1e-04trmiss0_degmodglobal,18,0.6368314623832703,1.101615160703659,0.7,0.8321810134310135,0.6153846153846154,0.0,0.5498235651424953,0.6172807557242257,0.051307041730199544,0.13447865205151693,0.0,0.0,0.0,0.0,0.0,18473,global,0.0
4,3,lr5e-05_bs8_drop0p2_temp2p0_a0p25_b0p05__wd1e-04trmiss0_degmodglobal,8,5e-05,0.0001,0.2,2.0,0.25,0.05,lr5e-05_bs8_drop0p2_temp2p0_a0p25_b0p05__wd1e-04trmiss0_degmodglobal,19,0.6296578049659729,1.079730361700058,0.675,0.8009310134310135,0.5384615384615384,0.0,0.551185701574598,0.6117089135306222,0.04777877724596432,0.12008384402309145,0.0,0.0,0.0,0.0,0.0,18473,global,0.0
4,3,lr5e-05_bs8_drop0p2_temp2p0_a0p25_b0p05__wd1e-04trmiss0_degmodglobal,8,5e-05,0.0001,0.2,2.0,0.25,0.05,lr5e-05_bs8_drop0p2_temp2p0_a0p25_b0p05__wd1e-04trmiss0_degmodglobal,20,0.6298147184508187,1.0859353840351105,0.625,0.7425976800976801,0.5384615384615384,0.0,0.5684305684907096,0.6154098766190665,0.03746667930058071,0.10076386641178812,0.0,0.0,0.0,0.0,0.0,18473,global,0.0
4,3,lr5e-05_bs8_drop0p2_temp2p0_a0p25_b0p05__wd1e-04trmiss0_degmodglobal,8,5e-05,0.0001,0.2,2.0,0.25,0.05,lr5e-05_bs8_drop0p2_temp2p0_a0p25_b0p05__wd1e-04trmiss0_degmodglobal,21,0.63445987871715,1.0872040688991547,0.675,0.8009310134310135,0.6153846153846154,0.0,0.5647087608064923,0.6165333645684379,0.04752214279557977,0.12091985025576182,0.0,0.0,0.0,0.0,0.0,18473,global,0.0
4,3,lr5e-05_bs8_drop0p2_temp2p0_a0p25_b0p05__wd1e-04trmiss0_degmodglobal,8,5e-05,0.0001,0.2,2.0,0.25,0.05,lr5e-05_bs8_drop0p2_temp2p0_a0p25_b0p05__wd1e-04trmiss0_degmodglobal,22,0.6298080001558576,1.099682241678238,0.675,0.8009310134310135,0.6153846153846154,0.0,0.573139352457864,0.6106990150042942,0.05310431122779846,0.11665800107376915,0.0,0.0,0.0,0.0,0.0,18473,global,0.0
4,3,lr5e-05_bs8_drop0p2_temp2p0_a0p25_b0p05__wd1e-04trmiss0_degmodglobal,8,5e-05,0.0001,0.2,2.0,0.25,0.05,lr5e-05_bs8_drop0p2_temp2p0_a0p25_b0p05__wd1e-04trmiss0_degmodglobal,23,0.6151424646377563,1.0883654356002808,0.675,0.8009310134310135,0.6153846153846154,0.0,0.5334938849721637,0.5922552602631705,0.060436745307275226,0.15556006000510283,0.0,0.0,0.0,0.0,0.0,18473,global,0.0
4,3,lr5e-05_bs8_drop0p2_temp2p0_a0p25_b0p05__wd1e-04trmiss0_degmodglobal,8,5e-05,0.0001,0.2,2.0,0.25,0.05,lr5e-05_bs8_drop0p2_temp2p0_a0p25_b0p05__wd1e-04trmiss0_degmodglobal,24,0.6262090717043195,1.0966473519802094,0.675,0.8009310134310135,0.5384615384615384,0.0,0.541651862008231,0.6024498173168727,0.06299784939203944,0.16019571466105326,0.0,0.0,0.0,0.0,0.0,18473,global,0.0
4,3,lr5e-05_bs8_drop0p2_temp2p0_a0p25_b0p05__wd1e-04trmiss0_degmodglobal,8,5e-05,0.0001,0.2,2.0,0.25,0.05,lr5e-05_bs8_drop0p2_temp2p0_a0p25_b0p05__wd1e-04trmiss0_degmodglobal,25,0.608885143484388,1.0891726315021515,0.675,0.8009310134310135,0.5384615384615384,0.0,0.5601357477051871,0.5855605985437121,0.06018633874399321,0.16555914176361902,0.0,0.0,0.0,0.0,0.0,18473,global,0.0
4,3,lr5e-05_bs8_drop0p2_temp2p0_a0p25_b0p05__wd1e-04trmiss0_degmodglobal,8,5e-05,0.0001,0.2,2.0,0.25,0.05,lr5e-05_bs8_drop0p2_temp2p0_a0p25_b0p05__wd1e-04trmiss0_degmodglobal,26,0.6126188039779663,1.0853298902511597,0.65,0.7592643467643468,0.5384615384615384,0.0,0.541849000113351,0.5923105989183698,0.0567945060985429,0.12219168990850449,0.0,0.0,0.0,0.0,0.0,18473,global,0.0
4,3,lr5e-05_bs8_drop0p2_temp2p0_a0p25_b0p05__wd1e-04trmiss0_degmodglobal,8,5e-05,0.0001,0.2,2.0,0.25,0.05,lr5e-05_bs8_drop0p2_temp2p0_a0p25_b0p05__wd1e-04trmiss0_degmodglobal,27,0.6264957870755877,1.108155369758606,0.625,0.7425976800976801,0.46153846153846156,0.0,0.5498030057975224,0.6083026017461505,0.043257776115621836,0.147574568433421,0.0,0.0,0.0,0.0,0.0,18473,global,0.0
4,3,lr5e-05_bs8_drop0p2_temp2p0_a0p25_b0p05__wd1e-04trmiss0_degmodglobal,8,5e-05,0.0001,0.2,2.0,0.25,0.05,lr5e-05_bs8_drop0p2_temp2p0_a0p25_b0p05__wd1e-04trmiss0_degmodglobal,28,0.6098948546818325,1.1054923236370087,0.6000000000000001,0.7238476800976801,0.46153846153846156,0.0,0.535606746162687,0.5865468978881836,0.06058920121618679,0.16401297173329762,0.0,0.0,0.0,0.0,0.0,18473,global,0.0
4,3,lr5e-05_bs8_drop0p2_temp2p0_a0p25_b0p05__wd1e-04trmiss0_degmodglobal,8,5e-05,0.0001,0.2,2.0,0.25,0.05,lr5e-05_bs8_drop0p2_temp2p0_a0p25_b0p05__wd1e-04trmiss0_degmodglobal,29,0.6056714739118304,1.1175684928894043,0.625,0.7655143467643467,0.38461538461538464,0.0,0.5281772230352674,0.5837247286524091,0.05987836793065071,0.13954288246376173,0.0,0.0,0.0,0.0,0.0,18473,global,0.0
4,3,lr5e-05_bs8_drop0p2_temp2p0_a0p25_b0p05__wd1e-04trmiss0_degmodglobal,8,5e-05,0.0001,0.2,2.0,0.25,0.05,lr5e-05_bs8_drop0p2_temp2p0_a0p25_b0p05__wd1e-04trmiss0_degmodglobal,30,0.6270287803241185,1.1225935518741608,0.6,0.7557921245421245,0.46153846153846156,0.0,0.523817104952676,0.6067143763814654,0.05544731180582728,0.1290516576596669,0.0,0.0,0.0,0.0,0.0,18473,global,0.0
4,3,lr5e-05_bs8_drop0p2_temp2p0_a0p25_b0p05__wd1e-04trmiss0_degmodglobal,8,5e-05,0.0001,0.2,2.0,0.25,0.05,lr5e-05_bs8_drop0p2_temp2p0_a0p25_b0p05__wd1e-04trmiss0_degmodglobal,31,0.6314164059502738,1.1367729008197784,0.625,0.7745421245421246,0.46153846153846156,0.0,0.5329381057194301,0.6119310344968524,0.05345606431365013,0.12242697072880608,0.0,0.0,0.0,0.0,0.0,18473,global,0.0
4,3,lr5e-05_bs8_drop0p2_temp2p0_a0p25_b0p05__wd1e-04trmiss0_degmodglobal,8,5e-05,0.0001,0.2,2.0,0.25,0.05,lr5e-05_bs8_drop0p2_temp2p0_a0p25_b0p05__wd1e-04trmiss0_degmodglobal,32,0.6160935248647418,1.0825598537921906,0.625,0.7745421245421246,0.5384615384615384,0.0,0.5093177727290562,0.5957243527684893,0.05563012457319668,0.12923290633729526,0.0,0.0,0.0,0.0,0.0,18473,global,0.0
4,3,lr5e-05_bs8_drop0p2_temp2p0_a0p25_b0p05__wd1e-04trmiss0_degmodglobal,8,5e-05,0.0001,0.2,2.0,0.25,0.05,lr5e-05_bs8_drop0p2_temp2p0_a0p25_b0p05__wd1e-04trmiss0_degmodglobal,33,0.6008460181100028,1.0953694880008698,0.675,0.8009310134310135,0.5384615384615384,0.0,0.508175185748509,0.5815022843224662,0.050651716334479194,0.13361640806709016,0.0,0.0,0.0,0.0,0.0,18473,global,0.0
4,3,lr5e-05_bs8_drop0p2_temp2p0_a0p25_b0p05__wd1e-04trmiss0_degmodglobal,8,5e-05,0.0001,0.2,2.0,0.25,0.05,lr5e-05_bs8_drop0p2_temp2p0_a0p25_b0p05__wd1e-04trmiss0_degmodglobal,34,0.626850255898067,1.1043178141117096,0.6500000000000001,0.7842643467643468,0.5384615384615384,0.0,0.5246816447802952,0.604695988552911,0.06029925335730825,0.14158902051193373,0.0,0.0,0.0,0.0,0.0,18473,global,0.0
4,3,lr5e-05_bs8_drop0p2_temp2p0_a0p25_b0p05__wd1e-04trmiss0_degmodglobal,8,5e-05,0.0001,0.2,2.0,0.25,0.05,lr5e-05_bs8_drop0p2_temp2p0_a0p25_b0p05__wd1e-04trmiss0_degmodglobal,35,0.6189764567783901,1.1008015871047974,0.6500000000000001,0.7842643467643468,0.5384615384615384,0.0,0.5204617764268603,0.5975978715079171,0.05493705506835665,0.15288663655519485,0.0,0.0,0.0,0.0,0.0,18473,global,0.0
4,3,lr5e-05_bs8_drop0p2_temp2p0_a0p25_b0p05__wd1e-04trmiss0_degmodglobal,8,5e-05,0.0001,0.2,2.0,0.25,0.05,lr5e-05_bs8_drop0p2_temp2p0_a0p25_b0p05__wd1e-04trmiss0_degmodglobal,36,0.6234259179660252,1.095780074596405,0.625,0.7425976800976801,0.5384615384615384,0.0,0.5083964892796108,0.6012006487165179,0.058616653084754944,0.15142212808132172,0.0,0.0,0.0,0.0,0.0,18473,global,0.0
4,3,lr5e-05_bs8_drop0p2_temp2p0_a0p25_b0p05__wd1e-04trmiss0_degmodglobal,8,5e-05,0.0001,0.2,2.0,0.25,0.05,lr5e-05_bs8_drop0p2_temp2p0_a0p25_b0p05__wd1e-04trmiss0_degmodglobal,37,0.6129412395613534,1.0769854485988617,0.625,0.7425976800976801,0.46153846153846156,0.0,0.4865813766207014,0.5853214434215,0.07830551373107093,0.16086805931159429,0.0,0.0,0.0,0.0,0.0,18473,global,0.0
4,3,lr5e-05_bs8_drop0p2_temp2p0_a0p25_b0p05__wd1e-04trmiss0_degmodglobal,8,5e-05,0.0001,0.2,2.0,0.25,0.05,lr5e-05_bs8_drop0p2_temp2p0_a0p25_b0p05__wd1e-04trmiss0_degmodglobal,38,0.6199248433113098,1.1143634617328644,0.625,0.7425976800976801,0.5384615384615384,0.0,0.49073648027011324,0.5916330644062587,0.07341258174606732,0.19877290512834275,0.0,0.0,0.0,0.0,0.0,18473,global,0.0
4,3,lr5e-05_bs8_drop0p4_temp1p0_a0p25_b0p05__wd1e-04trmiss0_degmodglobal,8,5e-05,0.0001,0.4,1.0,0.25,0.05,lr5e-05_bs8_drop0p4_temp1p0_a0p25_b0p05__wd1e-04trmiss0_degmodglobal,1,0.7152134605816433,0.7456909120082855,0.4,0.6201048951048952,0.6153846153846154,0.0,0.6845666255269732,0.7022567646844047,0.03398918227425644,0.08918802120855876,0.0,0.0,0.0,0.0,0.0,18473,global,0.0
4,3,lr5e-05_bs8_drop0p4_temp1p0_a0p25_b0p05__wd1e-04trmiss0_degmodglobal,8,5e-05,0.0001,0.4,1.0,0.25,0.05,lr5e-05_bs8_drop0p4_temp1p0_a0p25_b0p05__wd1e-04trmiss0_degmodglobal,2,0.6795275296483722,0.7365753352642059,0.525,0.6620421245421246,0.6153846153846154,0.0,0.688999422958919,0.6616799235343933,0.04278240645570414,0.14303996254290854,0.0,0.0,0.0,0.0,0.0,18473,global,0.0
4,3,lr5e-05_bs8_drop0p4_temp1p0_a0p25_b0p05__wd1e-04trmiss0_degmodglobal,8,5e-05,0.0001,0.4,1.0,0.25,0.05,lr5e-05_bs8_drop0p4_temp1p0_a0p25_b0p05__wd1e-04trmiss0_degmodglobal,3,0.6638969779014587,0.7264525890350342,0.5499999999999999,0.6686709124209125,0.5384615384615384,0.0,0.6499580315181187,0.6453854101044791,0.042681539697306495,0.15682378091982432,0.0,0.0,0.0,0.0,0.0,18473,global,0.0
4,3,lr5e-05_bs8_drop0p4_temp1p0_a0p25_b0p05__wd1e-04trmiss0_degmodglobal,8,5e-05,0.0001,0.4,1.0,0.25,0.05,lr5e-05_bs8_drop0p4_temp1p0_a0p25_b0p05__wd1e-04trmiss0_degmodglobal,4,0.679570598261697,0.7239569425582886,0.55,0.6654647435897436,0.5384615384615384,0.0,0.6350898657526288,0.6620472158704486,0.03808913566172123,0.16002210868256433,0.0,0.0,0.0,0.0,0.0,18473,global,0.0
4,3,lr5e-05_bs8_drop0p4_temp1p0_a0p25_b0p05__wd1e-04trmiss0_degmodglobal,8,5e-05,0.0001,0.4,1.0,0.25,0.05,lr5e-05_bs8_drop0p4_temp1p0_a0p25_b0p05__wd1e-04trmiss0_degmodglobal,5,0.6674146056175232,0.7337630987167358,0.5,0.6408435314685315,0.5384615384615384,0.0,0.6214467201914106,0.6505462953022548,0.041161627641745975,0.1315580186034952,0.0,0.0,0.0,0.0,0.0,18473,global,0.0
4,3,lr5e-05_bs8_drop0p4_temp1p0_a0p25_b0p05__wd1e-04trmiss0_degmodglobal,8,5e-05,0.0001,0.4,1.0,0.25,0.05,lr5e-05_bs8_drop0p4_temp1p0_a0p25_b0p05__wd1e-04trmiss0_degmodglobal,6,0.6535262550626483,0.7321725487709045,0.45,0.605643315018315,0.5384615384615384,0.0,0.6381479842322213,0.6350605913570949,0.046845736248152595,0.135084724852017,0.0,0.0,0.0,0.0,0.0,18473,global,0.0
4,3,lr5e-05_bs8_drop0p4_temp1p0_a0p25_b0p05__wd1e-04trmiss0_degmodglobal,8,5e-05,0.0001,0.4,1.0,0.25,0.05,lr5e-05_bs8_drop0p4_temp1p0_a0p25_b0p05__wd1e-04trmiss0_degmodglobal,7,0.635765050138746,0.7454954981803894,0.45,0.605643315018315,0.6153846153846154,0.0,0.6349344253540039,0.6197727748325893,0.03805339629096644,0.12957854861659662,0.0,0.0,0.0,0.0,0.0,18473,global,0.0
4,3,lr5e-05_bs8_drop0p4_temp1p0_a0p25_b0p05__wd1e-04trmiss0_degmodglobal,8,5e-05,0.0001,0.4,1.0,0.25,0.05,lr5e-05_bs8_drop0p4_temp1p0_a0p25_b0p05__wd1e-04trmiss0_degmodglobal,8,0.6225243636540004,0.7446432411670685,0.525,0.6412087912087912,0.5384615384615384,0.0,0.6429755517414638,0.6047671011516026,0.043945609991039546,0.13541727566293307,0.0,0.0,0.0,0.0,0.0,18473,global,0.0
4,3,lr5e-05_bs8_drop0p4_temp1p0_a0p25_b0p05__wd1e-04trmiss0_degmodglobal,8,5e-05,0.0001,0.4,1.0,0.25,0.05,lr5e-05_bs8_drop0p4_temp1p0_a0p25_b0p05__wd1e-04trmiss0_degmodglobal,9,0.6370103018624442,0.7291328012943268,0.525,0.6412087912087912,0.5384615384615384,0.0,0.6233386397361755,0.6236029182161603,0.0388411528297833,0.07394193565206868,0.0,0.0,0.0,0.0,0.0,18473,global,0.0
4,3,lr5e-05_bs8_drop0p4_temp1p0_a0p25_b0p05__wd1e-04trmiss0_degmodglobal,8,5e-05,0.0001,0.4,1.0,0.25,0.05,lr5e-05_bs8_drop0p4_temp1p0_a0p25_b0p05__wd1e-04trmiss0_degmodglobal,10,0.6006695032119751,0.7305319905281067,0.5,0.6300480769230768,0.5384615384615384,0.0,0.6295162609645298,0.5846097980226789,0.03845779970288277,0.12890491953917912,0.0,0.0,0.0,0.0,0.0,18473,global,0.0
4,3,lr5e-05_bs8_drop0p4_temp1p0_a0p25_b0p05__wd1e-04trmiss0_degmodglobal,8,5e-05,0.0001,0.4,1.0,0.25,0.05,lr5e-05_bs8_drop0p4_temp1p0_a0p25_b0p05__wd1e-04trmiss0_degmodglobal,11,0.622368437903268,0.7406231760978699,0.5,0.6099587912087912,0.6153846153846154,0.0,0.5944523215293884,0.6004599758556911,0.06011189626795905,0.13760964359555924,0.0,0.0,0.0,0.0,0.0,18473,global,0.0
4,3,lr5e-05_bs8_drop0p4_temp1p0_a0p25_b0p05__wd1e-04trmiss0_degmodglobal,8,5e-05,0.0001,0.4,1.0,0.25,0.05,lr5e-05_bs8_drop0p4_temp1p0_a0p25_b0p05__wd1e-04trmiss0_degmodglobal,12,0.6483983142035348,0.7253284752368927,0.5,0.6099587912087912,0.6153846153846154,0.0,0.6314379402569362,0.6215168493134635,0.06632376089692116,0.2060103373868125,0.0,0.0,0.0,0.0,0.0,18473,global,0.0
4,3,lr5e-05_bs8_drop0p4_temp1p0_a0p25_b0p05__wd1e-04trmiss0_degmodglobal,8,5e-05,0.0001,0.4,1.0,0.25,0.05,lr5e-05_bs8_drop0p4_temp1p0_a0p25_b0p05__wd1e-04trmiss0_degmodglobal,13,0.6028968266078404,0.7410942614078522,0.475,0.5995421245421245,0.6153846153846154,0.0,0.5997311813490731,0.5802056959697178,0.058101139164396694,0.16331687888928823,0.0,0.0,0.0,0.0,0.0,18473,global,0.0
4,3,lr5e-05_bs8_drop0p4_temp1p0_a0p25_b0p05__wd1e-04trmiss0_degmodglobal,8,5e-05,0.0001,0.4,1.0,0.25,0.05,lr5e-05_bs8_drop0p4_temp1p0_a0p25_b0p05__wd1e-04trmiss0_degmodglobal,14,0.5896344525473458,0.7355379462242126,0.5,0.6099587912087912,0.6153846153846154,0.0,0.59542430298669,0.5735033920833043,0.042928335922104974,0.10797944452081408,0.0,0.0,0.0,0.0,0.0,18473,global,0.0
4,3,lr5e-05_bs8_drop0p4_temp1p0_a0p25_b0p05__wd1e-04trmiss0_degmodglobal,8,5e-05,0.0001,0.4,1.0,0.25,0.05,lr5e-05_bs8_drop0p4_temp1p0_a0p25_b0p05__wd1e-04trmiss0_degmodglobal,15,0.601368248462677,0.7284892201423645,0.525,0.6307921245421245,0.6923076923076923,0.0,0.5676163605281285,0.5842975378036499,0.04325265410755362,0.125150736953531,0.0,0.0,0.0,0.0,0.0,18473,global,0.0
4,3,lr5e-05_bs8_drop0p4_temp1p0_a0p25_b0p05__wd1e-04trmiss0_degmodglobal,8,5e-05,0.0001,0.4,1.0,0.25,0.05,lr5e-05_bs8_drop0p4_temp1p0_a0p25_b0p05__wd1e-04trmiss0_degmodglobal,16,0.5994286622319903,0.7429508864879608,0.5,0.6099587912087912,0.6153846153846154,0.0,0.5754380481583732,0.5813050355230059,0.04743543214031628,0.12529558688402176,0.0,0.0,0.0,0.0,0.0,18473,global,0.0
4,3,lr5e-05_bs8_drop0p4_temp1p0_a0p25_b0p05__wd1e-04trmiss0_degmodglobal,8,5e-05,0.0001,0.4,1.0,0.25,0.05,lr5e-05_bs8_drop0p4_temp1p0_a0p25_b0p05__wd1e-04trmiss0_degmodglobal,17,0.6079162870134626,0.7478351891040802,0.5,0.6099587912087912,0.6923076923076923,0.0,0.57892188004085,0.5911599567958287,0.046640590631536076,0.1019236051610538,0.0,0.0,0.0,0.0,0.0,18473,global,0.0
4,3,lr5e-05_bs8_drop0p4_temp1p0_a0p25_b0p05__wd1e-04trmiss0_degmodglobal,8,5e-05,0.0001,0.4,1.0,0.25,0.05,lr5e-05_bs8_drop0p4_temp1p0_a0p25_b0p05__wd1e-04trmiss0_degmodglobal,18,0.5861665265900748,0.7409337759017944,0.5,0.6099587912087912,0.6923076923076923,0.0,0.597006516797202,0.5685933360031673,0.04719954941953931,0.11546624265611172,0.0,0.0,0.0,0.0,0.0,18473,global,0.0
4,3,lr5e-05_bs8_drop0p4_temp1p0_a0p25_b0p05__wd1e-04trmiss0_degmodglobal,8,5e-05,0.0001,0.4,1.0,0.25,0.05,lr5e-05_bs8_drop0p4_temp1p0_a0p25_b0p05__wd1e-04trmiss0_degmodglobal,19,0.5929018003599984,0.7461594939231873,0.525,0.6196810134310133,0.6923076923076923,0.0,0.5593934229442051,0.573354993547712,0.051550044545105526,0.13318608169044768,0.0,0.0,0.0,0.0,0.0,18473,global,0.0
4,3,lr5e-05_bs8_drop0p4_temp1p0_a0p25_b0p05__wd1e-04trmiss0_degmodglobal,8,5e-05,0.0001,0.4,1.0,0.25,0.05,lr5e-05_bs8_drop0p4_temp1p0_a0p25_b0p05__wd1e-04trmiss0_degmodglobal,20,0.5965703896113804,0.7342780828475952,0.525,0.6196810134310133,0.6923076923076923,0.0,0.58416633946555,0.5808759416852679,0.04006638936698437,0.11355717799493245,0.0,0.0,0.0,0.0,0.0,18473,global,0.0
4,3,lr5e-05_bs8_drop0p4_temp1p0_a0p25_b0p05__wd1e-04trmiss0_degmodglobal,8,5e-05,0.0001,0.4,1.0,0.25,0.05,lr5e-05_bs8_drop0p4_temp1p0_a0p25_b0p05__wd1e-04trmiss0_degmodglobal,21,0.5879125680242266,0.7125123739242554,0.525,0.6196810134310133,0.6923076923076923,0.0,0.55320001074246,0.5654756426811218,0.06114241560654981,0.14302662281053408,0.0,0.0,0.0,0.0,0.0,18473,global,0.0
4,3,lr5e-05_bs8_drop0p4_temp1p0_a0p25_b0p05__wd1e-04trmiss0_degmodglobal,8,5e-05,0.0001,0.4,1.0,0.25,0.05,lr5e-05_bs8_drop0p4_temp1p0_a0p25_b0p05__wd1e-04trmiss0_degmodglobal,22,0.6207545569964817,0.7090603113174438,0.5,0.6099587912087912,0.6923076923076923,0.0,0.580017728464944,0.6026339105197361,0.05102300910013063,0.10729775364909853,0.0,0.0,0.0,0.0,0.0,18473,global,0.0
4,3,lr5e-05_bs8_drop0p4_temp1p0_a0p25_b0p05__wd1e-04trmiss0_degmodglobal,8,5e-05,0.0001,0.4,1.0,0.25,0.05,lr5e-05_bs8_drop0p4_temp1p0_a0p25_b0p05__wd1e-04trmiss0_degmodglobal,23,0.6202666418892997,0.7243445217609406,0.5,0.6099587912087912,0.6923076923076923,0.0,0.5780007796628135,0.6022008316857475,0.04428825953177044,0.13987487022365844,0.0,0.0,0.0,0.0,0.0,18473,global,0.0
4,3,lr5e-05_bs8_drop0p4_temp1p0_a0p25_b0p05__wd1e-04trmiss0_degmodglobal,8,5e-05,0.0001,0.4,1.0,0.25,0.05,lr5e-05_bs8_drop0p4_temp1p0_a0p25_b0p05__wd1e-04trmiss0_degmodglobal,24,0.5805557285036359,0.7239383161067963,0.5,0.6099587912087912,0.6923076923076923,0.0,0.5681377734456744,0.5598906108311245,0.06100579856761864,0.10827343059437615,0.0,0.0,0.0,0.0,0.0,18473,global,0.0
4,3,lr5e-05_bs8_drop0p4_temp1p0_a0p25_b0p05__wd1e-04trmiss0_degmodglobal,8,5e-05,0.0001,0.4,1.0,0.25,0.05,lr5e-05_bs8_drop0p4_temp1p0_a0p25_b0p05__wd1e-04trmiss0_degmodglobal,25,0.5844222477504185,0.7131212055683136,0.5,0.6099587912087912,0.6923076923076923,0.0,0.5688170364924839,0.5647097740854535,0.04917455304946218,0.14837659842201642,0.0,0.0,0.0,0.0,0.0,18473,global,0.0
4,3,lr5e-05_bs8_drop0p4_temp1p0_a0p25_b0p05__wd1e-04trmiss0_degmodglobal,8,5e-05,0.0001,0.4,1.0,0.25,0.05,lr5e-05_bs8_drop0p4_temp1p0_a0p25_b0p05__wd1e-04trmiss0_degmodglobal,26,0.5925499030521938,0.7230789661407471,0.5,0.6099587912087912,0.6923076923076923,0.0,0.5404594966343471,0.5690160138266427,0.06613455819232124,0.1400048860481807,0.0,0.0,0.0,0.0,0.0,18473,global,0.0
4,3,lr5e-05_bs8_drop0p4_temp1p0_a0p25_b0p05__wd1e-04trmiss0_degmodglobal,8,5e-05,0.0001,0.4,1.0,0.25,0.05,lr5e-05_bs8_drop0p4_temp1p0_a0p25_b0p05__wd1e-04trmiss0_degmodglobal,27,0.6195332152502877,0.7315523326396942,0.525,0.6307921245421245,0.6923076923076923,0.0,0.5748733792986188,0.601707398891449,0.051911547247852595,0.09695873409509659,0.0,0.0,0.0,0.0,0.0,18473,global,0.0
4,3,lr5e-05_bs8_drop0p4_temp1p0_a0p25_b0p05__wd1e-04trmiss0_degmodglobal,8,5e-05,0.0001,0.4,1.0,0.25,0.05,lr5e-05_bs8_drop0p4_temp1p0_a0p25_b0p05__wd1e-04trmiss0_degmodglobal,28,0.5691273978778294,0.7212383151054382,0.5,0.6099587912087912,0.6923076923076923,0.0,0.5459246209689549,0.5441288948059082,0.06733628309198789,0.16328829686556542,0.0,0.0,0.0,0.0,0.0,18473,global,0.0
4,3,lr5e-05_bs8_drop0p4_temp1p0_a0p25_b0p05__wd1e-04trmiss0_degmodglobal,8,5e-05,0.0001,0.4,1.0,0.25,0.05,lr5e-05_bs8_drop0p4_temp1p0_a0p25_b0p05__wd1e-04trmiss0_degmodglobal,29,0.6161788191114154,0.719191163778305,0.5,0.6099587912087912,0.6923076923076923,0.0,0.5320886543818882,0.5881674545151847,0.0709689057299069,0.2053824237414769,0.0,0.0,0.0,0.0,0.0,18473,global,0.0
4,3,lr5e-05_bs8_drop0p4_temp1p0_a0p25_b0p05__wd1e-04trmiss0_degmodglobal,8,5e-05,0.0001,0.4,1.0,0.25,0.05,lr5e-05_bs8_drop0p4_temp1p0_a0p25_b0p05__wd1e-04trmiss0_degmodglobal,30,0.5881701452391488,0.7201251685619354,0.525,0.6196810134310133,0.6923076923076923,0.0,0.5440632062298911,0.5552577376365662,0.08385919566665377,0.23895219128046716,0.0,0.0,0.0,0.0,0.0,18473,global,0.0
4,3,lr5e-05_bs8_drop0p4_temp1p0_a0p25_b0p05__wd1e-04trmiss0_degmodglobal,8,5e-05,0.0001,0.4,1.0,0.25,0.05,lr5e-05_bs8_drop0p4_temp1p0_a0p25_b0p05__wd1e-04trmiss0_degmodglobal,31,0.6078088624136788,0.7083635032176971,0.525,0.6196810134310133,0.6923076923076923,0.0,0.5698543276105609,0.5765829341752189,0.07722799160650798,0.23837855671133315,0.0,0.0,0.0,0.0,0.0,18473,global,0.0
4,3,lr5e-05_bs8_drop0p4_temp1p0_a0p25_b0p05__wd1e-04trmiss0_degmodglobal,8,5e-05,0.0001,0.4,1.0,0.25,0.05,lr5e-05_bs8_drop0p4_temp1p0_a0p25_b0p05__wd1e-04trmiss0_degmodglobal,32,0.5886588266917637,0.7087596952915192,0.525,0.6196810134310133,0.6923076923076923,0.0,0.5467126454625811,0.563742458820343,0.06984744859593255,0.14909022833619798,0.0,0.0,0.0,0.0,0.0,18473,global,0.0
4,3,lr5e-05_bs8_drop0p4_temp1p0_a0p25_b0p05__wd1e-04trmiss0_degmodglobal,8,5e-05,0.0001,0.4,1.0,0.25,0.05,lr5e-05_bs8_drop0p4_temp1p0_a0p25_b0p05__wd1e-04trmiss0_degmodglobal,33,0.582105210849217,0.7028720080852509,0.525,0.6196810134310133,0.6923076923076923,0.0,0.5266417946134295,0.5575978585651943,0.06332225991146904,0.17353545874357224,0.0,0.0,0.0,0.0,0.0,18473,global,0.0
4,3,lr5e-05_bs8_drop0p4_temp1p0_a0p25_b0p05__wd1e-04trmiss0_degmodglobal,8,5e-05,0.0001,0.4,1.0,0.25,0.05,lr5e-05_bs8_drop0p4_temp1p0_a0p25_b0p05__wd1e-04trmiss0_degmodglobal,34,0.5905924269131252,0.7052149474620819,0.525,0.6196810134310133,0.6923076923076923,0.0,0.5158765869481223,0.559537261724472,0.07762277232749122,0.23298956347363337,0.0,0.0,0.0,0.0,0.0,18473,global,0.0
4,3,lr5e-05_bs8_drop0p4_temp1p0_a0p25_b0p05__wd1e-04trmiss0_degmodglobal,8,5e-05,0.0001,0.4,1.0,0.25,0.05,lr5e-05_bs8_drop0p4_temp1p0_a0p25_b0p05__wd1e-04trmiss0_degmodglobal,35,0.592421463557652,0.7112564146518707,0.525,0.6196810134310133,0.6923076923076923,0.0,0.5454269988196236,0.5615958145686558,0.08038672112992831,0.21457916711057937,0.0,0.0,0.0,0.0,0.0,18473,global,0.0
4,3,lr5e-05_bs8_drop0p4_temp1p0_a0p25_b0p05__wd1e-04trmiss0_degmodglobal,8,5e-05,0.0001,0.4,1.0,0.25,0.05,lr5e-05_bs8_drop0p4_temp1p0_a0p25_b0p05__wd1e-04trmiss0_degmodglobal,36,0.6025250894682748,0.7095169126987457,0.525,0.6196810134310133,0.6923076923076923,0.0,0.5242947680609567,0.5695800738675254,0.0802561060658523,0.25761951931885313,0.0,0.0,0.0,0.0,0.0,18473,global,0.0
4,3,lr5e-05_bs8_drop0p4_temp1p0_a0p25_b0p05__wd1e-04trmiss0_degmodglobal,8,5e-05,0.0001,0.4,1.0,0.25,0.05,lr5e-05_bs8_drop0p4_temp1p0_a0p25_b0p05__wd1e-04trmiss0_degmodglobal,37,0.6193803123065403,0.7109046876430511,0.525,0.6196810134310133,0.6923076923076923,0.0,0.5356664402144296,0.587829623903547,0.08156930335930415,0.22316726722887584,0.0,0.0,0.0,0.0,0.0,18473,global,0.0
4,3,lr5e-05_bs8_drop0p4_temp1p0_a0p25_b0p05__wd1e-04trmiss0_degmodglobal,8,5e-05,0.0001,0.4,1.0,0.25,0.05,lr5e-05_bs8_drop0p4_temp1p0_a0p25_b0p05__wd1e-04trmiss0_degmodglobal,38,0.5755572404180255,0.7090626358985901,0.525,0.6196810134310133,0.6923076923076923,0.0,0.5314643638474601,0.5508566115583692,0.06820677699787277,0.15297851711511612,0.0,0.0,0.0,0.0,0.0,18473,global,0.0
4,3,lr5e-05_bs8_drop0p4_temp1p0_a0p25_b0p05__wd1e-04trmiss0_degmodglobal,8,5e-05,0.0001,0.4,1.0,0.25,0.05,lr5e-05_bs8_drop0p4_temp1p0_a0p25_b0p05__wd1e-04trmiss0_degmodglobal,39,0.5807445006711143,0.7246453166007996,0.5,0.6099587912087912,0.6923076923076923,0.0,0.5237424033028739,0.5505934272493634,0.07579720446041652,0.22403577928032195,0.0,0.0,0.0,0.0,0.0,18473,global,0.0
4,3,lr5e-05_bs8_drop0p4_temp1p0_a0p25_b0p05__wd1e-04trmiss0_degmodglobal,8,5e-05,0.0001,0.4,1.0,0.25,0.05,lr5e-05_bs8_drop0p4_temp1p0_a0p25_b0p05__wd1e-04trmiss0_degmodglobal,40,0.571709760597774,0.718641847372055,0.5,0.6099587912087912,0.6923076923076923,0.0,0.5379623387541089,0.5510830623762948,0.05583349508898599,0.13336663906063354,0.0,0.0,0.0,0.0,0.0,18473,global,0.0
4,3,lr5e-05_bs8_drop0p4_temp1p0_a0p25_b0p05__wd1e-04trmiss0_degmodglobal,8,5e-05,0.0001,0.4,1.0,0.25,0.05,lr5e-05_bs8_drop0p4_temp1p0_a0p25_b0p05__wd1e-04trmiss0_degmodglobal,41,0.5980384009225028,0.7180670201778412,0.5,0.6099587912087912,0.6923076923076923,0.0,0.5015991159847805,0.5625229094709668,0.09316601178475789,0.24447980948856898,0.0,0.0,0.0,0.0,0.0,18473,global,0.0
4,3,lr5e-05_bs8_drop0p4_temp1p0_a0p25_b0p05__wd1e-04trmiss0_degmodglobal,8,5e-05,0.0001,0.4,1.0,0.25,0.05,lr5e-05_bs8_drop0p4_temp1p0_a0p25_b0p05__wd1e-04trmiss0_degmodglobal,42,0.5916584815297808,0.7225786745548248,0.5,0.6099587912087912,0.6923076923076923,0.0,0.48599627188273836,0.5617969461849758,0.07432043020214353,0.22562846541404724,0.0,0.0,0.0,0.0,0.0,18473,global,0.0
4,3,lr5e-05_bs8_drop0p4_temp1p0_a0p25_b0p05__wd1e-04trmiss0_degmodglobal,8,5e-05,0.0001,0.4,1.0,0.25,0.05,lr5e-05_bs8_drop0p4_temp1p0_a0p25_b0p05__wd1e-04trmiss0_degmodglobal,43,0.5692513499941144,0.7208791971206665,0.55,0.6932921245421245,0.6923076923076923,0.0,0.5007327709879194,0.542513234274728,0.07264564824955803,0.17153419341359818,0.0,0.0,0.0,0.0,0.0,18473,global,0.0
4,3,lr5e-05_bs8_drop0p4_temp1p0_a0p25_b0p05__wd1e-04trmiss0_degmodglobal,8,5e-05,0.0001,0.4,1.0,0.25,0.05,lr5e-05_bs8_drop0p4_temp1p0_a0p25_b0p05__wd1e-04trmiss0_degmodglobal,44,0.5943602749279567,0.7190888226032257,0.55,0.6932921245421245,0.6923076923076923,0.0,0.5160217881202698,0.566393290247236,0.07019437317337308,0.20836727108274186,0.0,0.0,0.0,0.0,0.0,18473,global,0.0
4,3,lr5e-05_bs8_drop0p4_temp1p0_a0p25_b0p05__wd1e-04trmiss0_degmodglobal,8,5e-05,0.0001,0.4,1.0,0.25,0.05,lr5e-05_bs8_drop0p4_temp1p0_a0p25_b0p05__wd1e-04trmiss0_degmodglobal,45,0.6121228677885873,0.7086395621299744,0.55,0.6932921245421245,0.6153846153846154,0.0,0.5110831814152854,0.5804720776421683,0.08279591905219215,0.2190361895731517,0.0,0.0,0.0,0.0,0.0,18473,global,0.0
4,3,lr5e-05_bs8_drop0p4_temp1p0_a0p25_b0p05__wd1e-04trmiss0_degmodglobal,8,5e-05,0.0001,0.4,1.0,0.25,0.05,lr5e-05_bs8_drop0p4_temp1p0_a0p25_b0p05__wd1e-04trmiss0_degmodglobal,46,0.6237783602305821,0.7092495858669281,0.525,0.6307921245421245,0.6923076923076923,0.0,0.5275298740182605,0.5912624001502991,0.08668540418148041,0.21689231587307795,0.0,0.0,0.0,0.0,0.0,18473,global,0.0
4,3,lr5e-05_bs8_drop0p4_temp1p0_a0p25_b0p05__wd1e-04trmiss0_degmodglobal,8,5e-05,0.0001,0.4,1.0,0.25,0.05,lr5e-05_bs8_drop0p4_temp1p0_a0p25_b0p05__wd1e-04trmiss0_degmodglobal,47,0.5580685564449855,0.7093867659568787,0.55,0.6932921245421245,0.6153846153846154,0.0,0.49893758978162495,0.5340352313859122,0.06719914025494031,0.144670698259558,0.0,0.0,0.0,0.0,0.0,18473,global,0.0
4,3,lr5e-05_bs8_drop0p4_temp1p0_a0p25_b0p05__wd1e-04trmiss0_degmodglobal,8,5e-05,0.0001,0.4,1.0,0.25,0.05,lr5e-05_bs8_drop0p4_temp1p0_a0p25_b0p05__wd1e-04trmiss0_degmodglobal,48,0.5852903383118766,0.7157716751098633,0.55,0.6932921245421245,0.6153846153846154,0.0,0.514823066336768,0.560492217540741,0.0637384078332356,0.17727029642888478,0.0,0.0,0.0,0.0,0.0,18473,global,0.0
4,3,lr5e-05_bs8_drop0p4_temp1p0_a0p25_b0p05__wd1e-04trmiss0_degmodglobal,8,5e-05,0.0001,0.4,1.0,0.25,0.05,lr5e-05_bs8_drop0p4_temp1p0_a0p25_b0p05__wd1e-04trmiss0_degmodglobal,49,0.5788551483835492,0.706406831741333,0.55,0.6932921245421245,0.6923076923076923,0.0,0.5308834101472583,0.5511184590203422,0.0698199165718896,0.20563418311732157,0.0,0.0,0.0,0.0,0.0,18473,global,0.0
4,3,lr5e-05_bs8_drop0p4_temp1p0_a0p25_b0p05__wd1e-04trmiss0_degmodglobal,8,5e-05,0.0001,0.4,1.0,0.25,0.05,lr5e-05_bs8_drop0p4_temp1p0_a0p25_b0p05__wd1e-04trmiss0_degmodglobal,50,0.5935732296534947,0.724393904209137,0.55,0.6932921245421245,0.6923076923076923,0.0,0.5062048605510167,0.5680184279169355,0.06803309012736593,0.17093087253826006,0.0,0.0,0.0,0.0,0.0,18473,global,0.0
4,3,lr5e-05_bs8_drop0p4_temp1p0_a0p25_b0p05__wd1e-04trmiss0_degmodglobal,8,5e-05,0.0001,0.4,1.0,0.25,0.05,lr5e-05_bs8_drop0p4_temp1p0_a0p25_b0p05__wd1e-04trmiss0_degmodglobal,51,0.6242970143045697,0.7314083576202393,0.55,0.6932921245421245,0.6153846153846154,0.0,0.5517219603061676,0.5950601696968079,0.07315064008746829,0.2189833532486643,0.0,0.0,0.0,0.0,0.0,18473,global,0.0
4,3,lr5e-05_bs8_drop0p4_temp1p0_a0p25_b0p05__wd1e-04trmiss0_degmodglobal,8,5e-05,0.0001,0.4,1.0,0.25,0.05,lr5e-05_bs8_drop0p4_temp1p0_a0p25_b0p05__wd1e-04trmiss0_degmodglobal,52,0.6010065674781799,0.7424563467502594,0.55,0.6932921245421245,0.6153846153846154,0.0,0.5453186205455235,0.567401647567749,0.08625473720686776,0.2408247302685465,0.0,0.0,0.0,0.0,0.0,18473,global,0.0
4,3,lr5e-05_bs8_drop0p4_temp1p0_a0p25_b0p05__wd1e-04trmiss0_degmodglobal,8,5e-05,0.0001,0.4,1.0,0.25,0.05,lr5e-05_bs8_drop0p4_temp1p0_a0p25_b0p05__wd1e-04trmiss0_degmodglobal,53,0.5990426880972726,0.7342714965343475,0.55,0.6932921245421245,0.6153846153846154,0.0,0.4772154007639204,0.5564082520348685,0.10703410261443683,0.3175185258899416,0.0,0.0,0.0,0.0,0.0,18473,global,0.0
4,3,lr5e-05_bs8_drop0p4_temp1p0_a0p25_b0p05__wd1e-04trmiss0_degmodglobal,8,5e-05,0.0001,0.4,1.0,0.25,0.05,lr5e-05_bs8_drop0p4_temp1p0_a0p25_b0p05__wd1e-04trmiss0_degmodglobal,54,0.6027789882251194,0.7281847894191742,0.55,0.6932921245421245,0.6923076923076923,0.0,0.5176353752613068,0.5781045045171466,0.060810892177479606,0.1894351073673793,0.0,0.0,0.0,0.0,0.0,18473,global,0.0
4,3,lr5e-05_bs8_drop0p4_temp1p0_a0p25_b0p05__wd1e-04trmiss0_degmodglobal,8,5e-05,0.0001,0.4,1.0,0.25,0.05,lr5e-05_bs8_drop0p4_temp1p0_a0p25_b0p05__wd1e-04trmiss0_degmodglobal,55,0.5857105766023908,0.7303294241428375,0.55,0.6932921245421245,0.6153846153846154,0.0,0.4966199994087219,0.5568287372589111,0.07154966252190727,0.21988852747849055,0.0,0.0,0.0,0.0,0.0,18473,global,0.0
4,3,lr5e-05_bs8_drop0p4_temp1p0_a0p25_b0p05__wd1e-04trmiss0_degmodglobal,8,5e-05,0.0001,0.4,1.0,0.25,0.05,lr5e-05_bs8_drop0p4_temp1p0_a0p25_b0p05__wd1e-04trmiss0_degmodglobal,56,0.6024736166000366,0.7311562597751617,0.525,0.6307921245421245,0.6923076923076923,0.0,0.5230779222079686,0.5698864885738918,0.08909798307078225,0.20625264729772294,0.0,0.0,0.0,0.0,0.0,18473,global,0.0
4,3,lr5e-05_bs8_drop0p4_temp1p0_a0p25_b0p05__wd1e-04trmiss0_degmodglobal,8,5e-05,0.0001,0.4,1.0,0.25,0.05,lr5e-05_bs8_drop0p4_temp1p0_a0p25_b0p05__wd1e-04trmiss0_degmodglobal,57,0.6167263048035758,0.7218969762325287,0.525,0.6307921245421245,0.6923076923076923,0.0,0.487103351524898,0.5757678236280169,0.10454681515693665,0.2964359074831009,0.0,0.0,0.0,0.0,0.0,18473,global,0.0
4,3,lr5e-05_bs8_drop0p4_temp1p0_a0p25_b0p05__wd1e-04trmiss0_degmodglobal,8,5e-05,0.0001,0.4,1.0,0.25,0.05,lr5e-05_bs8_drop0p4_temp1p0_a0p25_b0p05__wd1e-04trmiss0_degmodglobal,58,0.5734008508069175,0.7151047587394714,0.55,0.6932921245421245,0.6923076923076923,0.0,0.5129277067525047,0.5412972526890891,0.08734017238020897,0.20537105947732925,0.0,0.0,0.0,0.0,0.0,18473,global,0.0
4,3,lr5e-05_bs8_drop0p4_temp1p0_a0p25_b0p05__wd1e-04trmiss0_degmodglobal,8,5e-05,0.0001,0.4,1.0,0.25,0.05,lr5e-05_bs8_drop0p4_temp1p0_a0p25_b0p05__wd1e-04trmiss0_degmodglobal,59,0.6004897100584847,0.71795454621315,0.55,0.6932921245421245,0.6923076923076923,0.0,0.47435164877346586,0.5625309007508414,0.10129691447530474,0.25269160739013125,0.0,0.0,0.0,0.0,0.0,18473,global,0.0
4,3,lr5e-05_bs8_drop0p4_temp1p0_a0p25_b0p05__wd1e-04trmiss0_degmodglobal,8,5e-05,0.0001,0.4,1.0,0.25,0.05,lr5e-05_bs8_drop0p4_temp1p0_a0p25_b0p05__wd1e-04trmiss0_degmodglobal,60,0.5708399329866681,0.7204582989215851,0.525,0.6307921245421245,0.6923076923076923,0.0,0.5351620869977134,0.5343908241816929,0.0929253271647862,0.2643558404275349,0.0,0.0,0.0,0.0,0.0,18473,global,0.0
4,3,lr5e-05_bs8_drop0p4_temp1p0_a0p25_b0p05__wd1e-04trmiss0_degmodglobal,8,5e-05,0.0001,0.4,1.0,0.25,0.05,lr5e-05_bs8_drop0p4_temp1p0_a0p25_b0p05__wd1e-04trmiss0_degmodglobal,61,0.5852480530738831,0.7312667667865753,0.525,0.6307921245421245,0.6923076923076923,0.0,0.5159828449998584,0.5630509087017604,0.0603164014007364,0.1423610555274146,0.0,0.0,0.0,0.0,0.0,18473,global,0.0
4,3,lr5e-05_bs8_drop0p4_temp1p0_a0p25_b0p05__wd1e-04trmiss0_degmodglobal,8,5e-05,0.0001,0.4,1.0,0.25,0.05,lr5e-05_bs8_drop0p4_temp1p0_a0p25_b0p05__wd1e-04trmiss0_degmodglobal,62,0.6365350144250053,0.7370302081108093,0.525,0.6307921245421245,0.6923076923076923,0.0,0.513928200517382,0.5846459524972099,0.1342404963714736,0.36657888335841043,0.0,0.0,0.0,0.0,0.0,18473,global,0.0
4,3,lr5e-05_bs8_drop0p4_temp1p0_a0p25_b0p05__wd1e-04trmiss0_degmodglobal,8,5e-05,0.0001,0.4,1.0,0.25,0.05,lr5e-05_bs8_drop0p4_temp1p0_a0p25_b0p05__wd1e-04trmiss0_degmodglobal,63,0.6052889057568142,0.7257295250892639,0.525,0.6307921245421245,0.6923076923076923,0.0,0.4838199147156307,0.5710843801498413,0.0814065911940166,0.27705749550036024,0.0,0.0,0.0,0.0,0.0,18473,global,0.0
4,3,lr5e-05_bs8_drop0p4_temp1p0_a0p25_b0p05__wd1e-04trmiss0_degmodglobal,8,5e-05,0.0001,0.4,1.0,0.25,0.05,lr5e-05_bs8_drop0p4_temp1p0_a0p25_b0p05__wd1e-04trmiss0_degmodglobal,64,0.6030250787734985,0.723681777715683,0.55,0.6932921245421245,0.6923076923076923,0.0,0.5028136329991477,0.5689838358334133,0.0982198433152267,0.18972560923014367,0.0,0.0,0.0,0.0,0.0,18473,global,0.0
4,3,lr5e-05_bs8_drop0p4_temp1p0_a0p25_b0p05__wd1e-04trmiss0_degmodglobal,8,5e-05,0.0001,0.4,1.0,0.25,0.05,lr5e-05_bs8_drop0p4_temp1p0_a0p25_b0p05__wd1e-04trmiss0_degmodglobal,65,0.5953638979366848,0.7042826414108276,0.55,0.6932921245421245,0.6923076923076923,0.0,0.42134929980550495,0.5447107596056802,0.12852015665599278,0.3704621025494167,0.0,0.0,0.0,0.0,0.0,18473,global,0.0
4,3,lr5e-05_bs8_drop0p4_temp1p0_a0p25_b0p05__wd1e-04trmiss0_degmodglobal,8,5e-05,0.0001,0.4,1.0,0.25,0.05,lr5e-05_bs8_drop0p4_temp1p0_a0p25_b0p05__wd1e-04trmiss0_degmodglobal,66,0.5788144639560154,0.7206319868564606,0.55,0.6932921245421245,0.6923076923076923,0.0,0.4641221676553999,0.5451667479106358,0.09093186099614416,0.2182950930935996,0.0,0.0,0.0,0.0,0.0,18473,global,0.0
4,3,lr5e-05_bs8_drop0p4_temp1p0_a0p25_b0p05__wd1e-04trmiss0_degmodglobal,8,5e-05,0.0001,0.4,1.0,0.25,0.05,lr5e-05_bs8_drop0p4_temp1p0_a0p25_b0p05__wd1e-04trmiss0_degmodglobal,67,0.6400428073746818,0.7359979450702667,0.55,0.6932921245421245,0.6923076923076923,0.0,0.4545801154204777,0.5950803756713867,0.11098802355783326,0.344308540225029,0.0,0.0,0.0,0.0,0.0,18473,global,0.0
4,3,lr5e-05_bs8_drop0p4_temp1p0_a0p25_b0p05__wd1e-04trmiss0_degmodglobal,8,5e-05,0.0001,0.4,1.0,0.25,0.05,lr5e-05_bs8_drop0p4_temp1p0_a0p25_b0p05__wd1e-04trmiss0_degmodglobal,68,0.586530727999551,0.7350333631038666,0.55,0.6932921245421245,0.6923076923076923,0.0,0.45479040912219454,0.5466234428542001,0.10833897335188729,0.2564509074602808,0.0,0.0,0.0,0.0,0.0,18473,global,0.0
4,3,lr5e-05_bs8_drop0p4_temp1p0_a0p25_b0p05__wd1e-04trmiss0_degmodglobal,8,5e-05,0.0001,0.4,1.0,0.25,0.05,lr5e-05_bs8_drop0p4_temp1p0_a0p25_b0p05__wd1e-04trmiss0_degmodglobal,69,0.6220316461154393,0.7262514531612396,0.55,0.6932921245421245,0.6923076923076923,0.0,0.5396703822272164,0.5828662770135062,0.09947279414960317,0.28594348579645157,0.0,0.0,0.0,0.0,0.0,18473,global,0.0
4,3,lr5e-05_bs8_drop0p4_temp1p0_a0p25_b0p05__wd1e-04trmiss0_degmodglobal,8,5e-05,0.0001,0.4,1.0,0.25,0.05,lr5e-05_bs8_drop0p4_temp1p0_a0p25_b0p05__wd1e-04trmiss0_degmodglobal,70,0.5982456122125898,0.7069820463657379,0.55,0.6932921245421245,0.6923076923076923,0.0,0.49395317690713064,0.5595990376813071,0.09827349068863052,0.2815642516527857,0.0,0.0,0.0,0.0,0.0,18473,global,0.0
4,3,lr5e-05_bs8_drop0p4_temp1p0_a0p25_b0p05__wd1e-04trmiss0_degmodglobal,8,5e-05,0.0001,0.4,1.0,0.25,0.05,lr5e-05_bs8_drop0p4_temp1p0_a0p25_b0p05__wd1e-04trmiss0_degmodglobal,71,0.6155262163707188,0.7115996181964874,0.55,0.6932921245421245,0.6923076923076923,0.0,0.47875109740665983,0.5641449604715619,0.1377658343740872,0.33879593866212027,0.0,0.0,0.0,0.0,0.0,18473,global,0.0
4,3,lr5e-05_bs8_drop0p4_temp1p0_a0p25_b0p05__wd1e-04trmiss0_degmodglobal,8,5e-05,0.0001,0.4,1.0,0.25,0.05,lr5e-05_bs8_drop0p4_temp1p0_a0p25_b0p05__wd1e-04trmiss0_degmodglobal,72,0.6367703761373248,0.7322656214237213,0.55,0.6932921245421245,0.6923076923076923,0.0,0.4472037936959948,0.5793017148971558,0.15424328031284468,0.3781570770910808,0.0,0.0,0.0,0.0,0.0,18473,global,0.0
4,3,lr5e-05_bs8_drop0p4_temp1p0_a0p25_b0p05__wd1e-04trmiss0_degmodglobal,8,5e-05,0.0001,0.4,1.0,0.25,0.05,lr5e-05_bs8_drop0p4_temp1p0_a0p25_b0p05__wd1e-04trmiss0_degmodglobal,73,0.5974938784326825,0.7376202642917633,0.55,0.6932921245421245,0.6923076923076923,0.0,0.5083484947681427,0.5667972905295235,0.0804525294474193,0.21166939181940897,0.0,0.0,0.0,0.0,0.0,18473,global,0.0
4,3,lr5e-05_bs8_drop0p4_temp1p0_a0p25_b0p05__wd1e-04trmiss0_degmodglobal,8,5e-05,0.0001,0.4,1.0,0.25,0.05,lr5e-05_bs8_drop0p4_temp1p0_a0p25_b0p05__wd1e-04trmiss0_degmodglobal,74,0.5818340608051845,0.7219940721988678,0.55,0.6932921245421245,0.6923076923076923,0.0,0.47444386567388264,0.5398645145552499,0.11051555722951889,0.2868128589221409,0.0,0.0,0.0,0.0,0.0,18473,global,0.0
4,3,lr5e-05_bs8_drop0p4_temp1p0_a0p25_b0p05__wd1e-04trmiss0_degmodglobal,8,5e-05,0.0001,0.4,1.0,0.25,0.05,lr5e-05_bs8_drop0p4_temp1p0_a0p25_b0p05__wd1e-04trmiss0_degmodglobal,75,0.6215847730636597,0.7229300439357758,0.55,0.6932921245421245,0.6923076923076923,0.0,0.45923324142183575,0.5770090733255658,0.10953635296651296,0.343832186290196,0.0,0.0,0.0,0.0,0.0,18473,global,0.0
4,3,lr5e-05_bs8_drop0p4_temp1p0_a0p25_b0p05__wd1e-04trmiss0_degmodglobal,8,5e-05,0.0001,0.4,1.0,0.25,0.05,lr5e-05_bs8_drop0p4_temp1p0_a0p25_b0p05__wd1e-04trmiss0_degmodglobal,76,0.5911683525357928,0.7236565947532654,0.55,0.6932921245421245,0.6923076923076923,0.0,0.46389639377593994,0.5478157230785915,0.11136226675340108,0.3102415204048157,0.0,0.0,0.0,0.0,0.0,18473,global,0.0
4,3,lr5e-05_bs8_drop0p4_temp1p0_a0p25_b0p05__wd1e-04trmiss0_degmodglobal,8,5e-05,0.0001,0.4,1.0,0.25,0.05,lr5e-05_bs8_drop0p4_temp1p0_a0p25_b0p05__wd1e-04trmiss0_degmodglobal,77,0.6148409247398376,0.7143883407115936,0.55,0.6932921245421245,0.6923076923076923,0.0,0.4634518708501543,0.5771730542182922,0.10292523886476244,0.2387312033346721,0.0,0.0,0.0,0.0,0.0,18473,global,0.0
4,3,lr5e-05_bs8_drop0p4_temp1p0_a0p25_b0p05__wd1e-04trmiss0_degmodglobal,8,5e-05,0.0001,0.4,1.0,0.25,0.05,lr5e-05_bs8_drop0p4_temp1p0_a0p25_b0p05__wd1e-04trmiss0_degmodglobal,78,0.6162340385573251,0.718963235616684,0.55,0.6932921245421245,0.6923076923076923,0.0,0.4735055480684553,0.5699487924575806,0.11706274002790451,0.3403909376689366,0.0,0.0,0.0,0.0,0.0,18473,global,0.0
4,3,lr5e-05_bs8_drop0p4_temp1p0_a0p25_b0p05__wd1e-04trmiss0_degmodglobal,8,5e-05,0.0001,0.4,1.0,0.25,0.05,lr5e-05_bs8_drop0p4_temp1p0_a0p25_b0p05__wd1e-04trmiss0_degmodglobal,79,0.6198467101369586,0.7118339240550995,0.55,0.6932921245421245,0.6923076923076923,0.0,0.4399522542953491,0.5681750008038112,0.1341772438692195,0.3625478169747761,0.0,0.0,0.0,0.0,0.0,18473,global,0.0
4,3,lr5e-05_bs8_drop0p4_temp1p0_a0p25_b0p05__wd1e-04trmiss0_degmodglobal,8,5e-05,0.0001,0.4,1.0,0.25,0.05,lr5e-05_bs8_drop0p4_temp1p0_a0p25_b0p05__wd1e-04trmiss0_degmodglobal,80,0.6209824681282043,0.7136324048042297,0.55,0.6932921245421245,0.6923076923076923,0.0,0.4810947690691267,0.5768048763275146,0.11359145279441561,0.31559490306036814,0.0,0.0,0.0,0.0,0.0,18473,global,0.0
4,3,lr5e-05_bs8_drop0p4_temp2p0_a0p25_b0p05__wd1e-04trmiss0_degmodglobal,8,5e-05,0.0001,0.4,2.0,0.25,0.05,lr5e-05_bs8_drop0p4_temp2p0_a0p25_b0p05__wd1e-04trmiss0_degmodglobal,1,0.6672704219818115,0.6217700242996216,0.75,0.8015241702741703,0.7692307692307693,0.0,0.7041113717215401,0.6422253761972699,0.06524107552000455,0.17469541834933416,0.0,0.0,0.0,0.0,0.0,18473,global,0.0
4,3,lr5e-05_bs8_drop0p4_temp2p0_a0p25_b0p05__wd1e-04trmiss0_degmodglobal,8,5e-05,0.0001,0.4,2.0,0.25,0.05,lr5e-05_bs8_drop0p4_temp2p0_a0p25_b0p05__wd1e-04trmiss0_degmodglobal,2,0.6616415977478027,0.6150479018688202,0.75,0.8015241702741703,0.7692307692307693,0.0,0.6641753826822553,0.633711040019989,0.07315704120056969,0.1928259070430483,0.0,0.0,0.0,0.0,0.0,18473,global,0.0
4,3,lr5e-05_bs8_drop0p4_temp2p0_a0p25_b0p05__wd1e-04trmiss0_degmodglobal,8,5e-05,0.0001,0.4,2.0,0.25,0.05,lr5e-05_bs8_drop0p4_temp2p0_a0p25_b0p05__wd1e-04trmiss0_degmodglobal,3,0.6561089072908673,0.6079509854316711,0.7250000000000001,0.7939484126984128,0.6923076923076923,0.0,0.6407062070710319,0.634010774748666,0.06268526454057012,0.12853656922067916,0.0,0.0,0.0,0.0,0.0,18473,global,0.0
4,3,lr5e-05_bs8_drop0p4_temp2p0_a0p25_b0p05__wd1e-04trmiss0_degmodglobal,8,5e-05,0.0001,0.4,2.0,0.25,0.05,lr5e-05_bs8_drop0p4_temp2p0_a0p25_b0p05__wd1e-04trmiss0_degmodglobal,4,0.6141974074499947,0.6047605574131012,0.8,0.8227678571428572,0.6153846153846154,0.0,0.6296601210321698,0.5903414487838745,0.06529920441763741,0.1506231427192688,0.0,0.0,0.0,0.0,0.0,18473,global,0.0
4,3,lr5e-05_bs8_drop0p4_temp2p0_a0p25_b0p05__wd1e-04trmiss0_degmodglobal,8,5e-05,0.0001,0.4,2.0,0.25,0.05,lr5e-05_bs8_drop0p4_temp2p0_a0p25_b0p05__wd1e-04trmiss0_degmodglobal,5,0.6515587994030544,0.6075337827205658,0.8,0.8227678571428572,0.6923076923076923,0.0,0.6403374246188572,0.6240025758743286,0.07166563187326704,0.1927961323942457,0.0,0.0,0.0,0.0,0.0,18473,global,0.0
4,3,lr5e-05_bs8_drop0p4_temp2p0_a0p25_b0p05__wd1e-04trmiss0_degmodglobal,8,5e-05,0.0001,0.4,2.0,0.25,0.05,lr5e-05_bs8_drop0p4_temp2p0_a0p25_b0p05__wd1e-04trmiss0_degmodglobal,6,0.6072537558419364,0.6040662527084351,0.8250000000000001,0.8338789682539682,0.6923076923076923,0.0,0.6162565435682025,0.5806012919970921,0.07182872295379639,0.17390569831643785,0.0,0.0,0.0,0.0,0.0,18473,global,0.0
4,3,lr5e-05_bs8_drop0p4_temp2p0_a0p25_b0p05__wd1e-04trmiss0_degmodglobal,8,5e-05,0.0001,0.4,2.0,0.25,0.05,lr5e-05_bs8_drop0p4_temp2p0_a0p25_b0p05__wd1e-04trmiss0_degmodglobal,7,0.6201879637581962,0.6036737859249115,0.8250000000000001,0.8338789682539682,0.6923076923076923,0.0,0.5917732119560242,0.5829924515315464,0.10451281549675125,0.22134621228490556,0.0,0.0,0.0,0.0,0.0,18473,global,0.0
4,3,lr5e-05_bs8_drop0p4_temp2p0_a0p25_b0p05__wd1e-04trmiss0_degmodglobal,8,5e-05,0.0001,0.4,2.0,0.25,0.05,lr5e-05_bs8_drop0p4_temp2p0_a0p25_b0p05__wd1e-04trmiss0_degmodglobal,8,0.6227272067751203,0.6054664850234985,0.8250000000000001,0.8338789682539682,0.6923076923076923,0.0,0.5945618748664856,0.5895696708134243,0.09099989171539034,0.20815120424543107,0.0,0.0,0.0,0.0,0.0,18473,global,0.0
4,3,lr5e-05_bs8_drop0p4_temp2p0_a0p25_b0p05__wd1e-04trmiss0_degmodglobal,8,5e-05,0.0001,0.4,2.0,0.25,0.05,lr5e-05_bs8_drop0p4_temp2p0_a0p25_b0p05__wd1e-04trmiss0_degmodglobal,9,0.6061259933880397,0.6074538826942444,0.8,0.8227678571428572,0.6153846153846154,0.0,0.5747160485812596,0.5798631480761937,0.0685809174818652,0.18235215012516295,0.0,0.0,0.0,0.0,0.0,18473,global,0.0
4,3,lr5e-05_bs8_drop0p4_temp2p0_a0p25_b0p05__wd1e-04trmiss0_degmodglobal,8,5e-05,0.0001,0.4,2.0,0.25,0.05,lr5e-05_bs8_drop0p4_temp2p0_a0p25_b0p05__wd1e-04trmiss0_degmodglobal,10,0.5961552602904183,0.6092008948326111,0.8,0.8227678571428572,0.6923076923076923,0.0,0.5476579070091248,0.5680795652525765,0.07552749184625489,0.18387652933597565,0.0,0.0,0.0,0.0,0.0,18473,global,0.0
4,3,lr5e-05_bs8_drop0p4_temp2p0_a0p25_b0p05__wd1e-04trmiss0_degmodglobal,8,5e-05,0.0001,0.4,2.0,0.25,0.05,lr5e-05_bs8_drop0p4_temp2p0_a0p25_b0p05__wd1e-04trmiss0_degmodglobal,11,0.5963738134929112,0.6121799051761627,0.75,0.8015241702741703,0.6923076923076923,0.0,0.563511882509504,0.5725025364330837,0.06040217248456819,0.1754145132643836,0.0,0.0,0.0,0.0,0.0,18473,global,0.0
4,3,lr5e-05_bs8_drop0p4_temp2p0_a0p25_b0p05__wd1e-04trmiss0_degmodglobal,8,5e-05,0.0001,0.4,2.0,0.25,0.05,lr5e-05_bs8_drop0p4_temp2p0_a0p25_b0p05__wd1e-04trmiss0_degmodglobal,12,0.6063109466007778,0.6085954904556274,0.775,0.8106150793650794,0.6923076923076923,0.0,0.5813392145293099,0.5848628452845982,0.0612689091690949,0.12261771836451121,0.0,0.0,0.0,0.0,0.0,18473,global,0.0
4,3,lr5e-05_bs8_drop0p4_temp2p0_a0p25_b0p05__wd1e-04trmiss0_degmodglobal,8,5e-05,0.0001,0.4,2.0,0.25,0.05,lr5e-05_bs8_drop0p4_temp2p0_a0p25_b0p05__wd1e-04trmiss0_degmodglobal,13,0.6394331540380206,0.6048332154750824,0.8,0.8227678571428572,0.7692307692307693,0.0,0.5648959577083588,0.614100090094975,0.07111244063292231,0.15109892615250178,0.0,0.0,0.0,0.0,0.0,18473,global,0.0
4,3,lr5e-05_bs8_drop0p4_temp2p0_a0p25_b0p05__wd1e-04trmiss0_degmodglobal,8,5e-05,0.0001,0.4,2.0,0.25,0.05,lr5e-05_bs8_drop0p4_temp2p0_a0p25_b0p05__wd1e-04trmiss0_degmodglobal,14,0.6004070043563843,0.5942391455173492,0.8250000000000001,0.8338789682539682,0.7692307692307693,0.0,0.5601320394447872,0.5763892786843436,0.0680442000074046,0.14013356156647205,0.0,0.0,0.0,0.0,0.0,18473,global,0.0
4,3,lr5e-05_bs8_drop0p4_temp2p0_a0p25_b0p05__wd1e-04trmiss0_degmodglobal,8,5e-05,0.0001,0.4,2.0,0.25,0.05,lr5e-05_bs8_drop0p4_temp2p0_a0p25_b0p05__wd1e-04trmiss0_degmodglobal,15,0.6191772052219936,0.5893218219280243,0.775,0.8136769480519481,0.7692307692307693,0.0,0.5874037444591522,0.5895615773541587,0.08087473043373652,0.18793904142720358,0.0,0.0,0.0,0.0,0.0,18473,global,0.0
4,3,lr5e-05_bs8_drop0p4_temp2p0_a0p25_b0p05__wd1e-04trmiss0_degmodglobal,8,5e-05,0.0001,0.4,2.0,0.25,0.05,lr5e-05_bs8_drop0p4_temp2p0_a0p25_b0p05__wd1e-04trmiss0_degmodglobal,16,0.600561090878078,0.5921270847320557,0.8250000000000001,0.8338789682539682,0.7692307692307693,0.0,0.544384411403111,0.5715735128947667,0.08030673382537705,0.1782177665403911,0.0,0.0,0.0,0.0,0.0,18473,global,0.0
4,3,lr5e-05_bs8_drop0p4_temp2p0_a0p25_b0p05__wd1e-04trmiss0_degmodglobal,8,5e-05,0.0001,0.4,2.0,0.25,0.05,lr5e-05_bs8_drop0p4_temp2p0_a0p25_b0p05__wd1e-04trmiss0_degmodglobal,17,0.6094774092946734,0.5965321660041809,0.8250000000000001,0.8338789682539682,0.7692307692307693,0.0,0.5608240110533578,0.586895900113242,0.06245301451001849,0.13936527339475496,0.0,0.0,0.0,0.0,0.0,18473,global,0.0
4,3,lr5e-05_bs8_drop0p4_temp2p0_a0p25_b0p05__wd1e-04trmiss0_degmodglobal,8,5e-05,0.0001,0.4,2.0,0.25,0.05,lr5e-05_bs8_drop0p4_temp2p0_a0p25_b0p05__wd1e-04trmiss0_degmodglobal,18,0.6083425283432007,0.5918861925601959,0.8250000000000001,0.8338789682539682,0.7692307692307693,0.0,0.5427454965455192,0.5725256289754596,0.09387523574488503,0.24696156169686997,0.0,0.0,0.0,0.0,0.0,18473,global,0.0
4,3,lr5e-05_bs8_drop0p4_temp2p0_a0p25_b0p05__wd1e-04trmiss0_degmodglobal,8,5e-05,0.0001,0.4,2.0,0.25,0.05,lr5e-05_bs8_drop0p4_temp2p0_a0p25_b0p05__wd1e-04trmiss0_degmodglobal,19,0.5759913325309753,0.5891017019748688,0.8250000000000001,0.8338789682539682,0.7692307692307693,0.0,0.5223457983561924,0.5446256995201111,0.0836425359760012,0.20909996330738068,0.0,0.0,0.0,0.0,0.0,18473,global,0.0
4,3,lr5e-05_bs8_drop0p4_temp2p0_a0p25_b0p05__wd1e-04trmiss0_degmodglobal,8,5e-05,0.0001,0.4,2.0,0.25,0.05,lr5e-05_bs8_drop0p4_temp2p0_a0p25_b0p05__wd1e-04trmiss0_degmodglobal,20,0.6222391383988517,0.5942100286483765,0.8250000000000001,0.8338789682539682,0.6923076923076923,0.0,0.5214162341185978,0.5854512623378209,0.09359753397958619,0.26776950912816183,0.0,0.0,0.0,0.0,0.0,18473,global,0.0
4,3,lr5e-05_bs8_drop0p4_temp2p0_a0p25_b0p05__wd1e-04trmiss0_degmodglobal,8,5e-05,0.0001,0.4,2.0,0.25,0.05,lr5e-05_bs8_drop0p4_temp2p0_a0p25_b0p05__wd1e-04trmiss0_degmodglobal,21,0.6193863749504089,0.6065594851970673,0.8,0.8227678571428572,0.6923076923076923,0.0,0.5518489309719631,0.5844419513429914,0.0914944585944925,0.2414158976503781,0.0,0.0,0.0,0.0,0.0,18473,global,0.0
4,3,lr5e-05_bs8_drop0p4_temp2p0_a0p25_b0p05__wd1e-04trmiss0_degmodglobal,8,5e-05,0.0001,0.4,2.0,0.25,0.05,lr5e-05_bs8_drop0p4_temp2p0_a0p25_b0p05__wd1e-04trmiss0_degmodglobal,22,0.6157901116779873,0.6004290878772736,0.8250000000000001,0.8338789682539682,0.7692307692307693,0.0,0.5260416482176099,0.5788215143339974,0.11226142730031695,0.1780651637486049,0.0,0.0,0.0,0.0,0.0,18473,global,0.0
4,3,lr5e-05_bs8_drop0p4_temp2p0_a0p25_b0p05__wd1e-04trmiss0_degmodglobal,8,5e-05,0.0001,0.4,2.0,0.25,0.05,lr5e-05_bs8_drop0p4_temp2p0_a0p25_b0p05__wd1e-04trmiss0_degmodglobal,23,0.6059262582233974,0.6009160280227661,0.8250000000000001,0.8338789682539682,0.7692307692307693,0.0,0.5327591257435935,0.5795604969773974,0.07661502489021846,0.14423993549176625,0.0,0.0,0.0,0.0,0.0,18473,global,0.0
4,3,lr5e-05_bs8_drop0p4_temp2p0_a0p25_b0p05__wd1e-04trmiss0_degmodglobal,8,5e-05,0.0001,0.4,2.0,0.25,0.05,lr5e-05_bs8_drop0p4_temp2p0_a0p25_b0p05__wd1e-04trmiss0_degmodglobal,24,0.5822473679270063,0.5963612198829651,0.775,0.8106150793650794,0.7692307692307693,0.0,0.5297860162598746,0.550773194858006,0.09008543831961495,0.17905632938657487,0.0,0.0,0.0,0.0,0.0,18473,global,0.0
4,3,lr5e-05_bs8_drop0p4_temp2p0_a0p25_b0p05__wd1e-04trmiss0_degmodglobal,8,5e-05,0.0001,0.4,2.0,0.25,0.05,lr5e-05_bs8_drop0p4_temp2p0_a0p25_b0p05__wd1e-04trmiss0_degmodglobal,25,0.6092711942536491,0.5969477295875549,0.8,0.8227678571428572,0.7692307692307693,0.0,0.5439040746007647,0.5796561326299395,0.08831368652837616,0.1507322969181197,0.0,0.0,0.0,0.0,0.0,18473,global,0.0
4,3,lr5e-05_bs8_drop0p4_temp2p0_a0p25_b0p05__wd1e-04trmiss0_degmodglobal,8,5e-05,0.0001,0.4,2.0,0.25,0.05,lr5e-05_bs8_drop0p4_temp2p0_a0p25_b0p05__wd1e-04trmiss0_degmodglobal,26,0.6243033494268145,0.5989224016666412,0.8250000000000001,0.8338789682539682,0.7692307692307693,0.0,0.5406185729163033,0.5781577910695758,0.11817336188895362,0.3320445737668446,0.0,0.0,0.0,0.0,0.0,18473,global,0.0
4,3,lr5e-05_bs8_drop0p4_temp2p0_a0p25_b0p05__wd1e-04trmiss0_degmodglobal,8,5e-05,0.0001,0.4,2.0,0.25,0.05,lr5e-05_bs8_drop0p4_temp2p0_a0p25_b0p05__wd1e-04trmiss0_degmodglobal,27,0.612400906426566,0.6000135242938995,0.8250000000000001,0.8338789682539682,0.7692307692307693,0.0,0.5030097876276288,0.5812124184199742,0.0839664355984756,0.2039375134876796,0.0,0.0,0.0,0.0,0.0,18473,global,0.0
4,3,lr5e-05_bs8_drop0p4_temp2p0_a0p25_b0p05__wd1e-04trmiss0_degmodglobal,8,5e-05,0.0001,0.4,2.0,0.25,0.05,lr5e-05_bs8_drop0p4_temp2p0_a0p25_b0p05__wd1e-04trmiss0_degmodglobal,28,0.5918156887803759,0.5991080105304718,0.8250000000000001,0.8338789682539682,0.7692307692307693,0.0,0.4957608921187265,0.5542578484330859,0.10474056218351636,0.2274539162005697,0.0,0.0,0.0,0.0,0.0,18473,global,0.0
4,3,lr5e-05_bs8_drop0p4_temp2p0_a0p25_b0p05__wd1e-04trmiss0_degmodglobal,8,5e-05,0.0001,0.4,2.0,0.25,0.05,lr5e-05_bs8_drop0p4_temp2p0_a0p25_b0p05__wd1e-04trmiss0_degmodglobal,29,0.6244913169315883,0.5964056849479675,0.8250000000000001,0.8338789682539682,0.7692307692307693,0.0,0.5209513476916722,0.5898786272321429,0.09469260435019221,0.21879082173109055,0.0,0.0,0.0,0.0,0.0,18473,global,0.0
4,3,lr5e-05_bs8_drop0p4_temp2p0_a0p25_b0p05__wd1e-04trmiss0_degmodglobal,8,5e-05,0.0001,0.4,2.0,0.25,0.05,lr5e-05_bs8_drop0p4_temp2p0_a0p25_b0p05__wd1e-04trmiss0_degmodglobal,30,0.5995332939284188,0.5962066054344177,0.8250000000000001,0.8338789682539682,0.7692307692307693,0.0,0.5401460656097957,0.5697168026651654,0.08492188049214226,0.17172043664114817,0.0,0.0,0.0,0.0,0.0,18473,global,0.0
4,3,lr5e-05_bs8_drop0p4_temp2p0_a0p25_b0p05__wd1e-04trmiss0_degmodglobal,8,5e-05,0.0001,0.4,2.0,0.25,0.05,lr5e-05_bs8_drop0p4_temp2p0_a0p25_b0p05__wd1e-04trmiss0_degmodglobal,31,0.580753070967538,0.5951623022556305,0.8250000000000001,0.8338789682539682,0.7692307692307693,0.0,0.531866750546864,0.5437545095171247,0.1107681542634964,0.1861305492264884,0.0,0.0,0.0,0.0,0.0,18473,global,0.0
4,3,lr5e-05_bs8_drop0p4_temp2p0_a0p25_b0p05__wd1e-04trmiss0_degmodglobal,8,5e-05,0.0001,0.4,2.0,0.25,0.05,lr5e-05_bs8_drop0p4_temp2p0_a0p25_b0p05__wd1e-04trmiss0_degmodglobal,32,0.5730285729680743,0.5946426689624786,0.8250000000000001,0.8338789682539682,0.7692307692307693,0.0,0.49946259600775583,0.540095865726471,0.0954640656709671,0.1813336174402918,0.0,0.0,0.0,0.0,0.0,18473,global,0.0
4,3,lr5e-05_bs8_drop0p4_temp2p0_a0p25_b0p05__wd1e-04trmiss0_degmodglobal,8,5e-05,0.0001,0.4,2.0,0.25,0.05,lr5e-05_bs8_drop0p4_temp2p0_a0p25_b0p05__wd1e-04trmiss0_degmodglobal,33,0.588070443698338,0.5897864997386932,0.8250000000000001,0.8338789682539682,0.7692307692307693,0.0,0.5177122354507446,0.5611083933285305,0.0776586112167154,0.1509478906435626,0.0,0.0,0.0,0.0,0.0,18473,global,0.0
4,3,lr5e-05_bs8_drop0p4_temp2p0_a0p25_b0p05__wd1e-04trmiss0_degmodglobal,8,5e-05,0.0001,0.4,2.0,0.25,0.05,lr5e-05_bs8_drop0p4_temp2p0_a0p25_b0p05__wd1e-04trmiss0_degmodglobal,34,0.5854697184903281,0.5907028615474701,0.8250000000000001,0.8338789682539682,0.7692307692307693,0.0,0.49159866145678927,0.5439164042472839,0.11217826125877244,0.27017517387866974,0.0,0.0,0.0,0.0,0.0,18473,global,0.0
4,3,lr5e-05_bs8_drop0p4_temp2p0_a0p25_b0p05__wd1e-04trmiss0_degmodglobal,8,5e-05,0.0001,0.4,2.0,0.25,0.05,lr5e-05_bs8_drop0p4_temp2p0_a0p25_b0p05__wd1e-04trmiss0_degmodglobal,35,0.5849355288914272,0.5914795994758606,0.8250000000000001,0.8338789682539682,0.7692307692307693,0.0,0.4560938903263637,0.5426645534379142,0.11725173677716937,0.2591607996395656,0.0,0.0,0.0,0.0,0.0,18473,global,0.0
4,3,lr5e-05_bs8_drop0p4_temp2p0_a0p25_b0p05__wd1e-04trmiss0_degmodglobal,8,5e-05,0.0001,0.4,2.0,0.25,0.05,lr5e-05_bs8_drop0p4_temp2p0_a0p25_b0p05__wd1e-04trmiss0_degmodglobal,36,0.5714937363352094,0.5896472334861755,0.8250000000000001,0.8338789682539682,0.7692307692307693,0.0,0.4757866646562304,0.5311153786523002,0.10895744072539466,0.26277982550007956,0.0,0.0,0.0,0.0,0.0,18473,global,0.0
4,3,lr5e-05_bs8_drop0p4_temp2p0_a0p25_b0p05__wd1e-04trmiss0_degmodglobal,8,5e-05,0.0001,0.4,2.0,0.25,0.05,lr5e-05_bs8_drop0p4_temp2p0_a0p25_b0p05__wd1e-04trmiss0_degmodglobal,37,0.5903107268469674,0.5910934805870056,0.8,0.8227678571428572,0.7692307692307693,0.0,0.4752136298588344,0.5567339147840228,0.09426306667072433,0.20022108086517879,0.0,0.0,0.0,0.0,0.0,18473,global,0.0
4,3,lr5e-05_bs8_drop0p4_temp2p0_a0p25_b0p05__wd1e-04trmiss0_degmodglobal,8,5e-05,0.0001,0.4,2.0,0.25,0.05,lr5e-05_bs8_drop0p4_temp2p0_a0p25_b0p05__wd1e-04trmiss0_degmodglobal,38,0.577279772077288,0.5927689969539642,0.8250000000000001,0.8338789682539682,0.7692307692307693,0.0,0.4732316476958139,0.5417891953672681,0.0991158155458314,0.21423227659293584,0.0,0.0,0.0,0.0,0.0,18473,global,0.0
4,3,lr5e-05_bs8_drop0p4_temp2p0_a0p25_b0p05__wd1e-04trmiss0_degmodglobal,8,5e-05,0.0001,0.4,2.0,0.25,0.05,lr5e-05_bs8_drop0p4_temp2p0_a0p25_b0p05__wd1e-04trmiss0_degmodglobal,39,0.579309744494302,0.5919785797595978,0.8250000000000001,0.8338789682539682,0.7692307692307693,0.0,0.4723804933684213,0.540209778717586,0.10690935275384358,0.24745251876967295,0.0,0.0,0.0,0.0,0.0,18473,global,0.0
4,3,lr1e-05_bs8_drop0p2_temp1p0_a0p25_b0p05__wd1e-04trmiss0_degmodglobal,8,1e-05,0.0001,0.2,1.0,0.25,0.05,lr1e-05_bs8_drop0p2_temp1p0_a0p25_b0p05__wd1e-04trmiss0_degmodglobal,1,0.7379458972385952,0.8402969539165497,0.525,0.7078754578754579,0.38461538461538464,0.0,0.6785530362810407,0.7178167615618024,0.0513079147785902,0.14604290574789047,0.0,0.0,0.0,0.0,0.0,18473,global,0.0
4,3,lr1e-05_bs8_drop0p2_temp1p0_a0p25_b0p05__wd1e-04trmiss0_degmodglobal,8,1e-05,0.0001,0.2,1.0,0.25,0.05,lr1e-05_bs8_drop0p2_temp1p0_a0p25_b0p05__wd1e-04trmiss0_degmodglobal,2,0.7455666235515049,0.9082755744457245,0.55,0.7495421245421245,0.5384615384615384,0.0,0.6834341202463422,0.7251287187848773,0.050073894539049695,0.15838851460388728,0.0,0.0,0.0,0.0,0.0,18473,global,0.0
4,3,lr1e-05_bs8_drop0p2_temp1p0_a0p25_b0p05__wd1e-04trmiss0_degmodglobal,8,1e-05,0.0001,0.2,1.0,0.25,0.05,lr1e-05_bs8_drop0p2_temp1p0_a0p25_b0p05__wd1e-04trmiss0_degmodglobal,3,0.7263797862189156,0.9378102719783783,0.6,0.7874209124209124,0.5384615384615384,0.0,0.6596954379762922,0.7106042163712638,0.03709206650299685,0.13005163627011435,0.0,0.0,0.0,0.0,0.0,18473,global,0.0
4,3,lr1e-05_bs8_drop0p2_temp1p0_a0p25_b0p05__wd1e-04trmiss0_degmodglobal,8,1e-05,0.0001,0.2,1.0,0.25,0.05,lr1e-05_bs8_drop0p2_temp1p0_a0p25_b0p05__wd1e-04trmiss0_degmodglobal,4,0.7386977076530457,0.9893137812614441,0.625,0.8040875790875791,0.5384615384615384,0.0,0.6615702765328544,0.719430148601532,0.04799437682543482,0.1453789696097374,0.0,0.0,0.0,0.0,0.0,18473,global,0.0
4,3,lr1e-05_bs8_drop0p2_temp1p0_a0p25_b0p05__wd1e-04trmiss0_degmodglobal,8,1e-05,0.0001,0.2,1.0,0.25,0.05,lr1e-05_bs8_drop0p2_temp1p0_a0p25_b0p05__wd1e-04trmiss0_degmodglobal,5,0.7439240898404803,0.9635671973228455,0.675,0.8370421245421246,0.5384615384615384,0.0,0.6691605619021824,0.7289315717560905,0.035564729145595005,0.12202668562531471,0.0,0.0,0.0,0.0,0.0,18473,global,0.0
4,3,lr1e-05_bs8_drop0p2_temp1p0_a0p25_b0p05__wd1e-04trmiss0_degmodglobal,8,1e-05,0.0001,0.2,1.0,0.25,0.05,lr1e-05_bs8_drop0p2_temp1p0_a0p25_b0p05__wd1e-04trmiss0_degmodglobal,6,0.7149218831743512,0.9914535582065582,0.7,0.8474587912087912,0.5384615384615384,0.0,0.6510308044297355,0.7000870874949864,0.03641081734427384,0.11464175794805799,0.0,0.0,0.0,0.0,0.0,18473,global,0.0
4,3,lr1e-05_bs8_drop0p2_temp1p0_a0p25_b0p05__wd1e-04trmiss0_degmodglobal,8,1e-05,0.0001,0.2,1.0,0.25,0.05,lr1e-05_bs8_drop0p2_temp1p0_a0p25_b0p05__wd1e-04trmiss0_degmodglobal,7,0.7234413794108799,1.0095434486865997,0.675,0.8224587912087912,0.5384615384615384,0.0,0.6475799254008702,0.7038373861994062,0.04606022738984653,0.1617785713502339,0.0,0.0,0.0,0.0,0.0,18473,global,0.0
4,3,lr1e-05_bs8_drop0p2_temp1p0_a0p25_b0p05__wd1e-04trmiss0_degmodglobal,8,1e-05,0.0001,0.2,1.0,0.25,0.05,lr1e-05_bs8_drop0p2_temp1p0_a0p25_b0p05__wd1e-04trmiss0_degmodglobal,8,0.7367159809385028,1.02920600771904,0.625,0.7807921245421245,0.5384615384615384,0.0,0.6562704614230565,0.719341550554548,0.042155015149286816,0.13671345902340754,0.0,0.0,0.0,0.0,0.0,18473,global,0.0
4,3,lr1e-05_bs8_drop0p2_temp1p0_a0p25_b0p05__wd1e-04trmiss0_degmodglobal,8,1e-05,0.0001,0.2,1.0,0.25,0.05,lr1e-05_bs8_drop0p2_temp1p0_a0p25_b0p05__wd1e-04trmiss0_degmodglobal,9,0.7168087618691581,0.9913336038589478,0.65,0.8120421245421245,0.5384615384615384,0.0,0.6411203145980835,0.6991644416536603,0.04487870181245463,0.12849300567592895,0.0,0.0,0.0,0.0,0.0,18473,global,0.0
4,3,lr1e-05_bs8_drop0p2_temp1p0_a0p25_b0p05__wd1e-04trmiss0_degmodglobal,8,1e-05,0.0001,0.2,1.0,0.25,0.05,lr1e-05_bs8_drop0p2_temp1p0_a0p25_b0p05__wd1e-04trmiss0_degmodglobal,10,0.7023799504552569,1.026819884777069,0.65,0.8120421245421245,0.5384615384615384,0.0,0.6530250310897827,0.6888298988342285,0.0319022320743118,0.11148981962885175,0.0,0.0,0.0,0.0,0.0,18473,global,0.0
4,3,lr1e-05_bs8_drop0p2_temp1p0_a0p25_b0p05__wd1e-04trmiss0_degmodglobal,8,1e-05,0.0001,0.2,1.0,0.25,0.05,lr1e-05_bs8_drop0p2_temp1p0_a0p25_b0p05__wd1e-04trmiss0_degmodglobal,11,0.6914481435503278,1.0191274583339691,0.675,0.8224587912087912,0.5384615384615384,0.0,0.6557195101465497,0.6737176009586879,0.039626077083604674,0.1564804773245539,0.0,0.0,0.0,0.0,0.0,18473,global,0.0
4,3,lr1e-05_bs8_drop0p2_temp1p0_a0p25_b0p05__wd1e-04trmiss0_degmodglobal,8,1e-05,0.0001,0.2,1.0,0.25,0.05,lr1e-05_bs8_drop0p2_temp1p0_a0p25_b0p05__wd1e-04trmiss0_degmodglobal,12,0.7040268863950457,1.0387954413890839,0.7,0.8474587912087912,0.5384615384615384,0.0,0.6488591177122933,0.6864488295146397,0.04466092772781849,0.12825633798326766,0.0,0.0,0.0,0.0,0.0,18473,global,0.0
4,3,lr1e-05_bs8_drop0p2_temp1p0_a0p25_b0p05__wd1e-04trmiss0_degmodglobal,8,1e-05,0.0001,0.2,1.0,0.25,0.05,lr1e-05_bs8_drop0p2_temp1p0_a0p25_b0p05__wd1e-04trmiss0_degmodglobal,13,0.7104045578411647,1.0011458694934845,0.7,0.8474587912087912,0.5384615384615384,0.0,0.6332574486732483,0.6937938928604126,0.04100462208901133,0.12719040789774486,0.0,0.0,0.0,0.0,0.0,18473,global,0.0
4,3,lr1e-05_bs8_drop0p2_temp1p0_a0p25_b0p05__wd1e-04trmiss0_degmodglobal,8,1e-05,0.0001,0.2,1.0,0.25,0.05,lr1e-05_bs8_drop0p2_temp1p0_a0p25_b0p05__wd1e-04trmiss0_degmodglobal,14,0.7101609281131199,1.0365793108940125,0.7,0.8474587912087912,0.5384615384615384,0.0,0.637843940939222,0.6916437915393284,0.04557435799922262,0.14247060673577444,0.0,0.0,0.0,0.0,0.0,18473,global,0.0
4,3,lr1e-05_bs8_drop0p2_temp1p0_a0p25_b0p05__wd1e-04trmiss0_degmodglobal,8,1e-05,0.0001,0.2,1.0,0.25,0.05,lr1e-05_bs8_drop0p2_temp1p0_a0p25_b0p05__wd1e-04trmiss0_degmodglobal,15,0.717547493321555,1.0134063363075256,0.675,0.8224587912087912,0.5384615384615384,0.0,0.6431698373385838,0.6997827206339154,0.04185023717582226,0.1460441883121218,0.0,0.0,0.0,0.0,0.0,18473,global,0.0
4,3,lr1e-05_bs8_drop0p2_temp1p0_a0p25_b0p05__wd1e-04trmiss0_degmodglobal,8,1e-05,0.0001,0.2,1.0,0.25,0.05,lr1e-05_bs8_drop0p2_temp1p0_a0p25_b0p05__wd1e-04trmiss0_degmodglobal,16,0.7008741583142962,0.996816098690033,0.675,0.8224587912087912,0.5384615384615384,0.0,0.6457369072096688,0.6817656840596881,0.047061728579657416,0.14686095608132227,0.0,0.0,0.0,0.0,0.0,18473,global,0.0
4,3,lr1e-05_bs8_drop0p2_temp1p0_a0p25_b0p05__wd1e-04trmiss0_degmodglobal,8,1e-05,0.0001,0.2,1.0,0.25,0.05,lr1e-05_bs8_drop0p2_temp1p0_a0p25_b0p05__wd1e-04trmiss0_degmodglobal,17,0.7254618491445269,0.9982422590255737,0.65,0.8057921245421246,0.5384615384615384,0.0,0.627636900969914,0.7080721770014081,0.04344985394605568,0.13054405631763594,0.0,0.0,0.0,0.0,0.0,18473,global,0.0
4,3,lr1e-05_bs8_drop0p2_temp1p0_a0p25_b0p05__wd1e-04trmiss0_degmodglobal,8,1e-05,0.0001,0.2,1.0,0.25,0.05,lr1e-05_bs8_drop0p2_temp1p0_a0p25_b0p05__wd1e-04trmiss0_degmodglobal,18,0.7079686692782811,0.9906985461711884,0.65,0.8057921245421246,0.5384615384615384,0.0,0.6196888855525425,0.6925788692065648,0.037618406649146764,0.11970401661736625,0.0,0.0,0.0,0.0,0.0,18473,global,0.0
4,3,lr1e-05_bs8_drop0p2_temp1p0_a0p25_b0p05__wd1e-04trmiss0_degmodglobal,8,1e-05,0.0001,0.2,1.0,0.25,0.05,lr1e-05_bs8_drop0p2_temp1p0_a0p25_b0p05__wd1e-04trmiss0_degmodglobal,19,0.7095437135015216,1.0176255404949188,0.625,0.7953754578754578,0.5384615384615384,0.0,0.6440462044307164,0.6929190243993487,0.040726269994463236,0.12886239268950053,0.0,0.0,0.0,0.0,0.0,18473,global,0.0
4,3,lr1e-05_bs8_drop0p2_temp1p0_a0p25_b0p05__wd1e-04trmiss0_degmodglobal,8,1e-05,0.0001,0.2,1.0,0.25,0.05,lr1e-05_bs8_drop0p2_temp1p0_a0p25_b0p05__wd1e-04trmiss0_degmodglobal,20,0.7127274956021991,0.9942152798175812,0.625,0.7953754578754578,0.5384615384615384,0.0,0.6218520488057818,0.6952615465436663,0.0416041761636734,0.14129816155348504,0.0,0.0,0.0,0.0,0.0,18473,global,0.0
4,3,lr1e-05_bs8_drop0p2_temp1p0_a0p25_b0p05__wd1e-04trmiss0_degmodglobal,8,1e-05,0.0001,0.2,1.0,0.25,0.05,lr1e-05_bs8_drop0p2_temp1p0_a0p25_b0p05__wd1e-04trmiss0_degmodglobal,21,0.7224646295819964,1.0328373610973358,0.65,0.8120421245421245,0.5384615384615384,0.0,0.6456622736794608,0.7049665961946759,0.042161328718066216,0.13915397652557918,0.0,0.0,0.0,0.0,0.0,18473,global,0.0
4,3,lr1e-05_bs8_drop0p2_temp1p0_a0p25_b0p05__wd1e-04trmiss0_degmodglobal,8,1e-05,0.0001,0.2,1.0,0.25,0.05,lr1e-05_bs8_drop0p2_temp1p0_a0p25_b0p05__wd1e-04trmiss0_degmodglobal,22,0.7054246578897748,1.0297094285488129,0.625,0.7953754578754578,0.5384615384615384,0.0,0.6104491523333958,0.6909960423197065,0.034091636804597716,0.1181140084351812,0.0,0.0,0.0,0.0,0.0,18473,global,0.0
4,3,lr1e-05_bs8_drop0p2_temp1p0_a0p25_b0p05__wd1e-04trmiss0_degmodglobal,8,1e-05,0.0001,0.2,1.0,0.25,0.05,lr1e-05_bs8_drop0p2_temp1p0_a0p25_b0p05__wd1e-04trmiss0_degmodglobal,23,0.7164465529578072,1.0212264358997345,0.625,0.7953754578754578,0.5384615384615384,0.0,0.6185065507888794,0.6986160704067775,0.04296921619347164,0.14176357856818608,0.0,0.0,0.0,0.0,0.0,18473,global,0.0
4,3,lr1e-05_bs8_drop0p2_temp1p0_a0p25_b0p05__wd1e-04trmiss0_degmodglobal,8,1e-05,0.0001,0.2,1.0,0.25,0.05,lr1e-05_bs8_drop0p2_temp1p0_a0p25_b0p05__wd1e-04trmiss0_degmodglobal,24,0.7189573815890721,0.9886812269687653,0.625,0.7745421245421246,0.5384615384615384,0.0,0.627028329031808,0.6974840675081525,0.04956708050199917,0.1816312564270837,0.0,0.0,0.0,0.0,0.0,18473,global,0.0
4,3,lr1e-05_bs8_drop0p2_temp1p0_a0p25_b0p05__wd1e-04trmiss0_degmodglobal,8,1e-05,0.0001,0.2,1.0,0.25,0.05,lr1e-05_bs8_drop0p2_temp1p0_a0p25_b0p05__wd1e-04trmiss0_degmodglobal,25,0.7064195786203656,1.0122678875923157,0.625,0.7745421245421246,0.5384615384615384,0.0,0.5975412726402283,0.6890749505587986,0.04242280125617981,0.13477843520896776,0.0,0.0,0.0,0.0,0.0,18473,global,0.0
4,3,lr1e-05_bs8_drop0p2_temp1p0_a0p25_b0p05__wd1e-04trmiss0_degmodglobal,8,1e-05,0.0001,0.2,1.0,0.25,0.05,lr1e-05_bs8_drop0p2_temp1p0_a0p25_b0p05__wd1e-04trmiss0_degmodglobal,26,0.7255753704479763,1.0357974469661713,0.625,0.7953754578754578,0.5384615384615384,0.0,0.6208193642752511,0.7071185878344944,0.04408277411546026,0.14872210792132787,0.0,0.0,0.0,0.0,0.0,18473,global,0.0
4,3,lr1e-05_bs8_drop0p2_temp2p0_a0p25_b0p05__wd1e-04trmiss0_degmodglobal,8,1e-05,0.0001,0.2,2.0,0.25,0.05,lr1e-05_bs8_drop0p2_temp2p0_a0p25_b0p05__wd1e-04trmiss0_degmodglobal,1,0.713713995047978,0.6579330563545227,0.44999999999999996,0.7044798951048952,0.5384615384615384,0.0,0.710832987512861,0.6978583080427987,0.036212842645389695,0.13604967828307832,0.0,0.0,0.0,0.0,0.0,18473,global,0.0
4,3,lr1e-05_bs8_drop0p2_temp2p0_a0p25_b0p05__wd1e-04trmiss0_degmodglobal,8,1e-05,0.0001,0.2,2.0,0.25,0.05,lr1e-05_bs8_drop0p2_temp2p0_a0p25_b0p05__wd1e-04trmiss0_degmodglobal,2,0.6710058450698853,0.6598430871963501,0.42499999999999993,0.6925751332001333,0.5384615384615384,0.0,0.6972215260778155,0.6539588485445295,0.04179915280214378,0.1319443519626345,0.0,0.0,0.0,0.0,0.0,18473,global,0.0
4,3,lr1e-05_bs8_drop0p2_temp2p0_a0p25_b0p05__wd1e-04trmiss0_degmodglobal,8,1e-05,0.0001,0.2,2.0,0.25,0.05,lr1e-05_bs8_drop0p2_temp2p0_a0p25_b0p05__wd1e-04trmiss0_degmodglobal,3,0.6899417042732239,0.6603097021579742,0.42499999999999993,0.6925751332001333,0.5384615384615384,0.0,0.7019590054239545,0.6752331682613918,0.03612884719456945,0.11352637516600746,0.0,0.0,0.0,0.0,0.0,18473,global,0.0
4,3,lr1e-05_bs8_drop0p2_temp2p0_a0p25_b0p05__wd1e-04trmiss0_degmodglobal,8,1e-05,0.0001,0.2,2.0,0.25,0.05,lr1e-05_bs8_drop0p2_temp2p0_a0p25_b0p05__wd1e-04trmiss0_degmodglobal,4,0.67281574010849,0.6609714329242706,0.4,0.6800751332001332,0.5384615384615384,0.0,0.6816901394299099,0.6564185449055263,0.03865340644759791,0.1346764862537384,0.0,0.0,0.0,0.0,0.0,18473,global,0.0
4,3,lr1e-05_bs8_drop0p2_temp2p0_a0p25_b0p05__wd1e-04trmiss0_degmodglobal,8,1e-05,0.0001,0.2,2.0,0.25,0.05,lr1e-05_bs8_drop0p2_temp2p0_a0p25_b0p05__wd1e-04trmiss0_degmodglobal,5,0.6664960128920419,0.6633621156215668,0.4,0.6800751332001332,0.5384615384615384,0.0,0.6936591012137276,0.650700032711029,0.03763442433306149,0.12774761180792535,0.0,0.0,0.0,0.0,0.0,18473,global,0.0
4,3,lr1e-05_bs8_drop0p2_temp2p0_a0p25_b0p05__wd1e-04trmiss0_degmodglobal,8,1e-05,0.0001,0.2,2.0,0.25,0.05,lr1e-05_bs8_drop0p2_temp2p0_a0p25_b0p05__wd1e-04trmiss0_degmodglobal,6,0.6733214088848659,0.6677515208721161,0.4,0.6800751332001332,0.46153846153846156,0.0,0.6849046945571899,0.6595286982400077,0.037057798888002126,0.09056509525648185,0.0,0.0,0.0,0.0,0.0,18473,global,0.0
4,3,lr1e-05_bs8_drop0p2_temp2p0_a0p25_b0p05__wd1e-04trmiss0_degmodglobal,8,1e-05,0.0001,0.2,2.0,0.25,0.05,lr1e-05_bs8_drop0p2_temp2p0_a0p25_b0p05__wd1e-04trmiss0_degmodglobal,7,0.6556935395513263,0.6674612462520599,0.4,0.6800751332001332,0.5384615384615384,0.0,0.680098899773189,0.6394598398889814,0.04005360922643116,0.12440594392163414,0.0,0.0,0.0,0.0,0.0,18473,global,0.0
4,3,lr1e-05_bs8_drop0p2_temp2p0_a0p25_b0p05__wd1e-04trmiss0_degmodglobal,8,1e-05,0.0001,0.2,2.0,0.25,0.05,lr1e-05_bs8_drop0p2_temp2p0_a0p25_b0p05__wd1e-04trmiss0_degmodglobal,8,0.6804883224623544,0.6675677597522736,0.4,0.6800751332001332,0.5384615384615384,0.0,0.6718125513621739,0.6659818547112601,0.034105785989335606,0.11960089632443019,0.0,0.0,0.0,0.0,0.0,18473,global,0.0
4,3,lr1e-05_bs8_drop0p2_temp2p0_a0p25_b0p05__wd1e-04trmiss0_degmodglobal,8,1e-05,0.0001,0.2,2.0,0.25,0.05,lr1e-05_bs8_drop0p2_temp2p0_a0p25_b0p05__wd1e-04trmiss0_degmodglobal,9,0.6658315828868321,0.6670916378498077,0.42500000000000004,0.6868933150183151,0.5384615384615384,0.0,0.678299537726811,0.6506223678588867,0.03991158306598663,0.10462667260851179,0.0,0.0,0.0,0.0,0.0,18473,global,0.0
4,3,lr1e-05_bs8_drop0p2_temp2p0_a0p25_b0p05__wd1e-04trmiss0_degmodglobal,8,1e-05,0.0001,0.2,2.0,0.25,0.05,lr1e-05_bs8_drop0p2_temp2p0_a0p25_b0p05__wd1e-04trmiss0_degmodglobal,10,0.6644977160862514,0.6660449802875519,0.45000000000000007,0.6935221028971029,0.5384615384615384,0.0,0.6681008083479745,0.6491794330733163,0.03752681985497475,0.1187313443848065,0.0,0.0,0.0,0.0,0.0,18473,global,0.0
4,3,lr1e-05_bs8_drop0p2_temp2p0_a0p25_b0p05__wd1e-04trmiss0_degmodglobal,8,1e-05,0.0001,0.2,2.0,0.25,0.05,lr1e-05_bs8_drop0p2_temp2p0_a0p25_b0p05__wd1e-04trmiss0_degmodglobal,11,0.6670376743589129,0.6659358441829681,0.5,0.7098099816849817,0.5384615384615384,0.0,0.6499772412436349,0.6548215321132115,0.03283115103840828,0.08016722489680563,0.0,0.0,0.0,0.0,0.0,18473,global,0.0
4,3,lr1e-05_bs8_drop0p2_temp2p0_a0p25_b0p05__wd1e-04trmiss0_degmodglobal,8,1e-05,0.0001,0.2,2.0,0.25,0.05,lr1e-05_bs8_drop0p2_temp2p0_a0p25_b0p05__wd1e-04trmiss0_degmodglobal,12,0.655115008354187,0.6668032109737396,0.45000000000000007,0.6952266483516484,0.5384615384615384,0.0,0.6589039734431675,0.6398611835071019,0.03804124944976398,0.11487051365630967,0.0,0.0,0.0,0.0,0.0,18473,global,0.0
4,3,lr1e-05_bs8_drop0p2_temp2p0_a0p25_b0p05__wd1e-04trmiss0_degmodglobal,8,1e-05,0.0001,0.2,2.0,0.25,0.05,lr1e-05_bs8_drop0p2_temp2p0_a0p25_b0p05__wd1e-04trmiss0_degmodglobal,13,0.6564639040402004,0.6680475473403931,0.42500000000000004,0.6868933150183151,0.5384615384615384,0.0,0.6812122208731515,0.6405576722962516,0.03804996556469372,0.12787454681737082,0.0,0.0,0.0,0.0,0.0,18473,global,0.0
4,3,lr1e-05_bs8_drop0p2_temp2p0_a0p25_b0p05__wd1e-04trmiss0_degmodglobal,8,1e-05,0.0001,0.2,2.0,0.25,0.05,lr1e-05_bs8_drop0p2_temp2p0_a0p25_b0p05__wd1e-04trmiss0_degmodglobal,14,0.6436648028237479,0.6682608723640442,0.42500000000000004,0.6868933150183151,0.5384615384615384,0.0,0.6723241891179766,0.6282491769109454,0.03899654586400304,0.11332994593041283,0.0,0.0,0.0,0.0,0.0,18473,global,0.0
4,3,lr1e-05_bs8_drop0p2_temp2p0_a0p25_b0p05__wd1e-04trmiss0_degmodglobal,8,1e-05,0.0001,0.2,2.0,0.25,0.05,lr1e-05_bs8_drop0p2_temp2p0_a0p25_b0p05__wd1e-04trmiss0_degmodglobal,15,0.6403272662843976,0.6701435148715973,0.42500000000000004,0.6868933150183151,0.5384615384615384,0.0,0.6628945384706769,0.6250365035874503,0.038428762395467074,0.11367133685520717,0.0,0.0,0.0,0.0,0.0,18473,global,0.0
4,3,lr1e-05_bs8_drop0p2_temp2p0_a0p25_b0p05__wd1e-04trmiss0_degmodglobal,8,1e-05,0.0001,0.2,2.0,0.25,0.05,lr1e-05_bs8_drop0p2_temp2p0_a0p25_b0p05__wd1e-04trmiss0_degmodglobal,16,0.641098141670227,0.6705072224140167,0.42500000000000004,0.6868933150183151,0.46153846153846156,0.0,0.6530472806521824,0.6253490192549569,0.039374127984046936,0.11811200848647527,0.0,0.0,0.0,0.0,0.0,18473,global,0.0
4,3,lr1e-05_bs8_drop0p2_temp2p0_a0p25_b0p05__wd1e-04trmiss0_degmodglobal,8,1e-05,0.0001,0.2,2.0,0.25,0.05,lr1e-05_bs8_drop0p2_temp2p0_a0p25_b0p05__wd1e-04trmiss0_degmodglobal,17,0.6332861270223346,0.6703144907951355,0.42500000000000004,0.6868933150183151,0.46153846153846156,0.0,0.6426155141421727,0.6166720560618809,0.039998844798122137,0.13228751718997955,0.0,0.0,0.0,0.0,0.0,18473,global,0.0
4,3,lr1e-05_bs8_drop0p2_temp2p0_a0p25_b0p05__wd1e-04trmiss0_degmodglobal,8,1e-05,0.0001,0.2,2.0,0.25,0.05,lr1e-05_bs8_drop0p2_temp2p0_a0p25_b0p05__wd1e-04trmiss0_degmodglobal,18,0.6542242169380188,0.670782744884491,0.42500000000000004,0.6868933150183151,0.46153846153846156,0.0,0.645970915045057,0.6376633388655526,0.039339637117726464,0.13451964088848659,0.0,0.0,0.0,0.0,0.0,18473,global,0.0
4,3,lr1e-05_bs8_drop0p2_temp2p0_a0p25_b0p05__wd1e-04trmiss0_degmodglobal,8,1e-05,0.0001,0.2,2.0,0.25,0.05,lr1e-05_bs8_drop0p2_temp2p0_a0p25_b0p05__wd1e-04trmiss0_degmodglobal,19,0.6445003322192601,0.6701253950595856,0.42500000000000004,0.6868933150183151,0.46153846153846156,0.0,0.642706538949694,0.6312226482800075,0.03414313096020903,0.09483835899404117,0.0,0.0,0.0,0.0,0.0,18473,global,0.0
4,3,lr1e-05_bs8_drop0p2_temp2p0_a0p25_b0p05__wd1e-04trmiss0_degmodglobal,8,1e-05,0.0001,0.2,2.0,0.25,0.05,lr1e-05_bs8_drop0p2_temp2p0_a0p25_b0p05__wd1e-04trmiss0_degmodglobal,20,0.6390600374766758,0.6690370440483093,0.42500000000000004,0.6868933150183151,0.5384615384615384,0.0,0.6509820648602077,0.6197355304445539,0.04835790981139455,0.1447006676878248,0.0,0.0,0.0,0.0,0.0,18473,global,0.0
4,3,lr1e-05_bs8_drop0p2_temp2p0_a0p25_b0p05__wd1e-04trmiss0_degmodglobal,8,1e-05,0.0001,0.2,2.0,0.25,0.05,lr1e-05_bs8_drop0p2_temp2p0_a0p25_b0p05__wd1e-04trmiss0_degmodglobal,21,0.6614188296454293,0.6687115728855133,0.45000000000000007,0.6952266483516484,0.5384615384615384,0.0,0.6145253947802952,0.644476192338126,0.04011617547699383,0.13827175540583475,0.0,0.0,0.0,0.0,0.0,18473,global,0.0
4,3,lr1e-05_bs8_drop0p2_temp2p0_a0p25_b0p05__wd1e-04trmiss0_degmodglobal,8,1e-05,0.0001,0.2,2.0,0.25,0.05,lr1e-05_bs8_drop0p2_temp2p0_a0p25_b0p05__wd1e-04trmiss0_degmodglobal,22,0.642216077872685,0.6703538596630096,0.45000000000000007,0.6952266483516484,0.5384615384615384,0.0,0.6307777336665562,0.6244811500821795,0.04287232698074409,0.14033664762973785,0.0,0.0,0.0,0.0,0.0,18473,global,0.0
4,3,lr1e-05_bs8_drop0p2_temp2p0_a0p25_b0p05__wd1e-04trmiss0_degmodglobal,8,1e-05,0.0001,0.2,2.0,0.25,0.05,lr1e-05_bs8_drop0p2_temp2p0_a0p25_b0p05__wd1e-04trmiss0_degmodglobal,23,0.6346823658261981,0.6713047027587891,0.45000000000000007,0.6952266483516484,0.38461538461538464,0.0,0.6423417414937701,0.6176394735063825,0.03798349627426693,0.15094054330672538,0.0,0.0,0.0,0.0,0.0,18473,global,0.0
4,3,lr1e-05_bs8_drop0p2_temp2p0_a0p25_b0p05__wd1e-04trmiss0_degmodglobal,8,1e-05,0.0001,0.2,2.0,0.25,0.05,lr1e-05_bs8_drop0p2_temp2p0_a0p25_b0p05__wd1e-04trmiss0_degmodglobal,24,0.6552151356424604,0.6721233427524567,0.45000000000000007,0.6952266483516484,0.38461538461538464,0.0,0.6229953254972186,0.637784617287772,0.045072361294712336,0.12324827856251172,0.0,0.0,0.0,0.0,0.0,18473,global,0.0
4,3,lr1e-05_bs8_drop0p2_temp2p0_a0p25_b0p05__wd1e-04trmiss0_degmodglobal,8,1e-05,0.0001,0.2,2.0,0.25,0.05,lr1e-05_bs8_drop0p2_temp2p0_a0p25_b0p05__wd1e-04trmiss0_degmodglobal,25,0.6499348708561489,0.6698331832885742,0.42500000000000004,0.6868933150183151,0.5384615384615384,0.0,0.6161990250859942,0.6350889035633632,0.03658878483942577,0.11397526998605047,0.0,0.0,0.0,0.0,0.0,18473,global,0.0
4,3,lr1e-05_bs8_drop0p2_temp2p0_a0p25_b0p05__wd1e-04trmiss0_degmodglobal,8,1e-05,0.0001,0.2,2.0,0.25,0.05,lr1e-05_bs8_drop0p2_temp2p0_a0p25_b0p05__wd1e-04trmiss0_degmodglobal,26,0.6624726738248553,0.6704570353031158,0.45000000000000007,0.6952266483516484,0.5384615384615384,0.0,0.6160036325454712,0.6449076873915536,0.04263621621898243,0.13811875666890824,0.0,0.0,0.0,0.0,0.0,18473,global,0.0
4,3,lr1e-05_bs8_drop0p2_temp2p0_a0p25_b0p05__wd1e-04trmiss0_degmodglobal,8,1e-05,0.0001,0.2,2.0,0.25,0.05,lr1e-05_bs8_drop0p2_temp2p0_a0p25_b0p05__wd1e-04trmiss0_degmodglobal,27,0.6477986574172974,0.6710826754570007,0.45000000000000007,0.6952266483516484,0.5384615384615384,0.0,0.6347301091466632,0.6317634497370038,0.03984818421304226,0.1214632551584925,0.0,0.0,0.0,0.0,0.0,18473,global,0.0
4,3,lr1e-05_bs8_drop0p2_temp2p0_a0p25_b0p05__wd1e-04trmiss0_degmodglobal,8,1e-05,0.0001,0.2,2.0,0.25,0.05,lr1e-05_bs8_drop0p2_temp2p0_a0p25_b0p05__wd1e-04trmiss0_degmodglobal,28,0.6392440114702497,0.6709920167922974,0.45000000000000007,0.6952266483516484,0.5384615384615384,0.0,0.6043641311781747,0.6245617866516113,0.03616816098136561,0.1128036060503551,0.0,0.0,0.0,0.0,0.0,18473,global,0.0
4,3,lr1e-05_bs8_drop0p2_temp2p0_a0p25_b0p05__wd1e-04trmiss0_degmodglobal,8,1e-05,0.0001,0.2,2.0,0.25,0.05,lr1e-05_bs8_drop0p2_temp2p0_a0p25_b0p05__wd1e-04trmiss0_degmodglobal,29,0.6469177944319588,0.6716806888580322,0.45000000000000007,0.6952266483516484,0.5384615384615384,0.0,0.6038420285497393,0.6256271771022252,0.05143485218286514,0.16863814847809927,0.0,0.0,0.0,0.0,0.0,18473,global,0.0
4,3,lr1e-05_bs8_drop0p2_temp2p0_a0p25_b0p05__wd1e-04trmiss0_degmodglobal,8,1e-05,0.0001,0.2,2.0,0.25,0.05,lr1e-05_bs8_drop0p2_temp2p0_a0p25_b0p05__wd1e-04trmiss0_degmodglobal,30,0.6183861919811794,0.6730706095695496,0.42500000000000004,0.6868933150183151,0.5384615384615384,0.0,0.593692421913147,0.6052942446299961,0.03374427078025682,0.09311754629015923,0.0,0.0,0.0,0.0,0.0,18473,global,0.0
4,3,lr1e-05_bs8_drop0p2_temp2p0_a0p25_b0p05__wd1e-04trmiss0_degmodglobal,8,1e-05,0.0001,0.2,2.0,0.25,0.05,lr1e-05_bs8_drop0p2_temp2p0_a0p25_b0p05__wd1e-04trmiss0_degmodglobal,31,0.6430200168064663,0.672222226858139,0.42500000000000004,0.6868933150183151,0.5384615384615384,0.0,0.6125631332397461,0.6262278301375253,0.04193306288548878,0.12617823587996618,0.0,0.0,0.0,0.0,0.0,18473,global,0.0
4,3,lr1e-05_bs8_drop0p4_temp1p0_a0p25_b0p05__wd1e-04trmiss0_degmodglobal,8,1e-05,0.0001,0.4,1.0,0.25,0.05,lr1e-05_bs8_drop0p4_temp1p0_a0p25_b0p05__wd1e-04trmiss0_degmodglobal,1,0.7422892791884286,0.7106950581073761,0.625,0.6979166666666667,0.5384615384615384,0.0,0.7790399874959674,0.7072448475020272,0.10263117349573544,0.18773285006838186,0.0,0.0,0.0,0.0,0.0,18473,global,0.0
4,3,lr1e-05_bs8_drop0p4_temp1p0_a0p25_b0p05__wd1e-04trmiss0_degmodglobal,8,1e-05,0.0001,0.4,1.0,0.25,0.05,lr1e-05_bs8_drop0p4_temp1p0_a0p25_b0p05__wd1e-04trmiss0_degmodglobal,2,0.763241103717259,0.713355153799057,0.6,0.6830357142857143,0.5384615384615384,0.0,0.7075474773134504,0.7241356287683759,0.10832603648304939,0.24047937244176865,0.0,0.0,0.0,0.0,0.0,18473,global,0.0
4,3,lr1e-05_bs8_drop0p4_temp1p0_a0p25_b0p05__wd1e-04trmiss0_degmodglobal,8,1e-05,0.0001,0.4,1.0,0.25,0.05,lr1e-05_bs8_drop0p4_temp1p0_a0p25_b0p05__wd1e-04trmiss0_degmodglobal,3,0.7387594069753375,0.7102361619472504,0.6,0.6830357142857143,0.5384615384615384,0.0,0.7175666519573757,0.697584731238229,0.1252331499542509,0.19732777029275894,0.0,0.0,0.0,0.0,0.0,18473,global,0.0
4,3,lr1e-05_bs8_drop0p4_temp1p0_a0p25_b0p05__wd1e-04trmiss0_degmodglobal,8,1e-05,0.0001,0.4,1.0,0.25,0.05,lr1e-05_bs8_drop0p4_temp1p0_a0p25_b0p05__wd1e-04trmiss0_degmodglobal,4,0.7162085686411176,0.7096487283706665,0.6,0.6830357142857143,0.5384615384615384,0.0,0.7496750610215324,0.6801520330565316,0.10439006239175797,0.1991807520389557,0.0,0.0,0.0,0.0,0.0,18473,global,0.0
4,3,lr1e-05_bs8_drop0p4_temp1p0_a0p25_b0p05__wd1e-04trmiss0_degmodglobal,8,1e-05,0.0001,0.4,1.0,0.25,0.05,lr1e-05_bs8_drop0p4_temp1p0_a0p25_b0p05__wd1e-04trmiss0_degmodglobal,5,0.7423105495316642,0.7125081121921539,0.6,0.6830357142857143,0.5384615384615384,0.0,0.7585544501032148,0.7038256866591317,0.11258537322282791,0.20677065529993602,0.0,0.0,0.0,0.0,0.0,18473,global,0.0
4,3,lr1e-05_bs8_drop0p4_temp1p0_a0p25_b0p05__wd1e-04trmiss0_degmodglobal,8,1e-05,0.0001,0.4,1.0,0.25,0.05,lr1e-05_bs8_drop0p4_temp1p0_a0p25_b0p05__wd1e-04trmiss0_degmodglobal,6,0.7548797471182687,0.710212230682373,0.6,0.6830357142857143,0.6153846153846154,0.0,0.7389345254216876,0.7141369496073041,0.1125584180865969,0.2520637554781778,0.0,0.0,0.0,0.0,0.0,18473,global,0.0
4,3,lr1e-05_bs8_drop0p4_temp1p0_a0p25_b0p05__wd1e-04trmiss0_degmodglobal,8,1e-05,0.0001,0.4,1.0,0.25,0.05,lr1e-05_bs8_drop0p4_temp1p0_a0p25_b0p05__wd1e-04trmiss0_degmodglobal,7,0.7399427124432155,0.7068244814872742,0.6,0.6830357142857143,0.6153846153846154,0.0,0.7161448087011065,0.7054221374647958,0.09905588467206274,0.19513227258409774,0.0,0.0,0.0,0.0,0.0,18473,global,0.0
4,3,lr1e-05_bs8_drop0p4_temp1p0_a0p25_b0p05__wd1e-04trmiss0_degmodglobal,8,1e-05,0.0001,0.4,1.0,0.25,0.05,lr1e-05_bs8_drop0p4_temp1p0_a0p25_b0p05__wd1e-04trmiss0_degmodglobal,8,0.7268315042768206,0.7040692269802094,0.625,0.693452380952381,0.6153846153846154,0.0,0.7149549126625061,0.6899323378290448,0.10730980336666107,0.20143441004412516,0.0,0.0,0.0,0.0,0.0,18473,global,0.0
4,3,lr1e-05_bs8_drop0p4_temp1p0_a0p25_b0p05__wd1e-04trmiss0_degmodglobal,8,1e-05,0.0001,0.4,1.0,0.25,0.05,lr1e-05_bs8_drop0p4_temp1p0_a0p25_b0p05__wd1e-04trmiss0_degmodglobal,9,0.7185796073504856,0.7016304135322571,0.625,0.693452380952381,0.6153846153846154,0.0,0.7132789407457624,0.6849102207592556,0.09736993908882141,0.18653799380574906,0.0,0.0,0.0,0.0,0.0,18473,global,0.0
4,3,lr1e-05_bs8_drop0p4_temp1p0_a0p25_b0p05__wd1e-04trmiss0_degmodglobal,8,1e-05,0.0001,0.4,1.0,0.25,0.05,lr1e-05_bs8_drop0p4_temp1p0_a0p25_b0p05__wd1e-04trmiss0_degmodglobal,10,0.7271893194743565,0.702313095331192,0.625,0.693452380952381,0.6153846153846154,0.0,0.6962644968714032,0.680637001991272,0.1348258469785963,0.25691722120557514,0.0,0.0,0.0,0.0,0.0,18473,global,0.0
4,3,lr1e-05_bs8_drop0p4_temp1p0_a0p25_b0p05__wd1e-04trmiss0_degmodglobal,8,1e-05,0.0001,0.4,1.0,0.25,0.05,lr1e-05_bs8_drop0p4_temp1p0_a0p25_b0p05__wd1e-04trmiss0_degmodglobal,11,0.7337491938046047,0.7062150537967682,0.6,0.6830357142857143,0.6153846153846154,0.0,0.703549325466156,0.7016295450074332,0.09977079821484429,0.14353905192443303,0.0,0.0,0.0,0.0,0.0,18473,global,0.0
4,3,lr1e-05_bs8_drop0p4_temp1p0_a0p25_b0p05__wd1e-04trmiss0_degmodglobal,8,1e-05,0.0001,0.4,1.0,0.25,0.05,lr1e-05_bs8_drop0p4_temp1p0_a0p25_b0p05__wd1e-04trmiss0_degmodglobal,12,0.7022560068539211,0.7069738805294037,0.625,0.6979166666666667,0.6153846153846154,0.0,0.6931149704115731,0.6763756700924465,0.07960206589528493,0.11959673730390412,0.0,0.0,0.0,0.0,0.0,18473,global,0.0
4,3,lr1e-05_bs8_drop0p4_temp1p0_a0p25_b0p05__wd1e-04trmiss0_degmodglobal,8,1e-05,0.0001,0.4,1.0,0.25,0.05,lr1e-05_bs8_drop0p4_temp1p0_a0p25_b0p05__wd1e-04trmiss0_degmodglobal,13,0.725037259714944,0.7041791081428528,0.6499999999999999,0.7083333333333334,0.6153846153846154,0.0,0.6731464266777039,0.6865929705756051,0.11631122550794057,0.18732936148132598,0.0,0.0,0.0,0.0,0.0,18473,global,0.0
4,3,lr1e-05_bs8_drop0p4_temp1p0_a0p25_b0p05__wd1e-04trmiss0_degmodglobal,8,1e-05,0.0001,0.4,1.0,0.25,0.05,lr1e-05_bs8_drop0p4_temp1p0_a0p25_b0p05__wd1e-04trmiss0_degmodglobal,14,0.7041215300559998,0.70674267411232,0.6499999999999999,0.7083333333333334,0.6153846153846154,0.0,0.6913261924471173,0.6741847395896912,0.08543525104011808,0.17155958924974715,0.0,0.0,0.0,0.0,0.0,18473,global,0.0
4,3,lr1e-05_bs8_drop0p4_temp1p0_a0p25_b0p05__wd1e-04trmiss0_degmodglobal,8,1e-05,0.0001,0.4,1.0,0.25,0.05,lr1e-05_bs8_drop0p4_temp1p0_a0p25_b0p05__wd1e-04trmiss0_degmodglobal,15,0.7344511917659214,0.7081477642059326,0.575,0.671875,0.6153846153846154,0.0,0.7006321975163051,0.7015202811786106,0.09962521174124309,0.16049189014094217,0.0,0.0,0.0,0.0,0.0,18473,global,0.0
4,3,lr1e-05_bs8_drop0p4_temp1p0_a0p25_b0p05__wd1e-04trmiss0_degmodglobal,8,1e-05,0.0001,0.4,1.0,0.25,0.05,lr1e-05_bs8_drop0p4_temp1p0_a0p25_b0p05__wd1e-04trmiss0_degmodglobal,16,0.7698596971375602,0.7082923948764801,0.6,0.6830357142857143,0.6153846153846154,0.0,0.6536215884344918,0.7265441587993077,0.1274204126426152,0.2292085156909057,0.0,0.0,0.0,0.0,0.0,18473,global,0.0
4,3,lr1e-05_bs8_drop0p4_temp1p0_a0p25_b0p05__wd1e-04trmiss0_degmodglobal,8,1e-05,0.0001,0.4,1.0,0.25,0.05,lr1e-05_bs8_drop0p4_temp1p0_a0p25_b0p05__wd1e-04trmiss0_degmodglobal,17,0.6996226140430996,0.7126538753509521,0.6,0.6830357142857143,0.6153846153846154,0.0,0.6742515649114337,0.6631314754486084,0.10818199494055339,0.18891272161688125,0.0,0.0,0.0,0.0,0.0,18473,global,0.0
4,3,lr1e-05_bs8_drop0p4_temp1p0_a0p25_b0p05__wd1e-04trmiss0_degmodglobal,8,1e-05,0.0001,0.4,1.0,0.25,0.05,lr1e-05_bs8_drop0p4_temp1p0_a0p25_b0p05__wd1e-04trmiss0_degmodglobal,18,0.7260679858071464,0.7129371166229248,0.575,0.6766254578754579,0.6153846153846154,0.0,0.658135175704956,0.6849713495799473,0.11623994261026382,0.24073316901922226,0.0,0.0,0.0,0.0,0.0,18473,global,0.0
4,3,lr1e-05_bs8_drop0p4_temp1p0_a0p25_b0p05__wd1e-04trmiss0_degmodglobal,8,1e-05,0.0001,0.4,1.0,0.25,0.05,lr1e-05_bs8_drop0p4_temp1p0_a0p25_b0p05__wd1e-04trmiss0_degmodglobal,19,0.7228747606277466,0.7166261970996857,0.575,0.6766254578754579,0.6153846153846154,0.0,0.6916751606123788,0.6860709956714085,0.10248881897756032,0.2236313596367836,0.0,0.0,0.0,0.0,0.0,18473,global,0.0
4,3,lr1e-05_bs8_drop0p4_temp1p0_a0p25_b0p05__wd1e-04trmiss0_degmodglobal,8,1e-05,0.0001,0.4,1.0,0.25,0.05,lr1e-05_bs8_drop0p4_temp1p0_a0p25_b0p05__wd1e-04trmiss0_degmodglobal,20,0.7029653872762408,0.7184811234474182,0.55,0.6654647435897436,0.6153846153846154,0.0,0.690422671181815,0.6657747966902596,0.10916852738176074,0.1979690119624138,0.0,0.0,0.0,0.0,0.0,18473,global,0.0
4,3,lr1e-05_bs8_drop0p4_temp1p0_a0p25_b0p05__wd1e-04trmiss0_degmodglobal,8,1e-05,0.0001,0.4,1.0,0.25,0.05,lr1e-05_bs8_drop0p4_temp1p0_a0p25_b0p05__wd1e-04trmiss0_degmodglobal,21,0.7117897101811,0.7183129787445068,0.55,0.6654647435897436,0.6153846153846154,0.0,0.6565209967749459,0.6758732880864825,0.10488734181438174,0.19389148588691438,0.0,0.0,0.0,0.0,0.0,18473,global,0.0
4,3,lr1e-05_bs8_drop0p4_temp1p0_a0p25_b0p05__wd1e-04trmiss0_degmodglobal,8,1e-05,0.0001,0.4,1.0,0.25,0.05,lr1e-05_bs8_drop0p4_temp1p0_a0p25_b0p05__wd1e-04trmiss0_degmodglobal,22,0.6892860531806946,0.7187501490116119,0.55,0.6654647435897436,0.6153846153846154,0.0,0.6899542212486267,0.6545778002057757,0.10046722580279623,0.19182905554771423,0.0,0.0,0.0,0.0,0.0,18473,global,0.0
4,3,lr1e-05_bs8_drop0p4_temp1p0_a0p25_b0p05__wd1e-04trmiss0_degmodglobal,8,1e-05,0.0001,0.4,1.0,0.25,0.05,lr1e-05_bs8_drop0p4_temp1p0_a0p25_b0p05__wd1e-04trmiss0_degmodglobal,23,0.7268747091293335,0.7187426686286926,0.6,0.6870421245421245,0.6153846153846154,0.0,0.651556738785335,0.6958757894379752,0.09335907442229134,0.15318304832492555,0.0,0.0,0.0,0.0,0.0,18473,global,0.0
4,3,lr1e-05_bs8_drop0p4_temp1p0_a0p25_b0p05__wd1e-04trmiss0_degmodglobal,8,1e-05,0.0001,0.4,1.0,0.25,0.05,lr1e-05_bs8_drop0p4_temp1p0_a0p25_b0p05__wd1e-04trmiss0_degmodglobal,24,0.7038934826850891,0.7208941280841827,0.6,0.6870421245421245,0.6153846153846154,0.0,0.6669731991631644,0.6689806410244533,0.10770027871642794,0.15975578927568027,0.0,0.0,0.0,0.0,0.0,18473,global,0.0
4,3,lr1e-05_bs8_drop0p4_temp1p0_a0p25_b0p05__wd1e-04trmiss0_degmodglobal,8,1e-05,0.0001,0.4,1.0,0.25,0.05,lr1e-05_bs8_drop0p4_temp1p0_a0p25_b0p05__wd1e-04trmiss0_degmodglobal,25,0.7162137883050101,0.7210252285003662,0.55,0.6654647435897436,0.6153846153846154,0.0,0.6544485858508519,0.6892235108784267,0.08166448452642985,0.13148313654320581,0.0,0.0,0.0,0.0,0.0,18473,global,0.0
4,3,lr1e-05_bs8_drop0p4_temp1p0_a0p25_b0p05__wd1e-04trmiss0_degmodglobal,8,1e-05,0.0001,0.4,1.0,0.25,0.05,lr1e-05_bs8_drop0p4_temp1p0_a0p25_b0p05__wd1e-04trmiss0_degmodglobal,26,0.72695449420384,0.7221514284610748,0.55,0.6654647435897436,0.6153846153846154,0.0,0.641048116343362,0.695203287260873,0.08685682181801115,0.20074007766587393,0.0,0.0,0.0,0.0,0.0,18473,global,0.0
4,3,lr1e-05_bs8_drop0p4_temp1p0_a0p25_b0p05__wd1e-04trmiss0_degmodglobal,8,1e-05,0.0001,0.4,1.0,0.25,0.05,lr1e-05_bs8_drop0p4_temp1p0_a0p25_b0p05__wd1e-04trmiss0_degmodglobal,27,0.6950174059186663,0.719558835029602,0.55,0.6654647435897436,0.6153846153846154,0.0,0.646507842200143,0.6573816537857056,0.11353787779808044,0.185025512107781,0.0,0.0,0.0,0.0,0.0,18473,global,0.0
4,3,lr1e-05_bs8_drop0p4_temp1p0_a0p25_b0p05__wd1e-04trmiss0_degmodglobal,8,1e-05,0.0001,0.4,1.0,0.25,0.05,lr1e-05_bs8_drop0p4_temp1p0_a0p25_b0p05__wd1e-04trmiss0_degmodglobal,28,0.7024697235652378,0.7196712791919708,0.575,0.6766254578754579,0.6153846153846154,0.0,0.6683357698576791,0.6690179109573364,0.09829279780387878,0.17757228123290197,0.0,0.0,0.0,0.0,0.0,18473,global,0.0
4,3,lr1e-05_bs8_drop0p4_temp1p0_a0p25_b0p05__wd1e-04trmiss0_degmodglobal,8,1e-05,0.0001,0.4,1.0,0.25,0.05,lr1e-05_bs8_drop0p4_temp1p0_a0p25_b0p05__wd1e-04trmiss0_degmodglobal,29,0.6939888255936759,0.7187102138996124,0.575,0.6766254578754579,0.6153846153846154,0.0,0.6229987144470215,0.6486033116068158,0.12356267337288175,0.28989694161074503,0.0,0.0,0.0,0.0,0.0,18473,global,0.0
4,3,lr1e-05_bs8_drop0p4_temp1p0_a0p25_b0p05__wd1e-04trmiss0_degmodglobal,8,1e-05,0.0001,0.4,1.0,0.25,0.05,lr1e-05_bs8_drop0p4_temp1p0_a0p25_b0p05__wd1e-04trmiss0_degmodglobal,30,0.6852982725415911,0.714697003364563,0.575,0.6766254578754579,0.6153846153846154,0.0,0.660426276070731,0.6416399819510323,0.12266268794025693,0.2598521113395691,0.0,0.0,0.0,0.0,0.0,18473,global,0.0
4,3,lr1e-05_bs8_drop0p4_temp1p0_a0p25_b0p05__wd1e-04trmiss0_degmodglobal,8,1e-05,0.0001,0.4,1.0,0.25,0.05,lr1e-05_bs8_drop0p4_temp1p0_a0p25_b0p05__wd1e-04trmiss0_degmodglobal,31,0.7083025915282113,0.7148763537406921,0.575,0.6766254578754579,0.6153846153846154,0.0,0.6441679171153477,0.6712677904537746,0.10675271174737386,0.20693279802799225,0.0,0.0,0.0,0.0,0.0,18473,global,0.0
4,3,lr1e-05_bs8_drop0p4_temp1p0_a0p25_b0p05__wd1e-04trmiss0_degmodglobal,8,1e-05,0.0001,0.4,1.0,0.25,0.05,lr1e-05_bs8_drop0p4_temp1p0_a0p25_b0p05__wd1e-04trmiss0_degmodglobal,32,0.7082310489245823,0.7167268991470337,0.55,0.6654647435897436,0.6153846153846154,0.0,0.6404284579413277,0.6666283011436462,0.12316219561866351,0.21624398497598513,0.0,0.0,0.0,0.0,0.0,18473,global,0.0
4,3,lr1e-05_bs8_drop0p4_temp1p0_a0p25_b0p05__wd1e-04trmiss0_degmodglobal,8,1e-05,0.0001,0.4,1.0,0.25,0.05,lr1e-05_bs8_drop0p4_temp1p0_a0p25_b0p05__wd1e-04trmiss0_degmodglobal,33,0.6872721144131252,0.7171572744846344,0.575,0.6766254578754579,0.6153846153846154,0.0,0.6451044934136527,0.65317645243236,0.0961523460490363,0.20115132204123906,0.0,0.0,0.0,0.0,0.0,18473,global,0.0
4,3,lr1e-05_bs8_drop0p4_temp2p0_a0p25_b0p05__wd1e-04trmiss0_degmodglobal,8,1e-05,0.0001,0.4,2.0,0.25,0.05,lr1e-05_bs8_drop0p4_temp2p0_a0p25_b0p05__wd1e-04trmiss0_degmodglobal,1,0.690077177115849,0.6622191667556763,0.4,0.6310221028971029,0.46153846153846156,0.0,0.667761777128492,0.6744558044842311,0.04101401594068323,0.10735735190766198,0.0,0.0,0.0,0.0,0.0,18473,global,0.0
4,3,lr1e-05_bs8_drop0p4_temp2p0_a0p25_b0p05__wd1e-04trmiss0_degmodglobal,8,1e-05,0.0001,0.4,2.0,0.25,0.05,lr1e-05_bs8_drop0p4_temp2p0_a0p25_b0p05__wd1e-04trmiss0_degmodglobal,2,0.693182749407632,0.6640501618385315,0.4,0.6310221028971029,0.46153846153846156,0.0,0.6566344158990043,0.6797438434192112,0.03561124125761645,0.09072158698524747,0.0,0.0,0.0,0.0,0.0,18473,global,0.0
4,3,lr1e-05_bs8_drop0p4_temp2p0_a0p25_b0p05__wd1e-04trmiss0_degmodglobal,8,1e-05,0.0001,0.4,2.0,0.25,0.05,lr1e-05_bs8_drop0p4_temp2p0_a0p25_b0p05__wd1e-04trmiss0_degmodglobal,3,0.689960105078561,0.6645554900169373,0.42500000000000004,0.6518554362304363,0.46153846153846156,0.0,0.662682294845581,0.6681203586714608,0.048419557245714326,0.1946968287229538,0.0,0.0,0.0,0.0,0.0,18473,global,0.0
4,3,lr1e-05_bs8_drop0p4_temp2p0_a0p25_b0p05__wd1e-04trmiss0_degmodglobal,8,1e-05,0.0001,0.4,2.0,0.25,0.05,lr1e-05_bs8_drop0p4_temp2p0_a0p25_b0p05__wd1e-04trmiss0_degmodglobal,4,0.6622924889836993,0.666702389717102,0.42500000000000004,0.6518554362304363,0.46153846153846156,0.0,0.66297675882067,0.6431812814303807,0.046147052730832784,0.1514890417456627,0.0,0.0,0.0,0.0,0.0,18473,global,0.0
4,3,lr1e-05_bs8_drop0p4_temp2p0_a0p25_b0p05__wd1e-04trmiss0_degmodglobal,8,1e-05,0.0001,0.4,2.0,0.25,0.05,lr1e-05_bs8_drop0p4_temp2p0_a0p25_b0p05__wd1e-04trmiss0_degmodglobal,5,0.67286274262837,0.6707862019538879,0.42500000000000004,0.6518554362304363,0.46153846153846156,0.0,0.6549141917909894,0.657694833619254,0.037984581132020266,0.1134353790964399,0.0,0.0,0.0,0.0,0.0,18473,global,0.0
4,3,lr1e-05_bs8_drop0p4_temp2p0_a0p25_b0p05__wd1e-04trmiss0_degmodglobal,8,1e-05,0.0001,0.4,2.0,0.25,0.05,lr1e-05_bs8_drop0p4_temp2p0_a0p25_b0p05__wd1e-04trmiss0_degmodglobal,6,0.6638513718332563,0.6747850179672241,0.45000000000000007,0.6935221028971029,0.46153846153846156,0.0,0.6502167327063424,0.6445085236004421,0.04681456567985671,0.1527841522225312,0.0,0.0,0.0,0.0,0.0,18473,global,0.0
4,3,lr1e-05_bs8_drop0p4_temp2p0_a0p25_b0p05__wd1e-04trmiss0_degmodglobal,8,1e-05,0.0001,0.4,2.0,0.25,0.05,lr1e-05_bs8_drop0p4_temp2p0_a0p25_b0p05__wd1e-04trmiss0_degmodglobal,7,0.6401895454951695,0.6756696105003357,0.45000000000000007,0.6935221028971029,0.46153846153846156,0.0,0.661202107157026,0.6146169900894165,0.055145290813275745,0.23572470247745514,0.0,0.0,0.0,0.0,0.0,18473,global,0.0
4,3,lr1e-05_bs8_drop0p4_temp2p0_a0p25_b0p05__wd1e-04trmiss0_degmodglobal,8,1e-05,0.0001,0.4,2.0,0.25,0.05,lr1e-05_bs8_drop0p4_temp2p0_a0p25_b0p05__wd1e-04trmiss0_degmodglobal,8,0.681929213660104,0.6785515248775482,0.45000000000000007,0.6935221028971029,0.46153846153846156,0.0,0.6667076945304871,0.662731409072876,0.045607020280190876,0.15592063963413239,0.0,0.0,0.0,0.0,0.0,18473,global,0.0
4,3,lr1e-05_bs8_drop0p4_temp2p0_a0p25_b0p05__wd1e-04trmiss0_degmodglobal,8,1e-05,0.0001,0.4,2.0,0.25,0.05,lr1e-05_bs8_drop0p4_temp2p0_a0p25_b0p05__wd1e-04trmiss0_degmodglobal,9,0.6383107815470014,0.6791634559631348,0.42500000000000004,0.6848415473415473,0.46153846153846156,0.0,0.6406181710106986,0.6206576568739754,0.044576145974653106,0.13018163187163218,0.0,0.0,0.0,0.0,0.0,18473,global,0.0
4,3,lr1e-05_bs8_drop0p4_temp2p0_a0p25_b0p05__wd1e-04trmiss0_degmodglobal,8,1e-05,0.0001,0.4,2.0,0.25,0.05,lr1e-05_bs8_drop0p4_temp2p0_a0p25_b0p05__wd1e-04trmiss0_degmodglobal,10,0.6614308272089277,0.6802407801151276,0.42500000000000004,0.6848415473415473,0.38461538461538464,0.0,0.6469285402979169,0.6434753281729562,0.045576141881091256,0.1312293836048671,0.0,0.0,0.0,0.0,0.0,18473,global,0.0
4,3,lr1e-05_bs8_drop0p4_temp2p0_a0p25_b0p05__wd1e-04trmiss0_degmodglobal,8,1e-05,0.0001,0.4,2.0,0.25,0.05,lr1e-05_bs8_drop0p4_temp2p0_a0p25_b0p05__wd1e-04trmiss0_degmodglobal,11,0.6464929495538984,0.6795163750648499,0.44999999999999996,0.6973415473415474,0.38461538461538464,0.0,0.659312231200082,0.6296172312327794,0.04008825655494418,0.13707291121993745,0.0,0.0,0.0,0.0,0.0,18473,global,0.0
4,3,lr1e-05_bs8_drop0p4_temp2p0_a0p25_b0p05__wd1e-04trmiss0_degmodglobal,8,1e-05,0.0001,0.4,2.0,0.25,0.05,lr1e-05_bs8_drop0p4_temp2p0_a0p25_b0p05__wd1e-04trmiss0_degmodglobal,12,0.6676251377378192,0.6800389885902405,0.42500000000000004,0.6848415473415473,0.38461538461538464,0.0,0.6373899493898664,0.6544689365795681,0.031957584034119337,0.10333638797913279,0.0,0.0,0.0,0.0,0.0,18473,global,0.0
4,3,lr1e-05_bs8_drop0p4_temp2p0_a0p25_b0p05__wd1e-04trmiss0_degmodglobal,8,1e-05,0.0001,0.4,2.0,0.25,0.05,lr1e-05_bs8_drop0p4_temp2p0_a0p25_b0p05__wd1e-04trmiss0_degmodglobal,13,0.6420318484306335,0.6801307201385498,0.42500000000000004,0.6848415473415473,0.46153846153846156,0.0,0.6627653156008039,0.6174178719520569,0.053937116105641635,0.2225935948746545,0.0,0.0,0.0,0.0,0.0,18473,global,0.0
4,3,lr1e-05_bs8_drop0p4_temp2p0_a0p25_b0p05__wd1e-04trmiss0_degmodglobal,8,1e-05,0.0001,0.4,2.0,0.25,0.05,lr1e-05_bs8_drop0p4_temp2p0_a0p25_b0p05__wd1e-04trmiss0_degmodglobal,14,0.6572436009134565,0.6810162365436554,0.42500000000000004,0.6848415473415473,0.46153846153846156,0.0,0.6418656877108982,0.6418175952775138,0.038720138637082915,0.11491964544568743,0.0,0.0,0.0,0.0,0.0,18473,global,0.0
4,3,lr1e-05_bs8_drop0p4_temp2p0_a0p25_b0p05__wd1e-04trmiss0_degmodglobal,8,1e-05,0.0001,0.4,2.0,0.25,0.05,lr1e-05_bs8_drop0p4_temp2p0_a0p25_b0p05__wd1e-04trmiss0_degmodglobal,15,0.6454674260956901,0.67985999584198,0.42500000000000004,0.6848415473415473,0.38461538461538464,0.0,0.6609410813876561,0.6282148276056562,0.044899147536073415,0.12055617145129613,0.0,0.0,0.0,0.0,0.0,18473,global,0.0
4,3,lr1e-05_bs8_drop0p4_temp2p0_a0p25_b0p05__wd1e-04trmiss0_degmodglobal,8,1e-05,0.0001,0.4,2.0,0.25,0.05,lr1e-05_bs8_drop0p4_temp2p0_a0p25_b0p05__wd1e-04trmiss0_degmodglobal,16,0.6316936271531242,0.6797005534172058,0.42500000000000004,0.6848415473415473,0.38461538461538464,0.0,0.6470580015863691,0.6187156013080052,0.03466895541974476,0.08621573128870555,0.0,0.0,0.0,0.0,0.0,18473,global,0.0
4,3,lr1e-05_bs8_drop0p4_temp2p0_a0p25_b0p05__wd1e-04trmiss0_degmodglobal,8,1e-05,0.0001,0.4,2.0,0.25,0.05,lr1e-05_bs8_drop0p4_temp2p0_a0p25_b0p05__wd1e-04trmiss0_degmodglobal,17,0.6667884332793099,0.6820828318595886,0.42500000000000004,0.6848415473415473,0.46153846153846156,0.0,0.6445739269256592,0.6482771549906049,0.04387507773935795,0.15085021087101527,0.0,0.0,0.0,0.0,0.0,18473,global,0.0
4,3,lr1e-05_bs8_drop0p4_temp2p0_a0p25_b0p05__wd1e-04trmiss0_degmodglobal,8,1e-05,0.0001,0.4,2.0,0.25,0.05,lr1e-05_bs8_drop0p4_temp2p0_a0p25_b0p05__wd1e-04trmiss0_degmodglobal,18,0.6154891082218715,0.6795650720596313,0.42500000000000004,0.6848415473415473,0.46153846153846156,0.0,0.6284090621130807,0.5981617825371879,0.04359220394066402,0.1285854833466666,0.0,0.0,0.0,0.0,0.0,18473,global,0.0
4,3,lr1e-05_bs8_drop0p4_temp2p0_a0p25_b0p05__wd1e-04trmiss0_degmodglobal,8,1e-05,0.0001,0.4,2.0,0.25,0.05,lr1e-05_bs8_drop0p4_temp2p0_a0p25_b0p05__wd1e-04trmiss0_degmodglobal,19,0.6437497820172992,0.6792918145656586,0.45000000000000007,0.6935221028971029,0.46153846153846156,0.0,0.6402766023363385,0.6217083505221775,0.05285158434084484,0.1765707369361605,0.0,0.0,0.0,0.0,0.0,18473,global,0.0
4,3,lr1e-05_bs8_drop0p4_temp2p0_a0p25_b0p05__wd1e-04trmiss0_degmodglobal,8,1e-05,0.0001,0.4,2.0,0.25,0.05,lr1e-05_bs8_drop0p4_temp2p0_a0p25_b0p05__wd1e-04trmiss0_degmodglobal,20,0.6418693917138236,0.6800087690353394,0.42500000000000004,0.6848415473415473,0.46153846153846156,0.0,0.6547156657491412,0.6252874902316502,0.039826003302420886,0.1325077765754291,0.0,0.0,0.0,0.0,0.0,18473,global,0.0
4,3,lr1e-05_bs8_drop0p4_temp2p0_a0p25_b0p05__wd1e-04trmiss0_degmodglobal,8,1e-05,0.0001,0.4,2.0,0.25,0.05,lr1e-05_bs8_drop0p4_temp2p0_a0p25_b0p05__wd1e-04trmiss0_degmodglobal,21,0.6375969222613743,0.6797351837158203,0.44999999999999996,0.6973415473415474,0.46153846153846156,0.0,0.6371847476278033,0.6194918070520673,0.04734343636248793,0.1253849853362356,0.0,0.0,0.0,0.0,0.0,18473,global,0.0
4,3,lr1e-05_bs8_drop0p4_temp2p0_a0p25_b0p05__wd1e-04trmiss0_degmodglobal,8,1e-05,0.0001,0.4,2.0,0.25,0.05,lr1e-05_bs8_drop0p4_temp2p0_a0p25_b0p05__wd1e-04trmiss0_degmodglobal,22,0.642281813280923,0.6797798275947571,0.4,0.6782127594627595,0.46153846153846156,0.0,0.6435832721846444,0.6221791165215629,0.04487545069839273,0.17767683070685183,0.0,0.0,0.0,0.0,0.0,18473,global,0.0
4,3,lr1e-05_bs8_drop0p4_temp2p0_a0p25_b0p05__wd1e-04trmiss0_degmodglobal,8,1e-05,0.0001,0.4,2.0,0.25,0.05,lr1e-05_bs8_drop0p4_temp2p0_a0p25_b0p05__wd1e-04trmiss0_degmodglobal,23,0.6094525456428528,0.6791027784347534,0.4,0.6782127594627595,0.46153846153846156,0.0,0.6591627257210868,0.5912769266537258,0.043025506394250054,0.14838497872863496,0.0,0.0,0.0,0.0,0.0,18473,global,0.0
4,3,lr1e-05_bs8_drop0p4_temp2p0_a0p25_b0p05__wd1e-04trmiss0_degmodglobal,8,1e-05,0.0001,0.4,2.0,0.25,0.05,lr1e-05_bs8_drop0p4_temp2p0_a0p25_b0p05__wd1e-04trmiss0_degmodglobal,24,0.6234968730381557,0.6783591508865356,0.4,0.6782127594627595,0.46153846153846156,0.0,0.6282409174101693,0.6034823826381138,0.04874308620180402,0.1565746505345617,0.0,0.0,0.0,0.0,0.0,18473,global,0.0
4,3,lr1e-05_bs8_drop0p4_temp2p0_a0p25_b0p05__wd1e-04trmiss0_degmodglobal,8,1e-05,0.0001,0.4,2.0,0.25,0.05,lr1e-05_bs8_drop0p4_temp2p0_a0p25_b0p05__wd1e-04trmiss0_degmodglobal,25,0.615024881703513,0.6792615950107574,0.425,0.6907127594627596,0.46153846153846156,0.0,0.6171564204352242,0.5958069137164524,0.04991306737065315,0.1347938563142504,0.0,0.0,0.0,0.0,0.0,18473,global,0.0
4,3,lr1e-05_bs8_drop0p4_temp2p0_a0p25_b0p05__wd1e-04trmiss0_degmodglobal,8,1e-05,0.0001,0.4,2.0,0.25,0.05,lr1e-05_bs8_drop0p4_temp2p0_a0p25_b0p05__wd1e-04trmiss0_degmodglobal,26,0.6524446095739093,0.6785285174846649,0.4,0.6782127594627595,0.46153846153846156,0.0,0.6366156680243356,0.6324148859296527,0.04709210725767272,0.165133997797966,0.0,0.0,0.0,0.0,0.0,18473,global,0.0
4,3,lr1e-04_bs16_drop0p2_temp1p0_a0p25_b0p05__wd1e-04trmiss0_degmodglobal,16,0.0001,0.0001,0.2,1.0,0.25,0.05,lr1e-04_bs16_drop0p2_temp1p0_a0p25_b0p05__wd1e-04trmiss0_degmodglobal,1,0.7249475121498108,0.6467252969741821,0.6499999999999999,0.7941287878787878,0.6153846153846154,0.0,0.7213613837957382,0.7024548947811127,0.06814054679125547,0.1091495156288147,0.0,0.0,0.0,0.0,0.0,18473,global,0.0
4,3,lr1e-04_bs16_drop0p2_temp1p0_a0p25_b0p05__wd1e-04trmiss0_degmodglobal,16,0.0001,0.0001,0.2,1.0,0.25,0.05,lr1e-04_bs16_drop0p2_temp1p0_a0p25_b0p05__wd1e-04trmiss0_degmodglobal,2,0.7135120034217834,0.641229510307312,0.65,0.7628787878787879,0.6153846153846154,0.0,0.6923797726631165,0.6859128475189209,0.08360263332724571,0.1339693833142519,0.0,0.0,0.0,0.0,0.0,18473,global,0.0
4,3,lr1e-04_bs16_drop0p2_temp1p0_a0p25_b0p05__wd1e-04trmiss0_degmodglobal,16,0.0001,0.0001,0.2,1.0,0.25,0.05,lr1e-04_bs16_drop0p2_temp1p0_a0p25_b0p05__wd1e-04trmiss0_degmodglobal,3,0.6335831433534622,0.6397222876548767,0.675,0.776271645021645,0.6153846153846154,0.0,0.6656198799610138,0.612110897898674,0.06713276077061892,0.09378104284405708,0.0,0.0,0.0,0.0,0.0,18473,global,0.0
4,3,lr1e-04_bs16_drop0p2_temp1p0_a0p25_b0p05__wd1e-04trmiss0_degmodglobal,16,0.0001,0.0001,0.2,1.0,0.25,0.05,lr1e-04_bs16_drop0p2_temp1p0_a0p25_b0p05__wd1e-04trmiss0_degmodglobal,4,0.628098875284195,0.6379133462905884,0.625,0.7524621212121212,0.6153846153846154,0.0,0.6522346884012222,0.6013283729553223,0.0809542452916503,0.1306388359516859,0.0,0.0,0.0,0.0,0.0,18473,global,0.0
4,3,lr1e-04_bs16_drop0p2_temp1p0_a0p25_b0p05__wd1e-04trmiss0_degmodglobal,16,0.0001,0.0001,0.2,1.0,0.25,0.05,lr1e-04_bs16_drop0p2_temp1p0_a0p25_b0p05__wd1e-04trmiss0_degmodglobal,5,0.6419914662837982,0.6379238963127136,0.6499999999999999,0.7604166666666667,0.6153846153846154,0.0,0.642612487077713,0.6172500848770142,0.06665336899459362,0.1615607813000679,0.0,0.0,0.0,0.0,0.0,18473,global,0.0
4,3,lr1e-04_bs16_drop0p2_temp1p0_a0p25_b0p05__wd1e-04trmiss0_degmodglobal,16,0.0001,0.0001,0.2,1.0,0.25,0.05,lr1e-04_bs16_drop0p2_temp1p0_a0p25_b0p05__wd1e-04trmiss0_degmodglobal,6,0.5858725756406784,0.6371045112609863,0.6499999999999999,0.7604166666666667,0.6153846153846154,0.0,0.6020356267690659,0.5586968213319778,0.08672836236655712,0.10987336188554764,0.0,0.0,0.0,0.0,0.0,18473,global,0.0
4,3,lr1e-04_bs16_drop0p2_temp1p0_a0p25_b0p05__wd1e-04trmiss0_degmodglobal,16,0.0001,0.0001,0.2,1.0,0.25,0.05,lr1e-04_bs16_drop0p2_temp1p0_a0p25_b0p05__wd1e-04trmiss0_degmodglobal,7,0.5887669771909714,0.6339907646179199,0.6749999999999999,0.7708333333333334,0.6153846153846154,0.0,0.5968538522720337,0.5620077848434448,0.07829201128333807,0.14372415468096733,0.0,0.0,0.0,0.0,0.0,18473,global,0.0
4,3,lr1e-04_bs16_drop0p2_temp1p0_a0p25_b0p05__wd1e-04trmiss0_degmodglobal,16,0.0001,0.0001,0.2,1.0,0.25,0.05,lr1e-04_bs16_drop0p2_temp1p0_a0p25_b0p05__wd1e-04trmiss0_degmodglobal,8,0.5905207544565201,0.632335364818573,0.7000000000000001,0.8179383116883117,0.6153846153846154,0.0,0.6257465481758118,0.5621566772460938,0.08547409996390343,0.13991111144423485,0.0,0.0,0.0,0.0,0.0,18473,global,0.0
4,3,lr1e-04_bs16_drop0p2_temp1p0_a0p25_b0p05__wd1e-04trmiss0_degmodglobal,16,0.0001,0.0001,0.2,1.0,0.25,0.05,lr1e-04_bs16_drop0p2_temp1p0_a0p25_b0p05__wd1e-04trmiss0_degmodglobal,9,0.5891346782445908,0.6346675157546997,0.7250000000000001,0.8491883116883117,0.6153846153846154,0.0,0.6169299781322479,0.5648957937955856,0.07126986049115658,0.12842876464128494,0.0,0.0,0.0,0.0,0.0,18473,global,0.0
4,3,lr1e-04_bs16_drop0p2_temp1p0_a0p25_b0p05__wd1e-04trmiss0_degmodglobal,16,0.0001,0.0001,0.2,1.0,0.25,0.05,lr1e-04_bs16_drop0p2_temp1p0_a0p25_b0p05__wd1e-04trmiss0_degmodglobal,10,0.5764636695384979,0.6457775235176086,0.55,0.7624323593073593,0.5384615384615384,0.0,0.5811586976051331,0.546396866440773,0.09079265967011452,0.1473731119185686,0.0,0.0,0.0,0.0,0.0,18473,global,0.0
4,3,lr1e-04_bs16_drop0p2_temp1p0_a0p25_b0p05__wd1e-04trmiss0_degmodglobal,16,0.0001,0.0001,0.2,1.0,0.25,0.05,lr1e-04_bs16_drop0p2_temp1p0_a0p25_b0p05__wd1e-04trmiss0_degmodglobal,11,0.6222031116485596,0.6476276516914368,0.575,0.7790875790875791,0.6153846153846154,0.0,0.6137360036373138,0.5918435901403427,0.09410129860043526,0.13668404147028923,0.0,0.0,0.0,0.0,0.0,18473,global,0.0
4,3,lr1e-04_bs16_drop0p2_temp1p0_a0p25_b0p05__wd1e-04trmiss0_degmodglobal,16,0.0001,0.0001,0.2,1.0,0.25,0.05,lr1e-04_bs16_drop0p2_temp1p0_a0p25_b0p05__wd1e-04trmiss0_degmodglobal,12,0.5921079963445663,0.6436106562614441,0.7250000000000001,0.8507326007326007,0.5384615384615384,0.0,0.6066695600748062,0.5638858824968338,0.08301528170704842,0.14936617575585842,0.0,0.0,0.0,0.0,0.0,18473,global,0.0
4,3,lr1e-04_bs16_drop0p2_temp1p0_a0p25_b0p05__wd1e-04trmiss0_degmodglobal,16,0.0001,0.0001,0.2,1.0,0.25,0.05,lr1e-04_bs16_drop0p2_temp1p0_a0p25_b0p05__wd1e-04trmiss0_degmodglobal,13,0.5750231146812439,0.6379173994064331,0.7250000000000001,0.829204822954823,0.6153846153846154,0.0,0.5827151387929916,0.5411348342895508,0.09919289126992226,0.18180114775896072,0.0,0.0,0.0,0.0,0.0,18473,global,0.0
4,3,lr1e-04_bs16_drop0p2_temp1p0_a0p25_b0p05__wd1e-04trmiss0_degmodglobal,16,0.0001,0.0001,0.2,1.0,0.25,0.05,lr1e-04_bs16_drop0p2_temp1p0_a0p25_b0p05__wd1e-04trmiss0_degmodglobal,14,0.5392165184020996,0.6225554347038269,0.7250000000000001,0.7939484126984128,0.6923076923076923,0.0,0.5570074617862701,0.5107198655605316,0.0888233631849289,0.12581581063568592,0.0,0.0,0.0,0.0,0.0,18473,global,0.0
4,3,lr1e-04_bs16_drop0p2_temp1p0_a0p25_b0p05__wd1e-04trmiss0_degmodglobal,16,0.0001,0.0001,0.2,1.0,0.25,0.05,lr1e-04_bs16_drop0p2_temp1p0_a0p25_b0p05__wd1e-04trmiss0_degmodglobal,15,0.6050637811422348,0.6201733946800232,0.7250000000000001,0.7939484126984128,0.6923076923076923,0.0,0.5808869898319244,0.572330042719841,0.0992503659799695,0.15842307172715664,0.0,0.0,0.0,0.0,0.0,18473,global,0.0
4,3,lr1e-04_bs16_drop0p2_temp1p0_a0p25_b0p05__wd1e-04trmiss0_degmodglobal,16,0.0001,0.0001,0.2,1.0,0.25,0.05,lr1e-04_bs16_drop0p2_temp1p0_a0p25_b0p05__wd1e-04trmiss0_degmodglobal,16,0.5391919761896133,0.613338053226471,0.7250000000000001,0.7939484126984128,0.6923076923076923,0.0,0.554969534277916,0.509576216340065,0.09309271909296513,0.12685178965330124,0.0,0.0,0.0,0.0,0.0,18473,global,0.0
4,3,lr1e-04_bs16_drop0p2_temp1p0_a0p25_b0p05__wd1e-04trmiss0_degmodglobal,16,0.0001,0.0001,0.2,1.0,0.25,0.05,lr1e-04_bs16_drop0p2_temp1p0_a0p25_b0p05__wd1e-04trmiss0_degmodglobal,17,0.5958025753498077,0.6082231998443604,0.8,0.852281746031746,0.6923076923076923,0.0,0.6052345782518387,0.5623249709606171,0.09683954529464245,0.18535439670085907,0.0,0.0,0.0,0.0,0.0,18473,global,0.0
4,3,lr1e-04_bs16_drop0p2_temp1p0_a0p25_b0p05__wd1e-04trmiss0_degmodglobal,16,0.0001,0.0001,0.2,1.0,0.25,0.05,lr1e-04_bs16_drop0p2_temp1p0_a0p25_b0p05__wd1e-04trmiss0_degmodglobal,18,0.5442214459180832,0.6118311882019043,0.775,0.8106150793650794,0.6923076923076923,0.0,0.5597821027040482,0.5114861205220222,0.0960515234619379,0.17444860190153122,0.0,0.0,0.0,0.0,0.0,18473,global,0.0
4,3,lr1e-04_bs16_drop0p2_temp1p0_a0p25_b0p05__wd1e-04trmiss0_degmodglobal,16,0.0001,0.0001,0.2,1.0,0.25,0.05,lr1e-04_bs16_drop0p2_temp1p0_a0p25_b0p05__wd1e-04trmiss0_degmodglobal,19,0.5719642341136932,0.618435800075531,0.7,0.7842261904761905,0.6923076923076923,0.0,0.5785885453224182,0.5404633432626724,0.09364411234855652,0.1617969647049904,0.0,0.0,0.0,0.0,0.0,18473,global,0.0
4,3,lr1e-04_bs16_drop0p2_temp1p0_a0p25_b0p05__wd1e-04trmiss0_degmodglobal,16,0.0001,0.0001,0.2,1.0,0.25,0.05,lr1e-04_bs16_drop0p2_temp1p0_a0p25_b0p05__wd1e-04trmiss0_degmodglobal,20,0.5384621843695641,0.6167070269584656,0.625,0.7540064102564102,0.6153846153846154,0.0,0.5724966675043106,0.5068134516477585,0.09728245809674263,0.14656244590878487,0.0,0.0,0.0,0.0,0.0,18473,global,0.0
4,3,lr1e-04_bs16_drop0p2_temp1p0_a0p25_b0p05__wd1e-04trmiss0_degmodglobal,16,0.0001,0.0001,0.2,1.0,0.25,0.05,lr1e-04_bs16_drop0p2_temp1p0_a0p25_b0p05__wd1e-04trmiss0_degmodglobal,21,0.5442967116832733,0.6223346590995789,0.625,0.7540064102564102,0.6153846153846154,0.0,0.5451425462961197,0.5042169913649559,0.12205094657838345,0.1913396157324314,0.0,0.0,0.0,0.0,0.0,18473,global,0.0
4,3,lr1e-04_bs16_drop0p2_temp1p0_a0p25_b0p05__wd1e-04trmiss0_degmodglobal,16,0.0001,0.0001,0.2,1.0,0.25,0.05,lr1e-04_bs16_drop0p2_temp1p0_a0p25_b0p05__wd1e-04trmiss0_degmodglobal,22,0.5366797894239426,0.6289675235748291,0.65,0.764423076923077,0.6923076923076923,0.0,0.5455314964056015,0.491349957883358,0.13239137828350067,0.24463972076773643,0.0,0.0,0.0,0.0,0.0,18473,global,0.0
4,3,lr1e-04_bs16_drop0p2_temp1p0_a0p25_b0p05__wd1e-04trmiss0_degmodglobal,16,0.0001,0.0001,0.2,1.0,0.25,0.05,lr1e-04_bs16_drop0p2_temp1p0_a0p25_b0p05__wd1e-04trmiss0_degmodglobal,23,0.5649861693382263,0.6246607899665833,0.7000000000000001,0.7875381562881564,0.6923076923076923,0.0,0.5551153123378754,0.5320872738957405,0.10140124335885048,0.15097157657146454,0.0,0.0,0.0,0.0,0.0,18473,global,0.0
4,3,lr1e-04_bs16_drop0p2_temp1p0_a0p25_b0p05__wd1e-04trmiss0_degmodglobal,16,0.0001,0.0001,0.2,1.0,0.25,0.05,lr1e-04_bs16_drop0p2_temp1p0_a0p25_b0p05__wd1e-04trmiss0_degmodglobal,24,0.5021993666887283,0.6240748167037964,0.7000000000000001,0.7875381562881564,0.6923076923076923,0.0,0.5388803333044052,0.4682740867137909,0.1093776635825634,0.13161719217896461,0.0,0.0,0.0,0.0,0.0,18473,global,0.0
4,3,lr1e-04_bs16_drop0p2_temp1p0_a0p25_b0p05__wd1e-04trmiss0_degmodglobal,16,0.0001,0.0001,0.2,1.0,0.25,0.05,lr1e-04_bs16_drop0p2_temp1p0_a0p25_b0p05__wd1e-04trmiss0_degmodglobal,25,0.5472779273986816,0.6231456398963928,0.675,0.7741452991452992,0.6923076923076923,0.0,0.5513432770967484,0.5171238929033279,0.09473670832812786,0.12939695455133915,0.0,0.0,0.0,0.0,0.0,18473,global,0.0
4,3,lr1e-04_bs16_drop0p2_temp1p0_a0p25_b0p05__wd1e-04trmiss0_degmodglobal,16,0.0001,0.0001,0.2,1.0,0.25,0.05,lr1e-04_bs16_drop0p2_temp1p0_a0p25_b0p05__wd1e-04trmiss0_degmodglobal,26,0.5218017548322678,0.6208739876747131,0.675,0.7741452991452992,0.6923076923076923,0.0,0.5289058089256287,0.4853269085288048,0.11898942664265633,0.1345496065914631,0.0,0.0,0.0,0.0,0.0,18473,global,0.0
4,3,lr1e-04_bs16_drop0p2_temp1p0_a0p25_b0p05__wd1e-04trmiss0_degmodglobal,16,0.0001,0.0001,0.2,1.0,0.25,0.05,lr1e-04_bs16_drop0p2_temp1p0_a0p25_b0p05__wd1e-04trmiss0_degmodglobal,27,0.563657321035862,0.6197368502616882,0.675,0.7741452991452992,0.6923076923076923,0.0,0.547563225030899,0.5304510518908501,0.1059127813205123,0.13456129282712936,0.0,0.0,0.0,0.0,0.0,18473,global,0.0
4,3,lr1e-04_bs16_drop0p2_temp1p0_a0p25_b0p05__wd1e-04trmiss0_degmodglobal,16,0.0001,0.0001,0.2,1.0,0.25,0.05,lr1e-04_bs16_drop0p2_temp1p0_a0p25_b0p05__wd1e-04trmiss0_degmodglobal,28,0.5242878794670105,0.6133406758308411,0.75,0.8015241702741703,0.6923076923076923,0.0,0.5165726542472839,0.4846920743584633,0.12404082156717777,0.17171168513596058,0.0,0.0,0.0,0.0,0.0,18473,global,0.0
4,3,lr1e-04_bs16_drop0p2_temp1p0_a0p25_b0p05__wd1e-04trmiss0_degmodglobal,16,0.0001,0.0001,0.2,1.0,0.25,0.05,lr1e-04_bs16_drop0p2_temp1p0_a0p25_b0p05__wd1e-04trmiss0_degmodglobal,29,0.5273595303297043,0.6156150102615356,0.7250000000000001,0.7939484126984128,0.6923076923076923,0.0,0.5136701911687851,0.489448182284832,0.11806798540055752,0.1678876020014286,0.0,0.0,0.0,0.0,0.0,18473,global,0.0
4,3,lr1e-04_bs16_drop0p2_temp1p0_a0p25_b0p05__wd1e-04trmiss0_degmodglobal,16,0.0001,0.0001,0.2,1.0,0.25,0.05,lr1e-04_bs16_drop0p2_temp1p0_a0p25_b0p05__wd1e-04trmiss0_degmodglobal,30,0.5260045826435089,0.6211594343185425,0.675,0.7741452991452992,0.6923076923076923,0.0,0.5336289703845978,0.4835725575685501,0.13192392513155937,0.18902061507105827,0.0,0.0,0.0,0.0,0.0,18473,global,0.0
4,3,lr1e-04_bs16_drop0p2_temp1p0_a0p25_b0p05__wd1e-04trmiss0_degmodglobal,16,0.0001,0.0001,0.2,1.0,0.25,0.05,lr1e-04_bs16_drop0p2_temp1p0_a0p25_b0p05__wd1e-04trmiss0_degmodglobal,31,0.5223748758435249,0.6198393106460571,0.675,0.7741452991452992,0.6923076923076923,0.0,0.5150914639234543,0.48435818403959274,0.1213570162653923,0.15354891680181026,0.0,0.0,0.0,0.0,0.0,18473,global,0.0
4,3,lr1e-04_bs16_drop0p2_temp1p0_a0p25_b0p05__wd1e-04trmiss0_degmodglobal,16,0.0001,0.0001,0.2,1.0,0.25,0.05,lr1e-04_bs16_drop0p2_temp1p0_a0p25_b0p05__wd1e-04trmiss0_degmodglobal,32,0.5141043365001678,0.6185193061828613,0.625,0.7540064102564102,0.6923076923076923,0.0,0.5396046936511993,0.4804054722189903,0.10895554162561893,0.12919972650706768,0.0,0.0,0.0,0.0,0.0,18473,global,0.0
4,3,lr1e-04_bs16_drop0p2_temp1p0_a0p25_b0p05__wd1e-04trmiss0_degmodglobal,16,0.0001,0.0001,0.2,1.0,0.25,0.05,lr1e-04_bs16_drop0p2_temp1p0_a0p25_b0p05__wd1e-04trmiss0_degmodglobal,33,0.530634380877018,0.6217265725135803,0.625,0.7540064102564102,0.6923076923076923,0.0,0.5231426060199738,0.48656465113162994,0.13302475959062576,0.2162708342075348,0.0,0.0,0.0,0.0,0.0,18473,global,0.0
4,3,lr1e-04_bs16_drop0p2_temp1p0_a0p25_b0p05__wd1e-04trmiss0_degmodglobal,16,0.0001,0.0001,0.2,1.0,0.25,0.05,lr1e-04_bs16_drop0p2_temp1p0_a0p25_b0p05__wd1e-04trmiss0_degmodglobal,34,0.5009806156158447,0.6164499521255493,0.625,0.7540064102564102,0.6923076923076923,0.0,0.516887441277504,0.4647514373064041,0.11917385086417198,0.1287144497036934,0.0,0.0,0.0,0.0,0.0,18473,global,0.0
4,3,lr1e-04_bs16_drop0p2_temp1p0_a0p25_b0p05__wd1e-04trmiss0_degmodglobal,16,0.0001,0.0001,0.2,1.0,0.25,0.05,lr1e-04_bs16_drop0p2_temp1p0_a0p25_b0p05__wd1e-04trmiss0_degmodglobal,35,0.4987369328737259,0.6128494739532471,0.7250000000000001,0.791801948051948,0.6923076923076923,0.0,0.5148920938372612,0.4602874666452408,0.1211171392351389,0.163403557613492,0.0,0.0,0.0,0.0,0.0,18473,global,0.0
4,3,lr1e-04_bs16_drop0p2_temp1p0_a0p25_b0p05__wd1e-04trmiss0_degmodglobal,16,0.0001,0.0001,0.2,1.0,0.25,0.05,lr1e-04_bs16_drop0p2_temp1p0_a0p25_b0p05__wd1e-04trmiss0_degmodglobal,36,0.5143911838531494,0.6102299690246582,0.7250000000000001,0.7939484126984128,0.6923076923076923,0.0,0.5059550106525421,0.4726986214518547,0.1353678833693266,0.15701185539364815,0.0,0.0,0.0,0.0,0.0,18473,global,0.0
4,3,lr1e-04_bs16_drop0p2_temp1p0_a0p25_b0p05__wd1e-04trmiss0_degmodglobal,16,0.0001,0.0001,0.2,1.0,0.25,0.05,lr1e-04_bs16_drop0p2_temp1p0_a0p25_b0p05__wd1e-04trmiss0_degmodglobal,37,0.49885986000299454,0.6074023842811584,0.75,0.8356150793650794,0.6923076923076923,0.0,0.5075707957148552,0.45380082726478577,0.13731872290372849,0.21458697877824306,0.0,0.0,0.0,0.0,0.0,18473,global,0.0
4,3,lr1e-04_bs16_drop0p2_temp2p0_a0p25_b0p05__wd1e-04trmiss0_degmodglobal,16,0.0001,0.0001,0.2,2.0,0.25,0.05,lr1e-04_bs16_drop0p2_temp2p0_a0p25_b0p05__wd1e-04trmiss0_degmodglobal,1,0.7265727519989014,1.1535707712173462,0.475,0.7457993395493396,0.6153846153846154,0.0,0.7508060783147812,0.7062084972858429,0.06037626229226589,0.10540392715483904,0.0,0.0,0.0,0.0,0.0,18473,global,0.0
4,3,lr1e-04_bs16_drop0p2_temp2p0_a0p25_b0p05__wd1e-04trmiss0_degmodglobal,16,0.0001,0.0001,0.2,2.0,0.25,0.05,lr1e-04_bs16_drop0p2_temp2p0_a0p25_b0p05__wd1e-04trmiss0_degmodglobal,2,0.7021550536155701,1.238755464553833,0.525,0.7874660062160063,0.6923076923076923,0.0,0.6995255351066589,0.6819439828395844,0.06113652978092432,0.09853893332183361,0.0,0.0,0.0,0.0,0.0,18473,global,0.0
4,3,lr1e-04_bs16_drop0p2_temp2p0_a0p25_b0p05__wd1e-04trmiss0_degmodglobal,16,0.0001,0.0001,0.2,2.0,0.25,0.05,lr1e-04_bs16_drop0p2_temp2p0_a0p25_b0p05__wd1e-04trmiss0_degmodglobal,3,0.6722404509782791,1.300249695777893,0.575,0.8009129759129759,0.6923076923076923,0.0,0.6832213401794434,0.6481395810842514,0.06864051334559917,0.13881459832191467,0.0,0.0,0.0,0.0,0.0,18473,global,0.0
4,3,lr1e-04_bs16_drop0p2_temp2p0_a0p25_b0p05__wd1e-04trmiss0_degmodglobal,16,0.0001,0.0001,0.2,2.0,0.25,0.05,lr1e-04_bs16_drop0p2_temp2p0_a0p25_b0p05__wd1e-04trmiss0_degmodglobal,4,0.6501958072185516,1.3819531202316284,0.575,0.8009129759129759,0.5384615384615384,0.0,0.6480502635240555,0.6258026361465454,0.07471498195081949,0.11428873799741268,0.0,0.0,0.0,0.0,0.0,18473,global,0.0
4,3,lr1e-04_bs16_drop0p2_temp2p0_a0p25_b0p05__wd1e-04trmiss0_degmodglobal,16,0.0001,0.0001,0.2,2.0,0.25,0.05,lr1e-04_bs16_drop0p2_temp2p0_a0p25_b0p05__wd1e-04trmiss0_degmodglobal,5,0.6500717103481293,1.4461044073104858,0.475,0.7407127594627595,0.6153846153846154,0.0,0.6700333952903748,0.6273642480373383,0.069255406036973,0.10787214152514935,0.0,0.0,0.0,0.0,0.0,18473,global,0.0
4,3,lr1e-04_bs16_drop0p2_temp2p0_a0p25_b0p05__wd1e-04trmiss0_degmodglobal,16,0.0001,0.0001,0.2,2.0,0.25,0.05,lr1e-04_bs16_drop0p2_temp2p0_a0p25_b0p05__wd1e-04trmiss0_degmodglobal,6,0.6418759226799011,1.499619722366333,0.475,0.7407127594627595,0.6153846153846154,0.0,0.6439533233642578,0.6206321716308594,0.0601747902110219,0.1240009181201458,0.0,0.0,0.0,0.0,0.0,18473,global,0.0
4,3,lr1e-04_bs16_drop0p2_temp2p0_a0p25_b0p05__wd1e-04trmiss0_degmodglobal,16,0.0001,0.0001,0.2,2.0,0.25,0.05,lr1e-04_bs16_drop0p2_temp2p0_a0p25_b0p05__wd1e-04trmiss0_degmodglobal,7,0.6127332895994186,1.5345042943954468,0.525,0.7692841880341881,0.5384615384615384,0.0,0.658673420548439,0.5923237055540085,0.060422725044190884,0.10607775673270226,0.0,0.0,0.0,0.0,0.0,18473,global,0.0
4,3,lr1e-04_bs16_drop0p2_temp2p0_a0p25_b0p05__wd1e-04trmiss0_degmodglobal,16,0.0001,0.0001,0.2,2.0,0.25,0.05,lr1e-04_bs16_drop0p2_temp2p0_a0p25_b0p05__wd1e-04trmiss0_degmodglobal,8,0.6186966896057129,1.5642839670181274,0.5,0.7380341880341881,0.6153846153846154,0.0,0.6220689713954926,0.5999066233634949,0.053492894396185875,0.10833657532930374,0.0,0.0,0.0,0.0,0.0,18473,global,0.0
4,3,lr1e-04_bs16_drop0p2_temp2p0_a0p25_b0p05__wd1e-04trmiss0_degmodglobal,16,0.0001,0.0001,0.2,2.0,0.25,0.05,lr1e-04_bs16_drop0p2_temp2p0_a0p25_b0p05__wd1e-04trmiss0_degmodglobal,9,0.5865539014339447,1.5461279153823853,0.5,0.7380341880341881,0.6153846153846154,0.0,0.6060711890459061,0.5653677731752396,0.06544836517423391,0.09648089297115803,0.0,0.0,0.0,0.0,0.0,18473,global,0.0
4,3,lr1e-04_bs16_drop0p2_temp2p0_a0p25_b0p05__wd1e-04trmiss0_degmodglobal,16,0.0001,0.0001,0.2,2.0,0.25,0.05,lr1e-04_bs16_drop0p2_temp2p0_a0p25_b0p05__wd1e-04trmiss0_degmodglobal,10,0.5944993793964386,1.4981764554977417,0.5,0.7380341880341881,0.6153846153846154,0.0,0.6009179949760437,0.5710727870464325,0.07422200497239828,0.0974220298230648,0.0,0.0,0.0,0.0,0.0,18473,global,0.0
4,3,lr1e-04_bs16_drop0p2_temp2p0_a0p25_b0p05__wd1e-04trmiss0_degmodglobal,16,0.0001,0.0001,0.2,2.0,0.25,0.05,lr1e-04_bs16_drop0p2_temp2p0_a0p25_b0p05__wd1e-04trmiss0_degmodglobal,11,0.5838662832975388,1.5114498138427734,0.5,0.7380341880341881,0.6153846153846154,0.0,0.5968121290206909,0.5612489879131317,0.06777891051024199,0.11345150507986546,0.0,0.0,0.0,0.0,0.0,18473,global,0.0
4,3,lr1e-04_bs16_drop0p2_temp2p0_a0p25_b0p05__wd1e-04trmiss0_degmodglobal,16,0.0001,0.0001,0.2,2.0,0.25,0.05,lr1e-04_bs16_drop0p2_temp2p0_a0p25_b0p05__wd1e-04trmiss0_degmodglobal,12,0.5739542841911316,1.5394920110702515,0.5,0.7380341880341881,0.5384615384615384,0.0,0.5923814177513123,0.5522346496582031,0.06963778007775545,0.08620364591479301,0.0,0.0,0.0,0.0,0.0,18473,global,0.0
4,3,lr1e-04_bs16_drop0p2_temp2p0_a0p25_b0p05__wd1e-04trmiss0_degmodglobal,16,0.0001,0.0001,0.2,2.0,0.25,0.05,lr1e-04_bs16_drop0p2_temp2p0_a0p25_b0p05__wd1e-04trmiss0_degmodglobal,13,0.583905428647995,1.5671234130859375,0.475,0.7213675213675215,0.5384615384615384,0.0,0.5634340345859528,0.5615555197000504,0.07054558023810387,0.09427027590572834,0.0,0.0,0.0,0.0,0.0,18473,global,0.0
4,3,lr1e-04_bs16_drop0p2_temp2p0_a0p25_b0p05__wd1e-04trmiss0_degmodglobal,16,0.0001,0.0001,0.2,2.0,0.25,0.05,lr1e-04_bs16_drop0p2_temp2p0_a0p25_b0p05__wd1e-04trmiss0_degmodglobal,14,0.5620115697383881,1.5786678791046143,0.475,0.7213675213675215,0.5384615384615384,0.0,0.5816248208284378,0.541515976190567,0.06555042322725058,0.08215934969484806,0.0,0.0,0.0,0.0,0.0,18473,global,0.0
4,3,lr1e-04_bs16_drop0p2_temp2p0_a0p25_b0p05__wd1e-04trmiss0_degmodglobal,16,0.0001,0.0001,0.2,2.0,0.25,0.05,lr1e-04_bs16_drop0p2_temp2p0_a0p25_b0p05__wd1e-04trmiss0_degmodglobal,15,0.5735359638929367,1.5697135925292969,0.475,0.7213675213675215,0.5384615384615384,0.0,0.5883754193782806,0.5535092800855637,0.06870669592171907,0.05699995160102844,0.0,0.0,0.0,0.0,0.0,18473,global,0.0
4,3,lr1e-04_bs16_drop0p2_temp2p0_a0p25_b0p05__wd1e-04trmiss0_degmodglobal,16,0.0001,0.0001,0.2,2.0,0.25,0.05,lr1e-04_bs16_drop0p2_temp2p0_a0p25_b0p05__wd1e-04trmiss0_degmodglobal,16,0.5735966861248016,1.5458366870880127,0.475,0.7213675213675215,0.5384615384615384,0.0,0.5890499502420425,0.5443782955408096,0.088017956353724,0.1442781612277031,0.0,0.0,0.0,0.0,0.0,18473,global,0.0
4,3,lr1e-04_bs16_drop0p2_temp2p0_a0p25_b0p05__wd1e-04trmiss0_degmodglobal,16,0.0001,0.0001,0.2,2.0,0.25,0.05,lr1e-04_bs16_drop0p2_temp2p0_a0p25_b0p05__wd1e-04trmiss0_degmodglobal,17,0.575079932808876,1.5840481519699097,0.5,0.7380341880341881,0.5384615384615384,0.0,0.5629950016736984,0.5536048263311386,0.06659679114818573,0.09651816543191671,0.0,0.0,0.0,0.0,0.0,18473,global,0.0
4,3,lr1e-04_bs16_drop0p2_temp2p0_a0p25_b0p05__wd1e-04trmiss0_degmodglobal,16,0.0001,0.0001,0.2,2.0,0.25,0.05,lr1e-04_bs16_drop0p2_temp2p0_a0p25_b0p05__wd1e-04trmiss0_degmodglobal,18,0.5675797238945961,1.589451789855957,0.5,0.7380341880341881,0.5384615384615384,0.0,0.5663939267396927,0.5428590327501297,0.07801629416644573,0.1043328084051609,0.0,0.0,0.0,0.0,0.0,18473,global,0.0
4,3,lr1e-04_bs16_drop0p2_temp2p0_a0p25_b0p05__wd1e-04trmiss0_degmodglobal,16,0.0001,0.0001,0.2,2.0,0.25,0.05,lr1e-04_bs16_drop0p2_temp2p0_a0p25_b0p05__wd1e-04trmiss0_degmodglobal,19,0.541398212313652,1.5924018621444702,0.47500000000000003,0.7312160062160062,0.5384615384615384,0.0,0.5501651465892792,0.5181611627340317,0.07365771289914846,0.09645262826234102,0.0,0.0,0.0,0.0,0.0,18473,global,0.0
4,3,lr1e-04_bs16_drop0p2_temp2p0_a0p25_b0p05__wd1e-04trmiss0_degmodglobal,16,0.0001,0.0001,0.2,2.0,0.25,0.05,lr1e-04_bs16_drop0p2_temp2p0_a0p25_b0p05__wd1e-04trmiss0_degmodglobal,20,0.5677216351032257,1.5650808811187744,0.47500000000000003,0.7312160062160062,0.6153846153846154,0.0,0.5495811253786087,0.5402278900146484,0.08712484315037727,0.11425073817372322,0.0,0.0,0.0,0.0,0.0,18473,global,0.0
4,3,lr1e-04_bs16_drop0p2_temp2p0_a0p25_b0p05__wd1e-04trmiss0_degmodglobal,16,0.0001,0.0001,0.2,2.0,0.25,0.05,lr1e-04_bs16_drop0p2_temp2p0_a0p25_b0p05__wd1e-04trmiss0_degmodglobal,21,0.5352898016571999,1.5557750463485718,0.47500000000000003,0.7312160062160062,0.6153846153846154,0.0,0.5509434044361115,0.5117067620158195,0.07420833501964808,0.10061939619481564,0.0,0.0,0.0,0.0,0.0,18473,global,0.0
4,3,lr1e-04_bs16_drop0p2_temp2p0_a0p25_b0p05__wd1e-04trmiss0_degmodglobal,16,0.0001,0.0001,0.2,2.0,0.25,0.05,lr1e-04_bs16_drop0p2_temp2p0_a0p25_b0p05__wd1e-04trmiss0_degmodglobal,22,0.5777746886014938,1.5976457595825195,0.5,0.7380341880341881,0.5384615384615384,0.0,0.5483417212963104,0.5514688640832901,0.08531724754720926,0.09953051432967186,0.0,0.0,0.0,0.0,0.0,18473,global,0.0
4,3,lr1e-04_bs16_drop0p2_temp2p0_a0p25_b0p05__wd1e-04trmiss0_degmodglobal,16,0.0001,0.0001,0.2,2.0,0.25,0.05,lr1e-04_bs16_drop0p2_temp2p0_a0p25_b0p05__wd1e-04trmiss0_degmodglobal,23,0.5328269600868225,1.5942038297653198,0.47500000000000003,0.7312160062160062,0.6153846153846154,0.0,0.5300466418266296,0.5002319738268852,0.10762731172144413,0.11376318475231528,0.0,0.0,0.0,0.0,0.0,18473,global,0.0
4,3,lr1e-04_bs16_drop0p2_temp2p0_a0p25_b0p05__wd1e-04trmiss0_degmodglobal,16,0.0001,0.0001,0.2,2.0,0.25,0.05,lr1e-04_bs16_drop0p2_temp2p0_a0p25_b0p05__wd1e-04trmiss0_degmodglobal,24,0.5722671747207642,1.567057490348816,0.5,0.7380341880341881,0.6153846153846154,0.0,0.5868694335222244,0.5456507951021194,0.07882070075720549,0.13822424784302711,0.0,0.0,0.0,0.0,0.0,18473,global,0.0
4,3,lr1e-04_bs16_drop0p2_temp2p0_a0p25_b0p05__wd1e-04trmiss0_degmodglobal,16,0.0001,0.0001,0.2,2.0,0.25,0.05,lr1e-04_bs16_drop0p2_temp2p0_a0p25_b0p05__wd1e-04trmiss0_degmodglobal,25,0.5313621461391449,1.575487732887268,0.47500000000000003,0.7312160062160062,0.6153846153846154,0.0,0.5264736711978912,0.5054715201258659,0.08211445063352585,0.10724041052162647,0.0,0.0,0.0,0.0,0.0,18473,global,0.0
4,3,lr1e-04_bs16_drop0p2_temp2p0_a0p25_b0p05__wd1e-04trmiss0_degmodglobal,16,0.0001,0.0001,0.2,2.0,0.25,0.05,lr1e-04_bs16_drop0p2_temp2p0_a0p25_b0p05__wd1e-04trmiss0_degmodglobal,26,0.5873073935508728,1.5449970960617065,0.5,0.7380341880341881,0.6153846153846154,0.0,0.5723655223846436,0.5594028234481812,0.09254041872918606,0.09538918733596802,0.0,0.0,0.0,0.0,0.0,18473,global,0.0
4,3,lr1e-04_bs16_drop0p2_temp2p0_a0p25_b0p05__wd1e-04trmiss0_degmodglobal,16,0.0001,0.0001,0.2,2.0,0.25,0.05,lr1e-04_bs16_drop0p2_temp2p0_a0p25_b0p05__wd1e-04trmiss0_degmodglobal,27,0.547001376748085,1.5531363487243652,0.5,0.7380341880341881,0.6153846153846154,0.0,0.5337861850857735,0.5224994421005249,0.0791001208126545,0.09453790448606014,0.0,0.0,0.0,0.0,0.0,18473,global,0.0
4,3,lr1e-04_bs16_drop0p4_temp1p0_a0p25_b0p05__wd1e-04trmiss0_degmodglobal,16,0.0001,0.0001,0.4,1.0,0.25,0.05,lr1e-04_bs16_drop0p4_temp1p0_a0p25_b0p05__wd1e-04trmiss0_degmodglobal,1,0.6792401373386383,0.6553412675857544,0.625,0.7524621212121212,0.5384615384615384,0.0,0.695904091000557,0.6542275995016098,0.058691312558948994,0.20679429545998573,0.0,0.0,0.0,0.0,0.0,18473,global,0.0
4,3,lr1e-04_bs16_drop0p4_temp1p0_a0p25_b0p05__wd1e-04trmiss0_degmodglobal,16,0.0001,0.0001,0.4,1.0,0.25,0.05,lr1e-04_bs16_drop0p4_temp1p0_a0p25_b0p05__wd1e-04trmiss0_degmodglobal,2,0.6614008545875549,0.657460629940033,0.55,0.7180871212121213,0.46153846153846156,0.0,0.6685326546430588,0.6379554718732834,0.05329519044607878,0.2024315744638443,0.0,0.0,0.0,0.0,0.0,18473,global,0.0
4,3,lr1e-04_bs16_drop0p4_temp1p0_a0p25_b0p05__wd1e-04trmiss0_degmodglobal,16,0.0001,0.0001,0.4,1.0,0.25,0.05,lr1e-04_bs16_drop0p4_temp1p0_a0p25_b0p05__wd1e-04trmiss0_degmodglobal,3,0.6762732416391373,0.661313533782959,0.575,0.7292478354978356,0.5384615384615384,0.0,0.6514406055212021,0.6562539935112,0.047420842573046684,0.16328070685267448,0.0,0.0,0.0,0.0,0.0,18473,global,0.0
4,3,lr1e-04_bs16_drop0p4_temp1p0_a0p25_b0p05__wd1e-04trmiss0_degmodglobal,16,0.0001,0.0001,0.4,1.0,0.25,0.05,lr1e-04_bs16_drop0p4_temp1p0_a0p25_b0p05__wd1e-04trmiss0_degmodglobal,4,0.6605812162160873,0.6630038022994995,0.575,0.7292478354978356,0.6153846153846154,0.0,0.6077040582895279,0.6423232555389404,0.04747424740344286,0.1277883742004633,0.0,0.0,0.0,0.0,0.0,18473,global,0.0
4,3,lr1e-04_bs16_drop0p4_temp1p0_a0p25_b0p05__wd1e-04trmiss0_degmodglobal,16,0.0001,0.0001,0.4,1.0,0.25,0.05,lr1e-04_bs16_drop0p4_temp1p0_a0p25_b0p05__wd1e-04trmiss0_degmodglobal,5,0.6505702883005142,0.6606640219688416,0.625,0.693452380952381,0.5384615384615384,0.0,0.6188651025295258,0.6295861899852753,0.05838926509022713,0.12773536331951618,0.0,0.0,0.0,0.0,0.0,18473,global,0.0
4,3,lr1e-04_bs16_drop0p4_temp1p0_a0p25_b0p05__wd1e-04trmiss0_degmodglobal,16,0.0001,0.0001,0.4,1.0,0.25,0.05,lr1e-04_bs16_drop0p4_temp1p0_a0p25_b0p05__wd1e-04trmiss0_degmodglobal,6,0.6457813829183578,0.658082902431488,0.65,0.7010281385281386,0.5384615384615384,0.0,0.6192757934331894,0.6249332129955292,0.051980314776301384,0.1570616066455841,0.0,0.0,0.0,0.0,0.0,18473,global,0.0
4,3,lr1e-04_bs16_drop0p4_temp1p0_a0p25_b0p05__wd1e-04trmiss0_degmodglobal,16,0.0001,0.0001,0.4,1.0,0.25,0.05,lr1e-04_bs16_drop0p4_temp1p0_a0p25_b0p05__wd1e-04trmiss0_degmodglobal,7,0.6130778044462204,0.6541303992271423,0.65,0.7010281385281386,0.5384615384615384,0.0,0.6087730824947357,0.5898469388484955,0.06095193140208721,0.15985747054219246,0.0,0.0,0.0,0.0,0.0,18473,global,0.0
4,3,lr1e-04_bs16_drop0p4_temp1p0_a0p25_b0p05__wd1e-04trmiss0_degmodglobal,16,0.0001,0.0001,0.4,1.0,0.25,0.05,lr1e-04_bs16_drop0p4_temp1p0_a0p25_b0p05__wd1e-04trmiss0_degmodglobal,8,0.6190617382526398,0.654961109161377,0.65,0.7010281385281386,0.5384615384615384,0.0,0.6040939390659332,0.5963192582130432,0.06342739518731833,0.13771262671798468,0.0,0.0,0.0,0.0,0.0,18473,global,0.0
4,3,lr1e-04_bs16_drop0p4_temp1p0_a0p25_b0p05__wd1e-04trmiss0_degmodglobal,16,0.0001,0.0001,0.4,1.0,0.25,0.05,lr1e-04_bs16_drop0p4_temp1p0_a0p25_b0p05__wd1e-04trmiss0_degmodglobal,9,0.5979348868131638,0.6559529304504395,0.65,0.7010281385281386,0.6153846153846154,0.0,0.5783258378505707,0.5736827999353409,0.07199814263731241,0.12505094148218632,0.0,0.0,0.0,0.0,0.0,18473,global,0.0
4,3,lr1e-04_bs16_drop0p4_temp1p0_a0p25_b0p05__wd1e-04trmiss0_degmodglobal,16,0.0001,0.0001,0.4,1.0,0.25,0.05,lr1e-04_bs16_drop0p4_temp1p0_a0p25_b0p05__wd1e-04trmiss0_degmodglobal,10,0.6001331210136414,0.651698648929596,0.7,0.729301948051948,0.6153846153846154,0.0,0.5925474464893341,0.5780451148748398,0.058606126345694065,0.1487298384308815,0.0,0.0,0.0,0.0,0.0,18473,global,0.0
4,3,lr1e-04_bs16_drop0p4_temp1p0_a0p25_b0p05__wd1e-04trmiss0_degmodglobal,16,0.0001,0.0001,0.4,1.0,0.25,0.05,lr1e-04_bs16_drop0p4_temp1p0_a0p25_b0p05__wd1e-04trmiss0_degmodglobal,11,0.5693980157375336,0.6534476280212402,0.675,0.7159090909090909,0.6153846153846154,0.0,0.5993510186672211,0.5464498102664948,0.06668793689459562,0.12552447523921728,0.0,0.0,0.0,0.0,0.0,18473,global,0.0
4,3,lr1e-04_bs16_drop0p4_temp1p0_a0p25_b0p05__wd1e-04trmiss0_degmodglobal,16,0.0001,0.0001,0.4,1.0,0.25,0.05,lr1e-04_bs16_drop0p4_temp1p0_a0p25_b0p05__wd1e-04trmiss0_degmodglobal,12,0.6092977523803711,0.6412234902381897,0.7,0.729301948051948,0.6153846153846154,0.0,0.5560791939496994,0.5868488401174545,0.055157482624053955,0.17319075390696526,0.0,0.0,0.0,0.0,0.0,18473,global,0.0
4,3,lr1e-04_bs16_drop0p4_temp1p0_a0p25_b0p05__wd1e-04trmiss0_degmodglobal,16,0.0001,0.0001,0.4,1.0,0.25,0.05,lr1e-04_bs16_drop0p4_temp1p0_a0p25_b0p05__wd1e-04trmiss0_degmodglobal,13,0.5718944072723389,0.6392662525177002,0.75,0.7511769480519481,0.6923076923076923,0.0,0.5697261542081833,0.5539568513631821,0.05530447047203779,0.08222843427211046,0.0,0.0,0.0,0.0,0.0,18473,global,0.0
4,3,lr1e-04_bs16_drop0p4_temp1p0_a0p25_b0p05__wd1e-04trmiss0_degmodglobal,16,0.0001,0.0001,0.4,1.0,0.25,0.05,lr1e-04_bs16_drop0p4_temp1p0_a0p25_b0p05__wd1e-04trmiss0_degmodglobal,14,0.5654212981462479,0.637431800365448,0.725,0.7390241702741703,0.6923076923076923,0.0,0.5716275721788406,0.5420734733343124,0.06076525989919901,0.16313041932880878,0.0,0.0,0.0,0.0,0.0,18473,global,0.0
4,3,lr1e-04_bs16_drop0p4_temp1p0_a0p25_b0p05__wd1e-04trmiss0_degmodglobal,16,0.0001,0.0001,0.4,1.0,0.25,0.05,lr1e-04_bs16_drop0p4_temp1p0_a0p25_b0p05__wd1e-04trmiss0_degmodglobal,15,0.6012117564678192,0.634678304195404,0.75,0.7511769480519481,0.8461538461538461,0.0,0.5881416499614716,0.5837409794330597,0.0473652146756649,0.11258966661989689,0.0,0.0,0.0,0.0,0.0,18473,global,0.0
4,3,lr1e-04_bs16_drop0p4_temp1p0_a0p25_b0p05__wd1e-04trmiss0_degmodglobal,16,0.0001,0.0001,0.4,1.0,0.25,0.05,lr1e-04_bs16_drop0p4_temp1p0_a0p25_b0p05__wd1e-04trmiss0_degmodglobal,16,0.58287313580513,0.6348875761032104,0.75,0.7511769480519481,0.7692307692307693,0.0,0.5674270391464233,0.5603338927030563,0.05949410144239664,0.1533142887055874,0.0,0.0,0.0,0.0,0.0,18473,global,0.0
4,3,lr1e-04_bs16_drop0p4_temp1p0_a0p25_b0p05__wd1e-04trmiss0_degmodglobal,16,0.0001,0.0001,0.4,1.0,0.25,0.05,lr1e-04_bs16_drop0p4_temp1p0_a0p25_b0p05__wd1e-04trmiss0_degmodglobal,17,0.602134570479393,0.6349471211433411,0.7250000000000001,0.7436011904761906,0.6923076923076923,0.0,0.5430839955806732,0.5809841006994247,0.057933252304792404,0.13334298133850098,0.0,0.0,0.0,0.0,0.0,18473,global,0.0
4,3,lr1e-04_bs16_drop0p4_temp1p0_a0p25_b0p05__wd1e-04trmiss0_degmodglobal,16,0.0001,0.0001,0.4,1.0,0.25,0.05,lr1e-04_bs16_drop0p4_temp1p0_a0p25_b0p05__wd1e-04trmiss0_degmodglobal,18,0.5369842126965523,0.6348269581794739,0.75,0.7511769480519481,0.6923076923076923,0.0,0.5682176649570465,0.5116027295589447,0.06591471377760172,0.17805642448365688,0.0,0.0,0.0,0.0,0.0,18473,global,0.0
4,3,lr1e-04_bs16_drop0p4_temp1p0_a0p25_b0p05__wd1e-04trmiss0_degmodglobal,16,0.0001,0.0001,0.4,1.0,0.25,0.05,lr1e-04_bs16_drop0p4_temp1p0_a0p25_b0p05__wd1e-04trmiss0_degmodglobal,19,0.5494142770767212,0.6262088418006897,0.75,0.7511769480519481,0.7692307692307693,0.0,0.5646948367357254,0.5289354771375656,0.04914428573101759,0.16385459154844284,0.0,0.0,0.0,0.0,0.0,18473,global,0.0
4,3,lr1e-04_bs16_drop0p4_temp1p0_a0p25_b0p05__wd1e-04trmiss0_degmodglobal,16,0.0001,0.0001,0.4,1.0,0.25,0.05,lr1e-04_bs16_drop0p4_temp1p0_a0p25_b0p05__wd1e-04trmiss0_degmodglobal,20,0.544904500246048,0.6174800992012024,0.775,0.7602678571428572,0.8461538461538461,0.0,0.5418912023305893,0.5183532014489174,0.07407171651721,0.16066721454262733,0.0,0.0,0.0,0.0,0.0,18473,global,0.0
4,3,lr1e-04_bs16_drop0p4_temp1p0_a0p25_b0p05__wd1e-04trmiss0_degmodglobal,16,0.0001,0.0001,0.4,1.0,0.25,0.05,lr1e-04_bs16_drop0p4_temp1p0_a0p25_b0p05__wd1e-04trmiss0_degmodglobal,21,0.5917272120714188,0.6144464015960693,0.775,0.7602678571428572,0.7692307692307693,0.0,0.5657415390014648,0.5596593618392944,0.09226561803370714,0.180028872564435,0.0,0.0,0.0,0.0,0.0,18473,global,0.0
4,3,lr1e-04_bs16_drop0p4_temp1p0_a0p25_b0p05__wd1e-04trmiss0_degmodglobal,16,0.0001,0.0001,0.4,1.0,0.25,0.05,lr1e-04_bs16_drop0p4_temp1p0_a0p25_b0p05__wd1e-04trmiss0_degmodglobal,22,0.5626161247491837,0.6081887483596802,0.75,0.7481150793650794,0.8461538461538461,0.0,0.5454502105712891,0.5410685241222382,0.06549740675836802,0.10346554405987263,0.0,0.0,0.0,0.0,0.0,18473,global,0.0
4,3,lr1e-04_bs16_drop0p4_temp1p0_a0p25_b0p05__wd1e-04trmiss0_degmodglobal,16,0.0001,0.0001,0.4,1.0,0.25,0.05,lr1e-04_bs16_drop0p4_temp1p0_a0p25_b0p05__wd1e-04trmiss0_degmodglobal,23,0.5458540618419647,0.6081363558769226,0.75,0.7481150793650794,0.7692307692307693,0.0,0.5253814458847046,0.5245696380734444,0.06273832730948925,0.11199684999883175,0.0,0.0,0.0,0.0,0.0,18473,global,0.0
4,3,lr1e-04_bs16_drop0p4_temp1p0_a0p25_b0p05__wd1e-04trmiss0_degmodglobal,16,0.0001,0.0001,0.4,1.0,0.25,0.05,lr1e-04_bs16_drop0p4_temp1p0_a0p25_b0p05__wd1e-04trmiss0_degmodglobal,24,0.5440605282783508,0.6123949289321899,0.75,0.7481150793650794,0.7692307692307693,0.0,0.5492556393146515,0.5182924419641495,0.062175536993891,0.20448440313339233,0.0,0.0,0.0,0.0,0.0,18473,global,0.0
4,3,lr1e-04_bs16_drop0p4_temp1p0_a0p25_b0p05__wd1e-04trmiss0_degmodglobal,16,0.0001,0.0001,0.4,1.0,0.25,0.05,lr1e-04_bs16_drop0p4_temp1p0_a0p25_b0p05__wd1e-04trmiss0_degmodglobal,25,0.5384355187416077,0.618116557598114,0.725,0.7390241702741703,0.7692307692307693,0.0,0.5278456807136536,0.5157110393047333,0.06430986989289522,0.13294030353426933,0.0,0.0,0.0,0.0,0.0,18473,global,0.0
4,3,lr1e-04_bs16_drop0p4_temp1p0_a0p25_b0p05__wd1e-04trmiss0_degmodglobal,16,0.0001,0.0001,0.4,1.0,0.25,0.05,lr1e-04_bs16_drop0p4_temp1p0_a0p25_b0p05__wd1e-04trmiss0_degmodglobal,26,0.5436582714319229,0.6213818788528442,0.75,0.7511769480519481,0.7692307692307693,0.0,0.5210867747664452,0.5230685621500015,0.0533550838008523,0.14501863345503807,0.0,0.0,0.0,0.0,0.0,18473,global,0.0
4,3,lr1e-04_bs16_drop0p4_temp1p0_a0p25_b0p05__wd1e-04trmiss0_degmodglobal,16,0.0001,0.0001,0.4,1.0,0.25,0.05,lr1e-04_bs16_drop0p4_temp1p0_a0p25_b0p05__wd1e-04trmiss0_degmodglobal,27,0.5271088182926178,0.6200466156005859,0.775,0.8136769480519481,0.7692307692307693,0.0,0.5099694281816483,0.4996279776096344,0.07429990544915199,0.17811721935868263,0.0,0.0,0.0,0.0,0.0,18473,global,0.0
4,3,lr1e-04_bs16_drop0p4_temp1p0_a0p25_b0p05__wd1e-04trmiss0_degmodglobal,16,0.0001,0.0001,0.4,1.0,0.25,0.05,lr1e-04_bs16_drop0p4_temp1p0_a0p25_b0p05__wd1e-04trmiss0_degmodglobal,28,0.5405276715755463,0.6193205118179321,0.75,0.7511769480519481,0.7692307692307693,0.0,0.5274317339062691,0.5203417092561722,0.05201649013906717,0.14363737776875496,0.0,0.0,0.0,0.0,0.0,18473,global,0.0
4,3,lr1e-04_bs16_drop0p4_temp1p0_a0p25_b0p05__wd1e-04trmiss0_degmodglobal,16,0.0001,0.0001,0.4,1.0,0.25,0.05,lr1e-04_bs16_drop0p4_temp1p0_a0p25_b0p05__wd1e-04trmiss0_degmodglobal,29,0.5222542136907578,0.6158151626586914,0.75,0.7511769480519481,0.7692307692307693,0.0,0.5280611664056778,0.4915333241224289,0.08551347069442272,0.18685081228613853,0.0,0.0,0.0,0.0,0.0,18473,global,0.0
4,3,lr1e-04_bs16_drop0p4_temp1p0_a0p25_b0p05__wd1e-04trmiss0_degmodglobal,16,0.0001,0.0001,0.4,1.0,0.25,0.05,lr1e-04_bs16_drop0p4_temp1p0_a0p25_b0p05__wd1e-04trmiss0_degmodglobal,30,0.5187761783599854,0.6153998374938965,0.75,0.7511769480519481,0.7692307692307693,0.0,0.5254647433757782,0.49680425971746445,0.057561760768294334,0.1516296723857522,0.0,0.0,0.0,0.0,0.0,18473,global,0.0
4,3,lr1e-04_bs16_drop0p4_temp1p0_a0p25_b0p05__wd1e-04trmiss0_degmodglobal,16,0.0001,0.0001,0.4,1.0,0.25,0.05,lr1e-04_bs16_drop0p4_temp1p0_a0p25_b0p05__wd1e-04trmiss0_degmodglobal,31,0.5323987081646919,0.6150587797164917,0.75,0.7511769480519481,0.7692307692307693,0.0,0.5454991906881332,0.5127742812037468,0.05087653547525406,0.13810577988624573,0.0,0.0,0.0,0.0,0.0,18473,global,0.0
4,3,lr1e-04_bs16_drop0p4_temp1p0_a0p25_b0p05__wd1e-04trmiss0_degmodglobal,16,0.0001,0.0001,0.4,1.0,0.25,0.05,lr1e-04_bs16_drop0p4_temp1p0_a0p25_b0p05__wd1e-04trmiss0_degmodglobal,32,0.5388757586479187,0.6162839531898499,0.75,0.7511769480519481,0.7692307692307693,0.0,0.5256929695606232,0.5166096016764641,0.05906197614967823,0.15001395717263222,0.0,0.0,0.0,0.0,0.0,18473,global,0.0
4,3,lr1e-04_bs16_drop0p4_temp1p0_a0p25_b0p05__wd1e-04trmiss0_degmodglobal,16,0.0001,0.0001,0.4,1.0,0.25,0.05,lr1e-04_bs16_drop0p4_temp1p0_a0p25_b0p05__wd1e-04trmiss0_degmodglobal,33,0.5148437991738319,0.6136240363121033,0.75,0.7511769480519481,0.8461538461538461,0.0,0.5170620381832123,0.48854580521583557,0.07228369452059269,0.16454149410128593,0.0,0.0,0.0,0.0,0.0,18473,global,0.0
4,3,lr1e-04_bs16_drop0p4_temp1p0_a0p25_b0p05__wd1e-04trmiss0_degmodglobal,16,0.0001,0.0001,0.4,1.0,0.25,0.05,lr1e-04_bs16_drop0p4_temp1p0_a0p25_b0p05__wd1e-04trmiss0_degmodglobal,34,0.5261057913303375,0.6068747043609619,0.775,0.7602678571428572,0.8461538461538461,0.0,0.5136110112071037,0.5052828937768936,0.05347846634685993,0.14906574226915836,0.0,0.0,0.0,0.0,0.0,18473,global,0.0
4,3,lr1e-04_bs16_drop0p4_temp1p0_a0p25_b0p05__wd1e-04trmiss0_degmodglobal,16,0.0001,0.0001,0.4,1.0,0.25,0.05,lr1e-04_bs16_drop0p4_temp1p0_a0p25_b0p05__wd1e-04trmiss0_degmodglobal,35,0.5321799516677856,0.6035308241844177,0.775,0.7602678571428572,0.8461538461538461,0.0,0.5117740333080292,0.5103978216648102,0.06338208168745041,0.11873214319348335,0.0,0.0,0.0,0.0,0.0,18473,global,0.0
4,3,lr1e-04_bs16_drop0p4_temp1p0_a0p25_b0p05__wd1e-04trmiss0_degmodglobal,16,0.0001,0.0001,0.4,1.0,0.25,0.05,lr1e-04_bs16_drop0p4_temp1p0_a0p25_b0p05__wd1e-04trmiss0_degmodglobal,36,0.5146531015634537,0.5992771983146667,0.775,0.7602678571428572,0.7692307692307693,0.0,0.5032240003347397,0.48691225051879883,0.07583876140415668,0.1756232064217329,0.0,0.0,0.0,0.0,0.0,18473,global,0.0
4,3,lr1e-04_bs16_drop0p4_temp1p0_a0p25_b0p05__wd1e-04trmiss0_degmodglobal,16,0.0001,0.0001,0.4,1.0,0.25,0.05,lr1e-04_bs16_drop0p4_temp1p0_a0p25_b0p05__wd1e-04trmiss0_degmodglobal,37,0.5485286265611649,0.6029775738716125,0.775,0.7602678571428572,0.8461538461538461,0.0,0.5168605297803879,0.5257433950901031,0.0617975452914834,0.1467166617512703,0.0,0.0,0.0,0.0,0.0,18473,global,0.0
4,3,lr1e-04_bs16_drop0p4_temp1p0_a0p25_b0p05__wd1e-04trmiss0_degmodglobal,16,0.0001,0.0001,0.4,1.0,0.25,0.05,lr1e-04_bs16_drop0p4_temp1p0_a0p25_b0p05__wd1e-04trmiss0_degmodglobal,38,0.5102395489811897,0.6081016659736633,0.75,0.7511769480519481,0.8461538461538461,0.0,0.5008865669369698,0.4869595170021057,0.06142089609056711,0.15849604085087776,0.0,0.0,0.0,0.0,0.0,18473,global,0.0
4,3,lr1e-04_bs16_drop0p4_temp1p0_a0p25_b0p05__wd1e-04trmiss0_degmodglobal,16,0.0001,0.0001,0.4,1.0,0.25,0.05,lr1e-04_bs16_drop0p4_temp1p0_a0p25_b0p05__wd1e-04trmiss0_degmodglobal,39,0.5580649226903915,0.6191499829292297,0.75,0.7511769480519481,0.8461538461538461,0.0,0.5053806155920029,0.5309826359152794,0.07506240159273148,0.16633353382349014,0.0,0.0,0.0,0.0,0.0,18473,global,0.0
4,3,lr1e-04_bs16_drop0p4_temp1p0_a0p25_b0p05__wd1e-04trmiss0_degmodglobal,16,0.0001,0.0001,0.4,1.0,0.25,0.05,lr1e-04_bs16_drop0p4_temp1p0_a0p25_b0p05__wd1e-04trmiss0_degmodglobal,40,0.5196088552474976,0.6154357194900513,0.75,0.7511769480519481,0.8461538461538461,0.0,0.4809655621647835,0.4879663735628128,0.08593989536166191,0.20314997620880604,0.0,0.0,0.0,0.0,0.0,18473,global,0.0
4,3,lr1e-04_bs16_drop0p4_temp1p0_a0p25_b0p05__wd1e-04trmiss0_degmodglobal,16,0.0001,0.0001,0.4,1.0,0.25,0.05,lr1e-04_bs16_drop0p4_temp1p0_a0p25_b0p05__wd1e-04trmiss0_degmodglobal,41,0.534033440053463,0.6073206067085266,0.775,0.7602678571428572,0.8461538461538461,0.0,0.5058893412351608,0.4996137470006943,0.09137838985770941,0.23150178976356983,0.0,0.0,0.0,0.0,0.0,18473,global,0.0
4,3,lr1e-04_bs16_drop0p4_temp1p0_a0p25_b0p05__wd1e-04trmiss0_degmodglobal,16,0.0001,0.0001,0.4,1.0,0.25,0.05,lr1e-04_bs16_drop0p4_temp1p0_a0p25_b0p05__wd1e-04trmiss0_degmodglobal,42,0.5278123021125793,0.6073758006095886,0.775,0.7602678571428572,0.7692307692307693,0.0,0.4906549006700516,0.5048482343554497,0.06294431630522013,0.14455988816916943,0.0,0.0,0.0,0.0,0.0,18473,global,0.0
4,3,lr1e-04_bs16_drop0p4_temp1p0_a0p25_b0p05__wd1e-04trmiss0_degmodglobal,16,0.0001,0.0001,0.4,1.0,0.25,0.05,lr1e-04_bs16_drop0p4_temp1p0_a0p25_b0p05__wd1e-04trmiss0_degmodglobal,43,0.5397979244589806,0.611640214920044,0.775,0.7602678571428572,0.8461538461538461,0.0,0.534094363451004,0.5152330845594406,0.06634197570383549,0.1595867145806551,0.0,0.0,0.0,0.0,0.0,18473,global,0.0
4,3,lr1e-04_bs16_drop0p4_temp1p0_a0p25_b0p05__wd1e-04trmiss0_degmodglobal,16,0.0001,0.0001,0.4,1.0,0.25,0.05,lr1e-04_bs16_drop0p4_temp1p0_a0p25_b0p05__wd1e-04trmiss0_degmodglobal,44,0.4934530705213547,0.6125405430793762,0.775,0.7602678571428572,0.8461538461538461,0.0,0.49452709406614304,0.4601646289229393,0.09168125316500664,0.20736271888017654,0.0,0.0,0.0,0.0,0.0,18473,global,0.0
4,3,lr1e-04_bs16_drop0p4_temp1p0_a0p25_b0p05__wd1e-04trmiss0_degmodglobal,16,0.0001,0.0001,0.4,1.0,0.25,0.05,lr1e-04_bs16_drop0p4_temp1p0_a0p25_b0p05__wd1e-04trmiss0_degmodglobal,45,0.5123688578605652,0.6124758124351501,0.75,0.7511769480519481,0.7692307692307693,0.0,0.5037033632397652,0.48446379601955414,0.07655213493853807,0.17534060776233673,0.0,0.0,0.0,0.0,0.0,18473,global,0.0
4,3,lr1e-04_bs16_drop0p4_temp1p0_a0p25_b0p05__wd1e-04trmiss0_degmodglobal,16,0.0001,0.0001,0.4,1.0,0.25,0.05,lr1e-04_bs16_drop0p4_temp1p0_a0p25_b0p05__wd1e-04trmiss0_degmodglobal,46,0.5236820727586746,0.6140050888061523,0.75,0.7511769480519481,0.7692307692307693,0.0,0.5330983102321625,0.500649094581604,0.0625959150493145,0.14768005535006523,0.0,0.0,0.0,0.0,0.0,18473,global,0.0
4,3,lr1e-04_bs16_drop0p4_temp1p0_a0p25_b0p05__wd1e-04trmiss0_degmodglobal,16,0.0001,0.0001,0.4,1.0,0.25,0.05,lr1e-04_bs16_drop0p4_temp1p0_a0p25_b0p05__wd1e-04trmiss0_degmodglobal,47,0.5448905825614929,0.6128401756286621,0.75,0.7511769480519481,0.8461538461538461,0.0,0.511734776198864,0.517722949385643,0.08007870707660913,0.14295950159430504,0.0,0.0,0.0,0.0,0.0,18473,global,0.0
4,3,lr1e-04_bs16_drop0p4_temp1p0_a0p25_b0p05__wd1e-04trmiss0_degmodglobal,16,0.0001,0.0001,0.4,1.0,0.25,0.05,lr1e-04_bs16_drop0p4_temp1p0_a0p25_b0p05__wd1e-04trmiss0_degmodglobal,48,0.49104563891887665,0.608971118927002,0.75,0.7511769480519481,0.8461538461538461,0.0,0.4875810816884041,0.46019843220710754,0.08665754832327366,0.1836560294032097,0.0,0.0,0.0,0.0,0.0,18473,global,0.0
4,3,lr1e-04_bs16_drop0p4_temp1p0_a0p25_b0p05__wd1e-04trmiss0_degmodglobal,16,0.0001,0.0001,0.4,1.0,0.25,0.05,lr1e-04_bs16_drop0p4_temp1p0_a0p25_b0p05__wd1e-04trmiss0_degmodglobal,49,0.5443230271339417,0.6066126227378845,0.75,0.7511769480519481,0.7692307692307693,0.0,0.5117855444550514,0.5226556435227394,0.06157652102410793,0.12546490877866745,0.0,0.0,0.0,0.0,0.0,18473,global,0.0
4,3,lr1e-04_bs16_drop0p4_temp1p0_a0p25_b0p05__wd1e-04trmiss0_degmodglobal,16,0.0001,0.0001,0.4,1.0,0.25,0.05,lr1e-04_bs16_drop0p4_temp1p0_a0p25_b0p05__wd1e-04trmiss0_degmodglobal,50,0.4982950761914253,0.6130735874176025,0.75,0.7511769480519481,0.8461538461538461,0.0,0.5070839300751686,0.47301487624645233,0.07007511332631111,0.15522835589945316,0.0,0.0,0.0,0.0,0.0,18473,global,0.0
4,3,lr1e-04_bs16_drop0p4_temp1p0_a0p25_b0p05__wd1e-04trmiss0_degmodglobal,16,0.0001,0.0001,0.4,1.0,0.25,0.05,lr1e-04_bs16_drop0p4_temp1p0_a0p25_b0p05__wd1e-04trmiss0_degmodglobal,51,0.5225246697664261,0.6110659241676331,0.75,0.7511769480519481,0.8461538461538461,0.0,0.5036965161561966,0.4995466321706772,0.05902832746505737,0.16441903822124004,0.0,0.0,0.0,0.0,0.0,18473,global,0.0
4,3,lr1e-04_bs16_drop0p4_temp1p0_a0p25_b0p05__wd1e-04trmiss0_degmodglobal,16,0.0001,0.0001,0.4,1.0,0.25,0.05,lr1e-04_bs16_drop0p4_temp1p0_a0p25_b0p05__wd1e-04trmiss0_degmodglobal,52,0.5172715559601784,0.6100921034812927,0.75,0.7511769480519481,0.7692307692307693,0.0,0.4876992851495743,0.4891141876578331,0.08183318376541138,0.15398170799016953,0.0,0.0,0.0,0.0,0.0,18473,global,0.0
4,3,lr1e-04_bs16_drop0p4_temp1p0_a0p25_b0p05__wd1e-04trmiss0_degmodglobal,16,0.0001,0.0001,0.4,1.0,0.25,0.05,lr1e-04_bs16_drop0p4_temp1p0_a0p25_b0p05__wd1e-04trmiss0_degmodglobal,53,0.5176330506801605,0.6101579666137695,0.75,0.7511769480519481,0.7692307692307693,0.0,0.46362338215112686,0.4876474291086197,0.08388201147317886,0.18030255287885666,0.0,0.0,0.0,0.0,0.0,18473,global,0.0
4,3,lr1e-04_bs16_drop0p4_temp1p0_a0p25_b0p05__wd1e-04trmiss0_degmodglobal,16,0.0001,0.0001,0.4,1.0,0.25,0.05,lr1e-04_bs16_drop0p4_temp1p0_a0p25_b0p05__wd1e-04trmiss0_degmodglobal,54,0.4934771656990051,0.6111963391304016,0.775,0.7602678571428572,0.7692307692307693,0.0,0.4782726615667343,0.4560701698064804,0.10962719097733498,0.20000405237078667,0.0,0.0,0.0,0.0,0.0,18473,global,0.0
4,3,lr1e-04_bs16_drop0p4_temp1p0_a0p25_b0p05__wd1e-04trmiss0_degmodglobal,16,0.0001,0.0001,0.4,1.0,0.25,0.05,lr1e-04_bs16_drop0p4_temp1p0_a0p25_b0p05__wd1e-04trmiss0_degmodglobal,55,0.48951539397239685,0.6114607453346252,0.75,0.7511769480519481,0.7692307692307693,0.0,0.4651442989706993,0.4650103971362114,0.07136172242462635,0.1332913301885128,0.0,0.0,0.0,0.0,0.0,18473,global,0.0
4,3,lr1e-04_bs16_drop0p4_temp1p0_a0p25_b0p05__wd1e-04trmiss0_degmodglobal,16,0.0001,0.0001,0.4,1.0,0.25,0.05,lr1e-04_bs16_drop0p4_temp1p0_a0p25_b0p05__wd1e-04trmiss0_degmodglobal,56,0.5261975079774857,0.6116659641265869,0.75,0.7511769480519481,0.8461538461538461,0.0,0.4791719913482666,0.5042810216546059,0.05991646461188793,0.13874730095267296,0.0,0.0,0.0,0.0,0.0,18473,global,0.0
4,3,lr1e-04_bs16_drop0p4_temp2p0_a0p25_b0p05__wd1e-04trmiss0_degmodglobal,16,0.0001,0.0001,0.4,2.0,0.25,0.05,lr1e-04_bs16_drop0p4_temp2p0_a0p25_b0p05__wd1e-04trmiss0_degmodglobal,1,0.7452456206083298,0.6977983713150024,0.39999999999999997,0.654132672882673,0.5384615384615384,0.0,0.7428247779607773,0.715125635266304,0.07559912465512753,0.2244042530655861,0.0,0.0,0.0,0.0,0.0,18473,global,0.0
4,3,lr1e-04_bs16_drop0p4_temp2p0_a0p25_b0p05__wd1e-04trmiss0_degmodglobal,16,0.0001,0.0001,0.4,2.0,0.25,0.05,lr1e-04_bs16_drop0p4_temp2p0_a0p25_b0p05__wd1e-04trmiss0_degmodglobal,2,0.7070764750242233,0.6912459135055542,0.42499999999999993,0.6957993395493396,0.5384615384615384,0.0,0.7213477045297623,0.6849176585674286,0.058984242379665375,0.14825497940182686,0.0,0.0,0.0,0.0,0.0,18473,global,0.0
4,3,lr1e-04_bs16_drop0p4_temp2p0_a0p25_b0p05__wd1e-04trmiss0_degmodglobal,16,0.0001,0.0001,0.4,2.0,0.25,0.05,lr1e-04_bs16_drop0p4_temp2p0_a0p25_b0p05__wd1e-04trmiss0_degmodglobal,3,0.6932879835367203,0.6924747824668884,0.375,0.6384084665334666,0.46153846153846156,0.0,0.6875253468751907,0.6658404618501663,0.06373537983745337,0.23027357086539268,0.0,0.0,0.0,0.0,0.0,18473,global,0.0
4,3,lr1e-04_bs16_drop0p4_temp2p0_a0p25_b0p05__wd1e-04trmiss0_degmodglobal,16,0.0001,0.0001,0.4,2.0,0.25,0.05,lr1e-04_bs16_drop0p4_temp2p0_a0p25_b0p05__wd1e-04trmiss0_degmodglobal,4,0.6376980692148209,0.6921942830085754,0.475,0.666599025974026,0.3076923076923077,0.0,0.6430494040250778,0.6124924570322037,0.06995654478669167,0.15432950481772423,0.0,0.0,0.0,0.0,0.0,18473,global,0.0
4,3,lr1e-04_bs16_drop0p4_temp2p0_a0p25_b0p05__wd1e-04trmiss0_degmodglobal,16,0.0001,0.0001,0.4,2.0,0.25,0.05,lr1e-04_bs16_drop0p4_temp2p0_a0p25_b0p05__wd1e-04trmiss0_degmodglobal,5,0.6656413525342941,0.6910692453384399,0.5,0.6745535714285714,0.3076923076923077,0.0,0.6614307165145874,0.6380443871021271,0.07656248658895493,0.1691273506730795,0.0,0.0,0.0,0.0,0.0,18473,global,0.0
4,3,lr1e-04_bs16_drop0p4_temp2p0_a0p25_b0p05__wd1e-04trmiss0_degmodglobal,16,0.0001,0.0001,0.4,2.0,0.25,0.05,lr1e-04_bs16_drop0p4_temp2p0_a0p25_b0p05__wd1e-04trmiss0_degmodglobal,6,0.6339971274137497,0.6840742826461792,0.575,0.7453754578754579,0.38461538461538464,0.0,0.6468579918146133,0.5973387211561203,0.09792534820735455,0.2435411661863327,0.0,0.0,0.0,0.0,0.0,18473,global,0.0
4,3,lr1e-04_bs16_drop0p4_temp2p0_a0p25_b0p05__wd1e-04trmiss0_degmodglobal,16,0.0001,0.0001,0.4,2.0,0.25,0.05,lr1e-04_bs16_drop0p4_temp2p0_a0p25_b0p05__wd1e-04trmiss0_degmodglobal,7,0.648317962884903,0.688152551651001,0.475,0.7018554362304362,0.38461538461538464,0.0,0.6653058230876923,0.6173099726438522,0.0885565485805273,0.17737698927521706,0.0,0.0,0.0,0.0,0.0,18473,global,0.0
4,3,lr1e-04_bs16_drop0p4_temp2p0_a0p25_b0p05__wd1e-04trmiss0_degmodglobal,16,0.0001,0.0001,0.4,2.0,0.25,0.05,lr1e-04_bs16_drop0p4_temp2p0_a0p25_b0p05__wd1e-04trmiss0_degmodglobal,8,0.6667125374078751,0.6975850462913513,0.525,0.699393315018315,0.46153846153846156,0.0,0.649510994553566,0.6335251927375793,0.08414769824594259,0.24300872348248959,0.0,0.0,0.0,0.0,0.0,18473,global,0.0
4,3,lr1e-04_bs16_drop0p4_temp2p0_a0p25_b0p05__wd1e-04trmiss0_degmodglobal,16,0.0001,0.0001,0.4,2.0,0.25,0.05,lr1e-04_bs16_drop0p4_temp2p0_a0p25_b0p05__wd1e-04trmiss0_degmodglobal,9,0.6459974050521851,0.7012509107589722,0.525,0.6321293290043289,0.46153846153846156,0.0,0.6128568649291992,0.6116136014461517,0.09310783632099628,0.22213703021407127,0.0,0.0,0.0,0.0,0.0,18473,global,0.0
4,3,lr1e-04_bs16_drop0p4_temp2p0_a0p25_b0p05__wd1e-04trmiss0_degmodglobal,16,0.0001,0.0001,0.4,2.0,0.25,0.05,lr1e-04_bs16_drop0p4_temp2p0_a0p25_b0p05__wd1e-04trmiss0_degmodglobal,10,0.6493233144283295,0.6980779767036438,0.55,0.6946293290043289,0.46153846153846156,0.0,0.6044207960367203,0.621711328625679,0.07763388846069574,0.16407063603401184,0.0,0.0,0.0,0.0,0.0,18473,global,0.0
4,3,lr1e-04_bs16_drop0p4_temp2p0_a0p25_b0p05__wd1e-04trmiss0_degmodglobal,16,0.0001,0.0001,0.4,2.0,0.25,0.05,lr1e-04_bs16_drop0p4_temp2p0_a0p25_b0p05__wd1e-04trmiss0_degmodglobal,11,0.6209540814161301,0.696578323841095,0.55,0.6946293290043289,0.46153846153846156,0.0,0.6336361765861511,0.5964384973049164,0.0622309111058712,0.17915720492601395,0.0,0.0,0.0,0.0,0.0,18473,global,0.0
4,3,lr1e-04_bs16_drop0p4_temp2p0_a0p25_b0p05__wd1e-04trmiss0_degmodglobal,16,0.0001,0.0001,0.4,2.0,0.25,0.05,lr1e-04_bs16_drop0p4_temp2p0_a0p25_b0p05__wd1e-04trmiss0_degmodglobal,12,0.6436035633087158,0.6924530267715454,0.55,0.7058035714285714,0.46153846153846156,0.0,0.5720764696598053,0.6064432859420776,0.09498019143939018,0.26830510795116425,0.0,0.0,0.0,0.0,0.0,18473,global,0.0
4,3,lr1e-04_bs16_drop0p4_temp2p0_a0p25_b0p05__wd1e-04trmiss0_degmodglobal,16,0.0001,0.0001,0.4,2.0,0.25,0.05,lr1e-04_bs16_drop0p4_temp2p0_a0p25_b0p05__wd1e-04trmiss0_degmodglobal,13,0.644760251045227,0.6924399137496948,0.5249999999999999,0.697849025974026,0.5384615384615384,0.0,0.6268880069255829,0.6075861155986786,0.09853747859597206,0.25079547241330147,0.0,0.0,0.0,0.0,0.0,18473,global,0.0
4,3,lr1e-04_bs16_drop0p4_temp2p0_a0p25_b0p05__wd1e-04trmiss0_degmodglobal,16,0.0001,0.0001,0.4,2.0,0.25,0.05,lr1e-04_bs16_drop0p4_temp2p0_a0p25_b0p05__wd1e-04trmiss0_degmodglobal,14,0.6275277882814407,0.6904220581054688,0.5,0.635349025974026,0.5384615384615384,0.0,0.5604794323444366,0.5721841156482697,0.13961978256702423,0.40877438336610794,0.0,0.0,0.0,0.0,0.0,18473,global,0.0
4,3,lr1e-04_bs16_drop0p4_temp2p0_a0p25_b0p05__wd1e-04trmiss0_degmodglobal,16,0.0001,0.0001,0.4,2.0,0.25,0.05,lr1e-04_bs16_drop0p4_temp2p0_a0p25_b0p05__wd1e-04trmiss0_degmodglobal,15,0.6656652987003326,0.6872829794883728,0.55,0.6584145021645021,0.5384615384615384,0.0,0.5794937312602997,0.6195173263549805,0.12144910171627998,0.3157138228416443,0.0,0.0,0.0,0.0,0.0,18473,global,0.0
4,3,lr1e-04_bs16_drop0p4_temp2p0_a0p25_b0p05__wd1e-04trmiss0_degmodglobal,16,0.0001,0.0001,0.4,2.0,0.25,0.05,lr1e-04_bs16_drop0p4_temp2p0_a0p25_b0p05__wd1e-04trmiss0_degmodglobal,16,0.6622149348258972,0.6886246204376221,0.5249999999999999,0.6500811688311688,0.5384615384615384,0.0,0.5668938606977463,0.6128748059272766,0.13324972614645958,0.320553794503212,0.0,0.0,0.0,0.0,0.0,18473,global,0.0
4,3,lr1e-04_bs16_drop0p4_temp2p0_a0p25_b0p05__wd1e-04trmiss0_degmodglobal,16,0.0001,0.0001,0.4,2.0,0.25,0.05,lr1e-04_bs16_drop0p4_temp2p0_a0p25_b0p05__wd1e-04trmiss0_degmodglobal,17,0.6115268617868423,0.6834894418716431,0.575,0.6663690476190477,0.46153846153846156,0.0,0.5570592433214188,0.5628540515899658,0.12710697390139103,0.3379219248890877,0.0,0.0,0.0,0.0,0.0,18473,global,0.0
4,3,lr1e-04_bs16_drop0p4_temp2p0_a0p25_b0p05__wd1e-04trmiss0_degmodglobal,16,0.0001,0.0001,0.4,2.0,0.25,0.05,lr1e-04_bs16_drop0p4_temp2p0_a0p25_b0p05__wd1e-04trmiss0_degmodglobal,18,0.6316386610269547,0.6840382814407349,0.575,0.6663690476190477,0.5384615384615384,0.0,0.530958965420723,0.5719051510095596,0.15398657694458961,0.42473728209733963,0.0,0.0,0.0,0.0,0.0,18473,global,0.0
4,3,lr1e-04_bs16_drop0p4_temp2p0_a0p25_b0p05__wd1e-04trmiss0_degmodglobal,16,0.0001,0.0001,0.4,2.0,0.25,0.05,lr1e-04_bs16_drop0p4_temp2p0_a0p25_b0p05__wd1e-04trmiss0_degmodglobal,19,0.6268356889486313,0.6880518198013306,0.5499999999999999,0.6667478354978356,0.6153846153846154,0.0,0.5599802732467651,0.5854120254516602,0.11293931305408478,0.2637769803404808,0.0,0.0,0.0,0.0,0.0,18473,global,0.0
4,3,lr1e-04_bs16_drop0p4_temp2p0_a0p25_b0p05__wd1e-04trmiss0_degmodglobal,16,0.0001,0.0001,0.4,2.0,0.25,0.05,lr1e-04_bs16_drop0p4_temp2p0_a0p25_b0p05__wd1e-04trmiss0_degmodglobal,20,0.6447916626930237,0.691247284412384,0.575,0.7292478354978356,0.5384615384615384,0.0,0.5765972584486008,0.5981924533843994,0.12699078395962715,0.2970306910574436,0.0,0.0,0.0,0.0,0.0,18473,global,0.0
4,3,lr1e-04_bs16_drop0p4_temp2p0_a0p25_b0p05__wd1e-04trmiss0_degmodglobal,16,0.0001,0.0001,0.4,2.0,0.25,0.05,lr1e-04_bs16_drop0p4_temp2p0_a0p25_b0p05__wd1e-04trmiss0_degmodglobal,21,0.6017027348279953,0.6869792342185974,0.6,0.7313311688311689,0.5384615384615384,0.0,0.5236609131097794,0.5543337613344193,0.1259553972631693,0.3176022805273533,0.0,0.0,0.0,0.0,0.0,18473,global,0.0
4,3,lr1e-04_bs16_drop0p4_temp2p0_a0p25_b0p05__wd1e-04trmiss0_degmodglobal,16,0.0001,0.0001,0.4,2.0,0.25,0.05,lr1e-04_bs16_drop0p4_temp2p0_a0p25_b0p05__wd1e-04trmiss0_degmodglobal,22,0.624667689204216,0.6845295429229736,0.625,0.7479978354978355,0.6153846153846154,0.0,0.5751147419214249,0.5808462798595428,0.11170224845409393,0.31791691668331623,0.0,0.0,0.0,0.0,0.0,18473,global,0.0
4,3,lr1e-04_bs16_drop0p4_temp2p0_a0p25_b0p05__wd1e-04trmiss0_degmodglobal,16,0.0001,0.0001,0.4,2.0,0.25,0.05,lr1e-04_bs16_drop0p4_temp2p0_a0p25_b0p05__wd1e-04trmiss0_degmodglobal,23,0.6220132410526276,0.6896307468414307,0.5750000000000001,0.7377185314685315,0.5384615384615384,0.0,0.5880667567253113,0.5845162272453308,0.10772399883717299,0.21132076159119606,0.0,0.0,0.0,0.0,0.0,18473,global,0.0
4,3,lr1e-04_bs16_drop0p4_temp2p0_a0p25_b0p05__wd1e-04trmiss0_degmodglobal,16,0.0001,0.0001,0.4,2.0,0.25,0.05,lr1e-04_bs16_drop0p4_temp2p0_a0p25_b0p05__wd1e-04trmiss0_degmodglobal,24,0.6329659819602966,0.6886211037635803,0.5750000000000001,0.7377185314685315,0.5384615384615384,0.0,0.5280977785587311,0.5874175131320953,0.12382052093744278,0.29186664521694183,0.0,0.0,0.0,0.0,0.0,18473,global,0.0
4,3,lr1e-04_bs16_drop0p4_temp2p0_a0p25_b0p05__wd1e-04trmiss0_degmodglobal,16,0.0001,0.0001,0.4,2.0,0.25,0.05,lr1e-04_bs16_drop0p4_temp2p0_a0p25_b0p05__wd1e-04trmiss0_degmodglobal,25,0.6458085775375366,0.6862881183624268,0.5750000000000001,0.7377185314685315,0.5384615384615384,0.0,0.5220328941941261,0.577283650636673,0.1823830045759678,0.4585837051272392,0.0,0.0,0.0,0.0,0.0,18473,global,0.0
4,3,lr1e-04_bs16_drop0p4_temp2p0_a0p25_b0p05__wd1e-04trmiss0_degmodglobal,16,0.0001,0.0001,0.4,2.0,0.25,0.05,lr1e-04_bs16_drop0p4_temp2p0_a0p25_b0p05__wd1e-04trmiss0_degmodglobal,26,0.631641611456871,0.6841617226600647,0.575,0.7311709124209125,0.5384615384615384,0.0,0.5540196895599365,0.5905038118362427,0.11847420409321785,0.23038530722260475,0.0,0.0,0.0,0.0,0.0,18473,global,0.0
4,3,lr1e-04_bs16_drop0p4_temp2p0_a0p25_b0p05__wd1e-04trmiss0_degmodglobal,16,0.0001,0.0001,0.4,2.0,0.25,0.05,lr1e-04_bs16_drop0p4_temp2p0_a0p25_b0p05__wd1e-04trmiss0_degmodglobal,27,0.6000650227069855,0.6815782189369202,0.6,0.7375811688311689,0.5384615384615384,0.0,0.5279837399721146,0.5639455616474152,0.1079595647752285,0.18259142711758614,0.0,0.0,0.0,0.0,0.0,18473,global,0.0
4,3,lr1e-04_bs16_drop0p4_temp2p0_a0p25_b0p05__wd1e-04trmiss0_degmodglobal,16,0.0001,0.0001,0.4,2.0,0.25,0.05,lr1e-04_bs16_drop0p4_temp2p0_a0p25_b0p05__wd1e-04trmiss0_degmodglobal,28,0.5963307619094849,0.6802840828895569,0.625,0.7479978354978355,0.6153846153846154,0.0,0.5031534805893898,0.5417295694351196,0.13969524390995502,0.39354756474494934,0.0,0.0,0.0,0.0,0.0,18473,global,0.0
4,3,lr1e-04_bs16_drop0p4_temp2p0_a0p25_b0p05__wd1e-04trmiss0_degmodglobal,16,0.0001,0.0001,0.4,2.0,0.25,0.05,lr1e-04_bs16_drop0p4_temp2p0_a0p25_b0p05__wd1e-04trmiss0_degmodglobal,29,0.6254788041114807,0.680380642414093,0.65,0.7628787878787879,0.6153846153846154,0.0,0.5247731506824493,0.5616103708744049,0.17277911491692066,0.41347307711839676,0.0,0.0,0.0,0.0,0.0,18473,global,0.0
4,3,lr1e-04_bs16_drop0p4_temp2p0_a0p25_b0p05__wd1e-04trmiss0_degmodglobal,16,0.0001,0.0001,0.4,2.0,0.25,0.05,lr1e-04_bs16_drop0p4_temp2p0_a0p25_b0p05__wd1e-04trmiss0_degmodglobal,30,0.6029951125383377,0.6790782809257507,0.6499999999999999,0.7604166666666667,0.6923076923076923,0.0,0.46693866699934006,0.5338689237833023,0.19367776438593864,0.4141351878643036,0.0,0.0,0.0,0.0,0.0,18473,global,0.0
4,3,lr1e-04_bs16_drop0p4_temp2p0_a0p25_b0p05__wd1e-04trmiss0_degmodglobal,16,0.0001,0.0001,0.4,2.0,0.25,0.05,lr1e-04_bs16_drop0p4_temp2p0_a0p25_b0p05__wd1e-04trmiss0_degmodglobal,31,0.6207856386899948,0.6801530718803406,0.6499999999999999,0.7604166666666667,0.5384615384615384,0.0,0.5892117545008659,0.5750299319624901,0.12890562694519758,0.27058612555265427,0.0,0.0,0.0,0.0,0.0,18473,global,0.0
4,3,lr1e-04_bs16_drop0p4_temp2p0_a0p25_b0p05__wd1e-04trmiss0_degmodglobal,16,0.0001,0.0001,0.4,2.0,0.25,0.05,lr1e-04_bs16_drop0p4_temp2p0_a0p25_b0p05__wd1e-04trmiss0_degmodglobal,32,0.6072505861520767,0.68227219581604,0.6,0.7288690476190477,0.5384615384615384,0.0,0.5178756266832352,0.562227725982666,0.12927716597914696,0.25407106801867485,0.0,0.0,0.0,0.0,0.0,18473,global,0.0
4,3,lr1e-04_bs16_drop0p4_temp2p0_a0p25_b0p05__wd1e-04trmiss0_degmodglobal,16,0.0001,0.0001,0.4,2.0,0.25,0.05,lr1e-04_bs16_drop0p4_temp2p0_a0p25_b0p05__wd1e-04trmiss0_degmodglobal,33,0.6144669651985168,0.6853234767913818,0.55,0.7058035714285714,0.5384615384615384,0.0,0.534763477742672,0.5744169056415558,0.12068947218358517,0.19755402952432632,0.0,0.0,0.0,0.0,0.0,18473,global,0.0
4,3,lr1e-04_bs16_drop0p4_temp2p0_a0p25_b0p05__wd1e-04trmiss0_degmodglobal,16,0.0001,0.0001,0.4,2.0,0.25,0.05,lr1e-04_bs16_drop0p4_temp2p0_a0p25_b0p05__wd1e-04trmiss0_degmodglobal,34,0.5931749641895294,0.687160313129425,0.5249999999999999,0.697849025974026,0.46153846153846156,0.0,0.49694186449050903,0.526215448975563,0.1949748694896698,0.36431634053587914,0.0,0.0,0.0,0.0,0.0,18473,global,0.0
4,3,lr1e-04_bs16_drop0p4_temp2p0_a0p25_b0p05__wd1e-04trmiss0_degmodglobal,16,0.0001,0.0001,0.4,2.0,0.25,0.05,lr1e-04_bs16_drop0p4_temp2p0_a0p25_b0p05__wd1e-04trmiss0_degmodglobal,35,0.6482582837343216,0.687229335308075,0.5249999999999999,0.6910037878787878,0.46153846153846156,0.0,0.5275682732462883,0.5845417380332947,0.15144087001681328,0.5171263888478279,0.0,0.0,0.0,0.0,0.0,18473,global,0.0
4,3,lr1e-04_bs16_drop0p4_temp2p0_a0p25_b0p05__wd1e-04trmiss0_degmodglobal,16,0.0001,0.0001,0.4,2.0,0.25,0.05,lr1e-04_bs16_drop0p4_temp2p0_a0p25_b0p05__wd1e-04trmiss0_degmodglobal,36,0.5953127145767212,0.6878966689109802,0.5249999999999999,0.6910037878787878,0.46153846153846156,0.0,0.48855697363615036,0.5532249361276627,0.11442779004573822,0.269616287201643,0.0,0.0,0.0,0.0,0.0,18473,global,0.0
4,3,lr1e-04_bs16_drop0p4_temp2p0_a0p25_b0p05__wd1e-04trmiss0_degmodglobal,16,0.0001,0.0001,0.4,2.0,0.25,0.05,lr1e-04_bs16_drop0p4_temp2p0_a0p25_b0p05__wd1e-04trmiss0_degmodglobal,37,0.603532686829567,0.6846775412559509,0.575,0.7264204545454546,0.5384615384615384,0.0,0.4781002923846245,0.5366929471492767,0.19614137336611748,0.35608768090605736,0.0,0.0,0.0,0.0,0.0,18473,global,0.0
4,3,lr1e-04_bs16_drop0p4_temp2p0_a0p25_b0p05__wd1e-04trmiss0_degmodglobal,16,0.0001,0.0001,0.4,2.0,0.25,0.05,lr1e-04_bs16_drop0p4_temp2p0_a0p25_b0p05__wd1e-04trmiss0_degmodglobal,38,0.6039101481437683,0.6816481351852417,0.6,0.734375,0.5384615384615384,0.0,0.5313936695456505,0.5623359978199005,0.119533846154809,0.23381375893950462,0.0,0.0,0.0,0.0,0.0,18473,global,0.0
4,3,lr1e-04_bs16_drop0p4_temp2p0_a0p25_b0p05__wd1e-04trmiss0_degmodglobal,16,0.0001,0.0001,0.4,2.0,0.25,0.05,lr1e-04_bs16_drop0p4_temp2p0_a0p25_b0p05__wd1e-04trmiss0_degmodglobal,39,0.6370419710874557,0.6837337017059326,0.6,0.734375,0.5384615384615384,0.0,0.4865461215376854,0.5668243318796158,0.19373085349798203,0.4356985501945019,0.0,0.0,0.0,0.0,0.0,18473,global,0.0
4,3,lr1e-04_bs16_drop0p4_temp2p0_a0p25_b0p05__wd1e-04trmiss0_degmodglobal,16,0.0001,0.0001,0.4,2.0,0.25,0.05,lr1e-04_bs16_drop0p4_temp2p0_a0p25_b0p05__wd1e-04trmiss0_degmodglobal,40,0.6654743105173111,0.684890627861023,0.55,0.6989583333333333,0.5384615384615384,0.0,0.48291005194187164,0.5763106048107147,0.24058512598276138,0.5803486555814743,0.0,0.0,0.0,0.0,0.0,18473,global,0.0
4,3,lr1e-04_bs16_drop0p4_temp2p0_a0p25_b0p05__wd1e-04trmiss0_degmodglobal,16,0.0001,0.0001,0.4,2.0,0.25,0.05,lr1e-04_bs16_drop0p4_temp2p0_a0p25_b0p05__wd1e-04trmiss0_degmodglobal,41,0.6039853692054749,0.6801295876502991,0.575,0.7065340909090909,0.5384615384615384,0.0,0.4767252206802368,0.5433655008673668,0.16794571559876204,0.37266906909644604,0.0,0.0,0.0,0.0,0.0,18473,global,0.0
4,3,lr1e-04_bs16_drop0p4_temp2p0_a0p25_b0p05__wd1e-04trmiss0_degmodglobal,16,0.0001,0.0001,0.4,2.0,0.25,0.05,lr1e-04_bs16_drop0p4_temp2p0_a0p25_b0p05__wd1e-04trmiss0_degmodglobal,42,0.5848879814147949,0.6820220947265625,0.575,0.7065340909090909,0.5384615384615384,0.0,0.48845361173152924,0.5314461886882782,0.15640068985521793,0.28683220222592354,0.0,0.0,0.0,0.0,0.0,18473,global,0.0
4,3,lr1e-04_bs16_drop0p4_temp2p0_a0p25_b0p05__wd1e-04trmiss0_degmodglobal,16,0.0001,0.0001,0.4,2.0,0.25,0.05,lr1e-04_bs16_drop0p4_temp2p0_a0p25_b0p05__wd1e-04trmiss0_degmodglobal,43,0.6112310290336609,0.6817285418510437,0.6000000000000001,0.7176948051948052,0.5384615384615384,0.0,0.5042406544089317,0.5574383586645126,0.14604196045547724,0.345643512904644,0.0,0.0,0.0,0.0,0.0,18473,global,0.0
4,3,lr1e-04_bs16_drop0p4_temp2p0_a0p25_b0p05__wd1e-04trmiss0_degmodglobal,16,0.0001,0.0001,0.4,2.0,0.25,0.05,lr1e-04_bs16_drop0p4_temp2p0_a0p25_b0p05__wd1e-04trmiss0_degmodglobal,44,0.5871797055006027,0.678033709526062,0.575,0.7065340909090909,0.5384615384615384,0.0,0.4572735130786896,0.5242801457643509,0.18308044224977493,0.3425888866186142,0.0,0.0,0.0,0.0,0.0,18473,global,0.0
4,3,lr1e-04_bs16_drop0p4_temp2p0_a0p25_b0p05__wd1e-04trmiss0_degmodglobal,16,0.0001,0.0001,0.4,2.0,0.25,0.05,lr1e-04_bs16_drop0p4_temp2p0_a0p25_b0p05__wd1e-04trmiss0_degmodglobal,45,0.6165855526924133,0.6797703504562378,0.575,0.7065340909090909,0.5384615384615384,0.0,0.46385615319013596,0.5521172881126404,0.18410740047693253,0.36882808804512024,0.0,0.0,0.0,0.0,0.0,18473,global,0.0
4,3,lr1e-04_bs16_drop0p4_temp2p0_a0p25_b0p05__wd1e-04trmiss0_degmodglobal,16,0.0001,0.0001,0.4,2.0,0.25,0.05,lr1e-04_bs16_drop0p4_temp2p0_a0p25_b0p05__wd1e-04trmiss0_degmodglobal,46,0.5845540016889572,0.6822154521942139,0.575,0.7065340909090909,0.5384615384615384,0.0,0.48859231919050217,0.5358884483575821,0.13997323624789715,0.2734450735151768,0.0,0.0,0.0,0.0,0.0,18473,global,0.0
4,3,lr1e-04_bs16_drop0p4_temp2p0_a0p25_b0p05__wd1e-04trmiss0_degmodglobal,16,0.0001,0.0001,0.4,2.0,0.25,0.05,lr1e-04_bs16_drop0p4_temp2p0_a0p25_b0p05__wd1e-04trmiss0_degmodglobal,47,0.572128638625145,0.6789647936820984,0.575,0.7065340909090909,0.5384615384615384,0.0,0.45121248066425323,0.5184568911790848,0.1639960426837206,0.25345478020608425,0.0,0.0,0.0,0.0,0.0,18473,global,0.0
4,3,lr1e-04_bs16_drop0p4_temp2p0_a0p25_b0p05__wd1e-04trmiss0_degmodglobal,16,0.0001,0.0001,0.4,2.0,0.25,0.05,lr1e-04_bs16_drop0p4_temp2p0_a0p25_b0p05__wd1e-04trmiss0_degmodglobal,48,0.6079447865486145,0.6813640594482422,0.6,0.7252840909090909,0.5384615384615384,0.0,0.48594823479652405,0.563504695892334,0.12480883114039898,0.26475754752755165,0.0,0.0,0.0,0.0,0.0,18473,global,0.0
4,3,lr1e-04_bs16_drop0p4_temp2p0_a0p25_b0p05__wd1e-04trmiss0_degmodglobal,16,0.0001,0.0001,0.4,2.0,0.25,0.05,lr1e-04_bs16_drop0p4_temp2p0_a0p25_b0p05__wd1e-04trmiss0_degmodglobal,49,0.6257311105728149,0.6819136142730713,0.625,0.7455357142857143,0.5384615384615384,0.0,0.49349918216466904,0.5299738943576813,0.24479053355753422,0.6911913380026817,0.0,0.0,0.0,0.0,0.0,18473,global,0.0
4,3,lr5e-05_bs16_drop0p2_temp1p0_a0p25_b0p05__wd1e-04trmiss0_degmodglobal,16,5e-05,0.0001,0.2,1.0,0.25,0.05,lr5e-05_bs16_drop0p2_temp1p0_a0p25_b0p05__wd1e-04trmiss0_degmodglobal,1,0.6680770963430405,0.6810715794563293,0.475,0.6404963092463093,0.5384615384615384,0.0,0.7267672121524811,0.6498492956161499,0.04242793517187238,0.15241654217243195,0.0,0.0,0.0,0.0,0.0,18473,global,0.0
4,3,lr5e-05_bs16_drop0p2_temp1p0_a0p25_b0p05__wd1e-04trmiss0_degmodglobal,16,5e-05,0.0001,0.2,1.0,0.25,0.05,lr5e-05_bs16_drop0p2_temp1p0_a0p25_b0p05__wd1e-04trmiss0_degmodglobal,2,0.669363871216774,0.6791101098060608,0.5,0.6491768648018649,0.6153846153846154,0.0,0.6979562044143677,0.6509351283311844,0.04270132118836045,0.1550681423395872,0.0,0.0,0.0,0.0,0.0,18473,global,0.0
4,3,lr5e-05_bs16_drop0p2_temp1p0_a0p25_b0p05__wd1e-04trmiss0_degmodglobal,16,5e-05,0.0001,0.2,1.0,0.25,0.05,lr5e-05_bs16_drop0p2_temp1p0_a0p25_b0p05__wd1e-04trmiss0_degmodglobal,3,0.6447979509830475,0.6777696013450623,0.525,0.6575101981351982,0.6153846153846154,0.0,0.6837143898010254,0.6272650212049484,0.04333906061947346,0.13396313041448593,0.0,0.0,0.0,0.0,0.0,18473,global,0.0
4,3,lr5e-05_bs16_drop0p2_temp1p0_a0p25_b0p05__wd1e-04trmiss0_degmodglobal,16,5e-05,0.0001,0.2,1.0,0.25,0.05,lr5e-05_bs16_drop0p2_temp1p0_a0p25_b0p05__wd1e-04trmiss0_degmodglobal,4,0.647702693939209,0.6762833595275879,0.5499999999999999,0.6686709124209125,0.5384615384615384,0.0,0.668396458029747,0.6286515593528748,0.04428972722962499,0.15957408025860786,0.0,0.0,0.0,0.0,0.0,18473,global,0.0
4,3,lr5e-05_bs16_drop0p2_temp1p0_a0p25_b0p05__wd1e-04trmiss0_degmodglobal,16,5e-05,0.0001,0.2,1.0,0.25,0.05,lr5e-05_bs16_drop0p2_temp1p0_a0p25_b0p05__wd1e-04trmiss0_degmodglobal,5,0.6208699494600296,0.6742604374885559,0.625,0.7073613886113886,0.5384615384615384,0.0,0.6728822141885757,0.5994289070367813,0.04975623730570078,0.18003955483436584,0.0,0.0,0.0,0.0,0.0,18473,global,0.0
4,3,lr5e-05_bs16_drop0p2_temp1p0_a0p25_b0p05__wd1e-04trmiss0_degmodglobal,16,5e-05,0.0001,0.2,1.0,0.25,0.05,lr5e-05_bs16_drop0p2_temp1p0_a0p25_b0p05__wd1e-04trmiss0_degmodglobal,6,0.6117886602878571,0.671209454536438,0.625,0.7073613886113886,0.5384615384615384,0.0,0.6389878243207932,0.594825878739357,0.040467637591063976,0.13691744580864906,0.0,0.0,0.0,0.0,0.0,18473,global,0.0
4,3,lr5e-05_bs16_drop0p2_temp1p0_a0p25_b0p05__wd1e-04trmiss0_degmodglobal,16,5e-05,0.0001,0.2,1.0,0.25,0.05,lr5e-05_bs16_drop0p2_temp1p0_a0p25_b0p05__wd1e-04trmiss0_degmodglobal,7,0.6047493815422058,0.6647534370422363,0.625,0.7073613886113886,0.5384615384615384,0.0,0.6668946743011475,0.5859740078449249,0.04576129373162985,0.14670112542808056,0.0,0.0,0.0,0.0,0.0,18473,global,0.0
4,3,lr5e-05_bs16_drop0p2_temp1p0_a0p25_b0p05__wd1e-04trmiss0_degmodglobal,16,5e-05,0.0001,0.2,1.0,0.25,0.05,lr5e-05_bs16_drop0p2_temp1p0_a0p25_b0p05__wd1e-04trmiss0_degmodglobal,8,0.590427353978157,0.6632117629051208,0.625,0.7073613886113886,0.5384615384615384,0.0,0.6362415850162506,0.5724501758813858,0.04380112839862704,0.140537828207016,0.0,0.0,0.0,0.0,0.0,18473,global,0.0
4,3,lr5e-05_bs16_drop0p2_temp1p0_a0p25_b0p05__wd1e-04trmiss0_degmodglobal,16,5e-05,0.0001,0.2,1.0,0.25,0.05,lr5e-05_bs16_drop0p2_temp1p0_a0p25_b0p05__wd1e-04trmiss0_degmodglobal,9,0.5907697081565857,0.6624075174331665,0.625,0.7073613886113886,0.6153846153846154,0.0,0.6361526250839233,0.5776521116495132,0.029673426877707243,0.1139847319573164,0.0,0.0,0.0,0.0,0.0,18473,global,0.0
4,3,lr5e-05_bs16_drop0p2_temp1p0_a0p25_b0p05__wd1e-04trmiss0_degmodglobal,16,5e-05,0.0001,0.2,1.0,0.25,0.05,lr5e-05_bs16_drop0p2_temp1p0_a0p25_b0p05__wd1e-04trmiss0_degmodglobal,10,0.584495410323143,0.6632968783378601,0.625,0.7073613886113886,0.6153846153846154,0.0,0.6404268890619278,0.5653528124094009,0.04577226564288139,0.15399081632494926,0.0,0.0,0.0,0.0,0.0,18473,global,0.0
4,3,lr5e-05_bs16_drop0p2_temp1p0_a0p25_b0p05__wd1e-04trmiss0_degmodglobal,16,5e-05,0.0001,0.2,1.0,0.25,0.05,lr5e-05_bs16_drop0p2_temp1p0_a0p25_b0p05__wd1e-04trmiss0_degmodglobal,11,0.5696110725402832,0.6625753045082092,0.65,0.7153159340659341,0.6153846153846154,0.0,0.6229441165924072,0.5504202395677567,0.044353388249874115,0.16205013915896416,0.0,0.0,0.0,0.0,0.0,18473,global,0.0
4,3,lr5e-05_bs16_drop0p2_temp1p0_a0p25_b0p05__wd1e-04trmiss0_degmodglobal,16,5e-05,0.0001,0.2,1.0,0.25,0.05,lr5e-05_bs16_drop0p2_temp1p0_a0p25_b0p05__wd1e-04trmiss0_degmodglobal,12,0.5580313205718994,0.6644170880317688,0.625,0.7073613886113886,0.6153846153846154,0.0,0.6268822699785233,0.5365421324968338,0.05154004227370024,0.17208328656852245,0.0,0.0,0.0,0.0,0.0,18473,global,0.0
4,3,lr5e-05_bs16_drop0p2_temp1p0_a0p25_b0p05__wd1e-04trmiss0_degmodglobal,16,5e-05,0.0001,0.2,1.0,0.25,0.05,lr5e-05_bs16_drop0p2_temp1p0_a0p25_b0p05__wd1e-04trmiss0_degmodglobal,13,0.5323377102613449,0.6629199981689453,0.625,0.7073613886113886,0.6153846153846154,0.0,0.6237241178750992,0.5113480985164642,0.04670986719429493,0.18624276295304298,0.0,0.0,0.0,0.0,0.0,18473,global,0.0
4,3,lr5e-05_bs16_drop0p2_temp1p0_a0p25_b0p05__wd1e-04trmiss0_degmodglobal,16,5e-05,0.0001,0.2,1.0,0.25,0.05,lr5e-05_bs16_drop0p2_temp1p0_a0p25_b0p05__wd1e-04trmiss0_degmodglobal,14,0.5396023839712143,0.6600805521011353,0.65,0.713771645021645,0.6153846153846154,0.0,0.6020641028881073,0.5167034864425659,0.04973709024488926,0.20929237082600594,0.0,0.0,0.0,0.0,0.0,18473,global,0.0
4,3,lr5e-05_bs16_drop0p2_temp1p0_a0p25_b0p05__wd1e-04trmiss0_degmodglobal,16,5e-05,0.0001,0.2,1.0,0.25,0.05,lr5e-05_bs16_drop0p2_temp1p0_a0p25_b0p05__wd1e-04trmiss0_degmodglobal,15,0.5415832549333572,0.6656948328018188,0.65,0.713771645021645,0.6153846153846154,0.0,0.5916805267333984,0.5224911645054817,0.04811425507068634,0.14127079583704472,0.0,0.0,0.0,0.0,0.0,18473,global,0.0
4,3,lr5e-05_bs16_drop0p2_temp1p0_a0p25_b0p05__wd1e-04trmiss0_degmodglobal,16,5e-05,0.0001,0.2,1.0,0.25,0.05,lr5e-05_bs16_drop0p2_temp1p0_a0p25_b0p05__wd1e-04trmiss0_degmodglobal,16,0.5242514163255692,0.6753360629081726,0.6,0.6854978354978355,0.6153846153846154,0.0,0.601009264588356,0.5025183111429214,0.04909928981214762,0.18916572630405426,0.0,0.0,0.0,0.0,0.0,18473,global,0.0
4,3,lr5e-05_bs16_drop0p2_temp1p0_a0p25_b0p05__wd1e-04trmiss0_degmodglobal,16,5e-05,0.0001,0.2,1.0,0.25,0.05,lr5e-05_bs16_drop0p2_temp1p0_a0p25_b0p05__wd1e-04trmiss0_degmodglobal,17,0.5226316004991531,0.6740566492080688,0.6,0.6854978354978355,0.6153846153846154,0.0,0.5815743058919907,0.49889372289180756,0.05378968920558691,0.2058093138039112,0.0,0.0,0.0,0.0,0.0,18473,global,0.0
4,3,lr5e-05_bs16_drop0p2_temp1p0_a0p25_b0p05__wd1e-04trmiss0_degmodglobal,16,5e-05,0.0001,0.2,1.0,0.25,0.05,lr5e-05_bs16_drop0p2_temp1p0_a0p25_b0p05__wd1e-04trmiss0_degmodglobal,18,0.55061274766922,0.6624910235404968,0.65,0.713771645021645,0.6153846153846154,0.0,0.6140947341918945,0.5315386280417442,0.04846918862313032,0.1391369327902794,0.0,0.0,0.0,0.0,0.0,18473,global,0.0
4,3,lr5e-05_bs16_drop0p2_temp1p0_a0p25_b0p05__wd1e-04trmiss0_degmodglobal,16,5e-05,0.0001,0.2,1.0,0.25,0.05,lr5e-05_bs16_drop0p2_temp1p0_a0p25_b0p05__wd1e-04trmiss0_degmodglobal,19,0.5259864404797554,0.6550467610359192,0.65,0.713771645021645,0.6923076923076923,0.0,0.6069041937589645,0.5054671466350555,0.04682489112019539,0.17626114562153816,0.0,0.0,0.0,0.0,0.0,18473,global,0.0
4,3,lr5e-05_bs16_drop0p2_temp1p0_a0p25_b0p05__wd1e-04trmiss0_degmodglobal,16,5e-05,0.0001,0.2,1.0,0.25,0.05,lr5e-05_bs16_drop0p2_temp1p0_a0p25_b0p05__wd1e-04trmiss0_degmodglobal,20,0.5298299491405487,0.6596866250038147,0.65,0.713771645021645,0.6923076923076923,0.0,0.5904134511947632,0.5106497928500175,0.04717590380460024,0.1477238740772009,0.0,0.0,0.0,0.0,0.0,18473,global,0.0
4,3,lr5e-05_bs16_drop0p2_temp1p0_a0p25_b0p05__wd1e-04trmiss0_degmodglobal,16,5e-05,0.0001,0.2,1.0,0.25,0.05,lr5e-05_bs16_drop0p2_temp1p0_a0p25_b0p05__wd1e-04trmiss0_degmodglobal,21,0.5084953159093857,0.6632291674613953,0.65,0.713771645021645,0.6153846153846154,0.0,0.5891888290643692,0.48616649210453033,0.0540855647996068,0.17614895477890968,0.0,0.0,0.0,0.0,0.0,18473,global,0.0
4,3,lr5e-05_bs16_drop0p2_temp1p0_a0p25_b0p05__wd1e-04trmiss0_degmodglobal,16,5e-05,0.0001,0.2,1.0,0.25,0.05,lr5e-05_bs16_drop0p2_temp1p0_a0p25_b0p05__wd1e-04trmiss0_degmodglobal,22,0.5216997712850571,0.6627018451690674,0.65,0.713771645021645,0.6923076923076923,0.0,0.5830093026161194,0.5044417232275009,0.04349722433835268,0.12767483480274677,0.0,0.0,0.0,0.0,0.0,18473,global,0.0
4,3,lr5e-05_bs16_drop0p2_temp1p0_a0p25_b0p05__wd1e-04trmiss0_degmodglobal,16,5e-05,0.0001,0.2,1.0,0.25,0.05,lr5e-05_bs16_drop0p2_temp1p0_a0p25_b0p05__wd1e-04trmiss0_degmodglobal,23,0.5278713256120682,0.6638040542602539,0.65,0.713771645021645,0.6153846153846154,0.0,0.5625253468751907,0.5041314661502838,0.0517696188762784,0.21594880893826485,0.0,0.0,0.0,0.0,0.0,18473,global,0.0
4,3,lr5e-05_bs16_drop0p2_temp1p0_a0p25_b0p05__wd1e-04trmiss0_degmodglobal,16,5e-05,0.0001,0.2,1.0,0.25,0.05,lr5e-05_bs16_drop0p2_temp1p0_a0p25_b0p05__wd1e-04trmiss0_degmodglobal,24,0.5114246755838394,0.6628337502479553,0.65,0.713771645021645,0.6923076923076923,0.0,0.5552066713571548,0.4901396557688713,0.05228438135236502,0.16427883505821228,0.0,0.0,0.0,0.0,0.0,18473,global,0.0
4,3,lr5e-05_bs16_drop0p2_temp1p0_a0p25_b0p05__wd1e-04trmiss0_degmodglobal,16,5e-05,0.0001,0.2,1.0,0.25,0.05,lr5e-05_bs16_drop0p2_temp1p0_a0p25_b0p05__wd1e-04trmiss0_degmodglobal,25,0.5023356825113297,0.6639372706413269,0.65,0.713771645021645,0.6923076923076923,0.0,0.559860572218895,0.4836744964122772,0.048789902590215206,0.12927419692277908,0.0,0.0,0.0,0.0,0.0,18473,global,0.0
4,3,lr5e-05_bs16_drop0p2_temp1p0_a0p25_b0p05__wd1e-04trmiss0_degmodglobal,16,5e-05,0.0001,0.2,1.0,0.25,0.05,lr5e-05_bs16_drop0p2_temp1p0_a0p25_b0p05__wd1e-04trmiss0_degmodglobal,26,0.5230495482683182,0.6631265878677368,0.65,0.713771645021645,0.6923076923076923,0.0,0.569204106926918,0.5026335343718529,0.046694621443748474,0.17484696954488754,0.0,0.0,0.0,0.0,0.0,18473,global,0.0
4,3,lr5e-05_bs16_drop0p2_temp1p0_a0p25_b0p05__wd1e-04trmiss0_degmodglobal,16,5e-05,0.0001,0.2,1.0,0.25,0.05,lr5e-05_bs16_drop0p2_temp1p0_a0p25_b0p05__wd1e-04trmiss0_degmodglobal,27,0.5208381041884422,0.6673188805580139,0.625,0.7003787878787879,0.6153846153846154,0.0,0.5627166777849197,0.49527110159397125,0.058467986062169075,0.21900012344121933,0.0,0.0,0.0,0.0,0.0,18473,global,0.0
4,3,lr5e-05_bs16_drop0p2_temp1p0_a0p25_b0p05__wd1e-04trmiss0_degmodglobal,16,5e-05,0.0001,0.2,1.0,0.25,0.05,lr5e-05_bs16_drop0p2_temp1p0_a0p25_b0p05__wd1e-04trmiss0_degmodglobal,28,0.5228717997670174,0.6645861864089966,0.625,0.7003787878787879,0.6153846153846154,0.0,0.5585557818412781,0.5027550384402275,0.04573026951402426,0.17368412017822266,0.0,0.0,0.0,0.0,0.0,18473,global,0.0
4,3,lr5e-05_bs16_drop0p2_temp1p0_a0p25_b0p05__wd1e-04trmiss0_degmodglobal,16,5e-05,0.0001,0.2,1.0,0.25,0.05,lr5e-05_bs16_drop0p2_temp1p0_a0p25_b0p05__wd1e-04trmiss0_degmodglobal,29,0.49996643513441086,0.6627135276794434,0.65,0.713771645021645,0.6153846153846154,0.0,0.5759056806564331,0.476457417011261,0.05905690509825945,0.17489578016102314,0.0,0.0,0.0,0.0,0.0,18473,global,0.0
4,3,lr5e-05_bs16_drop0p2_temp1p0_a0p25_b0p05__wd1e-04trmiss0_degmodglobal,16,5e-05,0.0001,0.2,1.0,0.25,0.05,lr5e-05_bs16_drop0p2_temp1p0_a0p25_b0p05__wd1e-04trmiss0_degmodglobal,30,0.5022062808275223,0.6641001105308533,0.65,0.713771645021645,0.6153846153846154,0.0,0.5507049709558487,0.480115070939064,0.05642786715179682,0.15968509390950203,0.0,0.0,0.0,0.0,0.0,18473,global,0.0
4,3,lr5e-05_bs16_drop0p2_temp1p0_a0p25_b0p05__wd1e-04trmiss0_degmodglobal,16,5e-05,0.0001,0.2,1.0,0.25,0.05,lr5e-05_bs16_drop0p2_temp1p0_a0p25_b0p05__wd1e-04trmiss0_degmodglobal,31,0.48723357170820236,0.6683216094970703,0.65,0.713771645021645,0.6153846153846154,0.0,0.5585205107927322,0.46778057515621185,0.04589526867493987,0.15958325378596783,0.0,0.0,0.0,0.0,0.0,18473,global,0.0
4,3,lr5e-05_bs16_drop0p2_temp1p0_a0p25_b0p05__wd1e-04trmiss0_degmodglobal,16,5e-05,0.0001,0.2,1.0,0.25,0.05,lr5e-05_bs16_drop0p2_temp1p0_a0p25_b0p05__wd1e-04trmiss0_degmodglobal,32,0.4979128912091255,0.6680194139480591,0.65,0.713771645021645,0.6153846153846154,0.0,0.5513801872730255,0.47711893171072006,0.05182510195299983,0.15675393119454384,0.0,0.0,0.0,0.0,0.0,18473,global,0.0
4,3,lr5e-05_bs16_drop0p2_temp1p0_a0p25_b0p05__wd1e-04trmiss0_degmodglobal,16,5e-05,0.0001,0.2,1.0,0.25,0.05,lr5e-05_bs16_drop0p2_temp1p0_a0p25_b0p05__wd1e-04trmiss0_degmodglobal,33,0.49244800955057144,0.6672348976135254,0.65,0.713771645021645,0.6923076923076923,0.0,0.5574173480272293,0.46841441094875336,0.05694071762263775,0.19596852362155914,0.0,0.0,0.0,0.0,0.0,18473,global,0.0
4,3,lr5e-05_bs16_drop0p2_temp1p0_a0p25_b0p05__wd1e-04trmiss0_degmodglobal,16,5e-05,0.0001,0.2,1.0,0.25,0.05,lr5e-05_bs16_drop0p2_temp1p0_a0p25_b0p05__wd1e-04trmiss0_degmodglobal,34,0.4881393387913704,0.6673586964607239,0.65,0.713771645021645,0.6153846153846154,0.0,0.5359948873519897,0.4649280235171318,0.053674258291721344,0.19585496559739113,0.0,0.0,0.0,0.0,0.0,18473,global,0.0
4,3,lr5e-05_bs16_drop0p2_temp1p0_a0p25_b0p05__wd1e-04trmiss0_degmodglobal,16,5e-05,0.0001,0.2,1.0,0.25,0.05,lr5e-05_bs16_drop0p2_temp1p0_a0p25_b0p05__wd1e-04trmiss0_degmodglobal,35,0.49861617386341095,0.6687843203544617,0.65,0.713771645021645,0.6923076923076923,0.0,0.5542520135641098,0.47349780052900314,0.062482730485498905,0.18995355814695358,0.0,0.0,0.0,0.0,0.0,18473,global,0.0
4,3,lr5e-05_bs16_drop0p2_temp1p0_a0p25_b0p05__wd1e-04trmiss0_degmodglobal,16,5e-05,0.0001,0.2,1.0,0.25,0.05,lr5e-05_bs16_drop0p2_temp1p0_a0p25_b0p05__wd1e-04trmiss0_degmodglobal,36,0.52524733543396,0.6688387989997864,0.65,0.713771645021645,0.6923076923076923,0.0,0.5784252136945724,0.5031651109457016,0.05148513987660408,0.18421871028840542,0.0,0.0,0.0,0.0,0.0,18473,global,0.0
4,3,lr5e-05_bs16_drop0p2_temp1p0_a0p25_b0p05__wd1e-04trmiss0_degmodglobal,16,5e-05,0.0001,0.2,1.0,0.25,0.05,lr5e-05_bs16_drop0p2_temp1p0_a0p25_b0p05__wd1e-04trmiss0_degmodglobal,37,0.49052105098962784,0.6693836450576782,0.65,0.713771645021645,0.6923076923076923,0.0,0.5427421927452087,0.4667590633034706,0.05902226082980633,0.18012813478708267,0.0,0.0,0.0,0.0,0.0,18473,global,0.0
4,3,lr5e-05_bs16_drop0p2_temp1p0_a0p25_b0p05__wd1e-04trmiss0_degmodglobal,16,5e-05,0.0001,0.2,1.0,0.25,0.05,lr5e-05_bs16_drop0p2_temp1p0_a0p25_b0p05__wd1e-04trmiss0_degmodglobal,38,0.5014903247356415,0.6673064827919006,0.65,0.713771645021645,0.6153846153846154,0.0,0.5490266382694244,0.4802612438797951,0.055143495090305805,0.1488641295582056,0.0,0.0,0.0,0.0,0.0,18473,global,0.0
4,3,lr5e-05_bs16_drop0p2_temp1p0_a0p25_b0p05__wd1e-04trmiss0_degmodglobal,16,5e-05,0.0001,0.2,1.0,0.25,0.05,lr5e-05_bs16_drop0p2_temp1p0_a0p25_b0p05__wd1e-04trmiss0_degmodglobal,39,0.5038920119404793,0.6655679941177368,0.65,0.713771645021645,0.6923076923076923,0.0,0.5416416823863983,0.47904039919376373,0.0612799683585763,0.19063247554004192,0.0,0.0,0.0,0.0,0.0,18473,global,0.0
4,3,lr5e-05_bs16_drop0p2_temp2p0_a0p25_b0p05__wd1e-04trmiss0_degmodglobal,16,5e-05,0.0001,0.2,2.0,0.25,0.05,lr5e-05_bs16_drop0p2_temp2p0_a0p25_b0p05__wd1e-04trmiss0_degmodglobal,1,0.7156517058610916,0.9012055397033691,0.475,0.6220935314685314,0.6153846153846154,0.0,0.7429202795028687,0.6945300996303558,0.060147144831717014,0.121696294285357,0.0,0.0,0.0,0.0,0.0,18473,global,0.0
4,3,lr5e-05_bs16_drop0p2_temp2p0_a0p25_b0p05__wd1e-04trmiss0_degmodglobal,16,5e-05,0.0001,0.2,2.0,0.25,0.05,lr5e-05_bs16_drop0p2_temp2p0_a0p25_b0p05__wd1e-04trmiss0_degmodglobal,2,0.6815571635961533,0.9378819465637207,0.47500000000000003,0.6342147435897436,0.6153846153846154,0.0,0.6947951465845108,0.6588491499423981,0.06116729974746704,0.14832422882318497,0.0,0.0,0.0,0.0,0.0,18473,global,0.0
4,3,lr5e-05_bs16_drop0p2_temp2p0_a0p25_b0p05__wd1e-04trmiss0_degmodglobal,16,5e-05,0.0001,0.2,2.0,0.25,0.05,lr5e-05_bs16_drop0p2_temp2p0_a0p25_b0p05__wd1e-04trmiss0_degmodglobal,3,0.6495410650968552,0.9915852546691895,0.5,0.6508814102564103,0.6153846153846154,0.0,0.704653263092041,0.624172031879425,0.0648697866126895,0.18303200602531433,0.0,0.0,0.0,0.0,0.0,18473,global,0.0
4,3,lr5e-05_bs16_drop0p2_temp2p0_a0p25_b0p05__wd1e-04trmiss0_degmodglobal,16,5e-05,0.0001,0.2,2.0,0.25,0.05,lr5e-05_bs16_drop0p2_temp2p0_a0p25_b0p05__wd1e-04trmiss0_degmodglobal,4,0.6487941443920135,1.0164645910263062,0.47500000000000003,0.6342147435897436,0.6153846153846154,0.0,0.6897727251052856,0.6251379251480103,0.06445896439254284,0.15082948841154575,0.0,0.0,0.0,0.0,0.0,18473,global,0.0
4,3,lr5e-05_bs16_drop0p2_temp2p0_a0p25_b0p05__wd1e-04trmiss0_degmodglobal,16,5e-05,0.0001,0.2,2.0,0.25,0.05,lr5e-05_bs16_drop0p2_temp2p0_a0p25_b0p05__wd1e-04trmiss0_degmodglobal,5,0.6289943158626556,1.054552674293518,0.525,0.6487980769230769,0.6153846153846154,0.0,0.6726585775613785,0.610505998134613,0.05312647856771946,0.10413400828838348,0.0,0.0,0.0,0.0,0.0,18473,global,0.0
4,3,lr5e-05_bs16_drop0p2_temp2p0_a0p25_b0p05__wd1e-04trmiss0_degmodglobal,16,5e-05,0.0001,0.2,2.0,0.25,0.05,lr5e-05_bs16_drop0p2_temp2p0_a0p25_b0p05__wd1e-04trmiss0_degmodglobal,6,0.6110988259315491,1.082514762878418,0.5,0.6099587912087912,0.6923076923076923,0.0,0.6916229724884033,0.5867074877023697,0.06494364235550165,0.1631084680557251,0.0,0.0,0.0,0.0,0.0,18473,global,0.0
4,3,lr5e-05_bs16_drop0p2_temp2p0_a0p25_b0p05__wd1e-04trmiss0_degmodglobal,16,5e-05,0.0001,0.2,2.0,0.25,0.05,lr5e-05_bs16_drop0p2_temp2p0_a0p25_b0p05__wd1e-04trmiss0_degmodglobal,7,0.6401953846216202,1.1100361347198486,0.5,0.6203754578754579,0.5384615384615384,0.0,0.6635030955076218,0.6174110174179077,0.06647330056875944,0.12332037650048733,0.0,0.0,0.0,0.0,0.0,18473,global,0.0
4,3,lr5e-05_bs16_drop0p2_temp2p0_a0p25_b0p05__wd1e-04trmiss0_degmodglobal,16,5e-05,0.0001,0.2,2.0,0.25,0.05,lr5e-05_bs16_drop0p2_temp2p0_a0p25_b0p05__wd1e-04trmiss0_degmodglobal,8,0.6091862618923187,1.1127681732177734,0.5,0.6099587912087912,0.6153846153846154,0.0,0.6410124450922012,0.585216149687767,0.06831660587340593,0.13781906105577946,0.0,0.0,0.0,0.0,0.0,18473,global,0.0
4,3,lr5e-05_bs16_drop0p2_temp2p0_a0p25_b0p05__wd1e-04trmiss0_degmodglobal,16,5e-05,0.0001,0.2,2.0,0.25,0.05,lr5e-05_bs16_drop0p2_temp2p0_a0p25_b0p05__wd1e-04trmiss0_degmodglobal,9,0.6105702966451645,1.1243314743041992,0.5,0.6099587912087912,0.6153846153846154,0.0,0.6546731442213058,0.5883414000272751,0.058320277370512486,0.15297676995396614,0.0,0.0,0.0,0.0,0.0,18473,global,0.0
4,3,lr5e-05_bs16_drop0p2_temp2p0_a0p25_b0p05__wd1e-04trmiss0_degmodglobal,16,5e-05,0.0001,0.2,2.0,0.25,0.05,lr5e-05_bs16_drop0p2_temp2p0_a0p25_b0p05__wd1e-04trmiss0_degmodglobal,10,0.6112005710601807,1.0871504545211792,0.5,0.6099587912087912,0.6153846153846154,0.0,0.6448745280504227,0.5926031023263931,0.05453103221952915,0.09929420053958893,0.0,0.0,0.0,0.0,0.0,18473,global,0.0
4,3,lr5e-05_bs16_drop0p2_temp2p0_a0p25_b0p05__wd1e-04trmiss0_degmodglobal,16,5e-05,0.0001,0.2,2.0,0.25,0.05,lr5e-05_bs16_drop0p2_temp2p0_a0p25_b0p05__wd1e-04trmiss0_degmodglobal,11,0.6168146133422852,1.1057839393615723,0.5,0.6099587912087912,0.6153846153846154,0.0,0.6489679962396622,0.590948298573494,0.07370642013847828,0.14879440516233444,0.0,0.0,0.0,0.0,0.0,18473,global,0.0
4,3,lr5e-05_bs16_drop0p2_temp2p0_a0p25_b0p05__wd1e-04trmiss0_degmodglobal,16,5e-05,0.0001,0.2,2.0,0.25,0.05,lr5e-05_bs16_drop0p2_temp2p0_a0p25_b0p05__wd1e-04trmiss0_degmodglobal,12,0.6139017194509506,1.0855287313461304,0.5,0.6099587912087912,0.6153846153846154,0.0,0.6518045514822006,0.5941278338432312,0.053859236650168896,0.12618175894021988,0.0,0.0,0.0,0.0,0.0,18473,global,0.0
4,3,lr5e-05_bs16_drop0p2_temp2p0_a0p25_b0p05__wd1e-04trmiss0_degmodglobal,16,5e-05,0.0001,0.2,2.0,0.25,0.05,lr5e-05_bs16_drop0p2_temp2p0_a0p25_b0p05__wd1e-04trmiss0_degmodglobal,13,0.591704323887825,1.0958064794540405,0.5,0.6099587912087912,0.6923076923076923,0.0,0.6389348208904266,0.568958044052124,0.0615009181201458,0.14742088317871094,0.0,0.0,0.0,0.0,0.0,18473,global,0.0
4,3,lr5e-05_bs16_drop0p2_temp2p0_a0p25_b0p05__wd1e-04trmiss0_degmodglobal,16,5e-05,0.0001,0.2,2.0,0.25,0.05,lr5e-05_bs16_drop0p2_temp2p0_a0p25_b0p05__wd1e-04trmiss0_degmodglobal,14,0.5954202264547348,1.1044809818267822,0.5,0.6099587912087912,0.6923076923076923,0.0,0.6257033199071884,0.5736449509859085,0.06432139687240124,0.11389839462935925,0.0,0.0,0.0,0.0,0.0,18473,global,0.0
4,3,lr5e-05_bs16_drop0p2_temp2p0_a0p25_b0p05__wd1e-04trmiss0_degmodglobal,16,5e-05,0.0001,0.2,2.0,0.25,0.05,lr5e-05_bs16_drop0p2_temp2p0_a0p25_b0p05__wd1e-04trmiss0_degmodglobal,15,0.5784227699041367,1.10542631149292,0.5,0.6099587912087912,0.6923076923076923,0.0,0.6127301305532455,0.5546883046627045,0.06913491431623697,0.12901433929800987,0.0,0.0,0.0,0.0,0.0,18473,global,0.0
4,3,lr5e-05_bs16_drop0p2_temp2p0_a0p25_b0p05__wd1e-04trmiss0_degmodglobal,16,5e-05,0.0001,0.2,2.0,0.25,0.05,lr5e-05_bs16_drop0p2_temp2p0_a0p25_b0p05__wd1e-04trmiss0_degmodglobal,16,0.580630749464035,1.0702581405639648,0.5,0.6099587912087912,0.6923076923076923,0.0,0.6291673481464386,0.5554072111845016,0.07208297215402126,0.1440555825829506,0.0,0.0,0.0,0.0,0.0,18473,global,0.0
4,3,lr5e-05_bs16_drop0p2_temp2p0_a0p25_b0p05__wd1e-04trmiss0_degmodglobal,16,5e-05,0.0001,0.2,2.0,0.25,0.05,lr5e-05_bs16_drop0p2_temp2p0_a0p25_b0p05__wd1e-04trmiss0_degmodglobal,17,0.5849615335464478,1.0936418771743774,0.5,0.6099587912087912,0.6923076923076923,0.0,0.6141725778579712,0.56389319896698,0.059472594410181046,0.12400355562567711,0.0,0.0,0.0,0.0,0.0,18473,global,0.0
4,3,lr5e-05_bs16_drop0p2_temp2p0_a0p25_b0p05__wd1e-04trmiss0_degmodglobal,16,5e-05,0.0001,0.2,2.0,0.25,0.05,lr5e-05_bs16_drop0p2_temp2p0_a0p25_b0p05__wd1e-04trmiss0_degmodglobal,18,0.5917360037565231,1.071993112564087,0.5,0.6099587912087912,0.6923076923076923,0.0,0.649513453245163,0.5700743198394775,0.06281391438096762,0.11916462145745754,0.0,0.0,0.0,0.0,0.0,18473,global,0.0
4,3,lr5e-05_bs16_drop0p2_temp2p0_a0p25_b0p05__wd1e-04trmiss0_degmodglobal,16,5e-05,0.0001,0.2,2.0,0.25,0.05,lr5e-05_bs16_drop0p2_temp2p0_a0p25_b0p05__wd1e-04trmiss0_degmodglobal,19,0.5555902719497681,1.081628441810608,0.5,0.6099587912087912,0.6923076923076923,0.0,0.6073939800262451,0.5340369641780853,0.06393321882933378,0.1114001851528883,0.0,0.0,0.0,0.0,0.0,18473,global,0.0
4,3,lr5e-05_bs16_drop0p2_temp2p0_a0p25_b0p05__wd1e-04trmiss0_degmodglobal,16,5e-05,0.0001,0.2,2.0,0.25,0.05,lr5e-05_bs16_drop0p2_temp2p0_a0p25_b0p05__wd1e-04trmiss0_degmodglobal,20,0.5607661455869675,1.102334976196289,0.5,0.6099587912087912,0.6923076923076923,0.0,0.6072912216186523,0.5400741323828697,0.059321651235222816,0.11723238788545132,0.0,0.0,0.0,0.0,0.0,18473,global,0.0
4,3,lr5e-05_bs16_drop0p2_temp2p0_a0p25_b0p05__wd1e-04trmiss0_degmodglobal,16,5e-05,0.0001,0.2,2.0,0.25,0.05,lr5e-05_bs16_drop0p2_temp2p0_a0p25_b0p05__wd1e-04trmiss0_degmodglobal,21,0.5477604418992996,1.0046411752700806,0.5,0.6099587912087912,0.6923076923076923,0.0,0.6147430092096329,0.5230899304151535,0.06902850046753883,0.14826766774058342,0.0,0.0,0.0,0.0,0.0,18473,global,0.0
4,3,lr5e-05_bs16_drop0p2_temp2p0_a0p25_b0p05__wd1e-04trmiss0_degmodglobal,16,5e-05,0.0001,0.2,2.0,0.25,0.05,lr5e-05_bs16_drop0p2_temp2p0_a0p25_b0p05__wd1e-04trmiss0_degmodglobal,22,0.6091528981924057,1.0377635955810547,0.5,0.6099587912087912,0.6923076923076923,0.0,0.6142111420631409,0.5820152908563614,0.07401406019926071,0.17268166318535805,0.0,0.0,0.0,0.0,0.0,18473,global,0.0
4,3,lr5e-05_bs16_drop0p2_temp2p0_a0p25_b0p05__wd1e-04trmiss0_degmodglobal,16,5e-05,0.0001,0.2,2.0,0.25,0.05,lr5e-05_bs16_drop0p2_temp2p0_a0p25_b0p05__wd1e-04trmiss0_degmodglobal,23,0.5821143835783005,1.0602632761001587,0.525,0.6196810134310133,0.6923076923076923,0.0,0.5991242825984955,0.5559453815221786,0.07603493891656399,0.14320528879761696,0.0,0.0,0.0,0.0,0.0,18473,global,0.0
4,3,lr5e-05_bs16_drop0p2_temp2p0_a0p25_b0p05__wd1e-04trmiss0_degmodglobal,16,5e-05,0.0001,0.2,2.0,0.25,0.05,lr5e-05_bs16_drop0p2_temp2p0_a0p25_b0p05__wd1e-04trmiss0_degmodglobal,24,0.5610342025756836,1.0866540670394897,0.525,0.6196810134310133,0.6923076923076923,0.0,0.5995021462440491,0.536804661154747,0.07332107611000538,0.11798531748354435,0.0,0.0,0.0,0.0,0.0,18473,global,0.0
4,3,lr5e-05_bs16_drop0p2_temp2p0_a0p25_b0p05__wd1e-04trmiss0_degmodglobal,16,5e-05,0.0001,0.2,2.0,0.25,0.05,lr5e-05_bs16_drop0p2_temp2p0_a0p25_b0p05__wd1e-04trmiss0_degmodglobal,25,0.5506442785263062,1.0950137376785278,0.525,0.6196810134310133,0.6923076923076923,0.0,0.5784475207328796,0.5262226909399033,0.0774327740073204,0.10126800648868084,0.0,0.0,0.0,0.0,0.0,18473,global,0.0
4,3,lr5e-05_bs16_drop0p4_temp1p0_a0p25_b0p05__wd1e-04trmiss0_degmodglobal,16,5e-05,0.0001,0.4,1.0,0.25,0.05,lr5e-05_bs16_drop0p4_temp1p0_a0p25_b0p05__wd1e-04trmiss0_degmodglobal,1,0.7688396871089935,0.6640874743461609,0.45,0.7113251332001332,0.5384615384615384,0.0,0.7056424766778946,0.7424897104501724,0.05650338623672724,0.24448205903172493,0.0,0.0,0.0,0.0,0.0,18473,global,0.0
4,3,lr5e-05_bs16_drop0p4_temp1p0_a0p25_b0p05__wd1e-04trmiss0_degmodglobal,16,5e-05,0.0001,0.4,1.0,0.25,0.05,lr5e-05_bs16_drop0p4_temp1p0_a0p25_b0p05__wd1e-04trmiss0_degmodglobal,2,0.7050928026437759,0.663571298122406,0.5,0.7544798951048951,0.5384615384615384,0.0,0.6970990896224976,0.6761742234230042,0.07201838307082653,0.2182796597480774,0.0,0.0,0.0,0.0,0.0,18473,global,0.0
4,3,lr5e-05_bs16_drop0p4_temp1p0_a0p25_b0p05__wd1e-04trmiss0_degmodglobal,16,5e-05,0.0001,0.4,1.0,0.25,0.05,lr5e-05_bs16_drop0p4_temp1p0_a0p25_b0p05__wd1e-04trmiss0_degmodglobal,3,0.7359270453453064,0.667561948299408,0.47500000000000003,0.7312160062160062,0.5384615384615384,0.0,0.6816848665475845,0.7107736468315125,0.055156572721898556,0.22728484496474266,0.0,0.0,0.0,0.0,0.0,18473,global,0.0
4,3,lr5e-05_bs16_drop0p4_temp1p0_a0p25_b0p05__wd1e-04trmiss0_degmodglobal,16,5e-05,0.0001,0.4,1.0,0.25,0.05,lr5e-05_bs16_drop0p4_temp1p0_a0p25_b0p05__wd1e-04trmiss0_degmodglobal,4,0.7196355760097504,0.6705101132392883,0.47500000000000003,0.7312160062160062,0.5384615384615384,0.0,0.6564417332410812,0.6873375773429871,0.08143910206854343,0.2387644425034523,0.0,0.0,0.0,0.0,0.0,18473,global,0.0
4,3,lr5e-05_bs16_drop0p4_temp1p0_a0p25_b0p05__wd1e-04trmiss0_degmodglobal,16,5e-05,0.0001,0.4,1.0,0.25,0.05,lr5e-05_bs16_drop0p4_temp1p0_a0p25_b0p05__wd1e-04trmiss0_degmodglobal,5,0.7097098678350449,0.6766718626022339,0.47500000000000003,0.7312160062160062,0.5384615384615384,0.0,0.6184772700071335,0.6802683770656586,0.07124642468988895,0.23259755596518517,0.0,0.0,0.0,0.0,0.0,18473,global,0.0
4,3,lr5e-05_bs16_drop0p4_temp1p0_a0p25_b0p05__wd1e-04trmiss0_degmodglobal,16,5e-05,0.0001,0.4,1.0,0.25,0.05,lr5e-05_bs16_drop0p4_temp1p0_a0p25_b0p05__wd1e-04trmiss0_degmodglobal,6,0.6951269060373306,0.6802573800086975,0.47500000000000003,0.7312160062160062,0.46153846153846156,0.0,0.6178620755672455,0.6614066809415817,0.08113859593868256,0.26871076598763466,0.0,0.0,0.0,0.0,0.0,18473,global,0.0
4,3,lr5e-05_bs16_drop0p4_temp1p0_a0p25_b0p05__wd1e-04trmiss0_degmodglobal,16,5e-05,0.0001,0.4,1.0,0.25,0.05,lr5e-05_bs16_drop0p4_temp1p0_a0p25_b0p05__wd1e-04trmiss0_degmodglobal,7,0.6963264793157578,0.6811583638191223,0.42499999999999993,0.6957993395493396,0.38461538461538464,0.0,0.6172188371419907,0.6636740565299988,0.07810233626514673,0.26253654807806015,0.0,0.0,0.0,0.0,0.0,18473,global,0.0
4,3,lr5e-05_bs16_drop0p4_temp1p0_a0p25_b0p05__wd1e-04trmiss0_degmodglobal,16,5e-05,0.0001,0.4,1.0,0.25,0.05,lr5e-05_bs16_drop0p4_temp1p0_a0p25_b0p05__wd1e-04trmiss0_degmodglobal,8,0.6837385296821594,0.6844987869262695,0.39999999999999997,0.654132672882673,0.38461538461538464,0.0,0.628340095281601,0.6536630243062973,0.07141620479524136,0.24442901834845543,0.0,0.0,0.0,0.0,0.0,18473,global,0.0
4,3,lr5e-05_bs16_drop0p4_temp1p0_a0p25_b0p05__wd1e-04trmiss0_degmodglobal,16,5e-05,0.0001,0.4,1.0,0.25,0.05,lr5e-05_bs16_drop0p4_temp1p0_a0p25_b0p05__wd1e-04trmiss0_degmodglobal,9,0.6942797750234604,0.6789485216140747,0.425,0.6628132284382284,0.46153846153846156,0.0,0.5808416903018951,0.6571743488311768,0.08650987036526203,0.3095589354634285,0.0,0.0,0.0,0.0,0.0,18473,global,0.0
4,3,lr5e-05_bs16_drop0p4_temp1p0_a0p25_b0p05__wd1e-04trmiss0_degmodglobal,16,5e-05,0.0001,0.4,1.0,0.25,0.05,lr5e-05_bs16_drop0p4_temp1p0_a0p25_b0p05__wd1e-04trmiss0_degmodglobal,10,0.675035372376442,0.6754394173622131,0.425,0.6628132284382284,0.46153846153846156,0.0,0.6073222607374191,0.6468462944030762,0.07016617991030216,0.2129505816847086,0.0,0.0,0.0,0.0,0.0,18473,global,0.0
4,3,lr5e-05_bs16_drop0p4_temp1p0_a0p25_b0p05__wd1e-04trmiss0_degmodglobal,16,5e-05,0.0001,0.4,1.0,0.25,0.05,lr5e-05_bs16_drop0p4_temp1p0_a0p25_b0p05__wd1e-04trmiss0_degmodglobal,11,0.6560057550668716,0.6750956773757935,0.425,0.6577266483516484,0.46153846153846156,0.0,0.6001132875680923,0.6217754036188126,0.08388993516564369,0.26515746861696243,0.0,0.0,0.0,0.0,0.0,18473,global,0.0
4,3,lr5e-05_bs16_drop0p4_temp1p0_a0p25_b0p05__wd1e-04trmiss0_degmodglobal,16,5e-05,0.0001,0.4,1.0,0.25,0.05,lr5e-05_bs16_drop0p4_temp1p0_a0p25_b0p05__wd1e-04trmiss0_degmodglobal,12,0.6594275683164597,0.6757963299751282,0.45,0.6764766483516484,0.46153846153846156,0.0,0.6173159927129745,0.6145726442337036,0.10068577714264393,0.3936689496040344,0.0,0.0,0.0,0.0,0.0,18473,global,0.0
4,3,lr5e-05_bs16_drop0p4_temp1p0_a0p25_b0p05__wd1e-04trmiss0_degmodglobal,16,5e-05,0.0001,0.4,1.0,0.25,0.05,lr5e-05_bs16_drop0p4_temp1p0_a0p25_b0p05__wd1e-04trmiss0_degmodglobal,13,0.6722337454557419,0.6726871132850647,0.47500000000000003,0.6831054362304363,0.46153846153846156,0.0,0.5659622848033905,0.6298519223928452,0.10921219922602177,0.30157510191202164,0.0,0.0,0.0,0.0,0.0,18473,global,0.0
4,3,lr5e-05_bs16_drop0p4_temp1p0_a0p25_b0p05__wd1e-04trmiss0_degmodglobal,16,5e-05,0.0001,0.4,1.0,0.25,0.05,lr5e-05_bs16_drop0p4_temp1p0_a0p25_b0p05__wd1e-04trmiss0_degmodglobal,14,0.6653866320848465,0.6731165647506714,0.47500000000000003,0.6831054362304363,0.46153846153846156,0.0,0.5869844257831573,0.6336970031261444,0.08409126847982407,0.21333659812808037,0.0,0.0,0.0,0.0,0.0,18473,global,0.0
4,3,lr5e-05_bs16_drop0p4_temp1p0_a0p25_b0p05__wd1e-04trmiss0_degmodglobal,16,5e-05,0.0001,0.4,1.0,0.25,0.05,lr5e-05_bs16_drop0p4_temp1p0_a0p25_b0p05__wd1e-04trmiss0_degmodglobal,15,0.6513425707817078,0.6714159846305847,0.47500000000000003,0.6831054362304363,0.46153846153846156,0.0,0.558297835290432,0.6073973476886749,0.11032053269445896,0.3273019678890705,0.0,0.0,0.0,0.0,0.0,18473,global,0.0
4,3,lr5e-05_bs16_drop0p4_temp1p0_a0p25_b0p05__wd1e-04trmiss0_degmodglobal,16,5e-05,0.0001,0.4,1.0,0.25,0.05,lr5e-05_bs16_drop0p4_temp1p0_a0p25_b0p05__wd1e-04trmiss0_degmodglobal,16,0.6752276122570038,0.6650221347808838,0.47500000000000003,0.6831054362304363,0.46153846153846156,0.0,0.5658139660954475,0.6287519484758377,0.11817492265254259,0.33863845467567444,0.0,0.0,0.0,0.0,0.0,18473,global,0.0
4,3,lr5e-05_bs16_drop0p4_temp1p0_a0p25_b0p05__wd1e-04trmiss0_degmodglobal,16,5e-05,0.0001,0.4,1.0,0.25,0.05,lr5e-05_bs16_drop0p4_temp1p0_a0p25_b0p05__wd1e-04trmiss0_degmodglobal,17,0.6371048241853714,0.6649439334869385,0.5,0.6914387695637696,0.46153846153846156,0.0,0.5651712864637375,0.6095277667045593,0.07204510271549225,0.19131569378077984,0.0,0.0,0.0,0.0,0.0,18473,global,0.0
4,3,lr5e-05_bs16_drop0p4_temp1p0_a0p25_b0p05__wd1e-04trmiss0_degmodglobal,16,5e-05,0.0001,0.4,1.0,0.25,0.05,lr5e-05_bs16_drop0p4_temp1p0_a0p25_b0p05__wd1e-04trmiss0_degmodglobal,18,0.6536393016576767,0.6630073189735413,0.5249999999999999,0.7033435314685315,0.46153846153846156,0.0,0.5893493890762329,0.6077923327684402,0.11484618298709393,0.3427092917263508,0.0,0.0,0.0,0.0,0.0,18473,global,0.0
4,3,lr5e-05_bs16_drop0p4_temp1p0_a0p25_b0p05__wd1e-04trmiss0_degmodglobal,16,5e-05,0.0001,0.4,1.0,0.25,0.05,lr5e-05_bs16_drop0p4_temp1p0_a0p25_b0p05__wd1e-04trmiss0_degmodglobal,19,0.6335886120796204,0.6630213856697083,0.5249999999999999,0.7033435314685315,0.46153846153846156,0.0,0.5840825885534286,0.588717132806778,0.11963068135082722,0.29927609860897064,0.0,0.0,0.0,0.0,0.0,18473,global,0.0
4,3,lr5e-05_bs16_drop0p4_temp1p0_a0p25_b0p05__wd1e-04trmiss0_degmodglobal,16,5e-05,0.0001,0.4,1.0,0.25,0.05,lr5e-05_bs16_drop0p4_temp1p0_a0p25_b0p05__wd1e-04trmiss0_degmodglobal,20,0.6530318707227707,0.6650999188423157,0.5,0.6950101981351982,0.46153846153846156,0.0,0.5672526955604553,0.6241631060838699,0.07457329425960779,0.20450876839458942,0.0,0.0,0.0,0.0,0.0,18473,global,0.0
4,3,lr5e-05_bs16_drop0p4_temp1p0_a0p25_b0p05__wd1e-04trmiss0_degmodglobal,16,5e-05,0.0001,0.4,1.0,0.25,0.05,lr5e-05_bs16_drop0p4_temp1p0_a0p25_b0p05__wd1e-04trmiss0_degmodglobal,21,0.6376315355300903,0.6651419997215271,0.5,0.6950101981351982,0.46153846153846156,0.0,0.5757632404565811,0.6013454496860504,0.10302031971514225,0.2106204889714718,0.0,0.0,0.0,0.0,0.0,18473,global,0.0
4,3,lr5e-05_bs16_drop0p4_temp1p0_a0p25_b0p05__wd1e-04trmiss0_degmodglobal,16,5e-05,0.0001,0.4,1.0,0.25,0.05,lr5e-05_bs16_drop0p4_temp1p0_a0p25_b0p05__wd1e-04trmiss0_degmodglobal,22,0.6685417145490646,0.6659647226333618,0.5,0.6950101981351982,0.46153846153846156,0.0,0.5322601497173309,0.6300808936357498,0.09509084932506084,0.29376209527254105,0.0,0.0,0.0,0.0,0.0,18473,global,0.0
4,3,lr5e-05_bs16_drop0p4_temp1p0_a0p25_b0p05__wd1e-04trmiss0_degmodglobal,16,5e-05,0.0001,0.4,1.0,0.25,0.05,lr5e-05_bs16_drop0p4_temp1p0_a0p25_b0p05__wd1e-04trmiss0_degmodglobal,23,0.6508665084838867,0.6638634204864502,0.5,0.6950101981351982,0.46153846153846156,0.0,0.5306109338998795,0.6134402900934219,0.09239416942000389,0.2865530773997307,0.0,0.0,0.0,0.0,0.0,18473,global,0.0
4,3,lr5e-05_bs16_drop0p4_temp1p0_a0p25_b0p05__wd1e-04trmiss0_degmodglobal,16,5e-05,0.0001,0.4,1.0,0.25,0.05,lr5e-05_bs16_drop0p4_temp1p0_a0p25_b0p05__wd1e-04trmiss0_degmodglobal,24,0.6414792686700821,0.6627103686332703,0.5,0.6950101981351982,0.46153846153846156,0.0,0.5723306387662888,0.6078489720821381,0.09139889292418957,0.21561161428689957,0.0,0.0,0.0,0.0,0.0,18473,global,0.0
4,3,lr5e-05_bs16_drop0p4_temp1p0_a0p25_b0p05__wd1e-04trmiss0_degmodglobal,16,5e-05,0.0001,0.4,1.0,0.25,0.05,lr5e-05_bs16_drop0p4_temp1p0_a0p25_b0p05__wd1e-04trmiss0_degmodglobal,25,0.6365196853876114,0.6629517674446106,0.5249999999999999,0.7033435314685315,0.46153846153846156,0.0,0.5454254150390625,0.594922199845314,0.11630326509475708,0.25043365731835365,0.0,0.0,0.0,0.0,0.0,18473,global,0.0
4,3,lr5e-05_bs16_drop0p4_temp1p0_a0p25_b0p05__wd1e-04trmiss0_degmodglobal,16,5e-05,0.0001,0.4,1.0,0.25,0.05,lr5e-05_bs16_drop0p4_temp1p0_a0p25_b0p05__wd1e-04trmiss0_degmodglobal,26,0.6363669186830521,0.6633074283599854,0.5249999999999999,0.7033435314685315,0.46153846153846156,0.0,0.5149663686752319,0.5994759500026703,0.10197039134800434,0.22796766087412834,0.0,0.0,0.0,0.0,0.0,18473,global,0.0
4,3,lr5e-05_bs16_drop0p4_temp1p0_a0p25_b0p05__wd1e-04trmiss0_degmodglobal,16,5e-05,0.0001,0.4,1.0,0.25,0.05,lr5e-05_bs16_drop0p4_temp1p0_a0p25_b0p05__wd1e-04trmiss0_degmodglobal,27,0.6411545127630234,0.6631837487220764,0.5,0.6950101981351982,0.46153846153846156,0.0,0.5488851219415665,0.6005883812904358,0.10556313209235668,0.28350721299648285,0.0,0.0,0.0,0.0,0.0,18473,global,0.0
4,3,lr5e-05_bs16_drop0p4_temp1p0_a0p25_b0p05__wd1e-04trmiss0_degmodglobal,16,5e-05,0.0001,0.4,1.0,0.25,0.05,lr5e-05_bs16_drop0p4_temp1p0_a0p25_b0p05__wd1e-04trmiss0_degmodglobal,28,0.6565835028886795,0.6641936898231506,0.475,0.6863296425796426,0.46153846153846156,0.0,0.5472874641418457,0.6220712214708328,0.09139995742589235,0.23324581235647202,0.0,0.0,0.0,0.0,0.0,18473,global,0.0
4,3,lr5e-05_bs16_drop0p4_temp1p0_a0p25_b0p05__wd1e-04trmiss0_degmodglobal,16,5e-05,0.0001,0.4,1.0,0.25,0.05,lr5e-05_bs16_drop0p4_temp1p0_a0p25_b0p05__wd1e-04trmiss0_degmodglobal,29,0.6370355933904648,0.6667454242706299,0.475,0.6863296425796426,0.46153846153846156,0.0,0.5572518110275269,0.5972879827022552,0.09747900441288948,0.3075569085776806,0.0,0.0,0.0,0.0,0.0,18473,global,0.0
4,3,lr5e-05_bs16_drop0p4_temp1p0_a0p25_b0p05__wd1e-04trmiss0_degmodglobal,16,5e-05,0.0001,0.4,1.0,0.25,0.05,lr5e-05_bs16_drop0p4_temp1p0_a0p25_b0p05__wd1e-04trmiss0_degmodglobal,30,0.6361424922943115,0.6688719987869263,0.475,0.6863296425796426,0.46153846153846156,0.0,0.5383569747209549,0.5895146280527115,0.10194191336631775,0.42284760624170303,0.0,0.0,0.0,0.0,0.0,18473,global,0.0
4,3,lr5e-05_bs16_drop0p4_temp1p0_a0p25_b0p05__wd1e-04trmiss0_degmodglobal,16,5e-05,0.0001,0.4,1.0,0.25,0.05,lr5e-05_bs16_drop0p4_temp1p0_a0p25_b0p05__wd1e-04trmiss0_degmodglobal,31,0.6336783319711685,0.6683081388473511,0.475,0.6863296425796426,0.46153846153846156,0.0,0.5347142219543457,0.5899012386798859,0.10764469858258963,0.3373185694217682,0.0,0.0,0.0,0.0,0.0,18473,global,0.0
4,3,lr5e-05_bs16_drop0p4_temp1p0_a0p25_b0p05__wd1e-04trmiss0_degmodglobal,16,5e-05,0.0001,0.4,1.0,0.25,0.05,lr5e-05_bs16_drop0p4_temp1p0_a0p25_b0p05__wd1e-04trmiss0_degmodglobal,32,0.6366540044546127,0.6667848229408264,0.475,0.6863296425796426,0.46153846153846156,0.0,0.5305271744728088,0.5949517786502838,0.10285462625324726,0.319771446287632,0.0,0.0,0.0,0.0,0.0,18473,global,0.0
4,3,lr5e-05_bs16_drop0p4_temp1p0_a0p25_b0p05__wd1e-04trmiss0_degmodglobal,16,5e-05,0.0001,0.4,1.0,0.25,0.05,lr5e-05_bs16_drop0p4_temp1p0_a0p25_b0p05__wd1e-04trmiss0_degmodglobal,33,0.6492777317762375,0.668883740901947,0.475,0.6863296425796426,0.46153846153846156,0.0,0.5333390384912491,0.613725557923317,0.09043384343385696,0.2588738948106766,0.0,0.0,0.0,0.0,0.0,18473,global,0.0
4,3,lr5e-05_bs16_drop0p4_temp1p0_a0p25_b0p05__wd1e-04trmiss0_degmodglobal,16,5e-05,0.0001,0.4,1.0,0.25,0.05,lr5e-05_bs16_drop0p4_temp1p0_a0p25_b0p05__wd1e-04trmiss0_degmodglobal,34,0.6199019253253937,0.6696470379829407,0.5,0.6950101981351982,0.46153846153846156,0.0,0.5402272865176201,0.5841375440359116,0.09359841607511044,0.24729568511247635,0.0,0.0,0.0,0.0,0.0,18473,global,0.0
4,3,lr5e-05_bs16_drop0p4_temp1p0_a0p25_b0p05__wd1e-04trmiss0_degmodglobal,16,5e-05,0.0001,0.4,1.0,0.25,0.05,lr5e-05_bs16_drop0p4_temp1p0_a0p25_b0p05__wd1e-04trmiss0_degmodglobal,35,0.6127409189939499,0.6690670847892761,0.5,0.6950101981351982,0.46153846153846156,0.0,0.5217539817094803,0.5771253257989883,0.09066394809633493,0.2589920572936535,0.0,0.0,0.0,0.0,0.0,18473,global,0.0
4,3,lr5e-05_bs16_drop0p4_temp1p0_a0p25_b0p05__wd1e-04trmiss0_degmodglobal,16,5e-05,0.0001,0.4,1.0,0.25,0.05,lr5e-05_bs16_drop0p4_temp1p0_a0p25_b0p05__wd1e-04trmiss0_degmodglobal,36,0.6278570145368576,0.6694067716598511,0.475,0.6762601981351981,0.46153846153846156,0.0,0.5242686569690704,0.5913348346948624,0.09817872941493988,0.23955005034804344,0.0,0.0,0.0,0.0,0.0,18473,global,0.0
4,3,lr5e-05_bs16_drop0p4_temp1p0_a0p25_b0p05__wd1e-04trmiss0_degmodglobal,16,5e-05,0.0001,0.4,1.0,0.25,0.05,lr5e-05_bs16_drop0p4_temp1p0_a0p25_b0p05__wd1e-04trmiss0_degmodglobal,37,0.6543242782354355,0.669829785823822,0.5,0.6950101981351982,0.46153846153846156,0.0,0.5253846868872643,0.6136633306741714,0.10977261699736118,0.2643560394644737,0.0,0.0,0.0,0.0,0.0,18473,global,0.0
4,3,lr5e-05_bs16_drop0p4_temp1p0_a0p25_b0p05__wd1e-04trmiss0_degmodglobal,16,5e-05,0.0001,0.4,1.0,0.25,0.05,lr5e-05_bs16_drop0p4_temp1p0_a0p25_b0p05__wd1e-04trmiss0_degmodglobal,38,0.6218865513801575,0.6667343378067017,0.5,0.6950101981351982,0.46153846153846156,0.0,0.5242824926972389,0.5817474573850632,0.10407083295285702,0.2824273966252804,0.0,0.0,0.0,0.0,0.0,18473,global,0.0
4,3,lr5e-05_bs16_drop0p4_temp1p0_a0p25_b0p05__wd1e-04trmiss0_degmodglobal,16,5e-05,0.0001,0.4,1.0,0.25,0.05,lr5e-05_bs16_drop0p4_temp1p0_a0p25_b0p05__wd1e-04trmiss0_degmodglobal,39,0.6511116623878479,0.6681509017944336,0.5,0.6950101981351982,0.46153846153846156,0.0,0.48990537226200104,0.6108592450618744,0.10552220046520233,0.27743732929229736,0.0,0.0,0.0,0.0,0.0,18473,global,0.0
4,3,lr5e-05_bs16_drop0p4_temp1p0_a0p25_b0p05__wd1e-04trmiss0_degmodglobal,16,5e-05,0.0001,0.4,1.0,0.25,0.05,lr5e-05_bs16_drop0p4_temp1p0_a0p25_b0p05__wd1e-04trmiss0_degmodglobal,40,0.6321709901094437,0.6689700484275818,0.5249999999999999,0.7033435314685315,0.46153846153846156,0.0,0.5377339869737625,0.601039782166481,0.07903687935322523,0.22743942588567734,0.0,0.0,0.0,0.0,0.0,18473,global,0.0
4,3,lr5e-05_bs16_drop0p4_temp1p0_a0p25_b0p05__wd1e-04trmiss0_degmodglobal,16,5e-05,0.0001,0.4,1.0,0.25,0.05,lr5e-05_bs16_drop0p4_temp1p0_a0p25_b0p05__wd1e-04trmiss0_degmodglobal,41,0.6461921334266663,0.6703638434410095,0.5249999999999999,0.7033435314685315,0.46153846153846156,0.0,0.5270811915397644,0.6102419942617416,0.0944468043744564,0.24676885455846786,0.0,0.0,0.0,0.0,0.0,18473,global,0.0
4,3,lr5e-05_bs16_drop0p4_temp1p0_a0p25_b0p05__wd1e-04trmiss0_degmodglobal,16,5e-05,0.0001,0.4,1.0,0.25,0.05,lr5e-05_bs16_drop0p4_temp1p0_a0p25_b0p05__wd1e-04trmiss0_degmodglobal,42,0.6221743822097778,0.6698243021965027,0.5249999999999999,0.7033435314685315,0.46153846153846156,0.0,0.5261899530887604,0.5858900845050812,0.09296977147459984,0.2608373463153839,0.0,0.0,0.0,0.0,0.0,18473,global,0.0
4,3,lr5e-05_bs16_drop0p4_temp1p0_a0p25_b0p05__wd1e-04trmiss0_degmodglobal,16,5e-05,0.0001,0.4,1.0,0.25,0.05,lr5e-05_bs16_drop0p4_temp1p0_a0p25_b0p05__wd1e-04trmiss0_degmodglobal,43,0.6762102693319321,0.6691450476646423,0.5,0.6950101981351982,0.46153846153846156,0.0,0.5019466802477837,0.6323148310184479,0.11484070122241974,0.30370529368519783,0.0,0.0,0.0,0.0,0.0,18473,global,0.0
4,3,lr5e-05_bs16_drop0p4_temp1p0_a0p25_b0p05__wd1e-04trmiss0_degmodglobal,16,5e-05,0.0001,0.4,1.0,0.25,0.05,lr5e-05_bs16_drop0p4_temp1p0_a0p25_b0p05__wd1e-04trmiss0_degmodglobal,44,0.6285529732704163,0.6663345694541931,0.5249999999999999,0.7033435314685315,0.46153846153846156,0.0,0.5363503992557526,0.5894713997840881,0.10411508940160275,0.26105590909719467,0.0,0.0,0.0,0.0,0.0,18473,global,0.0
4,3,lr5e-05_bs16_drop0p4_temp1p0_a0p25_b0p05__wd1e-04trmiss0_degmodglobal,16,5e-05,0.0001,0.4,1.0,0.25,0.05,lr5e-05_bs16_drop0p4_temp1p0_a0p25_b0p05__wd1e-04trmiss0_degmodglobal,45,0.6388382464647293,0.6685688495635986,0.5,0.6950101981351982,0.46153846153846156,0.0,0.5064891576766968,0.6035950630903244,0.08857940696179867,0.26196644455194473,0.0,0.0,0.0,0.0,0.0,18473,global,0.0
4,3,lr5e-05_bs16_drop0p4_temp2p0_a0p25_b0p05__wd1e-04trmiss0_degmodglobal,16,5e-05,0.0001,0.4,2.0,0.25,0.05,lr5e-05_bs16_drop0p4_temp2p0_a0p25_b0p05__wd1e-04trmiss0_degmodglobal,1,0.7403669953346252,0.7110838294029236,0.35,0.6603556166056166,0.3076923076923077,0.0,0.709489107131958,0.7170608341693878,0.057485537603497505,0.1786956563591957,0.0,0.0,0.0,0.0,0.0,18473,global,0.0
4,3,lr5e-05_bs16_drop0p4_temp2p0_a0p25_b0p05__wd1e-04trmiss0_degmodglobal,16,5e-05,0.0001,0.4,2.0,0.25,0.05,lr5e-05_bs16_drop0p4_temp2p0_a0p25_b0p05__wd1e-04trmiss0_degmodglobal,2,0.6731928139925003,0.7140573859214783,0.275,0.6396485458985459,0.3076923076923077,0.0,0.6441797018051147,0.6550616770982742,0.048496401868760586,0.12014071177691221,0.0,0.0,0.0,0.0,0.0,18473,global,0.0
4,3,lr5e-05_bs16_drop0p4_temp2p0_a0p25_b0p05__wd1e-04trmiss0_degmodglobal,16,5e-05,0.0001,0.4,2.0,0.25,0.05,lr5e-05_bs16_drop0p4_temp2p0_a0p25_b0p05__wd1e-04trmiss0_degmodglobal,3,0.7093640863895416,0.7152254581451416,0.275,0.6396485458985459,0.23076923076923078,0.0,0.6216660439968109,0.676610678434372,0.08540240861475468,0.22805671766400337,0.0,0.0,0.0,0.0,0.0,18473,global,0.0
4,3,lr5e-05_bs16_drop0p4_temp2p0_a0p25_b0p05__wd1e-04trmiss0_degmodglobal,16,5e-05,0.0001,0.4,2.0,0.25,0.05,lr5e-05_bs16_drop0p4_temp2p0_a0p25_b0p05__wd1e-04trmiss0_degmodglobal,4,0.6843424737453461,0.715802013874054,0.275,0.6069104506604506,0.3076923076923077,0.0,0.6952960342168808,0.6540469080209732,0.08928745705634356,0.15947389230132103,0.0,0.0,0.0,0.0,0.0,18473,global,0.0
4,3,lr5e-05_bs16_drop0p4_temp2p0_a0p25_b0p05__wd1e-04trmiss0_degmodglobal,16,5e-05,0.0001,0.4,2.0,0.25,0.05,lr5e-05_bs16_drop0p4_temp2p0_a0p25_b0p05__wd1e-04trmiss0_degmodglobal,5,0.7096532136201859,0.71770179271698,0.3,0.6055215617715618,0.3076923076923077,0.0,0.6270768344402313,0.6879800409078598,0.0561318751424551,0.1528039239346981,0.0,0.0,0.0,0.0,0.0,18473,global,0.0
4,3,lr5e-05_bs16_drop0p4_temp2p0_a0p25_b0p05__wd1e-04trmiss0_degmodglobal,16,5e-05,0.0001,0.4,2.0,0.25,0.05,lr5e-05_bs16_drop0p4_temp2p0_a0p25_b0p05__wd1e-04trmiss0_degmodglobal,6,0.7082285583019257,0.7204843163490295,0.30000000000000004,0.5519501332001333,0.46153846153846156,0.0,0.6686843931674957,0.6780002564191818,0.08500945847481489,0.17951874062418938,0.0,0.0,0.0,0.0,0.0,18473,global,0.0
4,3,lr5e-05_bs16_drop0p4_temp2p0_a0p25_b0p05__wd1e-04trmiss0_degmodglobal,16,5e-05,0.0001,0.4,2.0,0.25,0.05,lr5e-05_bs16_drop0p4_temp2p0_a0p25_b0p05__wd1e-04trmiss0_degmodglobal,7,0.693455308675766,0.7211630344390869,0.325,0.5638548951048952,0.46153846153846156,0.0,0.6483232229948044,0.662653237581253,0.08105975575745106,0.21074282005429268,0.0,0.0,0.0,0.0,0.0,18473,global,0.0
4,3,lr5e-05_bs16_drop0p4_temp2p0_a0p25_b0p05__wd1e-04trmiss0_degmodglobal,16,5e-05,0.0001,0.4,2.0,0.25,0.05,lr5e-05_bs16_drop0p4_temp2p0_a0p25_b0p05__wd1e-04trmiss0_degmodglobal,8,0.6444114595651627,0.723749041557312,0.325,0.5638548951048952,0.46153846153846156,0.0,0.582649365067482,0.6158240735530853,0.08715988602489233,0.13594813272356987,0.0,0.0,0.0,0.0,0.0,18473,global,0.0
4,3,lr5e-05_bs16_drop0p4_temp2p0_a0p25_b0p05__wd1e-04trmiss0_degmodglobal,16,5e-05,0.0001,0.4,2.0,0.25,0.05,lr5e-05_bs16_drop0p4_temp2p0_a0p25_b0p05__wd1e-04trmiss0_degmodglobal,9,0.6519238352775574,0.7258195281028748,0.325,0.5638548951048952,0.5384615384615384,0.0,0.6050859540700912,0.6273103058338165,0.06320666801184416,0.17623714730143547,0.0,0.0,0.0,0.0,0.0,18473,global,0.0
4,3,lr5e-05_bs16_drop0p4_temp2p0_a0p25_b0p05__wd1e-04trmiss0_degmodglobal,16,5e-05,0.0001,0.4,2.0,0.25,0.05,lr5e-05_bs16_drop0p4_temp2p0_a0p25_b0p05__wd1e-04trmiss0_degmodglobal,10,0.6504509896039963,0.7285035252571106,0.325,0.5638548951048952,0.5384615384615384,0.0,0.6226017773151398,0.6265593320131302,0.06113747786730528,0.17214561253786087,0.0,0.0,0.0,0.0,0.0,18473,global,0.0
4,3,lr5e-05_bs16_drop0p4_temp2p0_a0p25_b0p05__wd1e-04trmiss0_degmodglobal,16,5e-05,0.0001,0.4,2.0,0.25,0.05,lr5e-05_bs16_drop0p4_temp2p0_a0p25_b0p05__wd1e-04trmiss0_degmodglobal,11,0.6372504383325577,0.7309680581092834,0.325,0.5638548951048952,0.46153846153846156,0.0,0.5944363623857498,0.6102103590965271,0.07447928283363581,0.168404808267951,0.0,0.0,0.0,0.0,0.0,18473,global,0.0
4,3,lr5e-05_bs16_drop0p4_temp2p0_a0p25_b0p05__wd1e-04trmiss0_degmodglobal,16,5e-05,0.0001,0.4,2.0,0.25,0.05,lr5e-05_bs16_drop0p4_temp2p0_a0p25_b0p05__wd1e-04trmiss0_degmodglobal,12,0.6298741102218628,0.7345571517944336,0.275,0.5311167998667999,0.46153846153846156,0.0,0.6132538765668869,0.608528733253479,0.05480508413165808,0.15288255363702774,0.0,0.0,0.0,0.0,0.0,18473,global,0.0
4,3,lr5e-05_bs16_drop0p4_temp2p0_a0p25_b0p05__wd1e-04trmiss0_degmodglobal,16,5e-05,0.0001,0.4,2.0,0.25,0.05,lr5e-05_bs16_drop0p4_temp2p0_a0p25_b0p05__wd1e-04trmiss0_degmodglobal,13,0.6263178139925003,0.730323076248169,0.32499999999999996,0.5467417998667999,0.46153846153846156,0.0,0.6103057563304901,0.5971201658248901,0.07945422641932964,0.1866818144917488,0.0,0.0,0.0,0.0,0.0,18473,global,0.0
4,3,lr5e-05_bs16_drop0p4_temp2p0_a0p25_b0p05__wd1e-04trmiss0_degmodglobal,16,5e-05,0.0001,0.4,2.0,0.25,0.05,lr5e-05_bs16_drop0p4_temp2p0_a0p25_b0p05__wd1e-04trmiss0_degmodglobal,14,0.6406825035810471,0.7291820645332336,0.32499999999999996,0.5467417998667999,0.46153846153846156,0.0,0.598615363240242,0.6089683622121811,0.08326444029808044,0.21796055138111115,0.0,0.0,0.0,0.0,0.0,18473,global,0.0
4,3,lr5e-05_bs16_drop0p4_temp2p0_a0p25_b0p05__wd1e-04trmiss0_degmodglobal,16,5e-05,0.0001,0.4,2.0,0.25,0.05,lr5e-05_bs16_drop0p4_temp2p0_a0p25_b0p05__wd1e-04trmiss0_degmodglobal,15,0.6115357875823975,0.7264326810836792,0.35,0.5586465617715618,0.46153846153846156,0.0,0.5923451036214828,0.576249286532402,0.09454066585749388,0.2330265436321497,0.0,0.0,0.0,0.0,0.0,18473,global,0.0
4,3,lr5e-05_bs16_drop0p4_temp2p0_a0p25_b0p05__wd1e-04trmiss0_degmodglobal,16,5e-05,0.0001,0.4,2.0,0.25,0.05,lr5e-05_bs16_drop0p4_temp2p0_a0p25_b0p05__wd1e-04trmiss0_degmodglobal,16,0.6429981142282486,0.7262978553771973,0.32499999999999996,0.5467417998667999,0.46153846153846156,0.0,0.5821780115365982,0.6123705953359604,0.07868147175759077,0.21914299577474594,0.0,0.0,0.0,0.0,0.0,18473,global,0.0
4,3,lr5e-05_bs16_drop0p4_temp2p0_a0p25_b0p05__wd1e-04trmiss0_degmodglobal,16,5e-05,0.0001,0.4,2.0,0.25,0.05,lr5e-05_bs16_drop0p4_temp2p0_a0p25_b0p05__wd1e-04trmiss0_degmodglobal,17,0.6236262768507004,0.7252252697944641,0.32499999999999996,0.5467417998667999,0.38461538461538464,0.0,0.5915067791938782,0.5941789299249649,0.074929378926754,0.21429984830319881,0.0,0.0,0.0,0.0,0.0,18473,global,0.0
4,3,lr5e-05_bs16_drop0p4_temp2p0_a0p25_b0p05__wd1e-04trmiss0_degmodglobal,16,5e-05,0.0001,0.4,2.0,0.25,0.05,lr5e-05_bs16_drop0p4_temp2p0_a0p25_b0p05__wd1e-04trmiss0_degmodglobal,18,0.6515693813562393,0.7261220216751099,0.35,0.5535599816849818,0.38461538461538464,0.0,0.5933686345815659,0.6255283206701279,0.0683205733075738,0.1792183220386505,0.0,0.0,0.0,0.0,0.0,18473,global,0.0
4,3,lr5e-05_bs16_drop0p4_temp2p0_a0p25_b0p05__wd1e-04trmiss0_degmodglobal,16,5e-05,0.0001,0.4,2.0,0.25,0.05,lr5e-05_bs16_drop0p4_temp2p0_a0p25_b0p05__wd1e-04trmiss0_degmodglobal,19,0.6757760047912598,0.7246949672698975,0.35,0.5535599816849818,0.46153846153846156,0.0,0.60171739757061,0.6374124437570572,0.09498121030628681,0.29236529767513275,0.0,0.0,0.0,0.0,0.0,18473,global,0.0
4,3,lr5e-05_bs16_drop0p4_temp2p0_a0p25_b0p05__wd1e-04trmiss0_degmodglobal,16,5e-05,0.0001,0.4,2.0,0.25,0.05,lr5e-05_bs16_drop0p4_temp2p0_a0p25_b0p05__wd1e-04trmiss0_degmodglobal,20,0.6248332560062408,0.7224417924880981,0.35,0.5535599816849818,0.38461538461538464,0.0,0.5754388272762299,0.5944633930921555,0.08439237251877785,0.18543550185859203,0.0,0.0,0.0,0.0,0.0,18473,global,0.0
4,3,lr5e-05_bs16_drop0p4_temp2p0_a0p25_b0p05__wd1e-04trmiss0_degmodglobal,16,5e-05,0.0001,0.4,2.0,0.25,0.05,lr5e-05_bs16_drop0p4_temp2p0_a0p25_b0p05__wd1e-04trmiss0_degmodglobal,21,0.6211528480052948,0.722708523273468,0.35,0.5535599816849818,0.46153846153846156,0.0,0.5776943042874336,0.5912268161773682,0.07706115674227476,0.21321492083370686,0.0,0.0,0.0,0.0,0.0,18473,global,0.0
4,3,lr5e-05_bs16_drop0p4_temp2p0_a0p25_b0p05__wd1e-04trmiss0_degmodglobal,16,5e-05,0.0001,0.4,2.0,0.25,0.05,lr5e-05_bs16_drop0p4_temp2p0_a0p25_b0p05__wd1e-04trmiss0_degmodglobal,22,0.6290276944637299,0.7223599553108215,0.35,0.5535599816849818,0.38461538461538464,0.0,0.5935965329408646,0.6041963547468185,0.06565285660326481,0.16836251318454742,0.0,0.0,0.0,0.0,0.0,18473,global,0.0
4,3,lr5e-05_bs16_drop0p4_temp2p0_a0p25_b0p05__wd1e-04trmiss0_degmodglobal,16,5e-05,0.0001,0.4,2.0,0.25,0.05,lr5e-05_bs16_drop0p4_temp2p0_a0p25_b0p05__wd1e-04trmiss0_degmodglobal,23,0.6257143318653107,0.7220066785812378,0.35,0.5535599816849818,0.46153846153846156,0.0,0.5792904794216156,0.5959242433309555,0.07971851341426373,0.19720909744501114,0.0,0.0,0.0,0.0,0.0,18473,global,0.0
4,3,lr5e-05_bs16_drop0p4_temp2p0_a0p25_b0p05__wd1e-04trmiss0_degmodglobal,16,5e-05,0.0001,0.4,2.0,0.25,0.05,lr5e-05_bs16_drop0p4_temp2p0_a0p25_b0p05__wd1e-04trmiss0_degmodglobal,24,0.6169162094593048,0.7207269668579102,0.375,0.5654647435897436,0.46153846153846156,0.0,0.5912205576896667,0.5925922095775604,0.06793208699673414,0.14681962691247463,0.0,0.0,0.0,0.0,0.0,18473,global,0.0
4,3,lr5e-05_bs16_drop0p4_temp2p0_a0p25_b0p05__wd1e-04trmiss0_degmodglobal,16,5e-05,0.0001,0.4,2.0,0.25,0.05,lr5e-05_bs16_drop0p4_temp2p0_a0p25_b0p05__wd1e-04trmiss0_degmodglobal,25,0.6127728372812271,0.7183039784431458,0.375,0.5654647435897436,0.46153846153846156,0.0,0.576256200671196,0.5776427090167999,0.10044485703110695,0.2003779485821724,0.0,0.0,0.0,0.0,0.0,18473,global,0.0
4,3,lr5e-05_bs16_drop0p4_temp2p0_a0p25_b0p05__wd1e-04trmiss0_degmodglobal,16,5e-05,0.0001,0.4,2.0,0.25,0.05,lr5e-05_bs16_drop0p4_temp2p0_a0p25_b0p05__wd1e-04trmiss0_degmodglobal,26,0.5993849337100983,0.716933012008667,0.35,0.5535599816849818,0.46153846153846156,0.0,0.556045338511467,0.5725803673267365,0.0789919700473547,0.1411311812698841,0.0,0.0,0.0,0.0,0.0,18473,global,0.0
4,3,lr5e-05_bs16_drop0p4_temp2p0_a0p25_b0p05__wd1e-04trmiss0_degmodglobal,16,5e-05,0.0001,0.4,2.0,0.25,0.05,lr5e-05_bs16_drop0p4_temp2p0_a0p25_b0p05__wd1e-04trmiss0_degmodglobal,27,0.630968302488327,0.7166579365730286,0.35,0.5535599816849818,0.46153846153846156,0.0,0.5800639539957047,0.6045263558626175,0.07683315500617027,0.14467310160398483,0.0,0.0,0.0,0.0,0.0,18473,global,0.0
4,3,lr5e-05_bs16_drop0p4_temp2p0_a0p25_b0p05__wd1e-04trmiss0_degmodglobal,16,5e-05,0.0001,0.4,2.0,0.25,0.05,lr5e-05_bs16_drop0p4_temp2p0_a0p25_b0p05__wd1e-04trmiss0_degmodglobal,28,0.6103662550449371,0.7164339423179626,0.39999999999999997,0.5766254578754578,0.46153846153846156,0.0,0.585194930434227,0.5830316692590714,0.07930561434477568,0.15016345586627722,0.0,0.0,0.0,0.0,0.0,18473,global,0.0
4,3,lr5e-05_bs16_drop0p4_temp2p0_a0p25_b0p05__wd1e-04trmiss0_degmodglobal,16,5e-05,0.0001,0.4,2.0,0.25,0.05,lr5e-05_bs16_drop0p4_temp2p0_a0p25_b0p05__wd1e-04trmiss0_degmodglobal,29,0.630569726228714,0.7190098762512207,0.35,0.5535599816849818,0.46153846153846156,0.0,0.5620938241481781,0.5976801067590714,0.09093701094388962,0.20310732908546925,0.0,0.0,0.0,0.0,0.0,18473,global,0.0
4,3,lr5e-05_bs16_drop0p4_temp2p0_a0p25_b0p05__wd1e-04trmiss0_degmodglobal,16,5e-05,0.0001,0.4,2.0,0.25,0.05,lr5e-05_bs16_drop0p4_temp2p0_a0p25_b0p05__wd1e-04trmiss0_degmodglobal,30,0.6018278151750565,0.7197480201721191,0.35,0.5535599816849818,0.46153846153846156,0.0,0.590579941868782,0.5774946212768555,0.07181285973638296,0.1275996919721365,0.0,0.0,0.0,0.0,0.0,18473,global,0.0
4,3,lr5e-05_bs16_drop0p4_temp2p0_a0p25_b0p05__wd1e-04trmiss0_degmodglobal,16,5e-05,0.0001,0.4,2.0,0.25,0.05,lr5e-05_bs16_drop0p4_temp2p0_a0p25_b0p05__wd1e-04trmiss0_degmodglobal,31,0.6089243143796921,0.7189996242523193,0.35,0.5535599816849818,0.46153846153846156,0.0,0.5584491193294525,0.580389216542244,0.083208910189569,0.15465769451111555,0.0,0.0,0.0,0.0,0.0,18473,global,0.0
4,3,lr5e-05_bs16_drop0p4_temp2p0_a0p25_b0p05__wd1e-04trmiss0_degmodglobal,16,5e-05,0.0001,0.4,2.0,0.25,0.05,lr5e-05_bs16_drop0p4_temp2p0_a0p25_b0p05__wd1e-04trmiss0_degmodglobal,32,0.6341291517019272,0.7202030420303345,0.35,0.5535599816849818,0.46153846153846156,0.0,0.5764996111392975,0.6032163500785828,0.07458941545337439,0.24530890583992004,0.0,0.0,0.0,0.0,0.0,18473,global,0.0
4,3,lr5e-05_bs16_drop0p4_temp2p0_a0p25_b0p05__wd1e-04trmiss0_degmodglobal,16,5e-05,0.0001,0.4,2.0,0.25,0.05,lr5e-05_bs16_drop0p4_temp2p0_a0p25_b0p05__wd1e-04trmiss0_degmodglobal,33,0.5992808490991592,0.7198434472084045,0.35,0.5535599816849818,0.46153846153846156,0.0,0.5794098526239395,0.5761338174343109,0.06613691244274378,0.13225620426237583,0.0,0.0,0.0,0.0,0.0,18473,global,0.0
4,3,lr5e-05_bs16_drop0p4_temp2p0_a0p25_b0p05__wd1e-04trmiss0_degmodglobal,16,5e-05,0.0001,0.4,2.0,0.25,0.05,lr5e-05_bs16_drop0p4_temp2p0_a0p25_b0p05__wd1e-04trmiss0_degmodglobal,34,0.5947491079568863,0.7185842394828796,0.35,0.5535599816849818,0.46153846153846156,0.0,0.5610096007585526,0.5671259760856628,0.07813929859548807,0.16176620312035084,0.0,0.0,0.0,0.0,0.0,18473,global,0.0
4,3,lr5e-05_bs16_drop0p4_temp2p0_a0p25_b0p05__wd1e-04trmiss0_degmodglobal,16,5e-05,0.0001,0.4,2.0,0.25,0.05,lr5e-05_bs16_drop0p4_temp2p0_a0p25_b0p05__wd1e-04trmiss0_degmodglobal,35,0.569587230682373,0.7181742787361145,0.375,0.5601887695637696,0.46153846153846156,0.0,0.5604073256254196,0.5374877899885178,0.08231500536203384,0.23041361942887306,0.0,0.0,0.0,0.0,0.0,18473,global,0.0
4,3,lr5e-05_bs16_drop0p4_temp2p0_a0p25_b0p05__wd1e-04trmiss0_degmodglobal,16,5e-05,0.0001,0.4,2.0,0.25,0.05,lr5e-05_bs16_drop0p4_temp2p0_a0p25_b0p05__wd1e-04trmiss0_degmodglobal,36,0.6149566769599915,0.7179262042045593,0.35,0.5535599816849818,0.46153846153846156,0.0,0.5535738915205002,0.5788214206695557,0.09914764668792486,0.22696689143776894,0.0,0.0,0.0,0.0,0.0,18473,global,0.0
4,3,lr5e-05_bs16_drop0p4_temp2p0_a0p25_b0p05__wd1e-04trmiss0_degmodglobal,16,5e-05,0.0001,0.4,2.0,0.25,0.05,lr5e-05_bs16_drop0p4_temp2p0_a0p25_b0p05__wd1e-04trmiss0_degmodglobal,37,0.6245437413454056,0.7167430520057678,0.375,0.5601887695637696,0.46153846153846156,0.0,0.5461846590042114,0.5903967618942261,0.0948431883007288,0.2087235264480114,0.0,0.0,0.0,0.0,0.0,18473,global,0.0
4,3,lr5e-05_bs16_drop0p4_temp2p0_a0p25_b0p05__wd1e-04trmiss0_degmodglobal,16,5e-05,0.0001,0.4,2.0,0.25,0.05,lr5e-05_bs16_drop0p4_temp2p0_a0p25_b0p05__wd1e-04trmiss0_degmodglobal,38,0.6320347934961319,0.7161097526550293,0.35,0.5535599816849818,0.38461538461538464,0.0,0.5634632408618927,0.6022971421480179,0.07806840352714062,0.20441103726625443,0.0,0.0,0.0,0.0,0.0,18473,global,0.0
4,3,lr5e-05_bs16_drop0p4_temp2p0_a0p25_b0p05__wd1e-04trmiss0_degmodglobal,16,5e-05,0.0001,0.4,2.0,0.25,0.05,lr5e-05_bs16_drop0p4_temp2p0_a0p25_b0p05__wd1e-04trmiss0_degmodglobal,39,0.6297916769981384,0.7178221940994263,0.35,0.5535599816849818,0.46153846153846156,0.0,0.6021870076656342,0.606435090303421,0.06873354595154524,0.12346393708139658,0.0,0.0,0.0,0.0,0.0,18473,global,0.0
4,3,lr5e-05_bs16_drop0p4_temp2p0_a0p25_b0p05__wd1e-04trmiss0_degmodglobal,16,5e-05,0.0001,0.4,2.0,0.25,0.05,lr5e-05_bs16_drop0p4_temp2p0_a0p25_b0p05__wd1e-04trmiss0_degmodglobal,40,0.6103334575891495,0.7168835401535034,0.35,0.5535599816849818,0.46153846153846156,0.0,0.551447719335556,0.5834440141916275,0.07520816847681999,0.16174797341227531,0.0,0.0,0.0,0.0,0.0,18473,global,0.0
4,3,lr5e-05_bs16_drop0p4_temp2p0_a0p25_b0p05__wd1e-04trmiss0_degmodglobal,16,5e-05,0.0001,0.4,2.0,0.25,0.05,lr5e-05_bs16_drop0p4_temp2p0_a0p25_b0p05__wd1e-04trmiss0_degmodglobal,41,0.6103659868240356,0.7158548831939697,0.35,0.5535599816849818,0.46153846153846156,0.0,0.5505707114934921,0.5817912220954895,0.07909605838358402,0.17601487785577774,0.0,0.0,0.0,0.0,0.0,18473,global,0.0
4,3,lr5e-05_bs16_drop0p4_temp2p0_a0p25_b0p05__wd1e-04trmiss0_degmodglobal,16,5e-05,0.0001,0.4,2.0,0.25,0.05,lr5e-05_bs16_drop0p4_temp2p0_a0p25_b0p05__wd1e-04trmiss0_degmodglobal,42,0.6286456882953644,0.7150687575340271,0.35,0.5535599816849818,0.46153846153846156,0.0,0.526878759264946,0.5947642773389816,0.08806077390909195,0.2373244408518076,0.0,0.0,0.0,0.0,0.0,18473,global,0.0
4,3,lr5e-05_bs16_drop0p4_temp2p0_a0p25_b0p05__wd1e-04trmiss0_degmodglobal,16,5e-05,0.0001,0.4,2.0,0.25,0.05,lr5e-05_bs16_drop0p4_temp2p0_a0p25_b0p05__wd1e-04trmiss0_degmodglobal,43,0.5921048372983932,0.7147788405418396,0.35,0.5535599816849818,0.46153846153846156,0.0,0.5310383886098862,0.5727335512638092,0.052311250008642673,0.12586951442062855,0.0,0.0,0.0,0.0,0.0,18473,global,0.0
4,3,lr5e-05_bs16_drop0p4_temp2p0_a0p25_b0p05__wd1e-04trmiss0_degmodglobal,16,5e-05,0.0001,0.4,2.0,0.25,0.05,lr5e-05_bs16_drop0p4_temp2p0_a0p25_b0p05__wd1e-04trmiss0_degmodglobal,44,0.571458637714386,0.713448166847229,0.35,0.5535599816849818,0.46153846153846156,0.0,0.5215330719947815,0.5432869121432304,0.078051233664155,0.17317824810743332,0.0,0.0,0.0,0.0,0.0,18473,global,0.0
4,3,lr5e-05_bs16_drop0p4_temp2p0_a0p25_b0p05__wd1e-04trmiss0_degmodglobal,16,5e-05,0.0001,0.4,2.0,0.25,0.05,lr5e-05_bs16_drop0p4_temp2p0_a0p25_b0p05__wd1e-04trmiss0_degmodglobal,45,0.6143520176410675,0.7116924524307251,0.35,0.5535599816849818,0.46153846153846156,0.0,0.552763968706131,0.58907350897789,0.07290030363947153,0.14106885436922312,0.0,0.0,0.0,0.0,0.0,18473,global,0.0
4,3,lr5e-05_bs16_drop0p4_temp2p0_a0p25_b0p05__wd1e-04trmiss0_degmodglobal,16,5e-05,0.0001,0.4,2.0,0.25,0.05,lr5e-05_bs16_drop0p4_temp2p0_a0p25_b0p05__wd1e-04trmiss0_degmodglobal,46,0.5998746156692505,0.7131248712539673,0.35,0.5535599816849818,0.38461538461538464,0.0,0.4816943481564522,0.568893700838089,0.08844904229044914,0.17737344279885292,0.0,0.0,0.0,0.0,0.0,18473,global,0.0
4,3,lr5e-05_bs16_drop0p4_temp2p0_a0p25_b0p05__wd1e-04trmiss0_degmodglobal,16,5e-05,0.0001,0.4,2.0,0.25,0.05,lr5e-05_bs16_drop0p4_temp2p0_a0p25_b0p05__wd1e-04trmiss0_degmodglobal,47,0.6497444063425064,0.7149168252944946,0.35,0.5535599816849818,0.38461538461538464,0.0,0.5238207876682281,0.6007642894983292,0.1292179711163044,0.3335125595331192,0.0,0.0,0.0,0.0,0.0,18473,global,0.0
4,3,lr5e-05_bs16_drop0p4_temp2p0_a0p25_b0p05__wd1e-04trmiss0_degmodglobal,16,5e-05,0.0001,0.4,2.0,0.25,0.05,lr5e-05_bs16_drop0p4_temp2p0_a0p25_b0p05__wd1e-04trmiss0_degmodglobal,48,0.58918796479702,0.7153745889663696,0.35,0.5535599816849818,0.38461538461538464,0.0,0.5406850278377533,0.5601932406425476,0.07336454465985298,0.21307199262082577,0.0,0.0,0.0,0.0,0.0,18473,global,0.0
4,3,lr1e-05_bs16_drop0p2_temp1p0_a0p25_b0p05__wd1e-04trmiss0_degmodglobal,16,1e-05,0.0001,0.2,1.0,0.25,0.05,lr1e-05_bs16_drop0p2_temp1p0_a0p25_b0p05__wd1e-04trmiss0_degmodglobal,1,0.721340537071228,0.8009709715843201,0.5,0.6408435314685315,0.46153846153846156,0.0,0.7459847033023834,0.7072902172803879,0.04029726516455412,0.07952019572257996,0.0,0.0,0.0,0.0,0.0,18473,global,0.0
4,3,lr1e-05_bs16_drop0p2_temp1p0_a0p25_b0p05__wd1e-04trmiss0_degmodglobal,16,1e-05,0.0001,0.2,1.0,0.25,0.05,lr1e-05_bs16_drop0p2_temp1p0_a0p25_b0p05__wd1e-04trmiss0_degmodglobal,2,0.7124616205692291,0.8272758722305298,0.475,0.6289387695637696,0.46153846153846156,0.0,0.7115080505609512,0.69850292801857,0.04168708901852369,0.07073848601430655,0.0,0.0,0.0,0.0,0.0,18473,global,0.0
4,3,lr1e-05_bs16_drop0p2_temp1p0_a0p25_b0p05__wd1e-04trmiss0_degmodglobal,16,1e-05,0.0001,0.2,1.0,0.25,0.05,lr1e-05_bs16_drop0p2_temp1p0_a0p25_b0p05__wd1e-04trmiss0_degmodglobal,3,0.7147467881441116,0.8467270135879517,0.475,0.6289387695637696,0.46153846153846156,0.0,0.7038280218839645,0.702855572104454,0.03334543015807867,0.07109694741666317,0.0,0.0,0.0,0.0,0.0,18473,global,0.0
4,3,lr1e-05_bs16_drop0p2_temp1p0_a0p25_b0p05__wd1e-04trmiss0_degmodglobal,16,1e-05,0.0001,0.2,1.0,0.25,0.05,lr1e-05_bs16_drop0p2_temp1p0_a0p25_b0p05__wd1e-04trmiss0_degmodglobal,4,0.7042044550180435,0.8706482648849487,0.5,0.6491768648018649,0.46153846153846156,0.0,0.6992053538560867,0.6906625181436539,0.04015961475670338,0.07004119083285332,0.0,0.0,0.0,0.0,0.0,18473,global,0.0
4,3,lr1e-05_bs16_drop0p2_temp1p0_a0p25_b0p05__wd1e-04trmiss0_degmodglobal,16,1e-05,0.0001,0.2,1.0,0.25,0.05,lr1e-05_bs16_drop0p2_temp1p0_a0p25_b0p05__wd1e-04trmiss0_degmodglobal,5,0.696778878569603,0.8987234830856323,0.475,0.642548076923077,0.6153846153846154,0.0,0.6949518173933029,0.6851078122854233,0.03438406344503164,0.061500880401581526,0.0,0.0,0.0,0.0,0.0,18473,global,0.0
4,3,lr1e-05_bs16_drop0p2_temp1p0_a0p25_b0p05__wd1e-04trmiss0_degmodglobal,16,1e-05,0.0001,0.2,1.0,0.25,0.05,lr1e-05_bs16_drop0p2_temp1p0_a0p25_b0p05__wd1e-04trmiss0_degmodglobal,6,0.7108260989189148,0.872158944606781,0.45000000000000007,0.6895493395493396,0.6153846153846154,0.0,0.6919093579053879,0.6979959607124329,0.03639730950817466,0.07461628131568432,0.0,0.0,0.0,0.0,0.0,18473,global,0.0
4,3,lr1e-05_bs16_drop0p2_temp1p0_a0p25_b0p05__wd1e-04trmiss0_degmodglobal,16,1e-05,0.0001,0.2,1.0,0.25,0.05,lr1e-05_bs16_drop0p2_temp1p0_a0p25_b0p05__wd1e-04trmiss0_degmodglobal,7,0.6936779916286469,0.8915035724639893,0.45,0.7242715617715618,0.6153846153846154,0.0,0.6844284236431122,0.681988000869751,0.03542529605329037,0.056673391722142696,0.0,0.0,0.0,0.0,0.0,18473,global,0.0
4,3,lr1e-05_bs16_drop0p2_temp1p0_a0p25_b0p05__wd1e-04trmiss0_degmodglobal,16,1e-05,0.0001,0.2,1.0,0.25,0.05,lr1e-05_bs16_drop0p2_temp1p0_a0p25_b0p05__wd1e-04trmiss0_degmodglobal,8,0.6805311143398285,0.9011855721473694,0.45,0.7242715617715618,0.6153846153846154,0.0,0.7021817266941071,0.6626040041446686,0.04887361638247967,0.11417452245950699,0.0,0.0,0.0,0.0,0.0,18473,global,0.0
4,3,lr1e-05_bs16_drop0p2_temp1p0_a0p25_b0p05__wd1e-04trmiss0_degmodglobal,16,1e-05,0.0001,0.2,1.0,0.25,0.05,lr1e-05_bs16_drop0p2_temp1p0_a0p25_b0p05__wd1e-04trmiss0_degmodglobal,9,0.6815486252307892,0.9194645285606384,0.47500000000000003,0.7312160062160062,0.6153846153846154,0.0,0.6916765421628952,0.6672752350568771,0.040635534562170506,0.08229037746787071,0.0,0.0,0.0,0.0,0.0,18473,global,0.0
4,3,lr1e-05_bs16_drop0p2_temp1p0_a0p25_b0p05__wd1e-04trmiss0_degmodglobal,16,1e-05,0.0001,0.2,1.0,0.25,0.05,lr1e-05_bs16_drop0p2_temp1p0_a0p25_b0p05__wd1e-04trmiss0_degmodglobal,10,0.682991698384285,0.9255747199058533,0.42500000000000004,0.6826048951048952,0.6153846153846154,0.0,0.6821746677160263,0.671242281794548,0.03354774182662368,0.06724984245374799,0.0,0.0,0.0,0.0,0.0,18473,global,0.0
4,3,lr1e-05_bs16_drop0p2_temp1p0_a0p25_b0p05__wd1e-04trmiss0_degmodglobal,16,1e-05,0.0001,0.2,1.0,0.25,0.05,lr1e-05_bs16_drop0p2_temp1p0_a0p25_b0p05__wd1e-04trmiss0_degmodglobal,11,0.7026811093091965,0.9649564027786255,0.475,0.6982298951048952,0.6153846153846154,0.0,0.6662607938051224,0.6910890936851501,0.03105687303468585,0.07655616849660873,0.0,0.0,0.0,0.0,0.0,18473,global,0.0
4,3,lr1e-05_bs16_drop0p2_temp1p0_a0p25_b0p05__wd1e-04trmiss0_degmodglobal,16,1e-05,0.0001,0.2,1.0,0.25,0.05,lr1e-05_bs16_drop0p2_temp1p0_a0p25_b0p05__wd1e-04trmiss0_degmodglobal,12,0.7075907289981842,0.9670631885528564,0.45000000000000007,0.6895493395493396,0.5384615384615384,0.0,0.6747171133756638,0.6940951496362686,0.0355401667766273,0.09221065603196621,0.0,0.0,0.0,0.0,0.0,18473,global,0.0
4,3,lr1e-05_bs16_drop0p2_temp1p0_a0p25_b0p05__wd1e-04trmiss0_degmodglobal,16,1e-05,0.0001,0.2,1.0,0.25,0.05,lr1e-05_bs16_drop0p2_temp1p0_a0p25_b0p05__wd1e-04trmiss0_degmodglobal,13,0.707658588886261,0.9602136015892029,0.45000000000000007,0.6895493395493396,0.5384615384615384,0.0,0.68275386095047,0.6927181780338287,0.04165033809840679,0.09055674262344837,0.0,0.0,0.0,0.0,0.0,18473,global,0.0
4,3,lr1e-05_bs16_drop0p2_temp1p0_a0p25_b0p05__wd1e-04trmiss0_degmodglobal,16,1e-05,0.0001,0.2,1.0,0.25,0.05,lr1e-05_bs16_drop0p2_temp1p0_a0p25_b0p05__wd1e-04trmiss0_degmodglobal,14,0.6453724056482315,0.9768965244293213,0.45000000000000007,0.6895493395493396,0.5384615384615384,0.0,0.6747026592493057,0.632671669125557,0.034490708727389574,0.08156088925898075,0.0,0.0,0.0,0.0,0.0,18473,global,0.0
4,3,lr1e-05_bs16_drop0p2_temp1p0_a0p25_b0p05__wd1e-04trmiss0_degmodglobal,16,1e-05,0.0001,0.2,1.0,0.25,0.05,lr1e-05_bs16_drop0p2_temp1p0_a0p25_b0p05__wd1e-04trmiss0_degmodglobal,15,0.6768451035022736,0.9845677018165588,0.5,0.7624660062160062,0.6153846153846154,0.0,0.6686450839042664,0.6624566912651062,0.04296737629920244,0.07293122075498104,0.0,0.0,0.0,0.0,0.0,18473,global,0.0
4,3,lr1e-05_bs16_drop0p2_temp1p0_a0p25_b0p05__wd1e-04trmiss0_degmodglobal,16,1e-05,0.0001,0.2,1.0,0.25,0.05,lr1e-05_bs16_drop0p2_temp1p0_a0p25_b0p05__wd1e-04trmiss0_degmodglobal,16,0.6591344773769379,0.9271312952041626,0.475,0.6982298951048952,0.6153846153846154,0.0,0.6486884355545044,0.64521823823452,0.04074963973835111,0.07457652501761913,0.0,0.0,0.0,0.0,0.0,18473,global,0.0
4,3,lr1e-05_bs16_drop0p2_temp1p0_a0p25_b0p05__wd1e-04trmiss0_degmodglobal,16,1e-05,0.0001,0.2,1.0,0.25,0.05,lr1e-05_bs16_drop0p2_temp1p0_a0p25_b0p05__wd1e-04trmiss0_degmodglobal,17,0.6788823753595352,0.9566525816917419,0.475,0.6982298951048952,0.6153846153846154,0.0,0.6842823177576065,0.6652103364467621,0.03549156477674842,0.09598277695477009,0.0,0.0,0.0,0.0,0.0,18473,global,0.0
4,3,lr1e-05_bs16_drop0p2_temp1p0_a0p25_b0p05__wd1e-04trmiss0_degmodglobal,16,1e-05,0.0001,0.2,1.0,0.25,0.05,lr1e-05_bs16_drop0p2_temp1p0_a0p25_b0p05__wd1e-04trmiss0_degmodglobal,18,0.6737369000911713,0.9516626596450806,0.49999999999999994,0.7398965617715618,0.6153846153846154,0.0,0.6697372794151306,0.6598570644855499,0.03708311729133129,0.0921813240274787,0.0,0.0,0.0,0.0,0.0,18473,global,0.0
4,3,lr1e-05_bs16_drop0p2_temp1p0_a0p25_b0p05__wd1e-04trmiss0_degmodglobal,16,1e-05,0.0001,0.2,1.0,0.25,0.05,lr1e-05_bs16_drop0p2_temp1p0_a0p25_b0p05__wd1e-04trmiss0_degmodglobal,19,0.6654833853244781,0.9504993557929993,0.49999999999999994,0.7398965617715618,0.6153846153846154,0.0,0.6605325490236282,0.6522480547428131,0.03945472836494446,0.06743272580206394,0.0,0.0,0.0,0.0,0.0,18473,global,0.0
4,3,lr1e-05_bs16_drop0p2_temp1p0_a0p25_b0p05__wd1e-04trmiss0_degmodglobal,16,1e-05,0.0001,0.2,1.0,0.25,0.05,lr1e-05_bs16_drop0p2_temp1p0_a0p25_b0p05__wd1e-04trmiss0_degmodglobal,20,0.6650468856096268,0.9504685997962952,0.49999999999999994,0.7398965617715618,0.6153846153846154,0.0,0.6768515110015869,0.6512237638235092,0.03795384522527456,0.08669333625584841,0.0,0.0,0.0,0.0,0.0,18473,global,0.0
4,3,lr1e-05_bs16_drop0p2_temp1p0_a0p25_b0p05__wd1e-04trmiss0_degmodglobal,16,1e-05,0.0001,0.2,1.0,0.25,0.05,lr1e-05_bs16_drop0p2_temp1p0_a0p25_b0p05__wd1e-04trmiss0_degmodglobal,21,0.6565389186143875,0.9536945819854736,0.49999999999999994,0.7398965617715618,0.46153846153846156,0.0,0.646513894200325,0.6442602872848511,0.03585124155506492,0.06631664000451565,0.0,0.0,0.0,0.0,0.0,18473,global,0.0
4,3,lr1e-05_bs16_drop0p2_temp1p0_a0p25_b0p05__wd1e-04trmiss0_degmodglobal,16,1e-05,0.0001,0.2,1.0,0.25,0.05,lr1e-05_bs16_drop0p2_temp1p0_a0p25_b0p05__wd1e-04trmiss0_degmodglobal,22,0.6570479273796082,0.9581294655799866,0.49999999999999994,0.7398965617715618,0.46153846153846156,0.0,0.6465545296669006,0.644939735531807,0.03529205126687884,0.06570338737219572,0.0,0.0,0.0,0.0,0.0,18473,global,0.0
4,3,lr1e-05_bs16_drop0p2_temp1p0_a0p25_b0p05__wd1e-04trmiss0_degmodglobal,16,1e-05,0.0001,0.2,1.0,0.25,0.05,lr1e-05_bs16_drop0p2_temp1p0_a0p25_b0p05__wd1e-04trmiss0_degmodglobal,23,0.6516468673944473,0.9705115556716919,0.49999999999999994,0.7398965617715618,0.46153846153846156,0.0,0.6469025164842606,0.6417009830474854,0.028079552110284567,0.05851954221725464,0.0,0.0,0.0,0.0,0.0,18473,global,0.0
4,3,lr1e-05_bs16_drop0p2_temp1p0_a0p25_b0p05__wd1e-04trmiss0_degmodglobal,16,1e-05,0.0001,0.2,1.0,0.25,0.05,lr1e-05_bs16_drop0p2_temp1p0_a0p25_b0p05__wd1e-04trmiss0_degmodglobal,24,0.6498077362775803,0.9226517081260681,0.525,0.7467147435897437,0.46153846153846156,0.0,0.645621046423912,0.6368695795536041,0.03453023359179497,0.08611194603145123,0.0,0.0,0.0,0.0,0.0,18473,global,0.0
4,3,lr1e-05_bs16_drop0p2_temp1p0_a0p25_b0p05__wd1e-04trmiss0_degmodglobal,16,1e-05,0.0001,0.2,1.0,0.25,0.05,lr1e-05_bs16_drop0p2_temp1p0_a0p25_b0p05__wd1e-04trmiss0_degmodglobal,25,0.6503266841173172,0.9247005581855774,0.525,0.7467147435897437,0.46153846153846156,0.0,0.6558346748352051,0.6380993276834488,0.035844387486577034,0.06532465759664774,0.0,0.0,0.0,0.0,0.0,18473,global,0.0
4,3,lr1e-05_bs16_drop0p2_temp1p0_a0p25_b0p05__wd1e-04trmiss0_degmodglobal,16,1e-05,0.0001,0.2,1.0,0.25,0.05,lr1e-05_bs16_drop0p2_temp1p0_a0p25_b0p05__wd1e-04trmiss0_degmodglobal,26,0.6686562746763229,0.9321712851524353,0.525,0.7467147435897437,0.46153846153846156,0.0,0.6579643040895462,0.6534675061702728,0.0424568778835237,0.09149092622101307,0.0,0.0,0.0,0.0,0.0,18473,global,0.0
4,3,lr1e-05_bs16_drop0p2_temp1p0_a0p25_b0p05__wd1e-04trmiss0_degmodglobal,16,1e-05,0.0001,0.2,1.0,0.25,0.05,lr1e-05_bs16_drop0p2_temp1p0_a0p25_b0p05__wd1e-04trmiss0_degmodglobal,27,0.6424222141504288,0.92451012134552,0.525,0.7467147435897437,0.5384615384615384,0.0,0.6363488286733627,0.6299136579036713,0.03447921760380268,0.07777516450732946,0.0,0.0,0.0,0.0,0.0,18473,global,0.0
4,3,lr1e-05_bs16_drop0p2_temp1p0_a0p25_b0p05__wd1e-04trmiss0_degmodglobal,16,1e-05,0.0001,0.2,1.0,0.25,0.05,lr1e-05_bs16_drop0p2_temp1p0_a0p25_b0p05__wd1e-04trmiss0_degmodglobal,28,0.6720135360956192,0.9351823925971985,0.47500000000000003,0.711298076923077,0.5384615384615384,0.0,0.6487269401550293,0.6581304222345352,0.04115583095699549,0.07188309915363789,0.0,0.0,0.0,0.0,0.0,18473,global,0.0
4,3,lr1e-05_bs16_drop0p2_temp1p0_a0p25_b0p05__wd1e-04trmiss0_degmodglobal,16,1e-05,0.0001,0.2,1.0,0.25,0.05,lr1e-05_bs16_drop0p2_temp1p0_a0p25_b0p05__wd1e-04trmiss0_degmodglobal,29,0.6605489552021027,0.929864764213562,0.5,0.7300480769230769,0.46153846153846156,0.0,0.638024091720581,0.6487192362546921,0.03610740602016449,0.05605784524232149,0.0,0.0,0.0,0.0,0.0,18473,global,0.0
4,3,lr1e-05_bs16_drop0p2_temp1p0_a0p25_b0p05__wd1e-04trmiss0_degmodglobal,16,1e-05,0.0001,0.2,1.0,0.25,0.05,lr1e-05_bs16_drop0p2_temp1p0_a0p25_b0p05__wd1e-04trmiss0_degmodglobal,30,0.6688189655542374,0.9410572648048401,0.47500000000000003,0.711298076923077,0.5384615384615384,0.0,0.6266409456729889,0.6550693064928055,0.03933395026251674,0.07832353468984365,0.0,0.0,0.0,0.0,0.0,18473,global,0.0
4,3,lr1e-05_bs16_drop0p2_temp1p0_a0p25_b0p05__wd1e-04trmiss0_degmodglobal,16,1e-05,0.0001,0.2,1.0,0.25,0.05,lr1e-05_bs16_drop0p2_temp1p0_a0p25_b0p05__wd1e-04trmiss0_degmodglobal,31,0.6483384221792221,0.9439332485198975,0.47500000000000003,0.711298076923077,0.5384615384615384,0.0,0.652841255068779,0.6317238211631775,0.049173612613230944,0.08642394654452801,0.0,0.0,0.0,0.0,0.0,18473,global,0.0
4,3,lr1e-05_bs16_drop0p2_temp1p0_a0p25_b0p05__wd1e-04trmiss0_degmodglobal,16,1e-05,0.0001,0.2,1.0,0.25,0.05,lr1e-05_bs16_drop0p2_temp1p0_a0p25_b0p05__wd1e-04trmiss0_degmodglobal,32,0.6419676393270493,0.9597169756889343,0.47500000000000003,0.711298076923077,0.46153846153846156,0.0,0.6368016451597214,0.6276213079690933,0.03899995610117912,0.09192662220448256,0.0,0.0,0.0,0.0,0.0,18473,global,0.0
4,3,lr1e-05_bs16_drop0p2_temp1p0_a0p25_b0p05__wd1e-04trmiss0_degmodglobal,16,1e-05,0.0001,0.2,1.0,0.25,0.05,lr1e-05_bs16_drop0p2_temp1p0_a0p25_b0p05__wd1e-04trmiss0_degmodglobal,33,0.6835421919822693,0.9682133197784424,0.47500000000000003,0.711298076923077,0.46153846153846156,0.0,0.6303778290748596,0.6670954525470734,0.04411255195736885,0.10837247595191002,0.0,0.0,0.0,0.0,0.0,18473,global,0.0
4,3,lr1e-05_bs16_drop0p2_temp1p0_a0p25_b0p05__wd1e-04trmiss0_degmodglobal,16,1e-05,0.0001,0.2,1.0,0.25,0.05,lr1e-05_bs16_drop0p2_temp1p0_a0p25_b0p05__wd1e-04trmiss0_degmodglobal,34,0.6551148295402527,0.9644265174865723,0.47500000000000003,0.711298076923077,0.46153846153846156,0.0,0.6190670877695084,0.6403294652700424,0.04466037452220917,0.07240548077970743,0.0,0.0,0.0,0.0,0.0,18473,global,0.0
4,3,lr1e-05_bs16_drop0p2_temp1p0_a0p25_b0p05__wd1e-04trmiss0_degmodglobal,16,1e-05,0.0001,0.2,1.0,0.25,0.05,lr1e-05_bs16_drop0p2_temp1p0_a0p25_b0p05__wd1e-04trmiss0_degmodglobal,35,0.6507313102483749,0.894278347492218,0.47500000000000003,0.711298076923077,0.46153846153846156,0.0,0.6443716883659363,0.6387079805135727,0.03189882729202509,0.08097256906330585,0.0,0.0,0.0,0.0,0.0,18473,global,0.0
4,3,lr1e-05_bs16_drop0p2_temp1p0_a0p25_b0p05__wd1e-04trmiss0_degmodglobal,16,1e-05,0.0001,0.2,1.0,0.25,0.05,lr1e-05_bs16_drop0p2_temp1p0_a0p25_b0p05__wd1e-04trmiss0_degmodglobal,36,0.6654842495918274,0.8896852731704712,0.47500000000000003,0.711298076923077,0.46153846153846156,0.0,0.6307015717029572,0.65086929500103,0.04350729566067457,0.07476234901696444,0.0,0.0,0.0,0.0,0.0,18473,global,0.0
4,3,lr1e-05_bs16_drop0p2_temp1p0_a0p25_b0p05__wd1e-04trmiss0_degmodglobal,16,1e-05,0.0001,0.2,1.0,0.25,0.05,lr1e-05_bs16_drop0p2_temp1p0_a0p25_b0p05__wd1e-04trmiss0_degmodglobal,37,0.6398851573467255,0.8910130858421326,0.5,0.7300480769230769,0.5384615384615384,0.0,0.6424227207899094,0.6270181387662888,0.04040623363107443,0.0553089058957994,0.0,0.0,0.0,0.0,0.0,18473,global,0.0
4,3,lr1e-05_bs16_drop0p2_temp1p0_a0p25_b0p05__wd1e-04trmiss0_degmodglobal,16,1e-05,0.0001,0.2,1.0,0.25,0.05,lr1e-05_bs16_drop0p2_temp1p0_a0p25_b0p05__wd1e-04trmiss0_degmodglobal,38,0.6570762097835541,0.9062492847442627,0.5,0.7300480769230769,0.46153846153846156,0.0,0.6250155717134476,0.642233818769455,0.042293948121368885,0.08537805825471878,0.0,0.0,0.0,0.0,0.0,18473,global,0.0
4,3,lr1e-05_bs16_drop0p2_temp1p0_a0p25_b0p05__wd1e-04trmiss0_degmodglobal,16,1e-05,0.0001,0.2,1.0,0.25,0.05,lr1e-05_bs16_drop0p2_temp1p0_a0p25_b0p05__wd1e-04trmiss0_degmodglobal,39,0.6689982563257217,0.927858829498291,0.5,0.7300480769230769,0.5384615384615384,0.0,0.6265707015991211,0.6550371497869492,0.03849397925660014,0.08675251342356205,0.0,0.0,0.0,0.0,0.0,18473,global,0.0
4,3,lr1e-05_bs16_drop0p2_temp1p0_a0p25_b0p05__wd1e-04trmiss0_degmodglobal,16,1e-05,0.0001,0.2,1.0,0.25,0.05,lr1e-05_bs16_drop0p2_temp1p0_a0p25_b0p05__wd1e-04trmiss0_degmodglobal,40,0.6206584423780441,0.901785135269165,0.47500000000000003,0.711298076923077,0.5384615384615384,0.0,0.6271713823080063,0.6064234673976898,0.03921372932381928,0.08863094076514244,0.0,0.0,0.0,0.0,0.0,18473,global,0.0
4,3,lr1e-05_bs16_drop0p2_temp1p0_a0p25_b0p05__wd1e-04trmiss0_degmodglobal,16,1e-05,0.0001,0.2,1.0,0.25,0.05,lr1e-05_bs16_drop0p2_temp1p0_a0p25_b0p05__wd1e-04trmiss0_degmodglobal,41,0.6682530343532562,0.9095472693443298,0.47500000000000003,0.711298076923077,0.46153846153846156,0.0,0.6203264594078064,0.6545014977455139,0.03997347969561815,0.07516325637698174,0.0,0.0,0.0,0.0,0.0,18473,global,0.0
4,3,lr1e-05_bs16_drop0p2_temp1p0_a0p25_b0p05__wd1e-04trmiss0_degmodglobal,16,1e-05,0.0001,0.2,1.0,0.25,0.05,lr1e-05_bs16_drop0p2_temp1p0_a0p25_b0p05__wd1e-04trmiss0_degmodglobal,42,0.6648809909820557,0.9365354776382446,0.55,0.755048076923077,0.5384615384615384,0.0,0.6322800517082214,0.6500904858112335,0.04456170182675123,0.07300104852765799,0.0,0.0,0.0,0.0,0.0,18473,global,0.0
4,3,lr1e-05_bs16_drop0p2_temp1p0_a0p25_b0p05__wd1e-04trmiss0_degmodglobal,16,1e-05,0.0001,0.2,1.0,0.25,0.05,lr1e-05_bs16_drop0p2_temp1p0_a0p25_b0p05__wd1e-04trmiss0_degmodglobal,43,0.641815111041069,0.9565182328224182,0.55,0.755048076923077,0.5384615384615384,0.0,0.6103245317935944,0.6248457729816437,0.051186248660087585,0.0834552114829421,0.0,0.0,0.0,0.0,0.0,18473,global,0.0
4,3,lr1e-05_bs16_drop0p2_temp1p0_a0p25_b0p05__wd1e-04trmiss0_degmodglobal,16,1e-05,0.0001,0.2,1.0,0.25,0.05,lr1e-05_bs16_drop0p2_temp1p0_a0p25_b0p05__wd1e-04trmiss0_degmodglobal,44,0.6562280207872391,0.9628815650939941,0.525,0.7383814102564102,0.5384615384615384,0.0,0.5956792533397675,0.6423815190792084,0.03859211131930351,0.0839696554467082,0.0,0.0,0.0,0.0,0.0,18473,global,0.0
4,3,lr1e-05_bs16_drop0p2_temp1p0_a0p25_b0p05__wd1e-04trmiss0_degmodglobal,16,1e-05,0.0001,0.2,1.0,0.25,0.05,lr1e-05_bs16_drop0p2_temp1p0_a0p25_b0p05__wd1e-04trmiss0_degmodglobal,45,0.6336831152439117,0.980459988117218,0.525,0.7383814102564102,0.5384615384615384,0.0,0.6339363604784012,0.6201206296682358,0.03569662105292082,0.09276632219552994,0.0,0.0,0.0,0.0,0.0,18473,global,0.0
4,3,lr1e-05_bs16_drop0p2_temp1p0_a0p25_b0p05__wd1e-04trmiss0_degmodglobal,16,1e-05,0.0001,0.2,1.0,0.25,0.05,lr1e-05_bs16_drop0p2_temp1p0_a0p25_b0p05__wd1e-04trmiss0_degmodglobal,46,0.6385441869497299,0.933922290802002,0.55,0.755048076923077,0.46153846153846156,0.0,0.6047588735818863,0.6239821761846542,0.0426903460174799,0.07778831571340561,0.0,0.0,0.0,0.0,0.0,18473,global,0.0
4,3,lr1e-05_bs16_drop0p2_temp1p0_a0p25_b0p05__wd1e-04trmiss0_degmodglobal,16,1e-05,0.0001,0.2,1.0,0.25,0.05,lr1e-05_bs16_drop0p2_temp1p0_a0p25_b0p05__wd1e-04trmiss0_degmodglobal,47,0.6292781829833984,0.9346045255661011,0.55,0.755048076923077,0.46153846153846156,0.0,0.609404981136322,0.6168959140777588,0.03814390115439892,0.056925807148218155,0.0,0.0,0.0,0.0,0.0,18473,global,0.0
4,3,lr1e-05_bs16_drop0p2_temp1p0_a0p25_b0p05__wd1e-04trmiss0_degmodglobal,16,1e-05,0.0001,0.2,1.0,0.25,0.05,lr1e-05_bs16_drop0p2_temp1p0_a0p25_b0p05__wd1e-04trmiss0_degmodglobal,48,0.6257062703371048,0.9550257921218872,0.55,0.755048076923077,0.46153846153846156,0.0,0.6230436861515045,0.6104037910699844,0.04330185940489173,0.08954029902815819,0.0,0.0,0.0,0.0,0.0,18473,global,0.0
4,3,lr1e-05_bs16_drop0p2_temp1p0_a0p25_b0p05__wd1e-04trmiss0_degmodglobal,16,1e-05,0.0001,0.2,1.0,0.25,0.05,lr1e-05_bs16_drop0p2_temp1p0_a0p25_b0p05__wd1e-04trmiss0_degmodglobal,49,0.6715572476387024,0.8944390416145325,0.525,0.7467147435897437,0.46153846153846156,0.0,0.6147787868976593,0.6553114056587219,0.047692397609353065,0.08645511418581009,0.0,0.0,0.0,0.0,0.0,18473,global,0.0
4,3,lr1e-05_bs16_drop0p2_temp1p0_a0p25_b0p05__wd1e-04trmiss0_degmodglobal,16,1e-05,0.0001,0.2,1.0,0.25,0.05,lr1e-05_bs16_drop0p2_temp1p0_a0p25_b0p05__wd1e-04trmiss0_degmodglobal,50,0.6459066867828369,0.9138974547386169,0.5,0.7300480769230769,0.46153846153846156,0.0,0.616453617811203,0.6305122226476669,0.04144697915762663,0.10065458156168461,0.0,0.0,0.0,0.0,0.0,18473,global,0.0
4,3,lr1e-05_bs16_drop0p2_temp1p0_a0p25_b0p05__wd1e-04trmiss0_degmodglobal,16,1e-05,0.0001,0.2,1.0,0.25,0.05,lr1e-05_bs16_drop0p2_temp1p0_a0p25_b0p05__wd1e-04trmiss0_degmodglobal,51,0.6363013088703156,0.9237034320831299,0.47500000000000003,0.711298076923077,0.46153846153846156,0.0,0.615269124507904,0.6211440712213516,0.039779084268957376,0.10424910485744476,0.0,0.0,0.0,0.0,0.0,18473,global,0.0
4,3,lr1e-05_bs16_drop0p2_temp1p0_a0p25_b0p05__wd1e-04trmiss0_degmodglobal,16,1e-05,0.0001,0.2,1.0,0.25,0.05,lr1e-05_bs16_drop0p2_temp1p0_a0p25_b0p05__wd1e-04trmiss0_degmodglobal,52,0.6759761422872543,0.911925733089447,0.5,0.7300480769230769,0.46153846153846156,0.0,0.5991432070732117,0.6609872579574585,0.039373936131596565,0.10290753282606602,0.0,0.0,0.0,0.0,0.0,18473,global,0.0
4,3,lr1e-05_bs16_drop0p2_temp1p0_a0p25_b0p05__wd1e-04trmiss0_degmodglobal,16,1e-05,0.0001,0.2,1.0,0.25,0.05,lr1e-05_bs16_drop0p2_temp1p0_a0p25_b0p05__wd1e-04trmiss0_degmodglobal,53,0.6484103500843048,0.9403748512268066,0.44999999999999996,0.7026175213675214,0.46153846153846156,0.0,0.6082506030797958,0.6363818347454071,0.033829133957624435,0.0714249350130558,0.0,0.0,0.0,0.0,0.0,18473,global,0.0
4,3,lr1e-05_bs16_drop0p2_temp1p0_a0p25_b0p05__wd1e-04trmiss0_degmodglobal,16,1e-05,0.0001,0.2,1.0,0.25,0.05,lr1e-05_bs16_drop0p2_temp1p0_a0p25_b0p05__wd1e-04trmiss0_degmodglobal,54,0.6432633101940155,0.9517375230789185,0.47500000000000003,0.711298076923077,0.46153846153846156,0.0,0.6059431582689285,0.6303847879171371,0.038971906527876854,0.06271075084805489,0.0,0.0,0.0,0.0,0.0,18473,global,0.0
4,3,lr1e-05_bs16_drop0p2_temp1p0_a0p25_b0p05__wd1e-04trmiss0_degmodglobal,16,1e-05,0.0001,0.2,1.0,0.25,0.05,lr1e-05_bs16_drop0p2_temp1p0_a0p25_b0p05__wd1e-04trmiss0_degmodglobal,55,0.6575008481740952,0.9649792313575745,0.5,0.7300480769230769,0.46153846153846156,0.0,0.6048145145177841,0.6424649804830551,0.042290656827390194,0.0892644040286541,0.0,0.0,0.0,0.0,0.0,18473,global,0.0
4,3,lr1e-05_bs16_drop0p2_temp1p0_a0p25_b0p05__wd1e-04trmiss0_degmodglobal,16,1e-05,0.0001,0.2,1.0,0.25,0.05,lr1e-05_bs16_drop0p2_temp1p0_a0p25_b0p05__wd1e-04trmiss0_degmodglobal,56,0.6552929878234863,0.9621869325637817,0.525,0.7383814102564102,0.5384615384615384,0.0,0.5833366364240646,0.6419952511787415,0.03480043075978756,0.09195270016789436,0.0,0.0,0.0,0.0,0.0,18473,global,0.0
4,3,lr1e-05_bs16_drop0p2_temp1p0_a0p25_b0p05__wd1e-04trmiss0_degmodglobal,16,1e-05,0.0001,0.2,1.0,0.25,0.05,lr1e-05_bs16_drop0p2_temp1p0_a0p25_b0p05__wd1e-04trmiss0_degmodglobal,57,0.6310844421386719,0.9666764736175537,0.47500000000000003,0.711298076923077,0.5384615384615384,0.0,0.5833302885293961,0.6181260496377945,0.04109874600544572,0.05367424339056015,0.0,0.0,0.0,0.0,0.0,18473,global,0.0
4,3,lr1e-05_bs16_drop0p2_temp1p0_a0p25_b0p05__wd1e-04trmiss0_degmodglobal,16,1e-05,0.0001,0.2,1.0,0.25,0.05,lr1e-05_bs16_drop0p2_temp1p0_a0p25_b0p05__wd1e-04trmiss0_degmodglobal,58,0.6564830988645554,0.9673594832420349,0.47500000000000003,0.711298076923077,0.5384615384615384,0.0,0.6282145082950592,0.6438026875257492,0.03970010718330741,0.055107822408899665,0.0,0.0,0.0,0.0,0.0,18473,global,0.0
4,3,lr1e-05_bs16_drop0p2_temp1p0_a0p25_b0p05__wd1e-04trmiss0_degmodglobal,16,1e-05,0.0001,0.2,1.0,0.25,0.05,lr1e-05_bs16_drop0p2_temp1p0_a0p25_b0p05__wd1e-04trmiss0_degmodglobal,59,0.6418741643428802,0.9627379775047302,0.525,0.7383814102564102,0.5384615384615384,0.0,0.5831305384635925,0.6259225010871887,0.04390884656459093,0.09948913939297199,0.0,0.0,0.0,0.0,0.0,18473,global,0.0
4,3,lr1e-05_bs16_drop0p2_temp1p0_a0p25_b0p05__wd1e-04trmiss0_degmodglobal,16,1e-05,0.0001,0.2,1.0,0.25,0.05,lr1e-05_bs16_drop0p2_temp1p0_a0p25_b0p05__wd1e-04trmiss0_degmodglobal,60,0.6693365126848221,0.9216715097427368,0.47500000000000003,0.711298076923077,0.5384615384615384,0.0,0.6000555604696274,0.6547399759292603,0.04010515008121729,0.09140489622950554,0.0,0.0,0.0,0.0,0.0,18473,global,0.0
4,3,lr1e-05_bs16_drop0p2_temp1p0_a0p25_b0p05__wd1e-04trmiss0_degmodglobal,16,1e-05,0.0001,0.2,1.0,0.25,0.05,lr1e-05_bs16_drop0p2_temp1p0_a0p25_b0p05__wd1e-04trmiss0_degmodglobal,61,0.6570981591939926,0.9154852628707886,0.47500000000000003,0.711298076923077,0.5384615384615384,0.0,0.5884355008602142,0.6420356184244156,0.041870775166898966,0.09189676400274038,0.0,0.0,0.0,0.0,0.0,18473,global,0.0
4,3,lr1e-05_bs16_drop0p2_temp1p0_a0p25_b0p05__wd1e-04trmiss0_degmodglobal,16,1e-05,0.0001,0.2,1.0,0.25,0.05,lr1e-05_bs16_drop0p2_temp1p0_a0p25_b0p05__wd1e-04trmiss0_degmodglobal,62,0.6574983447790146,0.9229212403297424,0.47500000000000003,0.711298076923077,0.5384615384615384,0.0,0.5894857794046402,0.6421773135662079,0.04456077888607979,0.08361690398305655,0.0,0.0,0.0,0.0,0.0,18473,global,0.0
4,3,lr1e-05_bs16_drop0p2_temp1p0_a0p25_b0p05__wd1e-04trmiss0_degmodglobal,16,1e-05,0.0001,0.2,1.0,0.25,0.05,lr1e-05_bs16_drop0p2_temp1p0_a0p25_b0p05__wd1e-04trmiss0_degmodglobal,63,0.6631284058094025,0.9232488870620728,0.44999999999999996,0.7026175213675214,0.5384615384615384,0.0,0.5880468636751175,0.6435301452875137,0.055340918712317944,0.11526036262512207,0.0,0.0,0.0,0.0,0.0,18473,global,0.0
4,3,lr1e-05_bs16_drop0p2_temp1p0_a0p25_b0p05__wd1e-04trmiss0_degmodglobal,16,1e-05,0.0001,0.2,1.0,0.25,0.05,lr1e-05_bs16_drop0p2_temp1p0_a0p25_b0p05__wd1e-04trmiss0_degmodglobal,64,0.6408576965332031,0.936293363571167,0.47500000000000003,0.711298076923077,0.5384615384615384,0.0,0.5771941393613815,0.625198096036911,0.04394406080245972,0.0934715736657381,0.0,0.0,0.0,0.0,0.0,18473,global,0.0
4,3,lr1e-05_bs16_drop0p2_temp1p0_a0p25_b0p05__wd1e-04trmiss0_degmodglobal,16,1e-05,0.0001,0.2,1.0,0.25,0.05,lr1e-05_bs16_drop0p2_temp1p0_a0p25_b0p05__wd1e-04trmiss0_degmodglobal,65,0.6398133337497711,0.9536133408546448,0.5,0.7300480769230769,0.5384615384615384,0.0,0.5987765192985535,0.6245565116405487,0.04348480002954602,0.08771277405321598,0.0,0.0,0.0,0.0,0.0,18473,global,0.0
4,3,lr1e-05_bs16_drop0p2_temp1p0_a0p25_b0p05__wd1e-04trmiss0_degmodglobal,16,1e-05,0.0001,0.2,1.0,0.25,0.05,lr1e-05_bs16_drop0p2_temp1p0_a0p25_b0p05__wd1e-04trmiss0_degmodglobal,66,0.6471587866544724,0.9413788318634033,0.5,0.7300480769230769,0.5384615384615384,0.0,0.5841597616672516,0.6321761161088943,0.045545189175754786,0.07192763034254313,0.0,0.0,0.0,0.0,0.0,18473,global,0.0
4,3,lr1e-05_bs16_drop0p2_temp2p0_a0p25_b0p05__wd1e-04trmiss0_degmodglobal,16,1e-05,0.0001,0.2,2.0,0.25,0.05,lr1e-05_bs16_drop0p2_temp2p0_a0p25_b0p05__wd1e-04trmiss0_degmodglobal,1,0.7360336929559708,0.709892749786377,0.39999999999999997,0.6003132284382284,0.46153846153846156,0.0,0.6976008266210556,0.7190077006816864,0.05301177129149437,0.07546136248856783,0.0,0.0,0.0,0.0,0.0,18473,global,0.0
4,3,lr1e-05_bs16_drop0p2_temp2p0_a0p25_b0p05__wd1e-04trmiss0_degmodglobal,16,1e-05,0.0001,0.2,2.0,0.25,0.05,lr1e-05_bs16_drop0p2_temp2p0_a0p25_b0p05__wd1e-04trmiss0_degmodglobal,2,0.7197332233190536,0.7097862362861633,0.39999999999999997,0.6003132284382284,0.5384615384615384,0.0,0.6957583874464035,0.7015762180089951,0.0526201818138361,0.10003871656954288,0.0,0.0,0.0,0.0,0.0,18473,global,0.0
4,3,lr1e-05_bs16_drop0p2_temp2p0_a0p25_b0p05__wd1e-04trmiss0_degmodglobal,16,1e-05,0.0001,0.2,2.0,0.25,0.05,lr1e-05_bs16_drop0p2_temp2p0_a0p25_b0p05__wd1e-04trmiss0_degmodglobal,3,0.7306030541658401,0.708114504814148,0.39999999999999997,0.6003132284382284,0.5384615384615384,0.0,0.6713721007108688,0.7153181880712509,0.04528897814452648,0.07925236690789461,0.0,0.0,0.0,0.0,0.0,18473,global,0.0
4,3,lr1e-05_bs16_drop0p2_temp2p0_a0p25_b0p05__wd1e-04trmiss0_degmodglobal,16,1e-05,0.0001,0.2,2.0,0.25,0.05,lr1e-05_bs16_drop0p2_temp2p0_a0p25_b0p05__wd1e-04trmiss0_degmodglobal,4,0.7249515056610107,0.7073585987091064,0.39999999999999997,0.6003132284382284,0.5384615384615384,0.0,0.679418072104454,0.7102065533399582,0.044923740439116955,0.07028071628883481,0.0,0.0,0.0,0.0,0.0,18473,global,0.0
4,3,lr1e-05_bs16_drop0p2_temp2p0_a0p25_b0p05__wd1e-04trmiss0_degmodglobal,16,1e-05,0.0001,0.2,2.0,0.25,0.05,lr1e-05_bs16_drop0p2_temp2p0_a0p25_b0p05__wd1e-04trmiss0_degmodglobal,5,0.7177765369415283,0.7064024209976196,0.45,0.6739739427239427,0.5384615384615384,0.0,0.6848769336938858,0.7032864987850189,0.04153973236680031,0.08210202679038048,0.0,0.0,0.0,0.0,0.0,18473,global,0.0
4,3,lr1e-05_bs16_drop0p2_temp2p0_a0p25_b0p05__wd1e-04trmiss0_degmodglobal,16,1e-05,0.0001,0.2,2.0,0.25,0.05,lr1e-05_bs16_drop0p2_temp2p0_a0p25_b0p05__wd1e-04trmiss0_degmodglobal,6,0.7060071229934692,0.7065950036048889,0.45,0.6739739427239427,0.5384615384615384,0.0,0.6981745064258575,0.6870477348566055,0.053122781217098236,0.11357354372739792,0.0,0.0,0.0,0.0,0.0,18473,global,0.0
4,3,lr1e-05_bs16_drop0p2_temp2p0_a0p25_b0p05__wd1e-04trmiss0_degmodglobal,16,1e-05,0.0001,0.2,2.0,0.25,0.05,lr1e-05_bs16_drop0p2_temp2p0_a0p25_b0p05__wd1e-04trmiss0_degmodglobal,7,0.6928695887327194,0.7060146331787109,0.475,0.7156406093906094,0.5384615384615384,0.0,0.6744549125432968,0.6764024496078491,0.04621697869151831,0.09825747460126877,0.0,0.0,0.0,0.0,0.0,18473,global,0.0
4,3,lr1e-05_bs16_drop0p2_temp2p0_a0p25_b0p05__wd1e-04trmiss0_degmodglobal,16,1e-05,0.0001,0.2,2.0,0.25,0.05,lr1e-05_bs16_drop0p2_temp2p0_a0p25_b0p05__wd1e-04trmiss0_degmodglobal,8,0.6869622319936752,0.7058693170547485,0.5,0.7224587912087912,0.5384615384615384,0.0,0.6663337498903275,0.672560453414917,0.04658133629709482,0.05512870103120804,0.0,0.0,0.0,0.0,0.0,18473,global,0.0
4,3,lr1e-05_bs16_drop0p2_temp2p0_a0p25_b0p05__wd1e-04trmiss0_degmodglobal,16,1e-05,0.0001,0.2,2.0,0.25,0.05,lr1e-05_bs16_drop0p2_temp2p0_a0p25_b0p05__wd1e-04trmiss0_degmodglobal,9,0.6966350674629211,0.704014003276825,0.5,0.7224587912087912,0.5384615384615384,0.0,0.6676304340362549,0.6783173084259033,0.05370696075260639,0.09782018512487411,0.0,0.0,0.0,0.0,0.0,18473,global,0.0
4,3,lr1e-05_bs16_drop0p2_temp2p0_a0p25_b0p05__wd1e-04trmiss0_degmodglobal,16,1e-05,0.0001,0.2,2.0,0.25,0.05,lr1e-05_bs16_drop0p2_temp2p0_a0p25_b0p05__wd1e-04trmiss0_degmodglobal,10,0.6906305998563766,0.704218864440918,0.5499999999999999,0.7412087912087912,0.5384615384615384,0.0,0.661955401301384,0.6752835810184479,0.04507812950760126,0.08155008405447006,0.0,0.0,0.0,0.0,0.0,18473,global,0.0
4,3,lr1e-05_bs16_drop0p2_temp2p0_a0p25_b0p05__wd1e-04trmiss0_degmodglobal,16,1e-05,0.0001,0.2,2.0,0.25,0.05,lr1e-05_bs16_drop0p2_temp2p0_a0p25_b0p05__wd1e-04trmiss0_degmodglobal,11,0.6930041313171387,0.7044398784637451,0.5499999999999999,0.7412087912087912,0.5384615384615384,0.0,0.6325511932373047,0.6751960217952728,0.04938167240470648,0.10925385728478432,0.0,0.0,0.0,0.0,0.0,18473,global,0.0
4,3,lr1e-05_bs16_drop0p2_temp2p0_a0p25_b0p05__wd1e-04trmiss0_degmodglobal,16,1e-05,0.0001,0.2,2.0,0.25,0.05,lr1e-05_bs16_drop0p2_temp2p0_a0p25_b0p05__wd1e-04trmiss0_degmodglobal,12,0.6874204576015472,0.7032124996185303,0.5499999999999999,0.7412087912087912,0.5384615384615384,0.0,0.6389167308807373,0.6687463074922562,0.04782228544354439,0.13437137193977833,0.0,0.0,0.0,0.0,0.0,18473,global,0.0
4,3,lr1e-05_bs16_drop0p2_temp2p0_a0p25_b0p05__wd1e-04trmiss0_degmodglobal,16,1e-05,0.0001,0.2,2.0,0.25,0.05,lr1e-05_bs16_drop0p2_temp2p0_a0p25_b0p05__wd1e-04trmiss0_degmodglobal,13,0.6686472594738007,0.6995657086372375,0.6,0.7557921245421245,0.5384615384615384,0.0,0.6611539721488953,0.6498625874519348,0.05056414846330881,0.12287247180938721,0.0,0.0,0.0,0.0,0.0,18473,global,0.0
4,3,lr1e-05_bs16_drop0p2_temp2p0_a0p25_b0p05__wd1e-04trmiss0_degmodglobal,16,1e-05,0.0001,0.2,2.0,0.25,0.05,lr1e-05_bs16_drop0p2_temp2p0_a0p25_b0p05__wd1e-04trmiss0_degmodglobal,14,0.6831404566764832,0.7009292244911194,0.575,0.7478375790875791,0.5384615384615384,0.0,0.6346416920423508,0.6663171201944351,0.048818294890224934,0.09237534832209349,0.0,0.0,0.0,0.0,0.0,18473,global,0.0
4,3,lr1e-05_bs16_drop0p2_temp2p0_a0p25_b0p05__wd1e-04trmiss0_degmodglobal,16,1e-05,0.0001,0.2,2.0,0.25,0.05,lr1e-05_bs16_drop0p2_temp2p0_a0p25_b0p05__wd1e-04trmiss0_degmodglobal,15,0.665263444185257,0.7010896801948547,0.575,0.7478375790875791,0.5384615384615384,0.0,0.6585036814212799,0.6482402086257935,0.04778150003403425,0.10155715234577656,0.0,0.0,0.0,0.0,0.0,18473,global,0.0
4,3,lr1e-05_bs16_drop0p2_temp2p0_a0p25_b0p05__wd1e-04trmiss0_degmodglobal,16,1e-05,0.0001,0.2,2.0,0.25,0.05,lr1e-05_bs16_drop0p2_temp2p0_a0p25_b0p05__wd1e-04trmiss0_degmodglobal,16,0.6580412238836288,0.697644054889679,0.575,0.7478375790875791,0.5384615384615384,0.0,0.6444527357816696,0.6395564079284668,0.05031057633459568,0.11814364045858383,0.0,0.0,0.0,0.0,0.0,18473,global,0.0
4,3,lr1e-05_bs16_drop0p2_temp2p0_a0p25_b0p05__wd1e-04trmiss0_degmodglobal,16,1e-05,0.0001,0.2,2.0,0.25,0.05,lr1e-05_bs16_drop0p2_temp2p0_a0p25_b0p05__wd1e-04trmiss0_degmodglobal,17,0.6835574209690094,0.6981792449951172,0.575,0.7478375790875791,0.5384615384615384,0.0,0.6293611526489258,0.6647975891828537,0.04916499927639961,0.1293715126812458,0.0,0.0,0.0,0.0,0.0,18473,global,0.0
4,3,lr1e-05_bs16_drop0p2_temp2p0_a0p25_b0p05__wd1e-04trmiss0_degmodglobal,16,1e-05,0.0001,0.2,2.0,0.25,0.05,lr1e-05_bs16_drop0p2_temp2p0_a0p25_b0p05__wd1e-04trmiss0_degmodglobal,18,0.6525977402925491,0.6993553638458252,0.575,0.7478375790875791,0.5384615384615384,0.0,0.6423062980175018,0.6393258273601532,0.03722496936097741,0.07931317016482353,0.0,0.0,0.0,0.0,0.0,18473,global,0.0
4,3,lr1e-05_bs16_drop0p2_temp2p0_a0p25_b0p05__wd1e-04trmiss0_degmodglobal,16,1e-05,0.0001,0.2,2.0,0.25,0.05,lr1e-05_bs16_drop0p2_temp2p0_a0p25_b0p05__wd1e-04trmiss0_degmodglobal,19,0.6638572961091995,0.7016683220863342,0.55,0.7061709124209125,0.5384615384615384,0.0,0.6491070091724396,0.6467279344797134,0.045567676424980164,0.11474931705743074,0.0,0.0,0.0,0.0,0.0,18473,global,0.0
4,3,lr1e-05_bs16_drop0p2_temp2p0_a0p25_b0p05__wd1e-04trmiss0_degmodglobal,16,1e-05,0.0001,0.2,2.0,0.25,0.05,lr1e-05_bs16_drop0p2_temp2p0_a0p25_b0p05__wd1e-04trmiss0_degmodglobal,20,0.6638092249631882,0.7029576301574707,0.55,0.7061709124209125,0.5384615384615384,0.0,0.6544389575719833,0.6469346433877945,0.05004093702882528,0.08728683367371559,0.0,0.0,0.0,0.0,0.0,18473,global,0.0
4,3,lr1e-05_bs16_drop0p2_temp2p0_a0p25_b0p05__wd1e-04trmiss0_degmodglobal,16,1e-05,0.0001,0.2,2.0,0.25,0.05,lr1e-05_bs16_drop0p2_temp2p0_a0p25_b0p05__wd1e-04trmiss0_degmodglobal,21,0.6359812021255493,0.7009085416793823,0.55,0.7061709124209125,0.5384615384615384,0.0,0.6498717665672302,0.6202218532562256,0.04609346762299538,0.08471968490630388,0.0,0.0,0.0,0.0,0.0,18473,global,0.0
4,3,lr1e-05_bs16_drop0p2_temp2p0_a0p25_b0p05__wd1e-04trmiss0_degmodglobal,16,1e-05,0.0001,0.2,2.0,0.25,0.05,lr1e-05_bs16_drop0p2_temp2p0_a0p25_b0p05__wd1e-04trmiss0_degmodglobal,22,0.6475061476230621,0.700210690498352,0.5499999999999999,0.7374209124209123,0.5384615384615384,0.0,0.6220008581876755,0.6313763111829758,0.04887857101857662,0.07820362225174904,0.0,0.0,0.0,0.0,0.0,18473,global,0.0
4,3,lr1e-05_bs16_drop0p2_temp2p0_a0p25_b0p05__wd1e-04trmiss0_degmodglobal,16,1e-05,0.0001,0.2,2.0,0.25,0.05,lr1e-05_bs16_drop0p2_temp2p0_a0p25_b0p05__wd1e-04trmiss0_degmodglobal,23,0.663183867931366,0.701591968536377,0.5499999999999999,0.7374209124209123,0.5384615384615384,0.0,0.6352399438619614,0.6491640508174896,0.04014966730028391,0.07964789122343063,0.0,0.0,0.0,0.0,0.0,18473,global,0.0
4,3,lr1e-05_bs16_drop0p2_temp2p0_a0p25_b0p05__wd1e-04trmiss0_degmodglobal,16,1e-05,0.0001,0.2,2.0,0.25,0.05,lr1e-05_bs16_drop0p2_temp2p0_a0p25_b0p05__wd1e-04trmiss0_degmodglobal,24,0.6776238083839417,0.7018981575965881,0.5499999999999999,0.7374209124209123,0.5384615384615384,0.0,0.6425863951444626,0.6617611944675446,0.04769043158739805,0.07880003936588764,0.0,0.0,0.0,0.0,0.0,18473,global,0.0
4,3,lr1e-05_bs16_drop0p2_temp2p0_a0p25_b0p05__wd1e-04trmiss0_degmodglobal,16,1e-05,0.0001,0.2,2.0,0.25,0.05,lr1e-05_bs16_drop0p2_temp2p0_a0p25_b0p05__wd1e-04trmiss0_degmodglobal,25,0.6552055180072784,0.7043319940567017,0.5499999999999999,0.7374209124209123,0.5384615384615384,0.0,0.6094154566526413,0.6407556235790253,0.04151537735015154,0.08142087049782276,0.0,0.0,0.0,0.0,0.0,18473,global,0.0
4,3,lr1e-05_bs16_drop0p2_temp2p0_a0p25_b0p05__wd1e-04trmiss0_degmodglobal,16,1e-05,0.0001,0.2,2.0,0.25,0.05,lr1e-05_bs16_drop0p2_temp2p0_a0p25_b0p05__wd1e-04trmiss0_degmodglobal,26,0.6312472969293594,0.7042518258094788,0.575,0.7453754578754579,0.5384615384615384,0.0,0.6159219443798065,0.6144573241472244,0.04789006523787975,0.0963489506393671,0.0,0.0,0.0,0.0,0.0,18473,global,0.0
4,3,lr1e-05_bs16_drop0p2_temp2p0_a0p25_b0p05__wd1e-04trmiss0_degmodglobal,16,1e-05,0.0001,0.2,2.0,0.25,0.05,lr1e-05_bs16_drop0p2_temp2p0_a0p25_b0p05__wd1e-04trmiss0_degmodglobal,27,0.6652771830558777,0.7077617645263672,0.575,0.7453754578754579,0.5384615384615384,0.0,0.622292622923851,0.648240476846695,0.04557022824883461,0.11288263462483883,0.0,0.0,0.0,0.0,0.0,18473,global,0.0
4,3,lr1e-05_bs16_drop0p2_temp2p0_a0p25_b0p05__wd1e-04trmiss0_degmodglobal,16,1e-05,0.0001,0.2,2.0,0.25,0.05,lr1e-05_bs16_drop0p2_temp2p0_a0p25_b0p05__wd1e-04trmiss0_degmodglobal,28,0.6230218559503555,0.7047926187515259,0.575,0.7453754578754579,0.5384615384615384,0.0,0.6288198828697205,0.6091715544462204,0.04154490027576685,0.06928183883428574,0.0,0.0,0.0,0.0,0.0,18473,global,0.0
4,3,lr1e-05_bs16_drop0p2_temp2p0_a0p25_b0p05__wd1e-04trmiss0_degmodglobal,16,1e-05,0.0001,0.2,2.0,0.25,0.05,lr1e-05_bs16_drop0p2_temp2p0_a0p25_b0p05__wd1e-04trmiss0_degmodglobal,29,0.624325156211853,0.702443540096283,0.575,0.7453754578754579,0.5384615384615384,0.0,0.6164391338825226,0.6094100177288055,0.04309975914657116,0.08280393667519093,0.0,0.0,0.0,0.0,0.0,18473,global,0.0
4,3,lr1e-05_bs16_drop0p2_temp2p0_a0p25_b0p05__wd1e-04trmiss0_degmodglobal,16,1e-05,0.0001,0.2,2.0,0.25,0.05,lr1e-05_bs16_drop0p2_temp2p0_a0p25_b0p05__wd1e-04trmiss0_degmodglobal,30,0.6429642140865326,0.704948365688324,0.575,0.7453754578754579,0.5384615384615384,0.0,0.624650701880455,0.6271807998418808,0.04752482660114765,0.07804416865110397,0.0,0.0,0.0,0.0,0.0,18473,global,0.0
4,3,lr1e-05_bs16_drop0p2_temp2p0_a0p25_b0p05__wd1e-04trmiss0_degmodglobal,16,1e-05,0.0001,0.2,2.0,0.25,0.05,lr1e-05_bs16_drop0p2_temp2p0_a0p25_b0p05__wd1e-04trmiss0_degmodglobal,31,0.6422853767871857,0.7046300768852234,0.575,0.7453754578754579,0.5384615384615384,0.0,0.6178535968065262,0.6271816790103912,0.044139052741229534,0.08137832395732403,0.0,0.0,0.0,0.0,0.0,18473,global,0.0
4,3,lr1e-05_bs16_drop0p2_temp2p0_a0p25_b0p05__wd1e-04trmiss0_degmodglobal,16,1e-05,0.0001,0.2,2.0,0.25,0.05,lr1e-05_bs16_drop0p2_temp2p0_a0p25_b0p05__wd1e-04trmiss0_degmodglobal,32,0.6358759105205536,0.7055612802505493,0.575,0.7453754578754579,0.5384615384615384,0.0,0.6133207082748413,0.6223874539136887,0.03970635123550892,0.0712376618757844,0.0,0.0,0.0,0.0,0.0,18473,global,0.0
4,3,lr1e-05_bs16_drop0p2_temp2p0_a0p25_b0p05__wd1e-04trmiss0_degmodglobal,16,1e-05,0.0001,0.2,2.0,0.25,0.05,lr1e-05_bs16_drop0p2_temp2p0_a0p25_b0p05__wd1e-04trmiss0_degmodglobal,33,0.6330324113368988,0.7058447599411011,0.575,0.7453754578754579,0.5384615384615384,0.0,0.6229002624750137,0.6180286109447479,0.04161142557859421,0.09201875701546669,0.0,0.0,0.0,0.0,0.0,18473,global,0.0
4,3,lr1e-05_bs16_drop0p4_temp1p0_a0p25_b0p05__wd1e-04trmiss0_degmodglobal,16,1e-05,0.0001,0.4,1.0,0.25,0.05,lr1e-05_bs16_drop0p4_temp1p0_a0p25_b0p05__wd1e-04trmiss0_degmodglobal,1,0.7333935797214508,0.7026079893112183,0.5249999999999999,0.7537518037518037,0.5384615384615384,0.0,0.7218683958053589,0.7113795578479767,0.05665221717208624,0.1570193413645029,0.0,0.0,0.0,0.0,0.0,18473,global,0.0
4,3,lr1e-05_bs16_drop0p4_temp1p0_a0p25_b0p05__wd1e-04trmiss0_degmodglobal,16,1e-05,0.0001,0.4,1.0,0.25,0.05,lr1e-05_bs16_drop0p4_temp1p0_a0p25_b0p05__wd1e-04trmiss0_degmodglobal,2,0.7186067253351212,0.7022173404693604,0.49999999999999994,0.7225018037518037,0.5384615384615384,0.0,0.71005579829216,0.6977797299623489,0.054460716899484396,0.14423662051558495,0.0,0.0,0.0,0.0,0.0,18473,global,0.0
4,3,lr1e-05_bs16_drop0p4_temp1p0_a0p25_b0p05__wd1e-04trmiss0_degmodglobal,16,1e-05,0.0001,0.4,1.0,0.25,0.05,lr1e-05_bs16_drop0p4_temp1p0_a0p25_b0p05__wd1e-04trmiss0_degmodglobal,3,0.7388117611408234,0.702903687953949,0.475,0.6808351370851371,0.5384615384615384,0.0,0.7290205210447311,0.716211661696434,0.05622541345655918,0.17087484151124954,0.0,0.0,0.0,0.0,0.0,18473,global,0.0
4,3,lr1e-05_bs16_drop0p4_temp1p0_a0p25_b0p05__wd1e-04trmiss0_degmodglobal,16,1e-05,0.0001,0.4,1.0,0.25,0.05,lr1e-05_bs16_drop0p4_temp1p0_a0p25_b0p05__wd1e-04trmiss0_degmodglobal,4,0.7292830944061279,0.703831672668457,0.5,0.6895156926406927,0.5384615384615384,0.0,0.6990010589361191,0.7058462202548981,0.05892145447432995,0.1741297598928213,0.0,0.0,0.0,0.0,0.0,18473,global,0.0
4,3,lr1e-05_bs16_drop0p4_temp1p0_a0p25_b0p05__wd1e-04trmiss0_degmodglobal,16,1e-05,0.0001,0.4,1.0,0.25,0.05,lr1e-05_bs16_drop0p4_temp1p0_a0p25_b0p05__wd1e-04trmiss0_degmodglobal,5,0.694436252117157,0.7027796506881714,0.5249999999999999,0.697849025974026,0.5384615384615384,0.0,0.7301993370056152,0.661978229880333,0.07330255955457687,0.28264790400862694,0.0,0.0,0.0,0.0,0.0,18473,global,0.0
4,3,lr1e-05_bs16_drop0p4_temp1p0_a0p25_b0p05__wd1e-04trmiss0_degmodglobal,16,1e-05,0.0001,0.4,1.0,0.25,0.05,lr1e-05_bs16_drop0p4_temp1p0_a0p25_b0p05__wd1e-04trmiss0_degmodglobal,6,0.7371051609516144,0.7018615007400513,0.5249999999999999,0.697849025974026,0.5384615384615384,0.0,0.726938471198082,0.7106078118085861,0.06448949780315161,0.2074996903538704,0.0,0.0,0.0,0.0,0.0,18473,global,0.0
4,3,lr1e-05_bs16_drop0p4_temp1p0_a0p25_b0p05__wd1e-04trmiss0_degmodglobal,16,1e-05,0.0001,0.4,1.0,0.25,0.05,lr1e-05_bs16_drop0p4_temp1p0_a0p25_b0p05__wd1e-04trmiss0_degmodglobal,7,0.714734673500061,0.7009619474411011,0.5,0.635349025974026,0.5384615384615384,0.0,0.7109344303607941,0.6933518797159195,0.062378003261983395,0.11576624121516943,0.0,0.0,0.0,0.0,0.0,18473,global,0.0
4,3,lr1e-05_bs16_drop0p4_temp1p0_a0p25_b0p05__wd1e-04trmiss0_degmodglobal,16,1e-05,0.0001,0.4,1.0,0.25,0.05,lr1e-05_bs16_drop0p4_temp1p0_a0p25_b0p05__wd1e-04trmiss0_degmodglobal,8,0.7142381519079208,0.7017725706100464,0.5249999999999999,0.6472537878787878,0.5384615384615384,0.0,0.6992369443178177,0.6926007568836212,0.055809713900089264,0.1536989789456129,0.0,0.0,0.0,0.0,0.0,18473,global,0.0
4,3,lr1e-05_bs16_drop0p4_temp1p0_a0p25_b0p05__wd1e-04trmiss0_degmodglobal,16,1e-05,0.0001,0.4,1.0,0.25,0.05,lr1e-05_bs16_drop0p4_temp1p0_a0p25_b0p05__wd1e-04trmiss0_degmodglobal,9,0.7257391512393951,0.699603796005249,0.55,0.6552083333333333,0.5384615384615384,0.0,0.7226637452840805,0.7045845985412598,0.05698548909276724,0.13816354796290398,0.0,0.0,0.0,0.0,0.0,18473,global,0.0
4,3,lr1e-05_bs16_drop0p4_temp1p0_a0p25_b0p05__wd1e-04trmiss0_degmodglobal,16,1e-05,0.0001,0.4,1.0,0.25,0.05,lr1e-05_bs16_drop0p4_temp1p0_a0p25_b0p05__wd1e-04trmiss0_degmodglobal,10,0.7250175327062607,0.6962776184082031,0.55,0.6552083333333333,0.5384615384615384,0.0,0.697806715965271,0.6978963613510132,0.07139958441257477,0.18542511388659477,0.0,0.0,0.0,0.0,0.0,18473,global,0.0
4,3,lr1e-05_bs16_drop0p4_temp1p0_a0p25_b0p05__wd1e-04trmiss0_degmodglobal,16,1e-05,0.0001,0.4,1.0,0.25,0.05,lr1e-05_bs16_drop0p4_temp1p0_a0p25_b0p05__wd1e-04trmiss0_degmodglobal,11,0.6905909478664398,0.6944722533226013,0.6,0.6794507575757576,0.5384615384615384,0.0,0.6747166812419891,0.6689601093530655,0.05929735954850912,0.13612990453839302,0.0,0.0,0.0,0.0,0.0,18473,global,0.0
4,3,lr1e-05_bs16_drop0p4_temp1p0_a0p25_b0p05__wd1e-04trmiss0_degmodglobal,16,1e-05,0.0001,0.4,1.0,0.25,0.05,lr1e-05_bs16_drop0p4_temp1p0_a0p25_b0p05__wd1e-04trmiss0_degmodglobal,12,0.7016539424657822,0.6938789486885071,0.6,0.6794507575757576,0.5384615384615384,0.0,0.7173613160848618,0.6796743124723434,0.057983036153018475,0.14967723563313484,0.0,0.0,0.0,0.0,0.0,18473,global,0.0
4,3,lr1e-05_bs16_drop0p4_temp1p0_a0p25_b0p05__wd1e-04trmiss0_degmodglobal,16,1e-05,0.0001,0.4,1.0,0.25,0.05,lr1e-05_bs16_drop0p4_temp1p0_a0p25_b0p05__wd1e-04trmiss0_degmodglobal,13,0.6681128740310669,0.691919207572937,0.625,0.6906114718614719,0.5384615384615384,0.0,0.7050159424543381,0.6459074020385742,0.05364700127393007,0.1758746150881052,0.0,0.0,0.0,0.0,0.0,18473,global,0.0
4,3,lr1e-05_bs16_drop0p4_temp1p0_a0p25_b0p05__wd1e-04trmiss0_degmodglobal,16,1e-05,0.0001,0.4,1.0,0.25,0.05,lr1e-05_bs16_drop0p4_temp1p0_a0p25_b0p05__wd1e-04trmiss0_degmodglobal,14,0.6880385130643845,0.6904276013374329,0.625,0.6906114718614719,0.5384615384615384,0.0,0.6879702061414719,0.6683251708745956,0.055705783888697624,0.11573791690170765,0.0,0.0,0.0,0.0,0.0,18473,global,0.0
4,3,lr1e-05_bs16_drop0p4_temp1p0_a0p25_b0p05__wd1e-04trmiss0_degmodglobal,16,1e-05,0.0001,0.4,1.0,0.25,0.05,lr1e-05_bs16_drop0p4_temp1p0_a0p25_b0p05__wd1e-04trmiss0_degmodglobal,15,0.6833198070526123,0.6889315843582153,0.6,0.6794507575757576,0.5384615384615384,0.0,0.6712861955165863,0.6637419909238815,0.05417265649884939,0.12069286033511162,0.0,0.0,0.0,0.0,0.0,18473,global,0.0
4,3,lr1e-05_bs16_drop0p4_temp1p0_a0p25_b0p05__wd1e-04trmiss0_degmodglobal,16,1e-05,0.0001,0.4,1.0,0.25,0.05,lr1e-05_bs16_drop0p4_temp1p0_a0p25_b0p05__wd1e-04trmiss0_degmodglobal,16,0.6860495060682297,0.6876581907272339,0.6,0.6794507575757576,0.5384615384615384,0.0,0.7059207707643509,0.6637253612279892,0.06420495267957449,0.12545784562826157,0.0,0.0,0.0,0.0,0.0,18473,global,0.0
4,3,lr1e-05_bs16_drop0p4_temp1p0_a0p25_b0p05__wd1e-04trmiss0_degmodglobal,16,1e-05,0.0001,0.4,1.0,0.25,0.05,lr1e-05_bs16_drop0p4_temp1p0_a0p25_b0p05__wd1e-04trmiss0_degmodglobal,17,0.6719073802232742,0.6864179968833923,0.6,0.6794507575757576,0.5384615384615384,0.0,0.6662963032722473,0.6538335978984833,0.04524382622912526,0.1352566611021757,0.0,0.0,0.0,0.0,0.0,18473,global,0.0
4,3,lr1e-05_bs16_drop0p4_temp1p0_a0p25_b0p05__wd1e-04trmiss0_degmodglobal,16,1e-05,0.0001,0.4,1.0,0.25,0.05,lr1e-05_bs16_drop0p4_temp1p0_a0p25_b0p05__wd1e-04trmiss0_degmodglobal,18,0.6926330924034119,0.6855753660202026,0.6,0.6794507575757576,0.5384615384615384,0.0,0.6601592451334,0.6712667346000671,0.05812895391136408,0.13668279722332954,0.0,0.0,0.0,0.0,0.0,18473,global,0.0
4,3,lr1e-05_bs16_drop0p4_temp1p0_a0p25_b0p05__wd1e-04trmiss0_degmodglobal,16,1e-05,0.0001,0.4,1.0,0.25,0.05,lr1e-05_bs16_drop0p4_temp1p0_a0p25_b0p05__wd1e-04trmiss0_degmodglobal,19,0.6894335150718689,0.6862430572509766,0.6,0.6794507575757576,0.5384615384615384,0.0,0.687760055065155,0.6687668412923813,0.04804738378152251,0.17309623211622238,0.0,0.0,0.0,0.0,0.0,18473,global,0.0
4,3,lr1e-05_bs16_drop0p4_temp1p0_a0p25_b0p05__wd1e-04trmiss0_degmodglobal,16,1e-05,0.0001,0.4,1.0,0.25,0.05,lr1e-05_bs16_drop0p4_temp1p0_a0p25_b0p05__wd1e-04trmiss0_degmodglobal,20,0.6396811604499817,0.6843736171722412,0.6,0.6794507575757576,0.5384615384615384,0.0,0.6769911050796509,0.6175525039434433,0.06050483975559473,0.140049010515213,0.0,0.0,0.0,0.0,0.0,18473,global,0.0
4,3,lr1e-05_bs16_drop0p4_temp1p0_a0p25_b0p05__wd1e-04trmiss0_degmodglobal,16,1e-05,0.0001,0.4,1.0,0.25,0.05,lr1e-05_bs16_drop0p4_temp1p0_a0p25_b0p05__wd1e-04trmiss0_degmodglobal,21,0.6990911066532135,0.6830493807792664,0.6,0.6794507575757576,0.5384615384615384,0.0,0.6894347667694092,0.6801197230815887,0.051431048195809126,0.12227234803140163,0.0,0.0,0.0,0.0,0.0,18473,global,0.0
4,3,lr1e-05_bs16_drop0p4_temp1p0_a0p25_b0p05__wd1e-04trmiss0_degmodglobal,16,1e-05,0.0001,0.4,1.0,0.25,0.05,lr1e-05_bs16_drop0p4_temp1p0_a0p25_b0p05__wd1e-04trmiss0_degmodglobal,22,0.6553960293531418,0.6815375089645386,0.6,0.6794507575757576,0.5384615384615384,0.0,0.6806572377681732,0.6367583870887756,0.04807132109999657,0.13239611685276031,0.0,0.0,0.0,0.0,0.0,18473,global,0.0
4,3,lr1e-05_bs16_drop0p4_temp1p0_a0p25_b0p05__wd1e-04trmiss0_degmodglobal,16,1e-05,0.0001,0.4,1.0,0.25,0.05,lr1e-05_bs16_drop0p4_temp1p0_a0p25_b0p05__wd1e-04trmiss0_degmodglobal,23,0.6564330458641052,0.6808061599731445,0.6,0.6794507575757576,0.6153846153846154,0.0,0.6564440131187439,0.6355800181627274,0.05761722568422556,0.12897443026304245,0.0,0.0,0.0,0.0,0.0,18473,global,0.0
4,3,lr1e-05_bs16_drop0p4_temp1p0_a0p25_b0p05__wd1e-04trmiss0_degmodglobal,16,1e-05,0.0001,0.4,1.0,0.25,0.05,lr1e-05_bs16_drop0p4_temp1p0_a0p25_b0p05__wd1e-04trmiss0_degmodglobal,24,0.6665384471416473,0.680889368057251,0.6,0.6794507575757576,0.5384615384615384,0.0,0.7135947644710541,0.6431345045566559,0.05881369486451149,0.1740105077624321,0.0,0.0,0.0,0.0,0.0,18473,global,0.0
4,3,lr1e-05_bs16_drop0p4_temp1p0_a0p25_b0p05__wd1e-04trmiss0_degmodglobal,16,1e-05,0.0001,0.4,1.0,0.25,0.05,lr1e-05_bs16_drop0p4_temp1p0_a0p25_b0p05__wd1e-04trmiss0_degmodglobal,25,0.6372125595808029,0.6836301684379578,0.6,0.6794507575757576,0.5384615384615384,0.0,0.6483395099639893,0.6193488389253616,0.04873826215043664,0.1135830208659172,0.0,0.0,0.0,0.0,0.0,18473,global,0.0
4,3,lr1e-05_bs16_drop0p4_temp1p0_a0p25_b0p05__wd1e-04trmiss0_degmodglobal,16,1e-05,0.0001,0.4,1.0,0.25,0.05,lr1e-05_bs16_drop0p4_temp1p0_a0p25_b0p05__wd1e-04trmiss0_degmodglobal,26,0.6874112784862518,0.6797211170196533,0.625,0.6906114718614719,0.5384615384615384,0.0,0.6516280621290207,0.6684137135744095,0.05280529521405697,0.11592517234385014,0.0,0.0,0.0,0.0,0.0,18473,global,0.0
4,3,lr1e-05_bs16_drop0p4_temp1p0_a0p25_b0p05__wd1e-04trmiss0_degmodglobal,16,1e-05,0.0001,0.4,1.0,0.25,0.05,lr1e-05_bs16_drop0p4_temp1p0_a0p25_b0p05__wd1e-04trmiss0_degmodglobal,27,0.6494887471199036,0.6764594316482544,0.625,0.6906114718614719,0.6153846153846154,0.0,0.652179166674614,0.6278113424777985,0.05506214965134859,0.158237149938941,0.0,0.0,0.0,0.0,0.0,18473,global,0.0
4,3,lr1e-05_bs16_drop0p4_temp1p0_a0p25_b0p05__wd1e-04trmiss0_degmodglobal,16,1e-05,0.0001,0.4,1.0,0.25,0.05,lr1e-05_bs16_drop0p4_temp1p0_a0p25_b0p05__wd1e-04trmiss0_degmodglobal,28,0.6962241530418396,0.6744084358215332,0.6,0.6794507575757576,0.6153846153846154,0.0,0.6671372801065445,0.6763152182102203,0.05623441096395254,0.11700674146413803,0.0,0.0,0.0,0.0,0.0,18473,global,0.0
4,3,lr1e-05_bs16_drop0p4_temp1p0_a0p25_b0p05__wd1e-04trmiss0_degmodglobal,16,1e-05,0.0001,0.4,1.0,0.25,0.05,lr1e-05_bs16_drop0p4_temp1p0_a0p25_b0p05__wd1e-04trmiss0_degmodglobal,29,0.6647621095180511,0.6751132607460022,0.625,0.6906114718614719,0.6153846153846154,0.0,0.6490743160247803,0.6412047743797302,0.062120817601680756,0.16054236516356468,0.0,0.0,0.0,0.0,0.0,18473,global,0.0
4,3,lr1e-05_bs16_drop0p4_temp1p0_a0p25_b0p05__wd1e-04trmiss0_degmodglobal,16,1e-05,0.0001,0.4,1.0,0.25,0.05,lr1e-05_bs16_drop0p4_temp1p0_a0p25_b0p05__wd1e-04trmiss0_degmodglobal,30,0.6358115673065186,0.6733350157737732,0.625,0.6906114718614719,0.6153846153846154,0.0,0.6328742057085037,0.6147965341806412,0.05865321960300207,0.12703471537679434,0.0,0.0,0.0,0.0,0.0,18473,global,0.0
4,3,lr1e-05_bs16_drop0p4_temp1p0_a0p25_b0p05__wd1e-04trmiss0_degmodglobal,16,1e-05,0.0001,0.4,1.0,0.25,0.05,lr1e-05_bs16_drop0p4_temp1p0_a0p25_b0p05__wd1e-04trmiss0_degmodglobal,31,0.6651082336902618,0.6764920353889465,0.625,0.6906114718614719,0.6153846153846154,0.0,0.6541134864091873,0.6448275148868561,0.0553925484418869,0.12865188531577587,0.0,0.0,0.0,0.0,0.0,18473,global,0.0
4,3,lr1e-05_bs16_drop0p4_temp1p0_a0p25_b0p05__wd1e-04trmiss0_degmodglobal,16,1e-05,0.0001,0.4,1.0,0.25,0.05,lr1e-05_bs16_drop0p4_temp1p0_a0p25_b0p05__wd1e-04trmiss0_degmodglobal,32,0.6628493666648865,0.6764405369758606,0.65,0.7010281385281386,0.6153846153846154,0.0,0.6670984774827957,0.6413268744945526,0.05777252372354269,0.1415873635560274,0.0,0.0,0.0,0.0,0.0,18473,global,0.0
4,3,lr1e-05_bs16_drop0p4_temp1p0_a0p25_b0p05__wd1e-04trmiss0_degmodglobal,16,1e-05,0.0001,0.4,1.0,0.25,0.05,lr1e-05_bs16_drop0p4_temp1p0_a0p25_b0p05__wd1e-04trmiss0_degmodglobal,33,0.6670851856470108,0.6774787902832031,0.65,0.7010281385281386,0.5384615384615384,0.0,0.6440013200044632,0.6461748331785202,0.057378063909709454,0.13131636753678322,0.0,0.0,0.0,0.0,0.0,18473,global,0.0
4,3,lr1e-05_bs16_drop0p4_temp1p0_a0p25_b0p05__wd1e-04trmiss0_degmodglobal,16,1e-05,0.0001,0.4,1.0,0.25,0.05,lr1e-05_bs16_drop0p4_temp1p0_a0p25_b0p05__wd1e-04trmiss0_degmodglobal,34,0.6436962634325027,0.6816621422767639,0.65,0.7010281385281386,0.5384615384615384,0.0,0.6364852339029312,0.624675452709198,0.05517260078340769,0.10455316491425037,0.0,0.0,0.0,0.0,0.0,18473,global,0.0
4,3,lr1e-05_bs16_drop0p4_temp1p0_a0p25_b0p05__wd1e-04trmiss0_degmodglobal,16,1e-05,0.0001,0.4,1.0,0.25,0.05,lr1e-05_bs16_drop0p4_temp1p0_a0p25_b0p05__wd1e-04trmiss0_degmodglobal,35,0.6463408470153809,0.6850231289863586,0.675,0.7107503607503608,0.5384615384615384,0.0,0.6337206065654755,0.6251746416091919,0.058087339624762535,0.13288741558790207,0.0,0.0,0.0,0.0,0.0,18473,global,0.0
4,3,lr1e-05_bs16_drop0p4_temp1p0_a0p25_b0p05__wd1e-04trmiss0_degmodglobal,16,1e-05,0.0001,0.4,1.0,0.25,0.05,lr1e-05_bs16_drop0p4_temp1p0_a0p25_b0p05__wd1e-04trmiss0_degmodglobal,36,0.6513375639915466,0.6863421201705933,0.675,0.7107503607503608,0.5384615384615384,0.0,0.6179704517126083,0.6210804879665375,0.07523740269243717,0.2289544977247715,0.0,0.0,0.0,0.0,0.0,18473,global,0.0
4,3,lr1e-05_bs16_drop0p4_temp1p0_a0p25_b0p05__wd1e-04trmiss0_degmodglobal,16,1e-05,0.0001,0.4,1.0,0.25,0.05,lr1e-05_bs16_drop0p4_temp1p0_a0p25_b0p05__wd1e-04trmiss0_degmodglobal,37,0.6317952275276184,0.6858732104301453,0.675,0.7107503607503608,0.5384615384615384,0.0,0.6458369195461273,0.6106886118650436,0.05206883046776056,0.16178797744214535,0.0,0.0,0.0,0.0,0.0,18473,global,0.0
4,3,lr1e-05_bs16_drop0p4_temp1p0_a0p25_b0p05__wd1e-04trmiss0_degmodglobal,16,1e-05,0.0001,0.4,1.0,0.25,0.05,lr1e-05_bs16_drop0p4_temp1p0_a0p25_b0p05__wd1e-04trmiss0_degmodglobal,38,0.6418982148170471,0.6845523715019226,0.675,0.7107503607503608,0.5384615384615384,0.0,0.6367898434400558,0.617207333445549,0.06617610529065132,0.1629370078444481,0.0,0.0,0.0,0.0,0.0,18473,global,0.0
4,3,lr1e-05_bs16_drop0p4_temp1p0_a0p25_b0p05__wd1e-04trmiss0_degmodglobal,16,1e-05,0.0001,0.4,1.0,0.25,0.05,lr1e-05_bs16_drop0p4_temp1p0_a0p25_b0p05__wd1e-04trmiss0_degmodglobal,39,0.6478094458580017,0.6852657198905945,0.675,0.7107503607503608,0.5384615384615384,0.0,0.6526528298854828,0.6226984411478043,0.06405766867101192,0.18193204328417778,0.0,0.0,0.0,0.0,0.0,18473,global,0.0
4,3,lr1e-05_bs16_drop0p4_temp1p0_a0p25_b0p05__wd1e-04trmiss0_degmodglobal,16,1e-05,0.0001,0.4,1.0,0.25,0.05,lr1e-05_bs16_drop0p4_temp1p0_a0p25_b0p05__wd1e-04trmiss0_degmodglobal,40,0.6629924178123474,0.684188723564148,0.7,0.7256313131313131,0.5384615384615384,0.0,0.6261707693338394,0.6435052156448364,0.050932872109115124,0.13507943227887154,0.0,0.0,0.0,0.0,0.0,18473,global,0.0
4,3,lr1e-05_bs16_drop0p4_temp1p0_a0p25_b0p05__wd1e-04trmiss0_degmodglobal,16,1e-05,0.0001,0.4,1.0,0.25,0.05,lr1e-05_bs16_drop0p4_temp1p0_a0p25_b0p05__wd1e-04trmiss0_degmodglobal,41,0.6481111198663712,0.6853630542755127,0.7,0.7256313131313131,0.5384615384615384,0.0,0.6756482571363449,0.6231535077095032,0.07144474424421787,0.14192882925271988,0.0,0.0,0.0,0.0,0.0,18473,global,0.0
4,3,lr1e-05_bs16_drop0p4_temp1p0_a0p25_b0p05__wd1e-04trmiss0_degmodglobal,16,1e-05,0.0001,0.4,1.0,0.25,0.05,lr1e-05_bs16_drop0p4_temp1p0_a0p25_b0p05__wd1e-04trmiss0_degmodglobal,42,0.6380832940340042,0.6855985522270203,0.7,0.7256313131313131,0.5384615384615384,0.0,0.622047558426857,0.6162503659725189,0.06574623007327318,0.1079277228564024,0.0,0.0,0.0,0.0,0.0,18473,global,0.0
4,3,lr1e-05_bs16_drop0p4_temp1p0_a0p25_b0p05__wd1e-04trmiss0_degmodglobal,16,1e-05,0.0001,0.4,1.0,0.25,0.05,lr1e-05_bs16_drop0p4_temp1p0_a0p25_b0p05__wd1e-04trmiss0_degmodglobal,43,0.6565469950437546,0.6846900582313538,0.7,0.7256313131313131,0.5384615384615384,0.0,0.5635936185717583,0.6238308101892471,0.07871449366211891,0.2607516050338745,0.0,0.0,0.0,0.0,0.0,18473,global,0.0
4,3,lr1e-05_bs16_drop0p4_temp1p0_a0p25_b0p05__wd1e-04trmiss0_degmodglobal,16,1e-05,0.0001,0.4,1.0,0.25,0.05,lr1e-05_bs16_drop0p4_temp1p0_a0p25_b0p05__wd1e-04trmiss0_degmodglobal,44,0.6411686390638351,0.6853286027908325,0.725,0.7347222222222223,0.5384615384615384,0.0,0.6534698307514191,0.6221212893724442,0.05794467777013779,0.09122338704764843,0.0,0.0,0.0,0.0,0.0,18473,global,0.0
4,3,lr1e-05_bs16_drop0p4_temp1p0_a0p25_b0p05__wd1e-04trmiss0_degmodglobal,16,1e-05,0.0001,0.4,1.0,0.25,0.05,lr1e-05_bs16_drop0p4_temp1p0_a0p25_b0p05__wd1e-04trmiss0_degmodglobal,45,0.6327910125255585,0.684273362159729,0.7,0.7198412698412698,0.5384615384615384,0.0,0.6239158511161804,0.6121382862329483,0.054607897996902466,0.14001531526446342,0.0,0.0,0.0,0.0,0.0,18473,global,0.0
4,3,lr1e-05_bs16_drop0p4_temp1p0_a0p25_b0p05__wd1e-04trmiss0_degmodglobal,16,1e-05,0.0001,0.4,1.0,0.25,0.05,lr1e-05_bs16_drop0p4_temp1p0_a0p25_b0p05__wd1e-04trmiss0_degmodglobal,46,0.6289801597595215,0.6851931810379028,0.7,0.7198412698412698,0.5384615384615384,0.0,0.6052992194890976,0.6078790128231049,0.05763589218258858,0.13384377025067806,0.0,0.0,0.0,0.0,0.0,18473,global,0.0
4,3,lr1e-05_bs16_drop0p4_temp1p0_a0p25_b0p05__wd1e-04trmiss0_degmodglobal,16,1e-05,0.0001,0.4,1.0,0.25,0.05,lr1e-05_bs16_drop0p4_temp1p0_a0p25_b0p05__wd1e-04trmiss0_degmodglobal,47,0.648504912853241,0.6861669421195984,0.7,0.7198412698412698,0.5384615384615384,0.0,0.6349097788333893,0.6225884258747101,0.06894603185355663,0.1735996287316084,0.0,0.0,0.0,0.0,0.0,18473,global,0.0
4,3,lr1e-05_bs16_drop0p4_temp1p0_a0p25_b0p05__wd1e-04trmiss0_degmodglobal,16,1e-05,0.0001,0.4,1.0,0.25,0.05,lr1e-05_bs16_drop0p4_temp1p0_a0p25_b0p05__wd1e-04trmiss0_degmodglobal,48,0.6256140172481537,0.6870463490486145,0.7,0.7198412698412698,0.5384615384615384,0.0,0.6565666496753693,0.6011298298835754,0.06545827817171812,0.16239209100604057,0.0,0.0,0.0,0.0,0.0,18473,global,0.0
4,3,lr1e-05_bs16_drop0p4_temp1p0_a0p25_b0p05__wd1e-04trmiss0_degmodglobal,16,1e-05,0.0001,0.4,1.0,0.25,0.05,lr1e-05_bs16_drop0p4_temp1p0_a0p25_b0p05__wd1e-04trmiss0_degmodglobal,49,0.6345243006944656,0.6865661144256592,0.7,0.7198412698412698,0.5384615384615384,0.0,0.5916774719953537,0.6131772994995117,0.058703537099063396,0.13342200964689255,0.0,0.0,0.0,0.0,0.0,18473,global,0.0
4,3,lr1e-05_bs16_drop0p4_temp1p0_a0p25_b0p05__wd1e-04trmiss0_degmodglobal,16,1e-05,0.0001,0.4,1.0,0.25,0.05,lr1e-05_bs16_drop0p4_temp1p0_a0p25_b0p05__wd1e-04trmiss0_degmodglobal,50,0.6770349740982056,0.685371994972229,0.7,0.7198412698412698,0.5384615384615384,0.0,0.6276694685220718,0.6565467566251755,0.05305698234587908,0.1444796435534954,0.0,0.0,0.0,0.0,0.0,18473,global,0.0
4,3,lr1e-05_bs16_drop0p4_temp1p0_a0p25_b0p05__wd1e-04trmiss0_degmodglobal,16,1e-05,0.0001,0.4,1.0,0.25,0.05,lr1e-05_bs16_drop0p4_temp1p0_a0p25_b0p05__wd1e-04trmiss0_degmodglobal,51,0.618546262383461,0.6845719814300537,0.7,0.7198412698412698,0.5384615384615384,0.0,0.6398817002773285,0.6026676148176193,0.04856084939092398,0.0747683229856193,0.0,0.0,0.0,0.0,0.0,18473,global,0.0
4,3,lr1e-05_bs16_drop0p4_temp1p0_a0p25_b0p05__wd1e-04trmiss0_degmodglobal,16,1e-05,0.0001,0.4,1.0,0.25,0.05,lr1e-05_bs16_drop0p4_temp1p0_a0p25_b0p05__wd1e-04trmiss0_degmodglobal,52,0.6468798071146011,0.6834307909011841,0.7,0.7198412698412698,0.5384615384615384,0.0,0.6249786615371704,0.6235789060592651,0.06533787120133638,0.13932834193110466,0.0,0.0,0.0,0.0,0.0,18473,global,0.0
4,3,lr1e-05_bs16_drop0p4_temp1p0_a0p25_b0p05__wd1e-04trmiss0_degmodglobal,16,1e-05,0.0001,0.4,1.0,0.25,0.05,lr1e-05_bs16_drop0p4_temp1p0_a0p25_b0p05__wd1e-04trmiss0_degmodglobal,53,0.617393285036087,0.6831779479980469,0.7,0.7198412698412698,0.5384615384615384,0.0,0.6360257267951965,0.5967808961868286,0.05609111953526735,0.131792020983994,0.0,0.0,0.0,0.0,0.0,18473,global,0.0
4,3,lr1e-05_bs16_drop0p4_temp1p0_a0p25_b0p05__wd1e-04trmiss0_degmodglobal,16,1e-05,0.0001,0.4,1.0,0.25,0.05,lr1e-05_bs16_drop0p4_temp1p0_a0p25_b0p05__wd1e-04trmiss0_degmodglobal,54,0.6130923330783844,0.6834745407104492,0.7,0.7198412698412698,0.5384615384615384,0.0,0.6322806924581528,0.5941145718097687,0.052367281168699265,0.1177189014852047,0.0,0.0,0.0,0.0,0.0,18473,global,0.0
4,3,lr1e-05_bs16_drop0p4_temp1p0_a0p25_b0p05__wd1e-04trmiss0_degmodglobal,16,1e-05,0.0001,0.4,1.0,0.25,0.05,lr1e-05_bs16_drop0p4_temp1p0_a0p25_b0p05__wd1e-04trmiss0_degmodglobal,55,0.6225423812866211,0.685054361820221,0.7,0.7198412698412698,0.5384615384615384,0.0,0.5924743562936783,0.6017839312553406,0.05366493947803974,0.14684439077973366,0.0,0.0,0.0,0.0,0.0,18473,global,0.0
4,3,lr1e-05_bs16_drop0p4_temp1p0_a0p25_b0p05__wd1e-04trmiss0_degmodglobal,16,1e-05,0.0001,0.4,1.0,0.25,0.05,lr1e-05_bs16_drop0p4_temp1p0_a0p25_b0p05__wd1e-04trmiss0_degmodglobal,56,0.6217353045940399,0.6859539747238159,0.7,0.7198412698412698,0.5384615384615384,0.0,0.6286346614360809,0.6036659777164459,0.047329507768154144,0.12473939452320337,0.0,0.0,0.0,0.0,0.0,18473,global,0.0
4,3,lr1e-05_bs16_drop0p4_temp1p0_a0p25_b0p05__wd1e-04trmiss0_degmodglobal,16,1e-05,0.0001,0.4,1.0,0.25,0.05,lr1e-05_bs16_drop0p4_temp1p0_a0p25_b0p05__wd1e-04trmiss0_degmodglobal,57,0.6073814779520035,0.6851370930671692,0.7,0.7198412698412698,0.5384615384615384,0.0,0.6086207032203674,0.5852064788341522,0.05915948282927275,0.14770318195223808,0.0,0.0,0.0,0.0,0.0,18473,global,0.0
4,3,lr1e-05_bs16_drop0p4_temp1p0_a0p25_b0p05__wd1e-04trmiss0_degmodglobal,16,1e-05,0.0001,0.4,1.0,0.25,0.05,lr1e-05_bs16_drop0p4_temp1p0_a0p25_b0p05__wd1e-04trmiss0_degmodglobal,58,0.6582710891962051,0.6851373910903931,0.7,0.7198412698412698,0.5384615384615384,0.0,0.5963640660047531,0.6357529312372208,0.05688219144940376,0.1659516505897045,0.0,0.0,0.0,0.0,0.0,18473,global,0.0
4,3,lr1e-05_bs16_drop0p4_temp1p0_a0p25_b0p05__wd1e-04trmiss0_degmodglobal,16,1e-05,0.0001,0.4,1.0,0.25,0.05,lr1e-05_bs16_drop0p4_temp1p0_a0p25_b0p05__wd1e-04trmiss0_degmodglobal,59,0.6592528223991394,0.6839877367019653,0.7,0.7198412698412698,0.5384615384615384,0.0,0.590056911110878,0.6350842863321304,0.06386602483689785,0.16404074244201183,0.0,0.0,0.0,0.0,0.0,18473,global,0.0
4,3,lr1e-05_bs16_drop0p4_temp1p0_a0p25_b0p05__wd1e-04trmiss0_degmodglobal,16,1e-05,0.0001,0.4,1.0,0.25,0.05,lr1e-05_bs16_drop0p4_temp1p0_a0p25_b0p05__wd1e-04trmiss0_degmodglobal,60,0.603047177195549,0.6862066984176636,0.7,0.7198412698412698,0.5384615384615384,0.0,0.6187302023172379,0.5804709047079086,0.06268393527716398,0.13810605369508266,0.0,0.0,0.0,0.0,0.0,18473,global,0.0
4,3,lr1e-05_bs16_drop0p4_temp1p0_a0p25_b0p05__wd1e-04trmiss0_degmodglobal,16,1e-05,0.0001,0.4,1.0,0.25,0.05,lr1e-05_bs16_drop0p4_temp1p0_a0p25_b0p05__wd1e-04trmiss0_degmodglobal,61,0.6689849197864532,0.6849678158760071,0.7,0.7198412698412698,0.5384615384615384,0.0,0.6150080859661102,0.6457606554031372,0.06497105397284031,0.13963015191257,0.0,0.0,0.0,0.0,0.0,18473,global,0.0
4,3,lr1e-05_bs16_drop0p4_temp1p0_a0p25_b0p05__wd1e-04trmiss0_degmodglobal,16,1e-05,0.0001,0.4,1.0,0.25,0.05,lr1e-05_bs16_drop0p4_temp1p0_a0p25_b0p05__wd1e-04trmiss0_degmodglobal,62,0.627728670835495,0.6838858127593994,0.7,0.7198412698412698,0.5384615384615384,0.0,0.5758629143238068,0.6050805449485779,0.06395662389695644,0.13317956030368805,0.0,0.0,0.0,0.0,0.0,18473,global,0.0
4,3,lr1e-05_bs16_drop0p4_temp1p0_a0p25_b0p05__wd1e-04trmiss0_degmodglobal,16,1e-05,0.0001,0.4,1.0,0.25,0.05,lr1e-05_bs16_drop0p4_temp1p0_a0p25_b0p05__wd1e-04trmiss0_degmodglobal,63,0.6252065896987915,0.6849241256713867,0.7,0.7198412698412698,0.5384615384615384,0.0,0.602167472243309,0.6070189028978348,0.055236720480024815,0.08757037855684757,0.0,0.0,0.0,0.0,0.0,18473,global,0.0
4,3,lr1e-05_bs16_drop0p4_temp1p0_a0p25_b0p05__wd1e-04trmiss0_degmodglobal,16,1e-05,0.0001,0.4,1.0,0.25,0.05,lr1e-05_bs16_drop0p4_temp1p0_a0p25_b0p05__wd1e-04trmiss0_degmodglobal,64,0.6006127148866653,0.6841238141059875,0.7,0.7198412698412698,0.5384615384615384,0.0,0.6192192435264587,0.5800878405570984,0.055569919757544994,0.13264788128435612,0.0,0.0,0.0,0.0,0.0,18473,global,0.0
4,3,lr1e-05_bs16_drop0p4_temp2p0_a0p25_b0p05__wd1e-04trmiss0_degmodglobal,16,1e-05,0.0001,0.4,2.0,0.25,0.05,lr1e-05_bs16_drop0p4_temp2p0_a0p25_b0p05__wd1e-04trmiss0_degmodglobal,1,0.7192879915237427,0.6525883674621582,0.625,0.7857954545454545,0.6153846153846154,0.0,0.7637775391340256,0.6957584917545319,0.054866695776581764,0.1962563581764698,0.0,0.0,0.0,0.0,0.0,18473,global,0.0
4,3,lr1e-05_bs16_drop0p4_temp2p0_a0p25_b0p05__wd1e-04trmiss0_degmodglobal,16,1e-05,0.0001,0.4,2.0,0.25,0.05,lr1e-05_bs16_drop0p4_temp2p0_a0p25_b0p05__wd1e-04trmiss0_degmodglobal,2,0.7628160715103149,0.6504366993904114,0.625,0.7857954545454545,0.6153846153846154,0.0,0.7630437463521957,0.734259158372879,0.0701097659766674,0.2205894999206066,0.0,0.0,0.0,0.0,0.0,18473,global,0.0
4,3,lr1e-05_bs16_drop0p4_temp2p0_a0p25_b0p05__wd1e-04trmiss0_degmodglobal,16,1e-05,0.0001,0.4,2.0,0.25,0.05,lr1e-05_bs16_drop0p4_temp2p0_a0p25_b0p05__wd1e-04trmiss0_degmodglobal,3,0.7500984370708466,0.6518070697784424,0.65,0.8170454545454545,0.6153846153846154,0.0,0.7689950317144394,0.7233885526657104,0.06272373348474503,0.22057901322841644,0.0,0.0,0.0,0.0,0.0,18473,global,0.0
4,3,lr1e-05_bs16_drop0p4_temp2p0_a0p25_b0p05__wd1e-04trmiss0_degmodglobal,16,1e-05,0.0001,0.4,2.0,0.25,0.05,lr1e-05_bs16_drop0p4_temp2p0_a0p25_b0p05__wd1e-04trmiss0_degmodglobal,4,0.7051103264093399,0.6560022234916687,0.65,0.8170454545454545,0.6153846153846154,0.0,0.726387694478035,0.6841640025377274,0.050308650359511375,0.16738291829824448,0.0,0.0,0.0,0.0,0.0,18473,global,0.0
4,3,lr1e-05_bs16_drop0p4_temp2p0_a0p25_b0p05__wd1e-04trmiss0_degmodglobal,16,1e-05,0.0001,0.4,2.0,0.25,0.05,lr1e-05_bs16_drop0p4_temp2p0_a0p25_b0p05__wd1e-04trmiss0_degmodglobal,5,0.7166797667741776,0.657670795917511,0.7,0.8333333333333334,0.6153846153846154,0.0,0.7169978767633438,0.6974031925201416,0.0470048445276916,0.15050744451582432,0.0,0.0,0.0,0.0,0.0,18473,global,0.0
4,3,lr1e-05_bs16_drop0p4_temp2p0_a0p25_b0p05__wd1e-04trmiss0_degmodglobal,16,1e-05,0.0001,0.4,2.0,0.25,0.05,lr1e-05_bs16_drop0p4_temp2p0_a0p25_b0p05__wd1e-04trmiss0_degmodglobal,6,0.7398572266101837,0.6615749001502991,0.7,0.8333333333333334,0.6153846153846154,0.0,0.7477895319461823,0.717341274023056,0.056530045345425606,0.16766864620149136,0.0,0.0,0.0,0.0,0.0,18473,global,0.0
4,3,lr1e-05_bs16_drop0p4_temp2p0_a0p25_b0p05__wd1e-04trmiss0_degmodglobal,16,1e-05,0.0001,0.4,2.0,0.25,0.05,lr1e-05_bs16_drop0p4_temp2p0_a0p25_b0p05__wd1e-04trmiss0_degmodglobal,7,0.7069373279809952,0.6637623906135559,0.7,0.8333333333333334,0.6153846153846154,0.0,0.7375968247652054,0.6889465004205704,0.04433878930285573,0.13812214136123657,0.0,0.0,0.0,0.0,0.0,18473,global,0.0
4,3,lr1e-05_bs16_drop0p4_temp2p0_a0p25_b0p05__wd1e-04trmiss0_degmodglobal,16,1e-05,0.0001,0.4,2.0,0.25,0.05,lr1e-05_bs16_drop0p4_temp2p0_a0p25_b0p05__wd1e-04trmiss0_degmodglobal,8,0.7218209356069565,0.664860725402832,0.7,0.8333333333333334,0.6153846153846154,0.0,0.6839622110128403,0.6958548277616501,0.06520870793610811,0.1932784914970398,0.0,0.0,0.0,0.0,0.0,18473,global,0.0
4,3,lr1e-05_bs16_drop0p4_temp2p0_a0p25_b0p05__wd1e-04trmiss0_degmodglobal,16,1e-05,0.0001,0.4,2.0,0.25,0.05,lr1e-05_bs16_drop0p4_temp2p0_a0p25_b0p05__wd1e-04trmiss0_degmodglobal,9,0.7034102976322174,0.6665205359458923,0.7,0.8333333333333334,0.6153846153846154,0.0,0.7041801512241364,0.6764652580022812,0.063464286737144,0.22157952189445496,0.0,0.0,0.0,0.0,0.0,18473,global,0.0
4,3,lr1e-05_bs16_drop0p4_temp2p0_a0p25_b0p05__wd1e-04trmiss0_degmodglobal,16,1e-05,0.0001,0.4,2.0,0.25,0.05,lr1e-05_bs16_drop0p4_temp2p0_a0p25_b0p05__wd1e-04trmiss0_degmodglobal,10,0.7122372984886169,0.6658591628074646,0.7,0.8333333333333334,0.6153846153846154,0.0,0.6869689077138901,0.686610534787178,0.0658229379914701,0.18342068791389465,0.0,0.0,0.0,0.0,0.0,18473,global,0.0
4,3,lr1e-05_bs16_drop0p4_temp2p0_a0p25_b0p05__wd1e-04trmiss0_degmodglobal,16,1e-05,0.0001,0.4,2.0,0.25,0.05,lr1e-05_bs16_drop0p4_temp2p0_a0p25_b0p05__wd1e-04trmiss0_degmodglobal,11,0.6964214593172073,0.6638814806938171,0.7,0.8333333333333334,0.6153846153846154,0.0,0.7264725118875504,0.6693628579378128,0.06290066614747047,0.22666845098137856,0.0,0.0,0.0,0.0,0.0,18473,global,0.0
4,3,lr1e-05_bs16_drop0p4_temp2p0_a0p25_b0p05__wd1e-04trmiss0_degmodglobal,16,1e-05,0.0001,0.4,2.0,0.25,0.05,lr1e-05_bs16_drop0p4_temp2p0_a0p25_b0p05__wd1e-04trmiss0_degmodglobal,12,0.7025165557861328,0.6633933186531067,0.725,0.84375,0.6153846153846154,0.0,0.6903071105480194,0.6754937320947647,0.06944900751113892,0.19321143627166748,0.0,0.0,0.0,0.0,0.0,18473,global,0.0
4,3,lr1e-05_bs16_drop0p4_temp2p0_a0p25_b0p05__wd1e-04trmiss0_degmodglobal,16,1e-05,0.0001,0.4,2.0,0.25,0.05,lr1e-05_bs16_drop0p4_temp2p0_a0p25_b0p05__wd1e-04trmiss0_degmodglobal,13,0.697390228509903,0.6650813221931458,0.725,0.84375,0.6153846153846154,0.0,0.7020559310913086,0.6696953326463699,0.06740191392600536,0.2168882116675377,0.0,0.0,0.0,0.0,0.0,18473,global,0.0
4,3,lr1e-05_bs16_drop0p4_temp2p0_a0p25_b0p05__wd1e-04trmiss0_degmodglobal,16,1e-05,0.0001,0.4,2.0,0.25,0.05,lr1e-05_bs16_drop0p4_temp2p0_a0p25_b0p05__wd1e-04trmiss0_degmodglobal,14,0.6777396351099014,0.6661571860313416,0.7,0.8125,0.6153846153846154,0.0,0.7058650255203247,0.6569983512163162,0.048267535865306854,0.1734880469739437,0.0,0.0,0.0,0.0,0.0,18473,global,0.0
4,3,lr1e-05_bs16_drop0p4_temp2p0_a0p25_b0p05__wd1e-04trmiss0_degmodglobal,16,1e-05,0.0001,0.4,2.0,0.25,0.05,lr1e-05_bs16_drop0p4_temp2p0_a0p25_b0p05__wd1e-04trmiss0_degmodglobal,15,0.6735726147890091,0.6637236475944519,0.7,0.8125,0.6153846153846154,0.0,0.7213824689388275,0.6543030291795731,0.04604383744299412,0.1551725510507822,0.0,0.0,0.0,0.0,0.0,18473,global,0.0
4,3,lr1e-05_bs16_drop0p4_temp2p0_a0p25_b0p05__wd1e-04trmiss0_degmodglobal,16,1e-05,0.0001,0.4,2.0,0.25,0.05,lr1e-05_bs16_drop0p4_temp2p0_a0p25_b0p05__wd1e-04trmiss0_degmodglobal,16,0.6880407482385635,0.6652483344078064,0.725,0.8258928571428571,0.5384615384615384,0.0,0.6925407201051712,0.6647779643535614,0.05536695243790746,0.18842121586203575,0.0,0.0,0.0,0.0,0.0,18473,global,0.0
4,3,lr1e-05_bs16_drop0p4_temp2p0_a0p25_b0p05__wd1e-04trmiss0_degmodglobal,16,1e-05,0.0001,0.4,2.0,0.25,0.05,lr1e-05_bs16_drop0p4_temp2p0_a0p25_b0p05__wd1e-04trmiss0_degmodglobal,17,0.7051605880260468,0.6663333773612976,0.725,0.8258928571428571,0.5384615384615384,0.0,0.7042879611253738,0.6766983717679977,0.06861386261880398,0.22617556527256966,0.0,0.0,0.0,0.0,0.0,18473,global,0.0
4,3,lr1e-05_bs16_drop0p4_temp2p0_a0p25_b0p05__wd1e-04trmiss0_degmodglobal,16,1e-05,0.0001,0.4,2.0,0.25,0.05,lr1e-05_bs16_drop0p4_temp2p0_a0p25_b0p05__wd1e-04trmiss0_degmodglobal,18,0.7284870445728302,0.6652016639709473,0.75,0.8571428571428571,0.5384615384615384,0.0,0.723140612244606,0.7057269662618637,0.05856142286211252,0.16239462047815323,0.0,0.0,0.0,0.0,0.0,18473,global,0.0
4,3,lr1e-05_bs16_drop0p4_temp2p0_a0p25_b0p05__wd1e-04trmiss0_degmodglobal,16,1e-05,0.0001,0.4,2.0,0.25,0.05,lr1e-05_bs16_drop0p4_temp2p0_a0p25_b0p05__wd1e-04trmiss0_degmodglobal,19,0.7095300853252411,0.6652555465698242,0.75,0.8571428571428571,0.5384615384615384,0.0,0.6366181969642639,0.6829250901937485,0.06739209592342377,0.1951393410563469,0.0,0.0,0.0,0.0,0.0,18473,global,0.0
4,3,lr1e-05_bs16_drop0p4_temp2p0_a0p25_b0p05__wd1e-04trmiss0_degmodglobal,16,1e-05,0.0001,0.4,2.0,0.25,0.05,lr1e-05_bs16_drop0p4_temp2p0_a0p25_b0p05__wd1e-04trmiss0_degmodglobal,20,0.708157867193222,0.6652030348777771,0.725,0.8258928571428571,0.6153846153846154,0.0,0.6428905427455902,0.6819219589233398,0.06158322934061289,0.21680206805467606,0.0,0.0,0.0,0.0,0.0,18473,global,0.0
4,3,lr1e-05_bs16_drop0p4_temp2p0_a0p25_b0p05__wd1e-04trmiss0_degmodglobal,16,1e-05,0.0001,0.4,2.0,0.25,0.05,lr1e-05_bs16_drop0p4_temp2p0_a0p25_b0p05__wd1e-04trmiss0_degmodglobal,21,0.6863497346639633,0.6617913842201233,0.725,0.84375,0.5384615384615384,0.0,0.6444674432277679,0.6582689136266708,0.07339687459170818,0.19463208317756653,0.0,0.0,0.0,0.0,0.0,18473,global,0.0
4,3,lr1e-05_bs16_drop0p4_temp2p0_a0p25_b0p05__wd1e-04trmiss0_degmodglobal,16,1e-05,0.0001,0.4,2.0,0.25,0.05,lr1e-05_bs16_drop0p4_temp2p0_a0p25_b0p05__wd1e-04trmiss0_degmodglobal,22,0.6927535831928253,0.6630148887634277,0.725,0.84375,0.6153846153846154,0.0,0.6795202791690826,0.6626542955636978,0.06755706015974283,0.26420087181031704,0.0,0.0,0.0,0.0,0.0,18473,global,0.0
4,3,lr1e-05_bs16_drop0p4_temp2p0_a0p25_b0p05__wd1e-04trmiss0_degmodglobal,16,1e-05,0.0001,0.4,2.0,0.25,0.05,lr1e-05_bs16_drop0p4_temp2p0_a0p25_b0p05__wd1e-04trmiss0_degmodglobal,23,0.6865569353103638,0.6612951159477234,0.75,0.8534722222222222,0.6153846153846154,0.0,0.6478594988584518,0.6612051725387573,0.06774926371872425,0.16828868817538023,0.0,0.0,0.0,0.0,0.0,18473,global,0.0
4,3,lr1e-05_bs16_drop0p4_temp2p0_a0p25_b0p05__wd1e-04trmiss0_degmodglobal,16,1e-05,0.0001,0.4,2.0,0.25,0.05,lr1e-05_bs16_drop0p4_temp2p0_a0p25_b0p05__wd1e-04trmiss0_degmodglobal,24,0.6785653531551361,0.6602845788002014,0.725,0.84375,0.6153846153846154,0.0,0.6685580909252167,0.6535232961177826,0.06576802860945463,0.17200085893273354,0.0,0.0,0.0,0.0,0.0,18473,global,0.0
4,3,lr1e-05_bs16_drop0p4_temp2p0_a0p25_b0p05__wd1e-04trmiss0_degmodglobal,16,1e-05,0.0001,0.4,2.0,0.25,0.05,lr1e-05_bs16_drop0p4_temp2p0_a0p25_b0p05__wd1e-04trmiss0_degmodglobal,25,0.6863793134689331,0.6628731489181519,0.75,0.8534722222222222,0.5384615384615384,0.0,0.6581477969884872,0.665632963180542,0.05007131211459637,0.16457056812942028,0.0,0.0,0.0,0.0,0.0,18473,global,0.0
4,3,lr1e-05_bs16_drop0p4_temp2p0_a0p25_b0p05__wd1e-04trmiss0_degmodglobal,16,1e-05,0.0001,0.4,2.0,0.25,0.05,lr1e-05_bs16_drop0p4_temp2p0_a0p25_b0p05__wd1e-04trmiss0_degmodglobal,26,0.6676389873027802,0.6625110507011414,0.725,0.8222222222222222,0.5384615384615384,0.0,0.6465256214141846,0.6443849503993988,0.060398489236831665,0.16308801993727684,0.0,0.0,0.0,0.0,0.0,18473,global,0.0
4,3,lr1e-05_bs16_drop0p4_temp2p0_a0p25_b0p05__wd1e-04trmiss0_degmodglobal,16,1e-05,0.0001,0.4,2.0,0.25,0.05,lr1e-05_bs16_drop0p4_temp2p0_a0p25_b0p05__wd1e-04trmiss0_degmodglobal,27,0.6927756667137146,0.6645265221595764,0.725,0.8222222222222222,0.5384615384615384,0.0,0.6441396623849869,0.6649571806192398,0.06347533501684666,0.23899315297603607,0.0,0.0,0.0,0.0,0.0,18473,global,0.0
4,3,lr1e-05_bs16_drop0p4_temp2p0_a0p25_b0p05__wd1e-04trmiss0_degmodglobal,16,1e-05,0.0001,0.4,2.0,0.25,0.05,lr1e-05_bs16_drop0p4_temp2p0_a0p25_b0p05__wd1e-04trmiss0_degmodglobal,28,0.7104559391736984,0.6616021990776062,0.725,0.84375,0.5384615384615384,0.0,0.6416869610548019,0.6800389885902405,0.07760808616876602,0.2202984355390072,0.0,0.0,0.0,0.0,0.0,18473,global,0.0
4,3,lr1e-05_bs16_drop0p4_temp2p0_a0p25_b0p05__wd1e-04trmiss0_degmodglobal,16,1e-05,0.0001,0.4,2.0,0.25,0.05,lr1e-05_bs16_drop0p4_temp2p0_a0p25_b0p05__wd1e-04trmiss0_degmodglobal,29,0.694927841424942,0.662908136844635,0.725,0.84375,0.5384615384615384,0.0,0.6799380332231522,0.6691941618919373,0.05919583048671484,0.21869445964694023,0.0,0.0,0.0,0.0,0.0,18473,global,0.0
4,3,lr1e-05_bs16_drop0p4_temp2p0_a0p25_b0p05__wd1e-04trmiss0_degmodglobal,16,1e-05,0.0001,0.4,2.0,0.25,0.05,lr1e-05_bs16_drop0p4_temp2p0_a0p25_b0p05__wd1e-04trmiss0_degmodglobal,30,0.7043580561876297,0.6637153625488281,0.725,0.84375,0.5384615384615384,0.0,0.6450832635164261,0.6737446784973145,0.07122762687504292,0.2561299242079258,0.0,0.0,0.0,0.0,0.0,18473,global,0.0
4,3,lr1e-05_bs16_drop0p4_temp2p0_a0p25_b0p05__wd1e-04trmiss0_degmodglobal,16,1e-05,0.0001,0.4,2.0,0.25,0.05,lr1e-05_bs16_drop0p4_temp2p0_a0p25_b0p05__wd1e-04trmiss0_degmodglobal,31,0.6743769496679306,0.6640953421592712,0.725,0.84375,0.6153846153846154,0.0,0.6289212852716446,0.6494526714086533,0.06027853395789862,0.19709299132227898,0.0,0.0,0.0,0.0,0.0,18473,global,0.0
4,3,lr1e-05_bs16_drop0p4_temp2p0_a0p25_b0p05__wd1e-04trmiss0_degmodglobal,16,1e-05,0.0001,0.4,2.0,0.25,0.05,lr1e-05_bs16_drop0p4_temp2p0_a0p25_b0p05__wd1e-04trmiss0_degmodglobal,32,0.6836071014404297,0.6610698103904724,0.725,0.84375,0.6153846153846154,0.0,0.6286709159612656,0.6607013195753098,0.0597439156845212,0.15939592709764838,0.0,0.0,0.0,0.0,0.0,18473,global,0.0
4,3,lr1e-05_bs16_drop0p4_temp2p0_a0p25_b0p05__wd1e-04trmiss0_degmodglobal,16,1e-05,0.0001,0.4,2.0,0.25,0.05,lr1e-05_bs16_drop0p4_temp2p0_a0p25_b0p05__wd1e-04trmiss0_degmodglobal,33,0.6970727890729904,0.6649605631828308,0.725,0.84375,0.5384615384615384,0.0,0.6477988511323929,0.674890473484993,0.05319112725555897,0.17769062891602516,0.0,0.0,0.0,0.0,0.0,18473,global,0.0
4,3,lr1e-05_bs16_drop0p4_temp2p0_a0p25_b0p05__wd1e-04trmiss0_degmodglobal,16,1e-05,0.0001,0.4,2.0,0.25,0.05,lr1e-05_bs16_drop0p4_temp2p0_a0p25_b0p05__wd1e-04trmiss0_degmodglobal,34,0.655939131975174,0.666214108467102,0.7,0.8125,0.5384615384615384,0.0,0.6406607031822205,0.6309790462255478,0.062494766898453236,0.18672814778983593,0.0,0.0,0.0,0.0,0.0,18473,global,0.0
4,3,lr1e-05_bs16_drop0p4_temp2p0_a0p25_b0p05__wd1e-04trmiss0_degmodglobal,16,1e-05,0.0001,0.4,2.0,0.25,0.05,lr1e-05_bs16_drop0p4_temp2p0_a0p25_b0p05__wd1e-04trmiss0_degmodglobal,35,0.6832228153944016,0.6644046902656555,0.725,0.8222222222222222,0.6153846153846154,0.0,0.6807567030191422,0.6520663499832153,0.07241593301296234,0.26104918867349625,0.0,0.0,0.0,0.0,0.0,18473,global,0.0
4,3,lr1e-05_bs16_drop0p4_temp2p0_a0p25_b0p05__wd1e-04trmiss0_degmodglobal,16,1e-05,0.0001,0.4,2.0,0.25,0.05,lr1e-05_bs16_drop0p4_temp2p0_a0p25_b0p05__wd1e-04trmiss0_degmodglobal,36,0.7407921105623245,0.6648087501525879,0.7,0.8125,0.6153846153846154,0.0,0.6160315573215485,0.705012634396553,0.08418848877772689,0.2946471367031336,0.0,0.0,0.0,0.0,0.0,18473,global,0.0
4,3,lr1e-05_bs16_drop0p4_temp2p0_a0p25_b0p05__wd1e-04trmiss0_degmodglobal,16,1e-05,0.0001,0.4,2.0,0.25,0.05,lr1e-05_bs16_drop0p4_temp2p0_a0p25_b0p05__wd1e-04trmiss0_degmodglobal,37,0.6705469638109207,0.6658264398574829,0.725,0.8222222222222222,0.6153846153846154,0.0,0.6338244825601578,0.6476486921310425,0.05675487872213125,0.17419142089784145,0.0,0.0,0.0,0.0,0.0,18473,global,0.0
4,3,lr1e-05_bs16_drop0p4_temp2p0_a0p25_b0p05__wd1e-04trmiss0_degmodglobal,16,1e-05,0.0001,0.4,2.0,0.25,0.05,lr1e-05_bs16_drop0p4_temp2p0_a0p25_b0p05__wd1e-04trmiss0_degmodglobal,38,0.6916393935680389,0.6653760075569153,0.725,0.8222222222222222,0.6153846153846154,0.0,0.6331532150506973,0.6647125780582428,0.06690181139856577,0.20402687788009644,0.0,0.0,0.0,0.0,0.0,18473,global,0.0
4,3,lr1e-05_bs16_drop0p4_temp2p0_a0p25_b0p05__wd1e-04trmiss0_degmodglobal,16,1e-05,0.0001,0.4,2.0,0.25,0.05,lr1e-05_bs16_drop0p4_temp2p0_a0p25_b0p05__wd1e-04trmiss0_degmodglobal,39,0.6835645884275436,0.6644012928009033,0.725,0.8222222222222222,0.6153846153846154,0.0,0.6154684126377106,0.6617540866136551,0.05508257448673248,0.16079703345894814,0.0,0.0,0.0,0.0,0.0,18473,global,0.0
4,3,lr1e-05_bs16_drop0p4_temp2p0_a0p25_b0p05__wd1e-04trmiss0_degmodglobal,16,1e-05,0.0001,0.4,2.0,0.25,0.05,lr1e-05_bs16_drop0p4_temp2p0_a0p25_b0p05__wd1e-04trmiss0_degmodglobal,40,0.6688774675130844,0.6637274026870728,0.725,0.8222222222222222,0.6153846153846154,0.0,0.5959261059761047,0.6438446342945099,0.060482836328446865,0.19824274256825447,0.0,0.0,0.0,0.0,0.0,18473,global,0.0
4,3,lr1e-05_bs16_drop0p4_temp2p0_a0p25_b0p05__wd1e-04trmiss0_degmodglobal,16,1e-05,0.0001,0.4,2.0,0.25,0.05,lr1e-05_bs16_drop0p4_temp2p0_a0p25_b0p05__wd1e-04trmiss0_degmodglobal,41,0.6859978288412094,0.6622464060783386,0.75,0.8534722222222222,0.6153846153846154,0.0,0.654616042971611,0.6561145633459091,0.07422361988574266,0.22654709592461586,0.0,0.0,0.0,0.0,0.0,18473,global,0.0
4,3,lr1e-05_bs16_drop0p4_temp2p0_a0p25_b0p05__wd1e-04trmiss0_degmodglobal,16,1e-05,0.0001,0.4,2.0,0.25,0.05,lr1e-05_bs16_drop0p4_temp2p0_a0p25_b0p05__wd1e-04trmiss0_degmodglobal,42,0.6706856936216354,0.6630359292030334,0.725,0.84375,0.6153846153846154,0.0,0.6228223741054535,0.6403336971998215,0.0749369440600276,0.232355497777462,0.0,0.0,0.0,0.0,0.0,18473,global,0.0
4,3,lr1e-05_bs16_drop0p4_temp2p0_a0p25_b0p05__wd1e-04trmiss0_degmodglobal,16,1e-05,0.0001,0.4,2.0,0.25,0.05,lr1e-05_bs16_drop0p4_temp2p0_a0p25_b0p05__wd1e-04trmiss0_degmodglobal,43,0.7083193957805634,0.6635743379592896,0.75,0.8534722222222222,0.6153846153846154,0.0,0.6392489820718765,0.6745277345180511,0.08097131736576557,0.270976472645998,0.0,0.0,0.0,0.0,0.0,18473,global,0.0
4,4,lr1e-04_bs8_drop0p2_temp1p0_a0p25_b0p05__wd1e-04trmiss0_degmodglobal,8,0.0001,0.0001,0.2,1.0,0.25,0.05,lr1e-04_bs8_drop0p2_temp1p0_a0p25_b0p05__wd1e-04trmiss0_degmodglobal,1,0.7127092821257455,0.6882967054843903,0.4444444444444444,0.7480750730750731,0.6153846153846154,0.0,0.7240614295005798,0.7003706778798785,0.03256122688097613,0.08396616578102112,0.0,0.0,0.0,0.0,0.0,18473,global,0.0
4,4,lr1e-04_bs8_drop0p2_temp1p0_a0p25_b0p05__wd1e-04trmiss0_degmodglobal,8,0.0001,0.0001,0.2,1.0,0.25,0.05,lr1e-04_bs8_drop0p2_temp1p0_a0p25_b0p05__wd1e-04trmiss0_degmodglobal,2,0.7066746779850551,0.6906589865684509,0.1111111111111111,0.5426918760252093,0.6153846153846154,0.0,0.6855936220714024,0.6958114930561611,0.02818695828318596,0.07632911364947047,0.0,0.0,0.0,0.0,0.0,18473,global,0.0
4,4,lr1e-04_bs8_drop0p2_temp1p0_a0p25_b0p05__wd1e-04trmiss0_degmodglobal,8,0.0001,0.0001,0.2,1.0,0.25,0.05,lr1e-04_bs8_drop0p2_temp1p0_a0p25_b0p05__wd1e-04trmiss0_degmodglobal,3,0.6510564259120396,0.6959627866744995,0.16666666666666666,0.5617394950728285,0.5384615384615384,0.0,0.6370857528277806,0.6338799936430795,0.043294518653835566,0.12705589405127934,0.0,0.0,0.0,0.0,0.0,18473,global,0.0
4,4,lr1e-04_bs8_drop0p2_temp1p0_a0p25_b0p05__wd1e-04trmiss0_degmodglobal,8,0.0001,0.0001,0.2,1.0,0.25,0.05,lr1e-04_bs8_drop0p2_temp1p0_a0p25_b0p05__wd1e-04trmiss0_degmodglobal,4,0.6205100928034101,0.6999224722385406,0.2222222222222222,0.5913691247024581,0.46153846153846156,0.0,0.616693377494812,0.605706947190421,0.039133066311478615,0.10039739736488887,0.0,0.0,0.0,0.0,0.0,18473,global,0.0
4,4,lr1e-04_bs8_drop0p2_temp1p0_a0p25_b0p05__wd1e-04trmiss0_degmodglobal,8,0.0001,0.0001,0.2,1.0,0.25,0.05,lr1e-04_bs8_drop0p2_temp1p0_a0p25_b0p05__wd1e-04trmiss0_degmodglobal,5,0.6157477583203997,0.6980918347835541,0.05555555555555555,0.5273479606812941,0.5384615384615384,0.0,0.6136529786246163,0.6004192999431065,0.04139465519360134,0.09959621354937553,0.0,0.0,0.0,0.0,0.0,18473,global,0.0
4,4,lr1e-04_bs8_drop0p2_temp1p0_a0p25_b0p05__wd1e-04trmiss0_degmodglobal,8,0.0001,0.0001,0.2,1.0,0.25,0.05,lr1e-04_bs8_drop0p2_temp1p0_a0p25_b0p05__wd1e-04trmiss0_degmodglobal,6,0.5971902694020953,0.6950116157531738,0.1111111111111111,0.5458664791998125,0.5384615384615384,0.0,0.6008033326693943,0.5811622057642255,0.04083887806960514,0.11636674510581153,0.0,0.0,0.0,0.0,0.0,18473,global,0.0
4,4,lr1e-04_bs8_drop0p2_temp1p0_a0p25_b0p05__wd1e-04trmiss0_degmodglobal,8,0.0001,0.0001,0.2,1.0,0.25,0.05,lr1e-04_bs8_drop0p2_temp1p0_a0p25_b0p05__wd1e-04trmiss0_degmodglobal,7,0.5936426605497088,0.6895321309566498,0.19444444444444442,0.5834326167659502,0.6153846153846154,0.0,0.6013427036149162,0.5797725234712873,0.040792210559759824,0.07344157461609159,0.0,0.0,0.0,0.0,0.0,18473,global,0.0
4,4,lr1e-04_bs8_drop0p2_temp1p0_a0p25_b0p05__wd1e-04trmiss0_degmodglobal,8,0.0001,0.0001,0.2,1.0,0.25,0.05,lr1e-04_bs8_drop0p2_temp1p0_a0p25_b0p05__wd1e-04trmiss0_degmodglobal,8,0.5684484158243451,0.7048762142658234,0.1388888888888889,0.5538029871363206,0.6153846153846154,0.0,0.5718589425086975,0.5506306460925511,0.04517669975757599,0.13047170958348683,0.0,0.0,0.0,0.0,0.0,18473,global,0.0
4,4,lr1e-04_bs8_drop0p2_temp1p0_a0p25_b0p05__wd1e-04trmiss0_degmodglobal,8,0.0001,0.0001,0.2,1.0,0.25,0.05,lr1e-04_bs8_drop0p2_temp1p0_a0p25_b0p05__wd1e-04trmiss0_degmodglobal,9,0.5980308992522103,0.7122502028942108,0.08333333333333333,0.5347553680887014,0.46153846153846156,0.0,0.5750666601317269,0.5830004385539463,0.04258710518479347,0.08767363056540489,0.0,0.0,0.0,0.0,0.0,18473,global,0.0
4,4,lr1e-04_bs8_drop0p2_temp1p0_a0p25_b0p05__wd1e-04trmiss0_degmodglobal,8,0.0001,0.0001,0.2,1.0,0.25,0.05,lr1e-04_bs8_drop0p2_temp1p0_a0p25_b0p05__wd1e-04trmiss0_degmodglobal,10,0.5969466737338475,0.7115868628025055,0.05555555555555555,0.5273479606812941,0.5384615384615384,0.0,0.5635302407400948,0.583501969064985,0.03550942242145538,0.09134728647768497,0.0,0.0,0.0,0.0,0.0,18473,global,0.0
4,4,lr1e-04_bs8_drop0p2_temp1p0_a0p25_b0p05__wd1e-04trmiss0_degmodglobal,8,0.0001,0.0001,0.2,1.0,0.25,0.05,lr1e-04_bs8_drop0p2_temp1p0_a0p25_b0p05__wd1e-04trmiss0_degmodglobal,11,0.5861335141318185,0.7046083807945251,0.05555555555555555,0.5273479606812941,0.5384615384615384,0.0,0.5611872715609414,0.5714683873312814,0.04121702244239194,0.08721777876572949,0.0,0.0,0.0,0.0,0.0,18473,global,0.0
4,4,lr1e-04_bs8_drop0p2_temp1p0_a0p25_b0p05__wd1e-04trmiss0_degmodglobal,8,0.0001,0.0001,0.2,1.0,0.25,0.05,lr1e-04_bs8_drop0p2_temp1p0_a0p25_b0p05__wd1e-04trmiss0_degmodglobal,12,0.5872810227530343,0.701518177986145,0.1388888888888889,0.5643849977183311,0.46153846153846156,0.0,0.5749840651239667,0.5742081233433315,0.034787296716656,0.08752115549785751,0.0,0.0,0.0,0.0,0.0,18473,global,0.0
4,4,lr1e-04_bs8_drop0p2_temp1p0_a0p25_b0p05__wd1e-04trmiss0_degmodglobal,8,0.0001,0.0001,0.2,1.0,0.25,0.05,lr1e-04_bs8_drop0p2_temp1p0_a0p25_b0p05__wd1e-04trmiss0_degmodglobal,13,0.5604873257023948,0.7044948935508728,0.16666666666666669,0.5723215056548391,0.46153846153846156,0.0,0.5594933245863233,0.5490330074514661,0.032414881246430535,0.06701229113553252,0.0,0.0,0.0,0.0,0.0,18473,global,0.0
4,4,lr1e-04_bs8_drop0p2_temp1p0_a0p25_b0p05__wd1e-04trmiss0_degmodglobal,8,0.0001,0.0001,0.2,1.0,0.25,0.05,lr1e-04_bs8_drop0p2_temp1p0_a0p25_b0p05__wd1e-04trmiss0_degmodglobal,14,0.5460814833641052,0.7038754224777222,0.16666666666666666,0.5691469024802358,0.5384615384615384,0.0,0.549246004649571,0.53131964802742,0.04102031274565628,0.09013532314981733,0.0,0.0,0.0,0.0,0.0,18473,global,0.0
4,4,lr1e-04_bs8_drop0p2_temp1p0_a0p25_b0p05__wd1e-04trmiss0_degmodglobal,8,0.0001,0.0001,0.2,1.0,0.25,0.05,lr1e-04_bs8_drop0p2_temp1p0_a0p25_b0p05__wd1e-04trmiss0_degmodglobal,15,0.5506830172879356,0.6999114453792572,0.16666666666666666,0.5691469024802358,0.5384615384615384,0.0,0.5451093188353947,0.5375924451010567,0.037090868556073735,0.0763571070773261,0.0,0.0,0.0,0.0,0.0,18473,global,0.0
4,4,lr1e-04_bs8_drop0p2_temp1p0_a0p25_b0p05__wd1e-04trmiss0_degmodglobal,8,0.0001,0.0001,0.2,1.0,0.25,0.05,lr1e-04_bs8_drop0p2_temp1p0_a0p25_b0p05__wd1e-04trmiss0_degmodglobal,16,0.5533259425844465,0.7038212716579437,0.1111111111111111,0.5426918760252093,0.5384615384615384,0.0,0.5258213920252663,0.5378710883004325,0.04386091498391969,0.08979241443531853,0.0,0.0,0.0,0.0,0.0,18473,global,0.0
4,4,lr1e-04_bs8_drop0p2_temp1p0_a0p25_b0p05__wd1e-04trmiss0_degmodglobal,8,0.0001,0.0001,0.2,1.0,0.25,0.05,lr1e-04_bs8_drop0p2_temp1p0_a0p25_b0p05__wd1e-04trmiss0_degmodglobal,17,0.562700731413705,0.6975076496601105,0.16666666666666669,0.5723215056548391,0.6153846153846154,0.0,0.5458077660628727,0.54977228811809,0.035183481339897425,0.08265149327261108,0.0,0.0,0.0,0.0,0.0,18473,global,0.0
4,4,lr1e-04_bs8_drop0p2_temp1p0_a0p25_b0p05__wd1e-04trmiss0_degmodglobal,8,0.0001,0.0001,0.2,1.0,0.25,0.05,lr1e-04_bs8_drop0p2_temp1p0_a0p25_b0p05__wd1e-04trmiss0_degmodglobal,18,0.5364300353186471,0.7008386552333832,0.1388888888888889,0.5538029871363206,0.6153846153846154,0.0,0.5135441167013985,0.5173831411770412,0.055925020681960244,0.10131272806652955,0.0,0.0,0.0,0.0,0.0,18473,global,0.0
4,4,lr1e-04_bs8_drop0p2_temp1p0_a0p25_b0p05__wd1e-04trmiss0_degmodglobal,8,0.0001,0.0001,0.2,1.0,0.25,0.05,lr1e-04_bs8_drop0p2_temp1p0_a0p25_b0p05__wd1e-04trmiss0_degmodglobal,19,0.5670316559927804,0.7029555141925812,0.08333333333333333,0.5334326167659501,0.5384615384615384,0.0,0.5212565192154476,0.5535082817077637,0.03686398161309106,0.08614772026027952,0.0,0.0,0.0,0.0,0.0,18473,global,0.0
4,4,lr1e-04_bs8_drop0p2_temp1p0_a0p25_b0p05__wd1e-04trmiss0_degmodglobal,8,0.0001,0.0001,0.2,1.0,0.25,0.05,lr1e-04_bs8_drop0p2_temp1p0_a0p25_b0p05__wd1e-04trmiss0_degmodglobal,20,0.5359625688620976,0.7009383141994476,0.08333333333333333,0.5334326167659501,0.5384615384615384,0.0,0.5180237633841378,0.520756755556379,0.04123060591518879,0.09796316708837237,0.0,0.0,0.0,0.0,0.0,18473,global,0.0
4,4,lr1e-04_bs8_drop0p2_temp1p0_a0p25_b0p05__wd1e-04trmiss0_degmodglobal,8,0.0001,0.0001,0.2,1.0,0.25,0.05,lr1e-04_bs8_drop0p2_temp1p0_a0p25_b0p05__wd1e-04trmiss0_degmodglobal,21,0.549540502684457,0.7011136412620544,0.1388888888888889,0.5538029871363206,0.5384615384615384,0.0,0.5030644748892102,0.530837037733623,0.04856623336672783,0.13123846373387746,0.0,0.0,0.0,0.0,0.0,18473,global,0.0
4,4,lr1e-04_bs8_drop0p2_temp1p0_a0p25_b0p05__wd1e-04trmiss0_degmodglobal,8,0.0001,0.0001,0.2,1.0,0.25,0.05,lr1e-04_bs8_drop0p2_temp1p0_a0p25_b0p05__wd1e-04trmiss0_degmodglobal,22,0.5483357012271881,0.7001711130142212,0.16666666666666666,0.5649140982474317,0.5384615384615384,0.0,0.5298981964588165,0.5307418789182391,0.05251753330230713,0.08928879882608141,0.0,0.0,0.0,0.0,0.0,18473,global,0.0
4,4,lr1e-04_bs8_drop0p2_temp1p0_a0p25_b0p05__wd1e-04trmiss0_degmodglobal,8,0.0001,0.0001,0.2,1.0,0.25,0.05,lr1e-04_bs8_drop0p2_temp1p0_a0p25_b0p05__wd1e-04trmiss0_degmodglobal,23,0.5452540985175541,0.6970973610877991,0.19444444444444442,0.5834326167659502,0.5384615384615384,0.0,0.505519415651049,0.5279818177223206,0.04912829106407506,0.09980446898511477,0.0,0.0,0.0,0.0,0.0,18473,global,0.0
4,4,lr1e-04_bs8_drop0p2_temp1p0_a0p25_b0p05__wd1e-04trmiss0_degmodglobal,8,0.0001,0.0001,0.2,1.0,0.25,0.05,lr1e-04_bs8_drop0p2_temp1p0_a0p25_b0p05__wd1e-04trmiss0_degmodglobal,24,0.5409612570490155,0.7007600963115692,0.16666666666666669,0.5723215056548391,0.5384615384615384,0.0,0.524069471018655,0.5229071634156364,0.04821208385484559,0.12002151619110789,0.0,0.0,0.0,0.0,0.0,18473,global,0.0
4,4,lr1e-04_bs8_drop0p2_temp1p0_a0p25_b0p05__wd1e-04trmiss0_degmodglobal,8,0.0001,0.0001,0.2,1.0,0.25,0.05,lr1e-04_bs8_drop0p2_temp1p0_a0p25_b0p05__wd1e-04trmiss0_degmodglobal,25,0.5460172891616821,0.6990876495838165,0.16666666666666669,0.5723215056548391,0.5384615384615384,0.0,0.5198237299919128,0.5311782828399113,0.043597024732402394,0.07879485349570002,0.0,0.0,0.0,0.0,0.0,18473,global,0.0
4,4,lr1e-04_bs8_drop0p2_temp1p0_a0p25_b0p05__wd1e-04trmiss0_degmodglobal,8,0.0001,0.0001,0.2,1.0,0.25,0.05,lr1e-04_bs8_drop0p2_temp1p0_a0p25_b0p05__wd1e-04trmiss0_degmodglobal,26,0.5257498579365867,0.6972186863422394,0.16666666666666666,0.5617394950728285,0.5384615384615384,0.0,0.46905429874147686,0.5059027288641248,0.05639276147953102,0.11497885946716581,0.0,0.0,0.0,0.0,0.0,18473,global,0.0
4,4,lr1e-04_bs8_drop0p2_temp1p0_a0p25_b0p05__wd1e-04trmiss0_degmodglobal,8,0.0001,0.0001,0.2,1.0,0.25,0.05,lr1e-04_bs8_drop0p2_temp1p0_a0p25_b0p05__wd1e-04trmiss0_degmodglobal,27,0.5495641827583313,0.6945675611495972,0.19444444444444442,0.580258013591347,0.5384615384615384,0.0,0.5038330214364188,0.5319650896957943,0.051932104996272495,0.09232121280261449,0.0,0.0,0.0,0.0,0.0,18473,global,0.0
4,4,lr1e-04_bs8_drop0p2_temp2p0_a0p25_b0p05__wd1e-04trmiss0_degmodglobal,8,0.0001,0.0001,0.2,2.0,0.25,0.05,lr1e-04_bs8_drop0p2_temp2p0_a0p25_b0p05__wd1e-04trmiss0_degmodglobal,1,0.7304166981152126,0.7373373210430145,0.3333333333333333,0.6416777666777667,0.3076923076923077,0.0,0.7331083161490304,0.7124831506184169,0.046428083309105465,0.1265306675008365,0.0,0.0,0.0,0.0,0.0,18473,global,0.0
4,4,lr1e-04_bs8_drop0p2_temp2p0_a0p25_b0p05__wd1e-04trmiss0_degmodglobal,8,0.0001,0.0001,0.2,2.0,0.25,0.05,lr1e-04_bs8_drop0p2_temp2p0_a0p25_b0p05__wd1e-04trmiss0_degmodglobal,2,0.677702512059893,0.748775452375412,0.33333333333333337,0.6355931105931106,0.38461538461538464,0.0,0.6995631200926644,0.662158020905086,0.038711049993123324,0.1173345430621079,0.0,0.0,0.0,0.0,0.0,18473,global,0.0
4,4,lr1e-04_bs8_drop0p2_temp2p0_a0p25_b0p05__wd1e-04trmiss0_degmodglobal,8,0.0001,0.0001,0.2,2.0,0.25,0.05,lr1e-04_bs8_drop0p2_temp2p0_a0p25_b0p05__wd1e-04trmiss0_degmodglobal,3,0.655181348323822,0.7567586004734039,0.33333333333333337,0.6381063381063382,0.38461538461538464,0.0,0.6767723134585789,0.6401244061333793,0.03913272837443011,0.10547479508178574,0.0,0.0,0.0,0.0,0.0,18473,global,0.0
4,4,lr1e-04_bs8_drop0p2_temp2p0_a0p25_b0p05__wd1e-04trmiss0_degmodglobal,8,0.0001,0.0001,0.2,2.0,0.25,0.05,lr1e-04_bs8_drop0p2_temp2p0_a0p25_b0p05__wd1e-04trmiss0_degmodglobal,4,0.625498252255576,0.7528800070285797,0.2777777777777778,0.6176036926036926,0.38461538461538464,0.0,0.6245958975383213,0.6110358919416156,0.03654776832887104,0.10650810918637685,0.0,0.0,0.0,0.0,0.0,18473,global,0.0
4,4,lr1e-04_bs8_drop0p2_temp2p0_a0p25_b0p05__wd1e-04trmiss0_degmodglobal,8,0.0001,0.0001,0.2,2.0,0.25,0.05,lr1e-04_bs8_drop0p2_temp2p0_a0p25_b0p05__wd1e-04trmiss0_degmodglobal,5,0.6407315731048584,0.7465912699699402,0.2777777777777778,0.613899988899989,0.46153846153846156,0.0,0.6057162370000567,0.6278566888400486,0.032627957473908155,0.09435786519731794,0.0,0.0,0.0,0.0,0.0,18473,global,0.0
4,4,lr1e-04_bs8_drop0p2_temp2p0_a0p25_b0p05__wd1e-04trmiss0_degmodglobal,8,0.0001,0.0001,0.2,2.0,0.25,0.05,lr1e-04_bs8_drop0p2_temp2p0_a0p25_b0p05__wd1e-04trmiss0_degmodglobal,6,0.6080300893102374,0.7428432404994965,0.2222222222222222,0.5842703592703593,0.46153846153846156,0.0,0.6059657250131879,0.5945538282394409,0.035983383123363764,0.08960813390357154,0.0,0.0,0.0,0.0,0.0,18473,global,0.0
4,4,lr1e-04_bs8_drop0p2_temp2p0_a0p25_b0p05__wd1e-04trmiss0_degmodglobal,8,0.0001,0.0001,0.2,2.0,0.25,0.05,lr1e-04_bs8_drop0p2_temp2p0_a0p25_b0p05__wd1e-04trmiss0_degmodglobal,7,0.5918459892272949,0.7391538321971893,0.2222222222222222,0.5768629518629518,0.46153846153846156,0.0,0.5919819389070783,0.5749126502445766,0.04194729109959943,0.12893008440732956,0.0,0.0,0.0,0.0,0.0,18473,global,0.0
4,4,lr1e-04_bs8_drop0p2_temp2p0_a0p25_b0p05__wd1e-04trmiss0_degmodglobal,8,0.0001,0.0001,0.2,2.0,0.25,0.05,lr1e-04_bs8_drop0p2_temp2p0_a0p25_b0p05__wd1e-04trmiss0_degmodglobal,8,0.5685722998210362,0.746012270450592,0.19444444444444442,0.5657518407518407,0.46153846153846156,0.0,0.5725806653499603,0.5550531404359,0.03526060602494648,0.09408009717507022,0.0,0.0,0.0,0.0,0.0,18473,global,0.0
4,4,lr1e-04_bs8_drop0p2_temp2p0_a0p25_b0p05__wd1e-04trmiss0_degmodglobal,8,0.0001,0.0001,0.2,2.0,0.25,0.05,lr1e-04_bs8_drop0p2_temp2p0_a0p25_b0p05__wd1e-04trmiss0_degmodglobal,9,0.5596223132950919,0.7402691543102264,0.19444444444444442,0.5657518407518407,0.5384615384615384,0.0,0.5604606441089085,0.542868265083858,0.047047781092779975,0.09984181076288223,0.0,0.0,0.0,0.0,0.0,18473,global,0.0
4,4,lr1e-04_bs8_drop0p2_temp2p0_a0p25_b0p05__wd1e-04trmiss0_degmodglobal,8,0.0001,0.0001,0.2,2.0,0.25,0.05,lr1e-04_bs8_drop0p2_temp2p0_a0p25_b0p05__wd1e-04trmiss0_degmodglobal,10,0.571454542023795,0.7388500869274139,0.19444444444444442,0.5657518407518407,0.5384615384615384,0.0,0.5471346974372864,0.554253271647862,0.039789121598005295,0.14507941635591642,0.0,0.0,0.0,0.0,0.0,18473,global,0.0
4,4,lr1e-04_bs8_drop0p2_temp2p0_a0p25_b0p05__wd1e-04trmiss0_degmodglobal,8,0.0001,0.0001,0.2,2.0,0.25,0.05,lr1e-04_bs8_drop0p2_temp2p0_a0p25_b0p05__wd1e-04trmiss0_degmodglobal,11,0.5731573360306876,0.7345314621925354,0.19444444444444442,0.5657518407518407,0.5384615384615384,0.0,0.5540371537208557,0.5563858151435852,0.043841203940766196,0.11622419314725059,0.0,0.0,0.0,0.0,0.0,18473,global,0.0
4,4,lr1e-04_bs8_drop0p2_temp2p0_a0p25_b0p05__wd1e-04trmiss0_degmodglobal,8,0.0001,0.0001,0.2,2.0,0.25,0.05,lr1e-04_bs8_drop0p2_temp2p0_a0p25_b0p05__wd1e-04trmiss0_degmodglobal,12,0.5536633431911469,0.7362191379070282,0.19444444444444442,0.5657518407518407,0.5384615384615384,0.0,0.5349505586283547,0.5352825224399567,0.04958043886082513,0.11971401955400195,0.0,0.0,0.0,0.0,0.0,18473,global,0.0
4,4,lr1e-04_bs8_drop0p2_temp2p0_a0p25_b0p05__wd1e-04trmiss0_degmodglobal,8,0.0001,0.0001,0.2,2.0,0.25,0.05,lr1e-04_bs8_drop0p2_temp2p0_a0p25_b0p05__wd1e-04trmiss0_degmodglobal,13,0.5492503643035889,0.7308882176876068,0.19444444444444442,0.5657518407518407,0.5384615384615384,0.0,0.52144284759249,0.532855646950858,0.04401338845491409,0.10782733213688646,0.0,0.0,0.0,0.0,0.0,18473,global,0.0
4,4,lr1e-04_bs8_drop0p2_temp2p0_a0p25_b0p05__wd1e-04trmiss0_degmodglobal,8,0.0001,0.0001,0.2,2.0,0.25,0.05,lr1e-04_bs8_drop0p2_temp2p0_a0p25_b0p05__wd1e-04trmiss0_degmodglobal,14,0.5375288895198277,0.7320451140403748,0.2222222222222222,0.5728225478225477,0.5384615384615384,0.0,0.5090064619268689,0.5232062595231193,0.03964106020118509,0.0882475876382419,0.0,0.0,0.0,0.0,0.0,18473,global,0.0
4,4,lr1e-04_bs8_drop0p2_temp2p0_a0p25_b0p05__wd1e-04trmiss0_degmodglobal,8,0.0001,0.0001,0.2,2.0,0.25,0.05,lr1e-04_bs8_drop0p2_temp2p0_a0p25_b0p05__wd1e-04trmiss0_degmodglobal,15,0.5378451517650059,0.7296320497989655,0.19444444444444442,0.5657518407518407,0.5384615384615384,0.0,0.4968995324202946,0.5206825094563621,0.044466487797243257,0.12092038829411779,0.0,0.0,0.0,0.0,0.0,18473,global,0.0
4,4,lr1e-04_bs8_drop0p2_temp2p0_a0p25_b0p05__wd1e-04trmiss0_degmodglobal,8,0.0001,0.0001,0.2,2.0,0.25,0.05,lr1e-04_bs8_drop0p2_temp2p0_a0p25_b0p05__wd1e-04trmiss0_degmodglobal,16,0.5225600004196167,0.7285226881504059,0.19444444444444442,0.5657518407518407,0.5384615384615384,0.0,0.48088409645216806,0.5042700682367597,0.04623042605817318,0.13464635397706712,0.0,0.0,0.0,0.0,0.0,18473,global,0.0
4,4,lr1e-04_bs8_drop0p2_temp2p0_a0p25_b0p05__wd1e-04trmiss0_degmodglobal,8,0.0001,0.0001,0.2,2.0,0.25,0.05,lr1e-04_bs8_drop0p2_temp2p0_a0p25_b0p05__wd1e-04trmiss0_degmodglobal,17,0.5053703572068896,0.722268283367157,0.2222222222222222,0.5728225478225477,0.5384615384615384,0.0,0.4644821456500462,0.4875660879271371,0.04750054329633713,0.11858248231666428,0.0,0.0,0.0,0.0,0.0,18473,global,0.0
4,4,lr1e-04_bs8_drop0p2_temp2p0_a0p25_b0p05__wd1e-04trmiss0_degmodglobal,8,0.0001,0.0001,0.2,2.0,0.25,0.05,lr1e-04_bs8_drop0p2_temp2p0_a0p25_b0p05__wd1e-04trmiss0_degmodglobal,18,0.5423308781215123,0.7317282855510712,0.2222222222222222,0.5728225478225477,0.46153846153846156,0.0,0.4855466527598245,0.5267188421317509,0.04125107931239264,0.10598512047103473,0.0,0.0,0.0,0.0,0.0,18473,global,0.0
4,4,lr1e-04_bs8_drop0p2_temp2p0_a0p25_b0p05__wd1e-04trmiss0_degmodglobal,8,0.0001,0.0001,0.2,2.0,0.25,0.05,lr1e-04_bs8_drop0p2_temp2p0_a0p25_b0p05__wd1e-04trmiss0_degmodglobal,19,0.5156944521835872,0.7265272736549377,0.2222222222222222,0.5728225478225477,0.5384615384615384,0.0,0.4772685468196869,0.4920228549412319,0.05849685732807432,0.18094755176986968,0.0,0.0,0.0,0.0,0.0,18473,global,0.0
4,4,lr1e-04_bs8_drop0p2_temp2p0_a0p25_b0p05__wd1e-04trmiss0_degmodglobal,8,0.0001,0.0001,0.2,2.0,0.25,0.05,lr1e-04_bs8_drop0p2_temp2p0_a0p25_b0p05__wd1e-04trmiss0_degmodglobal,20,0.5332244804927281,0.724332332611084,0.2222222222222222,0.5728225478225477,0.5384615384615384,0.0,0.48172387054988314,0.512943697827203,0.056271033095461984,0.12426023398126874,0.0,0.0,0.0,0.0,0.0,18473,global,0.0
4,4,lr1e-04_bs8_drop0p2_temp2p0_a0p25_b0p05__wd1e-04trmiss0_degmodglobal,8,0.0001,0.0001,0.2,2.0,0.25,0.05,lr1e-04_bs8_drop0p2_temp2p0_a0p25_b0p05__wd1e-04trmiss0_degmodglobal,21,0.5040371460574014,0.725660890340805,0.2222222222222222,0.5728225478225477,0.5384615384615384,0.0,0.4677024185657501,0.4854491012437003,0.05030315741896629,0.12024522519537381,0.0,0.0,0.0,0.0,0.0,18473,global,0.0
4,4,lr1e-04_bs8_drop0p2_temp2p0_a0p25_b0p05__wd1e-04trmiss0_degmodglobal,8,0.0001,0.0001,0.2,2.0,0.25,0.05,lr1e-04_bs8_drop0p2_temp2p0_a0p25_b0p05__wd1e-04trmiss0_degmodglobal,22,0.5199074276856014,0.7287614345550537,0.2222222222222222,0.5728225478225477,0.46153846153846156,0.0,0.46355049524988445,0.5014608885560717,0.051332621702126095,0.11226781564099449,0.0,0.0,0.0,0.0,0.0,18473,global,0.0
4,4,lr1e-04_bs8_drop0p2_temp2p0_a0p25_b0p05__wd1e-04trmiss0_degmodglobal,8,0.0001,0.0001,0.2,2.0,0.25,0.05,lr1e-04_bs8_drop0p2_temp2p0_a0p25_b0p05__wd1e-04trmiss0_degmodglobal,23,0.5314007869788578,0.7235943377017975,0.2222222222222222,0.5728225478225477,0.46153846153846156,0.0,0.4621590120451791,0.5107669660023281,0.0531678811780044,0.1468370876141957,0.0,0.0,0.0,0.0,0.0,18473,global,0.0
4,4,lr1e-04_bs8_drop0p2_temp2p0_a0p25_b0p05__wd1e-04trmiss0_degmodglobal,8,0.0001,0.0001,0.2,2.0,0.25,0.05,lr1e-04_bs8_drop0p2_temp2p0_a0p25_b0p05__wd1e-04trmiss0_degmodglobal,24,0.5413254882608142,0.7267793715000153,0.2777777777777778,0.6468966218966219,0.5384615384615384,0.0,0.5089149985994611,0.5258045494556427,0.04306422785988876,0.09509765303560666,0.0,0.0,0.0,0.0,0.0,18473,global,0.0
4,4,lr1e-04_bs8_drop0p2_temp2p0_a0p25_b0p05__wd1e-04trmiss0_degmodglobal,8,0.0001,0.0001,0.2,2.0,0.25,0.05,lr1e-04_bs8_drop0p2_temp2p0_a0p25_b0p05__wd1e-04trmiss0_degmodglobal,25,0.5277656359331948,0.7273656129837036,0.25,0.6398259148259149,0.5384615384615384,0.0,0.4594166491712843,0.5065636719976153,0.05146566831639835,0.16671093659741537,0.0,0.0,0.0,0.0,0.0,18473,global,0.0
4,4,lr1e-04_bs8_drop0p2_temp2p0_a0p25_b0p05__wd1e-04trmiss0_degmodglobal,8,0.0001,0.0001,0.2,2.0,0.25,0.05,lr1e-04_bs8_drop0p2_temp2p0_a0p25_b0p05__wd1e-04trmiss0_degmodglobal,26,0.499858558177948,0.7215217649936676,0.2222222222222222,0.5842703592703593,0.5384615384615384,0.0,0.434786251613072,0.48128436292920795,0.05433997192553112,0.09978396871260234,0.0,0.0,0.0,0.0,0.0,18473,global,0.0
4,4,lr1e-04_bs8_drop0p2_temp2p0_a0p25_b0p05__wd1e-04trmiss0_degmodglobal,8,0.0001,0.0001,0.2,2.0,0.25,0.05,lr1e-04_bs8_drop0p2_temp2p0_a0p25_b0p05__wd1e-04trmiss0_degmodglobal,27,0.4802544585296086,0.7231264412403107,0.19444444444444445,0.5635632885632885,0.46153846153846156,0.0,0.4541956399168287,0.46559372544288635,0.040525498666933606,0.09058726632169314,0.0,0.0,0.0,0.0,0.0,18473,global,0.0
4,4,lr1e-04_bs8_drop0p2_temp2p0_a0p25_b0p05__wd1e-04trmiss0_degmodglobal,8,0.0001,0.0001,0.2,2.0,0.25,0.05,lr1e-04_bs8_drop0p2_temp2p0_a0p25_b0p05__wd1e-04trmiss0_degmodglobal,28,0.5133692281586784,0.7168119847774506,0.2222222222222222,0.5728225478225477,0.5384615384615384,0.0,0.4572202946458544,0.49284488388470243,0.0583101071949516,0.11893641310078758,0.0,0.0,0.0,0.0,0.0,18473,global,0.0
4,4,lr1e-04_bs8_drop0p2_temp2p0_a0p25_b0p05__wd1e-04trmiss0_degmodglobal,8,0.0001,0.0001,0.2,2.0,0.25,0.05,lr1e-04_bs8_drop0p2_temp2p0_a0p25_b0p05__wd1e-04trmiss0_degmodglobal,29,0.5109933401857104,0.7170287370681763,0.2222222222222222,0.5728225478225477,0.5384615384615384,0.0,0.44197992341859,0.4946818394320352,0.044811048944081576,0.1021748600261552,0.0,0.0,0.0,0.0,0.0,18473,global,0.0
4,4,lr1e-04_bs8_drop0p2_temp2p0_a0p25_b0p05__wd1e-04trmiss0_degmodglobal,8,0.0001,0.0001,0.2,2.0,0.25,0.05,lr1e-04_bs8_drop0p2_temp2p0_a0p25_b0p05__wd1e-04trmiss0_degmodglobal,30,0.46428310019629343,0.715573787689209,0.2777777777777778,0.6468966218966219,0.5384615384615384,0.0,0.4353131822177342,0.44509298886571613,0.052685946758304326,0.12037252634763718,0.0,0.0,0.0,0.0,0.0,18473,global,0.0
4,4,lr1e-04_bs8_drop0p2_temp2p0_a0p25_b0p05__wd1e-04trmiss0_degmodglobal,8,0.0001,0.0001,0.2,2.0,0.25,0.05,lr1e-04_bs8_drop0p2_temp2p0_a0p25_b0p05__wd1e-04trmiss0_degmodglobal,31,0.5074756741523743,0.7169663310050964,0.25,0.5913410663410663,0.5384615384615384,0.0,0.4265832645552499,0.48139201743262156,0.06752952507564,0.18402562822614396,0.0,0.0,0.0,0.0,0.0,18473,global,0.0
4,4,lr1e-04_bs8_drop0p2_temp2p0_a0p25_b0p05__wd1e-04trmiss0_degmodglobal,8,0.0001,0.0001,0.2,2.0,0.25,0.05,lr1e-04_bs8_drop0p2_temp2p0_a0p25_b0p05__wd1e-04trmiss0_degmodglobal,32,0.4913291888577597,0.7162641286849976,0.2222222222222222,0.5728225478225477,0.5384615384615384,0.0,0.4312417847769601,0.4746937368597303,0.0462144852748939,0.10163652018776961,0.0,0.0,0.0,0.0,0.0,18473,global,0.0
4,4,lr1e-04_bs8_drop0p2_temp2p0_a0p25_b0p05__wd1e-04trmiss0_degmodglobal,8,0.0001,0.0001,0.2,2.0,0.25,0.05,lr1e-04_bs8_drop0p2_temp2p0_a0p25_b0p05__wd1e-04trmiss0_degmodglobal,33,0.5452527318681989,0.7158936858177185,0.25,0.5913410663410663,0.5384615384615384,0.0,0.49803856015205383,0.5255459589617593,0.05128246918320656,0.13772306963801384,0.0,0.0,0.0,0.0,0.0,18473,global,0.0
4,4,lr1e-04_bs8_drop0p2_temp2p0_a0p25_b0p05__wd1e-04trmiss0_degmodglobal,8,0.0001,0.0001,0.2,2.0,0.25,0.05,lr1e-04_bs8_drop0p2_temp2p0_a0p25_b0p05__wd1e-04trmiss0_degmodglobal,34,0.5041445536272866,0.7159433662891388,0.2777777777777778,0.6468966218966219,0.5384615384615384,0.0,0.4306030869483948,0.4870229320866721,0.04866921768656799,0.09908617208046573,0.0,0.0,0.0,0.0,0.0,18473,global,0.0
4,4,lr1e-04_bs8_drop0p2_temp2p0_a0p25_b0p05__wd1e-04trmiss0_degmodglobal,8,0.0001,0.0001,0.2,2.0,0.25,0.05,lr1e-04_bs8_drop0p2_temp2p0_a0p25_b0p05__wd1e-04trmiss0_degmodglobal,35,0.46994464312280926,0.714445024728775,0.2777777777777778,0.6468966218966219,0.5384615384615384,0.0,0.42677285415785654,0.4523559979030064,0.05134955234825611,0.09502502424376351,0.0,0.0,0.0,0.0,0.0,18473,global,0.0
4,4,lr1e-04_bs8_drop0p2_temp2p0_a0p25_b0p05__wd1e-04trmiss0_degmodglobal,8,0.0001,0.0001,0.2,2.0,0.25,0.05,lr1e-04_bs8_drop0p2_temp2p0_a0p25_b0p05__wd1e-04trmiss0_degmodglobal,36,0.45510412965502056,0.7148283421993256,0.2777777777777778,0.6468966218966219,0.5384615384615384,0.0,0.41048483763422283,0.4391756440911974,0.04542838542589119,0.09142787701317243,0.0,0.0,0.0,0.0,0.0,18473,global,0.0
4,4,lr1e-04_bs8_drop0p2_temp2p0_a0p25_b0p05__wd1e-04trmiss0_degmodglobal,8,0.0001,0.0001,0.2,2.0,0.25,0.05,lr1e-04_bs8_drop0p2_temp2p0_a0p25_b0p05__wd1e-04trmiss0_degmodglobal,37,0.4828112082821982,0.7121725976467133,0.2777777777777778,0.6468966218966219,0.5384615384615384,0.0,0.42197353499276297,0.46312932882990154,0.05029476859739849,0.14216393445219314,0.0,0.0,0.0,0.0,0.0,18473,global,0.0
4,4,lr1e-04_bs8_drop0p2_temp2p0_a0p25_b0p05__wd1e-04trmiss0_degmodglobal,8,0.0001,0.0001,0.2,2.0,0.25,0.05,lr1e-04_bs8_drop0p2_temp2p0_a0p25_b0p05__wd1e-04trmiss0_degmodglobal,38,0.48748697127614704,0.7119396328926086,0.25,0.5913410663410663,0.5384615384615384,0.0,0.4306535635675703,0.4657158042703356,0.05472442241651671,0.16180133074522018,0.0,0.0,0.0,0.0,0.0,18473,global,0.0
4,4,lr1e-04_bs8_drop0p2_temp2p0_a0p25_b0p05__wd1e-04trmiss0_degmodglobal,8,0.0001,0.0001,0.2,2.0,0.25,0.05,lr1e-04_bs8_drop0p2_temp2p0_a0p25_b0p05__wd1e-04trmiss0_degmodglobal,39,0.5023615956306458,0.7131658792495728,0.2777777777777778,0.6468966218966219,0.5384615384615384,0.0,0.42106226086616516,0.47247143302645,0.07737933312143598,0.21090685895511083,0.0,0.0,0.0,0.0,0.0,18473,global,0.0
4,4,lr1e-04_bs8_drop0p2_temp2p0_a0p25_b0p05__wd1e-04trmiss0_degmodglobal,8,0.0001,0.0001,0.2,2.0,0.25,0.05,lr1e-04_bs8_drop0p2_temp2p0_a0p25_b0p05__wd1e-04trmiss0_degmodglobal,40,0.463434066091265,0.7116081416606903,0.2777777777777778,0.6468966218966219,0.5384615384615384,0.0,0.40836532201085773,0.44487664103507996,0.048930564363087924,0.12649568436401232,0.0,0.0,0.0,0.0,0.0,18473,global,0.0
4,4,lr1e-04_bs8_drop0p2_temp2p0_a0p25_b0p05__wd1e-04trmiss0_degmodglobal,8,0.0001,0.0001,0.2,2.0,0.25,0.05,lr1e-04_bs8_drop0p2_temp2p0_a0p25_b0p05__wd1e-04trmiss0_degmodglobal,41,0.513923100062779,0.7160662710666656,0.2777777777777778,0.6468966218966219,0.5384615384615384,0.0,0.43469745772225515,0.4855927314077105,0.0764534811356238,0.18433988520077296,0.0,0.0,0.0,0.0,0.0,18473,global,0.0
4,4,lr1e-04_bs8_drop0p2_temp2p0_a0p25_b0p05__wd1e-04trmiss0_degmodglobal,8,0.0001,0.0001,0.2,2.0,0.25,0.05,lr1e-04_bs8_drop0p2_temp2p0_a0p25_b0p05__wd1e-04trmiss0_degmodglobal,42,0.4899020663329533,0.7166474759578705,0.25,0.6398259148259149,0.5384615384615384,0.0,0.4475768804550171,0.4759321893964495,0.04217883199453354,0.0685034061649016,0.0,0.0,0.0,0.0,0.0,18473,global,0.0
4,4,lr1e-04_bs8_drop0p2_temp2p0_a0p25_b0p05__wd1e-04trmiss0_degmodglobal,8,0.0001,0.0001,0.2,2.0,0.25,0.05,lr1e-04_bs8_drop0p2_temp2p0_a0p25_b0p05__wd1e-04trmiss0_degmodglobal,43,0.4747730536120279,0.7103582322597504,0.25,0.6398259148259149,0.5384615384615384,0.0,0.42682486346789766,0.4560442396572658,0.0533190912434033,0.10798097455075809,0.0,0.0,0.0,0.0,0.0,18473,global,0.0
4,4,lr1e-04_bs8_drop0p2_temp2p0_a0p25_b0p05__wd1e-04trmiss0_degmodglobal,8,0.0001,0.0001,0.2,2.0,0.25,0.05,lr1e-04_bs8_drop0p2_temp2p0_a0p25_b0p05__wd1e-04trmiss0_degmodglobal,44,0.47660679476601736,0.711235761642456,0.2777777777777778,0.6468966218966219,0.5384615384615384,0.0,0.4165113483156477,0.4597322302205222,0.04499656693743808,0.1125085289989199,0.0,0.0,0.0,0.0,0.0,18473,global,0.0
4,4,lr1e-04_bs8_drop0p2_temp2p0_a0p25_b0p05__wd1e-04trmiss0_degmodglobal,8,0.0001,0.0001,0.2,2.0,0.25,0.05,lr1e-04_bs8_drop0p2_temp2p0_a0p25_b0p05__wd1e-04trmiss0_degmodglobal,45,0.4868978815419333,0.7139571905136108,0.2777777777777778,0.6468966218966219,0.5384615384615384,0.0,0.4135961958340236,0.46648663708141874,0.0531400806669678,0.14252436054604395,0.0,0.0,0.0,0.0,0.0,18473,global,0.0
4,4,lr1e-04_bs8_drop0p2_temp2p0_a0p25_b0p05__wd1e-04trmiss0_degmodglobal,8,0.0001,0.0001,0.2,2.0,0.25,0.05,lr1e-04_bs8_drop0p2_temp2p0_a0p25_b0p05__wd1e-04trmiss0_degmodglobal,46,0.5424777013914925,0.7070049345493317,0.25,0.5913410663410663,0.5384615384615384,0.0,0.42155395235334125,0.5087641562734332,0.08474453112908772,0.2505482882261276,0.0,0.0,0.0,0.0,0.0,18473,global,0.0
4,4,lr1e-04_bs8_drop0p2_temp2p0_a0p25_b0p05__wd1e-04trmiss0_degmodglobal,8,0.0001,0.0001,0.2,2.0,0.25,0.05,lr1e-04_bs8_drop0p2_temp2p0_a0p25_b0p05__wd1e-04trmiss0_degmodglobal,47,0.4750043068613325,0.7077310383319855,0.2777777777777778,0.6468966218966219,0.5384615384615384,0.0,0.398946681192943,0.45144900253840853,0.06440741675240653,0.1490691059402057,0.0,0.0,0.0,0.0,0.0,18473,global,0.0
4,4,lr1e-04_bs8_drop0p2_temp2p0_a0p25_b0p05__wd1e-04trmiss0_degmodglobal,8,0.0001,0.0001,0.2,2.0,0.25,0.05,lr1e-04_bs8_drop0p2_temp2p0_a0p25_b0p05__wd1e-04trmiss0_degmodglobal,48,0.4886018804141453,0.712933748960495,0.2222222222222222,0.5842703592703593,0.5384615384615384,0.0,0.405250255550657,0.46686895404543194,0.05897843039461544,0.1397667197244508,0.0,0.0,0.0,0.0,0.0,18473,global,0.0
4,4,lr1e-04_bs8_drop0p2_temp2p0_a0p25_b0p05__wd1e-04trmiss0_degmodglobal,8,0.0001,0.0001,0.2,2.0,0.25,0.05,lr1e-04_bs8_drop0p2_temp2p0_a0p25_b0p05__wd1e-04trmiss0_degmodglobal,49,0.46564289927482605,0.7117229402065277,0.19444444444444445,0.5635632885632885,0.5384615384615384,0.0,0.37008185046059744,0.4417520591190883,0.06427910498210362,0.15642141976526805,0.0,0.0,0.0,0.0,0.0,18473,global,0.0
4,4,lr1e-04_bs8_drop0p2_temp2p0_a0p25_b0p05__wd1e-04trmiss0_degmodglobal,8,0.0001,0.0001,0.2,2.0,0.25,0.05,lr1e-04_bs8_drop0p2_temp2p0_a0p25_b0p05__wd1e-04trmiss0_degmodglobal,50,0.4922285292829786,0.717679351568222,0.19444444444444445,0.5635632885632885,0.5384615384615384,0.0,0.3944893053599766,0.46009030086653574,0.08070391203675951,0.23924491075532778,0.0,0.0,0.0,0.0,0.0,18473,global,0.0
4,4,lr1e-04_bs8_drop0p2_temp2p0_a0p25_b0p05__wd1e-04trmiss0_degmodglobal,8,0.0001,0.0001,0.2,2.0,0.25,0.05,lr1e-04_bs8_drop0p2_temp2p0_a0p25_b0p05__wd1e-04trmiss0_degmodglobal,51,0.4607693042073931,0.708075612783432,0.2222222222222222,0.5728225478225477,0.5384615384615384,0.0,0.38353488274983,0.43797376326152254,0.06443538250667709,0.13373397503580367,0.0,0.0,0.0,0.0,0.0,18473,global,0.0
4,4,lr1e-04_bs8_drop0p2_temp2p0_a0p25_b0p05__wd1e-04trmiss0_degmodglobal,8,0.0001,0.0001,0.2,2.0,0.25,0.05,lr1e-04_bs8_drop0p2_temp2p0_a0p25_b0p05__wd1e-04trmiss0_degmodglobal,52,0.48882472089358736,0.6998811364173889,0.2777777777777778,0.6468966218966219,0.6153846153846154,0.0,0.40089018430028645,0.45932504534721375,0.07879168926072973,0.19603505092007772,0.0,0.0,0.0,0.0,0.0,18473,global,0.0
4,4,lr1e-04_bs8_drop0p2_temp2p0_a0p25_b0p05__wd1e-04trmiss0_degmodglobal,8,0.0001,0.0001,0.2,2.0,0.25,0.05,lr1e-04_bs8_drop0p2_temp2p0_a0p25_b0p05__wd1e-04trmiss0_degmodglobal,53,0.5014783229146685,0.7004469633102417,0.2777777777777778,0.6468966218966219,0.5384615384615384,0.0,0.42775693110057283,0.4800936962877001,0.0560253339686564,0.1475657815379756,0.0,0.0,0.0,0.0,0.0,18473,global,0.0
4,4,lr1e-04_bs8_drop0p2_temp2p0_a0p25_b0p05__wd1e-04trmiss0_degmodglobal,8,0.0001,0.0001,0.2,2.0,0.25,0.05,lr1e-04_bs8_drop0p2_temp2p0_a0p25_b0p05__wd1e-04trmiss0_degmodglobal,54,0.5417693470205579,0.7076890468597412,0.25,0.5913410663410663,0.5384615384615384,0.0,0.47686212403433664,0.520866755928312,0.05868868636233466,0.12460819578596524,0.0,0.0,0.0,0.0,0.0,18473,global,0.0
4,4,lr1e-04_bs8_drop0p2_temp2p0_a0p25_b0p05__wd1e-04trmiss0_degmodglobal,8,0.0001,0.0001,0.2,2.0,0.25,0.05,lr1e-04_bs8_drop0p2_temp2p0_a0p25_b0p05__wd1e-04trmiss0_degmodglobal,55,0.46760899254253935,0.7072221636772156,0.19444444444444445,0.5635632885632885,0.5384615384615384,0.0,0.4052585320813315,0.44322010449000765,0.06393684180719512,0.1680934237582343,0.0,0.0,0.0,0.0,0.0,18473,global,0.0
4,4,lr1e-04_bs8_drop0p2_temp2p0_a0p25_b0p05__wd1e-04trmiss0_degmodglobal,8,0.0001,0.0001,0.2,2.0,0.25,0.05,lr1e-04_bs8_drop0p2_temp2p0_a0p25_b0p05__wd1e-04trmiss0_degmodglobal,56,0.4928359602178846,0.6993750929832458,0.25,0.5913410663410663,0.5384615384615384,0.0,0.41578621097973417,0.46454610569136484,0.07279983455581325,0.20179776740925653,0.0,0.0,0.0,0.0,0.0,18473,global,0.0
4,4,lr1e-04_bs8_drop0p2_temp2p0_a0p25_b0p05__wd1e-04trmiss0_degmodglobal,8,0.0001,0.0001,0.2,2.0,0.25,0.05,lr1e-04_bs8_drop0p2_temp2p0_a0p25_b0p05__wd1e-04trmiss0_degmodglobal,57,0.4565631406647818,0.6980666816234589,0.2777777777777778,0.6468966218966219,0.6153846153846154,0.0,0.3698760781969343,0.4342120204653059,0.060218037239142826,0.1459320762327739,0.0,0.0,0.0,0.0,0.0,18473,global,0.0
4,4,lr1e-04_bs8_drop0p2_temp2p0_a0p25_b0p05__wd1e-04trmiss0_degmodglobal,8,0.0001,0.0001,0.2,2.0,0.25,0.05,lr1e-04_bs8_drop0p2_temp2p0_a0p25_b0p05__wd1e-04trmiss0_degmodglobal,58,0.4912512217249189,0.6987598538398743,0.25,0.5913410663410663,0.5384615384615384,0.0,0.4438893496990204,0.47084939054080416,0.054116355521338325,0.1374549674136298,0.0,0.0,0.0,0.0,0.0,18473,global,0.0
4,4,lr1e-04_bs8_drop0p2_temp2p0_a0p25_b0p05__wd1e-04trmiss0_degmodglobal,8,0.0001,0.0001,0.2,2.0,0.25,0.05,lr1e-04_bs8_drop0p2_temp2p0_a0p25_b0p05__wd1e-04trmiss0_degmodglobal,59,0.47362806115831646,0.7044947743415833,0.25,0.583933658933659,0.5384615384615384,0.0,0.41014599800109863,0.45273041299411226,0.05298845869089876,0.15301077493599483,0.0,0.0,0.0,0.0,0.0,18473,global,0.0
4,4,lr1e-04_bs8_drop0p2_temp2p0_a0p25_b0p05__wd1e-04trmiss0_degmodglobal,8,0.0001,0.0001,0.2,2.0,0.25,0.05,lr1e-04_bs8_drop0p2_temp2p0_a0p25_b0p05__wd1e-04trmiss0_degmodglobal,60,0.4640629461833409,0.7061096429824829,0.25,0.583933658933659,0.5384615384615384,0.0,0.3867011623723166,0.4421620879854475,0.062193313613533974,0.12705051845737866,0.0,0.0,0.0,0.0,0.0,18473,global,0.0
4,4,lr1e-04_bs8_drop0p2_temp2p0_a0p25_b0p05__wd1e-04trmiss0_degmodglobal,8,0.0001,0.0001,0.2,2.0,0.25,0.05,lr1e-04_bs8_drop0p2_temp2p0_a0p25_b0p05__wd1e-04trmiss0_degmodglobal,61,0.4752846913678305,0.6981445252895355,0.25,0.5913410663410663,0.5384615384615384,0.0,0.38634194646562847,0.44905599525996615,0.07094631610172135,0.16984236666134425,0.0,0.0,0.0,0.0,0.0,18473,global,0.0
4,4,lr1e-04_bs8_drop0p2_temp2p0_a0p25_b0p05__wd1e-04trmiss0_degmodglobal,8,0.0001,0.0001,0.2,2.0,0.25,0.05,lr1e-04_bs8_drop0p2_temp2p0_a0p25_b0p05__wd1e-04trmiss0_degmodglobal,62,0.48833754658699036,0.6954763233661652,0.25,0.5913410663410663,0.5384615384615384,0.0,0.39022562759263174,0.4553894443171365,0.09058258416397232,0.20604946464300156,0.0,0.0,0.0,0.0,0.0,18473,global,0.0
4,4,lr1e-04_bs8_drop0p2_temp2p0_a0p25_b0p05__wd1e-04trmiss0_degmodglobal,8,0.0001,0.0001,0.2,2.0,0.25,0.05,lr1e-04_bs8_drop0p2_temp2p0_a0p25_b0p05__wd1e-04trmiss0_degmodglobal,63,0.4976142474583217,0.6910543143749237,0.25,0.583933658933659,0.6153846153846154,0.0,0.40498803768839153,0.46641077739851816,0.08887506542461258,0.17969411717993872,0.0,0.0,0.0,0.0,0.0,18473,global,0.0
4,4,lr1e-04_bs8_drop0p2_temp2p0_a0p25_b0p05__wd1e-04trmiss0_degmodglobal,8,0.0001,0.0001,0.2,2.0,0.25,0.05,lr1e-04_bs8_drop0p2_temp2p0_a0p25_b0p05__wd1e-04trmiss0_degmodglobal,64,0.470148150409971,0.6996017396450043,0.2777777777777778,0.6064925814925815,0.5384615384615384,0.0,0.3801986404827663,0.4387334372316088,0.08156056169952665,0.22049151893172944,0.0,0.0,0.0,0.0,0.0,18473,global,0.0
4,4,lr1e-04_bs8_drop0p2_temp2p0_a0p25_b0p05__wd1e-04trmiss0_degmodglobal,8,0.0001,0.0001,0.2,2.0,0.25,0.05,lr1e-04_bs8_drop0p2_temp2p0_a0p25_b0p05__wd1e-04trmiss0_degmodglobal,65,0.47937045778547016,0.704093873500824,0.25,0.5913410663410663,0.5384615384615384,0.0,0.36248867426599773,0.4461241832801274,0.08735403205667223,0.22815533727407455,0.0,0.0,0.0,0.0,0.0,18473,global,0.0
4,4,lr1e-04_bs8_drop0p2_temp2p0_a0p25_b0p05__wd1e-04trmiss0_degmodglobal,8,0.0001,0.0001,0.2,2.0,0.25,0.05,lr1e-04_bs8_drop0p2_temp2p0_a0p25_b0p05__wd1e-04trmiss0_degmodglobal,66,0.46742681094578337,0.7079378366470337,0.2222222222222222,0.5842703592703593,0.5384615384615384,0.0,0.37926033564976286,0.44117234860147747,0.06776000133582524,0.18628934717604093,0.0,0.0,0.0,0.0,0.0,18473,global,0.0
4,4,lr1e-04_bs8_drop0p2_temp2p0_a0p25_b0p05__wd1e-04trmiss0_degmodglobal,8,0.0001,0.0001,0.2,2.0,0.25,0.05,lr1e-04_bs8_drop0p2_temp2p0_a0p25_b0p05__wd1e-04trmiss0_degmodglobal,67,0.4515291154384613,0.6995067298412323,0.25,0.5913410663410663,0.5384615384615384,0.0,0.3901139497756958,0.43040778807231356,0.052230753536735265,0.16127291162099158,0.0,0.0,0.0,0.0,0.0,18473,global,0.0
4,4,lr1e-04_bs8_drop0p2_temp2p0_a0p25_b0p05__wd1e-04trmiss0_degmodglobal,8,0.0001,0.0001,0.2,2.0,0.25,0.05,lr1e-04_bs8_drop0p2_temp2p0_a0p25_b0p05__wd1e-04trmiss0_degmodglobal,68,0.45759117603302,0.6971732676029205,0.2777777777777778,0.6024521774521775,0.5384615384615384,0.0,0.36040814433779034,0.4273126210485186,0.07880340729440961,0.21155412229044096,0.0,0.0,0.0,0.0,0.0,18473,global,0.0
4,4,lr1e-04_bs8_drop0p2_temp2p0_a0p25_b0p05__wd1e-04trmiss0_degmodglobal,8,0.0001,0.0001,0.2,2.0,0.25,0.05,lr1e-04_bs8_drop0p2_temp2p0_a0p25_b0p05__wd1e-04trmiss0_degmodglobal,69,0.4963957965373993,0.7024186551570892,0.25,0.5953814703814704,0.5384615384615384,0.0,0.4048717958586557,0.468428054026195,0.07321009625281606,0.19330462494066783,0.0,0.0,0.0,0.0,0.0,18473,global,0.0
4,4,lr1e-04_bs8_drop0p2_temp2p0_a0p25_b0p05__wd1e-04trmiss0_degmodglobal,8,0.0001,0.0001,0.2,2.0,0.25,0.05,lr1e-04_bs8_drop0p2_temp2p0_a0p25_b0p05__wd1e-04trmiss0_degmodglobal,70,0.44493143047605244,0.7040017545223236,0.2777777777777778,0.613899988899989,0.5384615384615384,0.0,0.3574334340436118,0.41802012494632174,0.07557285736714091,0.1603616920432874,0.0,0.0,0.0,0.0,0.0,18473,global,0.0
4,4,lr1e-04_bs8_drop0p2_temp2p0_a0p25_b0p05__wd1e-04trmiss0_degmodglobal,8,0.0001,0.0001,0.2,2.0,0.25,0.05,lr1e-04_bs8_drop0p2_temp2p0_a0p25_b0p05__wd1e-04trmiss0_degmodglobal,71,0.4457758494785854,0.7029651701450348,0.25,0.5953814703814704,0.5384615384615384,0.0,0.35531717964581083,0.42004580582891193,0.07179752417973109,0.15561336066041673,0.0,0.0,0.0,0.0,0.0,18473,global,0.0
4,4,lr1e-04_bs8_drop0p2_temp2p0_a0p25_b0p05__wd1e-04trmiss0_degmodglobal,8,0.0001,0.0001,0.2,2.0,0.25,0.05,lr1e-04_bs8_drop0p2_temp2p0_a0p25_b0p05__wd1e-04trmiss0_degmodglobal,72,0.4941269201891763,0.7019572257995605,0.2777777777777778,0.6024521774521775,0.5384615384615384,0.0,0.39893788950783865,0.46835474031312124,0.07059076109102794,0.16248971223831177,0.0,0.0,0.0,0.0,0.0,18473,global,0.0
4,4,lr1e-04_bs8_drop0p2_temp2p0_a0p25_b0p05__wd1e-04trmiss0_degmodglobal,8,0.0001,0.0001,0.2,2.0,0.25,0.05,lr1e-04_bs8_drop0p2_temp2p0_a0p25_b0p05__wd1e-04trmiss0_degmodglobal,73,0.4537663885525295,0.7073439955711365,0.2222222222222222,0.5728225478225477,0.5384615384615384,0.0,0.36640219603266033,0.42844164797237944,0.07485709499035563,0.1322092568235738,0.0,0.0,0.0,0.0,0.0,18473,global,0.0
4,4,lr1e-04_bs8_drop0p2_temp2p0_a0p25_b0p05__wd1e-04trmiss0_degmodglobal,8,0.0001,0.0001,0.2,2.0,0.25,0.05,lr1e-04_bs8_drop0p2_temp2p0_a0p25_b0p05__wd1e-04trmiss0_degmodglobal,74,0.44984014119420734,0.7042508125305176,0.2222222222222222,0.5728225478225477,0.5384615384615384,0.0,0.36468606761523653,0.42374634742736816,0.07232106689895902,0.16027058767420904,0.0,0.0,0.0,0.0,0.0,18473,global,0.0
4,4,lr1e-04_bs8_drop0p2_temp2p0_a0p25_b0p05__wd1e-04trmiss0_degmodglobal,8,0.0001,0.0001,0.2,2.0,0.25,0.05,lr1e-04_bs8_drop0p2_temp2p0_a0p25_b0p05__wd1e-04trmiss0_degmodglobal,75,0.47594531519072397,0.7092413008213043,0.2222222222222222,0.5728225478225477,0.5384615384615384,0.0,0.38336558427129475,0.45064798848969595,0.06589580114398684,0.17646760599953787,0.0,0.0,0.0,0.0,0.0,18473,global,0.0
4,4,lr1e-04_bs8_drop0p2_temp2p0_a0p25_b0p05__wd1e-04trmiss0_degmodglobal,8,0.0001,0.0001,0.2,2.0,0.25,0.05,lr1e-04_bs8_drop0p2_temp2p0_a0p25_b0p05__wd1e-04trmiss0_degmodglobal,76,0.44825577310153414,0.705451637506485,0.2222222222222222,0.5842703592703593,0.5384615384615384,0.0,0.3637740697179522,0.4250772936003549,0.05882123751299722,0.16946337851030485,0.0,0.0,0.0,0.0,0.0,18473,global,0.0
4,4,lr1e-04_bs8_drop0p2_temp2p0_a0p25_b0p05__wd1e-04trmiss0_degmodglobal,8,0.0001,0.0001,0.2,2.0,0.25,0.05,lr1e-04_bs8_drop0p2_temp2p0_a0p25_b0p05__wd1e-04trmiss0_degmodglobal,77,0.4543786772659847,0.7061665952205658,0.25,0.5913410663410663,0.5384615384615384,0.0,0.3620237708091736,0.42628229941640583,0.07726721412369184,0.17559137088911875,0.0,0.0,0.0,0.0,0.0,18473,global,0.0
4,4,lr1e-04_bs8_drop0p2_temp2p0_a0p25_b0p05__wd1e-04trmiss0_degmodglobal,8,0.0001,0.0001,0.2,2.0,0.25,0.05,lr1e-04_bs8_drop0p2_temp2p0_a0p25_b0p05__wd1e-04trmiss0_degmodglobal,78,0.4575952802385603,0.7052273750305176,0.25,0.5913410663410663,0.5384615384615384,0.0,0.3565619247300284,0.4182456476347787,0.10787246908460345,0.24763038967336928,0.0,0.0,0.0,0.0,0.0,18473,global,0.0
4,4,lr1e-04_bs8_drop0p2_temp2p0_a0p25_b0p05__wd1e-04trmiss0_degmodglobal,8,0.0001,0.0001,0.2,2.0,0.25,0.05,lr1e-04_bs8_drop0p2_temp2p0_a0p25_b0p05__wd1e-04trmiss0_degmodglobal,79,0.4641074963978359,0.6999930441379547,0.25,0.5913410663410663,0.5384615384615384,0.0,0.381705709866115,0.4381072734083448,0.06722264790109225,0.1838910175221307,0.0,0.0,0.0,0.0,0.0,18473,global,0.0
4,4,lr1e-04_bs8_drop0p2_temp2p0_a0p25_b0p05__wd1e-04trmiss0_degmodglobal,8,0.0001,0.0001,0.2,2.0,0.25,0.05,lr1e-04_bs8_drop0p2_temp2p0_a0p25_b0p05__wd1e-04trmiss0_degmodglobal,80,0.4556435431752886,0.7005340158939362,0.25,0.5913410663410663,0.5384615384615384,0.0,0.35758690748895916,0.42988928300993784,0.06988331515874181,0.16566882601806096,0.0,0.0,0.0,0.0,0.0,18473,global,0.0
4,4,lr1e-04_bs8_drop0p4_temp1p0_a0p25_b0p05__wd1e-04trmiss0_degmodglobal,8,0.0001,0.0001,0.4,1.0,0.25,0.05,lr1e-04_bs8_drop0p4_temp1p0_a0p25_b0p05__wd1e-04trmiss0_degmodglobal,1,0.6935652579580035,0.6914959847927094,0.5,0.7685777185777187,0.5384615384615384,0.0,0.6951821446418762,0.6611301302909851,0.08647811093500682,0.21631228817360743,0.0,0.0,0.0,0.0,0.0,18473,global,0.0
4,4,lr1e-04_bs8_drop0p4_temp1p0_a0p25_b0p05__wd1e-04trmiss0_degmodglobal,8,0.0001,0.0001,0.4,1.0,0.25,0.05,lr1e-04_bs8_drop0p4_temp1p0_a0p25_b0p05__wd1e-04trmiss0_degmodglobal,2,0.699805668422154,0.6881313323974609,0.5,0.7685777185777187,0.5384615384615384,0.0,0.7057393193244934,0.6656407032694135,0.08176962765199798,0.27445140055247713,0.0,0.0,0.0,0.0,0.0,18473,global,0.0
4,4,lr1e-04_bs8_drop0p4_temp1p0_a0p25_b0p05__wd1e-04trmiss0_degmodglobal,8,0.0001,0.0001,0.4,1.0,0.25,0.05,lr1e-04_bs8_drop0p4_temp1p0_a0p25_b0p05__wd1e-04trmiss0_degmodglobal,3,0.68943738085883,0.6732264161109924,0.4444444444444444,0.7378186628186629,0.6923076923076923,0.0,0.655090834413256,0.6535447239875793,0.0833931245974132,0.30088756552764345,0.0,0.0,0.0,0.0,0.0,18473,global,0.0
4,4,lr1e-04_bs8_drop0p4_temp1p0_a0p25_b0p05__wd1e-04trmiss0_degmodglobal,8,0.0001,0.0001,0.4,1.0,0.25,0.05,lr1e-04_bs8_drop0p4_temp1p0_a0p25_b0p05__wd1e-04trmiss0_degmodglobal,4,0.6517660873276847,0.652102142572403,0.5555555555555556,0.762025012025012,0.6923076923076923,0.0,0.6487124391964504,0.6229928476469857,0.07717605839882578,0.18958456282104766,0.0,0.0,0.0,0.0,0.0,18473,global,0.0
4,4,lr1e-04_bs8_drop0p4_temp1p0_a0p25_b0p05__wd1e-04trmiss0_degmodglobal,8,0.0001,0.0001,0.4,1.0,0.25,0.05,lr1e-04_bs8_drop0p4_temp1p0_a0p25_b0p05__wd1e-04trmiss0_degmodglobal,5,0.6408699495451791,0.6560737490653992,0.5,0.7428451178451179,0.6153846153846154,0.0,0.6543093494006565,0.6122301731790815,0.07448693258421761,0.20036119914480618,0.0,0.0,0.0,0.0,0.0,18473,global,0.0
4,4,lr1e-04_bs8_drop0p4_temp1p0_a0p25_b0p05__wd1e-04trmiss0_degmodglobal,8,0.0001,0.0001,0.4,1.0,0.25,0.05,lr1e-04_bs8_drop0p4_temp1p0_a0p25_b0p05__wd1e-04trmiss0_degmodglobal,6,0.5905909197671073,0.6640343070030212,0.5,0.6972101972101973,0.5384615384615384,0.0,0.6329678807939801,0.5600666318620954,0.07947971405727523,0.21308729691164835,0.0,0.0,0.0,0.0,0.0,18473,global,0.0
4,4,lr1e-04_bs8_drop0p4_temp1p0_a0p25_b0p05__wd1e-04trmiss0_degmodglobal,8,0.0001,0.0001,0.4,1.0,0.25,0.05,lr1e-04_bs8_drop0p4_temp1p0_a0p25_b0p05__wd1e-04trmiss0_degmodglobal,7,0.6043933629989624,0.6679255366325378,0.5277777777777778,0.7104377104377105,0.46153846153846156,0.0,0.6249053052493504,0.5761990036283221,0.07588464394211769,0.18446374152387893,0.0,0.0,0.0,0.0,0.0,18473,global,0.0
4,4,lr1e-04_bs8_drop0p4_temp1p0_a0p25_b0p05__wd1e-04trmiss0_degmodglobal,8,0.0001,0.0001,0.4,1.0,0.25,0.05,lr1e-04_bs8_drop0p4_temp1p0_a0p25_b0p05__wd1e-04trmiss0_degmodglobal,8,0.6040633746555873,0.657456636428833,0.5277777777777778,0.7104377104377105,0.6153846153846154,0.0,0.6107347437313625,0.5775569677352905,0.07068937378270286,0.17668159199612482,0.0,0.0,0.0,0.0,0.0,18473,global,0.0
4,4,lr1e-04_bs8_drop0p4_temp1p0_a0p25_b0p05__wd1e-04trmiss0_degmodglobal,8,0.0001,0.0001,0.4,1.0,0.25,0.05,lr1e-04_bs8_drop0p4_temp1p0_a0p25_b0p05__wd1e-04trmiss0_degmodglobal,9,0.6106052824429103,0.6390294134616852,0.5277777777777778,0.7104377104377105,0.6153846153846154,0.0,0.6035351582935878,0.58071026631764,0.07891029704894338,0.20334880266870772,0.0,0.0,0.0,0.0,0.0,18473,global,0.0
4,4,lr1e-04_bs8_drop0p4_temp1p0_a0p25_b0p05__wd1e-04trmiss0_degmodglobal,8,0.0001,0.0001,0.4,1.0,0.25,0.05,lr1e-04_bs8_drop0p4_temp1p0_a0p25_b0p05__wd1e-04trmiss0_degmodglobal,10,0.601252521787371,0.646511971950531,0.5277777777777778,0.7104377104377105,0.6153846153846154,0.0,0.5843173946653094,0.5694203291620527,0.09238543254988534,0.17471667059830256,0.0,0.0,0.0,0.0,0.0,18473,global,0.0
4,4,lr1e-04_bs8_drop0p4_temp1p0_a0p25_b0p05__wd1e-04trmiss0_degmodglobal,8,0.0001,0.0001,0.4,1.0,0.25,0.05,lr1e-04_bs8_drop0p4_temp1p0_a0p25_b0p05__wd1e-04trmiss0_degmodglobal,11,0.617747928415026,0.6488825380802155,0.5,0.6972101972101973,0.6153846153846154,0.0,0.6208275982311794,0.5847108875002179,0.08886030209915978,0.21643923968076706,0.0,0.0,0.0,0.0,0.0,18473,global,0.0
4,4,lr1e-04_bs8_drop0p4_temp1p0_a0p25_b0p05__wd1e-04trmiss0_degmodglobal,8,0.0001,0.0001,0.4,1.0,0.25,0.05,lr1e-04_bs8_drop0p4_temp1p0_a0p25_b0p05__wd1e-04trmiss0_degmodglobal,12,0.5938830120222909,0.652517557144165,0.5,0.6972101972101973,0.6153846153846154,0.0,0.5952596408980233,0.5500208735466003,0.10935405482138906,0.3304727567093713,0.0,0.0,0.0,0.0,0.0,18473,global,0.0
4,4,lr1e-04_bs8_drop0p4_temp1p0_a0p25_b0p05__wd1e-04trmiss0_degmodglobal,8,0.0001,0.0001,0.4,1.0,0.25,0.05,lr1e-04_bs8_drop0p4_temp1p0_a0p25_b0p05__wd1e-04trmiss0_degmodglobal,13,0.6031297530446734,0.6611039638519287,0.4722222222222222,0.6823953823953824,0.6153846153846154,0.0,0.6013539348329816,0.5708565882274083,0.08861951636416572,0.20236566343477794,0.0,0.0,0.0,0.0,0.0,18473,global,0.0
4,4,lr1e-04_bs8_drop0p4_temp1p0_a0p25_b0p05__wd1e-04trmiss0_degmodglobal,8,0.0001,0.0001,0.4,1.0,0.25,0.05,lr1e-04_bs8_drop0p4_temp1p0_a0p25_b0p05__wd1e-04trmiss0_degmodglobal,14,0.5848488126482282,0.6487907767295837,0.5,0.6972101972101973,0.6153846153846154,0.0,0.6204971330506461,0.5542009174823761,0.08082731227789607,0.20882125198841095,0.0,0.0,0.0,0.0,0.0,18473,global,0.0
4,4,lr1e-04_bs8_drop0p4_temp1p0_a0p25_b0p05__wd1e-04trmiss0_degmodglobal,8,0.0001,0.0001,0.4,1.0,0.25,0.05,lr1e-04_bs8_drop0p4_temp1p0_a0p25_b0p05__wd1e-04trmiss0_degmodglobal,15,0.561788946390152,0.6442330777645111,0.5,0.6972101972101973,0.6153846153846154,0.0,0.5835548639297485,0.5287167429924011,0.09320580533572606,0.19541485820497786,0.0,0.0,0.0,0.0,0.0,18473,global,0.0
4,4,lr1e-04_bs8_drop0p4_temp1p0_a0p25_b0p05__wd1e-04trmiss0_degmodglobal,8,0.0001,0.0001,0.4,1.0,0.25,0.05,lr1e-04_bs8_drop0p4_temp1p0_a0p25_b0p05__wd1e-04trmiss0_degmodglobal,16,0.5543400943279266,0.6535625159740448,0.4722222222222222,0.6823953823953824,0.6153846153846154,0.0,0.5664244379316058,0.5264192223548889,0.0742625253541129,0.18710454659802572,0.0,0.0,0.0,0.0,0.0,18473,global,0.0
4,4,lr1e-04_bs8_drop0p4_temp1p0_a0p25_b0p05__wd1e-04trmiss0_degmodglobal,8,0.0001,0.0001,0.4,1.0,0.25,0.05,lr1e-04_bs8_drop0p4_temp1p0_a0p25_b0p05__wd1e-04trmiss0_degmodglobal,17,0.5779386418206351,0.6504441499710083,0.4722222222222222,0.6823953823953824,0.6153846153846154,0.0,0.5653189165251595,0.5480630780969348,0.08326940291694232,0.1811643647296088,0.0,0.0,0.0,0.0,0.0,18473,global,0.0
4,4,lr1e-04_bs8_drop0p4_temp1p0_a0p25_b0p05__wd1e-04trmiss0_degmodglobal,8,0.0001,0.0001,0.4,1.0,0.25,0.05,lr1e-04_bs8_drop0p4_temp1p0_a0p25_b0p05__wd1e-04trmiss0_degmodglobal,18,0.5585302540234157,0.6557790637016296,0.4722222222222222,0.6823953823953824,0.5384615384615384,0.0,0.5369486553328378,0.522057810000011,0.1045440137386322,0.20672880858182907,0.0,0.0,0.0,0.0,0.0,18473,global,0.0
4,4,lr1e-04_bs8_drop0p4_temp1p0_a0p25_b0p05__wd1e-04trmiss0_degmodglobal,8,0.0001,0.0001,0.4,1.0,0.25,0.05,lr1e-04_bs8_drop0p4_temp1p0_a0p25_b0p05__wd1e-04trmiss0_degmodglobal,19,0.5471784855638232,0.638466089963913,0.4444444444444444,0.6657287157287157,0.6923076923076923,0.0,0.5702349373272487,0.5172815365450723,0.08151600935629436,0.190358895276274,0.0,0.0,0.0,0.0,0.0,18473,global,0.0
4,4,lr1e-04_bs8_drop0p4_temp1p0_a0p25_b0p05__wd1e-04trmiss0_degmodglobal,8,0.0001,0.0001,0.4,1.0,0.25,0.05,lr1e-04_bs8_drop0p4_temp1p0_a0p25_b0p05__wd1e-04trmiss0_degmodglobal,20,0.576069210256849,0.6394419968128204,0.4444444444444444,0.6657287157287157,0.6923076923076923,0.0,0.557700765984399,0.5286427821431842,0.12836033584816114,0.30672683247498106,0.0,0.0,0.0,0.0,0.0,18473,global,0.0
4,4,lr1e-04_bs8_drop0p4_temp1p0_a0p25_b0p05__wd1e-04trmiss0_degmodglobal,8,0.0001,0.0001,0.4,1.0,0.25,0.05,lr1e-04_bs8_drop0p4_temp1p0_a0p25_b0p05__wd1e-04trmiss0_degmodglobal,21,0.558133431843349,0.6422752737998962,0.38888888888888884,0.6493978243978243,0.6923076923076923,0.0,0.5499595403671265,0.5131467069898333,0.11741949298552104,0.3126369331564222,0.0,0.0,0.0,0.0,0.0,18473,global,0.0
4,4,lr1e-04_bs8_drop0p4_temp1p0_a0p25_b0p05__wd1e-04trmiss0_degmodglobal,8,0.0001,0.0001,0.4,1.0,0.25,0.05,lr1e-04_bs8_drop0p4_temp1p0_a0p25_b0p05__wd1e-04trmiss0_degmodglobal,22,0.5781401480947223,0.6472312211990356,0.5,0.6972101972101973,0.6923076923076923,0.0,0.5501635159764972,0.5300327709742955,0.11704353988170624,0.37692966631480623,0.0,0.0,0.0,0.0,0.0,18473,global,0.0
4,4,lr1e-04_bs8_drop0p4_temp1p0_a0p25_b0p05__wd1e-04trmiss0_degmodglobal,8,0.0001,0.0001,0.4,1.0,0.25,0.05,lr1e-04_bs8_drop0p4_temp1p0_a0p25_b0p05__wd1e-04trmiss0_degmodglobal,23,0.5411981769970485,0.6452055871486664,0.5,0.6972101972101973,0.6923076923076923,0.0,0.503570841891425,0.5025441433702197,0.1001083818929536,0.2725387311407498,0.0,0.0,0.0,0.0,0.0,18473,global,0.0
4,4,lr1e-04_bs8_drop0p4_temp1p0_a0p25_b0p05__wd1e-04trmiss0_degmodglobal,8,0.0001,0.0001,0.4,1.0,0.25,0.05,lr1e-04_bs8_drop0p4_temp1p0_a0p25_b0p05__wd1e-04trmiss0_degmodglobal,24,0.5632668563297817,0.6438127160072327,0.5,0.6972101972101973,0.6923076923076923,0.0,0.5401053258350917,0.5203464031219482,0.11053050309419632,0.30575654549258097,0.0,0.0,0.0,0.0,0.0,18473,global,0.0
4,4,lr1e-04_bs8_drop0p4_temp1p0_a0p25_b0p05__wd1e-04trmiss0_degmodglobal,8,0.0001,0.0001,0.4,1.0,0.25,0.05,lr1e-04_bs8_drop0p4_temp1p0_a0p25_b0p05__wd1e-04trmiss0_degmodglobal,25,0.5630390303475517,0.6419217586517334,0.5,0.6972101972101973,0.6923076923076923,0.0,0.5957290019307818,0.5275833180972508,0.09559377602168492,0.2311454372746604,0.0,0.0,0.0,0.0,0.0,18473,global,0.0
4,4,lr1e-04_bs8_drop0p4_temp1p0_a0p25_b0p05__wd1e-04trmiss0_degmodglobal,8,0.0001,0.0001,0.4,1.0,0.25,0.05,lr1e-04_bs8_drop0p4_temp1p0_a0p25_b0p05__wd1e-04trmiss0_degmodglobal,26,0.525996710572924,0.6427781283855438,0.5277777777777778,0.7104377104377105,0.6923076923076923,0.0,0.5643072170870644,0.49435004591941833,0.08606615928666932,0.2026026217000825,0.0,0.0,0.0,0.0,0.0,18473,global,0.0
4,4,lr1e-04_bs8_drop0p4_temp1p0_a0p25_b0p05__wd1e-04trmiss0_degmodglobal,8,0.0001,0.0001,0.4,1.0,0.25,0.05,lr1e-04_bs8_drop0p4_temp1p0_a0p25_b0p05__wd1e-04trmiss0_degmodglobal,27,0.5168827899864742,0.6409125328063965,0.5277777777777778,0.7104377104377105,0.6923076923076923,0.0,0.534602437700544,0.4881885434900011,0.07707490293043,0.1885105467268399,0.0,0.0,0.0,0.0,0.0,18473,global,0.0
4,4,lr1e-04_bs8_drop0p4_temp1p0_a0p25_b0p05__wd1e-04trmiss0_degmodglobal,8,0.0001,0.0001,0.4,1.0,0.25,0.05,lr1e-04_bs8_drop0p4_temp1p0_a0p25_b0p05__wd1e-04trmiss0_degmodglobal,28,0.5435325290475573,0.6414050757884979,0.5555555555555556,0.765993265993266,0.6923076923076923,0.0,0.5416680233819144,0.5153927036694118,0.07775176742247172,0.17403773750577653,0.0,0.0,0.0,0.0,0.0,18473,global,0.0
4,4,lr1e-04_bs8_drop0p4_temp1p0_a0p25_b0p05__wd1e-04trmiss0_degmodglobal,8,0.0001,0.0001,0.4,1.0,0.25,0.05,lr1e-04_bs8_drop0p4_temp1p0_a0p25_b0p05__wd1e-04trmiss0_degmodglobal,29,0.5162525687898908,0.644871175289154,0.5277777777777778,0.7527657527657527,0.6923076923076923,0.0,0.5093017859118325,0.4781995713710785,0.10528795421123505,0.23462026300174849,0.0,0.0,0.0,0.0,0.0,18473,global,0.0
4,4,lr1e-04_bs8_drop0p4_temp1p0_a0p25_b0p05__wd1e-04trmiss0_degmodglobal,8,0.0001,0.0001,0.4,1.0,0.25,0.05,lr1e-04_bs8_drop0p4_temp1p0_a0p25_b0p05__wd1e-04trmiss0_degmodglobal,30,0.540973037481308,0.6439806222915649,0.5277777777777778,0.7527657527657527,0.6923076923076923,0.0,0.5415975408894675,0.5075438490935734,0.09632856611694608,0.18694117665290833,0.0,0.0,0.0,0.0,0.0,18473,global,0.0
4,4,lr1e-04_bs8_drop0p4_temp1p0_a0p25_b0p05__wd1e-04trmiss0_degmodglobal,8,0.0001,0.0001,0.4,1.0,0.25,0.05,lr1e-04_bs8_drop0p4_temp1p0_a0p25_b0p05__wd1e-04trmiss0_degmodglobal,31,0.5212275045258659,0.6447693407535553,0.5277777777777778,0.7527657527657527,0.6923076923076923,0.0,0.5285677484103611,0.4853320504937853,0.0983542480639049,0.22613767215183803,0.0,0.0,0.0,0.0,0.0,18473,global,0.0
4,4,lr1e-04_bs8_drop0p4_temp1p0_a0p25_b0p05__wd1e-04trmiss0_degmodglobal,8,0.0001,0.0001,0.4,1.0,0.25,0.05,lr1e-04_bs8_drop0p4_temp1p0_a0p25_b0p05__wd1e-04trmiss0_degmodglobal,32,0.5364595566477094,0.6461726427078247,0.5277777777777778,0.7527657527657527,0.6923076923076923,0.0,0.5143006443977356,0.4870638762201582,0.12391699637685503,0.36832867562770844,0.0,0.0,0.0,0.0,0.0,18473,global,0.0
4,4,lr1e-04_bs8_drop0p4_temp1p0_a0p25_b0p05__wd1e-04trmiss0_degmodglobal,8,0.0001,0.0001,0.4,1.0,0.25,0.05,lr1e-04_bs8_drop0p4_temp1p0_a0p25_b0p05__wd1e-04trmiss0_degmodglobal,33,0.5379465562956673,0.6507032513618469,0.5277777777777778,0.7527657527657527,0.6923076923076923,0.0,0.5094747245311737,0.5020680768149239,0.10737557070595878,0.18069149340902055,0.0,0.0,0.0,0.0,0.0,18473,global,0.0
4,4,lr1e-04_bs8_drop0p4_temp1p0_a0p25_b0p05__wd1e-04trmiss0_degmodglobal,8,0.0001,0.0001,0.4,1.0,0.25,0.05,lr1e-04_bs8_drop0p4_temp1p0_a0p25_b0p05__wd1e-04trmiss0_degmodglobal,34,0.5245420294148582,0.6529172956943512,0.5277777777777778,0.7527657527657527,0.6923076923076923,0.0,0.5091997810772487,0.4864687664168222,0.10881153174809047,0.21740752032824925,0.0,0.0,0.0,0.0,0.0,18473,global,0.0
4,4,lr1e-04_bs8_drop0p4_temp1p0_a0p25_b0p05__wd1e-04trmiss0_degmodglobal,8,0.0001,0.0001,0.4,1.0,0.25,0.05,lr1e-04_bs8_drop0p4_temp1p0_a0p25_b0p05__wd1e-04trmiss0_degmodglobal,35,0.5175955934183938,0.6540738940238953,0.5277777777777778,0.7527657527657527,0.6923076923076923,0.0,0.5317644860063281,0.4782210034983499,0.10648771694728307,0.255053100841386,0.0,0.0,0.0,0.0,0.0,18473,global,0.0
4,4,lr1e-04_bs8_drop0p4_temp1p0_a0p25_b0p05__wd1e-04trmiss0_degmodglobal,8,0.0001,0.0001,0.4,1.0,0.25,0.05,lr1e-04_bs8_drop0p4_temp1p0_a0p25_b0p05__wd1e-04trmiss0_degmodglobal,36,0.5424582149301257,0.6516220569610596,0.5277777777777778,0.7527657527657527,0.6923076923076923,0.0,0.5189367958477565,0.49933913350105286,0.11362753435969353,0.2942436784505844,0.0,0.0,0.0,0.0,0.0,18473,global,0.0
4,4,lr1e-04_bs8_drop0p4_temp1p0_a0p25_b0p05__wd1e-04trmiss0_degmodglobal,8,0.0001,0.0001,0.4,1.0,0.25,0.05,lr1e-04_bs8_drop0p4_temp1p0_a0p25_b0p05__wd1e-04trmiss0_degmodglobal,37,0.5113836526870728,0.6522150337696075,0.5277777777777778,0.7527657527657527,0.6923076923076923,0.0,0.49671442593847004,0.47055152910096304,0.11086246158395495,0.26233010419777464,0.0,0.0,0.0,0.0,0.0,18473,global,0.0
4,4,lr1e-04_bs8_drop0p4_temp1p0_a0p25_b0p05__wd1e-04trmiss0_degmodglobal,8,0.0001,0.0001,0.4,1.0,0.25,0.05,lr1e-04_bs8_drop0p4_temp1p0_a0p25_b0p05__wd1e-04trmiss0_degmodglobal,38,0.5269972341401237,0.6511932015419006,0.5,0.7379509379509379,0.6923076923076923,0.0,0.5309330480439323,0.48700183629989624,0.10820783781153816,0.25886898381369455,0.0,0.0,0.0,0.0,0.0,18473,global,0.0
4,4,lr1e-04_bs8_drop0p4_temp1p0_a0p25_b0p05__wd1e-04trmiss0_degmodglobal,8,0.0001,0.0001,0.4,1.0,0.25,0.05,lr1e-04_bs8_drop0p4_temp1p0_a0p25_b0p05__wd1e-04trmiss0_degmodglobal,39,0.5063403333936419,0.6522768437862396,0.5,0.7379509379509379,0.6923076923076923,0.0,0.4697994036333902,0.47259471671921865,0.09123192621128899,0.21875291211264475,0.0,0.0,0.0,0.0,0.0,18473,global,0.0
4,4,lr1e-04_bs8_drop0p4_temp1p0_a0p25_b0p05__wd1e-04trmiss0_degmodglobal,8,0.0001,0.0001,0.4,1.0,0.25,0.05,lr1e-04_bs8_drop0p4_temp1p0_a0p25_b0p05__wd1e-04trmiss0_degmodglobal,40,0.5299432703426906,0.6539585292339325,0.5,0.7379509379509379,0.6923076923076923,0.0,0.5226761613573346,0.49251160451344084,0.10540416198117393,0.221612349152565,0.0,0.0,0.0,0.0,0.0,18473,global,0.0
4,4,lr1e-04_bs8_drop0p4_temp1p0_a0p25_b0p05__wd1e-04trmiss0_degmodglobal,8,0.0001,0.0001,0.4,1.0,0.25,0.05,lr1e-04_bs8_drop0p4_temp1p0_a0p25_b0p05__wd1e-04trmiss0_degmodglobal,41,0.5393398233822414,0.6563316881656647,0.5,0.7379509379509379,0.6923076923076923,0.0,0.5074955821037292,0.4891723820141384,0.13834883166210993,0.3116045040743692,0.0,0.0,0.0,0.0,0.0,18473,global,0.0
4,4,lr1e-04_bs8_drop0p4_temp1p0_a0p25_b0p05__wd1e-04trmiss0_degmodglobal,8,0.0001,0.0001,0.4,1.0,0.25,0.05,lr1e-04_bs8_drop0p4_temp1p0_a0p25_b0p05__wd1e-04trmiss0_degmodglobal,42,0.5210527692522321,0.6570433080196381,0.5,0.7379509379509379,0.6923076923076923,0.0,0.5050755994660514,0.4726325912134988,0.12959112226963043,0.3204478919506073,0.0,0.0,0.0,0.0,0.0,18473,global,0.0
4,4,lr1e-04_bs8_drop0p4_temp1p0_a0p25_b0p05__wd1e-04trmiss0_degmodglobal,8,0.0001,0.0001,0.4,1.0,0.25,0.05,lr1e-04_bs8_drop0p4_temp1p0_a0p25_b0p05__wd1e-04trmiss0_degmodglobal,43,0.5450816878250667,0.6545974910259247,0.4444444444444444,0.7148740148740149,0.6923076923076923,0.0,0.5215614352907453,0.5030519025666373,0.11687984690070152,0.25619649461337496,0.0,0.0,0.0,0.0,0.0,18473,global,0.0
4,4,lr1e-04_bs8_drop0p4_temp1p0_a0p25_b0p05__wd1e-04trmiss0_degmodglobal,8,0.0001,0.0001,0.4,1.0,0.25,0.05,lr1e-04_bs8_drop0p4_temp1p0_a0p25_b0p05__wd1e-04trmiss0_degmodglobal,44,0.5210591512066978,0.6557868719100952,0.4444444444444444,0.7148740148740149,0.6923076923076923,0.0,0.48496309774262564,0.4773314297199249,0.11805896194917816,0.2842592235122408,0.0,0.0,0.0,0.0,0.0,18473,global,0.0
4,4,lr1e-04_bs8_drop0p4_temp1p0_a0p25_b0p05__wd1e-04trmiss0_degmodglobal,8,0.0001,0.0001,0.4,1.0,0.25,0.05,lr1e-04_bs8_drop0p4_temp1p0_a0p25_b0p05__wd1e-04trmiss0_degmodglobal,45,0.5086632328374046,0.6550619304180145,0.4444444444444444,0.7148740148740149,0.6153846153846154,0.0,0.5057826851095472,0.47217512130737305,0.1030121599989278,0.21470140027148382,0.0,0.0,0.0,0.0,0.0,18473,global,0.0
4,4,lr1e-04_bs8_drop0p4_temp1p0_a0p25_b0p05__wd1e-04trmiss0_degmodglobal,8,0.0001,0.0001,0.4,1.0,0.25,0.05,lr1e-04_bs8_drop0p4_temp1p0_a0p25_b0p05__wd1e-04trmiss0_degmodglobal,46,0.5620061499731881,0.656177282333374,0.4444444444444444,0.7148740148740149,0.6153846153846154,0.0,0.509502249104636,0.516781108719962,0.12247264385223389,0.29213748233658926,0.0,0.0,0.0,0.0,0.0,18473,global,0.0
4,4,lr1e-04_bs8_drop0p4_temp1p0_a0p25_b0p05__wd1e-04trmiss0_degmodglobal,8,0.0001,0.0001,0.4,1.0,0.25,0.05,lr1e-04_bs8_drop0p4_temp1p0_a0p25_b0p05__wd1e-04trmiss0_degmodglobal,47,0.5394025828157153,0.659455269575119,0.4444444444444444,0.7148740148740149,0.6153846153846154,0.0,0.5002085821969169,0.5045838526317051,0.09614252405507225,0.2156617928828512,0.0,0.0,0.0,0.0,0.0,18473,global,0.0
4,4,lr1e-04_bs8_drop0p4_temp1p0_a0p25_b0p05__wd1e-04trmiss0_degmodglobal,8,0.0001,0.0001,0.4,1.0,0.25,0.05,lr1e-04_bs8_drop0p4_temp1p0_a0p25_b0p05__wd1e-04trmiss0_degmodglobal,48,0.5207726785114833,0.6570851504802704,0.4444444444444444,0.7148740148740149,0.6923076923076923,0.0,0.4987146854400635,0.4866161474159786,0.08594156801700592,0.25342280311243875,0.0,0.0,0.0,0.0,0.0,18473,global,0.0
4,4,lr1e-04_bs8_drop0p4_temp2p0_a0p25_b0p05__wd1e-04trmiss0_degmodglobal,8,0.0001,0.0001,0.4,2.0,0.25,0.05,lr1e-04_bs8_drop0p4_temp2p0_a0p25_b0p05__wd1e-04trmiss0_degmodglobal,1,0.7689331344195774,0.7108157873153687,0.6666666666666666,0.8233605900272567,0.46153846153846156,0.0,0.7476361564227513,0.729602609361921,0.10130838198321206,0.28006858059338163,0.0,0.0,0.0,0.0,0.0,18473,global,0.0
4,4,lr1e-04_bs8_drop0p4_temp2p0_a0p25_b0p05__wd1e-04trmiss0_degmodglobal,8,0.0001,0.0001,0.4,2.0,0.25,0.05,lr1e-04_bs8_drop0p4_temp2p0_a0p25_b0p05__wd1e-04trmiss0_degmodglobal,2,0.7152629750115531,0.7048719227313995,0.5555555555555556,0.7842472342472344,0.38461538461538464,0.0,0.6836346983909607,0.6966953022139413,0.054165326058864594,0.10052655051861491,0.0,0.0,0.0,0.0,0.0,18473,global,0.0
4,4,lr1e-04_bs8_drop0p4_temp2p0_a0p25_b0p05__wd1e-04trmiss0_degmodglobal,8,0.0001,0.0001,0.4,2.0,0.25,0.05,lr1e-04_bs8_drop0p4_temp2p0_a0p25_b0p05__wd1e-04trmiss0_degmodglobal,3,0.6839519483702523,0.707948625087738,0.5277777777777778,0.7675805675805676,0.3076923076923077,0.0,0.7075570906911578,0.6580819743020194,0.06965382077864238,0.16913088517529623,0.0,0.0,0.0,0.0,0.0,18473,global,0.0
4,4,lr1e-04_bs8_drop0p4_temp2p0_a0p25_b0p05__wd1e-04trmiss0_degmodglobal,8,0.0001,0.0001,0.4,2.0,0.25,0.05,lr1e-04_bs8_drop0p4_temp2p0_a0p25_b0p05__wd1e-04trmiss0_degmodglobal,4,0.6393929209027972,0.7143067121505737,0.4444444444444444,0.7378186628186629,0.38461538461538464,0.0,0.6581523333277021,0.6102334175791059,0.07663667840617043,0.20000665954181127,0.0,0.0,0.0,0.0,0.0,18473,global,0.0
4,4,lr1e-04_bs8_drop0p4_temp2p0_a0p25_b0p05__wd1e-04trmiss0_degmodglobal,8,0.0001,0.0001,0.4,2.0,0.25,0.05,lr1e-04_bs8_drop0p4_temp2p0_a0p25_b0p05__wd1e-04trmiss0_degmodglobal,5,0.6451460889407566,0.7293895483016968,0.4444444444444445,0.7451770451770452,0.3076923076923077,0.0,0.6353084870747158,0.6147396053586688,0.07882879780871528,0.21398547664284706,0.0,0.0,0.0,0.0,0.0,18473,global,0.0
4,4,lr1e-04_bs8_drop0p4_temp2p0_a0p25_b0p05__wd1e-04trmiss0_degmodglobal,8,0.0001,0.0001,0.4,2.0,0.25,0.05,lr1e-04_bs8_drop0p4_temp2p0_a0p25_b0p05__wd1e-04trmiss0_degmodglobal,6,0.6632351875305176,0.7354032397270203,0.4444444444444444,0.7173992673992675,0.3076923076923077,0.0,0.6465519411223275,0.6342422621590751,0.07638701636876379,0.19792346975633077,0.0,0.0,0.0,0.0,0.0,18473,global,0.0
4,4,lr1e-04_bs8_drop0p4_temp2p0_a0p25_b0p05__wd1e-04trmiss0_degmodglobal,8,0.0001,0.0001,0.4,2.0,0.25,0.05,lr1e-04_bs8_drop0p4_temp2p0_a0p25_b0p05__wd1e-04trmiss0_degmodglobal,7,0.6469448634556362,0.722186952829361,0.4444444444444444,0.7148740148740149,0.3076923076923077,0.0,0.6511242815426418,0.6192099622317723,0.06686694707189288,0.22036306666476385,0.0,0.0,0.0,0.0,0.0,18473,global,0.0
4,4,lr1e-04_bs8_drop0p4_temp2p0_a0p25_b0p05__wd1e-04trmiss0_degmodglobal,8,0.0001,0.0001,0.4,2.0,0.25,0.05,lr1e-04_bs8_drop0p4_temp2p0_a0p25_b0p05__wd1e-04trmiss0_degmodglobal,8,0.6559130464281354,0.7121120989322662,0.3888888888888889,0.6896705146705147,0.3076923076923077,0.0,0.6111977440970284,0.6319515790258136,0.061247495136090686,0.1729920900293759,0.0,0.0,0.0,0.0,0.0,18473,global,0.0
4,4,lr1e-04_bs8_drop0p4_temp2p0_a0p25_b0p05__wd1e-04trmiss0_degmodglobal,8,0.0001,0.0001,0.4,2.0,0.25,0.05,lr1e-04_bs8_drop0p4_temp2p0_a0p25_b0p05__wd1e-04trmiss0_degmodglobal,9,0.6262793115207127,0.7096361219882965,0.3611111111111111,0.6267075517075518,0.38461538461538464,0.0,0.6094270433698382,0.599618775503976,0.06959443805473191,0.18523852952889033,0.0,0.0,0.0,0.0,0.0,18473,global,0.0
4,4,lr1e-04_bs8_drop0p4_temp2p0_a0p25_b0p05__wd1e-04trmiss0_degmodglobal,8,0.0001,0.0001,0.4,2.0,0.25,0.05,lr1e-04_bs8_drop0p4_temp2p0_a0p25_b0p05__wd1e-04trmiss0_degmodglobal,10,0.6022835288728986,0.7169618308544159,0.4166666666666667,0.6472101972101972,0.46153846153846156,0.0,0.6128673468317304,0.5813059040478298,0.05606120505503246,0.13924642918365343,0.0,0.0,0.0,0.0,0.0,18473,global,0.0
4,4,lr1e-04_bs8_drop0p4_temp2p0_a0p25_b0p05__wd1e-04trmiss0_degmodglobal,8,0.0001,0.0001,0.4,2.0,0.25,0.05,lr1e-04_bs8_drop0p4_temp2p0_a0p25_b0p05__wd1e-04trmiss0_degmodglobal,11,0.6386848262378148,0.7158514559268951,0.3888888888888889,0.6286916786916787,0.46153846153846156,0.0,0.5980300051825387,0.6086832540375846,0.0741664996104581,0.2291990774018424,0.0,0.0,0.0,0.0,0.0,18473,global,0.0
4,4,lr1e-04_bs8_drop0p4_temp2p0_a0p25_b0p05__wd1e-04trmiss0_degmodglobal,8,0.0001,0.0001,0.4,2.0,0.25,0.05,lr1e-04_bs8_drop0p4_temp2p0_a0p25_b0p05__wd1e-04trmiss0_degmodglobal,12,0.6382665038108826,0.7147660553455353,0.3333333333333333,0.6123607873607873,0.46153846153846156,0.0,0.612307744366782,0.6101268785340446,0.07856826643858637,0.1699512568967683,0.0,0.0,0.0,0.0,0.0,18473,global,0.0
4,4,lr1e-04_bs8_drop0p4_temp2p0_a0p25_b0p05__wd1e-04trmiss0_degmodglobal,8,0.0001,0.0001,0.4,2.0,0.25,0.05,lr1e-04_bs8_drop0p4_temp2p0_a0p25_b0p05__wd1e-04trmiss0_degmodglobal,13,0.6375742639814105,0.7114118337631226,0.3333333333333333,0.6081890331890332,0.46153846153846156,0.0,0.567108724798475,0.6051746095929827,0.08956401316182953,0.20017300333295548,0.0,0.0,0.0,0.0,0.0,18473,global,0.0
4,4,lr1e-04_bs8_drop0p4_temp2p0_a0p25_b0p05__wd1e-04trmiss0_degmodglobal,8,0.0001,0.0001,0.4,2.0,0.25,0.05,lr1e-04_bs8_drop0p4_temp2p0_a0p25_b0p05__wd1e-04trmiss0_degmodglobal,14,0.6085186515535627,0.7092640697956085,0.3333333333333333,0.6081890331890332,0.46153846153846156,0.0,0.605491748877934,0.5795408913067409,0.07537474217159408,0.20268168939011438,0.0,0.0,0.0,0.0,0.0,18473,global,0.0
4,4,lr1e-04_bs8_drop0p4_temp2p0_a0p25_b0p05__wd1e-04trmiss0_degmodglobal,8,0.0001,0.0001,0.4,2.0,0.25,0.05,lr1e-04_bs8_drop0p4_temp2p0_a0p25_b0p05__wd1e-04trmiss0_degmodglobal,15,0.6124262384005955,0.7098305523395538,0.3611111111111111,0.6267075517075518,0.38461538461538464,0.0,0.6189690402575901,0.581080687897546,0.09051593180213656,0.17433135424341475,0.0,0.0,0.0,0.0,0.0,18473,global,0.0
4,4,lr1e-04_bs8_drop0p4_temp2p0_a0p25_b0p05__wd1e-04trmiss0_degmodglobal,8,0.0001,0.0001,0.4,2.0,0.25,0.05,lr1e-04_bs8_drop0p4_temp2p0_a0p25_b0p05__wd1e-04trmiss0_degmodglobal,16,0.6135616387639727,0.7091853618621826,0.3333333333333333,0.6155964405964407,0.46153846153846156,0.0,0.5623235872813633,0.5761858906064715,0.1014909568641867,0.24005999096802302,0.0,0.0,0.0,0.0,0.0,18473,global,0.0
4,4,lr1e-04_bs8_drop0p4_temp2p0_a0p25_b0p05__wd1e-04trmiss0_degmodglobal,8,0.0001,0.0001,0.4,2.0,0.25,0.05,lr1e-04_bs8_drop0p4_temp2p0_a0p25_b0p05__wd1e-04trmiss0_degmodglobal,17,0.594546547957829,0.7078075408935547,0.3611111111111111,0.6267075517075518,0.46153846153846156,0.0,0.5570767266409737,0.559556816305433,0.09770229911165577,0.21128316862242563,0.0,0.0,0.0,0.0,0.0,18473,global,0.0
4,4,lr1e-04_bs8_drop0p4_temp2p0_a0p25_b0p05__wd1e-04trmiss0_degmodglobal,8,0.0001,0.0001,0.4,2.0,0.25,0.05,lr1e-04_bs8_drop0p4_temp2p0_a0p25_b0p05__wd1e-04trmiss0_degmodglobal,18,0.6132979989051819,0.7051046788692474,0.3333333333333333,0.6081890331890332,0.46153846153846156,0.0,0.5638110382216317,0.5852839350700378,0.07897016831806727,0.16543026162045343,0.0,0.0,0.0,0.0,0.0,18473,global,0.0
4,4,lr1e-04_bs8_drop0p4_temp2p0_a0p25_b0p05__wd1e-04trmiss0_degmodglobal,8,0.0001,0.0001,0.4,2.0,0.25,0.05,lr1e-04_bs8_drop0p4_temp2p0_a0p25_b0p05__wd1e-04trmiss0_degmodglobal,19,0.5981789486748832,0.7060706615447998,0.3333333333333333,0.6081890331890332,0.46153846153846156,0.0,0.5605280484472003,0.5672978716237205,0.09111997591597694,0.1620215496846608,0.0,0.0,0.0,0.0,0.0,18473,global,0.0
4,4,lr1e-04_bs8_drop0p4_temp2p0_a0p25_b0p05__wd1e-04trmiss0_degmodglobal,8,0.0001,0.0001,0.4,2.0,0.25,0.05,lr1e-04_bs8_drop0p4_temp2p0_a0p25_b0p05__wd1e-04trmiss0_degmodglobal,20,0.5875982301575797,0.7071951329708099,0.3333333333333333,0.6081890331890332,0.46153846153846156,0.0,0.5644805814538684,0.559069961309433,0.07802201514797551,0.18045515513845853,0.0,0.0,0.0,0.0,0.0,18473,global,0.0
4,4,lr1e-04_bs8_drop0p4_temp2p0_a0p25_b0p05__wd1e-04trmiss0_degmodglobal,8,0.0001,0.0001,0.4,2.0,0.25,0.05,lr1e-04_bs8_drop0p4_temp2p0_a0p25_b0p05__wd1e-04trmiss0_degmodglobal,21,0.6053056206021991,0.7093337178230286,0.3055555555555555,0.6017787767787768,0.46153846153846156,0.0,0.5455603514398847,0.5784370132855007,0.0730159484914371,0.17229248583316803,0.0,0.0,0.0,0.0,0.0,18473,global,0.0
4,4,lr1e-04_bs8_drop0p4_temp2p0_a0p25_b0p05__wd1e-04trmiss0_degmodglobal,8,0.0001,0.0001,0.4,2.0,0.25,0.05,lr1e-04_bs8_drop0p4_temp2p0_a0p25_b0p05__wd1e-04trmiss0_degmodglobal,22,0.6085990411894662,0.7087024748325348,0.3055555555555556,0.5970779220779221,0.46153846153846156,0.0,0.5572262534073421,0.5815333511148181,0.06629531724112374,0.20983709607805526,0.0,0.0,0.0,0.0,0.0,18473,global,0.0
4,4,lr1e-04_bs8_drop0p4_temp2p0_a0p25_b0p05__wd1e-04trmiss0_degmodglobal,8,0.0001,0.0001,0.4,2.0,0.25,0.05,lr1e-04_bs8_drop0p4_temp2p0_a0p25_b0p05__wd1e-04trmiss0_degmodglobal,23,0.6272154365267072,0.7073714435100555,0.3611111111111111,0.6341149591149592,0.46153846153846156,0.0,0.5629240827901023,0.593337527343205,0.09062243465866361,0.2244461104273796,0.0,0.0,0.0,0.0,0.0,18473,global,0.0
4,4,lr1e-04_bs8_drop0p4_temp2p0_a0p25_b0p05__wd1e-04trmiss0_degmodglobal,8,0.0001,0.0001,0.4,2.0,0.25,0.05,lr1e-04_bs8_drop0p4_temp2p0_a0p25_b0p05__wd1e-04trmiss0_degmodglobal,24,0.6140742812837873,0.7012882232666016,0.3333333333333333,0.6155964405964407,0.46153846153846156,0.0,0.5610395329339164,0.5825532504490444,0.08209354749747685,0.21995286004883902,0.0,0.0,0.0,0.0,0.0,18473,global,0.0
4,4,lr1e-04_bs8_drop0p4_temp2p0_a0p25_b0p05__wd1e-04trmiss0_degmodglobal,8,0.0001,0.0001,0.4,2.0,0.25,0.05,lr1e-04_bs8_drop0p4_temp2p0_a0p25_b0p05__wd1e-04trmiss0_degmodglobal,25,0.5826096364430019,0.7025314569473267,0.3333333333333333,0.6155964405964407,0.46153846153846156,0.0,0.5764727933066232,0.558429343359811,0.06762801323618207,0.14546593331864902,0.0,0.0,0.0,0.0,0.0,18473,global,0.0
4,4,lr5e-05_bs8_drop0p2_temp1p0_a0p25_b0p05__wd1e-04trmiss0_degmodglobal,8,5e-05,0.0001,0.2,1.0,0.25,0.05,lr5e-05_bs8_drop0p2_temp1p0_a0p25_b0p05__wd1e-04trmiss0_degmodglobal,1,0.7203654987471444,0.7089849412441254,0.25,0.5879740629740628,0.5384615384615384,0.0,0.6627912436212812,0.703724239553724,0.04651878295200212,0.10023131327969688,0.0,0.0,0.0,0.0,0.0,18473,global,0.0
4,4,lr5e-05_bs8_drop0p2_temp1p0_a0p25_b0p05__wd1e-04trmiss0_degmodglobal,8,5e-05,0.0001,0.2,1.0,0.25,0.05,lr5e-05_bs8_drop0p2_temp1p0_a0p25_b0p05__wd1e-04trmiss0_degmodglobal,2,0.6916229980332511,0.7007583677768707,0.2777777777777778,0.5985560735560735,0.5384615384615384,0.0,0.6303376044545855,0.6715282031467983,0.054246194660663605,0.13066489143030985,0.0,0.0,0.0,0.0,0.0,18473,global,0.0
4,4,lr5e-05_bs8_drop0p2_temp1p0_a0p25_b0p05__wd1e-04trmiss0_degmodglobal,8,5e-05,0.0001,0.2,1.0,0.25,0.05,lr5e-05_bs8_drop0p2_temp1p0_a0p25_b0p05__wd1e-04trmiss0_degmodglobal,3,0.6528899499348232,0.7025673687458038,0.25,0.5879740629740628,0.46153846153846156,0.0,0.5993684104510716,0.6316658002989632,0.05842542861189161,0.13235552396093095,0.0,0.0,0.0,0.0,0.0,18473,global,0.0
4,4,lr5e-05_bs8_drop0p2_temp1p0_a0p25_b0p05__wd1e-04trmiss0_degmodglobal,8,5e-05,0.0001,0.2,1.0,0.25,0.05,lr5e-05_bs8_drop0p2_temp1p0_a0p25_b0p05__wd1e-04trmiss0_degmodglobal,4,0.646444388798305,0.7012149095535278,0.2222222222222222,0.5768629518629518,0.5384615384615384,0.0,0.600944025175912,0.6220369849886213,0.06605906252350126,0.1578529796430043,0.0,0.0,0.0,0.0,0.0,18473,global,0.0
4,4,lr5e-05_bs8_drop0p2_temp1p0_a0p25_b0p05__wd1e-04trmiss0_degmodglobal,8,5e-05,0.0001,0.2,1.0,0.25,0.05,lr5e-05_bs8_drop0p2_temp1p0_a0p25_b0p05__wd1e-04trmiss0_degmodglobal,5,0.6287844777107239,0.6934314668178558,0.25,0.5953814703814704,0.5384615384615384,0.0,0.5888885855674744,0.6075853790555682,0.062214204243251255,0.11291127119745527,0.0,0.0,0.0,0.0,0.0,18473,global,0.0
4,4,lr5e-05_bs8_drop0p2_temp1p0_a0p25_b0p05__wd1e-04trmiss0_degmodglobal,8,5e-05,0.0001,0.2,1.0,0.25,0.05,lr5e-05_bs8_drop0p2_temp1p0_a0p25_b0p05__wd1e-04trmiss0_degmodglobal,6,0.6087514076914106,0.6960144937038422,0.2222222222222222,0.5842703592703593,0.46153846153846156,0.0,0.5704046147210258,0.5866559062685285,0.060780471456902366,0.13800768234900065,0.0,0.0,0.0,0.0,0.0,18473,global,0.0
4,4,lr5e-05_bs8_drop0p2_temp1p0_a0p25_b0p05__wd1e-04trmiss0_degmodglobal,8,5e-05,0.0001,0.2,1.0,0.25,0.05,lr5e-05_bs8_drop0p2_temp1p0_a0p25_b0p05__wd1e-04trmiss0_degmodglobal,7,0.5840671403067452,0.6949919760227203,0.2222222222222222,0.5842703592703593,0.5384615384615384,0.0,0.5678180456161499,0.5625338682106563,0.05886881585632052,0.13632086291909218,0.0,0.0,0.0,0.0,0.0,18473,global,0.0
4,4,lr5e-05_bs8_drop0p2_temp1p0_a0p25_b0p05__wd1e-04trmiss0_degmodglobal,8,5e-05,0.0001,0.2,1.0,0.25,0.05,lr5e-05_bs8_drop0p2_temp1p0_a0p25_b0p05__wd1e-04trmiss0_degmodglobal,8,0.5879725047520229,0.7004618346691132,0.1388888888888889,0.5506283839617172,0.5384615384615384,0.0,0.563485860824585,0.5725582838058472,0.044573768973350525,0.0854151461805616,0.0,0.0,0.0,0.0,0.0,18473,global,0.0
4,4,lr5e-05_bs8_drop0p2_temp1p0_a0p25_b0p05__wd1e-04trmiss0_degmodglobal,8,5e-05,0.0001,0.2,1.0,0.25,0.05,lr5e-05_bs8_drop0p2_temp1p0_a0p25_b0p05__wd1e-04trmiss0_degmodglobal,9,0.5827731490135193,0.6988464593887329,0.1388888888888889,0.5538029871363206,0.5384615384615384,0.0,0.5450557385172162,0.5636674932071141,0.05930406068052564,0.0855928717979363,0.0,0.0,0.0,0.0,0.0,18473,global,0.0
4,4,lr5e-05_bs8_drop0p2_temp1p0_a0p25_b0p05__wd1e-04trmiss0_degmodglobal,8,5e-05,0.0001,0.2,1.0,0.25,0.05,lr5e-05_bs8_drop0p2_temp1p0_a0p25_b0p05__wd1e-04trmiss0_degmodglobal,10,0.558936493737357,0.6962521374225616,0.16666666666666669,0.5583444333444334,0.5384615384615384,0.0,0.5359994556222644,0.5383983254432678,0.056014844349452426,0.13068927292312896,0.0,0.0,0.0,0.0,0.0,18473,global,0.0
4,4,lr5e-05_bs8_drop0p2_temp1p0_a0p25_b0p05__wd1e-04trmiss0_degmodglobal,8,5e-05,0.0001,0.2,1.0,0.25,0.05,lr5e-05_bs8_drop0p2_temp1p0_a0p25_b0p05__wd1e-04trmiss0_degmodglobal,11,0.5711202876908439,0.7087529003620148,0.1388888888888889,0.5490851740851741,0.6153846153846154,0.0,0.5513338872364589,0.5474679810660226,0.06594864864434515,0.14330307713576726,0.0,0.0,0.0,0.0,0.0,18473,global,0.0
4,4,lr5e-05_bs8_drop0p2_temp1p0_a0p25_b0p05__wd1e-04trmiss0_degmodglobal,8,5e-05,0.0001,0.2,1.0,0.25,0.05,lr5e-05_bs8_drop0p2_temp1p0_a0p25_b0p05__wd1e-04trmiss0_degmodglobal,12,0.5784700087138585,0.7141199707984924,0.1388888888888889,0.5490851740851741,0.5384615384615384,0.0,0.5504655838012695,0.5590280549866813,0.053700926048415046,0.1203347093292645,0.0,0.0,0.0,0.0,0.0,18473,global,0.0
4,4,lr5e-05_bs8_drop0p2_temp1p0_a0p25_b0p05__wd1e-04trmiss0_degmodglobal,8,5e-05,0.0001,0.2,1.0,0.25,0.05,lr5e-05_bs8_drop0p2_temp1p0_a0p25_b0p05__wd1e-04trmiss0_degmodglobal,13,0.5464139751025608,0.7058922946453094,0.1388888888888889,0.5490851740851741,0.6153846153846154,0.0,0.5363617539405823,0.5283138837133136,0.05281082620578153,0.09794759856803077,0.0,0.0,0.0,0.0,0.0,18473,global,0.0
4,4,lr5e-05_bs8_drop0p2_temp1p0_a0p25_b0p05__wd1e-04trmiss0_degmodglobal,8,5e-05,0.0001,0.2,1.0,0.25,0.05,lr5e-05_bs8_drop0p2_temp1p0_a0p25_b0p05__wd1e-04trmiss0_degmodglobal,14,0.5445695519447327,0.7079206705093384,0.1388888888888889,0.5490851740851741,0.6153846153846154,0.0,0.5251673076833997,0.524895361491612,0.05722721346787044,0.10734792373010091,0.0,0.0,0.0,0.0,0.0,18473,global,0.0
4,4,lr5e-05_bs8_drop0p2_temp1p0_a0p25_b0p05__wd1e-04trmiss0_degmodglobal,8,5e-05,0.0001,0.2,1.0,0.25,0.05,lr5e-05_bs8_drop0p2_temp1p0_a0p25_b0p05__wd1e-04trmiss0_degmodglobal,15,0.5372621076447623,0.7115458250045776,0.1388888888888889,0.5490851740851741,0.6153846153846154,0.0,0.5274699926376343,0.5170145886284965,0.05415148288011551,0.13419282755681447,0.0,0.0,0.0,0.0,0.0,18473,global,0.0
4,4,lr5e-05_bs8_drop0p2_temp1p0_a0p25_b0p05__wd1e-04trmiss0_degmodglobal,8,5e-05,0.0001,0.2,1.0,0.25,0.05,lr5e-05_bs8_drop0p2_temp1p0_a0p25_b0p05__wd1e-04trmiss0_degmodglobal,16,0.5371428217206683,0.7074880003929138,0.1388888888888889,0.5506283839617172,0.6153846153846154,0.0,0.5176326675074441,0.514108202287129,0.06388206673519951,0.1412820273212024,0.0,0.0,0.0,0.0,0.0,18473,global,0.0
4,4,lr5e-05_bs8_drop0p2_temp1p0_a0p25_b0p05__wd1e-04trmiss0_degmodglobal,8,5e-05,0.0001,0.2,1.0,0.25,0.05,lr5e-05_bs8_drop0p2_temp1p0_a0p25_b0p05__wd1e-04trmiss0_degmodglobal,17,0.5556156081812722,0.7116342484951019,0.1111111111111111,0.5426918760252093,0.5384615384615384,0.0,0.5159088841506413,0.5317981839179993,0.06933773362210818,0.12965998958264077,0.0,0.0,0.0,0.0,0.0,18473,global,0.0
4,4,lr5e-05_bs8_drop0p2_temp1p0_a0p25_b0p05__wd1e-04trmiss0_degmodglobal,8,5e-05,0.0001,0.2,1.0,0.25,0.05,lr5e-05_bs8_drop0p2_temp1p0_a0p25_b0p05__wd1e-04trmiss0_degmodglobal,18,0.5477801987103054,0.7127026617527008,0.1111111111111111,0.5426918760252093,0.5384615384615384,0.0,0.5216640915189471,0.5211463655744281,0.06852097915751594,0.1900715929056917,0.0,0.0,0.0,0.0,0.0,18473,global,0.0
4,4,lr5e-05_bs8_drop0p2_temp1p0_a0p25_b0p05__wd1e-04trmiss0_degmodglobal,8,5e-05,0.0001,0.2,1.0,0.25,0.05,lr5e-05_bs8_drop0p2_temp1p0_a0p25_b0p05__wd1e-04trmiss0_degmodglobal,19,0.5306253135204315,0.711370438337326,0.1388888888888889,0.5490851740851741,0.6153846153846154,0.0,0.5139867876257215,0.511238328048161,0.05984608083963394,0.08850942685135774,0.0,0.0,0.0,0.0,0.0,18473,global,0.0
4,4,lr5e-05_bs8_drop0p2_temp1p0_a0p25_b0p05__wd1e-04trmiss0_degmodglobal,8,5e-05,0.0001,0.2,1.0,0.25,0.05,lr5e-05_bs8_drop0p2_temp1p0_a0p25_b0p05__wd1e-04trmiss0_degmodglobal,20,0.5183312552315849,0.7084661424160004,0.1388888888888889,0.5490851740851741,0.6153846153846154,0.0,0.5104804124150958,0.4976922741958073,0.056164467973368506,0.1319572925567627,0.0,0.0,0.0,0.0,0.0,18473,global,0.0
4,4,lr5e-05_bs8_drop0p2_temp1p0_a0p25_b0p05__wd1e-04trmiss0_degmodglobal,8,5e-05,0.0001,0.2,1.0,0.25,0.05,lr5e-05_bs8_drop0p2_temp1p0_a0p25_b0p05__wd1e-04trmiss0_degmodglobal,21,0.5314098341124398,0.7054183185100555,0.1388888888888889,0.5490851740851741,0.6153846153846154,0.0,0.5299414651734489,0.5101784254823413,0.05957558218921934,0.12675001419016294,0.0,0.0,0.0,0.0,0.0,18473,global,0.0
4,4,lr5e-05_bs8_drop0p2_temp1p0_a0p25_b0p05__wd1e-04trmiss0_degmodglobal,8,5e-05,0.0001,0.2,1.0,0.25,0.05,lr5e-05_bs8_drop0p2_temp1p0_a0p25_b0p05__wd1e-04trmiss0_degmodglobal,22,0.5027622367654528,0.7072190344333649,0.1388888888888889,0.5490851740851741,0.6153846153846154,0.0,0.4813242426940373,0.48224938341549467,0.06006953865289688,0.10990956744977406,0.0,0.0,0.0,0.0,0.0,18473,global,0.0
4,4,lr5e-05_bs8_drop0p2_temp1p0_a0p25_b0p05__wd1e-04trmiss0_degmodglobal,8,5e-05,0.0001,0.2,1.0,0.25,0.05,lr5e-05_bs8_drop0p2_temp1p0_a0p25_b0p05__wd1e-04trmiss0_degmodglobal,23,0.546344688960484,0.7135070562362671,0.1111111111111111,0.5426918760252093,0.5384615384615384,0.0,0.49474736196654184,0.5218737593718937,0.07364180364779063,0.12120931116597992,0.0,0.0,0.0,0.0,0.0,18473,global,0.0
4,4,lr5e-05_bs8_drop0p2_temp1p0_a0p25_b0p05__wd1e-04trmiss0_degmodglobal,8,5e-05,0.0001,0.2,1.0,0.25,0.05,lr5e-05_bs8_drop0p2_temp1p0_a0p25_b0p05__wd1e-04trmiss0_degmodglobal,24,0.5165370404720306,0.7129020094871521,0.1111111111111111,0.5426918760252093,0.5384615384615384,0.0,0.4788797284875597,0.49631286944661823,0.059128591524703164,0.10884072312286922,0.0,0.0,0.0,0.0,0.0,18473,global,0.0
4,4,lr5e-05_bs8_drop0p2_temp1p0_a0p25_b0p05__wd1e-04trmiss0_degmodglobal,8,5e-05,0.0001,0.2,1.0,0.25,0.05,lr5e-05_bs8_drop0p2_temp1p0_a0p25_b0p05__wd1e-04trmiss0_degmodglobal,25,0.5329349722181048,0.7147449851036072,0.1111111111111111,0.541369124702458,0.6153846153846154,0.0,0.4825750121048519,0.5096127774034228,0.07083786704710551,0.1122546877179827,0.0,0.0,0.0,0.0,0.0,18473,global,0.0
4,4,lr5e-05_bs8_drop0p2_temp2p0_a0p25_b0p05__wd1e-04trmiss0_degmodglobal,8,5e-05,0.0001,0.2,2.0,0.25,0.05,lr5e-05_bs8_drop0p2_temp2p0_a0p25_b0p05__wd1e-04trmiss0_degmodglobal,1,0.7481021114758083,0.6880311667919159,0.4444444444444444,0.7297008547008548,0.46153846153846156,0.0,0.6808022856712341,0.7283095121383667,0.04198733663984707,0.18591494006769999,0.0,0.0,0.0,0.0,0.0,18473,global,0.0
4,4,lr5e-05_bs8_drop0p2_temp2p0_a0p25_b0p05__wd1e-04trmiss0_degmodglobal,8,5e-05,0.0001,0.2,2.0,0.25,0.05,lr5e-05_bs8_drop0p2_temp2p0_a0p25_b0p05__wd1e-04trmiss0_degmodglobal,2,0.7293876494680133,0.68943852186203,0.4166666666666667,0.6692511192511194,0.5384615384615384,0.0,0.6409180504935128,0.7103231464113507,0.04279336439711707,0.16732355313641684,0.0,0.0,0.0,0.0,0.0,18473,global,0.0
4,4,lr5e-05_bs8_drop0p2_temp2p0_a0p25_b0p05__wd1e-04trmiss0_degmodglobal,8,5e-05,0.0001,0.2,2.0,0.25,0.05,lr5e-05_bs8_drop0p2_temp2p0_a0p25_b0p05__wd1e-04trmiss0_degmodglobal,3,0.7067303912980216,0.693144291639328,0.3888888888888889,0.6593304843304844,0.46153846153846156,0.0,0.6258414387702942,0.6876431277820042,0.04038583992847374,0.17981585221631186,0.0,0.0,0.0,0.0,0.0,18473,global,0.0
4,4,lr5e-05_bs8_drop0p2_temp2p0_a0p25_b0p05__wd1e-04trmiss0_degmodglobal,8,5e-05,0.0001,0.2,2.0,0.25,0.05,lr5e-05_bs8_drop0p2_temp2p0_a0p25_b0p05__wd1e-04trmiss0_degmodglobal,4,0.6938124299049377,0.6948961019515991,0.3611111111111111,0.6308793058793059,0.46153846153846156,0.0,0.6076533538954598,0.6750110813549587,0.039503066667488644,0.17851156209196364,0.0,0.0,0.0,0.0,0.0,18473,global,0.0
4,4,lr5e-05_bs8_drop0p2_temp2p0_a0p25_b0p05__wd1e-04trmiss0_degmodglobal,8,5e-05,0.0001,0.2,2.0,0.25,0.05,lr5e-05_bs8_drop0p2_temp2p0_a0p25_b0p05__wd1e-04trmiss0_degmodglobal,5,0.677463344165257,0.6935935020446777,0.4444444444444444,0.7056147556147556,0.6153846153846154,0.0,0.6004497153418404,0.6566754238946098,0.04370860994926521,0.1972155666777066,0.0,0.0,0.0,0.0,0.0,18473,global,0.0
4,4,lr5e-05_bs8_drop0p2_temp2p0_a0p25_b0p05__wd1e-04trmiss0_degmodglobal,8,5e-05,0.0001,0.2,2.0,0.25,0.05,lr5e-05_bs8_drop0p2_temp2p0_a0p25_b0p05__wd1e-04trmiss0_degmodglobal,6,0.693096399307251,0.6973237693309784,0.41666666666666663,0.6500592000592001,0.6153846153846154,0.0,0.5981540850230626,0.6734406181744167,0.04231351667216846,0.18154772690364293,0.0,0.0,0.0,0.0,0.0,18473,global,0.0
4,4,lr5e-05_bs8_drop0p2_temp2p0_a0p25_b0p05__wd1e-04trmiss0_degmodglobal,8,5e-05,0.0001,0.2,2.0,0.25,0.05,lr5e-05_bs8_drop0p2_temp2p0_a0p25_b0p05__wd1e-04trmiss0_degmodglobal,7,0.6486056191580636,0.7006683945655823,0.3611111111111111,0.6308793058793059,0.46153846153846156,0.0,0.5710451517786298,0.6311337777546474,0.03771048518163817,0.16088442078658513,0.0,0.0,0.0,0.0,0.0,18473,global,0.0
4,4,lr5e-05_bs8_drop0p2_temp2p0_a0p25_b0p05__wd1e-04trmiss0_degmodglobal,8,5e-05,0.0001,0.2,2.0,0.25,0.05,lr5e-05_bs8_drop0p2_temp2p0_a0p25_b0p05__wd1e-04trmiss0_degmodglobal,8,0.6542524525097438,0.6967062056064606,0.41666666666666663,0.6500592000592001,0.6153846153846154,0.0,0.5560642055102757,0.6315469741821289,0.048296354711055756,0.2126278132200241,0.0,0.0,0.0,0.0,0.0,18473,global,0.0
4,4,lr5e-05_bs8_drop0p2_temp2p0_a0p25_b0p05__wd1e-04trmiss0_degmodglobal,8,5e-05,0.0001,0.2,2.0,0.25,0.05,lr5e-05_bs8_drop0p2_temp2p0_a0p25_b0p05__wd1e-04trmiss0_degmodglobal,9,0.6347565395491463,0.6953995525836945,0.41666666666666663,0.6500592000592001,0.6153846153846154,0.0,0.5604848691395351,0.6134221042905535,0.045536087825894356,0.19900834560394287,0.0,0.0,0.0,0.0,0.0,18473,global,0.0
4,4,lr5e-05_bs8_drop0p2_temp2p0_a0p25_b0p05__wd1e-04trmiss0_degmodglobal,8,5e-05,0.0001,0.2,2.0,0.25,0.05,lr5e-05_bs8_drop0p2_temp2p0_a0p25_b0p05__wd1e-04trmiss0_degmodglobal,10,0.6433887311390468,0.6919925510883331,0.41666666666666663,0.6500592000592001,0.6153846153846154,0.0,0.5583669032369342,0.6155148063387189,0.060183359043938775,0.25656194026981083,0.0,0.0,0.0,0.0,0.0,18473,global,0.0
4,4,lr5e-05_bs8_drop0p2_temp2p0_a0p25_b0p05__wd1e-04trmiss0_degmodglobal,8,5e-05,0.0001,0.2,2.0,0.25,0.05,lr5e-05_bs8_drop0p2_temp2p0_a0p25_b0p05__wd1e-04trmiss0_degmodglobal,11,0.6550208330154419,0.6950648128986359,0.41666666666666663,0.6500592000592001,0.6153846153846154,0.0,0.5461152706827436,0.6325860364096505,0.04888245356934411,0.20428349077701569,0.0,0.0,0.0,0.0,0.0,18473,global,0.0
4,4,lr5e-05_bs8_drop0p2_temp2p0_a0p25_b0p05__wd1e-04trmiss0_degmodglobal,8,5e-05,0.0001,0.2,2.0,0.25,0.05,lr5e-05_bs8_drop0p2_temp2p0_a0p25_b0p05__wd1e-04trmiss0_degmodglobal,12,0.6325713481221881,0.699029952287674,0.41666666666666663,0.6500592000592001,0.5384615384615384,0.0,0.5564758862767901,0.6088965620313372,0.05113042225795133,0.2178436198404857,0.0,0.0,0.0,0.0,0.0,18473,global,0.0
4,4,lr5e-05_bs8_drop0p2_temp2p0_a0p25_b0p05__wd1e-04trmiss0_degmodglobal,8,5e-05,0.0001,0.2,2.0,0.25,0.05,lr5e-05_bs8_drop0p2_temp2p0_a0p25_b0p05__wd1e-04trmiss0_degmodglobal,13,0.6511484895433698,0.7035971283912659,0.41666666666666663,0.6500592000592001,0.46153846153846156,0.0,0.5651690363883972,0.6306060467447553,0.04237642511725426,0.19896682032517024,0.0,0.0,0.0,0.0,0.0,18473,global,0.0
4,4,lr5e-05_bs8_drop0p2_temp2p0_a0p25_b0p05__wd1e-04trmiss0_degmodglobal,8,5e-05,0.0001,0.2,2.0,0.25,0.05,lr5e-05_bs8_drop0p2_temp2p0_a0p25_b0p05__wd1e-04trmiss0_degmodglobal,14,0.6194522636277335,0.6989261209964752,0.41666666666666663,0.6500592000592001,0.5384615384615384,0.0,0.5323054364749363,0.5983177508626666,0.04982137440570763,0.17358346176998957,0.0,0.0,0.0,0.0,0.0,18473,global,0.0
4,4,lr5e-05_bs8_drop0p2_temp2p0_a0p25_b0p05__wd1e-04trmiss0_degmodglobal,8,5e-05,0.0001,0.2,2.0,0.25,0.05,lr5e-05_bs8_drop0p2_temp2p0_a0p25_b0p05__wd1e-04trmiss0_degmodglobal,15,0.6294987286840167,0.7021168172359467,0.3611111111111111,0.6308793058793059,0.46153846153846156,0.0,0.5435188795839038,0.6054271970476423,0.05688910824911935,0.1969849786588124,0.0,0.0,0.0,0.0,0.0,18473,global,0.0
4,4,lr5e-05_bs8_drop0p2_temp2p0_a0p25_b0p05__wd1e-04trmiss0_degmodglobal,8,5e-05,0.0001,0.2,2.0,0.25,0.05,lr5e-05_bs8_drop0p2_temp2p0_a0p25_b0p05__wd1e-04trmiss0_degmodglobal,16,0.6571638413837978,0.7098065912723541,0.3055555555555556,0.6135632885632886,0.38461538461538464,0.0,0.5763908198901585,0.6367881212915693,0.04567529713468892,0.17913800371544703,0.0,0.0,0.0,0.0,0.0,18473,global,0.0
4,4,lr5e-05_bs8_drop0p2_temp2p0_a0p25_b0p05__wd1e-04trmiss0_degmodglobal,8,5e-05,0.0001,0.2,2.0,0.25,0.05,lr5e-05_bs8_drop0p2_temp2p0_a0p25_b0p05__wd1e-04trmiss0_degmodglobal,17,0.6086399640355792,0.7077155113220215,0.2777777777777778,0.6064925814925815,0.46153846153846156,0.0,0.519240277154105,0.5895050168037415,0.039598610784326284,0.1847058662346431,0.0,0.0,0.0,0.0,0.0,18473,global,0.0
4,4,lr5e-05_bs8_drop0p2_temp2p0_a0p25_b0p05__wd1e-04trmiss0_degmodglobal,8,5e-05,0.0001,0.2,2.0,0.25,0.05,lr5e-05_bs8_drop0p2_temp2p0_a0p25_b0p05__wd1e-04trmiss0_degmodglobal,18,0.60676280941282,0.70560222864151,0.2777777777777778,0.6024521774521775,0.46153846153846156,0.0,0.5194608100822994,0.5831798570496696,0.05179553319300924,0.2126813190323966,0.0,0.0,0.0,0.0,0.0,18473,global,0.0
4,4,lr5e-05_bs8_drop0p2_temp2p0_a0p25_b0p05__wd1e-04trmiss0_degmodglobal,8,5e-05,0.0001,0.2,2.0,0.25,0.05,lr5e-05_bs8_drop0p2_temp2p0_a0p25_b0p05__wd1e-04trmiss0_degmodglobal,19,0.6311983806746346,0.7087526619434357,0.2777777777777778,0.6024521774521775,0.38461538461538464,0.0,0.5292931539671761,0.6086366261754718,0.052117381777082174,0.19064809488398687,0.0,0.0,0.0,0.0,0.0,18473,global,0.0
4,4,lr5e-05_bs8_drop0p2_temp2p0_a0p25_b0p05__wd1e-04trmiss0_degmodglobal,8,5e-05,0.0001,0.2,2.0,0.25,0.05,lr5e-05_bs8_drop0p2_temp2p0_a0p25_b0p05__wd1e-04trmiss0_degmodglobal,20,0.620505656514849,0.7075137794017792,0.3055555555555556,0.6091861841861842,0.38461538461538464,0.0,0.5156577868121011,0.5955272912979126,0.05140324628778866,0.24255106065954482,0.0,0.0,0.0,0.0,0.0,18473,global,0.0
4,4,lr5e-05_bs8_drop0p2_temp2p0_a0p25_b0p05__wd1e-04trmiss0_degmodglobal,8,5e-05,0.0001,0.2,2.0,0.25,0.05,lr5e-05_bs8_drop0p2_temp2p0_a0p25_b0p05__wd1e-04trmiss0_degmodglobal,21,0.6173344935689654,0.7043113708496094,0.25,0.5953814703814704,0.38461538461538464,0.0,0.5165743146623883,0.5957783205168588,0.04567123789872442,0.20276710284607752,0.0,0.0,0.0,0.0,0.0,18473,global,0.0
4,4,lr5e-05_bs8_drop0p2_temp2p0_a0p25_b0p05__wd1e-04trmiss0_degmodglobal,8,5e-05,0.0001,0.2,2.0,0.25,0.05,lr5e-05_bs8_drop0p2_temp2p0_a0p25_b0p05__wd1e-04trmiss0_degmodglobal,22,0.6224340796470642,0.699418693780899,0.2777777777777778,0.6064925814925815,0.5384615384615384,0.0,0.5179334580898285,0.5946176903588432,0.06208071910909244,0.245924283351217,0.0,0.0,0.0,0.0,0.0,18473,global,0.0
4,4,lr5e-05_bs8_drop0p2_temp2p0_a0p25_b0p05__wd1e-04trmiss0_degmodglobal,8,5e-05,0.0001,0.2,2.0,0.25,0.05,lr5e-05_bs8_drop0p2_temp2p0_a0p25_b0p05__wd1e-04trmiss0_degmodglobal,23,0.6275693859372821,0.7023992240428925,0.3333333333333333,0.6202972952972953,0.46153846153846156,0.0,0.5232059359550476,0.5993220124925885,0.06164594154272761,0.2567176712410791,0.0,0.0,0.0,0.0,0.0,18473,global,0.0
4,4,lr5e-05_bs8_drop0p2_temp2p0_a0p25_b0p05__wd1e-04trmiss0_degmodglobal,8,5e-05,0.0001,0.2,2.0,0.25,0.05,lr5e-05_bs8_drop0p2_temp2p0_a0p25_b0p05__wd1e-04trmiss0_degmodglobal,24,0.6203435744558062,0.703471839427948,0.3333333333333333,0.6202972952972953,0.46153846153846156,0.0,0.4957994520664215,0.5939914413860866,0.05998032806175096,0.22714116530758993,0.0,0.0,0.0,0.0,0.0,18473,global,0.0
4,4,lr5e-05_bs8_drop0p2_temp2p0_a0p25_b0p05__wd1e-04trmiss0_degmodglobal,8,5e-05,0.0001,0.2,2.0,0.25,0.05,lr5e-05_bs8_drop0p2_temp2p0_a0p25_b0p05__wd1e-04trmiss0_degmodglobal,25,0.6220926301819938,0.7026986181735992,0.2777777777777778,0.6064925814925815,0.46153846153846156,0.0,0.49379696590559824,0.5972960591316223,0.05050584141697202,0.24340221072946275,0.0,0.0,0.0,0.0,0.0,18473,global,0.0
4,4,lr5e-05_bs8_drop0p4_temp1p0_a0p25_b0p05__wd1e-04trmiss0_degmodglobal,8,5e-05,0.0001,0.4,1.0,0.25,0.05,lr5e-05_bs8_drop0p4_temp1p0_a0p25_b0p05__wd1e-04trmiss0_degmodglobal,1,0.7736569557871137,0.7468597292900085,0.24999999999999997,0.6098876432209765,0.38461538461538464,0.0,0.6757861886705671,0.7419995495251247,0.07613348588347435,0.2524808155638831,0.0,0.0,0.0,0.0,0.0,18473,global,0.0
4,4,lr5e-05_bs8_drop0p4_temp1p0_a0p25_b0p05__wd1e-04trmiss0_degmodglobal,8,5e-05,0.0001,0.4,1.0,0.25,0.05,lr5e-05_bs8_drop0p4_temp1p0_a0p25_b0p05__wd1e-04trmiss0_degmodglobal,2,0.7305363757269723,0.7550569474697113,0.19444444444444442,0.5728506061839396,0.38461538461538464,0.0,0.6500581928661892,0.6978825841631208,0.07884356485945838,0.258858214531626,0.0,0.0,0.0,0.0,0.0,18473,global,0.0
4,4,lr5e-05_bs8_drop0p4_temp1p0_a0p25_b0p05__wd1e-04trmiss0_degmodglobal,8,5e-05,0.0001,0.4,1.0,0.25,0.05,lr5e-05_bs8_drop0p4_temp1p0_a0p25_b0p05__wd1e-04trmiss0_degmodglobal,3,0.6841972555433001,0.7603159248828888,0.2222222222222222,0.58343261676595,0.38461538461538464,0.0,0.6077455282211304,0.6550415584019252,0.07782361283898354,0.19399579720837729,0.0,0.0,0.0,0.0,0.0,18473,global,0.0
4,4,lr5e-05_bs8_drop0p4_temp1p0_a0p25_b0p05__wd1e-04trmiss0_degmodglobal,8,5e-05,0.0001,0.4,1.0,0.25,0.05,lr5e-05_bs8_drop0p4_temp1p0_a0p25_b0p05__wd1e-04trmiss0_degmodglobal,4,0.7114079594612122,0.7606695592403412,0.2222222222222222,0.58343261676595,0.38461538461538464,0.0,0.627283011163984,0.6806914721216474,0.07032822019287518,0.2626885622739792,0.0,0.0,0.0,0.0,0.0,18473,global,0.0
4,4,lr5e-05_bs8_drop0p4_temp1p0_a0p25_b0p05__wd1e-04trmiss0_degmodglobal,8,5e-05,0.0001,0.4,1.0,0.25,0.05,lr5e-05_bs8_drop0p4_temp1p0_a0p25_b0p05__wd1e-04trmiss0_degmodglobal,5,0.6427429573876517,0.7677086293697357,0.2222222222222222,0.58343261676595,0.38461538461538464,0.0,0.6335761376789638,0.6052768996783665,0.09320809479270663,0.283280400293214,0.0,0.0,0.0,0.0,0.0,18473,global,0.0
4,4,lr5e-05_bs8_drop0p4_temp1p0_a0p25_b0p05__wd1e-04trmiss0_degmodglobal,8,5e-05,0.0001,0.4,1.0,0.25,0.05,lr5e-05_bs8_drop0p4_temp1p0_a0p25_b0p05__wd1e-04trmiss0_degmodglobal,6,0.6675560048648289,0.7677019834518433,0.2222222222222222,0.58343261676595,0.38461538461538464,0.0,0.6180287514414106,0.6254613825253078,0.11707765289715358,0.2565042834196772,0.0,0.0,0.0,0.0,0.0,18473,global,0.0
4,4,lr5e-05_bs8_drop0p4_temp1p0_a0p25_b0p05__wd1e-04trmiss0_degmodglobal,8,5e-05,0.0001,0.4,1.0,0.25,0.05,lr5e-05_bs8_drop0p4_temp1p0_a0p25_b0p05__wd1e-04trmiss0_degmodglobal,7,0.6828261017799377,0.7639112174510956,0.2222222222222222,0.58343261676595,0.38461538461538464,0.0,0.6419832365853446,0.6422919716153827,0.09286892946277346,0.3463379911014012,0.0,0.0,0.0,0.0,0.0,18473,global,0.0
4,4,lr5e-05_bs8_drop0p4_temp1p0_a0p25_b0p05__wd1e-04trmiss0_degmodglobal,8,5e-05,0.0001,0.4,1.0,0.25,0.05,lr5e-05_bs8_drop0p4_temp1p0_a0p25_b0p05__wd1e-04trmiss0_degmodglobal,8,0.6394526447568621,0.770056962966919,0.25,0.5911486661486662,0.46153846153846156,0.0,0.6033100996698652,0.6107136862618583,0.07182682199137551,0.21564490454537527,0.0,0.0,0.0,0.0,0.0,18473,global,0.0
4,4,lr5e-05_bs8_drop0p4_temp1p0_a0p25_b0p05__wd1e-04trmiss0_degmodglobal,8,5e-05,0.0001,0.4,1.0,0.25,0.05,lr5e-05_bs8_drop0p4_temp1p0_a0p25_b0p05__wd1e-04trmiss0_degmodglobal,9,0.6348648837634495,0.7715595662593842,0.25,0.5911486661486662,0.46153846153846156,0.0,0.5988625458308628,0.6055322800363813,0.0814900781427111,0.1792017019220761,0.0,0.0,0.0,0.0,0.0,18473,global,0.0
4,4,lr5e-05_bs8_drop0p4_temp1p0_a0p25_b0p05__wd1e-04trmiss0_degmodglobal,8,5e-05,0.0001,0.4,1.0,0.25,0.05,lr5e-05_bs8_drop0p4_temp1p0_a0p25_b0p05__wd1e-04trmiss0_degmodglobal,10,0.645046089376722,0.7703467309474945,0.25,0.5911486661486662,0.46153846153846156,0.0,0.5847316554614476,0.6056134104728699,0.09373637501682554,0.3199716274227415,0.0,0.0,0.0,0.0,0.0,18473,global,0.0
4,4,lr5e-05_bs8_drop0p4_temp1p0_a0p25_b0p05__wd1e-04trmiss0_degmodglobal,8,5e-05,0.0001,0.4,1.0,0.25,0.05,lr5e-05_bs8_drop0p4_temp1p0_a0p25_b0p05__wd1e-04trmiss0_degmodglobal,11,0.6561575446810041,0.7655040621757507,0.25,0.5911486661486662,0.46153846153846156,0.0,0.5860323054449899,0.6251857706478664,0.07263291361076492,0.25627100467681885,0.0,0.0,0.0,0.0,0.0,18473,global,0.0
4,4,lr5e-05_bs8_drop0p4_temp1p0_a0p25_b0p05__wd1e-04trmiss0_degmodglobal,8,5e-05,0.0001,0.4,1.0,0.25,0.05,lr5e-05_bs8_drop0p4_temp1p0_a0p25_b0p05__wd1e-04trmiss0_degmodglobal,12,0.6125001566750663,0.7655179500579834,0.25,0.5911486661486662,0.46153846153846156,0.0,0.566256446497781,0.5851321305547442,0.07517183731709208,0.1715012299163001,0.0,0.0,0.0,0.0,0.0,18473,global,0.0
4,4,lr5e-05_bs8_drop0p4_temp1p0_a0p25_b0p05__wd1e-04trmiss0_degmodglobal,8,5e-05,0.0001,0.4,1.0,0.25,0.05,lr5e-05_bs8_drop0p4_temp1p0_a0p25_b0p05__wd1e-04trmiss0_degmodglobal,13,0.6248466798237392,0.762598305940628,0.25,0.5911486661486662,0.46153846153846156,0.0,0.5709345170429775,0.5906797817775181,0.08271263114043645,0.2697747881923403,0.0,0.0,0.0,0.0,0.0,18473,global,0.0
4,4,lr5e-05_bs8_drop0p4_temp1p0_a0p25_b0p05__wd1e-04trmiss0_degmodglobal,8,5e-05,0.0001,0.4,1.0,0.25,0.05,lr5e-05_bs8_drop0p4_temp1p0_a0p25_b0p05__wd1e-04trmiss0_degmodglobal,14,0.6394524148532322,0.7613068521022797,0.25,0.5911486661486662,0.46153846153846156,0.0,0.5666605915342059,0.6112177797726223,0.06434150572334017,0.2429854135428156,0.0,0.0,0.0,0.0,0.0,18473,global,0.0
4,4,lr5e-05_bs8_drop0p4_temp1p0_a0p25_b0p05__wd1e-04trmiss0_degmodglobal,8,5e-05,0.0001,0.4,1.0,0.25,0.05,lr5e-05_bs8_drop0p4_temp1p0_a0p25_b0p05__wd1e-04trmiss0_degmodglobal,15,0.6149438193866185,0.7624514400959015,0.2222222222222222,0.58343261676595,0.46153846153846156,0.0,0.5590108718190875,0.5752686304705483,0.09461567816989762,0.3204255678824016,0.0,0.0,0.0,0.0,0.0,18473,global,0.0
4,4,lr5e-05_bs8_drop0p4_temp1p0_a0p25_b0p05__wd1e-04trmiss0_degmodglobal,8,5e-05,0.0001,0.4,1.0,0.25,0.05,lr5e-05_bs8_drop0p4_temp1p0_a0p25_b0p05__wd1e-04trmiss0_degmodglobal,16,0.6273408532142639,0.7610166072845459,0.2222222222222222,0.58343261676595,0.38461538461538464,0.0,0.5652068342481341,0.6015746508325849,0.07035403645464353,0.16355377116373607,0.0,0.0,0.0,0.0,0.0,18473,global,0.0
4,4,lr5e-05_bs8_drop0p4_temp1p0_a0p25_b0p05__wd1e-04trmiss0_degmodglobal,8,5e-05,0.0001,0.4,1.0,0.25,0.05,lr5e-05_bs8_drop0p4_temp1p0_a0p25_b0p05__wd1e-04trmiss0_degmodglobal,17,0.6238864319665092,0.758943647146225,0.2222222222222222,0.58343261676595,0.46153846153846156,0.0,0.5674980367933001,0.5930274214063372,0.07376670997057642,0.2483466842344829,0.0,0.0,0.0,0.0,0.0,18473,global,0.0
4,4,lr5e-05_bs8_drop0p4_temp1p0_a0p25_b0p05__wd1e-04trmiss0_degmodglobal,8,5e-05,0.0001,0.4,1.0,0.25,0.05,lr5e-05_bs8_drop0p4_temp1p0_a0p25_b0p05__wd1e-04trmiss0_degmodglobal,18,0.5922793618270329,0.7596642374992371,0.2222222222222222,0.58343261676595,0.38461538461538464,0.0,0.5147201589175633,0.5574241961751666,0.08534795019243445,0.2703636363148689,0.0,0.0,0.0,0.0,0.0,18473,global,0.0
4,4,lr5e-05_bs8_drop0p4_temp1p0_a0p25_b0p05__wd1e-04trmiss0_degmodglobal,8,5e-05,0.0001,0.4,1.0,0.25,0.05,lr5e-05_bs8_drop0p4_temp1p0_a0p25_b0p05__wd1e-04trmiss0_degmodglobal,19,0.6135265742029462,0.755984365940094,0.2222222222222222,0.58343261676595,0.38461538461538464,0.0,0.5590084152562278,0.575395941734314,0.08792664004223687,0.3229792777981077,0.0,0.0,0.0,0.0,0.0,18473,global,0.0
4,4,lr5e-05_bs8_drop0p4_temp1p0_a0p25_b0p05__wd1e-04trmiss0_degmodglobal,8,5e-05,0.0001,0.4,1.0,0.25,0.05,lr5e-05_bs8_drop0p4_temp1p0_a0p25_b0p05__wd1e-04trmiss0_degmodglobal,20,0.5949908750397819,0.7515795528888702,0.2222222222222222,0.58343261676595,0.38461538461538464,0.0,0.5688410741942269,0.5632598911012922,0.07567496438111578,0.25624497873442514,0.0,0.0,0.0,0.0,0.0,18473,global,0.0
4,4,lr5e-05_bs8_drop0p4_temp1p0_a0p25_b0p05__wd1e-04trmiss0_degmodglobal,8,5e-05,0.0001,0.4,1.0,0.25,0.05,lr5e-05_bs8_drop0p4_temp1p0_a0p25_b0p05__wd1e-04trmiss0_degmodglobal,21,0.5811684046472821,0.7506608963012695,0.2222222222222222,0.58343261676595,0.38461538461538464,0.0,0.5589627538408551,0.5381928597177777,0.10778574485863958,0.3205823706729071,0.0,0.0,0.0,0.0,0.0,18473,global,0.0
4,4,lr5e-05_bs8_drop0p4_temp1p0_a0p25_b0p05__wd1e-04trmiss0_degmodglobal,8,5e-05,0.0001,0.4,1.0,0.25,0.05,lr5e-05_bs8_drop0p4_temp1p0_a0p25_b0p05__wd1e-04trmiss0_degmodglobal,22,0.5728454845292228,0.7490045726299286,0.2222222222222222,0.5805666555666555,0.3076923076923077,0.0,0.5373073944023677,0.533190403665815,0.10394983472568649,0.2733523611511503,0.0,0.0,0.0,0.0,0.0,18473,global,0.0
4,4,lr5e-05_bs8_drop0p4_temp1p0_a0p25_b0p05__wd1e-04trmiss0_degmodglobal,8,5e-05,0.0001,0.4,1.0,0.25,0.05,lr5e-05_bs8_drop0p4_temp1p0_a0p25_b0p05__wd1e-04trmiss0_degmodglobal,23,0.6021320394107273,0.7530730962753296,0.2222222222222222,0.5805666555666555,0.38461538461538464,0.0,0.5463916148458209,0.5664203337260655,0.09198960342577525,0.254286133817264,0.0,0.0,0.0,0.0,0.0,18473,global,0.0
4,4,lr5e-05_bs8_drop0p4_temp1p0_a0p25_b0p05__wd1e-04trmiss0_degmodglobal,8,5e-05,0.0001,0.4,1.0,0.25,0.05,lr5e-05_bs8_drop0p4_temp1p0_a0p25_b0p05__wd1e-04trmiss0_degmodglobal,24,0.5575092520032611,0.7521679401397705,0.2222222222222222,0.5805666555666555,0.38461538461538464,0.0,0.5403368387903486,0.5169596331460136,0.09886230581573077,0.31668069639376234,0.0,0.0,0.0,0.0,0.0,18473,global,0.0
4,4,lr5e-05_bs8_drop0p4_temp1p0_a0p25_b0p05__wd1e-04trmiss0_degmodglobal,8,5e-05,0.0001,0.4,1.0,0.25,0.05,lr5e-05_bs8_drop0p4_temp1p0_a0p25_b0p05__wd1e-04trmiss0_degmodglobal,25,0.6219777975763593,0.7545279264450073,0.2222222222222222,0.5805666555666555,0.3076923076923077,0.0,0.5497098522526878,0.5866268788065229,0.09382582615528788,0.23788908123970032,0.0,0.0,0.0,0.0,0.0,18473,global,0.0
4,4,lr5e-05_bs8_drop0p4_temp1p0_a0p25_b0p05__wd1e-04trmiss0_degmodglobal,8,5e-05,0.0001,0.4,1.0,0.25,0.05,lr5e-05_bs8_drop0p4_temp1p0_a0p25_b0p05__wd1e-04trmiss0_degmodglobal,26,0.5800840343747821,0.749663233757019,0.2222222222222222,0.5805666555666555,0.3076923076923077,0.0,0.5802984237670898,0.5399634284632546,0.09618674112217766,0.3214782774448395,0.0,0.0,0.0,0.0,0.0,18473,global,0.0
4,4,lr5e-05_bs8_drop0p4_temp1p0_a0p25_b0p05__wd1e-04trmiss0_degmodglobal,8,5e-05,0.0001,0.4,1.0,0.25,0.05,lr5e-05_bs8_drop0p4_temp1p0_a0p25_b0p05__wd1e-04trmiss0_degmodglobal,27,0.5862243686403547,0.7514405846595764,0.2222222222222222,0.5805666555666555,0.38461538461538464,0.0,0.5463025910513741,0.5536157318523952,0.08212417151246752,0.24155164696276188,0.0,0.0,0.0,0.0,0.0,18473,global,0.0
4,4,lr5e-05_bs8_drop0p4_temp1p0_a0p25_b0p05__wd1e-04trmiss0_degmodglobal,8,5e-05,0.0001,0.4,1.0,0.25,0.05,lr5e-05_bs8_drop0p4_temp1p0_a0p25_b0p05__wd1e-04trmiss0_degmodglobal,28,0.6129497459956578,0.7432546615600586,0.2222222222222222,0.5805666555666555,0.38461538461538464,0.0,0.5565638627324786,0.5884820478303092,0.06096227786370686,0.1845426931977272,0.0,0.0,0.0,0.0,0.0,18473,global,0.0
4,4,lr5e-05_bs8_drop0p4_temp1p0_a0p25_b0p05__wd1e-04trmiss0_degmodglobal,8,5e-05,0.0001,0.4,1.0,0.25,0.05,lr5e-05_bs8_drop0p4_temp1p0_a0p25_b0p05__wd1e-04trmiss0_degmodglobal,29,0.5836818643978664,0.7482697069644928,0.2222222222222222,0.5805666555666555,0.3076923076923077,0.0,0.5368130207061768,0.5552543657166618,0.06712639864001956,0.23291767707892827,0.0,0.0,0.0,0.0,0.0,18473,global,0.0
4,4,lr5e-05_bs8_drop0p4_temp1p0_a0p25_b0p05__wd1e-04trmiss0_degmodglobal,8,5e-05,0.0001,0.4,1.0,0.25,0.05,lr5e-05_bs8_drop0p4_temp1p0_a0p25_b0p05__wd1e-04trmiss0_degmodglobal,30,0.5725975547518048,0.7466274499893188,0.2222222222222222,0.5805666555666555,0.3076923076923077,0.0,0.5131898352078029,0.5427158900669643,0.07095810744379248,0.24284284561872482,0.0,0.0,0.0,0.0,0.0,18473,global,0.0
4,4,lr5e-05_bs8_drop0p4_temp1p0_a0p25_b0p05__wd1e-04trmiss0_degmodglobal,8,5e-05,0.0001,0.4,1.0,0.25,0.05,lr5e-05_bs8_drop0p4_temp1p0_a0p25_b0p05__wd1e-04trmiss0_degmodglobal,31,0.5825569544519696,0.7481555640697479,0.2222222222222222,0.5805666555666555,0.3076923076923077,0.0,0.5447260822568621,0.5516990848949977,0.08469488045998982,0.19368337839841843,0.0,0.0,0.0,0.0,0.0,18473,global,0.0
4,4,lr5e-05_bs8_drop0p4_temp1p0_a0p25_b0p05__wd1e-04trmiss0_degmodglobal,8,5e-05,0.0001,0.4,1.0,0.25,0.05,lr5e-05_bs8_drop0p4_temp1p0_a0p25_b0p05__wd1e-04trmiss0_degmodglobal,32,0.5578676547322955,0.7452264726161957,0.2222222222222222,0.5805666555666555,0.3076923076923077,0.0,0.5376610670770917,0.5210783949920109,0.0882389811532838,0.2945902390139444,0.0,0.0,0.0,0.0,0.0,18473,global,0.0
4,4,lr5e-05_bs8_drop0p4_temp1p0_a0p25_b0p05__wd1e-04trmiss0_degmodglobal,8,5e-05,0.0001,0.4,1.0,0.25,0.05,lr5e-05_bs8_drop0p4_temp1p0_a0p25_b0p05__wd1e-04trmiss0_degmodglobal,33,0.5748083250863212,0.7450743615627289,0.2222222222222222,0.5805666555666555,0.3076923076923077,0.0,0.522696716444833,0.5319053190095084,0.10438590150858675,0.3361305849892752,0.0,0.0,0.0,0.0,0.0,18473,global,0.0
4,4,lr5e-05_bs8_drop0p4_temp1p0_a0p25_b0p05__wd1e-04trmiss0_degmodglobal,8,5e-05,0.0001,0.4,1.0,0.25,0.05,lr5e-05_bs8_drop0p4_temp1p0_a0p25_b0p05__wd1e-04trmiss0_degmodglobal,34,0.5678844196455819,0.7464104890823364,0.2222222222222222,0.5805666555666555,0.3076923076923077,0.0,0.5111064740589687,0.5361851496355874,0.08664893571819578,0.20074074821812765,0.0,0.0,0.0,0.0,0.0,18473,global,0.0
4,4,lr5e-05_bs8_drop0p4_temp2p0_a0p25_b0p05__wd1e-04trmiss0_degmodglobal,8,5e-05,0.0001,0.4,2.0,0.25,0.05,lr5e-05_bs8_drop0p4_temp2p0_a0p25_b0p05__wd1e-04trmiss0_degmodglobal,1,0.7290291871343341,0.7040095031261444,0.75,0.8829636412969748,0.5384615384615384,0.0,0.7335416504314968,0.703970227922712,0.07297724006431443,0.13629298976489476,0.0,0.0,0.0,0.0,0.0,18473,global,0.0
4,4,lr5e-05_bs8_drop0p4_temp2p0_a0p25_b0p05__wd1e-04trmiss0_degmodglobal,8,5e-05,0.0001,0.4,2.0,0.25,0.05,lr5e-05_bs8_drop0p4_temp2p0_a0p25_b0p05__wd1e-04trmiss0_degmodglobal,2,0.6883526359285627,0.6932766139507294,0.8055555555555556,0.9237043820377155,0.6153846153846154,0.0,0.6927308184759957,0.6663697617394584,0.06421906394617898,0.11856228272829737,0.0,0.0,0.0,0.0,0.0,18473,global,0.0
4,4,lr5e-05_bs8_drop0p4_temp2p0_a0p25_b0p05__wd1e-04trmiss0_degmodglobal,8,5e-05,0.0001,0.4,2.0,0.25,0.05,lr5e-05_bs8_drop0p4_temp2p0_a0p25_b0p05__wd1e-04trmiss0_degmodglobal,3,0.7096145578793117,0.6883183419704437,0.7777777777777777,0.9051858635191969,0.6153846153846154,0.0,0.6890544295310974,0.6815929157393319,0.07756222890956062,0.17262149176427297,0.0,0.0,0.0,0.0,0.0,18473,global,0.0
4,4,lr5e-05_bs8_drop0p4_temp2p0_a0p25_b0p05__wd1e-04trmiss0_degmodglobal,8,5e-05,0.0001,0.4,2.0,0.25,0.05,lr5e-05_bs8_drop0p4_temp2p0_a0p25_b0p05__wd1e-04trmiss0_degmodglobal,4,0.6829127243586949,0.6888171136379242,0.7222222222222222,0.8551858635191969,0.6153846153846154,0.0,0.6167554940496173,0.6582025715282985,0.06980159878730774,0.14519512174384935,0.0,0.0,0.0,0.0,0.0,18473,global,0.0
4,4,lr5e-05_bs8_drop0p4_temp2p0_a0p25_b0p05__wd1e-04trmiss0_degmodglobal,8,5e-05,0.0001,0.4,2.0,0.25,0.05,lr5e-05_bs8_drop0p4_temp2p0_a0p25_b0p05__wd1e-04trmiss0_degmodglobal,5,0.679580739566258,0.6868605315685272,0.6944444444444444,0.8181488264821599,0.6153846153846154,0.0,0.6437056405203683,0.6547763432775225,0.06744367735726493,0.15886932930776052,0.0,0.0,0.0,0.0,0.0,18473,global,0.0
4,4,lr5e-05_bs8_drop0p4_temp2p0_a0p25_b0p05__wd1e-04trmiss0_degmodglobal,8,5e-05,0.0001,0.4,2.0,0.25,0.05,lr5e-05_bs8_drop0p4_temp2p0_a0p25_b0p05__wd1e-04trmiss0_degmodglobal,6,0.6493562970842633,0.6845255196094513,0.6944444444444444,0.8181488264821599,0.6923076923076923,0.0,0.610375702381134,0.6270456995282855,0.06569916063121387,0.11771602130361966,0.0,0.0,0.0,0.0,0.0,18473,global,0.0
4,4,lr5e-05_bs8_drop0p4_temp2p0_a0p25_b0p05__wd1e-04trmiss0_degmodglobal,8,5e-05,0.0001,0.4,2.0,0.25,0.05,lr5e-05_bs8_drop0p4_temp2p0_a0p25_b0p05__wd1e-04trmiss0_degmodglobal,7,0.6318091154098511,0.6824620068073273,0.6666666666666666,0.8082722832722833,0.7692307692307693,0.0,0.6280026350702558,0.5979796477726528,0.09407840243407659,0.20619721923555648,0.0,0.0,0.0,0.0,0.0,18473,global,0.0
4,4,lr5e-05_bs8_drop0p4_temp2p0_a0p25_b0p05__wd1e-04trmiss0_degmodglobal,8,5e-05,0.0001,0.4,2.0,0.25,0.05,lr5e-05_bs8_drop0p4_temp2p0_a0p25_b0p05__wd1e-04trmiss0_degmodglobal,8,0.632825527872358,0.6720578670501709,0.6388888888888888,0.7527167277167278,0.6923076923076923,0.0,0.6284673724855695,0.6096752541405814,0.06868930160999298,0.11955894529819489,0.0,0.0,0.0,0.0,0.0,18473,global,0.0
4,4,lr5e-05_bs8_drop0p4_temp2p0_a0p25_b0p05__wd1e-04trmiss0_degmodglobal,8,5e-05,0.0001,0.4,2.0,0.25,0.05,lr5e-05_bs8_drop0p4_temp2p0_a0p25_b0p05__wd1e-04trmiss0_degmodglobal,9,0.6075372568198613,0.6849804818630219,0.5277777777777778,0.7151946818613486,0.6923076923076923,0.0,0.5971764411245074,0.5808476294789996,0.0749139737870012,0.15922303338135993,0.0,0.0,0.0,0.0,0.0,18473,global,0.0
4,4,lr5e-05_bs8_drop0p4_temp2p0_a0p25_b0p05__wd1e-04trmiss0_degmodglobal,8,5e-05,0.0001,0.4,2.0,0.25,0.05,lr5e-05_bs8_drop0p4_temp2p0_a0p25_b0p05__wd1e-04trmiss0_degmodglobal,10,0.6213167054312569,0.6883302927017212,0.5555555555555556,0.7270994437661105,0.6923076923076923,0.0,0.6071255207061768,0.5998999306133815,0.057859525616679876,0.13903800078800746,0.0,0.0,0.0,0.0,0.0,18473,global,0.0
4,4,lr5e-05_bs8_drop0p4_temp2p0_a0p25_b0p05__wd1e-04trmiss0_degmodglobal,8,5e-05,0.0001,0.4,2.0,0.25,0.05,lr5e-05_bs8_drop0p4_temp2p0_a0p25_b0p05__wd1e-04trmiss0_degmodglobal,11,0.598827430180141,0.6920816600322723,0.5277777777777778,0.7151946818613486,0.6153846153846154,0.0,0.5980583088738578,0.5736365573746818,0.07124340800302369,0.1476002942238535,0.0,0.0,0.0,0.0,0.0,18473,global,0.0
4,4,lr5e-05_bs8_drop0p4_temp2p0_a0p25_b0p05__wd1e-04trmiss0_degmodglobal,8,5e-05,0.0001,0.4,2.0,0.25,0.05,lr5e-05_bs8_drop0p4_temp2p0_a0p25_b0p05__wd1e-04trmiss0_degmodglobal,12,0.6106587052345276,0.6899726986885071,0.5555555555555556,0.7270994437661105,0.6153846153846154,0.0,0.6096643124307904,0.5835165977478027,0.08036199105637414,0.14103236900908606,0.0,0.0,0.0,0.0,0.0,18473,global,0.0
4,4,lr5e-05_bs8_drop0p4_temp2p0_a0p25_b0p05__wd1e-04trmiss0_degmodglobal,8,5e-05,0.0001,0.4,2.0,0.25,0.05,lr5e-05_bs8_drop0p4_temp2p0_a0p25_b0p05__wd1e-04trmiss0_degmodglobal,13,0.6011204038347516,0.6812950372695923,0.5277777777777777,0.7132867132867133,0.6153846153846154,0.0,0.5939773661749703,0.5693575314113072,0.08635784472737994,0.2034680481467928,0.0,0.0,0.0,0.0,0.0,18473,global,0.0
4,4,lr5e-05_bs8_drop0p4_temp2p0_a0p25_b0p05__wd1e-04trmiss0_degmodglobal,8,5e-05,0.0001,0.4,2.0,0.25,0.05,lr5e-05_bs8_drop0p4_temp2p0_a0p25_b0p05__wd1e-04trmiss0_degmodglobal,14,0.5983020833560398,0.6818404793739319,0.49999999999999994,0.6938863605530272,0.6923076923076923,0.0,0.5880841612815857,0.572566841329847,0.06733323367578643,0.17803868651390076,0.0,0.0,0.0,0.0,0.0,18473,global,0.0
4,4,lr5e-05_bs8_drop0p4_temp2p0_a0p25_b0p05__wd1e-04trmiss0_degmodglobal,8,5e-05,0.0001,0.4,2.0,0.25,0.05,lr5e-05_bs8_drop0p4_temp2p0_a0p25_b0p05__wd1e-04trmiss0_degmodglobal,15,0.607365335736956,0.6838443875312805,0.4722222222222222,0.6772196938863606,0.6923076923076923,0.0,0.610324135848454,0.5804907040936607,0.07303954793938569,0.17229482850858144,0.0,0.0,0.0,0.0,0.0,18473,global,0.0
4,4,lr5e-05_bs8_drop0p4_temp2p0_a0p25_b0p05__wd1e-04trmiss0_degmodglobal,8,5e-05,0.0001,0.4,2.0,0.25,0.05,lr5e-05_bs8_drop0p4_temp2p0_a0p25_b0p05__wd1e-04trmiss0_degmodglobal,16,0.6161197594233921,0.6802816092967987,0.49999999999999994,0.7327752494419162,0.6923076923076923,0.0,0.5852218653474536,0.591431030205318,0.07390184274741582,0.12426543395434107,0.0,0.0,0.0,0.0,0.0,18473,global,0.0
4,4,lr5e-05_bs8_drop0p4_temp2p0_a0p25_b0p05__wd1e-04trmiss0_degmodglobal,8,5e-05,0.0001,0.4,2.0,0.25,0.05,lr5e-05_bs8_drop0p4_temp2p0_a0p25_b0p05__wd1e-04trmiss0_degmodglobal,17,0.5754604595048087,0.6769797205924988,0.4722222222222222,0.7260412427079095,0.6153846153846154,0.0,0.5697796174458095,0.5477797389030457,0.07711391257388252,0.16804488535438264,0.0,0.0,0.0,0.0,0.0,18473,global,0.0
4,4,lr5e-05_bs8_drop0p4_temp2p0_a0p25_b0p05__wd1e-04trmiss0_degmodglobal,8,5e-05,0.0001,0.4,2.0,0.25,0.05,lr5e-05_bs8_drop0p4_temp2p0_a0p25_b0p05__wd1e-04trmiss0_degmodglobal,18,0.60010512811797,0.6811473369598389,0.4722222222222222,0.7260412427079095,0.6153846153846154,0.0,0.5749768529619489,0.5755489724023002,0.064869866839477,0.16677396212305343,0.0,0.0,0.0,0.0,0.0,18473,global,0.0
4,4,lr5e-05_bs8_drop0p4_temp2p0_a0p25_b0p05__wd1e-04trmiss0_degmodglobal,8,5e-05,0.0001,0.4,2.0,0.25,0.05,lr5e-05_bs8_drop0p4_temp2p0_a0p25_b0p05__wd1e-04trmiss0_degmodglobal,19,0.5892693315233503,0.6801700294017792,0.4444444444444444,0.7173992673992675,0.6153846153846154,0.0,0.563413781779153,0.5616331355912345,0.0815560163131782,0.14494360185095242,0.0,0.0,0.0,0.0,0.0,18473,global,0.0
4,4,lr5e-05_bs8_drop0p4_temp2p0_a0p25_b0p05__wd1e-04trmiss0_degmodglobal,8,5e-05,0.0001,0.4,2.0,0.25,0.05,lr5e-05_bs8_drop0p4_temp2p0_a0p25_b0p05__wd1e-04trmiss0_degmodglobal,20,0.5729701093264988,0.679260641336441,0.47222222222222215,0.7241332741332742,0.6153846153846154,0.0,0.5707186119897025,0.5454894644873483,0.0793033316731453,0.15309628312076842,0.0,0.0,0.0,0.0,0.0,18473,global,0.0
4,4,lr5e-05_bs8_drop0p4_temp2p0_a0p25_b0p05__wd1e-04trmiss0_degmodglobal,8,5e-05,0.0001,0.4,2.0,0.25,0.05,lr5e-05_bs8_drop0p4_temp2p0_a0p25_b0p05__wd1e-04trmiss0_degmodglobal,21,0.5844910613128117,0.6803713142871857,0.4722222222222222,0.7260412427079095,0.6153846153846154,0.0,0.5442927394594465,0.5606488840920585,0.06801325987492289,0.13677744833486422,0.0,0.0,0.0,0.0,0.0,18473,global,0.0
4,4,lr5e-05_bs8_drop0p4_temp2p0_a0p25_b0p05__wd1e-04trmiss0_degmodglobal,8,5e-05,0.0001,0.4,2.0,0.25,0.05,lr5e-05_bs8_drop0p4_temp2p0_a0p25_b0p05__wd1e-04trmiss0_degmodglobal,22,0.5865527306284223,0.6786157488822937,0.5,0.7630782797449465,0.6153846153846154,0.0,0.5616663864680699,0.5646102172987801,0.060031965374946594,0.1386903151869774,0.0,0.0,0.0,0.0,0.0,18473,global,0.0
4,4,lr5e-05_bs8_drop0p4_temp2p0_a0p25_b0p05__wd1e-04trmiss0_degmodglobal,8,5e-05,0.0001,0.4,2.0,0.25,0.05,lr5e-05_bs8_drop0p4_temp2p0_a0p25_b0p05__wd1e-04trmiss0_degmodglobal,23,0.5877828427723476,0.6801305711269379,0.5,0.7630782797449465,0.6153846153846154,0.0,0.5586499444075993,0.5547307048525129,0.09135545843413898,0.20426538586616516,0.0,0.0,0.0,0.0,0.0,18473,global,0.0
4,4,lr5e-05_bs8_drop0p4_temp2p0_a0p25_b0p05__wd1e-04trmiss0_degmodglobal,8,5e-05,0.0001,0.4,2.0,0.25,0.05,lr5e-05_bs8_drop0p4_temp2p0_a0p25_b0p05__wd1e-04trmiss0_degmodglobal,24,0.5786200336047581,0.6764256060123444,0.5,0.7630782797449465,0.6153846153846154,0.0,0.5447536366326469,0.5546045303344727,0.0677620992064476,0.14149960290108407,0.0,0.0,0.0,0.0,0.0,18473,global,0.0
4,4,lr5e-05_bs8_drop0p4_temp2p0_a0p25_b0p05__wd1e-04trmiss0_degmodglobal,8,5e-05,0.0001,0.4,2.0,0.25,0.05,lr5e-05_bs8_drop0p4_temp2p0_a0p25_b0p05__wd1e-04trmiss0_degmodglobal,25,0.5926503028188433,0.6731663048267365,0.5,0.7630782797449465,0.6153846153846154,0.0,0.5709325841494969,0.5622801440102714,0.08846589177846909,0.16507376091820852,0.0,0.0,0.0,0.0,0.0,18473,global,0.0
4,4,lr5e-05_bs8_drop0p4_temp2p0_a0p25_b0p05__wd1e-04trmiss0_degmodglobal,8,5e-05,0.0001,0.4,2.0,0.25,0.05,lr5e-05_bs8_drop0p4_temp2p0_a0p25_b0p05__wd1e-04trmiss0_degmodglobal,26,0.5671774063791547,0.6714670956134796,0.5,0.7630782797449465,0.6153846153846154,0.0,0.5495492815971375,0.5414295750004905,0.07811303383537702,0.12439134291240148,0.0,0.0,0.0,0.0,0.0,18473,global,0.0
4,4,lr1e-05_bs8_drop0p2_temp1p0_a0p25_b0p05__wd1e-04trmiss0_degmodglobal,8,1e-05,0.0001,0.2,1.0,0.25,0.05,lr1e-05_bs8_drop0p2_temp1p0_a0p25_b0p05__wd1e-04trmiss0_degmodglobal,1,0.755481447492327,0.7163930833339691,0.5833333333333333,0.7639329805996473,0.38461538461538464,0.0,0.6867916924612862,0.7297653130122593,0.0606122969516686,0.21126133842127665,0.0,0.0,0.0,0.0,0.0,18473,global,0.0
4,4,lr1e-05_bs8_drop0p2_temp1p0_a0p25_b0p05__wd1e-04trmiss0_degmodglobal,8,1e-05,0.0001,0.2,1.0,0.25,0.05,lr1e-05_bs8_drop0p2_temp1p0_a0p25_b0p05__wd1e-04trmiss0_degmodglobal,2,0.7341711180550712,0.7191165685653687,0.5555555555555556,0.7558521725188392,0.38461538461538464,0.0,0.6794938019343785,0.7095129830496651,0.058319022080727985,0.201567964894431,0.0,0.0,0.0,0.0,0.0,18473,global,0.0
4,4,lr1e-05_bs8_drop0p2_temp1p0_a0p25_b0p05__wd1e-04trmiss0_degmodglobal,8,1e-05,0.0001,0.2,1.0,0.25,0.05,lr1e-05_bs8_drop0p2_temp1p0_a0p25_b0p05__wd1e-04trmiss0_degmodglobal,3,0.6994918073926654,0.7166884243488312,0.5555555555555556,0.7558521725188392,0.3076923076923077,0.0,0.6685288803918021,0.6778804744992938,0.05301227952752795,0.1671653389930725,0.0,0.0,0.0,0.0,0.0,18473,global,0.0
4,4,lr1e-05_bs8_drop0p2_temp1p0_a0p25_b0p05__wd1e-04trmiss0_degmodglobal,8,1e-05,0.0001,0.2,1.0,0.25,0.05,lr1e-05_bs8_drop0p2_temp1p0_a0p25_b0p05__wd1e-04trmiss0_degmodglobal,4,0.7094961830547878,0.7120518386363983,0.6111111111111112,0.7838945005611673,0.3076923076923077,0.0,0.6407492245946612,0.6860611694199699,0.057227056473493576,0.18256506217377527,0.0,0.0,0.0,0.0,0.0,18473,global,0.0
4,4,lr1e-05_bs8_drop0p2_temp1p0_a0p25_b0p05__wd1e-04trmiss0_degmodglobal,8,1e-05,0.0001,0.2,1.0,0.25,0.05,lr1e-05_bs8_drop0p2_temp1p0_a0p25_b0p05__wd1e-04trmiss0_degmodglobal,5,0.7081035716193063,0.7089002430438995,0.6111111111111112,0.7838945005611673,0.3076923076923077,0.0,0.6654226524489266,0.6850155677114215,0.05833471992186138,0.17008635933910096,0.0,0.0,0.0,0.0,0.0,18473,global,0.0
4,4,lr1e-05_bs8_drop0p2_temp1p0_a0p25_b0p05__wd1e-04trmiss0_degmodglobal,8,1e-05,0.0001,0.2,1.0,0.25,0.05,lr1e-05_bs8_drop0p2_temp1p0_a0p25_b0p05__wd1e-04trmiss0_degmodglobal,6,0.7077745199203491,0.7038137018680573,0.6388888888888888,0.7957992624659291,0.3076923076923077,0.0,0.6575459327016558,0.6866355197770255,0.057187585426228385,0.13684200814792088,0.0,0.0,0.0,0.0,0.0,18473,global,0.0
4,4,lr1e-05_bs8_drop0p2_temp1p0_a0p25_b0p05__wd1e-04trmiss0_degmodglobal,8,1e-05,0.0001,0.2,1.0,0.25,0.05,lr1e-05_bs8_drop0p2_temp1p0_a0p25_b0p05__wd1e-04trmiss0_degmodglobal,7,0.6950016447475978,0.700518935918808,0.6388888888888888,0.7957992624659291,0.3076923076923077,0.0,0.6648741960525513,0.6726459179605756,0.055895208780254634,0.16763870205198014,0.0,0.0,0.0,0.0,0.0,18473,global,0.0
4,4,lr1e-05_bs8_drop0p2_temp1p0_a0p25_b0p05__wd1e-04trmiss0_degmodglobal,8,1e-05,0.0001,0.2,1.0,0.25,0.05,lr1e-05_bs8_drop0p2_temp1p0_a0p25_b0p05__wd1e-04trmiss0_degmodglobal,8,0.6944813558033535,0.7019648253917694,0.6388888888888888,0.7957992624659291,0.3076923076923077,0.0,0.6446415867124285,0.6702079858098712,0.06243147488151278,0.1733099019953183,0.0,0.0,0.0,0.0,0.0,18473,global,0.0
4,4,lr1e-05_bs8_drop0p2_temp1p0_a0p25_b0p05__wd1e-04trmiss0_degmodglobal,8,1e-05,0.0001,0.2,1.0,0.25,0.05,lr1e-05_bs8_drop0p2_temp1p0_a0p25_b0p05__wd1e-04trmiss0_degmodglobal,9,0.6930242095674787,0.7021121084690094,0.5833333333333333,0.7752525252525253,0.3076923076923077,0.0,0.6516803673335484,0.6671839441571917,0.06554771108286721,0.1890670039824077,0.0,0.0,0.0,0.0,0.0,18473,global,0.0
4,4,lr1e-05_bs8_drop0p2_temp1p0_a0p25_b0p05__wd1e-04trmiss0_degmodglobal,8,1e-05,0.0001,0.2,1.0,0.25,0.05,lr1e-05_bs8_drop0p2_temp1p0_a0p25_b0p05__wd1e-04trmiss0_degmodglobal,10,0.6848844630377633,0.7015192210674286,0.5277777777777778,0.7527657527657527,0.3076923076923077,0.0,0.6470305068152291,0.6638201815741402,0.05698244007570403,0.13637337407895497,0.0,0.0,0.0,0.0,0.0,18473,global,0.0
4,4,lr1e-05_bs8_drop0p2_temp1p0_a0p25_b0p05__wd1e-04trmiss0_degmodglobal,8,1e-05,0.0001,0.2,1.0,0.25,0.05,lr1e-05_bs8_drop0p2_temp1p0_a0p25_b0p05__wd1e-04trmiss0_degmodglobal,11,0.6678912384169442,0.7003970146179199,0.5555555555555556,0.765993265993266,0.3076923076923077,0.0,0.6253817677497864,0.6467335394450596,0.055360344903809686,0.14635245608431952,0.0,0.0,0.0,0.0,0.0,18473,global,0.0
4,4,lr1e-05_bs8_drop0p2_temp1p0_a0p25_b0p05__wd1e-04trmiss0_degmodglobal,8,1e-05,0.0001,0.2,1.0,0.25,0.05,lr1e-05_bs8_drop0p2_temp1p0_a0p25_b0p05__wd1e-04trmiss0_degmodglobal,12,0.7187961084502084,0.7058725655078888,0.5277777777777778,0.7527657527657527,0.3076923076923077,0.0,0.6490685939788818,0.6985966648374285,0.055032683802502494,0.12882557085582189,0.0,0.0,0.0,0.0,0.0,18473,global,0.0
4,4,lr1e-05_bs8_drop0p2_temp1p0_a0p25_b0p05__wd1e-04trmiss0_degmodglobal,8,1e-05,0.0001,0.2,1.0,0.25,0.05,lr1e-05_bs8_drop0p2_temp1p0_a0p25_b0p05__wd1e-04trmiss0_degmodglobal,13,0.6861848064831325,0.7099869847297668,0.5,0.7428451178451179,0.3076923076923077,0.0,0.6425268650054932,0.6647558467728751,0.06024626376373427,0.12734776309558324,0.0,0.0,0.0,0.0,0.0,18473,global,0.0
4,4,lr1e-05_bs8_drop0p2_temp1p0_a0p25_b0p05__wd1e-04trmiss0_degmodglobal,8,1e-05,0.0001,0.2,1.0,0.25,0.05,lr1e-05_bs8_drop0p2_temp1p0_a0p25_b0p05__wd1e-04trmiss0_degmodglobal,14,0.6854693634169442,0.7086041271686554,0.4444444444444444,0.7174482924482923,0.46153846153846156,0.0,0.6549856577600751,0.663074655192239,0.059921627065965107,0.14828576732959067,0.0,0.0,0.0,0.0,0.0,18473,global,0.0
4,4,lr1e-05_bs8_drop0p2_temp1p0_a0p25_b0p05__wd1e-04trmiss0_degmodglobal,8,1e-05,0.0001,0.2,1.0,0.25,0.05,lr1e-05_bs8_drop0p2_temp1p0_a0p25_b0p05__wd1e-04trmiss0_degmodglobal,15,0.6581686309405735,0.7170712053775787,0.5,0.7822631072631072,0.46153846153846156,0.0,0.6374053955078125,0.6366033979824611,0.05789309633629663,0.14183914980718068,0.0,0.0,0.0,0.0,0.0,18473,global,0.0
4,4,lr1e-05_bs8_drop0p2_temp1p0_a0p25_b0p05__wd1e-04trmiss0_degmodglobal,8,1e-05,0.0001,0.2,1.0,0.25,0.05,lr1e-05_bs8_drop0p2_temp1p0_a0p25_b0p05__wd1e-04trmiss0_degmodglobal,16,0.6642621585300991,0.7094160318374634,0.5,0.7822631072631072,0.3076923076923077,0.0,0.6291690724236625,0.6425365550177438,0.05849512400371688,0.1420366487332753,0.0,0.0,0.0,0.0,0.0,18473,global,0.0
4,4,lr1e-05_bs8_drop0p2_temp1p0_a0p25_b0p05__wd1e-04trmiss0_degmodglobal,8,1e-05,0.0001,0.2,1.0,0.25,0.05,lr1e-05_bs8_drop0p2_temp1p0_a0p25_b0p05__wd1e-04trmiss0_degmodglobal,17,0.6532438908304486,0.7100393176078796,0.4722222222222222,0.7544853294853295,0.38461538461538464,0.0,0.637340111391885,0.6312698551586696,0.05745622515678406,0.1521996185183525,0.0,0.0,0.0,0.0,0.0,18473,global,0.0
4,4,lr1e-05_bs8_drop0p2_temp1p0_a0p25_b0p05__wd1e-04trmiss0_degmodglobal,8,1e-05,0.0001,0.2,1.0,0.25,0.05,lr1e-05_bs8_drop0p2_temp1p0_a0p25_b0p05__wd1e-04trmiss0_degmodglobal,18,0.6360219972474235,0.7127190828323364,0.4444444444444444,0.7174482924482923,0.38461538461538464,0.0,0.6365846821240017,0.6148703183446612,0.05330946136798177,0.15648645109363965,0.0,0.0,0.0,0.0,0.0,18473,global,0.0
4,4,lr1e-05_bs8_drop0p2_temp1p0_a0p25_b0p05__wd1e-04trmiss0_degmodglobal,8,1e-05,0.0001,0.2,1.0,0.25,0.05,lr1e-05_bs8_drop0p2_temp1p0_a0p25_b0p05__wd1e-04trmiss0_degmodglobal,19,0.6832525219236102,0.7102027833461761,0.3888888888888889,0.6896705146705147,0.3076923076923077,0.0,0.6336067744663784,0.6627419165202549,0.051371614315680096,0.15335388694490706,0.0,0.0,0.0,0.0,0.0,18473,global,0.0
4,4,lr1e-05_bs8_drop0p2_temp1p0_a0p25_b0p05__wd1e-04trmiss0_degmodglobal,8,1e-05,0.0001,0.2,1.0,0.25,0.05,lr1e-05_bs8_drop0p2_temp1p0_a0p25_b0p05__wd1e-04trmiss0_degmodglobal,20,0.6657593335424151,0.7058866918087006,0.3888888888888889,0.6896705146705147,0.3076923076923077,0.0,0.6372445821762085,0.6437867624419076,0.05839883216789791,0.14745728777987616,0.0,0.0,0.0,0.0,0.0,18473,global,0.0
4,4,lr1e-05_bs8_drop0p2_temp1p0_a0p25_b0p05__wd1e-04trmiss0_degmodglobal,8,1e-05,0.0001,0.2,1.0,0.25,0.05,lr1e-05_bs8_drop0p2_temp1p0_a0p25_b0p05__wd1e-04trmiss0_degmodglobal,21,0.6586087942123413,0.7055396437644958,0.41666666666666663,0.7007816257816257,0.3076923076923077,0.0,0.6350392699241638,0.6386781845773969,0.054598050990274975,0.12562216711895807,0.0,0.0,0.0,0.0,0.0,18473,global,0.0
4,4,lr1e-05_bs8_drop0p2_temp1p0_a0p25_b0p05__wd1e-04trmiss0_degmodglobal,8,1e-05,0.0001,0.2,1.0,0.25,0.05,lr1e-05_bs8_drop0p2_temp1p0_a0p25_b0p05__wd1e-04trmiss0_degmodglobal,22,0.6479595473834446,0.7032957375049591,0.3888888888888889,0.6896705146705147,0.3076923076923077,0.0,0.6178042548043388,0.6275352920804705,0.05617079138755798,0.1276313896690096,0.0,0.0,0.0,0.0,0.0,18473,global,0.0
4,4,lr1e-05_bs8_drop0p2_temp1p0_a0p25_b0p05__wd1e-04trmiss0_degmodglobal,8,1e-05,0.0001,0.2,1.0,0.25,0.05,lr1e-05_bs8_drop0p2_temp1p0_a0p25_b0p05__wd1e-04trmiss0_degmodglobal,23,0.6489698972020831,0.7018769681453705,0.41666666666666663,0.7007816257816257,0.3076923076923077,0.0,0.6129832352910723,0.6253112724849156,0.06390447648508209,0.1536500102707318,0.0,0.0,0.0,0.0,0.0,18473,global,0.0
4,4,lr1e-05_bs8_drop0p2_temp1p0_a0p25_b0p05__wd1e-04trmiss0_degmodglobal,8,1e-05,0.0001,0.2,1.0,0.25,0.05,lr1e-05_bs8_drop0p2_temp1p0_a0p25_b0p05__wd1e-04trmiss0_degmodglobal,24,0.6472182784761701,0.7076986730098724,0.41666666666666663,0.7007816257816257,0.3076923076923077,0.0,0.6207419208117894,0.6258476631981986,0.057469249836036136,0.1400656050869397,0.0,0.0,0.0,0.0,0.0,18473,global,0.0
4,4,lr1e-05_bs8_drop0p2_temp1p0_a0p25_b0p05__wd1e-04trmiss0_degmodglobal,8,1e-05,0.0001,0.2,1.0,0.25,0.05,lr1e-05_bs8_drop0p2_temp1p0_a0p25_b0p05__wd1e-04trmiss0_degmodglobal,25,0.6537666235651288,0.7044183611869812,0.41666666666666663,0.7007816257816257,0.3076923076923077,0.0,0.6085087060928345,0.633148057120187,0.05206747725605965,0.15203391015529633,0.0,0.0,0.0,0.0,0.0,18473,global,0.0
4,4,lr1e-05_bs8_drop0p2_temp1p0_a0p25_b0p05__wd1e-04trmiss0_degmodglobal,8,1e-05,0.0001,0.2,1.0,0.25,0.05,lr1e-05_bs8_drop0p2_temp1p0_a0p25_b0p05__wd1e-04trmiss0_degmodglobal,26,0.6600440314837864,0.7064209580421448,0.3888888888888889,0.6822631072631073,0.3076923076923077,0.0,0.6074890153748649,0.6344349128859383,0.06895360137735095,0.16741430014371872,0.0,0.0,0.0,0.0,0.0,18473,global,0.0
4,4,lr1e-05_bs8_drop0p2_temp1p0_a0p25_b0p05__wd1e-04trmiss0_degmodglobal,8,1e-05,0.0001,0.2,1.0,0.25,0.05,lr1e-05_bs8_drop0p2_temp1p0_a0p25_b0p05__wd1e-04trmiss0_degmodglobal,27,0.6300115159579686,0.7077455818653107,0.3611111111111111,0.6711519961519963,0.3076923076923077,0.0,0.6007182342665536,0.6087935396603176,0.05861151111977441,0.13130189052649907,0.0,0.0,0.0,0.0,0.0,18473,global,0.0
4,4,lr1e-05_bs8_drop0p2_temp2p0_a0p25_b0p05__wd1e-04trmiss0_degmodglobal,8,1e-05,0.0001,0.2,2.0,0.25,0.05,lr1e-05_bs8_drop0p2_temp2p0_a0p25_b0p05__wd1e-04trmiss0_degmodglobal,1,0.7103019867624555,0.7368152439594269,0.25,0.5913410663410663,0.15384615384615385,0.0,0.6867778556687492,0.6911041736602783,0.050993942256484716,0.12898679822683334,0.0,0.0,0.0,0.0,0.0,18473,global,0.0
4,4,lr1e-05_bs8_drop0p2_temp2p0_a0p25_b0p05__wd1e-04trmiss0_degmodglobal,8,1e-05,0.0001,0.2,2.0,0.25,0.05,lr1e-05_bs8_drop0p2_temp2p0_a0p25_b0p05__wd1e-04trmiss0_degmodglobal,2,0.738967776298523,0.7421937584877014,0.25,0.5913410663410663,0.15384615384615385,0.0,0.6659004517963955,0.7203570859772819,0.04762864485383034,0.1340705645935876,0.0,0.0,0.0,0.0,0.0,18473,global,0.0
4,4,lr1e-05_bs8_drop0p2_temp2p0_a0p25_b0p05__wd1e-04trmiss0_degmodglobal,8,1e-05,0.0001,0.2,2.0,0.25,0.05,lr1e-05_bs8_drop0p2_temp2p0_a0p25_b0p05__wd1e-04trmiss0_degmodglobal,3,0.6813592570168632,0.7466270923614502,0.2222222222222222,0.5842703592703593,0.23076923076923078,0.0,0.6667258654321943,0.6635171515601022,0.04581516794860363,0.12776595141206468,0.0,0.0,0.0,0.0,0.0,18473,global,0.0
4,4,lr1e-05_bs8_drop0p2_temp2p0_a0p25_b0p05__wd1e-04trmiss0_degmodglobal,8,1e-05,0.0001,0.2,2.0,0.25,0.05,lr1e-05_bs8_drop0p2_temp2p0_a0p25_b0p05__wd1e-04trmiss0_degmodglobal,4,0.6866226877485003,0.7472832500934601,0.2222222222222222,0.5842703592703593,0.3076923076923077,0.0,0.6703257986477443,0.6698437333106995,0.04448861415897097,0.11313601396977901,0.0,0.0,0.0,0.0,0.0,18473,global,0.0
4,4,lr1e-05_bs8_drop0p2_temp2p0_a0p25_b0p05__wd1e-04trmiss0_degmodglobal,8,1e-05,0.0001,0.2,2.0,0.25,0.05,lr1e-05_bs8_drop0p2_temp2p0_a0p25_b0p05__wd1e-04trmiss0_degmodglobal,5,0.6853344866207668,0.7544120252132416,0.19444444444444445,0.5768629518629519,0.3076923076923077,0.0,0.6785024404525757,0.667716383934021,0.04862875172070095,0.10921825149229594,0.0,0.0,0.0,0.0,0.0,18473,global,0.0
4,4,lr1e-05_bs8_drop0p2_temp2p0_a0p25_b0p05__wd1e-04trmiss0_degmodglobal,8,1e-05,0.0001,0.2,2.0,0.25,0.05,lr1e-05_bs8_drop0p2_temp2p0_a0p25_b0p05__wd1e-04trmiss0_degmodglobal,6,0.7098926561219352,0.7554437220096588,0.2222222222222222,0.5842703592703593,0.3076923076923077,0.0,0.6749752163887024,0.6951425841876439,0.04044137229876859,0.09279437655849117,0.0,0.0,0.0,0.0,0.0,18473,global,0.0
4,4,lr1e-05_bs8_drop0p2_temp2p0_a0p25_b0p05__wd1e-04trmiss0_degmodglobal,8,1e-05,0.0001,0.2,2.0,0.25,0.05,lr1e-05_bs8_drop0p2_temp2p0_a0p25_b0p05__wd1e-04trmiss0_degmodglobal,7,0.703583300113678,0.7563931941986084,0.2222222222222222,0.5842703592703593,0.23076923076923078,0.0,0.6775904127529689,0.6860366548810687,0.049757738198552816,0.10214426049164363,0.0,0.0,0.0,0.0,0.0,18473,global,0.0
4,4,lr1e-05_bs8_drop0p2_temp2p0_a0p25_b0p05__wd1e-04trmiss0_degmodglobal,8,1e-05,0.0001,0.2,2.0,0.25,0.05,lr1e-05_bs8_drop0p2_temp2p0_a0p25_b0p05__wd1e-04trmiss0_degmodglobal,8,0.6989073668207441,0.7544665634632111,0.2222222222222222,0.5842703592703593,0.23076923076923078,0.0,0.6588899918964931,0.6797988670212882,0.05275224521756172,0.11840884068182536,0.0,0.0,0.0,0.0,0.0,18473,global,0.0
4,4,lr1e-05_bs8_drop0p2_temp2p0_a0p25_b0p05__wd1e-04trmiss0_degmodglobal,8,1e-05,0.0001,0.2,2.0,0.25,0.05,lr1e-05_bs8_drop0p2_temp2p0_a0p25_b0p05__wd1e-04trmiss0_degmodglobal,9,0.6846632787159511,0.7575179040431976,0.2222222222222222,0.5842703592703593,0.3076923076923077,0.0,0.6539973531450544,0.6661201119422913,0.04847979385937963,0.12846455084426062,0.0,0.0,0.0,0.0,0.0,18473,global,0.0
4,4,lr1e-05_bs8_drop0p2_temp2p0_a0p25_b0p05__wd1e-04trmiss0_degmodglobal,8,1e-05,0.0001,0.2,2.0,0.25,0.05,lr1e-05_bs8_drop0p2_temp2p0_a0p25_b0p05__wd1e-04trmiss0_degmodglobal,10,0.6822203823498317,0.7584670782089233,0.2222222222222222,0.5842703592703593,0.3076923076923077,0.0,0.6491101554461888,0.665481550352914,0.04161979790244784,0.1266776525548526,0.0,0.0,0.0,0.0,0.0,18473,global,0.0
4,4,lr1e-05_bs8_drop0p2_temp2p0_a0p25_b0p05__wd1e-04trmiss0_degmodglobal,8,1e-05,0.0001,0.2,2.0,0.25,0.05,lr1e-05_bs8_drop0p2_temp2p0_a0p25_b0p05__wd1e-04trmiss0_degmodglobal,11,0.6791926622390747,0.7589194774627686,0.2222222222222222,0.5842703592703593,0.3076923076923077,0.0,0.6471669588770185,0.6595507604735238,0.051841748878359795,0.13362912461161613,0.0,0.0,0.0,0.0,0.0,18473,global,0.0
4,4,lr1e-05_bs8_drop0p2_temp2p0_a0p25_b0p05__wd1e-04trmiss0_degmodglobal,8,1e-05,0.0001,0.2,2.0,0.25,0.05,lr1e-05_bs8_drop0p2_temp2p0_a0p25_b0p05__wd1e-04trmiss0_degmodglobal,12,0.6871559790202549,0.7505455613136292,0.19444444444444442,0.5657518407518407,0.3076923076923077,0.0,0.6594787069729396,0.6700591615268162,0.04722695451761995,0.10580156424215861,0.0,0.0,0.0,0.0,0.0,18473,global,0.0
4,4,lr1e-05_bs8_drop0p2_temp2p0_a0p25_b0p05__wd1e-04trmiss0_degmodglobal,8,1e-05,0.0001,0.2,2.0,0.25,0.05,lr1e-05_bs8_drop0p2_temp2p0_a0p25_b0p05__wd1e-04trmiss0_degmodglobal,13,0.6635171345302037,0.74876469373703,0.19444444444444442,0.5657518407518407,0.3076923076923077,0.0,0.6112187589917865,0.6449779272079468,0.04973205604723522,0.12212396200214114,0.0,0.0,0.0,0.0,0.0,18473,global,0.0
4,4,lr1e-05_bs8_drop0p2_temp2p0_a0p25_b0p05__wd1e-04trmiss0_degmodglobal,8,1e-05,0.0001,0.2,2.0,0.25,0.05,lr1e-05_bs8_drop0p2_temp2p0_a0p25_b0p05__wd1e-04trmiss0_degmodglobal,14,0.6658844011170524,0.7469294369220734,0.19444444444444442,0.5657518407518407,0.38461538461538464,0.0,0.6419954299926758,0.6483637264796666,0.04463672371847289,0.12722984382084437,0.0,0.0,0.0,0.0,0.0,18473,global,0.0
4,4,lr1e-05_bs8_drop0p2_temp2p0_a0p25_b0p05__wd1e-04trmiss0_degmodglobal,8,1e-05,0.0001,0.2,2.0,0.25,0.05,lr1e-05_bs8_drop0p2_temp2p0_a0p25_b0p05__wd1e-04trmiss0_degmodglobal,15,0.6636607136045184,0.7482290267944336,0.16666666666666666,0.5564925814925815,0.38461538461538464,0.0,0.6372156058038984,0.6473727396556309,0.04524721843855722,0.0995234309562615,0.0,0.0,0.0,0.0,0.0,18473,global,0.0
4,4,lr1e-05_bs8_drop0p2_temp2p0_a0p25_b0p05__wd1e-04trmiss0_degmodglobal,8,1e-05,0.0001,0.2,2.0,0.25,0.05,lr1e-05_bs8_drop0p2_temp2p0_a0p25_b0p05__wd1e-04trmiss0_degmodglobal,16,0.6586632558277675,0.7492707073688507,0.16666666666666666,0.5564925814925815,0.38461538461538464,0.0,0.6349297336169651,0.6400585174560547,0.04869599214621952,0.12861488865954535,0.0,0.0,0.0,0.0,0.0,18473,global,0.0
4,4,lr1e-05_bs8_drop0p2_temp2p0_a0p25_b0p05__wd1e-04trmiss0_degmodglobal,8,1e-05,0.0001,0.2,2.0,0.25,0.05,lr1e-05_bs8_drop0p2_temp2p0_a0p25_b0p05__wd1e-04trmiss0_degmodglobal,17,0.6471768873078483,0.7491922676563263,0.16666666666666666,0.5564925814925815,0.38461538461538464,0.0,0.61411052942276,0.6299825395856585,0.0472975740475314,0.10739914753607341,0.0,0.0,0.0,0.0,0.0,18473,global,0.0
4,4,lr1e-05_bs8_drop0p2_temp2p0_a0p25_b0p05__wd1e-04trmiss0_degmodglobal,8,1e-05,0.0001,0.2,2.0,0.25,0.05,lr1e-05_bs8_drop0p2_temp2p0_a0p25_b0p05__wd1e-04trmiss0_degmodglobal,18,0.6953393816947937,0.7472900748252869,0.16666666666666666,0.5564925814925815,0.38461538461538464,0.0,0.6242079734802246,0.6742288640567234,0.05457496962377003,0.14933565791164125,0.0,0.0,0.0,0.0,0.0,18473,global,0.0
4,4,lr1e-05_bs8_drop0p2_temp2p0_a0p25_b0p05__wd1e-04trmiss0_degmodglobal,8,1e-05,0.0001,0.2,2.0,0.25,0.05,lr1e-05_bs8_drop0p2_temp2p0_a0p25_b0p05__wd1e-04trmiss0_degmodglobal,19,0.6596985629626683,0.7469525933265686,0.16666666666666666,0.5564925814925815,0.38461538461538464,0.0,0.623090318271092,0.6432575328009469,0.04127647674509457,0.12243815937212535,0.0,0.0,0.0,0.0,0.0,18473,global,0.0
4,4,lr1e-05_bs8_drop0p2_temp2p0_a0p25_b0p05__wd1e-04trmiss0_degmodglobal,8,1e-05,0.0001,0.2,2.0,0.25,0.05,lr1e-05_bs8_drop0p2_temp2p0_a0p25_b0p05__wd1e-04trmiss0_degmodglobal,20,0.6798708949770246,0.748046875,0.16666666666666666,0.5564925814925815,0.38461538461538464,0.0,0.6258888755525861,0.6603230663708278,0.05147337594202587,0.13358968496322632,0.0,0.0,0.0,0.0,0.0,18473,global,0.0
4,4,lr1e-05_bs8_drop0p2_temp2p0_a0p25_b0p05__wd1e-04trmiss0_degmodglobal,8,1e-05,0.0001,0.2,2.0,0.25,0.05,lr1e-05_bs8_drop0p2_temp2p0_a0p25_b0p05__wd1e-04trmiss0_degmodglobal,21,0.6768864393234253,0.7485726475715637,0.1388888888888889,0.5490851740851741,0.38461538461538464,0.0,0.6547419939722333,0.656265880380358,0.053188634770257134,0.14646785386971065,0.0,0.0,0.0,0.0,0.0,18473,global,0.0
4,4,lr1e-05_bs8_drop0p2_temp2p0_a0p25_b0p05__wd1e-04trmiss0_degmodglobal,8,1e-05,0.0001,0.2,2.0,0.25,0.05,lr1e-05_bs8_drop0p2_temp2p0_a0p25_b0p05__wd1e-04trmiss0_degmodglobal,22,0.6680639386177063,0.7470181584358215,0.1388888888888889,0.5490851740851741,0.38461538461538464,0.0,0.6241986666406903,0.6534736667360578,0.039301112826381414,0.09529995386089597,0.0,0.0,0.0,0.0,0.0,18473,global,0.0
4,4,lr1e-05_bs8_drop0p2_temp2p0_a0p25_b0p05__wd1e-04trmiss0_degmodglobal,8,1e-05,0.0001,0.2,2.0,0.25,0.05,lr1e-05_bs8_drop0p2_temp2p0_a0p25_b0p05__wd1e-04trmiss0_degmodglobal,23,0.6674635240009853,0.7442640364170074,0.16666666666666666,0.5564925814925815,0.38461538461538464,0.0,0.632766672543117,0.6524039166314262,0.040794706770351956,0.09721871944410461,0.0,0.0,0.0,0.0,0.0,18473,global,0.0
4,4,lr1e-05_bs8_drop0p2_temp2p0_a0p25_b0p05__wd1e-04trmiss0_degmodglobal,8,1e-05,0.0001,0.2,2.0,0.25,0.05,lr1e-05_bs8_drop0p2_temp2p0_a0p25_b0p05__wd1e-04trmiss0_degmodglobal,24,0.6604779192379543,0.7455520927906036,0.1388888888888889,0.5490851740851741,0.38461538461538464,0.0,0.6133104903357369,0.6432915670531136,0.045980941504240036,0.11382222973874637,0.0,0.0,0.0,0.0,0.0,18473,global,0.0
4,4,lr1e-05_bs8_drop0p2_temp2p0_a0p25_b0p05__wd1e-04trmiss0_degmodglobal,8,1e-05,0.0001,0.2,2.0,0.25,0.05,lr1e-05_bs8_drop0p2_temp2p0_a0p25_b0p05__wd1e-04trmiss0_degmodglobal,25,0.6391269138881138,0.7462457418441772,0.1388888888888889,0.5490851740851741,0.38461538461538464,0.0,0.6191843833242144,0.6221201590129307,0.04385522433689663,0.12085890450647899,0.0,0.0,0.0,0.0,0.0,18473,global,0.0
4,4,lr1e-05_bs8_drop0p2_temp2p0_a0p25_b0p05__wd1e-04trmiss0_degmodglobal,8,1e-05,0.0001,0.2,2.0,0.25,0.05,lr1e-05_bs8_drop0p2_temp2p0_a0p25_b0p05__wd1e-04trmiss0_degmodglobal,26,0.6834497962679181,0.7487640678882599,0.1388888888888889,0.5490851740851741,0.38461538461538464,0.0,0.6296242816107613,0.6663167732102531,0.04631950386932918,0.11106326324599129,0.0,0.0,0.0,0.0,0.0,18473,global,0.0
4,4,lr1e-05_bs8_drop0p2_temp2p0_a0p25_b0p05__wd1e-04trmiss0_degmodglobal,8,1e-05,0.0001,0.2,2.0,0.25,0.05,lr1e-05_bs8_drop0p2_temp2p0_a0p25_b0p05__wd1e-04trmiss0_degmodglobal,27,0.6436398199626377,0.7445836365222931,0.1388888888888889,0.5490851740851741,0.38461538461538464,0.0,0.605305518422808,0.6256815961429051,0.05083106883934566,0.10500916093587875,0.0,0.0,0.0,0.0,0.0,18473,global,0.0
4,4,lr1e-05_bs8_drop0p2_temp2p0_a0p25_b0p05__wd1e-04trmiss0_degmodglobal,8,1e-05,0.0001,0.2,2.0,0.25,0.05,lr1e-05_bs8_drop0p2_temp2p0_a0p25_b0p05__wd1e-04trmiss0_degmodglobal,28,0.6515666927610125,0.7445080876350403,0.1388888888888889,0.5490851740851741,0.38461538461538464,0.0,0.6033509543963841,0.6327565823282514,0.049599857202598026,0.128203170640128,0.0,0.0,0.0,0.0,0.0,18473,global,0.0
4,4,lr1e-05_bs8_drop0p4_temp1p0_a0p25_b0p05__wd1e-04trmiss0_degmodglobal,8,1e-05,0.0001,0.4,1.0,0.25,0.05,lr1e-05_bs8_drop0p4_temp1p0_a0p25_b0p05__wd1e-04trmiss0_degmodglobal,1,0.7072515061923436,0.6771659255027771,0.4444444444444444,0.7691188441188441,0.46153846153846156,0.0,0.6883610146386283,0.6784013680049351,0.07323450808014188,0.21083011158875056,0.0,0.0,0.0,0.0,0.0,18473,global,0.0
4,4,lr1e-05_bs8_drop0p4_temp1p0_a0p25_b0p05__wd1e-04trmiss0_degmodglobal,8,1e-05,0.0001,0.4,1.0,0.25,0.05,lr1e-05_bs8_drop0p4_temp1p0_a0p25_b0p05__wd1e-04trmiss0_degmodglobal,2,0.7017572096415928,0.6753178536891937,0.41666666666666663,0.7620481370481371,0.46153846153846156,0.0,0.6993714230401176,0.6807874866894313,0.056469643754618506,0.13704616576433182,0.0,0.0,0.0,0.0,0.0,18473,global,0.0
4,4,lr1e-05_bs8_drop0p4_temp1p0_a0p25_b0p05__wd1e-04trmiss0_degmodglobal,8,1e-05,0.0001,0.4,1.0,0.25,0.05,lr1e-05_bs8_drop0p4_temp1p0_a0p25_b0p05__wd1e-04trmiss0_degmodglobal,3,0.7026679260390145,0.6713428795337677,0.41666666666666663,0.7620481370481371,0.46153846153846156,0.0,0.7033576880182538,0.6804408431053162,0.061158054641314914,0.1387514913720744,0.0,0.0,0.0,0.0,0.0,18473,global,0.0
4,4,lr1e-05_bs8_drop0p4_temp1p0_a0p25_b0p05__wd1e-04trmiss0_degmodglobal,8,1e-05,0.0001,0.4,1.0,0.25,0.05,lr1e-05_bs8_drop0p4_temp1p0_a0p25_b0p05__wd1e-04trmiss0_degmodglobal,4,0.7117160388401577,0.670489102602005,0.4444444444444444,0.7691188441188441,0.46153846153846156,0.0,0.7135209611483982,0.6917779701096671,0.05185779370367527,0.1394722600068365,0.0,0.0,0.0,0.0,0.0,18473,global,0.0
4,4,lr1e-05_bs8_drop0p4_temp1p0_a0p25_b0p05__wd1e-04trmiss0_degmodglobal,8,1e-05,0.0001,0.4,1.0,0.25,0.05,lr1e-05_bs8_drop0p4_temp1p0_a0p25_b0p05__wd1e-04trmiss0_degmodglobal,5,0.7045244915144784,0.6688371300697327,0.4444444444444444,0.7691188441188441,0.5384615384615384,0.0,0.695575645991734,0.6836699417659214,0.056601530207054954,0.13408370103154862,0.0,0.0,0.0,0.0,0.0,18473,global,0.0
4,4,lr1e-05_bs8_drop0p4_temp1p0_a0p25_b0p05__wd1e-04trmiss0_degmodglobal,8,1e-05,0.0001,0.4,1.0,0.25,0.05,lr1e-05_bs8_drop0p4_temp1p0_a0p25_b0p05__wd1e-04trmiss0_degmodglobal,6,0.6963176556995937,0.6702764332294464,0.4444444444444444,0.7519230769230769,0.5384615384615384,0.0,0.690101146697998,0.6797334892409188,0.04433045828981059,0.11003087354557854,0.0,0.0,0.0,0.0,0.0,18473,global,0.0
4,4,lr1e-05_bs8_drop0p4_temp1p0_a0p25_b0p05__wd1e-04trmiss0_degmodglobal,8,1e-05,0.0001,0.4,1.0,0.25,0.05,lr1e-05_bs8_drop0p4_temp1p0_a0p25_b0p05__wd1e-04trmiss0_degmodglobal,7,0.6999470846993583,0.6680988967418671,0.4444444444444444,0.7519230769230769,0.5384615384615384,0.0,0.6528209533010211,0.6738437414169312,0.06689027483974185,0.18761493052755082,0.0,0.0,0.0,0.0,0.0,18473,global,0.0
4,4,lr1e-05_bs8_drop0p4_temp1p0_a0p25_b0p05__wd1e-04trmiss0_degmodglobal,8,1e-05,0.0001,0.4,1.0,0.25,0.05,lr1e-05_bs8_drop0p4_temp1p0_a0p25_b0p05__wd1e-04trmiss0_degmodglobal,8,0.667110800743103,0.6691279113292694,0.4444444444444444,0.7519230769230769,0.6153846153846154,0.0,0.6700329014233181,0.6519853387560163,0.0396672718759094,0.10417275130748749,0.0,0.0,0.0,0.0,0.0,18473,global,0.0
4,4,lr1e-05_bs8_drop0p4_temp1p0_a0p25_b0p05__wd1e-04trmiss0_degmodglobal,8,1e-05,0.0001,0.4,1.0,0.25,0.05,lr1e-05_bs8_drop0p4_temp1p0_a0p25_b0p05__wd1e-04trmiss0_degmodglobal,9,0.6774348957198006,0.6705625057220459,0.41666666666666663,0.7413410663410664,0.6153846153846154,0.0,0.6794280239513942,0.6539860538073948,0.060279724321195056,0.1675781692777361,0.0,0.0,0.0,0.0,0.0,18473,global,0.0
4,4,lr1e-05_bs8_drop0p4_temp1p0_a0p25_b0p05__wd1e-04trmiss0_degmodglobal,8,1e-05,0.0001,0.4,1.0,0.25,0.05,lr1e-05_bs8_drop0p4_temp1p0_a0p25_b0p05__wd1e-04trmiss0_degmodglobal,10,0.6513205170631409,0.6717135906219482,0.38888888888888884,0.6554824804824805,0.6153846153846154,0.0,0.6657371946743557,0.6286829539707729,0.06362088663237435,0.13464695108788355,0.0,0.0,0.0,0.0,0.0,18473,global,0.0
4,4,lr1e-05_bs8_drop0p4_temp1p0_a0p25_b0p05__wd1e-04trmiss0_degmodglobal,8,1e-05,0.0001,0.4,1.0,0.25,0.05,lr1e-05_bs8_drop0p4_temp1p0_a0p25_b0p05__wd1e-04trmiss0_degmodglobal,11,0.6676393406731742,0.6775287687778473,0.36111111111111105,0.6388158138158138,0.6153846153846154,0.0,0.6429714901106698,0.6448926159313747,0.05499755697590964,0.17994639809642518,0.0,0.0,0.0,0.0,0.0,18473,global,0.0
4,4,lr1e-05_bs8_drop0p4_temp1p0_a0p25_b0p05__wd1e-04trmiss0_degmodglobal,8,1e-05,0.0001,0.4,1.0,0.25,0.05,lr1e-05_bs8_drop0p4_temp1p0_a0p25_b0p05__wd1e-04trmiss0_degmodglobal,12,0.6603160585675921,0.6840299367904663,0.33333333333333337,0.6155474155474157,0.6153846153846154,0.0,0.6670633043561663,0.6370361617633274,0.06297712985958372,0.1507123155253274,0.0,0.0,0.0,0.0,0.0,18473,global,0.0
4,4,lr1e-05_bs8_drop0p4_temp1p0_a0p25_b0p05__wd1e-04trmiss0_degmodglobal,8,1e-05,0.0001,0.4,1.0,0.25,0.05,lr1e-05_bs8_drop0p4_temp1p0_a0p25_b0p05__wd1e-04trmiss0_degmodglobal,13,0.6838985936982291,0.6834167540073395,0.3611111111111111,0.624806674806675,0.6153846153846154,0.0,0.6314684748649597,0.6582005790301731,0.06322240084409714,0.19784802198410034,0.0,0.0,0.0,0.0,0.0,18473,global,0.0
4,4,lr1e-05_bs8_drop0p4_temp1p0_a0p25_b0p05__wd1e-04trmiss0_degmodglobal,8,1e-05,0.0001,0.4,1.0,0.25,0.05,lr1e-05_bs8_drop0p4_temp1p0_a0p25_b0p05__wd1e-04trmiss0_degmodglobal,14,0.6731013315064567,0.6823251843452454,0.3611111111111111,0.624806674806675,0.6153846153846154,0.0,0.627621054649353,0.6526199494089399,0.05396910810044834,0.13978221799646104,0.0,0.0,0.0,0.0,0.0,18473,global,0.0
4,4,lr1e-05_bs8_drop0p4_temp1p0_a0p25_b0p05__wd1e-04trmiss0_degmodglobal,8,1e-05,0.0001,0.4,1.0,0.25,0.05,lr1e-05_bs8_drop0p4_temp1p0_a0p25_b0p05__wd1e-04trmiss0_degmodglobal,15,0.6601671321051461,0.6817362606525421,0.3611111111111111,0.624806674806675,0.6153846153846154,0.0,0.6501049739973885,0.6399384140968323,0.049011758129511564,0.1595152946455138,0.0,0.0,0.0,0.0,0.0,18473,global,0.0
4,4,lr1e-05_bs8_drop0p4_temp1p0_a0p25_b0p05__wd1e-04trmiss0_degmodglobal,8,1e-05,0.0001,0.4,1.0,0.25,0.05,lr1e-05_bs8_drop0p4_temp1p0_a0p25_b0p05__wd1e-04trmiss0_degmodglobal,16,0.6717684950147357,0.6839823722839355,0.3611111111111111,0.624806674806675,0.6153846153846154,0.0,0.6526253053120205,0.6476807679448809,0.06129073830587523,0.17530094938618795,0.0,0.0,0.0,0.0,0.0,18473,global,0.0
4,4,lr1e-05_bs8_drop0p4_temp1p0_a0p25_b0p05__wd1e-04trmiss0_degmodglobal,8,1e-05,0.0001,0.4,1.0,0.25,0.05,lr1e-05_bs8_drop0p4_temp1p0_a0p25_b0p05__wd1e-04trmiss0_degmodglobal,17,0.6492831110954285,0.6896682381629944,0.3888888888888889,0.6334486501153169,0.5384615384615384,0.0,0.6204491087368557,0.6215140393802098,0.0693677392389093,0.20854267052241734,0.0,0.0,0.0,0.0,0.0,18473,global,0.0
4,4,lr1e-05_bs8_drop0p4_temp1p0_a0p25_b0p05__wd1e-04trmiss0_degmodglobal,8,1e-05,0.0001,0.4,1.0,0.25,0.05,lr1e-05_bs8_drop0p4_temp1p0_a0p25_b0p05__wd1e-04trmiss0_degmodglobal,18,0.6690637384142194,0.6910549402236938,0.3888888888888889,0.6334486501153169,0.5384615384615384,0.0,0.6204091310501099,0.6446237138339451,0.061810036322900226,0.1797502828495843,0.0,0.0,0.0,0.0,0.0,18473,global,0.0
4,4,lr1e-05_bs8_drop0p4_temp1p0_a0p25_b0p05__wd1e-04trmiss0_degmodglobal,8,1e-05,0.0001,0.4,1.0,0.25,0.05,lr1e-05_bs8_drop0p4_temp1p0_a0p25_b0p05__wd1e-04trmiss0_degmodglobal,19,0.6494032655443464,0.6926594972610474,0.3888888888888889,0.6334486501153169,0.5384615384615384,0.0,0.6423975910459246,0.628553535257067,0.0534928206886564,0.1495305895805359,0.0,0.0,0.0,0.0,0.0,18473,global,0.0
4,4,lr1e-05_bs8_drop0p4_temp1p0_a0p25_b0p05__wd1e-04trmiss0_degmodglobal,8,1e-05,0.0001,0.4,1.0,0.25,0.05,lr1e-05_bs8_drop0p4_temp1p0_a0p25_b0p05__wd1e-04trmiss0_degmodglobal,20,0.6455232586179461,0.6929519176483154,0.3888888888888889,0.6334486501153169,0.5384615384615384,0.0,0.6219592435019357,0.6276898554393223,0.04772028566471168,0.11806675791740417,0.0,0.0,0.0,0.0,0.0,18473,global,0.0
4,4,lr1e-05_bs8_drop0p4_temp1p0_a0p25_b0p05__wd1e-04trmiss0_degmodglobal,8,1e-05,0.0001,0.4,1.0,0.25,0.05,lr1e-05_bs8_drop0p4_temp1p0_a0p25_b0p05__wd1e-04trmiss0_degmodglobal,21,0.6786617125783648,0.6917001903057098,0.3888888888888889,0.6334486501153169,0.5384615384615384,0.0,0.6448824150221688,0.6536037921905518,0.06487381777593068,0.1767893061041832,0.0,0.0,0.0,0.0,0.0,18473,global,0.0
4,4,lr1e-05_bs8_drop0p4_temp1p0_a0p25_b0p05__wd1e-04trmiss0_degmodglobal,8,1e-05,0.0001,0.4,1.0,0.25,0.05,lr1e-05_bs8_drop0p4_temp1p0_a0p25_b0p05__wd1e-04trmiss0_degmodglobal,22,0.6308431540216718,0.6913475692272186,0.3888888888888889,0.6334486501153169,0.6153846153846154,0.0,0.6207869563783918,0.6063483783176967,0.06415267554777009,0.16913196497729846,0.0,0.0,0.0,0.0,0.0,18473,global,0.0
4,4,lr1e-05_bs8_drop0p4_temp1p0_a0p25_b0p05__wd1e-04trmiss0_degmodglobal,8,1e-05,0.0001,0.4,1.0,0.25,0.05,lr1e-05_bs8_drop0p4_temp1p0_a0p25_b0p05__wd1e-04trmiss0_degmodglobal,23,0.6367947884968349,0.6920371651649475,0.3888888888888889,0.6334486501153169,0.6153846153846154,0.0,0.6395470755440849,0.614374075617109,0.05696536573980536,0.16358755502317632,0.0,0.0,0.0,0.0,0.0,18473,global,0.0
4,4,lr1e-05_bs8_drop0p4_temp1p0_a0p25_b0p05__wd1e-04trmiss0_degmodglobal,8,1e-05,0.0001,0.4,1.0,0.25,0.05,lr1e-05_bs8_drop0p4_temp1p0_a0p25_b0p05__wd1e-04trmiss0_degmodglobal,24,0.6603183150291443,0.692752867937088,0.3888888888888889,0.6334486501153169,0.6153846153846154,0.0,0.6427400963647025,0.631871623652322,0.07286275923252106,0.20462050501789367,0.0,0.0,0.0,0.0,0.0,18473,global,0.0
4,4,lr1e-05_bs8_drop0p4_temp1p0_a0p25_b0p05__wd1e-04trmiss0_degmodglobal,8,1e-05,0.0001,0.4,1.0,0.25,0.05,lr1e-05_bs8_drop0p4_temp1p0_a0p25_b0p05__wd1e-04trmiss0_degmodglobal,25,0.6649734803608486,0.6946688294410706,0.3888888888888889,0.6334486501153169,0.6153846153846154,0.0,0.5934063536780221,0.6444957767214093,0.055924983961241584,0.1299293152987957,0.0,0.0,0.0,0.0,0.0,18473,global,0.0
4,4,lr1e-05_bs8_drop0p4_temp1p0_a0p25_b0p05__wd1e-04trmiss0_degmodglobal,8,1e-05,0.0001,0.4,1.0,0.25,0.05,lr1e-05_bs8_drop0p4_temp1p0_a0p25_b0p05__wd1e-04trmiss0_degmodglobal,26,0.6413314938545227,0.6938291490077972,0.3888888888888889,0.6334486501153169,0.5384615384615384,0.0,0.6284586106027875,0.6161425880023411,0.06476999766060285,0.17992802602904184,0.0,0.0,0.0,0.0,0.0,18473,global,0.0
4,4,lr1e-05_bs8_drop0p4_temp1p0_a0p25_b0p05__wd1e-04trmiss0_degmodglobal,8,1e-05,0.0001,0.4,1.0,0.25,0.05,lr1e-05_bs8_drop0p4_temp1p0_a0p25_b0p05__wd1e-04trmiss0_degmodglobal,27,0.6641937579427447,0.6942038238048553,0.3888888888888889,0.6334486501153169,0.5384615384615384,0.0,0.6396720494542804,0.6332169430596488,0.07821529358625412,0.22845991168703353,0.0,0.0,0.0,0.0,0.0,18473,global,0.0
4,4,lr1e-05_bs8_drop0p4_temp2p0_a0p25_b0p05__wd1e-04trmiss0_degmodglobal,8,1e-05,0.0001,0.4,2.0,0.25,0.05,lr1e-05_bs8_drop0p4_temp2p0_a0p25_b0p05__wd1e-04trmiss0_degmodglobal,1,0.6985024894986834,0.6618510484695435,0.4166666666666667,0.7352564102564103,0.6153846153846154,0.0,0.7013580117906842,0.6491142766816276,0.11269778864724296,0.4242755557809557,0.0,0.0,0.0,0.0,0.0,18473,global,0.0
4,4,lr1e-05_bs8_drop0p4_temp2p0_a0p25_b0p05__wd1e-04trmiss0_degmodglobal,8,1e-05,0.0001,0.4,2.0,0.25,0.05,lr1e-05_bs8_drop0p4_temp2p0_a0p25_b0p05__wd1e-04trmiss0_degmodglobal,2,0.6849929009165082,0.6545023620128632,0.3888888888888889,0.7281857031857033,0.6153846153846154,0.0,0.6820435523986816,0.639697504895074,0.1052742110831397,0.37953670961516245,0.0,0.0,0.0,0.0,0.0,18473,global,0.0
4,4,lr1e-05_bs8_drop0p4_temp2p0_a0p25_b0p05__wd1e-04trmiss0_degmodglobal,8,1e-05,0.0001,0.4,2.0,0.25,0.05,lr1e-05_bs8_drop0p4_temp2p0_a0p25_b0p05__wd1e-04trmiss0_degmodglobal,3,0.688189583165305,0.6496130526065826,0.3888888888888889,0.7281857031857033,0.6153846153846154,0.0,0.6529799444334847,0.6401580742427281,0.11540230895791735,0.38361870603902,0.0,0.0,0.0,0.0,0.0,18473,global,0.0
4,4,lr1e-05_bs8_drop0p4_temp2p0_a0p25_b0p05__wd1e-04trmiss0_degmodglobal,8,1e-05,0.0001,0.4,2.0,0.25,0.05,lr1e-05_bs8_drop0p4_temp2p0_a0p25_b0p05__wd1e-04trmiss0_degmodglobal,4,0.6787642666271755,0.6471886038780212,0.3888888888888889,0.7281857031857033,0.6923076923076923,0.0,0.6577827760151455,0.6336047223636082,0.09944663728986468,0.40595771585192,0.0,0.0,0.0,0.0,0.0,18473,global,0.0
4,4,lr1e-05_bs8_drop0p4_temp2p0_a0p25_b0p05__wd1e-04trmiss0_degmodglobal,8,1e-05,0.0001,0.4,2.0,0.25,0.05,lr1e-05_bs8_drop0p4_temp2p0_a0p25_b0p05__wd1e-04trmiss0_degmodglobal,5,0.6906639422689166,0.6450434029102325,0.3888888888888889,0.7281857031857033,0.6923076923076923,0.0,0.6919926830700466,0.6494245188576835,0.09630409202405385,0.34326780693871634,0.0,0.0,0.0,0.0,0.0,18473,global,0.0
4,4,lr1e-05_bs8_drop0p4_temp2p0_a0p25_b0p05__wd1e-04trmiss0_degmodglobal,8,1e-05,0.0001,0.4,2.0,0.25,0.05,lr1e-05_bs8_drop0p4_temp2p0_a0p25_b0p05__wd1e-04trmiss0_degmodglobal,6,0.6946500710078648,0.6437301635742188,0.3611111111111111,0.7207782957782958,0.6923076923076923,0.0,0.6644542387553624,0.6513148971966335,0.1018476379769189,0.35746532465730396,0.0,0.0,0.0,0.0,0.0,18473,global,0.0
4,4,lr1e-05_bs8_drop0p4_temp2p0_a0p25_b0p05__wd1e-04trmiss0_degmodglobal,8,1e-05,0.0001,0.4,2.0,0.25,0.05,lr1e-05_bs8_drop0p4_temp2p0_a0p25_b0p05__wd1e-04trmiss0_degmodglobal,7,0.7231534123420715,0.6404112875461578,0.3888888888888889,0.7306989306989309,0.6923076923076923,0.0,0.6694019692284721,0.6642504164150783,0.13675302054200852,0.4942947838987623,0.0,0.0,0.0,0.0,0.0,18473,global,0.0
4,4,lr1e-05_bs8_drop0p4_temp2p0_a0p25_b0p05__wd1e-04trmiss0_degmodglobal,8,1e-05,0.0001,0.4,2.0,0.25,0.05,lr1e-05_bs8_drop0p4_temp2p0_a0p25_b0p05__wd1e-04trmiss0_degmodglobal,8,0.6638582519122532,0.6360868513584137,0.3888888888888889,0.7306989306989309,0.6923076923076923,0.0,0.6727596521377563,0.6244233506066459,0.09047968313097954,0.3362997770309448,0.0,0.0,0.0,0.0,0.0,18473,global,0.0
4,4,lr1e-05_bs8_drop0p4_temp2p0_a0p25_b0p05__wd1e-04trmiss0_degmodglobal,8,1e-05,0.0001,0.4,2.0,0.25,0.05,lr1e-05_bs8_drop0p4_temp2p0_a0p25_b0p05__wd1e-04trmiss0_degmodglobal,9,0.6579698324203491,0.6348548531532288,0.3888888888888889,0.7306989306989309,0.6923076923076923,0.0,0.6268688184874398,0.6255395923342023,0.07307703739830426,0.28321982068674906,0.0,0.0,0.0,0.0,0.0,18473,global,0.0
4,4,lr1e-05_bs8_drop0p4_temp2p0_a0p25_b0p05__wd1e-04trmiss0_degmodglobal,8,1e-05,0.0001,0.4,2.0,0.25,0.05,lr1e-05_bs8_drop0p4_temp2p0_a0p25_b0p05__wd1e-04trmiss0_degmodglobal,10,0.6576177988733564,0.635779082775116,0.3888888888888889,0.7306989306989309,0.6923076923076923,0.0,0.6486820748874119,0.6150403874261039,0.09877876618078776,0.3576542181628091,0.0,0.0,0.0,0.0,0.0,18473,global,0.0
4,4,lr1e-05_bs8_drop0p4_temp2p0_a0p25_b0p05__wd1e-04trmiss0_degmodglobal,8,1e-05,0.0001,0.4,2.0,0.25,0.05,lr1e-05_bs8_drop0p4_temp2p0_a0p25_b0p05__wd1e-04trmiss0_degmodglobal,11,0.6853268572262355,0.636578232049942,0.3888888888888889,0.7306989306989309,0.6923076923076923,0.0,0.6649147868156433,0.6352353947503226,0.11502529361418315,0.4267026036977768,0.0,0.0,0.0,0.0,0.0,18473,global,0.0
4,4,lr1e-05_bs8_drop0p4_temp2p0_a0p25_b0p05__wd1e-04trmiss0_degmodglobal,8,1e-05,0.0001,0.4,2.0,0.25,0.05,lr1e-05_bs8_drop0p4_temp2p0_a0p25_b0p05__wd1e-04trmiss0_degmodglobal,12,0.6289967128208706,0.635551244020462,0.3888888888888889,0.7306989306989309,0.6923076923076923,0.0,0.616059422492981,0.5904178959982735,0.08465580642223358,0.3482974533523832,0.0,0.0,0.0,0.0,0.0,18473,global,0.0
4,4,lr1e-05_bs8_drop0p4_temp2p0_a0p25_b0p05__wd1e-04trmiss0_degmodglobal,8,1e-05,0.0001,0.4,2.0,0.25,0.05,lr1e-05_bs8_drop0p4_temp2p0_a0p25_b0p05__wd1e-04trmiss0_degmodglobal,13,0.6303699868065971,0.6341291069984436,0.3888888888888889,0.7306989306989309,0.6923076923076923,0.0,0.641247570514679,0.5912682158606393,0.08893962630203792,0.3373372639928545,0.0,0.0,0.0,0.0,0.0,18473,global,0.0
4,4,lr1e-05_bs8_drop0p4_temp2p0_a0p25_b0p05__wd1e-04trmiss0_degmodglobal,8,1e-05,0.0001,0.4,2.0,0.25,0.05,lr1e-05_bs8_drop0p4_temp2p0_a0p25_b0p05__wd1e-04trmiss0_degmodglobal,14,0.6243047799382891,0.6330028474330902,0.3888888888888889,0.7306989306989309,0.6923076923076923,0.0,0.6634523783411298,0.5875787309237889,0.0858315761600222,0.3053629313196455,0.0,0.0,0.0,0.0,0.0,18473,global,0.0
4,4,lr1e-05_bs8_drop0p4_temp2p0_a0p25_b0p05__wd1e-04trmiss0_degmodglobal,8,1e-05,0.0001,0.4,2.0,0.25,0.05,lr1e-05_bs8_drop0p4_temp2p0_a0p25_b0p05__wd1e-04trmiss0_degmodglobal,15,0.6426414847373962,0.6346635222434998,0.3888888888888889,0.7306989306989309,0.6923076923076923,0.0,0.6473982845033918,0.6070646558489118,0.08107539585658483,0.30615973685468945,0.0,0.0,0.0,0.0,0.0,18473,global,0.0
4,4,lr1e-05_bs8_drop0p4_temp2p0_a0p25_b0p05__wd1e-04trmiss0_degmodglobal,8,1e-05,0.0001,0.4,2.0,0.25,0.05,lr1e-05_bs8_drop0p4_temp2p0_a0p25_b0p05__wd1e-04trmiss0_degmodglobal,16,0.6440077083451408,0.6363504528999329,0.3888888888888889,0.7306989306989309,0.6923076923076923,0.0,0.6374171887125287,0.6001633150236947,0.11067885373319898,0.3234934764248984,0.0,0.0,0.0,0.0,0.0,18473,global,0.0
4,4,lr1e-05_bs8_drop0p4_temp2p0_a0p25_b0p05__wd1e-04trmiss0_degmodglobal,8,1e-05,0.0001,0.4,2.0,0.25,0.05,lr1e-05_bs8_drop0p4_temp2p0_a0p25_b0p05__wd1e-04trmiss0_degmodglobal,17,0.6450859478541783,0.6360500156879425,0.3888888888888889,0.7306989306989309,0.6923076923076923,0.0,0.6398707628250122,0.6099461317062378,0.08268665415900094,0.28936287122113363,0.0,0.0,0.0,0.0,0.0,18473,global,0.0
4,4,lr1e-05_bs8_drop0p4_temp2p0_a0p25_b0p05__wd1e-04trmiss0_degmodglobal,8,1e-05,0.0001,0.4,2.0,0.25,0.05,lr1e-05_bs8_drop0p4_temp2p0_a0p25_b0p05__wd1e-04trmiss0_degmodglobal,18,0.6387413144111633,0.6356634199619293,0.3888888888888889,0.7306989306989309,0.6923076923076923,0.0,0.605378236089434,0.6009033833231244,0.09306157539997782,0.29145070697580067,0.0,0.0,0.0,0.0,0.0,18473,global,0.0
4,4,lr1e-05_bs8_drop0p4_temp2p0_a0p25_b0p05__wd1e-04trmiss0_degmodglobal,8,1e-05,0.0001,0.4,2.0,0.25,0.05,lr1e-05_bs8_drop0p4_temp2p0_a0p25_b0p05__wd1e-04trmiss0_degmodglobal,19,0.6067941784858704,0.6377952694892883,0.3888888888888889,0.7306989306989309,0.6923076923076923,0.0,0.6164512974875314,0.5696713498660496,0.08634026774338313,0.3107552315507616,0.0,0.0,0.0,0.0,0.0,18473,global,0.0
4,4,lr1e-05_bs8_drop0p4_temp2p0_a0p25_b0p05__wd1e-04trmiss0_degmodglobal,8,1e-05,0.0001,0.4,2.0,0.25,0.05,lr1e-05_bs8_drop0p4_temp2p0_a0p25_b0p05__wd1e-04trmiss0_degmodglobal,20,0.6079849515642438,0.6374228596687317,0.3888888888888889,0.7306989306989309,0.6923076923076923,0.0,0.6302974138941083,0.568505904504231,0.09031084073441369,0.33802679606846403,0.0,0.0,0.0,0.0,0.0,18473,global,0.0
4,4,lr1e-05_bs8_drop0p4_temp2p0_a0p25_b0p05__wd1e-04trmiss0_degmodglobal,8,1e-05,0.0001,0.4,2.0,0.25,0.05,lr1e-05_bs8_drop0p4_temp2p0_a0p25_b0p05__wd1e-04trmiss0_degmodglobal,21,0.6239019462040493,0.6369949579238892,0.3611111111111111,0.7207782957782958,0.6923076923076923,0.0,0.6414574895586286,0.5868171027728489,0.08209800028375216,0.3312069943972996,0.0,0.0,0.0,0.0,0.0,18473,global,0.0
4,4,lr1e-05_bs8_drop0p4_temp2p0_a0p25_b0p05__wd1e-04trmiss0_degmodglobal,8,1e-05,0.0001,0.4,2.0,0.25,0.05,lr1e-05_bs8_drop0p4_temp2p0_a0p25_b0p05__wd1e-04trmiss0_degmodglobal,22,0.6267512355531965,0.6362099647521973,0.3611111111111111,0.7207782957782958,0.6923076923076923,0.0,0.6101575834410531,0.5814381582396371,0.10622245286192213,0.37514930963516235,0.0,0.0,0.0,0.0,0.0,18473,global,0.0
4,4,lr1e-05_bs8_drop0p4_temp2p0_a0p25_b0p05__wd1e-04trmiss0_degmodglobal,8,1e-05,0.0001,0.4,2.0,0.25,0.05,lr1e-05_bs8_drop0p4_temp2p0_a0p25_b0p05__wd1e-04trmiss0_degmodglobal,23,0.6260729006358555,0.6356552243232727,0.3611111111111111,0.7207782957782958,0.6923076923076923,0.0,0.6209801690919059,0.5866121223994664,0.09176961864743914,0.3303673437663487,0.0,0.0,0.0,0.0,0.0,18473,global,0.0
4,4,lr1e-05_bs8_drop0p4_temp2p0_a0p25_b0p05__wd1e-04trmiss0_degmodglobal,8,1e-05,0.0001,0.4,2.0,0.25,0.05,lr1e-05_bs8_drop0p4_temp2p0_a0p25_b0p05__wd1e-04trmiss0_degmodglobal,24,0.6194211414882115,0.6362079381942749,0.3611111111111111,0.7207782957782958,0.6923076923076923,0.0,0.6000155125345502,0.5792288652488163,0.09378327961478915,0.33492918951170786,0.0,0.0,0.0,0.0,0.0,18473,global,0.0
4,4,lr1e-05_bs8_drop0p4_temp2p0_a0p25_b0p05__wd1e-04trmiss0_degmodglobal,8,1e-05,0.0001,0.4,2.0,0.25,0.05,lr1e-05_bs8_drop0p4_temp2p0_a0p25_b0p05__wd1e-04trmiss0_degmodglobal,25,0.6099441136632647,0.6360360085964203,0.3611111111111111,0.7207782957782958,0.6923076923076923,0.0,0.6057318193571908,0.5748717103685651,0.08366836022053446,0.28310566927705494,0.0,0.0,0.0,0.0,0.0,18473,global,0.0
4,4,lr1e-05_bs8_drop0p4_temp2p0_a0p25_b0p05__wd1e-04trmiss0_degmodglobal,8,1e-05,0.0001,0.4,2.0,0.25,0.05,lr1e-05_bs8_drop0p4_temp2p0_a0p25_b0p05__wd1e-04trmiss0_degmodglobal,26,0.6030933686665126,0.6353674530982971,0.3888888888888889,0.7281857031857033,0.6923076923076923,0.0,0.5989012803350177,0.5588127204350063,0.10380152559706143,0.36660544148513247,0.0,0.0,0.0,0.0,0.0,18473,global,0.0
4,4,lr1e-05_bs8_drop0p4_temp2p0_a0p25_b0p05__wd1e-04trmiss0_degmodglobal,8,1e-05,0.0001,0.4,2.0,0.25,0.05,lr1e-05_bs8_drop0p4_temp2p0_a0p25_b0p05__wd1e-04trmiss0_degmodglobal,27,0.6037305678640094,0.6344276070594788,0.3333333333333333,0.6726301476301477,0.6923076923076923,0.0,0.6420767477580479,0.5582136341503688,0.1101569373692785,0.35955404170921873,0.0,0.0,0.0,0.0,0.0,18473,global,0.0
4,4,lr1e-05_bs8_drop0p4_temp2p0_a0p25_b0p05__wd1e-04trmiss0_degmodglobal,8,1e-05,0.0001,0.4,2.0,0.25,0.05,lr1e-05_bs8_drop0p4_temp2p0_a0p25_b0p05__wd1e-04trmiss0_degmodglobal,28,0.6213803035872323,0.6345697641372681,0.3611111111111111,0.6911486661486661,0.6923076923076923,0.0,0.6077875239508492,0.5886911920138768,0.08132694289088249,0.24714734724589757,0.0,0.0,0.0,0.0,0.0,18473,global,0.0
4,4,lr1e-05_bs8_drop0p4_temp2p0_a0p25_b0p05__wd1e-04trmiss0_degmodglobal,8,1e-05,0.0001,0.4,2.0,0.25,0.05,lr1e-05_bs8_drop0p4_temp2p0_a0p25_b0p05__wd1e-04trmiss0_degmodglobal,29,0.6139558979443142,0.6362153589725494,0.3333333333333333,0.6837412587412588,0.6923076923076923,0.0,0.6355798244476318,0.5744400790759495,0.08770759935889925,0.3517780750989914,0.0,0.0,0.0,0.0,0.0,18473,global,0.0
4,4,lr1e-05_bs8_drop0p4_temp2p0_a0p25_b0p05__wd1e-04trmiss0_degmodglobal,8,1e-05,0.0001,0.4,2.0,0.25,0.05,lr1e-05_bs8_drop0p4_temp2p0_a0p25_b0p05__wd1e-04trmiss0_degmodglobal,30,0.6126188976424081,0.6357659697532654,0.3333333333333333,0.6837412587412588,0.6923076923076923,0.0,0.608352780342102,0.5758723105703082,0.08515669192586627,0.3091481477022171,0.0,0.0,0.0,0.0,0.0,18473,global,0.0
4,4,lr1e-05_bs8_drop0p4_temp2p0_a0p25_b0p05__wd1e-04trmiss0_degmodglobal,8,1e-05,0.0001,0.4,2.0,0.25,0.05,lr1e-05_bs8_drop0p4_temp2p0_a0p25_b0p05__wd1e-04trmiss0_degmodglobal,31,0.6082894120897565,0.6372045874595642,0.3333333333333333,0.6837412587412588,0.6923076923076923,0.0,0.5958394706249237,0.5646346807479858,0.10837085172533989,0.331240285720144,0.0,0.0,0.0,0.0,0.0,18473,global,0.0
4,4,lr1e-05_bs8_drop0p4_temp2p0_a0p25_b0p05__wd1e-04trmiss0_degmodglobal,8,1e-05,0.0001,0.4,2.0,0.25,0.05,lr1e-05_bs8_drop0p4_temp2p0_a0p25_b0p05__wd1e-04trmiss0_degmodglobal,32,0.5923285228865487,0.6378090977668762,0.3333333333333333,0.6837412587412588,0.6923076923076923,0.0,0.6128492525645665,0.5564931205340794,0.08712268620729446,0.2810946021761213,0.0,0.0,0.0,0.0,0.0,18473,global,0.0
4,4,lr1e-05_bs8_drop0p4_temp2p0_a0p25_b0p05__wd1e-04trmiss0_degmodglobal,8,1e-05,0.0001,0.4,2.0,0.25,0.05,lr1e-05_bs8_drop0p4_temp2p0_a0p25_b0p05__wd1e-04trmiss0_degmodglobal,33,0.6157639026641846,0.6360537111759186,0.3611111111111111,0.6911486661486661,0.6923076923076923,0.0,0.5844368934631348,0.5720893144607544,0.10505532260451998,0.34821510527815136,0.0,0.0,0.0,0.0,0.0,18473,global,0.0
4,4,lr1e-05_bs8_drop0p4_temp2p0_a0p25_b0p05__wd1e-04trmiss0_degmodglobal,8,1e-05,0.0001,0.4,2.0,0.25,0.05,lr1e-05_bs8_drop0p4_temp2p0_a0p25_b0p05__wd1e-04trmiss0_degmodglobal,34,0.6381193143980843,0.6377324163913727,0.3611111111111111,0.6911486661486661,0.6923076923076923,0.0,0.5840386407715934,0.587911878313337,0.11956498346158437,0.4063240130032812,0.0,0.0,0.0,0.0,0.0,18473,global,0.0
4,4,lr1e-04_bs16_drop0p2_temp1p0_a0p25_b0p05__wd1e-04trmiss0_degmodglobal,16,0.0001,0.0001,0.2,1.0,0.25,0.05,lr1e-04_bs16_drop0p2_temp1p0_a0p25_b0p05__wd1e-04trmiss0_degmodglobal,1,0.7022226452827454,0.6800051927566528,0.4722222222222222,0.6972934472934474,0.5384615384615384,0.0,0.7206703126430511,0.6847343146800995,0.04154339851811528,0.1420496180653572,0.0,0.0,0.0,0.0,0.0,18473,global,0.0
4,4,lr1e-04_bs16_drop0p2_temp1p0_a0p25_b0p05__wd1e-04trmiss0_degmodglobal,16,0.0001,0.0001,0.2,1.0,0.25,0.05,lr1e-04_bs16_drop0p2_temp1p0_a0p25_b0p05__wd1e-04trmiss0_degmodglobal,2,0.6603157967329025,0.6804370880126953,0.4722222222222222,0.6972934472934474,0.5384615384615384,0.0,0.657998263835907,0.6400464475154877,0.05331044737249613,0.13883472606539726,0.0,0.0,0.0,0.0,0.0,18473,global,0.0
4,4,lr1e-04_bs16_drop0p2_temp1p0_a0p25_b0p05__wd1e-04trmiss0_degmodglobal,16,0.0001,0.0001,0.2,1.0,0.25,0.05,lr1e-04_bs16_drop0p2_temp1p0_a0p25_b0p05__wd1e-04trmiss0_degmodglobal,3,0.6708103269338608,0.6812313199043274,0.4722222222222222,0.6994819994819995,0.5384615384615384,0.0,0.6220298260450363,0.6480896770954132,0.054937418550252914,0.1797256451100111,0.0,0.0,0.0,0.0,0.0,18473,global,0.0
4,4,lr1e-04_bs16_drop0p2_temp1p0_a0p25_b0p05__wd1e-04trmiss0_degmodglobal,16,0.0001,0.0001,0.2,1.0,0.25,0.05,lr1e-04_bs16_drop0p2_temp1p0_a0p25_b0p05__wd1e-04trmiss0_degmodglobal,4,0.6511433273553848,0.6794877052307129,0.5,0.7113867613867615,0.46153846153846156,0.0,0.6135590672492981,0.6329779773950577,0.04392803926020861,0.14366696774959564,0.0,0.0,0.0,0.0,0.0,18473,global,0.0
4,4,lr1e-04_bs16_drop0p2_temp1p0_a0p25_b0p05__wd1e-04trmiss0_degmodglobal,16,0.0001,0.0001,0.2,1.0,0.25,0.05,lr1e-04_bs16_drop0p2_temp1p0_a0p25_b0p05__wd1e-04trmiss0_degmodglobal,5,0.6524354964494705,0.6739526987075806,0.4722222222222222,0.7457782957782959,0.46153846153846156,0.0,0.6076260209083557,0.6328731924295425,0.047968112863600254,0.15140577778220177,0.0,0.0,0.0,0.0,0.0,18473,global,0.0
4,4,lr1e-04_bs16_drop0p2_temp1p0_a0p25_b0p05__wd1e-04trmiss0_degmodglobal,16,0.0001,0.0001,0.2,1.0,0.25,0.05,lr1e-04_bs16_drop0p2_temp1p0_a0p25_b0p05__wd1e-04trmiss0_degmodglobal,6,0.6146042943000793,0.6755017042160034,0.4722222222222222,0.7754079254079256,0.46153846153846156,0.0,0.57575424015522,0.5955448895692825,0.049236295744776726,0.13500673323869705,0.0,0.0,0.0,0.0,0.0,18473,global,0.0
4,4,lr1e-04_bs16_drop0p2_temp1p0_a0p25_b0p05__wd1e-04trmiss0_degmodglobal,16,0.0001,0.0001,0.2,1.0,0.25,0.05,lr1e-04_bs16_drop0p2_temp1p0_a0p25_b0p05__wd1e-04trmiss0_degmodglobal,7,0.5960861891508102,0.6768858432769775,0.4166666666666667,0.7251433751433751,0.46153846153846156,0.0,0.5517569035291672,0.5746989250183105,0.05938187427818775,0.13083667121827602,0.0,0.0,0.0,0.0,0.0,18473,global,0.0
4,4,lr1e-04_bs16_drop0p2_temp1p0_a0p25_b0p05__wd1e-04trmiss0_degmodglobal,16,0.0001,0.0001,0.2,1.0,0.25,0.05,lr1e-04_bs16_drop0p2_temp1p0_a0p25_b0p05__wd1e-04trmiss0_degmodglobal,8,0.5976318567991257,0.6799376010894775,0.4166666666666667,0.6828153328153329,0.46153846153846156,0.0,0.5563355386257172,0.5791020691394806,0.04979762528091669,0.12160731293261051,0.0,0.0,0.0,0.0,0.0,18473,global,0.0
4,4,lr1e-04_bs16_drop0p2_temp1p0_a0p25_b0p05__wd1e-04trmiss0_degmodglobal,16,0.0001,0.0001,0.2,1.0,0.25,0.05,lr1e-04_bs16_drop0p2_temp1p0_a0p25_b0p05__wd1e-04trmiss0_degmodglobal,9,0.5795967727899551,0.6809347867965698,0.4722222222222222,0.6994819994819995,0.46153846153846156,0.0,0.5555687248706818,0.5610935688018799,0.05217999219894409,0.10916407592594624,0.0,0.0,0.0,0.0,0.0,18473,global,0.0
4,4,lr1e-04_bs16_drop0p2_temp1p0_a0p25_b0p05__wd1e-04trmiss0_degmodglobal,16,0.0001,0.0001,0.2,1.0,0.25,0.05,lr1e-04_bs16_drop0p2_temp1p0_a0p25_b0p05__wd1e-04trmiss0_degmodglobal,10,0.5915627628564835,0.6830049157142639,0.3888888888888889,0.6695878195878197,0.5384615384615384,0.0,0.5274711549282074,0.5685419738292694,0.059369045309722424,0.1635703109204769,0.0,0.0,0.0,0.0,0.0,18473,global,0.0
4,4,lr1e-04_bs16_drop0p2_temp1p0_a0p25_b0p05__wd1e-04trmiss0_degmodglobal,16,0.0001,0.0001,0.2,1.0,0.25,0.05,lr1e-04_bs16_drop0p2_temp1p0_a0p25_b0p05__wd1e-04trmiss0_degmodglobal,11,0.5621575713157654,0.6832907199859619,0.25,0.6186178019511352,0.5384615384615384,0.0,0.5179883539676666,0.5368465185165405,0.06906293332576752,0.16090593859553337,0.0,0.0,0.0,0.0,0.0,18473,global,0.0
4,4,lr1e-04_bs16_drop0p2_temp1p0_a0p25_b0p05__wd1e-04trmiss0_degmodglobal,16,0.0001,0.0001,0.2,1.0,0.25,0.05,lr1e-04_bs16_drop0p2_temp1p0_a0p25_b0p05__wd1e-04trmiss0_degmodglobal,12,0.5671377331018448,0.6813611388206482,0.2777777777777778,0.6265543098876432,0.5384615384615384,0.0,0.5193027555942535,0.5421347841620445,0.0651905070990324,0.17410627752542496,0.0,0.0,0.0,0.0,0.0,18473,global,0.0
4,4,lr1e-04_bs16_drop0p2_temp1p0_a0p25_b0p05__wd1e-04trmiss0_degmodglobal,16,0.0001,0.0001,0.2,1.0,0.25,0.05,lr1e-04_bs16_drop0p2_temp1p0_a0p25_b0p05__wd1e-04trmiss0_degmodglobal,13,0.5720671266317368,0.679556667804718,0.3611111111111111,0.6547730047730048,0.5384615384615384,0.0,0.5135349631309509,0.5480326265096664,0.06136300228536129,0.17387532070279121,0.0,0.0,0.0,0.0,0.0,18473,global,0.0
4,4,lr1e-04_bs16_drop0p2_temp1p0_a0p25_b0p05__wd1e-04trmiss0_degmodglobal,16,0.0001,0.0001,0.2,1.0,0.25,0.05,lr1e-04_bs16_drop0p2_temp1p0_a0p25_b0p05__wd1e-04trmiss0_degmodglobal,14,0.538495734333992,0.6810140013694763,0.41666666666666663,0.6714396714396715,0.46153846153846156,0.0,0.500092625617981,0.5163771510124207,0.06020593922585249,0.1413419395685196,0.0,0.0,0.0,0.0,0.0,18473,global,0.0
4,4,lr1e-04_bs16_drop0p2_temp1p0_a0p25_b0p05__wd1e-04trmiss0_degmodglobal,16,0.0001,0.0001,0.2,1.0,0.25,0.05,lr1e-04_bs16_drop0p2_temp1p0_a0p25_b0p05__wd1e-04trmiss0_degmodglobal,15,0.5305162370204926,0.6892826557159424,0.3333333333333333,0.6448523698523699,0.46153846153846156,0.0,0.5073013678193092,0.5090776905417442,0.05577311757951975,0.1499053817242384,0.0,0.0,0.0,0.0,0.0,18473,global,0.0
4,4,lr1e-04_bs16_drop0p2_temp1p0_a0p25_b0p05__wd1e-04trmiss0_degmodglobal,16,0.0001,0.0001,0.2,1.0,0.25,0.05,lr1e-04_bs16_drop0p2_temp1p0_a0p25_b0p05__wd1e-04trmiss0_degmodglobal,16,0.5560415834188461,0.6914701461791992,0.3333333333333333,0.6448523698523699,0.46153846153846156,0.0,0.4957977458834648,0.5355197787284851,0.05434051621705294,0.13873367942869663,0.0,0.0,0.0,0.0,0.0,18473,global,0.0
4,4,lr1e-04_bs16_drop0p2_temp1p0_a0p25_b0p05__wd1e-04trmiss0_degmodglobal,16,0.0001,0.0001,0.2,1.0,0.25,0.05,lr1e-04_bs16_drop0p2_temp1p0_a0p25_b0p05__wd1e-04trmiss0_degmodglobal,17,0.5431727916002274,0.6899840831756592,0.3055555555555555,0.6371363204696538,0.46153846153846156,0.0,0.5162827596068382,0.5247271955013275,0.055511994287371635,0.09135176055133343,0.0,0.0,0.0,0.0,0.0,18473,global,0.0
4,4,lr1e-04_bs16_drop0p2_temp1p0_a0p25_b0p05__wd1e-04trmiss0_degmodglobal,16,0.0001,0.0001,0.2,1.0,0.25,0.05,lr1e-04_bs16_drop0p2_temp1p0_a0p25_b0p05__wd1e-04trmiss0_degmodglobal,18,0.5293856412172318,0.6938759088516235,0.2777777777777778,0.6265543098876432,0.46153846153846156,0.0,0.49126729369163513,0.5050134062767029,0.07124493829905987,0.1312197893857956,0.0,0.0,0.0,0.0,0.0,18473,global,0.0
4,4,lr1e-04_bs16_drop0p2_temp1p0_a0p25_b0p05__wd1e-04trmiss0_degmodglobal,16,0.0001,0.0001,0.2,1.0,0.25,0.05,lr1e-04_bs16_drop0p2_temp1p0_a0p25_b0p05__wd1e-04trmiss0_degmodglobal,19,0.5277672410011292,0.6989979147911072,0.3333333333333333,0.6448523698523699,0.46153846153846156,0.0,0.4805133268237114,0.509105272591114,0.05240062344819307,0.11123610846698284,0.0,0.0,0.0,0.0,0.0,18473,global,0.0
4,4,lr1e-04_bs16_drop0p2_temp1p0_a0p25_b0p05__wd1e-04trmiss0_degmodglobal,16,0.0001,0.0001,0.2,1.0,0.25,0.05,lr1e-04_bs16_drop0p2_temp1p0_a0p25_b0p05__wd1e-04trmiss0_degmodglobal,20,0.5339697152376175,0.6931068301200867,0.3333333333333333,0.6448523698523699,0.5384615384615384,0.0,0.47785431146621704,0.5112192928791046,0.05840991158038378,0.16295875795185566,0.0,0.0,0.0,0.0,0.0,18473,global,0.0
4,4,lr1e-04_bs16_drop0p2_temp1p0_a0p25_b0p05__wd1e-04trmiss0_degmodglobal,16,0.0001,0.0001,0.2,1.0,0.25,0.05,lr1e-04_bs16_drop0p2_temp1p0_a0p25_b0p05__wd1e-04trmiss0_degmodglobal,21,0.5202230960130692,0.6912676095962524,0.3611111111111111,0.6596671846671848,0.5384615384615384,0.0,0.4778507202863693,0.49533257633447647,0.06532061658799648,0.1712073627859354,0.0,0.0,0.0,0.0,0.0,18473,global,0.0
4,4,lr1e-04_bs16_drop0p2_temp1p0_a0p25_b0p05__wd1e-04trmiss0_degmodglobal,16,0.0001,0.0001,0.2,1.0,0.25,0.05,lr1e-04_bs16_drop0p2_temp1p0_a0p25_b0p05__wd1e-04trmiss0_degmodglobal,22,0.530023567378521,0.6904726028442383,0.3333333333333333,0.6448523698523699,0.46153846153846156,0.0,0.49012118577957153,0.5095574930310249,0.05392373213544488,0.13970282673835754,0.0,0.0,0.0,0.0,0.0,18473,global,0.0
4,4,lr1e-04_bs16_drop0p2_temp1p0_a0p25_b0p05__wd1e-04trmiss0_degmodglobal,16,0.0001,0.0001,0.2,1.0,0.25,0.05,lr1e-04_bs16_drop0p2_temp1p0_a0p25_b0p05__wd1e-04trmiss0_degmodglobal,23,0.5388703346252441,0.6929240822792053,0.3333333333333333,0.6448523698523699,0.46153846153846156,0.0,0.4694739505648613,0.5175148248672485,0.051317155826836824,0.17052426002919674,0.0,0.0,0.0,0.0,0.0,18473,global,0.0
4,4,lr1e-04_bs16_drop0p2_temp1p0_a0p25_b0p05__wd1e-04trmiss0_degmodglobal,16,0.0001,0.0001,0.2,1.0,0.25,0.05,lr1e-04_bs16_drop0p2_temp1p0_a0p25_b0p05__wd1e-04trmiss0_degmodglobal,24,0.5214739143848419,0.6920008063316345,0.3055555555555556,0.6342703592703594,0.46153846153846156,0.0,0.45802512764930725,0.500897116959095,0.05108938552439213,0.1560893878340721,0.0,0.0,0.0,0.0,0.0,18473,global,0.0
4,4,lr1e-04_bs16_drop0p2_temp1p0_a0p25_b0p05__wd1e-04trmiss0_degmodglobal,16,0.0001,0.0001,0.2,1.0,0.25,0.05,lr1e-04_bs16_drop0p2_temp1p0_a0p25_b0p05__wd1e-04trmiss0_degmodglobal,25,0.5152166560292244,0.6947141885757446,0.3055555555555556,0.6342703592703594,0.46153846153846156,0.0,0.46479184925556183,0.4949289783835411,0.053733683191239834,0.1370850745588541,0.0,0.0,0.0,0.0,0.0,18473,global,0.0
4,4,lr1e-04_bs16_drop0p2_temp2p0_a0p25_b0p05__wd1e-04trmiss0_degmodglobal,16,0.0001,0.0001,0.2,2.0,0.25,0.05,lr1e-04_bs16_drop0p2_temp2p0_a0p25_b0p05__wd1e-04trmiss0_degmodglobal,1,0.7385502904653549,0.7386930584907532,0.25,0.5913410663410663,0.3076923076923077,0.0,0.7433076500892639,0.7189064770936966,0.054323190823197365,0.12126053404062986,0.0,0.0,0.0,0.0,0.0,18473,global,0.0
4,4,lr1e-04_bs16_drop0p2_temp2p0_a0p25_b0p05__wd1e-04trmiss0_degmodglobal,16,0.0001,0.0001,0.2,2.0,0.25,0.05,lr1e-04_bs16_drop0p2_temp2p0_a0p25_b0p05__wd1e-04trmiss0_degmodglobal,2,0.7012485861778259,0.7496898174285889,0.25,0.5913410663410663,0.23076923076923078,0.0,0.6917455345392227,0.6823517978191376,0.05168210994452238,0.11952552013099194,0.0,0.0,0.0,0.0,0.0,18473,global,0.0
4,4,lr1e-04_bs16_drop0p2_temp2p0_a0p25_b0p05__wd1e-04trmiss0_degmodglobal,16,0.0001,0.0001,0.2,2.0,0.25,0.05,lr1e-04_bs16_drop0p2_temp2p0_a0p25_b0p05__wd1e-04trmiss0_degmodglobal,3,0.6748711615800858,0.7566024661064148,0.19444444444444445,0.5768629518629519,0.23076923076923078,0.0,0.6523203700780869,0.6575507074594498,0.05050820391625166,0.09386813640594482,0.0,0.0,0.0,0.0,0.0,18473,global,0.0
4,4,lr1e-04_bs16_drop0p2_temp2p0_a0p25_b0p05__wd1e-04trmiss0_degmodglobal,16,0.0001,0.0001,0.2,2.0,0.25,0.05,lr1e-04_bs16_drop0p2_temp2p0_a0p25_b0p05__wd1e-04trmiss0_degmodglobal,4,0.6706801056861877,0.7643882036209106,0.2222222222222222,0.5879740629740631,0.23076923076923078,0.0,0.663337916135788,0.6541903465986252,0.04650971246883273,0.09724643267691135,0.0,0.0,0.0,0.0,0.0,18473,global,0.0
4,4,lr1e-04_bs16_drop0p2_temp2p0_a0p25_b0p05__wd1e-04trmiss0_degmodglobal,16,0.0001,0.0001,0.2,2.0,0.25,0.05,lr1e-04_bs16_drop0p2_temp2p0_a0p25_b0p05__wd1e-04trmiss0_degmodglobal,5,0.6501245200634003,0.7599939703941345,0.25,0.6064925814925816,0.23076923076923078,0.0,0.6199993938207626,0.625358060002327,0.06409361027181149,0.1748611517250538,0.0,0.0,0.0,0.0,0.0,18473,global,0.0
4,4,lr1e-04_bs16_drop0p2_temp2p0_a0p25_b0p05__wd1e-04trmiss0_degmodglobal,16,0.0001,0.0001,0.2,2.0,0.25,0.05,lr1e-04_bs16_drop0p2_temp2p0_a0p25_b0p05__wd1e-04trmiss0_degmodglobal,6,0.6102199107408524,0.7561749815940857,0.25,0.6064925814925816,0.3076923076923077,0.0,0.610309824347496,0.5901102423667908,0.052694445475935936,0.13872124254703522,0.0,0.0,0.0,0.0,0.0,18473,global,0.0
4,4,lr1e-04_bs16_drop0p2_temp2p0_a0p25_b0p05__wd1e-04trmiss0_degmodglobal,16,0.0001,0.0001,0.2,2.0,0.25,0.05,lr1e-04_bs16_drop0p2_temp2p0_a0p25_b0p05__wd1e-04trmiss0_degmodglobal,7,0.6353888362646103,0.7579256296157837,0.2777777777777778,0.613899988899989,0.3076923076923077,0.0,0.6133301705121994,0.6185246109962463,0.0461119981482625,0.1067245714366436,0.0,0.0,0.0,0.0,0.0,18473,global,0.0
4,4,lr1e-04_bs16_drop0p2_temp2p0_a0p25_b0p05__wd1e-04trmiss0_degmodglobal,16,0.0001,0.0001,0.2,2.0,0.25,0.05,lr1e-04_bs16_drop0p2_temp2p0_a0p25_b0p05__wd1e-04trmiss0_degmodglobal,8,0.6005162298679352,0.7617803812026978,0.33333333333333337,0.6320818070818071,0.38461538461538464,0.0,0.5888371020555496,0.5782402604818344,0.0580932404845953,0.15505293384194374,0.0,0.0,0.0,0.0,0.0,18473,global,0.0
4,4,lr1e-04_bs16_drop0p2_temp2p0_a0p25_b0p05__wd1e-04trmiss0_degmodglobal,16,0.0001,0.0001,0.2,2.0,0.25,0.05,lr1e-04_bs16_drop0p2_temp2p0_a0p25_b0p05__wd1e-04trmiss0_degmodglobal,9,0.5717068910598755,0.7655348777770996,0.33333333333333337,0.6320818070818071,0.3076923076923077,0.0,0.5874355137348175,0.5463760048151016,0.06727313622832298,0.17025206424295902,0.0,0.0,0.0,0.0,0.0,18473,global,0.0
4,4,lr1e-04_bs16_drop0p2_temp2p0_a0p25_b0p05__wd1e-04trmiss0_degmodglobal,16,0.0001,0.0001,0.2,2.0,0.25,0.05,lr1e-04_bs16_drop0p2_temp2p0_a0p25_b0p05__wd1e-04trmiss0_degmodglobal,10,0.5626940429210663,0.7655198574066162,0.33333333333333337,0.6320818070818071,0.3076923076923077,0.0,0.5624588578939438,0.5430009514093399,0.05259391758590937,0.13089213520288467,0.0,0.0,0.0,0.0,0.0,18473,global,0.0
4,4,lr1e-04_bs16_drop0p2_temp2p0_a0p25_b0p05__wd1e-04trmiss0_degmodglobal,16,0.0001,0.0001,0.2,2.0,0.25,0.05,lr1e-04_bs16_drop0p2_temp2p0_a0p25_b0p05__wd1e-04trmiss0_degmodglobal,11,0.5743462890386581,0.7631297707557678,0.33333333333333337,0.6320818070818071,0.3076923076923077,0.0,0.5760031491518021,0.552865520119667,0.05887573678046465,0.135236581787467,0.0,0.0,0.0,0.0,0.0,18473,global,0.0
4,4,lr1e-04_bs16_drop0p2_temp2p0_a0p25_b0p05__wd1e-04trmiss0_degmodglobal,16,0.0001,0.0001,0.2,2.0,0.25,0.05,lr1e-04_bs16_drop0p2_temp2p0_a0p25_b0p05__wd1e-04trmiss0_degmodglobal,12,0.5646128803491592,0.7611680030822754,0.3055555555555556,0.6135632885632886,0.3076923076923077,0.0,0.5702847093343735,0.5421541184186935,0.06187411118298769,0.13980510272085667,0.0,0.0,0.0,0.0,0.0,18473,global,0.0
4,4,lr1e-04_bs16_drop0p2_temp2p0_a0p25_b0p05__wd1e-04trmiss0_degmodglobal,16,0.0001,0.0001,0.2,2.0,0.25,0.05,lr1e-04_bs16_drop0p2_temp2p0_a0p25_b0p05__wd1e-04trmiss0_degmodglobal,13,0.5776258856058121,0.7581055164337158,0.3055555555555556,0.6135632885632886,0.3076923076923077,0.0,0.5446071177721024,0.5549503415822983,0.0604211688041687,0.15140507742762566,0.0,0.0,0.0,0.0,0.0,18473,global,0.0
4,4,lr1e-04_bs16_drop0p2_temp2p0_a0p25_b0p05__wd1e-04trmiss0_degmodglobal,16,0.0001,0.0001,0.2,2.0,0.25,0.05,lr1e-04_bs16_drop0p2_temp2p0_a0p25_b0p05__wd1e-04trmiss0_degmodglobal,14,0.5579891502857208,0.7536112070083618,0.2222222222222222,0.5879740629740631,0.3076923076923077,0.0,0.5478448867797852,0.5380328744649887,0.05518051236867905,0.12322276271879673,0.0,0.0,0.0,0.0,0.0,18473,global,0.0
4,4,lr1e-04_bs16_drop0p2_temp2p0_a0p25_b0p05__wd1e-04trmiss0_degmodglobal,16,0.0001,0.0001,0.2,2.0,0.25,0.05,lr1e-04_bs16_drop0p2_temp2p0_a0p25_b0p05__wd1e-04trmiss0_degmodglobal,15,0.5482872053980827,0.754661500453949,0.25,0.6064925814925816,0.3076923076923077,0.0,0.5525393784046173,0.5234946087002754,0.06438903976231813,0.17390695586800575,0.0,0.0,0.0,0.0,0.0,18473,global,0.0
4,4,lr1e-04_bs16_drop0p2_temp2p0_a0p25_b0p05__wd1e-04trmiss0_degmodglobal,16,0.0001,0.0001,0.2,2.0,0.25,0.05,lr1e-04_bs16_drop0p2_temp2p0_a0p25_b0p05__wd1e-04trmiss0_degmodglobal,16,0.5652148127555847,0.7573683857917786,0.2222222222222222,0.5879740629740631,0.3076923076923077,0.0,0.558096706867218,0.5451133474707603,0.05275178514420986,0.13827016577124596,0.0,0.0,0.0,0.0,0.0,18473,global,0.0
4,4,lr1e-04_bs16_drop0p2_temp2p0_a0p25_b0p05__wd1e-04trmiss0_degmodglobal,16,0.0001,0.0001,0.2,2.0,0.25,0.05,lr1e-04_bs16_drop0p2_temp2p0_a0p25_b0p05__wd1e-04trmiss0_degmodglobal,17,0.5548433661460876,0.7565272450447083,0.25,0.6064925814925816,0.3076923076923077,0.0,0.5426358506083488,0.5265069827437401,0.07293293531984091,0.20206267572939396,0.0,0.0,0.0,0.0,0.0,18473,global,0.0
4,4,lr1e-04_bs16_drop0p2_temp2p0_a0p25_b0p05__wd1e-04trmiss0_degmodglobal,16,0.0001,0.0001,0.2,2.0,0.25,0.05,lr1e-04_bs16_drop0p2_temp2p0_a0p25_b0p05__wd1e-04trmiss0_degmodglobal,18,0.5349487662315369,0.7555481195449829,0.2777777777777778,0.613899988899989,0.3076923076923077,0.0,0.5600686818361282,0.5092026814818382,0.06674504280090332,0.18119625747203827,0.0,0.0,0.0,0.0,0.0,18473,global,0.0
4,4,lr1e-04_bs16_drop0p2_temp2p0_a0p25_b0p05__wd1e-04trmiss0_degmodglobal,16,0.0001,0.0001,0.2,2.0,0.25,0.05,lr1e-04_bs16_drop0p2_temp2p0_a0p25_b0p05__wd1e-04trmiss0_degmodglobal,19,0.5389622300863266,0.7558410167694092,0.2777777777777778,0.613899988899989,0.3076923076923077,0.0,0.5499471724033356,0.5129072889685631,0.06875301152467728,0.17733350954949856,0.0,0.0,0.0,0.0,0.0,18473,global,0.0
4,4,lr1e-04_bs16_drop0p2_temp2p0_a0p25_b0p05__wd1e-04trmiss0_degmodglobal,16,0.0001,0.0001,0.2,2.0,0.25,0.05,lr1e-04_bs16_drop0p2_temp2p0_a0p25_b0p05__wd1e-04trmiss0_degmodglobal,20,0.5396119803190231,0.7536595463752747,0.2777777777777778,0.613899988899989,0.38461538461538464,0.0,0.5556320250034332,0.5171205699443817,0.05754146724939346,0.1621206309646368,0.0,0.0,0.0,0.0,0.0,18473,global,0.0
4,4,lr1e-04_bs16_drop0p2_temp2p0_a0p25_b0p05__wd1e-04trmiss0_degmodglobal,16,0.0001,0.0001,0.2,2.0,0.25,0.05,lr1e-04_bs16_drop0p2_temp2p0_a0p25_b0p05__wd1e-04trmiss0_degmodglobal,21,0.5449510291218758,0.7503518462181091,0.25,0.6064925814925816,0.46153846153846156,0.0,0.5378414243459702,0.5213240087032318,0.062248917296528816,0.16129612550139427,0.0,0.0,0.0,0.0,0.0,18473,global,0.0
4,4,lr1e-04_bs16_drop0p2_temp2p0_a0p25_b0p05__wd1e-04trmiss0_degmodglobal,16,0.0001,0.0001,0.2,2.0,0.25,0.05,lr1e-04_bs16_drop0p2_temp2p0_a0p25_b0p05__wd1e-04trmiss0_degmodglobal,22,0.5224606692790985,0.7519024014472961,0.25,0.6064925814925816,0.46153846153846156,0.0,0.5431676357984543,0.498151458799839,0.06325631588697433,0.16990229114890099,0.0,0.0,0.0,0.0,0.0,18473,global,0.0
4,4,lr1e-04_bs16_drop0p2_temp2p0_a0p25_b0p05__wd1e-04trmiss0_degmodglobal,16,0.0001,0.0001,0.2,2.0,0.25,0.05,lr1e-04_bs16_drop0p2_temp2p0_a0p25_b0p05__wd1e-04trmiss0_degmodglobal,23,0.551048755645752,0.7543224692344666,0.2222222222222222,0.5879740629740631,0.46153846153846156,0.0,0.5260301157832146,0.5237529575824738,0.06768448371440172,0.2074933499097824,0.0,0.0,0.0,0.0,0.0,18473,global,0.0
4,4,lr1e-04_bs16_drop0p2_temp2p0_a0p25_b0p05__wd1e-04trmiss0_degmodglobal,16,0.0001,0.0001,0.2,2.0,0.25,0.05,lr1e-04_bs16_drop0p2_temp2p0_a0p25_b0p05__wd1e-04trmiss0_degmodglobal,24,0.5487084835767746,0.7539346814155579,0.2222222222222222,0.5879740629740631,0.46153846153846156,0.0,0.533716082572937,0.5263853520154953,0.06408370658755302,0.1260442677885294,0.0,0.0,0.0,0.0,0.0,18473,global,0.0
4,4,lr1e-04_bs16_drop0p2_temp2p0_a0p25_b0p05__wd1e-04trmiss0_degmodglobal,16,0.0001,0.0001,0.2,2.0,0.25,0.05,lr1e-04_bs16_drop0p2_temp2p0_a0p25_b0p05__wd1e-04trmiss0_degmodglobal,25,0.5559592247009277,0.7550424933433533,0.2222222222222222,0.5879740629740631,0.46153846153846156,0.0,0.5224461480975151,0.5288656279444695,0.07145317830145359,0.1846057027578354,0.0,0.0,0.0,0.0,0.0,18473,global,0.0
4,4,lr1e-04_bs16_drop0p2_temp2p0_a0p25_b0p05__wd1e-04trmiss0_degmodglobal,16,0.0001,0.0001,0.2,2.0,0.25,0.05,lr1e-04_bs16_drop0p2_temp2p0_a0p25_b0p05__wd1e-04trmiss0_degmodglobal,26,0.5043838173151016,0.7520289421081543,0.2222222222222222,0.5879740629740631,0.46153846153846156,0.0,0.5088749900460243,0.48437412083148956,0.05632958933711052,0.11854607984423637,0.0,0.0,0.0,0.0,0.0,18473,global,0.0
4,4,lr1e-04_bs16_drop0p2_temp2p0_a0p25_b0p05__wd1e-04trmiss0_degmodglobal,16,0.0001,0.0001,0.2,2.0,0.25,0.05,lr1e-04_bs16_drop0p2_temp2p0_a0p25_b0p05__wd1e-04trmiss0_degmodglobal,27,0.5391322076320648,0.7474918365478516,0.2222222222222222,0.5879740629740631,0.46153846153846156,0.0,0.5367654860019684,0.5079601928591728,0.07956777326762676,0.22560114786028862,0.0,0.0,0.0,0.0,0.0,18473,global,0.0
4,4,lr1e-04_bs16_drop0p2_temp2p0_a0p25_b0p05__wd1e-04trmiss0_degmodglobal,16,0.0001,0.0001,0.2,2.0,0.25,0.05,lr1e-04_bs16_drop0p2_temp2p0_a0p25_b0p05__wd1e-04trmiss0_degmodglobal,28,0.5523452311754227,0.7518398761749268,0.2222222222222222,0.5879740629740631,0.46153846153846156,0.0,0.5431410670280457,0.5294953137636185,0.06298386212438345,0.14207854866981506,0.0,0.0,0.0,0.0,0.0,18473,global,0.0
4,4,lr1e-04_bs16_drop0p4_temp1p0_a0p25_b0p05__wd1e-04trmiss0_degmodglobal,16,0.0001,0.0001,0.4,1.0,0.25,0.05,lr1e-04_bs16_drop0p4_temp1p0_a0p25_b0p05__wd1e-04trmiss0_degmodglobal,1,0.7615174800157547,0.733819842338562,0.19444444444444445,0.5768629518629519,0.3076923076923077,0.0,0.656731128692627,0.7269413769245148,0.07953628897666931,0.2938409596681595,0.0,0.0,0.0,0.0,0.0,18473,global,0.0
4,4,lr1e-04_bs16_drop0p4_temp1p0_a0p25_b0p05__wd1e-04trmiss0_degmodglobal,16,0.0001,0.0001,0.4,1.0,0.25,0.05,lr1e-04_bs16_drop0p4_temp1p0_a0p25_b0p05__wd1e-04trmiss0_degmodglobal,2,0.7277833670377731,0.7327418327331543,0.1388888888888889,0.5643849977183311,0.23076923076923078,0.0,0.6614148318767548,0.6905762255191803,0.09358796291053295,0.276203453540802,0.0,0.0,0.0,0.0,0.0,18473,global,0.0
4,4,lr1e-04_bs16_drop0p4_temp1p0_a0p25_b0p05__wd1e-04trmiss0_degmodglobal,16,0.0001,0.0001,0.4,1.0,0.25,0.05,lr1e-04_bs16_drop0p4_temp1p0_a0p25_b0p05__wd1e-04trmiss0_degmodglobal,3,0.7159907221794128,0.7307657599449158,0.1388888888888889,0.5643849977183311,0.3076923076923077,0.0,0.6012421250343323,0.6798326820135117,0.08318271581083536,0.3072473779320717,0.0,0.0,0.0,0.0,0.0,18473,global,0.0
4,4,lr1e-04_bs16_drop0p4_temp1p0_a0p25_b0p05__wd1e-04trmiss0_degmodglobal,16,0.0001,0.0001,0.4,1.0,0.25,0.05,lr1e-04_bs16_drop0p4_temp1p0_a0p25_b0p05__wd1e-04trmiss0_degmodglobal,4,0.7003357857465744,0.7325503826141357,0.16666666666666669,0.5723215056548391,0.23076923076923078,0.0,0.6315070539712906,0.673285111784935,0.07237171940505505,0.17915508896112442,0.0,0.0,0.0,0.0,0.0,18473,global,0.0
4,4,lr1e-04_bs16_drop0p4_temp1p0_a0p25_b0p05__wd1e-04trmiss0_degmodglobal,16,0.0001,0.0001,0.4,1.0,0.25,0.05,lr1e-04_bs16_drop0p4_temp1p0_a0p25_b0p05__wd1e-04trmiss0_degmodglobal,5,0.6516272723674774,0.7334569096565247,0.19444444444444445,0.5768629518629519,0.3076923076923077,0.0,0.565687745809555,0.6155786961317062,0.08839405328035355,0.27900129184126854,0.0,0.0,0.0,0.0,0.0,18473,global,0.0
4,4,lr1e-04_bs16_drop0p4_temp1p0_a0p25_b0p05__wd1e-04trmiss0_degmodglobal,16,0.0001,0.0001,0.4,1.0,0.25,0.05,lr1e-04_bs16_drop0p4_temp1p0_a0p25_b0p05__wd1e-04trmiss0_degmodglobal,6,0.6806906461715698,0.7304545640945435,0.19444444444444445,0.5768629518629519,0.38461538461538464,0.0,0.5978174954652786,0.6479413211345673,0.08443526551127434,0.23281041532754898,0.0,0.0,0.0,0.0,0.0,18473,global,0.0
4,4,lr1e-04_bs16_drop0p4_temp1p0_a0p25_b0p05__wd1e-04trmiss0_degmodglobal,16,0.0001,0.0001,0.4,1.0,0.25,0.05,lr1e-04_bs16_drop0p4_temp1p0_a0p25_b0p05__wd1e-04trmiss0_degmodglobal,7,0.6420862823724747,0.7242122292518616,0.2222222222222222,0.5879740629740631,0.46153846153846156,0.0,0.58540278673172,0.6072121411561966,0.08442395366728306,0.2753629758954048,0.0,0.0,0.0,0.0,0.0,18473,global,0.0
4,4,lr1e-04_bs16_drop0p4_temp1p0_a0p25_b0p05__wd1e-04trmiss0_degmodglobal,16,0.0001,0.0001,0.4,1.0,0.25,0.05,lr1e-04_bs16_drop0p4_temp1p0_a0p25_b0p05__wd1e-04trmiss0_degmodglobal,8,0.677635669708252,0.7227502465248108,0.2777777777777778,0.613899988899989,0.46153846153846156,0.0,0.5605497136712074,0.6404554843902588,0.0910808090120554,0.2881998270750046,0.0,0.0,0.0,0.0,0.0,18473,global,0.0
4,4,lr1e-04_bs16_drop0p4_temp1p0_a0p25_b0p05__wd1e-04trmiss0_degmodglobal,16,0.0001,0.0001,0.4,1.0,0.25,0.05,lr1e-04_bs16_drop0p4_temp1p0_a0p25_b0p05__wd1e-04trmiss0_degmodglobal,9,0.6293535530567169,0.7234134674072266,0.2777777777777778,0.613899988899989,0.5384615384615384,0.0,0.5593447685241699,0.6007601320743561,0.07596954144537449,0.19202061370015144,0.0,0.0,0.0,0.0,0.0,18473,global,0.0
4,4,lr1e-04_bs16_drop0p4_temp1p0_a0p25_b0p05__wd1e-04trmiss0_degmodglobal,16,0.0001,0.0001,0.4,1.0,0.25,0.05,lr1e-04_bs16_drop0p4_temp1p0_a0p25_b0p05__wd1e-04trmiss0_degmodglobal,10,0.644205778837204,0.722120463848114,0.2777777777777778,0.613899988899989,0.5384615384615384,0.0,0.5354175865650177,0.601849690079689,0.10781481489539146,0.30804727226495743,0.0,0.0,0.0,0.0,0.0,18473,global,0.0
4,4,lr1e-04_bs16_drop0p4_temp1p0_a0p25_b0p05__wd1e-04trmiss0_degmodglobal,16,0.0001,0.0001,0.4,1.0,0.25,0.05,lr1e-04_bs16_drop0p4_temp1p0_a0p25_b0p05__wd1e-04trmiss0_degmodglobal,11,0.6479201167821884,0.7275537848472595,0.25,0.6064925814925816,0.46153846153846156,0.0,0.5415350198745728,0.6168749630451202,0.0763102937489748,0.23935168236494064,0.0,0.0,0.0,0.0,0.0,18473,global,0.0
4,4,lr1e-04_bs16_drop0p4_temp1p0_a0p25_b0p05__wd1e-04trmiss0_degmodglobal,16,0.0001,0.0001,0.4,1.0,0.25,0.05,lr1e-04_bs16_drop0p4_temp1p0_a0p25_b0p05__wd1e-04trmiss0_degmodglobal,12,0.638437494635582,0.7387387752532959,0.19444444444444445,0.5768629518629519,0.46153846153846156,0.0,0.5596304386854172,0.5994680970907211,0.09148583188652992,0.32195862010121346,0.0,0.0,0.0,0.0,0.0,18473,global,0.0
4,4,lr1e-04_bs16_drop0p4_temp1p0_a0p25_b0p05__wd1e-04trmiss0_degmodglobal,16,0.0001,0.0001,0.4,1.0,0.25,0.05,lr1e-04_bs16_drop0p4_temp1p0_a0p25_b0p05__wd1e-04trmiss0_degmodglobal,13,0.5812194347381592,0.746731698513031,0.2222222222222222,0.5879740629740631,0.46153846153846156,0.0,0.532297171652317,0.5500681698322296,0.08190356101840734,0.21350747346878052,0.0,0.0,0.0,0.0,0.0,18473,global,0.0
4,4,lr1e-04_bs16_drop0p4_temp1p0_a0p25_b0p05__wd1e-04trmiss0_degmodglobal,16,0.0001,0.0001,0.4,1.0,0.25,0.05,lr1e-04_bs16_drop0p4_temp1p0_a0p25_b0p05__wd1e-04trmiss0_degmodglobal,14,0.6166521906852722,0.7496441006660461,0.25,0.5990851740851741,0.46153846153846156,0.0,0.5461700409650803,0.5875935479998589,0.07823209464550018,0.1900123730301857,0.0,0.0,0.0,0.0,0.0,18473,global,0.0
4,4,lr1e-04_bs16_drop0p4_temp1p0_a0p25_b0p05__wd1e-04trmiss0_degmodglobal,16,0.0001,0.0001,0.4,1.0,0.25,0.05,lr1e-04_bs16_drop0p4_temp1p0_a0p25_b0p05__wd1e-04trmiss0_degmodglobal,15,0.6421585828065872,0.7476004362106323,0.2777777777777778,0.6176036926036926,0.46153846153846156,0.0,0.5388253182172775,0.6073702126741409,0.08653413690626621,0.2630966529250145,0.0,0.0,0.0,0.0,0.0,18473,global,0.0
4,4,lr1e-04_bs16_drop0p4_temp1p0_a0p25_b0p05__wd1e-04trmiss0_degmodglobal,16,0.0001,0.0001,0.4,1.0,0.25,0.05,lr1e-04_bs16_drop0p4_temp1p0_a0p25_b0p05__wd1e-04trmiss0_degmodglobal,16,0.6260662823915482,0.7461217045783997,0.25,0.5990851740851741,0.46153846153846156,0.0,0.5340027809143066,0.5909086316823959,0.08820634335279465,0.26212121918797493,0.0,0.0,0.0,0.0,0.0,18473,global,0.0
4,4,lr1e-04_bs16_drop0p4_temp1p0_a0p25_b0p05__wd1e-04trmiss0_degmodglobal,16,0.0001,0.0001,0.4,1.0,0.25,0.05,lr1e-04_bs16_drop0p4_temp1p0_a0p25_b0p05__wd1e-04trmiss0_degmodglobal,17,0.5914756953716278,0.7286816835403442,0.2222222222222222,0.5879740629740631,0.46153846153846156,0.0,0.5176789909601212,0.5525437742471695,0.11022689193487167,0.22750414162874222,0.0,0.0,0.0,0.0,0.0,18473,global,0.0
4,4,lr1e-04_bs16_drop0p4_temp1p0_a0p25_b0p05__wd1e-04trmiss0_degmodglobal,16,0.0001,0.0001,0.4,1.0,0.25,0.05,lr1e-04_bs16_drop0p4_temp1p0_a0p25_b0p05__wd1e-04trmiss0_degmodglobal,18,0.5959271788597107,0.7306734323501587,0.25,0.6064925814925816,0.46153846153846156,0.0,0.5352606028318405,0.557689905166626,0.10678415093570948,0.23082463070750237,0.0,0.0,0.0,0.0,0.0,18473,global,0.0
4,4,lr1e-04_bs16_drop0p4_temp1p0_a0p25_b0p05__wd1e-04trmiss0_degmodglobal,16,0.0001,0.0001,0.4,1.0,0.25,0.05,lr1e-04_bs16_drop0p4_temp1p0_a0p25_b0p05__wd1e-04trmiss0_degmodglobal,19,0.5845457315444946,0.7358851432800293,0.2777777777777778,0.6096671846671847,0.46153846153846156,0.0,0.5092946290969849,0.5463280975818634,0.09886401891708374,0.2700327858328819,0.0,0.0,0.0,0.0,0.0,18473,global,0.0
4,4,lr1e-04_bs16_drop0p4_temp1p0_a0p25_b0p05__wd1e-04trmiss0_degmodglobal,16,0.0001,0.0001,0.4,1.0,0.25,0.05,lr1e-04_bs16_drop0p4_temp1p0_a0p25_b0p05__wd1e-04trmiss0_degmodglobal,20,0.5622348189353943,0.7340412139892578,0.3055555555555556,0.6195878195878197,0.46153846153846156,0.0,0.5191995203495026,0.525239035487175,0.10570747219026089,0.21137799322605133,0.0,0.0,0.0,0.0,0.0,18473,global,0.0
4,4,lr1e-04_bs16_drop0p4_temp1p0_a0p25_b0p05__wd1e-04trmiss0_degmodglobal,16,0.0001,0.0001,0.4,1.0,0.25,0.05,lr1e-04_bs16_drop0p4_temp1p0_a0p25_b0p05__wd1e-04trmiss0_degmodglobal,21,0.5850865989923477,0.7351372241973877,0.25,0.5990851740851741,0.46153846153846156,0.0,0.5321517437696457,0.5525534451007843,0.09449136070907116,0.17820615880191326,0.0,0.0,0.0,0.0,0.0,18473,global,0.0
4,4,lr1e-04_bs16_drop0p4_temp1p0_a0p25_b0p05__wd1e-04trmiss0_degmodglobal,16,0.0001,0.0001,0.4,1.0,0.25,0.05,lr1e-04_bs16_drop0p4_temp1p0_a0p25_b0p05__wd1e-04trmiss0_degmodglobal,22,0.6302438527345657,0.7393847703933716,0.25,0.5990851740851741,0.46153846153846156,0.0,0.5289818644523621,0.5826163440942764,0.13155890442430973,0.2947554439306259,0.0,0.0,0.0,0.0,0.0,18473,global,0.0
4,4,lr1e-04_bs16_drop0p4_temp1p0_a0p25_b0p05__wd1e-04trmiss0_degmodglobal,16,0.0001,0.0001,0.4,1.0,0.25,0.05,lr1e-04_bs16_drop0p4_temp1p0_a0p25_b0p05__wd1e-04trmiss0_degmodglobal,23,0.5869960635900497,0.7434085011482239,0.3055555555555556,0.6195878195878197,0.46153846153846156,0.0,0.4977586641907692,0.5496000051498413,0.10504723712801933,0.22268498316407204,0.0,0.0,0.0,0.0,0.0,18473,global,0.0
4,4,lr1e-04_bs16_drop0p4_temp1p0_a0p25_b0p05__wd1e-04trmiss0_degmodglobal,16,0.0001,0.0001,0.4,1.0,0.25,0.05,lr1e-04_bs16_drop0p4_temp1p0_a0p25_b0p05__wd1e-04trmiss0_degmodglobal,24,0.5541997104883194,0.7483501434326172,0.2222222222222222,0.5879740629740631,0.46153846153846156,0.0,0.49942347407341003,0.5205506458878517,0.0885470062494278,0.23024623654782772,0.0,0.0,0.0,0.0,0.0,18473,global,0.0
4,4,lr1e-04_bs16_drop0p4_temp1p0_a0p25_b0p05__wd1e-04trmiss0_degmodglobal,16,0.0001,0.0001,0.4,1.0,0.25,0.05,lr1e-04_bs16_drop0p4_temp1p0_a0p25_b0p05__wd1e-04trmiss0_degmodglobal,25,0.5977759510278702,0.7503846287727356,0.25,0.6064925814925816,0.46153846153846156,0.0,0.49164438247680664,0.5580187439918518,0.09883613511919975,0.3009634166955948,0.0,0.0,0.0,0.0,0.0,18473,global,0.0
4,4,lr1e-04_bs16_drop0p4_temp1p0_a0p25_b0p05__wd1e-04trmiss0_degmodglobal,16,0.0001,0.0001,0.4,1.0,0.25,0.05,lr1e-04_bs16_drop0p4_temp1p0_a0p25_b0p05__wd1e-04trmiss0_degmodglobal,26,0.5852584838867188,0.7464540004730225,0.25,0.6064925814925816,0.46153846153846156,0.0,0.4957275539636612,0.5479066073894501,0.10323910228908062,0.2308420054614544,0.0,0.0,0.0,0.0,0.0,18473,global,0.0
4,4,lr1e-04_bs16_drop0p4_temp1p0_a0p25_b0p05__wd1e-04trmiss0_degmodglobal,16,0.0001,0.0001,0.4,1.0,0.25,0.05,lr1e-04_bs16_drop0p4_temp1p0_a0p25_b0p05__wd1e-04trmiss0_degmodglobal,27,0.5590677261352539,0.7424489855766296,0.25,0.6064925814925816,0.46153846153846156,0.0,0.49271368235349655,0.5169501826167107,0.10638204403221607,0.31044090166687965,0.0,0.0,0.0,0.0,0.0,18473,global,0.0
4,4,lr1e-04_bs16_drop0p4_temp1p0_a0p25_b0p05__wd1e-04trmiss0_degmodglobal,16,0.0001,0.0001,0.4,1.0,0.25,0.05,lr1e-04_bs16_drop0p4_temp1p0_a0p25_b0p05__wd1e-04trmiss0_degmodglobal,28,0.5364917889237404,0.7350429892539978,0.2222222222222222,0.5879740629740631,0.46153846153846156,0.0,0.5097409710288048,0.5134200975298882,0.06296094134449959,0.14662886410951614,0.0,0.0,0.0,0.0,0.0,18473,global,0.0
4,4,lr1e-04_bs16_drop0p4_temp1p0_a0p25_b0p05__wd1e-04trmiss0_degmodglobal,16,0.0001,0.0001,0.4,1.0,0.25,0.05,lr1e-04_bs16_drop0p4_temp1p0_a0p25_b0p05__wd1e-04trmiss0_degmodglobal,29,0.6179226636886597,0.7308103442192078,0.2222222222222222,0.5879740629740631,0.38461538461538464,0.0,0.5309592485427856,0.5842497199773788,0.08927164506167173,0.22710071876645088,0.0,0.0,0.0,0.0,0.0,18473,global,0.0
4,4,lr1e-04_bs16_drop0p4_temp1p0_a0p25_b0p05__wd1e-04trmiss0_degmodglobal,16,0.0001,0.0001,0.4,1.0,0.25,0.05,lr1e-04_bs16_drop0p4_temp1p0_a0p25_b0p05__wd1e-04trmiss0_degmodglobal,30,0.5492350459098816,0.7331755757331848,0.2222222222222222,0.5879740629740631,0.46153846153846156,0.0,0.4796730801463127,0.5145935565233231,0.09827645309269428,0.20144787430763245,0.0,0.0,0.0,0.0,0.0,18473,global,0.0
4,4,lr1e-04_bs16_drop0p4_temp1p0_a0p25_b0p05__wd1e-04trmiss0_degmodglobal,16,0.0001,0.0001,0.4,1.0,0.25,0.05,lr1e-04_bs16_drop0p4_temp1p0_a0p25_b0p05__wd1e-04trmiss0_degmodglobal,31,0.5738047808408737,0.7325835824012756,0.25,0.5990851740851741,0.46153846153846156,0.0,0.4764596298336983,0.5400137305259705,0.09805548004806042,0.18554387241601944,0.0,0.0,0.0,0.0,0.0,18473,global,0.0
4,4,lr1e-04_bs16_drop0p4_temp1p0_a0p25_b0p05__wd1e-04trmiss0_degmodglobal,16,0.0001,0.0001,0.4,1.0,0.25,0.05,lr1e-04_bs16_drop0p4_temp1p0_a0p25_b0p05__wd1e-04trmiss0_degmodglobal,32,0.5404001325368881,0.7351547479629517,0.25,0.5990851740851741,0.46153846153846156,0.0,0.47524798661470413,0.507784940302372,0.08981704898178577,0.20321829244494438,0.0,0.0,0.0,0.0,0.0,18473,global,0.0
4,4,lr1e-04_bs16_drop0p4_temp1p0_a0p25_b0p05__wd1e-04trmiss0_degmodglobal,16,0.0001,0.0001,0.4,1.0,0.25,0.05,lr1e-04_bs16_drop0p4_temp1p0_a0p25_b0p05__wd1e-04trmiss0_degmodglobal,33,0.5391590893268585,0.736126184463501,0.25,0.5990851740851741,0.46153846153846156,0.0,0.5048672035336494,0.5096577033400536,0.07954748719930649,0.19229048490524292,0.0,0.0,0.0,0.0,0.0,18473,global,0.0
4,4,lr1e-04_bs16_drop0p4_temp1p0_a0p25_b0p05__wd1e-04trmiss0_degmodglobal,16,0.0001,0.0001,0.4,1.0,0.25,0.05,lr1e-04_bs16_drop0p4_temp1p0_a0p25_b0p05__wd1e-04trmiss0_degmodglobal,34,0.5705730468034744,0.7385653257369995,0.25,0.5990851740851741,0.46153846153846156,0.0,0.476417601108551,0.5271476581692696,0.10903611406683922,0.32332752645015717,0.0,0.0,0.0,0.0,0.0,18473,global,0.0
4,4,lr1e-04_bs16_drop0p4_temp1p0_a0p25_b0p05__wd1e-04trmiss0_degmodglobal,16,0.0001,0.0001,0.4,1.0,0.25,0.05,lr1e-04_bs16_drop0p4_temp1p0_a0p25_b0p05__wd1e-04trmiss0_degmodglobal,35,0.553681418299675,0.7392326593399048,0.25,0.5990851740851741,0.46153846153846156,0.0,0.48534149676561356,0.5153379961848259,0.11443581432104111,0.19468905963003635,0.0,0.0,0.0,0.0,0.0,18473,global,0.0
4,4,lr1e-04_bs16_drop0p4_temp1p0_a0p25_b0p05__wd1e-04trmiss0_degmodglobal,16,0.0001,0.0001,0.4,1.0,0.25,0.05,lr1e-04_bs16_drop0p4_temp1p0_a0p25_b0p05__wd1e-04trmiss0_degmodglobal,36,0.5567901730537415,0.7448400855064392,0.25,0.5990851740851741,0.46153846153846156,0.0,0.45437727868556976,0.5181788802146912,0.10080268234014511,0.26821262389421463,0.0,0.0,0.0,0.0,0.0,18473,global,0.0
4,4,lr1e-04_bs16_drop0p4_temp1p0_a0p25_b0p05__wd1e-04trmiss0_degmodglobal,16,0.0001,0.0001,0.4,1.0,0.25,0.05,lr1e-04_bs16_drop0p4_temp1p0_a0p25_b0p05__wd1e-04trmiss0_degmodglobal,37,0.55366151034832,0.7436790466308594,0.3055555555555556,0.6195878195878197,0.46153846153846156,0.0,0.4713369905948639,0.5197259783744812,0.08884938713163137,0.2344638891518116,0.0,0.0,0.0,0.0,0.0,18473,global,0.0
4,4,lr1e-04_bs16_drop0p4_temp1p0_a0p25_b0p05__wd1e-04trmiss0_degmodglobal,16,0.0001,0.0001,0.4,1.0,0.25,0.05,lr1e-04_bs16_drop0p4_temp1p0_a0p25_b0p05__wd1e-04trmiss0_degmodglobal,38,0.5573257505893707,0.7465575337409973,0.2777777777777778,0.6096671846671847,0.46153846153846156,0.0,0.4379459470510483,0.51278917491436,0.1185682825744152,0.29789016768336296,0.0,0.0,0.0,0.0,0.0,18473,global,0.0
4,4,lr1e-04_bs16_drop0p4_temp1p0_a0p25_b0p05__wd1e-04trmiss0_degmodglobal,16,0.0001,0.0001,0.4,1.0,0.25,0.05,lr1e-04_bs16_drop0p4_temp1p0_a0p25_b0p05__wd1e-04trmiss0_degmodglobal,39,0.5748395323753357,0.7427363395690918,0.25,0.5990851740851741,0.46153846153846156,0.0,0.46790121495723724,0.534005269408226,0.109987897798419,0.26674599945545197,0.0,0.0,0.0,0.0,0.0,18473,global,0.0
4,4,lr1e-04_bs16_drop0p4_temp1p0_a0p25_b0p05__wd1e-04trmiss0_degmodglobal,16,0.0001,0.0001,0.4,1.0,0.25,0.05,lr1e-04_bs16_drop0p4_temp1p0_a0p25_b0p05__wd1e-04trmiss0_degmodglobal,40,0.5373239368200302,0.7423723936080933,0.25,0.5990851740851741,0.46153846153846156,0.0,0.4771029129624367,0.50351832062006,0.08573074918240309,0.24745818972587585,0.0,0.0,0.0,0.0,0.0,18473,global,0.0
4,4,lr1e-04_bs16_drop0p4_temp2p0_a0p25_b0p05__wd1e-04trmiss0_degmodglobal,16,0.0001,0.0001,0.4,2.0,0.25,0.05,lr1e-04_bs16_drop0p4_temp2p0_a0p25_b0p05__wd1e-04trmiss0_degmodglobal,1,0.7278590500354767,0.6871803402900696,0.4722222222222222,0.6972934472934474,0.5384615384615384,0.0,0.7099057734012604,0.6894153505563736,0.10331043973565102,0.2523214742541313,0.0,0.0,0.0,0.0,0.0,18473,global,0.0
4,4,lr1e-04_bs16_drop0p4_temp2p0_a0p25_b0p05__wd1e-04trmiss0_degmodglobal,16,0.0001,0.0001,0.4,2.0,0.25,0.05,lr1e-04_bs16_drop0p4_temp2p0_a0p25_b0p05__wd1e-04trmiss0_degmodglobal,2,0.6965409517288208,0.6790955662727356,0.4444444444444444,0.7751433751433752,0.46153846153846156,0.0,0.6845638155937195,0.6698474287986755,0.06948669534176588,0.1864374242722988,0.0,0.0,0.0,0.0,0.0,18473,global,0.0
4,4,lr1e-04_bs16_drop0p4_temp2p0_a0p25_b0p05__wd1e-04trmiss0_degmodglobal,16,0.0001,0.0001,0.4,2.0,0.25,0.05,lr1e-04_bs16_drop0p4_temp2p0_a0p25_b0p05__wd1e-04trmiss0_degmodglobal,3,0.7013319730758667,0.685060441493988,0.38888888888888884,0.7575066908400243,0.38461538461538464,0.0,0.6830283999443054,0.6754769384860992,0.07045292109251022,0.16483625024557114,0.0,0.0,0.0,0.0,0.0,18473,global,0.0
4,4,lr1e-04_bs16_drop0p4_temp2p0_a0p25_b0p05__wd1e-04trmiss0_degmodglobal,16,0.0001,0.0001,0.4,2.0,0.25,0.05,lr1e-04_bs16_drop0p4_temp2p0_a0p25_b0p05__wd1e-04trmiss0_degmodglobal,4,0.6461852192878723,0.6924340724945068,0.3333333333333333,0.7389881723215057,0.38461538461538464,0.0,0.6693069040775299,0.6286934167146683,0.047946659848093987,0.11010289378464222,0.0,0.0,0.0,0.0,0.0,18473,global,0.0
4,4,lr1e-04_bs16_drop0p4_temp2p0_a0p25_b0p05__wd1e-04trmiss0_degmodglobal,16,0.0001,0.0001,0.4,2.0,0.25,0.05,lr1e-04_bs16_drop0p4_temp2p0_a0p25_b0p05__wd1e-04trmiss0_degmodglobal,5,0.641715407371521,0.6921303272247314,0.2777777777777778,0.6945437278770612,0.46153846153846156,0.0,0.6582013815641403,0.61749666929245,0.06564618647098541,0.15614353492856026,0.0,0.0,0.0,0.0,0.0,18473,global,0.0
4,4,lr1e-04_bs16_drop0p4_temp2p0_a0p25_b0p05__wd1e-04trmiss0_degmodglobal,16,0.0001,0.0001,0.4,2.0,0.25,0.05,lr1e-04_bs16_drop0p4_temp2p0_a0p25_b0p05__wd1e-04trmiss0_degmodglobal,6,0.6650515794754028,0.6898195743560791,0.3333333333333333,0.7101962851962853,0.46153846153846156,0.0,0.6295564323663712,0.6413643062114716,0.053050571121275425,0.20849300175905228,0.0,0.0,0.0,0.0,0.0,18473,global,0.0
4,4,lr1e-04_bs16_drop0p4_temp2p0_a0p25_b0p05__wd1e-04trmiss0_degmodglobal,16,0.0001,0.0001,0.4,2.0,0.25,0.05,lr1e-04_bs16_drop0p4_temp2p0_a0p25_b0p05__wd1e-04trmiss0_degmodglobal,7,0.6328638195991516,0.6824283003807068,0.3055555555555556,0.6990851740851742,0.5384615384615384,0.0,0.6140752136707306,0.6092132478952408,0.06803053990006447,0.1328584160655737,0.0,0.0,0.0,0.0,0.0,18473,global,0.0
4,4,lr1e-04_bs16_drop0p4_temp2p0_a0p25_b0p05__wd1e-04trmiss0_degmodglobal,16,0.0001,0.0001,0.4,2.0,0.25,0.05,lr1e-04_bs16_drop0p4_temp2p0_a0p25_b0p05__wd1e-04trmiss0_degmodglobal,8,0.6025460362434387,0.6739566922187805,0.3888888888888889,0.7306989306989309,0.6153846153846154,0.0,0.6408747136592865,0.5782364904880524,0.06691950373351574,0.15159356594085693,0.0,0.0,0.0,0.0,0.0,18473,global,0.0
4,4,lr1e-04_bs16_drop0p4_temp2p0_a0p25_b0p05__wd1e-04trmiss0_degmodglobal,16,0.0001,0.0001,0.4,2.0,0.25,0.05,lr1e-04_bs16_drop0p4_temp2p0_a0p25_b0p05__wd1e-04trmiss0_degmodglobal,9,0.6379402577877045,0.669157862663269,0.3888888888888889,0.7306989306989309,0.6153846153846154,0.0,0.6240379214286804,0.6130775958299637,0.06314039882272482,0.18155129253864288,0.0,0.0,0.0,0.0,0.0,18473,global,0.0
4,4,lr1e-04_bs16_drop0p4_temp2p0_a0p25_b0p05__wd1e-04trmiss0_degmodglobal,16,0.0001,0.0001,0.4,2.0,0.25,0.05,lr1e-04_bs16_drop0p4_temp2p0_a0p25_b0p05__wd1e-04trmiss0_degmodglobal,10,0.6227684020996094,0.6706804633140564,0.3888888888888889,0.7306989306989309,0.6153846153846154,0.0,0.6218599230051041,0.5951379984617233,0.07003969326615334,0.20240981131792068,0.0,0.0,0.0,0.0,0.0,18473,global,0.0
4,4,lr1e-04_bs16_drop0p4_temp2p0_a0p25_b0p05__wd1e-04trmiss0_degmodglobal,16,0.0001,0.0001,0.4,2.0,0.25,0.05,lr1e-04_bs16_drop0p4_temp2p0_a0p25_b0p05__wd1e-04trmiss0_degmodglobal,11,0.6172397434711456,0.6722503900527954,0.3888888888888889,0.7306989306989309,0.6153846153846154,0.0,0.604959636926651,0.5926287621259689,0.0676953624933958,0.15374261047691107,0.0,0.0,0.0,0.0,0.0,18473,global,0.0
4,4,lr1e-04_bs16_drop0p4_temp2p0_a0p25_b0p05__wd1e-04trmiss0_degmodglobal,16,0.0001,0.0001,0.4,2.0,0.25,0.05,lr1e-04_bs16_drop0p4_temp2p0_a0p25_b0p05__wd1e-04trmiss0_degmodglobal,12,0.5768091529607773,0.67149817943573,0.3888888888888889,0.7306989306989309,0.6153846153846154,0.0,0.6029374152421951,0.5520060211420059,0.06617075391113758,0.16520877182483673,0.0,0.0,0.0,0.0,0.0,18473,global,0.0
4,4,lr1e-04_bs16_drop0p4_temp2p0_a0p25_b0p05__wd1e-04trmiss0_degmodglobal,16,0.0001,0.0001,0.4,2.0,0.25,0.05,lr1e-04_bs16_drop0p4_temp2p0_a0p25_b0p05__wd1e-04trmiss0_degmodglobal,13,0.5769783705472946,0.6774088144302368,0.3888888888888889,0.7306989306989309,0.5384615384615384,0.0,0.603833794593811,0.5530632436275482,0.06121744681149721,0.17221520841121674,0.0,0.0,0.0,0.0,0.0,18473,global,0.0
4,4,lr1e-04_bs16_drop0p4_temp2p0_a0p25_b0p05__wd1e-04trmiss0_degmodglobal,16,0.0001,0.0001,0.4,2.0,0.25,0.05,lr1e-04_bs16_drop0p4_temp2p0_a0p25_b0p05__wd1e-04trmiss0_degmodglobal,14,0.5683078914880753,0.6764845848083496,0.3888888888888889,0.7103285603285603,0.5384615384615384,0.0,0.607841819524765,0.5437832772731781,0.06561753526329994,0.16240469180047512,0.0,0.0,0.0,0.0,0.0,18473,global,0.0
4,4,lr1e-04_bs16_drop0p4_temp2p0_a0p25_b0p05__wd1e-04trmiss0_degmodglobal,16,0.0001,0.0001,0.4,2.0,0.25,0.05,lr1e-04_bs16_drop0p4_temp2p0_a0p25_b0p05__wd1e-04trmiss0_degmodglobal,15,0.5883540213108063,0.6748349070549011,0.4444444444444444,0.7547730047730048,0.5384615384615384,0.0,0.6128647178411484,0.5607623159885406,0.07286106422543526,0.1875287890434265,0.0,0.0,0.0,0.0,0.0,18473,global,0.0
4,4,lr1e-04_bs16_drop0p4_temp2p0_a0p25_b0p05__wd1e-04trmiss0_degmodglobal,16,0.0001,0.0001,0.4,2.0,0.25,0.05,lr1e-04_bs16_drop0p4_temp2p0_a0p25_b0p05__wd1e-04trmiss0_degmodglobal,16,0.5852188318967819,0.6788690686225891,0.41666666666666663,0.7473655973655975,0.46153846153846156,0.0,0.6020413488149643,0.5626445710659027,0.06495013181120157,0.12673430144786835,0.0,0.0,0.0,0.0,0.0,18473,global,0.0
4,4,lr1e-04_bs16_drop0p4_temp2p0_a0p25_b0p05__wd1e-04trmiss0_degmodglobal,16,0.0001,0.0001,0.4,2.0,0.25,0.05,lr1e-04_bs16_drop0p4_temp2p0_a0p25_b0p05__wd1e-04trmiss0_degmodglobal,17,0.5924198925495148,0.6841959953308105,0.3888888888888889,0.7306989306989309,0.46153846153846156,0.0,0.6202943474054337,0.5661422461271286,0.06945688743144274,0.17826859652996063,0.0,0.0,0.0,0.0,0.0,18473,global,0.0
4,4,lr1e-04_bs16_drop0p4_temp2p0_a0p25_b0p05__wd1e-04trmiss0_degmodglobal,16,0.0001,0.0001,0.4,2.0,0.25,0.05,lr1e-04_bs16_drop0p4_temp2p0_a0p25_b0p05__wd1e-04trmiss0_degmodglobal,18,0.6002330034971237,0.6812368631362915,0.41666666666666663,0.7473655973655975,0.46153846153846156,0.0,0.6140304580330849,0.5707647949457169,0.07423325628042221,0.21819793060421944,0.0,0.0,0.0,0.0,0.0,18473,global,0.0
4,4,lr1e-04_bs16_drop0p4_temp2p0_a0p25_b0p05__wd1e-04trmiss0_degmodglobal,16,0.0001,0.0001,0.4,2.0,0.25,0.05,lr1e-04_bs16_drop0p4_temp2p0_a0p25_b0p05__wd1e-04trmiss0_degmodglobal,19,0.5633902102708817,0.6790013909339905,0.41666666666666663,0.7473655973655975,0.46153846153846156,0.0,0.5933821797370911,0.5352561697363853,0.08149486593902111,0.15520662814378738,0.0,0.0,0.0,0.0,0.0,18473,global,0.0
4,4,lr1e-04_bs16_drop0p4_temp2p0_a0p25_b0p05__wd1e-04trmiss0_degmodglobal,16,0.0001,0.0001,0.4,2.0,0.25,0.05,lr1e-04_bs16_drop0p4_temp2p0_a0p25_b0p05__wd1e-04trmiss0_degmodglobal,20,0.5715293884277344,0.6772528886795044,0.41666666666666663,0.7473655973655975,0.46153846153846156,0.0,0.5900467783212662,0.5408056974411011,0.07697925250977278,0.22957750782370567,0.0,0.0,0.0,0.0,0.0,18473,global,0.0
4,4,lr1e-04_bs16_drop0p4_temp2p0_a0p25_b0p05__wd1e-04trmiss0_degmodglobal,16,0.0001,0.0001,0.4,2.0,0.25,0.05,lr1e-04_bs16_drop0p4_temp2p0_a0p25_b0p05__wd1e-04trmiss0_degmodglobal,21,0.5687941163778305,0.6814601421356201,0.3888888888888889,0.7306989306989309,0.46153846153846156,0.0,0.5843090415000916,0.5440919548273087,0.07460171729326248,0.12103467248380184,0.0,0.0,0.0,0.0,0.0,18473,global,0.0
4,4,lr1e-04_bs16_drop0p4_temp2p0_a0p25_b0p05__wd1e-04trmiss0_degmodglobal,16,0.0001,0.0001,0.4,2.0,0.25,0.05,lr1e-04_bs16_drop0p4_temp2p0_a0p25_b0p05__wd1e-04trmiss0_degmodglobal,22,0.5509268194437027,0.6800298690795898,0.4722222222222222,0.7640322640322641,0.5384615384615384,0.0,0.5643701255321503,0.5196289271116257,0.09101419243961573,0.1708870232105255,0.0,0.0,0.0,0.0,0.0,18473,global,0.0
4,4,lr1e-04_bs16_drop0p4_temp2p0_a0p25_b0p05__wd1e-04trmiss0_degmodglobal,16,0.0001,0.0001,0.4,2.0,0.25,0.05,lr1e-04_bs16_drop0p4_temp2p0_a0p25_b0p05__wd1e-04trmiss0_degmodglobal,23,0.5600470751523972,0.6779706478118896,0.5,0.791810041810042,0.5384615384615384,0.0,0.5676348805427551,0.5313354805111885,0.07686875574290752,0.18988804519176483,0.0,0.0,0.0,0.0,0.0,18473,global,0.0
4,4,lr1e-04_bs16_drop0p4_temp2p0_a0p25_b0p05__wd1e-04trmiss0_degmodglobal,16,0.0001,0.0001,0.4,2.0,0.25,0.05,lr1e-04_bs16_drop0p4_temp2p0_a0p25_b0p05__wd1e-04trmiss0_degmodglobal,24,0.552665188908577,0.6747745871543884,0.4722222222222222,0.7825507825507827,0.5384615384615384,0.0,0.5605306774377823,0.5274343490600586,0.0730980895459652,0.13912669010460377,0.0,0.0,0.0,0.0,0.0,18473,global,0.0
4,4,lr1e-04_bs16_drop0p4_temp2p0_a0p25_b0p05__wd1e-04trmiss0_degmodglobal,16,0.0001,0.0001,0.4,2.0,0.25,0.05,lr1e-04_bs16_drop0p4_temp2p0_a0p25_b0p05__wd1e-04trmiss0_degmodglobal,25,0.6032231450080872,0.6805506944656372,0.5,0.791810041810042,0.5384615384615384,0.0,0.5723765641450882,0.5731380879878998,0.08952644653618336,0.1540688406676054,0.0,0.0,0.0,0.0,0.0,18473,global,0.0
4,4,lr1e-04_bs16_drop0p4_temp2p0_a0p25_b0p05__wd1e-04trmiss0_degmodglobal,16,0.0001,0.0001,0.4,2.0,0.25,0.05,lr1e-04_bs16_drop0p4_temp2p0_a0p25_b0p05__wd1e-04trmiss0_degmodglobal,26,0.5604874342679977,0.6801228523254395,0.4722222222222222,0.7825507825507827,0.5384615384615384,0.0,0.5724933221936226,0.5205318331718445,0.10576686821877956,0.27027761191129684,0.0,0.0,0.0,0.0,0.0,18473,global,0.0
4,4,lr1e-04_bs16_drop0p4_temp2p0_a0p25_b0p05__wd1e-04trmiss0_degmodglobal,16,0.0001,0.0001,0.4,2.0,0.25,0.05,lr1e-04_bs16_drop0p4_temp2p0_a0p25_b0p05__wd1e-04trmiss0_degmodglobal,27,0.5544749051332474,0.67755126953125,0.5,0.791810041810042,0.5384615384615384,0.0,0.5684685260057449,0.5212620347738266,0.0895387101918459,0.21656391769647598,0.0,0.0,0.0,0.0,0.0,18473,global,0.0
4,4,lr1e-04_bs16_drop0p4_temp2p0_a0p25_b0p05__wd1e-04trmiss0_degmodglobal,16,0.0001,0.0001,0.4,2.0,0.25,0.05,lr1e-04_bs16_drop0p4_temp2p0_a0p25_b0p05__wd1e-04trmiss0_degmodglobal,28,0.5334656983613968,0.6759857535362244,0.5,0.791810041810042,0.5384615384615384,0.0,0.5763296782970428,0.5069044902920723,0.07356264907866716,0.16341108083724976,0.0,0.0,0.0,0.0,0.0,18473,global,0.0
4,4,lr1e-04_bs16_drop0p4_temp2p0_a0p25_b0p05__wd1e-04trmiss0_degmodglobal,16,0.0001,0.0001,0.4,2.0,0.25,0.05,lr1e-04_bs16_drop0p4_temp2p0_a0p25_b0p05__wd1e-04trmiss0_degmodglobal,29,0.5360024273395538,0.6687989830970764,0.4722222222222222,0.7640322640322641,0.6153846153846154,0.0,0.5351436883211136,0.506326213479042,0.08645396120846272,0.1612548241391778,0.0,0.0,0.0,0.0,0.0,18473,global,0.0
4,4,lr1e-04_bs16_drop0p4_temp2p0_a0p25_b0p05__wd1e-04trmiss0_degmodglobal,16,0.0001,0.0001,0.4,2.0,0.25,0.05,lr1e-04_bs16_drop0p4_temp2p0_a0p25_b0p05__wd1e-04trmiss0_degmodglobal,30,0.6001472696661949,0.679531991481781,0.4444444444444444,0.7751433751433752,0.6153846153846154,0.0,0.5766036510467529,0.573787122964859,0.07122097164392471,0.17109836917370558,0.0,0.0,0.0,0.0,0.0,18473,global,0.0
4,4,lr1e-04_bs16_drop0p4_temp2p0_a0p25_b0p05__wd1e-04trmiss0_degmodglobal,16,0.0001,0.0001,0.4,2.0,0.25,0.05,lr1e-04_bs16_drop0p4_temp2p0_a0p25_b0p05__wd1e-04trmiss0_degmodglobal,31,0.5190564841032028,0.6845566034317017,0.3888888888888889,0.7103285603285603,0.6153846153846154,0.0,0.5786842405796051,0.49362417310476303,0.07126891985535622,0.1523016020655632,0.0,0.0,0.0,0.0,0.0,18473,global,0.0
4,4,lr1e-04_bs16_drop0p4_temp2p0_a0p25_b0p05__wd1e-04trmiss0_degmodglobal,16,0.0001,0.0001,0.4,2.0,0.25,0.05,lr1e-04_bs16_drop0p4_temp2p0_a0p25_b0p05__wd1e-04trmiss0_degmodglobal,32,0.5412133485078812,0.6859001517295837,0.3611111111111111,0.7004079254079254,0.6153846153846154,0.0,0.5218721181154251,0.5137364715337753,0.07594826817512512,0.16979607939720154,0.0,0.0,0.0,0.0,0.0,18473,global,0.0
4,4,lr1e-04_bs16_drop0p4_temp2p0_a0p25_b0p05__wd1e-04trmiss0_degmodglobal,16,0.0001,0.0001,0.4,2.0,0.25,0.05,lr1e-04_bs16_drop0p4_temp2p0_a0p25_b0p05__wd1e-04trmiss0_degmodglobal,33,0.5476464778184891,0.6863046288490295,0.3333333333333333,0.6898259148259149,0.5384615384615384,0.0,0.5504274964332581,0.5196588560938835,0.07377630192786455,0.19087102636694908,0.0,0.0,0.0,0.0,0.0,18473,global,0.0
4,4,lr1e-04_bs16_drop0p4_temp2p0_a0p25_b0p05__wd1e-04trmiss0_degmodglobal,16,0.0001,0.0001,0.4,2.0,0.25,0.05,lr1e-04_bs16_drop0p4_temp2p0_a0p25_b0p05__wd1e-04trmiss0_degmodglobal,34,0.5395454689860344,0.6846605539321899,0.38888888888888884,0.7374449624449626,0.5384615384615384,0.0,0.5602819174528122,0.5074781849980354,0.07899404410272837,0.24637558311223984,0.0,0.0,0.0,0.0,0.0,18473,global,0.0
4,4,lr1e-04_bs16_drop0p4_temp2p0_a0p25_b0p05__wd1e-04trmiss0_degmodglobal,16,0.0001,0.0001,0.4,2.0,0.25,0.05,lr1e-04_bs16_drop0p4_temp2p0_a0p25_b0p05__wd1e-04trmiss0_degmodglobal,35,0.5520650744438171,0.6791549324989319,0.4722222222222222,0.7825507825507827,0.6153846153846154,0.0,0.6057071834802628,0.5181660130620003,0.09521904215216637,0.20188555493950844,0.0,0.0,0.0,0.0,0.0,18473,global,0.0
4,4,lr1e-04_bs16_drop0p4_temp2p0_a0p25_b0p05__wd1e-04trmiss0_degmodglobal,16,0.0001,0.0001,0.4,2.0,0.25,0.05,lr1e-04_bs16_drop0p4_temp2p0_a0p25_b0p05__wd1e-04trmiss0_degmodglobal,36,0.5797881036996841,0.6776792407035828,0.5,0.791810041810042,0.46153846153846156,0.0,0.5162567421793938,0.5512658804655075,0.07721928041428328,0.18434851616621017,0.0,0.0,0.0,0.0,0.0,18473,global,0.0
4,4,lr1e-04_bs16_drop0p4_temp2p0_a0p25_b0p05__wd1e-04trmiss0_degmodglobal,16,0.0001,0.0001,0.4,2.0,0.25,0.05,lr1e-04_bs16_drop0p4_temp2p0_a0p25_b0p05__wd1e-04trmiss0_degmodglobal,37,0.508335754275322,0.6712889075279236,0.4722222222222222,0.7640322640322641,0.6153846153846154,0.0,0.5284527763724327,0.4789736494421959,0.08153652679175138,0.17955939285457134,0.0,0.0,0.0,0.0,0.0,18473,global,0.0
4,4,lr1e-04_bs16_drop0p4_temp2p0_a0p25_b0p05__wd1e-04trmiss0_degmodglobal,16,0.0001,0.0001,0.4,2.0,0.25,0.05,lr1e-04_bs16_drop0p4_temp2p0_a0p25_b0p05__wd1e-04trmiss0_degmodglobal,38,0.529589481651783,0.6715465784072876,0.4722222222222222,0.7640322640322641,0.5384615384615384,0.0,0.5401335805654526,0.49611634761095047,0.09228785522282124,0.20802393928170204,0.0,0.0,0.0,0.0,0.0,18473,global,0.0
4,4,lr1e-04_bs16_drop0p4_temp2p0_a0p25_b0p05__wd1e-04trmiss0_degmodglobal,16,0.0001,0.0001,0.4,2.0,0.25,0.05,lr1e-04_bs16_drop0p4_temp2p0_a0p25_b0p05__wd1e-04trmiss0_degmodglobal,39,0.5947719365358353,0.6767072677612305,0.4722222222222222,0.7640322640322641,0.46153846153846156,0.0,0.5530597940087318,0.5658663660287857,0.08770248480141163,0.13959908485412598,0.0,0.0,0.0,0.0,0.0,18473,global,0.0
4,4,lr1e-04_bs16_drop0p4_temp2p0_a0p25_b0p05__wd1e-04trmiss0_degmodglobal,16,0.0001,0.0001,0.4,2.0,0.25,0.05,lr1e-04_bs16_drop0p4_temp2p0_a0p25_b0p05__wd1e-04trmiss0_degmodglobal,40,0.5877987593412399,0.6810625195503235,0.4166666666666667,0.7381063381063382,0.46153846153846156,0.0,0.5502542331814766,0.559580534696579,0.08289323188364506,0.14989818446338177,0.0,0.0,0.0,0.0,0.0,18473,global,0.0
4,4,lr1e-04_bs16_drop0p4_temp2p0_a0p25_b0p05__wd1e-04trmiss0_degmodglobal,16,0.0001,0.0001,0.4,2.0,0.25,0.05,lr1e-04_bs16_drop0p4_temp2p0_a0p25_b0p05__wd1e-04trmiss0_degmodglobal,41,0.5170538946986198,0.6774751543998718,0.4444444444444444,0.7473655973655975,0.46153846153846156,0.0,0.558801144361496,0.4865129142999649,0.08675001841038465,0.17706969194114208,0.0,0.0,0.0,0.0,0.0,18473,global,0.0
4,4,lr1e-04_bs16_drop0p4_temp2p0_a0p25_b0p05__wd1e-04trmiss0_degmodglobal,16,0.0001,0.0001,0.4,2.0,0.25,0.05,lr1e-04_bs16_drop0p4_temp2p0_a0p25_b0p05__wd1e-04trmiss0_degmodglobal,42,0.5618505254387856,0.6722202301025391,0.5,0.7788470788470789,0.46153846153846156,0.0,0.5409555435180664,0.5271690636873245,0.09533179271966219,0.21697008423507214,0.0,0.0,0.0,0.0,0.0,18473,global,0.0
4,4,lr1e-04_bs16_drop0p4_temp2p0_a0p25_b0p05__wd1e-04trmiss0_degmodglobal,16,0.0001,0.0001,0.4,2.0,0.25,0.05,lr1e-04_bs16_drop0p4_temp2p0_a0p25_b0p05__wd1e-04trmiss0_degmodglobal,43,0.553770512342453,0.6755421757698059,0.4722222222222222,0.7640322640322641,0.46153846153846156,0.0,0.5475457534193993,0.5198468565940857,0.09585633687674999,0.19919109717011452,0.0,0.0,0.0,0.0,0.0,18473,global,0.0
4,4,lr1e-04_bs16_drop0p4_temp2p0_a0p25_b0p05__wd1e-04trmiss0_degmodglobal,16,0.0001,0.0001,0.4,2.0,0.25,0.05,lr1e-04_bs16_drop0p4_temp2p0_a0p25_b0p05__wd1e-04trmiss0_degmodglobal,44,0.538150429725647,0.6710072755813599,0.4722222222222222,0.7640322640322641,0.5384615384615384,0.0,0.5517631769180298,0.5086628049612045,0.08638327196240425,0.1578359156847,0.0,0.0,0.0,0.0,0.0,18473,global,0.0
4,4,lr1e-04_bs16_drop0p4_temp2p0_a0p25_b0p05__wd1e-04trmiss0_degmodglobal,16,0.0001,0.0001,0.4,2.0,0.25,0.05,lr1e-04_bs16_drop0p4_temp2p0_a0p25_b0p05__wd1e-04trmiss0_degmodglobal,45,0.5255098789930344,0.6739835739135742,0.4722222222222222,0.7640322640322641,0.46153846153846156,0.0,0.5169452801346779,0.5038398802280426,0.06209172308444977,0.12294116616249084,0.0,0.0,0.0,0.0,0.0,18473,global,0.0
4,4,lr1e-04_bs16_drop0p4_temp2p0_a0p25_b0p05__wd1e-04trmiss0_degmodglobal,16,0.0001,0.0001,0.4,2.0,0.25,0.05,lr1e-04_bs16_drop0p4_temp2p0_a0p25_b0p05__wd1e-04trmiss0_degmodglobal,46,0.5104353651404381,0.6773620247840881,0.5,0.791810041810042,0.46153846153846156,0.0,0.5395746976137161,0.4832567572593689,0.07796831242740154,0.15373102575540543,0.0,0.0,0.0,0.0,0.0,18473,global,0.0
4,4,lr1e-04_bs16_drop0p4_temp2p0_a0p25_b0p05__wd1e-04trmiss0_degmodglobal,16,0.0001,0.0001,0.4,2.0,0.25,0.05,lr1e-04_bs16_drop0p4_temp2p0_a0p25_b0p05__wd1e-04trmiss0_degmodglobal,47,0.5340709686279297,0.6762843728065491,0.5,0.791810041810042,0.46153846153846156,0.0,0.5005962923169136,0.5025680065155029,0.08343716524541378,0.21287361532449722,0.0,0.0,0.0,0.0,0.0,18473,global,0.0
4,4,lr1e-04_bs16_drop0p4_temp2p0_a0p25_b0p05__wd1e-04trmiss0_degmodglobal,16,0.0001,0.0001,0.4,2.0,0.25,0.05,lr1e-04_bs16_drop0p4_temp2p0_a0p25_b0p05__wd1e-04trmiss0_degmodglobal,48,0.5159037336707115,0.6774975061416626,0.4444444444444444,0.7726301476301476,0.5384615384615384,0.0,0.48928261548280716,0.48205307871103287,0.0951809212565422,0.20110845565795898,0.0,0.0,0.0,0.0,0.0,18473,global,0.0
4,4,lr1e-04_bs16_drop0p4_temp2p0_a0p25_b0p05__wd1e-04trmiss0_degmodglobal,16,0.0001,0.0001,0.4,2.0,0.25,0.05,lr1e-04_bs16_drop0p4_temp2p0_a0p25_b0p05__wd1e-04trmiss0_degmodglobal,49,0.5282940715551376,0.6797463893890381,0.41666666666666663,0.7448523698523699,0.5384615384615384,0.0,0.4994187653064728,0.4955192059278488,0.09868172649294138,0.16208853386342525,0.0,0.0,0.0,0.0,0.0,18473,global,0.0
4,4,lr1e-04_bs16_drop0p4_temp2p0_a0p25_b0p05__wd1e-04trmiss0_degmodglobal,16,0.0001,0.0001,0.4,2.0,0.25,0.05,lr1e-04_bs16_drop0p4_temp2p0_a0p25_b0p05__wd1e-04trmiss0_degmodglobal,50,0.5171527564525604,0.6810973286628723,0.4444444444444444,0.7726301476301476,0.46153846153846156,0.0,0.5127454698085785,0.48095669597387314,0.10793903470039368,0.18422575667500496,0.0,0.0,0.0,0.0,0.0,18473,global,0.0
4,4,lr1e-04_bs16_drop0p4_temp2p0_a0p25_b0p05__wd1e-04trmiss0_degmodglobal,16,0.0001,0.0001,0.4,2.0,0.25,0.05,lr1e-04_bs16_drop0p4_temp2p0_a0p25_b0p05__wd1e-04trmiss0_degmodglobal,51,0.5299907848238945,0.6808782815933228,0.4444444444444444,0.7726301476301476,0.5384615384615384,0.0,0.5195534825325012,0.503019168972969,0.07896220684051514,0.14462130703032017,0.0,0.0,0.0,0.0,0.0,18473,global,0.0
4,4,lr1e-04_bs16_drop0p4_temp2p0_a0p25_b0p05__wd1e-04trmiss0_degmodglobal,16,0.0001,0.0001,0.4,2.0,0.25,0.05,lr1e-04_bs16_drop0p4_temp2p0_a0p25_b0p05__wd1e-04trmiss0_degmodglobal,52,0.524100162088871,0.6800844669342041,0.4444444444444444,0.7726301476301476,0.5384615384615384,0.0,0.47230110317468643,0.49231816828250885,0.08891702815890312,0.1910550221800804,0.0,0.0,0.0,0.0,0.0,18473,global,0.0
4,4,lr1e-04_bs16_drop0p4_temp2p0_a0p25_b0p05__wd1e-04trmiss0_degmodglobal,16,0.0001,0.0001,0.4,2.0,0.25,0.05,lr1e-04_bs16_drop0p4_temp2p0_a0p25_b0p05__wd1e-04trmiss0_degmodglobal,53,0.5509092807769775,0.6828590035438538,0.4444444444444444,0.7726301476301476,0.5384615384615384,0.0,0.504516713321209,0.5176767110824585,0.10150453634560108,0.15712831355631351,0.0,0.0,0.0,0.0,0.0,18473,global,0.0
4,4,lr1e-04_bs16_drop0p4_temp2p0_a0p25_b0p05__wd1e-04trmiss0_degmodglobal,16,0.0001,0.0001,0.4,2.0,0.25,0.05,lr1e-04_bs16_drop0p4_temp2p0_a0p25_b0p05__wd1e-04trmiss0_degmodglobal,54,0.5552162230014801,0.6773684620857239,0.4444444444444444,0.7547730047730048,0.5384615384615384,0.0,0.5073115900158882,0.5215811878442764,0.0851935800164938,0.24673210084438324,0.0,0.0,0.0,0.0,0.0,18473,global,0.0
4,4,lr1e-04_bs16_drop0p4_temp2p0_a0p25_b0p05__wd1e-04trmiss0_degmodglobal,16,0.0001,0.0001,0.4,2.0,0.25,0.05,lr1e-04_bs16_drop0p4_temp2p0_a0p25_b0p05__wd1e-04trmiss0_degmodglobal,55,0.5287845879793167,0.6758949160575867,0.4722222222222222,0.7825507825507827,0.5384615384615384,0.0,0.4835818484425545,0.4906926304101944,0.09908534027636051,0.2664123848080635,0.0,0.0,0.0,0.0,0.0,18473,global,0.0
4,4,lr1e-04_bs16_drop0p4_temp2p0_a0p25_b0p05__wd1e-04trmiss0_degmodglobal,16,0.0001,0.0001,0.4,2.0,0.25,0.05,lr1e-04_bs16_drop0p4_temp2p0_a0p25_b0p05__wd1e-04trmiss0_degmodglobal,56,0.5403763502836227,0.6728218197822571,0.4444444444444444,0.7547730047730048,0.5384615384615384,0.0,0.5098789036273956,0.5134071558713913,0.08127893507480621,0.1329891076311469,0.0,0.0,0.0,0.0,0.0,18473,global,0.0
4,4,lr1e-04_bs16_drop0p4_temp2p0_a0p25_b0p05__wd1e-04trmiss0_degmodglobal,16,0.0001,0.0001,0.4,2.0,0.25,0.05,lr1e-04_bs16_drop0p4_temp2p0_a0p25_b0p05__wd1e-04trmiss0_degmodglobal,57,0.5630627572536469,0.6770364046096802,0.4444444444444444,0.7547730047730048,0.5384615384615384,0.0,0.5386329293251038,0.5290979743003845,0.10190418735146523,0.1697746105492115,0.0,0.0,0.0,0.0,0.0,18473,global,0.0
4,4,lr1e-04_bs16_drop0p4_temp2p0_a0p25_b0p05__wd1e-04trmiss0_degmodglobal,16,0.0001,0.0001,0.4,2.0,0.25,0.05,lr1e-04_bs16_drop0p4_temp2p0_a0p25_b0p05__wd1e-04trmiss0_degmodglobal,58,0.5140266269445419,0.6760940551757812,0.4444444444444444,0.7547730047730048,0.5384615384615384,0.0,0.493953600525856,0.4842187836766243,0.08925589174032211,0.14987747557461262,0.0,0.0,0.0,0.0,0.0,18473,global,0.0
4,4,lr1e-04_bs16_drop0p4_temp2p0_a0p25_b0p05__wd1e-04trmiss0_degmodglobal,16,0.0001,0.0001,0.4,2.0,0.25,0.05,lr1e-04_bs16_drop0p4_temp2p0_a0p25_b0p05__wd1e-04trmiss0_degmodglobal,59,0.5330051630735397,0.6753494739532471,0.4444444444444444,0.7547730047730048,0.5384615384615384,0.0,0.4894992709159851,0.4992390349507332,0.09852440096437931,0.18270079419016838,0.0,0.0,0.0,0.0,0.0,18473,global,0.0
4,4,lr1e-04_bs16_drop0p4_temp2p0_a0p25_b0p05__wd1e-04trmiss0_degmodglobal,16,0.0001,0.0001,0.4,2.0,0.25,0.05,lr1e-04_bs16_drop0p4_temp2p0_a0p25_b0p05__wd1e-04trmiss0_degmodglobal,60,0.5334721580147743,0.6770022511482239,0.4722222222222222,0.7825507825507827,0.5384615384615384,0.0,0.4940270259976387,0.49870050698518753,0.09937809780240059,0.19854268617928028,0.0,0.0,0.0,0.0,0.0,18473,global,0.0
4,4,lr1e-04_bs16_drop0p4_temp2p0_a0p25_b0p05__wd1e-04trmiss0_degmodglobal,16,0.0001,0.0001,0.4,2.0,0.25,0.05,lr1e-04_bs16_drop0p4_temp2p0_a0p25_b0p05__wd1e-04trmiss0_degmodglobal,61,0.5114270821213722,0.676284909248352,0.4166666666666667,0.7381063381063382,0.5384615384615384,0.0,0.4938763901591301,0.47898196429014206,0.08787399716675282,0.20953256264328957,0.0,0.0,0.0,0.0,0.0,18473,global,0.0
4,4,lr1e-04_bs16_drop0p4_temp2p0_a0p25_b0p05__wd1e-04trmiss0_degmodglobal,16,0.0001,0.0001,0.4,2.0,0.25,0.05,lr1e-04_bs16_drop0p4_temp2p0_a0p25_b0p05__wd1e-04trmiss0_degmodglobal,62,0.5537984520196915,0.6757078170776367,0.4166666666666667,0.7381063381063382,0.5384615384615384,0.0,0.48049670457839966,0.5153173059225082,0.10912621580064297,0.22399193793535233,0.0,0.0,0.0,0.0,0.0,18473,global,0.0
4,4,lr5e-05_bs16_drop0p2_temp1p0_a0p25_b0p05__wd1e-04trmiss0_degmodglobal,16,5e-05,0.0001,0.2,1.0,0.25,0.05,lr5e-05_bs16_drop0p2_temp1p0_a0p25_b0p05__wd1e-04trmiss0_degmodglobal,1,0.7801816761493683,0.7238156795501709,0.4444444444444445,0.6840659340659342,0.3076923076923077,0.0,0.6986880749464035,0.75080606341362,0.07782804779708385,0.19837220758199692,0.0,0.0,0.0,0.0,0.0,18473,global,0.0
4,4,lr5e-05_bs16_drop0p2_temp1p0_a0p25_b0p05__wd1e-04trmiss0_degmodglobal,16,5e-05,0.0001,0.2,1.0,0.25,0.05,lr5e-05_bs16_drop0p2_temp1p0_a0p25_b0p05__wd1e-04trmiss0_degmodglobal,2,0.7972964644432068,0.7304731607437134,0.36111111111111105,0.6972333222333222,0.38461538461538464,0.0,0.6678109765052795,0.7572944611310959,0.11034039035439491,0.24833836778998375,0.0,0.0,0.0,0.0,0.0,18473,global,0.0
4,4,lr5e-05_bs16_drop0p2_temp1p0_a0p25_b0p05__wd1e-04trmiss0_degmodglobal,16,5e-05,0.0001,0.2,1.0,0.25,0.05,lr5e-05_bs16_drop0p2_temp1p0_a0p25_b0p05__wd1e-04trmiss0_degmodglobal,3,0.7090063542127609,0.7367847561836243,0.25,0.6064925814925816,0.38461538461538464,0.0,0.6529292017221451,0.6815776973962784,0.07470735628157854,0.17503643222153187,0.0,0.0,0.0,0.0,0.0,18473,global,0.0
4,4,lr5e-05_bs16_drop0p2_temp1p0_a0p25_b0p05__wd1e-04trmiss0_degmodglobal,16,5e-05,0.0001,0.2,1.0,0.25,0.05,lr5e-05_bs16_drop0p2_temp1p0_a0p25_b0p05__wd1e-04trmiss0_degmodglobal,4,0.7271523922681808,0.743478536605835,0.2222222222222222,0.5879740629740631,0.23076923076923078,0.0,0.6250898241996765,0.6977562606334686,0.07884243503212929,0.19371051713824272,0.0,0.0,0.0,0.0,0.0,18473,global,0.0
4,4,lr5e-05_bs16_drop0p2_temp1p0_a0p25_b0p05__wd1e-04trmiss0_degmodglobal,16,5e-05,0.0001,0.2,1.0,0.25,0.05,lr5e-05_bs16_drop0p2_temp1p0_a0p25_b0p05__wd1e-04trmiss0_degmodglobal,5,0.7358544617891312,0.7510321140289307,0.19444444444444445,0.5694555444555445,0.23076923076923078,0.0,0.6070157885551453,0.6967536062002182,0.10614334233105183,0.2513003945350647,0.0,0.0,0.0,0.0,0.0,18473,global,0.0
4,4,lr5e-05_bs16_drop0p2_temp1p0_a0p25_b0p05__wd1e-04trmiss0_degmodglobal,16,5e-05,0.0001,0.2,1.0,0.25,0.05,lr5e-05_bs16_drop0p2_temp1p0_a0p25_b0p05__wd1e-04trmiss0_degmodglobal,6,0.7025530189275742,0.7569851875305176,0.19444444444444445,0.5694555444555445,0.3076923076923077,0.0,0.6071335971355438,0.6605031490325928,0.11030467227101326,0.2894742116332054,0.0,0.0,0.0,0.0,0.0,18473,global,0.0
4,4,lr5e-05_bs16_drop0p2_temp1p0_a0p25_b0p05__wd1e-04trmiss0_degmodglobal,16,5e-05,0.0001,0.2,1.0,0.25,0.05,lr5e-05_bs16_drop0p2_temp1p0_a0p25_b0p05__wd1e-04trmiss0_degmodglobal,7,0.7045118361711502,0.7581843733787537,0.19444444444444445,0.5694555444555445,0.3076923076923077,0.0,0.5998394340276718,0.6684269160032272,0.09596619568765163,0.24186725541949272,0.0,0.0,0.0,0.0,0.0,18473,global,0.0
4,4,lr5e-05_bs16_drop0p2_temp1p0_a0p25_b0p05__wd1e-04trmiss0_degmodglobal,16,5e-05,0.0001,0.2,1.0,0.25,0.05,lr5e-05_bs16_drop0p2_temp1p0_a0p25_b0p05__wd1e-04trmiss0_degmodglobal,8,0.7148517072200775,0.7558193206787109,0.2222222222222222,0.5805666555666555,0.3076923076923077,0.0,0.5815665870904922,0.6742955595254898,0.10922793671488762,0.2649836838245392,0.0,0.0,0.0,0.0,0.0,18473,global,0.0
4,4,lr5e-05_bs16_drop0p2_temp1p0_a0p25_b0p05__wd1e-04trmiss0_degmodglobal,16,5e-05,0.0001,0.2,1.0,0.25,0.05,lr5e-05_bs16_drop0p2_temp1p0_a0p25_b0p05__wd1e-04trmiss0_degmodglobal,9,0.667233020067215,0.7585882544517517,0.19444444444444442,0.5728506061839396,0.3076923076923077,0.0,0.5802109837532043,0.6295511275529861,0.10426463186740875,0.23231462016701698,0.0,0.0,0.0,0.0,0.0,18473,global,0.0
4,4,lr5e-05_bs16_drop0p2_temp1p0_a0p25_b0p05__wd1e-04trmiss0_degmodglobal,16,5e-05,0.0001,0.2,1.0,0.25,0.05,lr5e-05_bs16_drop0p2_temp1p0_a0p25_b0p05__wd1e-04trmiss0_degmodglobal,10,0.6898034960031509,0.7616539001464844,0.19444444444444442,0.5728506061839396,0.3076923076923077,0.0,0.5718152821063995,0.6543573588132858,0.0973569992929697,0.22213787212967873,0.0,0.0,0.0,0.0,0.0,18473,global,0.0
4,4,lr5e-05_bs16_drop0p2_temp1p0_a0p25_b0p05__wd1e-04trmiss0_degmodglobal,16,5e-05,0.0001,0.2,1.0,0.25,0.05,lr5e-05_bs16_drop0p2_temp1p0_a0p25_b0p05__wd1e-04trmiss0_degmodglobal,11,0.6600708812475204,0.7621793150901794,0.19444444444444442,0.580258013591347,0.3076923076923077,0.0,0.5712949186563492,0.625042736530304,0.09525332041084766,0.2242959439754486,0.0,0.0,0.0,0.0,0.0,18473,global,0.0
4,4,lr5e-05_bs16_drop0p2_temp1p0_a0p25_b0p05__wd1e-04trmiss0_degmodglobal,16,5e-05,0.0001,0.2,1.0,0.25,0.05,lr5e-05_bs16_drop0p2_temp1p0_a0p25_b0p05__wd1e-04trmiss0_degmodglobal,12,0.6798153519630432,0.7690641283988953,0.19444444444444442,0.580258013591347,0.23076923076923078,0.0,0.5616819858551025,0.6449358314275742,0.10133221745491028,0.19092943891882896,0.0,0.0,0.0,0.0,0.0,18473,global,0.0
4,4,lr5e-05_bs16_drop0p2_temp1p0_a0p25_b0p05__wd1e-04trmiss0_degmodglobal,16,5e-05,0.0001,0.2,1.0,0.25,0.05,lr5e-05_bs16_drop0p2_temp1p0_a0p25_b0p05__wd1e-04trmiss0_degmodglobal,13,0.649510383605957,0.7746374011039734,0.1388888888888889,0.5506283839617172,0.23076923076923078,0.0,0.5249568670988083,0.6103024184703827,0.10754130780696869,0.24645259976387024,0.0,0.0,0.0,0.0,0.0,18473,global,0.0
4,4,lr5e-05_bs16_drop0p2_temp1p0_a0p25_b0p05__wd1e-04trmiss0_degmodglobal,16,5e-05,0.0001,0.2,1.0,0.25,0.05,lr5e-05_bs16_drop0p2_temp1p0_a0p25_b0p05__wd1e-04trmiss0_degmodglobal,14,0.6388806253671646,0.7661252617835999,0.16666666666666666,0.5617394950728285,0.3076923076923077,0.0,0.5531263500452042,0.5981045812368393,0.11961863003671169,0.21742796897888184,0.0,0.0,0.0,0.0,0.0,18473,global,0.0
4,4,lr5e-05_bs16_drop0p2_temp1p0_a0p25_b0p05__wd1e-04trmiss0_degmodglobal,16,5e-05,0.0001,0.2,1.0,0.25,0.05,lr5e-05_bs16_drop0p2_temp1p0_a0p25_b0p05__wd1e-04trmiss0_degmodglobal,15,0.6500757485628128,0.7651217579841614,0.19444444444444445,0.5694555444555445,0.3076923076923077,0.0,0.5147352889180183,0.6050100177526474,0.12339072301983833,0.28436096012592316,0.0,0.0,0.0,0.0,0.0,18473,global,0.0
4,4,lr5e-05_bs16_drop0p2_temp1p0_a0p25_b0p05__wd1e-04trmiss0_degmodglobal,16,5e-05,0.0001,0.2,1.0,0.25,0.05,lr5e-05_bs16_drop0p2_temp1p0_a0p25_b0p05__wd1e-04trmiss0_degmodglobal,16,0.6617987155914307,0.762371838092804,0.19444444444444445,0.5694555444555445,0.3076923076923077,0.0,0.5664211362600327,0.6109232604503632,0.13867942988872528,0.3241124227643013,0.0,0.0,0.0,0.0,0.0,18473,global,0.0
4,4,lr5e-05_bs16_drop0p2_temp1p0_a0p25_b0p05__wd1e-04trmiss0_degmodglobal,16,5e-05,0.0001,0.2,1.0,0.25,0.05,lr5e-05_bs16_drop0p2_temp1p0_a0p25_b0p05__wd1e-04trmiss0_degmodglobal,17,0.6533285826444626,0.7677509188652039,0.19444444444444445,0.5694555444555445,0.23076923076923078,0.0,0.5175094455480576,0.6084820926189423,0.12640178389847279,0.264920424669981,0.0,0.0,0.0,0.0,0.0,18473,global,0.0
4,4,lr5e-05_bs16_drop0p2_temp1p0_a0p25_b0p05__wd1e-04trmiss0_degmodglobal,16,5e-05,0.0001,0.2,1.0,0.25,0.05,lr5e-05_bs16_drop0p2_temp1p0_a0p25_b0p05__wd1e-04trmiss0_degmodglobal,18,0.6803465634584427,0.7736076712608337,0.16666666666666666,0.5617394950728285,0.23076923076923078,0.0,0.5256091579794884,0.6308666616678238,0.13626361824572086,0.30827968195080757,0.0,0.0,0.0,0.0,0.0,18473,global,0.0
4,4,lr5e-05_bs16_drop0p2_temp1p0_a0p25_b0p05__wd1e-04trmiss0_degmodglobal,16,5e-05,0.0001,0.2,1.0,0.25,0.05,lr5e-05_bs16_drop0p2_temp1p0_a0p25_b0p05__wd1e-04trmiss0_degmodglobal,19,0.6636104881763458,0.7799718379974365,0.16666666666666666,0.5617394950728285,0.23076923076923078,0.0,0.5352193489670753,0.6171354204416275,0.11820006743073463,0.33850087597966194,0.0,0.0,0.0,0.0,0.0,18473,global,0.0
4,4,lr5e-05_bs16_drop0p2_temp1p0_a0p25_b0p05__wd1e-04trmiss0_degmodglobal,16,5e-05,0.0001,0.2,1.0,0.25,0.05,lr5e-05_bs16_drop0p2_temp1p0_a0p25_b0p05__wd1e-04trmiss0_degmodglobal,20,0.6463863104581833,0.7809790968894958,0.16666666666666666,0.5617394950728285,0.23076923076923078,0.0,0.5337934345006943,0.6043153554201126,0.11549131944775581,0.26396263390779495,0.0,0.0,0.0,0.0,0.0,18473,global,0.0
4,4,lr5e-05_bs16_drop0p2_temp1p0_a0p25_b0p05__wd1e-04trmiss0_degmodglobal,16,5e-05,0.0001,0.2,1.0,0.25,0.05,lr5e-05_bs16_drop0p2_temp1p0_a0p25_b0p05__wd1e-04trmiss0_degmodglobal,21,0.6427155882120132,0.7857257723808289,0.1388888888888889,0.5506283839617172,0.23076923076923078,0.0,0.4855136498808861,0.598353385925293,0.12148563005030155,0.279815673828125,0.0,0.0,0.0,0.0,0.0,18473,global,0.0
4,4,lr5e-05_bs16_drop0p2_temp1p0_a0p25_b0p05__wd1e-04trmiss0_degmodglobal,16,5e-05,0.0001,0.2,1.0,0.25,0.05,lr5e-05_bs16_drop0p2_temp1p0_a0p25_b0p05__wd1e-04trmiss0_degmodglobal,22,0.6636775881052017,0.7872948050498962,0.1388888888888889,0.5506283839617172,0.15384615384615385,0.0,0.4935344234108925,0.60926154255867,0.14618269726634026,0.35740745067596436,0.0,0.0,0.0,0.0,0.0,18473,global,0.0
4,4,lr5e-05_bs16_drop0p2_temp1p0_a0p25_b0p05__wd1e-04trmiss0_degmodglobal,16,5e-05,0.0001,0.2,1.0,0.25,0.05,lr5e-05_bs16_drop0p2_temp1p0_a0p25_b0p05__wd1e-04trmiss0_degmodglobal,23,0.6577826738357544,0.7887192964553833,0.1388888888888889,0.5506283839617172,0.15384615384615385,0.0,0.47691113501787186,0.6102016568183899,0.12650384940207005,0.31910090893507004,0.0,0.0,0.0,0.0,0.0,18473,global,0.0
4,4,lr5e-05_bs16_drop0p2_temp1p0_a0p25_b0p05__wd1e-04trmiss0_degmodglobal,16,5e-05,0.0001,0.2,1.0,0.25,0.05,lr5e-05_bs16_drop0p2_temp1p0_a0p25_b0p05__wd1e-04trmiss0_degmodglobal,24,0.673139899969101,0.7840434908866882,0.1388888888888889,0.5506283839617172,0.15384615384615385,0.0,0.536814495921135,0.6285214275121689,0.1171097420156002,0.30682045221328735,0.0,0.0,0.0,0.0,0.0,18473,global,0.0
4,4,lr5e-05_bs16_drop0p2_temp1p0_a0p25_b0p05__wd1e-04trmiss0_degmodglobal,16,5e-05,0.0001,0.2,1.0,0.25,0.05,lr5e-05_bs16_drop0p2_temp1p0_a0p25_b0p05__wd1e-04trmiss0_degmodglobal,25,0.6506174057722092,0.7901648879051208,0.1111111111111111,0.5426918760252093,0.15384615384615385,0.0,0.5086526721715927,0.6106539666652679,0.11135595105588436,0.24248894676566124,0.0,0.0,0.0,0.0,0.0,18473,global,0.0
4,4,lr5e-05_bs16_drop0p2_temp1p0_a0p25_b0p05__wd1e-04trmiss0_degmodglobal,16,5e-05,0.0001,0.2,1.0,0.25,0.05,lr5e-05_bs16_drop0p2_temp1p0_a0p25_b0p05__wd1e-04trmiss0_degmodglobal,26,0.6632953584194183,0.7862309217453003,0.1111111111111111,0.5426918760252093,0.23076923076923078,0.0,0.5078842788934708,0.6154715865850449,0.1283199042081833,0.31487541273236275,0.0,0.0,0.0,0.0,0.0,18473,global,0.0
4,4,lr5e-05_bs16_drop0p2_temp1p0_a0p25_b0p05__wd1e-04trmiss0_degmodglobal,16,5e-05,0.0001,0.2,1.0,0.25,0.05,lr5e-05_bs16_drop0p2_temp1p0_a0p25_b0p05__wd1e-04trmiss0_degmodglobal,27,0.6321758329868317,0.7819527983665466,0.1111111111111111,0.5426918760252093,0.23076923076923078,0.0,0.4871119409799576,0.5851949751377106,0.131713492795825,0.2810499258339405,0.0,0.0,0.0,0.0,0.0,18473,global,0.0
4,4,lr5e-05_bs16_drop0p2_temp1p0_a0p25_b0p05__wd1e-04trmiss0_degmodglobal,16,5e-05,0.0001,0.2,1.0,0.25,0.05,lr5e-05_bs16_drop0p2_temp1p0_a0p25_b0p05__wd1e-04trmiss0_degmodglobal,28,0.6419656872749329,0.7825849056243896,0.1388888888888889,0.5538029871363206,0.23076923076923078,0.0,0.47138091921806335,0.5910800844430923,0.13947915099561214,0.32031644880771637,0.0,0.0,0.0,0.0,0.0,18473,global,0.0
4,4,lr5e-05_bs16_drop0p2_temp2p0_a0p25_b0p05__wd1e-04trmiss0_degmodglobal,16,5e-05,0.0001,0.2,2.0,0.25,0.05,lr5e-05_bs16_drop0p2_temp2p0_a0p25_b0p05__wd1e-04trmiss0_degmodglobal,1,0.7193634510040283,0.7411115169525146,0.38888888888888884,0.6315406815406817,0.46153846153846156,0.0,0.7380367070436478,0.6918118894100189,0.07400608155876398,0.18100076541304588,0.0,0.0,0.0,0.0,0.0,18473,global,0.0
4,4,lr5e-05_bs16_drop0p2_temp2p0_a0p25_b0p05__wd1e-04trmiss0_degmodglobal,16,5e-05,0.0001,0.2,2.0,0.25,0.05,lr5e-05_bs16_drop0p2_temp2p0_a0p25_b0p05__wd1e-04trmiss0_degmodglobal,2,0.6722481846809387,0.7291877269744873,0.38888888888888884,0.6315406815406817,0.5384615384615384,0.0,0.7161559611558914,0.6436794102191925,0.07183167524635792,0.21221700310707092,0.0,0.0,0.0,0.0,0.0,18473,global,0.0
4,4,lr5e-05_bs16_drop0p2_temp2p0_a0p25_b0p05__wd1e-04trmiss0_degmodglobal,16,5e-05,0.0001,0.2,2.0,0.25,0.05,lr5e-05_bs16_drop0p2_temp2p0_a0p25_b0p05__wd1e-04trmiss0_degmodglobal,3,0.6698155552148819,0.7194492220878601,0.38888888888888884,0.6315406815406817,0.6153846153846154,0.0,0.6904800534248352,0.6391174048185349,0.07928465399891138,0.2175399549305439,0.0,0.0,0.0,0.0,0.0,18473,global,0.0
4,4,lr5e-05_bs16_drop0p2_temp2p0_a0p25_b0p05__wd1e-04trmiss0_degmodglobal,16,5e-05,0.0001,0.2,2.0,0.25,0.05,lr5e-05_bs16_drop0p2_temp2p0_a0p25_b0p05__wd1e-04trmiss0_degmodglobal,4,0.6463975012302399,0.7158049941062927,0.41666666666666663,0.6401826568493236,0.6153846153846154,0.0,0.6785249412059784,0.6212983727455139,0.06547932513058186,0.17458591610193253,0.0,0.0,0.0,0.0,0.0,18473,global,0.0
4,4,lr5e-05_bs16_drop0p2_temp2p0_a0p25_b0p05__wd1e-04trmiss0_degmodglobal,16,5e-05,0.0001,0.2,2.0,0.25,0.05,lr5e-05_bs16_drop0p2_temp2p0_a0p25_b0p05__wd1e-04trmiss0_degmodglobal,5,0.6497541815042496,0.7093815207481384,0.4444444444444444,0.6482634649301315,0.6153846153846154,0.0,0.6469719260931015,0.6196326315402985,0.07284951955080032,0.2381833754479885,0.0,0.0,0.0,0.0,0.0,18473,global,0.0
4,4,lr5e-05_bs16_drop0p2_temp2p0_a0p25_b0p05__wd1e-04trmiss0_degmodglobal,16,5e-05,0.0001,0.2,2.0,0.25,0.05,lr5e-05_bs16_drop0p2_temp2p0_a0p25_b0p05__wd1e-04trmiss0_degmodglobal,6,0.6258423030376434,0.7114061713218689,0.4444444444444444,0.6482634649301315,0.6153846153846154,0.0,0.6894324719905853,0.5991452038288116,0.06884857639670372,0.18969884887337685,0.0,0.0,0.0,0.0,0.0,18473,global,0.0
4,4,lr5e-05_bs16_drop0p2_temp2p0_a0p25_b0p05__wd1e-04trmiss0_degmodglobal,16,5e-05,0.0001,0.2,2.0,0.25,0.05,lr5e-05_bs16_drop0p2_temp2p0_a0p25_b0p05__wd1e-04trmiss0_degmodglobal,7,0.6038222461938858,0.7126834988594055,0.4444444444444444,0.6482634649301315,0.6153846153846154,0.0,0.6601830869913101,0.5794653296470642,0.0639172550290823,0.16755170561373234,0.0,0.0,0.0,0.0,0.0,18473,global,0.0
4,4,lr5e-05_bs16_drop0p2_temp2p0_a0p25_b0p05__wd1e-04trmiss0_degmodglobal,16,5e-05,0.0001,0.2,2.0,0.25,0.05,lr5e-05_bs16_drop0p2_temp2p0_a0p25_b0p05__wd1e-04trmiss0_degmodglobal,8,0.6120300441980362,0.7075623273849487,0.4444444444444444,0.6482634649301315,0.6923076923076923,0.0,0.646554633975029,0.5879855751991272,0.06365762744098902,0.16260167211294174,0.0,0.0,0.0,0.0,0.0,18473,global,0.0
4,4,lr5e-05_bs16_drop0p2_temp2p0_a0p25_b0p05__wd1e-04trmiss0_degmodglobal,16,5e-05,0.0001,0.2,2.0,0.25,0.05,lr5e-05_bs16_drop0p2_temp2p0_a0p25_b0p05__wd1e-04trmiss0_degmodglobal,9,0.5791564434766769,0.706141471862793,0.41666666666666663,0.6401826568493236,0.6923076923076923,0.0,0.6220086812973022,0.5576650947332382,0.05422746203839779,0.15869007259607315,0.0,0.0,0.0,0.0,0.0,18473,global,0.0
4,4,lr5e-05_bs16_drop0p2_temp2p0_a0p25_b0p05__wd1e-04trmiss0_degmodglobal,16,5e-05,0.0001,0.2,2.0,0.25,0.05,lr5e-05_bs16_drop0p2_temp2p0_a0p25_b0p05__wd1e-04trmiss0_degmodglobal,10,0.5819813311100006,0.7094429731369019,0.3888888888888889,0.6334486501153169,0.6153846153846154,0.0,0.5951788872480392,0.5636727511882782,0.0490754758939147,0.12079381570219994,0.0,0.0,0.0,0.0,0.0,18473,global,0.0
4,4,lr5e-05_bs16_drop0p2_temp2p0_a0p25_b0p05__wd1e-04trmiss0_degmodglobal,16,5e-05,0.0001,0.2,2.0,0.25,0.05,lr5e-05_bs16_drop0p2_temp2p0_a0p25_b0p05__wd1e-04trmiss0_degmodglobal,11,0.5691792368888855,0.710944414138794,0.41666666666666663,0.6401826568493236,0.6923076923076923,0.0,0.6195889860391617,0.5463437139987946,0.05936809442937374,0.15987010300159454,0.0,0.0,0.0,0.0,0.0,18473,global,0.0
4,4,lr5e-05_bs16_drop0p2_temp2p0_a0p25_b0p05__wd1e-04trmiss0_degmodglobal,16,5e-05,0.0001,0.2,2.0,0.25,0.05,lr5e-05_bs16_drop0p2_temp2p0_a0p25_b0p05__wd1e-04trmiss0_degmodglobal,12,0.5848601162433624,0.7107348442077637,0.41666666666666663,0.6401826568493236,0.6923076923076923,0.0,0.6015638262033463,0.5661433190107346,0.05048648454248905,0.12190340273082256,0.0,0.0,0.0,0.0,0.0,18473,global,0.0
4,4,lr5e-05_bs16_drop0p2_temp2p0_a0p25_b0p05__wd1e-04trmiss0_degmodglobal,16,5e-05,0.0001,0.2,2.0,0.25,0.05,lr5e-05_bs16_drop0p2_temp2p0_a0p25_b0p05__wd1e-04trmiss0_degmodglobal,13,0.5509583503007889,0.7177159786224365,0.3888888888888889,0.6334486501153169,0.6153846153846154,0.0,0.5965747237205505,0.5296418368816376,0.05468313582241535,0.15291470289230347,0.0,0.0,0.0,0.0,0.0,18473,global,0.0
4,4,lr5e-05_bs16_drop0p2_temp2p0_a0p25_b0p05__wd1e-04trmiss0_degmodglobal,16,5e-05,0.0001,0.2,2.0,0.25,0.05,lr5e-05_bs16_drop0p2_temp2p0_a0p25_b0p05__wd1e-04trmiss0_degmodglobal,14,0.5707304030656815,0.717676043510437,0.3888888888888889,0.6334486501153169,0.6153846153846154,0.0,0.5844046622514725,0.5467412173748016,0.05789170227944851,0.19032492861151695,0.0,0.0,0.0,0.0,0.0,18473,global,0.0
4,4,lr5e-05_bs16_drop0p2_temp2p0_a0p25_b0p05__wd1e-04trmiss0_degmodglobal,16,5e-05,0.0001,0.2,2.0,0.25,0.05,lr5e-05_bs16_drop0p2_temp2p0_a0p25_b0p05__wd1e-04trmiss0_degmodglobal,15,0.5116590112447739,0.7189472913742065,0.3888888888888889,0.6334486501153169,0.6923076923076923,0.0,0.5618653744459152,0.49358009546995163,0.046941629610955715,0.12687025405466557,0.0,0.0,0.0,0.0,0.0,18473,global,0.0
4,4,lr5e-05_bs16_drop0p2_temp2p0_a0p25_b0p05__wd1e-04trmiss0_degmodglobal,16,5e-05,0.0001,0.2,2.0,0.25,0.05,lr5e-05_bs16_drop0p2_temp2p0_a0p25_b0p05__wd1e-04trmiss0_degmodglobal,16,0.5401786267757416,0.7150254845619202,0.3888888888888889,0.6334486501153169,0.6153846153846154,0.0,0.564555898308754,0.5189264640212059,0.05107024032622576,0.16969211027026176,0.0,0.0,0.0,0.0,0.0,18473,global,0.0
4,4,lr5e-05_bs16_drop0p2_temp2p0_a0p25_b0p05__wd1e-04trmiss0_degmodglobal,16,5e-05,0.0001,0.2,2.0,0.25,0.05,lr5e-05_bs16_drop0p2_temp2p0_a0p25_b0p05__wd1e-04trmiss0_degmodglobal,17,0.5309175997972488,0.7128064632415771,0.3888888888888889,0.6334486501153169,0.6153846153846154,0.0,0.5724963843822479,0.5082902535796165,0.05585951637476683,0.1732494942843914,0.0,0.0,0.0,0.0,0.0,18473,global,0.0
4,4,lr5e-05_bs16_drop0p2_temp2p0_a0p25_b0p05__wd1e-04trmiss0_degmodglobal,16,5e-05,0.0001,0.2,2.0,0.25,0.05,lr5e-05_bs16_drop0p2_temp2p0_a0p25_b0p05__wd1e-04trmiss0_degmodglobal,18,0.524437204003334,0.7159428596496582,0.3888888888888889,0.6334486501153169,0.5384615384615384,0.0,0.5686938911676407,0.5026548057794571,0.05447989981621504,0.16324876993894577,0.0,0.0,0.0,0.0,0.0,18473,global,0.0
4,4,lr5e-05_bs16_drop0p2_temp2p0_a0p25_b0p05__wd1e-04trmiss0_degmodglobal,16,5e-05,0.0001,0.2,2.0,0.25,0.05,lr5e-05_bs16_drop0p2_temp2p0_a0p25_b0p05__wd1e-04trmiss0_degmodglobal,19,0.5434522330760956,0.7149786353111267,0.3888888888888889,0.6334486501153169,0.5384615384615384,0.0,0.5684072077274323,0.5208380669355392,0.06259406544268131,0.13931269943714142,0.0,0.0,0.0,0.0,0.0,18473,global,0.0
4,4,lr5e-05_bs16_drop0p2_temp2p0_a0p25_b0p05__wd1e-04trmiss0_degmodglobal,16,5e-05,0.0001,0.2,2.0,0.25,0.05,lr5e-05_bs16_drop0p2_temp2p0_a0p25_b0p05__wd1e-04trmiss0_degmodglobal,20,0.5566851496696472,0.7196912169456482,0.3888888888888889,0.6334486501153169,0.6153846153846154,0.0,0.5673115998506546,0.5326611772179604,0.06169671751558781,0.1719958707690239,0.0,0.0,0.0,0.0,0.0,18473,global,0.0
4,4,lr5e-05_bs16_drop0p2_temp2p0_a0p25_b0p05__wd1e-04trmiss0_degmodglobal,16,5e-05,0.0001,0.2,2.0,0.25,0.05,lr5e-05_bs16_drop0p2_temp2p0_a0p25_b0p05__wd1e-04trmiss0_degmodglobal,21,0.5328353121876717,0.7205367088317871,0.3888888888888889,0.6334486501153169,0.6153846153846154,0.0,0.5540822595357895,0.5152562633156776,0.046406070701777935,0.11955026537179947,0.0,0.0,0.0,0.0,0.0,18473,global,0.0
4,4,lr5e-05_bs16_drop0p2_temp2p0_a0p25_b0p05__wd1e-04trmiss0_degmodglobal,16,5e-05,0.0001,0.2,2.0,0.25,0.05,lr5e-05_bs16_drop0p2_temp2p0_a0p25_b0p05__wd1e-04trmiss0_degmodglobal,22,0.5564928948879242,0.7259759306907654,0.3888888888888889,0.6334486501153169,0.6153846153846154,0.0,0.567348301410675,0.5317726284265518,0.06421623192727566,0.17332403361797333,0.0,0.0,0.0,0.0,0.0,18473,global,0.0
4,4,lr5e-05_bs16_drop0p2_temp2p0_a0p25_b0p05__wd1e-04trmiss0_degmodglobal,16,5e-05,0.0001,0.2,2.0,0.25,0.05,lr5e-05_bs16_drop0p2_temp2p0_a0p25_b0p05__wd1e-04trmiss0_degmodglobal,23,0.5350124686956406,0.7175405621528625,0.3888888888888889,0.6334486501153169,0.6923076923076923,0.0,0.5485016703605652,0.509053573012352,0.06673820223659277,0.18548689782619476,0.0,0.0,0.0,0.0,0.0,18473,global,0.0
4,4,lr5e-05_bs16_drop0p2_temp2p0_a0p25_b0p05__wd1e-04trmiss0_degmodglobal,16,5e-05,0.0001,0.2,2.0,0.25,0.05,lr5e-05_bs16_drop0p2_temp2p0_a0p25_b0p05__wd1e-04trmiss0_degmodglobal,24,0.5160553455352783,0.716996967792511,0.3888888888888889,0.6334486501153169,0.6153846153846154,0.0,0.5559287145733833,0.48752326518297195,0.07435311656445265,0.1988760493695736,0.0,0.0,0.0,0.0,0.0,18473,global,0.0
4,4,lr5e-05_bs16_drop0p2_temp2p0_a0p25_b0p05__wd1e-04trmiss0_degmodglobal,16,5e-05,0.0001,0.2,2.0,0.25,0.05,lr5e-05_bs16_drop0p2_temp2p0_a0p25_b0p05__wd1e-04trmiss0_degmodglobal,25,0.5279273614287376,0.7201781868934631,0.3611111111111111,0.624806674806675,0.6153846153846154,0.0,0.5531506389379501,0.5037445574998856,0.06127010937780142,0.17730553075671196,0.0,0.0,0.0,0.0,0.0,18473,global,0.0
4,4,lr5e-05_bs16_drop0p2_temp2p0_a0p25_b0p05__wd1e-04trmiss0_degmodglobal,16,5e-05,0.0001,0.2,2.0,0.25,0.05,lr5e-05_bs16_drop0p2_temp2p0_a0p25_b0p05__wd1e-04trmiss0_degmodglobal,26,0.5202707946300507,0.7206701636314392,0.3611111111111111,0.624806674806675,0.6153846153846154,0.0,0.5529728531837463,0.49636223912239075,0.059700414538383484,0.17966913804411888,0.0,0.0,0.0,0.0,0.0,18473,global,0.0
4,4,lr5e-05_bs16_drop0p2_temp2p0_a0p25_b0p05__wd1e-04trmiss0_degmodglobal,16,5e-05,0.0001,0.2,2.0,0.25,0.05,lr5e-05_bs16_drop0p2_temp2p0_a0p25_b0p05__wd1e-04trmiss0_degmodglobal,27,0.5204662159085274,0.7190237045288086,0.3611111111111111,0.624806674806675,0.5384615384615384,0.0,0.5295778959989548,0.49366648495197296,0.07004310376942158,0.18577926233410835,0.0,0.0,0.0,0.0,0.0,18473,global,0.0
4,4,lr5e-05_bs16_drop0p2_temp2p0_a0p25_b0p05__wd1e-04trmiss0_degmodglobal,16,5e-05,0.0001,0.2,2.0,0.25,0.05,lr5e-05_bs16_drop0p2_temp2p0_a0p25_b0p05__wd1e-04trmiss0_degmodglobal,28,0.5328331962227821,0.7114847302436829,0.38888888888888884,0.6315406815406817,0.5384615384615384,0.0,0.5662840753793716,0.5110265091061592,0.058111065067350864,0.1455782949924469,0.0,0.0,0.0,0.0,0.0,18473,global,0.0
4,4,lr5e-05_bs16_drop0p4_temp1p0_a0p25_b0p05__wd1e-04trmiss0_degmodglobal,16,5e-05,0.0001,0.4,1.0,0.25,0.05,lr5e-05_bs16_drop0p4_temp1p0_a0p25_b0p05__wd1e-04trmiss0_degmodglobal,1,0.6847135722637177,0.6977791786193848,0.4444444444444444,0.7173992673992675,0.5384615384615384,0.0,0.6922481507062912,0.664441391825676,0.05531454458832741,0.12887108698487282,0.0,0.0,0.0,0.0,0.0,18473,global,0.0
4,4,lr5e-05_bs16_drop0p4_temp1p0_a0p25_b0p05__wd1e-04trmiss0_degmodglobal,16,5e-05,0.0001,0.4,1.0,0.25,0.05,lr5e-05_bs16_drop0p4_temp1p0_a0p25_b0p05__wd1e-04trmiss0_degmodglobal,2,0.6975284218788147,0.6977214217185974,0.3888888888888889,0.6982193732193731,0.6153846153846154,0.0,0.6747062057256699,0.6762187480926514,0.05708685051649809,0.14075944852083921,0.0,0.0,0.0,0.0,0.0,18473,global,0.0
4,4,lr5e-05_bs16_drop0p4_temp1p0_a0p25_b0p05__wd1e-04trmiss0_degmodglobal,16,5e-05,0.0001,0.4,1.0,0.25,0.05,lr5e-05_bs16_drop0p4_temp1p0_a0p25_b0p05__wd1e-04trmiss0_degmodglobal,3,0.6915712356567383,0.6963322162628174,0.3888888888888889,0.6433251933251934,0.6153846153846154,0.0,0.634194016456604,0.6716222763061523,0.05284395441412926,0.13475939258933067,0.0,0.0,0.0,0.0,0.0,18473,global,0.0
4,4,lr5e-05_bs16_drop0p4_temp1p0_a0p25_b0p05__wd1e-04trmiss0_degmodglobal,16,5e-05,0.0001,0.4,1.0,0.25,0.05,lr5e-05_bs16_drop0p4_temp1p0_a0p25_b0p05__wd1e-04trmiss0_degmodglobal,4,0.6564827263355255,0.697482705116272,0.3888888888888889,0.6433251933251934,0.5384615384615384,0.0,0.6135861873626709,0.6382941454648972,0.050866223871707916,0.10944030620157719,0.0,0.0,0.0,0.0,0.0,18473,global,0.0
4,4,lr5e-05_bs16_drop0p4_temp1p0_a0p25_b0p05__wd1e-04trmiss0_degmodglobal,16,5e-05,0.0001,0.4,1.0,0.25,0.05,lr5e-05_bs16_drop0p4_temp1p0_a0p25_b0p05__wd1e-04trmiss0_degmodglobal,5,0.6588530391454697,0.699536144733429,0.4166666666666667,0.6519671686338354,0.5384615384615384,0.0,0.6194960027933121,0.6360797435045242,0.05937398225069046,0.15859627723693848,0.0,0.0,0.0,0.0,0.0,18473,global,0.0
4,4,lr5e-05_bs16_drop0p4_temp1p0_a0p25_b0p05__wd1e-04trmiss0_degmodglobal,16,5e-05,0.0001,0.4,1.0,0.25,0.05,lr5e-05_bs16_drop0p4_temp1p0_a0p25_b0p05__wd1e-04trmiss0_degmodglobal,6,0.6735425889492035,0.7012061476707458,0.4166666666666667,0.6519671686338354,0.6923076923076923,0.0,0.6085012704133987,0.6471879184246063,0.06763324327766895,0.188927561044693,0.0,0.0,0.0,0.0,0.0,18473,global,0.0
4,4,lr5e-05_bs16_drop0p4_temp1p0_a0p25_b0p05__wd1e-04trmiss0_degmodglobal,16,5e-05,0.0001,0.4,1.0,0.25,0.05,lr5e-05_bs16_drop0p4_temp1p0_a0p25_b0p05__wd1e-04trmiss0_degmodglobal,7,0.6585357785224915,0.7026009559631348,0.4166666666666667,0.6519671686338354,0.6923076923076923,0.0,0.5732487142086029,0.618934154510498,0.10021809674799442,0.2909417226910591,0.0,0.0,0.0,0.0,0.0,18473,global,0.0
4,4,lr5e-05_bs16_drop0p4_temp1p0_a0p25_b0p05__wd1e-04trmiss0_degmodglobal,16,5e-05,0.0001,0.4,1.0,0.25,0.05,lr5e-05_bs16_drop0p4_temp1p0_a0p25_b0p05__wd1e-04trmiss0_degmodglobal,8,0.6807641983032227,0.7018130421638489,0.4166666666666667,0.6519671686338354,0.6153846153846154,0.0,0.5683466494083405,0.6415605396032333,0.10198100656270981,0.2741682045161724,0.0,0.0,0.0,0.0,0.0,18473,global,0.0
4,4,lr5e-05_bs16_drop0p4_temp1p0_a0p25_b0p05__wd1e-04trmiss0_degmodglobal,16,5e-05,0.0001,0.4,1.0,0.25,0.05,lr5e-05_bs16_drop0p4_temp1p0_a0p25_b0p05__wd1e-04trmiss0_degmodglobal,9,0.6460186392068863,0.7005195617675781,0.41666666666666663,0.6618437118437119,0.6153846153846154,0.0,0.5427023023366928,0.6171538382768631,0.07481865677982569,0.20320281758904457,0.0,0.0,0.0,0.0,0.0,18473,global,0.0
4,4,lr5e-05_bs16_drop0p4_temp1p0_a0p25_b0p05__wd1e-04trmiss0_degmodglobal,16,5e-05,0.0001,0.4,1.0,0.25,0.05,lr5e-05_bs16_drop0p4_temp1p0_a0p25_b0p05__wd1e-04trmiss0_degmodglobal,10,0.6277649998664856,0.7001379728317261,0.41666666666666663,0.6618437118437119,0.6153846153846154,0.0,0.583835631608963,0.5960941165685654,0.08758987486362457,0.1954684481024742,0.0,0.0,0.0,0.0,0.0,18473,global,0.0
4,4,lr5e-05_bs16_drop0p4_temp1p0_a0p25_b0p05__wd1e-04trmiss0_degmodglobal,16,5e-05,0.0001,0.4,1.0,0.25,0.05,lr5e-05_bs16_drop0p4_temp1p0_a0p25_b0p05__wd1e-04trmiss0_degmodglobal,11,0.6464632898569107,0.7031674385070801,0.4444444444444444,0.6704856871523539,0.6153846153846154,0.0,0.5512724071741104,0.6158106327056885,0.07569402549415827,0.2345830723643303,0.0,0.0,0.0,0.0,0.0,18473,global,0.0
4,4,lr5e-05_bs16_drop0p4_temp1p0_a0p25_b0p05__wd1e-04trmiss0_degmodglobal,16,5e-05,0.0001,0.4,1.0,0.25,0.05,lr5e-05_bs16_drop0p4_temp1p0_a0p25_b0p05__wd1e-04trmiss0_degmodglobal,12,0.6716358959674835,0.7030699253082275,0.41666666666666663,0.6618437118437119,0.6153846153846154,0.0,0.5259422659873962,0.6275027096271515,0.10898326151072979,0.3377473056316376,0.0,0.0,0.0,0.0,0.0,18473,global,0.0
4,4,lr5e-05_bs16_drop0p4_temp1p0_a0p25_b0p05__wd1e-04trmiss0_degmodglobal,16,5e-05,0.0001,0.4,1.0,0.25,0.05,lr5e-05_bs16_drop0p4_temp1p0_a0p25_b0p05__wd1e-04trmiss0_degmodglobal,13,0.6108226627111435,0.6996618509292603,0.41666666666666663,0.6618437118437119,0.5384615384615384,0.0,0.5312850326299667,0.577943429350853,0.09195416606962681,0.1978142373263836,0.0,0.0,0.0,0.0,0.0,18473,global,0.0
4,4,lr5e-05_bs16_drop0p4_temp1p0_a0p25_b0p05__wd1e-04trmiss0_degmodglobal,16,5e-05,0.0001,0.4,1.0,0.25,0.05,lr5e-05_bs16_drop0p4_temp1p0_a0p25_b0p05__wd1e-04trmiss0_degmodglobal,14,0.6301127523183823,0.6969254612922668,0.41666666666666663,0.6618437118437119,0.5384615384615384,0.0,0.5411807745695114,0.5864929109811783,0.11318289302289486,0.3064826503396034,0.0,0.0,0.0,0.0,0.0,18473,global,0.0
4,4,lr5e-05_bs16_drop0p4_temp1p0_a0p25_b0p05__wd1e-04trmiss0_degmodglobal,16,5e-05,0.0001,0.4,1.0,0.25,0.05,lr5e-05_bs16_drop0p4_temp1p0_a0p25_b0p05__wd1e-04trmiss0_degmodglobal,15,0.6268274039030075,0.6977136731147766,0.41666666666666663,0.6618437118437119,0.5384615384615384,0.0,0.5379357635974884,0.5999230444431305,0.07325222063809633,0.17182569950819016,0.0,0.0,0.0,0.0,0.0,18473,global,0.0
4,4,lr5e-05_bs16_drop0p4_temp1p0_a0p25_b0p05__wd1e-04trmiss0_degmodglobal,16,5e-05,0.0001,0.4,1.0,0.25,0.05,lr5e-05_bs16_drop0p4_temp1p0_a0p25_b0p05__wd1e-04trmiss0_degmodglobal,16,0.6391816735267639,0.6956595182418823,0.38888888888888884,0.6547730047730048,0.5384615384615384,0.0,0.5647682696580887,0.6013862490653992,0.09941319469362497,0.2588422540575266,0.0,0.0,0.0,0.0,0.0,18473,global,0.0
4,4,lr5e-05_bs16_drop0p4_temp1p0_a0p25_b0p05__wd1e-04trmiss0_degmodglobal,16,5e-05,0.0001,0.4,1.0,0.25,0.05,lr5e-05_bs16_drop0p4_temp1p0_a0p25_b0p05__wd1e-04trmiss0_degmodglobal,17,0.5911410301923752,0.6968966722488403,0.38888888888888884,0.6547730047730048,0.5384615384615384,0.0,0.5133984088897705,0.5671467334032059,0.06934573035687208,0.13315734267234802,0.0,0.0,0.0,0.0,0.0,18473,global,0.0
4,4,lr5e-05_bs16_drop0p4_temp1p0_a0p25_b0p05__wd1e-04trmiss0_degmodglobal,16,5e-05,0.0001,0.4,1.0,0.25,0.05,lr5e-05_bs16_drop0p4_temp1p0_a0p25_b0p05__wd1e-04trmiss0_degmodglobal,18,0.6148090362548828,0.6979607939720154,0.38888888888888884,0.6547730047730048,0.5384615384615384,0.0,0.49590466171503067,0.5729727745056152,0.10957647487521172,0.28884316608309746,0.0,0.0,0.0,0.0,0.0,18473,global,0.0
4,4,lr5e-05_bs16_drop0p4_temp1p0_a0p25_b0p05__wd1e-04trmiss0_degmodglobal,16,5e-05,0.0001,0.4,1.0,0.25,0.05,lr5e-05_bs16_drop0p4_temp1p0_a0p25_b0p05__wd1e-04trmiss0_degmodglobal,19,0.6289093941450119,0.6972842812538147,0.3611111111111111,0.6522597772597772,0.5384615384615384,0.0,0.5433113053441048,0.6018016338348389,0.07496783277019858,0.1673163492232561,0.0,0.0,0.0,0.0,0.0,18473,global,0.0
4,4,lr5e-05_bs16_drop0p4_temp1p0_a0p25_b0p05__wd1e-04trmiss0_degmodglobal,16,5e-05,0.0001,0.4,1.0,0.25,0.05,lr5e-05_bs16_drop0p4_temp1p0_a0p25_b0p05__wd1e-04trmiss0_degmodglobal,20,0.617101401090622,0.6991111636161804,0.36111111111111116,0.6455137455137455,0.5384615384615384,0.0,0.48896706104278564,0.5858784019947052,0.08408959396183491,0.20401187986135483,0.0,0.0,0.0,0.0,0.0,18473,global,0.0
4,4,lr5e-05_bs16_drop0p4_temp1p0_a0p25_b0p05__wd1e-04trmiss0_degmodglobal,16,5e-05,0.0001,0.4,1.0,0.25,0.05,lr5e-05_bs16_drop0p4_temp1p0_a0p25_b0p05__wd1e-04trmiss0_degmodglobal,21,0.6161653995513916,0.7011638879776001,0.36111111111111116,0.6455137455137455,0.5384615384615384,0.0,0.5334100276231766,0.5808098614215851,0.09240677766501904,0.24507703259587288,0.0,0.0,0.0,0.0,0.0,18473,global,0.0
4,4,lr5e-05_bs16_drop0p4_temp1p0_a0p25_b0p05__wd1e-04trmiss0_degmodglobal,16,5e-05,0.0001,0.4,1.0,0.25,0.05,lr5e-05_bs16_drop0p4_temp1p0_a0p25_b0p05__wd1e-04trmiss0_degmodglobal,22,0.6050135046243668,0.7057061791419983,0.33333333333333337,0.626995226995227,0.5384615384615384,0.0,0.5104225277900696,0.5550521314144135,0.13043590262532234,0.3470481261610985,0.0,0.0,0.0,0.0,0.0,18473,global,0.0
4,4,lr5e-05_bs16_drop0p4_temp1p0_a0p25_b0p05__wd1e-04trmiss0_degmodglobal,16,5e-05,0.0001,0.4,1.0,0.25,0.05,lr5e-05_bs16_drop0p4_temp1p0_a0p25_b0p05__wd1e-04trmiss0_degmodglobal,23,0.6039499491453171,0.7047244310379028,0.36111111111111116,0.6340659340659341,0.5384615384615384,0.0,0.5058617740869522,0.5657309889793396,0.09684442542493343,0.2801569923758507,0.0,0.0,0.0,0.0,0.0,18473,global,0.0
4,4,lr5e-05_bs16_drop0p4_temp1p0_a0p25_b0p05__wd1e-04trmiss0_degmodglobal,16,5e-05,0.0001,0.4,1.0,0.25,0.05,lr5e-05_bs16_drop0p4_temp1p0_a0p25_b0p05__wd1e-04trmiss0_degmodglobal,24,0.6062939167022705,0.703244149684906,0.3611111111111111,0.6362544862544863,0.5384615384615384,0.0,0.5100003927946091,0.5740123391151428,0.07790107559412718,0.25612591207027435,0.0,0.0,0.0,0.0,0.0,18473,global,0.0
4,4,lr5e-05_bs16_drop0p4_temp1p0_a0p25_b0p05__wd1e-04trmiss0_degmodglobal,16,5e-05,0.0001,0.4,1.0,0.25,0.05,lr5e-05_bs16_drop0p4_temp1p0_a0p25_b0p05__wd1e-04trmiss0_degmodglobal,25,0.5691783875226974,0.7034032344818115,0.33333333333333337,0.626995226995227,0.5384615384615384,0.0,0.5101379081606865,0.5394418090581894,0.07874664943665266,0.20099835749715567,0.0,0.0,0.0,0.0,0.0,18473,global,0.0
4,4,lr5e-05_bs16_drop0p4_temp1p0_a0p25_b0p05__wd1e-04trmiss0_degmodglobal,16,5e-05,0.0001,0.4,1.0,0.25,0.05,lr5e-05_bs16_drop0p4_temp1p0_a0p25_b0p05__wd1e-04trmiss0_degmodglobal,26,0.6227240562438965,0.7055751085281372,0.36111111111111116,0.6340659340659341,0.5384615384615384,0.0,0.5040618851780891,0.5935792773962021,0.07086608838289976,0.22856488823890686,0.0,0.0,0.0,0.0,0.0,18473,global,0.0
4,4,lr5e-05_bs16_drop0p4_temp1p0_a0p25_b0p05__wd1e-04trmiss0_degmodglobal,16,5e-05,0.0001,0.4,1.0,0.25,0.05,lr5e-05_bs16_drop0p4_temp1p0_a0p25_b0p05__wd1e-04trmiss0_degmodglobal,27,0.5887803286314011,0.707226574420929,0.38888888888888895,0.6525844525844526,0.5384615384615384,0.0,0.4968688488006592,0.5611964911222458,0.07601712364703417,0.17159114964306355,0.0,0.0,0.0,0.0,0.0,18473,global,0.0
4,4,lr5e-05_bs16_drop0p4_temp1p0_a0p25_b0p05__wd1e-04trmiss0_degmodglobal,16,5e-05,0.0001,0.4,1.0,0.25,0.05,lr5e-05_bs16_drop0p4_temp1p0_a0p25_b0p05__wd1e-04trmiss0_degmodglobal,28,0.5823662728071213,0.7061673998832703,0.36111111111111116,0.6455137455137455,0.5384615384615384,0.0,0.5104515179991722,0.5492662191390991,0.09272187575697899,0.1983917709439993,0.0,0.0,0.0,0.0,0.0,18473,global,0.0
4,4,lr5e-05_bs16_drop0p4_temp1p0_a0p25_b0p05__wd1e-04trmiss0_degmodglobal,16,5e-05,0.0001,0.4,1.0,0.25,0.05,lr5e-05_bs16_drop0p4_temp1p0_a0p25_b0p05__wd1e-04trmiss0_degmodglobal,29,0.5841444879770279,0.7064282894134521,0.36111111111111116,0.6455137455137455,0.5384615384615384,0.0,0.47351156920194626,0.5475958734750748,0.09817001409828663,0.24012205004692078,0.0,0.0,0.0,0.0,0.0,18473,global,0.0
4,4,lr5e-05_bs16_drop0p4_temp1p0_a0p25_b0p05__wd1e-04trmiss0_degmodglobal,16,5e-05,0.0001,0.4,1.0,0.25,0.05,lr5e-05_bs16_drop0p4_temp1p0_a0p25_b0p05__wd1e-04trmiss0_degmodglobal,30,0.5936458110809326,0.705016553401947,0.36111111111111116,0.6455137455137455,0.5384615384615384,0.0,0.46105293184518814,0.5505277514457703,0.11692899838089943,0.2777162343263626,0.0,0.0,0.0,0.0,0.0,18473,global,0.0
4,4,lr5e-05_bs16_drop0p4_temp1p0_a0p25_b0p05__wd1e-04trmiss0_degmodglobal,16,5e-05,0.0001,0.4,1.0,0.25,0.05,lr5e-05_bs16_drop0p4_temp1p0_a0p25_b0p05__wd1e-04trmiss0_degmodglobal,31,0.5901366174221039,0.7030893564224243,0.4166666666666667,0.6692511192511194,0.5384615384615384,0.0,0.48071223497390747,0.5548562556505203,0.09282183833420277,0.2414979748427868,0.0,0.0,0.0,0.0,0.0,18473,global,0.0
4,4,lr5e-05_bs16_drop0p4_temp2p0_a0p25_b0p05__wd1e-04trmiss0_degmodglobal,16,5e-05,0.0001,0.4,2.0,0.25,0.05,lr5e-05_bs16_drop0p4_temp2p0_a0p25_b0p05__wd1e-04trmiss0_degmodglobal,1,0.7197092771530151,0.7060647010803223,0.4166666666666667,0.6692511192511194,0.5384615384615384,0.0,0.6665778905153275,0.6917037963867188,0.07107354328036308,0.20474160090088844,0.0,0.0,0.0,0.0,0.0,18473,global,0.0
4,4,lr5e-05_bs16_drop0p4_temp2p0_a0p25_b0p05__wd1e-04trmiss0_degmodglobal,16,5e-05,0.0001,0.4,2.0,0.25,0.05,lr5e-05_bs16_drop0p4_temp2p0_a0p25_b0p05__wd1e-04trmiss0_degmodglobal,2,0.6979046016931534,0.7077688574790955,0.4444444444444445,0.6840659340659342,0.46153846153846156,0.0,0.6531426161527634,0.6675713658332825,0.07032900582998991,0.2550198584794998,0.0,0.0,0.0,0.0,0.0,18473,global,0.0
4,4,lr5e-05_bs16_drop0p4_temp2p0_a0p25_b0p05__wd1e-04trmiss0_degmodglobal,16,5e-05,0.0001,0.4,2.0,0.25,0.05,lr5e-05_bs16_drop0p4_temp2p0_a0p25_b0p05__wd1e-04trmiss0_degmodglobal,3,0.6835514456033707,0.7077879309654236,0.4444444444444445,0.6840659340659342,0.46153846153846156,0.0,0.5868334770202637,0.6537154465913773,0.07853381056338549,0.20405064523220062,0.0,0.0,0.0,0.0,0.0,18473,global,0.0
4,4,lr5e-05_bs16_drop0p4_temp2p0_a0p25_b0p05__wd1e-04trmiss0_degmodglobal,16,5e-05,0.0001,0.4,2.0,0.25,0.05,lr5e-05_bs16_drop0p4_temp2p0_a0p25_b0p05__wd1e-04trmiss0_degmodglobal,4,0.6975961476564407,0.7071653604507446,0.4444444444444445,0.6840659340659342,0.46153846153846156,0.0,0.6116764098405838,0.6639088839292526,0.07985917292535305,0.2744494527578354,0.0,0.0,0.0,0.0,0.0,18473,global,0.0
4,4,lr5e-05_bs16_drop0p4_temp2p0_a0p25_b0p05__wd1e-04trmiss0_degmodglobal,16,5e-05,0.0001,0.4,2.0,0.25,0.05,lr5e-05_bs16_drop0p4_temp2p0_a0p25_b0p05__wd1e-04trmiss0_degmodglobal,5,0.6668192446231842,0.707788348197937,0.4444444444444445,0.6840659340659342,0.5384615384615384,0.0,0.6223912388086319,0.6423128247261047,0.06065433565527201,0.18685665540397167,0.0,0.0,0.0,0.0,0.0,18473,global,0.0
4,4,lr5e-05_bs16_drop0p4_temp2p0_a0p25_b0p05__wd1e-04trmiss0_degmodglobal,16,5e-05,0.0001,0.4,2.0,0.25,0.05,lr5e-05_bs16_drop0p4_temp2p0_a0p25_b0p05__wd1e-04trmiss0_degmodglobal,6,0.6611691415309906,0.7078093886375427,0.4722222222222222,0.6907999407999409,0.5384615384615384,0.0,0.6319674998521805,0.6311631500720978,0.08041626866906881,0.19803858175873756,0.0,0.0,0.0,0.0,0.0,18473,global,0.0
4,4,lr5e-05_bs16_drop0p4_temp2p0_a0p25_b0p05__wd1e-04trmiss0_degmodglobal,16,5e-05,0.0001,0.4,2.0,0.25,0.05,lr5e-05_bs16_drop0p4_temp2p0_a0p25_b0p05__wd1e-04trmiss0_degmodglobal,7,0.6759068667888641,0.7114639282226562,0.4444444444444445,0.6840659340659342,0.5384615384615384,0.0,0.6004590839147568,0.6432106643915176,0.0761799905449152,0.2730245031416416,0.0,0.0,0.0,0.0,0.0,18473,global,0.0
4,4,lr5e-05_bs16_drop0p4_temp2p0_a0p25_b0p05__wd1e-04trmiss0_degmodglobal,16,5e-05,0.0001,0.4,2.0,0.25,0.05,lr5e-05_bs16_drop0p4_temp2p0_a0p25_b0p05__wd1e-04trmiss0_degmodglobal,8,0.6551478654146194,0.711665153503418,0.4722222222222222,0.6972934472934474,0.5384615384615384,0.0,0.5824379175901413,0.6322038173675537,0.059571290388703346,0.16102464124560356,0.0,0.0,0.0,0.0,0.0,18473,global,0.0
4,4,lr5e-05_bs16_drop0p4_temp2p0_a0p25_b0p05__wd1e-04trmiss0_degmodglobal,16,5e-05,0.0001,0.4,2.0,0.25,0.05,lr5e-05_bs16_drop0p4_temp2p0_a0p25_b0p05__wd1e-04trmiss0_degmodglobal,9,0.6295012682676315,0.7123684287071228,0.4722222222222222,0.6972934472934474,0.5384615384615384,0.0,0.5755060166120529,0.6046390533447266,0.06887428928166628,0.15287321712821722,0.0,0.0,0.0,0.0,0.0,18473,global,0.0
4,4,lr5e-05_bs16_drop0p4_temp2p0_a0p25_b0p05__wd1e-04trmiss0_degmodglobal,16,5e-05,0.0001,0.4,2.0,0.25,0.05,lr5e-05_bs16_drop0p4_temp2p0_a0p25_b0p05__wd1e-04trmiss0_degmodglobal,10,0.6223493069410324,0.7150663733482361,0.4444444444444445,0.6840659340659342,0.5384615384615384,0.0,0.5692176818847656,0.5947695225477219,0.07303299941122532,0.1864312943071127,0.0,0.0,0.0,0.0,0.0,18473,global,0.0
4,4,lr5e-05_bs16_drop0p4_temp2p0_a0p25_b0p05__wd1e-04trmiss0_degmodglobal,16,5e-05,0.0001,0.4,2.0,0.25,0.05,lr5e-05_bs16_drop0p4_temp2p0_a0p25_b0p05__wd1e-04trmiss0_degmodglobal,11,0.5993832498788834,0.7136324644088745,0.4166666666666667,0.6769952269952271,0.5384615384615384,0.0,0.5352315157651901,0.574023962020874,0.07303115073591471,0.14203008636832237,0.0,0.0,0.0,0.0,0.0,18473,global,0.0
4,4,lr5e-05_bs16_drop0p4_temp2p0_a0p25_b0p05__wd1e-04trmiss0_degmodglobal,16,5e-05,0.0001,0.4,2.0,0.25,0.05,lr5e-05_bs16_drop0p4_temp2p0_a0p25_b0p05__wd1e-04trmiss0_degmodglobal,12,0.6110195070505142,0.7116819620132446,0.4722222222222222,0.6907999407999409,0.5384615384615384,0.0,0.5741963982582092,0.5811105370521545,0.08479786105453968,0.1741902008652687,0.0,0.0,0.0,0.0,0.0,18473,global,0.0
4,4,lr5e-05_bs16_drop0p4_temp2p0_a0p25_b0p05__wd1e-04trmiss0_degmodglobal,16,5e-05,0.0001,0.4,2.0,0.25,0.05,lr5e-05_bs16_drop0p4_temp2p0_a0p25_b0p05__wd1e-04trmiss0_degmodglobal,13,0.6265330910682678,0.7112101316452026,0.4722222222222222,0.6907999407999409,0.5384615384615384,0.0,0.5250765234231949,0.5983210206031799,0.07542410306632519,0.18712065368890762,0.0,0.0,0.0,0.0,0.0,18473,global,0.0
4,4,lr5e-05_bs16_drop0p4_temp2p0_a0p25_b0p05__wd1e-04trmiss0_degmodglobal,16,5e-05,0.0001,0.4,2.0,0.25,0.05,lr5e-05_bs16_drop0p4_temp2p0_a0p25_b0p05__wd1e-04trmiss0_degmodglobal,14,0.6201777905225754,0.712230920791626,0.4722222222222222,0.6907999407999409,0.46153846153846156,0.0,0.5272006019949913,0.5919753909111023,0.07436525542289019,0.19222154095768929,0.0,0.0,0.0,0.0,0.0,18473,global,0.0
4,4,lr5e-05_bs16_drop0p4_temp2p0_a0p25_b0p05__wd1e-04trmiss0_degmodglobal,16,5e-05,0.0001,0.4,2.0,0.25,0.05,lr5e-05_bs16_drop0p4_temp2p0_a0p25_b0p05__wd1e-04trmiss0_degmodglobal,15,0.6121592372655869,0.7128987908363342,0.5,0.6972101972101973,0.46153846153846156,0.0,0.5411400124430656,0.5796898305416107,0.08080340549349785,0.24537093192338943,0.0,0.0,0.0,0.0,0.0,18473,global,0.0
4,4,lr5e-05_bs16_drop0p4_temp2p0_a0p25_b0p05__wd1e-04trmiss0_degmodglobal,16,5e-05,0.0001,0.4,2.0,0.25,0.05,lr5e-05_bs16_drop0p4_temp2p0_a0p25_b0p05__wd1e-04trmiss0_degmodglobal,16,0.6253776550292969,0.7179303169250488,0.5,0.6972101972101973,0.46153846153846156,0.0,0.5261472091078758,0.5897613614797592,0.09194411989301443,0.2526051290333271,0.0,0.0,0.0,0.0,0.0,18473,global,0.0
4,4,lr5e-05_bs16_drop0p4_temp2p0_a0p25_b0p05__wd1e-04trmiss0_degmodglobal,16,5e-05,0.0001,0.4,2.0,0.25,0.05,lr5e-05_bs16_drop0p4_temp2p0_a0p25_b0p05__wd1e-04trmiss0_degmodglobal,17,0.5951501280069351,0.7203119993209839,0.4444444444444444,0.6759851259851261,0.46153846153846156,0.0,0.5381250977516174,0.5705023407936096,0.06523033324629068,0.166804239153862,0.0,0.0,0.0,0.0,0.0,18473,global,0.0
4,4,lr5e-05_bs16_drop0p4_temp2p0_a0p25_b0p05__wd1e-04trmiss0_degmodglobal,16,5e-05,0.0001,0.4,2.0,0.25,0.05,lr5e-05_bs16_drop0p4_temp2p0_a0p25_b0p05__wd1e-04trmiss0_degmodglobal,18,0.6212595105171204,0.7201826572418213,0.41666666666666663,0.6660644910644911,0.46153846153846156,0.0,0.5054578185081482,0.5865292400121689,0.09813987277448177,0.2039065733551979,0.0,0.0,0.0,0.0,0.0,18473,global,0.0
4,4,lr5e-05_bs16_drop0p4_temp2p0_a0p25_b0p05__wd1e-04trmiss0_degmodglobal,16,5e-05,0.0001,0.4,2.0,0.25,0.05,lr5e-05_bs16_drop0p4_temp2p0_a0p25_b0p05__wd1e-04trmiss0_degmodglobal,19,0.6080717593431473,0.7179704904556274,0.41666666666666663,0.6593184593184593,0.46153846153846156,0.0,0.4934791550040245,0.5771263986825943,0.07577324286103249,0.24004096910357475,0.0,0.0,0.0,0.0,0.0,18473,global,0.0
4,4,lr5e-05_bs16_drop0p4_temp2p0_a0p25_b0p05__wd1e-04trmiss0_degmodglobal,16,5e-05,0.0001,0.4,2.0,0.25,0.05,lr5e-05_bs16_drop0p4_temp2p0_a0p25_b0p05__wd1e-04trmiss0_degmodglobal,20,0.6212536543607712,0.7155367136001587,0.41666666666666663,0.6593184593184593,0.46153846153846156,0.0,0.48613083362579346,0.5852867364883423,0.10177130624651909,0.2104819491505623,0.0,0.0,0.0,0.0,0.0,18473,global,0.0
4,4,lr5e-05_bs16_drop0p4_temp2p0_a0p25_b0p05__wd1e-04trmiss0_degmodglobal,16,5e-05,0.0001,0.4,2.0,0.25,0.05,lr5e-05_bs16_drop0p4_temp2p0_a0p25_b0p05__wd1e-04trmiss0_degmodglobal,21,0.5920271426439285,0.7160952687263489,0.4444444444444444,0.6759851259851261,0.46153846153846156,0.0,0.500894084572792,0.5635897070169449,0.07852105423808098,0.17614327371120453,0.0,0.0,0.0,0.0,0.0,18473,global,0.0
4,4,lr5e-05_bs16_drop0p4_temp2p0_a0p25_b0p05__wd1e-04trmiss0_degmodglobal,16,5e-05,0.0001,0.4,2.0,0.25,0.05,lr5e-05_bs16_drop0p4_temp2p0_a0p25_b0p05__wd1e-04trmiss0_degmodglobal,22,0.5958314538002014,0.7187353372573853,0.4166666666666667,0.6692511192511194,0.46153846153846156,0.0,0.47439564019441605,0.5604248195886612,0.09476415067911148,0.2343120388686657,0.0,0.0,0.0,0.0,0.0,18473,global,0.0
4,4,lr5e-05_bs16_drop0p4_temp2p0_a0p25_b0p05__wd1e-04trmiss0_degmodglobal,16,5e-05,0.0001,0.4,2.0,0.25,0.05,lr5e-05_bs16_drop0p4_temp2p0_a0p25_b0p05__wd1e-04trmiss0_degmodglobal,23,0.5936621129512787,0.7186189889907837,0.4166666666666667,0.6692511192511194,0.46153846153846156,0.0,0.45946817845106125,0.5518416315317154,0.1148481797426939,0.26216891035437584,0.0,0.0,0.0,0.0,0.0,18473,global,0.0
4,4,lr5e-05_bs16_drop0p4_temp2p0_a0p25_b0p05__wd1e-04trmiss0_degmodglobal,16,5e-05,0.0001,0.4,2.0,0.25,0.05,lr5e-05_bs16_drop0p4_temp2p0_a0p25_b0p05__wd1e-04trmiss0_degmodglobal,24,0.6084554940462112,0.7171469926834106,0.4166666666666667,0.6692511192511194,0.46153846153846156,0.0,0.4836377426981926,0.5596782267093658,0.13021611981093884,0.3244650587439537,0.0,0.0,0.0,0.0,0.0,18473,global,0.0
4,4,lr5e-05_bs16_drop0p4_temp2p0_a0p25_b0p05__wd1e-04trmiss0_degmodglobal,16,5e-05,0.0001,0.4,2.0,0.25,0.05,lr5e-05_bs16_drop0p4_temp2p0_a0p25_b0p05__wd1e-04trmiss0_degmodglobal,25,0.5983356684446335,0.7205399870872498,0.4166666666666667,0.6692511192511194,0.46153846153846156,0.0,0.44276345521211624,0.5616624355316162,0.09907893091440201,0.2380698285996914,0.0,0.0,0.0,0.0,0.0,18473,global,0.0
4,4,lr5e-05_bs16_drop0p4_temp2p0_a0p25_b0p05__wd1e-04trmiss0_degmodglobal,16,5e-05,0.0001,0.4,2.0,0.25,0.05,lr5e-05_bs16_drop0p4_temp2p0_a0p25_b0p05__wd1e-04trmiss0_degmodglobal,26,0.621316522359848,0.7204338312149048,0.4166666666666667,0.6692511192511194,0.46153846153846156,0.0,0.4735615849494934,0.5814548283815384,0.11098341830074787,0.2423166185617447,0.0,0.0,0.0,0.0,0.0,18473,global,0.0
4,4,lr5e-05_bs16_drop0p4_temp2p0_a0p25_b0p05__wd1e-04trmiss0_degmodglobal,16,5e-05,0.0001,0.4,2.0,0.25,0.05,lr5e-05_bs16_drop0p4_temp2p0_a0p25_b0p05__wd1e-04trmiss0_degmodglobal,27,0.6332389116287231,0.7204798460006714,0.4166666666666667,0.6692511192511194,0.46153846153846156,0.0,0.479369193315506,0.579013779759407,0.13447476364672184,0.4121292009949684,0.0,0.0,0.0,0.0,0.0,18473,global,0.0
4,4,lr5e-05_bs16_drop0p4_temp2p0_a0p25_b0p05__wd1e-04trmiss0_degmodglobal,16,5e-05,0.0001,0.4,2.0,0.25,0.05,lr5e-05_bs16_drop0p4_temp2p0_a0p25_b0p05__wd1e-04trmiss0_degmodglobal,28,0.601108729839325,0.7213926315307617,0.4166666666666667,0.6692511192511194,0.46153846153846156,0.0,0.513984888792038,0.5590613186359406,0.11501014791429043,0.2658977061510086,0.0,0.0,0.0,0.0,0.0,18473,global,0.0
4,4,lr5e-05_bs16_drop0p4_temp2p0_a0p25_b0p05__wd1e-04trmiss0_degmodglobal,16,5e-05,0.0001,0.4,2.0,0.25,0.05,lr5e-05_bs16_drop0p4_temp2p0_a0p25_b0p05__wd1e-04trmiss0_degmodglobal,29,0.5969585478305817,0.7217358350753784,0.4166666666666667,0.6692511192511194,0.46153846153846156,0.0,0.4545522928237915,0.5500739514827728,0.12343056127429008,0.32053905352950096,0.0,0.0,0.0,0.0,0.0,18473,global,0.0
4,4,lr5e-05_bs16_drop0p4_temp2p0_a0p25_b0p05__wd1e-04trmiss0_degmodglobal,16,5e-05,0.0001,0.4,2.0,0.25,0.05,lr5e-05_bs16_drop0p4_temp2p0_a0p25_b0p05__wd1e-04trmiss0_degmodglobal,30,0.6142526566982269,0.7217799425125122,0.4166666666666667,0.6692511192511194,0.46153846153846156,0.0,0.44622908532619476,0.5730495154857635,0.10828248783946037,0.28265030309557915,0.0,0.0,0.0,0.0,0.0,18473,global,0.0
4,4,lr5e-05_bs16_drop0p4_temp2p0_a0p25_b0p05__wd1e-04trmiss0_degmodglobal,16,5e-05,0.0001,0.4,2.0,0.25,0.05,lr5e-05_bs16_drop0p4_temp2p0_a0p25_b0p05__wd1e-04trmiss0_degmodglobal,31,0.6484547108411789,0.7234369516372681,0.3888888888888889,0.6621804121804122,0.46153846153846156,0.0,0.4691363126039505,0.5944519937038422,0.1404434908181429,0.37783726304769516,0.0,0.0,0.0,0.0,0.0,18473,global,0.0
4,4,lr5e-05_bs16_drop0p4_temp2p0_a0p25_b0p05__wd1e-04trmiss0_degmodglobal,16,5e-05,0.0001,0.4,2.0,0.25,0.05,lr5e-05_bs16_drop0p4_temp2p0_a0p25_b0p05__wd1e-04trmiss0_degmodglobal,32,0.6603913754224777,0.7247660160064697,0.3888888888888889,0.6621804121804122,0.46153846153846156,0.0,0.41674912720918655,0.5977469384670258,0.1555749960243702,0.4750138372182846,0.0,0.0,0.0,0.0,0.0,18473,global,0.0
4,4,lr5e-05_bs16_drop0p4_temp2p0_a0p25_b0p05__wd1e-04trmiss0_degmodglobal,16,5e-05,0.0001,0.4,2.0,0.25,0.05,lr5e-05_bs16_drop0p4_temp2p0_a0p25_b0p05__wd1e-04trmiss0_degmodglobal,33,0.6219226270914078,0.720931887626648,0.4444444444444444,0.6759851259851261,0.46153846153846156,0.0,0.4720901995897293,0.5838175714015961,0.10555517300963402,0.2343252506107092,0.0,0.0,0.0,0.0,0.0,18473,global,0.0
4,4,lr5e-05_bs16_drop0p4_temp2p0_a0p25_b0p05__wd1e-04trmiss0_degmodglobal,16,5e-05,0.0001,0.4,2.0,0.25,0.05,lr5e-05_bs16_drop0p4_temp2p0_a0p25_b0p05__wd1e-04trmiss0_degmodglobal,34,0.6026629656553268,0.7224489450454712,0.4166666666666667,0.6692511192511194,0.46153846153846156,0.0,0.4505133330821991,0.5619386732578278,0.10142889898270369,0.30734168365597725,0.0,0.0,0.0,0.0,0.0,18473,global,0.0
4,4,lr5e-05_bs16_drop0p4_temp2p0_a0p25_b0p05__wd1e-04trmiss0_degmodglobal,16,5e-05,0.0001,0.4,2.0,0.25,0.05,lr5e-05_bs16_drop0p4_temp2p0_a0p25_b0p05__wd1e-04trmiss0_degmodglobal,35,0.5865495800971985,0.720973014831543,0.38888888888888895,0.6525844525844526,0.46153846153846156,0.0,0.4767583906650543,0.5525994151830673,0.09151219576597214,0.22144203633069992,0.0,0.0,0.0,0.0,0.0,18473,global,0.0
4,4,lr1e-05_bs16_drop0p2_temp1p0_a0p25_b0p05__wd1e-04trmiss0_degmodglobal,16,1e-05,0.0001,0.2,1.0,0.25,0.05,lr1e-05_bs16_drop0p2_temp1p0_a0p25_b0p05__wd1e-04trmiss0_degmodglobal,1,0.6888796091079712,0.6760222315788269,0.47222222222222215,0.7874449624449624,0.5384615384615384,0.0,0.6992619633674622,0.6735924333333969,0.03686639852821827,0.12141136452555656,0.0,0.0,0.0,0.0,0.0,18473,global,0.0
4,4,lr1e-05_bs16_drop0p2_temp1p0_a0p25_b0p05__wd1e-04trmiss0_degmodglobal,16,1e-05,0.0001,0.2,1.0,0.25,0.05,lr1e-05_bs16_drop0p2_temp1p0_a0p25_b0p05__wd1e-04trmiss0_degmodglobal,2,0.708546906709671,0.6731880903244019,0.5,0.8031857031857033,0.6153846153846154,0.0,0.6948662996292114,0.6924848407506943,0.041581202298402786,0.11333534494042397,0.0,0.0,0.0,0.0,0.0,18473,global,0.0
4,4,lr1e-05_bs16_drop0p2_temp1p0_a0p25_b0p05__wd1e-04trmiss0_degmodglobal,16,1e-05,0.0001,0.2,1.0,0.25,0.05,lr1e-05_bs16_drop0p2_temp1p0_a0p25_b0p05__wd1e-04trmiss0_degmodglobal,3,0.6923889666795731,0.6702733039855957,0.4444444444444444,0.7621804121804123,0.6153846153846154,0.0,0.6940099000930786,0.6801687031984329,0.028672865126281977,0.10104082711040974,0.0,0.0,0.0,0.0,0.0,18473,global,0.0
4,4,lr1e-05_bs16_drop0p2_temp1p0_a0p25_b0p05__wd1e-04trmiss0_degmodglobal,16,1e-05,0.0001,0.2,1.0,0.25,0.05,lr1e-05_bs16_drop0p2_temp1p0_a0p25_b0p05__wd1e-04trmiss0_degmodglobal,4,0.7043838649988174,0.6690414547920227,0.4444444444444444,0.7621804121804123,0.6153846153846154,0.0,0.6898059695959091,0.6902814656496048,0.03395157866179943,0.11229013837873936,0.0,0.0,0.0,0.0,0.0,18473,global,0.0
4,4,lr1e-05_bs16_drop0p2_temp1p0_a0p25_b0p05__wd1e-04trmiss0_degmodglobal,16,1e-05,0.0001,0.2,1.0,0.25,0.05,lr1e-05_bs16_drop0p2_temp1p0_a0p25_b0p05__wd1e-04trmiss0_degmodglobal,5,0.6841243356466293,0.6674851775169373,0.41666666666666663,0.7473655973655975,0.6153846153846154,0.0,0.6778565645217896,0.6726874858140945,0.029860157053917646,0.07943638414144516,0.0,0.0,0.0,0.0,0.0,18473,global,0.0
4,4,lr1e-05_bs16_drop0p2_temp1p0_a0p25_b0p05__wd1e-04trmiss0_degmodglobal,16,1e-05,0.0001,0.2,1.0,0.25,0.05,lr1e-05_bs16_drop0p2_temp1p0_a0p25_b0p05__wd1e-04trmiss0_degmodglobal,6,0.7191811203956604,0.6650126576423645,0.4722222222222222,0.7754079254079256,0.6153846153846154,0.0,0.6717454791069031,0.7035750895738602,0.03558468306437135,0.13419724628329277,0.0,0.0,0.0,0.0,0.0,18473,global,0.0
4,4,lr1e-05_bs16_drop0p2_temp1p0_a0p25_b0p05__wd1e-04trmiss0_degmodglobal,16,1e-05,0.0001,0.2,1.0,0.25,0.05,lr1e-05_bs16_drop0p2_temp1p0_a0p25_b0p05__wd1e-04trmiss0_degmodglobal,7,0.6851584911346436,0.6621758341789246,0.38888888888888884,0.7374449624449626,0.6153846153846154,0.0,0.6745351552963257,0.6725087314844131,0.03128544054925442,0.09656787291169167,0.0,0.0,0.0,0.0,0.0,18473,global,0.0
4,4,lr1e-05_bs16_drop0p2_temp1p0_a0p25_b0p05__wd1e-04trmiss0_degmodglobal,16,1e-05,0.0001,0.2,1.0,0.25,0.05,lr1e-05_bs16_drop0p2_temp1p0_a0p25_b0p05__wd1e-04trmiss0_degmodglobal,8,0.6695014983415604,0.6610122919082642,0.4444444444444444,0.7751433751433752,0.6153846153846154,0.0,0.6549998074769974,0.6566952019929886,0.030642160214483738,0.10291505604982376,0.0,0.0,0.0,0.0,0.0,18473,global,0.0
4,4,lr1e-05_bs16_drop0p2_temp1p0_a0p25_b0p05__wd1e-04trmiss0_degmodglobal,16,1e-05,0.0001,0.2,1.0,0.25,0.05,lr1e-05_bs16_drop0p2_temp1p0_a0p25_b0p05__wd1e-04trmiss0_degmodglobal,9,0.6559329032897949,0.6586844325065613,0.3888888888888889,0.7546407296407298,0.6153846153846154,0.0,0.6560708582401276,0.6469743102788925,0.0230707167647779,0.06381818419322371,0.0,0.0,0.0,0.0,0.0,18473,global,0.0
4,4,lr1e-05_bs16_drop0p2_temp1p0_a0p25_b0p05__wd1e-04trmiss0_degmodglobal,16,1e-05,0.0001,0.2,1.0,0.25,0.05,lr1e-05_bs16_drop0p2_temp1p0_a0p25_b0p05__wd1e-04trmiss0_degmodglobal,10,0.6650288850069046,0.6564875841140747,0.4444444444444444,0.7751433751433752,0.6153846153846154,0.0,0.6673654466867447,0.6525582671165466,0.031241433694958687,0.09320512972772121,0.0,0.0,0.0,0.0,0.0,18473,global,0.0
4,4,lr1e-05_bs16_drop0p2_temp1p0_a0p25_b0p05__wd1e-04trmiss0_degmodglobal,16,1e-05,0.0001,0.2,1.0,0.25,0.05,lr1e-05_bs16_drop0p2_temp1p0_a0p25_b0p05__wd1e-04trmiss0_degmodglobal,11,0.6613515615463257,0.6561055183410645,0.41666666666666663,0.7652227402227403,0.6153846153846154,0.0,0.6661671996116638,0.6481264531612396,0.03176039969548583,0.10569998063147068,0.0,0.0,0.0,0.0,0.0,18473,global,0.0
4,4,lr1e-05_bs16_drop0p2_temp1p0_a0p25_b0p05__wd1e-04trmiss0_degmodglobal,16,1e-05,0.0001,0.2,1.0,0.25,0.05,lr1e-05_bs16_drop0p2_temp1p0_a0p25_b0p05__wd1e-04trmiss0_degmodglobal,12,0.6540882885456085,0.6568239331245422,0.41666666666666663,0.7652227402227403,0.6153846153846154,0.0,0.6555972844362259,0.6409895122051239,0.033510672859847546,0.09442231431603432,0.0,0.0,0.0,0.0,0.0,18473,global,0.0
4,4,lr1e-05_bs16_drop0p2_temp1p0_a0p25_b0p05__wd1e-04trmiss0_degmodglobal,16,1e-05,0.0001,0.2,1.0,0.25,0.05,lr1e-05_bs16_drop0p2_temp1p0_a0p25_b0p05__wd1e-04trmiss0_degmodglobal,13,0.654225617647171,0.657010018825531,0.41666666666666663,0.7652227402227403,0.6153846153846154,0.0,0.6424929350614548,0.6411324888467789,0.03317230800166726,0.09600090608000755,0.0,0.0,0.0,0.0,0.0,18473,global,0.0
4,4,lr1e-05_bs16_drop0p2_temp1p0_a0p25_b0p05__wd1e-04trmiss0_degmodglobal,16,1e-05,0.0001,0.2,1.0,0.25,0.05,lr1e-05_bs16_drop0p2_temp1p0_a0p25_b0p05__wd1e-04trmiss0_degmodglobal,14,0.6768538355827332,0.655503511428833,0.4444444444444444,0.7751433751433752,0.6153846153846154,0.0,0.6550102680921555,0.6604843139648438,0.03883787849918008,0.13320133090019226,0.0,0.0,0.0,0.0,0.0,18473,global,0.0
4,4,lr1e-05_bs16_drop0p2_temp1p0_a0p25_b0p05__wd1e-04trmiss0_degmodglobal,16,1e-05,0.0001,0.2,1.0,0.25,0.05,lr1e-05_bs16_drop0p2_temp1p0_a0p25_b0p05__wd1e-04trmiss0_degmodglobal,15,0.653290644288063,0.6570497751235962,0.41666666666666663,0.7473655973655975,0.6153846153846154,0.0,0.6496773064136505,0.6407638788223267,0.03135485714301467,0.09376125782728195,0.0,0.0,0.0,0.0,0.0,18473,global,0.0
4,4,lr1e-05_bs16_drop0p2_temp1p0_a0p25_b0p05__wd1e-04trmiss0_degmodglobal,16,1e-05,0.0001,0.2,1.0,0.25,0.05,lr1e-05_bs16_drop0p2_temp1p0_a0p25_b0p05__wd1e-04trmiss0_degmodglobal,16,0.6813851743936539,0.6574137806892395,0.41666666666666663,0.7473655973655975,0.6153846153846154,0.0,0.6521968096494675,0.6705843657255173,0.025878546992316842,0.08662316109985113,0.0,0.0,0.0,0.0,0.0,18473,global,0.0
4,4,lr1e-05_bs16_drop0p2_temp1p0_a0p25_b0p05__wd1e-04trmiss0_degmodglobal,16,1e-05,0.0001,0.2,1.0,0.25,0.05,lr1e-05_bs16_drop0p2_temp1p0_a0p25_b0p05__wd1e-04trmiss0_degmodglobal,17,0.6554277092218399,0.6611883640289307,0.41666666666666663,0.7473655973655975,0.6153846153846154,0.0,0.6306626051664352,0.6415252983570099,0.03171273833140731,0.1194837186485529,0.0,0.0,0.0,0.0,0.0,18473,global,0.0
4,4,lr1e-05_bs16_drop0p2_temp1p0_a0p25_b0p05__wd1e-04trmiss0_degmodglobal,16,1e-05,0.0001,0.2,1.0,0.25,0.05,lr1e-05_bs16_drop0p2_temp1p0_a0p25_b0p05__wd1e-04trmiss0_degmodglobal,18,0.6682312935590744,0.6606056094169617,0.41666666666666663,0.7473655973655975,0.6153846153846154,0.0,0.6486984640359879,0.6546436250209808,0.030563737265765667,0.11893494240939617,0.0,0.0,0.0,0.0,0.0,18473,global,0.0
4,4,lr1e-05_bs16_drop0p2_temp1p0_a0p25_b0p05__wd1e-04trmiss0_degmodglobal,16,1e-05,0.0001,0.2,1.0,0.25,0.05,lr1e-05_bs16_drop0p2_temp1p0_a0p25_b0p05__wd1e-04trmiss0_degmodglobal,19,0.649218276143074,0.6597933769226074,0.41666666666666663,0.7473655973655975,0.6153846153846154,0.0,0.6617780327796936,0.638431116938591,0.028137103654444218,0.07505760807543993,0.0,0.0,0.0,0.0,0.0,18473,global,0.0
4,4,lr1e-05_bs16_drop0p2_temp1p0_a0p25_b0p05__wd1e-04trmiss0_degmodglobal,16,1e-05,0.0001,0.2,1.0,0.25,0.05,lr1e-05_bs16_drop0p2_temp1p0_a0p25_b0p05__wd1e-04trmiss0_degmodglobal,20,0.6372472494840622,0.6603612899780273,0.41666666666666663,0.7473655973655975,0.6153846153846154,0.0,0.639079362154007,0.6264033317565918,0.026084288023412228,0.0864570988342166,0.0,0.0,0.0,0.0,0.0,18473,global,0.0
4,4,lr1e-05_bs16_drop0p2_temp1p0_a0p25_b0p05__wd1e-04trmiss0_degmodglobal,16,1e-05,0.0001,0.2,1.0,0.25,0.05,lr1e-05_bs16_drop0p2_temp1p0_a0p25_b0p05__wd1e-04trmiss0_degmodglobal,21,0.6568683534860611,0.6617307066917419,0.3888888888888889,0.7306989306989309,0.6153846153846154,0.0,0.654657244682312,0.6451344341039658,0.02945671696215868,0.08739468455314636,0.0,0.0,0.0,0.0,0.0,18473,global,0.0
4,4,lr1e-05_bs16_drop0p2_temp1p0_a0p25_b0p05__wd1e-04trmiss0_degmodglobal,16,1e-05,0.0001,0.2,1.0,0.25,0.05,lr1e-05_bs16_drop0p2_temp1p0_a0p25_b0p05__wd1e-04trmiss0_degmodglobal,22,0.6534910500049591,0.6618909239768982,0.41666666666666663,0.7473655973655975,0.6153846153846154,0.0,0.6308974623680115,0.6420880854129791,0.02822544565424323,0.08693213947117329,0.0,0.0,0.0,0.0,0.0,18473,global,0.0
4,4,lr1e-05_bs16_drop0p2_temp1p0_a0p25_b0p05__wd1e-04trmiss0_degmodglobal,16,1e-05,0.0001,0.2,1.0,0.25,0.05,lr1e-05_bs16_drop0p2_temp1p0_a0p25_b0p05__wd1e-04trmiss0_degmodglobal,23,0.6412262618541718,0.6609324216842651,0.41666666666666663,0.7473655973655975,0.6153846153846154,0.0,0.6355114877223969,0.6283044964075089,0.027679252438247204,0.12003890983760357,0.0,0.0,0.0,0.0,0.0,18473,global,0.0
4,4,lr1e-05_bs16_drop0p2_temp1p0_a0p25_b0p05__wd1e-04trmiss0_degmodglobal,16,1e-05,0.0001,0.2,1.0,0.25,0.05,lr1e-05_bs16_drop0p2_temp1p0_a0p25_b0p05__wd1e-04trmiss0_degmodglobal,24,0.6615540534257889,0.6619185209274292,0.41666666666666663,0.7473655973655975,0.6153846153846154,0.0,0.62392558157444,0.6475692689418793,0.03177616512402892,0.12081442773342133,0.0,0.0,0.0,0.0,0.0,18473,global,0.0
4,4,lr1e-05_bs16_drop0p2_temp1p0_a0p25_b0p05__wd1e-04trmiss0_degmodglobal,16,1e-05,0.0001,0.2,1.0,0.25,0.05,lr1e-05_bs16_drop0p2_temp1p0_a0p25_b0p05__wd1e-04trmiss0_degmodglobal,25,0.6469442397356033,0.6600466966629028,0.41666666666666663,0.7473655973655975,0.6153846153846154,0.0,0.6125989705324173,0.6340245306491852,0.030585363507270813,0.1054673045873642,0.0,0.0,0.0,0.0,0.0,18473,global,0.0
4,4,lr1e-05_bs16_drop0p2_temp1p0_a0p25_b0p05__wd1e-04trmiss0_degmodglobal,16,1e-05,0.0001,0.2,1.0,0.25,0.05,lr1e-05_bs16_drop0p2_temp1p0_a0p25_b0p05__wd1e-04trmiss0_degmodglobal,26,0.6343006044626236,0.6598677635192871,0.41666666666666663,0.7473655973655975,0.6153846153846154,0.0,0.6153019368648529,0.6210373789072037,0.03170149773359299,0.10675729438662529,0.0,0.0,0.0,0.0,0.0,18473,global,0.0
4,4,lr1e-05_bs16_drop0p2_temp2p0_a0p25_b0p05__wd1e-04trmiss0_degmodglobal,16,1e-05,0.0001,0.2,2.0,0.25,0.05,lr1e-05_bs16_drop0p2_temp2p0_a0p25_b0p05__wd1e-04trmiss0_degmodglobal,1,0.7041914165019989,0.6700292825698853,0.6388888888888888,0.8241943241943244,0.6153846153846154,0.0,0.7357835173606873,0.6868228018283844,0.042696951888501644,0.13388732820749283,0.0,0.0,0.0,0.0,0.0,18473,global,0.0
4,4,lr1e-05_bs16_drop0p2_temp2p0_a0p25_b0p05__wd1e-04trmiss0_degmodglobal,16,1e-05,0.0001,0.2,2.0,0.25,0.05,lr1e-05_bs16_drop0p2_temp2p0_a0p25_b0p05__wd1e-04trmiss0_degmodglobal,2,0.6769817471504211,0.6680007576942444,0.6111111111111112,0.8122895622895623,0.6153846153846154,0.0,0.7169913500547409,0.6577322334051132,0.04658136982470751,0.15208371728658676,0.0,0.0,0.0,0.0,0.0,18473,global,0.0
4,4,lr1e-05_bs16_drop0p2_temp2p0_a0p25_b0p05__wd1e-04trmiss0_degmodglobal,16,1e-05,0.0001,0.2,2.0,0.25,0.05,lr1e-05_bs16_drop0p2_temp2p0_a0p25_b0p05__wd1e-04trmiss0_degmodglobal,3,0.6907074451446533,0.6650047302246094,0.6111111111111112,0.8122895622895623,0.6153846153846154,0.0,0.7252720296382904,0.6725504696369171,0.04758951812982559,0.12519207037985325,0.0,0.0,0.0,0.0,0.0,18473,global,0.0
4,4,lr1e-05_bs16_drop0p2_temp2p0_a0p25_b0p05__wd1e-04trmiss0_degmodglobal,16,1e-05,0.0001,0.2,2.0,0.25,0.05,lr1e-05_bs16_drop0p2_temp2p0_a0p25_b0p05__wd1e-04trmiss0_degmodglobal,4,0.6632913798093796,0.6615200042724609,0.6111111111111112,0.8122895622895623,0.5384615384615384,0.0,0.7252331674098969,0.6461854875087738,0.04693974554538727,0.10741941817104816,0.0,0.0,0.0,0.0,0.0,18473,global,0.0
4,4,lr1e-05_bs16_drop0p2_temp2p0_a0p25_b0p05__wd1e-04trmiss0_degmodglobal,16,1e-05,0.0001,0.2,2.0,0.25,0.05,lr1e-05_bs16_drop0p2_temp2p0_a0p25_b0p05__wd1e-04trmiss0_degmodglobal,5,0.6709731072187424,0.6599038243293762,0.5555555555555556,0.78980278980279,0.5384615384615384,0.0,0.7281361520290375,0.6539992392063141,0.04381306003779173,0.12041188590228558,0.0,0.0,0.0,0.0,0.0,18473,global,0.0
4,4,lr1e-05_bs16_drop0p2_temp2p0_a0p25_b0p05__wd1e-04trmiss0_degmodglobal,16,1e-05,0.0001,0.2,2.0,0.25,0.05,lr1e-05_bs16_drop0p2_temp2p0_a0p25_b0p05__wd1e-04trmiss0_degmodglobal,6,0.6666540950536728,0.6608657240867615,0.5,0.76506734006734,0.5384615384615384,0.0,0.7340637296438217,0.6452784538269043,0.050325291231274605,0.17588640563189983,0.0,0.0,0.0,0.0,0.0,18473,global,0.0
4,4,lr1e-05_bs16_drop0p2_temp2p0_a0p25_b0p05__wd1e-04trmiss0_degmodglobal,16,1e-05,0.0001,0.2,2.0,0.25,0.05,lr1e-05_bs16_drop0p2_temp2p0_a0p25_b0p05__wd1e-04trmiss0_degmodglobal,7,0.674234077334404,0.660821795463562,0.4722222222222222,0.7544853294853295,0.5384615384615384,0.0,0.6804085224866867,0.6589761972427368,0.04095249716192484,0.10039544757455587,0.0,0.0,0.0,0.0,0.0,18473,global,0.0
4,4,lr1e-05_bs16_drop0p2_temp2p0_a0p25_b0p05__wd1e-04trmiss0_degmodglobal,16,1e-05,0.0001,0.2,2.0,0.25,0.05,lr1e-05_bs16_drop0p2_temp2p0_a0p25_b0p05__wd1e-04trmiss0_degmodglobal,8,0.6798707395792007,0.6623262763023376,0.4722222222222222,0.7544853294853295,0.5384615384615384,0.0,0.7251932471990585,0.6634350419044495,0.04126897547394037,0.12236897833645344,0.0,0.0,0.0,0.0,0.0,18473,global,0.0
4,4,lr1e-05_bs16_drop0p2_temp2p0_a0p25_b0p05__wd1e-04trmiss0_degmodglobal,16,1e-05,0.0001,0.2,2.0,0.25,0.05,lr1e-05_bs16_drop0p2_temp2p0_a0p25_b0p05__wd1e-04trmiss0_degmodglobal,9,0.6807655245065689,0.6633003950119019,0.4722222222222222,0.7544853294853295,0.5384615384615384,0.0,0.7263375967741013,0.6604452878236771,0.04914639797061682,0.16067230701446533,0.0,0.0,0.0,0.0,0.0,18473,global,0.0
4,4,lr1e-05_bs16_drop0p2_temp2p0_a0p25_b0p05__wd1e-04trmiss0_degmodglobal,16,1e-05,0.0001,0.2,2.0,0.25,0.05,lr1e-05_bs16_drop0p2_temp2p0_a0p25_b0p05__wd1e-04trmiss0_degmodglobal,10,0.6760110110044479,0.6662781238555908,0.41666666666666663,0.7267075517075519,0.5384615384615384,0.0,0.709447517991066,0.659439817070961,0.04356275638565421,0.11361050419509411,0.0,0.0,0.0,0.0,0.0,18473,global,0.0
4,4,lr1e-05_bs16_drop0p2_temp2p0_a0p25_b0p05__wd1e-04trmiss0_degmodglobal,16,1e-05,0.0001,0.2,2.0,0.25,0.05,lr1e-05_bs16_drop0p2_temp2p0_a0p25_b0p05__wd1e-04trmiss0_degmodglobal,11,0.665579229593277,0.6659944653511047,0.41666666666666663,0.7007816257816257,0.5384615384615384,0.0,0.7034905403852463,0.6478012651205063,0.045160618145018816,0.12975654564797878,0.0,0.0,0.0,0.0,0.0,18473,global,0.0
4,4,lr1e-05_bs16_drop0p2_temp2p0_a0p25_b0p05__wd1e-04trmiss0_degmodglobal,16,1e-05,0.0001,0.2,2.0,0.25,0.05,lr1e-05_bs16_drop0p2_temp2p0_a0p25_b0p05__wd1e-04trmiss0_degmodglobal,12,0.6527096033096313,0.6639190316200256,0.4444444444444444,0.7174482924482923,0.5384615384615384,0.0,0.6894285827875137,0.6380775421857834,0.04001438245177269,0.0925693940371275,0.0,0.0,0.0,0.0,0.0,18473,global,0.0
4,4,lr1e-05_bs16_drop0p2_temp2p0_a0p25_b0p05__wd1e-04trmiss0_degmodglobal,16,1e-05,0.0001,0.2,2.0,0.25,0.05,lr1e-05_bs16_drop0p2_temp2p0_a0p25_b0p05__wd1e-04trmiss0_degmodglobal,13,0.6600391715764999,0.6653388142585754,0.4444444444444444,0.7113636363636364,0.5384615384615384,0.0,0.6952017694711685,0.640657588839531,0.049090067856013775,0.14218153804540634,0.0,0.0,0.0,0.0,0.0,18473,global,0.0
4,4,lr1e-05_bs16_drop0p2_temp2p0_a0p25_b0p05__wd1e-04trmiss0_degmodglobal,16,1e-05,0.0001,0.2,2.0,0.25,0.05,lr1e-05_bs16_drop0p2_temp2p0_a0p25_b0p05__wd1e-04trmiss0_degmodglobal,14,0.6759797185659409,0.6663612723350525,0.4722222222222222,0.728030303030303,0.5384615384615384,0.0,0.6926774978637695,0.6591149866580963,0.046683117747306824,0.10387863032519817,0.0,0.0,0.0,0.0,0.0,18473,global,0.0
4,4,lr1e-05_bs16_drop0p2_temp2p0_a0p25_b0p05__wd1e-04trmiss0_degmodglobal,16,1e-05,0.0001,0.2,2.0,0.25,0.05,lr1e-05_bs16_drop0p2_temp2p0_a0p25_b0p05__wd1e-04trmiss0_degmodglobal,15,0.6464613229036331,0.6645647287368774,0.4722222222222222,0.728030303030303,0.5384615384615384,0.0,0.680067703127861,0.6293900310993195,0.044548703357577324,0.11868259683251381,0.0,0.0,0.0,0.0,0.0,18473,global,0.0
4,4,lr1e-05_bs16_drop0p2_temp2p0_a0p25_b0p05__wd1e-04trmiss0_degmodglobal,16,1e-05,0.0001,0.2,2.0,0.25,0.05,lr1e-05_bs16_drop0p2_temp2p0_a0p25_b0p05__wd1e-04trmiss0_degmodglobal,16,0.6623052954673767,0.6627910733222961,0.41666666666666663,0.7007816257816257,0.5384615384615384,0.0,0.6847574710845947,0.6476251184940338,0.038066876120865345,0.10326927155256271,0.0,0.0,0.0,0.0,0.0,18473,global,0.0
4,4,lr1e-05_bs16_drop0p2_temp2p0_a0p25_b0p05__wd1e-04trmiss0_degmodglobal,16,1e-05,0.0001,0.2,2.0,0.25,0.05,lr1e-05_bs16_drop0p2_temp2p0_a0p25_b0p05__wd1e-04trmiss0_degmodglobal,17,0.6294606178998947,0.6650561690330505,0.41666666666666663,0.7007816257816257,0.5384615384615384,0.0,0.6858610361814499,0.6114559024572372,0.04848076868802309,0.11769036762416363,0.0,0.0,0.0,0.0,0.0,18473,global,0.0
4,4,lr1e-05_bs16_drop0p2_temp2p0_a0p25_b0p05__wd1e-04trmiss0_degmodglobal,16,1e-05,0.0001,0.2,2.0,0.25,0.05,lr1e-05_bs16_drop0p2_temp2p0_a0p25_b0p05__wd1e-04trmiss0_degmodglobal,18,0.6476974040269852,0.6641978025436401,0.41666666666666663,0.7007816257816257,0.5384615384615384,0.0,0.6674087643623352,0.6299639493227005,0.043662968557327986,0.13635419588536024,0.0,0.0,0.0,0.0,0.0,18473,global,0.0
4,4,lr1e-05_bs16_drop0p2_temp2p0_a0p25_b0p05__wd1e-04trmiss0_degmodglobal,16,1e-05,0.0001,0.2,2.0,0.25,0.05,lr1e-05_bs16_drop0p2_temp2p0_a0p25_b0p05__wd1e-04trmiss0_degmodglobal,19,0.6691441684961319,0.6626282930374146,0.41666666666666663,0.7007816257816257,0.5384615384615384,0.0,0.6733162999153137,0.6516570299863815,0.047403328120708466,0.11272616684436798,0.0,0.0,0.0,0.0,0.0,18473,global,0.0
4,4,lr1e-05_bs16_drop0p2_temp2p0_a0p25_b0p05__wd1e-04trmiss0_degmodglobal,16,1e-05,0.0001,0.2,2.0,0.25,0.05,lr1e-05_bs16_drop0p2_temp2p0_a0p25_b0p05__wd1e-04trmiss0_degmodglobal,20,0.627038910984993,0.6609535217285156,0.41666666666666663,0.7267075517075519,0.6153846153846154,0.0,0.6549117714166641,0.6102233827114105,0.04497652966529131,0.11142779514193535,0.0,0.0,0.0,0.0,0.0,18473,global,0.0
4,4,lr1e-05_bs16_drop0p2_temp2p0_a0p25_b0p05__wd1e-04trmiss0_degmodglobal,16,1e-05,0.0001,0.2,2.0,0.25,0.05,lr1e-05_bs16_drop0p2_temp2p0_a0p25_b0p05__wd1e-04trmiss0_degmodglobal,21,0.6461296230554581,0.6642982959747314,0.3888888888888889,0.6896705146705147,0.5384615384615384,0.0,0.6939440369606018,0.6321425288915634,0.037155681289732456,0.09396364167332649,0.0,0.0,0.0,0.0,0.0,18473,global,0.0
4,4,lr1e-05_bs16_drop0p2_temp2p0_a0p25_b0p05__wd1e-04trmiss0_degmodglobal,16,1e-05,0.0001,0.2,2.0,0.25,0.05,lr1e-05_bs16_drop0p2_temp2p0_a0p25_b0p05__wd1e-04trmiss0_degmodglobal,22,0.6497060805559158,0.6632731556892395,0.3888888888888889,0.6896705146705147,0.6153846153846154,0.0,0.6674397438764572,0.6352964341640472,0.03547356929630041,0.11082478985190392,0.0,0.0,0.0,0.0,0.0,18473,global,0.0
4,4,lr1e-05_bs16_drop0p2_temp2p0_a0p25_b0p05__wd1e-04trmiss0_degmodglobal,16,1e-05,0.0001,0.2,2.0,0.25,0.05,lr1e-05_bs16_drop0p2_temp2p0_a0p25_b0p05__wd1e-04trmiss0_degmodglobal,23,0.6461328119039536,0.6652541160583496,0.3888888888888889,0.6896705146705147,0.5384615384615384,0.0,0.6583034694194794,0.6282145828008652,0.049003337509930134,0.1133477408438921,0.0,0.0,0.0,0.0,0.0,18473,global,0.0
4,4,lr1e-05_bs16_drop0p2_temp2p0_a0p25_b0p05__wd1e-04trmiss0_degmodglobal,16,1e-05,0.0001,0.2,2.0,0.25,0.05,lr1e-05_bs16_drop0p2_temp2p0_a0p25_b0p05__wd1e-04trmiss0_degmodglobal,24,0.6448027938604355,0.6645440459251404,0.3888888888888889,0.6896705146705147,0.6153846153846154,0.0,0.6838434934616089,0.6267807334661484,0.0491073913872242,0.11490429565310478,0.0,0.0,0.0,0.0,0.0,18473,global,0.0
4,4,lr1e-05_bs16_drop0p2_temp2p0_a0p25_b0p05__wd1e-04trmiss0_degmodglobal,16,1e-05,0.0001,0.2,2.0,0.25,0.05,lr1e-05_bs16_drop0p2_temp2p0_a0p25_b0p05__wd1e-04trmiss0_degmodglobal,25,0.6496534645557404,0.6648926734924316,0.41666666666666663,0.7007816257816257,0.5384615384615384,0.0,0.660890519618988,0.6334411203861237,0.04296889156103134,0.10940259322524071,0.0,0.0,0.0,0.0,0.0,18473,global,0.0
4,4,lr1e-05_bs16_drop0p4_temp1p0_a0p25_b0p05__wd1e-04trmiss0_degmodglobal,16,1e-05,0.0001,0.4,1.0,0.25,0.05,lr1e-05_bs16_drop0p4_temp1p0_a0p25_b0p05__wd1e-04trmiss0_degmodglobal,1,0.6969580203294754,0.6935022473335266,0.4722222222222222,0.6546737213403881,0.6923076923076923,0.0,0.6930528432130814,0.6740122139453888,0.05509864818304777,0.18342254683375359,0.0,0.0,0.0,0.0,0.0,18473,global,0.0
4,4,lr1e-05_bs16_drop0p4_temp1p0_a0p25_b0p05__wd1e-04trmiss0_degmodglobal,16,1e-05,0.0001,0.4,1.0,0.25,0.05,lr1e-05_bs16_drop0p4_temp1p0_a0p25_b0p05__wd1e-04trmiss0_degmodglobal,2,0.6864010393619537,0.6922635436058044,0.5,0.6622494789161455,0.6923076923076923,0.0,0.6997291147708893,0.664203479886055,0.04751826263964176,0.20635951682925224,0.0,0.0,0.0,0.0,0.0,18473,global,0.0
4,4,lr1e-05_bs16_drop0p4_temp1p0_a0p25_b0p05__wd1e-04trmiss0_degmodglobal,16,1e-05,0.0001,0.4,1.0,0.25,0.05,lr1e-05_bs16_drop0p4_temp1p0_a0p25_b0p05__wd1e-04trmiss0_degmodglobal,3,0.7144370973110199,0.6904368996620178,0.5,0.6622494789161455,0.6923076923076923,0.0,0.7080070972442627,0.6949696093797684,0.05008180718868971,0.13894059136509895,0.0,0.0,0.0,0.0,0.0,18473,global,0.0
4,4,lr1e-05_bs16_drop0p4_temp1p0_a0p25_b0p05__wd1e-04trmiss0_degmodglobal,16,1e-05,0.0001,0.4,1.0,0.25,0.05,lr1e-05_bs16_drop0p4_temp1p0_a0p25_b0p05__wd1e-04trmiss0_degmodglobal,4,0.6629718691110611,0.6894204616546631,0.5,0.6622494789161455,0.6923076923076923,0.0,0.7031663209199905,0.6457241475582123,0.042338598519563675,0.13326138444244862,0.0,0.0,0.0,0.0,0.0,18473,global,0.0
4,4,lr1e-05_bs16_drop0p4_temp1p0_a0p25_b0p05__wd1e-04trmiss0_degmodglobal,16,1e-05,0.0001,0.4,1.0,0.25,0.05,lr1e-05_bs16_drop0p4_temp1p0_a0p25_b0p05__wd1e-04trmiss0_degmodglobal,5,0.6867997050285339,0.6862502694129944,0.4722222222222222,0.6546737213403881,0.6923076923076923,0.0,0.6737650334835052,0.6727445721626282,0.04030381981283426,0.079583790153265,0.0,0.0,0.0,0.0,0.0,18473,global,0.0
4,4,lr1e-05_bs16_drop0p4_temp1p0_a0p25_b0p05__wd1e-04trmiss0_degmodglobal,16,1e-05,0.0001,0.4,1.0,0.25,0.05,lr1e-05_bs16_drop0p4_temp1p0_a0p25_b0p05__wd1e-04trmiss0_degmodglobal,6,0.7061624228954315,0.6858996748924255,0.4722222222222222,0.6546737213403881,0.7692307692307693,0.0,0.6710306107997894,0.6903649419546127,0.0405229153111577,0.11333545483648777,0.0,0.0,0.0,0.0,0.0,18473,global,0.0
4,4,lr1e-05_bs16_drop0p4_temp1p0_a0p25_b0p05__wd1e-04trmiss0_degmodglobal,16,1e-05,0.0001,0.4,1.0,0.25,0.05,lr1e-05_bs16_drop0p4_temp1p0_a0p25_b0p05__wd1e-04trmiss0_degmodglobal,7,0.6924913078546524,0.6875838041305542,0.4444444444444444,0.64659291325958,0.6153846153846154,0.0,0.6671968847513199,0.6767438650131226,0.04487229697406292,0.09058752842247486,0.0,0.0,0.0,0.0,0.0,18473,global,0.0
4,4,lr1e-05_bs16_drop0p4_temp1p0_a0p25_b0p05__wd1e-04trmiss0_degmodglobal,16,1e-05,0.0001,0.4,1.0,0.25,0.05,lr1e-05_bs16_drop0p4_temp1p0_a0p25_b0p05__wd1e-04trmiss0_degmodglobal,8,0.6731635332107544,0.6891215443611145,0.4444444444444444,0.64659291325958,0.6923076923076923,0.0,0.662910208106041,0.6551713645458221,0.048548550345003605,0.11710056848824024,0.0,0.0,0.0,0.0,0.0,18473,global,0.0
4,4,lr1e-05_bs16_drop0p4_temp1p0_a0p25_b0p05__wd1e-04trmiss0_degmodglobal,16,1e-05,0.0001,0.4,1.0,0.25,0.05,lr1e-05_bs16_drop0p4_temp1p0_a0p25_b0p05__wd1e-04trmiss0_degmodglobal,9,0.6572968810796738,0.6865659952163696,0.41666666666666663,0.637950937950938,0.6923076923076923,0.0,0.652240514755249,0.6380332857370377,0.048081870190799236,0.14486238919198513,0.0,0.0,0.0,0.0,0.0,18473,global,0.0
4,4,lr1e-05_bs16_drop0p4_temp1p0_a0p25_b0p05__wd1e-04trmiss0_degmodglobal,16,1e-05,0.0001,0.4,1.0,0.25,0.05,lr1e-05_bs16_drop0p4_temp1p0_a0p25_b0p05__wd1e-04trmiss0_degmodglobal,10,0.6735947877168655,0.6858271956443787,0.41666666666666663,0.637950937950938,0.6923076923076923,0.0,0.6644194573163986,0.6550969183444977,0.04589645517989993,0.14047525450587273,0.0,0.0,0.0,0.0,0.0,18473,global,0.0
4,4,lr1e-05_bs16_drop0p4_temp1p0_a0p25_b0p05__wd1e-04trmiss0_degmodglobal,16,1e-05,0.0001,0.4,1.0,0.25,0.05,lr1e-05_bs16_drop0p4_temp1p0_a0p25_b0p05__wd1e-04trmiss0_degmodglobal,11,0.6588681042194366,0.6883633136749268,0.41666666666666663,0.637950937950938,0.6923076923076923,0.0,0.6564749926328659,0.6373152434825897,0.05306245572865009,0.16574494540691376,0.0,0.0,0.0,0.0,0.0,18473,global,0.0
4,4,lr1e-05_bs16_drop0p4_temp1p0_a0p25_b0p05__wd1e-04trmiss0_degmodglobal,16,1e-05,0.0001,0.4,1.0,0.25,0.05,lr1e-05_bs16_drop0p4_temp1p0_a0p25_b0p05__wd1e-04trmiss0_degmodglobal,12,0.6683900654315948,0.6908469796180725,0.41666666666666663,0.637950937950938,0.6923076923076923,0.0,0.6530168652534485,0.6499575525522232,0.04755381587892771,0.13088174536824226,0.0,0.0,0.0,0.0,0.0,18473,global,0.0
4,4,lr1e-05_bs16_drop0p4_temp1p0_a0p25_b0p05__wd1e-04trmiss0_degmodglobal,16,1e-05,0.0001,0.4,1.0,0.25,0.05,lr1e-05_bs16_drop0p4_temp1p0_a0p25_b0p05__wd1e-04trmiss0_degmodglobal,13,0.6727593690156937,0.6909689903259277,0.41666666666666663,0.637950937950938,0.6923076923076923,0.0,0.6828491389751434,0.6549520641565323,0.0430145338177681,0.14107352308928967,0.0,0.0,0.0,0.0,0.0,18473,global,0.0
4,4,lr1e-05_bs16_drop0p4_temp1p0_a0p25_b0p05__wd1e-04trmiss0_degmodglobal,16,1e-05,0.0001,0.4,1.0,0.25,0.05,lr1e-05_bs16_drop0p4_temp1p0_a0p25_b0p05__wd1e-04trmiss0_degmodglobal,14,0.6417219042778015,0.693123459815979,0.41666666666666663,0.637950937950938,0.6923076923076923,0.0,0.6541089415550232,0.6214466094970703,0.05124048888683319,0.1493033803999424,0.0,0.0,0.0,0.0,0.0,18473,global,0.0
4,4,lr1e-05_bs16_drop0p4_temp1p0_a0p25_b0p05__wd1e-04trmiss0_degmodglobal,16,1e-05,0.0001,0.4,1.0,0.25,0.05,lr1e-05_bs16_drop0p4_temp1p0_a0p25_b0p05__wd1e-04trmiss0_degmodglobal,15,0.6772848963737488,0.6898894906044006,0.41666666666666663,0.637950937950938,0.6923076923076923,0.0,0.6398447155952454,0.6652919948101044,0.03198761632665992,0.07991999760270119,0.0,0.0,0.0,0.0,0.0,18473,global,0.0
4,4,lr1e-05_bs16_drop0p4_temp1p0_a0p25_b0p05__wd1e-04trmiss0_degmodglobal,16,1e-05,0.0001,0.4,1.0,0.25,0.05,lr1e-05_bs16_drop0p4_temp1p0_a0p25_b0p05__wd1e-04trmiss0_degmodglobal,16,0.6929583549499512,0.6886147260665894,0.41666666666666663,0.637950937950938,0.6923076923076923,0.0,0.6563974171876907,0.677360936999321,0.04056979436427355,0.10909945424646139,0.0,0.0,0.0,0.0,0.0,18473,global,0.0
4,4,lr1e-05_bs16_drop0p4_temp1p0_a0p25_b0p05__wd1e-04trmiss0_degmodglobal,16,1e-05,0.0001,0.4,1.0,0.25,0.05,lr1e-05_bs16_drop0p4_temp1p0_a0p25_b0p05__wd1e-04trmiss0_degmodglobal,17,0.6373747438192368,0.6899288892745972,0.41666666666666663,0.637950937950938,0.6923076923076923,0.0,0.6639393866062164,0.6202035695314407,0.044231065548956394,0.12226846441626549,0.0,0.0,0.0,0.0,0.0,18473,global,0.0
4,4,lr1e-05_bs16_drop0p4_temp1p0_a0p25_b0p05__wd1e-04trmiss0_degmodglobal,16,1e-05,0.0001,0.4,1.0,0.25,0.05,lr1e-05_bs16_drop0p4_temp1p0_a0p25_b0p05__wd1e-04trmiss0_degmodglobal,18,0.6857084035873413,0.6881997585296631,0.41666666666666663,0.637950937950938,0.6923076923076923,0.0,0.6608772873878479,0.6663962304592133,0.049275921657681465,0.13986379839479923,0.0,0.0,0.0,0.0,0.0,18473,global,0.0
4,4,lr1e-05_bs16_drop0p4_temp1p0_a0p25_b0p05__wd1e-04trmiss0_degmodglobal,16,1e-05,0.0001,0.4,1.0,0.25,0.05,lr1e-05_bs16_drop0p4_temp1p0_a0p25_b0p05__wd1e-04trmiss0_degmodglobal,19,0.6479985862970352,0.6907877922058105,0.41666666666666663,0.637950937950938,0.6923076923076923,0.0,0.6338431090116501,0.6316695511341095,0.04294080566614866,0.11187661997973919,0.0,0.0,0.0,0.0,0.0,18473,global,0.0
4,4,lr1e-05_bs16_drop0p4_temp1p0_a0p25_b0p05__wd1e-04trmiss0_degmodglobal,16,1e-05,0.0001,0.4,1.0,0.25,0.05,lr1e-05_bs16_drop0p4_temp1p0_a0p25_b0p05__wd1e-04trmiss0_degmodglobal,20,0.6253789663314819,0.6896355152130127,0.41666666666666663,0.637950937950938,0.6923076923076923,0.0,0.6591742038726807,0.6103939414024353,0.04312472604215145,0.08407682739198208,0.0,0.0,0.0,0.0,0.0,18473,global,0.0
4,4,lr1e-05_bs16_drop0p4_temp1p0_a0p25_b0p05__wd1e-04trmiss0_degmodglobal,16,1e-05,0.0001,0.4,1.0,0.25,0.05,lr1e-05_bs16_drop0p4_temp1p0_a0p25_b0p05__wd1e-04trmiss0_degmodglobal,21,0.6539085358381271,0.6891133785247803,0.41666666666666663,0.637950937950938,0.6923076923076923,0.0,0.6492360085248947,0.6366922855377197,0.04776911111548543,0.1054792758077383,0.0,0.0,0.0,0.0,0.0,18473,global,0.0
4,4,lr1e-05_bs16_drop0p4_temp1p0_a0p25_b0p05__wd1e-04trmiss0_degmodglobal,16,1e-05,0.0001,0.4,1.0,0.25,0.05,lr1e-05_bs16_drop0p4_temp1p0_a0p25_b0p05__wd1e-04trmiss0_degmodglobal,22,0.6280712336301804,0.6874731779098511,0.41666666666666663,0.637950937950938,0.6923076923076923,0.0,0.6321937739849091,0.6113081127405167,0.04299280419945717,0.12029807455837727,0.0,0.0,0.0,0.0,0.0,18473,global,0.0
4,4,lr1e-05_bs16_drop0p4_temp1p0_a0p25_b0p05__wd1e-04trmiss0_degmodglobal,16,1e-05,0.0001,0.4,1.0,0.25,0.05,lr1e-05_bs16_drop0p4_temp1p0_a0p25_b0p05__wd1e-04trmiss0_degmodglobal,23,0.6919381469488144,0.6894088983535767,0.41666666666666663,0.637950937950938,0.6923076923076923,0.0,0.639237642288208,0.6762956380844116,0.03994070366024971,0.11314664036035538,0.0,0.0,0.0,0.0,0.0,18473,global,0.0
4,4,lr1e-05_bs16_drop0p4_temp1p0_a0p25_b0p05__wd1e-04trmiss0_degmodglobal,16,1e-05,0.0001,0.4,1.0,0.25,0.05,lr1e-05_bs16_drop0p4_temp1p0_a0p25_b0p05__wd1e-04trmiss0_degmodglobal,24,0.6398461163043976,0.6926043629646301,0.41666666666666663,0.637950937950938,0.6153846153846154,0.0,0.6121270060539246,0.6189592331647873,0.06138818524777889,0.11079665645956993,0.0,0.0,0.0,0.0,0.0,18473,global,0.0
4,4,lr1e-05_bs16_drop0p4_temp1p0_a0p25_b0p05__wd1e-04trmiss0_degmodglobal,16,1e-05,0.0001,0.4,1.0,0.25,0.05,lr1e-05_bs16_drop0p4_temp1p0_a0p25_b0p05__wd1e-04trmiss0_degmodglobal,25,0.6259402334690094,0.6922861337661743,0.41666666666666663,0.637950937950938,0.6153846153846154,0.0,0.6478937268257141,0.6026213020086288,0.05945253744721413,0.16911619901657104,0.0,0.0,0.0,0.0,0.0,18473,global,0.0
4,4,lr1e-05_bs16_drop0p4_temp1p0_a0p25_b0p05__wd1e-04trmiss0_degmodglobal,16,1e-05,0.0001,0.4,1.0,0.25,0.05,lr1e-05_bs16_drop0p4_temp1p0_a0p25_b0p05__wd1e-04trmiss0_degmodglobal,26,0.6560252457857132,0.692908525466919,0.41666666666666663,0.637950937950938,0.6153846153846154,0.0,0.6396151483058929,0.636734202504158,0.04883688222616911,0.141636835411191,0.0,0.0,0.0,0.0,0.0,18473,global,0.0
4,4,lr1e-05_bs16_drop0p4_temp2p0_a0p25_b0p05__wd1e-04trmiss0_degmodglobal,16,1e-05,0.0001,0.4,2.0,0.25,0.05,lr1e-05_bs16_drop0p4_temp2p0_a0p25_b0p05__wd1e-04trmiss0_degmodglobal,1,0.7206356525421143,0.6785468459129333,0.47222222222222215,0.7874449624449624,0.46153846153846156,0.0,0.7012923210859299,0.701441764831543,0.05248692259192467,0.1214427724480629,0.0,0.0,0.0,0.0,0.0,18473,global,0.0
4,4,lr1e-05_bs16_drop0p4_temp2p0_a0p25_b0p05__wd1e-04trmiss0_degmodglobal,16,1e-05,0.0001,0.4,2.0,0.25,0.05,lr1e-05_bs16_drop0p4_temp2p0_a0p25_b0p05__wd1e-04trmiss0_degmodglobal,2,0.7157384157180786,0.6813831329345703,0.47222222222222215,0.7874449624449624,0.46153846153846156,0.0,0.7078471481800079,0.6963298618793488,0.045826046727597713,0.1590408831834793,0.0,0.0,0.0,0.0,0.0,18473,global,0.0
4,4,lr1e-05_bs16_drop0p4_temp2p0_a0p25_b0p05__wd1e-04trmiss0_degmodglobal,16,1e-05,0.0001,0.4,2.0,0.25,0.05,lr1e-05_bs16_drop0p4_temp2p0_a0p25_b0p05__wd1e-04trmiss0_degmodglobal,3,0.7191725075244904,0.6830216646194458,0.4444444444444444,0.7800375550375551,0.46153846153846156,0.0,0.726295530796051,0.6990074515342712,0.0517444359138608,0.1445789821445942,0.0,0.0,0.0,0.0,0.0,18473,global,0.0
4,4,lr1e-05_bs16_drop0p4_temp2p0_a0p25_b0p05__wd1e-04trmiss0_degmodglobal,16,1e-05,0.0001,0.4,2.0,0.25,0.05,lr1e-05_bs16_drop0p4_temp2p0_a0p25_b0p05__wd1e-04trmiss0_degmodglobal,4,0.7005093544721603,0.6836887001991272,0.4444444444444444,0.7800375550375551,0.46153846153846156,0.0,0.6992031037807465,0.6852854937314987,0.04205554351210594,0.09419938176870346,0.0,0.0,0.0,0.0,0.0,18473,global,0.0
4,4,lr1e-05_bs16_drop0p4_temp2p0_a0p25_b0p05__wd1e-04trmiss0_degmodglobal,16,1e-05,0.0001,0.4,2.0,0.25,0.05,lr1e-05_bs16_drop0p4_temp2p0_a0p25_b0p05__wd1e-04trmiss0_degmodglobal,5,0.7004140168428421,0.6832794547080994,0.4444444444444444,0.7800375550375551,0.46153846153846156,0.0,0.7075138539075851,0.6824382096529007,0.04394954442977905,0.13976826891303062,0.0,0.0,0.0,0.0,0.0,18473,global,0.0
4,4,lr1e-05_bs16_drop0p4_temp2p0_a0p25_b0p05__wd1e-04trmiss0_degmodglobal,16,1e-05,0.0001,0.4,2.0,0.25,0.05,lr1e-05_bs16_drop0p4_temp2p0_a0p25_b0p05__wd1e-04trmiss0_degmodglobal,6,0.7155633270740509,0.6835532188415527,0.41666666666666663,0.7723215056548391,0.46153846153846156,0.0,0.7264081537723541,0.6954246163368225,0.054070559330284595,0.132421612739563,0.0,0.0,0.0,0.0,0.0,18473,global,0.0
4,4,lr1e-05_bs16_drop0p4_temp2p0_a0p25_b0p05__wd1e-04trmiss0_degmodglobal,16,1e-05,0.0001,0.4,2.0,0.25,0.05,lr1e-05_bs16_drop0p4_temp2p0_a0p25_b0p05__wd1e-04trmiss0_degmodglobal,7,0.6657730340957642,0.6846068501472473,0.41666666666666663,0.7723215056548391,0.46153846153846156,0.0,0.7349354177713394,0.648194894194603,0.041869121603667736,0.14221694506704807,0.0,0.0,0.0,0.0,0.0,18473,global,0.0
4,4,lr1e-05_bs16_drop0p4_temp2p0_a0p25_b0p05__wd1e-04trmiss0_degmodglobal,16,1e-05,0.0001,0.4,2.0,0.25,0.05,lr1e-05_bs16_drop0p4_temp2p0_a0p25_b0p05__wd1e-04trmiss0_degmodglobal,8,0.6880793124437332,0.6865270137786865,0.41666666666666663,0.7723215056548391,0.46153846153846156,0.0,0.7172638028860092,0.6668200492858887,0.05366097204387188,0.15688038989901543,0.0,0.0,0.0,0.0,0.0,18473,global,0.0
4,4,lr1e-05_bs16_drop0p4_temp2p0_a0p25_b0p05__wd1e-04trmiss0_degmodglobal,16,1e-05,0.0001,0.4,2.0,0.25,0.05,lr1e-05_bs16_drop0p4_temp2p0_a0p25_b0p05__wd1e-04trmiss0_degmodglobal,9,0.6945644319057465,0.6866998672485352,0.41666666666666663,0.7723215056548391,0.46153846153846156,0.0,0.6696146577596664,0.6720123887062073,0.05334202852100134,0.18433073163032532,0.0,0.0,0.0,0.0,0.0,18473,global,0.0
4,4,lr1e-05_bs16_drop0p4_temp2p0_a0p25_b0p05__wd1e-04trmiss0_degmodglobal,16,1e-05,0.0001,0.4,2.0,0.25,0.05,lr1e-05_bs16_drop0p4_temp2p0_a0p25_b0p05__wd1e-04trmiss0_degmodglobal,10,0.6933374106884003,0.6872515082359314,0.38888888888888884,0.7445437278770612,0.46153846153846156,0.0,0.6807531863451004,0.6758645325899124,0.0455361595377326,0.12177719362080097,0.0,0.0,0.0,0.0,0.0,18473,global,0.0
4,4,lr1e-05_bs16_drop0p4_temp2p0_a0p25_b0p05__wd1e-04trmiss0_degmodglobal,16,1e-05,0.0001,0.4,2.0,0.25,0.05,lr1e-05_bs16_drop0p4_temp2p0_a0p25_b0p05__wd1e-04trmiss0_degmodglobal,11,0.6726952642202377,0.6878176927566528,0.38888888888888884,0.7445437278770612,0.46153846153846156,0.0,0.6957798302173615,0.6550263911485672,0.045725859235972166,0.1247478649020195,0.0,0.0,0.0,0.0,0.0,18473,global,0.0
4,4,lr1e-05_bs16_drop0p4_temp2p0_a0p25_b0p05__wd1e-04trmiss0_degmodglobal,16,1e-05,0.0001,0.4,2.0,0.25,0.05,lr1e-05_bs16_drop0p4_temp2p0_a0p25_b0p05__wd1e-04trmiss0_degmodglobal,12,0.6937081962823868,0.6878716945648193,0.38888888888888884,0.7445437278770612,0.46153846153846156,0.0,0.6971524804830551,0.6667610704898834,0.06554438546299934,0.21122043579816818,0.0,0.0,0.0,0.0,0.0,18473,global,0.0
4,4,lr1e-05_bs16_drop0p4_temp2p0_a0p25_b0p05__wd1e-04trmiss0_degmodglobal,16,1e-05,0.0001,0.4,2.0,0.25,0.05,lr1e-05_bs16_drop0p4_temp2p0_a0p25_b0p05__wd1e-04trmiss0_degmodglobal,13,0.6790503412485123,0.6901686191558838,0.38888888888888884,0.7445437278770612,0.46153846153846156,0.0,0.7021553963422775,0.6588021218776703,0.05654817074537277,0.12222353368997574,0.0,0.0,0.0,0.0,0.0,18473,global,0.0
4,4,lr1e-05_bs16_drop0p4_temp2p0_a0p25_b0p05__wd1e-04trmiss0_degmodglobal,16,1e-05,0.0001,0.4,2.0,0.25,0.05,lr1e-05_bs16_drop0p4_temp2p0_a0p25_b0p05__wd1e-04trmiss0_degmodglobal,14,0.6919513642787933,0.6862987875938416,0.38888888888888884,0.7445437278770612,0.46153846153846156,0.0,0.7089138925075531,0.6674942970275879,0.059254350140690804,0.1928696557879448,0.0,0.0,0.0,0.0,0.0,18473,global,0.0
4,4,lr1e-05_bs16_drop0p4_temp2p0_a0p25_b0p05__wd1e-04trmiss0_degmodglobal,16,1e-05,0.0001,0.4,2.0,0.25,0.05,lr1e-05_bs16_drop0p4_temp2p0_a0p25_b0p05__wd1e-04trmiss0_degmodglobal,15,0.691675141453743,0.6875867247581482,0.38888888888888884,0.7445437278770612,0.46153846153846156,0.0,0.6673425883054733,0.6701822131872177,0.0528982225805521,0.16536767035722733,0.0,0.0,0.0,0.0,0.0,18473,global,0.0
4,4,lr1e-05_bs16_drop0p4_temp2p0_a0p25_b0p05__wd1e-04trmiss0_degmodglobal,16,1e-05,0.0001,0.4,2.0,0.25,0.05,lr1e-05_bs16_drop0p4_temp2p0_a0p25_b0p05__wd1e-04trmiss0_degmodglobal,16,0.6859130561351776,0.6872147917747498,0.38888888888888884,0.7445437278770612,0.46153846153846156,0.0,0.6816927194595337,0.6667854487895966,0.05126051604747772,0.12624964490532875,0.0,0.0,0.0,0.0,0.0,18473,global,0.0
4,4,lr1e-05_bs16_drop0p4_temp2p0_a0p25_b0p05__wd1e-04trmiss0_degmodglobal,16,1e-05,0.0001,0.4,2.0,0.25,0.05,lr1e-05_bs16_drop0p4_temp2p0_a0p25_b0p05__wd1e-04trmiss0_degmodglobal,17,0.6907948851585388,0.6850146055221558,0.38888888888888884,0.7445437278770612,0.46153846153846156,0.0,0.6632723808288574,0.6680976450443268,0.05637508491054177,0.17206940706819296,0.0,0.0,0.0,0.0,0.0,18473,global,0.0
4,4,lr1e-05_bs16_drop0p4_temp2p0_a0p25_b0p05__wd1e-04trmiss0_degmodglobal,16,1e-05,0.0001,0.4,2.0,0.25,0.05,lr1e-05_bs16_drop0p4_temp2p0_a0p25_b0p05__wd1e-04trmiss0_degmodglobal,18,0.7036397159099579,0.6882408857345581,0.38888888888888884,0.7445437278770612,0.46153846153846156,0.0,0.7133714109659195,0.6835337281227112,0.05104466434568167,0.14689677953720093,0.0,0.0,0.0,0.0,0.0,18473,global,0.0
4,4,lr1e-05_bs16_drop0p4_temp2p0_a0p25_b0p05__wd1e-04trmiss0_degmodglobal,16,1e-05,0.0001,0.4,2.0,0.25,0.05,lr1e-05_bs16_drop0p4_temp2p0_a0p25_b0p05__wd1e-04trmiss0_degmodglobal,19,0.695059061050415,0.6889904737472534,0.38888888888888884,0.7445437278770612,0.46153846153846156,0.0,0.6411443948745728,0.6738644540309906,0.05340683553367853,0.15685788914561272,0.0,0.0,0.0,0.0,0.0,18473,global,0.0
4,4,lr1e-05_bs16_drop0p4_temp2p0_a0p25_b0p05__wd1e-04trmiss0_degmodglobal,16,1e-05,0.0001,0.4,2.0,0.25,0.05,lr1e-05_bs16_drop0p4_temp2p0_a0p25_b0p05__wd1e-04trmiss0_degmodglobal,20,0.6672473698854446,0.6893801093101501,0.38888888888888884,0.7445437278770612,0.46153846153846156,0.0,0.6532804369926453,0.6457051783800125,0.05592242255806923,0.15123175829648972,0.0,0.0,0.0,0.0,0.0,18473,global,0.0
4,4,lr1e-05_bs16_drop0p4_temp2p0_a0p25_b0p05__wd1e-04trmiss0_degmodglobal,16,1e-05,0.0001,0.4,2.0,0.25,0.05,lr1e-05_bs16_drop0p4_temp2p0_a0p25_b0p05__wd1e-04trmiss0_degmodglobal,21,0.6974711716175079,0.6887663006782532,0.38888888888888884,0.7445437278770612,0.46153846153846156,0.0,0.6367322355508804,0.6735122203826904,0.0572921484708786,0.19271814823150635,0.0,0.0,0.0,0.0,0.0,18473,global,0.0
4,4,lr1e-05_bs16_drop0p4_temp2p0_a0p25_b0p05__wd1e-04trmiss0_degmodglobal,16,1e-05,0.0001,0.4,2.0,0.25,0.05,lr1e-05_bs16_drop0p4_temp2p0_a0p25_b0p05__wd1e-04trmiss0_degmodglobal,22,0.6740990281105042,0.6881843209266663,0.38888888888888884,0.7445437278770612,0.46153846153846156,0.0,0.6648209393024445,0.649654746055603,0.058181026950478554,0.19798005931079388,0.0,0.0,0.0,0.0,0.0,18473,global,0.0
4,4,lr1e-05_bs16_drop0p4_temp2p0_a0p25_b0p05__wd1e-04trmiss0_degmodglobal,16,1e-05,0.0001,0.4,2.0,0.25,0.05,lr1e-05_bs16_drop0p4_temp2p0_a0p25_b0p05__wd1e-04trmiss0_degmodglobal,23,0.6614815592765808,0.6910520792007446,0.38888888888888884,0.7445437278770612,0.46153846153846156,0.0,0.6523127257823944,0.6395324319601059,0.05733831878751516,0.1522912811487913,0.0,0.0,0.0,0.0,0.0,18473,global,0.0
4,4,lr1e-05_bs16_drop0p4_temp2p0_a0p25_b0p05__wd1e-04trmiss0_degmodglobal,16,1e-05,0.0001,0.4,2.0,0.25,0.05,lr1e-05_bs16_drop0p4_temp2p0_a0p25_b0p05__wd1e-04trmiss0_degmodglobal,24,0.691210001707077,0.6912217140197754,0.38888888888888884,0.7445437278770612,0.46153846153846156,0.0,0.6432949751615524,0.6749075800180435,0.04555236641317606,0.09828660637140274,0.0,0.0,0.0,0.0,0.0,18473,global,0.0
4,4,lr1e-05_bs16_drop0p4_temp2p0_a0p25_b0p05__wd1e-04trmiss0_degmodglobal,16,1e-05,0.0001,0.4,2.0,0.25,0.05,lr1e-05_bs16_drop0p4_temp2p0_a0p25_b0p05__wd1e-04trmiss0_degmodglobal,25,0.6849906146526337,0.6910088062286377,0.38888888888888884,0.7445437278770612,0.46153846153846156,0.0,0.6931633651256561,0.663501113653183,0.05674314498901367,0.14607413485646248,0.0,0.0,0.0,0.0,0.0,18473,global,0.0
4,5,lr1e-04_bs8_drop0p2_temp1p0_a0p25_b0p05__wd1e-04trmiss0_degmodglobal,8,0.0001,0.0001,0.2,1.0,0.25,0.05,lr1e-04_bs8_drop0p2_temp1p0_a0p25_b0p05__wd1e-04trmiss0_degmodglobal,1,0.7180140444210598,0.7024019956588745,0.638888888888889,0.8455618455618457,0.46153846153846156,0.0,0.684277858052935,0.6994841779981341,0.04828464239835739,0.12917406324829375,0.0,0.0,0.0,0.0,0.0,18473,global,0.0
4,5,lr1e-04_bs8_drop0p2_temp1p0_a0p25_b0p05__wd1e-04trmiss0_degmodglobal,8,0.0001,0.0001,0.2,1.0,0.25,0.05,lr1e-04_bs8_drop0p2_temp1p0_a0p25_b0p05__wd1e-04trmiss0_degmodglobal,2,0.6596159934997559,0.7072117626667023,0.5555555555555556,0.8136955636955638,0.46153846153846156,0.0,0.6268180012702942,0.6453759159360614,0.03627687586205346,0.10341713790382658,0.0,0.0,0.0,0.0,0.0,18473,global,0.0
4,5,lr1e-04_bs8_drop0p2_temp1p0_a0p25_b0p05__wd1e-04trmiss0_degmodglobal,8,0.0001,0.0001,0.2,1.0,0.25,0.05,lr1e-04_bs8_drop0p2_temp1p0_a0p25_b0p05__wd1e-04trmiss0_degmodglobal,3,0.6504162549972534,0.7012196481227875,0.638888888888889,0.8371523538190206,0.5384615384615384,0.0,0.5864390730857849,0.6351195744105748,0.03598385863006115,0.12601420602628163,0.0,0.0,0.0,0.0,0.0,18473,global,0.0
4,5,lr1e-04_bs8_drop0p2_temp1p0_a0p25_b0p05__wd1e-04trmiss0_degmodglobal,8,0.0001,0.0001,0.2,1.0,0.25,0.05,lr1e-04_bs8_drop0p2_temp1p0_a0p25_b0p05__wd1e-04trmiss0_degmodglobal,4,0.6124217765671867,0.7217091917991638,0.5555555555555556,0.7842472342472344,0.38461538461538464,0.0,0.5630929129464286,0.5966403314045498,0.04067999656711306,0.11222892786775317,0.0,0.0,0.0,0.0,0.0,18473,global,0.0
4,5,lr1e-04_bs8_drop0p2_temp1p0_a0p25_b0p05__wd1e-04trmiss0_degmodglobal,8,0.0001,0.0001,0.2,1.0,0.25,0.05,lr1e-04_bs8_drop0p2_temp1p0_a0p25_b0p05__wd1e-04trmiss0_degmodglobal,5,0.6276026879038129,0.7464125454425812,0.38888888888888884,0.6864348614348614,0.3076923076923077,0.0,0.5509317432131086,0.6116738830293927,0.040704898802297454,0.11505196296742984,0.0,0.0,0.0,0.0,0.0,18473,global,0.0
4,5,lr1e-04_bs8_drop0p2_temp1p0_a0p25_b0p05__wd1e-04trmiss0_degmodglobal,8,0.0001,0.0001,0.2,1.0,0.25,0.05,lr1e-04_bs8_drop0p2_temp1p0_a0p25_b0p05__wd1e-04trmiss0_degmodglobal,6,0.5903407250131879,0.7302552759647369,0.4722222222222222,0.7519110519110519,0.38461538461538464,0.0,0.5523422530719212,0.5738446031297956,0.04463962252650942,0.10672435111233167,0.0,0.0,0.0,0.0,0.0,18473,global,0.0
4,5,lr1e-04_bs8_drop0p2_temp1p0_a0p25_b0p05__wd1e-04trmiss0_degmodglobal,8,0.0001,0.0001,0.2,1.0,0.25,0.05,lr1e-04_bs8_drop0p2_temp1p0_a0p25_b0p05__wd1e-04trmiss0_degmodglobal,7,0.6130925246647426,0.7535056173801422,0.4444444444444444,0.7148740148740149,0.3076923076923077,0.0,0.5440329313278198,0.598257303237915,0.03983943483659199,0.09750727417745761,0.0,0.0,0.0,0.0,0.0,18473,global,0.0
4,5,lr1e-04_bs8_drop0p2_temp1p0_a0p25_b0p05__wd1e-04trmiss0_degmodglobal,8,0.0001,0.0001,0.2,1.0,0.25,0.05,lr1e-04_bs8_drop0p2_temp1p0_a0p25_b0p05__wd1e-04trmiss0_degmodglobal,8,0.6505695240838187,0.7487039268016815,0.4722222222222222,0.7519110519110519,0.3076923076923077,0.0,0.5244529502732413,0.6248142123222351,0.06405632676822799,0.19482480521712983,0.0,0.0,0.0,0.0,0.0,18473,global,0.0
4,5,lr1e-04_bs8_drop0p2_temp1p0_a0p25_b0p05__wd1e-04trmiss0_degmodglobal,8,0.0001,0.0001,0.2,1.0,0.25,0.05,lr1e-04_bs8_drop0p2_temp1p0_a0p25_b0p05__wd1e-04trmiss0_degmodglobal,9,0.5918291125978742,0.7729278802871704,0.41666666666666663,0.6963554963554963,0.3076923076923077,0.0,0.5257584282330104,0.5699784244809832,0.05372980609536171,0.16836481701050485,0.0,0.0,0.0,0.0,0.0,18473,global,0.0
4,5,lr1e-04_bs8_drop0p2_temp1p0_a0p25_b0p05__wd1e-04trmiss0_degmodglobal,8,0.0001,0.0001,0.2,1.0,0.25,0.05,lr1e-04_bs8_drop0p2_temp1p0_a0p25_b0p05__wd1e-04trmiss0_degmodglobal,10,0.5972350580351693,0.7559878528118134,0.4444444444444444,0.7056147556147556,0.3076923076923077,0.0,0.5489491394587925,0.5824196764401027,0.041677375989300866,0.08792095418487277,0.0,0.0,0.0,0.0,0.0,18473,global,0.0
4,5,lr1e-04_bs8_drop0p2_temp1p0_a0p25_b0p05__wd1e-04trmiss0_degmodglobal,8,0.0001,0.0001,0.2,1.0,0.25,0.05,lr1e-04_bs8_drop0p2_temp1p0_a0p25_b0p05__wd1e-04trmiss0_degmodglobal,11,0.5986165744917733,0.7543099820613861,0.47222222222222215,0.7241332741332742,0.3076923076923077,0.0,0.5135018484933036,0.5814226397446224,0.04256387959633555,0.13105918360607965,0.0,0.0,0.0,0.0,0.0,18473,global,0.0
4,5,lr1e-04_bs8_drop0p2_temp1p0_a0p25_b0p05__wd1e-04trmiss0_degmodglobal,8,0.0001,0.0001,0.2,1.0,0.25,0.05,lr1e-04_bs8_drop0p2_temp1p0_a0p25_b0p05__wd1e-04trmiss0_degmodglobal,12,0.5858448999268668,0.7611691653728485,0.4444444444444444,0.7056147556147556,0.3076923076923077,0.0,0.48896348050662447,0.5664562072072711,0.047233354832444875,0.15160694292613439,0.0,0.0,0.0,0.0,0.0,18473,global,0.0
4,5,lr1e-04_bs8_drop0p2_temp1p0_a0p25_b0p05__wd1e-04trmiss0_degmodglobal,8,0.0001,0.0001,0.2,1.0,0.25,0.05,lr1e-04_bs8_drop0p2_temp1p0_a0p25_b0p05__wd1e-04trmiss0_degmodglobal,13,0.5999413388116019,0.7618332803249359,0.47222222222222215,0.7241332741332742,0.3076923076923077,0.0,0.4999263882637024,0.5746579595974514,0.061647820685591014,0.1974284819194249,0.0,0.0,0.0,0.0,0.0,18473,global,0.0
4,5,lr1e-04_bs8_drop0p2_temp1p0_a0p25_b0p05__wd1e-04trmiss0_degmodglobal,8,0.0001,0.0001,0.2,1.0,0.25,0.05,lr1e-04_bs8_drop0p2_temp1p0_a0p25_b0p05__wd1e-04trmiss0_degmodglobal,14,0.5857440148081098,0.7752053737640381,0.41666666666666663,0.6963554963554963,0.3076923076923077,0.0,0.5081071257591248,0.568682359797614,0.044118390285543034,0.12064091329063688,0.0,0.0,0.0,0.0,0.0,18473,global,0.0
4,5,lr1e-04_bs8_drop0p2_temp1p0_a0p25_b0p05__wd1e-04trmiss0_degmodglobal,8,0.0001,0.0001,0.2,1.0,0.25,0.05,lr1e-04_bs8_drop0p2_temp1p0_a0p25_b0p05__wd1e-04trmiss0_degmodglobal,15,0.5754444088254657,0.7672648429870605,0.4444444444444444,0.7148740148740149,0.3076923076923077,0.0,0.4890163370541164,0.5527664933885846,0.057471281183617454,0.16620170644351415,0.0,0.0,0.0,0.0,0.0,18473,global,0.0
4,5,lr1e-04_bs8_drop0p2_temp1p0_a0p25_b0p05__wd1e-04trmiss0_degmodglobal,8,0.0001,0.0001,0.2,1.0,0.25,0.05,lr1e-04_bs8_drop0p2_temp1p0_a0p25_b0p05__wd1e-04trmiss0_degmodglobal,16,0.588109382561275,0.7543654143810272,0.4722222222222222,0.7519110519110519,0.3076923076923077,0.0,0.47960045082228525,0.5646064111164638,0.06089465666030135,0.1655861128653799,0.0,0.0,0.0,0.0,0.0,18473,global,0.0
4,5,lr1e-04_bs8_drop0p2_temp1p0_a0p25_b0p05__wd1e-04trmiss0_degmodglobal,8,0.0001,0.0001,0.2,1.0,0.25,0.05,lr1e-04_bs8_drop0p2_temp1p0_a0p25_b0p05__wd1e-04trmiss0_degmodglobal,17,0.5946511115346637,0.7543530762195587,0.4722222222222222,0.7519110519110519,0.3076923076923077,0.0,0.4661517015525273,0.5582571710859027,0.09303453777517591,0.2627060966832297,0.0,0.0,0.0,0.0,0.0,18473,global,0.0
4,5,lr1e-04_bs8_drop0p2_temp1p0_a0p25_b0p05__wd1e-04trmiss0_degmodglobal,8,0.0001,0.0001,0.2,1.0,0.25,0.05,lr1e-04_bs8_drop0p2_temp1p0_a0p25_b0p05__wd1e-04trmiss0_degmodglobal,18,0.5811295339039394,0.7587309181690216,0.4722222222222222,0.7519110519110519,0.3076923076923077,0.0,0.47734157528196064,0.5596616183008466,0.05864122403519494,0.13615219667553902,0.0,0.0,0.0,0.0,0.0,18473,global,0.0
4,5,lr1e-04_bs8_drop0p2_temp1p0_a0p25_b0p05__wd1e-04trmiss0_degmodglobal,8,0.0001,0.0001,0.2,1.0,0.25,0.05,lr1e-04_bs8_drop0p2_temp1p0_a0p25_b0p05__wd1e-04trmiss0_degmodglobal,19,0.5875765000070844,0.7669446468353271,0.49999999999999994,0.7611703111703112,0.3076923076923077,0.0,0.4868500147547041,0.5643206068447658,0.05955594591796398,0.16733825419630324,0.0,0.0,0.0,0.0,0.0,18473,global,0.0
4,5,lr1e-04_bs8_drop0p2_temp1p0_a0p25_b0p05__wd1e-04trmiss0_degmodglobal,8,0.0001,0.0001,0.2,1.0,0.25,0.05,lr1e-04_bs8_drop0p2_temp1p0_a0p25_b0p05__wd1e-04trmiss0_degmodglobal,20,0.5814782381057739,0.7660218179225922,0.4722222222222222,0.7519110519110519,0.3076923076923077,0.0,0.48070521865572247,0.5506662130355835,0.08095787252698626,0.21145103871822357,0.0,0.0,0.0,0.0,0.0,18473,global,0.0
4,5,lr1e-04_bs8_drop0p2_temp1p0_a0p25_b0p05__wd1e-04trmiss0_degmodglobal,8,0.0001,0.0001,0.2,1.0,0.25,0.05,lr1e-04_bs8_drop0p2_temp1p0_a0p25_b0p05__wd1e-04trmiss0_degmodglobal,21,0.5566470282418388,0.7717653810977936,0.4722222222222222,0.7519110519110519,0.3076923076923077,0.0,0.46305198328835623,0.5352084168366024,0.05562256383044379,0.15065991878509521,0.0,0.0,0.0,0.0,0.0,18473,global,0.0
4,5,lr1e-04_bs8_drop0p2_temp1p0_a0p25_b0p05__wd1e-04trmiss0_degmodglobal,8,0.0001,0.0001,0.2,1.0,0.25,0.05,lr1e-04_bs8_drop0p2_temp1p0_a0p25_b0p05__wd1e-04trmiss0_degmodglobal,22,0.568622533764158,0.7890256643295288,0.3611111111111111,0.6758528508528507,0.3076923076923077,0.0,0.4664620842252459,0.542465261050633,0.07144720054098538,0.16590954895530427,0.0,0.0,0.0,0.0,0.0,18473,global,0.0
4,5,lr1e-04_bs8_drop0p2_temp1p0_a0p25_b0p05__wd1e-04trmiss0_degmodglobal,8,0.0001,0.0001,0.2,1.0,0.25,0.05,lr1e-04_bs8_drop0p2_temp1p0_a0p25_b0p05__wd1e-04trmiss0_degmodglobal,23,0.5469077910695758,0.7840604484081268,0.3611111111111111,0.6758528508528507,0.3076923076923077,0.0,0.4585367611476353,0.5276057166712624,0.05674599590046065,0.10231170005031995,0.0,0.0,0.0,0.0,0.0,18473,global,0.0
4,5,lr1e-04_bs8_drop0p2_temp1p0_a0p25_b0p05__wd1e-04trmiss0_degmodglobal,8,0.0001,0.0001,0.2,1.0,0.25,0.05,lr1e-04_bs8_drop0p2_temp1p0_a0p25_b0p05__wd1e-04trmiss0_degmodglobal,24,0.5779315999576023,0.7801456153392792,0.38888888888888884,0.6864348614348614,0.3076923076923077,0.0,0.46158399326460703,0.5480495861598423,0.0795447374028819,0.19991654264075415,0.0,0.0,0.0,0.0,0.0,18473,global,0.0
4,5,lr1e-04_bs8_drop0p2_temp1p0_a0p25_b0p05__wd1e-04trmiss0_degmodglobal,8,0.0001,0.0001,0.2,1.0,0.25,0.05,lr1e-04_bs8_drop0p2_temp1p0_a0p25_b0p05__wd1e-04trmiss0_degmodglobal,25,0.5811154161180768,0.7881317734718323,0.38888888888888884,0.6864348614348614,0.3076923076923077,0.0,0.4753533090863909,0.5541947909763881,0.0663045272231102,0.20688995186771666,0.0,0.0,0.0,0.0,0.0,18473,global,0.0
4,5,lr1e-04_bs8_drop0p2_temp1p0_a0p25_b0p05__wd1e-04trmiss0_degmodglobal,8,0.0001,0.0001,0.2,1.0,0.25,0.05,lr1e-04_bs8_drop0p2_temp1p0_a0p25_b0p05__wd1e-04trmiss0_degmodglobal,26,0.5857920561517987,0.7910540997982025,0.3611111111111111,0.6758528508528507,0.3076923076923077,0.0,0.47278199451310293,0.5582057663372585,0.07126639623727117,0.19539387098380498,0.0,0.0,0.0,0.0,0.0,18473,global,0.0
4,5,lr1e-04_bs8_drop0p2_temp1p0_a0p25_b0p05__wd1e-04trmiss0_degmodglobal,8,0.0001,0.0001,0.2,1.0,0.25,0.05,lr1e-04_bs8_drop0p2_temp1p0_a0p25_b0p05__wd1e-04trmiss0_degmodglobal,27,0.5600509302956718,0.7901547253131866,0.3055555555555556,0.658007733007733,0.3076923076923077,0.0,0.45397794246673584,0.531583445412772,0.07134817327771868,0.21260876474635942,0.0,0.0,0.0,0.0,0.0,18473,global,0.0
4,5,lr1e-04_bs8_drop0p2_temp1p0_a0p25_b0p05__wd1e-04trmiss0_degmodglobal,8,0.0001,0.0001,0.2,1.0,0.25,0.05,lr1e-04_bs8_drop0p2_temp1p0_a0p25_b0p05__wd1e-04trmiss0_degmodglobal,28,0.5679425001144409,0.7906454205513,0.3611111111111111,0.6758528508528507,0.3076923076923077,0.0,0.4769033832209451,0.5376882382801601,0.07858926244080067,0.21213936539632933,0.0,0.0,0.0,0.0,0.0,18473,global,0.0
4,5,lr1e-04_bs8_drop0p2_temp1p0_a0p25_b0p05__wd1e-04trmiss0_degmodglobal,8,0.0001,0.0001,0.2,1.0,0.25,0.05,lr1e-04_bs8_drop0p2_temp1p0_a0p25_b0p05__wd1e-04trmiss0_degmodglobal,29,0.5701004437037877,0.7702867090702057,0.41666666666666663,0.7049533799533798,0.3076923076923077,0.0,0.4351482519081661,0.5393284559249878,0.07978519877152783,0.21651422205780232,0.0,0.0,0.0,0.0,0.0,18473,global,0.0
4,5,lr1e-04_bs8_drop0p2_temp1p0_a0p25_b0p05__wd1e-04trmiss0_degmodglobal,8,0.0001,0.0001,0.2,1.0,0.25,0.05,lr1e-04_bs8_drop0p2_temp1p0_a0p25_b0p05__wd1e-04trmiss0_degmodglobal,30,0.537107799734388,0.7751674056053162,0.41666666666666663,0.7049533799533798,0.3076923076923077,0.0,0.4589930347033909,0.5156150843415942,0.06165300522531782,0.12158913271767753,0.0,0.0,0.0,0.0,0.0,18473,global,0.0
4,5,lr1e-04_bs8_drop0p2_temp1p0_a0p25_b0p05__wd1e-04trmiss0_degmodglobal,8,0.0001,0.0001,0.2,1.0,0.25,0.05,lr1e-04_bs8_drop0p2_temp1p0_a0p25_b0p05__wd1e-04trmiss0_degmodglobal,31,0.5525947383471898,0.790783017873764,0.3055555555555556,0.658007733007733,0.3076923076923077,0.0,0.4455570536000388,0.5246159434318542,0.07095284972872053,0.20481176461492265,0.0,0.0,0.0,0.0,0.0,18473,global,0.0
4,5,lr1e-04_bs8_drop0p2_temp1p0_a0p25_b0p05__wd1e-04trmiss0_degmodglobal,8,0.0001,0.0001,0.2,1.0,0.25,0.05,lr1e-04_bs8_drop0p2_temp1p0_a0p25_b0p05__wd1e-04trmiss0_degmodglobal,32,0.5727693693978446,0.7874581515789032,0.3055555555555556,0.658007733007733,0.3076923076923077,0.0,0.4454127720424107,0.532641521521977,0.10177737634096827,0.2936699518135616,0.0,0.0,0.0,0.0,0.0,18473,global,0.0
4,5,lr1e-04_bs8_drop0p2_temp1p0_a0p25_b0p05__wd1e-04trmiss0_degmodglobal,8,0.0001,0.0001,0.2,1.0,0.25,0.05,lr1e-04_bs8_drop0p2_temp1p0_a0p25_b0p05__wd1e-04trmiss0_degmodglobal,33,0.5509478364671979,0.7761358320713043,0.41666666666666663,0.7049533799533798,0.3076923076923077,0.0,0.41559980171067373,0.518620069537844,0.08809760904737882,0.20606726514441626,0.0,0.0,0.0,0.0,0.0,18473,global,0.0
4,5,lr1e-04_bs8_drop0p2_temp1p0_a0p25_b0p05__wd1e-04trmiss0_degmodglobal,8,0.0001,0.0001,0.2,1.0,0.25,0.05,lr1e-04_bs8_drop0p2_temp1p0_a0p25_b0p05__wd1e-04trmiss0_degmodglobal,34,0.5536191463470459,0.7770807445049286,0.41666666666666663,0.7049533799533798,0.3076923076923077,0.0,0.4316336384841374,0.5202591376645225,0.08787131203072411,0.22784354005541121,0.0,0.0,0.0,0.0,0.0,18473,global,0.0
4,5,lr1e-04_bs8_drop0p2_temp1p0_a0p25_b0p05__wd1e-04trmiss0_degmodglobal,8,0.0001,0.0001,0.2,1.0,0.25,0.05,lr1e-04_bs8_drop0p2_temp1p0_a0p25_b0p05__wd1e-04trmiss0_degmodglobal,35,0.5536913999489376,0.7742802798748016,0.41666666666666663,0.7049533799533798,0.3076923076923077,0.0,0.44515566740717205,0.5238783529826573,0.07877726427146367,0.2023747648511614,0.0,0.0,0.0,0.0,0.0,18473,global,0.0
4,5,lr1e-04_bs8_drop0p2_temp1p0_a0p25_b0p05__wd1e-04trmiss0_degmodglobal,8,0.0001,0.0001,0.2,1.0,0.25,0.05,lr1e-04_bs8_drop0p2_temp1p0_a0p25_b0p05__wd1e-04trmiss0_degmodglobal,36,0.5499741094452995,0.7695466578006744,0.41666666666666663,0.7049533799533798,0.3076923076923077,0.0,0.4171321988105774,0.5134025897298541,0.10179749663387026,0.22244274296930858,0.0,0.0,0.0,0.0,0.0,18473,global,0.0
4,5,lr1e-04_bs8_drop0p2_temp1p0_a0p25_b0p05__wd1e-04trmiss0_degmodglobal,8,0.0001,0.0001,0.2,1.0,0.25,0.05,lr1e-04_bs8_drop0p2_temp1p0_a0p25_b0p05__wd1e-04trmiss0_degmodglobal,37,0.5568640402385167,0.7691715359687805,0.41666666666666663,0.7049533799533798,0.3076923076923077,0.0,0.4225338782582964,0.527386018208095,0.07152109752808299,0.2319546320608684,0.0,0.0,0.0,0.0,0.0,18473,global,0.0
4,5,lr1e-04_bs8_drop0p2_temp1p0_a0p25_b0p05__wd1e-04trmiss0_degmodglobal,8,0.0001,0.0001,0.2,1.0,0.25,0.05,lr1e-04_bs8_drop0p2_temp1p0_a0p25_b0p05__wd1e-04trmiss0_degmodglobal,38,0.5614220755440849,0.7612099051475525,0.4444444444444444,0.741990416990417,0.38461538461538464,0.0,0.410425671509334,0.5231060470853534,0.098253319306033,0.27505393964903696,0.0,0.0,0.0,0.0,0.0,18473,global,0.0
4,5,lr1e-04_bs8_drop0p2_temp1p0_a0p25_b0p05__wd1e-04trmiss0_degmodglobal,8,0.0001,0.0001,0.2,1.0,0.25,0.05,lr1e-04_bs8_drop0p2_temp1p0_a0p25_b0p05__wd1e-04trmiss0_degmodglobal,39,0.5563626459666661,0.759233832359314,0.4444444444444444,0.741990416990417,0.3076923076923077,0.0,0.4083768512521471,0.515358145747866,0.10942684433289937,0.2729560796703611,0.0,0.0,0.0,0.0,0.0,18473,global,0.0
4,5,lr1e-04_bs8_drop0p2_temp2p0_a0p25_b0p05__wd1e-04trmiss0_degmodglobal,8,0.0001,0.0001,0.2,2.0,0.25,0.05,lr1e-04_bs8_drop0p2_temp2p0_a0p25_b0p05__wd1e-04trmiss0_degmodglobal,1,0.7722953302519662,0.747983455657959,0.5555555555555556,0.7762225428892096,0.3076923076923077,0.0,0.6790543794631958,0.7448064514568874,0.053628457976239066,0.2816351992743356,0.0,0.0,0.0,0.0,0.0,18473,global,0.0
4,5,lr1e-04_bs8_drop0p2_temp2p0_a0p25_b0p05__wd1e-04trmiss0_degmodglobal,8,0.0001,0.0001,0.2,2.0,0.25,0.05,lr1e-04_bs8_drop0p2_temp2p0_a0p25_b0p05__wd1e-04trmiss0_degmodglobal,2,0.7143823674746922,0.7437090277671814,0.5833333333333333,0.7843033509700177,0.38461538461538464,0.0,0.6655460510935102,0.6909979581832886,0.04871906898915768,0.22409256867000035,0.0,0.0,0.0,0.0,0.0,18473,global,0.0
4,5,lr1e-04_bs8_drop0p2_temp2p0_a0p25_b0p05__wd1e-04trmiss0_degmodglobal,8,0.0001,0.0001,0.2,2.0,0.25,0.05,lr1e-04_bs8_drop0p2_temp2p0_a0p25_b0p05__wd1e-04trmiss0_degmodglobal,3,0.6958649158477783,0.7564923763275146,0.5555555555555556,0.7762225428892096,0.38461538461538464,0.0,0.645057737827301,0.6745738472257342,0.044592009857296944,0.20286111852952413,0.0,0.0,0.0,0.0,0.0,18473,global,0.0
4,5,lr1e-04_bs8_drop0p2_temp2p0_a0p25_b0p05__wd1e-04trmiss0_degmodglobal,8,0.0001,0.0001,0.2,2.0,0.25,0.05,lr1e-04_bs8_drop0p2_temp2p0_a0p25_b0p05__wd1e-04trmiss0_degmodglobal,4,0.7077844994408744,0.7709044218063354,0.4444444444444444,0.7473655973655975,0.3076923076923077,0.0,0.613185737814222,0.6797783289636884,0.0588340408035687,0.2659532917397363,0.0,0.0,0.0,0.0,0.0,18473,global,0.0
4,5,lr1e-04_bs8_drop0p2_temp2p0_a0p25_b0p05__wd1e-04trmiss0_degmodglobal,8,0.0001,0.0001,0.2,2.0,0.25,0.05,lr1e-04_bs8_drop0p2_temp2p0_a0p25_b0p05__wd1e-04trmiss0_degmodglobal,5,0.6728238037654332,0.7739081680774689,0.4444444444444444,0.7473655973655975,0.46153846153846156,0.0,0.6054470113345555,0.648733411516462,0.05121009743639401,0.2257572795663561,0.0,0.0,0.0,0.0,0.0,18473,global,0.0
4,5,lr1e-04_bs8_drop0p2_temp2p0_a0p25_b0p05__wd1e-04trmiss0_degmodglobal,8,0.0001,0.0001,0.2,2.0,0.25,0.05,lr1e-04_bs8_drop0p2_temp2p0_a0p25_b0p05__wd1e-04trmiss0_degmodglobal,6,0.6803906815392631,0.7736173570156097,0.4722222222222222,0.761843711843712,0.46153846153846156,0.0,0.6105914626802716,0.6565748197691781,0.04748421109148434,0.23889634226049697,0.0,0.0,0.0,0.0,0.0,18473,global,0.0
4,5,lr1e-04_bs8_drop0p2_temp2p0_a0p25_b0p05__wd1e-04trmiss0_degmodglobal,8,0.0001,0.0001,0.2,2.0,0.25,0.05,lr1e-04_bs8_drop0p2_temp2p0_a0p25_b0p05__wd1e-04trmiss0_degmodglobal,7,0.668171192918505,0.7746688425540924,0.41666666666666663,0.7473655973655975,0.46153846153846156,0.0,0.5935111471584865,0.639953442982265,0.06420701635735375,0.24331982965980256,0.0,0.0,0.0,0.0,0.0,18473,global,0.0
4,5,lr1e-04_bs8_drop0p2_temp2p0_a0p25_b0p05__wd1e-04trmiss0_degmodglobal,8,0.0001,0.0001,0.2,2.0,0.25,0.05,lr1e-04_bs8_drop0p2_temp2p0_a0p25_b0p05__wd1e-04trmiss0_degmodglobal,8,0.6717440400804792,0.7697205543518066,0.5277777777777778,0.8066248566248566,0.46153846153846156,0.0,0.5942845599991935,0.6449095095906939,0.05571929817753179,0.2580942894731249,0.0,0.0,0.0,0.0,0.0,18473,global,0.0
4,5,lr1e-04_bs8_drop0p2_temp2p0_a0p25_b0p05__wd1e-04trmiss0_degmodglobal,8,0.0001,0.0001,0.2,2.0,0.25,0.05,lr1e-04_bs8_drop0p2_temp2p0_a0p25_b0p05__wd1e-04trmiss0_degmodglobal,9,0.6618898681231907,0.7762535810470581,0.5277777777777778,0.8066248566248566,0.5384615384615384,0.0,0.589515711580004,0.6360693318503243,0.05200678003685815,0.2563766709395817,0.0,0.0,0.0,0.0,0.0,18473,global,0.0
4,5,lr1e-04_bs8_drop0p2_temp2p0_a0p25_b0p05__wd1e-04trmiss0_degmodglobal,8,0.0001,0.0001,0.2,2.0,0.25,0.05,lr1e-04_bs8_drop0p2_temp2p0_a0p25_b0p05__wd1e-04trmiss0_degmodglobal,10,0.6549946750913348,0.7776490747928619,0.5277777777777778,0.8066248566248566,0.5384615384615384,0.0,0.5865846872329712,0.6286027261189052,0.05419364678008216,0.25687078492982046,0.0,0.0,0.0,0.0,0.0,18473,global,0.0
4,5,lr1e-04_bs8_drop0p2_temp2p0_a0p25_b0p05__wd1e-04trmiss0_degmodglobal,8,0.0001,0.0001,0.2,2.0,0.25,0.05,lr1e-04_bs8_drop0p2_temp2p0_a0p25_b0p05__wd1e-04trmiss0_degmodglobal,11,0.6476690684046064,0.7726500332355499,0.5277777777777778,0.8066248566248566,0.5384615384615384,0.0,0.5729835118566241,0.6221604602677482,0.05469152916754995,0.23671435671193258,0.0,0.0,0.0,0.0,0.0,18473,global,0.0
4,5,lr1e-04_bs8_drop0p2_temp2p0_a0p25_b0p05__wd1e-04trmiss0_degmodglobal,8,0.0001,0.0001,0.2,2.0,0.25,0.05,lr1e-04_bs8_drop0p2_temp2p0_a0p25_b0p05__wd1e-04trmiss0_degmodglobal,12,0.6505696603230068,0.7684427797794342,0.5277777777777778,0.8066248566248566,0.5384615384615384,0.0,0.5826288035937718,0.6177807790892464,0.07133391393082482,0.29910774316106525,0.0,0.0,0.0,0.0,0.0,18473,global,0.0
4,5,lr1e-04_bs8_drop0p2_temp2p0_a0p25_b0p05__wd1e-04trmiss0_degmodglobal,8,0.0001,0.0001,0.2,2.0,0.25,0.05,lr1e-04_bs8_drop0p2_temp2p0_a0p25_b0p05__wd1e-04trmiss0_degmodglobal,13,0.6419920325279236,0.7709984183311462,0.5833333333333334,0.8223375390042058,0.5384615384615384,0.0,0.575876065662929,0.6149635740688869,0.05725247412919998,0.25430701460157124,0.0,0.0,0.0,0.0,0.0,18473,global,0.0
4,5,lr1e-04_bs8_drop0p2_temp2p0_a0p25_b0p05__wd1e-04trmiss0_degmodglobal,8,0.0001,0.0001,0.2,2.0,0.25,0.05,lr1e-04_bs8_drop0p2_temp2p0_a0p25_b0p05__wd1e-04trmiss0_degmodglobal,14,0.6411556856972831,0.7721278965473175,0.5555555555555556,0.8136955636955638,0.5384615384615384,0.0,0.5698738438742501,0.6178965823990958,0.049029038952929635,0.2200367557150977,0.0,0.0,0.0,0.0,0.0,18473,global,0.0
4,5,lr1e-04_bs8_drop0p2_temp2p0_a0p25_b0p05__wd1e-04trmiss0_degmodglobal,8,0.0001,0.0001,0.2,2.0,0.25,0.05,lr1e-04_bs8_drop0p2_temp2p0_a0p25_b0p05__wd1e-04trmiss0_degmodglobal,15,0.6327760304723468,0.7751128971576691,0.5833333333333334,0.8223375390042058,0.5384615384615384,0.0,0.563519971711295,0.6063429628099714,0.056710771684135707,0.24510779976844788,0.0,0.0,0.0,0.0,0.0,18473,global,0.0
4,5,lr1e-04_bs8_drop0p2_temp2p0_a0p25_b0p05__wd1e-04trmiss0_degmodglobal,8,0.0001,0.0001,0.2,2.0,0.25,0.05,lr1e-04_bs8_drop0p2_temp2p0_a0p25_b0p05__wd1e-04trmiss0_degmodglobal,16,0.643059756074633,0.7753908634185791,0.6111111111111112,0.844559761226428,0.5384615384615384,0.0,0.5692646929195949,0.6127904227801731,0.06727768321122442,0.2689985143286841,0.0,0.0,0.0,0.0,0.0,18473,global,0.0
4,5,lr1e-04_bs8_drop0p2_temp2p0_a0p25_b0p05__wd1e-04trmiss0_degmodglobal,8,0.0001,0.0001,0.2,2.0,0.25,0.05,lr1e-04_bs8_drop0p2_temp2p0_a0p25_b0p05__wd1e-04trmiss0_degmodglobal,17,0.6475597109113421,0.7815820872783661,0.6111111111111112,0.844559761226428,0.5384615384615384,0.0,0.5771231481007167,0.6184632437569755,0.05983426741191319,0.2827583849430084,0.0,0.0,0.0,0.0,0.0,18473,global,0.0
4,5,lr1e-04_bs8_drop0p2_temp2p0_a0p25_b0p05__wd1e-04trmiss0_degmodglobal,8,0.0001,0.0001,0.2,2.0,0.25,0.05,lr1e-04_bs8_drop0p2_temp2p0_a0p25_b0p05__wd1e-04trmiss0_degmodglobal,18,0.6377164380890983,0.7893912196159363,0.5833333333333334,0.8223375390042058,0.5384615384615384,0.0,0.5690036245754787,0.6127796173095703,0.05413602026445525,0.2280563052211489,0.0,0.0,0.0,0.0,0.0,18473,global,0.0
4,5,lr1e-04_bs8_drop0p2_temp2p0_a0p25_b0p05__wd1e-04trmiss0_degmodglobal,8,0.0001,0.0001,0.2,2.0,0.25,0.05,lr1e-04_bs8_drop0p2_temp2p0_a0p25_b0p05__wd1e-04trmiss0_degmodglobal,19,0.6492591415132795,0.7937330305576324,0.6111111111111112,0.844559761226428,0.5384615384615384,0.0,0.5542952077729362,0.6139466677393232,0.07394882717302867,0.3365057791982378,0.0,0.0,0.0,0.0,0.0,18473,global,0.0
4,5,lr1e-04_bs8_drop0p2_temp2p0_a0p25_b0p05__wd1e-04trmiss0_degmodglobal,8,0.0001,0.0001,0.2,2.0,0.25,0.05,lr1e-04_bs8_drop0p2_temp2p0_a0p25_b0p05__wd1e-04trmiss0_degmodglobal,20,0.6337969473430088,0.7949199080467224,0.6111111111111112,0.844559761226428,0.5384615384615384,0.0,0.5684866564614433,0.5999493939535958,0.07054329769951957,0.3242347942931311,0.0,0.0,0.0,0.0,0.0,18473,global,0.0
4,5,lr1e-04_bs8_drop0p2_temp2p0_a0p25_b0p05__wd1e-04trmiss0_degmodglobal,8,0.0001,0.0001,0.2,2.0,0.25,0.05,lr1e-04_bs8_drop0p2_temp2p0_a0p25_b0p05__wd1e-04trmiss0_degmodglobal,21,0.6238917793546405,0.7928664684295654,0.6111111111111112,0.844559761226428,0.5384615384615384,0.0,0.5553885783467974,0.5950361660548619,0.06134512381894248,0.27038659155368805,0.0,0.0,0.0,0.0,0.0,18473,global,0.0
4,5,lr1e-04_bs8_drop0p2_temp2p0_a0p25_b0p05__wd1e-04trmiss0_degmodglobal,8,0.0001,0.0001,0.2,2.0,0.25,0.05,lr1e-04_bs8_drop0p2_temp2p0_a0p25_b0p05__wd1e-04trmiss0_degmodglobal,22,0.6264720473970685,0.785953015089035,0.6111111111111112,0.844559761226428,0.5384615384615384,0.0,0.5557842084339687,0.5976729137556893,0.06175726226397923,0.2671965020043509,0.0,0.0,0.0,0.0,0.0,18473,global,0.0
4,5,lr1e-04_bs8_drop0p2_temp2p0_a0p25_b0p05__wd1e-04trmiss0_degmodglobal,8,0.0001,0.0001,0.2,2.0,0.25,0.05,lr1e-04_bs8_drop0p2_temp2p0_a0p25_b0p05__wd1e-04trmiss0_degmodglobal,23,0.6192378997802734,0.7743683457374573,0.6388888888888888,0.8512937679604347,0.5384615384615384,0.0,0.5493386813572475,0.5830063308988299,0.07516560809952873,0.348803494657789,0.0,0.0,0.0,0.0,0.0,18473,global,0.0
4,5,lr1e-04_bs8_drop0p2_temp2p0_a0p25_b0p05__wd1e-04trmiss0_degmodglobal,8,0.0001,0.0001,0.2,2.0,0.25,0.05,lr1e-04_bs8_drop0p2_temp2p0_a0p25_b0p05__wd1e-04trmiss0_degmodglobal,24,0.6116390824317932,0.7710008919239044,0.6388888888888888,0.8512937679604347,0.5384615384615384,0.0,0.5556976965495518,0.5860075439725604,0.05577990785241127,0.2337310505764825,0.0,0.0,0.0,0.0,0.0,18473,global,0.0
4,5,lr1e-04_bs8_drop0p2_temp2p0_a0p25_b0p05__wd1e-04trmiss0_degmodglobal,8,0.0001,0.0001,0.2,2.0,0.25,0.05,lr1e-04_bs8_drop0p2_temp2p0_a0p25_b0p05__wd1e-04trmiss0_degmodglobal,25,0.6299210786819458,0.7611282169818878,0.6388888888888888,0.8512937679604347,0.5384615384615384,0.0,0.5561137965747288,0.5973787222589765,0.07238124843154635,0.2889410193477358,0.0,0.0,0.0,0.0,0.0,18473,global,0.0
4,5,lr1e-04_bs8_drop0p2_temp2p0_a0p25_b0p05__wd1e-04trmiss0_degmodglobal,8,0.0001,0.0001,0.2,2.0,0.25,0.05,lr1e-04_bs8_drop0p2_temp2p0_a0p25_b0p05__wd1e-04trmiss0_degmodglobal,26,0.6111837455204555,0.7671336233615875,0.6388888888888888,0.8512937679604347,0.5384615384615384,0.0,0.554750953401838,0.5799199257578168,0.06972601743681091,0.27664634372506824,0.0,0.0,0.0,0.0,0.0,18473,global,0.0
4,5,lr1e-04_bs8_drop0p2_temp2p0_a0p25_b0p05__wd1e-04trmiss0_degmodglobal,8,0.0001,0.0001,0.2,2.0,0.25,0.05,lr1e-04_bs8_drop0p2_temp2p0_a0p25_b0p05__wd1e-04trmiss0_degmodglobal,27,0.6235359907150269,0.7787069976329803,0.6388888888888888,0.8512937679604347,0.46153846153846156,0.0,0.5494914523192814,0.5928742459842137,0.06456974095531873,0.2903860722269331,0.0,0.0,0.0,0.0,0.0,18473,global,0.0
4,5,lr1e-04_bs8_drop0p2_temp2p0_a0p25_b0p05__wd1e-04trmiss0_degmodglobal,8,0.0001,0.0001,0.2,2.0,0.25,0.05,lr1e-04_bs8_drop0p2_temp2p0_a0p25_b0p05__wd1e-04trmiss0_degmodglobal,28,0.6322973796299526,0.7865154147148132,0.6388888888888888,0.8512937679604347,0.46153846153846156,0.0,0.5622941596167428,0.6052158645221165,0.05552414698260171,0.2640094629355839,0.0,0.0,0.0,0.0,0.0,18473,global,0.0
4,5,lr1e-04_bs8_drop0p2_temp2p0_a0p25_b0p05__wd1e-04trmiss0_degmodglobal,8,0.0001,0.0001,0.2,2.0,0.25,0.05,lr1e-04_bs8_drop0p2_temp2p0_a0p25_b0p05__wd1e-04trmiss0_degmodglobal,29,0.6222761613982064,0.7867708802223206,0.6388888888888888,0.8512937679604347,0.46153846153846156,0.0,0.5515698662825993,0.5954406261444092,0.054634325206279755,0.2635391727089882,0.0,0.0,0.0,0.0,0.0,18473,global,0.0
4,5,lr1e-04_bs8_drop0p2_temp2p0_a0p25_b0p05__wd1e-04trmiss0_degmodglobal,8,0.0001,0.0001,0.2,2.0,0.25,0.05,lr1e-04_bs8_drop0p2_temp2p0_a0p25_b0p05__wd1e-04trmiss0_degmodglobal,30,0.6021228943552289,0.7799867987632751,0.6388888888888888,0.8512937679604347,0.5384615384615384,0.0,0.5534111261367798,0.5735007694789341,0.05938533480678286,0.27551587990352083,0.0,0.0,0.0,0.0,0.0,18473,global,0.0
4,5,lr1e-04_bs8_drop0p2_temp2p0_a0p25_b0p05__wd1e-04trmiss0_degmodglobal,8,0.0001,0.0001,0.2,2.0,0.25,0.05,lr1e-04_bs8_drop0p2_temp2p0_a0p25_b0p05__wd1e-04trmiss0_degmodglobal,31,0.6118130087852478,0.7791170179843903,0.6388888888888888,0.8512937679604347,0.5384615384615384,0.0,0.5377764531544277,0.583062401839665,0.0635145434311458,0.25743972616536276,0.0,0.0,0.0,0.0,0.0,18473,global,0.0
4,5,lr1e-04_bs8_drop0p2_temp2p0_a0p25_b0p05__wd1e-04trmiss0_degmodglobal,8,0.0001,0.0001,0.2,2.0,0.25,0.05,lr1e-04_bs8_drop0p2_temp2p0_a0p25_b0p05__wd1e-04trmiss0_degmodglobal,32,0.6257236003875732,0.7766402363777161,0.6388888888888888,0.8512937679604347,0.5384615384615384,0.0,0.5615387303488595,0.5956305350576129,0.06616321472184998,0.27104499084608896,0.0,0.0,0.0,0.0,0.0,18473,global,0.0
4,5,lr1e-04_bs8_drop0p2_temp2p0_a0p25_b0p05__wd1e-04trmiss0_degmodglobal,8,0.0001,0.0001,0.2,2.0,0.25,0.05,lr1e-04_bs8_drop0p2_temp2p0_a0p25_b0p05__wd1e-04trmiss0_degmodglobal,33,0.6044611079352242,0.7674290239810944,0.6388888888888888,0.8512937679604347,0.5384615384615384,0.0,0.5153841929776328,0.5711020997592381,0.072016855435712,0.3070960066148213,0.0,0.0,0.0,0.0,0.0,18473,global,0.0
4,5,lr1e-04_bs8_drop0p2_temp2p0_a0p25_b0p05__wd1e-04trmiss0_degmodglobal,8,0.0001,0.0001,0.2,2.0,0.25,0.05,lr1e-04_bs8_drop0p2_temp2p0_a0p25_b0p05__wd1e-04trmiss0_degmodglobal,34,0.6391661422593253,0.7700992524623871,0.6388888888888888,0.8512937679604347,0.5384615384615384,0.0,0.524841730083738,0.6044879044805255,0.07169848680496216,0.33507259615830015,0.0,0.0,0.0,0.0,0.0,18473,global,0.0
4,5,lr1e-04_bs8_drop0p2_temp2p0_a0p25_b0p05__wd1e-04trmiss0_degmodglobal,8,0.0001,0.0001,0.2,2.0,0.25,0.05,lr1e-04_bs8_drop0p2_temp2p0_a0p25_b0p05__wd1e-04trmiss0_degmodglobal,35,0.6126674498830523,0.7787215709686279,0.6388888888888888,0.8512937679604347,0.5384615384615384,0.0,0.5414656230381557,0.5772222365651812,0.07253151546631541,0.34624676406383514,0.0,0.0,0.0,0.0,0.0,18473,global,0.0
4,5,lr1e-04_bs8_drop0p2_temp2p0_a0p25_b0p05__wd1e-04trmiss0_degmodglobal,8,0.0001,0.0001,0.2,2.0,0.25,0.05,lr1e-04_bs8_drop0p2_temp2p0_a0p25_b0p05__wd1e-04trmiss0_degmodglobal,36,0.6156762157167707,0.7715102136135101,0.6666666666666667,0.8645212811879479,0.5384615384615384,0.0,0.5150420367717743,0.5735445107732501,0.09222694433161191,0.38149925427777426,0.0,0.0,0.0,0.0,0.0,18473,global,0.0
4,5,lr1e-04_bs8_drop0p2_temp2p0_a0p25_b0p05__wd1e-04trmiss0_degmodglobal,8,0.0001,0.0001,0.2,2.0,0.25,0.05,lr1e-04_bs8_drop0p2_temp2p0_a0p25_b0p05__wd1e-04trmiss0_degmodglobal,37,0.6129148006439209,0.7645121216773987,0.6666666666666667,0.8645212811879479,0.5384615384615384,0.0,0.5382191921983447,0.5755529659135001,0.07776156227503504,0.35842899339539663,0.0,0.0,0.0,0.0,0.0,18473,global,0.0
4,5,lr1e-04_bs8_drop0p2_temp2p0_a0p25_b0p05__wd1e-04trmiss0_degmodglobal,8,0.0001,0.0001,0.2,2.0,0.25,0.05,lr1e-04_bs8_drop0p2_temp2p0_a0p25_b0p05__wd1e-04trmiss0_degmodglobal,38,0.6249020440237862,0.766813337802887,0.6666666666666667,0.8645212811879479,0.5384615384615384,0.0,0.5360345499856132,0.5885999202728271,0.08255656276430402,0.31325976124831606,0.0,0.0,0.0,0.0,0.0,18473,global,0.0
4,5,lr1e-04_bs8_drop0p2_temp2p0_a0p25_b0p05__wd1e-04trmiss0_degmodglobal,8,0.0001,0.0001,0.2,2.0,0.25,0.05,lr1e-04_bs8_drop0p2_temp2p0_a0p25_b0p05__wd1e-04trmiss0_degmodglobal,39,0.6079490865979876,0.7654342353343964,0.6666666666666667,0.8645212811879479,0.5384615384615384,0.0,0.524673057453973,0.5733466744422913,0.07324269839695521,0.3258347511291504,0.0,0.0,0.0,0.0,0.0,18473,global,0.0
4,5,lr1e-04_bs8_drop0p2_temp2p0_a0p25_b0p05__wd1e-04trmiss0_degmodglobal,8,0.0001,0.0001,0.2,2.0,0.25,0.05,lr1e-04_bs8_drop0p2_temp2p0_a0p25_b0p05__wd1e-04trmiss0_degmodglobal,40,0.6063435588564191,0.7704420387744904,0.6666666666666667,0.8645212811879479,0.5384615384615384,0.0,0.49329836453710285,0.5786012666566032,0.06084500306418964,0.25062079301902224,0.0,0.0,0.0,0.0,0.0,18473,global,0.0
4,5,lr1e-04_bs8_drop0p2_temp2p0_a0p25_b0p05__wd1e-04trmiss0_degmodglobal,8,0.0001,0.0001,0.2,2.0,0.25,0.05,lr1e-04_bs8_drop0p2_temp2p0_a0p25_b0p05__wd1e-04trmiss0_degmodglobal,41,0.6164083225386483,0.7697028517723083,0.6388888888888888,0.8512937679604347,0.5384615384615384,0.0,0.5210361225264413,0.5807711567197528,0.07438441259520394,0.34082132152148653,0.0,0.0,0.0,0.0,0.0,18473,global,0.0
4,5,lr1e-04_bs8_drop0p2_temp2p0_a0p25_b0p05__wd1e-04trmiss0_degmodglobal,8,0.0001,0.0001,0.2,2.0,0.25,0.05,lr1e-04_bs8_drop0p2_temp2p0_a0p25_b0p05__wd1e-04trmiss0_degmodglobal,42,0.625939130783081,0.777885228395462,0.6388888888888888,0.8512937679604347,0.5384615384615384,0.0,0.5273217005389077,0.5967374273708889,0.06339466039623533,0.26706058638436453,0.0,0.0,0.0,0.0,0.0,18473,global,0.0
4,5,lr1e-04_bs8_drop0p2_temp2p0_a0p25_b0p05__wd1e-04trmiss0_degmodglobal,8,0.0001,0.0001,0.2,2.0,0.25,0.05,lr1e-04_bs8_drop0p2_temp2p0_a0p25_b0p05__wd1e-04trmiss0_degmodglobal,43,0.6196249042238507,0.7733186185359955,0.6388888888888888,0.8512937679604347,0.5384615384615384,0.0,0.5071771442890167,0.5806216171809605,0.08140558855874198,0.37303792365959715,0.0,0.0,0.0,0.0,0.0,18473,global,0.0
4,5,lr1e-04_bs8_drop0p2_temp2p0_a0p25_b0p05__wd1e-04trmiss0_degmodglobal,8,0.0001,0.0001,0.2,2.0,0.25,0.05,lr1e-04_bs8_drop0p2_temp2p0_a0p25_b0p05__wd1e-04trmiss0_degmodglobal,44,0.6277914472988674,0.7659109830856323,0.6388888888888888,0.8512937679604347,0.5384615384615384,0.0,0.5102180370262691,0.5953560726983207,0.06663931240992886,0.31551108402865274,0.0,0.0,0.0,0.0,0.0,18473,global,0.0
4,5,lr1e-04_bs8_drop0p2_temp2p0_a0p25_b0p05__wd1e-04trmiss0_degmodglobal,8,0.0001,0.0001,0.2,2.0,0.25,0.05,lr1e-04_bs8_drop0p2_temp2p0_a0p25_b0p05__wd1e-04trmiss0_degmodglobal,45,0.6233294265610831,0.7623566687107086,0.6388888888888888,0.8512937679604347,0.5384615384615384,0.0,0.5156939199992588,0.5846839462007795,0.0811295174062252,0.36726210372788565,0.0,0.0,0.0,0.0,0.0,18473,global,0.0
4,5,lr1e-04_bs8_drop0p2_temp2p0_a0p25_b0p05__wd1e-04trmiss0_degmodglobal,8,0.0001,0.0001,0.2,2.0,0.25,0.05,lr1e-04_bs8_drop0p2_temp2p0_a0p25_b0p05__wd1e-04trmiss0_degmodglobal,46,0.6145226785114833,0.766150176525116,0.6388888888888888,0.8512937679604347,0.5384615384615384,0.0,0.49961158633232117,0.5779942997864315,0.07939329211200986,0.33360124272959574,0.0,0.0,0.0,0.0,0.0,18473,global,0.0
4,5,lr1e-04_bs8_drop0p2_temp2p0_a0p25_b0p05__wd1e-04trmiss0_degmodglobal,8,0.0001,0.0001,0.2,2.0,0.25,0.05,lr1e-04_bs8_drop0p2_temp2p0_a0p25_b0p05__wd1e-04trmiss0_degmodglobal,47,0.6266710502760751,0.7725149095058441,0.6388888888888888,0.8512937679604347,0.5384615384615384,0.0,0.5068147437913078,0.5929334248815264,0.07209509291819163,0.31427725723811556,0.0,0.0,0.0,0.0,0.0,18473,global,0.0
4,5,lr1e-04_bs8_drop0p2_temp2p0_a0p25_b0p05__wd1e-04trmiss0_degmodglobal,8,0.0001,0.0001,0.2,2.0,0.25,0.05,lr1e-04_bs8_drop0p2_temp2p0_a0p25_b0p05__wd1e-04trmiss0_degmodglobal,48,0.6475635341235569,0.7637448310852051,0.6666666666666667,0.8645212811879479,0.5384615384615384,0.0,0.5148538265909467,0.6110008103506905,0.07687923312187195,0.34685856316770824,0.0,0.0,0.0,0.0,0.0,18473,global,0.0
4,5,lr1e-04_bs8_drop0p2_temp2p0_a0p25_b0p05__wd1e-04trmiss0_degmodglobal,8,0.0001,0.0001,0.2,2.0,0.25,0.05,lr1e-04_bs8_drop0p2_temp2p0_a0p25_b0p05__wd1e-04trmiss0_degmodglobal,49,0.6142713257244655,0.7589745819568634,0.6388888888888888,0.8512937679604347,0.5384615384615384,0.0,0.49407189232962473,0.5793120605604989,0.0756002494267055,0.3211840348584311,0.0,0.0,0.0,0.0,0.0,18473,global,0.0
4,5,lr1e-04_bs8_drop0p2_temp2p0_a0p25_b0p05__wd1e-04trmiss0_degmodglobal,8,0.0001,0.0001,0.2,2.0,0.25,0.05,lr1e-04_bs8_drop0p2_temp2p0_a0p25_b0p05__wd1e-04trmiss0_degmodglobal,50,0.6331328579357692,0.7599527835845947,0.6388888888888888,0.8512937679604347,0.5384615384615384,0.0,0.4993745173726763,0.5879751529012408,0.09574290364980698,0.42443970697266714,0.0,0.0,0.0,0.0,0.0,18473,global,0.0
4,5,lr1e-04_bs8_drop0p2_temp2p0_a0p25_b0p05__wd1e-04trmiss0_degmodglobal,8,0.0001,0.0001,0.2,2.0,0.25,0.05,lr1e-04_bs8_drop0p2_temp2p0_a0p25_b0p05__wd1e-04trmiss0_degmodglobal,51,0.6158288036073957,0.7649069726467133,0.6388888888888888,0.8512937679604347,0.5384615384615384,0.0,0.4690270168440683,0.5784618513924735,0.07728580119354385,0.36091003673417227,0.0,0.0,0.0,0.0,0.0,18473,global,0.0
4,5,lr1e-04_bs8_drop0p2_temp2p0_a0p25_b0p05__wd1e-04trmiss0_degmodglobal,8,0.0001,0.0001,0.2,2.0,0.25,0.05,lr1e-04_bs8_drop0p2_temp2p0_a0p25_b0p05__wd1e-04trmiss0_degmodglobal,52,0.6346260479518345,0.765555739402771,0.6388888888888888,0.8512937679604347,0.5384615384615384,0.0,0.46702079687799725,0.5935139272894178,0.08922471531799861,0.37611880898475647,0.0,0.0,0.0,0.0,0.0,18473,global,0.0
4,5,lr1e-04_bs8_drop0p2_temp2p0_a0p25_b0p05__wd1e-04trmiss0_degmodglobal,8,0.0001,0.0001,0.2,2.0,0.25,0.05,lr1e-04_bs8_drop0p2_temp2p0_a0p25_b0p05__wd1e-04trmiss0_degmodglobal,53,0.6260293892451695,0.7831031382083893,0.6388888888888888,0.8512937679604347,0.5384615384615384,0.0,0.4911171793937683,0.590042667729514,0.0739601616348539,0.34993345396859304,0.0,0.0,0.0,0.0,0.0,18473,global,0.0
4,5,lr1e-04_bs8_drop0p2_temp2p0_a0p25_b0p05__wd1e-04trmiss0_degmodglobal,8,0.0001,0.0001,0.2,2.0,0.25,0.05,lr1e-04_bs8_drop0p2_temp2p0_a0p25_b0p05__wd1e-04trmiss0_degmodglobal,54,0.6224238872528076,0.7763627171516418,0.6388888888888888,0.8512937679604347,0.5384615384615384,0.0,0.4708540567329952,0.5787887743541172,0.09817741279091154,0.3818150247846331,0.0,0.0,0.0,0.0,0.0,18473,global,0.0
4,5,lr1e-04_bs8_drop0p2_temp2p0_a0p25_b0p05__wd1e-04trmiss0_degmodglobal,8,0.0001,0.0001,0.2,2.0,0.25,0.05,lr1e-04_bs8_drop0p2_temp2p0_a0p25_b0p05__wd1e-04trmiss0_degmodglobal,55,0.6551702703748431,0.7859722673892975,0.6388888888888888,0.8512937679604347,0.5384615384615384,0.0,0.48917515363012043,0.6127267905644008,0.08668476662465505,0.41544591529028757,0.0,0.0,0.0,0.0,0.0,18473,global,0.0
4,5,lr1e-04_bs8_drop0p2_temp2p0_a0p25_b0p05__wd1e-04trmiss0_degmodglobal,8,0.0001,0.0001,0.2,2.0,0.25,0.05,lr1e-04_bs8_drop0p2_temp2p0_a0p25_b0p05__wd1e-04trmiss0_degmodglobal,56,0.6339143259184701,0.7830655872821808,0.6388888888888888,0.8512937679604347,0.5384615384615384,0.0,0.5038176221506936,0.5878538319042751,0.09954386151262692,0.4234904944896698,0.0,0.0,0.0,0.0,0.0,18473,global,0.0
4,5,lr1e-04_bs8_drop0p2_temp2p0_a0p25_b0p05__wd1e-04trmiss0_degmodglobal,8,0.0001,0.0001,0.2,2.0,0.25,0.05,lr1e-04_bs8_drop0p2_temp2p0_a0p25_b0p05__wd1e-04trmiss0_degmodglobal,57,0.6290064368929181,0.77635657787323,0.6388888888888888,0.8512937679604347,0.5384615384615384,0.0,0.46776242767061504,0.5778299272060394,0.11105923461062568,0.46823365347726004,0.0,0.0,0.0,0.0,0.0,18473,global,0.0
4,5,lr1e-04_bs8_drop0p2_temp2p0_a0p25_b0p05__wd1e-04trmiss0_degmodglobal,8,0.0001,0.0001,0.2,2.0,0.25,0.05,lr1e-04_bs8_drop0p2_temp2p0_a0p25_b0p05__wd1e-04trmiss0_degmodglobal,58,0.6304634639195034,0.7890399098396301,0.6388888888888888,0.8512937679604347,0.5384615384615384,0.0,0.4551154247352055,0.5805412701198033,0.10750756093433925,0.4609060840947287,0.0,0.0,0.0,0.0,0.0,18473,global,0.0
4,5,lr1e-04_bs8_drop0p2_temp2p0_a0p25_b0p05__wd1e-04trmiss0_degmodglobal,8,0.0001,0.0001,0.2,2.0,0.25,0.05,lr1e-04_bs8_drop0p2_temp2p0_a0p25_b0p05__wd1e-04trmiss0_degmodglobal,59,0.6336653402873448,0.7865485548973083,0.6388888888888888,0.8512937679604347,0.5384615384615384,0.0,0.48520047324044363,0.5905379056930542,0.09605372590678078,0.3822799835886274,0.0,0.0,0.0,0.0,0.0,18473,global,0.0
4,5,lr1e-04_bs8_drop0p2_temp2p0_a0p25_b0p05__wd1e-04trmiss0_degmodglobal,8,0.0001,0.0001,0.2,2.0,0.25,0.05,lr1e-04_bs8_drop0p2_temp2p0_a0p25_b0p05__wd1e-04trmiss0_degmodglobal,60,0.6213656749044146,0.7787300944328308,0.6388888888888888,0.8512937679604347,0.5384615384615384,0.0,0.4632686802319118,0.5805198294775826,0.0887836084834167,0.37299901247024536,0.0,0.0,0.0,0.0,0.0,18473,global,0.0
4,5,lr1e-04_bs8_drop0p2_temp2p0_a0p25_b0p05__wd1e-04trmiss0_degmodglobal,8,0.0001,0.0001,0.2,2.0,0.25,0.05,lr1e-04_bs8_drop0p2_temp2p0_a0p25_b0p05__wd1e-04trmiss0_degmodglobal,61,0.6279853156634739,0.776912122964859,0.6388888888888888,0.8512937679604347,0.5384615384615384,0.0,0.4622693359851837,0.5812629461288452,0.10186123847961426,0.425141196165766,0.0,0.0,0.0,0.0,0.0,18473,global,0.0
4,5,lr1e-04_bs8_drop0p2_temp2p0_a0p25_b0p05__wd1e-04trmiss0_degmodglobal,8,0.0001,0.0001,0.2,2.0,0.25,0.05,lr1e-04_bs8_drop0p2_temp2p0_a0p25_b0p05__wd1e-04trmiss0_degmodglobal,62,0.6244456597736904,0.7769554555416107,0.6388888888888888,0.8512937679604347,0.5384615384615384,0.0,0.4647562546389444,0.584939318043845,0.0865939546908651,0.3571572005748749,0.0,0.0,0.0,0.0,0.0,18473,global,0.0
4,5,lr1e-04_bs8_drop0p2_temp2p0_a0p25_b0p05__wd1e-04trmiss0_degmodglobal,8,0.0001,0.0001,0.2,2.0,0.25,0.05,lr1e-04_bs8_drop0p2_temp2p0_a0p25_b0p05__wd1e-04trmiss0_degmodglobal,63,0.6159872753279549,0.768433153629303,0.6388888888888888,0.8512937679604347,0.5384615384615384,0.0,0.4783260907445635,0.5792608686855861,0.07494338548609189,0.3598112996135439,0.0,0.0,0.0,0.0,0.0,18473,global,0.0
4,5,lr1e-04_bs8_drop0p2_temp2p0_a0p25_b0p05__wd1e-04trmiss0_degmodglobal,8,0.0001,0.0001,0.2,2.0,0.25,0.05,lr1e-04_bs8_drop0p2_temp2p0_a0p25_b0p05__wd1e-04trmiss0_degmodglobal,64,0.6339730875832694,0.7728655636310577,0.6666666666666667,0.8645212811879479,0.5384615384615384,0.0,0.47074154019355774,0.5891047545841762,0.09563174418040685,0.41920799016952515,0.0,0.0,0.0,0.0,0.0,18473,global,0.0
4,5,lr1e-04_bs8_drop0p2_temp2p0_a0p25_b0p05__wd1e-04trmiss0_degmodglobal,8,0.0001,0.0001,0.2,2.0,0.25,0.05,lr1e-04_bs8_drop0p2_temp2p0_a0p25_b0p05__wd1e-04trmiss0_degmodglobal,65,0.6244934626988002,0.7715235352516174,0.6388888888888888,0.8512937679604347,0.5384615384615384,0.0,0.4598535256726401,0.5827155496392932,0.08617679561887469,0.4046743256705148,0.0,0.0,0.0,0.0,0.0,18473,global,0.0
4,5,lr1e-04_bs8_drop0p2_temp2p0_a0p25_b0p05__wd1e-04trmiss0_degmodglobal,8,0.0001,0.0001,0.2,2.0,0.25,0.05,lr1e-04_bs8_drop0p2_temp2p0_a0p25_b0p05__wd1e-04trmiss0_degmodglobal,66,0.6194219078336444,0.7715280652046204,0.6388888888888888,0.8512937679604347,0.5384615384615384,0.0,0.43402924707957674,0.5789539558546883,0.08677613203014646,0.375478738120624,0.0,0.0,0.0,0.0,0.0,18473,global,0.0
4,5,lr1e-04_bs8_drop0p2_temp2p0_a0p25_b0p05__wd1e-04trmiss0_degmodglobal,8,0.0001,0.0001,0.2,2.0,0.25,0.05,lr1e-04_bs8_drop0p2_temp2p0_a0p25_b0p05__wd1e-04trmiss0_degmodglobal,67,0.656403762953622,0.7742902338504791,0.6388888888888888,0.8512937679604347,0.5384615384615384,0.0,0.45798512016023907,0.6092955470085144,0.09967599596296038,0.443784488098962,0.0,0.0,0.0,0.0,0.0,18473,global,0.0
4,5,lr1e-04_bs8_drop0p2_temp2p0_a0p25_b0p05__wd1e-04trmiss0_degmodglobal,8,0.0001,0.0001,0.2,2.0,0.25,0.05,lr1e-04_bs8_drop0p2_temp2p0_a0p25_b0p05__wd1e-04trmiss0_degmodglobal,68,0.6067106979233878,0.7735713124275208,0.6388888888888888,0.8512937679604347,0.5384615384615384,0.0,0.43651068210601807,0.5626458823680878,0.0953423838530268,0.4045842843396323,0.0,0.0,0.0,0.0,0.0,18473,global,0.0
4,5,lr1e-04_bs8_drop0p4_temp1p0_a0p25_b0p05__wd1e-04trmiss0_degmodglobal,8,0.0001,0.0001,0.4,1.0,0.25,0.05,lr1e-04_bs8_drop0p4_temp1p0_a0p25_b0p05__wd1e-04trmiss0_degmodglobal,1,0.7170002971376691,0.6737262606620789,0.6388888888888888,0.7527167277167278,0.6923076923076923,0.0,0.7387183819498334,0.6969761507851737,0.04659727428640638,0.16749650559255055,0.0,0.0,0.0,0.0,0.0,18473,global,0.0
4,5,lr1e-04_bs8_drop0p4_temp1p0_a0p25_b0p05__wd1e-04trmiss0_degmodglobal,8,0.0001,0.0001,0.4,1.0,0.25,0.05,lr1e-04_bs8_drop0p4_temp1p0_a0p25_b0p05__wd1e-04trmiss0_degmodglobal,2,0.6774482812200274,0.6961510479450226,0.611111111111111,0.7419142585809253,0.6153846153846154,0.0,0.7168860690934318,0.6595323937279838,0.04433601030281612,0.1366374237196786,0.0,0.0,0.0,0.0,0.0,18473,global,0.0
4,5,lr1e-04_bs8_drop0p4_temp1p0_a0p25_b0p05__wd1e-04trmiss0_degmodglobal,8,0.0001,0.0001,0.4,1.0,0.25,0.05,lr1e-04_bs8_drop0p4_temp1p0_a0p25_b0p05__wd1e-04trmiss0_degmodglobal,3,0.6566977075168065,0.7135606110095978,0.5277777777777778,0.7019671686338353,0.46153846153846156,0.0,0.702812135219574,0.638205213206155,0.04746965851102557,0.1325016479407038,0.0,0.0,0.0,0.0,0.0,18473,global,0.0
4,5,lr1e-04_bs8_drop0p4_temp1p0_a0p25_b0p05__wd1e-04trmiss0_degmodglobal,8,0.0001,0.0001,0.4,1.0,0.25,0.05,lr1e-04_bs8_drop0p4_temp1p0_a0p25_b0p05__wd1e-04trmiss0_degmodglobal,4,0.656795859336853,0.7184207141399384,0.5555555555555556,0.7167819834486502,0.46153846153846156,0.0,0.675920477935246,0.6362341216632298,0.05108018698436873,0.15583389571734838,0.0,0.0,0.0,0.0,0.0,18473,global,0.0
4,5,lr1e-04_bs8_drop0p4_temp1p0_a0p25_b0p05__wd1e-04trmiss0_degmodglobal,8,0.0001,0.0001,0.4,1.0,0.25,0.05,lr1e-04_bs8_drop0p4_temp1p0_a0p25_b0p05__wd1e-04trmiss0_degmodglobal,5,0.6602987817355565,0.7216016054153442,0.5277777777777777,0.708701175367842,0.46153846153846156,0.0,0.6577785611152649,0.6409686718668256,0.04946886295718806,0.13925802388361522,0.0,0.0,0.0,0.0,0.0,18473,global,0.0
4,5,lr1e-04_bs8_drop0p4_temp1p0_a0p25_b0p05__wd1e-04trmiss0_degmodglobal,8,0.0001,0.0001,0.4,1.0,0.25,0.05,lr1e-04_bs8_drop0p4_temp1p0_a0p25_b0p05__wd1e-04trmiss0_degmodglobal,6,0.6082142676625933,0.7218145132064819,0.49999999999999994,0.6938863605530272,0.5384615384615384,0.0,0.6712081006595066,0.5865098237991333,0.04780959604041917,0.19504079222679138,0.0,0.0,0.0,0.0,0.0,18473,global,0.0
4,5,lr1e-04_bs8_drop0p4_temp1p0_a0p25_b0p05__wd1e-04trmiss0_degmodglobal,8,0.0001,0.0001,0.4,1.0,0.25,0.05,lr1e-04_bs8_drop0p4_temp1p0_a0p25_b0p05__wd1e-04trmiss0_degmodglobal,7,0.6300022516931806,0.722161203622818,0.47222222222222215,0.6852443852443852,0.5384615384615384,0.0,0.6514743055616107,0.6164333053997585,0.03382174697305475,0.1022703770015921,0.0,0.0,0.0,0.0,0.0,18473,global,0.0
4,5,lr1e-04_bs8_drop0p4_temp1p0_a0p25_b0p05__wd1e-04trmiss0_degmodglobal,8,0.0001,0.0001,0.4,1.0,0.25,0.05,lr1e-04_bs8_drop0p4_temp1p0_a0p25_b0p05__wd1e-04trmiss0_degmodglobal,8,0.6160326259476798,0.7251434028148651,0.4444444444444445,0.6840659340659342,0.5384615384615384,0.0,0.6535210864884513,0.5962632383619036,0.04954947744097028,0.14764000581843512,0.0,0.0,0.0,0.0,0.0,18473,global,0.0
4,5,lr1e-04_bs8_drop0p4_temp1p0_a0p25_b0p05__wd1e-04trmiss0_degmodglobal,8,0.0001,0.0001,0.4,1.0,0.25,0.05,lr1e-04_bs8_drop0p4_temp1p0_a0p25_b0p05__wd1e-04trmiss0_degmodglobal,9,0.6421228987830025,0.7266093492507935,0.3888888888888889,0.6621804121804122,0.5384615384615384,0.0,0.6449287108012608,0.6213265401976449,0.05138668843678066,0.15899369546345302,0.0,0.0,0.0,0.0,0.0,18473,global,0.0
4,5,lr1e-04_bs8_drop0p4_temp1p0_a0p25_b0p05__wd1e-04trmiss0_degmodglobal,8,0.0001,0.0001,0.4,1.0,0.25,0.05,lr1e-04_bs8_drop0p4_temp1p0_a0p25_b0p05__wd1e-04trmiss0_degmodglobal,10,0.6234902143478394,0.7333564758300781,0.38888888888888895,0.6525844525844526,0.38461538461538464,0.0,0.6468361190387181,0.6032134209360395,0.047977108508348465,0.1656504768346037,0.0,0.0,0.0,0.0,0.0,18473,global,0.0
4,5,lr1e-04_bs8_drop0p4_temp1p0_a0p25_b0p05__wd1e-04trmiss0_degmodglobal,8,0.0001,0.0001,0.4,1.0,0.25,0.05,lr1e-04_bs8_drop0p4_temp1p0_a0p25_b0p05__wd1e-04trmiss0_degmodglobal,11,0.5978381293160575,0.7264930009841919,0.4722222222222222,0.6907999407999409,0.5384615384615384,0.0,0.6152686987604413,0.5709914479936872,0.06552785156028611,0.2092942680631365,0.0,0.0,0.0,0.0,0.0,18473,global,0.0
4,5,lr1e-04_bs8_drop0p4_temp1p0_a0p25_b0p05__wd1e-04trmiss0_degmodglobal,8,0.0001,0.0001,0.4,1.0,0.25,0.05,lr1e-04_bs8_drop0p4_temp1p0_a0p25_b0p05__wd1e-04trmiss0_degmodglobal,12,0.610439658164978,0.7304294407367706,0.4444444444444445,0.6840659340659342,0.46153846153846156,0.0,0.6097129242760795,0.5879599792616708,0.05850429167704923,0.1570721066423825,0.0,0.0,0.0,0.0,0.0,18473,global,0.0
4,5,lr1e-04_bs8_drop0p4_temp1p0_a0p25_b0p05__wd1e-04trmiss0_degmodglobal,8,0.0001,0.0001,0.4,1.0,0.25,0.05,lr1e-04_bs8_drop0p4_temp1p0_a0p25_b0p05__wd1e-04trmiss0_degmodglobal,13,0.6307050841195243,0.7281549274921417,0.4722222222222222,0.6933251933251934,0.46153846153846156,0.0,0.5969587819916862,0.6123042787824359,0.043275932116167884,0.15163657707827433,0.0,0.0,0.0,0.0,0.0,18473,global,0.0
4,5,lr1e-04_bs8_drop0p4_temp1p0_a0p25_b0p05__wd1e-04trmiss0_degmodglobal,8,0.0001,0.0001,0.4,1.0,0.25,0.05,lr1e-04_bs8_drop0p4_temp1p0_a0p25_b0p05__wd1e-04trmiss0_degmodglobal,14,0.6066509485244751,0.7305299937725067,0.4722222222222222,0.6933251933251934,0.46153846153846156,0.0,0.5900884526116508,0.5897517800331116,0.0405754420374121,0.13510634643690927,0.0,0.0,0.0,0.0,0.0,18473,global,0.0
4,5,lr1e-04_bs8_drop0p4_temp1p0_a0p25_b0p05__wd1e-04trmiss0_degmodglobal,8,0.0001,0.0001,0.4,1.0,0.25,0.05,lr1e-04_bs8_drop0p4_temp1p0_a0p25_b0p05__wd1e-04trmiss0_degmodglobal,15,0.6134144578661237,0.7319205701351166,0.4722222222222222,0.6933251933251934,0.46153846153846156,0.0,0.6173326883997236,0.5865246398108346,0.06694788432547025,0.20305732850517547,0.0,0.0,0.0,0.0,0.0,18473,global,0.0
4,5,lr1e-04_bs8_drop0p4_temp1p0_a0p25_b0p05__wd1e-04trmiss0_degmodglobal,8,0.0001,0.0001,0.4,1.0,0.25,0.05,lr1e-04_bs8_drop0p4_temp1p0_a0p25_b0p05__wd1e-04trmiss0_degmodglobal,16,0.5963251846177238,0.7346948087215424,0.4444444444444444,0.6785103785103785,0.38461538461538464,0.0,0.6074913144111633,0.5713301386151995,0.058575778401323726,0.20702218104686057,0.0,0.0,0.0,0.0,0.0,18473,global,0.0
4,5,lr1e-04_bs8_drop0p4_temp1p0_a0p25_b0p05__wd1e-04trmiss0_degmodglobal,8,0.0001,0.0001,0.4,1.0,0.25,0.05,lr1e-04_bs8_drop0p4_temp1p0_a0p25_b0p05__wd1e-04trmiss0_degmodglobal,17,0.607721107346671,0.7327044308185577,0.4166666666666667,0.6692511192511194,0.38461538461538464,0.0,0.6046118480818612,0.5853613189288548,0.05413532948919705,0.17651928748403276,0.0,0.0,0.0,0.0,0.0,18473,global,0.0
4,5,lr1e-04_bs8_drop0p4_temp1p0_a0p25_b0p05__wd1e-04trmiss0_degmodglobal,8,0.0001,0.0001,0.4,1.0,0.25,0.05,lr1e-04_bs8_drop0p4_temp1p0_a0p25_b0p05__wd1e-04trmiss0_degmodglobal,18,0.5882643929549626,0.7301191687583923,0.4444444444444444,0.6785103785103785,0.38461538461538464,0.0,0.5844587343079704,0.5701831749507359,0.0437736271747521,0.1427562167601926,0.0,0.0,0.0,0.0,0.0,18473,global,0.0
4,5,lr1e-04_bs8_drop0p4_temp1p0_a0p25_b0p05__wd1e-04trmiss0_degmodglobal,8,0.0001,0.0001,0.4,1.0,0.25,0.05,lr1e-04_bs8_drop0p4_temp1p0_a0p25_b0p05__wd1e-04trmiss0_degmodglobal,19,0.5970299243927002,0.7345665097236633,0.4444444444444444,0.6785103785103785,0.46153846153846156,0.0,0.6028224059513637,0.5724085995129177,0.05935821256467274,0.19563549757003784,0.0,0.0,0.0,0.0,0.0,18473,global,0.0
4,5,lr1e-04_bs8_drop0p4_temp1p0_a0p25_b0p05__wd1e-04trmiss0_degmodglobal,8,0.0001,0.0001,0.4,1.0,0.25,0.05,lr1e-04_bs8_drop0p4_temp1p0_a0p25_b0p05__wd1e-04trmiss0_degmodglobal,20,0.5826625568526131,0.7378249764442444,0.4444444444444444,0.6785103785103785,0.46153846153846156,0.0,0.583716366972242,0.5621773856026786,0.04768100833254201,0.17129822820425034,0.0,0.0,0.0,0.0,0.0,18473,global,0.0
4,5,lr1e-04_bs8_drop0p4_temp1p0_a0p25_b0p05__wd1e-04trmiss0_degmodglobal,8,0.0001,0.0001,0.4,1.0,0.25,0.05,lr1e-04_bs8_drop0p4_temp1p0_a0p25_b0p05__wd1e-04trmiss0_degmodglobal,21,0.5962743503706796,0.7354478538036346,0.4722222222222222,0.6933251933251934,0.46153846153846156,0.0,0.5815143202032361,0.5782095619610378,0.04850956770990576,0.1187481049980436,0.0,0.0,0.0,0.0,0.0,18473,global,0.0
4,5,lr1e-04_bs8_drop0p4_temp1p0_a0p25_b0p05__wd1e-04trmiss0_degmodglobal,8,0.0001,0.0001,0.4,1.0,0.25,0.05,lr1e-04_bs8_drop0p4_temp1p0_a0p25_b0p05__wd1e-04trmiss0_degmodglobal,22,0.5715949875967843,0.7327998876571655,0.4722222222222222,0.6933251933251934,0.46153846153846156,0.0,0.5660346533570971,0.5534397789410183,0.04541592566030366,0.13602434524468013,0.0,0.0,0.0,0.0,0.0,18473,global,0.0
4,5,lr1e-04_bs8_drop0p4_temp1p0_a0p25_b0p05__wd1e-04trmiss0_degmodglobal,8,0.0001,0.0001,0.4,1.0,0.25,0.05,lr1e-04_bs8_drop0p4_temp1p0_a0p25_b0p05__wd1e-04trmiss0_degmodglobal,23,0.6212691749845233,0.7405825555324554,0.4444444444444445,0.6840659340659342,0.46153846153846156,0.0,0.5946104611669268,0.5948242374828884,0.05991532041558197,0.22932203433343343,0.0,0.0,0.0,0.0,0.0,18473,global,0.0
4,5,lr1e-04_bs8_drop0p4_temp1p0_a0p25_b0p05__wd1e-04trmiss0_degmodglobal,8,0.0001,0.0001,0.4,1.0,0.25,0.05,lr1e-04_bs8_drop0p4_temp1p0_a0p25_b0p05__wd1e-04trmiss0_degmodglobal,24,0.5832129802022662,0.7461074590682983,0.38888888888888895,0.6525844525844526,0.46153846153846156,0.0,0.5488096901348659,0.5617728063038417,0.05300689062901905,0.16376896415437972,0.0,0.0,0.0,0.0,0.0,18473,global,0.0
4,5,lr1e-04_bs8_drop0p4_temp1p0_a0p25_b0p05__wd1e-04trmiss0_degmodglobal,8,0.0001,0.0001,0.4,1.0,0.25,0.05,lr1e-04_bs8_drop0p4_temp1p0_a0p25_b0p05__wd1e-04trmiss0_degmodglobal,25,0.611418468611581,0.7440108060836792,0.4444444444444445,0.6840659340659342,0.46153846153846156,0.0,0.5898602179118565,0.5860430257661002,0.06292650422879628,0.19287641878638948,0.0,0.0,0.0,0.0,0.0,18473,global,0.0
4,5,lr1e-04_bs8_drop0p4_temp2p0_a0p25_b0p05__wd1e-04trmiss0_degmodglobal,8,0.0001,0.0001,0.4,2.0,0.25,0.05,lr1e-04_bs8_drop0p4_temp2p0_a0p25_b0p05__wd1e-04trmiss0_degmodglobal,1,0.715737623827798,0.7193218767642975,0.33333333333333337,0.6155474155474157,0.23076923076923078,0.0,0.6923610482897077,0.690359388078962,0.06744168698787689,0.17035618903381483,0.0,0.0,0.0,0.0,0.0,18473,global,0.0
4,5,lr1e-04_bs8_drop0p4_temp2p0_a0p25_b0p05__wd1e-04trmiss0_degmodglobal,8,0.0001,0.0001,0.4,2.0,0.25,0.05,lr1e-04_bs8_drop0p4_temp2p0_a0p25_b0p05__wd1e-04trmiss0_degmodglobal,2,0.6683882474899292,0.7197139859199524,0.2777777777777778,0.6176036926036926,0.3076923076923077,0.0,0.6619510735784259,0.6466638616153172,0.05819762072392872,0.14349946911845887,0.0,0.0,0.0,0.0,0.0,18473,global,0.0
4,5,lr1e-04_bs8_drop0p4_temp2p0_a0p25_b0p05__wd1e-04trmiss0_degmodglobal,8,0.0001,0.0001,0.4,2.0,0.25,0.05,lr1e-04_bs8_drop0p4_temp2p0_a0p25_b0p05__wd1e-04trmiss0_degmodglobal,3,0.6682605147361755,0.7280850112438202,0.3055555555555556,0.6342703592703594,0.38461538461538464,0.0,0.6397431152207511,0.643441345010485,0.06649323552846909,0.16391727754047938,0.0,0.0,0.0,0.0,0.0,18473,global,0.0
4,5,lr1e-04_bs8_drop0p4_temp2p0_a0p25_b0p05__wd1e-04trmiss0_degmodglobal,8,0.0001,0.0001,0.4,2.0,0.25,0.05,lr1e-04_bs8_drop0p4_temp2p0_a0p25_b0p05__wd1e-04trmiss0_degmodglobal,4,0.6413686445781163,0.7262992560863495,0.3611111111111111,0.7004079254079254,0.38461538461538464,0.0,0.6267546926225934,0.6188808594431195,0.05798489600419998,0.15983108218227113,0.0,0.0,0.0,0.0,0.0,18473,global,0.0
4,5,lr1e-04_bs8_drop0p4_temp2p0_a0p25_b0p05__wd1e-04trmiss0_degmodglobal,8,0.0001,0.0001,0.4,2.0,0.25,0.05,lr1e-04_bs8_drop0p4_temp2p0_a0p25_b0p05__wd1e-04trmiss0_degmodglobal,5,0.6130662305014474,0.7431810796260834,0.2777777777777778,0.6176036926036926,0.3076923076923077,0.0,0.6398450817380633,0.5951708555221558,0.04702315905264446,0.1227913780936173,0.0,0.0,0.0,0.0,0.0,18473,global,0.0
4,5,lr1e-04_bs8_drop0p4_temp2p0_a0p25_b0p05__wd1e-04trmiss0_degmodglobal,8,0.0001,0.0001,0.4,2.0,0.25,0.05,lr1e-04_bs8_drop0p4_temp2p0_a0p25_b0p05__wd1e-04trmiss0_degmodglobal,6,0.6142055818012783,0.7488150596618652,0.24999999999999997,0.6098876432209765,0.3076923076923077,0.0,0.6338622399738857,0.5857193044253758,0.07081669196486473,0.21564185193606786,0.0,0.0,0.0,0.0,0.0,18473,global,0.0
4,5,lr1e-04_bs8_drop0p4_temp2p0_a0p25_b0p05__wd1e-04trmiss0_degmodglobal,8,0.0001,0.0001,0.4,2.0,0.25,0.05,lr1e-04_bs8_drop0p4_temp2p0_a0p25_b0p05__wd1e-04trmiss0_degmodglobal,7,0.6321298650332859,0.7454763352870941,0.2222222222222222,0.6389881723215056,0.3076923076923077,0.0,0.5932738014629909,0.6095148069517953,0.06143698734896524,0.14511614825044358,0.0,0.0,0.0,0.0,0.0,18473,global,0.0
4,5,lr1e-04_bs8_drop0p4_temp2p0_a0p25_b0p05__wd1e-04trmiss0_degmodglobal,8,0.0001,0.0001,0.4,2.0,0.25,0.05,lr1e-04_bs8_drop0p4_temp2p0_a0p25_b0p05__wd1e-04trmiss0_degmodglobal,8,0.6306357639176505,0.7451266050338745,0.25,0.6575066908400242,0.3076923076923077,0.0,0.6046748246465411,0.6102797814777919,0.05543574211852891,0.12994101643562317,0.0,0.0,0.0,0.0,0.0,18473,global,0.0
4,5,lr1e-04_bs8_drop0p4_temp2p0_a0p25_b0p05__wd1e-04trmiss0_degmodglobal,8,0.0001,0.0001,0.4,2.0,0.25,0.05,lr1e-04_bs8_drop0p4_temp2p0_a0p25_b0p05__wd1e-04trmiss0_degmodglobal,9,0.6016298277037484,0.7464162409305573,0.2222222222222222,0.6389881723215056,0.3076923076923077,0.0,0.5912075042724609,0.577209438596453,0.06901268288493156,0.14334406490836824,0.0,0.0,0.0,0.0,0.0,18473,global,0.0
4,5,lr1e-04_bs8_drop0p4_temp2p0_a0p25_b0p05__wd1e-04trmiss0_degmodglobal,8,0.0001,0.0001,0.4,2.0,0.25,0.05,lr1e-04_bs8_drop0p4_temp2p0_a0p25_b0p05__wd1e-04trmiss0_degmodglobal,10,0.610635016645704,0.7477650046348572,0.2222222222222222,0.6389881723215056,0.3076923076923077,0.0,0.5760679074696132,0.5871685487883431,0.06365019881299563,0.15107879787683487,0.0,0.0,0.0,0.0,0.0,18473,global,0.0
4,5,lr1e-04_bs8_drop0p4_temp2p0_a0p25_b0p05__wd1e-04trmiss0_degmodglobal,8,0.0001,0.0001,0.4,2.0,0.25,0.05,lr1e-04_bs8_drop0p4_temp2p0_a0p25_b0p05__wd1e-04trmiss0_degmodglobal,11,0.6246197053364345,0.7419676184654236,0.25,0.6575066908400242,0.3076923076923077,0.0,0.5744711245809283,0.5997494374002729,0.0739949212542602,0.12743026603545463,0.0,0.0,0.0,0.0,0.0,18473,global,0.0
4,5,lr1e-04_bs8_drop0p4_temp2p0_a0p25_b0p05__wd1e-04trmiss0_degmodglobal,8,0.0001,0.0001,0.4,2.0,0.25,0.05,lr1e-04_bs8_drop0p4_temp2p0_a0p25_b0p05__wd1e-04trmiss0_degmodglobal,12,0.5944358280726841,0.738967627286911,0.25,0.6575066908400242,0.3076923076923077,0.0,0.566252316747393,0.5731914980070931,0.05619588228208678,0.14390750867979868,0.0,0.0,0.0,0.0,0.0,18473,global,0.0
4,5,lr1e-04_bs8_drop0p4_temp2p0_a0p25_b0p05__wd1e-04trmiss0_degmodglobal,8,0.0001,0.0001,0.4,2.0,0.25,0.05,lr1e-04_bs8_drop0p4_temp2p0_a0p25_b0p05__wd1e-04trmiss0_degmodglobal,13,0.6070736987250192,0.7447373270988464,0.27777777777777773,0.6654431987765321,0.3076923076923077,0.0,0.5822284051350185,0.5778441769736153,0.08543191211564201,0.15743068499224527,0.0,0.0,0.0,0.0,0.0,18473,global,0.0
4,5,lr1e-04_bs8_drop0p4_temp2p0_a0p25_b0p05__wd1e-04trmiss0_degmodglobal,8,0.0001,0.0001,0.4,2.0,0.25,0.05,lr1e-04_bs8_drop0p4_temp2p0_a0p25_b0p05__wd1e-04trmiss0_degmodglobal,14,0.621063198362078,0.7458914220333099,0.2777777777777778,0.6546407296407297,0.3076923076923077,0.0,0.572822630405426,0.5951259391648429,0.07882877173168319,0.12460108314241682,0.0,0.0,0.0,0.0,0.0,18473,global,0.0
4,5,lr1e-04_bs8_drop0p4_temp2p0_a0p25_b0p05__wd1e-04trmiss0_degmodglobal,8,0.0001,0.0001,0.4,2.0,0.25,0.05,lr1e-04_bs8_drop0p4_temp2p0_a0p25_b0p05__wd1e-04trmiss0_degmodglobal,15,0.5995665618351528,0.748313844203949,0.2777777777777778,0.6546407296407297,0.3076923076923077,0.0,0.5637821469988141,0.5775300179209027,0.058908239006996155,0.14618974604776927,0.0,0.0,0.0,0.0,0.0,18473,global,0.0
4,5,lr1e-04_bs8_drop0p4_temp2p0_a0p25_b0p05__wd1e-04trmiss0_degmodglobal,8,0.0001,0.0001,0.4,2.0,0.25,0.05,lr1e-04_bs8_drop0p4_temp2p0_a0p25_b0p05__wd1e-04trmiss0_degmodglobal,16,0.6220871380397252,0.7568698227405548,0.2777777777777778,0.6546407296407297,0.3076923076923077,0.0,0.5844094412667411,0.5968215550695147,0.0724266464156764,0.14317838741200312,0.0,0.0,0.0,0.0,0.0,18473,global,0.0
4,5,lr1e-04_bs8_drop0p4_temp2p0_a0p25_b0p05__wd1e-04trmiss0_degmodglobal,8,0.0001,0.0001,0.4,2.0,0.25,0.05,lr1e-04_bs8_drop0p4_temp2p0_a0p25_b0p05__wd1e-04trmiss0_degmodglobal,17,0.5894926956721714,0.7532737255096436,0.2222222222222222,0.6389881723215056,0.3076923076923077,0.0,0.5846006444522313,0.5606820072446551,0.07997854905469078,0.17632101263318742,0.0,0.0,0.0,0.0,0.0,18473,global,0.0
4,5,lr1e-04_bs8_drop0p4_temp2p0_a0p25_b0p05__wd1e-04trmiss0_degmodglobal,8,0.0001,0.0001,0.4,2.0,0.25,0.05,lr1e-04_bs8_drop0p4_temp2p0_a0p25_b0p05__wd1e-04trmiss0_degmodglobal,18,0.5817042504038129,0.7544507384300232,0.2222222222222222,0.6389881723215056,0.3076923076923077,0.0,0.5467506093638284,0.5572398730686733,0.07192922809294292,0.1296413806932313,0.0,0.0,0.0,0.0,0.0,18473,global,0.0
4,5,lr1e-04_bs8_drop0p4_temp2p0_a0p25_b0p05__wd1e-04trmiss0_degmodglobal,8,0.0001,0.0001,0.4,2.0,0.25,0.05,lr1e-04_bs8_drop0p4_temp2p0_a0p25_b0p05__wd1e-04trmiss0_degmodglobal,19,0.599290805203574,0.7501282691955566,0.25,0.6469246802580135,0.3076923076923077,0.0,0.5624888113566807,0.5758885741233826,0.06513178109058312,0.1423856637307576,0.0,0.0,0.0,0.0,0.0,18473,global,0.0
4,5,lr1e-04_bs8_drop0p4_temp2p0_a0p25_b0p05__wd1e-04trmiss0_degmodglobal,8,0.0001,0.0001,0.4,2.0,0.25,0.05,lr1e-04_bs8_drop0p4_temp2p0_a0p25_b0p05__wd1e-04trmiss0_degmodglobal,20,0.5775153466633388,0.7443301379680634,0.2777777777777778,0.6546407296407297,0.3076923076923077,0.0,0.5581338746207101,0.55647902403559,0.06463539813246046,0.09754966039742742,0.0,0.0,0.0,0.0,0.0,18473,global,0.0
4,5,lr1e-04_bs8_drop0p4_temp2p0_a0p25_b0p05__wd1e-04trmiss0_degmodglobal,8,0.0001,0.0001,0.4,2.0,0.25,0.05,lr1e-04_bs8_drop0p4_temp2p0_a0p25_b0p05__wd1e-04trmiss0_degmodglobal,21,0.5978118521826608,0.744713693857193,0.3055555555555556,0.662048137048137,0.3076923076923077,0.0,0.5698727199009487,0.575878884111132,0.061235416148390086,0.13248233497142792,0.0,0.0,0.0,0.0,0.0,18473,global,0.0
4,5,lr1e-04_bs8_drop0p4_temp2p0_a0p25_b0p05__wd1e-04trmiss0_degmodglobal,8,0.0001,0.0001,0.4,2.0,0.25,0.05,lr1e-04_bs8_drop0p4_temp2p0_a0p25_b0p05__wd1e-04trmiss0_degmodglobal,22,0.5813482914652143,0.741066187620163,0.4444444444444444,0.7056147556147556,0.3076923076923077,0.0,0.5680979319981166,0.5556298409189496,0.07296724351389068,0.14953279069491796,0.0,0.0,0.0,0.0,0.0,18473,global,0.0
4,5,lr1e-04_bs8_drop0p4_temp2p0_a0p25_b0p05__wd1e-04trmiss0_degmodglobal,8,0.0001,0.0001,0.4,2.0,0.25,0.05,lr1e-04_bs8_drop0p4_temp2p0_a0p25_b0p05__wd1e-04trmiss0_degmodglobal,23,0.5790767925126212,0.738286703824997,0.4444444444444444,0.7148740148740149,0.3076923076923077,0.0,0.5991653374263218,0.5601946711540222,0.05175432988575527,0.11887058296373912,0.0,0.0,0.0,0.0,0.0,18473,global,0.0
4,5,lr1e-04_bs8_drop0p4_temp2p0_a0p25_b0p05__wd1e-04trmiss0_degmodglobal,8,0.0001,0.0001,0.4,2.0,0.25,0.05,lr1e-04_bs8_drop0p4_temp2p0_a0p25_b0p05__wd1e-04trmiss0_degmodglobal,24,0.6201149310384478,0.7405900359153748,0.3611111111111111,0.6825507825507826,0.3076923076923077,0.0,0.5652964285441807,0.584142165524619,0.09733512199350766,0.23277997278741427,0.0,0.0,0.0,0.0,0.0,18473,global,0.0
4,5,lr1e-04_bs8_drop0p4_temp2p0_a0p25_b0p05__wd1e-04trmiss0_degmodglobal,8,0.0001,0.0001,0.4,2.0,0.25,0.05,lr1e-04_bs8_drop0p4_temp2p0_a0p25_b0p05__wd1e-04trmiss0_degmodglobal,25,0.5954033136367798,0.7437534928321838,0.3611111111111111,0.6825507825507826,0.3076923076923077,0.0,0.5789441210883004,0.5680171251296997,0.06804610788822174,0.2074935542685645,0.0,0.0,0.0,0.0,0.0,18473,global,0.0
4,5,lr1e-04_bs8_drop0p4_temp2p0_a0p25_b0p05__wd1e-04trmiss0_degmodglobal,8,0.0001,0.0001,0.4,2.0,0.25,0.05,lr1e-04_bs8_drop0p4_temp2p0_a0p25_b0p05__wd1e-04trmiss0_degmodglobal,26,0.5852808611733573,0.7440094649791718,0.3611111111111111,0.6825507825507826,0.3076923076923077,0.0,0.5572095853941781,0.5598888652665275,0.07445571890899114,0.1355615487056119,0.0,0.0,0.0,0.0,0.0,18473,global,0.0
4,5,lr1e-04_bs8_drop0p4_temp2p0_a0p25_b0p05__wd1e-04trmiss0_degmodglobal,8,0.0001,0.0001,0.4,2.0,0.25,0.05,lr1e-04_bs8_drop0p4_temp2p0_a0p25_b0p05__wd1e-04trmiss0_degmodglobal,27,0.5968396067619324,0.7473439574241638,0.3611111111111111,0.6825507825507826,0.3076923076923077,0.0,0.5325079645429339,0.5730588861874172,0.06919911557010242,0.12961881927081517,0.0,0.0,0.0,0.0,0.0,18473,global,0.0
4,5,lr1e-04_bs8_drop0p4_temp2p0_a0p25_b0p05__wd1e-04trmiss0_degmodglobal,8,0.0001,0.0001,0.4,2.0,0.25,0.05,lr1e-04_bs8_drop0p4_temp2p0_a0p25_b0p05__wd1e-04trmiss0_degmodglobal,28,0.5970147848129272,0.7450277209281921,0.3888888888888889,0.701069301069301,0.3076923076923077,0.0,0.5348057491438729,0.5698268967015403,0.07531289117676872,0.1671934832951852,0.0,0.0,0.0,0.0,0.0,18473,global,0.0
4,5,lr1e-04_bs8_drop0p4_temp2p0_a0p25_b0p05__wd1e-04trmiss0_degmodglobal,8,0.0001,0.0001,0.4,2.0,0.25,0.05,lr1e-04_bs8_drop0p4_temp2p0_a0p25_b0p05__wd1e-04trmiss0_degmodglobal,29,0.5631321498325893,0.7401858866214752,0.3611111111111111,0.6911486661486661,0.3076923076923077,0.0,0.5339407580239433,0.5361310243606567,0.07540689834526607,0.16298808104225568,0.0,0.0,0.0,0.0,0.0,18473,global,0.0
4,5,lr1e-04_bs8_drop0p4_temp2p0_a0p25_b0p05__wd1e-04trmiss0_degmodglobal,8,0.0001,0.0001,0.4,2.0,0.25,0.05,lr1e-04_bs8_drop0p4_temp2p0_a0p25_b0p05__wd1e-04trmiss0_degmodglobal,30,0.605495776448931,0.7417102754116058,0.3888888888888889,0.701069301069301,0.3076923076923077,0.0,0.5473776374544416,0.5785130390099117,0.07355549558997154,0.17187725859028952,0.0,0.0,0.0,0.0,0.0,18473,global,0.0
4,5,lr1e-04_bs8_drop0p4_temp2p0_a0p25_b0p05__wd1e-04trmiss0_degmodglobal,8,0.0001,0.0001,0.4,2.0,0.25,0.05,lr1e-04_bs8_drop0p4_temp2p0_a0p25_b0p05__wd1e-04trmiss0_degmodglobal,31,0.5890328798975263,0.7378195226192474,0.3333333333333333,0.6726301476301477,0.3076923076923077,0.0,0.5494071585791451,0.5608228615352085,0.0781381545322282,0.1735095073069845,0.0,0.0,0.0,0.0,0.0,18473,global,0.0
4,5,lr1e-04_bs8_drop0p4_temp2p0_a0p25_b0p05__wd1e-04trmiss0_degmodglobal,8,0.0001,0.0001,0.4,2.0,0.25,0.05,lr1e-04_bs8_drop0p4_temp2p0_a0p25_b0p05__wd1e-04trmiss0_degmodglobal,32,0.5791238801819938,0.7368668019771576,0.3888888888888889,0.701069301069301,0.3076923076923077,0.0,0.5210501721927098,0.5494170018604824,0.09189455477254731,0.13466469517775945,0.0,0.0,0.0,0.0,0.0,18473,global,0.0
4,5,lr1e-04_bs8_drop0p4_temp2p0_a0p25_b0p05__wd1e-04trmiss0_degmodglobal,8,0.0001,0.0001,0.4,2.0,0.25,0.05,lr1e-04_bs8_drop0p4_temp2p0_a0p25_b0p05__wd1e-04trmiss0_degmodglobal,33,0.5984316638537815,0.7419150769710541,0.3888888888888889,0.701069301069301,0.3076923076923077,0.0,0.5497356695788247,0.574312150478363,0.06690866579966885,0.14784694303359305,0.0,0.0,0.0,0.0,0.0,18473,global,0.0
4,5,lr1e-04_bs8_drop0p4_temp2p0_a0p25_b0p05__wd1e-04trmiss0_degmodglobal,8,0.0001,0.0001,0.4,2.0,0.25,0.05,lr1e-04_bs8_drop0p4_temp2p0_a0p25_b0p05__wd1e-04trmiss0_degmodglobal,34,0.5742463980402265,0.7378212809562683,0.41666666666666663,0.7049533799533798,0.3076923076923077,0.0,0.5387928783893585,0.5536201170512608,0.0628781792308603,0.09813486784696579,0.0,0.0,0.0,0.0,0.0,18473,global,0.0
4,5,lr1e-04_bs8_drop0p4_temp2p0_a0p25_b0p05__wd1e-04trmiss0_degmodglobal,8,0.0001,0.0001,0.4,2.0,0.25,0.05,lr1e-04_bs8_drop0p4_temp2p0_a0p25_b0p05__wd1e-04trmiss0_degmodglobal,35,0.5994268144880023,0.7358250617980957,0.41666666666666663,0.7049533799533798,0.3076923076923077,0.0,0.5456022449902126,0.5690564513206482,0.08748762203114373,0.16996912977525166,0.0,0.0,0.0,0.0,0.0,18473,global,0.0
4,5,lr1e-04_bs8_drop0p4_temp2p0_a0p25_b0p05__wd1e-04trmiss0_degmodglobal,8,0.0001,0.0001,0.4,2.0,0.25,0.05,lr1e-04_bs8_drop0p4_temp2p0_a0p25_b0p05__wd1e-04trmiss0_degmodglobal,36,0.5842040351458958,0.7336224913597107,0.41666666666666663,0.7049533799533798,0.3076923076923077,0.0,0.5117060158933912,0.55388457434518,0.0893888920545578,0.15944482598985946,0.0,0.0,0.0,0.0,0.0,18473,global,0.0
4,5,lr1e-04_bs8_drop0p4_temp2p0_a0p25_b0p05__wd1e-04trmiss0_degmodglobal,8,0.0001,0.0001,0.4,2.0,0.25,0.05,lr1e-04_bs8_drop0p4_temp2p0_a0p25_b0p05__wd1e-04trmiss0_degmodglobal,37,0.6071717866829464,0.7356760799884796,0.4444444444444444,0.7148740148740149,0.3076923076923077,0.0,0.5198480401720319,0.5728396773338318,0.09524666517972946,0.21040888556412288,0.0,0.0,0.0,0.0,0.0,18473,global,0.0
4,5,lr1e-04_bs8_drop0p4_temp2p0_a0p25_b0p05__wd1e-04trmiss0_degmodglobal,8,0.0001,0.0001,0.4,2.0,0.25,0.05,lr1e-04_bs8_drop0p4_temp2p0_a0p25_b0p05__wd1e-04trmiss0_degmodglobal,38,0.5761986715453011,0.7354668974876404,0.4444444444444444,0.7148740148740149,0.3076923076923077,0.0,0.5246249437332153,0.5539155559880393,0.06408312597445079,0.12524683347770146,0.0,0.0,0.0,0.0,0.0,18473,global,0.0
4,5,lr1e-04_bs8_drop0p4_temp2p0_a0p25_b0p05__wd1e-04trmiss0_degmodglobal,8,0.0001,0.0001,0.4,2.0,0.25,0.05,lr1e-04_bs8_drop0p4_temp2p0_a0p25_b0p05__wd1e-04trmiss0_degmodglobal,39,0.5954350488526481,0.7364992499351501,0.4444444444444444,0.7148740148740149,0.3076923076923077,0.0,0.4998894844736372,0.5620503681046622,0.09759448787995748,0.17972147996936524,0.0,0.0,0.0,0.0,0.0,18473,global,0.0
4,5,lr1e-04_bs8_drop0p4_temp2p0_a0p25_b0p05__wd1e-04trmiss0_degmodglobal,8,0.0001,0.0001,0.4,2.0,0.25,0.05,lr1e-04_bs8_drop0p4_temp2p0_a0p25_b0p05__wd1e-04trmiss0_degmodglobal,40,0.6058283618518284,0.7355846166610718,0.4444444444444444,0.7148740148740149,0.3076923076923077,0.0,0.5481773444584438,0.5816481794629779,0.06556860463959831,0.1557603936110224,0.0,0.0,0.0,0.0,0.0,18473,global,0.0
4,5,lr1e-04_bs8_drop0p4_temp2p0_a0p25_b0p05__wd1e-04trmiss0_degmodglobal,8,0.0001,0.0001,0.4,2.0,0.25,0.05,lr1e-04_bs8_drop0p4_temp2p0_a0p25_b0p05__wd1e-04trmiss0_degmodglobal,41,0.6015467984335763,0.735003262758255,0.47222222222222215,0.7241332741332742,0.3076923076923077,0.0,0.5294116820607867,0.5622276025159019,0.10639726902757372,0.254397518400635,0.0,0.0,0.0,0.0,0.0,18473,global,0.0
4,5,lr1e-04_bs8_drop0p4_temp2p0_a0p25_b0p05__wd1e-04trmiss0_degmodglobal,8,0.0001,0.0001,0.4,2.0,0.25,0.05,lr1e-04_bs8_drop0p4_temp2p0_a0p25_b0p05__wd1e-04trmiss0_degmodglobal,42,0.6063085964747837,0.7383585572242737,0.47222222222222215,0.7241332741332742,0.3076923076923077,0.0,0.5141348838806152,0.5734683104923793,0.08943617131028857,0.20962485671043396,0.0,0.0,0.0,0.0,0.0,18473,global,0.0
4,5,lr1e-04_bs8_drop0p4_temp2p0_a0p25_b0p05__wd1e-04trmiss0_degmodglobal,8,0.0001,0.0001,0.4,2.0,0.25,0.05,lr1e-04_bs8_drop0p4_temp2p0_a0p25_b0p05__wd1e-04trmiss0_degmodglobal,43,0.593545138835907,0.7367568016052246,0.47222222222222215,0.7241332741332742,0.3076923076923077,0.0,0.4867880003792899,0.5532353350094387,0.1113725985799517,0.2493332496711186,0.0,0.0,0.0,0.0,0.0,18473,global,0.0
4,5,lr1e-04_bs8_drop0p4_temp2p0_a0p25_b0p05__wd1e-04trmiss0_degmodglobal,8,0.0001,0.0001,0.4,2.0,0.25,0.05,lr1e-04_bs8_drop0p4_temp2p0_a0p25_b0p05__wd1e-04trmiss0_degmodglobal,44,0.5823797328131539,0.7351583242416382,0.41666666666666663,0.6963554963554963,0.3076923076923077,0.0,0.5007709520203727,0.5523080272333962,0.08495833086115974,0.17664250199283874,0.0,0.0,0.0,0.0,0.0,18473,global,0.0
4,5,lr1e-04_bs8_drop0p4_temp2p0_a0p25_b0p05__wd1e-04trmiss0_degmodglobal,8,0.0001,0.0001,0.4,2.0,0.25,0.05,lr1e-04_bs8_drop0p4_temp2p0_a0p25_b0p05__wd1e-04trmiss0_degmodglobal,45,0.5609652187143054,0.7357037663459778,0.38888888888888884,0.6918100418100419,0.3076923076923077,0.0,0.5150241340909686,0.5237356211457934,0.11575553991964885,0.1658142028110368,0.0,0.0,0.0,0.0,0.0,18473,global,0.0
4,5,lr1e-04_bs8_drop0p4_temp2p0_a0p25_b0p05__wd1e-04trmiss0_degmodglobal,8,0.0001,0.0001,0.4,2.0,0.25,0.05,lr1e-04_bs8_drop0p4_temp2p0_a0p25_b0p05__wd1e-04trmiss0_degmodglobal,46,0.6070145624024528,0.7356079816818237,0.47222222222222215,0.7241332741332742,0.3076923076923077,0.0,0.5118106944220406,0.5741860398224422,0.096517306885549,0.17398361010210855,0.0,0.0,0.0,0.0,0.0,18473,global,0.0
4,5,lr1e-04_bs8_drop0p4_temp2p0_a0p25_b0p05__wd1e-04trmiss0_degmodglobal,8,0.0001,0.0001,0.4,2.0,0.25,0.05,lr1e-04_bs8_drop0p4_temp2p0_a0p25_b0p05__wd1e-04trmiss0_degmodglobal,47,0.5872004202433995,0.7357182800769806,0.4166666666666667,0.7081400081400082,0.3076923076923077,0.0,0.4979604482650757,0.5543456673622131,0.09242372693760055,0.19497672468423843,0.0,0.0,0.0,0.0,0.0,18473,global,0.0
4,5,lr1e-04_bs8_drop0p4_temp2p0_a0p25_b0p05__wd1e-04trmiss0_degmodglobal,8,0.0001,0.0001,0.4,2.0,0.25,0.05,lr1e-04_bs8_drop0p4_temp2p0_a0p25_b0p05__wd1e-04trmiss0_degmodglobal,48,0.5890969123159137,0.7357394993305206,0.4166666666666667,0.7081400081400082,0.3076923076923077,0.0,0.5062372045857566,0.5506199811186109,0.11044962917055402,0.21729061752557755,0.0,0.0,0.0,0.0,0.0,18473,global,0.0
4,5,lr1e-04_bs8_drop0p4_temp2p0_a0p25_b0p05__wd1e-04trmiss0_degmodglobal,8,0.0001,0.0001,0.4,2.0,0.25,0.05,lr1e-04_bs8_drop0p4_temp2p0_a0p25_b0p05__wd1e-04trmiss0_degmodglobal,49,0.5937282868794033,0.7372321784496307,0.4444444444444444,0.7148740148740149,0.3076923076923077,0.0,0.5098234287330082,0.5644654035568237,0.07661853996770722,0.20216503047517367,0.0,0.0,0.0,0.0,0.0,18473,global,0.0
4,5,lr1e-04_bs8_drop0p4_temp2p0_a0p25_b0p05__wd1e-04trmiss0_degmodglobal,8,0.0001,0.0001,0.4,2.0,0.25,0.05,lr1e-04_bs8_drop0p4_temp2p0_a0p25_b0p05__wd1e-04trmiss0_degmodglobal,50,0.5813565509659904,0.7385700643062592,0.3888888888888889,0.701069301069301,0.3076923076923077,0.0,0.5082635624068124,0.5509834119251796,0.08860289305448532,0.1644482458276408,0.0,0.0,0.0,0.0,0.0,18473,global,0.0
4,5,lr1e-04_bs8_drop0p4_temp2p0_a0p25_b0p05__wd1e-04trmiss0_degmodglobal,8,0.0001,0.0001,0.4,2.0,0.25,0.05,lr1e-04_bs8_drop0p4_temp2p0_a0p25_b0p05__wd1e-04trmiss0_degmodglobal,51,0.5862332667623248,0.74158975481987,0.4444444444444444,0.7148740148740149,0.3076923076923077,0.0,0.4998383777482169,0.5509135595389775,0.1115778594144753,0.14850486708538874,0.0,0.0,0.0,0.0,0.0,18473,global,0.0
4,5,lr1e-04_bs8_drop0p4_temp2p0_a0p25_b0p05__wd1e-04trmiss0_degmodglobal,8,0.0001,0.0001,0.4,2.0,0.25,0.05,lr1e-04_bs8_drop0p4_temp2p0_a0p25_b0p05__wd1e-04trmiss0_degmodglobal,52,0.5889055558613369,0.7398437559604645,0.3888888888888889,0.701069301069301,0.3076923076923077,0.0,0.4882004346166338,0.5574688741139003,0.08661624097398349,0.19565242103167943,0.0,0.0,0.0,0.0,0.0,18473,global,0.0
4,5,lr1e-04_bs8_drop0p4_temp2p0_a0p25_b0p05__wd1e-04trmiss0_degmodglobal,8,0.0001,0.0001,0.4,2.0,0.25,0.05,lr1e-04_bs8_drop0p4_temp2p0_a0p25_b0p05__wd1e-04trmiss0_degmodglobal,53,0.6109039272580828,0.739461749792099,0.4444444444444444,0.7173992673992675,0.3076923076923077,0.0,0.49662408232688904,0.5735577940940857,0.10716655531099864,0.21108993887901306,0.0,0.0,0.0,0.0,0.0,18473,global,0.0
4,5,lr1e-04_bs8_drop0p4_temp2p0_a0p25_b0p05__wd1e-04trmiss0_degmodglobal,8,0.0001,0.0001,0.4,2.0,0.25,0.05,lr1e-04_bs8_drop0p4_temp2p0_a0p25_b0p05__wd1e-04trmiss0_degmodglobal,54,0.5949143767356873,0.7446034848690033,0.47222222222222215,0.7241332741332742,0.3076923076923077,0.0,0.54033106139728,0.5700902896268027,0.069842379540205,0.14726964490754263,0.0,0.0,0.0,0.0,0.0,18473,global,0.0
4,5,lr1e-04_bs8_drop0p4_temp2p0_a0p25_b0p05__wd1e-04trmiss0_degmodglobal,8,0.0001,0.0001,0.4,2.0,0.25,0.05,lr1e-04_bs8_drop0p4_temp2p0_a0p25_b0p05__wd1e-04trmiss0_degmodglobal,55,0.5682165707860675,0.7401151955127716,0.47222222222222215,0.7241332741332742,0.3076923076923077,0.0,0.49414725814546856,0.5384012631007603,0.09268077303256307,0.13290227417434966,0.0,0.0,0.0,0.0,0.0,18473,global,0.0
4,5,lr1e-04_bs8_drop0p4_temp2p0_a0p25_b0p05__wd1e-04trmiss0_degmodglobal,8,0.0001,0.0001,0.4,2.0,0.25,0.05,lr1e-04_bs8_drop0p4_temp2p0_a0p25_b0p05__wd1e-04trmiss0_degmodglobal,56,0.5934341464723859,0.7410656809806824,0.4444444444444444,0.7148740148740149,0.3076923076923077,0.0,0.48193427494594027,0.5627238324710301,0.08224147983959743,0.20299897023609706,0.0,0.0,0.0,0.0,0.0,18473,global,0.0
4,5,lr1e-04_bs8_drop0p4_temp2p0_a0p25_b0p05__wd1e-04trmiss0_degmodglobal,8,0.0001,0.0001,0.4,2.0,0.25,0.05,lr1e-04_bs8_drop0p4_temp2p0_a0p25_b0p05__wd1e-04trmiss0_degmodglobal,57,0.5802274772099086,0.7403705418109894,0.4444444444444444,0.7148740148740149,0.3076923076923077,0.0,0.4927351900509426,0.5485714673995972,0.08856710152966636,0.19028466727052415,0.0,0.0,0.0,0.0,0.0,18473,global,0.0
4,5,lr1e-04_bs8_drop0p4_temp2p0_a0p25_b0p05__wd1e-04trmiss0_degmodglobal,8,0.0001,0.0001,0.4,2.0,0.25,0.05,lr1e-04_bs8_drop0p4_temp2p0_a0p25_b0p05__wd1e-04trmiss0_degmodglobal,58,0.5876795308930534,0.7382486760616302,0.47222222222222215,0.7241332741332742,0.3076923076923077,0.0,0.49504796096256803,0.554463654756546,0.09806080907583237,0.174013580594744,0.0,0.0,0.0,0.0,0.0,18473,global,0.0
4,5,lr1e-04_bs8_drop0p4_temp2p0_a0p25_b0p05__wd1e-04trmiss0_degmodglobal,8,0.0001,0.0001,0.4,2.0,0.25,0.05,lr1e-04_bs8_drop0p4_temp2p0_a0p25_b0p05__wd1e-04trmiss0_degmodglobal,59,0.608655069555555,0.7364297211170197,0.47222222222222215,0.7241332741332742,0.3076923076923077,0.0,0.49873220920562744,0.577116140297481,0.08891399843352181,0.18620891656194413,0.0,0.0,0.0,0.0,0.0,18473,global,0.0
4,5,lr1e-04_bs8_drop0p4_temp2p0_a0p25_b0p05__wd1e-04trmiss0_degmodglobal,8,0.0001,0.0001,0.4,2.0,0.25,0.05,lr1e-04_bs8_drop0p4_temp2p0_a0p25_b0p05__wd1e-04trmiss0_degmodglobal,60,0.5955209391457694,0.7428346574306488,0.4444444444444444,0.7148740148740149,0.3076923076923077,0.0,0.5085670905453819,0.5621053406170436,0.09146766364574432,0.21097378645624434,0.0,0.0,0.0,0.0,0.0,18473,global,0.0
4,5,lr1e-04_bs8_drop0p4_temp2p0_a0p25_b0p05__wd1e-04trmiss0_degmodglobal,8,0.0001,0.0001,0.4,2.0,0.25,0.05,lr1e-04_bs8_drop0p4_temp2p0_a0p25_b0p05__wd1e-04trmiss0_degmodglobal,61,0.5660252741404942,0.7359498143196106,0.47222222222222215,0.7241332741332742,0.3076923076923077,0.0,0.5098240758691516,0.5378493624074119,0.08105501851865224,0.15824297496250697,0.0,0.0,0.0,0.0,0.0,18473,global,0.0
4,5,lr5e-05_bs8_drop0p2_temp1p0_a0p25_b0p05__wd1e-04trmiss0_degmodglobal,8,5e-05,0.0001,0.2,1.0,0.25,0.05,lr5e-05_bs8_drop0p2_temp1p0_a0p25_b0p05__wd1e-04trmiss0_degmodglobal,1,0.6823838608605521,0.633869856595993,0.75,0.9013548180214848,0.7692307692307693,0.0,0.6723559754235404,0.6665664230074201,0.0424731115677527,0.10398314893245697,0.0,0.0,0.0,0.0,0.0,18473,global,0.0
4,5,lr5e-05_bs8_drop0p2_temp1p0_a0p25_b0p05__wd1e-04trmiss0_degmodglobal,8,5e-05,0.0001,0.2,1.0,0.25,0.05,lr5e-05_bs8_drop0p2_temp1p0_a0p25_b0p05__wd1e-04trmiss0_degmodglobal,2,0.6615784083093915,0.6398885548114777,0.6388888888888888,0.8530303030303032,0.7692307692307693,0.0,0.6470463701656887,0.6444898247718811,0.04438924177416733,0.11982536848102297,0.0,0.0,0.0,0.0,0.0,18473,global,0.0
4,5,lr5e-05_bs8_drop0p2_temp1p0_a0p25_b0p05__wd1e-04trmiss0_degmodglobal,8,5e-05,0.0001,0.2,1.0,0.25,0.05,lr5e-05_bs8_drop0p2_temp1p0_a0p25_b0p05__wd1e-04trmiss0_degmodglobal,3,0.6296906300953456,0.6497139036655426,0.6111111111111112,0.8308080808080809,0.6153846153846154,0.0,0.6174187404768807,0.617259008543832,0.03471463013972555,0.07505931279488973,0.0,0.0,0.0,0.0,0.0,18473,global,0.0
4,5,lr5e-05_bs8_drop0p2_temp1p0_a0p25_b0p05__wd1e-04trmiss0_degmodglobal,8,5e-05,0.0001,0.2,1.0,0.25,0.05,lr5e-05_bs8_drop0p2_temp1p0_a0p25_b0p05__wd1e-04trmiss0_degmodglobal,4,0.6361062186104911,0.6585617959499359,0.5833333333333333,0.8175805675805676,0.6153846153846154,0.0,0.6110234345708575,0.6220183457647052,0.04044758794563157,0.07951958371060235,0.0,0.0,0.0,0.0,0.0,18473,global,0.0
4,5,lr5e-05_bs8_drop0p2_temp1p0_a0p25_b0p05__wd1e-04trmiss0_degmodglobal,8,5e-05,0.0001,0.2,1.0,0.25,0.05,lr5e-05_bs8_drop0p2_temp1p0_a0p25_b0p05__wd1e-04trmiss0_degmodglobal,5,0.6182316030774798,0.6618030071258545,0.5555555555555556,0.8027657527657528,0.6153846153846154,0.0,0.5743142025811332,0.6013559784208026,0.0435268905545984,0.11987786740064621,0.0,0.0,0.0,0.0,0.0,18473,global,0.0
4,5,lr5e-05_bs8_drop0p2_temp1p0_a0p25_b0p05__wd1e-04trmiss0_degmodglobal,8,5e-05,0.0001,0.2,1.0,0.25,0.05,lr5e-05_bs8_drop0p2_temp1p0_a0p25_b0p05__wd1e-04trmiss0_degmodglobal,6,0.6099320139203753,0.6609542965888977,0.6388888888888888,0.8530303030303032,0.6153846153846154,0.0,0.6016073397227696,0.5968899045671735,0.03562894729631288,0.08269762327628476,0.0,0.0,0.0,0.0,0.0,18473,global,0.0
4,5,lr5e-05_bs8_drop0p2_temp1p0_a0p25_b0p05__wd1e-04trmiss0_degmodglobal,8,5e-05,0.0001,0.2,1.0,0.25,0.05,lr5e-05_bs8_drop0p2_temp1p0_a0p25_b0p05__wd1e-04trmiss0_degmodglobal,7,0.6001287528446743,0.660031795501709,0.6666666666666667,0.8715488215488216,0.5384615384615384,0.0,0.5708782076835632,0.5897515671593803,0.030382106878927777,0.055633515651736944,0.0,0.0,0.0,0.0,0.0,18473,global,0.0
4,5,lr5e-05_bs8_drop0p2_temp1p0_a0p25_b0p05__wd1e-04trmiss0_degmodglobal,8,5e-05,0.0001,0.2,1.0,0.25,0.05,lr5e-05_bs8_drop0p2_temp1p0_a0p25_b0p05__wd1e-04trmiss0_degmodglobal,8,0.5935632331030709,0.683806449174881,0.4722222222222222,0.7758528508528508,0.5384615384615384,0.0,0.5814146910394941,0.5801227263041905,0.03855712019971439,0.07602427793400628,0.0,0.0,0.0,0.0,0.0,18473,global,0.0
4,5,lr5e-05_bs8_drop0p2_temp1p0_a0p25_b0p05__wd1e-04trmiss0_degmodglobal,8,5e-05,0.0001,0.2,1.0,0.25,0.05,lr5e-05_bs8_drop0p2_temp1p0_a0p25_b0p05__wd1e-04trmiss0_degmodglobal,9,0.5752791847501483,0.6888809502124786,0.4722222222222222,0.7758528508528508,0.5384615384615384,0.0,0.547849144254412,0.5632503628730774,0.03525928088596889,0.06428020553929466,0.0,0.0,0.0,0.0,0.0,18473,global,0.0
4,5,lr5e-05_bs8_drop0p2_temp1p0_a0p25_b0p05__wd1e-04trmiss0_degmodglobal,8,5e-05,0.0001,0.2,1.0,0.25,0.05,lr5e-05_bs8_drop0p2_temp1p0_a0p25_b0p05__wd1e-04trmiss0_degmodglobal,10,0.5798107385635376,0.6842849254608154,0.5,0.7864348614348615,0.5384615384615384,0.0,0.5404463154929025,0.5652561443192619,0.04230857028492859,0.07954890387398857,0.0,0.0,0.0,0.0,0.0,18473,global,0.0
4,5,lr5e-05_bs8_drop0p2_temp1p0_a0p25_b0p05__wd1e-04trmiss0_degmodglobal,8,5e-05,0.0001,0.2,1.0,0.25,0.05,lr5e-05_bs8_drop0p2_temp1p0_a0p25_b0p05__wd1e-04trmiss0_degmodglobal,11,0.562080374785832,0.6700294613838196,0.5833333333333333,0.8333925333925336,0.5384615384615384,0.0,0.5508124317441668,0.5457977950572968,0.04810618210051741,0.08512081844466073,0.0,0.0,0.0,0.0,0.0,18473,global,0.0
4,5,lr5e-05_bs8_drop0p2_temp1p0_a0p25_b0p05__wd1e-04trmiss0_degmodglobal,8,5e-05,0.0001,0.2,1.0,0.25,0.05,lr5e-05_bs8_drop0p2_temp1p0_a0p25_b0p05__wd1e-04trmiss0_degmodglobal,12,0.5529227299349648,0.6624759137630463,0.6666666666666667,0.8715488215488216,0.5384615384615384,0.0,0.5137691284929004,0.5380617550441197,0.04659386192049299,0.0642501198287521,0.0,0.0,0.0,0.0,0.0,18473,global,0.0
4,5,lr5e-05_bs8_drop0p2_temp1p0_a0p25_b0p05__wd1e-04trmiss0_degmodglobal,8,5e-05,0.0001,0.2,1.0,0.25,0.05,lr5e-05_bs8_drop0p2_temp1p0_a0p25_b0p05__wd1e-04trmiss0_degmodglobal,13,0.5799112745693752,0.661773294210434,0.6666666666666667,0.8715488215488216,0.5384615384615384,0.0,0.5410319183553968,0.564363283770425,0.04286497990999903,0.09663499944976398,0.0,0.0,0.0,0.0,0.0,18473,global,0.0
4,5,lr5e-05_bs8_drop0p2_temp1p0_a0p25_b0p05__wd1e-04trmiss0_degmodglobal,8,5e-05,0.0001,0.2,1.0,0.25,0.05,lr5e-05_bs8_drop0p2_temp1p0_a0p25_b0p05__wd1e-04trmiss0_degmodglobal,14,0.5832588417189462,0.6525864601135254,0.6666666666666667,0.8715488215488216,0.46153846153846156,0.0,0.5450704864093235,0.5718416741916111,0.03388262939240251,0.05893025866576603,0.0,0.0,0.0,0.0,0.0,18473,global,0.0
4,5,lr5e-05_bs8_drop0p2_temp1p0_a0p25_b0p05__wd1e-04trmiss0_degmodglobal,8,5e-05,0.0001,0.2,1.0,0.25,0.05,lr5e-05_bs8_drop0p2_temp1p0_a0p25_b0p05__wd1e-04trmiss0_degmodglobal,15,0.5613255671092442,0.6472989320755005,0.6666666666666667,0.8715488215488216,0.5384615384615384,0.0,0.5289215700966972,0.5445168742111751,0.04835101855652673,0.0944190224898713,0.0,0.0,0.0,0.0,0.0,18473,global,0.0
4,5,lr5e-05_bs8_drop0p2_temp1p0_a0p25_b0p05__wd1e-04trmiss0_degmodglobal,8,5e-05,0.0001,0.2,1.0,0.25,0.05,lr5e-05_bs8_drop0p2_temp1p0_a0p25_b0p05__wd1e-04trmiss0_degmodglobal,16,0.5786015050751823,0.649118185043335,0.6666666666666667,0.8715488215488216,0.5384615384615384,0.0,0.5384756241525922,0.5646545546395438,0.041745830327272415,0.07020988687872887,0.0,0.0,0.0,0.0,0.0,18473,global,0.0
4,5,lr5e-05_bs8_drop0p2_temp1p0_a0p25_b0p05__wd1e-04trmiss0_degmodglobal,8,5e-05,0.0001,0.2,1.0,0.25,0.05,lr5e-05_bs8_drop0p2_temp1p0_a0p25_b0p05__wd1e-04trmiss0_degmodglobal,17,0.5925081542560032,0.6479357481002808,0.6666666666666667,0.8715488215488216,0.46153846153846156,0.0,0.5225198013441903,0.5744504587990897,0.0539655259677342,0.09132629952260427,0.0,0.0,0.0,0.0,0.0,18473,global,0.0
4,5,lr5e-05_bs8_drop0p2_temp1p0_a0p25_b0p05__wd1e-04trmiss0_degmodglobal,8,5e-05,0.0001,0.2,1.0,0.25,0.05,lr5e-05_bs8_drop0p2_temp1p0_a0p25_b0p05__wd1e-04trmiss0_degmodglobal,18,0.5429190056664603,0.6459099352359772,0.6666666666666667,0.8715488215488216,0.46153846153846156,0.0,0.49891662171908785,0.5263559775693076,0.04875987182770457,0.08746132600520339,0.0,0.0,0.0,0.0,0.0,18473,global,0.0
4,5,lr5e-05_bs8_drop0p2_temp1p0_a0p25_b0p05__wd1e-04trmiss0_degmodglobal,8,5e-05,0.0001,0.2,1.0,0.25,0.05,lr5e-05_bs8_drop0p2_temp1p0_a0p25_b0p05__wd1e-04trmiss0_degmodglobal,19,0.5708023139408657,0.6394023597240448,0.6666666666666667,0.8715488215488216,0.46153846153846156,0.0,0.5285763697964805,0.5566731946808952,0.04158634639212063,0.07465061438935143,0.0,0.0,0.0,0.0,0.0,18473,global,0.0
4,5,lr5e-05_bs8_drop0p2_temp1p0_a0p25_b0p05__wd1e-04trmiss0_degmodglobal,8,5e-05,0.0001,0.2,1.0,0.25,0.05,lr5e-05_bs8_drop0p2_temp1p0_a0p25_b0p05__wd1e-04trmiss0_degmodglobal,20,0.5551336067063468,0.6472748816013336,0.7222222222222222,0.8894500561167229,0.5384615384615384,0.0,0.49121501190321787,0.5370086857250759,0.05132745685321944,0.10586093845111984,0.0,0.0,0.0,0.0,0.0,18473,global,0.0
4,5,lr5e-05_bs8_drop0p2_temp1p0_a0p25_b0p05__wd1e-04trmiss0_degmodglobal,8,5e-05,0.0001,0.2,1.0,0.25,0.05,lr5e-05_bs8_drop0p2_temp1p0_a0p25_b0p05__wd1e-04trmiss0_degmodglobal,21,0.5517089452062335,0.6600618660449982,0.6111111111111112,0.83980278980279,0.5384615384615384,0.0,0.5166558069842202,0.5359516314097813,0.04527138705764498,0.08878928476146289,0.0,0.0,0.0,0.0,0.0,18473,global,0.0
4,5,lr5e-05_bs8_drop0p2_temp1p0_a0p25_b0p05__wd1e-04trmiss0_degmodglobal,8,5e-05,0.0001,0.2,1.0,0.25,0.05,lr5e-05_bs8_drop0p2_temp1p0_a0p25_b0p05__wd1e-04trmiss0_degmodglobal,22,0.5544682570866176,0.6663828194141388,0.6111111111111112,0.83980278980279,0.46153846153846156,0.0,0.5049075143677848,0.5391414506094796,0.04456858070833342,0.08369313020791326,0.0,0.0,0.0,0.0,0.0,18473,global,0.0
4,5,lr5e-05_bs8_drop0p2_temp1p0_a0p25_b0p05__wd1e-04trmiss0_degmodglobal,8,5e-05,0.0001,0.2,1.0,0.25,0.05,lr5e-05_bs8_drop0p2_temp1p0_a0p25_b0p05__wd1e-04trmiss0_degmodglobal,23,0.5419891987528119,0.6722038090229034,0.6111111111111112,0.83980278980279,0.46153846153846156,0.0,0.5041041799954006,0.5279642982142312,0.040602169664842744,0.07748694717884064,0.0,0.0,0.0,0.0,0.0,18473,global,0.0
4,5,lr5e-05_bs8_drop0p2_temp1p0_a0p25_b0p05__wd1e-04trmiss0_degmodglobal,8,5e-05,0.0001,0.2,1.0,0.25,0.05,lr5e-05_bs8_drop0p2_temp1p0_a0p25_b0p05__wd1e-04trmiss0_degmodglobal,24,0.5617174506187439,0.6732448935508728,0.6388888888888888,0.8530303030303032,0.46153846153846156,0.0,0.532951010125024,0.5491758074079242,0.036075585654803684,0.0704546400478908,0.0,0.0,0.0,0.0,0.0,18473,global,0.0
4,5,lr5e-05_bs8_drop0p2_temp1p0_a0p25_b0p05__wd1e-04trmiss0_degmodglobal,8,5e-05,0.0001,0.2,1.0,0.25,0.05,lr5e-05_bs8_drop0p2_temp1p0_a0p25_b0p05__wd1e-04trmiss0_degmodglobal,25,0.5554835881505694,0.6694013774394989,0.6388888888888888,0.8530303030303032,0.5384615384615384,0.0,0.5066866534096854,0.5427377905164447,0.037742561527660916,0.06620317777352673,0.0,0.0,0.0,0.0,0.0,18473,global,0.0
4,5,lr5e-05_bs8_drop0p2_temp1p0_a0p25_b0p05__wd1e-04trmiss0_degmodglobal,8,5e-05,0.0001,0.2,1.0,0.25,0.05,lr5e-05_bs8_drop0p2_temp1p0_a0p25_b0p05__wd1e-04trmiss0_degmodglobal,26,0.586514528308596,0.669101893901825,0.6388888888888888,0.8530303030303032,0.46153846153846156,0.0,0.5116367212363652,0.5668320613248008,0.05258277218256678,0.13073574964489257,0.0,0.0,0.0,0.0,0.0,18473,global,0.0
4,5,lr5e-05_bs8_drop0p2_temp1p0_a0p25_b0p05__wd1e-04trmiss0_degmodglobal,8,5e-05,0.0001,0.2,1.0,0.25,0.05,lr5e-05_bs8_drop0p2_temp1p0_a0p25_b0p05__wd1e-04trmiss0_degmodglobal,27,0.587105529648917,0.6701418161392212,0.6388888888888888,0.8530303030303032,0.5384615384615384,0.0,0.49675701345716206,0.5666828836713519,0.05713781820876258,0.1227640685226236,0.0,0.0,0.0,0.0,0.0,18473,global,0.0
4,5,lr5e-05_bs8_drop0p2_temp1p0_a0p25_b0p05__wd1e-04trmiss0_degmodglobal,8,5e-05,0.0001,0.2,1.0,0.25,0.05,lr5e-05_bs8_drop0p2_temp1p0_a0p25_b0p05__wd1e-04trmiss0_degmodglobal,28,0.5561227798461914,0.6673470735549927,0.6388888888888888,0.8530303030303032,0.5384615384615384,0.0,0.49709115283829824,0.5364400616713932,0.05147114396095276,0.1362985787647111,0.0,0.0,0.0,0.0,0.0,18473,global,0.0
4,5,lr5e-05_bs8_drop0p2_temp1p0_a0p25_b0p05__wd1e-04trmiss0_degmodglobal,8,5e-05,0.0001,0.2,1.0,0.25,0.05,lr5e-05_bs8_drop0p2_temp1p0_a0p25_b0p05__wd1e-04trmiss0_degmodglobal,29,0.551401402269091,0.6627471745014191,0.6388888888888888,0.8530303030303032,0.5384615384615384,0.0,0.4930247366428375,0.5310337969235012,0.05519697070121765,0.1313671405826296,0.0,0.0,0.0,0.0,0.0,18473,global,0.0
4,5,lr5e-05_bs8_drop0p2_temp1p0_a0p25_b0p05__wd1e-04trmiss0_degmodglobal,8,5e-05,0.0001,0.2,1.0,0.25,0.05,lr5e-05_bs8_drop0p2_temp1p0_a0p25_b0p05__wd1e-04trmiss0_degmodglobal,30,0.547628368650164,0.6624065637588501,0.6388888888888888,0.8530303030303032,0.5384615384615384,0.0,0.4845354642186846,0.5322625892502921,0.04388803004154137,0.08787576029343265,0.0,0.0,0.0,0.0,0.0,18473,global,0.0
4,5,lr5e-05_bs8_drop0p2_temp1p0_a0p25_b0p05__wd1e-04trmiss0_degmodglobal,8,5e-05,0.0001,0.2,1.0,0.25,0.05,lr5e-05_bs8_drop0p2_temp1p0_a0p25_b0p05__wd1e-04trmiss0_degmodglobal,31,0.5538797889436994,0.6598337590694427,0.6666666666666667,0.8715488215488216,0.5384615384615384,0.0,0.4953029155731201,0.5374041625431606,0.05021031786288534,0.0784610744033541,0.0,0.0,0.0,0.0,0.0,18473,global,0.0
4,5,lr5e-05_bs8_drop0p2_temp1p0_a0p25_b0p05__wd1e-04trmiss0_degmodglobal,8,5e-05,0.0001,0.2,1.0,0.25,0.05,lr5e-05_bs8_drop0p2_temp1p0_a0p25_b0p05__wd1e-04trmiss0_degmodglobal,32,0.5726461325372968,0.6570635139942169,0.6666666666666667,0.8715488215488216,0.5384615384615384,0.0,0.4773648125784738,0.551429637840816,0.05605938604899815,0.14403312014681952,0.0,0.0,0.0,0.0,0.0,18473,global,0.0
4,5,lr5e-05_bs8_drop0p2_temp1p0_a0p25_b0p05__wd1e-04trmiss0_degmodglobal,8,5e-05,0.0001,0.2,1.0,0.25,0.05,lr5e-05_bs8_drop0p2_temp1p0_a0p25_b0p05__wd1e-04trmiss0_degmodglobal,33,0.5609350204467773,0.6578454971313477,0.6666666666666667,0.8715488215488216,0.5384615384615384,0.0,0.48674515315464567,0.5451300399644035,0.041479285274233134,0.10870342063052314,0.0,0.0,0.0,0.0,0.0,18473,global,0.0
4,5,lr5e-05_bs8_drop0p2_temp1p0_a0p25_b0p05__wd1e-04trmiss0_degmodglobal,8,5e-05,0.0001,0.2,1.0,0.25,0.05,lr5e-05_bs8_drop0p2_temp1p0_a0p25_b0p05__wd1e-04trmiss0_degmodglobal,34,0.5620948459420886,0.6581620872020721,0.6666666666666667,0.8715488215488216,0.5384615384615384,0.0,0.5073828143732888,0.5427513463156564,0.05642405099102429,0.10475005927894797,0.0,0.0,0.0,0.0,0.0,18473,global,0.0
4,5,lr5e-05_bs8_drop0p2_temp1p0_a0p25_b0p05__wd1e-04trmiss0_degmodglobal,8,5e-05,0.0001,0.2,1.0,0.25,0.05,lr5e-05_bs8_drop0p2_temp1p0_a0p25_b0p05__wd1e-04trmiss0_degmodglobal,35,0.5382567303521293,0.6552229225635529,0.6666666666666667,0.8715488215488216,0.46153846153846156,0.0,0.46530906217438833,0.51955760376794,0.054399902799299786,0.10198282743138927,0.0,0.0,0.0,0.0,0.0,18473,global,0.0
4,5,lr5e-05_bs8_drop0p2_temp1p0_a0p25_b0p05__wd1e-04trmiss0_degmodglobal,8,5e-05,0.0001,0.2,1.0,0.25,0.05,lr5e-05_bs8_drop0p2_temp1p0_a0p25_b0p05__wd1e-04trmiss0_degmodglobal,36,0.5680545568466187,0.6545889675617218,0.6666666666666667,0.8715488215488216,0.46153846153846156,0.0,0.4673865650381361,0.5469657012394497,0.056700692645141056,0.13827365104641234,0.0,0.0,0.0,0.0,0.0,18473,global,0.0
4,5,lr5e-05_bs8_drop0p2_temp1p0_a0p25_b0p05__wd1e-04trmiss0_degmodglobal,8,5e-05,0.0001,0.2,1.0,0.25,0.05,lr5e-05_bs8_drop0p2_temp1p0_a0p25_b0p05__wd1e-04trmiss0_degmodglobal,37,0.5497735738754272,0.6539520621299744,0.6666666666666667,0.8715488215488216,0.46153846153846156,0.0,0.4686610187802996,0.5275231216635022,0.0633087046444416,0.12846543799553597,0.0,0.0,0.0,0.0,0.0,18473,global,0.0
4,5,lr5e-05_bs8_drop0p2_temp1p0_a0p25_b0p05__wd1e-04trmiss0_degmodglobal,8,5e-05,0.0001,0.2,1.0,0.25,0.05,lr5e-05_bs8_drop0p2_temp1p0_a0p25_b0p05__wd1e-04trmiss0_degmodglobal,38,0.5605248638561794,0.6485470235347748,0.6666666666666667,0.8715488215488216,0.5384615384615384,0.0,0.4947226771286556,0.5418128796986171,0.054449603227632384,0.10199163588029998,0.0,0.0,0.0,0.0,0.0,18473,global,0.0
4,5,lr5e-05_bs8_drop0p2_temp1p0_a0p25_b0p05__wd1e-04trmiss0_degmodglobal,8,5e-05,0.0001,0.2,1.0,0.25,0.05,lr5e-05_bs8_drop0p2_temp1p0_a0p25_b0p05__wd1e-04trmiss0_degmodglobal,39,0.5595553772790092,0.6514806747436523,0.6666666666666667,0.8715488215488216,0.5384615384615384,0.0,0.491257620709283,0.5398452792848859,0.057632290359054296,0.10604051128029823,0.0,0.0,0.0,0.0,0.0,18473,global,0.0
4,5,lr5e-05_bs8_drop0p2_temp1p0_a0p25_b0p05__wd1e-04trmiss0_degmodglobal,8,5e-05,0.0001,0.2,1.0,0.25,0.05,lr5e-05_bs8_drop0p2_temp1p0_a0p25_b0p05__wd1e-04trmiss0_degmodglobal,40,0.5712360058512006,0.6542326807975769,0.6666666666666667,0.8715488215488216,0.46153846153846156,0.0,0.473847963980266,0.5489676765033177,0.06330995900290352,0.12881674830402648,0.0,0.0,0.0,0.0,0.0,18473,global,0.0
4,5,lr5e-05_bs8_drop0p2_temp2p0_a0p25_b0p05__wd1e-04trmiss0_degmodglobal,8,5e-05,0.0001,0.2,2.0,0.25,0.05,lr5e-05_bs8_drop0p2_temp2p0_a0p25_b0p05__wd1e-04trmiss0_degmodglobal,1,0.6962119851793561,0.7266737222671509,0.2222222222222222,0.6358135691469025,0.3076923076923077,0.0,0.7419114794049945,0.669136141027723,0.05424025229045323,0.2703155907137053,0.0,0.0,0.0,0.0,0.0,18473,global,0.0
4,5,lr5e-05_bs8_drop0p2_temp2p0_a0p25_b0p05__wd1e-04trmiss0_degmodglobal,8,5e-05,0.0001,0.2,2.0,0.25,0.05,lr5e-05_bs8_drop0p2_temp2p0_a0p25_b0p05__wd1e-04trmiss0_degmodglobal,2,0.6714351858411517,0.7502754628658295,0.2777777777777778,0.613899988899989,0.3076923076923077,0.0,0.7102433528218951,0.650491075856345,0.044675340609891076,0.19550560414791107,0.0,0.0,0.0,0.0,0.0,18473,global,0.0
4,5,lr5e-05_bs8_drop0p2_temp2p0_a0p25_b0p05__wd1e-04trmiss0_degmodglobal,8,5e-05,0.0001,0.2,2.0,0.25,0.05,lr5e-05_bs8_drop0p2_temp2p0_a0p25_b0p05__wd1e-04trmiss0_degmodglobal,3,0.6805328386170524,0.7507855594158173,0.33333333333333337,0.6320818070818071,0.38461538461538464,0.0,0.7124518752098083,0.6576254538127354,0.047748277229922156,0.21940650471619197,0.0,0.0,0.0,0.0,0.0,18473,global,0.0
4,5,lr5e-05_bs8_drop0p2_temp2p0_a0p25_b0p05__wd1e-04trmiss0_degmodglobal,8,5e-05,0.0001,0.2,2.0,0.25,0.05,lr5e-05_bs8_drop0p2_temp2p0_a0p25_b0p05__wd1e-04trmiss0_degmodglobal,4,0.673141998904092,0.7523678839206696,0.3888888888888889,0.6433251933251934,0.38461538461538464,0.0,0.6904957209314618,0.6495355878557477,0.05304012181503432,0.2069276124238968,0.0,0.0,0.0,0.0,0.0,18473,global,0.0
4,5,lr5e-05_bs8_drop0p2_temp2p0_a0p25_b0p05__wd1e-04trmiss0_degmodglobal,8,5e-05,0.0001,0.2,2.0,0.25,0.05,lr5e-05_bs8_drop0p2_temp2p0_a0p25_b0p05__wd1e-04trmiss0_degmodglobal,5,0.632913453238351,0.7442242801189423,0.3888888888888889,0.6433251933251934,0.46153846153846156,0.0,0.6824956280844552,0.6076269320079258,0.05171987946544375,0.24713081121444702,0.0,0.0,0.0,0.0,0.0,18473,global,0.0
4,5,lr5e-05_bs8_drop0p2_temp2p0_a0p25_b0p05__wd1e-04trmiss0_degmodglobal,8,5e-05,0.0001,0.2,2.0,0.25,0.05,lr5e-05_bs8_drop0p2_temp2p0_a0p25_b0p05__wd1e-04trmiss0_degmodglobal,6,0.6295539225850787,0.7300898432731628,0.4722222222222222,0.6772196938863606,0.46153846153846156,0.0,0.668647723538535,0.6047375542776925,0.05060529389551708,0.2433007231780461,0.0,0.0,0.0,0.0,0.0,18473,global,0.0
4,5,lr5e-05_bs8_drop0p2_temp2p0_a0p25_b0p05__wd1e-04trmiss0_degmodglobal,8,5e-05,0.0001,0.2,2.0,0.25,0.05,lr5e-05_bs8_drop0p2_temp2p0_a0p25_b0p05__wd1e-04trmiss0_degmodglobal,7,0.6363292166164943,0.726974606513977,0.5277777777777778,0.7408560575227241,0.5384615384615384,0.0,0.6396270394325256,0.6044963427952358,0.07307625455515725,0.27127568636621746,0.0,0.0,0.0,0.0,0.0,18473,global,0.0
4,5,lr5e-05_bs8_drop0p2_temp2p0_a0p25_b0p05__wd1e-04trmiss0_degmodglobal,8,5e-05,0.0001,0.2,2.0,0.25,0.05,lr5e-05_bs8_drop0p2_temp2p0_a0p25_b0p05__wd1e-04trmiss0_degmodglobal,8,0.6387377977371216,0.7068621516227722,0.5555555555555556,0.7778930945597613,0.5384615384615384,0.0,0.6427814364433289,0.6106067981038775,0.06123855497155871,0.2564277457339423,0.0,0.0,0.0,0.0,0.0,18473,global,0.0
4,5,lr5e-05_bs8_drop0p2_temp2p0_a0p25_b0p05__wd1e-04trmiss0_degmodglobal,8,5e-05,0.0001,0.2,2.0,0.25,0.05,lr5e-05_bs8_drop0p2_temp2p0_a0p25_b0p05__wd1e-04trmiss0_degmodglobal,9,0.6094790867396763,0.6981059610843658,0.5833333333333333,0.7843033509700177,0.5384615384615384,0.0,0.6327017290251595,0.5822973336492266,0.05788313437785421,0.2542192020586559,0.0,0.0,0.0,0.0,0.0,18473,global,0.0
4,5,lr5e-05_bs8_drop0p2_temp2p0_a0p25_b0p05__wd1e-04trmiss0_degmodglobal,8,5e-05,0.0001,0.2,2.0,0.25,0.05,lr5e-05_bs8_drop0p2_temp2p0_a0p25_b0p05__wd1e-04trmiss0_degmodglobal,10,0.621982889516013,0.6955759823322296,0.5555555555555556,0.7778930945597613,0.5384615384615384,0.0,0.6399624007088798,0.5991772242954799,0.05021956456559045,0.2050155188356127,0.0,0.0,0.0,0.0,0.0,18473,global,0.0
4,5,lr5e-05_bs8_drop0p2_temp2p0_a0p25_b0p05__wd1e-04trmiss0_degmodglobal,8,5e-05,0.0001,0.2,2.0,0.25,0.05,lr5e-05_bs8_drop0p2_temp2p0_a0p25_b0p05__wd1e-04trmiss0_degmodglobal,11,0.5907478417669024,0.7085268199443817,0.5833333333333333,0.7843033509700177,0.46153846153846156,0.0,0.6218900339944022,0.5647659727505275,0.05791772795575006,0.23004858195781708,0.0,0.0,0.0,0.0,0.0,18473,global,0.0
4,5,lr5e-05_bs8_drop0p2_temp2p0_a0p25_b0p05__wd1e-04trmiss0_degmodglobal,8,5e-05,0.0001,0.2,2.0,0.25,0.05,lr5e-05_bs8_drop0p2_temp2p0_a0p25_b0p05__wd1e-04trmiss0_degmodglobal,12,0.6249003325189862,0.6965952813625336,0.5555555555555556,0.7762225428892096,0.5384615384615384,0.0,0.6391496317727225,0.5983373778206962,0.05785207237516131,0.24199907907417842,0.0,0.0,0.0,0.0,0.0,18473,global,0.0
4,5,lr5e-05_bs8_drop0p2_temp2p0_a0p25_b0p05__wd1e-04trmiss0_degmodglobal,8,5e-05,0.0001,0.2,2.0,0.25,0.05,lr5e-05_bs8_drop0p2_temp2p0_a0p25_b0p05__wd1e-04trmiss0_degmodglobal,13,0.6211053473608834,0.7099873721599579,0.5277777777777777,0.7698122864789532,0.46153846153846156,0.0,0.6027043802397591,0.5961669938904899,0.05468263051339558,0.2253538061465536,0.0,0.0,0.0,0.0,0.0,18473,global,0.0
4,5,lr5e-05_bs8_drop0p2_temp2p0_a0p25_b0p05__wd1e-04trmiss0_degmodglobal,8,5e-05,0.0001,0.2,2.0,0.25,0.05,lr5e-05_bs8_drop0p2_temp2p0_a0p25_b0p05__wd1e-04trmiss0_degmodglobal,14,0.6057207584381104,0.7013037502765656,0.5277777777777777,0.7698122864789532,0.46153846153846156,0.0,0.6448868598256793,0.5718837635857719,0.07669817815933909,0.29324865341186523,0.0,0.0,0.0,0.0,0.0,18473,global,0.0
4,5,lr5e-05_bs8_drop0p2_temp2p0_a0p25_b0p05__wd1e-04trmiss0_degmodglobal,8,5e-05,0.0001,0.2,2.0,0.25,0.05,lr5e-05_bs8_drop0p2_temp2p0_a0p25_b0p05__wd1e-04trmiss0_degmodglobal,15,0.5985084261213031,0.6982097029685974,0.5555555555555556,0.7762225428892096,0.5384615384615384,0.0,0.6319900751113892,0.5653727650642395,0.06734729026045118,0.32597661869866507,0.0,0.0,0.0,0.0,0.0,18473,global,0.0
4,5,lr5e-05_bs8_drop0p2_temp2p0_a0p25_b0p05__wd1e-04trmiss0_degmodglobal,8,5e-05,0.0001,0.2,2.0,0.25,0.05,lr5e-05_bs8_drop0p2_temp2p0_a0p25_b0p05__wd1e-04trmiss0_degmodglobal,16,0.5901121922901699,0.6971219778060913,0.5555555555555556,0.7762225428892096,0.5384615384615384,0.0,0.6282862424850464,0.554904043674469,0.07728050862039838,0.3177605015890939,0.0,0.0,0.0,0.0,0.0,18473,global,0.0
4,5,lr5e-05_bs8_drop0p2_temp2p0_a0p25_b0p05__wd1e-04trmiss0_degmodglobal,8,5e-05,0.0001,0.2,2.0,0.25,0.05,lr5e-05_bs8_drop0p2_temp2p0_a0p25_b0p05__wd1e-04trmiss0_degmodglobal,17,0.5969956602369036,0.7034037411212921,0.5277777777777778,0.7675805675805676,0.46153846153846156,0.0,0.6285634636878967,0.5666275365012032,0.0633038053555148,0.29084307168211254,0.0,0.0,0.0,0.0,0.0,18473,global,0.0
4,5,lr5e-05_bs8_drop0p2_temp2p0_a0p25_b0p05__wd1e-04trmiss0_degmodglobal,8,5e-05,0.0001,0.2,2.0,0.25,0.05,lr5e-05_bs8_drop0p2_temp2p0_a0p25_b0p05__wd1e-04trmiss0_degmodglobal,18,0.6309986625398908,0.6950696706771851,0.5277777777777778,0.7675805675805676,0.5384615384615384,0.0,0.6626630936350141,0.5994724035263062,0.06536540974463735,0.3036983460187912,0.0,0.0,0.0,0.0,0.0,18473,global,0.0
4,5,lr5e-05_bs8_drop0p2_temp2p0_a0p25_b0p05__wd1e-04trmiss0_degmodglobal,8,5e-05,0.0001,0.2,2.0,0.25,0.05,lr5e-05_bs8_drop0p2_temp2p0_a0p25_b0p05__wd1e-04trmiss0_degmodglobal,19,0.5910285881587437,0.6907106935977936,0.5555555555555556,0.7762225428892096,0.5384615384615384,0.0,0.6587863479341779,0.5567912076200757,0.0716955576624189,0.3262697841439928,0.0,0.0,0.0,0.0,0.0,18473,global,0.0
4,5,lr5e-05_bs8_drop0p2_temp2p0_a0p25_b0p05__wd1e-04trmiss0_degmodglobal,8,5e-05,0.0001,0.2,2.0,0.25,0.05,lr5e-05_bs8_drop0p2_temp2p0_a0p25_b0p05__wd1e-04trmiss0_degmodglobal,20,0.5791832038334438,0.695498913526535,0.5833333333333333,0.7843033509700177,0.5384615384615384,0.0,0.6235798086438861,0.5475103982857296,0.069261015525886,0.28715111102376667,0.0,0.0,0.0,0.0,0.0,18473,global,0.0
4,5,lr5e-05_bs8_drop0p2_temp2p0_a0p25_b0p05__wd1e-04trmiss0_degmodglobal,8,5e-05,0.0001,0.2,2.0,0.25,0.05,lr5e-05_bs8_drop0p2_temp2p0_a0p25_b0p05__wd1e-04trmiss0_degmodglobal,21,0.5858329704829625,0.7118099331855774,0.5833333333333333,0.7843033509700177,0.38461538461538464,0.0,0.6340329221316746,0.5570363487516131,0.062385133866752894,0.26400676582540783,0.0,0.0,0.0,0.0,0.0,18473,global,0.0
4,5,lr5e-05_bs8_drop0p2_temp2p0_a0p25_b0p05__wd1e-04trmiss0_degmodglobal,8,5e-05,0.0001,0.2,2.0,0.25,0.05,lr5e-05_bs8_drop0p2_temp2p0_a0p25_b0p05__wd1e-04trmiss0_degmodglobal,22,0.5947190182549613,0.7175875902175903,0.5833333333333333,0.7843033509700177,0.3076923076923077,0.0,0.6183691280228751,0.5630834443228585,0.06820163556507655,0.29170318373612,0.0,0.0,0.0,0.0,0.0,18473,global,0.0
4,5,lr5e-05_bs8_drop0p2_temp2p0_a0p25_b0p05__wd1e-04trmiss0_degmodglobal,8,5e-05,0.0001,0.2,2.0,0.25,0.05,lr5e-05_bs8_drop0p2_temp2p0_a0p25_b0p05__wd1e-04trmiss0_degmodglobal,23,0.5768329841750008,0.7065071165561676,0.5555555555555556,0.7762225428892096,0.46153846153846156,0.0,0.6039939522743225,0.5441780303205762,0.06631828152707644,0.32150776045663015,0.0,0.0,0.0,0.0,0.0,18473,global,0.0
4,5,lr5e-05_bs8_drop0p2_temp2p0_a0p25_b0p05__wd1e-04trmiss0_degmodglobal,8,5e-05,0.0001,0.2,2.0,0.25,0.05,lr5e-05_bs8_drop0p2_temp2p0_a0p25_b0p05__wd1e-04trmiss0_degmodglobal,24,0.5889817476272583,0.7062659561634064,0.5555555555555556,0.7762225428892096,0.38461538461538464,0.0,0.5981438755989075,0.5580715877669198,0.06594965127961976,0.2884547561407089,0.0,0.0,0.0,0.0,0.0,18473,global,0.0
4,5,lr5e-05_bs8_drop0p2_temp2p0_a0p25_b0p05__wd1e-04trmiss0_degmodglobal,8,5e-05,0.0001,0.2,2.0,0.25,0.05,lr5e-05_bs8_drop0p2_temp2p0_a0p25_b0p05__wd1e-04trmiss0_degmodglobal,25,0.5760764905384609,0.688337653875351,0.638888888888889,0.8209315375982045,0.5384615384615384,0.0,0.5830709253038678,0.5418713348252433,0.0798785500228405,0.28471016032355173,0.0,0.0,0.0,0.0,0.0,18473,global,0.0
4,5,lr5e-05_bs8_drop0p2_temp2p0_a0p25_b0p05__wd1e-04trmiss0_degmodglobal,8,5e-05,0.0001,0.2,2.0,0.25,0.05,lr5e-05_bs8_drop0p2_temp2p0_a0p25_b0p05__wd1e-04trmiss0_degmodglobal,26,0.5921636479241508,0.6999079883098602,0.5555555555555556,0.7842472342472344,0.46153846153846156,0.0,0.6060226048742022,0.5589885541370937,0.07301199489406177,0.29844169105802265,0.0,0.0,0.0,0.0,0.0,18473,global,0.0
4,5,lr5e-05_bs8_drop0p2_temp2p0_a0p25_b0p05__wd1e-04trmiss0_degmodglobal,8,5e-05,0.0001,0.2,2.0,0.25,0.05,lr5e-05_bs8_drop0p2_temp2p0_a0p25_b0p05__wd1e-04trmiss0_degmodglobal,27,0.5749093975339618,0.688742071390152,0.6111111111111112,0.8122895622895623,0.5384615384615384,0.0,0.6137721538543701,0.5415779565061841,0.06998490169644356,0.31670430302619934,0.0,0.0,0.0,0.0,0.0,18473,global,0.0
4,5,lr5e-05_bs8_drop0p2_temp2p0_a0p25_b0p05__wd1e-04trmiss0_degmodglobal,8,5e-05,0.0001,0.2,2.0,0.25,0.05,lr5e-05_bs8_drop0p2_temp2p0_a0p25_b0p05__wd1e-04trmiss0_degmodglobal,28,0.5897051351411002,0.6819359958171844,0.6388888888888888,0.8354818021484689,0.5384615384615384,0.0,0.5953373738697597,0.5480470742498126,0.0906369255057403,0.3799765408039093,0.0,0.0,0.0,0.0,0.0,18473,global,0.0
4,5,lr5e-05_bs8_drop0p2_temp2p0_a0p25_b0p05__wd1e-04trmiss0_degmodglobal,8,5e-05,0.0001,0.2,2.0,0.25,0.05,lr5e-05_bs8_drop0p2_temp2p0_a0p25_b0p05__wd1e-04trmiss0_degmodglobal,29,0.5788511548723493,0.6824769377708435,0.6388888888888888,0.8354818021484689,0.5384615384615384,0.0,0.5986702782767159,0.5326395034790039,0.10227000021508761,0.41288294962474276,0.0,0.0,0.0,0.0,0.0,18473,global,0.0
4,5,lr5e-05_bs8_drop0p2_temp2p0_a0p25_b0p05__wd1e-04trmiss0_degmodglobal,8,5e-05,0.0001,0.2,2.0,0.25,0.05,lr5e-05_bs8_drop0p2_temp2p0_a0p25_b0p05__wd1e-04trmiss0_degmodglobal,30,0.5832664625985282,0.6848681271076202,0.6111111111111112,0.8077040243706912,0.5384615384615384,0.0,0.5890129464013236,0.5437900338854108,0.09088386222720146,0.3351092040538788,0.0,0.0,0.0,0.0,0.0,18473,global,0.0
4,5,lr5e-05_bs8_drop0p2_temp2p0_a0p25_b0p05__wd1e-04trmiss0_degmodglobal,8,5e-05,0.0001,0.2,2.0,0.25,0.05,lr5e-05_bs8_drop0p2_temp2p0_a0p25_b0p05__wd1e-04trmiss0_degmodglobal,31,0.5719392129353115,0.6979476511478424,0.5555555555555556,0.7842472342472344,0.38461538461538464,0.0,0.5932798896517072,0.5349273426192147,0.08447451463767461,0.31786475011280607,0.0,0.0,0.0,0.0,0.0,18473,global,0.0
4,5,lr5e-05_bs8_drop0p2_temp2p0_a0p25_b0p05__wd1e-04trmiss0_degmodglobal,8,5e-05,0.0001,0.2,2.0,0.25,0.05,lr5e-05_bs8_drop0p2_temp2p0_a0p25_b0p05__wd1e-04trmiss0_degmodglobal,32,0.5941280211721148,0.7528749406337738,0.5555555555555556,0.7778930945597613,0.38461538461538464,0.0,0.5863349182265145,0.5588784090110234,0.08238789864948817,0.29305264353752136,0.0,0.0,0.0,0.0,0.0,18473,global,0.0
4,5,lr5e-05_bs8_drop0p2_temp2p0_a0p25_b0p05__wd1e-04trmiss0_degmodglobal,8,5e-05,0.0001,0.2,2.0,0.25,0.05,lr5e-05_bs8_drop0p2_temp2p0_a0p25_b0p05__wd1e-04trmiss0_degmodglobal,33,0.5649822354316711,0.7144369184970856,0.5555555555555556,0.7762225428892096,0.3076923076923077,0.0,0.5722944906779698,0.5347685941628048,0.06721402651497296,0.2682028476681028,0.0,0.0,0.0,0.0,0.0,18473,global,0.0
4,5,lr5e-05_bs8_drop0p2_temp2p0_a0p25_b0p05__wd1e-04trmiss0_degmodglobal,8,5e-05,0.0001,0.2,2.0,0.25,0.05,lr5e-05_bs8_drop0p2_temp2p0_a0p25_b0p05__wd1e-04trmiss0_degmodglobal,34,0.5929424507277352,0.6987692415714264,0.5833333333333334,0.7928892095558764,0.5384615384615384,0.0,0.5935980805328914,0.5570096032960075,0.08413664145129067,0.29797383504254477,0.0,0.0,0.0,0.0,0.0,18473,global,0.0
4,5,lr5e-05_bs8_drop0p2_temp2p0_a0p25_b0p05__wd1e-04trmiss0_degmodglobal,8,5e-05,0.0001,0.2,2.0,0.25,0.05,lr5e-05_bs8_drop0p2_temp2p0_a0p25_b0p05__wd1e-04trmiss0_degmodglobal,35,0.5779392421245575,0.7030774056911469,0.5833333333333334,0.7928892095558764,0.5384615384615384,0.0,0.5699876461710248,0.5454042979649135,0.07321809285453387,0.2846084577696664,0.0,0.0,0.0,0.0,0.0,18473,global,0.0
4,5,lr5e-05_bs8_drop0p2_temp2p0_a0p25_b0p05__wd1e-04trmiss0_degmodglobal,8,5e-05,0.0001,0.2,2.0,0.25,0.05,lr5e-05_bs8_drop0p2_temp2p0_a0p25_b0p05__wd1e-04trmiss0_degmodglobal,36,0.5855740138462612,0.7169681787490845,0.5277777777777777,0.7698122864789532,0.38461538461538464,0.0,0.5690508314541408,0.5509815173489707,0.07563660559909684,0.31366688651697977,0.0,0.0,0.0,0.0,0.0,18473,global,0.0
4,5,lr5e-05_bs8_drop0p2_temp2p0_a0p25_b0p05__wd1e-04trmiss0_degmodglobal,8,5e-05,0.0001,0.2,2.0,0.25,0.05,lr5e-05_bs8_drop0p2_temp2p0_a0p25_b0p05__wd1e-04trmiss0_degmodglobal,37,0.5831198181424823,0.7218871116638184,0.5277777777777777,0.7698122864789532,0.3076923076923077,0.0,0.5838058931486947,0.5430607582841601,0.08948272626314845,0.35376788888658794,0.0,0.0,0.0,0.0,0.0,18473,global,0.0
4,5,lr5e-05_bs8_drop0p2_temp2p0_a0p25_b0p05__wd1e-04trmiss0_degmodglobal,8,5e-05,0.0001,0.2,2.0,0.25,0.05,lr5e-05_bs8_drop0p2_temp2p0_a0p25_b0p05__wd1e-04trmiss0_degmodglobal,38,0.5538578629493713,0.7156782746315002,0.5555555555555556,0.7762225428892096,0.38461538461538464,0.0,0.5545073364462171,0.5225195033209664,0.0732253332223211,0.26064034338508335,0.0,0.0,0.0,0.0,0.0,18473,global,0.0
4,5,lr5e-05_bs8_drop0p2_temp2p0_a0p25_b0p05__wd1e-04trmiss0_degmodglobal,8,5e-05,0.0001,0.2,2.0,0.25,0.05,lr5e-05_bs8_drop0p2_temp2p0_a0p25_b0p05__wd1e-04trmiss0_degmodglobal,39,0.5721607846873147,0.711998850107193,0.5555555555555556,0.7762225428892096,0.38461538461538464,0.0,0.5779395316328321,0.5328611220632281,0.09104538283177785,0.33076644369534086,0.0,0.0,0.0,0.0,0.0,18473,global,0.0
4,5,lr5e-05_bs8_drop0p2_temp2p0_a0p25_b0p05__wd1e-04trmiss0_degmodglobal,8,5e-05,0.0001,0.2,2.0,0.25,0.05,lr5e-05_bs8_drop0p2_temp2p0_a0p25_b0p05__wd1e-04trmiss0_degmodglobal,40,0.5851514850343976,0.7096521258354187,0.5555555555555556,0.7762225428892096,0.38461538461538464,0.0,0.5752025714942387,0.545986030782972,0.09582774500761713,0.30417052124227795,0.0,0.0,0.0,0.0,0.0,18473,global,0.0
4,5,lr5e-05_bs8_drop0p2_temp2p0_a0p25_b0p05__wd1e-04trmiss0_degmodglobal,8,5e-05,0.0001,0.2,2.0,0.25,0.05,lr5e-05_bs8_drop0p2_temp2p0_a0p25_b0p05__wd1e-04trmiss0_degmodglobal,41,0.5573478468826839,0.7078714370727539,0.5833333333333334,0.7928892095558764,0.38461538461538464,0.0,0.5655825648988996,0.5219482481479645,0.0819128570812089,0.29842760946069447,0.0,0.0,0.0,0.0,0.0,18473,global,0.0
4,5,lr5e-05_bs8_drop0p2_temp2p0_a0p25_b0p05__wd1e-04trmiss0_degmodglobal,8,5e-05,0.0001,0.2,2.0,0.25,0.05,lr5e-05_bs8_drop0p2_temp2p0_a0p25_b0p05__wd1e-04trmiss0_degmodglobal,42,0.5672552245003837,0.6989436149597168,0.5833333333333334,0.7928892095558764,0.46153846153846156,0.0,0.5667350888252258,0.5336616677897317,0.08266862481832504,0.25852791858570917,0.0,0.0,0.0,0.0,0.0,18473,global,0.0
4,5,lr5e-05_bs8_drop0p2_temp2p0_a0p25_b0p05__wd1e-04trmiss0_degmodglobal,8,5e-05,0.0001,0.2,2.0,0.25,0.05,lr5e-05_bs8_drop0p2_temp2p0_a0p25_b0p05__wd1e-04trmiss0_degmodglobal,43,0.5705369200025286,0.6987375319004059,0.5833333333333334,0.7928892095558764,0.46153846153846156,0.0,0.5859657185418266,0.5324130271162305,0.09000370784529618,0.3124596838440214,0.0,0.0,0.0,0.0,0.0,18473,global,0.0
4,5,lr5e-05_bs8_drop0p2_temp2p0_a0p25_b0p05__wd1e-04trmiss0_degmodglobal,8,5e-05,0.0001,0.2,2.0,0.25,0.05,lr5e-05_bs8_drop0p2_temp2p0_a0p25_b0p05__wd1e-04trmiss0_degmodglobal,44,0.5622687467506954,0.6921400427818298,0.6388888888888888,0.8157848324514991,0.5384615384615384,0.0,0.5461067727633885,0.5189066742147718,0.10323008628828186,0.35109072072165354,0.0,0.0,0.0,0.0,0.0,18473,global,0.0
4,5,lr5e-05_bs8_drop0p2_temp2p0_a0p25_b0p05__wd1e-04trmiss0_degmodglobal,8,5e-05,0.0001,0.2,2.0,0.25,0.05,lr5e-05_bs8_drop0p2_temp2p0_a0p25_b0p05__wd1e-04trmiss0_degmodglobal,45,0.5672878708158221,0.6915060579776764,0.6666666666666666,0.8290123456790124,0.5384615384615384,0.0,0.5791214065892356,0.5233817057950156,0.1037360318005085,0.35944315791130066,0.0,0.0,0.0,0.0,0.0,18473,global,0.0
4,5,lr5e-05_bs8_drop0p2_temp2p0_a0p25_b0p05__wd1e-04trmiss0_degmodglobal,8,5e-05,0.0001,0.2,2.0,0.25,0.05,lr5e-05_bs8_drop0p2_temp2p0_a0p25_b0p05__wd1e-04trmiss0_degmodglobal,46,0.5702471307345799,0.6963280737400055,0.638888888888889,0.8209315375982045,0.5384615384615384,0.0,0.5478880149977547,0.5333475513117654,0.08014372310468129,0.33727288246154785,0.0,0.0,0.0,0.0,0.0,18473,global,0.0
4,5,lr5e-05_bs8_drop0p2_temp2p0_a0p25_b0p05__wd1e-04trmiss0_degmodglobal,8,5e-05,0.0001,0.2,2.0,0.25,0.05,lr5e-05_bs8_drop0p2_temp2p0_a0p25_b0p05__wd1e-04trmiss0_degmodglobal,47,0.5678220093250275,0.7031677067279816,0.611111111111111,0.8009700176366843,0.46153846153846156,0.0,0.5751742890902928,0.5313491438116346,0.0812763406762055,0.32307542647634235,0.0,0.0,0.0,0.0,0.0,18473,global,0.0
4,5,lr5e-05_bs8_drop0p2_temp2p0_a0p25_b0p05__wd1e-04trmiss0_degmodglobal,8,5e-05,0.0001,0.2,2.0,0.25,0.05,lr5e-05_bs8_drop0p2_temp2p0_a0p25_b0p05__wd1e-04trmiss0_degmodglobal,48,0.5352604474340167,0.6998015940189362,0.6388888888888888,0.8157848324514991,0.46153846153846156,0.0,0.5326752024037498,0.49304007632391794,0.09917004832199641,0.3485570741551263,0.0,0.0,0.0,0.0,0.0,18473,global,0.0
4,5,lr5e-05_bs8_drop0p2_temp2p0_a0p25_b0p05__wd1e-04trmiss0_degmodglobal,8,5e-05,0.0001,0.2,2.0,0.25,0.05,lr5e-05_bs8_drop0p2_temp2p0_a0p25_b0p05__wd1e-04trmiss0_degmodglobal,49,0.5622775980404445,0.6973862648010254,0.6388888888888888,0.8157848324514991,0.46153846153846156,0.0,0.5600682539599282,0.5252173287527901,0.08948717452585697,0.2937696671911648,0.0,0.0,0.0,0.0,0.0,18473,global,0.0
4,5,lr5e-05_bs8_drop0p2_temp2p0_a0p25_b0p05__wd1e-04trmiss0_degmodglobal,8,5e-05,0.0001,0.2,2.0,0.25,0.05,lr5e-05_bs8_drop0p2_temp2p0_a0p25_b0p05__wd1e-04trmiss0_degmodglobal,50,0.5668453191007886,0.6942676901817322,0.6111111111111112,0.8077040243706912,0.46153846153846156,0.0,0.5530467288834708,0.516179233789444,0.1310634793979781,0.3580040910414287,0.0,0.0,0.0,0.0,0.0,18473,global,0.0
4,5,lr5e-05_bs8_drop0p2_temp2p0_a0p25_b0p05__wd1e-04trmiss0_degmodglobal,8,5e-05,0.0001,0.2,2.0,0.25,0.05,lr5e-05_bs8_drop0p2_temp2p0_a0p25_b0p05__wd1e-04trmiss0_degmodglobal,51,0.5546515583992004,0.6947180926799774,0.6111111111111112,0.8077040243706912,0.5384615384615384,0.0,0.5579465414796557,0.5149526383195605,0.09459631357874189,0.3209969231060573,0.0,0.0,0.0,0.0,0.0,18473,global,0.0
4,5,lr5e-05_bs8_drop0p2_temp2p0_a0p25_b0p05__wd1e-04trmiss0_degmodglobal,8,5e-05,0.0001,0.2,2.0,0.25,0.05,lr5e-05_bs8_drop0p2_temp2p0_a0p25_b0p05__wd1e-04trmiss0_degmodglobal,52,0.5547629083905902,0.6981073021888733,0.6111111111111112,0.8077040243706912,0.5384615384615384,0.0,0.5443751215934753,0.522356412240437,0.07646256685256958,0.2658172172627279,0.0,0.0,0.0,0.0,0.0,18473,global,0.0
4,5,lr5e-05_bs8_drop0p2_temp2p0_a0p25_b0p05__wd1e-04trmiss0_degmodglobal,8,5e-05,0.0001,0.2,2.0,0.25,0.05,lr5e-05_bs8_drop0p2_temp2p0_a0p25_b0p05__wd1e-04trmiss0_degmodglobal,53,0.5478009113243648,0.701437383890152,0.6388888888888888,0.8157848324514991,0.46153846153846156,0.0,0.5381145817892892,0.5124714885439191,0.08207383006811142,0.2962193787097931,0.0,0.0,0.0,0.0,0.0,18473,global,0.0
4,5,lr5e-05_bs8_drop0p2_temp2p0_a0p25_b0p05__wd1e-04trmiss0_degmodglobal,8,5e-05,0.0001,0.2,2.0,0.25,0.05,lr5e-05_bs8_drop0p2_temp2p0_a0p25_b0p05__wd1e-04trmiss0_degmodglobal,54,0.5552517856870379,0.70034459233284,0.6388888888888888,0.8157848324514991,0.5384615384615384,0.0,0.5351208235536303,0.517076849937439,0.09478743959750448,0.2895614355802536,0.0,0.0,0.0,0.0,0.0,18473,global,0.0
4,5,lr5e-05_bs8_drop0p2_temp2p0_a0p25_b0p05__wd1e-04trmiss0_degmodglobal,8,5e-05,0.0001,0.2,2.0,0.25,0.05,lr5e-05_bs8_drop0p2_temp2p0_a0p25_b0p05__wd1e-04trmiss0_degmodglobal,55,0.5672756007739476,0.6955828666687012,0.6388888888888888,0.8157848324514991,0.46153846153846156,0.0,0.528381713799068,0.5203360063689095,0.11389876369919096,0.3692978471517563,0.0,0.0,0.0,0.0,0.0,18473,global,0.0
4,5,lr5e-05_bs8_drop0p2_temp2p0_a0p25_b0p05__wd1e-04trmiss0_degmodglobal,8,5e-05,0.0001,0.2,2.0,0.25,0.05,lr5e-05_bs8_drop0p2_temp2p0_a0p25_b0p05__wd1e-04trmiss0_degmodglobal,56,0.5503744866166796,0.6937640309333801,0.5833333333333333,0.7843033509700177,0.46153846153846156,0.0,0.5332409015723637,0.5128811810697828,0.09081184597952026,0.2958066995654787,0.0,0.0,0.0,0.0,0.0,18473,global,0.0
4,5,lr5e-05_bs8_drop0p2_temp2p0_a0p25_b0p05__wd1e-04trmiss0_degmodglobal,8,5e-05,0.0001,0.2,2.0,0.25,0.05,lr5e-05_bs8_drop0p2_temp2p0_a0p25_b0p05__wd1e-04trmiss0_degmodglobal,57,0.5486253244536263,0.6988562345504761,0.611111111111111,0.8009700176366843,0.38461538461538464,0.0,0.5089216232299805,0.5056657876287188,0.10080113049064364,0.3551855513027736,0.0,0.0,0.0,0.0,0.0,18473,global,0.0
4,5,lr5e-05_bs8_drop0p2_temp2p0_a0p25_b0p05__wd1e-04trmiss0_degmodglobal,8,5e-05,0.0001,0.2,2.0,0.25,0.05,lr5e-05_bs8_drop0p2_temp2p0_a0p25_b0p05__wd1e-04trmiss0_degmodglobal,58,0.5620519007955279,0.7035083770751953,0.611111111111111,0.8009700176366843,0.46153846153846156,0.0,0.5569799372128078,0.5200468940394265,0.10122179133551461,0.333991320005485,0.0,0.0,0.0,0.0,0.0,18473,global,0.0
4,5,lr5e-05_bs8_drop0p2_temp2p0_a0p25_b0p05__wd1e-04trmiss0_degmodglobal,8,5e-05,0.0001,0.2,2.0,0.25,0.05,lr5e-05_bs8_drop0p2_temp2p0_a0p25_b0p05__wd1e-04trmiss0_degmodglobal,59,0.5607436043875558,0.7039567530155182,0.611111111111111,0.8009700176366843,0.38461538461538464,0.0,0.5306147507258824,0.5110942465918404,0.12113892925637108,0.3872921871287482,0.0,0.0,0.0,0.0,0.0,18473,global,0.0
4,5,lr5e-05_bs8_drop0p2_temp2p0_a0p25_b0p05__wd1e-04trmiss0_degmodglobal,8,5e-05,0.0001,0.2,2.0,0.25,0.05,lr5e-05_bs8_drop0p2_temp2p0_a0p25_b0p05__wd1e-04trmiss0_degmodglobal,60,0.533234715461731,0.6982802450656891,0.5833333333333333,0.7843033509700177,0.46153846153846156,0.0,0.5231899917125702,0.4965218816484724,0.0835752370102065,0.3163806753499167,0.0,0.0,0.0,0.0,0.0,18473,global,0.0
4,5,lr5e-05_bs8_drop0p2_temp2p0_a0p25_b0p05__wd1e-04trmiss0_degmodglobal,8,5e-05,0.0001,0.2,2.0,0.25,0.05,lr5e-05_bs8_drop0p2_temp2p0_a0p25_b0p05__wd1e-04trmiss0_degmodglobal,61,0.56294013772692,0.702989399433136,0.5833333333333333,0.7843033509700177,0.38461538461538464,0.0,0.546076991728374,0.5255021623202732,0.09697821736335754,0.26386852136680056,0.0,0.0,0.0,0.0,0.0,18473,global,0.0
4,5,lr5e-05_bs8_drop0p2_temp2p0_a0p25_b0p05__wd1e-04trmiss0_degmodglobal,8,5e-05,0.0001,0.2,2.0,0.25,0.05,lr5e-05_bs8_drop0p2_temp2p0_a0p25_b0p05__wd1e-04trmiss0_degmodglobal,62,0.553115461553846,0.7034928798675537,0.5833333333333333,0.7843033509700177,0.3076923076923077,0.0,0.5452592585768018,0.5185533251081195,0.08257461871419634,0.2783695650952203,0.0,0.0,0.0,0.0,0.0,18473,global,0.0
4,5,lr5e-05_bs8_drop0p2_temp2p0_a0p25_b0p05__wd1e-04trmiss0_degmodglobal,8,5e-05,0.0001,0.2,2.0,0.25,0.05,lr5e-05_bs8_drop0p2_temp2p0_a0p25_b0p05__wd1e-04trmiss0_degmodglobal,63,0.5669955611228943,0.6955280303955078,0.5833333333333333,0.7843033509700177,0.46153846153846156,0.0,0.5420005406652179,0.5164099676268441,0.11584222103868212,0.43250091799667906,0.0,0.0,0.0,0.0,0.0,18473,global,0.0
4,5,lr5e-05_bs8_drop0p2_temp2p0_a0p25_b0p05__wd1e-04trmiss0_degmodglobal,8,5e-05,0.0001,0.2,2.0,0.25,0.05,lr5e-05_bs8_drop0p2_temp2p0_a0p25_b0p05__wd1e-04trmiss0_degmodglobal,64,0.5471436934811729,0.6978868544101715,0.5833333333333333,0.7843033509700177,0.46153846153846156,0.0,0.4946156399590628,0.500180721282959,0.10866380482912064,0.3959404932601111,0.0,0.0,0.0,0.0,0.0,18473,global,0.0
4,5,lr5e-05_bs8_drop0p2_temp2p0_a0p25_b0p05__wd1e-04trmiss0_degmodglobal,8,5e-05,0.0001,0.2,2.0,0.25,0.05,lr5e-05_bs8_drop0p2_temp2p0_a0p25_b0p05__wd1e-04trmiss0_degmodglobal,65,0.5416786968708038,0.6941967904567719,0.5833333333333333,0.7843033509700177,0.46153846153846156,0.0,0.5288521902901786,0.5038927112306867,0.09524732881358691,0.27948320124830517,0.0,0.0,0.0,0.0,0.0,18473,global,0.0
4,5,lr5e-05_bs8_drop0p4_temp1p0_a0p25_b0p05__wd1e-04trmiss0_degmodglobal,8,5e-05,0.0001,0.4,1.0,0.25,0.05,lr5e-05_bs8_drop0p4_temp1p0_a0p25_b0p05__wd1e-04trmiss0_degmodglobal,1,0.7090435198375157,0.6731220483779907,0.4166666666666667,0.6828153328153329,0.6923076923076923,0.0,0.7169054661478315,0.6759784732546125,0.07610526893820081,0.28077434429100584,0.0,0.0,0.0,0.0,0.0,18473,global,0.0
4,5,lr5e-05_bs8_drop0p4_temp1p0_a0p25_b0p05__wd1e-04trmiss0_degmodglobal,8,5e-05,0.0001,0.4,1.0,0.25,0.05,lr5e-05_bs8_drop0p4_temp1p0_a0p25_b0p05__wd1e-04trmiss0_degmodglobal,2,0.6743682197162083,0.6864135563373566,0.25,0.6186178019511352,0.6153846153846154,0.0,0.6938217963491168,0.649437929902758,0.055995973093169074,0.21862601595265524,0.0,0.0,0.0,0.0,0.0,18473,global,0.0
4,5,lr5e-05_bs8_drop0p4_temp1p0_a0p25_b0p05__wd1e-04trmiss0_degmodglobal,8,5e-05,0.0001,0.4,1.0,0.25,0.05,lr5e-05_bs8_drop0p4_temp1p0_a0p25_b0p05__wd1e-04trmiss0_degmodglobal,3,0.6675747207232884,0.711316853761673,0.08333333333333333,0.5347553680887014,0.6153846153846154,0.0,0.6364756056240627,0.6330266680036273,0.08420182551656451,0.26995189275060383,0.0,0.0,0.0,0.0,0.0,18473,global,0.0
4,5,lr5e-05_bs8_drop0p4_temp1p0_a0p25_b0p05__wd1e-04trmiss0_degmodglobal,8,5e-05,0.0001,0.4,1.0,0.25,0.05,lr5e-05_bs8_drop0p4_temp1p0_a0p25_b0p05__wd1e-04trmiss0_degmodglobal,4,0.6230479819434029,0.7178581655025482,0.1111111111111111,0.5458664791998125,0.6153846153846154,0.0,0.6298567652702332,0.5890017577580043,0.07841051955308233,0.28887228454862324,0.0,0.0,0.0,0.0,0.0,18473,global,0.0
4,5,lr5e-05_bs8_drop0p4_temp1p0_a0p25_b0p05__wd1e-04trmiss0_degmodglobal,8,5e-05,0.0001,0.4,1.0,0.25,0.05,lr5e-05_bs8_drop0p4_temp1p0_a0p25_b0p05__wd1e-04trmiss0_degmodglobal,5,0.6752417172704425,0.7308707535266876,0.0,0.5125331458664792,0.6153846153846154,0.0,0.6427339145115444,0.64362119776862,0.06920586207083293,0.28638071034635815,0.0,0.0,0.0,0.0,0.0,18473,global,0.0
4,5,lr5e-05_bs8_drop0p4_temp1p0_a0p25_b0p05__wd1e-04trmiss0_degmodglobal,8,5e-05,0.0001,0.4,1.0,0.25,0.05,lr5e-05_bs8_drop0p4_temp1p0_a0p25_b0p05__wd1e-04trmiss0_degmodglobal,6,0.6271016427448818,0.7400210797786713,0.05555555555555555,0.5254961088294422,0.46153846153846156,0.0,0.6168760316712516,0.600493814264025,0.059399518583502085,0.2351588106581143,0.0,0.0,0.0,0.0,0.0,18473,global,0.0
4,5,lr5e-05_bs8_drop0p4_temp1p0_a0p25_b0p05__wd1e-04trmiss0_degmodglobal,8,5e-05,0.0001,0.4,1.0,0.25,0.05,lr5e-05_bs8_drop0p4_temp1p0_a0p25_b0p05__wd1e-04trmiss0_degmodglobal,7,0.6095564195087978,0.7389019131660461,0.1388888888888889,0.5538029871363206,0.46153846153846156,0.0,0.636923108782087,0.5759235790797642,0.07397592227373805,0.3027771839073726,0.0,0.0,0.0,0.0,0.0,18473,global,0.0
4,5,lr5e-05_bs8_drop0p4_temp1p0_a0p25_b0p05__wd1e-04trmiss0_degmodglobal,8,5e-05,0.0001,0.4,1.0,0.25,0.05,lr5e-05_bs8_drop0p4_temp1p0_a0p25_b0p05__wd1e-04trmiss0_degmodglobal,8,0.5990573593548366,0.7414683699607849,0.1388888888888889,0.5506283839617172,0.46153846153846156,0.0,0.617994887488229,0.5714982322284153,0.0619745318378721,0.24130998232534953,0.0,0.0,0.0,0.0,0.0,18473,global,0.0
4,5,lr5e-05_bs8_drop0p4_temp1p0_a0p25_b0p05__wd1e-04trmiss0_degmodglobal,8,5e-05,0.0001,0.4,1.0,0.25,0.05,lr5e-05_bs8_drop0p4_temp1p0_a0p25_b0p05__wd1e-04trmiss0_degmodglobal,9,0.6205406614712307,0.7491832971572876,0.08333333333333333,0.5347553680887014,0.5384615384615384,0.0,0.5911470821925572,0.5871105194091797,0.07575277398739542,0.2898391932249069,0.0,0.0,0.0,0.0,0.0,18473,global,0.0
4,5,lr5e-05_bs8_drop0p4_temp1p0_a0p25_b0p05__wd1e-04trmiss0_degmodglobal,8,5e-05,0.0001,0.4,1.0,0.25,0.05,lr5e-05_bs8_drop0p4_temp1p0_a0p25_b0p05__wd1e-04trmiss0_degmodglobal,10,0.6140446748052325,0.7475618720054626,0.1111111111111111,0.541369124702458,0.38461538461538464,0.0,0.6189330560820443,0.5786588447434562,0.08248236189995493,0.2953048476151058,0.0,0.0,0.0,0.0,0.0,18473,global,0.0
4,5,lr5e-05_bs8_drop0p4_temp1p0_a0p25_b0p05__wd1e-04trmiss0_degmodglobal,8,5e-05,0.0001,0.4,1.0,0.25,0.05,lr5e-05_bs8_drop0p4_temp1p0_a0p25_b0p05__wd1e-04trmiss0_degmodglobal,11,0.6066804272787911,0.733460545539856,0.2222222222222222,0.5879740629740631,0.38461538461538464,0.0,0.603954689843314,0.5744454860687256,0.07283663749694824,0.2805155281509672,0.0,0.0,0.0,0.0,0.0,18473,global,0.0
4,5,lr5e-05_bs8_drop0p4_temp1p0_a0p25_b0p05__wd1e-04trmiss0_degmodglobal,8,5e-05,0.0001,0.4,1.0,0.25,0.05,lr5e-05_bs8_drop0p4_temp1p0_a0p25_b0p05__wd1e-04trmiss0_degmodglobal,12,0.6054622658661434,0.740926593542099,0.19444444444444445,0.5768629518629519,0.46153846153846156,0.0,0.5885492052350726,0.5771559689726148,0.06410968410117286,0.24557765679700033,0.0,0.0,0.0,0.0,0.0,18473,global,0.0
4,5,lr5e-05_bs8_drop0p4_temp1p0_a0p25_b0p05__wd1e-04trmiss0_degmodglobal,8,5e-05,0.0001,0.4,1.0,0.25,0.05,lr5e-05_bs8_drop0p4_temp1p0_a0p25_b0p05__wd1e-04trmiss0_degmodglobal,13,0.5948148369789124,0.7479159533977509,0.19444444444444445,0.5768629518629519,0.38461538461538464,0.0,0.5738250272614616,0.5618818146841866,0.07123331938471113,0.3024939937250955,0.0,0.0,0.0,0.0,0.0,18473,global,0.0
4,5,lr5e-05_bs8_drop0p4_temp1p0_a0p25_b0p05__wd1e-04trmiss0_degmodglobal,8,5e-05,0.0001,0.4,1.0,0.25,0.05,lr5e-05_bs8_drop0p4_temp1p0_a0p25_b0p05__wd1e-04trmiss0_degmodglobal,14,0.6018786600657872,0.7484151124954224,0.19444444444444445,0.5768629518629519,0.38461538461538464,0.0,0.5835276331220355,0.5643434694835118,0.08999306016734668,0.30073839000293184,0.0,0.0,0.0,0.0,0.0,18473,global,0.0
4,5,lr5e-05_bs8_drop0p4_temp1p0_a0p25_b0p05__wd1e-04trmiss0_degmodglobal,8,5e-05,0.0001,0.4,1.0,0.25,0.05,lr5e-05_bs8_drop0p4_temp1p0_a0p25_b0p05__wd1e-04trmiss0_degmodglobal,15,0.5824359059333801,0.7450366914272308,0.16666666666666666,0.5691469024802358,0.38461538461538464,0.0,0.5704056790896824,0.5559169224330357,0.06460679269262723,0.20734582841396332,0.0,0.0,0.0,0.0,0.0,18473,global,0.0
4,5,lr5e-05_bs8_drop0p4_temp1p0_a0p25_b0p05__wd1e-04trmiss0_degmodglobal,8,5e-05,0.0001,0.4,1.0,0.25,0.05,lr5e-05_bs8_drop0p4_temp1p0_a0p25_b0p05__wd1e-04trmiss0_degmodglobal,16,0.6024712920188904,0.733065664768219,0.16666666666666666,0.5691469024802358,0.38461538461538464,0.0,0.6027401259967259,0.5750451513699123,0.06601071677037648,0.21846902583326613,0.0,0.0,0.0,0.0,0.0,18473,global,0.0
4,5,lr5e-05_bs8_drop0p4_temp1p0_a0p25_b0p05__wd1e-04trmiss0_degmodglobal,8,5e-05,0.0001,0.4,1.0,0.25,0.05,lr5e-05_bs8_drop0p4_temp1p0_a0p25_b0p05__wd1e-04trmiss0_degmodglobal,17,0.5908268179212298,0.7305015623569489,0.16666666666666666,0.5691469024802358,0.38461538461538464,0.0,0.5771814158984593,0.5568114519119263,0.08335785142013005,0.26351816739354816,0.0,0.0,0.0,0.0,0.0,18473,global,0.0
4,5,lr5e-05_bs8_drop0p4_temp1p0_a0p25_b0p05__wd1e-04trmiss0_degmodglobal,8,5e-05,0.0001,0.4,1.0,0.25,0.05,lr5e-05_bs8_drop0p4_temp1p0_a0p25_b0p05__wd1e-04trmiss0_degmodglobal,18,0.5915735023362296,0.7442792057991028,0.16666666666666666,0.5691469024802358,0.38461538461538464,0.0,0.5761091496263232,0.5647496666227069,0.06469730819974627,0.21299023074763163,0.0,0.0,0.0,0.0,0.0,18473,global,0.0
4,5,lr5e-05_bs8_drop0p4_temp1p0_a0p25_b0p05__wd1e-04trmiss0_degmodglobal,8,5e-05,0.0001,0.4,1.0,0.25,0.05,lr5e-05_bs8_drop0p4_temp1p0_a0p25_b0p05__wd1e-04trmiss0_degmodglobal,19,0.6025451506887164,0.7583475410938263,0.1111111111111111,0.55327388660722,0.46153846153846156,0.0,0.552458643913269,0.573663558278765,0.06679424696734973,0.24366094172000885,0.0,0.0,0.0,0.0,0.0,18473,global,0.0
4,5,lr5e-05_bs8_drop0p4_temp1p0_a0p25_b0p05__wd1e-04trmiss0_degmodglobal,8,5e-05,0.0001,0.4,1.0,0.25,0.05,lr5e-05_bs8_drop0p4_temp1p0_a0p25_b0p05__wd1e-04trmiss0_degmodglobal,20,0.5753026264054435,0.7638433277606964,0.1111111111111111,0.55327388660722,0.46153846153846156,0.0,0.546431337084089,0.5407598912715912,0.07991499985967364,0.29127986090523855,0.0,0.0,0.0,0.0,0.0,18473,global,0.0
4,5,lr5e-05_bs8_drop0p4_temp1p0_a0p25_b0p05__wd1e-04trmiss0_degmodglobal,8,5e-05,0.0001,0.4,1.0,0.25,0.05,lr5e-05_bs8_drop0p4_temp1p0_a0p25_b0p05__wd1e-04trmiss0_degmodglobal,21,0.6084047130175999,0.773031622171402,0.08333333333333333,0.5458664791998126,0.46153846153846156,0.0,0.5396553916590554,0.5697585940361023,0.09109477911676679,0.31744872140032904,0.0,0.0,0.0,0.0,0.0,18473,global,0.0
4,5,lr5e-05_bs8_drop0p4_temp1p0_a0p25_b0p05__wd1e-04trmiss0_degmodglobal,8,5e-05,0.0001,0.4,1.0,0.25,0.05,lr5e-05_bs8_drop0p4_temp1p0_a0p25_b0p05__wd1e-04trmiss0_degmodglobal,22,0.5905047740255084,0.7790303230285645,0.027777777777777776,0.5180887014220348,0.3076923076923077,0.0,0.5482293282236371,0.5509252122470311,0.09450686935867582,0.3190570580107825,0.0,0.0,0.0,0.0,0.0,18473,global,0.0
4,5,lr5e-05_bs8_drop0p4_temp1p0_a0p25_b0p05__wd1e-04trmiss0_degmodglobal,8,5e-05,0.0001,0.4,1.0,0.25,0.05,lr5e-05_bs8_drop0p4_temp1p0_a0p25_b0p05__wd1e-04trmiss0_degmodglobal,23,0.5749622753688267,0.7801138162612915,0.027777777777777776,0.5180887014220348,0.3076923076923077,0.0,0.5607280135154724,0.5375015224729266,0.09337519641433444,0.2823388874530792,0.0,0.0,0.0,0.0,0.0,18473,global,0.0
4,5,lr5e-05_bs8_drop0p4_temp1p0_a0p25_b0p05__wd1e-04trmiss0_degmodglobal,8,5e-05,0.0001,0.4,1.0,0.25,0.05,lr5e-05_bs8_drop0p4_temp1p0_a0p25_b0p05__wd1e-04trmiss0_degmodglobal,24,0.5729408051286425,0.7836290001869202,0.027777777777777776,0.5180887014220348,0.23076923076923078,0.0,0.5365374599184308,0.5403669008186885,0.07992557968412127,0.25185026228427887,0.0,0.0,0.0,0.0,0.0,18473,global,0.0
4,5,lr5e-05_bs8_drop0p4_temp1p0_a0p25_b0p05__wd1e-04trmiss0_degmodglobal,8,5e-05,0.0001,0.4,1.0,0.25,0.05,lr5e-05_bs8_drop0p4_temp1p0_a0p25_b0p05__wd1e-04trmiss0_degmodglobal,25,0.5960919090679714,0.7822476625442505,0.027777777777777776,0.5180887014220348,0.46153846153846156,0.0,0.5361171662807465,0.5594140206064496,0.0887768343091011,0.28967327943869997,0.0,0.0,0.0,0.0,0.0,18473,global,0.0
4,5,lr5e-05_bs8_drop0p4_temp1p0_a0p25_b0p05__wd1e-04trmiss0_degmodglobal,8,5e-05,0.0001,0.4,1.0,0.25,0.05,lr5e-05_bs8_drop0p4_temp1p0_a0p25_b0p05__wd1e-04trmiss0_degmodglobal,26,0.6034811181681496,0.7794574499130249,0.027777777777777776,0.5180887014220348,0.46153846153846156,0.0,0.5850129127502441,0.5643095757280078,0.08954021121774401,0.33572983528886524,0.0,0.0,0.0,0.0,0.0,18473,global,0.0
4,5,lr5e-05_bs8_drop0p4_temp1p0_a0p25_b0p05__wd1e-04trmiss0_degmodglobal,8,5e-05,0.0001,0.4,1.0,0.25,0.05,lr5e-05_bs8_drop0p4_temp1p0_a0p25_b0p05__wd1e-04trmiss0_degmodglobal,27,0.6134744031088692,0.7741649746894836,0.027777777777777776,0.5180887014220348,0.46153846153846156,0.0,0.5612446027142661,0.5727017521858215,0.09805121113147054,0.32519710063934326,0.0,0.0,0.0,0.0,0.0,18473,global,0.0
4,5,lr5e-05_bs8_drop0p4_temp1p0_a0p25_b0p05__wd1e-04trmiss0_degmodglobal,8,5e-05,0.0001,0.4,1.0,0.25,0.05,lr5e-05_bs8_drop0p4_temp1p0_a0p25_b0p05__wd1e-04trmiss0_degmodglobal,28,0.5532381023679461,0.7637086510658264,0.05555555555555555,0.5273479606812941,0.46153846153846156,0.0,0.5147096472127097,0.5207350764955793,0.08009762849126544,0.24957212592874253,0.0,0.0,0.0,0.0,0.0,18473,global,0.0
4,5,lr5e-05_bs8_drop0p4_temp1p0_a0p25_b0p05__wd1e-04trmiss0_degmodglobal,8,5e-05,0.0001,0.4,1.0,0.25,0.05,lr5e-05_bs8_drop0p4_temp1p0_a0p25_b0p05__wd1e-04trmiss0_degmodglobal,29,0.5971622041293553,0.7654564678668976,0.1111111111111111,0.5426918760252093,0.46153846153846156,0.0,0.5184692910739354,0.5600469410419464,0.09280675330332347,0.2782714771372931,0.0,0.0,0.0,0.0,0.0,18473,global,0.0
4,5,lr5e-05_bs8_drop0p4_temp1p0_a0p25_b0p05__wd1e-04trmiss0_degmodglobal,8,5e-05,0.0001,0.4,1.0,0.25,0.05,lr5e-05_bs8_drop0p4_temp1p0_a0p25_b0p05__wd1e-04trmiss0_degmodglobal,30,0.5771790359701429,0.7626614272594452,0.1388888888888889,0.5506283839617172,0.46153846153846156,0.0,0.5130369748388018,0.5443336495331356,0.07769277319312096,0.26844398251601626,0.0,0.0,0.0,0.0,0.0,18473,global,0.0
4,5,lr5e-05_bs8_drop0p4_temp1p0_a0p25_b0p05__wd1e-04trmiss0_degmodglobal,8,5e-05,0.0001,0.4,1.0,0.25,0.05,lr5e-05_bs8_drop0p4_temp1p0_a0p25_b0p05__wd1e-04trmiss0_degmodglobal,31,0.5710937976837158,0.764654129743576,0.1388888888888889,0.5506283839617172,0.38461538461538464,0.0,0.5464937601770673,0.5378261932304927,0.08428509959152766,0.24392650169985636,0.0,0.0,0.0,0.0,0.0,18473,global,0.0
4,5,lr5e-05_bs8_drop0p4_temp2p0_a0p25_b0p05__wd1e-04trmiss0_degmodglobal,8,5e-05,0.0001,0.4,2.0,0.25,0.05,lr5e-05_bs8_drop0p4_temp2p0_a0p25_b0p05__wd1e-04trmiss0_degmodglobal,1,0.6934314029557365,0.6988955140113831,0.75,0.8909171075837743,0.5384615384615384,0.0,0.7632689476013184,0.6647981575557164,0.07268968437399183,0.20921629241534642,0.0,0.0,0.0,0.0,0.0,18473,global,0.0
4,5,lr5e-05_bs8_drop0p4_temp2p0_a0p25_b0p05__wd1e-04trmiss0_degmodglobal,8,5e-05,0.0001,0.4,2.0,0.25,0.05,lr5e-05_bs8_drop0p4_temp2p0_a0p25_b0p05__wd1e-04trmiss0_degmodglobal,2,0.692855179309845,0.6877522170543671,0.8055555555555556,0.9092953342953345,0.6153846153846154,0.0,0.7056909203529358,0.6706638847078595,0.05118146166205406,0.1879186172570501,0.0,0.0,0.0,0.0,0.0,18473,global,0.0
4,5,lr5e-05_bs8_drop0p4_temp2p0_a0p25_b0p05__wd1e-04trmiss0_degmodglobal,8,5e-05,0.0001,0.4,2.0,0.25,0.05,lr5e-05_bs8_drop0p4_temp2p0_a0p25_b0p05__wd1e-04trmiss0_degmodglobal,3,0.6923824122973851,0.6915442645549774,0.7777777777777778,0.8984928651595319,0.5384615384615384,0.0,0.6938169939177377,0.656080995287214,0.09458794391580991,0.2530889223728861,0.0,0.0,0.0,0.0,0.0,18473,global,0.0
4,5,lr5e-05_bs8_drop0p4_temp2p0_a0p25_b0p05__wd1e-04trmiss0_degmodglobal,8,5e-05,0.0001,0.4,2.0,0.25,0.05,lr5e-05_bs8_drop0p4_temp2p0_a0p25_b0p05__wd1e-04trmiss0_degmodglobal,4,0.6632268003055027,0.7071627676486969,0.7222222222222221,0.8686948853615521,0.46153846153846156,0.0,0.6753290891647339,0.6348535588809422,0.07350189824189458,0.19995512068271637,0.0,0.0,0.0,0.0,0.0,18473,global,0.0
4,5,lr5e-05_bs8_drop0p4_temp2p0_a0p25_b0p05__wd1e-04trmiss0_degmodglobal,8,5e-05,0.0001,0.4,2.0,0.25,0.05,lr5e-05_bs8_drop0p4_temp2p0_a0p25_b0p05__wd1e-04trmiss0_degmodglobal,5,0.6847262041909354,0.7086193561553955,0.6388888888888888,0.8287477954144622,0.46153846153846156,0.0,0.6263388821056911,0.6599804162979126,0.06467195387397494,0.17155613218035018,0.0,0.0,0.0,0.0,0.0,18473,global,0.0
4,5,lr5e-05_bs8_drop0p4_temp2p0_a0p25_b0p05__wd1e-04trmiss0_degmodglobal,8,5e-05,0.0001,0.4,2.0,0.25,0.05,lr5e-05_bs8_drop0p4_temp2p0_a0p25_b0p05__wd1e-04trmiss0_degmodglobal,6,0.6606578230857849,0.7127088010311127,0.6944444444444444,0.8657848324514992,0.5384615384615384,0.0,0.6421896900449481,0.6395769459860665,0.05439596090997968,0.14963755490524427,0.0,0.0,0.0,0.0,0.0,18473,global,0.0
4,5,lr5e-05_bs8_drop0p4_temp2p0_a0p25_b0p05__wd1e-04trmiss0_degmodglobal,8,5e-05,0.0001,0.4,2.0,0.25,0.05,lr5e-05_bs8_drop0p4_temp2p0_a0p25_b0p05__wd1e-04trmiss0_degmodglobal,7,0.6847233772277832,0.708221048116684,0.6944444444444444,0.8657848324514992,0.6153846153846154,0.0,0.6121274914060321,0.6546730313982282,0.07986109810216087,0.20170138137681143,0.0,0.0,0.0,0.0,0.0,18473,global,0.0
4,5,lr5e-05_bs8_drop0p4_temp2p0_a0p25_b0p05__wd1e-04trmiss0_degmodglobal,8,5e-05,0.0001,0.4,2.0,0.25,0.05,lr5e-05_bs8_drop0p4_temp2p0_a0p25_b0p05__wd1e-04trmiss0_degmodglobal,8,0.6662604127611432,0.725307047367096,0.5555555555555556,0.7778930945597613,0.46153846153846156,0.0,0.633979720728738,0.6327989952904838,0.07942478358745575,0.27210421168378424,0.0,0.0,0.0,0.0,0.0,18473,global,0.0
4,5,lr5e-05_bs8_drop0p4_temp2p0_a0p25_b0p05__wd1e-04trmiss0_degmodglobal,8,5e-05,0.0001,0.4,2.0,0.25,0.05,lr5e-05_bs8_drop0p4_temp2p0_a0p25_b0p05__wd1e-04trmiss0_degmodglobal,9,0.6669305733272007,0.7267402410507202,0.5277777777777777,0.7698122864789532,0.46153846153846156,0.0,0.6334054895809719,0.6271991218839373,0.09645288863352366,0.3123644968228681,0.0,0.0,0.0,0.0,0.0,18473,global,0.0
4,5,lr5e-05_bs8_drop0p4_temp2p0_a0p25_b0p05__wd1e-04trmiss0_degmodglobal,8,5e-05,0.0001,0.4,2.0,0.25,0.05,lr5e-05_bs8_drop0p4_temp2p0_a0p25_b0p05__wd1e-04trmiss0_degmodglobal,10,0.6571855800492423,0.7128017842769623,0.6666666666666666,0.8503798670465339,0.5384615384615384,0.0,0.5874214087213788,0.623690528529031,0.08620817107813698,0.23886021971702576,0.0,0.0,0.0,0.0,0.0,18473,global,0.0
4,5,lr5e-05_bs8_drop0p4_temp2p0_a0p25_b0p05__wd1e-04trmiss0_degmodglobal,8,5e-05,0.0001,0.4,2.0,0.25,0.05,lr5e-05_bs8_drop0p4_temp2p0_a0p25_b0p05__wd1e-04trmiss0_degmodglobal,11,0.6321021403585162,0.710157036781311,0.6666666666666666,0.8503798670465339,0.5384615384615384,0.0,0.5816035951886859,0.6018477082252502,0.08846016653946467,0.1627879153404917,0.0,0.0,0.0,0.0,0.0,18473,global,0.0
4,5,lr5e-05_bs8_drop0p4_temp2p0_a0p25_b0p05__wd1e-04trmiss0_degmodglobal,8,5e-05,0.0001,0.4,2.0,0.25,0.05,lr5e-05_bs8_drop0p4_temp2p0_a0p25_b0p05__wd1e-04trmiss0_degmodglobal,12,0.6507231593132019,0.7059455215930939,0.6944444444444444,0.8622846289512958,0.5384615384615384,0.0,0.5633854568004608,0.6177155545779637,0.08746175787278584,0.22284356078931264,0.0,0.0,0.0,0.0,0.0,18473,global,0.0
4,5,lr5e-05_bs8_drop0p4_temp2p0_a0p25_b0p05__wd1e-04trmiss0_degmodglobal,8,5e-05,0.0001,0.4,2.0,0.25,0.05,lr5e-05_bs8_drop0p4_temp2p0_a0p25_b0p05__wd1e-04trmiss0_degmodglobal,13,0.634086012840271,0.7098266780376434,0.7222222222222221,0.8845068511735179,0.5384615384615384,0.0,0.6072818125997271,0.6097863146236965,0.06297534278460912,0.17111699070249284,0.0,0.0,0.0,0.0,0.0,18473,global,0.0
4,5,lr5e-05_bs8_drop0p4_temp2p0_a0p25_b0p05__wd1e-04trmiss0_degmodglobal,8,5e-05,0.0001,0.4,2.0,0.25,0.05,lr5e-05_bs8_drop0p4_temp2p0_a0p25_b0p05__wd1e-04trmiss0_degmodglobal,14,0.6606917721884591,0.7110958099365234,0.75,0.8953093203093205,0.46153846153846156,0.0,0.6149189046451023,0.625474750995636,0.09657649163688932,0.22145812532731465,0.0,0.0,0.0,0.0,0.0,18473,global,0.0
4,5,lr5e-05_bs8_drop0p4_temp2p0_a0p25_b0p05__wd1e-04trmiss0_degmodglobal,8,5e-05,0.0001,0.4,2.0,0.25,0.05,lr5e-05_bs8_drop0p4_temp2p0_a0p25_b0p05__wd1e-04trmiss0_degmodglobal,15,0.6394598143441337,0.7138410210609436,0.75,0.8953093203093205,0.46153846153846156,0.0,0.5695529750415257,0.602924644947052,0.09916080002273832,0.2348995187452861,0.0,0.0,0.0,0.0,0.0,18473,global,0.0
4,5,lr5e-05_bs8_drop0p4_temp2p0_a0p25_b0p05__wd1e-04trmiss0_degmodglobal,8,5e-05,0.0001,0.4,2.0,0.25,0.05,lr5e-05_bs8_drop0p4_temp2p0_a0p25_b0p05__wd1e-04trmiss0_degmodglobal,16,0.6291834967476981,0.7111470103263855,0.6944444444444444,0.8453093203093205,0.46153846153846156,0.0,0.5323585655008044,0.5931277275085449,0.10113017899649483,0.21546439294304168,0.0,0.0,0.0,0.0,0.0,18473,global,0.0
4,5,lr5e-05_bs8_drop0p4_temp2p0_a0p25_b0p05__wd1e-04trmiss0_degmodglobal,8,5e-05,0.0001,0.4,2.0,0.25,0.05,lr5e-05_bs8_drop0p4_temp2p0_a0p25_b0p05__wd1e-04trmiss0_degmodglobal,17,0.6816104309899467,0.7128820419311523,0.6666666666666666,0.8503798670465339,0.46153846153846156,0.0,0.5554237025124686,0.6349308746201652,0.12034343502351216,0.3318739980459213,0.0,0.0,0.0,0.0,0.0,18473,global,0.0
4,5,lr5e-05_bs8_drop0p4_temp2p0_a0p25_b0p05__wd1e-04trmiss0_degmodglobal,8,5e-05,0.0001,0.4,2.0,0.25,0.05,lr5e-05_bs8_drop0p4_temp2p0_a0p25_b0p05__wd1e-04trmiss0_degmodglobal,18,0.6455933111054557,0.7130330204963684,0.6666666666666666,0.8345068511735179,0.38461538461538464,0.0,0.5509815471512931,0.6164470740727016,0.07528998436672348,0.20647512695619039,0.0,0.0,0.0,0.0,0.0,18473,global,0.0
4,5,lr5e-05_bs8_drop0p4_temp2p0_a0p25_b0p05__wd1e-04trmiss0_degmodglobal,8,5e-05,0.0001,0.4,2.0,0.25,0.05,lr5e-05_bs8_drop0p4_temp2p0_a0p25_b0p05__wd1e-04trmiss0_degmodglobal,19,0.6401748316628593,0.7156780660152435,0.6666666666666666,0.8345068511735179,0.46153846153846156,0.0,0.5643543771335057,0.6079683303833008,0.0825214327446052,0.23152287091527665,0.0,0.0,0.0,0.0,0.0,18473,global,0.0
4,5,lr5e-05_bs8_drop0p4_temp2p0_a0p25_b0p05__wd1e-04trmiss0_degmodglobal,8,5e-05,0.0001,0.4,2.0,0.25,0.05,lr5e-05_bs8_drop0p4_temp2p0_a0p25_b0p05__wd1e-04trmiss0_degmodglobal,20,0.6410904015813556,0.7169007658958435,0.6666666666666666,0.8345068511735179,0.46153846153846156,0.0,0.5808243070329938,0.6039663553237915,0.091249232845647,0.2862346278769629,0.0,0.0,0.0,0.0,0.0,18473,global,0.0
4,5,lr5e-05_bs8_drop0p4_temp2p0_a0p25_b0p05__wd1e-04trmiss0_degmodglobal,8,5e-05,0.0001,0.4,2.0,0.25,0.05,lr5e-05_bs8_drop0p4_temp2p0_a0p25_b0p05__wd1e-04trmiss0_degmodglobal,21,0.6385483826909747,0.7151794731616974,0.75,0.8794973544973546,0.46153846153846156,0.0,0.5371210149356297,0.6039943013872419,0.08653730154037476,0.25839489166225704,0.0,0.0,0.0,0.0,0.0,18473,global,0.0
4,5,lr5e-05_bs8_drop0p4_temp2p0_a0p25_b0p05__wd1e-04trmiss0_degmodglobal,8,5e-05,0.0001,0.4,2.0,0.25,0.05,lr5e-05_bs8_drop0p4_temp2p0_a0p25_b0p05__wd1e-04trmiss0_degmodglobal,22,0.6206483244895935,0.7189564406871796,0.7777777777777777,0.9017195767195769,0.46153846153846156,0.0,0.5706046393939427,0.5922437395368304,0.07610087841749191,0.18758732612643922,0.0,0.0,0.0,0.0,0.0,18473,global,0.0
4,5,lr5e-05_bs8_drop0p4_temp2p0_a0p25_b0p05__wd1e-04trmiss0_degmodglobal,8,5e-05,0.0001,0.4,2.0,0.25,0.05,lr5e-05_bs8_drop0p4_temp2p0_a0p25_b0p05__wd1e-04trmiss0_degmodglobal,23,0.638776992048536,0.7154782712459564,0.75,0.8909171075837743,0.5384615384615384,0.0,0.5150823039667947,0.5996565648487636,0.10066837178809303,0.2790667659470013,0.0,0.0,0.0,0.0,0.0,18473,global,0.0
4,5,lr5e-05_bs8_drop0p4_temp2p0_a0p25_b0p05__wd1e-04trmiss0_degmodglobal,8,5e-05,0.0001,0.4,2.0,0.25,0.05,lr5e-05_bs8_drop0p4_temp2p0_a0p25_b0p05__wd1e-04trmiss0_degmodglobal,24,0.6151072297777448,0.711956262588501,0.75,0.8909171075837743,0.6153846153846154,0.0,0.5442173949309758,0.5840199419430324,0.08744912009154047,0.1845004005091531,0.0,0.0,0.0,0.0,0.0,18473,global,0.0
4,5,lr5e-05_bs8_drop0p4_temp2p0_a0p25_b0p05__wd1e-04trmiss0_degmodglobal,8,5e-05,0.0001,0.4,2.0,0.25,0.05,lr5e-05_bs8_drop0p4_temp2p0_a0p25_b0p05__wd1e-04trmiss0_degmodglobal,25,0.6027620690209525,0.7109625339508057,0.75,0.8794973544973546,0.5384615384615384,0.0,0.5216315942151206,0.5672986337116787,0.0916974086846624,0.2507816542472158,0.0,0.0,0.0,0.0,0.0,18473,global,0.0
4,5,lr5e-05_bs8_drop0p4_temp2p0_a0p25_b0p05__wd1e-04trmiss0_degmodglobal,8,5e-05,0.0001,0.4,2.0,0.25,0.05,lr5e-05_bs8_drop0p4_temp2p0_a0p25_b0p05__wd1e-04trmiss0_degmodglobal,26,0.6247479064123971,0.7097665965557098,0.7222222222222221,0.8686948853615521,0.46153846153846156,0.0,0.511801906994411,0.58331698179245,0.11480184218713216,0.25460927401270184,0.0,0.0,0.0,0.0,0.0,18473,global,0.0
4,5,lr5e-05_bs8_drop0p4_temp2p0_a0p25_b0p05__wd1e-04trmiss0_degmodglobal,8,5e-05,0.0001,0.4,2.0,0.25,0.05,lr5e-05_bs8_drop0p4_temp2p0_a0p25_b0p05__wd1e-04trmiss0_degmodglobal,27,0.6631082807268415,0.7112255692481995,0.7222222222222222,0.8517195767195769,0.38461538461538464,0.0,0.5169750664915357,0.6158689090183803,0.1209070932652269,0.3402519311223711,0.0,0.0,0.0,0.0,0.0,18473,global,0.0
4,5,lr5e-05_bs8_drop0p4_temp2p0_a0p25_b0p05__wd1e-04trmiss0_degmodglobal,8,5e-05,0.0001,0.4,2.0,0.25,0.05,lr5e-05_bs8_drop0p4_temp2p0_a0p25_b0p05__wd1e-04trmiss0_degmodglobal,28,0.604556679725647,0.7117029428482056,0.7222222222222221,0.8686948853615521,0.46153846153846156,0.0,0.5430729559489659,0.57154038974217,0.0862031520477363,0.22930978557893208,0.0,0.0,0.0,0.0,0.0,18473,global,0.0
4,5,lr5e-05_bs8_drop0p4_temp2p0_a0p25_b0p05__wd1e-04trmiss0_degmodglobal,8,5e-05,0.0001,0.4,2.0,0.25,0.05,lr5e-05_bs8_drop0p4_temp2p0_a0p25_b0p05__wd1e-04trmiss0_degmodglobal,29,0.6202489989144462,0.7105498611927032,0.7222222222222221,0.8686948853615521,0.5384615384615384,0.0,0.5018193849495479,0.5822484748704093,0.0983664435999734,0.2681783671889986,0.0,0.0,0.0,0.0,0.0,18473,global,0.0
4,5,lr5e-05_bs8_drop0p4_temp2p0_a0p25_b0p05__wd1e-04trmiss0_degmodglobal,8,5e-05,0.0001,0.4,2.0,0.25,0.05,lr5e-05_bs8_drop0p4_temp2p0_a0p25_b0p05__wd1e-04trmiss0_degmodglobal,30,0.6425701294626508,0.7135302126407623,0.6944444444444444,0.8409171075837742,0.5384615384615384,0.0,0.5790846390383584,0.6099963443619865,0.0832331356193338,0.2353098722440856,0.0,0.0,0.0,0.0,0.0,18473,global,0.0
4,5,lr5e-05_bs8_drop0p4_temp2p0_a0p25_b0p05__wd1e-04trmiss0_degmodglobal,8,5e-05,0.0001,0.4,2.0,0.25,0.05,lr5e-05_bs8_drop0p4_temp2p0_a0p25_b0p05__wd1e-04trmiss0_degmodglobal,31,0.6443786535944257,0.7088263928890228,0.75,0.8909171075837743,0.5384615384615384,0.0,0.5169034898281097,0.6030632172312055,0.10354901371257645,0.3085635134152004,0.0,0.0,0.0,0.0,0.0,18473,global,0.0
4,5,lr5e-05_bs8_drop0p4_temp2p0_a0p25_b0p05__wd1e-04trmiss0_degmodglobal,8,5e-05,0.0001,0.4,2.0,0.25,0.05,lr5e-05_bs8_drop0p4_temp2p0_a0p25_b0p05__wd1e-04trmiss0_degmodglobal,32,0.6099521773202079,0.7083403766155243,0.75,0.8909171075837743,0.6153846153846154,0.0,0.5170347137110574,0.5776469622339521,0.08922166164432253,0.19999616805996215,0.0,0.0,0.0,0.0,0.0,18473,global,0.0
4,5,lr5e-05_bs8_drop0p4_temp2p0_a0p25_b0p05__wd1e-04trmiss0_degmodglobal,8,5e-05,0.0001,0.4,2.0,0.25,0.05,lr5e-05_bs8_drop0p4_temp2p0_a0p25_b0p05__wd1e-04trmiss0_degmodglobal,33,0.6287242088999067,0.7107339799404144,0.75,0.8909171075837743,0.6153846153846154,0.0,0.5079594509942191,0.5933478900364467,0.0925191699394158,0.2449305738721575,0.0,0.0,0.0,0.0,0.0,18473,global,0.0
4,5,lr5e-05_bs8_drop0p4_temp2p0_a0p25_b0p05__wd1e-04trmiss0_degmodglobal,8,5e-05,0.0001,0.4,2.0,0.25,0.05,lr5e-05_bs8_drop0p4_temp2p0_a0p25_b0p05__wd1e-04trmiss0_degmodglobal,34,0.618718181337629,0.7130272090435028,0.7222222222222221,0.8686948853615521,0.5384615384615384,0.0,0.5116594008037022,0.5850027629307338,0.08931993586676461,0.2277086079120636,0.0,0.0,0.0,0.0,0.0,18473,global,0.0
4,5,lr5e-05_bs8_drop0p4_temp2p0_a0p25_b0p05__wd1e-04trmiss0_degmodglobal,8,5e-05,0.0001,0.4,2.0,0.25,0.05,lr5e-05_bs8_drop0p4_temp2p0_a0p25_b0p05__wd1e-04trmiss0_degmodglobal,35,0.6435717429433551,0.7096493244171143,0.7777777777777777,0.9094356261022929,0.6153846153846154,0.0,0.5340392972741809,0.600290025983538,0.11684613887752805,0.2814035639166832,0.0,0.0,0.0,0.0,0.0,18473,global,0.0
4,5,lr5e-05_bs8_drop0p4_temp2p0_a0p25_b0p05__wd1e-04trmiss0_degmodglobal,8,5e-05,0.0001,0.4,2.0,0.25,0.05,lr5e-05_bs8_drop0p4_temp2p0_a0p25_b0p05__wd1e-04trmiss0_degmodglobal,36,0.6366230079105922,0.7058442831039429,0.7777777777777777,0.9094356261022929,0.6153846153846154,0.0,0.5051059084279197,0.5979310955320086,0.09895459988287517,0.2790653354355267,0.0,0.0,0.0,0.0,0.0,18473,global,0.0
4,5,lr5e-05_bs8_drop0p4_temp2p0_a0p25_b0p05__wd1e-04trmiss0_degmodglobal,8,5e-05,0.0001,0.4,2.0,0.25,0.05,lr5e-05_bs8_drop0p4_temp2p0_a0p25_b0p05__wd1e-04trmiss0_degmodglobal,37,0.6294294766017369,0.7080383598804474,0.75,0.8909171075837743,0.6153846153846154,0.0,0.5405840618269784,0.6001300045422145,0.08112603851727077,0.1803594029375485,0.0,0.0,0.0,0.0,0.0,18473,global,0.0
4,5,lr5e-05_bs8_drop0p4_temp2p0_a0p25_b0p05__wd1e-04trmiss0_degmodglobal,8,5e-05,0.0001,0.4,2.0,0.25,0.05,lr5e-05_bs8_drop0p4_temp2p0_a0p25_b0p05__wd1e-04trmiss0_degmodglobal,38,0.6502690400396075,0.7110008001327515,0.75,0.8909171075837743,0.6153846153846154,0.0,0.5141337599073138,0.6106574365070888,0.1105169201535838,0.23964740761688777,0.0,0.0,0.0,0.0,0.0,18473,global,0.0
4,5,lr5e-05_bs8_drop0p4_temp2p0_a0p25_b0p05__wd1e-04trmiss0_degmodglobal,8,5e-05,0.0001,0.4,2.0,0.25,0.05,lr5e-05_bs8_drop0p4_temp2p0_a0p25_b0p05__wd1e-04trmiss0_degmodglobal,39,0.6622411438396999,0.7125119864940643,0.6944444444444444,0.8622846289512958,0.6153846153846154,0.0,0.4935585515839713,0.5908944266183036,0.17908308335712977,0.5315188893250057,0.0,0.0,0.0,0.0,0.0,18473,global,0.0
4,5,lr5e-05_bs8_drop0p4_temp2p0_a0p25_b0p05__wd1e-04trmiss0_degmodglobal,8,5e-05,0.0001,0.4,2.0,0.25,0.05,lr5e-05_bs8_drop0p4_temp2p0_a0p25_b0p05__wd1e-04trmiss0_degmodglobal,40,0.6138999206679208,0.7146696448326111,0.7222222222222221,0.8686948853615521,0.5384615384615384,0.0,0.5443449020385742,0.574136461530413,0.1067640408873558,0.2614492816584451,0.0,0.0,0.0,0.0,0.0,18473,global,0.0
4,5,lr5e-05_bs8_drop0p4_temp2p0_a0p25_b0p05__wd1e-04trmiss0_degmodglobal,8,5e-05,0.0001,0.4,2.0,0.25,0.05,lr5e-05_bs8_drop0p4_temp2p0_a0p25_b0p05__wd1e-04trmiss0_degmodglobal,41,0.6651159865515572,0.70949587225914,0.75,0.8909171075837743,0.6153846153846154,0.0,0.5211791949612754,0.6258169412612915,0.10044582294566291,0.28375159416879925,0.0,0.0,0.0,0.0,0.0,18473,global,0.0
4,5,lr5e-05_bs8_drop0p4_temp2p0_a0p25_b0p05__wd1e-04trmiss0_degmodglobal,8,5e-05,0.0001,0.4,2.0,0.25,0.05,lr5e-05_bs8_drop0p4_temp2p0_a0p25_b0p05__wd1e-04trmiss0_degmodglobal,42,0.616477004119328,0.7105186581611633,0.7222222222222221,0.8686948853615521,0.6923076923076923,0.0,0.5170697442122868,0.580395655972617,0.09833908400365285,0.2299317717552185,0.0,0.0,0.0,0.0,0.0,18473,global,0.0
4,5,lr5e-05_bs8_drop0p4_temp2p0_a0p25_b0p05__wd1e-04trmiss0_degmodglobal,8,5e-05,0.0001,0.4,2.0,0.25,0.05,lr5e-05_bs8_drop0p4_temp2p0_a0p25_b0p05__wd1e-04trmiss0_degmodglobal,43,0.6526170798710415,0.7120101451873779,0.7222222222222221,0.8686948853615521,0.6153846153846154,0.0,0.5343264213630131,0.6152609246117728,0.09827217353241784,0.25576249776141985,0.0,0.0,0.0,0.0,0.0,18473,global,0.0
4,5,lr5e-05_bs8_drop0p4_temp2p0_a0p25_b0p05__wd1e-04trmiss0_degmodglobal,8,5e-05,0.0001,0.4,2.0,0.25,0.05,lr5e-05_bs8_drop0p4_temp2p0_a0p25_b0p05__wd1e-04trmiss0_degmodglobal,44,0.616027797971453,0.7188182175159454,0.6944444444444444,0.8409171075837742,0.38461538461538464,0.0,0.5037473823343005,0.5722663147108895,0.11130876519850322,0.3186859520418303,0.0,0.0,0.0,0.0,0.0,18473,global,0.0
4,5,lr5e-05_bs8_drop0p4_temp2p0_a0p25_b0p05__wd1e-04trmiss0_degmodglobal,8,5e-05,0.0001,0.4,2.0,0.25,0.05,lr5e-05_bs8_drop0p4_temp2p0_a0p25_b0p05__wd1e-04trmiss0_degmodglobal,45,0.6370432036263602,0.712946206331253,0.6944444444444444,0.8409171075837742,0.46153846153846156,0.0,0.5167313516139984,0.6004005159650531,0.09730853353227888,0.2463112814085824,0.0,0.0,0.0,0.0,0.0,18473,global,0.0
4,5,lr5e-05_bs8_drop0p4_temp2p0_a0p25_b0p05__wd1e-04trmiss0_degmodglobal,8,5e-05,0.0001,0.4,2.0,0.25,0.05,lr5e-05_bs8_drop0p4_temp2p0_a0p25_b0p05__wd1e-04trmiss0_degmodglobal,46,0.6568154862948826,0.7178795635700226,0.6666666666666666,0.8345068511735179,0.38461538461538464,0.0,0.49796636189733234,0.6027959755488804,0.1376870029738971,0.3919551968574524,0.0,0.0,0.0,0.0,0.0,18473,global,0.0
4,5,lr5e-05_bs8_drop0p4_temp2p0_a0p25_b0p05__wd1e-04trmiss0_degmodglobal,8,5e-05,0.0001,0.4,2.0,0.25,0.05,lr5e-05_bs8_drop0p4_temp2p0_a0p25_b0p05__wd1e-04trmiss0_degmodglobal,47,0.6252069047519139,0.710139811038971,0.6944444444444444,0.8622846289512958,0.5384615384615384,0.0,0.4811981235231672,0.5820397479193551,0.11575486830302648,0.2845689079591206,0.0,0.0,0.0,0.0,0.0,18473,global,0.0
4,5,lr5e-05_bs8_drop0p4_temp2p0_a0p25_b0p05__wd1e-04trmiss0_degmodglobal,8,5e-05,0.0001,0.4,2.0,0.25,0.05,lr5e-05_bs8_drop0p4_temp2p0_a0p25_b0p05__wd1e-04trmiss0_degmodglobal,48,0.6267534238951546,0.7099794745445251,0.7222222222222221,0.8845068511735179,0.6153846153846154,0.0,0.4992035797664097,0.5878554497446332,0.1025091287280832,0.2654139314379011,0.0,0.0,0.0,0.0,0.0,18473,global,0.0
4,5,lr5e-05_bs8_drop0p4_temp2p0_a0p25_b0p05__wd1e-04trmiss0_degmodglobal,8,5e-05,0.0001,0.4,2.0,0.25,0.05,lr5e-05_bs8_drop0p4_temp2p0_a0p25_b0p05__wd1e-04trmiss0_degmodglobal,49,0.6322900482586452,0.7084563672542572,0.6944444444444444,0.8622846289512958,0.5384615384615384,0.0,0.48068754587854656,0.580914386681148,0.13308426418474742,0.3620915540627071,0.0,0.0,0.0,0.0,0.0,18473,global,0.0
4,5,lr5e-05_bs8_drop0p4_temp2p0_a0p25_b0p05__wd1e-04trmiss0_degmodglobal,8,5e-05,0.0001,0.4,2.0,0.25,0.05,lr5e-05_bs8_drop0p4_temp2p0_a0p25_b0p05__wd1e-04trmiss0_degmodglobal,50,0.6482906852449689,0.7075985372066498,0.6944444444444444,0.8409171075837742,0.6923076923076923,0.0,0.4612953748021807,0.581856736115047,0.17291752568313054,0.4640912796769823,0.0,0.0,0.0,0.0,0.0,18473,global,0.0
4,5,lr5e-05_bs8_drop0p4_temp2p0_a0p25_b0p05__wd1e-04trmiss0_degmodglobal,8,5e-05,0.0001,0.4,2.0,0.25,0.05,lr5e-05_bs8_drop0p4_temp2p0_a0p25_b0p05__wd1e-04trmiss0_degmodglobal,51,0.6327690737588065,0.7107037007808685,0.6944444444444444,0.8409171075837742,0.6153846153846154,0.0,0.48885720542498995,0.5843190380505153,0.13064850653920854,0.3157584166952542,0.0,0.0,0.0,0.0,0.0,18473,global,0.0
4,5,lr5e-05_bs8_drop0p4_temp2p0_a0p25_b0p05__wd1e-04trmiss0_degmodglobal,8,5e-05,0.0001,0.4,2.0,0.25,0.05,lr5e-05_bs8_drop0p4_temp2p0_a0p25_b0p05__wd1e-04trmiss0_degmodglobal,52,0.6325509463037763,0.7133463621139526,0.6944444444444444,0.8409171075837742,0.5384615384615384,0.0,0.4940236679145268,0.5905765465327671,0.10887502027409417,0.29511294780032976,0.0,0.0,0.0,0.0,0.0,18473,global,0.0
4,5,lr5e-05_bs8_drop0p4_temp2p0_a0p25_b0p05__wd1e-04trmiss0_degmodglobal,8,5e-05,0.0001,0.4,2.0,0.25,0.05,lr5e-05_bs8_drop0p4_temp2p0_a0p25_b0p05__wd1e-04trmiss0_degmodglobal,53,0.6134930763925824,0.711091548204422,0.6666666666666666,0.8345068511735179,0.6153846153846154,0.0,0.4965849646500179,0.5682068296841213,0.11433034443429538,0.3340731816632407,0.0,0.0,0.0,0.0,0.0,18473,global,0.0
4,5,lr5e-05_bs8_drop0p4_temp2p0_a0p25_b0p05__wd1e-04trmiss0_degmodglobal,8,5e-05,0.0001,0.4,2.0,0.25,0.05,lr5e-05_bs8_drop0p4_temp2p0_a0p25_b0p05__wd1e-04trmiss0_degmodglobal,54,0.6282006246703011,0.7088976204395294,0.6666666666666666,0.8345068511735179,0.6923076923076923,0.0,0.48001655084746225,0.5741177541869027,0.14028509280511312,0.3802316848720823,0.0,0.0,0.0,0.0,0.0,18473,global,0.0
4,5,lr5e-05_bs8_drop0p4_temp2p0_a0p25_b0p05__wd1e-04trmiss0_degmodglobal,8,5e-05,0.0001,0.4,2.0,0.25,0.05,lr5e-05_bs8_drop0p4_temp2p0_a0p25_b0p05__wd1e-04trmiss0_degmodglobal,55,0.6254924961498806,0.7150895297527313,0.6666666666666666,0.8345068511735179,0.5384615384615384,0.0,0.4772641829081944,0.5768242137772697,0.13104336176599776,0.31814909832818167,0.0,0.0,0.0,0.0,0.0,18473,global,0.0
4,5,lr5e-05_bs8_drop0p4_temp2p0_a0p25_b0p05__wd1e-04trmiss0_degmodglobal,8,5e-05,0.0001,0.4,2.0,0.25,0.05,lr5e-05_bs8_drop0p4_temp2p0_a0p25_b0p05__wd1e-04trmiss0_degmodglobal,56,0.6150025640215192,0.7137040793895721,0.6666666666666666,0.8345068511735179,0.6153846153846154,0.0,0.48435263122831074,0.5649341600281852,0.13262576556631497,0.33823915464537485,0.0,0.0,0.0,0.0,0.0,18473,global,0.0
4,5,lr1e-05_bs8_drop0p2_temp1p0_a0p25_b0p05__wd1e-04trmiss0_degmodglobal,8,1e-05,0.0001,0.2,1.0,0.25,0.05,lr1e-05_bs8_drop0p2_temp1p0_a0p25_b0p05__wd1e-04trmiss0_degmodglobal,1,0.7158567564828056,0.6475753486156464,0.6666666666666666,0.7591269841269842,0.7692307692307693,0.0,0.7157011713300433,0.7056760106767926,0.02407437496419464,0.08324296027421951,0.0,0.0,0.0,0.0,0.0,18473,global,0.0
4,5,lr1e-05_bs8_drop0p2_temp1p0_a0p25_b0p05__wd1e-04trmiss0_degmodglobal,8,1e-05,0.0001,0.2,1.0,0.25,0.05,lr1e-05_bs8_drop0p2_temp1p0_a0p25_b0p05__wd1e-04trmiss0_degmodglobal,2,0.7239526510238647,0.6585548520088196,0.6666666666666666,0.7591269841269842,0.6923076923076923,0.0,0.7017981920923505,0.712831437587738,0.026813107675739696,0.0883586337523801,0.0,0.0,0.0,0.0,0.0,18473,global,0.0
4,5,lr1e-05_bs8_drop0p2_temp1p0_a0p25_b0p05__wd1e-04trmiss0_degmodglobal,8,1e-05,0.0001,0.2,1.0,0.25,0.05,lr1e-05_bs8_drop0p2_temp1p0_a0p25_b0p05__wd1e-04trmiss0_degmodglobal,3,0.7082675865718296,0.6628711521625519,0.6111111111111112,0.7364197530864198,0.7692307692307693,0.0,0.7163776329585484,0.6961793558938163,0.029604587437851087,0.0937417240015098,0.0,0.0,0.0,0.0,0.0,18473,global,0.0
4,5,lr1e-05_bs8_drop0p2_temp1p0_a0p25_b0p05__wd1e-04trmiss0_degmodglobal,8,1e-05,0.0001,0.2,1.0,0.25,0.05,lr1e-05_bs8_drop0p2_temp1p0_a0p25_b0p05__wd1e-04trmiss0_degmodglobal,4,0.690676578453609,0.6716384589672089,0.5833333333333333,0.7231922398589066,0.6923076923076923,0.0,0.6973063520022801,0.6776886326926095,0.030520242505839894,0.1071577976856913,0.0,0.0,0.0,0.0,0.0,18473,global,0.0
4,5,lr1e-05_bs8_drop0p2_temp1p0_a0p25_b0p05__wd1e-04trmiss0_degmodglobal,8,1e-05,0.0001,0.2,1.0,0.25,0.05,lr1e-05_bs8_drop0p2_temp1p0_a0p25_b0p05__wd1e-04trmiss0_degmodglobal,5,0.6774692365101406,0.6830255091190338,0.5555555555555556,0.7083774250440917,0.6153846153846154,0.0,0.6997602326529366,0.66588807957513,0.026267375530941144,0.10028613358736038,0.0,0.0,0.0,0.0,0.0,18473,global,0.0
4,5,lr1e-05_bs8_drop0p2_temp1p0_a0p25_b0p05__wd1e-04trmiss0_degmodglobal,8,1e-05,0.0001,0.2,1.0,0.25,0.05,lr1e-05_bs8_drop0p2_temp1p0_a0p25_b0p05__wd1e-04trmiss0_degmodglobal,6,0.6835618104253497,0.6899774968624115,0.5555555555555556,0.7083774250440917,0.5384615384615384,0.0,0.6995777317455837,0.670052000454494,0.03266900751207556,0.1068508390869413,0.0,0.0,0.0,0.0,0.0,18473,global,0.0
4,5,lr1e-05_bs8_drop0p2_temp1p0_a0p25_b0p05__wd1e-04trmiss0_degmodglobal,8,1e-05,0.0001,0.2,1.0,0.25,0.05,lr1e-05_bs8_drop0p2_temp1p0_a0p25_b0p05__wd1e-04trmiss0_degmodglobal,7,0.6769839780671256,0.6963779926300049,0.5555555555555556,0.7083774250440917,0.5384615384615384,0.0,0.697007383619036,0.6650143436023167,0.0279362467782838,0.09971148840018682,0.0,0.0,0.0,0.0,0.0,18473,global,0.0
4,5,lr1e-05_bs8_drop0p2_temp1p0_a0p25_b0p05__wd1e-04trmiss0_degmodglobal,8,1e-05,0.0001,0.2,1.0,0.25,0.05,lr1e-05_bs8_drop0p2_temp1p0_a0p25_b0p05__wd1e-04trmiss0_degmodglobal,8,0.6663741895130703,0.6997842788696289,0.5555555555555556,0.7083774250440917,0.46153846153846156,0.0,0.6852000100272042,0.6563552958624703,0.025130398837583407,0.07472595998219081,0.0,0.0,0.0,0.0,0.0,18473,global,0.0
4,5,lr1e-05_bs8_drop0p2_temp1p0_a0p25_b0p05__wd1e-04trmiss0_degmodglobal,8,1e-05,0.0001,0.2,1.0,0.25,0.05,lr1e-05_bs8_drop0p2_temp1p0_a0p25_b0p05__wd1e-04trmiss0_degmodglobal,9,0.676383376121521,0.695785403251648,0.5555555555555556,0.7083774250440917,0.5384615384615384,0.0,0.7048144681113107,0.6649236764226641,0.026083043111222132,0.09877885452338628,0.0,0.0,0.0,0.0,0.0,18473,global,0.0
4,5,lr1e-05_bs8_drop0p2_temp1p0_a0p25_b0p05__wd1e-04trmiss0_degmodglobal,8,1e-05,0.0001,0.2,1.0,0.25,0.05,lr1e-05_bs8_drop0p2_temp1p0_a0p25_b0p05__wd1e-04trmiss0_degmodglobal,10,0.6611952441079276,0.6909278929233551,0.5555555555555556,0.7083774250440917,0.6153846153846154,0.0,0.6922712751797268,0.6499128767422268,0.027088302320667675,0.09020579978823662,0.0,0.0,0.0,0.0,0.0,18473,global,0.0
4,5,lr1e-05_bs8_drop0p2_temp1p0_a0p25_b0p05__wd1e-04trmiss0_degmodglobal,8,1e-05,0.0001,0.2,1.0,0.25,0.05,lr1e-05_bs8_drop0p2_temp1p0_a0p25_b0p05__wd1e-04trmiss0_degmodglobal,11,0.6693013225282941,0.6977567672729492,0.5555555555555556,0.7083774250440917,0.46153846153846156,0.0,0.6805870362690517,0.660405559199197,0.022553056345454285,0.06515006880675044,0.0,0.0,0.0,0.0,0.0,18473,global,0.0
4,5,lr1e-05_bs8_drop0p2_temp1p0_a0p25_b0p05__wd1e-04trmiss0_degmodglobal,8,1e-05,0.0001,0.2,1.0,0.25,0.05,lr1e-05_bs8_drop0p2_temp1p0_a0p25_b0p05__wd1e-04trmiss0_degmodglobal,12,0.6996930241584778,0.6921367943286896,0.5555555555555556,0.7083774250440917,0.6153846153846154,0.0,0.6796130027089801,0.6850614292281014,0.034134047638092725,0.12196136053119387,0.0,0.0,0.0,0.0,0.0,18473,global,0.0
4,5,lr1e-05_bs8_drop0p2_temp1p0_a0p25_b0p05__wd1e-04trmiss0_degmodglobal,8,1e-05,0.0001,0.2,1.0,0.25,0.05,lr1e-05_bs8_drop0p2_temp1p0_a0p25_b0p05__wd1e-04trmiss0_degmodglobal,13,0.6824673584529332,0.696624755859375,0.5277777777777778,0.6917107583774251,0.38461538461538464,0.0,0.6789166586739677,0.6696409497942243,0.029085512406059673,0.11110037086265427,0.0,0.0,0.0,0.0,0.0,18473,global,0.0
4,5,lr1e-05_bs8_drop0p2_temp1p0_a0p25_b0p05__wd1e-04trmiss0_degmodglobal,8,1e-05,0.0001,0.2,1.0,0.25,0.05,lr1e-05_bs8_drop0p2_temp1p0_a0p25_b0p05__wd1e-04trmiss0_degmodglobal,14,0.6688966155052185,0.6981687545776367,0.5277777777777778,0.6917107583774251,0.5384615384615384,0.0,0.6518106205122811,0.6586615868977138,0.027385211416653225,0.06777466274797916,0.0,0.0,0.0,0.0,0.0,18473,global,0.0
4,5,lr1e-05_bs8_drop0p2_temp1p0_a0p25_b0p05__wd1e-04trmiss0_degmodglobal,8,1e-05,0.0001,0.2,1.0,0.25,0.05,lr1e-05_bs8_drop0p2_temp1p0_a0p25_b0p05__wd1e-04trmiss0_degmodglobal,15,0.650354768548693,0.6977122128009796,0.5277777777777778,0.6917107583774251,0.46153846153846156,0.0,0.6686516659600394,0.6374752691813877,0.029742011135177954,0.10888015478849411,0.0,0.0,0.0,0.0,0.0,18473,global,0.0
4,5,lr1e-05_bs8_drop0p2_temp1p0_a0p25_b0p05__wd1e-04trmiss0_degmodglobal,8,1e-05,0.0001,0.2,1.0,0.25,0.05,lr1e-05_bs8_drop0p2_temp1p0_a0p25_b0p05__wd1e-04trmiss0_degmodglobal,16,0.6492894036429269,0.6975638270378113,0.5277777777777778,0.6917107583774251,0.46153846153846156,0.0,0.6570059827395848,0.6370448555265155,0.030583285061376437,0.09197448513337544,0.0,0.0,0.0,0.0,0.0,18473,global,0.0
4,5,lr1e-05_bs8_drop0p2_temp1p0_a0p25_b0p05__wd1e-04trmiss0_degmodglobal,8,1e-05,0.0001,0.2,1.0,0.25,0.05,lr1e-05_bs8_drop0p2_temp1p0_a0p25_b0p05__wd1e-04trmiss0_degmodglobal,17,0.6520637444087437,0.6926977932453156,0.5277777777777778,0.6917107583774251,0.46153846153846156,0.0,0.6542089922087533,0.6408664924757821,0.02688503318599292,0.08952012139239482,0.0,0.0,0.0,0.0,0.0,18473,global,0.0
4,5,lr1e-05_bs8_drop0p2_temp1p0_a0p25_b0p05__wd1e-04trmiss0_degmodglobal,8,1e-05,0.0001,0.2,1.0,0.25,0.05,lr1e-05_bs8_drop0p2_temp1p0_a0p25_b0p05__wd1e-04trmiss0_degmodglobal,18,0.6740959882736206,0.6924185454845428,0.5277777777777778,0.6917107583774251,0.5384615384615384,0.0,0.6612214020320347,0.6612887382507324,0.03163239838821547,0.0979831942490169,0.0,0.0,0.0,0.0,0.0,18473,global,0.0
4,5,lr1e-05_bs8_drop0p2_temp1p0_a0p25_b0p05__wd1e-04trmiss0_degmodglobal,8,1e-05,0.0001,0.2,1.0,0.25,0.05,lr1e-05_bs8_drop0p2_temp1p0_a0p25_b0p05__wd1e-04trmiss0_degmodglobal,19,0.6373121568134853,0.69698765873909,0.5277777777777778,0.6917107583774251,0.46153846153846156,0.0,0.6495759231703622,0.6257084863526481,0.027590136442865645,0.09412269879664693,0.0,0.0,0.0,0.0,0.0,18473,global,0.0
4,5,lr1e-05_bs8_drop0p2_temp1p0_a0p25_b0p05__wd1e-04trmiss0_degmodglobal,8,1e-05,0.0001,0.2,1.0,0.25,0.05,lr1e-05_bs8_drop0p2_temp1p0_a0p25_b0p05__wd1e-04trmiss0_degmodglobal,20,0.6708064930779594,0.6954394578933716,0.5277777777777778,0.6917107583774251,0.46153846153846156,0.0,0.6494247317314148,0.6595797538757324,0.02704586833715439,0.08930505013891629,0.0,0.0,0.0,0.0,0.0,18473,global,0.0
4,5,lr1e-05_bs8_drop0p2_temp1p0_a0p25_b0p05__wd1e-04trmiss0_degmodglobal,8,1e-05,0.0001,0.2,1.0,0.25,0.05,lr1e-05_bs8_drop0p2_temp1p0_a0p25_b0p05__wd1e-04trmiss0_degmodglobal,21,0.6619441338947841,0.6961373388767242,0.5277777777777778,0.6917107583774251,0.46153846153846156,0.0,0.6544089061873299,0.6506262591906956,0.03057308361998626,0.07349203899502754,0.0,0.0,0.0,0.0,0.0,18473,global,0.0
4,5,lr1e-05_bs8_drop0p2_temp1p0_a0p25_b0p05__wd1e-04trmiss0_degmodglobal,8,1e-05,0.0001,0.2,1.0,0.25,0.05,lr1e-05_bs8_drop0p2_temp1p0_a0p25_b0p05__wd1e-04trmiss0_degmodglobal,22,0.6616661037717547,0.7008170783519745,0.5277777777777778,0.6917107583774251,0.46153846153846156,0.0,0.6567705614226205,0.6510876161711556,0.02688133024743625,0.07716307283512183,0.0,0.0,0.0,0.0,0.0,18473,global,0.0
4,5,lr1e-05_bs8_drop0p2_temp1p0_a0p25_b0p05__wd1e-04trmiss0_degmodglobal,8,1e-05,0.0001,0.2,1.0,0.25,0.05,lr1e-05_bs8_drop0p2_temp1p0_a0p25_b0p05__wd1e-04trmiss0_degmodglobal,23,0.6524342553956168,0.6953308284282684,0.5277777777777778,0.6917107583774251,0.46153846153846156,0.0,0.6428577644484383,0.6443619813237872,0.020550626862261976,0.05869240726211241,0.0,0.0,0.0,0.0,0.0,18473,global,0.0
4,5,lr1e-05_bs8_drop0p2_temp1p0_a0p25_b0p05__wd1e-04trmiss0_degmodglobal,8,1e-05,0.0001,0.2,1.0,0.25,0.05,lr1e-05_bs8_drop0p2_temp1p0_a0p25_b0p05__wd1e-04trmiss0_degmodglobal,24,0.6553410887718201,0.6947587132453918,0.5277777777777778,0.6917107583774251,0.46153846153846156,0.0,0.6428304144314357,0.6460547362055097,0.023778299002775123,0.06683561046208654,0.0,0.0,0.0,0.0,0.0,18473,global,0.0
4,5,lr1e-05_bs8_drop0p2_temp1p0_a0p25_b0p05__wd1e-04trmiss0_degmodglobal,8,1e-05,0.0001,0.2,1.0,0.25,0.05,lr1e-05_bs8_drop0p2_temp1p0_a0p25_b0p05__wd1e-04trmiss0_degmodglobal,25,0.6719332337379456,0.6939855515956879,0.5277777777777778,0.6917107583774251,0.46153846153846156,0.0,0.6475879805428642,0.6594493729727608,0.03147558921149799,0.09229934375200953,0.0,0.0,0.0,0.0,0.0,18473,global,0.0
4,5,lr1e-05_bs8_drop0p2_temp2p0_a0p25_b0p05__wd1e-04trmiss0_degmodglobal,8,1e-05,0.0001,0.2,2.0,0.25,0.05,lr1e-05_bs8_drop0p2_temp2p0_a0p25_b0p05__wd1e-04trmiss0_degmodglobal,1,0.7278222697121757,0.7627809941768646,0.38888888888888884,0.7374449624449626,0.3076923076923077,0.0,0.6843665157045636,0.7103256838662284,0.04391713733119624,0.13034597677843912,0.0,0.0,0.0,0.0,0.0,18473,global,0.0
4,5,lr1e-05_bs8_drop0p2_temp2p0_a0p25_b0p05__wd1e-04trmiss0_degmodglobal,8,1e-05,0.0001,0.2,2.0,0.25,0.05,lr1e-05_bs8_drop0p2_temp2p0_a0p25_b0p05__wd1e-04trmiss0_degmodglobal,2,0.6927601524761745,0.7692169845104218,0.33333333333333337,0.7191469024802357,0.3076923076923077,0.0,0.6905159865106855,0.6785768270492554,0.03933503824685301,0.08699133353573936,0.0,0.0,0.0,0.0,0.0,18473,global,0.0
4,5,lr1e-05_bs8_drop0p2_temp2p0_a0p25_b0p05__wd1e-04trmiss0_degmodglobal,8,1e-05,0.0001,0.2,2.0,0.25,0.05,lr1e-05_bs8_drop0p2_temp2p0_a0p25_b0p05__wd1e-04trmiss0_degmodglobal,3,0.6898929391588483,0.7670948207378387,0.3333333333333333,0.7389881723215057,0.3076923076923077,0.0,0.6837156585284642,0.6722339732306344,0.04313815065792629,0.13748835985149657,0.0,0.0,0.0,0.0,0.0,18473,global,0.0
4,5,lr1e-05_bs8_drop0p2_temp2p0_a0p25_b0p05__wd1e-04trmiss0_degmodglobal,8,1e-05,0.0001,0.2,2.0,0.25,0.05,lr1e-05_bs8_drop0p2_temp2p0_a0p25_b0p05__wd1e-04trmiss0_degmodglobal,4,0.7119470238685608,0.7683395743370056,0.3333333333333333,0.7389881723215057,0.3076923076923077,0.0,0.701289781502315,0.6937199916158404,0.047879572425569804,0.12514282975878036,0.0,0.0,0.0,0.0,0.0,18473,global,0.0
4,5,lr1e-05_bs8_drop0p2_temp2p0_a0p25_b0p05__wd1e-04trmiss0_degmodglobal,8,1e-05,0.0001,0.2,2.0,0.25,0.05,lr1e-05_bs8_drop0p2_temp2p0_a0p25_b0p05__wd1e-04trmiss0_degmodglobal,5,0.6805600013051715,0.7724125981330872,0.3055555555555556,0.7112103945437278,0.38461538461538464,0.0,0.6711455668721881,0.66103937796184,0.047953205183148384,0.15064640981810434,0.0,0.0,0.0,0.0,0.0,18473,global,0.0
4,5,lr1e-05_bs8_drop0p2_temp2p0_a0p25_b0p05__wd1e-04trmiss0_degmodglobal,8,1e-05,0.0001,0.2,2.0,0.25,0.05,lr1e-05_bs8_drop0p2_temp2p0_a0p25_b0p05__wd1e-04trmiss0_degmodglobal,6,0.6973286015646798,0.7728422284126282,0.2777777777777778,0.6945437278770612,0.38461538461538464,0.0,0.6584535411425999,0.6757972240447998,0.053553066083363125,0.162862095449652,0.0,0.0,0.0,0.0,0.0,18473,global,0.0
4,5,lr1e-05_bs8_drop0p2_temp2p0_a0p25_b0p05__wd1e-04trmiss0_degmodglobal,8,1e-05,0.0001,0.2,2.0,0.25,0.05,lr1e-05_bs8_drop0p2_temp2p0_a0p25_b0p05__wd1e-04trmiss0_degmodglobal,7,0.6851516536303929,0.77458655834198,0.2777777777777778,0.6945437278770612,0.38461538461538464,0.0,0.6674539787428719,0.6649062207766941,0.04701254091092518,0.16984614836318151,0.0,0.0,0.0,0.0,0.0,18473,global,0.0
4,5,lr1e-05_bs8_drop0p2_temp2p0_a0p25_b0p05__wd1e-04trmiss0_degmodglobal,8,1e-05,0.0001,0.2,2.0,0.25,0.05,lr1e-05_bs8_drop0p2_temp2p0_a0p25_b0p05__wd1e-04trmiss0_degmodglobal,8,0.6725103769983564,0.7694492638111115,0.3333333333333333,0.7389881723215057,0.38461538461538464,0.0,0.6540910005569458,0.6550360151699611,0.04319636124585356,0.1335053699357169,0.0,0.0,0.0,0.0,0.0,18473,global,0.0
4,5,lr1e-05_bs8_drop0p2_temp2p0_a0p25_b0p05__wd1e-04trmiss0_degmodglobal,8,1e-05,0.0001,0.2,2.0,0.25,0.05,lr1e-05_bs8_drop0p2_temp2p0_a0p25_b0p05__wd1e-04trmiss0_degmodglobal,9,0.6833200880459377,0.7760767042636871,0.3333333333333333,0.7389881723215057,0.38461538461538464,0.0,0.6630189078194755,0.6671843358448574,0.04148681701294014,0.11528131259339196,0.0,0.0,0.0,0.0,0.0,18473,global,0.0
4,5,lr1e-05_bs8_drop0p2_temp2p0_a0p25_b0p05__wd1e-04trmiss0_degmodglobal,8,1e-05,0.0001,0.2,2.0,0.25,0.05,lr1e-05_bs8_drop0p2_temp2p0_a0p25_b0p05__wd1e-04trmiss0_degmodglobal,10,0.6690144453729902,0.7753357291221619,0.3055555555555556,0.7112103945437278,0.38461538461538464,0.0,0.660420800958361,0.6483214753014701,0.05241745178188596,0.15177215848650252,0.0,0.0,0.0,0.0,0.0,18473,global,0.0
4,5,lr1e-05_bs8_drop0p2_temp2p0_a0p25_b0p05__wd1e-04trmiss0_degmodglobal,8,1e-05,0.0001,0.2,2.0,0.25,0.05,lr1e-05_bs8_drop0p2_temp2p0_a0p25_b0p05__wd1e-04trmiss0_degmodglobal,11,0.6649837238448006,0.7761847078800201,0.33333333333333337,0.7191469024802357,0.38461538461538464,0.0,0.6415501918111529,0.6492677416120257,0.041704382481319566,0.10579756860222135,0.0,0.0,0.0,0.0,0.0,18473,global,0.0
4,5,lr1e-05_bs8_drop0p2_temp2p0_a0p25_b0p05__wd1e-04trmiss0_degmodglobal,8,1e-05,0.0001,0.2,2.0,0.25,0.05,lr1e-05_bs8_drop0p2_temp2p0_a0p25_b0p05__wd1e-04trmiss0_degmodglobal,12,0.645609940801348,0.7746520042419434,0.3611111111111111,0.7469246802580136,0.38461538461538464,0.0,0.6596316354615348,0.6269726923533848,0.048892926956926076,0.12828006648591586,0.0,0.0,0.0,0.0,0.0,18473,global,0.0
4,5,lr1e-05_bs8_drop0p2_temp2p0_a0p25_b0p05__wd1e-04trmiss0_degmodglobal,8,1e-05,0.0001,0.2,2.0,0.25,0.05,lr1e-05_bs8_drop0p2_temp2p0_a0p25_b0p05__wd1e-04trmiss0_degmodglobal,13,0.6622128742081779,0.775605171918869,0.3611111111111111,0.7469246802580136,0.38461538461538464,0.0,0.6171297090394157,0.6434956192970276,0.048591647297143936,0.13138687184878758,0.0,0.0,0.0,0.0,0.0,18473,global,0.0
4,5,lr1e-05_bs8_drop0p2_temp2p0_a0p25_b0p05__wd1e-04trmiss0_degmodglobal,8,1e-05,0.0001,0.2,2.0,0.25,0.05,lr1e-05_bs8_drop0p2_temp2p0_a0p25_b0p05__wd1e-04trmiss0_degmodglobal,14,0.665061490876334,0.7780750095844269,0.33333333333333337,0.7191469024802357,0.38461538461538464,0.0,0.6159100532531738,0.6460049748420715,0.052190841042569706,0.12017615245921272,0.0,0.0,0.0,0.0,0.0,18473,global,0.0
4,5,lr1e-05_bs8_drop0p2_temp2p0_a0p25_b0p05__wd1e-04trmiss0_degmodglobal,8,1e-05,0.0001,0.2,2.0,0.25,0.05,lr1e-05_bs8_drop0p2_temp2p0_a0p25_b0p05__wd1e-04trmiss0_degmodglobal,15,0.6779181276048932,0.7790681719779968,0.33333333333333337,0.7191469024802357,0.38461538461538464,0.0,0.629584184714726,0.6570533343723842,0.05343755281397274,0.1501080681170736,0.0,0.0,0.0,0.0,0.0,18473,global,0.0
4,5,lr1e-05_bs8_drop0p2_temp2p0_a0p25_b0p05__wd1e-04trmiss0_degmodglobal,8,1e-05,0.0001,0.2,2.0,0.25,0.05,lr1e-05_bs8_drop0p2_temp2p0_a0p25_b0p05__wd1e-04trmiss0_degmodglobal,16,0.6727573616164071,0.7799528241157532,0.33333333333333337,0.7191469024802357,0.38461538461538464,0.0,0.61991058077131,0.6559147749628339,0.04466931921030794,0.11350516070212636,0.0,0.0,0.0,0.0,0.0,18473,global,0.0
4,5,lr1e-05_bs8_drop0p2_temp2p0_a0p25_b0p05__wd1e-04trmiss0_degmodglobal,8,1e-05,0.0001,0.2,2.0,0.25,0.05,lr1e-05_bs8_drop0p2_temp2p0_a0p25_b0p05__wd1e-04trmiss0_degmodglobal,17,0.6722359827586583,0.7793784141540527,0.33333333333333337,0.7191469024802357,0.38461538461538464,0.0,0.6176580531256539,0.6510568346296038,0.056937127241066525,0.13889760417597635,0.0,0.0,0.0,0.0,0.0,18473,global,0.0
4,5,lr1e-05_bs8_drop0p2_temp2p0_a0p25_b0p05__wd1e-04trmiss0_degmodglobal,8,1e-05,0.0001,0.2,2.0,0.25,0.05,lr1e-05_bs8_drop0p2_temp2p0_a0p25_b0p05__wd1e-04trmiss0_degmodglobal,18,0.6612526008061,0.7822117507457733,0.33333333333333337,0.7191469024802357,0.38461538461538464,0.0,0.6304695180484227,0.6446968487330845,0.04463735382471766,0.10792815312743187,0.0,0.0,0.0,0.0,0.0,18473,global,0.0
4,5,lr1e-05_bs8_drop0p2_temp2p0_a0p25_b0p05__wd1e-04trmiss0_degmodglobal,8,1e-05,0.0001,0.2,2.0,0.25,0.05,lr1e-05_bs8_drop0p2_temp2p0_a0p25_b0p05__wd1e-04trmiss0_degmodglobal,19,0.662817929472242,0.7790706157684326,0.33333333333333337,0.7191469024802357,0.38461538461538464,0.0,0.6232481684003558,0.6432982853480748,0.05305051031921591,0.12513996767146246,0.0,0.0,0.0,0.0,0.0,18473,global,0.0
4,5,lr1e-05_bs8_drop0p2_temp2p0_a0p25_b0p05__wd1e-04trmiss0_degmodglobal,8,1e-05,0.0001,0.2,2.0,0.25,0.05,lr1e-05_bs8_drop0p2_temp2p0_a0p25_b0p05__wd1e-04trmiss0_degmodglobal,20,0.6806367635726929,0.784448504447937,0.36111111111111105,0.7297289130622464,0.38461538461538464,0.0,0.6488700083323887,0.6602794868605477,0.05272105070097106,0.14354057822908675,0.0,0.0,0.0,0.0,0.0,18473,global,0.0
4,5,lr1e-05_bs8_drop0p2_temp2p0_a0p25_b0p05__wd1e-04trmiss0_degmodglobal,8,1e-05,0.0001,0.2,2.0,0.25,0.05,lr1e-05_bs8_drop0p2_temp2p0_a0p25_b0p05__wd1e-04trmiss0_degmodglobal,21,0.6597299746104649,0.7845442295074463,0.33333333333333337,0.7191469024802357,0.38461538461538464,0.0,0.6108530930110386,0.6409911343029567,0.049503153190016747,0.1272611463708537,0.0,0.0,0.0,0.0,0.0,18473,global,0.0
4,5,lr1e-05_bs8_drop0p2_temp2p0_a0p25_b0p05__wd1e-04trmiss0_degmodglobal,8,1e-05,0.0001,0.2,2.0,0.25,0.05,lr1e-05_bs8_drop0p2_temp2p0_a0p25_b0p05__wd1e-04trmiss0_degmodglobal,22,0.6649812034198216,0.7862463295459747,0.33333333333333337,0.7191469024802357,0.38461538461538464,0.0,0.6058262501444135,0.6432555403028216,0.05211980428014483,0.17391443571874074,0.0,0.0,0.0,0.0,0.0,18473,global,0.0
4,5,lr1e-05_bs8_drop0p2_temp2p0_a0p25_b0p05__wd1e-04trmiss0_degmodglobal,8,1e-05,0.0001,0.2,2.0,0.25,0.05,lr1e-05_bs8_drop0p2_temp2p0_a0p25_b0p05__wd1e-04trmiss0_degmodglobal,23,0.6718025548117501,0.7847252190113068,0.36111111111111105,0.7297289130622464,0.38461538461538464,0.0,0.6178866709981646,0.6513676302773612,0.05386320847485747,0.13938235704387938,0.0,0.0,0.0,0.0,0.0,18473,global,0.0
4,5,lr1e-05_bs8_drop0p2_temp2p0_a0p25_b0p05__wd1e-04trmiss0_degmodglobal,8,1e-05,0.0001,0.2,2.0,0.25,0.05,lr1e-05_bs8_drop0p2_temp2p0_a0p25_b0p05__wd1e-04trmiss0_degmodglobal,24,0.644243231841496,0.7832635045051575,0.33333333333333337,0.7191469024802357,0.38461538461538464,0.0,0.6139276283127921,0.6279874784605843,0.04230622627905437,0.11358406607593809,0.0,0.0,0.0,0.0,0.0,18473,global,0.0
4,5,lr1e-05_bs8_drop0p2_temp2p0_a0p25_b0p05__wd1e-04trmiss0_degmodglobal,8,1e-05,0.0001,0.2,2.0,0.25,0.05,lr1e-05_bs8_drop0p2_temp2p0_a0p25_b0p05__wd1e-04trmiss0_degmodglobal,25,0.6659572720527649,0.7779211699962616,0.33333333333333337,0.7191469024802357,0.38461538461538464,0.0,0.6046712909426007,0.6473773292132786,0.04919614429984774,0.1256179798926626,0.0,0.0,0.0,0.0,0.0,18473,global,0.0
4,5,lr1e-05_bs8_drop0p2_temp2p0_a0p25_b0p05__wd1e-04trmiss0_degmodglobal,8,1e-05,0.0001,0.2,2.0,0.25,0.05,lr1e-05_bs8_drop0p2_temp2p0_a0p25_b0p05__wd1e-04trmiss0_degmodglobal,26,0.6374914986746651,0.782124400138855,0.33333333333333337,0.7191469024802357,0.38461538461538464,0.0,0.6033528362001691,0.6212859749794006,0.04197267682424614,0.1142472933445658,0.0,0.0,0.0,0.0,0.0,18473,global,0.0
4,5,lr1e-05_bs8_drop0p2_temp2p0_a0p25_b0p05__wd1e-04trmiss0_degmodglobal,8,1e-05,0.0001,0.2,2.0,0.25,0.05,lr1e-05_bs8_drop0p2_temp2p0_a0p25_b0p05__wd1e-04trmiss0_degmodglobal,27,0.6346510904175895,0.782085657119751,0.33333333333333337,0.7191469024802357,0.38461538461538464,0.0,0.578091025352478,0.6178022112165179,0.04616359435021877,0.10615941456386022,0.0,0.0,0.0,0.0,0.0,18473,global,0.0
4,5,lr1e-05_bs8_drop0p2_temp2p0_a0p25_b0p05__wd1e-04trmiss0_degmodglobal,8,1e-05,0.0001,0.2,2.0,0.25,0.05,lr1e-05_bs8_drop0p2_temp2p0_a0p25_b0p05__wd1e-04trmiss0_degmodglobal,28,0.6557169897215707,0.7861000597476959,0.33333333333333337,0.7191469024802357,0.38461538461538464,0.0,0.6091403620583671,0.6382453697068351,0.04882946104875633,0.10528508786644254,0.0,0.0,0.0,0.0,0.0,18473,global,0.0
4,5,lr1e-05_bs8_drop0p2_temp2p0_a0p25_b0p05__wd1e-04trmiss0_degmodglobal,8,1e-05,0.0001,0.2,2.0,0.25,0.05,lr1e-05_bs8_drop0p2_temp2p0_a0p25_b0p05__wd1e-04trmiss0_degmodglobal,29,0.660433658531734,0.789824366569519,0.33333333333333337,0.7191469024802357,0.38461538461538464,0.0,0.5909524049077716,0.6382275564329964,0.05642710732562201,0.16198650375008583,0.0,0.0,0.0,0.0,0.0,18473,global,0.0
4,5,lr1e-05_bs8_drop0p2_temp2p0_a0p25_b0p05__wd1e-04trmiss0_degmodglobal,8,1e-05,0.0001,0.2,2.0,0.25,0.05,lr1e-05_bs8_drop0p2_temp2p0_a0p25_b0p05__wd1e-04trmiss0_degmodglobal,30,0.6517763222966876,0.7894774973392487,0.36111111111111105,0.7297289130622464,0.38461538461538464,0.0,0.5896069407463074,0.6333109055246625,0.051094427704811096,0.11383577861956187,0.0,0.0,0.0,0.0,0.0,18473,global,0.0
4,5,lr1e-05_bs8_drop0p2_temp2p0_a0p25_b0p05__wd1e-04trmiss0_degmodglobal,8,1e-05,0.0001,0.2,2.0,0.25,0.05,lr1e-05_bs8_drop0p2_temp2p0_a0p25_b0p05__wd1e-04trmiss0_degmodglobal,31,0.636918136051723,0.7846289873123169,0.33333333333333337,0.7191469024802357,0.38461538461538464,0.0,0.5817612835339138,0.6190622789519173,0.0509378154362951,0.10242768536720957,0.0,0.0,0.0,0.0,0.0,18473,global,0.0
4,5,lr1e-05_bs8_drop0p2_temp2p0_a0p25_b0p05__wd1e-04trmiss0_degmodglobal,8,1e-05,0.0001,0.2,2.0,0.25,0.05,lr1e-05_bs8_drop0p2_temp2p0_a0p25_b0p05__wd1e-04trmiss0_degmodglobal,32,0.6438952769551959,0.7836755812168121,0.33333333333333337,0.7191469024802357,0.38461538461538464,0.0,0.5646785412515912,0.6208444663456508,0.059444362563746314,0.1637944962297167,0.0,0.0,0.0,0.0,0.0,18473,global,0.0
4,5,lr1e-05_bs8_drop0p4_temp1p0_a0p25_b0p05__wd1e-04trmiss0_degmodglobal,8,1e-05,0.0001,0.4,1.0,0.25,0.05,lr1e-05_bs8_drop0p4_temp1p0_a0p25_b0p05__wd1e-04trmiss0_degmodglobal,1,0.6996037193707058,0.6491909027099609,0.5555555555555556,0.7575227241893909,0.6153846153846154,0.0,0.6520272152764457,0.6778362052781242,0.0572079744722162,0.14931041428021022,0.0,0.0,0.0,0.0,0.0,18473,global,0.0
4,5,lr1e-05_bs8_drop0p4_temp1p0_a0p25_b0p05__wd1e-04trmiss0_degmodglobal,8,1e-05,0.0001,0.4,1.0,0.25,0.05,lr1e-05_bs8_drop0p4_temp1p0_a0p25_b0p05__wd1e-04trmiss0_degmodglobal,2,0.6830625448908124,0.6447268724441528,0.5555555555555556,0.7575227241893909,0.6923076923076923,0.0,0.6579742772238595,0.6552190695490155,0.07314627138631684,0.19113815895148686,0.0,0.0,0.0,0.0,0.0,18473,global,0.0
4,5,lr1e-05_bs8_drop0p4_temp1p0_a0p25_b0p05__wd1e-04trmiss0_degmodglobal,8,1e-05,0.0001,0.4,1.0,0.25,0.05,lr1e-05_bs8_drop0p4_temp1p0_a0p25_b0p05__wd1e-04trmiss0_degmodglobal,3,0.71502286195755,0.6427112519741058,0.5555555555555556,0.7575227241893909,0.6923076923076923,0.0,0.6655012539454869,0.6893239191600254,0.07384156063199043,0.14477085215704782,0.0,0.0,0.0,0.0,0.0,18473,global,0.0
4,5,lr1e-05_bs8_drop0p4_temp1p0_a0p25_b0p05__wd1e-04trmiss0_degmodglobal,8,1e-05,0.0001,0.4,1.0,0.25,0.05,lr1e-05_bs8_drop0p4_temp1p0_a0p25_b0p05__wd1e-04trmiss0_degmodglobal,4,0.6854528699602399,0.6411052048206329,0.5555555555555556,0.7575227241893909,0.6923076923076923,0.0,0.6536936419350761,0.6615606801850455,0.05821464955806732,0.1867705381342343,0.0,0.0,0.0,0.0,0.0,18473,global,0.0
4,5,lr1e-05_bs8_drop0p4_temp1p0_a0p25_b0p05__wd1e-04trmiss0_degmodglobal,8,1e-05,0.0001,0.4,1.0,0.25,0.05,lr1e-05_bs8_drop0p4_temp1p0_a0p25_b0p05__wd1e-04trmiss0_degmodglobal,5,0.6875991225242615,0.6420155167579651,0.5555555555555556,0.7575227241893909,0.6923076923076923,0.0,0.6483018483434405,0.660481333732605,0.07213566611920084,0.18167762511542865,0.0,0.0,0.0,0.0,0.0,18473,global,0.0
4,5,lr1e-05_bs8_drop0p4_temp1p0_a0p25_b0p05__wd1e-04trmiss0_degmodglobal,8,1e-05,0.0001,0.4,1.0,0.25,0.05,lr1e-05_bs8_drop0p4_temp1p0_a0p25_b0p05__wd1e-04trmiss0_degmodglobal,6,0.6842708672795977,0.6434398293495178,0.5277777777777778,0.7408560575227241,0.6923076923076923,0.0,0.6345254182815552,0.6636192713465009,0.05730613959687097,0.12650112169129507,0.0,0.0,0.0,0.0,0.0,18473,global,0.0
4,5,lr1e-05_bs8_drop0p4_temp1p0_a0p25_b0p05__wd1e-04trmiss0_degmodglobal,8,1e-05,0.0001,0.4,1.0,0.25,0.05,lr1e-05_bs8_drop0p4_temp1p0_a0p25_b0p05__wd1e-04trmiss0_degmodglobal,7,0.6841039231845311,0.6489427983760834,0.5,0.7223375390042057,0.6923076923076923,0.0,0.6358842083386013,0.6655668701444354,0.0517624028559242,0.11192889830895833,0.0,0.0,0.0,0.0,0.0,18473,global,0.0
4,5,lr1e-05_bs8_drop0p4_temp1p0_a0p25_b0p05__wd1e-04trmiss0_degmodglobal,8,1e-05,0.0001,0.4,1.0,0.25,0.05,lr1e-05_bs8_drop0p4_temp1p0_a0p25_b0p05__wd1e-04trmiss0_degmodglobal,8,0.6668522272791181,0.657491147518158,0.5,0.7223375390042057,0.6923076923076923,0.0,0.6204320277486529,0.6420403974396842,0.07068853399583272,0.14279387252671377,0.0,0.0,0.0,0.0,0.0,18473,global,0.0
4,5,lr1e-05_bs8_drop0p4_temp1p0_a0p25_b0p05__wd1e-04trmiss0_degmodglobal,8,1e-05,0.0001,0.4,1.0,0.25,0.05,lr1e-05_bs8_drop0p4_temp1p0_a0p25_b0p05__wd1e-04trmiss0_degmodglobal,9,0.6960403748920986,0.6603242456912994,0.5,0.7223375390042057,0.6923076923076923,0.0,0.6195194125175476,0.6728056924683707,0.06213232661996569,0.15403202495404653,0.0,0.0,0.0,0.0,0.0,18473,global,0.0
4,5,lr1e-05_bs8_drop0p4_temp1p0_a0p25_b0p05__wd1e-04trmiss0_degmodglobal,8,1e-05,0.0001,0.4,1.0,0.25,0.05,lr1e-05_bs8_drop0p4_temp1p0_a0p25_b0p05__wd1e-04trmiss0_degmodglobal,10,0.6837682468550546,0.6597381830215454,0.5,0.7223375390042057,0.6923076923076923,0.0,0.6297527892248971,0.6639319828578404,0.0538149465407644,0.12765056267380714,0.0,0.0,0.0,0.0,0.0,18473,global,0.0
4,5,lr1e-05_bs8_drop0p4_temp1p0_a0p25_b0p05__wd1e-04trmiss0_degmodglobal,8,1e-05,0.0001,0.4,1.0,0.25,0.05,lr1e-05_bs8_drop0p4_temp1p0_a0p25_b0p05__wd1e-04trmiss0_degmodglobal,11,0.6530077201979501,0.6588104665279388,0.5,0.7223375390042057,0.6923076923076923,0.0,0.6425384112766811,0.6288653612136841,0.06577600858041219,0.15396752847092493,0.0,0.0,0.0,0.0,0.0,18473,global,0.0
4,5,lr1e-05_bs8_drop0p4_temp1p0_a0p25_b0p05__wd1e-04trmiss0_degmodglobal,8,1e-05,0.0001,0.4,1.0,0.25,0.05,lr1e-05_bs8_drop0p4_temp1p0_a0p25_b0p05__wd1e-04trmiss0_degmodglobal,12,0.6564467634473529,0.657733827829361,0.5,0.7223375390042057,0.6923076923076923,0.0,0.6061993411609105,0.6335426143237523,0.06442097414817129,0.13597809682999337,0.0,0.0,0.0,0.0,0.0,18473,global,0.0
4,5,lr1e-05_bs8_drop0p4_temp1p0_a0p25_b0p05__wd1e-04trmiss0_degmodglobal,8,1e-05,0.0001,0.4,1.0,0.25,0.05,lr1e-05_bs8_drop0p4_temp1p0_a0p25_b0p05__wd1e-04trmiss0_degmodglobal,13,0.6471678529466901,0.6571368873119354,0.5,0.7223375390042057,0.6923076923076923,0.0,0.6204818316868373,0.6236491884504046,0.06445951014757156,0.14807584562471934,0.0,0.0,0.0,0.0,0.0,18473,global,0.0
4,5,lr1e-05_bs8_drop0p4_temp1p0_a0p25_b0p05__wd1e-04trmiss0_degmodglobal,8,1e-05,0.0001,0.4,1.0,0.25,0.05,lr1e-05_bs8_drop0p4_temp1p0_a0p25_b0p05__wd1e-04trmiss0_degmodglobal,14,0.6794296928814479,0.6561398208141327,0.5,0.7223375390042057,0.6923076923076923,0.0,0.6089424661227635,0.6589720164026532,0.05137100762554577,0.152298204600811,0.0,0.0,0.0,0.0,0.0,18473,global,0.0
4,5,lr1e-05_bs8_drop0p4_temp1p0_a0p25_b0p05__wd1e-04trmiss0_degmodglobal,8,1e-05,0.0001,0.4,1.0,0.25,0.05,lr1e-05_bs8_drop0p4_temp1p0_a0p25_b0p05__wd1e-04trmiss0_degmodglobal,15,0.6560111556734357,0.6565089225769043,0.5,0.7223375390042057,0.6923076923076923,0.0,0.6023227998188564,0.6340976187161037,0.05877837006534849,0.14437887179000036,0.0,0.0,0.0,0.0,0.0,18473,global,0.0
4,5,lr1e-05_bs8_drop0p4_temp1p0_a0p25_b0p05__wd1e-04trmiss0_degmodglobal,8,1e-05,0.0001,0.4,1.0,0.25,0.05,lr1e-05_bs8_drop0p4_temp1p0_a0p25_b0p05__wd1e-04trmiss0_degmodglobal,16,0.6487217630658831,0.6567362546920776,0.5,0.7223375390042057,0.6923076923076923,0.0,0.6076556869915554,0.6228001032556806,0.07301724489246096,0.15334696854863847,0.0,0.0,0.0,0.0,0.0,18473,global,0.0
4,5,lr1e-05_bs8_drop0p4_temp1p0_a0p25_b0p05__wd1e-04trmiss0_degmodglobal,8,1e-05,0.0001,0.4,1.0,0.25,0.05,lr1e-05_bs8_drop0p4_temp1p0_a0p25_b0p05__wd1e-04trmiss0_degmodglobal,17,0.642168402671814,0.6607417464256287,0.5,0.7223375390042057,0.6923076923076923,0.0,0.6073041984013149,0.6221597194671631,0.05872726174337523,0.10653722924845559,0.0,0.0,0.0,0.0,0.0,18473,global,0.0
4,5,lr1e-05_bs8_drop0p4_temp1p0_a0p25_b0p05__wd1e-04trmiss0_degmodglobal,8,1e-05,0.0001,0.4,1.0,0.25,0.05,lr1e-05_bs8_drop0p4_temp1p0_a0p25_b0p05__wd1e-04trmiss0_degmodglobal,18,0.6440689819199699,0.6617525219917297,0.4722222222222222,0.6667819834486501,0.6923076923076923,0.0,0.6166414618492126,0.6150428141866412,0.07921862974762917,0.1844301303582532,0.0,0.0,0.0,0.0,0.0,18473,global,0.0
4,5,lr1e-05_bs8_drop0p4_temp1p0_a0p25_b0p05__wd1e-04trmiss0_degmodglobal,8,1e-05,0.0001,0.4,1.0,0.25,0.05,lr1e-05_bs8_drop0p4_temp1p0_a0p25_b0p05__wd1e-04trmiss0_degmodglobal,19,0.6424577406474522,0.6627414226531982,0.4444444444444444,0.6482634649301315,0.6923076923076923,0.0,0.6084065692765372,0.623604246548244,0.05512491826500211,0.10144518315792084,0.0,0.0,0.0,0.0,0.0,18473,global,0.0
4,5,lr1e-05_bs8_drop0p4_temp1p0_a0p25_b0p05__wd1e-04trmiss0_degmodglobal,8,1e-05,0.0001,0.4,1.0,0.25,0.05,lr1e-05_bs8_drop0p4_temp1p0_a0p25_b0p05__wd1e-04trmiss0_degmodglobal,20,0.6565477166857038,0.6607204973697662,0.4722222222222222,0.6667819834486501,0.6923076923076923,0.0,0.6033478634698051,0.6301634652273995,0.06763871599520956,0.18949134860719954,0.0,0.0,0.0,0.0,0.0,18473,global,0.0
4,5,lr1e-05_bs8_drop0p4_temp1p0_a0p25_b0p05__wd1e-04trmiss0_degmodglobal,8,1e-05,0.0001,0.4,1.0,0.25,0.05,lr1e-05_bs8_drop0p4_temp1p0_a0p25_b0p05__wd1e-04trmiss0_degmodglobal,21,0.6653522167887006,0.6612277925014496,0.4722222222222222,0.6667819834486501,0.6923076923076923,0.0,0.5950066106660026,0.6400132349559239,0.0686894277376788,0.1633323324578149,0.0,0.0,0.0,0.0,0.0,18473,global,0.0
4,5,lr1e-05_bs8_drop0p4_temp1p0_a0p25_b0p05__wd1e-04trmiss0_degmodglobal,8,1e-05,0.0001,0.4,1.0,0.25,0.05,lr1e-05_bs8_drop0p4_temp1p0_a0p25_b0p05__wd1e-04trmiss0_degmodglobal,22,0.6530835117612567,0.6609320044517517,0.4722222222222222,0.6667819834486501,0.6923076923076923,0.0,0.6044932433537075,0.6288343582834516,0.06427600075091634,0.16360287474734442,0.0,0.0,0.0,0.0,0.0,18473,global,0.0
4,5,lr1e-05_bs8_drop0p4_temp1p0_a0p25_b0p05__wd1e-04trmiss0_degmodglobal,8,1e-05,0.0001,0.4,1.0,0.25,0.05,lr1e-05_bs8_drop0p4_temp1p0_a0p25_b0p05__wd1e-04trmiss0_degmodglobal,23,0.6624631541115897,0.6648927330970764,0.4444444444444444,0.6482634649301315,0.6923076923076923,0.0,0.6124823263713292,0.6356922558375767,0.07137953011052948,0.1785203292965889,0.0,0.0,0.0,0.0,0.0,18473,global,0.0
4,5,lr1e-05_bs8_drop0p4_temp1p0_a0p25_b0p05__wd1e-04trmiss0_degmodglobal,8,1e-05,0.0001,0.4,1.0,0.25,0.05,lr1e-05_bs8_drop0p4_temp1p0_a0p25_b0p05__wd1e-04trmiss0_degmodglobal,24,0.6614505393164498,0.6636887788772583,0.4444444444444444,0.6482634649301315,0.6923076923076923,0.0,0.5817089932305473,0.6321509395326886,0.07812418256487165,0.1953713255269187,0.0,0.0,0.0,0.0,0.0,18473,global,0.0
4,5,lr1e-05_bs8_drop0p4_temp1p0_a0p25_b0p05__wd1e-04trmiss0_degmodglobal,8,1e-05,0.0001,0.4,1.0,0.25,0.05,lr1e-05_bs8_drop0p4_temp1p0_a0p25_b0p05__wd1e-04trmiss0_degmodglobal,25,0.6526540432657514,0.6624227464199066,0.4444444444444444,0.6482634649301315,0.6923076923076923,0.0,0.5821447372436523,0.6240337235586983,0.07710157388022967,0.18689832197768347,0.0,0.0,0.0,0.0,0.0,18473,global,0.0
4,5,lr1e-05_bs8_drop0p4_temp2p0_a0p25_b0p05__wd1e-04trmiss0_degmodglobal,8,1e-05,0.0001,0.4,2.0,0.25,0.05,lr1e-05_bs8_drop0p4_temp2p0_a0p25_b0p05__wd1e-04trmiss0_degmodglobal,1,0.694491480078016,0.7274217903614044,0.1111111111111111,0.55327388660722,0.46153846153846156,0.0,0.7072133932794843,0.6708099160875592,0.06473323756030627,0.1499653964170388,0.0,0.0,0.0,0.0,0.0,18473,global,0.0
4,5,lr1e-05_bs8_drop0p4_temp2p0_a0p25_b0p05__wd1e-04trmiss0_degmodglobal,8,1e-05,0.0001,0.4,2.0,0.25,0.05,lr1e-05_bs8_drop0p4_temp2p0_a0p25_b0p05__wd1e-04trmiss0_degmodglobal,2,0.6690713507788522,0.7336766123771667,0.08333333333333333,0.5458664791998126,0.5384615384615384,0.0,0.6720606088638306,0.6496797629765102,0.05939209674085889,0.09087129096899714,0.0,0.0,0.0,0.0,0.0,18473,global,0.0
4,5,lr1e-05_bs8_drop0p4_temp2p0_a0p25_b0p05__wd1e-04trmiss0_degmodglobal,8,1e-05,0.0001,0.4,2.0,0.25,0.05,lr1e-05_bs8_drop0p4_temp2p0_a0p25_b0p05__wd1e-04trmiss0_degmodglobal,3,0.7068629435130528,0.7395389378070831,0.08333333333333333,0.5458664791998126,0.46153846153846156,0.0,0.6764847125325885,0.679158900465284,0.07430963377867426,0.18253265214817865,0.0,0.0,0.0,0.0,0.0,18473,global,0.0
4,5,lr1e-05_bs8_drop0p4_temp2p0_a0p25_b0p05__wd1e-04trmiss0_degmodglobal,8,1e-05,0.0001,0.4,2.0,0.25,0.05,lr1e-05_bs8_drop0p4_temp2p0_a0p25_b0p05__wd1e-04trmiss0_degmodglobal,4,0.6900409885815212,0.7420820891857147,0.05555555555555555,0.5273479606812941,0.46153846153846156,0.0,0.6758885298456464,0.662094499383654,0.07556112270270075,0.18112443387508392,0.0,0.0,0.0,0.0,0.0,18473,global,0.0
4,5,lr1e-05_bs8_drop0p4_temp2p0_a0p25_b0p05__wd1e-04trmiss0_degmodglobal,8,1e-05,0.0001,0.4,2.0,0.25,0.05,lr1e-05_bs8_drop0p4_temp2p0_a0p25_b0p05__wd1e-04trmiss0_degmodglobal,5,0.6791789531707764,0.7428016066551208,0.08333333333333333,0.5458664791998126,0.46153846153846156,0.0,0.6855115124157497,0.6517318572316851,0.0741499476134777,0.1781920407499586,0.0,0.0,0.0,0.0,0.0,18473,global,0.0
4,5,lr1e-05_bs8_drop0p4_temp2p0_a0p25_b0p05__wd1e-04trmiss0_degmodglobal,8,1e-05,0.0001,0.4,2.0,0.25,0.05,lr1e-05_bs8_drop0p4_temp2p0_a0p25_b0p05__wd1e-04trmiss0_degmodglobal,6,0.6466481685638428,0.7414772510528564,0.08333333333333333,0.5458664791998126,0.46153846153846156,0.0,0.6852111986705235,0.6203331862177167,0.06807868688234262,0.18590605365378515,0.0,0.0,0.0,0.0,0.0,18473,global,0.0
4,5,lr1e-05_bs8_drop0p4_temp2p0_a0p25_b0p05__wd1e-04trmiss0_degmodglobal,8,1e-05,0.0001,0.4,2.0,0.25,0.05,lr1e-05_bs8_drop0p4_temp2p0_a0p25_b0p05__wd1e-04trmiss0_degmodglobal,7,0.6850919468062264,0.7433436810970306,0.08333333333333333,0.5458664791998126,0.46153846153846156,0.0,0.6678133351462228,0.656948813370296,0.07766970247030258,0.17451430963618414,0.0,0.0,0.0,0.0,0.0,18473,global,0.0
4,5,lr1e-05_bs8_drop0p4_temp2p0_a0p25_b0p05__wd1e-04trmiss0_degmodglobal,8,1e-05,0.0001,0.4,2.0,0.25,0.05,lr1e-05_bs8_drop0p4_temp2p0_a0p25_b0p05__wd1e-04trmiss0_degmodglobal,8,0.6589913283075605,0.7496697902679443,0.08333333333333333,0.5458664791998126,0.46153846153846156,0.0,0.6705005168914795,0.6283583726201739,0.08297755888530187,0.19777116924524307,0.0,0.0,0.0,0.0,0.0,18473,global,0.0
4,5,lr1e-05_bs8_drop0p4_temp2p0_a0p25_b0p05__wd1e-04trmiss0_degmodglobal,8,1e-05,0.0001,0.4,2.0,0.25,0.05,lr1e-05_bs8_drop0p4_temp2p0_a0p25_b0p05__wd1e-04trmiss0_degmodglobal,9,0.6440322910036359,0.7509609460830688,0.08333333333333333,0.5458664791998126,0.46153846153846156,0.0,0.6503362825938633,0.6145997473171779,0.07765329256653786,0.20038481376000813,0.0,0.0,0.0,0.0,0.0,18473,global,0.0
4,5,lr1e-05_bs8_drop0p4_temp2p0_a0p25_b0p05__wd1e-04trmiss0_degmodglobal,8,1e-05,0.0001,0.4,2.0,0.25,0.05,lr1e-05_bs8_drop0p4_temp2p0_a0p25_b0p05__wd1e-04trmiss0_degmodglobal,10,0.6543446523802621,0.7541101276874542,0.08333333333333333,0.5458664791998126,0.46153846153846156,0.0,0.653720532144819,0.626316956111363,0.0841021617608411,0.14004305537257875,0.0,0.0,0.0,0.0,0.0,18473,global,0.0
4,5,lr1e-05_bs8_drop0p4_temp2p0_a0p25_b0p05__wd1e-04trmiss0_degmodglobal,8,1e-05,0.0001,0.4,2.0,0.25,0.05,lr1e-05_bs8_drop0p4_temp2p0_a0p25_b0p05__wd1e-04trmiss0_degmodglobal,11,0.6553153225353786,0.7554178237915039,0.08333333333333333,0.5458664791998126,0.46153846153846156,0.0,0.6739903858729771,0.6258942910603115,0.07989013514348439,0.18896971749407904,0.0,0.0,0.0,0.0,0.0,18473,global,0.0
4,5,lr1e-05_bs8_drop0p4_temp2p0_a0p25_b0p05__wd1e-04trmiss0_degmodglobal,8,1e-05,0.0001,0.4,2.0,0.25,0.05,lr1e-05_bs8_drop0p4_temp2p0_a0p25_b0p05__wd1e-04trmiss0_degmodglobal,12,0.6671027881758553,0.7553902566432953,0.08333333333333333,0.5458664791998126,0.38461538461538464,0.0,0.6462628160204206,0.6407473087310791,0.07488997866000448,0.15265995051179612,0.0,0.0,0.0,0.0,0.0,18473,global,0.0
4,5,lr1e-05_bs8_drop0p4_temp2p0_a0p25_b0p05__wd1e-04trmiss0_degmodglobal,8,1e-05,0.0001,0.4,2.0,0.25,0.05,lr1e-05_bs8_drop0p4_temp2p0_a0p25_b0p05__wd1e-04trmiss0_degmodglobal,13,0.6556839176586696,0.7577053606510162,0.08333333333333333,0.5458664791998126,0.38461538461538464,0.0,0.6599328517913818,0.6351823040417263,0.05413771580372538,0.13934373004095896,0.0,0.0,0.0,0.0,0.0,18473,global,0.0
4,5,lr1e-05_bs8_drop0p4_temp2p0_a0p25_b0p05__wd1e-04trmiss0_degmodglobal,8,1e-05,0.0001,0.4,2.0,0.25,0.05,lr1e-05_bs8_drop0p4_temp2p0_a0p25_b0p05__wd1e-04trmiss0_degmodglobal,14,0.6710542270115444,0.758185476064682,0.08333333333333333,0.5458664791998126,0.38461538461538464,0.0,0.6792478050504412,0.6434533936636788,0.07454237235443932,0.17930484137364797,0.0,0.0,0.0,0.0,0.0,18473,global,0.0
4,5,lr1e-05_bs8_drop0p4_temp2p0_a0p25_b0p05__wd1e-04trmiss0_degmodglobal,8,1e-05,0.0001,0.4,2.0,0.25,0.05,lr1e-05_bs8_drop0p4_temp2p0_a0p25_b0p05__wd1e-04trmiss0_degmodglobal,15,0.6559469274112156,0.7592693269252777,0.1111111111111111,0.601422034755368,0.3076923076923077,0.0,0.6449574657848903,0.6350869791848319,0.05825278056519372,0.1259348722440856,0.0,0.0,0.0,0.0,0.0,18473,global,0.0
4,5,lr1e-05_bs8_drop0p4_temp2p0_a0p25_b0p05__wd1e-04trmiss0_degmodglobal,8,1e-05,0.0001,0.4,2.0,0.25,0.05,lr1e-05_bs8_drop0p4_temp2p0_a0p25_b0p05__wd1e-04trmiss0_degmodglobal,16,0.6142855201448713,0.7576451003551483,0.1111111111111111,0.601422034755368,0.3076923076923077,0.0,0.6169865812574115,0.5926084007535662,0.06008753765906606,0.13310489803552628,0.0,0.0,0.0,0.0,0.0,18473,global,0.0
4,5,lr1e-05_bs8_drop0p4_temp2p0_a0p25_b0p05__wd1e-04trmiss0_degmodglobal,8,1e-05,0.0001,0.4,2.0,0.25,0.05,lr1e-05_bs8_drop0p4_temp2p0_a0p25_b0p05__wd1e-04trmiss0_degmodglobal,17,0.6433572428567069,0.7564598023891449,0.1111111111111111,0.601422034755368,0.3076923076923077,0.0,0.6540491325514657,0.617140897682735,0.06885734040822301,0.1800401508808136,0.0,0.0,0.0,0.0,0.0,18473,global,0.0
4,5,lr1e-05_bs8_drop0p4_temp2p0_a0p25_b0p05__wd1e-04trmiss0_degmodglobal,8,1e-05,0.0001,0.4,2.0,0.25,0.05,lr1e-05_bs8_drop0p4_temp2p0_a0p25_b0p05__wd1e-04trmiss0_degmodglobal,18,0.6314185006277901,0.7553115785121918,0.1111111111111111,0.601422034755368,0.3076923076923077,0.0,0.6591984118734088,0.6024687801088605,0.08142190107277461,0.17188512214592525,0.0,0.0,0.0,0.0,0.0,18473,global,0.0
4,5,lr1e-05_bs8_drop0p4_temp2p0_a0p25_b0p05__wd1e-04trmiss0_degmodglobal,8,1e-05,0.0001,0.4,2.0,0.25,0.05,lr1e-05_bs8_drop0p4_temp2p0_a0p25_b0p05__wd1e-04trmiss0_degmodglobal,19,0.6174023406846183,0.7578925490379333,0.1111111111111111,0.601422034755368,0.23076923076923078,0.0,0.6176782080105373,0.5884983795029777,0.07329115058694567,0.21162348347050802,0.0,0.0,0.0,0.0,0.0,18473,global,0.0
4,5,lr1e-05_bs8_drop0p4_temp2p0_a0p25_b0p05__wd1e-04trmiss0_degmodglobal,8,1e-05,0.0001,0.4,2.0,0.25,0.05,lr1e-05_bs8_drop0p4_temp2p0_a0p25_b0p05__wd1e-04trmiss0_degmodglobal,20,0.6884886707578387,0.7596796154975891,0.1111111111111111,0.601422034755368,0.23076923076923078,0.0,0.6309880103383746,0.6656369822365897,0.06695244993482317,0.12227145156690053,0.0,0.0,0.0,0.0,0.0,18473,global,0.0
4,5,lr1e-05_bs8_drop0p4_temp2p0_a0p25_b0p05__wd1e-04trmiss0_degmodglobal,8,1e-05,0.0001,0.4,2.0,0.25,0.05,lr1e-05_bs8_drop0p4_temp2p0_a0p25_b0p05__wd1e-04trmiss0_degmodglobal,21,0.6262536559786115,0.7614348232746124,0.1111111111111111,0.601422034755368,0.23076923076923078,0.0,0.6234370129449027,0.6051644001688276,0.05915130089436259,0.1260286079985755,0.0,0.0,0.0,0.0,0.0,18473,global,0.0
4,5,lr1e-05_bs8_drop0p4_temp2p0_a0p25_b0p05__wd1e-04trmiss0_degmodglobal,8,1e-05,0.0001,0.4,2.0,0.25,0.05,lr1e-05_bs8_drop0p4_temp2p0_a0p25_b0p05__wd1e-04trmiss0_degmodglobal,22,0.6736860530717033,0.7585131227970123,0.1111111111111111,0.601422034755368,0.3076923076923077,0.0,0.6189175077847072,0.6477951066834586,0.06887751604829516,0.17343152527298247,0.0,0.0,0.0,0.0,0.0,18473,global,0.0
4,5,lr1e-05_bs8_drop0p4_temp2p0_a0p25_b0p05__wd1e-04trmiss0_degmodglobal,8,1e-05,0.0001,0.4,2.0,0.25,0.05,lr1e-05_bs8_drop0p4_temp2p0_a0p25_b0p05__wd1e-04trmiss0_degmodglobal,23,0.6336620279720852,0.7569741010665894,0.1111111111111111,0.601422034755368,0.23076923076923078,0.0,0.6310136062758309,0.6122438992772784,0.06219462864100933,0.1173894852399826,0.0,0.0,0.0,0.0,0.0,18473,global,0.0
4,5,lr1e-05_bs8_drop0p4_temp2p0_a0p25_b0p05__wd1e-04trmiss0_degmodglobal,8,1e-05,0.0001,0.4,2.0,0.25,0.05,lr1e-05_bs8_drop0p4_temp2p0_a0p25_b0p05__wd1e-04trmiss0_degmodglobal,24,0.6422105601855687,0.7556816041469574,0.1111111111111111,0.601422034755368,0.3076923076923077,0.0,0.6214556097984314,0.6228197472436088,0.05069184915295669,0.13435678077595575,0.0,0.0,0.0,0.0,0.0,18473,global,0.0
4,5,lr1e-05_bs8_drop0p4_temp2p0_a0p25_b0p05__wd1e-04trmiss0_degmodglobal,8,1e-05,0.0001,0.4,2.0,0.25,0.05,lr1e-05_bs8_drop0p4_temp2p0_a0p25_b0p05__wd1e-04trmiss0_degmodglobal,25,0.631462812423706,0.7581581771373749,0.1111111111111111,0.601422034755368,0.23076923076923078,0.0,0.6016533289636884,0.6041496396064758,0.08121819155556816,0.1401726890887533,0.0,0.0,0.0,0.0,0.0,18473,global,0.0
4,5,lr1e-05_bs8_drop0p4_temp2p0_a0p25_b0p05__wd1e-04trmiss0_degmodglobal,8,1e-05,0.0001,0.4,2.0,0.25,0.05,lr1e-05_bs8_drop0p4_temp2p0_a0p25_b0p05__wd1e-04trmiss0_degmodglobal,26,0.6503854734557015,0.7588331997394562,0.1111111111111111,0.601422034755368,0.23076923076923078,0.0,0.6371729714529855,0.6196985074451992,0.08314747789076396,0.1980019211769104,0.0,0.0,0.0,0.0,0.0,18473,global,0.0
4,5,lr1e-05_bs8_drop0p4_temp2p0_a0p25_b0p05__wd1e-04trmiss0_degmodglobal,8,1e-05,0.0001,0.4,2.0,0.25,0.05,lr1e-05_bs8_drop0p4_temp2p0_a0p25_b0p05__wd1e-04trmiss0_degmodglobal,27,0.6323776159967694,0.7591244578361511,0.1111111111111111,0.601422034755368,0.23076923076923078,0.0,0.624192476272583,0.6076787539890834,0.06899258494377136,0.14901411001171386,0.0,0.0,0.0,0.0,0.0,18473,global,0.0
4,5,lr1e-05_bs8_drop0p4_temp2p0_a0p25_b0p05__wd1e-04trmiss0_degmodglobal,8,1e-05,0.0001,0.4,2.0,0.25,0.05,lr1e-05_bs8_drop0p4_temp2p0_a0p25_b0p05__wd1e-04trmiss0_degmodglobal,28,0.6252947960581098,0.7606309950351715,0.1111111111111111,0.601422034755368,0.23076923076923078,0.0,0.6355955685888018,0.5985433629580906,0.07571159143533025,0.1564705611339637,0.0,0.0,0.0,0.0,0.0,18473,global,0.0
4,5,lr1e-05_bs8_drop0p4_temp2p0_a0p25_b0p05__wd1e-04trmiss0_degmodglobal,8,1e-05,0.0001,0.4,2.0,0.25,0.05,lr1e-05_bs8_drop0p4_temp2p0_a0p25_b0p05__wd1e-04trmiss0_degmodglobal,29,0.6463513544627598,0.7621398568153381,0.1111111111111111,0.601422034755368,0.23076923076923078,0.0,0.6371361783572606,0.6239885943276542,0.06521106325089931,0.12119994738272258,0.0,0.0,0.0,0.0,0.0,18473,global,0.0
4,5,lr1e-05_bs8_drop0p4_temp2p0_a0p25_b0p05__wd1e-04trmiss0_degmodglobal,8,1e-05,0.0001,0.4,2.0,0.25,0.05,lr1e-05_bs8_drop0p4_temp2p0_a0p25_b0p05__wd1e-04trmiss0_degmodglobal,30,0.6144520810672215,0.7635723650455475,0.1111111111111111,0.601422034755368,0.23076923076923078,0.0,0.5974694660731724,0.5904677595411029,0.06978412078959602,0.13076556899717875,0.0,0.0,0.0,0.0,0.0,18473,global,0.0
4,5,lr1e-05_bs8_drop0p4_temp2p0_a0p25_b0p05__wd1e-04trmiss0_degmodglobal,8,1e-05,0.0001,0.4,2.0,0.25,0.05,lr1e-05_bs8_drop0p4_temp2p0_a0p25_b0p05__wd1e-04trmiss0_degmodglobal,31,0.6532314334596906,0.76360222697258,0.1111111111111111,0.601422034755368,0.23076923076923078,0.0,0.63612790618624,0.6276312725884574,0.06641306834561485,0.17993798106908798,0.0,0.0,0.0,0.0,0.0,18473,global,0.0
4,5,lr1e-05_bs8_drop0p4_temp2p0_a0p25_b0p05__wd1e-04trmiss0_degmodglobal,8,1e-05,0.0001,0.4,2.0,0.25,0.05,lr1e-05_bs8_drop0p4_temp2p0_a0p25_b0p05__wd1e-04trmiss0_degmodglobal,32,0.6450880169868469,0.7611399590969086,0.1111111111111111,0.601422034755368,0.23076923076923078,0.0,0.6439848371914455,0.6215014031955174,0.0612553491124085,0.16545548396451132,0.0,0.0,0.0,0.0,0.0,18473,global,0.0
4,5,lr1e-05_bs8_drop0p4_temp2p0_a0p25_b0p05__wd1e-04trmiss0_degmodglobal,8,1e-05,0.0001,0.4,2.0,0.25,0.05,lr1e-05_bs8_drop0p4_temp2p0_a0p25_b0p05__wd1e-04trmiss0_degmodglobal,33,0.6123022522245135,0.7614825069904327,0.1111111111111111,0.601422034755368,0.23076923076923078,0.0,0.6260103753634861,0.591385270868029,0.06139157127056803,0.11138190861259188,0.0,0.0,0.0,0.0,0.0,18473,global,0.0
4,5,lr1e-05_bs8_drop0p4_temp2p0_a0p25_b0p05__wd1e-04trmiss0_degmodglobal,8,1e-05,0.0001,0.4,2.0,0.25,0.05,lr1e-05_bs8_drop0p4_temp2p0_a0p25_b0p05__wd1e-04trmiss0_degmodglobal,34,0.6059869612966265,0.7635532319545746,0.1111111111111111,0.601422034755368,0.23076923076923078,0.0,0.6365082519395011,0.5804677520479474,0.06680249263133321,0.17637138494423457,0.0,0.0,0.0,0.0,0.0,18473,global,0.0
4,5,lr1e-05_bs8_drop0p4_temp2p0_a0p25_b0p05__wd1e-04trmiss0_degmodglobal,8,1e-05,0.0001,0.4,2.0,0.25,0.05,lr1e-05_bs8_drop0p4_temp2p0_a0p25_b0p05__wd1e-04trmiss0_degmodglobal,35,0.6592632361820766,0.7601752579212189,0.1111111111111111,0.601422034755368,0.23076923076923078,0.0,0.6273848158972604,0.6305141193526131,0.07632060881171908,0.19337922866855348,0.0,0.0,0.0,0.0,0.0,18473,global,0.0
4,5,lr1e-05_bs8_drop0p4_temp2p0_a0p25_b0p05__wd1e-04trmiss0_degmodglobal,8,1e-05,0.0001,0.4,2.0,0.25,0.05,lr1e-05_bs8_drop0p4_temp2p0_a0p25_b0p05__wd1e-04trmiss0_degmodglobal,36,0.6448456304413932,0.7604714334011078,0.1111111111111111,0.601422034755368,0.23076923076923078,0.0,0.5899380275181362,0.6262409176145282,0.05185600849134581,0.11281414117131915,0.0,0.0,0.0,0.0,0.0,18473,global,0.0
4,5,lr1e-05_bs8_drop0p4_temp2p0_a0p25_b0p05__wd1e-04trmiss0_degmodglobal,8,1e-05,0.0001,0.4,2.0,0.25,0.05,lr1e-05_bs8_drop0p4_temp2p0_a0p25_b0p05__wd1e-04trmiss0_degmodglobal,37,0.631380558013916,0.7619115114212036,0.1111111111111111,0.601422034755368,0.23076923076923078,0.0,0.5920892953872681,0.6061456458909171,0.07263938231127602,0.14150134846568108,0.0,0.0,0.0,0.0,0.0,18473,global,0.0
4,5,lr1e-05_bs8_drop0p4_temp2p0_a0p25_b0p05__wd1e-04trmiss0_degmodglobal,8,1e-05,0.0001,0.4,2.0,0.25,0.05,lr1e-05_bs8_drop0p4_temp2p0_a0p25_b0p05__wd1e-04trmiss0_degmodglobal,38,0.6240787080356053,0.7621536552906036,0.1111111111111111,0.601422034755368,0.23076923076923078,0.0,0.6007331950323922,0.6049705828939166,0.05530364625155926,0.10564416593738965,0.0,0.0,0.0,0.0,0.0,18473,global,0.0
4,5,lr1e-04_bs16_drop0p2_temp1p0_a0p25_b0p05__wd1e-04trmiss0_degmodglobal,16,0.0001,0.0001,0.2,1.0,0.25,0.05,lr1e-04_bs16_drop0p2_temp1p0_a0p25_b0p05__wd1e-04trmiss0_degmodglobal,1,0.7553479373455048,0.7263771295547485,0.41666666666666663,0.6928451178451178,0.23076923076923078,0.0,0.7741698622703552,0.7423077970743179,0.032286271918565035,0.09937122836709023,0.0,0.0,0.0,0.0,0.0,18473,global,0.0
4,5,lr1e-04_bs16_drop0p2_temp1p0_a0p25_b0p05__wd1e-04trmiss0_degmodglobal,16,0.0001,0.0001,0.2,1.0,0.25,0.05,lr1e-04_bs16_drop0p2_temp1p0_a0p25_b0p05__wd1e-04trmiss0_degmodglobal,2,0.6907310038805008,0.7559125423431396,0.33333333333333337,0.669118844118844,0.23076923076923078,0.0,0.7176570892333984,0.6730527728796005,0.03988248948007822,0.1541522964835167,0.0,0.0,0.0,0.0,0.0,18473,global,0.0
4,5,lr1e-04_bs16_drop0p2_temp1p0_a0p25_b0p05__wd1e-04trmiss0_degmodglobal,16,0.0001,0.0001,0.2,1.0,0.25,0.05,lr1e-04_bs16_drop0p2_temp1p0_a0p25_b0p05__wd1e-04trmiss0_degmodglobal,3,0.6988558173179626,0.757978618144989,0.33333333333333337,0.669118844118844,0.23076923076923078,0.0,0.6501908749341965,0.6819570362567902,0.039748312905430794,0.13923359662294388,0.0,0.0,0.0,0.0,0.0,18473,global,0.0
4,5,lr1e-04_bs16_drop0p2_temp1p0_a0p25_b0p05__wd1e-04trmiss0_degmodglobal,16,0.0001,0.0001,0.2,1.0,0.25,0.05,lr1e-04_bs16_drop0p2_temp1p0_a0p25_b0p05__wd1e-04trmiss0_degmodglobal,4,0.6607684344053268,0.7589845061302185,0.3888888888888889,0.6822631072631073,0.3076923076923077,0.0,0.6186501532793045,0.6446771621704102,0.03720293799415231,0.13581083714962006,0.0,0.0,0.0,0.0,0.0,18473,global,0.0
4,5,lr1e-04_bs16_drop0p2_temp1p0_a0p25_b0p05__wd1e-04trmiss0_degmodglobal,16,0.0001,0.0001,0.2,1.0,0.25,0.05,lr1e-04_bs16_drop0p2_temp1p0_a0p25_b0p05__wd1e-04trmiss0_degmodglobal,5,0.6498458236455917,0.7527311444282532,0.3888888888888889,0.6822631072631073,0.3076923076923077,0.0,0.6296860724687576,0.6339546889066696,0.04203611332923174,0.10764285176992416,0.0,0.0,0.0,0.0,0.0,18473,global,0.0
4,5,lr1e-04_bs16_drop0p2_temp1p0_a0p25_b0p05__wd1e-04trmiss0_degmodglobal,16,0.0001,0.0001,0.2,1.0,0.25,0.05,lr1e-04_bs16_drop0p2_temp1p0_a0p25_b0p05__wd1e-04trmiss0_degmodglobal,6,0.6677174419164658,0.7502424120903015,0.3888888888888889,0.6372895622895624,0.3076923076923077,0.0,0.646951824426651,0.6526632905006409,0.03375792317092419,0.132293239235878,0.0,0.0,0.0,0.0,0.0,18473,global,0.0
4,5,lr1e-04_bs16_drop0p2_temp1p0_a0p25_b0p05__wd1e-04trmiss0_degmodglobal,16,0.0001,0.0001,0.2,1.0,0.25,0.05,lr1e-04_bs16_drop0p2_temp1p0_a0p25_b0p05__wd1e-04trmiss0_degmodglobal,7,0.6585221588611603,0.7498776912689209,0.41666666666666663,0.6928451178451178,0.3076923076923077,0.0,0.5901581197977066,0.6294954717159271,0.06550050061196089,0.2530309110879898,0.0,0.0,0.0,0.0,0.0,18473,global,0.0
4,5,lr1e-04_bs16_drop0p2_temp1p0_a0p25_b0p05__wd1e-04trmiss0_degmodglobal,16,0.0001,0.0001,0.2,1.0,0.25,0.05,lr1e-04_bs16_drop0p2_temp1p0_a0p25_b0p05__wd1e-04trmiss0_degmodglobal,8,0.6342773288488388,0.7548185586929321,0.41666666666666663,0.6928451178451178,0.3076923076923077,0.0,0.5842500030994415,0.6133956611156464,0.05184065829962492,0.15842990949749947,0.0,0.0,0.0,0.0,0.0,18473,global,0.0
4,5,lr1e-04_bs16_drop0p2_temp1p0_a0p25_b0p05__wd1e-04trmiss0_degmodglobal,16,0.0001,0.0001,0.2,1.0,0.25,0.05,lr1e-04_bs16_drop0p2_temp1p0_a0p25_b0p05__wd1e-04trmiss0_degmodglobal,9,0.6147028505802155,0.7658963203430176,0.41666666666666663,0.6928451178451178,0.23076923076923078,0.0,0.6025704890489578,0.5987251251935959,0.03980958368629217,0.12050686031579971,0.0,0.0,0.0,0.0,0.0,18473,global,0.0
4,5,lr1e-04_bs16_drop0p2_temp1p0_a0p25_b0p05__wd1e-04trmiss0_degmodglobal,16,0.0001,0.0001,0.2,1.0,0.25,0.05,lr1e-04_bs16_drop0p2_temp1p0_a0p25_b0p05__wd1e-04trmiss0_degmodglobal,10,0.6185074150562286,0.770034670829773,0.41666666666666663,0.6928451178451178,0.3076923076923077,0.0,0.5892247408628464,0.6014761030673981,0.0401825001463294,0.13971330784261227,0.0,0.0,0.0,0.0,0.0,18473,global,0.0
4,5,lr1e-04_bs16_drop0p2_temp1p0_a0p25_b0p05__wd1e-04trmiss0_degmodglobal,16,0.0001,0.0001,0.2,1.0,0.25,0.05,lr1e-04_bs16_drop0p2_temp1p0_a0p25_b0p05__wd1e-04trmiss0_degmodglobal,11,0.6544328778982162,0.7748401165008545,0.41666666666666663,0.6928451178451178,0.3076923076923077,0.0,0.5706988573074341,0.6273842602968216,0.06482789572328329,0.21683260425925255,0.0,0.0,0.0,0.0,0.0,18473,global,0.0
4,5,lr1e-04_bs16_drop0p2_temp1p0_a0p25_b0p05__wd1e-04trmiss0_degmodglobal,16,0.0001,0.0001,0.2,1.0,0.25,0.05,lr1e-04_bs16_drop0p2_temp1p0_a0p25_b0p05__wd1e-04trmiss0_degmodglobal,12,0.6243604868650436,0.76988685131073,0.4444444444444444,0.7027657527657527,0.3076923076923077,0.0,0.5899673998355865,0.5972948670387268,0.06408011168241501,0.2209118902683258,0.0,0.0,0.0,0.0,0.0,18473,global,0.0
4,5,lr1e-04_bs16_drop0p2_temp1p0_a0p25_b0p05__wd1e-04trmiss0_degmodglobal,16,0.0001,0.0001,0.2,1.0,0.25,0.05,lr1e-04_bs16_drop0p2_temp1p0_a0p25_b0p05__wd1e-04trmiss0_degmodglobal,13,0.6473239362239838,0.7387169003486633,0.5277777777777778,0.7675805675805676,0.3076923076923077,0.0,0.5734757483005524,0.614388719201088,0.07562180794775486,0.2805952373892069,0.0,0.0,0.0,0.0,0.0,18473,global,0.0
4,5,lr1e-04_bs16_drop0p2_temp1p0_a0p25_b0p05__wd1e-04trmiss0_degmodglobal,16,0.0001,0.0001,0.2,1.0,0.25,0.05,lr1e-04_bs16_drop0p2_temp1p0_a0p25_b0p05__wd1e-04trmiss0_degmodglobal,14,0.6197885721921921,0.7272757887840271,0.5555555555555556,0.7842472342472344,0.38461538461538464,0.0,0.5580871254205704,0.595111146569252,0.05587463639676571,0.21417488530278206,0.0,0.0,0.0,0.0,0.0,18473,global,0.0
4,5,lr1e-04_bs16_drop0p2_temp1p0_a0p25_b0p05__wd1e-04trmiss0_degmodglobal,16,0.0001,0.0001,0.2,1.0,0.25,0.05,lr1e-04_bs16_drop0p2_temp1p0_a0p25_b0p05__wd1e-04trmiss0_degmodglobal,15,0.6023052334785461,0.7210771441459656,0.5833333333333333,0.8120250120250121,0.38461538461538464,0.0,0.5779238194227219,0.5842317789793015,0.046858553774654865,0.1271764636039734,0.0,0.0,0.0,0.0,0.0,18473,global,0.0
4,5,lr1e-04_bs16_drop0p2_temp1p0_a0p25_b0p05__wd1e-04trmiss0_degmodglobal,16,0.0001,0.0001,0.2,1.0,0.25,0.05,lr1e-04_bs16_drop0p2_temp1p0_a0p25_b0p05__wd1e-04trmiss0_degmodglobal,16,0.6077892631292343,0.7252821326255798,0.5833333333333333,0.8120250120250121,0.46153846153846156,0.0,0.5479438602924347,0.5893029719591141,0.04694120027124882,0.13501959666609764,0.0,0.0,0.0,0.0,0.0,18473,global,0.0
4,5,lr1e-04_bs16_drop0p2_temp1p0_a0p25_b0p05__wd1e-04trmiss0_degmodglobal,16,0.0001,0.0001,0.2,1.0,0.25,0.05,lr1e-04_bs16_drop0p2_temp1p0_a0p25_b0p05__wd1e-04trmiss0_degmodglobal,17,0.6037861704826355,0.744926929473877,0.5277777777777778,0.7675805675805676,0.38461538461538464,0.0,0.545898512005806,0.5825716406106949,0.05812392011284828,0.13367077335715294,0.0,0.0,0.0,0.0,0.0,18473,global,0.0
4,5,lr1e-04_bs16_drop0p2_temp1p0_a0p25_b0p05__wd1e-04trmiss0_degmodglobal,16,0.0001,0.0001,0.2,1.0,0.25,0.05,lr1e-04_bs16_drop0p2_temp1p0_a0p25_b0p05__wd1e-04trmiss0_degmodglobal,18,0.6072508692741394,0.7571778297424316,0.49999999999999994,0.7305435305435306,0.38461538461538464,0.0,0.5464716255664825,0.5732285529375076,0.09048669598996639,0.2280128262937069,0.0,0.0,0.0,0.0,0.0,18473,global,0.0
4,5,lr1e-04_bs16_drop0p2_temp1p0_a0p25_b0p05__wd1e-04trmiss0_degmodglobal,16,0.0001,0.0001,0.2,1.0,0.25,0.05,lr1e-04_bs16_drop0p2_temp1p0_a0p25_b0p05__wd1e-04trmiss0_degmodglobal,19,0.5962189137935638,0.7706466913223267,0.4722222222222222,0.712025012025012,0.38461538461538464,0.0,0.5303108394145966,0.5737455040216446,0.061618419364094734,0.14137623272836208,0.0,0.0,0.0,0.0,0.0,18473,global,0.0
4,5,lr1e-04_bs16_drop0p2_temp1p0_a0p25_b0p05__wd1e-04trmiss0_degmodglobal,16,0.0001,0.0001,0.2,1.0,0.25,0.05,lr1e-04_bs16_drop0p2_temp1p0_a0p25_b0p05__wd1e-04trmiss0_degmodglobal,20,0.6247836798429489,0.7596355676651001,0.5277777777777778,0.7675805675805676,0.46153846153846156,0.0,0.5902480334043503,0.6063272953033447,0.04657457396388054,0.1362551422789693,0.0,0.0,0.0,0.0,0.0,18473,global,0.0
4,5,lr1e-04_bs16_drop0p2_temp1p0_a0p25_b0p05__wd1e-04trmiss0_degmodglobal,16,0.0001,0.0001,0.2,1.0,0.25,0.05,lr1e-04_bs16_drop0p2_temp1p0_a0p25_b0p05__wd1e-04trmiss0_degmodglobal,21,0.5780848860740662,0.7336472272872925,0.5833333333333333,0.8120250120250121,0.46153846153846156,0.0,0.5173120200634003,0.5550911873579025,0.060185558162629604,0.158946068957448,0.0,0.0,0.0,0.0,0.0,18473,global,0.0
4,5,lr1e-04_bs16_drop0p2_temp1p0_a0p25_b0p05__wd1e-04trmiss0_degmodglobal,16,0.0001,0.0001,0.2,1.0,0.25,0.05,lr1e-04_bs16_drop0p2_temp1p0_a0p25_b0p05__wd1e-04trmiss0_degmodglobal,22,0.6001739650964737,0.7224016189575195,0.6111111111111112,0.8268398268398269,0.5384615384615384,0.0,0.5160677060484886,0.5683636963367462,0.08095947466790676,0.23140811175107956,0.0,0.0,0.0,0.0,0.0,18473,global,0.0
4,5,lr1e-04_bs16_drop0p2_temp1p0_a0p25_b0p05__wd1e-04trmiss0_degmodglobal,16,0.0001,0.0001,0.2,1.0,0.25,0.05,lr1e-04_bs16_drop0p2_temp1p0_a0p25_b0p05__wd1e-04trmiss0_degmodglobal,23,0.6208462417125702,0.7314333915710449,0.6111111111111112,0.8268398268398269,0.5384615384615384,0.0,0.5527316704392433,0.60040183365345,0.05082010664045811,0.15478801634162664,0.0,0.0,0.0,0.0,0.0,18473,global,0.0
4,5,lr1e-04_bs16_drop0p2_temp1p0_a0p25_b0p05__wd1e-04trmiss0_degmodglobal,16,0.0001,0.0001,0.2,1.0,0.25,0.05,lr1e-04_bs16_drop0p2_temp1p0_a0p25_b0p05__wd1e-04trmiss0_degmodglobal,24,0.5788843333721161,0.7448389530181885,0.6111111111111112,0.8268398268398269,0.46153846153846156,0.0,0.5541370064020157,0.5542410612106323,0.06953940354287624,0.14516807533800602,0.0,0.0,0.0,0.0,0.0,18473,global,0.0
4,5,lr1e-04_bs16_drop0p2_temp1p0_a0p25_b0p05__wd1e-04trmiss0_degmodglobal,16,0.0001,0.0001,0.2,1.0,0.25,0.05,lr1e-04_bs16_drop0p2_temp1p0_a0p25_b0p05__wd1e-04trmiss0_degmodglobal,25,0.5729747861623764,0.7625877261161804,0.5277777777777778,0.7675805675805676,0.46153846153846156,0.0,0.5330694243311882,0.5400556325912476,0.08194882608950138,0.2486390620470047,0.0,0.0,0.0,0.0,0.0,18473,global,0.0
4,5,lr1e-04_bs16_drop0p2_temp1p0_a0p25_b0p05__wd1e-04trmiss0_degmodglobal,16,0.0001,0.0001,0.2,1.0,0.25,0.05,lr1e-04_bs16_drop0p2_temp1p0_a0p25_b0p05__wd1e-04trmiss0_degmodglobal,26,0.5823663622140884,0.7588379979133606,0.5277777777777778,0.7675805675805676,0.46153846153846156,0.0,0.520917184650898,0.5519862622022629,0.07765438500791788,0.21933019906282425,0.0,0.0,0.0,0.0,0.0,18473,global,0.0
4,5,lr1e-04_bs16_drop0p2_temp1p0_a0p25_b0p05__wd1e-04trmiss0_degmodglobal,16,0.0001,0.0001,0.2,1.0,0.25,0.05,lr1e-04_bs16_drop0p2_temp1p0_a0p25_b0p05__wd1e-04trmiss0_degmodglobal,27,0.5674235820770264,0.7617348432540894,0.5833333333333333,0.8120250120250121,0.38461538461538464,0.0,0.5181694328784943,0.528027355670929,0.09796039387583733,0.29812270030379295,0.0,0.0,0.0,0.0,0.0,18473,global,0.0
4,5,lr1e-04_bs16_drop0p2_temp1p0_a0p25_b0p05__wd1e-04trmiss0_degmodglobal,16,0.0001,0.0001,0.2,1.0,0.25,0.05,lr1e-04_bs16_drop0p2_temp1p0_a0p25_b0p05__wd1e-04trmiss0_degmodglobal,28,0.5562454983592033,0.7604385018348694,0.5555555555555556,0.7842472342472344,0.46153846153846156,0.0,0.5016166120767593,0.5213301554322243,0.08978809509426355,0.24936658889055252,0.0,0.0,0.0,0.0,0.0,18473,global,0.0
4,5,lr1e-04_bs16_drop0p2_temp1p0_a0p25_b0p05__wd1e-04trmiss0_degmodglobal,16,0.0001,0.0001,0.2,1.0,0.25,0.05,lr1e-04_bs16_drop0p2_temp1p0_a0p25_b0p05__wd1e-04trmiss0_degmodglobal,29,0.5883815139532089,0.7571203112602234,0.5555555555555556,0.7842472342472344,0.46153846153846156,0.0,0.5130725651979446,0.5465929061174393,0.1068216823041439,0.3016635626554489,0.0,0.0,0.0,0.0,0.0,18473,global,0.0
4,5,lr1e-04_bs16_drop0p2_temp1p0_a0p25_b0p05__wd1e-04trmiss0_degmodglobal,16,0.0001,0.0001,0.2,1.0,0.25,0.05,lr1e-04_bs16_drop0p2_temp1p0_a0p25_b0p05__wd1e-04trmiss0_degmodglobal,30,0.5651479214429855,0.7592129707336426,0.5833333333333334,0.799062049062049,0.46153846153846156,0.0,0.5091610550880432,0.531787559390068,0.08710131794214249,0.23170063644647598,0.0,0.0,0.0,0.0,0.0,18473,global,0.0
4,5,lr1e-04_bs16_drop0p2_temp1p0_a0p25_b0p05__wd1e-04trmiss0_degmodglobal,16,0.0001,0.0001,0.2,1.0,0.25,0.05,lr1e-04_bs16_drop0p2_temp1p0_a0p25_b0p05__wd1e-04trmiss0_degmodglobal,31,0.5527776330709457,0.7560760974884033,0.5833333333333334,0.799062049062049,0.46153846153846156,0.0,0.4927000403404236,0.5244583040475845,0.07571038417518139,0.18783530965447426,0.0,0.0,0.0,0.0,0.0,18473,global,0.0
4,5,lr1e-04_bs16_drop0p2_temp1p0_a0p25_b0p05__wd1e-04trmiss0_degmodglobal,16,0.0001,0.0001,0.2,1.0,0.25,0.05,lr1e-04_bs16_drop0p2_temp1p0_a0p25_b0p05__wd1e-04trmiss0_degmodglobal,32,0.5737750977277756,0.7524005174636841,0.5833333333333334,0.799062049062049,0.46153846153846156,0.0,0.5206316858530045,0.5469716340303421,0.07334637828171253,0.16933716274797916,0.0,0.0,0.0,0.0,0.0,18473,global,0.0
4,5,lr1e-04_bs16_drop0p2_temp1p0_a0p25_b0p05__wd1e-04trmiss0_degmodglobal,16,0.0001,0.0001,0.2,1.0,0.25,0.05,lr1e-04_bs16_drop0p2_temp1p0_a0p25_b0p05__wd1e-04trmiss0_degmodglobal,33,0.5516074299812317,0.7416422963142395,0.6111111111111112,0.8122895622895623,0.46153846153846156,0.0,0.47307997941970825,0.5223425999283791,0.07881174888461828,0.19123760052025318,0.0,0.0,0.0,0.0,0.0,18473,global,0.0
4,5,lr1e-04_bs16_drop0p2_temp1p0_a0p25_b0p05__wd1e-04trmiss0_degmodglobal,16,0.0001,0.0001,0.2,1.0,0.25,0.05,lr1e-04_bs16_drop0p2_temp1p0_a0p25_b0p05__wd1e-04trmiss0_degmodglobal,34,0.5818539932370186,0.7415106892585754,0.6111111111111112,0.8122895622895623,0.46153846153846156,0.0,0.48974576592445374,0.5421396195888519,0.10684783384203911,0.26004840433597565,0.0,0.0,0.0,0.0,0.0,18473,global,0.0
4,5,lr1e-04_bs16_drop0p2_temp1p0_a0p25_b0p05__wd1e-04trmiss0_degmodglobal,16,0.0001,0.0001,0.2,1.0,0.25,0.05,lr1e-04_bs16_drop0p2_temp1p0_a0p25_b0p05__wd1e-04trmiss0_degmodglobal,35,0.5854376703500748,0.7374997138977051,0.6111111111111112,0.8122895622895623,0.46153846153846156,0.0,0.4812503680586815,0.5426618009805679,0.10975898243486881,0.30672260001301765,0.0,0.0,0.0,0.0,0.0,18473,global,0.0
4,5,lr1e-04_bs16_drop0p2_temp1p0_a0p25_b0p05__wd1e-04trmiss0_degmodglobal,16,0.0001,0.0001,0.2,1.0,0.25,0.05,lr1e-04_bs16_drop0p2_temp1p0_a0p25_b0p05__wd1e-04trmiss0_degmodglobal,36,0.605117678642273,0.7405099272727966,0.6388888888888888,0.8400673400673402,0.46153846153846156,0.0,0.509230300784111,0.5614669322967529,0.11350668128579855,0.3054816424846649,0.0,0.0,0.0,0.0,0.0,18473,global,0.0
4,5,lr1e-04_bs16_drop0p2_temp1p0_a0p25_b0p05__wd1e-04trmiss0_degmodglobal,16,0.0001,0.0001,0.2,1.0,0.25,0.05,lr1e-04_bs16_drop0p2_temp1p0_a0p25_b0p05__wd1e-04trmiss0_degmodglobal,37,0.5890065431594849,0.7478742599487305,0.6111111111111112,0.8122895622895623,0.46153846153846156,0.0,0.512790322303772,0.5618312507867813,0.07415939681231976,0.17270888201892376,0.0,0.0,0.0,0.0,0.0,18473,global,0.0
4,5,lr1e-04_bs16_drop0p2_temp1p0_a0p25_b0p05__wd1e-04trmiss0_degmodglobal,16,0.0001,0.0001,0.2,1.0,0.25,0.05,lr1e-04_bs16_drop0p2_temp1p0_a0p25_b0p05__wd1e-04trmiss0_degmodglobal,38,0.5642265379428864,0.7500495910644531,0.6111111111111112,0.8122895622895623,0.46153846153846156,0.0,0.497945599257946,0.5289256721735001,0.10692435968667269,0.17139554023742676,0.0,0.0,0.0,0.0,0.0,18473,global,0.0
4,5,lr1e-04_bs16_drop0p2_temp1p0_a0p25_b0p05__wd1e-04trmiss0_degmodglobal,16,0.0001,0.0001,0.2,1.0,0.25,0.05,lr1e-04_bs16_drop0p2_temp1p0_a0p25_b0p05__wd1e-04trmiss0_degmodglobal,39,0.5583339184522629,0.7499964833259583,0.6111111111111112,0.8122895622895623,0.46153846153846156,0.0,0.49406100809574127,0.5231688618659973,0.09028805792331696,0.25186094641685486,0.0,0.0,0.0,0.0,0.0,18473,global,0.0
4,5,lr1e-04_bs16_drop0p2_temp1p0_a0p25_b0p05__wd1e-04trmiss0_degmodglobal,16,0.0001,0.0001,0.2,1.0,0.25,0.05,lr1e-04_bs16_drop0p2_temp1p0_a0p25_b0p05__wd1e-04trmiss0_degmodglobal,40,0.5898011028766632,0.7473355531692505,0.6111111111111112,0.8122895622895623,0.46153846153846156,0.0,0.4991908669471741,0.5566450357437134,0.0867885984480381,0.2291784342378378,0.0,0.0,0.0,0.0,0.0,18473,global,0.0
4,5,lr1e-04_bs16_drop0p2_temp1p0_a0p25_b0p05__wd1e-04trmiss0_degmodglobal,16,0.0001,0.0001,0.2,1.0,0.25,0.05,lr1e-04_bs16_drop0p2_temp1p0_a0p25_b0p05__wd1e-04trmiss0_degmodglobal,41,0.5983346551656723,0.739883542060852,0.6388888888888888,0.8241943241943244,0.38461538461538464,0.0,0.4942866340279579,0.5523973852396011,0.123030511662364,0.30359314382076263,0.0,0.0,0.0,0.0,0.0,18473,global,0.0
4,5,lr1e-04_bs16_drop0p2_temp1p0_a0p25_b0p05__wd1e-04trmiss0_degmodglobal,16,0.0001,0.0001,0.2,1.0,0.25,0.05,lr1e-04_bs16_drop0p2_temp1p0_a0p25_b0p05__wd1e-04trmiss0_degmodglobal,42,0.592402383685112,0.742591381072998,0.6666666666666666,0.851972101972102,0.38461538461538464,0.0,0.5013632923364639,0.5555630475282669,0.09599817637354136,0.2567956820130348,0.0,0.0,0.0,0.0,0.0,18473,global,0.0
4,5,lr1e-04_bs16_drop0p2_temp1p0_a0p25_b0p05__wd1e-04trmiss0_degmodglobal,16,0.0001,0.0001,0.2,1.0,0.25,0.05,lr1e-04_bs16_drop0p2_temp1p0_a0p25_b0p05__wd1e-04trmiss0_degmodglobal,43,0.5705644339323044,0.7432892918586731,0.6666666666666666,0.851972101972102,0.38461538461538464,0.0,0.49457699060440063,0.5386748611927032,0.08763907477259636,0.19959582202136517,0.0,0.0,0.0,0.0,0.0,18473,global,0.0
4,5,lr1e-04_bs16_drop0p2_temp1p0_a0p25_b0p05__wd1e-04trmiss0_degmodglobal,16,0.0001,0.0001,0.2,1.0,0.25,0.05,lr1e-04_bs16_drop0p2_temp1p0_a0p25_b0p05__wd1e-04trmiss0_degmodglobal,44,0.5960430204868317,0.7479113340377808,0.6666666666666666,0.851972101972102,0.38461538461538464,0.0,0.5590438842773438,0.5667008087038994,0.08004202041774988,0.18663405254483223,0.0,0.0,0.0,0.0,0.0,18473,global,0.0
4,5,lr1e-04_bs16_drop0p2_temp1p0_a0p25_b0p05__wd1e-04trmiss0_degmodglobal,16,0.0001,0.0001,0.2,1.0,0.25,0.05,lr1e-04_bs16_drop0p2_temp1p0_a0p25_b0p05__wd1e-04trmiss0_degmodglobal,45,0.5399395376443863,0.7448149919509888,0.6388888888888888,0.8400673400673402,0.38461538461538464,0.0,0.4681840166449547,0.5125234425067902,0.07392973359674215,0.1786731295287609,0.0,0.0,0.0,0.0,0.0,18473,global,0.0
4,5,lr1e-04_bs16_drop0p2_temp1p0_a0p25_b0p05__wd1e-04trmiss0_degmodglobal,16,0.0001,0.0001,0.2,1.0,0.25,0.05,lr1e-04_bs16_drop0p2_temp1p0_a0p25_b0p05__wd1e-04trmiss0_degmodglobal,46,0.5567411780357361,0.7403621673583984,0.6666666666666666,0.851972101972102,0.46153846153846156,0.0,0.45694374293088913,0.5183398053050041,0.10337743815034628,0.251140259206295,0.0,0.0,0.0,0.0,0.0,18473,global,0.0
4,5,lr1e-04_bs16_drop0p2_temp1p0_a0p25_b0p05__wd1e-04trmiss0_degmodglobal,16,0.0001,0.0001,0.2,1.0,0.25,0.05,lr1e-04_bs16_drop0p2_temp1p0_a0p25_b0p05__wd1e-04trmiss0_degmodglobal,47,0.5613468587398529,0.7448246479034424,0.6666666666666666,0.851972101972102,0.38461538461538464,0.0,0.46468235552310944,0.5339640229940414,0.07385024800896645,0.17840537801384926,0.0,0.0,0.0,0.0,0.0,18473,global,0.0
4,5,lr1e-04_bs16_drop0p2_temp1p0_a0p25_b0p05__wd1e-04trmiss0_degmodglobal,16,0.0001,0.0001,0.2,1.0,0.25,0.05,lr1e-04_bs16_drop0p2_temp1p0_a0p25_b0p05__wd1e-04trmiss0_degmodglobal,48,0.5967784076929092,0.7375555038452148,0.6666666666666666,0.851972101972102,0.46153846153846156,0.0,0.46202992647886276,0.5579842925071716,0.09684690181165934,0.2916474714875221,0.0,0.0,0.0,0.0,0.0,18473,global,0.0
4,5,lr1e-04_bs16_drop0p2_temp1p0_a0p25_b0p05__wd1e-04trmiss0_degmodglobal,16,0.0001,0.0001,0.2,1.0,0.25,0.05,lr1e-04_bs16_drop0p2_temp1p0_a0p25_b0p05__wd1e-04trmiss0_degmodglobal,49,0.5705309063196182,0.7369203567504883,0.6666666666666666,0.851972101972102,0.5384615384615384,0.0,0.4421287626028061,0.526153676211834,0.11636400409042835,0.3057243973016739,0.0,0.0,0.0,0.0,0.0,18473,global,0.0
4,5,lr1e-04_bs16_drop0p2_temp1p0_a0p25_b0p05__wd1e-04trmiss0_degmodglobal,16,0.0001,0.0001,0.2,1.0,0.25,0.05,lr1e-04_bs16_drop0p2_temp1p0_a0p25_b0p05__wd1e-04trmiss0_degmodglobal,50,0.5854573547840118,0.7418699264526367,0.6666666666666666,0.851972101972102,0.5384615384615384,0.0,0.4285902604460716,0.5417656004428864,0.11044227331876755,0.32162347435951233,0.0,0.0,0.0,0.0,0.0,18473,global,0.0
4,5,lr1e-04_bs16_drop0p2_temp1p0_a0p25_b0p05__wd1e-04trmiss0_degmodglobal,16,0.0001,0.0001,0.2,1.0,0.25,0.05,lr1e-04_bs16_drop0p2_temp1p0_a0p25_b0p05__wd1e-04trmiss0_degmodglobal,51,0.5641608983278275,0.7415880560874939,0.6388888888888888,0.8400673400673402,0.5384615384615384,0.0,0.45475421845912933,0.528144933283329,0.09578980691730976,0.24137027189135551,0.0,0.0,0.0,0.0,0.0,18473,global,0.0
4,5,lr1e-04_bs16_drop0p2_temp1p0_a0p25_b0p05__wd1e-04trmiss0_degmodglobal,16,0.0001,0.0001,0.2,1.0,0.25,0.05,lr1e-04_bs16_drop0p2_temp1p0_a0p25_b0p05__wd1e-04trmiss0_degmodglobal,52,0.5877282917499542,0.7431988716125488,0.6388888888888888,0.8400673400673402,0.5384615384615384,0.0,0.43704474717378616,0.5307897552847862,0.1532255783677101,0.3726428747177124,0.0,0.0,0.0,0.0,0.0,18473,global,0.0
4,5,lr1e-04_bs16_drop0p2_temp1p0_a0p25_b0p05__wd1e-04trmiss0_degmodglobal,16,0.0001,0.0001,0.2,1.0,0.25,0.05,lr1e-04_bs16_drop0p2_temp1p0_a0p25_b0p05__wd1e-04trmiss0_degmodglobal,53,0.5626110434532166,0.736602246761322,0.6666666666666666,0.851972101972102,0.5384615384615384,0.0,0.44430895894765854,0.531659796833992,0.0822109617292881,0.20796988904476166,0.0,0.0,0.0,0.0,0.0,18473,global,0.0
4,5,lr1e-04_bs16_drop0p2_temp1p0_a0p25_b0p05__wd1e-04trmiss0_degmodglobal,16,0.0001,0.0001,0.2,1.0,0.25,0.05,lr1e-04_bs16_drop0p2_temp1p0_a0p25_b0p05__wd1e-04trmiss0_degmodglobal,54,0.5693032443523407,0.7255656719207764,0.6388888888888888,0.8400673400673402,0.46153846153846156,0.0,0.46565523743629456,0.5344641357660294,0.0907841119915247,0.24286151118576527,0.0,0.0,0.0,0.0,0.0,18473,global,0.0
4,5,lr1e-04_bs16_drop0p2_temp1p0_a0p25_b0p05__wd1e-04trmiss0_degmodglobal,16,0.0001,0.0001,0.2,1.0,0.25,0.05,lr1e-04_bs16_drop0p2_temp1p0_a0p25_b0p05__wd1e-04trmiss0_degmodglobal,55,0.5991403609514236,0.7286280393600464,0.6388888888888888,0.8400673400673402,0.46153846153846156,0.0,0.41956034302711487,0.5557665973901749,0.10891646891832352,0.3228931277990341,0.0,0.0,0.0,0.0,0.0,18473,global,0.0
4,5,lr1e-04_bs16_drop0p2_temp1p0_a0p25_b0p05__wd1e-04trmiss0_degmodglobal,16,0.0001,0.0001,0.2,1.0,0.25,0.05,lr1e-04_bs16_drop0p2_temp1p0_a0p25_b0p05__wd1e-04trmiss0_degmodglobal,56,0.5796807408332825,0.7288451194763184,0.6388888888888888,0.8400673400673402,0.46153846153846156,0.0,0.43161285668611526,0.5397102236747742,0.09761040657758713,0.31135839223861694,0.0,0.0,0.0,0.0,0.0,18473,global,0.0
4,5,lr1e-04_bs16_drop0p2_temp1p0_a0p25_b0p05__wd1e-04trmiss0_degmodglobal,16,0.0001,0.0001,0.2,1.0,0.25,0.05,lr1e-04_bs16_drop0p2_temp1p0_a0p25_b0p05__wd1e-04trmiss0_degmodglobal,57,0.6047762781381607,0.7368350028991699,0.6388888888888888,0.8400673400673402,0.5384615384615384,0.0,0.4940417930483818,0.5658158957958221,0.10163267236202955,0.2710440238006413,0.0,0.0,0.0,0.0,0.0,18473,global,0.0
4,5,lr1e-04_bs16_drop0p2_temp1p0_a0p25_b0p05__wd1e-04trmiss0_degmodglobal,16,0.0001,0.0001,0.2,1.0,0.25,0.05,lr1e-04_bs16_drop0p2_temp1p0_a0p25_b0p05__wd1e-04trmiss0_degmodglobal,58,0.5732278227806091,0.7402680516242981,0.6388888888888888,0.8400673400673402,0.5384615384615384,0.0,0.4794108122587204,0.535323292016983,0.09918214287608862,0.2621796205639839,0.0,0.0,0.0,0.0,0.0,18473,global,0.0
4,5,lr1e-04_bs16_drop0p2_temp1p0_a0p25_b0p05__wd1e-04trmiss0_degmodglobal,16,0.0001,0.0001,0.2,1.0,0.25,0.05,lr1e-04_bs16_drop0p2_temp1p0_a0p25_b0p05__wd1e-04trmiss0_degmodglobal,59,0.5855824947357178,0.7406631708145142,0.6388888888888888,0.8400673400673402,0.5384615384615384,0.0,0.4357721209526062,0.5457533895969391,0.09234495274722576,0.334857277572155,0.0,0.0,0.0,0.0,0.0,18473,global,0.0
4,5,lr1e-04_bs16_drop0p2_temp1p0_a0p25_b0p05__wd1e-04trmiss0_degmodglobal,16,0.0001,0.0001,0.2,1.0,0.25,0.05,lr1e-04_bs16_drop0p2_temp1p0_a0p25_b0p05__wd1e-04trmiss0_degmodglobal,60,0.5617459416389465,0.7389973402023315,0.6388888888888888,0.8400673400673402,0.5384615384615384,0.0,0.42914771288633347,0.5254392474889755,0.09469250962138176,0.25267141684889793,0.0,0.0,0.0,0.0,0.0,18473,global,0.0
4,5,lr1e-04_bs16_drop0p2_temp1p0_a0p25_b0p05__wd1e-04trmiss0_degmodglobal,16,0.0001,0.0001,0.2,1.0,0.25,0.05,lr1e-04_bs16_drop0p2_temp1p0_a0p25_b0p05__wd1e-04trmiss0_degmodglobal,61,0.5755737572908401,0.7334378361701965,0.6388888888888888,0.8400673400673402,0.46153846153846156,0.0,0.4460749328136444,0.533313974738121,0.10807906463742256,0.3048006221652031,0.0,0.0,0.0,0.0,0.0,18473,global,0.0
4,5,lr1e-04_bs16_drop0p2_temp1p0_a0p25_b0p05__wd1e-04trmiss0_degmodglobal,16,0.0001,0.0001,0.2,1.0,0.25,0.05,lr1e-04_bs16_drop0p2_temp1p0_a0p25_b0p05__wd1e-04trmiss0_degmodglobal,62,0.5867043435573578,0.7338722944259644,0.6388888888888888,0.8400673400673402,0.46153846153846156,0.0,0.454572394490242,0.549730196595192,0.09449498727917671,0.267008263617754,0.0,0.0,0.0,0.0,0.0,18473,global,0.0
4,5,lr1e-04_bs16_drop0p2_temp1p0_a0p25_b0p05__wd1e-04trmiss0_degmodglobal,16,0.0001,0.0001,0.2,1.0,0.25,0.05,lr1e-04_bs16_drop0p2_temp1p0_a0p25_b0p05__wd1e-04trmiss0_degmodglobal,63,0.5748578310012817,0.7338106632232666,0.6388888888888888,0.8400673400673402,0.5384615384615384,0.0,0.4050191417336464,0.5313040316104889,0.11296817474067211,0.3062349855899811,0.0,0.0,0.0,0.0,0.0,18473,global,0.0
4,5,lr1e-04_bs16_drop0p2_temp1p0_a0p25_b0p05__wd1e-04trmiss0_degmodglobal,16,0.0001,0.0001,0.2,1.0,0.25,0.05,lr1e-04_bs16_drop0p2_temp1p0_a0p25_b0p05__wd1e-04trmiss0_degmodglobal,64,0.5537568479776382,0.7338132858276367,0.6388888888888888,0.8400673400673402,0.5384615384615384,0.0,0.4323180764913559,0.5181049108505249,0.09272624179720879,0.24940749816596508,0.0,0.0,0.0,0.0,0.0,18473,global,0.0
4,5,lr1e-04_bs16_drop0p2_temp1p0_a0p25_b0p05__wd1e-04trmiss0_degmodglobal,16,0.0001,0.0001,0.2,1.0,0.25,0.05,lr1e-04_bs16_drop0p2_temp1p0_a0p25_b0p05__wd1e-04trmiss0_degmodglobal,65,0.5682856291532516,0.734032154083252,0.6388888888888888,0.8400673400673402,0.5384615384615384,0.0,0.4297681450843811,0.5294035226106644,0.10044319182634354,0.27542615681886673,0.0,0.0,0.0,0.0,0.0,18473,global,0.0
4,5,lr1e-04_bs16_drop0p2_temp1p0_a0p25_b0p05__wd1e-04trmiss0_degmodglobal,16,0.0001,0.0001,0.2,1.0,0.25,0.05,lr1e-04_bs16_drop0p2_temp1p0_a0p25_b0p05__wd1e-04trmiss0_degmodglobal,66,0.6046242564916611,0.7381653189659119,0.6388888888888888,0.8400673400673402,0.46153846153846156,0.0,0.4282289072871208,0.5442208796739578,0.15531815588474274,0.4314766973257065,0.0,0.0,0.0,0.0,0.0,18473,global,0.0
4,5,lr1e-04_bs16_drop0p2_temp1p0_a0p25_b0p05__wd1e-04trmiss0_degmodglobal,16,0.0001,0.0001,0.2,1.0,0.25,0.05,lr1e-04_bs16_drop0p2_temp1p0_a0p25_b0p05__wd1e-04trmiss0_degmodglobal,67,0.5735408663749695,0.7390227913856506,0.6388888888888888,0.8400673400673402,0.46153846153846156,0.0,0.43533314019441605,0.5332366079092026,0.10195507295429707,0.2963101305067539,0.0,0.0,0.0,0.0,0.0,18473,global,0.0
4,5,lr1e-04_bs16_drop0p2_temp1p0_a0p25_b0p05__wd1e-04trmiss0_degmodglobal,16,0.0001,0.0001,0.2,1.0,0.25,0.05,lr1e-04_bs16_drop0p2_temp1p0_a0p25_b0p05__wd1e-04trmiss0_degmodglobal,68,0.5854472070932388,0.7388410568237305,0.6388888888888888,0.8400673400673402,0.46153846153846156,0.0,0.4060187339782715,0.5283804535865784,0.14851314201951027,0.3987695351243019,0.0,0.0,0.0,0.0,0.0,18473,global,0.0
4,5,lr1e-04_bs16_drop0p2_temp1p0_a0p25_b0p05__wd1e-04trmiss0_degmodglobal,16,0.0001,0.0001,0.2,1.0,0.25,0.05,lr1e-04_bs16_drop0p2_temp1p0_a0p25_b0p05__wd1e-04trmiss0_degmodglobal,69,0.6089858561754227,0.743396520614624,0.6388888888888888,0.8400673400673402,0.46153846153846156,0.0,0.43108929693698883,0.5531349629163742,0.13336728885769844,0.45018139854073524,0.0,0.0,0.0,0.0,0.0,18473,global,0.0
4,5,lr1e-04_bs16_drop0p2_temp1p0_a0p25_b0p05__wd1e-04trmiss0_degmodglobal,16,0.0001,0.0001,0.2,1.0,0.25,0.05,lr1e-04_bs16_drop0p2_temp1p0_a0p25_b0p05__wd1e-04trmiss0_degmodglobal,70,0.6035111397504807,0.7343622446060181,0.6388888888888888,0.8400673400673402,0.5384615384615384,0.0,0.4500124529004097,0.561539962887764,0.10165524482727051,0.33114707097411156,0.0,0.0,0.0,0.0,0.0,18473,global,0.0
4,5,lr1e-04_bs16_drop0p2_temp1p0_a0p25_b0p05__wd1e-04trmiss0_degmodglobal,16,0.0001,0.0001,0.2,1.0,0.25,0.05,lr1e-04_bs16_drop0p2_temp1p0_a0p25_b0p05__wd1e-04trmiss0_degmodglobal,71,0.6130988001823425,0.7431485652923584,0.6388888888888888,0.8400673400673402,0.46153846153846156,0.0,0.4326302707195282,0.5469855964183807,0.1740376017987728,0.45207517966628075,0.0,0.0,0.0,0.0,0.0,18473,global,0.0
4,5,lr1e-04_bs16_drop0p2_temp1p0_a0p25_b0p05__wd1e-04trmiss0_degmodglobal,16,0.0001,0.0001,0.2,1.0,0.25,0.05,lr1e-04_bs16_drop0p2_temp1p0_a0p25_b0p05__wd1e-04trmiss0_degmodglobal,72,0.5570764243602753,0.7430616617202759,0.6388888888888888,0.8400673400673402,0.46153846153846156,0.0,0.4013889655470848,0.5112171992659569,0.11304499953985214,0.3519599959254265,0.0,0.0,0.0,0.0,0.0,18473,global,0.0
4,5,lr1e-04_bs16_drop0p2_temp1p0_a0p25_b0p05__wd1e-04trmiss0_degmodglobal,16,0.0001,0.0001,0.2,1.0,0.25,0.05,lr1e-04_bs16_drop0p2_temp1p0_a0p25_b0p05__wd1e-04trmiss0_degmodglobal,73,0.6253485232591629,0.7328760027885437,0.6666666666666666,0.851972101972102,0.46153846153846156,0.0,0.4426696226000786,0.5644334554672241,0.15227986313402653,0.4569018706679344,0.0,0.0,0.0,0.0,0.0,18473,global,0.0
4,5,lr1e-04_bs16_drop0p2_temp1p0_a0p25_b0p05__wd1e-04trmiss0_degmodglobal,16,0.0001,0.0001,0.2,1.0,0.25,0.05,lr1e-04_bs16_drop0p2_temp1p0_a0p25_b0p05__wd1e-04trmiss0_degmodglobal,74,0.5668546259403229,0.7310134768486023,0.6666666666666666,0.851972101972102,0.46153846153846156,0.0,0.3943089470267296,0.5181297808885574,0.13126662373542786,0.31816399097442627,0.0,0.0,0.0,0.0,0.0,18473,global,0.0
4,5,lr1e-04_bs16_drop0p2_temp1p0_a0p25_b0p05__wd1e-04trmiss0_degmodglobal,16,0.0001,0.0001,0.2,1.0,0.25,0.05,lr1e-04_bs16_drop0p2_temp1p0_a0p25_b0p05__wd1e-04trmiss0_degmodglobal,75,0.5957120060920715,0.7317140102386475,0.6666666666666666,0.851972101972102,0.46153846153846156,0.0,0.41575787961483,0.5417051017284393,0.13810645043849945,0.38960643112659454,0.0,0.0,0.0,0.0,0.0,18473,global,0.0
4,5,lr1e-04_bs16_drop0p2_temp1p0_a0p25_b0p05__wd1e-04trmiss0_degmodglobal,16,0.0001,0.0001,0.2,1.0,0.25,0.05,lr1e-04_bs16_drop0p2_temp1p0_a0p25_b0p05__wd1e-04trmiss0_degmodglobal,76,0.5585411414504051,0.7329930663108826,0.6666666666666666,0.851972101972102,0.5384615384615384,0.0,0.392700731754303,0.5119281560182571,0.11983790248632431,0.33307014405727386,0.0,0.0,0.0,0.0,0.0,18473,global,0.0
4,5,lr1e-04_bs16_drop0p2_temp1p0_a0p25_b0p05__wd1e-04trmiss0_degmodglobal,16,0.0001,0.0001,0.2,1.0,0.25,0.05,lr1e-04_bs16_drop0p2_temp1p0_a0p25_b0p05__wd1e-04trmiss0_degmodglobal,77,0.5939020365476608,0.7421119213104248,0.6666666666666666,0.851972101972102,0.46153846153846156,0.0,0.4425772801041603,0.5512121766805649,0.10423646494746208,0.33261487632989883,0.0,0.0,0.0,0.0,0.0,18473,global,0.0
4,5,lr1e-04_bs16_drop0p2_temp1p0_a0p25_b0p05__wd1e-04trmiss0_degmodglobal,16,0.0001,0.0001,0.2,1.0,0.25,0.05,lr1e-04_bs16_drop0p2_temp1p0_a0p25_b0p05__wd1e-04trmiss0_degmodglobal,78,0.5866178423166275,0.7450487017631531,0.6111111111111112,0.8122895622895623,0.46153846153846156,0.0,0.40219195932149887,0.5281962305307388,0.14594904892146587,0.43868688493967056,0.0,0.0,0.0,0.0,0.0,18473,global,0.0
4,5,lr1e-04_bs16_drop0p2_temp1p0_a0p25_b0p05__wd1e-04trmiss0_degmodglobal,16,0.0001,0.0001,0.2,1.0,0.25,0.05,lr1e-04_bs16_drop0p2_temp1p0_a0p25_b0p05__wd1e-04trmiss0_degmodglobal,79,0.5825001001358032,0.7356563210487366,0.6388888888888888,0.8241943241943244,0.38461538461538464,0.0,0.4301134720444679,0.5316603630781174,0.129290372133255,0.37034274637699127,0.0,0.0,0.0,0.0,0.0,18473,global,0.0
4,5,lr1e-04_bs16_drop0p2_temp1p0_a0p25_b0p05__wd1e-04trmiss0_degmodglobal,16,0.0001,0.0001,0.2,1.0,0.25,0.05,lr1e-04_bs16_drop0p2_temp1p0_a0p25_b0p05__wd1e-04trmiss0_degmodglobal,80,0.5954723805189133,0.7381364107131958,0.6388888888888888,0.8241943241943244,0.46153846153846156,0.0,0.4056912884116173,0.532199889421463,0.15413248166441917,0.4947874844074249,0.0,0.0,0.0,0.0,0.0,18473,global,0.0
4,5,lr1e-04_bs16_drop0p2_temp2p0_a0p25_b0p05__wd1e-04trmiss0_degmodglobal,16,0.0001,0.0001,0.2,2.0,0.25,0.05,lr1e-04_bs16_drop0p2_temp2p0_a0p25_b0p05__wd1e-04trmiss0_degmodglobal,1,0.7572716027498245,0.7656815648078918,0.25,0.583933658933659,0.3076923076923077,0.0,0.7326929569244385,0.7399404495954514,0.04222156247124076,0.13551555387675762,0.0,0.0,0.0,0.0,0.0,18473,global,0.0
4,5,lr1e-04_bs16_drop0p2_temp2p0_a0p25_b0p05__wd1e-04trmiss0_degmodglobal,16,0.0001,0.0001,0.2,2.0,0.25,0.05,lr1e-04_bs16_drop0p2_temp2p0_a0p25_b0p05__wd1e-04trmiss0_degmodglobal,2,0.6957631856203079,0.7975992560386658,0.2222222222222222,0.5768629518629518,0.3076923076923077,0.0,0.685314804315567,0.6791803240776062,0.04124848172068596,0.12541496567428112,0.0,0.0,0.0,0.0,0.0,18473,global,0.0
4,5,lr1e-04_bs16_drop0p2_temp2p0_a0p25_b0p05__wd1e-04trmiss0_degmodglobal,16,0.0001,0.0001,0.2,2.0,0.25,0.05,lr1e-04_bs16_drop0p2_temp2p0_a0p25_b0p05__wd1e-04trmiss0_degmodglobal,3,0.6671303808689117,0.829627275466919,0.2222222222222222,0.5805666555666555,0.3076923076923077,0.0,0.6514662504196167,0.6485098898410797,0.043854448944330215,0.15313801914453506,0.0,0.0,0.0,0.0,0.0,18473,global,0.0
4,5,lr1e-04_bs16_drop0p2_temp2p0_a0p25_b0p05__wd1e-04trmiss0_degmodglobal,16,0.0001,0.0001,0.2,2.0,0.25,0.05,lr1e-04_bs16_drop0p2_temp2p0_a0p25_b0p05__wd1e-04trmiss0_degmodglobal,4,0.6542036086320877,0.8601015210151672,0.2777777777777778,0.5985560735560735,0.3076923076923077,0.0,0.6284691393375397,0.6336088180541992,0.05442670080810785,0.13976291380822659,0.0,0.0,0.0,0.0,0.0,18473,global,0.0
4,5,lr1e-04_bs16_drop0p2_temp2p0_a0p25_b0p05__wd1e-04trmiss0_degmodglobal,16,0.0001,0.0001,0.2,2.0,0.25,0.05,lr1e-04_bs16_drop0p2_temp2p0_a0p25_b0p05__wd1e-04trmiss0_degmodglobal,5,0.6275079399347305,0.8776748776435852,0.3055555555555556,0.6084767084767084,0.23076923076923078,0.0,0.6147470623254776,0.6020955294370651,0.05845156405121088,0.21599046885967255,0.0,0.0,0.0,0.0,0.0,18473,global,0.0
4,5,lr1e-04_bs16_drop0p2_temp2p0_a0p25_b0p05__wd1e-04trmiss0_degmodglobal,16,0.0001,0.0001,0.2,2.0,0.25,0.05,lr1e-04_bs16_drop0p2_temp2p0_a0p25_b0p05__wd1e-04trmiss0_degmodglobal,6,0.6328302025794983,0.8857125639915466,0.2777777777777778,0.6010693010693011,0.23076923076923078,0.0,0.604361891746521,0.613935187458992,0.0471304040402174,0.14224844053387642,0.0,0.0,0.0,0.0,0.0,18473,global,0.0
4,5,lr1e-04_bs16_drop0p2_temp2p0_a0p25_b0p05__wd1e-04trmiss0_degmodglobal,16,0.0001,0.0001,0.2,2.0,0.25,0.05,lr1e-04_bs16_drop0p2_temp2p0_a0p25_b0p05__wd1e-04trmiss0_degmodglobal,7,0.6049433052539825,0.914715051651001,0.25,0.5911486661486662,0.23076923076923078,0.0,0.6029043644666672,0.5864312499761581,0.0487724244594574,0.126378720626235,0.0,0.0,0.0,0.0,0.0,18473,global,0.0
4,5,lr1e-04_bs16_drop0p2_temp2p0_a0p25_b0p05__wd1e-04trmiss0_degmodglobal,16,0.0001,0.0001,0.2,2.0,0.25,0.05,lr1e-04_bs16_drop0p2_temp2p0_a0p25_b0p05__wd1e-04trmiss0_degmodglobal,8,0.638509213924408,0.9381841421127319,0.25,0.5911486661486662,0.23076923076923078,0.0,0.605121374130249,0.6150808334350586,0.05657163541764021,0.1857092659920454,0.0,0.0,0.0,0.0,0.0,18473,global,0.0
4,5,lr1e-04_bs16_drop0p2_temp2p0_a0p25_b0p05__wd1e-04trmiss0_degmodglobal,16,0.0001,0.0001,0.2,2.0,0.25,0.05,lr1e-04_bs16_drop0p2_temp2p0_a0p25_b0p05__wd1e-04trmiss0_degmodglobal,9,0.6077268719673157,0.9343391060829163,0.25,0.5911486661486662,0.23076923076923078,0.0,0.5686591118574142,0.5819140076637268,0.06538618728518486,0.18932654708623886,0.0,0.0,0.0,0.0,0.0,18473,global,0.0
4,5,lr1e-04_bs16_drop0p2_temp2p0_a0p25_b0p05__wd1e-04trmiss0_degmodglobal,16,0.0001,0.0001,0.2,2.0,0.25,0.05,lr1e-04_bs16_drop0p2_temp2p0_a0p25_b0p05__wd1e-04trmiss0_degmodglobal,10,0.6155972182750702,0.9232573509216309,0.3055555555555556,0.6056267806267805,0.3076923076923077,0.0,0.57674440741539,0.5889608263969421,0.06582668423652649,0.20359468832612038,0.0,0.0,0.0,0.0,0.0,18473,global,0.0
4,5,lr1e-04_bs16_drop0p2_temp2p0_a0p25_b0p05__wd1e-04trmiss0_degmodglobal,16,0.0001,0.0001,0.2,2.0,0.25,0.05,lr1e-04_bs16_drop0p2_temp2p0_a0p25_b0p05__wd1e-04trmiss0_degmodglobal,11,0.5738945454359055,0.8998773097991943,0.2777777777777778,0.5985560735560735,0.3076923076923077,0.0,0.581248551607132,0.5554582327604294,0.05005763191729784,0.11843761429190636,0.0,0.0,0.0,0.0,0.0,18473,global,0.0
4,5,lr1e-04_bs16_drop0p2_temp2p0_a0p25_b0p05__wd1e-04trmiss0_degmodglobal,16,0.0001,0.0001,0.2,2.0,0.25,0.05,lr1e-04_bs16_drop0p2_temp2p0_a0p25_b0p05__wd1e-04trmiss0_degmodglobal,12,0.5821871608495712,0.8920484781265259,0.3055555555555556,0.6056267806267805,0.23076923076923078,0.0,0.560271754860878,0.5529717952013016,0.07241984829306602,0.22220789641141891,0.0,0.0,0.0,0.0,0.0,18473,global,0.0
4,5,lr1e-04_bs16_drop0p2_temp2p0_a0p25_b0p05__wd1e-04trmiss0_degmodglobal,16,0.0001,0.0001,0.2,2.0,0.25,0.05,lr1e-04_bs16_drop0p2_temp2p0_a0p25_b0p05__wd1e-04trmiss0_degmodglobal,13,0.581549346446991,0.8838034868240356,0.3055555555555556,0.6056267806267805,0.23076923076923078,0.0,0.5436191409826279,0.5582370162010193,0.057203671894967556,0.1802281178534031,0.0,0.0,0.0,0.0,0.0,18473,global,0.0
4,5,lr1e-04_bs16_drop0p2_temp2p0_a0p25_b0p05__wd1e-04trmiss0_degmodglobal,16,0.0001,0.0001,0.2,2.0,0.25,0.05,lr1e-04_bs16_drop0p2_temp2p0_a0p25_b0p05__wd1e-04trmiss0_degmodglobal,14,0.5806378573179245,0.9015023708343506,0.3055555555555556,0.6056267806267805,0.3076923076923077,0.0,0.5996045768260956,0.5488074421882629,0.07534892670810223,0.2598640099167824,0.0,0.0,0.0,0.0,0.0,18473,global,0.0
4,5,lr1e-04_bs16_drop0p2_temp2p0_a0p25_b0p05__wd1e-04trmiss0_degmodglobal,16,0.0001,0.0001,0.2,2.0,0.25,0.05,lr1e-04_bs16_drop0p2_temp2p0_a0p25_b0p05__wd1e-04trmiss0_degmodglobal,15,0.5759615898132324,0.901183545589447,0.2777777777777778,0.6010693010693011,0.3076923076923077,0.0,0.5447763353586197,0.5489479750394821,0.06361773610115051,0.22218354791402817,0.0,0.0,0.0,0.0,0.0,18473,global,0.0
4,5,lr1e-04_bs16_drop0p2_temp2p0_a0p25_b0p05__wd1e-04trmiss0_degmodglobal,16,0.0001,0.0001,0.2,2.0,0.25,0.05,lr1e-04_bs16_drop0p2_temp2p0_a0p25_b0p05__wd1e-04trmiss0_degmodglobal,16,0.575038954615593,0.9055070281028748,0.25,0.5911486661486662,0.23076923076923078,0.0,0.5497402995824814,0.5389621406793594,0.08905517496168613,0.2762601971626282,0.0,0.0,0.0,0.0,0.0,18473,global,0.0
4,5,lr1e-04_bs16_drop0p2_temp2p0_a0p25_b0p05__wd1e-04trmiss0_degmodglobal,16,0.0001,0.0001,0.2,2.0,0.25,0.05,lr1e-04_bs16_drop0p2_temp2p0_a0p25_b0p05__wd1e-04trmiss0_degmodglobal,17,0.5676355957984924,0.9118363857269287,0.25,0.5911486661486662,0.3076923076923077,0.0,0.5518998503684998,0.5428130775690079,0.0626642219722271,0.18312934413552284,0.0,0.0,0.0,0.0,0.0,18473,global,0.0
4,5,lr1e-04_bs16_drop0p2_temp2p0_a0p25_b0p05__wd1e-04trmiss0_degmodglobal,16,0.0001,0.0001,0.2,2.0,0.25,0.05,lr1e-04_bs16_drop0p2_temp2p0_a0p25_b0p05__wd1e-04trmiss0_degmodglobal,18,0.5750224739313126,0.9170215725898743,0.2222222222222222,0.5805666555666555,0.23076923076923078,0.0,0.5355565771460533,0.5466290861368179,0.06948326528072357,0.22045212611556053,0.0,0.0,0.0,0.0,0.0,18473,global,0.0
4,5,lr1e-04_bs16_drop0p2_temp2p0_a0p25_b0p05__wd1e-04trmiss0_degmodglobal,16,0.0001,0.0001,0.2,2.0,0.25,0.05,lr1e-04_bs16_drop0p2_temp2p0_a0p25_b0p05__wd1e-04trmiss0_degmodglobal,19,0.6052603423595428,0.941469669342041,0.2777777777777778,0.5950447700447701,0.3076923076923077,0.0,0.5622731447219849,0.5849746465682983,0.05099160224199295,0.15075546130537987,0.0,0.0,0.0,0.0,0.0,18473,global,0.0
4,5,lr1e-04_bs16_drop0p2_temp2p0_a0p25_b0p05__wd1e-04trmiss0_degmodglobal,16,0.0001,0.0001,0.2,2.0,0.25,0.05,lr1e-04_bs16_drop0p2_temp2p0_a0p25_b0p05__wd1e-04trmiss0_degmodglobal,20,0.5610781610012054,0.931368887424469,0.25,0.5879740629740628,0.3076923076923077,0.0,0.5426273345947266,0.5337947309017181,0.07148963399231434,0.18822032772004604,0.0,0.0,0.0,0.0,0.0,18473,global,0.0
4,5,lr1e-04_bs16_drop0p2_temp2p0_a0p25_b0p05__wd1e-04trmiss0_degmodglobal,16,0.0001,0.0001,0.2,2.0,0.25,0.05,lr1e-04_bs16_drop0p2_temp2p0_a0p25_b0p05__wd1e-04trmiss0_degmodglobal,21,0.5784104317426682,0.9091410040855408,0.25,0.5879740629740628,0.3076923076923077,0.0,0.5452620536088943,0.550435021519661,0.06636461522430182,0.22768484801054,0.0,0.0,0.0,0.0,0.0,18473,global,0.0
4,5,lr1e-04_bs16_drop0p2_temp2p0_a0p25_b0p05__wd1e-04trmiss0_degmodglobal,16,0.0001,0.0001,0.2,2.0,0.25,0.05,lr1e-04_bs16_drop0p2_temp2p0_a0p25_b0p05__wd1e-04trmiss0_degmodglobal,22,0.5473251938819885,0.9058681726455688,0.25,0.5879740629740628,0.3076923076923077,0.0,0.5151292681694031,0.5245256721973419,0.055600921623408794,0.17798559740185738,0.0,0.0,0.0,0.0,0.0,18473,global,0.0
4,5,lr1e-04_bs16_drop0p2_temp2p0_a0p25_b0p05__wd1e-04trmiss0_degmodglobal,16,0.0001,0.0001,0.2,2.0,0.25,0.05,lr1e-04_bs16_drop0p2_temp2p0_a0p25_b0p05__wd1e-04trmiss0_degmodglobal,23,0.5823596715927124,0.9189919829368591,0.25,0.5879740629740628,0.3076923076923077,0.0,0.5642738342285156,0.5451537370681763,0.09250213671475649,0.28160832077264786,0.0,0.0,0.0,0.0,0.0,18473,global,0.0
4,5,lr1e-04_bs16_drop0p2_temp2p0_a0p25_b0p05__wd1e-04trmiss0_degmodglobal,16,0.0001,0.0001,0.2,2.0,0.25,0.05,lr1e-04_bs16_drop0p2_temp2p0_a0p25_b0p05__wd1e-04trmiss0_degmodglobal,24,0.5661581456661224,0.9309881925582886,0.25,0.5879740629740628,0.3076923076923077,0.0,0.5105631947517395,0.5357805043458939,0.07555587589740753,0.22977334633469582,0.0,0.0,0.0,0.0,0.0,18473,global,0.0
4,5,lr1e-04_bs16_drop0p2_temp2p0_a0p25_b0p05__wd1e-04trmiss0_degmodglobal,16,0.0001,0.0001,0.2,2.0,0.25,0.05,lr1e-04_bs16_drop0p2_temp2p0_a0p25_b0p05__wd1e-04trmiss0_degmodglobal,25,0.5635015219449997,0.9235845804214478,0.25,0.5879740629740628,0.3076923076923077,0.0,0.5255789011716843,0.5338847190141678,0.0748837050050497,0.21791773289442062,0.0,0.0,0.0,0.0,0.0,18473,global,0.0
4,5,lr1e-04_bs16_drop0p4_temp1p0_a0p25_b0p05__wd1e-04trmiss0_degmodglobal,16,0.0001,0.0001,0.4,1.0,0.25,0.05,lr1e-04_bs16_drop0p4_temp1p0_a0p25_b0p05__wd1e-04trmiss0_degmodglobal,1,0.7547959536314011,0.7519794702529907,0.41666666666666663,0.7448523698523699,0.38461538461538464,0.0,0.6957841366529465,0.7215289026498795,0.0855918824672699,0.2373814545571804,0.0,0.0,0.0,0.0,0.0,18473,global,0.0
4,5,lr1e-04_bs16_drop0p4_temp1p0_a0p25_b0p05__wd1e-04trmiss0_degmodglobal,16,0.0001,0.0001,0.4,1.0,0.25,0.05,lr1e-04_bs16_drop0p4_temp1p0_a0p25_b0p05__wd1e-04trmiss0_degmodglobal,2,0.6883656680583954,0.7676101326942444,0.5,0.7788470788470789,0.38461538461538464,0.0,0.6524422913789749,0.6550174355506897,0.0787966288626194,0.2729817368090153,0.0,0.0,0.0,0.0,0.0,18473,global,0.0
4,5,lr1e-04_bs16_drop0p4_temp1p0_a0p25_b0p05__wd1e-04trmiss0_degmodglobal,16,0.0001,0.0001,0.4,1.0,0.25,0.05,lr1e-04_bs16_drop0p4_temp1p0_a0p25_b0p05__wd1e-04trmiss0_degmodglobal,3,0.6921355575323105,0.7933586239814758,0.4722222222222222,0.7418100418100417,0.38461538461538464,0.0,0.624296709895134,0.6565213054418564,0.09522614069283009,0.23615418747067451,0.0,0.0,0.0,0.0,0.0,18473,global,0.0
4,5,lr1e-04_bs16_drop0p4_temp1p0_a0p25_b0p05__wd1e-04trmiss0_degmodglobal,16,0.0001,0.0001,0.4,1.0,0.25,0.05,lr1e-04_bs16_drop0p4_temp1p0_a0p25_b0p05__wd1e-04trmiss0_degmodglobal,4,0.638945609331131,0.8142610192298889,0.4444444444444444,0.7269952269952271,0.3076923076923077,0.0,0.6137143671512604,0.612943634390831,0.06662381580099463,0.1869206763803959,0.0,0.0,0.0,0.0,0.0,18473,global,0.0
4,5,lr1e-04_bs16_drop0p4_temp1p0_a0p25_b0p05__wd1e-04trmiss0_degmodglobal,16,0.0001,0.0001,0.4,1.0,0.25,0.05,lr1e-04_bs16_drop0p4_temp1p0_a0p25_b0p05__wd1e-04trmiss0_degmodglobal,5,0.640271320939064,0.8210826516151428,0.4444444444444444,0.7269952269952271,0.3076923076923077,0.0,0.6054096221923828,0.5946313142776489,0.12655300833284855,0.2800351195037365,0.0,0.0,0.0,0.0,0.0,18473,global,0.0
4,5,lr1e-04_bs16_drop0p4_temp1p0_a0p25_b0p05__wd1e-04trmiss0_degmodglobal,16,0.0001,0.0001,0.4,1.0,0.25,0.05,lr1e-04_bs16_drop0p4_temp1p0_a0p25_b0p05__wd1e-04trmiss0_degmodglobal,6,0.6295275390148163,0.8400686383247375,0.41666666666666663,0.7103285603285603,0.3076923076923077,0.0,0.5962963402271271,0.5962549895048141,0.09684282168745995,0.1812369916588068,0.0,0.0,0.0,0.0,0.0,18473,global,0.0
4,5,lr1e-04_bs16_drop0p4_temp1p0_a0p25_b0p05__wd1e-04trmiss0_degmodglobal,16,0.0001,0.0001,0.4,1.0,0.25,0.05,lr1e-04_bs16_drop0p4_temp1p0_a0p25_b0p05__wd1e-04trmiss0_degmodglobal,7,0.6056259423494339,0.8509243130683899,0.3888888888888889,0.701069301069301,0.38461538461538464,0.0,0.6143192052841187,0.5732657313346863,0.08147667720913887,0.23982078582048416,0.0,0.0,0.0,0.0,0.0,18473,global,0.0
4,5,lr1e-04_bs16_drop0p4_temp1p0_a0p25_b0p05__wd1e-04trmiss0_degmodglobal,16,0.0001,0.0001,0.4,1.0,0.25,0.05,lr1e-04_bs16_drop0p4_temp1p0_a0p25_b0p05__wd1e-04trmiss0_degmodglobal,8,0.6223121285438538,0.8593941330909729,0.3888888888888889,0.701069301069301,0.38461538461538464,0.0,0.6087636500597,0.5822314023971558,0.11130028031766415,0.2451130673289299,0.0,0.0,0.0,0.0,0.0,18473,global,0.0
4,5,lr1e-04_bs16_drop0p4_temp1p0_a0p25_b0p05__wd1e-04trmiss0_degmodglobal,16,0.0001,0.0001,0.4,1.0,0.25,0.05,lr1e-04_bs16_drop0p4_temp1p0_a0p25_b0p05__wd1e-04trmiss0_degmodglobal,9,0.5832274854183197,0.8483655452728271,0.4166666666666667,0.7381063381063382,0.38461538461538464,0.0,0.5702788829803467,0.5413705408573151,0.10078704636543989,0.3332037478685379,0.0,0.0,0.0,0.0,0.0,18473,global,0.0
4,5,lr1e-04_bs16_drop0p4_temp1p0_a0p25_b0p05__wd1e-04trmiss0_degmodglobal,16,0.0001,0.0001,0.4,1.0,0.25,0.05,lr1e-04_bs16_drop0p4_temp1p0_a0p25_b0p05__wd1e-04trmiss0_degmodglobal,10,0.6094073802232742,0.8423884510993958,0.4444444444444444,0.7473655973655975,0.38461538461538464,0.0,0.5755935162305832,0.5812808871269226,0.08416605833917856,0.1416996568441391,0.0,0.0,0.0,0.0,0.0,18473,global,0.0
4,5,lr1e-04_bs16_drop0p4_temp1p0_a0p25_b0p05__wd1e-04trmiss0_degmodglobal,16,0.0001,0.0001,0.4,1.0,0.25,0.05,lr1e-04_bs16_drop0p4_temp1p0_a0p25_b0p05__wd1e-04trmiss0_degmodglobal,11,0.5774873793125153,0.837355375289917,0.4444444444444444,0.7473655973655975,0.38461538461538464,0.0,0.5244496539235115,0.5361962467432022,0.11881993524730206,0.23172349482774734,0.0,0.0,0.0,0.0,0.0,18473,global,0.0
4,5,lr1e-04_bs16_drop0p4_temp1p0_a0p25_b0p05__wd1e-04trmiss0_degmodglobal,16,0.0001,0.0001,0.4,1.0,0.25,0.05,lr1e-04_bs16_drop0p4_temp1p0_a0p25_b0p05__wd1e-04trmiss0_degmodglobal,12,0.5748599171638489,0.8294100165367126,0.4722222222222222,0.7340659340659341,0.38461538461538464,0.0,0.5448834002017975,0.5379285216331482,0.11104067228734493,0.18342440947890282,0.0,0.0,0.0,0.0,0.0,18473,global,0.0
4,5,lr1e-04_bs16_drop0p4_temp1p0_a0p25_b0p05__wd1e-04trmiss0_degmodglobal,16,0.0001,0.0001,0.4,1.0,0.25,0.05,lr1e-04_bs16_drop0p4_temp1p0_a0p25_b0p05__wd1e-04trmiss0_degmodglobal,13,0.6235096007585526,0.8383830189704895,0.4722222222222222,0.7340659340659341,0.38461538461538464,0.0,0.5570469945669174,0.5763138085603714,0.12393216229975224,0.3242547810077667,0.0,0.0,0.0,0.0,0.0,18473,global,0.0
4,5,lr1e-04_bs16_drop0p4_temp1p0_a0p25_b0p05__wd1e-04trmiss0_degmodglobal,16,0.0001,0.0001,0.4,1.0,0.25,0.05,lr1e-04_bs16_drop0p4_temp1p0_a0p25_b0p05__wd1e-04trmiss0_degmodglobal,14,0.5792873352766037,0.8491840958595276,0.4444444444444444,0.7173992673992675,0.38461538461538464,0.0,0.5340024381875992,0.536428801715374,0.11566118337213993,0.2788648009300232,0.0,0.0,0.0,0.0,0.0,18473,global,0.0
4,5,lr1e-04_bs16_drop0p4_temp1p0_a0p25_b0p05__wd1e-04trmiss0_degmodglobal,16,0.0001,0.0001,0.4,1.0,0.25,0.05,lr1e-04_bs16_drop0p4_temp1p0_a0p25_b0p05__wd1e-04trmiss0_degmodglobal,15,0.602623239159584,0.8548363447189331,0.4444444444444444,0.7473655973655975,0.38461538461538464,0.0,0.5418919250369072,0.5620968863368034,0.1211110595613718,0.2049722783267498,0.0,0.0,0.0,0.0,0.0,18473,global,0.0
4,5,lr1e-04_bs16_drop0p4_temp1p0_a0p25_b0p05__wd1e-04trmiss0_degmodglobal,16,0.0001,0.0001,0.4,1.0,0.25,0.05,lr1e-04_bs16_drop0p4_temp1p0_a0p25_b0p05__wd1e-04trmiss0_degmodglobal,16,0.5926185846328735,0.8550381660461426,0.41666666666666663,0.7103285603285603,0.38461538461538464,0.0,0.5151232033967972,0.5531469285488129,0.10973732359707355,0.24074658751487732,0.0,0.0,0.0,0.0,0.0,18473,global,0.0
4,5,lr1e-04_bs16_drop0p4_temp1p0_a0p25_b0p05__wd1e-04trmiss0_degmodglobal,16,0.0001,0.0001,0.4,1.0,0.25,0.05,lr1e-04_bs16_drop0p4_temp1p0_a0p25_b0p05__wd1e-04trmiss0_degmodglobal,17,0.5890290886163712,0.839486837387085,0.4722222222222222,0.7544363044363045,0.38461538461538464,0.0,0.532951645553112,0.5547482967376709,0.09879962168633938,0.19161782786250114,0.0,0.0,0.0,0.0,0.0,18473,global,0.0
4,5,lr1e-04_bs16_drop0p4_temp1p0_a0p25_b0p05__wd1e-04trmiss0_degmodglobal,16,0.0001,0.0001,0.4,1.0,0.25,0.05,lr1e-04_bs16_drop0p4_temp1p0_a0p25_b0p05__wd1e-04trmiss0_degmodglobal,18,0.5556929707527161,0.841620683670044,0.4722222222222222,0.7544363044363045,0.38461538461538464,0.0,0.5353433787822723,0.5161620676517487,0.11010583862662315,0.24008903745561838,0.0,0.0,0.0,0.0,0.0,18473,global,0.0
4,5,lr1e-04_bs16_drop0p4_temp1p0_a0p25_b0p05__wd1e-04trmiss0_degmodglobal,16,0.0001,0.0001,0.4,1.0,0.25,0.05,lr1e-04_bs16_drop0p4_temp1p0_a0p25_b0p05__wd1e-04trmiss0_degmodglobal,19,0.5750032961368561,0.8383520841598511,0.4722222222222222,0.7544363044363045,0.38461538461538464,0.0,0.5453513562679291,0.5428577810525894,0.09317636210471392,0.17702831514179707,0.0,0.0,0.0,0.0,0.0,18473,global,0.0
4,5,lr1e-04_bs16_drop0p4_temp1p0_a0p25_b0p05__wd1e-04trmiss0_degmodglobal,16,0.0001,0.0001,0.4,1.0,0.25,0.05,lr1e-04_bs16_drop0p4_temp1p0_a0p25_b0p05__wd1e-04trmiss0_degmodglobal,20,0.5614747852087021,0.8411667943000793,0.41666666666666663,0.7103285603285603,0.38461538461538464,0.0,0.5162559896707535,0.5105286166071892,0.1383675616234541,0.32708533480763435,0.0,0.0,0.0,0.0,0.0,18473,global,0.0
4,5,lr1e-04_bs16_drop0p4_temp1p0_a0p25_b0p05__wd1e-04trmiss0_degmodglobal,16,0.0001,0.0001,0.4,1.0,0.25,0.05,lr1e-04_bs16_drop0p4_temp1p0_a0p25_b0p05__wd1e-04trmiss0_degmodglobal,21,0.5906582027673721,0.8500940203666687,0.41666666666666663,0.7103285603285603,0.38461538461538464,0.0,0.48394714295864105,0.5490399077534676,0.11336327623575926,0.26554927229881287,0.0,0.0,0.0,0.0,0.0,18473,global,0.0
4,5,lr1e-04_bs16_drop0p4_temp1p0_a0p25_b0p05__wd1e-04trmiss0_degmodglobal,16,0.0001,0.0001,0.4,1.0,0.25,0.05,lr1e-04_bs16_drop0p4_temp1p0_a0p25_b0p05__wd1e-04trmiss0_degmodglobal,22,0.5669892579317093,0.848720133304596,0.38888888888888884,0.6918100418100419,0.3076923076923077,0.0,0.5220367759466171,0.5292690545320511,0.10291560180485249,0.23982609435915947,0.0,0.0,0.0,0.0,0.0,18473,global,0.0
4,5,lr1e-04_bs16_drop0p4_temp1p0_a0p25_b0p05__wd1e-04trmiss0_degmodglobal,16,0.0001,0.0001,0.4,1.0,0.25,0.05,lr1e-04_bs16_drop0p4_temp1p0_a0p25_b0p05__wd1e-04trmiss0_degmodglobal,23,0.576889306306839,0.854806661605835,0.38888888888888884,0.6918100418100419,0.3076923076923077,0.0,0.5239236354827881,0.5338070392608643,0.11925979889929295,0.2653462439775467,0.0,0.0,0.0,0.0,0.0,18473,global,0.0
4,5,lr1e-04_bs16_drop0p4_temp1p0_a0p25_b0p05__wd1e-04trmiss0_degmodglobal,16,0.0001,0.0001,0.4,1.0,0.25,0.05,lr1e-04_bs16_drop0p4_temp1p0_a0p25_b0p05__wd1e-04trmiss0_degmodglobal,24,0.6018032729625702,0.8528469800949097,0.3611111111111111,0.6825507825507826,0.3076923076923077,0.0,0.504960410296917,0.5532069653272629,0.12113223969936371,0.366264421492815,0.0,0.0,0.0,0.0,0.0,18473,global,0.0
4,5,lr1e-04_bs16_drop0p4_temp1p0_a0p25_b0p05__wd1e-04trmiss0_degmodglobal,16,0.0001,0.0001,0.4,1.0,0.25,0.05,lr1e-04_bs16_drop0p4_temp1p0_a0p25_b0p05__wd1e-04trmiss0_degmodglobal,25,0.5825220793485641,0.8635687828063965,0.38888888888888884,0.6918100418100419,0.38461538461538464,0.0,0.5430613905191422,0.5450500771403313,0.1035831281915307,0.2315245196223259,0.0,0.0,0.0,0.0,0.0,18473,global,0.0
4,5,lr1e-04_bs16_drop0p4_temp1p0_a0p25_b0p05__wd1e-04trmiss0_degmodglobal,16,0.0001,0.0001,0.4,1.0,0.25,0.05,lr1e-04_bs16_drop0p4_temp1p0_a0p25_b0p05__wd1e-04trmiss0_degmodglobal,26,0.5729308575391769,0.8696414232254028,0.38888888888888884,0.6918100418100419,0.38461538461538464,0.0,0.4959704726934433,0.5272651016712189,0.12875286489725113,0.26955054327845573,0.0,0.0,0.0,0.0,0.0,18473,global,0.0
4,5,lr1e-04_bs16_drop0p4_temp1p0_a0p25_b0p05__wd1e-04trmiss0_degmodglobal,16,0.0001,0.0001,0.4,1.0,0.25,0.05,lr1e-04_bs16_drop0p4_temp1p0_a0p25_b0p05__wd1e-04trmiss0_degmodglobal,27,0.5929457098245621,0.8743095993995667,0.38888888888888884,0.6918100418100419,0.38461538461538464,0.0,0.5299307703971863,0.5632177740335464,0.0841180831193924,0.17396884225308895,0.0,0.0,0.0,0.0,0.0,18473,global,0.0
4,5,lr1e-04_bs16_drop0p4_temp1p0_a0p25_b0p05__wd1e-04trmiss0_degmodglobal,16,0.0001,0.0001,0.4,1.0,0.25,0.05,lr1e-04_bs16_drop0p4_temp1p0_a0p25_b0p05__wd1e-04trmiss0_degmodglobal,28,0.5674765408039093,0.8661132454872131,0.38888888888888884,0.6918100418100419,0.38461538461538464,0.0,0.4719117060303688,0.5139198154211044,0.14579243399202824,0.342172272503376,0.0,0.0,0.0,0.0,0.0,18473,global,0.0
4,5,lr1e-04_bs16_drop0p4_temp1p0_a0p25_b0p05__wd1e-04trmiss0_degmodglobal,16,0.0001,0.0001,0.4,1.0,0.25,0.05,lr1e-04_bs16_drop0p4_temp1p0_a0p25_b0p05__wd1e-04trmiss0_degmodglobal,29,0.5963261127471924,0.8614468574523926,0.38888888888888884,0.6918100418100419,0.38461538461538464,0.0,0.5070813819766045,0.5601123422384262,0.0995232118293643,0.22665966674685478,0.0,0.0,0.0,0.0,0.0,18473,global,0.0
4,5,lr1e-04_bs16_drop0p4_temp1p0_a0p25_b0p05__wd1e-04trmiss0_degmodglobal,16,0.0001,0.0001,0.4,1.0,0.25,0.05,lr1e-04_bs16_drop0p4_temp1p0_a0p25_b0p05__wd1e-04trmiss0_degmodglobal,30,0.5636392086744308,0.8675576448440552,0.41666666666666663,0.7103285603285603,0.38461538461538464,0.0,0.4939013719558716,0.5308346599340439,0.09371857903897762,0.18749786540865898,0.0,0.0,0.0,0.0,0.0,18473,global,0.0
4,5,lr1e-04_bs16_drop0p4_temp1p0_a0p25_b0p05__wd1e-04trmiss0_degmodglobal,16,0.0001,0.0001,0.4,1.0,0.25,0.05,lr1e-04_bs16_drop0p4_temp1p0_a0p25_b0p05__wd1e-04trmiss0_degmodglobal,31,0.6143459677696228,0.8795247673988342,0.41666666666666663,0.7103285603285603,0.38461538461538464,0.0,0.542043536901474,0.5818011686205864,0.08754921425133944,0.21314988285303116,0.0,0.0,0.0,0.0,0.0,18473,global,0.0
4,5,lr1e-04_bs16_drop0p4_temp1p0_a0p25_b0p05__wd1e-04trmiss0_degmodglobal,16,0.0001,0.0001,0.4,1.0,0.25,0.05,lr1e-04_bs16_drop0p4_temp1p0_a0p25_b0p05__wd1e-04trmiss0_degmodglobal,32,0.560552328824997,0.8605653047561646,0.38888888888888884,0.6918100418100419,0.38461538461538464,0.0,0.4797358885407448,0.5193319916725159,0.10837556049227715,0.2825288772583008,0.0,0.0,0.0,0.0,0.0,18473,global,0.0
4,5,lr1e-04_bs16_drop0p4_temp2p0_a0p25_b0p05__wd1e-04trmiss0_degmodglobal,16,0.0001,0.0001,0.4,2.0,0.25,0.05,lr1e-04_bs16_drop0p4_temp2p0_a0p25_b0p05__wd1e-04trmiss0_degmodglobal,1,0.6960622370243073,0.6927474141120911,0.5833333333333334,0.8243978243978245,0.46153846153846156,0.0,0.7106949239969254,0.6741184592247009,0.05557824391871691,0.16098423302173615,0.0,0.0,0.0,0.0,0.0,18473,global,0.0
4,5,lr1e-04_bs16_drop0p4_temp2p0_a0p25_b0p05__wd1e-04trmiss0_degmodglobal,16,0.0001,0.0001,0.4,2.0,0.25,0.05,lr1e-04_bs16_drop0p4_temp2p0_a0p25_b0p05__wd1e-04trmiss0_degmodglobal,2,0.6707229167222977,0.6975734829902649,0.5833333333333333,0.8333925333925336,0.5384615384615384,0.0,0.6563357561826706,0.6583439707756042,0.03137093223631382,0.09072388615459204,0.0,0.0,0.0,0.0,0.0,18473,global,0.0
4,5,lr1e-04_bs16_drop0p4_temp2p0_a0p25_b0p05__wd1e-04trmiss0_degmodglobal,16,0.0001,0.0001,0.4,2.0,0.25,0.05,lr1e-04_bs16_drop0p4_temp2p0_a0p25_b0p05__wd1e-04trmiss0_degmodglobal,3,0.6515436917543411,0.7005800604820251,0.6111111111111112,0.83980278980279,0.5384615384615384,0.0,0.6347498744726181,0.6407775580883026,0.02774552395567298,0.07659489288926125,0.0,0.0,0.0,0.0,0.0,18473,global,0.0
4,5,lr1e-04_bs16_drop0p4_temp2p0_a0p25_b0p05__wd1e-04trmiss0_degmodglobal,16,0.0001,0.0001,0.4,2.0,0.25,0.05,lr1e-04_bs16_drop0p4_temp2p0_a0p25_b0p05__wd1e-04trmiss0_degmodglobal,4,0.627979964017868,0.7047649025917053,0.5833333333333333,0.8298821548821549,0.5384615384615384,0.0,0.5942205786705017,0.6125771254301071,0.04080960713326931,0.10400921478867531,0.0,0.0,0.0,0.0,0.0,18473,global,0.0
4,5,lr1e-04_bs16_drop0p4_temp2p0_a0p25_b0p05__wd1e-04trmiss0_degmodglobal,16,0.0001,0.0001,0.4,2.0,0.25,0.05,lr1e-04_bs16_drop0p4_temp2p0_a0p25_b0p05__wd1e-04trmiss0_degmodglobal,5,0.6088211983442307,0.7015541791915894,0.5555555555555556,0.8027657527657528,0.46153846153846156,0.0,0.5784678012132645,0.591964840888977,0.04871605336666107,0.09354668576270342,0.0,0.0,0.0,0.0,0.0,18473,global,0.0
4,5,lr1e-04_bs16_drop0p4_temp2p0_a0p25_b0p05__wd1e-04trmiss0_degmodglobal,16,0.0001,0.0001,0.4,2.0,0.25,0.05,lr1e-04_bs16_drop0p4_temp2p0_a0p25_b0p05__wd1e-04trmiss0_degmodglobal,6,0.6161824464797974,0.7012412548065186,0.5555555555555556,0.8027657527657528,0.38461538461538464,0.0,0.5969408601522446,0.5958876758813858,0.05389586742967367,0.1364164501428604,0.0,0.0,0.0,0.0,0.0,18473,global,0.0
4,5,lr1e-04_bs16_drop0p4_temp2p0_a0p25_b0p05__wd1e-04trmiss0_degmodglobal,16,0.0001,0.0001,0.4,2.0,0.25,0.05,lr1e-04_bs16_drop0p4_temp2p0_a0p25_b0p05__wd1e-04trmiss0_degmodglobal,7,0.5995250046253204,0.7079288959503174,0.5555555555555556,0.8027657527657528,0.38461538461538464,0.0,0.5986227989196777,0.5839534252882004,0.04198956210166216,0.10148370824754238,0.0,0.0,0.0,0.0,0.0,18473,global,0.0
4,5,lr1e-04_bs16_drop0p4_temp2p0_a0p25_b0p05__wd1e-04trmiss0_degmodglobal,16,0.0001,0.0001,0.4,2.0,0.25,0.05,lr1e-04_bs16_drop0p4_temp2p0_a0p25_b0p05__wd1e-04trmiss0_degmodglobal,8,0.5789333879947662,0.7114303708076477,0.5833333333333333,0.8120250120250121,0.38461538461538464,0.0,0.5793715268373489,0.564657986164093,0.039519403129816055,0.08791085053235292,0.0,0.0,0.0,0.0,0.0,18473,global,0.0
4,5,lr1e-04_bs16_drop0p4_temp2p0_a0p25_b0p05__wd1e-04trmiss0_degmodglobal,16,0.0001,0.0001,0.4,2.0,0.25,0.05,lr1e-04_bs16_drop0p4_temp2p0_a0p25_b0p05__wd1e-04trmiss0_degmodglobal,9,0.6143337488174438,0.7155802249908447,0.5555555555555556,0.7842472342472344,0.38461538461538464,0.0,0.607279896736145,0.5954966992139816,0.05066310428082943,0.12342560663819313,0.0,0.0,0.0,0.0,0.0,18473,global,0.0
4,5,lr1e-04_bs16_drop0p4_temp2p0_a0p25_b0p05__wd1e-04trmiss0_degmodglobal,16,0.0001,0.0001,0.4,2.0,0.25,0.05,lr1e-04_bs16_drop0p4_temp2p0_a0p25_b0p05__wd1e-04trmiss0_degmodglobal,10,0.5972638428211212,0.716435968875885,0.5277777777777778,0.7675805675805676,0.38461538461538464,0.0,0.6116731464862823,0.5799669474363327,0.043906087055802345,0.1264075767248869,0.0,0.0,0.0,0.0,0.0,18473,global,0.0
4,5,lr1e-04_bs16_drop0p4_temp2p0_a0p25_b0p05__wd1e-04trmiss0_degmodglobal,16,0.0001,0.0001,0.4,2.0,0.25,0.05,lr1e-04_bs16_drop0p4_temp2p0_a0p25_b0p05__wd1e-04trmiss0_degmodglobal,11,0.5972930192947388,0.7156320214271545,0.5,0.7583213083213083,0.38461538461538464,0.0,0.5331072211265564,0.5738698691129684,0.060517847537994385,0.16587382182478905,0.0,0.0,0.0,0.0,0.0,18473,global,0.0
4,5,lr1e-04_bs16_drop0p4_temp2p0_a0p25_b0p05__wd1e-04trmiss0_degmodglobal,16,0.0001,0.0001,0.4,2.0,0.25,0.05,lr1e-04_bs16_drop0p4_temp2p0_a0p25_b0p05__wd1e-04trmiss0_degmodglobal,12,0.6107698827981949,0.7170047760009766,0.5277777777777778,0.7675805675805676,0.38461538461538464,0.0,0.5312258303165436,0.5839820206165314,0.06909780204296112,0.1902680704370141,0.0,0.0,0.0,0.0,0.0,18473,global,0.0
4,5,lr1e-04_bs16_drop0p4_temp2p0_a0p25_b0p05__wd1e-04trmiss0_degmodglobal,16,0.0001,0.0001,0.4,2.0,0.25,0.05,lr1e-04_bs16_drop0p4_temp2p0_a0p25_b0p05__wd1e-04trmiss0_degmodglobal,13,0.6074301898479462,0.716522216796875,0.49999999999999994,0.7305435305435306,0.38461538461538464,0.0,0.5413322895765305,0.5813246965408325,0.06327111460268497,0.20575419627130032,0.0,0.0,0.0,0.0,0.0,18473,global,0.0
4,5,lr1e-04_bs16_drop0p4_temp2p0_a0p25_b0p05__wd1e-04trmiss0_degmodglobal,16,0.0001,0.0001,0.4,2.0,0.25,0.05,lr1e-04_bs16_drop0p4_temp2p0_a0p25_b0p05__wd1e-04trmiss0_degmodglobal,14,0.6164554804563522,0.7168338298797607,0.4722222222222222,0.7212842712842713,0.38461538461538464,0.0,0.5642078667879105,0.592970535159111,0.05905632674694061,0.1744173727929592,0.0,0.0,0.0,0.0,0.0,18473,global,0.0
4,5,lr1e-04_bs16_drop0p4_temp2p0_a0p25_b0p05__wd1e-04trmiss0_degmodglobal,16,0.0001,0.0001,0.4,2.0,0.25,0.05,lr1e-04_bs16_drop0p4_temp2p0_a0p25_b0p05__wd1e-04trmiss0_degmodglobal,15,0.6225707232952118,0.718159019947052,0.5,0.7583213083213083,0.38461538461538464,0.0,0.5065408200025558,0.5955392718315125,0.06558829452842474,0.21268778666853905,0.0,0.0,0.0,0.0,0.0,18473,global,0.0
4,5,lr1e-04_bs16_drop0p4_temp2p0_a0p25_b0p05__wd1e-04trmiss0_degmodglobal,16,0.0001,0.0001,0.4,2.0,0.25,0.05,lr1e-04_bs16_drop0p4_temp2p0_a0p25_b0p05__wd1e-04trmiss0_degmodglobal,16,0.5859519839286804,0.7183268666267395,0.5,0.7583213083213083,0.38461538461538464,0.0,0.5215421542525291,0.5590119063854218,0.07224675547331572,0.17756743729114532,0.0,0.0,0.0,0.0,0.0,18473,global,0.0
4,5,lr1e-04_bs16_drop0p4_temp2p0_a0p25_b0p05__wd1e-04trmiss0_degmodglobal,16,0.0001,0.0001,0.4,2.0,0.25,0.05,lr1e-04_bs16_drop0p4_temp2p0_a0p25_b0p05__wd1e-04trmiss0_degmodglobal,17,0.5890417248010635,0.7178471684455872,0.5,0.7583213083213083,0.38461538461538464,0.0,0.5124597102403641,0.562074676156044,0.0707194758579135,0.18574315682053566,0.0,0.0,0.0,0.0,0.0,18473,global,0.0
4,5,lr1e-04_bs16_drop0p4_temp2p0_a0p25_b0p05__wd1e-04trmiss0_degmodglobal,16,0.0001,0.0001,0.4,2.0,0.25,0.05,lr1e-04_bs16_drop0p4_temp2p0_a0p25_b0p05__wd1e-04trmiss0_degmodglobal,18,0.6093608886003494,0.719561755657196,0.5,0.7583213083213083,0.38461538461538464,0.0,0.5477088540792465,0.5806045681238174,0.0657087666913867,0.24658261239528656,0.0,0.0,0.0,0.0,0.0,18473,global,0.0
4,5,lr1e-04_bs16_drop0p4_temp2p0_a0p25_b0p05__wd1e-04trmiss0_degmodglobal,16,0.0001,0.0001,0.4,2.0,0.25,0.05,lr1e-04_bs16_drop0p4_temp2p0_a0p25_b0p05__wd1e-04trmiss0_degmodglobal,19,0.5940580368041992,0.7171754240989685,0.5,0.7583213083213083,0.38461538461538464,0.0,0.4967179298400879,0.560339167714119,0.08617976307868958,0.24347834289073944,0.0,0.0,0.0,0.0,0.0,18473,global,0.0
4,5,lr1e-04_bs16_drop0p4_temp2p0_a0p25_b0p05__wd1e-04trmiss0_degmodglobal,16,0.0001,0.0001,0.4,2.0,0.25,0.05,lr1e-04_bs16_drop0p4_temp2p0_a0p25_b0p05__wd1e-04trmiss0_degmodglobal,20,0.5876059532165527,0.7163095474243164,0.5,0.7583213083213083,0.38461538461538464,0.0,0.5346913114190102,0.5671966671943665,0.0577893890440464,0.11923879198729992,0.0,0.0,0.0,0.0,0.0,18473,global,0.0
4,5,lr1e-04_bs16_drop0p4_temp2p0_a0p25_b0p05__wd1e-04trmiss0_degmodglobal,16,0.0001,0.0001,0.4,2.0,0.25,0.05,lr1e-04_bs16_drop0p4_temp2p0_a0p25_b0p05__wd1e-04trmiss0_degmodglobal,21,0.5515459328889847,0.7144863605499268,0.5,0.7583213083213083,0.38461538461538464,0.0,0.5031231418251991,0.5319949686527252,0.0566541338339448,0.10774829611182213,0.0,0.0,0.0,0.0,0.0,18473,global,0.0
4,5,lr1e-04_bs16_drop0p4_temp2p0_a0p25_b0p05__wd1e-04trmiss0_degmodglobal,16,0.0001,0.0001,0.4,2.0,0.25,0.05,lr1e-04_bs16_drop0p4_temp2p0_a0p25_b0p05__wd1e-04trmiss0_degmodglobal,22,0.5902785062789917,0.7135339975357056,0.5555555555555556,0.8027657527657528,0.38461538461538464,0.0,0.5289902836084366,0.5553271770477295,0.08951001055538654,0.25147655606269836,0.0,0.0,0.0,0.0,0.0,18473,global,0.0
4,5,lr1e-04_bs16_drop0p4_temp2p0_a0p25_b0p05__wd1e-04trmiss0_degmodglobal,16,0.0001,0.0001,0.4,2.0,0.25,0.05,lr1e-04_bs16_drop0p4_temp2p0_a0p25_b0p05__wd1e-04trmiss0_degmodglobal,23,0.5679620504379272,0.7139106392860413,0.5833333333333333,0.8120250120250121,0.38461538461538464,0.0,0.5235259830951691,0.5353782996535301,0.07869638595730066,0.2581929937005043,0.0,0.0,0.0,0.0,0.0,18473,global,0.0
4,5,lr1e-04_bs16_drop0p4_temp2p0_a0p25_b0p05__wd1e-04trmiss0_degmodglobal,16,0.0001,0.0001,0.4,2.0,0.25,0.05,lr1e-04_bs16_drop0p4_temp2p0_a0p25_b0p05__wd1e-04trmiss0_degmodglobal,24,0.5844444334506989,0.7156622409820557,0.5277777777777778,0.7963554963554964,0.38461538461538464,0.0,0.5082849264144897,0.5530705749988556,0.07990267407149076,0.2279643416404724,0.0,0.0,0.0,0.0,0.0,18473,global,0.0
4,5,lr1e-04_bs16_drop0p4_temp2p0_a0p25_b0p05__wd1e-04trmiss0_degmodglobal,16,0.0001,0.0001,0.4,2.0,0.25,0.05,lr1e-04_bs16_drop0p4_temp2p0_a0p25_b0p05__wd1e-04trmiss0_degmodglobal,25,0.5868352800607681,0.7191951274871826,0.5,0.7864348614348615,0.38461538461538464,0.0,0.48069891333580017,0.5576121658086777,0.07718083169311285,0.1985582923516631,0.0,0.0,0.0,0.0,0.0,18473,global,0.0
4,5,lr1e-04_bs16_drop0p4_temp2p0_a0p25_b0p05__wd1e-04trmiss0_degmodglobal,16,0.0001,0.0001,0.4,2.0,0.25,0.05,lr1e-04_bs16_drop0p4_temp2p0_a0p25_b0p05__wd1e-04trmiss0_degmodglobal,26,0.617174431681633,0.7262587547302246,0.5,0.7864348614348615,0.38461538461538464,0.0,0.4576333537697792,0.5713866651058197,0.10665483772754669,0.38248101621866226,0.0,0.0,0.0,0.0,0.0,18473,global,0.0
4,5,lr1e-04_bs16_drop0p4_temp2p0_a0p25_b0p05__wd1e-04trmiss0_degmodglobal,16,0.0001,0.0001,0.4,2.0,0.25,0.05,lr1e-04_bs16_drop0p4_temp2p0_a0p25_b0p05__wd1e-04trmiss0_degmodglobal,27,0.5926214307546616,0.7281798124313354,0.41666666666666663,0.7049533799533798,0.38461538461538464,0.0,0.5330650061368942,0.5681830048561096,0.06038913317024708,0.18682324513792992,0.0,0.0,0.0,0.0,0.0,18473,global,0.0
4,5,lr1e-04_bs16_drop0p4_temp2p0_a0p25_b0p05__wd1e-04trmiss0_degmodglobal,16,0.0001,0.0001,0.4,2.0,0.25,0.05,lr1e-04_bs16_drop0p4_temp2p0_a0p25_b0p05__wd1e-04trmiss0_degmodglobal,28,0.6160855442285538,0.7313416004180908,0.38888888888888884,0.6943713693713693,0.38461538461538464,0.0,0.501953162252903,0.5741973221302032,0.10342544224113226,0.32063719630241394,0.0,0.0,0.0,0.0,0.0,18473,global,0.0
4,5,lr5e-05_bs16_drop0p2_temp1p0_a0p25_b0p05__wd1e-04trmiss0_degmodglobal,16,5e-05,0.0001,0.2,1.0,0.25,0.05,lr5e-05_bs16_drop0p2_temp1p0_a0p25_b0p05__wd1e-04trmiss0_degmodglobal,1,0.7236122339963913,0.7342748641967773,0.3055555555555556,0.7112103945437278,0.46153846153846156,0.0,0.7175550907850266,0.7000689059495926,0.06556273065507412,0.14305325876921415,0.0,0.0,0.0,0.0,0.0,18473,global,0.0
4,5,lr5e-05_bs16_drop0p2_temp1p0_a0p25_b0p05__wd1e-04trmiss0_degmodglobal,16,5e-05,0.0001,0.2,1.0,0.25,0.05,lr5e-05_bs16_drop0p2_temp1p0_a0p25_b0p05__wd1e-04trmiss0_degmodglobal,2,0.687679335474968,0.7440006136894226,0.3055555555555556,0.7112103945437278,0.46153846153846156,0.0,0.6698996871709824,0.6661714613437653,0.06158267706632614,0.1222444474697113,0.0,0.0,0.0,0.0,0.0,18473,global,0.0
4,5,lr5e-05_bs16_drop0p2_temp1p0_a0p25_b0p05__wd1e-04trmiss0_degmodglobal,16,5e-05,0.0001,0.2,1.0,0.25,0.05,lr5e-05_bs16_drop0p2_temp1p0_a0p25_b0p05__wd1e-04trmiss0_degmodglobal,3,0.6668111979961395,0.756933331489563,0.3055555555555556,0.7112103945437278,0.46153846153846156,0.0,0.6581316590309143,0.6441165059804916,0.06619496084749699,0.12291881814599037,0.0,0.0,0.0,0.0,0.0,18473,global,0.0
4,5,lr5e-05_bs16_drop0p2_temp1p0_a0p25_b0p05__wd1e-04trmiss0_degmodglobal,16,5e-05,0.0001,0.2,1.0,0.25,0.05,lr5e-05_bs16_drop0p2_temp1p0_a0p25_b0p05__wd1e-04trmiss0_degmodglobal,4,0.6352564841508865,0.7644169926643372,0.33333333333333337,0.7191469024802357,0.46153846153846156,0.0,0.6482591778039932,0.6157908737659454,0.06093424838036299,0.08464130386710167,0.0,0.0,0.0,0.0,0.0,18473,global,0.0
4,5,lr5e-05_bs16_drop0p2_temp1p0_a0p25_b0p05__wd1e-04trmiss0_degmodglobal,16,5e-05,0.0001,0.2,1.0,0.25,0.05,lr5e-05_bs16_drop0p2_temp1p0_a0p25_b0p05__wd1e-04trmiss0_degmodglobal,5,0.6323042511940002,0.7704799771308899,0.41666666666666663,0.7620481370481371,0.46153846153846156,0.0,0.6303021609783173,0.6143074780702591,0.052902255207300186,0.09542388655245304,0.0,0.0,0.0,0.0,0.0,18473,global,0.0
4,5,lr5e-05_bs16_drop0p2_temp1p0_a0p25_b0p05__wd1e-04trmiss0_degmodglobal,16,5e-05,0.0001,0.2,1.0,0.25,0.05,lr5e-05_bs16_drop0p2_temp1p0_a0p25_b0p05__wd1e-04trmiss0_degmodglobal,6,0.6303495317697525,0.7796517610549927,0.41666666666666663,0.7620481370481371,0.46153846153846156,0.0,0.6336264163255692,0.6072686314582825,0.05827037803828716,0.17026615608483553,0.0,0.0,0.0,0.0,0.0,18473,global,0.0
4,5,lr5e-05_bs16_drop0p2_temp1p0_a0p25_b0p05__wd1e-04trmiss0_degmodglobal,16,5e-05,0.0001,0.2,1.0,0.25,0.05,lr5e-05_bs16_drop0p2_temp1p0_a0p25_b0p05__wd1e-04trmiss0_degmodglobal,7,0.6001731306314468,0.7953397631645203,0.41666666666666663,0.7620481370481371,0.46153846153846156,0.0,0.605252206325531,0.5827112048864365,0.0491557065397501,0.10346029698848724,0.0,0.0,0.0,0.0,0.0,18473,global,0.0
4,5,lr5e-05_bs16_drop0p2_temp1p0_a0p25_b0p05__wd1e-04trmiss0_degmodglobal,16,5e-05,0.0001,0.2,1.0,0.25,0.05,lr5e-05_bs16_drop0p2_temp1p0_a0p25_b0p05__wd1e-04trmiss0_degmodglobal,8,0.5798167586326599,0.8104125261306763,0.41666666666666663,0.7620481370481371,0.5384615384615384,0.0,0.5840480774641037,0.5624935775995255,0.04753760062158108,0.10877534933388233,0.0,0.0,0.0,0.0,0.0,18473,global,0.0
4,5,lr5e-05_bs16_drop0p2_temp1p0_a0p25_b0p05__wd1e-04trmiss0_degmodglobal,16,5e-05,0.0001,0.2,1.0,0.25,0.05,lr5e-05_bs16_drop0p2_temp1p0_a0p25_b0p05__wd1e-04trmiss0_degmodglobal,9,0.585696280002594,0.8080610632896423,0.41666666666666663,0.7620481370481371,0.5384615384615384,0.0,0.5639913231134415,0.5623376071453094,0.06380944233387709,0.14812633022665977,0.0,0.0,0.0,0.0,0.0,18473,global,0.0
4,5,lr5e-05_bs16_drop0p2_temp1p0_a0p25_b0p05__wd1e-04trmiss0_degmodglobal,16,5e-05,0.0001,0.2,1.0,0.25,0.05,lr5e-05_bs16_drop0p2_temp1p0_a0p25_b0p05__wd1e-04trmiss0_degmodglobal,10,0.5723077952861786,0.8105394840240479,0.41666666666666663,0.7620481370481371,0.46153846153846156,0.0,0.5783827155828476,0.5514644831418991,0.057603275403380394,0.1288500651717186,0.0,0.0,0.0,0.0,0.0,18473,global,0.0
4,5,lr5e-05_bs16_drop0p2_temp1p0_a0p25_b0p05__wd1e-04trmiss0_degmodglobal,16,5e-05,0.0001,0.2,1.0,0.25,0.05,lr5e-05_bs16_drop0p2_temp1p0_a0p25_b0p05__wd1e-04trmiss0_degmodglobal,11,0.5889381915330887,0.8182333707809448,0.41666666666666663,0.7620481370481371,0.46153846153846156,0.0,0.5541123300790787,0.5683511197566986,0.05385967995971441,0.1424432173371315,0.0,0.0,0.0,0.0,0.0,18473,global,0.0
4,5,lr5e-05_bs16_drop0p2_temp1p0_a0p25_b0p05__wd1e-04trmiss0_degmodglobal,16,5e-05,0.0001,0.2,1.0,0.25,0.05,lr5e-05_bs16_drop0p2_temp1p0_a0p25_b0p05__wd1e-04trmiss0_degmodglobal,12,0.5571650117635727,0.8134879469871521,0.38888888888888884,0.7342703592703592,0.46153846153846156,0.0,0.542006105184555,0.5378100275993347,0.054634218104183674,0.11392889730632305,0.0,0.0,0.0,0.0,0.0,18473,global,0.0
4,5,lr5e-05_bs16_drop0p2_temp1p0_a0p25_b0p05__wd1e-04trmiss0_degmodglobal,16,5e-05,0.0001,0.2,1.0,0.25,0.05,lr5e-05_bs16_drop0p2_temp1p0_a0p25_b0p05__wd1e-04trmiss0_degmodglobal,13,0.5931785702705383,0.8140960931777954,0.38888888888888884,0.7342703592703592,0.46153846153846156,0.0,0.5614176094532013,0.5728390067815781,0.0566072603687644,0.12375518307089806,0.0,0.0,0.0,0.0,0.0,18473,global,0.0
4,5,lr5e-05_bs16_drop0p2_temp1p0_a0p25_b0p05__wd1e-04trmiss0_degmodglobal,16,5e-05,0.0001,0.2,1.0,0.25,0.05,lr5e-05_bs16_drop0p2_temp1p0_a0p25_b0p05__wd1e-04trmiss0_degmodglobal,14,0.5656698942184448,0.811001718044281,0.38888888888888884,0.7342703592703592,0.38461538461538464,0.0,0.5453600808978081,0.5376998782157898,0.0720462379977107,0.1991688534617424,0.0,0.0,0.0,0.0,0.0,18473,global,0.0
4,5,lr5e-05_bs16_drop0p2_temp1p0_a0p25_b0p05__wd1e-04trmiss0_degmodglobal,16,5e-05,0.0001,0.2,1.0,0.25,0.05,lr5e-05_bs16_drop0p2_temp1p0_a0p25_b0p05__wd1e-04trmiss0_degmodglobal,15,0.5655667185783386,0.8113704323768616,0.38888888888888884,0.7342703592703592,0.38461538461538464,0.0,0.5338847041130066,0.5471147671341896,0.0556772043928504,0.09065304510295391,0.0,0.0,0.0,0.0,0.0,18473,global,0.0
4,5,lr5e-05_bs16_drop0p2_temp1p0_a0p25_b0p05__wd1e-04trmiss0_degmodglobal,16,5e-05,0.0001,0.2,1.0,0.25,0.05,lr5e-05_bs16_drop0p2_temp1p0_a0p25_b0p05__wd1e-04trmiss0_degmodglobal,16,0.5812496542930603,0.8164432644844055,0.38888888888888884,0.7342703592703592,0.38461538461538464,0.0,0.570301279425621,0.5601582825183868,0.06122723314911127,0.11569152027368546,0.0,0.0,0.0,0.0,0.0,18473,global,0.0
4,5,lr5e-05_bs16_drop0p2_temp1p0_a0p25_b0p05__wd1e-04trmiss0_degmodglobal,16,5e-05,0.0001,0.2,1.0,0.25,0.05,lr5e-05_bs16_drop0p2_temp1p0_a0p25_b0p05__wd1e-04trmiss0_degmodglobal,17,0.5724712014198303,0.8099446296691895,0.38888888888888884,0.7342703592703592,0.46153846153846156,0.0,0.5463189333677292,0.5539998561143875,0.0544604929164052,0.09712441265583038,0.0,0.0,0.0,0.0,0.0,18473,global,0.0
4,5,lr5e-05_bs16_drop0p2_temp1p0_a0p25_b0p05__wd1e-04trmiss0_degmodglobal,16,5e-05,0.0001,0.2,1.0,0.25,0.05,lr5e-05_bs16_drop0p2_temp1p0_a0p25_b0p05__wd1e-04trmiss0_degmodglobal,18,0.5596950501203537,0.8067933917045593,0.38888888888888884,0.7342703592703592,0.46153846153846156,0.0,0.5515090227127075,0.5392761826515198,0.05710962601006031,0.12282947637140751,0.0,0.0,0.0,0.0,0.0,18473,global,0.0
4,5,lr5e-05_bs16_drop0p2_temp1p0_a0p25_b0p05__wd1e-04trmiss0_degmodglobal,16,5e-05,0.0001,0.2,1.0,0.25,0.05,lr5e-05_bs16_drop0p2_temp1p0_a0p25_b0p05__wd1e-04trmiss0_degmodglobal,19,0.5718227475881577,0.8127703666687012,0.38888888888888884,0.7342703592703592,0.46153846153846156,0.0,0.53524149954319,0.5539181381464005,0.04903483297675848,0.11291795037686825,0.0,0.0,0.0,0.0,0.0,18473,global,0.0
4,5,lr5e-05_bs16_drop0p2_temp1p0_a0p25_b0p05__wd1e-04trmiss0_degmodglobal,16,5e-05,0.0001,0.2,1.0,0.25,0.05,lr5e-05_bs16_drop0p2_temp1p0_a0p25_b0p05__wd1e-04trmiss0_degmodglobal,20,0.5809565484523773,0.8135512471199036,0.38888888888888884,0.7342703592703592,0.46153846153846156,0.0,0.5235030949115753,0.5504032373428345,0.0792012894526124,0.2150597795844078,0.0,0.0,0.0,0.0,0.0,18473,global,0.0
4,5,lr5e-05_bs16_drop0p2_temp1p0_a0p25_b0p05__wd1e-04trmiss0_degmodglobal,16,5e-05,0.0001,0.2,1.0,0.25,0.05,lr5e-05_bs16_drop0p2_temp1p0_a0p25_b0p05__wd1e-04trmiss0_degmodglobal,21,0.5556335747241974,0.8164885640144348,0.38888888888888884,0.7342703592703592,0.46153846153846156,0.0,0.5083741545677185,0.5354694277048111,0.058413044549524784,0.11121757701039314,0.0,0.0,0.0,0.0,0.0,18473,global,0.0
4,5,lr5e-05_bs16_drop0p2_temp1p0_a0p25_b0p05__wd1e-04trmiss0_degmodglobal,16,5e-05,0.0001,0.2,1.0,0.25,0.05,lr5e-05_bs16_drop0p2_temp1p0_a0p25_b0p05__wd1e-04trmiss0_degmodglobal,22,0.5742641538381577,0.8302578926086426,0.38888888888888884,0.7342703592703592,0.46153846153846156,0.0,0.5427909642457962,0.5520344227552414,0.06231191474944353,0.13303528726100922,0.0,0.0,0.0,0.0,0.0,18473,global,0.0
4,5,lr5e-05_bs16_drop0p2_temp1p0_a0p25_b0p05__wd1e-04trmiss0_degmodglobal,16,5e-05,0.0001,0.2,1.0,0.25,0.05,lr5e-05_bs16_drop0p2_temp1p0_a0p25_b0p05__wd1e-04trmiss0_degmodglobal,23,0.5709415078163147,0.8366304636001587,0.38888888888888884,0.7342703592703592,0.46153846153846156,0.0,0.540076456964016,0.5512205362319946,0.05544741777703166,0.11718233581632376,0.0,0.0,0.0,0.0,0.0,18473,global,0.0
4,5,lr5e-05_bs16_drop0p2_temp1p0_a0p25_b0p05__wd1e-04trmiss0_degmodglobal,16,5e-05,0.0001,0.2,1.0,0.25,0.05,lr5e-05_bs16_drop0p2_temp1p0_a0p25_b0p05__wd1e-04trmiss0_degmodglobal,24,0.560405358672142,0.8322308659553528,0.38888888888888884,0.7342703592703592,0.46153846153846156,0.0,0.5005241557955742,0.5372918248176575,0.06340685673058033,0.14523636177182198,0.0,0.0,0.0,0.0,0.0,18473,global,0.0
4,5,lr5e-05_bs16_drop0p2_temp1p0_a0p25_b0p05__wd1e-04trmiss0_degmodglobal,16,5e-05,0.0001,0.2,1.0,0.25,0.05,lr5e-05_bs16_drop0p2_temp1p0_a0p25_b0p05__wd1e-04trmiss0_degmodglobal,25,0.5732365250587463,0.8203210234642029,0.38888888888888884,0.7342703592703592,0.46153846153846156,0.0,0.5120628178119659,0.5564635396003723,0.04800380766391754,0.09544082917273045,0.0,0.0,0.0,0.0,0.0,18473,global,0.0
4,5,lr5e-05_bs16_drop0p2_temp2p0_a0p25_b0p05__wd1e-04trmiss0_degmodglobal,16,5e-05,0.0001,0.2,2.0,0.25,0.05,lr5e-05_bs16_drop0p2_temp2p0_a0p25_b0p05__wd1e-04trmiss0_degmodglobal,1,0.6886245608329773,0.670129120349884,0.6944444444444444,0.83658810325477,0.5384615384615384,0.0,0.6853778958320618,0.6768908351659775,0.028339513577520847,0.09297704137861729,0.0,0.0,0.0,0.0,0.0,18473,global,0.0
4,5,lr5e-05_bs16_drop0p2_temp2p0_a0p25_b0p05__wd1e-04trmiss0_degmodglobal,16,5e-05,0.0001,0.2,2.0,0.25,0.05,lr5e-05_bs16_drop0p2_temp2p0_a0p25_b0p05__wd1e-04trmiss0_degmodglobal,2,0.6794280558824539,0.6731168627738953,0.6944444444444444,0.83658810325477,0.5384615384615384,0.0,0.6825346499681473,0.6678697764873505,0.0293204253539443,0.08456354029476643,0.0,0.0,0.0,0.0,0.0,18473,global,0.0
4,5,lr5e-05_bs16_drop0p2_temp2p0_a0p25_b0p05__wd1e-04trmiss0_degmodglobal,16,5e-05,0.0001,0.2,2.0,0.25,0.05,lr5e-05_bs16_drop0p2_temp2p0_a0p25_b0p05__wd1e-04trmiss0_degmodglobal,3,0.6485267728567123,0.6760872006416321,0.611111111111111,0.8009700176366843,0.5384615384615384,0.0,0.6541928052902222,0.63917076587677,0.020946753909811378,0.08238639682531357,0.0,0.0,0.0,0.0,0.0,18473,global,0.0
4,5,lr5e-05_bs16_drop0p2_temp2p0_a0p25_b0p05__wd1e-04trmiss0_degmodglobal,16,5e-05,0.0001,0.2,2.0,0.25,0.05,lr5e-05_bs16_drop0p2_temp2p0_a0p25_b0p05__wd1e-04trmiss0_degmodglobal,4,0.6336328983306885,0.673496425151825,0.5833333333333333,0.7843033509700177,0.5384615384615384,0.0,0.670064777135849,0.6219962537288666,0.02805919712409377,0.09243650548160076,0.0,0.0,0.0,0.0,0.0,18473,global,0.0
4,5,lr5e-05_bs16_drop0p2_temp2p0_a0p25_b0p05__wd1e-04trmiss0_degmodglobal,16,5e-05,0.0001,0.2,2.0,0.25,0.05,lr5e-05_bs16_drop0p2_temp2p0_a0p25_b0p05__wd1e-04trmiss0_degmodglobal,5,0.6260586977005005,0.6850206255912781,0.5277777777777778,0.7675805675805676,0.38461538461538464,0.0,0.6586166322231293,0.6129319816827774,0.027777794282883406,0.12364543229341507,0.0,0.0,0.0,0.0,0.0,18473,global,0.0
4,5,lr5e-05_bs16_drop0p2_temp2p0_a0p25_b0p05__wd1e-04trmiss0_degmodglobal,16,5e-05,0.0001,0.2,2.0,0.25,0.05,lr5e-05_bs16_drop0p2_temp2p0_a0p25_b0p05__wd1e-04trmiss0_degmodglobal,6,0.6016614437103271,0.6849963665008545,0.5555555555555556,0.7762225428892096,0.38461538461538464,0.0,0.6102321296930313,0.58857861161232,0.03356298478320241,0.09384139999747276,0.0,0.0,0.0,0.0,0.0,18473,global,0.0
4,5,lr5e-05_bs16_drop0p2_temp2p0_a0p25_b0p05__wd1e-04trmiss0_degmodglobal,16,5e-05,0.0001,0.2,2.0,0.25,0.05,lr5e-05_bs16_drop0p2_temp2p0_a0p25_b0p05__wd1e-04trmiss0_degmodglobal,7,0.6324295252561569,0.6766932606697083,0.5833333333333333,0.7843033509700177,0.5384615384615384,0.0,0.6444631516933441,0.6186744123697281,0.031269555911421776,0.11875435523688793,0.0,0.0,0.0,0.0,0.0,18473,global,0.0
4,5,lr5e-05_bs16_drop0p2_temp2p0_a0p25_b0p05__wd1e-04trmiss0_degmodglobal,16,5e-05,0.0001,0.2,2.0,0.25,0.05,lr5e-05_bs16_drop0p2_temp2p0_a0p25_b0p05__wd1e-04trmiss0_degmodglobal,8,0.5928371846675873,0.6795494556427002,0.5833333333333333,0.7843033509700177,0.46153846153846156,0.0,0.6300501525402069,0.5824178010225296,0.025480478536337614,0.08098557963967323,0.0,0.0,0.0,0.0,0.0,18473,global,0.0
4,5,lr5e-05_bs16_drop0p2_temp2p0_a0p25_b0p05__wd1e-04trmiss0_degmodglobal,16,5e-05,0.0001,0.2,2.0,0.25,0.05,lr5e-05_bs16_drop0p2_temp2p0_a0p25_b0p05__wd1e-04trmiss0_degmodglobal,9,0.595723569393158,0.6802205443382263,0.5833333333333333,0.7843033509700177,0.46153846153846156,0.0,0.600063145160675,0.5846823155879974,0.028396564070135355,0.07884202338755131,0.0,0.0,0.0,0.0,0.0,18473,global,0.0
4,5,lr5e-05_bs16_drop0p2_temp2p0_a0p25_b0p05__wd1e-04trmiss0_degmodglobal,16,5e-05,0.0001,0.2,2.0,0.25,0.05,lr5e-05_bs16_drop0p2_temp2p0_a0p25_b0p05__wd1e-04trmiss0_degmodglobal,10,0.5952408313751221,0.6777040362358093,0.5833333333333333,0.7843033509700177,0.46153846153846156,0.0,0.6136084049940109,0.5849084556102753,0.025427977554500103,0.07950789667665958,0.0,0.0,0.0,0.0,0.0,18473,global,0.0
4,5,lr5e-05_bs16_drop0p2_temp2p0_a0p25_b0p05__wd1e-04trmiss0_degmodglobal,16,5e-05,0.0001,0.2,2.0,0.25,0.05,lr5e-05_bs16_drop0p2_temp2p0_a0p25_b0p05__wd1e-04trmiss0_degmodglobal,11,0.6030368059873581,0.6749966144561768,0.5555555555555556,0.7472663139329807,0.46153846153846156,0.0,0.5983990281820297,0.5913674235343933,0.03075891174376011,0.07959336321800947,0.0,0.0,0.0,0.0,0.0,18473,global,0.0
4,5,lr5e-05_bs16_drop0p2_temp2p0_a0p25_b0p05__wd1e-04trmiss0_degmodglobal,16,5e-05,0.0001,0.2,2.0,0.25,0.05,lr5e-05_bs16_drop0p2_temp2p0_a0p25_b0p05__wd1e-04trmiss0_degmodglobal,12,0.600326731801033,0.6782202124595642,0.5555555555555556,0.7472663139329807,0.46153846153846156,0.0,0.6225005686283112,0.5905278474092484,0.025333097204566002,0.06931239925324917,0.0,0.0,0.0,0.0,0.0,18473,global,0.0
4,5,lr5e-05_bs16_drop0p2_temp2p0_a0p25_b0p05__wd1e-04trmiss0_degmodglobal,16,5e-05,0.0001,0.2,2.0,0.25,0.05,lr5e-05_bs16_drop0p2_temp2p0_a0p25_b0p05__wd1e-04trmiss0_degmodglobal,13,0.5949265360832214,0.6812139749526978,0.5277777777777778,0.7287477954144621,0.46153846153846156,0.0,0.6034098118543625,0.5813791453838348,0.033059888985008,0.10564832016825676,0.0,0.0,0.0,0.0,0.0,18473,global,0.0
4,5,lr5e-05_bs16_drop0p2_temp2p0_a0p25_b0p05__wd1e-04trmiss0_degmodglobal,16,5e-05,0.0001,0.2,2.0,0.25,0.05,lr5e-05_bs16_drop0p2_temp2p0_a0p25_b0p05__wd1e-04trmiss0_degmodglobal,14,0.5923223495483398,0.6803444027900696,0.5277777777777778,0.7287477954144621,0.46153846153846156,0.0,0.5944005697965622,0.5797014683485031,0.03383548790588975,0.0832399157807231,0.0,0.0,0.0,0.0,0.0,18473,global,0.0
4,5,lr5e-05_bs16_drop0p2_temp2p0_a0p25_b0p05__wd1e-04trmiss0_degmodglobal,16,5e-05,0.0001,0.2,2.0,0.25,0.05,lr5e-05_bs16_drop0p2_temp2p0_a0p25_b0p05__wd1e-04trmiss0_degmodglobal,15,0.5928269028663635,0.6900351047515869,0.5277777777777778,0.7287477954144621,0.38461538461538464,0.0,0.6050670295953751,0.582059696316719,0.02866958500817418,0.07199645321816206,0.0,0.0,0.0,0.0,0.0,18473,global,0.0
4,5,lr5e-05_bs16_drop0p2_temp2p0_a0p25_b0p05__wd1e-04trmiss0_degmodglobal,16,5e-05,0.0001,0.2,2.0,0.25,0.05,lr5e-05_bs16_drop0p2_temp2p0_a0p25_b0p05__wd1e-04trmiss0_degmodglobal,16,0.5851412564516068,0.6874350309371948,0.5277777777777778,0.7287477954144621,0.46153846153846156,0.0,0.5685736984014511,0.5746756196022034,0.02688829693943262,0.07487142365425825,0.0,0.0,0.0,0.0,0.0,18473,global,0.0
4,5,lr5e-05_bs16_drop0p2_temp2p0_a0p25_b0p05__wd1e-04trmiss0_degmodglobal,16,5e-05,0.0001,0.2,2.0,0.25,0.05,lr5e-05_bs16_drop0p2_temp2p0_a0p25_b0p05__wd1e-04trmiss0_degmodglobal,17,0.5876454710960388,0.6824813485145569,0.5277777777777778,0.7287477954144621,0.46153846153846156,0.0,0.5639864206314087,0.5769366323947906,0.026672194711863995,0.08081566169857979,0.0,0.0,0.0,0.0,0.0,18473,global,0.0
4,5,lr5e-05_bs16_drop0p2_temp2p0_a0p25_b0p05__wd1e-04trmiss0_degmodglobal,16,5e-05,0.0001,0.2,2.0,0.25,0.05,lr5e-05_bs16_drop0p2_temp2p0_a0p25_b0p05__wd1e-04trmiss0_degmodglobal,18,0.5918384790420532,0.6775232553482056,0.5555555555555556,0.7472663139329807,0.46153846153846156,0.0,0.5938274264335632,0.5806035399436951,0.030043342616409063,0.07448207400739193,0.0,0.0,0.0,0.0,0.0,18473,global,0.0
4,5,lr5e-05_bs16_drop0p2_temp2p0_a0p25_b0p05__wd1e-04trmiss0_degmodglobal,16,5e-05,0.0001,0.2,2.0,0.25,0.05,lr5e-05_bs16_drop0p2_temp2p0_a0p25_b0p05__wd1e-04trmiss0_degmodglobal,19,0.5784868448972702,0.6776582598686218,0.5555555555555556,0.7472663139329807,0.46153846153846156,0.0,0.5770743638277054,0.5673229098320007,0.031482893973588943,0.06586437113583088,0.0,0.0,0.0,0.0,0.0,18473,global,0.0
4,5,lr5e-05_bs16_drop0p2_temp2p0_a0p25_b0p05__wd1e-04trmiss0_degmodglobal,16,5e-05,0.0001,0.2,2.0,0.25,0.05,lr5e-05_bs16_drop0p2_temp2p0_a0p25_b0p05__wd1e-04trmiss0_degmodglobal,20,0.5708753615617752,0.6733471155166626,0.5555555555555556,0.7472663139329807,0.46153846153846156,0.0,0.577206015586853,0.5526096224784851,0.042405486572533846,0.1532870028167963,0.0,0.0,0.0,0.0,0.0,18473,global,0.0
4,5,lr5e-05_bs16_drop0p2_temp2p0_a0p25_b0p05__wd1e-04trmiss0_degmodglobal,16,5e-05,0.0001,0.2,2.0,0.25,0.05,lr5e-05_bs16_drop0p2_temp2p0_a0p25_b0p05__wd1e-04trmiss0_degmodglobal,21,0.5676096826791763,0.6737949848175049,0.5555555555555556,0.7472663139329807,0.46153846153846156,0.0,0.5613981485366821,0.5567215383052826,0.028876397293061018,0.07338115014135838,0.0,0.0,0.0,0.0,0.0,18473,global,0.0
4,5,lr5e-05_bs16_drop0p2_temp2p0_a0p25_b0p05__wd1e-04trmiss0_degmodglobal,16,5e-05,0.0001,0.2,2.0,0.25,0.05,lr5e-05_bs16_drop0p2_temp2p0_a0p25_b0p05__wd1e-04trmiss0_degmodglobal,22,0.5677136778831482,0.673572838306427,0.5555555555555556,0.7472663139329807,0.46153846153846156,0.0,0.5908135324716568,0.5510236173868179,0.03719849744811654,0.1478081475943327,0.0,0.0,0.0,0.0,0.0,18473,global,0.0
4,5,lr5e-05_bs16_drop0p2_temp2p0_a0p25_b0p05__wd1e-04trmiss0_degmodglobal,16,5e-05,0.0001,0.2,2.0,0.25,0.05,lr5e-05_bs16_drop0p2_temp2p0_a0p25_b0p05__wd1e-04trmiss0_degmodglobal,23,0.5678860545158386,0.6728118062019348,0.5555555555555556,0.7472663139329807,0.46153846153846156,0.0,0.5759292989969254,0.5561529248952866,0.030133580323308706,0.08399475552141666,0.0,0.0,0.0,0.0,0.0,18473,global,0.0
4,5,lr5e-05_bs16_drop0p2_temp2p0_a0p25_b0p05__wd1e-04trmiss0_degmodglobal,16,5e-05,0.0001,0.2,2.0,0.25,0.05,lr5e-05_bs16_drop0p2_temp2p0_a0p25_b0p05__wd1e-04trmiss0_degmodglobal,24,0.5739551037549973,0.6745222210884094,0.5833333333333333,0.7843033509700177,0.46153846153846156,0.0,0.5574470609426498,0.5613153874874115,0.033222976606339216,0.08667939156293869,0.0,0.0,0.0,0.0,0.0,18473,global,0.0
4,5,lr5e-05_bs16_drop0p2_temp2p0_a0p25_b0p05__wd1e-04trmiss0_degmodglobal,16,5e-05,0.0001,0.2,2.0,0.25,0.05,lr5e-05_bs16_drop0p2_temp2p0_a0p25_b0p05__wd1e-04trmiss0_degmodglobal,25,0.5677868872880936,0.6876370906829834,0.5833333333333333,0.7843033509700177,0.38461538461538464,0.0,0.5834833383560181,0.5572914481163025,0.029547017998993397,0.062173595651984215,0.0,0.0,0.0,0.0,0.0,18473,global,0.0
4,5,lr5e-05_bs16_drop0p2_temp2p0_a0p25_b0p05__wd1e-04trmiss0_degmodglobal,16,5e-05,0.0001,0.2,2.0,0.25,0.05,lr5e-05_bs16_drop0p2_temp2p0_a0p25_b0p05__wd1e-04trmiss0_degmodglobal,26,0.5759776532649994,0.6908534169197083,0.5833333333333333,0.7843033509700177,0.38461538461538464,0.0,0.5591093599796295,0.5591712445020676,0.038339873775839806,0.14442856051027775,0.0,0.0,0.0,0.0,0.0,18473,global,0.0
4,5,lr5e-05_bs16_drop0p2_temp2p0_a0p25_b0p05__wd1e-04trmiss0_degmodglobal,16,5e-05,0.0001,0.2,2.0,0.25,0.05,lr5e-05_bs16_drop0p2_temp2p0_a0p25_b0p05__wd1e-04trmiss0_degmodglobal,27,0.5693418383598328,0.6947643756866455,0.5555555555555556,0.7762225428892096,0.3076923076923077,0.0,0.5348155051469803,0.5576743185520172,0.0308278095908463,0.0792113384231925,0.0,0.0,0.0,0.0,0.0,18473,global,0.0
4,5,lr5e-05_bs16_drop0p2_temp2p0_a0p25_b0p05__wd1e-04trmiss0_degmodglobal,16,5e-05,0.0001,0.2,2.0,0.25,0.05,lr5e-05_bs16_drop0p2_temp2p0_a0p25_b0p05__wd1e-04trmiss0_degmodglobal,28,0.5788427740335464,0.7007086873054504,0.5555555555555556,0.7762225428892096,0.3076923076923077,0.0,0.5884936302900314,0.5675044357776642,0.028677730355411768,0.08337838109582663,0.0,0.0,0.0,0.0,0.0,18473,global,0.0
4,5,lr5e-05_bs16_drop0p2_temp2p0_a0p25_b0p05__wd1e-04trmiss0_degmodglobal,16,5e-05,0.0001,0.2,2.0,0.25,0.05,lr5e-05_bs16_drop0p2_temp2p0_a0p25_b0p05__wd1e-04trmiss0_degmodglobal,29,0.5636150538921356,0.7035353779792786,0.5555555555555556,0.7762225428892096,0.3076923076923077,0.0,0.56190624833107,0.5548207014799118,0.022876196075230837,0.061505877412855625,0.0,0.0,0.0,0.0,0.0,18473,global,0.0
4,5,lr5e-05_bs16_drop0p2_temp2p0_a0p25_b0p05__wd1e-04trmiss0_degmodglobal,16,5e-05,0.0001,0.2,2.0,0.25,0.05,lr5e-05_bs16_drop0p2_temp2p0_a0p25_b0p05__wd1e-04trmiss0_degmodglobal,30,0.5727007240056992,0.7037975788116455,0.5555555555555556,0.7762225428892096,0.3076923076923077,0.0,0.5511211156845093,0.5568807274103165,0.04021144565194845,0.11534274369478226,0.0,0.0,0.0,0.0,0.0,18473,global,0.0
4,5,lr5e-05_bs16_drop0p2_temp2p0_a0p25_b0p05__wd1e-04trmiss0_degmodglobal,16,5e-05,0.0001,0.2,2.0,0.25,0.05,lr5e-05_bs16_drop0p2_temp2p0_a0p25_b0p05__wd1e-04trmiss0_degmodglobal,31,0.5670956820249557,0.7078988552093506,0.5555555555555556,0.7762225428892096,0.3076923076923077,0.0,0.5731407701969147,0.5510699450969696,0.042020519729703665,0.11041235644370317,0.0,0.0,0.0,0.0,0.0,18473,global,0.0
4,5,lr5e-05_bs16_drop0p2_temp2p0_a0p25_b0p05__wd1e-04trmiss0_degmodglobal,16,5e-05,0.0001,0.2,2.0,0.25,0.05,lr5e-05_bs16_drop0p2_temp2p0_a0p25_b0p05__wd1e-04trmiss0_degmodglobal,32,0.5775557607412338,0.7034798860549927,0.5555555555555556,0.7762225428892096,0.3076923076923077,0.0,0.565980538725853,0.5656309127807617,0.032700725831091404,0.07499298360198736,0.0,0.0,0.0,0.0,0.0,18473,global,0.0
4,5,lr5e-05_bs16_drop0p2_temp2p0_a0p25_b0p05__wd1e-04trmiss0_degmodglobal,16,5e-05,0.0001,0.2,2.0,0.25,0.05,lr5e-05_bs16_drop0p2_temp2p0_a0p25_b0p05__wd1e-04trmiss0_degmodglobal,33,0.5448791831731796,0.7008586525917053,0.5555555555555556,0.7762225428892096,0.3076923076923077,0.0,0.5453370362520218,0.5321629196405411,0.031443471321836114,0.0971080120652914,0.0,0.0,0.0,0.0,0.0,18473,global,0.0
4,5,lr5e-05_bs16_drop0p2_temp2p0_a0p25_b0p05__wd1e-04trmiss0_degmodglobal,16,5e-05,0.0001,0.2,2.0,0.25,0.05,lr5e-05_bs16_drop0p2_temp2p0_a0p25_b0p05__wd1e-04trmiss0_degmodglobal,34,0.5852712094783783,0.7015080451965332,0.5555555555555556,0.7762225428892096,0.3076923076923077,0.0,0.5545826256275177,0.5720740109682083,0.035898965783417225,0.08444907143712044,0.0,0.0,0.0,0.0,0.0,18473,global,0.0
4,5,lr5e-05_bs16_drop0p2_temp2p0_a0p25_b0p05__wd1e-04trmiss0_degmodglobal,16,5e-05,0.0001,0.2,2.0,0.25,0.05,lr5e-05_bs16_drop0p2_temp2p0_a0p25_b0p05__wd1e-04trmiss0_degmodglobal,35,0.5687582194805145,0.6996486783027649,0.5833333333333333,0.7843033509700177,0.3076923076923077,0.0,0.5655398219823837,0.5583866536617279,0.027052585501223803,0.07216909434646368,0.0,0.0,0.0,0.0,0.0,18473,global,0.0
4,5,lr5e-05_bs16_drop0p2_temp2p0_a0p25_b0p05__wd1e-04trmiss0_degmodglobal,16,5e-05,0.0001,0.2,2.0,0.25,0.05,lr5e-05_bs16_drop0p2_temp2p0_a0p25_b0p05__wd1e-04trmiss0_degmodglobal,36,0.5733435899019241,0.6923196911811829,0.5833333333333333,0.7843033509700177,0.3076923076923077,0.0,0.5487284809350967,0.5621237903833389,0.03085051942616701,0.0701435194350779,0.0,0.0,0.0,0.0,0.0,18473,global,0.0
4,5,lr5e-05_bs16_drop0p2_temp2p0_a0p25_b0p05__wd1e-04trmiss0_degmodglobal,16,5e-05,0.0001,0.2,2.0,0.25,0.05,lr5e-05_bs16_drop0p2_temp2p0_a0p25_b0p05__wd1e-04trmiss0_degmodglobal,37,0.5484059303998947,0.6906902194023132,0.5833333333333333,0.7843033509700177,0.38461538461538464,0.0,0.537159651517868,0.5369961559772491,0.031030322425067425,0.07304386887699366,0.0,0.0,0.0,0.0,0.0,18473,global,0.0
4,5,lr5e-05_bs16_drop0p2_temp2p0_a0p25_b0p05__wd1e-04trmiss0_degmodglobal,16,5e-05,0.0001,0.2,2.0,0.25,0.05,lr5e-05_bs16_drop0p2_temp2p0_a0p25_b0p05__wd1e-04trmiss0_degmodglobal,38,0.5650960803031921,0.6942762732505798,0.5833333333333333,0.7843033509700177,0.3076923076923077,0.0,0.5523930639028549,0.5544152408838272,0.026948403799906373,0.07887492561712861,0.0,0.0,0.0,0.0,0.0,18473,global,0.0
4,5,lr5e-05_bs16_drop0p2_temp2p0_a0p25_b0p05__wd1e-04trmiss0_degmodglobal,16,5e-05,0.0001,0.2,2.0,0.25,0.05,lr5e-05_bs16_drop0p2_temp2p0_a0p25_b0p05__wd1e-04trmiss0_degmodglobal,39,0.5648782104253769,0.6946859359741211,0.5277777777777778,0.7287477954144621,0.3076923076923077,0.0,0.5378725379705429,0.5542179644107819,0.03004464670084417,0.06298082694411278,0.0,0.0,0.0,0.0,0.0,18473,global,0.0
4,5,lr5e-05_bs16_drop0p2_temp2p0_a0p25_b0p05__wd1e-04trmiss0_degmodglobal,16,5e-05,0.0001,0.2,2.0,0.25,0.05,lr5e-05_bs16_drop0p2_temp2p0_a0p25_b0p05__wd1e-04trmiss0_degmodglobal,40,0.5532566457986832,0.6958261132240295,0.5277777777777778,0.7287477954144621,0.3076923076923077,0.0,0.5278244912624359,0.5436065793037415,0.027122993487864733,0.05738614499568939,0.0,0.0,0.0,0.0,0.0,18473,global,0.0
4,5,lr5e-05_bs16_drop0p2_temp2p0_a0p25_b0p05__wd1e-04trmiss0_degmodglobal,16,5e-05,0.0001,0.2,2.0,0.25,0.05,lr5e-05_bs16_drop0p2_temp2p0_a0p25_b0p05__wd1e-04trmiss0_degmodglobal,41,0.563626229763031,0.6967502236366272,0.5555555555555556,0.7472663139329807,0.3076923076923077,0.0,0.5364968478679657,0.5489856004714966,0.038072893396019936,0.10244823805987835,0.0,0.0,0.0,0.0,0.0,18473,global,0.0
4,5,lr5e-05_bs16_drop0p2_temp2p0_a0p25_b0p05__wd1e-04trmiss0_degmodglobal,16,5e-05,0.0001,0.2,2.0,0.25,0.05,lr5e-05_bs16_drop0p2_temp2p0_a0p25_b0p05__wd1e-04trmiss0_degmodglobal,42,0.5756146162748337,0.6969225406646729,0.5555555555555556,0.7472663139329807,0.3076923076923077,0.0,0.5440853834152222,0.5609424859285355,0.03686161432415247,0.1091347374022007,0.0,0.0,0.0,0.0,0.0,18473,global,0.0
4,5,lr5e-05_bs16_drop0p2_temp2p0_a0p25_b0p05__wd1e-04trmiss0_degmodglobal,16,5e-05,0.0001,0.2,2.0,0.25,0.05,lr5e-05_bs16_drop0p2_temp2p0_a0p25_b0p05__wd1e-04trmiss0_degmodglobal,43,0.5580767244100571,0.6962623000144958,0.5555555555555556,0.7472663139329807,0.3076923076923077,0.0,0.5187441110610962,0.5474469810724258,0.02811354026198387,0.072026870213449,0.0,0.0,0.0,0.0,0.0,18473,global,0.0
4,5,lr5e-05_bs16_drop0p2_temp2p0_a0p25_b0p05__wd1e-04trmiss0_degmodglobal,16,5e-05,0.0001,0.2,2.0,0.25,0.05,lr5e-05_bs16_drop0p2_temp2p0_a0p25_b0p05__wd1e-04trmiss0_degmodglobal,44,0.5666560381650925,0.692645788192749,0.5833333333333333,0.7843033509700177,0.3076923076923077,0.0,0.5227519869804382,0.5494843423366547,0.04377658851444721,0.124550586566329,0.0,0.0,0.0,0.0,0.0,18473,global,0.0
4,5,lr5e-05_bs16_drop0p4_temp1p0_a0p25_b0p05__wd1e-04trmiss0_degmodglobal,16,5e-05,0.0001,0.4,1.0,0.25,0.05,lr5e-05_bs16_drop0p4_temp1p0_a0p25_b0p05__wd1e-04trmiss0_degmodglobal,1,0.7078575044870377,0.7126753926277161,0.36111111111111116,0.6340659340659341,0.3076923076923077,0.0,0.7296278029680252,0.6840119808912277,0.0635945601388812,0.15893755853176117,0.0,0.0,0.0,0.0,0.0,18473,global,0.0
4,5,lr5e-05_bs16_drop0p4_temp1p0_a0p25_b0p05__wd1e-04trmiss0_degmodglobal,16,5e-05,0.0001,0.4,1.0,0.25,0.05,lr5e-05_bs16_drop0p4_temp1p0_a0p25_b0p05__wd1e-04trmiss0_degmodglobal,2,0.7305436879396439,0.7082029581069946,0.3611111111111111,0.6797008547008547,0.38461538461538464,0.0,0.6834487468004227,0.6962249130010605,0.08052911143749952,0.2837303914129734,0.0,0.0,0.0,0.0,0.0,18473,global,0.0
4,5,lr5e-05_bs16_drop0p4_temp1p0_a0p25_b0p05__wd1e-04trmiss0_degmodglobal,16,5e-05,0.0001,0.4,1.0,0.25,0.05,lr5e-05_bs16_drop0p4_temp1p0_a0p25_b0p05__wd1e-04trmiss0_degmodglobal,3,0.6929080337285995,0.706541895866394,0.3611111111111111,0.6797008547008547,0.46153846153846156,0.0,0.6553192138671875,0.6597978323698044,0.07187423761934042,0.3028326779603958,0.0,0.0,0.0,0.0,0.0,18473,global,0.0
4,5,lr5e-05_bs16_drop0p4_temp1p0_a0p25_b0p05__wd1e-04trmiss0_degmodglobal,16,5e-05,0.0001,0.4,1.0,0.25,0.05,lr5e-05_bs16_drop0p4_temp1p0_a0p25_b0p05__wd1e-04trmiss0_degmodglobal,4,0.6508090794086456,0.7160065174102783,0.3333333333333333,0.6726301476301477,0.38461538461538464,0.0,0.6410701274871826,0.6227318942546844,0.0713863829150796,0.2046114932745695,0.0,0.0,0.0,0.0,0.0,18473,global,0.0
4,5,lr5e-05_bs16_drop0p4_temp1p0_a0p25_b0p05__wd1e-04trmiss0_degmodglobal,16,5e-05,0.0001,0.4,1.0,0.25,0.05,lr5e-05_bs16_drop0p4_temp1p0_a0p25_b0p05__wd1e-04trmiss0_degmodglobal,5,0.6778456717729568,0.7277970314025879,0.3055555555555556,0.662048137048137,0.38461538461538464,0.0,0.6252271980047226,0.6520457565784454,0.06470370851457119,0.19247964955866337,0.0,0.0,0.0,0.0,0.0,18473,global,0.0
4,5,lr5e-05_bs16_drop0p4_temp1p0_a0p25_b0p05__wd1e-04trmiss0_degmodglobal,16,5e-05,0.0001,0.4,1.0,0.25,0.05,lr5e-05_bs16_drop0p4_temp1p0_a0p25_b0p05__wd1e-04trmiss0_degmodglobal,6,0.6474855244159698,0.7351890802383423,0.3055555555555556,0.6652227402227402,0.3076923076923077,0.0,0.6067327111959457,0.6264418512582779,0.055616349913179874,0.1427919901907444,0.0,0.0,0.0,0.0,0.0,18473,global,0.0
4,5,lr5e-05_bs16_drop0p4_temp1p0_a0p25_b0p05__wd1e-04trmiss0_degmodglobal,16,5e-05,0.0001,0.4,1.0,0.25,0.05,lr5e-05_bs16_drop0p4_temp1p0_a0p25_b0p05__wd1e-04trmiss0_degmodglobal,7,0.6373941153287888,0.7404037714004517,0.2222222222222222,0.5805666555666555,0.23076923076923078,0.0,0.6337704807519913,0.614547610282898,0.05576903373003006,0.17808478698134422,0.0,0.0,0.0,0.0,0.0,18473,global,0.0
4,5,lr5e-05_bs16_drop0p4_temp1p0_a0p25_b0p05__wd1e-04trmiss0_degmodglobal,16,5e-05,0.0001,0.4,1.0,0.25,0.05,lr5e-05_bs16_drop0p4_temp1p0_a0p25_b0p05__wd1e-04trmiss0_degmodglobal,8,0.6726171523332596,0.7366139888763428,0.2222222222222222,0.5879740629740631,0.23076923076923078,0.0,0.5860232561826706,0.643350288271904,0.07223349623382092,0.22416990250349045,0.0,0.0,0.0,0.0,0.0,18473,global,0.0
4,5,lr5e-05_bs16_drop0p4_temp1p0_a0p25_b0p05__wd1e-04trmiss0_degmodglobal,16,5e-05,0.0001,0.4,1.0,0.25,0.05,lr5e-05_bs16_drop0p4_temp1p0_a0p25_b0p05__wd1e-04trmiss0_degmodglobal,9,0.6320225298404694,0.7292075753211975,0.2222222222222222,0.6358135691469025,0.23076923076923078,0.0,0.579660639166832,0.6048794239759445,0.0719009768217802,0.18335700035095215,0.0,0.0,0.0,0.0,0.0,18473,global,0.0
4,5,lr5e-05_bs16_drop0p4_temp1p0_a0p25_b0p05__wd1e-04trmiss0_degmodglobal,16,5e-05,0.0001,0.4,1.0,0.25,0.05,lr5e-05_bs16_drop0p4_temp1p0_a0p25_b0p05__wd1e-04trmiss0_degmodglobal,10,0.6286145001649857,0.7385004758834839,0.19444444444444442,0.6247024580357914,0.23076923076923078,0.0,0.552647203207016,0.6022913157939911,0.06442775577306747,0.20432469993829727,0.0,0.0,0.0,0.0,0.0,18473,global,0.0
4,5,lr5e-05_bs16_drop0p4_temp1p0_a0p25_b0p05__wd1e-04trmiss0_degmodglobal,16,5e-05,0.0001,0.4,1.0,0.25,0.05,lr5e-05_bs16_drop0p4_temp1p0_a0p25_b0p05__wd1e-04trmiss0_degmodglobal,11,0.6092695444822311,0.7434908151626587,0.2222222222222222,0.6324185074185074,0.23076923076923078,0.0,0.5913812965154648,0.5839231759309769,0.0664814398624003,0.17452015541493893,0.0,0.0,0.0,0.0,0.0,18473,global,0.0
4,5,lr5e-05_bs16_drop0p4_temp1p0_a0p25_b0p05__wd1e-04trmiss0_degmodglobal,16,5e-05,0.0001,0.4,1.0,0.25,0.05,lr5e-05_bs16_drop0p4_temp1p0_a0p25_b0p05__wd1e-04trmiss0_degmodglobal,12,0.6195646524429321,0.749470055103302,0.2222222222222222,0.5842703592703593,0.15384615384615385,0.0,0.5901400446891785,0.5961379110813141,0.06493046320974827,0.14388280734419823,0.0,0.0,0.0,0.0,0.0,18473,global,0.0
4,5,lr5e-05_bs16_drop0p4_temp1p0_a0p25_b0p05__wd1e-04trmiss0_degmodglobal,16,5e-05,0.0001,0.4,1.0,0.25,0.05,lr5e-05_bs16_drop0p4_temp1p0_a0p25_b0p05__wd1e-04trmiss0_degmodglobal,13,0.6288489550352097,0.7537229061126709,0.19444444444444445,0.5768629518629519,0.15384615384615385,0.0,0.5763729959726334,0.5956985652446747,0.08653074502944946,0.23035379499197006,0.0,0.0,0.0,0.0,0.0,18473,global,0.0
4,5,lr5e-05_bs16_drop0p4_temp1p0_a0p25_b0p05__wd1e-04trmiss0_degmodglobal,16,5e-05,0.0001,0.4,1.0,0.25,0.05,lr5e-05_bs16_drop0p4_temp1p0_a0p25_b0p05__wd1e-04trmiss0_degmodglobal,14,0.6239232867956161,0.7531631588935852,0.2222222222222222,0.6324185074185074,0.15384615384615385,0.0,0.554972305893898,0.6010674983263016,0.07106433436274529,0.10179414227604866,0.0,0.0,0.0,0.0,0.0,18473,global,0.0
4,5,lr5e-05_bs16_drop0p4_temp1p0_a0p25_b0p05__wd1e-04trmiss0_degmodglobal,16,5e-05,0.0001,0.4,1.0,0.25,0.05,lr5e-05_bs16_drop0p4_temp1p0_a0p25_b0p05__wd1e-04trmiss0_degmodglobal,15,0.6243648529052734,0.7515149116516113,0.25,0.6398259148259149,0.15384615384615385,0.0,0.5900777727365494,0.5832561403512955,0.10803939495235682,0.2819773964583874,0.0,0.0,0.0,0.0,0.0,18473,global,0.0
4,5,lr5e-05_bs16_drop0p4_temp1p0_a0p25_b0p05__wd1e-04trmiss0_degmodglobal,16,5e-05,0.0001,0.4,1.0,0.25,0.05,lr5e-05_bs16_drop0p4_temp1p0_a0p25_b0p05__wd1e-04trmiss0_degmodglobal,16,0.6135355830192566,0.7513309717178345,0.25,0.6398259148259149,0.15384615384615385,0.0,0.5624459832906723,0.5754578709602356,0.09804367180913687,0.27133573964238167,0.0,0.0,0.0,0.0,0.0,18473,global,0.0
4,5,lr5e-05_bs16_drop0p4_temp1p0_a0p25_b0p05__wd1e-04trmiss0_degmodglobal,16,5e-05,0.0001,0.4,1.0,0.25,0.05,lr5e-05_bs16_drop0p4_temp1p0_a0p25_b0p05__wd1e-04trmiss0_degmodglobal,17,0.6188479512929916,0.7520374655723572,0.25,0.6398259148259149,0.23076923076923078,0.0,0.5220091044902802,0.5868036448955536,0.08372158743441105,0.22227820754051208,0.0,0.0,0.0,0.0,0.0,18473,global,0.0
4,5,lr5e-05_bs16_drop0p4_temp1p0_a0p25_b0p05__wd1e-04trmiss0_degmodglobal,16,5e-05,0.0001,0.4,1.0,0.25,0.05,lr5e-05_bs16_drop0p4_temp1p0_a0p25_b0p05__wd1e-04trmiss0_degmodglobal,18,0.6247099339962006,0.7503844499588013,0.25,0.6398259148259149,0.23076923076923078,0.0,0.5577649623155594,0.5977907776832581,0.07432205229997635,0.16677309945225716,0.0,0.0,0.0,0.0,0.0,18473,global,0.0
4,5,lr5e-05_bs16_drop0p4_temp1p0_a0p25_b0p05__wd1e-04trmiss0_degmodglobal,16,5e-05,0.0001,0.4,1.0,0.25,0.05,lr5e-05_bs16_drop0p4_temp1p0_a0p25_b0p05__wd1e-04trmiss0_degmodglobal,19,0.6207927763462067,0.7485203146934509,0.25,0.6398259148259149,0.3076923076923077,0.0,0.5829021781682968,0.5994565039873123,0.056367130018770695,0.1448896313086152,0.0,0.0,0.0,0.0,0.0,18473,global,0.0
4,5,lr5e-05_bs16_drop0p4_temp1p0_a0p25_b0p05__wd1e-04trmiss0_degmodglobal,16,5e-05,0.0001,0.4,1.0,0.25,0.05,lr5e-05_bs16_drop0p4_temp1p0_a0p25_b0p05__wd1e-04trmiss0_degmodglobal,20,0.6119554042816162,0.7512327432632446,0.25,0.6398259148259149,0.23076923076923078,0.0,0.5229327380657196,0.5830628573894501,0.07889246568083763,0.18338893726468086,0.0,0.0,0.0,0.0,0.0,18473,global,0.0
4,5,lr5e-05_bs16_drop0p4_temp1p0_a0p25_b0p05__wd1e-04trmiss0_degmodglobal,16,5e-05,0.0001,0.4,1.0,0.25,0.05,lr5e-05_bs16_drop0p4_temp1p0_a0p25_b0p05__wd1e-04trmiss0_degmodglobal,21,0.6155850291252136,0.7539254426956177,0.2222222222222222,0.6324185074185074,0.23076923076923078,0.0,0.5425527840852737,0.5895428210496902,0.07339578960090876,0.15386516600847244,0.0,0.0,0.0,0.0,0.0,18473,global,0.0
4,5,lr5e-05_bs16_drop0p4_temp1p0_a0p25_b0p05__wd1e-04trmiss0_degmodglobal,16,5e-05,0.0001,0.4,1.0,0.25,0.05,lr5e-05_bs16_drop0p4_temp1p0_a0p25_b0p05__wd1e-04trmiss0_degmodglobal,22,0.6027960628271103,0.7517476081848145,0.2222222222222222,0.6324185074185074,0.23076923076923078,0.0,0.5473772436380386,0.5739675760269165,0.07584935054183006,0.19732314720749855,0.0,0.0,0.0,0.0,0.0,18473,global,0.0
4,5,lr5e-05_bs16_drop0p4_temp1p0_a0p25_b0p05__wd1e-04trmiss0_degmodglobal,16,5e-05,0.0001,0.4,1.0,0.25,0.05,lr5e-05_bs16_drop0p4_temp1p0_a0p25_b0p05__wd1e-04trmiss0_degmodglobal,23,0.629012942314148,0.7493449449539185,0.25,0.6398259148259149,0.23076923076923078,0.0,0.5624721795320511,0.595269113779068,0.0871256347745657,0.23924799636006355,0.0,0.0,0.0,0.0,0.0,18473,global,0.0
4,5,lr5e-05_bs16_drop0p4_temp1p0_a0p25_b0p05__wd1e-04trmiss0_degmodglobal,16,5e-05,0.0001,0.4,1.0,0.25,0.05,lr5e-05_bs16_drop0p4_temp1p0_a0p25_b0p05__wd1e-04trmiss0_degmodglobal,24,0.6176026612520218,0.7475962042808533,0.25,0.6398259148259149,0.23076923076923078,0.0,0.5248370543122292,0.583287701010704,0.09214728977531195,0.2255629189312458,0.0,0.0,0.0,0.0,0.0,18473,global,0.0
4,5,lr5e-05_bs16_drop0p4_temp1p0_a0p25_b0p05__wd1e-04trmiss0_degmodglobal,16,5e-05,0.0001,0.4,1.0,0.25,0.05,lr5e-05_bs16_drop0p4_temp1p0_a0p25_b0p05__wd1e-04trmiss0_degmodglobal,25,0.6359252035617828,0.7465437650680542,0.19444444444444445,0.5768629518629519,0.3076923076923077,0.0,0.5528505444526672,0.6040741503238678,0.08088501170277596,0.2325962707400322,0.0,0.0,0.0,0.0,0.0,18473,global,0.0
4,5,lr5e-05_bs16_drop0p4_temp2p0_a0p25_b0p05__wd1e-04trmiss0_degmodglobal,16,5e-05,0.0001,0.4,2.0,0.25,0.05,lr5e-05_bs16_drop0p4_temp2p0_a0p25_b0p05__wd1e-04trmiss0_degmodglobal,1,0.7067301124334335,0.7037302255630493,0.5833333333333334,0.7159531826198493,0.23076923076923078,0.0,0.7115109264850616,0.6902217268943787,0.038368077017366886,0.13832716830074787,0.0,0.0,0.0,0.0,0.0,18473,global,0.0
4,5,lr5e-05_bs16_drop0p4_temp2p0_a0p25_b0p05__wd1e-04trmiss0_degmodglobal,16,5e-05,0.0001,0.4,2.0,0.25,0.05,lr5e-05_bs16_drop0p4_temp2p0_a0p25_b0p05__wd1e-04trmiss0_degmodglobal,2,0.6921907067298889,0.7102325558662415,0.4444444444444444,0.6482634649301315,0.3076923076923077,0.0,0.6457168310880661,0.6731326133012772,0.05120628885924816,0.12513031251728535,0.0,0.0,0.0,0.0,0.0,18473,global,0.0
4,5,lr5e-05_bs16_drop0p4_temp2p0_a0p25_b0p05__wd1e-04trmiss0_degmodglobal,16,5e-05,0.0001,0.4,2.0,0.25,0.05,lr5e-05_bs16_drop0p4_temp2p0_a0p25_b0p05__wd1e-04trmiss0_degmodglobal,3,0.665213018655777,0.726722002029419,0.4444444444444444,0.6587011753678421,0.23076923076923078,0.0,0.6328877061605453,0.6443725079298019,0.05419410206377506,0.14583916030824184,0.0,0.0,0.0,0.0,0.0,18473,global,0.0
4,5,lr5e-05_bs16_drop0p4_temp2p0_a0p25_b0p05__wd1e-04trmiss0_degmodglobal,16,5e-05,0.0001,0.4,2.0,0.25,0.05,lr5e-05_bs16_drop0p4_temp2p0_a0p25_b0p05__wd1e-04trmiss0_degmodglobal,4,0.7008428424596786,0.7349506616592407,0.4444444444444444,0.6704856871523539,0.3076923076923077,0.0,0.6391384452581406,0.6764091402292252,0.06253442913293839,0.17600233852863312,0.0,0.0,0.0,0.0,0.0,18473,global,0.0
4,5,lr5e-05_bs16_drop0p4_temp2p0_a0p25_b0p05__wd1e-04trmiss0_degmodglobal,16,5e-05,0.0001,0.4,2.0,0.25,0.05,lr5e-05_bs16_drop0p4_temp2p0_a0p25_b0p05__wd1e-04trmiss0_degmodglobal,5,0.693315252661705,0.731215238571167,0.4722222222222222,0.6772196938863606,0.38461538461538464,0.0,0.6298022419214249,0.6769769638776779,0.042139521799981594,0.1160679473541677,0.0,0.0,0.0,0.0,0.0,18473,global,0.0
4,5,lr5e-05_bs16_drop0p4_temp2p0_a0p25_b0p05__wd1e-04trmiss0_degmodglobal,16,5e-05,0.0001,0.4,2.0,0.25,0.05,lr5e-05_bs16_drop0p4_temp2p0_a0p25_b0p05__wd1e-04trmiss0_degmodglobal,6,0.6510875076055527,0.7376840710639954,0.49999999999999994,0.7327752494419162,0.38461538461538464,0.0,0.6261162459850311,0.6345032751560211,0.04108926095068455,0.12623851001262665,0.0,0.0,0.0,0.0,0.0,18473,global,0.0
4,5,lr5e-05_bs16_drop0p4_temp2p0_a0p25_b0p05__wd1e-04trmiss0_degmodglobal,16,5e-05,0.0001,0.4,2.0,0.25,0.05,lr5e-05_bs16_drop0p4_temp2p0_a0p25_b0p05__wd1e-04trmiss0_degmodglobal,7,0.6197086721658707,0.7530513405799866,0.41666666666666663,0.6593184593184593,0.38461538461538464,0.0,0.6001045256853104,0.6004465371370316,0.04444391606375575,0.16302312910556793,0.0,0.0,0.0,0.0,0.0,18473,global,0.0
4,5,lr5e-05_bs16_drop0p4_temp2p0_a0p25_b0p05__wd1e-04trmiss0_degmodglobal,16,5e-05,0.0001,0.4,2.0,0.25,0.05,lr5e-05_bs16_drop0p4_temp2p0_a0p25_b0p05__wd1e-04trmiss0_degmodglobal,8,0.625767320394516,0.7634508013725281,0.3888888888888889,0.6407999407999408,0.3076923076923077,0.0,0.6319958567619324,0.6083266735076904,0.040082542691379786,0.14840016700327396,0.0,0.0,0.0,0.0,0.0,18473,global,0.0
4,5,lr5e-05_bs16_drop0p4_temp2p0_a0p25_b0p05__wd1e-04trmiss0_degmodglobal,16,5e-05,0.0001,0.4,2.0,0.25,0.05,lr5e-05_bs16_drop0p4_temp2p0_a0p25_b0p05__wd1e-04trmiss0_degmodglobal,9,0.6520164757966995,0.763853907585144,0.41666666666666663,0.6593184593184593,0.3076923076923077,0.0,0.5897709131240845,0.6341286152601242,0.04076411947607994,0.15393684245646,0.0,0.0,0.0,0.0,0.0,18473,global,0.0
4,5,lr5e-05_bs16_drop0p4_temp2p0_a0p25_b0p05__wd1e-04trmiss0_degmodglobal,16,5e-05,0.0001,0.4,2.0,0.25,0.05,lr5e-05_bs16_drop0p4_temp2p0_a0p25_b0p05__wd1e-04trmiss0_degmodglobal,10,0.6206761747598648,0.7707962989807129,0.41666666666666663,0.6593184593184593,0.3076923076923077,0.0,0.6137536317110062,0.603029415011406,0.04274419881403446,0.13921428471803665,0.0,0.0,0.0,0.0,0.0,18473,global,0.0
4,5,lr5e-05_bs16_drop0p4_temp2p0_a0p25_b0p05__wd1e-04trmiss0_degmodglobal,16,5e-05,0.0001,0.4,2.0,0.25,0.05,lr5e-05_bs16_drop0p4_temp2p0_a0p25_b0p05__wd1e-04trmiss0_degmodglobal,11,0.7007043361663818,0.7713366746902466,0.41666666666666663,0.7049533799533798,0.3076923076923077,0.0,0.6213754564523697,0.6811010241508484,0.04715180676430464,0.15630755200982094,0.0,0.0,0.0,0.0,0.0,18473,global,0.0
4,5,lr5e-05_bs16_drop0p4_temp2p0_a0p25_b0p05__wd1e-04trmiss0_degmodglobal,16,5e-05,0.0001,0.4,2.0,0.25,0.05,lr5e-05_bs16_drop0p4_temp2p0_a0p25_b0p05__wd1e-04trmiss0_degmodglobal,12,0.6313816010951996,0.7695454955101013,0.41666666666666663,0.7049533799533798,0.3076923076923077,0.0,0.6116115748882294,0.6128203123807907,0.04538341052830219,0.14430879056453705,0.0,0.0,0.0,0.0,0.0,18473,global,0.0
4,5,lr5e-05_bs16_drop0p4_temp2p0_a0p25_b0p05__wd1e-04trmiss0_degmodglobal,16,5e-05,0.0001,0.4,2.0,0.25,0.05,lr5e-05_bs16_drop0p4_temp2p0_a0p25_b0p05__wd1e-04trmiss0_degmodglobal,13,0.6661520302295685,0.7738711833953857,0.41666666666666663,0.7049533799533798,0.3076923076923077,0.0,0.6040209233760834,0.6391689330339432,0.0672385822981596,0.20346888154745102,0.0,0.0,0.0,0.0,0.0,18473,global,0.0
4,5,lr5e-05_bs16_drop0p4_temp2p0_a0p25_b0p05__wd1e-04trmiss0_degmodglobal,16,5e-05,0.0001,0.4,2.0,0.25,0.05,lr5e-05_bs16_drop0p4_temp2p0_a0p25_b0p05__wd1e-04trmiss0_degmodglobal,14,0.6202903091907501,0.7699392437934875,0.38888888888888884,0.6864348614348614,0.3076923076923077,0.0,0.6015142798423767,0.603844404220581,0.04744179220870137,0.09170959889888763,0.0,0.0,0.0,0.0,0.0,18473,global,0.0
4,5,lr5e-05_bs16_drop0p4_temp2p0_a0p25_b0p05__wd1e-04trmiss0_degmodglobal,16,5e-05,0.0001,0.4,2.0,0.25,0.05,lr5e-05_bs16_drop0p4_temp2p0_a0p25_b0p05__wd1e-04trmiss0_degmodglobal,15,0.6500797271728516,0.7603141665458679,0.38888888888888884,0.6864348614348614,0.23076923076923078,0.0,0.6109260320663452,0.6267886161804199,0.05239629466086626,0.20384104549884796,0.0,0.0,0.0,0.0,0.0,18473,global,0.0
4,5,lr5e-05_bs16_drop0p4_temp2p0_a0p25_b0p05__wd1e-04trmiss0_degmodglobal,16,5e-05,0.0001,0.4,2.0,0.25,0.05,lr5e-05_bs16_drop0p4_temp2p0_a0p25_b0p05__wd1e-04trmiss0_degmodglobal,16,0.6346497237682343,0.7592839598655701,0.41666666666666663,0.7049533799533798,0.3076923076923077,0.0,0.5849457681179047,0.6123040467500687,0.05807572975754738,0.15653483755886555,0.0,0.0,0.0,0.0,0.0,18473,global,0.0
4,5,lr5e-05_bs16_drop0p4_temp2p0_a0p25_b0p05__wd1e-04trmiss0_degmodglobal,16,5e-05,0.0001,0.4,2.0,0.25,0.05,lr5e-05_bs16_drop0p4_temp2p0_a0p25_b0p05__wd1e-04trmiss0_degmodglobal,17,0.6224408596754074,0.763666033744812,0.41666666666666663,0.7049533799533798,0.3076923076923077,0.0,0.55966717004776,0.5995984375476837,0.05363457929342985,0.1886755134910345,0.0,0.0,0.0,0.0,0.0,18473,global,0.0
4,5,lr5e-05_bs16_drop0p4_temp2p0_a0p25_b0p05__wd1e-04trmiss0_degmodglobal,16,5e-05,0.0001,0.4,2.0,0.25,0.05,lr5e-05_bs16_drop0p4_temp2p0_a0p25_b0p05__wd1e-04trmiss0_degmodglobal,18,0.6110661774873734,0.7632682919502258,0.41666666666666663,0.7049533799533798,0.3076923076923077,0.0,0.5572753995656967,0.5848322361707687,0.061975602991878986,0.2148004211485386,0.0,0.0,0.0,0.0,0.0,18473,global,0.0
4,5,lr5e-05_bs16_drop0p4_temp2p0_a0p25_b0p05__wd1e-04trmiss0_degmodglobal,16,5e-05,0.0001,0.4,2.0,0.25,0.05,lr5e-05_bs16_drop0p4_temp2p0_a0p25_b0p05__wd1e-04trmiss0_degmodglobal,19,0.583578884601593,0.7616452574729919,0.41666666666666663,0.7049533799533798,0.38461538461538464,0.0,0.5054364949464798,0.556930884718895,0.06379324849694967,0.21399354189634323,0.0,0.0,0.0,0.0,0.0,18473,global,0.0
4,5,lr5e-05_bs16_drop0p4_temp2p0_a0p25_b0p05__wd1e-04trmiss0_degmodglobal,16,5e-05,0.0001,0.4,2.0,0.25,0.05,lr5e-05_bs16_drop0p4_temp2p0_a0p25_b0p05__wd1e-04trmiss0_degmodglobal,20,0.604806438088417,0.7615770697593689,0.41666666666666663,0.7049533799533798,0.3076923076923077,0.0,0.5833719298243523,0.5846138149499893,0.046987284906208515,0.1689164750277996,0.0,0.0,0.0,0.0,0.0,18473,global,0.0
4,5,lr5e-05_bs16_drop0p4_temp2p0_a0p25_b0p05__wd1e-04trmiss0_degmodglobal,16,5e-05,0.0001,0.4,2.0,0.25,0.05,lr5e-05_bs16_drop0p4_temp2p0_a0p25_b0p05__wd1e-04trmiss0_degmodglobal,21,0.6197295784950256,0.7607008218765259,0.41666666666666663,0.7049533799533798,0.38461538461538464,0.0,0.548912987112999,0.5978412479162216,0.05718533229082823,0.1518399389460683,0.0,0.0,0.0,0.0,0.0,18473,global,0.0
4,5,lr5e-05_bs16_drop0p4_temp2p0_a0p25_b0p05__wd1e-04trmiss0_degmodglobal,16,5e-05,0.0001,0.4,2.0,0.25,0.05,lr5e-05_bs16_drop0p4_temp2p0_a0p25_b0p05__wd1e-04trmiss0_degmodglobal,22,0.6437148302793503,0.762313187122345,0.41666666666666663,0.7049533799533798,0.3076923076923077,0.0,0.5652983635663986,0.6245153099298477,0.044722411315888166,0.16037852689623833,0.0,0.0,0.0,0.0,0.0,18473,global,0.0
4,5,lr5e-05_bs16_drop0p4_temp2p0_a0p25_b0p05__wd1e-04trmiss0_degmodglobal,16,5e-05,0.0001,0.4,2.0,0.25,0.05,lr5e-05_bs16_drop0p4_temp2p0_a0p25_b0p05__wd1e-04trmiss0_degmodglobal,23,0.6162997931241989,0.767988383769989,0.41666666666666663,0.7049533799533798,0.38461538461538464,0.0,0.5361174196004868,0.5980967432260513,0.044691542629152536,0.14060291647911072,0.0,0.0,0.0,0.0,0.0,18473,global,0.0
4,5,lr5e-05_bs16_drop0p4_temp2p0_a0p25_b0p05__wd1e-04trmiss0_degmodglobal,16,5e-05,0.0001,0.4,2.0,0.25,0.05,lr5e-05_bs16_drop0p4_temp2p0_a0p25_b0p05__wd1e-04trmiss0_degmodglobal,24,0.6004879325628281,0.7706465721130371,0.41666666666666663,0.7049533799533798,0.38461538461538464,0.0,0.55945885181427,0.5843826681375504,0.04055223660543561,0.11934431083500385,0.0,0.0,0.0,0.0,0.0,18473,global,0.0
4,5,lr5e-05_bs16_drop0p4_temp2p0_a0p25_b0p05__wd1e-04trmiss0_degmodglobal,16,5e-05,0.0001,0.4,2.0,0.25,0.05,lr5e-05_bs16_drop0p4_temp2p0_a0p25_b0p05__wd1e-04trmiss0_degmodglobal,25,0.601385623216629,0.7726786732673645,0.38888888888888884,0.6493978243978243,0.3076923076923077,0.0,0.5509367287158966,0.582431823015213,0.05128451995551586,0.12265359237790108,0.0,0.0,0.0,0.0,0.0,18473,global,0.0
4,5,lr5e-05_bs16_drop0p4_temp2p0_a0p25_b0p05__wd1e-04trmiss0_degmodglobal,16,5e-05,0.0001,0.4,2.0,0.25,0.05,lr5e-05_bs16_drop0p4_temp2p0_a0p25_b0p05__wd1e-04trmiss0_degmodglobal,26,0.6030313968658447,0.7728333473205566,0.38888888888888884,0.6493978243978243,0.3076923076923077,0.0,0.5557331889867783,0.5756295919418335,0.06310964748263359,0.23248806223273277,0.0,0.0,0.0,0.0,0.0,18473,global,0.0
4,5,lr1e-05_bs16_drop0p2_temp1p0_a0p25_b0p05__wd1e-04trmiss0_degmodglobal,16,1e-05,0.0001,0.2,1.0,0.25,0.05,lr1e-05_bs16_drop0p2_temp1p0_a0p25_b0p05__wd1e-04trmiss0_degmodglobal,1,0.7628654986619949,0.7443161010742188,0.3055555555555556,0.6342703592703594,0.38461538461538464,0.0,0.6888961046934128,0.7345094084739685,0.05890327412635088,0.27260536700487137,0.0,0.0,0.0,0.0,0.0,18473,global,0.0
4,5,lr1e-05_bs16_drop0p2_temp1p0_a0p25_b0p05__wd1e-04trmiss0_degmodglobal,16,1e-05,0.0001,0.2,1.0,0.25,0.05,lr1e-05_bs16_drop0p2_temp1p0_a0p25_b0p05__wd1e-04trmiss0_degmodglobal,2,0.7453731447458267,0.7459623217582703,0.3055555555555556,0.6342703592703594,0.38461538461538464,0.0,0.6848614662885666,0.719258263707161,0.05349652096629143,0.25481509789824486,0.0,0.0,0.0,0.0,0.0,18473,global,0.0
4,5,lr1e-05_bs16_drop0p2_temp1p0_a0p25_b0p05__wd1e-04trmiss0_degmodglobal,16,1e-05,0.0001,0.2,1.0,0.25,0.05,lr1e-05_bs16_drop0p2_temp1p0_a0p25_b0p05__wd1e-04trmiss0_degmodglobal,3,0.7558290064334869,0.7495359778404236,0.2777777777777778,0.6265543098876432,0.38461538461538464,0.0,0.6599043905735016,0.732735812664032,0.05055101588368416,0.20910893380641937,0.0,0.0,0.0,0.0,0.0,18473,global,0.0
4,5,lr1e-05_bs16_drop0p2_temp1p0_a0p25_b0p05__wd1e-04trmiss0_degmodglobal,16,1e-05,0.0001,0.2,1.0,0.25,0.05,lr1e-05_bs16_drop0p2_temp1p0_a0p25_b0p05__wd1e-04trmiss0_degmodglobal,4,0.7539393454790115,0.750696063041687,0.2777777777777778,0.6265543098876432,0.38461538461538464,0.0,0.6808904409408569,0.7209838032722473,0.06680046953260899,0.32510874047875404,0.0,0.0,0.0,0.0,0.0,18473,global,0.0
4,5,lr1e-05_bs16_drop0p2_temp1p0_a0p25_b0p05__wd1e-04trmiss0_degmodglobal,16,1e-05,0.0001,0.2,1.0,0.25,0.05,lr1e-05_bs16_drop0p2_temp1p0_a0p25_b0p05__wd1e-04trmiss0_degmodglobal,5,0.7028635293245316,0.7543429732322693,0.2777777777777778,0.6265543098876432,0.38461538461538464,0.0,0.670212596654892,0.6817547678947449,0.04517286270856857,0.19631126150488853,0.0,0.0,0.0,0.0,0.0,18473,global,0.0
4,5,lr1e-05_bs16_drop0p2_temp1p0_a0p25_b0p05__wd1e-04trmiss0_degmodglobal,16,1e-05,0.0001,0.2,1.0,0.25,0.05,lr1e-05_bs16_drop0p2_temp1p0_a0p25_b0p05__wd1e-04trmiss0_degmodglobal,6,0.7421650737524033,0.7540648579597473,0.24999999999999997,0.6098876432209765,0.38461538461538464,0.0,0.6848839074373245,0.7145586311817169,0.06229795701801777,0.2406389433890581,0.0,0.0,0.0,0.0,0.0,18473,global,0.0
4,5,lr1e-05_bs16_drop0p2_temp1p0_a0p25_b0p05__wd1e-04trmiss0_degmodglobal,16,1e-05,0.0001,0.2,1.0,0.25,0.05,lr1e-05_bs16_drop0p2_temp1p0_a0p25_b0p05__wd1e-04trmiss0_degmodglobal,7,0.7237139642238617,0.7612869143486023,0.2222222222222222,0.5987765321098655,0.38461538461538464,0.0,0.6622826009988785,0.6990390419960022,0.05303100869059563,0.22834327444434166,0.0,0.0,0.0,0.0,0.0,18473,global,0.0
4,5,lr1e-05_bs16_drop0p2_temp1p0_a0p25_b0p05__wd1e-04trmiss0_degmodglobal,16,1e-05,0.0001,0.2,1.0,0.25,0.05,lr1e-05_bs16_drop0p2_temp1p0_a0p25_b0p05__wd1e-04trmiss0_degmodglobal,8,0.7265653163194656,0.7617278695106506,0.2222222222222222,0.5987765321098655,0.38461538461538464,0.0,0.6613627374172211,0.6996833980083466,0.05674047861248255,0.2539360299706459,0.0,0.0,0.0,0.0,0.0,18473,global,0.0
4,5,lr1e-05_bs16_drop0p2_temp1p0_a0p25_b0p05__wd1e-04trmiss0_degmodglobal,16,1e-05,0.0001,0.2,1.0,0.25,0.05,lr1e-05_bs16_drop0p2_temp1p0_a0p25_b0p05__wd1e-04trmiss0_degmodglobal,9,0.7486228495836258,0.7655932903289795,0.2222222222222222,0.5987765321098655,0.38461538461538464,0.0,0.6448606252670288,0.7249349355697632,0.048158733174204826,0.23296472802758217,0.0,0.0,0.0,0.0,0.0,18473,global,0.0
4,5,lr1e-05_bs16_drop0p2_temp1p0_a0p25_b0p05__wd1e-04trmiss0_degmodglobal,16,1e-05,0.0001,0.2,1.0,0.25,0.05,lr1e-05_bs16_drop0p2_temp1p0_a0p25_b0p05__wd1e-04trmiss0_degmodglobal,10,0.7085747867822647,0.7646785974502563,0.25,0.6543320876654211,0.38461538461538464,0.0,0.6470943987369537,0.6853240877389908,0.052064454182982445,0.2046913281083107,0.0,0.0,0.0,0.0,0.0,18473,global,0.0
4,5,lr1e-05_bs16_drop0p2_temp1p0_a0p25_b0p05__wd1e-04trmiss0_degmodglobal,16,1e-05,0.0001,0.2,1.0,0.25,0.05,lr1e-05_bs16_drop0p2_temp1p0_a0p25_b0p05__wd1e-04trmiss0_degmodglobal,11,0.7126117199659348,0.7647822499275208,0.2222222222222222,0.5987765321098655,0.38461538461538464,0.0,0.6648893058300018,0.690802276134491,0.046589591540396214,0.20324105769395828,0.0,0.0,0.0,0.0,0.0,18473,global,0.0
4,5,lr1e-05_bs16_drop0p2_temp1p0_a0p25_b0p05__wd1e-04trmiss0_degmodglobal,16,1e-05,0.0001,0.2,1.0,0.25,0.05,lr1e-05_bs16_drop0p2_temp1p0_a0p25_b0p05__wd1e-04trmiss0_degmodglobal,12,0.695746898651123,0.765619158744812,0.25,0.6064925814925816,0.38461538461538464,0.0,0.6453861147165298,0.6703273952007294,0.05201920121908188,0.2482944317162037,0.0,0.0,0.0,0.0,0.0,18473,global,0.0
4,5,lr1e-05_bs16_drop0p2_temp1p0_a0p25_b0p05__wd1e-04trmiss0_degmodglobal,16,1e-05,0.0001,0.2,1.0,0.25,0.05,lr1e-05_bs16_drop0p2_temp1p0_a0p25_b0p05__wd1e-04trmiss0_degmodglobal,13,0.7311961352825165,0.7654753923416138,0.25,0.6064925814925816,0.38461538461538464,0.0,0.6390621066093445,0.7086902111768723,0.042933511547744274,0.23545090109109879,0.0,0.0,0.0,0.0,0.0,18473,global,0.0
4,5,lr1e-05_bs16_drop0p2_temp1p0_a0p25_b0p05__wd1e-04trmiss0_degmodglobal,16,1e-05,0.0001,0.2,1.0,0.25,0.05,lr1e-05_bs16_drop0p2_temp1p0_a0p25_b0p05__wd1e-04trmiss0_degmodglobal,14,0.7251409292221069,0.7702500820159912,0.25,0.6064925814925816,0.38461538461538464,0.0,0.6671472042798996,0.6963809579610825,0.061751384288072586,0.2664424702525139,0.0,0.0,0.0,0.0,0.0,18473,global,0.0
4,5,lr1e-05_bs16_drop0p2_temp1p0_a0p25_b0p05__wd1e-04trmiss0_degmodglobal,16,1e-05,0.0001,0.2,1.0,0.25,0.05,lr1e-05_bs16_drop0p2_temp1p0_a0p25_b0p05__wd1e-04trmiss0_degmodglobal,15,0.739574670791626,0.7676267027854919,0.25,0.6064925814925816,0.38461538461538464,0.0,0.6442568600177765,0.715018555521965,0.04925963236019015,0.24482442811131477,0.0,0.0,0.0,0.0,0.0,18473,global,0.0
4,5,lr1e-05_bs16_drop0p2_temp1p0_a0p25_b0p05__wd1e-04trmiss0_degmodglobal,16,1e-05,0.0001,0.2,1.0,0.25,0.05,lr1e-05_bs16_drop0p2_temp1p0_a0p25_b0p05__wd1e-04trmiss0_degmodglobal,16,0.7017375826835632,0.7652291059494019,0.25,0.6064925814925816,0.38461538461538464,0.0,0.6213562786579132,0.6781859546899796,0.049963085912168026,0.2212173379957676,0.0,0.0,0.0,0.0,0.0,18473,global,0.0
4,5,lr1e-05_bs16_drop0p2_temp1p0_a0p25_b0p05__wd1e-04trmiss0_degmodglobal,16,1e-05,0.0001,0.2,1.0,0.25,0.05,lr1e-05_bs16_drop0p2_temp1p0_a0p25_b0p05__wd1e-04trmiss0_degmodglobal,17,0.6991296708583832,0.7661252021789551,0.2777777777777778,0.662048137048137,0.38461538461538464,0.0,0.6551113277673721,0.6717678159475327,0.05897206999361515,0.2523770332336426,0.0,0.0,0.0,0.0,0.0,18473,global,0.0
4,5,lr1e-05_bs16_drop0p2_temp1p0_a0p25_b0p05__wd1e-04trmiss0_degmodglobal,16,1e-05,0.0001,0.2,1.0,0.25,0.05,lr1e-05_bs16_drop0p2_temp1p0_a0p25_b0p05__wd1e-04trmiss0_degmodglobal,18,0.7112060040235519,0.7628128528594971,0.2777777777777778,0.662048137048137,0.38461538461538464,0.0,0.6567658483982086,0.6865352541208267,0.05375637300312519,0.22463317215442657,0.0,0.0,0.0,0.0,0.0,18473,global,0.0
4,5,lr1e-05_bs16_drop0p2_temp1p0_a0p25_b0p05__wd1e-04trmiss0_degmodglobal,16,1e-05,0.0001,0.2,1.0,0.25,0.05,lr1e-05_bs16_drop0p2_temp1p0_a0p25_b0p05__wd1e-04trmiss0_degmodglobal,19,0.7143785506486893,0.7624835968017578,0.2777777777777778,0.662048137048137,0.38461538461538464,0.0,0.6343895345926285,0.6853966265916824,0.0583831463009119,0.287723071873188,0.0,0.0,0.0,0.0,0.0,18473,global,0.0
4,5,lr1e-05_bs16_drop0p2_temp1p0_a0p25_b0p05__wd1e-04trmiss0_degmodglobal,16,1e-05,0.0001,0.2,1.0,0.25,0.05,lr1e-05_bs16_drop0p2_temp1p0_a0p25_b0p05__wd1e-04trmiss0_degmodglobal,20,0.695600226521492,0.7618584632873535,0.2777777777777778,0.662048137048137,0.38461538461538464,0.0,0.6255136281251907,0.6708821654319763,0.05017925426363945,0.24346521124243736,0.0,0.0,0.0,0.0,0.0,18473,global,0.0
4,5,lr1e-05_bs16_drop0p2_temp1p0_a0p25_b0p05__wd1e-04trmiss0_degmodglobal,16,1e-05,0.0001,0.2,1.0,0.25,0.05,lr1e-05_bs16_drop0p2_temp1p0_a0p25_b0p05__wd1e-04trmiss0_degmodglobal,21,0.7052224576473236,0.759812593460083,0.2777777777777778,0.662048137048137,0.38461538461538464,0.0,0.6535444110631943,0.6827220022678375,0.04837332386523485,0.20814273878932,0.0,0.0,0.0,0.0,0.0,18473,global,0.0
4,5,lr1e-05_bs16_drop0p2_temp1p0_a0p25_b0p05__wd1e-04trmiss0_degmodglobal,16,1e-05,0.0001,0.2,1.0,0.25,0.05,lr1e-05_bs16_drop0p2_temp1p0_a0p25_b0p05__wd1e-04trmiss0_degmodglobal,22,0.6551672667264938,0.7661865949630737,0.2777777777777778,0.662048137048137,0.38461538461538464,0.0,0.6293230652809143,0.6338782906532288,0.04973015654832125,0.17712903767824173,0.0,0.0,0.0,0.0,0.0,18473,global,0.0
4,5,lr1e-05_bs16_drop0p2_temp1p0_a0p25_b0p05__wd1e-04trmiss0_degmodglobal,16,1e-05,0.0001,0.2,1.0,0.25,0.05,lr1e-05_bs16_drop0p2_temp1p0_a0p25_b0p05__wd1e-04trmiss0_degmodglobal,23,0.6821188777685165,0.7671964764595032,0.2777777777777778,0.662048137048137,0.38461538461538464,0.0,0.6316505074501038,0.6588602215051651,0.0500717768445611,0.2148144207894802,0.0,0.0,0.0,0.0,0.0,18473,global,0.0
4,5,lr1e-05_bs16_drop0p2_temp1p0_a0p25_b0p05__wd1e-04trmiss0_degmodglobal,16,1e-05,0.0001,0.2,1.0,0.25,0.05,lr1e-05_bs16_drop0p2_temp1p0_a0p25_b0p05__wd1e-04trmiss0_degmodglobal,24,0.7286731153726578,0.7659175395965576,0.3055555555555556,0.6990851740851742,0.38461538461538464,0.0,0.6305381059646606,0.7054774016141891,0.04927982110530138,0.21751542389392853,0.0,0.0,0.0,0.0,0.0,18473,global,0.0
4,5,lr1e-05_bs16_drop0p2_temp1p0_a0p25_b0p05__wd1e-04trmiss0_degmodglobal,16,1e-05,0.0001,0.2,1.0,0.25,0.05,lr1e-05_bs16_drop0p2_temp1p0_a0p25_b0p05__wd1e-04trmiss0_degmodglobal,25,0.7056786119937897,0.7652024626731873,0.3055555555555556,0.6990851740851742,0.38461538461538464,0.0,0.6255609691143036,0.6790524423122406,0.05720636807382107,0.24649205431342125,0.0,0.0,0.0,0.0,0.0,18473,global,0.0
4,5,lr1e-05_bs16_drop0p2_temp1p0_a0p25_b0p05__wd1e-04trmiss0_degmodglobal,16,1e-05,0.0001,0.2,1.0,0.25,0.05,lr1e-05_bs16_drop0p2_temp1p0_a0p25_b0p05__wd1e-04trmiss0_degmodglobal,26,0.6990508884191513,0.7629157304763794,0.3055555555555556,0.6990851740851742,0.38461538461538464,0.0,0.6329322755336761,0.6734636574983597,0.05390220321714878,0.24223357439041138,0.0,0.0,0.0,0.0,0.0,18473,global,0.0
4,5,lr1e-05_bs16_drop0p2_temp1p0_a0p25_b0p05__wd1e-04trmiss0_degmodglobal,16,1e-05,0.0001,0.2,1.0,0.25,0.05,lr1e-05_bs16_drop0p2_temp1p0_a0p25_b0p05__wd1e-04trmiss0_degmodglobal,27,0.6933203190565109,0.7651067972183228,0.3055555555555556,0.6990851740851742,0.38461538461538464,0.0,0.6147568821907043,0.668612152338028,0.05545981414616108,0.2168644443154335,0.0,0.0,0.0,0.0,0.0,18473,global,0.0
4,5,lr1e-05_bs16_drop0p2_temp1p0_a0p25_b0p05__wd1e-04trmiss0_degmodglobal,16,1e-05,0.0001,0.2,1.0,0.25,0.05,lr1e-05_bs16_drop0p2_temp1p0_a0p25_b0p05__wd1e-04trmiss0_degmodglobal,28,0.6983931660652161,0.7608945369720459,0.3055555555555556,0.6990851740851742,0.38461538461538464,0.0,0.6255385279655457,0.6768946051597595,0.04557647276669741,0.20208940282464027,0.0,0.0,0.0,0.0,0.0,18473,global,0.0
4,5,lr1e-05_bs16_drop0p2_temp1p0_a0p25_b0p05__wd1e-04trmiss0_degmodglobal,16,1e-05,0.0001,0.2,1.0,0.25,0.05,lr1e-05_bs16_drop0p2_temp1p0_a0p25_b0p05__wd1e-04trmiss0_degmodglobal,29,0.6937757581472397,0.7638211250305176,0.3055555555555556,0.6990851740851742,0.38461538461538464,0.0,0.6248267441987991,0.6697194576263428,0.05039104260504246,0.2291705384850502,0.0,0.0,0.0,0.0,0.0,18473,global,0.0
4,5,lr1e-05_bs16_drop0p2_temp1p0_a0p25_b0p05__wd1e-04trmiss0_degmodglobal,16,1e-05,0.0001,0.2,1.0,0.25,0.05,lr1e-05_bs16_drop0p2_temp1p0_a0p25_b0p05__wd1e-04trmiss0_degmodglobal,30,0.6991318762302399,0.7641471028327942,0.3055555555555556,0.6990851740851742,0.38461538461538464,0.0,0.6293702870607376,0.6671913415193558,0.06698995269834995,0.30386101081967354,0.0,0.0,0.0,0.0,0.0,18473,global,0.0
4,5,lr1e-05_bs16_drop0p2_temp1p0_a0p25_b0p05__wd1e-04trmiss0_degmodglobal,16,1e-05,0.0001,0.2,1.0,0.25,0.05,lr1e-05_bs16_drop0p2_temp1p0_a0p25_b0p05__wd1e-04trmiss0_degmodglobal,31,0.6735285669565201,0.7627410292625427,0.3055555555555556,0.6990851740851742,0.38461538461538464,0.0,0.60898457467556,0.6512933820486069,0.050068046897649765,0.19436316471546888,0.0,0.0,0.0,0.0,0.0,18473,global,0.0
4,5,lr1e-05_bs16_drop0p2_temp1p0_a0p25_b0p05__wd1e-04trmiss0_degmodglobal,16,1e-05,0.0001,0.2,1.0,0.25,0.05,lr1e-05_bs16_drop0p2_temp1p0_a0p25_b0p05__wd1e-04trmiss0_degmodglobal,32,0.6951161026954651,0.762978196144104,0.3055555555555556,0.6990851740851742,0.38461538461538464,0.0,0.6174169778823853,0.6724836379289627,0.04749737959355116,0.21516232192516327,0.0,0.0,0.0,0.0,0.0,18473,global,0.0
4,5,lr1e-05_bs16_drop0p2_temp1p0_a0p25_b0p05__wd1e-04trmiss0_degmodglobal,16,1e-05,0.0001,0.2,1.0,0.25,0.05,lr1e-05_bs16_drop0p2_temp1p0_a0p25_b0p05__wd1e-04trmiss0_degmodglobal,33,0.6826100945472717,0.7622363567352295,0.3055555555555556,0.6990851740851742,0.38461538461538464,0.0,0.6180484294891357,0.6581587642431259,0.050274874083697796,0.2376522570848465,0.0,0.0,0.0,0.0,0.0,18473,global,0.0
4,5,lr1e-05_bs16_drop0p2_temp1p0_a0p25_b0p05__wd1e-04trmiss0_degmodglobal,16,1e-05,0.0001,0.2,1.0,0.25,0.05,lr1e-05_bs16_drop0p2_temp1p0_a0p25_b0p05__wd1e-04trmiss0_degmodglobal,34,0.7197906821966171,0.7633369565010071,0.2777777777777778,0.662048137048137,0.38461538461538464,0.0,0.6134357303380966,0.6944601386785507,0.050916314125061035,0.2520295977592468,0.0,0.0,0.0,0.0,0.0,18473,global,0.0
4,5,lr1e-05_bs16_drop0p2_temp1p0_a0p25_b0p05__wd1e-04trmiss0_degmodglobal,16,1e-05,0.0001,0.2,1.0,0.25,0.05,lr1e-05_bs16_drop0p2_temp1p0_a0p25_b0p05__wd1e-04trmiss0_degmodglobal,35,0.7084384262561798,0.7620095610618591,0.3055555555555556,0.6990851740851742,0.38461538461538464,0.0,0.6139851659536362,0.6857107728719711,0.04625537805259228,0.22327593341469765,0.0,0.0,0.0,0.0,0.0,18473,global,0.0
4,5,lr1e-05_bs16_drop0p2_temp1p0_a0p25_b0p05__wd1e-04trmiss0_degmodglobal,16,1e-05,0.0001,0.2,1.0,0.25,0.05,lr1e-05_bs16_drop0p2_temp1p0_a0p25_b0p05__wd1e-04trmiss0_degmodglobal,36,0.7126912027597427,0.7641482949256897,0.2777777777777778,0.662048137048137,0.38461538461538464,0.0,0.6032723188400269,0.6838558465242386,0.05920009966939688,0.28070687130093575,0.0,0.0,0.0,0.0,0.0,18473,global,0.0
4,5,lr1e-05_bs16_drop0p2_temp1p0_a0p25_b0p05__wd1e-04trmiss0_degmodglobal,16,1e-05,0.0001,0.2,1.0,0.25,0.05,lr1e-05_bs16_drop0p2_temp1p0_a0p25_b0p05__wd1e-04trmiss0_degmodglobal,37,0.6884809881448746,0.7618627548217773,0.3055555555555556,0.6990851740851742,0.38461538461538464,0.0,0.6267606914043427,0.6616899520158768,0.05831072572618723,0.24426688998937607,0.0,0.0,0.0,0.0,0.0,18473,global,0.0
4,5,lr1e-05_bs16_drop0p2_temp1p0_a0p25_b0p05__wd1e-04trmiss0_degmodglobal,16,1e-05,0.0001,0.2,1.0,0.25,0.05,lr1e-05_bs16_drop0p2_temp1p0_a0p25_b0p05__wd1e-04trmiss0_degmodglobal,38,0.7228390425443649,0.761823832988739,0.2777777777777778,0.662048137048137,0.38461538461538464,0.0,0.6161608844995499,0.6955562382936478,0.058020878583192825,0.25555190071463585,0.0,0.0,0.0,0.0,0.0,18473,global,0.0
4,5,lr1e-05_bs16_drop0p2_temp1p0_a0p25_b0p05__wd1e-04trmiss0_degmodglobal,16,1e-05,0.0001,0.2,1.0,0.25,0.05,lr1e-05_bs16_drop0p2_temp1p0_a0p25_b0p05__wd1e-04trmiss0_degmodglobal,39,0.6856354624032974,0.7615113258361816,0.3055555555555556,0.6990851740851742,0.38461538461538464,0.0,0.599822923541069,0.661814883351326,0.050102630630135536,0.22589826583862305,0.0,0.0,0.0,0.0,0.0,18473,global,0.0
4,5,lr1e-05_bs16_drop0p2_temp1p0_a0p25_b0p05__wd1e-04trmiss0_degmodglobal,16,1e-05,0.0001,0.2,1.0,0.25,0.05,lr1e-05_bs16_drop0p2_temp1p0_a0p25_b0p05__wd1e-04trmiss0_degmodglobal,40,0.6641212850809097,0.7594618797302246,0.3055555555555556,0.6990851740851742,0.38461538461538464,0.0,0.6042467504739761,0.6398032009601593,0.049933915957808495,0.23669210448861122,0.0,0.0,0.0,0.0,0.0,18473,global,0.0
4,5,lr1e-05_bs16_drop0p2_temp1p0_a0p25_b0p05__wd1e-04trmiss0_degmodglobal,16,1e-05,0.0001,0.2,1.0,0.25,0.05,lr1e-05_bs16_drop0p2_temp1p0_a0p25_b0p05__wd1e-04trmiss0_degmodglobal,41,0.7028234452009201,0.762559175491333,0.3055555555555556,0.6990851740851742,0.38461538461538464,0.0,0.584247276186943,0.6789223104715347,0.04874189384281635,0.23431353271007538,0.0,0.0,0.0,0.0,0.0,18473,global,0.0
4,5,lr1e-05_bs16_drop0p2_temp1p0_a0p25_b0p05__wd1e-04trmiss0_degmodglobal,16,1e-05,0.0001,0.2,1.0,0.25,0.05,lr1e-05_bs16_drop0p2_temp1p0_a0p25_b0p05__wd1e-04trmiss0_degmodglobal,42,0.6789807230234146,0.7604641318321228,0.3055555555555556,0.6990851740851742,0.38461538461538464,0.0,0.5906918346881866,0.649526372551918,0.060832818038761616,0.28492238372564316,0.0,0.0,0.0,0.0,0.0,18473,global,0.0
4,5,lr1e-05_bs16_drop0p2_temp1p0_a0p25_b0p05__wd1e-04trmiss0_degmodglobal,16,1e-05,0.0001,0.2,1.0,0.25,0.05,lr1e-05_bs16_drop0p2_temp1p0_a0p25_b0p05__wd1e-04trmiss0_degmodglobal,43,0.7043735831975937,0.7616452574729919,0.3055555555555556,0.6990851740851742,0.38461538461538464,0.0,0.5942214727401733,0.6847137808799744,0.04242298658937216,0.1810811311006546,0.0,0.0,0.0,0.0,0.0,18473,global,0.0
4,5,lr1e-05_bs16_drop0p2_temp1p0_a0p25_b0p05__wd1e-04trmiss0_degmodglobal,16,1e-05,0.0001,0.2,1.0,0.25,0.05,lr1e-05_bs16_drop0p2_temp1p0_a0p25_b0p05__wd1e-04trmiss0_degmodglobal,44,0.7085461914539337,0.7625507712364197,0.3055555555555556,0.6990851740851742,0.38461538461538464,0.0,0.5983977615833282,0.6830834150314331,0.05771809350699186,0.22066489979624748,0.0,0.0,0.0,0.0,0.0,18473,global,0.0
4,5,lr1e-05_bs16_drop0p2_temp1p0_a0p25_b0p05__wd1e-04trmiss0_degmodglobal,16,1e-05,0.0001,0.2,1.0,0.25,0.05,lr1e-05_bs16_drop0p2_temp1p0_a0p25_b0p05__wd1e-04trmiss0_degmodglobal,45,0.6784802079200745,0.7635640501976013,0.3055555555555556,0.6990851740851742,0.38461538461538464,0.0,0.5792387872934341,0.6549222320318222,0.052235872484743595,0.20997997373342514,0.0,0.0,0.0,0.0,0.0,18473,global,0.0
4,5,lr1e-05_bs16_drop0p2_temp1p0_a0p25_b0p05__wd1e-04trmiss0_degmodglobal,16,1e-05,0.0001,0.2,1.0,0.25,0.05,lr1e-05_bs16_drop0p2_temp1p0_a0p25_b0p05__wd1e-04trmiss0_degmodglobal,46,0.6800863593816757,0.7603905200958252,0.3055555555555556,0.6990851740851742,0.38461538461538464,0.0,0.5789487063884735,0.6548265218734741,0.051901294849812984,0.2456902712583542,0.0,0.0,0.0,0.0,0.0,18473,global,0.0
4,5,lr1e-05_bs16_drop0p2_temp1p0_a0p25_b0p05__wd1e-04trmiss0_degmodglobal,16,1e-05,0.0001,0.2,1.0,0.25,0.05,lr1e-05_bs16_drop0p2_temp1p0_a0p25_b0p05__wd1e-04trmiss0_degmodglobal,47,0.6989761888980865,0.7579753994941711,0.3055555555555556,0.6990851740851742,0.38461538461538464,0.0,0.5743604302406311,0.6738777458667755,0.05201424937695265,0.24189793318510056,0.0,0.0,0.0,0.0,0.0,18473,global,0.0
4,5,lr1e-05_bs16_drop0p2_temp1p0_a0p25_b0p05__wd1e-04trmiss0_degmodglobal,16,1e-05,0.0001,0.2,1.0,0.25,0.05,lr1e-05_bs16_drop0p2_temp1p0_a0p25_b0p05__wd1e-04trmiss0_degmodglobal,48,0.6785661429166794,0.7521498799324036,0.3055555555555556,0.6990851740851742,0.3076923076923077,0.0,0.5712133944034576,0.6522755175828934,0.05663651041686535,0.24263042211532593,0.0,0.0,0.0,0.0,0.0,18473,global,0.0
4,5,lr1e-05_bs16_drop0p2_temp1p0_a0p25_b0p05__wd1e-04trmiss0_degmodglobal,16,1e-05,0.0001,0.2,1.0,0.25,0.05,lr1e-05_bs16_drop0p2_temp1p0_a0p25_b0p05__wd1e-04trmiss0_degmodglobal,49,0.6756144762039185,0.7546939253807068,0.3055555555555556,0.6990851740851742,0.38461538461538464,0.0,0.5767989009618759,0.6519879549741745,0.05008019972592592,0.22212939709424973,0.0,0.0,0.0,0.0,0.0,18473,global,0.0
4,5,lr1e-05_bs16_drop0p2_temp1p0_a0p25_b0p05__wd1e-04trmiss0_degmodglobal,16,1e-05,0.0001,0.2,1.0,0.25,0.05,lr1e-05_bs16_drop0p2_temp1p0_a0p25_b0p05__wd1e-04trmiss0_degmodglobal,50,0.6681888550519943,0.7598938941955566,0.3055555555555556,0.6990851740851742,0.38461538461538464,0.0,0.5964458882808685,0.6452462077140808,0.0509544936940074,0.20408078655600548,0.0,0.0,0.0,0.0,0.0,18473,global,0.0
4,5,lr1e-05_bs16_drop0p2_temp1p0_a0p25_b0p05__wd1e-04trmiss0_degmodglobal,16,1e-05,0.0001,0.2,1.0,0.25,0.05,lr1e-05_bs16_drop0p2_temp1p0_a0p25_b0p05__wd1e-04trmiss0_degmodglobal,51,0.6940470784902573,0.7597848773002625,0.3055555555555556,0.6990851740851742,0.38461538461538464,0.0,0.5669514536857605,0.664508044719696,0.0621777568012476,0.27989208325743675,0.0,0.0,0.0,0.0,0.0,18473,global,0.0
4,5,lr1e-05_bs16_drop0p2_temp1p0_a0p25_b0p05__wd1e-04trmiss0_degmodglobal,16,1e-05,0.0001,0.2,1.0,0.25,0.05,lr1e-05_bs16_drop0p2_temp1p0_a0p25_b0p05__wd1e-04trmiss0_degmodglobal,52,0.6572418659925461,0.760244607925415,0.3055555555555556,0.6990851740851742,0.38461538461538464,0.0,0.5672499388456345,0.6378501057624817,0.04300199309363961,0.17282510176301003,0.0,0.0,0.0,0.0,0.0,18473,global,0.0
4,5,lr1e-05_bs16_drop0p2_temp1p0_a0p25_b0p05__wd1e-04trmiss0_degmodglobal,16,1e-05,0.0001,0.2,1.0,0.25,0.05,lr1e-05_bs16_drop0p2_temp1p0_a0p25_b0p05__wd1e-04trmiss0_degmodglobal,53,0.661411926150322,0.76409912109375,0.3055555555555556,0.6990851740851742,0.38461538461538464,0.0,0.5781157910823822,0.6366305351257324,0.0569941820576787,0.21065665036439896,0.0,0.0,0.0,0.0,0.0,18473,global,0.0
4,5,lr1e-05_bs16_drop0p2_temp1p0_a0p25_b0p05__wd1e-04trmiss0_degmodglobal,16,1e-05,0.0001,0.2,1.0,0.25,0.05,lr1e-05_bs16_drop0p2_temp1p0_a0p25_b0p05__wd1e-04trmiss0_degmodglobal,54,0.6824375689029694,0.7595738768577576,0.3055555555555556,0.6990851740851742,0.38461538461538464,0.0,0.5730166435241699,0.6545717865228653,0.055651016533374786,0.2790609672665596,0.0,0.0,0.0,0.0,0.0,18473,global,0.0
4,5,lr1e-05_bs16_drop0p2_temp1p0_a0p25_b0p05__wd1e-04trmiss0_degmodglobal,16,1e-05,0.0001,0.2,1.0,0.25,0.05,lr1e-05_bs16_drop0p2_temp1p0_a0p25_b0p05__wd1e-04trmiss0_degmodglobal,55,0.701330378651619,0.7585636377334595,0.3055555555555556,0.6990851740851742,0.3076923076923077,0.0,0.6117657721042633,0.6780715435743332,0.05313188675791025,0.1995175015181303,0.0,0.0,0.0,0.0,0.0,18473,global,0.0
4,5,lr1e-05_bs16_drop0p2_temp1p0_a0p25_b0p05__wd1e-04trmiss0_degmodglobal,16,1e-05,0.0001,0.2,1.0,0.25,0.05,lr1e-05_bs16_drop0p2_temp1p0_a0p25_b0p05__wd1e-04trmiss0_degmodglobal,56,0.7127502858638763,0.7623903155326843,0.3055555555555556,0.6990851740851742,0.38461538461538464,0.0,0.579503670334816,0.6870862394571304,0.05603074096143246,0.23312736302614212,0.0,0.0,0.0,0.0,0.0,18473,global,0.0
4,5,lr1e-05_bs16_drop0p2_temp1p0_a0p25_b0p05__wd1e-04trmiss0_degmodglobal,16,1e-05,0.0001,0.2,1.0,0.25,0.05,lr1e-05_bs16_drop0p2_temp1p0_a0p25_b0p05__wd1e-04trmiss0_degmodglobal,57,0.6971660852432251,0.7601116895675659,0.3055555555555556,0.6990851740851742,0.38461538461538464,0.0,0.5813643038272858,0.6677144020795822,0.06046979408711195,0.2866845093667507,0.0,0.0,0.0,0.0,0.0,18473,global,0.0
4,5,lr1e-05_bs16_drop0p2_temp1p0_a0p25_b0p05__wd1e-04trmiss0_degmodglobal,16,1e-05,0.0001,0.2,1.0,0.25,0.05,lr1e-05_bs16_drop0p2_temp1p0_a0p25_b0p05__wd1e-04trmiss0_degmodglobal,58,0.7138150781393051,0.7590989470481873,0.3055555555555556,0.6990851740851742,0.3076923076923077,0.0,0.5704110711812973,0.6885242164134979,0.05117809399962425,0.24992649629712105,0.0,0.0,0.0,0.0,0.0,18473,global,0.0
4,5,lr1e-05_bs16_drop0p2_temp1p0_a0p25_b0p05__wd1e-04trmiss0_degmodglobal,16,1e-05,0.0001,0.2,1.0,0.25,0.05,lr1e-05_bs16_drop0p2_temp1p0_a0p25_b0p05__wd1e-04trmiss0_degmodglobal,59,0.6917502880096436,0.7601149082183838,0.3055555555555556,0.6990851740851742,0.3076923076923077,0.0,0.5807631313800812,0.6655392646789551,0.06150998268276453,0.216670211404562,0.0,0.0,0.0,0.0,0.0,18473,global,0.0
4,5,lr1e-05_bs16_drop0p2_temp1p0_a0p25_b0p05__wd1e-04trmiss0_degmodglobal,16,1e-05,0.0001,0.2,1.0,0.25,0.05,lr1e-05_bs16_drop0p2_temp1p0_a0p25_b0p05__wd1e-04trmiss0_degmodglobal,60,0.6812569350004196,0.7562724351882935,0.3055555555555556,0.6990851740851742,0.38461538461538464,0.0,0.5895691066980362,0.6552706807851791,0.0545893432572484,0.2467784509062767,0.0,0.0,0.0,0.0,0.0,18473,global,0.0
4,5,lr1e-05_bs16_drop0p2_temp1p0_a0p25_b0p05__wd1e-04trmiss0_degmodglobal,16,1e-05,0.0001,0.2,1.0,0.25,0.05,lr1e-05_bs16_drop0p2_temp1p0_a0p25_b0p05__wd1e-04trmiss0_degmodglobal,61,0.6764082908630371,0.7626456618309021,0.3055555555555556,0.6990851740851742,0.38461538461538464,0.0,0.593217745423317,0.6496671587228775,0.057762837037444115,0.2460082843899727,0.0,0.0,0.0,0.0,0.0,18473,global,0.0
4,5,lr1e-05_bs16_drop0p2_temp1p0_a0p25_b0p05__wd1e-04trmiss0_degmodglobal,16,1e-05,0.0001,0.2,1.0,0.25,0.05,lr1e-05_bs16_drop0p2_temp1p0_a0p25_b0p05__wd1e-04trmiss0_degmodglobal,62,0.6875666379928589,0.7590386867523193,0.3055555555555556,0.6990851740851742,0.38461538461538464,0.0,0.6018295884132385,0.661774605512619,0.056125876493752,0.235211294144392,0.0,0.0,0.0,0.0,0.0,18473,global,0.0
4,5,lr1e-05_bs16_drop0p2_temp1p0_a0p25_b0p05__wd1e-04trmiss0_degmodglobal,16,1e-05,0.0001,0.2,1.0,0.25,0.05,lr1e-05_bs16_drop0p2_temp1p0_a0p25_b0p05__wd1e-04trmiss0_degmodglobal,63,0.68474280834198,0.7627790570259094,0.3055555555555556,0.6990851740851742,0.38461538461538464,0.0,0.561814621090889,0.6584327518939972,0.05990972742438316,0.2266520820558071,0.0,0.0,0.0,0.0,0.0,18473,global,0.0
4,5,lr1e-05_bs16_drop0p2_temp1p0_a0p25_b0p05__wd1e-04trmiss0_degmodglobal,16,1e-05,0.0001,0.2,1.0,0.25,0.05,lr1e-05_bs16_drop0p2_temp1p0_a0p25_b0p05__wd1e-04trmiss0_degmodglobal,64,0.6859833598136902,0.7573883533477783,0.3055555555555556,0.6990851740851742,0.38461538461538464,0.0,0.5841121077537537,0.66316157579422,0.0494073498994112,0.20939869061112404,0.0,0.0,0.0,0.0,0.0,18473,global,0.0
4,5,lr1e-05_bs16_drop0p2_temp1p0_a0p25_b0p05__wd1e-04trmiss0_degmodglobal,16,1e-05,0.0001,0.2,1.0,0.25,0.05,lr1e-05_bs16_drop0p2_temp1p0_a0p25_b0p05__wd1e-04trmiss0_degmodglobal,65,0.643695518374443,0.7599135637283325,0.3055555555555556,0.6990851740851742,0.38461538461538464,0.0,0.6010731607675552,0.620012030005455,0.05251432303339243,0.21109822019934654,0.0,0.0,0.0,0.0,0.0,18473,global,0.0
4,5,lr1e-05_bs16_drop0p2_temp1p0_a0p25_b0p05__wd1e-04trmiss0_degmodglobal,16,1e-05,0.0001,0.2,1.0,0.25,0.05,lr1e-05_bs16_drop0p2_temp1p0_a0p25_b0p05__wd1e-04trmiss0_degmodglobal,66,0.6780228465795517,0.7565281391143799,0.3055555555555556,0.6990851740851742,0.38461538461538464,0.0,0.5758034884929657,0.6503473222255707,0.06068871822208166,0.25006721913814545,0.0,0.0,0.0,0.0,0.0,18473,global,0.0
4,5,lr1e-05_bs16_drop0p2_temp1p0_a0p25_b0p05__wd1e-04trmiss0_degmodglobal,16,1e-05,0.0001,0.2,1.0,0.25,0.05,lr1e-05_bs16_drop0p2_temp1p0_a0p25_b0p05__wd1e-04trmiss0_degmodglobal,67,0.7138064801692963,0.7589831948280334,0.3055555555555556,0.6990851740851742,0.38461538461538464,0.0,0.5892853885889053,0.6895894408226013,0.054693001322448254,0.2108757309615612,0.0,0.0,0.0,0.0,0.0,18473,global,0.0
4,5,lr1e-05_bs16_drop0p2_temp1p0_a0p25_b0p05__wd1e-04trmiss0_degmodglobal,16,1e-05,0.0001,0.2,1.0,0.25,0.05,lr1e-05_bs16_drop0p2_temp1p0_a0p25_b0p05__wd1e-04trmiss0_degmodglobal,68,0.6906591802835464,0.759779691696167,0.3055555555555556,0.6990851740851742,0.38461538461538464,0.0,0.5698149651288986,0.6673513799905777,0.051741646602749825,0.20744755491614342,0.0,0.0,0.0,0.0,0.0,18473,global,0.0
4,5,lr1e-05_bs16_drop0p2_temp2p0_a0p25_b0p05__wd1e-04trmiss0_degmodglobal,16,1e-05,0.0001,0.2,2.0,0.25,0.05,lr1e-05_bs16_drop0p2_temp2p0_a0p25_b0p05__wd1e-04trmiss0_degmodglobal,1,0.6867545545101166,0.6722496747970581,0.4444444444444444,0.6759851259851261,0.6153846153846154,0.0,0.709544911980629,0.6680857092142105,0.04362403694540262,0.1552567258477211,0.0,0.0,0.0,0.0,0.0,18473,global,0.0
4,5,lr1e-05_bs16_drop0p2_temp2p0_a0p25_b0p05__wd1e-04trmiss0_degmodglobal,16,1e-05,0.0001,0.2,2.0,0.25,0.05,lr1e-05_bs16_drop0p2_temp2p0_a0p25_b0p05__wd1e-04trmiss0_degmodglobal,2,0.687973141670227,0.6722632646560669,0.41666666666666663,0.6660644910644911,0.6153846153846154,0.0,0.7148337662220001,0.6733516454696655,0.036882342770695686,0.10801828652620316,0.0,0.0,0.0,0.0,0.0,18473,global,0.0
4,5,lr1e-05_bs16_drop0p2_temp2p0_a0p25_b0p05__wd1e-04trmiss0_degmodglobal,16,1e-05,0.0001,0.2,2.0,0.25,0.05,lr1e-05_bs16_drop0p2_temp2p0_a0p25_b0p05__wd1e-04trmiss0_degmodglobal,3,0.6948942095041275,0.6740337014198303,0.41666666666666663,0.6660644910644911,0.6153846153846154,0.0,0.7136432230472565,0.6748242378234863,0.0484559740871191,0.15911897458136082,0.0,0.0,0.0,0.0,0.0,18473,global,0.0
4,5,lr1e-05_bs16_drop0p2_temp2p0_a0p25_b0p05__wd1e-04trmiss0_degmodglobal,16,1e-05,0.0001,0.2,2.0,0.25,0.05,lr1e-05_bs16_drop0p2_temp2p0_a0p25_b0p05__wd1e-04trmiss0_degmodglobal,4,0.6816471815109253,0.6744809150695801,0.41666666666666663,0.6660644910644911,0.6153846153846154,0.0,0.7046391814947128,0.6642082929611206,0.0417484138160944,0.14003581879660487,0.0,0.0,0.0,0.0,0.0,18473,global,0.0
4,5,lr1e-05_bs16_drop0p2_temp2p0_a0p25_b0p05__wd1e-04trmiss0_degmodglobal,16,1e-05,0.0001,0.2,2.0,0.25,0.05,lr1e-05_bs16_drop0p2_temp2p0_a0p25_b0p05__wd1e-04trmiss0_degmodglobal,5,0.6829438507556915,0.6759277582168579,0.41666666666666663,0.6660644910644911,0.6923076923076923,0.0,0.7063117772340775,0.6664759367704391,0.04183503147214651,0.12018293887376785,0.0,0.0,0.0,0.0,0.0,18473,global,0.0
4,5,lr1e-05_bs16_drop0p2_temp2p0_a0p25_b0p05__wd1e-04trmiss0_degmodglobal,16,1e-05,0.0001,0.2,2.0,0.25,0.05,lr1e-05_bs16_drop0p2_temp2p0_a0p25_b0p05__wd1e-04trmiss0_degmodglobal,6,0.6732460260391235,0.6782377362251282,0.41666666666666663,0.6660644910644911,0.6923076923076923,0.0,0.7088588774204254,0.6559555381536484,0.0414825938642025,0.13839657977223396,0.0,0.0,0.0,0.0,0.0,18473,global,0.0
4,5,lr1e-05_bs16_drop0p2_temp2p0_a0p25_b0p05__wd1e-04trmiss0_degmodglobal,16,1e-05,0.0001,0.2,2.0,0.25,0.05,lr1e-05_bs16_drop0p2_temp2p0_a0p25_b0p05__wd1e-04trmiss0_degmodglobal,7,0.6486955136060715,0.6799268126487732,0.38888888888888884,0.6493978243978243,0.6153846153846154,0.0,0.6645359545946121,0.6339191794395447,0.04019127134233713,0.09457003604620695,0.0,0.0,0.0,0.0,0.0,18473,global,0.0
4,5,lr1e-05_bs16_drop0p2_temp2p0_a0p25_b0p05__wd1e-04trmiss0_degmodglobal,16,1e-05,0.0001,0.2,2.0,0.25,0.05,lr1e-05_bs16_drop0p2_temp2p0_a0p25_b0p05__wd1e-04trmiss0_degmodglobal,8,0.6672125309705734,0.6766946911811829,0.38888888888888884,0.6493978243978243,0.6923076923076923,0.0,0.6901868283748627,0.6451142430305481,0.05899650603532791,0.14698270708322525,0.0,0.0,0.0,0.0,0.0,18473,global,0.0
4,5,lr1e-05_bs16_drop0p2_temp2p0_a0p25_b0p05__wd1e-04trmiss0_degmodglobal,16,1e-05,0.0001,0.2,2.0,0.25,0.05,lr1e-05_bs16_drop0p2_temp2p0_a0p25_b0p05__wd1e-04trmiss0_degmodglobal,9,0.6711716651916504,0.6791225671768188,0.38888888888888884,0.6493978243978243,0.6923076923076923,0.0,0.677393451333046,0.6564029306173325,0.038020847365260124,0.1052705766633153,0.0,0.0,0.0,0.0,0.0,18473,global,0.0
4,5,lr1e-05_bs16_drop0p2_temp2p0_a0p25_b0p05__wd1e-04trmiss0_degmodglobal,16,1e-05,0.0001,0.2,2.0,0.25,0.05,lr1e-05_bs16_drop0p2_temp2p0_a0p25_b0p05__wd1e-04trmiss0_degmodglobal,10,0.6562381684780121,0.6783379912376404,0.38888888888888884,0.6493978243978243,0.6923076923076923,0.0,0.6708577573299408,0.6357424557209015,0.05283012520521879,0.1457639541476965,0.0,0.0,0.0,0.0,0.0,18473,global,0.0
4,5,lr1e-05_bs16_drop0p2_temp2p0_a0p25_b0p05__wd1e-04trmiss0_degmodglobal,16,1e-05,0.0001,0.2,2.0,0.25,0.05,lr1e-05_bs16_drop0p2_temp2p0_a0p25_b0p05__wd1e-04trmiss0_degmodglobal,11,0.655423954129219,0.6775978207588196,0.38888888888888884,0.6493978243978243,0.6923076923076923,0.0,0.6852857023477554,0.641207754611969,0.036625413689762354,0.10119683481752872,0.0,0.0,0.0,0.0,0.0,18473,global,0.0
4,5,lr1e-05_bs16_drop0p2_temp2p0_a0p25_b0p05__wd1e-04trmiss0_degmodglobal,16,1e-05,0.0001,0.2,2.0,0.25,0.05,lr1e-05_bs16_drop0p2_temp2p0_a0p25_b0p05__wd1e-04trmiss0_degmodglobal,12,0.6732860207557678,0.679408073425293,0.38888888888888884,0.6493978243978243,0.6923076923076923,0.0,0.6953981667757034,0.6546657234430313,0.04796464089304209,0.13258236274123192,0.0,0.0,0.0,0.0,0.0,18473,global,0.0
4,5,lr1e-05_bs16_drop0p2_temp2p0_a0p25_b0p05__wd1e-04trmiss0_degmodglobal,16,1e-05,0.0001,0.2,2.0,0.25,0.05,lr1e-05_bs16_drop0p2_temp2p0_a0p25_b0p05__wd1e-04trmiss0_degmodglobal,13,0.6664046794176102,0.6794495582580566,0.36111111111111105,0.6388158138158138,0.6923076923076923,0.0,0.6589211672544479,0.6465831249952316,0.045327223371714354,0.16979527473449707,0.0,0.0,0.0,0.0,0.0,18473,global,0.0
4,5,lr1e-05_bs16_drop0p2_temp2p0_a0p25_b0p05__wd1e-04trmiss0_degmodglobal,16,1e-05,0.0001,0.2,2.0,0.25,0.05,lr1e-05_bs16_drop0p2_temp2p0_a0p25_b0p05__wd1e-04trmiss0_degmodglobal,14,0.6436372697353363,0.6801280975341797,0.36111111111111105,0.6388158138158138,0.6923076923076923,0.0,0.6547672897577286,0.6237367242574692,0.05172482365742326,0.13938643224537373,0.0,0.0,0.0,0.0,0.0,18473,global,0.0
4,5,lr1e-05_bs16_drop0p2_temp2p0_a0p25_b0p05__wd1e-04trmiss0_degmodglobal,16,1e-05,0.0001,0.2,2.0,0.25,0.05,lr1e-05_bs16_drop0p2_temp2p0_a0p25_b0p05__wd1e-04trmiss0_degmodglobal,15,0.6456362307071686,0.6843104362487793,0.3055555555555556,0.6091861841861842,0.6153846153846154,0.0,0.6803516298532486,0.6229980736970901,0.058585829101502895,0.15983387641608715,0.0,0.0,0.0,0.0,0.0,18473,global,0.0
4,5,lr1e-05_bs16_drop0p2_temp2p0_a0p25_b0p05__wd1e-04trmiss0_degmodglobal,16,1e-05,0.0001,0.2,2.0,0.25,0.05,lr1e-05_bs16_drop0p2_temp2p0_a0p25_b0p05__wd1e-04trmiss0_degmodglobal,16,0.6749856024980545,0.6839179992675781,0.3333333333333333,0.6277047027047027,0.6923076923076923,0.0,0.7051302492618561,0.6543897241353989,0.05232357233762741,0.15029970929026604,0.0,0.0,0.0,0.0,0.0,18473,global,0.0
4,5,lr1e-05_bs16_drop0p2_temp2p0_a0p25_b0p05__wd1e-04trmiss0_degmodglobal,16,1e-05,0.0001,0.2,2.0,0.25,0.05,lr1e-05_bs16_drop0p2_temp2p0_a0p25_b0p05__wd1e-04trmiss0_degmodglobal,17,0.6442305445671082,0.678727924823761,0.38888888888888884,0.6943713693713693,0.6153846153846154,0.0,0.6763519644737244,0.6226050108671188,0.0534386383369565,0.16531776264309883,0.0,0.0,0.0,0.0,0.0,18473,global,0.0
4,5,lr1e-05_bs16_drop0p2_temp2p0_a0p25_b0p05__wd1e-04trmiss0_degmodglobal,16,1e-05,0.0001,0.2,2.0,0.25,0.05,lr1e-05_bs16_drop0p2_temp2p0_a0p25_b0p05__wd1e-04trmiss0_degmodglobal,18,0.6404035985469818,0.6820340156555176,0.3611111111111111,0.6832602582602583,0.6153846153846154,0.0,0.676220029592514,0.6185053586959839,0.054899912327528,0.16346525587141514,0.0,0.0,0.0,0.0,0.0,18473,global,0.0
4,5,lr1e-05_bs16_drop0p2_temp2p0_a0p25_b0p05__wd1e-04trmiss0_degmodglobal,16,1e-05,0.0001,0.2,2.0,0.25,0.05,lr1e-05_bs16_drop0p2_temp2p0_a0p25_b0p05__wd1e-04trmiss0_degmodglobal,19,0.674255833029747,0.6829167604446411,0.3611111111111111,0.6832602582602583,0.6923076923076923,0.0,0.6484982967376709,0.6577750742435455,0.04520392417907715,0.10359564423561096,0.0,0.0,0.0,0.0,0.0,18473,global,0.0
4,5,lr1e-05_bs16_drop0p2_temp2p0_a0p25_b0p05__wd1e-04trmiss0_degmodglobal,16,1e-05,0.0001,0.2,2.0,0.25,0.05,lr1e-05_bs16_drop0p2_temp2p0_a0p25_b0p05__wd1e-04trmiss0_degmodglobal,20,0.6678609699010849,0.6853296160697937,0.3333333333333333,0.6647417397417397,0.6153846153846154,0.0,0.6473674327135086,0.6495368629693985,0.0476099424995482,0.1284326850436628,0.0,0.0,0.0,0.0,0.0,18473,global,0.0
4,5,lr1e-05_bs16_drop0p2_temp2p0_a0p25_b0p05__wd1e-04trmiss0_degmodglobal,16,1e-05,0.0001,0.2,2.0,0.25,0.05,lr1e-05_bs16_drop0p2_temp2p0_a0p25_b0p05__wd1e-04trmiss0_degmodglobal,21,0.6523266136646271,0.6887288093566895,0.3333333333333333,0.6647417397417397,0.6153846153846154,0.0,0.6579478532075882,0.6344490945339203,0.05005890503525734,0.10725614614784718,0.0,0.0,0.0,0.0,0.0,18473,global,0.0
4,5,lr1e-05_bs16_drop0p2_temp2p0_a0p25_b0p05__wd1e-04trmiss0_degmodglobal,16,1e-05,0.0001,0.2,2.0,0.25,0.05,lr1e-05_bs16_drop0p2_temp2p0_a0p25_b0p05__wd1e-04trmiss0_degmodglobal,22,0.6520377695560455,0.6835290193557739,0.3333333333333333,0.6647417397417397,0.6153846153846154,0.0,0.6469193547964096,0.6341411620378494,0.04647416155785322,0.12556173466145992,0.0,0.0,0.0,0.0,0.0,18473,global,0.0
4,5,lr1e-05_bs16_drop0p2_temp2p0_a0p25_b0p05__wd1e-04trmiss0_degmodglobal,16,1e-05,0.0001,0.2,2.0,0.25,0.05,lr1e-05_bs16_drop0p2_temp2p0_a0p25_b0p05__wd1e-04trmiss0_degmodglobal,23,0.6432977318763733,0.6830143928527832,0.3333333333333333,0.6647417397417397,0.6923076923076923,0.0,0.6540877521038055,0.625361293554306,0.05081768333911896,0.10464034788310528,0.0,0.0,0.0,0.0,0.0,18473,global,0.0
4,5,lr1e-05_bs16_drop0p2_temp2p0_a0p25_b0p05__wd1e-04trmiss0_degmodglobal,16,1e-05,0.0001,0.2,2.0,0.25,0.05,lr1e-05_bs16_drop0p2_temp2p0_a0p25_b0p05__wd1e-04trmiss0_degmodglobal,24,0.6354466676712036,0.6834226250648499,0.3333333333333333,0.6647417397417397,0.6923076923076923,0.0,0.6488230377435684,0.6193321645259857,0.04165892954915762,0.11399531923234463,0.0,0.0,0.0,0.0,0.0,18473,global,0.0
4,5,lr1e-05_bs16_drop0p2_temp2p0_a0p25_b0p05__wd1e-04trmiss0_degmodglobal,16,1e-05,0.0001,0.2,2.0,0.25,0.05,lr1e-05_bs16_drop0p2_temp2p0_a0p25_b0p05__wd1e-04trmiss0_degmodglobal,25,0.6670431792736053,0.6867573261260986,0.3055555555555556,0.6091861841861842,0.6923076923076923,0.0,0.648419663310051,0.6497542411088943,0.04805502388626337,0.10550333373248577,0.0,0.0,0.0,0.0,0.0,18473,global,0.0
4,5,lr1e-05_bs16_drop0p4_temp1p0_a0p25_b0p05__wd1e-04trmiss0_degmodglobal,16,1e-05,0.0001,0.4,1.0,0.25,0.05,lr1e-05_bs16_drop0p4_temp1p0_a0p25_b0p05__wd1e-04trmiss0_degmodglobal,1,0.7128220349550247,0.673504114151001,0.5277777777777778,0.7675805675805676,0.6923076923076923,0.0,0.7185361683368683,0.6638701111078262,0.11258520185947418,0.4161122590303421,0.0,0.0,0.0,0.0,0.0,18473,global,0.0
4,5,lr1e-05_bs16_drop0p4_temp1p0_a0p25_b0p05__wd1e-04trmiss0_degmodglobal,16,1e-05,0.0001,0.4,1.0,0.25,0.05,lr1e-05_bs16_drop0p4_temp1p0_a0p25_b0p05__wd1e-04trmiss0_degmodglobal,2,0.7205013781785965,0.673675537109375,0.49999999999999994,0.7305435305435306,0.6153846153846154,0.0,0.7177692651748657,0.6832673847675323,0.08906488493084908,0.2993556037545204,0.0,0.0,0.0,0.0,0.0,18473,global,0.0
4,5,lr1e-05_bs16_drop0p4_temp1p0_a0p25_b0p05__wd1e-04trmiss0_degmodglobal,16,1e-05,0.0001,0.4,1.0,0.25,0.05,lr1e-05_bs16_drop0p4_temp1p0_a0p25_b0p05__wd1e-04trmiss0_degmodglobal,3,0.7163119316101074,0.6734189987182617,0.5,0.6916546416546417,0.6153846153846154,0.0,0.7418540418148041,0.6749094724655151,0.09570466168224812,0.3495256882160902,0.0,0.0,0.0,0.0,0.0,18473,global,0.0
4,5,lr1e-05_bs16_drop0p4_temp1p0_a0p25_b0p05__wd1e-04trmiss0_degmodglobal,16,1e-05,0.0001,0.4,1.0,0.25,0.05,lr1e-05_bs16_drop0p4_temp1p0_a0p25_b0p05__wd1e-04trmiss0_degmodglobal,4,0.702885702252388,0.6752694249153137,0.5,0.6916546416546417,0.6153846153846154,0.0,0.7183564007282257,0.6619096100330353,0.09585163462907076,0.34026357904076576,0.0,0.0,0.0,0.0,0.0,18473,global,0.0
4,5,lr1e-05_bs16_drop0p4_temp1p0_a0p25_b0p05__wd1e-04trmiss0_degmodglobal,16,1e-05,0.0001,0.4,1.0,0.25,0.05,lr1e-05_bs16_drop0p4_temp1p0_a0p25_b0p05__wd1e-04trmiss0_degmodglobal,5,0.667452335357666,0.6752277612686157,0.49999999999999994,0.7000592000592001,0.6153846153846154,0.0,0.7367661446332932,0.6262870728969574,0.0946995047852397,0.34980810433626175,0.0,0.0,0.0,0.0,0.0,18473,global,0.0
4,5,lr1e-05_bs16_drop0p4_temp1p0_a0p25_b0p05__wd1e-04trmiss0_degmodglobal,16,1e-05,0.0001,0.4,1.0,0.25,0.05,lr1e-05_bs16_drop0p4_temp1p0_a0p25_b0p05__wd1e-04trmiss0_degmodglobal,6,0.6777006536722183,0.6767306923866272,0.49999999999999994,0.7000592000592001,0.6153846153846154,0.0,0.7398366332054138,0.6340392231941223,0.09244837146252394,0.4109867885708809,0.0,0.0,0.0,0.0,0.0,18473,global,0.0
4,5,lr1e-05_bs16_drop0p4_temp1p0_a0p25_b0p05__wd1e-04trmiss0_degmodglobal,16,1e-05,0.0001,0.4,1.0,0.25,0.05,lr1e-05_bs16_drop0p4_temp1p0_a0p25_b0p05__wd1e-04trmiss0_degmodglobal,7,0.6805488616228104,0.6786279082298279,0.4722222222222222,0.6933251933251934,0.6153846153846154,0.0,0.7129983305931091,0.6390237510204315,0.097505247220397,0.3429756201803684,0.0,0.0,0.0,0.0,0.0,18473,global,0.0
4,5,lr1e-05_bs16_drop0p4_temp1p0_a0p25_b0p05__wd1e-04trmiss0_degmodglobal,16,1e-05,0.0001,0.4,1.0,0.25,0.05,lr1e-05_bs16_drop0p4_temp1p0_a0p25_b0p05__wd1e-04trmiss0_degmodglobal,8,0.6739330142736435,0.6788519024848938,0.49999999999999994,0.7000592000592001,0.6153846153846154,0.0,0.6969805508852005,0.6396170854568481,0.0778389684855938,0.2971234656870365,0.0,0.0,0.0,0.0,0.0,18473,global,0.0
4,5,lr1e-05_bs16_drop0p4_temp1p0_a0p25_b0p05__wd1e-04trmiss0_degmodglobal,16,1e-05,0.0001,0.4,1.0,0.25,0.05,lr1e-05_bs16_drop0p4_temp1p0_a0p25_b0p05__wd1e-04trmiss0_degmodglobal,9,0.684947282075882,0.6778090000152588,0.5277777777777777,0.7132867132867133,0.6153846153846154,0.0,0.6903742849826813,0.6546124219894409,0.06941304169595242,0.25963180139660835,0.0,0.0,0.0,0.0,0.0,18473,global,0.0
4,5,lr1e-05_bs16_drop0p4_temp1p0_a0p25_b0p05__wd1e-04trmiss0_degmodglobal,16,1e-05,0.0001,0.4,1.0,0.25,0.05,lr1e-05_bs16_drop0p4_temp1p0_a0p25_b0p05__wd1e-04trmiss0_degmodglobal,10,0.6658667176961899,0.6773670315742493,0.5277777777777777,0.7132867132867133,0.6153846153846154,0.0,0.6979640126228333,0.6276809126138687,0.0892179710790515,0.31762605533003807,0.0,0.0,0.0,0.0,0.0,18473,global,0.0
4,5,lr1e-05_bs16_drop0p4_temp1p0_a0p25_b0p05__wd1e-04trmiss0_degmodglobal,16,1e-05,0.0001,0.4,1.0,0.25,0.05,lr1e-05_bs16_drop0p4_temp1p0_a0p25_b0p05__wd1e-04trmiss0_degmodglobal,11,0.6900792121887207,0.676436722278595,0.5277777777777777,0.7132867132867133,0.6153846153846154,0.0,0.693177804350853,0.657273143529892,0.07850323989987373,0.2636052556335926,0.0,0.0,0.0,0.0,0.0,18473,global,0.0
4,5,lr1e-05_bs16_drop0p4_temp1p0_a0p25_b0p05__wd1e-04trmiss0_degmodglobal,16,1e-05,0.0001,0.4,1.0,0.25,0.05,lr1e-05_bs16_drop0p4_temp1p0_a0p25_b0p05__wd1e-04trmiss0_degmodglobal,12,0.6668832153081894,0.6750776767730713,0.5277777777777777,0.7132867132867133,0.6153846153846154,0.0,0.7203900516033173,0.6330654323101044,0.0726219741627574,0.31324589252471924,0.0,0.0,0.0,0.0,0.0,18473,global,0.0
4,5,lr1e-05_bs16_drop0p4_temp1p0_a0p25_b0p05__wd1e-04trmiss0_degmodglobal,16,1e-05,0.0001,0.4,1.0,0.25,0.05,lr1e-05_bs16_drop0p4_temp1p0_a0p25_b0p05__wd1e-04trmiss0_degmodglobal,13,0.654352068901062,0.6739816069602966,0.5555555555555556,0.7251914751914752,0.6153846153846154,0.0,0.6577503532171249,0.619488388299942,0.0787268178537488,0.3036394491791725,0.0,0.0,0.0,0.0,0.0,18473,global,0.0
4,5,lr1e-05_bs16_drop0p4_temp1p0_a0p25_b0p05__wd1e-04trmiss0_degmodglobal,16,1e-05,0.0001,0.4,1.0,0.25,0.05,lr1e-05_bs16_drop0p4_temp1p0_a0p25_b0p05__wd1e-04trmiss0_degmodglobal,14,0.6664807796478271,0.6767857670783997,0.5555555555555556,0.7251914751914752,0.6153846153846154,0.0,0.6864394992589951,0.634644478559494,0.07610577158629894,0.25619713962078094,0.0,0.0,0.0,0.0,0.0,18473,global,0.0
4,5,lr1e-05_bs16_drop0p4_temp1p0_a0p25_b0p05__wd1e-04trmiss0_degmodglobal,16,1e-05,0.0001,0.4,1.0,0.25,0.05,lr1e-05_bs16_drop0p4_temp1p0_a0p25_b0p05__wd1e-04trmiss0_degmodglobal,15,0.686222031712532,0.6792041063308716,0.5555555555555556,0.7251914751914752,0.6153846153846154,0.0,0.6547941118478775,0.6507847905158997,0.08047003950923681,0.3063946031033993,0.0,0.0,0.0,0.0,0.0,18473,global,0.0
4,5,lr1e-05_bs16_drop0p4_temp1p0_a0p25_b0p05__wd1e-04trmiss0_degmodglobal,16,1e-05,0.0001,0.4,1.0,0.25,0.05,lr1e-05_bs16_drop0p4_temp1p0_a0p25_b0p05__wd1e-04trmiss0_degmodglobal,16,0.6749277114868164,0.6783591508865356,0.5555555555555556,0.7251914751914752,0.6153846153846154,0.0,0.7069743871688843,0.6366313099861145,0.08892394416034222,0.3213081732392311,0.0,0.0,0.0,0.0,0.0,18473,global,0.0
4,5,lr1e-05_bs16_drop0p4_temp1p0_a0p25_b0p05__wd1e-04trmiss0_degmodglobal,16,1e-05,0.0001,0.4,1.0,0.25,0.05,lr1e-05_bs16_drop0p4_temp1p0_a0p25_b0p05__wd1e-04trmiss0_degmodglobal,17,0.6855560690164566,0.6775965094566345,0.5555555555555556,0.7251914751914752,0.6153846153846154,0.0,0.6518140882253647,0.6427791565656662,0.09619761444628239,0.37455007806420326,0.0,0.0,0.0,0.0,0.0,18473,global,0.0
4,5,lr1e-05_bs16_drop0p4_temp1p0_a0p25_b0p05__wd1e-04trmiss0_degmodglobal,16,1e-05,0.0001,0.4,1.0,0.25,0.05,lr1e-05_bs16_drop0p4_temp1p0_a0p25_b0p05__wd1e-04trmiss0_degmodglobal,18,0.6777070164680481,0.6797547340393066,0.5555555555555556,0.7251914751914752,0.6153846153846154,0.0,0.6783529222011566,0.6473356336355209,0.076911186799407,0.22287176921963692,0.0,0.0,0.0,0.0,0.0,18473,global,0.0
4,5,lr1e-05_bs16_drop0p4_temp1p0_a0p25_b0p05__wd1e-04trmiss0_degmodglobal,16,1e-05,0.0001,0.4,1.0,0.25,0.05,lr1e-05_bs16_drop0p4_temp1p0_a0p25_b0p05__wd1e-04trmiss0_degmodglobal,19,0.645949199795723,0.678085446357727,0.5277777777777777,0.7132867132867133,0.6153846153846154,0.0,0.6890115588903427,0.6056807339191437,0.08728000521659851,0.3689699172973633,0.0,0.0,0.0,0.0,0.0,18473,global,0.0
4,5,lr1e-05_bs16_drop0p4_temp1p0_a0p25_b0p05__wd1e-04trmiss0_degmodglobal,16,1e-05,0.0001,0.4,1.0,0.25,0.05,lr1e-05_bs16_drop0p4_temp1p0_a0p25_b0p05__wd1e-04trmiss0_degmodglobal,20,0.6764598190784454,0.6783018112182617,0.5,0.7040274540274541,0.6153846153846154,0.0,0.6370892226696014,0.6460801064968109,0.07596582733094692,0.2277650497853756,0.0,0.0,0.0,0.0,0.0,18473,global,0.0
4,5,lr1e-05_bs16_drop0p4_temp1p0_a0p25_b0p05__wd1e-04trmiss0_degmodglobal,16,1e-05,0.0001,0.4,1.0,0.25,0.05,lr1e-05_bs16_drop0p4_temp1p0_a0p25_b0p05__wd1e-04trmiss0_degmodglobal,21,0.6555301398038864,0.6769436597824097,0.5277777777777777,0.7132867132867133,0.6153846153846154,0.0,0.6937083601951599,0.6196130514144897,0.08718953281641006,0.28239430487155914,0.0,0.0,0.0,0.0,0.0,18473,global,0.0
4,5,lr1e-05_bs16_drop0p4_temp1p0_a0p25_b0p05__wd1e-04trmiss0_degmodglobal,16,1e-05,0.0001,0.4,1.0,0.25,0.05,lr1e-05_bs16_drop0p4_temp1p0_a0p25_b0p05__wd1e-04trmiss0_degmodglobal,22,0.6377441138029099,0.6788541674613953,0.5277777777777777,0.7132867132867133,0.6153846153846154,0.0,0.662170872092247,0.6119700819253922,0.06171628925949335,0.20689935237169266,0.0,0.0,0.0,0.0,0.0,18473,global,0.0
4,5,lr1e-05_bs16_drop0p4_temp1p0_a0p25_b0p05__wd1e-04trmiss0_degmodglobal,16,1e-05,0.0001,0.4,1.0,0.25,0.05,lr1e-05_bs16_drop0p4_temp1p0_a0p25_b0p05__wd1e-04trmiss0_degmodglobal,23,0.6743518859148026,0.6777023673057556,0.4722222222222222,0.6907999407999409,0.6153846153846154,0.0,0.6586291044950485,0.6376874595880508,0.0840391805395484,0.31309284269809723,0.0,0.0,0.0,0.0,0.0,18473,global,0.0
4,5,lr1e-05_bs16_drop0p4_temp1p0_a0p25_b0p05__wd1e-04trmiss0_degmodglobal,16,1e-05,0.0001,0.4,1.0,0.25,0.05,lr1e-05_bs16_drop0p4_temp1p0_a0p25_b0p05__wd1e-04trmiss0_degmodglobal,24,0.7071732580661774,0.6754558682441711,0.5277777777777777,0.7132867132867133,0.6153846153846154,0.0,0.6502297669649124,0.6644182205200195,0.10070930793881416,0.3515539988875389,0.0,0.0,0.0,0.0,0.0,18473,global,0.0
4,5,lr1e-05_bs16_drop0p4_temp1p0_a0p25_b0p05__wd1e-04trmiss0_degmodglobal,16,1e-05,0.0001,0.4,1.0,0.25,0.05,lr1e-05_bs16_drop0p4_temp1p0_a0p25_b0p05__wd1e-04trmiss0_degmodglobal,25,0.6605041921138763,0.6746070981025696,0.5555555555555556,0.7196969696969697,0.6153846153846154,0.0,0.6468469798564911,0.6210621446371078,0.08971911016851664,0.3402449004352093,0.0,0.0,0.0,0.0,0.0,18473,global,0.0
4,5,lr1e-05_bs16_drop0p4_temp1p0_a0p25_b0p05__wd1e-04trmiss0_degmodglobal,16,1e-05,0.0001,0.4,1.0,0.25,0.05,lr1e-05_bs16_drop0p4_temp1p0_a0p25_b0p05__wd1e-04trmiss0_degmodglobal,26,0.6659723967313766,0.6777217388153076,0.5277777777777777,0.7132867132867133,0.6153846153846154,0.0,0.6801048219203949,0.6251895129680634,0.09132208488881588,0.35904671251773834,0.0,0.0,0.0,0.0,0.0,18473,global,0.0
4,5,lr1e-05_bs16_drop0p4_temp1p0_a0p25_b0p05__wd1e-04trmiss0_degmodglobal,16,1e-05,0.0001,0.4,1.0,0.25,0.05,lr1e-05_bs16_drop0p4_temp1p0_a0p25_b0p05__wd1e-04trmiss0_degmodglobal,27,0.6810197085142136,0.6802709102630615,0.5277777777777777,0.7132867132867133,0.6153846153846154,0.0,0.6455299109220505,0.6500282734632492,0.06961883418262005,0.2717342935502529,0.0,0.0,0.0,0.0,0.0,18473,global,0.0
4,5,lr1e-05_bs16_drop0p4_temp1p0_a0p25_b0p05__wd1e-04trmiss0_degmodglobal,16,1e-05,0.0001,0.4,1.0,0.25,0.05,lr1e-05_bs16_drop0p4_temp1p0_a0p25_b0p05__wd1e-04trmiss0_degmodglobal,28,0.649758830666542,0.6798486113548279,0.5277777777777777,0.7132867132867133,0.6153846153846154,0.0,0.6579985469579697,0.6143244802951813,0.07885097432881594,0.31443222239613533,0.0,0.0,0.0,0.0,0.0,18473,global,0.0
4,5,lr1e-05_bs16_drop0p4_temp1p0_a0p25_b0p05__wd1e-04trmiss0_degmodglobal,16,1e-05,0.0001,0.4,1.0,0.25,0.05,lr1e-05_bs16_drop0p4_temp1p0_a0p25_b0p05__wd1e-04trmiss0_degmodglobal,29,0.6584588140249252,0.6783891916275024,0.5277777777777777,0.7132867132867133,0.6153846153846154,0.0,0.6867183446884155,0.6186125576496124,0.09278804901987314,0.33298439159989357,0.0,0.0,0.0,0.0,0.0,18473,global,0.0
4,5,lr1e-05_bs16_drop0p4_temp1p0_a0p25_b0p05__wd1e-04trmiss0_degmodglobal,16,1e-05,0.0001,0.4,1.0,0.25,0.05,lr1e-05_bs16_drop0p4_temp1p0_a0p25_b0p05__wd1e-04trmiss0_degmodglobal,30,0.6300997585058212,0.675889790058136,0.5277777777777777,0.7132867132867133,0.6153846153846154,0.0,0.631263941526413,0.5982204079627991,0.0747825838625431,0.2636738494038582,0.0,0.0,0.0,0.0,0.0,18473,global,0.0
4,5,lr1e-05_bs16_drop0p4_temp1p0_a0p25_b0p05__wd1e-04trmiss0_degmodglobal,16,1e-05,0.0001,0.4,1.0,0.25,0.05,lr1e-05_bs16_drop0p4_temp1p0_a0p25_b0p05__wd1e-04trmiss0_degmodglobal,31,0.6606814116239548,0.6762973070144653,0.5277777777777777,0.7132867132867133,0.6153846153846154,0.0,0.6292094588279724,0.627177432179451,0.07784119248390198,0.28087353333830833,0.0,0.0,0.0,0.0,0.0,18473,global,0.0
4,5,lr1e-05_bs16_drop0p4_temp1p0_a0p25_b0p05__wd1e-04trmiss0_degmodglobal,16,1e-05,0.0001,0.4,1.0,0.25,0.05,lr1e-05_bs16_drop0p4_temp1p0_a0p25_b0p05__wd1e-04trmiss0_degmodglobal,32,0.6459854245185852,0.6777017116546631,0.5277777777777777,0.7132867132867133,0.6153846153846154,0.0,0.6423806846141815,0.6135487407445908,0.0755652179941535,0.2709076963365078,0.0,0.0,0.0,0.0,0.0,18473,global,0.0
4,5,lr1e-05_bs16_drop0p4_temp1p0_a0p25_b0p05__wd1e-04trmiss0_degmodglobal,16,1e-05,0.0001,0.4,1.0,0.25,0.05,lr1e-05_bs16_drop0p4_temp1p0_a0p25_b0p05__wd1e-04trmiss0_degmodglobal,33,0.6562139242887497,0.6776305437088013,0.5277777777777777,0.7132867132867133,0.6153846153846154,0.0,0.6654759496450424,0.62074413895607,0.07968100160360336,0.31099072098731995,0.0,0.0,0.0,0.0,0.0,18473,global,0.0
4,5,lr1e-05_bs16_drop0p4_temp2p0_a0p25_b0p05__wd1e-04trmiss0_degmodglobal,16,1e-05,0.0001,0.4,2.0,0.25,0.05,lr1e-05_bs16_drop0p4_temp2p0_a0p25_b0p05__wd1e-04trmiss0_degmodglobal,1,0.6618548482656479,0.6660999655723572,0.6944444444444444,0.8741943241943244,0.6153846153846154,0.0,0.7619887590408325,0.639721542596817,0.04922216013073921,0.1965552531182766,0.0,0.0,0.0,0.0,0.0,18473,global,0.0
4,5,lr1e-05_bs16_drop0p4_temp2p0_a0p25_b0p05__wd1e-04trmiss0_degmodglobal,16,1e-05,0.0001,0.4,2.0,0.25,0.05,lr1e-05_bs16_drop0p4_temp2p0_a0p25_b0p05__wd1e-04trmiss0_degmodglobal,2,0.6914160847663879,0.6668827533721924,0.6388888888888888,0.8490620490620491,0.5384615384615384,0.0,0.7210875004529953,0.6623169779777527,0.06540240347385406,0.25496992841362953,0.0,0.0,0.0,0.0,0.0,18473,global,0.0
4,5,lr1e-05_bs16_drop0p4_temp2p0_a0p25_b0p05__wd1e-04trmiss0_degmodglobal,16,1e-05,0.0001,0.4,2.0,0.25,0.05,lr1e-05_bs16_drop0p4_temp2p0_a0p25_b0p05__wd1e-04trmiss0_degmodglobal,3,0.6769267916679382,0.6686279773712158,0.6111111111111112,0.83980278980279,0.5384615384615384,0.0,0.7329297810792923,0.6529341787099838,0.051460886374115944,0.22254785150289536,0.0,0.0,0.0,0.0,0.0,18473,global,0.0
4,5,lr1e-05_bs16_drop0p4_temp2p0_a0p25_b0p05__wd1e-04trmiss0_degmodglobal,16,1e-05,0.0001,0.4,2.0,0.25,0.05,lr1e-05_bs16_drop0p4_temp2p0_a0p25_b0p05__wd1e-04trmiss0_degmodglobal,4,0.6679452657699585,0.6716157793998718,0.6111111111111112,0.83980278980279,0.46153846153846156,0.0,0.7413914650678635,0.6470673680305481,0.04940806236118078,0.17051748931407928,0.0,0.0,0.0,0.0,0.0,18473,global,0.0
4,5,lr1e-05_bs16_drop0p4_temp2p0_a0p25_b0p05__wd1e-04trmiss0_degmodglobal,16,1e-05,0.0001,0.4,2.0,0.25,0.05,lr1e-05_bs16_drop0p4_temp2p0_a0p25_b0p05__wd1e-04trmiss0_degmodglobal,5,0.6915321797132492,0.6729196906089783,0.5555555555555556,0.8076599326599327,0.46153846153846156,0.0,0.7269508540630341,0.6681929677724838,0.05149666219949722,0.20930063165724277,0.0,0.0,0.0,0.0,0.0,18473,global,0.0
4,5,lr1e-05_bs16_drop0p4_temp2p0_a0p25_b0p05__wd1e-04trmiss0_degmodglobal,16,1e-05,0.0001,0.4,2.0,0.25,0.05,lr1e-05_bs16_drop0p4_temp2p0_a0p25_b0p05__wd1e-04trmiss0_degmodglobal,6,0.6754777431488037,0.6721895337104797,0.5555555555555556,0.8076599326599327,0.46153846153846156,0.0,0.6981841176748276,0.6538073271512985,0.047427890822291374,0.19626840576529503,0.0,0.0,0.0,0.0,0.0,18473,global,0.0
4,5,lr1e-05_bs16_drop0p4_temp2p0_a0p25_b0p05__wd1e-04trmiss0_degmodglobal,16,1e-05,0.0001,0.4,2.0,0.25,0.05,lr1e-05_bs16_drop0p4_temp2p0_a0p25_b0p05__wd1e-04trmiss0_degmodglobal,7,0.7123534381389618,0.6706351041793823,0.5833333333333333,0.8298821548821549,0.46153846153846156,0.0,0.690635472536087,0.6854192465543747,0.05825153458863497,0.24742631241679192,0.0,0.0,0.0,0.0,0.0,18473,global,0.0
4,5,lr1e-05_bs16_drop0p4_temp2p0_a0p25_b0p05__wd1e-04trmiss0_degmodglobal,16,1e-05,0.0001,0.4,2.0,0.25,0.05,lr1e-05_bs16_drop0p4_temp2p0_a0p25_b0p05__wd1e-04trmiss0_degmodglobal,8,0.6942698955535889,0.6699180603027344,0.5833333333333333,0.8298821548821549,0.46153846153846156,0.0,0.6939089596271515,0.6711445897817612,0.05114256218075752,0.206792950630188,0.0,0.0,0.0,0.0,0.0,18473,global,0.0
4,5,lr1e-05_bs16_drop0p4_temp2p0_a0p25_b0p05__wd1e-04trmiss0_degmodglobal,16,1e-05,0.0001,0.4,2.0,0.25,0.05,lr1e-05_bs16_drop0p4_temp2p0_a0p25_b0p05__wd1e-04trmiss0_degmodglobal,9,0.6587411463260651,0.6701757311820984,0.6111111111111112,0.83980278980279,0.46153846153846156,0.0,0.6887996941804886,0.6399318873882294,0.0446845437400043,0.15276290429756045,0.0,0.0,0.0,0.0,0.0,18473,global,0.0
4,5,lr1e-05_bs16_drop0p4_temp2p0_a0p25_b0p05__wd1e-04trmiss0_degmodglobal,16,1e-05,0.0001,0.4,2.0,0.25,0.05,lr1e-05_bs16_drop0p4_temp2p0_a0p25_b0p05__wd1e-04trmiss0_degmodglobal,10,0.6812158674001694,0.6692513823509216,0.5833333333333333,0.8298821548821549,0.46153846153846156,0.0,0.6628499776124954,0.6596947461366653,0.04422926902770996,0.20927605777978897,0.0,0.0,0.0,0.0,0.0,18473,global,0.0
4,5,lr1e-05_bs16_drop0p4_temp2p0_a0p25_b0p05__wd1e-04trmiss0_degmodglobal,16,1e-05,0.0001,0.4,2.0,0.25,0.05,lr1e-05_bs16_drop0p4_temp2p0_a0p25_b0p05__wd1e-04trmiss0_degmodglobal,11,0.6729577928781509,0.6708382368087769,0.5833333333333333,0.8298821548821549,0.46153846153846156,0.0,0.6855105757713318,0.6456827372312546,0.06079860124737024,0.24150793254375458,0.0,0.0,0.0,0.0,0.0,18473,global,0.0
4,5,lr1e-05_bs16_drop0p4_temp2p0_a0p25_b0p05__wd1e-04trmiss0_degmodglobal,16,1e-05,0.0001,0.4,2.0,0.25,0.05,lr1e-05_bs16_drop0p4_temp2p0_a0p25_b0p05__wd1e-04trmiss0_degmodglobal,12,0.6647534519433975,0.6717052459716797,0.5833333333333333,0.8298821548821549,0.46153846153846156,0.0,0.7038689851760864,0.6414790749549866,0.05024680495262146,0.21425395086407661,0.0,0.0,0.0,0.0,0.0,18473,global,0.0
4,5,lr1e-05_bs16_drop0p4_temp2p0_a0p25_b0p05__wd1e-04trmiss0_degmodglobal,16,1e-05,0.0001,0.4,2.0,0.25,0.05,lr1e-05_bs16_drop0p4_temp2p0_a0p25_b0p05__wd1e-04trmiss0_degmodglobal,13,0.6454037725925446,0.6719709634780884,0.5833333333333333,0.8298821548821549,0.46153846153846156,0.0,0.6806249022483826,0.6163458228111267,0.06493841391056776,0.2564668133854866,0.0,0.0,0.0,0.0,0.0,18473,global,0.0
4,5,lr1e-05_bs16_drop0p4_temp2p0_a0p25_b0p05__wd1e-04trmiss0_degmodglobal,16,1e-05,0.0001,0.4,2.0,0.25,0.05,lr1e-05_bs16_drop0p4_temp2p0_a0p25_b0p05__wd1e-04trmiss0_degmodglobal,14,0.6605265885591507,0.6725964546203613,0.5833333333333333,0.8298821548821549,0.46153846153846156,0.0,0.6840578317642212,0.634778618812561,0.05158568173646927,0.2570308819413185,0.0,0.0,0.0,0.0,0.0,18473,global,0.0
4,5,lr1e-05_bs16_drop0p4_temp2p0_a0p25_b0p05__wd1e-04trmiss0_degmodglobal,16,1e-05,0.0001,0.4,2.0,0.25,0.05,lr1e-05_bs16_drop0p4_temp2p0_a0p25_b0p05__wd1e-04trmiss0_degmodglobal,15,0.6656481325626373,0.673630952835083,0.5833333333333333,0.8298821548821549,0.46153846153846156,0.0,0.6815319359302521,0.6396278142929077,0.05781749542802572,0.2313186340034008,0.0,0.0,0.0,0.0,0.0,18473,global,0.0
4,5,lr1e-05_bs16_drop0p4_temp2p0_a0p25_b0p05__wd1e-04trmiss0_degmodglobal,16,1e-05,0.0001,0.4,2.0,0.25,0.05,lr1e-05_bs16_drop0p4_temp2p0_a0p25_b0p05__wd1e-04trmiss0_degmodglobal,16,0.6631539911031723,0.673644483089447,0.5833333333333333,0.8298821548821549,0.46153846153846156,0.0,0.6799962520599365,0.6283198595046997,0.07450825162231922,0.3241416532546282,0.0,0.0,0.0,0.0,0.0,18473,global,0.0
4,5,lr1e-05_bs16_drop0p4_temp2p0_a0p25_b0p05__wd1e-04trmiss0_degmodglobal,16,1e-05,0.0001,0.4,2.0,0.25,0.05,lr1e-05_bs16_drop0p4_temp2p0_a0p25_b0p05__wd1e-04trmiss0_degmodglobal,17,0.6509146243333817,0.6735044717788696,0.5833333333333333,0.8298821548821549,0.46153846153846156,0.0,0.6610812991857529,0.6276892423629761,0.05278211086988449,0.20059700682759285,0.0,0.0,0.0,0.0,0.0,18473,global,0.0
4,5,lr1e-05_bs16_drop0p4_temp2p0_a0p25_b0p05__wd1e-04trmiss0_degmodglobal,16,1e-05,0.0001,0.4,2.0,0.25,0.05,lr1e-05_bs16_drop0p4_temp2p0_a0p25_b0p05__wd1e-04trmiss0_degmodglobal,18,0.650859072804451,0.670747697353363,0.5833333333333333,0.8298821548821549,0.46153846153846156,0.0,0.6762230843305588,0.6279359608888626,0.04688150156289339,0.22405416890978813,0.0,0.0,0.0,0.0,0.0,18473,global,0.0
4,5,lr1e-05_bs16_drop0p4_temp2p0_a0p25_b0p05__wd1e-04trmiss0_degmodglobal,16,1e-05,0.0001,0.4,2.0,0.25,0.05,lr1e-05_bs16_drop0p4_temp2p0_a0p25_b0p05__wd1e-04trmiss0_degmodglobal,19,0.6586496978998184,0.6693253517150879,0.6111111111111112,0.83980278980279,0.46153846153846156,0.0,0.6840981543064117,0.6330270618200302,0.05553950322791934,0.23475532606244087,0.0,0.0,0.0,0.0,0.0,18473,global,0.0
4,5,lr1e-05_bs16_drop0p4_temp2p0_a0p25_b0p05__wd1e-04trmiss0_degmodglobal,16,1e-05,0.0001,0.4,2.0,0.25,0.05,lr1e-05_bs16_drop0p4_temp2p0_a0p25_b0p05__wd1e-04trmiss0_degmodglobal,20,0.666930228471756,0.6718275547027588,0.6111111111111112,0.83980278980279,0.46153846153846156,0.0,0.6943648308515549,0.6392250210046768,0.06876638624817133,0.21027178317308426,0.0,0.0,0.0,0.0,0.0,18473,global,0.0
4,5,lr1e-05_bs16_drop0p4_temp2p0_a0p25_b0p05__wd1e-04trmiss0_degmodglobal,16,1e-05,0.0001,0.4,2.0,0.25,0.05,lr1e-05_bs16_drop0p4_temp2p0_a0p25_b0p05__wd1e-04trmiss0_degmodglobal,21,0.6696194559335709,0.6702970862388611,0.6111111111111112,0.83980278980279,0.46153846153846156,0.0,0.6538318693637848,0.6421397477388382,0.05659248400479555,0.26663170009851456,0.0,0.0,0.0,0.0,0.0,18473,global,0.0
4,5,lr1e-05_bs16_drop0p4_temp2p0_a0p25_b0p05__wd1e-04trmiss0_degmodglobal,16,1e-05,0.0001,0.4,2.0,0.25,0.05,lr1e-05_bs16_drop0p4_temp2p0_a0p25_b0p05__wd1e-04trmiss0_degmodglobal,22,0.664890930056572,0.6696692705154419,0.6111111111111112,0.83980278980279,0.46153846153846156,0.0,0.6685315370559692,0.6339306980371475,0.06335243210196495,0.30244263634085655,0.0,0.0,0.0,0.0,0.0,18473,global,0.0
4,5,lr1e-05_bs16_drop0p4_temp2p0_a0p25_b0p05__wd1e-04trmiss0_degmodglobal,16,1e-05,0.0001,0.4,2.0,0.25,0.05,lr1e-05_bs16_drop0p4_temp2p0_a0p25_b0p05__wd1e-04trmiss0_degmodglobal,23,0.6422386765480042,0.6685914993286133,0.6111111111111112,0.83980278980279,0.46153846153846156,0.0,0.6608122438192368,0.6154321879148483,0.058477756567299366,0.24374095350503922,0.0,0.0,0.0,0.0,0.0,18473,global,0.0
4,5,lr1e-05_bs16_drop0p4_temp2p0_a0p25_b0p05__wd1e-04trmiss0_degmodglobal,16,1e-05,0.0001,0.4,2.0,0.25,0.05,lr1e-05_bs16_drop0p4_temp2p0_a0p25_b0p05__wd1e-04trmiss0_degmodglobal,24,0.6758806258440018,0.6687092781066895,0.6111111111111112,0.83980278980279,0.5384615384615384,0.0,0.6711409837007523,0.6510185897350311,0.050142619758844376,0.24652736634016037,0.0,0.0,0.0,0.0,0.0,18473,global,0.0
4,5,lr1e-05_bs16_drop0p4_temp2p0_a0p25_b0p05__wd1e-04trmiss0_degmodglobal,16,1e-05,0.0001,0.4,2.0,0.25,0.05,lr1e-05_bs16_drop0p4_temp2p0_a0p25_b0p05__wd1e-04trmiss0_degmodglobal,25,0.6660168468952179,0.6693971753120422,0.6111111111111112,0.83980278980279,0.5384615384615384,0.0,0.6376500129699707,0.6433437168598175,0.04768128413707018,0.21505593694746494,0.0,0.0,0.0,0.0,0.0,18473,global,0.0
4,5,lr1e-05_bs16_drop0p4_temp2p0_a0p25_b0p05__wd1e-04trmiss0_degmodglobal,16,1e-05,0.0001,0.4,2.0,0.25,0.05,lr1e-05_bs16_drop0p4_temp2p0_a0p25_b0p05__wd1e-04trmiss0_degmodglobal,26,0.6611510664224625,0.6691282391548157,0.6111111111111112,0.83980278980279,0.5384615384615384,0.0,0.6734604388475418,0.6371126025915146,0.05895797349512577,0.18597960844635963,0.0,0.0,0.0,0.0,0.0,18473,global,0.0
4,5,lr1e-05_bs16_drop0p4_temp2p0_a0p25_b0p05__wd1e-04trmiss0_degmodglobal,16,1e-05,0.0001,0.4,2.0,0.25,0.05,lr1e-05_bs16_drop0p4_temp2p0_a0p25_b0p05__wd1e-04trmiss0_degmodglobal,27,0.6772047877311707,0.6678006052970886,0.6111111111111112,0.83980278980279,0.5384615384615384,0.0,0.6879540085792542,0.6466391831636429,0.06286830175668001,0.29697056859731674,0.0,0.0,0.0,0.0,0.0,18473,global,0.0
4,5,lr1e-05_bs16_drop0p4_temp2p0_a0p25_b0p05__wd1e-04trmiss0_degmodglobal,16,1e-05,0.0001,0.4,2.0,0.25,0.05,lr1e-05_bs16_drop0p4_temp2p0_a0p25_b0p05__wd1e-04trmiss0_degmodglobal,28,0.6501565128564835,0.6691145896911621,0.6111111111111112,0.83980278980279,0.46153846153846156,0.0,0.6837225556373596,0.6242785006761551,0.057025342248380184,0.23243360221385956,0.0,0.0,0.0,0.0,0.0,18473,global,0.0
4,5,lr1e-05_bs16_drop0p4_temp2p0_a0p25_b0p05__wd1e-04trmiss0_degmodglobal,16,1e-05,0.0001,0.4,2.0,0.25,0.05,lr1e-05_bs16_drop0p4_temp2p0_a0p25_b0p05__wd1e-04trmiss0_degmodglobal,29,0.6411248296499252,0.6690640449523926,0.6111111111111112,0.83980278980279,0.46153846153846156,0.0,0.6389868557453156,0.6154634952545166,0.05375557206571102,0.24444884434342384,0.0,0.0,0.0,0.0,0.0,18473,global,0.0
4,5,lr1e-05_bs16_drop0p4_temp2p0_a0p25_b0p05__wd1e-04trmiss0_degmodglobal,16,1e-05,0.0001,0.4,2.0,0.25,0.05,lr1e-05_bs16_drop0p4_temp2p0_a0p25_b0p05__wd1e-04trmiss0_degmodglobal,30,0.6611692905426025,0.6697021126747131,0.6111111111111112,0.83980278980279,0.46153846153846156,0.0,0.6447949260473251,0.6331768482923508,0.06053555104881525,0.257171168923378,0.0,0.0,0.0,0.0,0.0,18473,global,0.0
4,5,lr1e-05_bs16_drop0p4_temp2p0_a0p25_b0p05__wd1e-04trmiss0_degmodglobal,16,1e-05,0.0001,0.4,2.0,0.25,0.05,lr1e-05_bs16_drop0p4_temp2p0_a0p25_b0p05__wd1e-04trmiss0_degmodglobal,31,0.7041898667812347,0.6692076921463013,0.6111111111111112,0.83980278980279,0.5384615384615384,0.0,0.6229276657104492,0.6796842962503433,0.054245034232735634,0.21888630092144012,0.0,0.0,0.0,0.0,0.0,18473,global,0.0
4,5,lr1e-05_bs16_drop0p4_temp2p0_a0p25_b0p05__wd1e-04trmiss0_degmodglobal,16,1e-05,0.0001,0.4,2.0,0.25,0.05,lr1e-05_bs16_drop0p4_temp2p0_a0p25_b0p05__wd1e-04trmiss0_degmodglobal,32,0.6602632999420166,0.6674364805221558,0.6111111111111112,0.83980278980279,0.46153846153846156,0.0,0.6408895701169968,0.6345121264457703,0.05631765816360712,0.23343577235937119,0.0,0.0,0.0,0.0,0.0,18473,global,0.0
4,5,lr1e-05_bs16_drop0p4_temp2p0_a0p25_b0p05__wd1e-04trmiss0_degmodglobal,16,1e-05,0.0001,0.4,2.0,0.25,0.05,lr1e-05_bs16_drop0p4_temp2p0_a0p25_b0p05__wd1e-04trmiss0_degmodglobal,33,0.6616144776344299,0.6657245755195618,0.6111111111111112,0.83980278980279,0.46153846153846156,0.0,0.6523614972829819,0.6321789026260376,0.06718123238533735,0.2528054378926754,0.0,0.0,0.0,0.0,0.0,18473,global,0.0
4,5,lr1e-05_bs16_drop0p4_temp2p0_a0p25_b0p05__wd1e-04trmiss0_degmodglobal,16,1e-05,0.0001,0.4,2.0,0.25,0.05,lr1e-05_bs16_drop0p4_temp2p0_a0p25_b0p05__wd1e-04trmiss0_degmodglobal,34,0.6476143300533295,0.6677035093307495,0.6111111111111112,0.83980278980279,0.46153846153846156,0.0,0.6270863264799118,0.6173108667135239,0.06782858539372683,0.2669259235262871,0.0,0.0,0.0,0.0,0.0,18473,global,0.0
4,5,lr1e-05_bs16_drop0p4_temp2p0_a0p25_b0p05__wd1e-04trmiss0_degmodglobal,16,1e-05,0.0001,0.4,2.0,0.25,0.05,lr1e-05_bs16_drop0p4_temp2p0_a0p25_b0p05__wd1e-04trmiss0_degmodglobal,35,0.669657438993454,0.666682779788971,0.6388888888888888,0.8530303030303032,0.5384615384615384,0.0,0.6399534195661545,0.6435517817735672,0.05534757673740387,0.2453753650188446,0.0,0.0,0.0,0.0,0.0,18473,global,0.0
4,5,lr1e-05_bs16_drop0p4_temp2p0_a0p25_b0p05__wd1e-04trmiss0_degmodglobal,16,1e-05,0.0001,0.4,2.0,0.25,0.05,lr1e-05_bs16_drop0p4_temp2p0_a0p25_b0p05__wd1e-04trmiss0_degmodglobal,36,0.6425044238567352,0.6658556461334229,0.6111111111111112,0.83980278980279,0.46153846153846156,0.0,0.6282628327608109,0.6143626570701599,0.06447718944400549,0.24044951051473618,0.0,0.0,0.0,0.0,0.0,18473,global,0.0
4,5,lr1e-05_bs16_drop0p4_temp2p0_a0p25_b0p05__wd1e-04trmiss0_degmodglobal,16,1e-05,0.0001,0.4,2.0,0.25,0.05,lr1e-05_bs16_drop0p4_temp2p0_a0p25_b0p05__wd1e-04trmiss0_degmodglobal,37,0.686202198266983,0.6659558415412903,0.6111111111111112,0.83980278980279,0.5384615384615384,0.0,0.6467618644237518,0.6656721830368042,0.048271614126861095,0.16924236342310905,0.0,0.0,0.0,0.0,0.0,18473,global,0.0
4,5,lr1e-05_bs16_drop0p4_temp2p0_a0p25_b0p05__wd1e-04trmiss0_degmodglobal,16,1e-05,0.0001,0.4,2.0,0.25,0.05,lr1e-05_bs16_drop0p4_temp2p0_a0p25_b0p05__wd1e-04trmiss0_degmodglobal,38,0.6435271799564362,0.6650450229644775,0.6666666666666667,0.8622895622895623,0.5384615384615384,0.0,0.6078016310930252,0.6151446402072906,0.06282282527536154,0.25353720784187317,0.0,0.0,0.0,0.0,0.0,18473,global,0.0
4,5,lr1e-05_bs16_drop0p4_temp2p0_a0p25_b0p05__wd1e-04trmiss0_degmodglobal,16,1e-05,0.0001,0.4,2.0,0.25,0.05,lr1e-05_bs16_drop0p4_temp2p0_a0p25_b0p05__wd1e-04trmiss0_degmodglobal,39,0.6337686628103256,0.6661145091056824,0.6944444444444444,0.8709315375982045,0.5384615384615384,0.0,0.6556681096553802,0.6038647294044495,0.0635086502879858,0.28053534775972366,0.0,0.0,0.0,0.0,0.0,18473,global,0.0
4,5,lr1e-05_bs16_drop0p4_temp2p0_a0p25_b0p05__wd1e-04trmiss0_degmodglobal,16,1e-05,0.0001,0.4,2.0,0.25,0.05,lr1e-05_bs16_drop0p4_temp2p0_a0p25_b0p05__wd1e-04trmiss0_degmodglobal,40,0.6431507170200348,0.6635344624519348,0.6666666666666667,0.8622895622895623,0.5384615384615384,0.0,0.6167726814746857,0.616426095366478,0.0626133494079113,0.22142572700977325,0.0,0.0,0.0,0.0,0.0,18473,global,0.0
4,5,lr1e-05_bs16_drop0p4_temp2p0_a0p25_b0p05__wd1e-04trmiss0_degmodglobal,16,1e-05,0.0001,0.4,2.0,0.25,0.05,lr1e-05_bs16_drop0p4_temp2p0_a0p25_b0p05__wd1e-04trmiss0_degmodglobal,41,0.6960547864437103,0.6635503172874451,0.6388888888888888,0.8530303030303032,0.5384615384615384,0.0,0.6425676643848419,0.6666954308748245,0.061811274848878384,0.2781306467950344,0.0,0.0,0.0,0.0,0.0,18473,global,0.0
4,5,lr1e-05_bs16_drop0p4_temp2p0_a0p25_b0p05__wd1e-04trmiss0_degmodglobal,16,1e-05,0.0001,0.4,2.0,0.25,0.05,lr1e-05_bs16_drop0p4_temp2p0_a0p25_b0p05__wd1e-04trmiss0_degmodglobal,42,0.6307311952114105,0.6630001068115234,0.6388888888888888,0.8530303030303032,0.5384615384615384,0.0,0.6600431799888611,0.6058275550603867,0.055851394310593605,0.21881577372550964,0.0,0.0,0.0,0.0,0.0,18473,global,0.0
4,5,lr1e-05_bs16_drop0p4_temp2p0_a0p25_b0p05__wd1e-04trmiss0_degmodglobal,16,1e-05,0.0001,0.4,2.0,0.25,0.05,lr1e-05_bs16_drop0p4_temp2p0_a0p25_b0p05__wd1e-04trmiss0_degmodglobal,43,0.6473552584648132,0.664962649345398,0.6388888888888888,0.8530303030303032,0.5384615384615384,0.0,0.6447034776210785,0.6269269734621048,0.04982710350304842,0.15942985843867064,0.0,0.0,0.0,0.0,0.0,18473,global,0.0
4,5,lr1e-05_bs16_drop0p4_temp2p0_a0p25_b0p05__wd1e-04trmiss0_degmodglobal,16,1e-05,0.0001,0.4,2.0,0.25,0.05,lr1e-05_bs16_drop0p4_temp2p0_a0p25_b0p05__wd1e-04trmiss0_degmodglobal,44,0.6455757915973663,0.6670055389404297,0.6388888888888888,0.8530303030303032,0.5384615384615384,0.0,0.6156288534402847,0.6221154779195786,0.05740992445498705,0.182157002389431,0.0,0.0,0.0,0.0,0.0,18473,global,0.0
4,5,lr1e-05_bs16_drop0p4_temp2p0_a0p25_b0p05__wd1e-04trmiss0_degmodglobal,16,1e-05,0.0001,0.4,2.0,0.25,0.05,lr1e-05_bs16_drop0p4_temp2p0_a0p25_b0p05__wd1e-04trmiss0_degmodglobal,45,0.6418340504169464,0.6680775880813599,0.6666666666666667,0.8622895622895623,0.5384615384615384,0.0,0.6320589631795883,0.6125797778367996,0.06742321141064167,0.24796952679753304,0.0,0.0,0.0,0.0,0.0,18473,global,0.0
4,5,lr1e-05_bs16_drop0p4_temp2p0_a0p25_b0p05__wd1e-04trmiss0_degmodglobal,16,1e-05,0.0001,0.4,2.0,0.25,0.05,lr1e-05_bs16_drop0p4_temp2p0_a0p25_b0p05__wd1e-04trmiss0_degmodglobal,46,0.6556677967309952,0.6654072999954224,0.6944444444444444,0.8709315375982045,0.5384615384615384,0.0,0.6173140108585358,0.6278112381696701,0.06469342950731516,0.23366402089595795,0.0,0.0,0.0,0.0,0.0,18473,global,0.0
4,5,lr1e-05_bs16_drop0p4_temp2p0_a0p25_b0p05__wd1e-04trmiss0_degmodglobal,16,1e-05,0.0001,0.4,2.0,0.25,0.05,lr1e-05_bs16_drop0p4_temp2p0_a0p25_b0p05__wd1e-04trmiss0_degmodglobal,47,0.6552971601486206,0.6678147315979004,0.6666666666666667,0.8622895622895623,0.5384615384615384,0.0,0.6749431639909744,0.633162260055542,0.0498656639829278,0.1933704111725092,0.0,0.0,0.0,0.0,0.0,18473,global,0.0
4,5,lr1e-05_bs16_drop0p4_temp2p0_a0p25_b0p05__wd1e-04trmiss0_degmodglobal,16,1e-05,0.0001,0.4,2.0,0.25,0.05,lr1e-05_bs16_drop0p4_temp2p0_a0p25_b0p05__wd1e-04trmiss0_degmodglobal,48,0.666252851486206,0.6662216186523438,0.6944444444444444,0.8709315375982045,0.5384615384615384,0.0,0.6219069957733154,0.6368487626314163,0.062190026976168156,0.2771318294107914,0.0,0.0,0.0,0.0,0.0,18473,global,0.0
4,5,lr1e-05_bs16_drop0p4_temp2p0_a0p25_b0p05__wd1e-04trmiss0_degmodglobal,16,1e-05,0.0001,0.4,2.0,0.25,0.05,lr1e-05_bs16_drop0p4_temp2p0_a0p25_b0p05__wd1e-04trmiss0_degmodglobal,49,0.654609203338623,0.6647112965583801,0.7222222222222222,0.8894500561167229,0.5384615384615384,0.0,0.6392554640769958,0.626776933670044,0.0652248291298747,0.23052167147397995,0.0,0.0,0.0,0.0,0.0,18473,global,0.0
4,5,lr1e-05_bs16_drop0p4_temp2p0_a0p25_b0p05__wd1e-04trmiss0_degmodglobal,16,1e-05,0.0001,0.4,2.0,0.25,0.05,lr1e-05_bs16_drop0p4_temp2p0_a0p25_b0p05__wd1e-04trmiss0_degmodglobal,50,0.6538862437009811,0.6641257405281067,0.7222222222222222,0.8894500561167229,0.5384615384615384,0.0,0.6372362822294235,0.624531090259552,0.06703553907573223,0.25192541629076004,0.0,0.0,0.0,0.0,0.0,18473,global,0.0
4,5,lr1e-05_bs16_drop0p4_temp2p0_a0p25_b0p05__wd1e-04trmiss0_degmodglobal,16,1e-05,0.0001,0.4,2.0,0.25,0.05,lr1e-05_bs16_drop0p4_temp2p0_a0p25_b0p05__wd1e-04trmiss0_degmodglobal,51,0.6891315579414368,0.6662641763687134,0.7222222222222222,0.8894500561167229,0.5384615384615384,0.0,0.6252312362194061,0.6587690711021423,0.07516929507255554,0.23140320926904678,0.0,0.0,0.0,0.0,0.0,18473,global,0.0
4,5,lr1e-05_bs16_drop0p4_temp2p0_a0p25_b0p05__wd1e-04trmiss0_degmodglobal,16,1e-05,0.0001,0.4,2.0,0.25,0.05,lr1e-05_bs16_drop0p4_temp2p0_a0p25_b0p05__wd1e-04trmiss0_degmodglobal,52,0.6497601121664047,0.6657375693321228,0.7222222222222222,0.8894500561167229,0.5384615384615384,0.0,0.6344390511512756,0.6195571571588516,0.06588232517242432,0.2746476661413908,0.0,0.0,0.0,0.0,0.0,18473,global,0.0
4,5,lr1e-05_bs16_drop0p4_temp2p0_a0p25_b0p05__wd1e-04trmiss0_degmodglobal,16,1e-05,0.0001,0.4,2.0,0.25,0.05,lr1e-05_bs16_drop0p4_temp2p0_a0p25_b0p05__wd1e-04trmiss0_degmodglobal,53,0.6634114533662796,0.66485995054245,0.7222222222222222,0.8894500561167229,0.5384615384615384,0.0,0.6244578659534454,0.6353287696838379,0.06230188440531492,0.25014420226216316,0.0,0.0,0.0,0.0,0.0,18473,global,0.0
4,5,lr1e-05_bs16_drop0p4_temp2p0_a0p25_b0p05__wd1e-04trmiss0_degmodglobal,16,1e-05,0.0001,0.4,2.0,0.25,0.05,lr1e-05_bs16_drop0p4_temp2p0_a0p25_b0p05__wd1e-04trmiss0_degmodglobal,54,0.6580971479415894,0.6635559797286987,0.7222222222222222,0.8894500561167229,0.5384615384615384,0.0,0.6130914241075516,0.6356820315122604,0.052201563492417336,0.18729477748274803,0.0,0.0,0.0,0.0,0.0,18473,global,0.0
4,5,lr1e-05_bs16_drop0p4_temp2p0_a0p25_b0p05__wd1e-04trmiss0_degmodglobal,16,1e-05,0.0001,0.4,2.0,0.25,0.05,lr1e-05_bs16_drop0p4_temp2p0_a0p25_b0p05__wd1e-04trmiss0_degmodglobal,55,0.632977619767189,0.6632521748542786,0.7222222222222222,0.8894500561167229,0.5384615384615384,0.0,0.6133269369602203,0.6050038039684296,0.06764888856559992,0.2212318852543831,0.0,0.0,0.0,0.0,0.0,18473,global,0.0
4,5,lr1e-05_bs16_drop0p4_temp2p0_a0p25_b0p05__wd1e-04trmiss0_degmodglobal,16,1e-05,0.0001,0.4,2.0,0.25,0.05,lr1e-05_bs16_drop0p4_temp2p0_a0p25_b0p05__wd1e-04trmiss0_degmodglobal,56,0.672496110200882,0.6618281602859497,0.7222222222222222,0.8894500561167229,0.5384615384615384,0.0,0.593782052397728,0.6386657804250717,0.07414202578365803,0.30589649826288223,0.0,0.0,0.0,0.0,0.0,18473,global,0.0
4,5,lr1e-05_bs16_drop0p4_temp2p0_a0p25_b0p05__wd1e-04trmiss0_degmodglobal,16,1e-05,0.0001,0.4,2.0,0.25,0.05,lr1e-05_bs16_drop0p4_temp2p0_a0p25_b0p05__wd1e-04trmiss0_degmodglobal,57,0.650159627199173,0.6614950299263,0.7222222222222222,0.8894500561167229,0.5384615384615384,0.0,0.6294800490140915,0.6236183643341064,0.06112015154212713,0.2252245992422104,0.0,0.0,0.0,0.0,0.0,18473,global,0.0
4,5,lr1e-05_bs16_drop0p4_temp2p0_a0p25_b0p05__wd1e-04trmiss0_degmodglobal,16,1e-05,0.0001,0.4,2.0,0.25,0.05,lr1e-05_bs16_drop0p4_temp2p0_a0p25_b0p05__wd1e-04trmiss0_degmodglobal,58,0.6533059179782867,0.6639017462730408,0.7222222222222222,0.8894500561167229,0.5384615384615384,0.0,0.6150883287191391,0.6272373497486115,0.05739243980497122,0.23440932482481003,0.0,0.0,0.0,0.0,0.0,18473,global,0.0
4,5,lr1e-05_bs16_drop0p4_temp2p0_a0p25_b0p05__wd1e-04trmiss0_degmodglobal,16,1e-05,0.0001,0.4,2.0,0.25,0.05,lr1e-05_bs16_drop0p4_temp2p0_a0p25_b0p05__wd1e-04trmiss0_degmodglobal,59,0.6455435305833817,0.6646648645401001,0.7222222222222222,0.8894500561167229,0.5384615384615384,0.0,0.6289919167757034,0.6271597295999527,0.04444378800690174,0.1454570679925382,0.0,0.0,0.0,0.0,0.0,18473,global,0.0
4,5,lr1e-05_bs16_drop0p4_temp2p0_a0p25_b0p05__wd1e-04trmiss0_degmodglobal,16,1e-05,0.0001,0.4,2.0,0.25,0.05,lr1e-05_bs16_drop0p4_temp2p0_a0p25_b0p05__wd1e-04trmiss0_degmodglobal,60,0.6722036004066467,0.6635931730270386,0.7222222222222222,0.8894500561167229,0.5384615384615384,0.0,0.633963331580162,0.6478333026170731,0.06362424325197935,0.16928448155522346,0.0,0.0,0.0,0.0,0.0,18473,global,0.0
4,5,lr1e-05_bs16_drop0p4_temp2p0_a0p25_b0p05__wd1e-04trmiss0_degmodglobal,16,1e-05,0.0001,0.4,2.0,0.25,0.05,lr1e-05_bs16_drop0p4_temp2p0_a0p25_b0p05__wd1e-04trmiss0_degmodglobal,61,0.639797106385231,0.6611456274986267,0.7222222222222222,0.8894500561167229,0.5384615384615384,0.0,0.591338500380516,0.6127777844667435,0.05988475587219,0.2409627065062523,0.0,0.0,0.0,0.0,0.0,18473,global,0.0
4,5,lr1e-05_bs16_drop0p4_temp2p0_a0p25_b0p05__wd1e-04trmiss0_degmodglobal,16,1e-05,0.0001,0.4,2.0,0.25,0.05,lr1e-05_bs16_drop0p4_temp2p0_a0p25_b0p05__wd1e-04trmiss0_degmodglobal,62,0.6394710391759872,0.6610013842582703,0.75,0.897530864197531,0.5384615384615384,0.0,0.5668730437755585,0.6108074635267258,0.06732172146439552,0.23666273057460785,0.0,0.0,0.0,0.0,0.0,18473,global,0.0
4,5,lr1e-05_bs16_drop0p4_temp2p0_a0p25_b0p05__wd1e-04trmiss0_degmodglobal,16,1e-05,0.0001,0.4,2.0,0.25,0.05,lr1e-05_bs16_drop0p4_temp2p0_a0p25_b0p05__wd1e-04trmiss0_degmodglobal,63,0.667901337146759,0.6642557382583618,0.7222222222222222,0.8894500561167229,0.5384615384615384,0.0,0.6231717467308044,0.6394380182027817,0.06593378260731697,0.2395981326699257,0.0,0.0,0.0,0.0,0.0,18473,global,0.0
4,5,lr1e-05_bs16_drop0p4_temp2p0_a0p25_b0p05__wd1e-04trmiss0_degmodglobal,16,1e-05,0.0001,0.4,2.0,0.25,0.05,lr1e-05_bs16_drop0p4_temp2p0_a0p25_b0p05__wd1e-04trmiss0_degmodglobal,64,0.6590435057878494,0.6631520390510559,0.75,0.897530864197531,0.5384615384615384,0.0,0.6393689662218094,0.6305178999900818,0.06110192835330963,0.2650027275085449,0.0,0.0,0.0,0.0,0.0,18473,global,0.0
4,5,lr1e-05_bs16_drop0p4_temp2p0_a0p25_b0p05__wd1e-04trmiss0_degmodglobal,16,1e-05,0.0001,0.4,2.0,0.25,0.05,lr1e-05_bs16_drop0p4_temp2p0_a0p25_b0p05__wd1e-04trmiss0_degmodglobal,65,0.6475875377655029,0.6631656289100647,0.75,0.897530864197531,0.5384615384615384,0.0,0.6241971850395203,0.6289628148078918,0.044781727716326714,0.14858519658446312,0.0,0.0,0.0,0.0,0.0,18473,global,0.0
4,5,lr1e-05_bs16_drop0p4_temp2p0_a0p25_b0p05__wd1e-04trmiss0_degmodglobal,16,1e-05,0.0001,0.4,2.0,0.25,0.05,lr1e-05_bs16_drop0p4_temp2p0_a0p25_b0p05__wd1e-04trmiss0_degmodglobal,66,0.664977490901947,0.6625513434410095,0.7222222222222222,0.8894500561167229,0.5384615384615384,0.0,0.5872096568346024,0.6367685496807098,0.06511961948126554,0.23858079686760902,0.0,0.0,0.0,0.0,0.0,18473,global,0.0
4,5,lr1e-05_bs16_drop0p4_temp2p0_a0p25_b0p05__wd1e-04trmiss0_degmodglobal,16,1e-05,0.0001,0.4,2.0,0.25,0.05,lr1e-05_bs16_drop0p4_temp2p0_a0p25_b0p05__wd1e-04trmiss0_degmodglobal,67,0.6923160552978516,0.6597973108291626,0.7222222222222222,0.8894500561167229,0.5384615384615384,0.0,0.5920356065034866,0.6656282693147659,0.059357269667088985,0.23696928843855858,0.0,0.0,0.0,0.0,0.0,18473,global,0.0
4,5,lr1e-05_bs16_drop0p4_temp2p0_a0p25_b0p05__wd1e-04trmiss0_degmodglobal,16,1e-05,0.0001,0.4,2.0,0.25,0.05,lr1e-05_bs16_drop0p4_temp2p0_a0p25_b0p05__wd1e-04trmiss0_degmodglobal,68,0.649872824549675,0.6590020060539246,0.75,0.897530864197531,0.5384615384615384,0.0,0.614267036318779,0.6214759200811386,0.06721983570605516,0.23183931410312653,0.0,0.0,0.0,0.0,0.0,18473,global,0.0
4,5,lr1e-05_bs16_drop0p4_temp2p0_a0p25_b0p05__wd1e-04trmiss0_degmodglobal,16,1e-05,0.0001,0.4,2.0,0.25,0.05,lr1e-05_bs16_drop0p4_temp2p0_a0p25_b0p05__wd1e-04trmiss0_degmodglobal,69,0.6500139981508255,0.6598929166793823,0.75,0.897530864197531,0.5384615384615384,0.0,0.6136532723903656,0.6162691861391068,0.07808779831975698,0.28445736318826675,0.0,0.0,0.0,0.0,0.0,18473,global,0.0
4,5,lr1e-05_bs16_drop0p4_temp2p0_a0p25_b0p05__wd1e-04trmiss0_degmodglobal,16,1e-05,0.0001,0.4,2.0,0.25,0.05,lr1e-05_bs16_drop0p4_temp2p0_a0p25_b0p05__wd1e-04trmiss0_degmodglobal,70,0.6668953448534012,0.6598941087722778,0.75,0.897530864197531,0.5384615384615384,0.0,0.605883002281189,0.6264178454875946,0.09512509871274233,0.3339243531227112,0.0,0.0,0.0,0.0,0.0,18473,global,0.0
4,5,lr1e-05_bs16_drop0p4_temp2p0_a0p25_b0p05__wd1e-04trmiss0_degmodglobal,16,1e-05,0.0001,0.4,2.0,0.25,0.05,lr1e-05_bs16_drop0p4_temp2p0_a0p25_b0p05__wd1e-04trmiss0_degmodglobal,71,0.6455813646316528,0.6601284742355347,0.75,0.897530864197531,0.5384615384615384,0.0,0.6039771437644958,0.6145744621753693,0.06734987534582615,0.2833887189626694,0.0,0.0,0.0,0.0,0.0,18473,global,0.0
4,5,lr1e-05_bs16_drop0p4_temp2p0_a0p25_b0p05__wd1e-04trmiss0_degmodglobal,16,1e-05,0.0001,0.4,2.0,0.25,0.05,lr1e-05_bs16_drop0p4_temp2p0_a0p25_b0p05__wd1e-04trmiss0_degmodglobal,72,0.6608398407697678,0.6604055762290955,0.75,0.897530864197531,0.5384615384615384,0.0,0.6291365027427673,0.6256606727838516,0.0783446878194809,0.31185946613550186,0.0,0.0,0.0,0.0,0.0,18473,global,0.0
4,5,lr1e-05_bs16_drop0p4_temp2p0_a0p25_b0p05__wd1e-04trmiss0_degmodglobal,16,1e-05,0.0001,0.4,2.0,0.25,0.05,lr1e-05_bs16_drop0p4_temp2p0_a0p25_b0p05__wd1e-04trmiss0_degmodglobal,73,0.6522154808044434,0.6605380177497864,0.75,0.897530864197531,0.5384615384615384,0.0,0.5815467089414597,0.6246502846479416,0.06496106181293726,0.22649818658828735,0.0,0.0,0.0,0.0,0.0,18473,global,0.0
4,5,lr1e-05_bs16_drop0p4_temp2p0_a0p25_b0p05__wd1e-04trmiss0_degmodglobal,16,1e-05,0.0001,0.4,2.0,0.25,0.05,lr1e-05_bs16_drop0p4_temp2p0_a0p25_b0p05__wd1e-04trmiss0_degmodglobal,74,0.6760651767253876,0.6603854298591614,0.75,0.897530864197531,0.5384615384615384,0.0,0.5676472038030624,0.6365790367126465,0.07713424600660801,0.40405138581991196,0.0,0.0,0.0,0.0,0.0,18473,global,0.0
4,5,lr1e-05_bs16_drop0p4_temp2p0_a0p25_b0p05__wd1e-04trmiss0_degmodglobal,16,1e-05,0.0001,0.4,2.0,0.25,0.05,lr1e-05_bs16_drop0p4_temp2p0_a0p25_b0p05__wd1e-04trmiss0_degmodglobal,75,0.665060967206955,0.660382866859436,0.75,0.897530864197531,0.5384615384615384,0.0,0.5941968262195587,0.6191263049840927,0.10484443418681622,0.39447106420993805,0.0,0.0,0.0,0.0,0.0,18473,global,0.0
4,5,lr1e-05_bs16_drop0p4_temp2p0_a0p25_b0p05__wd1e-04trmiss0_degmodglobal,16,1e-05,0.0001,0.4,2.0,0.25,0.05,lr1e-05_bs16_drop0p4_temp2p0_a0p25_b0p05__wd1e-04trmiss0_degmodglobal,76,0.661894366145134,0.6605271100997925,0.75,0.897530864197531,0.5384615384615384,0.0,0.5653329789638519,0.6345620602369308,0.060612437315285206,0.24358429573476315,0.0,0.0,0.0,0.0,0.0,18473,global,0.0
4,5,lr1e-05_bs16_drop0p4_temp2p0_a0p25_b0p05__wd1e-04trmiss0_degmodglobal,16,1e-05,0.0001,0.4,2.0,0.25,0.05,lr1e-05_bs16_drop0p4_temp2p0_a0p25_b0p05__wd1e-04trmiss0_degmodglobal,77,0.6337786316871643,0.6602570414543152,0.75,0.897530864197531,0.5384615384615384,0.0,0.5757092237472534,0.6115773618221283,0.0531242648139596,0.17840393912047148,0.0,0.0,0.0,0.0,0.0,18473,global,0.0
4,5,lr1e-05_bs16_drop0p4_temp2p0_a0p25_b0p05__wd1e-04trmiss0_degmodglobal,16,1e-05,0.0001,0.4,2.0,0.25,0.05,lr1e-05_bs16_drop0p4_temp2p0_a0p25_b0p05__wd1e-04trmiss0_degmodglobal,78,0.6528134196996689,0.6603888273239136,0.75,0.897530864197531,0.5384615384615384,0.0,0.5778222680091858,0.6250499933958054,0.06377066858112812,0.2364153154194355,0.0,0.0,0.0,0.0,0.0,18473,global,0.0
4,5,lr1e-05_bs16_drop0p4_temp2p0_a0p25_b0p05__wd1e-04trmiss0_degmodglobal,16,1e-05,0.0001,0.4,2.0,0.25,0.05,lr1e-05_bs16_drop0p4_temp2p0_a0p25_b0p05__wd1e-04trmiss0_degmodglobal,79,0.6504623740911484,0.6614487171173096,0.75,0.897530864197531,0.5384615384615384,0.0,0.6052486896514893,0.6191668510437012,0.06990342913195491,0.2763935923576355,0.0,0.0,0.0,0.0,0.0,18473,global,0.0
4,5,lr1e-05_bs16_drop0p4_temp2p0_a0p25_b0p05__wd1e-04trmiss0_degmodglobal,16,1e-05,0.0001,0.4,2.0,0.25,0.05,lr1e-05_bs16_drop0p4_temp2p0_a0p25_b0p05__wd1e-04trmiss0_degmodglobal,80,0.6473230421543121,0.6621175408363342,0.75,0.897530864197531,0.5384615384615384,0.0,0.6153737604618073,0.6249132007360458,0.04926709644496441,0.20186160504817963,0.0,0.0,0.0,0.0,0.0,18473,global,0.0
5,1,lr1e-04_bs8_drop0p2_temp1p0_a0p25_b0p05__wd1e-04trmiss0_degmodglobal,8,0.0001,0.0001,0.2,1.0,0.25,0.05,lr1e-04_bs8_drop0p2_temp1p0_a0p25_b0p05__wd1e-04trmiss0_degmodglobal,1,0.7827978900500706,0.6732857525348663,0.6444444444444444,0.8262626262626265,0.6428571428571429,0.0,0.6487724781036377,0.7456141539982387,0.08359990109290395,0.3256751937525613,0.0,0.0,0.0,0.0,0.0,18473,global,0.0
5,1,lr1e-04_bs8_drop0p2_temp1p0_a0p25_b0p05__wd1e-04trmiss0_degmodglobal,8,0.0001,0.0001,0.2,1.0,0.25,0.05,lr1e-04_bs8_drop0p2_temp1p0_a0p25_b0p05__wd1e-04trmiss0_degmodglobal,2,0.75644394329616,0.66401407122612,0.6444444444444444,0.8365800865800868,0.6428571428571429,0.0,0.6187185900551933,0.7173540421894619,0.08189396666628974,0.37232835803713116,0.0,0.0,0.0,0.0,0.0,18473,global,0.0
5,1,lr1e-04_bs8_drop0p2_temp1p0_a0p25_b0p05__wd1e-04trmiss0_degmodglobal,8,0.0001,0.0001,0.2,1.0,0.25,0.05,lr1e-04_bs8_drop0p2_temp1p0_a0p25_b0p05__wd1e-04trmiss0_degmodglobal,3,0.7200911555971418,0.6680413484573364,0.7333333333333333,0.8827160493827162,0.6428571428571429,0.0,0.6259327530860901,0.6844140376363482,0.07980754439319883,0.3145046447004591,0.0,0.0,0.0,0.0,0.0,18473,global,0.0
5,1,lr1e-04_bs8_drop0p2_temp1p0_a0p25_b0p05__wd1e-04trmiss0_degmodglobal,8,0.0001,0.0001,0.2,1.0,0.25,0.05,lr1e-04_bs8_drop0p2_temp1p0_a0p25_b0p05__wd1e-04trmiss0_degmodglobal,4,0.7020463262285505,0.6786102950572968,0.711111111111111,0.8641975308641978,0.6428571428571429,0.0,0.5821017282349723,0.6618220124925885,0.08675771632364818,0.37069776015622274,0.0,0.0,0.0,0.0,0.0,18473,global,0.0
5,1,lr1e-04_bs8_drop0p2_temp1p0_a0p25_b0p05__wd1e-04trmiss0_degmodglobal,8,0.0001,0.0001,0.2,1.0,0.25,0.05,lr1e-04_bs8_drop0p2_temp1p0_a0p25_b0p05__wd1e-04trmiss0_degmodglobal,5,0.6702285834721157,0.6783822178840637,0.6888888888888888,0.8522927689594357,0.6428571428571429,0.0,0.5580003261566162,0.6347526141575405,0.07258776628545352,0.34658047769750866,0.0,0.0,0.0,0.0,0.0,18473,global,0.0
5,1,lr1e-04_bs8_drop0p2_temp1p0_a0p25_b0p05__wd1e-04trmiss0_degmodglobal,8,0.0001,0.0001,0.2,1.0,0.25,0.05,lr1e-04_bs8_drop0p2_temp1p0_a0p25_b0p05__wd1e-04trmiss0_degmodglobal,6,0.6821108290127346,0.6653106808662415,0.7555555555555556,0.8817340067340069,0.7857142857142857,0.0,0.5415026290076119,0.640532740524837,0.08930926184569087,0.3850157303469522,0.0,0.0,0.0,0.0,0.0,18473,global,0.0
5,1,lr1e-04_bs8_drop0p2_temp1p0_a0p25_b0p05__wd1e-04trmiss0_degmodglobal,8,0.0001,0.0001,0.2,1.0,0.25,0.05,lr1e-04_bs8_drop0p2_temp1p0_a0p25_b0p05__wd1e-04trmiss0_degmodglobal,7,0.6711465801511493,0.6701473593711853,0.7777777777777779,0.9002525252525253,0.7142857142857143,0.0,0.5393571300165994,0.6320476957729885,0.088960628424372,0.3371745390551431,0.0,0.0,0.0,0.0,0.0,18473,global,0.0
5,1,lr1e-04_bs8_drop0p2_temp1p0_a0p25_b0p05__wd1e-04trmiss0_degmodglobal,8,0.0001,0.0001,0.2,1.0,0.25,0.05,lr1e-04_bs8_drop0p2_temp1p0_a0p25_b0p05__wd1e-04trmiss0_degmodglobal,8,0.6556065678596497,0.6746601164340973,0.7111111111111111,0.8622895622895626,0.7142857142857143,0.0,0.5443896736417498,0.6160763331821987,0.09083147400191852,0.3364473985774176,0.0,0.0,0.0,0.0,0.0,18473,global,0.0
5,1,lr1e-04_bs8_drop0p2_temp1p0_a0p25_b0p05__wd1e-04trmiss0_degmodglobal,8,0.0001,0.0001,0.2,1.0,0.25,0.05,lr1e-04_bs8_drop0p2_temp1p0_a0p25_b0p05__wd1e-04trmiss0_degmodglobal,9,0.6448831898825509,0.6714915335178375,0.7111111111111111,0.8622895622895626,0.6428571428571429,0.0,0.5178079264504569,0.5997175659452166,0.09830050276858467,0.41181006176131113,0.0,0.0,0.0,0.0,0.0,18473,global,0.0
5,1,lr1e-04_bs8_drop0p2_temp1p0_a0p25_b0p05__wd1e-04trmiss0_degmodglobal,8,0.0001,0.0001,0.2,1.0,0.25,0.05,lr1e-04_bs8_drop0p2_temp1p0_a0p25_b0p05__wd1e-04trmiss0_degmodglobal,10,0.6265383447919574,0.6685373485088348,0.7333333333333334,0.8709315375982045,0.7142857142857143,0.0,0.5111107613359179,0.5860911863190787,0.09619251212903432,0.32798061200550627,0.0,0.0,0.0,0.0,0.0,18473,global,0.0
5,1,lr1e-04_bs8_drop0p2_temp1p0_a0p25_b0p05__wd1e-04trmiss0_degmodglobal,8,0.0001,0.0001,0.2,1.0,0.25,0.05,lr1e-04_bs8_drop0p2_temp1p0_a0p25_b0p05__wd1e-04trmiss0_degmodglobal,11,0.6042881267411369,0.6647284030914307,0.7555555555555555,0.8830397997064665,0.6428571428571429,0.0,0.5084981577736991,0.5685059598514012,0.0771209251667772,0.33003875613212585,0.0,0.0,0.0,0.0,0.0,18473,global,0.0
5,1,lr1e-04_bs8_drop0p2_temp1p0_a0p25_b0p05__wd1e-04trmiss0_degmodglobal,8,0.0001,0.0001,0.2,1.0,0.25,0.05,lr1e-04_bs8_drop0p2_temp1p0_a0p25_b0p05__wd1e-04trmiss0_degmodglobal,12,0.6242784602301461,0.644921749830246,0.7555555555555555,0.8863025863025864,0.6428571428571429,0.0,0.49529170989990234,0.5770175201552254,0.10184726331915174,0.4359825998544693,0.0,0.0,0.0,0.0,0.0,18473,global,0.0
5,1,lr1e-04_bs8_drop0p2_temp1p0_a0p25_b0p05__wd1e-04trmiss0_degmodglobal,8,0.0001,0.0001,0.2,1.0,0.25,0.05,lr1e-04_bs8_drop0p2_temp1p0_a0p25_b0p05__wd1e-04trmiss0_degmodglobal,13,0.6231419103486198,0.6198790371417999,0.8222222222222222,0.9216200466200468,0.6428571428571429,0.0,0.5101051500865391,0.5806953225816999,0.09613611229828425,0.3682514216218676,0.0,0.0,0.0,0.0,0.0,18473,global,0.0
5,1,lr1e-04_bs8_drop0p2_temp1p0_a0p25_b0p05__wd1e-04trmiss0_degmodglobal,8,0.0001,0.0001,0.2,1.0,0.25,0.05,lr1e-04_bs8_drop0p2_temp1p0_a0p25_b0p05__wd1e-04trmiss0_degmodglobal,14,0.6300643937928336,0.6295627355575562,0.8,0.9108175774842442,0.6428571428571429,0.0,0.5203573150294167,0.5897169368607658,0.09168066403695516,0.3485459217003414,0.0,0.0,0.0,0.0,0.0,18473,global,0.0
5,1,lr1e-04_bs8_drop0p2_temp1p0_a0p25_b0p05__wd1e-04trmiss0_degmodglobal,8,0.0001,0.0001,0.2,1.0,0.25,0.05,lr1e-04_bs8_drop0p2_temp1p0_a0p25_b0p05__wd1e-04trmiss0_degmodglobal,15,0.6163595233644757,0.6467553973197937,0.7333333333333333,0.8743978243978245,0.5714285714285714,0.0,0.531666602407183,0.5781814285687038,0.08809499282922063,0.3230868492807661,0.0,0.0,0.0,0.0,0.0,18473,global,0.0
5,1,lr1e-04_bs8_drop0p2_temp1p0_a0p25_b0p05__wd1e-04trmiss0_degmodglobal,8,0.0001,0.0001,0.2,1.0,0.25,0.05,lr1e-04_bs8_drop0p2_temp1p0_a0p25_b0p05__wd1e-04trmiss0_degmodglobal,16,0.6297729781695774,0.6574883759021759,0.7111111111111111,0.8651385651385652,0.5,0.0,0.4889550507068634,0.5833983208451953,0.10932949823992592,0.38084571276392254,0.0,0.0,0.0,0.0,0.0,18473,global,0.0
5,1,lr1e-04_bs8_drop0p2_temp1p0_a0p25_b0p05__wd1e-04trmiss0_degmodglobal,8,0.0001,0.0001,0.2,1.0,0.25,0.05,lr1e-04_bs8_drop0p2_temp1p0_a0p25_b0p05__wd1e-04trmiss0_degmodglobal,17,0.5959200944219317,0.6529327630996704,0.7555555555555555,0.8830397997064665,0.5714285714285714,0.0,0.47288583857672556,0.5504679722445351,0.10510812380484172,0.38350203207560946,0.0,0.0,0.0,0.0,0.0,18473,global,0.0
5,1,lr1e-04_bs8_drop0p2_temp1p0_a0p25_b0p05__wd1e-04trmiss0_degmodglobal,8,0.0001,0.0001,0.2,1.0,0.25,0.05,lr1e-04_bs8_drop0p2_temp1p0_a0p25_b0p05__wd1e-04trmiss0_degmodglobal,18,0.628171580178397,0.638459324836731,0.8222222222222222,0.9188983855650523,0.7142857142857143,0.0,0.4715401700564793,0.5797573583466666,0.10357720298426491,0.450398645230702,0.0,0.0,0.0,0.0,0.0,18473,global,0.0
5,1,lr1e-04_bs8_drop0p2_temp1p0_a0p25_b0p05__wd1e-04trmiss0_degmodglobal,8,0.0001,0.0001,0.2,1.0,0.25,0.05,lr1e-04_bs8_drop0p2_temp1p0_a0p25_b0p05__wd1e-04trmiss0_degmodglobal,19,0.6070975320679801,0.6440942287445068,0.8222222222222222,0.9188983855650523,0.6428571428571429,0.0,0.47998754041535513,0.5670079972062793,0.0900087021291256,0.35174701256411417,0.0,0.0,0.0,0.0,0.0,18473,global,0.0
5,1,lr1e-04_bs8_drop0p2_temp1p0_a0p25_b0p05__wd1e-04trmiss0_degmodglobal,8,0.0001,0.0001,0.2,1.0,0.25,0.05,lr1e-04_bs8_drop0p2_temp1p0_a0p25_b0p05__wd1e-04trmiss0_degmodglobal,20,0.6117036427770343,0.6376484036445618,0.7777777777777778,0.9021756021756022,0.5714285714285714,0.0,0.48050546646118164,0.5715826749801636,0.08931396795170647,0.35584966625486103,0.0,0.0,0.0,0.0,0.0,18473,global,0.0
5,1,lr1e-04_bs8_drop0p2_temp1p0_a0p25_b0p05__wd1e-04trmiss0_degmodglobal,8,0.0001,0.0001,0.2,1.0,0.25,0.05,lr1e-04_bs8_drop0p2_temp1p0_a0p25_b0p05__wd1e-04trmiss0_degmodglobal,21,0.5981044343539647,0.6275063753128052,0.7777777777777778,0.9021756021756022,0.5714285714285714,0.0,0.46511341844286236,0.5507813010896955,0.11172355285712651,0.38784473282950266,0.0,0.0,0.0,0.0,0.0,18473,global,0.0
5,1,lr1e-04_bs8_drop0p2_temp1p0_a0p25_b0p05__wd1e-04trmiss0_degmodglobal,8,0.0001,0.0001,0.2,1.0,0.25,0.05,lr1e-04_bs8_drop0p2_temp1p0_a0p25_b0p05__wd1e-04trmiss0_degmodglobal,22,0.5977731432233538,0.6352635622024536,0.7777777777777778,0.9021756021756022,0.7857142857142857,0.0,0.5027658556188855,0.5551564863749913,0.09355369210243225,0.38456459982054575,0.0,0.0,0.0,0.0,0.0,18473,global,0.0
5,1,lr1e-04_bs8_drop0p2_temp1p0_a0p25_b0p05__wd1e-04trmiss0_degmodglobal,8,0.0001,0.0001,0.2,1.0,0.25,0.05,lr1e-04_bs8_drop0p2_temp1p0_a0p25_b0p05__wd1e-04trmiss0_degmodglobal,23,0.5613605124609811,0.624151349067688,0.7777777777777778,0.9021756021756022,0.6428571428571429,0.0,0.49123449836458477,0.5145122153418404,0.1118731541293008,0.37760003975459505,0.0,0.0,0.0,0.0,0.0,18473,global,0.0
5,1,lr1e-04_bs8_drop0p2_temp1p0_a0p25_b0p05__wd1e-04trmiss0_degmodglobal,8,0.0001,0.0001,0.2,1.0,0.25,0.05,lr1e-04_bs8_drop0p2_temp1p0_a0p25_b0p05__wd1e-04trmiss0_degmodglobal,24,0.5907657401902335,0.6253751814365387,0.7777777777777778,0.9021756021756022,0.6428571428571429,0.0,0.4807941360133035,0.5438188655035836,0.10342435858079366,0.42181551456451416,0.0,0.0,0.0,0.0,0.0,18473,global,0.0
5,1,lr1e-04_bs8_drop0p2_temp1p0_a0p25_b0p05__wd1e-04trmiss0_degmodglobal,8,0.0001,0.0001,0.2,1.0,0.25,0.05,lr1e-04_bs8_drop0p2_temp1p0_a0p25_b0p05__wd1e-04trmiss0_degmodglobal,25,0.5676871367863247,0.639674723148346,0.7777777777777778,0.9021756021756022,0.5714285714285714,0.0,0.4942201205662319,0.521583263363157,0.1050709571157183,0.3967229723930359,0.0,0.0,0.0,0.0,0.0,18473,global,0.0
5,1,lr1e-04_bs8_drop0p2_temp1p0_a0p25_b0p05__wd1e-04trmiss0_degmodglobal,8,0.0001,0.0001,0.2,1.0,0.25,0.05,lr1e-04_bs8_drop0p2_temp1p0_a0p25_b0p05__wd1e-04trmiss0_degmodglobal,26,0.5710189087050301,0.6468459963798523,0.7777777777777778,0.9021756021756022,0.7142857142857143,0.0,0.47279994402612957,0.5306184632437569,0.09295986220240593,0.34320934968335287,0.0,0.0,0.0,0.0,0.0,18473,global,0.0
5,1,lr1e-04_bs8_drop0p2_temp1p0_a0p25_b0p05__wd1e-04trmiss0_degmodglobal,8,0.0001,0.0001,0.2,1.0,0.25,0.05,lr1e-04_bs8_drop0p2_temp1p0_a0p25_b0p05__wd1e-04trmiss0_degmodglobal,27,0.5827122586114066,0.6401994824409485,0.7777777777777778,0.9021756021756022,0.5714285714285714,0.0,0.4778404576437814,0.5375525993960244,0.10304660243647439,0.3879602551460266,0.0,0.0,0.0,0.0,0.0,18473,global,0.0
5,1,lr1e-04_bs8_drop0p2_temp1p0_a0p25_b0p05__wd1e-04trmiss0_degmodglobal,8,0.0001,0.0001,0.2,1.0,0.25,0.05,lr1e-04_bs8_drop0p2_temp1p0_a0p25_b0p05__wd1e-04trmiss0_degmodglobal,28,0.580448295388903,0.637837141752243,0.7777777777777778,0.9021756021756022,0.5714285714285714,0.0,0.49898882848875864,0.5368087674890246,0.0974736458488873,0.3854224234819412,0.0,0.0,0.0,0.0,0.0,18473,global,0.0
5,1,lr1e-04_bs8_drop0p2_temp1p0_a0p25_b0p05__wd1e-04trmiss0_degmodglobal,8,0.0001,0.0001,0.2,1.0,0.25,0.05,lr1e-04_bs8_drop0p2_temp1p0_a0p25_b0p05__wd1e-04trmiss0_degmodglobal,29,0.6015957253319877,0.6387534141540527,0.7777777777777778,0.9021756021756022,0.5714285714285714,0.0,0.5160781954016004,0.5569761267730168,0.10493396754775729,0.36772225158555166,0.0,0.0,0.0,0.0,0.0,18473,global,0.0
5,1,lr1e-04_bs8_drop0p2_temp1p0_a0p25_b0p05__wd1e-04trmiss0_degmodglobal,8,0.0001,0.0001,0.2,1.0,0.25,0.05,lr1e-04_bs8_drop0p2_temp1p0_a0p25_b0p05__wd1e-04trmiss0_degmodglobal,30,0.5894781393664223,0.6487084627151489,0.7777777777777778,0.9021756021756022,0.7142857142857143,0.0,0.4671008586883545,0.5341174602508545,0.13407590878861292,0.4368338670049395,0.0,0.0,0.0,0.0,0.0,18473,global,0.0
5,1,lr1e-04_bs8_drop0p2_temp1p0_a0p25_b0p05__wd1e-04trmiss0_degmodglobal,8,0.0001,0.0001,0.2,1.0,0.25,0.05,lr1e-04_bs8_drop0p2_temp1p0_a0p25_b0p05__wd1e-04trmiss0_degmodglobal,31,0.5811330505779811,0.6402895450592041,0.7777777777777778,0.9021756021756022,0.7142857142857143,0.0,0.47351004821913584,0.5358892934662955,0.1036729599748339,0.3865102699824742,0.0,0.0,0.0,0.0,0.0,18473,global,0.0
5,1,lr1e-04_bs8_drop0p2_temp1p0_a0p25_b0p05__wd1e-04trmiss0_degmodglobal,8,0.0001,0.0001,0.2,1.0,0.25,0.05,lr1e-04_bs8_drop0p2_temp1p0_a0p25_b0p05__wd1e-04trmiss0_degmodglobal,32,0.5575597626822335,0.6440029144287109,0.7777777777777778,0.9021756021756022,0.7142857142857143,0.0,0.44813936948776245,0.5077061823436192,0.11813145663057055,0.40641481961522785,0.0,0.0,0.0,0.0,0.0,18473,global,0.0
5,1,lr1e-04_bs8_drop0p2_temp1p0_a0p25_b0p05__wd1e-04trmiss0_degmodglobal,8,0.0001,0.0001,0.2,1.0,0.25,0.05,lr1e-04_bs8_drop0p2_temp1p0_a0p25_b0p05__wd1e-04trmiss0_degmodglobal,33,0.5848865296159472,0.6575778126716614,0.7777777777777778,0.9021756021756022,0.7142857142857143,0.0,0.46495779497282846,0.5392378653798785,0.10987910947629384,0.36357782781124115,0.0,0.0,0.0,0.0,0.0,18473,global,0.0
5,1,lr1e-04_bs8_drop0p2_temp2p0_a0p25_b0p05__wd1e-04trmiss0_degmodglobal,8,0.0001,0.0001,0.2,2.0,0.25,0.05,lr1e-04_bs8_drop0p2_temp2p0_a0p25_b0p05__wd1e-04trmiss0_degmodglobal,1,0.721376086984362,0.6779813468456268,0.39999999999999997,0.6185083435083435,0.6428571428571429,0.0,0.7240115063531058,0.7072180424417768,0.03159777766891888,0.12517199026686804,0.0,0.0,0.0,0.0,0.0,18473,global,0.0
5,1,lr1e-04_bs8_drop0p2_temp2p0_a0p25_b0p05__wd1e-04trmiss0_degmodglobal,8,0.0001,0.0001,0.2,2.0,0.25,0.05,lr1e-04_bs8_drop0p2_temp2p0_a0p25_b0p05__wd1e-04trmiss0_degmodglobal,2,0.67928432566779,0.6776075065135956,0.2222222222222222,0.5380650213983548,0.6428571428571429,0.0,0.6855739184788295,0.6632129549980164,0.03570367129785674,0.14290897122451238,0.0,0.0,0.0,0.0,0.0,18473,global,0.0
5,1,lr1e-04_bs8_drop0p2_temp2p0_a0p25_b0p05__wd1e-04trmiss0_degmodglobal,8,0.0001,0.0001,0.2,2.0,0.25,0.05,lr1e-04_bs8_drop0p2_temp2p0_a0p25_b0p05__wd1e-04trmiss0_degmodglobal,3,0.6724983368601117,0.6850378513336182,0.24444444444444444,0.5335436168769503,0.6428571428571429,0.0,0.6673046520778111,0.6570259758404323,0.035976922405617576,0.12956288776227406,0.0,0.0,0.0,0.0,0.0,18473,global,0.0
5,1,lr1e-04_bs8_drop0p2_temp2p0_a0p25_b0p05__wd1e-04trmiss0_degmodglobal,8,0.0001,0.0001,0.2,2.0,0.25,0.05,lr1e-04_bs8_drop0p2_temp2p0_a0p25_b0p05__wd1e-04trmiss0_degmodglobal,4,0.6522228462355477,0.6857492327690125,0.26666666666666666,0.5446547279880614,0.6428571428571429,0.0,0.6290986708232335,0.6343881828444344,0.039497979783586094,0.15920355170965195,0.0,0.0,0.0,0.0,0.0,18473,global,0.0
5,1,lr1e-04_bs8_drop0p2_temp2p0_a0p25_b0p05__wd1e-04trmiss0_degmodglobal,8,0.0001,0.0001,0.2,2.0,0.25,0.05,lr1e-04_bs8_drop0p2_temp2p0_a0p25_b0p05__wd1e-04trmiss0_degmodglobal,5,0.6381779823984418,0.6841791272163391,0.28888888888888886,0.5557658390991724,0.6428571428571429,0.0,0.6438843863351005,0.6218194961547852,0.039559557501758845,0.1293718899999346,0.0,0.0,0.0,0.0,0.0,18473,global,0.0
5,1,lr1e-04_bs8_drop0p2_temp2p0_a0p25_b0p05__wd1e-04trmiss0_degmodglobal,8,0.0001,0.0001,0.2,2.0,0.25,0.05,lr1e-04_bs8_drop0p2_temp2p0_a0p25_b0p05__wd1e-04trmiss0_degmodglobal,6,0.6365338563919067,0.6771607100963593,0.35555555555555557,0.6033848867182201,0.6428571428571429,0.0,0.6048952000481742,0.6178235496793475,0.04328918190939086,0.15776005759835243,0.0,0.0,0.0,0.0,0.0,18473,global,0.0
5,1,lr1e-04_bs8_drop0p2_temp2p0_a0p25_b0p05__wd1e-04trmiss0_degmodglobal,8,0.0001,0.0001,0.2,2.0,0.25,0.05,lr1e-04_bs8_drop0p2_temp2p0_a0p25_b0p05__wd1e-04trmiss0_degmodglobal,7,0.6243955322674343,0.6623982191085815,0.5555555555555556,0.6853054353054354,0.6428571428571429,0.0,0.6116822021348136,0.6082495450973511,0.036882128566503525,0.1385091788002423,0.0,0.0,0.0,0.0,0.0,18473,global,0.0
5,1,lr1e-04_bs8_drop0p2_temp2p0_a0p25_b0p05__wd1e-04trmiss0_degmodglobal,8,0.0001,0.0001,0.2,2.0,0.25,0.05,lr1e-04_bs8_drop0p2_temp2p0_a0p25_b0p05__wd1e-04trmiss0_degmodglobal,8,0.6312775441578456,0.6525299549102783,0.6,0.7520282186948855,0.6428571428571429,0.0,0.6050003256116595,0.6144558191299438,0.042082560647811205,0.1260216629930905,0.0,0.0,0.0,0.0,0.0,18473,global,0.0
5,1,lr1e-04_bs8_drop0p2_temp2p0_a0p25_b0p05__wd1e-04trmiss0_degmodglobal,8,0.0001,0.0001,0.2,2.0,0.25,0.05,lr1e-04_bs8_drop0p2_temp2p0_a0p25_b0p05__wd1e-04trmiss0_degmodglobal,9,0.6238809909139361,0.6440127193927765,0.6444444444444445,0.842786842786843,0.6428571428571429,0.0,0.6169727700097221,0.6061312215668815,0.041973842574017386,0.1451259446995599,0.0,0.0,0.0,0.0,0.0,18473,global,0.0
5,1,lr1e-04_bs8_drop0p2_temp2p0_a0p25_b0p05__wd1e-04trmiss0_degmodglobal,8,0.0001,0.0001,0.2,2.0,0.25,0.05,lr1e-04_bs8_drop0p2_temp2p0_a0p25_b0p05__wd1e-04trmiss0_degmodglobal,10,0.6152501617159162,0.6288787424564362,0.8,0.9030253696920365,0.6428571428571429,0.0,0.5945246815681458,0.596294607434954,0.04497881978750229,0.1542172474520547,0.0,0.0,0.0,0.0,0.0,18473,global,0.0
5,1,lr1e-04_bs8_drop0p2_temp2p0_a0p25_b0p05__wd1e-04trmiss0_degmodglobal,8,0.0001,0.0001,0.2,2.0,0.25,0.05,lr1e-04_bs8_drop0p2_temp2p0_a0p25_b0p05__wd1e-04trmiss0_degmodglobal,11,0.6160113556044442,0.6334564685821533,0.8666666666666667,0.9278138528138529,0.6428571428571429,0.0,0.5977216618401664,0.5969181486538478,0.043843328420604975,0.16264765496764863,0.0,0.0,0.0,0.0,0.0,18473,global,0.0
5,1,lr1e-04_bs8_drop0p2_temp2p0_a0p25_b0p05__wd1e-04trmiss0_degmodglobal,8,0.0001,0.0001,0.2,2.0,0.25,0.05,lr1e-04_bs8_drop0p2_temp2p0_a0p25_b0p05__wd1e-04trmiss0_degmodglobal,12,0.6254357525280544,0.6444052755832672,0.7777777777777778,0.8551858635191969,0.6428571428571429,0.0,0.5933976684297834,0.6035067949976239,0.051723980477878025,0.1799595622079713,0.0,0.0,0.0,0.0,0.0,18473,global,0.0
5,1,lr1e-04_bs8_drop0p2_temp2p0_a0p25_b0p05__wd1e-04trmiss0_degmodglobal,8,0.0001,0.0001,0.2,2.0,0.25,0.05,lr1e-04_bs8_drop0p2_temp2p0_a0p25_b0p05__wd1e-04trmiss0_degmodglobal,13,0.610301034791129,0.6341738104820251,0.888888888888889,0.9282627865961202,0.6428571428571429,0.0,0.5792374270302909,0.586469692843301,0.06114022859505245,0.17092567895139968,0.0,0.0,0.0,0.0,0.0,18473,global,0.0
5,1,lr1e-04_bs8_drop0p2_temp2p0_a0p25_b0p05__wd1e-04trmiss0_degmodglobal,8,0.0001,0.0001,0.2,2.0,0.25,0.05,lr1e-04_bs8_drop0p2_temp2p0_a0p25_b0p05__wd1e-04trmiss0_degmodglobal,14,0.6053609933171954,0.6379747986793518,0.8444444444444444,0.9115961199294533,0.6428571428571429,0.0,0.5995462451662336,0.5818216630390712,0.05952798468726022,0.1731468066573143,0.0,0.0,0.0,0.0,0.0,18473,global,0.0
5,1,lr1e-04_bs8_drop0p2_temp2p0_a0p25_b0p05__wd1e-04trmiss0_degmodglobal,8,0.0001,0.0001,0.2,2.0,0.25,0.05,lr1e-04_bs8_drop0p2_temp2p0_a0p25_b0p05__wd1e-04trmiss0_degmodglobal,15,0.6052555356706891,0.6419713497161865,0.8444444444444446,0.9237043820377155,0.6428571428571429,0.0,0.58979446547372,0.5838598779269627,0.05153542011976242,0.17023605001824244,0.0,0.0,0.0,0.0,0.0,18473,global,0.0
5,1,lr1e-04_bs8_drop0p2_temp2p0_a0p25_b0p05__wd1e-04trmiss0_degmodglobal,8,0.0001,0.0001,0.2,2.0,0.25,0.05,lr1e-04_bs8_drop0p2_temp2p0_a0p25_b0p05__wd1e-04trmiss0_degmodglobal,16,0.624928959778377,0.6404979825019836,0.7555555555555555,0.8790123456790124,0.6428571428571429,0.0,0.59035496200834,0.6059009773390633,0.048578704840370586,0.13766613655856677,0.0,0.0,0.0,0.0,0.0,18473,global,0.0
5,1,lr1e-04_bs8_drop0p2_temp2p0_a0p25_b0p05__wd1e-04trmiss0_degmodglobal,8,0.0001,0.0001,0.2,2.0,0.25,0.05,lr1e-04_bs8_drop0p2_temp2p0_a0p25_b0p05__wd1e-04trmiss0_degmodglobal,17,0.5853871532848903,0.6296433806419373,0.8,0.8936387686387688,0.6428571428571429,0.0,0.5684108734130859,0.5623244302613395,0.05944796491946493,0.16401448739426477,0.0,0.0,0.0,0.0,0.0,18473,global,0.0
5,1,lr1e-04_bs8_drop0p2_temp2p0_a0p25_b0p05__wd1e-04trmiss0_degmodglobal,8,0.0001,0.0001,0.2,2.0,0.25,0.05,lr1e-04_bs8_drop0p2_temp2p0_a0p25_b0p05__wd1e-04trmiss0_degmodglobal,18,0.5952477625438145,0.6286123394966125,0.8,0.8936387686387688,0.6428571428571429,0.0,0.5787303277424404,0.5705786943435669,0.06067665985652378,0.18999838403293065,0.0,0.0,0.0,0.0,0.0,18473,global,0.0
5,1,lr1e-04_bs8_drop0p2_temp2p0_a0p25_b0p05__wd1e-04trmiss0_degmodglobal,8,0.0001,0.0001,0.2,2.0,0.25,0.05,lr1e-04_bs8_drop0p2_temp2p0_a0p25_b0p05__wd1e-04trmiss0_degmodglobal,19,0.5993611812591553,0.6287050545215607,0.8,0.8909171075837745,0.6428571428571429,0.0,0.5678342921393258,0.5774555461747306,0.05775639893753188,0.14933075542960847,0.0,0.0,0.0,0.0,0.0,18473,global,0.0
5,1,lr1e-04_bs8_drop0p2_temp2p0_a0p25_b0p05__wd1e-04trmiss0_degmodglobal,8,0.0001,0.0001,0.2,2.0,0.25,0.05,lr1e-04_bs8_drop0p2_temp2p0_a0p25_b0p05__wd1e-04trmiss0_degmodglobal,20,0.5991709147180829,0.6339479088783264,0.7777777777777778,0.8714165464165466,0.6428571428571429,0.0,0.5752583401543754,0.5760258265904018,0.06071659656507628,0.1593188281570162,0.0,0.0,0.0,0.0,0.0,18473,global,0.0
5,1,lr1e-04_bs8_drop0p2_temp2p0_a0p25_b0p05__wd1e-04trmiss0_degmodglobal,8,0.0001,0.0001,0.2,2.0,0.25,0.05,lr1e-04_bs8_drop0p2_temp2p0_a0p25_b0p05__wd1e-04trmiss0_degmodglobal,21,0.5773633888789585,0.6295385360717773,0.8222222222222222,0.9017195767195769,0.7142857142857143,0.0,0.5531929731369019,0.551435112953186,0.066165884158441,0.18773583216326578,0.0,0.0,0.0,0.0,0.0,18473,global,0.0
5,1,lr1e-04_bs8_drop0p2_temp2p0_a0p25_b0p05__wd1e-04trmiss0_degmodglobal,8,0.0001,0.0001,0.2,2.0,0.25,0.05,lr1e-04_bs8_drop0p2_temp2p0_a0p25_b0p05__wd1e-04trmiss0_degmodglobal,22,0.584109468119485,0.6178786754608154,0.8444444444444444,0.9115961199294533,0.7142857142857143,0.0,0.538435446364539,0.5635229178837368,0.05578006750770977,0.1328307113477162,0.0,0.0,0.0,0.0,0.0,18473,global,0.0
5,1,lr1e-04_bs8_drop0p2_temp2p0_a0p25_b0p05__wd1e-04trmiss0_degmodglobal,8,0.0001,0.0001,0.2,2.0,0.25,0.05,lr1e-04_bs8_drop0p2_temp2p0_a0p25_b0p05__wd1e-04trmiss0_degmodglobal,23,0.5862710050174168,0.6144514381885529,0.9111111111111112,0.9467813051146385,0.7142857142857143,0.0,0.5286109788077218,0.5615628787449428,0.06272352247365884,0.18054491494383132,0.0,0.0,0.0,0.0,0.0,18473,global,0.0
5,1,lr1e-04_bs8_drop0p2_temp2p0_a0p25_b0p05__wd1e-04trmiss0_degmodglobal,8,0.0001,0.0001,0.2,2.0,0.25,0.05,lr1e-04_bs8_drop0p2_temp2p0_a0p25_b0p05__wd1e-04trmiss0_degmodglobal,24,0.5627128652163914,0.6151610016822815,0.8888888888888888,0.9376903960237295,0.7142857142857143,0.0,0.5194687076977321,0.5403305973325457,0.05761314369738102,0.15957955377442495,0.0,0.0,0.0,0.0,0.0,18473,global,0.0
5,1,lr1e-04_bs8_drop0p2_temp2p0_a0p25_b0p05__wd1e-04trmiss0_degmodglobal,8,0.0001,0.0001,0.2,2.0,0.25,0.05,lr1e-04_bs8_drop0p2_temp2p0_a0p25_b0p05__wd1e-04trmiss0_degmodglobal,25,0.5769500732421875,0.6204136312007904,0.8444444444444443,0.9202380952380953,0.7142857142857143,0.0,0.5254061392375401,0.5487026146480015,0.0763456653803587,0.18322063024554933,0.0,0.0,0.0,0.0,0.0,18473,global,0.0
5,1,lr1e-04_bs8_drop0p2_temp2p0_a0p25_b0p05__wd1e-04trmiss0_degmodglobal,8,0.0001,0.0001,0.2,2.0,0.25,0.05,lr1e-04_bs8_drop0p2_temp2p0_a0p25_b0p05__wd1e-04trmiss0_degmodglobal,26,0.5771664040429252,0.6100901961326599,0.9111111111111112,0.9467813051146385,0.7142857142857143,0.0,0.5265159266335624,0.5509520598820278,0.07069872372916766,0.17079314376626695,0.0,0.0,0.0,0.0,0.0,18473,global,0.0
5,1,lr1e-04_bs8_drop0p2_temp2p0_a0p25_b0p05__wd1e-04trmiss0_degmodglobal,8,0.0001,0.0001,0.2,2.0,0.25,0.05,lr1e-04_bs8_drop0p2_temp2p0_a0p25_b0p05__wd1e-04trmiss0_degmodglobal,27,0.582190385886601,0.6094305515289307,0.9111111111111112,0.9467813051146385,0.7142857142857143,0.0,0.5631683553968158,0.5580725116389138,0.05770475044846535,0.19383411535194942,0.0,0.0,0.0,0.0,0.0,18473,global,0.0
5,1,lr1e-04_bs8_drop0p2_temp2p0_a0p25_b0p05__wd1e-04trmiss0_degmodglobal,8,0.0001,0.0001,0.2,2.0,0.25,0.05,lr1e-04_bs8_drop0p2_temp2p0_a0p25_b0p05__wd1e-04trmiss0_degmodglobal,28,0.5747730221067157,0.5978926420211792,0.9111111111111111,0.9535634118967453,0.7142857142857143,0.0,0.5434823717389788,0.5500666158539909,0.06499870334352766,0.1691343060561589,0.0,0.0,0.0,0.0,0.0,18473,global,0.0
5,1,lr1e-04_bs8_drop0p2_temp2p0_a0p25_b0p05__wd1e-04trmiss0_degmodglobal,8,0.0001,0.0001,0.2,2.0,0.25,0.05,lr1e-04_bs8_drop0p2_temp2p0_a0p25_b0p05__wd1e-04trmiss0_degmodglobal,29,0.5684863073485238,0.6005865335464478,0.9111111111111112,0.9467813051146385,0.7142857142857143,0.0,0.5274289974144527,0.5470715165138245,0.05523784139326641,0.15210648200341634,0.0,0.0,0.0,0.0,0.0,18473,global,0.0
5,1,lr1e-04_bs8_drop0p2_temp2p0_a0p25_b0p05__wd1e-04trmiss0_degmodglobal,8,0.0001,0.0001,0.2,2.0,0.25,0.05,lr1e-04_bs8_drop0p2_temp2p0_a0p25_b0p05__wd1e-04trmiss0_degmodglobal,30,0.568534391266959,0.6123086214065552,0.8222222222222222,0.8984928651595321,0.7142857142857143,0.0,0.5573904982634953,0.5419635006359645,0.06991717432226453,0.18183209959949767,0.0,0.0,0.0,0.0,0.0,18473,global,0.0
5,1,lr1e-04_bs8_drop0p2_temp2p0_a0p25_b0p05__wd1e-04trmiss0_degmodglobal,8,0.0001,0.0001,0.2,2.0,0.25,0.05,lr1e-04_bs8_drop0p2_temp2p0_a0p25_b0p05__wd1e-04trmiss0_degmodglobal,31,0.5843319807733808,0.6131371855735779,0.8222222222222223,0.9051858635191969,0.7142857142857143,0.0,0.5507541341441018,0.5590482609612601,0.06183734642607825,0.19648778651441848,0.0,0.0,0.0,0.0,0.0,18473,global,0.0
5,1,lr1e-04_bs8_drop0p2_temp2p0_a0p25_b0p05__wd1e-04trmiss0_degmodglobal,8,0.0001,0.0001,0.2,2.0,0.25,0.05,lr1e-04_bs8_drop0p2_temp2p0_a0p25_b0p05__wd1e-04trmiss0_degmodglobal,32,0.5596728878361839,0.5969693064689636,0.9111111111111112,0.9467813051146385,0.7142857142857143,0.0,0.5256136528083256,0.5362605111939567,0.06642833298870496,0.13610582000442914,0.0,0.0,0.0,0.0,0.0,18473,global,0.0
5,1,lr1e-04_bs8_drop0p2_temp2p0_a0p25_b0p05__wd1e-04trmiss0_degmodglobal,8,0.0001,0.0001,0.2,2.0,0.25,0.05,lr1e-04_bs8_drop0p2_temp2p0_a0p25_b0p05__wd1e-04trmiss0_degmodglobal,33,0.5677514033658164,0.5958130359649658,0.9111111111111112,0.9467813051146385,0.7142857142857143,0.0,0.5053380514894213,0.5405660739966801,0.0708915681711265,0.18924876621791295,0.0,0.0,0.0,0.0,0.0,18473,global,0.0
5,1,lr1e-04_bs8_drop0p2_temp2p0_a0p25_b0p05__wd1e-04trmiss0_degmodglobal,8,0.0001,0.0001,0.2,2.0,0.25,0.05,lr1e-04_bs8_drop0p2_temp2p0_a0p25_b0p05__wd1e-04trmiss0_degmodglobal,34,0.5615991183689663,0.6021035611629486,0.8666666666666667,0.9191718775052109,0.7142857142857143,0.0,0.5055519895894187,0.5316584493432727,0.08178541862538882,0.18988598457404546,0.0,0.0,0.0,0.0,0.0,18473,global,0.0
5,1,lr1e-04_bs8_drop0p2_temp2p0_a0p25_b0p05__wd1e-04trmiss0_degmodglobal,8,0.0001,0.0001,0.2,2.0,0.25,0.05,lr1e-04_bs8_drop0p2_temp2p0_a0p25_b0p05__wd1e-04trmiss0_degmodglobal,35,0.5495562212807792,0.6089288592338562,0.8222222222222222,0.9017195767195769,0.7142857142857143,0.0,0.5119556103433881,0.5206689834594727,0.07518741062709264,0.20180772404585565,0.0,0.0,0.0,0.0,0.0,18473,global,0.0
5,1,lr1e-04_bs8_drop0p2_temp2p0_a0p25_b0p05__wd1e-04trmiss0_degmodglobal,8,0.0001,0.0001,0.2,2.0,0.25,0.05,lr1e-04_bs8_drop0p2_temp2p0_a0p25_b0p05__wd1e-04trmiss0_degmodglobal,36,0.5547342641013009,0.6072909235954285,0.8666666666666667,0.9191718775052109,0.7142857142857143,0.0,0.5033147207328251,0.530787433896746,0.06557837767260415,0.1510446657027517,0.0,0.0,0.0,0.0,0.0,18473,global,0.0
5,1,lr1e-04_bs8_drop0p2_temp2p0_a0p25_b0p05__wd1e-04trmiss0_degmodglobal,8,0.0001,0.0001,0.2,2.0,0.25,0.05,lr1e-04_bs8_drop0p2_temp2p0_a0p25_b0p05__wd1e-04trmiss0_degmodglobal,37,0.565847362790789,0.6079415678977966,0.8222222222222222,0.9017195767195769,0.7142857142857143,0.0,0.4967590272426605,0.5306752068655831,0.09917448886803218,0.20757087958710535,0.0,0.0,0.0,0.0,0.0,18473,global,0.0
5,1,lr1e-04_bs8_drop0p2_temp2p0_a0p25_b0p05__wd1e-04trmiss0_degmodglobal,8,0.0001,0.0001,0.2,2.0,0.25,0.05,lr1e-04_bs8_drop0p2_temp2p0_a0p25_b0p05__wd1e-04trmiss0_degmodglobal,38,0.5484093640531812,0.6035278737545013,0.8222222222222222,0.9017195767195769,0.7142857142857143,0.0,0.5198340288230351,0.521016755274364,0.08166999529514994,0.13950240718466894,0.0,0.0,0.0,0.0,0.0,18473,global,0.0
5,1,lr1e-04_bs8_drop0p2_temp2p0_a0p25_b0p05__wd1e-04trmiss0_degmodglobal,8,0.0001,0.0001,0.2,2.0,0.25,0.05,lr1e-04_bs8_drop0p2_temp2p0_a0p25_b0p05__wd1e-04trmiss0_degmodglobal,39,0.5483021523271289,0.5867430567741394,0.8444444444444446,0.9237043820377155,0.7142857142857143,0.0,0.5104053744247982,0.5183114962918418,0.08524466332580362,0.1735901183315686,0.0,0.0,0.0,0.0,0.0,18473,global,0.0
5,1,lr1e-04_bs8_drop0p2_temp2p0_a0p25_b0p05__wd1e-04trmiss0_degmodglobal,8,0.0001,0.0001,0.2,2.0,0.25,0.05,lr1e-04_bs8_drop0p2_temp2p0_a0p25_b0p05__wd1e-04trmiss0_degmodglobal,40,0.5443348416260311,0.6036556959152222,0.8666666666666667,0.9278138528138529,0.7142857142857143,0.0,0.498692729643413,0.517072754246848,0.07284726255706378,0.18100533421550477,0.0,0.0,0.0,0.0,0.0,18473,global,0.0
5,1,lr1e-04_bs8_drop0p2_temp2p0_a0p25_b0p05__wd1e-04trmiss0_degmodglobal,8,0.0001,0.0001,0.2,2.0,0.25,0.05,lr1e-04_bs8_drop0p2_temp2p0_a0p25_b0p05__wd1e-04trmiss0_degmodglobal,41,0.5418450576918465,0.5982747673988342,0.8,0.9013548180214848,0.7142857142857143,0.0,0.5182530794824872,0.5127227093492236,0.08178818758044924,0.1735062109572547,0.0,0.0,0.0,0.0,0.0,18473,global,0.0
5,1,lr1e-04_bs8_drop0p2_temp2p0_a0p25_b0p05__wd1e-04trmiss0_degmodglobal,8,0.0001,0.0001,0.2,2.0,0.25,0.05,lr1e-04_bs8_drop0p2_temp2p0_a0p25_b0p05__wd1e-04trmiss0_degmodglobal,42,0.5447819445814405,0.5980411767959595,0.7777777777777778,0.8790123456790127,0.7142857142857143,0.0,0.49358861786978586,0.5175730415752956,0.0781127190483468,0.15361460564391954,0.0,0.0,0.0,0.0,0.0,18473,global,0.0
5,1,lr1e-04_bs8_drop0p2_temp2p0_a0p25_b0p05__wd1e-04trmiss0_degmodglobal,8,0.0001,0.0001,0.2,2.0,0.25,0.05,lr1e-04_bs8_drop0p2_temp2p0_a0p25_b0p05__wd1e-04trmiss0_degmodglobal,43,0.5835937644754138,0.6026238799095154,0.7111111111111111,0.8530303030303032,0.7142857142857143,0.0,0.5120938292571476,0.5551032679421561,0.08869692044598716,0.12632521614432335,0.0,0.0,0.0,0.0,0.0,18473,global,0.0
5,1,lr1e-04_bs8_drop0p2_temp2p0_a0p25_b0p05__wd1e-04trmiss0_degmodglobal,8,0.0001,0.0001,0.2,2.0,0.25,0.05,lr1e-04_bs8_drop0p2_temp2p0_a0p25_b0p05__wd1e-04trmiss0_degmodglobal,44,0.5482743339879173,0.6025489866733551,0.7333333333333334,0.8622895622895626,0.7142857142857143,0.0,0.4949690742152078,0.5195364143167224,0.07861314767173358,0.18169280354465758,0.0,0.0,0.0,0.0,0.0,18473,global,0.0
5,1,lr1e-04_bs8_drop0p2_temp2p0_a0p25_b0p05__wd1e-04trmiss0_degmodglobal,8,0.0001,0.0001,0.2,2.0,0.25,0.05,lr1e-04_bs8_drop0p2_temp2p0_a0p25_b0p05__wd1e-04trmiss0_degmodglobal,45,0.554968501840319,0.5961997807025909,0.8,0.8762706429373097,0.7142857142857143,0.0,0.49476221203804016,0.5275638316358838,0.07469007053545543,0.17464302347174712,0.0,0.0,0.0,0.0,0.0,18473,global,0.0
5,1,lr1e-04_bs8_drop0p2_temp2p0_a0p25_b0p05__wd1e-04trmiss0_degmodglobal,8,0.0001,0.0001,0.2,2.0,0.25,0.05,lr1e-04_bs8_drop0p2_temp2p0_a0p25_b0p05__wd1e-04trmiss0_degmodglobal,46,0.5523184154714856,0.6177598237991333,0.6888888888888889,0.785565052231719,0.7142857142857143,0.0,0.49083082590784344,0.5238620042800903,0.0775205051260335,0.18152567957128798,0.0,0.0,0.0,0.0,0.0,18473,global,0.0
5,1,lr1e-04_bs8_drop0p2_temp2p0_a0p25_b0p05__wd1e-04trmiss0_degmodglobal,8,0.0001,0.0001,0.2,2.0,0.25,0.05,lr1e-04_bs8_drop0p2_temp2p0_a0p25_b0p05__wd1e-04trmiss0_degmodglobal,47,0.5668969665254865,0.6095375716686249,0.7333333333333333,0.8503798670465339,0.7142857142857143,0.0,0.5095713606902531,0.5416305192879268,0.07029779202171735,0.15383996601615632,0.0,0.0,0.0,0.0,0.0,18473,global,0.0
5,1,lr1e-04_bs8_drop0p2_temp2p0_a0p25_b0p05__wd1e-04trmiss0_degmodglobal,8,0.0001,0.0001,0.2,2.0,0.25,0.05,lr1e-04_bs8_drop0p2_temp2p0_a0p25_b0p05__wd1e-04trmiss0_degmodglobal,48,0.5514407583645412,0.6039915382862091,0.8,0.8762706429373097,0.7142857142857143,0.0,0.44915464520454407,0.5133854491370065,0.10463782506329673,0.23791703368936265,0.0,0.0,0.0,0.0,0.0,18473,global,0.0
5,1,lr1e-04_bs8_drop0p2_temp2p0_a0p25_b0p05__wd1e-04trmiss0_degmodglobal,8,0.0001,0.0001,0.2,2.0,0.25,0.05,lr1e-04_bs8_drop0p2_temp2p0_a0p25_b0p05__wd1e-04trmiss0_degmodglobal,49,0.553867369890213,0.6072760820388794,0.8222222222222222,0.8893738977072312,0.7142857142857143,0.0,0.47573475752558025,0.514414736202785,0.11330568151814598,0.2225244524223464,0.0,0.0,0.0,0.0,0.0,18473,global,0.0
5,1,lr1e-04_bs8_drop0p2_temp2p0_a0p25_b0p05__wd1e-04trmiss0_degmodglobal,8,0.0001,0.0001,0.2,2.0,0.25,0.05,lr1e-04_bs8_drop0p2_temp2p0_a0p25_b0p05__wd1e-04trmiss0_degmodglobal,50,0.540013496364866,0.6066071689128876,0.8444444444444444,0.8969496552829888,0.7142857142857143,0.0,0.4748176336288452,0.5066703855991364,0.09773554120744977,0.17818433312433107,0.0,0.0,0.0,0.0,0.0,18473,global,0.0
5,1,lr1e-04_bs8_drop0p2_temp2p0_a0p25_b0p05__wd1e-04trmiss0_degmodglobal,8,0.0001,0.0001,0.2,2.0,0.25,0.05,lr1e-04_bs8_drop0p2_temp2p0_a0p25_b0p05__wd1e-04trmiss0_degmodglobal,51,0.5453417726925441,0.6071113049983978,0.7777777777777777,0.8686948853615521,0.7142857142857143,0.0,0.4627899740423475,0.5142547871385302,0.0858845625604902,0.19231683973755156,0.0,0.0,0.0,0.0,0.0,18473,global,0.0
5,1,lr1e-04_bs8_drop0p2_temp2p0_a0p25_b0p05__wd1e-04trmiss0_degmodglobal,8,0.0001,0.0001,0.2,2.0,0.25,0.05,lr1e-04_bs8_drop0p2_temp2p0_a0p25_b0p05__wd1e-04trmiss0_degmodglobal,52,0.5588127800396511,0.6078638136386871,0.8,0.8829636412969748,0.7142857142857143,0.0,0.4589988078389849,0.5203125860009875,0.10654618697507041,0.23727319283144815,0.0,0.0,0.0,0.0,0.0,18473,global,0.0
5,1,lr1e-04_bs8_drop0p2_temp2p0_a0p25_b0p05__wd1e-04trmiss0_degmodglobal,8,0.0001,0.0001,0.2,2.0,0.25,0.05,lr1e-04_bs8_drop0p2_temp2p0_a0p25_b0p05__wd1e-04trmiss0_degmodglobal,53,0.5479821988514492,0.6056803464889526,0.8,0.8829636412969748,0.7142857142857143,0.0,0.46631935238838196,0.5116198999541146,0.10424964342798505,0.20599743723869324,0.0,0.0,0.0,0.0,0.0,18473,global,0.0
5,1,lr1e-04_bs8_drop0p4_temp1p0_a0p25_b0p05__wd1e-04trmiss0_degmodglobal,8,0.0001,0.0001,0.4,1.0,0.25,0.05,lr1e-04_bs8_drop0p4_temp1p0_a0p25_b0p05__wd1e-04trmiss0_degmodglobal,1,0.6958482776369367,0.6196732223033905,0.7777777777777778,0.8949445616112284,0.7142857142857143,0.0,0.7173997419221061,0.6455332977431161,0.1122161400105272,0.44521923788956236,0.0,0.0,0.0,0.0,0.0,18473,global,0.0
5,1,lr1e-04_bs8_drop0p4_temp1p0_a0p25_b0p05__wd1e-04trmiss0_degmodglobal,8,0.0001,0.0001,0.4,1.0,0.25,0.05,lr1e-04_bs8_drop0p4_temp1p0_a0p25_b0p05__wd1e-04trmiss0_degmodglobal,2,0.6724703822817121,0.6395235657691956,0.6444444444444444,0.7740130240130241,0.7142857142857143,0.0,0.6857188173702785,0.6237654856273106,0.11161228588649205,0.4160364014761789,0.0,0.0,0.0,0.0,0.0,18473,global,0.0
5,1,lr1e-04_bs8_drop0p4_temp1p0_a0p25_b0p05__wd1e-04trmiss0_degmodglobal,8,0.0001,0.0001,0.4,1.0,0.25,0.05,lr1e-04_bs8_drop0p4_temp1p0_a0p25_b0p05__wd1e-04trmiss0_degmodglobal,3,0.6667870623724801,0.6345789134502411,0.7777777777777778,0.7765792849126183,0.6428571428571429,0.0,0.6723099946975708,0.6132558158465794,0.12466109437601906,0.44731904779161724,0.0,0.0,0.0,0.0,0.0,18473,global,0.0
5,1,lr1e-04_bs8_drop0p4_temp1p0_a0p25_b0p05__wd1e-04trmiss0_degmodglobal,8,0.0001,0.0001,0.4,1.0,0.25,0.05,lr1e-04_bs8_drop0p4_temp1p0_a0p25_b0p05__wd1e-04trmiss0_degmodglobal,4,0.6487248114177159,0.625405341386795,0.7777777777777778,0.7765792849126183,0.7142857142857143,0.0,0.6536803415843419,0.6056315558297294,0.10234768209712845,0.3501268369810922,0.0,0.0,0.0,0.0,0.0,18473,global,0.0
5,1,lr1e-04_bs8_drop0p4_temp1p0_a0p25_b0p05__wd1e-04trmiss0_degmodglobal,8,0.0001,0.0001,0.4,1.0,0.25,0.05,lr1e-04_bs8_drop0p4_temp1p0_a0p25_b0p05__wd1e-04trmiss0_degmodglobal,5,0.6261006764003209,0.6297926008701324,0.7777777777777778,0.7765792849126183,0.7142857142857143,0.0,0.6608994603157043,0.5876501245158059,0.08259206265211105,0.356050934110369,0.0,0.0,0.0,0.0,0.0,18473,global,0.0
5,1,lr1e-04_bs8_drop0p4_temp1p0_a0p25_b0p05__wd1e-04trmiss0_degmodglobal,8,0.0001,0.0001,0.4,1.0,0.25,0.05,lr1e-04_bs8_drop0p4_temp1p0_a0p25_b0p05__wd1e-04trmiss0_degmodglobal,6,0.6149842398507255,0.6107338964939117,0.8222222222222223,0.8412257495590829,0.7142857142857143,0.0,0.647554235798972,0.5753927401133946,0.09275352954864502,0.32806236829076496,0.0,0.0,0.0,0.0,0.0,18473,global,0.0
5,1,lr1e-04_bs8_drop0p4_temp1p0_a0p25_b0p05__wd1e-04trmiss0_degmodglobal,8,0.0001,0.0001,0.4,1.0,0.25,0.05,lr1e-04_bs8_drop0p4_temp1p0_a0p25_b0p05__wd1e-04trmiss0_degmodglobal,7,0.6302026510238647,0.6228204369544983,0.8222222222222223,0.8412257495590829,0.7142857142857143,0.0,0.6298847624233791,0.5887718796730042,0.09729646944573947,0.3421329898493631,0.0,0.0,0.0,0.0,0.0,18473,global,0.0
5,1,lr1e-04_bs8_drop0p4_temp1p0_a0p25_b0p05__wd1e-04trmiss0_degmodglobal,8,0.0001,0.0001,0.4,1.0,0.25,0.05,lr1e-04_bs8_drop0p4_temp1p0_a0p25_b0p05__wd1e-04trmiss0_degmodglobal,8,0.6095090508460999,0.6291154623031616,0.7777777777777778,0.7765792849126183,0.7142857142857143,0.0,0.6572261878422329,0.5696885458060673,0.08713442779013089,0.3607380560466221,0.0,0.0,0.0,0.0,0.0,18473,global,0.0
5,1,lr1e-04_bs8_drop0p4_temp1p0_a0p25_b0p05__wd1e-04trmiss0_degmodglobal,8,0.0001,0.0001,0.4,1.0,0.25,0.05,lr1e-04_bs8_drop0p4_temp1p0_a0p25_b0p05__wd1e-04trmiss0_degmodglobal,9,0.5984043223517281,0.657542496919632,0.6,0.7305435305435306,0.7857142857142857,0.0,0.6596939819199699,0.5497497277600425,0.111988898898874,0.41314745800835745,0.0,0.0,0.0,0.0,0.0,18473,global,0.0
5,1,lr1e-04_bs8_drop0p4_temp1p0_a0p25_b0p05__wd1e-04trmiss0_degmodglobal,8,0.0001,0.0001,0.4,1.0,0.25,0.05,lr1e-04_bs8_drop0p4_temp1p0_a0p25_b0p05__wd1e-04trmiss0_degmodglobal,10,0.5726840240614754,0.6155909597873688,0.8666666666666667,0.9191718775052109,0.7142857142857143,0.0,0.6237081033842904,0.5316746277468545,0.090007056082998,0.3701526309762682,0.0,0.0,0.0,0.0,0.0,18473,global,0.0
5,1,lr1e-04_bs8_drop0p4_temp1p0_a0p25_b0p05__wd1e-04trmiss0_degmodglobal,8,0.0001,0.0001,0.4,1.0,0.25,0.05,lr1e-04_bs8_drop0p4_temp1p0_a0p25_b0p05__wd1e-04trmiss0_degmodglobal,11,0.567076427595956,0.6005455851554871,0.888888888888889,0.9282627865961202,0.7142857142857143,0.0,0.5899174383708409,0.5266493388584682,0.09478680150849479,0.33460773527622223,0.0,0.0,0.0,0.0,0.0,18473,global,0.0
5,1,lr1e-04_bs8_drop0p4_temp1p0_a0p25_b0p05__wd1e-04trmiss0_degmodglobal,8,0.0001,0.0001,0.4,1.0,0.25,0.05,lr1e-04_bs8_drop0p4_temp1p0_a0p25_b0p05__wd1e-04trmiss0_degmodglobal,12,0.5718931300299508,0.6114712059497833,0.8,0.8615961199294533,0.7142857142857143,0.0,0.6040207743644714,0.5322779927934919,0.09681243981633868,0.3082403540611267,0.0,0.0,0.0,0.0,0.0,18473,global,0.0
5,1,lr1e-04_bs8_drop0p4_temp1p0_a0p25_b0p05__wd1e-04trmiss0_degmodglobal,8,0.0001,0.0001,0.4,1.0,0.25,0.05,lr1e-04_bs8_drop0p4_temp1p0_a0p25_b0p05__wd1e-04trmiss0_degmodglobal,13,0.5695630865437644,0.6149755716323853,0.7777777777777778,0.8551858635191969,0.7142857142857143,0.0,0.6100337845938546,0.5308802596160344,0.08519436312573296,0.3476845366614206,0.0,0.0,0.0,0.0,0.0,18473,global,0.0
5,1,lr1e-04_bs8_drop0p4_temp1p0_a0p25_b0p05__wd1e-04trmiss0_degmodglobal,8,0.0001,0.0001,0.4,1.0,0.25,0.05,lr1e-04_bs8_drop0p4_temp1p0_a0p25_b0p05__wd1e-04trmiss0_degmodglobal,14,0.5691160474504743,0.6219637095928192,0.7555555555555555,0.7667027417027418,0.7142857142857143,0.0,0.6107106464249747,0.532370809997831,0.09016014209815434,0.2841041662863323,0.0,0.0,0.0,0.0,0.0,18473,global,0.0
5,1,lr1e-04_bs8_drop0p4_temp1p0_a0p25_b0p05__wd1e-04trmiss0_degmodglobal,8,0.0001,0.0001,0.4,1.0,0.25,0.05,lr1e-04_bs8_drop0p4_temp1p0_a0p25_b0p05__wd1e-04trmiss0_degmodglobal,15,0.5624310800007412,0.603027880191803,0.7777777777777777,0.8730870980870982,0.7142857142857143,0.0,0.6049335598945618,0.5267139545508793,0.09130241615431649,0.2578302557979311,0.0,0.0,0.0,0.0,0.0,18473,global,0.0
5,1,lr1e-04_bs8_drop0p4_temp1p0_a0p25_b0p05__wd1e-04trmiss0_degmodglobal,8,0.0001,0.0001,0.4,1.0,0.25,0.05,lr1e-04_bs8_drop0p4_temp1p0_a0p25_b0p05__wd1e-04trmiss0_degmodglobal,16,0.590578053678785,0.6193804144859314,0.7555555555555555,0.8114558281224948,0.7142857142857143,0.0,0.6001063585281372,0.5501055887767247,0.09681797879082817,0.3253592167581831,0.0,0.0,0.0,0.0,0.0,18473,global,0.0
5,1,lr1e-04_bs8_drop0p4_temp1p0_a0p25_b0p05__wd1e-04trmiss0_degmodglobal,8,0.0001,0.0001,0.4,1.0,0.25,0.05,lr1e-04_bs8_drop0p4_temp1p0_a0p25_b0p05__wd1e-04trmiss0_degmodglobal,17,0.5651851296424866,0.6260929107666016,0.7333333333333333,0.7591269841269842,0.7142857142857143,0.0,0.5892164792333331,0.5238641841070992,0.10510776617697307,0.30088012346199583,0.0,0.0,0.0,0.0,0.0,18473,global,0.0
5,1,lr1e-04_bs8_drop0p4_temp1p0_a0p25_b0p05__wd1e-04trmiss0_degmodglobal,8,0.0001,0.0001,0.4,1.0,0.25,0.05,lr1e-04_bs8_drop0p4_temp1p0_a0p25_b0p05__wd1e-04trmiss0_degmodglobal,18,0.5758146813937596,0.6064006388187408,0.7777777777777778,0.8643658810325479,0.7142857142857143,0.0,0.6261633208819798,0.5320804161684853,0.10182879758732659,0.3655412771872112,0.0,0.0,0.0,0.0,0.0,18473,global,0.0
5,1,lr1e-04_bs8_drop0p4_temp1p0_a0p25_b0p05__wd1e-04trmiss0_degmodglobal,8,0.0001,0.0001,0.4,1.0,0.25,0.05,lr1e-04_bs8_drop0p4_temp1p0_a0p25_b0p05__wd1e-04trmiss0_degmodglobal,19,0.5515694277627128,0.6273435056209564,0.711111111111111,0.8157848324514991,0.7142857142857143,0.0,0.5699916567121234,0.5160711237362453,0.09106139572603363,0.25465914021645275,0.0,0.0,0.0,0.0,0.0,18473,global,0.0
5,1,lr1e-04_bs8_drop0p4_temp1p0_a0p25_b0p05__wd1e-04trmiss0_degmodglobal,8,0.0001,0.0001,0.4,1.0,0.25,0.05,lr1e-04_bs8_drop0p4_temp1p0_a0p25_b0p05__wd1e-04trmiss0_degmodglobal,20,0.6024470329284668,0.6170374751091003,0.7333333333333333,0.8233605900272567,0.7142857142857143,0.0,0.6008696811539787,0.5708160698413849,0.07824672944843769,0.24138551311833517,0.0,0.0,0.0,0.0,0.0,18473,global,0.0
5,1,lr1e-04_bs8_drop0p4_temp1p0_a0p25_b0p05__wd1e-04trmiss0_degmodglobal,8,0.0001,0.0001,0.4,1.0,0.25,0.05,lr1e-04_bs8_drop0p4_temp1p0_a0p25_b0p05__wd1e-04trmiss0_degmodglobal,21,0.5603711179324559,0.6233012974262238,0.711111111111111,0.8287477954144622,0.7142857142857143,0.0,0.5749592866216388,0.5136433243751526,0.10828892993075508,0.3931112438440323,0.0,0.0,0.0,0.0,0.0,18473,global,0.0
5,1,lr1e-04_bs8_drop0p4_temp1p0_a0p25_b0p05__wd1e-04trmiss0_degmodglobal,8,0.0001,0.0001,0.4,1.0,0.25,0.05,lr1e-04_bs8_drop0p4_temp1p0_a0p25_b0p05__wd1e-04trmiss0_degmodglobal,22,0.5764111237866538,0.6361928582191467,0.6444444444444444,0.7472663139329807,0.7142857142857143,0.0,0.5969040223530361,0.5481011356626239,0.07388087468487876,0.1967952171606677,0.0,0.0,0.0,0.0,0.0,18473,global,0.0
5,1,lr1e-04_bs8_drop0p4_temp1p0_a0p25_b0p05__wd1e-04trmiss0_degmodglobal,8,0.0001,0.0001,0.4,1.0,0.25,0.05,lr1e-04_bs8_drop0p4_temp1p0_a0p25_b0p05__wd1e-04trmiss0_degmodglobal,23,0.5767017092023577,0.6307891309261322,0.6888888888888889,0.7918791085457753,0.7142857142857143,0.0,0.5663211175373623,0.543285642351423,0.08771735961948122,0.22973443142005376,0.0,0.0,0.0,0.0,0.0,18473,global,0.0
5,1,lr1e-04_bs8_drop0p4_temp1p0_a0p25_b0p05__wd1e-04trmiss0_degmodglobal,8,0.0001,0.0001,0.4,1.0,0.25,0.05,lr1e-04_bs8_drop0p4_temp1p0_a0p25_b0p05__wd1e-04trmiss0_degmodglobal,24,0.5809860399791172,0.6063065826892853,0.7999999999999999,0.8953093203093205,0.7142857142857143,0.0,0.5963101642472404,0.5492463282176426,0.07816024018185479,0.24399289808103017,0.0,0.0,0.0,0.0,0.0,18473,global,0.0
5,1,lr1e-04_bs8_drop0p4_temp1p0_a0p25_b0p05__wd1e-04trmiss0_degmodglobal,8,0.0001,0.0001,0.4,1.0,0.25,0.05,lr1e-04_bs8_drop0p4_temp1p0_a0p25_b0p05__wd1e-04trmiss0_degmodglobal,25,0.5386220216751099,0.6109545230865479,0.7999999999999999,0.8953093203093205,0.7142857142857143,0.0,0.5645080549376351,0.49513434512274607,0.10111752046006066,0.364166076694216,0.0,0.0,0.0,0.0,0.0,18473,global,0.0
5,1,lr1e-04_bs8_drop0p4_temp1p0_a0p25_b0p05__wd1e-04trmiss0_degmodglobal,8,0.0001,0.0001,0.4,1.0,0.25,0.05,lr1e-04_bs8_drop0p4_temp1p0_a0p25_b0p05__wd1e-04trmiss0_degmodglobal,26,0.5512461960315704,0.6101187765598297,0.8666666666666667,0.9191718775052109,0.7142857142857143,0.0,0.591234632900783,0.5193524445806231,0.08649374012436185,0.20540630498102733,0.0,0.0,0.0,0.0,0.0,18473,global,0.0
5,1,lr1e-04_bs8_drop0p4_temp1p0_a0p25_b0p05__wd1e-04trmiss0_degmodglobal,8,0.0001,0.0001,0.4,1.0,0.25,0.05,lr1e-04_bs8_drop0p4_temp1p0_a0p25_b0p05__wd1e-04trmiss0_degmodglobal,27,0.5732116103172302,0.6105112135410309,0.8444444444444444,0.8969496552829888,0.7142857142857143,0.0,0.5518906201635089,0.5382384615285056,0.08864385475005422,0.25624360676322666,0.0,0.0,0.0,0.0,0.0,18473,global,0.0
5,1,lr1e-04_bs8_drop0p4_temp1p0_a0p25_b0p05__wd1e-04trmiss0_degmodglobal,8,0.0001,0.0001,0.4,1.0,0.25,0.05,lr1e-04_bs8_drop0p4_temp1p0_a0p25_b0p05__wd1e-04trmiss0_degmodglobal,28,0.5607541799545288,0.6159436404705048,0.7555555555555555,0.8365881032547702,0.7142857142857143,0.0,0.5442440339497158,0.514122303043093,0.11021946796349116,0.3815400004386902,0.0,0.0,0.0,0.0,0.0,18473,global,0.0
5,1,lr1e-04_bs8_drop0p4_temp1p0_a0p25_b0p05__wd1e-04trmiss0_degmodglobal,8,0.0001,0.0001,0.4,1.0,0.25,0.05,lr1e-04_bs8_drop0p4_temp1p0_a0p25_b0p05__wd1e-04trmiss0_degmodglobal,29,0.5430495909282139,0.6227461695671082,0.6888888888888889,0.7715087381754049,0.7142857142857143,0.0,0.5668900523866925,0.5105036965438298,0.09019146380679947,0.19996084805045808,0.0,0.0,0.0,0.0,0.0,18473,global,0.0
5,1,lr1e-04_bs8_drop0p4_temp1p0_a0p25_b0p05__wd1e-04trmiss0_degmodglobal,8,0.0001,0.0001,0.4,1.0,0.25,0.05,lr1e-04_bs8_drop0p4_temp1p0_a0p25_b0p05__wd1e-04trmiss0_degmodglobal,30,0.526631589446749,0.6243573725223541,0.6888888888888889,0.7918791085457753,0.7142857142857143,0.0,0.5605131813458034,0.49286640116146635,0.08639339464051383,0.2433366732937949,0.0,0.0,0.0,0.0,0.0,18473,global,0.0
5,1,lr1e-04_bs8_drop0p4_temp1p0_a0p25_b0p05__wd1e-04trmiss0_degmodglobal,8,0.0001,0.0001,0.4,1.0,0.25,0.05,lr1e-04_bs8_drop0p4_temp1p0_a0p25_b0p05__wd1e-04trmiss0_degmodglobal,31,0.5366320482322148,0.6286334991455078,0.6888888888888889,0.7918791085457753,0.7142857142857143,0.0,0.5627097146851676,0.508791697876794,0.07440700275557381,0.18477188689368113,0.0,0.0,0.0,0.0,0.0,18473,global,0.0
5,1,lr1e-04_bs8_drop0p4_temp2p0_a0p25_b0p05__wd1e-04trmiss0_degmodglobal,8,0.0001,0.0001,0.4,2.0,0.25,0.05,lr1e-04_bs8_drop0p4_temp2p0_a0p25_b0p05__wd1e-04trmiss0_degmodglobal,1,0.7269098247800555,0.6971408128738403,0.6222222222222222,0.8308820808820809,0.6428571428571429,0.0,0.7660375578062875,0.703127247946603,0.052455414086580276,0.2133744518671717,0.0,0.0,0.0,0.0,0.0,18473,global,0.0
5,1,lr1e-04_bs8_drop0p4_temp2p0_a0p25_b0p05__wd1e-04trmiss0_degmodglobal,8,0.0001,0.0001,0.4,2.0,0.25,0.05,lr1e-04_bs8_drop0p4_temp2p0_a0p25_b0p05__wd1e-04trmiss0_degmodglobal,2,0.7363371593611581,0.6787613034248352,0.6888888888888889,0.8771783771783772,0.5714285714285714,0.0,0.7647168721471514,0.7140238625662667,0.05684300671730723,0.16205105504819325,0.0,0.0,0.0,0.0,0.0,18473,global,0.0
5,1,lr1e-04_bs8_drop0p4_temp2p0_a0p25_b0p05__wd1e-04trmiss0_degmodglobal,8,0.0001,0.0001,0.4,2.0,0.25,0.05,lr1e-04_bs8_drop0p4_temp2p0_a0p25_b0p05__wd1e-04trmiss0_degmodglobal,3,0.7253745453698295,0.6766328513622284,0.6888888888888889,0.8771783771783772,0.5714285714285714,0.0,0.7401449510029384,0.6942013587270465,0.07539232820272446,0.24650239518710546,0.0,0.0,0.0,0.0,0.0,18473,global,0.0
5,1,lr1e-04_bs8_drop0p4_temp2p0_a0p25_b0p05__wd1e-04trmiss0_degmodglobal,8,0.0001,0.0001,0.4,2.0,0.25,0.05,lr1e-04_bs8_drop0p4_temp2p0_a0p25_b0p05__wd1e-04trmiss0_degmodglobal,4,0.6794970716748919,0.670122504234314,0.7555555555555555,0.8954415954415955,0.5714285714285714,0.0,0.7078258906091962,0.6606668744768415,0.047371613660029004,0.13974596187472343,0.0,0.0,0.0,0.0,0.0,18473,global,0.0
5,1,lr1e-04_bs8_drop0p4_temp2p0_a0p25_b0p05__wd1e-04trmiss0_degmodglobal,8,0.0001,0.0001,0.4,2.0,0.25,0.05,lr1e-04_bs8_drop0p4_temp2p0_a0p25_b0p05__wd1e-04trmiss0_degmodglobal,5,0.6844448191779,0.6699844300746918,0.7111111111111111,0.8676638176638178,0.5714285714285714,0.0,0.7116578221321106,0.650437729699271,0.07995642402342387,0.2803594789334706,0.0,0.0,0.0,0.0,0.0,18473,global,0.0
5,1,lr1e-04_bs8_drop0p4_temp2p0_a0p25_b0p05__wd1e-04trmiss0_degmodglobal,8,0.0001,0.0001,0.4,2.0,0.25,0.05,lr1e-04_bs8_drop0p4_temp2p0_a0p25_b0p05__wd1e-04trmiss0_degmodglobal,6,0.6557226266179766,0.6616743505001068,0.7777777777777778,0.9021756021756022,0.5714285714285714,0.0,0.6687198281288147,0.6336717350142342,0.04953052955014365,0.19336551534278051,0.0,0.0,0.0,0.0,0.0,18473,global,0.0
5,1,lr1e-04_bs8_drop0p4_temp2p0_a0p25_b0p05__wd1e-04trmiss0_degmodglobal,8,0.0001,0.0001,0.4,2.0,0.25,0.05,lr1e-04_bs8_drop0p4_temp2p0_a0p25_b0p05__wd1e-04trmiss0_degmodglobal,7,0.667837108884539,0.6675587892532349,0.7333333333333334,0.8808080808080809,0.5714285714285714,0.0,0.6922499196869987,0.6410647971289498,0.06042323926729815,0.2333299879516874,0.0,0.0,0.0,0.0,0.0,18473,global,0.0
5,1,lr1e-04_bs8_drop0p4_temp2p0_a0p25_b0p05__wd1e-04trmiss0_degmodglobal,8,0.0001,0.0001,0.4,2.0,0.25,0.05,lr1e-04_bs8_drop0p4_temp2p0_a0p25_b0p05__wd1e-04trmiss0_degmodglobal,8,0.6739675658089774,0.6756696701049805,0.7333333333333334,0.8671075837742506,0.5714285714285714,0.0,0.6897679397038051,0.6400200043405805,0.07755063846707344,0.2911978172404425,0.0,0.0,0.0,0.0,0.0,18473,global,0.0
5,1,lr1e-04_bs8_drop0p4_temp2p0_a0p25_b0p05__wd1e-04trmiss0_degmodglobal,8,0.0001,0.0001,0.4,2.0,0.25,0.05,lr1e-04_bs8_drop0p4_temp2p0_a0p25_b0p05__wd1e-04trmiss0_degmodglobal,9,0.6580571702548436,0.6701918840408325,0.7555555555555555,0.8856261022927692,0.6428571428571429,0.0,0.6455398542540414,0.628535773072924,0.07657683614109244,0.20754350296088628,0.0,0.0,0.0,0.0,0.0,18473,global,0.0
5,1,lr1e-04_bs8_drop0p4_temp2p0_a0p25_b0p05__wd1e-04trmiss0_degmodglobal,8,0.0001,0.0001,0.4,2.0,0.25,0.05,lr1e-04_bs8_drop0p4_temp2p0_a0p25_b0p05__wd1e-04trmiss0_degmodglobal,10,0.695278925555093,0.6685810685157776,0.7555555555555555,0.8856261022927692,0.5714285714285714,0.0,0.6691612941878182,0.6577199442046029,0.08610115945339203,0.3206738999911717,0.0,0.0,0.0,0.0,0.0,18473,global,0.0
5,1,lr1e-04_bs8_drop0p4_temp2p0_a0p25_b0p05__wd1e-04trmiss0_degmodglobal,8,0.0001,0.0001,0.4,2.0,0.25,0.05,lr1e-04_bs8_drop0p4_temp2p0_a0p25_b0p05__wd1e-04trmiss0_degmodglobal,11,0.6605763605662754,0.6656854152679443,0.7777777777777778,0.897530864197531,0.7142857142857143,0.0,0.6240561434200832,0.6354181085314069,0.06106362944202764,0.1978468969464302,0.0,0.0,0.0,0.0,0.0,18473,global,0.0
5,1,lr1e-04_bs8_drop0p4_temp2p0_a0p25_b0p05__wd1e-04trmiss0_degmodglobal,8,0.0001,0.0001,0.4,2.0,0.25,0.05,lr1e-04_bs8_drop0p4_temp2p0_a0p25_b0p05__wd1e-04trmiss0_degmodglobal,12,0.6322812863758632,0.6634171605110168,0.8222222222222222,0.9138278388278389,0.7142857142857143,0.0,0.6378855832985469,0.6079106714044299,0.060897065858755796,0.1829268623675619,0.0,0.0,0.0,0.0,0.0,18473,global,0.0
5,1,lr1e-04_bs8_drop0p4_temp2p0_a0p25_b0p05__wd1e-04trmiss0_degmodglobal,8,0.0001,0.0001,0.4,2.0,0.25,0.05,lr1e-04_bs8_drop0p4_temp2p0_a0p25_b0p05__wd1e-04trmiss0_degmodglobal,13,0.6205951656614032,0.6778720617294312,0.8,0.9148860398860401,0.7857142857142857,0.0,0.6284032804625375,0.5918300236974444,0.0681646540760994,0.23447929109845841,0.0,0.0,0.0,0.0,0.0,18473,global,0.0
5,1,lr1e-04_bs8_drop0p4_temp2p0_a0p25_b0p05__wd1e-04trmiss0_degmodglobal,8,0.0001,0.0001,0.4,2.0,0.25,0.05,lr1e-04_bs8_drop0p4_temp2p0_a0p25_b0p05__wd1e-04trmiss0_degmodglobal,14,0.6178082823753357,0.6797570586204529,0.7111111111111111,0.8527777777777779,0.7142857142857143,0.0,0.6137204936572483,0.5958314197404044,0.04982990399003029,0.19038752785750798,0.0,0.0,0.0,0.0,0.0,18473,global,0.0
5,1,lr1e-04_bs8_drop0p4_temp2p0_a0p25_b0p05__wd1e-04trmiss0_degmodglobal,8,0.0001,0.0001,0.4,2.0,0.25,0.05,lr1e-04_bs8_drop0p4_temp2p0_a0p25_b0p05__wd1e-04trmiss0_degmodglobal,15,0.6386323996952602,0.6828543245792389,0.7111111111111111,0.8527777777777779,0.5,0.0,0.6347472497395107,0.617851027420589,0.05197634547948837,0.15574590329613006,0.0,0.0,0.0,0.0,0.0,18473,global,0.0
5,1,lr1e-04_bs8_drop0p4_temp2p0_a0p25_b0p05__wd1e-04trmiss0_degmodglobal,8,0.0001,0.0001,0.4,2.0,0.25,0.05,lr1e-04_bs8_drop0p4_temp2p0_a0p25_b0p05__wd1e-04trmiss0_degmodglobal,16,0.6207914778164455,0.6671859622001648,0.8222222222222222,0.928774928774929,0.7857142857142857,0.0,0.6048319595200675,0.5860574926648822,0.08607148033167634,0.264322036078998,0.0,0.0,0.0,0.0,0.0,18473,global,0.0
5,1,lr1e-04_bs8_drop0p4_temp2p0_a0p25_b0p05__wd1e-04trmiss0_degmodglobal,8,0.0001,0.0001,0.4,2.0,0.25,0.05,lr1e-04_bs8_drop0p4_temp2p0_a0p25_b0p05__wd1e-04trmiss0_degmodglobal,17,0.6413941553660801,0.6570849716663361,0.8222222222222222,0.928774928774929,0.7857142857142857,0.0,0.6117452893938337,0.601921158177512,0.09752212690987758,0.30184938119990484,0.0,0.0,0.0,0.0,0.0,18473,global,0.0
5,1,lr1e-04_bs8_drop0p4_temp2p0_a0p25_b0p05__wd1e-04trmiss0_degmodglobal,8,0.0001,0.0001,0.4,2.0,0.25,0.05,lr1e-04_bs8_drop0p4_temp2p0_a0p25_b0p05__wd1e-04trmiss0_degmodglobal,18,0.6247369987624032,0.6487542390823364,0.8666666666666667,0.9435897435897438,0.7857142857142857,0.0,0.6103385772023883,0.5915769679205758,0.07979369961789676,0.2642317925180708,0.0,0.0,0.0,0.0,0.0,18473,global,0.0
5,1,lr1e-04_bs8_drop0p4_temp2p0_a0p25_b0p05__wd1e-04trmiss0_degmodglobal,8,0.0001,0.0001,0.4,2.0,0.25,0.05,lr1e-04_bs8_drop0p4_temp2p0_a0p25_b0p05__wd1e-04trmiss0_degmodglobal,19,0.6156813928059169,0.6547991037368774,0.8222222222222222,0.9242063492063493,0.7857142857142857,0.0,0.6006137473242623,0.5899253487586975,0.06122525302427156,0.20899453439882823,0.0,0.0,0.0,0.0,0.0,18473,global,0.0
5,1,lr1e-04_bs8_drop0p4_temp2p0_a0p25_b0p05__wd1e-04trmiss0_degmodglobal,8,0.0001,0.0001,0.4,2.0,0.25,0.05,lr1e-04_bs8_drop0p4_temp2p0_a0p25_b0p05__wd1e-04trmiss0_degmodglobal,20,0.647445525441851,0.6541754007339478,0.8222222222222222,0.9300144300144302,0.7857142857142857,0.0,0.624527360711779,0.6035743015153068,0.10107166320085526,0.3720664935452597,0.0,0.0,0.0,0.0,0.0,18473,global,0.0
5,1,lr1e-04_bs8_drop0p4_temp2p0_a0p25_b0p05__wd1e-04trmiss0_degmodglobal,8,0.0001,0.0001,0.4,2.0,0.25,0.05,lr1e-04_bs8_drop0p4_temp2p0_a0p25_b0p05__wd1e-04trmiss0_degmodglobal,21,0.6158892852919442,0.6497183442115784,0.8444444444444444,0.9380952380952383,0.7857142857142857,0.0,0.5957829696791512,0.5871291245732989,0.06607189827731677,0.24484393639223917,0.0,0.0,0.0,0.0,0.0,18473,global,0.0
5,1,lr1e-04_bs8_drop0p4_temp2p0_a0p25_b0p05__wd1e-04trmiss0_degmodglobal,8,0.0001,0.0001,0.4,2.0,0.25,0.05,lr1e-04_bs8_drop0p4_temp2p0_a0p25_b0p05__wd1e-04trmiss0_degmodglobal,22,0.6189082946096148,0.6451639235019684,0.8666666666666667,0.9479717813051147,0.7857142857142857,0.0,0.6244196891784668,0.594086834362575,0.05613869960818972,0.21573567603315627,0.0,0.0,0.0,0.0,0.0,18473,global,0.0
5,1,lr1e-04_bs8_drop0p4_temp2p0_a0p25_b0p05__wd1e-04trmiss0_degmodglobal,8,0.0001,0.0001,0.4,2.0,0.25,0.05,lr1e-04_bs8_drop0p4_temp2p0_a0p25_b0p05__wd1e-04trmiss0_degmodglobal,23,0.6464927962848118,0.6651982069015503,0.8222222222222222,0.928774928774929,0.8571428571428571,0.0,0.6009875450815473,0.6021365012441363,0.10675697534212045,0.3533408333148275,0.0,0.0,0.0,0.0,0.0,18473,global,0.0
5,1,lr1e-04_bs8_drop0p4_temp2p0_a0p25_b0p05__wd1e-04trmiss0_degmodglobal,8,0.0001,0.0001,0.4,2.0,0.25,0.05,lr1e-04_bs8_drop0p4_temp2p0_a0p25_b0p05__wd1e-04trmiss0_degmodglobal,24,0.6088496106011527,0.6382525265216827,0.8888888888888888,0.9603174603174605,0.8571428571428571,0.0,0.6087676882743835,0.5775203449385506,0.07510014144437653,0.2510845384427479,0.0,0.0,0.0,0.0,0.0,18473,global,0.0
5,1,lr1e-04_bs8_drop0p4_temp2p0_a0p25_b0p05__wd1e-04trmiss0_degmodglobal,8,0.0001,0.0001,0.4,2.0,0.25,0.05,lr1e-04_bs8_drop0p4_temp2p0_a0p25_b0p05__wd1e-04trmiss0_degmodglobal,25,0.621062138250896,0.6510423123836517,0.888888888888889,0.9534662867996202,0.7857142857142857,0.0,0.5763812746320452,0.5892083133969989,0.08082989816154752,0.23292683916432516,0.0,0.0,0.0,0.0,0.0,18473,global,0.0
5,1,lr1e-04_bs8_drop0p4_temp2p0_a0p25_b0p05__wd1e-04trmiss0_degmodglobal,8,0.0001,0.0001,0.4,2.0,0.25,0.05,lr1e-04_bs8_drop0p4_temp2p0_a0p25_b0p05__wd1e-04trmiss0_degmodglobal,26,0.6356052330562046,0.6321725249290466,0.9111111111111111,0.9658119658119659,0.8571428571428571,0.0,0.5569458092961993,0.5853868297168187,0.12038614574287619,0.40243762359023094,0.0,0.0,0.0,0.0,0.0,18473,global,0.0
5,1,lr1e-04_bs8_drop0p4_temp2p0_a0p25_b0p05__wd1e-04trmiss0_degmodglobal,8,0.0001,0.0001,0.4,2.0,0.25,0.05,lr1e-04_bs8_drop0p4_temp2p0_a0p25_b0p05__wd1e-04trmiss0_degmodglobal,27,0.6154934849057879,0.6337591409683228,0.888888888888889,0.9534662867996202,0.7857142857142857,0.0,0.565559561763491,0.5843991892678397,0.07316937803157739,0.2560394065720694,0.0,0.0,0.0,0.0,0.0,18473,global,0.0
5,1,lr1e-04_bs8_drop0p4_temp2p0_a0p25_b0p05__wd1e-04trmiss0_degmodglobal,8,0.0001,0.0001,0.4,2.0,0.25,0.05,lr1e-04_bs8_drop0p4_temp2p0_a0p25_b0p05__wd1e-04trmiss0_degmodglobal,28,0.6033247709274292,0.6311505138874054,0.888888888888889,0.9534662867996202,0.8571428571428571,0.0,0.5741976244109017,0.5689657756260463,0.08034373819828033,0.28546108837638584,0.0,0.0,0.0,0.0,0.0,18473,global,0.0
5,1,lr1e-04_bs8_drop0p4_temp2p0_a0p25_b0p05__wd1e-04trmiss0_degmodglobal,8,0.0001,0.0001,0.4,2.0,0.25,0.05,lr1e-04_bs8_drop0p4_temp2p0_a0p25_b0p05__wd1e-04trmiss0_degmodglobal,29,0.5910178082329887,0.6341091096401215,0.888888888888889,0.9534662867996202,0.8571428571428571,0.0,0.5781244380133492,0.5590367232050214,0.07477736898830958,0.2657350929720061,0.0,0.0,0.0,0.0,0.0,18473,global,0.0
5,1,lr1e-04_bs8_drop0p4_temp2p0_a0p25_b0p05__wd1e-04trmiss0_degmodglobal,8,0.0001,0.0001,0.4,2.0,0.25,0.05,lr1e-04_bs8_drop0p4_temp2p0_a0p25_b0p05__wd1e-04trmiss0_degmodglobal,30,0.6210287639072963,0.6295416951179504,0.888888888888889,0.9534662867996202,0.8571428571428571,0.0,0.6112085325377328,0.5852305207933698,0.08733247220516205,0.2793021010501044,0.0,0.0,0.0,0.0,0.0,18473,global,0.0
5,1,lr1e-04_bs8_drop0p4_temp2p0_a0p25_b0p05__wd1e-04trmiss0_degmodglobal,8,0.0001,0.0001,0.4,2.0,0.25,0.05,lr1e-04_bs8_drop0p4_temp2p0_a0p25_b0p05__wd1e-04trmiss0_degmodglobal,31,0.6028852547918048,0.6394132375717163,0.9111111111111111,0.9575757575757577,0.8571428571428571,0.0,0.544654199055263,0.5559394955635071,0.12056946860892433,0.33606783194201334,0.0,0.0,0.0,0.0,0.0,18473,global,0.0
5,1,lr1e-04_bs8_drop0p4_temp2p0_a0p25_b0p05__wd1e-04trmiss0_degmodglobal,8,0.0001,0.0001,0.4,2.0,0.25,0.05,lr1e-04_bs8_drop0p4_temp2p0_a0p25_b0p05__wd1e-04trmiss0_degmodglobal,32,0.5897870574678693,0.6364685893058777,0.8666666666666667,0.9435897435897438,0.8571428571428571,0.0,0.5495353724275317,0.5613218375614711,0.07198083453944751,0.2094003494296755,0.0,0.0,0.0,0.0,0.0,18473,global,0.0
5,1,lr1e-04_bs8_drop0p4_temp2p0_a0p25_b0p05__wd1e-04trmiss0_degmodglobal,8,0.0001,0.0001,0.4,2.0,0.25,0.05,lr1e-04_bs8_drop0p4_temp2p0_a0p25_b0p05__wd1e-04trmiss0_degmodglobal,33,0.6324735539300101,0.6386390328407288,0.8888888888888888,0.9500000000000002,0.8571428571428571,0.0,0.5611606666019985,0.5834585853985378,0.1250657652105604,0.3549705743789673,0.0,0.0,0.0,0.0,0.0,18473,global,0.0
5,1,lr1e-04_bs8_drop0p4_temp2p0_a0p25_b0p05__wd1e-04trmiss0_degmodglobal,8,0.0001,0.0001,0.4,2.0,0.25,0.05,lr1e-04_bs8_drop0p4_temp2p0_a0p25_b0p05__wd1e-04trmiss0_degmodglobal,34,0.5949820024626595,0.642982006072998,0.8888888888888888,0.9500000000000002,0.8571428571428571,0.0,0.5499731983457293,0.556629593883242,0.10366954335144588,0.24870074540376663,0.0,0.0,0.0,0.0,0.0,18473,global,0.0
5,1,lr1e-04_bs8_drop0p4_temp2p0_a0p25_b0p05__wd1e-04trmiss0_degmodglobal,8,0.0001,0.0001,0.4,2.0,0.25,0.05,lr1e-04_bs8_drop0p4_temp2p0_a0p25_b0p05__wd1e-04trmiss0_degmodglobal,35,0.6286613941192627,0.6421201527118683,0.8666666666666667,0.9479717813051147,0.8571428571428571,0.0,0.594063035079411,0.590910519872393,0.09597111067601613,0.2751615600926535,0.0,0.0,0.0,0.0,0.0,18473,global,0.0
5,1,lr1e-04_bs8_drop0p4_temp2p0_a0p25_b0p05__wd1e-04trmiss0_degmodglobal,8,0.0001,0.0001,0.4,2.0,0.25,0.05,lr1e-04_bs8_drop0p4_temp2p0_a0p25_b0p05__wd1e-04trmiss0_degmodglobal,36,0.5905156816755023,0.6358640193939209,0.888888888888889,0.9534662867996202,0.8571428571428571,0.0,0.5485830477305821,0.5614558628627232,0.07448744614209447,0.20875930307166918,0.0,0.0,0.0,0.0,0.0,18473,global,0.0
5,1,lr1e-04_bs8_drop0p4_temp2p0_a0p25_b0p05__wd1e-04trmiss0_degmodglobal,8,0.0001,0.0001,0.4,2.0,0.25,0.05,lr1e-04_bs8_drop0p4_temp2p0_a0p25_b0p05__wd1e-04trmiss0_degmodglobal,37,0.6273750747953143,0.6251874268054962,0.8888888888888888,0.9603174603174605,0.8571428571428571,0.0,0.5261764526367188,0.5681995323726109,0.15136970579624176,0.4266624908362116,0.0,0.0,0.0,0.0,0.0,18473,global,0.0
5,1,lr1e-04_bs8_drop0p4_temp2p0_a0p25_b0p05__wd1e-04trmiss0_degmodglobal,8,0.0001,0.0001,0.4,2.0,0.25,0.05,lr1e-04_bs8_drop0p4_temp2p0_a0p25_b0p05__wd1e-04trmiss0_degmodglobal,38,0.6096316746303013,0.6206645667552948,0.9111111111111111,0.9658119658119659,0.8571428571428571,0.0,0.5538808362824577,0.5709665502820697,0.09212535779391016,0.3126755239708083,0.0,0.0,0.0,0.0,0.0,18473,global,0.0
5,1,lr1e-04_bs8_drop0p4_temp2p0_a0p25_b0p05__wd1e-04trmiss0_degmodglobal,8,0.0001,0.0001,0.4,2.0,0.25,0.05,lr1e-04_bs8_drop0p4_temp2p0_a0p25_b0p05__wd1e-04trmiss0_degmodglobal,39,0.5966904333659581,0.6325616240501404,0.8666666666666667,0.9435897435897438,0.8571428571428571,0.0,0.5551144565854754,0.5536750895636422,0.10643071095858302,0.3281532824039459,0.0,0.0,0.0,0.0,0.0,18473,global,0.0
5,1,lr1e-04_bs8_drop0p4_temp2p0_a0p25_b0p05__wd1e-04trmiss0_degmodglobal,8,0.0001,0.0001,0.4,2.0,0.25,0.05,lr1e-04_bs8_drop0p4_temp2p0_a0p25_b0p05__wd1e-04trmiss0_degmodglobal,40,0.5963926145008632,0.624756932258606,0.8666666666666667,0.9435897435897438,0.8571428571428571,0.0,0.5641227790287563,0.5536353417805263,0.10526420601776668,0.3288242816925049,0.0,0.0,0.0,0.0,0.0,18473,global,0.0
5,1,lr1e-04_bs8_drop0p4_temp2p0_a0p25_b0p05__wd1e-04trmiss0_degmodglobal,8,0.0001,0.0001,0.4,2.0,0.25,0.05,lr1e-04_bs8_drop0p4_temp2p0_a0p25_b0p05__wd1e-04trmiss0_degmodglobal,41,0.5660982217107501,0.6220663189888,0.8666666666666667,0.9479717813051147,0.7857142857142857,0.0,0.5391654542514256,0.526259183883667,0.10723751011703696,0.26059289116944584,0.0,0.0,0.0,0.0,0.0,18473,global,0.0
5,1,lr1e-04_bs8_drop0p4_temp2p0_a0p25_b0p05__wd1e-04trmiss0_degmodglobal,8,0.0001,0.0001,0.4,2.0,0.25,0.05,lr1e-04_bs8_drop0p4_temp2p0_a0p25_b0p05__wd1e-04trmiss0_degmodglobal,42,0.629710282598223,0.6378363072872162,0.8888888888888888,0.9603174603174605,0.8571428571428571,0.0,0.5987347066402435,0.5974265762737819,0.08041838450091225,0.24358211244855607,0.0,0.0,0.0,0.0,0.0,18473,global,0.0
5,1,lr1e-04_bs8_drop0p4_temp2p0_a0p25_b0p05__wd1e-04trmiss0_degmodglobal,8,0.0001,0.0001,0.4,2.0,0.25,0.05,lr1e-04_bs8_drop0p4_temp2p0_a0p25_b0p05__wd1e-04trmiss0_degmodglobal,43,0.5949131165231977,0.6369883120059967,0.8888888888888888,0.9603174603174605,0.9285714285714286,0.0,0.5329643743378776,0.5439359034810748,0.12497809422867638,0.3946540206670761,0.0,0.0,0.0,0.0,0.0,18473,global,0.0
5,1,lr1e-04_bs8_drop0p4_temp2p0_a0p25_b0p05__wd1e-04trmiss0_degmodglobal,8,0.0001,0.0001,0.4,2.0,0.25,0.05,lr1e-04_bs8_drop0p4_temp2p0_a0p25_b0p05__wd1e-04trmiss0_degmodglobal,44,0.6000617912837437,0.6400803625583649,0.8888888888888888,0.9603174603174605,0.8571428571428571,0.0,0.5684414378234318,0.5758859685489109,0.05883060821465084,0.1893635280430317,0.0,0.0,0.0,0.0,0.0,18473,global,0.0
5,1,lr1e-04_bs8_drop0p4_temp2p0_a0p25_b0p05__wd1e-04trmiss0_degmodglobal,8,0.0001,0.0001,0.4,2.0,0.25,0.05,lr1e-04_bs8_drop0p4_temp2p0_a0p25_b0p05__wd1e-04trmiss0_degmodglobal,45,0.5873150740350995,0.6461871862411499,0.8666666666666667,0.9479717813051147,0.8571428571428571,0.0,0.5181788674422673,0.534587596143995,0.1326583049127034,0.39125808221953257,0.0,0.0,0.0,0.0,0.0,18473,global,0.0
5,1,lr1e-04_bs8_drop0p4_temp2p0_a0p25_b0p05__wd1e-04trmiss0_degmodglobal,8,0.0001,0.0001,0.4,2.0,0.25,0.05,lr1e-04_bs8_drop0p4_temp2p0_a0p25_b0p05__wd1e-04trmiss0_degmodglobal,46,0.5929986834526062,0.650424063205719,0.8444444444444444,0.9380952380952383,0.8571428571428571,0.0,0.532344000680106,0.5451337099075317,0.12434868088790349,0.33555597758718897,0.0,0.0,0.0,0.0,0.0,18473,global,0.0
5,1,lr1e-04_bs8_drop0p4_temp2p0_a0p25_b0p05__wd1e-04trmiss0_degmodglobal,8,0.0001,0.0001,0.4,2.0,0.25,0.05,lr1e-04_bs8_drop0p4_temp2p0_a0p25_b0p05__wd1e-04trmiss0_degmodglobal,47,0.6150191341127668,0.6426573097705841,0.8666666666666667,0.9479717813051147,0.7857142857142857,0.0,0.5570710727146694,0.5735813421862466,0.11098672556025642,0.27382234803267885,0.0,0.0,0.0,0.0,0.0,18473,global,0.0
5,1,lr1e-04_bs8_drop0p4_temp2p0_a0p25_b0p05__wd1e-04trmiss0_degmodglobal,8,0.0001,0.0001,0.4,2.0,0.25,0.05,lr1e-04_bs8_drop0p4_temp2p0_a0p25_b0p05__wd1e-04trmiss0_degmodglobal,48,0.6019119109426226,0.6288846135139465,0.8888888888888888,0.9603174603174605,0.8571428571428571,0.0,0.5275944599083492,0.5492094712597984,0.13616505478109633,0.37322365811892916,0.0,0.0,0.0,0.0,0.0,18473,global,0.0
5,1,lr1e-04_bs8_drop0p4_temp2p0_a0p25_b0p05__wd1e-04trmiss0_degmodglobal,8,0.0001,0.0001,0.4,2.0,0.25,0.05,lr1e-04_bs8_drop0p4_temp2p0_a0p25_b0p05__wd1e-04trmiss0_degmodglobal,49,0.5737455572400775,0.6261072158813477,0.8888888888888888,0.9603174603174605,0.8571428571428571,0.0,0.5136986161981311,0.5387898513248989,0.08960140336837087,0.2511068561247417,0.0,0.0,0.0,0.0,0.0,18473,global,0.0
5,1,lr1e-04_bs8_drop0p4_temp2p0_a0p25_b0p05__wd1e-04trmiss0_degmodglobal,8,0.0001,0.0001,0.4,2.0,0.25,0.05,lr1e-04_bs8_drop0p4_temp2p0_a0p25_b0p05__wd1e-04trmiss0_degmodglobal,50,0.5899065903254918,0.6257982850074768,0.8888888888888888,0.9603174603174605,0.8571428571428571,0.0,0.5311187079974583,0.5427089503833226,0.11741672562701362,0.35686925798654556,0.0,0.0,0.0,0.0,0.0,18473,global,0.0
5,1,lr1e-04_bs8_drop0p4_temp2p0_a0p25_b0p05__wd1e-04trmiss0_degmodglobal,8,0.0001,0.0001,0.4,2.0,0.25,0.05,lr1e-04_bs8_drop0p4_temp2p0_a0p25_b0p05__wd1e-04trmiss0_degmodglobal,51,0.587188686643328,0.6282669901847839,0.8666666666666667,0.9479717813051147,0.8571428571428571,0.0,0.5306548050471714,0.5546816374574389,0.0818193049303123,0.24104464266981399,0.0,0.0,0.0,0.0,0.0,18473,global,0.0
5,1,lr1e-04_bs8_drop0p4_temp2p0_a0p25_b0p05__wd1e-04trmiss0_degmodglobal,8,0.0001,0.0001,0.4,2.0,0.25,0.05,lr1e-04_bs8_drop0p4_temp2p0_a0p25_b0p05__wd1e-04trmiss0_degmodglobal,52,0.5943690197808402,0.6280657649040222,0.8888888888888888,0.9603174603174605,0.8571428571428571,0.0,0.5591918442930494,0.5603962370327541,0.08365952143711704,0.26115788599210127,0.0,0.0,0.0,0.0,0.0,18473,global,0.0
5,1,lr1e-04_bs8_drop0p4_temp2p0_a0p25_b0p05__wd1e-04trmiss0_degmodglobal,8,0.0001,0.0001,0.4,2.0,0.25,0.05,lr1e-04_bs8_drop0p4_temp2p0_a0p25_b0p05__wd1e-04trmiss0_degmodglobal,53,0.5520257226058415,0.6254585981369019,0.8888888888888888,0.9603174603174605,0.8571428571428571,0.0,0.5142003340380532,0.5145342988627297,0.0982372702232429,0.25864213705062866,0.0,0.0,0.0,0.0,0.0,18473,global,0.0
5,1,lr1e-04_bs8_drop0p4_temp2p0_a0p25_b0p05__wd1e-04trmiss0_degmodglobal,8,0.0001,0.0001,0.4,2.0,0.25,0.05,lr1e-04_bs8_drop0p4_temp2p0_a0p25_b0p05__wd1e-04trmiss0_degmodglobal,54,0.6271229045731681,0.6263513267040253,0.8888888888888888,0.9603174603174605,0.8571428571428571,0.0,0.5357029225145068,0.5634151867457798,0.15827023064983742,0.482803326100111,0.0,0.0,0.0,0.0,0.0,18473,global,0.0
5,1,lr1e-04_bs8_drop0p4_temp2p0_a0p25_b0p05__wd1e-04trmiss0_degmodglobal,8,0.0001,0.0001,0.4,2.0,0.25,0.05,lr1e-04_bs8_drop0p4_temp2p0_a0p25_b0p05__wd1e-04trmiss0_degmodglobal,55,0.6083274739129203,0.6295464932918549,0.8888888888888888,0.9603174603174605,0.8571428571428571,0.0,0.5623022062437875,0.5809820209230695,0.07785811009151596,0.15761855776820863,0.0,0.0,0.0,0.0,0.0,18473,global,0.0
5,1,lr1e-04_bs8_drop0p4_temp2p0_a0p25_b0p05__wd1e-04trmiss0_degmodglobal,8,0.0001,0.0001,0.4,2.0,0.25,0.05,lr1e-04_bs8_drop0p4_temp2p0_a0p25_b0p05__wd1e-04trmiss0_degmodglobal,56,0.5838806288582938,0.6265244483947754,0.8888888888888888,0.9603174603174605,0.8571428571428571,0.0,0.5164682354245868,0.5425604837281364,0.10543188346283776,0.2992437013557979,0.0,0.0,0.0,0.0,0.0,18473,global,0.0
5,1,lr1e-04_bs8_drop0p4_temp2p0_a0p25_b0p05__wd1e-04trmiss0_degmodglobal,8,0.0001,0.0001,0.4,2.0,0.25,0.05,lr1e-04_bs8_drop0p4_temp2p0_a0p25_b0p05__wd1e-04trmiss0_degmodglobal,57,0.5953465146677834,0.623872697353363,0.8888888888888888,0.9603174603174605,0.8571428571428571,0.0,0.5257451321397509,0.5597839227744511,0.09601232728787831,0.23119042068719864,0.0,0.0,0.0,0.0,0.0,18473,global,0.0
5,1,lr1e-04_bs8_drop0p4_temp2p0_a0p25_b0p05__wd1e-04trmiss0_degmodglobal,8,0.0001,0.0001,0.4,2.0,0.25,0.05,lr1e-04_bs8_drop0p4_temp2p0_a0p25_b0p05__wd1e-04trmiss0_degmodglobal,58,0.5859270180974688,0.6194421947002411,0.8888888888888888,0.9603174603174605,0.9285714285714286,0.0,0.5189969752516065,0.5363744071551731,0.12811546879155294,0.35047502017446924,0.0,0.0,0.0,0.0,0.0,18473,global,0.0
5,1,lr5e-05_bs8_drop0p2_temp1p0_a0p25_b0p05__wd1e-04trmiss0_degmodglobal,8,5e-05,0.0001,0.2,1.0,0.25,0.05,lr5e-05_bs8_drop0p2_temp1p0_a0p25_b0p05__wd1e-04trmiss0_degmodglobal,1,0.7260887622833252,0.6691798567771912,0.8,0.9030253696920365,0.7142857142857143,0.0,0.7113174455506461,0.7068683845656258,0.04962076299956867,0.1363036297261715,0.0,0.0,0.0,0.0,0.0,18473,global,0.0
5,1,lr5e-05_bs8_drop0p2_temp1p0_a0p25_b0p05__wd1e-04trmiss0_degmodglobal,8,5e-05,0.0001,0.2,1.0,0.25,0.05,lr5e-05_bs8_drop0p2_temp1p0_a0p25_b0p05__wd1e-04trmiss0_degmodglobal,2,0.7158020990235465,0.6655012369155884,0.8,0.9030253696920365,0.7142857142857143,0.0,0.7033437490463257,0.7015730738639832,0.037338205480149815,0.09788933023810387,0.0,0.0,0.0,0.0,0.0,18473,global,0.0
5,1,lr5e-05_bs8_drop0p2_temp1p0_a0p25_b0p05__wd1e-04trmiss0_degmodglobal,8,5e-05,0.0001,0.2,1.0,0.25,0.05,lr5e-05_bs8_drop0p2_temp1p0_a0p25_b0p05__wd1e-04trmiss0_degmodglobal,3,0.6981387649263654,0.6672158241271973,0.7777777777777778,0.8949445616112284,0.6428571428571429,0.0,0.6944968104362488,0.6838788305010114,0.041653894420181005,0.07692918394293104,0.0,0.0,0.0,0.0,0.0,18473,global,0.0
5,1,lr5e-05_bs8_drop0p2_temp1p0_a0p25_b0p05__wd1e-04trmiss0_degmodglobal,8,5e-05,0.0001,0.2,1.0,0.25,0.05,lr5e-05_bs8_drop0p2_temp1p0_a0p25_b0p05__wd1e-04trmiss0_degmodglobal,4,0.6918232951845441,0.6697669327259064,0.7333333333333333,0.8763057929724598,0.6428571428571429,0.0,0.6670231393405369,0.6793107731001717,0.033996153356773515,0.08026971162429877,0.0,0.0,0.0,0.0,0.0,18473,global,0.0
5,1,lr5e-05_bs8_drop0p2_temp1p0_a0p25_b0p05__wd1e-04trmiss0_degmodglobal,8,5e-05,0.0001,0.2,1.0,0.25,0.05,lr5e-05_bs8_drop0p2_temp1p0_a0p25_b0p05__wd1e-04trmiss0_degmodglobal,5,0.6950082012585231,0.6731853783130646,0.7111111111111111,0.8676638176638178,0.7142857142857143,0.0,0.6605264714785984,0.6803662606648037,0.03870185970195702,0.09932979089873177,0.0,0.0,0.0,0.0,0.0,18473,global,0.0
5,1,lr5e-05_bs8_drop0p2_temp1p0_a0p25_b0p05__wd1e-04trmiss0_degmodglobal,8,5e-05,0.0001,0.2,1.0,0.25,0.05,lr5e-05_bs8_drop0p2_temp1p0_a0p25_b0p05__wd1e-04trmiss0_degmodglobal,6,0.682020766394479,0.6725927293300629,0.7333333333333333,0.8763057929724598,0.7142857142857143,0.0,0.6361862931932721,0.6688152211053031,0.037706454151443074,0.07557854694979531,0.0,0.0,0.0,0.0,0.0,18473,global,0.0
5,1,lr5e-05_bs8_drop0p2_temp1p0_a0p25_b0p05__wd1e-04trmiss0_degmodglobal,8,5e-05,0.0001,0.2,1.0,0.25,0.05,lr5e-05_bs8_drop0p2_temp1p0_a0p25_b0p05__wd1e-04trmiss0_degmodglobal,7,0.6772615654127938,0.6677587628364563,0.7777777777777778,0.8894500561167229,0.6428571428571429,0.0,0.6402180961200169,0.6665963019643512,0.030616876536181996,0.060221213581306596,0.0,0.0,0.0,0.0,0.0,18473,global,0.0
5,1,lr5e-05_bs8_drop0p2_temp1p0_a0p25_b0p05__wd1e-04trmiss0_degmodglobal,8,5e-05,0.0001,0.2,1.0,0.25,0.05,lr5e-05_bs8_drop0p2_temp1p0_a0p25_b0p05__wd1e-04trmiss0_degmodglobal,8,0.6609221356255668,0.6666117310523987,0.7777777777777778,0.8894500561167229,0.7142857142857143,0.0,0.6179553951535907,0.6442013468061175,0.04551812367779868,0.10682545495884758,0.0,0.0,0.0,0.0,0.0,18473,global,0.0
5,1,lr5e-05_bs8_drop0p2_temp1p0_a0p25_b0p05__wd1e-04trmiss0_degmodglobal,8,5e-05,0.0001,0.2,1.0,0.25,0.05,lr5e-05_bs8_drop0p2_temp1p0_a0p25_b0p05__wd1e-04trmiss0_degmodglobal,9,0.6623412370681763,0.6774755716323853,0.6888888888888889,0.8584045584045585,0.6428571428571429,0.0,0.615090685231345,0.6414069788796561,0.06044483184814453,0.11646114236542157,0.0,0.0,0.0,0.0,0.0,18473,global,0.0
5,1,lr5e-05_bs8_drop0p2_temp1p0_a0p25_b0p05__wd1e-04trmiss0_degmodglobal,8,5e-05,0.0001,0.2,1.0,0.25,0.05,lr5e-05_bs8_drop0p2_temp1p0_a0p25_b0p05__wd1e-04trmiss0_degmodglobal,10,0.6561703426497323,0.6717381179332733,0.7555555555555555,0.8830397997064665,0.7142857142857143,0.0,0.6037602254322597,0.6348345449992588,0.057738051882811954,0.1380256318620273,0.0,0.0,0.0,0.0,0.0,18473,global,0.0
5,1,lr5e-05_bs8_drop0p2_temp1p0_a0p25_b0p05__wd1e-04trmiss0_degmodglobal,8,5e-05,0.0001,0.2,1.0,0.25,0.05,lr5e-05_bs8_drop0p2_temp1p0_a0p25_b0p05__wd1e-04trmiss0_degmodglobal,11,0.6608387061527797,0.6648752689361572,0.7777777777777778,0.8911206077872746,0.7142857142857143,0.0,0.5931111574172974,0.6409796476364136,0.05190805159509182,0.13764094242027827,0.0,0.0,0.0,0.0,0.0,18473,global,0.0
5,1,lr5e-05_bs8_drop0p2_temp1p0_a0p25_b0p05__wd1e-04trmiss0_degmodglobal,8,5e-05,0.0001,0.2,1.0,0.25,0.05,lr5e-05_bs8_drop0p2_temp1p0_a0p25_b0p05__wd1e-04trmiss0_degmodglobal,12,0.6406253235680717,0.6620857119560242,0.8,0.897530864197531,0.7142857142857143,0.0,0.5986457211630685,0.624668572630201,0.045054687719259946,0.09386164881289005,0.0,0.0,0.0,0.0,0.0,18473,global,0.0
5,1,lr5e-05_bs8_drop0p2_temp1p0_a0p25_b0p05__wd1e-04trmiss0_degmodglobal,8,5e-05,0.0001,0.2,1.0,0.25,0.05,lr5e-05_bs8_drop0p2_temp1p0_a0p25_b0p05__wd1e-04trmiss0_degmodglobal,13,0.6357232076781136,0.6496675312519073,0.8666666666666667,0.9328843995510663,0.7142857142857143,0.0,0.6110825708934239,0.6206707613808768,0.04252595055316176,0.08841935146067824,0.0,0.0,0.0,0.0,0.0,18473,global,0.0
5,1,lr5e-05_bs8_drop0p2_temp1p0_a0p25_b0p05__wd1e-04trmiss0_degmodglobal,8,5e-05,0.0001,0.2,1.0,0.25,0.05,lr5e-05_bs8_drop0p2_temp1p0_a0p25_b0p05__wd1e-04trmiss0_degmodglobal,14,0.6621149693216596,0.6584455966949463,0.8444444444444444,0.9170113836780505,0.7142857142857143,0.0,0.5790535722460065,0.6396704997335162,0.06431520677038602,0.12731315408434188,0.0,0.0,0.0,0.0,0.0,18473,global,0.0
5,1,lr5e-05_bs8_drop0p2_temp1p0_a0p25_b0p05__wd1e-04trmiss0_degmodglobal,8,5e-05,0.0001,0.2,1.0,0.25,0.05,lr5e-05_bs8_drop0p2_temp1p0_a0p25_b0p05__wd1e-04trmiss0_degmodglobal,15,0.6582733477864947,0.6664271354675293,0.7777777777777778,0.8894500561167229,0.7142857142857143,0.0,0.5945995535169329,0.6412326778684344,0.04665051134569304,0.10756064898201398,0.0,0.0,0.0,0.0,0.0,18473,global,0.0
5,1,lr5e-05_bs8_drop0p2_temp1p0_a0p25_b0p05__wd1e-04trmiss0_degmodglobal,8,5e-05,0.0001,0.2,1.0,0.25,0.05,lr5e-05_bs8_drop0p2_temp1p0_a0p25_b0p05__wd1e-04trmiss0_degmodglobal,16,0.6481825964791434,0.671813577413559,0.7777777777777778,0.8894500561167229,0.7142857142857143,0.0,0.5930737555027008,0.6278596775872367,0.054191723465919495,0.13549974773611342,0.0,0.0,0.0,0.0,0.0,18473,global,0.0
5,1,lr5e-05_bs8_drop0p2_temp1p0_a0p25_b0p05__wd1e-04trmiss0_degmodglobal,8,5e-05,0.0001,0.2,1.0,0.25,0.05,lr5e-05_bs8_drop0p2_temp1p0_a0p25_b0p05__wd1e-04trmiss0_degmodglobal,17,0.6499881829534259,0.6692994236946106,0.8,0.897530864197531,0.7142857142857143,0.0,0.5553104025976998,0.6301531365939549,0.05328797176480293,0.13026117267353193,0.0,0.0,0.0,0.0,0.0,18473,global,0.0
5,1,lr5e-05_bs8_drop0p2_temp1p0_a0p25_b0p05__wd1e-04trmiss0_degmodglobal,8,5e-05,0.0001,0.2,1.0,0.25,0.05,lr5e-05_bs8_drop0p2_temp1p0_a0p25_b0p05__wd1e-04trmiss0_degmodglobal,18,0.6430055754525321,0.6609291732311249,0.8,0.897530864197531,0.6428571428571429,0.0,0.559463654245649,0.6250083105904716,0.05201122510646071,0.0998894598867212,0.0,0.0,0.0,0.0,0.0,18473,global,0.0
5,1,lr5e-05_bs8_drop0p2_temp1p0_a0p25_b0p05__wd1e-04trmiss0_degmodglobal,8,5e-05,0.0001,0.2,1.0,0.25,0.05,lr5e-05_bs8_drop0p2_temp1p0_a0p25_b0p05__wd1e-04trmiss0_degmodglobal,19,0.6540315662111554,0.6590192914009094,0.8,0.897530864197531,0.5714285714285714,0.0,0.5611070479665484,0.6325872455324445,0.060194910636969974,0.12791166215070657,0.0,0.0,0.0,0.0,0.0,18473,global,0.0
5,1,lr5e-05_bs8_drop0p2_temp1p0_a0p25_b0p05__wd1e-04trmiss0_degmodglobal,8,5e-05,0.0001,0.2,1.0,0.25,0.05,lr5e-05_bs8_drop0p2_temp1p0_a0p25_b0p05__wd1e-04trmiss0_degmodglobal,20,0.6364316599709647,0.6579528748989105,0.8,0.897530864197531,0.5714285714285714,0.0,0.5704849021775382,0.6131833706583295,0.06025531142950058,0.1636892950960568,0.0,0.0,0.0,0.0,0.0,18473,global,0.0
5,1,lr5e-05_bs8_drop0p2_temp1p0_a0p25_b0p05__wd1e-04trmiss0_degmodglobal,8,5e-05,0.0001,0.2,1.0,0.25,0.05,lr5e-05_bs8_drop0p2_temp1p0_a0p25_b0p05__wd1e-04trmiss0_degmodglobal,21,0.647577336856297,0.6603765785694122,0.8,0.897530864197531,0.5714285714285714,0.0,0.5998028985091618,0.6283381581306458,0.05109300198299544,0.12931858322450093,0.0,0.0,0.0,0.0,0.0,18473,global,0.0
5,1,lr5e-05_bs8_drop0p2_temp1p0_a0p25_b0p05__wd1e-04trmiss0_degmodglobal,8,5e-05,0.0001,0.2,1.0,0.25,0.05,lr5e-05_bs8_drop0p2_temp1p0_a0p25_b0p05__wd1e-04trmiss0_degmodglobal,22,0.6458904487746102,0.6629608571529388,0.8,0.897530864197531,0.5714285714285714,0.0,0.529969858271735,0.6216279694012233,0.06482514153633799,0.16112376589860236,0.0,0.0,0.0,0.0,0.0,18473,global,0.0
5,1,lr5e-05_bs8_drop0p2_temp1p0_a0p25_b0p05__wd1e-04trmiss0_degmodglobal,8,5e-05,0.0001,0.2,1.0,0.25,0.05,lr5e-05_bs8_drop0p2_temp1p0_a0p25_b0p05__wd1e-04trmiss0_degmodglobal,23,0.6266963567052569,0.6632031798362732,0.8,0.897530864197531,0.5714285714285714,0.0,0.5345773186002459,0.6019887924194336,0.062034478677170615,0.1839785192693983,0.0,0.0,0.0,0.0,0.0,18473,global,0.0
5,1,lr5e-05_bs8_drop0p2_temp1p0_a0p25_b0p05__wd1e-04trmiss0_degmodglobal,8,5e-05,0.0001,0.2,1.0,0.25,0.05,lr5e-05_bs8_drop0p2_temp1p0_a0p25_b0p05__wd1e-04trmiss0_degmodglobal,24,0.6470472727503095,0.6523898243904114,0.8222222222222222,0.9051066217732886,0.6428571428571429,0.0,0.544609044279371,0.6244905420712062,0.056162948054926734,0.17031957847731455,0.0,0.0,0.0,0.0,0.0,18473,global,0.0
5,1,lr5e-05_bs8_drop0p2_temp1p0_a0p25_b0p05__wd1e-04trmiss0_degmodglobal,8,5e-05,0.0001,0.2,1.0,0.25,0.05,lr5e-05_bs8_drop0p2_temp1p0_a0p25_b0p05__wd1e-04trmiss0_degmodglobal,25,0.6390352419444493,0.6536848843097687,0.8222222222222222,0.9051066217732886,0.6428571428571429,0.0,0.5576146628175463,0.6187448586736407,0.05657524136560304,0.12293141069156784,0.0,0.0,0.0,0.0,0.0,18473,global,0.0
5,1,lr5e-05_bs8_drop0p2_temp1p0_a0p25_b0p05__wd1e-04trmiss0_degmodglobal,8,5e-05,0.0001,0.2,1.0,0.25,0.05,lr5e-05_bs8_drop0p2_temp1p0_a0p25_b0p05__wd1e-04trmiss0_degmodglobal,26,0.6404627561569214,0.6542361378669739,0.8222222222222222,0.9051066217732886,0.6428571428571429,0.0,0.5166131556034088,0.6148814814431327,0.06411524968487876,0.1910490319132805,0.0,0.0,0.0,0.0,0.0,18473,global,0.0
5,1,lr5e-05_bs8_drop0p2_temp1p0_a0p25_b0p05__wd1e-04trmiss0_degmodglobal,8,5e-05,0.0001,0.2,1.0,0.25,0.05,lr5e-05_bs8_drop0p2_temp1p0_a0p25_b0p05__wd1e-04trmiss0_degmodglobal,27,0.6518346411841256,0.6515129208564758,0.8222222222222222,0.9051066217732886,0.5714285714285714,0.0,0.5579443573951721,0.628825170653207,0.06426484723176275,0.13886514838252748,0.0,0.0,0.0,0.0,0.0,18473,global,0.0
5,1,lr5e-05_bs8_drop0p2_temp1p0_a0p25_b0p05__wd1e-04trmiss0_degmodglobal,8,5e-05,0.0001,0.2,1.0,0.25,0.05,lr5e-05_bs8_drop0p2_temp1p0_a0p25_b0p05__wd1e-04trmiss0_degmodglobal,28,0.6482766355787005,0.6521003842353821,0.8222222222222222,0.9051066217732886,0.5714285714285714,0.0,0.530150694506509,0.6202747906957354,0.07949155835168702,0.16257933394185134,0.0,0.0,0.0,0.0,0.0,18473,global,0.0
5,1,lr5e-05_bs8_drop0p2_temp1p0_a0p25_b0p05__wd1e-04trmiss0_degmodglobal,8,5e-05,0.0001,0.2,1.0,0.25,0.05,lr5e-05_bs8_drop0p2_temp1p0_a0p25_b0p05__wd1e-04trmiss0_degmodglobal,29,0.6369878564562116,0.651497095823288,0.8222222222222222,0.9051066217732886,0.5714285714285714,0.0,0.5177959161145347,0.610893360206059,0.06849995042596545,0.17939025376524245,0.0,0.0,0.0,0.0,0.0,18473,global,0.0
5,1,lr5e-05_bs8_drop0p2_temp1p0_a0p25_b0p05__wd1e-04trmiss0_degmodglobal,8,5e-05,0.0001,0.2,1.0,0.25,0.05,lr5e-05_bs8_drop0p2_temp1p0_a0p25_b0p05__wd1e-04trmiss0_degmodglobal,30,0.6287849460329328,0.6457803845405579,0.8222222222222222,0.9051066217732886,0.6428571428571429,0.0,0.5308315115315574,0.6028857486588615,0.07203080398695809,0.15782977214881352,0.0,0.0,0.0,0.0,0.0,18473,global,0.0
5,1,lr5e-05_bs8_drop0p2_temp1p0_a0p25_b0p05__wd1e-04trmiss0_degmodglobal,8,5e-05,0.0001,0.2,1.0,0.25,0.05,lr5e-05_bs8_drop0p2_temp1p0_a0p25_b0p05__wd1e-04trmiss0_degmodglobal,31,0.6317452532904488,0.6509528458118439,0.8222222222222222,0.9051066217732886,0.6428571428571429,0.0,0.5270522492272514,0.6053330302238464,0.07286467403173447,0.1639212572148868,0.0,0.0,0.0,0.0,0.0,18473,global,0.0
5,1,lr5e-05_bs8_drop0p2_temp1p0_a0p25_b0p05__wd1e-04trmiss0_degmodglobal,8,5e-05,0.0001,0.2,1.0,0.25,0.05,lr5e-05_bs8_drop0p2_temp1p0_a0p25_b0p05__wd1e-04trmiss0_degmodglobal,32,0.6373628292764936,0.6512542963027954,0.8222222222222222,0.9051066217732886,0.6428571428571429,0.0,0.50395068526268,0.6062476975577218,0.08040742043937955,0.22026535549334117,0.0,0.0,0.0,0.0,0.0,18473,global,0.0
5,1,lr5e-05_bs8_drop0p2_temp1p0_a0p25_b0p05__wd1e-04trmiss0_degmodglobal,8,5e-05,0.0001,0.2,1.0,0.25,0.05,lr5e-05_bs8_drop0p2_temp1p0_a0p25_b0p05__wd1e-04trmiss0_degmodglobal,33,0.6395530870982579,0.6499837934970856,0.8444444444444444,0.9170113836780505,0.6428571428571429,0.0,0.5175100862979889,0.6115156837872097,0.0778090815458979,0.17170266487768718,0.0,0.0,0.0,0.0,0.0,18473,global,0.0
5,1,lr5e-05_bs8_drop0p2_temp2p0_a0p25_b0p05__wd1e-04trmiss0_degmodglobal,8,5e-05,0.0001,0.2,2.0,0.25,0.05,lr5e-05_bs8_drop0p2_temp2p0_a0p25_b0p05__wd1e-04trmiss0_degmodglobal,1,0.7224926267351423,0.6585031747817993,0.6444444444444444,0.8379527879527882,0.5714285714285714,0.0,0.7158864225660052,0.6836808153561184,0.09027397419725146,0.3248662437711443,0.0,0.0,0.0,0.0,0.0,18473,global,0.0
5,1,lr5e-05_bs8_drop0p2_temp2p0_a0p25_b0p05__wd1e-04trmiss0_degmodglobal,8,5e-05,0.0001,0.2,2.0,0.25,0.05,lr5e-05_bs8_drop0p2_temp2p0_a0p25_b0p05__wd1e-04trmiss0_degmodglobal,2,0.6794655493327549,0.6552408635616302,0.6666666666666666,0.8281625781625783,0.5714285714285714,0.0,0.6939343214035034,0.6569859555789402,0.0504730860037463,0.1972262965781348,0.0,0.0,0.0,0.0,0.0,18473,global,0.0
5,1,lr5e-05_bs8_drop0p2_temp2p0_a0p25_b0p05__wd1e-04trmiss0_degmodglobal,8,5e-05,0.0001,0.2,2.0,0.25,0.05,lr5e-05_bs8_drop0p2_temp2p0_a0p25_b0p05__wd1e-04trmiss0_degmodglobal,3,0.6856892023767743,0.651015043258667,0.6888888888888889,0.8308080808080809,0.6428571428571429,0.0,0.6774606278964451,0.6611768007278442,0.05498844651239259,0.21530560936246598,0.0,0.0,0.0,0.0,0.0,18473,global,0.0
5,1,lr5e-05_bs8_drop0p2_temp2p0_a0p25_b0p05__wd1e-04trmiss0_degmodglobal,8,5e-05,0.0001,0.2,2.0,0.25,0.05,lr5e-05_bs8_drop0p2_temp2p0_a0p25_b0p05__wd1e-04trmiss0_degmodglobal,4,0.6611095241137913,0.6470317244529724,0.711111111111111,0.8354818021484689,0.6428571428571429,0.0,0.6643810442515782,0.6390604632241386,0.0463738138122218,0.20911212584802083,0.0,0.0,0.0,0.0,0.0,18473,global,0.0
5,1,lr5e-05_bs8_drop0p2_temp2p0_a0p25_b0p05__wd1e-04trmiss0_degmodglobal,8,5e-05,0.0001,0.2,2.0,0.25,0.05,lr5e-05_bs8_drop0p2_temp2p0_a0p25_b0p05__wd1e-04trmiss0_degmodglobal,5,0.6451828650065831,0.6440783441066742,0.711111111111111,0.8287477954144622,0.7857142857142857,0.0,0.6770024044173104,0.6167556813785008,0.06125813403299877,0.26225317801748005,0.0,0.0,0.0,0.0,0.0,18473,global,0.0
5,1,lr5e-05_bs8_drop0p2_temp2p0_a0p25_b0p05__wd1e-04trmiss0_degmodglobal,8,5e-05,0.0001,0.2,2.0,0.25,0.05,lr5e-05_bs8_drop0p2_temp2p0_a0p25_b0p05__wd1e-04trmiss0_degmodglobal,6,0.6300911051886422,0.6434965133666992,0.711111111111111,0.8287477954144622,0.7857142857142857,0.0,0.6425986971173968,0.6031584228788104,0.05657526212079184,0.25577746757439207,0.0,0.0,0.0,0.0,0.0,18473,global,0.0
5,1,lr5e-05_bs8_drop0p2_temp2p0_a0p25_b0p05__wd1e-04trmiss0_degmodglobal,8,5e-05,0.0001,0.2,2.0,0.25,0.05,lr5e-05_bs8_drop0p2_temp2p0_a0p25_b0p05__wd1e-04trmiss0_degmodglobal,7,0.6475403479167393,0.6372600793838501,0.7777777777777778,0.8643658810325479,0.7857142857142857,0.0,0.632459717137473,0.6202529924256461,0.056507302182061334,0.26321061168398174,0.0,0.0,0.0,0.0,0.0,18473,global,0.0
5,1,lr5e-05_bs8_drop0p2_temp2p0_a0p25_b0p05__wd1e-04trmiss0_degmodglobal,8,5e-05,0.0001,0.2,2.0,0.25,0.05,lr5e-05_bs8_drop0p2_temp2p0_a0p25_b0p05__wd1e-04trmiss0_degmodglobal,8,0.6171061907495771,0.6426253914833069,0.8222222222222222,0.9172278338945008,0.7857142857142857,0.0,0.6129648685455322,0.5933255808694022,0.048744089901447296,0.23189182153769902,0.0,0.0,0.0,0.0,0.0,18473,global,0.0
5,1,lr5e-05_bs8_drop0p2_temp2p0_a0p25_b0p05__wd1e-04trmiss0_degmodglobal,8,5e-05,0.0001,0.2,2.0,0.25,0.05,lr5e-05_bs8_drop0p2_temp2p0_a0p25_b0p05__wd1e-04trmiss0_degmodglobal,9,0.6262045587812152,0.6457489728927612,0.7555555555555555,0.8657848324514992,0.7857142857142857,0.0,0.6210715430123466,0.6034554668835231,0.049277995846101215,0.20859150162764958,0.0,0.0,0.0,0.0,0.0,18473,global,0.0
5,1,lr5e-05_bs8_drop0p2_temp2p0_a0p25_b0p05__wd1e-04trmiss0_degmodglobal,8,5e-05,0.0001,0.2,2.0,0.25,0.05,lr5e-05_bs8_drop0p2_temp2p0_a0p25_b0p05__wd1e-04trmiss0_degmodglobal,10,0.625524137701307,0.6414852440357208,0.7555555555555555,0.8511383678050346,0.7857142857142857,0.0,0.5998692171914237,0.5981102415493557,0.05705259261386735,0.2630146827016558,0.0,0.0,0.0,0.0,0.0,18473,global,0.0
5,1,lr5e-05_bs8_drop0p2_temp2p0_a0p25_b0p05__wd1e-04trmiss0_degmodglobal,8,5e-05,0.0001,0.2,2.0,0.25,0.05,lr5e-05_bs8_drop0p2_temp2p0_a0p25_b0p05__wd1e-04trmiss0_degmodglobal,11,0.6126518419810704,0.6263324618339539,0.8666666666666667,0.9278138528138529,0.7857142857142857,0.0,0.5901430078915187,0.5885523217064994,0.054689819791487286,0.20854108780622482,0.0,0.0,0.0,0.0,0.0,18473,global,0.0
5,1,lr5e-05_bs8_drop0p2_temp2p0_a0p25_b0p05__wd1e-04trmiss0_degmodglobal,8,5e-05,0.0001,0.2,2.0,0.25,0.05,lr5e-05_bs8_drop0p2_temp2p0_a0p25_b0p05__wd1e-04trmiss0_degmodglobal,12,0.6111804842948914,0.6337000131607056,0.9111111111111111,0.9535634118967453,0.7857142857142857,0.0,0.5885211399623326,0.5827031476157052,0.055687296603407176,0.2911102686609541,0.0,0.0,0.0,0.0,0.0,18473,global,0.0
5,1,lr5e-05_bs8_drop0p2_temp2p0_a0p25_b0p05__wd1e-04trmiss0_degmodglobal,8,5e-05,0.0001,0.2,2.0,0.25,0.05,lr5e-05_bs8_drop0p2_temp2p0_a0p25_b0p05__wd1e-04trmiss0_degmodglobal,13,0.5976745145661491,0.633544534444809,0.9111111111111111,0.9535634118967453,0.7857142857142857,0.0,0.5758745244571141,0.5689643280846732,0.06185253496680941,0.26494114952428,0.0,0.0,0.0,0.0,0.0,18473,global,0.0
5,1,lr5e-05_bs8_drop0p2_temp2p0_a0p25_b0p05__wd1e-04trmiss0_degmodglobal,8,5e-05,0.0001,0.2,2.0,0.25,0.05,lr5e-05_bs8_drop0p2_temp2p0_a0p25_b0p05__wd1e-04trmiss0_degmodglobal,14,0.6179279855319432,0.6241554915904999,0.9111111111111111,0.9535634118967453,0.7857142857142857,0.0,0.6030953356197902,0.5887956023216248,0.06529353665454048,0.2561797627380916,0.0,0.0,0.0,0.0,0.0,18473,global,0.0
5,1,lr5e-05_bs8_drop0p2_temp2p0_a0p25_b0p05__wd1e-04trmiss0_degmodglobal,8,5e-05,0.0001,0.2,2.0,0.25,0.05,lr5e-05_bs8_drop0p2_temp2p0_a0p25_b0p05__wd1e-04trmiss0_degmodglobal,15,0.6019019910267421,0.6262035071849823,0.8,0.8865881032547702,0.8571428571428571,0.0,0.58019300869533,0.5713632873126439,0.07119327251400266,0.25480773406369345,0.0,0.0,0.0,0.0,0.0,18473,global,0.0
5,1,lr5e-05_bs8_drop0p2_temp2p0_a0p25_b0p05__wd1e-04trmiss0_degmodglobal,8,5e-05,0.0001,0.2,2.0,0.25,0.05,lr5e-05_bs8_drop0p2_temp2p0_a0p25_b0p05__wd1e-04trmiss0_degmodglobal,16,0.611694872379303,0.6219602525234222,0.8444444444444444,0.9170113836780505,0.8571428571428571,0.0,0.6012092062405178,0.5862601569720677,0.055554521935326714,0.23092191347054072,0.0,0.0,0.0,0.0,0.0,18473,global,0.0
5,1,lr5e-05_bs8_drop0p2_temp2p0_a0p25_b0p05__wd1e-04trmiss0_degmodglobal,8,5e-05,0.0001,0.2,2.0,0.25,0.05,lr5e-05_bs8_drop0p2_temp2p0_a0p25_b0p05__wd1e-04trmiss0_degmodglobal,17,0.5794150914464679,0.6295380592346191,0.8444444444444444,0.9170113836780505,0.8571428571428571,0.0,0.5587943962642125,0.5535824639456612,0.055180231375353675,0.24075126435075486,0.0,0.0,0.0,0.0,0.0,18473,global,0.0
5,1,lr5e-05_bs8_drop0p2_temp2p0_a0p25_b0p05__wd1e-04trmiss0_degmodglobal,8,5e-05,0.0001,0.2,2.0,0.25,0.05,lr5e-05_bs8_drop0p2_temp2p0_a0p25_b0p05__wd1e-04trmiss0_degmodglobal,18,0.5967256256512233,0.6341854333877563,0.8666666666666667,0.9328843995510663,0.8571428571428571,0.0,0.5460506762777056,0.5681444151060921,0.06319293326565198,0.25565930775233675,0.0,0.0,0.0,0.0,0.0,18473,global,0.0
5,1,lr5e-05_bs8_drop0p2_temp2p0_a0p25_b0p05__wd1e-04trmiss0_degmodglobal,8,5e-05,0.0001,0.2,2.0,0.25,0.05,lr5e-05_bs8_drop0p2_temp2p0_a0p25_b0p05__wd1e-04trmiss0_degmodglobal,19,0.5792868563107082,0.6371552050113678,0.8222222222222222,0.9051066217732886,0.8571428571428571,0.0,0.5561205318995884,0.5499682085854667,0.0679944705750261,0.2464004254766873,0.0,0.0,0.0,0.0,0.0,18473,global,0.0
5,1,lr5e-05_bs8_drop0p2_temp2p0_a0p25_b0p05__wd1e-04trmiss0_degmodglobal,8,5e-05,0.0001,0.2,2.0,0.25,0.05,lr5e-05_bs8_drop0p2_temp2p0_a0p25_b0p05__wd1e-04trmiss0_degmodglobal,20,0.5794566103390285,0.6342332363128662,0.8222222222222222,0.9051066217732886,0.8571428571428571,0.0,0.5637348251683372,0.5494597639356341,0.0705886222422123,0.24699359280722483,0.0,0.0,0.0,0.0,0.0,18473,global,0.0
5,1,lr5e-05_bs8_drop0p2_temp2p0_a0p25_b0p05__wd1e-04trmiss0_degmodglobal,8,5e-05,0.0001,0.2,2.0,0.25,0.05,lr5e-05_bs8_drop0p2_temp2p0_a0p25_b0p05__wd1e-04trmiss0_degmodglobal,21,0.5950461200305394,0.6324842870235443,0.8444444444444444,0.9170113836780505,0.7857142857142857,0.0,0.5863628344876426,0.5669528927121844,0.0594525012586798,0.26460196503571104,0.0,0.0,0.0,0.0,0.0,18473,global,0.0
5,1,lr5e-05_bs8_drop0p2_temp2p0_a0p25_b0p05__wd1e-04trmiss0_degmodglobal,8,5e-05,0.0001,0.2,2.0,0.25,0.05,lr5e-05_bs8_drop0p2_temp2p0_a0p25_b0p05__wd1e-04trmiss0_degmodglobal,22,0.554192704813821,0.6396459937095642,0.8222222222222222,0.9094356261022929,0.7142857142857143,0.0,0.5273997698511396,0.5249043703079224,0.06543910077639989,0.25857122987508774,0.0,0.0,0.0,0.0,0.0,18473,global,0.0
5,1,lr5e-05_bs8_drop0p2_temp2p0_a0p25_b0p05__wd1e-04trmiss0_degmodglobal,8,5e-05,0.0001,0.2,2.0,0.25,0.05,lr5e-05_bs8_drop0p2_temp2p0_a0p25_b0p05__wd1e-04trmiss0_degmodglobal,23,0.5669495122773307,0.6271673142910004,0.8444444444444444,0.9280303030303032,0.7857142857142857,0.0,0.5334941531930651,0.5336348755019051,0.0763937910752637,0.2843241500002997,0.0,0.0,0.0,0.0,0.0,18473,global,0.0
5,1,lr5e-05_bs8_drop0p2_temp2p0_a0p25_b0p05__wd1e-04trmiss0_degmodglobal,8,5e-05,0.0001,0.2,2.0,0.25,0.05,lr5e-05_bs8_drop0p2_temp2p0_a0p25_b0p05__wd1e-04trmiss0_degmodglobal,24,0.5808577963284084,0.6260078251361847,0.8888888888888888,0.9436868686868689,0.7857142857142857,0.0,0.5685223809310368,0.5506475738116673,0.06482363917997905,0.2800860894577844,0.0,0.0,0.0,0.0,0.0,18473,global,0.0
5,1,lr5e-05_bs8_drop0p2_temp2p0_a0p25_b0p05__wd1e-04trmiss0_degmodglobal,8,5e-05,0.0001,0.2,2.0,0.25,0.05,lr5e-05_bs8_drop0p2_temp2p0_a0p25_b0p05__wd1e-04trmiss0_degmodglobal,25,0.5521199362618583,0.6296521723270416,0.8888888888888888,0.9376903960237295,0.7857142857142857,0.0,0.5252604271684375,0.5232035858290536,0.0660088195332459,0.24828292003699712,0.0,0.0,0.0,0.0,0.0,18473,global,0.0
5,1,lr5e-05_bs8_drop0p2_temp2p0_a0p25_b0p05__wd1e-04trmiss0_degmodglobal,8,5e-05,0.0001,0.2,2.0,0.25,0.05,lr5e-05_bs8_drop0p2_temp2p0_a0p25_b0p05__wd1e-04trmiss0_degmodglobal,26,0.5872523529188973,0.6307790279388428,0.8888888888888888,0.9376903960237295,0.7857142857142857,0.0,0.5278202380452838,0.5500338758741107,0.08538978014673505,0.3174207295690264,0.0,0.0,0.0,0.0,0.0,18473,global,0.0
5,1,lr5e-05_bs8_drop0p2_temp2p0_a0p25_b0p05__wd1e-04trmiss0_degmodglobal,8,5e-05,0.0001,0.2,2.0,0.25,0.05,lr5e-05_bs8_drop0p2_temp2p0_a0p25_b0p05__wd1e-04trmiss0_degmodglobal,27,0.5574326004300799,0.6283828020095825,0.8888888888888888,0.9376903960237295,0.8571428571428571,0.0,0.5160731034619468,0.5234019500868661,0.07838060866509165,0.28871029189654757,0.0,0.0,0.0,0.0,0.0,18473,global,0.0
5,1,lr5e-05_bs8_drop0p2_temp2p0_a0p25_b0p05__wd1e-04trmiss0_degmodglobal,8,5e-05,0.0001,0.2,2.0,0.25,0.05,lr5e-05_bs8_drop0p2_temp2p0_a0p25_b0p05__wd1e-04trmiss0_degmodglobal,28,0.5621643321854728,0.6216088235378265,0.9333333333333333,0.9674523007856344,0.8571428571428571,0.0,0.5553447263581412,0.5415115186146328,0.05082674164857183,0.15892284363508224,0.0,0.0,0.0,0.0,0.0,18473,global,0.0
5,1,lr5e-05_bs8_drop0p2_temp2p0_a0p25_b0p05__wd1e-04trmiss0_degmodglobal,8,5e-05,0.0001,0.2,2.0,0.25,0.05,lr5e-05_bs8_drop0p2_temp2p0_a0p25_b0p05__wd1e-04trmiss0_degmodglobal,29,0.5694317051342556,0.6245554983615875,0.9333333333333333,0.9626543209876546,0.8571428571428571,0.0,0.5233822464942932,0.5440638491085598,0.05761251651815006,0.2192943607057844,0.0,0.0,0.0,0.0,0.0,18473,global,0.0
5,1,lr5e-05_bs8_drop0p2_temp2p0_a0p25_b0p05__wd1e-04trmiss0_degmodglobal,8,5e-05,0.0001,0.2,2.0,0.25,0.05,lr5e-05_bs8_drop0p2_temp2p0_a0p25_b0p05__wd1e-04trmiss0_degmodglobal,30,0.5511714816093445,0.6221039891242981,0.9555555555555556,0.9765432098765434,0.8571428571428571,0.0,0.5287231419767652,0.517848082951137,0.07558359152504376,0.28854991495609283,0.0,0.0,0.0,0.0,0.0,18473,global,0.0
5,1,lr5e-05_bs8_drop0p2_temp2p0_a0p25_b0p05__wd1e-04trmiss0_degmodglobal,8,5e-05,0.0001,0.2,2.0,0.25,0.05,lr5e-05_bs8_drop0p2_temp2p0_a0p25_b0p05__wd1e-04trmiss0_degmodglobal,31,0.5455936704363141,0.6291742324829102,0.8666666666666667,0.9278138528138529,0.7857142857142857,0.0,0.5145803306783948,0.5177874863147736,0.06310281636459487,0.24060955856527602,0.0,0.0,0.0,0.0,0.0,18473,global,0.0
5,1,lr5e-05_bs8_drop0p2_temp2p0_a0p25_b0p05__wd1e-04trmiss0_degmodglobal,8,5e-05,0.0001,0.2,2.0,0.25,0.05,lr5e-05_bs8_drop0p2_temp2p0_a0p25_b0p05__wd1e-04trmiss0_degmodglobal,32,0.5652817445141929,0.6338053941726685,0.8444444444444444,0.9170113836780505,0.7142857142857143,0.0,0.4850086442061833,0.5281080177852085,0.08570744522980281,0.31493748085839407,0.0,0.0,0.0,0.0,0.0,18473,global,0.0
5,1,lr5e-05_bs8_drop0p2_temp2p0_a0p25_b0p05__wd1e-04trmiss0_degmodglobal,8,5e-05,0.0001,0.2,2.0,0.25,0.05,lr5e-05_bs8_drop0p2_temp2p0_a0p25_b0p05__wd1e-04trmiss0_degmodglobal,33,0.572599538734981,0.6374252140522003,0.8444444444444444,0.9170113836780505,0.6428571428571429,0.0,0.5243947974273137,0.5415229456765311,0.07423570432833262,0.25035336932965685,0.0,0.0,0.0,0.0,0.0,18473,global,0.0
5,1,lr5e-05_bs8_drop0p2_temp2p0_a0p25_b0p05__wd1e-04trmiss0_degmodglobal,8,5e-05,0.0001,0.2,2.0,0.25,0.05,lr5e-05_bs8_drop0p2_temp2p0_a0p25_b0p05__wd1e-04trmiss0_degmodglobal,34,0.5563489113535199,0.6185501217842102,0.9555555555555556,0.9765432098765434,0.7857142857142857,0.0,0.4976443903786795,0.5208364043916974,0.08726619396890913,0.2739192843437195,0.0,0.0,0.0,0.0,0.0,18473,global,0.0
5,1,lr5e-05_bs8_drop0p2_temp2p0_a0p25_b0p05__wd1e-04trmiss0_degmodglobal,8,5e-05,0.0001,0.2,2.0,0.25,0.05,lr5e-05_bs8_drop0p2_temp2p0_a0p25_b0p05__wd1e-04trmiss0_degmodglobal,35,0.5523760403905597,0.6130888164043427,0.9555555555555556,0.9765432098765434,0.8571428571428571,0.0,0.5124839331422534,0.5228090413979122,0.07220266706177167,0.23032645881175995,0.0,0.0,0.0,0.0,0.0,18473,global,0.0
5,1,lr5e-05_bs8_drop0p2_temp2p0_a0p25_b0p05__wd1e-04trmiss0_degmodglobal,8,5e-05,0.0001,0.2,2.0,0.25,0.05,lr5e-05_bs8_drop0p2_temp2p0_a0p25_b0p05__wd1e-04trmiss0_degmodglobal,36,0.5592094489506313,0.6166568100452423,0.9555555555555555,0.9797979797979799,0.8571428571428571,0.0,0.5462978865419116,0.5331686351980481,0.05998682017837252,0.22088215500116348,0.0,0.0,0.0,0.0,0.0,18473,global,0.0
5,1,lr5e-05_bs8_drop0p2_temp2p0_a0p25_b0p05__wd1e-04trmiss0_degmodglobal,8,5e-05,0.0001,0.2,2.0,0.25,0.05,lr5e-05_bs8_drop0p2_temp2p0_a0p25_b0p05__wd1e-04trmiss0_degmodglobal,37,0.5670166271073478,0.6123679876327515,0.9111111111111111,0.9575757575757577,0.8571428571428571,0.0,0.5341702614511762,0.5362479729311806,0.0711208273257528,0.2597691576395716,0.0,0.0,0.0,0.0,0.0,18473,global,0.0
5,1,lr5e-05_bs8_drop0p2_temp2p0_a0p25_b0p05__wd1e-04trmiss0_degmodglobal,8,5e-05,0.0001,0.2,2.0,0.25,0.05,lr5e-05_bs8_drop0p2_temp2p0_a0p25_b0p05__wd1e-04trmiss0_degmodglobal,38,0.5640568307467869,0.615035891532898,0.9555555555555555,0.9797979797979799,0.8571428571428571,0.0,0.5062695230756488,0.5260528794356755,0.08884856370942933,0.3158363380602428,0.0,0.0,0.0,0.0,0.0,18473,global,0.0
5,1,lr5e-05_bs8_drop0p2_temp2p0_a0p25_b0p05__wd1e-04trmiss0_degmodglobal,8,5e-05,0.0001,0.2,2.0,0.25,0.05,lr5e-05_bs8_drop0p2_temp2p0_a0p25_b0p05__wd1e-04trmiss0_degmodglobal,39,0.5759385228157043,0.6228690445423126,0.9555555555555555,0.9797979797979799,0.7857142857142857,0.0,0.5384144314697811,0.5450287205832345,0.06850826208080564,0.27565465228898184,0.0,0.0,0.0,0.0,0.0,18473,global,0.0
5,1,lr5e-05_bs8_drop0p2_temp2p0_a0p25_b0p05__wd1e-04trmiss0_degmodglobal,8,5e-05,0.0001,0.2,2.0,0.25,0.05,lr5e-05_bs8_drop0p2_temp2p0_a0p25_b0p05__wd1e-04trmiss0_degmodglobal,40,0.5553740092686245,0.628539502620697,0.8888888888888888,0.9436868686868689,0.7857142857142857,0.0,0.5032510842595782,0.5199697145393917,0.07896063104271889,0.31328278141362326,0.0,0.0,0.0,0.0,0.0,18473,global,0.0
5,1,lr5e-05_bs8_drop0p2_temp2p0_a0p25_b0p05__wd1e-04trmiss0_degmodglobal,8,5e-05,0.0001,0.2,2.0,0.25,0.05,lr5e-05_bs8_drop0p2_temp2p0_a0p25_b0p05__wd1e-04trmiss0_degmodglobal,41,0.5462419816425869,0.6306570768356323,0.8444444444444443,0.9202380952380953,0.7857142857142857,0.0,0.4992805932249342,0.5125385991164616,0.07827608340552875,0.28268724254199434,0.0,0.0,0.0,0.0,0.0,18473,global,0.0
5,1,lr5e-05_bs8_drop0p2_temp2p0_a0p25_b0p05__wd1e-04trmiss0_degmodglobal,8,5e-05,0.0001,0.2,2.0,0.25,0.05,lr5e-05_bs8_drop0p2_temp2p0_a0p25_b0p05__wd1e-04trmiss0_degmodglobal,42,0.5517873295715877,0.63645139336586,0.7777777777777778,0.8790123456790127,0.7857142857142857,0.0,0.49657819100788664,0.5164956322738102,0.08467286239777293,0.2824696408850806,0.0,0.0,0.0,0.0,0.0,18473,global,0.0
5,1,lr5e-05_bs8_drop0p2_temp2p0_a0p25_b0p05__wd1e-04trmiss0_degmodglobal,8,5e-05,0.0001,0.2,2.0,0.25,0.05,lr5e-05_bs8_drop0p2_temp2p0_a0p25_b0p05__wd1e-04trmiss0_degmodglobal,43,0.5560826403754098,0.6300574243068695,0.8888888888888888,0.9376903960237295,0.7857142857142857,0.0,0.4932164592402322,0.5175557775156838,0.09183716348239354,0.3113512120076588,0.0,0.0,0.0,0.0,0.0,18473,global,0.0
5,1,lr5e-05_bs8_drop0p2_temp2p0_a0p25_b0p05__wd1e-04trmiss0_degmodglobal,8,5e-05,0.0001,0.2,2.0,0.25,0.05,lr5e-05_bs8_drop0p2_temp2p0_a0p25_b0p05__wd1e-04trmiss0_degmodglobal,44,0.5336543449333736,0.6226846277713776,0.8666666666666666,0.9361111111111113,0.7857142857142857,0.0,0.47870975732803345,0.49276367255619596,0.09574117937258311,0.33910768372671946,0.0,0.0,0.0,0.0,0.0,18473,global,0.0
5,1,lr5e-05_bs8_drop0p2_temp2p0_a0p25_b0p05__wd1e-04trmiss0_degmodglobal,8,5e-05,0.0001,0.2,2.0,0.25,0.05,lr5e-05_bs8_drop0p2_temp2p0_a0p25_b0p05__wd1e-04trmiss0_degmodglobal,45,0.5308178663253784,0.6203633248806,0.8888888888888888,0.9500000000000002,0.7142857142857143,0.0,0.5098700438226972,0.5007899786744799,0.0706077931182725,0.24751853517123631,0.0,0.0,0.0,0.0,0.0,18473,global,0.0
5,1,lr5e-05_bs8_drop0p2_temp2p0_a0p25_b0p05__wd1e-04trmiss0_degmodglobal,8,5e-05,0.0001,0.2,2.0,0.25,0.05,lr5e-05_bs8_drop0p2_temp2p0_a0p25_b0p05__wd1e-04trmiss0_degmodglobal,46,0.5323865669114249,0.6235724091529846,0.8888888888888888,0.9500000000000002,0.7142857142857143,0.0,0.49498268961906433,0.506161208663668,0.058689657864826064,0.2310588104384286,0.0,0.0,0.0,0.0,0.0,18473,global,0.0
5,1,lr5e-05_bs8_drop0p2_temp2p0_a0p25_b0p05__wd1e-04trmiss0_degmodglobal,8,5e-05,0.0001,0.2,2.0,0.25,0.05,lr5e-05_bs8_drop0p2_temp2p0_a0p25_b0p05__wd1e-04trmiss0_degmodglobal,47,0.556990921497345,0.6222136616706848,0.8888888888888888,0.9500000000000002,0.7142857142857143,0.0,0.47654745834214346,0.5099239306790488,0.10569559569869723,0.41286164096423555,0.0,0.0,0.0,0.0,0.0,18473,global,0.0
5,1,lr5e-05_bs8_drop0p2_temp2p0_a0p25_b0p05__wd1e-04trmiss0_degmodglobal,8,5e-05,0.0001,0.2,2.0,0.25,0.05,lr5e-05_bs8_drop0p2_temp2p0_a0p25_b0p05__wd1e-04trmiss0_degmodglobal,48,0.5508141134466443,0.6201745569705963,0.8888888888888888,0.9500000000000002,0.7142857142857143,0.0,0.487327584198543,0.5111690504210336,0.0922990082097905,0.33140613564423155,0.0,0.0,0.0,0.0,0.0,18473,global,0.0
5,1,lr5e-05_bs8_drop0p2_temp2p0_a0p25_b0p05__wd1e-04trmiss0_degmodglobal,8,5e-05,0.0001,0.2,2.0,0.25,0.05,lr5e-05_bs8_drop0p2_temp2p0_a0p25_b0p05__wd1e-04trmiss0_degmodglobal,49,0.5468711469854627,0.6191403567790985,0.8888888888888888,0.9500000000000002,0.7857142857142857,0.0,0.4973991130079542,0.5155532913548606,0.07234339575682368,0.2646400513393538,0.0,0.0,0.0,0.0,0.0,18473,global,0.0
5,1,lr5e-05_bs8_drop0p2_temp2p0_a0p25_b0p05__wd1e-04trmiss0_degmodglobal,8,5e-05,0.0001,0.2,2.0,0.25,0.05,lr5e-05_bs8_drop0p2_temp2p0_a0p25_b0p05__wd1e-04trmiss0_degmodglobal,50,0.5629735333578927,0.6241895854473114,0.8888888888888888,0.9500000000000002,0.7142857142857143,0.0,0.5260620542934963,0.5293731050831931,0.07460606577140945,0.29897851603371756,0.0,0.0,0.0,0.0,0.0,18473,global,0.0
5,1,lr5e-05_bs8_drop0p2_temp2p0_a0p25_b0p05__wd1e-04trmiss0_degmodglobal,8,5e-05,0.0001,0.2,2.0,0.25,0.05,lr5e-05_bs8_drop0p2_temp2p0_a0p25_b0p05__wd1e-04trmiss0_degmodglobal,51,0.5548538310187203,0.6255056262016296,0.8666666666666667,0.9435897435897438,0.7142857142857143,0.0,0.48303501095090595,0.5143366370882306,0.08875444425003869,0.3665716350078583,0.0,0.0,0.0,0.0,0.0,18473,global,0.0
5,1,lr5e-05_bs8_drop0p2_temp2p0_a0p25_b0p05__wd1e-04trmiss0_degmodglobal,8,5e-05,0.0001,0.2,2.0,0.25,0.05,lr5e-05_bs8_drop0p2_temp2p0_a0p25_b0p05__wd1e-04trmiss0_degmodglobal,52,0.5548389213425773,0.6243539154529572,0.8888888888888888,0.9500000000000002,0.7857142857142857,0.0,0.4792099254471915,0.5219875744410923,0.07401732408574649,0.2869402085031782,0.0,0.0,0.0,0.0,0.0,18473,global,0.0
5,1,lr5e-05_bs8_drop0p2_temp2p0_a0p25_b0p05__wd1e-04trmiss0_degmodglobal,8,5e-05,0.0001,0.2,2.0,0.25,0.05,lr5e-05_bs8_drop0p2_temp2p0_a0p25_b0p05__wd1e-04trmiss0_degmodglobal,53,0.539079840694155,0.6217172741889954,0.8888888888888888,0.9500000000000002,0.7857142857142857,0.0,0.4945515990257263,0.5155443549156189,0.055647329560347965,0.19247316143342427,0.0,0.0,0.0,0.0,0.0,18473,global,0.0
5,1,lr5e-05_bs8_drop0p2_temp2p0_a0p25_b0p05__wd1e-04trmiss0_degmodglobal,8,5e-05,0.0001,0.2,2.0,0.25,0.05,lr5e-05_bs8_drop0p2_temp2p0_a0p25_b0p05__wd1e-04trmiss0_degmodglobal,54,0.550701128584998,0.6218897104263306,0.9111111111111111,0.9575757575757577,0.7857142857142857,0.0,0.5024250107152122,0.5134018063545227,0.0873647571674415,0.30916269549301695,0.0,0.0,0.0,0.0,0.0,18473,global,0.0
5,1,lr5e-05_bs8_drop0p2_temp2p0_a0p25_b0p05__wd1e-04trmiss0_degmodglobal,8,5e-05,0.0001,0.2,2.0,0.25,0.05,lr5e-05_bs8_drop0p2_temp2p0_a0p25_b0p05__wd1e-04trmiss0_degmodglobal,55,0.5429400673934391,0.6228513419628143,0.8444444444444444,0.9170113836780505,0.7857142857142857,0.0,0.46138034973825726,0.497158591236387,0.10633247345685959,0.3839669930083411,0.0,0.0,0.0,0.0,0.0,18473,global,0.0
5,1,lr5e-05_bs8_drop0p4_temp1p0_a0p25_b0p05__wd1e-04trmiss0_degmodglobal,8,5e-05,0.0001,0.4,1.0,0.25,0.05,lr5e-05_bs8_drop0p4_temp1p0_a0p25_b0p05__wd1e-04trmiss0_degmodglobal,1,0.7663082224982125,0.7232365906238556,0.4444444444444444,0.6932437932437934,0.5,0.0,0.6992749656949725,0.7454144869531903,0.054603359528950283,0.1448577834027154,0.0,0.0,0.0,0.0,0.0,18473,global,0.0
5,1,lr5e-05_bs8_drop0p4_temp1p0_a0p25_b0p05__wd1e-04trmiss0_degmodglobal,8,5e-05,0.0001,0.4,1.0,0.25,0.05,lr5e-05_bs8_drop0p4_temp1p0_a0p25_b0p05__wd1e-04trmiss0_degmodglobal,2,0.7128606183188302,0.7079259157180786,0.5333333333333333,0.7306175306175307,0.5714285714285714,0.0,0.6530707733971732,0.6888326065880912,0.0588536374270916,0.18629169038363866,0.0,0.0,0.0,0.0,0.0,18473,global,0.0
5,1,lr5e-05_bs8_drop0p4_temp1p0_a0p25_b0p05__wd1e-04trmiss0_degmodglobal,8,5e-05,0.0001,0.4,1.0,0.25,0.05,lr5e-05_bs8_drop0p4_temp1p0_a0p25_b0p05__wd1e-04trmiss0_degmodglobal,3,0.7291071244648525,0.6982485949993134,0.6,0.7614478114478116,0.5714285714285714,0.0,0.6659503919737679,0.7060399310929435,0.05906550160476139,0.16601646904434478,0.0,0.0,0.0,0.0,0.0,18473,global,0.0
5,1,lr5e-05_bs8_drop0p4_temp1p0_a0p25_b0p05__wd1e-04trmiss0_degmodglobal,8,5e-05,0.0001,0.4,1.0,0.25,0.05,lr5e-05_bs8_drop0p4_temp1p0_a0p25_b0p05__wd1e-04trmiss0_degmodglobal,4,0.691976649420602,0.6984054446220398,0.6,0.7614478114478116,0.5714285714285714,0.0,0.6188676186970302,0.6681047252246312,0.059760618422712596,0.17863528111151286,0.0,0.0,0.0,0.0,0.0,18473,global,0.0
5,1,lr5e-05_bs8_drop0p4_temp1p0_a0p25_b0p05__wd1e-04trmiss0_degmodglobal,8,5e-05,0.0001,0.4,1.0,0.25,0.05,lr5e-05_bs8_drop0p4_temp1p0_a0p25_b0p05__wd1e-04trmiss0_degmodglobal,5,0.7270288978304181,0.7002689242362976,0.5777777777777777,0.7495430495430497,0.5714285714285714,0.0,0.6646089979580471,0.7032913650785174,0.062356757266180854,0.16296700175319398,0.0,0.0,0.0,0.0,0.0,18473,global,0.0
5,1,lr5e-05_bs8_drop0p4_temp1p0_a0p25_b0p05__wd1e-04trmiss0_degmodglobal,8,5e-05,0.0001,0.4,1.0,0.25,0.05,lr5e-05_bs8_drop0p4_temp1p0_a0p25_b0p05__wd1e-04trmiss0_degmodglobal,6,0.6782859138080052,0.6936834156513214,0.6222222222222222,0.7633477633477634,0.5714285714285714,0.0,0.6151497278894696,0.6540184446743557,0.05618415506822722,0.20442859775253705,0.0,0.0,0.0,0.0,0.0,18473,global,0.0
5,1,lr5e-05_bs8_drop0p4_temp1p0_a0p25_b0p05__wd1e-04trmiss0_degmodglobal,8,5e-05,0.0001,0.4,1.0,0.25,0.05,lr5e-05_bs8_drop0p4_temp1p0_a0p25_b0p05__wd1e-04trmiss0_degmodglobal,7,0.699482900755746,0.6852681040763855,0.6888888888888889,0.817784067784068,0.5714285714285714,0.0,0.6445827313831874,0.6795217735426766,0.05176267879349845,0.14040906514440263,0.0,0.0,0.0,0.0,0.0,18473,global,0.0
5,1,lr5e-05_bs8_drop0p4_temp1p0_a0p25_b0p05__wd1e-04trmiss0_degmodglobal,8,5e-05,0.0001,0.4,1.0,0.25,0.05,lr5e-05_bs8_drop0p4_temp1p0_a0p25_b0p05__wd1e-04trmiss0_degmodglobal,8,0.6485066669327872,0.6817663311958313,0.711111111111111,0.8226020892687562,0.5714285714285714,0.0,0.6430313842637199,0.6252250330788749,0.055343158543109894,0.18891707807779312,0.0,0.0,0.0,0.0,0.0,18473,global,0.0
5,1,lr5e-05_bs8_drop0p4_temp1p0_a0p25_b0p05__wd1e-04trmiss0_degmodglobal,8,5e-05,0.0001,0.4,1.0,0.25,0.05,lr5e-05_bs8_drop0p4_temp1p0_a0p25_b0p05__wd1e-04trmiss0_degmodglobal,9,0.6640848517417908,0.6878421008586884,0.7333333333333334,0.8082722832722833,0.5,0.0,0.6510081376348223,0.6452989493097577,0.04447124818606036,0.1533616440636771,0.0,0.0,0.0,0.0,0.0,18473,global,0.0
5,1,lr5e-05_bs8_drop0p4_temp1p0_a0p25_b0p05__wd1e-04trmiss0_degmodglobal,8,5e-05,0.0001,0.4,1.0,0.25,0.05,lr5e-05_bs8_drop0p4_temp1p0_a0p25_b0p05__wd1e-04trmiss0_degmodglobal,10,0.6361676795142037,0.6921506822109222,0.7333333333333334,0.8082722832722833,0.5,0.0,0.5978711673191616,0.6171986545835223,0.047577096947601864,0.1414951698056289,0.0,0.0,0.0,0.0,0.0,18473,global,0.0
5,1,lr5e-05_bs8_drop0p4_temp1p0_a0p25_b0p05__wd1e-04trmiss0_degmodglobal,8,5e-05,0.0001,0.4,1.0,0.25,0.05,lr5e-05_bs8_drop0p4_temp1p0_a0p25_b0p05__wd1e-04trmiss0_degmodglobal,11,0.6313072272709438,0.6938462853431702,0.711111111111111,0.7527167277167278,0.5,0.0,0.6255785482270377,0.6094846129417419,0.05037557120834078,0.18457439541816711,0.0,0.0,0.0,0.0,0.0,18473,global,0.0
5,1,lr5e-05_bs8_drop0p4_temp1p0_a0p25_b0p05__wd1e-04trmiss0_degmodglobal,8,5e-05,0.0001,0.4,1.0,0.25,0.05,lr5e-05_bs8_drop0p4_temp1p0_a0p25_b0p05__wd1e-04trmiss0_degmodglobal,12,0.6839433823313031,0.6911111176013947,0.711111111111111,0.7527167277167278,0.5714285714285714,0.0,0.5900877714157104,0.647874014718192,0.08916060387023858,0.2755843071000917,0.0,0.0,0.0,0.0,0.0,18473,global,0.0
5,1,lr5e-05_bs8_drop0p4_temp1p0_a0p25_b0p05__wd1e-04trmiss0_degmodglobal,8,5e-05,0.0001,0.4,1.0,0.25,0.05,lr5e-05_bs8_drop0p4_temp1p0_a0p25_b0p05__wd1e-04trmiss0_degmodglobal,13,0.6674301453999111,0.6854215860366821,0.7333333333333334,0.8082722832722833,0.5,0.0,0.6018512504441398,0.6440359694617135,0.06039357930421829,0.16591567439692362,0.0,0.0,0.0,0.0,0.0,18473,global,0.0
5,1,lr5e-05_bs8_drop0p4_temp1p0_a0p25_b0p05__wd1e-04trmiss0_degmodglobal,8,5e-05,0.0001,0.4,1.0,0.25,0.05,lr5e-05_bs8_drop0p4_temp1p0_a0p25_b0p05__wd1e-04trmiss0_degmodglobal,14,0.6514660290309361,0.6675366163253784,0.7333333333333333,0.8542038208704876,0.6428571428571429,0.0,0.5842794690813337,0.6296028069087437,0.05567297845014504,0.15889972767659596,0.0,0.0,0.0,0.0,0.0,18473,global,0.0
5,1,lr5e-05_bs8_drop0p4_temp1p0_a0p25_b0p05__wd1e-04trmiss0_degmodglobal,8,5e-05,0.0001,0.4,1.0,0.25,0.05,lr5e-05_bs8_drop0p4_temp1p0_a0p25_b0p05__wd1e-04trmiss0_degmodglobal,15,0.6331462945256915,0.6417251527309418,0.8,0.9108175774842442,0.6428571428571429,0.0,0.552232733794621,0.6089202250753131,0.05739380845001766,0.19755217752286366,0.0,0.0,0.0,0.0,0.0,18473,global,0.0
5,1,lr5e-05_bs8_drop0p4_temp1p0_a0p25_b0p05__wd1e-04trmiss0_degmodglobal,8,5e-05,0.0001,0.4,1.0,0.25,0.05,lr5e-05_bs8_drop0p4_temp1p0_a0p25_b0p05__wd1e-04trmiss0_degmodglobal,16,0.6356651868138995,0.6530183851718903,0.7999999999999999,0.8953093203093205,0.7857142857142857,0.0,0.563100244317736,0.6100425549915859,0.06268952361174993,0.19900499710014888,0.0,0.0,0.0,0.0,0.0,18473,global,0.0
5,1,lr5e-05_bs8_drop0p4_temp1p0_a0p25_b0p05__wd1e-04trmiss0_degmodglobal,8,5e-05,0.0001,0.4,1.0,0.25,0.05,lr5e-05_bs8_drop0p4_temp1p0_a0p25_b0p05__wd1e-04trmiss0_degmodglobal,17,0.6197905455316816,0.6580826938152313,0.7999999999999999,0.8953093203093205,0.7857142857142857,0.0,0.5870149050440107,0.5967926212719509,0.05957931439791407,0.16206189457859313,0.0,0.0,0.0,0.0,0.0,18473,global,0.0
5,1,lr5e-05_bs8_drop0p4_temp1p0_a0p25_b0p05__wd1e-04trmiss0_degmodglobal,8,5e-05,0.0001,0.4,1.0,0.25,0.05,lr5e-05_bs8_drop0p4_temp1p0_a0p25_b0p05__wd1e-04trmiss0_degmodglobal,18,0.6432441047259739,0.6428103446960449,0.888888888888889,0.9534662867996202,0.8571428571428571,0.0,0.586670424257006,0.6167958634240287,0.06227551107960088,0.2175873645714351,0.0,0.0,0.0,0.0,0.0,18473,global,0.0
5,1,lr5e-05_bs8_drop0p4_temp1p0_a0p25_b0p05__wd1e-04trmiss0_degmodglobal,8,5e-05,0.0001,0.4,1.0,0.25,0.05,lr5e-05_bs8_drop0p4_temp1p0_a0p25_b0p05__wd1e-04trmiss0_degmodglobal,19,0.6189520955085754,0.6392732858657837,0.9111111111111111,0.9598765432098768,0.7857142857142857,0.0,0.5605208831174033,0.5998092378888812,0.04654558801225254,0.15012926395450318,0.0,0.0,0.0,0.0,0.0,18473,global,0.0
5,1,lr5e-05_bs8_drop0p4_temp1p0_a0p25_b0p05__wd1e-04trmiss0_degmodglobal,8,5e-05,0.0001,0.4,1.0,0.25,0.05,lr5e-05_bs8_drop0p4_temp1p0_a0p25_b0p05__wd1e-04trmiss0_degmodglobal,20,0.6111361895288739,0.6889106035232544,0.7777777777777778,0.8551858635191969,0.5,0.0,0.5636433107512338,0.5862738149506705,0.06641276872583798,0.16518378630280495,0.0,0.0,0.0,0.0,0.0,18473,global,0.0
5,1,lr5e-05_bs8_drop0p4_temp1p0_a0p25_b0p05__wd1e-04trmiss0_degmodglobal,8,5e-05,0.0001,0.4,1.0,0.25,0.05,lr5e-05_bs8_drop0p4_temp1p0_a0p25_b0p05__wd1e-04trmiss0_degmodglobal,21,0.5927443930080959,0.7159301042556763,0.6,0.7427079093745761,0.35714285714285715,0.0,0.5402400280748095,0.5699760402951922,0.06192247649388654,0.14575461723974772,0.0,0.0,0.0,0.0,0.0,18473,global,0.0
5,1,lr5e-05_bs8_drop0p4_temp1p0_a0p25_b0p05__wd1e-04trmiss0_degmodglobal,8,5e-05,0.0001,0.4,1.0,0.25,0.05,lr5e-05_bs8_drop0p4_temp1p0_a0p25_b0p05__wd1e-04trmiss0_degmodglobal,22,0.6159857256071908,0.6938477158546448,0.6666666666666666,0.8168430335097003,0.5,0.0,0.5845564007759094,0.5918845449175153,0.059800409844943454,0.18302175296204432,0.0,0.0,0.0,0.0,0.0,18473,global,0.0
5,1,lr5e-05_bs8_drop0p4_temp1p0_a0p25_b0p05__wd1e-04trmiss0_degmodglobal,8,5e-05,0.0001,0.4,1.0,0.25,0.05,lr5e-05_bs8_drop0p4_temp1p0_a0p25_b0p05__wd1e-04trmiss0_degmodglobal,23,0.6221761533192226,0.6851045787334442,0.7111111111111111,0.8371523538190206,0.5,0.0,0.5558943961347852,0.5920311297689166,0.07647667612348284,0.22051697543689183,0.0,0.0,0.0,0.0,0.0,18473,global,0.0
5,1,lr5e-05_bs8_drop0p4_temp1p0_a0p25_b0p05__wd1e-04trmiss0_degmodglobal,8,5e-05,0.0001,0.4,1.0,0.25,0.05,lr5e-05_bs8_drop0p4_temp1p0_a0p25_b0p05__wd1e-04trmiss0_degmodglobal,24,0.6317838685853141,0.6783167123794556,0.7333333333333333,0.843562610229277,0.5714285714285714,0.0,0.5610306092670986,0.6032345294952393,0.07229499359216009,0.2095117478498391,0.0,0.0,0.0,0.0,0.0,18473,global,0.0
5,1,lr5e-05_bs8_drop0p4_temp1p0_a0p25_b0p05__wd1e-04trmiss0_degmodglobal,8,5e-05,0.0001,0.4,1.0,0.25,0.05,lr5e-05_bs8_drop0p4_temp1p0_a0p25_b0p05__wd1e-04trmiss0_degmodglobal,25,0.5993999668530056,0.6652354001998901,0.7777777777777777,0.8686948853615521,0.5714285714285714,0.0,0.5847971439361572,0.5793854168483189,0.05166369383888585,0.14197259289877756,0.0,0.0,0.0,0.0,0.0,18473,global,0.0
5,1,lr5e-05_bs8_drop0p4_temp1p0_a0p25_b0p05__wd1e-04trmiss0_degmodglobal,8,5e-05,0.0001,0.4,1.0,0.25,0.05,lr5e-05_bs8_drop0p4_temp1p0_a0p25_b0p05__wd1e-04trmiss0_degmodglobal,26,0.6017454181398664,0.6688544452190399,0.7777777777777778,0.8714165464165466,0.5,0.0,0.5528961845806667,0.5817638550485883,0.05466263209070478,0.12631815671920776,0.0,0.0,0.0,0.0,0.0,18473,global,0.0
5,1,lr5e-05_bs8_drop0p4_temp1p0_a0p25_b0p05__wd1e-04trmiss0_degmodglobal,8,5e-05,0.0001,0.4,1.0,0.25,0.05,lr5e-05_bs8_drop0p4_temp1p0_a0p25_b0p05__wd1e-04trmiss0_degmodglobal,27,0.6121785981314523,0.6679670810699463,0.7777777777777778,0.8714165464165466,0.5,0.0,0.5542563114847455,0.5886988384383065,0.0662830684866224,0.13818026480398007,0.0,0.0,0.0,0.0,0.0,18473,global,0.0
5,1,lr5e-05_bs8_drop0p4_temp1p0_a0p25_b0p05__wd1e-04trmiss0_degmodglobal,8,5e-05,0.0001,0.4,1.0,0.25,0.05,lr5e-05_bs8_drop0p4_temp1p0_a0p25_b0p05__wd1e-04trmiss0_degmodglobal,28,0.5895056128501892,0.6700948476791382,0.7999999999999999,0.8794973544973546,0.5,0.0,0.5569167648042951,0.5695357067244393,0.05365831218659878,0.13110642188361712,0.0,0.0,0.0,0.0,0.0,18473,global,0.0
5,1,lr5e-05_bs8_drop0p4_temp1p0_a0p25_b0p05__wd1e-04trmiss0_degmodglobal,8,5e-05,0.0001,0.4,1.0,0.25,0.05,lr5e-05_bs8_drop0p4_temp1p0_a0p25_b0p05__wd1e-04trmiss0_degmodglobal,29,0.6038850545883179,0.6740424335002899,0.7555555555555555,0.860614077280744,0.5,0.0,0.5495973995753697,0.5771528312138149,0.0676526879625661,0.1963812102164541,0.0,0.0,0.0,0.0,0.0,18473,global,0.0
5,1,lr5e-05_bs8_drop0p4_temp1p0_a0p25_b0p05__wd1e-04trmiss0_degmodglobal,8,5e-05,0.0001,0.4,1.0,0.25,0.05,lr5e-05_bs8_drop0p4_temp1p0_a0p25_b0p05__wd1e-04trmiss0_degmodglobal,30,0.5901673095566886,0.6766209006309509,0.711111111111111,0.8354818021484689,0.5714285714285714,0.0,0.538402612720217,0.5639652439526149,0.07460231333971024,0.1510297262242862,0.0,0.0,0.0,0.0,0.0,18473,global,0.0
5,1,lr5e-05_bs8_drop0p4_temp1p0_a0p25_b0p05__wd1e-04trmiss0_degmodglobal,8,5e-05,0.0001,0.4,1.0,0.25,0.05,lr5e-05_bs8_drop0p4_temp1p0_a0p25_b0p05__wd1e-04trmiss0_degmodglobal,31,0.61285913842065,0.663654237985611,0.8222222222222222,0.8893738977072312,0.5,0.0,0.5415065033095223,0.5827665414128985,0.07783484818147761,0.21267749901328767,0.0,0.0,0.0,0.0,0.0,18473,global,0.0
5,1,lr5e-05_bs8_drop0p4_temp1p0_a0p25_b0p05__wd1e-04trmiss0_degmodglobal,8,5e-05,0.0001,0.4,1.0,0.25,0.05,lr5e-05_bs8_drop0p4_temp1p0_a0p25_b0p05__wd1e-04trmiss0_degmodglobal,32,0.5638438888958522,0.6553866863250732,0.8444444444444444,0.9115961199294533,0.5714285714285714,0.0,0.550332384450095,0.5427046503339495,0.06430698159549918,0.10124987097723144,0.0,0.0,0.0,0.0,0.0,18473,global,0.0
5,1,lr5e-05_bs8_drop0p4_temp1p0_a0p25_b0p05__wd1e-04trmiss0_degmodglobal,8,5e-05,0.0001,0.4,1.0,0.25,0.05,lr5e-05_bs8_drop0p4_temp1p0_a0p25_b0p05__wd1e-04trmiss0_degmodglobal,33,0.6012354322842189,0.6488921642303467,0.8666666666666667,0.9191718775052109,0.5714285714285714,0.0,0.5627183658736092,0.5801109671592712,0.0626806238932269,0.1090860686131886,0.0,0.0,0.0,0.0,0.0,18473,global,0.0
5,1,lr5e-05_bs8_drop0p4_temp1p0_a0p25_b0p05__wd1e-04trmiss0_degmodglobal,8,5e-05,0.0001,0.4,1.0,0.25,0.05,lr5e-05_bs8_drop0p4_temp1p0_a0p25_b0p05__wd1e-04trmiss0_degmodglobal,34,0.5932369998523167,0.6545857787132263,0.8444444444444444,0.8969496552829888,0.5714285714285714,0.0,0.5230505423886436,0.5645317009517125,0.07371700288993972,0.20552092790603638,0.0,0.0,0.0,0.0,0.0,18473,global,0.0
5,1,lr5e-05_bs8_drop0p4_temp1p0_a0p25_b0p05__wd1e-04trmiss0_degmodglobal,8,5e-05,0.0001,0.4,1.0,0.25,0.05,lr5e-05_bs8_drop0p4_temp1p0_a0p25_b0p05__wd1e-04trmiss0_degmodglobal,35,0.6256452713693891,0.6578867435455322,0.8444444444444444,0.8969496552829888,0.5714285714285714,0.0,0.5201219958918435,0.5999043754168919,0.06509573943912983,0.189339174755982,0.0,0.0,0.0,0.0,0.0,18473,global,0.0
5,1,lr5e-05_bs8_drop0p4_temp1p0_a0p25_b0p05__wd1e-04trmiss0_degmodglobal,8,5e-05,0.0001,0.4,1.0,0.25,0.05,lr5e-05_bs8_drop0p4_temp1p0_a0p25_b0p05__wd1e-04trmiss0_degmodglobal,36,0.5975356442587716,0.6613591313362122,0.7555555555555555,0.8567901234567903,0.5,0.0,0.5261441724640983,0.5746059758322579,0.05876673012971878,0.1647594070860318,0.0,0.0,0.0,0.0,0.0,18473,global,0.0
5,1,lr5e-05_bs8_drop0p4_temp1p0_a0p25_b0p05__wd1e-04trmiss0_degmodglobal,8,5e-05,0.0001,0.4,1.0,0.25,0.05,lr5e-05_bs8_drop0p4_temp1p0_a0p25_b0p05__wd1e-04trmiss0_degmodglobal,37,0.5947306156158447,0.6566603779792786,0.7555555555555555,0.8657848324514992,0.6428571428571429,0.0,0.5304412628923144,0.5629813926560538,0.07647544651159219,0.25260735622474123,0.0,0.0,0.0,0.0,0.0,18473,global,0.0
5,1,lr5e-05_bs8_drop0p4_temp1p0_a0p25_b0p05__wd1e-04trmiss0_degmodglobal,8,5e-05,0.0001,0.4,1.0,0.25,0.05,lr5e-05_bs8_drop0p4_temp1p0_a0p25_b0p05__wd1e-04trmiss0_degmodglobal,38,0.5841661010469709,0.6440341770648956,0.8,0.8909171075837745,0.7142857142857143,0.0,0.5064857431820461,0.5531205194337028,0.08041689917445183,0.218827486038208,0.0,0.0,0.0,0.0,0.0,18473,global,0.0
5,1,lr5e-05_bs8_drop0p4_temp1p0_a0p25_b0p05__wd1e-04trmiss0_degmodglobal,8,5e-05,0.0001,0.4,1.0,0.25,0.05,lr5e-05_bs8_drop0p4_temp1p0_a0p25_b0p05__wd1e-04trmiss0_degmodglobal,39,0.5910214015415737,0.6430492699146271,0.8,0.8865881032547702,0.6428571428571429,0.0,0.5440203845500946,0.562145505632673,0.07467419893613883,0.2041472185935293,0.0,0.0,0.0,0.0,0.0,18473,global,0.0
5,1,lr5e-05_bs8_drop0p4_temp2p0_a0p25_b0p05__wd1e-04trmiss0_degmodglobal,8,5e-05,0.0001,0.4,2.0,0.25,0.05,lr5e-05_bs8_drop0p4_temp2p0_a0p25_b0p05__wd1e-04trmiss0_degmodglobal,1,0.6785964369773865,0.6735317707061768,0.5333333333333333,0.7890492223825558,0.5714285714285714,0.0,0.7277433787073407,0.6445276992661613,0.07217967935970851,0.3204764745065144,0.0,0.0,0.0,0.0,0.0,18473,global,0.0
5,1,lr5e-05_bs8_drop0p4_temp2p0_a0p25_b0p05__wd1e-04trmiss0_degmodglobal,8,5e-05,0.0001,0.4,2.0,0.25,0.05,lr5e-05_bs8_drop0p4_temp2p0_a0p25_b0p05__wd1e-04trmiss0_degmodglobal,2,0.6934858901160104,0.6628352105617523,0.5555555555555556,0.7967652717652718,0.5714285714285714,0.0,0.7077845335006714,0.655992831502642,0.07887473170246397,0.3554877532379968,0.0,0.0,0.0,0.0,0.0,18473,global,0.0
5,1,lr5e-05_bs8_drop0p4_temp2p0_a0p25_b0p05__wd1e-04trmiss0_degmodglobal,8,5e-05,0.0001,0.4,2.0,0.25,0.05,lr5e-05_bs8_drop0p4_temp2p0_a0p25_b0p05__wd1e-04trmiss0_degmodglobal,3,0.6836685878889901,0.6573704779148102,0.6222222222222222,0.8233525733525735,0.5714285714285714,0.0,0.718999811581203,0.6474060841969081,0.07851950558168548,0.33265242193426403,0.0,0.0,0.0,0.0,0.0,18473,global,0.0
5,1,lr5e-05_bs8_drop0p4_temp2p0_a0p25_b0p05__wd1e-04trmiss0_degmodglobal,8,5e-05,0.0001,0.4,2.0,0.25,0.05,lr5e-05_bs8_drop0p4_temp2p0_a0p25_b0p05__wd1e-04trmiss0_degmodglobal,4,0.6713437182562692,0.6582323014736176,0.6,0.8154660154660156,0.5714285714285714,0.0,0.713239882673536,0.6389862298965454,0.07002192576016698,0.29704003036022186,0.0,0.0,0.0,0.0,0.0,18473,global,0.0
5,1,lr5e-05_bs8_drop0p4_temp2p0_a0p25_b0p05__wd1e-04trmiss0_degmodglobal,8,5e-05,0.0001,0.4,2.0,0.25,0.05,lr5e-05_bs8_drop0p4_temp2p0_a0p25_b0p05__wd1e-04trmiss0_degmodglobal,5,0.6667949472154889,0.6568817496299744,0.6,0.8154660154660156,0.5714285714285714,0.0,0.6860420789037432,0.6348995225770133,0.06756551350866045,0.3000808869089399,0.0,0.0,0.0,0.0,0.0,18473,global,0.0
5,1,lr5e-05_bs8_drop0p4_temp2p0_a0p25_b0p05__wd1e-04trmiss0_degmodglobal,8,5e-05,0.0001,0.4,2.0,0.25,0.05,lr5e-05_bs8_drop0p4_temp2p0_a0p25_b0p05__wd1e-04trmiss0_degmodglobal,6,0.6480435132980347,0.6587940454483032,0.6,0.8154660154660156,0.5714285714285714,0.0,0.6900547572544643,0.6106725079672677,0.08209566665547234,0.33694180846214294,0.0,0.0,0.0,0.0,0.0,18473,global,0.0
5,1,lr5e-05_bs8_drop0p4_temp2p0_a0p25_b0p05__wd1e-04trmiss0_degmodglobal,8,5e-05,0.0001,0.4,2.0,0.25,0.05,lr5e-05_bs8_drop0p4_temp2p0_a0p25_b0p05__wd1e-04trmiss0_degmodglobal,7,0.6243355614798409,0.6587219834327698,0.6222222222222222,0.8286935286935289,0.5,0.0,0.6659216199602399,0.5879920295306614,0.08412878853934151,0.306226630296026,0.0,0.0,0.0,0.0,0.0,18473,global,0.0
5,1,lr5e-05_bs8_drop0p4_temp2p0_a0p25_b0p05__wd1e-04trmiss0_degmodglobal,8,5e-05,0.0001,0.4,2.0,0.25,0.05,lr5e-05_bs8_drop0p4_temp2p0_a0p25_b0p05__wd1e-04trmiss0_degmodglobal,8,0.616111159324646,0.6565442085266113,0.6222222222222222,0.8286935286935289,0.5714285714285714,0.0,0.6701786858694894,0.5846468039921352,0.0720968267747334,0.2688030004501343,0.0,0.0,0.0,0.0,0.0,18473,global,0.0
5,1,lr5e-05_bs8_drop0p4_temp2p0_a0p25_b0p05__wd1e-04trmiss0_degmodglobal,8,5e-05,0.0001,0.4,2.0,0.25,0.05,lr5e-05_bs8_drop0p4_temp2p0_a0p25_b0p05__wd1e-04trmiss0_degmodglobal,9,0.6202131339481899,0.6484671533107758,0.6888888888888889,0.8621693121693124,0.5714285714285714,0.0,0.6698984759194511,0.5922714642116002,0.06168922808553491,0.2503870299884251,0.0,0.0,0.0,0.0,0.0,18473,global,0.0
5,1,lr5e-05_bs8_drop0p4_temp2p0_a0p25_b0p05__wd1e-04trmiss0_degmodglobal,8,5e-05,0.0001,0.4,2.0,0.25,0.05,lr5e-05_bs8_drop0p4_temp2p0_a0p25_b0p05__wd1e-04trmiss0_degmodglobal,10,0.6126597608838763,0.6503974497318268,0.6,0.8216228216228216,0.5,0.0,0.6571341071810041,0.5779115217072623,0.07965076501880373,0.2967109754681587,0.0,0.0,0.0,0.0,0.0,18473,global,0.0
5,1,lr5e-05_bs8_drop0p4_temp2p0_a0p25_b0p05__wd1e-04trmiss0_degmodglobal,8,5e-05,0.0001,0.4,2.0,0.25,0.05,lr5e-05_bs8_drop0p4_temp2p0_a0p25_b0p05__wd1e-04trmiss0_degmodglobal,11,0.6100656560489109,0.6505074203014374,0.6666666666666666,0.8550986050986054,0.5714285714285714,0.0,0.6316782576697213,0.5812758718218122,0.06213589491588729,0.2651161806924002,0.0,0.0,0.0,0.0,0.0,18473,global,0.0
5,1,lr5e-05_bs8_drop0p4_temp2p0_a0p25_b0p05__wd1e-04trmiss0_degmodglobal,8,5e-05,0.0001,0.4,2.0,0.25,0.05,lr5e-05_bs8_drop0p4_temp2p0_a0p25_b0p05__wd1e-04trmiss0_degmodglobal,12,0.617868993963514,0.6528648138046265,0.6,0.8249898249898251,0.5714285714285714,0.0,0.6419664365904671,0.5855036377906799,0.07334662095776626,0.2805737576314381,0.0,0.0,0.0,0.0,0.0,18473,global,0.0
5,1,lr5e-05_bs8_drop0p4_temp2p0_a0p25_b0p05__wd1e-04trmiss0_degmodglobal,8,5e-05,0.0001,0.4,2.0,0.25,0.05,lr5e-05_bs8_drop0p4_temp2p0_a0p25_b0p05__wd1e-04trmiss0_degmodglobal,13,0.6124974914959499,0.6451134085655212,0.6,0.8086598586598588,0.5714285714285714,0.0,0.6464081662041801,0.574718143258776,0.08946032662476812,0.30828546413353514,0.0,0.0,0.0,0.0,0.0,18473,global,0.0
5,1,lr5e-05_bs8_drop0p4_temp2p0_a0p25_b0p05__wd1e-04trmiss0_degmodglobal,8,5e-05,0.0001,0.4,2.0,0.25,0.05,lr5e-05_bs8_drop0p4_temp2p0_a0p25_b0p05__wd1e-04trmiss0_degmodglobal,14,0.5971537402697972,0.6419036686420441,0.7111111111111111,0.8724978724978727,0.5714285714285714,0.0,0.6270807470594134,0.5616936343056815,0.08065684139728546,0.3059180762086596,0.0,0.0,0.0,0.0,0.0,18473,global,0.0
5,1,lr5e-05_bs8_drop0p4_temp2p0_a0p25_b0p05__wd1e-04trmiss0_degmodglobal,8,5e-05,0.0001,0.4,2.0,0.25,0.05,lr5e-05_bs8_drop0p4_temp2p0_a0p25_b0p05__wd1e-04trmiss0_degmodglobal,15,0.5977925317628043,0.6379295885562897,0.6888888888888889,0.8605931105931108,0.6428571428571429,0.0,0.6218975101198468,0.5571021139621735,0.09173093523297991,0.35515403428248,0.0,0.0,0.0,0.0,0.0,18473,global,0.0
5,1,lr5e-05_bs8_drop0p4_temp2p0_a0p25_b0p05__wd1e-04trmiss0_degmodglobal,8,5e-05,0.0001,0.4,2.0,0.25,0.05,lr5e-05_bs8_drop0p4_temp2p0_a0p25_b0p05__wd1e-04trmiss0_degmodglobal,16,0.5852641803877694,0.6342879235744476,0.7111111111111111,0.8724978724978727,0.7142857142857143,0.0,0.5981371147292001,0.5495909367288861,0.08523172725524221,0.2873062331761633,0.0,0.0,0.0,0.0,0.0,18473,global,0.0
5,1,lr5e-05_bs8_drop0p4_temp2p0_a0p25_b0p05__wd1e-04trmiss0_degmodglobal,8,5e-05,0.0001,0.4,2.0,0.25,0.05,lr5e-05_bs8_drop0p4_temp2p0_a0p25_b0p05__wd1e-04trmiss0_degmodglobal,17,0.5723361798695156,0.620511919260025,0.8444444444444444,0.9355089355089357,0.7142857142857143,0.0,0.6059055413518634,0.534638489995684,0.07925376136388097,0.3576849805457251,0.0,0.0,0.0,0.0,0.0,18473,global,0.0
5,1,lr5e-05_bs8_drop0p4_temp2p0_a0p25_b0p05__wd1e-04trmiss0_degmodglobal,8,5e-05,0.0001,0.4,2.0,0.25,0.05,lr5e-05_bs8_drop0p4_temp2p0_a0p25_b0p05__wd1e-04trmiss0_degmodglobal,18,0.589296179158347,0.6217396855354309,0.7777777777777778,0.9021756021756022,0.7142857142857143,0.0,0.6097911596298218,0.5517416340964181,0.08729289259229388,0.31462655322892324,0.0,0.0,0.0,0.0,0.0,18473,global,0.0
5,1,lr5e-05_bs8_drop0p4_temp2p0_a0p25_b0p05__wd1e-04trmiss0_degmodglobal,8,5e-05,0.0001,0.4,2.0,0.25,0.05,lr5e-05_bs8_drop0p4_temp2p0_a0p25_b0p05__wd1e-04trmiss0_degmodglobal,19,0.5700352447373527,0.6194336116313934,0.7777777777777778,0.9021756021756022,0.7142857142857143,0.0,0.6226562176431928,0.5374957067625863,0.07523566910198756,0.2746120329414095,0.0,0.0,0.0,0.0,0.0,18473,global,0.0
5,1,lr5e-05_bs8_drop0p4_temp2p0_a0p25_b0p05__wd1e-04trmiss0_degmodglobal,8,5e-05,0.0001,0.4,2.0,0.25,0.05,lr5e-05_bs8_drop0p4_temp2p0_a0p25_b0p05__wd1e-04trmiss0_degmodglobal,20,0.5786600623811994,0.6262697577476501,0.7777777777777778,0.8949445616112284,0.7142857142857143,0.0,0.6189470205988202,0.5500361493655613,0.0641323993248599,0.2518163813011987,0.0,0.0,0.0,0.0,0.0,18473,global,0.0
5,1,lr5e-05_bs8_drop0p4_temp2p0_a0p25_b0p05__wd1e-04trmiss0_degmodglobal,8,5e-05,0.0001,0.4,2.0,0.25,0.05,lr5e-05_bs8_drop0p4_temp2p0_a0p25_b0p05__wd1e-04trmiss0_degmodglobal,21,0.5929546483925411,0.6038132309913635,0.7777777777777778,0.9021756021756022,0.7142857142857143,0.0,0.5802149432046073,0.5631801996912275,0.07700780885560173,0.21044994464942388,0.0,0.0,0.0,0.0,0.0,18473,global,0.0
5,1,lr5e-05_bs8_drop0p4_temp2p0_a0p25_b0p05__wd1e-04trmiss0_degmodglobal,8,5e-05,0.0001,0.4,2.0,0.25,0.05,lr5e-05_bs8_drop0p4_temp2p0_a0p25_b0p05__wd1e-04trmiss0_degmodglobal,22,0.5795767818178449,0.6036159098148346,0.8,0.9108175774842442,0.6428571428571429,0.0,0.610253027507237,0.5362493991851807,0.0930678014244352,0.40120882860251833,0.0,0.0,0.0,0.0,0.0,18473,global,0.0
5,1,lr5e-05_bs8_drop0p4_temp2p0_a0p25_b0p05__wd1e-04trmiss0_degmodglobal,8,5e-05,0.0001,0.4,2.0,0.25,0.05,lr5e-05_bs8_drop0p4_temp2p0_a0p25_b0p05__wd1e-04trmiss0_degmodglobal,23,0.5837520446096148,0.6100462377071381,0.8222222222222222,0.9216200466200468,0.6428571428571429,0.0,0.580112269946507,0.5455961397715977,0.08928811124392919,0.3166773329888071,0.0,0.0,0.0,0.0,0.0,18473,global,0.0
5,1,lr5e-05_bs8_drop0p4_temp2p0_a0p25_b0p05__wd1e-04trmiss0_degmodglobal,8,5e-05,0.0001,0.4,2.0,0.25,0.05,lr5e-05_bs8_drop0p4_temp2p0_a0p25_b0p05__wd1e-04trmiss0_degmodglobal,24,0.577190386397498,0.6032417118549347,0.8222222222222222,0.9216200466200468,0.6428571428571429,0.0,0.5753299338476998,0.5382631719112396,0.09572884706514222,0.2999001571110317,0.0,0.0,0.0,0.0,0.0,18473,global,0.0
5,1,lr5e-05_bs8_drop0p4_temp2p0_a0p25_b0p05__wd1e-04trmiss0_degmodglobal,8,5e-05,0.0001,0.4,2.0,0.25,0.05,lr5e-05_bs8_drop0p4_temp2p0_a0p25_b0p05__wd1e-04trmiss0_degmodglobal,25,0.5689442157745361,0.6106450855731964,0.8,0.9108175774842442,0.6428571428571429,0.0,0.6134319049971444,0.5258236186844962,0.10400768901620593,0.34237344775881084,0.0,0.0,0.0,0.0,0.0,18473,global,0.0
5,1,lr5e-05_bs8_drop0p4_temp2p0_a0p25_b0p05__wd1e-04trmiss0_degmodglobal,8,5e-05,0.0001,0.4,2.0,0.25,0.05,lr5e-05_bs8_drop0p4_temp2p0_a0p25_b0p05__wd1e-04trmiss0_degmodglobal,26,0.5622724890708923,0.6070526242256165,0.8222222222222222,0.9188983855650523,0.6428571428571429,0.0,0.5880128060068402,0.5298473068646022,0.08105688648564476,0.24321924788611277,0.0,0.0,0.0,0.0,0.0,18473,global,0.0
5,1,lr5e-05_bs8_drop0p4_temp2p0_a0p25_b0p05__wd1e-04trmiss0_degmodglobal,8,5e-05,0.0001,0.4,2.0,0.25,0.05,lr5e-05_bs8_drop0p4_temp2p0_a0p25_b0p05__wd1e-04trmiss0_degmodglobal,27,0.5962252446583339,0.6061119735240936,0.8222222222222222,0.9216200466200468,0.7142857142857143,0.0,0.5889735903058734,0.5519415310450962,0.10413067947540965,0.3650206668036325,0.0,0.0,0.0,0.0,0.0,18473,global,0.0
5,1,lr5e-05_bs8_drop0p4_temp2p0_a0p25_b0p05__wd1e-04trmiss0_degmodglobal,8,5e-05,0.0001,0.4,2.0,0.25,0.05,lr5e-05_bs8_drop0p4_temp2p0_a0p25_b0p05__wd1e-04trmiss0_degmodglobal,28,0.5888420598847526,0.6049067676067352,0.8444444444444444,0.9253086419753087,0.7142857142857143,0.0,0.5677051373890468,0.5543785350663322,0.08765526648078646,0.25099431723356247,0.0,0.0,0.0,0.0,0.0,18473,global,0.0
5,1,lr5e-05_bs8_drop0p4_temp2p0_a0p25_b0p05__wd1e-04trmiss0_degmodglobal,8,5e-05,0.0001,0.4,2.0,0.25,0.05,lr5e-05_bs8_drop0p4_temp2p0_a0p25_b0p05__wd1e-04trmiss0_degmodglobal,29,0.5708134855542865,0.6050532460212708,0.8444444444444444,0.9253086419753087,0.7142857142857143,0.0,0.6258578428200313,0.529206395149231,0.09810491491641317,0.341617152094841,0.0,0.0,0.0,0.0,0.0,18473,global,0.0
5,1,lr5e-05_bs8_drop0p4_temp2p0_a0p25_b0p05__wd1e-04trmiss0_degmodglobal,8,5e-05,0.0001,0.4,2.0,0.25,0.05,lr5e-05_bs8_drop0p4_temp2p0_a0p25_b0p05__wd1e-04trmiss0_degmodglobal,30,0.5758513127054486,0.598712146282196,0.9555555555555555,0.9797979797979799,0.7142857142857143,0.0,0.5785768457821437,0.5467472927910941,0.0752994396856853,0.20558346382209233,0.0,0.0,0.0,0.0,0.0,18473,global,0.0
5,1,lr5e-05_bs8_drop0p4_temp2p0_a0p25_b0p05__wd1e-04trmiss0_degmodglobal,8,5e-05,0.0001,0.4,2.0,0.25,0.05,lr5e-05_bs8_drop0p4_temp2p0_a0p25_b0p05__wd1e-04trmiss0_degmodglobal,31,0.5782629932676043,0.5939184129238129,0.9555555555555555,0.9797979797979799,0.7142857142857143,0.0,0.5769103424889701,0.5425055537905011,0.08724434141601835,0.2789268578801836,0.0,0.0,0.0,0.0,0.0,18473,global,0.0
5,1,lr5e-05_bs8_drop0p4_temp2p0_a0p25_b0p05__wd1e-04trmiss0_degmodglobal,8,5e-05,0.0001,0.4,2.0,0.25,0.05,lr5e-05_bs8_drop0p4_temp2p0_a0p25_b0p05__wd1e-04trmiss0_degmodglobal,32,0.5463193101542336,0.5982150137424469,0.9333333333333333,0.9722222222222223,0.7142857142857143,0.0,0.5818506734711784,0.5002038436276572,0.10824815503188542,0.3810683786869049,0.0,0.0,0.0,0.0,0.0,18473,global,0.0
5,1,lr5e-05_bs8_drop0p4_temp2p0_a0p25_b0p05__wd1e-04trmiss0_degmodglobal,8,5e-05,0.0001,0.4,2.0,0.25,0.05,lr5e-05_bs8_drop0p4_temp2p0_a0p25_b0p05__wd1e-04trmiss0_degmodglobal,33,0.5879053388323102,0.598969578742981,0.9333333333333333,0.9674523007856344,0.7142857142857143,0.0,0.5828687804085868,0.5497213006019592,0.09034450032881328,0.31195871957710813,0.0,0.0,0.0,0.0,0.0,18473,global,0.0
5,1,lr5e-05_bs8_drop0p4_temp2p0_a0p25_b0p05__wd1e-04trmiss0_degmodglobal,8,5e-05,0.0001,0.4,2.0,0.25,0.05,lr5e-05_bs8_drop0p4_temp2p0_a0p25_b0p05__wd1e-04trmiss0_degmodglobal,34,0.5431154029709953,0.6032730638980865,0.9111111111111111,0.9535634118967453,0.7142857142857143,0.0,0.5573252354349408,0.5116373981748309,0.07097748028380531,0.2746728169066565,0.0,0.0,0.0,0.0,0.0,18473,global,0.0
5,1,lr5e-05_bs8_drop0p4_temp2p0_a0p25_b0p05__wd1e-04trmiss0_degmodglobal,8,5e-05,0.0001,0.4,2.0,0.25,0.05,lr5e-05_bs8_drop0p4_temp2p0_a0p25_b0p05__wd1e-04trmiss0_degmodglobal,35,0.5401823052338192,0.6149693429470062,0.8444444444444444,0.9355089355089357,0.6428571428571429,0.0,0.5569560102054051,0.5003868980067117,0.09156921026962143,0.3380619840962546,0.0,0.0,0.0,0.0,0.0,18473,global,0.0
5,1,lr5e-05_bs8_drop0p4_temp2p0_a0p25_b0p05__wd1e-04trmiss0_degmodglobal,8,5e-05,0.0001,0.4,2.0,0.25,0.05,lr5e-05_bs8_drop0p4_temp2p0_a0p25_b0p05__wd1e-04trmiss0_degmodglobal,36,0.5764792902129037,0.6081528961658478,0.9111111111111111,0.9658119658119659,0.7142857142857143,0.0,0.5501558865819659,0.5395224434988839,0.08963269314595632,0.2909733418907438,0.0,0.0,0.0,0.0,0.0,18473,global,0.0
5,1,lr5e-05_bs8_drop0p4_temp2p0_a0p25_b0p05__wd1e-04trmiss0_degmodglobal,8,5e-05,0.0001,0.4,2.0,0.25,0.05,lr5e-05_bs8_drop0p4_temp2p0_a0p25_b0p05__wd1e-04trmiss0_degmodglobal,37,0.5407567662852151,0.6098858714103699,0.8666666666666667,0.9435897435897438,0.7142857142857143,0.0,0.5591696671077183,0.5094230813639504,0.07731942566377777,0.24007672497204371,0.0,0.0,0.0,0.0,0.0,18473,global,0.0
5,1,lr5e-05_bs8_drop0p4_temp2p0_a0p25_b0p05__wd1e-04trmiss0_degmodglobal,8,5e-05,0.0001,0.4,2.0,0.25,0.05,lr5e-05_bs8_drop0p4_temp2p0_a0p25_b0p05__wd1e-04trmiss0_degmodglobal,38,0.565440263066973,0.6167565286159515,0.8222222222222222,0.928774928774929,0.6428571428571429,0.0,0.5941040090152195,0.5358815533774239,0.0673545551087175,0.254401581627982,0.0,0.0,0.0,0.0,0.0,18473,global,0.0
5,1,lr5e-05_bs8_drop0p4_temp2p0_a0p25_b0p05__wd1e-04trmiss0_degmodglobal,8,5e-05,0.0001,0.4,2.0,0.25,0.05,lr5e-05_bs8_drop0p4_temp2p0_a0p25_b0p05__wd1e-04trmiss0_degmodglobal,39,0.5454488226345607,0.6216048300266266,0.8222222222222222,0.928774928774929,0.7142857142857143,0.0,0.5328092362199511,0.5086355464799064,0.09022074192762375,0.28516184857913424,0.0,0.0,0.0,0.0,0.0,18473,global,0.0
5,1,lr5e-05_bs8_drop0p4_temp2p0_a0p25_b0p05__wd1e-04trmiss0_degmodglobal,8,5e-05,0.0001,0.4,2.0,0.25,0.05,lr5e-05_bs8_drop0p4_temp2p0_a0p25_b0p05__wd1e-04trmiss0_degmodglobal,40,0.5353698687894004,0.6238293051719666,0.8222222222222222,0.928774928774929,0.7142857142857143,0.0,0.5496535982404437,0.49467899543898447,0.10523898899555206,0.2876225028719221,0.0,0.0,0.0,0.0,0.0,18473,global,0.0
5,1,lr5e-05_bs8_drop0p4_temp2p0_a0p25_b0p05__wd1e-04trmiss0_degmodglobal,8,5e-05,0.0001,0.4,2.0,0.25,0.05,lr5e-05_bs8_drop0p4_temp2p0_a0p25_b0p05__wd1e-04trmiss0_degmodglobal,41,0.5368918265615191,0.620614767074585,0.8444444444444443,0.929700854700855,0.7142857142857143,0.0,0.5268533442701612,0.4977078991276877,0.0959179305604526,0.30408868406500134,0.0,0.0,0.0,0.0,0.0,18473,global,0.0
5,1,lr5e-05_bs8_drop0p4_temp2p0_a0p25_b0p05__wd1e-04trmiss0_degmodglobal,8,5e-05,0.0001,0.4,2.0,0.25,0.05,lr5e-05_bs8_drop0p4_temp2p0_a0p25_b0p05__wd1e-04trmiss0_degmodglobal,42,0.5387916309492928,0.6153751611709595,0.8444444444444443,0.929700854700855,0.7142857142857143,0.0,0.5376782204423632,0.5050338676997593,0.08053358644247055,0.2724874381508146,0.0,0.0,0.0,0.0,0.0,18473,global,0.0
5,1,lr5e-05_bs8_drop0p4_temp2p0_a0p25_b0p05__wd1e-04trmiss0_degmodglobal,8,5e-05,0.0001,0.4,2.0,0.25,0.05,lr5e-05_bs8_drop0p4_temp2p0_a0p25_b0p05__wd1e-04trmiss0_degmodglobal,43,0.5711471523557391,0.6071276962757111,0.888888888888889,0.9534662867996202,0.6428571428571429,0.0,0.5541907548904419,0.535164109298161,0.0869768735553537,0.2847766631415912,0.0,0.0,0.0,0.0,0.0,18473,global,0.0
5,1,lr5e-05_bs8_drop0p4_temp2p0_a0p25_b0p05__wd1e-04trmiss0_degmodglobal,8,5e-05,0.0001,0.4,2.0,0.25,0.05,lr5e-05_bs8_drop0p4_temp2p0_a0p25_b0p05__wd1e-04trmiss0_degmodglobal,44,0.5482488530022758,0.6045577824115753,0.888888888888889,0.9534662867996202,0.7142857142857143,0.0,0.5639476009777614,0.5066892462117332,0.09384925663471222,0.3619459260787283,0.0,0.0,0.0,0.0,0.0,18473,global,0.0
5,1,lr5e-05_bs8_drop0p4_temp2p0_a0p25_b0p05__wd1e-04trmiss0_degmodglobal,8,5e-05,0.0001,0.4,2.0,0.25,0.05,lr5e-05_bs8_drop0p4_temp2p0_a0p25_b0p05__wd1e-04trmiss0_degmodglobal,45,0.5604172604424613,0.6058321595191956,0.888888888888889,0.9534662867996202,0.7142857142857143,0.0,0.574333131313324,0.5272573615823474,0.07170748018792697,0.3046608247927257,0.0,0.0,0.0,0.0,0.0,18473,global,0.0
5,1,lr5e-05_bs8_drop0p4_temp2p0_a0p25_b0p05__wd1e-04trmiss0_degmodglobal,8,5e-05,0.0001,0.4,2.0,0.25,0.05,lr5e-05_bs8_drop0p4_temp2p0_a0p25_b0p05__wd1e-04trmiss0_degmodglobal,46,0.5431122694696698,0.6056380867958069,0.888888888888889,0.9534662867996202,0.7142857142857143,0.0,0.55897484932627,0.5017004353659493,0.1066807189158031,0.2948328320469175,0.0,0.0,0.0,0.0,0.0,18473,global,0.0
5,1,lr5e-05_bs8_drop0p4_temp2p0_a0p25_b0p05__wd1e-04trmiss0_degmodglobal,8,5e-05,0.0001,0.4,2.0,0.25,0.05,lr5e-05_bs8_drop0p4_temp2p0_a0p25_b0p05__wd1e-04trmiss0_degmodglobal,47,0.555126258305141,0.6080072224140167,0.888888888888889,0.9534662867996202,0.7142857142857143,0.0,0.5641032031604222,0.5198363619191306,0.08534823996680123,0.2790569194725582,0.0,0.0,0.0,0.0,0.0,18473,global,0.0
5,1,lr5e-05_bs8_drop0p4_temp2p0_a0p25_b0p05__wd1e-04trmiss0_degmodglobal,8,5e-05,0.0001,0.4,2.0,0.25,0.05,lr5e-05_bs8_drop0p4_temp2p0_a0p25_b0p05__wd1e-04trmiss0_degmodglobal,48,0.5382089955466134,0.6130900382995605,0.8666666666666667,0.9395773979107314,0.6428571428571429,0.0,0.5235176129000527,0.502356503690992,0.08398660910981041,0.29711672237941195,0.0,0.0,0.0,0.0,0.0,18473,global,0.0
5,1,lr5e-05_bs8_drop0p4_temp2p0_a0p25_b0p05__wd1e-04trmiss0_degmodglobal,8,5e-05,0.0001,0.4,2.0,0.25,0.05,lr5e-05_bs8_drop0p4_temp2p0_a0p25_b0p05__wd1e-04trmiss0_degmodglobal,49,0.5377531009060996,0.6137828230857849,0.8666666666666667,0.9395773979107314,0.7142857142857143,0.0,0.532933018037251,0.5067857759339469,0.07519624648349625,0.2433652409485408,0.0,0.0,0.0,0.0,0.0,18473,global,0.0
5,1,lr5e-05_bs8_drop0p4_temp2p0_a0p25_b0p05__wd1e-04trmiss0_degmodglobal,8,5e-05,0.0001,0.4,2.0,0.25,0.05,lr5e-05_bs8_drop0p4_temp2p0_a0p25_b0p05__wd1e-04trmiss0_degmodglobal,50,0.5837291393961225,0.6092974841594696,0.8666666666666667,0.9395773979107314,0.7142857142857143,0.0,0.5333345021520343,0.5469501997743335,0.08788562566041946,0.29615059069224764,0.0,0.0,0.0,0.0,0.0,18473,global,0.0
5,1,lr5e-05_bs8_drop0p4_temp2p0_a0p25_b0p05__wd1e-04trmiss0_degmodglobal,8,5e-05,0.0001,0.4,2.0,0.25,0.05,lr5e-05_bs8_drop0p4_temp2p0_a0p25_b0p05__wd1e-04trmiss0_degmodglobal,51,0.5144172481128148,0.6134956181049347,0.8666666666666667,0.9395773979107314,0.7142857142857143,0.0,0.5639347604342869,0.4823288747242519,0.07242707375969205,0.27963205320494516,0.0,0.0,0.0,0.0,0.0,18473,global,0.0
5,1,lr1e-05_bs8_drop0p2_temp1p0_a0p25_b0p05__wd1e-04trmiss0_degmodglobal,8,1e-05,0.0001,0.2,1.0,0.25,0.05,lr1e-05_bs8_drop0p2_temp1p0_a0p25_b0p05__wd1e-04trmiss0_degmodglobal,1,0.6978565624782017,0.6827652454376221,0.7111111111111111,0.8530303030303032,0.6428571428571429,0.0,0.6708358185631889,0.6807288357189724,0.03683799079486302,0.15836456630911147,0.0,0.0,0.0,0.0,0.0,18473,global,0.0
5,1,lr1e-05_bs8_drop0p2_temp1p0_a0p25_b0p05__wd1e-04trmiss0_degmodglobal,8,1e-05,0.0001,0.2,1.0,0.25,0.05,lr1e-05_bs8_drop0p2_temp1p0_a0p25_b0p05__wd1e-04trmiss0_degmodglobal,2,0.6948500956807818,0.6854841709136963,0.7111111111111111,0.8530303030303032,0.6428571428571429,0.0,0.6603752800396511,0.6762256707463946,0.03910442947277001,0.1769661477633885,0.0,0.0,0.0,0.0,0.0,18473,global,0.0
5,1,lr1e-05_bs8_drop0p2_temp1p0_a0p25_b0p05__wd1e-04trmiss0_degmodglobal,8,1e-05,0.0001,0.2,1.0,0.25,0.05,lr1e-05_bs8_drop0p2_temp1p0_a0p25_b0p05__wd1e-04trmiss0_degmodglobal,3,0.6850605181285313,0.6851817071437836,0.6666666666666667,0.8398860398860402,0.6428571428571429,0.0,0.63194568668093,0.668279196534838,0.03737307659217289,0.14876131500516618,0.0,0.0,0.0,0.0,0.0,18473,global,0.0
5,1,lr1e-05_bs8_drop0p2_temp1p0_a0p25_b0p05__wd1e-04trmiss0_degmodglobal,8,1e-05,0.0001,0.2,1.0,0.25,0.05,lr1e-05_bs8_drop0p2_temp1p0_a0p25_b0p05__wd1e-04trmiss0_degmodglobal,4,0.6976425221988133,0.6870796382427216,0.6444444444444445,0.8266585266585267,0.5714285714285714,0.0,0.6613971590995789,0.6833564553941999,0.03208205236920288,0.12531110857214248,0.0,0.0,0.0,0.0,0.0,18473,global,0.0
5,1,lr1e-05_bs8_drop0p2_temp1p0_a0p25_b0p05__wd1e-04trmiss0_degmodglobal,8,1e-05,0.0001,0.2,1.0,0.25,0.05,lr1e-05_bs8_drop0p2_temp1p0_a0p25_b0p05__wd1e-04trmiss0_degmodglobal,5,0.6799627712794712,0.6870723068714142,0.6444444444444445,0.8266585266585267,0.5714285714285714,0.0,0.6519562091146197,0.6625493935176304,0.038336259978158135,0.1565867236682347,0.0,0.0,0.0,0.0,0.0,18473,global,0.0
5,1,lr1e-05_bs8_drop0p2_temp1p0_a0p25_b0p05__wd1e-04trmiss0_degmodglobal,8,1e-05,0.0001,0.2,1.0,0.25,0.05,lr1e-05_bs8_drop0p2_temp1p0_a0p25_b0p05__wd1e-04trmiss0_degmodglobal,6,0.6833714502198356,0.6876232922077179,0.6444444444444444,0.8176638176638178,0.5714285714285714,0.0,0.6310350554330009,0.6638473187174115,0.04326853156089783,0.1741402287568365,0.0,0.0,0.0,0.0,0.0,18473,global,0.0
5,1,lr1e-05_bs8_drop0p2_temp1p0_a0p25_b0p05__wd1e-04trmiss0_degmodglobal,8,1e-05,0.0001,0.2,1.0,0.25,0.05,lr1e-05_bs8_drop0p2_temp1p0_a0p25_b0p05__wd1e-04trmiss0_degmodglobal,7,0.6684309669903347,0.685824990272522,0.6888888888888889,0.8466200466200469,0.5714285714285714,0.0,0.6441678064210075,0.6496246031352452,0.03925054972725255,0.17987456811325891,0.0,0.0,0.0,0.0,0.0,18473,global,0.0
5,1,lr1e-05_bs8_drop0p2_temp1p0_a0p25_b0p05__wd1e-04trmiss0_degmodglobal,8,1e-05,0.0001,0.2,1.0,0.25,0.05,lr1e-05_bs8_drop0p2_temp1p0_a0p25_b0p05__wd1e-04trmiss0_degmodglobal,8,0.6688657317842756,0.6851035952568054,0.6888888888888889,0.8466200466200469,0.5714285714285714,0.0,0.6412132212093898,0.6513168471200126,0.0379136787461383,0.16140936740807124,0.0,0.0,0.0,0.0,0.0,18473,global,0.0
5,1,lr1e-05_bs8_drop0p2_temp1p0_a0p25_b0p05__wd1e-04trmiss0_degmodglobal,8,1e-05,0.0001,0.2,1.0,0.25,0.05,lr1e-05_bs8_drop0p2_temp1p0_a0p25_b0p05__wd1e-04trmiss0_degmodglobal,9,0.6830310651234218,0.6834951043128967,0.6888888888888889,0.8336570836570838,0.5714285714285714,0.0,0.6168239457266671,0.664033157484872,0.042499976232647896,0.16745850443840027,0.0,0.0,0.0,0.0,0.0,18473,global,0.0
5,1,lr1e-05_bs8_drop0p2_temp1p0_a0p25_b0p05__wd1e-04trmiss0_degmodglobal,8,1e-05,0.0001,0.2,1.0,0.25,0.05,lr1e-05_bs8_drop0p2_temp1p0_a0p25_b0p05__wd1e-04trmiss0_degmodglobal,10,0.6650203721863883,0.6803080141544342,0.6888888888888889,0.8336570836570838,0.5714285714285714,0.0,0.6346319658415658,0.647091839994703,0.038836502603122165,0.1643880382180214,0.0,0.0,0.0,0.0,0.0,18473,global,0.0
5,1,lr1e-05_bs8_drop0p2_temp1p0_a0p25_b0p05__wd1e-04trmiss0_degmodglobal,8,1e-05,0.0001,0.2,1.0,0.25,0.05,lr1e-05_bs8_drop0p2_temp1p0_a0p25_b0p05__wd1e-04trmiss0_degmodglobal,11,0.6866600172860282,0.6802987456321716,0.7333333333333333,0.867784067784068,0.5714285714285714,0.0,0.6257053017616272,0.6697289517947606,0.03892558839704309,0.1439935863018036,0.0,0.0,0.0,0.0,0.0,18473,global,0.0
5,1,lr1e-05_bs8_drop0p2_temp1p0_a0p25_b0p05__wd1e-04trmiss0_degmodglobal,8,1e-05,0.0001,0.2,1.0,0.25,0.05,lr1e-05_bs8_drop0p2_temp1p0_a0p25_b0p05__wd1e-04trmiss0_degmodglobal,12,0.6826589107513428,0.6797693371772766,0.7777777777777778,0.9021756021756022,0.5714285714285714,0.0,0.6320903471537999,0.6642536265509469,0.04180590542299407,0.15907627663442067,0.0,0.0,0.0,0.0,0.0,18473,global,0.0
5,1,lr1e-05_bs8_drop0p2_temp1p0_a0p25_b0p05__wd1e-04trmiss0_degmodglobal,8,1e-05,0.0001,0.2,1.0,0.25,0.05,lr1e-05_bs8_drop0p2_temp1p0_a0p25_b0p05__wd1e-04trmiss0_degmodglobal,13,0.6658759202275958,0.6787474155426025,0.7555555555555555,0.8863025863025864,0.6428571428571429,0.0,0.61759181533541,0.6474405101367405,0.044758634375674386,0.14491500918354308,0.0,0.0,0.0,0.0,0.0,18473,global,0.0
5,1,lr1e-05_bs8_drop0p2_temp1p0_a0p25_b0p05__wd1e-04trmiss0_degmodglobal,8,1e-05,0.0001,0.2,1.0,0.25,0.05,lr1e-05_bs8_drop0p2_temp1p0_a0p25_b0p05__wd1e-04trmiss0_degmodglobal,14,0.6602004085268293,0.6776169836521149,0.7777777777777778,0.9021756021756022,0.6428571428571429,0.0,0.6445295214653015,0.6430123618670872,0.03830162888126714,0.1522527454154832,0.0,0.0,0.0,0.0,0.0,18473,global,0.0
5,1,lr1e-05_bs8_drop0p2_temp1p0_a0p25_b0p05__wd1e-04trmiss0_degmodglobal,8,1e-05,0.0001,0.2,1.0,0.25,0.05,lr1e-05_bs8_drop0p2_temp1p0_a0p25_b0p05__wd1e-04trmiss0_degmodglobal,15,0.6811090111732483,0.6754077672958374,0.7777777777777778,0.9021756021756022,0.7857142857142857,0.0,0.6423216121537345,0.6595600162233625,0.045052864721843174,0.20571543914931162,0.0,0.0,0.0,0.0,0.0,18473,global,0.0
5,1,lr1e-05_bs8_drop0p2_temp1p0_a0p25_b0p05__wd1e-04trmiss0_degmodglobal,8,1e-05,0.0001,0.2,1.0,0.25,0.05,lr1e-05_bs8_drop0p2_temp1p0_a0p25_b0p05__wd1e-04trmiss0_degmodglobal,16,0.6761232273919242,0.6762970387935638,0.7333333333333333,0.8743978243978245,0.7142857142857143,0.0,0.6286364878926959,0.6600164771080017,0.03654432190316064,0.1394132748246193,0.0,0.0,0.0,0.0,0.0,18473,global,0.0
5,1,lr1e-05_bs8_drop0p2_temp1p0_a0p25_b0p05__wd1e-04trmiss0_degmodglobal,8,1e-05,0.0001,0.2,1.0,0.25,0.05,lr1e-05_bs8_drop0p2_temp1p0_a0p25_b0p05__wd1e-04trmiss0_degmodglobal,17,0.6657611812864032,0.6759938895702362,0.7333333333333333,0.867784067784068,0.6428571428571429,0.0,0.6120086823190961,0.6483936054365975,0.03794861850993974,0.15760825467961176,0.0,0.0,0.0,0.0,0.0,18473,global,0.0
5,1,lr1e-05_bs8_drop0p2_temp1p0_a0p25_b0p05__wd1e-04trmiss0_degmodglobal,8,1e-05,0.0001,0.2,1.0,0.25,0.05,lr1e-05_bs8_drop0p2_temp1p0_a0p25_b0p05__wd1e-04trmiss0_degmodglobal,18,0.651794569832938,0.6780361533164978,0.7555555555555555,0.8863025863025864,0.6428571428571429,0.0,0.6036380359104702,0.6346826212746757,0.039301933986800056,0.14572926610708237,0.0,0.0,0.0,0.0,0.0,18473,global,0.0
5,1,lr1e-05_bs8_drop0p2_temp1p0_a0p25_b0p05__wd1e-04trmiss0_degmodglobal,8,1e-05,0.0001,0.2,1.0,0.25,0.05,lr1e-05_bs8_drop0p2_temp1p0_a0p25_b0p05__wd1e-04trmiss0_degmodglobal,19,0.6612188986369542,0.6765229403972626,0.7555555555555555,0.8863025863025864,0.7142857142857143,0.0,0.5943114757537842,0.6441683002880642,0.037962064679179876,0.15120161111865724,0.0,0.0,0.0,0.0,0.0,18473,global,0.0
5,1,lr1e-05_bs8_drop0p2_temp1p0_a0p25_b0p05__wd1e-04trmiss0_degmodglobal,8,1e-05,0.0001,0.2,1.0,0.25,0.05,lr1e-05_bs8_drop0p2_temp1p0_a0p25_b0p05__wd1e-04trmiss0_degmodglobal,20,0.673625077520098,0.6796130239963531,0.7333333333333333,0.8743978243978245,0.6428571428571429,0.0,0.6053977268082755,0.6536048054695129,0.04114361772579806,0.1946872238601957,0.0,0.0,0.0,0.0,0.0,18473,global,0.0
5,1,lr1e-05_bs8_drop0p2_temp1p0_a0p25_b0p05__wd1e-04trmiss0_degmodglobal,8,1e-05,0.0001,0.2,1.0,0.25,0.05,lr1e-05_bs8_drop0p2_temp1p0_a0p25_b0p05__wd1e-04trmiss0_degmodglobal,21,0.6648528150149754,0.677789032459259,0.7555555555555555,0.8966810966810967,0.6428571428571429,0.0,0.5865486179079328,0.6459020035607475,0.044168002903461456,0.15817618582929885,0.0,0.0,0.0,0.0,0.0,18473,global,0.0
5,1,lr1e-05_bs8_drop0p2_temp1p0_a0p25_b0p05__wd1e-04trmiss0_degmodglobal,8,1e-05,0.0001,0.2,1.0,0.25,0.05,lr1e-05_bs8_drop0p2_temp1p0_a0p25_b0p05__wd1e-04trmiss0_degmodglobal,22,0.6523446014949253,0.6745992302894592,0.7777777777777777,0.9053230719897387,0.6428571428571429,0.0,0.6012047869818551,0.6345131141798837,0.03995012864470482,0.1568790344255311,0.0,0.0,0.0,0.0,0.0,18473,global,0.0
5,1,lr1e-05_bs8_drop0p2_temp1p0_a0p25_b0p05__wd1e-04trmiss0_degmodglobal,8,1e-05,0.0001,0.2,1.0,0.25,0.05,lr1e-05_bs8_drop0p2_temp1p0_a0p25_b0p05__wd1e-04trmiss0_degmodglobal,23,0.6597244484083993,0.6727306544780731,0.7555555555555555,0.898589065255732,0.6428571428571429,0.0,0.6149913157735553,0.6417990156582424,0.04263880130435739,0.14531483394759043,0.0,0.0,0.0,0.0,0.0,18473,global,0.0
5,1,lr1e-05_bs8_drop0p2_temp1p0_a0p25_b0p05__wd1e-04trmiss0_degmodglobal,8,1e-05,0.0001,0.2,1.0,0.25,0.05,lr1e-05_bs8_drop0p2_temp1p0_a0p25_b0p05__wd1e-04trmiss0_degmodglobal,24,0.6558945519583566,0.6748232245445251,0.7555555555555556,0.8935185185185186,0.5714285714285714,0.0,0.6207401411873954,0.631993123463222,0.05506927626473563,0.2026821800640651,0.0,0.0,0.0,0.0,0.0,18473,global,0.0
5,1,lr1e-05_bs8_drop0p2_temp1p0_a0p25_b0p05__wd1e-04trmiss0_degmodglobal,8,1e-05,0.0001,0.2,1.0,0.25,0.05,lr1e-05_bs8_drop0p2_temp1p0_a0p25_b0p05__wd1e-04trmiss0_degmodglobal,25,0.6433426908084324,0.6791718304157257,0.711111111111111,0.8641975308641978,0.5714285714285714,0.0,0.5909684555871146,0.6267538070678711,0.040597240307501385,0.12879147912774766,0.0,0.0,0.0,0.0,0.0,18473,global,0.0
5,1,lr1e-05_bs8_drop0p2_temp1p0_a0p25_b0p05__wd1e-04trmiss0_degmodglobal,8,1e-05,0.0001,0.2,1.0,0.25,0.05,lr1e-05_bs8_drop0p2_temp1p0_a0p25_b0p05__wd1e-04trmiss0_degmodglobal,26,0.652304436479296,0.6801002621650696,0.711111111111111,0.8641975308641978,0.5714285714285714,0.0,0.5944299612726484,0.6337328212601798,0.04200517466025693,0.16140643187931605,0.0,0.0,0.0,0.0,0.0,18473,global,0.0
5,1,lr1e-05_bs8_drop0p2_temp1p0_a0p25_b0p05__wd1e-04trmiss0_degmodglobal,8,1e-05,0.0001,0.2,1.0,0.25,0.05,lr1e-05_bs8_drop0p2_temp1p0_a0p25_b0p05__wd1e-04trmiss0_degmodglobal,27,0.6448699321065631,0.6801970303058624,0.6888888888888888,0.8522927689594357,0.5714285714285714,0.0,0.5894439561026437,0.6247325965336391,0.04519307081188474,0.17678138187953404,0.0,0.0,0.0,0.0,0.0,18473,global,0.0
5,1,lr1e-05_bs8_drop0p2_temp1p0_a0p25_b0p05__wd1e-04trmiss0_degmodglobal,8,1e-05,0.0001,0.2,1.0,0.25,0.05,lr1e-05_bs8_drop0p2_temp1p0_a0p25_b0p05__wd1e-04trmiss0_degmodglobal,28,0.6713122299739293,0.6834504902362823,0.6666666666666666,0.8390652557319225,0.5714285714285714,0.0,0.6141276955604553,0.6561475907053266,0.035972103742616515,0.1234322658606938,0.0,0.0,0.0,0.0,0.0,18473,global,0.0
5,1,lr1e-05_bs8_drop0p2_temp1p0_a0p25_b0p05__wd1e-04trmiss0_degmodglobal,8,1e-05,0.0001,0.2,1.0,0.25,0.05,lr1e-05_bs8_drop0p2_temp1p0_a0p25_b0p05__wd1e-04trmiss0_degmodglobal,29,0.6707477143832615,0.6818507611751556,0.6666666666666666,0.8390652557319225,0.5714285714285714,0.0,0.5831175191061837,0.6504092471940177,0.0445698116506849,0.1839202493429184,0.0,0.0,0.0,0.0,0.0,18473,global,0.0
5,1,lr1e-05_bs8_drop0p2_temp1p0_a0p25_b0p05__wd1e-04trmiss0_degmodglobal,8,1e-05,0.0001,0.2,1.0,0.25,0.05,lr1e-05_bs8_drop0p2_temp1p0_a0p25_b0p05__wd1e-04trmiss0_degmodglobal,30,0.657967380114964,0.676741749048233,0.6888888888888888,0.8522927689594357,0.5714285714285714,0.0,0.5967254723821368,0.635117198739733,0.05401644483208656,0.1869214198419026,0.0,0.0,0.0,0.0,0.0,18473,global,0.0
5,1,lr1e-05_bs8_drop0p2_temp1p0_a0p25_b0p05__wd1e-04trmiss0_degmodglobal,8,1e-05,0.0001,0.2,1.0,0.25,0.05,lr1e-05_bs8_drop0p2_temp1p0_a0p25_b0p05__wd1e-04trmiss0_degmodglobal,31,0.6502652508871896,0.6754863560199738,0.7333333333333334,0.8709315375982045,0.5714285714285714,0.0,0.5765255263873509,0.6273308992385864,0.054585669189691544,0.18575859602008546,0.0,0.0,0.0,0.0,0.0,18473,global,0.0
5,1,lr1e-05_bs8_drop0p2_temp1p0_a0p25_b0p05__wd1e-04trmiss0_degmodglobal,8,1e-05,0.0001,0.2,1.0,0.25,0.05,lr1e-05_bs8_drop0p2_temp1p0_a0p25_b0p05__wd1e-04trmiss0_degmodglobal,32,0.6523299472672599,0.6779390871524811,0.7111111111111111,0.8590267756934424,0.5714285714285714,0.0,0.5914023007665362,0.6287258437701634,0.05426646556173052,0.20074994010584696,0.0,0.0,0.0,0.0,0.0,18473,global,0.0
5,1,lr1e-05_bs8_drop0p2_temp1p0_a0p25_b0p05__wd1e-04trmiss0_degmodglobal,8,1e-05,0.0001,0.2,1.0,0.25,0.05,lr1e-05_bs8_drop0p2_temp1p0_a0p25_b0p05__wd1e-04trmiss0_degmodglobal,33,0.653413644858769,0.6781330406665802,0.7333333333333333,0.877545294211961,0.6428571428571429,0.0,0.5975285172462463,0.6335679718426296,0.04557432287505695,0.16904191353491374,0.0,0.0,0.0,0.0,0.0,18473,global,0.0
5,1,lr1e-05_bs8_drop0p2_temp1p0_a0p25_b0p05__wd1e-04trmiss0_degmodglobal,8,1e-05,0.0001,0.2,1.0,0.25,0.05,lr1e-05_bs8_drop0p2_temp1p0_a0p25_b0p05__wd1e-04trmiss0_degmodglobal,34,0.6493878875459943,0.6795855760574341,0.7111111111111111,0.8590267756934424,0.5714285714285714,0.0,0.5695219891411918,0.6299629977771214,0.042672298316444666,0.17513632667916162,0.0,0.0,0.0,0.0,0.0,18473,global,0.0
5,1,lr1e-05_bs8_drop0p2_temp1p0_a0p25_b0p05__wd1e-04trmiss0_degmodglobal,8,1e-05,0.0001,0.2,1.0,0.25,0.05,lr1e-05_bs8_drop0p2_temp1p0_a0p25_b0p05__wd1e-04trmiss0_degmodglobal,35,0.6442165289606366,0.6775630414485931,0.7111111111111111,0.8590267756934424,0.6428571428571429,0.0,0.5772849151066372,0.6256964717592511,0.040424851434571404,0.1682771635907037,0.0,0.0,0.0,0.0,0.0,18473,global,0.0
5,1,lr1e-05_bs8_drop0p2_temp2p0_a0p25_b0p05__wd1e-04trmiss0_degmodglobal,8,1e-05,0.0001,0.2,2.0,0.25,0.05,lr1e-05_bs8_drop0p2_temp2p0_a0p25_b0p05__wd1e-04trmiss0_degmodglobal,1,0.7337258798735482,0.6975780725479126,0.5111111111111111,0.6673178673178674,0.6428571428571429,0.0,0.7549411399023873,0.7064594285828727,0.06561028584837914,0.21727781423500606,0.0,0.0,0.0,0.0,0.0,18473,global,0.0
5,1,lr1e-05_bs8_drop0p2_temp2p0_a0p25_b0p05__wd1e-04trmiss0_degmodglobal,8,1e-05,0.0001,0.2,2.0,0.25,0.05,lr1e-05_bs8_drop0p2_temp2p0_a0p25_b0p05__wd1e-04trmiss0_degmodglobal,2,0.6870654991694859,0.6985514760017395,0.5333333333333333,0.6759598426265093,0.7142857142857143,0.0,0.7344488246100289,0.6679263881274632,0.046630531017269404,0.14962969294616155,0.0,0.0,0.0,0.0,0.0,18473,global,0.0
5,1,lr1e-05_bs8_drop0p2_temp2p0_a0p25_b0p05__wd1e-04trmiss0_degmodglobal,8,1e-05,0.0001,0.2,2.0,0.25,0.05,lr1e-05_bs8_drop0p2_temp2p0_a0p25_b0p05__wd1e-04trmiss0_degmodglobal,3,0.6943288104874747,0.6959866285324097,0.6,0.7097001763668431,0.6428571428571429,0.0,0.721820490700858,0.6774039438792637,0.04053811835391181,0.13580667759690965,0.0,0.0,0.0,0.0,0.0,18473,global,0.0
5,1,lr1e-05_bs8_drop0p2_temp2p0_a0p25_b0p05__wd1e-04trmiss0_degmodglobal,8,1e-05,0.0001,0.2,2.0,0.25,0.05,lr1e-05_bs8_drop0p2_temp2p0_a0p25_b0p05__wd1e-04trmiss0_degmodglobal,4,0.6886671951838902,0.693630039691925,0.5777777777777777,0.6964726631393299,0.6428571428571429,0.0,0.7250950506755284,0.670428957257952,0.04621992792401995,0.13366513273545674,0.0,0.0,0.0,0.0,0.0,18473,global,0.0
5,1,lr1e-05_bs8_drop0p2_temp2p0_a0p25_b0p05__wd1e-04trmiss0_degmodglobal,8,1e-05,0.0001,0.2,2.0,0.25,0.05,lr1e-05_bs8_drop0p2_temp2p0_a0p25_b0p05__wd1e-04trmiss0_degmodglobal,5,0.6941414986337934,0.692844569683075,0.6,0.7520282186948855,0.5714285714285714,0.0,0.7064762200628009,0.6754530838557652,0.04732385171311242,0.13714906253984996,0.0,0.0,0.0,0.0,0.0,18473,global,0.0
5,1,lr1e-05_bs8_drop0p2_temp2p0_a0p25_b0p05__wd1e-04trmiss0_degmodglobal,8,1e-05,0.0001,0.2,2.0,0.25,0.05,lr1e-05_bs8_drop0p2_temp2p0_a0p25_b0p05__wd1e-04trmiss0_degmodglobal,6,0.690789486680712,0.6905869543552399,0.6666666666666666,0.8038800705467373,0.5714285714285714,0.0,0.7201414448874337,0.670420263494764,0.04943827539682388,0.16019308141299657,0.0,0.0,0.0,0.0,0.0,18473,global,0.0
5,1,lr1e-05_bs8_drop0p2_temp2p0_a0p25_b0p05__wd1e-04trmiss0_degmodglobal,8,1e-05,0.0001,0.2,2.0,0.25,0.05,lr1e-05_bs8_drop0p2_temp2p0_a0p25_b0p05__wd1e-04trmiss0_degmodglobal,7,0.6875238333429609,0.6920984983444214,0.6444444444444444,0.7890652557319224,0.5714285714285714,0.0,0.7257529156548637,0.6664762837546212,0.05095993088824408,0.16615157893725804,0.0,0.0,0.0,0.0,0.0,18473,global,0.0
5,1,lr1e-05_bs8_drop0p2_temp2p0_a0p25_b0p05__wd1e-04trmiss0_degmodglobal,8,1e-05,0.0001,0.2,2.0,0.25,0.05,lr1e-05_bs8_drop0p2_temp2p0_a0p25_b0p05__wd1e-04trmiss0_degmodglobal,8,0.6764347723552159,0.6907689273357391,0.6888888888888889,0.8171075837742505,0.5714285714285714,0.0,0.7169562663350787,0.6592926553317479,0.04207862274987357,0.1324493565729686,0.0,0.0,0.0,0.0,0.0,18473,global,0.0
5,1,lr1e-05_bs8_drop0p2_temp2p0_a0p25_b0p05__wd1e-04trmiss0_degmodglobal,8,1e-05,0.0001,0.2,2.0,0.25,0.05,lr1e-05_bs8_drop0p2_temp2p0_a0p25_b0p05__wd1e-04trmiss0_degmodglobal,9,0.6948390688214984,0.6880685091018677,0.6888888888888889,0.8171075837742505,0.5714285714285714,0.0,0.7094198295048305,0.6746834601674762,0.051610317081213,0.14506069251469203,0.0,0.0,0.0,0.0,0.0,18473,global,0.0
5,1,lr1e-05_bs8_drop0p2_temp2p0_a0p25_b0p05__wd1e-04trmiss0_degmodglobal,8,1e-05,0.0001,0.2,2.0,0.25,0.05,lr1e-05_bs8_drop0p2_temp2p0_a0p25_b0p05__wd1e-04trmiss0_degmodglobal,10,0.6834167667797634,0.6891418099403381,0.6666666666666667,0.8090267756934424,0.5714285714285714,0.0,0.7093403850282941,0.6689632705279759,0.03731955960392952,0.10247220684375082,0.0,0.0,0.0,0.0,0.0,18473,global,0.0
5,1,lr1e-05_bs8_drop0p2_temp2p0_a0p25_b0p05__wd1e-04trmiss0_degmodglobal,8,1e-05,0.0001,0.2,2.0,0.25,0.05,lr1e-05_bs8_drop0p2_temp2p0_a0p25_b0p05__wd1e-04trmiss0_degmodglobal,11,0.6619699597358704,0.6870907247066498,0.6666666666666667,0.8090267756934424,0.5714285714285714,0.0,0.7090047683034625,0.6457099318504333,0.040271129459142685,0.1238450099314962,0.0,0.0,0.0,0.0,0.0,18473,global,0.0
5,1,lr1e-05_bs8_drop0p2_temp2p0_a0p25_b0p05__wd1e-04trmiss0_degmodglobal,8,1e-05,0.0001,0.2,2.0,0.25,0.05,lr1e-05_bs8_drop0p2_temp2p0_a0p25_b0p05__wd1e-04trmiss0_degmodglobal,12,0.6492991362299237,0.6886939108371735,0.6444444444444444,0.8022927689594357,0.6428571428571429,0.0,0.7019369006156921,0.6357664891651699,0.03399820253252983,0.10066145924585206,0.0,0.0,0.0,0.0,0.0,18473,global,0.0
5,1,lr1e-05_bs8_drop0p2_temp2p0_a0p25_b0p05__wd1e-04trmiss0_degmodglobal,8,1e-05,0.0001,0.2,2.0,0.25,0.05,lr1e-05_bs8_drop0p2_temp2p0_a0p25_b0p05__wd1e-04trmiss0_degmodglobal,13,0.6487858295440674,0.6919578313827515,0.6222222222222222,0.7890652557319224,0.5714285714285714,0.0,0.6966849480356488,0.636025607585907,0.036055064893194606,0.07492907345294952,0.0,0.0,0.0,0.0,0.0,18473,global,0.0
5,1,lr1e-05_bs8_drop0p2_temp2p0_a0p25_b0p05__wd1e-04trmiss0_degmodglobal,8,1e-05,0.0001,0.2,2.0,0.25,0.05,lr1e-05_bs8_drop0p2_temp2p0_a0p25_b0p05__wd1e-04trmiss0_degmodglobal,14,0.6654336197035653,0.6932888031005859,0.6,0.7804232804232805,0.5714285714285714,0.0,0.6988627059119088,0.6516858509608677,0.03477045042174203,0.1011034617466586,0.0,0.0,0.0,0.0,0.0,18473,global,0.0
5,1,lr1e-05_bs8_drop0p2_temp2p0_a0p25_b0p05__wd1e-04trmiss0_degmodglobal,8,1e-05,0.0001,0.2,2.0,0.25,0.05,lr1e-05_bs8_drop0p2_temp2p0_a0p25_b0p05__wd1e-04trmiss0_degmodglobal,15,0.6664479374885559,0.6907936036586761,0.6444444444444444,0.8214285714285716,0.6428571428571429,0.0,0.6942817398480007,0.6504829696246556,0.039847135809915404,0.12006368594510215,0.0,0.0,0.0,0.0,0.0,18473,global,0.0
5,1,lr1e-05_bs8_drop0p2_temp2p0_a0p25_b0p05__wd1e-04trmiss0_degmodglobal,8,1e-05,0.0001,0.2,2.0,0.25,0.05,lr1e-05_bs8_drop0p2_temp2p0_a0p25_b0p05__wd1e-04trmiss0_degmodglobal,16,0.6590757199696132,0.6879314184188843,0.6444444444444444,0.8214285714285716,0.6428571428571429,0.0,0.6934217640331813,0.6432474085262844,0.04049302291657243,0.11410143439258848,0.0,0.0,0.0,0.0,0.0,18473,global,0.0
5,1,lr1e-05_bs8_drop0p2_temp2p0_a0p25_b0p05__wd1e-04trmiss0_degmodglobal,8,1e-05,0.0001,0.2,2.0,0.25,0.05,lr1e-05_bs8_drop0p2_temp2p0_a0p25_b0p05__wd1e-04trmiss0_degmodglobal,17,0.662757796900613,0.6853601932525635,0.6666666666666666,0.8333333333333335,0.6428571428571429,0.0,0.6848686507769993,0.6451379231044224,0.04494427836367062,0.12767624455903256,0.0,0.0,0.0,0.0,0.0,18473,global,0.0
5,1,lr1e-05_bs8_drop0p2_temp2p0_a0p25_b0p05__wd1e-04trmiss0_degmodglobal,8,1e-05,0.0001,0.2,2.0,0.25,0.05,lr1e-05_bs8_drop0p2_temp2p0_a0p25_b0p05__wd1e-04trmiss0_degmodglobal,18,0.6546019486018589,0.6802482604980469,0.7333333333333333,0.8827160493827162,0.6428571428571429,0.0,0.6985168967928205,0.6386506302016122,0.03865083173981735,0.12577228088464057,0.0,0.0,0.0,0.0,0.0,18473,global,0.0
5,1,lr1e-05_bs8_drop0p2_temp2p0_a0p25_b0p05__wd1e-04trmiss0_degmodglobal,8,1e-05,0.0001,0.2,2.0,0.25,0.05,lr1e-05_bs8_drop0p2_temp2p0_a0p25_b0p05__wd1e-04trmiss0_degmodglobal,19,0.6548466852733067,0.6793035864830017,0.7555555555555556,0.8935185185185186,0.7142857142857143,0.0,0.6728670682225909,0.640112212726048,0.039282362908124924,0.09827745067221778,0.0,0.0,0.0,0.0,0.0,18473,global,0.0
5,1,lr1e-05_bs8_drop0p2_temp2p0_a0p25_b0p05__wd1e-04trmiss0_degmodglobal,8,1e-05,0.0001,0.2,2.0,0.25,0.05,lr1e-05_bs8_drop0p2_temp2p0_a0p25_b0p05__wd1e-04trmiss0_degmodglobal,20,0.6474506258964539,0.6765206754207611,0.7777777777777778,0.9093915343915346,0.7857142857142857,0.0,0.6741354295185634,0.6327526654515948,0.03900219180754253,0.09894825571349689,0.0,0.0,0.0,0.0,0.0,18473,global,0.0
5,1,lr1e-05_bs8_drop0p2_temp2p0_a0p25_b0p05__wd1e-04trmiss0_degmodglobal,8,1e-05,0.0001,0.2,2.0,0.25,0.05,lr1e-05_bs8_drop0p2_temp2p0_a0p25_b0p05__wd1e-04trmiss0_degmodglobal,21,0.6398439747946603,0.6746506690979004,0.8,0.9161255411255413,0.7142857142857143,0.0,0.6763175044740949,0.6253982526915414,0.034829062542745044,0.11476902450834002,0.0,0.0,0.0,0.0,0.0,18473,global,0.0
5,1,lr1e-05_bs8_drop0p2_temp2p0_a0p25_b0p05__wd1e-04trmiss0_degmodglobal,8,1e-05,0.0001,0.2,2.0,0.25,0.05,lr1e-05_bs8_drop0p2_temp2p0_a0p25_b0p05__wd1e-04trmiss0_degmodglobal,22,0.662970917565482,0.677526980638504,0.7555555555555556,0.8935185185185186,0.7142857142857143,0.0,0.6982667360986982,0.6488749555179051,0.037469136129532545,0.09457341262272426,0.0,0.0,0.0,0.0,0.0,18473,global,0.0
5,1,lr1e-05_bs8_drop0p2_temp2p0_a0p25_b0p05__wd1e-04trmiss0_degmodglobal,8,1e-05,0.0001,0.2,2.0,0.25,0.05,lr1e-05_bs8_drop0p2_temp2p0_a0p25_b0p05__wd1e-04trmiss0_degmodglobal,23,0.6572493144444057,0.6803768873214722,0.7555555555555556,0.8935185185185186,0.6428571428571429,0.0,0.6704682792936053,0.6427911009107318,0.03818333760968277,0.09824750891753606,0.0,0.0,0.0,0.0,0.0,18473,global,0.0
5,1,lr1e-05_bs8_drop0p2_temp2p0_a0p25_b0p05__wd1e-04trmiss0_degmodglobal,8,1e-05,0.0001,0.2,2.0,0.25,0.05,lr1e-05_bs8_drop0p2_temp2p0_a0p25_b0p05__wd1e-04trmiss0_degmodglobal,24,0.626140969140189,0.6749562621116638,0.7555555555555556,0.8935185185185186,0.7142857142857143,0.0,0.6630269374166217,0.6137050986289978,0.032474820369056294,0.08634331715958458,0.0,0.0,0.0,0.0,0.0,18473,global,0.0
5,1,lr1e-05_bs8_drop0p2_temp2p0_a0p25_b0p05__wd1e-04trmiss0_degmodglobal,8,1e-05,0.0001,0.2,2.0,0.25,0.05,lr1e-05_bs8_drop0p2_temp2p0_a0p25_b0p05__wd1e-04trmiss0_degmodglobal,25,0.638545206614903,0.6709579825401306,0.7777777777777779,0.9002525252525253,0.7142857142857143,0.0,0.6606796128409249,0.6242368050983974,0.03535222794328417,0.10940667880432946,0.0,0.0,0.0,0.0,0.0,18473,global,0.0
5,1,lr1e-05_bs8_drop0p2_temp2p0_a0p25_b0p05__wd1e-04trmiss0_degmodglobal,8,1e-05,0.0001,0.2,2.0,0.25,0.05,lr1e-05_bs8_drop0p2_temp2p0_a0p25_b0p05__wd1e-04trmiss0_degmodglobal,26,0.6201256087848118,0.6666634976863861,0.7777777777777779,0.9002525252525253,0.7857142857142857,0.0,0.6819453239440918,0.6038245558738708,0.041394149618489404,0.11905038463217872,0.0,0.0,0.0,0.0,0.0,18473,global,0.0
5,1,lr1e-05_bs8_drop0p2_temp2p0_a0p25_b0p05__wd1e-04trmiss0_degmodglobal,8,1e-05,0.0001,0.2,2.0,0.25,0.05,lr1e-05_bs8_drop0p2_temp2p0_a0p25_b0p05__wd1e-04trmiss0_degmodglobal,27,0.633106700011662,0.6715040504932404,0.7777777777777778,0.9093915343915346,0.7857142857142857,0.0,0.6759834289550781,0.6201611161231995,0.03585876524448395,0.07961783611348697,0.0,0.0,0.0,0.0,0.0,18473,global,0.0
5,1,lr1e-05_bs8_drop0p2_temp2p0_a0p25_b0p05__wd1e-04trmiss0_degmodglobal,8,1e-05,0.0001,0.2,2.0,0.25,0.05,lr1e-05_bs8_drop0p2_temp2p0_a0p25_b0p05__wd1e-04trmiss0_degmodglobal,28,0.6398530347006661,0.6716301441192627,0.7555555555555555,0.898589065255732,0.7857142857142857,0.0,0.6711257100105286,0.6258671454020909,0.03544005166207041,0.10251758726579803,0.0,0.0,0.0,0.0,0.0,18473,global,0.0
5,1,lr1e-05_bs8_drop0p2_temp2p0_a0p25_b0p05__wd1e-04trmiss0_degmodglobal,8,1e-05,0.0001,0.2,2.0,0.25,0.05,lr1e-05_bs8_drop0p2_temp2p0_a0p25_b0p05__wd1e-04trmiss0_degmodglobal,29,0.6332575849124363,0.6702839136123657,0.7777777777777778,0.9093915343915346,0.7857142857142857,0.0,0.6676111732210431,0.6198742815426418,0.03759369733078139,0.0796975786132472,0.0,0.0,0.0,0.0,0.0,18473,global,0.0
5,1,lr1e-05_bs8_drop0p2_temp2p0_a0p25_b0p05__wd1e-04trmiss0_degmodglobal,8,1e-05,0.0001,0.2,2.0,0.25,0.05,lr1e-05_bs8_drop0p2_temp2p0_a0p25_b0p05__wd1e-04trmiss0_degmodglobal,30,0.6320864302771432,0.6717014312744141,0.7777777777777778,0.9093915343915346,0.7857142857142857,0.0,0.6494351966040475,0.6159653748784747,0.04196377577526229,0.11260218918323517,0.0,0.0,0.0,0.0,0.0,18473,global,0.0
5,1,lr1e-05_bs8_drop0p2_temp2p0_a0p25_b0p05__wd1e-04trmiss0_degmodglobal,8,1e-05,0.0001,0.2,2.0,0.25,0.05,lr1e-05_bs8_drop0p2_temp2p0_a0p25_b0p05__wd1e-04trmiss0_degmodglobal,31,0.6179010697773525,0.6754318177700043,0.7777777777777778,0.9093915343915346,0.7142857142857143,0.0,0.6534745437758309,0.602355922971453,0.04336832570178168,0.0940610718514238,0.0,0.0,0.0,0.0,0.0,18473,global,0.0
5,1,lr1e-05_bs8_drop0p2_temp2p0_a0p25_b0p05__wd1e-04trmiss0_degmodglobal,8,1e-05,0.0001,0.2,2.0,0.25,0.05,lr1e-05_bs8_drop0p2_temp2p0_a0p25_b0p05__wd1e-04trmiss0_degmodglobal,32,0.6320647512163434,0.6757075786590576,0.7333333333333334,0.88994708994709,0.7857142857142857,0.0,0.6530241540500096,0.6178715143884931,0.03765194969517844,0.09560524672269821,0.0,0.0,0.0,0.0,0.0,18473,global,0.0
5,1,lr1e-05_bs8_drop0p2_temp2p0_a0p25_b0p05__wd1e-04trmiss0_degmodglobal,8,1e-05,0.0001,0.2,2.0,0.25,0.05,lr1e-05_bs8_drop0p2_temp2p0_a0p25_b0p05__wd1e-04trmiss0_degmodglobal,33,0.6288384284291949,0.6728956401348114,0.7333333333333334,0.88994708994709,0.7857142857142857,0.0,0.6508343986102513,0.6161592432430812,0.03411444276571274,0.08301167083638054,0.0,0.0,0.0,0.0,0.0,18473,global,0.0
5,1,lr1e-05_bs8_drop0p2_temp2p0_a0p25_b0p05__wd1e-04trmiss0_degmodglobal,8,1e-05,0.0001,0.2,2.0,0.25,0.05,lr1e-05_bs8_drop0p2_temp2p0_a0p25_b0p05__wd1e-04trmiss0_degmodglobal,34,0.649570209639413,0.6706627905368805,0.7555555555555555,0.898589065255732,0.7857142857142857,0.0,0.6693737932613918,0.6350429483822414,0.03773093409836292,0.10189051713262286,0.0,0.0,0.0,0.0,0.0,18473,global,0.0
5,1,lr1e-05_bs8_drop0p2_temp2p0_a0p25_b0p05__wd1e-04trmiss0_degmodglobal,8,1e-05,0.0001,0.2,2.0,0.25,0.05,lr1e-05_bs8_drop0p2_temp2p0_a0p25_b0p05__wd1e-04trmiss0_degmodglobal,35,0.62264484167099,0.6706298589706421,0.7555555555555555,0.898589065255732,0.7857142857142857,0.0,0.6566552690097264,0.6109075120517186,0.0347533327128206,0.06098009060536112,0.0,0.0,0.0,0.0,0.0,18473,global,0.0
5,1,lr1e-05_bs8_drop0p2_temp2p0_a0p25_b0p05__wd1e-04trmiss0_degmodglobal,8,1e-05,0.0001,0.2,2.0,0.25,0.05,lr1e-05_bs8_drop0p2_temp2p0_a0p25_b0p05__wd1e-04trmiss0_degmodglobal,36,0.6170663407870701,0.6700007319450378,0.7555555555555555,0.898589065255732,0.7857142857142857,0.0,0.6334268621035984,0.60055730172566,0.042803122262869565,0.11616523670298713,0.0,0.0,0.0,0.0,0.0,18473,global,0.0
5,1,lr1e-05_bs8_drop0p2_temp2p0_a0p25_b0p05__wd1e-04trmiss0_degmodglobal,8,1e-05,0.0001,0.2,2.0,0.25,0.05,lr1e-05_bs8_drop0p2_temp2p0_a0p25_b0p05__wd1e-04trmiss0_degmodglobal,37,0.62049971308027,0.669021725654602,0.7777777777777778,0.9093915343915346,0.7142857142857143,0.0,0.6469874892915998,0.605580040386745,0.03932294222925391,0.10177865996956825,0.0,0.0,0.0,0.0,0.0,18473,global,0.0
5,1,lr1e-05_bs8_drop0p2_temp2p0_a0p25_b0p05__wd1e-04trmiss0_degmodglobal,8,1e-05,0.0001,0.2,2.0,0.25,0.05,lr1e-05_bs8_drop0p2_temp2p0_a0p25_b0p05__wd1e-04trmiss0_degmodglobal,38,0.6209256989615304,0.6697143614292145,0.7777777777777778,0.9093915343915346,0.7142857142857143,0.0,0.6376626321247646,0.6084047641072955,0.03516190126538277,0.07460910454392433,0.0,0.0,0.0,0.0,0.0,18473,global,0.0
5,1,lr1e-05_bs8_drop0p2_temp2p0_a0p25_b0p05__wd1e-04trmiss0_degmodglobal,8,1e-05,0.0001,0.2,2.0,0.25,0.05,lr1e-05_bs8_drop0p2_temp2p0_a0p25_b0p05__wd1e-04trmiss0_degmodglobal,39,0.6049584150314331,0.6661351919174194,0.7999999999999999,0.9232804232804235,0.7857142857142857,0.0,0.652930097920554,0.5876572046961103,0.042849005333014896,0.13177937961050443,0.0,0.0,0.0,0.0,0.0,18473,global,0.0
5,1,lr1e-05_bs8_drop0p2_temp2p0_a0p25_b0p05__wd1e-04trmiss0_degmodglobal,8,1e-05,0.0001,0.2,2.0,0.25,0.05,lr1e-05_bs8_drop0p2_temp2p0_a0p25_b0p05__wd1e-04trmiss0_degmodglobal,40,0.6035385302134922,0.668481856584549,0.7555555555555555,0.898589065255732,0.7857142857142857,0.0,0.6483232975006104,0.586139372416905,0.046404990766729624,0.11595842880862099,0.0,0.0,0.0,0.0,0.0,18473,global,0.0
5,1,lr1e-05_bs8_drop0p2_temp2p0_a0p25_b0p05__wd1e-04trmiss0_degmodglobal,8,1e-05,0.0001,0.2,2.0,0.25,0.05,lr1e-05_bs8_drop0p2_temp2p0_a0p25_b0p05__wd1e-04trmiss0_degmodglobal,41,0.63393064056124,0.6654463410377502,0.7777777777777778,0.9093915343915346,0.7142857142857143,0.0,0.6475552916526794,0.6220606906073434,0.03253205865621567,0.0747387462428638,0.0,0.0,0.0,0.0,0.0,18473,global,0.0
5,1,lr1e-05_bs8_drop0p4_temp1p0_a0p25_b0p05__wd1e-04trmiss0_degmodglobal,8,1e-05,0.0001,0.4,1.0,0.25,0.05,lr1e-05_bs8_drop0p4_temp1p0_a0p25_b0p05__wd1e-04trmiss0_degmodglobal,1,0.6883693507739476,0.6399975419044495,0.7555555555555555,0.87642604309271,0.6428571428571429,0.0,0.7084769095693316,0.6612946220806667,0.06687510545764651,0.20711925412927354,0.0,0.0,0.0,0.0,0.0,18473,global,0.0
5,1,lr1e-05_bs8_drop0p4_temp1p0_a0p25_b0p05__wd1e-04trmiss0_degmodglobal,8,1e-05,0.0001,0.4,1.0,0.25,0.05,lr1e-05_bs8_drop0p4_temp1p0_a0p25_b0p05__wd1e-04trmiss0_degmodglobal,2,0.6916493603161403,0.6439672112464905,0.7111111111111111,0.8422990589657258,0.7142857142857143,0.0,0.7176137225968497,0.6676852192197528,0.05876923565353666,0.18543653615883418,0.0,0.0,0.0,0.0,0.0,18473,global,0.0
5,1,lr1e-05_bs8_drop0p4_temp1p0_a0p25_b0p05__wd1e-04trmiss0_degmodglobal,8,1e-05,0.0001,0.4,1.0,0.25,0.05,lr1e-05_bs8_drop0p4_temp1p0_a0p25_b0p05__wd1e-04trmiss0_degmodglobal,3,0.6967154060091291,0.6504137516021729,0.6444444444444445,0.8111703111703112,0.6428571428571429,0.0,0.6525868007114956,0.6771384307316372,0.05340986672256674,0.12449034037334579,0.0,0.0,0.0,0.0,0.0,18473,global,0.0
5,1,lr1e-05_bs8_drop0p4_temp1p0_a0p25_b0p05__wd1e-04trmiss0_degmodglobal,8,1e-05,0.0001,0.4,1.0,0.25,0.05,lr1e-05_bs8_drop0p4_temp1p0_a0p25_b0p05__wd1e-04trmiss0_degmodglobal,4,0.6913661105292184,0.6502892374992371,0.6666666666666666,0.8333925333925336,0.6428571428571429,0.0,0.7016303368977138,0.6689973303249904,0.055720949811594825,0.1687708677990096,0.0,0.0,0.0,0.0,0.0,18473,global,0.0
5,1,lr1e-05_bs8_drop0p4_temp1p0_a0p25_b0p05__wd1e-04trmiss0_degmodglobal,8,1e-05,0.0001,0.4,1.0,0.25,0.05,lr1e-05_bs8_drop0p4_temp1p0_a0p25_b0p05__wd1e-04trmiss0_degmodglobal,5,0.7111940213612148,0.6524871587753296,0.6666666666666666,0.8243978243978245,0.6428571428571429,0.0,0.6788020900317601,0.6890282716069903,0.053678811128650396,0.17492084524461202,0.0,0.0,0.0,0.0,0.0,18473,global,0.0
5,1,lr1e-05_bs8_drop0p4_temp1p0_a0p25_b0p05__wd1e-04trmiss0_degmodglobal,8,1e-05,0.0001,0.4,1.0,0.25,0.05,lr1e-05_bs8_drop0p4_temp1p0_a0p25_b0p05__wd1e-04trmiss0_degmodglobal,6,0.6530493157250541,0.6535967588424683,0.6444444444444444,0.8176638176638178,0.6428571428571429,0.0,0.7095504743712289,0.6277089289256504,0.058071174791881015,0.21645193227699824,0.0,0.0,0.0,0.0,0.0,18473,global,0.0
5,1,lr1e-05_bs8_drop0p4_temp1p0_a0p25_b0p05__wd1e-04trmiss0_degmodglobal,8,1e-05,0.0001,0.4,1.0,0.25,0.05,lr1e-05_bs8_drop0p4_temp1p0_a0p25_b0p05__wd1e-04trmiss0_degmodglobal,7,0.6584013019289289,0.6525017619132996,0.6444444444444445,0.8111703111703112,0.6428571428571429,0.0,0.6655057157788958,0.6362482990537371,0.05551412169422422,0.16548950970172882,0.0,0.0,0.0,0.0,0.0,18473,global,0.0
5,1,lr1e-05_bs8_drop0p4_temp1p0_a0p25_b0p05__wd1e-04trmiss0_degmodglobal,8,1e-05,0.0001,0.4,1.0,0.25,0.05,lr1e-05_bs8_drop0p4_temp1p0_a0p25_b0p05__wd1e-04trmiss0_degmodglobal,8,0.6688653145517621,0.6503932774066925,0.6666666666666666,0.8243978243978245,0.6428571428571429,0.0,0.6537298134395054,0.6388745989118304,0.07488035197768893,0.22541297120707376,0.0,0.0,0.0,0.0,0.0,18473,global,0.0
5,1,lr1e-05_bs8_drop0p4_temp1p0_a0p25_b0p05__wd1e-04trmiss0_degmodglobal,8,1e-05,0.0001,0.4,1.0,0.25,0.05,lr1e-05_bs8_drop0p4_temp1p0_a0p25_b0p05__wd1e-04trmiss0_degmodglobal,9,0.6576653037752423,0.6473575830459595,0.6666666666666666,0.8243978243978245,0.6428571428571429,0.0,0.6754410266876221,0.6305051701409476,0.062258489429950714,0.2319103628396988,0.0,0.0,0.0,0.0,0.0,18473,global,0.0
5,1,lr1e-05_bs8_drop0p4_temp1p0_a0p25_b0p05__wd1e-04trmiss0_degmodglobal,8,1e-05,0.0001,0.4,1.0,0.25,0.05,lr1e-05_bs8_drop0p4_temp1p0_a0p25_b0p05__wd1e-04trmiss0_degmodglobal,10,0.6501171503748212,0.6461782455444336,0.6444444444444445,0.8111703111703112,0.6428571428571429,0.0,0.6731168798037938,0.6218758140291486,0.07531367189117841,0.18825859257153102,0.0,0.0,0.0,0.0,0.0,18473,global,0.0
5,1,lr1e-05_bs8_drop0p4_temp1p0_a0p25_b0p05__wd1e-04trmiss0_degmodglobal,8,1e-05,0.0001,0.4,1.0,0.25,0.05,lr1e-05_bs8_drop0p4_temp1p0_a0p25_b0p05__wd1e-04trmiss0_degmodglobal,11,0.6862983363015311,0.6488507390022278,0.6444444444444445,0.8111703111703112,0.7142857142857143,0.0,0.6433074474334717,0.6608870370047433,0.059041738776224,0.21301703048603876,0.0,0.0,0.0,0.0,0.0,18473,global,0.0
5,1,lr1e-05_bs8_drop0p4_temp1p0_a0p25_b0p05__wd1e-04trmiss0_degmodglobal,8,1e-05,0.0001,0.4,1.0,0.25,0.05,lr1e-05_bs8_drop0p4_temp1p0_a0p25_b0p05__wd1e-04trmiss0_degmodglobal,12,0.6994173356464931,0.6493441760540009,0.6444444444444445,0.8111703111703112,0.7142857142857143,0.0,0.6902409536497933,0.668052443436214,0.07283831228102956,0.2631059842450278,0.0,0.0,0.0,0.0,0.0,18473,global,0.0
5,1,lr1e-05_bs8_drop0p4_temp1p0_a0p25_b0p05__wd1e-04trmiss0_degmodglobal,8,1e-05,0.0001,0.4,1.0,0.25,0.05,lr1e-05_bs8_drop0p4_temp1p0_a0p25_b0p05__wd1e-04trmiss0_degmodglobal,13,0.7009309615407672,0.6510217785835266,0.6222222222222222,0.8012496762496764,0.6428571428571429,0.0,0.636021980217525,0.6696545481681824,0.07702155570898737,0.2404205288205828,0.0,0.0,0.0,0.0,0.0,18473,global,0.0
5,1,lr1e-05_bs8_drop0p4_temp1p0_a0p25_b0p05__wd1e-04trmiss0_degmodglobal,8,1e-05,0.0001,0.4,1.0,0.25,0.05,lr1e-05_bs8_drop0p4_temp1p0_a0p25_b0p05__wd1e-04trmiss0_degmodglobal,14,0.6632831522396633,0.6499561667442322,0.6444444444444445,0.8111703111703112,0.6428571428571429,0.0,0.6365552459444318,0.6331574405942645,0.07367468997836113,0.23414056109530584,0.0,0.0,0.0,0.0,0.0,18473,global,0.0
5,1,lr1e-05_bs8_drop0p4_temp1p0_a0p25_b0p05__wd1e-04trmiss0_degmodglobal,8,1e-05,0.0001,0.4,1.0,0.25,0.05,lr1e-05_bs8_drop0p4_temp1p0_a0p25_b0p05__wd1e-04trmiss0_degmodglobal,15,0.6525168333734784,0.6474543213844299,0.6222222222222222,0.8012496762496764,0.7142857142857143,0.0,0.6592039295605251,0.6214902741568429,0.07043089717626572,0.2683764908994947,0.0,0.0,0.0,0.0,0.0,18473,global,0.0
5,1,lr1e-05_bs8_drop0p4_temp1p0_a0p25_b0p05__wd1e-04trmiss0_degmodglobal,8,1e-05,0.0001,0.4,1.0,0.25,0.05,lr1e-05_bs8_drop0p4_temp1p0_a0p25_b0p05__wd1e-04trmiss0_degmodglobal,16,0.6647560851914542,0.64449742436409,0.6666666666666666,0.8243978243978245,0.7142857142857143,0.0,0.67075662953513,0.6440775990486145,0.0533382711665971,0.14687883321728026,0.0,0.0,0.0,0.0,0.0,18473,global,0.0
5,1,lr1e-05_bs8_drop0p4_temp1p0_a0p25_b0p05__wd1e-04trmiss0_degmodglobal,8,1e-05,0.0001,0.4,1.0,0.25,0.05,lr1e-05_bs8_drop0p4_temp1p0_a0p25_b0p05__wd1e-04trmiss0_degmodglobal,17,0.691681444644928,0.649012416601181,0.6222222222222222,0.8012496762496764,0.7142857142857143,0.0,0.6630391478538513,0.658891669341496,0.07412049600056239,0.2851931261164801,0.0,0.0,0.0,0.0,0.0,18473,global,0.0
5,1,lr1e-05_bs8_drop0p4_temp1p0_a0p25_b0p05__wd1e-04trmiss0_degmodglobal,8,1e-05,0.0001,0.4,1.0,0.25,0.05,lr1e-05_bs8_drop0p4_temp1p0_a0p25_b0p05__wd1e-04trmiss0_degmodglobal,18,0.6493361251694816,0.6496447324752808,0.6,0.7864348614348615,0.7142857142857143,0.0,0.6319619587489537,0.6291114091873169,0.05448633059859276,0.13206272359405244,0.0,0.0,0.0,0.0,0.0,18473,global,0.0
5,1,lr1e-05_bs8_drop0p4_temp1p0_a0p25_b0p05__wd1e-04trmiss0_degmodglobal,8,1e-05,0.0001,0.4,1.0,0.25,0.05,lr1e-05_bs8_drop0p4_temp1p0_a0p25_b0p05__wd1e-04trmiss0_degmodglobal,19,0.6489377873284476,0.6500198841094971,0.6222222222222222,0.8012496762496764,0.7142857142857143,0.0,0.646776156766074,0.6146146527358464,0.07931493542024068,0.28988792427948545,0.0,0.0,0.0,0.0,0.0,18473,global,0.0
5,1,lr1e-05_bs8_drop0p4_temp1p0_a0p25_b0p05__wd1e-04trmiss0_degmodglobal,8,1e-05,0.0001,0.4,1.0,0.25,0.05,lr1e-05_bs8_drop0p4_temp1p0_a0p25_b0p05__wd1e-04trmiss0_degmodglobal,20,0.6782713447298322,0.6477273106575012,0.6222222222222222,0.8012496762496764,0.7142857142857143,0.0,0.6385016015597752,0.651107234614236,0.06730898043939046,0.20673739590815135,0.0,0.0,0.0,0.0,0.0,18473,global,0.0
5,1,lr1e-05_bs8_drop0p4_temp1p0_a0p25_b0p05__wd1e-04trmiss0_degmodglobal,8,1e-05,0.0001,0.4,1.0,0.25,0.05,lr1e-05_bs8_drop0p4_temp1p0_a0p25_b0p05__wd1e-04trmiss0_degmodglobal,21,0.6674160616738456,0.647693395614624,0.6222222222222222,0.8012496762496764,0.7142857142857143,0.0,0.6586753044809613,0.639044531754085,0.06874245032668114,0.22371807268687657,0.0,0.0,0.0,0.0,0.0,18473,global,0.0
5,1,lr1e-05_bs8_drop0p4_temp1p0_a0p25_b0p05__wd1e-04trmiss0_degmodglobal,8,1e-05,0.0001,0.4,1.0,0.25,0.05,lr1e-05_bs8_drop0p4_temp1p0_a0p25_b0p05__wd1e-04trmiss0_degmodglobal,22,0.6331542645181928,0.6477427184581757,0.6444444444444445,0.8234718984718985,0.7142857142857143,0.0,0.6274759003094265,0.6087413089615958,0.06200419632451875,0.17823819390365056,0.0,0.0,0.0,0.0,0.0,18473,global,0.0
5,1,lr1e-05_bs8_drop0p4_temp1p0_a0p25_b0p05__wd1e-04trmiss0_degmodglobal,8,1e-05,0.0001,0.4,1.0,0.25,0.05,lr1e-05_bs8_drop0p4_temp1p0_a0p25_b0p05__wd1e-04trmiss0_degmodglobal,23,0.6790599652699062,0.6486222743988037,0.6222222222222222,0.8012496762496764,0.7142857142857143,0.0,0.656806903226035,0.6517313548496791,0.06665900935019765,0.2132773165191923,0.0,0.0,0.0,0.0,0.0,18473,global,0.0
5,1,lr1e-05_bs8_drop0p4_temp1p0_a0p25_b0p05__wd1e-04trmiss0_degmodglobal,8,1e-05,0.0001,0.4,1.0,0.25,0.05,lr1e-05_bs8_drop0p4_temp1p0_a0p25_b0p05__wd1e-04trmiss0_degmodglobal,24,0.6645867994853428,0.6474722623825073,0.6444444444444445,0.8234718984718985,0.7142857142857143,0.0,0.6708772778511047,0.638877238546099,0.06915219181350299,0.1684303390128272,0.0,0.0,0.0,0.0,0.0,18473,global,0.0
5,1,lr1e-05_bs8_drop0p4_temp1p0_a0p25_b0p05__wd1e-04trmiss0_degmodglobal,8,1e-05,0.0001,0.4,1.0,0.25,0.05,lr1e-05_bs8_drop0p4_temp1p0_a0p25_b0p05__wd1e-04trmiss0_degmodglobal,25,0.665488600730896,0.647571474313736,0.6222222222222222,0.8012496762496764,0.7142857142857143,0.0,0.5937334724834987,0.6417867711612156,0.0660450884274074,0.14381096405642374,0.0,0.0,0.0,0.0,0.0,18473,global,0.0
5,1,lr1e-05_bs8_drop0p4_temp1p0_a0p25_b0p05__wd1e-04trmiss0_degmodglobal,8,1e-05,0.0001,0.4,1.0,0.25,0.05,lr1e-05_bs8_drop0p4_temp1p0_a0p25_b0p05__wd1e-04trmiss0_degmodglobal,26,0.6428618005343846,0.6463582217693329,0.6444444444444445,0.8234718984718985,0.7142857142857143,0.0,0.6243499943188259,0.6132333278656006,0.07598687495504107,0.21263504028320312,0.0,0.0,0.0,0.0,0.0,18473,global,0.0
5,1,lr1e-05_bs8_drop0p4_temp1p0_a0p25_b0p05__wd1e-04trmiss0_degmodglobal,8,1e-05,0.0001,0.4,1.0,0.25,0.05,lr1e-05_bs8_drop0p4_temp1p0_a0p25_b0p05__wd1e-04trmiss0_degmodglobal,27,0.6835226161139352,0.6464277505874634,0.6444444444444444,0.8076599326599327,0.7142857142857143,0.0,0.6009947316987174,0.6537896905626569,0.07546559987323624,0.21733024077756063,0.0,0.0,0.0,0.0,0.0,18473,global,0.0
5,1,lr1e-05_bs8_drop0p4_temp1p0_a0p25_b0p05__wd1e-04trmiss0_degmodglobal,8,1e-05,0.0001,0.4,1.0,0.25,0.05,lr1e-05_bs8_drop0p4_temp1p0_a0p25_b0p05__wd1e-04trmiss0_degmodglobal,28,0.6542682988303048,0.6439521312713623,0.6666666666666667,0.8298821548821549,0.7142857142857143,0.0,0.6313048090253558,0.6277865256581988,0.06620384220566068,0.19861634448170662,0.0,0.0,0.0,0.0,0.0,18473,global,0.0
5,1,lr1e-05_bs8_drop0p4_temp1p0_a0p25_b0p05__wd1e-04trmiss0_degmodglobal,8,1e-05,0.0001,0.4,1.0,0.25,0.05,lr1e-05_bs8_drop0p4_temp1p0_a0p25_b0p05__wd1e-04trmiss0_degmodglobal,29,0.6641649092946734,0.6481074392795563,0.6444444444444445,0.8234718984718985,0.7142857142857143,0.0,0.6076240794999259,0.6292429992130825,0.08176866280181068,0.28959487804344725,0.0,0.0,0.0,0.0,0.0,18473,global,0.0
5,1,lr1e-05_bs8_drop0p4_temp1p0_a0p25_b0p05__wd1e-04trmiss0_degmodglobal,8,1e-05,0.0001,0.4,1.0,0.25,0.05,lr1e-05_bs8_drop0p4_temp1p0_a0p25_b0p05__wd1e-04trmiss0_degmodglobal,30,0.6477611150060382,0.6484004259109497,0.6444444444444445,0.8234718984718985,0.7142857142857143,0.0,0.6081919755254473,0.6240620187350682,0.059301579637186866,0.17747403574841364,0.0,0.0,0.0,0.0,0.0,18473,global,0.0
5,1,lr1e-05_bs8_drop0p4_temp1p0_a0p25_b0p05__wd1e-04trmiss0_degmodglobal,8,1e-05,0.0001,0.4,1.0,0.25,0.05,lr1e-05_bs8_drop0p4_temp1p0_a0p25_b0p05__wd1e-04trmiss0_degmodglobal,31,0.6554246374538967,0.6486650109291077,0.6222222222222222,0.8012496762496764,0.7142857142857143,0.0,0.6151865635599408,0.6207425424030849,0.09229803511074611,0.2321516807590212,0.0,0.0,0.0,0.0,0.0,18473,global,0.0
5,1,lr1e-05_bs8_drop0p4_temp1p0_a0p25_b0p05__wd1e-04trmiss0_degmodglobal,8,1e-05,0.0001,0.4,1.0,0.25,0.05,lr1e-05_bs8_drop0p4_temp1p0_a0p25_b0p05__wd1e-04trmiss0_degmodglobal,32,0.6864579405103411,0.6468982696533203,0.6222222222222222,0.8012496762496764,0.7142857142857143,0.0,0.6115122437477112,0.6571968623570034,0.0660429373383522,0.2550069732325418,0.0,0.0,0.0,0.0,0.0,18473,global,0.0
5,1,lr1e-05_bs8_drop0p4_temp1p0_a0p25_b0p05__wd1e-04trmiss0_degmodglobal,8,1e-05,0.0001,0.4,1.0,0.25,0.05,lr1e-05_bs8_drop0p4_temp1p0_a0p25_b0p05__wd1e-04trmiss0_degmodglobal,33,0.6592021414211818,0.647671639919281,0.6222222222222222,0.8012496762496764,0.7142857142857143,0.0,0.6019605398178101,0.6239322168486459,0.0865724038864885,0.2725364203963961,0.0,0.0,0.0,0.0,0.0,18473,global,0.0
5,1,lr1e-05_bs8_drop0p4_temp1p0_a0p25_b0p05__wd1e-04trmiss0_degmodglobal,8,1e-05,0.0001,0.4,1.0,0.25,0.05,lr1e-05_bs8_drop0p4_temp1p0_a0p25_b0p05__wd1e-04trmiss0_degmodglobal,34,0.6664540597370693,0.6459080874919891,0.6444444444444445,0.8234718984718985,0.7142857142857143,0.0,0.6298582468714032,0.6367624998092651,0.07566687730806214,0.21549701850329125,0.0,0.0,0.0,0.0,0.0,18473,global,0.0
5,1,lr1e-05_bs8_drop0p4_temp1p0_a0p25_b0p05__wd1e-04trmiss0_degmodglobal,8,1e-05,0.0001,0.4,1.0,0.25,0.05,lr1e-05_bs8_drop0p4_temp1p0_a0p25_b0p05__wd1e-04trmiss0_degmodglobal,35,0.6424161451203483,0.6454484462738037,0.6444444444444445,0.8234718984718985,0.7142857142857143,0.0,0.5728005000523159,0.6100356578826904,0.08383767306804657,0.2284213751554489,0.0,0.0,0.0,0.0,0.0,18473,global,0.0
5,1,lr1e-05_bs8_drop0p4_temp1p0_a0p25_b0p05__wd1e-04trmiss0_degmodglobal,8,1e-05,0.0001,0.4,1.0,0.25,0.05,lr1e-05_bs8_drop0p4_temp1p0_a0p25_b0p05__wd1e-04trmiss0_degmodglobal,36,0.6688875300543649,0.6441945433616638,0.6444444444444445,0.8234718984718985,0.7142857142857143,0.0,0.6202201076916286,0.6402973788125175,0.07256942721349853,0.20895589355911529,0.0,0.0,0.0,0.0,0.0,18473,global,0.0
5,1,lr1e-05_bs8_drop0p4_temp1p0_a0p25_b0p05__wd1e-04trmiss0_degmodglobal,8,1e-05,0.0001,0.4,1.0,0.25,0.05,lr1e-05_bs8_drop0p4_temp1p0_a0p25_b0p05__wd1e-04trmiss0_degmodglobal,37,0.6495252932821002,0.6466905772686005,0.6222222222222222,0.8012496762496764,0.7142857142857143,0.0,0.6108990779944828,0.6241065434047154,0.06481499757085528,0.18430014752915927,0.0,0.0,0.0,0.0,0.0,18473,global,0.0
5,1,lr1e-05_bs8_drop0p4_temp1p0_a0p25_b0p05__wd1e-04trmiss0_degmodglobal,8,1e-05,0.0001,0.4,1.0,0.25,0.05,lr1e-05_bs8_drop0p4_temp1p0_a0p25_b0p05__wd1e-04trmiss0_degmodglobal,38,0.6495124527386257,0.6462151110172272,0.6444444444444445,0.8111703111703112,0.7142857142857143,0.0,0.5781674768243518,0.6163232326507568,0.08552602678537369,0.23615439874785288,0.0,0.0,0.0,0.0,0.0,18473,global,0.0
5,1,lr1e-05_bs8_drop0p4_temp1p0_a0p25_b0p05__wd1e-04trmiss0_degmodglobal,8,1e-05,0.0001,0.4,1.0,0.25,0.05,lr1e-05_bs8_drop0p4_temp1p0_a0p25_b0p05__wd1e-04trmiss0_degmodglobal,39,0.6517601609230042,0.6433878540992737,0.6222222222222222,0.8012496762496764,0.7142857142857143,0.0,0.5614174093518939,0.6210087622914996,0.08489066841346878,0.19057478329965047,0.0,0.0,0.0,0.0,0.0,18473,global,0.0
5,1,lr1e-05_bs8_drop0p4_temp1p0_a0p25_b0p05__wd1e-04trmiss0_degmodglobal,8,1e-05,0.0001,0.4,1.0,0.25,0.05,lr1e-05_bs8_drop0p4_temp1p0_a0p25_b0p05__wd1e-04trmiss0_degmodglobal,40,0.6442288926669529,0.6456030011177063,0.6222222222222222,0.8012496762496764,0.7142857142857143,0.0,0.6003268361091614,0.6176857607705253,0.06514461870704379,0.20513956887381418,0.0,0.0,0.0,0.0,0.0,18473,global,0.0
5,1,lr1e-05_bs8_drop0p4_temp1p0_a0p25_b0p05__wd1e-04trmiss0_degmodglobal,8,1e-05,0.0001,0.4,1.0,0.25,0.05,lr1e-05_bs8_drop0p4_temp1p0_a0p25_b0p05__wd1e-04trmiss0_degmodglobal,41,0.6511559316090175,0.6473711729049683,0.6222222222222222,0.8012496762496764,0.7142857142857143,0.0,0.5734183958598545,0.6197722809655326,0.07814329223973411,0.23695640478815352,0.0,0.0,0.0,0.0,0.0,18473,global,0.0
5,1,lr1e-05_bs8_drop0p4_temp1p0_a0p25_b0p05__wd1e-04trmiss0_degmodglobal,8,1e-05,0.0001,0.4,1.0,0.25,0.05,lr1e-05_bs8_drop0p4_temp1p0_a0p25_b0p05__wd1e-04trmiss0_degmodglobal,42,0.6927693911961147,0.6472525000572205,0.6444444444444445,0.8234718984718985,0.7142857142857143,0.0,0.5684393814631871,0.6548226305416652,0.09100714751652308,0.30389951169490814,0.0,0.0,0.0,0.0,0.0,18473,global,0.0
5,1,lr1e-05_bs8_drop0p4_temp1p0_a0p25_b0p05__wd1e-04trmiss0_degmodglobal,8,1e-05,0.0001,0.4,1.0,0.25,0.05,lr1e-05_bs8_drop0p4_temp1p0_a0p25_b0p05__wd1e-04trmiss0_degmodglobal,43,0.6463532277515956,0.646011471748352,0.6222222222222222,0.8012496762496764,0.7142857142857143,0.0,0.580732558454786,0.6181352819715228,0.07209045972142901,0.2039065808057785,0.0,0.0,0.0,0.0,0.0,18473,global,0.0
5,1,lr1e-05_bs8_drop0p4_temp1p0_a0p25_b0p05__wd1e-04trmiss0_degmodglobal,8,1e-05,0.0001,0.4,1.0,0.25,0.05,lr1e-05_bs8_drop0p4_temp1p0_a0p25_b0p05__wd1e-04trmiss0_degmodglobal,44,0.6979807274682182,0.6463159918785095,0.6222222222222222,0.8012496762496764,0.7142857142857143,0.0,0.6315406816346305,0.6676731194768634,0.07614310298647199,0.22543627662318094,0.0,0.0,0.0,0.0,0.0,18473,global,0.0
5,1,lr1e-05_bs8_drop0p4_temp1p0_a0p25_b0p05__wd1e-04trmiss0_degmodglobal,8,1e-05,0.0001,0.4,1.0,0.25,0.05,lr1e-05_bs8_drop0p4_temp1p0_a0p25_b0p05__wd1e-04trmiss0_degmodglobal,45,0.6724216171673366,0.6456243395805359,0.6222222222222222,0.8012496762496764,0.7142857142857143,0.0,0.577060375894819,0.6329018218176705,0.09570752988968577,0.3118584028312138,0.0,0.0,0.0,0.0,0.0,18473,global,0.0
5,1,lr1e-05_bs8_drop0p4_temp1p0_a0p25_b0p05__wd1e-04trmiss0_degmodglobal,8,1e-05,0.0001,0.4,1.0,0.25,0.05,lr1e-05_bs8_drop0p4_temp1p0_a0p25_b0p05__wd1e-04trmiss0_degmodglobal,46,0.6636982985905239,0.6455210149288177,0.6444444444444445,0.8234718984718985,0.7142857142857143,0.0,0.5568590973104749,0.6260266133717128,0.09697796510798591,0.26854414705719265,0.0,0.0,0.0,0.0,0.0,18473,global,0.0
5,1,lr1e-05_bs8_drop0p4_temp1p0_a0p25_b0p05__wd1e-04trmiss0_degmodglobal,8,1e-05,0.0001,0.4,1.0,0.25,0.05,lr1e-05_bs8_drop0p4_temp1p0_a0p25_b0p05__wd1e-04trmiss0_degmodglobal,47,0.6903048157691956,0.6438028216362,0.6444444444444445,0.8234718984718985,0.7142857142857143,0.0,0.5763369372912815,0.6612747481891087,0.06990967424852508,0.23105307455573762,0.0,0.0,0.0,0.0,0.0,18473,global,0.0
5,1,lr1e-05_bs8_drop0p4_temp1p0_a0p25_b0p05__wd1e-04trmiss0_degmodglobal,8,1e-05,0.0001,0.4,1.0,0.25,0.05,lr1e-05_bs8_drop0p4_temp1p0_a0p25_b0p05__wd1e-04trmiss0_degmodglobal,48,0.6695491756711688,0.6460900902748108,0.6222222222222222,0.8012496762496764,0.7142857142857143,0.0,0.5848345671381269,0.6390650357518878,0.08482805320194789,0.18554251534598215,0.0,0.0,0.0,0.0,0.0,18473,global,0.0
5,1,lr1e-05_bs8_drop0p4_temp2p0_a0p25_b0p05__wd1e-04trmiss0_degmodglobal,8,1e-05,0.0001,0.4,2.0,0.25,0.05,lr1e-05_bs8_drop0p4_temp2p0_a0p25_b0p05__wd1e-04trmiss0_degmodglobal,1,0.6961334773472377,0.6725310683250427,0.5777777777777777,0.78995818995819,0.5,0.0,0.679536087172372,0.6736744386809213,0.05338413294936929,0.18226001411676407,0.0,0.0,0.0,0.0,0.0,18473,global,0.0
5,1,lr1e-05_bs8_drop0p4_temp2p0_a0p25_b0p05__wd1e-04trmiss0_degmodglobal,8,1e-05,0.0001,0.4,2.0,0.25,0.05,lr1e-05_bs8_drop0p4_temp2p0_a0p25_b0p05__wd1e-04trmiss0_degmodglobal,2,0.6901977487972805,0.6633312702178955,0.6444444444444444,0.828847078847079,0.5714285714285714,0.0,0.6882905874933515,0.6709198185375759,0.04746803907411439,0.1482184710247176,0.0,0.0,0.0,0.0,0.0,18473,global,0.0
5,1,lr1e-05_bs8_drop0p4_temp2p0_a0p25_b0p05__wd1e-04trmiss0_degmodglobal,8,1e-05,0.0001,0.4,2.0,0.25,0.05,lr1e-05_bs8_drop0p4_temp2p0_a0p25_b0p05__wd1e-04trmiss0_degmodglobal,3,0.704955884388515,0.6550225019454956,0.6888888888888889,0.844559761226428,0.5714285714285714,0.0,0.6716275555746896,0.6841525946344648,0.05320055942450251,0.1500633374920913,0.0,0.0,0.0,0.0,0.0,18473,global,0.0
5,1,lr1e-05_bs8_drop0p4_temp2p0_a0p25_b0p05__wd1e-04trmiss0_degmodglobal,8,1e-05,0.0001,0.4,2.0,0.25,0.05,lr1e-05_bs8_drop0p4_temp2p0_a0p25_b0p05__wd1e-04trmiss0_degmodglobal,4,0.696989893913269,0.6503587067127228,0.7555555555555555,0.8954415954415955,0.6428571428571429,0.0,0.6409012675285339,0.6729217256818499,0.05759145825036934,0.19340586076889718,0.0,0.0,0.0,0.0,0.0,18473,global,0.0
5,1,lr1e-05_bs8_drop0p4_temp2p0_a0p25_b0p05__wd1e-04trmiss0_degmodglobal,8,1e-05,0.0001,0.4,2.0,0.25,0.05,lr1e-05_bs8_drop0p4_temp2p0_a0p25_b0p05__wd1e-04trmiss0_degmodglobal,5,0.6865332637514386,0.6449650228023529,0.7777777777777777,0.9040835707502375,0.6428571428571429,0.0,0.6333600963865008,0.6682298013142177,0.04831249213644436,0.12450662042413439,0.0,0.0,0.0,0.0,0.0,18473,global,0.0
5,1,lr1e-05_bs8_drop0p4_temp2p0_a0p25_b0p05__wd1e-04trmiss0_degmodglobal,8,1e-05,0.0001,0.4,2.0,0.25,0.05,lr1e-05_bs8_drop0p4_temp2p0_a0p25_b0p05__wd1e-04trmiss0_degmodglobal,6,0.6918805326734271,0.6446681022644043,0.8222222222222222,0.9188983855650523,0.6428571428571429,0.0,0.6556909169469561,0.665009149483272,0.060454832656042914,0.23515338557107107,0.0,0.0,0.0,0.0,0.0,18473,global,0.0
5,1,lr1e-05_bs8_drop0p4_temp2p0_a0p25_b0p05__wd1e-04trmiss0_degmodglobal,8,1e-05,0.0001,0.4,2.0,0.25,0.05,lr1e-05_bs8_drop0p4_temp2p0_a0p25_b0p05__wd1e-04trmiss0_degmodglobal,7,0.6804622071129935,0.6411730647087097,0.8222222222222222,0.9188983855650523,0.6428571428571429,0.0,0.6217263340950012,0.6616423300334385,0.04529739783278534,0.14991044465984618,0.0,0.0,0.0,0.0,0.0,18473,global,0.0
5,1,lr1e-05_bs8_drop0p4_temp2p0_a0p25_b0p05__wd1e-04trmiss0_degmodglobal,8,1e-05,0.0001,0.4,2.0,0.25,0.05,lr1e-05_bs8_drop0p4_temp2p0_a0p25_b0p05__wd1e-04trmiss0_degmodglobal,8,0.6986782465662275,0.6349519193172455,0.8444444444444443,0.929700854700855,0.6428571428571429,0.0,0.6459802389144897,0.6814384460449219,0.04204621006335531,0.13456492232424871,0.0,0.0,0.0,0.0,0.0,18473,global,0.0
5,1,lr1e-05_bs8_drop0p4_temp2p0_a0p25_b0p05__wd1e-04trmiss0_degmodglobal,8,1e-05,0.0001,0.4,2.0,0.25,0.05,lr1e-05_bs8_drop0p4_temp2p0_a0p25_b0p05__wd1e-04trmiss0_degmodglobal,9,0.6769124269485474,0.6300186514854431,0.8666666666666667,0.9435897435897438,0.7142857142857143,0.0,0.6172975642340524,0.6566445061138698,0.05040323468191283,0.15334211875285422,0.0,0.0,0.0,0.0,0.0,18473,global,0.0
5,1,lr1e-05_bs8_drop0p4_temp2p0_a0p25_b0p05__wd1e-04trmiss0_degmodglobal,8,1e-05,0.0001,0.4,2.0,0.25,0.05,lr1e-05_bs8_drop0p4_temp2p0_a0p25_b0p05__wd1e-04trmiss0_degmodglobal,10,0.6794024109840393,0.632978767156601,0.8666666666666667,0.9435897435897438,0.7142857142857143,0.0,0.634437484400613,0.657903254032135,0.05156763057623591,0.172145348574434,0.0,0.0,0.0,0.0,0.0,18473,global,0.0
5,1,lr1e-05_bs8_drop0p4_temp2p0_a0p25_b0p05__wd1e-04trmiss0_degmodglobal,8,1e-05,0.0001,0.4,2.0,0.25,0.05,lr1e-05_bs8_drop0p4_temp2p0_a0p25_b0p05__wd1e-04trmiss0_degmodglobal,11,0.6801500831331525,0.635885089635849,0.8444444444444444,0.9253086419753087,0.7857142857142857,0.0,0.6322855438504901,0.6573805979319981,0.060449449345469475,0.15314255974122457,0.0,0.0,0.0,0.0,0.0,18473,global,0.0
5,1,lr1e-05_bs8_drop0p4_temp2p0_a0p25_b0p05__wd1e-04trmiss0_degmodglobal,8,1e-05,0.0001,0.4,2.0,0.25,0.05,lr1e-05_bs8_drop0p4_temp2p0_a0p25_b0p05__wd1e-04trmiss0_degmodglobal,12,0.6721259270395551,0.6347991228103638,0.8444444444444444,0.9253086419753087,0.7857142857142857,0.0,0.6348146796226501,0.6528110759598869,0.04894506824868066,0.14157164309706008,0.0,0.0,0.0,0.0,0.0,18473,global,0.0
5,1,lr1e-05_bs8_drop0p4_temp2p0_a0p25_b0p05__wd1e-04trmiss0_degmodglobal,8,1e-05,0.0001,0.4,2.0,0.25,0.05,lr1e-05_bs8_drop0p4_temp2p0_a0p25_b0p05__wd1e-04trmiss0_degmodglobal,13,0.663228052003043,0.6356553435325623,0.8666666666666666,0.9361111111111113,0.7857142857142857,0.0,0.6304748228618077,0.6462496093341282,0.04331494681537151,0.12299404878701482,0.0,0.0,0.0,0.0,0.0,18473,global,0.0
5,1,lr1e-05_bs8_drop0p4_temp2p0_a0p25_b0p05__wd1e-04trmiss0_degmodglobal,8,1e-05,0.0001,0.4,2.0,0.25,0.05,lr1e-05_bs8_drop0p4_temp2p0_a0p25_b0p05__wd1e-04trmiss0_degmodglobal,14,0.6636678746768406,0.6346149444580078,0.8666666666666666,0.9361111111111113,0.7857142857142857,0.0,0.6155129075050354,0.6460809026445661,0.049393377133778164,0.10477257307086672,0.0,0.0,0.0,0.0,0.0,18473,global,0.0
5,1,lr1e-05_bs8_drop0p4_temp2p0_a0p25_b0p05__wd1e-04trmiss0_degmodglobal,8,1e-05,0.0001,0.4,2.0,0.25,0.05,lr1e-05_bs8_drop0p4_temp2p0_a0p25_b0p05__wd1e-04trmiss0_degmodglobal,15,0.6648645826748439,0.6325123310089111,0.8888888888888888,0.9459876543209877,0.7142857142857143,0.0,0.6051579202924456,0.6508230481828962,0.03488723694213799,0.10639487845557076,0.0,0.0,0.0,0.0,0.0,18473,global,0.0
5,1,lr1e-05_bs8_drop0p4_temp2p0_a0p25_b0p05__wd1e-04trmiss0_degmodglobal,8,1e-05,0.0001,0.4,2.0,0.25,0.05,lr1e-05_bs8_drop0p4_temp2p0_a0p25_b0p05__wd1e-04trmiss0_degmodglobal,16,0.6615377749715533,0.6372537612915039,0.8444444444444443,0.929700854700855,0.6428571428571429,0.0,0.6279163360595703,0.641984054020473,0.049143046140670776,0.14535899247441972,0.0,0.0,0.0,0.0,0.0,18473,global,0.0
5,1,lr1e-05_bs8_drop0p4_temp2p0_a0p25_b0p05__wd1e-04trmiss0_degmodglobal,8,1e-05,0.0001,0.4,2.0,0.25,0.05,lr1e-05_bs8_drop0p4_temp2p0_a0p25_b0p05__wd1e-04trmiss0_degmodglobal,17,0.6555849994931903,0.634658932685852,0.8666666666666667,0.9435897435897438,0.6428571428571429,0.0,0.6072998983519418,0.6393755844661168,0.04189151046531541,0.11473045418305057,0.0,0.0,0.0,0.0,0.0,18473,global,0.0
5,1,lr1e-05_bs8_drop0p4_temp2p0_a0p25_b0p05__wd1e-04trmiss0_degmodglobal,8,1e-05,0.0001,0.4,2.0,0.25,0.05,lr1e-05_bs8_drop0p4_temp2p0_a0p25_b0p05__wd1e-04trmiss0_degmodglobal,18,0.6671558192798069,0.6317225992679596,0.8666666666666667,0.9395773979107314,0.7142857142857143,0.0,0.6380228400230408,0.645866164139339,0.05506375964198794,0.15047454833984375,0.0,0.0,0.0,0.0,0.0,18473,global,0.0
5,1,lr1e-05_bs8_drop0p4_temp2p0_a0p25_b0p05__wd1e-04trmiss0_degmodglobal,8,1e-05,0.0001,0.4,2.0,0.25,0.05,lr1e-05_bs8_drop0p4_temp2p0_a0p25_b0p05__wd1e-04trmiss0_degmodglobal,19,0.6880035059792655,0.6299431622028351,0.8666666666666667,0.9395773979107314,0.7142857142857143,0.0,0.6027656282697406,0.6679321868079049,0.05155549996665546,0.14364864464317048,0.0,0.0,0.0,0.0,0.0,18473,global,0.0
5,1,lr1e-05_bs8_drop0p4_temp2p0_a0p25_b0p05__wd1e-04trmiss0_degmodglobal,8,1e-05,0.0001,0.4,2.0,0.25,0.05,lr1e-05_bs8_drop0p4_temp2p0_a0p25_b0p05__wd1e-04trmiss0_degmodglobal,20,0.6712560398238046,0.6331577897071838,0.8666666666666667,0.9395773979107314,0.7142857142857143,0.0,0.6189868109566825,0.6513737525258746,0.05022713595202991,0.1465099879673549,0.0,0.0,0.0,0.0,0.0,18473,global,0.0
5,1,lr1e-05_bs8_drop0p4_temp2p0_a0p25_b0p05__wd1e-04trmiss0_degmodglobal,8,1e-05,0.0001,0.4,2.0,0.25,0.05,lr1e-05_bs8_drop0p4_temp2p0_a0p25_b0p05__wd1e-04trmiss0_degmodglobal,21,0.6925399133137294,0.6321247816085815,0.888888888888889,0.9534662867996202,0.7142857142857143,0.0,0.628662075315203,0.6749833226203918,0.04146459060055869,0.14380875762019837,0.0,0.0,0.0,0.0,0.0,18473,global,0.0
5,1,lr1e-05_bs8_drop0p4_temp2p0_a0p25_b0p05__wd1e-04trmiss0_degmodglobal,8,1e-05,0.0001,0.4,2.0,0.25,0.05,lr1e-05_bs8_drop0p4_temp2p0_a0p25_b0p05__wd1e-04trmiss0_degmodglobal,22,0.6415790149143764,0.634033203125,0.8444444444444446,0.9237043820377155,0.7142857142857143,0.0,0.5893495508602687,0.6217533946037292,0.04520046790795667,0.17050988227128983,0.0,0.0,0.0,0.0,0.0,18473,global,0.0
5,1,lr1e-05_bs8_drop0p4_temp2p0_a0p25_b0p05__wd1e-04trmiss0_degmodglobal,8,1e-05,0.0001,0.4,2.0,0.25,0.05,lr1e-05_bs8_drop0p4_temp2p0_a0p25_b0p05__wd1e-04trmiss0_degmodglobal,23,0.6547844154494149,0.6285887956619263,0.9111111111111111,0.9598765432098768,0.7857142857142857,0.0,0.6041951775550842,0.6319435834884644,0.05691670227263655,0.17223292057003295,0.0,0.0,0.0,0.0,0.0,18473,global,0.0
5,1,lr1e-05_bs8_drop0p4_temp2p0_a0p25_b0p05__wd1e-04trmiss0_degmodglobal,8,1e-05,0.0001,0.4,2.0,0.25,0.05,lr1e-05_bs8_drop0p4_temp2p0_a0p25_b0p05__wd1e-04trmiss0_degmodglobal,24,0.6414812122072492,0.6282421350479126,0.8888888888888888,0.9459876543209877,0.7857142857142857,0.0,0.6068168452807835,0.6236175979886737,0.04300173159156527,0.14226387760468892,0.0,0.0,0.0,0.0,0.0,18473,global,0.0
5,1,lr1e-05_bs8_drop0p4_temp2p0_a0p25_b0p05__wd1e-04trmiss0_degmodglobal,8,1e-05,0.0001,0.4,2.0,0.25,0.05,lr1e-05_bs8_drop0p4_temp2p0_a0p25_b0p05__wd1e-04trmiss0_degmodglobal,25,0.6347476584570748,0.6265770494937897,0.8888888888888888,0.9459876543209877,0.7857142857142857,0.0,0.6166648524148124,0.6178696921893528,0.04183659862194743,0.12837627423661097,0.0,0.0,0.0,0.0,0.0,18473,global,0.0
5,1,lr1e-05_bs8_drop0p4_temp2p0_a0p25_b0p05__wd1e-04trmiss0_degmodglobal,8,1e-05,0.0001,0.4,2.0,0.25,0.05,lr1e-05_bs8_drop0p4_temp2p0_a0p25_b0p05__wd1e-04trmiss0_degmodglobal,26,0.6488508837563651,0.6261501610279083,0.8888888888888888,0.9459876543209877,0.7857142857142857,0.0,0.6150564210755485,0.6271461078098842,0.05575186227049146,0.15533609794718878,0.0,0.0,0.0,0.0,0.0,18473,global,0.0
5,1,lr1e-05_bs8_drop0p4_temp2p0_a0p25_b0p05__wd1e-04trmiss0_degmodglobal,8,1e-05,0.0001,0.4,2.0,0.25,0.05,lr1e-05_bs8_drop0p4_temp2p0_a0p25_b0p05__wd1e-04trmiss0_degmodglobal,27,0.6244119831493923,0.6242851614952087,0.8888888888888888,0.9459876543209877,0.7857142857142857,0.0,0.6093575869287763,0.6086757779121399,0.041717419400811195,0.10613722380782876,0.0,0.0,0.0,0.0,0.0,18473,global,0.0
5,1,lr1e-05_bs8_drop0p4_temp2p0_a0p25_b0p05__wd1e-04trmiss0_degmodglobal,8,1e-05,0.0001,0.4,2.0,0.25,0.05,lr1e-05_bs8_drop0p4_temp2p0_a0p25_b0p05__wd1e-04trmiss0_degmodglobal,28,0.6338781033243451,0.6232843399047852,0.8888888888888888,0.9459876543209877,0.7142857142857143,0.0,0.5858297262872968,0.618684036391122,0.04033293388783932,0.10221675197993006,0.0,0.0,0.0,0.0,0.0,18473,global,0.0
5,1,lr1e-05_bs8_drop0p4_temp2p0_a0p25_b0p05__wd1e-04trmiss0_degmodglobal,8,1e-05,0.0001,0.4,2.0,0.25,0.05,lr1e-05_bs8_drop0p4_temp2p0_a0p25_b0p05__wd1e-04trmiss0_degmodglobal,29,0.6422216977391925,0.6256956160068512,0.8666666666666667,0.9395773979107314,0.7142857142857143,0.0,0.5748721190861293,0.6224451405661446,0.05001901329628059,0.145436093211174,0.0,0.0,0.0,0.0,0.0,18473,global,0.0
5,1,lr1e-05_bs8_drop0p4_temp2p0_a0p25_b0p05__wd1e-04trmiss0_degmodglobal,8,1e-05,0.0001,0.4,2.0,0.25,0.05,lr1e-05_bs8_drop0p4_temp2p0_a0p25_b0p05__wd1e-04trmiss0_degmodglobal,30,0.656443578856332,0.6223347783088684,0.8888888888888888,0.9459876543209877,0.7142857142857143,0.0,0.590113639831543,0.635641200201852,0.04805422920201506,0.1757760090487344,0.0,0.0,0.0,0.0,0.0,18473,global,0.0
5,1,lr1e-05_bs8_drop0p4_temp2p0_a0p25_b0p05__wd1e-04trmiss0_degmodglobal,8,1e-05,0.0001,0.4,2.0,0.25,0.05,lr1e-05_bs8_drop0p4_temp2p0_a0p25_b0p05__wd1e-04trmiss0_degmodglobal,31,0.640607978616442,0.6240944862365723,0.8888888888888888,0.9459876543209877,0.7857142857142857,0.0,0.6011737074170794,0.6174884779112679,0.058951584356171746,0.16763179642813547,0.0,0.0,0.0,0.0,0.0,18473,global,0.0
5,1,lr1e-05_bs8_drop0p4_temp2p0_a0p25_b0p05__wd1e-04trmiss0_degmodglobal,8,1e-05,0.0001,0.4,2.0,0.25,0.05,lr1e-05_bs8_drop0p4_temp2p0_a0p25_b0p05__wd1e-04trmiss0_degmodglobal,32,0.6326120325497219,0.622044712305069,0.9333333333333333,0.9674523007856344,0.7857142857142857,0.0,0.5646349958011082,0.6104776603834969,0.055643106677702496,0.16447210844073976,0.0,0.0,0.0,0.0,0.0,18473,global,0.0
5,1,lr1e-05_bs8_drop0p4_temp2p0_a0p25_b0p05__wd1e-04trmiss0_degmodglobal,8,1e-05,0.0001,0.4,2.0,0.25,0.05,lr1e-05_bs8_drop0p4_temp2p0_a0p25_b0p05__wd1e-04trmiss0_degmodglobal,33,0.6504277501787458,0.6236071288585663,0.9111111111111111,0.9535634118967453,0.7857142857142857,0.0,0.6049154060227531,0.631710273878915,0.05184976650135858,0.11510051254715238,0.0,0.0,0.0,0.0,0.0,18473,global,0.0
5,1,lr1e-05_bs8_drop0p4_temp2p0_a0p25_b0p05__wd1e-04trmiss0_degmodglobal,8,1e-05,0.0001,0.4,2.0,0.25,0.05,lr1e-05_bs8_drop0p4_temp2p0_a0p25_b0p05__wd1e-04trmiss0_degmodglobal,34,0.6469251002584185,0.625353217124939,0.8888888888888888,0.9376903960237295,0.7857142857142857,0.0,0.5795952124255044,0.6266318219048637,0.05456383340060711,0.1330466621688434,0.0,0.0,0.0,0.0,0.0,18473,global,0.0
5,1,lr1e-05_bs8_drop0p4_temp2p0_a0p25_b0p05__wd1e-04trmiss0_degmodglobal,8,1e-05,0.0001,0.4,2.0,0.25,0.05,lr1e-05_bs8_drop0p4_temp2p0_a0p25_b0p05__wd1e-04trmiss0_degmodglobal,35,0.6548627700124469,0.6253533065319061,0.8888888888888888,0.9376903960237295,0.7857142857142857,0.0,0.5959593142781939,0.6335871730531965,0.05099908262491226,0.170516342989036,0.0,0.0,0.0,0.0,0.0,18473,global,0.0
5,1,lr1e-05_bs8_drop0p4_temp2p0_a0p25_b0p05__wd1e-04trmiss0_degmodglobal,8,1e-05,0.0001,0.4,2.0,0.25,0.05,lr1e-05_bs8_drop0p4_temp2p0_a0p25_b0p05__wd1e-04trmiss0_degmodglobal,36,0.6531230892453875,0.6233004331588745,0.9111111111111111,0.9535634118967453,0.7857142857142857,0.0,0.5915801525115967,0.6334526453699384,0.04990141572696822,0.14390178237642562,0.0,0.0,0.0,0.0,0.0,18473,global,0.0
5,1,lr1e-05_bs8_drop0p4_temp2p0_a0p25_b0p05__wd1e-04trmiss0_degmodglobal,8,1e-05,0.0001,0.4,2.0,0.25,0.05,lr1e-05_bs8_drop0p4_temp2p0_a0p25_b0p05__wd1e-04trmiss0_degmodglobal,37,0.6264128088951111,0.6210589408874512,0.9111111111111111,0.9535634118967453,0.7857142857142857,0.0,0.6034478374889919,0.6061822175979614,0.04957720264792442,0.15672594415290014,0.0,0.0,0.0,0.0,0.0,18473,global,0.0
5,1,lr1e-05_bs8_drop0p4_temp2p0_a0p25_b0p05__wd1e-04trmiss0_degmodglobal,8,1e-05,0.0001,0.4,2.0,0.25,0.05,lr1e-05_bs8_drop0p4_temp2p0_a0p25_b0p05__wd1e-04trmiss0_degmodglobal,38,0.634302156312125,0.6205504536628723,0.9333333333333333,0.9626543209876546,0.7857142857142857,0.0,0.5730308294296265,0.6150476932525635,0.04786401055753231,0.14576908254197665,0.0,0.0,0.0,0.0,0.0,18473,global,0.0
5,1,lr1e-05_bs8_drop0p4_temp2p0_a0p25_b0p05__wd1e-04trmiss0_degmodglobal,8,1e-05,0.0001,0.4,2.0,0.25,0.05,lr1e-05_bs8_drop0p4_temp2p0_a0p25_b0p05__wd1e-04trmiss0_degmodglobal,39,0.6284400054386684,0.6215544044971466,0.9333333333333333,0.9626543209876546,0.7857142857142857,0.0,0.5837692362921578,0.6095474702971322,0.050259287868227275,0.126554402921881,0.0,0.0,0.0,0.0,0.0,18473,global,0.0
5,1,lr1e-05_bs8_drop0p4_temp2p0_a0p25_b0p05__wd1e-04trmiss0_degmodglobal,8,1e-05,0.0001,0.4,2.0,0.25,0.05,lr1e-05_bs8_drop0p4_temp2p0_a0p25_b0p05__wd1e-04trmiss0_degmodglobal,40,0.607678839138576,0.6222392618656158,0.9111111111111111,0.9535634118967453,0.7857142857142857,0.0,0.579324756349836,0.5883111357688904,0.05428137683442661,0.11594726677451815,0.0,0.0,0.0,0.0,0.0,18473,global,0.0
5,1,lr1e-05_bs8_drop0p4_temp2p0_a0p25_b0p05__wd1e-04trmiss0_degmodglobal,8,1e-05,0.0001,0.4,2.0,0.25,0.05,lr1e-05_bs8_drop0p4_temp2p0_a0p25_b0p05__wd1e-04trmiss0_degmodglobal,41,0.6157688243048531,0.6223629415035248,0.9111111111111111,0.9535634118967453,0.7857142857142857,0.0,0.5593972333839962,0.5913341726575579,0.06209660640784672,0.17821012437343597,0.0,0.0,0.0,0.0,0.0,18473,global,0.0
5,1,lr1e-05_bs8_drop0p4_temp2p0_a0p25_b0p05__wd1e-04trmiss0_degmodglobal,8,1e-05,0.0001,0.4,2.0,0.25,0.05,lr1e-05_bs8_drop0p4_temp2p0_a0p25_b0p05__wd1e-04trmiss0_degmodglobal,42,0.6237554890768868,0.6228923499584198,0.8888888888888888,0.9459876543209877,0.7857142857142857,0.0,0.574779851096017,0.6027650492531913,0.05156553430216653,0.16198117179530008,0.0,0.0,0.0,0.0,0.0,18473,global,0.0
5,1,lr1e-05_bs8_drop0p4_temp2p0_a0p25_b0p05__wd1e-04trmiss0_degmodglobal,8,1e-05,0.0001,0.4,2.0,0.25,0.05,lr1e-05_bs8_drop0p4_temp2p0_a0p25_b0p05__wd1e-04trmiss0_degmodglobal,43,0.6359482322420392,0.6255605816841125,0.9111111111111111,0.9535634118967453,0.7857142857142857,0.0,0.5680333886827741,0.6085675188473293,0.066218479935612,0.21652180116091455,0.0,0.0,0.0,0.0,0.0,18473,global,0.0
5,1,lr1e-05_bs8_drop0p4_temp2p0_a0p25_b0p05__wd1e-04trmiss0_degmodglobal,8,1e-05,0.0001,0.4,2.0,0.25,0.05,lr1e-05_bs8_drop0p4_temp2p0_a0p25_b0p05__wd1e-04trmiss0_degmodglobal,44,0.612086568559919,0.6223279535770416,0.9111111111111111,0.9535634118967453,0.7857142857142857,0.0,0.5583196793283735,0.5928854431424823,0.054806550698620934,0.1099900273340089,0.0,0.0,0.0,0.0,0.0,18473,global,0.0
5,1,lr1e-05_bs8_drop0p4_temp2p0_a0p25_b0p05__wd1e-04trmiss0_degmodglobal,8,1e-05,0.0001,0.4,2.0,0.25,0.05,lr1e-05_bs8_drop0p4_temp2p0_a0p25_b0p05__wd1e-04trmiss0_degmodglobal,45,0.6388360687664577,0.6209898293018341,0.9111111111111111,0.9535634118967453,0.7857142857142857,0.0,0.5769886459623065,0.6187211785997663,0.05352797412446567,0.13465785341603415,0.0,0.0,0.0,0.0,0.0,18473,global,0.0
5,1,lr1e-05_bs8_drop0p4_temp2p0_a0p25_b0p05__wd1e-04trmiss0_degmodglobal,8,1e-05,0.0001,0.4,2.0,0.25,0.05,lr1e-05_bs8_drop0p4_temp2p0_a0p25_b0p05__wd1e-04trmiss0_degmodglobal,46,0.6141101462500436,0.6208599805831909,0.9111111111111111,0.9535634118967453,0.7857142857142857,0.0,0.5595517328807286,0.5944284200668335,0.051295550273997445,0.13715694472193718,0.0,0.0,0.0,0.0,0.0,18473,global,0.0
5,1,lr1e-05_bs8_drop0p4_temp2p0_a0p25_b0p05__wd1e-04trmiss0_degmodglobal,8,1e-05,0.0001,0.4,2.0,0.25,0.05,lr1e-05_bs8_drop0p4_temp2p0_a0p25_b0p05__wd1e-04trmiss0_degmodglobal,47,0.5939003910337176,0.6238805651664734,0.8888888888888888,0.9376903960237295,0.7857142857142857,0.0,0.5583005206925529,0.5757913163730076,0.04669117262320859,0.12872558299984252,0.0,0.0,0.0,0.0,0.0,18473,global,0.0
5,1,lr1e-05_bs8_drop0p4_temp2p0_a0p25_b0p05__wd1e-04trmiss0_degmodglobal,8,1e-05,0.0001,0.4,2.0,0.25,0.05,lr1e-05_bs8_drop0p4_temp2p0_a0p25_b0p05__wd1e-04trmiss0_degmodglobal,48,0.6258024573326111,0.6210922002792358,0.9111111111111112,0.9467813051146385,0.7857142857142857,0.0,0.5698290807860238,0.6067182506833758,0.04759497168873038,0.14370922424963542,0.0,0.0,0.0,0.0,0.0,18473,global,0.0
5,1,lr1e-05_bs8_drop0p4_temp2p0_a0p25_b0p05__wd1e-04trmiss0_degmodglobal,8,1e-05,0.0001,0.4,2.0,0.25,0.05,lr1e-05_bs8_drop0p4_temp2p0_a0p25_b0p05__wd1e-04trmiss0_degmodglobal,49,0.658418561731066,0.6213214993476868,0.9111111111111112,0.9467813051146385,0.7857142857142857,0.0,0.5640016964503697,0.6368062496185303,0.054757841995784214,0.1584571466914245,0.0,0.0,0.0,0.0,0.0,18473,global,0.0
5,1,lr1e-05_bs8_drop0p4_temp2p0_a0p25_b0p05__wd1e-04trmiss0_degmodglobal,8,1e-05,0.0001,0.4,2.0,0.25,0.05,lr1e-05_bs8_drop0p4_temp2p0_a0p25_b0p05__wd1e-04trmiss0_degmodglobal,50,0.6321648614747184,0.6212483048439026,0.9111111111111112,0.9467813051146385,0.7857142857142857,0.0,0.5728194543293544,0.6140033943312508,0.0515200783099447,0.10562897952539581,0.0,0.0,0.0,0.0,0.0,18473,global,0.0
5,1,lr1e-05_bs8_drop0p4_temp2p0_a0p25_b0p05__wd1e-04trmiss0_degmodglobal,8,1e-05,0.0001,0.4,2.0,0.25,0.05,lr1e-05_bs8_drop0p4_temp2p0_a0p25_b0p05__wd1e-04trmiss0_degmodglobal,51,0.6485366565840585,0.6220199167728424,0.9111111111111112,0.9467813051146385,0.7857142857142857,0.0,0.5825090834072658,0.627021781035832,0.0542266560452325,0.15916419348546437,0.0,0.0,0.0,0.0,0.0,18473,global,0.0
5,1,lr1e-05_bs8_drop0p4_temp2p0_a0p25_b0p05__wd1e-04trmiss0_degmodglobal,8,1e-05,0.0001,0.4,2.0,0.25,0.05,lr1e-05_bs8_drop0p4_temp2p0_a0p25_b0p05__wd1e-04trmiss0_degmodglobal,52,0.6260769282068525,0.6260611414909363,0.8888888888888888,0.9376903960237295,0.7857142857142857,0.0,0.5427056976727077,0.6089809281485421,0.04490516095289162,0.11739396516765867,0.0,0.0,0.0,0.0,0.0,18473,global,0.0
5,1,lr1e-05_bs8_drop0p4_temp2p0_a0p25_b0p05__wd1e-04trmiss0_degmodglobal,8,1e-05,0.0001,0.4,2.0,0.25,0.05,lr1e-05_bs8_drop0p4_temp2p0_a0p25_b0p05__wd1e-04trmiss0_degmodglobal,53,0.6204559206962585,0.6222034692764282,0.8888888888888888,0.9376903960237295,0.7857142857142857,0.0,0.5722838299615043,0.6033034665243966,0.04583874584308693,0.11385503304856164,0.0,0.0,0.0,0.0,0.0,18473,global,0.0
5,1,lr1e-05_bs8_drop0p4_temp2p0_a0p25_b0p05__wd1e-04trmiss0_degmodglobal,8,1e-05,0.0001,0.4,2.0,0.25,0.05,lr1e-05_bs8_drop0p4_temp2p0_a0p25_b0p05__wd1e-04trmiss0_degmodglobal,54,0.6223753775869098,0.6217473745346069,0.8888888888888888,0.9376903960237295,0.7857142857142857,0.0,0.5611977066312518,0.6053240299224854,0.042011406804834096,0.13097004379544938,0.0,0.0,0.0,0.0,0.0,18473,global,0.0
5,1,lr1e-05_bs8_drop0p4_temp2p0_a0p25_b0p05__wd1e-04trmiss0_degmodglobal,8,1e-05,0.0001,0.4,2.0,0.25,0.05,lr1e-05_bs8_drop0p4_temp2p0_a0p25_b0p05__wd1e-04trmiss0_degmodglobal,55,0.6326099038124084,0.622268408536911,0.9111111111111112,0.9467813051146385,0.7857142857142857,0.0,0.560661792755127,0.6106083222797939,0.05212487333587238,0.17940732198102133,0.0,0.0,0.0,0.0,0.0,18473,global,0.0
5,1,lr1e-05_bs8_drop0p4_temp2p0_a0p25_b0p05__wd1e-04trmiss0_degmodglobal,8,1e-05,0.0001,0.4,2.0,0.25,0.05,lr1e-05_bs8_drop0p4_temp2p0_a0p25_b0p05__wd1e-04trmiss0_degmodglobal,56,0.6179638760430473,0.6235218346118927,0.9111111111111112,0.9467813051146385,0.7857142857142857,0.0,0.5515703473772321,0.5942389965057373,0.05985225790313312,0.17523650292839324,0.0,0.0,0.0,0.0,0.0,18473,global,0.0
5,1,lr1e-05_bs8_drop0p4_temp2p0_a0p25_b0p05__wd1e-04trmiss0_degmodglobal,8,1e-05,0.0001,0.4,2.0,0.25,0.05,lr1e-05_bs8_drop0p4_temp2p0_a0p25_b0p05__wd1e-04trmiss0_degmodglobal,57,0.6444100396973746,0.6226009428501129,0.9111111111111112,0.9467813051146385,0.8571428571428571,0.0,0.5734102470534188,0.6253006713730949,0.048718602529593875,0.13859446772507258,0.0,0.0,0.0,0.0,0.0,18473,global,0.0
5,1,lr1e-05_bs8_drop0p4_temp2p0_a0p25_b0p05__wd1e-04trmiss0_degmodglobal,8,1e-05,0.0001,0.4,2.0,0.25,0.05,lr1e-05_bs8_drop0p4_temp2p0_a0p25_b0p05__wd1e-04trmiss0_degmodglobal,58,0.6439495001520429,0.6224954724311829,0.8888888888888888,0.9376903960237295,0.7857142857142857,0.0,0.5665257913725716,0.6242238198007856,0.04586116464010307,0.1652078703045845,0.0,0.0,0.0,0.0,0.0,18473,global,0.0
5,1,lr1e-04_bs16_drop0p2_temp1p0_a0p25_b0p05__wd1e-04trmiss0_degmodglobal,16,0.0001,0.0001,0.2,1.0,0.25,0.05,lr1e-04_bs16_drop0p2_temp1p0_a0p25_b0p05__wd1e-04trmiss0_degmodglobal,1,0.6807746738195419,0.6820592284202576,0.5555555555555556,0.6657287157287158,0.6428571428571429,0.0,0.6735077500343323,0.6662603318691254,0.03473969828337431,0.1165880486369133,0.0,0.0,0.0,0.0,0.0,18473,global,0.0
5,1,lr1e-04_bs16_drop0p2_temp1p0_a0p25_b0p05__wd1e-04trmiss0_degmodglobal,16,0.0001,0.0001,0.2,1.0,0.25,0.05,lr1e-04_bs16_drop0p2_temp1p0_a0p25_b0p05__wd1e-04trmiss0_degmodglobal,2,0.6702735871076584,0.6823186278343201,0.4888888888888889,0.6187710437710439,0.7142857142857143,0.0,0.6617686897516251,0.6601423174142838,0.026189863681793213,0.07167588453739882,0.0,0.0,0.0,0.0,0.0,18473,global,0.0
5,1,lr1e-04_bs16_drop0p2_temp1p0_a0p25_b0p05__wd1e-04trmiss0_degmodglobal,16,0.0001,0.0001,0.2,1.0,0.25,0.05,lr1e-04_bs16_drop0p2_temp1p0_a0p25_b0p05__wd1e-04trmiss0_degmodglobal,3,0.6482884287834167,0.6852318644523621,0.4666666666666666,0.6123607873607875,0.7142857142857143,0.0,0.6015235483646393,0.6364964544773102,0.03209165344014764,0.07538095023483038,0.0,0.0,0.0,0.0,0.0,18473,global,0.0
5,1,lr1e-04_bs16_drop0p2_temp1p0_a0p25_b0p05__wd1e-04trmiss0_degmodglobal,16,0.0001,0.0001,0.2,1.0,0.25,0.05,lr1e-04_bs16_drop0p2_temp1p0_a0p25_b0p05__wd1e-04trmiss0_degmodglobal,4,0.6379992663860321,0.6866697669029236,0.4888888888888889,0.6187710437710439,0.7142857142857143,0.0,0.609671413898468,0.6283088326454163,0.026758468244224787,0.060016012750566006,0.0,0.0,0.0,0.0,0.0,18473,global,0.0
5,1,lr1e-04_bs16_drop0p2_temp1p0_a0p25_b0p05__wd1e-04trmiss0_degmodglobal,16,0.0001,0.0001,0.2,1.0,0.25,0.05,lr1e-04_bs16_drop0p2_temp1p0_a0p25_b0p05__wd1e-04trmiss0_degmodglobal,5,0.6121049970388412,0.6817833185195923,0.5111111111111111,0.6452260702260703,0.6428571428571429,0.0,0.617007702589035,0.6018500328063965,0.026675954926759005,0.07171978009864688,0.0,0.0,0.0,0.0,0.0,18473,global,0.0
5,1,lr1e-04_bs16_drop0p2_temp1p0_a0p25_b0p05__wd1e-04trmiss0_degmodglobal,16,0.0001,0.0001,0.2,1.0,0.25,0.05,lr1e-04_bs16_drop0p2_temp1p0_a0p25_b0p05__wd1e-04trmiss0_degmodglobal,6,0.6005090773105621,0.680271565914154,0.5555555555555556,0.6724747474747476,0.5,0.0,0.5908622443675995,0.5896339416503906,0.029465242754667997,0.0701765725389123,0.0,0.0,0.0,0.0,0.0,18473,global,0.0
5,1,lr1e-04_bs16_drop0p2_temp1p0_a0p25_b0p05__wd1e-04trmiss0_degmodglobal,16,0.0001,0.0001,0.2,1.0,0.25,0.05,lr1e-04_bs16_drop0p2_temp1p0_a0p25_b0p05__wd1e-04trmiss0_degmodglobal,7,0.5785372257232666,0.6766785383224487,0.6,0.7428451178451179,0.5714285714285714,0.0,0.5934153944253922,0.5652290880680084,0.035751224029809237,0.08740616589784622,0.0,0.0,0.0,0.0,0.0,18473,global,0.0
5,1,lr1e-04_bs16_drop0p2_temp1p0_a0p25_b0p05__wd1e-04trmiss0_degmodglobal,16,0.0001,0.0001,0.2,1.0,0.25,0.05,lr1e-04_bs16_drop0p2_temp1p0_a0p25_b0p05__wd1e-04trmiss0_degmodglobal,8,0.5864062756299973,0.6708800196647644,0.6,0.6972101972101973,0.6428571428571429,0.0,0.5877747684717178,0.5737482309341431,0.036822834983468056,0.06904708035290241,0.0,0.0,0.0,0.0,0.0,18473,global,0.0
5,1,lr1e-04_bs16_drop0p2_temp1p0_a0p25_b0p05__wd1e-04trmiss0_degmodglobal,16,0.0001,0.0001,0.2,1.0,0.25,0.05,lr1e-04_bs16_drop0p2_temp1p0_a0p25_b0p05__wd1e-04trmiss0_degmodglobal,9,0.5747271776199341,0.6719840168952942,0.5777777777777777,0.6872895622895624,0.6428571428571429,0.0,0.5749505907297134,0.5601914823055267,0.038694565650075674,0.09724095882847905,0.0,0.0,0.0,0.0,0.0,18473,global,0.0
5,1,lr1e-04_bs16_drop0p2_temp1p0_a0p25_b0p05__wd1e-04trmiss0_degmodglobal,16,0.0001,0.0001,0.2,1.0,0.25,0.05,lr1e-04_bs16_drop0p2_temp1p0_a0p25_b0p05__wd1e-04trmiss0_degmodglobal,10,0.5793500244617462,0.6724722981452942,0.6666666666666666,0.7316017316017317,0.5714285714285714,0.0,0.5820910632610321,0.5660353004932404,0.03679106617346406,0.08233938156627119,0.0,0.0,0.0,0.0,0.0,18473,global,0.0
5,1,lr1e-04_bs16_drop0p2_temp1p0_a0p25_b0p05__wd1e-04trmiss0_degmodglobal,16,0.0001,0.0001,0.2,1.0,0.25,0.05,lr1e-04_bs16_drop0p2_temp1p0_a0p25_b0p05__wd1e-04trmiss0_degmodglobal,11,0.6165138781070709,0.6612961292266846,0.6666666666666666,0.7316017316017317,0.7142857142857143,0.0,0.6332995295524597,0.6012711077928543,0.041113792918622494,0.09928576648235321,0.0,0.0,0.0,0.0,0.0,18473,global,0.0
5,1,lr1e-04_bs16_drop0p2_temp1p0_a0p25_b0p05__wd1e-04trmiss0_degmodglobal,16,0.0001,0.0001,0.2,1.0,0.25,0.05,lr1e-04_bs16_drop0p2_temp1p0_a0p25_b0p05__wd1e-04trmiss0_degmodglobal,12,0.5614549219608307,0.6552761197090149,0.7111111111111111,0.7510461760461762,0.7857142857142857,0.0,0.5535005778074265,0.5484887957572937,0.03450408484786749,0.08680238574743271,0.0,0.0,0.0,0.0,0.0,18473,global,0.0
5,1,lr1e-04_bs16_drop0p2_temp1p0_a0p25_b0p05__wd1e-04trmiss0_degmodglobal,16,0.0001,0.0001,0.2,1.0,0.25,0.05,lr1e-04_bs16_drop0p2_temp1p0_a0p25_b0p05__wd1e-04trmiss0_degmodglobal,13,0.5591854900121689,0.6599194407463074,0.711111111111111,0.7483245149911818,0.7142857142857143,0.0,0.5591648519039154,0.5453576594591141,0.04037055838853121,0.07470324588939548,0.0,0.0,0.0,0.0,0.0,18473,global,0.0
5,1,lr1e-04_bs16_drop0p2_temp1p0_a0p25_b0p05__wd1e-04trmiss0_degmodglobal,16,0.0001,0.0001,0.2,1.0,0.25,0.05,lr1e-04_bs16_drop0p2_temp1p0_a0p25_b0p05__wd1e-04trmiss0_degmodglobal,14,0.5678865015506744,0.6593471765518188,0.7111111111111111,0.7957992624659291,0.7142857142857143,0.0,0.581617146730423,0.5505267977714539,0.04546653013676405,0.1198616698384285,0.0,0.0,0.0,0.0,0.0,18473,global,0.0
5,1,lr1e-04_bs16_drop0p2_temp1p0_a0p25_b0p05__wd1e-04trmiss0_degmodglobal,16,0.0001,0.0001,0.2,1.0,0.25,0.05,lr1e-04_bs16_drop0p2_temp1p0_a0p25_b0p05__wd1e-04trmiss0_degmodglobal,15,0.5688825249671936,0.6558775305747986,0.711111111111111,0.7919753086419754,0.7857142857142857,0.0,0.5756503790616989,0.5550415366888046,0.04301144555211067,0.06176277855411172,0.0,0.0,0.0,0.0,0.0,18473,global,0.0
5,1,lr1e-04_bs16_drop0p2_temp1p0_a0p25_b0p05__wd1e-04trmiss0_degmodglobal,16,0.0001,0.0001,0.2,1.0,0.25,0.05,lr1e-04_bs16_drop0p2_temp1p0_a0p25_b0p05__wd1e-04trmiss0_degmodglobal,16,0.5732321441173553,0.6498111486434937,0.711111111111111,0.7919753086419754,0.7857142857142857,0.0,0.5416894853115082,0.5588644295930862,0.043170724995434284,0.07150065619498491,0.0,0.0,0.0,0.0,0.0,18473,global,0.0
5,1,lr1e-04_bs16_drop0p2_temp1p0_a0p25_b0p05__wd1e-04trmiss0_degmodglobal,16,0.0001,0.0001,0.2,1.0,0.25,0.05,lr1e-04_bs16_drop0p2_temp1p0_a0p25_b0p05__wd1e-04trmiss0_degmodglobal,17,0.5428995043039322,0.6492326855659485,0.711111111111111,0.7919753086419754,0.7142857142857143,0.0,0.5464690178632736,0.5252246707677841,0.04962475970387459,0.105373396538198,0.0,0.0,0.0,0.0,0.0,18473,global,0.0
5,1,lr1e-04_bs16_drop0p2_temp1p0_a0p25_b0p05__wd1e-04trmiss0_degmodglobal,16,0.0001,0.0001,0.2,1.0,0.25,0.05,lr1e-04_bs16_drop0p2_temp1p0_a0p25_b0p05__wd1e-04trmiss0_degmodglobal,18,0.545890673995018,0.6493169665336609,0.711111111111111,0.7919753086419754,0.7857142857142857,0.0,0.5298609733581543,0.5305016860365868,0.04148490913212299,0.10035530664026737,0.0,0.0,0.0,0.0,0.0,18473,global,0.0
5,1,lr1e-04_bs16_drop0p2_temp1p0_a0p25_b0p05__wd1e-04trmiss0_degmodglobal,16,0.0001,0.0001,0.2,1.0,0.25,0.05,lr1e-04_bs16_drop0p2_temp1p0_a0p25_b0p05__wd1e-04trmiss0_degmodglobal,19,0.5478737503290176,0.6523282527923584,0.711111111111111,0.7919753086419754,0.7857142857142857,0.0,0.5556551367044449,0.5291941240429878,0.05248437309637666,0.11117050424218178,0.0,0.0,0.0,0.0,0.0,18473,global,0.0
5,1,lr1e-04_bs16_drop0p2_temp1p0_a0p25_b0p05__wd1e-04trmiss0_degmodglobal,16,0.0001,0.0001,0.2,1.0,0.25,0.05,lr1e-04_bs16_drop0p2_temp1p0_a0p25_b0p05__wd1e-04trmiss0_degmodglobal,20,0.5389740169048309,0.6541702151298523,0.7333333333333333,0.799551066217733,0.7857142857142857,0.0,0.5544270873069763,0.5209273248910904,0.04937122110277414,0.11407770030200481,0.0,0.0,0.0,0.0,0.0,18473,global,0.0
5,1,lr1e-04_bs16_drop0p2_temp1p0_a0p25_b0p05__wd1e-04trmiss0_degmodglobal,16,0.0001,0.0001,0.2,1.0,0.25,0.05,lr1e-04_bs16_drop0p2_temp1p0_a0p25_b0p05__wd1e-04trmiss0_degmodglobal,21,0.5486954152584076,0.6531700491905212,0.711111111111111,0.7919753086419754,0.7857142857142857,0.0,0.5483520478010178,0.5308051854372025,0.04727155063301325,0.12144668772816658,0.0,0.0,0.0,0.0,0.0,18473,global,0.0
5,1,lr1e-04_bs16_drop0p2_temp1p0_a0p25_b0p05__wd1e-04trmiss0_degmodglobal,16,0.0001,0.0001,0.2,1.0,0.25,0.05,lr1e-04_bs16_drop0p2_temp1p0_a0p25_b0p05__wd1e-04trmiss0_degmodglobal,22,0.5413197427988052,0.652716338634491,0.7555555555555555,0.8114558281224948,0.7857142857142857,0.0,0.5189143121242523,0.525381937623024,0.04284108988940716,0.10455092648044229,0.0,0.0,0.0,0.0,0.0,18473,global,0.0
5,1,lr1e-04_bs16_drop0p2_temp1p0_a0p25_b0p05__wd1e-04trmiss0_degmodglobal,16,0.0001,0.0001,0.2,1.0,0.25,0.05,lr1e-04_bs16_drop0p2_temp1p0_a0p25_b0p05__wd1e-04trmiss0_degmodglobal,23,0.5046094879508018,0.6451712846755981,0.7777777777777778,0.8222582972582972,0.7857142857142857,0.0,0.5259849578142166,0.4847657233476639,0.057050785049796104,0.11162132024765015,0.0,0.0,0.0,0.0,0.0,18473,global,0.0
5,1,lr1e-04_bs16_drop0p2_temp1p0_a0p25_b0p05__wd1e-04trmiss0_degmodglobal,16,0.0001,0.0001,0.2,1.0,0.25,0.05,lr1e-04_bs16_drop0p2_temp1p0_a0p25_b0p05__wd1e-04trmiss0_degmodglobal,24,0.5327313989400864,0.6431143879890442,0.8222222222222222,0.8691718775052109,0.7857142857142857,0.0,0.5191900804638863,0.5162543654441833,0.04831711947917938,0.08795486763119698,0.0,0.0,0.0,0.0,0.0,18473,global,0.0
5,1,lr1e-04_bs16_drop0p2_temp1p0_a0p25_b0p05__wd1e-04trmiss0_degmodglobal,16,0.0001,0.0001,0.2,1.0,0.25,0.05,lr1e-04_bs16_drop0p2_temp1p0_a0p25_b0p05__wd1e-04trmiss0_degmodglobal,25,0.5344394743442535,0.6341813802719116,0.8222222222222222,0.8893738977072312,0.7142857142857143,0.0,0.5363427251577377,0.5146910175681114,0.051635016687214375,0.13679431937634945,0.0,0.0,0.0,0.0,0.0,18473,global,0.0
5,1,lr1e-04_bs16_drop0p2_temp1p0_a0p25_b0p05__wd1e-04trmiss0_degmodglobal,16,0.0001,0.0001,0.2,1.0,0.25,0.05,lr1e-04_bs16_drop0p2_temp1p0_a0p25_b0p05__wd1e-04trmiss0_degmodglobal,26,0.5325535386800766,0.6344287395477295,0.8222222222222222,0.8893738977072312,0.7857142857142857,0.0,0.49539031088352203,0.5118082463741302,0.05784797668457031,0.1256659124046564,0.0,0.0,0.0,0.0,0.0,18473,global,0.0
5,1,lr1e-04_bs16_drop0p2_temp1p0_a0p25_b0p05__wd1e-04trmiss0_degmodglobal,16,0.0001,0.0001,0.2,1.0,0.25,0.05,lr1e-04_bs16_drop0p2_temp1p0_a0p25_b0p05__wd1e-04trmiss0_degmodglobal,27,0.5128982365131378,0.6473844647407532,0.7999999999999999,0.8794973544973546,0.7142857142857143,0.0,0.5043081864714622,0.49995851516723633,0.039937999565154314,0.05910409474745393,0.0,0.0,0.0,0.0,0.0,18473,global,0.0
5,1,lr1e-04_bs16_drop0p2_temp1p0_a0p25_b0p05__wd1e-04trmiss0_degmodglobal,16,0.0001,0.0001,0.2,1.0,0.25,0.05,lr1e-04_bs16_drop0p2_temp1p0_a0p25_b0p05__wd1e-04trmiss0_degmodglobal,28,0.5258569121360779,0.650592029094696,0.7333333333333334,0.8595117845117846,0.7142857142857143,0.0,0.5206459164619446,0.5126225426793098,0.03860371094197035,0.07166885025799274,0.0,0.0,0.0,0.0,0.0,18473,global,0.0
5,1,lr1e-04_bs16_drop0p2_temp1p0_a0p25_b0p05__wd1e-04trmiss0_degmodglobal,16,0.0001,0.0001,0.2,1.0,0.25,0.05,lr1e-04_bs16_drop0p2_temp1p0_a0p25_b0p05__wd1e-04trmiss0_degmodglobal,29,0.5319638326764107,0.6345921754837036,0.7333333333333333,0.839814814814815,0.7142857142857143,0.0,0.5120007693767548,0.5198264569044113,0.033691502176225185,0.07428996916860342,0.0,0.0,0.0,0.0,0.0,18473,global,0.0
5,1,lr1e-04_bs16_drop0p2_temp1p0_a0p25_b0p05__wd1e-04trmiss0_degmodglobal,16,0.0001,0.0001,0.2,1.0,0.25,0.05,lr1e-04_bs16_drop0p2_temp1p0_a0p25_b0p05__wd1e-04trmiss0_degmodglobal,30,0.5438844859600067,0.633605420589447,0.7111111111111111,0.8317340067340069,0.7142857142857143,0.0,0.5279726162552834,0.5285643190145493,0.04400203190743923,0.08639310859143734,0.0,0.0,0.0,0.0,0.0,18473,global,0.0
5,1,lr1e-04_bs16_drop0p2_temp1p0_a0p25_b0p05__wd1e-04trmiss0_degmodglobal,16,0.0001,0.0001,0.2,1.0,0.25,0.05,lr1e-04_bs16_drop0p2_temp1p0_a0p25_b0p05__wd1e-04trmiss0_degmodglobal,31,0.5139839723706245,0.6343930959701538,0.7111111111111111,0.8317340067340069,0.7142857142857143,0.0,0.5204430222511292,0.500077098608017,0.04346676589921117,0.060803570318967104,0.0,0.0,0.0,0.0,0.0,18473,global,0.0
5,1,lr1e-04_bs16_drop0p2_temp1p0_a0p25_b0p05__wd1e-04trmiss0_degmodglobal,16,0.0001,0.0001,0.2,1.0,0.25,0.05,lr1e-04_bs16_drop0p2_temp1p0_a0p25_b0p05__wd1e-04trmiss0_degmodglobal,32,0.5027613118290901,0.6301964521408081,0.7111111111111111,0.8317340067340069,0.6428571428571429,0.0,0.49850352108478546,0.4853878915309906,0.05125495186075568,0.09119348740205169,0.0,0.0,0.0,0.0,0.0,18473,global,0.0
5,1,lr1e-04_bs16_drop0p2_temp1p0_a0p25_b0p05__wd1e-04trmiss0_degmodglobal,16,0.0001,0.0001,0.2,1.0,0.25,0.05,lr1e-04_bs16_drop0p2_temp1p0_a0p25_b0p05__wd1e-04trmiss0_degmodglobal,33,0.5246666073799133,0.6261547803878784,0.7555555555555555,0.8496913580246914,0.6428571428571429,0.0,0.5194261893630028,0.5068458542227745,0.04763563256710768,0.11823679227381945,0.0,0.0,0.0,0.0,0.0,18473,global,0.0
5,1,lr1e-04_bs16_drop0p2_temp1p0_a0p25_b0p05__wd1e-04trmiss0_degmodglobal,16,0.0001,0.0001,0.2,1.0,0.25,0.05,lr1e-04_bs16_drop0p2_temp1p0_a0p25_b0p05__wd1e-04trmiss0_degmodglobal,34,0.5355785340070724,0.6254394054412842,0.7777777777777778,0.8774691358024693,0.7857142857142857,0.0,0.5106711238622665,0.5218598619103432,0.04091871902346611,0.06977973505854607,0.0,0.0,0.0,0.0,0.0,18473,global,0.0
5,1,lr1e-04_bs16_drop0p2_temp1p0_a0p25_b0p05__wd1e-04trmiss0_degmodglobal,16,0.0001,0.0001,0.2,1.0,0.25,0.05,lr1e-04_bs16_drop0p2_temp1p0_a0p25_b0p05__wd1e-04trmiss0_degmodglobal,35,0.5457900986075401,0.6347125172615051,0.8,0.8996913580246915,0.7857142857142857,0.0,0.5114441439509392,0.5321056842803955,0.040165601298213005,0.07286033220589161,0.0,0.0,0.0,0.0,0.0,18473,global,0.0
5,1,lr1e-04_bs16_drop0p2_temp1p0_a0p25_b0p05__wd1e-04trmiss0_degmodglobal,16,0.0001,0.0001,0.2,1.0,0.25,0.05,lr1e-04_bs16_drop0p2_temp1p0_a0p25_b0p05__wd1e-04trmiss0_degmodglobal,36,0.5016597807407379,0.6294253468513489,0.8,0.8996913580246915,0.7857142857142857,0.0,0.5033836513757706,0.48924221843481064,0.031615063548088074,0.09027579333633184,0.0,0.0,0.0,0.0,0.0,18473,global,0.0
5,1,lr1e-04_bs16_drop0p2_temp1p0_a0p25_b0p05__wd1e-04trmiss0_degmodglobal,16,0.0001,0.0001,0.2,1.0,0.25,0.05,lr1e-04_bs16_drop0p2_temp1p0_a0p25_b0p05__wd1e-04trmiss0_degmodglobal,37,0.5866661667823792,0.6269435286521912,0.8,0.8829636412969748,0.7857142857142857,0.0,0.5717903226613998,0.5733261033892632,0.034949216060340405,0.09205513307824731,0.0,0.0,0.0,0.0,0.0,18473,global,0.0
5,1,lr1e-04_bs16_drop0p2_temp1p0_a0p25_b0p05__wd1e-04trmiss0_degmodglobal,16,0.0001,0.0001,0.2,1.0,0.25,0.05,lr1e-04_bs16_drop0p2_temp1p0_a0p25_b0p05__wd1e-04trmiss0_degmodglobal,38,0.5476104021072388,0.6321414113044739,0.7777777777777777,0.8730870980870982,0.7142857142857143,0.0,0.5412251651287079,0.538653738796711,0.026906239334493876,0.04460200760513544,0.0,0.0,0.0,0.0,0.0,18473,global,0.0
5,1,lr1e-04_bs16_drop0p2_temp1p0_a0p25_b0p05__wd1e-04trmiss0_degmodglobal,16,0.0001,0.0001,0.2,1.0,0.25,0.05,lr1e-04_bs16_drop0p2_temp1p0_a0p25_b0p05__wd1e-04trmiss0_degmodglobal,39,0.5309092402458191,0.6271917223930359,0.7777777777777778,0.8551858635191969,0.7142857142857143,0.0,0.50127112865448,0.513503186404705,0.04601374268531799,0.11805190332233906,0.0,0.0,0.0,0.0,0.0,18473,global,0.0
5,1,lr1e-04_bs16_drop0p2_temp1p0_a0p25_b0p05__wd1e-04trmiss0_degmodglobal,16,0.0001,0.0001,0.2,1.0,0.25,0.05,lr1e-04_bs16_drop0p2_temp1p0_a0p25_b0p05__wd1e-04trmiss0_degmodglobal,40,0.5160447955131531,0.6179436445236206,0.7555555555555555,0.8496913580246914,0.7142857142857143,0.0,0.5038975104689598,0.49919798225164413,0.047642311081290245,0.0987243540585041,0.0,0.0,0.0,0.0,0.0,18473,global,0.0
5,1,lr1e-04_bs16_drop0p2_temp1p0_a0p25_b0p05__wd1e-04trmiss0_degmodglobal,16,0.0001,0.0001,0.2,1.0,0.25,0.05,lr1e-04_bs16_drop0p2_temp1p0_a0p25_b0p05__wd1e-04trmiss0_degmodglobal,41,0.5097182095050812,0.6141989827156067,0.7777777777777778,0.8774691358024693,0.7142857142857143,0.0,0.510357066988945,0.4952527955174446,0.03990046866238117,0.0898060193285346,0.0,0.0,0.0,0.0,0.0,18473,global,0.0
5,1,lr1e-04_bs16_drop0p2_temp1p0_a0p25_b0p05__wd1e-04trmiss0_degmodglobal,16,0.0001,0.0001,0.2,1.0,0.25,0.05,lr1e-04_bs16_drop0p2_temp1p0_a0p25_b0p05__wd1e-04trmiss0_degmodglobal,42,0.49692340940237045,0.6168307662010193,0.8222222222222223,0.9051858635191969,0.7857142857142857,0.0,0.4987781196832657,0.47948597371578217,0.04591676406562328,0.1191649790853262,0.0,0.0,0.0,0.0,0.0,18473,global,0.0
5,1,lr1e-04_bs16_drop0p2_temp1p0_a0p25_b0p05__wd1e-04trmiss0_degmodglobal,16,0.0001,0.0001,0.2,1.0,0.25,0.05,lr1e-04_bs16_drop0p2_temp1p0_a0p25_b0p05__wd1e-04trmiss0_degmodglobal,43,0.5002227202057838,0.6260039806365967,0.7999999999999999,0.8953093203093205,0.7857142857142857,0.0,0.5019408911466599,0.4866326302289963,0.03666725289076567,0.08846542797982693,0.0,0.0,0.0,0.0,0.0,18473,global,0.0
5,1,lr1e-04_bs16_drop0p2_temp1p0_a0p25_b0p05__wd1e-04trmiss0_degmodglobal,16,0.0001,0.0001,0.2,1.0,0.25,0.05,lr1e-04_bs16_drop0p2_temp1p0_a0p25_b0p05__wd1e-04trmiss0_degmodglobal,44,0.5199317261576653,0.6265250444412231,0.7999999999999999,0.8953093203093205,0.7857142857142857,0.0,0.5300636142492294,0.5061866194009781,0.037417671643197536,0.08781392592936754,0.0,0.0,0.0,0.0,0.0,18473,global,0.0
5,1,lr1e-04_bs16_drop0p2_temp1p0_a0p25_b0p05__wd1e-04trmiss0_degmodglobal,16,0.0001,0.0001,0.2,1.0,0.25,0.05,lr1e-04_bs16_drop0p2_temp1p0_a0p25_b0p05__wd1e-04trmiss0_degmodglobal,45,0.4942808672785759,0.6168136596679688,0.8,0.8996913580246915,0.7142857142857143,0.0,0.48210184276103973,0.47994450479745865,0.04274146957322955,0.0730198984965682,0.0,0.0,0.0,0.0,0.0,18473,global,0.0
5,1,lr1e-04_bs16_drop0p2_temp1p0_a0p25_b0p05__wd1e-04trmiss0_degmodglobal,16,0.0001,0.0001,0.2,1.0,0.25,0.05,lr1e-04_bs16_drop0p2_temp1p0_a0p25_b0p05__wd1e-04trmiss0_degmodglobal,46,0.48679348826408386,0.60657799243927,0.8,0.8829636412969748,0.7142857142857143,0.0,0.4830530881881714,0.4729333594441414,0.04033517884090543,0.07552643585950136,0.0,0.0,0.0,0.0,0.0,18473,global,0.0
5,1,lr1e-04_bs16_drop0p2_temp1p0_a0p25_b0p05__wd1e-04trmiss0_degmodglobal,16,0.0001,0.0001,0.2,1.0,0.25,0.05,lr1e-04_bs16_drop0p2_temp1p0_a0p25_b0p05__wd1e-04trmiss0_degmodglobal,47,0.49332114309072495,0.6104910373687744,0.7777777777777778,0.8551858635191969,0.7142857142857143,0.0,0.48589082807302475,0.48006582260131836,0.037827427964657545,0.07596921175718307,0.0,0.0,0.0,0.0,0.0,18473,global,0.0
5,1,lr1e-04_bs16_drop0p2_temp1p0_a0p25_b0p05__wd1e-04trmiss0_degmodglobal,16,0.0001,0.0001,0.2,1.0,0.25,0.05,lr1e-04_bs16_drop0p2_temp1p0_a0p25_b0p05__wd1e-04trmiss0_degmodglobal,48,0.4867160990834236,0.6169009208679199,0.7777777777777778,0.8551858635191969,0.7142857142857143,0.0,0.49321018159389496,0.4725719913840294,0.03877843450754881,0.08899006992578506,0.0,0.0,0.0,0.0,0.0,18473,global,0.0
5,1,lr1e-04_bs16_drop0p2_temp1p0_a0p25_b0p05__wd1e-04trmiss0_degmodglobal,16,0.0001,0.0001,0.2,1.0,0.25,0.05,lr1e-04_bs16_drop0p2_temp1p0_a0p25_b0p05__wd1e-04trmiss0_degmodglobal,49,0.4959912523627281,0.6174211502075195,0.8,0.8829636412969748,0.7142857142857143,0.0,0.49066322296857834,0.47962503880262375,0.04892942029982805,0.08267740625888109,0.0,0.0,0.0,0.0,0.0,18473,global,0.0
5,1,lr1e-04_bs16_drop0p2_temp1p0_a0p25_b0p05__wd1e-04trmiss0_degmodglobal,16,0.0001,0.0001,0.2,1.0,0.25,0.05,lr1e-04_bs16_drop0p2_temp1p0_a0p25_b0p05__wd1e-04trmiss0_degmodglobal,50,0.4868106544017792,0.6144288778305054,0.8222222222222223,0.9051858635191969,0.7142857142857143,0.0,0.4817240759730339,0.4710412621498108,0.04594728536903858,0.08565155882388353,0.0,0.0,0.0,0.0,0.0,18473,global,0.0
5,1,lr1e-04_bs16_drop0p2_temp1p0_a0p25_b0p05__wd1e-04trmiss0_degmodglobal,16,0.0001,0.0001,0.2,1.0,0.25,0.05,lr1e-04_bs16_drop0p2_temp1p0_a0p25_b0p05__wd1e-04trmiss0_degmodglobal,51,0.46037884801626205,0.6083537936210632,0.8222222222222223,0.9051858635191969,0.7142857142857143,0.0,0.4702504873275757,0.44477423280477524,0.04688172275200486,0.07768384832888842,0.0,0.0,0.0,0.0,0.0,18473,global,0.0
5,1,lr1e-04_bs16_drop0p2_temp1p0_a0p25_b0p05__wd1e-04trmiss0_degmodglobal,16,0.0001,0.0001,0.2,1.0,0.25,0.05,lr1e-04_bs16_drop0p2_temp1p0_a0p25_b0p05__wd1e-04trmiss0_degmodglobal,52,0.5001883208751678,0.6100072860717773,0.8222222222222223,0.9051858635191969,0.7142857142857143,0.0,0.49245382845401764,0.4812369793653488,0.04965185048058629,0.130767572671175,0.0,0.0,0.0,0.0,0.0,18473,global,0.0
5,1,lr1e-04_bs16_drop0p2_temp1p0_a0p25_b0p05__wd1e-04trmiss0_degmodglobal,16,0.0001,0.0001,0.2,1.0,0.25,0.05,lr1e-04_bs16_drop0p2_temp1p0_a0p25_b0p05__wd1e-04trmiss0_degmodglobal,53,0.48931286484003067,0.6094340085983276,0.8222222222222223,0.9051858635191969,0.7142857142857143,0.0,0.4680974632501602,0.4710872545838356,0.05733895767480135,0.07781743537634611,0.0,0.0,0.0,0.0,0.0,18473,global,0.0
5,1,lr1e-04_bs16_drop0p2_temp1p0_a0p25_b0p05__wd1e-04trmiss0_degmodglobal,16,0.0001,0.0001,0.2,1.0,0.25,0.05,lr1e-04_bs16_drop0p2_temp1p0_a0p25_b0p05__wd1e-04trmiss0_degmodglobal,54,0.4770119935274124,0.6091024279594421,0.8222222222222223,0.9051858635191969,0.7142857142857143,0.0,0.48123258352279663,0.4601604864001274,0.04901902610436082,0.09193508327007294,0.0,0.0,0.0,0.0,0.0,18473,global,0.0
5,1,lr1e-04_bs16_drop0p2_temp1p0_a0p25_b0p05__wd1e-04trmiss0_degmodglobal,16,0.0001,0.0001,0.2,1.0,0.25,0.05,lr1e-04_bs16_drop0p2_temp1p0_a0p25_b0p05__wd1e-04trmiss0_degmodglobal,55,0.5038966983556747,0.6103941798210144,0.8222222222222223,0.9051858635191969,0.7142857142857143,0.0,0.4849919304251671,0.48560187220573425,0.05276677943766117,0.10206239856779575,0.0,0.0,0.0,0.0,0.0,18473,global,0.0
5,1,lr1e-04_bs16_drop0p2_temp1p0_a0p25_b0p05__wd1e-04trmiss0_degmodglobal,16,0.0001,0.0001,0.2,1.0,0.25,0.05,lr1e-04_bs16_drop0p2_temp1p0_a0p25_b0p05__wd1e-04trmiss0_degmodglobal,56,0.4712718650698662,0.6122921109199524,0.8222222222222223,0.9051858635191969,0.7142857142857143,0.0,0.47152652591466904,0.455500103533268,0.04827283788472414,0.07407104410231113,0.0,0.0,0.0,0.0,0.0,18473,global,0.0
5,1,lr1e-04_bs16_drop0p2_temp1p0_a0p25_b0p05__wd1e-04trmiss0_degmodglobal,16,0.0001,0.0001,0.2,1.0,0.25,0.05,lr1e-04_bs16_drop0p2_temp1p0_a0p25_b0p05__wd1e-04trmiss0_degmodglobal,57,0.4708886295557022,0.6129992008209229,0.8222222222222223,0.9051858635191969,0.7142857142857143,0.0,0.47404561191797256,0.4495844542980194,0.06141677126288414,0.11899972520768642,0.0,0.0,0.0,0.0,0.0,18473,global,0.0
5,1,lr1e-04_bs16_drop0p2_temp1p0_a0p25_b0p05__wd1e-04trmiss0_degmodglobal,16,0.0001,0.0001,0.2,1.0,0.25,0.05,lr1e-04_bs16_drop0p2_temp1p0_a0p25_b0p05__wd1e-04trmiss0_degmodglobal,58,0.4748872369527817,0.6134908199310303,0.8444444444444444,0.9115961199294533,0.7142857142857143,0.0,0.4952804520726204,0.45448800921440125,0.06160803884267807,0.09994416404515505,0.0,0.0,0.0,0.0,0.0,18473,global,0.0
5,1,lr1e-04_bs16_drop0p2_temp1p0_a0p25_b0p05__wd1e-04trmiss0_degmodglobal,16,0.0001,0.0001,0.2,1.0,0.25,0.05,lr1e-04_bs16_drop0p2_temp1p0_a0p25_b0p05__wd1e-04trmiss0_degmodglobal,59,0.487918384373188,0.6131510138511658,0.8444444444444443,0.9202380952380953,0.7857142857142857,0.0,0.47679363191127777,0.4680642858147621,0.05906858202069998,0.10173905454576015,0.0,0.0,0.0,0.0,0.0,18473,global,0.0
5,1,lr1e-04_bs16_drop0p2_temp1p0_a0p25_b0p05__wd1e-04trmiss0_degmodglobal,16,0.0001,0.0001,0.2,1.0,0.25,0.05,lr1e-04_bs16_drop0p2_temp1p0_a0p25_b0p05__wd1e-04trmiss0_degmodglobal,60,0.4656882658600807,0.6104711890220642,0.8444444444444443,0.9202380952380953,0.7857142857142857,0.0,0.4692975729703903,0.4488195702433586,0.05123385041952133,0.08120434544980526,0.0,0.0,0.0,0.0,0.0,18473,global,0.0
5,1,lr1e-04_bs16_drop0p2_temp1p0_a0p25_b0p05__wd1e-04trmiss0_degmodglobal,16,0.0001,0.0001,0.2,1.0,0.25,0.05,lr1e-04_bs16_drop0p2_temp1p0_a0p25_b0p05__wd1e-04trmiss0_degmodglobal,61,0.49661728739738464,0.6086161136627197,0.8444444444444444,0.9115961199294533,0.7857142857142857,0.0,0.4894413352012634,0.48031118512153625,0.04449549037963152,0.10364446323364973,0.0,0.0,0.0,0.0,0.0,18473,global,0.0
5,1,lr1e-04_bs16_drop0p2_temp1p0_a0p25_b0p05__wd1e-04trmiss0_degmodglobal,16,0.0001,0.0001,0.2,1.0,0.25,0.05,lr1e-04_bs16_drop0p2_temp1p0_a0p25_b0p05__wd1e-04trmiss0_degmodglobal,62,0.4622916281223297,0.6162747740745544,0.8444444444444443,0.9202380952380953,0.7857142857142857,0.0,0.4847457706928253,0.44642411917448044,0.04619459528476,0.08637700602412224,0.0,0.0,0.0,0.0,0.0,18473,global,0.0
5,1,lr1e-04_bs16_drop0p2_temp1p0_a0p25_b0p05__wd1e-04trmiss0_degmodglobal,16,0.0001,0.0001,0.2,1.0,0.25,0.05,lr1e-04_bs16_drop0p2_temp1p0_a0p25_b0p05__wd1e-04trmiss0_degmodglobal,63,0.45962515473365784,0.6183626055717468,0.8222222222222222,0.9138278388278389,0.7857142857142857,0.0,0.47598498314619064,0.4407932683825493,0.052134337835013866,0.11596601456403732,0.0,0.0,0.0,0.0,0.0,18473,global,0.0
5,1,lr1e-04_bs16_drop0p2_temp1p0_a0p25_b0p05__wd1e-04trmiss0_degmodglobal,16,0.0001,0.0001,0.2,1.0,0.25,0.05,lr1e-04_bs16_drop0p2_temp1p0_a0p25_b0p05__wd1e-04trmiss0_degmodglobal,64,0.46919793635606766,0.6207260489463806,0.8222222222222222,0.9138278388278389,0.7142857142857143,0.0,0.47314418852329254,0.4536370486021042,0.04367912653833628,0.09282190538942814,0.0,0.0,0.0,0.0,0.0,18473,global,0.0
5,1,lr1e-04_bs16_drop0p2_temp1p0_a0p25_b0p05__wd1e-04trmiss0_degmodglobal,16,0.0001,0.0001,0.2,1.0,0.25,0.05,lr1e-04_bs16_drop0p2_temp1p0_a0p25_b0p05__wd1e-04trmiss0_degmodglobal,65,0.4717217907309532,0.6188173294067383,0.8,0.8936387686387688,0.7142857142857143,0.0,0.4628167524933815,0.451478086411953,0.05405315104871988,0.13460825011134148,0.0,0.0,0.0,0.0,0.0,18473,global,0.0
5,1,lr1e-04_bs16_drop0p2_temp1p0_a0p25_b0p05__wd1e-04trmiss0_degmodglobal,16,0.0001,0.0001,0.2,1.0,0.25,0.05,lr1e-04_bs16_drop0p2_temp1p0_a0p25_b0p05__wd1e-04trmiss0_degmodglobal,66,0.46566254645586014,0.618213951587677,0.8,0.8936387686387688,0.7142857142857143,0.0,0.46446648240089417,0.4472706913948059,0.053332068026065826,0.10117669217288494,0.0,0.0,0.0,0.0,0.0,18473,global,0.0
5,1,lr1e-04_bs16_drop0p2_temp1p0_a0p25_b0p05__wd1e-04trmiss0_degmodglobal,16,0.0001,0.0001,0.2,1.0,0.25,0.05,lr1e-04_bs16_drop0p2_temp1p0_a0p25_b0p05__wd1e-04trmiss0_degmodglobal,67,0.46147897094488144,0.6224064826965332,0.8,0.8936387686387688,0.6428571428571429,0.0,0.46559830009937286,0.44260620325803757,0.054753366857767105,0.10368850361555815,0.0,0.0,0.0,0.0,0.0,18473,global,0.0
5,1,lr1e-04_bs16_drop0p2_temp1p0_a0p25_b0p05__wd1e-04trmiss0_degmodglobal,16,0.0001,0.0001,0.2,1.0,0.25,0.05,lr1e-04_bs16_drop0p2_temp1p0_a0p25_b0p05__wd1e-04trmiss0_degmodglobal,68,0.46704064309597015,0.6211925745010376,0.8,0.8936387686387688,0.7142857142857143,0.0,0.4546119496226311,0.44640031456947327,0.05713841877877712,0.12711448036134243,0.0,0.0,0.0,0.0,0.0,18473,global,0.0
5,1,lr1e-04_bs16_drop0p2_temp1p0_a0p25_b0p05__wd1e-04trmiss0_degmodglobal,16,0.0001,0.0001,0.2,1.0,0.25,0.05,lr1e-04_bs16_drop0p2_temp1p0_a0p25_b0p05__wd1e-04trmiss0_degmodglobal,69,0.4650455266237259,0.6154443621635437,0.7999999999999999,0.8794973544973546,0.7142857142857143,0.0,0.4756302312016487,0.4418911635875702,0.06913341116160154,0.11742020025849342,0.0,0.0,0.0,0.0,0.0,18473,global,0.0
5,1,lr1e-04_bs16_drop0p2_temp1p0_a0p25_b0p05__wd1e-04trmiss0_degmodglobal,16,0.0001,0.0001,0.2,1.0,0.25,0.05,lr1e-04_bs16_drop0p2_temp1p0_a0p25_b0p05__wd1e-04trmiss0_degmodglobal,70,0.4962817505002022,0.6157671809196472,0.7999999999999999,0.8953093203093205,0.7142857142857143,0.0,0.479526586830616,0.48089318722486496,0.04399862978607416,0.08777804113924503,0.0,0.0,0.0,0.0,0.0,18473,global,0.0
5,1,lr1e-04_bs16_drop0p2_temp1p0_a0p25_b0p05__wd1e-04trmiss0_degmodglobal,16,0.0001,0.0001,0.2,1.0,0.25,0.05,lr1e-04_bs16_drop0p2_temp1p0_a0p25_b0p05__wd1e-04trmiss0_degmodglobal,71,0.43305838108062744,0.6182124614715576,0.7777777777777778,0.8872285122285124,0.7142857142857143,0.0,0.4542246609926224,0.414749838411808,0.05664332862943411,0.08295436948537827,0.0,0.0,0.0,0.0,0.0,18473,global,0.0
5,1,lr1e-04_bs16_drop0p2_temp1p0_a0p25_b0p05__wd1e-04trmiss0_degmodglobal,16,0.0001,0.0001,0.2,1.0,0.25,0.05,lr1e-04_bs16_drop0p2_temp1p0_a0p25_b0p05__wd1e-04trmiss0_degmodglobal,72,0.45431867986917496,0.6190812587738037,0.8,0.9057470307470308,0.7142857142857143,0.0,0.4675813540816307,0.44017282128334045,0.045798055827617645,0.053926738910377026,0.0,0.0,0.0,0.0,0.0,18473,global,0.0
5,1,lr1e-04_bs16_drop0p2_temp1p0_a0p25_b0p05__wd1e-04trmiss0_degmodglobal,16,0.0001,0.0001,0.2,1.0,0.25,0.05,lr1e-04_bs16_drop0p2_temp1p0_a0p25_b0p05__wd1e-04trmiss0_degmodglobal,73,0.4607660248875618,0.618025004863739,0.8,0.9057470307470308,0.7142857142857143,0.0,0.47537653148174286,0.441338486969471,0.04879653453826904,0.14456828497350216,0.0,0.0,0.0,0.0,0.0,18473,global,0.0
5,1,lr1e-04_bs16_drop0p2_temp1p0_a0p25_b0p05__wd1e-04trmiss0_degmodglobal,16,0.0001,0.0001,0.2,1.0,0.25,0.05,lr1e-04_bs16_drop0p2_temp1p0_a0p25_b0p05__wd1e-04trmiss0_degmodglobal,74,0.48989833891391754,0.6246498823165894,0.8,0.9057470307470308,0.7142857142857143,0.0,0.4911135882139206,0.4732779264450073,0.04684056155383587,0.09820559807121754,0.0,0.0,0.0,0.0,0.0,18473,global,0.0
5,1,lr1e-04_bs16_drop0p2_temp1p0_a0p25_b0p05__wd1e-04trmiss0_degmodglobal,16,0.0001,0.0001,0.2,1.0,0.25,0.05,lr1e-04_bs16_drop0p2_temp1p0_a0p25_b0p05__wd1e-04trmiss0_degmodglobal,75,0.47044460475444794,0.6267842054367065,0.8,0.8936387686387688,0.6428571428571429,0.0,0.47147592157125473,0.4491095468401909,0.0632284814491868,0.11055863462388515,0.0,0.0,0.0,0.0,0.0,18473,global,0.0
5,1,lr1e-04_bs16_drop0p2_temp1p0_a0p25_b0p05__wd1e-04trmiss0_degmodglobal,16,0.0001,0.0001,0.2,1.0,0.25,0.05,lr1e-04_bs16_drop0p2_temp1p0_a0p25_b0p05__wd1e-04trmiss0_degmodglobal,76,0.45842260122299194,0.6247407793998718,0.8,0.8936387686387688,0.6428571428571429,0.0,0.4615502879023552,0.4405815973877907,0.051720998249948025,0.0982150356285274,0.0,0.0,0.0,0.0,0.0,18473,global,0.0
5,1,lr1e-04_bs16_drop0p2_temp1p0_a0p25_b0p05__wd1e-04trmiss0_degmodglobal,16,0.0001,0.0001,0.2,1.0,0.25,0.05,lr1e-04_bs16_drop0p2_temp1p0_a0p25_b0p05__wd1e-04trmiss0_degmodglobal,77,0.4857766181230545,0.6219730377197266,0.8,0.8936387686387688,0.6428571428571429,0.0,0.4650729149580002,0.4690818712115288,0.04560731537640095,0.10585830733180046,0.0,0.0,0.0,0.0,0.0,18473,global,0.0
5,1,lr1e-04_bs16_drop0p2_temp1p0_a0p25_b0p05__wd1e-04trmiss0_degmodglobal,16,0.0001,0.0001,0.2,1.0,0.25,0.05,lr1e-04_bs16_drop0p2_temp1p0_a0p25_b0p05__wd1e-04trmiss0_degmodglobal,78,0.4611941948533058,0.6196774244308472,0.8,0.8936387686387688,0.6428571428571429,0.0,0.44976656883955,0.44254862517118454,0.05202618846669793,0.11278058215975761,0.0,0.0,0.0,0.0,0.0,18473,global,0.0
5,1,lr1e-04_bs16_drop0p2_temp1p0_a0p25_b0p05__wd1e-04trmiss0_degmodglobal,16,0.0001,0.0001,0.2,1.0,0.25,0.05,lr1e-04_bs16_drop0p2_temp1p0_a0p25_b0p05__wd1e-04trmiss0_degmodglobal,79,0.4655199348926544,0.6188786625862122,0.8,0.8936387686387688,0.6428571428571429,0.0,0.4559944123029709,0.44901610165834427,0.0474050659686327,0.09305133204907179,0.0,0.0,0.0,0.0,0.0,18473,global,0.0
5,1,lr1e-04_bs16_drop0p2_temp1p0_a0p25_b0p05__wd1e-04trmiss0_degmodglobal,16,0.0001,0.0001,0.2,1.0,0.25,0.05,lr1e-04_bs16_drop0p2_temp1p0_a0p25_b0p05__wd1e-04trmiss0_degmodglobal,80,0.45715346187353134,0.6174709796905518,0.8,0.8936387686387688,0.7142857142857143,0.0,0.44793981313705444,0.4424833506345749,0.0459939306601882,0.06343257147818804,0.0,0.0,0.0,0.0,0.0,18473,global,0.0
5,1,lr1e-04_bs16_drop0p2_temp2p0_a0p25_b0p05__wd1e-04trmiss0_degmodglobal,16,0.0001,0.0001,0.2,2.0,0.25,0.05,lr1e-04_bs16_drop0p2_temp2p0_a0p25_b0p05__wd1e-04trmiss0_degmodglobal,1,0.7591539472341537,0.6805695295333862,0.7555555555555556,0.8935185185185186,0.7142857142857143,0.0,0.6949194222688675,0.7351375669240952,0.05949889495968819,0.1828332021832466,0.0,0.0,0.0,0.0,0.0,18473,global,0.0
5,1,lr1e-04_bs16_drop0p2_temp2p0_a0p25_b0p05__wd1e-04trmiss0_degmodglobal,16,0.0001,0.0001,0.2,2.0,0.25,0.05,lr1e-04_bs16_drop0p2_temp2p0_a0p25_b0p05__wd1e-04trmiss0_degmodglobal,2,0.6843535900115967,0.6738861203193665,0.7333333333333333,0.8827160493827162,0.7142857142857143,0.0,0.6603904515504837,0.6688364148139954,0.03718852857127786,0.12440038379281759,0.0,0.0,0.0,0.0,0.0,18473,global,0.0
5,1,lr1e-04_bs16_drop0p2_temp2p0_a0p25_b0p05__wd1e-04trmiss0_degmodglobal,16,0.0001,0.0001,0.2,2.0,0.25,0.05,lr1e-04_bs16_drop0p2_temp2p0_a0p25_b0p05__wd1e-04trmiss0_degmodglobal,3,0.6495809853076935,0.6755040287971497,0.7555555555555555,0.898589065255732,0.6428571428571429,0.0,0.6310366839170456,0.628992572426796,0.05357268452644348,0.14390460215508938,0.0,0.0,0.0,0.0,0.0,18473,global,0.0
5,1,lr1e-04_bs16_drop0p2_temp2p0_a0p25_b0p05__wd1e-04trmiss0_degmodglobal,16,0.0001,0.0001,0.2,2.0,0.25,0.05,lr1e-04_bs16_drop0p2_temp2p0_a0p25_b0p05__wd1e-04trmiss0_degmodglobal,4,0.6420639455318451,0.6705530881881714,0.7555555555555555,0.898589065255732,0.6428571428571429,0.0,0.617851510643959,0.6271147131919861,0.04011603444814682,0.09840462170541286,0.0,0.0,0.0,0.0,0.0,18473,global,0.0
5,1,lr1e-04_bs16_drop0p2_temp2p0_a0p25_b0p05__wd1e-04trmiss0_degmodglobal,16,0.0001,0.0001,0.2,2.0,0.25,0.05,lr1e-04_bs16_drop0p2_temp2p0_a0p25_b0p05__wd1e-04trmiss0_degmodglobal,5,0.6415053457021713,0.6650307774543762,0.7777777777777778,0.9093915343915346,0.7142857142857143,0.0,0.6111712753772736,0.6246390640735626,0.04427701700478792,0.11594085581600666,0.0,0.0,0.0,0.0,0.0,18473,global,0.0
5,1,lr1e-04_bs16_drop0p2_temp2p0_a0p25_b0p05__wd1e-04trmiss0_degmodglobal,16,0.0001,0.0001,0.2,2.0,0.25,0.05,lr1e-04_bs16_drop0p2_temp2p0_a0p25_b0p05__wd1e-04trmiss0_degmodglobal,6,0.6463423371315002,0.6645939946174622,0.8,0.9161255411255413,0.7857142857142857,0.0,0.6182565987110138,0.6285058856010437,0.046665748581290245,0.12340056523680687,0.0,0.0,0.0,0.0,0.0,18473,global,0.0
5,1,lr1e-04_bs16_drop0p2_temp2p0_a0p25_b0p05__wd1e-04trmiss0_degmodglobal,16,0.0001,0.0001,0.2,2.0,0.25,0.05,lr1e-04_bs16_drop0p2_temp2p0_a0p25_b0p05__wd1e-04trmiss0_degmodglobal,7,0.6546424776315689,0.6659010052680969,0.7777777777777778,0.9093915343915346,0.7142857142857143,0.0,0.6059016138315201,0.6418618857860565,0.03534668404608965,0.07887828536331654,0.0,0.0,0.0,0.0,0.0,18473,global,0.0
5,1,lr1e-04_bs16_drop0p2_temp2p0_a0p25_b0p05__wd1e-04trmiss0_degmodglobal,16,0.0001,0.0001,0.2,2.0,0.25,0.05,lr1e-04_bs16_drop0p2_temp2p0_a0p25_b0p05__wd1e-04trmiss0_degmodglobal,8,0.6153777986764908,0.6696493029594421,0.7777777777777778,0.9093915343915346,0.7857142857142857,0.0,0.5683518052101135,0.603037640452385,0.03201620327308774,0.08672218862921,0.0,0.0,0.0,0.0,0.0,18473,global,0.0
5,1,lr1e-04_bs16_drop0p2_temp2p0_a0p25_b0p05__wd1e-04trmiss0_degmodglobal,16,0.0001,0.0001,0.2,2.0,0.25,0.05,lr1e-04_bs16_drop0p2_temp2p0_a0p25_b0p05__wd1e-04trmiss0_degmodglobal,9,0.6055497974157333,0.6618645191192627,0.7777777777777778,0.9093915343915346,0.7142857142857143,0.0,0.5807617157697678,0.5875493884086609,0.04711222182959318,0.12444708123803139,0.0,0.0,0.0,0.0,0.0,18473,global,0.0
5,1,lr1e-04_bs16_drop0p2_temp2p0_a0p25_b0p05__wd1e-04trmiss0_degmodglobal,16,0.0001,0.0001,0.2,2.0,0.25,0.05,lr1e-04_bs16_drop0p2_temp2p0_a0p25_b0p05__wd1e-04trmiss0_degmodglobal,10,0.6262607872486115,0.6461514830589294,0.8,0.9161255411255413,0.7857142857142857,0.0,0.581359013915062,0.6114374101161957,0.036377040669322014,0.11458226479589939,0.0,0.0,0.0,0.0,0.0,18473,global,0.0
5,1,lr1e-04_bs16_drop0p2_temp2p0_a0p25_b0p05__wd1e-04trmiss0_degmodglobal,16,0.0001,0.0001,0.2,2.0,0.25,0.05,lr1e-04_bs16_drop0p2_temp2p0_a0p25_b0p05__wd1e-04trmiss0_degmodglobal,11,0.6067609786987305,0.6495883464813232,0.8,0.9161255411255413,0.7857142857142857,0.0,0.5531411916017532,0.5893952548503876,0.04565283237025142,0.11905015399679542,0.0,0.0,0.0,0.0,0.0,18473,global,0.0
5,1,lr1e-04_bs16_drop0p2_temp2p0_a0p25_b0p05__wd1e-04trmiss0_degmodglobal,16,0.0001,0.0001,0.2,2.0,0.25,0.05,lr1e-04_bs16_drop0p2_temp2p0_a0p25_b0p05__wd1e-04trmiss0_degmodglobal,12,0.5905839204788208,0.6512863039970398,0.8222222222222222,0.9242063492063493,0.7857142857142857,0.0,0.5632039904594421,0.5727203488349915,0.05269935633987188,0.09377461299300194,0.0,0.0,0.0,0.0,0.0,18473,global,0.0
5,1,lr1e-04_bs16_drop0p2_temp2p0_a0p25_b0p05__wd1e-04trmiss0_degmodglobal,16,0.0001,0.0001,0.2,2.0,0.25,0.05,lr1e-04_bs16_drop0p2_temp2p0_a0p25_b0p05__wd1e-04trmiss0_degmodglobal,13,0.6171204149723053,0.6484659910202026,0.8222222222222222,0.9242063492063493,0.7142857142857143,0.0,0.5272047370672226,0.599110409617424,0.045708141289651394,0.13165938295423985,0.0,0.0,0.0,0.0,0.0,18473,global,0.0
5,1,lr1e-04_bs16_drop0p2_temp2p0_a0p25_b0p05__wd1e-04trmiss0_degmodglobal,16,0.0001,0.0001,0.2,2.0,0.25,0.05,lr1e-04_bs16_drop0p2_temp2p0_a0p25_b0p05__wd1e-04trmiss0_degmodglobal,14,0.5659599900245667,0.6468518376350403,0.8222222222222222,0.9242063492063493,0.7142857142857143,0.0,0.5447819009423256,0.5491802096366882,0.04880506917834282,0.09157008212059736,0.0,0.0,0.0,0.0,0.0,18473,global,0.0
5,1,lr1e-04_bs16_drop0p2_temp2p0_a0p25_b0p05__wd1e-04trmiss0_degmodglobal,16,0.0001,0.0001,0.2,2.0,0.25,0.05,lr1e-04_bs16_drop0p2_temp2p0_a0p25_b0p05__wd1e-04trmiss0_degmodglobal,15,0.5825744122266769,0.6470085978507996,0.8444444444444444,0.9340828924162259,0.7142857142857143,0.0,0.5599518120288849,0.5648585557937622,0.051071380730718374,0.0989605700597167,0.0,0.0,0.0,0.0,0.0,18473,global,0.0
5,1,lr1e-04_bs16_drop0p2_temp2p0_a0p25_b0p05__wd1e-04trmiss0_degmodglobal,16,0.0001,0.0001,0.2,2.0,0.25,0.05,lr1e-04_bs16_drop0p2_temp2p0_a0p25_b0p05__wd1e-04trmiss0_degmodglobal,16,0.5893230885267258,0.6456884741783142,0.8222222222222222,0.9242063492063493,0.7857142857142857,0.0,0.5406152606010437,0.5691091269254684,0.051787358708679676,0.14534206688404083,0.0,0.0,0.0,0.0,0.0,18473,global,0.0
5,1,lr1e-04_bs16_drop0p2_temp2p0_a0p25_b0p05__wd1e-04trmiss0_degmodglobal,16,0.0001,0.0001,0.2,2.0,0.25,0.05,lr1e-04_bs16_drop0p2_temp2p0_a0p25_b0p05__wd1e-04trmiss0_degmodglobal,17,0.6100524216890335,0.6462832689285278,0.8444444444444444,0.9340828924162259,0.7857142857142857,0.0,0.5239974111318588,0.589358001947403,0.052334293723106384,0.15221695974469185,0.0,0.0,0.0,0.0,0.0,18473,global,0.0
5,1,lr1e-04_bs16_drop0p2_temp2p0_a0p25_b0p05__wd1e-04trmiss0_degmodglobal,16,0.0001,0.0001,0.2,2.0,0.25,0.05,lr1e-04_bs16_drop0p2_temp2p0_a0p25_b0p05__wd1e-04trmiss0_degmodglobal,18,0.5749997645616531,0.655307412147522,0.8444444444444444,0.9340828924162259,0.6428571428571429,0.0,0.5315447449684143,0.5524403601884842,0.06559393648058176,0.12321839481592178,0.0,0.0,0.0,0.0,0.0,18473,global,0.0
5,1,lr1e-04_bs16_drop0p2_temp2p0_a0p25_b0p05__wd1e-04trmiss0_degmodglobal,16,0.0001,0.0001,0.2,2.0,0.25,0.05,lr1e-04_bs16_drop0p2_temp2p0_a0p25_b0p05__wd1e-04trmiss0_degmodglobal,19,0.5699958056211472,0.6456356048583984,0.8666666666666667,0.9479717813051147,0.7857142857142857,0.0,0.5437059104442596,0.5535952895879745,0.04302416509017348,0.11288931034505367,0.0,0.0,0.0,0.0,0.0,18473,global,0.0
5,1,lr1e-04_bs16_drop0p2_temp2p0_a0p25_b0p05__wd1e-04trmiss0_degmodglobal,16,0.0001,0.0001,0.2,2.0,0.25,0.05,lr1e-04_bs16_drop0p2_temp2p0_a0p25_b0p05__wd1e-04trmiss0_degmodglobal,20,0.5936038643121719,0.6418176889419556,0.8444444444444444,0.9380952380952383,0.8571428571428571,0.0,0.5229674726724625,0.5727338343858719,0.056451884098351,0.13514098897576332,0.0,0.0,0.0,0.0,0.0,18473,global,0.0
5,1,lr1e-04_bs16_drop0p2_temp2p0_a0p25_b0p05__wd1e-04trmiss0_degmodglobal,16,0.0001,0.0001,0.2,2.0,0.25,0.05,lr1e-04_bs16_drop0p2_temp2p0_a0p25_b0p05__wd1e-04trmiss0_degmodglobal,21,0.5935480743646622,0.6518518328666687,0.8444444444444444,0.9380952380952383,0.8571428571428571,0.0,0.5285099893808365,0.575639620423317,0.05205355864018202,0.09790138062089682,0.0,0.0,0.0,0.0,0.0,18473,global,0.0
5,1,lr1e-04_bs16_drop0p2_temp2p0_a0p25_b0p05__wd1e-04trmiss0_degmodglobal,16,0.0001,0.0001,0.2,2.0,0.25,0.05,lr1e-04_bs16_drop0p2_temp2p0_a0p25_b0p05__wd1e-04trmiss0_degmodglobal,22,0.578868106007576,0.6482431292533875,0.8444444444444444,0.9380952380952383,0.8571428571428571,0.0,0.5109486952424049,0.5557446926832199,0.06005359347909689,0.16220003366470337,0.0,0.0,0.0,0.0,0.0,18473,global,0.0
5,1,lr1e-04_bs16_drop0p2_temp2p0_a0p25_b0p05__wd1e-04trmiss0_degmodglobal,16,0.0001,0.0001,0.2,2.0,0.25,0.05,lr1e-04_bs16_drop0p2_temp2p0_a0p25_b0p05__wd1e-04trmiss0_degmodglobal,23,0.6095939949154854,0.6465562582015991,0.8444444444444444,0.9380952380952383,0.7142857142857143,0.0,0.5380438193678856,0.5864455178380013,0.0597702469676733,0.16411856561899185,0.0,0.0,0.0,0.0,0.0,18473,global,0.0
5,1,lr1e-04_bs16_drop0p2_temp2p0_a0p25_b0p05__wd1e-04trmiss0_degmodglobal,16,0.0001,0.0001,0.2,2.0,0.25,0.05,lr1e-04_bs16_drop0p2_temp2p0_a0p25_b0p05__wd1e-04trmiss0_degmodglobal,24,0.5599343925714493,0.648144006729126,0.8222222222222222,0.9242063492063493,0.7857142857142857,0.0,0.5124434381723404,0.5397231131792068,0.05488581024110317,0.1297964882105589,0.0,0.0,0.0,0.0,0.0,18473,global,0.0
5,1,lr1e-04_bs16_drop0p2_temp2p0_a0p25_b0p05__wd1e-04trmiss0_degmodglobal,16,0.0001,0.0001,0.2,2.0,0.25,0.05,lr1e-04_bs16_drop0p2_temp2p0_a0p25_b0p05__wd1e-04trmiss0_degmodglobal,25,0.5767758190631866,0.6401651501655579,0.8444444444444444,0.9340828924162259,0.7857142857142857,0.0,0.5312492400407791,0.5569977015256882,0.05433079460635781,0.1239083968102932,0.0,0.0,0.0,0.0,0.0,18473,global,0.0
5,1,lr1e-04_bs16_drop0p2_temp2p0_a0p25_b0p05__wd1e-04trmiss0_degmodglobal,16,0.0001,0.0001,0.2,2.0,0.25,0.05,lr1e-04_bs16_drop0p2_temp2p0_a0p25_b0p05__wd1e-04trmiss0_degmodglobal,26,0.5648624897003174,0.6331246495246887,0.8444444444444444,0.9340828924162259,0.7857142857142857,0.0,0.5132044777274132,0.5490210801362991,0.043666303157806396,0.09849688410758972,0.0,0.0,0.0,0.0,0.0,18473,global,0.0
5,1,lr1e-04_bs16_drop0p2_temp2p0_a0p25_b0p05__wd1e-04trmiss0_degmodglobal,16,0.0001,0.0001,0.2,2.0,0.25,0.05,lr1e-04_bs16_drop0p2_temp2p0_a0p25_b0p05__wd1e-04trmiss0_degmodglobal,27,0.5550602525472641,0.6237010955810547,0.8666666666666667,0.9479717813051147,0.8571428571428571,0.0,0.513125404715538,0.5372433662414551,0.05419581849128008,0.08535871934145689,0.0,0.0,0.0,0.0,0.0,18473,global,0.0
5,1,lr1e-04_bs16_drop0p2_temp2p0_a0p25_b0p05__wd1e-04trmiss0_degmodglobal,16,0.0001,0.0001,0.2,2.0,0.25,0.05,lr1e-04_bs16_drop0p2_temp2p0_a0p25_b0p05__wd1e-04trmiss0_degmodglobal,28,0.551596611738205,0.6354334950447083,0.8444444444444444,0.9340828924162259,0.7857142857142857,0.0,0.5024038776755333,0.5312834084033966,0.05923328269273043,0.11009752377867699,0.0,0.0,0.0,0.0,0.0,18473,global,0.0
5,1,lr1e-04_bs16_drop0p2_temp2p0_a0p25_b0p05__wd1e-04trmiss0_degmodglobal,16,0.0001,0.0001,0.2,2.0,0.25,0.05,lr1e-04_bs16_drop0p2_temp2p0_a0p25_b0p05__wd1e-04trmiss0_degmodglobal,29,0.5836054235696793,0.6326329708099365,0.8666666666666667,0.9479717813051147,0.7857142857142857,0.0,0.5199221298098564,0.5629728585481644,0.06164033804088831,0.10444968193769455,0.0,0.0,0.0,0.0,0.0,18473,global,0.0
5,1,lr1e-04_bs16_drop0p2_temp2p0_a0p25_b0p05__wd1e-04trmiss0_degmodglobal,16,0.0001,0.0001,0.2,2.0,0.25,0.05,lr1e-04_bs16_drop0p2_temp2p0_a0p25_b0p05__wd1e-04trmiss0_degmodglobal,30,0.5644339621067047,0.6331210136413574,0.8666666666666667,0.9479717813051147,0.7857142857142857,0.0,0.4978877082467079,0.5454365015029907,0.05087871942669153,0.1255556344985962,0.0,0.0,0.0,0.0,0.0,18473,global,0.0
5,1,lr1e-04_bs16_drop0p2_temp2p0_a0p25_b0p05__wd1e-04trmiss0_degmodglobal,16,0.0001,0.0001,0.2,2.0,0.25,0.05,lr1e-04_bs16_drop0p2_temp2p0_a0p25_b0p05__wd1e-04trmiss0_degmodglobal,31,0.5584030598402023,0.6226673126220703,0.8444444444444444,0.9340828924162259,0.7857142857142857,0.0,0.5009990558028221,0.5429825112223625,0.0403684601187706,0.10656876862049103,0.0,0.0,0.0,0.0,0.0,18473,global,0.0
5,1,lr1e-04_bs16_drop0p2_temp2p0_a0p25_b0p05__wd1e-04trmiss0_degmodglobal,16,0.0001,0.0001,0.2,2.0,0.25,0.05,lr1e-04_bs16_drop0p2_temp2p0_a0p25_b0p05__wd1e-04trmiss0_degmodglobal,32,0.5698682367801666,0.61979740858078,0.8444444444444444,0.9340828924162259,0.7857142857142857,0.0,0.5358118414878845,0.5546257346868515,0.046718962490558624,0.07125505898147821,0.0,0.0,0.0,0.0,0.0,18473,global,0.0
5,1,lr1e-04_bs16_drop0p2_temp2p0_a0p25_b0p05__wd1e-04trmiss0_degmodglobal,16,0.0001,0.0001,0.2,2.0,0.25,0.05,lr1e-04_bs16_drop0p2_temp2p0_a0p25_b0p05__wd1e-04trmiss0_degmodglobal,33,0.5833875238895416,0.6252412796020508,0.8444444444444444,0.9340828924162259,0.7857142857142857,0.0,0.5263487100601196,0.5667440295219421,0.04852118901908398,0.09026353806257248,0.0,0.0,0.0,0.0,0.0,18473,global,0.0
5,1,lr1e-04_bs16_drop0p2_temp2p0_a0p25_b0p05__wd1e-04trmiss0_degmodglobal,16,0.0001,0.0001,0.2,2.0,0.25,0.05,lr1e-04_bs16_drop0p2_temp2p0_a0p25_b0p05__wd1e-04trmiss0_degmodglobal,34,0.5499478429555893,0.614463210105896,0.8444444444444444,0.9340828924162259,0.7857142857142857,0.0,0.4934897795319557,0.527172364294529,0.06175009533762932,0.14675904251635075,0.0,0.0,0.0,0.0,0.0,18473,global,0.0
5,1,lr1e-04_bs16_drop0p2_temp2p0_a0p25_b0p05__wd1e-04trmiss0_degmodglobal,16,0.0001,0.0001,0.2,2.0,0.25,0.05,lr1e-04_bs16_drop0p2_temp2p0_a0p25_b0p05__wd1e-04trmiss0_degmodglobal,35,0.5452784448862076,0.617179811000824,0.8444444444444444,0.9340828924162259,0.7857142857142857,0.0,0.4912619814276695,0.5260204672813416,0.053282976150512695,0.11874502152204514,0.0,0.0,0.0,0.0,0.0,18473,global,0.0
5,1,lr1e-04_bs16_drop0p2_temp2p0_a0p25_b0p05__wd1e-04trmiss0_degmodglobal,16,0.0001,0.0001,0.2,2.0,0.25,0.05,lr1e-04_bs16_drop0p2_temp2p0_a0p25_b0p05__wd1e-04trmiss0_degmodglobal,36,0.584603875875473,0.6408352255821228,0.8222222222222222,0.9242063492063493,0.7857142857142857,0.0,0.5163822174072266,0.5681656375527382,0.04843900026753545,0.08657013066112995,0.0,0.0,0.0,0.0,0.0,18473,global,0.0
5,1,lr1e-04_bs16_drop0p2_temp2p0_a0p25_b0p05__wd1e-04trmiss0_degmodglobal,16,0.0001,0.0001,0.2,2.0,0.25,0.05,lr1e-04_bs16_drop0p2_temp2p0_a0p25_b0p05__wd1e-04trmiss0_degmodglobal,37,0.5573945045471191,0.6365024447441101,0.8222222222222222,0.9242063492063493,0.7857142857142857,0.0,0.48177142441272736,0.5411751419305801,0.047450761310756207,0.08713352959603071,0.0,0.0,0.0,0.0,0.0,18473,global,0.0
5,1,lr1e-04_bs16_drop0p2_temp2p0_a0p25_b0p05__wd1e-04trmiss0_degmodglobal,16,0.0001,0.0001,0.2,2.0,0.25,0.05,lr1e-04_bs16_drop0p2_temp2p0_a0p25_b0p05__wd1e-04trmiss0_degmodglobal,38,0.5309380367398262,0.6386024355888367,0.8444444444444444,0.9340828924162259,0.7857142857142857,0.0,0.4963820278644562,0.5093062445521355,0.05726022273302078,0.1463345419615507,0.0,0.0,0.0,0.0,0.0,18473,global,0.0
5,1,lr1e-04_bs16_drop0p2_temp2p0_a0p25_b0p05__wd1e-04trmiss0_degmodglobal,16,0.0001,0.0001,0.2,2.0,0.25,0.05,lr1e-04_bs16_drop0p2_temp2p0_a0p25_b0p05__wd1e-04trmiss0_degmodglobal,39,0.593604788184166,0.6349602937698364,0.8444444444444444,0.9340828924162259,0.7857142857142857,0.0,0.4706241190433502,0.5658176392316818,0.07127251476049423,0.1993807666003704,0.0,0.0,0.0,0.0,0.0,18473,global,0.0
5,1,lr1e-04_bs16_drop0p2_temp2p0_a0p25_b0p05__wd1e-04trmiss0_degmodglobal,16,0.0001,0.0001,0.2,2.0,0.25,0.05,lr1e-04_bs16_drop0p2_temp2p0_a0p25_b0p05__wd1e-04trmiss0_degmodglobal,40,0.5494880676269531,0.6224045157432556,0.8444444444444444,0.9340828924162259,0.7857142857142857,0.0,0.4883226156234741,0.53315569460392,0.044765747734345496,0.10281849931925535,0.0,0.0,0.0,0.0,0.0,18473,global,0.0
5,1,lr1e-04_bs16_drop0p2_temp2p0_a0p25_b0p05__wd1e-04trmiss0_degmodglobal,16,0.0001,0.0001,0.2,2.0,0.25,0.05,lr1e-04_bs16_drop0p2_temp2p0_a0p25_b0p05__wd1e-04trmiss0_degmodglobal,41,0.5169093757867813,0.6279204487800598,0.8444444444444444,0.9340828924162259,0.7857142857142857,0.0,0.48533546179533005,0.495996356010437,0.06487674731761217,0.09387674275785685,0.0,0.0,0.0,0.0,0.0,18473,global,0.0
5,1,lr1e-04_bs16_drop0p2_temp2p0_a0p25_b0p05__wd1e-04trmiss0_degmodglobal,16,0.0001,0.0001,0.2,2.0,0.25,0.05,lr1e-04_bs16_drop0p2_temp2p0_a0p25_b0p05__wd1e-04trmiss0_degmodglobal,42,0.5321149080991745,0.6276209950447083,0.8444444444444444,0.9340828924162259,0.7857142857142857,0.0,0.477390818297863,0.5122871994972229,0.055323924869298935,0.11993459053337574,0.0,0.0,0.0,0.0,0.0,18473,global,0.0
5,1,lr1e-04_bs16_drop0p2_temp2p0_a0p25_b0p05__wd1e-04trmiss0_degmodglobal,16,0.0001,0.0001,0.2,2.0,0.25,0.05,lr1e-04_bs16_drop0p2_temp2p0_a0p25_b0p05__wd1e-04trmiss0_degmodglobal,43,0.5510413348674774,0.6237891912460327,0.8444444444444444,0.9340828924162259,0.7857142857142857,0.0,0.47643090039491653,0.530673548579216,0.05721900053322315,0.12126093916594982,0.0,0.0,0.0,0.0,0.0,18473,global,0.0
5,1,lr1e-04_bs16_drop0p2_temp2p0_a0p25_b0p05__wd1e-04trmiss0_degmodglobal,16,0.0001,0.0001,0.2,2.0,0.25,0.05,lr1e-04_bs16_drop0p2_temp2p0_a0p25_b0p05__wd1e-04trmiss0_degmodglobal,44,0.5710195153951645,0.625970721244812,0.8444444444444444,0.9340828924162259,0.7857142857142857,0.0,0.5043346211314201,0.5488636493682861,0.05619689356535673,0.16213293001055717,0.0,0.0,0.0,0.0,0.0,18473,global,0.0
5,1,lr1e-04_bs16_drop0p2_temp2p0_a0p25_b0p05__wd1e-04trmiss0_degmodglobal,16,0.0001,0.0001,0.2,2.0,0.25,0.05,lr1e-04_bs16_drop0p2_temp2p0_a0p25_b0p05__wd1e-04trmiss0_degmodglobal,45,0.5475282594561577,0.6254486441612244,0.8444444444444444,0.9340828924162259,0.7857142857142857,0.0,0.5138987526297569,0.5233815088868141,0.06625015661120415,0.15168417058885098,0.0,0.0,0.0,0.0,0.0,18473,global,0.0
5,1,lr1e-04_bs16_drop0p2_temp2p0_a0p25_b0p05__wd1e-04trmiss0_degmodglobal,16,0.0001,0.0001,0.2,2.0,0.25,0.05,lr1e-04_bs16_drop0p2_temp2p0_a0p25_b0p05__wd1e-04trmiss0_degmodglobal,46,0.5422952845692635,0.6250841617584229,0.8444444444444444,0.9340828924162259,0.7857142857142857,0.0,0.4769825264811516,0.521866112947464,0.05558459646999836,0.1306601334363222,0.0,0.0,0.0,0.0,0.0,18473,global,0.0
5,1,lr1e-04_bs16_drop0p2_temp2p0_a0p25_b0p05__wd1e-04trmiss0_degmodglobal,16,0.0001,0.0001,0.2,2.0,0.25,0.05,lr1e-04_bs16_drop0p2_temp2p0_a0p25_b0p05__wd1e-04trmiss0_degmodglobal,47,0.524965450167656,0.6281763315200806,0.8444444444444444,0.9340828924162259,0.7857142857142857,0.0,0.4655395969748497,0.5006711930036545,0.06982925068587065,0.136739119887352,0.0,0.0,0.0,0.0,0.0,18473,global,0.0
5,1,lr1e-04_bs16_drop0p4_temp1p0_a0p25_b0p05__wd1e-04trmiss0_degmodglobal,16,0.0001,0.0001,0.4,1.0,0.25,0.05,lr1e-04_bs16_drop0p4_temp1p0_a0p25_b0p05__wd1e-04trmiss0_degmodglobal,1,0.7571910917758942,0.7290619611740112,0.4444444444444444,0.641067266067266,0.35714285714285715,0.0,0.6332850456237793,0.7202303111553192,0.08298949711024761,0.3242679610848427,0.0,0.0,0.0,0.0,0.0,18473,global,0.0
5,1,lr1e-04_bs16_drop0p4_temp1p0_a0p25_b0p05__wd1e-04trmiss0_degmodglobal,16,0.0001,0.0001,0.4,1.0,0.25,0.05,lr1e-04_bs16_drop0p4_temp1p0_a0p25_b0p05__wd1e-04trmiss0_degmodglobal,2,0.744376003742218,0.7240132093429565,0.6,0.7159069325735994,0.2857142857142857,0.0,0.6717122793197632,0.698141947388649,0.10245326533913612,0.4124143645167351,0.0,0.0,0.0,0.0,0.0,18473,global,0.0
5,1,lr1e-04_bs16_drop0p4_temp1p0_a0p25_b0p05__wd1e-04trmiss0_degmodglobal,16,0.0001,0.0001,0.4,1.0,0.25,0.05,lr1e-04_bs16_drop0p4_temp1p0_a0p25_b0p05__wd1e-04trmiss0_degmodglobal,3,0.6982787549495697,0.718360960483551,0.5777777777777777,0.7072649572649574,0.42857142857142855,0.0,0.6403516978025436,0.6723193824291229,0.05559055460616946,0.24123489018529654,0.0,0.0,0.0,0.0,0.0,18473,global,0.0
5,1,lr1e-04_bs16_drop0p4_temp1p0_a0p25_b0p05__wd1e-04trmiss0_degmodglobal,16,0.0001,0.0001,0.4,1.0,0.25,0.05,lr1e-04_bs16_drop0p4_temp1p0_a0p25_b0p05__wd1e-04trmiss0_degmodglobal,4,0.6179904937744141,0.708051860332489,0.6444444444444445,0.7822649572649574,0.42857142857142855,0.0,0.6101059913635254,0.5872722119092941,0.06903113797307014,0.26920993253588676,0.0,0.0,0.0,0.0,0.0,18473,global,0.0
5,1,lr1e-04_bs16_drop0p4_temp1p0_a0p25_b0p05__wd1e-04trmiss0_degmodglobal,16,0.0001,0.0001,0.4,1.0,0.25,0.05,lr1e-04_bs16_drop0p4_temp1p0_a0p25_b0p05__wd1e-04trmiss0_degmodglobal,5,0.6630851030349731,0.6972180008888245,0.6888888888888889,0.8250000000000002,0.5,0.0,0.5676048845052719,0.6230370700359344,0.09062066674232483,0.34785738587379456,0.0,0.0,0.0,0.0,0.0,18473,global,0.0
5,1,lr1e-04_bs16_drop0p4_temp1p0_a0p25_b0p05__wd1e-04trmiss0_degmodglobal,16,0.0001,0.0001,0.4,1.0,0.25,0.05,lr1e-04_bs16_drop0p4_temp1p0_a0p25_b0p05__wd1e-04trmiss0_degmodglobal,6,0.6114940047264099,0.6962224841117859,0.6444444444444445,0.7822649572649574,0.5,0.0,0.5969198942184448,0.578819751739502,0.07888276595622301,0.25907110795378685,0.0,0.0,0.0,0.0,0.0,18473,global,0.0
5,1,lr1e-04_bs16_drop0p4_temp1p0_a0p25_b0p05__wd1e-04trmiss0_degmodglobal,16,0.0001,0.0001,0.4,1.0,0.25,0.05,lr1e-04_bs16_drop0p4_temp1p0_a0p25_b0p05__wd1e-04trmiss0_degmodglobal,7,0.6604438871145248,0.7023452520370483,0.6444444444444445,0.7822649572649574,0.35714285714285715,0.0,0.5711045116186142,0.6191155910491943,0.10475809499621391,0.30277490615844727,0.0,0.0,0.0,0.0,0.0,18473,global,0.0
5,1,lr1e-04_bs16_drop0p4_temp1p0_a0p25_b0p05__wd1e-04trmiss0_degmodglobal,16,0.0001,0.0001,0.4,1.0,0.25,0.05,lr1e-04_bs16_drop0p4_temp1p0_a0p25_b0p05__wd1e-04trmiss0_degmodglobal,8,0.6000590771436691,0.7087326645851135,0.6222222222222222,0.7267094017094018,0.5,0.0,0.6002810299396515,0.5598786696791649,0.08876532036811113,0.35978180542588234,0.0,0.0,0.0,0.0,0.0,18473,global,0.0
5,1,lr1e-04_bs16_drop0p4_temp1p0_a0p25_b0p05__wd1e-04trmiss0_degmodglobal,16,0.0001,0.0001,0.4,1.0,0.25,0.05,lr1e-04_bs16_drop0p4_temp1p0_a0p25_b0p05__wd1e-04trmiss0_degmodglobal,9,0.6284837275743484,0.7252772450447083,0.6222222222222222,0.7267094017094018,0.35714285714285715,0.0,0.5625045895576477,0.5950550064444542,0.07827278319746256,0.27721070125699043,0.0,0.0,0.0,0.0,0.0,18473,global,0.0
5,1,lr1e-04_bs16_drop0p4_temp1p0_a0p25_b0p05__wd1e-04trmiss0_degmodglobal,16,0.0001,0.0001,0.4,1.0,0.25,0.05,lr1e-04_bs16_drop0p4_temp1p0_a0p25_b0p05__wd1e-04trmiss0_degmodglobal,10,0.6079824566841125,0.7196465730667114,0.6444444444444445,0.7822649572649574,0.35714285714285715,0.0,0.5529830008745193,0.5719954520463943,0.08418538607656956,0.2988132871687412,0.0,0.0,0.0,0.0,0.0,18473,global,0.0
5,1,lr1e-04_bs16_drop0p4_temp1p0_a0p25_b0p05__wd1e-04trmiss0_degmodglobal,16,0.0001,0.0001,0.4,1.0,0.25,0.05,lr1e-04_bs16_drop0p4_temp1p0_a0p25_b0p05__wd1e-04trmiss0_degmodglobal,11,0.6201393157243729,0.7083130478858948,0.6444444444444445,0.7822649572649574,0.5,0.0,0.5613865256309509,0.5681287050247192,0.11953733675181866,0.4425254389643669,0.0,0.0,0.0,0.0,0.0,18473,global,0.0
5,1,lr1e-04_bs16_drop0p4_temp1p0_a0p25_b0p05__wd1e-04trmiss0_degmodglobal,16,0.0001,0.0001,0.4,1.0,0.25,0.05,lr1e-04_bs16_drop0p4_temp1p0_a0p25_b0p05__wd1e-04trmiss0_degmodglobal,12,0.607141301035881,0.6942565441131592,0.6666666666666666,0.8193019943019944,0.5,0.0,0.5219699442386627,0.5727001428604126,0.07930723950266838,0.2922869138419628,0.0,0.0,0.0,0.0,0.0,18473,global,0.0
5,1,lr1e-04_bs16_drop0p4_temp1p0_a0p25_b0p05__wd1e-04trmiss0_degmodglobal,16,0.0001,0.0001,0.4,1.0,0.25,0.05,lr1e-04_bs16_drop0p4_temp1p0_a0p25_b0p05__wd1e-04trmiss0_degmodglobal,13,0.5577460378408432,0.6995344758033752,0.6666666666666666,0.8193019943019944,0.42857142857142855,0.0,0.5465679615736008,0.5161328464746475,0.09906857460737228,0.3369213379919529,0.0,0.0,0.0,0.0,0.0,18473,global,0.0
5,1,lr1e-04_bs16_drop0p4_temp1p0_a0p25_b0p05__wd1e-04trmiss0_degmodglobal,16,0.0001,0.0001,0.4,1.0,0.25,0.05,lr1e-04_bs16_drop0p4_temp1p0_a0p25_b0p05__wd1e-04trmiss0_degmodglobal,14,0.5968188792467117,0.7063412070274353,0.6666666666666666,0.8193019943019944,0.5,0.0,0.515921100974083,0.5499306917190552,0.1178959533572197,0.3482840433716774,0.0,0.0,0.0,0.0,0.0,18473,global,0.0
5,1,lr1e-04_bs16_drop0p4_temp1p0_a0p25_b0p05__wd1e-04trmiss0_degmodglobal,16,0.0001,0.0001,0.4,1.0,0.25,0.05,lr1e-04_bs16_drop0p4_temp1p0_a0p25_b0p05__wd1e-04trmiss0_degmodglobal,15,0.5732817649841309,0.6735662817955017,0.7777777777777779,0.9002525252525253,0.7142857142857143,0.0,0.5683137476444244,0.5406006574630737,0.08421139046549797,0.2325652502477169,0.0,0.0,0.0,0.0,0.0,18473,global,0.0
5,1,lr1e-04_bs16_drop0p4_temp1p0_a0p25_b0p05__wd1e-04trmiss0_degmodglobal,16,0.0001,0.0001,0.4,1.0,0.25,0.05,lr1e-04_bs16_drop0p4_temp1p0_a0p25_b0p05__wd1e-04trmiss0_degmodglobal,16,0.6237030476331711,0.6430362462997437,0.8222222222222222,0.9300144300144302,0.7857142857142857,0.0,0.5926174968481064,0.5661436766386032,0.12209578603506088,0.5407082661986351,0.0,0.0,0.0,0.0,0.0,18473,global,0.0
5,1,lr1e-04_bs16_drop0p4_temp1p0_a0p25_b0p05__wd1e-04trmiss0_degmodglobal,16,0.0001,0.0001,0.4,1.0,0.25,0.05,lr1e-04_bs16_drop0p4_temp1p0_a0p25_b0p05__wd1e-04trmiss0_degmodglobal,17,0.595318928360939,0.6407040953636169,0.8666666666666667,0.9479717813051147,0.7857142857142857,0.0,0.5736008435487747,0.5666487067937851,0.07001014519482851,0.2233539130538702,0.0,0.0,0.0,0.0,0.0,18473,global,0.0
5,1,lr1e-04_bs16_drop0p4_temp1p0_a0p25_b0p05__wd1e-04trmiss0_degmodglobal,16,0.0001,0.0001,0.4,1.0,0.25,0.05,lr1e-04_bs16_drop0p4_temp1p0_a0p25_b0p05__wd1e-04trmiss0_degmodglobal,18,0.5635304301977158,0.639449954032898,0.8888888888888888,0.9603174603174605,0.7857142857142857,0.0,0.5519181340932846,0.5266443341970444,0.09216073527932167,0.2769178617745638,0.0,0.0,0.0,0.0,0.0,18473,global,0.0
5,1,lr1e-04_bs16_drop0p4_temp1p0_a0p25_b0p05__wd1e-04trmiss0_degmodglobal,16,0.0001,0.0001,0.4,1.0,0.25,0.05,lr1e-04_bs16_drop0p4_temp1p0_a0p25_b0p05__wd1e-04trmiss0_degmodglobal,19,0.5622197836637497,0.6349881887435913,0.9111111111111111,0.9658119658119659,0.8571428571428571,0.0,0.5157866850495338,0.5236769765615463,0.09000791050493717,0.32081691920757294,0.0,0.0,0.0,0.0,0.0,18473,global,0.0
5,1,lr1e-04_bs16_drop0p4_temp1p0_a0p25_b0p05__wd1e-04trmiss0_degmodglobal,16,0.0001,0.0001,0.4,1.0,0.25,0.05,lr1e-04_bs16_drop0p4_temp1p0_a0p25_b0p05__wd1e-04trmiss0_degmodglobal,20,0.5625532567501068,0.6327593922615051,0.8888888888888888,0.9603174603174605,0.9285714285714286,0.0,0.5298114269971848,0.5230752378702164,0.08895861543715,0.3447667546570301,0.0,0.0,0.0,0.0,0.0,18473,global,0.0
5,1,lr1e-04_bs16_drop0p4_temp1p0_a0p25_b0p05__wd1e-04trmiss0_degmodglobal,16,0.0001,0.0001,0.4,1.0,0.25,0.05,lr1e-04_bs16_drop0p4_temp1p0_a0p25_b0p05__wd1e-04trmiss0_degmodglobal,21,0.6329631060361862,0.6439131498336792,0.8888888888888888,0.9603174603174605,0.7142857142857143,0.0,0.5376481413841248,0.5972638055682182,0.08526718057692051,0.28764984011650085,0.0,0.0,0.0,0.0,0.0,18473,global,0.0
5,1,lr1e-04_bs16_drop0p4_temp1p0_a0p25_b0p05__wd1e-04trmiss0_degmodglobal,16,0.0001,0.0001,0.4,1.0,0.25,0.05,lr1e-04_bs16_drop0p4_temp1p0_a0p25_b0p05__wd1e-04trmiss0_degmodglobal,22,0.5589819401502609,0.6487970352172852,0.8888888888888888,0.9603174603174605,0.7142857142857143,0.0,0.517875961959362,0.5164064168930054,0.09452740103006363,0.37887339293956757,0.0,0.0,0.0,0.0,0.0,18473,global,0.0
5,1,lr1e-04_bs16_drop0p4_temp1p0_a0p25_b0p05__wd1e-04trmiss0_degmodglobal,16,0.0001,0.0001,0.4,1.0,0.25,0.05,lr1e-04_bs16_drop0p4_temp1p0_a0p25_b0p05__wd1e-04trmiss0_degmodglobal,23,0.5508753210306168,0.6359173059463501,0.8888888888888888,0.9603174603174605,0.9285714285714286,0.0,0.48564209789037704,0.513440728187561,0.0975185539573431,0.2610989958047867,0.0,0.0,0.0,0.0,0.0,18473,global,0.0
5,1,lr1e-04_bs16_drop0p4_temp1p0_a0p25_b0p05__wd1e-04trmiss0_degmodglobal,16,0.0001,0.0001,0.4,1.0,0.25,0.05,lr1e-04_bs16_drop0p4_temp1p0_a0p25_b0p05__wd1e-04trmiss0_degmodglobal,24,0.6024654060602188,0.6521062850952148,0.8666666666666667,0.9479717813051147,0.7142857142857143,0.0,0.4982481002807617,0.5356248021125793,0.15362214669585228,0.5687016025185585,0.0,0.0,0.0,0.0,0.0,18473,global,0.0
5,1,lr1e-04_bs16_drop0p4_temp1p0_a0p25_b0p05__wd1e-04trmiss0_degmodglobal,16,0.0001,0.0001,0.4,1.0,0.25,0.05,lr1e-04_bs16_drop0p4_temp1p0_a0p25_b0p05__wd1e-04trmiss0_degmodglobal,25,0.5504331588745117,0.665886402130127,0.7555555555555555,0.8966810966810967,0.7142857142857143,0.0,0.504323847591877,0.5032319277524948,0.11338941007852554,0.37707774341106415,0.0,0.0,0.0,0.0,0.0,18473,global,0.0
5,1,lr1e-04_bs16_drop0p4_temp1p0_a0p25_b0p05__wd1e-04trmiss0_degmodglobal,16,0.0001,0.0001,0.4,1.0,0.25,0.05,lr1e-04_bs16_drop0p4_temp1p0_a0p25_b0p05__wd1e-04trmiss0_degmodglobal,26,0.5541012287139893,0.6646833419799805,0.7555555555555555,0.8966810966810967,0.7857142857142857,0.0,0.5127908512949944,0.5214832276105881,0.08216395229101181,0.24154016748070717,0.0,0.0,0.0,0.0,0.0,18473,global,0.0
5,1,lr1e-04_bs16_drop0p4_temp1p0_a0p25_b0p05__wd1e-04trmiss0_degmodglobal,16,0.0001,0.0001,0.4,1.0,0.25,0.05,lr1e-04_bs16_drop0p4_temp1p0_a0p25_b0p05__wd1e-04trmiss0_degmodglobal,27,0.6060843765735626,0.6548243761062622,0.7555555555555555,0.8966810966810967,0.7142857142857143,0.0,0.48014721274375916,0.5518146753311157,0.12285770662128925,0.4711059033870697,0.0,0.0,0.0,0.0,0.0,18473,global,0.0
5,1,lr1e-04_bs16_drop0p4_temp1p0_a0p25_b0p05__wd1e-04trmiss0_degmodglobal,16,0.0001,0.0001,0.4,1.0,0.25,0.05,lr1e-04_bs16_drop0p4_temp1p0_a0p25_b0p05__wd1e-04trmiss0_degmodglobal,28,0.5812985599040985,0.6667835116386414,0.7555555555555555,0.8966810966810967,0.7142857142857143,0.0,0.5335935801267624,0.5379504859447479,0.10531657561659813,0.3403788059949875,0.0,0.0,0.0,0.0,0.0,18473,global,0.0
5,1,lr1e-04_bs16_drop0p4_temp1p0_a0p25_b0p05__wd1e-04trmiss0_degmodglobal,16,0.0001,0.0001,0.4,1.0,0.25,0.05,lr1e-04_bs16_drop0p4_temp1p0_a0p25_b0p05__wd1e-04trmiss0_degmodglobal,29,0.5646893009543419,0.6736915707588196,0.7555555555555555,0.8966810966810967,0.7142857142857143,0.0,0.5004290491342545,0.5271977484226227,0.09099266957491636,0.29486801102757454,0.0,0.0,0.0,0.0,0.0,18473,global,0.0
5,1,lr1e-04_bs16_drop0p4_temp1p0_a0p25_b0p05__wd1e-04trmiss0_degmodglobal,16,0.0001,0.0001,0.4,1.0,0.25,0.05,lr1e-04_bs16_drop0p4_temp1p0_a0p25_b0p05__wd1e-04trmiss0_degmodglobal,30,0.5572259724140167,0.6654071807861328,0.7555555555555555,0.8966810966810967,0.7142857142857143,0.0,0.4720650985836983,0.5177938044071198,0.09750177524983883,0.3011338673532009,0.0,0.0,0.0,0.0,0.0,18473,global,0.0
5,1,lr1e-04_bs16_drop0p4_temp1p0_a0p25_b0p05__wd1e-04trmiss0_degmodglobal,16,0.0001,0.0001,0.4,1.0,0.25,0.05,lr1e-04_bs16_drop0p4_temp1p0_a0p25_b0p05__wd1e-04trmiss0_degmodglobal,31,0.5832250267267227,0.6587655544281006,0.8222222222222222,0.9242063492063493,0.7857142857142857,0.0,0.4908072352409363,0.5255881175398827,0.13367214519530535,0.4843772128224373,0.0,0.0,0.0,0.0,0.0,18473,global,0.0
5,1,lr1e-04_bs16_drop0p4_temp1p0_a0p25_b0p05__wd1e-04trmiss0_degmodglobal,16,0.0001,0.0001,0.4,1.0,0.25,0.05,lr1e-04_bs16_drop0p4_temp1p0_a0p25_b0p05__wd1e-04trmiss0_degmodglobal,32,0.5319076627492905,0.6569473147392273,0.8,0.9134038800705468,0.7857142857142857,0.0,0.5036486834287643,0.485012449324131,0.1059435736387968,0.4081864655017853,0.0,0.0,0.0,0.0,0.0,18473,global,0.0
5,1,lr1e-04_bs16_drop0p4_temp1p0_a0p25_b0p05__wd1e-04trmiss0_degmodglobal,16,0.0001,0.0001,0.4,1.0,0.25,0.05,lr1e-04_bs16_drop0p4_temp1p0_a0p25_b0p05__wd1e-04trmiss0_degmodglobal,33,0.5588342100381851,0.6599418520927429,0.8,0.9134038800705468,0.7857142857142857,0.0,0.4888084679841995,0.5038152560591698,0.12921683676540852,0.45429471880197525,0.0,0.0,0.0,0.0,0.0,18473,global,0.0
5,1,lr1e-04_bs16_drop0p4_temp1p0_a0p25_b0p05__wd1e-04trmiss0_degmodglobal,16,0.0001,0.0001,0.4,1.0,0.25,0.05,lr1e-04_bs16_drop0p4_temp1p0_a0p25_b0p05__wd1e-04trmiss0_degmodglobal,34,0.6094907224178314,0.6628739833831787,0.7777777777777777,0.9053230719897387,0.7857142857142857,0.0,0.48159558326005936,0.5518544316291809,0.145229185000062,0.42657986283302307,0.0,0.0,0.0,0.0,0.0,18473,global,0.0
5,1,lr1e-04_bs16_drop0p4_temp1p0_a0p25_b0p05__wd1e-04trmiss0_degmodglobal,16,0.0001,0.0001,0.4,1.0,0.25,0.05,lr1e-04_bs16_drop0p4_temp1p0_a0p25_b0p05__wd1e-04trmiss0_degmodglobal,35,0.5989757776260376,0.6593856811523438,0.8,0.9134038800705468,0.7857142857142857,0.0,0.4755859300494194,0.5436808839440346,0.1443981919437647,0.38390690088272095,0.0,0.0,0.0,0.0,0.0,18473,global,0.0
5,1,lr1e-04_bs16_drop0p4_temp1p0_a0p25_b0p05__wd1e-04trmiss0_degmodglobal,16,0.0001,0.0001,0.4,1.0,0.25,0.05,lr1e-04_bs16_drop0p4_temp1p0_a0p25_b0p05__wd1e-04trmiss0_degmodglobal,36,0.6248743385076523,0.6665471196174622,0.7555555555555555,0.8966810966810967,0.7142857142857143,0.0,0.5054796785116196,0.5775375738739967,0.10838165879249573,0.4048270508646965,0.0,0.0,0.0,0.0,0.0,18473,global,0.0
5,1,lr1e-04_bs16_drop0p4_temp1p0_a0p25_b0p05__wd1e-04trmiss0_degmodglobal,16,0.0001,0.0001,0.4,1.0,0.25,0.05,lr1e-04_bs16_drop0p4_temp1p0_a0p25_b0p05__wd1e-04trmiss0_degmodglobal,37,0.5229494050145149,0.6660628318786621,0.711111111111111,0.8740740740740742,0.7142857142857143,0.0,0.49299658834934235,0.4770355895161629,0.10915968008339405,0.37247754633426666,0.0,0.0,0.0,0.0,0.0,18473,global,0.0
5,1,lr1e-04_bs16_drop0p4_temp1p0_a0p25_b0p05__wd1e-04trmiss0_degmodglobal,16,0.0001,0.0001,0.4,1.0,0.25,0.05,lr1e-04_bs16_drop0p4_temp1p0_a0p25_b0p05__wd1e-04trmiss0_degmodglobal,38,0.5991516336798668,0.6613362431526184,0.7555555555555555,0.8954415954415955,0.7142857142857143,0.0,0.5042281523346901,0.5543733686208725,0.10569275636225939,0.36710139736533165,0.0,0.0,0.0,0.0,0.0,18473,global,0.0
5,1,lr1e-04_bs16_drop0p4_temp1p0_a0p25_b0p05__wd1e-04trmiss0_degmodglobal,16,0.0001,0.0001,0.4,1.0,0.25,0.05,lr1e-04_bs16_drop0p4_temp1p0_a0p25_b0p05__wd1e-04trmiss0_degmodglobal,39,0.5338213071227074,0.6545418500900269,0.7555555555555555,0.8954415954415955,0.7142857142857143,0.0,0.4882100373506546,0.4927566945552826,0.09660915099084377,0.3382468894124031,0.0,0.0,0.0,0.0,0.0,18473,global,0.0
5,1,lr1e-04_bs16_drop0p4_temp2p0_a0p25_b0p05__wd1e-04trmiss0_degmodglobal,16,0.0001,0.0001,0.4,2.0,0.25,0.05,lr1e-04_bs16_drop0p4_temp2p0_a0p25_b0p05__wd1e-04trmiss0_degmodglobal,1,0.6915007829666138,0.6832354664802551,0.5333333333333333,0.7617623117623118,0.5,0.0,0.7492828071117401,0.6663848161697388,0.0584312379360199,0.2101631909608841,0.0,0.0,0.0,0.0,0.0,18473,global,0.0
5,1,lr1e-04_bs16_drop0p4_temp2p0_a0p25_b0p05__wd1e-04trmiss0_degmodglobal,16,0.0001,0.0001,0.4,2.0,0.25,0.05,lr1e-04_bs16_drop0p4_temp2p0_a0p25_b0p05__wd1e-04trmiss0_degmodglobal,2,0.6731311529874802,0.6894177198410034,0.4888888888888889,0.7425824175824176,0.5,0.0,0.6791427433490753,0.6522016674280167,0.05595103930681944,0.13883467577397823,0.0,0.0,0.0,0.0,0.0,18473,global,0.0
5,1,lr1e-04_bs16_drop0p4_temp2p0_a0p25_b0p05__wd1e-04trmiss0_degmodglobal,16,0.0001,0.0001,0.4,2.0,0.25,0.05,lr1e-04_bs16_drop0p4_temp2p0_a0p25_b0p05__wd1e-04trmiss0_degmodglobal,3,0.6391217112541199,0.6778469681739807,0.5777777777777777,0.802767602767603,0.5,0.0,0.7139437943696976,0.6150893270969391,0.050618491135537624,0.22755501233041286,0.0,0.0,0.0,0.0,0.0,18473,global,0.0
5,1,lr1e-04_bs16_drop0p4_temp2p0_a0p25_b0p05__wd1e-04trmiss0_degmodglobal,16,0.0001,0.0001,0.4,2.0,0.25,0.05,lr1e-04_bs16_drop0p4_temp2p0_a0p25_b0p05__wd1e-04trmiss0_degmodglobal,4,0.6171489059925079,0.6724070310592651,0.6,0.8249898249898251,0.5,0.0,0.7010086178779602,0.5863064080476761,0.06911817938089371,0.2712595537304878,0.0,0.0,0.0,0.0,0.0,18473,global,0.0
5,1,lr1e-04_bs16_drop0p4_temp2p0_a0p25_b0p05__wd1e-04trmiss0_degmodglobal,16,0.0001,0.0001,0.4,2.0,0.25,0.05,lr1e-04_bs16_drop0p4_temp2p0_a0p25_b0p05__wd1e-04trmiss0_degmodglobal,5,0.6603675931692123,0.6707602143287659,0.6,0.8249898249898251,0.5,0.0,0.7269417643547058,0.6210145950317383,0.09103483892977238,0.33188529312610626,0.0,0.0,0.0,0.0,0.0,18473,global,0.0
5,1,lr1e-04_bs16_drop0p4_temp2p0_a0p25_b0p05__wd1e-04trmiss0_degmodglobal,16,0.0001,0.0001,0.4,2.0,0.25,0.05,lr1e-04_bs16_drop0p4_temp2p0_a0p25_b0p05__wd1e-04trmiss0_degmodglobal,6,0.6043811738491058,0.6647135019302368,0.5777777777777777,0.802767602767603,0.5,0.0,0.6359689384698868,0.5794057101011276,0.05756826139986515,0.2116677276790142,0.0,0.0,0.0,0.0,0.0,18473,global,0.0
5,1,lr1e-04_bs16_drop0p4_temp2p0_a0p25_b0p05__wd1e-04trmiss0_degmodglobal,16,0.0001,0.0001,0.4,2.0,0.25,0.05,lr1e-04_bs16_drop0p4_temp2p0_a0p25_b0p05__wd1e-04trmiss0_degmodglobal,7,0.6082981377840042,0.665911078453064,0.5555555555555556,0.7935083435083436,0.5714285714285714,0.0,0.663256824016571,0.5830617398023605,0.06254762969911098,0.191990178078413,0.0,0.0,0.0,0.0,0.0,18473,global,0.0
5,1,lr1e-04_bs16_drop0p4_temp2p0_a0p25_b0p05__wd1e-04trmiss0_degmodglobal,16,0.0001,0.0001,0.4,2.0,0.25,0.05,lr1e-04_bs16_drop0p4_temp2p0_a0p25_b0p05__wd1e-04trmiss0_degmodglobal,8,0.6070512682199478,0.6660968065261841,0.5777777777777777,0.7808820808820811,0.5714285714285714,0.0,0.6394971758127213,0.5764704346656799,0.07154401764273643,0.25389624387025833,0.0,0.0,0.0,0.0,0.0,18473,global,0.0
5,1,lr1e-04_bs16_drop0p4_temp2p0_a0p25_b0p05__wd1e-04trmiss0_degmodglobal,16,0.0001,0.0001,0.4,2.0,0.25,0.05,lr1e-04_bs16_drop0p4_temp2p0_a0p25_b0p05__wd1e-04trmiss0_degmodglobal,9,0.5963214039802551,0.6647457480430603,0.5777777777777777,0.7786935286935288,0.5714285714285714,0.0,0.636337473988533,0.5689134746789932,0.0737138008698821,0.17959019728004932,0.0,0.0,0.0,0.0,0.0,18473,global,0.0
5,1,lr1e-04_bs16_drop0p4_temp2p0_a0p25_b0p05__wd1e-04trmiss0_degmodglobal,16,0.0001,0.0001,0.4,2.0,0.25,0.05,lr1e-04_bs16_drop0p4_temp2p0_a0p25_b0p05__wd1e-04trmiss0_degmodglobal,10,0.5701860934495926,0.646930456161499,0.7111111111111111,0.8622895622895626,0.5714285714285714,0.0,0.6559676676988602,0.5388193726539612,0.07860657200217247,0.23430155590176582,0.0,0.0,0.0,0.0,0.0,18473,global,0.0
5,1,lr1e-04_bs16_drop0p4_temp2p0_a0p25_b0p05__wd1e-04trmiss0_degmodglobal,16,0.0001,0.0001,0.4,2.0,0.25,0.05,lr1e-04_bs16_drop0p4_temp2p0_a0p25_b0p05__wd1e-04trmiss0_degmodglobal,11,0.6129232048988342,0.6398410797119141,0.7555555555555556,0.8817340067340069,0.5714285714285714,0.0,0.6149667650461197,0.5850045382976532,0.06952247023582458,0.21076161786913872,0.0,0.0,0.0,0.0,0.0,18473,global,0.0
5,1,lr1e-04_bs16_drop0p4_temp2p0_a0p25_b0p05__wd1e-04trmiss0_degmodglobal,16,0.0001,0.0001,0.4,2.0,0.25,0.05,lr1e-04_bs16_drop0p4_temp2p0_a0p25_b0p05__wd1e-04trmiss0_degmodglobal,12,0.6141114383935928,0.6233309507369995,0.8666666666666667,0.9479717813051147,0.6428571428571429,0.0,0.6263075023889542,0.5820750594139099,0.0767371328547597,0.2570422366261482,0.0,0.0,0.0,0.0,0.0,18473,global,0.0
5,1,lr1e-04_bs16_drop0p4_temp2p0_a0p25_b0p05__wd1e-04trmiss0_degmodglobal,16,0.0001,0.0001,0.4,2.0,0.25,0.05,lr1e-04_bs16_drop0p4_temp2p0_a0p25_b0p05__wd1e-04trmiss0_degmodglobal,13,0.5801093429327011,0.6256479620933533,0.8666666666666666,0.9361111111111113,0.6428571428571429,0.0,0.6350181549787521,0.5545271635055542,0.06407392676919699,0.19127365201711655,0.0,0.0,0.0,0.0,0.0,18473,global,0.0
5,1,lr1e-04_bs16_drop0p4_temp2p0_a0p25_b0p05__wd1e-04trmiss0_degmodglobal,16,0.0001,0.0001,0.4,2.0,0.25,0.05,lr1e-04_bs16_drop0p4_temp2p0_a0p25_b0p05__wd1e-04trmiss0_degmodglobal,14,0.5728444457054138,0.6329367756843567,0.8666666666666666,0.9361111111111113,0.6428571428571429,0.0,0.6251873970031738,0.5469352602958679,0.0637091863900423,0.19963784143328667,0.0,0.0,0.0,0.0,0.0,18473,global,0.0
5,1,lr1e-04_bs16_drop0p4_temp2p0_a0p25_b0p05__wd1e-04trmiss0_degmodglobal,16,0.0001,0.0001,0.4,2.0,0.25,0.05,lr1e-04_bs16_drop0p4_temp2p0_a0p25_b0p05__wd1e-04trmiss0_degmodglobal,15,0.581604927778244,0.6638695597648621,0.6666666666666666,0.8564713064713065,0.5714285714285714,0.0,0.6000360399484634,0.5577287971973419,0.0607039462774992,0.17400310933589935,0.0,0.0,0.0,0.0,0.0,18473,global,0.0
5,1,lr1e-04_bs16_drop0p4_temp2p0_a0p25_b0p05__wd1e-04trmiss0_degmodglobal,16,0.0001,0.0001,0.4,2.0,0.25,0.05,lr1e-04_bs16_drop0p4_temp2p0_a0p25_b0p05__wd1e-04trmiss0_degmodglobal,16,0.6091928482055664,0.666978657245636,0.6444444444444445,0.8278980278980279,0.7142857142857143,0.0,0.6154242306947708,0.5859900116920471,0.05884969234466553,0.16980831511318684,0.0,0.0,0.0,0.0,0.0,18473,global,0.0
5,1,lr1e-04_bs16_drop0p4_temp2p0_a0p25_b0p05__wd1e-04trmiss0_degmodglobal,16,0.0001,0.0001,0.4,2.0,0.25,0.05,lr1e-04_bs16_drop0p4_temp2p0_a0p25_b0p05__wd1e-04trmiss0_degmodglobal,17,0.5702569633722305,0.6902333498001099,0.4444444444444444,0.7009980759980761,0.5,0.0,0.5788202434778214,0.5456079542636871,0.06452116090804338,0.17037446424365044,0.0,0.0,0.0,0.0,0.0,18473,global,0.0
5,1,lr1e-04_bs16_drop0p4_temp2p0_a0p25_b0p05__wd1e-04trmiss0_degmodglobal,16,0.0001,0.0001,0.4,2.0,0.25,0.05,lr1e-04_bs16_drop0p4_temp2p0_a0p25_b0p05__wd1e-04trmiss0_degmodglobal,18,0.5437974780797958,0.6804574131965637,0.4444444444444444,0.7136523969857302,0.42857142857142855,0.0,0.5871753245592117,0.5193043649196625,0.06233403738588095,0.17819209396839142,0.0,0.0,0.0,0.0,0.0,18473,global,0.0
5,1,lr1e-04_bs16_drop0p4_temp2p0_a0p25_b0p05__wd1e-04trmiss0_degmodglobal,16,0.0001,0.0001,0.4,2.0,0.25,0.05,lr1e-04_bs16_drop0p4_temp2p0_a0p25_b0p05__wd1e-04trmiss0_degmodglobal,19,0.5806685388088226,0.6726825833320618,0.4888888888888888,0.7520121853455188,0.42857142857142855,0.0,0.648106649518013,0.5599225237965584,0.052891948726028204,0.15046033076941967,0.0,0.0,0.0,0.0,0.0,18473,global,0.0
5,1,lr1e-04_bs16_drop0p4_temp2p0_a0p25_b0p05__wd1e-04trmiss0_degmodglobal,16,0.0001,0.0001,0.4,2.0,0.25,0.05,lr1e-04_bs16_drop0p4_temp2p0_a0p25_b0p05__wd1e-04trmiss0_degmodglobal,20,0.5601000636816025,0.6719719767570496,0.4888888888888888,0.7520121853455188,0.42857142857142855,0.0,0.5869866460561752,0.5407854318618774,0.05010022595524788,0.13579100696370006,0.0,0.0,0.0,0.0,0.0,18473,global,0.0
5,1,lr1e-04_bs16_drop0p4_temp2p0_a0p25_b0p05__wd1e-04trmiss0_degmodglobal,16,0.0001,0.0001,0.4,2.0,0.25,0.05,lr1e-04_bs16_drop0p4_temp2p0_a0p25_b0p05__wd1e-04trmiss0_degmodglobal,21,0.5231028273701668,0.666109025478363,0.5333333333333333,0.7745430495430496,0.6428571428571429,0.0,0.594829186797142,0.49827348440885544,0.06693928968161345,0.1618904545903206,0.0,0.0,0.0,0.0,0.0,18473,global,0.0
5,1,lr1e-04_bs16_drop0p4_temp2p0_a0p25_b0p05__wd1e-04trmiss0_degmodglobal,16,0.0001,0.0001,0.4,2.0,0.25,0.05,lr1e-04_bs16_drop0p4_temp2p0_a0p25_b0p05__wd1e-04trmiss0_degmodglobal,22,0.5506652742624283,0.6591503024101257,0.6,0.7908609908609909,0.6428571428571429,0.0,0.5743838846683502,0.5244452506303787,0.0701646227389574,0.17357738316059113,0.0,0.0,0.0,0.0,0.0,18473,global,0.0
5,1,lr1e-04_bs16_drop0p4_temp2p0_a0p25_b0p05__wd1e-04trmiss0_degmodglobal,16,0.0001,0.0001,0.4,2.0,0.25,0.05,lr1e-04_bs16_drop0p4_temp2p0_a0p25_b0p05__wd1e-04trmiss0_degmodglobal,23,0.5688013136386871,0.660180926322937,0.5777777777777777,0.7841269841269842,0.6428571428571429,0.0,0.5896241068840027,0.538797490298748,0.07184446882456541,0.24085381627082825,0.0,0.0,0.0,0.0,0.0,18473,global,0.0
5,1,lr1e-04_bs16_drop0p4_temp2p0_a0p25_b0p05__wd1e-04trmiss0_degmodglobal,16,0.0001,0.0001,0.4,2.0,0.25,0.05,lr1e-04_bs16_drop0p4_temp2p0_a0p25_b0p05__wd1e-04trmiss0_degmodglobal,24,0.5497962832450867,0.6590402126312256,0.6,0.7908609908609909,0.6428571428571429,0.0,0.5939624756574631,0.524228148162365,0.06122160889208317,0.20525458827614784,0.0,0.0,0.0,0.0,0.0,18473,global,0.0
5,1,lr1e-04_bs16_drop0p4_temp2p0_a0p25_b0p05__wd1e-04trmiss0_degmodglobal,16,0.0001,0.0001,0.4,2.0,0.25,0.05,lr1e-04_bs16_drop0p4_temp2p0_a0p25_b0p05__wd1e-04trmiss0_degmodglobal,25,0.537676103413105,0.658220648765564,0.6,0.7908609908609909,0.7142857142857143,0.0,0.5870125889778137,0.5115315839648247,0.064793536439538,0.19892250280827284,0.0,0.0,0.0,0.0,0.0,18473,global,0.0
5,1,lr1e-04_bs16_drop0p4_temp2p0_a0p25_b0p05__wd1e-04trmiss0_degmodglobal,16,0.0001,0.0001,0.4,2.0,0.25,0.05,lr1e-04_bs16_drop0p4_temp2p0_a0p25_b0p05__wd1e-04trmiss0_degmodglobal,26,0.573916420340538,0.6555287837982178,0.6,0.7908609908609909,0.7142857142857143,0.0,0.6090917736291885,0.5521136671304703,0.05615201825276017,0.1552953403443098,0.0,0.0,0.0,0.0,0.0,18473,global,0.0
5,1,lr1e-04_bs16_drop0p4_temp2p0_a0p25_b0p05__wd1e-04trmiss0_degmodglobal,16,0.0001,0.0001,0.4,2.0,0.25,0.05,lr1e-04_bs16_drop0p4_temp2p0_a0p25_b0p05__wd1e-04trmiss0_degmodglobal,27,0.5566887110471725,0.6564764976501465,0.6,0.7908609908609909,0.7142857142857143,0.0,0.6279308050870895,0.5349629819393158,0.04785127006471157,0.19525830820202827,0.0,0.0,0.0,0.0,0.0,18473,global,0.0
5,1,lr1e-04_bs16_drop0p4_temp2p0_a0p25_b0p05__wd1e-04trmiss0_degmodglobal,16,0.0001,0.0001,0.4,2.0,0.25,0.05,lr1e-04_bs16_drop0p4_temp2p0_a0p25_b0p05__wd1e-04trmiss0_degmodglobal,28,0.5367188155651093,0.6531063318252563,0.6222222222222222,0.8001202501202502,0.7142857142857143,0.0,0.5749651342630386,0.5157825648784637,0.05272748274728656,0.15508829429745674,0.0,0.0,0.0,0.0,0.0,18473,global,0.0
5,1,lr1e-04_bs16_drop0p4_temp2p0_a0p25_b0p05__wd1e-04trmiss0_degmodglobal,16,0.0001,0.0001,0.4,2.0,0.25,0.05,lr1e-04_bs16_drop0p4_temp2p0_a0p25_b0p05__wd1e-04trmiss0_degmodglobal,29,0.5424216091632843,0.6504619717597961,0.6666666666666666,0.8142567309233977,0.7142857142857143,0.0,0.544932410120964,0.5225990116596222,0.04775654477998614,0.1576695740222931,0.0,0.0,0.0,0.0,0.0,18473,global,0.0
5,1,lr1e-04_bs16_drop0p4_temp2p0_a0p25_b0p05__wd1e-04trmiss0_degmodglobal,16,0.0001,0.0001,0.4,2.0,0.25,0.05,lr1e-04_bs16_drop0p4_temp2p0_a0p25_b0p05__wd1e-04trmiss0_degmodglobal,30,0.5696629285812378,0.647454559803009,0.6888888888888889,0.8290715457382125,0.7142857142857143,0.0,0.5772290080785751,0.5533459782600403,0.04304850520566106,0.11109613999724388,0.0,0.0,0.0,0.0,0.0,18473,global,0.0
5,1,lr1e-04_bs16_drop0p4_temp2p0_a0p25_b0p05__wd1e-04trmiss0_degmodglobal,16,0.0001,0.0001,0.4,2.0,0.25,0.05,lr1e-04_bs16_drop0p4_temp2p0_a0p25_b0p05__wd1e-04trmiss0_degmodglobal,31,0.5425974875688553,0.6458215117454529,0.7111111111111111,0.8371523538190206,0.7142857142857143,0.0,0.5457255989313126,0.5198033228516579,0.05851516965776682,0.16330734081566334,0.0,0.0,0.0,0.0,0.0,18473,global,0.0
5,1,lr1e-04_bs16_drop0p4_temp2p0_a0p25_b0p05__wd1e-04trmiss0_degmodglobal,16,0.0001,0.0001,0.4,2.0,0.25,0.05,lr1e-04_bs16_drop0p4_temp2p0_a0p25_b0p05__wd1e-04trmiss0_degmodglobal,32,0.5671304911375046,0.6501107215881348,0.7111111111111111,0.8371523538190206,0.7142857142857143,0.0,0.5764944553375244,0.5422502756118774,0.07861377857625484,0.10453547537326813,0.0,0.0,0.0,0.0,0.0,18473,global,0.0
5,1,lr5e-05_bs16_drop0p2_temp1p0_a0p25_b0p05__wd1e-04trmiss0_degmodglobal,16,5e-05,0.0001,0.2,1.0,0.25,0.05,lr5e-05_bs16_drop0p2_temp1p0_a0p25_b0p05__wd1e-04trmiss0_degmodglobal,1,0.7312960475683212,0.712263286113739,0.2666666666666666,0.5334326167659501,0.21428571428571427,0.0,0.6788080036640167,0.7115192413330078,0.044177221134305,0.17465022951364517,0.0,0.0,0.0,0.0,0.0,18473,global,0.0
5,1,lr5e-05_bs16_drop0p2_temp1p0_a0p25_b0p05__wd1e-04trmiss0_degmodglobal,16,5e-05,0.0001,0.2,1.0,0.25,0.05,lr5e-05_bs16_drop0p2_temp1p0_a0p25_b0p05__wd1e-04trmiss0_degmodglobal,2,0.7415273487567902,0.7075874209403992,0.3333333333333333,0.5617394950728285,0.2857142857142857,0.0,0.6580272912979126,0.7206741571426392,0.04537832224741578,0.1901722177863121,0.0,0.0,0.0,0.0,0.0,18473,global,0.0
5,1,lr5e-05_bs16_drop0p2_temp1p0_a0p25_b0p05__wd1e-04trmiss0_degmodglobal,16,5e-05,0.0001,0.2,1.0,0.25,0.05,lr5e-05_bs16_drop0p2_temp1p0_a0p25_b0p05__wd1e-04trmiss0_degmodglobal,3,0.6958873718976974,0.7072102427482605,0.31111111111111106,0.5538029871363206,0.35714285714285715,0.0,0.6199513077735901,0.6758846789598465,0.04714280739426613,0.16434015706181526,0.0,0.0,0.0,0.0,0.0,18473,global,0.0
5,1,lr5e-05_bs16_drop0p2_temp1p0_a0p25_b0p05__wd1e-04trmiss0_degmodglobal,16,5e-05,0.0001,0.2,1.0,0.25,0.05,lr5e-05_bs16_drop0p2_temp1p0_a0p25_b0p05__wd1e-04trmiss0_degmodglobal,4,0.7171936631202698,0.7044626474380493,0.3555555555555555,0.5728506061839396,0.35714285714285715,0.0,0.6083569228649139,0.6944604367017746,0.05284562334418297,0.19043657183647156,0.0,0.0,0.0,0.0,0.0,18473,global,0.0
5,1,lr5e-05_bs16_drop0p2_temp1p0_a0p25_b0p05__wd1e-04trmiss0_degmodglobal,16,5e-05,0.0001,0.2,1.0,0.25,0.05,lr5e-05_bs16_drop0p2_temp1p0_a0p25_b0p05__wd1e-04trmiss0_degmodglobal,5,0.7142591327428818,0.7068566083908081,0.37777777777777777,0.58343261676595,0.35714285714285715,0.0,0.6122140884399414,0.6884224116802216,0.056502790190279484,0.23422016203403473,0.0,0.0,0.0,0.0,0.0,18473,global,0.0
5,1,lr5e-05_bs16_drop0p2_temp1p0_a0p25_b0p05__wd1e-04trmiss0_degmodglobal,16,5e-05,0.0001,0.2,1.0,0.25,0.05,lr5e-05_bs16_drop0p2_temp1p0_a0p25_b0p05__wd1e-04trmiss0_degmodglobal,6,0.7114445120096207,0.7047215104103088,0.39999999999999997,0.5911486661486662,0.35714285714285715,0.0,0.5968979597091675,0.6875895708799362,0.05828204471617937,0.18568839877843857,0.0,0.0,0.0,0.0,0.0,18473,global,0.0
5,1,lr5e-05_bs16_drop0p2_temp1p0_a0p25_b0p05__wd1e-04trmiss0_degmodglobal,16,5e-05,0.0001,0.2,1.0,0.25,0.05,lr5e-05_bs16_drop0p2_temp1p0_a0p25_b0p05__wd1e-04trmiss0_degmodglobal,7,0.6854636073112488,0.7019848227500916,0.4666666666666666,0.6123607873607875,0.35714285714285715,0.0,0.5710717737674713,0.6599445641040802,0.05961448326706886,0.21230849996209145,0.0,0.0,0.0,0.0,0.0,18473,global,0.0
5,1,lr5e-05_bs16_drop0p2_temp1p0_a0p25_b0p05__wd1e-04trmiss0_degmodglobal,16,5e-05,0.0001,0.2,1.0,0.25,0.05,lr5e-05_bs16_drop0p2_temp1p0_a0p25_b0p05__wd1e-04trmiss0_degmodglobal,8,0.6730986982584,0.6973457932472229,0.5333333333333333,0.637950937950938,0.42857142857142855,0.0,0.5786474347114563,0.6453357338905334,0.06391548737883568,0.23568164184689522,0.0,0.0,0.0,0.0,0.0,18473,global,0.0
5,1,lr5e-05_bs16_drop0p2_temp1p0_a0p25_b0p05__wd1e-04trmiss0_degmodglobal,16,5e-05,0.0001,0.2,1.0,0.25,0.05,lr5e-05_bs16_drop0p2_temp1p0_a0p25_b0p05__wd1e-04trmiss0_degmodglobal,9,0.6907447576522827,0.692787230014801,0.6,0.6622494789161455,0.5,0.0,0.5502866953611374,0.6615205556154251,0.06580008193850517,0.25548384338617325,0.0,0.0,0.0,0.0,0.0,18473,global,0.0
5,1,lr5e-05_bs16_drop0p2_temp1p0_a0p25_b0p05__wd1e-04trmiss0_degmodglobal,16,5e-05,0.0001,0.2,1.0,0.25,0.05,lr5e-05_bs16_drop0p2_temp1p0_a0p25_b0p05__wd1e-04trmiss0_degmodglobal,10,0.6638940721750259,0.6885588765144348,0.5555555555555556,0.64659291325958,0.5,0.0,0.5512443035840988,0.6388809382915497,0.057269916869699955,0.2139132097363472,0.0,0.0,0.0,0.0,0.0,18473,global,0.0
5,1,lr5e-05_bs16_drop0p2_temp1p0_a0p25_b0p05__wd1e-04trmiss0_degmodglobal,16,5e-05,0.0001,0.2,1.0,0.25,0.05,lr5e-05_bs16_drop0p2_temp1p0_a0p25_b0p05__wd1e-04trmiss0_degmodglobal,11,0.6605793684720993,0.6844707727432251,0.6444444444444444,0.7762225428892096,0.5,0.0,0.5623540431261063,0.6338208168745041,0.06265501491725445,0.2218957357108593,0.0,0.0,0.0,0.0,0.0,18473,global,0.0
5,1,lr5e-05_bs16_drop0p2_temp1p0_a0p25_b0p05__wd1e-04trmiss0_degmodglobal,16,5e-05,0.0001,0.2,1.0,0.25,0.05,lr5e-05_bs16_drop0p2_temp1p0_a0p25_b0p05__wd1e-04trmiss0_degmodglobal,12,0.6651243716478348,0.684575617313385,0.6222222222222222,0.7391855058521726,0.5,0.0,0.5574810057878494,0.6360680162906647,0.07020029984414577,0.23012587055563927,0.0,0.0,0.0,0.0,0.0,18473,global,0.0
5,1,lr5e-05_bs16_drop0p2_temp1p0_a0p25_b0p05__wd1e-04trmiss0_degmodglobal,16,5e-05,0.0001,0.2,1.0,0.25,0.05,lr5e-05_bs16_drop0p2_temp1p0_a0p25_b0p05__wd1e-04trmiss0_degmodglobal,13,0.6611031740903854,0.6906530261039734,0.5555555555555556,0.64659291325958,0.42857142857142855,0.0,0.5379229635000229,0.6396628469228745,0.04938305402174592,0.1818915419280529,0.0,0.0,0.0,0.0,0.0,18473,global,0.0
5,1,lr5e-05_bs16_drop0p2_temp1p0_a0p25_b0p05__wd1e-04trmiss0_degmodglobal,16,5e-05,0.0001,0.2,1.0,0.25,0.05,lr5e-05_bs16_drop0p2_temp1p0_a0p25_b0p05__wd1e-04trmiss0_degmodglobal,14,0.6383770406246185,0.6855602860450745,0.5777777777777777,0.6546737213403881,0.42857142857142855,0.0,0.5576637834310532,0.615039736032486,0.05076569225639105,0.21291779354214668,0.0,0.0,0.0,0.0,0.0,18473,global,0.0
5,1,lr5e-05_bs16_drop0p2_temp1p0_a0p25_b0p05__wd1e-04trmiss0_degmodglobal,16,5e-05,0.0001,0.2,1.0,0.25,0.05,lr5e-05_bs16_drop0p2_temp1p0_a0p25_b0p05__wd1e-04trmiss0_degmodglobal,15,0.6451710313558578,0.676635205745697,0.5777777777777777,0.6546737213403881,0.5714285714285714,0.0,0.513706661760807,0.6190207898616791,0.05929066240787506,0.22655128687620163,0.0,0.0,0.0,0.0,0.0,18473,global,0.0
5,1,lr5e-05_bs16_drop0p2_temp1p0_a0p25_b0p05__wd1e-04trmiss0_degmodglobal,16,5e-05,0.0001,0.2,1.0,0.25,0.05,lr5e-05_bs16_drop0p2_temp1p0_a0p25_b0p05__wd1e-04trmiss0_degmodglobal,16,0.6838763505220413,0.6711567044258118,0.5777777777777777,0.6546737213403881,0.6428571428571429,0.0,0.5300794690847397,0.6506461948156357,0.07276486326009035,0.30077872425317764,0.0,0.0,0.0,0.0,0.0,18473,global,0.0
5,1,lr5e-05_bs16_drop0p2_temp1p0_a0p25_b0p05__wd1e-04trmiss0_degmodglobal,16,5e-05,0.0001,0.2,1.0,0.25,0.05,lr5e-05_bs16_drop0p2_temp1p0_a0p25_b0p05__wd1e-04trmiss0_degmodglobal,17,0.6546997576951981,0.6713072657585144,0.5777777777777777,0.6546737213403881,0.7142857142857143,0.0,0.5198608785867691,0.6110614687204361,0.09892396256327629,0.37814583629369736,0.0,0.0,0.0,0.0,0.0,18473,global,0.0
5,1,lr5e-05_bs16_drop0p2_temp1p0_a0p25_b0p05__wd1e-04trmiss0_degmodglobal,16,5e-05,0.0001,0.2,1.0,0.25,0.05,lr5e-05_bs16_drop0p2_temp1p0_a0p25_b0p05__wd1e-04trmiss0_degmodglobal,18,0.6410277187824249,0.6686584949493408,0.6,0.6622494789161455,0.7142857142857143,0.0,0.5162386000156403,0.6184719204902649,0.05137849133461714,0.19422326236963272,0.0,0.0,0.0,0.0,0.0,18473,global,0.0
5,1,lr5e-05_bs16_drop0p2_temp1p0_a0p25_b0p05__wd1e-04trmiss0_degmodglobal,16,5e-05,0.0001,0.2,1.0,0.25,0.05,lr5e-05_bs16_drop0p2_temp1p0_a0p25_b0p05__wd1e-04trmiss0_degmodglobal,19,0.6311908662319183,0.672627866268158,0.5777777777777777,0.6546737213403881,0.6428571428571429,0.0,0.5062614306807518,0.6089721024036407,0.05601267330348492,0.16431188955903053,0.0,0.0,0.0,0.0,0.0,18473,global,0.0
5,1,lr5e-05_bs16_drop0p2_temp1p0_a0p25_b0p05__wd1e-04trmiss0_degmodglobal,16,5e-05,0.0001,0.2,1.0,0.25,0.05,lr5e-05_bs16_drop0p2_temp1p0_a0p25_b0p05__wd1e-04trmiss0_degmodglobal,20,0.614275723695755,0.6747097373008728,0.5777777777777777,0.6546737213403881,0.6428571428571429,0.0,0.5222418680787086,0.5939087271690369,0.04797899816185236,0.1674449760466814,0.0,0.0,0.0,0.0,0.0,18473,global,0.0
5,1,lr5e-05_bs16_drop0p2_temp1p0_a0p25_b0p05__wd1e-04trmiss0_degmodglobal,16,5e-05,0.0001,0.2,1.0,0.25,0.05,lr5e-05_bs16_drop0p2_temp1p0_a0p25_b0p05__wd1e-04trmiss0_degmodglobal,21,0.6480937004089355,0.6680235266685486,0.5777777777777777,0.6546737213403881,0.7142857142857143,0.0,0.5064928904175758,0.6208239048719406,0.06454703398048878,0.2226603962481022,0.0,0.0,0.0,0.0,0.0,18473,global,0.0
5,1,lr5e-05_bs16_drop0p2_temp1p0_a0p25_b0p05__wd1e-04trmiss0_degmodglobal,16,5e-05,0.0001,0.2,1.0,0.25,0.05,lr5e-05_bs16_drop0p2_temp1p0_a0p25_b0p05__wd1e-04trmiss0_degmodglobal,22,0.6026697009801865,0.6650606989860535,0.5777777777777777,0.6546737213403881,0.7142857142857143,0.0,0.4756971672177315,0.5795500427484512,0.0570111908018589,0.17733688279986382,0.0,0.0,0.0,0.0,0.0,18473,global,0.0
5,1,lr5e-05_bs16_drop0p2_temp1p0_a0p25_b0p05__wd1e-04trmiss0_degmodglobal,16,5e-05,0.0001,0.2,1.0,0.25,0.05,lr5e-05_bs16_drop0p2_temp1p0_a0p25_b0p05__wd1e-04trmiss0_degmodglobal,23,0.6151845157146454,0.6642959117889404,0.5777777777777777,0.6546737213403881,0.7142857142857143,0.0,0.5013978555798531,0.5941818207502365,0.05040636379271746,0.16802240163087845,0.0,0.0,0.0,0.0,0.0,18473,global,0.0
5,1,lr5e-05_bs16_drop0p2_temp1p0_a0p25_b0p05__wd1e-04trmiss0_degmodglobal,16,5e-05,0.0001,0.2,1.0,0.25,0.05,lr5e-05_bs16_drop0p2_temp1p0_a0p25_b0p05__wd1e-04trmiss0_degmodglobal,24,0.5948084443807602,0.6669442057609558,0.6,0.6622494789161455,0.6428571428571429,0.0,0.5008644610643387,0.5766428858041763,0.04224855452775955,0.15206794254481792,0.0,0.0,0.0,0.0,0.0,18473,global,0.0
5,1,lr5e-05_bs16_drop0p2_temp1p0_a0p25_b0p05__wd1e-04trmiss0_degmodglobal,16,5e-05,0.0001,0.2,1.0,0.25,0.05,lr5e-05_bs16_drop0p2_temp1p0_a0p25_b0p05__wd1e-04trmiss0_degmodglobal,25,0.5973779708147049,0.6661481857299805,0.6222222222222222,0.6807679974346641,0.7142857142857143,0.0,0.4837601035833359,0.5770460069179535,0.0493089584633708,0.16009464859962463,0.0,0.0,0.0,0.0,0.0,18473,global,0.0
5,1,lr5e-05_bs16_drop0p2_temp1p0_a0p25_b0p05__wd1e-04trmiss0_degmodglobal,16,5e-05,0.0001,0.2,1.0,0.25,0.05,lr5e-05_bs16_drop0p2_temp1p0_a0p25_b0p05__wd1e-04trmiss0_degmodglobal,26,0.6269422471523285,0.6690629124641418,0.6222222222222222,0.6807679974346641,0.7142857142857143,0.0,0.4873848184943199,0.6023920178413391,0.05758681986480951,0.20307079702615738,0.0,0.0,0.0,0.0,0.0,18473,global,0.0
5,1,lr5e-05_bs16_drop0p2_temp1p0_a0p25_b0p05__wd1e-04trmiss0_degmodglobal,16,5e-05,0.0001,0.2,1.0,0.25,0.05,lr5e-05_bs16_drop0p2_temp1p0_a0p25_b0p05__wd1e-04trmiss0_degmodglobal,27,0.6371017545461655,0.6722096800804138,0.6,0.6622494789161455,0.7142857142857143,0.0,0.5146919190883636,0.6098235845565796,0.06481733499094844,0.2214763667434454,0.0,0.0,0.0,0.0,0.0,18473,global,0.0
5,1,lr5e-05_bs16_drop0p2_temp1p0_a0p25_b0p05__wd1e-04trmiss0_degmodglobal,16,5e-05,0.0001,0.2,1.0,0.25,0.05,lr5e-05_bs16_drop0p2_temp1p0_a0p25_b0p05__wd1e-04trmiss0_degmodglobal,28,0.6074394583702087,0.6681179404258728,0.6444444444444444,0.7363235529902197,0.7142857142857143,0.0,0.5058092027902603,0.5868871361017227,0.048184347338974476,0.17012469097971916,0.0,0.0,0.0,0.0,0.0,18473,global,0.0
5,1,lr5e-05_bs16_drop0p2_temp1p0_a0p25_b0p05__wd1e-04trmiss0_degmodglobal,16,5e-05,0.0001,0.2,1.0,0.25,0.05,lr5e-05_bs16_drop0p2_temp1p0_a0p25_b0p05__wd1e-04trmiss0_degmodglobal,29,0.626563772559166,0.6566107869148254,0.711111111111111,0.8085457752124419,0.7142857142857143,0.0,0.5080232322216034,0.5965356677770615,0.07020630780607462,0.24953077733516693,0.0,0.0,0.0,0.0,0.0,18473,global,0.0
5,1,lr5e-05_bs16_drop0p2_temp1p0_a0p25_b0p05__wd1e-04trmiss0_degmodglobal,16,5e-05,0.0001,0.2,1.0,0.25,0.05,lr5e-05_bs16_drop0p2_temp1p0_a0p25_b0p05__wd1e-04trmiss0_degmodglobal,30,0.5931039899587631,0.6555952429771423,0.6888888888888889,0.7918791085457753,0.7142857142857143,0.0,0.5007607340812683,0.5725159049034119,0.0583563381806016,0.11998038273304701,0.0,0.0,0.0,0.0,0.0,18473,global,0.0
5,1,lr5e-05_bs16_drop0p2_temp1p0_a0p25_b0p05__wd1e-04trmiss0_degmodglobal,16,5e-05,0.0001,0.2,1.0,0.25,0.05,lr5e-05_bs16_drop0p2_temp1p0_a0p25_b0p05__wd1e-04trmiss0_degmodglobal,31,0.591618537902832,0.6542391180992126,0.6888888888888889,0.7918791085457753,0.7142857142857143,0.0,0.475522018969059,0.5660769939422607,0.06867028679698706,0.16747990623116493,0.0,0.0,0.0,0.0,0.0,18473,global,0.0
5,1,lr5e-05_bs16_drop0p2_temp1p0_a0p25_b0p05__wd1e-04trmiss0_degmodglobal,16,5e-05,0.0001,0.2,1.0,0.25,0.05,lr5e-05_bs16_drop0p2_temp1p0_a0p25_b0p05__wd1e-04trmiss0_degmodglobal,32,0.5969405174255371,0.6525483131408691,0.6888888888888889,0.7918791085457753,0.7142857142857143,0.0,0.4731154143810272,0.5705922991037369,0.07168642431497574,0.1685324814170599,0.0,0.0,0.0,0.0,0.0,18473,global,0.0
5,1,lr5e-05_bs16_drop0p2_temp1p0_a0p25_b0p05__wd1e-04trmiss0_degmodglobal,16,5e-05,0.0001,0.2,1.0,0.25,0.05,lr5e-05_bs16_drop0p2_temp1p0_a0p25_b0p05__wd1e-04trmiss0_degmodglobal,33,0.6305882781744003,0.650700569152832,0.6888888888888889,0.7918791085457753,0.7142857142857143,0.0,0.4911158084869385,0.5993897765874863,0.07192310132086277,0.26435428112745285,0.0,0.0,0.0,0.0,0.0,18473,global,0.0
5,1,lr5e-05_bs16_drop0p2_temp1p0_a0p25_b0p05__wd1e-04trmiss0_degmodglobal,16,5e-05,0.0001,0.2,1.0,0.25,0.05,lr5e-05_bs16_drop0p2_temp1p0_a0p25_b0p05__wd1e-04trmiss0_degmodglobal,34,0.6018012166023254,0.6508274078369141,0.6888888888888889,0.7918791085457753,0.7857142857142857,0.0,0.49660933017730713,0.5757640898227692,0.06825837772339582,0.17945094779133797,0.0,0.0,0.0,0.0,0.0,18473,global,0.0
5,1,lr5e-05_bs16_drop0p2_temp1p0_a0p25_b0p05__wd1e-04trmiss0_degmodglobal,16,5e-05,0.0001,0.2,1.0,0.25,0.05,lr5e-05_bs16_drop0p2_temp1p0_a0p25_b0p05__wd1e-04trmiss0_degmodglobal,35,0.6062257438898087,0.6532249450683594,0.6666666666666666,0.754842071508738,0.7142857142857143,0.0,0.45357611775398254,0.5720587223768234,0.08763074968010187,0.24518641829490662,0.0,0.0,0.0,0.0,0.0,18473,global,0.0
5,1,lr5e-05_bs16_drop0p2_temp1p0_a0p25_b0p05__wd1e-04trmiss0_degmodglobal,16,5e-05,0.0001,0.2,1.0,0.25,0.05,lr5e-05_bs16_drop0p2_temp1p0_a0p25_b0p05__wd1e-04trmiss0_degmodglobal,36,0.5914647728204727,0.6533929109573364,0.6444444444444444,0.7363235529902197,0.7857142857142857,0.0,0.47094129770994186,0.5615179538726807,0.07717780396342278,0.21304765716195107,0.0,0.0,0.0,0.0,0.0,18473,global,0.0
5,1,lr5e-05_bs16_drop0p2_temp1p0_a0p25_b0p05__wd1e-04trmiss0_degmodglobal,16,5e-05,0.0001,0.2,1.0,0.25,0.05,lr5e-05_bs16_drop0p2_temp1p0_a0p25_b0p05__wd1e-04trmiss0_degmodglobal,37,0.6105818301439285,0.6645137667655945,0.6,0.6622494789161455,0.7142857142857143,0.0,0.5027403235435486,0.5842478275299072,0.07028407882899046,0.17525950958952308,0.0,0.0,0.0,0.0,0.0,18473,global,0.0
5,1,lr5e-05_bs16_drop0p2_temp1p0_a0p25_b0p05__wd1e-04trmiss0_degmodglobal,16,5e-05,0.0001,0.2,1.0,0.25,0.05,lr5e-05_bs16_drop0p2_temp1p0_a0p25_b0p05__wd1e-04trmiss0_degmodglobal,38,0.6013846099376678,0.6638664603233337,0.6,0.6622494789161455,0.7857142857142857,0.0,0.49056265503168106,0.5741981416940689,0.06801862921565771,0.20363635011017323,0.0,0.0,0.0,0.0,0.0,18473,global,0.0
5,1,lr5e-05_bs16_drop0p2_temp1p0_a0p25_b0p05__wd1e-04trmiss0_degmodglobal,16,5e-05,0.0001,0.2,1.0,0.25,0.05,lr5e-05_bs16_drop0p2_temp1p0_a0p25_b0p05__wd1e-04trmiss0_degmodglobal,39,0.5875595659017563,0.6568154096603394,0.6,0.6622494789161455,0.7857142857142857,0.0,0.46698421239852905,0.5604095607995987,0.06718288315460086,0.20708567462861538,0.0,0.0,0.0,0.0,0.0,18473,global,0.0
5,1,lr5e-05_bs16_drop0p2_temp1p0_a0p25_b0p05__wd1e-04trmiss0_degmodglobal,16,5e-05,0.0001,0.2,1.0,0.25,0.05,lr5e-05_bs16_drop0p2_temp1p0_a0p25_b0p05__wd1e-04trmiss0_degmodglobal,40,0.5944337993860245,0.6486499309539795,0.6444444444444444,0.6992865159531826,0.8571428571428571,0.0,0.4572266414761543,0.5628069639205933,0.07881973776966333,0.23843780905008316,0.0,0.0,0.0,0.0,0.0,18473,global,0.0
5,1,lr5e-05_bs16_drop0p2_temp1p0_a0p25_b0p05__wd1e-04trmiss0_degmodglobal,16,5e-05,0.0001,0.2,1.0,0.25,0.05,lr5e-05_bs16_drop0p2_temp1p0_a0p25_b0p05__wd1e-04trmiss0_degmodglobal,41,0.5831752568483353,0.6458722949028015,0.7333333333333333,0.799551066217733,0.7857142857142857,0.0,0.502991646528244,0.5616042166948318,0.05553225800395012,0.1537592113018036,0.0,0.0,0.0,0.0,0.0,18473,global,0.0
5,1,lr5e-05_bs16_drop0p2_temp1p0_a0p25_b0p05__wd1e-04trmiss0_degmodglobal,16,5e-05,0.0001,0.2,1.0,0.25,0.05,lr5e-05_bs16_drop0p2_temp1p0_a0p25_b0p05__wd1e-04trmiss0_degmodglobal,42,0.5918426364660263,0.6453983187675476,0.7111111111111111,0.7863235529902197,0.7857142857142857,0.0,0.480945348739624,0.5663435757160187,0.06507174763828516,0.18462269753217697,0.0,0.0,0.0,0.0,0.0,18473,global,0.0
5,1,lr5e-05_bs16_drop0p2_temp1p0_a0p25_b0p05__wd1e-04trmiss0_degmodglobal,16,5e-05,0.0001,0.2,1.0,0.25,0.05,lr5e-05_bs16_drop0p2_temp1p0_a0p25_b0p05__wd1e-04trmiss0_degmodglobal,43,0.6197874248027802,0.6505953669548035,0.6666666666666666,0.754842071508738,0.8571428571428571,0.0,0.47330721467733383,0.5852218344807625,0.08156252279877663,0.2834993787109852,0.0,0.0,0.0,0.0,0.0,18473,global,0.0
5,1,lr5e-05_bs16_drop0p2_temp1p0_a0p25_b0p05__wd1e-04trmiss0_degmodglobal,16,5e-05,0.0001,0.2,1.0,0.25,0.05,lr5e-05_bs16_drop0p2_temp1p0_a0p25_b0p05__wd1e-04trmiss0_degmodglobal,44,0.5898596495389938,0.6481270790100098,0.6666666666666666,0.754842071508738,0.8571428571428571,0.0,0.46363580971956253,0.5590460449457169,0.07617909274995327,0.23537652567029,0.0,0.0,0.0,0.0,0.0,18473,global,0.0
5,1,lr5e-05_bs16_drop0p2_temp1p0_a0p25_b0p05__wd1e-04trmiss0_degmodglobal,16,5e-05,0.0001,0.2,1.0,0.25,0.05,lr5e-05_bs16_drop0p2_temp1p0_a0p25_b0p05__wd1e-04trmiss0_degmodglobal,45,0.6016020178794861,0.647409200668335,0.6888888888888889,0.7715087381754049,0.7857142857142857,0.0,0.46272802352905273,0.5670015662908554,0.09106124006211758,0.23670295998454094,0.0,0.0,0.0,0.0,0.0,18473,global,0.0
5,1,lr5e-05_bs16_drop0p2_temp1p0_a0p25_b0p05__wd1e-04trmiss0_degmodglobal,16,5e-05,0.0001,0.2,1.0,0.25,0.05,lr5e-05_bs16_drop0p2_temp1p0_a0p25_b0p05__wd1e-04trmiss0_degmodglobal,46,0.6017675548791885,0.6435677409172058,0.6888888888888889,0.7715087381754049,0.7857142857142857,0.0,0.43490660190582275,0.5643988698720932,0.09102413430809975,0.29225287213921547,0.0,0.0,0.0,0.0,0.0,18473,global,0.0
5,1,lr5e-05_bs16_drop0p2_temp1p0_a0p25_b0p05__wd1e-04trmiss0_degmodglobal,16,5e-05,0.0001,0.2,1.0,0.25,0.05,lr5e-05_bs16_drop0p2_temp1p0_a0p25_b0p05__wd1e-04trmiss0_degmodglobal,47,0.5811445713043213,0.6422103047370911,0.7111111111111111,0.7863235529902197,0.7857142857142857,0.0,0.47188667953014374,0.5474826246500015,0.08577569294720888,0.24436084553599358,0.0,0.0,0.0,0.0,0.0,18473,global,0.0
5,1,lr5e-05_bs16_drop0p2_temp1p0_a0p25_b0p05__wd1e-04trmiss0_degmodglobal,16,5e-05,0.0001,0.2,1.0,0.25,0.05,lr5e-05_bs16_drop0p2_temp1p0_a0p25_b0p05__wd1e-04trmiss0_degmodglobal,48,0.6238975524902344,0.6498005986213684,0.6888888888888889,0.7918791085457753,0.7857142857142857,0.0,0.4842385798692703,0.5970969125628471,0.06549718789756298,0.20852679014205933,0.0,0.0,0.0,0.0,0.0,18473,global,0.0
5,1,lr5e-05_bs16_drop0p2_temp1p0_a0p25_b0p05__wd1e-04trmiss0_degmodglobal,16,5e-05,0.0001,0.2,1.0,0.25,0.05,lr5e-05_bs16_drop0p2_temp1p0_a0p25_b0p05__wd1e-04trmiss0_degmodglobal,49,0.5659260451793671,0.6492738127708435,0.7333333333333333,0.8363235529902198,0.7857142857142857,0.0,0.4334809109568596,0.5380814373493195,0.07122069131582975,0.20078888535499573,0.0,0.0,0.0,0.0,0.0,18473,global,0.0
5,1,lr5e-05_bs16_drop0p2_temp1p0_a0p25_b0p05__wd1e-04trmiss0_degmodglobal,16,5e-05,0.0001,0.2,1.0,0.25,0.05,lr5e-05_bs16_drop0p2_temp1p0_a0p25_b0p05__wd1e-04trmiss0_degmodglobal,50,0.5635988414287567,0.6506431102752686,0.6888888888888889,0.7918791085457753,0.7857142857142857,0.0,0.46161917597055435,0.5359891057014465,0.07157658599317074,0.19431204721331596,0.0,0.0,0.0,0.0,0.0,18473,global,0.0
5,1,lr5e-05_bs16_drop0p2_temp1p0_a0p25_b0p05__wd1e-04trmiss0_degmodglobal,16,5e-05,0.0001,0.2,1.0,0.25,0.05,lr5e-05_bs16_drop0p2_temp1p0_a0p25_b0p05__wd1e-04trmiss0_degmodglobal,51,0.591647744178772,0.6513729095458984,0.6888888888888889,0.7918791085457753,0.7857142857142857,0.0,0.4417090117931366,0.5622162073850632,0.07403287943452597,0.2184663750231266,0.0,0.0,0.0,0.0,0.0,18473,global,0.0
5,1,lr5e-05_bs16_drop0p2_temp1p0_a0p25_b0p05__wd1e-04trmiss0_degmodglobal,16,5e-05,0.0001,0.2,1.0,0.25,0.05,lr5e-05_bs16_drop0p2_temp1p0_a0p25_b0p05__wd1e-04trmiss0_degmodglobal,52,0.5892582833766937,0.6466801762580872,0.6888888888888889,0.7918791085457753,0.7857142857142857,0.0,0.46985044330358505,0.5658224672079086,0.05927231162786484,0.1723545901477337,0.0,0.0,0.0,0.0,0.0,18473,global,0.0
5,1,lr5e-05_bs16_drop0p2_temp1p0_a0p25_b0p05__wd1e-04trmiss0_degmodglobal,16,5e-05,0.0001,0.2,1.0,0.25,0.05,lr5e-05_bs16_drop0p2_temp1p0_a0p25_b0p05__wd1e-04trmiss0_degmodglobal,53,0.5628269612789154,0.6457265019416809,0.7333333333333333,0.8363235529902198,0.8571428571428571,0.0,0.4662141278386116,0.5374077558517456,0.06521776504814625,0.18229522556066513,0.0,0.0,0.0,0.0,0.0,18473,global,0.0
5,1,lr5e-05_bs16_drop0p2_temp1p0_a0p25_b0p05__wd1e-04trmiss0_degmodglobal,16,5e-05,0.0001,0.2,1.0,0.25,0.05,lr5e-05_bs16_drop0p2_temp1p0_a0p25_b0p05__wd1e-04trmiss0_degmodglobal,54,0.5678252428770065,0.6470168232917786,0.711111111111111,0.8085457752124419,0.8571428571428571,0.0,0.44950201362371445,0.5392066091299057,0.07073297630995512,0.21870785392820835,0.0,0.0,0.0,0.0,0.0,18473,global,0.0
5,1,lr5e-05_bs16_drop0p2_temp1p0_a0p25_b0p05__wd1e-04trmiss0_degmodglobal,16,5e-05,0.0001,0.2,1.0,0.25,0.05,lr5e-05_bs16_drop0p2_temp1p0_a0p25_b0p05__wd1e-04trmiss0_degmodglobal,55,0.5789540410041809,0.6426661610603333,0.7111111111111111,0.7863235529902197,0.8571428571428571,0.0,0.44064588099718094,0.5465797781944275,0.08526667766273022,0.22115209326148033,0.0,0.0,0.0,0.0,0.0,18473,global,0.0
5,1,lr5e-05_bs16_drop0p2_temp1p0_a0p25_b0p05__wd1e-04trmiss0_degmodglobal,16,5e-05,0.0001,0.2,1.0,0.25,0.05,lr5e-05_bs16_drop0p2_temp1p0_a0p25_b0p05__wd1e-04trmiss0_degmodglobal,56,0.5957732200622559,0.6477087140083313,0.7111111111111111,0.7863235529902197,0.8571428571428571,0.0,0.4725497364997864,0.5721961110830307,0.06289196945726871,0.15708221681416035,0.0,0.0,0.0,0.0,0.0,18473,global,0.0
5,1,lr5e-05_bs16_drop0p2_temp1p0_a0p25_b0p05__wd1e-04trmiss0_degmodglobal,16,5e-05,0.0001,0.2,1.0,0.25,0.05,lr5e-05_bs16_drop0p2_temp1p0_a0p25_b0p05__wd1e-04trmiss0_degmodglobal,57,0.5888617783784866,0.6477798223495483,0.7111111111111111,0.7863235529902197,0.8571428571428571,0.0,0.4387247934937477,0.5520412027835846,0.09401341527700424,0.266344528645277,0.0,0.0,0.0,0.0,0.0,18473,global,0.0
5,1,lr5e-05_bs16_drop0p2_temp1p0_a0p25_b0p05__wd1e-04trmiss0_degmodglobal,16,5e-05,0.0001,0.2,1.0,0.25,0.05,lr5e-05_bs16_drop0p2_temp1p0_a0p25_b0p05__wd1e-04trmiss0_degmodglobal,58,0.5649015009403229,0.6460537314414978,0.6888888888888889,0.7715087381754049,0.8571428571428571,0.0,0.46473412215709686,0.5330590456724167,0.08332360163331032,0.22023124061524868,0.0,0.0,0.0,0.0,0.0,18473,global,0.0
5,1,lr5e-05_bs16_drop0p2_temp1p0_a0p25_b0p05__wd1e-04trmiss0_degmodglobal,16,5e-05,0.0001,0.2,1.0,0.25,0.05,lr5e-05_bs16_drop0p2_temp1p0_a0p25_b0p05__wd1e-04trmiss0_degmodglobal,59,0.5655217170715332,0.6472539901733398,0.6888888888888889,0.7715087381754049,0.8571428571428571,0.0,0.4301470071077347,0.5282691568136215,0.09874111786484718,0.25134560465812683,0.0,0.0,0.0,0.0,0.0,18473,global,0.0
5,1,lr5e-05_bs16_drop0p2_temp1p0_a0p25_b0p05__wd1e-04trmiss0_degmodglobal,16,5e-05,0.0001,0.2,1.0,0.25,0.05,lr5e-05_bs16_drop0p2_temp1p0_a0p25_b0p05__wd1e-04trmiss0_degmodglobal,60,0.5642173141241074,0.6545126438140869,0.6222222222222222,0.6807679974346641,0.8571428571428571,0.0,0.4205983802676201,0.5322560518980026,0.08343987353146076,0.22202594578266144,0.0,0.0,0.0,0.0,0.0,18473,global,0.0
5,1,lr5e-05_bs16_drop0p2_temp1p0_a0p25_b0p05__wd1e-04trmiss0_degmodglobal,16,5e-05,0.0001,0.2,1.0,0.25,0.05,lr5e-05_bs16_drop0p2_temp1p0_a0p25_b0p05__wd1e-04trmiss0_degmodglobal,61,0.587256133556366,0.6567947268486023,0.6444444444444444,0.6992865159531826,0.8571428571428571,0.0,0.4285707399249077,0.5504021793603897,0.09266732074320316,0.27374277263879776,0.0,0.0,0.0,0.0,0.0,18473,global,0.0
5,1,lr5e-05_bs16_drop0p2_temp1p0_a0p25_b0p05__wd1e-04trmiss0_degmodglobal,16,5e-05,0.0001,0.2,1.0,0.25,0.05,lr5e-05_bs16_drop0p2_temp1p0_a0p25_b0p05__wd1e-04trmiss0_degmodglobal,62,0.6161555349826813,0.6582903265953064,0.6888888888888889,0.7307679974346641,0.7142857142857143,0.0,0.45603589713573456,0.5767912864685059,0.10150831192731857,0.27974312379956245,0.0,0.0,0.0,0.0,0.0,18473,global,0.0
5,1,lr5e-05_bs16_drop0p2_temp1p0_a0p25_b0p05__wd1e-04trmiss0_degmodglobal,16,5e-05,0.0001,0.2,1.0,0.25,0.05,lr5e-05_bs16_drop0p2_temp1p0_a0p25_b0p05__wd1e-04trmiss0_degmodglobal,63,0.5654753893613815,0.6552810072898865,0.6888888888888889,0.7307679974346641,0.7857142857142857,0.0,0.4431830942630768,0.5325878113508224,0.0833902396261692,0.24080050364136696,0.0,0.0,0.0,0.0,0.0,18473,global,0.0
5,1,lr5e-05_bs16_drop0p2_temp1p0_a0p25_b0p05__wd1e-04trmiss0_degmodglobal,16,5e-05,0.0001,0.2,1.0,0.25,0.05,lr5e-05_bs16_drop0p2_temp1p0_a0p25_b0p05__wd1e-04trmiss0_degmodglobal,64,0.5734701156616211,0.6525208353996277,0.6444444444444444,0.6992865159531826,0.7857142857142857,0.0,0.445230208337307,0.5448920726776123,0.0714931907132268,0.21409538388252258,0.0,0.0,0.0,0.0,0.0,18473,global,0.0
5,1,lr5e-05_bs16_drop0p2_temp1p0_a0p25_b0p05__wd1e-04trmiss0_degmodglobal,16,5e-05,0.0001,0.2,1.0,0.25,0.05,lr5e-05_bs16_drop0p2_temp1p0_a0p25_b0p05__wd1e-04trmiss0_degmodglobal,65,0.6037569046020508,0.6439485549926758,0.6888888888888889,0.7715087381754049,0.8571428571428571,0.0,0.5359000042080879,0.5814216434955597,0.053351656068116426,0.17994684725999832,0.0,0.0,0.0,0.0,0.0,18473,global,0.0
5,1,lr5e-05_bs16_drop0p2_temp1p0_a0p25_b0p05__wd1e-04trmiss0_degmodglobal,16,5e-05,0.0001,0.2,1.0,0.25,0.05,lr5e-05_bs16_drop0p2_temp1p0_a0p25_b0p05__wd1e-04trmiss0_degmodglobal,66,0.5756228864192963,0.6455605626106262,0.6666666666666666,0.7159531826198493,0.8571428571428571,0.0,0.4548659473657608,0.5524632334709167,0.058164043352007866,0.17237232998013496,0.0,0.0,0.0,0.0,0.0,18473,global,0.0
5,1,lr5e-05_bs16_drop0p2_temp1p0_a0p25_b0p05__wd1e-04trmiss0_degmodglobal,16,5e-05,0.0001,0.2,1.0,0.25,0.05,lr5e-05_bs16_drop0p2_temp1p0_a0p25_b0p05__wd1e-04trmiss0_degmodglobal,67,0.5586389303207397,0.6442439556121826,0.6888888888888889,0.7307679974346641,0.8571428571428571,0.0,0.4887869730591774,0.5401464104652405,0.04789646156132221,0.13036781921982765,0.0,0.0,0.0,0.0,0.0,18473,global,0.0
5,1,lr5e-05_bs16_drop0p2_temp1p0_a0p25_b0p05__wd1e-04trmiss0_degmodglobal,16,5e-05,0.0001,0.2,1.0,0.25,0.05,lr5e-05_bs16_drop0p2_temp1p0_a0p25_b0p05__wd1e-04trmiss0_degmodglobal,68,0.5892580449581146,0.6459600925445557,0.7111111111111111,0.7439955106621775,0.8571428571428571,0.0,0.43489591032266617,0.5584331303834915,0.07360025122761726,0.24849657714366913,0.0,0.0,0.0,0.0,0.0,18473,global,0.0
5,1,lr5e-05_bs16_drop0p2_temp1p0_a0p25_b0p05__wd1e-04trmiss0_degmodglobal,16,5e-05,0.0001,0.2,1.0,0.25,0.05,lr5e-05_bs16_drop0p2_temp1p0_a0p25_b0p05__wd1e-04trmiss0_degmodglobal,69,0.5635402947664261,0.648766815662384,0.6888888888888889,0.7307679974346641,0.8571428571428571,0.0,0.42540884763002396,0.5339911207556725,0.07467141933739185,0.21762662008404732,0.0,0.0,0.0,0.0,0.0,18473,global,0.0
5,1,lr5e-05_bs16_drop0p2_temp1p0_a0p25_b0p05__wd1e-04trmiss0_degmodglobal,16,5e-05,0.0001,0.2,1.0,0.25,0.05,lr5e-05_bs16_drop0p2_temp1p0_a0p25_b0p05__wd1e-04trmiss0_degmodglobal,70,0.5840181410312653,0.6480839848518372,0.7111111111111111,0.7863235529902197,0.8571428571428571,0.0,0.41851866245269775,0.5428873151540756,0.10385036654770374,0.3033648356795311,0.0,0.0,0.0,0.0,0.0,18473,global,0.0
5,1,lr5e-05_bs16_drop0p2_temp1p0_a0p25_b0p05__wd1e-04trmiss0_degmodglobal,16,5e-05,0.0001,0.2,1.0,0.25,0.05,lr5e-05_bs16_drop0p2_temp1p0_a0p25_b0p05__wd1e-04trmiss0_degmodglobal,71,0.6097124069929123,0.6523351669311523,0.6888888888888889,0.7307679974346641,0.7857142857142857,0.0,0.44218333065509796,0.5725394636392593,0.09875683160498738,0.24967478774487972,0.0,0.0,0.0,0.0,0.0,18473,global,0.0
5,1,lr5e-05_bs16_drop0p2_temp1p0_a0p25_b0p05__wd1e-04trmiss0_degmodglobal,16,5e-05,0.0001,0.2,1.0,0.25,0.05,lr5e-05_bs16_drop0p2_temp1p0_a0p25_b0p05__wd1e-04trmiss0_degmodglobal,72,0.571063756942749,0.650212287902832,0.6666666666666666,0.7159531826198493,0.8571428571428571,0.0,0.42766837030649185,0.5307274833321571,0.10297209862619638,0.2918654605746269,0.0,0.0,0.0,0.0,0.0,18473,global,0.0
5,1,lr5e-05_bs16_drop0p2_temp1p0_a0p25_b0p05__wd1e-04trmiss0_degmodglobal,16,5e-05,0.0001,0.2,1.0,0.25,0.05,lr5e-05_bs16_drop0p2_temp1p0_a0p25_b0p05__wd1e-04trmiss0_degmodglobal,73,0.6303373128175735,0.6504741907119751,0.7111111111111111,0.7439955106621775,0.8571428571428571,0.0,0.4427138566970825,0.5859610736370087,0.11008258163928986,0.33711177855730057,0.0,0.0,0.0,0.0,0.0,18473,global,0.0
5,1,lr5e-05_bs16_drop0p2_temp2p0_a0p25_b0p05__wd1e-04trmiss0_degmodglobal,16,5e-05,0.0001,0.2,2.0,0.25,0.05,lr5e-05_bs16_drop0p2_temp2p0_a0p25_b0p05__wd1e-04trmiss0_degmodglobal,1,0.6880996972322464,0.6654520034790039,0.8,0.8865881032547702,0.7142857142857143,0.0,0.687385767698288,0.6778807044029236,0.0273954626172781,0.06740215932950377,0.0,0.0,0.0,0.0,0.0,18473,global,0.0
5,1,lr5e-05_bs16_drop0p2_temp2p0_a0p25_b0p05__wd1e-04trmiss0_degmodglobal,16,5e-05,0.0001,0.2,2.0,0.25,0.05,lr5e-05_bs16_drop0p2_temp2p0_a0p25_b0p05__wd1e-04trmiss0_degmodglobal,2,0.6638076603412628,0.6596466302871704,0.8888888888888888,0.9436868686868689,0.7142857142857143,0.0,0.6706009209156036,0.6504908353090286,0.0379911195486784,0.07638134341686964,0.0,0.0,0.0,0.0,0.0,18473,global,0.0
5,1,lr5e-05_bs16_drop0p2_temp2p0_a0p25_b0p05__wd1e-04trmiss0_degmodglobal,16,5e-05,0.0001,0.2,2.0,0.25,0.05,lr5e-05_bs16_drop0p2_temp2p0_a0p25_b0p05__wd1e-04trmiss0_degmodglobal,3,0.6631442457437515,0.6534181833267212,0.8222222222222223,0.9051858635191969,0.7142857142857143,0.0,0.6674303859472275,0.6531741172075272,0.027564337011426687,0.061580787878483534,0.0,0.0,0.0,0.0,0.0,18473,global,0.0
5,1,lr5e-05_bs16_drop0p2_temp2p0_a0p25_b0p05__wd1e-04trmiss0_degmodglobal,16,5e-05,0.0001,0.2,2.0,0.25,0.05,lr5e-05_bs16_drop0p2_temp2p0_a0p25_b0p05__wd1e-04trmiss0_degmodglobal,4,0.6807658523321152,0.6484455466270447,0.8222222222222223,0.9051858635191969,0.7142857142857143,0.0,0.64714315533638,0.6692899465560913,0.031040410976856947,0.07431647926568985,0.0,0.0,0.0,0.0,0.0,18473,global,0.0
5,1,lr5e-05_bs16_drop0p2_temp2p0_a0p25_b0p05__wd1e-04trmiss0_degmodglobal,16,5e-05,0.0001,0.2,2.0,0.25,0.05,lr5e-05_bs16_drop0p2_temp2p0_a0p25_b0p05__wd1e-04trmiss0_degmodglobal,5,0.6447021216154099,0.6487551927566528,0.7777777777777778,0.8774691358024693,0.6428571428571429,0.0,0.6137277781963348,0.6357222348451614,0.02667610812932253,0.04621704015880823,0.0,0.0,0.0,0.0,0.0,18473,global,0.0
5,1,lr5e-05_bs16_drop0p2_temp2p0_a0p25_b0p05__wd1e-04trmiss0_degmodglobal,16,5e-05,0.0001,0.2,2.0,0.25,0.05,lr5e-05_bs16_drop0p2_temp2p0_a0p25_b0p05__wd1e-04trmiss0_degmodglobal,6,0.6309419870376587,0.6465635299682617,0.8,0.8829636412969748,0.7857142857142857,0.0,0.6178428530693054,0.6206440478563309,0.02922495687380433,0.059834180399775505,0.0,0.0,0.0,0.0,0.0,18473,global,0.0
5,1,lr5e-05_bs16_drop0p2_temp2p0_a0p25_b0p05__wd1e-04trmiss0_degmodglobal,16,5e-05,0.0001,0.2,2.0,0.25,0.05,lr5e-05_bs16_drop0p2_temp2p0_a0p25_b0p05__wd1e-04trmiss0_degmodglobal,7,0.5991785973310471,0.6425535082817078,0.9111111111111112,0.9467813051146385,0.9285714285714286,0.0,0.5796217918395996,0.5839584171772003,0.043465184047818184,0.08707806095480919,0.0,0.0,0.0,0.0,0.0,18473,global,0.0
5,1,lr5e-05_bs16_drop0p2_temp2p0_a0p25_b0p05__wd1e-04trmiss0_degmodglobal,16,5e-05,0.0001,0.2,2.0,0.25,0.05,lr5e-05_bs16_drop0p2_temp2p0_a0p25_b0p05__wd1e-04trmiss0_degmodglobal,8,0.6251305639743805,0.6488108038902283,0.8666666666666667,0.9191718775052109,0.8571428571428571,0.0,0.5735882818698883,0.6069565415382385,0.04925841465592384,0.11718834284693003,0.0,0.0,0.0,0.0,0.0,18473,global,0.0
5,1,lr5e-05_bs16_drop0p2_temp2p0_a0p25_b0p05__wd1e-04trmiss0_degmodglobal,16,5e-05,0.0001,0.2,2.0,0.25,0.05,lr5e-05_bs16_drop0p2_temp2p0_a0p25_b0p05__wd1e-04trmiss0_degmodglobal,9,0.6003677845001221,0.6520625948905945,0.8444444444444444,0.9115961199294533,0.7857142857142857,0.0,0.5860086232423782,0.5883469581604004,0.03178147180005908,0.08150899410247803,0.0,0.0,0.0,0.0,0.0,18473,global,0.0
5,1,lr5e-05_bs16_drop0p2_temp2p0_a0p25_b0p05__wd1e-04trmiss0_degmodglobal,16,5e-05,0.0001,0.2,2.0,0.25,0.05,lr5e-05_bs16_drop0p2_temp2p0_a0p25_b0p05__wd1e-04trmiss0_degmodglobal,10,0.6077433377504349,0.6478540301322937,0.9111111111111112,0.9467813051146385,0.9285714285714286,0.0,0.5952819585800171,0.592156320810318,0.04213070683181286,0.10108672082424164,0.0,0.0,0.0,0.0,0.0,18473,global,0.0
5,1,lr5e-05_bs16_drop0p2_temp2p0_a0p25_b0p05__wd1e-04trmiss0_degmodglobal,16,5e-05,0.0001,0.2,2.0,0.25,0.05,lr5e-05_bs16_drop0p2_temp2p0_a0p25_b0p05__wd1e-04trmiss0_degmodglobal,11,0.5856604874134064,0.650069534778595,0.888888888888889,0.9282627865961202,0.9285714285714286,0.0,0.5645254850387573,0.5703180432319641,0.04656451102346182,0.07402612501755357,0.0,0.0,0.0,0.0,0.0,18473,global,0.0
5,1,lr5e-05_bs16_drop0p2_temp2p0_a0p25_b0p05__wd1e-04trmiss0_degmodglobal,16,5e-05,0.0001,0.2,2.0,0.25,0.05,lr5e-05_bs16_drop0p2_temp2p0_a0p25_b0p05__wd1e-04trmiss0_degmodglobal,12,0.6087460666894913,0.6362482905387878,0.9333333333333333,0.9626543209876546,0.9285714285714286,0.0,0.5661134719848633,0.5930106788873672,0.04334352817386389,0.09798991400748491,0.0,0.0,0.0,0.0,0.0,18473,global,0.0
5,1,lr5e-05_bs16_drop0p2_temp2p0_a0p25_b0p05__wd1e-04trmiss0_degmodglobal,16,5e-05,0.0001,0.2,2.0,0.25,0.05,lr5e-05_bs16_drop0p2_temp2p0_a0p25_b0p05__wd1e-04trmiss0_degmodglobal,13,0.584943100810051,0.6217212677001953,0.9111111111111112,0.9467813051146385,0.9285714285714286,0.0,0.5693441182374954,0.5665717124938965,0.051417901180684566,0.11033832095563412,0.0,0.0,0.0,0.0,0.0,18473,global,0.0
5,1,lr5e-05_bs16_drop0p2_temp2p0_a0p25_b0p05__wd1e-04trmiss0_degmodglobal,16,5e-05,0.0001,0.2,2.0,0.25,0.05,lr5e-05_bs16_drop0p2_temp2p0_a0p25_b0p05__wd1e-04trmiss0_degmodglobal,14,0.61635322868824,0.6206715703010559,0.9111111111111112,0.9467813051146385,0.8571428571428571,0.0,0.565293475985527,0.6010599285364151,0.040710907895118,0.1023116847500205,0.0,0.0,0.0,0.0,0.0,18473,global,0.0
5,1,lr5e-05_bs16_drop0p2_temp2p0_a0p25_b0p05__wd1e-04trmiss0_degmodglobal,16,5e-05,0.0001,0.2,2.0,0.25,0.05,lr5e-05_bs16_drop0p2_temp2p0_a0p25_b0p05__wd1e-04trmiss0_degmodglobal,15,0.5890288352966309,0.6307042241096497,0.8444444444444444,0.9280303030303032,0.7857142857142857,0.0,0.5350074619054794,0.5695921927690506,0.057709681801497936,0.1001846706494689,0.0,0.0,0.0,0.0,0.0,18473,global,0.0
5,1,lr5e-05_bs16_drop0p2_temp2p0_a0p25_b0p05__wd1e-04trmiss0_degmodglobal,16,5e-05,0.0001,0.2,2.0,0.25,0.05,lr5e-05_bs16_drop0p2_temp2p0_a0p25_b0p05__wd1e-04trmiss0_degmodglobal,16,0.5826296210289001,0.6334059834480286,0.8,0.9057470307470308,0.7142857142857143,0.0,0.5469577610492706,0.5614428073167801,0.05711823049932718,0.13814505096524954,0.0,0.0,0.0,0.0,0.0,18473,global,0.0
5,1,lr5e-05_bs16_drop0p2_temp2p0_a0p25_b0p05__wd1e-04trmiss0_degmodglobal,16,5e-05,0.0001,0.2,2.0,0.25,0.05,lr5e-05_bs16_drop0p2_temp2p0_a0p25_b0p05__wd1e-04trmiss0_degmodglobal,17,0.571293905377388,0.6255636215209961,0.9333333333333333,0.9626543209876546,0.7857142857142857,0.0,0.5218925327062607,0.5467437207698822,0.07029104419052601,0.13954812567681074,0.0,0.0,0.0,0.0,0.0,18473,global,0.0
5,1,lr5e-05_bs16_drop0p2_temp2p0_a0p25_b0p05__wd1e-04trmiss0_degmodglobal,16,5e-05,0.0001,0.2,2.0,0.25,0.05,lr5e-05_bs16_drop0p2_temp2p0_a0p25_b0p05__wd1e-04trmiss0_degmodglobal,18,0.5577840059995651,0.6217925548553467,0.9111111111111112,0.9467813051146385,0.8571428571428571,0.0,0.5419471114873886,0.5371028855443001,0.05379780475050211,0.14463338628411293,0.0,0.0,0.0,0.0,0.0,18473,global,0.0
5,1,lr5e-05_bs16_drop0p2_temp2p0_a0p25_b0p05__wd1e-04trmiss0_degmodglobal,16,5e-05,0.0001,0.2,2.0,0.25,0.05,lr5e-05_bs16_drop0p2_temp2p0_a0p25_b0p05__wd1e-04trmiss0_degmodglobal,19,0.5657131224870682,0.6231902241706848,0.9333333333333333,0.9626543209876546,0.8571428571428571,0.0,0.5328827872872353,0.5430874824523926,0.06276360247284174,0.1386948525905609,0.0,0.0,0.0,0.0,0.0,18473,global,0.0
5,1,lr5e-05_bs16_drop0p2_temp2p0_a0p25_b0p05__wd1e-04trmiss0_degmodglobal,16,5e-05,0.0001,0.2,2.0,0.25,0.05,lr5e-05_bs16_drop0p2_temp2p0_a0p25_b0p05__wd1e-04trmiss0_degmodglobal,20,0.616316556930542,0.6271600127220154,0.8666666666666667,0.9060405643738978,0.8571428571428571,0.0,0.5524031221866608,0.5873565226793289,0.08529654704034328,0.15271787717938423,0.0,0.0,0.0,0.0,0.0,18473,global,0.0
5,1,lr5e-05_bs16_drop0p2_temp2p0_a0p25_b0p05__wd1e-04trmiss0_degmodglobal,16,5e-05,0.0001,0.2,2.0,0.25,0.05,lr5e-05_bs16_drop0p2_temp2p0_a0p25_b0p05__wd1e-04trmiss0_degmodglobal,21,0.5526378601789474,0.6319772601127625,0.7555555555555555,0.8804945054945057,0.6428571428571429,0.0,0.5001241862773895,0.5297049880027771,0.06607709545642138,0.12827224284410477,0.0,0.0,0.0,0.0,0.0,18473,global,0.0
5,1,lr5e-05_bs16_drop0p2_temp2p0_a0p25_b0p05__wd1e-04trmiss0_degmodglobal,16,5e-05,0.0001,0.2,2.0,0.25,0.05,lr5e-05_bs16_drop0p2_temp2p0_a0p25_b0p05__wd1e-04trmiss0_degmodglobal,22,0.5775241702795029,0.6326844096183777,0.7777777777777778,0.8990130240130241,0.6428571428571429,0.0,0.5426461696624756,0.5565836727619171,0.05962241068482399,0.12069826014339924,0.0,0.0,0.0,0.0,0.0,18473,global,0.0
5,1,lr5e-05_bs16_drop0p2_temp2p0_a0p25_b0p05__wd1e-04trmiss0_degmodglobal,16,5e-05,0.0001,0.2,2.0,0.25,0.05,lr5e-05_bs16_drop0p2_temp2p0_a0p25_b0p05__wd1e-04trmiss0_degmodglobal,23,0.5740861147642136,0.6302925944328308,0.7777777777777778,0.8990130240130241,0.6428571428571429,0.0,0.5287266224622726,0.5496083796024323,0.06635866314172745,0.15776157937943935,0.0,0.0,0.0,0.0,0.0,18473,global,0.0
5,1,lr5e-05_bs16_drop0p2_temp2p0_a0p25_b0p05__wd1e-04trmiss0_degmodglobal,16,5e-05,0.0001,0.2,2.0,0.25,0.05,lr5e-05_bs16_drop0p2_temp2p0_a0p25_b0p05__wd1e-04trmiss0_degmodglobal,24,0.5638458579778671,0.6359584927558899,0.8,0.9057470307470308,0.7142857142857143,0.0,0.5081608518958092,0.5421141088008881,0.06400816328823566,0.11459422577172518,0.0,0.0,0.0,0.0,0.0,18473,global,0.0
5,1,lr5e-05_bs16_drop0p2_temp2p0_a0p25_b0p05__wd1e-04trmiss0_degmodglobal,16,5e-05,0.0001,0.2,2.0,0.25,0.05,lr5e-05_bs16_drop0p2_temp2p0_a0p25_b0p05__wd1e-04trmiss0_degmodglobal,25,0.5697798430919647,0.6367535591125488,0.8666666666666667,0.9060405643738978,0.8571428571428571,0.0,0.5067528635263443,0.5468113869428635,0.06297870678827167,0.14447559136897326,0.0,0.0,0.0,0.0,0.0,18473,global,0.0
5,1,lr5e-05_bs16_drop0p2_temp2p0_a0p25_b0p05__wd1e-04trmiss0_degmodglobal,16,5e-05,0.0001,0.2,2.0,0.25,0.05,lr5e-05_bs16_drop0p2_temp2p0_a0p25_b0p05__wd1e-04trmiss0_degmodglobal,26,0.5641358196735382,0.6341745853424072,0.8666666666666667,0.9060405643738978,0.9285714285714286,0.0,0.5067903473973274,0.5438119620084763,0.0583916655741632,0.11451863497495651,0.0,0.0,0.0,0.0,0.0,18473,global,0.0
5,1,lr5e-05_bs16_drop0p2_temp2p0_a0p25_b0p05__wd1e-04trmiss0_degmodglobal,16,5e-05,0.0001,0.2,2.0,0.25,0.05,lr5e-05_bs16_drop0p2_temp2p0_a0p25_b0p05__wd1e-04trmiss0_degmodglobal,27,0.5430790781974792,0.6370776891708374,0.8666666666666667,0.9060405643738978,0.8571428571428571,0.0,0.511642299592495,0.5225106030702591,0.05975216720253229,0.11260792752727866,0.0,0.0,0.0,0.0,0.0,18473,global,0.0
5,1,lr5e-05_bs16_drop0p2_temp2p0_a0p25_b0p05__wd1e-04trmiss0_degmodglobal,16,5e-05,0.0001,0.2,2.0,0.25,0.05,lr5e-05_bs16_drop0p2_temp2p0_a0p25_b0p05__wd1e-04trmiss0_degmodglobal,28,0.5570961833000183,0.632109522819519,0.888888888888889,0.9282627865961202,0.8571428571428571,0.0,0.49845830351114273,0.5333612561225891,0.07117145787924528,0.11884150234982371,0.0,0.0,0.0,0.0,0.0,18473,global,0.0
5,1,lr5e-05_bs16_drop0p2_temp2p0_a0p25_b0p05__wd1e-04trmiss0_degmodglobal,16,5e-05,0.0001,0.2,2.0,0.25,0.05,lr5e-05_bs16_drop0p2_temp2p0_a0p25_b0p05__wd1e-04trmiss0_degmodglobal,29,0.5442459434270859,0.6304622888565063,0.888888888888889,0.9282627865961202,0.9285714285714286,0.0,0.4946121424436569,0.519099235534668,0.07069079205393791,0.14948010351508856,0.0,0.0,0.0,0.0,0.0,18473,global,0.0
5,1,lr5e-05_bs16_drop0p2_temp2p0_a0p25_b0p05__wd1e-04trmiss0_degmodglobal,16,5e-05,0.0001,0.2,2.0,0.25,0.05,lr5e-05_bs16_drop0p2_temp2p0_a0p25_b0p05__wd1e-04trmiss0_degmodglobal,30,0.566370964050293,0.627964437007904,0.888888888888889,0.9282627865961202,0.9285714285714286,0.0,0.495090052485466,0.5472467690706253,0.05395913776010275,0.11268823593854904,0.0,0.0,0.0,0.0,0.0,18473,global,0.0
5,1,lr5e-05_bs16_drop0p2_temp2p0_a0p25_b0p05__wd1e-04trmiss0_degmodglobal,16,5e-05,0.0001,0.2,2.0,0.25,0.05,lr5e-05_bs16_drop0p2_temp2p0_a0p25_b0p05__wd1e-04trmiss0_degmodglobal,31,0.5574133917689323,0.6253490447998047,0.888888888888889,0.9282627865961202,0.8571428571428571,0.0,0.5080133676528931,0.5376656353473663,0.05769884819164872,0.1064608939923346,0.0,0.0,0.0,0.0,0.0,18473,global,0.0
5,1,lr5e-05_bs16_drop0p2_temp2p0_a0p25_b0p05__wd1e-04trmiss0_degmodglobal,16,5e-05,0.0001,0.2,2.0,0.25,0.05,lr5e-05_bs16_drop0p2_temp2p0_a0p25_b0p05__wd1e-04trmiss0_degmodglobal,32,0.5324481129646301,0.6238012313842773,0.888888888888889,0.9282627865961202,0.8571428571428571,0.0,0.48384779691696167,0.499516136944294,0.09129212982952595,0.20217876974493265,0.0,0.0,0.0,0.0,0.0,18473,global,0.0
5,1,lr5e-05_bs16_drop0p2_temp2p0_a0p25_b0p05__wd1e-04trmiss0_degmodglobal,16,5e-05,0.0001,0.2,2.0,0.25,0.05,lr5e-05_bs16_drop0p2_temp2p0_a0p25_b0p05__wd1e-04trmiss0_degmodglobal,33,0.5473343580961227,0.6257666349411011,0.8666666666666667,0.9301146384479719,0.7142857142857143,0.0,0.49919818341732025,0.5270073339343071,0.06160951033234596,0.09849299117922783,0.0,0.0,0.0,0.0,0.0,18473,global,0.0
5,1,lr5e-05_bs16_drop0p2_temp2p0_a0p25_b0p05__wd1e-04trmiss0_degmodglobal,16,5e-05,0.0001,0.2,2.0,0.25,0.05,lr5e-05_bs16_drop0p2_temp2p0_a0p25_b0p05__wd1e-04trmiss0_degmodglobal,34,0.539133831858635,0.6252150535583496,0.8444444444444446,0.9237043820377155,0.7142857142857143,0.0,0.503202885389328,0.5168518573045731,0.06780876591801643,0.10659578524064273,0.0,0.0,0.0,0.0,0.0,18473,global,0.0
5,1,lr5e-05_bs16_drop0p2_temp2p0_a0p25_b0p05__wd1e-04trmiss0_degmodglobal,16,5e-05,0.0001,0.2,2.0,0.25,0.05,lr5e-05_bs16_drop0p2_temp2p0_a0p25_b0p05__wd1e-04trmiss0_degmodglobal,35,0.5755507349967957,0.6207435131072998,0.8666666666666667,0.9301146384479719,0.7857142857142857,0.0,0.503998227417469,0.5536473393440247,0.06320545636117458,0.122040631249547,0.0,0.0,0.0,0.0,0.0,18473,global,0.0
5,1,lr5e-05_bs16_drop0p2_temp2p0_a0p25_b0p05__wd1e-04trmiss0_degmodglobal,16,5e-05,0.0001,0.2,2.0,0.25,0.05,lr5e-05_bs16_drop0p2_temp2p0_a0p25_b0p05__wd1e-04trmiss0_degmodglobal,36,0.5399165004491806,0.6186631321907043,0.8666666666666667,0.9301146384479719,0.7857142857142857,0.0,0.47764454782009125,0.5064125210046768,0.09284716099500656,0.20584355294704437,0.0,0.0,0.0,0.0,0.0,18473,global,0.0
5,1,lr5e-05_bs16_drop0p2_temp2p0_a0p25_b0p05__wd1e-04trmiss0_degmodglobal,16,5e-05,0.0001,0.2,2.0,0.25,0.05,lr5e-05_bs16_drop0p2_temp2p0_a0p25_b0p05__wd1e-04trmiss0_degmodglobal,37,0.5243022590875626,0.6166867613792419,0.9111111111111112,0.9467813051146385,0.7857142857142857,0.0,0.4756956920027733,0.5036715716123581,0.061717269010841846,0.10402765311300755,0.0,0.0,0.0,0.0,0.0,18473,global,0.0
5,1,lr5e-05_bs16_drop0p2_temp2p0_a0p25_b0p05__wd1e-04trmiss0_degmodglobal,16,5e-05,0.0001,0.2,2.0,0.25,0.05,lr5e-05_bs16_drop0p2_temp2p0_a0p25_b0p05__wd1e-04trmiss0_degmodglobal,38,0.544137567281723,0.6187357902526855,0.9111111111111112,0.9467813051146385,0.7857142857142857,0.0,0.48168541491031647,0.5143434554338455,0.08456095028668642,0.17307717353105545,0.0,0.0,0.0,0.0,0.0,18473,global,0.0
5,1,lr5e-05_bs16_drop0p2_temp2p0_a0p25_b0p05__wd1e-04trmiss0_degmodglobal,16,5e-05,0.0001,0.2,2.0,0.25,0.05,lr5e-05_bs16_drop0p2_temp2p0_a0p25_b0p05__wd1e-04trmiss0_degmodglobal,39,0.5189035311341286,0.6238703727722168,0.9111111111111112,0.9467813051146385,0.7142857142857143,0.0,0.4623255133628845,0.49671778082847595,0.0632427791133523,0.12750114779919386,0.0,0.0,0.0,0.0,0.0,18473,global,0.0
5,1,lr5e-05_bs16_drop0p4_temp1p0_a0p25_b0p05__wd1e-04trmiss0_degmodglobal,16,5e-05,0.0001,0.4,1.0,0.25,0.05,lr5e-05_bs16_drop0p4_temp1p0_a0p25_b0p05__wd1e-04trmiss0_degmodglobal,1,0.7178463339805603,0.6889750957489014,0.4888888888888889,0.7240638990638992,0.6428571428571429,0.0,0.6549980938434601,0.6973663121461868,0.0556010901927948,0.13159500807523727,0.0,0.0,0.0,0.0,0.0,18473,global,0.0
5,1,lr5e-05_bs16_drop0p4_temp1p0_a0p25_b0p05__wd1e-04trmiss0_degmodglobal,16,5e-05,0.0001,0.4,1.0,0.25,0.05,lr5e-05_bs16_drop0p4_temp1p0_a0p25_b0p05__wd1e-04trmiss0_degmodglobal,2,0.7129546403884888,0.6865032911300659,0.4888888888888889,0.7240638990638992,0.6428571428571429,0.0,0.6669183671474457,0.6839227080345154,0.07389728724956512,0.21115247905254364,0.0,0.0,0.0,0.0,0.0,18473,global,0.0
5,1,lr5e-05_bs16_drop0p4_temp1p0_a0p25_b0p05__wd1e-04trmiss0_degmodglobal,16,5e-05,0.0001,0.4,1.0,0.25,0.05,lr5e-05_bs16_drop0p4_temp1p0_a0p25_b0p05__wd1e-04trmiss0_degmodglobal,3,0.7214488387107849,0.6831380724906921,0.5555555555555556,0.748941798941799,0.5714285714285714,0.0,0.6726974844932556,0.6856852918863297,0.09373185224831104,0.2466115914285183,0.0,0.0,0.0,0.0,0.0,18473,global,0.0
5,1,lr5e-05_bs16_drop0p4_temp1p0_a0p25_b0p05__wd1e-04trmiss0_degmodglobal,16,5e-05,0.0001,0.4,1.0,0.25,0.05,lr5e-05_bs16_drop0p4_temp1p0_a0p25_b0p05__wd1e-04trmiss0_degmodglobal,4,0.6932722926139832,0.681221604347229,0.5555555555555556,0.748941798941799,0.5714285714285714,0.0,0.6031827330589294,0.6603317707777023,0.08517658337950706,0.2329273819923401,0.0,0.0,0.0,0.0,0.0,18473,global,0.0
5,1,lr5e-05_bs16_drop0p4_temp1p0_a0p25_b0p05__wd1e-04trmiss0_degmodglobal,16,5e-05,0.0001,0.4,1.0,0.25,0.05,lr5e-05_bs16_drop0p4_temp1p0_a0p25_b0p05__wd1e-04trmiss0_degmodglobal,5,0.6974855810403824,0.6811124086380005,0.5777777777777777,0.7556758056758057,0.6428571428571429,0.0,0.6021424233913422,0.6761290729045868,0.06117724347859621,0.12124429643154144,0.0,0.0,0.0,0.0,0.0,18473,global,0.0
5,1,lr5e-05_bs16_drop0p4_temp1p0_a0p25_b0p05__wd1e-04trmiss0_degmodglobal,16,5e-05,0.0001,0.4,1.0,0.25,0.05,lr5e-05_bs16_drop0p4_temp1p0_a0p25_b0p05__wd1e-04trmiss0_degmodglobal,6,0.7138791084289551,0.6789725422859192,0.5555555555555556,0.748941798941799,0.6428571428571429,0.0,0.5911657959222794,0.6823239922523499,0.07846470177173615,0.23877855949103832,0.0,0.0,0.0,0.0,0.0,18473,global,0.0
5,1,lr5e-05_bs16_drop0p4_temp1p0_a0p25_b0p05__wd1e-04trmiss0_degmodglobal,16,5e-05,0.0001,0.4,1.0,0.25,0.05,lr5e-05_bs16_drop0p4_temp1p0_a0p25_b0p05__wd1e-04trmiss0_degmodglobal,7,0.6451246291399002,0.6751505732536316,0.5777777777777777,0.757583774250441,0.7142857142857143,0.0,0.5809917151927948,0.6232769340276718,0.06445179041475058,0.11469474667683244,0.0,0.0,0.0,0.0,0.0,18473,global,0.0
5,1,lr5e-05_bs16_drop0p4_temp1p0_a0p25_b0p05__wd1e-04trmiss0_degmodglobal,16,5e-05,0.0001,0.4,1.0,0.25,0.05,lr5e-05_bs16_drop0p4_temp1p0_a0p25_b0p05__wd1e-04trmiss0_degmodglobal,8,0.6602621078491211,0.6734867691993713,0.6,0.7630782797449465,0.6428571428571429,0.0,0.5509977787733078,0.6326129138469696,0.0731044951826334,0.18746160343289375,0.0,0.0,0.0,0.0,0.0,18473,global,0.0
5,1,lr5e-05_bs16_drop0p4_temp1p0_a0p25_b0p05__wd1e-04trmiss0_degmodglobal,16,5e-05,0.0001,0.4,1.0,0.25,0.05,lr5e-05_bs16_drop0p4_temp1p0_a0p25_b0p05__wd1e-04trmiss0_degmodglobal,9,0.6710513979196548,0.6711212396621704,0.5777777777777777,0.7544363044363045,0.6428571428571429,0.0,0.5969864279031754,0.6367850005626678,0.09071635734289885,0.23174577578902245,0.0,0.0,0.0,0.0,0.0,18473,global,0.0
5,1,lr5e-05_bs16_drop0p4_temp1p0_a0p25_b0p05__wd1e-04trmiss0_degmodglobal,16,5e-05,0.0001,0.4,1.0,0.25,0.05,lr5e-05_bs16_drop0p4_temp1p0_a0p25_b0p05__wd1e-04trmiss0_degmodglobal,10,0.6657370775938034,0.6720998287200928,0.5555555555555556,0.7473655973655975,0.6428571428571429,0.0,0.5928639769554138,0.6410744041204453,0.06979648023843765,0.14427099842578173,0.0,0.0,0.0,0.0,0.0,18473,global,0.0
5,1,lr5e-05_bs16_drop0p4_temp1p0_a0p25_b0p05__wd1e-04trmiss0_degmodglobal,16,5e-05,0.0001,0.4,1.0,0.25,0.05,lr5e-05_bs16_drop0p4_temp1p0_a0p25_b0p05__wd1e-04trmiss0_degmodglobal,11,0.6154242604970932,0.6700946688652039,0.5777777777777777,0.7544363044363045,0.6428571428571429,0.0,0.6040016710758209,0.5841485559940338,0.08459881972521544,0.2025202102959156,0.0,0.0,0.0,0.0,0.0,18473,global,0.0
5,1,lr5e-05_bs16_drop0p4_temp1p0_a0p25_b0p05__wd1e-04trmiss0_degmodglobal,16,5e-05,0.0001,0.4,1.0,0.25,0.05,lr5e-05_bs16_drop0p4_temp1p0_a0p25_b0p05__wd1e-04trmiss0_degmodglobal,12,0.6943814605474472,0.6693969964981079,0.6,0.7630782797449465,0.6428571428571429,0.0,0.573829174041748,0.6661578565835953,0.07052349578589201,0.2118547447025776,0.0,0.0,0.0,0.0,0.0,18473,global,0.0
5,1,lr5e-05_bs16_drop0p4_temp1p0_a0p25_b0p05__wd1e-04trmiss0_degmodglobal,16,5e-05,0.0001,0.4,1.0,0.25,0.05,lr5e-05_bs16_drop0p4_temp1p0_a0p25_b0p05__wd1e-04trmiss0_degmodglobal,13,0.6176539957523346,0.6694783568382263,0.6,0.7630782797449465,0.6428571428571429,0.0,0.5549830049276352,0.5946585685014725,0.061825248412787914,0.15078245010226965,0.0,0.0,0.0,0.0,0.0,18473,global,0.0
5,1,lr5e-05_bs16_drop0p4_temp1p0_a0p25_b0p05__wd1e-04trmiss0_degmodglobal,16,5e-05,0.0001,0.4,1.0,0.25,0.05,lr5e-05_bs16_drop0p4_temp1p0_a0p25_b0p05__wd1e-04trmiss0_degmodglobal,14,0.6234371811151505,0.6673158407211304,0.6,0.7630782797449465,0.7142857142857143,0.0,0.5690222084522247,0.5920982211828232,0.07991035003215075,0.22722752392292023,0.0,0.0,0.0,0.0,0.0,18473,global,0.0
5,1,lr5e-05_bs16_drop0p4_temp1p0_a0p25_b0p05__wd1e-04trmiss0_degmodglobal,16,5e-05,0.0001,0.4,1.0,0.25,0.05,lr5e-05_bs16_drop0p4_temp1p0_a0p25_b0p05__wd1e-04trmiss0_degmodglobal,15,0.641567051410675,0.667776882648468,0.6222222222222222,0.7797449464116131,0.6428571428571429,0.0,0.5905410796403885,0.6151613593101501,0.0731300637125969,0.16246335580945015,0.0,0.0,0.0,0.0,0.0,18473,global,0.0
5,1,lr5e-05_bs16_drop0p4_temp1p0_a0p25_b0p05__wd1e-04trmiss0_degmodglobal,16,5e-05,0.0001,0.4,1.0,0.25,0.05,lr5e-05_bs16_drop0p4_temp1p0_a0p25_b0p05__wd1e-04trmiss0_degmodglobal,16,0.6305022686719894,0.6645088195800781,0.6444444444444444,0.7945597612264279,0.7142857142857143,0.0,0.5307791233062744,0.5953439474105835,0.09672562126070261,0.21953828632831573,0.0,0.0,0.0,0.0,0.0,18473,global,0.0
5,1,lr5e-05_bs16_drop0p4_temp1p0_a0p25_b0p05__wd1e-04trmiss0_degmodglobal,16,5e-05,0.0001,0.4,1.0,0.25,0.05,lr5e-05_bs16_drop0p4_temp1p0_a0p25_b0p05__wd1e-04trmiss0_degmodglobal,17,0.6288345605134964,0.6673586964607239,0.6444444444444444,0.7945597612264279,0.6428571428571429,0.0,0.5374480783939362,0.5954912602901459,0.08889545779675245,0.22238893806934357,0.0,0.0,0.0,0.0,0.0,18473,global,0.0
5,1,lr5e-05_bs16_drop0p4_temp1p0_a0p25_b0p05__wd1e-04trmiss0_degmodglobal,16,5e-05,0.0001,0.4,1.0,0.25,0.05,lr5e-05_bs16_drop0p4_temp1p0_a0p25_b0p05__wd1e-04trmiss0_degmodglobal,18,0.594949334859848,0.6675927639007568,0.6444444444444444,0.7945597612264279,0.6428571428571429,0.0,0.5457295328378677,0.5685138255357742,0.07926036231219769,0.13240861520171165,0.0,0.0,0.0,0.0,0.0,18473,global,0.0
5,1,lr5e-05_bs16_drop0p4_temp1p0_a0p25_b0p05__wd1e-04trmiss0_degmodglobal,16,5e-05,0.0001,0.4,1.0,0.25,0.05,lr5e-05_bs16_drop0p4_temp1p0_a0p25_b0p05__wd1e-04trmiss0_degmodglobal,19,0.5991613119840622,0.6714026927947998,0.5777777777777777,0.7640322640322641,0.6428571428571429,0.0,0.49651384353637695,0.5615968704223633,0.09570108633488417,0.27278348430991173,0.0,0.0,0.0,0.0,0.0,18473,global,0.0
5,1,lr5e-05_bs16_drop0p4_temp1p0_a0p25_b0p05__wd1e-04trmiss0_degmodglobal,16,5e-05,0.0001,0.4,1.0,0.25,0.05,lr5e-05_bs16_drop0p4_temp1p0_a0p25_b0p05__wd1e-04trmiss0_degmodglobal,20,0.5845346450805664,0.6727903485298157,0.6444444444444444,0.803979353979354,0.6428571428571429,0.0,0.5386742055416107,0.5596545785665512,0.07514060195535421,0.12189815752208233,0.0,0.0,0.0,0.0,0.0,18473,global,0.0
5,1,lr5e-05_bs16_drop0p4_temp1p0_a0p25_b0p05__wd1e-04trmiss0_degmodglobal,16,5e-05,0.0001,0.4,1.0,0.25,0.05,lr5e-05_bs16_drop0p4_temp1p0_a0p25_b0p05__wd1e-04trmiss0_degmodglobal,21,0.5833768993616104,0.6709268689155579,0.6666666666666666,0.8110500610500613,0.6428571428571429,0.0,0.5357321351766586,0.5578360110521317,0.06790554337203503,0.1712900660932064,0.0,0.0,0.0,0.0,0.0,18473,global,0.0
5,1,lr5e-05_bs16_drop0p4_temp1p0_a0p25_b0p05__wd1e-04trmiss0_degmodglobal,16,5e-05,0.0001,0.4,1.0,0.25,0.05,lr5e-05_bs16_drop0p4_temp1p0_a0p25_b0p05__wd1e-04trmiss0_degmodglobal,22,0.5794699192047119,0.668643593788147,0.6666666666666666,0.8110500610500613,0.6428571428571429,0.0,0.5012664347887039,0.5574233680963516,0.06119212415069342,0.13497028034180403,0.0,0.0,0.0,0.0,0.0,18473,global,0.0
5,1,lr5e-05_bs16_drop0p4_temp1p0_a0p25_b0p05__wd1e-04trmiss0_degmodglobal,16,5e-05,0.0001,0.4,1.0,0.25,0.05,lr5e-05_bs16_drop0p4_temp1p0_a0p25_b0p05__wd1e-04trmiss0_degmodglobal,23,0.5896328538656235,0.6640536785125732,0.6444444444444444,0.803979353979354,0.5714285714285714,0.0,0.5345488265156746,0.5640796273946762,0.07323266472667456,0.14490111358463764,0.0,0.0,0.0,0.0,0.0,18473,global,0.0
5,1,lr5e-05_bs16_drop0p4_temp1p0_a0p25_b0p05__wd1e-04trmiss0_degmodglobal,16,5e-05,0.0001,0.4,1.0,0.25,0.05,lr5e-05_bs16_drop0p4_temp1p0_a0p25_b0p05__wd1e-04trmiss0_degmodglobal,24,0.5958817005157471,0.657951295375824,0.6666666666666666,0.8110500610500613,0.5714285714285714,0.0,0.5321155339479446,0.5605436414480209,0.09156073071062565,0.2489573433995247,0.0,0.0,0.0,0.0,0.0,18473,global,0.0
5,1,lr5e-05_bs16_drop0p4_temp1p0_a0p25_b0p05__wd1e-04trmiss0_degmodglobal,16,5e-05,0.0001,0.4,1.0,0.25,0.05,lr5e-05_bs16_drop0p4_temp1p0_a0p25_b0p05__wd1e-04trmiss0_degmodglobal,25,0.53432697057724,0.6536420583724976,0.6444444444444444,0.803979353979354,0.5714285714285714,0.0,0.5027355998754501,0.5096857026219368,0.07177061773836613,0.13397266715765,0.0,0.0,0.0,0.0,0.0,18473,global,0.0
5,1,lr5e-05_bs16_drop0p4_temp1p0_a0p25_b0p05__wd1e-04trmiss0_degmodglobal,16,5e-05,0.0001,0.4,1.0,0.25,0.05,lr5e-05_bs16_drop0p4_temp1p0_a0p25_b0p05__wd1e-04trmiss0_degmodglobal,26,0.5926687568426132,0.6560749411582947,0.6444444444444444,0.7991452991452992,0.5714285714285714,0.0,0.4888015612959862,0.5608867555856705,0.08749927394092083,0.1981436237692833,0.0,0.0,0.0,0.0,0.0,18473,global,0.0
5,1,lr5e-05_bs16_drop0p4_temp1p0_a0p25_b0p05__wd1e-04trmiss0_degmodglobal,16,5e-05,0.0001,0.4,1.0,0.25,0.05,lr5e-05_bs16_drop0p4_temp1p0_a0p25_b0p05__wd1e-04trmiss0_degmodglobal,27,0.5875611752271652,0.6619946360588074,0.6666666666666666,0.8058793058793059,0.5714285714285714,0.0,0.46910493820905685,0.5609535127878189,0.07160892710089684,0.17410876043140888,0.0,0.0,0.0,0.0,0.0,18473,global,0.0
5,1,lr5e-05_bs16_drop0p4_temp1p0_a0p25_b0p05__wd1e-04trmiss0_degmodglobal,16,5e-05,0.0001,0.4,1.0,0.25,0.05,lr5e-05_bs16_drop0p4_temp1p0_a0p25_b0p05__wd1e-04trmiss0_degmodglobal,28,0.5345000624656677,0.6491351127624512,0.7333333333333333,0.8372285122285124,0.7142857142857143,0.0,0.49376676231622696,0.5054309889674187,0.07721690833568573,0.19529693014919758,0.0,0.0,0.0,0.0,0.0,18473,global,0.0
5,1,lr5e-05_bs16_drop0p4_temp1p0_a0p25_b0p05__wd1e-04trmiss0_degmodglobal,16,5e-05,0.0001,0.4,1.0,0.25,0.05,lr5e-05_bs16_drop0p4_temp1p0_a0p25_b0p05__wd1e-04trmiss0_degmodglobal,29,0.5448302328586578,0.6421440839767456,0.7555555555555554,0.8453093203093205,0.7857142857142857,0.0,0.48327266424894333,0.5108257234096527,0.09483017399907112,0.20593896508216858,0.0,0.0,0.0,0.0,0.0,18473,global,0.0
5,1,lr5e-05_bs16_drop0p4_temp1p0_a0p25_b0p05__wd1e-04trmiss0_degmodglobal,16,5e-05,0.0001,0.4,1.0,0.25,0.05,lr5e-05_bs16_drop0p4_temp1p0_a0p25_b0p05__wd1e-04trmiss0_degmodglobal,30,0.5274958834052086,0.6390277147293091,0.7777777777777778,0.8551858635191969,0.7857142857142857,0.0,0.4719711020588875,0.49041207879781723,0.09850620478391647,0.24914532527327538,0.0,0.0,0.0,0.0,0.0,18473,global,0.0
5,1,lr5e-05_bs16_drop0p4_temp1p0_a0p25_b0p05__wd1e-04trmiss0_degmodglobal,16,5e-05,0.0001,0.4,1.0,0.25,0.05,lr5e-05_bs16_drop0p4_temp1p0_a0p25_b0p05__wd1e-04trmiss0_degmodglobal,31,0.5870683044195175,0.6275956034660339,0.8,0.8829636412969748,0.7857142857142857,0.0,0.5273618102073669,0.5663234293460846,0.05703261960297823,0.12973450683057308,0.0,0.0,0.0,0.0,0.0,18473,global,0.0
5,1,lr5e-05_bs16_drop0p4_temp1p0_a0p25_b0p05__wd1e-04trmiss0_degmodglobal,16,5e-05,0.0001,0.4,1.0,0.25,0.05,lr5e-05_bs16_drop0p4_temp1p0_a0p25_b0p05__wd1e-04trmiss0_degmodglobal,32,0.5399637222290039,0.6296836137771606,0.8222222222222222,0.8691718775052109,0.7857142857142857,0.0,0.481341190636158,0.5114553719758987,0.08034207671880722,0.16845649294555187,0.0,0.0,0.0,0.0,0.0,18473,global,0.0
5,1,lr5e-05_bs16_drop0p4_temp1p0_a0p25_b0p05__wd1e-04trmiss0_degmodglobal,16,5e-05,0.0001,0.4,1.0,0.25,0.05,lr5e-05_bs16_drop0p4_temp1p0_a0p25_b0p05__wd1e-04trmiss0_degmodglobal,33,0.5699891448020935,0.6298880577087402,0.8222222222222222,0.8691718775052109,0.7857142857142857,0.0,0.5033505782485008,0.5419881194829941,0.07626364286988974,0.178702337667346,0.0,0.0,0.0,0.0,0.0,18473,global,0.0
5,1,lr5e-05_bs16_drop0p4_temp1p0_a0p25_b0p05__wd1e-04trmiss0_degmodglobal,16,5e-05,0.0001,0.4,1.0,0.25,0.05,lr5e-05_bs16_drop0p4_temp1p0_a0p25_b0p05__wd1e-04trmiss0_degmodglobal,34,0.5471482276916504,0.6348132491111755,0.8,0.8592953342953344,0.8571428571428571,0.0,0.4940749704837799,0.5123796388506889,0.08997017703950405,0.24552081525325775,0.0,0.0,0.0,0.0,0.0,18473,global,0.0
5,1,lr5e-05_bs16_drop0p4_temp1p0_a0p25_b0p05__wd1e-04trmiss0_degmodglobal,16,5e-05,0.0001,0.4,1.0,0.25,0.05,lr5e-05_bs16_drop0p4_temp1p0_a0p25_b0p05__wd1e-04trmiss0_degmodglobal,35,0.541389212012291,0.6373685598373413,0.8222222222222222,0.8691718775052109,0.7857142857142857,0.0,0.5340039879083633,0.5180568695068359,0.07010815292596817,0.11610619351267815,0.0,0.0,0.0,0.0,0.0,18473,global,0.0
5,1,lr5e-05_bs16_drop0p4_temp1p0_a0p25_b0p05__wd1e-04trmiss0_degmodglobal,16,5e-05,0.0001,0.4,1.0,0.25,0.05,lr5e-05_bs16_drop0p4_temp1p0_a0p25_b0p05__wd1e-04trmiss0_degmodglobal,36,0.5212266445159912,0.6389338970184326,0.8,0.8615961199294533,0.7857142857142857,0.0,0.4600786715745926,0.48395737260580063,0.10010446235537529,0.2448631450533867,0.0,0.0,0.0,0.0,0.0,18473,global,0.0
5,1,lr5e-05_bs16_drop0p4_temp1p0_a0p25_b0p05__wd1e-04trmiss0_degmodglobal,16,5e-05,0.0001,0.4,1.0,0.25,0.05,lr5e-05_bs16_drop0p4_temp1p0_a0p25_b0p05__wd1e-04trmiss0_degmodglobal,37,0.565732479095459,0.6395496129989624,0.8,0.8615961199294533,0.7857142857142857,0.0,0.5124577060341835,0.52888173609972,0.09855964593589306,0.2442168891429901,0.0,0.0,0.0,0.0,0.0,18473,global,0.0
5,1,lr5e-05_bs16_drop0p4_temp1p0_a0p25_b0p05__wd1e-04trmiss0_degmodglobal,16,5e-05,0.0001,0.4,1.0,0.25,0.05,lr5e-05_bs16_drop0p4_temp1p0_a0p25_b0p05__wd1e-04trmiss0_degmodglobal,38,0.5355884581804276,0.6315001845359802,0.8222222222222222,0.8893738977072312,0.7857142857142857,0.0,0.4531695321202278,0.5071854069828987,0.07402408681809902,0.1979408673942089,0.0,0.0,0.0,0.0,0.0,18473,global,0.0
5,1,lr5e-05_bs16_drop0p4_temp1p0_a0p25_b0p05__wd1e-04trmiss0_degmodglobal,16,5e-05,0.0001,0.4,1.0,0.25,0.05,lr5e-05_bs16_drop0p4_temp1p0_a0p25_b0p05__wd1e-04trmiss0_degmodglobal,39,0.5447233319282532,0.6283025741577148,0.8444444444444444,0.8969496552829888,0.8571428571428571,0.0,0.48428548872470856,0.5126717463135719,0.08560582343488932,0.2130026463419199,0.0,0.0,0.0,0.0,0.0,18473,global,0.0
5,1,lr5e-05_bs16_drop0p4_temp1p0_a0p25_b0p05__wd1e-04trmiss0_degmodglobal,16,5e-05,0.0001,0.4,1.0,0.25,0.05,lr5e-05_bs16_drop0p4_temp1p0_a0p25_b0p05__wd1e-04trmiss0_degmodglobal,40,0.5069250762462616,0.6260607242584229,0.8666666666666667,0.9060405643738978,0.8571428571428571,0.0,0.4691215455532074,0.4751455560326576,0.08931132033467293,0.18903356418013573,0.0,0.0,0.0,0.0,0.0,18473,global,0.0
5,1,lr5e-05_bs16_drop0p4_temp1p0_a0p25_b0p05__wd1e-04trmiss0_degmodglobal,16,5e-05,0.0001,0.4,1.0,0.25,0.05,lr5e-05_bs16_drop0p4_temp1p0_a0p25_b0p05__wd1e-04trmiss0_degmodglobal,41,0.5450252145528793,0.6277347803115845,0.8666666666666667,0.9060405643738978,0.8571428571428571,0.0,0.4545218124985695,0.5056848675012589,0.10362844914197922,0.2686646021902561,0.0,0.0,0.0,0.0,0.0,18473,global,0.0
5,1,lr5e-05_bs16_drop0p4_temp1p0_a0p25_b0p05__wd1e-04trmiss0_degmodglobal,16,5e-05,0.0001,0.4,1.0,0.25,0.05,lr5e-05_bs16_drop0p4_temp1p0_a0p25_b0p05__wd1e-04trmiss0_degmodglobal,42,0.5662784576416016,0.6275709867477417,0.8666666666666667,0.9060405643738978,0.9285714285714286,0.0,0.4635958969593048,0.5241711810231209,0.10669987089931965,0.3086460568010807,0.0,0.0,0.0,0.0,0.0,18473,global,0.0
5,1,lr5e-05_bs16_drop0p4_temp1p0_a0p25_b0p05__wd1e-04trmiss0_degmodglobal,16,5e-05,0.0001,0.4,1.0,0.25,0.05,lr5e-05_bs16_drop0p4_temp1p0_a0p25_b0p05__wd1e-04trmiss0_degmodglobal,43,0.5068869143724442,0.6291942000389099,0.8666666666666667,0.9060405643738978,0.9285714285714286,0.0,0.46641360968351364,0.4738283082842827,0.09293992631137371,0.19647234305739403,0.0,0.0,0.0,0.0,0.0,18473,global,0.0
5,1,lr5e-05_bs16_drop0p4_temp1p0_a0p25_b0p05__wd1e-04trmiss0_degmodglobal,16,5e-05,0.0001,0.4,1.0,0.25,0.05,lr5e-05_bs16_drop0p4_temp1p0_a0p25_b0p05__wd1e-04trmiss0_degmodglobal,44,0.5536016374826431,0.6311869621276855,0.8666666666666667,0.9060405643738978,0.9285714285714286,0.0,0.4562799856066704,0.5183022394776344,0.09257141500711441,0.24313078820705414,0.0,0.0,0.0,0.0,0.0,18473,global,0.0
5,1,lr5e-05_bs16_drop0p4_temp1p0_a0p25_b0p05__wd1e-04trmiss0_degmodglobal,16,5e-05,0.0001,0.4,1.0,0.25,0.05,lr5e-05_bs16_drop0p4_temp1p0_a0p25_b0p05__wd1e-04trmiss0_degmodglobal,45,0.5118830054998398,0.6301887631416321,0.8444444444444444,0.8782627865961201,0.9285714285714286,0.0,0.466154582798481,0.4877244830131531,0.06565080303698778,0.15491633862257004,0.0,0.0,0.0,0.0,0.0,18473,global,0.0
5,1,lr5e-05_bs16_drop0p4_temp1p0_a0p25_b0p05__wd1e-04trmiss0_degmodglobal,16,5e-05,0.0001,0.4,1.0,0.25,0.05,lr5e-05_bs16_drop0p4_temp1p0_a0p25_b0p05__wd1e-04trmiss0_degmodglobal,46,0.49952444434165955,0.6270618438720703,0.8666666666666667,0.9060405643738978,0.9285714285714286,0.0,0.4540836960077286,0.47294697910547256,0.0728392070159316,0.16735339164733887,0.0,0.0,0.0,0.0,0.0,18473,global,0.0
5,1,lr5e-05_bs16_drop0p4_temp1p0_a0p25_b0p05__wd1e-04trmiss0_degmodglobal,16,5e-05,0.0001,0.4,1.0,0.25,0.05,lr5e-05_bs16_drop0p4_temp1p0_a0p25_b0p05__wd1e-04trmiss0_degmodglobal,47,0.5153505355119705,0.6209923028945923,0.8666666666666667,0.9060405643738978,0.8571428571428571,0.0,0.4657231271266937,0.4744256064295769,0.1091238223016262,0.2728796750307083,0.0,0.0,0.0,0.0,0.0,18473,global,0.0
5,1,lr5e-05_bs16_drop0p4_temp1p0_a0p25_b0p05__wd1e-04trmiss0_degmodglobal,16,5e-05,0.0001,0.4,1.0,0.25,0.05,lr5e-05_bs16_drop0p4_temp1p0_a0p25_b0p05__wd1e-04trmiss0_degmodglobal,48,0.5441067814826965,0.6195484399795532,0.888888888888889,0.9282627865961202,0.9285714285714286,0.0,0.4469892233610153,0.5004846677184105,0.11458524875342846,0.29951635003089905,0.0,0.0,0.0,0.0,0.0,18473,global,0.0
5,1,lr5e-05_bs16_drop0p4_temp1p0_a0p25_b0p05__wd1e-04trmiss0_degmodglobal,16,5e-05,0.0001,0.4,1.0,0.25,0.05,lr5e-05_bs16_drop0p4_temp1p0_a0p25_b0p05__wd1e-04trmiss0_degmodglobal,49,0.5439463406801224,0.6213753819465637,0.888888888888889,0.9282627865961202,0.9285714285714286,0.0,0.4666290283203125,0.505344919860363,0.10699689015746117,0.23704451136291027,0.0,0.0,0.0,0.0,0.0,18473,global,0.0
5,1,lr5e-05_bs16_drop0p4_temp1p0_a0p25_b0p05__wd1e-04trmiss0_degmodglobal,16,5e-05,0.0001,0.4,1.0,0.25,0.05,lr5e-05_bs16_drop0p4_temp1p0_a0p25_b0p05__wd1e-04trmiss0_degmodglobal,50,0.4998719319701195,0.622914731502533,0.888888888888889,0.9282627865961202,0.9285714285714286,0.0,0.47377973794937134,0.465547114610672,0.09651505574584007,0.20392116531729698,0.0,0.0,0.0,0.0,0.0,18473,global,0.0
5,1,lr5e-05_bs16_drop0p4_temp1p0_a0p25_b0p05__wd1e-04trmiss0_degmodglobal,16,5e-05,0.0001,0.4,1.0,0.25,0.05,lr5e-05_bs16_drop0p4_temp1p0_a0p25_b0p05__wd1e-04trmiss0_degmodglobal,51,0.5582987517118454,0.622123122215271,0.8666666666666667,0.9060405643738978,0.9285714285714286,0.0,0.4790446534752846,0.5068117156624794,0.13619505986571312,0.34876512736082077,0.0,0.0,0.0,0.0,0.0,18473,global,0.0
5,1,lr5e-05_bs16_drop0p4_temp1p0_a0p25_b0p05__wd1e-04trmiss0_degmodglobal,16,5e-05,0.0001,0.4,1.0,0.25,0.05,lr5e-05_bs16_drop0p4_temp1p0_a0p25_b0p05__wd1e-04trmiss0_degmodglobal,52,0.5579253435134888,0.6214545369148254,0.8666666666666667,0.9060405643738978,0.9285714285714286,0.0,0.4367251321673393,0.5091035813093185,0.1255721766501665,0.34857456758618355,0.0,0.0,0.0,0.0,0.0,18473,global,0.0
5,1,lr5e-05_bs16_drop0p4_temp1p0_a0p25_b0p05__wd1e-04trmiss0_degmodglobal,16,5e-05,0.0001,0.4,1.0,0.25,0.05,lr5e-05_bs16_drop0p4_temp1p0_a0p25_b0p05__wd1e-04trmiss0_degmodglobal,53,0.535171166062355,0.6217305064201355,0.888888888888889,0.9282627865961202,0.9285714285714286,0.0,0.42059244215488434,0.5022141933441162,0.09241700917482376,0.19705426320433617,0.0,0.0,0.0,0.0,0.0,18473,global,0.0
5,1,lr5e-05_bs16_drop0p4_temp1p0_a0p25_b0p05__wd1e-04trmiss0_degmodglobal,16,5e-05,0.0001,0.4,1.0,0.25,0.05,lr5e-05_bs16_drop0p4_temp1p0_a0p25_b0p05__wd1e-04trmiss0_degmodglobal,54,0.5495598763227463,0.621286153793335,0.888888888888889,0.9282627865961202,0.9285714285714286,0.0,0.48036009073257446,0.4844968691468239,0.15366540849208832,0.5329331941902637,0.0,0.0,0.0,0.0,0.0,18473,global,0.0
5,1,lr5e-05_bs16_drop0p4_temp1p0_a0p25_b0p05__wd1e-04trmiss0_degmodglobal,16,5e-05,0.0001,0.4,1.0,0.25,0.05,lr5e-05_bs16_drop0p4_temp1p0_a0p25_b0p05__wd1e-04trmiss0_degmodglobal,55,0.5722158998250961,0.6183498501777649,0.9333333333333333,0.9626543209876546,0.9285714285714286,0.0,0.4769774004817009,0.5301248580217361,0.10819070041179657,0.3008677028119564,0.0,0.0,0.0,0.0,0.0,18473,global,0.0
5,1,lr5e-05_bs16_drop0p4_temp1p0_a0p25_b0p05__wd1e-04trmiss0_degmodglobal,16,5e-05,0.0001,0.4,1.0,0.25,0.05,lr5e-05_bs16_drop0p4_temp1p0_a0p25_b0p05__wd1e-04trmiss0_degmodglobal,56,0.5015700533986092,0.6164063811302185,0.9333333333333333,0.9626543209876546,0.9285714285714286,0.0,0.43313921242952347,0.46171730011701584,0.10087952949106693,0.2926575765013695,0.0,0.0,0.0,0.0,0.0,18473,global,0.0
5,1,lr5e-05_bs16_drop0p4_temp1p0_a0p25_b0p05__wd1e-04trmiss0_degmodglobal,16,5e-05,0.0001,0.4,1.0,0.25,0.05,lr5e-05_bs16_drop0p4_temp1p0_a0p25_b0p05__wd1e-04trmiss0_degmodglobal,57,0.5518533736467361,0.6129653453826904,0.9333333333333333,0.9626543209876546,0.8571428571428571,0.0,0.44350189715623856,0.5043048709630966,0.1227486114948988,0.33722715824842453,0.0,0.0,0.0,0.0,0.0,18473,global,0.0
5,1,lr5e-05_bs16_drop0p4_temp1p0_a0p25_b0p05__wd1e-04trmiss0_degmodglobal,16,5e-05,0.0001,0.4,1.0,0.25,0.05,lr5e-05_bs16_drop0p4_temp1p0_a0p25_b0p05__wd1e-04trmiss0_degmodglobal,58,0.5121931731700897,0.6099626421928406,0.9333333333333333,0.9626543209876546,0.8571428571428571,0.0,0.45361922681331635,0.4790123626589775,0.08707448281347752,0.2282439023256302,0.0,0.0,0.0,0.0,0.0,18473,global,0.0
5,1,lr5e-05_bs16_drop0p4_temp1p0_a0p25_b0p05__wd1e-04trmiss0_degmodglobal,16,5e-05,0.0001,0.4,1.0,0.25,0.05,lr5e-05_bs16_drop0p4_temp1p0_a0p25_b0p05__wd1e-04trmiss0_degmodglobal,59,0.5325866043567657,0.611266016960144,0.9333333333333333,0.9626543209876546,0.8571428571428571,0.0,0.46312960237264633,0.4991641044616699,0.09835086949169636,0.17669542506337166,0.0,0.0,0.0,0.0,0.0,18473,global,0.0
5,1,lr5e-05_bs16_drop0p4_temp1p0_a0p25_b0p05__wd1e-04trmiss0_degmodglobal,16,5e-05,0.0001,0.4,1.0,0.25,0.05,lr5e-05_bs16_drop0p4_temp1p0_a0p25_b0p05__wd1e-04trmiss0_degmodglobal,60,0.5104149132966995,0.6105164289474487,0.9333333333333333,0.9626543209876546,0.8571428571428571,0.0,0.4502667412161827,0.4558735340833664,0.1420259065926075,0.3806983381509781,0.0,0.0,0.0,0.0,0.0,18473,global,0.0
5,1,lr5e-05_bs16_drop0p4_temp1p0_a0p25_b0p05__wd1e-04trmiss0_degmodglobal,16,5e-05,0.0001,0.4,1.0,0.25,0.05,lr5e-05_bs16_drop0p4_temp1p0_a0p25_b0p05__wd1e-04trmiss0_degmodglobal,61,0.5295715853571892,0.6091578602790833,0.9111111111111111,0.9535634118967453,0.8571428571428571,0.0,0.45449984818696976,0.47951462864875793,0.1301836771890521,0.3502204976975918,0.0,0.0,0.0,0.0,0.0,18473,global,0.0
5,1,lr5e-05_bs16_drop0p4_temp1p0_a0p25_b0p05__wd1e-04trmiss0_degmodglobal,16,5e-05,0.0001,0.4,1.0,0.25,0.05,lr5e-05_bs16_drop0p4_temp1p0_a0p25_b0p05__wd1e-04trmiss0_degmodglobal,62,0.5073518753051758,0.6109154224395752,0.8666666666666667,0.9395773979107314,0.8571428571428571,0.0,0.4432525783777237,0.470568910241127,0.09866199269890785,0.2423493154346943,0.0,0.0,0.0,0.0,0.0,18473,global,0.0
5,1,lr5e-05_bs16_drop0p4_temp1p0_a0p25_b0p05__wd1e-04trmiss0_degmodglobal,16,5e-05,0.0001,0.4,1.0,0.25,0.05,lr5e-05_bs16_drop0p4_temp1p0_a0p25_b0p05__wd1e-04trmiss0_degmodglobal,63,0.5580147355794907,0.6070431470870972,0.8666666666666667,0.9395773979107314,0.8571428571428571,0.0,0.45257220417261124,0.5117092132568359,0.1269807368516922,0.29120674915611744,0.0,0.0,0.0,0.0,0.0,18473,global,0.0
5,1,lr5e-05_bs16_drop0p4_temp1p0_a0p25_b0p05__wd1e-04trmiss0_degmodglobal,16,5e-05,0.0001,0.4,1.0,0.25,0.05,lr5e-05_bs16_drop0p4_temp1p0_a0p25_b0p05__wd1e-04trmiss0_degmodglobal,64,0.48710835725069046,0.6054555773735046,0.888888888888889,0.9534662867996202,0.8571428571428571,0.0,0.42776113003492355,0.45750052481889725,0.08745152316987514,0.15489886421710253,0.0,0.0,0.0,0.0,0.0,18473,global,0.0
5,1,lr5e-05_bs16_drop0p4_temp1p0_a0p25_b0p05__wd1e-04trmiss0_degmodglobal,16,5e-05,0.0001,0.4,1.0,0.25,0.05,lr5e-05_bs16_drop0p4_temp1p0_a0p25_b0p05__wd1e-04trmiss0_degmodglobal,65,0.5352508872747421,0.6087321043014526,0.888888888888889,0.9534662867996202,0.8571428571428571,0.0,0.43979594856500626,0.4942474588751793,0.11240333411842585,0.2580517381429672,0.0,0.0,0.0,0.0,0.0,18473,global,0.0
5,1,lr5e-05_bs16_drop0p4_temp1p0_a0p25_b0p05__wd1e-04trmiss0_degmodglobal,16,5e-05,0.0001,0.4,1.0,0.25,0.05,lr5e-05_bs16_drop0p4_temp1p0_a0p25_b0p05__wd1e-04trmiss0_degmodglobal,66,0.5963632613420486,0.6090818643569946,0.8666666666666667,0.9395773979107314,0.8571428571428571,0.0,0.46951764822006226,0.544168546795845,0.13495601899921894,0.3691147118806839,0.0,0.0,0.0,0.0,0.0,18473,global,0.0
5,1,lr5e-05_bs16_drop0p4_temp1p0_a0p25_b0p05__wd1e-04trmiss0_degmodglobal,16,5e-05,0.0001,0.4,1.0,0.25,0.05,lr5e-05_bs16_drop0p4_temp1p0_a0p25_b0p05__wd1e-04trmiss0_degmodglobal,67,0.5581398829817772,0.6048234701156616,0.8666666666666667,0.9395773979107314,0.8571428571428571,0.0,0.46716874837875366,0.5299110189080238,0.07864426262676716,0.17135618533939123,0.0,0.0,0.0,0.0,0.0,18473,global,0.0
5,1,lr5e-05_bs16_drop0p4_temp1p0_a0p25_b0p05__wd1e-04trmiss0_degmodglobal,16,5e-05,0.0001,0.4,1.0,0.25,0.05,lr5e-05_bs16_drop0p4_temp1p0_a0p25_b0p05__wd1e-04trmiss0_degmodglobal,68,0.48707759380340576,0.5999653339385986,0.8666666666666667,0.9395773979107314,0.8571428571428571,0.0,0.4432428404688835,0.4535197913646698,0.09587995335459709,0.1917562298476696,0.0,0.0,0.0,0.0,0.0,18473,global,0.0
5,1,lr5e-05_bs16_drop0p4_temp1p0_a0p25_b0p05__wd1e-04trmiss0_degmodglobal,16,5e-05,0.0001,0.4,1.0,0.25,0.05,lr5e-05_bs16_drop0p4_temp1p0_a0p25_b0p05__wd1e-04trmiss0_degmodglobal,69,0.49998796731233597,0.6025040149688721,0.8666666666666667,0.9395773979107314,0.7857142857142857,0.0,0.4378376603126526,0.46305786073207855,0.09903814271092415,0.24341128254309297,0.0,0.0,0.0,0.0,0.0,18473,global,0.0
5,1,lr5e-05_bs16_drop0p4_temp1p0_a0p25_b0p05__wd1e-04trmiss0_degmodglobal,16,5e-05,0.0001,0.4,1.0,0.25,0.05,lr5e-05_bs16_drop0p4_temp1p0_a0p25_b0p05__wd1e-04trmiss0_degmodglobal,70,0.565327525138855,0.6054099202156067,0.8888888888888888,0.9459876543209877,0.8571428571428571,0.0,0.45086025446653366,0.4913342669606209,0.18494954146444798,0.5551172532141209,0.0,0.0,0.0,0.0,0.0,18473,global,0.0
5,1,lr5e-05_bs16_drop0p4_temp1p0_a0p25_b0p05__wd1e-04trmiss0_degmodglobal,16,5e-05,0.0001,0.4,1.0,0.25,0.05,lr5e-05_bs16_drop0p4_temp1p0_a0p25_b0p05__wd1e-04trmiss0_degmodglobal,71,0.5336535274982452,0.6090152859687805,0.8666666666666667,0.9395773979107314,0.8571428571428571,0.0,0.4361758530139923,0.48983707278966904,0.11794733442366123,0.28659236803650856,0.0,0.0,0.0,0.0,0.0,18473,global,0.0
5,1,lr5e-05_bs16_drop0p4_temp1p0_a0p25_b0p05__wd1e-04trmiss0_degmodglobal,16,5e-05,0.0001,0.4,1.0,0.25,0.05,lr5e-05_bs16_drop0p4_temp1p0_a0p25_b0p05__wd1e-04trmiss0_degmodglobal,72,0.5364785641431808,0.6052812933921814,0.9111111111111111,0.9535634118967453,0.7857142857142857,0.0,0.43697477132081985,0.48237670212984085,0.1462363637983799,0.35085545666515827,0.0,0.0,0.0,0.0,0.0,18473,global,0.0
5,1,lr5e-05_bs16_drop0p4_temp1p0_a0p25_b0p05__wd1e-04trmiss0_degmodglobal,16,5e-05,0.0001,0.4,1.0,0.25,0.05,lr5e-05_bs16_drop0p4_temp1p0_a0p25_b0p05__wd1e-04trmiss0_degmodglobal,73,0.5021555721759796,0.605232834815979,0.9111111111111111,0.9535634118967453,0.8571428571428571,0.0,0.4315327927470207,0.4720194637775421,0.08615884510800242,0.17192810215055943,0.0,0.0,0.0,0.0,0.0,18473,global,0.0
5,1,lr5e-05_bs16_drop0p4_temp1p0_a0p25_b0p05__wd1e-04trmiss0_degmodglobal,16,5e-05,0.0001,0.4,1.0,0.25,0.05,lr5e-05_bs16_drop0p4_temp1p0_a0p25_b0p05__wd1e-04trmiss0_degmodglobal,74,0.5175207778811455,0.6024707555770874,0.9111111111111111,0.9535634118967453,0.7857142857142857,0.0,0.43328969180583954,0.4813520759344101,0.09922033362090588,0.2272723764181137,0.0,0.0,0.0,0.0,0.0,18473,global,0.0
5,1,lr5e-05_bs16_drop0p4_temp1p0_a0p25_b0p05__wd1e-04trmiss0_degmodglobal,16,5e-05,0.0001,0.4,1.0,0.25,0.05,lr5e-05_bs16_drop0p4_temp1p0_a0p25_b0p05__wd1e-04trmiss0_degmodglobal,75,0.563353642821312,0.6045798659324646,0.9111111111111111,0.9535634118967453,0.7857142857142857,0.0,0.4497983977198601,0.5089950710535049,0.1372931031510234,0.4007057175040245,0.0,0.0,0.0,0.0,0.0,18473,global,0.0
5,1,lr5e-05_bs16_drop0p4_temp1p0_a0p25_b0p05__wd1e-04trmiss0_degmodglobal,16,5e-05,0.0001,0.4,1.0,0.25,0.05,lr5e-05_bs16_drop0p4_temp1p0_a0p25_b0p05__wd1e-04trmiss0_degmodglobal,76,0.5096030980348587,0.6033788919448853,0.9111111111111111,0.9535634118967453,0.8571428571428571,0.0,0.4209369271993637,0.46797502040863037,0.11797275580465794,0.24269769340753555,0.0,0.0,0.0,0.0,0.0,18473,global,0.0
5,1,lr5e-05_bs16_drop0p4_temp1p0_a0p25_b0p05__wd1e-04trmiss0_degmodglobal,16,5e-05,0.0001,0.4,1.0,0.25,0.05,lr5e-05_bs16_drop0p4_temp1p0_a0p25_b0p05__wd1e-04trmiss0_degmodglobal,77,0.5153759568929672,0.6044758558273315,0.9111111111111111,0.9598765432098768,0.8571428571428571,0.0,0.40604395419359207,0.47037800401449203,0.11722370237112045,0.3138403706252575,0.0,0.0,0.0,0.0,0.0,18473,global,0.0
5,1,lr5e-05_bs16_drop0p4_temp1p0_a0p25_b0p05__wd1e-04trmiss0_degmodglobal,16,5e-05,0.0001,0.4,1.0,0.25,0.05,lr5e-05_bs16_drop0p4_temp1p0_a0p25_b0p05__wd1e-04trmiss0_degmodglobal,78,0.5839215368032455,0.6045122146606445,0.8888888888888888,0.9459876543209877,0.8571428571428571,0.0,0.4509216994047165,0.533514678478241,0.1322011835873127,0.34713177382946014,0.0,0.0,0.0,0.0,0.0,18473,global,0.0
5,1,lr5e-05_bs16_drop0p4_temp2p0_a0p25_b0p05__wd1e-04trmiss0_degmodglobal,16,5e-05,0.0001,0.4,2.0,0.25,0.05,lr5e-05_bs16_drop0p4_temp2p0_a0p25_b0p05__wd1e-04trmiss0_degmodglobal,1,0.711435467004776,0.7066183686256409,0.42222222222222217,0.6741733575066908,0.5,0.0,0.701841801404953,0.6845170855522156,0.07315539289265871,0.17259056121110916,0.0,0.0,0.0,0.0,0.0,18473,global,0.0
5,1,lr5e-05_bs16_drop0p4_temp2p0_a0p25_b0p05__wd1e-04trmiss0_degmodglobal,16,5e-05,0.0001,0.4,2.0,0.25,0.05,lr5e-05_bs16_drop0p4_temp2p0_a0p25_b0p05__wd1e-04trmiss0_degmodglobal,2,0.7400236874818802,0.7067347764968872,0.42222222222222217,0.6741733575066908,0.5,0.0,0.7210749238729477,0.7095917165279388,0.07931870594620705,0.2120460495352745,0.0,0.0,0.0,0.0,0.0,18473,global,0.0
5,1,lr5e-05_bs16_drop0p4_temp2p0_a0p25_b0p05__wd1e-04trmiss0_degmodglobal,16,5e-05,0.0001,0.4,2.0,0.25,0.05,lr5e-05_bs16_drop0p4_temp2p0_a0p25_b0p05__wd1e-04trmiss0_degmodglobal,3,0.7026740163564682,0.6986477971076965,0.4444444444444444,0.6821098654431987,0.5,0.0,0.647993341088295,0.6812409311532974,0.05505272652953863,0.1533979419618845,0.0,0.0,0.0,0.0,0.0,18473,global,0.0
5,1,lr5e-05_bs16_drop0p4_temp2p0_a0p25_b0p05__wd1e-04trmiss0_degmodglobal,16,5e-05,0.0001,0.4,2.0,0.25,0.05,lr5e-05_bs16_drop0p4_temp2p0_a0p25_b0p05__wd1e-04trmiss0_degmodglobal,4,0.7013607621192932,0.6866185665130615,0.5333333333333333,0.7448523698523699,0.42857142857142855,0.0,0.6912869364023209,0.6677360683679581,0.09150442481040955,0.21497173607349396,0.0,0.0,0.0,0.0,0.0,18473,global,0.0
5,1,lr5e-05_bs16_drop0p4_temp2p0_a0p25_b0p05__wd1e-04trmiss0_degmodglobal,16,5e-05,0.0001,0.4,2.0,0.25,0.05,lr5e-05_bs16_drop0p4_temp2p0_a0p25_b0p05__wd1e-04trmiss0_degmodglobal,5,0.675922691822052,0.6791743040084839,0.5333333333333333,0.7473655973655975,0.42857142857142855,0.0,0.6446225494146347,0.64765764772892,0.08479477372020483,0.14132625795900822,0.0,0.0,0.0,0.0,0.0,18473,global,0.0
5,1,lr5e-05_bs16_drop0p4_temp2p0_a0p25_b0p05__wd1e-04trmiss0_degmodglobal,16,5e-05,0.0001,0.4,2.0,0.25,0.05,lr5e-05_bs16_drop0p4_temp2p0_a0p25_b0p05__wd1e-04trmiss0_degmodglobal,6,0.689983993768692,0.6750344038009644,0.6,0.7711029711029711,0.42857142857142855,0.0,0.6542022377252579,0.6645231246948242,0.06309358030557632,0.19374960288405418,0.0,0.0,0.0,0.0,0.0,18473,global,0.0
5,1,lr5e-05_bs16_drop0p4_temp2p0_a0p25_b0p05__wd1e-04trmiss0_degmodglobal,16,5e-05,0.0001,0.4,2.0,0.25,0.05,lr5e-05_bs16_drop0p4_temp2p0_a0p25_b0p05__wd1e-04trmiss0_degmodglobal,7,0.6666074097156525,0.6701439619064331,0.6666666666666667,0.7723375390042058,0.5714285714285714,0.0,0.6115904152393341,0.6414511650800705,0.0669111255556345,0.1685694120824337,0.0,0.0,0.0,0.0,0.0,18473,global,0.0
5,1,lr5e-05_bs16_drop0p4_temp2p0_a0p25_b0p05__wd1e-04trmiss0_degmodglobal,16,5e-05,0.0001,0.4,2.0,0.25,0.05,lr5e-05_bs16_drop0p4_temp2p0_a0p25_b0p05__wd1e-04trmiss0_degmodglobal,8,0.6543620377779007,0.6634947657585144,0.8,0.8321348404681739,0.8571428571428571,0.0,0.6650576293468475,0.6215051412582397,0.08279913663864136,0.24314192309975624,0.0,0.0,0.0,0.0,0.0,18473,global,0.0
5,1,lr5e-05_bs16_drop0p4_temp2p0_a0p25_b0p05__wd1e-04trmiss0_degmodglobal,16,5e-05,0.0001,0.4,2.0,0.25,0.05,lr5e-05_bs16_drop0p4_temp2p0_a0p25_b0p05__wd1e-04trmiss0_degmodglobal,9,0.6807843148708344,0.6541337370872498,0.8222222222222222,0.8691718775052109,0.8571428571428571,0.0,0.6002475619316101,0.6472011208534241,0.09858633391559124,0.1787322610616684,0.0,0.0,0.0,0.0,0.0,18473,global,0.0
5,1,lr5e-05_bs16_drop0p4_temp2p0_a0p25_b0p05__wd1e-04trmiss0_degmodglobal,16,5e-05,0.0001,0.4,2.0,0.25,0.05,lr5e-05_bs16_drop0p4_temp2p0_a0p25_b0p05__wd1e-04trmiss0_degmodglobal,10,0.6497627347707748,0.6610864996910095,0.8222222222222223,0.8412257495590829,0.7857142857142857,0.0,0.6248055547475815,0.6237966865301132,0.07423409633338451,0.1481509655714035,0.0,0.0,0.0,0.0,0.0,18473,global,0.0
5,1,lr5e-05_bs16_drop0p4_temp2p0_a0p25_b0p05__wd1e-04trmiss0_degmodglobal,16,5e-05,0.0001,0.4,2.0,0.25,0.05,lr5e-05_bs16_drop0p4_temp2p0_a0p25_b0p05__wd1e-04trmiss0_degmodglobal,11,0.6456293016672134,0.66042560338974,0.8222222222222223,0.8412257495590829,0.8571428571428571,0.0,0.6168661117553711,0.6239755749702454,0.0604853592813015,0.13064774684607983,0.0,0.0,0.0,0.0,0.0,18473,global,0.0
5,1,lr5e-05_bs16_drop0p4_temp2p0_a0p25_b0p05__wd1e-04trmiss0_degmodglobal,16,5e-05,0.0001,0.4,2.0,0.25,0.05,lr5e-05_bs16_drop0p4_temp2p0_a0p25_b0p05__wd1e-04trmiss0_degmodglobal,12,0.6134127378463745,0.6694695949554443,0.6666666666666666,0.7774842441509109,0.5714285714285714,0.0,0.5956140160560608,0.5920101553201675,0.0567484050989151,0.14431007206439972,0.0,0.0,0.0,0.0,0.0,18473,global,0.0
5,1,lr5e-05_bs16_drop0p4_temp2p0_a0p25_b0p05__wd1e-04trmiss0_degmodglobal,16,5e-05,0.0001,0.4,2.0,0.25,0.05,lr5e-05_bs16_drop0p4_temp2p0_a0p25_b0p05__wd1e-04trmiss0_degmodglobal,13,0.6351275593042374,0.6769707798957825,0.5555555555555556,0.7248066748066748,0.42857142857142855,0.0,0.5751538127660751,0.6129254251718521,0.06320328451693058,0.12802636250853539,0.0,0.0,0.0,0.0,0.0,18473,global,0.0
5,1,lr5e-05_bs16_drop0p4_temp2p0_a0p25_b0p05__wd1e-04trmiss0_degmodglobal,16,5e-05,0.0001,0.4,2.0,0.25,0.05,lr5e-05_bs16_drop0p4_temp2p0_a0p25_b0p05__wd1e-04trmiss0_degmodglobal,14,0.6532875299453735,0.6832255125045776,0.5555555555555556,0.7216200466200466,0.5,0.0,0.5866996943950653,0.6172693073749542,0.0931361299008131,0.25468408688902855,0.0,0.0,0.0,0.0,0.0,18473,global,0.0
5,1,lr5e-05_bs16_drop0p4_temp2p0_a0p25_b0p05__wd1e-04trmiss0_degmodglobal,16,5e-05,0.0001,0.4,2.0,0.25,0.05,lr5e-05_bs16_drop0p4_temp2p0_a0p25_b0p05__wd1e-04trmiss0_degmodglobal,15,0.6273239403963089,0.6780399084091187,0.5555555555555555,0.7726301476301476,0.5,0.0,0.6077393442392349,0.6070037335157394,0.06188121810555458,0.09699837816879153,0.0,0.0,0.0,0.0,0.0,18473,global,0.0
5,1,lr5e-05_bs16_drop0p4_temp2p0_a0p25_b0p05__wd1e-04trmiss0_degmodglobal,16,5e-05,0.0001,0.4,2.0,0.25,0.05,lr5e-05_bs16_drop0p4_temp2p0_a0p25_b0p05__wd1e-04trmiss0_degmodglobal,16,0.6206972002983093,0.6674286723136902,0.6,0.7896214896214897,0.5,0.0,0.5911478400230408,0.5953428000211716,0.07357745990157127,0.13920068088918924,0.0,0.0,0.0,0.0,0.0,18473,global,0.0
5,1,lr5e-05_bs16_drop0p4_temp2p0_a0p25_b0p05__wd1e-04trmiss0_degmodglobal,16,5e-05,0.0001,0.4,2.0,0.25,0.05,lr5e-05_bs16_drop0p4_temp2p0_a0p25_b0p05__wd1e-04trmiss0_degmodglobal,17,0.6131922006607056,0.6686948537826538,0.6,0.7896214896214897,0.5,0.0,0.5802123844623566,0.5855034291744232,0.07779817096889019,0.16478459909558296,0.0,0.0,0.0,0.0,0.0,18473,global,0.0
5,1,lr5e-05_bs16_drop0p4_temp2p0_a0p25_b0p05__wd1e-04trmiss0_degmodglobal,16,5e-05,0.0001,0.4,2.0,0.25,0.05,lr5e-05_bs16_drop0p4_temp2p0_a0p25_b0p05__wd1e-04trmiss0_degmodglobal,18,0.6426857560873032,0.6745087504386902,0.6222222222222222,0.8044363044363045,0.5,0.0,0.5803807973861694,0.6103615164756775,0.08831537328660488,0.20490829460322857,0.0,0.0,0.0,0.0,0.0,18473,global,0.0
5,1,lr5e-05_bs16_drop0p4_temp2p0_a0p25_b0p05__wd1e-04trmiss0_degmodglobal,16,5e-05,0.0001,0.4,2.0,0.25,0.05,lr5e-05_bs16_drop0p4_temp2p0_a0p25_b0p05__wd1e-04trmiss0_degmodglobal,19,0.6262898743152618,0.6847156286239624,0.5333333333333333,0.7652227402227403,0.5,0.0,0.5766353756189346,0.5996907204389572,0.07667583879083395,0.14860395714640617,0.0,0.0,0.0,0.0,0.0,18473,global,0.0
5,1,lr5e-05_bs16_drop0p4_temp2p0_a0p25_b0p05__wd1e-04trmiss0_degmodglobal,16,5e-05,0.0001,0.4,2.0,0.25,0.05,lr5e-05_bs16_drop0p4_temp2p0_a0p25_b0p05__wd1e-04trmiss0_degmodglobal,20,0.5998827368021011,0.6865451335906982,0.5777777777777777,0.7797008547008548,0.5,0.0,0.6129817366600037,0.5658053010702133,0.09141930844634771,0.2244524545967579,0.0,0.0,0.0,0.0,0.0,18473,global,0.0
5,1,lr5e-05_bs16_drop0p4_temp2p0_a0p25_b0p05__wd1e-04trmiss0_degmodglobal,16,5e-05,0.0001,0.4,2.0,0.25,0.05,lr5e-05_bs16_drop0p4_temp2p0_a0p25_b0p05__wd1e-04trmiss0_degmodglobal,21,0.6409066617488861,0.6872180104255676,0.5555555555555556,0.7480750730750731,0.5,0.0,0.5547776967287064,0.6094698309898376,0.09319017082452774,0.1627857368439436,0.0,0.0,0.0,0.0,0.0,18473,global,0.0
5,1,lr5e-05_bs16_drop0p4_temp2p0_a0p25_b0p05__wd1e-04trmiss0_degmodglobal,16,5e-05,0.0001,0.4,2.0,0.25,0.05,lr5e-05_bs16_drop0p4_temp2p0_a0p25_b0p05__wd1e-04trmiss0_degmodglobal,22,0.6171676814556122,0.6814464926719666,0.5555555555555556,0.7480750730750731,0.5,0.0,0.562444195151329,0.5912461280822754,0.07666423358023167,0.13511035591363907,0.0,0.0,0.0,0.0,0.0,18473,global,0.0
5,1,lr5e-05_bs16_drop0p4_temp2p0_a0p25_b0p05__wd1e-04trmiss0_degmodglobal,16,5e-05,0.0001,0.4,2.0,0.25,0.05,lr5e-05_bs16_drop0p4_temp2p0_a0p25_b0p05__wd1e-04trmiss0_degmodglobal,23,0.6421148926019669,0.6762873530387878,0.6000000000000001,0.7734718984718985,0.5,0.0,0.5679171830415726,0.608168363571167,0.09438147954642773,0.20702321454882622,0.0,0.0,0.0,0.0,0.0,18473,global,0.0
5,1,lr5e-05_bs16_drop0p4_temp2p0_a0p25_b0p05__wd1e-04trmiss0_degmodglobal,16,5e-05,0.0001,0.4,2.0,0.25,0.05,lr5e-05_bs16_drop0p4_temp2p0_a0p25_b0p05__wd1e-04trmiss0_degmodglobal,24,0.6542753726243973,0.6797758340835571,0.5777777777777777,0.7364348614348615,0.5,0.0,0.5797922611236572,0.622596874833107,0.09018481895327568,0.18264608457684517,0.0,0.0,0.0,0.0,0.0,18473,global,0.0
5,1,lr5e-05_bs16_drop0p4_temp2p0_a0p25_b0p05__wd1e-04trmiss0_degmodglobal,16,5e-05,0.0001,0.4,2.0,0.25,0.05,lr5e-05_bs16_drop0p4_temp2p0_a0p25_b0p05__wd1e-04trmiss0_degmodglobal,25,0.630465492606163,0.6834930777549744,0.5777777777777777,0.7364348614348615,0.5,0.0,0.5823090821504593,0.6003786474466324,0.08621185831725597,0.17067727725952864,0.0,0.0,0.0,0.0,0.0,18473,global,0.0
5,1,lr5e-05_bs16_drop0p4_temp2p0_a0p25_b0p05__wd1e-04trmiss0_degmodglobal,16,5e-05,0.0001,0.4,2.0,0.25,0.05,lr5e-05_bs16_drop0p4_temp2p0_a0p25_b0p05__wd1e-04trmiss0_degmodglobal,26,0.5904639214277267,0.6839320659637451,0.5777777777777777,0.7364348614348615,0.5,0.0,0.5347930938005447,0.5648011267185211,0.07107255142182112,0.1578930765390396,0.0,0.0,0.0,0.0,0.0,18473,global,0.0
5,1,lr5e-05_bs16_drop0p4_temp2p0_a0p25_b0p05__wd1e-04trmiss0_degmodglobal,16,5e-05,0.0001,0.4,2.0,0.25,0.05,lr5e-05_bs16_drop0p4_temp2p0_a0p25_b0p05__wd1e-04trmiss0_degmodglobal,27,0.6225774139165878,0.6761276125907898,0.5777777777777777,0.7364348614348615,0.5,0.0,0.6088974475860596,0.5936460345983505,0.07973477058112621,0.17995373532176018,0.0,0.0,0.0,0.0,0.0,18473,global,0.0
5,1,lr5e-05_bs16_drop0p4_temp2p0_a0p25_b0p05__wd1e-04trmiss0_degmodglobal,16,5e-05,0.0001,0.4,2.0,0.25,0.05,lr5e-05_bs16_drop0p4_temp2p0_a0p25_b0p05__wd1e-04trmiss0_degmodglobal,28,0.5917957127094269,0.6729207634925842,0.5777777777777777,0.7364348614348615,0.5714285714285714,0.0,0.555977389216423,0.5639181435108185,0.07597963511943817,0.17765327543020248,0.0,0.0,0.0,0.0,0.0,18473,global,0.0
5,1,lr5e-05_bs16_drop0p4_temp2p0_a0p25_b0p05__wd1e-04trmiss0_degmodglobal,16,5e-05,0.0001,0.4,2.0,0.25,0.05,lr5e-05_bs16_drop0p4_temp2p0_a0p25_b0p05__wd1e-04trmiss0_degmodglobal,29,0.6022936850786209,0.671034038066864,0.6,0.7428451178451179,0.5714285714285714,0.0,0.5498392209410667,0.5688188672065735,0.09559277445077896,0.19153275899589062,0.0,0.0,0.0,0.0,0.0,18473,global,0.0
5,1,lr5e-05_bs16_drop0p4_temp2p0_a0p25_b0p05__wd1e-04trmiss0_degmodglobal,16,5e-05,0.0001,0.4,2.0,0.25,0.05,lr5e-05_bs16_drop0p4_temp2p0_a0p25_b0p05__wd1e-04trmiss0_degmodglobal,30,0.5883564054965973,0.6662781834602356,0.6000000000000001,0.7734718984718985,0.5714285714285714,0.0,0.5705000013113022,0.5598376393318176,0.07865601032972336,0.17709549330174923,0.0,0.0,0.0,0.0,0.0,18473,global,0.0
5,1,lr5e-05_bs16_drop0p4_temp2p0_a0p25_b0p05__wd1e-04trmiss0_degmodglobal,16,5e-05,0.0001,0.4,2.0,0.25,0.05,lr5e-05_bs16_drop0p4_temp2p0_a0p25_b0p05__wd1e-04trmiss0_degmodglobal,31,0.6284936666488647,0.6637738347053528,0.6222222222222222,0.8012496762496764,0.5714285714285714,0.0,0.5257455483078957,0.5899972170591354,0.10951304621994495,0.2223638817667961,0.0,0.0,0.0,0.0,0.0,18473,global,0.0
5,1,lr1e-05_bs16_drop0p2_temp1p0_a0p25_b0p05__wd1e-04trmiss0_degmodglobal,16,1e-05,0.0001,0.2,1.0,0.25,0.05,lr1e-05_bs16_drop0p2_temp1p0_a0p25_b0p05__wd1e-04trmiss0_degmodglobal,1,0.6888369768857956,0.664229691028595,0.6444444444444444,0.8365800865800868,0.5714285714285714,0.0,0.6877145022153854,0.6708901226520538,0.04891566466540098,0.11435866635292768,0.0,0.0,0.0,0.0,0.0,18473,global,0.0
5,1,lr1e-05_bs16_drop0p2_temp1p0_a0p25_b0p05__wd1e-04trmiss0_degmodglobal,16,1e-05,0.0001,0.2,1.0,0.25,0.05,lr1e-05_bs16_drop0p2_temp1p0_a0p25_b0p05__wd1e-04trmiss0_degmodglobal,2,0.6659463942050934,0.6607936024665833,0.6888888888888888,0.8555555555555556,0.5714285714285714,0.0,0.6725555658340454,0.6489960551261902,0.0447327820584178,0.11534306220710278,0.0,0.0,0.0,0.0,0.0,18473,global,0.0
5,1,lr1e-05_bs16_drop0p2_temp1p0_a0p25_b0p05__wd1e-04trmiss0_degmodglobal,16,1e-05,0.0001,0.2,1.0,0.25,0.05,lr1e-05_bs16_drop0p2_temp1p0_a0p25_b0p05__wd1e-04trmiss0_degmodglobal,3,0.657248243689537,0.655933678150177,0.7111111111111111,0.8622895622895626,0.5714285714285714,0.0,0.6471223086118698,0.6426118910312653,0.04304574429988861,0.07749840710312128,0.0,0.0,0.0,0.0,0.0,18473,global,0.0
5,1,lr1e-05_bs16_drop0p2_temp1p0_a0p25_b0p05__wd1e-04trmiss0_degmodglobal,16,1e-05,0.0001,0.2,1.0,0.25,0.05,lr1e-05_bs16_drop0p2_temp1p0_a0p25_b0p05__wd1e-04trmiss0_degmodglobal,4,0.655607596039772,0.6490951776504517,0.7555555555555555,0.8790123456790124,0.5714285714285714,0.0,0.6132159233093262,0.6419782638549805,0.04105521645396948,0.06731071788817644,0.0,0.0,0.0,0.0,0.0,18473,global,0.0
5,1,lr1e-05_bs16_drop0p2_temp1p0_a0p25_b0p05__wd1e-04trmiss0_degmodglobal,16,1e-05,0.0001,0.2,1.0,0.25,0.05,lr1e-05_bs16_drop0p2_temp1p0_a0p25_b0p05__wd1e-04trmiss0_degmodglobal,5,0.6484725028276443,0.6428816914558411,0.7555555555555555,0.8790123456790124,0.5714285714285714,0.0,0.6299282014369965,0.6334501206874847,0.04310614941641688,0.08491659164428711,0.0,0.0,0.0,0.0,0.0,18473,global,0.0
5,1,lr1e-05_bs16_drop0p2_temp1p0_a0p25_b0p05__wd1e-04trmiss0_degmodglobal,16,1e-05,0.0001,0.2,1.0,0.25,0.05,lr1e-05_bs16_drop0p2_temp1p0_a0p25_b0p05__wd1e-04trmiss0_degmodglobal,6,0.684599980711937,0.6379666328430176,0.7555555555555555,0.8790123456790124,0.5714285714285714,0.0,0.6464236676692963,0.6693001836538315,0.044973875395953655,0.0811269897967577,0.0,0.0,0.0,0.0,0.0,18473,global,0.0
5,1,lr1e-05_bs16_drop0p2_temp1p0_a0p25_b0p05__wd1e-04trmiss0_degmodglobal,16,1e-05,0.0001,0.2,1.0,0.25,0.05,lr1e-05_bs16_drop0p2_temp1p0_a0p25_b0p05__wd1e-04trmiss0_degmodglobal,7,0.6799260228872299,0.6324174404144287,0.7555555555555555,0.8790123456790124,0.5714285714285714,0.0,0.6813238859176636,0.663496345281601,0.04731873515993357,0.09199975803494453,0.0,0.0,0.0,0.0,0.0,18473,global,0.0
5,1,lr1e-05_bs16_drop0p2_temp1p0_a0p25_b0p05__wd1e-04trmiss0_degmodglobal,16,1e-05,0.0001,0.2,1.0,0.25,0.05,lr1e-05_bs16_drop0p2_temp1p0_a0p25_b0p05__wd1e-04trmiss0_degmodglobal,8,0.6545021533966064,0.6266536116600037,0.7555555555555555,0.8790123456790124,0.6428571428571429,0.0,0.6156377494335175,0.6388605386018753,0.03864008607342839,0.11963185295462608,0.0,0.0,0.0,0.0,0.0,18473,global,0.0
5,1,lr1e-05_bs16_drop0p2_temp1p0_a0p25_b0p05__wd1e-04trmiss0_degmodglobal,16,1e-05,0.0001,0.2,1.0,0.25,0.05,lr1e-05_bs16_drop0p2_temp1p0_a0p25_b0p05__wd1e-04trmiss0_degmodglobal,9,0.6916863769292831,0.6201027631759644,0.8444444444444443,0.929700854700855,0.6428571428571429,0.0,0.6625026017427444,0.6756757944822311,0.044185906648635864,0.09928218182176352,0.0,0.0,0.0,0.0,0.0,18473,global,0.0
5,1,lr1e-05_bs16_drop0p2_temp1p0_a0p25_b0p05__wd1e-04trmiss0_degmodglobal,16,1e-05,0.0001,0.2,1.0,0.25,0.05,lr1e-05_bs16_drop0p2_temp1p0_a0p25_b0p05__wd1e-04trmiss0_degmodglobal,10,0.668338268995285,0.6195613741874695,0.8,0.9030253696920365,0.6428571428571429,0.0,0.6364142149686813,0.6535084843635559,0.04238730575889349,0.08465919550508261,0.0,0.0,0.0,0.0,0.0,18473,global,0.0
5,1,lr1e-05_bs16_drop0p2_temp1p0_a0p25_b0p05__wd1e-04trmiss0_degmodglobal,16,1e-05,0.0001,0.2,1.0,0.25,0.05,lr1e-05_bs16_drop0p2_temp1p0_a0p25_b0p05__wd1e-04trmiss0_degmodglobal,11,0.6476440727710724,0.6169273853302002,0.8222222222222222,0.9188983855650523,0.6428571428571429,0.0,0.6102190613746643,0.6297367364168167,0.054449151270091534,0.08590104430913925,0.0,0.0,0.0,0.0,0.0,18473,global,0.0
5,1,lr1e-05_bs16_drop0p2_temp1p0_a0p25_b0p05__wd1e-04trmiss0_degmodglobal,16,1e-05,0.0001,0.2,1.0,0.25,0.05,lr1e-05_bs16_drop0p2_temp1p0_a0p25_b0p05__wd1e-04trmiss0_degmodglobal,12,0.6760290563106537,0.6147893667221069,0.8222222222222222,0.9188983855650523,0.6428571428571429,0.0,0.6526059657335281,0.6611486226320267,0.03936856426298618,0.10076583363115788,0.0,0.0,0.0,0.0,0.0,18473,global,0.0
5,1,lr1e-05_bs16_drop0p2_temp1p0_a0p25_b0p05__wd1e-04trmiss0_degmodglobal,16,1e-05,0.0001,0.2,1.0,0.25,0.05,lr1e-05_bs16_drop0p2_temp1p0_a0p25_b0p05__wd1e-04trmiss0_degmodglobal,13,0.6356166750192642,0.6136114597320557,0.8666666666666667,0.9395773979107314,0.6428571428571429,0.0,0.6312913149595261,0.6209058165550232,0.04512983188033104,0.0685678655281663,0.0,0.0,0.0,0.0,0.0,18473,global,0.0
5,1,lr1e-05_bs16_drop0p2_temp1p0_a0p25_b0p05__wd1e-04trmiss0_degmodglobal,16,1e-05,0.0001,0.2,1.0,0.25,0.05,lr1e-05_bs16_drop0p2_temp1p0_a0p25_b0p05__wd1e-04trmiss0_degmodglobal,14,0.6603943705558777,0.6126584410667419,0.8666666666666667,0.9395773979107314,0.6428571428571429,0.0,0.6493678539991379,0.6453609764575958,0.044328638818114996,0.07902433350682259,0.0,0.0,0.0,0.0,0.0,18473,global,0.0
5,1,lr1e-05_bs16_drop0p2_temp1p0_a0p25_b0p05__wd1e-04trmiss0_degmodglobal,16,1e-05,0.0001,0.2,1.0,0.25,0.05,lr1e-05_bs16_drop0p2_temp1p0_a0p25_b0p05__wd1e-04trmiss0_degmodglobal,15,0.6434619873762131,0.6107079982757568,0.8666666666666667,0.9395773979107314,0.6428571428571429,0.0,0.662471354007721,0.6234122663736343,0.05814087204635143,0.11028974689543247,0.0,0.0,0.0,0.0,0.0,18473,global,0.0
5,1,lr1e-05_bs16_drop0p2_temp1p0_a0p25_b0p05__wd1e-04trmiss0_degmodglobal,16,1e-05,0.0001,0.2,1.0,0.25,0.05,lr1e-05_bs16_drop0p2_temp1p0_a0p25_b0p05__wd1e-04trmiss0_degmodglobal,16,0.6341723948717117,0.6126432418823242,0.8666666666666667,0.9395773979107314,0.6428571428571429,0.0,0.6478091478347778,0.6148411482572556,0.05556608736515045,0.10879484750330448,0.0,0.0,0.0,0.0,0.0,18473,global,0.0
5,1,lr1e-05_bs16_drop0p2_temp1p0_a0p25_b0p05__wd1e-04trmiss0_degmodglobal,16,1e-05,0.0001,0.2,1.0,0.25,0.05,lr1e-05_bs16_drop0p2_temp1p0_a0p25_b0p05__wd1e-04trmiss0_degmodglobal,17,0.6416484415531158,0.6108124852180481,0.8666666666666667,0.9395773979107314,0.6428571428571429,0.0,0.6282209753990173,0.6246216744184494,0.05030497722327709,0.0890100346878171,0.0,0.0,0.0,0.0,0.0,18473,global,0.0
5,1,lr1e-05_bs16_drop0p2_temp1p0_a0p25_b0p05__wd1e-04trmiss0_degmodglobal,16,1e-05,0.0001,0.2,1.0,0.25,0.05,lr1e-05_bs16_drop0p2_temp1p0_a0p25_b0p05__wd1e-04trmiss0_degmodglobal,18,0.6239239722490311,0.6111442446708679,0.8444444444444443,0.929700854700855,0.6428571428571429,0.0,0.5932529121637344,0.6084034889936447,0.047789400443434715,0.07146300747990608,0.0,0.0,0.0,0.0,0.0,18473,global,0.0
5,1,lr1e-05_bs16_drop0p2_temp1p0_a0p25_b0p05__wd1e-04trmiss0_degmodglobal,16,1e-05,0.0001,0.2,1.0,0.25,0.05,lr1e-05_bs16_drop0p2_temp1p0_a0p25_b0p05__wd1e-04trmiss0_degmodglobal,19,0.6632913649082184,0.6151100397109985,0.8222222222222222,0.9188983855650523,0.6428571428571429,0.0,0.6176988929510117,0.649333655834198,0.04173984192311764,0.07045468036085367,0.0,0.0,0.0,0.0,0.0,18473,global,0.0
5,1,lr1e-05_bs16_drop0p2_temp1p0_a0p25_b0p05__wd1e-04trmiss0_degmodglobal,16,1e-05,0.0001,0.2,1.0,0.25,0.05,lr1e-05_bs16_drop0p2_temp1p0_a0p25_b0p05__wd1e-04trmiss0_degmodglobal,20,0.6215613782405853,0.6140987277030945,0.8222222222222222,0.9188983855650523,0.6428571428571429,0.0,0.5996794551610947,0.6066377907991409,0.04421609919518232,0.07739166729152203,0.0,0.0,0.0,0.0,0.0,18473,global,0.0
5,1,lr1e-05_bs16_drop0p2_temp1p0_a0p25_b0p05__wd1e-04trmiss0_degmodglobal,16,1e-05,0.0001,0.2,1.0,0.25,0.05,lr1e-05_bs16_drop0p2_temp1p0_a0p25_b0p05__wd1e-04trmiss0_degmodglobal,21,0.6224442720413208,0.6183527708053589,0.8,0.9134038800705468,0.6428571428571429,0.0,0.5924212634563446,0.6066947132349014,0.048034485429525375,0.07481909170746803,0.0,0.0,0.0,0.0,0.0,18473,global,0.0
5,1,lr1e-05_bs16_drop0p2_temp1p0_a0p25_b0p05__wd1e-04trmiss0_degmodglobal,16,1e-05,0.0001,0.2,1.0,0.25,0.05,lr1e-05_bs16_drop0p2_temp1p0_a0p25_b0p05__wd1e-04trmiss0_degmodglobal,22,0.614544615149498,0.618779182434082,0.8,0.9134038800705468,0.6428571428571429,0.0,0.59853695333004,0.598883181810379,0.050755223259329796,0.05945235653780401,0.0,0.0,0.0,0.0,0.0,18473,global,0.0
5,1,lr1e-05_bs16_drop0p2_temp1p0_a0p25_b0p05__wd1e-04trmiss0_degmodglobal,16,1e-05,0.0001,0.2,1.0,0.25,0.05,lr1e-05_bs16_drop0p2_temp1p0_a0p25_b0p05__wd1e-04trmiss0_degmodglobal,23,0.6036259084939957,0.6199184656143188,0.8222222222222222,0.9188983855650523,0.6428571428571429,0.0,0.5800254046916962,0.5893587619066238,0.04480911046266556,0.06129730259999633,0.0,0.0,0.0,0.0,0.0,18473,global,0.0
5,1,lr1e-05_bs16_drop0p2_temp1p0_a0p25_b0p05__wd1e-04trmiss0_degmodglobal,16,1e-05,0.0001,0.2,1.0,0.25,0.05,lr1e-05_bs16_drop0p2_temp1p0_a0p25_b0p05__wd1e-04trmiss0_degmodglobal,24,0.6354745775461197,0.6208999156951904,0.8,0.9134038800705468,0.6428571428571429,0.0,0.6005224138498306,0.6193050146102905,0.045555517077445984,0.09561390243470669,0.0,0.0,0.0,0.0,0.0,18473,global,0.0
5,1,lr1e-05_bs16_drop0p2_temp1p0_a0p25_b0p05__wd1e-04trmiss0_degmodglobal,16,1e-05,0.0001,0.2,1.0,0.25,0.05,lr1e-05_bs16_drop0p2_temp1p0_a0p25_b0p05__wd1e-04trmiss0_degmodglobal,25,0.6197501420974731,0.618086576461792,0.8222222222222222,0.9188983855650523,0.6428571428571429,0.0,0.6156356185674667,0.6030583828687668,0.048581731505692005,0.09092637896537781,0.0,0.0,0.0,0.0,0.0,18473,global,0.0
5,1,lr1e-05_bs16_drop0p2_temp1p0_a0p25_b0p05__wd1e-04trmiss0_degmodglobal,16,1e-05,0.0001,0.2,1.0,0.25,0.05,lr1e-05_bs16_drop0p2_temp1p0_a0p25_b0p05__wd1e-04trmiss0_degmodglobal,26,0.6329552084207535,0.6154060363769531,0.8222222222222222,0.9188983855650523,0.6428571428571429,0.0,0.5897361189126968,0.614810511469841,0.05817764904350042,0.0720054442062974,0.0,0.0,0.0,0.0,0.0,18473,global,0.0
5,1,lr1e-05_bs16_drop0p2_temp1p0_a0p25_b0p05__wd1e-04trmiss0_degmodglobal,16,1e-05,0.0001,0.2,1.0,0.25,0.05,lr1e-05_bs16_drop0p2_temp1p0_a0p25_b0p05__wd1e-04trmiss0_degmodglobal,27,0.6332428604364395,0.618125855922699,0.8222222222222222,0.9188983855650523,0.6428571428571429,0.0,0.6291800737380981,0.621629074215889,0.034513610415160656,0.05970785394310951,0.0,0.0,0.0,0.0,0.0,18473,global,0.0
5,1,lr1e-05_bs16_drop0p2_temp1p0_a0p25_b0p05__wd1e-04trmiss0_degmodglobal,16,1e-05,0.0001,0.2,1.0,0.25,0.05,lr1e-05_bs16_drop0p2_temp1p0_a0p25_b0p05__wd1e-04trmiss0_degmodglobal,28,0.635316014289856,0.6153042912483215,0.8222222222222222,0.9188983855650523,0.6428571428571429,0.0,0.6024394780397415,0.6186282485723495,0.04924234468489885,0.08754304330796003,0.0,0.0,0.0,0.0,0.0,18473,global,0.0
5,1,lr1e-05_bs16_drop0p2_temp1p0_a0p25_b0p05__wd1e-04trmiss0_degmodglobal,16,1e-05,0.0001,0.2,1.0,0.25,0.05,lr1e-05_bs16_drop0p2_temp1p0_a0p25_b0p05__wd1e-04trmiss0_degmodglobal,29,0.6197062283754349,0.6166307330131531,0.8222222222222222,0.9188983855650523,0.6428571428571429,0.0,0.624470129609108,0.6036245375871658,0.04498552158474922,0.09670601971447468,0.0,0.0,0.0,0.0,0.0,18473,global,0.0
5,1,lr1e-05_bs16_drop0p2_temp1p0_a0p25_b0p05__wd1e-04trmiss0_degmodglobal,16,1e-05,0.0001,0.2,1.0,0.25,0.05,lr1e-05_bs16_drop0p2_temp1p0_a0p25_b0p05__wd1e-04trmiss0_degmodglobal,30,0.6273915767669678,0.6151987314224243,0.8222222222222222,0.9188983855650523,0.6428571428571429,0.0,0.6019644439220428,0.6118270605802536,0.0482845026999712,0.0698675881139934,0.0,0.0,0.0,0.0,0.0,18473,global,0.0
5,1,lr1e-05_bs16_drop0p2_temp1p0_a0p25_b0p05__wd1e-04trmiss0_degmodglobal,16,1e-05,0.0001,0.2,1.0,0.25,0.05,lr1e-05_bs16_drop0p2_temp1p0_a0p25_b0p05__wd1e-04trmiss0_degmodglobal,31,0.6156008690595627,0.6130228042602539,0.8222222222222222,0.9188983855650523,0.6428571428571429,0.0,0.5777895152568817,0.6018831580877304,0.04226612485945225,0.06302377488464117,0.0,0.0,0.0,0.0,0.0,18473,global,0.0
5,1,lr1e-05_bs16_drop0p2_temp1p0_a0p25_b0p05__wd1e-04trmiss0_degmodglobal,16,1e-05,0.0001,0.2,1.0,0.25,0.05,lr1e-05_bs16_drop0p2_temp1p0_a0p25_b0p05__wd1e-04trmiss0_degmodglobal,32,0.6718015670776367,0.6104267239570618,0.8444444444444443,0.929700854700855,0.6428571428571429,0.0,0.6208709478378296,0.658523216843605,0.03978510852903128,0.06664150580763817,0.0,0.0,0.0,0.0,0.0,18473,global,0.0
5,1,lr1e-05_bs16_drop0p2_temp1p0_a0p25_b0p05__wd1e-04trmiss0_degmodglobal,16,1e-05,0.0001,0.2,1.0,0.25,0.05,lr1e-05_bs16_drop0p2_temp1p0_a0p25_b0p05__wd1e-04trmiss0_degmodglobal,33,0.596840038895607,0.6093105673789978,0.8222222222222222,0.9188983855650523,0.6428571428571429,0.0,0.5770269632339478,0.5819528102874756,0.045703135430812836,0.06922910083085299,0.0,0.0,0.0,0.0,0.0,18473,global,0.0
5,1,lr1e-05_bs16_drop0p2_temp1p0_a0p25_b0p05__wd1e-04trmiss0_degmodglobal,16,1e-05,0.0001,0.2,1.0,0.25,0.05,lr1e-05_bs16_drop0p2_temp1p0_a0p25_b0p05__wd1e-04trmiss0_degmodglobal,34,0.6140775084495544,0.6071386337280273,0.8444444444444443,0.929700854700855,0.6428571428571429,0.0,0.5677616149187088,0.5987392067909241,0.04719529673457146,0.07078990573063493,0.0,0.0,0.0,0.0,0.0,18473,global,0.0
5,1,lr1e-05_bs16_drop0p2_temp1p0_a0p25_b0p05__wd1e-04trmiss0_degmodglobal,16,1e-05,0.0001,0.2,1.0,0.25,0.05,lr1e-05_bs16_drop0p2_temp1p0_a0p25_b0p05__wd1e-04trmiss0_degmodglobal,35,0.6047510504722595,0.6076628565788269,0.8444444444444443,0.929700854700855,0.6428571428571429,0.0,0.5799153745174408,0.5857295989990234,0.05418039299547672,0.10952696204185486,0.0,0.0,0.0,0.0,0.0,18473,global,0.0
5,1,lr1e-05_bs16_drop0p2_temp2p0_a0p25_b0p05__wd1e-04trmiss0_degmodglobal,16,1e-05,0.0001,0.2,2.0,0.25,0.05,lr1e-05_bs16_drop0p2_temp2p0_a0p25_b0p05__wd1e-04trmiss0_degmodglobal,1,0.7252954989671707,0.7237306237220764,0.24444444444444444,0.547300230633564,0.2857142857142857,0.0,0.6801124960184097,0.7093606740236282,0.04333953931927681,0.10199871100485325,0.0,0.0,0.0,0.0,0.0,18473,global,0.0
5,1,lr1e-05_bs16_drop0p2_temp2p0_a0p25_b0p05__wd1e-04trmiss0_degmodglobal,16,1e-05,0.0001,0.2,2.0,0.25,0.05,lr1e-05_bs16_drop0p2_temp2p0_a0p25_b0p05__wd1e-04trmiss0_degmodglobal,2,0.7120038568973541,0.7293940186500549,0.24444444444444444,0.547300230633564,0.2857142857142857,0.0,0.6826874762773514,0.6941256076097488,0.05011535808444023,0.10698814131319523,0.0,0.0,0.0,0.0,0.0,18473,global,0.0
5,1,lr1e-05_bs16_drop0p2_temp2p0_a0p25_b0p05__wd1e-04trmiss0_degmodglobal,16,1e-05,0.0001,0.2,2.0,0.25,0.05,lr1e-05_bs16_drop0p2_temp2p0_a0p25_b0p05__wd1e-04trmiss0_degmodglobal,3,0.7113355845212936,0.7363461256027222,0.2666666666666666,0.5531924865258199,0.35714285714285715,0.0,0.67923603951931,0.6919205039739609,0.05145684164017439,0.131017554551363,0.0,0.0,0.0,0.0,0.0,18473,global,0.0
5,1,lr1e-05_bs16_drop0p2_temp2p0_a0p25_b0p05__wd1e-04trmiss0_degmodglobal,16,1e-05,0.0001,0.2,2.0,0.25,0.05,lr1e-05_bs16_drop0p2_temp2p0_a0p25_b0p05__wd1e-04trmiss0_degmodglobal,4,0.7587579935789108,0.7424491047859192,0.2666666666666666,0.5531924865258199,0.35714285714285715,0.0,0.677576020359993,0.74031101167202,0.046188424341380596,0.1379974540323019,0.0,0.0,0.0,0.0,0.0,18473,global,0.0
5,1,lr1e-05_bs16_drop0p2_temp2p0_a0p25_b0p05__wd1e-04trmiss0_degmodglobal,16,1e-05,0.0001,0.2,2.0,0.25,0.05,lr1e-05_bs16_drop0p2_temp2p0_a0p25_b0p05__wd1e-04trmiss0_degmodglobal,5,0.7234484702348709,0.7452172636985779,0.2888888888888888,0.5588904922238256,0.35714285714285715,0.0,0.6756406426429749,0.7059552818536758,0.04788936208933592,0.11041692737489939,0.0,0.0,0.0,0.0,0.0,18473,global,0.0
5,1,lr1e-05_bs16_drop0p2_temp2p0_a0p25_b0p05__wd1e-04trmiss0_degmodglobal,16,1e-05,0.0001,0.2,2.0,0.25,0.05,lr1e-05_bs16_drop0p2_temp2p0_a0p25_b0p05__wd1e-04trmiss0_degmodglobal,6,0.7100976556539536,0.7460411190986633,0.31111111111111106,0.5668270001603336,0.2857142857142857,0.0,0.6647608727216721,0.6924776881933212,0.049481489695608616,0.10499185882508755,0.0,0.0,0.0,0.0,0.0,18473,global,0.0
5,1,lr1e-05_bs16_drop0p2_temp2p0_a0p25_b0p05__wd1e-04trmiss0_degmodglobal,16,1e-05,0.0001,0.2,2.0,0.25,0.05,lr1e-05_bs16_drop0p2_temp2p0_a0p25_b0p05__wd1e-04trmiss0_degmodglobal,7,0.6822130531072617,0.7482597827911377,0.33333333333333326,0.5779381112714447,0.2857142857142857,0.0,0.6862975507974625,0.6642274260520935,0.04898275062441826,0.11479895934462547,0.0,0.0,0.0,0.0,0.0,18473,global,0.0
5,1,lr1e-05_bs16_drop0p2_temp2p0_a0p25_b0p05__wd1e-04trmiss0_degmodglobal,16,1e-05,0.0001,0.2,2.0,0.25,0.05,lr1e-05_bs16_drop0p2_temp2p0_a0p25_b0p05__wd1e-04trmiss0_degmodglobal,8,0.6998565047979355,0.7479161620140076,0.33333333333333326,0.5779381112714447,0.2857142857142857,0.0,0.6607049107551575,0.6840477138757706,0.044280147179961205,0.09477519802749157,0.0,0.0,0.0,0.0,0.0,18473,global,0.0
5,1,lr1e-05_bs16_drop0p2_temp2p0_a0p25_b0p05__wd1e-04trmiss0_degmodglobal,16,1e-05,0.0001,0.2,2.0,0.25,0.05,lr1e-05_bs16_drop0p2_temp2p0_a0p25_b0p05__wd1e-04trmiss0_degmodglobal,9,0.6914740651845932,0.7452877759933472,0.33333333333333326,0.5779381112714447,0.35714285714285715,0.0,0.6725638061761856,0.672281488776207,0.05128282401710749,0.12743753381073475,0.0,0.0,0.0,0.0,0.0,18473,global,0.0
5,1,lr1e-05_bs16_drop0p2_temp2p0_a0p25_b0p05__wd1e-04trmiss0_degmodglobal,16,1e-05,0.0001,0.2,2.0,0.25,0.05,lr1e-05_bs16_drop0p2_temp2p0_a0p25_b0p05__wd1e-04trmiss0_degmodglobal,10,0.6920193582773209,0.7465261220932007,0.3555555555555555,0.6334936668270001,0.35714285714285715,0.0,0.647103562951088,0.6719212979078293,0.0482927430421114,0.1604972667992115,0.0,0.0,0.0,0.0,0.0,18473,global,0.0
5,1,lr1e-05_bs16_drop0p2_temp2p0_a0p25_b0p05__wd1e-04trmiss0_degmodglobal,16,1e-05,0.0001,0.2,2.0,0.25,0.05,lr1e-05_bs16_drop0p2_temp2p0_a0p25_b0p05__wd1e-04trmiss0_degmodglobal,11,0.6882182508707047,0.746174156665802,0.3555555555555555,0.6334936668270001,0.35714285714285715,0.0,0.6643814295530319,0.665549173951149,0.0600117826834321,0.15332254022359848,0.0,0.0,0.0,0.0,0.0,18473,global,0.0
5,1,lr1e-05_bs16_drop0p2_temp2p0_a0p25_b0p05__wd1e-04trmiss0_degmodglobal,16,1e-05,0.0001,0.2,2.0,0.25,0.05,lr1e-05_bs16_drop0p2_temp2p0_a0p25_b0p05__wd1e-04trmiss0_degmodglobal,12,0.6976283639669418,0.7447097301483154,0.3555555555555555,0.6334936668270001,0.35714285714285715,0.0,0.6332505345344543,0.6746818572282791,0.062498290091753006,0.14643893390893936,0.0,0.0,0.0,0.0,0.0,18473,global,0.0
5,1,lr1e-05_bs16_drop0p2_temp2p0_a0p25_b0p05__wd1e-04trmiss0_degmodglobal,16,1e-05,0.0001,0.2,2.0,0.25,0.05,lr1e-05_bs16_drop0p2_temp2p0_a0p25_b0p05__wd1e-04trmiss0_degmodglobal,13,0.6932607889175415,0.7461350560188293,0.3555555555555555,0.6334936668270001,0.35714285714285715,0.0,0.6400218307971954,0.6735767275094986,0.05470424983650446,0.12016036920249462,0.0,0.0,0.0,0.0,0.0,18473,global,0.0
5,1,lr1e-05_bs16_drop0p2_temp2p0_a0p25_b0p05__wd1e-04trmiss0_degmodglobal,16,1e-05,0.0001,0.2,2.0,0.25,0.05,lr1e-05_bs16_drop0p2_temp2p0_a0p25_b0p05__wd1e-04trmiss0_degmodglobal,14,0.7152546644210815,0.747775673866272,0.3555555555555555,0.6334936668270001,0.35714285714285715,0.0,0.628585934638977,0.6975025534629822,0.049297736026346684,0.10855373553931713,0.0,0.0,0.0,0.0,0.0,18473,global,0.0
5,1,lr1e-05_bs16_drop0p2_temp2p0_a0p25_b0p05__wd1e-04trmiss0_degmodglobal,16,1e-05,0.0001,0.2,2.0,0.25,0.05,lr1e-05_bs16_drop0p2_temp2p0_a0p25_b0p05__wd1e-04trmiss0_degmodglobal,15,0.6766939014196396,0.7480711340904236,0.33333333333333326,0.5779381112714447,0.35714285714285715,0.0,0.640859454870224,0.6580986976623535,0.051805718801915646,0.11287532187998295,0.0,0.0,0.0,0.0,0.0,18473,global,0.0
5,1,lr1e-05_bs16_drop0p2_temp2p0_a0p25_b0p05__wd1e-04trmiss0_degmodglobal,16,1e-05,0.0001,0.2,2.0,0.25,0.05,lr1e-05_bs16_drop0p2_temp2p0_a0p25_b0p05__wd1e-04trmiss0_degmodglobal,16,0.717453807592392,0.7491020560264587,0.3555555555555555,0.6334936668270001,0.35714285714285715,0.0,0.6382065713405609,0.6886952519416809,0.07635997980833054,0.19337107241153717,0.0,0.0,0.0,0.0,0.0,18473,global,0.0
5,1,lr1e-05_bs16_drop0p2_temp2p0_a0p25_b0p05__wd1e-04trmiss0_degmodglobal,16,1e-05,0.0001,0.2,2.0,0.25,0.05,lr1e-05_bs16_drop0p2_temp2p0_a0p25_b0p05__wd1e-04trmiss0_degmodglobal,17,0.6868080347776413,0.7487612962722778,0.3555555555555555,0.6334936668270001,0.35714285714285715,0.0,0.632983848452568,0.6681510508060455,0.05115006864070892,0.11738908104598522,0.0,0.0,0.0,0.0,0.0,18473,global,0.0
5,1,lr1e-05_bs16_drop0p2_temp2p0_a0p25_b0p05__wd1e-04trmiss0_degmodglobal,16,1e-05,0.0001,0.2,2.0,0.25,0.05,lr1e-05_bs16_drop0p2_temp2p0_a0p25_b0p05__wd1e-04trmiss0_degmodglobal,18,0.680304542183876,0.7458721995353699,0.3555555555555555,0.6334936668270001,0.35714285714285715,0.0,0.6317299753427505,0.6661950051784515,0.0399267477914691,0.08255702070891857,0.0,0.0,0.0,0.0,0.0,18473,global,0.0
5,1,lr1e-05_bs16_drop0p2_temp2p0_a0p25_b0p05__wd1e-04trmiss0_degmodglobal,16,1e-05,0.0001,0.2,2.0,0.25,0.05,lr1e-05_bs16_drop0p2_temp2p0_a0p25_b0p05__wd1e-04trmiss0_degmodglobal,19,0.694181889295578,0.7476425766944885,0.3555555555555555,0.6334936668270001,0.35714285714285715,0.0,0.6133338361978531,0.6731040924787521,0.05541977286338806,0.1444571055471897,0.0,0.0,0.0,0.0,0.0,18473,global,0.0
5,1,lr1e-05_bs16_drop0p2_temp2p0_a0p25_b0p05__wd1e-04trmiss0_degmodglobal,16,1e-05,0.0001,0.2,2.0,0.25,0.05,lr1e-05_bs16_drop0p2_temp2p0_a0p25_b0p05__wd1e-04trmiss0_degmodglobal,20,0.6526256501674652,0.7491492629051208,0.37777777777777777,0.641430174763508,0.35714285714285715,0.0,0.6115670949220657,0.6362598836421967,0.04781380482017994,0.08824643958359957,0.0,0.0,0.0,0.0,0.0,18473,global,0.0
5,1,lr1e-05_bs16_drop0p2_temp2p0_a0p25_b0p05__wd1e-04trmiss0_degmodglobal,16,1e-05,0.0001,0.2,2.0,0.25,0.05,lr1e-05_bs16_drop0p2_temp2p0_a0p25_b0p05__wd1e-04trmiss0_degmodglobal,21,0.7019649147987366,0.7469446063041687,0.37777777777777777,0.641430174763508,0.35714285714285715,0.0,0.6482662111520767,0.6820868700742722,0.054564204066991806,0.12473954819142818,0.0,0.0,0.0,0.0,0.0,18473,global,0.0
5,1,lr1e-05_bs16_drop0p2_temp2p0_a0p25_b0p05__wd1e-04trmiss0_degmodglobal,16,1e-05,0.0001,0.2,2.0,0.25,0.05,lr1e-05_bs16_drop0p2_temp2p0_a0p25_b0p05__wd1e-04trmiss0_degmodglobal,22,0.6853603720664978,0.7460113167762756,0.37777777777777777,0.641430174763508,0.35714285714285715,0.0,0.6141119599342346,0.6653510183095932,0.05749449320137501,0.11271450109779835,0.0,0.0,0.0,0.0,0.0,18473,global,0.0
5,1,lr1e-05_bs16_drop0p2_temp2p0_a0p25_b0p05__wd1e-04trmiss0_degmodglobal,16,1e-05,0.0001,0.2,2.0,0.25,0.05,lr1e-05_bs16_drop0p2_temp2p0_a0p25_b0p05__wd1e-04trmiss0_degmodglobal,23,0.6792315393686295,0.7462826371192932,0.37777777777777777,0.641430174763508,0.35714285714285715,0.0,0.6534868627786636,0.6584123522043228,0.05524192750453949,0.1401736568659544,0.0,0.0,0.0,0.0,0.0,18473,global,0.0
5,1,lr1e-05_bs16_drop0p2_temp2p0_a0p25_b0p05__wd1e-04trmiss0_degmodglobal,16,1e-05,0.0001,0.2,2.0,0.25,0.05,lr1e-05_bs16_drop0p2_temp2p0_a0p25_b0p05__wd1e-04trmiss0_degmodglobal,24,0.6792778223752975,0.7470791935920715,0.37777777777777777,0.641430174763508,0.35714285714285715,0.0,0.6195095330476761,0.6598922610282898,0.054253946989774704,0.11644135229289532,0.0,0.0,0.0,0.0,0.0,18473,global,0.0
5,1,lr1e-05_bs16_drop0p2_temp2p0_a0p25_b0p05__wd1e-04trmiss0_degmodglobal,16,1e-05,0.0001,0.2,2.0,0.25,0.05,lr1e-05_bs16_drop0p2_temp2p0_a0p25_b0p05__wd1e-04trmiss0_degmodglobal,25,0.6906811147928238,0.7413619756698608,0.39999999999999997,0.6520121853455187,0.35714285714285715,0.0,0.6319209486246109,0.6714988648891449,0.05248071625828743,0.12124152854084969,0.0,0.0,0.0,0.0,0.0,18473,global,0.0
5,1,lr1e-05_bs16_drop0p2_temp2p0_a0p25_b0p05__wd1e-04trmiss0_degmodglobal,16,1e-05,0.0001,0.2,2.0,0.25,0.05,lr1e-05_bs16_drop0p2_temp2p0_a0p25_b0p05__wd1e-04trmiss0_degmodglobal,26,0.6853659451007843,0.7404024004936218,0.3555555555555555,0.6334936668270001,0.35714285714285715,0.0,0.6388950198888779,0.6653240472078323,0.05466027371585369,0.12753676995635033,0.0,0.0,0.0,0.0,0.0,18473,global,0.0
5,1,lr1e-05_bs16_drop0p2_temp2p0_a0p25_b0p05__wd1e-04trmiss0_degmodglobal,16,1e-05,0.0001,0.2,2.0,0.25,0.05,lr1e-05_bs16_drop0p2_temp2p0_a0p25_b0p05__wd1e-04trmiss0_degmodglobal,27,0.6732950806617737,0.7414245009422302,0.3555555555555555,0.6334936668270001,0.35714285714285715,0.0,0.6220367699861526,0.6569896340370178,0.044080736581236124,0.10570491664111614,0.0,0.0,0.0,0.0,0.0,18473,global,0.0
5,1,lr1e-05_bs16_drop0p2_temp2p0_a0p25_b0p05__wd1e-04trmiss0_degmodglobal,16,1e-05,0.0001,0.2,2.0,0.25,0.05,lr1e-05_bs16_drop0p2_temp2p0_a0p25_b0p05__wd1e-04trmiss0_degmodglobal,28,0.6994830518960953,0.7419713139533997,0.3555555555555555,0.6334936668270001,0.35714285714285715,0.0,0.607433408498764,0.6775259673595428,0.06263257563114166,0.1259784009307623,0.0,0.0,0.0,0.0,0.0,18473,global,0.0
5,1,lr1e-05_bs16_drop0p2_temp2p0_a0p25_b0p05__wd1e-04trmiss0_degmodglobal,16,1e-05,0.0001,0.2,2.0,0.25,0.05,lr1e-05_bs16_drop0p2_temp2p0_a0p25_b0p05__wd1e-04trmiss0_degmodglobal,29,0.6692551672458649,0.7425969839096069,0.3555555555555555,0.6334936668270001,0.35714285714285715,0.0,0.608234167098999,0.6518978774547577,0.04923276696354151,0.10098201595246792,0.0,0.0,0.0,0.0,0.0,18473,global,0.0
5,1,lr1e-05_bs16_drop0p2_temp2p0_a0p25_b0p05__wd1e-04trmiss0_degmodglobal,16,1e-05,0.0001,0.2,2.0,0.25,0.05,lr1e-05_bs16_drop0p2_temp2p0_a0p25_b0p05__wd1e-04trmiss0_degmodglobal,30,0.6984854489564896,0.7416960000991821,0.3555555555555555,0.6334936668270001,0.35714285714285715,0.0,0.5759619176387787,0.6739513278007507,0.06518304720520973,0.16476698219776154,0.0,0.0,0.0,0.0,0.0,18473,global,0.0
5,1,lr1e-05_bs16_drop0p2_temp2p0_a0p25_b0p05__wd1e-04trmiss0_degmodglobal,16,1e-05,0.0001,0.2,2.0,0.25,0.05,lr1e-05_bs16_drop0p2_temp2p0_a0p25_b0p05__wd1e-04trmiss0_degmodglobal,31,0.6797320693731308,0.7414037585258484,0.3555555555555555,0.6334936668270001,0.35714285714285715,0.0,0.6238056570291519,0.6623200476169586,0.04966435115784407,0.09991849958896637,0.0,0.0,0.0,0.0,0.0,18473,global,0.0
5,1,lr1e-05_bs16_drop0p2_temp2p0_a0p25_b0p05__wd1e-04trmiss0_degmodglobal,16,1e-05,0.0001,0.2,2.0,0.25,0.05,lr1e-05_bs16_drop0p2_temp2p0_a0p25_b0p05__wd1e-04trmiss0_degmodglobal,32,0.6703553944826126,0.7406489849090576,0.3555555555555555,0.6334936668270001,0.35714285714285715,0.0,0.5959405303001404,0.6478153616189957,0.0639498308300972,0.13105160742998123,0.0,0.0,0.0,0.0,0.0,18473,global,0.0
5,1,lr1e-05_bs16_drop0p2_temp2p0_a0p25_b0p05__wd1e-04trmiss0_degmodglobal,16,1e-05,0.0001,0.2,2.0,0.25,0.05,lr1e-05_bs16_drop0p2_temp2p0_a0p25_b0p05__wd1e-04trmiss0_degmodglobal,33,0.6790782064199448,0.7439388036727905,0.3555555555555555,0.6334936668270001,0.35714285714285715,0.0,0.6142794340848923,0.6559630483388901,0.06214860733598471,0.15156001597642899,0.0,0.0,0.0,0.0,0.0,18473,global,0.0
5,1,lr1e-05_bs16_drop0p2_temp2p0_a0p25_b0p05__wd1e-04trmiss0_degmodglobal,16,1e-05,0.0001,0.2,2.0,0.25,0.05,lr1e-05_bs16_drop0p2_temp2p0_a0p25_b0p05__wd1e-04trmiss0_degmodglobal,34,0.6700636595487595,0.7460163831710815,0.3555555555555555,0.6334936668270001,0.35714285714285715,0.0,0.5752648785710335,0.6417153924703598,0.07840183936059475,0.1749558076262474,0.0,0.0,0.0,0.0,0.0,18473,global,0.0
5,1,lr1e-05_bs16_drop0p2_temp2p0_a0p25_b0p05__wd1e-04trmiss0_degmodglobal,16,1e-05,0.0001,0.2,2.0,0.25,0.05,lr1e-05_bs16_drop0p2_temp2p0_a0p25_b0p05__wd1e-04trmiss0_degmodglobal,35,0.7042006701231003,0.74272221326828,0.3555555555555555,0.6334936668270001,0.35714285714285715,0.0,0.6140513867139816,0.6761243045330048,0.07597518339753151,0.1816508285701275,0.0,0.0,0.0,0.0,0.0,18473,global,0.0
5,1,lr1e-05_bs16_drop0p2_temp2p0_a0p25_b0p05__wd1e-04trmiss0_degmodglobal,16,1e-05,0.0001,0.2,2.0,0.25,0.05,lr1e-05_bs16_drop0p2_temp2p0_a0p25_b0p05__wd1e-04trmiss0_degmodglobal,36,0.6875772476196289,0.7422382235527039,0.3555555555555555,0.6334936668270001,0.35714285714285715,0.0,0.5782882869243622,0.6581770181655884,0.074397848919034,0.21601538360118866,0.0,0.0,0.0,0.0,0.0,18473,global,0.0
5,1,lr1e-05_bs16_drop0p2_temp2p0_a0p25_b0p05__wd1e-04trmiss0_degmodglobal,16,1e-05,0.0001,0.2,2.0,0.25,0.05,lr1e-05_bs16_drop0p2_temp2p0_a0p25_b0p05__wd1e-04trmiss0_degmodglobal,37,0.668586015701294,0.7408102750778198,0.3555555555555555,0.6334936668270001,0.35714285714285715,0.0,0.5960693508386612,0.6500251740217209,0.05063075479120016,0.11806312575936317,0.0,0.0,0.0,0.0,0.0,18473,global,0.0
5,1,lr1e-05_bs16_drop0p2_temp2p0_a0p25_b0p05__wd1e-04trmiss0_degmodglobal,16,1e-05,0.0001,0.2,2.0,0.25,0.05,lr1e-05_bs16_drop0p2_temp2p0_a0p25_b0p05__wd1e-04trmiss0_degmodglobal,38,0.6874522864818573,0.7411811947822571,0.3555555555555555,0.6334936668270001,0.35714285714285715,0.0,0.5790444314479828,0.6607183665037155,0.07291037403047085,0.17012648656964302,0.0,0.0,0.0,0.0,0.0,18473,global,0.0
5,1,lr1e-05_bs16_drop0p2_temp2p0_a0p25_b0p05__wd1e-04trmiss0_degmodglobal,16,1e-05,0.0001,0.2,2.0,0.25,0.05,lr1e-05_bs16_drop0p2_temp2p0_a0p25_b0p05__wd1e-04trmiss0_degmodglobal,39,0.6785363256931305,0.7437649965286255,0.3555555555555555,0.6334936668270001,0.35714285714285715,0.0,0.5726601034402847,0.6556203365325928,0.06194508355110884,0.1485941167920828,0.0,0.0,0.0,0.0,0.0,18473,global,0.0
5,1,lr1e-05_bs16_drop0p2_temp2p0_a0p25_b0p05__wd1e-04trmiss0_degmodglobal,16,1e-05,0.0001,0.2,2.0,0.25,0.05,lr1e-05_bs16_drop0p2_temp2p0_a0p25_b0p05__wd1e-04trmiss0_degmodglobal,40,0.6703156232833862,0.7435231804847717,0.37777777777777777,0.641430174763508,0.35714285714285715,0.0,0.6008371263742447,0.6486810147762299,0.05929935537278652,0.1361956801265478,0.0,0.0,0.0,0.0,0.0,18473,global,0.0
5,1,lr1e-05_bs16_drop0p2_temp2p0_a0p25_b0p05__wd1e-04trmiss0_degmodglobal,16,1e-05,0.0001,0.2,2.0,0.25,0.05,lr1e-05_bs16_drop0p2_temp2p0_a0p25_b0p05__wd1e-04trmiss0_degmodglobal,41,0.6871802806854248,0.7406662702560425,0.3555555555555555,0.6334936668270001,0.35714285714285715,0.0,0.5987604111433029,0.6679845154285431,0.05433316947892308,0.11224941536784172,0.0,0.0,0.0,0.0,0.0,18473,global,0.0
5,1,lr1e-05_bs16_drop0p2_temp2p0_a0p25_b0p05__wd1e-04trmiss0_degmodglobal,16,1e-05,0.0001,0.2,2.0,0.25,0.05,lr1e-05_bs16_drop0p2_temp2p0_a0p25_b0p05__wd1e-04trmiss0_degmodglobal,42,0.6672674268484116,0.7400849461555481,0.3555555555555555,0.6334936668270001,0.35714285714285715,0.0,0.5917617231607437,0.6471372991800308,0.05095731746405363,0.14781584963202477,0.0,0.0,0.0,0.0,0.0,18473,global,0.0
5,1,lr1e-05_bs16_drop0p2_temp2p0_a0p25_b0p05__wd1e-04trmiss0_degmodglobal,16,1e-05,0.0001,0.2,2.0,0.25,0.05,lr1e-05_bs16_drop0p2_temp2p0_a0p25_b0p05__wd1e-04trmiss0_degmodglobal,43,0.675637349486351,0.7423961758613586,0.3555555555555555,0.6334936668270001,0.35714285714285715,0.0,0.5708405822515488,0.6513009071350098,0.06895488873124123,0.14195428229868412,0.0,0.0,0.0,0.0,0.0,18473,global,0.0
5,1,lr1e-05_bs16_drop0p2_temp2p0_a0p25_b0p05__wd1e-04trmiss0_degmodglobal,16,1e-05,0.0001,0.2,2.0,0.25,0.05,lr1e-05_bs16_drop0p2_temp2p0_a0p25_b0p05__wd1e-04trmiss0_degmodglobal,44,0.6776820570230484,0.7413552403450012,0.3555555555555555,0.6334936668270001,0.35714285714285715,0.0,0.5899517238140106,0.6543903946876526,0.06710098683834076,0.13032790645956993,0.0,0.0,0.0,0.0,0.0,18473,global,0.0
5,1,lr1e-05_bs16_drop0p2_temp2p0_a0p25_b0p05__wd1e-04trmiss0_degmodglobal,16,1e-05,0.0001,0.2,2.0,0.25,0.05,lr1e-05_bs16_drop0p2_temp2p0_a0p25_b0p05__wd1e-04trmiss0_degmodglobal,45,0.6901997476816177,0.7418100237846375,0.37777777777777777,0.641430174763508,0.35714285714285715,0.0,0.5658447295427322,0.6645890176296234,0.06516624987125397,0.1863835882395506,0.0,0.0,0.0,0.0,0.0,18473,global,0.0
5,1,lr1e-05_bs16_drop0p4_temp1p0_a0p25_b0p05__wd1e-04trmiss0_degmodglobal,16,1e-05,0.0001,0.4,1.0,0.25,0.05,lr1e-05_bs16_drop0p4_temp1p0_a0p25_b0p05__wd1e-04trmiss0_degmodglobal,1,0.7281500399112701,0.7227988839149475,0.2888888888888889,0.5579543912877246,0.42857142857142855,0.0,0.6811551600694656,0.6965401917695999,0.08621490746736526,0.20112257078289986,0.0,0.0,0.0,0.0,0.0,18473,global,0.0
5,1,lr1e-05_bs16_drop0p4_temp1p0_a0p25_b0p05__wd1e-04trmiss0_degmodglobal,16,1e-05,0.0001,0.4,1.0,0.25,0.05,lr1e-05_bs16_drop0p4_temp1p0_a0p25_b0p05__wd1e-04trmiss0_degmodglobal,2,0.6973605155944824,0.7214763164520264,0.2888888888888889,0.5579543912877246,0.42857142857142855,0.0,0.6619355529546738,0.6695317625999451,0.06975413672626019,0.20780423423275352,0.0,0.0,0.0,0.0,0.0,18473,global,0.0
5,1,lr1e-05_bs16_drop0p4_temp1p0_a0p25_b0p05__wd1e-04trmiss0_degmodglobal,16,1e-05,0.0001,0.4,1.0,0.25,0.05,lr1e-05_bs16_drop0p4_temp1p0_a0p25_b0p05__wd1e-04trmiss0_degmodglobal,3,0.703078880906105,0.7191861271858215,0.3333333333333333,0.5747635080968415,0.35714285714285715,0.0,0.6992673277854919,0.6747399270534515,0.06353258807212114,0.24911611527204514,0.0,0.0,0.0,0.0,0.0,18473,global,0.0
5,1,lr1e-05_bs16_drop0p4_temp1p0_a0p25_b0p05__wd1e-04trmiss0_degmodglobal,16,1e-05,0.0001,0.4,1.0,0.25,0.05,lr1e-05_bs16_drop0p4_temp1p0_a0p25_b0p05__wd1e-04trmiss0_degmodglobal,4,0.6794165223836899,0.7187433838844299,0.3333333333333333,0.5747635080968415,0.35714285714285715,0.0,0.6563138365745544,0.6576007306575775,0.05830853898078203,0.1447728294879198,0.0,0.0,0.0,0.0,0.0,18473,global,0.0
5,1,lr1e-05_bs16_drop0p4_temp1p0_a0p25_b0p05__wd1e-04trmiss0_degmodglobal,16,1e-05,0.0001,0.4,1.0,0.25,0.05,lr1e-05_bs16_drop0p4_temp1p0_a0p25_b0p05__wd1e-04trmiss0_degmodglobal,5,0.7084666937589645,0.7187070250511169,0.28888888888888886,0.5557158890492224,0.35714285714285715,0.0,0.6857812851667404,0.676555410027504,0.07771637104451656,0.24964360520243645,0.0,0.0,0.0,0.0,0.0,18473,global,0.0
5,1,lr1e-05_bs16_drop0p4_temp1p0_a0p25_b0p05__wd1e-04trmiss0_degmodglobal,16,1e-05,0.0001,0.4,1.0,0.25,0.05,lr1e-05_bs16_drop0p4_temp1p0_a0p25_b0p05__wd1e-04trmiss0_degmodglobal,6,0.6991164535284042,0.7176931500434875,0.28888888888888886,0.5557158890492224,0.35714285714285715,0.0,0.6547597646713257,0.6736408025026321,0.06526379473507404,0.18319411017000675,0.0,0.0,0.0,0.0,0.0,18473,global,0.0
5,1,lr1e-05_bs16_drop0p4_temp1p0_a0p25_b0p05__wd1e-04trmiss0_degmodglobal,16,1e-05,0.0001,0.4,1.0,0.25,0.05,lr1e-05_bs16_drop0p4_temp1p0_a0p25_b0p05__wd1e-04trmiss0_degmodglobal,7,0.68564373254776,0.7162174582481384,0.28888888888888886,0.5557158890492224,0.42857142857142855,0.0,0.6526959985494614,0.6661338061094284,0.05167457088828087,0.13182597793638706,0.0,0.0,0.0,0.0,0.0,18473,global,0.0
5,1,lr1e-05_bs16_drop0p4_temp1p0_a0p25_b0p05__wd1e-04trmiss0_degmodglobal,16,1e-05,0.0001,0.4,1.0,0.25,0.05,lr1e-05_bs16_drop0p4_temp1p0_a0p25_b0p05__wd1e-04trmiss0_degmodglobal,8,0.7036796361207962,0.7128373980522156,0.3333333333333333,0.5713684463684464,0.42857142857142855,0.0,0.6709246635437012,0.6812897622585297,0.06200285628437996,0.13778328709304333,0.0,0.0,0.0,0.0,0.0,18473,global,0.0
5,1,lr1e-05_bs16_drop0p4_temp1p0_a0p25_b0p05__wd1e-04trmiss0_degmodglobal,16,1e-05,0.0001,0.4,1.0,0.25,0.05,lr1e-05_bs16_drop0p4_temp1p0_a0p25_b0p05__wd1e-04trmiss0_degmodglobal,9,0.6615785658359528,0.7101405262947083,0.3555555555555555,0.5824795574795576,0.5,0.0,0.6384399682283401,0.6343988627195358,0.06855708733201027,0.20080900937318802,0.0,0.0,0.0,0.0,0.0,18473,global,0.0
5,1,lr1e-05_bs16_drop0p4_temp1p0_a0p25_b0p05__wd1e-04trmiss0_degmodglobal,16,1e-05,0.0001,0.4,1.0,0.25,0.05,lr1e-05_bs16_drop0p4_temp1p0_a0p25_b0p05__wd1e-04trmiss0_degmodglobal,10,0.6772225350141525,0.7076575756072998,0.37777777777777777,0.6009980759980761,0.5,0.0,0.6843013763427734,0.6518330723047256,0.06707197148352861,0.17242921143770218,0.0,0.0,0.0,0.0,0.0,18473,global,0.0
5,1,lr1e-05_bs16_drop0p4_temp1p0_a0p25_b0p05__wd1e-04trmiss0_degmodglobal,16,1e-05,0.0001,0.4,1.0,0.25,0.05,lr1e-05_bs16_drop0p4_temp1p0_a0p25_b0p05__wd1e-04trmiss0_degmodglobal,11,0.6707369238138199,0.7049543261528015,0.4,0.6121091871091872,0.5,0.0,0.6362584829330444,0.6457693576812744,0.06633763574063778,0.1676628701388836,0.0,0.0,0.0,0.0,0.0,18473,global,0.0
5,1,lr1e-05_bs16_drop0p4_temp1p0_a0p25_b0p05__wd1e-04trmiss0_degmodglobal,16,1e-05,0.0001,0.4,1.0,0.25,0.05,lr1e-05_bs16_drop0p4_temp1p0_a0p25_b0p05__wd1e-04trmiss0_degmodglobal,12,0.6785258054733276,0.7010806798934937,0.4444444444444444,0.6371363204696538,0.5,0.0,0.6585552543401718,0.6563577800989151,0.05745293106883764,0.15609613060951233,0.0,0.0,0.0,0.0,0.0,18473,global,0.0
5,1,lr1e-05_bs16_drop0p4_temp1p0_a0p25_b0p05__wd1e-04trmiss0_degmodglobal,16,1e-05,0.0001,0.4,1.0,0.25,0.05,lr1e-05_bs16_drop0p4_temp1p0_a0p25_b0p05__wd1e-04trmiss0_degmodglobal,13,0.6772629469633102,0.6967160701751709,0.4666666666666666,0.6448523698523699,0.5,0.0,0.6359775513410568,0.6519346088171005,0.07428753934800625,0.13512921333312988,0.0,0.0,0.0,0.0,0.0,18473,global,0.0
5,1,lr1e-05_bs16_drop0p4_temp1p0_a0p25_b0p05__wd1e-04trmiss0_degmodglobal,16,1e-05,0.0001,0.4,1.0,0.25,0.05,lr1e-05_bs16_drop0p4_temp1p0_a0p25_b0p05__wd1e-04trmiss0_degmodglobal,14,0.6812719404697418,0.6945715546607971,0.4888888888888889,0.6596671846671848,0.5,0.0,0.6278375685214996,0.6563230752944946,0.0658989641815424,0.16948247887194157,0.0,0.0,0.0,0.0,0.0,18473,global,0.0
5,1,lr1e-05_bs16_drop0p4_temp1p0_a0p25_b0p05__wd1e-04trmiss0_degmodglobal,16,1e-05,0.0001,0.4,1.0,0.25,0.05,lr1e-05_bs16_drop0p4_temp1p0_a0p25_b0p05__wd1e-04trmiss0_degmodglobal,15,0.6926369816064835,0.6930137872695923,0.4666666666666666,0.6448523698523699,0.5,0.0,0.6342910528182983,0.6636199355125427,0.07903654780238867,0.18515770696103573,0.0,0.0,0.0,0.0,0.0,18473,global,0.0
5,1,lr1e-05_bs16_drop0p4_temp1p0_a0p25_b0p05__wd1e-04trmiss0_degmodglobal,16,1e-05,0.0001,0.4,1.0,0.25,0.05,lr1e-05_bs16_drop0p4_temp1p0_a0p25_b0p05__wd1e-04trmiss0_degmodglobal,16,0.6728511899709702,0.6927255988121033,0.4444444444444444,0.6371363204696538,0.5,0.0,0.6410122215747833,0.6510807275772095,0.05974610801786184,0.1366790011525154,0.0,0.0,0.0,0.0,0.0,18473,global,0.0
5,1,lr1e-05_bs16_drop0p4_temp1p0_a0p25_b0p05__wd1e-04trmiss0_degmodglobal,16,1e-05,0.0001,0.4,1.0,0.25,0.05,lr1e-05_bs16_drop0p4_temp1p0_a0p25_b0p05__wd1e-04trmiss0_degmodglobal,17,0.6582986861467361,0.6905182600021362,0.4666666666666666,0.6448523698523699,0.5,0.0,0.62176313996315,0.6312984377145767,0.07027376536279917,0.18863609246909618,0.0,0.0,0.0,0.0,0.0,18473,global,0.0
5,1,lr1e-05_bs16_drop0p4_temp1p0_a0p25_b0p05__wd1e-04trmiss0_degmodglobal,16,1e-05,0.0001,0.4,1.0,0.25,0.05,lr1e-05_bs16_drop0p4_temp1p0_a0p25_b0p05__wd1e-04trmiss0_degmodglobal,18,0.680714875459671,0.6876703500747681,0.4444444444444444,0.6371363204696538,0.5,0.0,0.6294173002243042,0.6595991849899292,0.05593621078878641,0.14263317361474037,0.0,0.0,0.0,0.0,0.0,18473,global,0.0
5,1,lr1e-05_bs16_drop0p4_temp1p0_a0p25_b0p05__wd1e-04trmiss0_degmodglobal,16,1e-05,0.0001,0.4,1.0,0.25,0.05,lr1e-05_bs16_drop0p4_temp1p0_a0p25_b0p05__wd1e-04trmiss0_degmodglobal,19,0.6479247212409973,0.6871233582496643,0.4444444444444444,0.6371363204696538,0.5,0.0,0.6461667120456696,0.6232399493455887,0.06024802848696709,0.19245515018701553,0.0,0.0,0.0,0.0,0.0,18473,global,0.0
5,1,lr1e-05_bs16_drop0p4_temp1p0_a0p25_b0p05__wd1e-04trmiss0_degmodglobal,16,1e-05,0.0001,0.4,1.0,0.25,0.05,lr1e-05_bs16_drop0p4_temp1p0_a0p25_b0p05__wd1e-04trmiss0_degmodglobal,20,0.6742293983697891,0.6863725185394287,0.4666666666666667,0.6519511352844687,0.5,0.0,0.6254048943519592,0.6500414609909058,0.0673283813521266,0.14711692370474339,0.0,0.0,0.0,0.0,0.0,18473,global,0.0
5,1,lr1e-05_bs16_drop0p4_temp1p0_a0p25_b0p05__wd1e-04trmiss0_degmodglobal,16,1e-05,0.0001,0.4,1.0,0.25,0.05,lr1e-05_bs16_drop0p4_temp1p0_a0p25_b0p05__wd1e-04trmiss0_degmodglobal,21,0.6523881256580353,0.6860610246658325,0.4666666666666667,0.6519511352844687,0.42857142857142855,0.0,0.6012807637453079,0.6268982738256454,0.06483700592070818,0.18561183288693428,0.0,0.0,0.0,0.0,0.0,18473,global,0.0
5,1,lr1e-05_bs16_drop0p4_temp1p0_a0p25_b0p05__wd1e-04trmiss0_degmodglobal,16,1e-05,0.0001,0.4,1.0,0.25,0.05,lr1e-05_bs16_drop0p4_temp1p0_a0p25_b0p05__wd1e-04trmiss0_degmodglobal,22,0.6335134506225586,0.6881774663925171,0.4444444444444444,0.6371363204696538,0.42857142857142855,0.0,0.6233795434236526,0.6100896447896957,0.06799441948533058,0.12850401178002357,0.0,0.0,0.0,0.0,0.0,18473,global,0.0
5,1,lr1e-05_bs16_drop0p4_temp1p0_a0p25_b0p05__wd1e-04trmiss0_degmodglobal,16,1e-05,0.0001,0.4,1.0,0.25,0.05,lr1e-05_bs16_drop0p4_temp1p0_a0p25_b0p05__wd1e-04trmiss0_degmodglobal,23,0.6552405208349228,0.6885958909988403,0.4444444444444444,0.6371363204696538,0.35714285714285715,0.0,0.6049144715070724,0.6355853974819183,0.052745620254427195,0.1293742274865508,0.0,0.0,0.0,0.0,0.0,18473,global,0.0
5,1,lr1e-05_bs16_drop0p4_temp1p0_a0p25_b0p05__wd1e-04trmiss0_degmodglobal,16,1e-05,0.0001,0.4,1.0,0.25,0.05,lr1e-05_bs16_drop0p4_temp1p0_a0p25_b0p05__wd1e-04trmiss0_degmodglobal,24,0.67805977165699,0.6874654293060303,0.42222222222222217,0.6265543098876432,0.35714285714285715,0.0,0.6215855330228806,0.6516278386116028,0.06820491515100002,0.18761446233838797,0.0,0.0,0.0,0.0,0.0,18473,global,0.0
5,1,lr1e-05_bs16_drop0p4_temp1p0_a0p25_b0p05__wd1e-04trmiss0_degmodglobal,16,1e-05,0.0001,0.4,1.0,0.25,0.05,lr1e-05_bs16_drop0p4_temp1p0_a0p25_b0p05__wd1e-04trmiss0_degmodglobal,25,0.6685165166854858,0.6833787560462952,0.5111111111111111,0.7152227402227402,0.42857142857142855,0.0,0.5875991135835648,0.6413700133562088,0.07515513151884079,0.1671540793031454,0.0,0.0,0.0,0.0,0.0,18473,global,0.0
5,1,lr1e-05_bs16_drop0p4_temp1p0_a0p25_b0p05__wd1e-04trmiss0_degmodglobal,16,1e-05,0.0001,0.4,1.0,0.25,0.05,lr1e-05_bs16_drop0p4_temp1p0_a0p25_b0p05__wd1e-04trmiss0_degmodglobal,26,0.6719187200069427,0.6805757284164429,0.5111111111111111,0.7152227402227402,0.5,0.0,0.620264932513237,0.6459153145551682,0.06633356492966413,0.18840046972036362,0.0,0.0,0.0,0.0,0.0,18473,global,0.0
5,1,lr1e-05_bs16_drop0p4_temp1p0_a0p25_b0p05__wd1e-04trmiss0_degmodglobal,16,1e-05,0.0001,0.4,1.0,0.25,0.05,lr1e-05_bs16_drop0p4_temp1p0_a0p25_b0p05__wd1e-04trmiss0_degmodglobal,27,0.6641244292259216,0.6758612394332886,0.5111111111111111,0.7152227402227402,0.5,0.0,0.6239985525608063,0.6397645175457001,0.06818817649036646,0.14625713229179382,0.0,0.0,0.0,0.0,0.0,18473,global,0.0
5,1,lr1e-05_bs16_drop0p4_temp1p0_a0p25_b0p05__wd1e-04trmiss0_degmodglobal,16,1e-05,0.0001,0.4,1.0,0.25,0.05,lr1e-05_bs16_drop0p4_temp1p0_a0p25_b0p05__wd1e-04trmiss0_degmodglobal,28,0.655082032084465,0.6754629015922546,0.5333333333333333,0.7251433751433751,0.5714285714285714,0.0,0.620530366897583,0.633218914270401,0.06046356912702322,0.13494425266981125,0.0,0.0,0.0,0.0,0.0,18473,global,0.0
5,1,lr1e-05_bs16_drop0p4_temp1p0_a0p25_b0p05__wd1e-04trmiss0_degmodglobal,16,1e-05,0.0001,0.4,1.0,0.25,0.05,lr1e-05_bs16_drop0p4_temp1p0_a0p25_b0p05__wd1e-04trmiss0_degmodglobal,29,0.6499118506908417,0.6788137555122375,0.4888888888888889,0.6547730047730048,0.5,0.0,0.6083040684461594,0.626639261841774,0.059508887119591236,0.16790741682052612,0.0,0.0,0.0,0.0,0.0,18473,global,0.0
5,1,lr1e-05_bs16_drop0p4_temp1p0_a0p25_b0p05__wd1e-04trmiss0_degmodglobal,16,1e-05,0.0001,0.4,1.0,0.25,0.05,lr1e-05_bs16_drop0p4_temp1p0_a0p25_b0p05__wd1e-04trmiss0_degmodglobal,30,0.66417196393013,0.6764819622039795,0.4666666666666667,0.6926918760252094,0.5,0.0,0.6247822195291519,0.6323380917310715,0.0790532873943448,0.24141110852360725,0.0,0.0,0.0,0.0,0.0,18473,global,0.0
5,1,lr1e-05_bs16_drop0p4_temp1p0_a0p25_b0p05__wd1e-04trmiss0_degmodglobal,16,1e-05,0.0001,0.4,1.0,0.25,0.05,lr1e-05_bs16_drop0p4_temp1p0_a0p25_b0p05__wd1e-04trmiss0_degmodglobal,31,0.6401636302471161,0.6719186305999756,0.5777777777777777,0.7457782957782959,0.5,0.0,0.6010882556438446,0.6142886132001877,0.06496020685881376,0.19269930571317673,0.0,0.0,0.0,0.0,0.0,18473,global,0.0
5,1,lr1e-05_bs16_drop0p4_temp1p0_a0p25_b0p05__wd1e-04trmiss0_degmodglobal,16,1e-05,0.0001,0.4,1.0,0.25,0.05,lr1e-05_bs16_drop0p4_temp1p0_a0p25_b0p05__wd1e-04trmiss0_degmodglobal,32,0.6534768342971802,0.6708777546882629,0.5111111111111111,0.7152227402227402,0.5,0.0,0.61030712723732,0.6344034224748611,0.05491648521274328,0.10688564460724592,0.0,0.0,0.0,0.0,0.0,18473,global,0.0
5,1,lr1e-05_bs16_drop0p4_temp1p0_a0p25_b0p05__wd1e-04trmiss0_degmodglobal,16,1e-05,0.0001,0.4,1.0,0.25,0.05,lr1e-05_bs16_drop0p4_temp1p0_a0p25_b0p05__wd1e-04trmiss0_degmodglobal,33,0.6812897324562073,0.6682482361793518,0.5333333333333333,0.7251433751433751,0.5,0.0,0.6057935208082199,0.6476924866437912,0.08479421399533749,0.2479737214744091,0.0,0.0,0.0,0.0,0.0,18473,global,0.0
5,1,lr1e-05_bs16_drop0p4_temp1p0_a0p25_b0p05__wd1e-04trmiss0_degmodglobal,16,1e-05,0.0001,0.4,1.0,0.25,0.05,lr1e-05_bs16_drop0p4_temp1p0_a0p25_b0p05__wd1e-04trmiss0_degmodglobal,34,0.6114116162061691,0.6633384227752686,0.6444444444444444,0.7707502374169042,0.7142857142857143,0.0,0.6018217355012894,0.5905128866434097,0.055508434772491455,0.14043218456208706,0.0,0.0,0.0,0.0,0.0,18473,global,0.0
5,1,lr1e-05_bs16_drop0p4_temp1p0_a0p25_b0p05__wd1e-04trmiss0_degmodglobal,16,1e-05,0.0001,0.4,1.0,0.25,0.05,lr1e-05_bs16_drop0p4_temp1p0_a0p25_b0p05__wd1e-04trmiss0_degmodglobal,35,0.6603840440511703,0.660602331161499,0.6444444444444444,0.7707502374169042,0.5714285714285714,0.0,0.595160573720932,0.6388913691043854,0.059689766727387905,0.13140505691990256,0.0,0.0,0.0,0.0,0.0,18473,global,0.0
5,1,lr1e-05_bs16_drop0p4_temp1p0_a0p25_b0p05__wd1e-04trmiss0_degmodglobal,16,1e-05,0.0001,0.4,1.0,0.25,0.05,lr1e-05_bs16_drop0p4_temp1p0_a0p25_b0p05__wd1e-04trmiss0_degmodglobal,36,0.6463475823402405,0.6626538038253784,0.6222222222222222,0.7575227241893909,0.5714285714285714,0.0,0.6100146323442459,0.6202724277973175,0.0741425734013319,0.15079076774418354,0.0,0.0,0.0,0.0,0.0,18473,global,0.0
5,1,lr1e-05_bs16_drop0p4_temp1p0_a0p25_b0p05__wd1e-04trmiss0_degmodglobal,16,1e-05,0.0001,0.4,1.0,0.25,0.05,lr1e-05_bs16_drop0p4_temp1p0_a0p25_b0p05__wd1e-04trmiss0_degmodglobal,37,0.6302846819162369,0.6611308455467224,0.6222222222222222,0.7575227241893909,0.5714285714285714,0.0,0.6098499447107315,0.6008478701114655,0.08208825811743736,0.17829504981637,0.0,0.0,0.0,0.0,0.0,18473,global,0.0
5,1,lr1e-05_bs16_drop0p4_temp1p0_a0p25_b0p05__wd1e-04trmiss0_degmodglobal,16,1e-05,0.0001,0.4,1.0,0.25,0.05,lr1e-05_bs16_drop0p4_temp1p0_a0p25_b0p05__wd1e-04trmiss0_degmodglobal,38,0.6135032176971436,0.662744402885437,0.6222222222222222,0.7575227241893909,0.5714285714285714,0.0,0.618422269821167,0.5832772105932236,0.07426515873521566,0.2331938836723566,0.0,0.0,0.0,0.0,0.0,18473,global,0.0
5,1,lr1e-05_bs16_drop0p4_temp1p0_a0p25_b0p05__wd1e-04trmiss0_degmodglobal,16,1e-05,0.0001,0.4,1.0,0.25,0.05,lr1e-05_bs16_drop0p4_temp1p0_a0p25_b0p05__wd1e-04trmiss0_degmodglobal,39,0.6688141226768494,0.6623472571372986,0.5777777777777777,0.7667378917378918,0.5714285714285714,0.0,0.6236817389726639,0.6432809233665466,0.06953726802021265,0.16297712549567223,0.0,0.0,0.0,0.0,0.0,18473,global,0.0
5,1,lr1e-05_bs16_drop0p4_temp1p0_a0p25_b0p05__wd1e-04trmiss0_degmodglobal,16,1e-05,0.0001,0.4,1.0,0.25,0.05,lr1e-05_bs16_drop0p4_temp1p0_a0p25_b0p05__wd1e-04trmiss0_degmodglobal,40,0.6027348041534424,0.6608749628067017,0.6444444444444444,0.7707502374169042,0.6428571428571429,0.0,0.5782786458730698,0.5835055708885193,0.057575399056077003,0.0967076737433672,0.0,0.0,0.0,0.0,0.0,18473,global,0.0
5,1,lr1e-05_bs16_drop0p4_temp1p0_a0p25_b0p05__wd1e-04trmiss0_degmodglobal,16,1e-05,0.0001,0.4,1.0,0.25,0.05,lr1e-05_bs16_drop0p4_temp1p0_a0p25_b0p05__wd1e-04trmiss0_degmodglobal,41,0.6407757848501205,0.6614542007446289,0.6444444444444444,0.7991452991452992,0.6428571428571429,0.0,0.6154712289571762,0.6143845319747925,0.071747493930161,0.16908728331327438,0.0,0.0,0.0,0.0,0.0,18473,global,0.0
5,1,lr1e-05_bs16_drop0p4_temp1p0_a0p25_b0p05__wd1e-04trmiss0_degmodglobal,16,1e-05,0.0001,0.4,1.0,0.25,0.05,lr1e-05_bs16_drop0p4_temp1p0_a0p25_b0p05__wd1e-04trmiss0_degmodglobal,42,0.6499297469854355,0.663876473903656,0.6,0.7528490028490029,0.5714285714285714,0.0,0.5740594118833542,0.618742972612381,0.08248220384120941,0.2113245390355587,0.0,0.0,0.0,0.0,0.0,18473,global,0.0
5,1,lr1e-05_bs16_drop0p4_temp1p0_a0p25_b0p05__wd1e-04trmiss0_degmodglobal,16,1e-05,0.0001,0.4,1.0,0.25,0.05,lr1e-05_bs16_drop0p4_temp1p0_a0p25_b0p05__wd1e-04trmiss0_degmodglobal,43,0.6186776757240295,0.6666175723075867,0.6,0.7528490028490029,0.5,0.0,0.5880433320999146,0.5937691777944565,0.0663072457537055,0.1666336078196764,0.0,0.0,0.0,0.0,0.0,18473,global,0.0
5,1,lr1e-05_bs16_drop0p4_temp1p0_a0p25_b0p05__wd1e-04trmiss0_degmodglobal,16,1e-05,0.0001,0.4,1.0,0.25,0.05,lr1e-05_bs16_drop0p4_temp1p0_a0p25_b0p05__wd1e-04trmiss0_degmodglobal,44,0.6391806304454803,0.6676282286643982,0.5777777777777777,0.7418100418100417,0.6428571428571429,0.0,0.5733066499233246,0.613388329744339,0.07274586521089077,0.15211697667837143,0.0,0.0,0.0,0.0,0.0,18473,global,0.0
5,1,lr1e-05_bs16_drop0p4_temp1p0_a0p25_b0p05__wd1e-04trmiss0_degmodglobal,16,1e-05,0.0001,0.4,1.0,0.25,0.05,lr1e-05_bs16_drop0p4_temp1p0_a0p25_b0p05__wd1e-04trmiss0_degmodglobal,45,0.6241893172264099,0.6691247820854187,0.5111111111111111,0.7078153328153327,0.5,0.0,0.5973300784826279,0.5964531600475311,0.07193848956376314,0.19503100030124187,0.0,0.0,0.0,0.0,0.0,18473,global,0.0
5,1,lr1e-05_bs16_drop0p4_temp1p0_a0p25_b0p05__wd1e-04trmiss0_degmodglobal,16,1e-05,0.0001,0.4,1.0,0.25,0.05,lr1e-05_bs16_drop0p4_temp1p0_a0p25_b0p05__wd1e-04trmiss0_degmodglobal,46,0.6456044018268585,0.6675822734832764,0.4888888888888889,0.7004079254079254,0.42857142857142855,0.0,0.6240282505750656,0.6220719963312149,0.06338195782154799,0.15373806841671467,0.0,0.0,0.0,0.0,0.0,18473,global,0.0
5,1,lr1e-05_bs16_drop0p4_temp1p0_a0p25_b0p05__wd1e-04trmiss0_degmodglobal,16,1e-05,0.0001,0.4,1.0,0.25,0.05,lr1e-05_bs16_drop0p4_temp1p0_a0p25_b0p05__wd1e-04trmiss0_degmodglobal,47,0.6570535749197006,0.6655764579772949,0.5333333333333333,0.7522597772597774,0.5,0.0,0.5881049633026123,0.629839763045311,0.0739231500774622,0.17466048523783684,0.0,0.0,0.0,0.0,0.0,18473,global,0.0
5,1,lr1e-05_bs16_drop0p4_temp1p0_a0p25_b0p05__wd1e-04trmiss0_degmodglobal,16,1e-05,0.0001,0.4,1.0,0.25,0.05,lr1e-05_bs16_drop0p4_temp1p0_a0p25_b0p05__wd1e-04trmiss0_degmodglobal,48,0.5934033393859863,0.6656315326690674,0.5111111111111111,0.7445437278770612,0.5714285714285714,0.0,0.617387518286705,0.5695167779922485,0.06217598030343652,0.1668514832854271,0.0,0.0,0.0,0.0,0.0,18473,global,0.0
5,1,lr1e-05_bs16_drop0p4_temp1p0_a0p25_b0p05__wd1e-04trmiss0_degmodglobal,16,1e-05,0.0001,0.4,1.0,0.25,0.05,lr1e-05_bs16_drop0p4_temp1p0_a0p25_b0p05__wd1e-04trmiss0_degmodglobal,49,0.6464635729789734,0.6656969785690308,0.5333333333333333,0.7448523698523699,0.5714285714285714,0.0,0.6052701324224472,0.6166949719190598,0.07572155632078648,0.21676426008343697,0.0,0.0,0.0,0.0,0.0,18473,global,0.0
5,1,lr1e-05_bs16_drop0p4_temp1p0_a0p25_b0p05__wd1e-04trmiss0_degmodglobal,16,1e-05,0.0001,0.4,1.0,0.25,0.05,lr1e-05_bs16_drop0p4_temp1p0_a0p25_b0p05__wd1e-04trmiss0_degmodglobal,50,0.6118492633104324,0.6666292548179626,0.5111111111111111,0.7374449624449626,0.42857142857142855,0.0,0.5702912509441376,0.5904988050460815,0.060148537158966064,0.12626665458083153,0.0,0.0,0.0,0.0,0.0,18473,global,0.0
5,1,lr1e-05_bs16_drop0p4_temp1p0_a0p25_b0p05__wd1e-04trmiss0_degmodglobal,16,1e-05,0.0001,0.4,1.0,0.25,0.05,lr1e-05_bs16_drop0p4_temp1p0_a0p25_b0p05__wd1e-04trmiss0_degmodglobal,51,0.656443178653717,0.6690275073051453,0.5333333333333333,0.7473655973655975,0.5,0.0,0.5734690129756927,0.6262332797050476,0.07432133983820677,0.23259133473038673,0.0,0.0,0.0,0.0,0.0,18473,global,0.0
5,1,lr1e-05_bs16_drop0p4_temp1p0_a0p25_b0p05__wd1e-04trmiss0_degmodglobal,16,1e-05,0.0001,0.4,1.0,0.25,0.05,lr1e-05_bs16_drop0p4_temp1p0_a0p25_b0p05__wd1e-04trmiss0_degmodglobal,52,0.6425408869981766,0.6702340841293335,0.5111111111111111,0.7103285603285603,0.5,0.0,0.5682052820920944,0.6128184199333191,0.08524568751454353,0.16822044923901558,0.0,0.0,0.0,0.0,0.0,18473,global,0.0
5,1,lr1e-05_bs16_drop0p4_temp1p0_a0p25_b0p05__wd1e-04trmiss0_degmodglobal,16,1e-05,0.0001,0.4,1.0,0.25,0.05,lr1e-05_bs16_drop0p4_temp1p0_a0p25_b0p05__wd1e-04trmiss0_degmodglobal,53,0.6180452108383179,0.670160710811615,0.5111111111111111,0.7078153328153327,0.42857142857142855,0.0,0.6076708287000656,0.5933334976434708,0.0710681015625596,0.1388942450284958,0.0,0.0,0.0,0.0,0.0,18473,global,0.0
5,1,lr1e-05_bs16_drop0p4_temp1p0_a0p25_b0p05__wd1e-04trmiss0_degmodglobal,16,1e-05,0.0001,0.4,1.0,0.25,0.05,lr1e-05_bs16_drop0p4_temp1p0_a0p25_b0p05__wd1e-04trmiss0_degmodglobal,54,0.5976476073265076,0.6691724061965942,0.4888888888888889,0.7075066908400243,0.35714285714285715,0.0,0.5650345832109451,0.570724293589592,0.0721784895285964,0.17757387459278107,0.0,0.0,0.0,0.0,0.0,18473,global,0.0
5,1,lr1e-05_bs16_drop0p4_temp1p0_a0p25_b0p05__wd1e-04trmiss0_degmodglobal,16,1e-05,0.0001,0.4,1.0,0.25,0.05,lr1e-05_bs16_drop0p4_temp1p0_a0p25_b0p05__wd1e-04trmiss0_degmodglobal,55,0.6296563148498535,0.66898512840271,0.4888888888888889,0.7075066908400243,0.35714285714285715,0.0,0.5877878665924072,0.6063478738069534,0.06977818254381418,0.11727782990783453,0.0,0.0,0.0,0.0,0.0,18473,global,0.0
5,1,lr1e-05_bs16_drop0p4_temp2p0_a0p25_b0p05__wd1e-04trmiss0_degmodglobal,16,1e-05,0.0001,0.4,2.0,0.25,0.05,lr1e-05_bs16_drop0p4_temp2p0_a0p25_b0p05__wd1e-04trmiss0_degmodglobal,1,0.7540342211723328,0.7528381943702698,0.3111111111111111,0.6166845500178835,0.2857142857142857,0.0,0.6984178423881531,0.720842033624649,0.08468390442430973,0.24042430892586708,0.0,0.0,0.0,0.0,0.0,18473,global,0.0
5,1,lr1e-05_bs16_drop0p4_temp2p0_a0p25_b0p05__wd1e-04trmiss0_degmodglobal,16,1e-05,0.0001,0.4,2.0,0.25,0.05,lr1e-05_bs16_drop0p4_temp2p0_a0p25_b0p05__wd1e-04trmiss0_degmodglobal,2,0.7397520542144775,0.7535707354545593,0.3111111111111111,0.6135099468432801,0.2857142857142857,0.0,0.6920702308416367,0.7142829596996307,0.06586163118481636,0.18007377348840237,0.0,0.0,0.0,0.0,0.0,18473,global,0.0
5,1,lr1e-05_bs16_drop0p4_temp2p0_a0p25_b0p05__wd1e-04trmiss0_degmodglobal,16,1e-05,0.0001,0.4,2.0,0.25,0.05,lr1e-05_bs16_drop0p4_temp2p0_a0p25_b0p05__wd1e-04trmiss0_degmodglobal,3,0.7739700078964233,0.7554153800010681,0.33333333333333337,0.6246210579543914,0.2857142857142857,0.0,0.7017242759466171,0.7509963512420654,0.060330476611852646,0.15782115794718266,0.0,0.0,0.0,0.0,0.0,18473,global,0.0
5,1,lr1e-05_bs16_drop0p4_temp2p0_a0p25_b0p05__wd1e-04trmiss0_degmodglobal,16,1e-05,0.0001,0.4,2.0,0.25,0.05,lr1e-05_bs16_drop0p4_temp2p0_a0p25_b0p05__wd1e-04trmiss0_degmodglobal,4,0.7478909343481064,0.7591634392738342,0.35555555555555557,0.6431395764729098,0.35714285714285715,0.0,0.7537379115819931,0.7218322455883026,0.07526765577495098,0.1448353473097086,0.0,0.0,0.0,0.0,0.0,18473,global,0.0
5,1,lr1e-05_bs16_drop0p4_temp2p0_a0p25_b0p05__wd1e-04trmiss0_degmodglobal,16,1e-05,0.0001,0.4,2.0,0.25,0.05,lr1e-05_bs16_drop0p4_temp2p0_a0p25_b0p05__wd1e-04trmiss0_degmodglobal,5,0.7528787404298782,0.7614668607711792,0.3333333333333333,0.6372473205806539,0.35714285714285715,0.0,0.6892199367284775,0.7321921139955521,0.05477043380960822,0.1398806180804968,0.0,0.0,0.0,0.0,0.0,18473,global,0.0
5,1,lr1e-05_bs16_drop0p4_temp2p0_a0p25_b0p05__wd1e-04trmiss0_degmodglobal,16,1e-05,0.0001,0.4,2.0,0.25,0.05,lr1e-05_bs16_drop0p4_temp2p0_a0p25_b0p05__wd1e-04trmiss0_degmodglobal,6,0.7497347593307495,0.7612870335578918,0.35555555555555557,0.6431395764729098,0.35714285714285715,0.0,0.7000198662281036,0.7275879234075546,0.06095326878130436,0.13817066326737404,0.0,0.0,0.0,0.0,0.0,18473,global,0.0
5,1,lr1e-05_bs16_drop0p4_temp2p0_a0p25_b0p05__wd1e-04trmiss0_degmodglobal,16,1e-05,0.0001,0.4,2.0,0.25,0.05,lr1e-05_bs16_drop0p4_temp2p0_a0p25_b0p05__wd1e-04trmiss0_degmodglobal,7,0.742965966463089,0.7619392275810242,0.37777777777777777,0.6542506875840208,0.35714285714285715,0.0,0.6936087906360626,0.7188255339860916,0.06840421538800001,0.14078756235539913,0.0,0.0,0.0,0.0,0.0,18473,global,0.0
5,1,lr1e-05_bs16_drop0p4_temp2p0_a0p25_b0p05__wd1e-04trmiss0_degmodglobal,16,1e-05,0.0001,0.4,2.0,0.25,0.05,lr1e-05_bs16_drop0p4_temp2p0_a0p25_b0p05__wd1e-04trmiss0_degmodglobal,8,0.7117266803979874,0.7640848755836487,0.3555555555555555,0.648358431691765,0.35714285714285715,0.0,0.7124604433774948,0.6825460493564606,0.07783540152013302,0.19443572498857975,0.0,0.0,0.0,0.0,0.0,18473,global,0.0
5,1,lr1e-05_bs16_drop0p4_temp2p0_a0p25_b0p05__wd1e-04trmiss0_degmodglobal,16,1e-05,0.0001,0.4,2.0,0.25,0.05,lr1e-05_bs16_drop0p4_temp2p0_a0p25_b0p05__wd1e-04trmiss0_degmodglobal,9,0.7603610306978226,0.765767514705658,0.39999999999999997,0.6648326981660315,0.35714285714285715,0.0,0.7286904156208038,0.7373899668455124,0.06608861591666937,0.12897807080298662,0.0,0.0,0.0,0.0,0.0,18473,global,0.0
5,1,lr1e-05_bs16_drop0p4_temp2p0_a0p25_b0p05__wd1e-04trmiss0_degmodglobal,16,1e-05,0.0001,0.4,2.0,0.25,0.05,lr1e-05_bs16_drop0p4_temp2p0_a0p25_b0p05__wd1e-04trmiss0_degmodglobal,10,0.6939097344875336,0.7683516144752502,0.37777777777777777,0.6589404422737757,0.35714285714285715,0.0,0.7087040692567825,0.6768339723348618,0.045321499928832054,0.11490789894014597,0.0,0.0,0.0,0.0,0.0,18473,global,0.0
5,1,lr1e-05_bs16_drop0p4_temp2p0_a0p25_b0p05__wd1e-04trmiss0_degmodglobal,16,1e-05,0.0001,0.4,2.0,0.25,0.05,lr1e-05_bs16_drop0p4_temp2p0_a0p25_b0p05__wd1e-04trmiss0_degmodglobal,11,0.7180934697389603,0.7623324990272522,0.39999999999999997,0.6648326981660315,0.35714285714285715,0.0,0.7431528866291046,0.6929659098386765,0.06773176603019238,0.1638922281563282,0.0,0.0,0.0,0.0,0.0,18473,global,0.0
5,1,lr1e-05_bs16_drop0p4_temp2p0_a0p25_b0p05__wd1e-04trmiss0_degmodglobal,16,1e-05,0.0001,0.4,2.0,0.25,0.05,lr1e-05_bs16_drop0p4_temp2p0_a0p25_b0p05__wd1e-04trmiss0_degmodglobal,12,0.7401650995016098,0.7597464323043823,0.39999999999999997,0.6648326981660315,0.35714285714285715,0.0,0.7043887823820114,0.709443673491478,0.0733234602957964,0.24781092628836632,0.0,0.0,0.0,0.0,0.0,18473,global,0.0
5,1,lr1e-05_bs16_drop0p4_temp2p0_a0p25_b0p05__wd1e-04trmiss0_degmodglobal,16,1e-05,0.0001,0.4,2.0,0.25,0.05,lr1e-05_bs16_drop0p4_temp2p0_a0p25_b0p05__wd1e-04trmiss0_degmodglobal,13,0.7362899035215378,0.7568491697311401,0.4222222222222222,0.7018697352030685,0.35714285714285715,0.0,0.6802296340465546,0.7088149636983871,0.07169121131300926,0.19104275293648243,0.0,0.0,0.0,0.0,0.0,18473,global,0.0
5,1,lr1e-05_bs16_drop0p4_temp2p0_a0p25_b0p05__wd1e-04trmiss0_degmodglobal,16,1e-05,0.0001,0.4,2.0,0.25,0.05,lr1e-05_bs16_drop0p4_temp2p0_a0p25_b0p05__wd1e-04trmiss0_degmodglobal,14,0.6964679956436157,0.7546301484107971,0.4222222222222222,0.7018697352030685,0.35714285714285715,0.0,0.671471044421196,0.6741174459457397,0.05831526219844818,0.15543435886502266,0.0,0.0,0.0,0.0,0.0,18473,global,0.0
5,1,lr1e-05_bs16_drop0p4_temp2p0_a0p25_b0p05__wd1e-04trmiss0_degmodglobal,16,1e-05,0.0001,0.4,2.0,0.25,0.05,lr1e-05_bs16_drop0p4_temp2p0_a0p25_b0p05__wd1e-04trmiss0_degmodglobal,15,0.7417673766613007,0.754133403301239,0.4222222222222222,0.7018697352030685,0.35714285714285715,0.0,0.6810345202684402,0.7202887088060379,0.05505628511309624,0.1542918123304844,0.0,0.0,0.0,0.0,0.0,18473,global,0.0
5,1,lr1e-05_bs16_drop0p4_temp2p0_a0p25_b0p05__wd1e-04trmiss0_degmodglobal,16,1e-05,0.0001,0.4,2.0,0.25,0.05,lr1e-05_bs16_drop0p4_temp2p0_a0p25_b0p05__wd1e-04trmiss0_degmodglobal,16,0.7110182046890259,0.7525832653045654,0.4222222222222222,0.7018697352030685,0.35714285714285715,0.0,0.6804873943328857,0.6829548180103302,0.0744299404323101,0.18911791034042835,0.0,0.0,0.0,0.0,0.0,18473,global,0.0
5,1,lr1e-05_bs16_drop0p4_temp2p0_a0p25_b0p05__wd1e-04trmiss0_degmodglobal,16,1e-05,0.0001,0.4,2.0,0.25,0.05,lr1e-05_bs16_drop0p4_temp2p0_a0p25_b0p05__wd1e-04trmiss0_degmodglobal,17,0.7090397477149963,0.7525073885917664,0.4222222222222222,0.7018697352030685,0.35714285714285715,0.0,0.6919495165348053,0.6944621205329895,0.03916909033432603,0.0957070542499423,0.0,0.0,0.0,0.0,0.0,18473,global,0.0
5,1,lr1e-05_bs16_drop0p4_temp2p0_a0p25_b0p05__wd1e-04trmiss0_degmodglobal,16,1e-05,0.0001,0.4,2.0,0.25,0.05,lr1e-05_bs16_drop0p4_temp2p0_a0p25_b0p05__wd1e-04trmiss0_degmodglobal,18,0.6961190104484558,0.7522583603858948,0.4222222222222222,0.7018697352030685,0.35714285714285715,0.0,0.6862894892692566,0.6700612306594849,0.068308986723423,0.17961079813539982,0.0,0.0,0.0,0.0,0.0,18473,global,0.0
5,1,lr1e-05_bs16_drop0p4_temp2p0_a0p25_b0p05__wd1e-04trmiss0_degmodglobal,16,1e-05,0.0001,0.4,2.0,0.25,0.05,lr1e-05_bs16_drop0p4_temp2p0_a0p25_b0p05__wd1e-04trmiss0_degmodglobal,19,0.6883750855922699,0.7532309293746948,0.4222222222222222,0.7018697352030685,0.35714285714285715,0.0,0.6815422475337982,0.6587263345718384,0.07401785161346197,0.22288610227406025,0.0,0.0,0.0,0.0,0.0,18473,global,0.0
5,1,lr1e-05_bs16_drop0p4_temp2p0_a0p25_b0p05__wd1e-04trmiss0_degmodglobal,16,1e-05,0.0001,0.4,2.0,0.25,0.05,lr1e-05_bs16_drop0p4_temp2p0_a0p25_b0p05__wd1e-04trmiss0_degmodglobal,20,0.6716857850551605,0.7527281641960144,0.4222222222222222,0.7018697352030685,0.35714285714285715,0.0,0.6745993942022324,0.6477727591991425,0.06386658828705549,0.1589274015277624,0.0,0.0,0.0,0.0,0.0,18473,global,0.0
5,1,lr1e-05_bs16_drop0p4_temp2p0_a0p25_b0p05__wd1e-04trmiss0_degmodglobal,16,1e-05,0.0001,0.4,2.0,0.25,0.05,lr1e-05_bs16_drop0p4_temp2p0_a0p25_b0p05__wd1e-04trmiss0_degmodglobal,21,0.7461966723203659,0.7533262372016907,0.4222222222222222,0.7018697352030685,0.35714285714285715,0.0,0.6923536062240601,0.7126636207103729,0.08283702470362186,0.25647581554949284,0.0,0.0,0.0,0.0,0.0,18473,global,0.0
5,1,lr1e-05_bs16_drop0p4_temp2p0_a0p25_b0p05__wd1e-04trmiss0_degmodglobal,16,1e-05,0.0001,0.4,2.0,0.25,0.05,lr1e-05_bs16_drop0p4_temp2p0_a0p25_b0p05__wd1e-04trmiss0_degmodglobal,22,0.7137763649225235,0.7606754899024963,0.4222222222222222,0.7018697352030685,0.35714285714285715,0.0,0.680411621928215,0.6875550001859665,0.06475057639181614,0.20067457109689713,0.0,0.0,0.0,0.0,0.0,18473,global,0.0
5,1,lr1e-05_bs16_drop0p4_temp2p0_a0p25_b0p05__wd1e-04trmiss0_degmodglobal,16,1e-05,0.0001,0.4,2.0,0.25,0.05,lr1e-05_bs16_drop0p4_temp2p0_a0p25_b0p05__wd1e-04trmiss0_degmodglobal,23,0.7074881792068481,0.7650311589241028,0.39999999999999997,0.6648326981660315,0.35714285714285715,0.0,0.6837634146213531,0.6855254173278809,0.05901948735117912,0.14415772818028927,0.0,0.0,0.0,0.0,0.0,18473,global,0.0
5,1,lr1e-05_bs16_drop0p4_temp2p0_a0p25_b0p05__wd1e-04trmiss0_degmodglobal,16,1e-05,0.0001,0.4,2.0,0.25,0.05,lr1e-05_bs16_drop0p4_temp2p0_a0p25_b0p05__wd1e-04trmiss0_degmodglobal,24,0.7139642387628555,0.7688701748847961,0.4222222222222222,0.7018697352030685,0.35714285714285715,0.0,0.6693816184997559,0.6889547258615494,0.07482922077178955,0.12604432739317417,0.0,0.0,0.0,0.0,0.0,18473,global,0.0
5,1,lr1e-05_bs16_drop0p4_temp2p0_a0p25_b0p05__wd1e-04trmiss0_degmodglobal,16,1e-05,0.0001,0.4,2.0,0.25,0.05,lr1e-05_bs16_drop0p4_temp2p0_a0p25_b0p05__wd1e-04trmiss0_degmodglobal,25,0.7138470709323883,0.7634466886520386,0.4222222222222222,0.7018697352030685,0.35714285714285715,0.0,0.6876710802316666,0.6903571337461472,0.06128180958330631,0.16338991932570934,0.0,0.0,0.0,0.0,0.0,18473,global,0.0
5,1,lr1e-05_bs16_drop0p4_temp2p0_a0p25_b0p05__wd1e-04trmiss0_degmodglobal,16,1e-05,0.0001,0.4,2.0,0.25,0.05,lr1e-05_bs16_drop0p4_temp2p0_a0p25_b0p05__wd1e-04trmiss0_degmodglobal,26,0.7113185375928879,0.7684845328330994,0.4222222222222222,0.7018697352030685,0.35714285714285715,0.0,0.645931676030159,0.6905005127191544,0.05949873384088278,0.11886723153293133,0.0,0.0,0.0,0.0,0.0,18473,global,0.0
5,1,lr1e-05_bs16_drop0p4_temp2p0_a0p25_b0p05__wd1e-04trmiss0_degmodglobal,16,1e-05,0.0001,0.4,2.0,0.25,0.05,lr1e-05_bs16_drop0p4_temp2p0_a0p25_b0p05__wd1e-04trmiss0_degmodglobal,27,0.6949463337659836,0.7651186585426331,0.4222222222222222,0.7018697352030685,0.35714285714285715,0.0,0.681084394454956,0.6640983372926712,0.07875240966677666,0.2231978140771389,0.0,0.0,0.0,0.0,0.0,18473,global,0.0
5,1,lr1e-05_bs16_drop0p4_temp2p0_a0p25_b0p05__wd1e-04trmiss0_degmodglobal,16,1e-05,0.0001,0.4,2.0,0.25,0.05,lr1e-05_bs16_drop0p4_temp2p0_a0p25_b0p05__wd1e-04trmiss0_degmodglobal,28,0.7428662925958633,0.7683044672012329,0.4222222222222222,0.7018697352030685,0.35714285714285715,0.0,0.6723908931016922,0.7181809693574905,0.06799027137458324,0.15375478006899357,0.0,0.0,0.0,0.0,0.0,18473,global,0.0
5,1,lr1e-05_bs16_drop0p4_temp2p0_a0p25_b0p05__wd1e-04trmiss0_degmodglobal,16,1e-05,0.0001,0.4,2.0,0.25,0.05,lr1e-05_bs16_drop0p4_temp2p0_a0p25_b0p05__wd1e-04trmiss0_degmodglobal,29,0.7025552541017532,0.7620036602020264,0.4222222222222222,0.7018697352030685,0.35714285714285715,0.0,0.6485706865787506,0.6782086044549942,0.06509913597255945,0.1614373978227377,0.0,0.0,0.0,0.0,0.0,18473,global,0.0
5,1,lr1e-05_bs16_drop0p4_temp2p0_a0p25_b0p05__wd1e-04trmiss0_degmodglobal,16,1e-05,0.0001,0.4,2.0,0.25,0.05,lr1e-05_bs16_drop0p4_temp2p0_a0p25_b0p05__wd1e-04trmiss0_degmodglobal,30,0.7125480771064758,0.7661915421485901,0.4222222222222222,0.7018697352030685,0.42857142857142855,0.0,0.6628224551677704,0.6885901987552643,0.06093474384397268,0.17448410764336586,0.0,0.0,0.0,0.0,0.0,18473,global,0.0
5,1,lr1e-05_bs16_drop0p4_temp2p0_a0p25_b0p05__wd1e-04trmiss0_degmodglobal,16,1e-05,0.0001,0.4,2.0,0.25,0.05,lr1e-05_bs16_drop0p4_temp2p0_a0p25_b0p05__wd1e-04trmiss0_degmodglobal,31,0.7177891284227371,0.7676084041595459,0.4222222222222222,0.7018697352030685,0.35714285714285715,0.0,0.6891596764326096,0.6920600086450577,0.06473293527960777,0.1909174770116806,0.0,0.0,0.0,0.0,0.0,18473,global,0.0
5,1,lr1e-05_bs16_drop0p4_temp2p0_a0p25_b0p05__wd1e-04trmiss0_degmodglobal,16,1e-05,0.0001,0.4,2.0,0.25,0.05,lr1e-05_bs16_drop0p4_temp2p0_a0p25_b0p05__wd1e-04trmiss0_degmodglobal,32,0.712294414639473,0.767228901386261,0.39999999999999997,0.6648326981660315,0.42857142857142855,0.0,0.6604397892951965,0.6758053451776505,0.09552830457687378,0.25213969871401787,0.0,0.0,0.0,0.0,0.0,18473,global,0.0
5,1,lr1e-05_bs16_drop0p4_temp2p0_a0p25_b0p05__wd1e-04trmiss0_degmodglobal,16,1e-05,0.0001,0.4,2.0,0.25,0.05,lr1e-05_bs16_drop0p4_temp2p0_a0p25_b0p05__wd1e-04trmiss0_degmodglobal,33,0.7325885444879532,0.7626782059669495,0.4222222222222222,0.7018697352030685,0.35714285714285715,0.0,0.6531953513622284,0.7108292281627655,0.05766762187704444,0.14684849977493286,0.0,0.0,0.0,0.0,0.0,18473,global,0.0
5,1,lr1e-05_bs16_drop0p4_temp2p0_a0p25_b0p05__wd1e-04trmiss0_degmodglobal,16,1e-05,0.0001,0.4,2.0,0.25,0.05,lr1e-05_bs16_drop0p4_temp2p0_a0p25_b0p05__wd1e-04trmiss0_degmodglobal,34,0.6923191845417023,0.7665939927101135,0.39999999999999997,0.6648326981660315,0.35714285714285715,0.0,0.6703455299139023,0.6677670478820801,0.06685082707554102,0.15678854985162616,0.0,0.0,0.0,0.0,0.0,18473,global,0.0
5,1,lr1e-05_bs16_drop0p4_temp2p0_a0p25_b0p05__wd1e-04trmiss0_degmodglobal,16,1e-05,0.0001,0.4,2.0,0.25,0.05,lr1e-05_bs16_drop0p4_temp2p0_a0p25_b0p05__wd1e-04trmiss0_degmodglobal,35,0.7481836676597595,0.7611915469169617,0.4222222222222222,0.7018697352030685,0.35714285714285715,0.0,0.6665865778923035,0.7202765643596649,0.07071012072265148,0.20459122955799103,0.0,0.0,0.0,0.0,0.0,18473,global,0.0
5,1,lr1e-05_bs16_drop0p4_temp2p0_a0p25_b0p05__wd1e-04trmiss0_degmodglobal,16,1e-05,0.0001,0.4,2.0,0.25,0.05,lr1e-05_bs16_drop0p4_temp2p0_a0p25_b0p05__wd1e-04trmiss0_degmodglobal,36,0.7467518001794815,0.7631304264068604,0.4222222222222222,0.7018697352030685,0.35714285714285715,0.0,0.6641072034835815,0.7103517353534698,0.09116564132273197,0.27217259630560875,0.0,0.0,0.0,0.0,0.0,18473,global,0.0
5,1,lr1e-05_bs16_drop0p4_temp2p0_a0p25_b0p05__wd1e-04trmiss0_degmodglobal,16,1e-05,0.0001,0.4,2.0,0.25,0.05,lr1e-05_bs16_drop0p4_temp2p0_a0p25_b0p05__wd1e-04trmiss0_degmodglobal,37,0.7001526653766632,0.7615525722503662,0.4222222222222222,0.7018697352030685,0.35714285714285715,0.0,0.622071161866188,0.6743466258049011,0.07742519490420818,0.12899486161768436,0.0,0.0,0.0,0.0,0.0,18473,global,0.0
5,1,lr1e-05_bs16_drop0p4_temp2p0_a0p25_b0p05__wd1e-04trmiss0_degmodglobal,16,1e-05,0.0001,0.4,2.0,0.25,0.05,lr1e-05_bs16_drop0p4_temp2p0_a0p25_b0p05__wd1e-04trmiss0_degmodglobal,38,0.745729923248291,0.7603722214698792,0.4222222222222222,0.7018697352030685,0.35714285714285715,0.0,0.6507066041231155,0.7163603603839874,0.06943370029330254,0.24022258259356022,0.0,0.0,0.0,0.0,0.0,18473,global,0.0
5,2,lr1e-04_bs8_drop0p2_temp1p0_a0p25_b0p05__wd1e-04trmiss0_degmodglobal,8,0.0001,0.0001,0.2,1.0,0.25,0.05,lr1e-04_bs8_drop0p2_temp1p0_a0p25_b0p05__wd1e-04trmiss0_degmodglobal,1,0.6703975200653076,0.6626492142677307,0.4888888888888888,0.6522597772597772,0.6428571428571429,0.0,0.6419860635484967,0.6523832849093846,0.05154168126838548,0.10257638778005328,0.0,0.0,0.0,0.0,0.0,18473,global,0.0
5,2,lr1e-04_bs8_drop0p2_temp1p0_a0p25_b0p05__wd1e-04trmiss0_degmodglobal,8,0.0001,0.0001,0.2,1.0,0.25,0.05,lr1e-04_bs8_drop0p2_temp1p0_a0p25_b0p05__wd1e-04trmiss0_degmodglobal,2,0.6260918463979449,0.660841166973114,0.5777777777777777,0.724133274133274,0.6428571428571429,0.0,0.6033899358340672,0.6038900784083775,0.0668994193630559,0.10953849899981703,0.0,0.0,0.0,0.0,0.0,18473,global,0.0
5,2,lr1e-04_bs8_drop0p2_temp1p0_a0p25_b0p05__wd1e-04trmiss0_degmodglobal,8,0.0001,0.0001,0.2,1.0,0.25,0.05,lr1e-04_bs8_drop0p2_temp1p0_a0p25_b0p05__wd1e-04trmiss0_degmodglobal,3,0.6094857709748405,0.6585960388183594,0.6444444444444445,0.8111703111703112,0.6428571428571429,0.0,0.6025672129222325,0.5841843996729169,0.07305536738463811,0.1407506370118686,0.0,0.0,0.0,0.0,0.0,18473,global,0.0
5,2,lr1e-04_bs8_drop0p2_temp1p0_a0p25_b0p05__wd1e-04trmiss0_degmodglobal,8,0.0001,0.0001,0.2,1.0,0.25,0.05,lr1e-04_bs8_drop0p2_temp1p0_a0p25_b0p05__wd1e-04trmiss0_degmodglobal,4,0.5925596526690892,0.6589292883872986,0.5555555555555556,0.7325507825507827,0.5714285714285714,0.0,0.5581023352486747,0.5630043617316655,0.08220366761088371,0.18008717255932943,0.0,0.0,0.0,0.0,0.0,18473,global,0.0
5,2,lr1e-04_bs8_drop0p2_temp1p0_a0p25_b0p05__wd1e-04trmiss0_degmodglobal,8,0.0001,0.0001,0.2,1.0,0.25,0.05,lr1e-04_bs8_drop0p2_temp1p0_a0p25_b0p05__wd1e-04trmiss0_degmodglobal,5,0.5708908098084586,0.6635544002056122,0.5777777777777777,0.7396214896214897,0.5714285714285714,0.0,0.5557709336280823,0.5422276258468628,0.0812172783272607,0.16717705769198282,0.0,0.0,0.0,0.0,0.0,18473,global,0.0
5,2,lr1e-04_bs8_drop0p2_temp1p0_a0p25_b0p05__wd1e-04trmiss0_degmodglobal,8,0.0001,0.0001,0.2,1.0,0.25,0.05,lr1e-04_bs8_drop0p2_temp1p0_a0p25_b0p05__wd1e-04trmiss0_degmodglobal,6,0.5503314733505249,0.6667289137840271,0.5777777777777777,0.7396214896214897,0.6428571428571429,0.0,0.5529802015849522,0.5238424922738757,0.08089663194758552,0.12529659696987697,0.0,0.0,0.0,0.0,0.0,18473,global,0.0
5,2,lr1e-04_bs8_drop0p2_temp1p0_a0p25_b0p05__wd1e-04trmiss0_degmodglobal,8,0.0001,0.0001,0.2,1.0,0.25,0.05,lr1e-04_bs8_drop0p2_temp1p0_a0p25_b0p05__wd1e-04trmiss0_degmodglobal,7,0.5377140258039746,0.6646392345428467,0.5777777777777777,0.6907999407999409,0.6428571428571429,0.0,0.5219144991465977,0.5104115349905831,0.08383179562432426,0.12689079982893808,0.0,0.0,0.0,0.0,0.0,18473,global,0.0
5,2,lr1e-04_bs8_drop0p2_temp1p0_a0p25_b0p05__wd1e-04trmiss0_degmodglobal,8,0.0001,0.0001,0.2,1.0,0.25,0.05,lr1e-04_bs8_drop0p2_temp1p0_a0p25_b0p05__wd1e-04trmiss0_degmodglobal,8,0.5478862864630563,0.6669959723949432,0.5555555555555556,0.7519230769230769,0.6428571428571429,0.0,0.5441454095499856,0.5178939998149872,0.09167190002543586,0.14148609127317155,0.0,0.0,0.0,0.0,0.0,18473,global,0.0
5,2,lr1e-04_bs8_drop0p2_temp1p0_a0p25_b0p05__wd1e-04trmiss0_degmodglobal,8,0.0001,0.0001,0.2,1.0,0.25,0.05,lr1e-04_bs8_drop0p2_temp1p0_a0p25_b0p05__wd1e-04trmiss0_degmodglobal,9,0.5428681373596191,0.6740073561668396,0.5777777777777777,0.7433862433862435,0.6428571428571429,0.0,0.5617993005684444,0.5136429454599108,0.08252833544143609,0.17186204769781657,0.0,0.0,0.0,0.0,0.0,18473,global,0.0
5,2,lr1e-04_bs8_drop0p2_temp1p0_a0p25_b0p05__wd1e-04trmiss0_degmodglobal,8,0.0001,0.0001,0.2,1.0,0.25,0.05,lr1e-04_bs8_drop0p2_temp1p0_a0p25_b0p05__wd1e-04trmiss0_degmodglobal,10,0.5293650329113007,0.6750056743621826,0.5333333333333333,0.6704906204906206,0.6428571428571429,0.0,0.5309505547795977,0.5026191771030426,0.07798111651624952,0.1450115293264389,0.0,0.0,0.0,0.0,0.0,18473,global,0.0
5,2,lr1e-04_bs8_drop0p2_temp1p0_a0p25_b0p05__wd1e-04trmiss0_degmodglobal,8,0.0001,0.0001,0.2,1.0,0.25,0.05,lr1e-04_bs8_drop0p2_temp1p0_a0p25_b0p05__wd1e-04trmiss0_degmodglobal,11,0.5370670557022095,0.6732825040817261,0.5111111111111111,0.6994588744588746,0.6428571428571429,0.0,0.5224488718169076,0.5087446059499469,0.08329600361841065,0.14996927763734544,0.0,0.0,0.0,0.0,0.0,18473,global,0.0
5,2,lr1e-04_bs8_drop0p2_temp1p0_a0p25_b0p05__wd1e-04trmiss0_degmodglobal,8,0.0001,0.0001,0.2,1.0,0.25,0.05,lr1e-04_bs8_drop0p2_temp1p0_a0p25_b0p05__wd1e-04trmiss0_degmodglobal,12,0.5309006954942431,0.6745755970478058,0.5333333333333333,0.7161255411255412,0.7142857142857143,0.0,0.5419021887438638,0.5041903172220502,0.0807400814124516,0.1305072900972196,0.0,0.0,0.0,0.0,0.0,18473,global,0.0
5,2,lr1e-04_bs8_drop0p2_temp1p0_a0p25_b0p05__wd1e-04trmiss0_degmodglobal,8,0.0001,0.0001,0.2,1.0,0.25,0.05,lr1e-04_bs8_drop0p2_temp1p0_a0p25_b0p05__wd1e-04trmiss0_degmodglobal,13,0.5063955783843994,0.6689988374710083,0.5777777777777778,0.7408609908609909,0.7142857142857143,0.0,0.5210584998130798,0.47791285599981037,0.08360351728541511,0.15163699963263103,0.0,0.0,0.0,0.0,0.0,18473,global,0.0
5,2,lr1e-04_bs8_drop0p2_temp1p0_a0p25_b0p05__wd1e-04trmiss0_degmodglobal,8,0.0001,0.0001,0.2,1.0,0.25,0.05,lr1e-04_bs8_drop0p2_temp1p0_a0p25_b0p05__wd1e-04trmiss0_degmodglobal,14,0.5040361327784402,0.670439600944519,0.6,0.7501202501202502,0.7142857142857143,0.0,0.4840542716639383,0.46665705527578083,0.11389835178852081,0.17808973363467626,0.0,0.0,0.0,0.0,0.0,18473,global,0.0
5,2,lr1e-04_bs8_drop0p2_temp1p0_a0p25_b0p05__wd1e-04trmiss0_degmodglobal,8,0.0001,0.0001,0.2,1.0,0.25,0.05,lr1e-04_bs8_drop0p2_temp1p0_a0p25_b0p05__wd1e-04trmiss0_degmodglobal,15,0.5291861253125327,0.6675688028335571,0.6444444444444444,0.7752525252525253,0.7142857142857143,0.0,0.5290564596652985,0.49318774683134897,0.11020117359501976,0.16896157498870576,0.0,0.0,0.0,0.0,0.0,18473,global,0.0
5,2,lr1e-04_bs8_drop0p2_temp1p0_a0p25_b0p05__wd1e-04trmiss0_degmodglobal,8,0.0001,0.0001,0.2,1.0,0.25,0.05,lr1e-04_bs8_drop0p2_temp1p0_a0p25_b0p05__wd1e-04trmiss0_degmodglobal,16,0.5022592672279903,0.6736826002597809,0.5777777777777777,0.6945646945646946,0.7142857142857143,0.0,0.5274297850472587,0.467955870287759,0.09659548529556819,0.20309043037039892,0.0,0.0,0.0,0.0,0.0,18473,global,0.0
5,2,lr1e-04_bs8_drop0p2_temp1p0_a0p25_b0p05__wd1e-04trmiss0_degmodglobal,8,0.0001,0.0001,0.2,1.0,0.25,0.05,lr1e-04_bs8_drop0p2_temp1p0_a0p25_b0p05__wd1e-04trmiss0_degmodglobal,17,0.5089697752680097,0.6779282093048096,0.5777777777777778,0.7408609908609909,0.7142857142857143,0.0,0.5289944240025112,0.480050836290632,0.08509054141385215,0.1529259979724884,0.0,0.0,0.0,0.0,0.0,18473,global,0.0
5,2,lr1e-04_bs8_drop0p2_temp1p0_a0p25_b0p05__wd1e-04trmiss0_degmodglobal,8,0.0001,0.0001,0.2,1.0,0.25,0.05,lr1e-04_bs8_drop0p2_temp1p0_a0p25_b0p05__wd1e-04trmiss0_degmodglobal,18,0.48917107922690256,0.6753441393375397,0.5777777777777778,0.7408609908609909,0.7142857142857143,0.0,0.5022498965263367,0.459424546786717,0.09280735786472048,0.13089402658598764,0.0,0.0,0.0,0.0,0.0,18473,global,0.0
5,2,lr1e-04_bs8_drop0p2_temp1p0_a0p25_b0p05__wd1e-04trmiss0_degmodglobal,8,0.0001,0.0001,0.2,1.0,0.25,0.05,lr1e-04_bs8_drop0p2_temp1p0_a0p25_b0p05__wd1e-04trmiss0_degmodglobal,19,0.5065000184944698,0.6793967485427856,0.5777777777777778,0.7408609908609909,0.7142857142857143,0.0,0.5194458706038338,0.47940565432821003,0.07892991708857673,0.14723753982356616,0.0,0.0,0.0,0.0,0.0,18473,global,0.0
5,2,lr1e-04_bs8_drop0p2_temp1p0_a0p25_b0p05__wd1e-04trmiss0_degmodglobal,8,0.0001,0.0001,0.2,1.0,0.25,0.05,lr1e-04_bs8_drop0p2_temp1p0_a0p25_b0p05__wd1e-04trmiss0_degmodglobal,20,0.5080973122801099,0.6821860074996948,0.5333333333333333,0.7161255411255412,0.7142857142857143,0.0,0.480323599917548,0.47036780204091755,0.11600391566753387,0.1745704220873969,0.0,0.0,0.0,0.0,0.0,18473,global,0.0
5,2,lr1e-04_bs8_drop0p2_temp1p0_a0p25_b0p05__wd1e-04trmiss0_degmodglobal,8,0.0001,0.0001,0.2,1.0,0.25,0.05,lr1e-04_bs8_drop0p2_temp1p0_a0p25_b0p05__wd1e-04trmiss0_degmodglobal,21,0.4952084081513541,0.6803080141544342,0.5333333333333333,0.7161255411255412,0.7142857142857143,0.0,0.5195214322635106,0.46624275190489634,0.08703786241156715,0.1441235989332199,0.0,0.0,0.0,0.0,0.0,18473,global,0.0
5,2,lr1e-04_bs8_drop0p2_temp1p0_a0p25_b0p05__wd1e-04trmiss0_degmodglobal,8,0.0001,0.0001,0.2,1.0,0.25,0.05,lr1e-04_bs8_drop0p2_temp1p0_a0p25_b0p05__wd1e-04trmiss0_degmodglobal,22,0.5080039288316455,0.6801429688930511,0.5333333333333333,0.6753848003848004,0.7142857142857143,0.0,0.4977783347879137,0.4814297344003405,0.083518883479493,0.1138893376503672,0.0,0.0,0.0,0.0,0.0,18473,global,0.0
5,2,lr1e-04_bs8_drop0p2_temp1p0_a0p25_b0p05__wd1e-04trmiss0_degmodglobal,8,0.0001,0.0001,0.2,1.0,0.25,0.05,lr1e-04_bs8_drop0p2_temp1p0_a0p25_b0p05__wd1e-04trmiss0_degmodglobal,23,0.4921178902898516,0.6792577505111694,0.5111111111111111,0.7055435305435305,0.7142857142857143,0.0,0.5043332576751709,0.4635716421263559,0.08328349302921977,0.15450740712029593,0.0,0.0,0.0,0.0,0.0,18473,global,0.0
5,2,lr1e-04_bs8_drop0p2_temp1p0_a0p25_b0p05__wd1e-04trmiss0_degmodglobal,8,0.0001,0.0001,0.2,1.0,0.25,0.05,lr1e-04_bs8_drop0p2_temp1p0_a0p25_b0p05__wd1e-04trmiss0_degmodglobal,24,0.4728351022515978,0.677590548992157,0.4888888888888889,0.649987974987975,0.7142857142857143,0.0,0.4763760268688202,0.44369188376835417,0.08819580290998731,0.1418855818254607,0.0,0.0,0.0,0.0,0.0,18473,global,0.0
5,2,lr1e-04_bs8_drop0p2_temp1p0_a0p25_b0p05__wd1e-04trmiss0_degmodglobal,8,0.0001,0.0001,0.2,1.0,0.25,0.05,lr1e-04_bs8_drop0p2_temp1p0_a0p25_b0p05__wd1e-04trmiss0_degmodglobal,25,0.4931132325104305,0.6752451360225677,0.5333333333333333,0.6753848003848004,0.7142857142857143,0.0,0.4675500052315848,0.4625414950507028,0.09564993743385587,0.13318509608507156,0.0,0.0,0.0,0.0,0.0,18473,global,0.0
5,2,lr1e-04_bs8_drop0p2_temp1p0_a0p25_b0p05__wd1e-04trmiss0_degmodglobal,8,0.0001,0.0001,0.2,1.0,0.25,0.05,lr1e-04_bs8_drop0p2_temp1p0_a0p25_b0p05__wd1e-04trmiss0_degmodglobal,26,0.48222727860723225,0.6726395785808563,0.5333333333333333,0.6753848003848004,0.7142857142857143,0.0,0.49586676699774607,0.4471602865627834,0.10828228614159993,0.1599282654268401,0.0,0.0,0.0,0.0,0.0,18473,global,0.0
5,2,lr1e-04_bs8_drop0p2_temp1p0_a0p25_b0p05__wd1e-04trmiss0_degmodglobal,8,0.0001,0.0001,0.2,1.0,0.25,0.05,lr1e-04_bs8_drop0p2_temp1p0_a0p25_b0p05__wd1e-04trmiss0_degmodglobal,27,0.4949515334197453,0.6705571711063385,0.5333333333333333,0.6753848003848004,0.7142857142857143,0.0,0.5215668380260468,0.4648203934941973,0.07847982804690089,0.21022335652794158,0.0,0.0,0.0,0.0,0.0,18473,global,0.0
5,2,lr1e-04_bs8_drop0p2_temp1p0_a0p25_b0p05__wd1e-04trmiss0_degmodglobal,8,0.0001,0.0001,0.2,1.0,0.25,0.05,lr1e-04_bs8_drop0p2_temp1p0_a0p25_b0p05__wd1e-04trmiss0_degmodglobal,28,0.4893791547843388,0.6719505488872528,0.5555555555555556,0.730940355940356,0.7142857142857143,0.0,0.5052478696618762,0.45543390086718966,0.09707837977579661,0.19351328004683768,0.0,0.0,0.0,0.0,0.0,18473,global,0.0
5,2,lr1e-04_bs8_drop0p2_temp1p0_a0p25_b0p05__wd1e-04trmiss0_degmodglobal,8,0.0001,0.0001,0.2,1.0,0.25,0.05,lr1e-04_bs8_drop0p2_temp1p0_a0p25_b0p05__wd1e-04trmiss0_degmodglobal,29,0.4646034709044865,0.6761649549007416,0.5333333333333333,0.7161255411255412,0.7142857142857143,0.0,0.46571648120880127,0.43018217597688946,0.09983932173677854,0.1892292478254863,0.0,0.0,0.0,0.0,0.0,18473,global,0.0
5,2,lr1e-04_bs8_drop0p2_temp1p0_a0p25_b0p05__wd1e-04trmiss0_degmodglobal,8,0.0001,0.0001,0.2,1.0,0.25,0.05,lr1e-04_bs8_drop0p2_temp1p0_a0p25_b0p05__wd1e-04trmiss0_degmodglobal,30,0.4656586604458945,0.6741254925727844,0.5333333333333333,0.7161255411255412,0.7142857142857143,0.0,0.4640773960522243,0.43807911447116304,0.08678849733301572,0.11764870530792645,0.0,0.0,0.0,0.0,0.0,18473,global,0.0
5,2,lr1e-04_bs8_drop0p2_temp1p0_a0p25_b0p05__wd1e-04trmiss0_degmodglobal,8,0.0001,0.0001,0.2,1.0,0.25,0.05,lr1e-04_bs8_drop0p2_temp1p0_a0p25_b0p05__wd1e-04trmiss0_degmodglobal,31,0.4982177955763681,0.6753714680671692,0.5333333333333333,0.7161255411255412,0.7142857142857143,0.0,0.46991391692842754,0.4653738183634622,0.0993344954081944,0.16020701080560684,0.0,0.0,0.0,0.0,0.0,18473,global,0.0
5,2,lr1e-04_bs8_drop0p2_temp1p0_a0p25_b0p05__wd1e-04trmiss0_degmodglobal,8,0.0001,0.0001,0.2,1.0,0.25,0.05,lr1e-04_bs8_drop0p2_temp1p0_a0p25_b0p05__wd1e-04trmiss0_degmodglobal,32,0.49234856026513235,0.6780672073364258,0.5111111111111111,0.7055435305435305,0.7142857142857143,0.0,0.4803319701126644,0.4542956394808633,0.11334455226148878,0.19433560807790076,0.0,0.0,0.0,0.0,0.0,18473,global,0.0
5,2,lr1e-04_bs8_drop0p2_temp1p0_a0p25_b0p05__wd1e-04trmiss0_degmodglobal,8,0.0001,0.0001,0.2,1.0,0.25,0.05,lr1e-04_bs8_drop0p2_temp1p0_a0p25_b0p05__wd1e-04trmiss0_degmodglobal,33,0.47549971086638315,0.6764108240604401,0.5333333333333333,0.7161255411255412,0.7142857142857143,0.0,0.4540091497557504,0.44079372712544035,0.10955339670181274,0.14635270621095384,0.0,0.0,0.0,0.0,0.0,18473,global,0.0
5,2,lr1e-04_bs8_drop0p2_temp1p0_a0p25_b0p05__wd1e-04trmiss0_degmodglobal,8,0.0001,0.0001,0.2,1.0,0.25,0.05,lr1e-04_bs8_drop0p2_temp1p0_a0p25_b0p05__wd1e-04trmiss0_degmodglobal,34,0.4651005778993879,0.6748768389225006,0.5555555555555556,0.726046176046176,0.7142857142857143,0.0,0.4854664419378553,0.4367136061191559,0.08411634367491518,0.1471576765179634,0.0,0.0,0.0,0.0,0.0,18473,global,0.0
5,2,lr1e-04_bs8_drop0p2_temp1p0_a0p25_b0p05__wd1e-04trmiss0_degmodglobal,8,0.0001,0.0001,0.2,1.0,0.25,0.05,lr1e-04_bs8_drop0p2_temp1p0_a0p25_b0p05__wd1e-04trmiss0_degmodglobal,35,0.47251843980380465,0.6757360398769379,0.5555555555555556,0.726046176046176,0.7142857142857143,0.0,0.4649109031472887,0.4353936229433332,0.11054457191910062,0.18977378521646773,0.0,0.0,0.0,0.0,0.0,18473,global,0.0
5,2,lr1e-04_bs8_drop0p2_temp2p0_a0p25_b0p05__wd1e-04trmiss0_degmodglobal,8,0.0001,0.0001,0.2,2.0,0.25,0.05,lr1e-04_bs8_drop0p2_temp2p0_a0p25_b0p05__wd1e-04trmiss0_degmodglobal,1,0.6826271414756775,0.697519451379776,0.3555555555555555,0.583984533984534,0.5,0.0,0.7287885887282235,0.6672032475471497,0.037029411111559184,0.12333053031138011,0.0,0.0,0.0,0.0,0.0,18473,global,0.0
5,2,lr1e-04_bs8_drop0p2_temp2p0_a0p25_b0p05__wd1e-04trmiss0_degmodglobal,8,0.0001,0.0001,0.2,2.0,0.25,0.05,lr1e-04_bs8_drop0p2_temp2p0_a0p25_b0p05__wd1e-04trmiss0_degmodglobal,2,0.6587990522384644,0.7050294578075409,0.3777777777777777,0.599989824989825,0.5,0.0,0.6865295171737671,0.6461719019072396,0.034036606018032343,0.0823597205536706,0.0,0.0,0.0,0.0,0.0,18473,global,0.0
5,2,lr1e-04_bs8_drop0p2_temp2p0_a0p25_b0p05__wd1e-04trmiss0_degmodglobal,8,0.0001,0.0001,0.2,2.0,0.25,0.05,lr1e-04_bs8_drop0p2_temp2p0_a0p25_b0p05__wd1e-04trmiss0_degmodglobal,3,0.6233525701931545,0.7116827368736267,0.33333333333333337,0.6314953564953565,0.42857142857142855,0.0,0.6707303098269871,0.609352571623666,0.03490089039717402,0.10549581795930862,0.0,0.0,0.0,0.0,0.0,18473,global,0.0
5,2,lr1e-04_bs8_drop0p2_temp2p0_a0p25_b0p05__wd1e-04trmiss0_degmodglobal,8,0.0001,0.0001,0.2,2.0,0.25,0.05,lr1e-04_bs8_drop0p2_temp2p0_a0p25_b0p05__wd1e-04trmiss0_degmodglobal,4,0.6218000480106899,0.711854100227356,0.3555555555555555,0.6420773670773672,0.42857142857142855,0.0,0.6529662438801357,0.6001390899930682,0.05431687752051013,0.16163455269166402,0.0,0.0,0.0,0.0,0.0,18473,global,0.0
5,2,lr1e-04_bs8_drop0p2_temp2p0_a0p25_b0p05__wd1e-04trmiss0_degmodglobal,8,0.0001,0.0001,0.2,2.0,0.25,0.05,lr1e-04_bs8_drop0p2_temp2p0_a0p25_b0p05__wd1e-04trmiss0_degmodglobal,5,0.588549826826368,0.7110889852046967,0.3555555555555555,0.6528798362131696,0.35714285714285715,0.0,0.6393999797957284,0.5736351268632072,0.03694979473948479,0.11354497713702065,0.0,0.0,0.0,0.0,0.0,18473,global,0.0
5,2,lr1e-04_bs8_drop0p2_temp2p0_a0p25_b0p05__wd1e-04trmiss0_degmodglobal,8,0.0001,0.0001,0.2,2.0,0.25,0.05,lr1e-04_bs8_drop0p2_temp2p0_a0p25_b0p05__wd1e-04trmiss0_degmodglobal,6,0.5820311307907104,0.7204336822032928,0.3555555555555555,0.6500138750138751,0.35714285714285715,0.0,0.6285666567938668,0.5633895652634757,0.04761579872242042,0.13475222140550613,0.0,0.0,0.0,0.0,0.0,18473,global,0.0
5,2,lr1e-04_bs8_drop0p2_temp2p0_a0p25_b0p05__wd1e-04trmiss0_degmodglobal,8,0.0001,0.0001,0.2,2.0,0.25,0.05,lr1e-04_bs8_drop0p2_temp2p0_a0p25_b0p05__wd1e-04trmiss0_degmodglobal,7,0.6038812739508492,0.7285020351409912,0.2444444444444444,0.5967951801285134,0.35714285714285715,0.0,0.6228055783680507,0.587431081703731,0.04084427548306329,0.12478211096354894,0.0,0.0,0.0,0.0,0.0,18473,global,0.0
5,2,lr1e-04_bs8_drop0p2_temp2p0_a0p25_b0p05__wd1e-04trmiss0_degmodglobal,8,0.0001,0.0001,0.2,2.0,0.25,0.05,lr1e-04_bs8_drop0p2_temp2p0_a0p25_b0p05__wd1e-04trmiss0_degmodglobal,8,0.5752296532903399,0.7195453345775604,0.26666666666666666,0.6220156386823055,0.21428571428571427,0.0,0.6056790011269706,0.5601392728941781,0.03710817572261606,0.11626656885657992,0.0,0.0,0.0,0.0,0.0,18473,global,0.0
5,2,lr1e-04_bs8_drop0p2_temp2p0_a0p25_b0p05__wd1e-04trmiss0_degmodglobal,8,0.0001,0.0001,0.2,2.0,0.25,0.05,lr1e-04_bs8_drop0p2_temp2p0_a0p25_b0p05__wd1e-04trmiss0_degmodglobal,9,0.5831549508231026,0.7173176109790802,0.26666666666666666,0.6220156386823055,0.2857142857142857,0.0,0.6195497597966876,0.5640006746564593,0.04573840195579188,0.15439339727163315,0.0,0.0,0.0,0.0,0.0,18473,global,0.0
5,2,lr1e-04_bs8_drop0p2_temp2p0_a0p25_b0p05__wd1e-04trmiss0_degmodglobal,8,0.0001,0.0001,0.2,2.0,0.25,0.05,lr1e-04_bs8_drop0p2_temp2p0_a0p25_b0p05__wd1e-04trmiss0_degmodglobal,10,0.5821487392698016,0.7187777757644653,0.3111111111111111,0.6361249861249862,0.2857142857142857,0.0,0.6168624332972935,0.5643103974206107,0.04558770145688738,0.1288283978189741,0.0,0.0,0.0,0.0,0.0,18473,global,0.0
5,2,lr1e-04_bs8_drop0p2_temp2p0_a0p25_b0p05__wd1e-04trmiss0_degmodglobal,8,0.0001,0.0001,0.2,2.0,0.25,0.05,lr1e-04_bs8_drop0p2_temp2p0_a0p25_b0p05__wd1e-04trmiss0_degmodglobal,11,0.5740271125520978,0.7244101762771606,0.24444444444444444,0.6109045275711942,0.21428571428571427,0.0,0.5984262994357518,0.5598635332924979,0.035475008455770354,0.10589671667133059,0.0,0.0,0.0,0.0,0.0,18473,global,0.0
5,2,lr1e-04_bs8_drop0p2_temp2p0_a0p25_b0p05__wd1e-04trmiss0_degmodglobal,8,0.0001,0.0001,0.2,2.0,0.25,0.05,lr1e-04_bs8_drop0p2_temp2p0_a0p25_b0p05__wd1e-04trmiss0_degmodglobal,12,0.5668353182928902,0.7215524315834045,0.26666666666666666,0.6220156386823055,0.2857142857142857,0.0,0.6251463208879743,0.5468882492610386,0.04983601825577872,0.14976144901343755,0.0,0.0,0.0,0.0,0.0,18473,global,0.0
5,2,lr1e-04_bs8_drop0p2_temp2p0_a0p25_b0p05__wd1e-04trmiss0_degmodglobal,8,0.0001,0.0001,0.2,2.0,0.25,0.05,lr1e-04_bs8_drop0p2_temp2p0_a0p25_b0p05__wd1e-04trmiss0_degmodglobal,13,0.5489925571850368,0.717371016740799,0.26666666666666666,0.6220156386823055,0.2857142857142857,0.0,0.6061522875513349,0.5290677973202297,0.05151971163494246,0.14089639059134892,0.0,0.0,0.0,0.0,0.0,18473,global,0.0
5,2,lr1e-04_bs8_drop0p2_temp2p0_a0p25_b0p05__wd1e-04trmiss0_degmodglobal,8,0.0001,0.0001,0.2,2.0,0.25,0.05,lr1e-04_bs8_drop0p2_temp2p0_a0p25_b0p05__wd1e-04trmiss0_degmodglobal,14,0.5465896512780871,0.7263395190238953,0.24444444444444444,0.5985588485588487,0.35714285714285715,0.0,0.5891610980033875,0.5269026415688651,0.051182469086987634,0.1378282191497939,0.0,0.0,0.0,0.0,0.0,18473,global,0.0
5,2,lr1e-04_bs8_drop0p2_temp2p0_a0p25_b0p05__wd1e-04trmiss0_degmodglobal,8,0.0001,0.0001,0.2,2.0,0.25,0.05,lr1e-04_bs8_drop0p2_temp2p0_a0p25_b0p05__wd1e-04trmiss0_degmodglobal,15,0.5506532234804971,0.7285756766796112,0.24444444444444446,0.5953842453842454,0.2857142857142857,0.0,0.5978329522269112,0.5305057849202838,0.04811927064188889,0.16235260771853582,0.0,0.0,0.0,0.0,0.0,18473,global,0.0
5,2,lr1e-04_bs8_drop0p2_temp2p0_a0p25_b0p05__wd1e-04trmiss0_degmodglobal,8,0.0001,0.0001,0.2,2.0,0.25,0.05,lr1e-04_bs8_drop0p2_temp2p0_a0p25_b0p05__wd1e-04trmiss0_degmodglobal,16,0.5376212426594326,0.7258818745613098,0.26666666666666666,0.617077367077367,0.35714285714285715,0.0,0.5646708522524152,0.5164966881275177,0.056478987847055705,0.14009630254336766,0.0,0.0,0.0,0.0,0.0,18473,global,0.0
5,2,lr1e-04_bs8_drop0p2_temp2p0_a0p25_b0p05__wd1e-04trmiss0_degmodglobal,8,0.0001,0.0001,0.2,2.0,0.25,0.05,lr1e-04_bs8_drop0p2_temp2p0_a0p25_b0p05__wd1e-04trmiss0_degmodglobal,17,0.5467714880193982,0.7268283665180206,0.28888888888888886,0.625013875013875,0.35714285714285715,0.0,0.5810671959604535,0.525399352822985,0.051663861743041446,0.16912340372800827,0.0,0.0,0.0,0.0,0.0,18473,global,0.0
5,2,lr1e-04_bs8_drop0p2_temp2p0_a0p25_b0p05__wd1e-04trmiss0_degmodglobal,8,0.0001,0.0001,0.2,2.0,0.25,0.05,lr1e-04_bs8_drop0p2_temp2p0_a0p25_b0p05__wd1e-04trmiss0_degmodglobal,18,0.5417605468205043,0.7334584891796112,0.2,0.5970156386823053,0.21428571428571427,0.0,0.5917748127664838,0.523887404373714,0.04984942663993154,0.1082157317016806,0.0,0.0,0.0,0.0,0.0,18473,global,0.0
5,2,lr1e-04_bs8_drop0p2_temp2p0_a0p25_b0p05__wd1e-04trmiss0_degmodglobal,8,0.0001,0.0001,0.2,2.0,0.25,0.05,lr1e-04_bs8_drop0p2_temp2p0_a0p25_b0p05__wd1e-04trmiss0_degmodglobal,19,0.5257100548063006,0.7313232421875,0.2,0.5970156386823053,0.14285714285714285,0.0,0.5456952197211129,0.5039847663470677,0.05660289339721203,0.1514912455209664,0.0,0.0,0.0,0.0,0.0,18473,global,0.0
5,2,lr1e-04_bs8_drop0p2_temp2p0_a0p25_b0p05__wd1e-04trmiss0_degmodglobal,8,0.0001,0.0001,0.2,2.0,0.25,0.05,lr1e-04_bs8_drop0p2_temp2p0_a0p25_b0p05__wd1e-04trmiss0_degmodglobal,20,0.5464793060507093,0.7329719960689545,0.19999999999999998,0.5844495011161679,0.2857142857142857,0.0,0.571462869644165,0.525756163256509,0.051627357357314656,0.15632607255663192,0.0,0.0,0.0,0.0,0.0,18473,global,0.0
5,2,lr1e-04_bs8_drop0p2_temp2p0_a0p25_b0p05__wd1e-04trmiss0_degmodglobal,8,0.0001,0.0001,0.2,2.0,0.25,0.05,lr1e-04_bs8_drop0p2_temp2p0_a0p25_b0p05__wd1e-04trmiss0_degmodglobal,21,0.5285472997597286,0.7311910688877106,0.2222222222222222,0.5906223406223408,0.35714285714285715,0.0,0.5633393228054047,0.5065936318465641,0.05577992594667843,0.16017358324357442,0.0,0.0,0.0,0.0,0.0,18473,global,0.0
5,2,lr1e-04_bs8_drop0p2_temp2p0_a0p25_b0p05__wd1e-04trmiss0_degmodglobal,8,0.0001,0.0001,0.2,2.0,0.25,0.05,lr1e-04_bs8_drop0p2_temp2p0_a0p25_b0p05__wd1e-04trmiss0_degmodglobal,22,0.5464229668889727,0.7237517237663269,0.26666666666666666,0.617077367077367,0.2857142857142857,0.0,0.5673103758266994,0.5239960210663932,0.05344228499702045,0.18132746113198145,0.0,0.0,0.0,0.0,0.0,18473,global,0.0
5,2,lr1e-04_bs8_drop0p2_temp2p0_a0p25_b0p05__wd1e-04trmiss0_degmodglobal,8,0.0001,0.0001,0.2,2.0,0.25,0.05,lr1e-04_bs8_drop0p2_temp2p0_a0p25_b0p05__wd1e-04trmiss0_degmodglobal,23,0.5464649455887931,0.7196610569953918,0.26666666666666666,0.6479415646082314,0.2857142857142857,0.0,0.5439199762684959,0.5294847105230603,0.044339406437107494,0.11790765130094119,0.0,0.0,0.0,0.0,0.0,18473,global,0.0
5,2,lr1e-04_bs8_drop0p2_temp2p0_a0p25_b0p05__wd1e-04trmiss0_degmodglobal,8,0.0001,0.0001,0.2,2.0,0.25,0.05,lr1e-04_bs8_drop0p2_temp2p0_a0p25_b0p05__wd1e-04trmiss0_degmodglobal,24,0.5291164602552142,0.7245646715164185,0.24444444444444444,0.6400050566717235,0.2857142857142857,0.0,0.5521420155252729,0.505603952067239,0.06072189499224935,0.16664081013628415,0.0,0.0,0.0,0.0,0.0,18473,global,0.0
5,2,lr1e-04_bs8_drop0p2_temp2p0_a0p25_b0p05__wd1e-04trmiss0_degmodglobal,8,0.0001,0.0001,0.2,2.0,0.25,0.05,lr1e-04_bs8_drop0p2_temp2p0_a0p25_b0p05__wd1e-04trmiss0_degmodglobal,25,0.5314399557454246,0.7276899516582489,0.19999999999999998,0.5844495011161679,0.2857142857142857,0.0,0.5320366791316441,0.5119607278278896,0.04948411935142109,0.14216426387429237,0.0,0.0,0.0,0.0,0.0,18473,global,0.0
5,2,lr1e-04_bs8_drop0p4_temp1p0_a0p25_b0p05__wd1e-04trmiss0_degmodglobal,8,0.0001,0.0001,0.4,1.0,0.25,0.05,lr1e-04_bs8_drop0p4_temp1p0_a0p25_b0p05__wd1e-04trmiss0_degmodglobal,1,0.7313724841390338,0.6915583610534668,0.6,0.8025030525030525,0.5714285714285714,0.0,0.7196904080254691,0.7098834003720965,0.05166238932205098,0.1714693627187184,0.0,0.0,0.0,0.0,0.0,18473,global,0.0
5,2,lr1e-04_bs8_drop0p4_temp1p0_a0p25_b0p05__wd1e-04trmiss0_degmodglobal,8,0.0001,0.0001,0.4,1.0,0.25,0.05,lr1e-04_bs8_drop0p4_temp1p0_a0p25_b0p05__wd1e-04trmiss0_degmodglobal,2,0.7017562729971749,0.691301017999649,0.6666666666666666,0.8390652557319225,0.5,0.0,0.6891129527773175,0.6855833104678563,0.04295142740011215,0.10870183472122465,0.0,0.0,0.0,0.0,0.0,18473,global,0.0
5,2,lr1e-04_bs8_drop0p4_temp1p0_a0p25_b0p05__wd1e-04trmiss0_degmodglobal,8,0.0001,0.0001,0.4,1.0,0.25,0.05,lr1e-04_bs8_drop0p4_temp1p0_a0p25_b0p05__wd1e-04trmiss0_degmodglobal,3,0.6771182928766523,0.6929460763931274,0.6,0.7520282186948855,0.5,0.0,0.7005075131143842,0.6547944886343819,0.06288370969040054,0.13205768700156892,0.0,0.0,0.0,0.0,0.0,18473,global,0.0
5,2,lr1e-04_bs8_drop0p4_temp1p0_a0p25_b0p05__wd1e-04trmiss0_degmodglobal,8,0.0001,0.0001,0.4,1.0,0.25,0.05,lr1e-04_bs8_drop0p4_temp1p0_a0p25_b0p05__wd1e-04trmiss0_degmodglobal,4,0.6864615849086216,0.6863634586334229,0.7333333333333333,0.8593745760412428,0.5,0.0,0.679046060357775,0.6690752932003566,0.04634839615651539,0.11598350214106697,0.0,0.0,0.0,0.0,0.0,18473,global,0.0
5,2,lr1e-04_bs8_drop0p4_temp1p0_a0p25_b0p05__wd1e-04trmiss0_degmodglobal,8,0.0001,0.0001,0.4,1.0,0.25,0.05,lr1e-04_bs8_drop0p4_temp1p0_a0p25_b0p05__wd1e-04trmiss0_degmodglobal,5,0.6793648770877293,0.683269739151001,0.6666666666666667,0.7928892095558764,0.5,0.0,0.6552696738924298,0.6569233877318246,0.05652179090040071,0.16622076130339078,0.0,0.0,0.0,0.0,0.0,18473,global,0.0
5,2,lr1e-04_bs8_drop0p4_temp1p0_a0p25_b0p05__wd1e-04trmiss0_degmodglobal,8,0.0001,0.0001,0.4,1.0,0.25,0.05,lr1e-04_bs8_drop0p4_temp1p0_a0p25_b0p05__wd1e-04trmiss0_degmodglobal,6,0.649616003036499,0.6692003011703491,0.6888888888888889,0.8316578483245152,0.5714285714285714,0.0,0.6692731039864677,0.6290642959730965,0.05322859010526112,0.14489127642342023,0.0,0.0,0.0,0.0,0.0,18473,global,0.0
5,2,lr1e-04_bs8_drop0p4_temp1p0_a0p25_b0p05__wd1e-04trmiss0_degmodglobal,8,0.0001,0.0001,0.4,1.0,0.25,0.05,lr1e-04_bs8_drop0p4_temp1p0_a0p25_b0p05__wd1e-04trmiss0_degmodglobal,7,0.6292176842689514,0.6693451404571533,0.6888888888888889,0.8316578483245152,0.6428571428571429,0.0,0.6297471012387957,0.6111925925527301,0.04749994272632258,0.1230021310704095,0.0,0.0,0.0,0.0,0.0,18473,global,0.0
5,2,lr1e-04_bs8_drop0p4_temp1p0_a0p25_b0p05__wd1e-04trmiss0_degmodglobal,8,0.0001,0.0001,0.4,1.0,0.25,0.05,lr1e-04_bs8_drop0p4_temp1p0_a0p25_b0p05__wd1e-04trmiss0_degmodglobal,8,0.6069384983607701,0.6703558564186096,0.6888888888888889,0.8316578483245152,0.5714285714285714,0.0,0.6354038885661534,0.5906166178839547,0.03827742034835475,0.13505027762481145,0.0,0.0,0.0,0.0,0.0,18473,global,0.0
5,2,lr1e-04_bs8_drop0p4_temp1p0_a0p25_b0p05__wd1e-04trmiss0_degmodglobal,8,0.0001,0.0001,0.4,1.0,0.25,0.05,lr1e-04_bs8_drop0p4_temp1p0_a0p25_b0p05__wd1e-04trmiss0_degmodglobal,9,0.6038432717323303,0.6744105219841003,0.6666666666666666,0.823577040243707,0.5714285714285714,0.0,0.6544526985713414,0.5826578140258789,0.054482243422951014,0.15129793754645757,0.0,0.0,0.0,0.0,0.0,18473,global,0.0
5,2,lr1e-04_bs8_drop0p4_temp1p0_a0p25_b0p05__wd1e-04trmiss0_degmodglobal,8,0.0001,0.0001,0.4,1.0,0.25,0.05,lr1e-04_bs8_drop0p4_temp1p0_a0p25_b0p05__wd1e-04trmiss0_degmodglobal,10,0.6120692491531372,0.678192526102066,0.6666666666666666,0.8038800705467373,0.5,0.0,0.6304585337638855,0.5908062287739345,0.05283995744373117,0.16106063021080835,0.0,0.0,0.0,0.0,0.0,18473,global,0.0
5,2,lr1e-04_bs8_drop0p4_temp1p0_a0p25_b0p05__wd1e-04trmiss0_degmodglobal,8,0.0001,0.0001,0.4,1.0,0.25,0.05,lr1e-04_bs8_drop0p4_temp1p0_a0p25_b0p05__wd1e-04trmiss0_degmodglobal,11,0.6184582880565098,0.6776280105113983,0.6444444444444444,0.8022927689594357,0.5714285714285714,0.0,0.5923033016068595,0.5983886803899493,0.05247742735913822,0.13900477439165115,0.0,0.0,0.0,0.0,0.0,18473,global,0.0
5,2,lr1e-04_bs8_drop0p4_temp1p0_a0p25_b0p05__wd1e-04trmiss0_degmodglobal,8,0.0001,0.0001,0.4,1.0,0.25,0.05,lr1e-04_bs8_drop0p4_temp1p0_a0p25_b0p05__wd1e-04trmiss0_degmodglobal,12,0.5949077180453709,0.670544296503067,0.6444444444444444,0.8262626262626265,0.5,0.0,0.6163095491273063,0.5826821497508458,0.03529025773916926,0.06806043429034096,0.0,0.0,0.0,0.0,0.0,18473,global,0.0
5,2,lr1e-04_bs8_drop0p4_temp1p0_a0p25_b0p05__wd1e-04trmiss0_degmodglobal,8,0.0001,0.0001,0.4,1.0,0.25,0.05,lr1e-04_bs8_drop0p4_temp1p0_a0p25_b0p05__wd1e-04trmiss0_degmodglobal,13,0.5869687284742083,0.673009842634201,0.6222222222222221,0.7984848484848486,0.7142857142857143,0.0,0.6226999333926609,0.5678381749561855,0.04921626831804003,0.1365297774651221,0.0,0.0,0.0,0.0,0.0,18473,global,0.0
5,2,lr1e-04_bs8_drop0p4_temp1p0_a0p25_b0p05__wd1e-04trmiss0_degmodglobal,8,0.0001,0.0001,0.4,1.0,0.25,0.05,lr1e-04_bs8_drop0p4_temp1p0_a0p25_b0p05__wd1e-04trmiss0_degmodglobal,14,0.61747293812888,0.6715903878211975,0.6222222222222221,0.79985754985755,0.6428571428571429,0.0,0.5765173094613212,0.5909498504229954,0.07082034328154155,0.17636017394917353,0.0,0.0,0.0,0.0,0.0,18473,global,0.0
5,2,lr1e-04_bs8_drop0p4_temp1p0_a0p25_b0p05__wd1e-04trmiss0_degmodglobal,8,0.0001,0.0001,0.4,1.0,0.25,0.05,lr1e-04_bs8_drop0p4_temp1p0_a0p25_b0p05__wd1e-04trmiss0_degmodglobal,15,0.6108855775424412,0.6761253476142883,0.6,0.792786842786843,0.7142857142857143,0.0,0.6063563483101981,0.5845596364566258,0.06899750126259667,0.1815315048609461,0.0,0.0,0.0,0.0,0.0,18473,global,0.0
5,2,lr1e-04_bs8_drop0p4_temp1p0_a0p25_b0p05__wd1e-04trmiss0_degmodglobal,8,0.0001,0.0001,0.4,1.0,0.25,0.05,lr1e-04_bs8_drop0p4_temp1p0_a0p25_b0p05__wd1e-04trmiss0_degmodglobal,16,0.5877300671168736,0.6737086474895477,0.6222222222222222,0.8205646205646207,0.7142857142857143,0.0,0.6138370207377842,0.5657654234341213,0.055011646556002755,0.16423458180257253,0.0,0.0,0.0,0.0,0.0,18473,global,0.0
5,2,lr1e-04_bs8_drop0p4_temp1p0_a0p25_b0p05__wd1e-04trmiss0_degmodglobal,8,0.0001,0.0001,0.4,1.0,0.25,0.05,lr1e-04_bs8_drop0p4_temp1p0_a0p25_b0p05__wd1e-04trmiss0_degmodglobal,17,0.5959803462028503,0.6770021915435791,0.6,0.8146723646723648,0.7142857142857143,0.0,0.5743014301572528,0.5819058333124433,0.04182429026280131,0.07236886290567261,0.0,0.0,0.0,0.0,0.0,18473,global,0.0
5,2,lr1e-04_bs8_drop0p4_temp1p0_a0p25_b0p05__wd1e-04trmiss0_degmodglobal,8,0.0001,0.0001,0.4,1.0,0.25,0.05,lr1e-04_bs8_drop0p4_temp1p0_a0p25_b0p05__wd1e-04trmiss0_degmodglobal,18,0.6040393369538444,0.6787002086639404,0.5777777777777777,0.7868945868945871,0.7142857142857143,0.0,0.5703474751540593,0.5825699397495815,0.06000583326177938,0.12935874504702433,0.0,0.0,0.0,0.0,0.0,18473,global,0.0
5,2,lr1e-04_bs8_drop0p4_temp1p0_a0p25_b0p05__wd1e-04trmiss0_degmodglobal,8,0.0001,0.0001,0.4,1.0,0.25,0.05,lr1e-04_bs8_drop0p4_temp1p0_a0p25_b0p05__wd1e-04trmiss0_degmodglobal,19,0.567039178950446,0.6796629726886749,0.5777777777777777,0.7868945868945871,0.7142857142857143,0.0,0.6082503199577332,0.5458250897271293,0.05799850342529161,0.13428930831807,0.0,0.0,0.0,0.0,0.0,18473,global,0.0
5,2,lr1e-04_bs8_drop0p4_temp1p0_a0p25_b0p05__wd1e-04trmiss0_degmodglobal,8,0.0001,0.0001,0.4,1.0,0.25,0.05,lr1e-04_bs8_drop0p4_temp1p0_a0p25_b0p05__wd1e-04trmiss0_degmodglobal,20,0.5903776628630502,0.6817270517349243,0.5777777777777777,0.7868945868945871,0.7142857142857143,0.0,0.5636577776500157,0.5707021270479474,0.05578940627830369,0.11456372109907013,0.0,0.0,0.0,0.0,0.0,18473,global,0.0
5,2,lr1e-04_bs8_drop0p4_temp1p0_a0p25_b0p05__wd1e-04trmiss0_degmodglobal,8,0.0001,0.0001,0.4,1.0,0.25,0.05,lr1e-04_bs8_drop0p4_temp1p0_a0p25_b0p05__wd1e-04trmiss0_degmodglobal,21,0.5951370596885681,0.6826348006725311,0.5777777777777777,0.7868945868945871,0.7142857142857143,0.0,0.604837451662336,0.5671410603182656,0.07125735176461083,0.20363313066107885,0.0,0.0,0.0,0.0,0.0,18473,global,0.0
5,2,lr1e-04_bs8_drop0p4_temp1p0_a0p25_b0p05__wd1e-04trmiss0_degmodglobal,8,0.0001,0.0001,0.4,1.0,0.25,0.05,lr1e-04_bs8_drop0p4_temp1p0_a0p25_b0p05__wd1e-04trmiss0_degmodglobal,22,0.5639463875974927,0.6801630556583405,0.5777777777777777,0.7868945868945871,0.7142857142857143,0.0,0.6234194040298462,0.5358268277985709,0.07578784546681813,0.18345192394086293,0.0,0.0,0.0,0.0,0.0,18473,global,0.0
5,2,lr1e-04_bs8_drop0p4_temp1p0_a0p25_b0p05__wd1e-04trmiss0_degmodglobal,8,0.0001,0.0001,0.4,1.0,0.25,0.05,lr1e-04_bs8_drop0p4_temp1p0_a0p25_b0p05__wd1e-04trmiss0_degmodglobal,23,0.5869588937078204,0.6782969534397125,0.5777777777777777,0.7868945868945871,0.7142857142857143,0.0,0.5506691038608551,0.560294142791203,0.07329577846186501,0.1668158322572708,0.0,0.0,0.0,0.0,0.0,18473,global,0.0
5,2,lr1e-04_bs8_drop0p4_temp1p0_a0p25_b0p05__wd1e-04trmiss0_degmodglobal,8,0.0001,0.0001,0.4,1.0,0.25,0.05,lr1e-04_bs8_drop0p4_temp1p0_a0p25_b0p05__wd1e-04trmiss0_degmodglobal,24,0.5668171388762338,0.6792768836021423,0.6,0.8146723646723648,0.7142857142857143,0.0,0.5891752413340977,0.5454702845641545,0.05768038226025445,0.13853490299412183,0.0,0.0,0.0,0.0,0.0,18473,global,0.0
5,2,lr1e-04_bs8_drop0p4_temp1p0_a0p25_b0p05__wd1e-04trmiss0_degmodglobal,8,0.0001,0.0001,0.4,1.0,0.25,0.05,lr1e-04_bs8_drop0p4_temp1p0_a0p25_b0p05__wd1e-04trmiss0_degmodglobal,25,0.5603935292788914,0.6792519390583038,0.6,0.8146723646723648,0.7142857142857143,0.0,0.572486298424857,0.5396079846790859,0.05829871818423271,0.12421726754733495,0.0,0.0,0.0,0.0,0.0,18473,global,0.0
5,2,lr1e-04_bs8_drop0p4_temp1p0_a0p25_b0p05__wd1e-04trmiss0_degmodglobal,8,0.0001,0.0001,0.4,1.0,0.25,0.05,lr1e-04_bs8_drop0p4_temp1p0_a0p25_b0p05__wd1e-04trmiss0_degmodglobal,26,0.5600594537598746,0.6831027269363403,0.6222222222222222,0.8205646205646207,0.7142857142857143,0.0,0.5692941546440125,0.5383779108524323,0.060588229447603226,0.13068978701319015,0.0,0.0,0.0,0.0,0.0,18473,global,0.0
5,2,lr1e-04_bs8_drop0p4_temp2p0_a0p25_b0p05__wd1e-04trmiss0_degmodglobal,8,0.0001,0.0001,0.4,2.0,0.25,0.05,lr1e-04_bs8_drop0p4_temp2p0_a0p25_b0p05__wd1e-04trmiss0_degmodglobal,1,0.7429171289716449,0.677912712097168,0.5111111111111111,0.7247252747252748,0.42857142857142855,0.0,0.7104476009096418,0.6861566816057477,0.14207769823925837,0.4248203954526356,0.0,0.0,0.0,0.0,0.0,18473,global,0.0
5,2,lr1e-04_bs8_drop0p4_temp2p0_a0p25_b0p05__wd1e-04trmiss0_degmodglobal,8,0.0001,0.0001,0.4,2.0,0.25,0.05,lr1e-04_bs8_drop0p4_temp2p0_a0p25_b0p05__wd1e-04trmiss0_degmodglobal,2,0.703444072178432,0.6718096733093262,0.5111111111111111,0.7247252747252748,0.42857142857142855,0.0,0.6670462574277606,0.672805632863726,0.07808796795351165,0.22232896728175028,0.0,0.0,0.0,0.0,0.0,18473,global,0.0
5,2,lr1e-04_bs8_drop0p4_temp2p0_a0p25_b0p05__wd1e-04trmiss0_degmodglobal,8,0.0001,0.0001,0.4,2.0,0.25,0.05,lr1e-04_bs8_drop0p4_temp2p0_a0p25_b0p05__wd1e-04trmiss0_degmodglobal,3,0.7091592635427203,0.6698440313339233,0.5111111111111111,0.7286935286935288,0.5,0.0,0.6719730922154018,0.6589189512389046,0.13462764344045094,0.331668102315494,0.0,0.0,0.0,0.0,0.0,18473,global,0.0
5,2,lr1e-04_bs8_drop0p4_temp2p0_a0p25_b0p05__wd1e-04trmiss0_degmodglobal,8,0.0001,0.0001,0.4,2.0,0.25,0.05,lr1e-04_bs8_drop0p4_temp2p0_a0p25_b0p05__wd1e-04trmiss0_degmodglobal,4,0.677802290235247,0.677240788936615,0.4888888888888889,0.7154660154660155,0.5,0.0,0.656152069568634,0.6429811205182757,0.08848664164543152,0.25399025636059896,0.0,0.0,0.0,0.0,0.0,18473,global,0.0
5,2,lr1e-04_bs8_drop0p4_temp2p0_a0p25_b0p05__wd1e-04trmiss0_degmodglobal,8,0.0001,0.0001,0.4,2.0,0.25,0.05,lr1e-04_bs8_drop0p4_temp2p0_a0p25_b0p05__wd1e-04trmiss0_degmodglobal,5,0.6477060232843671,0.671442985534668,0.5333333333333333,0.7270562770562772,0.5,0.0,0.6572190182549613,0.6169916902269635,0.07407789544335433,0.24389739334583282,0.0,0.0,0.0,0.0,0.0,18473,global,0.0
5,2,lr1e-04_bs8_drop0p4_temp2p0_a0p25_b0p05__wd1e-04trmiss0_degmodglobal,8,0.0001,0.0001,0.4,2.0,0.25,0.05,lr1e-04_bs8_drop0p4_temp2p0_a0p25_b0p05__wd1e-04trmiss0_degmodglobal,6,0.6336023722376142,0.6690865159034729,0.5555555555555556,0.7325507825507827,0.5714285714285714,0.0,0.6464131133896964,0.6004958748817444,0.08901497668453626,0.21705537395817892,0.0,0.0,0.0,0.0,0.0,18473,global,0.0
5,2,lr1e-04_bs8_drop0p4_temp2p0_a0p25_b0p05__wd1e-04trmiss0_degmodglobal,8,0.0001,0.0001,0.4,2.0,0.25,0.05,lr1e-04_bs8_drop0p4_temp2p0_a0p25_b0p05__wd1e-04trmiss0_degmodglobal,7,0.6370499730110168,0.6702029705047607,0.5555555555555556,0.7325507825507827,0.5714285714285714,0.0,0.6481140596526009,0.6041279605456761,0.08570487052202225,0.2299159743956157,0.0,0.0,0.0,0.0,0.0,18473,global,0.0
5,2,lr1e-04_bs8_drop0p4_temp2p0_a0p25_b0p05__wd1e-04trmiss0_degmodglobal,8,0.0001,0.0001,0.4,2.0,0.25,0.05,lr1e-04_bs8_drop0p4_temp2p0_a0p25_b0p05__wd1e-04trmiss0_degmodglobal,8,0.627399776663099,0.6655555963516235,0.5333333333333333,0.7226301476301475,0.5714285714285714,0.0,0.641102501324245,0.60098911183221,0.07199675323707717,0.16822958258645876,0.0,0.0,0.0,0.0,0.0,18473,global,0.0
5,2,lr1e-04_bs8_drop0p4_temp2p0_a0p25_b0p05__wd1e-04trmiss0_degmodglobal,8,0.0001,0.0001,0.4,2.0,0.25,0.05,lr1e-04_bs8_drop0p4_temp2p0_a0p25_b0p05__wd1e-04trmiss0_degmodglobal,9,0.6222292610577175,0.664801836013794,0.5777777777777777,0.7457782957782959,0.5,0.0,0.6310056447982788,0.5855420913015094,0.09691007328884942,0.24919335011925017,0.0,0.0,0.0,0.0,0.0,18473,global,0.0
5,2,lr1e-04_bs8_drop0p4_temp2p0_a0p25_b0p05__wd1e-04trmiss0_degmodglobal,8,0.0001,0.0001,0.4,2.0,0.25,0.05,lr1e-04_bs8_drop0p4_temp2p0_a0p25_b0p05__wd1e-04trmiss0_degmodglobal,10,0.6093451976776123,0.6676368415355682,0.5555555555555556,0.7402837902837904,0.5714285714285714,0.0,0.5976743187223162,0.5778304253305707,0.08750984817743301,0.19274609429495676,0.0,0.0,0.0,0.0,0.0,18473,global,0.0
5,2,lr1e-04_bs8_drop0p4_temp2p0_a0p25_b0p05__wd1e-04trmiss0_degmodglobal,8,0.0001,0.0001,0.4,2.0,0.25,0.05,lr1e-04_bs8_drop0p4_temp2p0_a0p25_b0p05__wd1e-04trmiss0_degmodglobal,11,0.5823634777750287,0.6657383143901825,0.5777777777777777,0.7509157509157509,0.5,0.0,0.5973326648984637,0.5526032277515956,0.07908954950315612,0.19975725348506654,0.0,0.0,0.0,0.0,0.0,18473,global,0.0
5,2,lr1e-04_bs8_drop0p4_temp2p0_a0p25_b0p05__wd1e-04trmiss0_degmodglobal,8,0.0001,0.0001,0.4,2.0,0.25,0.05,lr1e-04_bs8_drop0p4_temp2p0_a0p25_b0p05__wd1e-04trmiss0_degmodglobal,12,0.5907513669558934,0.661728709936142,0.6,0.7595577262243929,0.5,0.0,0.5649459149156298,0.5590037448065621,0.09171434332217489,0.17638089121984585,0.0,0.0,0.0,0.0,0.0,18473,global,0.0
5,2,lr1e-04_bs8_drop0p4_temp2p0_a0p25_b0p05__wd1e-04trmiss0_degmodglobal,8,0.0001,0.0001,0.4,2.0,0.25,0.05,lr1e-04_bs8_drop0p4_temp2p0_a0p25_b0p05__wd1e-04trmiss0_degmodglobal,13,0.6280043976647514,0.6617436408996582,0.6444444444444444,0.808499525166192,0.5,0.0,0.6310265575136457,0.5969398873192924,0.0798167772591114,0.2222066085253443,0.0,0.0,0.0,0.0,0.0,18473,global,0.0
5,2,lr1e-04_bs8_drop0p4_temp2p0_a0p25_b0p05__wd1e-04trmiss0_degmodglobal,8,0.0001,0.0001,0.4,2.0,0.25,0.05,lr1e-04_bs8_drop0p4_temp2p0_a0p25_b0p05__wd1e-04trmiss0_degmodglobal,14,0.6241442220551627,0.6785145998001099,0.5555555555555556,0.7895400895400897,0.5,0.0,0.601963860648019,0.5878182990210397,0.09094260207244328,0.27180542051792145,0.0,0.0,0.0,0.0,0.0,18473,global,0.0
5,2,lr1e-04_bs8_drop0p4_temp2p0_a0p25_b0p05__wd1e-04trmiss0_degmodglobal,8,0.0001,0.0001,0.4,2.0,0.25,0.05,lr1e-04_bs8_drop0p4_temp2p0_a0p25_b0p05__wd1e-04trmiss0_degmodglobal,15,0.6089879018919808,0.6713315844535828,0.5333333333333333,0.7583953083953086,0.5,0.0,0.5838194148881095,0.5727226138114929,0.09313336334058217,0.25963871606758665,0.0,0.0,0.0,0.0,0.0,18473,global,0.0
5,2,lr1e-04_bs8_drop0p4_temp2p0_a0p25_b0p05__wd1e-04trmiss0_degmodglobal,8,0.0001,0.0001,0.4,2.0,0.25,0.05,lr1e-04_bs8_drop0p4_temp2p0_a0p25_b0p05__wd1e-04trmiss0_degmodglobal,16,0.6024718880653381,0.669756293296814,0.5555555555555556,0.7716228216228218,0.5,0.0,0.5750905019896371,0.5639417001179287,0.10216245480946132,0.2597909782614027,0.0,0.0,0.0,0.0,0.0,18473,global,0.0
5,2,lr1e-04_bs8_drop0p4_temp2p0_a0p25_b0p05__wd1e-04trmiss0_degmodglobal,8,0.0001,0.0001,0.4,2.0,0.25,0.05,lr1e-04_bs8_drop0p4_temp2p0_a0p25_b0p05__wd1e-04trmiss0_degmodglobal,17,0.6004287089620318,0.6693185269832611,0.5111111111111111,0.7583231583231584,0.5,0.0,0.5875159927776882,0.5710745538984027,0.0711810937417405,0.2311779505440167,0.0,0.0,0.0,0.0,0.0,18473,global,0.0
5,2,lr1e-04_bs8_drop0p4_temp2p0_a0p25_b0p05__wd1e-04trmiss0_degmodglobal,8,0.0001,0.0001,0.4,2.0,0.25,0.05,lr1e-04_bs8_drop0p4_temp2p0_a0p25_b0p05__wd1e-04trmiss0_degmodglobal,18,0.6218262910842896,0.6746105849742889,0.5333333333333333,0.765730565730566,0.5,0.0,0.5778704626219613,0.5786052090781075,0.11118925362825394,0.30847556782620295,0.0,0.0,0.0,0.0,0.0,18473,global,0.0
5,2,lr1e-04_bs8_drop0p4_temp2p0_a0p25_b0p05__wd1e-04trmiss0_degmodglobal,8,0.0001,0.0001,0.4,2.0,0.25,0.05,lr1e-04_bs8_drop0p4_temp2p0_a0p25_b0p05__wd1e-04trmiss0_degmodglobal,19,0.5875680872372219,0.6780337691307068,0.5333333333333333,0.765730565730566,0.5,0.0,0.5630505340439933,0.5591304131916591,0.08037993099008288,0.16685378870793752,0.0,0.0,0.0,0.0,0.0,18473,global,0.0
5,2,lr1e-04_bs8_drop0p4_temp2p0_a0p25_b0p05__wd1e-04trmiss0_degmodglobal,8,0.0001,0.0001,0.4,2.0,0.25,0.05,lr1e-04_bs8_drop0p4_temp2p0_a0p25_b0p05__wd1e-04trmiss0_degmodglobal,20,0.5808016317231315,0.6779361069202423,0.5333333333333333,0.7583953083953086,0.5,0.0,0.5928539293152946,0.5502926749842507,0.08954583640609469,0.1624500442828451,0.0,0.0,0.0,0.0,0.0,18473,global,0.0
5,2,lr1e-04_bs8_drop0p4_temp2p0_a0p25_b0p05__wd1e-04trmiss0_degmodglobal,8,0.0001,0.0001,0.4,2.0,0.25,0.05,lr1e-04_bs8_drop0p4_temp2p0_a0p25_b0p05__wd1e-04trmiss0_degmodglobal,21,0.5714602512972695,0.6836197376251221,0.4666666666666667,0.7390350390350391,0.5,0.0,0.6105882099696568,0.5400278568267822,0.07954916836959976,0.2309021172778947,0.0,0.0,0.0,0.0,0.0,18473,global,0.0
5,2,lr1e-04_bs8_drop0p4_temp2p0_a0p25_b0p05__wd1e-04trmiss0_degmodglobal,8,0.0001,0.0001,0.4,2.0,0.25,0.05,lr1e-04_bs8_drop0p4_temp2p0_a0p25_b0p05__wd1e-04trmiss0_degmodglobal,22,0.5900656921522958,0.6839368939399719,0.4888888888888889,0.766812816812817,0.5,0.0,0.5471019957746778,0.5611710378101894,0.07844601411904607,0.18566280284098216,0.0,0.0,0.0,0.0,0.0,18473,global,0.0
5,2,lr1e-04_bs8_drop0p4_temp2p0_a0p25_b0p05__wd1e-04trmiss0_degmodglobal,8,0.0001,0.0001,0.4,2.0,0.25,0.05,lr1e-04_bs8_drop0p4_temp2p0_a0p25_b0p05__wd1e-04trmiss0_degmodglobal,23,0.5714023879596165,0.6781129837036133,0.5111111111111111,0.7583231583231584,0.5,0.0,0.5632889526230949,0.5362288015229362,0.09927648093019213,0.20708948160920823,0.0,0.0,0.0,0.0,0.0,18473,global,0.0
5,2,lr1e-04_bs8_drop0p4_temp2p0_a0p25_b0p05__wd1e-04trmiss0_degmodglobal,8,0.0001,0.0001,0.4,2.0,0.25,0.05,lr1e-04_bs8_drop0p4_temp2p0_a0p25_b0p05__wd1e-04trmiss0_degmodglobal,24,0.5833568487848554,0.6748788952827454,0.5111111111111111,0.7654660154660156,0.5,0.0,0.5470856172697884,0.548229673079082,0.09366430661508016,0.23422213750226156,0.0,0.0,0.0,0.0,0.0,18473,global,0.0
5,2,lr1e-04_bs8_drop0p4_temp2p0_a0p25_b0p05__wd1e-04trmiss0_degmodglobal,8,0.0001,0.0001,0.4,2.0,0.25,0.05,lr1e-04_bs8_drop0p4_temp2p0_a0p25_b0p05__wd1e-04trmiss0_degmodglobal,25,0.5782759870801654,0.6798878610134125,0.48888888888888893,0.7410672660672661,0.5,0.0,0.5315983806337629,0.5256694001810891,0.14075216438089097,0.34837096450584276,0.0,0.0,0.0,0.0,0.0,18473,global,0.0
5,2,lr1e-04_bs8_drop0p4_temp2p0_a0p25_b0p05__wd1e-04trmiss0_degmodglobal,8,0.0001,0.0001,0.4,2.0,0.25,0.05,lr1e-04_bs8_drop0p4_temp2p0_a0p25_b0p05__wd1e-04trmiss0_degmodglobal,26,0.5694595575332642,0.685665100812912,0.4444444444444444,0.7242202242202243,0.5,0.0,0.554982602596283,0.5336907293115344,0.10133743765098709,0.20868945760386332,0.0,0.0,0.0,0.0,0.0,18473,global,0.0
5,2,lr1e-04_bs8_drop0p4_temp2p0_a0p25_b0p05__wd1e-04trmiss0_degmodglobal,8,0.0001,0.0001,0.4,2.0,0.25,0.05,lr1e-04_bs8_drop0p4_temp2p0_a0p25_b0p05__wd1e-04trmiss0_degmodglobal,27,0.5336063887391772,0.6839529871940613,0.4444444444444444,0.7242202242202243,0.5,0.0,0.5472069893564496,0.4954891928604671,0.11376401675598961,0.1935237284217562,0.0,0.0,0.0,0.0,0.0,18473,global,0.0
5,2,lr1e-04_bs8_drop0p4_temp2p0_a0p25_b0p05__wd1e-04trmiss0_degmodglobal,8,0.0001,0.0001,0.4,2.0,0.25,0.05,lr1e-04_bs8_drop0p4_temp2p0_a0p25_b0p05__wd1e-04trmiss0_degmodglobal,28,0.562576413154602,0.6811406314373016,0.4444444444444445,0.7274589607922943,0.5,0.0,0.5206758167062487,0.5337278715201786,0.08459578773805074,0.15399170028311865,0.0,0.0,0.0,0.0,0.0,18473,global,0.0
5,2,lr1e-04_bs8_drop0p4_temp2p0_a0p25_b0p05__wd1e-04trmiss0_degmodglobal,8,0.0001,0.0001,0.4,2.0,0.25,0.05,lr1e-04_bs8_drop0p4_temp2p0_a0p25_b0p05__wd1e-04trmiss0_degmodglobal,29,0.5424910315445491,0.6824793815612793,0.4666666666666667,0.7230778480778481,0.5,0.0,0.5026640466281346,0.5071645719664437,0.09905721034322466,0.21124311536550522,0.0,0.0,0.0,0.0,0.0,18473,global,0.0
5,2,lr1e-04_bs8_drop0p4_temp2p0_a0p25_b0p05__wd1e-04trmiss0_degmodglobal,8,0.0001,0.0001,0.4,2.0,0.25,0.05,lr1e-04_bs8_drop0p4_temp2p0_a0p25_b0p05__wd1e-04trmiss0_degmodglobal,30,0.5922686542783465,0.6757726669311523,0.4888888888888889,0.7425824175824176,0.5,0.0,0.551973534481866,0.5527194482939584,0.11060350494725364,0.2379665502480098,0.0,0.0,0.0,0.0,0.0,18473,global,0.0
5,2,lr1e-04_bs8_drop0p4_temp2p0_a0p25_b0p05__wd1e-04trmiss0_degmodglobal,8,0.0001,0.0001,0.4,2.0,0.25,0.05,lr1e-04_bs8_drop0p4_temp2p0_a0p25_b0p05__wd1e-04trmiss0_degmodglobal,31,0.5731050372123718,0.6748561859130859,0.5333333333333333,0.7583953083953086,0.5,0.0,0.5307019693510873,0.540717044046947,0.09142685947673661,0.19062567076512746,0.0,0.0,0.0,0.0,0.0,18473,global,0.0
5,2,lr1e-04_bs8_drop0p4_temp2p0_a0p25_b0p05__wd1e-04trmiss0_degmodglobal,8,0.0001,0.0001,0.4,2.0,0.25,0.05,lr1e-04_bs8_drop0p4_temp2p0_a0p25_b0p05__wd1e-04trmiss0_degmodglobal,32,0.5649775905268533,0.6775296330451965,0.5333333333333333,0.7583953083953086,0.5,0.0,0.5557970574923924,0.5328426148210254,0.08689339671816144,0.20823240067277635,0.0,0.0,0.0,0.0,0.0,18473,global,0.0
5,2,lr1e-04_bs8_drop0p4_temp2p0_a0p25_b0p05__wd1e-04trmiss0_degmodglobal,8,0.0001,0.0001,0.4,2.0,0.25,0.05,lr1e-04_bs8_drop0p4_temp2p0_a0p25_b0p05__wd1e-04trmiss0_degmodglobal,33,0.5480922886303493,0.6823259592056274,0.5333333333333333,0.7555453805453807,0.5,0.0,0.5528872268540519,0.5121735419545855,0.10059094961200442,0.2154200662459646,0.0,0.0,0.0,0.0,0.0,18473,global,0.0
5,2,lr5e-05_bs8_drop0p2_temp1p0_a0p25_b0p05__wd1e-04trmiss0_degmodglobal,8,5e-05,0.0001,0.2,1.0,0.25,0.05,lr5e-05_bs8_drop0p2_temp1p0_a0p25_b0p05__wd1e-04trmiss0_degmodglobal,1,0.683616748877934,0.6811586022377014,0.5111111111111111,0.6464726631393298,0.6428571428571429,0.0,0.7029134375708443,0.6698967048100063,0.038355908755745204,0.08262155151792935,0.0,0.0,0.0,0.0,0.0,18473,global,0.0
5,2,lr5e-05_bs8_drop0p2_temp1p0_a0p25_b0p05__wd1e-04trmiss0_degmodglobal,8,5e-05,0.0001,0.2,1.0,0.25,0.05,lr5e-05_bs8_drop0p2_temp1p0_a0p25_b0p05__wd1e-04trmiss0_degmodglobal,2,0.6708305733544486,0.6856115460395813,0.5333333333333332,0.6649911816578483,0.7142857142857143,0.0,0.6614909938403538,0.6580702832766941,0.03607935006065028,0.07480954219188009,0.0,0.0,0.0,0.0,0.0,18473,global,0.0
5,2,lr5e-05_bs8_drop0p2_temp1p0_a0p25_b0p05__wd1e-04trmiss0_degmodglobal,8,5e-05,0.0001,0.2,1.0,0.25,0.05,lr5e-05_bs8_drop0p2_temp1p0_a0p25_b0p05__wd1e-04trmiss0_degmodglobal,3,0.6443045224462237,0.6879993081092834,0.5111111111111111,0.6563492063492063,0.6428571428571429,0.0,0.6572052666119167,0.6305334227425712,0.040267745565090864,0.07408324150102479,0.0,0.0,0.0,0.0,0.0,18473,global,0.0
5,2,lr5e-05_bs8_drop0p2_temp1p0_a0p25_b0p05__wd1e-04trmiss0_degmodglobal,8,5e-05,0.0001,0.2,1.0,0.25,0.05,lr5e-05_bs8_drop0p2_temp1p0_a0p25_b0p05__wd1e-04trmiss0_degmodglobal,4,0.6263148614338466,0.6935208141803741,0.48888888888888893,0.6470899470899472,0.5714285714285714,0.0,0.6381777014051165,0.6142356225422451,0.03446590927030359,0.06925544781344277,0.0,0.0,0.0,0.0,0.0,18473,global,0.0
5,2,lr5e-05_bs8_drop0p2_temp1p0_a0p25_b0p05__wd1e-04trmiss0_degmodglobal,8,5e-05,0.0001,0.2,1.0,0.25,0.05,lr5e-05_bs8_drop0p2_temp1p0_a0p25_b0p05__wd1e-04trmiss0_degmodglobal,5,0.60792475938797,0.6989037394523621,0.5333333333333332,0.6649911816578483,0.5714285714285714,0.0,0.6293941310473851,0.5929636614663261,0.0420129442853587,0.0891573830906834,0.0,0.0,0.0,0.0,0.0,18473,global,0.0
5,2,lr5e-05_bs8_drop0p2_temp1p0_a0p25_b0p05__wd1e-04trmiss0_degmodglobal,8,5e-05,0.0001,0.2,1.0,0.25,0.05,lr5e-05_bs8_drop0p2_temp1p0_a0p25_b0p05__wd1e-04trmiss0_degmodglobal,6,0.6109434621674674,0.6918962299823761,0.5777777777777777,0.6964726631393299,0.7142857142857143,0.0,0.6351901292800903,0.5994369983673096,0.032045835363013406,0.06989992609513658,0.0,0.0,0.0,0.0,0.0,18473,global,0.0
5,2,lr5e-05_bs8_drop0p2_temp1p0_a0p25_b0p05__wd1e-04trmiss0_degmodglobal,8,5e-05,0.0001,0.2,1.0,0.25,0.05,lr5e-05_bs8_drop0p2_temp1p0_a0p25_b0p05__wd1e-04trmiss0_degmodglobal,7,0.6000479970659528,0.689500242471695,0.5777777777777777,0.6964726631393299,0.6428571428571429,0.0,0.6195543919290815,0.5866356662341526,0.03491921190704618,0.09365074549402509,0.0,0.0,0.0,0.0,0.0,18473,global,0.0
5,2,lr5e-05_bs8_drop0p2_temp1p0_a0p25_b0p05__wd1e-04trmiss0_degmodglobal,8,5e-05,0.0001,0.2,1.0,0.25,0.05,lr5e-05_bs8_drop0p2_temp1p0_a0p25_b0p05__wd1e-04trmiss0_degmodglobal,8,0.597636844430651,0.6850657165050507,0.5333333333333333,0.6753848003848004,0.6428571428571429,0.0,0.5948759317398071,0.5827221529824393,0.0373975932598114,0.1113061010837555,0.0,0.0,0.0,0.0,0.0,18473,global,0.0
5,2,lr5e-05_bs8_drop0p2_temp1p0_a0p25_b0p05__wd1e-04trmiss0_degmodglobal,8,5e-05,0.0001,0.2,1.0,0.25,0.05,lr5e-05_bs8_drop0p2_temp1p0_a0p25_b0p05__wd1e-04trmiss0_degmodglobal,9,0.5979903851236615,0.6906459927558899,0.5333333333333333,0.6753848003848004,0.5714285714285714,0.0,0.6144509826387677,0.5800751277378627,0.04737243561872414,0.12144284455903939,0.0,0.0,0.0,0.0,0.0,18473,global,0.0
5,2,lr5e-05_bs8_drop0p2_temp1p0_a0p25_b0p05__wd1e-04trmiss0_degmodglobal,8,5e-05,0.0001,0.2,1.0,0.25,0.05,lr5e-05_bs8_drop0p2_temp1p0_a0p25_b0p05__wd1e-04trmiss0_degmodglobal,10,0.5788497499057225,0.6906828284263611,0.5333333333333333,0.6753848003848004,0.5714285714285714,0.0,0.5882872343063354,0.560551140989576,0.0482029811080013,0.12495701547179904,0.0,0.0,0.0,0.0,0.0,18473,global,0.0
5,2,lr5e-05_bs8_drop0p2_temp1p0_a0p25_b0p05__wd1e-04trmiss0_degmodglobal,8,5e-05,0.0001,0.2,1.0,0.25,0.05,lr5e-05_bs8_drop0p2_temp1p0_a0p25_b0p05__wd1e-04trmiss0_degmodglobal,11,0.559857964515686,0.6944599151611328,0.5333333333333333,0.6753848003848004,0.5,0.0,0.5841371417045593,0.542528476033892,0.04858232449207987,0.10367800375180584,0.0,0.0,0.0,0.0,0.0,18473,global,0.0
5,2,lr5e-05_bs8_drop0p2_temp1p0_a0p25_b0p05__wd1e-04trmiss0_degmodglobal,8,5e-05,0.0001,0.2,1.0,0.25,0.05,lr5e-05_bs8_drop0p2_temp1p0_a0p25_b0p05__wd1e-04trmiss0_degmodglobal,12,0.589093097618648,0.6983394920825958,0.5111111111111111,0.6686507936507937,0.5,0.0,0.5928283844675336,0.5737735245909009,0.044797219069940705,0.08240543199437005,0.0,0.0,0.0,0.0,0.0,18473,global,0.0
5,2,lr5e-05_bs8_drop0p2_temp1p0_a0p25_b0p05__wd1e-04trmiss0_degmodglobal,8,5e-05,0.0001,0.2,1.0,0.25,0.05,lr5e-05_bs8_drop0p2_temp1p0_a0p25_b0p05__wd1e-04trmiss0_degmodglobal,13,0.5734597103936332,0.6944229006767273,0.5333333333333333,0.6753848003848004,0.5714285714285714,0.0,0.5818282961845398,0.556465174470629,0.04845884043191161,0.09759641651596342,0.0,0.0,0.0,0.0,0.0,18473,global,0.0
5,2,lr5e-05_bs8_drop0p2_temp1p0_a0p25_b0p05__wd1e-04trmiss0_degmodglobal,8,5e-05,0.0001,0.2,1.0,0.25,0.05,lr5e-05_bs8_drop0p2_temp1p0_a0p25_b0p05__wd1e-04trmiss0_degmodglobal,14,0.5435282673154559,0.6904091835021973,0.5333333333333333,0.6753848003848004,0.5714285714285714,0.0,0.5581375275339399,0.5281371091093335,0.045226149527089934,0.08169228157826833,0.0,0.0,0.0,0.0,0.0,18473,global,0.0
5,2,lr5e-05_bs8_drop0p2_temp1p0_a0p25_b0p05__wd1e-04trmiss0_degmodglobal,8,5e-05,0.0001,0.2,1.0,0.25,0.05,lr5e-05_bs8_drop0p2_temp1p0_a0p25_b0p05__wd1e-04trmiss0_degmodglobal,15,0.5741929241589138,0.6905094981193542,0.5333333333333333,0.6753848003848004,0.5714285714285714,0.0,0.5589858506407056,0.5528751356261117,0.055878160787480216,0.1469650843313762,0.0,0.0,0.0,0.0,0.0,18473,global,0.0
5,2,lr5e-05_bs8_drop0p2_temp1p0_a0p25_b0p05__wd1e-04trmiss0_degmodglobal,8,5e-05,0.0001,0.2,1.0,0.25,0.05,lr5e-05_bs8_drop0p2_temp1p0_a0p25_b0p05__wd1e-04trmiss0_degmodglobal,16,0.5661751925945282,0.6950287818908691,0.5333333333333333,0.6753848003848004,0.5714285714285714,0.0,0.5426687129906246,0.5464919592653003,0.05365123599767685,0.1254084993685995,0.0,0.0,0.0,0.0,0.0,18473,global,0.0
5,2,lr5e-05_bs8_drop0p2_temp1p0_a0p25_b0p05__wd1e-04trmiss0_degmodglobal,8,5e-05,0.0001,0.2,1.0,0.25,0.05,lr5e-05_bs8_drop0p2_temp1p0_a0p25_b0p05__wd1e-04trmiss0_degmodglobal,17,0.56485002381461,0.7012366056442261,0.5333333333333333,0.6753848003848004,0.5,0.0,0.5640731198447091,0.5496277979442051,0.04346309708697455,0.08712904102035932,0.0,0.0,0.0,0.0,0.0,18473,global,0.0
5,2,lr5e-05_bs8_drop0p2_temp1p0_a0p25_b0p05__wd1e-04trmiss0_degmodglobal,8,5e-05,0.0001,0.2,1.0,0.25,0.05,lr5e-05_bs8_drop0p2_temp1p0_a0p25_b0p05__wd1e-04trmiss0_degmodglobal,18,0.5489811216081891,0.7041683197021484,0.4666666666666667,0.6432539682539683,0.5,0.0,0.5411858260631561,0.5343410798481533,0.04140604792961052,0.08577060193887778,0.0,0.0,0.0,0.0,0.0,18473,global,0.0
5,2,lr5e-05_bs8_drop0p2_temp1p0_a0p25_b0p05__wd1e-04trmiss0_degmodglobal,8,5e-05,0.0001,0.2,1.0,0.25,0.05,lr5e-05_bs8_drop0p2_temp1p0_a0p25_b0p05__wd1e-04trmiss0_degmodglobal,19,0.5391449332237244,0.7023042440414429,0.4666666666666667,0.6432539682539683,0.5,0.0,0.5189622598034995,0.5225688431944165,0.05064902241740908,0.07827670552900859,0.0,0.0,0.0,0.0,0.0,18473,global,0.0
5,2,lr5e-05_bs8_drop0p2_temp1p0_a0p25_b0p05__wd1e-04trmiss0_degmodglobal,8,5e-05,0.0001,0.2,1.0,0.25,0.05,lr5e-05_bs8_drop0p2_temp1p0_a0p25_b0p05__wd1e-04trmiss0_degmodglobal,20,0.5373731000082833,0.6994955837726593,0.5333333333333333,0.6704906204906206,0.5,0.0,0.5237146871430534,0.5253783549581256,0.03598492379699435,0.059970462428671975,0.0,0.0,0.0,0.0,0.0,18473,global,0.0
5,2,lr5e-05_bs8_drop0p2_temp1p0_a0p25_b0p05__wd1e-04trmiss0_degmodglobal,8,5e-05,0.0001,0.2,1.0,0.25,0.05,lr5e-05_bs8_drop0p2_temp1p0_a0p25_b0p05__wd1e-04trmiss0_degmodglobal,21,0.5329093507358006,0.6956125497817993,0.5555555555555556,0.6853054353054354,0.5714285714285714,0.0,0.5030513278075627,0.5173831922667367,0.04472830971436841,0.086881551359381,0.0,0.0,0.0,0.0,0.0,18473,global,0.0
5,2,lr5e-05_bs8_drop0p2_temp1p0_a0p25_b0p05__wd1e-04trmiss0_degmodglobal,8,5e-05,0.0001,0.2,1.0,0.25,0.05,lr5e-05_bs8_drop0p2_temp1p0_a0p25_b0p05__wd1e-04trmiss0_degmodglobal,22,0.5538312409605298,0.6991389691829681,0.5111111111111111,0.6605699855699856,0.5,0.0,0.5021650322846004,0.5371069354670388,0.04723472228007657,0.09831223636865616,0.0,0.0,0.0,0.0,0.0,18473,global,0.0
5,2,lr5e-05_bs8_drop0p2_temp1p0_a0p25_b0p05__wd1e-04trmiss0_degmodglobal,8,5e-05,0.0001,0.2,1.0,0.25,0.05,lr5e-05_bs8_drop0p2_temp1p0_a0p25_b0p05__wd1e-04trmiss0_degmodglobal,23,0.5256751477718353,0.7023632526397705,0.5111111111111111,0.6605699855699856,0.5,0.0,0.5095078263963971,0.5100657684462411,0.043835538040314405,0.09300979067172323,0.0,0.0,0.0,0.0,0.0,18473,global,0.0
5,2,lr5e-05_bs8_drop0p2_temp1p0_a0p25_b0p05__wd1e-04trmiss0_degmodglobal,8,5e-05,0.0001,0.2,1.0,0.25,0.05,lr5e-05_bs8_drop0p2_temp1p0_a0p25_b0p05__wd1e-04trmiss0_degmodglobal,24,0.5582352025168282,0.7028732597827911,0.5333333333333333,0.6753848003848004,0.5,0.0,0.5430255021367755,0.5420442138399396,0.0466648382799966,0.09049550896244389,0.0,0.0,0.0,0.0,0.0,18473,global,0.0
5,2,lr5e-05_bs8_drop0p2_temp1p0_a0p25_b0p05__wd1e-04trmiss0_degmodglobal,8,5e-05,0.0001,0.2,1.0,0.25,0.05,lr5e-05_bs8_drop0p2_temp1p0_a0p25_b0p05__wd1e-04trmiss0_degmodglobal,25,0.5508517580372947,0.7019367516040802,0.5333333333333333,0.6704906204906206,0.5,0.0,0.5218232103756496,0.5332210447107043,0.05183298619730132,0.0934494999902589,0.0,0.0,0.0,0.0,0.0,18473,global,0.0
5,2,lr5e-05_bs8_drop0p2_temp1p0_a0p25_b0p05__wd1e-04trmiss0_degmodglobal,8,5e-05,0.0001,0.2,1.0,0.25,0.05,lr5e-05_bs8_drop0p2_temp1p0_a0p25_b0p05__wd1e-04trmiss0_degmodglobal,26,0.5148845655577523,0.7042642533779144,0.5111111111111111,0.6605699855699856,0.5,0.0,0.5187380058424813,0.5006416354860578,0.045815768518618176,0.0557796736913068,0.0,0.0,0.0,0.0,0.0,18473,global,0.0
5,2,lr5e-05_bs8_drop0p2_temp1p0_a0p25_b0p05__wd1e-04trmiss0_degmodglobal,8,5e-05,0.0001,0.2,1.0,0.25,0.05,lr5e-05_bs8_drop0p2_temp1p0_a0p25_b0p05__wd1e-04trmiss0_degmodglobal,27,0.5546862653323582,0.7033943831920624,0.5333333333333333,0.6753848003848004,0.5,0.0,0.5424987035138267,0.5397040843963623,0.044731664205236096,0.07598548861486572,0.0,0.0,0.0,0.0,0.0,18473,global,0.0
5,2,lr5e-05_bs8_drop0p2_temp2p0_a0p25_b0p05__wd1e-04trmiss0_degmodglobal,8,5e-05,0.0001,0.2,2.0,0.25,0.05,lr5e-05_bs8_drop0p2_temp2p0_a0p25_b0p05__wd1e-04trmiss0_degmodglobal,1,0.752205993447985,0.7037846744060516,0.4444444444444444,0.6990851740851742,0.42857142857142855,0.0,0.6863218205315726,0.7195509161267962,0.0873573784317289,0.21631439455917903,0.0,0.0,0.0,0.0,0.0,18473,global,0.0
5,2,lr5e-05_bs8_drop0p2_temp2p0_a0p25_b0p05__wd1e-04trmiss0_degmodglobal,8,5e-05,0.0001,0.2,2.0,0.25,0.05,lr5e-05_bs8_drop0p2_temp2p0_a0p25_b0p05__wd1e-04trmiss0_degmodglobal,2,0.7142846414021083,0.7138298153877258,0.42222222222222217,0.650937025937026,0.2857142857142857,0.0,0.6484828165599278,0.6843434827668327,0.08459101457680974,0.17586774485451834,0.0,0.0,0.0,0.0,0.0,18473,global,0.0
5,2,lr5e-05_bs8_drop0p2_temp2p0_a0p25_b0p05__wd1e-04trmiss0_degmodglobal,8,5e-05,0.0001,0.2,2.0,0.25,0.05,lr5e-05_bs8_drop0p2_temp2p0_a0p25_b0p05__wd1e-04trmiss0_degmodglobal,3,0.6907450727054051,0.7197230458259583,0.42222222222222217,0.650937025937026,0.2857142857142857,0.0,0.6404661365917751,0.6583489435059684,0.08734874001571111,0.21117889881134033,0.0,0.0,0.0,0.0,0.0,18473,global,0.0
5,2,lr5e-05_bs8_drop0p2_temp2p0_a0p25_b0p05__wd1e-04trmiss0_degmodglobal,8,5e-05,0.0001,0.2,2.0,0.25,0.05,lr5e-05_bs8_drop0p2_temp2p0_a0p25_b0p05__wd1e-04trmiss0_degmodglobal,4,0.6836106010845729,0.7352682054042816,0.42222222222222217,0.650937025937026,0.2857142857142857,0.0,0.6487621324402946,0.6549249121120998,0.07644908023732049,0.19146831865821565,0.0,0.0,0.0,0.0,0.0,18473,global,0.0
5,2,lr5e-05_bs8_drop0p2_temp2p0_a0p25_b0p05__wd1e-04trmiss0_degmodglobal,8,5e-05,0.0001,0.2,2.0,0.25,0.05,lr5e-05_bs8_drop0p2_temp2p0_a0p25_b0p05__wd1e-04trmiss0_degmodglobal,5,0.6865035550934928,0.7486971318721771,0.39999999999999997,0.6398259148259147,0.2857142857142857,0.0,0.6377102136611938,0.65268303666796,0.09249563728060041,0.21393250141824996,0.0,0.0,0.0,0.0,0.0,18473,global,0.0
5,2,lr5e-05_bs8_drop0p2_temp2p0_a0p25_b0p05__wd1e-04trmiss0_degmodglobal,8,5e-05,0.0001,0.2,2.0,0.25,0.05,lr5e-05_bs8_drop0p2_temp2p0_a0p25_b0p05__wd1e-04trmiss0_degmodglobal,6,0.6953992673328945,0.7426007091999054,0.42222222222222217,0.650937025937026,0.35714285714285715,0.0,0.6267806121281215,0.6642238412584577,0.08192493340798787,0.2138837661061968,0.0,0.0,0.0,0.0,0.0,18473,global,0.0
5,2,lr5e-05_bs8_drop0p2_temp2p0_a0p25_b0p05__wd1e-04trmiss0_degmodglobal,8,5e-05,0.0001,0.2,2.0,0.25,0.05,lr5e-05_bs8_drop0p2_temp2p0_a0p25_b0p05__wd1e-04trmiss0_degmodglobal,7,0.6606420533997672,0.7423747479915619,0.42222222222222217,0.650937025937026,0.2857142857142857,0.0,0.6041590571403503,0.6242196389607021,0.09602985690746989,0.248299207006182,0.0,0.0,0.0,0.0,0.0,18473,global,0.0
5,2,lr5e-05_bs8_drop0p2_temp2p0_a0p25_b0p05__wd1e-04trmiss0_degmodglobal,8,5e-05,0.0001,0.2,2.0,0.25,0.05,lr5e-05_bs8_drop0p2_temp2p0_a0p25_b0p05__wd1e-04trmiss0_degmodglobal,8,0.6490390385900225,0.7455029785633087,0.39999999999999997,0.6398259148259147,0.21428571428571427,0.0,0.617948055267334,0.6174839564732143,0.08500039151736669,0.20609960172857558,0.0,0.0,0.0,0.0,0.0,18473,global,0.0
5,2,lr5e-05_bs8_drop0p2_temp2p0_a0p25_b0p05__wd1e-04trmiss0_degmodglobal,8,5e-05,0.0001,0.2,2.0,0.25,0.05,lr5e-05_bs8_drop0p2_temp2p0_a0p25_b0p05__wd1e-04trmiss0_degmodglobal,9,0.6623065045901707,0.7454482018947601,0.4444444444444444,0.662048137048137,0.2857142857142857,0.0,0.6030641709055219,0.6264919553484235,0.10071237065962382,0.21272939230714524,0.0,0.0,0.0,0.0,0.0,18473,global,0.0
5,2,lr5e-05_bs8_drop0p2_temp2p0_a0p25_b0p05__wd1e-04trmiss0_degmodglobal,8,5e-05,0.0001,0.2,2.0,0.25,0.05,lr5e-05_bs8_drop0p2_temp2p0_a0p25_b0p05__wd1e-04trmiss0_degmodglobal,10,0.6597836783954075,0.7512650489807129,0.4666666666666666,0.6805666555666556,0.42857142857142855,0.0,0.5954312256404332,0.6294407759393964,0.08540211777601923,0.17984740968261445,0.0,0.0,0.0,0.0,0.0,18473,global,0.0
5,2,lr5e-05_bs8_drop0p2_temp2p0_a0p25_b0p05__wd1e-04trmiss0_degmodglobal,8,5e-05,0.0001,0.2,2.0,0.25,0.05,lr5e-05_bs8_drop0p2_temp2p0_a0p25_b0p05__wd1e-04trmiss0_degmodglobal,11,0.6610217094421387,0.7559631168842316,0.4444444444444444,0.6694555444555443,0.35714285714285715,0.0,0.5899240715163094,0.6244527271815709,0.10035272794110435,0.2296160395656313,0.0,0.0,0.0,0.0,0.0,18473,global,0.0
5,2,lr5e-05_bs8_drop0p2_temp2p0_a0p25_b0p05__wd1e-04trmiss0_degmodglobal,8,5e-05,0.0001,0.2,2.0,0.25,0.05,lr5e-05_bs8_drop0p2_temp2p0_a0p25_b0p05__wd1e-04trmiss0_degmodglobal,12,0.6444310375622341,0.7543377876281738,0.4444444444444444,0.6694555444555443,0.42857142857142855,0.0,0.5665660755974906,0.6068542088781085,0.10464408780847277,0.22831626768623078,0.0,0.0,0.0,0.0,0.0,18473,global,0.0
5,2,lr5e-05_bs8_drop0p2_temp2p0_a0p25_b0p05__wd1e-04trmiss0_degmodglobal,8,5e-05,0.0001,0.2,2.0,0.25,0.05,lr5e-05_bs8_drop0p2_temp2p0_a0p25_b0p05__wd1e-04trmiss0_degmodglobal,13,0.6479367102895465,0.7539602220058441,0.4444444444444444,0.6694555444555443,0.42857142857142855,0.0,0.5571601050240653,0.6125748583248684,0.1008795616882188,0.20283905203853334,0.0,0.0,0.0,0.0,0.0,18473,global,0.0
5,2,lr5e-05_bs8_drop0p2_temp2p0_a0p25_b0p05__wd1e-04trmiss0_degmodglobal,8,5e-05,0.0001,0.2,2.0,0.25,0.05,lr5e-05_bs8_drop0p2_temp2p0_a0p25_b0p05__wd1e-04trmiss0_degmodglobal,14,0.6371613911220005,0.7507482469081879,0.4444444444444444,0.6694555444555443,0.42857142857142855,0.0,0.5677832535334996,0.6011227965354919,0.09872982650995255,0.22712269212518418,0.0,0.0,0.0,0.0,0.0,18473,global,0.0
5,2,lr5e-05_bs8_drop0p2_temp2p0_a0p25_b0p05__wd1e-04trmiss0_degmodglobal,8,5e-05,0.0001,0.2,2.0,0.25,0.05,lr5e-05_bs8_drop0p2_temp2p0_a0p25_b0p05__wd1e-04trmiss0_degmodglobal,15,0.652770825794765,0.7499751448631287,0.4444444444444444,0.6694555444555443,0.35714285714285715,0.0,0.5583987150873456,0.6131181035723005,0.10949415553893362,0.24558398659740174,0.0,0.0,0.0,0.0,0.0,18473,global,0.0
5,2,lr5e-05_bs8_drop0p2_temp2p0_a0p25_b0p05__wd1e-04trmiss0_degmodglobal,8,5e-05,0.0001,0.2,2.0,0.25,0.05,lr5e-05_bs8_drop0p2_temp2p0_a0p25_b0p05__wd1e-04trmiss0_degmodglobal,16,0.6335005589893886,0.74941086769104,0.4444444444444444,0.6694555444555443,0.35714285714285715,0.0,0.5561331382819584,0.5894193138395037,0.12354673658098493,0.26389117326055256,0.0,0.0,0.0,0.0,0.0,18473,global,0.0
5,2,lr5e-05_bs8_drop0p2_temp2p0_a0p25_b0p05__wd1e-04trmiss0_degmodglobal,8,5e-05,0.0001,0.2,2.0,0.25,0.05,lr5e-05_bs8_drop0p2_temp2p0_a0p25_b0p05__wd1e-04trmiss0_degmodglobal,17,0.6310410073825291,0.7522640824317932,0.4444444444444444,0.6694555444555443,0.42857142857142855,0.0,0.5418064849717277,0.5907560629504067,0.11498829615967614,0.23075755472694123,0.0,0.0,0.0,0.0,0.0,18473,global,0.0
5,2,lr5e-05_bs8_drop0p2_temp2p0_a0p25_b0p05__wd1e-04trmiss0_degmodglobal,8,5e-05,0.0001,0.2,2.0,0.25,0.05,lr5e-05_bs8_drop0p2_temp2p0_a0p25_b0p05__wd1e-04trmiss0_degmodglobal,18,0.6083941289356777,0.7514834105968475,0.4444444444444444,0.6694555444555443,0.42857142857142855,0.0,0.550394526549748,0.5686741556440081,0.10543514894587654,0.2672236072165625,0.0,0.0,0.0,0.0,0.0,18473,global,0.0
5,2,lr5e-05_bs8_drop0p2_temp2p0_a0p25_b0p05__wd1e-04trmiss0_degmodglobal,8,5e-05,0.0001,0.2,2.0,0.25,0.05,lr5e-05_bs8_drop0p2_temp2p0_a0p25_b0p05__wd1e-04trmiss0_degmodglobal,19,0.6224572573389325,0.7547220885753632,0.4444444444444444,0.6694555444555443,0.42857142857142855,0.0,0.5638244450092316,0.5829014267240252,0.10139223880001477,0.2841555050441197,0.0,0.0,0.0,0.0,0.0,18473,global,0.0
5,2,lr5e-05_bs8_drop0p2_temp2p0_a0p25_b0p05__wd1e-04trmiss0_degmodglobal,8,5e-05,0.0001,0.2,2.0,0.25,0.05,lr5e-05_bs8_drop0p2_temp2p0_a0p25_b0p05__wd1e-04trmiss0_degmodglobal,20,0.6488760794912066,0.7486653327941895,0.4888888888888888,0.6911486661486661,0.35714285714285715,0.0,0.5467325959886823,0.60823312827519,0.10561827038015638,0.284767461674554,0.0,0.0,0.0,0.0,0.0,18473,global,0.0
5,2,lr5e-05_bs8_drop0p2_temp2p0_a0p25_b0p05__wd1e-04trmiss0_degmodglobal,8,5e-05,0.0001,0.2,2.0,0.25,0.05,lr5e-05_bs8_drop0p2_temp2p0_a0p25_b0p05__wd1e-04trmiss0_degmodglobal,21,0.6092930861881801,0.7472409605979919,0.4666666666666666,0.6726301476301477,0.35714285714285715,0.0,0.5483077764511108,0.5676685784544263,0.11193749415022987,0.27280264879976,0.0,0.0,0.0,0.0,0.0,18473,global,0.0
5,2,lr5e-05_bs8_drop0p2_temp2p0_a0p25_b0p05__wd1e-04trmiss0_degmodglobal,8,5e-05,0.0001,0.2,2.0,0.25,0.05,lr5e-05_bs8_drop0p2_temp2p0_a0p25_b0p05__wd1e-04trmiss0_degmodglobal,22,0.6260329229491097,0.73477503657341,0.4888888888888889,0.6797008547008547,0.35714285714285715,0.0,0.5256995260715485,0.5804561376571655,0.12379132530518941,0.2925790942140988,0.0,0.0,0.0,0.0,0.0,18473,global,0.0
5,2,lr5e-05_bs8_drop0p2_temp2p0_a0p25_b0p05__wd1e-04trmiss0_degmodglobal,8,5e-05,0.0001,0.2,2.0,0.25,0.05,lr5e-05_bs8_drop0p2_temp2p0_a0p25_b0p05__wd1e-04trmiss0_degmodglobal,23,0.6297570637294224,0.7434191405773163,0.4444444444444444,0.6694555444555443,0.35714285714285715,0.0,0.517026173216956,0.5844752703394208,0.13005025259086064,0.25538431320871624,0.0,0.0,0.0,0.0,0.0,18473,global,0.0
5,2,lr5e-05_bs8_drop0p2_temp2p0_a0p25_b0p05__wd1e-04trmiss0_degmodglobal,8,5e-05,0.0001,0.2,2.0,0.25,0.05,lr5e-05_bs8_drop0p2_temp2p0_a0p25_b0p05__wd1e-04trmiss0_degmodglobal,24,0.6564916116850716,0.7451821565628052,0.4444444444444444,0.6694555444555443,0.42857142857142855,0.0,0.5541965365409851,0.6158984218324933,0.11627932318619319,0.23046735567705973,0.0,0.0,0.0,0.0,0.0,18473,global,0.0
5,2,lr5e-05_bs8_drop0p2_temp2p0_a0p25_b0p05__wd1e-04trmiss0_degmodglobal,8,5e-05,0.0001,0.2,2.0,0.25,0.05,lr5e-05_bs8_drop0p2_temp2p0_a0p25_b0p05__wd1e-04trmiss0_degmodglobal,25,0.6310464824948993,0.7524602711200714,0.4666666666666666,0.6805666555666556,0.42857142857142855,0.0,0.5434741973876953,0.5885480770042965,0.12493945232459477,0.22527112705366953,0.0,0.0,0.0,0.0,0.0,18473,global,0.0
5,2,lr5e-05_bs8_drop0p2_temp2p0_a0p25_b0p05__wd1e-04trmiss0_degmodglobal,8,5e-05,0.0001,0.2,2.0,0.25,0.05,lr5e-05_bs8_drop0p2_temp2p0_a0p25_b0p05__wd1e-04trmiss0_degmodglobal,26,0.6287421924727303,0.7439622282981873,0.4666666666666666,0.6805666555666556,0.42857142857142855,0.0,0.52437076824052,0.5904531564031329,0.10028908614601408,0.2643351959330695,0.0,0.0,0.0,0.0,0.0,18473,global,0.0
5,2,lr5e-05_bs8_drop0p2_temp2p0_a0p25_b0p05__wd1e-04trmiss0_degmodglobal,8,5e-05,0.0001,0.2,2.0,0.25,0.05,lr5e-05_bs8_drop0p2_temp2p0_a0p25_b0p05__wd1e-04trmiss0_degmodglobal,27,0.6305691770144871,0.743542492389679,0.4888888888888888,0.6911486661486661,0.42857142857142855,0.0,0.5533304512500763,0.5891086884907314,0.11280289398772377,0.2651954878653799,0.0,0.0,0.0,0.0,0.0,18473,global,0.0
5,2,lr5e-05_bs8_drop0p2_temp2p0_a0p25_b0p05__wd1e-04trmiss0_degmodglobal,8,5e-05,0.0001,0.2,2.0,0.25,0.05,lr5e-05_bs8_drop0p2_temp2p0_a0p25_b0p05__wd1e-04trmiss0_degmodglobal,28,0.6073951550892421,0.745254635810852,0.4888888888888888,0.6911486661486661,0.35714285714285715,0.0,0.5153444409370422,0.5592090998377118,0.12905175238847733,0.3184624931641987,0.0,0.0,0.0,0.0,0.0,18473,global,0.0
5,2,lr5e-05_bs8_drop0p2_temp2p0_a0p25_b0p05__wd1e-04trmiss0_degmodglobal,8,5e-05,0.0001,0.2,2.0,0.25,0.05,lr5e-05_bs8_drop0p2_temp2p0_a0p25_b0p05__wd1e-04trmiss0_degmodglobal,29,0.5914842912128994,0.7424398362636566,0.4888888888888888,0.6911486661486661,0.42857142857142855,0.0,0.5340783085141864,0.5500455498695374,0.11503357865980693,0.2536071017384529,0.0,0.0,0.0,0.0,0.0,18473,global,0.0
5,2,lr5e-05_bs8_drop0p2_temp2p0_a0p25_b0p05__wd1e-04trmiss0_degmodglobal,8,5e-05,0.0001,0.2,2.0,0.25,0.05,lr5e-05_bs8_drop0p2_temp2p0_a0p25_b0p05__wd1e-04trmiss0_degmodglobal,30,0.6344566004616874,0.7455170154571533,0.4888888888888888,0.6911486661486661,0.42857142857142855,0.0,0.5397742986679077,0.5903704762458801,0.12395580964429039,0.261943233864648,0.0,0.0,0.0,0.0,0.0,18473,global,0.0
5,2,lr5e-05_bs8_drop0p2_temp2p0_a0p25_b0p05__wd1e-04trmiss0_degmodglobal,8,5e-05,0.0001,0.2,2.0,0.25,0.05,lr5e-05_bs8_drop0p2_temp2p0_a0p25_b0p05__wd1e-04trmiss0_degmodglobal,31,0.6073403358459473,0.7437048554420471,0.4888888888888888,0.6911486661486661,0.35714285714285715,0.0,0.5040482750960759,0.5610221411500659,0.1264643254024642,0.2940422807421003,0.0,0.0,0.0,0.0,0.0,18473,global,0.0
5,2,lr5e-05_bs8_drop0p2_temp2p0_a0p25_b0p05__wd1e-04trmiss0_degmodglobal,8,5e-05,0.0001,0.2,2.0,0.25,0.05,lr5e-05_bs8_drop0p2_temp2p0_a0p25_b0p05__wd1e-04trmiss0_degmodglobal,32,0.6154848677771432,0.7416114211082458,0.5111111111111111,0.701069301069301,0.35714285714285715,0.0,0.49561761958258493,0.5640531693186078,0.14954019444329397,0.2809327925954546,0.0,0.0,0.0,0.0,0.0,18473,global,0.0
5,2,lr5e-05_bs8_drop0p2_temp2p0_a0p25_b0p05__wd1e-04trmiss0_degmodglobal,8,5e-05,0.0001,0.2,2.0,0.25,0.05,lr5e-05_bs8_drop0p2_temp2p0_a0p25_b0p05__wd1e-04trmiss0_degmodglobal,33,0.636344850063324,0.7436832189559937,0.4888888888888888,0.6911486661486661,0.35714285714285715,0.0,0.5406020879745483,0.5863651505538395,0.13938286155462265,0.3026796132326126,0.0,0.0,0.0,0.0,0.0,18473,global,0.0
5,2,lr5e-05_bs8_drop0p2_temp2p0_a0p25_b0p05__wd1e-04trmiss0_degmodglobal,8,5e-05,0.0001,0.2,2.0,0.25,0.05,lr5e-05_bs8_drop0p2_temp2p0_a0p25_b0p05__wd1e-04trmiss0_degmodglobal,34,0.6370937739099775,0.7505701780319214,0.4888888888888888,0.6911486661486661,0.35714285714285715,0.0,0.5321881260190692,0.5902652740478516,0.130451605788299,0.2843119927815029,0.0,0.0,0.0,0.0,0.0,18473,global,0.0
5,2,lr5e-05_bs8_drop0p2_temp2p0_a0p25_b0p05__wd1e-04trmiss0_degmodglobal,8,5e-05,0.0001,0.2,2.0,0.25,0.05,lr5e-05_bs8_drop0p2_temp2p0_a0p25_b0p05__wd1e-04trmiss0_degmodglobal,35,0.5920423865318298,0.7457214295864105,0.4666666666666666,0.6805666555666556,0.42857142857142855,0.0,0.5047355592250824,0.5442423096724919,0.1290702298283577,0.31065039123807636,0.0,0.0,0.0,0.0,0.0,18473,global,0.0
5,2,lr5e-05_bs8_drop0p2_temp2p0_a0p25_b0p05__wd1e-04trmiss0_degmodglobal,8,5e-05,0.0001,0.2,2.0,0.25,0.05,lr5e-05_bs8_drop0p2_temp2p0_a0p25_b0p05__wd1e-04trmiss0_degmodglobal,36,0.6318933878626142,0.7482890784740448,0.4888888888888888,0.6911486661486661,0.42857142857142855,0.0,0.5159578621387482,0.5874980006899152,0.11675500976187843,0.30413247644901276,0.0,0.0,0.0,0.0,0.0,18473,global,0.0
5,2,lr5e-05_bs8_drop0p2_temp2p0_a0p25_b0p05__wd1e-04trmiss0_degmodglobal,8,5e-05,0.0001,0.2,2.0,0.25,0.05,lr5e-05_bs8_drop0p2_temp2p0_a0p25_b0p05__wd1e-04trmiss0_degmodglobal,37,0.6043972883905683,0.7502676844596863,0.4888888888888888,0.6911486661486661,0.35714285714285715,0.0,0.5099648577826363,0.5642500392028263,0.11140075538839612,0.24594134518078395,0.0,0.0,0.0,0.0,0.0,18473,global,0.0
5,2,lr5e-05_bs8_drop0p2_temp2p0_a0p25_b0p05__wd1e-04trmiss0_degmodglobal,8,5e-05,0.0001,0.2,2.0,0.25,0.05,lr5e-05_bs8_drop0p2_temp2p0_a0p25_b0p05__wd1e-04trmiss0_degmodglobal,38,0.5985672984804425,0.7505340278148651,0.4888888888888888,0.6911486661486661,0.35714285714285715,0.0,0.4928913882800511,0.5502181436334338,0.12872799166611262,0.3233429214784077,0.0,0.0,0.0,0.0,0.0,18473,global,0.0
5,2,lr5e-05_bs8_drop0p2_temp2p0_a0p25_b0p05__wd1e-04trmiss0_degmodglobal,8,5e-05,0.0001,0.2,2.0,0.25,0.05,lr5e-05_bs8_drop0p2_temp2p0_a0p25_b0p05__wd1e-04trmiss0_degmodglobal,39,0.6036921313830784,0.7514585256576538,0.4666666666666666,0.6805666555666556,0.42857142857142855,0.0,0.5066578771386828,0.5522440799645015,0.14153870514460973,0.32126774000270025,0.0,0.0,0.0,0.0,0.0,18473,global,0.0
5,2,lr5e-05_bs8_drop0p2_temp2p0_a0p25_b0p05__wd1e-04trmiss0_degmodglobal,8,5e-05,0.0001,0.2,2.0,0.25,0.05,lr5e-05_bs8_drop0p2_temp2p0_a0p25_b0p05__wd1e-04trmiss0_degmodglobal,40,0.6337110315050397,0.7494875490665436,0.4666666666666666,0.6805666555666556,0.42857142857142855,0.0,0.49939281174114775,0.5809184057371957,0.14588994745697295,0.3264029941388539,0.0,0.0,0.0,0.0,0.0,18473,global,0.0
5,2,lr5e-05_bs8_drop0p2_temp2p0_a0p25_b0p05__wd1e-04trmiss0_degmodglobal,8,5e-05,0.0001,0.2,2.0,0.25,0.05,lr5e-05_bs8_drop0p2_temp2p0_a0p25_b0p05__wd1e-04trmiss0_degmodglobal,41,0.6098241891179766,0.7503930628299713,0.4666666666666666,0.6805666555666556,0.35714285714285715,0.0,0.4986301192215511,0.5644851071493966,0.12803725046770914,0.2665953327502523,0.0,0.0,0.0,0.0,0.0,18473,global,0.0
5,2,lr5e-05_bs8_drop0p2_temp2p0_a0p25_b0p05__wd1e-04trmiss0_degmodglobal,8,5e-05,0.0001,0.2,2.0,0.25,0.05,lr5e-05_bs8_drop0p2_temp2p0_a0p25_b0p05__wd1e-04trmiss0_degmodglobal,42,0.6446402328354972,0.7511245012283325,0.4666666666666666,0.6805666555666556,0.42857142857142855,0.0,0.5194995147841317,0.5992628846849714,0.1235496284706252,0.2897988430091313,0.0,0.0,0.0,0.0,0.0,18473,global,0.0
5,2,lr5e-05_bs8_drop0p2_temp2p0_a0p25_b0p05__wd1e-04trmiss0_degmodglobal,8,5e-05,0.0001,0.2,2.0,0.25,0.05,lr5e-05_bs8_drop0p2_temp2p0_a0p25_b0p05__wd1e-04trmiss0_degmodglobal,43,0.6115010806492397,0.7465837597846985,0.5111111111111111,0.6982193732193733,0.42857142857142855,0.0,0.5012232065200806,0.5660488435200283,0.12458763590880803,0.2861064778906958,0.0,0.0,0.0,0.0,0.0,18473,global,0.0
5,2,lr5e-05_bs8_drop0p2_temp2p0_a0p25_b0p05__wd1e-04trmiss0_degmodglobal,8,5e-05,0.0001,0.2,2.0,0.25,0.05,lr5e-05_bs8_drop0p2_temp2p0_a0p25_b0p05__wd1e-04trmiss0_degmodglobal,44,0.6367051090512957,0.7438567578792572,0.5111111111111111,0.6982193732193733,0.42857142857142855,0.0,0.4925513778414045,0.5820619293621608,0.14196421099560602,0.383042825119836,0.0,0.0,0.0,0.0,0.0,18473,global,0.0
5,2,lr5e-05_bs8_drop0p2_temp2p0_a0p25_b0p05__wd1e-04trmiss0_degmodglobal,8,5e-05,0.0001,0.2,2.0,0.25,0.05,lr5e-05_bs8_drop0p2_temp2p0_a0p25_b0p05__wd1e-04trmiss0_degmodglobal,45,0.6208790710994175,0.7407763600349426,0.5111111111111111,0.6982193732193733,0.42857142857142855,0.0,0.5098618311541421,0.5696796349116734,0.13120903287615096,0.3679434997694833,0.0,0.0,0.0,0.0,0.0,18473,global,0.0
5,2,lr5e-05_bs8_drop0p2_temp2p0_a0p25_b0p05__wd1e-04trmiss0_degmodglobal,8,5e-05,0.0001,0.2,2.0,0.25,0.05,lr5e-05_bs8_drop0p2_temp2p0_a0p25_b0p05__wd1e-04trmiss0_degmodglobal,46,0.6190201895577567,0.7378971874713898,0.5111111111111111,0.6982193732193733,0.42857142857142855,0.0,0.5080510931355613,0.5777103134563991,0.10860774346760341,0.28315926023891996,0.0,0.0,0.0,0.0,0.0,18473,global,0.0
5,2,lr5e-05_bs8_drop0p2_temp2p0_a0p25_b0p05__wd1e-04trmiss0_degmodglobal,8,5e-05,0.0001,0.2,2.0,0.25,0.05,lr5e-05_bs8_drop0p2_temp2p0_a0p25_b0p05__wd1e-04trmiss0_degmodglobal,47,0.6110150218009949,0.7421997785568237,0.4888888888888889,0.6876373626373626,0.42857142857142855,0.0,0.48627378259386334,0.5633409874779838,0.13181357724325998,0.2944126767771585,0.0,0.0,0.0,0.0,0.0,18473,global,0.0
5,2,lr5e-05_bs8_drop0p2_temp2p0_a0p25_b0p05__wd1e-04trmiss0_degmodglobal,8,5e-05,0.0001,0.2,2.0,0.25,0.05,lr5e-05_bs8_drop0p2_temp2p0_a0p25_b0p05__wd1e-04trmiss0_degmodglobal,48,0.6212687151772636,0.7483131587505341,0.5111111111111111,0.6982193732193733,0.42857142857142855,0.0,0.48191154854638235,0.5720111983163017,0.14003400717462813,0.2849803503070559,0.0,0.0,0.0,0.0,0.0,18473,global,0.0
5,2,lr5e-05_bs8_drop0p2_temp2p0_a0p25_b0p05__wd1e-04trmiss0_degmodglobal,8,5e-05,0.0001,0.2,2.0,0.25,0.05,lr5e-05_bs8_drop0p2_temp2p0_a0p25_b0p05__wd1e-04trmiss0_degmodglobal,49,0.6423905066081456,0.7507353127002716,0.4888888888888889,0.6876373626373626,0.35714285714285715,0.0,0.5084891787597111,0.591385040964399,0.14016135036945343,0.31930284414972576,0.0,0.0,0.0,0.0,0.0,18473,global,0.0
5,2,lr5e-05_bs8_drop0p2_temp2p0_a0p25_b0p05__wd1e-04trmiss0_degmodglobal,8,5e-05,0.0001,0.2,2.0,0.25,0.05,lr5e-05_bs8_drop0p2_temp2p0_a0p25_b0p05__wd1e-04trmiss0_degmodglobal,50,0.6197724172047206,0.7514265179634094,0.5333333333333333,0.7081400081400082,0.42857142857142855,0.0,0.4990498721599579,0.5785598073686872,0.10992480708020073,0.27462814109666006,0.0,0.0,0.0,0.0,0.0,18473,global,0.0
5,2,lr5e-05_bs8_drop0p2_temp2p0_a0p25_b0p05__wd1e-04trmiss0_degmodglobal,8,5e-05,0.0001,0.2,2.0,0.25,0.05,lr5e-05_bs8_drop0p2_temp2p0_a0p25_b0p05__wd1e-04trmiss0_degmodglobal,51,0.6344893063817706,0.7489656209945679,0.4666666666666666,0.6355931105931106,0.42857142857142855,0.0,0.49462476798466276,0.5793779918125698,0.1450151087982314,0.37715072504111696,0.0,0.0,0.0,0.0,0.0,18473,global,0.0
5,2,lr5e-05_bs8_drop0p2_temp2p0_a0p25_b0p05__wd1e-04trmiss0_degmodglobal,8,5e-05,0.0001,0.2,2.0,0.25,0.05,lr5e-05_bs8_drop0p2_temp2p0_a0p25_b0p05__wd1e-04trmiss0_degmodglobal,52,0.6283769352095467,0.7521621882915497,0.4888888888888889,0.6455137455137455,0.42857142857142855,0.0,0.501133131129401,0.5781735181808472,0.1378148091690881,0.31499461829662323,0.0,0.0,0.0,0.0,0.0,18473,global,0.0
5,2,lr5e-05_bs8_drop0p2_temp2p0_a0p25_b0p05__wd1e-04trmiss0_degmodglobal,8,5e-05,0.0001,0.2,2.0,0.25,0.05,lr5e-05_bs8_drop0p2_temp2p0_a0p25_b0p05__wd1e-04trmiss0_degmodglobal,53,0.5878838087831225,0.7529395520687103,0.4666666666666666,0.6805666555666556,0.42857142857142855,0.0,0.4890282835279192,0.5453658870288304,0.11868249624967575,0.2569459506443569,0.0,0.0,0.0,0.0,0.0,18473,global,0.0
5,2,lr5e-05_bs8_drop0p2_temp2p0_a0p25_b0p05__wd1e-04trmiss0_degmodglobal,8,5e-05,0.0001,0.2,2.0,0.25,0.05,lr5e-05_bs8_drop0p2_temp2p0_a0p25_b0p05__wd1e-04trmiss0_degmodglobal,54,0.5883917510509491,0.7474794983863831,0.4666666666666666,0.6355931105931106,0.42857142857142855,0.0,0.48103859594890047,0.5366230394159045,0.1486001451100622,0.292373820074967,0.0,0.0,0.0,0.0,0.0,18473,global,0.0
5,2,lr5e-05_bs8_drop0p2_temp2p0_a0p25_b0p05__wd1e-04trmiss0_degmodglobal,8,5e-05,0.0001,0.2,2.0,0.25,0.05,lr5e-05_bs8_drop0p2_temp2p0_a0p25_b0p05__wd1e-04trmiss0_degmodglobal,55,0.6193064451217651,0.7488172948360443,0.4666666666666666,0.6805666555666556,0.35714285714285715,0.0,0.5081388567175184,0.5731219351291656,0.12542423286608287,0.296569005719253,0.0,0.0,0.0,0.0,0.0,18473,global,0.0
5,2,lr5e-05_bs8_drop0p2_temp2p0_a0p25_b0p05__wd1e-04trmiss0_degmodglobal,8,5e-05,0.0001,0.2,2.0,0.25,0.05,lr5e-05_bs8_drop0p2_temp2p0_a0p25_b0p05__wd1e-04trmiss0_degmodglobal,56,0.6127630046435765,0.7471797466278076,0.5111111111111111,0.701069301069301,0.35714285714285715,0.0,0.4940661106790815,0.5615693586213248,0.13283868346895492,0.3596792689391545,0.0,0.0,0.0,0.0,0.0,18473,global,0.0
5,2,lr5e-05_bs8_drop0p2_temp2p0_a0p25_b0p05__wd1e-04trmiss0_degmodglobal,8,5e-05,0.0001,0.2,2.0,0.25,0.05,lr5e-05_bs8_drop0p2_temp2p0_a0p25_b0p05__wd1e-04trmiss0_degmodglobal,57,0.6170703598431179,0.749908983707428,0.4888888888888888,0.6911486661486661,0.35714285714285715,0.0,0.46479772669928415,0.5573384591511318,0.1498135221855981,0.44557041355541777,0.0,0.0,0.0,0.0,0.0,18473,global,0.0
5,2,lr5e-05_bs8_drop0p2_temp2p0_a0p25_b0p05__wd1e-04trmiss0_degmodglobal,8,5e-05,0.0001,0.2,2.0,0.25,0.05,lr5e-05_bs8_drop0p2_temp2p0_a0p25_b0p05__wd1e-04trmiss0_degmodglobal,58,0.6253314103399005,0.7489002048969269,0.5111111111111111,0.701069301069301,0.42857142857142855,0.0,0.46566825679370333,0.5729020663670131,0.14336375892162323,0.3317682296037674,0.0,0.0,0.0,0.0,0.0,18473,global,0.0
5,2,lr5e-05_bs8_drop0p2_temp2p0_a0p25_b0p05__wd1e-04trmiss0_degmodglobal,8,5e-05,0.0001,0.2,2.0,0.25,0.05,lr5e-05_bs8_drop0p2_temp2p0_a0p25_b0p05__wd1e-04trmiss0_degmodglobal,59,0.6108147587094989,0.751090407371521,0.4666666666666666,0.6805666555666556,0.42857142857142855,0.0,0.4911880876336779,0.5646270087787083,0.13040137610265187,0.27174799357141766,0.0,0.0,0.0,0.0,0.0,18473,global,0.0
5,2,lr5e-05_bs8_drop0p2_temp2p0_a0p25_b0p05__wd1e-04trmiss0_degmodglobal,8,5e-05,0.0001,0.2,2.0,0.25,0.05,lr5e-05_bs8_drop0p2_temp2p0_a0p25_b0p05__wd1e-04trmiss0_degmodglobal,60,0.603367303098951,0.7523003220558167,0.4666666666666666,0.6805666555666556,0.42857142857142855,0.0,0.49103780729430063,0.5497435459068843,0.14569214412144252,0.3440144253628595,0.0,0.0,0.0,0.0,0.0,18473,global,0.0
5,2,lr5e-05_bs8_drop0p2_temp2p0_a0p25_b0p05__wd1e-04trmiss0_degmodglobal,8,5e-05,0.0001,0.2,2.0,0.25,0.05,lr5e-05_bs8_drop0p2_temp2p0_a0p25_b0p05__wd1e-04trmiss0_degmodglobal,61,0.6001650946480888,0.7533218264579773,0.4666666666666666,0.6805666555666556,0.42857142857142855,0.0,0.484843841620854,0.5585236932550158,0.11116515206439155,0.2770022600889206,0.0,0.0,0.0,0.0,0.0,18473,global,0.0
5,2,lr5e-05_bs8_drop0p2_temp2p0_a0p25_b0p05__wd1e-04trmiss0_degmodglobal,8,5e-05,0.0001,0.2,2.0,0.25,0.05,lr5e-05_bs8_drop0p2_temp2p0_a0p25_b0p05__wd1e-04trmiss0_degmodglobal,62,0.6335303783416748,0.7562296092510223,0.4666666666666666,0.6805666555666556,0.42857142857142855,0.0,0.4744029811450413,0.5735373156411308,0.15773972336735045,0.4111627297742026,0.0,0.0,0.0,0.0,0.0,18473,global,0.0
5,2,lr5e-05_bs8_drop0p2_temp2p0_a0p25_b0p05__wd1e-04trmiss0_degmodglobal,8,5e-05,0.0001,0.2,2.0,0.25,0.05,lr5e-05_bs8_drop0p2_temp2p0_a0p25_b0p05__wd1e-04trmiss0_degmodglobal,63,0.6223712989262172,0.7562459707260132,0.4666666666666666,0.6805666555666556,0.42857142857142855,0.0,0.48354922447885784,0.575984959091459,0.12617358139583043,0.2968588812010629,0.0,0.0,0.0,0.0,0.0,18473,global,0.0
5,2,lr5e-05_bs8_drop0p2_temp2p0_a0p25_b0p05__wd1e-04trmiss0_degmodglobal,8,5e-05,0.0001,0.2,2.0,0.25,0.05,lr5e-05_bs8_drop0p2_temp2p0_a0p25_b0p05__wd1e-04trmiss0_degmodglobal,64,0.6328717044421605,0.750396728515625,0.4666666666666666,0.6805666555666556,0.42857142857142855,0.0,0.4706738804067884,0.579855135508946,0.14098999755723135,0.355381258896419,0.0,0.0,0.0,0.0,0.0,18473,global,0.0
5,2,lr5e-05_bs8_drop0p2_temp2p0_a0p25_b0p05__wd1e-04trmiss0_degmodglobal,8,5e-05,0.0001,0.2,2.0,0.25,0.05,lr5e-05_bs8_drop0p2_temp2p0_a0p25_b0p05__wd1e-04trmiss0_degmodglobal,65,0.6121084434645516,0.7519790530204773,0.4666666666666666,0.6805666555666556,0.42857142857142855,0.0,0.4762210377625057,0.5606222067560468,0.1425873679774148,0.3167879751750401,0.0,0.0,0.0,0.0,0.0,18473,global,0.0
5,2,lr5e-05_bs8_drop0p2_temp2p0_a0p25_b0p05__wd1e-04trmiss0_degmodglobal,8,5e-05,0.0001,0.2,2.0,0.25,0.05,lr5e-05_bs8_drop0p2_temp2p0_a0p25_b0p05__wd1e-04trmiss0_degmodglobal,66,0.6004439847809928,0.7431378364562988,0.4666666666666666,0.6805666555666556,0.42857142857142855,0.0,0.4536657120500292,0.549917744738715,0.13901546278170177,0.31544753909111023,0.0,0.0,0.0,0.0,0.0,18473,global,0.0
5,2,lr5e-05_bs8_drop0p2_temp2p0_a0p25_b0p05__wd1e-04trmiss0_degmodglobal,8,5e-05,0.0001,0.2,2.0,0.25,0.05,lr5e-05_bs8_drop0p2_temp2p0_a0p25_b0p05__wd1e-04trmiss0_degmodglobal,67,0.6073340007237026,0.7476634085178375,0.4666666666666666,0.6805666555666556,0.42857142857142855,0.0,0.4482308626174927,0.5469002723693848,0.15946815269333975,0.411333686539105,0.0,0.0,0.0,0.0,0.0,18473,global,0.0
5,2,lr5e-05_bs8_drop0p2_temp2p0_a0p25_b0p05__wd1e-04trmiss0_degmodglobal,8,5e-05,0.0001,0.2,2.0,0.25,0.05,lr5e-05_bs8_drop0p2_temp2p0_a0p25_b0p05__wd1e-04trmiss0_degmodglobal,68,0.6389846972056797,0.751211941242218,0.4888888888888889,0.6876373626373626,0.42857142857142855,0.0,0.4843516818114689,0.5872178418295724,0.1323901808687619,0.37338600201266153,0.0,0.0,0.0,0.0,0.0,18473,global,0.0
5,2,lr5e-05_bs8_drop0p2_temp2p0_a0p25_b0p05__wd1e-04trmiss0_degmodglobal,8,5e-05,0.0001,0.2,2.0,0.25,0.05,lr5e-05_bs8_drop0p2_temp2p0_a0p25_b0p05__wd1e-04trmiss0_degmodglobal,69,0.6316945127078465,0.7515296936035156,0.4666666666666666,0.6805666555666556,0.42857142857142855,0.0,0.4942947711263384,0.5837358066013881,0.12767852629934037,0.32078168434756144,0.0,0.0,0.0,0.0,0.0,18473,global,0.0
5,2,lr5e-05_bs8_drop0p2_temp2p0_a0p25_b0p05__wd1e-04trmiss0_degmodglobal,8,5e-05,0.0001,0.2,2.0,0.25,0.05,lr5e-05_bs8_drop0p2_temp2p0_a0p25_b0p05__wd1e-04trmiss0_degmodglobal,70,0.6316091844013759,0.7431478500366211,0.4888888888888889,0.6876373626373626,0.42857142857142855,0.0,0.49489921757153105,0.582380371434348,0.12875759920903615,0.34078823029994965,0.0,0.0,0.0,0.0,0.0,18473,global,0.0
5,2,lr5e-05_bs8_drop0p4_temp1p0_a0p25_b0p05__wd1e-04trmiss0_degmodglobal,8,5e-05,0.0001,0.4,1.0,0.25,0.05,lr5e-05_bs8_drop0p4_temp1p0_a0p25_b0p05__wd1e-04trmiss0_degmodglobal,1,0.7153213705335345,0.6937875747680664,0.4444444444444444,0.6265873015873016,0.6428571428571429,0.0,0.6829917260578701,0.6864884410585675,0.06868562155536242,0.23323058124099458,0.0,0.0,0.0,0.0,0.0,18473,global,0.0
5,2,lr5e-05_bs8_drop0p4_temp1p0_a0p25_b0p05__wd1e-04trmiss0_degmodglobal,8,5e-05,0.0001,0.4,1.0,0.25,0.05,lr5e-05_bs8_drop0p4_temp1p0_a0p25_b0p05__wd1e-04trmiss0_degmodglobal,2,0.7086573328290667,0.6932856440544128,0.4666666666666667,0.6320818070818072,0.5,0.0,0.659211916582925,0.6803849935531616,0.06894269000206675,0.22073301247188024,0.0,0.0,0.0,0.0,0.0,18473,global,0.0
5,2,lr5e-05_bs8_drop0p4_temp1p0_a0p25_b0p05__wd1e-04trmiss0_degmodglobal,8,5e-05,0.0001,0.4,1.0,0.25,0.05,lr5e-05_bs8_drop0p4_temp1p0_a0p25_b0p05__wd1e-04trmiss0_degmodglobal,3,0.6886916330882481,0.691937655210495,0.4444444444444444,0.6281857031857032,0.5,0.0,0.6528917721339634,0.6622908711433411,0.06540479670677866,0.2009909919330052,0.0,0.0,0.0,0.0,0.0,18473,global,0.0
5,2,lr5e-05_bs8_drop0p4_temp1p0_a0p25_b0p05__wd1e-04trmiss0_degmodglobal,8,5e-05,0.0001,0.4,1.0,0.25,0.05,lr5e-05_bs8_drop0p4_temp1p0_a0p25_b0p05__wd1e-04trmiss0_degmodglobal,4,0.6577613013131278,0.6897648870944977,0.39999999999999997,0.6064925814925816,0.5,0.0,0.6315097383090428,0.6391750574111938,0.04561409434037549,0.14365444970982416,0.0,0.0,0.0,0.0,0.0,18473,global,0.0
5,2,lr5e-05_bs8_drop0p4_temp1p0_a0p25_b0p05__wd1e-04trmiss0_degmodglobal,8,5e-05,0.0001,0.4,1.0,0.25,0.05,lr5e-05_bs8_drop0p4_temp1p0_a0p25_b0p05__wd1e-04trmiss0_degmodglobal,5,0.6449261137417385,0.6955508589744568,0.4666666666666666,0.6355931105931106,0.5714285714285714,0.0,0.6370156066758292,0.6186527439526149,0.06994302357946124,0.17575207884822572,0.0,0.0,0.0,0.0,0.0,18473,global,0.0
5,2,lr5e-05_bs8_drop0p4_temp1p0_a0p25_b0p05__wd1e-04trmiss0_degmodglobal,8,5e-05,0.0001,0.4,1.0,0.25,0.05,lr5e-05_bs8_drop0p4_temp1p0_a0p25_b0p05__wd1e-04trmiss0_degmodglobal,6,0.6649723734174456,0.7003256678581238,0.4666666666666666,0.6355931105931106,0.5,0.0,0.6126844031470162,0.6398722018514361,0.06345897620277745,0.1847087876605136,0.0,0.0,0.0,0.0,0.0,18473,global,0.0
5,2,lr5e-05_bs8_drop0p4_temp1p0_a0p25_b0p05__wd1e-04trmiss0_degmodglobal,8,5e-05,0.0001,0.4,1.0,0.25,0.05,lr5e-05_bs8_drop0p4_temp1p0_a0p25_b0p05__wd1e-04trmiss0_degmodglobal,7,0.6537067890167236,0.6999621093273163,0.4666666666666666,0.6355931105931106,0.5,0.0,0.5983436107635498,0.6268062506403241,0.07271588620330606,0.174431273846754,0.0,0.0,0.0,0.0,0.0,18473,global,0.0
5,2,lr5e-05_bs8_drop0p4_temp1p0_a0p25_b0p05__wd1e-04trmiss0_degmodglobal,8,5e-05,0.0001,0.4,1.0,0.25,0.05,lr5e-05_bs8_drop0p4_temp1p0_a0p25_b0p05__wd1e-04trmiss0_degmodglobal,8,0.6525108899388995,0.7027614712715149,0.4444444444444444,0.6281857031857032,0.5,0.0,0.5918860520635333,0.6196282250540597,0.07553037362439292,0.2800015402691705,0.0,0.0,0.0,0.0,0.0,18473,global,0.0
5,2,lr5e-05_bs8_drop0p4_temp1p0_a0p25_b0p05__wd1e-04trmiss0_degmodglobal,8,5e-05,0.0001,0.4,1.0,0.25,0.05,lr5e-05_bs8_drop0p4_temp1p0_a0p25_b0p05__wd1e-04trmiss0_degmodglobal,9,0.6106124435152326,0.701544463634491,0.4444444444444444,0.6326118326118326,0.5,0.0,0.5849686733313969,0.5786596366337368,0.08237342323575701,0.2271886020898819,0.0,0.0,0.0,0.0,0.0,18473,global,0.0
5,2,lr5e-05_bs8_drop0p4_temp1p0_a0p25_b0p05__wd1e-04trmiss0_degmodglobal,8,5e-05,0.0001,0.4,1.0,0.25,0.05,lr5e-05_bs8_drop0p4_temp1p0_a0p25_b0p05__wd1e-04trmiss0_degmodglobal,10,0.6437786562102181,0.7032856643199921,0.4444444444444444,0.6326118326118326,0.5,0.0,0.5814116043703896,0.6157984137535095,0.06984910741448402,0.21035949885845184,0.0,0.0,0.0,0.0,0.0,18473,global,0.0
5,2,lr5e-05_bs8_drop0p4_temp1p0_a0p25_b0p05__wd1e-04trmiss0_degmodglobal,8,5e-05,0.0001,0.4,1.0,0.25,0.05,lr5e-05_bs8_drop0p4_temp1p0_a0p25_b0p05__wd1e-04trmiss0_degmodglobal,11,0.6039576189858573,0.6986141204833984,0.4666666666666666,0.6381063381063381,0.5,0.0,0.5580832958221436,0.5799658468791417,0.059580384620598385,0.18193363504750387,0.0,0.0,0.0,0.0,0.0,18473,global,0.0
5,2,lr5e-05_bs8_drop0p4_temp1p0_a0p25_b0p05__wd1e-04trmiss0_degmodglobal,8,5e-05,0.0001,0.4,1.0,0.25,0.05,lr5e-05_bs8_drop0p4_temp1p0_a0p25_b0p05__wd1e-04trmiss0_degmodglobal,12,0.6023781512464795,0.700844407081604,0.4666666666666666,0.6381063381063381,0.42857142857142855,0.0,0.555715160710471,0.5643088519573212,0.09818382774080549,0.2704669343573706,0.0,0.0,0.0,0.0,0.0,18473,global,0.0
5,2,lr5e-05_bs8_drop0p4_temp1p0_a0p25_b0p05__wd1e-04trmiss0_degmodglobal,8,5e-05,0.0001,0.4,1.0,0.25,0.05,lr5e-05_bs8_drop0p4_temp1p0_a0p25_b0p05__wd1e-04trmiss0_degmodglobal,13,0.6019731504576546,0.7000092566013336,0.4666666666666666,0.6381063381063381,0.5,0.0,0.5698162530149732,0.5707188163484845,0.08493300474115781,0.20042172074317932,0.0,0.0,0.0,0.0,0.0,18473,global,0.0
5,2,lr5e-05_bs8_drop0p4_temp1p0_a0p25_b0p05__wd1e-04trmiss0_degmodglobal,8,5e-05,0.0001,0.4,1.0,0.25,0.05,lr5e-05_bs8_drop0p4_temp1p0_a0p25_b0p05__wd1e-04trmiss0_degmodglobal,14,0.6240778565406799,0.6990261971950531,0.4666666666666666,0.6381063381063381,0.42857142857142855,0.0,0.5726330195154462,0.5892847946711949,0.08639928645321301,0.2638647662741797,0.0,0.0,0.0,0.0,0.0,18473,global,0.0
5,2,lr5e-05_bs8_drop0p4_temp1p0_a0p25_b0p05__wd1e-04trmiss0_degmodglobal,8,5e-05,0.0001,0.4,1.0,0.25,0.05,lr5e-05_bs8_drop0p4_temp1p0_a0p25_b0p05__wd1e-04trmiss0_degmodglobal,15,0.6250161358288356,0.7053419351577759,0.42222222222222217,0.6140933140933141,0.5,0.0,0.5309733833585467,0.5987071565219334,0.07041784535561289,0.17409080692699977,0.0,0.0,0.0,0.0,0.0,18473,global,0.0
5,2,lr5e-05_bs8_drop0p4_temp1p0_a0p25_b0p05__wd1e-04trmiss0_degmodglobal,8,5e-05,0.0001,0.4,1.0,0.25,0.05,lr5e-05_bs8_drop0p4_temp1p0_a0p25_b0p05__wd1e-04trmiss0_degmodglobal,16,0.6035374913896833,0.7035150825977325,0.4666666666666666,0.6381063381063381,0.42857142857142855,0.0,0.5503619355814797,0.5655903049877712,0.10060728128467288,0.25590734609535765,0.0,0.0,0.0,0.0,0.0,18473,global,0.0
5,2,lr5e-05_bs8_drop0p4_temp1p0_a0p25_b0p05__wd1e-04trmiss0_degmodglobal,8,5e-05,0.0001,0.4,1.0,0.25,0.05,lr5e-05_bs8_drop0p4_temp1p0_a0p25_b0p05__wd1e-04trmiss0_degmodglobal,17,0.615097062928336,0.7020352184772491,0.42222222222222217,0.6226911976911977,0.42857142857142855,0.0,0.5530245389257159,0.5793043630463737,0.0880460473043578,0.27562382391520907,0.0,0.0,0.0,0.0,0.0,18473,global,0.0
5,2,lr5e-05_bs8_drop0p4_temp1p0_a0p25_b0p05__wd1e-04trmiss0_degmodglobal,8,5e-05,0.0001,0.4,1.0,0.25,0.05,lr5e-05_bs8_drop0p4_temp1p0_a0p25_b0p05__wd1e-04trmiss0_degmodglobal,18,0.6179998091288975,0.7010293304920197,0.42222222222222217,0.6226911976911977,0.42857142857142855,0.0,0.6223349826676505,0.5913766707692828,0.06640453955956868,0.20043997040816716,0.0,0.0,0.0,0.0,0.0,18473,global,0.0
5,2,lr5e-05_bs8_drop0p4_temp1p0_a0p25_b0p05__wd1e-04trmiss0_degmodglobal,8,5e-05,0.0001,0.4,1.0,0.25,0.05,lr5e-05_bs8_drop0p4_temp1p0_a0p25_b0p05__wd1e-04trmiss0_degmodglobal,19,0.6042012827736991,0.6995047032833099,0.42222222222222217,0.6226911976911977,0.42857142857142855,0.0,0.5524074520383563,0.5719813193593707,0.07576607487031392,0.26556861826351713,0.0,0.0,0.0,0.0,0.0,18473,global,0.0
5,2,lr5e-05_bs8_drop0p4_temp1p0_a0p25_b0p05__wd1e-04trmiss0_degmodglobal,8,5e-05,0.0001,0.4,1.0,0.25,0.05,lr5e-05_bs8_drop0p4_temp1p0_a0p25_b0p05__wd1e-04trmiss0_degmodglobal,20,0.5955354911940438,0.6985359489917755,0.42222222222222217,0.6226911976911977,0.42857142857142855,0.0,0.5372053810528347,0.5562127232551575,0.09965819226843971,0.2881644533148834,0.0,0.0,0.0,0.0,0.0,18473,global,0.0
5,2,lr5e-05_bs8_drop0p4_temp1p0_a0p25_b0p05__wd1e-04trmiss0_degmodglobal,8,5e-05,0.0001,0.4,1.0,0.25,0.05,lr5e-05_bs8_drop0p4_temp1p0_a0p25_b0p05__wd1e-04trmiss0_degmodglobal,21,0.594723037311009,0.6981690526008606,0.4444444444444444,0.6281857031857032,0.42857142857142855,0.0,0.534212487084525,0.567403759275164,0.07374487178666252,0.17766096336500986,0.0,0.0,0.0,0.0,0.0,18473,global,0.0
5,2,lr5e-05_bs8_drop0p4_temp1p0_a0p25_b0p05__wd1e-04trmiss0_degmodglobal,8,5e-05,0.0001,0.4,1.0,0.25,0.05,lr5e-05_bs8_drop0p4_temp1p0_a0p25_b0p05__wd1e-04trmiss0_degmodglobal,22,0.6207236817904881,0.6993200182914734,0.42222222222222217,0.6226911976911977,0.42857142857142855,0.0,0.5570020590509687,0.5870800954954964,0.086893266333001,0.2384054000888552,0.0,0.0,0.0,0.0,0.0,18473,global,0.0
5,2,lr5e-05_bs8_drop0p4_temp1p0_a0p25_b0p05__wd1e-04trmiss0_degmodglobal,8,5e-05,0.0001,0.4,1.0,0.25,0.05,lr5e-05_bs8_drop0p4_temp1p0_a0p25_b0p05__wd1e-04trmiss0_degmodglobal,23,0.6172730156353542,0.6956692636013031,0.42222222222222217,0.6226911976911977,0.42857142857142855,0.0,0.5427917838096619,0.5884585039956229,0.07602097067449774,0.19618508645466395,0.0,0.0,0.0,0.0,0.0,18473,global,0.0
5,2,lr5e-05_bs8_drop0p4_temp1p0_a0p25_b0p05__wd1e-04trmiss0_degmodglobal,8,5e-05,0.0001,0.4,1.0,0.25,0.05,lr5e-05_bs8_drop0p4_temp1p0_a0p25_b0p05__wd1e-04trmiss0_degmodglobal,24,0.5916964667184013,0.7008285820484161,0.42222222222222217,0.6226911976911977,0.42857142857142855,0.0,0.5280351894242423,0.5541438971246991,0.10281312838196754,0.23698578562055314,0.0,0.0,0.0,0.0,0.0,18473,global,0.0
5,2,lr5e-05_bs8_drop0p4_temp1p0_a0p25_b0p05__wd1e-04trmiss0_degmodglobal,8,5e-05,0.0001,0.4,1.0,0.25,0.05,lr5e-05_bs8_drop0p4_temp1p0_a0p25_b0p05__wd1e-04trmiss0_degmodglobal,25,0.5809105549539838,0.7038820087909698,0.39999999999999997,0.6149751483084817,0.42857142857142855,0.0,0.5226126398359027,0.548042927469526,0.09605827874370984,0.1770613911960806,0.0,0.0,0.0,0.0,0.0,18473,global,0.0
5,2,lr5e-05_bs8_drop0p4_temp2p0_a0p25_b0p05__wd1e-04trmiss0_degmodglobal,8,5e-05,0.0001,0.4,2.0,0.25,0.05,lr5e-05_bs8_drop0p4_temp2p0_a0p25_b0p05__wd1e-04trmiss0_degmodglobal,1,0.7707786560058594,0.679476410150528,0.6222222222222221,0.7984848484848486,0.6428571428571429,0.0,0.7209781408309937,0.7424928205353873,0.07061586795108658,0.21263772674969264,0.0,0.0,0.0,0.0,0.0,18473,global,0.0
5,2,lr5e-05_bs8_drop0p4_temp2p0_a0p25_b0p05__wd1e-04trmiss0_degmodglobal,8,5e-05,0.0001,0.4,2.0,0.25,0.05,lr5e-05_bs8_drop0p4_temp2p0_a0p25_b0p05__wd1e-04trmiss0_degmodglobal,2,0.7090794444084167,0.6759104132652283,0.6222222222222222,0.817977392977393,0.5,0.0,0.7002224326133728,0.6912124071802411,0.04807211299027715,0.11698020143168313,0.0,0.0,0.0,0.0,0.0,18473,global,0.0
5,2,lr5e-05_bs8_drop0p4_temp2p0_a0p25_b0p05__wd1e-04trmiss0_degmodglobal,8,5e-05,0.0001,0.4,2.0,0.25,0.05,lr5e-05_bs8_drop0p4_temp2p0_a0p25_b0p05__wd1e-04trmiss0_degmodglobal,3,0.7188153862953186,0.6721581816673279,0.6222222222222222,0.7685185185185186,0.6428571428571429,0.0,0.7030128751482282,0.6967267053467887,0.058962062533412664,0.1469630737389837,0.0,0.0,0.0,0.0,0.0,18473,global,0.0
5,2,lr5e-05_bs8_drop0p4_temp2p0_a0p25_b0p05__wd1e-04trmiss0_degmodglobal,8,5e-05,0.0001,0.4,2.0,0.25,0.05,lr5e-05_bs8_drop0p4_temp2p0_a0p25_b0p05__wd1e-04trmiss0_degmodglobal,4,0.7273643953459603,0.6721212267875671,0.6,0.7865800865800867,0.6428571428571429,0.0,0.7075300727571759,0.6926062703132629,0.0873597301542759,0.2583637535572052,0.0,0.0,0.0,0.0,0.0,18473,global,0.0
5,2,lr5e-05_bs8_drop0p4_temp2p0_a0p25_b0p05__wd1e-04trmiss0_degmodglobal,8,5e-05,0.0001,0.4,2.0,0.25,0.05,lr5e-05_bs8_drop0p4_temp2p0_a0p25_b0p05__wd1e-04trmiss0_degmodglobal,5,0.6974075777190072,0.6785680651664734,0.5777777777777777,0.7808820808820811,0.5714285714285714,0.0,0.6629648634365627,0.6605912361826215,0.0925605126789638,0.273524141737393,0.0,0.0,0.0,0.0,0.0,18473,global,0.0
5,2,lr5e-05_bs8_drop0p4_temp2p0_a0p25_b0p05__wd1e-04trmiss0_degmodglobal,8,5e-05,0.0001,0.4,2.0,0.25,0.05,lr5e-05_bs8_drop0p4_temp2p0_a0p25_b0p05__wd1e-04trmiss0_degmodglobal,6,0.6873501794678825,0.678242564201355,0.5777777777777777,0.7808820808820811,0.5714285714285714,0.0,0.6707098824637276,0.6600629942757743,0.06658236575978142,0.2128319623214858,0.0,0.0,0.0,0.0,0.0,18473,global,0.0
5,2,lr5e-05_bs8_drop0p4_temp2p0_a0p25_b0p05__wd1e-04trmiss0_degmodglobal,8,5e-05,0.0001,0.4,2.0,0.25,0.05,lr5e-05_bs8_drop0p4_temp2p0_a0p25_b0p05__wd1e-04trmiss0_degmodglobal,7,0.6815749321665082,0.6686374545097351,0.6444444444444444,0.8214285714285716,0.5714285714285714,0.0,0.695170019354139,0.6567167469433376,0.05913700056927545,0.20147890704018728,0.0,0.0,0.0,0.0,0.0,18473,global,0.0
5,2,lr5e-05_bs8_drop0p4_temp2p0_a0p25_b0p05__wd1e-04trmiss0_degmodglobal,8,5e-05,0.0001,0.4,2.0,0.25,0.05,lr5e-05_bs8_drop0p4_temp2p0_a0p25_b0p05__wd1e-04trmiss0_degmodglobal,8,0.6736430951527187,0.6676642894744873,0.6222222222222222,0.8121693121693123,0.5714285714285714,0.0,0.6469339813504901,0.6492390973227364,0.06910732441714831,0.14254311073039258,0.0,0.0,0.0,0.0,0.0,18473,global,0.0
5,2,lr5e-05_bs8_drop0p4_temp2p0_a0p25_b0p05__wd1e-04trmiss0_degmodglobal,8,5e-05,0.0001,0.4,2.0,0.25,0.05,lr5e-05_bs8_drop0p4_temp2p0_a0p25_b0p05__wd1e-04trmiss0_degmodglobal,9,0.6519248826163155,0.6709162890911102,0.6444444444444445,0.8343915343915347,0.5714285714285714,0.0,0.6509065202304295,0.6301877328327724,0.0589939970523119,0.13977292898510182,0.0,0.0,0.0,0.0,0.0,18473,global,0.0
5,2,lr5e-05_bs8_drop0p4_temp2p0_a0p25_b0p05__wd1e-04trmiss0_degmodglobal,8,5e-05,0.0001,0.4,2.0,0.25,0.05,lr5e-05_bs8_drop0p4_temp2p0_a0p25_b0p05__wd1e-04trmiss0_degmodglobal,10,0.647181110722678,0.670179694890976,0.6444444444444445,0.8343915343915347,0.5,0.0,0.6013397574424744,0.6236630763326373,0.060597347893885205,0.16737382113933563,0.0,0.0,0.0,0.0,0.0,18473,global,0.0
5,2,lr5e-05_bs8_drop0p4_temp2p0_a0p25_b0p05__wd1e-04trmiss0_degmodglobal,8,5e-05,0.0001,0.4,2.0,0.25,0.05,lr5e-05_bs8_drop0p4_temp2p0_a0p25_b0p05__wd1e-04trmiss0_degmodglobal,11,0.6218809570584979,0.6687037646770477,0.6666666666666666,0.8411255411255414,0.5,0.0,0.6265277351651873,0.59791989837374,0.061122969325099676,0.17360644681113108,0.0,0.0,0.0,0.0,0.0,18473,global,0.0
5,2,lr5e-05_bs8_drop0p4_temp2p0_a0p25_b0p05__wd1e-04trmiss0_degmodglobal,8,5e-05,0.0001,0.4,2.0,0.25,0.05,lr5e-05_bs8_drop0p4_temp2p0_a0p25_b0p05__wd1e-04trmiss0_degmodglobal,12,0.6604083776473999,0.662796139717102,0.6444444444444445,0.8278980278980279,0.5714285714285714,0.0,0.6396808283669608,0.6372401714324951,0.05760469660162926,0.17534051409789495,0.0,0.0,0.0,0.0,0.0,18473,global,0.0
5,2,lr5e-05_bs8_drop0p4_temp2p0_a0p25_b0p05__wd1e-04trmiss0_degmodglobal,8,5e-05,0.0001,0.4,2.0,0.25,0.05,lr5e-05_bs8_drop0p4_temp2p0_a0p25_b0p05__wd1e-04trmiss0_degmodglobal,13,0.6467741216932025,0.6662850975990295,0.6222222222222222,0.817977392977393,0.5714285714285714,0.0,0.5716462561062404,0.621127188205719,0.06240726714687688,0.20090228957789286,0.0,0.0,0.0,0.0,0.0,18473,global,0.0
5,2,lr5e-05_bs8_drop0p4_temp2p0_a0p25_b0p05__wd1e-04trmiss0_degmodglobal,8,5e-05,0.0001,0.4,2.0,0.25,0.05,lr5e-05_bs8_drop0p4_temp2p0_a0p25_b0p05__wd1e-04trmiss0_degmodglobal,14,0.6530422568321228,0.6673935353755951,0.6222222222222222,0.817977392977393,0.5,0.0,0.6243335178920201,0.6304808940206256,0.06151277784790311,0.14366337550537928,0.0,0.0,0.0,0.0,0.0,18473,global,0.0
5,2,lr5e-05_bs8_drop0p4_temp2p0_a0p25_b0p05__wd1e-04trmiss0_degmodglobal,8,5e-05,0.0001,0.4,2.0,0.25,0.05,lr5e-05_bs8_drop0p4_temp2p0_a0p25_b0p05__wd1e-04trmiss0_degmodglobal,15,0.6040589468819755,0.6685531437397003,0.6222222222222222,0.817977392977393,0.5714285714285714,0.0,0.5986147820949554,0.5815332446779523,0.0641491636633873,0.12976817467382976,0.0,0.0,0.0,0.0,0.0,18473,global,0.0
5,2,lr5e-05_bs8_drop0p4_temp2p0_a0p25_b0p05__wd1e-04trmiss0_degmodglobal,8,5e-05,0.0001,0.4,2.0,0.25,0.05,lr5e-05_bs8_drop0p4_temp2p0_a0p25_b0p05__wd1e-04trmiss0_degmodglobal,16,0.638053332056318,0.6692803204059601,0.6666666666666666,0.8411255411255414,0.5714285714285714,0.0,0.5900679528713226,0.614424467086792,0.06073962152004242,0.1688789842384202,0.0,0.0,0.0,0.0,0.0,18473,global,0.0
5,2,lr5e-05_bs8_drop0p4_temp2p0_a0p25_b0p05__wd1e-04trmiss0_degmodglobal,8,5e-05,0.0001,0.4,2.0,0.25,0.05,lr5e-05_bs8_drop0p4_temp2p0_a0p25_b0p05__wd1e-04trmiss0_degmodglobal,17,0.6383707778794425,0.6677317023277283,0.6,0.7957551707551709,0.5714285714285714,0.0,0.6095043761389596,0.6146585260118756,0.05985212166394506,0.174984553030559,0.0,0.0,0.0,0.0,0.0,18473,global,0.0
5,2,lr5e-05_bs8_drop0p4_temp2p0_a0p25_b0p05__wd1e-04trmiss0_degmodglobal,8,5e-05,0.0001,0.4,2.0,0.25,0.05,lr5e-05_bs8_drop0p4_temp2p0_a0p25_b0p05__wd1e-04trmiss0_degmodglobal,18,0.6084701248577663,0.674602210521698,0.5333333333333333,0.7541726791726793,0.42857142857142855,0.0,0.5890119331223624,0.588082994733538,0.054149621831519265,0.13699454814195633,0.0,0.0,0.0,0.0,0.0,18473,global,0.0
5,2,lr5e-05_bs8_drop0p4_temp2p0_a0p25_b0p05__wd1e-04trmiss0_degmodglobal,8,5e-05,0.0001,0.4,2.0,0.25,0.05,lr5e-05_bs8_drop0p4_temp2p0_a0p25_b0p05__wd1e-04trmiss0_degmodglobal,19,0.599931538105011,0.6754940748214722,0.5777777777777777,0.7711640211640214,0.5,0.0,0.5916968924658639,0.5763802443231855,0.05924253538250923,0.17481284801449096,0.0,0.0,0.0,0.0,0.0,18473,global,0.0
5,2,lr5e-05_bs8_drop0p4_temp2p0_a0p25_b0p05__wd1e-04trmiss0_degmodglobal,8,5e-05,0.0001,0.4,2.0,0.25,0.05,lr5e-05_bs8_drop0p4_temp2p0_a0p25_b0p05__wd1e-04trmiss0_degmodglobal,20,0.632120396409716,0.6739869117736816,0.5777777777777777,0.7918710918710921,0.5714285714285714,0.0,0.5775917768478394,0.5890514169420514,0.10698253022772926,0.3264669009617397,0.0,0.0,0.0,0.0,0.0,18473,global,0.0
5,2,lr5e-05_bs8_drop0p4_temp2p0_a0p25_b0p05__wd1e-04trmiss0_degmodglobal,8,5e-05,0.0001,0.4,2.0,0.25,0.05,lr5e-05_bs8_drop0p4_temp2p0_a0p25_b0p05__wd1e-04trmiss0_degmodglobal,21,0.6007029414176941,0.6715073585510254,0.6,0.7989417989417991,0.5714285714285714,0.0,0.5759602274213519,0.5795981713703701,0.053377558078084676,0.15520723376955306,0.0,0.0,0.0,0.0,0.0,18473,global,0.0
5,2,lr5e-05_bs8_drop0p4_temp2p0_a0p25_b0p05__wd1e-04trmiss0_degmodglobal,8,5e-05,0.0001,0.4,2.0,0.25,0.05,lr5e-05_bs8_drop0p4_temp2p0_a0p25_b0p05__wd1e-04trmiss0_degmodglobal,22,0.6301164967673165,0.6717101037502289,0.5777777777777777,0.7841269841269842,0.5714285714285714,0.0,0.5868292110306876,0.5997210315295628,0.07726495712995529,0.2215845925467355,0.0,0.0,0.0,0.0,0.0,18473,global,0.0
5,2,lr5e-05_bs8_drop0p4_temp2p0_a0p25_b0p05__wd1e-04trmiss0_degmodglobal,8,5e-05,0.0001,0.4,2.0,0.25,0.05,lr5e-05_bs8_drop0p4_temp2p0_a0p25_b0p05__wd1e-04trmiss0_degmodglobal,23,0.6212044954299927,0.6661804020404816,0.6222222222222222,0.8082010582010584,0.5714285714285714,0.0,0.5277166451726641,0.5870398623602731,0.0929614326783589,0.21848527767828532,0.0,0.0,0.0,0.0,0.0,18473,global,0.0
5,2,lr5e-05_bs8_drop0p4_temp2p0_a0p25_b0p05__wd1e-04trmiss0_degmodglobal,8,5e-05,0.0001,0.4,2.0,0.25,0.05,lr5e-05_bs8_drop0p4_temp2p0_a0p25_b0p05__wd1e-04trmiss0_degmodglobal,24,0.6582002469471523,0.6662187874317169,0.6444444444444444,0.8304232804232805,0.5714285714285714,0.0,0.5787724511963981,0.6213422417640686,0.08644508676869529,0.30493479647806715,0.0,0.0,0.0,0.0,0.0,18473,global,0.0
5,2,lr5e-05_bs8_drop0p4_temp2p0_a0p25_b0p05__wd1e-04trmiss0_degmodglobal,8,5e-05,0.0001,0.4,2.0,0.25,0.05,lr5e-05_bs8_drop0p4_temp2p0_a0p25_b0p05__wd1e-04trmiss0_degmodglobal,25,0.6297106742858887,0.6650791764259338,0.6444444444444445,0.8278980278980279,0.6428571428571429,0.0,0.5834303072520665,0.6008022683007377,0.07213902420231275,0.21747295558452606,0.0,0.0,0.0,0.0,0.0,18473,global,0.0
5,2,lr5e-05_bs8_drop0p4_temp2p0_a0p25_b0p05__wd1e-04trmiss0_degmodglobal,8,5e-05,0.0001,0.4,2.0,0.25,0.05,lr5e-05_bs8_drop0p4_temp2p0_a0p25_b0p05__wd1e-04trmiss0_degmodglobal,26,0.6166816779545375,0.6694998741149902,0.6222222222222222,0.817977392977393,0.5714285714285714,0.0,0.5262953766754696,0.5879272477967399,0.07938628005129951,0.178157134779862,0.0,0.0,0.0,0.0,0.0,18473,global,0.0
5,2,lr5e-05_bs8_drop0p4_temp2p0_a0p25_b0p05__wd1e-04trmiss0_degmodglobal,8,5e-05,0.0001,0.4,2.0,0.25,0.05,lr5e-05_bs8_drop0p4_temp2p0_a0p25_b0p05__wd1e-04trmiss0_degmodglobal,27,0.5922766668455941,0.6747805178165436,0.6,0.7957551707551709,0.5,0.0,0.5523568306650434,0.5655674168041774,0.07888448983430862,0.13976275441902025,0.0,0.0,0.0,0.0,0.0,18473,global,0.0
5,2,lr5e-05_bs8_drop0p4_temp2p0_a0p25_b0p05__wd1e-04trmiss0_degmodglobal,8,5e-05,0.0001,0.4,2.0,0.25,0.05,lr5e-05_bs8_drop0p4_temp2p0_a0p25_b0p05__wd1e-04trmiss0_degmodglobal,28,0.5931199703897748,0.6745121479034424,0.6,0.7778980278980281,0.5,0.0,0.5622818214552743,0.5615238717624119,0.08671135029622487,0.19836536475590297,0.0,0.0,0.0,0.0,0.0,18473,global,0.0
5,2,lr5e-05_bs8_drop0p4_temp2p0_a0p25_b0p05__wd1e-04trmiss0_degmodglobal,8,5e-05,0.0001,0.4,2.0,0.25,0.05,lr5e-05_bs8_drop0p4_temp2p0_a0p25_b0p05__wd1e-04trmiss0_degmodglobal,29,0.6196226562772479,0.6748554408550262,0.6,0.7957551707551709,0.5,0.0,0.5211404136248997,0.5857940571648734,0.09190401115587779,0.21705188070024764,0.0,0.0,0.0,0.0,0.0,18473,global,0.0
5,2,lr5e-05_bs8_drop0p4_temp2p0_a0p25_b0p05__wd1e-04trmiss0_degmodglobal,8,5e-05,0.0001,0.4,2.0,0.25,0.05,lr5e-05_bs8_drop0p4_temp2p0_a0p25_b0p05__wd1e-04trmiss0_degmodglobal,30,0.6053641183035714,0.6746012568473816,0.6222222222222222,0.817977392977393,0.5,0.0,0.5542323759623936,0.5689093726021903,0.09866520549569811,0.23576864440526282,0.0,0.0,0.0,0.0,0.0,18473,global,0.0
5,2,lr5e-05_bs8_drop0p4_temp2p0_a0p25_b0p05__wd1e-04trmiss0_degmodglobal,8,5e-05,0.0001,0.4,2.0,0.25,0.05,lr5e-05_bs8_drop0p4_temp2p0_a0p25_b0p05__wd1e-04trmiss0_degmodglobal,31,0.6230199251856122,0.6730402112007141,0.6222222222222222,0.8056758056758058,0.5,0.0,0.5452670242105212,0.5908498338290623,0.09229205761637006,0.1819417742746217,0.0,0.0,0.0,0.0,0.0,18473,global,0.0
5,2,lr1e-05_bs8_drop0p2_temp1p0_a0p25_b0p05__wd1e-04trmiss0_degmodglobal,8,1e-05,0.0001,0.2,1.0,0.25,0.05,lr1e-05_bs8_drop0p2_temp1p0_a0p25_b0p05__wd1e-04trmiss0_degmodglobal,1,0.7203095214707511,0.6955884099006653,0.39999999999999997,0.7037175787175787,0.35714285714285715,0.0,0.7000817997114999,0.7068279726164681,0.03649261726864746,0.08716783326651369,0.0,0.0,0.0,0.0,0.0,18473,global,0.0
5,2,lr1e-05_bs8_drop0p2_temp1p0_a0p25_b0p05__wd1e-04trmiss0_degmodglobal,8,1e-05,0.0001,0.2,1.0,0.25,0.05,lr1e-05_bs8_drop0p2_temp1p0_a0p25_b0p05__wd1e-04trmiss0_degmodglobal,2,0.7089519841330392,0.6968700885772705,0.39999999999999997,0.7037175787175787,0.35714285714285715,0.0,0.6945742453847613,0.6988159077508109,0.028487927679504668,0.060281717351504734,0.0,0.0,0.0,0.0,0.0,18473,global,0.0
5,2,lr1e-05_bs8_drop0p2_temp1p0_a0p25_b0p05__wd1e-04trmiss0_degmodglobal,8,1e-05,0.0001,0.2,1.0,0.25,0.05,lr1e-05_bs8_drop0p2_temp1p0_a0p25_b0p05__wd1e-04trmiss0_degmodglobal,3,0.6985200643539429,0.6990188360214233,0.4444444444444444,0.7375559625559627,0.35714285714285715,0.0,0.6969613773482186,0.6856758679662432,0.036697261833718846,0.0733979269862175,0.0,0.0,0.0,0.0,0.0,18473,global,0.0
5,2,lr1e-05_bs8_drop0p2_temp1p0_a0p25_b0p05__wd1e-04trmiss0_degmodglobal,8,1e-05,0.0001,0.2,1.0,0.25,0.05,lr1e-05_bs8_drop0p2_temp1p0_a0p25_b0p05__wd1e-04trmiss0_degmodglobal,4,0.7008111647197178,0.7006305754184723,0.42222222222222217,0.7298399131732467,0.35714285714285715,0.0,0.6934864265578133,0.6895364778382438,0.03298652597836086,0.06056094967893192,0.0,0.0,0.0,0.0,0.0,18473,global,0.0
5,2,lr1e-05_bs8_drop0p2_temp1p0_a0p25_b0p05__wd1e-04trmiss0_degmodglobal,8,1e-05,0.0001,0.2,1.0,0.25,0.05,lr1e-05_bs8_drop0p2_temp1p0_a0p25_b0p05__wd1e-04trmiss0_degmodglobal,5,0.6987536549568176,0.7034693956375122,0.39999999999999997,0.7219034052367386,0.35714285714285715,0.0,0.7022594213485718,0.6856964656284877,0.035488980157034736,0.08369868780885424,0.0,0.0,0.0,0.0,0.0,18473,global,0.0
5,2,lr1e-05_bs8_drop0p2_temp1p0_a0p25_b0p05__wd1e-04trmiss0_degmodglobal,8,1e-05,0.0001,0.2,1.0,0.25,0.05,lr1e-05_bs8_drop0p2_temp1p0_a0p25_b0p05__wd1e-04trmiss0_degmodglobal,6,0.6843262314796448,0.7024972140789032,0.42222222222222217,0.7277956611289946,0.42857142857142855,0.0,0.6731997813497271,0.6726318001747131,0.033738650647657256,0.06519535539804824,0.0,0.0,0.0,0.0,0.0,18473,global,0.0
5,2,lr1e-05_bs8_drop0p2_temp1p0_a0p25_b0p05__wd1e-04trmiss0_degmodglobal,8,1e-05,0.0001,0.2,1.0,0.25,0.05,lr1e-05_bs8_drop0p2_temp1p0_a0p25_b0p05__wd1e-04trmiss0_degmodglobal,7,0.6564706138202122,0.7023926377296448,0.39999999999999997,0.7000178833512167,0.42857142857142855,0.0,0.692527345248631,0.643427814756121,0.035411665216088295,0.08379772997328214,0.0,0.0,0.0,0.0,0.0,18473,global,0.0
5,2,lr1e-05_bs8_drop0p2_temp1p0_a0p25_b0p05__wd1e-04trmiss0_degmodglobal,8,1e-05,0.0001,0.2,1.0,0.25,0.05,lr1e-05_bs8_drop0p2_temp1p0_a0p25_b0p05__wd1e-04trmiss0_degmodglobal,8,0.6793599469321114,0.7067421972751617,0.39999999999999997,0.7000178833512167,0.42857142857142855,0.0,0.6690461976187569,0.6660316841942924,0.03673748193042619,0.08287770101534468,0.0,0.0,0.0,0.0,0.0,18473,global,0.0
5,2,lr1e-05_bs8_drop0p2_temp1p0_a0p25_b0p05__wd1e-04trmiss0_degmodglobal,8,1e-05,0.0001,0.2,1.0,0.25,0.05,lr1e-05_bs8_drop0p2_temp1p0_a0p25_b0p05__wd1e-04trmiss0_degmodglobal,9,0.6734028799193246,0.7049753963947296,0.39999999999999997,0.7000178833512167,0.42857142857142855,0.0,0.6658653276307243,0.660172198499952,0.03673014949475016,0.08096273283341102,0.0,0.0,0.0,0.0,0.0,18473,global,0.0
5,2,lr1e-05_bs8_drop0p2_temp1p0_a0p25_b0p05__wd1e-04trmiss0_degmodglobal,8,1e-05,0.0001,0.2,1.0,0.25,0.05,lr1e-05_bs8_drop0p2_temp1p0_a0p25_b0p05__wd1e-04trmiss0_degmodglobal,10,0.6791033063616071,0.7067132592201233,0.42222222222222217,0.7079543912877246,0.42857142857142855,0.0,0.666040871824537,0.6655432411602565,0.03602859377861023,0.0910581685602665,0.0,0.0,0.0,0.0,0.0,18473,global,0.0
5,2,lr1e-05_bs8_drop0p2_temp1p0_a0p25_b0p05__wd1e-04trmiss0_degmodglobal,8,1e-05,0.0001,0.2,1.0,0.25,0.05,lr1e-05_bs8_drop0p2_temp1p0_a0p25_b0p05__wd1e-04trmiss0_degmodglobal,11,0.6507763351712909,0.7081192433834076,0.4444444444444444,0.7357321690655025,0.42857142857142855,0.0,0.6862056170191083,0.6351723160062518,0.03894668524818761,0.11734713028584208,0.0,0.0,0.0,0.0,0.0,18473,global,0.0
5,2,lr1e-05_bs8_drop0p2_temp1p0_a0p25_b0p05__wd1e-04trmiss0_degmodglobal,8,1e-05,0.0001,0.2,1.0,0.25,0.05,lr1e-05_bs8_drop0p2_temp1p0_a0p25_b0p05__wd1e-04trmiss0_degmodglobal,12,0.6691043717520577,0.7079547047615051,0.4666666666666667,0.746314179647513,0.42857142857142855,0.0,0.6737229313169207,0.6569579243659973,0.033912679446595054,0.07336559040205819,0.0,0.0,0.0,0.0,0.0,18473,global,0.0
5,2,lr1e-05_bs8_drop0p2_temp1p0_a0p25_b0p05__wd1e-04trmiss0_degmodglobal,8,1e-05,0.0001,0.2,1.0,0.25,0.05,lr1e-05_bs8_drop0p2_temp1p0_a0p25_b0p05__wd1e-04trmiss0_degmodglobal,13,0.6711002928870065,0.7083523869514465,0.4666666666666667,0.746314179647513,0.42857142857142855,0.0,0.6446650113378253,0.6576225587299892,0.03750625465597425,0.08202318767351764,0.0,0.0,0.0,0.0,0.0,18473,global,0.0
5,2,lr1e-05_bs8_drop0p2_temp1p0_a0p25_b0p05__wd1e-04trmiss0_degmodglobal,8,1e-05,0.0001,0.2,1.0,0.25,0.05,lr1e-05_bs8_drop0p2_temp1p0_a0p25_b0p05__wd1e-04trmiss0_degmodglobal,14,0.6620220286505563,0.71010622382164,0.4444444444444444,0.7185364018697351,0.42857142857142855,0.0,0.6796013712882996,0.6476251653262547,0.04269499664327928,0.07446250558963843,0.0,0.0,0.0,0.0,0.0,18473,global,0.0
5,2,lr1e-05_bs8_drop0p2_temp1p0_a0p25_b0p05__wd1e-04trmiss0_degmodglobal,8,1e-05,0.0001,0.2,1.0,0.25,0.05,lr1e-05_bs8_drop0p2_temp1p0_a0p25_b0p05__wd1e-04trmiss0_degmodglobal,15,0.65269045318876,0.7115039825439453,0.42222222222222217,0.7079543912877246,0.42857142857142855,0.0,0.6580690571240017,0.6426011749676296,0.02804599343133824,0.06155530396582825,0.0,0.0,0.0,0.0,0.0,18473,global,0.0
5,2,lr1e-05_bs8_drop0p2_temp1p0_a0p25_b0p05__wd1e-04trmiss0_degmodglobal,8,1e-05,0.0001,0.2,1.0,0.25,0.05,lr1e-05_bs8_drop0p2_temp1p0_a0p25_b0p05__wd1e-04trmiss0_degmodglobal,16,0.6675293530736651,0.7091169357299805,0.4666666666666667,0.746314179647513,0.42857142857142855,0.0,0.6598425422395978,0.6520497628620693,0.04355315677821636,0.09182596845286232,0.0,0.0,0.0,0.0,0.0,18473,global,0.0
5,2,lr1e-05_bs8_drop0p2_temp1p0_a0p25_b0p05__wd1e-04trmiss0_degmodglobal,8,1e-05,0.0001,0.2,1.0,0.25,0.05,lr1e-05_bs8_drop0p2_temp1p0_a0p25_b0p05__wd1e-04trmiss0_degmodglobal,17,0.6639675668307713,0.7093995213508606,0.4666666666666667,0.746314179647513,0.42857142857142855,0.0,0.6692963412829808,0.6517502410071236,0.0344423380281244,0.07213480584323406,0.0,0.0,0.0,0.0,0.0,18473,global,0.0
5,2,lr1e-05_bs8_drop0p2_temp1p0_a0p25_b0p05__wd1e-04trmiss0_degmodglobal,8,1e-05,0.0001,0.2,1.0,0.25,0.05,lr1e-05_bs8_drop0p2_temp1p0_a0p25_b0p05__wd1e-04trmiss0_degmodglobal,18,0.6599769847733634,0.7076459228992462,0.4444444444444444,0.7357321690655025,0.42857142857142855,0.0,0.6582110524177551,0.6487192596708026,0.02936167163508279,0.07834638974496297,0.0,0.0,0.0,0.0,0.0,18473,global,0.0
5,2,lr1e-05_bs8_drop0p2_temp1p0_a0p25_b0p05__wd1e-04trmiss0_degmodglobal,8,1e-05,0.0001,0.2,1.0,0.25,0.05,lr1e-05_bs8_drop0p2_temp1p0_a0p25_b0p05__wd1e-04trmiss0_degmodglobal,19,0.6453614064625331,0.7081757187843323,0.4444444444444444,0.7357321690655025,0.42857142857142855,0.0,0.6438113025256565,0.6331875494548252,0.03408533015421459,0.07305036352149077,0.0,0.0,0.0,0.0,0.0,18473,global,0.0
5,2,lr1e-05_bs8_drop0p2_temp1p0_a0p25_b0p05__wd1e-04trmiss0_degmodglobal,8,1e-05,0.0001,0.2,1.0,0.25,0.05,lr1e-05_bs8_drop0p2_temp1p0_a0p25_b0p05__wd1e-04trmiss0_degmodglobal,20,0.6708943247795105,0.7076481580734253,0.4666666666666667,0.7434482184482185,0.42857142857142855,0.0,0.6522263288497925,0.657582870551518,0.03626118866460664,0.08492315507360867,0.0,0.0,0.0,0.0,0.0,18473,global,0.0
5,2,lr1e-05_bs8_drop0p2_temp1p0_a0p25_b0p05__wd1e-04trmiss0_degmodglobal,8,1e-05,0.0001,0.2,1.0,0.25,0.05,lr1e-05_bs8_drop0p2_temp1p0_a0p25_b0p05__wd1e-04trmiss0_degmodglobal,21,0.6511543222836086,0.7087289690971375,0.4444444444444444,0.7095857845857847,0.42857142857142855,0.0,0.6409803288323539,0.63660843031747,0.039864909169929366,0.09159312131149429,0.0,0.0,0.0,0.0,0.0,18473,global,0.0
5,2,lr1e-05_bs8_drop0p2_temp1p0_a0p25_b0p05__wd1e-04trmiss0_degmodglobal,8,1e-05,0.0001,0.2,1.0,0.25,0.05,lr1e-05_bs8_drop0p2_temp1p0_a0p25_b0p05__wd1e-04trmiss0_degmodglobal,22,0.6459753428186689,0.7087967991828918,0.48888888888888893,0.7540302290302292,0.42857142857142855,0.0,0.6442821025848389,0.6309299894741603,0.043879278536353795,0.0815107524394989,0.0,0.0,0.0,0.0,0.0,18473,global,0.0
5,2,lr1e-05_bs8_drop0p2_temp1p0_a0p25_b0p05__wd1e-04trmiss0_degmodglobal,8,1e-05,0.0001,0.2,1.0,0.25,0.05,lr1e-05_bs8_drop0p2_temp1p0_a0p25_b0p05__wd1e-04trmiss0_degmodglobal,23,0.6562767199107579,0.710946649312973,0.4666666666666667,0.7262524512524513,0.42857142857142855,0.0,0.6430329935891288,0.642836698463985,0.03818656105015959,0.07786735120628561,0.0,0.0,0.0,0.0,0.0,18473,global,0.0
5,2,lr1e-05_bs8_drop0p2_temp1p0_a0p25_b0p05__wd1e-04trmiss0_degmodglobal,8,1e-05,0.0001,0.2,1.0,0.25,0.05,lr1e-05_bs8_drop0p2_temp1p0_a0p25_b0p05__wd1e-04trmiss0_degmodglobal,24,0.6638123137610299,0.7114251554012299,0.4444444444444444,0.6824693824693824,0.42857142857142855,0.0,0.6588282074247088,0.6499764323234558,0.03923772594758442,0.08052943806563105,0.0,0.0,0.0,0.0,0.0,18473,global,0.0
5,2,lr1e-05_bs8_drop0p2_temp1p0_a0p25_b0p05__wd1e-04trmiss0_degmodglobal,8,1e-05,0.0001,0.2,1.0,0.25,0.05,lr1e-05_bs8_drop0p2_temp1p0_a0p25_b0p05__wd1e-04trmiss0_degmodglobal,25,0.661193311214447,0.7113796472549438,0.4444444444444444,0.7095857845857847,0.42857142857142855,0.0,0.6504375338554382,0.6482973524502346,0.03402365850550788,0.08780101447233132,0.0,0.0,0.0,0.0,0.0,18473,global,0.0
5,2,lr1e-05_bs8_drop0p2_temp1p0_a0p25_b0p05__wd1e-04trmiss0_degmodglobal,8,1e-05,0.0001,0.2,1.0,0.25,0.05,lr1e-05_bs8_drop0p2_temp1p0_a0p25_b0p05__wd1e-04trmiss0_degmodglobal,26,0.6457896828651428,0.7100802361965179,0.48888888888888893,0.7361730861730862,0.42857142857142855,0.0,0.6251000506537301,0.631930981363569,0.04078330631767001,0.07325783957328115,0.0,0.0,0.0,0.0,0.0,18473,global,0.0
5,2,lr1e-05_bs8_drop0p2_temp1p0_a0p25_b0p05__wd1e-04trmiss0_degmodglobal,8,1e-05,0.0001,0.2,1.0,0.25,0.05,lr1e-05_bs8_drop0p2_temp1p0_a0p25_b0p05__wd1e-04trmiss0_degmodglobal,27,0.6561975138528007,0.7113410830497742,0.42222222222222217,0.6786334036334036,0.42857142857142855,0.0,0.6334812385695321,0.6436178939683097,0.03699836986405509,0.06660040547805172,0.0,0.0,0.0,0.0,0.0,18473,global,0.0
5,2,lr1e-05_bs8_drop0p2_temp1p0_a0p25_b0p05__wd1e-04trmiss0_degmodglobal,8,1e-05,0.0001,0.2,1.0,0.25,0.05,lr1e-05_bs8_drop0p2_temp1p0_a0p25_b0p05__wd1e-04trmiss0_degmodglobal,28,0.6596755385398865,0.7087497115135193,0.4444444444444444,0.7095857845857847,0.42857142857142855,0.0,0.6214959025382996,0.6477565850530352,0.03456438199750015,0.06555719088230814,0.0,0.0,0.0,0.0,0.0,18473,global,0.0
5,2,lr1e-05_bs8_drop0p2_temp1p0_a0p25_b0p05__wd1e-04trmiss0_degmodglobal,8,1e-05,0.0001,0.2,1.0,0.25,0.05,lr1e-05_bs8_drop0p2_temp1p0_a0p25_b0p05__wd1e-04trmiss0_degmodglobal,29,0.6468680160386222,0.7109307646751404,0.4,0.6959774793108127,0.42857142857142855,0.0,0.6219589029039655,0.6314776710101536,0.04089395302746977,0.10333699413708278,0.0,0.0,0.0,0.0,0.0,18473,global,0.0
5,2,lr1e-05_bs8_drop0p2_temp1p0_a0p25_b0p05__wd1e-04trmiss0_degmodglobal,8,1e-05,0.0001,0.2,1.0,0.25,0.05,lr1e-05_bs8_drop0p2_temp1p0_a0p25_b0p05__wd1e-04trmiss0_degmodglobal,30,0.6684917211532593,0.710769534111023,0.39999999999999997,0.7020621353954688,0.42857142857142855,0.0,0.6174107279096331,0.6551502261843,0.03418445746813502,0.09590737628085273,0.0,0.0,0.0,0.0,0.0,18473,global,0.0
5,2,lr1e-05_bs8_drop0p2_temp1p0_a0p25_b0p05__wd1e-04trmiss0_degmodglobal,8,1e-05,0.0001,0.2,1.0,0.25,0.05,lr1e-05_bs8_drop0p2_temp1p0_a0p25_b0p05__wd1e-04trmiss0_degmodglobal,31,0.6598830478531974,0.7110501825809479,0.4,0.6756071089404423,0.42857142857142855,0.0,0.6396304454122271,0.6450359991618565,0.0405453909188509,0.09421435903225626,0.0,0.0,0.0,0.0,0.0,18473,global,0.0
5,2,lr1e-05_bs8_drop0p2_temp1p0_a0p25_b0p05__wd1e-04trmiss0_degmodglobal,8,1e-05,0.0001,0.2,1.0,0.25,0.05,lr1e-05_bs8_drop0p2_temp1p0_a0p25_b0p05__wd1e-04trmiss0_degmodglobal,32,0.6608709863254002,0.7101946473121643,0.4222222222222222,0.6814993648326981,0.42857142857142855,0.0,0.6162799085889544,0.6466780475207737,0.03955754318407604,0.08607094681688718,0.0,0.0,0.0,0.0,0.0,18473,global,0.0
5,2,lr1e-05_bs8_drop0p2_temp1p0_a0p25_b0p05__wd1e-04trmiss0_degmodglobal,8,1e-05,0.0001,0.2,1.0,0.25,0.05,lr1e-05_bs8_drop0p2_temp1p0_a0p25_b0p05__wd1e-04trmiss0_degmodglobal,33,0.6376762730734689,0.7104725241661072,0.4444444444444444,0.7185364018697351,0.42857142857142855,0.0,0.6208043694496155,0.6246630719729832,0.03911537916532585,0.06468678797994341,0.0,0.0,0.0,0.0,0.0,18473,global,0.0
5,2,lr1e-05_bs8_drop0p2_temp1p0_a0p25_b0p05__wd1e-04trmiss0_degmodglobal,8,1e-05,0.0001,0.2,1.0,0.25,0.05,lr1e-05_bs8_drop0p2_temp1p0_a0p25_b0p05__wd1e-04trmiss0_degmodglobal,34,0.6421237587928772,0.7079680562019348,0.4444444444444444,0.6892154142154143,0.42857142857142855,0.0,0.613026099545615,0.6270699501037598,0.038630931239042966,0.10792117406214986,0.0,0.0,0.0,0.0,0.0,18473,global,0.0
5,2,lr1e-05_bs8_drop0p2_temp1p0_a0p25_b0p05__wd1e-04trmiss0_degmodglobal,8,1e-05,0.0001,0.2,1.0,0.25,0.05,lr1e-05_bs8_drop0p2_temp1p0_a0p25_b0p05__wd1e-04trmiss0_degmodglobal,35,0.6407532095909119,0.7086708545684814,0.4666666666666667,0.7262524512524513,0.42857142857142855,0.0,0.6092629602977208,0.6248989956719535,0.045443622927580564,0.08986639284661838,0.0,0.0,0.0,0.0,0.0,18473,global,0.0
5,2,lr1e-05_bs8_drop0p2_temp1p0_a0p25_b0p05__wd1e-04trmiss0_degmodglobal,8,1e-05,0.0001,0.2,1.0,0.25,0.05,lr1e-05_bs8_drop0p2_temp1p0_a0p25_b0p05__wd1e-04trmiss0_degmodglobal,36,0.6254491124834333,0.7085875868797302,0.4666666666666667,0.6991360491360492,0.42857142857142855,0.0,0.6142755235944476,0.6102692995752607,0.043122852221131325,0.08798191503488592,0.0,0.0,0.0,0.0,0.0,18473,global,0.0
5,2,lr1e-05_bs8_drop0p2_temp1p0_a0p25_b0p05__wd1e-04trmiss0_degmodglobal,8,1e-05,0.0001,0.2,1.0,0.25,0.05,lr1e-05_bs8_drop0p2_temp1p0_a0p25_b0p05__wd1e-04trmiss0_degmodglobal,37,0.6639598778315953,0.7108719646930695,0.4444444444444444,0.6824693824693824,0.42857142857142855,0.0,0.619300901889801,0.6506627712930951,0.03781463897653988,0.07686892311487879,0.0,0.0,0.0,0.0,0.0,18473,global,0.0
5,2,lr1e-05_bs8_drop0p2_temp1p0_a0p25_b0p05__wd1e-04trmiss0_degmodglobal,8,1e-05,0.0001,0.2,1.0,0.25,0.05,lr1e-05_bs8_drop0p2_temp1p0_a0p25_b0p05__wd1e-04trmiss0_degmodglobal,38,0.6404372027942112,0.7120451927185059,0.4666666666666667,0.6991360491360492,0.42857142857142855,0.0,0.6106378606387547,0.6276512912341526,0.03458787766950471,0.08277868812105485,0.0,0.0,0.0,0.0,0.0,18473,global,0.0
5,2,lr1e-05_bs8_drop0p2_temp1p0_a0p25_b0p05__wd1e-04trmiss0_degmodglobal,8,1e-05,0.0001,0.2,1.0,0.25,0.05,lr1e-05_bs8_drop0p2_temp1p0_a0p25_b0p05__wd1e-04trmiss0_degmodglobal,39,0.6439299753734044,0.7087581753730774,0.4222222222222222,0.6814993648326981,0.42857142857142855,0.0,0.6059139626366752,0.6328251276697431,0.033060593264443536,0.056793575042060444,0.0,0.0,0.0,0.0,0.0,18473,global,0.0
5,2,lr1e-05_bs8_drop0p2_temp1p0_a0p25_b0p05__wd1e-04trmiss0_degmodglobal,8,1e-05,0.0001,0.2,1.0,0.25,0.05,lr1e-05_bs8_drop0p2_temp1p0_a0p25_b0p05__wd1e-04trmiss0_degmodglobal,40,0.6533125553812299,0.7100669741630554,0.42222222222222217,0.6725487475487475,0.42857142857142855,0.0,0.6203555038997105,0.6402170062065125,0.037452141887375286,0.07465048081108502,0.0,0.0,0.0,0.0,0.0,18473,global,0.0
5,2,lr1e-05_bs8_drop0p2_temp1p0_a0p25_b0p05__wd1e-04trmiss0_degmodglobal,8,1e-05,0.0001,0.2,1.0,0.25,0.05,lr1e-05_bs8_drop0p2_temp1p0_a0p25_b0p05__wd1e-04trmiss0_degmodglobal,41,0.6527727331433978,0.7079594731330872,0.4444444444444444,0.6892154142154143,0.42857142857142855,0.0,0.6245954547609601,0.6397804277283805,0.03744623916489737,0.07261517963239125,0.0,0.0,0.0,0.0,0.0,18473,global,0.0
5,2,lr1e-05_bs8_drop0p2_temp1p0_a0p25_b0p05__wd1e-04trmiss0_degmodglobal,8,1e-05,0.0001,0.2,1.0,0.25,0.05,lr1e-05_bs8_drop0p2_temp1p0_a0p25_b0p05__wd1e-04trmiss0_degmodglobal,42,0.6418411731719971,0.7088304758071899,0.4666666666666667,0.6991360491360492,0.42857142857142855,0.0,0.5882621918405805,0.6270159653254918,0.042292870048965724,0.08504005468317441,0.0,0.0,0.0,0.0,0.0,18473,global,0.0
5,2,lr1e-05_bs8_drop0p2_temp2p0_a0p25_b0p05__wd1e-04trmiss0_degmodglobal,8,1e-05,0.0001,0.2,2.0,0.25,0.05,lr1e-05_bs8_drop0p2_temp2p0_a0p25_b0p05__wd1e-04trmiss0_degmodglobal,1,0.705442522253309,0.7071402072906494,0.4444444444444444,0.6361832611832612,0.35714285714285715,0.0,0.7245900545801435,0.693972281047276,0.029999754125518457,0.07940613531640597,0.0,0.0,0.0,0.0,0.0,18473,global,0.0
5,2,lr1e-05_bs8_drop0p2_temp2p0_a0p25_b0p05__wd1e-04trmiss0_degmodglobal,8,1e-05,0.0001,0.2,2.0,0.25,0.05,lr1e-05_bs8_drop0p2_temp2p0_a0p25_b0p05__wd1e-04trmiss0_degmodglobal,2,0.6730638316699437,0.7118352651596069,0.42222222222222217,0.6287758537758539,0.35714285714285715,0.0,0.7037033012935093,0.6588357176099505,0.035658608855945725,0.10626923213047641,0.0,0.0,0.0,0.0,0.0,18473,global,0.0
5,2,lr1e-05_bs8_drop0p2_temp2p0_a0p25_b0p05__wd1e-04trmiss0_degmodglobal,8,1e-05,0.0001,0.2,2.0,0.25,0.05,lr1e-05_bs8_drop0p2_temp2p0_a0p25_b0p05__wd1e-04trmiss0_degmodglobal,3,0.679806513445718,0.7160224318504333,0.42222222222222217,0.6316418149751484,0.5,0.0,0.6864126920700073,0.6674196805272784,0.031461156106420925,0.09043108618685178,0.0,0.0,0.0,0.0,0.0,18473,global,0.0
5,2,lr1e-05_bs8_drop0p2_temp2p0_a0p25_b0p05__wd1e-04trmiss0_degmodglobal,8,1e-05,0.0001,0.2,2.0,0.25,0.05,lr1e-05_bs8_drop0p2_temp2p0_a0p25_b0p05__wd1e-04trmiss0_degmodglobal,4,0.6755744048527309,0.7192386984825134,0.42222222222222217,0.6316418149751484,0.42857142857142855,0.0,0.7052659051758903,0.6642583864075797,0.027857928669878414,0.08703036393438067,0.0,0.0,0.0,0.0,0.0,18473,global,0.0
5,2,lr1e-05_bs8_drop0p2_temp2p0_a0p25_b0p05__wd1e-04trmiss0_degmodglobal,8,1e-05,0.0001,0.2,2.0,0.25,0.05,lr1e-05_bs8_drop0p2_temp2p0_a0p25_b0p05__wd1e-04trmiss0_degmodglobal,5,0.6824689166886466,0.7221786379814148,0.42222222222222217,0.6316418149751484,0.42857142857142855,0.0,0.6871728130749294,0.6707506605557033,0.03001562346305166,0.08428702184132167,0.0,0.0,0.0,0.0,0.0,18473,global,0.0
5,2,lr1e-05_bs8_drop0p2_temp2p0_a0p25_b0p05__wd1e-04trmiss0_degmodglobal,8,1e-05,0.0001,0.2,2.0,0.25,0.05,lr1e-05_bs8_drop0p2_temp2p0_a0p25_b0p05__wd1e-04trmiss0_degmodglobal,6,0.6495472873960223,0.7234884202480316,0.42222222222222217,0.6316418149751484,0.42857142857142855,0.0,0.6760764718055725,0.6368581993239266,0.03317164975617613,0.08792366779276303,0.0,0.0,0.0,0.0,0.0,18473,global,0.0
5,2,lr1e-05_bs8_drop0p2_temp2p0_a0p25_b0p05__wd1e-04trmiss0_degmodglobal,8,1e-05,0.0001,0.2,2.0,0.25,0.05,lr1e-05_bs8_drop0p2_temp2p0_a0p25_b0p05__wd1e-04trmiss0_degmodglobal,7,0.650976266179766,0.7212952673435211,0.4444444444444444,0.687197370530704,0.42857142857142855,0.0,0.6968209402901786,0.6374701176370893,0.032723243215254376,0.10650673827954701,0.0,0.0,0.0,0.0,0.0,18473,global,0.0
5,2,lr1e-05_bs8_drop0p2_temp2p0_a0p25_b0p05__wd1e-04trmiss0_degmodglobal,8,1e-05,0.0001,0.2,2.0,0.25,0.05,lr1e-05_bs8_drop0p2_temp2p0_a0p25_b0p05__wd1e-04trmiss0_degmodglobal,8,0.6650367975234985,0.7197946906089783,0.4444444444444444,0.687197370530704,0.42857142857142855,0.0,0.6875055091721671,0.6545353020940509,0.026488956063985825,0.07758528952087675,0.0,0.0,0.0,0.0,0.0,18473,global,0.0
5,2,lr1e-05_bs8_drop0p2_temp2p0_a0p25_b0p05__wd1e-04trmiss0_degmodglobal,8,1e-05,0.0001,0.2,2.0,0.25,0.05,lr1e-05_bs8_drop0p2_temp2p0_a0p25_b0p05__wd1e-04trmiss0_degmodglobal,9,0.6527999809810093,0.7215182483196259,0.4666666666666667,0.7020121853455188,0.42857142857142855,0.0,0.6867995347295489,0.6414533427783421,0.027586072417242185,0.08900220426065582,0.0,0.0,0.0,0.0,0.0,18473,global,0.0
5,2,lr1e-05_bs8_drop0p2_temp2p0_a0p25_b0p05__wd1e-04trmiss0_degmodglobal,8,1e-05,0.0001,0.2,2.0,0.25,0.05,lr1e-05_bs8_drop0p2_temp2p0_a0p25_b0p05__wd1e-04trmiss0_degmodglobal,10,0.6522522057805743,0.7214303910732269,0.4666666666666667,0.7020121853455188,0.42857142857142855,0.0,0.673888623714447,0.6407574500356402,0.032658682870013375,0.06660150151167597,0.0,0.0,0.0,0.0,0.0,18473,global,0.0
5,2,lr1e-05_bs8_drop0p2_temp2p0_a0p25_b0p05__wd1e-04trmiss0_degmodglobal,8,1e-05,0.0001,0.2,2.0,0.25,0.05,lr1e-05_bs8_drop0p2_temp2p0_a0p25_b0p05__wd1e-04trmiss0_degmodglobal,11,0.6545169523784092,0.7198478281497955,0.4666666666666667,0.7020121853455188,0.35714285714285715,0.0,0.6626520242009845,0.6399444086211068,0.03595249434666974,0.11168832970517022,0.0,0.0,0.0,0.0,0.0,18473,global,0.0
5,2,lr1e-05_bs8_drop0p2_temp2p0_a0p25_b0p05__wd1e-04trmiss0_degmodglobal,8,1e-05,0.0001,0.2,2.0,0.25,0.05,lr1e-05_bs8_drop0p2_temp2p0_a0p25_b0p05__wd1e-04trmiss0_degmodglobal,12,0.6603831052780151,0.7199056148529053,0.4444444444444444,0.6464566297899632,0.35714285714285715,0.0,0.6790477633476257,0.6456928678921291,0.040632013763700216,0.09064447347606931,0.0,0.0,0.0,0.0,0.0,18473,global,0.0
5,2,lr1e-05_bs8_drop0p2_temp2p0_a0p25_b0p05__wd1e-04trmiss0_degmodglobal,8,1e-05,0.0001,0.2,2.0,0.25,0.05,lr1e-05_bs8_drop0p2_temp2p0_a0p25_b0p05__wd1e-04trmiss0_degmodglobal,13,0.6697112492152623,0.7205484509468079,0.4666666666666667,0.7020121853455188,0.42857142857142855,0.0,0.6543016689164298,0.6589966416358948,0.02724290718989713,0.0780774477337088,0.0,0.0,0.0,0.0,0.0,18473,global,0.0
5,2,lr1e-05_bs8_drop0p2_temp2p0_a0p25_b0p05__wd1e-04trmiss0_degmodglobal,8,1e-05,0.0001,0.2,2.0,0.25,0.05,lr1e-05_bs8_drop0p2_temp2p0_a0p25_b0p05__wd1e-04trmiss0_degmodglobal,14,0.6665860669953483,0.7216995358467102,0.4444444444444444,0.7075677409010743,0.42857142857142855,0.0,0.6583100642476764,0.6556310398238046,0.02671427106750863,0.08552879307951246,0.0,0.0,0.0,0.0,0.0,18473,global,0.0
5,2,lr1e-05_bs8_drop0p2_temp2p0_a0p25_b0p05__wd1e-04trmiss0_degmodglobal,8,1e-05,0.0001,0.2,2.0,0.25,0.05,lr1e-05_bs8_drop0p2_temp2p0_a0p25_b0p05__wd1e-04trmiss0_degmodglobal,15,0.6592819350106376,0.7193225920200348,0.4888888888888888,0.7319504569504571,0.42857142857142855,0.0,0.6711762973240444,0.6474310670580182,0.030939945685012,0.08231760082500321,0.0,0.0,0.0,0.0,0.0,18473,global,0.0
5,2,lr1e-05_bs8_drop0p2_temp2p0_a0p25_b0p05__wd1e-04trmiss0_degmodglobal,8,1e-05,0.0001,0.2,2.0,0.25,0.05,lr1e-05_bs8_drop0p2_temp2p0_a0p25_b0p05__wd1e-04trmiss0_degmodglobal,16,0.6415231909070697,0.7211973369121552,0.4666666666666667,0.7152837902837903,0.42857142857142855,0.0,0.6633377841540745,0.6299460870879037,0.03011044700230871,0.08098970726132393,0.0,0.0,0.0,0.0,0.0,18473,global,0.0
5,2,lr1e-05_bs8_drop0p2_temp2p0_a0p25_b0p05__wd1e-04trmiss0_degmodglobal,8,1e-05,0.0001,0.2,2.0,0.25,0.05,lr1e-05_bs8_drop0p2_temp2p0_a0p25_b0p05__wd1e-04trmiss0_degmodglobal,17,0.6316873346056256,0.7188319563865662,0.4666666666666667,0.7152837902837903,0.42857142857142855,0.0,0.6702999642917088,0.6169584223202297,0.038204119939889224,0.10355790065867561,0.0,0.0,0.0,0.0,0.0,18473,global,0.0
5,2,lr1e-05_bs8_drop0p2_temp2p0_a0p25_b0p05__wd1e-04trmiss0_degmodglobal,8,1e-05,0.0001,0.2,2.0,0.25,0.05,lr1e-05_bs8_drop0p2_temp2p0_a0p25_b0p05__wd1e-04trmiss0_degmodglobal,18,0.6431702630860465,0.7208317518234253,0.4666666666666667,0.7152837902837903,0.42857142857142855,0.0,0.6548013431685311,0.630069511277335,0.031594045726316314,0.10404423038874354,0.0,0.0,0.0,0.0,0.0,18473,global,0.0
5,2,lr1e-05_bs8_drop0p2_temp2p0_a0p25_b0p05__wd1e-04trmiss0_degmodglobal,8,1e-05,0.0001,0.2,2.0,0.25,0.05,lr1e-05_bs8_drop0p2_temp2p0_a0p25_b0p05__wd1e-04trmiss0_degmodglobal,19,0.6598999074527195,0.7208152413368225,0.4666666666666667,0.7152837902837903,0.5,0.0,0.6649255411965507,0.6472481489181519,0.03228891108717237,0.09159054287842341,0.0,0.0,0.0,0.0,0.0,18473,global,0.0
5,2,lr1e-05_bs8_drop0p2_temp2p0_a0p25_b0p05__wd1e-04trmiss0_degmodglobal,8,1e-05,0.0001,0.2,2.0,0.25,0.05,lr1e-05_bs8_drop0p2_temp2p0_a0p25_b0p05__wd1e-04trmiss0_degmodglobal,20,0.6856461422783988,0.7178128957748413,0.4666666666666667,0.7152837902837903,0.42857142857142855,0.0,0.6515184555734906,0.6702365960393634,0.041408929973840714,0.10114635527133942,0.0,0.0,0.0,0.0,0.0,18473,global,0.0
5,2,lr1e-05_bs8_drop0p2_temp2p0_a0p25_b0p05__wd1e-04trmiss0_degmodglobal,8,1e-05,0.0001,0.2,2.0,0.25,0.05,lr1e-05_bs8_drop0p2_temp2p0_a0p25_b0p05__wd1e-04trmiss0_degmodglobal,21,0.6369694897106716,0.7175700068473816,0.4666666666666667,0.7152837902837903,0.5,0.0,0.6424717562539237,0.6237881013325283,0.03579456838113921,0.08465463135923658,0.0,0.0,0.0,0.0,0.0,18473,global,0.0
5,2,lr1e-05_bs8_drop0p2_temp2p0_a0p25_b0p05__wd1e-04trmiss0_degmodglobal,8,1e-05,0.0001,0.2,2.0,0.25,0.05,lr1e-05_bs8_drop0p2_temp2p0_a0p25_b0p05__wd1e-04trmiss0_degmodglobal,22,0.6275904263768878,0.7181290090084076,0.4666666666666667,0.7152837902837903,0.5,0.0,0.616324952670506,0.6155209115573338,0.032742089458874295,0.0776800981589726,0.0,0.0,0.0,0.0,0.0,18473,global,0.0
5,2,lr1e-05_bs8_drop0p2_temp2p0_a0p25_b0p05__wd1e-04trmiss0_degmodglobal,8,1e-05,0.0001,0.2,2.0,0.25,0.05,lr1e-05_bs8_drop0p2_temp2p0_a0p25_b0p05__wd1e-04trmiss0_degmodglobal,23,0.6507437058857509,0.7193751931190491,0.4666666666666667,0.7152837902837903,0.5,0.0,0.6285136001450675,0.6408989599772862,0.028219050860830715,0.05579964257776737,0.0,0.0,0.0,0.0,0.0,18473,global,0.0
5,2,lr1e-05_bs8_drop0p2_temp2p0_a0p25_b0p05__wd1e-04trmiss0_degmodglobal,8,1e-05,0.0001,0.2,2.0,0.25,0.05,lr1e-05_bs8_drop0p2_temp2p0_a0p25_b0p05__wd1e-04trmiss0_degmodglobal,24,0.6438986233302525,0.7189182341098785,0.4666666666666667,0.7152837902837903,0.42857142857142855,0.0,0.6223014678273883,0.6332827040127346,0.029628015788538114,0.06417858813490186,0.0,0.0,0.0,0.0,0.0,18473,global,0.0
5,2,lr1e-05_bs8_drop0p2_temp2p0_a0p25_b0p05__wd1e-04trmiss0_degmodglobal,8,1e-05,0.0001,0.2,2.0,0.25,0.05,lr1e-05_bs8_drop0p2_temp2p0_a0p25_b0p05__wd1e-04trmiss0_degmodglobal,25,0.611335107258388,0.7166215777397156,0.4666666666666667,0.7152837902837903,0.42857142857142855,0.0,0.623032638004848,0.60004951272692,0.030015437996813228,0.0756344028881618,0.0,0.0,0.0,0.0,0.0,18473,global,0.0
5,2,lr1e-05_bs8_drop0p2_temp2p0_a0p25_b0p05__wd1e-04trmiss0_degmodglobal,8,1e-05,0.0001,0.2,2.0,0.25,0.05,lr1e-05_bs8_drop0p2_temp2p0_a0p25_b0p05__wd1e-04trmiss0_degmodglobal,26,0.6562604478427342,0.7173359990119934,0.4666666666666667,0.7152837902837903,0.5,0.0,0.6377153652054923,0.641830291066851,0.03635123451905591,0.10684689294014658,0.0,0.0,0.0,0.0,0.0,18473,global,0.0
5,2,lr1e-05_bs8_drop0p2_temp2p0_a0p25_b0p05__wd1e-04trmiss0_degmodglobal,8,1e-05,0.0001,0.2,2.0,0.25,0.05,lr1e-05_bs8_drop0p2_temp2p0_a0p25_b0p05__wd1e-04trmiss0_degmodglobal,27,0.6678071788379124,0.7164268493652344,0.4444444444444444,0.7075677409010743,0.42857142857142855,0.0,0.6257340312004089,0.6535799162728446,0.03451510665139982,0.11196975090673991,0.0,0.0,0.0,0.0,0.0,18473,global,0.0
5,2,lr1e-05_bs8_drop0p2_temp2p0_a0p25_b0p05__wd1e-04trmiss0_degmodglobal,8,1e-05,0.0001,0.2,2.0,0.25,0.05,lr1e-05_bs8_drop0p2_temp2p0_a0p25_b0p05__wd1e-04trmiss0_degmodglobal,28,0.644254241670881,0.7160771787166595,0.4444444444444444,0.7075677409010743,0.42857142857142855,0.0,0.6175154021808079,0.6312453150749207,0.03440656699240208,0.08814568764397077,0.0,0.0,0.0,0.0,0.0,18473,global,0.0
5,2,lr1e-05_bs8_drop0p2_temp2p0_a0p25_b0p05__wd1e-04trmiss0_degmodglobal,8,1e-05,0.0001,0.2,2.0,0.25,0.05,lr1e-05_bs8_drop0p2_temp2p0_a0p25_b0p05__wd1e-04trmiss0_degmodglobal,29,0.6364443472453526,0.7185119092464447,0.4666666666666667,0.7152837902837903,0.5,0.0,0.6056213464055743,0.6250155057225909,0.029982684579278742,0.07866378660712924,0.0,0.0,0.0,0.0,0.0,18473,global,0.0
5,2,lr1e-05_bs8_drop0p2_temp2p0_a0p25_b0p05__wd1e-04trmiss0_degmodglobal,8,1e-05,0.0001,0.2,2.0,0.25,0.05,lr1e-05_bs8_drop0p2_temp2p0_a0p25_b0p05__wd1e-04trmiss0_degmodglobal,30,0.6156366808073861,0.7160649299621582,0.4666666666666667,0.7152837902837903,0.5,0.0,0.6168214678764343,0.6048192637307304,0.03036693616637162,0.06451348215341568,0.0,0.0,0.0,0.0,0.0,18473,global,0.0
5,2,lr1e-05_bs8_drop0p2_temp2p0_a0p25_b0p05__wd1e-04trmiss0_degmodglobal,8,1e-05,0.0001,0.2,2.0,0.25,0.05,lr1e-05_bs8_drop0p2_temp2p0_a0p25_b0p05__wd1e-04trmiss0_degmodglobal,31,0.6515822240284511,0.7173084914684296,0.4666666666666667,0.7152837902837903,0.5,0.0,0.6207658733640399,0.6387349026543754,0.03447388644729342,0.08457706176808902,0.0,0.0,0.0,0.0,0.0,18473,global,0.0
5,2,lr1e-05_bs8_drop0p2_temp2p0_a0p25_b0p05__wd1e-04trmiss0_degmodglobal,8,1e-05,0.0001,0.2,2.0,0.25,0.05,lr1e-05_bs8_drop0p2_temp2p0_a0p25_b0p05__wd1e-04trmiss0_degmodglobal,32,0.6321087649890355,0.7148418426513672,0.4444444444444444,0.7075677409010743,0.42857142857142855,0.0,0.6165957791464669,0.6185681309018817,0.036083409296614785,0.0903957946492093,0.0,0.0,0.0,0.0,0.0,18473,global,0.0
5,2,lr1e-05_bs8_drop0p2_temp2p0_a0p25_b0p05__wd1e-04trmiss0_degmodglobal,8,1e-05,0.0001,0.2,2.0,0.25,0.05,lr1e-05_bs8_drop0p2_temp2p0_a0p25_b0p05__wd1e-04trmiss0_degmodglobal,33,0.6567502362387521,0.7168983221054077,0.4444444444444444,0.7075677409010743,0.42857142857142855,0.0,0.6201578378677368,0.6433054804801941,0.03756797766046865,0.08105499882783208,0.0,0.0,0.0,0.0,0.0,18473,global,0.0
5,2,lr1e-05_bs8_drop0p2_temp2p0_a0p25_b0p05__wd1e-04trmiss0_degmodglobal,8,1e-05,0.0001,0.2,2.0,0.25,0.05,lr1e-05_bs8_drop0p2_temp2p0_a0p25_b0p05__wd1e-04trmiss0_degmodglobal,34,0.6596000449998038,0.7159290313720703,0.4666666666666667,0.7242344075677409,0.42857142857142855,0.0,0.6187024882861546,0.6449502536228725,0.03398983606270382,0.1230463156742709,0.0,0.0,0.0,0.0,0.0,18473,global,0.0
5,2,lr1e-05_bs8_drop0p2_temp2p0_a0p25_b0p05__wd1e-04trmiss0_degmodglobal,8,1e-05,0.0001,0.2,2.0,0.25,0.05,lr1e-05_bs8_drop0p2_temp2p0_a0p25_b0p05__wd1e-04trmiss0_degmodglobal,35,0.652547572340284,0.71640944480896,0.4444444444444444,0.7075677409010743,0.42857142857142855,0.0,0.6031529818262372,0.6384576303618295,0.035852231085300446,0.10253754790340151,0.0,0.0,0.0,0.0,0.0,18473,global,0.0
5,2,lr1e-05_bs8_drop0p4_temp1p0_a0p25_b0p05__wd1e-04trmiss0_degmodglobal,8,1e-05,0.0001,0.4,1.0,0.25,0.05,lr1e-05_bs8_drop0p4_temp1p0_a0p25_b0p05__wd1e-04trmiss0_degmodglobal,1,0.7741760781833104,0.7071937024593353,0.7555555555555555,0.8675925925925927,0.42857142857142855,0.0,0.7132957833153861,0.7418997883796692,0.0900939160159656,0.195055929677827,0.0,0.0,0.0,0.0,0.0,18473,global,0.0
5,2,lr1e-05_bs8_drop0p4_temp1p0_a0p25_b0p05__wd1e-04trmiss0_degmodglobal,8,1e-05,0.0001,0.4,1.0,0.25,0.05,lr1e-05_bs8_drop0p4_temp1p0_a0p25_b0p05__wd1e-04trmiss0_degmodglobal,2,0.8081970725740705,0.7085517942905426,0.7333333333333333,0.8345068511735181,0.42857142857142855,0.0,0.7006198848996844,0.7778494443212237,0.0771071155156408,0.22141689594302857,0.0,0.0,0.0,0.0,0.0,18473,global,0.0
5,2,lr1e-05_bs8_drop0p4_temp1p0_a0p25_b0p05__wd1e-04trmiss0_degmodglobal,8,1e-05,0.0001,0.4,1.0,0.25,0.05,lr1e-05_bs8_drop0p4_temp1p0_a0p25_b0p05__wd1e-04trmiss0_degmodglobal,3,0.7604400856154305,0.7098039984703064,0.7333333333333333,0.8345068511735181,0.42857142857142855,0.0,0.7088269676480975,0.7323987739426749,0.07511212570326668,0.18526567412274225,0.0,0.0,0.0,0.0,0.0,18473,global,0.0
5,2,lr1e-05_bs8_drop0p4_temp1p0_a0p25_b0p05__wd1e-04trmiss0_degmodglobal,8,1e-05,0.0001,0.4,1.0,0.25,0.05,lr1e-05_bs8_drop0p4_temp1p0_a0p25_b0p05__wd1e-04trmiss0_degmodglobal,4,0.7766269530568805,0.7069194912910461,0.7777777777777778,0.848492865159532,0.42857142857142855,0.0,0.725615211895534,0.7515763810702732,0.06771667035562652,0.162428152348314,0.0,0.0,0.0,0.0,0.0,18473,global,0.0
5,2,lr1e-05_bs8_drop0p4_temp1p0_a0p25_b0p05__wd1e-04trmiss0_degmodglobal,8,1e-05,0.0001,0.4,1.0,0.25,0.05,lr1e-05_bs8_drop0p4_temp1p0_a0p25_b0p05__wd1e-04trmiss0_degmodglobal,5,0.7509535721370152,0.709139347076416,0.7111111111111111,0.7974698141364809,0.35714285714285715,0.0,0.6989754268101284,0.727592238358089,0.058814352112157006,0.17315473513943808,0.0,0.0,0.0,0.0,0.0,18473,global,0.0
5,2,lr1e-05_bs8_drop0p4_temp1p0_a0p25_b0p05__wd1e-04trmiss0_degmodglobal,8,1e-05,0.0001,0.4,1.0,0.25,0.05,lr1e-05_bs8_drop0p4_temp1p0_a0p25_b0p05__wd1e-04trmiss0_degmodglobal,6,0.7659619109971183,0.7068333029747009,0.7777777777777778,0.848492865159532,0.42857142857142855,0.0,0.6922148806708199,0.7415548988751003,0.06426626763173512,0.16680896814380372,0.0,0.0,0.0,0.0,0.0,18473,global,0.0
5,2,lr1e-05_bs8_drop0p4_temp1p0_a0p25_b0p05__wd1e-04trmiss0_degmodglobal,8,1e-05,0.0001,0.4,1.0,0.25,0.05,lr1e-05_bs8_drop0p4_temp1p0_a0p25_b0p05__wd1e-04trmiss0_degmodglobal,7,0.7634689126695905,0.7083728611469269,0.7333333333333333,0.8233605900272567,0.42857142857142855,0.0,0.724993211882455,0.7389506527355739,0.06477145478129387,0.16650826430746488,0.0,0.0,0.0,0.0,0.0,18473,global,0.0
5,2,lr1e-05_bs8_drop0p4_temp1p0_a0p25_b0p05__wd1e-04trmiss0_degmodglobal,8,1e-05,0.0001,0.4,1.0,0.25,0.05,lr1e-05_bs8_drop0p4_temp1p0_a0p25_b0p05__wd1e-04trmiss0_degmodglobal,8,0.7590953963143485,0.7096780240535736,0.6888888888888889,0.7787477954144622,0.42857142857142855,0.0,0.6565877199172974,0.7349194032805306,0.06798960428152766,0.14357220115406172,0.0,0.0,0.0,0.0,0.0,18473,global,0.0
5,2,lr1e-05_bs8_drop0p4_temp1p0_a0p25_b0p05__wd1e-04trmiss0_degmodglobal,8,1e-05,0.0001,0.4,1.0,0.25,0.05,lr1e-05_bs8_drop0p4_temp1p0_a0p25_b0p05__wd1e-04trmiss0_degmodglobal,9,0.780890669141497,0.7062456607818604,0.711111111111111,0.8085457752124419,0.42857142857142855,0.0,0.665394161428724,0.7532248156411308,0.06766171274440629,0.21500844189098903,0.0,0.0,0.0,0.0,0.0,18473,global,0.0
5,2,lr1e-05_bs8_drop0p4_temp1p0_a0p25_b0p05__wd1e-04trmiss0_degmodglobal,8,1e-05,0.0001,0.4,1.0,0.25,0.05,lr1e-05_bs8_drop0p4_temp1p0_a0p25_b0p05__wd1e-04trmiss0_degmodglobal,10,0.7557221140180316,0.7078222334384918,0.6888888888888889,0.7918791085457753,0.42857142857142855,0.0,0.6730172038078308,0.7276563474110195,0.07099474540778569,0.20634173974394798,0.0,0.0,0.0,0.0,0.0,18473,global,0.0
5,2,lr1e-05_bs8_drop0p4_temp1p0_a0p25_b0p05__wd1e-04trmiss0_degmodglobal,8,1e-05,0.0001,0.4,1.0,0.25,0.05,lr1e-05_bs8_drop0p4_temp1p0_a0p25_b0p05__wd1e-04trmiss0_degmodglobal,11,0.7607671192714146,0.7091025114059448,0.6888888888888889,0.7918791085457753,0.5,0.0,0.6907182165554592,0.7381253327642169,0.06102232688239643,0.1477241250021117,0.0,0.0,0.0,0.0,0.0,18473,global,0.0
5,2,lr1e-05_bs8_drop0p4_temp1p0_a0p25_b0p05__wd1e-04trmiss0_degmodglobal,8,1e-05,0.0001,0.4,1.0,0.25,0.05,lr1e-05_bs8_drop0p4_temp1p0_a0p25_b0p05__wd1e-04trmiss0_degmodglobal,12,0.7360280156135559,0.7127975523471832,0.6888888888888889,0.7918791085457753,0.5,0.0,0.6731465203421456,0.711549631186894,0.07167742082050868,0.13118021190166473,0.0,0.0,0.0,0.0,0.0,18473,global,0.0
5,2,lr1e-05_bs8_drop0p4_temp1p0_a0p25_b0p05__wd1e-04trmiss0_degmodglobal,8,1e-05,0.0001,0.4,1.0,0.25,0.05,lr1e-05_bs8_drop0p4_temp1p0_a0p25_b0p05__wd1e-04trmiss0_degmodglobal,13,0.7381274359566825,0.7131626605987549,0.6888888888888889,0.7918791085457753,0.42857142857142855,0.0,0.6830617615154811,0.7148543000221252,0.06606573398624148,0.13513405727488653,0.0,0.0,0.0,0.0,0.0,18473,global,0.0
5,2,lr1e-05_bs8_drop0p4_temp1p0_a0p25_b0p05__wd1e-04trmiss0_degmodglobal,8,1e-05,0.0001,0.4,1.0,0.25,0.05,lr1e-05_bs8_drop0p4_temp1p0_a0p25_b0p05__wd1e-04trmiss0_degmodglobal,14,0.74163419008255,0.719391793012619,0.6444444444444444,0.7472663139329807,0.42857142857142855,0.0,0.6637243969099862,0.7174643874168396,0.06361103377171926,0.16534049383231572,0.0,0.0,0.0,0.0,0.0,18473,global,0.0
5,2,lr1e-05_bs8_drop0p4_temp1p0_a0p25_b0p05__wd1e-04trmiss0_degmodglobal,8,1e-05,0.0001,0.4,1.0,0.25,0.05,lr1e-05_bs8_drop0p4_temp1p0_a0p25_b0p05__wd1e-04trmiss0_degmodglobal,15,0.7365731341498238,0.7184530198574066,0.6222222222222222,0.7391855058521726,0.42857142857142855,0.0,0.6449928879737854,0.7087485534804208,0.06955833360552788,0.20869992673397064,0.0,0.0,0.0,0.0,0.0,18473,global,0.0
5,2,lr1e-05_bs8_drop0p4_temp1p0_a0p25_b0p05__wd1e-04trmiss0_degmodglobal,8,1e-05,0.0001,0.4,1.0,0.25,0.05,lr1e-05_bs8_drop0p4_temp1p0_a0p25_b0p05__wd1e-04trmiss0_degmodglobal,16,0.72491797379085,0.7170037925243378,0.6666666666666666,0.7843033509700177,0.42857142857142855,0.0,0.6611936432974679,0.7004830411502293,0.06459412989871842,0.16572827100753784,0.0,0.0,0.0,0.0,0.0,18473,global,0.0
5,2,lr1e-05_bs8_drop0p4_temp1p0_a0p25_b0p05__wd1e-04trmiss0_degmodglobal,8,1e-05,0.0001,0.4,1.0,0.25,0.05,lr1e-05_bs8_drop0p4_temp1p0_a0p25_b0p05__wd1e-04trmiss0_degmodglobal,17,0.7347700255257743,0.7176521420478821,0.6666666666666666,0.7843033509700177,0.5,0.0,0.6697973183223179,0.7058574642453875,0.07037050383431571,0.22639878519943782,0.0,0.0,0.0,0.0,0.0,18473,global,0.0
5,2,lr1e-05_bs8_drop0p4_temp1p0_a0p25_b0p05__wd1e-04trmiss0_degmodglobal,8,1e-05,0.0001,0.4,1.0,0.25,0.05,lr1e-05_bs8_drop0p4_temp1p0_a0p25_b0p05__wd1e-04trmiss0_degmodglobal,18,0.7719719069344657,0.7184280455112457,0.6666666666666666,0.7843033509700177,0.5,0.0,0.687119356223515,0.739263687814985,0.08010081255010196,0.2536604308656284,0.0,0.0,0.0,0.0,0.0,18473,global,0.0
5,2,lr1e-05_bs8_drop0p4_temp1p0_a0p25_b0p05__wd1e-04trmiss0_degmodglobal,8,1e-05,0.0001,0.4,1.0,0.25,0.05,lr1e-05_bs8_drop0p4_temp1p0_a0p25_b0p05__wd1e-04trmiss0_degmodglobal,19,0.7425999130521502,0.7164779305458069,0.6666666666666666,0.7843033509700177,0.5,0.0,0.657671970980508,0.7181302990232196,0.06841454388839859,0.1473198298897062,0.0,0.0,0.0,0.0,0.0,18473,global,0.0
5,2,lr1e-05_bs8_drop0p4_temp1p0_a0p25_b0p05__wd1e-04trmiss0_degmodglobal,8,1e-05,0.0001,0.4,1.0,0.25,0.05,lr1e-05_bs8_drop0p4_temp1p0_a0p25_b0p05__wd1e-04trmiss0_degmodglobal,20,0.7192244614873614,0.7147168815135956,0.6666666666666666,0.7843033509700177,0.5,0.0,0.6374788114002773,0.6970891526767186,0.05995989644101688,0.1429068845297609,0.0,0.0,0.0,0.0,0.0,18473,global,0.0
5,2,lr1e-05_bs8_drop0p4_temp1p0_a0p25_b0p05__wd1e-04trmiss0_degmodglobal,8,1e-05,0.0001,0.4,1.0,0.25,0.05,lr1e-05_bs8_drop0p4_temp1p0_a0p25_b0p05__wd1e-04trmiss0_degmodglobal,21,0.7101984024047852,0.7134469747543335,0.6888888888888889,0.7918791085457753,0.5,0.0,0.6398906622614179,0.6824806332588196,0.07750014535018376,0.16685461678675242,0.0,0.0,0.0,0.0,0.0,18473,global,0.0
5,2,lr1e-05_bs8_drop0p4_temp1p0_a0p25_b0p05__wd1e-04trmiss0_degmodglobal,8,1e-05,0.0001,0.4,1.0,0.25,0.05,lr1e-05_bs8_drop0p4_temp1p0_a0p25_b0p05__wd1e-04trmiss0_degmodglobal,22,0.7488844735281808,0.7132208347320557,0.6888888888888889,0.7918791085457753,0.5,0.0,0.6270227261951992,0.7196524654115949,0.0744280107319355,0.21250036571707046,0.0,0.0,0.0,0.0,0.0,18473,global,0.0
5,2,lr1e-05_bs8_drop0p4_temp1p0_a0p25_b0p05__wd1e-04trmiss0_degmodglobal,8,1e-05,0.0001,0.4,1.0,0.25,0.05,lr1e-05_bs8_drop0p4_temp1p0_a0p25_b0p05__wd1e-04trmiss0_degmodglobal,23,0.7108553988592965,0.7142409682273865,0.7555555555555555,0.8365881032547702,0.42857142857142855,0.0,0.6308972580092294,0.6871405925069537,0.06469067079680306,0.1508427443248885,0.0,0.0,0.0,0.0,0.0,18473,global,0.0
5,2,lr1e-05_bs8_drop0p4_temp1p0_a0p25_b0p05__wd1e-04trmiss0_degmodglobal,8,1e-05,0.0001,0.4,1.0,0.25,0.05,lr1e-05_bs8_drop0p4_temp1p0_a0p25_b0p05__wd1e-04trmiss0_degmodglobal,24,0.7183512534414019,0.7156295776367188,0.7777777777777778,0.848492865159532,0.42857142857142855,0.0,0.6363238947732108,0.6941363641193935,0.07035411894321442,0.13252730454717362,0.0,0.0,0.0,0.0,0.0,18473,global,0.0
5,2,lr1e-05_bs8_drop0p4_temp1p0_a0p25_b0p05__wd1e-04trmiss0_degmodglobal,8,1e-05,0.0001,0.4,1.0,0.25,0.05,lr1e-05_bs8_drop0p4_temp1p0_a0p25_b0p05__wd1e-04trmiss0_degmodglobal,25,0.7417730433600289,0.7155492603778839,0.711111111111111,0.8157848324514991,0.42857142857142855,0.0,0.613012569291251,0.7109914336885724,0.07905967267496246,0.22033406368323735,0.0,0.0,0.0,0.0,0.0,18473,global,0.0
5,2,lr1e-05_bs8_drop0p4_temp1p0_a0p25_b0p05__wd1e-04trmiss0_degmodglobal,8,1e-05,0.0001,0.4,1.0,0.25,0.05,lr1e-05_bs8_drop0p4_temp1p0_a0p25_b0p05__wd1e-04trmiss0_degmodglobal,26,0.7441164595740182,0.7192643284797668,0.6888888888888889,0.8009700176366843,0.42857142857142855,0.0,0.6478720392499652,0.7152118853160313,0.07313814493162292,0.21240101541791642,0.0,0.0,0.0,0.0,0.0,18473,global,0.0
5,2,lr1e-05_bs8_drop0p4_temp2p0_a0p25_b0p05__wd1e-04trmiss0_degmodglobal,8,1e-05,0.0001,0.4,2.0,0.25,0.05,lr1e-05_bs8_drop0p4_temp2p0_a0p25_b0p05__wd1e-04trmiss0_degmodglobal,1,0.7557078940527779,0.7341616153717041,0.3111111111111111,0.6602872436205771,0.35714285714285715,0.0,0.6908220137868609,0.7214595334870475,0.0715411901473999,0.32726127547877176,0.0,0.0,0.0,0.0,0.0,18473,global,0.0
5,2,lr1e-05_bs8_drop0p4_temp2p0_a0p25_b0p05__wd1e-04trmiss0_degmodglobal,8,1e-05,0.0001,0.4,2.0,0.25,0.05,lr1e-05_bs8_drop0p4_temp2p0_a0p25_b0p05__wd1e-04trmiss0_degmodglobal,2,0.7756746326174054,0.7353097498416901,0.3111111111111111,0.6584113417446751,0.35714285714285715,0.0,0.669397941657475,0.7354176981108529,0.08980216298784528,0.3561281455414636,0.0,0.0,0.0,0.0,0.0,18473,global,0.0
5,2,lr1e-05_bs8_drop0p4_temp2p0_a0p25_b0p05__wd1e-04trmiss0_degmodglobal,8,1e-05,0.0001,0.4,2.0,0.25,0.05,lr1e-05_bs8_drop0p4_temp2p0_a0p25_b0p05__wd1e-04trmiss0_degmodglobal,3,0.8170589123453412,0.7386711835861206,0.3333333333333333,0.666347849681183,0.35714285714285715,0.0,0.6406857115881783,0.7744534696851458,0.0896265022456646,0.40397689597947256,0.0,0.0,0.0,0.0,0.0,18473,global,0.0
5,2,lr1e-05_bs8_drop0p4_temp2p0_a0p25_b0p05__wd1e-04trmiss0_degmodglobal,8,1e-05,0.0001,0.4,2.0,0.25,0.05,lr1e-05_bs8_drop0p4_temp2p0_a0p25_b0p05__wd1e-04trmiss0_degmodglobal,4,0.797821078981672,0.7400393187999725,0.3333333333333333,0.666347849681183,0.35714285714285715,0.0,0.6761278510093689,0.7517295735222953,0.10056400831256594,0.4190103624548231,0.0,0.0,0.0,0.0,0.0,18473,global,0.0
5,2,lr1e-05_bs8_drop0p4_temp2p0_a0p25_b0p05__wd1e-04trmiss0_degmodglobal,8,1e-05,0.0001,0.4,2.0,0.25,0.05,lr1e-05_bs8_drop0p4_temp2p0_a0p25_b0p05__wd1e-04trmiss0_degmodglobal,5,0.7956507461411613,0.7439832985401154,0.3111111111111111,0.6584113417446751,0.35714285714285715,0.0,0.6677277343613761,0.7566607679639544,0.08106818795204163,0.37445883240018574,0.0,0.0,0.0,0.0,0.0,18473,global,0.0
5,2,lr1e-05_bs8_drop0p4_temp2p0_a0p25_b0p05__wd1e-04trmiss0_degmodglobal,8,1e-05,0.0001,0.4,2.0,0.25,0.05,lr1e-05_bs8_drop0p4_temp2p0_a0p25_b0p05__wd1e-04trmiss0_degmodglobal,6,0.7602944884981427,0.7437880635261536,0.33333333333333337,0.668223751557085,0.35714285714285715,0.0,0.689016308103289,0.7178289209093366,0.09773763907807213,0.36062336606638773,0.0,0.0,0.0,0.0,0.0,18473,global,0.0
5,2,lr1e-05_bs8_drop0p4_temp2p0_a0p25_b0p05__wd1e-04trmiss0_degmodglobal,8,1e-05,0.0001,0.4,2.0,0.25,0.05,lr1e-05_bs8_drop0p4_temp2p0_a0p25_b0p05__wd1e-04trmiss0_degmodglobal,7,0.795871206692287,0.7422410547733307,0.28888888888888886,0.6541144041144042,0.35714285714285715,0.0,0.6563495738165719,0.7499395779200962,0.09805930299418313,0.42833590507507324,0.0,0.0,0.0,0.0,0.0,18473,global,0.0
5,2,lr1e-05_bs8_drop0p4_temp2p0_a0p25_b0p05__wd1e-04trmiss0_degmodglobal,8,1e-05,0.0001,0.4,2.0,0.25,0.05,lr1e-05_bs8_drop0p4_temp2p0_a0p25_b0p05__wd1e-04trmiss0_degmodglobal,8,0.7556230510984149,0.7445990145206451,0.3111111111111111,0.6620509120509122,0.35714285714285715,0.0,0.619802108832768,0.7219291499682835,0.07741329606090273,0.286811820098332,0.0,0.0,0.0,0.0,0.0,18473,global,0.0
5,2,lr1e-05_bs8_drop0p4_temp2p0_a0p25_b0p05__wd1e-04trmiss0_degmodglobal,8,1e-05,0.0001,0.4,2.0,0.25,0.05,lr1e-05_bs8_drop0p4_temp2p0_a0p25_b0p05__wd1e-04trmiss0_degmodglobal,9,0.7759666187422616,0.7426291704177856,0.3111111111111111,0.6620509120509122,0.35714285714285715,0.0,0.6576577425003052,0.7302549651690892,0.09788806896124568,0.4247926431042807,0.0,0.0,0.0,0.0,0.0,18473,global,0.0
5,2,lr1e-05_bs8_drop0p4_temp2p0_a0p25_b0p05__wd1e-04trmiss0_degmodglobal,8,1e-05,0.0001,0.4,2.0,0.25,0.05,lr1e-05_bs8_drop0p4_temp2p0_a0p25_b0p05__wd1e-04trmiss0_degmodglobal,10,0.7736102938652039,0.7400115430355072,0.3111111111111111,0.6620509120509122,0.42857142857142855,0.0,0.6409704514912197,0.7338957786560059,0.09171649228249278,0.33570816261427744,0.0,0.0,0.0,0.0,0.0,18473,global,0.0
5,2,lr1e-05_bs8_drop0p4_temp2p0_a0p25_b0p05__wd1e-04trmiss0_degmodglobal,8,1e-05,0.0001,0.4,2.0,0.25,0.05,lr1e-05_bs8_drop0p4_temp2p0_a0p25_b0p05__wd1e-04trmiss0_degmodglobal,11,0.772632360458374,0.7409312129020691,0.3111111111111111,0.6620509120509122,0.35714285714285715,0.0,0.6090394343648639,0.7288693019321987,0.10335310335670199,0.3584954525743212,0.0,0.0,0.0,0.0,0.0,18473,global,0.0
5,2,lr1e-05_bs8_drop0p4_temp2p0_a0p25_b0p05__wd1e-04trmiss0_degmodglobal,8,1e-05,0.0001,0.4,2.0,0.25,0.05,lr1e-05_bs8_drop0p4_temp2p0_a0p25_b0p05__wd1e-04trmiss0_degmodglobal,12,0.7586696147918701,0.7408730685710907,0.3333333333333333,0.6731620231620232,0.35714285714285715,0.0,0.6395824636731829,0.7276108520371574,0.06915491979037013,0.27540060239178793,0.0,0.0,0.0,0.0,0.0,18473,global,0.0
5,2,lr1e-05_bs8_drop0p4_temp2p0_a0p25_b0p05__wd1e-04trmiss0_degmodglobal,8,1e-05,0.0001,0.4,2.0,0.25,0.05,lr1e-05_bs8_drop0p4_temp2p0_a0p25_b0p05__wd1e-04trmiss0_degmodglobal,13,0.7809620755059379,0.7415002584457397,0.3333333333333333,0.6731620231620232,0.35714285714285715,0.0,0.6505474363054548,0.7412794572966439,0.09255164063402585,0.3308941072651318,0.0,0.0,0.0,0.0,0.0,18473,global,0.0
5,2,lr1e-05_bs8_drop0p4_temp2p0_a0p25_b0p05__wd1e-04trmiss0_degmodglobal,8,1e-05,0.0001,0.4,2.0,0.25,0.05,lr1e-05_bs8_drop0p4_temp2p0_a0p25_b0p05__wd1e-04trmiss0_degmodglobal,14,0.7935495291437421,0.7370425760746002,0.37777777777777777,0.7004107004107005,0.42857142857142855,0.0,0.6232388275010246,0.7535828096526009,0.08411650732159615,0.3787517568894795,0.0,0.0,0.0,0.0,0.0,18473,global,0.0
5,2,lr1e-05_bs8_drop0p4_temp2p0_a0p25_b0p05__wd1e-04trmiss0_degmodglobal,8,1e-05,0.0001,0.4,2.0,0.25,0.05,lr1e-05_bs8_drop0p4_temp2p0_a0p25_b0p05__wd1e-04trmiss0_degmodglobal,15,0.7533697230475289,0.737883061170578,0.37777777777777777,0.6899168732502066,0.42857142857142855,0.0,0.6273964047431946,0.707395715372903,0.1022716930934361,0.4081216944115503,0.0,0.0,0.0,0.0,0.0,18473,global,0.0
5,2,lr1e-05_bs8_drop0p4_temp2p0_a0p25_b0p05__wd1e-04trmiss0_degmodglobal,8,1e-05,0.0001,0.4,2.0,0.25,0.05,lr1e-05_bs8_drop0p4_temp2p0_a0p25_b0p05__wd1e-04trmiss0_degmodglobal,16,0.7447312218802316,0.7384877800941467,0.37777777777777777,0.6899168732502066,0.35714285714285715,0.0,0.6165217246328082,0.702757213796888,0.08759800078613418,0.4014902263879776,0.0,0.0,0.0,0.0,0.0,18473,global,0.0
5,2,lr1e-05_bs8_drop0p4_temp2p0_a0p25_b0p05__wd1e-04trmiss0_degmodglobal,8,1e-05,0.0001,0.4,2.0,0.25,0.05,lr1e-05_bs8_drop0p4_temp2p0_a0p25_b0p05__wd1e-04trmiss0_degmodglobal,17,0.7331629991531372,0.7373740971088409,0.37777777777777777,0.6899168732502066,0.42857142857142855,0.0,0.6042331116540092,0.6936510971614293,0.09371059973325048,0.3216852364795549,0.0,0.0,0.0,0.0,0.0,18473,global,0.0
5,2,lr1e-05_bs8_drop0p4_temp2p0_a0p25_b0p05__wd1e-04trmiss0_degmodglobal,8,1e-05,0.0001,0.4,2.0,0.25,0.05,lr1e-05_bs8_drop0p4_temp2p0_a0p25_b0p05__wd1e-04trmiss0_degmodglobal,18,0.7535773515701294,0.7386436760425568,0.37777777777777777,0.6899168732502066,0.35714285714285715,0.0,0.6172611543110439,0.7151927607400077,0.08715941650526864,0.3318947489772524,0.0,0.0,0.0,0.0,0.0,18473,global,0.0
5,2,lr1e-05_bs8_drop0p4_temp2p0_a0p25_b0p05__wd1e-04trmiss0_degmodglobal,8,1e-05,0.0001,0.4,2.0,0.25,0.05,lr1e-05_bs8_drop0p4_temp2p0_a0p25_b0p05__wd1e-04trmiss0_degmodglobal,19,0.7603544337408883,0.7389836013317108,0.37777777777777777,0.6899168732502066,0.35714285714285715,0.0,0.6168308513505119,0.7190612895148141,0.09334182632820946,0.3591539902346475,0.0,0.0,0.0,0.0,0.0,18473,global,0.0
5,2,lr1e-05_bs8_drop0p4_temp2p0_a0p25_b0p05__wd1e-04trmiss0_degmodglobal,8,1e-05,0.0001,0.4,2.0,0.25,0.05,lr1e-05_bs8_drop0p4_temp2p0_a0p25_b0p05__wd1e-04trmiss0_degmodglobal,20,0.7613783138138908,0.7410170137882233,0.37777777777777777,0.6899168732502066,0.35714285714285715,0.0,0.5906454154423305,0.7232218895639692,0.08714970307690757,0.3273797354527882,0.0,0.0,0.0,0.0,0.0,18473,global,0.0
5,2,lr1e-05_bs8_drop0p4_temp2p0_a0p25_b0p05__wd1e-04trmiss0_degmodglobal,8,1e-05,0.0001,0.4,2.0,0.25,0.05,lr1e-05_bs8_drop0p4_temp2p0_a0p25_b0p05__wd1e-04trmiss0_degmodglobal,21,0.7545183897018433,0.7393567860126495,0.37777777777777777,0.6899168732502066,0.42857142857142855,0.0,0.6100695984704154,0.7144796848297119,0.08608074912003108,0.37037037525858196,0.0,0.0,0.0,0.0,0.0,18473,global,0.0
5,2,lr1e-05_bs8_drop0p4_temp2p0_a0p25_b0p05__wd1e-04trmiss0_degmodglobal,8,1e-05,0.0001,0.4,2.0,0.25,0.05,lr1e-05_bs8_drop0p4_temp2p0_a0p25_b0p05__wd1e-04trmiss0_degmodglobal,22,0.7685949121202741,0.7381464242935181,0.37777777777777777,0.7004107004107005,0.42857142857142855,0.0,0.6209092140197754,0.7263047610010419,0.09116473953638758,0.3899794731821333,0.0,0.0,0.0,0.0,0.0,18473,global,0.0
5,2,lr1e-05_bs8_drop0p4_temp2p0_a0p25_b0p05__wd1e-04trmiss0_degmodglobal,8,1e-05,0.0001,0.4,2.0,0.25,0.05,lr1e-05_bs8_drop0p4_temp2p0_a0p25_b0p05__wd1e-04trmiss0_degmodglobal,23,0.7832775030817304,0.7390808165073395,0.35555555555555557,0.6837440337440337,0.42857142857142855,0.0,0.589036396571568,0.7421151995658875,0.09134822338819504,0.36650507152080536,0.0,0.0,0.0,0.0,0.0,18473,global,0.0
5,2,lr1e-05_bs8_drop0p4_temp2p0_a0p25_b0p05__wd1e-04trmiss0_degmodglobal,8,1e-05,0.0001,0.4,2.0,0.25,0.05,lr1e-05_bs8_drop0p4_temp2p0_a0p25_b0p05__wd1e-04trmiss0_degmodglobal,24,0.7353327700069973,0.7418367862701416,0.35555555555555557,0.6837440337440337,0.35714285714285715,0.0,0.5990800261497498,0.6910145963941302,0.09683801872389657,0.4021729954651424,0.0,0.0,0.0,0.0,0.0,18473,global,0.0
5,2,lr1e-05_bs8_drop0p4_temp2p0_a0p25_b0p05__wd1e-04trmiss0_degmodglobal,8,1e-05,0.0001,0.4,2.0,0.25,0.05,lr1e-05_bs8_drop0p4_temp2p0_a0p25_b0p05__wd1e-04trmiss0_degmodglobal,25,0.7663909452302116,0.7409933805465698,0.35555555555555557,0.6837440337440337,0.35714285714285715,0.0,0.5647428291184562,0.7146778617586408,0.11533703335693904,0.4575764409133366,0.0,0.0,0.0,0.0,0.0,18473,global,0.0
5,2,lr1e-05_bs8_drop0p4_temp2p0_a0p25_b0p05__wd1e-04trmiss0_degmodglobal,8,1e-05,0.0001,0.4,2.0,0.25,0.05,lr1e-05_bs8_drop0p4_temp2p0_a0p25_b0p05__wd1e-04trmiss0_degmodglobal,26,0.7856160317148481,0.7434872090816498,0.35555555555555557,0.6837440337440337,0.35714285714285715,0.0,0.5794967838696071,0.7313083921160016,0.11509846257311958,0.5106602481433323,0.0,0.0,0.0,0.0,0.0,18473,global,0.0
5,2,lr1e-05_bs8_drop0p4_temp2p0_a0p25_b0p05__wd1e-04trmiss0_degmodglobal,8,1e-05,0.0001,0.4,2.0,0.25,0.05,lr1e-05_bs8_drop0p4_temp2p0_a0p25_b0p05__wd1e-04trmiss0_degmodglobal,27,0.7709816864558628,0.7438353300094604,0.35555555555555557,0.6837440337440337,0.35714285714285715,0.0,0.5815977454185486,0.7264996937343052,0.09842164388724736,0.3975313263280051,0.0,0.0,0.0,0.0,0.0,18473,global,0.0
5,2,lr1e-05_bs8_drop0p4_temp2p0_a0p25_b0p05__wd1e-04trmiss0_degmodglobal,8,1e-05,0.0001,0.4,2.0,0.25,0.05,lr1e-05_bs8_drop0p4_temp2p0_a0p25_b0p05__wd1e-04trmiss0_degmodglobal,28,0.7471918378557477,0.7443956136703491,0.3111111111111111,0.6620509120509122,0.35714285714285715,0.0,0.5730207903044564,0.6969472936221531,0.11152090557983943,0.44728653345789227,0.0,0.0,0.0,0.0,0.0,18473,global,0.0
5,2,lr1e-05_bs8_drop0p4_temp2p0_a0p25_b0p05__wd1e-04trmiss0_degmodglobal,8,1e-05,0.0001,0.4,2.0,0.25,0.05,lr1e-05_bs8_drop0p4_temp2p0_a0p25_b0p05__wd1e-04trmiss0_degmodglobal,29,0.7523561460631234,0.7443281710147858,0.35555555555555557,0.6793348626681961,0.35714285714285715,0.0,0.5887530105454581,0.7081284012113299,0.1077117770910263,0.3459957774196352,0.0,0.0,0.0,0.0,0.0,18473,global,0.0
5,2,lr1e-05_bs8_drop0p4_temp2p0_a0p25_b0p05__wd1e-04trmiss0_degmodglobal,8,1e-05,0.0001,0.4,2.0,0.25,0.05,lr1e-05_bs8_drop0p4_temp2p0_a0p25_b0p05__wd1e-04trmiss0_degmodglobal,30,0.7576509458678109,0.7430687844753265,0.35555555555555557,0.6837440337440337,0.35714285714285715,0.0,0.5784466436931065,0.702746970312936,0.11532823422125407,0.5214382878371647,0.0,0.0,0.0,0.0,0.0,18473,global,0.0
5,2,lr1e-05_bs8_drop0p4_temp2p0_a0p25_b0p05__wd1e-04trmiss0_degmodglobal,8,1e-05,0.0001,0.4,2.0,0.25,0.05,lr1e-05_bs8_drop0p4_temp2p0_a0p25_b0p05__wd1e-04trmiss0_degmodglobal,31,0.8011108892304557,0.7427187860012054,0.35555555555555557,0.6837440337440337,0.35714285714285715,0.0,0.5846665160996574,0.7529129385948181,0.10799567188535418,0.4239803957087653,0.0,0.0,0.0,0.0,0.0,18473,global,0.0
5,2,lr1e-05_bs8_drop0p4_temp2p0_a0p25_b0p05__wd1e-04trmiss0_degmodglobal,8,1e-05,0.0001,0.4,2.0,0.25,0.05,lr1e-05_bs8_drop0p4_temp2p0_a0p25_b0p05__wd1e-04trmiss0_degmodglobal,32,0.7462195839200702,0.7427745461463928,0.3333333333333333,0.6731620231620232,0.35714285714285715,0.0,0.5745767951011658,0.7054247260093689,0.09431437509400505,0.3443255232913153,0.0,0.0,0.0,0.0,0.0,18473,global,0.0
5,2,lr1e-05_bs8_drop0p4_temp2p0_a0p25_b0p05__wd1e-04trmiss0_degmodglobal,8,1e-05,0.0001,0.4,2.0,0.25,0.05,lr1e-05_bs8_drop0p4_temp2p0_a0p25_b0p05__wd1e-04trmiss0_degmodglobal,33,0.7354479602405003,0.7424960434436798,0.35555555555555557,0.6837440337440337,0.42857142857142855,0.0,0.5909244162695748,0.6961116365024022,0.08957220188208989,0.33886553772858213,0.0,0.0,0.0,0.0,0.0,18473,global,0.0
5,2,lr1e-05_bs8_drop0p4_temp2p0_a0p25_b0p05__wd1e-04trmiss0_degmodglobal,8,1e-05,0.0001,0.4,2.0,0.25,0.05,lr1e-05_bs8_drop0p4_temp2p0_a0p25_b0p05__wd1e-04trmiss0_degmodglobal,34,0.7574325118746076,0.743317723274231,0.3333333333333333,0.6731620231620232,0.35714285714285715,0.0,0.5786265901156834,0.7117087841033936,0.10217595100402832,0.40359489406858173,0.0,0.0,0.0,0.0,0.0,18473,global,0.0
5,2,lr1e-04_bs16_drop0p2_temp1p0_a0p25_b0p05__wd1e-04trmiss0_degmodglobal,16,0.0001,0.0001,0.2,1.0,0.25,0.05,lr1e-04_bs16_drop0p2_temp1p0_a0p25_b0p05__wd1e-04trmiss0_degmodglobal,1,0.7333005517721176,0.6849545240402222,0.5333333333333333,0.6558080808080808,0.5714285714285714,0.0,0.6823819279670715,0.7176981866359711,0.03959083743393421,0.11409297958016396,0.0,0.0,0.0,0.0,0.0,18473,global,0.0
5,2,lr1e-04_bs16_drop0p2_temp1p0_a0p25_b0p05__wd1e-04trmiss0_degmodglobal,16,0.0001,0.0001,0.2,1.0,0.25,0.05,lr1e-04_bs16_drop0p2_temp1p0_a0p25_b0p05__wd1e-04trmiss0_degmodglobal,2,0.6787090599536896,0.6823311448097229,0.4888888888888889,0.6388158138158139,0.5714285714285714,0.0,0.6437932550907135,0.6648040562868118,0.037129729986190796,0.09245152957737446,0.0,0.0,0.0,0.0,0.0,18473,global,0.0
5,2,lr1e-04_bs16_drop0p2_temp1p0_a0p25_b0p05__wd1e-04trmiss0_degmodglobal,16,0.0001,0.0001,0.2,1.0,0.25,0.05,lr1e-04_bs16_drop0p2_temp1p0_a0p25_b0p05__wd1e-04trmiss0_degmodglobal,3,0.6821769773960114,0.6810853481292725,0.4666666666666667,0.6765262515262516,0.5714285714285714,0.0,0.6442753821611404,0.6718638241291046,0.0277052647434175,0.06773621495813131,0.0,0.0,0.0,0.0,0.0,18473,global,0.0
5,2,lr1e-04_bs16_drop0p2_temp1p0_a0p25_b0p05__wd1e-04trmiss0_degmodglobal,16,0.0001,0.0001,0.2,1.0,0.25,0.05,lr1e-04_bs16_drop0p2_temp1p0_a0p25_b0p05__wd1e-04trmiss0_degmodglobal,4,0.6583863347768784,0.681433379650116,0.4666666666666667,0.6765262515262516,0.5714285714285714,0.0,0.6120228320360184,0.6482094675302505,0.026780977379530668,0.06963229831308126,0.0,0.0,0.0,0.0,0.0,18473,global,0.0
5,2,lr1e-04_bs16_drop0p2_temp1p0_a0p25_b0p05__wd1e-04trmiss0_degmodglobal,16,0.0001,0.0001,0.2,1.0,0.25,0.05,lr1e-04_bs16_drop0p2_temp1p0_a0p25_b0p05__wd1e-04trmiss0_degmodglobal,5,0.6558090150356293,0.6872406601905823,0.4666666666666667,0.6765262515262516,0.5714285714285714,0.0,0.6207292079925537,0.6428056806325912,0.03139282530173659,0.10310227796435356,0.0,0.0,0.0,0.0,0.0,18473,global,0.0
5,2,lr1e-04_bs16_drop0p2_temp1p0_a0p25_b0p05__wd1e-04trmiss0_degmodglobal,16,0.0001,0.0001,0.2,1.0,0.25,0.05,lr1e-04_bs16_drop0p2_temp1p0_a0p25_b0p05__wd1e-04trmiss0_degmodglobal,6,0.6483115553855896,0.68546062707901,0.4888888888888889,0.6876373626373626,0.5714285714285714,0.0,0.605931356549263,0.634075939655304,0.03300994820892811,0.11966235749423504,0.0,0.0,0.0,0.0,0.0,18473,global,0.0
5,2,lr1e-04_bs16_drop0p2_temp1p0_a0p25_b0p05__wd1e-04trmiss0_degmodglobal,16,0.0001,0.0001,0.2,1.0,0.25,0.05,lr1e-04_bs16_drop0p2_temp1p0_a0p25_b0p05__wd1e-04trmiss0_degmodglobal,7,0.6109442710876465,0.6835131049156189,0.5111111111111111,0.7043040293040292,0.5714285714285714,0.0,0.5978572368621826,0.6000262498855591,0.02859853347763419,0.07536744326353073,0.0,0.0,0.0,0.0,0.0,18473,global,0.0
5,2,lr1e-04_bs16_drop0p2_temp1p0_a0p25_b0p05__wd1e-04trmiss0_degmodglobal,16,0.0001,0.0001,0.2,1.0,0.25,0.05,lr1e-04_bs16_drop0p2_temp1p0_a0p25_b0p05__wd1e-04trmiss0_degmodglobal,8,0.6185582727193832,0.6825807094573975,0.4888888888888889,0.6487484737484738,0.5714285714285714,0.0,0.5782079547643661,0.6059543937444687,0.03053526720032096,0.09940138831734657,0.0,0.0,0.0,0.0,0.0,18473,global,0.0
5,2,lr1e-04_bs16_drop0p2_temp1p0_a0p25_b0p05__wd1e-04trmiss0_degmodglobal,16,0.0001,0.0001,0.2,1.0,0.25,0.05,lr1e-04_bs16_drop0p2_temp1p0_a0p25_b0p05__wd1e-04trmiss0_degmodglobal,9,0.6398363560438156,0.6816291213035583,0.4888888888888889,0.6487484737484738,0.5714285714285714,0.0,0.5584245026111603,0.6234884113073349,0.042802078649401665,0.11294860299676657,0.0,0.0,0.0,0.0,0.0,18473,global,0.0
5,2,lr1e-04_bs16_drop0p2_temp1p0_a0p25_b0p05__wd1e-04trmiss0_degmodglobal,16,0.0001,0.0001,0.2,1.0,0.25,0.05,lr1e-04_bs16_drop0p2_temp1p0_a0p25_b0p05__wd1e-04trmiss0_degmodglobal,10,0.6338112652301788,0.6783029437065125,0.5111111111111111,0.7043040293040292,0.5714285714285714,0.0,0.5965663343667984,0.6239401549100876,0.027068537659943104,0.06207970157265663,0.0,0.0,0.0,0.0,0.0,18473,global,0.0
5,2,lr1e-04_bs16_drop0p2_temp1p0_a0p25_b0p05__wd1e-04trmiss0_degmodglobal,16,0.0001,0.0001,0.2,1.0,0.25,0.05,lr1e-04_bs16_drop0p2_temp1p0_a0p25_b0p05__wd1e-04trmiss0_degmodglobal,11,0.6083286106586456,0.6775036454200745,0.5333333333333333,0.7081400081400082,0.5714285714285714,0.0,0.5756118595600128,0.5951530635356903,0.034022021340206265,0.09340056264773011,0.0,0.0,0.0,0.0,0.0,18473,global,0.0
5,2,lr1e-04_bs16_drop0p2_temp1p0_a0p25_b0p05__wd1e-04trmiss0_degmodglobal,16,0.0001,0.0001,0.2,1.0,0.25,0.05,lr1e-04_bs16_drop0p2_temp1p0_a0p25_b0p05__wd1e-04trmiss0_degmodglobal,12,0.6114788204431534,0.6794675588607788,0.5111111111111111,0.6982193732193733,0.5714285714285714,0.0,0.566451758146286,0.5990236103534698,0.03250892227515578,0.08655961602926254,0.0,0.0,0.0,0.0,0.0,18473,global,0.0
5,2,lr1e-04_bs16_drop0p2_temp1p0_a0p25_b0p05__wd1e-04trmiss0_degmodglobal,16,0.0001,0.0001,0.2,1.0,0.25,0.05,lr1e-04_bs16_drop0p2_temp1p0_a0p25_b0p05__wd1e-04trmiss0_degmodglobal,13,0.5837263762950897,0.683350145816803,0.4888888888888889,0.6797008547008547,0.5714285714285714,0.0,0.5766512602567673,0.5709568858146667,0.031686577713117,0.09695722069591284,0.0,0.0,0.0,0.0,0.0,18473,global,0.0
5,2,lr1e-04_bs16_drop0p2_temp1p0_a0p25_b0p05__wd1e-04trmiss0_degmodglobal,16,0.0001,0.0001,0.2,1.0,0.25,0.05,lr1e-04_bs16_drop0p2_temp1p0_a0p25_b0p05__wd1e-04trmiss0_degmodglobal,14,0.5858444720506668,0.6833087801933289,0.5111111111111111,0.6896214896214896,0.5,0.0,0.5764954537153244,0.5727269947528839,0.03935559280216694,0.06557139568030834,0.0,0.0,0.0,0.0,0.0,18473,global,0.0
5,2,lr1e-04_bs16_drop0p2_temp1p0_a0p25_b0p05__wd1e-04trmiss0_degmodglobal,16,0.0001,0.0001,0.2,1.0,0.25,0.05,lr1e-04_bs16_drop0p2_temp1p0_a0p25_b0p05__wd1e-04trmiss0_degmodglobal,15,0.5845918506383896,0.682149350643158,0.5111111111111111,0.6525844525844526,0.5,0.0,0.5678873956203461,0.5730704665184021,0.03129732050001621,0.07394071854650974,0.0,0.0,0.0,0.0,0.0,18473,global,0.0
5,2,lr1e-04_bs16_drop0p2_temp1p0_a0p25_b0p05__wd1e-04trmiss0_degmodglobal,16,0.0001,0.0001,0.2,1.0,0.25,0.05,lr1e-04_bs16_drop0p2_temp1p0_a0p25_b0p05__wd1e-04trmiss0_degmodglobal,16,0.5814212262630463,0.6849759817123413,0.4888888888888889,0.6426638176638177,0.5,0.0,0.5564546138048172,0.5699789673089981,0.030017059296369553,0.07875999622046947,0.0,0.0,0.0,0.0,0.0,18473,global,0.0
5,2,lr1e-04_bs16_drop0p2_temp1p0_a0p25_b0p05__wd1e-04trmiss0_degmodglobal,16,0.0001,0.0001,0.2,1.0,0.25,0.05,lr1e-04_bs16_drop0p2_temp1p0_a0p25_b0p05__wd1e-04trmiss0_degmodglobal,17,0.5918935984373093,0.685651957988739,0.5333333333333333,0.6692511192511194,0.5,0.0,0.5768104195594788,0.5827360451221466,0.027771255234256387,0.04429446836002171,0.0,0.0,0.0,0.0,0.0,18473,global,0.0
5,2,lr1e-04_bs16_drop0p2_temp1p0_a0p25_b0p05__wd1e-04trmiss0_degmodglobal,16,0.0001,0.0001,0.2,1.0,0.25,0.05,lr1e-04_bs16_drop0p2_temp1p0_a0p25_b0p05__wd1e-04trmiss0_degmodglobal,18,0.5746551901102066,0.6858741641044617,0.5111111111111111,0.6525844525844526,0.5,0.0,0.5698101818561554,0.5599907636642456,0.03712005540728569,0.10768808797001839,0.0,0.0,0.0,0.0,0.0,18473,global,0.0
5,2,lr1e-04_bs16_drop0p2_temp1p0_a0p25_b0p05__wd1e-04trmiss0_degmodglobal,16,0.0001,0.0001,0.2,1.0,0.25,0.05,lr1e-04_bs16_drop0p2_temp1p0_a0p25_b0p05__wd1e-04trmiss0_degmodglobal,19,0.5605162531137466,0.6822800040245056,0.5555555555555556,0.7451770451770452,0.5,0.0,0.5578741431236267,0.5475831478834152,0.035035043489187956,0.08348650764673948,0.0,0.0,0.0,0.0,0.0,18473,global,0.0
5,2,lr1e-04_bs16_drop0p2_temp1p0_a0p25_b0p05__wd1e-04trmiss0_degmodglobal,16,0.0001,0.0001,0.2,1.0,0.25,0.05,lr1e-04_bs16_drop0p2_temp1p0_a0p25_b0p05__wd1e-04trmiss0_degmodglobal,20,0.5671512633562088,0.6794484257698059,0.5555555555555556,0.7547730047730048,0.5714285714285714,0.0,0.5457635968923569,0.556313544511795,0.031153138726949692,0.060988434590399265,0.0,0.0,0.0,0.0,0.0,18473,global,0.0
5,2,lr1e-04_bs16_drop0p2_temp1p0_a0p25_b0p05__wd1e-04trmiss0_degmodglobal,16,0.0001,0.0001,0.2,1.0,0.25,0.05,lr1e-04_bs16_drop0p2_temp1p0_a0p25_b0p05__wd1e-04trmiss0_degmodglobal,21,0.5875093936920166,0.6806074380874634,0.5333333333333332,0.6714396714396714,0.5714285714285714,0.0,0.5830903202295303,0.5745087414979935,0.03410568414255977,0.0894842017441988,0.0,0.0,0.0,0.0,0.0,18473,global,0.0
5,2,lr1e-04_bs16_drop0p2_temp1p0_a0p25_b0p05__wd1e-04trmiss0_degmodglobal,16,0.0001,0.0001,0.2,1.0,0.25,0.05,lr1e-04_bs16_drop0p2_temp1p0_a0p25_b0p05__wd1e-04trmiss0_degmodglobal,22,0.5601856410503387,0.6819188594818115,0.5111111111111111,0.701069301069301,0.5,0.0,0.5615405887365341,0.5484419167041779,0.03253162885084748,0.07221679016947746,0.0,0.0,0.0,0.0,0.0,18473,global,0.0
5,2,lr1e-04_bs16_drop0p2_temp1p0_a0p25_b0p05__wd1e-04trmiss0_degmodglobal,16,0.0001,0.0001,0.2,1.0,0.25,0.05,lr1e-04_bs16_drop0p2_temp1p0_a0p25_b0p05__wd1e-04trmiss0_degmodglobal,23,0.5755945295095444,0.6773237586021423,0.5333333333333333,0.7381063381063382,0.5714285714285714,0.0,0.5504304021596909,0.5642565935850143,0.03145801043137908,0.06946865376085043,0.0,0.0,0.0,0.0,0.0,18473,global,0.0
5,2,lr1e-04_bs16_drop0p2_temp1p0_a0p25_b0p05__wd1e-04trmiss0_degmodglobal,16,0.0001,0.0001,0.2,1.0,0.25,0.05,lr1e-04_bs16_drop0p2_temp1p0_a0p25_b0p05__wd1e-04trmiss0_degmodglobal,24,0.5884475558996201,0.6802995204925537,0.5111111111111111,0.7281857031857033,0.5,0.0,0.5473876744508743,0.5766462087631226,0.030735701322555542,0.08234859071671963,0.0,0.0,0.0,0.0,0.0,18473,global,0.0
5,2,lr1e-04_bs16_drop0p2_temp1p0_a0p25_b0p05__wd1e-04trmiss0_degmodglobal,16,0.0001,0.0001,0.2,1.0,0.25,0.05,lr1e-04_bs16_drop0p2_temp1p0_a0p25_b0p05__wd1e-04trmiss0_degmodglobal,25,0.5522582232952118,0.6793641448020935,0.4888888888888889,0.7207782957782958,0.5,0.0,0.5474588125944138,0.5409514009952545,0.03142945794388652,0.06898919632658362,0.0,0.0,0.0,0.0,0.0,18473,global,0.0
5,2,lr1e-04_bs16_drop0p2_temp1p0_a0p25_b0p05__wd1e-04trmiss0_degmodglobal,16,0.0001,0.0001,0.2,1.0,0.25,0.05,lr1e-04_bs16_drop0p2_temp1p0_a0p25_b0p05__wd1e-04trmiss0_degmodglobal,26,0.5765339136123657,0.6804799437522888,0.4888888888888888,0.6911486661486661,0.5,0.0,0.5512289851903915,0.564664676785469,0.030936782248318195,0.08270085789263248,0.0,0.0,0.0,0.0,0.0,18473,global,0.0
5,2,lr1e-04_bs16_drop0p2_temp1p0_a0p25_b0p05__wd1e-04trmiss0_degmodglobal,16,0.0001,0.0001,0.2,1.0,0.25,0.05,lr1e-04_bs16_drop0p2_temp1p0_a0p25_b0p05__wd1e-04trmiss0_degmodglobal,27,0.5893978029489517,0.682981550693512,0.4888888888888888,0.6825507825507826,0.5,0.0,0.5771864429116249,0.5761808156967163,0.034792762249708176,0.0903762155212462,0.0,0.0,0.0,0.0,0.0,18473,global,0.0
5,2,lr1e-04_bs16_drop0p2_temp1p0_a0p25_b0p05__wd1e-04trmiss0_degmodglobal,16,0.0001,0.0001,0.2,1.0,0.25,0.05,lr1e-04_bs16_drop0p2_temp1p0_a0p25_b0p05__wd1e-04trmiss0_degmodglobal,28,0.5663551688194275,0.6797550320625305,0.5333333333333333,0.7381063381063382,0.5,0.0,0.5314572006464005,0.5559444278478622,0.028226053109392524,0.06708448147401214,0.0,0.0,0.0,0.0,0.0,18473,global,0.0
5,2,lr1e-04_bs16_drop0p2_temp1p0_a0p25_b0p05__wd1e-04trmiss0_degmodglobal,16,0.0001,0.0001,0.2,1.0,0.25,0.05,lr1e-04_bs16_drop0p2_temp1p0_a0p25_b0p05__wd1e-04trmiss0_degmodglobal,29,0.5567574054002762,0.6776188015937805,0.5333333333333333,0.7381063381063382,0.5,0.0,0.5317186340689659,0.5451606661081314,0.03143449919298291,0.07476225029677153,0.0,0.0,0.0,0.0,0.0,18473,global,0.0
5,2,lr1e-04_bs16_drop0p2_temp1p0_a0p25_b0p05__wd1e-04trmiss0_degmodglobal,16,0.0001,0.0001,0.2,1.0,0.25,0.05,lr1e-04_bs16_drop0p2_temp1p0_a0p25_b0p05__wd1e-04trmiss0_degmodglobal,30,0.5493455082178116,0.6832941770553589,0.4888888888888888,0.6936618936618937,0.42857142857142855,0.0,0.528706505894661,0.537440836429596,0.032298577949404716,0.0766005446203053,0.0,0.0,0.0,0.0,0.0,18473,global,0.0
5,2,lr1e-04_bs16_drop0p2_temp1p0_a0p25_b0p05__wd1e-04trmiss0_degmodglobal,16,0.0001,0.0001,0.2,1.0,0.25,0.05,lr1e-04_bs16_drop0p2_temp1p0_a0p25_b0p05__wd1e-04trmiss0_degmodglobal,31,0.5498900711536407,0.6795976758003235,0.5111111111111111,0.701069301069301,0.5,0.0,0.5212477743625641,0.5354046449065208,0.03983309771865606,0.09054323937743902,0.0,0.0,0.0,0.0,0.0,18473,global,0.0
5,2,lr1e-04_bs16_drop0p2_temp1p0_a0p25_b0p05__wd1e-04trmiss0_degmodglobal,16,0.0001,0.0001,0.2,1.0,0.25,0.05,lr1e-04_bs16_drop0p2_temp1p0_a0p25_b0p05__wd1e-04trmiss0_degmodglobal,32,0.5532240718603134,0.6814820766448975,0.5111111111111111,0.701069301069301,0.5714285714285714,0.0,0.5195958912372589,0.5410824120044708,0.03371460735797882,0.0742603549733758,0.0,0.0,0.0,0.0,0.0,18473,global,0.0
5,2,lr1e-04_bs16_drop0p2_temp1p0_a0p25_b0p05__wd1e-04trmiss0_degmodglobal,16,0.0001,0.0001,0.2,1.0,0.25,0.05,lr1e-04_bs16_drop0p2_temp1p0_a0p25_b0p05__wd1e-04trmiss0_degmodglobal,33,0.533779188990593,0.6830474138259888,0.5111111111111111,0.7306989306989307,0.42857142857142855,0.0,0.5288613438606262,0.5225198417901993,0.03144998149946332,0.0679371627047658,0.0,0.0,0.0,0.0,0.0,18473,global,0.0
5,2,lr1e-04_bs16_drop0p2_temp1p0_a0p25_b0p05__wd1e-04trmiss0_degmodglobal,16,0.0001,0.0001,0.2,1.0,0.25,0.05,lr1e-04_bs16_drop0p2_temp1p0_a0p25_b0p05__wd1e-04trmiss0_degmodglobal,34,0.5381304323673248,0.6800701022148132,0.5333333333333333,0.7381063381063382,0.5,0.0,0.5265189111232758,0.5237202867865562,0.039462968707084656,0.09088834002614021,0.0,0.0,0.0,0.0,0.0,18473,global,0.0
5,2,lr1e-04_bs16_drop0p2_temp1p0_a0p25_b0p05__wd1e-04trmiss0_degmodglobal,16,0.0001,0.0001,0.2,1.0,0.25,0.05,lr1e-04_bs16_drop0p2_temp1p0_a0p25_b0p05__wd1e-04trmiss0_degmodglobal,35,0.5304272323846817,0.683976948261261,0.5111111111111111,0.701069301069301,0.5714285714285714,0.0,0.5287522077560425,0.520358569920063,0.030118295922875404,0.05078131519258022,0.0,0.0,0.0,0.0,0.0,18473,global,0.0
5,2,lr1e-04_bs16_drop0p2_temp1p0_a0p25_b0p05__wd1e-04trmiss0_degmodglobal,16,0.0001,0.0001,0.2,1.0,0.25,0.05,lr1e-04_bs16_drop0p2_temp1p0_a0p25_b0p05__wd1e-04trmiss0_degmodglobal,36,0.5649529844522476,0.6869884729385376,0.4888888888888888,0.6825507825507826,0.5,0.0,0.5560527145862579,0.553700178861618,0.0324807190336287,0.06265246216207743,0.0,0.0,0.0,0.0,0.0,18473,global,0.0
5,2,lr1e-04_bs16_drop0p2_temp1p0_a0p25_b0p05__wd1e-04trmiss0_degmodglobal,16,0.0001,0.0001,0.2,1.0,0.25,0.05,lr1e-04_bs16_drop0p2_temp1p0_a0p25_b0p05__wd1e-04trmiss0_degmodglobal,37,0.5294530540704727,0.6820282340049744,0.4888888888888888,0.6825507825507826,0.5,0.0,0.52264104783535,0.5166880935430527,0.03239619079977274,0.09331875294446945,0.0,0.0,0.0,0.0,0.0,18473,global,0.0
5,2,lr1e-04_bs16_drop0p2_temp1p0_a0p25_b0p05__wd1e-04trmiss0_degmodglobal,16,0.0001,0.0001,0.2,1.0,0.25,0.05,lr1e-04_bs16_drop0p2_temp1p0_a0p25_b0p05__wd1e-04trmiss0_degmodglobal,38,0.5351235270500183,0.6795147061347961,0.4888888888888888,0.6825507825507826,0.5714285714285714,0.0,0.5253043323755264,0.5236975699663162,0.031450534239411354,0.07126641366630793,0.0,0.0,0.0,0.0,0.0,18473,global,0.0
5,2,lr1e-04_bs16_drop0p2_temp1p0_a0p25_b0p05__wd1e-04trmiss0_degmodglobal,16,0.0001,0.0001,0.2,1.0,0.25,0.05,lr1e-04_bs16_drop0p2_temp1p0_a0p25_b0p05__wd1e-04trmiss0_degmodglobal,39,0.5610532164573669,0.6755712628364563,0.4888888888888888,0.6825507825507826,0.5714285714285714,0.0,0.5322641283273697,0.5481559336185455,0.03498878702521324,0.08300189627334476,0.0,0.0,0.0,0.0,0.0,18473,global,0.0
5,2,lr1e-04_bs16_drop0p2_temp1p0_a0p25_b0p05__wd1e-04trmiss0_degmodglobal,16,0.0001,0.0001,0.2,1.0,0.25,0.05,lr1e-04_bs16_drop0p2_temp1p0_a0p25_b0p05__wd1e-04trmiss0_degmodglobal,40,0.5243041291832924,0.6740974187850952,0.4888888888888888,0.6825507825507826,0.5714285714285714,0.0,0.5062954500317574,0.5120896548032761,0.034587841015309095,0.07135010231286287,0.0,0.0,0.0,0.0,0.0,18473,global,0.0
5,2,lr1e-04_bs16_drop0p2_temp2p0_a0p25_b0p05__wd1e-04trmiss0_degmodglobal,16,0.0001,0.0001,0.2,2.0,0.25,0.05,lr1e-04_bs16_drop0p2_temp2p0_a0p25_b0p05__wd1e-04trmiss0_degmodglobal,1,0.6764154434204102,0.6896787881851196,0.5555555555555556,0.7056147556147556,0.5714285714285714,0.0,0.6662411093711853,0.6612051725387573,0.044294942170381546,0.08273064624518156,0.0,0.0,0.0,0.0,0.0,18473,global,0.0
5,2,lr1e-04_bs16_drop0p2_temp2p0_a0p25_b0p05__wd1e-04trmiss0_degmodglobal,16,0.0001,0.0001,0.2,2.0,0.25,0.05,lr1e-04_bs16_drop0p2_temp2p0_a0p25_b0p05__wd1e-04trmiss0_degmodglobal,2,0.6439219415187836,0.6824821829795837,0.5111111111111111,0.6908609908609908,0.5,0.0,0.6100063174962997,0.626907154917717,0.05172071885317564,0.08169227000325918,0.0,0.0,0.0,0.0,0.0,18473,global,0.0
5,2,lr1e-04_bs16_drop0p2_temp2p0_a0p25_b0p05__wd1e-04trmiss0_degmodglobal,16,0.0001,0.0001,0.2,2.0,0.25,0.05,lr1e-04_bs16_drop0p2_temp2p0_a0p25_b0p05__wd1e-04trmiss0_degmodglobal,3,0.6235712766647339,0.6798275113105774,0.5777777777777778,0.7408609908609909,0.5,0.0,0.5994707942008972,0.6091804951429367,0.04347726982086897,0.07042903825640678,0.0,0.0,0.0,0.0,0.0,18473,global,0.0
5,2,lr1e-04_bs16_drop0p2_temp2p0_a0p25_b0p05__wd1e-04trmiss0_degmodglobal,16,0.0001,0.0001,0.2,2.0,0.25,0.05,lr1e-04_bs16_drop0p2_temp2p0_a0p25_b0p05__wd1e-04trmiss0_degmodglobal,4,0.6303851455450058,0.680978536605835,0.5555555555555556,0.726046176046176,0.5,0.0,0.5919618308544159,0.6135053336620331,0.04906404763460159,0.09227601252496243,0.0,0.0,0.0,0.0,0.0,18473,global,0.0
5,2,lr1e-04_bs16_drop0p2_temp2p0_a0p25_b0p05__wd1e-04trmiss0_degmodglobal,16,0.0001,0.0001,0.2,2.0,0.25,0.05,lr1e-04_bs16_drop0p2_temp2p0_a0p25_b0p05__wd1e-04trmiss0_degmodglobal,5,0.5838898569345474,0.6879295706748962,0.5111111111111111,0.7259139009139011,0.5,0.0,0.5547065734863281,0.5639217495918274,0.05425268039107323,0.12809853442013264,0.0,0.0,0.0,0.0,0.0,18473,global,0.0
5,2,lr1e-04_bs16_drop0p2_temp2p0_a0p25_b0p05__wd1e-04trmiss0_degmodglobal,16,0.0001,0.0001,0.2,2.0,0.25,0.05,lr1e-04_bs16_drop0p2_temp2p0_a0p25_b0p05__wd1e-04trmiss0_degmodglobal,6,0.6191632747650146,0.6978930234909058,0.48888888888888893,0.7148027898027898,0.42857142857142855,0.0,0.5598264187574387,0.598967045545578,0.05065047927200794,0.1506724338978529,0.0,0.0,0.0,0.0,0.0,18473,global,0.0
5,2,lr1e-04_bs16_drop0p2_temp2p0_a0p25_b0p05__wd1e-04trmiss0_degmodglobal,16,0.0001,0.0001,0.2,2.0,0.25,0.05,lr1e-04_bs16_drop0p2_temp2p0_a0p25_b0p05__wd1e-04trmiss0_degmodglobal,7,0.576088160276413,0.6981571316719055,0.5111111111111111,0.7259139009139011,0.35714285714285715,0.0,0.5225129723548889,0.5539126843214035,0.06885959580540657,0.09921193681657314,0.0,0.0,0.0,0.0,0.0,18473,global,0.0
5,2,lr1e-04_bs16_drop0p2_temp2p0_a0p25_b0p05__wd1e-04trmiss0_degmodglobal,16,0.0001,0.0001,0.2,2.0,0.25,0.05,lr1e-04_bs16_drop0p2_temp2p0_a0p25_b0p05__wd1e-04trmiss0_degmodglobal,8,0.5692407488822937,0.6959694623947144,0.5111111111111111,0.7259139009139011,0.42857142857142855,0.0,0.5217407792806625,0.5463226735591888,0.06753178685903549,0.12070217169821262,0.0,0.0,0.0,0.0,0.0,18473,global,0.0
5,2,lr1e-04_bs16_drop0p2_temp2p0_a0p25_b0p05__wd1e-04trmiss0_degmodglobal,16,0.0001,0.0001,0.2,2.0,0.25,0.05,lr1e-04_bs16_drop0p2_temp2p0_a0p25_b0p05__wd1e-04trmiss0_degmodglobal,9,0.5869618058204651,0.6930767297744751,0.5555555555555556,0.7531625781625781,0.42857142857142855,0.0,0.5187410190701485,0.5591082125902176,0.08091301564127207,0.15250682458281517,0.0,0.0,0.0,0.0,0.0,18473,global,0.0
5,2,lr1e-04_bs16_drop0p2_temp2p0_a0p25_b0p05__wd1e-04trmiss0_degmodglobal,16,0.0001,0.0001,0.2,2.0,0.25,0.05,lr1e-04_bs16_drop0p2_temp2p0_a0p25_b0p05__wd1e-04trmiss0_degmodglobal,10,0.5809385627508163,0.6973393559455872,0.5333333333333333,0.7425805675805677,0.35714285714285715,0.0,0.5332001000642776,0.5593083500862122,0.06579136103391647,0.10364707373082638,0.0,0.0,0.0,0.0,0.0,18473,global,0.0
5,2,lr1e-04_bs16_drop0p2_temp2p0_a0p25_b0p05__wd1e-04trmiss0_degmodglobal,16,0.0001,0.0001,0.2,2.0,0.25,0.05,lr1e-04_bs16_drop0p2_temp2p0_a0p25_b0p05__wd1e-04trmiss0_degmodglobal,11,0.5348643213510513,0.6960321068763733,0.5111111111111111,0.7055435305435305,0.35714285714285715,0.0,0.5270631313323975,0.5142409801483154,0.06225456949323416,0.10119408369064331,0.0,0.0,0.0,0.0,0.0,18473,global,0.0
5,2,lr1e-04_bs16_drop0p2_temp2p0_a0p25_b0p05__wd1e-04trmiss0_degmodglobal,16,0.0001,0.0001,0.2,2.0,0.25,0.05,lr1e-04_bs16_drop0p2_temp2p0_a0p25_b0p05__wd1e-04trmiss0_degmodglobal,12,0.5818821936845779,0.6942299008369446,0.48888888888888893,0.6988095238095238,0.35714285714285715,0.0,0.4906778782606125,0.5498773902654648,0.08469756413251162,0.21660824492573738,0.0,0.0,0.0,0.0,0.0,18473,global,0.0
5,2,lr1e-04_bs16_drop0p2_temp2p0_a0p25_b0p05__wd1e-04trmiss0_degmodglobal,16,0.0001,0.0001,0.2,2.0,0.25,0.05,lr1e-04_bs16_drop0p2_temp2p0_a0p25_b0p05__wd1e-04trmiss0_degmodglobal,13,0.5617185831069946,0.6948163509368896,0.5111111111111111,0.735846560846561,0.35714285714285715,0.0,0.5336384922266006,0.5385566204786301,0.06570940557867289,0.13469207845628262,0.0,0.0,0.0,0.0,0.0,18473,global,0.0
5,2,lr1e-04_bs16_drop0p2_temp2p0_a0p25_b0p05__wd1e-04trmiss0_degmodglobal,16,0.0001,0.0001,0.2,2.0,0.25,0.05,lr1e-04_bs16_drop0p2_temp2p0_a0p25_b0p05__wd1e-04trmiss0_degmodglobal,14,0.5737686604261398,0.6904602646827698,0.4666666666666667,0.7134818884818885,0.5,0.0,0.5027972161769867,0.5472184270620346,0.07873834297060966,0.13731363974511623,0.0,0.0,0.0,0.0,0.0,18473,global,0.0
5,2,lr1e-04_bs16_drop0p2_temp2p0_a0p25_b0p05__wd1e-04trmiss0_degmodglobal,16,0.0001,0.0001,0.2,2.0,0.25,0.05,lr1e-04_bs16_drop0p2_temp2p0_a0p25_b0p05__wd1e-04trmiss0_degmodglobal,15,0.5509600043296814,0.6859419345855713,0.48888888888888893,0.7191798941798941,0.5,0.0,0.5147369056940079,0.5270700454711914,0.07058313861489296,0.12488386780023575,0.0,0.0,0.0,0.0,0.0,18473,global,0.0
5,2,lr1e-04_bs16_drop0p2_temp2p0_a0p25_b0p05__wd1e-04trmiss0_degmodglobal,16,0.0001,0.0001,0.2,2.0,0.25,0.05,lr1e-04_bs16_drop0p2_temp2p0_a0p25_b0p05__wd1e-04trmiss0_degmodglobal,16,0.5450324416160583,0.6848822236061096,0.48888888888888893,0.7191798941798941,0.5,0.0,0.5022625476121902,0.5194217935204506,0.07506054174154997,0.13691075518727303,0.0,0.0,0.0,0.0,0.0,18473,global,0.0
5,2,lr1e-04_bs16_drop0p2_temp2p0_a0p25_b0p05__wd1e-04trmiss0_degmodglobal,16,0.0001,0.0001,0.2,2.0,0.25,0.05,lr1e-04_bs16_drop0p2_temp2p0_a0p25_b0p05__wd1e-04trmiss0_degmodglobal,17,0.5340182408690453,0.6855459809303284,0.48888888888888893,0.7191798941798941,0.5,0.0,0.49638984352350235,0.5105914920568466,0.06956806499511003,0.12069449480623007,0.0,0.0,0.0,0.0,0.0,18473,global,0.0
5,2,lr1e-04_bs16_drop0p2_temp2p0_a0p25_b0p05__wd1e-04trmiss0_degmodglobal,16,0.0001,0.0001,0.2,2.0,0.25,0.05,lr1e-04_bs16_drop0p2_temp2p0_a0p25_b0p05__wd1e-04trmiss0_degmodglobal,18,0.5684467554092407,0.6864035725593567,0.48888888888888893,0.7191798941798941,0.5,0.0,0.4966425225138664,0.5375376343727112,0.08895325846970081,0.17341600358486176,0.0,0.0,0.0,0.0,0.0,18473,global,0.0
5,2,lr1e-04_bs16_drop0p2_temp2p0_a0p25_b0p05__wd1e-04trmiss0_degmodglobal,16,0.0001,0.0001,0.2,2.0,0.25,0.05,lr1e-04_bs16_drop0p2_temp2p0_a0p25_b0p05__wd1e-04trmiss0_degmodglobal,19,0.5331982001662254,0.6869839429855347,0.48888888888888893,0.7191798941798941,0.5,0.0,0.4754582867026329,0.5089381709694862,0.07202603295445442,0.12507063057273626,0.0,0.0,0.0,0.0,0.0,18473,global,0.0
5,2,lr1e-04_bs16_drop0p2_temp2p0_a0p25_b0p05__wd1e-04trmiss0_degmodglobal,16,0.0001,0.0001,0.2,2.0,0.25,0.05,lr1e-04_bs16_drop0p2_temp2p0_a0p25_b0p05__wd1e-04trmiss0_degmodglobal,20,0.5516676157712936,0.6887319087982178,0.4666666666666667,0.7134818884818885,0.5,0.0,0.48664841800928116,0.5254092589020729,0.07653121650218964,0.1425111573189497,0.0,0.0,0.0,0.0,0.0,18473,global,0.0
5,2,lr1e-04_bs16_drop0p2_temp2p0_a0p25_b0p05__wd1e-04trmiss0_degmodglobal,16,0.0001,0.0001,0.2,2.0,0.25,0.05,lr1e-04_bs16_drop0p2_temp2p0_a0p25_b0p05__wd1e-04trmiss0_degmodglobal,21,0.5593756288290024,0.6897337436676025,0.48888888888888893,0.7191798941798941,0.5,0.0,0.498153492808342,0.5382269471883774,0.0641510933637619,0.1022182609885931,0.0,0.0,0.0,0.0,0.0,18473,global,0.0
5,2,lr1e-04_bs16_drop0p2_temp2p0_a0p25_b0p05__wd1e-04trmiss0_degmodglobal,16,0.0001,0.0001,0.2,2.0,0.25,0.05,lr1e-04_bs16_drop0p2_temp2p0_a0p25_b0p05__wd1e-04trmiss0_degmodglobal,22,0.5177846774458885,0.6887905597686768,0.5333333333333333,0.7425805675805677,0.5,0.0,0.48696324974298477,0.49027014523744583,0.07660120818763971,0.16728466376662254,0.0,0.0,0.0,0.0,0.0,18473,global,0.0
5,2,lr1e-04_bs16_drop0p2_temp2p0_a0p25_b0p05__wd1e-04trmiss0_degmodglobal,16,0.0001,0.0001,0.2,2.0,0.25,0.05,lr1e-04_bs16_drop0p2_temp2p0_a0p25_b0p05__wd1e-04trmiss0_degmodglobal,23,0.5414977669715881,0.6882331371307373,0.5111111111111111,0.735846560846561,0.5,0.0,0.48969393223524094,0.5102069824934006,0.08991752937436104,0.1762280911207199,0.0,0.0,0.0,0.0,0.0,18473,global,0.0
5,2,lr1e-04_bs16_drop0p2_temp2p0_a0p25_b0p05__wd1e-04trmiss0_degmodglobal,16,0.0001,0.0001,0.2,2.0,0.25,0.05,lr1e-04_bs16_drop0p2_temp2p0_a0p25_b0p05__wd1e-04trmiss0_degmodglobal,24,0.5524074733257294,0.6862642168998718,0.48888888888888893,0.7191798941798941,0.5,0.0,0.4721858873963356,0.5155679732561111,0.10525554977357388,0.21051227673888206,0.0,0.0,0.0,0.0,0.0,18473,global,0.0
5,2,lr1e-04_bs16_drop0p2_temp2p0_a0p25_b0p05__wd1e-04trmiss0_degmodglobal,16,0.0001,0.0001,0.2,2.0,0.25,0.05,lr1e-04_bs16_drop0p2_temp2p0_a0p25_b0p05__wd1e-04trmiss0_degmodglobal,25,0.5418431162834167,0.6864634156227112,0.5111111111111111,0.7297619047619048,0.5,0.0,0.4711211696267128,0.5142178237438202,0.08011450711637735,0.15193343348801136,0.0,0.0,0.0,0.0,0.0,18473,global,0.0
5,2,lr1e-04_bs16_drop0p2_temp2p0_a0p25_b0p05__wd1e-04trmiss0_degmodglobal,16,0.0001,0.0001,0.2,2.0,0.25,0.05,lr1e-04_bs16_drop0p2_temp2p0_a0p25_b0p05__wd1e-04trmiss0_degmodglobal,26,0.561337448656559,0.6850139498710632,0.4888888888888888,0.7226911976911978,0.5,0.0,0.49659717082977295,0.5303687155246735,0.09074562229216099,0.16564643755555153,0.0,0.0,0.0,0.0,0.0,18473,global,0.0
5,2,lr1e-04_bs16_drop0p2_temp2p0_a0p25_b0p05__wd1e-04trmiss0_degmodglobal,16,0.0001,0.0001,0.2,2.0,0.25,0.05,lr1e-04_bs16_drop0p2_temp2p0_a0p25_b0p05__wd1e-04trmiss0_degmodglobal,27,0.5345733463764191,0.6857637763023376,0.5111111111111111,0.7297619047619048,0.5,0.0,0.4526200592517853,0.5077694803476334,0.08620346337556839,0.1050602700561285,0.0,0.0,0.0,0.0,0.0,18473,global,0.0
5,2,lr1e-04_bs16_drop0p2_temp2p0_a0p25_b0p05__wd1e-04trmiss0_degmodglobal,16,0.0001,0.0001,0.2,2.0,0.25,0.05,lr1e-04_bs16_drop0p2_temp2p0_a0p25_b0p05__wd1e-04trmiss0_degmodglobal,28,0.524302177131176,0.686882734298706,0.5111111111111111,0.7297619047619048,0.5,0.0,0.4316973015666008,0.48936790972948074,0.10530724562704563,0.17214919906109571,0.0,0.0,0.0,0.0,0.0,18473,global,0.0
5,2,lr1e-04_bs16_drop0p2_temp2p0_a0p25_b0p05__wd1e-04trmiss0_degmodglobal,16,0.0001,0.0001,0.2,2.0,0.25,0.05,lr1e-04_bs16_drop0p2_temp2p0_a0p25_b0p05__wd1e-04trmiss0_degmodglobal,29,0.5298525542020798,0.6864370703697205,0.5111111111111111,0.7297619047619048,0.5714285714285714,0.0,0.462609700858593,0.5036034733057022,0.08296000026166439,0.11018164455890656,0.0,0.0,0.0,0.0,0.0,18473,global,0.0
5,2,lr1e-04_bs16_drop0p4_temp1p0_a0p25_b0p05__wd1e-04trmiss0_degmodglobal,16,0.0001,0.0001,0.4,1.0,0.25,0.05,lr1e-04_bs16_drop0p4_temp1p0_a0p25_b0p05__wd1e-04trmiss0_degmodglobal,1,0.7887574881315231,0.6875731945037842,0.711111111111111,0.8455618455618457,0.42857142857142855,0.0,0.6938591152429581,0.7628630697727203,0.06571597140282393,0.18930848874151707,0.0,0.0,0.0,0.0,0.0,18473,global,0.0
5,2,lr1e-04_bs16_drop0p4_temp1p0_a0p25_b0p05__wd1e-04trmiss0_degmodglobal,16,0.0001,0.0001,0.4,1.0,0.25,0.05,lr1e-04_bs16_drop0p4_temp1p0_a0p25_b0p05__wd1e-04trmiss0_degmodglobal,2,0.7503194063901901,0.6909496188163757,0.6666666666666666,0.8110500610500613,0.5,0.0,0.6609247326850891,0.722879484295845,0.06852983217686415,0.2061490435153246,0.0,0.0,0.0,0.0,0.0,18473,global,0.0
5,2,lr1e-04_bs16_drop0p4_temp1p0_a0p25_b0p05__wd1e-04trmiss0_degmodglobal,16,0.0001,0.0001,0.4,1.0,0.25,0.05,lr1e-04_bs16_drop0p4_temp1p0_a0p25_b0p05__wd1e-04trmiss0_degmodglobal,3,0.7153297811746597,0.6971906423568726,0.6444444444444444,0.7991452991452992,0.5,0.0,0.6865860372781754,0.6941334754228592,0.05025769304484129,0.1726376935839653,0.0,0.0,0.0,0.0,0.0,18473,global,0.0
5,2,lr1e-04_bs16_drop0p4_temp1p0_a0p25_b0p05__wd1e-04trmiss0_degmodglobal,16,0.0001,0.0001,0.4,1.0,0.25,0.05,lr1e-04_bs16_drop0p4_temp1p0_a0p25_b0p05__wd1e-04trmiss0_degmodglobal,4,0.7526352256536484,0.7040882706642151,0.5777777777777777,0.7695878195878196,0.42857142857142855,0.0,0.6624127924442291,0.7130988538265228,0.09348432440310717,0.32330574840307236,0.0,0.0,0.0,0.0,0.0,18473,global,0.0
5,2,lr1e-04_bs16_drop0p4_temp1p0_a0p25_b0p05__wd1e-04trmiss0_degmodglobal,16,0.0001,0.0001,0.4,1.0,0.25,0.05,lr1e-04_bs16_drop0p4_temp1p0_a0p25_b0p05__wd1e-04trmiss0_degmodglobal,5,0.7403914779424667,0.7125834226608276,0.5555555555555556,0.7621804121804123,0.42857142857142855,0.0,0.5893232673406601,0.7036575973033905,0.09217559825628996,0.2737996131181717,0.0,0.0,0.0,0.0,0.0,18473,global,0.0
5,2,lr1e-04_bs16_drop0p4_temp1p0_a0p25_b0p05__wd1e-04trmiss0_degmodglobal,16,0.0001,0.0001,0.4,1.0,0.25,0.05,lr1e-04_bs16_drop0p4_temp1p0_a0p25_b0p05__wd1e-04trmiss0_degmodglobal,6,0.6872457414865494,0.7167290449142456,0.4888888888888889,0.7207782957782958,0.42857142857142855,0.0,0.5918135941028595,0.6631515026092529,0.0560756241902709,0.20150692574679852,0.0,0.0,0.0,0.0,0.0,18473,global,0.0
5,2,lr1e-04_bs16_drop0p4_temp1p0_a0p25_b0p05__wd1e-04trmiss0_degmodglobal,16,0.0001,0.0001,0.4,1.0,0.25,0.05,lr1e-04_bs16_drop0p4_temp1p0_a0p25_b0p05__wd1e-04trmiss0_degmodglobal,7,0.6926867663860321,0.7197850942611694,0.4444444444444444,0.6990851740851742,0.42857142857142855,0.0,0.6167996525764465,0.6510884314775467,0.10485100001096725,0.30771171674132347,0.0,0.0,0.0,0.0,0.0,18473,global,0.0
5,2,lr1e-04_bs16_drop0p4_temp1p0_a0p25_b0p05__wd1e-04trmiss0_degmodglobal,16,0.0001,0.0001,0.4,1.0,0.25,0.05,lr1e-04_bs16_drop0p4_temp1p0_a0p25_b0p05__wd1e-04trmiss0_degmodglobal,8,0.6856476068496704,0.7163652777671814,0.4666666666666667,0.7101962851962853,0.42857142857142855,0.0,0.6381055861711502,0.6566977500915527,0.07622395269572735,0.19787742756307125,0.0,0.0,0.0,0.0,0.0,18473,global,0.0
5,2,lr1e-04_bs16_drop0p4_temp1p0_a0p25_b0p05__wd1e-04trmiss0_degmodglobal,16,0.0001,0.0001,0.4,1.0,0.25,0.05,lr1e-04_bs16_drop0p4_temp1p0_a0p25_b0p05__wd1e-04trmiss0_degmodglobal,9,0.6623612642288208,0.7177320718765259,0.4444444444444444,0.6990851740851742,0.42857142857142855,0.0,0.5906866788864136,0.6340387463569641,0.06773381866514683,0.22778135910630226,0.0,0.0,0.0,0.0,0.0,18473,global,0.0
5,2,lr1e-04_bs16_drop0p4_temp1p0_a0p25_b0p05__wd1e-04trmiss0_degmodglobal,16,0.0001,0.0001,0.4,1.0,0.25,0.05,lr1e-04_bs16_drop0p4_temp1p0_a0p25_b0p05__wd1e-04trmiss0_degmodglobal,10,0.6524668484926224,0.7190182209014893,0.4444444444444444,0.6990851740851742,0.42857142857142855,0.0,0.5839357525110245,0.6211819350719452,0.08188757300376892,0.21626060083508492,0.0,0.0,0.0,0.0,0.0,18473,global,0.0
5,2,lr1e-04_bs16_drop0p4_temp1p0_a0p25_b0p05__wd1e-04trmiss0_degmodglobal,16,0.0001,0.0001,0.4,1.0,0.25,0.05,lr1e-04_bs16_drop0p4_temp1p0_a0p25_b0p05__wd1e-04trmiss0_degmodglobal,11,0.6764543205499649,0.718984842300415,0.4666666666666667,0.7101962851962853,0.42857142857142855,0.0,0.6076233834028244,0.6528134942054749,0.06268475111573935,0.15939276479184628,0.0,0.0,0.0,0.0,0.0,18473,global,0.0
5,2,lr1e-04_bs16_drop0p4_temp1p0_a0p25_b0p05__wd1e-04trmiss0_degmodglobal,16,0.0001,0.0001,0.4,1.0,0.25,0.05,lr1e-04_bs16_drop0p4_temp1p0_a0p25_b0p05__wd1e-04trmiss0_degmodglobal,12,0.6447506248950958,0.7188897728919983,0.4666666666666667,0.7064925814925815,0.42857142857142855,0.0,0.5694393664598465,0.6123281866312027,0.08495871629565954,0.22365559078752995,0.0,0.0,0.0,0.0,0.0,18473,global,0.0
5,2,lr1e-04_bs16_drop0p4_temp1p0_a0p25_b0p05__wd1e-04trmiss0_degmodglobal,16,0.0001,0.0001,0.4,1.0,0.25,0.05,lr1e-04_bs16_drop0p4_temp1p0_a0p25_b0p05__wd1e-04trmiss0_degmodglobal,13,0.6694827377796173,0.716339647769928,0.5111111111111111,0.7281857031857033,0.42857142857142855,0.0,0.5667435526847839,0.6388054192066193,0.07942038541659713,0.21644474379718304,0.0,0.0,0.0,0.0,0.0,18473,global,0.0
5,2,lr1e-04_bs16_drop0p4_temp1p0_a0p25_b0p05__wd1e-04trmiss0_degmodglobal,16,0.0001,0.0001,0.4,1.0,0.25,0.05,lr1e-04_bs16_drop0p4_temp1p0_a0p25_b0p05__wd1e-04trmiss0_degmodglobal,14,0.6557869613170624,0.7115992307662964,0.5111111111111111,0.6982193732193733,0.42857142857142855,0.0,0.587486520409584,0.6222159266471863,0.08393310569226742,0.25175512209534645,0.0,0.0,0.0,0.0,0.0,18473,global,0.0
5,2,lr1e-04_bs16_drop0p4_temp1p0_a0p25_b0p05__wd1e-04trmiss0_degmodglobal,16,0.0001,0.0001,0.4,1.0,0.25,0.05,lr1e-04_bs16_drop0p4_temp1p0_a0p25_b0p05__wd1e-04trmiss0_degmodglobal,15,0.6685447841882706,0.7082220315933228,0.5111111111111111,0.6982193732193733,0.42857142857142855,0.0,0.5480139628052711,0.6137905567884445,0.14580092392861843,0.366080179810524,0.0,0.0,0.0,0.0,0.0,18473,global,0.0
5,2,lr1e-04_bs16_drop0p4_temp1p0_a0p25_b0p05__wd1e-04trmiss0_degmodglobal,16,0.0001,0.0001,0.4,1.0,0.25,0.05,lr1e-04_bs16_drop0p4_temp1p0_a0p25_b0p05__wd1e-04trmiss0_degmodglobal,16,0.6840553879737854,0.7109590768814087,0.5111111111111111,0.7246743996743998,0.42857142857142855,0.0,0.5736669450998306,0.6358517408370972,0.11919235251843929,0.36811114847660065,0.0,0.0,0.0,0.0,0.0,18473,global,0.0
5,2,lr1e-04_bs16_drop0p4_temp1p0_a0p25_b0p05__wd1e-04trmiss0_degmodglobal,16,0.0001,0.0001,0.4,1.0,0.25,0.05,lr1e-04_bs16_drop0p4_temp1p0_a0p25_b0p05__wd1e-04trmiss0_degmodglobal,17,0.6694039702415466,0.7096962332725525,0.5111111111111111,0.7246743996743998,0.42857142857142855,0.0,0.5565822124481201,0.638847753405571,0.08252283371984959,0.19850968196988106,0.0,0.0,0.0,0.0,0.0,18473,global,0.0
5,2,lr1e-04_bs16_drop0p4_temp1p0_a0p25_b0p05__wd1e-04trmiss0_degmodglobal,16,0.0001,0.0001,0.4,1.0,0.25,0.05,lr1e-04_bs16_drop0p4_temp1p0_a0p25_b0p05__wd1e-04trmiss0_degmodglobal,18,0.6562710404396057,0.7105904221534729,0.48888888888888893,0.7135632885632885,0.42857142857142855,0.0,0.5497640818357468,0.6141758114099503,0.10993973165750504,0.29220568016171455,0.0,0.0,0.0,0.0,0.0,18473,global,0.0
5,2,lr1e-04_bs16_drop0p4_temp1p0_a0p25_b0p05__wd1e-04trmiss0_degmodglobal,16,0.0001,0.0001,0.4,1.0,0.25,0.05,lr1e-04_bs16_drop0p4_temp1p0_a0p25_b0p05__wd1e-04trmiss0_degmodglobal,19,0.6442541480064392,0.7088411450386047,0.5333333333333333,0.7314084064084065,0.42857142857142855,0.0,0.5434018522500992,0.6004608422517776,0.11722646281123161,0.28973378986120224,0.0,0.0,0.0,0.0,0.0,18473,global,0.0
5,2,lr1e-04_bs16_drop0p4_temp1p0_a0p25_b0p05__wd1e-04trmiss0_degmodglobal,16,0.0001,0.0001,0.4,1.0,0.25,0.05,lr1e-04_bs16_drop0p4_temp1p0_a0p25_b0p05__wd1e-04trmiss0_degmodglobal,20,0.6432181745767593,0.706486165523529,0.5111111111111111,0.7246743996743998,0.42857142857142855,0.0,0.5794238299131393,0.614899143576622,0.0701554249972105,0.21560364216566086,0.0,0.0,0.0,0.0,0.0,18473,global,0.0
5,2,lr1e-04_bs16_drop0p4_temp1p0_a0p25_b0p05__wd1e-04trmiss0_degmodglobal,16,0.0001,0.0001,0.4,1.0,0.25,0.05,lr1e-04_bs16_drop0p4_temp1p0_a0p25_b0p05__wd1e-04trmiss0_degmodglobal,21,0.6387907415628433,0.7039900422096252,0.5111111111111111,0.7246743996743998,0.42857142857142855,0.0,0.5412493348121643,0.5965102761983871,0.1012746524065733,0.33923618122935295,0.0,0.0,0.0,0.0,0.0,18473,global,0.0
5,2,lr1e-04_bs16_drop0p4_temp1p0_a0p25_b0p05__wd1e-04trmiss0_degmodglobal,16,0.0001,0.0001,0.4,1.0,0.25,0.05,lr1e-04_bs16_drop0p4_temp1p0_a0p25_b0p05__wd1e-04trmiss0_degmodglobal,22,0.6666180491447449,0.7047783732414246,0.48888888888888893,0.7135632885632885,0.42857142857142855,0.0,0.5350737497210503,0.6183085888624191,0.12968009151518345,0.3177887089550495,0.0,0.0,0.0,0.0,0.0,18473,global,0.0
5,2,lr1e-04_bs16_drop0p4_temp1p0_a0p25_b0p05__wd1e-04trmiss0_degmodglobal,16,0.0001,0.0001,0.4,1.0,0.25,0.05,lr1e-04_bs16_drop0p4_temp1p0_a0p25_b0p05__wd1e-04trmiss0_degmodglobal,23,0.6368947476148605,0.7074706554412842,0.48888888888888893,0.7135632885632885,0.42857142857142855,0.0,0.5421491041779518,0.5864178687334061,0.13160148449242115,0.3515298143029213,0.0,0.0,0.0,0.0,0.0,18473,global,0.0
5,2,lr1e-04_bs16_drop0p4_temp1p0_a0p25_b0p05__wd1e-04trmiss0_degmodglobal,16,0.0001,0.0001,0.4,1.0,0.25,0.05,lr1e-04_bs16_drop0p4_temp1p0_a0p25_b0p05__wd1e-04trmiss0_degmodglobal,24,0.6153299361467361,0.7029947638511658,0.5111111111111111,0.7246743996743998,0.42857142857142855,0.0,0.5636595189571381,0.5712696611881256,0.12063844315707684,0.2780128289014101,0.0,0.0,0.0,0.0,0.0,18473,global,0.0
5,2,lr1e-04_bs16_drop0p4_temp1p0_a0p25_b0p05__wd1e-04trmiss0_degmodglobal,16,0.0001,0.0001,0.4,1.0,0.25,0.05,lr1e-04_bs16_drop0p4_temp1p0_a0p25_b0p05__wd1e-04trmiss0_degmodglobal,25,0.6598244458436966,0.7053785920143127,0.5111111111111111,0.7246743996743998,0.42857142857142855,0.0,0.534877173602581,0.6169871836900711,0.10288398619741201,0.3423254080116749,0.0,0.0,0.0,0.0,0.0,18473,global,0.0
5,2,lr1e-04_bs16_drop0p4_temp2p0_a0p25_b0p05__wd1e-04trmiss0_degmodglobal,16,0.0001,0.0001,0.4,2.0,0.25,0.05,lr1e-04_bs16_drop0p4_temp2p0_a0p25_b0p05__wd1e-04trmiss0_degmodglobal,1,0.7175944298505783,0.708511233329773,0.26666666666666666,0.5658187491520825,0.35714285714285715,0.0,0.714878112077713,0.6988722681999207,0.04722291138023138,0.138328667730093,0.0,0.0,0.0,0.0,0.0,18473,global,0.0
5,2,lr1e-04_bs16_drop0p4_temp2p0_a0p25_b0p05__wd1e-04trmiss0_degmodglobal,16,0.0001,0.0001,0.4,2.0,0.25,0.05,lr1e-04_bs16_drop0p4_temp2p0_a0p25_b0p05__wd1e-04trmiss0_degmodglobal,2,0.6800212860107422,0.711197555065155,0.28888888888888886,0.5717110050443384,0.2857142857142857,0.0,0.6667706668376923,0.6567175388336182,0.06208673771470785,0.1556411013007164,0.0,0.0,0.0,0.0,0.0,18473,global,0.0
5,2,lr1e-04_bs16_drop0p4_temp2p0_a0p25_b0p05__wd1e-04trmiss0_degmodglobal,16,0.0001,0.0001,0.4,2.0,0.25,0.05,lr1e-04_bs16_drop0p4_temp2p0_a0p25_b0p05__wd1e-04trmiss0_degmodglobal,3,0.6538604497909546,0.717502236366272,0.24444444444444446,0.5597581430914764,0.2857142857142857,0.0,0.6472397446632385,0.6376451253890991,0.0451078824698925,0.09876706823706627,0.0,0.0,0.0,0.0,0.0,18473,global,0.0
5,2,lr1e-04_bs16_drop0p4_temp2p0_a0p25_b0p05__wd1e-04trmiss0_degmodglobal,16,0.0001,0.0001,0.4,2.0,0.25,0.05,lr1e-04_bs16_drop0p4_temp2p0_a0p25_b0p05__wd1e-04trmiss0_degmodglobal,4,0.6584243774414062,0.717828631401062,0.2,0.5474124640791308,0.2857142857142857,0.0,0.6337520629167557,0.6365236341953278,0.062164196744561195,0.1271941103041172,0.0,0.0,0.0,0.0,0.0,18473,global,0.0
5,2,lr1e-04_bs16_drop0p4_temp2p0_a0p25_b0p05__wd1e-04trmiss0_degmodglobal,16,0.0001,0.0001,0.4,2.0,0.25,0.05,lr1e-04_bs16_drop0p4_temp2p0_a0p25_b0p05__wd1e-04trmiss0_degmodglobal,5,0.6578021049499512,0.7140805721282959,0.24444444444444444,0.5664600831267499,0.21428571428571427,0.0,0.6367479711771011,0.6337665617465973,0.06930694449692965,0.13417586497962475,0.0,0.0,0.0,0.0,0.0,18473,global,0.0
5,2,lr1e-04_bs16_drop0p4_temp2p0_a0p25_b0p05__wd1e-04trmiss0_degmodglobal,16,0.0001,0.0001,0.4,2.0,0.25,0.05,lr1e-04_bs16_drop0p4_temp2p0_a0p25_b0p05__wd1e-04trmiss0_degmodglobal,6,0.6608346998691559,0.7150329947471619,0.24444444444444444,0.5664600831267499,0.21428571428571427,0.0,0.6232936084270477,0.6369884312152863,0.064908217638731,0.15238394401967525,0.0,0.0,0.0,0.0,0.0,18473,global,0.0
5,2,lr1e-04_bs16_drop0p4_temp2p0_a0p25_b0p05__wd1e-04trmiss0_degmodglobal,16,0.0001,0.0001,0.4,2.0,0.25,0.05,lr1e-04_bs16_drop0p4_temp2p0_a0p25_b0p05__wd1e-04trmiss0_degmodglobal,7,0.6231361925601959,0.7107164859771729,0.28888888888888886,0.5737552570885904,0.35714285714285715,0.0,0.5823093354701996,0.5998965948820114,0.06424860842525959,0.14354912471026182,0.0,0.0,0.0,0.0,0.0,18473,global,0.0
5,2,lr1e-04_bs16_drop0p4_temp2p0_a0p25_b0p05__wd1e-04trmiss0_degmodglobal,16,0.0001,0.0001,0.4,2.0,0.25,0.05,lr1e-04_bs16_drop0p4_temp2p0_a0p25_b0p05__wd1e-04trmiss0_degmodglobal,8,0.6049487888813019,0.7070268392562866,0.39999999999999997,0.6210598043931377,0.35714285714285715,0.0,0.6045730113983154,0.5793897658586502,0.07049764972180128,0.15869227796792984,0.0,0.0,0.0,0.0,0.0,18473,global,0.0
5,2,lr1e-04_bs16_drop0p4_temp2p0_a0p25_b0p05__wd1e-04trmiss0_degmodglobal,16,0.0001,0.0001,0.4,2.0,0.25,0.05,lr1e-04_bs16_drop0p4_temp2p0_a0p25_b0p05__wd1e-04trmiss0_degmodglobal,9,0.5948964953422546,0.7056397199630737,0.42222222222222217,0.6265543098876432,0.35714285714285715,0.0,0.5959301143884659,0.5729513913393021,0.06206787284463644,0.12856317218393087,0.0,0.0,0.0,0.0,0.0,18473,global,0.0
5,2,lr1e-04_bs16_drop0p4_temp2p0_a0p25_b0p05__wd1e-04trmiss0_degmodglobal,16,0.0001,0.0001,0.4,2.0,0.25,0.05,lr1e-04_bs16_drop0p4_temp2p0_a0p25_b0p05__wd1e-04trmiss0_degmodglobal,10,0.6057108640670776,0.7061418890953064,0.42222222222222217,0.6265543098876432,0.35714285714285715,0.0,0.5920168310403824,0.5903259664773941,0.042639282532036304,0.09450187906622887,0.0,0.0,0.0,0.0,0.0,18473,global,0.0
5,2,lr1e-04_bs16_drop0p4_temp2p0_a0p25_b0p05__wd1e-04trmiss0_degmodglobal,16,0.0001,0.0001,0.4,2.0,0.25,0.05,lr1e-04_bs16_drop0p4_temp2p0_a0p25_b0p05__wd1e-04trmiss0_degmodglobal,11,0.5671311318874359,0.7010304927825928,0.4444444444444444,0.6371363204696538,0.5,0.0,0.592635989189148,0.5494409948587418,0.05351852718740702,0.08620956540107727,0.0,0.0,0.0,0.0,0.0,18473,global,0.0
5,2,lr1e-04_bs16_drop0p4_temp2p0_a0p25_b0p05__wd1e-04trmiss0_degmodglobal,16,0.0001,0.0001,0.4,2.0,0.25,0.05,lr1e-04_bs16_drop0p4_temp2p0_a0p25_b0p05__wd1e-04trmiss0_degmodglobal,12,0.5740449875593185,0.7012194395065308,0.42222222222222217,0.6316418149751484,0.5,0.0,0.576609417796135,0.5548155158758163,0.051724765449762344,0.12596558779478073,0.0,0.0,0.0,0.0,0.0,18473,global,0.0
5,2,lr1e-04_bs16_drop0p4_temp2p0_a0p25_b0p05__wd1e-04trmiss0_degmodglobal,16,0.0001,0.0001,0.4,2.0,0.25,0.05,lr1e-04_bs16_drop0p4_temp2p0_a0p25_b0p05__wd1e-04trmiss0_degmodglobal,13,0.5994646847248077,0.7019664645195007,0.4444444444444444,0.6361832611832612,0.5,0.0,0.6025563627481461,0.5775254517793655,0.05879967659711838,0.1447860300540924,0.0,0.0,0.0,0.0,0.0,18473,global,0.0
5,2,lr1e-04_bs16_drop0p4_temp2p0_a0p25_b0p05__wd1e-04trmiss0_degmodglobal,16,0.0001,0.0001,0.4,2.0,0.25,0.05,lr1e-04_bs16_drop0p4_temp2p0_a0p25_b0p05__wd1e-04trmiss0_degmodglobal,14,0.5903051495552063,0.7027522325515747,0.46666666666666656,0.6467652717652718,0.5714285714285714,0.0,0.6008306294679642,0.5721327215433121,0.052471631206572056,0.10109063470736146,0.0,0.0,0.0,0.0,0.0,18473,global,0.0
5,2,lr1e-04_bs16_drop0p4_temp2p0_a0p25_b0p05__wd1e-04trmiss0_degmodglobal,16,0.0001,0.0001,0.4,2.0,0.25,0.05,lr1e-04_bs16_drop0p4_temp2p0_a0p25_b0p05__wd1e-04trmiss0_degmodglobal,15,0.5579475611448288,0.7030993103981018,0.46666666666666656,0.6467652717652718,0.5714285714285714,0.0,0.5560297667980194,0.541963666677475,0.04685025569051504,0.08542641624808311,0.0,0.0,0.0,0.0,0.0,18473,global,0.0
5,2,lr1e-04_bs16_drop0p4_temp2p0_a0p25_b0p05__wd1e-04trmiss0_degmodglobal,16,0.0001,0.0001,0.4,2.0,0.25,0.05,lr1e-04_bs16_drop0p4_temp2p0_a0p25_b0p05__wd1e-04trmiss0_degmodglobal,16,0.5743257850408554,0.701475203037262,0.42222222222222217,0.6316418149751484,0.5,0.0,0.5492200255393982,0.5511513948440552,0.0645736362785101,0.1406191624701023,0.0,0.0,0.0,0.0,0.0,18473,global,0.0
5,2,lr1e-04_bs16_drop0p4_temp2p0_a0p25_b0p05__wd1e-04trmiss0_degmodglobal,16,0.0001,0.0001,0.4,2.0,0.25,0.05,lr1e-04_bs16_drop0p4_temp2p0_a0p25_b0p05__wd1e-04trmiss0_degmodglobal,17,0.5472875237464905,0.7062481045722961,0.42222222222222217,0.6316418149751484,0.5,0.0,0.5513579100370407,0.5227594375610352,0.06735724955797195,0.15377561189234257,0.0,0.0,0.0,0.0,0.0,18473,global,0.0
5,2,lr1e-04_bs16_drop0p4_temp2p0_a0p25_b0p05__wd1e-04trmiss0_degmodglobal,16,0.0001,0.0001,0.4,2.0,0.25,0.05,lr1e-04_bs16_drop0p4_temp2p0_a0p25_b0p05__wd1e-04trmiss0_degmodglobal,18,0.5826381295919418,0.7067713141441345,0.42222222222222217,0.6336598586598587,0.5,0.0,0.5671503394842148,0.5597491413354874,0.059761032462120056,0.15897442772984505,0.0,0.0,0.0,0.0,0.0,18473,global,0.0
5,2,lr1e-04_bs16_drop0p4_temp2p0_a0p25_b0p05__wd1e-04trmiss0_degmodglobal,16,0.0001,0.0001,0.4,2.0,0.25,0.05,lr1e-04_bs16_drop0p4_temp2p0_a0p25_b0p05__wd1e-04trmiss0_degmodglobal,19,0.5430966764688492,0.7072314620018005,0.42222222222222217,0.6336598586598587,0.5,0.0,0.5391876250505447,0.5238217562437057,0.05414867866784334,0.1147550716996193,0.0,0.0,0.0,0.0,0.0,18473,global,0.0
5,2,lr1e-04_bs16_drop0p4_temp2p0_a0p25_b0p05__wd1e-04trmiss0_degmodglobal,16,0.0001,0.0001,0.4,2.0,0.25,0.05,lr1e-04_bs16_drop0p4_temp2p0_a0p25_b0p05__wd1e-04trmiss0_degmodglobal,20,0.5569193959236145,0.7084581255912781,0.4444444444444444,0.641067266067266,0.5,0.0,0.581242024898529,0.5348111838102341,0.050935241393744946,0.18748801201581955,0.0,0.0,0.0,0.0,0.0,18473,global,0.0
5,2,lr1e-04_bs16_drop0p4_temp2p0_a0p25_b0p05__wd1e-04trmiss0_degmodglobal,16,0.0001,0.0001,0.4,2.0,0.25,0.05,lr1e-04_bs16_drop0p4_temp2p0_a0p25_b0p05__wd1e-04trmiss0_degmodglobal,21,0.5323157161474228,0.7081630229949951,0.4444444444444444,0.641067266067266,0.5,0.0,0.546296015381813,0.5049828290939331,0.07289748080074787,0.182170195505023,0.0,0.0,0.0,0.0,0.0,18473,global,0.0
5,2,lr1e-04_bs16_drop0p4_temp2p0_a0p25_b0p05__wd1e-04trmiss0_degmodglobal,16,0.0001,0.0001,0.4,2.0,0.25,0.05,lr1e-04_bs16_drop0p4_temp2p0_a0p25_b0p05__wd1e-04trmiss0_degmodglobal,22,0.5384282469749451,0.7068277597427368,0.4444444444444444,0.641067266067266,0.5,0.0,0.5374560803174973,0.514865905046463,0.06133529171347618,0.16457013227045536,0.0,0.0,0.0,0.0,0.0,18473,global,0.0
5,2,lr1e-04_bs16_drop0p4_temp2p0_a0p25_b0p05__wd1e-04trmiss0_degmodglobal,16,0.0001,0.0001,0.4,2.0,0.25,0.05,lr1e-04_bs16_drop0p4_temp2p0_a0p25_b0p05__wd1e-04trmiss0_degmodglobal,23,0.530925340950489,0.7056049108505249,0.4444444444444444,0.641067266067266,0.5714285714285714,0.0,0.5342114120721817,0.5100855231285095,0.06164157669991255,0.10858850181102753,0.0,0.0,0.0,0.0,0.0,18473,global,0.0
5,2,lr1e-04_bs16_drop0p4_temp2p0_a0p25_b0p05__wd1e-04trmiss0_degmodglobal,16,0.0001,0.0001,0.4,2.0,0.25,0.05,lr1e-04_bs16_drop0p4_temp2p0_a0p25_b0p05__wd1e-04trmiss0_degmodglobal,24,0.5564029365777969,0.7043965458869934,0.4666666666666666,0.6558820808820809,0.5,0.0,0.5291376709938049,0.5360676050186157,0.05065958946943283,0.1534087173640728,0.0,0.0,0.0,0.0,0.0,18473,global,0.0
5,2,lr1e-04_bs16_drop0p4_temp2p0_a0p25_b0p05__wd1e-04trmiss0_degmodglobal,16,0.0001,0.0001,0.4,2.0,0.25,0.05,lr1e-04_bs16_drop0p4_temp2p0_a0p25_b0p05__wd1e-04trmiss0_degmodglobal,25,0.5514446571469307,0.7047924399375916,0.42222222222222217,0.6351750101750102,0.42857142857142855,0.0,0.5236159563064575,0.5305336490273476,0.05563661642372608,0.14003713801503181,0.0,0.0,0.0,0.0,0.0,18473,global,0.0
5,2,lr1e-04_bs16_drop0p4_temp2p0_a0p25_b0p05__wd1e-04trmiss0_degmodglobal,16,0.0001,0.0001,0.4,2.0,0.25,0.05,lr1e-04_bs16_drop0p4_temp2p0_a0p25_b0p05__wd1e-04trmiss0_degmodglobal,26,0.5478495657444,0.7058444619178772,0.3333333333333333,0.6078181078181079,0.42857142857142855,0.0,0.5303355157375336,0.5311431437730789,0.04582881648093462,0.104984475299716,0.0,0.0,0.0,0.0,0.0,18473,global,0.0
5,2,lr1e-04_bs16_drop0p4_temp2p0_a0p25_b0p05__wd1e-04trmiss0_degmodglobal,16,0.0001,0.0001,0.4,2.0,0.25,0.05,lr1e-04_bs16_drop0p4_temp2p0_a0p25_b0p05__wd1e-04trmiss0_degmodglobal,27,0.5431689321994781,0.7095816135406494,0.3111111111111111,0.5911514411514411,0.42857142857142855,0.0,0.5663624554872513,0.5243172645568848,0.054824111983180046,0.10291278176009655,0.0,0.0,0.0,0.0,0.0,18473,global,0.0
5,2,lr1e-04_bs16_drop0p4_temp2p0_a0p25_b0p05__wd1e-04trmiss0_degmodglobal,16,0.0001,0.0001,0.4,2.0,0.25,0.05,lr1e-04_bs16_drop0p4_temp2p0_a0p25_b0p05__wd1e-04trmiss0_degmodglobal,28,0.5255225002765656,0.7089771032333374,0.3111111111111111,0.5911514411514411,0.42857142857142855,0.0,0.5249540954828262,0.5043162703514099,0.05086230766028166,0.16981308907270432,0.0,0.0,0.0,0.0,0.0,18473,global,0.0
5,2,lr1e-04_bs16_drop0p4_temp2p0_a0p25_b0p05__wd1e-04trmiss0_degmodglobal,16,0.0001,0.0001,0.4,2.0,0.25,0.05,lr1e-04_bs16_drop0p4_temp2p0_a0p25_b0p05__wd1e-04trmiss0_degmodglobal,29,0.5293936058878899,0.7065197825431824,0.3555555555555555,0.6139909473242807,0.42857142857142855,0.0,0.5336865186691284,0.4892500713467598,0.11076800432056189,0.24903069715946913,0.0,0.0,0.0,0.0,0.0,18473,global,0.0
5,2,lr1e-04_bs16_drop0p4_temp2p0_a0p25_b0p05__wd1e-04trmiss0_degmodglobal,16,0.0001,0.0001,0.4,2.0,0.25,0.05,lr1e-04_bs16_drop0p4_temp2p0_a0p25_b0p05__wd1e-04trmiss0_degmodglobal,30,0.5646488219499588,0.705011248588562,0.4,0.6348663681997017,0.42857142857142855,0.0,0.5154049023985863,0.5356006473302841,0.0778888501226902,0.19151912815868855,0.0,0.0,0.0,0.0,0.0,18473,global,0.0
5,2,lr1e-04_bs16_drop0p4_temp2p0_a0p25_b0p05__wd1e-04trmiss0_degmodglobal,16,0.0001,0.0001,0.4,2.0,0.25,0.05,lr1e-04_bs16_drop0p4_temp2p0_a0p25_b0p05__wd1e-04trmiss0_degmodglobal,31,0.5502391755580902,0.7073590755462646,0.4222222222222223,0.6407586240919575,0.5,0.0,0.5253482758998871,0.5235706716775894,0.07641932647675276,0.1512731835246086,0.0,0.0,0.0,0.0,0.0,18473,global,0.0
5,2,lr1e-04_bs16_drop0p4_temp2p0_a0p25_b0p05__wd1e-04trmiss0_degmodglobal,16,0.0001,0.0001,0.4,2.0,0.25,0.05,lr1e-04_bs16_drop0p4_temp2p0_a0p25_b0p05__wd1e-04trmiss0_degmodglobal,32,0.5243959426879883,0.7078702449798584,0.4222222222222223,0.6407586240919575,0.5,0.0,0.5193388909101486,0.498501218855381,0.07237773388624191,0.15600549429655075,0.0,0.0,0.0,0.0,0.0,18473,global,0.0
5,2,lr1e-04_bs16_drop0p4_temp2p0_a0p25_b0p05__wd1e-04trmiss0_degmodglobal,16,0.0001,0.0001,0.4,2.0,0.25,0.05,lr1e-04_bs16_drop0p4_temp2p0_a0p25_b0p05__wd1e-04trmiss0_degmodglobal,33,0.5368041843175888,0.7103340029716492,0.4222222222222223,0.6407586240919575,0.5,0.0,0.4868231415748596,0.513932891190052,0.06136311776936054,0.15061025507748127,0.0,0.0,0.0,0.0,0.0,18473,global,0.0
5,2,lr1e-04_bs16_drop0p4_temp2p0_a0p25_b0p05__wd1e-04trmiss0_degmodglobal,16,0.0001,0.0001,0.4,2.0,0.25,0.05,lr1e-04_bs16_drop0p4_temp2p0_a0p25_b0p05__wd1e-04trmiss0_degmodglobal,34,0.5222051814198494,0.7090123295783997,0.4444444444444444,0.6464566297899632,0.5,0.0,0.5225176364183426,0.49805808812379837,0.06214690487831831,0.17220732755959034,0.0,0.0,0.0,0.0,0.0,18473,global,0.0
5,2,lr1e-04_bs16_drop0p4_temp2p0_a0p25_b0p05__wd1e-04trmiss0_degmodglobal,16,0.0001,0.0001,0.4,2.0,0.25,0.05,lr1e-04_bs16_drop0p4_temp2p0_a0p25_b0p05__wd1e-04trmiss0_degmodglobal,35,0.5400074124336243,0.7053531408309937,0.4222222222222223,0.6407586240919575,0.5,0.0,0.5192853882908821,0.5183271616697311,0.05691579822450876,0.14902583323419094,0.0,0.0,0.0,0.0,0.0,18473,global,0.0
5,2,lr1e-04_bs16_drop0p4_temp2p0_a0p25_b0p05__wd1e-04trmiss0_degmodglobal,16,0.0001,0.0001,0.4,2.0,0.25,0.05,lr1e-04_bs16_drop0p4_temp2p0_a0p25_b0p05__wd1e-04trmiss0_degmodglobal,36,0.551851898431778,0.7058964967727661,0.42222222222222217,0.6316418149751484,0.5,0.0,0.48907022178173065,0.5295635014772415,0.058839601930230856,0.15156986378133297,0.0,0.0,0.0,0.0,0.0,18473,global,0.0
5,2,lr1e-04_bs16_drop0p4_temp2p0_a0p25_b0p05__wd1e-04trmiss0_degmodglobal,16,0.0001,0.0001,0.4,2.0,0.25,0.05,lr1e-04_bs16_drop0p4_temp2p0_a0p25_b0p05__wd1e-04trmiss0_degmodglobal,37,0.5476445853710175,0.7092899084091187,0.4444444444444444,0.6464566297899632,0.5,0.0,0.5131795704364777,0.5302809700369835,0.04679104033857584,0.11331709660589695,0.0,0.0,0.0,0.0,0.0,18473,global,0.0
5,2,lr1e-04_bs16_drop0p4_temp2p0_a0p25_b0p05__wd1e-04trmiss0_degmodglobal,16,0.0001,0.0001,0.4,2.0,0.25,0.05,lr1e-04_bs16_drop0p4_temp2p0_a0p25_b0p05__wd1e-04trmiss0_degmodglobal,38,0.508318267762661,0.7035552859306335,0.4666666666666666,0.6541726791726793,0.5,0.0,0.5035073310136795,0.48531125485897064,0.06344575248658657,0.14291152963414788,0.0,0.0,0.0,0.0,0.0,18473,global,0.0
5,2,lr1e-04_bs16_drop0p4_temp2p0_a0p25_b0p05__wd1e-04trmiss0_degmodglobal,16,0.0001,0.0001,0.4,2.0,0.25,0.05,lr1e-04_bs16_drop0p4_temp2p0_a0p25_b0p05__wd1e-04trmiss0_degmodglobal,39,0.5006005018949509,0.7038773894309998,0.4888888888888889,0.6615800865800866,0.5,0.0,0.5026838108897209,0.48295480012893677,0.057134381495416164,0.0672422144562006,0.0,0.0,0.0,0.0,0.0,18473,global,0.0
5,2,lr1e-04_bs16_drop0p4_temp2p0_a0p25_b0p05__wd1e-04trmiss0_degmodglobal,16,0.0001,0.0001,0.4,2.0,0.25,0.05,lr1e-04_bs16_drop0p4_temp2p0_a0p25_b0p05__wd1e-04trmiss0_degmodglobal,40,0.5259720459580421,0.7031167149543762,0.4888888888888889,0.6615800865800866,0.5,0.0,0.49087904393672943,0.5032987296581268,0.06159530859440565,0.1454894244670868,0.0,0.0,0.0,0.0,0.0,18473,global,0.0
5,2,lr1e-04_bs16_drop0p4_temp2p0_a0p25_b0p05__wd1e-04trmiss0_degmodglobal,16,0.0001,0.0001,0.4,2.0,0.25,0.05,lr1e-04_bs16_drop0p4_temp2p0_a0p25_b0p05__wd1e-04trmiss0_degmodglobal,41,0.5507854148745537,0.7039502859115601,0.4666666666666666,0.6541726791726793,0.5,0.0,0.4983612522482872,0.529078908264637,0.058018941432237625,0.14403551258146763,0.0,0.0,0.0,0.0,0.0,18473,global,0.0
5,2,lr1e-04_bs16_drop0p4_temp2p0_a0p25_b0p05__wd1e-04trmiss0_degmodglobal,16,0.0001,0.0001,0.4,2.0,0.25,0.05,lr1e-04_bs16_drop0p4_temp2p0_a0p25_b0p05__wd1e-04trmiss0_degmodglobal,42,0.57254259288311,0.7050566077232361,0.4666666666666666,0.6541726791726793,0.5,0.0,0.5246690660715103,0.5463516563177109,0.06972567550837994,0.17519043758511543,0.0,0.0,0.0,0.0,0.0,18473,global,0.0
5,2,lr1e-04_bs16_drop0p4_temp2p0_a0p25_b0p05__wd1e-04trmiss0_degmodglobal,16,0.0001,0.0001,0.4,2.0,0.25,0.05,lr1e-04_bs16_drop0p4_temp2p0_a0p25_b0p05__wd1e-04trmiss0_degmodglobal,43,0.531564012169838,0.7066999077796936,0.4666666666666666,0.6541726791726793,0.5,0.0,0.48753077536821365,0.5061130300164223,0.06706230901181698,0.17370794713497162,0.0,0.0,0.0,0.0,0.0,18473,global,0.0
5,2,lr1e-04_bs16_drop0p4_temp2p0_a0p25_b0p05__wd1e-04trmiss0_degmodglobal,16,0.0001,0.0001,0.4,2.0,0.25,0.05,lr1e-04_bs16_drop0p4_temp2p0_a0p25_b0p05__wd1e-04trmiss0_degmodglobal,44,0.5066307485103607,0.7072296738624573,0.4444444444444444,0.6484746734746736,0.5,0.0,0.4954771548509598,0.47938667982816696,0.07673384435474873,0.1612122394144535,0.0,0.0,0.0,0.0,0.0,18473,global,0.0
5,2,lr1e-04_bs16_drop0p4_temp2p0_a0p25_b0p05__wd1e-04trmiss0_degmodglobal,16,0.0001,0.0001,0.4,2.0,0.25,0.05,lr1e-04_bs16_drop0p4_temp2p0_a0p25_b0p05__wd1e-04trmiss0_degmodglobal,45,0.5495923385024071,0.7094231247901917,0.4444444444444444,0.6484746734746736,0.42857142857142855,0.0,0.5420146286487579,0.5307386815547943,0.0552192609757185,0.10097714886069298,0.0,0.0,0.0,0.0,0.0,18473,global,0.0
5,2,lr1e-04_bs16_drop0p4_temp2p0_a0p25_b0p05__wd1e-04trmiss0_degmodglobal,16,0.0001,0.0001,0.4,2.0,0.25,0.05,lr1e-04_bs16_drop0p4_temp2p0_a0p25_b0p05__wd1e-04trmiss0_degmodglobal,46,0.4968709945678711,0.709941029548645,0.4444444444444444,0.6484746734746736,0.42857142857142855,0.0,0.49728527665138245,0.4738515466451645,0.06319902092218399,0.14439372718334198,0.0,0.0,0.0,0.0,0.0,18473,global,0.0
5,2,lr1e-04_bs16_drop0p4_temp2p0_a0p25_b0p05__wd1e-04trmiss0_degmodglobal,16,0.0001,0.0001,0.4,2.0,0.25,0.05,lr1e-04_bs16_drop0p4_temp2p0_a0p25_b0p05__wd1e-04trmiss0_degmodglobal,47,0.549058772623539,0.7109500765800476,0.4444444444444444,0.6484746734746736,0.42857142857142855,0.0,0.5415271148085594,0.5317461416125298,0.047788696363568306,0.1073091421276331,0.0,0.0,0.0,0.0,0.0,18473,global,0.0
5,2,lr1e-04_bs16_drop0p4_temp2p0_a0p25_b0p05__wd1e-04trmiss0_degmodglobal,16,0.0001,0.0001,0.4,2.0,0.25,0.05,lr1e-04_bs16_drop0p4_temp2p0_a0p25_b0p05__wd1e-04trmiss0_degmodglobal,48,0.5411590188741684,0.7101734280586243,0.4222222222222223,0.6407586240919575,0.5,0.0,0.4631893187761307,0.5180144533514977,0.06178885605186224,0.1539466604590416,0.0,0.0,0.0,0.0,0.0,18473,global,0.0
5,2,lr1e-04_bs16_drop0p4_temp2p0_a0p25_b0p05__wd1e-04trmiss0_degmodglobal,16,0.0001,0.0001,0.4,2.0,0.25,0.05,lr1e-04_bs16_drop0p4_temp2p0_a0p25_b0p05__wd1e-04trmiss0_degmodglobal,49,0.5558514073491096,0.7103914618492126,0.4444444444444444,0.6484746734746736,0.42857142857142855,0.0,0.5187957435846329,0.5318433865904808,0.07141543738543987,0.12308335863053799,0.0,0.0,0.0,0.0,0.0,18473,global,0.0
5,2,lr1e-04_bs16_drop0p4_temp2p0_a0p25_b0p05__wd1e-04trmiss0_degmodglobal,16,0.0001,0.0001,0.4,2.0,0.25,0.05,lr1e-04_bs16_drop0p4_temp2p0_a0p25_b0p05__wd1e-04trmiss0_degmodglobal,50,0.5215637907385826,0.7110270857810974,0.4222222222222223,0.6407586240919575,0.42857142857142855,0.0,0.496333085000515,0.5009869933128357,0.06281384592875838,0.09746668860316277,0.0,0.0,0.0,0.0,0.0,18473,global,0.0
5,2,lr1e-04_bs16_drop0p4_temp2p0_a0p25_b0p05__wd1e-04trmiss0_degmodglobal,16,0.0001,0.0001,0.4,2.0,0.25,0.05,lr1e-04_bs16_drop0p4_temp2p0_a0p25_b0p05__wd1e-04trmiss0_degmodglobal,51,0.5289813429117203,0.7086294889450073,0.4444444444444444,0.6484746734746736,0.5,0.0,0.5195698440074921,0.5081288293004036,0.05905425548553467,0.12177911773324013,0.0,0.0,0.0,0.0,0.0,18473,global,0.0
5,2,lr1e-04_bs16_drop0p4_temp2p0_a0p25_b0p05__wd1e-04trmiss0_degmodglobal,16,0.0001,0.0001,0.4,2.0,0.25,0.05,lr1e-04_bs16_drop0p4_temp2p0_a0p25_b0p05__wd1e-04trmiss0_degmodglobal,52,0.559959888458252,0.7075079679489136,0.4444444444444444,0.6484746734746736,0.5,0.0,0.4880393519997597,0.5257949680089951,0.09479216486215591,0.20933790877461433,0.0,0.0,0.0,0.0,0.0,18473,global,0.0
5,2,lr1e-04_bs16_drop0p4_temp2p0_a0p25_b0p05__wd1e-04trmiss0_degmodglobal,16,0.0001,0.0001,0.4,2.0,0.25,0.05,lr1e-04_bs16_drop0p4_temp2p0_a0p25_b0p05__wd1e-04trmiss0_degmodglobal,53,0.5381750017404556,0.7094243764877319,0.4444444444444444,0.6484746734746736,0.5,0.0,0.5144219920039177,0.5220268070697784,0.04729098407551646,0.08650892693549395,0.0,0.0,0.0,0.0,0.0,18473,global,0.0
5,2,lr1e-04_bs16_drop0p4_temp2p0_a0p25_b0p05__wd1e-04trmiss0_degmodglobal,16,0.0001,0.0001,0.4,2.0,0.25,0.05,lr1e-04_bs16_drop0p4_temp2p0_a0p25_b0p05__wd1e-04trmiss0_degmodglobal,54,0.5168378427624702,0.7067248821258545,0.4444444444444444,0.6484746734746736,0.5,0.0,0.4953979477286339,0.4931026101112366,0.06593808252364397,0.14501373656094074,0.0,0.0,0.0,0.0,0.0,18473,global,0.0
5,2,lr1e-04_bs16_drop0p4_temp2p0_a0p25_b0p05__wd1e-04trmiss0_degmodglobal,16,0.0001,0.0001,0.4,2.0,0.25,0.05,lr1e-04_bs16_drop0p4_temp2p0_a0p25_b0p05__wd1e-04trmiss0_degmodglobal,55,0.5518224239349365,0.7097992300987244,0.4444444444444444,0.6484746734746736,0.42857142857142855,0.0,0.5451986119151115,0.5286067873239517,0.06408650754019618,0.14388022758066654,0.0,0.0,0.0,0.0,0.0,18473,global,0.0
5,2,lr1e-04_bs16_drop0p4_temp2p0_a0p25_b0p05__wd1e-04trmiss0_degmodglobal,16,0.0001,0.0001,0.4,2.0,0.25,0.05,lr1e-04_bs16_drop0p4_temp2p0_a0p25_b0p05__wd1e-04trmiss0_degmodglobal,56,0.5354868769645691,0.7101920247077942,0.4444444444444444,0.6484746734746736,0.5,0.0,0.5033691748976707,0.5134834796190262,0.06673497520387173,0.10639265179634094,0.0,0.0,0.0,0.0,0.0,18473,global,0.0
5,2,lr1e-04_bs16_drop0p4_temp2p0_a0p25_b0p05__wd1e-04trmiss0_degmodglobal,16,0.0001,0.0001,0.4,2.0,0.25,0.05,lr1e-04_bs16_drop0p4_temp2p0_a0p25_b0p05__wd1e-04trmiss0_degmodglobal,57,0.5432420000433922,0.710885226726532,0.4444444444444444,0.6484746734746736,0.42857142857142855,0.0,0.49459320306777954,0.5194287225604057,0.07085645664483309,0.12198302801698446,0.0,0.0,0.0,0.0,0.0,18473,global,0.0
5,2,lr1e-04_bs16_drop0p4_temp2p0_a0p25_b0p05__wd1e-04trmiss0_degmodglobal,16,0.0001,0.0001,0.4,2.0,0.25,0.05,lr1e-04_bs16_drop0p4_temp2p0_a0p25_b0p05__wd1e-04trmiss0_degmodglobal,58,0.5247696861624718,0.7104262113571167,0.4444444444444444,0.6484746734746736,0.42857142857142855,0.0,0.5061712339520454,0.5049456506967545,0.06135600432753563,0.08970050886273384,0.0,0.0,0.0,0.0,0.0,18473,global,0.0
5,2,lr1e-04_bs16_drop0p4_temp2p0_a0p25_b0p05__wd1e-04trmiss0_degmodglobal,16,0.0001,0.0001,0.4,2.0,0.25,0.05,lr1e-04_bs16_drop0p4_temp2p0_a0p25_b0p05__wd1e-04trmiss0_degmodglobal,59,0.5704898536205292,0.7099253535270691,0.4444444444444444,0.6484746734746736,0.42857142857142855,0.0,0.5005901157855988,0.5426032617688179,0.07424391433596611,0.18651264905929565,0.0,0.0,0.0,0.0,0.0,18473,global,0.0
5,2,lr1e-04_bs16_drop0p4_temp2p0_a0p25_b0p05__wd1e-04trmiss0_degmodglobal,16,0.0001,0.0001,0.4,2.0,0.25,0.05,lr1e-04_bs16_drop0p4_temp2p0_a0p25_b0p05__wd1e-04trmiss0_degmodglobal,60,0.5386642590165138,0.7071552872657776,0.4444444444444444,0.6484746734746736,0.5,0.0,0.470016673207283,0.516821414232254,0.05974294804036617,0.13814226165413857,0.0,0.0,0.0,0.0,0.0,18473,global,0.0
5,2,lr5e-05_bs16_drop0p2_temp1p0_a0p25_b0p05__wd1e-04trmiss0_degmodglobal,16,5e-05,0.0001,0.2,1.0,0.25,0.05,lr5e-05_bs16_drop0p2_temp1p0_a0p25_b0p05__wd1e-04trmiss0_degmodglobal,1,0.6862475574016571,0.7168237566947937,0.3555555555555555,0.59328202661536,0.35714285714285715,0.0,0.7302090972661972,0.666137769818306,0.046965728513896465,0.16736694425344467,0.0,0.0,0.0,0.0,0.0,18473,global,0.0
5,2,lr5e-05_bs16_drop0p2_temp1p0_a0p25_b0p05__wd1e-04trmiss0_degmodglobal,16,5e-05,0.0001,0.2,1.0,0.25,0.05,lr5e-05_bs16_drop0p2_temp1p0_a0p25_b0p05__wd1e-04trmiss0_degmodglobal,2,0.6583313792943954,0.7121433019638062,0.37777777777777777,0.6153617986951321,0.42857142857142855,0.0,0.7098353207111359,0.6416236907243729,0.04384952411055565,0.1149061731994152,0.0,0.0,0.0,0.0,0.0,18473,global,0.0
5,2,lr5e-05_bs16_drop0p2_temp1p0_a0p25_b0p05__wd1e-04trmiss0_degmodglobal,16,5e-05,0.0001,0.2,1.0,0.25,0.05,lr5e-05_bs16_drop0p2_temp1p0_a0p25_b0p05__wd1e-04trmiss0_degmodglobal,3,0.659004807472229,0.7071746587753296,0.4888888888888889,0.6691697191697192,0.5,0.0,0.685422420501709,0.6453074514865875,0.03298511262983084,0.10902145132422447,0.0,0.0,0.0,0.0,0.0,18473,global,0.0
5,2,lr5e-05_bs16_drop0p2_temp1p0_a0p25_b0p05__wd1e-04trmiss0_degmodglobal,16,5e-05,0.0001,0.2,1.0,0.25,0.05,lr5e-05_bs16_drop0p2_temp1p0_a0p25_b0p05__wd1e-04trmiss0_degmodglobal,4,0.6310680955648422,0.7027691006660461,0.4888888888888889,0.6731379731379733,0.5714285714285714,0.0,0.6825418621301651,0.6121792048215866,0.044973152689635754,0.15291159972548485,0.0,0.0,0.0,0.0,0.0,18473,global,0.0
5,2,lr5e-05_bs16_drop0p2_temp1p0_a0p25_b0p05__wd1e-04trmiss0_degmodglobal,16,5e-05,0.0001,0.2,1.0,0.25,0.05,lr5e-05_bs16_drop0p2_temp1p0_a0p25_b0p05__wd1e-04trmiss0_degmodglobal,5,0.6458530873060226,0.7007654905319214,0.4888888888888888,0.6602471602471602,0.6428571428571429,0.0,0.6732833236455917,0.6311803758144379,0.041762313805520535,0.0846426710486412,0.0,0.0,0.0,0.0,0.0,18473,global,0.0
5,2,lr5e-05_bs16_drop0p2_temp1p0_a0p25_b0p05__wd1e-04trmiss0_degmodglobal,16,5e-05,0.0001,0.2,1.0,0.25,0.05,lr5e-05_bs16_drop0p2_temp1p0_a0p25_b0p05__wd1e-04trmiss0_degmodglobal,6,0.6394383013248444,0.7018386721611023,0.4666666666666666,0.6543549043549044,0.6428571428571429,0.0,0.6704472005367279,0.6228155791759491,0.04047374799847603,0.13008584268391132,0.0,0.0,0.0,0.0,0.0,18473,global,0.0
5,2,lr5e-05_bs16_drop0p2_temp1p0_a0p25_b0p05__wd1e-04trmiss0_degmodglobal,16,5e-05,0.0001,0.2,1.0,0.25,0.05,lr5e-05_bs16_drop0p2_temp1p0_a0p25_b0p05__wd1e-04trmiss0_degmodglobal,7,0.6360442638397217,0.7039159536361694,0.4666666666666666,0.6543549043549044,0.5714285714285714,0.0,0.6800718158483505,0.6199022978544235,0.03872968070209026,0.1291905976831913,0.0,0.0,0.0,0.0,0.0,18473,global,0.0
5,2,lr5e-05_bs16_drop0p2_temp1p0_a0p25_b0p05__wd1e-04trmiss0_degmodglobal,16,5e-05,0.0001,0.2,1.0,0.25,0.05,lr5e-05_bs16_drop0p2_temp1p0_a0p25_b0p05__wd1e-04trmiss0_degmodglobal,8,0.6570160388946533,0.7047205567359924,0.4666666666666666,0.6543549043549044,0.5,0.0,0.6296811699867249,0.6378283798694611,0.046922932378947735,0.14913905784487724,0.0,0.0,0.0,0.0,0.0,18473,global,0.0
5,2,lr5e-05_bs16_drop0p2_temp1p0_a0p25_b0p05__wd1e-04trmiss0_degmodglobal,16,5e-05,0.0001,0.2,1.0,0.25,0.05,lr5e-05_bs16_drop0p2_temp1p0_a0p25_b0p05__wd1e-04trmiss0_degmodglobal,9,0.5851227194070816,0.7111920714378357,0.4222222222222222,0.6464424464424465,0.5714285714285714,0.0,0.6366537660360336,0.5673270225524902,0.042281205765902996,0.14450818300247192,0.0,0.0,0.0,0.0,0.0,18473,global,0.0
5,2,lr5e-05_bs16_drop0p2_temp1p0_a0p25_b0p05__wd1e-04trmiss0_degmodglobal,16,5e-05,0.0001,0.2,1.0,0.25,0.05,lr5e-05_bs16_drop0p2_temp1p0_a0p25_b0p05__wd1e-04trmiss0_degmodglobal,10,0.6136453300714493,0.7142645120620728,0.4,0.6365218115218116,0.5714285714285714,0.0,0.6425920277833939,0.5899428278207779,0.054999733343720436,0.19905156269669533,0.0,0.0,0.0,0.0,0.0,18473,global,0.0
5,2,lr5e-05_bs16_drop0p2_temp1p0_a0p25_b0p05__wd1e-04trmiss0_degmodglobal,16,5e-05,0.0001,0.2,1.0,0.25,0.05,lr5e-05_bs16_drop0p2_temp1p0_a0p25_b0p05__wd1e-04trmiss0_degmodglobal,11,0.5897224098443985,0.7122342586517334,0.35555555555555557,0.6837440337440337,0.2857142857142857,0.0,0.5934575647115707,0.5705493837594986,0.04961218498647213,0.135399604216218,0.0,0.0,0.0,0.0,0.0,18473,global,0.0
5,2,lr5e-05_bs16_drop0p2_temp1p0_a0p25_b0p05__wd1e-04trmiss0_degmodglobal,16,5e-05,0.0001,0.2,1.0,0.25,0.05,lr5e-05_bs16_drop0p2_temp1p0_a0p25_b0p05__wd1e-04trmiss0_degmodglobal,12,0.6432136446237564,0.7114019989967346,0.35555555555555557,0.6837440337440337,0.35714285714285715,0.0,0.6244051307439804,0.6225690543651581,0.048127688467502594,0.17225316911935806,0.0,0.0,0.0,0.0,0.0,18473,global,0.0
5,2,lr5e-05_bs16_drop0p2_temp1p0_a0p25_b0p05__wd1e-04trmiss0_degmodglobal,16,5e-05,0.0001,0.2,1.0,0.25,0.05,lr5e-05_bs16_drop0p2_temp1p0_a0p25_b0p05__wd1e-04trmiss0_degmodglobal,13,0.5844630002975464,0.7098274827003479,0.4,0.7152255152255154,0.2857142857142857,0.0,0.6134207993745804,0.5680136531591415,0.04049048409797251,0.1265347725711763,0.0,0.0,0.0,0.0,0.0,18473,global,0.0
5,2,lr5e-05_bs16_drop0p2_temp1p0_a0p25_b0p05__wd1e-04trmiss0_degmodglobal,16,5e-05,0.0001,0.2,1.0,0.25,0.05,lr5e-05_bs16_drop0p2_temp1p0_a0p25_b0p05__wd1e-04trmiss0_degmodglobal,14,0.6041629910469055,0.7069206833839417,0.35555555555555557,0.6898286898286898,0.2857142857142857,0.0,0.6111654043197632,0.5902987122535706,0.03561576595529914,0.09920689044520259,0.0,0.0,0.0,0.0,0.0,18473,global,0.0
5,2,lr5e-05_bs16_drop0p2_temp1p0_a0p25_b0p05__wd1e-04trmiss0_degmodglobal,16,5e-05,0.0001,0.2,1.0,0.25,0.05,lr5e-05_bs16_drop0p2_temp1p0_a0p25_b0p05__wd1e-04trmiss0_degmodglobal,15,0.5945475399494171,0.7061730027198792,0.4,0.6727411477411478,0.5,0.0,0.6156735718250275,0.57479128241539,0.04501671716570854,0.17004181444644928,0.0,0.0,0.0,0.0,0.0,18473,global,0.0
5,2,lr5e-05_bs16_drop0p2_temp1p0_a0p25_b0p05__wd1e-04trmiss0_degmodglobal,16,5e-05,0.0001,0.2,1.0,0.25,0.05,lr5e-05_bs16_drop0p2_temp1p0_a0p25_b0p05__wd1e-04trmiss0_degmodglobal,16,0.5671878755092621,0.704461395740509,0.4222222222222222,0.7097781847781848,0.42857142857142855,0.0,0.6032154113054276,0.5522084087133408,0.037234542425721884,0.11341681517660618,0.0,0.0,0.0,0.0,0.0,18473,global,0.0
5,2,lr5e-05_bs16_drop0p2_temp1p0_a0p25_b0p05__wd1e-04trmiss0_degmodglobal,16,5e-05,0.0001,0.2,1.0,0.25,0.05,lr5e-05_bs16_drop0p2_temp1p0_a0p25_b0p05__wd1e-04trmiss0_degmodglobal,17,0.5748176574707031,0.705585241317749,0.37777777777777777,0.6941256274589609,0.5,0.0,0.5923981368541718,0.5624721795320511,0.03266605269163847,0.0835789106786251,0.0,0.0,0.0,0.0,0.0,18473,global,0.0
5,2,lr5e-05_bs16_drop0p2_temp1p0_a0p25_b0p05__wd1e-04trmiss0_degmodglobal,16,5e-05,0.0001,0.2,1.0,0.25,0.05,lr5e-05_bs16_drop0p2_temp1p0_a0p25_b0p05__wd1e-04trmiss0_degmodglobal,18,0.5726813822984695,0.7083924412727356,0.35555555555555557,0.6880650213983548,0.42857142857142855,0.0,0.5984855592250824,0.5553623586893082,0.04348869901150465,0.12893676199018955,0.0,0.0,0.0,0.0,0.0,18473,global,0.0
5,2,lr5e-05_bs16_drop0p2_temp1p0_a0p25_b0p05__wd1e-04trmiss0_degmodglobal,16,5e-05,0.0001,0.2,1.0,0.25,0.05,lr5e-05_bs16_drop0p2_temp1p0_a0p25_b0p05__wd1e-04trmiss0_degmodglobal,19,0.5623783618211746,0.7114827036857605,0.3333333333333333,0.6818921818921819,0.42857142857142855,0.0,0.5810783803462982,0.5449150800704956,0.04556834325194359,0.12142390757799149,0.0,0.0,0.0,0.0,0.0,18473,global,0.0
5,2,lr5e-05_bs16_drop0p2_temp1p0_a0p25_b0p05__wd1e-04trmiss0_degmodglobal,16,5e-05,0.0001,0.2,1.0,0.25,0.05,lr5e-05_bs16_drop0p2_temp1p0_a0p25_b0p05__wd1e-04trmiss0_degmodglobal,20,0.5616490244865417,0.712173342704773,0.3333333333333333,0.6818921818921819,0.35714285714285715,0.0,0.5726073235273361,0.5422298312187195,0.05791875068098307,0.09879014454782009,0.0,0.0,0.0,0.0,0.0,18473,global,0.0
5,2,lr5e-05_bs16_drop0p2_temp1p0_a0p25_b0p05__wd1e-04trmiss0_degmodglobal,16,5e-05,0.0001,0.2,1.0,0.25,0.05,lr5e-05_bs16_drop0p2_temp1p0_a0p25_b0p05__wd1e-04trmiss0_degmodglobal,21,0.5423792153596878,0.7114477753639221,0.3111111111111111,0.6757193423860091,0.35714285714285715,0.0,0.5738126337528229,0.5234302878379822,0.04970686696469784,0.1304438542574644,0.0,0.0,0.0,0.0,0.0,18473,global,0.0
5,2,lr5e-05_bs16_drop0p2_temp1p0_a0p25_b0p05__wd1e-04trmiss0_degmodglobal,16,5e-05,0.0001,0.2,1.0,0.25,0.05,lr5e-05_bs16_drop0p2_temp1p0_a0p25_b0p05__wd1e-04trmiss0_degmodglobal,22,0.5700497925281525,0.7133172154426575,0.3111111111111111,0.6757193423860091,0.35714285714285715,0.0,0.5755456238985062,0.5564221143722534,0.03658389998599887,0.08963428437709808,0.0,0.0,0.0,0.0,0.0,18473,global,0.0
5,2,lr5e-05_bs16_drop0p2_temp1p0_a0p25_b0p05__wd1e-04trmiss0_degmodglobal,16,5e-05,0.0001,0.2,1.0,0.25,0.05,lr5e-05_bs16_drop0p2_temp1p0_a0p25_b0p05__wd1e-04trmiss0_degmodglobal,23,0.5427049845457077,0.7157217264175415,0.3111111111111111,0.6757193423860091,0.2857142857142857,0.0,0.5694753676652908,0.527440145611763,0.04130102414637804,0.09879172220826149,0.0,0.0,0.0,0.0,0.0,18473,global,0.0
5,2,lr5e-05_bs16_drop0p2_temp1p0_a0p25_b0p05__wd1e-04trmiss0_degmodglobal,16,5e-05,0.0001,0.2,1.0,0.25,0.05,lr5e-05_bs16_drop0p2_temp1p0_a0p25_b0p05__wd1e-04trmiss0_degmodglobal,24,0.5847936421632767,0.7189255952835083,0.3111111111111111,0.6757193423860091,0.2857142857142857,0.0,0.6259579211473465,0.566933810710907,0.046671600081026554,0.12383859232068062,0.0,0.0,0.0,0.0,0.0,18473,global,0.0
5,2,lr5e-05_bs16_drop0p2_temp1p0_a0p25_b0p05__wd1e-04trmiss0_degmodglobal,16,5e-05,0.0001,0.2,1.0,0.25,0.05,lr5e-05_bs16_drop0p2_temp1p0_a0p25_b0p05__wd1e-04trmiss0_degmodglobal,25,0.5391252636909485,0.7165140509605408,0.3111111111111111,0.6757193423860091,0.2857142857142857,0.0,0.5908145904541016,0.5205654203891754,0.048499674536287785,0.1286984533071518,0.0,0.0,0.0,0.0,0.0,18473,global,0.0
5,2,lr5e-05_bs16_drop0p2_temp2p0_a0p25_b0p05__wd1e-04trmiss0_degmodglobal,16,5e-05,0.0001,0.2,2.0,0.25,0.05,lr5e-05_bs16_drop0p2_temp2p0_a0p25_b0p05__wd1e-04trmiss0_degmodglobal,1,0.7572306841611862,0.7256180047988892,0.39999999999999997,0.6006512006512006,0.2857142857142857,0.0,0.6871092021465302,0.724426880478859,0.06394042447209358,0.33637381345033646,0.0,0.0,0.0,0.0,0.0,18473,global,0.0
5,2,lr5e-05_bs16_drop0p2_temp2p0_a0p25_b0p05__wd1e-04trmiss0_degmodglobal,16,5e-05,0.0001,0.2,2.0,0.25,0.05,lr5e-05_bs16_drop0p2_temp2p0_a0p25_b0p05__wd1e-04trmiss0_degmodglobal,2,0.7706452906131744,0.730912446975708,0.37777777777777777,0.5913919413919415,0.2857142857142857,0.0,0.6566658020019531,0.7395174354314804,0.05839344020932913,0.3305898979306221,0.0,0.0,0.0,0.0,0.0,18473,global,0.0
5,2,lr5e-05_bs16_drop0p2_temp2p0_a0p25_b0p05__wd1e-04trmiss0_degmodglobal,16,5e-05,0.0001,0.2,2.0,0.25,0.05,lr5e-05_bs16_drop0p2_temp2p0_a0p25_b0p05__wd1e-04trmiss0_degmodglobal,3,0.7423712611198425,0.7307347059249878,0.3555555555555555,0.5814713064713064,0.2857142857142857,0.0,0.626176044344902,0.7112113237380981,0.06152419466525316,0.3155779391527176,0.0,0.0,0.0,0.0,0.0,18473,global,0.0
5,2,lr5e-05_bs16_drop0p2_temp2p0_a0p25_b0p05__wd1e-04trmiss0_degmodglobal,16,5e-05,0.0001,0.2,2.0,0.25,0.05,lr5e-05_bs16_drop0p2_temp2p0_a0p25_b0p05__wd1e-04trmiss0_degmodglobal,4,0.7294282019138336,0.7352527379989624,0.39999999999999997,0.6210215710215711,0.2857142857142857,0.0,0.6216061115264893,0.6974033564329147,0.06356444302946329,0.3226747363805771,0.0,0.0,0.0,0.0,0.0,18473,global,0.0
5,2,lr5e-05_bs16_drop0p2_temp2p0_a0p25_b0p05__wd1e-04trmiss0_degmodglobal,16,5e-05,0.0001,0.2,2.0,0.25,0.05,lr5e-05_bs16_drop0p2_temp2p0_a0p25_b0p05__wd1e-04trmiss0_degmodglobal,5,0.7286136597394943,0.7351112961769104,0.4222222222222222,0.6425824175824176,0.2857142857142857,0.0,0.5987998396158218,0.6988384127616882,0.056715359911322594,0.3119281120598316,0.0,0.0,0.0,0.0,0.0,18473,global,0.0
5,2,lr5e-05_bs16_drop0p2_temp2p0_a0p25_b0p05__wd1e-04trmiss0_degmodglobal,16,5e-05,0.0001,0.2,2.0,0.25,0.05,lr5e-05_bs16_drop0p2_temp2p0_a0p25_b0p05__wd1e-04trmiss0_degmodglobal,6,0.7048272043466568,0.735522985458374,0.5111111111111111,0.6773208273208274,0.2857142857142857,0.0,0.6029090583324432,0.6699388176202774,0.06722418870776892,0.36164674162864685,0.0,0.0,0.0,0.0,0.0,18473,global,0.0
5,2,lr5e-05_bs16_drop0p2_temp2p0_a0p25_b0p05__wd1e-04trmiss0_degmodglobal,16,5e-05,0.0001,0.2,2.0,0.25,0.05,lr5e-05_bs16_drop0p2_temp2p0_a0p25_b0p05__wd1e-04trmiss0_degmodglobal,7,0.7039728313684464,0.7396928668022156,0.42222222222222217,0.6287758537758539,0.2857142857142857,0.0,0.6095806211233139,0.6684070825576782,0.06769287772476673,0.3728504627943039,0.0,0.0,0.0,0.0,0.0,18473,global,0.0
5,2,lr5e-05_bs16_drop0p2_temp2p0_a0p25_b0p05__wd1e-04trmiss0_degmodglobal,16,5e-05,0.0001,0.2,2.0,0.25,0.05,lr5e-05_bs16_drop0p2_temp2p0_a0p25_b0p05__wd1e-04trmiss0_degmodglobal,8,0.7431320250034332,0.742031455039978,0.4,0.616993191993192,0.2857142857142857,0.0,0.5938661992549896,0.7120728492736816,0.06782939285039902,0.2820366397500038,0.0,0.0,0.0,0.0,0.0,18473,global,0.0
5,2,lr5e-05_bs16_drop0p2_temp2p0_a0p25_b0p05__wd1e-04trmiss0_degmodglobal,16,5e-05,0.0001,0.2,2.0,0.25,0.05,lr5e-05_bs16_drop0p2_temp2p0_a0p25_b0p05__wd1e-04trmiss0_degmodglobal,9,0.7218731492757797,0.7469366788864136,0.4,0.616993191993192,0.2857142857142857,0.0,0.5718882530927658,0.6851588636636734,0.06998951360583305,0.3843384310603142,0.0,0.0,0.0,0.0,0.0,18473,global,0.0
5,2,lr5e-05_bs16_drop0p2_temp2p0_a0p25_b0p05__wd1e-04trmiss0_degmodglobal,16,5e-05,0.0001,0.2,2.0,0.25,0.05,lr5e-05_bs16_drop0p2_temp2p0_a0p25_b0p05__wd1e-04trmiss0_degmodglobal,10,0.6845538318157196,0.7488959431648254,0.37777777777777777,0.6064111814111814,0.35714285714285715,0.0,0.5709325820207596,0.6522090882062912,0.06893477961421013,0.30222079530358315,0.0,0.0,0.0,0.0,0.0,18473,global,0.0
5,2,lr5e-05_bs16_drop0p2_temp2p0_a0p25_b0p05__wd1e-04trmiss0_degmodglobal,16,5e-05,0.0001,0.2,2.0,0.25,0.05,lr5e-05_bs16_drop0p2_temp2p0_a0p25_b0p05__wd1e-04trmiss0_degmodglobal,11,0.6942955404520035,0.7497324347496033,0.39999999999999997,0.6023707773707774,0.35714285714285715,0.0,0.5442534163594246,0.6607022136449814,0.06605144403874874,0.34160932898521423,0.0,0.0,0.0,0.0,0.0,18473,global,0.0
5,2,lr5e-05_bs16_drop0p2_temp2p0_a0p25_b0p05__wd1e-04trmiss0_degmodglobal,16,5e-05,0.0001,0.2,2.0,0.25,0.05,lr5e-05_bs16_drop0p2_temp2p0_a0p25_b0p05__wd1e-04trmiss0_degmodglobal,12,0.6495060622692108,0.7540892958641052,0.37777777777777777,0.5912596662596663,0.35714285714285715,0.0,0.5587688833475113,0.6147370487451553,0.07925461418926716,0.2991069555282593,0.0,0.0,0.0,0.0,0.0,18473,global,0.0
5,2,lr5e-05_bs16_drop0p2_temp2p0_a0p25_b0p05__wd1e-04trmiss0_degmodglobal,16,5e-05,0.0001,0.2,2.0,0.25,0.05,lr5e-05_bs16_drop0p2_temp2p0_a0p25_b0p05__wd1e-04trmiss0_degmodglobal,13,0.7133098840713501,0.7621975541114807,0.37777777777777777,0.5912596662596663,0.35714285714285715,0.0,0.5857802182435989,0.6855218261480331,0.05667557381093502,0.2723831459879875,0.0,0.0,0.0,0.0,0.0,18473,global,0.0
5,2,lr5e-05_bs16_drop0p2_temp2p0_a0p25_b0p05__wd1e-04trmiss0_degmodglobal,16,5e-05,0.0001,0.2,2.0,0.25,0.05,lr5e-05_bs16_drop0p2_temp2p0_a0p25_b0p05__wd1e-04trmiss0_degmodglobal,14,0.6466536819934845,0.7610589861869812,0.35555555555555557,0.5801485551485551,0.35714285714285715,0.0,0.5555652976036072,0.6145807057619095,0.06157038826495409,0.3336080387234688,0.0,0.0,0.0,0.0,0.0,18473,global,0.0
5,2,lr5e-05_bs16_drop0p2_temp2p0_a0p25_b0p05__wd1e-04trmiss0_degmodglobal,16,5e-05,0.0001,0.2,2.0,0.25,0.05,lr5e-05_bs16_drop0p2_temp2p0_a0p25_b0p05__wd1e-04trmiss0_degmodglobal,15,0.6403214931488037,0.7591391801834106,0.37777777777777777,0.5912596662596663,0.35714285714285715,0.0,0.537742368876934,0.607786163687706,0.06788193620741367,0.31129709258675575,0.0,0.0,0.0,0.0,0.0,18473,global,0.0
5,2,lr5e-05_bs16_drop0p2_temp2p0_a0p25_b0p05__wd1e-04trmiss0_degmodglobal,16,5e-05,0.0001,0.2,2.0,0.25,0.05,lr5e-05_bs16_drop0p2_temp2p0_a0p25_b0p05__wd1e-04trmiss0_degmodglobal,16,0.6695986986160278,0.7603307962417603,0.35555555555555557,0.5801485551485551,0.35714285714285715,0.0,0.5303361117839813,0.6325206756591797,0.07856976427137852,0.34871163964271545,0.0,0.0,0.0,0.0,0.0,18473,global,0.0
5,2,lr5e-05_bs16_drop0p2_temp2p0_a0p25_b0p05__wd1e-04trmiss0_degmodglobal,16,5e-05,0.0001,0.2,2.0,0.25,0.05,lr5e-05_bs16_drop0p2_temp2p0_a0p25_b0p05__wd1e-04trmiss0_degmodglobal,17,0.6287543028593063,0.7572422623634338,0.37777777777777777,0.5838522588522588,0.35714285714285715,0.0,0.5335351377725601,0.5910792648792267,0.0789593756198883,0.35870400071144104,0.0,0.0,0.0,0.0,0.0,18473,global,0.0
5,2,lr5e-05_bs16_drop0p2_temp2p0_a0p25_b0p05__wd1e-04trmiss0_degmodglobal,16,5e-05,0.0001,0.2,2.0,0.25,0.05,lr5e-05_bs16_drop0p2_temp2p0_a0p25_b0p05__wd1e-04trmiss0_degmodglobal,18,0.6484406441450119,0.7558218836784363,0.37777777777777777,0.5912596662596663,0.35714285714285715,0.0,0.5328940004110336,0.6124321967363358,0.08172082901000977,0.31156468391418457,0.0,0.0,0.0,0.0,0.0,18473,global,0.0
5,2,lr5e-05_bs16_drop0p2_temp2p0_a0p25_b0p05__wd1e-04trmiss0_degmodglobal,16,5e-05,0.0001,0.2,2.0,0.25,0.05,lr5e-05_bs16_drop0p2_temp2p0_a0p25_b0p05__wd1e-04trmiss0_degmodglobal,19,0.6588193327188492,0.7546550631523132,0.4222222222222222,0.657926332926333,0.35714285714285715,0.0,0.518872931599617,0.6168297678232193,0.0946132205426693,0.36672504991292953,0.0,0.0,0.0,0.0,0.0,18473,global,0.0
5,2,lr5e-05_bs16_drop0p2_temp2p0_a0p25_b0p05__wd1e-04trmiss0_degmodglobal,16,5e-05,0.0001,0.2,2.0,0.25,0.05,lr5e-05_bs16_drop0p2_temp2p0_a0p25_b0p05__wd1e-04trmiss0_degmodglobal,20,0.6624494343996048,0.7538985013961792,0.4444444444444444,0.6314713064713066,0.42857142857142855,0.0,0.5312478989362717,0.6292081028223038,0.06915592774748802,0.319047175347805,0.0,0.0,0.0,0.0,0.0,18473,global,0.0
5,2,lr5e-05_bs16_drop0p2_temp2p0_a0p25_b0p05__wd1e-04trmiss0_degmodglobal,16,5e-05,0.0001,0.2,2.0,0.25,0.05,lr5e-05_bs16_drop0p2_temp2p0_a0p25_b0p05__wd1e-04trmiss0_degmodglobal,21,0.6279807537794113,0.7467166781425476,0.4888888888888889,0.7240638990638992,0.35714285714285715,0.0,0.5299493223428726,0.5986873358488083,0.06318380124866962,0.2699492499232292,0.0,0.0,0.0,0.0,0.0,18473,global,0.0
5,2,lr5e-05_bs16_drop0p2_temp2p0_a0p25_b0p05__wd1e-04trmiss0_degmodglobal,16,5e-05,0.0001,0.2,2.0,0.25,0.05,lr5e-05_bs16_drop0p2_temp2p0_a0p25_b0p05__wd1e-04trmiss0_degmodglobal,22,0.6995842307806015,0.7534448504447937,0.4888888888888889,0.7240638990638992,0.42857142857142855,0.0,0.5390928536653519,0.6664104163646698,0.07013458013534546,0.3128034621477127,0.0,0.0,0.0,0.0,0.0,18473,global,0.0
5,2,lr5e-05_bs16_drop0p2_temp2p0_a0p25_b0p05__wd1e-04trmiss0_degmodglobal,16,5e-05,0.0001,0.2,2.0,0.25,0.05,lr5e-05_bs16_drop0p2_temp2p0_a0p25_b0p05__wd1e-04trmiss0_degmodglobal,23,0.6431760489940643,0.7551698088645935,0.4888888888888889,0.7240638990638992,0.42857142857142855,0.0,0.5345899909734726,0.6106779128313065,0.06648275163024664,0.3175492584705353,0.0,0.0,0.0,0.0,0.0,18473,global,0.0
5,2,lr5e-05_bs16_drop0p2_temp2p0_a0p25_b0p05__wd1e-04trmiss0_degmodglobal,16,5e-05,0.0001,0.2,2.0,0.25,0.05,lr5e-05_bs16_drop0p2_temp2p0_a0p25_b0p05__wd1e-04trmiss0_degmodglobal,24,0.628389909863472,0.7573273777961731,0.4666666666666667,0.716993191993192,0.42857142857142855,0.0,0.51288191229105,0.5935041755437851,0.07766406796872616,0.3093945160508156,0.0,0.0,0.0,0.0,0.0,18473,global,0.0
5,2,lr5e-05_bs16_drop0p2_temp2p0_a0p25_b0p05__wd1e-04trmiss0_degmodglobal,16,5e-05,0.0001,0.2,2.0,0.25,0.05,lr5e-05_bs16_drop0p2_temp2p0_a0p25_b0p05__wd1e-04trmiss0_degmodglobal,25,0.6195610016584396,0.7577847242355347,0.4666666666666667,0.716993191993192,0.42857142857142855,0.0,0.5242991149425507,0.5830412954092026,0.07927675731480122,0.33401039242744446,0.0,0.0,0.0,0.0,0.0,18473,global,0.0
5,2,lr5e-05_bs16_drop0p2_temp2p0_a0p25_b0p05__wd1e-04trmiss0_degmodglobal,16,5e-05,0.0001,0.2,2.0,0.25,0.05,lr5e-05_bs16_drop0p2_temp2p0_a0p25_b0p05__wd1e-04trmiss0_degmodglobal,26,0.6241131573915482,0.753528356552124,0.4,0.6878926628926629,0.35714285714285715,0.0,0.5408908426761627,0.5904984027147293,0.07242655288428068,0.3101624771952629,0.0,0.0,0.0,0.0,0.0,18473,global,0.0
5,2,lr5e-05_bs16_drop0p4_temp1p0_a0p25_b0p05__wd1e-04trmiss0_degmodglobal,16,5e-05,0.0001,0.4,1.0,0.25,0.05,lr5e-05_bs16_drop0p4_temp1p0_a0p25_b0p05__wd1e-04trmiss0_degmodglobal,1,0.7387757301330566,0.6830497980117798,0.4888888888888889,0.6691697191697192,0.5714285714285714,0.0,0.6412963271141052,0.7148454636335373,0.06858184188604355,0.13569601066410542,0.0,0.0,0.0,0.0,0.0,18473,global,0.0
5,2,lr5e-05_bs16_drop0p4_temp1p0_a0p25_b0p05__wd1e-04trmiss0_degmodglobal,16,5e-05,0.0001,0.4,1.0,0.25,0.05,lr5e-05_bs16_drop0p4_temp1p0_a0p25_b0p05__wd1e-04trmiss0_degmodglobal,2,0.7211527228355408,0.6812686324119568,0.5111111111111111,0.6823972323972325,0.5714285714285714,0.0,0.6468682140111923,0.6917649209499359,0.08324877358973026,0.17151213716715574,0.0,0.0,0.0,0.0,0.0,18473,global,0.0
5,2,lr5e-05_bs16_drop0p4_temp1p0_a0p25_b0p05__wd1e-04trmiss0_degmodglobal,16,5e-05,0.0001,0.4,1.0,0.25,0.05,lr5e-05_bs16_drop0p4_temp1p0_a0p25_b0p05__wd1e-04trmiss0_degmodglobal,3,0.707376629114151,0.6793275475502014,0.4888888888888889,0.6731379731379733,0.5714285714285714,0.0,0.6496084481477737,0.6840433776378632,0.06750107649713755,0.12915934436023235,0.0,0.0,0.0,0.0,0.0,18473,global,0.0
5,2,lr5e-05_bs16_drop0p4_temp1p0_a0p25_b0p05__wd1e-04trmiss0_degmodglobal,16,5e-05,0.0001,0.4,1.0,0.25,0.05,lr5e-05_bs16_drop0p4_temp1p0_a0p25_b0p05__wd1e-04trmiss0_degmodglobal,4,0.6879126578569412,0.675701916217804,0.5111111111111111,0.6790302290302291,0.5714285714285714,0.0,0.6208337694406509,0.6559828519821167,0.09719375986605883,0.15262746904045343,0.0,0.0,0.0,0.0,0.0,18473,global,0.0
5,2,lr5e-05_bs16_drop0p4_temp1p0_a0p25_b0p05__wd1e-04trmiss0_degmodglobal,16,5e-05,0.0001,0.4,1.0,0.25,0.05,lr5e-05_bs16_drop0p4_temp1p0_a0p25_b0p05__wd1e-04trmiss0_degmodglobal,5,0.6798130571842194,0.6749147772789001,0.5333333333333333,0.7345857845857846,0.5,0.0,0.6071844547986984,0.6507137715816498,0.09152299724519253,0.12437103129923344,0.0,0.0,0.0,0.0,0.0,18473,global,0.0
5,2,lr5e-05_bs16_drop0p4_temp1p0_a0p25_b0p05__wd1e-04trmiss0_degmodglobal,16,5e-05,0.0001,0.4,1.0,0.25,0.05,lr5e-05_bs16_drop0p4_temp1p0_a0p25_b0p05__wd1e-04trmiss0_degmodglobal,6,0.6821733266115189,0.6745139956474304,0.5111111111111111,0.7213582713582714,0.5,0.0,0.607895091176033,0.6542631387710571,0.07668642699718475,0.17477131076157093,0.0,0.0,0.0,0.0,0.0,18473,global,0.0
5,2,lr5e-05_bs16_drop0p4_temp1p0_a0p25_b0p05__wd1e-04trmiss0_degmodglobal,16,5e-05,0.0001,0.4,1.0,0.25,0.05,lr5e-05_bs16_drop0p4_temp1p0_a0p25_b0p05__wd1e-04trmiss0_degmodglobal,7,0.650410071015358,0.6744157671928406,0.4666666666666667,0.6966228216228216,0.5714285714285714,0.0,0.595997080206871,0.6225533187389374,0.08380213286727667,0.13812433555722237,0.0,0.0,0.0,0.0,0.0,18473,global,0.0
5,2,lr5e-05_bs16_drop0p4_temp1p0_a0p25_b0p05__wd1e-04trmiss0_degmodglobal,16,5e-05,0.0001,0.4,1.0,0.25,0.05,lr5e-05_bs16_drop0p4_temp1p0_a0p25_b0p05__wd1e-04trmiss0_degmodglobal,8,0.6709369122982025,0.6745349168777466,0.4666666666666667,0.6949134199134199,0.5714285714285714,0.0,0.5966750383377075,0.6278060525655746,0.12448296323418617,0.24020198918879032,0.0,0.0,0.0,0.0,0.0,18473,global,0.0
5,2,lr5e-05_bs16_drop0p4_temp1p0_a0p25_b0p05__wd1e-04trmiss0_degmodglobal,16,5e-05,0.0001,0.4,1.0,0.25,0.05,lr5e-05_bs16_drop0p4_temp1p0_a0p25_b0p05__wd1e-04trmiss0_degmodglobal,9,0.6549175381660461,0.6790527701377869,0.4222222222222222,0.6833231583231583,0.42857142857142855,0.0,0.585594043135643,0.6108682006597519,0.13071130774915218,0.22743021696805954,0.0,0.0,0.0,0.0,0.0,18473,global,0.0
5,2,lr5e-05_bs16_drop0p4_temp1p0_a0p25_b0p05__wd1e-04trmiss0_degmodglobal,16,5e-05,0.0001,0.4,1.0,0.25,0.05,lr5e-05_bs16_drop0p4_temp1p0_a0p25_b0p05__wd1e-04trmiss0_degmodglobal,10,0.6630890816450119,0.6789068579673767,0.4666666666666667,0.6949134199134199,0.5,0.0,0.614456295967102,0.6357430666685104,0.07759635709226131,0.15893849916756153,0.0,0.0,0.0,0.0,0.0,18473,global,0.0
5,2,lr5e-05_bs16_drop0p4_temp1p0_a0p25_b0p05__wd1e-04trmiss0_degmodglobal,16,5e-05,0.0001,0.4,1.0,0.25,0.05,lr5e-05_bs16_drop0p4_temp1p0_a0p25_b0p05__wd1e-04trmiss0_degmodglobal,11,0.6486539542675018,0.6776711344718933,0.4444444444444444,0.6782467532467533,0.5,0.0,0.5251259580254555,0.6032303720712662,0.126144265756011,0.27775031328201294,0.0,0.0,0.0,0.0,0.0,18473,global,0.0
5,2,lr5e-05_bs16_drop0p4_temp1p0_a0p25_b0p05__wd1e-04trmiss0_degmodglobal,16,5e-05,0.0001,0.4,1.0,0.25,0.05,lr5e-05_bs16_drop0p4_temp1p0_a0p25_b0p05__wd1e-04trmiss0_degmodglobal,12,0.6373615711927414,0.6757150888442993,0.4666666666666666,0.6837412587412588,0.6428571428571429,0.0,0.6100446134805679,0.6048182249069214,0.09698338434100151,0.16595031321048737,0.0,0.0,0.0,0.0,0.0,18473,global,0.0
5,2,lr5e-05_bs16_drop0p4_temp1p0_a0p25_b0p05__wd1e-04trmiss0_degmodglobal,16,5e-05,0.0001,0.4,1.0,0.25,0.05,lr5e-05_bs16_drop0p4_temp1p0_a0p25_b0p05__wd1e-04trmiss0_degmodglobal,13,0.6143151372671127,0.6772147417068481,0.4444444444444444,0.6652227402227402,0.6428571428571429,0.0,0.5606512278318405,0.5795808434486389,0.10372173227369785,0.17607706226408482,0.0,0.0,0.0,0.0,0.0,18473,global,0.0
5,2,lr5e-05_bs16_drop0p4_temp1p0_a0p25_b0p05__wd1e-04trmiss0_degmodglobal,16,5e-05,0.0001,0.4,1.0,0.25,0.05,lr5e-05_bs16_drop0p4_temp1p0_a0p25_b0p05__wd1e-04trmiss0_degmodglobal,14,0.6521222740411758,0.6770883798599243,0.4444444444444444,0.6782467532467533,0.5714285714285714,0.0,0.5622610151767731,0.6209897994995117,0.0873914286494255,0.18569253757596016,0.0,0.0,0.0,0.0,0.0,18473,global,0.0
5,2,lr5e-05_bs16_drop0p4_temp1p0_a0p25_b0p05__wd1e-04trmiss0_degmodglobal,16,5e-05,0.0001,0.4,1.0,0.25,0.05,lr5e-05_bs16_drop0p4_temp1p0_a0p25_b0p05__wd1e-04trmiss0_degmodglobal,15,0.6427166610956192,0.6770889759063721,0.4444444444444444,0.6782467532467533,0.5714285714285714,0.0,0.5907039046287537,0.6080482006072998,0.08957549184560776,0.24549207277595997,0.0,0.0,0.0,0.0,0.0,18473,global,0.0
5,2,lr5e-05_bs16_drop0p4_temp1p0_a0p25_b0p05__wd1e-04trmiss0_degmodglobal,16,5e-05,0.0001,0.4,1.0,0.25,0.05,lr5e-05_bs16_drop0p4_temp1p0_a0p25_b0p05__wd1e-04trmiss0_degmodglobal,16,0.5964212268590927,0.6772586703300476,0.4444444444444444,0.6760252093585426,0.5714285714285714,0.0,0.5434936434030533,0.5588493794202805,0.1120391134172678,0.19124153442680836,0.0,0.0,0.0,0.0,0.0,18473,global,0.0
5,2,lr5e-05_bs16_drop0p4_temp1p0_a0p25_b0p05__wd1e-04trmiss0_degmodglobal,16,5e-05,0.0001,0.4,1.0,0.25,0.05,lr5e-05_bs16_drop0p4_temp1p0_a0p25_b0p05__wd1e-04trmiss0_degmodglobal,17,0.6301651895046234,0.6780173778533936,0.4444444444444444,0.6760252093585426,0.6428571428571429,0.0,0.5513752549886703,0.5971462577581406,0.10096202418208122,0.15556878969073296,0.0,0.0,0.0,0.0,0.0,18473,global,0.0
5,2,lr5e-05_bs16_drop0p4_temp1p0_a0p25_b0p05__wd1e-04trmiss0_degmodglobal,16,5e-05,0.0001,0.4,1.0,0.25,0.05,lr5e-05_bs16_drop0p4_temp1p0_a0p25_b0p05__wd1e-04trmiss0_degmodglobal,18,0.6150615215301514,0.6787745952606201,0.4444444444444444,0.6760252093585426,0.5714285714285714,0.0,0.5251324251294136,0.5732547789812088,0.11803635582327843,0.24595366418361664,0.0,0.0,0.0,0.0,0.0,18473,global,0.0
5,2,lr5e-05_bs16_drop0p4_temp1p0_a0p25_b0p05__wd1e-04trmiss0_degmodglobal,16,5e-05,0.0001,0.4,1.0,0.25,0.05,lr5e-05_bs16_drop0p4_temp1p0_a0p25_b0p05__wd1e-04trmiss0_degmodglobal,19,0.617229774594307,0.6793286204338074,0.42222222222222217,0.6705307038640371,0.6428571428571429,0.0,0.5263572856783867,0.5790409445762634,0.10769380442798138,0.2253074236214161,0.0,0.0,0.0,0.0,0.0,18473,global,0.0
5,2,lr5e-05_bs16_drop0p4_temp1p0_a0p25_b0p05__wd1e-04trmiss0_degmodglobal,16,5e-05,0.0001,0.4,1.0,0.25,0.05,lr5e-05_bs16_drop0p4_temp1p0_a0p25_b0p05__wd1e-04trmiss0_degmodglobal,20,0.6571452170610428,0.6778810024261475,0.42222222222222217,0.6705307038640371,0.6428571428571429,0.0,0.5732458829879761,0.6264857649803162,0.07589579932391644,0.23371024429798126,0.0,0.0,0.0,0.0,0.0,18473,global,0.0
5,2,lr5e-05_bs16_drop0p4_temp1p0_a0p25_b0p05__wd1e-04trmiss0_degmodglobal,16,5e-05,0.0001,0.4,1.0,0.25,0.05,lr5e-05_bs16_drop0p4_temp1p0_a0p25_b0p05__wd1e-04trmiss0_degmodglobal,21,0.6240361630916595,0.678695023059845,0.42222222222222217,0.6597282347282347,0.6428571428571429,0.0,0.5419396162033081,0.5875832885503769,0.10557122901082039,0.20120125636458397,0.0,0.0,0.0,0.0,0.0,18473,global,0.0
5,2,lr5e-05_bs16_drop0p4_temp1p0_a0p25_b0p05__wd1e-04trmiss0_degmodglobal,16,5e-05,0.0001,0.4,1.0,0.25,0.05,lr5e-05_bs16_drop0p4_temp1p0_a0p25_b0p05__wd1e-04trmiss0_degmodglobal,22,0.6477572470903397,0.6796249747276306,0.42222222222222217,0.6597282347282347,0.6428571428571429,0.0,0.5815088599920273,0.5940714925527573,0.15039340034127235,0.3217478059232235,0.0,0.0,0.0,0.0,0.0,18473,global,0.0
5,2,lr5e-05_bs16_drop0p4_temp1p0_a0p25_b0p05__wd1e-04trmiss0_degmodglobal,16,5e-05,0.0001,0.4,1.0,0.25,0.05,lr5e-05_bs16_drop0p4_temp1p0_a0p25_b0p05__wd1e-04trmiss0_degmodglobal,23,0.6288333833217621,0.6775299906730652,0.42222222222222217,0.6597282347282347,0.6428571428571429,0.0,0.5383245795965195,0.6027026623487473,0.07598648313432932,0.14268174022436142,0.0,0.0,0.0,0.0,0.0,18473,global,0.0
5,2,lr5e-05_bs16_drop0p4_temp1p0_a0p25_b0p05__wd1e-04trmiss0_degmodglobal,16,5e-05,0.0001,0.4,1.0,0.25,0.05,lr5e-05_bs16_drop0p4_temp1p0_a0p25_b0p05__wd1e-04trmiss0_degmodglobal,24,0.6714039742946625,0.6762334704399109,0.42222222222222217,0.6597282347282347,0.6428571428571429,0.0,0.5956823527812958,0.6349265724420547,0.10724207758903503,0.19333744421601295,0.0,0.0,0.0,0.0,0.0,18473,global,0.0
5,2,lr5e-05_bs16_drop0p4_temp1p0_a0p25_b0p05__wd1e-04trmiss0_degmodglobal,16,5e-05,0.0001,0.4,1.0,0.25,0.05,lr5e-05_bs16_drop0p4_temp1p0_a0p25_b0p05__wd1e-04trmiss0_degmodglobal,25,0.610029935836792,0.6754418015480042,0.4444444444444444,0.6652227402227402,0.7142857142857143,0.0,0.5602631717920303,0.5796536803245544,0.08562939241528511,0.1793787032365799,0.0,0.0,0.0,0.0,0.0,18473,global,0.0
5,2,lr5e-05_bs16_drop0p4_temp2p0_a0p25_b0p05__wd1e-04trmiss0_degmodglobal,16,5e-05,0.0001,0.4,2.0,0.25,0.05,lr5e-05_bs16_drop0p4_temp2p0_a0p25_b0p05__wd1e-04trmiss0_degmodglobal,1,0.7617667317390442,0.7209989428520203,0.4666666666666666,0.626995226995227,0.35714285714285715,0.0,0.6910445839166641,0.7376814484596252,0.05743620730936527,0.19452481716871262,0.0,0.0,0.0,0.0,0.0,18473,global,0.0
5,2,lr5e-05_bs16_drop0p4_temp2p0_a0p25_b0p05__wd1e-04trmiss0_degmodglobal,16,5e-05,0.0001,0.4,2.0,0.25,0.05,lr5e-05_bs16_drop0p4_temp2p0_a0p25_b0p05__wd1e-04trmiss0_degmodglobal,2,0.749594196677208,0.7187944650650024,0.42222222222222217,0.650937025937026,0.42857142857142855,0.0,0.7019978612661362,0.7250189483165741,0.059651900082826614,0.19324544444680214,0.0,0.0,0.0,0.0,0.0,18473,global,0.0
5,2,lr5e-05_bs16_drop0p4_temp2p0_a0p25_b0p05__wd1e-04trmiss0_degmodglobal,16,5e-05,0.0001,0.4,2.0,0.25,0.05,lr5e-05_bs16_drop0p4_temp2p0_a0p25_b0p05__wd1e-04trmiss0_degmodglobal,3,0.7168828994035721,0.7242693305015564,0.42222222222222217,0.650937025937026,0.42857142857142855,0.0,0.6586197763681412,0.6873234361410141,0.08147027343511581,0.18383795395493507,0.0,0.0,0.0,0.0,0.0,18473,global,0.0
5,2,lr5e-05_bs16_drop0p4_temp2p0_a0p25_b0p05__wd1e-04trmiss0_degmodglobal,16,5e-05,0.0001,0.4,2.0,0.25,0.05,lr5e-05_bs16_drop0p4_temp2p0_a0p25_b0p05__wd1e-04trmiss0_degmodglobal,4,0.7147176265716553,0.7260213494300842,0.37777777777777777,0.6358135691469025,0.42857142857142855,0.0,0.6865476965904236,0.6884349584579468,0.06269361544400454,0.21218528598546982,0.0,0.0,0.0,0.0,0.0,18473,global,0.0
5,2,lr5e-05_bs16_drop0p4_temp2p0_a0p25_b0p05__wd1e-04trmiss0_degmodglobal,16,5e-05,0.0001,0.4,2.0,0.25,0.05,lr5e-05_bs16_drop0p4_temp2p0_a0p25_b0p05__wd1e-04trmiss0_degmodglobal,5,0.6751600801944733,0.7275596857070923,0.4,0.6435296185296187,0.42857142857142855,0.0,0.6331416368484497,0.6517928689718246,0.05333090899512172,0.20068963803350925,0.0,0.0,0.0,0.0,0.0,18473,global,0.0
5,2,lr5e-05_bs16_drop0p4_temp2p0_a0p25_b0p05__wd1e-04trmiss0_degmodglobal,16,5e-05,0.0001,0.4,2.0,0.25,0.05,lr5e-05_bs16_drop0p4_temp2p0_a0p25_b0p05__wd1e-04trmiss0_degmodglobal,6,0.7196171879768372,0.7314745783805847,0.4,0.6435296185296187,0.42857142857142855,0.0,0.6765513718128204,0.6892505884170532,0.07490893919020891,0.23278725892305374,0.0,0.0,0.0,0.0,0.0,18473,global,0.0
5,2,lr5e-05_bs16_drop0p4_temp2p0_a0p25_b0p05__wd1e-04trmiss0_degmodglobal,16,5e-05,0.0001,0.4,2.0,0.25,0.05,lr5e-05_bs16_drop0p4_temp2p0_a0p25_b0p05__wd1e-04trmiss0_degmodglobal,7,0.7165595591068268,0.7330952286720276,0.4666666666666667,0.7064925814925815,0.42857142857142855,0.0,0.6508737057447433,0.6943425387144089,0.05489980801939964,0.1698414832353592,0.0,0.0,0.0,0.0,0.0,18473,global,0.0
5,2,lr5e-05_bs16_drop0p4_temp2p0_a0p25_b0p05__wd1e-04trmiss0_degmodglobal,16,5e-05,0.0001,0.4,2.0,0.25,0.05,lr5e-05_bs16_drop0p4_temp2p0_a0p25_b0p05__wd1e-04trmiss0_degmodglobal,8,0.7016662061214447,0.73600172996521,0.4666666666666667,0.7064925814925815,0.42857142857142855,0.0,0.6228692829608917,0.6716559678316116,0.06963039096444845,0.252052903175354,0.0,0.0,0.0,0.0,0.0,18473,global,0.0
5,2,lr5e-05_bs16_drop0p4_temp2p0_a0p25_b0p05__wd1e-04trmiss0_degmodglobal,16,5e-05,0.0001,0.4,2.0,0.25,0.05,lr5e-05_bs16_drop0p4_temp2p0_a0p25_b0p05__wd1e-04trmiss0_degmodglobal,9,0.6731082648038864,0.7323868870735168,0.4888888888888888,0.6936618936618937,0.42857142857142855,0.0,0.6192851066589355,0.6418482810258865,0.07992925494909286,0.22555341385304928,0.0,0.0,0.0,0.0,0.0,18473,global,0.0
5,2,lr5e-05_bs16_drop0p4_temp2p0_a0p25_b0p05__wd1e-04trmiss0_degmodglobal,16,5e-05,0.0001,0.4,2.0,0.25,0.05,lr5e-05_bs16_drop0p4_temp2p0_a0p25_b0p05__wd1e-04trmiss0_degmodglobal,10,0.6669340133666992,0.7319770455360413,0.5111111111111111,0.701069301069301,0.42857142857142855,0.0,0.6328355967998505,0.6314572840929031,0.08367847464978695,0.29114238545298576,0.0,0.0,0.0,0.0,0.0,18473,global,0.0
5,2,lr5e-05_bs16_drop0p4_temp2p0_a0p25_b0p05__wd1e-04trmiss0_degmodglobal,16,5e-05,0.0001,0.4,2.0,0.25,0.05,lr5e-05_bs16_drop0p4_temp2p0_a0p25_b0p05__wd1e-04trmiss0_degmodglobal,11,0.6405025273561478,0.7330127358436584,0.5333333333333333,0.7081400081400082,0.42857142857142855,0.0,0.6188930571079254,0.6171943098306656,0.05782398395240307,0.17704423144459724,0.0,0.0,0.0,0.0,0.0,18473,global,0.0
5,2,lr5e-05_bs16_drop0p4_temp2p0_a0p25_b0p05__wd1e-04trmiss0_degmodglobal,16,5e-05,0.0001,0.4,2.0,0.25,0.05,lr5e-05_bs16_drop0p4_temp2p0_a0p25_b0p05__wd1e-04trmiss0_degmodglobal,12,0.6688162088394165,0.737522304058075,0.5333333333333333,0.7081400081400082,0.42857142857142855,0.0,0.5801199525594711,0.6308248937129974,0.08868082985281944,0.3164219856262207,0.0,0.0,0.0,0.0,0.0,18473,global,0.0
5,2,lr5e-05_bs16_drop0p4_temp2p0_a0p25_b0p05__wd1e-04trmiss0_degmodglobal,16,5e-05,0.0001,0.4,2.0,0.25,0.05,lr5e-05_bs16_drop0p4_temp2p0_a0p25_b0p05__wd1e-04trmiss0_degmodglobal,13,0.6626525670289993,0.7400534152984619,0.5333333333333333,0.7081400081400082,0.42857142857142855,0.0,0.5987391322851181,0.6297173053026199,0.07673856243491173,0.27501270920038223,0.0,0.0,0.0,0.0,0.0,18473,global,0.0
5,2,lr5e-05_bs16_drop0p4_temp2p0_a0p25_b0p05__wd1e-04trmiss0_degmodglobal,16,5e-05,0.0001,0.4,2.0,0.25,0.05,lr5e-05_bs16_drop0p4_temp2p0_a0p25_b0p05__wd1e-04trmiss0_degmodglobal,14,0.6535476297140121,0.7411457300186157,0.4888888888888888,0.6936618936618937,0.42857142857142855,0.0,0.5637835711240768,0.6222202479839325,0.07332735462114215,0.25991114787757397,0.0,0.0,0.0,0.0,0.0,18473,global,0.0
5,2,lr5e-05_bs16_drop0p4_temp2p0_a0p25_b0p05__wd1e-04trmiss0_degmodglobal,16,5e-05,0.0001,0.4,2.0,0.25,0.05,lr5e-05_bs16_drop0p4_temp2p0_a0p25_b0p05__wd1e-04trmiss0_degmodglobal,15,0.6380979716777802,0.7440334558486938,0.4222222222222222,0.6546407296407297,0.42857142857142855,0.0,0.5509310364723206,0.6044272184371948,0.07778052054345608,0.28451236709952354,0.0,0.0,0.0,0.0,0.0,18473,global,0.0
5,2,lr5e-05_bs16_drop0p4_temp2p0_a0p25_b0p05__wd1e-04trmiss0_degmodglobal,16,5e-05,0.0001,0.4,2.0,0.25,0.05,lr5e-05_bs16_drop0p4_temp2p0_a0p25_b0p05__wd1e-04trmiss0_degmodglobal,16,0.6275637894868851,0.7413999438285828,0.4444444444444444,0.662048137048137,0.42857142857142855,0.0,0.575294017791748,0.5959487110376358,0.07231870666146278,0.2707081511616707,0.0,0.0,0.0,0.0,0.0,18473,global,0.0
5,2,lr5e-05_bs16_drop0p4_temp2p0_a0p25_b0p05__wd1e-04trmiss0_degmodglobal,16,5e-05,0.0001,0.4,2.0,0.25,0.05,lr5e-05_bs16_drop0p4_temp2p0_a0p25_b0p05__wd1e-04trmiss0_degmodglobal,17,0.6307471692562103,0.741570770740509,0.4666666666666666,0.6726301476301477,0.42857142857142855,0.0,0.5360249131917953,0.5985385179519653,0.09007545001804829,0.19379587285220623,0.0,0.0,0.0,0.0,0.0,18473,global,0.0
5,2,lr5e-05_bs16_drop0p4_temp2p0_a0p25_b0p05__wd1e-04trmiss0_degmodglobal,16,5e-05,0.0001,0.4,2.0,0.25,0.05,lr5e-05_bs16_drop0p4_temp2p0_a0p25_b0p05__wd1e-04trmiss0_degmodglobal,18,0.6913856118917465,0.7442519664764404,0.5111111111111111,0.701069301069301,0.42857142857142855,0.0,0.5996160954236984,0.6612080633640289,0.07341734133660793,0.23646453768014908,0.0,0.0,0.0,0.0,0.0,18473,global,0.0
5,2,lr5e-05_bs16_drop0p4_temp2p0_a0p25_b0p05__wd1e-04trmiss0_degmodglobal,16,5e-05,0.0001,0.4,2.0,0.25,0.05,lr5e-05_bs16_drop0p4_temp2p0_a0p25_b0p05__wd1e-04trmiss0_degmodglobal,19,0.6560343205928802,0.7450167536735535,0.5111111111111111,0.701069301069301,0.42857142857142855,0.0,0.563825324177742,0.6248534321784973,0.08004164230078459,0.223409965634346,0.0,0.0,0.0,0.0,0.0,18473,global,0.0
5,2,lr5e-05_bs16_drop0p4_temp2p0_a0p25_b0p05__wd1e-04trmiss0_degmodglobal,16,5e-05,0.0001,0.4,2.0,0.25,0.05,lr5e-05_bs16_drop0p4_temp2p0_a0p25_b0p05__wd1e-04trmiss0_degmodglobal,20,0.6957336217164993,0.7478708624839783,0.5111111111111111,0.701069301069301,0.42857142857142855,0.0,0.5778667330741882,0.6721746176481247,0.058608816005289555,0.17813580110669136,0.0,0.0,0.0,0.0,0.0,18473,global,0.0
5,2,lr5e-05_bs16_drop0p4_temp2p0_a0p25_b0p05__wd1e-04trmiss0_degmodglobal,16,5e-05,0.0001,0.4,2.0,0.25,0.05,lr5e-05_bs16_drop0p4_temp2p0_a0p25_b0p05__wd1e-04trmiss0_degmodglobal,21,0.6593858450651169,0.7443972229957581,0.5111111111111111,0.701069301069301,0.42857142857142855,0.0,0.571265384554863,0.6222862303256989,0.09187939204275608,0.2825954332947731,0.0,0.0,0.0,0.0,0.0,18473,global,0.0
5,2,lr5e-05_bs16_drop0p4_temp2p0_a0p25_b0p05__wd1e-04trmiss0_degmodglobal,16,5e-05,0.0001,0.4,2.0,0.25,0.05,lr5e-05_bs16_drop0p4_temp2p0_a0p25_b0p05__wd1e-04trmiss0_degmodglobal,22,0.6585701704025269,0.7455330491065979,0.5111111111111111,0.701069301069301,0.42857142857142855,0.0,0.5731964558362961,0.6261070519685745,0.08196584042161703,0.23943311162292957,0.0,0.0,0.0,0.0,0.0,18473,global,0.0
5,2,lr5e-05_bs16_drop0p4_temp2p0_a0p25_b0p05__wd1e-04trmiss0_degmodglobal,16,5e-05,0.0001,0.4,2.0,0.25,0.05,lr5e-05_bs16_drop0p4_temp2p0_a0p25_b0p05__wd1e-04trmiss0_degmodglobal,23,0.6183185279369354,0.7438132762908936,0.4888888888888888,0.6825507825507826,0.42857142857142855,0.0,0.5520644932985306,0.5911492854356766,0.06928552826866508,0.19695724733173847,0.0,0.0,0.0,0.0,0.0,18473,global,0.0
5,2,lr5e-05_bs16_drop0p4_temp2p0_a0p25_b0p05__wd1e-04trmiss0_degmodglobal,16,5e-05,0.0001,0.4,2.0,0.25,0.05,lr5e-05_bs16_drop0p4_temp2p0_a0p25_b0p05__wd1e-04trmiss0_degmodglobal,24,0.6863572746515274,0.7474266290664673,0.5111111111111111,0.6896214896214896,0.42857142857142855,0.0,0.5416728556156158,0.6389751136302948,0.11592903174459934,0.3679986745119095,0.0,0.0,0.0,0.0,0.0,18473,global,0.0
5,2,lr5e-05_bs16_drop0p4_temp2p0_a0p25_b0p05__wd1e-04trmiss0_degmodglobal,16,5e-05,0.0001,0.4,2.0,0.25,0.05,lr5e-05_bs16_drop0p4_temp2p0_a0p25_b0p05__wd1e-04trmiss0_degmodglobal,25,0.6112298667430878,0.7436482906341553,0.4888888888888889,0.6797008547008547,0.42857142857142855,0.0,0.5388603210449219,0.585794135928154,0.06971154548227787,0.1601571273058653,0.0,0.0,0.0,0.0,0.0,18473,global,0.0
5,2,lr5e-05_bs16_drop0p4_temp2p0_a0p25_b0p05__wd1e-04trmiss0_degmodglobal,16,5e-05,0.0001,0.4,2.0,0.25,0.05,lr5e-05_bs16_drop0p4_temp2p0_a0p25_b0p05__wd1e-04trmiss0_degmodglobal,26,0.6456419080495834,0.7437965869903564,0.4888888888888889,0.6797008547008547,0.42857142857142855,0.0,0.53236373513937,0.6166193187236786,0.07032369077205658,0.22883346304297447,0.0,0.0,0.0,0.0,0.0,18473,global,0.0
5,2,lr5e-05_bs16_drop0p4_temp2p0_a0p25_b0p05__wd1e-04trmiss0_degmodglobal,16,5e-05,0.0001,0.4,2.0,0.25,0.05,lr5e-05_bs16_drop0p4_temp2p0_a0p25_b0p05__wd1e-04trmiss0_degmodglobal,27,0.6755681782960892,0.7492459416389465,0.4888888888888888,0.6825507825507826,0.42857142857142855,0.0,0.5508255958557129,0.6420176327228546,0.07484526839107275,0.296784620732069,0.0,0.0,0.0,0.0,0.0,18473,global,0.0
5,2,lr5e-05_bs16_drop0p4_temp2p0_a0p25_b0p05__wd1e-04trmiss0_degmodglobal,16,5e-05,0.0001,0.4,2.0,0.25,0.05,lr5e-05_bs16_drop0p4_temp2p0_a0p25_b0p05__wd1e-04trmiss0_degmodglobal,28,0.5929486006498337,0.7533515095710754,0.4666666666666666,0.6726301476301477,0.42857142857142855,0.0,0.5006038472056389,0.5555486679077148,0.09919415414333344,0.2520279176533222,0.0,0.0,0.0,0.0,0.0,18473,global,0.0
5,2,lr5e-05_bs16_drop0p4_temp2p0_a0p25_b0p05__wd1e-04trmiss0_degmodglobal,16,5e-05,0.0001,0.4,2.0,0.25,0.05,lr5e-05_bs16_drop0p4_temp2p0_a0p25_b0p05__wd1e-04trmiss0_degmodglobal,29,0.6558842957019806,0.7490475177764893,0.42222222222222217,0.650937025937026,0.42857142857142855,0.0,0.5389806553721428,0.6131520420312881,0.10020319744944572,0.3536294549703598,0.0,0.0,0.0,0.0,0.0,18473,global,0.0
5,2,lr5e-05_bs16_drop0p4_temp2p0_a0p25_b0p05__wd1e-04trmiss0_degmodglobal,16,5e-05,0.0001,0.4,2.0,0.25,0.05,lr5e-05_bs16_drop0p4_temp2p0_a0p25_b0p05__wd1e-04trmiss0_degmodglobal,30,0.6527197808027267,0.7453146576881409,0.4444444444444444,0.658007733007733,0.42857142857142855,0.0,0.5297739431262016,0.6142890453338623,0.09396013244986534,0.2988140285015106,0.0,0.0,0.0,0.0,0.0,18473,global,0.0
5,2,lr5e-05_bs16_drop0p4_temp2p0_a0p25_b0p05__wd1e-04trmiss0_degmodglobal,16,5e-05,0.0001,0.4,2.0,0.25,0.05,lr5e-05_bs16_drop0p4_temp2p0_a0p25_b0p05__wd1e-04trmiss0_degmodglobal,31,0.6683952361345291,0.7465145587921143,0.4888888888888888,0.6825507825507826,0.42857142857142855,0.0,0.5336906313896179,0.634433314204216,0.08686940930783749,0.24489159137010574,0.0,0.0,0.0,0.0,0.0,18473,global,0.0
5,2,lr1e-05_bs16_drop0p2_temp1p0_a0p25_b0p05__wd1e-04trmiss0_degmodglobal,16,1e-05,0.0001,0.2,1.0,0.25,0.05,lr1e-05_bs16_drop0p2_temp1p0_a0p25_b0p05__wd1e-04trmiss0_degmodglobal,1,0.707185834646225,0.7058002352714539,0.1111111111111111,0.5044230460897128,0.35714285714285715,0.0,0.6873100399971008,0.6860239803791046,0.05005108658224344,0.1729818396270275,0.0,0.0,0.0,0.0,0.0,18473,global,0.0
5,2,lr1e-05_bs16_drop0p2_temp1p0_a0p25_b0p05__wd1e-04trmiss0_degmodglobal,16,1e-05,0.0001,0.2,1.0,0.25,0.05,lr1e-05_bs16_drop0p2_temp1p0_a0p25_b0p05__wd1e-04trmiss0_degmodglobal,2,0.6838177293539047,0.7060868740081787,0.15555555555555556,0.5177828344495011,0.42857142857142855,0.0,0.6911298930644989,0.669932410120964,0.03484084736555815,0.10350237786769867,0.0,0.0,0.0,0.0,0.0,18473,global,0.0
5,2,lr1e-05_bs16_drop0p2_temp1p0_a0p25_b0p05__wd1e-04trmiss0_degmodglobal,16,1e-05,0.0001,0.2,1.0,0.25,0.05,lr1e-05_bs16_drop0p2_temp1p0_a0p25_b0p05__wd1e-04trmiss0_degmodglobal,3,0.6859631240367889,0.7071986794471741,0.2,0.5795112295112296,0.42857142857142855,0.0,0.6726327836513519,0.6679852157831192,0.04150598496198654,0.15202820487320423,0.0,0.0,0.0,0.0,0.0,18473,global,0.0
5,2,lr1e-05_bs16_drop0p2_temp1p0_a0p25_b0p05__wd1e-04trmiss0_degmodglobal,16,1e-05,0.0001,0.2,1.0,0.25,0.05,lr1e-05_bs16_drop0p2_temp1p0_a0p25_b0p05__wd1e-04trmiss0_degmodglobal,4,0.6632479280233383,0.7078179121017456,0.2222222222222222,0.5874477374477375,0.42857142857142855,0.0,0.678250715136528,0.642148345708847,0.05469011515378952,0.14854113571345806,0.0,0.0,0.0,0.0,0.0,18473,global,0.0
5,2,lr1e-05_bs16_drop0p2_temp1p0_a0p25_b0p05__wd1e-04trmiss0_degmodglobal,16,1e-05,0.0001,0.2,1.0,0.25,0.05,lr1e-05_bs16_drop0p2_temp1p0_a0p25_b0p05__wd1e-04trmiss0_degmodglobal,5,0.7033190578222275,0.7084197402000427,0.2222222222222222,0.5874477374477375,0.42857142857142855,0.0,0.6640430390834808,0.6852069944143295,0.04254285153001547,0.14952674508094788,0.0,0.0,0.0,0.0,0.0,18473,global,0.0
5,2,lr1e-05_bs16_drop0p2_temp1p0_a0p25_b0p05__wd1e-04trmiss0_degmodglobal,16,1e-05,0.0001,0.2,1.0,0.25,0.05,lr1e-05_bs16_drop0p2_temp1p0_a0p25_b0p05__wd1e-04trmiss0_degmodglobal,6,0.6537533849477768,0.7088480591773987,0.2222222222222222,0.5856840690174023,0.42857142857142855,0.0,0.6639014035463333,0.6378505080938339,0.041568923741579056,0.11021285690367222,0.0,0.0,0.0,0.0,0.0,18473,global,0.0
5,2,lr1e-05_bs16_drop0p2_temp1p0_a0p25_b0p05__wd1e-04trmiss0_degmodglobal,16,1e-05,0.0001,0.2,1.0,0.25,0.05,lr1e-05_bs16_drop0p2_temp1p0_a0p25_b0p05__wd1e-04trmiss0_degmodglobal,7,0.6656395643949509,0.7080310583114624,0.2666666666666666,0.6047316880650215,0.42857142857142855,0.0,0.6549706161022186,0.6471843272447586,0.04354347242042422,0.15138785541057587,0.0,0.0,0.0,0.0,0.0,18473,global,0.0
5,2,lr1e-05_bs16_drop0p2_temp1p0_a0p25_b0p05__wd1e-04trmiss0_degmodglobal,16,1e-05,0.0001,0.2,1.0,0.25,0.05,lr1e-05_bs16_drop0p2_temp1p0_a0p25_b0p05__wd1e-04trmiss0_degmodglobal,8,0.6609231531620026,0.7093726992607117,0.24444444444444444,0.5985588485588487,0.42857142857142855,0.0,0.6365328580141068,0.646589457988739,0.03706126566976309,0.10136747732758522,0.0,0.0,0.0,0.0,0.0,18473,global,0.0
5,2,lr1e-05_bs16_drop0p2_temp1p0_a0p25_b0p05__wd1e-04trmiss0_degmodglobal,16,1e-05,0.0001,0.2,1.0,0.25,0.05,lr1e-05_bs16_drop0p2_temp1p0_a0p25_b0p05__wd1e-04trmiss0_degmodglobal,9,0.6555754840373993,0.7091124653816223,0.24444444444444444,0.5985588485588487,0.42857142857142855,0.0,0.6494535654783249,0.6403310745954514,0.03695726301521063,0.12010191846638918,0.0,0.0,0.0,0.0,0.0,18473,global,0.0
5,2,lr1e-05_bs16_drop0p2_temp1p0_a0p25_b0p05__wd1e-04trmiss0_degmodglobal,16,1e-05,0.0001,0.2,1.0,0.25,0.05,lr1e-05_bs16_drop0p2_temp1p0_a0p25_b0p05__wd1e-04trmiss0_degmodglobal,10,0.6602936387062073,0.7107992768287659,0.2222222222222222,0.5906223406223408,0.42857142857142855,0.0,0.6489167958498001,0.6435815095901489,0.038843002170324326,0.14002726040780544,0.0,0.0,0.0,0.0,0.0,18473,global,0.0
5,2,lr1e-05_bs16_drop0p2_temp1p0_a0p25_b0p05__wd1e-04trmiss0_degmodglobal,16,1e-05,0.0001,0.2,1.0,0.25,0.05,lr1e-05_bs16_drop0p2_temp1p0_a0p25_b0p05__wd1e-04trmiss0_degmodglobal,11,0.6628878712654114,0.7099297046661377,0.26666666666666666,0.615313698647032,0.42857142857142855,0.0,0.6570672690868378,0.6405746787786484,0.047693340107798576,0.20779700949788094,0.0,0.0,0.0,0.0,0.0,18473,global,0.0
5,2,lr1e-05_bs16_drop0p2_temp1p0_a0p25_b0p05__wd1e-04trmiss0_degmodglobal,16,1e-05,0.0001,0.2,1.0,0.25,0.05,lr1e-05_bs16_drop0p2_temp1p0_a0p25_b0p05__wd1e-04trmiss0_degmodglobal,12,0.6565741151571274,0.7116934061050415,0.26666666666666666,0.615313698647032,0.35714285714285715,0.0,0.6623694747686386,0.6404661536216736,0.041545028798282146,0.11443417705595493,0.0,0.0,0.0,0.0,0.0,18473,global,0.0
5,2,lr1e-05_bs16_drop0p2_temp1p0_a0p25_b0p05__wd1e-04trmiss0_degmodglobal,16,1e-05,0.0001,0.2,1.0,0.25,0.05,lr1e-05_bs16_drop0p2_temp1p0_a0p25_b0p05__wd1e-04trmiss0_degmodglobal,13,0.6578179448843002,0.7104626893997192,0.28888888888888886,0.6213743047076381,0.42857142857142855,0.0,0.6389343589544296,0.6434064954519272,0.03715316019952297,0.10246364213526249,0.0,0.0,0.0,0.0,0.0,18473,global,0.0
5,2,lr1e-05_bs16_drop0p2_temp1p0_a0p25_b0p05__wd1e-04trmiss0_degmodglobal,16,1e-05,0.0001,0.2,1.0,0.25,0.05,lr1e-05_bs16_drop0p2_temp1p0_a0p25_b0p05__wd1e-04trmiss0_degmodglobal,14,0.6572673618793488,0.7110674977302551,0.26666666666666666,0.615313698647032,0.35714285714285715,0.0,0.6066162288188934,0.6407590508460999,0.041860214434564114,0.12086531985551119,0.0,0.0,0.0,0.0,0.0,18473,global,0.0
5,2,lr1e-05_bs16_drop0p2_temp1p0_a0p25_b0p05__wd1e-04trmiss0_degmodglobal,16,1e-05,0.0001,0.2,1.0,0.25,0.05,lr1e-05_bs16_drop0p2_temp1p0_a0p25_b0p05__wd1e-04trmiss0_degmodglobal,15,0.6451900899410248,0.71180659532547,0.26666666666666666,0.615313698647032,0.42857142857142855,0.0,0.6356971710920334,0.6312594562768936,0.03506432892754674,0.10329114831984043,0.0,0.0,0.0,0.0,0.0,18473,global,0.0
5,2,lr1e-05_bs16_drop0p2_temp1p0_a0p25_b0p05__wd1e-04trmiss0_degmodglobal,16,1e-05,0.0001,0.2,1.0,0.25,0.05,lr1e-05_bs16_drop0p2_temp1p0_a0p25_b0p05__wd1e-04trmiss0_degmodglobal,16,0.655665323138237,0.7111669182777405,0.28888888888888886,0.6213743047076381,0.42857142857142855,0.0,0.64640873670578,0.6432171911001205,0.032888163812458515,0.08452160190790892,0.0,0.0,0.0,0.0,0.0,18473,global,0.0
5,2,lr1e-05_bs16_drop0p2_temp1p0_a0p25_b0p05__wd1e-04trmiss0_degmodglobal,16,1e-05,0.0001,0.2,1.0,0.25,0.05,lr1e-05_bs16_drop0p2_temp1p0_a0p25_b0p05__wd1e-04trmiss0_degmodglobal,17,0.6419358402490616,0.710321843624115,0.3111111111111111,0.629310812644146,0.42857142857142855,0.0,0.6346877664327621,0.6264181435108185,0.03587786387652159,0.1309647150337696,0.0,0.0,0.0,0.0,0.0,18473,global,0.0
5,2,lr1e-05_bs16_drop0p2_temp1p0_a0p25_b0p05__wd1e-04trmiss0_degmodglobal,16,1e-05,0.0001,0.2,1.0,0.25,0.05,lr1e-05_bs16_drop0p2_temp1p0_a0p25_b0p05__wd1e-04trmiss0_degmodglobal,18,0.674055278301239,0.7110573649406433,0.28888888888888886,0.6213743047076381,0.42857142857142855,0.0,0.6585614085197449,0.6514870673418045,0.052303703501820564,0.18984606489539146,0.0,0.0,0.0,0.0,0.0,18473,global,0.0
5,2,lr1e-05_bs16_drop0p2_temp1p0_a0p25_b0p05__wd1e-04trmiss0_degmodglobal,16,1e-05,0.0001,0.2,1.0,0.25,0.05,lr1e-05_bs16_drop0p2_temp1p0_a0p25_b0p05__wd1e-04trmiss0_degmodglobal,19,0.6521463096141815,0.709933876991272,0.3111111111111111,0.629310812644146,0.42857142857142855,0.0,0.6266628205776215,0.638847827911377,0.033784518484026194,0.0970474174246192,0.0,0.0,0.0,0.0,0.0,18473,global,0.0
5,2,lr1e-05_bs16_drop0p2_temp1p0_a0p25_b0p05__wd1e-04trmiss0_degmodglobal,16,1e-05,0.0001,0.2,1.0,0.25,0.05,lr1e-05_bs16_drop0p2_temp1p0_a0p25_b0p05__wd1e-04trmiss0_degmodglobal,20,0.6433141976594925,0.7107769250869751,0.3111111111111111,0.6584113417446751,0.42857142857142855,0.0,0.6137440055608749,0.6280217170715332,0.03763282857835293,0.11768559738993645,0.0,0.0,0.0,0.0,0.0,18473,global,0.0
5,2,lr1e-05_bs16_drop0p2_temp1p0_a0p25_b0p05__wd1e-04trmiss0_degmodglobal,16,1e-05,0.0001,0.2,1.0,0.25,0.05,lr1e-05_bs16_drop0p2_temp1p0_a0p25_b0p05__wd1e-04trmiss0_degmodglobal,21,0.6444707214832306,0.7114683389663696,0.3111111111111111,0.6584113417446751,0.35714285714285715,0.0,0.6058633327484131,0.6271770745515823,0.043383730575442314,0.1289539821445942,0.0,0.0,0.0,0.0,0.0,18473,global,0.0
5,2,lr1e-05_bs16_drop0p2_temp1p0_a0p25_b0p05__wd1e-04trmiss0_degmodglobal,16,1e-05,0.0001,0.2,1.0,0.25,0.05,lr1e-05_bs16_drop0p2_temp1p0_a0p25_b0p05__wd1e-04trmiss0_degmodglobal,22,0.6472390443086624,0.7111994028091431,0.3333333333333333,0.666347849681183,0.35714285714285715,0.0,0.6262257695198059,0.6344237923622131,0.03271876880899072,0.09271160885691643,0.0,0.0,0.0,0.0,0.0,18473,global,0.0
5,2,lr1e-05_bs16_drop0p2_temp1p0_a0p25_b0p05__wd1e-04trmiss0_degmodglobal,16,1e-05,0.0001,0.2,1.0,0.25,0.05,lr1e-05_bs16_drop0p2_temp1p0_a0p25_b0p05__wd1e-04trmiss0_degmodglobal,23,0.6471675634384155,0.7111296057701111,0.3111111111111111,0.629310812644146,0.42857142857142855,0.0,0.6179953068494797,0.628297969698906,0.04549594596028328,0.14991210587322712,0.0,0.0,0.0,0.0,0.0,18473,global,0.0
5,2,lr1e-05_bs16_drop0p2_temp1p0_a0p25_b0p05__wd1e-04trmiss0_degmodglobal,16,1e-05,0.0001,0.2,1.0,0.25,0.05,lr1e-05_bs16_drop0p2_temp1p0_a0p25_b0p05__wd1e-04trmiss0_degmodglobal,24,0.6479982733726501,0.7128883600234985,0.28888888888888886,0.6213743047076381,0.42857142857142855,0.0,0.6324348449707031,0.6275983601808548,0.048901649191975594,0.16348982974886894,0.0,0.0,0.0,0.0,0.0,18473,global,0.0
5,2,lr1e-05_bs16_drop0p2_temp1p0_a0p25_b0p05__wd1e-04trmiss0_degmodglobal,16,1e-05,0.0001,0.2,1.0,0.25,0.05,lr1e-05_bs16_drop0p2_temp1p0_a0p25_b0p05__wd1e-04trmiss0_degmodglobal,25,0.660411611199379,0.7125318050384521,0.3111111111111111,0.629310812644146,0.42857142857142855,0.0,0.6186753511428833,0.6438387185335159,0.03935949457809329,0.13466048054397106,0.0,0.0,0.0,0.0,0.0,18473,global,0.0
5,2,lr1e-05_bs16_drop0p2_temp1p0_a0p25_b0p05__wd1e-04trmiss0_degmodglobal,16,1e-05,0.0001,0.2,1.0,0.25,0.05,lr1e-05_bs16_drop0p2_temp1p0_a0p25_b0p05__wd1e-04trmiss0_degmodglobal,26,0.6478254348039627,0.7118610739707947,0.3111111111111111,0.629310812644146,0.42857142857142855,0.0,0.5955470949411392,0.6307253688573837,0.03889014944434166,0.1475502084940672,0.0,0.0,0.0,0.0,0.0,18473,global,0.0
5,2,lr1e-05_bs16_drop0p2_temp1p0_a0p25_b0p05__wd1e-04trmiss0_degmodglobal,16,1e-05,0.0001,0.2,1.0,0.25,0.05,lr1e-05_bs16_drop0p2_temp1p0_a0p25_b0p05__wd1e-04trmiss0_degmodglobal,27,0.6469434797763824,0.7144115567207336,0.3111111111111111,0.629310812644146,0.2857142857142857,0.0,0.6089140176773071,0.6286001354455948,0.044529782608151436,0.14421822130680084,0.0,0.0,0.0,0.0,0.0,18473,global,0.0
5,2,lr1e-05_bs16_drop0p2_temp1p0_a0p25_b0p05__wd1e-04trmiss0_degmodglobal,16,1e-05,0.0001,0.2,1.0,0.25,0.05,lr1e-05_bs16_drop0p2_temp1p0_a0p25_b0p05__wd1e-04trmiss0_degmodglobal,28,0.6572052240371704,0.7109106183052063,0.3333333333333333,0.666347849681183,0.42857142857142855,0.0,0.6103863716125488,0.6417610198259354,0.04156681429594755,0.10105007607489824,0.0,0.0,0.0,0.0,0.0,18473,global,0.0
5,2,lr1e-05_bs16_drop0p2_temp1p0_a0p25_b0p05__wd1e-04trmiss0_degmodglobal,16,1e-05,0.0001,0.2,1.0,0.25,0.05,lr1e-05_bs16_drop0p2_temp1p0_a0p25_b0p05__wd1e-04trmiss0_degmodglobal,29,0.6628495901823044,0.7105634212493896,0.3111111111111111,0.629310812644146,0.42857142857142855,0.0,0.6122463196516037,0.6480576992034912,0.03685989277437329,0.1115384167060256,0.0,0.0,0.0,0.0,0.0,18473,global,0.0
5,2,lr1e-05_bs16_drop0p2_temp1p0_a0p25_b0p05__wd1e-04trmiss0_degmodglobal,16,1e-05,0.0001,0.2,1.0,0.25,0.05,lr1e-05_bs16_drop0p2_temp1p0_a0p25_b0p05__wd1e-04trmiss0_degmodglobal,30,0.6572830677032471,0.709322988986969,0.3111111111111111,0.629310812644146,0.5,0.0,0.6007360816001892,0.6419484615325928,0.038307249546051025,0.11515552923083305,0.0,0.0,0.0,0.0,0.0,18473,global,0.0
5,2,lr1e-05_bs16_drop0p2_temp1p0_a0p25_b0p05__wd1e-04trmiss0_degmodglobal,16,1e-05,0.0001,0.2,1.0,0.25,0.05,lr1e-05_bs16_drop0p2_temp1p0_a0p25_b0p05__wd1e-04trmiss0_degmodglobal,31,0.6482549756765366,0.7108436226844788,0.28888888888888886,0.6213743047076381,0.42857142857142855,0.0,0.5994495302438736,0.6331042796373367,0.037948318757116795,0.11327241361141205,0.0,0.0,0.0,0.0,0.0,18473,global,0.0
5,2,lr1e-05_bs16_drop0p2_temp1p0_a0p25_b0p05__wd1e-04trmiss0_degmodglobal,16,1e-05,0.0001,0.2,1.0,0.25,0.05,lr1e-05_bs16_drop0p2_temp1p0_a0p25_b0p05__wd1e-04trmiss0_degmodglobal,32,0.6635281294584274,0.7112700343132019,0.28888888888888886,0.6213743047076381,0.42857142857142855,0.0,0.5847564488649368,0.6433418691158295,0.047752524726092815,0.164962500333786,0.0,0.0,0.0,0.0,0.0,18473,global,0.0
5,2,lr1e-05_bs16_drop0p2_temp1p0_a0p25_b0p05__wd1e-04trmiss0_degmodglobal,16,1e-05,0.0001,0.2,1.0,0.25,0.05,lr1e-05_bs16_drop0p2_temp1p0_a0p25_b0p05__wd1e-04trmiss0_degmodglobal,33,0.643857330083847,0.7115885019302368,0.26666666666666666,0.615313698647032,0.42857142857142855,0.0,0.580482229590416,0.6215789467096329,0.05453577917069197,0.17288854159414768,0.0,0.0,0.0,0.0,0.0,18473,global,0.0
5,2,lr1e-05_bs16_drop0p2_temp1p0_a0p25_b0p05__wd1e-04trmiss0_degmodglobal,16,1e-05,0.0001,0.2,1.0,0.25,0.05,lr1e-05_bs16_drop0p2_temp1p0_a0p25_b0p05__wd1e-04trmiss0_degmodglobal,34,0.6478714048862457,0.7123486995697021,0.26666666666666666,0.615313698647032,0.42857142857142855,0.0,0.5871639102697372,0.6268887370824814,0.053004209883511066,0.15463225170969963,0.0,0.0,0.0,0.0,0.0,18473,global,0.0
5,2,lr1e-05_bs16_drop0p2_temp1p0_a0p25_b0p05__wd1e-04trmiss0_degmodglobal,16,1e-05,0.0001,0.2,1.0,0.25,0.05,lr1e-05_bs16_drop0p2_temp1p0_a0p25_b0p05__wd1e-04trmiss0_degmodglobal,35,0.6495293825864792,0.7128391861915588,0.26666666666666666,0.615313698647032,0.35714285714285715,0.0,0.6113676577806473,0.6306855529546738,0.04333292692899704,0.16021195985376835,0.0,0.0,0.0,0.0,0.0,18473,global,0.0
5,2,lr1e-05_bs16_drop0p2_temp1p0_a0p25_b0p05__wd1e-04trmiss0_degmodglobal,16,1e-05,0.0001,0.2,1.0,0.25,0.05,lr1e-05_bs16_drop0p2_temp1p0_a0p25_b0p05__wd1e-04trmiss0_degmodglobal,36,0.6506266891956329,0.7123554348945618,0.3111111111111111,0.629310812644146,0.2857142857142857,0.0,0.5763568431138992,0.6302664875984192,0.048126986250281334,0.1665690541267395,0.0,0.0,0.0,0.0,0.0,18473,global,0.0
5,2,lr1e-05_bs16_drop0p2_temp1p0_a0p25_b0p05__wd1e-04trmiss0_degmodglobal,16,1e-05,0.0001,0.2,1.0,0.25,0.05,lr1e-05_bs16_drop0p2_temp1p0_a0p25_b0p05__wd1e-04trmiss0_degmodglobal,37,0.6354766488075256,0.7137857675552368,0.26666666666666666,0.615313698647032,0.2857142857142857,0.0,0.5875933170318604,0.6177901029586792,0.04523260984569788,0.12756790965795517,0.0,0.0,0.0,0.0,0.0,18473,global,0.0
5,2,lr1e-05_bs16_drop0p2_temp1p0_a0p25_b0p05__wd1e-04trmiss0_degmodglobal,16,1e-05,0.0001,0.2,1.0,0.25,0.05,lr1e-05_bs16_drop0p2_temp1p0_a0p25_b0p05__wd1e-04trmiss0_degmodglobal,38,0.6562033891677856,0.7128341794013977,0.28888888888888886,0.6232502065835399,0.2857142857142857,0.0,0.5652305632829666,0.6358201056718826,0.048427997156977654,0.1655257772654295,0.0,0.0,0.0,0.0,0.0,18473,global,0.0
5,2,lr1e-05_bs16_drop0p2_temp1p0_a0p25_b0p05__wd1e-04trmiss0_degmodglobal,16,1e-05,0.0001,0.2,1.0,0.25,0.05,lr1e-05_bs16_drop0p2_temp1p0_a0p25_b0p05__wd1e-04trmiss0_degmodglobal,39,0.6571851372718811,0.7105939388275146,0.3111111111111111,0.629310812644146,0.35714285714285715,0.0,0.5891010016202927,0.6384841352701187,0.05028469301760197,0.1225964529439807,0.0,0.0,0.0,0.0,0.0,18473,global,0.0
5,2,lr1e-05_bs16_drop0p2_temp1p0_a0p25_b0p05__wd1e-04trmiss0_degmodglobal,16,1e-05,0.0001,0.2,1.0,0.25,0.05,lr1e-05_bs16_drop0p2_temp1p0_a0p25_b0p05__wd1e-04trmiss0_degmodglobal,40,0.6493967920541763,0.70768803358078,0.3333333333333333,0.666347849681183,0.5,0.0,0.5827386677265167,0.6338820606470108,0.037329545710235834,0.12364692240953445,0.0,0.0,0.0,0.0,0.0,18473,global,0.0
5,2,lr1e-05_bs16_drop0p2_temp1p0_a0p25_b0p05__wd1e-04trmiss0_degmodglobal,16,1e-05,0.0001,0.2,1.0,0.25,0.05,lr1e-05_bs16_drop0p2_temp1p0_a0p25_b0p05__wd1e-04trmiss0_degmodglobal,41,0.6541355550289154,0.7098467350006104,0.3111111111111111,0.629310812644146,0.35714285714285715,0.0,0.5925499051809311,0.6344406008720398,0.04873848333954811,0.1502062752842903,0.0,0.0,0.0,0.0,0.0,18473,global,0.0
5,2,lr1e-05_bs16_drop0p2_temp1p0_a0p25_b0p05__wd1e-04trmiss0_degmodglobal,16,1e-05,0.0001,0.2,1.0,0.25,0.05,lr1e-05_bs16_drop0p2_temp1p0_a0p25_b0p05__wd1e-04trmiss0_degmodglobal,42,0.6515509784221649,0.7083267569541931,0.3555555555555555,0.672240105573439,0.35714285714285715,0.0,0.5634540021419525,0.634381428360939,0.04419626900926232,0.12240996956825256,0.0,0.0,0.0,0.0,0.0,18473,global,0.0
5,2,lr1e-05_bs16_drop0p2_temp1p0_a0p25_b0p05__wd1e-04trmiss0_degmodglobal,16,1e-05,0.0001,0.2,1.0,0.25,0.05,lr1e-05_bs16_drop0p2_temp1p0_a0p25_b0p05__wd1e-04trmiss0_degmodglobal,43,0.6431170403957367,0.7100838422775269,0.3333333333333333,0.666347849681183,0.35714285714285715,0.0,0.5485505610704422,0.6187379062175751,0.05876249633729458,0.19377031549811363,0.0,0.0,0.0,0.0,0.0,18473,global,0.0
5,2,lr1e-05_bs16_drop0p2_temp1p0_a0p25_b0p05__wd1e-04trmiss0_degmodglobal,16,1e-05,0.0001,0.2,1.0,0.25,0.05,lr1e-05_bs16_drop0p2_temp1p0_a0p25_b0p05__wd1e-04trmiss0_degmodglobal,44,0.6332941949367523,0.7117157578468323,0.3333333333333333,0.666347849681183,0.2857142857142857,0.0,0.5300790369510651,0.6096720099449158,0.057662901468575,0.1841292604804039,0.0,0.0,0.0,0.0,0.0,18473,global,0.0
5,2,lr1e-05_bs16_drop0p2_temp1p0_a0p25_b0p05__wd1e-04trmiss0_degmodglobal,16,1e-05,0.0001,0.2,1.0,0.25,0.05,lr1e-05_bs16_drop0p2_temp1p0_a0p25_b0p05__wd1e-04trmiss0_degmodglobal,45,0.6192985326051712,0.7131620049476624,0.28888888888888886,0.6213743047076381,0.35714285714285715,0.0,0.5421217009425163,0.6017057448625565,0.04549456015229225,0.12438335176557302,0.0,0.0,0.0,0.0,0.0,18473,global,0.0
5,2,lr1e-05_bs16_drop0p2_temp1p0_a0p25_b0p05__wd1e-04trmiss0_degmodglobal,16,1e-05,0.0001,0.2,1.0,0.25,0.05,lr1e-05_bs16_drop0p2_temp1p0_a0p25_b0p05__wd1e-04trmiss0_degmodglobal,46,0.6403261870145798,0.7133738994598389,0.28888888888888886,0.6232502065835399,0.2857142857142857,0.0,0.5766027569770813,0.6197168529033661,0.04763318970799446,0.17402073368430138,0.0,0.0,0.0,0.0,0.0,18473,global,0.0
5,2,lr1e-05_bs16_drop0p2_temp1p0_a0p25_b0p05__wd1e-04trmiss0_degmodglobal,16,1e-05,0.0001,0.2,1.0,0.25,0.05,lr1e-05_bs16_drop0p2_temp1p0_a0p25_b0p05__wd1e-04trmiss0_degmodglobal,47,0.6513288766145706,0.7149999141693115,0.3111111111111111,0.6272665605998939,0.2857142857142857,0.0,0.5709516108036041,0.6259815394878387,0.06281573604792356,0.19286824017763138,0.0,0.0,0.0,0.0,0.0,18473,global,0.0
5,2,lr1e-05_bs16_drop0p2_temp1p0_a0p25_b0p05__wd1e-04trmiss0_degmodglobal,16,1e-05,0.0001,0.2,1.0,0.25,0.05,lr1e-05_bs16_drop0p2_temp1p0_a0p25_b0p05__wd1e-04trmiss0_degmodglobal,48,0.6458171755075455,0.712074875831604,0.28888888888888886,0.6213743047076381,0.35714285714285715,0.0,0.5854476541280746,0.6213975995779037,0.05939298868179321,0.19142626784741879,0.0,0.0,0.0,0.0,0.0,18473,global,0.0
5,2,lr1e-05_bs16_drop0p2_temp1p0_a0p25_b0p05__wd1e-04trmiss0_degmodglobal,16,1e-05,0.0001,0.2,1.0,0.25,0.05,lr1e-05_bs16_drop0p2_temp1p0_a0p25_b0p05__wd1e-04trmiss0_degmodglobal,49,0.6721272319555283,0.7125746011734009,0.26666666666666666,0.615313698647032,0.2857142857142857,0.0,0.5514950826764107,0.6444095373153687,0.0653904639184475,0.22740130871534348,0.0,0.0,0.0,0.0,0.0,18473,global,0.0
5,2,lr1e-05_bs16_drop0p2_temp1p0_a0p25_b0p05__wd1e-04trmiss0_degmodglobal,16,1e-05,0.0001,0.2,1.0,0.25,0.05,lr1e-05_bs16_drop0p2_temp1p0_a0p25_b0p05__wd1e-04trmiss0_degmodglobal,50,0.6367286741733551,0.715691328048706,0.26666666666666666,0.615313698647032,0.21428571428571427,0.0,0.5552552342414856,0.6187067478895187,0.04244657699018717,0.14820550195872784,0.0,0.0,0.0,0.0,0.0,18473,global,0.0
5,2,lr1e-05_bs16_drop0p2_temp1p0_a0p25_b0p05__wd1e-04trmiss0_degmodglobal,16,1e-05,0.0001,0.2,1.0,0.25,0.05,lr1e-05_bs16_drop0p2_temp1p0_a0p25_b0p05__wd1e-04trmiss0_degmodglobal,51,0.6476453691720963,0.7175265550613403,0.26666666666666666,0.615313698647032,0.21428571428571427,0.0,0.545295923948288,0.6198141574859619,0.06400003377348185,0.23662380687892437,0.0,0.0,0.0,0.0,0.0,18473,global,0.0
5,2,lr1e-05_bs16_drop0p2_temp1p0_a0p25_b0p05__wd1e-04trmiss0_degmodglobal,16,1e-05,0.0001,0.2,1.0,0.25,0.05,lr1e-05_bs16_drop0p2_temp1p0_a0p25_b0p05__wd1e-04trmiss0_degmodglobal,52,0.6258344650268555,0.7156268358230591,0.26666666666666666,0.615313698647032,0.21428571428571427,0.0,0.5568792819976807,0.6017643064260483,0.061639148741960526,0.17320766812190413,0.0,0.0,0.0,0.0,0.0,18473,global,0.0
5,2,lr1e-05_bs16_drop0p2_temp1p0_a0p25_b0p05__wd1e-04trmiss0_degmodglobal,16,1e-05,0.0001,0.2,1.0,0.25,0.05,lr1e-05_bs16_drop0p2_temp1p0_a0p25_b0p05__wd1e-04trmiss0_degmodglobal,53,0.623070478439331,0.7157449126243591,0.2444444444444444,0.5967951801285134,0.21428571428571427,0.0,0.5697833001613617,0.6029253154993057,0.050305516459047794,0.15137547440826893,0.0,0.0,0.0,0.0,0.0,18473,global,0.0
5,2,lr1e-05_bs16_drop0p2_temp1p0_a0p25_b0p05__wd1e-04trmiss0_degmodglobal,16,1e-05,0.0001,0.2,1.0,0.25,0.05,lr1e-05_bs16_drop0p2_temp1p0_a0p25_b0p05__wd1e-04trmiss0_degmodglobal,54,0.6603482812643051,0.7152350544929504,0.28888888888888886,0.6213743047076381,0.2857142857142857,0.0,0.5684929043054581,0.6370727866888046,0.057870480231940746,0.1761576645076275,0.0,0.0,0.0,0.0,0.0,18473,global,0.0
5,2,lr1e-05_bs16_drop0p2_temp1p0_a0p25_b0p05__wd1e-04trmiss0_degmodglobal,16,1e-05,0.0001,0.2,1.0,0.25,0.05,lr1e-05_bs16_drop0p2_temp1p0_a0p25_b0p05__wd1e-04trmiss0_degmodglobal,55,0.6521530002355576,0.7152236104011536,0.3111111111111111,0.6584113417446751,0.2857142857142857,0.0,0.5393342822790146,0.6284449249505997,0.05424308590590954,0.20294611901044846,0.0,0.0,0.0,0.0,0.0,18473,global,0.0
5,2,lr1e-05_bs16_drop0p2_temp1p0_a0p25_b0p05__wd1e-04trmiss0_degmodglobal,16,1e-05,0.0001,0.2,1.0,0.25,0.05,lr1e-05_bs16_drop0p2_temp1p0_a0p25_b0p05__wd1e-04trmiss0_degmodglobal,56,0.650807112455368,0.7125267386436462,0.3333333333333333,0.666347849681183,0.2857142857142857,0.0,0.5628572702407837,0.6311360001564026,0.046228774823248386,0.16227877512574196,0.0,0.0,0.0,0.0,0.0,18473,global,0.0
5,2,lr1e-05_bs16_drop0p2_temp1p0_a0p25_b0p05__wd1e-04trmiss0_degmodglobal,16,1e-05,0.0001,0.2,1.0,0.25,0.05,lr1e-05_bs16_drop0p2_temp1p0_a0p25_b0p05__wd1e-04trmiss0_degmodglobal,57,0.6577150374650955,0.7137628793716431,0.3111111111111111,0.629310812644146,0.2857142857142857,0.0,0.5398454964160919,0.6298196166753769,0.06733745988458395,0.22122151404619217,0.0,0.0,0.0,0.0,0.0,18473,global,0.0
5,2,lr1e-05_bs16_drop0p2_temp1p0_a0p25_b0p05__wd1e-04trmiss0_degmodglobal,16,1e-05,0.0001,0.2,1.0,0.25,0.05,lr1e-05_bs16_drop0p2_temp1p0_a0p25_b0p05__wd1e-04trmiss0_degmodglobal,58,0.6575683057308197,0.711916983127594,0.3333333333333333,0.6352030685364018,0.2857142857142857,0.0,0.5384791195392609,0.6330280601978302,0.05956128425896168,0.19299867562949657,0.0,0.0,0.0,0.0,0.0,18473,global,0.0
5,2,lr1e-05_bs16_drop0p2_temp1p0_a0p25_b0p05__wd1e-04trmiss0_degmodglobal,16,1e-05,0.0001,0.2,1.0,0.25,0.05,lr1e-05_bs16_drop0p2_temp1p0_a0p25_b0p05__wd1e-04trmiss0_degmodglobal,59,0.6496167480945587,0.7122628092765808,0.3555555555555555,0.672240105573439,0.2857142857142857,0.0,0.5358869135379791,0.6211022436618805,0.06778233777731657,0.23137827962636948,0.0,0.0,0.0,0.0,0.0,18473,global,0.0
5,2,lr1e-05_bs16_drop0p2_temp1p0_a0p25_b0p05__wd1e-04trmiss0_degmodglobal,16,1e-05,0.0001,0.2,1.0,0.25,0.05,lr1e-05_bs16_drop0p2_temp1p0_a0p25_b0p05__wd1e-04trmiss0_degmodglobal,60,0.6589869856834412,0.7115139365196228,0.3333333333333333,0.666347849681183,0.2857142857142857,0.0,0.5357077568769455,0.6339425295591354,0.062069568783044815,0.19054117426276207,0.0,0.0,0.0,0.0,0.0,18473,global,0.0
5,2,lr1e-05_bs16_drop0p2_temp1p0_a0p25_b0p05__wd1e-04trmiss0_degmodglobal,16,1e-05,0.0001,0.2,1.0,0.25,0.05,lr1e-05_bs16_drop0p2_temp1p0_a0p25_b0p05__wd1e-04trmiss0_degmodglobal,61,0.6154513508081436,0.7112348079681396,0.3333333333333333,0.666347849681183,0.35714285714285715,0.0,0.5246575623750687,0.5908587574958801,0.05982093047350645,0.1927478201687336,0.0,0.0,0.0,0.0,0.0,18473,global,0.0
5,2,lr1e-05_bs16_drop0p2_temp1p0_a0p25_b0p05__wd1e-04trmiss0_degmodglobal,16,1e-05,0.0001,0.2,1.0,0.25,0.05,lr1e-05_bs16_drop0p2_temp1p0_a0p25_b0p05__wd1e-04trmiss0_degmodglobal,62,0.644770085811615,0.7109522223472595,0.3333333333333333,0.666347849681183,0.42857142857142855,0.0,0.5119803473353386,0.6175839155912399,0.06761097069829702,0.20566818490624428,0.0,0.0,0.0,0.0,0.0,18473,global,0.0
5,2,lr1e-05_bs16_drop0p2_temp2p0_a0p25_b0p05__wd1e-04trmiss0_degmodglobal,16,1e-05,0.0001,0.2,2.0,0.25,0.05,lr1e-05_bs16_drop0p2_temp2p0_a0p25_b0p05__wd1e-04trmiss0_degmodglobal,1,0.6525287926197052,0.6806743741035461,0.46666666666666673,0.7333512166845502,0.5,0.0,0.6737353801727295,0.6371361762285233,0.039970919489860535,0.10799792781472206,0.0,0.0,0.0,0.0,0.0,18473,global,0.0
5,2,lr1e-05_bs16_drop0p2_temp2p0_a0p25_b0p05__wd1e-04trmiss0_degmodglobal,16,1e-05,0.0001,0.2,2.0,0.25,0.05,lr1e-05_bs16_drop0p2_temp2p0_a0p25_b0p05__wd1e-04trmiss0_degmodglobal,2,0.6896135658025742,0.682128369808197,0.4222222222222222,0.6904219237552571,0.5,0.0,0.6570324152708054,0.6713511347770691,0.04468695539981127,0.14181388914585114,0.0,0.0,0.0,0.0,0.0,18473,global,0.0
5,2,lr1e-05_bs16_drop0p2_temp2p0_a0p25_b0p05__wd1e-04trmiss0_degmodglobal,16,1e-05,0.0001,0.2,2.0,0.25,0.05,lr1e-05_bs16_drop0p2_temp2p0_a0p25_b0p05__wd1e-04trmiss0_degmodglobal,3,0.6595220267772675,0.6841232180595398,0.4222222222222222,0.6904219237552571,0.5,0.0,0.6668507754802704,0.6433236002922058,0.041391399689018726,0.11701164208352566,0.0,0.0,0.0,0.0,0.0,18473,global,0.0
5,2,lr1e-05_bs16_drop0p2_temp2p0_a0p25_b0p05__wd1e-04trmiss0_degmodglobal,16,1e-05,0.0001,0.2,2.0,0.25,0.05,lr1e-05_bs16_drop0p2_temp2p0_a0p25_b0p05__wd1e-04trmiss0_degmodglobal,4,0.6519173681735992,0.6864129304885864,0.4222222222222222,0.6904219237552571,0.5,0.0,0.6506002843379974,0.6362526416778564,0.0395467160269618,0.11556103639304638,0.0,0.0,0.0,0.0,0.0,18473,global,0.0
5,2,lr1e-05_bs16_drop0p2_temp2p0_a0p25_b0p05__wd1e-04trmiss0_degmodglobal,16,1e-05,0.0001,0.2,2.0,0.25,0.05,lr1e-05_bs16_drop0p2_temp2p0_a0p25_b0p05__wd1e-04trmiss0_degmodglobal,5,0.6540700644254684,0.6885298490524292,0.4,0.684361317694651,0.5,0.0,0.6555052846670151,0.6381265074014664,0.03889744635671377,0.12438428588211536,0.0,0.0,0.0,0.0,0.0,18473,global,0.0
5,2,lr1e-05_bs16_drop0p2_temp2p0_a0p25_b0p05__wd1e-04trmiss0_degmodglobal,16,1e-05,0.0001,0.2,2.0,0.25,0.05,lr1e-05_bs16_drop0p2_temp2p0_a0p25_b0p05__wd1e-04trmiss0_degmodglobal,6,0.6574147045612335,0.6902419924736023,0.4,0.684361317694651,0.5,0.0,0.6652186214923859,0.6411901563405991,0.04019566811621189,0.12351256981492043,0.0,0.0,0.0,0.0,0.0,18473,global,0.0
5,2,lr1e-05_bs16_drop0p2_temp2p0_a0p25_b0p05__wd1e-04trmiss0_degmodglobal,16,1e-05,0.0001,0.2,2.0,0.25,0.05,lr1e-05_bs16_drop0p2_temp2p0_a0p25_b0p05__wd1e-04trmiss0_degmodglobal,7,0.6562154740095139,0.6899005770683289,0.4222222222222222,0.6904219237552571,0.5,0.0,0.6443957686424255,0.6418189853429794,0.0375688886269927,0.10008521843701601,0.0,0.0,0.0,0.0,0.0,18473,global,0.0
5,2,lr1e-05_bs16_drop0p2_temp2p0_a0p25_b0p05__wd1e-04trmiss0_degmodglobal,16,1e-05,0.0001,0.2,2.0,0.25,0.05,lr1e-05_bs16_drop0p2_temp2p0_a0p25_b0p05__wd1e-04trmiss0_degmodglobal,8,0.6320364475250244,0.692054033279419,0.4,0.684361317694651,0.5,0.0,0.6639812290668488,0.613542452454567,0.04516998492181301,0.14402985759079456,0.0,0.0,0.0,0.0,0.0,18473,global,0.0
5,2,lr1e-05_bs16_drop0p2_temp2p0_a0p25_b0p05__wd1e-04trmiss0_degmodglobal,16,1e-05,0.0001,0.2,2.0,0.25,0.05,lr1e-05_bs16_drop0p2_temp2p0_a0p25_b0p05__wd1e-04trmiss0_degmodglobal,9,0.627608135342598,0.6925337910652161,0.4,0.684361317694651,0.5,0.0,0.6506094038486481,0.6127964705228806,0.042328386567533016,0.08459150325506926,0.0,0.0,0.0,0.0,0.0,18473,global,0.0
5,2,lr1e-05_bs16_drop0p2_temp2p0_a0p25_b0p05__wd1e-04trmiss0_degmodglobal,16,1e-05,0.0001,0.2,2.0,0.25,0.05,lr1e-05_bs16_drop0p2_temp2p0_a0p25_b0p05__wd1e-04trmiss0_degmodglobal,10,0.6495137810707092,0.6923720240592957,0.37777777777777777,0.6695465028798362,0.5,0.0,0.6584349423646927,0.6323068588972092,0.04314009100198746,0.1284379754215479,0.0,0.0,0.0,0.0,0.0,18473,global,0.0
5,2,lr1e-05_bs16_drop0p2_temp2p0_a0p25_b0p05__wd1e-04trmiss0_degmodglobal,16,1e-05,0.0001,0.2,2.0,0.25,0.05,lr1e-05_bs16_drop0p2_temp2p0_a0p25_b0p05__wd1e-04trmiss0_degmodglobal,11,0.6435150504112244,0.6938067078590393,0.37777777777777777,0.6695465028798362,0.5,0.0,0.6282753795385361,0.6295842528343201,0.03792334068566561,0.0889986427500844,0.0,0.0,0.0,0.0,0.0,18473,global,0.0
5,2,lr1e-05_bs16_drop0p2_temp2p0_a0p25_b0p05__wd1e-04trmiss0_degmodglobal,16,1e-05,0.0001,0.2,2.0,0.25,0.05,lr1e-05_bs16_drop0p2_temp2p0_a0p25_b0p05__wd1e-04trmiss0_degmodglobal,12,0.6205040365457535,0.6943175196647644,0.37777777777777777,0.6695465028798362,0.5,0.0,0.6381282359361649,0.6042076796293259,0.038836292922496796,0.1317458115518093,0.0,0.0,0.0,0.0,0.0,18473,global,0.0
5,2,lr1e-05_bs16_drop0p2_temp2p0_a0p25_b0p05__wd1e-04trmiss0_degmodglobal,16,1e-05,0.0001,0.2,2.0,0.25,0.05,lr1e-05_bs16_drop0p2_temp2p0_a0p25_b0p05__wd1e-04trmiss0_degmodglobal,13,0.6502863168716431,0.6963405013084412,0.3555555555555555,0.6589644922978257,0.5,0.0,0.6375335901975632,0.6343320310115814,0.04075068328529596,0.11533208191394806,0.0,0.0,0.0,0.0,0.0,18473,global,0.0
5,2,lr1e-05_bs16_drop0p2_temp2p0_a0p25_b0p05__wd1e-04trmiss0_degmodglobal,16,1e-05,0.0001,0.2,2.0,0.25,0.05,lr1e-05_bs16_drop0p2_temp2p0_a0p25_b0p05__wd1e-04trmiss0_degmodglobal,14,0.6212061792612076,0.6953360438346863,0.37777777777777777,0.6695465028798362,0.5,0.0,0.6436499655246735,0.6031564623117447,0.04317077901214361,0.1451407503336668,0.0,0.0,0.0,0.0,0.0,18473,global,0.0
5,2,lr1e-05_bs16_drop0p2_temp2p0_a0p25_b0p05__wd1e-04trmiss0_degmodglobal,16,1e-05,0.0001,0.2,2.0,0.25,0.05,lr1e-05_bs16_drop0p2_temp2p0_a0p25_b0p05__wd1e-04trmiss0_degmodglobal,15,0.6505338400602341,0.6950206160545349,0.3555555555555555,0.6589644922978257,0.5,0.0,0.6157778054475784,0.6339415460824966,0.04208139516413212,0.12143878638744354,0.0,0.0,0.0,0.0,0.0,18473,global,0.0
5,2,lr1e-05_bs16_drop0p2_temp2p0_a0p25_b0p05__wd1e-04trmiss0_degmodglobal,16,1e-05,0.0001,0.2,2.0,0.25,0.05,lr1e-05_bs16_drop0p2_temp2p0_a0p25_b0p05__wd1e-04trmiss0_degmodglobal,16,0.6430344134569168,0.6954201459884644,0.3555555555555555,0.6589644922978257,0.5,0.0,0.6366090625524521,0.6284118145704269,0.03965140646323562,0.09419481363147497,0.0,0.0,0.0,0.0,0.0,18473,global,0.0
5,2,lr1e-05_bs16_drop0p2_temp2p0_a0p25_b0p05__wd1e-04trmiss0_degmodglobal,16,1e-05,0.0001,0.2,2.0,0.25,0.05,lr1e-05_bs16_drop0p2_temp2p0_a0p25_b0p05__wd1e-04trmiss0_degmodglobal,17,0.6400164067745209,0.6937058568000793,0.3555555555555555,0.6589644922978257,0.5,0.0,0.6056360155344009,0.6250159442424774,0.04186603147536516,0.09067914634943008,0.0,0.0,0.0,0.0,0.0,18473,global,0.0
5,2,lr1e-05_bs16_drop0p2_temp2p0_a0p25_b0p05__wd1e-04trmiss0_degmodglobal,16,1e-05,0.0001,0.2,2.0,0.25,0.05,lr1e-05_bs16_drop0p2_temp2p0_a0p25_b0p05__wd1e-04trmiss0_degmodglobal,18,0.6203555017709732,0.6923888325691223,0.3555555555555555,0.6589644922978257,0.5,0.0,0.6006453782320023,0.6024649292230606,0.04603490745648742,0.12763709388673306,0.0,0.0,0.0,0.0,0.0,18473,global,0.0
5,2,lr1e-05_bs16_drop0p2_temp2p0_a0p25_b0p05__wd1e-04trmiss0_degmodglobal,16,1e-05,0.0001,0.2,2.0,0.25,0.05,lr1e-05_bs16_drop0p2_temp2p0_a0p25_b0p05__wd1e-04trmiss0_degmodglobal,19,0.6135232895612717,0.6933884024620056,0.3555555555555555,0.6589644922978257,0.5,0.0,0.601914182305336,0.5965049117803574,0.0431787334382534,0.1244738195091486,0.0,0.0,0.0,0.0,0.0,18473,global,0.0
5,2,lr1e-05_bs16_drop0p2_temp2p0_a0p25_b0p05__wd1e-04trmiss0_degmodglobal,16,1e-05,0.0001,0.2,2.0,0.25,0.05,lr1e-05_bs16_drop0p2_temp2p0_a0p25_b0p05__wd1e-04trmiss0_degmodglobal,20,0.6312451213598251,0.6910644769668579,0.39999999999999997,0.7219034052367386,0.5,0.0,0.6102851182222366,0.611279085278511,0.053582348860800266,0.13140885531902313,0.0,0.0,0.0,0.0,0.0,18473,global,0.0
5,2,lr1e-05_bs16_drop0p2_temp2p0_a0p25_b0p05__wd1e-04trmiss0_degmodglobal,16,1e-05,0.0001,0.2,2.0,0.25,0.05,lr1e-05_bs16_drop0p2_temp2p0_a0p25_b0p05__wd1e-04trmiss0_degmodglobal,21,0.6425637751817703,0.6944617033004761,0.37777777777777777,0.7158427991761325,0.5,0.0,0.6035588681697845,0.6204882860183716,0.05482504703104496,0.1673846561461687,0.0,0.0,0.0,0.0,0.0,18473,global,0.0
5,2,lr1e-05_bs16_drop0p2_temp2p0_a0p25_b0p05__wd1e-04trmiss0_degmodglobal,16,1e-05,0.0001,0.2,2.0,0.25,0.05,lr1e-05_bs16_drop0p2_temp2p0_a0p25_b0p05__wd1e-04trmiss0_degmodglobal,22,0.6186646968126297,0.6930369734764099,0.4,0.7237793071126406,0.5,0.0,0.6281752437353134,0.6003985404968262,0.04639950953423977,0.1333253514021635,0.0,0.0,0.0,0.0,0.0,18473,global,0.0
5,2,lr1e-05_bs16_drop0p2_temp2p0_a0p25_b0p05__wd1e-04trmiss0_degmodglobal,16,1e-05,0.0001,0.2,2.0,0.25,0.05,lr1e-05_bs16_drop0p2_temp2p0_a0p25_b0p05__wd1e-04trmiss0_degmodglobal,23,0.6224010586738586,0.6928857564926147,0.4222222222222222,0.7314953564953566,0.5,0.0,0.62376768887043,0.6038870066404343,0.05079661123454571,0.11629781499505043,0.0,0.0,0.0,0.0,0.0,18473,global,0.0
5,2,lr1e-05_bs16_drop0p2_temp2p0_a0p25_b0p05__wd1e-04trmiss0_degmodglobal,16,1e-05,0.0001,0.2,2.0,0.25,0.05,lr1e-05_bs16_drop0p2_temp2p0_a0p25_b0p05__wd1e-04trmiss0_degmodglobal,24,0.6409728974103928,0.6940045952796936,0.39999999999999997,0.7037175787175787,0.5,0.0,0.5995560586452484,0.6189668476581573,0.05522034503519535,0.16401886567473412,0.0,0.0,0.0,0.0,0.0,18473,global,0.0
5,2,lr1e-05_bs16_drop0p2_temp2p0_a0p25_b0p05__wd1e-04trmiss0_degmodglobal,16,1e-05,0.0001,0.2,2.0,0.25,0.05,lr1e-05_bs16_drop0p2_temp2p0_a0p25_b0p05__wd1e-04trmiss0_degmodglobal,25,0.6166631132364273,0.6927105188369751,0.4222222222222222,0.7314953564953566,0.5,0.0,0.5959219932556152,0.5980682969093323,0.048557303845882416,0.1291096992790699,0.0,0.0,0.0,0.0,0.0,18473,global,0.0
5,2,lr1e-05_bs16_drop0p2_temp2p0_a0p25_b0p05__wd1e-04trmiss0_degmodglobal,16,1e-05,0.0001,0.2,2.0,0.25,0.05,lr1e-05_bs16_drop0p2_temp2p0_a0p25_b0p05__wd1e-04trmiss0_degmodglobal,26,0.6168593317270279,0.6936227083206177,0.4222222222222222,0.7314953564953566,0.5,0.0,0.6037515103816986,0.60060615837574,0.04317737044766545,0.10917671211063862,0.0,0.0,0.0,0.0,0.0,18473,global,0.0
5,2,lr1e-05_bs16_drop0p2_temp2p0_a0p25_b0p05__wd1e-04trmiss0_degmodglobal,16,1e-05,0.0001,0.2,2.0,0.25,0.05,lr1e-05_bs16_drop0p2_temp2p0_a0p25_b0p05__wd1e-04trmiss0_degmodglobal,27,0.6172609031200409,0.6953718066215515,0.37777777777777777,0.6960015293348627,0.5,0.0,0.5932815670967102,0.6016497761011124,0.04125377908349037,0.1059534065425396,0.0,0.0,0.0,0.0,0.0,18473,global,0.0
5,2,lr1e-05_bs16_drop0p4_temp1p0_a0p25_b0p05__wd1e-04trmiss0_degmodglobal,16,1e-05,0.0001,0.4,1.0,0.25,0.05,lr1e-05_bs16_drop0p4_temp1p0_a0p25_b0p05__wd1e-04trmiss0_degmodglobal,1,0.6789217740297318,0.6901603937149048,0.5333333333333333,0.6753848003848004,0.42857142857142855,0.0,0.6760572642087936,0.6567324846982956,0.0533566540107131,0.17700222693383694,0.0,0.0,0.0,0.0,0.0,18473,global,0.0
5,2,lr1e-05_bs16_drop0p4_temp1p0_a0p25_b0p05__wd1e-04trmiss0_degmodglobal,16,1e-05,0.0001,0.4,1.0,0.25,0.05,lr1e-05_bs16_drop0p4_temp1p0_a0p25_b0p05__wd1e-04trmiss0_degmodglobal,2,0.6752654314041138,0.6927558779716492,0.5333333333333333,0.6753848003848004,0.42857142857142855,0.0,0.6977281272411346,0.6557866036891937,0.046611265279352665,0.15652060881257057,0.0,0.0,0.0,0.0,0.0,18473,global,0.0
5,2,lr1e-05_bs16_drop0p4_temp1p0_a0p25_b0p05__wd1e-04trmiss0_degmodglobal,16,1e-05,0.0001,0.4,1.0,0.25,0.05,lr1e-05_bs16_drop0p4_temp1p0_a0p25_b0p05__wd1e-04trmiss0_degmodglobal,3,0.6848170608282089,0.6931489109992981,0.5333333333333333,0.6753848003848004,0.5,0.0,0.6729260981082916,0.6643445193767548,0.050003900192677975,0.1594316065311432,0.0,0.0,0.0,0.0,0.0,18473,global,0.0
5,2,lr1e-05_bs16_drop0p4_temp1p0_a0p25_b0p05__wd1e-04trmiss0_degmodglobal,16,1e-05,0.0001,0.4,1.0,0.25,0.05,lr1e-05_bs16_drop0p4_temp1p0_a0p25_b0p05__wd1e-04trmiss0_degmodglobal,4,0.6697270721197128,0.6939693689346313,0.5333333333333333,0.6753848003848004,0.42857142857142855,0.0,0.7022130638360977,0.6438203305006027,0.059379599057137966,0.22123698145151138,0.0,0.0,0.0,0.0,0.0,18473,global,0.0
5,2,lr1e-05_bs16_drop0p4_temp1p0_a0p25_b0p05__wd1e-04trmiss0_degmodglobal,16,1e-05,0.0001,0.4,1.0,0.25,0.05,lr1e-05_bs16_drop0p4_temp1p0_a0p25_b0p05__wd1e-04trmiss0_degmodglobal,5,0.6720185279846191,0.6927216649055481,0.5333333333333333,0.6753848003848004,0.42857142857142855,0.0,0.7125304043292999,0.6485829204320908,0.055439332500100136,0.1915157251060009,0.0,0.0,0.0,0.0,0.0,18473,global,0.0
5,2,lr1e-05_bs16_drop0p4_temp1p0_a0p25_b0p05__wd1e-04trmiss0_degmodglobal,16,1e-05,0.0001,0.4,1.0,0.25,0.05,lr1e-05_bs16_drop0p4_temp1p0_a0p25_b0p05__wd1e-04trmiss0_degmodglobal,6,0.7118331491947174,0.6938580274581909,0.5333333333333333,0.6753848003848004,0.42857142857142855,0.0,0.6472354829311371,0.6890621781349182,0.05254381010308862,0.19270038045942783,0.0,0.0,0.0,0.0,0.0,18473,global,0.0
5,2,lr1e-05_bs16_drop0p4_temp1p0_a0p25_b0p05__wd1e-04trmiss0_degmodglobal,16,1e-05,0.0001,0.4,1.0,0.25,0.05,lr1e-05_bs16_drop0p4_temp1p0_a0p25_b0p05__wd1e-04trmiss0_degmodglobal,7,0.6908109784126282,0.6929905414581299,0.5333333333333333,0.6753848003848004,0.42857142857142855,0.0,0.6903013288974762,0.67255899310112,0.04426277615129948,0.14372608717530966,0.0,0.0,0.0,0.0,0.0,18473,global,0.0
5,2,lr1e-05_bs16_drop0p4_temp1p0_a0p25_b0p05__wd1e-04trmiss0_degmodglobal,16,1e-05,0.0001,0.4,1.0,0.25,0.05,lr1e-05_bs16_drop0p4_temp1p0_a0p25_b0p05__wd1e-04trmiss0_degmodglobal,8,0.6832408010959625,0.6933961510658264,0.5333333333333333,0.6753848003848004,0.5714285714285714,0.0,0.670714944601059,0.658777043223381,0.06718884222209454,0.15333089977502823,0.0,0.0,0.0,0.0,0.0,18473,global,0.0
5,2,lr1e-05_bs16_drop0p4_temp1p0_a0p25_b0p05__wd1e-04trmiss0_degmodglobal,16,1e-05,0.0001,0.4,1.0,0.25,0.05,lr1e-05_bs16_drop0p4_temp1p0_a0p25_b0p05__wd1e-04trmiss0_degmodglobal,9,0.6600518226623535,0.6925742030143738,0.5555555555555556,0.6853054353054354,0.5,0.0,0.6627449840307236,0.6388370543718338,0.05087067373096943,0.1699419692158699,0.0,0.0,0.0,0.0,0.0,18473,global,0.0
5,2,lr1e-05_bs16_drop0p4_temp1p0_a0p25_b0p05__wd1e-04trmiss0_degmodglobal,16,1e-05,0.0001,0.4,1.0,0.25,0.05,lr1e-05_bs16_drop0p4_temp1p0_a0p25_b0p05__wd1e-04trmiss0_degmodglobal,10,0.6881698668003082,0.6949989199638367,0.5555555555555556,0.6853054353054354,0.5714285714285714,0.0,0.668279305100441,0.6682182401418686,0.04966238373890519,0.1507204808294773,0.0,0.0,0.0,0.0,0.0,18473,global,0.0
5,2,lr1e-05_bs16_drop0p4_temp1p0_a0p25_b0p05__wd1e-04trmiss0_degmodglobal,16,1e-05,0.0001,0.4,1.0,0.25,0.05,lr1e-05_bs16_drop0p4_temp1p0_a0p25_b0p05__wd1e-04trmiss0_degmodglobal,11,0.691852405667305,0.6941937208175659,0.5777777777777777,0.6945646945646946,0.5,0.0,0.6447565853595734,0.6645792573690414,0.06510503869503736,0.21993736922740936,0.0,0.0,0.0,0.0,0.0,18473,global,0.0
5,2,lr1e-05_bs16_drop0p4_temp1p0_a0p25_b0p05__wd1e-04trmiss0_degmodglobal,16,1e-05,0.0001,0.4,1.0,0.25,0.05,lr1e-05_bs16_drop0p4_temp1p0_a0p25_b0p05__wd1e-04trmiss0_degmodglobal,12,0.653086856007576,0.6937795877456665,0.5777777777777777,0.6945646945646946,0.5714285714285714,0.0,0.6773156374692917,0.6310717314481735,0.05330094275996089,0.1737978607416153,0.0,0.0,0.0,0.0,0.0,18473,global,0.0
5,2,lr1e-05_bs16_drop0p4_temp1p0_a0p25_b0p05__wd1e-04trmiss0_degmodglobal,16,1e-05,0.0001,0.4,1.0,0.25,0.05,lr1e-05_bs16_drop0p4_temp1p0_a0p25_b0p05__wd1e-04trmiss0_degmodglobal,13,0.7019680291414261,0.6948515176773071,0.5777777777777777,0.6945646945646946,0.5,0.0,0.6608294695615768,0.6775074303150177,0.059659456834197044,0.19091460295021534,0.0,0.0,0.0,0.0,0.0,18473,global,0.0
5,2,lr1e-05_bs16_drop0p4_temp1p0_a0p25_b0p05__wd1e-04trmiss0_degmodglobal,16,1e-05,0.0001,0.4,1.0,0.25,0.05,lr1e-05_bs16_drop0p4_temp1p0_a0p25_b0p05__wd1e-04trmiss0_degmodglobal,14,0.6652428507804871,0.6952174305915833,0.6,0.7032066698733366,0.5,0.0,0.6669712513685226,0.6461226344108582,0.05337308533489704,0.1155387032777071,0.0,0.0,0.0,0.0,0.0,18473,global,0.0
5,2,lr1e-05_bs16_drop0p4_temp1p0_a0p25_b0p05__wd1e-04trmiss0_degmodglobal,16,1e-05,0.0001,0.4,1.0,0.25,0.05,lr1e-05_bs16_drop0p4_temp1p0_a0p25_b0p05__wd1e-04trmiss0_degmodglobal,15,0.6420570611953735,0.6937544345855713,0.6,0.7032066698733366,0.5,0.0,0.6465254873037338,0.6201568469405174,0.054872166365385056,0.16364336013793945,0.0,0.0,0.0,0.0,0.0,18473,global,0.0
5,2,lr1e-05_bs16_drop0p4_temp1p0_a0p25_b0p05__wd1e-04trmiss0_degmodglobal,16,1e-05,0.0001,0.4,1.0,0.25,0.05,lr1e-05_bs16_drop0p4_temp1p0_a0p25_b0p05__wd1e-04trmiss0_degmodglobal,16,0.7103030979633331,0.6904021501541138,0.6,0.7032066698733366,0.5714285714285714,0.0,0.6671180725097656,0.6918182373046875,0.04828716954216361,0.12826194427907467,0.0,0.0,0.0,0.0,0.0,18473,global,0.0
5,2,lr1e-05_bs16_drop0p4_temp1p0_a0p25_b0p05__wd1e-04trmiss0_degmodglobal,16,1e-05,0.0001,0.4,1.0,0.25,0.05,lr1e-05_bs16_drop0p4_temp1p0_a0p25_b0p05__wd1e-04trmiss0_degmodglobal,17,0.6720476001501083,0.6895397901535034,0.6,0.7032066698733366,0.5,0.0,0.6839524209499359,0.6501858234405518,0.05525360722094774,0.16096759866923094,0.0,0.0,0.0,0.0,0.0,18473,global,0.0
5,2,lr1e-05_bs16_drop0p4_temp1p0_a0p25_b0p05__wd1e-04trmiss0_degmodglobal,16,1e-05,0.0001,0.4,1.0,0.25,0.05,lr1e-05_bs16_drop0p4_temp1p0_a0p25_b0p05__wd1e-04trmiss0_degmodglobal,18,0.6723152697086334,0.6900148987770081,0.6,0.7032066698733366,0.5,0.0,0.6572749316692352,0.6536586582660675,0.047850821167230606,0.13387809321284294,0.0,0.0,0.0,0.0,0.0,18473,global,0.0
5,2,lr1e-05_bs16_drop0p4_temp1p0_a0p25_b0p05__wd1e-04trmiss0_degmodglobal,16,1e-05,0.0001,0.4,1.0,0.25,0.05,lr1e-05_bs16_drop0p4_temp1p0_a0p25_b0p05__wd1e-04trmiss0_degmodglobal,19,0.6590117812156677,0.6934106945991516,0.5777777777777777,0.6945646945646946,0.5,0.0,0.63939268887043,0.6363050937652588,0.0615509944036603,0.14637909829616547,0.0,0.0,0.0,0.0,0.0,18473,global,0.0
5,2,lr1e-05_bs16_drop0p4_temp1p0_a0p25_b0p05__wd1e-04trmiss0_degmodglobal,16,1e-05,0.0001,0.4,1.0,0.25,0.05,lr1e-05_bs16_drop0p4_temp1p0_a0p25_b0p05__wd1e-04trmiss0_degmodglobal,20,0.6680824607610703,0.6937859654426575,0.5777777777777777,0.6945646945646946,0.5,0.0,0.6560302972793579,0.6521860957145691,0.042685937602072954,0.10449810733553022,0.0,0.0,0.0,0.0,0.0,18473,global,0.0
5,2,lr1e-05_bs16_drop0p4_temp1p0_a0p25_b0p05__wd1e-04trmiss0_degmodglobal,16,1e-05,0.0001,0.4,1.0,0.25,0.05,lr1e-05_bs16_drop0p4_temp1p0_a0p25_b0p05__wd1e-04trmiss0_degmodglobal,21,0.6914052069187164,0.6920141577720642,0.6,0.7032066698733366,0.5,0.0,0.6679228246212006,0.6660640388727188,0.06360327638685703,0.18880731239914894,0.0,0.0,0.0,0.0,0.0,18473,global,0.0
5,2,lr1e-05_bs16_drop0p4_temp1p0_a0p25_b0p05__wd1e-04trmiss0_degmodglobal,16,1e-05,0.0001,0.4,1.0,0.25,0.05,lr1e-05_bs16_drop0p4_temp1p0_a0p25_b0p05__wd1e-04trmiss0_degmodglobal,22,0.7058763802051544,0.6942298412322998,0.5777777777777777,0.6945646945646946,0.5,0.0,0.647403210401535,0.6828730553388596,0.055928910151124,0.1804220899939537,0.0,0.0,0.0,0.0,0.0,18473,global,0.0
5,2,lr1e-05_bs16_drop0p4_temp1p0_a0p25_b0p05__wd1e-04trmiss0_degmodglobal,16,1e-05,0.0001,0.4,1.0,0.25,0.05,lr1e-05_bs16_drop0p4_temp1p0_a0p25_b0p05__wd1e-04trmiss0_degmodglobal,23,0.643479585647583,0.692607045173645,0.6,0.7032066698733366,0.5,0.0,0.6467311233282089,0.6222789138555527,0.05743918661028147,0.13681759499013424,0.0,0.0,0.0,0.0,0.0,18473,global,0.0
5,2,lr1e-05_bs16_drop0p4_temp1p0_a0p25_b0p05__wd1e-04trmiss0_degmodglobal,16,1e-05,0.0001,0.4,1.0,0.25,0.05,lr1e-05_bs16_drop0p4_temp1p0_a0p25_b0p05__wd1e-04trmiss0_degmodglobal,24,0.6755228638648987,0.6937683820724487,0.5777777777777777,0.6945646945646946,0.5,0.0,0.6189305931329727,0.6479856669902802,0.06679653469473124,0.21676095947623253,0.0,0.0,0.0,0.0,0.0,18473,global,0.0
5,2,lr1e-05_bs16_drop0p4_temp1p0_a0p25_b0p05__wd1e-04trmiss0_degmodglobal,16,1e-05,0.0001,0.4,1.0,0.25,0.05,lr1e-05_bs16_drop0p4_temp1p0_a0p25_b0p05__wd1e-04trmiss0_degmodglobal,25,0.7070318311452866,0.6926010847091675,0.6,0.7032066698733366,0.5,0.0,0.6516662836074829,0.6772164702415466,0.06776344869285822,0.2574905455112457,0.0,0.0,0.0,0.0,0.0,18473,global,0.0
5,2,lr1e-05_bs16_drop0p4_temp1p0_a0p25_b0p05__wd1e-04trmiss0_degmodglobal,16,1e-05,0.0001,0.4,1.0,0.25,0.05,lr1e-05_bs16_drop0p4_temp1p0_a0p25_b0p05__wd1e-04trmiss0_degmodglobal,26,0.6886749267578125,0.6894521117210388,0.6,0.7032066698733366,0.5,0.0,0.5972119718790054,0.6617104709148407,0.07039580307900906,0.18731011636555195,0.0,0.0,0.0,0.0,0.0,18473,global,0.0
5,2,lr1e-05_bs16_drop0p4_temp1p0_a0p25_b0p05__wd1e-04trmiss0_degmodglobal,16,1e-05,0.0001,0.4,1.0,0.25,0.05,lr1e-05_bs16_drop0p4_temp1p0_a0p25_b0p05__wd1e-04trmiss0_degmodglobal,27,0.6660585850477219,0.692176878452301,0.6,0.7032066698733366,0.5,0.0,0.6361498683691025,0.6393037289381027,0.06657124310731888,0.2022404633462429,0.0,0.0,0.0,0.0,0.0,18473,global,0.0
5,2,lr1e-05_bs16_drop0p4_temp1p0_a0p25_b0p05__wd1e-04trmiss0_degmodglobal,16,1e-05,0.0001,0.4,1.0,0.25,0.05,lr1e-05_bs16_drop0p4_temp1p0_a0p25_b0p05__wd1e-04trmiss0_degmodglobal,28,0.6584056466817856,0.6924504041671753,0.6,0.7032066698733366,0.5,0.0,0.6312636286020279,0.631484791636467,0.07127740606665611,0.18202950060367584,0.0,0.0,0.0,0.0,0.0,18473,global,0.0
5,2,lr1e-05_bs16_drop0p4_temp1p0_a0p25_b0p05__wd1e-04trmiss0_degmodglobal,16,1e-05,0.0001,0.4,1.0,0.25,0.05,lr1e-05_bs16_drop0p4_temp1p0_a0p25_b0p05__wd1e-04trmiss0_degmodglobal,29,0.6692280024290085,0.6914656758308411,0.6,0.7032066698733366,0.5,0.0,0.5771474093198776,0.6414536088705063,0.06550834514200687,0.2279459685087204,0.0,0.0,0.0,0.0,0.0,18473,global,0.0
5,2,lr1e-05_bs16_drop0p4_temp1p0_a0p25_b0p05__wd1e-04trmiss0_degmodglobal,16,1e-05,0.0001,0.4,1.0,0.25,0.05,lr1e-05_bs16_drop0p4_temp1p0_a0p25_b0p05__wd1e-04trmiss0_degmodglobal,30,0.6736687868833542,0.6926299333572388,0.5777777777777777,0.6945646945646946,0.5,0.0,0.6040497869253159,0.6504803895950317,0.057782553136348724,0.17485519126057625,0.0,0.0,0.0,0.0,0.0,18473,global,0.0
5,2,lr1e-05_bs16_drop0p4_temp1p0_a0p25_b0p05__wd1e-04trmiss0_degmodglobal,16,1e-05,0.0001,0.4,1.0,0.25,0.05,lr1e-05_bs16_drop0p4_temp1p0_a0p25_b0p05__wd1e-04trmiss0_degmodglobal,31,0.660541370511055,0.6902562975883484,0.5777777777777777,0.6945646945646946,0.5,0.0,0.5897891968488693,0.6410646438598633,0.052126976661384106,0.1288994550704956,0.0,0.0,0.0,0.0,0.0,18473,global,0.0
5,2,lr1e-05_bs16_drop0p4_temp1p0_a0p25_b0p05__wd1e-04trmiss0_degmodglobal,16,1e-05,0.0001,0.4,1.0,0.25,0.05,lr1e-05_bs16_drop0p4_temp1p0_a0p25_b0p05__wd1e-04trmiss0_degmodglobal,32,0.6542322933673859,0.6919790506362915,0.5777777777777777,0.6945646945646946,0.5,0.0,0.6299833953380585,0.6292114555835724,0.0645872326567769,0.177480673417449,0.0,0.0,0.0,0.0,0.0,18473,global,0.0
5,2,lr1e-05_bs16_drop0p4_temp1p0_a0p25_b0p05__wd1e-04trmiss0_degmodglobal,16,1e-05,0.0001,0.4,1.0,0.25,0.05,lr1e-05_bs16_drop0p4_temp1p0_a0p25_b0p05__wd1e-04trmiss0_degmodglobal,33,0.6638555526733398,0.6955134272575378,0.5777777777777777,0.6945646945646946,0.5,0.0,0.6193557977676392,0.6417923867702484,0.059030892327427864,0.14610874094069004,0.0,0.0,0.0,0.0,0.0,18473,global,0.0
5,2,lr1e-05_bs16_drop0p4_temp1p0_a0p25_b0p05__wd1e-04trmiss0_degmodglobal,16,1e-05,0.0001,0.4,1.0,0.25,0.05,lr1e-05_bs16_drop0p4_temp1p0_a0p25_b0p05__wd1e-04trmiss0_degmodglobal,34,0.641759380698204,0.6929584741592407,0.5777777777777777,0.6945646945646946,0.5,0.0,0.6215088665485382,0.622284784913063,0.05415571015328169,0.11871304363012314,0.0,0.0,0.0,0.0,0.0,18473,global,0.0
5,2,lr1e-05_bs16_drop0p4_temp1p0_a0p25_b0p05__wd1e-04trmiss0_degmodglobal,16,1e-05,0.0001,0.4,1.0,0.25,0.05,lr1e-05_bs16_drop0p4_temp1p0_a0p25_b0p05__wd1e-04trmiss0_degmodglobal,35,0.6768841743469238,0.6955723166465759,0.5777777777777777,0.6945646945646946,0.5714285714285714,0.0,0.5969082415103912,0.6471115499734879,0.07991645485162735,0.195870628580451,0.0,0.0,0.0,0.0,0.0,18473,global,0.0
5,2,lr1e-05_bs16_drop0p4_temp1p0_a0p25_b0p05__wd1e-04trmiss0_degmodglobal,16,1e-05,0.0001,0.4,1.0,0.25,0.05,lr1e-05_bs16_drop0p4_temp1p0_a0p25_b0p05__wd1e-04trmiss0_degmodglobal,36,0.6907078176736832,0.6942912936210632,0.5777777777777777,0.6945646945646946,0.5714285714285714,0.0,0.6097403317689896,0.6611709296703339,0.06926360912621021,0.24441993609070778,0.0,0.0,0.0,0.0,0.0,18473,global,0.0
5,2,lr1e-05_bs16_drop0p4_temp1p0_a0p25_b0p05__wd1e-04trmiss0_degmodglobal,16,1e-05,0.0001,0.4,1.0,0.25,0.05,lr1e-05_bs16_drop0p4_temp1p0_a0p25_b0p05__wd1e-04trmiss0_degmodglobal,37,0.6695558279752731,0.6983610391616821,0.5777777777777777,0.6945646945646946,0.5714285714285714,0.0,0.616815373301506,0.6477240324020386,0.05466223321855068,0.1633247174322605,0.0,0.0,0.0,0.0,0.0,18473,global,0.0
5,2,lr1e-05_bs16_drop0p4_temp1p0_a0p25_b0p05__wd1e-04trmiss0_degmodglobal,16,1e-05,0.0001,0.4,1.0,0.25,0.05,lr1e-05_bs16_drop0p4_temp1p0_a0p25_b0p05__wd1e-04trmiss0_degmodglobal,38,0.6757135689258575,0.6945265531539917,0.6222222222222222,0.7164341831008498,0.5714285714285714,0.0,0.5807003527879715,0.6445312201976776,0.07339962385594845,0.2566486969590187,0.0,0.0,0.0,0.0,0.0,18473,global,0.0
5,2,lr1e-05_bs16_drop0p4_temp1p0_a0p25_b0p05__wd1e-04trmiss0_degmodglobal,16,1e-05,0.0001,0.4,1.0,0.25,0.05,lr1e-05_bs16_drop0p4_temp1p0_a0p25_b0p05__wd1e-04trmiss0_degmodglobal,39,0.6523701697587967,0.6947876214981079,0.6444444444444444,0.7283389450056118,0.5714285714285714,0.0,0.5979354679584503,0.6308760493993759,0.05280417203903198,0.16586115956306458,0.0,0.0,0.0,0.0,0.0,18473,global,0.0
5,2,lr1e-05_bs16_drop0p4_temp1p0_a0p25_b0p05__wd1e-04trmiss0_degmodglobal,16,1e-05,0.0001,0.4,1.0,0.25,0.05,lr1e-05_bs16_drop0p4_temp1p0_a0p25_b0p05__wd1e-04trmiss0_degmodglobal,40,0.6720094531774521,0.6942887902259827,0.6444444444444444,0.7283389450056118,0.5714285714285714,0.0,0.6210509389638901,0.6468541920185089,0.06753982789814472,0.16540599055588245,0.0,0.0,0.0,0.0,0.0,18473,global,0.0
5,2,lr1e-05_bs16_drop0p4_temp1p0_a0p25_b0p05__wd1e-04trmiss0_degmodglobal,16,1e-05,0.0001,0.4,1.0,0.25,0.05,lr1e-05_bs16_drop0p4_temp1p0_a0p25_b0p05__wd1e-04trmiss0_degmodglobal,41,0.67873215675354,0.6986111998558044,0.6222222222222222,0.7164341831008498,0.5714285714285714,0.0,0.61194808781147,0.6540466547012329,0.0612228661775589,0.18759549781680107,0.0,0.0,0.0,0.0,0.0,18473,global,0.0
5,2,lr1e-05_bs16_drop0p4_temp1p0_a0p25_b0p05__wd1e-04trmiss0_degmodglobal,16,1e-05,0.0001,0.4,1.0,0.25,0.05,lr1e-05_bs16_drop0p4_temp1p0_a0p25_b0p05__wd1e-04trmiss0_degmodglobal,42,0.6478545963764191,0.6976338624954224,0.6222222222222222,0.7164341831008498,0.5714285714285714,0.0,0.6252153962850571,0.6321058422327042,0.03960088547319174,0.11697053909301758,0.0,0.0,0.0,0.0,0.0,18473,global,0.0
5,2,lr1e-05_bs16_drop0p4_temp1p0_a0p25_b0p05__wd1e-04trmiss0_degmodglobal,16,1e-05,0.0001,0.4,1.0,0.25,0.05,lr1e-05_bs16_drop0p4_temp1p0_a0p25_b0p05__wd1e-04trmiss0_degmodglobal,43,0.6324015855789185,0.697520911693573,0.6222222222222222,0.7164341831008498,0.5714285714285714,0.0,0.596206471323967,0.6130086332559586,0.0558540029451251,0.10858883522450924,0.0,0.0,0.0,0.0,0.0,18473,global,0.0
5,2,lr1e-05_bs16_drop0p4_temp1p0_a0p25_b0p05__wd1e-04trmiss0_degmodglobal,16,1e-05,0.0001,0.4,1.0,0.25,0.05,lr1e-05_bs16_drop0p4_temp1p0_a0p25_b0p05__wd1e-04trmiss0_degmodglobal,44,0.6661038994789124,0.6966330409049988,0.6444444444444444,0.7283389450056118,0.5714285714285714,0.0,0.593350812792778,0.6423982083797455,0.05659074615687132,0.19116045907139778,0.0,0.0,0.0,0.0,0.0,18473,global,0.0
5,2,lr1e-05_bs16_drop0p4_temp1p0_a0p25_b0p05__wd1e-04trmiss0_degmodglobal,16,1e-05,0.0001,0.4,1.0,0.25,0.05,lr1e-05_bs16_drop0p4_temp1p0_a0p25_b0p05__wd1e-04trmiss0_degmodglobal,45,0.6605384796857834,0.6927801370620728,0.6222222222222222,0.7164341831008498,0.5714285714285714,0.0,0.6023118197917938,0.642038568854332,0.048116120509803295,0.1294176634401083,0.0,0.0,0.0,0.0,0.0,18473,global,0.0
5,2,lr1e-05_bs16_drop0p4_temp1p0_a0p25_b0p05__wd1e-04trmiss0_degmodglobal,16,1e-05,0.0001,0.4,1.0,0.25,0.05,lr1e-05_bs16_drop0p4_temp1p0_a0p25_b0p05__wd1e-04trmiss0_degmodglobal,46,0.6648628413677216,0.6937634348869324,0.6,0.7032066698733366,0.5714285714285714,0.0,0.59372478723526,0.6376286894083023,0.06860855594277382,0.20163989812135696,0.0,0.0,0.0,0.0,0.0,18473,global,0.0
5,2,lr1e-05_bs16_drop0p4_temp1p0_a0p25_b0p05__wd1e-04trmiss0_degmodglobal,16,1e-05,0.0001,0.4,1.0,0.25,0.05,lr1e-05_bs16_drop0p4_temp1p0_a0p25_b0p05__wd1e-04trmiss0_degmodglobal,47,0.6953650414943695,0.6924129724502563,0.6,0.7032066698733366,0.5714285714285714,0.0,0.6327207088470459,0.6699971109628677,0.06489699892699718,0.18287339806556702,0.0,0.0,0.0,0.0,0.0,18473,global,0.0
5,2,lr1e-05_bs16_drop0p4_temp1p0_a0p25_b0p05__wd1e-04trmiss0_degmodglobal,16,1e-05,0.0001,0.4,1.0,0.25,0.05,lr1e-05_bs16_drop0p4_temp1p0_a0p25_b0p05__wd1e-04trmiss0_degmodglobal,48,0.6465281844139099,0.6950179934501648,0.6444444444444445,0.724514991181658,0.5714285714285714,0.0,0.5851473808288574,0.6254366040229797,0.0558375483378768,0.1426438894122839,0.0,0.0,0.0,0.0,0.0,18473,global,0.0
5,2,lr1e-05_bs16_drop0p4_temp1p0_a0p25_b0p05__wd1e-04trmiss0_degmodglobal,16,1e-05,0.0001,0.4,1.0,0.25,0.05,lr1e-05_bs16_drop0p4_temp1p0_a0p25_b0p05__wd1e-04trmiss0_degmodglobal,49,0.6632666736841202,0.6896588802337646,0.6222222222222222,0.7112874779541447,0.5714285714285714,0.0,0.6194501370191574,0.6447335183620453,0.04579848772846162,0.14167058188468218,0.0,0.0,0.0,0.0,0.0,18473,global,0.0
5,2,lr1e-05_bs16_drop0p4_temp1p0_a0p25_b0p05__wd1e-04trmiss0_degmodglobal,16,1e-05,0.0001,0.4,1.0,0.25,0.05,lr1e-05_bs16_drop0p4_temp1p0_a0p25_b0p05__wd1e-04trmiss0_degmodglobal,50,0.6922559440135956,0.6938613057136536,0.5777777777777777,0.6945646945646946,0.5714285714285714,0.0,0.5956997275352478,0.6642546504735947,0.06368446629494429,0.24160327017307281,0.0,0.0,0.0,0.0,0.0,18473,global,0.0
5,2,lr1e-05_bs16_drop0p4_temp1p0_a0p25_b0p05__wd1e-04trmiss0_degmodglobal,16,1e-05,0.0001,0.4,1.0,0.25,0.05,lr1e-05_bs16_drop0p4_temp1p0_a0p25_b0p05__wd1e-04trmiss0_degmodglobal,51,0.6699501276016235,0.6969707608222961,0.5777777777777777,0.6945646945646946,0.5714285714285714,0.0,0.5810243636369705,0.6441727131605148,0.0676596350967884,0.17724993079900742,0.0,0.0,0.0,0.0,0.0,18473,global,0.0
5,2,lr1e-05_bs16_drop0p4_temp1p0_a0p25_b0p05__wd1e-04trmiss0_degmodglobal,16,1e-05,0.0001,0.4,1.0,0.25,0.05,lr1e-05_bs16_drop0p4_temp1p0_a0p25_b0p05__wd1e-04trmiss0_degmodglobal,52,0.7097234725952148,0.696017861366272,0.5777777777777777,0.6945646945646946,0.5714285714285714,0.0,0.623677670955658,0.6850364804267883,0.05941096693277359,0.19668472558259964,0.0,0.0,0.0,0.0,0.0,18473,global,0.0
5,2,lr1e-05_bs16_drop0p4_temp1p0_a0p25_b0p05__wd1e-04trmiss0_degmodglobal,16,1e-05,0.0001,0.4,1.0,0.25,0.05,lr1e-05_bs16_drop0p4_temp1p0_a0p25_b0p05__wd1e-04trmiss0_degmodglobal,53,0.7037599980831146,0.6911661624908447,0.6222222222222222,0.7164341831008498,0.5714285714285714,0.0,0.6073606237769127,0.6655162870883942,0.08740394748747349,0.3278544470667839,0.0,0.0,0.0,0.0,0.0,18473,global,0.0
5,2,lr1e-05_bs16_drop0p4_temp1p0_a0p25_b0p05__wd1e-04trmiss0_degmodglobal,16,1e-05,0.0001,0.4,1.0,0.25,0.05,lr1e-05_bs16_drop0p4_temp1p0_a0p25_b0p05__wd1e-04trmiss0_degmodglobal,54,0.693258985877037,0.6878969073295593,0.6222222222222222,0.7164341831008498,0.6428571428571429,0.0,0.5863812416791916,0.6711848378181458,0.055672602728009224,0.16311975941061974,0.0,0.0,0.0,0.0,0.0,18473,global,0.0
5,2,lr1e-05_bs16_drop0p4_temp1p0_a0p25_b0p05__wd1e-04trmiss0_degmodglobal,16,1e-05,0.0001,0.4,1.0,0.25,0.05,lr1e-05_bs16_drop0p4_temp1p0_a0p25_b0p05__wd1e-04trmiss0_degmodglobal,55,0.654672160744667,0.6889615654945374,0.6,0.7032066698733366,0.5714285714285714,0.0,0.5725751370191574,0.625128298997879,0.07305705174803734,0.22559187933802605,0.0,0.0,0.0,0.0,0.0,18473,global,0.0
5,2,lr1e-05_bs16_drop0p4_temp1p0_a0p25_b0p05__wd1e-04trmiss0_degmodglobal,16,1e-05,0.0001,0.4,1.0,0.25,0.05,lr1e-05_bs16_drop0p4_temp1p0_a0p25_b0p05__wd1e-04trmiss0_degmodglobal,56,0.6602302193641663,0.693505048751831,0.6222222222222222,0.7164341831008498,0.5714285714285714,0.0,0.56607985496521,0.6365017145872116,0.061612971127033234,0.16650527343153954,0.0,0.0,0.0,0.0,0.0,18473,global,0.0
5,2,lr1e-05_bs16_drop0p4_temp1p0_a0p25_b0p05__wd1e-04trmiss0_degmodglobal,16,1e-05,0.0001,0.4,1.0,0.25,0.05,lr1e-05_bs16_drop0p4_temp1p0_a0p25_b0p05__wd1e-04trmiss0_degmodglobal,57,0.6563096791505814,0.6917822957038879,0.6222222222222222,0.7164341831008498,0.5714285714285714,0.0,0.6216121912002563,0.6313214302062988,0.06343985442072153,0.18256565555930138,0.0,0.0,0.0,0.0,0.0,18473,global,0.0
5,2,lr1e-05_bs16_drop0p4_temp1p0_a0p25_b0p05__wd1e-04trmiss0_degmodglobal,16,1e-05,0.0001,0.4,1.0,0.25,0.05,lr1e-05_bs16_drop0p4_temp1p0_a0p25_b0p05__wd1e-04trmiss0_degmodglobal,58,0.6533210724592209,0.689894437789917,0.6222222222222222,0.7112874779541447,0.5714285714285714,0.0,0.5620593428611755,0.6284807473421097,0.061541445553302765,0.1890997253358364,0.0,0.0,0.0,0.0,0.0,18473,global,0.0
5,2,lr1e-05_bs16_drop0p4_temp1p0_a0p25_b0p05__wd1e-04trmiss0_degmodglobal,16,1e-05,0.0001,0.4,1.0,0.25,0.05,lr1e-05_bs16_drop0p4_temp1p0_a0p25_b0p05__wd1e-04trmiss0_degmodglobal,59,0.6569545418024063,0.6912919878959656,0.6222222222222222,0.7164341831008498,0.5714285714285714,0.0,0.5429560542106628,0.6250708997249603,0.07511070370674133,0.26211927831172943,0.0,0.0,0.0,0.0,0.0,18473,global,0.0
5,2,lr1e-05_bs16_drop0p4_temp1p0_a0p25_b0p05__wd1e-04trmiss0_degmodglobal,16,1e-05,0.0001,0.4,1.0,0.25,0.05,lr1e-05_bs16_drop0p4_temp1p0_a0p25_b0p05__wd1e-04trmiss0_degmodglobal,60,0.6543754637241364,0.6868374943733215,0.6,0.7032066698733366,0.5714285714285714,0.0,0.5665227621793747,0.6295349299907684,0.06451792549341917,0.1742209978401661,0.0,0.0,0.0,0.0,0.0,18473,global,0.0
5,2,lr1e-05_bs16_drop0p4_temp1p0_a0p25_b0p05__wd1e-04trmiss0_degmodglobal,16,1e-05,0.0001,0.4,1.0,0.25,0.05,lr1e-05_bs16_drop0p4_temp1p0_a0p25_b0p05__wd1e-04trmiss0_degmodglobal,61,0.6773379296064377,0.6905131936073303,0.6,0.7032066698733366,0.5714285714285714,0.0,0.5966854989528656,0.6457453519105911,0.07803087681531906,0.24169691279530525,0.0,0.0,0.0,0.0,0.0,18473,global,0.0
5,2,lr1e-05_bs16_drop0p4_temp1p0_a0p25_b0p05__wd1e-04trmiss0_degmodglobal,16,1e-05,0.0001,0.4,1.0,0.25,0.05,lr1e-05_bs16_drop0p4_temp1p0_a0p25_b0p05__wd1e-04trmiss0_degmodglobal,62,0.6703988462686539,0.6895509958267212,0.6,0.7032066698733366,0.5714285714285714,0.0,0.552235409617424,0.6418200731277466,0.06936549488455057,0.22474825009703636,0.0,0.0,0.0,0.0,0.0,18473,global,0.0
5,2,lr1e-05_bs16_drop0p4_temp1p0_a0p25_b0p05__wd1e-04trmiss0_degmodglobal,16,1e-05,0.0001,0.4,1.0,0.25,0.05,lr1e-05_bs16_drop0p4_temp1p0_a0p25_b0p05__wd1e-04trmiss0_degmodglobal,63,0.638464629650116,0.6902868747711182,0.6,0.7032066698733366,0.5714285714285714,0.0,0.5510756820440292,0.6160382330417633,0.05691919568926096,0.16393225826323032,0.0,0.0,0.0,0.0,0.0,18473,global,0.0
5,2,lr1e-05_bs16_drop0p4_temp1p0_a0p25_b0p05__wd1e-04trmiss0_degmodglobal,16,1e-05,0.0001,0.4,1.0,0.25,0.05,lr1e-05_bs16_drop0p4_temp1p0_a0p25_b0p05__wd1e-04trmiss0_degmodglobal,64,0.6497242301702499,0.6929836869239807,0.6,0.7032066698733366,0.5714285714285714,0.0,0.5215896815061569,0.6183230429887772,0.08291398361325264,0.21345360577106476,0.0,0.0,0.0,0.0,0.0,18473,global,0.0
5,2,lr1e-05_bs16_drop0p4_temp1p0_a0p25_b0p05__wd1e-04trmiss0_degmodglobal,16,1e-05,0.0001,0.4,1.0,0.25,0.05,lr1e-05_bs16_drop0p4_temp1p0_a0p25_b0p05__wd1e-04trmiss0_degmodglobal,65,0.6538575440645218,0.6927064061164856,0.5777777777777777,0.6945646945646946,0.5714285714285714,0.0,0.5664002299308777,0.6260651499032974,0.07244795374572277,0.19360827840864658,0.0,0.0,0.0,0.0,0.0,18473,global,0.0
5,2,lr1e-05_bs16_drop0p4_temp1p0_a0p25_b0p05__wd1e-04trmiss0_degmodglobal,16,1e-05,0.0001,0.4,1.0,0.25,0.05,lr1e-05_bs16_drop0p4_temp1p0_a0p25_b0p05__wd1e-04trmiss0_degmodglobal,66,0.6638341993093491,0.6936207413673401,0.5777777777777777,0.6945646945646946,0.5714285714285714,0.0,0.5816158205270767,0.6302272081375122,0.08635943569242954,0.24034258909523487,0.0,0.0,0.0,0.0,0.0,18473,global,0.0
5,2,lr1e-05_bs16_drop0p4_temp1p0_a0p25_b0p05__wd1e-04trmiss0_degmodglobal,16,1e-05,0.0001,0.4,1.0,0.25,0.05,lr1e-05_bs16_drop0p4_temp1p0_a0p25_b0p05__wd1e-04trmiss0_degmodglobal,67,0.6608148366212845,0.6928898692131042,0.5777777777777777,0.6945646945646946,0.5714285714285714,0.0,0.5656328722834587,0.6238889098167419,0.08600630983710289,0.30848680436611176,0.0,0.0,0.0,0.0,0.0,18473,global,0.0
5,2,lr1e-05_bs16_drop0p4_temp1p0_a0p25_b0p05__wd1e-04trmiss0_degmodglobal,16,1e-05,0.0001,0.4,1.0,0.25,0.05,lr1e-05_bs16_drop0p4_temp1p0_a0p25_b0p05__wd1e-04trmiss0_degmodglobal,68,0.6765591651201248,0.694465696811676,0.6,0.7077922077922079,0.5714285714285714,0.0,0.5323478281497955,0.6455188244581223,0.07598488591611385,0.2408822551369667,0.0,0.0,0.0,0.0,0.0,18473,global,0.0
5,2,lr1e-05_bs16_drop0p4_temp2p0_a0p25_b0p05__wd1e-04trmiss0_degmodglobal,16,1e-05,0.0001,0.4,2.0,0.25,0.05,lr1e-05_bs16_drop0p4_temp2p0_a0p25_b0p05__wd1e-04trmiss0_degmodglobal,1,0.7486424148082733,0.7135536670684814,0.5111111111111111,0.6452260702260703,0.2857142857142857,0.0,0.7490369379520416,0.7298210859298706,0.04711711872369051,0.14084120094776154,0.0,0.0,0.0,0.0,0.0,18473,global,0.0
5,2,lr1e-05_bs16_drop0p4_temp2p0_a0p25_b0p05__wd1e-04trmiss0_degmodglobal,16,1e-05,0.0001,0.4,2.0,0.25,0.05,lr1e-05_bs16_drop0p4_temp2p0_a0p25_b0p05__wd1e-04trmiss0_degmodglobal,2,0.7612320780754089,0.7135704755783081,0.48888888888888893,0.6341149591149592,0.2857142857142857,0.0,0.6925791800022125,0.743869960308075,0.04486589040607214,0.12291317339986563,0.0,0.0,0.0,0.0,0.0,18473,global,0.0
5,2,lr1e-05_bs16_drop0p4_temp2p0_a0p25_b0p05__wd1e-04trmiss0_degmodglobal,16,1e-05,0.0001,0.4,2.0,0.25,0.05,lr1e-05_bs16_drop0p4_temp2p0_a0p25_b0p05__wd1e-04trmiss0_degmodglobal,3,0.7225015014410019,0.7147790193557739,0.4666666666666667,0.6155964405964407,0.2857142857142857,0.0,0.6835859715938568,0.7045269012451172,0.04680721182376146,0.12545624747872353,0.0,0.0,0.0,0.0,0.0,18473,global,0.0
5,2,lr1e-05_bs16_drop0p4_temp2p0_a0p25_b0p05__wd1e-04trmiss0_degmodglobal,16,1e-05,0.0001,0.4,2.0,0.25,0.05,lr1e-05_bs16_drop0p4_temp2p0_a0p25_b0p05__wd1e-04trmiss0_degmodglobal,4,0.7011053562164307,0.7147369980812073,0.4444444444444445,0.6044853294853295,0.2857142857142857,0.0,0.6776835918426514,0.6844435334205627,0.04460922908037901,0.11019045114517212,0.0,0.0,0.0,0.0,0.0,18473,global,0.0
5,2,lr1e-05_bs16_drop0p4_temp2p0_a0p25_b0p05__wd1e-04trmiss0_degmodglobal,16,1e-05,0.0001,0.4,2.0,0.25,0.05,lr1e-05_bs16_drop0p4_temp2p0_a0p25_b0p05__wd1e-04trmiss0_degmodglobal,5,0.7300544232130051,0.7191687226295471,0.4222222222222222,0.585966810966811,0.2857142857142857,0.0,0.7123507559299469,0.7094522416591644,0.05338621325790882,0.14511273801326752,0.0,0.0,0.0,0.0,0.0,18473,global,0.0
5,2,lr1e-05_bs16_drop0p4_temp2p0_a0p25_b0p05__wd1e-04trmiss0_degmodglobal,16,1e-05,0.0001,0.4,2.0,0.25,0.05,lr1e-05_bs16_drop0p4_temp2p0_a0p25_b0p05__wd1e-04trmiss0_degmodglobal,6,0.785332664847374,0.7181103825569153,0.4444444444444445,0.6044853294853295,0.2857142857142857,0.0,0.6645915508270264,0.7581485956907272,0.05786893703043461,0.2543368823826313,0.0,0.0,0.0,0.0,0.0,18473,global,0.0
5,2,lr1e-05_bs16_drop0p4_temp2p0_a0p25_b0p05__wd1e-04trmiss0_degmodglobal,16,1e-05,0.0001,0.4,2.0,0.25,0.05,lr1e-05_bs16_drop0p4_temp2p0_a0p25_b0p05__wd1e-04trmiss0_degmodglobal,7,0.7142667770385742,0.7175499200820923,0.4444444444444445,0.6044853294853295,0.35714285714285715,0.0,0.6532418876886368,0.6954734325408936,0.04831880237907171,0.13427339401096106,0.0,0.0,0.0,0.0,0.0,18473,global,0.0
5,2,lr1e-05_bs16_drop0p4_temp2p0_a0p25_b0p05__wd1e-04trmiss0_degmodglobal,16,1e-05,0.0001,0.4,2.0,0.25,0.05,lr1e-05_bs16_drop0p4_temp2p0_a0p25_b0p05__wd1e-04trmiss0_degmodglobal,8,0.7322675436735153,0.7170891165733337,0.4444444444444445,0.6044853294853295,0.21428571428571427,0.0,0.6595432460308075,0.7121247351169586,0.049319375306367874,0.15625908970832825,0.0,0.0,0.0,0.0,0.0,18473,global,0.0
5,2,lr1e-05_bs16_drop0p4_temp2p0_a0p25_b0p05__wd1e-04trmiss0_degmodglobal,16,1e-05,0.0001,0.4,2.0,0.25,0.05,lr1e-05_bs16_drop0p4_temp2p0_a0p25_b0p05__wd1e-04trmiss0_degmodglobal,9,0.7362208366394043,0.7168460488319397,0.4222222222222222,0.585966810966811,0.21428571428571427,0.0,0.6861372143030167,0.7103085368871689,0.05710839759558439,0.23270399868488312,0.0,0.0,0.0,0.0,0.0,18473,global,0.0
5,2,lr1e-05_bs16_drop0p4_temp2p0_a0p25_b0p05__wd1e-04trmiss0_degmodglobal,16,1e-05,0.0001,0.4,2.0,0.25,0.05,lr1e-05_bs16_drop0p4_temp2p0_a0p25_b0p05__wd1e-04trmiss0_degmodglobal,10,0.7218243330717087,0.7155424356460571,0.4444444444444444,0.6170745920745921,0.2857142857142857,0.0,0.6547480523586273,0.7043062597513199,0.04421487729996443,0.12928671203553677,0.0,0.0,0.0,0.0,0.0,18473,global,0.0
5,2,lr1e-05_bs16_drop0p4_temp2p0_a0p25_b0p05__wd1e-04trmiss0_degmodglobal,16,1e-05,0.0001,0.4,2.0,0.25,0.05,lr1e-05_bs16_drop0p4_temp2p0_a0p25_b0p05__wd1e-04trmiss0_degmodglobal,11,0.7290465235710144,0.715563952922821,0.42222222222222217,0.6096671846671847,0.35714285714285715,0.0,0.6656074225902557,0.7122554183006287,0.03847798518836498,0.1434320341795683,0.0,0.0,0.0,0.0,0.0,18473,global,0.0
5,2,lr1e-05_bs16_drop0p4_temp2p0_a0p25_b0p05__wd1e-04trmiss0_degmodglobal,16,1e-05,0.0001,0.4,2.0,0.25,0.05,lr1e-05_bs16_drop0p4_temp2p0_a0p25_b0p05__wd1e-04trmiss0_degmodglobal,12,0.7237954288721085,0.7185622453689575,0.42222222222222217,0.6096671846671847,0.35714285714285715,0.0,0.6736683398485184,0.7041513174772263,0.045728519558906555,0.16423971205949783,0.0,0.0,0.0,0.0,0.0,18473,global,0.0
5,2,lr1e-05_bs16_drop0p4_temp2p0_a0p25_b0p05__wd1e-04trmiss0_degmodglobal,16,1e-05,0.0001,0.4,2.0,0.25,0.05,lr1e-05_bs16_drop0p4_temp2p0_a0p25_b0p05__wd1e-04trmiss0_degmodglobal,13,0.7123488783836365,0.7209579944610596,0.39999999999999997,0.6019511352844686,0.35714285714285715,0.0,0.6797211468219757,0.6950657367706299,0.045533483382314444,0.1179952621459961,0.0,0.0,0.0,0.0,0.0,18473,global,0.0
5,2,lr1e-05_bs16_drop0p4_temp2p0_a0p25_b0p05__wd1e-04trmiss0_degmodglobal,16,1e-05,0.0001,0.4,2.0,0.25,0.05,lr1e-05_bs16_drop0p4_temp2p0_a0p25_b0p05__wd1e-04trmiss0_degmodglobal,14,0.6808841675519943,0.7200008630752563,0.37777777777777777,0.5987765321098655,0.42857142857142855,0.0,0.6746073663234711,0.6680435091257095,0.033727462869137526,0.08817565068602562,0.0,0.0,0.0,0.0,0.0,18473,global,0.0
5,2,lr1e-05_bs16_drop0p4_temp2p0_a0p25_b0p05__wd1e-04trmiss0_degmodglobal,16,1e-05,0.0001,0.4,2.0,0.25,0.05,lr1e-05_bs16_drop0p4_temp2p0_a0p25_b0p05__wd1e-04trmiss0_degmodglobal,15,0.7185580134391785,0.7190649509429932,0.39999999999999997,0.6064925814925816,0.35714285714285715,0.0,0.6846846044063568,0.7047242522239685,0.03663775138556957,0.09348630346357822,0.0,0.0,0.0,0.0,0.0,18473,global,0.0
5,2,lr1e-05_bs16_drop0p4_temp2p0_a0p25_b0p05__wd1e-04trmiss0_degmodglobal,16,1e-05,0.0001,0.4,2.0,0.25,0.05,lr1e-05_bs16_drop0p4_temp2p0_a0p25_b0p05__wd1e-04trmiss0_degmodglobal,16,0.7374083995819092,0.7191621661186218,0.42222222222222217,0.6138999888999889,0.42857142857142855,0.0,0.6933832764625549,0.7174645215272903,0.048384479247033596,0.15695501305162907,0.0,0.0,0.0,0.0,0.0,18473,global,0.0
5,2,lr1e-05_bs16_drop0p4_temp2p0_a0p25_b0p05__wd1e-04trmiss0_degmodglobal,16,1e-05,0.0001,0.4,2.0,0.25,0.05,lr1e-05_bs16_drop0p4_temp2p0_a0p25_b0p05__wd1e-04trmiss0_degmodglobal,17,0.682575523853302,0.7183936238288879,0.39999999999999997,0.5953814703814704,0.35714285714285715,0.0,0.6537583768367767,0.6637259721755981,0.04658092465251684,0.1440867017954588,0.0,0.0,0.0,0.0,0.0,18473,global,0.0
5,2,lr1e-05_bs16_drop0p4_temp2p0_a0p25_b0p05__wd1e-04trmiss0_degmodglobal,16,1e-05,0.0001,0.4,2.0,0.25,0.05,lr1e-05_bs16_drop0p4_temp2p0_a0p25_b0p05__wd1e-04trmiss0_degmodglobal,18,0.7400092631578445,0.7181535959243774,0.42222222222222217,0.6138999888999889,0.42857142857142855,0.0,0.6993091106414795,0.7208583205938339,0.05359629821032286,0.11503764614462852,0.0,0.0,0.0,0.0,0.0,18473,global,0.0
5,2,lr1e-05_bs16_drop0p4_temp2p0_a0p25_b0p05__wd1e-04trmiss0_degmodglobal,16,1e-05,0.0001,0.4,2.0,0.25,0.05,lr1e-05_bs16_drop0p4_temp2p0_a0p25_b0p05__wd1e-04trmiss0_degmodglobal,19,0.7330503761768341,0.7193106412887573,0.4222222222222222,0.6024521774521775,0.35714285714285715,0.0,0.6760902106761932,0.7157959640026093,0.04353748634457588,0.127400578930974,0.0,0.0,0.0,0.0,0.0,18473,global,0.0
5,2,lr1e-05_bs16_drop0p4_temp2p0_a0p25_b0p05__wd1e-04trmiss0_degmodglobal,16,1e-05,0.0001,0.4,2.0,0.25,0.05,lr1e-05_bs16_drop0p4_temp2p0_a0p25_b0p05__wd1e-04trmiss0_degmodglobal,20,0.7406750023365021,0.7195789813995361,0.4222222222222222,0.6024521774521775,0.2857142857142857,0.0,0.683025524020195,0.7206593900918961,0.04893543943762779,0.15563492104411125,0.0,0.0,0.0,0.0,0.0,18473,global,0.0
5,2,lr1e-05_bs16_drop0p4_temp2p0_a0p25_b0p05__wd1e-04trmiss0_degmodglobal,16,1e-05,0.0001,0.4,2.0,0.25,0.05,lr1e-05_bs16_drop0p4_temp2p0_a0p25_b0p05__wd1e-04trmiss0_degmodglobal,21,0.7225722372531891,0.7195286154747009,0.4222222222222222,0.6024521774521775,0.2857142857142857,0.0,0.6521934121847153,0.7040121704339981,0.04496991075575352,0.14635165221989155,0.0,0.0,0.0,0.0,0.0,18473,global,0.0
5,2,lr1e-05_bs16_drop0p4_temp2p0_a0p25_b0p05__wd1e-04trmiss0_degmodglobal,16,1e-05,0.0001,0.4,2.0,0.25,0.05,lr1e-05_bs16_drop0p4_temp2p0_a0p25_b0p05__wd1e-04trmiss0_degmodglobal,22,0.746634766459465,0.7186906933784485,0.4222222222222222,0.6024521774521775,0.2857142857142857,0.0,0.6598292589187622,0.7285465151071548,0.04222521185874939,0.150638896971941,0.0,0.0,0.0,0.0,0.0,18473,global,0.0
5,2,lr1e-05_bs16_drop0p4_temp2p0_a0p25_b0p05__wd1e-04trmiss0_degmodglobal,16,1e-05,0.0001,0.4,2.0,0.25,0.05,lr1e-05_bs16_drop0p4_temp2p0_a0p25_b0p05__wd1e-04trmiss0_degmodglobal,23,0.7121118605136871,0.7202416062355042,0.4444444444444444,0.6091861841861842,0.35714285714285715,0.0,0.6374980360269547,0.696808710694313,0.038783119060099125,0.11214746441692114,0.0,0.0,0.0,0.0,0.0,18473,global,0.0
5,2,lr1e-05_bs16_drop0p4_temp2p0_a0p25_b0p05__wd1e-04trmiss0_degmodglobal,16,1e-05,0.0001,0.4,2.0,0.25,0.05,lr1e-05_bs16_drop0p4_temp2p0_a0p25_b0p05__wd1e-04trmiss0_degmodglobal,24,0.719802513718605,0.7219922542572021,0.4444444444444444,0.6091861841861842,0.35714285714285715,0.0,0.6357196569442749,0.6983912438154221,0.04938239138573408,0.1813135463744402,0.0,0.0,0.0,0.0,0.0,18473,global,0.0
5,2,lr1e-05_bs16_drop0p4_temp2p0_a0p25_b0p05__wd1e-04trmiss0_degmodglobal,16,1e-05,0.0001,0.4,2.0,0.25,0.05,lr1e-05_bs16_drop0p4_temp2p0_a0p25_b0p05__wd1e-04trmiss0_degmodglobal,25,0.7200481444597244,0.7211635708808899,0.4444444444444444,0.6091861841861842,0.35714285714285715,0.0,0.6646269112825394,0.7004767805337906,0.046101039275527,0.160922359675169,0.0,0.0,0.0,0.0,0.0,18473,global,0.0
5,2,lr1e-05_bs16_drop0p4_temp2p0_a0p25_b0p05__wd1e-04trmiss0_degmodglobal,16,1e-05,0.0001,0.4,2.0,0.25,0.05,lr1e-05_bs16_drop0p4_temp2p0_a0p25_b0p05__wd1e-04trmiss0_degmodglobal,26,0.7236067056655884,0.7197643518447876,0.4444444444444444,0.6091861841861842,0.35714285714285715,0.0,0.6751782298088074,0.7067094892263412,0.03929838677868247,0.14145245216786861,0.0,0.0,0.0,0.0,0.0,18473,global,0.0
5,2,lr1e-05_bs16_drop0p4_temp2p0_a0p25_b0p05__wd1e-04trmiss0_degmodglobal,16,1e-05,0.0001,0.4,2.0,0.25,0.05,lr1e-05_bs16_drop0p4_temp2p0_a0p25_b0p05__wd1e-04trmiss0_degmodglobal,27,0.7242968380451202,0.7188585996627808,0.4444444444444444,0.6091861841861842,0.35714285714285715,0.0,0.643839955329895,0.70756496489048,0.04165103193372488,0.12638224847614765,0.0,0.0,0.0,0.0,0.0,18473,global,0.0
5,2,lr1e-05_bs16_drop0p4_temp2p0_a0p25_b0p05__wd1e-04trmiss0_degmodglobal,16,1e-05,0.0001,0.4,2.0,0.25,0.05,lr1e-05_bs16_drop0p4_temp2p0_a0p25_b0p05__wd1e-04trmiss0_degmodglobal,28,0.7273828983306885,0.7169308066368103,0.4888888888888889,0.6426638176638177,0.42857142857142855,0.0,0.641090914607048,0.7091130912303925,0.04173492919653654,0.15672188811004162,0.0,0.0,0.0,0.0,0.0,18473,global,0.0
5,2,lr1e-05_bs16_drop0p4_temp2p0_a0p25_b0p05__wd1e-04trmiss0_degmodglobal,16,1e-05,0.0001,0.4,2.0,0.25,0.05,lr1e-05_bs16_drop0p4_temp2p0_a0p25_b0p05__wd1e-04trmiss0_degmodglobal,29,0.6981568336486816,0.7174853682518005,0.4888888888888889,0.6426638176638177,0.42857142857142855,0.0,0.6533829122781754,0.6813462823629379,0.04098626272752881,0.1312795807607472,0.0,0.0,0.0,0.0,0.0,18473,global,0.0
5,2,lr1e-05_bs16_drop0p4_temp2p0_a0p25_b0p05__wd1e-04trmiss0_degmodglobal,16,1e-05,0.0001,0.4,2.0,0.25,0.05,lr1e-05_bs16_drop0p4_temp2p0_a0p25_b0p05__wd1e-04trmiss0_degmodglobal,30,0.7124505043029785,0.718709409236908,0.4666666666666667,0.6320818070818072,0.35714285714285715,0.0,0.638182744383812,0.6896956115961075,0.0501247039064765,0.2044745609164238,0.0,0.0,0.0,0.0,0.0,18473,global,0.0
5,2,lr1e-05_bs16_drop0p4_temp2p0_a0p25_b0p05__wd1e-04trmiss0_degmodglobal,16,1e-05,0.0001,0.4,2.0,0.25,0.05,lr1e-05_bs16_drop0p4_temp2p0_a0p25_b0p05__wd1e-04trmiss0_degmodglobal,31,0.7249861061573029,0.7183538675308228,0.4444444444444444,0.6091861841861842,0.35714285714285715,0.0,0.61773581802845,0.7042779326438904,0.046268695034086704,0.18282017298042774,0.0,0.0,0.0,0.0,0.0,18473,global,0.0
5,2,lr1e-05_bs16_drop0p4_temp2p0_a0p25_b0p05__wd1e-04trmiss0_degmodglobal,16,1e-05,0.0001,0.4,2.0,0.25,0.05,lr1e-05_bs16_drop0p4_temp2p0_a0p25_b0p05__wd1e-04trmiss0_degmodglobal,32,0.7124842256307602,0.7175813913345337,0.48888888888888893,0.6341149591149592,0.35714285714285715,0.0,0.637750893831253,0.6890845596790314,0.06065232679247856,0.16473126411437988,0.0,0.0,0.0,0.0,0.0,18473,global,0.0
5,2,lr1e-05_bs16_drop0p4_temp2p0_a0p25_b0p05__wd1e-04trmiss0_degmodglobal,16,1e-05,0.0001,0.4,2.0,0.25,0.05,lr1e-05_bs16_drop0p4_temp2p0_a0p25_b0p05__wd1e-04trmiss0_degmodglobal,33,0.7233265191316605,0.7165443897247314,0.5333333333333333,0.6660644910644911,0.42857142857142855,0.0,0.639573410153389,0.7038576751947403,0.05117396451532841,0.13350699841976166,0.0,0.0,0.0,0.0,0.0,18473,global,0.0
5,2,lr1e-05_bs16_drop0p4_temp2p0_a0p25_b0p05__wd1e-04trmiss0_degmodglobal,16,1e-05,0.0001,0.4,2.0,0.25,0.05,lr1e-05_bs16_drop0p4_temp2p0_a0p25_b0p05__wd1e-04trmiss0_degmodglobal,34,0.702413484454155,0.7165354490280151,0.4888888888888889,0.6388158138158139,0.42857142857142855,0.0,0.6233916282653809,0.6778260469436646,0.06052195932716131,0.18913908675312996,0.0,0.0,0.0,0.0,0.0,18473,global,0.0
5,2,lr1e-05_bs16_drop0p4_temp2p0_a0p25_b0p05__wd1e-04trmiss0_degmodglobal,16,1e-05,0.0001,0.4,2.0,0.25,0.05,lr1e-05_bs16_drop0p4_temp2p0_a0p25_b0p05__wd1e-04trmiss0_degmodglobal,35,0.6674448400735855,0.7202142477035522,0.4666666666666667,0.6202972952972954,0.35714285714285715,0.0,0.600501149892807,0.6460579335689545,0.05522028636187315,0.15163671597838402,0.0,0.0,0.0,0.0,0.0,18473,global,0.0
5,2,lr1e-05_bs16_drop0p4_temp2p0_a0p25_b0p05__wd1e-04trmiss0_degmodglobal,16,1e-05,0.0001,0.4,2.0,0.25,0.05,lr1e-05_bs16_drop0p4_temp2p0_a0p25_b0p05__wd1e-04trmiss0_degmodglobal,36,0.7143469303846359,0.7185314297676086,0.4666666666666667,0.6155964405964407,0.2857142857142857,0.0,0.6003080010414124,0.6951113343238831,0.045547377318143845,0.15697509422898293,0.0,0.0,0.0,0.0,0.0,18473,global,0.0
5,2,lr1e-05_bs16_drop0p4_temp2p0_a0p25_b0p05__wd1e-04trmiss0_degmodglobal,16,1e-05,0.0001,0.4,2.0,0.25,0.05,lr1e-05_bs16_drop0p4_temp2p0_a0p25_b0p05__wd1e-04trmiss0_degmodglobal,37,0.7050062119960785,0.7170177698135376,0.4666666666666667,0.6155964405964407,0.2857142857142857,0.0,0.6215648502111435,0.6871312111616135,0.0446044011041522,0.13447784446179867,0.0,0.0,0.0,0.0,0.0,18473,global,0.0
5,2,lr1e-05_bs16_drop0p4_temp2p0_a0p25_b0p05__wd1e-04trmiss0_degmodglobal,16,1e-05,0.0001,0.4,2.0,0.25,0.05,lr1e-05_bs16_drop0p4_temp2p0_a0p25_b0p05__wd1e-04trmiss0_degmodglobal,38,0.6641214191913605,0.7150818705558777,0.5333333333333333,0.6558080808080808,0.42857142857142855,0.0,0.631105050444603,0.645428478717804,0.046690273098647594,0.14040746167302132,0.0,0.0,0.0,0.0,0.0,18473,global,0.0
5,2,lr1e-05_bs16_drop0p4_temp2p0_a0p25_b0p05__wd1e-04trmiss0_degmodglobal,16,1e-05,0.0001,0.4,2.0,0.25,0.05,lr1e-05_bs16_drop0p4_temp2p0_a0p25_b0p05__wd1e-04trmiss0_degmodglobal,39,0.6998366117477417,0.7164415121078491,0.5111111111111111,0.6452260702260703,0.35714285714285715,0.0,0.6277570128440857,0.6766390800476074,0.06076181121170521,0.16014131903648376,0.0,0.0,0.0,0.0,0.0,18473,global,0.0
5,2,lr1e-05_bs16_drop0p4_temp2p0_a0p25_b0p05__wd1e-04trmiss0_degmodglobal,16,1e-05,0.0001,0.4,2.0,0.25,0.05,lr1e-05_bs16_drop0p4_temp2p0_a0p25_b0p05__wd1e-04trmiss0_degmodglobal,40,0.7234060764312744,0.7169714570045471,0.48888888888888893,0.6341149591149592,0.35714285714285715,0.0,0.631949782371521,0.7047825008630753,0.04935756325721741,0.12568393722176552,0.0,0.0,0.0,0.0,0.0,18473,global,0.0
5,2,lr1e-05_bs16_drop0p4_temp2p0_a0p25_b0p05__wd1e-04trmiss0_degmodglobal,16,1e-05,0.0001,0.4,2.0,0.25,0.05,lr1e-05_bs16_drop0p4_temp2p0_a0p25_b0p05__wd1e-04trmiss0_degmodglobal,41,0.6953812539577484,0.7178990244865417,0.4666666666666667,0.6277047027047027,0.35714285714285715,0.0,0.627340778708458,0.6747662127017975,0.05286325793713331,0.14798464439809322,0.0,0.0,0.0,0.0,0.0,18473,global,0.0
5,2,lr1e-05_bs16_drop0p4_temp2p0_a0p25_b0p05__wd1e-04trmiss0_degmodglobal,16,1e-05,0.0001,0.4,2.0,0.25,0.05,lr1e-05_bs16_drop0p4_temp2p0_a0p25_b0p05__wd1e-04trmiss0_degmodglobal,42,0.6908274292945862,0.7173469662666321,0.4444444444444444,0.620970695970696,0.42857142857142855,0.0,0.608211487531662,0.6703125536441803,0.04992377571761608,0.16067848727107048,0.0,0.0,0.0,0.0,0.0,18473,global,0.0
5,2,lr1e-05_bs16_drop0p4_temp2p0_a0p25_b0p05__wd1e-04trmiss0_degmodglobal,16,1e-05,0.0001,0.4,2.0,0.25,0.05,lr1e-05_bs16_drop0p4_temp2p0_a0p25_b0p05__wd1e-04trmiss0_degmodglobal,43,0.7054360955953598,0.717110276222229,0.4444444444444444,0.620970695970696,0.42857142857142855,0.0,0.5885389298200607,0.6838113516569138,0.052425241097807884,0.17036846280097961,0.0,0.0,0.0,0.0,0.0,18473,global,0.0
5,2,lr1e-05_bs16_drop0p4_temp2p0_a0p25_b0p05__wd1e-04trmiss0_degmodglobal,16,1e-05,0.0001,0.4,2.0,0.25,0.05,lr1e-05_bs16_drop0p4_temp2p0_a0p25_b0p05__wd1e-04trmiss0_degmodglobal,44,0.7175678312778473,0.7160671949386597,0.4666666666666667,0.6277047027047027,0.42857142857142855,0.0,0.6133567243814468,0.694494903087616,0.05928453989326954,0.1650355812162161,0.0,0.0,0.0,0.0,0.0,18473,global,0.0
5,2,lr1e-05_bs16_drop0p4_temp2p0_a0p25_b0p05__wd1e-04trmiss0_degmodglobal,16,1e-05,0.0001,0.4,2.0,0.25,0.05,lr1e-05_bs16_drop0p4_temp2p0_a0p25_b0p05__wd1e-04trmiss0_degmodglobal,45,0.6962310075759888,0.7158190011978149,0.4666666666666667,0.6277047027047027,0.35714285714285715,0.0,0.6046375632286072,0.6775054931640625,0.049446284770965576,0.12727883271872997,0.0,0.0,0.0,0.0,0.0,18473,global,0.0
5,2,lr1e-05_bs16_drop0p4_temp2p0_a0p25_b0p05__wd1e-04trmiss0_degmodglobal,16,1e-05,0.0001,0.4,2.0,0.25,0.05,lr1e-05_bs16_drop0p4_temp2p0_a0p25_b0p05__wd1e-04trmiss0_degmodglobal,46,0.7232635915279388,0.7164485454559326,0.48888888888888893,0.6341149591149592,0.35714285714285715,0.0,0.587276503443718,0.7019253671169281,0.054014332592487335,0.1566933374851942,0.0,0.0,0.0,0.0,0.0,18473,global,0.0
5,2,lr1e-05_bs16_drop0p4_temp2p0_a0p25_b0p05__wd1e-04trmiss0_degmodglobal,16,1e-05,0.0001,0.4,2.0,0.25,0.05,lr1e-05_bs16_drop0p4_temp2p0_a0p25_b0p05__wd1e-04trmiss0_degmodglobal,47,0.6927162259817123,0.7168357372283936,0.48888888888888893,0.6341149591149592,0.2857142857142857,0.0,0.5972316861152649,0.6748401969671249,0.04697027336806059,0.12266907095909119,0.0,0.0,0.0,0.0,0.0,18473,global,0.0
5,2,lr1e-05_bs16_drop0p4_temp2p0_a0p25_b0p05__wd1e-04trmiss0_degmodglobal,16,1e-05,0.0001,0.4,2.0,0.25,0.05,lr1e-05_bs16_drop0p4_temp2p0_a0p25_b0p05__wd1e-04trmiss0_degmodglobal,48,0.710400864481926,0.7173926830291748,0.4444444444444444,0.6091861841861842,0.35714285714285715,0.0,0.5995769798755646,0.6907704621553421,0.047197816893458366,0.1566188931465149,0.0,0.0,0.0,0.0,0.0,18473,global,0.0
5,2,lr1e-05_bs16_drop0p4_temp2p0_a0p25_b0p05__wd1e-04trmiss0_degmodglobal,16,1e-05,0.0001,0.4,2.0,0.25,0.05,lr1e-05_bs16_drop0p4_temp2p0_a0p25_b0p05__wd1e-04trmiss0_degmodglobal,49,0.707559809088707,0.7170200943946838,0.4666666666666667,0.6155964405964407,0.35714285714285715,0.0,0.6014483869075775,0.6862576901912689,0.052663689479231834,0.16272396687418222,0.0,0.0,0.0,0.0,0.0,18473,global,0.0
5,2,lr1e-05_bs16_drop0p4_temp2p0_a0p25_b0p05__wd1e-04trmiss0_degmodglobal,16,1e-05,0.0001,0.4,2.0,0.25,0.05,lr1e-05_bs16_drop0p4_temp2p0_a0p25_b0p05__wd1e-04trmiss0_degmodglobal,50,0.6951343417167664,0.716833770275116,0.4666666666666667,0.6277047027047027,0.35714285714285715,0.0,0.6075031757354736,0.6728966683149338,0.05580818373709917,0.1657124925404787,0.0,0.0,0.0,0.0,0.0,18473,global,0.0
5,2,lr1e-05_bs16_drop0p4_temp2p0_a0p25_b0p05__wd1e-04trmiss0_degmodglobal,16,1e-05,0.0001,0.4,2.0,0.25,0.05,lr1e-05_bs16_drop0p4_temp2p0_a0p25_b0p05__wd1e-04trmiss0_degmodglobal,51,0.715021476149559,0.7151089310646057,0.4888888888888889,0.6426638176638177,0.42857142857142855,0.0,0.6192056834697723,0.6965973973274231,0.048406935296952724,0.12644692324101925,0.0,0.0,0.0,0.0,0.0,18473,global,0.0
5,2,lr1e-05_bs16_drop0p4_temp2p0_a0p25_b0p05__wd1e-04trmiss0_degmodglobal,16,1e-05,0.0001,0.4,2.0,0.25,0.05,lr1e-05_bs16_drop0p4_temp2p0_a0p25_b0p05__wd1e-04trmiss0_degmodglobal,52,0.7031777948141098,0.7164697051048279,0.4666666666666667,0.6320818070818072,0.42857142857142855,0.0,0.6013426929712296,0.6785165667533875,0.06291248928755522,0.17866219021379948,0.0,0.0,0.0,0.0,0.0,18473,global,0.0
5,2,lr1e-05_bs16_drop0p4_temp2p0_a0p25_b0p05__wd1e-04trmiss0_degmodglobal,16,1e-05,0.0001,0.4,2.0,0.25,0.05,lr1e-05_bs16_drop0p4_temp2p0_a0p25_b0p05__wd1e-04trmiss0_degmodglobal,53,0.6711309254169464,0.7166823148727417,0.4444444444444444,0.620970695970696,0.42857142857142855,0.0,0.5988989174365997,0.65084108710289,0.051231153309345245,0.1496409997344017,0.0,0.0,0.0,0.0,0.0,18473,global,0.0
5,2,lr1e-05_bs16_drop0p4_temp2p0_a0p25_b0p05__wd1e-04trmiss0_degmodglobal,16,1e-05,0.0001,0.4,2.0,0.25,0.05,lr1e-05_bs16_drop0p4_temp2p0_a0p25_b0p05__wd1e-04trmiss0_degmodglobal,54,0.7213974744081497,0.717487096786499,0.4888888888888889,0.6426638176638177,0.42857142857142855,0.0,0.603617712855339,0.698875218629837,0.05554593354463577,0.172715213149786,0.0,0.0,0.0,0.0,0.0,18473,global,0.0
5,2,lr1e-05_bs16_drop0p4_temp2p0_a0p25_b0p05__wd1e-04trmiss0_degmodglobal,16,1e-05,0.0001,0.4,2.0,0.25,0.05,lr1e-05_bs16_drop0p4_temp2p0_a0p25_b0p05__wd1e-04trmiss0_degmodglobal,55,0.6993715316057205,0.7186766266822815,0.48888888888888893,0.6341149591149592,0.42857142857142855,0.0,0.5636088699102402,0.6733792126178741,0.06613385491073132,0.1891774646937847,0.0,0.0,0.0,0.0,0.0,18473,global,0.0
5,2,lr1e-05_bs16_drop0p4_temp2p0_a0p25_b0p05__wd1e-04trmiss0_degmodglobal,16,1e-05,0.0001,0.4,2.0,0.25,0.05,lr1e-05_bs16_drop0p4_temp2p0_a0p25_b0p05__wd1e-04trmiss0_degmodglobal,56,0.7024791538715363,0.7158662676811218,0.5111111111111111,0.6452260702260703,0.42857142857142855,0.0,0.5962094515562057,0.6781488656997681,0.06103294901549816,0.1814405620098114,0.0,0.0,0.0,0.0,0.0,18473,global,0.0
5,2,lr1e-05_bs16_drop0p4_temp2p0_a0p25_b0p05__wd1e-04trmiss0_degmodglobal,16,1e-05,0.0001,0.4,2.0,0.25,0.05,lr1e-05_bs16_drop0p4_temp2p0_a0p25_b0p05__wd1e-04trmiss0_degmodglobal,57,0.7110557854175568,0.7148410677909851,0.5111111111111111,0.6493978243978245,0.42857142857142855,0.0,0.5682576447725296,0.6815259009599686,0.06781671568751335,0.2515142261981964,0.0,0.0,0.0,0.0,0.0,18473,global,0.0
5,2,lr1e-05_bs16_drop0p4_temp2p0_a0p25_b0p05__wd1e-04trmiss0_degmodglobal,16,1e-05,0.0001,0.4,2.0,0.25,0.05,lr1e-05_bs16_drop0p4_temp2p0_a0p25_b0p05__wd1e-04trmiss0_degmodglobal,58,0.7159642428159714,0.7172971963882446,0.4666666666666667,0.6320818070818072,0.42857142857142855,0.0,0.578024610877037,0.6901419162750244,0.06504867691546679,0.19120313599705696,0.0,0.0,0.0,0.0,0.0,18473,global,0.0
5,3,lr1e-04_bs8_drop0p2_temp1p0_a0p25_b0p05__wd1e-04trmiss0_degmodglobal,8,0.0001,0.0001,0.2,1.0,0.25,0.05,lr1e-04_bs8_drop0p2_temp1p0_a0p25_b0p05__wd1e-04trmiss0_degmodglobal,1,0.7266733986990792,0.6767854690551758,0.55,0.6639204545454546,0.6153846153846154,0.0,0.6947137713432312,0.7079454830714634,0.050447097314255576,0.12232275892581258,0.0,0.0,0.0,0.0,0.0,18473,global,0.0
5,3,lr1e-04_bs8_drop0p2_temp1p0_a0p25_b0p05__wd1e-04trmiss0_degmodglobal,8,0.0001,0.0001,0.2,1.0,0.25,0.05,lr1e-04_bs8_drop0p2_temp1p0_a0p25_b0p05__wd1e-04trmiss0_degmodglobal,2,0.6796735950878688,0.6983653008937836,0.525,0.6520042457542458,0.6153846153846154,0.0,0.6715190155165536,0.6616572311946324,0.05132266453334263,0.10371402597853116,0.0,0.0,0.0,0.0,0.0,18473,global,0.0
5,3,lr1e-04_bs8_drop0p2_temp1p0_a0p25_b0p05__wd1e-04trmiss0_degmodglobal,8,0.0001,0.0001,0.2,1.0,0.25,0.05,lr1e-04_bs8_drop0p2_temp1p0_a0p25_b0p05__wd1e-04trmiss0_degmodglobal,3,0.669214631829943,0.7010741233825684,0.525,0.6555871212121213,0.5384615384615384,0.0,0.6554731215749469,0.6433784706251962,0.07298411109617778,0.15180256537028722,0.0,0.0,0.0,0.0,0.0,18473,global,0.0
5,3,lr1e-04_bs8_drop0p2_temp1p0_a0p25_b0p05__wd1e-04trmiss0_degmodglobal,8,0.0001,0.0001,0.2,1.0,0.25,0.05,lr1e-04_bs8_drop0p2_temp1p0_a0p25_b0p05__wd1e-04trmiss0_degmodglobal,4,0.6293873361178807,0.690750390291214,0.575,0.7264204545454546,0.5384615384615384,0.0,0.6386547429221017,0.6115850125040326,0.05241296759673527,0.0939818647290979,0.0,0.0,0.0,0.0,0.0,18473,global,0.0
5,3,lr1e-04_bs8_drop0p2_temp1p0_a0p25_b0p05__wd1e-04trmiss0_degmodglobal,8,0.0001,0.0001,0.2,1.0,0.25,0.05,lr1e-04_bs8_drop0p2_temp1p0_a0p25_b0p05__wd1e-04trmiss0_degmodglobal,5,0.6369526471410479,0.6862753629684448,0.55,0.6552083333333333,0.46153846153846156,0.0,0.6291663902146476,0.623693415096828,0.04031696596315929,0.06359979297433581,0.0,0.0,0.0,0.0,0.0,18473,global,0.0
5,3,lr1e-04_bs8_drop0p2_temp1p0_a0p25_b0p05__wd1e-04trmiss0_degmodglobal,8,0.0001,0.0001,0.2,1.0,0.25,0.05,lr1e-04_bs8_drop0p2_temp1p0_a0p25_b0p05__wd1e-04trmiss0_degmodglobal,6,0.5796871696199689,0.6830783784389496,0.525,0.6433035714285714,0.46153846153846156,0.0,0.6055499144962856,0.5619699018342155,0.05201549854661737,0.09426821715065412,0.0,0.0,0.0,0.0,0.0,18473,global,0.0
5,3,lr1e-04_bs8_drop0p2_temp1p0_a0p25_b0p05__wd1e-04trmiss0_degmodglobal,8,0.0001,0.0001,0.2,1.0,0.25,0.05,lr1e-04_bs8_drop0p2_temp1p0_a0p25_b0p05__wd1e-04trmiss0_degmodglobal,7,0.6038860593523298,0.6803212761878967,0.625,0.6979166666666667,0.6153846153846154,0.0,0.6164119669369289,0.5860038569995335,0.049835855407374244,0.10846461568559919,0.0,0.0,0.0,0.0,0.0,18473,global,0.0
5,3,lr1e-04_bs8_drop0p2_temp1p0_a0p25_b0p05__wd1e-04trmiss0_degmodglobal,8,0.0001,0.0001,0.2,1.0,0.25,0.05,lr1e-04_bs8_drop0p2_temp1p0_a0p25_b0p05__wd1e-04trmiss0_degmodglobal,8,0.5833700980458941,0.6775057017803192,0.6,0.6794507575757576,0.5384615384615384,0.0,0.6107454981122699,0.5636085186685834,0.053045566592897685,0.13000394936118806,0.0,0.0,0.0,0.0,0.0,18473,global,0.0
5,3,lr1e-04_bs8_drop0p2_temp1p0_a0p25_b0p05__wd1e-04trmiss0_degmodglobal,8,0.0001,0.0001,0.2,1.0,0.25,0.05,lr1e-04_bs8_drop0p2_temp1p0_a0p25_b0p05__wd1e-04trmiss0_degmodglobal,9,0.5883310692650932,0.6812669932842255,0.55,0.6552083333333333,0.5384615384615384,0.0,0.5842437062944684,0.5710133739880153,0.054448195333991735,0.07411304275904383,0.0,0.0,0.0,0.0,0.0,18473,global,0.0
5,3,lr1e-04_bs8_drop0p2_temp1p0_a0p25_b0p05__wd1e-04trmiss0_degmodglobal,8,0.0001,0.0001,0.2,1.0,0.25,0.05,lr1e-04_bs8_drop0p2_temp1p0_a0p25_b0p05__wd1e-04trmiss0_degmodglobal,10,0.576078576701028,0.6834495961666107,0.5249999999999999,0.6364583333333333,0.5384615384615384,0.0,0.583283713885716,0.5583543011120388,0.05356495162206037,0.086660699652774,0.0,0.0,0.0,0.0,0.0,18473,global,0.0
5,3,lr1e-04_bs8_drop0p2_temp1p0_a0p25_b0p05__wd1e-04trmiss0_degmodglobal,8,0.0001,0.0001,0.2,1.0,0.25,0.05,lr1e-04_bs8_drop0p2_temp1p0_a0p25_b0p05__wd1e-04trmiss0_degmodglobal,11,0.5890123077801296,0.6927313506603241,0.475,0.5995421245421245,0.46153846153846156,0.0,0.5739502736500331,0.5732864482062203,0.049037351672138484,0.06933053569602114,0.0,0.0,0.0,0.0,0.0,18473,global,0.0
5,3,lr1e-04_bs8_drop0p2_temp1p0_a0p25_b0p05__wd1e-04trmiss0_degmodglobal,8,0.0001,0.0001,0.2,1.0,0.25,0.05,lr1e-04_bs8_drop0p2_temp1p0_a0p25_b0p05__wd1e-04trmiss0_degmodglobal,12,0.5848388246127537,0.6919321715831757,0.475,0.5995421245421245,0.5384615384615384,0.0,0.5634400589125497,0.5644170131002154,0.06056217396897929,0.10562497696706227,0.0,0.0,0.0,0.0,0.0,18473,global,0.0
5,3,lr1e-04_bs8_drop0p2_temp1p0_a0p25_b0p05__wd1e-04trmiss0_degmodglobal,8,0.0001,0.0001,0.2,1.0,0.25,0.05,lr1e-04_bs8_drop0p2_temp1p0_a0p25_b0p05__wd1e-04trmiss0_degmodglobal,13,0.5613859466144017,0.6914431154727936,0.5,0.6059523809523809,0.5384615384615384,0.0,0.5469472919191632,0.543738876070295,0.05261497465627534,0.08986620418727398,0.0,0.0,0.0,0.0,0.0,18473,global,0.0
5,3,lr1e-04_bs8_drop0p2_temp1p0_a0p25_b0p05__wd1e-04trmiss0_degmodglobal,8,0.0001,0.0001,0.2,1.0,0.25,0.05,lr1e-04_bs8_drop0p2_temp1p0_a0p25_b0p05__wd1e-04trmiss0_degmodglobal,14,0.5889392154557365,0.6867799460887909,0.5,0.6059523809523809,0.5384615384615384,0.0,0.5681557485035488,0.5723186220441546,0.04910601010279996,0.08688173669257335,0.0,0.0,0.0,0.0,0.0,18473,global,0.0
5,3,lr1e-04_bs8_drop0p2_temp1p0_a0p25_b0p05__wd1e-04trmiss0_degmodglobal,8,0.0001,0.0001,0.2,1.0,0.25,0.05,lr1e-04_bs8_drop0p2_temp1p0_a0p25_b0p05__wd1e-04trmiss0_degmodglobal,15,0.5558972230979374,0.6827671825885773,0.525,0.6267857142857143,0.5384615384615384,0.0,0.5728550383022853,0.5362403435366494,0.05783381765442235,0.10396880337170192,0.0,0.0,0.0,0.0,0.0,18473,global,0.0
5,3,lr1e-04_bs8_drop0p2_temp1p0_a0p25_b0p05__wd1e-04trmiss0_degmodglobal,8,0.0001,0.0001,0.2,1.0,0.25,0.05,lr1e-04_bs8_drop0p2_temp1p0_a0p25_b0p05__wd1e-04trmiss0_degmodglobal,16,0.5488165531839643,0.6875700652599335,0.55,0.6260912698412697,0.5384615384615384,0.0,0.5408955684729985,0.5351203211716243,0.04516352367188249,0.048107218729065995,0.0,0.0,0.0,0.0,0.0,18473,global,0.0
5,3,lr1e-04_bs8_drop0p2_temp1p0_a0p25_b0p05__wd1e-04trmiss0_degmodglobal,8,0.0001,0.0001,0.2,1.0,0.25,0.05,lr1e-04_bs8_drop0p2_temp1p0_a0p25_b0p05__wd1e-04trmiss0_degmodglobal,17,0.5395055711269379,0.6902579069137573,0.525,0.6196810134310133,0.6153846153846154,0.0,0.5220441733087812,0.5185367166996002,0.05993174921189036,0.11971842497587204,0.0,0.0,0.0,0.0,0.0,18473,global,0.0
5,3,lr1e-04_bs8_drop0p2_temp1p0_a0p25_b0p05__wd1e-04trmiss0_degmodglobal,8,0.0001,0.0001,0.2,1.0,0.25,0.05,lr1e-04_bs8_drop0p2_temp1p0_a0p25_b0p05__wd1e-04trmiss0_degmodglobal,18,0.55781837446349,0.6867712736129761,0.575,0.6469246031746031,0.5384615384615384,0.0,0.529075243643352,0.5374159727777753,0.06276199727186135,0.09423807955213956,0.0,0.0,0.0,0.0,0.0,18473,global,0.0
5,3,lr1e-04_bs8_drop0p2_temp1p0_a0p25_b0p05__wd1e-04trmiss0_degmodglobal,8,0.0001,0.0001,0.2,1.0,0.25,0.05,lr1e-04_bs8_drop0p2_temp1p0_a0p25_b0p05__wd1e-04trmiss0_degmodglobal,19,0.5797566984380994,0.6843083500862122,0.575,0.6997023809523809,0.5384615384615384,0.0,0.5579022594860622,0.5582892681871142,0.06226946998919759,0.11800101505858558,0.0,0.0,0.0,0.0,0.0,18473,global,0.0
5,3,lr1e-04_bs8_drop0p2_temp1p0_a0p25_b0p05__wd1e-04trmiss0_degmodglobal,8,0.0001,0.0001,0.2,1.0,0.25,0.05,lr1e-04_bs8_drop0p2_temp1p0_a0p25_b0p05__wd1e-04trmiss0_degmodglobal,20,0.5501244962215424,0.6923058331012726,0.525,0.6307921245421245,0.5384615384615384,0.0,0.536333475794111,0.5325197279453278,0.05252262470977647,0.08948202058672905,0.0,0.0,0.0,0.0,0.0,18473,global,0.0
5,3,lr1e-04_bs8_drop0p2_temp1p0_a0p25_b0p05__wd1e-04trmiss0_degmodglobal,8,0.0001,0.0001,0.2,1.0,0.25,0.05,lr1e-04_bs8_drop0p2_temp1p0_a0p25_b0p05__wd1e-04trmiss0_degmodglobal,21,0.5233720966747829,0.6959220468997955,0.55,0.6260912698412697,0.5384615384615384,0.0,0.5163024153028216,0.5053345944200244,0.05302962873663221,0.09560177022857326,0.0,0.0,0.0,0.0,0.0,18473,global,0.0
5,3,lr1e-04_bs8_drop0p2_temp1p0_a0p25_b0p05__wd1e-04trmiss0_degmodglobal,8,0.0001,0.0001,0.2,1.0,0.25,0.05,lr1e-04_bs8_drop0p2_temp1p0_a0p25_b0p05__wd1e-04trmiss0_degmodglobal,22,0.5624013245105743,0.7010165154933929,0.5249999999999999,0.6163690476190475,0.46153846153846156,0.0,0.5255419271332877,0.5461351914065224,0.05044054612517357,0.07312022468873433,0.0,0.0,0.0,0.0,0.0,18473,global,0.0
5,3,lr1e-04_bs8_drop0p2_temp1p0_a0p25_b0p05__wd1e-04trmiss0_degmodglobal,8,0.0001,0.0001,0.2,1.0,0.25,0.05,lr1e-04_bs8_drop0p2_temp1p0_a0p25_b0p05__wd1e-04trmiss0_degmodglobal,23,0.5539690937314715,0.6961274147033691,0.5249999999999999,0.6163690476190475,0.46153846153846156,0.0,0.5317092154707227,0.5313166507652828,0.06833282166293689,0.11138497080121722,0.0,0.0,0.0,0.0,0.0,18473,global,0.0
5,3,lr1e-04_bs8_drop0p2_temp1p0_a0p25_b0p05__wd1e-04trmiss0_degmodglobal,8,0.0001,0.0001,0.2,1.0,0.25,0.05,lr1e-04_bs8_drop0p2_temp1p0_a0p25_b0p05__wd1e-04trmiss0_degmodglobal,24,0.5245920249394008,0.6952409148216248,0.5249999999999999,0.6163690476190475,0.46153846153846156,0.0,0.5108689538070134,0.5028681286743709,0.06501480404819761,0.10940391038145338,0.0,0.0,0.0,0.0,0.0,18473,global,0.0
5,3,lr1e-04_bs8_drop0p2_temp1p0_a0p25_b0p05__wd1e-04trmiss0_degmodglobal,8,0.0001,0.0001,0.2,1.0,0.25,0.05,lr1e-04_bs8_drop0p2_temp1p0_a0p25_b0p05__wd1e-04trmiss0_degmodglobal,25,0.5266187787055969,0.695800393819809,0.5249999999999999,0.6163690476190475,0.46153846153846156,0.0,0.5070587141173226,0.503863377230508,0.06816402875951358,0.11428782237427575,0.0,0.0,0.0,0.0,0.0,18473,global,0.0
5,3,lr1e-04_bs8_drop0p2_temp1p0_a0p25_b0p05__wd1e-04trmiss0_degmodglobal,8,0.0001,0.0001,0.2,1.0,0.25,0.05,lr1e-04_bs8_drop0p2_temp1p0_a0p25_b0p05__wd1e-04trmiss0_degmodglobal,26,0.5347137834344592,0.6979743242263794,0.5249999999999999,0.6163690476190475,0.38461538461538464,0.0,0.5109029369694846,0.515742084809712,0.05728560207145555,0.09300589880773,0.0,0.0,0.0,0.0,0.0,18473,global,0.0
5,3,lr1e-04_bs8_drop0p2_temp1p0_a0p25_b0p05__wd1e-04trmiss0_degmodglobal,8,0.0001,0.0001,0.2,1.0,0.25,0.05,lr1e-04_bs8_drop0p2_temp1p0_a0p25_b0p05__wd1e-04trmiss0_degmodglobal,27,0.5569701663085392,0.6972936391830444,0.5249999999999999,0.6163690476190475,0.46153846153846156,0.0,0.5307878596442086,0.5415403076580593,0.04804876287068639,0.06835326445954186,0.0,0.0,0.0,0.0,0.0,18473,global,0.0
5,3,lr1e-04_bs8_drop0p2_temp2p0_a0p25_b0p05__wd1e-04trmiss0_degmodglobal,8,0.0001,0.0001,0.2,2.0,0.25,0.05,lr1e-04_bs8_drop0p2_temp2p0_a0p25_b0p05__wd1e-04trmiss0_degmodglobal,1,0.7261124764169965,0.688473641872406,0.65,0.7981351981351982,0.5384615384615384,0.0,0.6829075983592442,0.7082118562289647,0.04855884239077568,0.11521792092493602,0.0,0.0,0.0,0.0,0.0,18473,global,0.0
5,3,lr1e-04_bs8_drop0p2_temp2p0_a0p25_b0p05__wd1e-04trmiss0_degmodglobal,8,0.0001,0.0001,0.2,2.0,0.25,0.05,lr1e-04_bs8_drop0p2_temp2p0_a0p25_b0p05__wd1e-04trmiss0_degmodglobal,2,0.6952703765460423,0.6994749903678894,0.55,0.6516254578754579,0.5384615384615384,0.0,0.6505081909043449,0.6779405644961766,0.04416570972119059,0.125767889299563,0.0,0.0,0.0,0.0,0.0,18473,global,0.0
5,3,lr1e-04_bs8_drop0p2_temp2p0_a0p25_b0p05__wd1e-04trmiss0_degmodglobal,8,0.0001,0.0001,0.2,2.0,0.25,0.05,lr1e-04_bs8_drop0p2_temp2p0_a0p25_b0p05__wd1e-04trmiss0_degmodglobal,3,0.6584475381033761,0.7087231576442719,0.45,0.5883814102564101,0.5384615384615384,0.0,0.6199454239436558,0.6390302351542881,0.049775807186961174,0.13946721223848207,0.0,0.0,0.0,0.0,0.0,18473,global,0.0
5,3,lr1e-04_bs8_drop0p2_temp2p0_a0p25_b0p05__wd1e-04trmiss0_degmodglobal,8,0.0001,0.0001,0.2,2.0,0.25,0.05,lr1e-04_bs8_drop0p2_temp2p0_a0p25_b0p05__wd1e-04trmiss0_degmodglobal,4,0.6382237247058323,0.7189846336841583,0.42500000000000004,0.5764766483516482,0.46153846153846156,0.0,0.6163242203848702,0.6211927618299212,0.043946675424064906,0.12088604590722493,0.0,0.0,0.0,0.0,0.0,18473,global,0.0
5,3,lr1e-04_bs8_drop0p2_temp2p0_a0p25_b0p05__wd1e-04trmiss0_degmodglobal,8,0.0001,0.0001,0.2,2.0,0.25,0.05,lr1e-04_bs8_drop0p2_temp2p0_a0p25_b0p05__wd1e-04trmiss0_degmodglobal,5,0.6035311818122864,0.7255706787109375,0.32499999999999996,0.5509129759129759,0.3076923076923077,0.0,0.5770133308001927,0.5875130466052464,0.046029939715351374,0.09021314765725817,0.0,0.0,0.0,0.0,0.0,18473,global,0.0
5,3,lr1e-04_bs8_drop0p2_temp2p0_a0p25_b0p05__wd1e-04trmiss0_degmodglobal,8,0.0001,0.0001,0.2,2.0,0.25,0.05,lr1e-04_bs8_drop0p2_temp2p0_a0p25_b0p05__wd1e-04trmiss0_degmodglobal,6,0.6009100590433393,0.7222382426261902,0.27499999999999997,0.5836510711510712,0.15384615384615385,0.0,0.5837664093290057,0.5857723440442767,0.044977412692138126,0.07786714325525931,0.0,0.0,0.0,0.0,0.0,18473,global,0.0
5,3,lr1e-04_bs8_drop0p2_temp2p0_a0p25_b0p05__wd1e-04trmiss0_degmodglobal,8,0.0001,0.0001,0.2,2.0,0.25,0.05,lr1e-04_bs8_drop0p2_temp2p0_a0p25_b0p05__wd1e-04trmiss0_degmodglobal,7,0.5865273731095451,0.7256523668766022,0.27499999999999997,0.5836510711510712,0.15384615384615385,0.0,0.5691934483391898,0.5705547758511135,0.043679630383849144,0.10105381160974503,0.0,0.0,0.0,0.0,0.0,18473,global,0.0
5,3,lr1e-04_bs8_drop0p2_temp2p0_a0p25_b0p05__wd1e-04trmiss0_degmodglobal,8,0.0001,0.0001,0.2,2.0,0.25,0.05,lr1e-04_bs8_drop0p2_temp2p0_a0p25_b0p05__wd1e-04trmiss0_degmodglobal,8,0.5623514907700675,0.7203039228916168,0.29999999999999993,0.5900613275613276,0.3076923076923077,0.0,0.5467386416026524,0.5467146677630288,0.04526916093059948,0.08639054053596087,0.0,0.0,0.0,0.0,0.0,18473,global,0.0
5,3,lr1e-04_bs8_drop0p2_temp2p0_a0p25_b0p05__wd1e-04trmiss0_degmodglobal,8,0.0001,0.0001,0.2,2.0,0.25,0.05,lr1e-04_bs8_drop0p2_temp2p0_a0p25_b0p05__wd1e-04trmiss0_degmodglobal,9,0.567367285490036,0.7216250896453857,0.29999999999999993,0.5900613275613276,0.3076923076923077,0.0,0.5610746315547398,0.5446317962237767,0.05754710201706205,0.16697448279176438,0.0,0.0,0.0,0.0,0.0,18473,global,0.0
5,3,lr1e-04_bs8_drop0p2_temp2p0_a0p25_b0p05__wd1e-04trmiss0_degmodglobal,8,0.0001,0.0001,0.2,2.0,0.25,0.05,lr1e-04_bs8_drop0p2_temp2p0_a0p25_b0p05__wd1e-04trmiss0_degmodglobal,10,0.5739019726003919,0.7257085740566254,0.29999999999999993,0.5900613275613276,0.23076923076923078,0.0,0.5738900005817413,0.5558292099407741,0.054309677864824026,0.08990690484642982,0.0,0.0,0.0,0.0,0.0,18473,global,0.0
5,3,lr1e-04_bs8_drop0p2_temp2p0_a0p25_b0p05__wd1e-04trmiss0_degmodglobal,8,0.0001,0.0001,0.2,2.0,0.25,0.05,lr1e-04_bs8_drop0p2_temp2p0_a0p25_b0p05__wd1e-04trmiss0_degmodglobal,11,0.5717597050326211,0.7275086343288422,0.29999999999999993,0.5900613275613276,0.23076923076923078,0.0,0.5534342101642064,0.5536016949585506,0.05329249958906855,0.09669756250722068,0.0,0.0,0.0,0.0,0.0,18473,global,0.0
5,3,lr1e-04_bs8_drop0p2_temp2p0_a0p25_b0p05__wd1e-04trmiss0_degmodglobal,8,0.0001,0.0001,0.2,2.0,0.25,0.05,lr1e-04_bs8_drop0p2_temp2p0_a0p25_b0p05__wd1e-04trmiss0_degmodglobal,12,0.5708321588379996,0.7343705594539642,0.29999999999999993,0.5900613275613276,0.23076923076923078,0.0,0.5328448329653058,0.5542334403310504,0.0470608722950731,0.0966699229819434,0.0,0.0,0.0,0.0,0.0,18473,global,0.0
5,3,lr1e-04_bs8_drop0p2_temp2p0_a0p25_b0p05__wd1e-04trmiss0_degmodglobal,8,0.0001,0.0001,0.2,2.0,0.25,0.05,lr1e-04_bs8_drop0p2_temp2p0_a0p25_b0p05__wd1e-04trmiss0_degmodglobal,13,0.5569878263132912,0.7333324253559113,0.29999999999999993,0.5900613275613276,0.23076923076923078,0.0,0.5497263414519173,0.5393906022821154,0.053517092551503866,0.08435920918626445,0.0,0.0,0.0,0.0,0.0,18473,global,0.0
5,3,lr1e-04_bs8_drop0p2_temp2p0_a0p25_b0p05__wd1e-04trmiss0_degmodglobal,8,0.0001,0.0001,0.2,2.0,0.25,0.05,lr1e-04_bs8_drop0p2_temp2p0_a0p25_b0p05__wd1e-04trmiss0_degmodglobal,14,0.540570855140686,0.7288508415222168,0.29999999999999993,0.5900613275613276,0.3076923076923077,0.0,0.5074989923409053,0.5214205299104963,0.058747622051409314,0.08926834698234286,0.0,0.0,0.0,0.0,0.0,18473,global,0.0
5,3,lr1e-04_bs8_drop0p2_temp2p0_a0p25_b0p05__wd1e-04trmiss0_degmodglobal,8,0.0001,0.0001,0.2,2.0,0.25,0.05,lr1e-04_bs8_drop0p2_temp2p0_a0p25_b0p05__wd1e-04trmiss0_degmodglobal,15,0.5535222291946411,0.733515053987503,0.32499999999999996,0.5983946608946609,0.23076923076923078,0.0,0.5359341715063367,0.5328272751399449,0.062187403706567626,0.10296224376985005,0.0,0.0,0.0,0.0,0.0,18473,global,0.0
5,3,lr1e-04_bs8_drop0p2_temp2p0_a0p25_b0p05__wd1e-04trmiss0_degmodglobal,8,0.0001,0.0001,0.2,2.0,0.25,0.05,lr1e-04_bs8_drop0p2_temp2p0_a0p25_b0p05__wd1e-04trmiss0_degmodglobal,16,0.539317922932761,0.7347593903541565,0.32499999999999996,0.5983946608946609,0.23076923076923078,0.0,0.5254759788513184,0.523675948381424,0.046986501663923264,0.077906783670187,0.0,0.0,0.0,0.0,0.0,18473,global,0.0
5,3,lr1e-04_bs8_drop0p2_temp2p0_a0p25_b0p05__wd1e-04trmiss0_degmodglobal,8,0.0001,0.0001,0.2,2.0,0.25,0.05,lr1e-04_bs8_drop0p2_temp2p0_a0p25_b0p05__wd1e-04trmiss0_degmodglobal,17,0.5344762589250293,0.7342385351657867,0.32499999999999996,0.5983946608946609,0.3076923076923077,0.0,0.5058554496083941,0.5129372434956687,0.06283603342516082,0.11660023406147957,0.0,0.0,0.0,0.0,0.0,18473,global,0.0
5,3,lr1e-04_bs8_drop0p2_temp2p0_a0p25_b0p05__wd1e-04trmiss0_degmodglobal,8,0.0001,0.0001,0.2,2.0,0.25,0.05,lr1e-04_bs8_drop0p2_temp2p0_a0p25_b0p05__wd1e-04trmiss0_degmodglobal,18,0.5407737663814,0.735291451215744,0.32499999999999996,0.5983946608946609,0.3076923076923077,0.0,0.5078221091202327,0.519048022372382,0.06171914083617074,0.12591941761119024,0.0,0.0,0.0,0.0,0.0,18473,global,0.0
5,3,lr1e-04_bs8_drop0p2_temp2p0_a0p25_b0p05__wd1e-04trmiss0_degmodglobal,8,0.0001,0.0001,0.2,2.0,0.25,0.05,lr1e-04_bs8_drop0p2_temp2p0_a0p25_b0p05__wd1e-04trmiss0_degmodglobal,19,0.5391706781727927,0.7341249585151672,0.32499999999999996,0.5983946608946609,0.3076923076923077,0.0,0.5025683641433716,0.512692677123206,0.07275647936122757,0.16577767367873872,0.0,0.0,0.0,0.0,0.0,18473,global,0.0
5,3,lr1e-04_bs8_drop0p2_temp2p0_a0p25_b0p05__wd1e-04trmiss0_degmodglobal,8,0.0001,0.0001,0.2,2.0,0.25,0.05,lr1e-04_bs8_drop0p2_temp2p0_a0p25_b0p05__wd1e-04trmiss0_degmodglobal,20,0.5401123719555991,0.7398771643638611,0.32499999999999996,0.5983946608946609,0.3076923076923077,0.0,0.522731248821531,0.5194012991019658,0.05901617237499782,0.11914090173585075,0.0,0.0,0.0,0.0,0.0,18473,global,0.0
5,3,lr1e-04_bs8_drop0p2_temp2p0_a0p25_b0p05__wd1e-04trmiss0_degmodglobal,8,0.0001,0.0001,0.2,2.0,0.25,0.05,lr1e-04_bs8_drop0p2_temp2p0_a0p25_b0p05__wd1e-04trmiss0_degmodglobal,21,0.533548619065966,0.7466383576393127,0.32499999999999996,0.5983946608946609,0.23076923076923078,0.0,0.5017033645084926,0.5124782707009997,0.06333984966788973,0.10470770938055855,0.0,0.0,0.0,0.0,0.0,18473,global,0.0
5,3,lr1e-04_bs8_drop0p2_temp2p0_a0p25_b0p05__wd1e-04trmiss0_degmodglobal,8,0.0001,0.0001,0.2,2.0,0.25,0.05,lr1e-04_bs8_drop0p2_temp2p0_a0p25_b0p05__wd1e-04trmiss0_degmodglobal,22,0.5349097933088031,0.742010623216629,0.35,0.6108946608946608,0.3076923076923077,0.0,0.47834024259022306,0.5129288222108569,0.06593132444790431,0.10996270818369729,0.0,0.0,0.0,0.0,0.0,18473,global,0.0
5,3,lr1e-04_bs8_drop0p2_temp2p0_a0p25_b0p05__wd1e-04trmiss0_degmodglobal,8,0.0001,0.0001,0.2,2.0,0.25,0.05,lr1e-04_bs8_drop0p2_temp2p0_a0p25_b0p05__wd1e-04trmiss0_degmodglobal,23,0.5209745935031346,0.7398695051670074,0.35,0.6108946608946608,0.3076923076923077,0.0,0.49245170184544157,0.5012299759047372,0.06114760360547474,0.08915455745799201,0.0,0.0,0.0,0.0,0.0,18473,global,0.0
5,3,lr1e-04_bs8_drop0p2_temp2p0_a0p25_b0p05__wd1e-04trmiss0_degmodglobal,8,0.0001,0.0001,0.2,2.0,0.25,0.05,lr1e-04_bs8_drop0p2_temp2p0_a0p25_b0p05__wd1e-04trmiss0_degmodglobal,24,0.5140013439314706,0.7403633892536163,0.35,0.6108946608946608,0.3076923076923077,0.0,0.4753097380910601,0.4909041311059679,0.06866221502423286,0.11863323620387486,0.0,0.0,0.0,0.0,0.0,18473,global,0.0
5,3,lr1e-04_bs8_drop0p2_temp2p0_a0p25_b0p05__wd1e-04trmiss0_degmodglobal,8,0.0001,0.0001,0.2,2.0,0.25,0.05,lr1e-04_bs8_drop0p2_temp2p0_a0p25_b0p05__wd1e-04trmiss0_degmodglobal,25,0.5346907760415759,0.7403574883937836,0.32499999999999996,0.5983946608946609,0.3076923076923077,0.0,0.4888036123343876,0.5095886928694588,0.07731185214860099,0.11548242505107607,0.0,0.0,0.0,0.0,0.0,18473,global,0.0
5,3,lr1e-04_bs8_drop0p2_temp2p0_a0p25_b0p05__wd1e-04trmiss0_degmodglobal,8,0.0001,0.0001,0.2,2.0,0.25,0.05,lr1e-04_bs8_drop0p2_temp2p0_a0p25_b0p05__wd1e-04trmiss0_degmodglobal,26,0.5281309698309217,0.7433470785617828,0.32499999999999996,0.5983946608946609,0.3076923076923077,0.0,0.4830007127353123,0.5003036686352321,0.07915527479989189,0.1607701022710119,0.0,0.0,0.0,0.0,0.0,18473,global,0.0
5,3,lr1e-04_bs8_drop0p2_temp2p0_a0p25_b0p05__wd1e-04trmiss0_degmodglobal,8,0.0001,0.0001,0.2,2.0,0.25,0.05,lr1e-04_bs8_drop0p2_temp2p0_a0p25_b0p05__wd1e-04trmiss0_degmodglobal,27,0.5302152974264962,0.7446666657924652,0.32499999999999996,0.5983946608946609,0.3076923076923077,0.0,0.4709053805896214,0.5090925395488739,0.06514380286846842,0.09673614693539483,0.0,0.0,0.0,0.0,0.0,18473,global,0.0
5,3,lr1e-04_bs8_drop0p2_temp2p0_a0p25_b0p05__wd1e-04trmiss0_degmodglobal,8,0.0001,0.0001,0.2,2.0,0.25,0.05,lr1e-04_bs8_drop0p2_temp2p0_a0p25_b0p05__wd1e-04trmiss0_degmodglobal,28,0.5170355694634574,0.7481861412525177,0.32499999999999996,0.5983946608946609,0.3076923076923077,0.0,0.443086360182081,0.49472723262650625,0.06803992177758898,0.1059670155601842,0.0,0.0,0.0,0.0,0.0,18473,global,0.0
5,3,lr1e-04_bs8_drop0p2_temp2p0_a0p25_b0p05__wd1e-04trmiss0_degmodglobal,8,0.0001,0.0001,0.2,2.0,0.25,0.05,lr1e-04_bs8_drop0p2_temp2p0_a0p25_b0p05__wd1e-04trmiss0_degmodglobal,29,0.5348836737019675,0.7476620376110077,0.32499999999999996,0.5983946608946609,0.3076923076923077,0.0,0.48663992966924396,0.5096957130091531,0.07954485714435577,0.10603500077767032,0.0,0.0,0.0,0.0,0.0,18473,global,0.0
5,3,lr1e-04_bs8_drop0p2_temp2p0_a0p25_b0p05__wd1e-04trmiss0_degmodglobal,8,0.0001,0.0001,0.2,2.0,0.25,0.05,lr1e-04_bs8_drop0p2_temp2p0_a0p25_b0p05__wd1e-04trmiss0_degmodglobal,30,0.5020753783839089,0.7464361786842346,0.35,0.6108946608946608,0.3076923076923077,0.0,0.4601793076310839,0.48077106050082613,0.0660279073885509,0.09594683508787837,0.0,0.0,0.0,0.0,0.0,18473,global,0.0
5,3,lr1e-04_bs8_drop0p2_temp2p0_a0p25_b0p05__wd1e-04trmiss0_degmodglobal,8,0.0001,0.0001,0.2,2.0,0.25,0.05,lr1e-04_bs8_drop0p2_temp2p0_a0p25_b0p05__wd1e-04trmiss0_degmodglobal,31,0.5109938042504447,0.7444711327552795,0.35,0.6108946608946608,0.3076923076923077,0.0,0.446337559393474,0.489077342408044,0.06288443612200874,0.12390719886337008,0.0,0.0,0.0,0.0,0.0,18473,global,0.0
5,3,lr1e-04_bs8_drop0p2_temp2p0_a0p25_b0p05__wd1e-04trmiss0_degmodglobal,8,0.0001,0.0001,0.2,2.0,0.25,0.05,lr1e-04_bs8_drop0p2_temp2p0_a0p25_b0p05__wd1e-04trmiss0_degmodglobal,32,0.5191174490111214,0.7413854598999023,0.35,0.6108946608946608,0.3076923076923077,0.0,0.4487952632563455,0.4927110033375876,0.08394698958311762,0.10839393734931946,0.0,0.0,0.0,0.0,0.0,18473,global,0.0
5,3,lr1e-04_bs8_drop0p2_temp2p0_a0p25_b0p05__wd1e-04trmiss0_degmodglobal,8,0.0001,0.0001,0.2,2.0,0.25,0.05,lr1e-04_bs8_drop0p2_temp2p0_a0p25_b0p05__wd1e-04trmiss0_degmodglobal,33,0.5161878381456647,0.7402641177177429,0.35,0.6108946608946608,0.3076923076923077,0.0,0.4676973990031651,0.48762441107204985,0.08753839933446475,0.1335765900356429,0.0,0.0,0.0,0.0,0.0,18473,global,0.0
5,3,lr1e-04_bs8_drop0p2_temp2p0_a0p25_b0p05__wd1e-04trmiss0_degmodglobal,8,0.0001,0.0001,0.2,2.0,0.25,0.05,lr1e-04_bs8_drop0p2_temp2p0_a0p25_b0p05__wd1e-04trmiss0_degmodglobal,34,0.5174876749515533,0.7417291402816772,0.35,0.6108946608946608,0.3076923076923077,0.0,0.4373681332383837,0.49184192078454153,0.08198072335549764,0.10301152190991811,0.0,0.0,0.0,0.0,0.0,18473,global,0.0
5,3,lr1e-04_bs8_drop0p2_temp2p0_a0p25_b0p05__wd1e-04trmiss0_degmodglobal,8,0.0001,0.0001,0.2,2.0,0.25,0.05,lr1e-04_bs8_drop0p2_temp2p0_a0p25_b0p05__wd1e-04trmiss0_degmodglobal,35,0.548121669462749,0.7477217316627502,0.35,0.6108946608946608,0.3076923076923077,0.0,0.44924986362457275,0.519675476210458,0.08030381426215172,0.16740458884409495,0.0,0.0,0.0,0.0,0.0,18473,global,0.0
5,3,lr1e-04_bs8_drop0p2_temp2p0_a0p25_b0p05__wd1e-04trmiss0_degmodglobal,8,0.0001,0.0001,0.2,2.0,0.25,0.05,lr1e-04_bs8_drop0p2_temp2p0_a0p25_b0p05__wd1e-04trmiss0_degmodglobal,36,0.530619706426348,0.7507553100585938,0.35,0.6108946608946608,0.3076923076923077,0.0,0.4561085232666561,0.5059417273317065,0.07664794368403298,0.11031991456236158,0.0,0.0,0.0,0.0,0.0,18473,global,0.0
5,3,lr1e-04_bs8_drop0p2_temp2p0_a0p25_b0p05__wd1e-04trmiss0_degmodglobal,8,0.0001,0.0001,0.2,2.0,0.25,0.05,lr1e-04_bs8_drop0p2_temp2p0_a0p25_b0p05__wd1e-04trmiss0_degmodglobal,37,0.522623747587204,0.7478593587875366,0.35,0.6108946608946608,0.3076923076923077,0.0,0.46006743397031513,0.49105710642678396,0.09645329522235054,0.14906660254512513,0.0,0.0,0.0,0.0,0.0,18473,global,0.0
5,3,lr1e-04_bs8_drop0p2_temp2p0_a0p25_b0p05__wd1e-04trmiss0_degmodglobal,8,0.0001,0.0001,0.2,2.0,0.25,0.05,lr1e-04_bs8_drop0p2_temp2p0_a0p25_b0p05__wd1e-04trmiss0_degmodglobal,38,0.5209366849490574,0.747843861579895,0.35,0.6108946608946608,0.3076923076923077,0.0,0.47689411895615713,0.49418860248156954,0.08009639861328262,0.1344794843878065,0.0,0.0,0.0,0.0,0.0,18473,global,0.0
5,3,lr1e-04_bs8_drop0p2_temp2p0_a0p25_b0p05__wd1e-04trmiss0_degmodglobal,8,0.0001,0.0001,0.2,2.0,0.25,0.05,lr1e-04_bs8_drop0p2_temp2p0_a0p25_b0p05__wd1e-04trmiss0_degmodglobal,39,0.5058245956897736,0.7449532449245453,0.35,0.6108946608946608,0.3076923076923077,0.0,0.42863076073782785,0.4769176798207419,0.08984895529491561,0.1288934594818524,0.0,0.0,0.0,0.0,0.0,18473,global,0.0
5,3,lr1e-04_bs8_drop0p2_temp2p0_a0p25_b0p05__wd1e-04trmiss0_degmodglobal,8,0.0001,0.0001,0.2,2.0,0.25,0.05,lr1e-04_bs8_drop0p2_temp2p0_a0p25_b0p05__wd1e-04trmiss0_degmodglobal,40,0.5306290941579002,0.7498017847537994,0.35,0.6108946608946608,0.3076923076923077,0.0,0.45886807782309397,0.5026980766228267,0.07667334909949984,0.17525351260389602,0.0,0.0,0.0,0.0,0.0,18473,global,0.0
5,3,lr1e-04_bs8_drop0p2_temp2p0_a0p25_b0p05__wd1e-04trmiss0_degmodglobal,8,0.0001,0.0001,0.2,2.0,0.25,0.05,lr1e-04_bs8_drop0p2_temp2p0_a0p25_b0p05__wd1e-04trmiss0_degmodglobal,41,0.5142571117196765,0.7474835515022278,0.35,0.6108946608946608,0.3076923076923077,0.0,0.43042169724191937,0.48490534509931293,0.08928708306380681,0.14059986493417195,0.0,0.0,0.0,0.0,0.0,18473,global,0.0
5,3,lr1e-04_bs8_drop0p2_temp2p0_a0p25_b0p05__wd1e-04trmiss0_degmodglobal,8,0.0001,0.0001,0.2,2.0,0.25,0.05,lr1e-04_bs8_drop0p2_temp2p0_a0p25_b0p05__wd1e-04trmiss0_degmodglobal,42,0.5053525524480003,0.7475988864898682,0.35,0.6108946608946608,0.3076923076923077,0.0,0.42343311650412424,0.475456918988909,0.08363887720874377,0.1797180590885026,0.0,0.0,0.0,0.0,0.0,18473,global,0.0
5,3,lr1e-04_bs8_drop0p2_temp2p0_a0p25_b0p05__wd1e-04trmiss0_degmodglobal,8,0.0001,0.0001,0.2,2.0,0.25,0.05,lr1e-04_bs8_drop0p2_temp2p0_a0p25_b0p05__wd1e-04trmiss0_degmodglobal,43,0.5251169375010899,0.7462197244167328,0.35,0.6108946608946608,0.3076923076923077,0.0,0.46706787177494596,0.5003780892917088,0.07407865353993007,0.12438359271202769,0.0,0.0,0.0,0.0,0.0,18473,global,0.0
5,3,lr1e-04_bs8_drop0p4_temp1p0_a0p25_b0p05__wd1e-04trmiss0_degmodglobal,8,0.0001,0.0001,0.4,1.0,0.25,0.05,lr1e-04_bs8_drop0p4_temp1p0_a0p25_b0p05__wd1e-04trmiss0_degmodglobal,1,0.743401152747018,0.7021925449371338,0.4,0.566599025974026,0.38461538461538464,0.0,0.6806383558682033,0.7253036413873944,0.04847370833158493,0.11958173449550356,0.0,0.0,0.0,0.0,0.0,18473,global,0.0
5,3,lr1e-04_bs8_drop0p4_temp1p0_a0p25_b0p05__wd1e-04trmiss0_degmodglobal,8,0.0001,0.0001,0.4,1.0,0.25,0.05,lr1e-04_bs8_drop0p4_temp1p0_a0p25_b0p05__wd1e-04trmiss0_degmodglobal,2,0.6858111960547311,0.7140041887760162,0.425,0.6094065656565657,0.46153846153846156,0.0,0.6413619944027492,0.6578404903411865,0.06833950536591667,0.21771627451692308,0.0,0.0,0.0,0.0,0.0,18473,global,0.0
5,3,lr1e-04_bs8_drop0p4_temp1p0_a0p25_b0p05__wd1e-04trmiss0_degmodglobal,8,0.0001,0.0001,0.4,1.0,0.25,0.05,lr1e-04_bs8_drop0p4_temp1p0_a0p25_b0p05__wd1e-04trmiss0_degmodglobal,3,0.6899799960000175,0.7185018658638,0.44999999999999996,0.6183351370851371,0.38461538461538464,0.0,0.6142344985689435,0.6687961901937213,0.05129367485642433,0.16720772428171976,0.0,0.0,0.0,0.0,0.0,18473,global,0.0
5,3,lr1e-04_bs8_drop0p4_temp1p0_a0p25_b0p05__wd1e-04trmiss0_degmodglobal,8,0.0001,0.0001,0.4,1.0,0.25,0.05,lr1e-04_bs8_drop0p4_temp1p0_a0p25_b0p05__wd1e-04trmiss0_degmodglobal,4,0.6637996009417942,0.7208981513977051,0.44999999999999996,0.6183351370851371,0.5384615384615384,0.0,0.5926899867398399,0.639723369053432,0.05619400047830173,0.2005545651274068,0.0,0.0,0.0,0.0,0.0,18473,global,0.0
5,3,lr1e-04_bs8_drop0p4_temp1p0_a0p25_b0p05__wd1e-04trmiss0_degmodglobal,8,0.0001,0.0001,0.4,1.0,0.25,0.05,lr1e-04_bs8_drop0p4_temp1p0_a0p25_b0p05__wd1e-04trmiss0_degmodglobal,5,0.6526706048420498,0.7183192670345306,0.44999999999999996,0.6183351370851371,0.46153846153846156,0.0,0.5610732861927578,0.6204974183014461,0.07719901257327624,0.25746860674449373,0.0,0.0,0.0,0.0,0.0,18473,global,0.0
5,3,lr1e-04_bs8_drop0p4_temp1p0_a0p25_b0p05__wd1e-04trmiss0_degmodglobal,8,0.0001,0.0001,0.4,1.0,0.25,0.05,lr1e-04_bs8_drop0p4_temp1p0_a0p25_b0p05__wd1e-04trmiss0_degmodglobal,6,0.6283837216241019,0.7071228623390198,0.475,0.630239898989899,0.46153846153846156,0.0,0.5555177586419242,0.5992672613688877,0.06944933906197548,0.23508245817252568,0.0,0.0,0.0,0.0,0.0,18473,global,0.0
5,3,lr1e-04_bs8_drop0p4_temp1p0_a0p25_b0p05__wd1e-04trmiss0_degmodglobal,8,0.0001,0.0001,0.4,1.0,0.25,0.05,lr1e-04_bs8_drop0p4_temp1p0_a0p25_b0p05__wd1e-04trmiss0_degmodglobal,7,0.6479183520589556,0.7062455117702484,0.5,0.6389204545454545,0.46153846153846156,0.0,0.5531999170780182,0.6166972432817731,0.07942103381667819,0.22731667118413107,0.0,0.0,0.0,0.0,0.0,18473,global,0.0
5,3,lr1e-04_bs8_drop0p4_temp1p0_a0p25_b0p05__wd1e-04trmiss0_degmodglobal,8,0.0001,0.0001,0.4,1.0,0.25,0.05,lr1e-04_bs8_drop0p4_temp1p0_a0p25_b0p05__wd1e-04trmiss0_degmodglobal,8,0.6194800904818943,0.7102672755718231,0.425,0.6094065656565657,0.46153846153846156,0.0,0.5291720415864672,0.5918341789926801,0.07098559183733803,0.19799029401370458,0.0,0.0,0.0,0.0,0.0,18473,global,0.0
5,3,lr1e-04_bs8_drop0p4_temp1p0_a0p25_b0p05__wd1e-04trmiss0_degmodglobal,8,0.0001,0.0001,0.4,1.0,0.25,0.05,lr1e-04_bs8_drop0p4_temp1p0_a0p25_b0p05__wd1e-04trmiss0_degmodglobal,9,0.6157862544059753,0.7054520547389984,0.475,0.6270156926406927,0.46153846153846156,0.0,0.5545987912586757,0.5880630442074367,0.07513505113976342,0.17878916540316173,0.0,0.0,0.0,0.0,0.0,18473,global,0.0
5,3,lr1e-04_bs8_drop0p4_temp1p0_a0p25_b0p05__wd1e-04trmiss0_degmodglobal,8,0.0001,0.0001,0.4,1.0,0.25,0.05,lr1e-04_bs8_drop0p4_temp1p0_a0p25_b0p05__wd1e-04trmiss0_degmodglobal,10,0.5914035013743809,0.7109508812427521,0.44999999999999996,0.6183351370851371,0.46153846153846156,0.0,0.5300307103565761,0.5681878328323364,0.0606615947825568,0.16100548314196722,0.0,0.0,0.0,0.0,0.0,18473,global,0.0
5,3,lr1e-04_bs8_drop0p4_temp1p0_a0p25_b0p05__wd1e-04trmiss0_degmodglobal,8,0.0001,0.0001,0.4,1.0,0.25,0.05,lr1e-04_bs8_drop0p4_temp1p0_a0p25_b0p05__wd1e-04trmiss0_degmodglobal,11,0.6235010368483407,0.7148387432098389,0.44999999999999996,0.6183351370851371,0.46153846153846156,0.0,0.49893951416015625,0.5921456473214286,0.06883657191480909,0.28292486710207804,0.0,0.0,0.0,0.0,0.0,18473,global,0.0
5,3,lr1e-04_bs8_drop0p4_temp1p0_a0p25_b0p05__wd1e-04trmiss0_degmodglobal,8,0.0001,0.0001,0.4,1.0,0.25,0.05,lr1e-04_bs8_drop0p4_temp1p0_a0p25_b0p05__wd1e-04trmiss0_degmodglobal,12,0.6110994475228446,0.7090276479721069,0.475,0.6270156926406927,0.46153846153846156,0.0,0.5224909952708653,0.5825264368738446,0.07671262110982623,0.18789707922509738,0.0,0.0,0.0,0.0,0.0,18473,global,0.0
5,3,lr1e-04_bs8_drop0p4_temp1p0_a0p25_b0p05__wd1e-04trmiss0_degmodglobal,8,0.0001,0.0001,0.4,1.0,0.25,0.05,lr1e-04_bs8_drop0p4_temp1p0_a0p25_b0p05__wd1e-04trmiss0_degmodglobal,13,0.5991245337894985,0.7148865163326263,0.475,0.6270156926406927,0.46153846153846156,0.0,0.486115072454725,0.5651950580733163,0.08647694598351206,0.24620506912469864,0.0,0.0,0.0,0.0,0.0,18473,global,0.0
5,3,lr1e-04_bs8_drop0p4_temp1p0_a0p25_b0p05__wd1e-04trmiss0_degmodglobal,8,0.0001,0.0001,0.4,1.0,0.25,0.05,lr1e-04_bs8_drop0p4_temp1p0_a0p25_b0p05__wd1e-04trmiss0_degmodglobal,14,0.6226077335221427,0.7204827964305878,0.475,0.6270156926406927,0.38461538461538464,0.0,0.49563510503087727,0.585050071988787,0.0865431044782911,0.31843791902065277,0.0,0.0,0.0,0.0,0.0,18473,global,0.0
5,3,lr1e-04_bs8_drop0p4_temp1p0_a0p25_b0p05__wd1e-04trmiss0_degmodglobal,8,0.0001,0.0001,0.4,1.0,0.25,0.05,lr1e-04_bs8_drop0p4_temp1p0_a0p25_b0p05__wd1e-04trmiss0_degmodglobal,15,0.5930460137980325,0.7178366780281067,0.475,0.6270156926406927,0.38461538461538464,0.0,0.5206249867166791,0.5678860034261431,0.06711716843502862,0.1676143461040088,0.0,0.0,0.0,0.0,0.0,18473,global,0.0
5,3,lr1e-04_bs8_drop0p4_temp1p0_a0p25_b0p05__wd1e-04trmiss0_degmodglobal,8,0.0001,0.0001,0.4,1.0,0.25,0.05,lr1e-04_bs8_drop0p4_temp1p0_a0p25_b0p05__wd1e-04trmiss0_degmodglobal,16,0.5905923247337341,0.7188552916049957,0.475,0.6270156926406927,0.38461538461538464,0.0,0.49990428345543997,0.5587640191827502,0.08049612811633519,0.23408560029097966,0.0,0.0,0.0,0.0,0.0,18473,global,0.0
5,3,lr1e-04_bs8_drop0p4_temp1p0_a0p25_b0p05__wd1e-04trmiss0_degmodglobal,8,0.0001,0.0001,0.4,1.0,0.25,0.05,lr1e-04_bs8_drop0p4_temp1p0_a0p25_b0p05__wd1e-04trmiss0_degmodglobal,17,0.5849074508462634,0.7178164124488831,0.475,0.6270156926406927,0.38461538461538464,0.0,0.47483190468379427,0.5488461383751461,0.09306595953447479,0.25589648527758463,0.0,0.0,0.0,0.0,0.0,18473,global,0.0
5,3,lr1e-04_bs8_drop0p4_temp1p0_a0p25_b0p05__wd1e-04trmiss0_degmodglobal,8,0.0001,0.0001,0.4,1.0,0.25,0.05,lr1e-04_bs8_drop0p4_temp1p0_a0p25_b0p05__wd1e-04trmiss0_degmodglobal,18,0.6055700182914734,0.7189236581325531,0.5,0.635349025974026,0.38461538461538464,0.0,0.45729485154151917,0.5719424911907741,0.08079767652920314,0.2685624637774059,0.0,0.0,0.0,0.0,0.0,18473,global,0.0
5,3,lr1e-04_bs8_drop0p4_temp1p0_a0p25_b0p05__wd1e-04trmiss0_degmodglobal,8,0.0001,0.0001,0.4,1.0,0.25,0.05,lr1e-04_bs8_drop0p4_temp1p0_a0p25_b0p05__wd1e-04trmiss0_degmodglobal,19,0.588592495237078,0.7112437784671783,0.5,0.6790990259740259,0.38461538461538464,0.0,0.508543040071215,0.5556224584579468,0.08159677311778069,0.25141681730747223,0.0,0.0,0.0,0.0,0.0,18473,global,0.0
5,3,lr1e-04_bs8_drop0p4_temp1p0_a0p25_b0p05__wd1e-04trmiss0_degmodglobal,8,0.0001,0.0001,0.4,1.0,0.25,0.05,lr1e-04_bs8_drop0p4_temp1p0_a0p25_b0p05__wd1e-04trmiss0_degmodglobal,20,0.5782415185655866,0.7089217603206635,0.525,0.7207656926406927,0.38461538461538464,0.0,0.4432927114622934,0.5334830752440861,0.1174539253115654,0.3078991302422115,0.0,0.0,0.0,0.0,0.0,18473,global,0.0
5,3,lr1e-04_bs8_drop0p4_temp1p0_a0p25_b0p05__wd1e-04trmiss0_degmodglobal,8,0.0001,0.0001,0.4,1.0,0.25,0.05,lr1e-04_bs8_drop0p4_temp1p0_a0p25_b0p05__wd1e-04trmiss0_degmodglobal,21,0.5799611806869507,0.7090708315372467,0.5,0.7124323593073594,0.38461538461538464,0.0,0.45627133335386005,0.5487198914800372,0.07890488739524569,0.23030140570231847,0.0,0.0,0.0,0.0,0.0,18473,global,0.0
5,3,lr1e-04_bs8_drop0p4_temp1p0_a0p25_b0p05__wd1e-04trmiss0_degmodglobal,8,0.0001,0.0001,0.4,1.0,0.25,0.05,lr1e-04_bs8_drop0p4_temp1p0_a0p25_b0p05__wd1e-04trmiss0_degmodglobal,22,0.564922068800245,0.7112065851688385,0.5,0.7124323593073594,0.38461538461538464,0.0,0.4718436173030308,0.5360486081668309,0.0707258518253054,0.22383992054632731,0.0,0.0,0.0,0.0,0.0,18473,global,0.0
5,3,lr1e-04_bs8_drop0p4_temp1p0_a0p25_b0p05__wd1e-04trmiss0_degmodglobal,8,0.0001,0.0001,0.4,1.0,0.25,0.05,lr1e-04_bs8_drop0p4_temp1p0_a0p25_b0p05__wd1e-04trmiss0_degmodglobal,23,0.5960128647940499,0.7127326428890228,0.525,0.7207656926406927,0.38461538461538464,0.0,0.45181019817079815,0.548823893070221,0.11483999128852572,0.36957941949367523,0.0,0.0,0.0,0.0,0.0,18473,global,0.0
5,3,lr1e-04_bs8_drop0p4_temp1p0_a0p25_b0p05__wd1e-04trmiss0_degmodglobal,8,0.0001,0.0001,0.4,1.0,0.25,0.05,lr1e-04_bs8_drop0p4_temp1p0_a0p25_b0p05__wd1e-04trmiss0_degmodglobal,24,0.6001204763139997,0.7166534662246704,0.44999999999999996,0.662085137085137,0.38461538461538464,0.0,0.4362714631216867,0.5425969873155866,0.14703629059450968,0.41528847387858797,0.0,0.0,0.0,0.0,0.0,18473,global,0.0
5,3,lr1e-04_bs8_drop0p4_temp1p0_a0p25_b0p05__wd1e-04trmiss0_degmodglobal,8,0.0001,0.0001,0.4,1.0,0.25,0.05,lr1e-04_bs8_drop0p4_temp1p0_a0p25_b0p05__wd1e-04trmiss0_degmodglobal,25,0.5856638635907855,0.7221730351448059,0.475,0.6165990259740259,0.38461538461538464,0.0,0.4830643619809832,0.5529673610414777,0.08797058197004455,0.21407736837863922,0.0,0.0,0.0,0.0,0.0,18473,global,0.0
5,3,lr1e-04_bs8_drop0p4_temp1p0_a0p25_b0p05__wd1e-04trmiss0_degmodglobal,8,0.0001,0.0001,0.4,1.0,0.25,0.05,lr1e-04_bs8_drop0p4_temp1p0_a0p25_b0p05__wd1e-04trmiss0_degmodglobal,26,0.6031591296195984,0.7198541164398193,0.475,0.6165990259740259,0.38461538461538464,0.0,0.48677698203495573,0.5653564163616726,0.09197406045028142,0.2961841183049338,0.0,0.0,0.0,0.0,0.0,18473,global,0.0
5,3,lr1e-04_bs8_drop0p4_temp1p0_a0p25_b0p05__wd1e-04trmiss0_degmodglobal,8,0.0001,0.0001,0.4,1.0,0.25,0.05,lr1e-04_bs8_drop0p4_temp1p0_a0p25_b0p05__wd1e-04trmiss0_degmodglobal,27,0.6073734845433917,0.7191109657287598,0.525,0.7207656926406927,0.38461538461538464,0.0,0.4502205806119101,0.5554367474147252,0.12516078246491297,0.4129306375980377,0.0,0.0,0.0,0.0,0.0,18473,global,0.0
5,3,lr1e-04_bs8_drop0p4_temp1p0_a0p25_b0p05__wd1e-04trmiss0_degmodglobal,8,0.0001,0.0001,0.4,1.0,0.25,0.05,lr1e-04_bs8_drop0p4_temp1p0_a0p25_b0p05__wd1e-04trmiss0_degmodglobal,28,0.6018330114228385,0.7153677046298981,0.525,0.7207656926406927,0.38461538461538464,0.0,0.4653434157371521,0.5632529982498714,0.10431689236845289,0.2500155823571341,0.0,0.0,0.0,0.0,0.0,18473,global,0.0
5,3,lr1e-04_bs8_drop0p4_temp1p0_a0p25_b0p05__wd1e-04trmiss0_degmodglobal,8,0.0001,0.0001,0.4,1.0,0.25,0.05,lr1e-04_bs8_drop0p4_temp1p0_a0p25_b0p05__wd1e-04trmiss0_degmodglobal,29,0.5520515058721814,0.7121175527572632,0.525,0.7207656926406927,0.38461538461538464,0.0,0.45545967136110577,0.5247098420347486,0.06998688780835696,0.19689894999776567,0.0,0.0,0.0,0.0,0.0,18473,global,0.0
5,3,lr1e-04_bs8_drop0p4_temp1p0_a0p25_b0p05__wd1e-04trmiss0_degmodglobal,8,0.0001,0.0001,0.4,1.0,0.25,0.05,lr1e-04_bs8_drop0p4_temp1p0_a0p25_b0p05__wd1e-04trmiss0_degmodglobal,30,0.5950211243970054,0.714476615190506,0.525,0.7207656926406927,0.38461538461538464,0.0,0.43195469464574543,0.5445771941116878,0.12469400625143733,0.38540871867111753,0.0,0.0,0.0,0.0,0.0,18473,global,0.0
5,3,lr1e-04_bs8_drop0p4_temp1p0_a0p25_b0p05__wd1e-04trmiss0_degmodglobal,8,0.0001,0.0001,0.4,1.0,0.25,0.05,lr1e-04_bs8_drop0p4_temp1p0_a0p25_b0p05__wd1e-04trmiss0_degmodglobal,31,0.5436913626534599,0.7188310921192169,0.525,0.7207656926406927,0.38461538461538464,0.0,0.48812203322138104,0.5145775633198875,0.07453685466732297,0.2095917851797172,0.0,0.0,0.0,0.0,0.0,18473,global,0.0
5,3,lr1e-04_bs8_drop0p4_temp1p0_a0p25_b0p05__wd1e-04trmiss0_degmodglobal,8,0.0001,0.0001,0.4,1.0,0.25,0.05,lr1e-04_bs8_drop0p4_temp1p0_a0p25_b0p05__wd1e-04trmiss0_degmodglobal,32,0.5572193264961243,0.7177623212337494,0.525,0.7207656926406927,0.38461538461538464,0.0,0.441136577299663,0.5274436175823212,0.07857137812035424,0.2026574212525572,0.0,0.0,0.0,0.0,0.0,18473,global,0.0
5,3,lr1e-04_bs8_drop0p4_temp1p0_a0p25_b0p05__wd1e-04trmiss0_degmodglobal,8,0.0001,0.0001,0.4,1.0,0.25,0.05,lr1e-04_bs8_drop0p4_temp1p0_a0p25_b0p05__wd1e-04trmiss0_degmodglobal,33,0.5744669607707432,0.7147262990474701,0.525,0.7207656926406927,0.38461538461538464,0.0,0.4380057028361729,0.5304735686097827,0.11924740991422109,0.28363085857459475,0.0,0.0,0.0,0.0,0.0,18473,global,0.0
5,3,lr1e-04_bs8_drop0p4_temp1p0_a0p25_b0p05__wd1e-04trmiss0_degmodglobal,8,0.0001,0.0001,0.4,1.0,0.25,0.05,lr1e-04_bs8_drop0p4_temp1p0_a0p25_b0p05__wd1e-04trmiss0_degmodglobal,34,0.6022297825132098,0.7167762219905853,0.525,0.7207656926406927,0.38461538461538464,0.0,0.4239966997078487,0.5299722169126783,0.18421879038214684,0.5240573223148074,0.0,0.0,0.0,0.0,0.0,18473,global,0.0
5,3,lr1e-04_bs8_drop0p4_temp1p0_a0p25_b0p05__wd1e-04trmiss0_degmodglobal,8,0.0001,0.0001,0.4,1.0,0.25,0.05,lr1e-04_bs8_drop0p4_temp1p0_a0p25_b0p05__wd1e-04trmiss0_degmodglobal,35,0.5706393165247781,0.7187404334545135,0.525,0.7207656926406927,0.38461538461538464,0.0,0.42913135034697397,0.5309397961412158,0.09902112877794675,0.2988848068884441,0.0,0.0,0.0,0.0,0.0,18473,global,0.0
5,3,lr1e-04_bs8_drop0p4_temp1p0_a0p25_b0p05__wd1e-04trmiss0_degmodglobal,8,0.0001,0.0001,0.4,1.0,0.25,0.05,lr1e-04_bs8_drop0p4_temp1p0_a0p25_b0p05__wd1e-04trmiss0_degmodglobal,36,0.5867144508021218,0.7241006791591644,0.525,0.7207656926406927,0.38461538461538464,0.0,0.4402841627597809,0.5358342528343201,0.12793925351330213,0.3779078040804182,0.0,0.0,0.0,0.0,0.0,18473,global,0.0
5,3,lr1e-04_bs8_drop0p4_temp1p0_a0p25_b0p05__wd1e-04trmiss0_degmodglobal,8,0.0001,0.0001,0.4,1.0,0.25,0.05,lr1e-04_bs8_drop0p4_temp1p0_a0p25_b0p05__wd1e-04trmiss0_degmodglobal,37,0.5771081830774035,0.7207657992839813,0.525,0.7207656926406927,0.38461538461538464,0.0,0.39828952721187044,0.5222831411021096,0.14120475841420038,0.39047696334975107,0.0,0.0,0.0,0.0,0.0,18473,global,0.0
5,3,lr1e-04_bs8_drop0p4_temp1p0_a0p25_b0p05__wd1e-04trmiss0_degmodglobal,8,0.0001,0.0001,0.4,1.0,0.25,0.05,lr1e-04_bs8_drop0p4_temp1p0_a0p25_b0p05__wd1e-04trmiss0_degmodglobal,38,0.579775972025735,0.7202535569667816,0.525,0.7207656926406927,0.38461538461538464,0.0,0.41344823581831797,0.5328542079244342,0.12005559248583657,0.33815732172557283,0.0,0.0,0.0,0.0,0.0,18473,global,0.0
5,3,lr1e-04_bs8_drop0p4_temp1p0_a0p25_b0p05__wd1e-04trmiss0_degmodglobal,8,0.0001,0.0001,0.4,1.0,0.25,0.05,lr1e-04_bs8_drop0p4_temp1p0_a0p25_b0p05__wd1e-04trmiss0_degmodglobal,39,0.6094119463648114,0.7207090556621552,0.475,0.6165990259740259,0.38461538461538464,0.0,0.3783364934580667,0.5430388535772052,0.1677573903330735,0.488675126007625,0.0,0.0,0.0,0.0,0.0,18473,global,0.0
5,3,lr1e-04_bs8_drop0p4_temp1p0_a0p25_b0p05__wd1e-04trmiss0_degmodglobal,8,0.0001,0.0001,0.4,1.0,0.25,0.05,lr1e-04_bs8_drop0p4_temp1p0_a0p25_b0p05__wd1e-04trmiss0_degmodglobal,40,0.6198049357959202,0.7231768071651459,0.5,0.635349025974026,0.38461538461538464,0.0,0.4673624464443752,0.5647081051553998,0.1416236928531102,0.3938180272068296,0.0,0.0,0.0,0.0,0.0,18473,global,0.0
5,3,lr1e-04_bs8_drop0p4_temp2p0_a0p25_b0p05__wd1e-04trmiss0_degmodglobal,8,0.0001,0.0001,0.4,2.0,0.25,0.05,lr1e-04_bs8_drop0p4_temp2p0_a0p25_b0p05__wd1e-04trmiss0_degmodglobal,1,0.6821493336132595,0.6858993470668793,0.4,0.581022102897103,0.5384615384615384,0.0,0.6933946183749607,0.6584927184241158,0.05556762112038476,0.19529406566705024,0.0,0.0,0.0,0.0,0.0,18473,global,0.0
5,3,lr1e-04_bs8_drop0p4_temp2p0_a0p25_b0p05__wd1e-04trmiss0_degmodglobal,8,0.0001,0.0001,0.4,2.0,0.25,0.05,lr1e-04_bs8_drop0p4_temp2p0_a0p25_b0p05__wd1e-04trmiss0_degmodglobal,2,0.6609309996877398,0.6934767067432404,0.325,0.5550751332001332,0.46153846153846156,0.0,0.6849370513643537,0.6310055341039386,0.06565907757197108,0.2702142000198364,0.0,0.0,0.0,0.0,0.0,18473,global,0.0
5,3,lr1e-04_bs8_drop0p4_temp2p0_a0p25_b0p05__wd1e-04trmiss0_degmodglobal,8,0.0001,0.0001,0.4,2.0,0.25,0.05,lr1e-04_bs8_drop0p4_temp2p0_a0p25_b0p05__wd1e-04trmiss0_degmodglobal,3,0.6412821071488517,0.6928630769252777,0.375,0.6243933150183151,0.46153846153846156,0.0,0.6964384828295026,0.6198516147477287,0.04959109531981604,0.18065417664391653,0.0,0.0,0.0,0.0,0.0,18473,global,0.0
5,3,lr1e-04_bs8_drop0p4_temp2p0_a0p25_b0p05__wd1e-04trmiss0_degmodglobal,8,0.0001,0.0001,0.4,2.0,0.25,0.05,lr1e-04_bs8_drop0p4_temp2p0_a0p25_b0p05__wd1e-04trmiss0_degmodglobal,4,0.6529070053781781,0.6892992258071899,0.35000000000000003,0.611893315018315,0.46153846153846156,0.0,0.6640726413045611,0.6262943063463483,0.06699413061141968,0.19728325733116694,0.0,0.0,0.0,0.0,0.0,18473,global,0.0
5,3,lr1e-04_bs8_drop0p4_temp2p0_a0p25_b0p05__wd1e-04trmiss0_degmodglobal,8,0.0001,0.0001,0.4,2.0,0.25,0.05,lr1e-04_bs8_drop0p4_temp2p0_a0p25_b0p05__wd1e-04trmiss0_degmodglobal,5,0.628096980707986,0.6904087960720062,0.35000000000000003,0.611893315018315,0.46153846153846156,0.0,0.6345630458423069,0.6031831247465951,0.0649895364684718,0.1733294917004449,0.0,0.0,0.0,0.0,0.0,18473,global,0.0
5,3,lr1e-04_bs8_drop0p4_temp2p0_a0p25_b0p05__wd1e-04trmiss0_degmodglobal,8,0.0001,0.0001,0.4,2.0,0.25,0.05,lr1e-04_bs8_drop0p4_temp2p0_a0p25_b0p05__wd1e-04trmiss0_degmodglobal,6,0.6015770265034267,0.6905042827129364,0.37500000000000006,0.6202266483516483,0.5384615384615384,0.0,0.6538748911448887,0.5774907640048436,0.056816156421388896,0.19764438910143717,0.0,0.0,0.0,0.0,0.0,18473,global,0.0
5,3,lr1e-04_bs8_drop0p4_temp2p0_a0p25_b0p05__wd1e-04trmiss0_degmodglobal,8,0.0001,0.0001,0.4,2.0,0.25,0.05,lr1e-04_bs8_drop0p4_temp2p0_a0p25_b0p05__wd1e-04trmiss0_degmodglobal,7,0.6133546658924648,0.691327303647995,0.37500000000000006,0.6202266483516483,0.5384615384615384,0.0,0.6054465174674988,0.5874138644763401,0.06457119435071945,0.19596005550452641,0.0,0.0,0.0,0.0,0.0,18473,global,0.0
5,3,lr1e-04_bs8_drop0p4_temp2p0_a0p25_b0p05__wd1e-04trmiss0_degmodglobal,8,0.0001,0.0001,0.4,2.0,0.25,0.05,lr1e-04_bs8_drop0p4_temp2p0_a0p25_b0p05__wd1e-04trmiss0_degmodglobal,8,0.5892194935253688,0.6927399933338165,0.35000000000000003,0.611893315018315,0.5384615384615384,0.0,0.6336837921823774,0.5685625672340393,0.052165937210832326,0.15230863860675267,0.0,0.0,0.0,0.0,0.0,18473,global,0.0
5,3,lr1e-04_bs8_drop0p4_temp2p0_a0p25_b0p05__wd1e-04trmiss0_degmodglobal,8,0.0001,0.0001,0.4,2.0,0.25,0.05,lr1e-04_bs8_drop0p4_temp2p0_a0p25_b0p05__wd1e-04trmiss0_degmodglobal,9,0.6262308699744088,0.6949561536312103,0.35000000000000003,0.611893315018315,0.5384615384615384,0.0,0.5818642548152378,0.590359023639134,0.09141523710318974,0.2603609881230763,0.0,0.0,0.0,0.0,0.0,18473,global,0.0
5,3,lr1e-04_bs8_drop0p4_temp2p0_a0p25_b0p05__wd1e-04trmiss0_degmodglobal,8,0.0001,0.0001,0.4,2.0,0.25,0.05,lr1e-04_bs8_drop0p4_temp2p0_a0p25_b0p05__wd1e-04trmiss0_degmodglobal,10,0.6339839952332633,0.6957135796546936,0.35000000000000003,0.611893315018315,0.5384615384615384,0.0,0.6259396757398333,0.6095870307513646,0.05666470580867359,0.2046157792210579,0.0,0.0,0.0,0.0,0.0,18473,global,0.0
5,3,lr1e-04_bs8_drop0p4_temp2p0_a0p25_b0p05__wd1e-04trmiss0_degmodglobal,8,0.0001,0.0001,0.4,2.0,0.25,0.05,lr1e-04_bs8_drop0p4_temp2p0_a0p25_b0p05__wd1e-04trmiss0_degmodglobal,11,0.6015733650752476,0.6909615099430084,0.375,0.6243933150183151,0.46153846153846156,0.0,0.6197912607874189,0.5726118854113987,0.07179057917424611,0.2202771848865918,0.0,0.0,0.0,0.0,0.0,18473,global,0.0
5,3,lr1e-04_bs8_drop0p4_temp2p0_a0p25_b0p05__wd1e-04trmiss0_degmodglobal,8,0.0001,0.0001,0.4,2.0,0.25,0.05,lr1e-04_bs8_drop0p4_temp2p0_a0p25_b0p05__wd1e-04trmiss0_degmodglobal,12,0.5801408120564052,0.6947802603244781,0.35000000000000003,0.611893315018315,0.46153846153846156,0.0,0.5825507129941668,0.5507346987724304,0.07083671273929733,0.23393829379762923,0.0,0.0,0.0,0.0,0.0,18473,global,0.0
5,3,lr1e-04_bs8_drop0p4_temp2p0_a0p25_b0p05__wd1e-04trmiss0_degmodglobal,8,0.0001,0.0001,0.4,2.0,0.25,0.05,lr1e-04_bs8_drop0p4_temp2p0_a0p25_b0p05__wd1e-04trmiss0_degmodglobal,13,0.6115576369421822,0.6877458691596985,0.375,0.6243933150183151,0.5384615384615384,0.0,0.5966745870453971,0.588980862072536,0.05149754881858826,0.1940473403249468,0.0,0.0,0.0,0.0,0.0,18473,global,0.0
5,3,lr1e-04_bs8_drop0p4_temp2p0_a0p25_b0p05__wd1e-04trmiss0_degmodglobal,8,0.0001,0.0001,0.4,2.0,0.25,0.05,lr1e-04_bs8_drop0p4_temp2p0_a0p25_b0p05__wd1e-04trmiss0_degmodglobal,14,0.6097596628325326,0.6866606771945953,0.375,0.6243933150183151,0.5384615384615384,0.0,0.5968577606337411,0.5838542665754046,0.06344951263495854,0.20086009161812918,0.0,0.0,0.0,0.0,0.0,18473,global,0.0
5,3,lr1e-04_bs8_drop0p4_temp2p0_a0p25_b0p05__wd1e-04trmiss0_degmodglobal,8,0.0001,0.0001,0.4,2.0,0.25,0.05,lr1e-04_bs8_drop0p4_temp2p0_a0p25_b0p05__wd1e-04trmiss0_degmodglobal,15,0.5766036595617022,0.6846944093704224,0.425,0.6374323593073593,0.5384615384615384,0.0,0.5639139498983111,0.5505506992340088,0.06787269935011864,0.18169544211455754,0.0,0.0,0.0,0.0,0.0,18473,global,0.0
5,3,lr1e-04_bs8_drop0p4_temp2p0_a0p25_b0p05__wd1e-04trmiss0_degmodglobal,8,0.0001,0.0001,0.4,2.0,0.25,0.05,lr1e-04_bs8_drop0p4_temp2p0_a0p25_b0p05__wd1e-04trmiss0_degmodglobal,16,0.5977365715163094,0.6865035593509674,0.425,0.6374323593073593,0.5384615384615384,0.0,0.6007313643183027,0.5667710304260254,0.07104478989328657,0.26408685530935017,0.0,0.0,0.0,0.0,0.0,18473,global,0.0
5,3,lr1e-04_bs8_drop0p4_temp2p0_a0p25_b0p05__wd1e-04trmiss0_degmodglobal,8,0.0001,0.0001,0.4,2.0,0.25,0.05,lr1e-04_bs8_drop0p4_temp2p0_a0p25_b0p05__wd1e-04trmiss0_degmodglobal,17,0.5883177433695111,0.6872993111610413,0.425,0.6374323593073593,0.5384615384615384,0.0,0.5510813125542232,0.564917538847242,0.05859506609184401,0.17502876903329576,0.0,0.0,0.0,0.0,0.0,18473,global,0.0
5,3,lr1e-04_bs8_drop0p4_temp2p0_a0p25_b0p05__wd1e-04trmiss0_degmodglobal,8,0.0001,0.0001,0.4,2.0,0.25,0.05,lr1e-04_bs8_drop0p4_temp2p0_a0p25_b0p05__wd1e-04trmiss0_degmodglobal,18,0.5737441607883998,0.691713958978653,0.425,0.6374323593073593,0.46153846153846156,0.0,0.5579664025987897,0.5468469730445317,0.06613542937806674,0.20726655955825532,0.0,0.0,0.0,0.0,0.0,18473,global,0.0
5,3,lr1e-04_bs8_drop0p4_temp2p0_a0p25_b0p05__wd1e-04trmiss0_degmodglobal,8,0.0001,0.0001,0.4,2.0,0.25,0.05,lr1e-04_bs8_drop0p4_temp2p0_a0p25_b0p05__wd1e-04trmiss0_degmodglobal,19,0.5622490814753941,0.6913144588470459,0.4,0.6249323593073592,0.46153846153846156,0.0,0.5761771287236895,0.5374248368399483,0.06039671014462199,0.1945017214332308,0.0,0.0,0.0,0.0,0.0,18473,global,0.0
5,3,lr1e-04_bs8_drop0p4_temp2p0_a0p25_b0p05__wd1e-04trmiss0_degmodglobal,8,0.0001,0.0001,0.4,2.0,0.25,0.05,lr1e-04_bs8_drop0p4_temp2p0_a0p25_b0p05__wd1e-04trmiss0_degmodglobal,20,0.556829069341932,0.6913234293460846,0.425,0.6374323593073593,0.46153846153846156,0.0,0.5460998245647976,0.5329153410026005,0.058124455490282605,0.18765232605593546,0.0,0.0,0.0,0.0,0.0,18473,global,0.0
5,3,lr1e-04_bs8_drop0p4_temp2p0_a0p25_b0p05__wd1e-04trmiss0_degmodglobal,8,0.0001,0.0001,0.4,2.0,0.25,0.05,lr1e-04_bs8_drop0p4_temp2p0_a0p25_b0p05__wd1e-04trmiss0_degmodglobal,21,0.5569858976772853,0.6891422867774963,0.425,0.6374323593073593,0.5384615384615384,0.0,0.5727686030524117,0.5337436114038739,0.0602677512381758,0.16350688146693365,0.0,0.0,0.0,0.0,0.0,18473,global,0.0
5,3,lr1e-04_bs8_drop0p4_temp2p0_a0p25_b0p05__wd1e-04trmiss0_degmodglobal,8,0.0001,0.0001,0.4,2.0,0.25,0.05,lr1e-04_bs8_drop0p4_temp2p0_a0p25_b0p05__wd1e-04trmiss0_degmodglobal,22,0.5469528649534497,0.6874383091926575,0.425,0.6374323593073593,0.46153846153846156,0.0,0.5486186827932086,0.5186836080891746,0.06607598119548388,0.23500542449099676,0.0,0.0,0.0,0.0,0.0,18473,global,0.0
5,3,lr1e-04_bs8_drop0p4_temp2p0_a0p25_b0p05__wd1e-04trmiss0_degmodglobal,8,0.0001,0.0001,0.4,2.0,0.25,0.05,lr1e-04_bs8_drop0p4_temp2p0_a0p25_b0p05__wd1e-04trmiss0_degmodglobal,23,0.5725728273391724,0.6886712908744812,0.425,0.6374323593073593,0.46153846153846156,0.0,0.5665878823825291,0.5553189601216998,0.0426416490226984,0.1318691298365593,0.0,0.0,0.0,0.0,0.0,18473,global,0.0
5,3,lr1e-04_bs8_drop0p4_temp2p0_a0p25_b0p05__wd1e-04trmiss0_degmodglobal,8,0.0001,0.0001,0.4,2.0,0.25,0.05,lr1e-04_bs8_drop0p4_temp2p0_a0p25_b0p05__wd1e-04trmiss0_degmodglobal,24,0.5793853402137756,0.6867837905883789,0.425,0.6374323593073593,0.46153846153846156,0.0,0.5638019527707782,0.5506506732531956,0.06932489733610835,0.22806879239422934,0.0,0.0,0.0,0.0,0.0,18473,global,0.0
5,3,lr1e-04_bs8_drop0p4_temp2p0_a0p25_b0p05__wd1e-04trmiss0_degmodglobal,8,0.0001,0.0001,0.4,2.0,0.25,0.05,lr1e-04_bs8_drop0p4_temp2p0_a0p25_b0p05__wd1e-04trmiss0_degmodglobal,25,0.5505681719098773,0.6881626844406128,0.425,0.6374323593073593,0.46153846153846156,0.0,0.5727998954909188,0.5252298840454647,0.05923432005303247,0.21059407719544002,0.0,0.0,0.0,0.0,0.0,18473,global,0.0
5,3,lr1e-04_bs8_drop0p4_temp2p0_a0p25_b0p05__wd1e-04trmiss0_degmodglobal,8,0.0001,0.0001,0.4,2.0,0.25,0.05,lr1e-04_bs8_drop0p4_temp2p0_a0p25_b0p05__wd1e-04trmiss0_degmodglobal,26,0.577883107321603,0.6860937178134918,0.425,0.6374323593073593,0.5384615384615384,0.0,0.5450170253004346,0.5525925500052316,0.06340268147843224,0.18879786133766174,0.0,0.0,0.0,0.0,0.0,18473,global,0.0
5,3,lr1e-04_bs8_drop0p4_temp2p0_a0p25_b0p05__wd1e-04trmiss0_degmodglobal,8,0.0001,0.0001,0.4,2.0,0.25,0.05,lr1e-04_bs8_drop0p4_temp2p0_a0p25_b0p05__wd1e-04trmiss0_degmodglobal,27,0.544231619153704,0.6855262219905853,0.45,0.6499323593073594,0.5384615384615384,0.0,0.5508953673498971,0.5163022833211082,0.07013811809676034,0.20789579834256852,0.0,0.0,0.0,0.0,0.0,18473,global,0.0
5,3,lr1e-04_bs8_drop0p4_temp2p0_a0p25_b0p05__wd1e-04trmiss0_degmodglobal,8,0.0001,0.0001,0.4,2.0,0.25,0.05,lr1e-04_bs8_drop0p4_temp2p0_a0p25_b0p05__wd1e-04trmiss0_degmodglobal,28,0.5369133310658591,0.683271735906601,0.45,0.6499323593073594,0.5384615384615384,0.0,0.5356569247586387,0.5130291538579124,0.06551836537463325,0.15009184181690216,0.0,0.0,0.0,0.0,0.0,18473,global,0.0
5,3,lr1e-04_bs8_drop0p4_temp2p0_a0p25_b0p05__wd1e-04trmiss0_degmodglobal,8,0.0001,0.0001,0.4,2.0,0.25,0.05,lr1e-04_bs8_drop0p4_temp2p0_a0p25_b0p05__wd1e-04trmiss0_degmodglobal,29,0.5685044569628579,0.680312305688858,0.425,0.6412518037518038,0.5384615384615384,0.0,0.5414405422551292,0.5391774603298732,0.07634645327925682,0.20480779185891151,0.0,0.0,0.0,0.0,0.0,18473,global,0.0
5,3,lr1e-04_bs8_drop0p4_temp2p0_a0p25_b0p05__wd1e-04trmiss0_degmodglobal,8,0.0001,0.0001,0.4,2.0,0.25,0.05,lr1e-04_bs8_drop0p4_temp2p0_a0p25_b0p05__wd1e-04trmiss0_degmodglobal,30,0.5586928129196167,0.6862120926380157,0.425,0.6412518037518038,0.46153846153846156,0.0,0.5235229986054557,0.5217420331069401,0.09622645537768092,0.25788345507213045,0.0,0.0,0.0,0.0,0.0,18473,global,0.0
5,3,lr1e-04_bs8_drop0p4_temp2p0_a0p25_b0p05__wd1e-04trmiss0_degmodglobal,8,0.0001,0.0001,0.4,2.0,0.25,0.05,lr1e-04_bs8_drop0p4_temp2p0_a0p25_b0p05__wd1e-04trmiss0_degmodglobal,31,0.5359352316175189,0.6954850256443024,0.45,0.6499323593073594,0.46153846153846156,0.0,0.5192556806973049,0.5062905251979828,0.0866225031869752,0.15978154114314488,0.0,0.0,0.0,0.0,0.0,18473,global,0.0
5,3,lr1e-04_bs8_drop0p4_temp2p0_a0p25_b0p05__wd1e-04trmiss0_degmodglobal,8,0.0001,0.0001,0.4,2.0,0.25,0.05,lr1e-04_bs8_drop0p4_temp2p0_a0p25_b0p05__wd1e-04trmiss0_degmodglobal,32,0.5371966872896466,0.6948131620883942,0.425,0.6374323593073593,0.46153846153846156,0.0,0.5769839712551662,0.5142613223620823,0.06095123344234058,0.15395126066037587,0.0,0.0,0.0,0.0,0.0,18473,global,0.0
5,3,lr1e-04_bs8_drop0p4_temp2p0_a0p25_b0p05__wd1e-04trmiss0_degmodglobal,8,0.0001,0.0001,0.4,2.0,0.25,0.05,lr1e-04_bs8_drop0p4_temp2p0_a0p25_b0p05__wd1e-04trmiss0_degmodglobal,33,0.5585516350609916,0.6922591030597687,0.45,0.6499323593073594,0.46153846153846156,0.0,0.5344271446977343,0.5346067462648664,0.058279717074973245,0.18749928900173732,0.0,0.0,0.0,0.0,0.0,18473,global,0.0
5,3,lr1e-04_bs8_drop0p4_temp2p0_a0p25_b0p05__wd1e-04trmiss0_degmodglobal,8,0.0001,0.0001,0.4,2.0,0.25,0.05,lr1e-04_bs8_drop0p4_temp2p0_a0p25_b0p05__wd1e-04trmiss0_degmodglobal,34,0.5525695298399244,0.6849597096443176,0.475,0.6618371212121212,0.46153846153846156,0.0,0.577068920646395,0.5261219952787671,0.07007460721901485,0.17857749973024642,0.0,0.0,0.0,0.0,0.0,18473,global,0.0
5,3,lr1e-04_bs8_drop0p4_temp2p0_a0p25_b0p05__wd1e-04trmiss0_degmodglobal,8,0.0001,0.0001,0.4,2.0,0.25,0.05,lr1e-04_bs8_drop0p4_temp2p0_a0p25_b0p05__wd1e-04trmiss0_degmodglobal,35,0.54458258833204,0.6822986304759979,0.44999999999999996,0.6531565656565657,0.46153846153846156,0.0,0.521132550069264,0.5165762731007167,0.07313941259469305,0.19442946357386454,0.0,0.0,0.0,0.0,0.0,18473,global,0.0
5,3,lr1e-04_bs8_drop0p4_temp2p0_a0p25_b0p05__wd1e-04trmiss0_degmodglobal,8,0.0001,0.0001,0.4,2.0,0.25,0.05,lr1e-04_bs8_drop0p4_temp2p0_a0p25_b0p05__wd1e-04trmiss0_degmodglobal,36,0.5679151160376412,0.6834980845451355,0.44999999999999996,0.6531565656565657,0.46153846153846156,0.0,0.5259975620678493,0.5389446573598045,0.07490159890481404,0.20490117583956038,0.0,0.0,0.0,0.0,0.0,18473,global,0.0
5,3,lr1e-04_bs8_drop0p4_temp2p0_a0p25_b0p05__wd1e-04trmiss0_degmodglobal,8,0.0001,0.0001,0.4,2.0,0.25,0.05,lr1e-04_bs8_drop0p4_temp2p0_a0p25_b0p05__wd1e-04trmiss0_degmodglobal,37,0.5676684720175607,0.6872096955776215,0.475,0.6618371212121212,0.46153846153846156,0.0,0.5582161205155509,0.5289968550205231,0.09098943216460091,0.3184852972626686,0.0,0.0,0.0,0.0,0.0,18473,global,0.0
5,3,lr1e-04_bs8_drop0p4_temp2p0_a0p25_b0p05__wd1e-04trmiss0_degmodglobal,8,0.0001,0.0001,0.4,2.0,0.25,0.05,lr1e-04_bs8_drop0p4_temp2p0_a0p25_b0p05__wd1e-04trmiss0_degmodglobal,38,0.5576427323477608,0.6883940100669861,0.475,0.6618371212121212,0.46153846153846156,0.0,0.5276666155883244,0.5227384439536503,0.09192496538162231,0.23846082389354706,0.0,0.0,0.0,0.0,0.0,18473,global,0.0
5,3,lr1e-04_bs8_drop0p4_temp2p0_a0p25_b0p05__wd1e-04trmiss0_degmodglobal,8,0.0001,0.0001,0.4,2.0,0.25,0.05,lr1e-04_bs8_drop0p4_temp2p0_a0p25_b0p05__wd1e-04trmiss0_degmodglobal,39,0.5616584590503148,0.6926575899124146,0.475,0.6618371212121212,0.46153846153846156,0.0,0.5408228465488979,0.5322638537202563,0.07476416815604482,0.21407153883150645,0.0,0.0,0.0,0.0,0.0,18473,global,0.0
5,3,lr1e-04_bs8_drop0p4_temp2p0_a0p25_b0p05__wd1e-04trmiss0_degmodglobal,8,0.0001,0.0001,0.4,2.0,0.25,0.05,lr1e-04_bs8_drop0p4_temp2p0_a0p25_b0p05__wd1e-04trmiss0_degmodglobal,40,0.575957715511322,0.6900644898414612,0.475,0.6618371212121212,0.46153846153846156,0.0,0.5742401906422206,0.5496397955077035,0.07025610761983055,0.17507804398025786,0.0,0.0,0.0,0.0,0.0,18473,global,0.0
5,3,lr1e-04_bs8_drop0p4_temp2p0_a0p25_b0p05__wd1e-04trmiss0_degmodglobal,8,0.0001,0.0001,0.4,2.0,0.25,0.05,lr1e-04_bs8_drop0p4_temp2p0_a0p25_b0p05__wd1e-04trmiss0_degmodglobal,41,0.5491338329655784,0.6879058480262756,0.475,0.6618371212121212,0.46153846153846156,0.0,0.5236789030688149,0.5202012189796993,0.07074353897145816,0.2249344778912408,0.0,0.0,0.0,0.0,0.0,18473,global,0.0
5,3,lr1e-04_bs8_drop0p4_temp2p0_a0p25_b0p05__wd1e-04trmiss0_degmodglobal,8,0.0001,0.0001,0.4,2.0,0.25,0.05,lr1e-04_bs8_drop0p4_temp2p0_a0p25_b0p05__wd1e-04trmiss0_degmodglobal,42,0.5434258622782571,0.6889944672584534,0.475,0.6618371212121212,0.46153846153846156,0.0,0.5305923308644976,0.5106020058904376,0.08477324034486498,0.2326109345470156,0.0,0.0,0.0,0.0,0.0,18473,global,0.0
5,3,lr1e-04_bs8_drop0p4_temp2p0_a0p25_b0p05__wd1e-04trmiss0_degmodglobal,8,0.0001,0.0001,0.4,2.0,0.25,0.05,lr1e-04_bs8_drop0p4_temp2p0_a0p25_b0p05__wd1e-04trmiss0_degmodglobal,43,0.5304270684719086,0.6858607828617096,0.475,0.6618371212121212,0.46153846153846156,0.0,0.5258797918047223,0.5062259435653687,0.06257625509585653,0.17114127108028956,0.0,0.0,0.0,0.0,0.0,18473,global,0.0
5,3,lr1e-04_bs8_drop0p4_temp2p0_a0p25_b0p05__wd1e-04trmiss0_degmodglobal,8,0.0001,0.0001,0.4,2.0,0.25,0.05,lr1e-04_bs8_drop0p4_temp2p0_a0p25_b0p05__wd1e-04trmiss0_degmodglobal,44,0.5206537927900042,0.6855451762676239,0.475,0.6618371212121212,0.46153846153846156,0.0,0.49060581837381634,0.4946137411253793,0.06638695858418941,0.18886641412973404,0.0,0.0,0.0,0.0,0.0,18473,global,0.0
5,3,lr1e-04_bs8_drop0p4_temp2p0_a0p25_b0p05__wd1e-04trmiss0_degmodglobal,8,0.0001,0.0001,0.4,2.0,0.25,0.05,lr1e-04_bs8_drop0p4_temp2p0_a0p25_b0p05__wd1e-04trmiss0_degmodglobal,45,0.5546093242509025,0.6847101151943207,0.475,0.6618371212121212,0.46153846153846156,0.0,0.5019355501447406,0.5190450123378209,0.09108419077736991,0.2558652364781925,0.0,0.0,0.0,0.0,0.0,18473,global,0.0
5,3,lr1e-04_bs8_drop0p4_temp2p0_a0p25_b0p05__wd1e-04trmiss0_degmodglobal,8,0.0001,0.0001,0.4,2.0,0.25,0.05,lr1e-04_bs8_drop0p4_temp2p0_a0p25_b0p05__wd1e-04trmiss0_degmodglobal,46,0.5302988546235221,0.685678631067276,0.45,0.6499323593073594,0.46153846153846156,0.0,0.5345646611281804,0.4994153848716191,0.0848624301808221,0.19335715685571944,0.0,0.0,0.0,0.0,0.0,18473,global,0.0
5,3,lr1e-04_bs8_drop0p4_temp2p0_a0p25_b0p05__wd1e-04trmiss0_degmodglobal,8,0.0001,0.0001,0.4,2.0,0.25,0.05,lr1e-04_bs8_drop0p4_temp2p0_a0p25_b0p05__wd1e-04trmiss0_degmodglobal,47,0.5392861408846719,0.6890134513378143,0.45,0.6499323593073594,0.46153846153846156,0.0,0.49840458801814486,0.5052503219672612,0.08899396445069994,0.23574652203491755,0.0,0.0,0.0,0.0,0.0,18473,global,0.0
5,3,lr1e-04_bs8_drop0p4_temp2p0_a0p25_b0p05__wd1e-04trmiss0_degmodglobal,8,0.0001,0.0001,0.4,2.0,0.25,0.05,lr1e-04_bs8_drop0p4_temp2p0_a0p25_b0p05__wd1e-04trmiss0_degmodglobal,48,0.5230374123368945,0.6883789300918579,0.45,0.6499323593073594,0.46153846153846156,0.0,0.4771167423043932,0.4888749548367092,0.09015940715159688,0.23245219886302948,0.0,0.0,0.0,0.0,0.0,18473,global,0.0
5,3,lr1e-04_bs8_drop0p4_temp2p0_a0p25_b0p05__wd1e-04trmiss0_degmodglobal,8,0.0001,0.0001,0.4,2.0,0.25,0.05,lr1e-04_bs8_drop0p4_temp2p0_a0p25_b0p05__wd1e-04trmiss0_degmodglobal,49,0.5472637372357505,0.685350775718689,0.475,0.6618371212121212,0.46153846153846156,0.0,0.49590245740754263,0.5141545023236956,0.08730383376990046,0.225665739604405,0.0,0.0,0.0,0.0,0.0,18473,global,0.0
5,3,lr1e-04_bs8_drop0p4_temp2p0_a0p25_b0p05__wd1e-04trmiss0_degmodglobal,8,0.0001,0.0001,0.4,2.0,0.25,0.05,lr1e-04_bs8_drop0p4_temp2p0_a0p25_b0p05__wd1e-04trmiss0_degmodglobal,50,0.5399485613618579,0.6840591132640839,0.475,0.6618371212121212,0.46153846153846156,0.0,0.47896780712263926,0.5107297429016658,0.07720548020941871,0.19834919007761137,0.0,0.0,0.0,0.0,0.0,18473,global,0.0
5,3,lr1e-04_bs8_drop0p4_temp2p0_a0p25_b0p05__wd1e-04trmiss0_degmodglobal,8,0.0001,0.0001,0.4,2.0,0.25,0.05,lr1e-04_bs8_drop0p4_temp2p0_a0p25_b0p05__wd1e-04trmiss0_degmodglobal,51,0.5587284905569894,0.6849088966846466,0.475,0.6618371212121212,0.46153846153846156,0.0,0.5247532853058406,0.5267792897565025,0.08433857773031507,0.21729098366839544,0.0,0.0,0.0,0.0,0.0,18473,global,0.0
5,3,lr1e-04_bs8_drop0p4_temp2p0_a0p25_b0p05__wd1e-04trmiss0_degmodglobal,8,0.0001,0.0001,0.4,2.0,0.25,0.05,lr1e-04_bs8_drop0p4_temp2p0_a0p25_b0p05__wd1e-04trmiss0_degmodglobal,52,0.5354129076004028,0.6887086629867554,0.475,0.6618371212121212,0.46153846153846156,0.0,0.5203089373452323,0.5065929591655731,0.0726732968219689,0.21303242444992065,0.0,0.0,0.0,0.0,0.0,18473,global,0.0
5,3,lr1e-04_bs8_drop0p4_temp2p0_a0p25_b0p05__wd1e-04trmiss0_degmodglobal,8,0.0001,0.0001,0.4,2.0,0.25,0.05,lr1e-04_bs8_drop0p4_temp2p0_a0p25_b0p05__wd1e-04trmiss0_degmodglobal,53,0.5467749493462699,0.6873915493488312,0.475,0.6618371212121212,0.46153846153846156,0.0,0.475961651120867,0.5162139747823987,0.075623270124197,0.23310295173100062,0.0,0.0,0.0,0.0,0.0,18473,global,0.0
5,3,lr1e-04_bs8_drop0p4_temp2p0_a0p25_b0p05__wd1e-04trmiss0_degmodglobal,8,0.0001,0.0001,0.4,2.0,0.25,0.05,lr1e-04_bs8_drop0p4_temp2p0_a0p25_b0p05__wd1e-04trmiss0_degmodglobal,54,0.5608966393130166,0.6861000061035156,0.475,0.6618371212121212,0.46153846153846156,0.0,0.46628611428397043,0.5218484955174583,0.09848406272275108,0.2885426953434944,0.0,0.0,0.0,0.0,0.0,18473,global,0.0
5,3,lr1e-04_bs8_drop0p4_temp2p0_a0p25_b0p05__wd1e-04trmiss0_degmodglobal,8,0.0001,0.0001,0.4,2.0,0.25,0.05,lr1e-04_bs8_drop0p4_temp2p0_a0p25_b0p05__wd1e-04trmiss0_degmodglobal,55,0.5353847869804927,0.6866368055343628,0.475,0.6618371212121212,0.46153846153846156,0.0,0.46850831168038504,0.5010165103844234,0.09221458009311131,0.22629261229719436,0.0,0.0,0.0,0.0,0.0,18473,global,0.0
5,3,lr1e-04_bs8_drop0p4_temp2p0_a0p25_b0p05__wd1e-04trmiss0_degmodglobal,8,0.0001,0.0001,0.4,2.0,0.25,0.05,lr1e-04_bs8_drop0p4_temp2p0_a0p25_b0p05__wd1e-04trmiss0_degmodglobal,56,0.5241334097726005,0.6892253458499908,0.475,0.6618371212121212,0.46153846153846156,0.0,0.5023914618151528,0.48885694997651236,0.09080547307218824,0.2515019689287458,0.0,0.0,0.0,0.0,0.0,18473,global,0.0
5,3,lr1e-04_bs8_drop0p4_temp2p0_a0p25_b0p05__wd1e-04trmiss0_degmodglobal,8,0.0001,0.0001,0.4,2.0,0.25,0.05,lr1e-04_bs8_drop0p4_temp2p0_a0p25_b0p05__wd1e-04trmiss0_degmodglobal,57,0.5446280539035797,0.6877142488956451,0.475,0.6618371212121212,0.46153846153846156,0.0,0.46899369784763884,0.5105916602270943,0.09417098547731127,0.20987272714929922,0.0,0.0,0.0,0.0,0.0,18473,global,0.0
5,3,lr1e-04_bs8_drop0p4_temp2p0_a0p25_b0p05__wd1e-04trmiss0_degmodglobal,8,0.0001,0.0001,0.4,2.0,0.25,0.05,lr1e-04_bs8_drop0p4_temp2p0_a0p25_b0p05__wd1e-04trmiss0_degmodglobal,58,0.5481376137052264,0.6881515681743622,0.475,0.6618371212121212,0.46153846153846156,0.0,0.4718822922025408,0.5069127593721662,0.10439013476882662,0.3025466224976948,0.0,0.0,0.0,0.0,0.0,18473,global,0.0
5,3,lr1e-04_bs8_drop0p4_temp2p0_a0p25_b0p05__wd1e-04trmiss0_degmodglobal,8,0.0001,0.0001,0.4,2.0,0.25,0.05,lr1e-04_bs8_drop0p4_temp2p0_a0p25_b0p05__wd1e-04trmiss0_degmodglobal,59,0.5355846754142216,0.6883086860179901,0.475,0.6618371212121212,0.46153846153846156,0.0,0.48714872343199594,0.500074986900602,0.09751134791544505,0.2226370253733226,0.0,0.0,0.0,0.0,0.0,18473,global,0.0
5,3,lr1e-04_bs8_drop0p4_temp2p0_a0p25_b0p05__wd1e-04trmiss0_degmodglobal,8,0.0001,0.0001,0.4,2.0,0.25,0.05,lr1e-04_bs8_drop0p4_temp2p0_a0p25_b0p05__wd1e-04trmiss0_degmodglobal,60,0.5456794287477221,0.6880149245262146,0.475,0.6618371212121212,0.46153846153846156,0.0,0.43950733116694857,0.5040572711399623,0.11087490086044584,0.27806857015405384,0.0,0.0,0.0,0.0,0.0,18473,global,0.0
5,3,lr1e-04_bs8_drop0p4_temp2p0_a0p25_b0p05__wd1e-04trmiss0_degmodglobal,8,0.0001,0.0001,0.4,2.0,0.25,0.05,lr1e-04_bs8_drop0p4_temp2p0_a0p25_b0p05__wd1e-04trmiss0_degmodglobal,61,0.5361390113830566,0.6860556602478027,0.475,0.6618371212121212,0.46153846153846156,0.0,0.4645357344831739,0.5060995434011731,0.08168505824037961,0.19236422649451665,0.0,0.0,0.0,0.0,0.0,18473,global,0.0
5,3,lr1e-04_bs8_drop0p4_temp2p0_a0p25_b0p05__wd1e-04trmiss0_degmodglobal,8,0.0001,0.0001,0.4,2.0,0.25,0.05,lr1e-04_bs8_drop0p4_temp2p0_a0p25_b0p05__wd1e-04trmiss0_degmodglobal,62,0.5331203213759831,0.6867055892944336,0.475,0.6618371212121212,0.46153846153846156,0.0,0.468485312802451,0.49570538316454205,0.09633862626339708,0.26660567202738356,0.0,0.0,0.0,0.0,0.0,18473,global,0.0
5,3,lr1e-04_bs8_drop0p4_temp2p0_a0p25_b0p05__wd1e-04trmiss0_degmodglobal,8,0.0001,0.0001,0.4,2.0,0.25,0.05,lr1e-04_bs8_drop0p4_temp2p0_a0p25_b0p05__wd1e-04trmiss0_degmodglobal,63,0.531669156891959,0.6881905794143677,0.475,0.6618371212121212,0.46153846153846156,0.0,0.4448417978627341,0.4945133456162044,0.09613484729613576,0.26244167877095087,0.0,0.0,0.0,0.0,0.0,18473,global,0.0
5,3,lr1e-04_bs8_drop0p4_temp2p0_a0p25_b0p05__wd1e-04trmiss0_degmodglobal,8,0.0001,0.0001,0.4,2.0,0.25,0.05,lr1e-04_bs8_drop0p4_temp2p0_a0p25_b0p05__wd1e-04trmiss0_degmodglobal,64,0.5529058149882725,0.6875818073749542,0.475,0.6618371212121212,0.46153846153846156,0.0,0.46100570474352154,0.5139899509293693,0.10694267015372004,0.2436037494667939,0.0,0.0,0.0,0.0,0.0,18473,global,0.0
5,3,lr1e-04_bs8_drop0p4_temp2p0_a0p25_b0p05__wd1e-04trmiss0_degmodglobal,8,0.0001,0.0001,0.4,2.0,0.25,0.05,lr1e-04_bs8_drop0p4_temp2p0_a0p25_b0p05__wd1e-04trmiss0_degmodglobal,65,0.5744600466319493,0.6867056787014008,0.475,0.6618371212121212,0.46153846153846156,0.0,0.4809236696788243,0.5340985059738159,0.11129597042288099,0.2507509658379214,0.0,0.0,0.0,0.0,0.0,18473,global,0.0
5,3,lr1e-04_bs8_drop0p4_temp2p0_a0p25_b0p05__wd1e-04trmiss0_degmodglobal,8,0.0001,0.0001,0.4,2.0,0.25,0.05,lr1e-04_bs8_drop0p4_temp2p0_a0p25_b0p05__wd1e-04trmiss0_degmodglobal,66,0.5487287172249385,0.6882873773574829,0.475,0.6618371212121212,0.46153846153846156,0.0,0.45390876701899935,0.5013511947223118,0.12039414154631752,0.34557995200157166,0.0,0.0,0.0,0.0,0.0,18473,global,0.0
5,3,lr1e-04_bs8_drop0p4_temp2p0_a0p25_b0p05__wd1e-04trmiss0_degmodglobal,8,0.0001,0.0001,0.4,2.0,0.25,0.05,lr1e-04_bs8_drop0p4_temp2p0_a0p25_b0p05__wd1e-04trmiss0_degmodglobal,67,0.5387450201170785,0.6879615783691406,0.475,0.6618371212121212,0.46153846153846156,0.0,0.47297397681644987,0.5014121149267469,0.09346230700612068,0.27934668426002773,0.0,0.0,0.0,0.0,0.0,18473,global,0.0
5,3,lr1e-04_bs8_drop0p4_temp2p0_a0p25_b0p05__wd1e-04trmiss0_degmodglobal,8,0.0001,0.0001,0.4,2.0,0.25,0.05,lr1e-04_bs8_drop0p4_temp2p0_a0p25_b0p05__wd1e-04trmiss0_degmodglobal,68,0.5524460928780692,0.6883892118930817,0.475,0.6618371212121212,0.46153846153846156,0.0,0.4735751152038574,0.5104023601327624,0.11073704170329231,0.2871895357966423,0.0,0.0,0.0,0.0,0.0,18473,global,0.0
5,3,lr1e-04_bs8_drop0p4_temp2p0_a0p25_b0p05__wd1e-04trmiss0_degmodglobal,8,0.0001,0.0001,0.4,2.0,0.25,0.05,lr1e-04_bs8_drop0p4_temp2p0_a0p25_b0p05__wd1e-04trmiss0_degmodglobal,69,0.5450923442840576,0.6876961290836334,0.475,0.6618371212121212,0.46153846153846156,0.0,0.42141556314059664,0.4956197057451521,0.12862846148865564,0.346310202564512,0.0,0.0,0.0,0.0,0.0,18473,global,0.0
5,3,lr1e-04_bs8_drop0p4_temp2p0_a0p25_b0p05__wd1e-04trmiss0_degmodglobal,8,0.0001,0.0001,0.4,2.0,0.25,0.05,lr1e-04_bs8_drop0p4_temp2p0_a0p25_b0p05__wd1e-04trmiss0_degmodglobal,70,0.5228875662599292,0.6891638040542603,0.45,0.6499323593073594,0.46153846153846156,0.0,0.4312785140105656,0.4876865361418043,0.09078571838991982,0.2500921274934496,0.0,0.0,0.0,0.0,0.0,18473,global,0.0
5,3,lr5e-05_bs8_drop0p2_temp1p0_a0p25_b0p05__wd1e-04trmiss0_degmodglobal,8,5e-05,0.0001,0.2,1.0,0.25,0.05,lr5e-05_bs8_drop0p2_temp1p0_a0p25_b0p05__wd1e-04trmiss0_degmodglobal,1,0.7684121217046466,0.6738800704479218,0.625,0.7729978354978355,0.6153846153846154,0.0,0.6868478230067662,0.7531987343515668,0.03833218158355781,0.11260687027658735,0.0,0.0,0.0,0.0,0.0,18473,global,0.0
5,3,lr5e-05_bs8_drop0p2_temp1p0_a0p25_b0p05__wd1e-04trmiss0_degmodglobal,8,5e-05,0.0001,0.2,1.0,0.25,0.05,lr5e-05_bs8_drop0p2_temp1p0_a0p25_b0p05__wd1e-04trmiss0_degmodglobal,2,0.7226530654089791,0.6881718635559082,0.5,0.7448232323232323,0.46153846153846156,0.0,0.6435776352882385,0.7056307792663574,0.04047024782214846,0.1380945374923093,0.0,0.0,0.0,0.0,0.0,18473,global,0.0
5,3,lr5e-05_bs8_drop0p2_temp1p0_a0p25_b0p05__wd1e-04trmiss0_degmodglobal,8,5e-05,0.0001,0.2,1.0,0.25,0.05,lr5e-05_bs8_drop0p2_temp1p0_a0p25_b0p05__wd1e-04trmiss0_degmodglobal,3,0.7086286885397775,0.6976099908351898,0.475,0.7384129759129759,0.46153846153846156,0.0,0.6382046086447579,0.6896056362560817,0.043059738885079114,0.1651625292641776,0.0,0.0,0.0,0.0,0.0,18473,global,0.0
5,3,lr5e-05_bs8_drop0p2_temp1p0_a0p25_b0p05__wd1e-04trmiss0_degmodglobal,8,5e-05,0.0001,0.2,1.0,0.25,0.05,lr5e-05_bs8_drop0p2_temp1p0_a0p25_b0p05__wd1e-04trmiss0_degmodglobal,4,0.673497097832816,0.6959504783153534,0.5,0.7448232323232323,0.38461538461538464,0.0,0.6024661319596427,0.6590642843927655,0.036110631589378626,0.10810308051960808,0.0,0.0,0.0,0.0,0.0,18473,global,0.0
5,3,lr5e-05_bs8_drop0p2_temp1p0_a0p25_b0p05__wd1e-04trmiss0_degmodglobal,8,5e-05,0.0001,0.2,1.0,0.25,0.05,lr5e-05_bs8_drop0p2_temp1p0_a0p25_b0p05__wd1e-04trmiss0_degmodglobal,5,0.6866282565253121,0.696457028388977,0.5,0.7448232323232323,0.38461538461538464,0.0,0.6060566987310138,0.6708056245531354,0.040515233895608356,0.11387665197253227,0.0,0.0,0.0,0.0,0.0,18473,global,0.0
5,3,lr5e-05_bs8_drop0p2_temp1p0_a0p25_b0p05__wd1e-04trmiss0_degmodglobal,8,5e-05,0.0001,0.2,1.0,0.25,0.05,lr5e-05_bs8_drop0p2_temp1p0_a0p25_b0p05__wd1e-04trmiss0_degmodglobal,6,0.6843332307679313,0.7010407745838165,0.5,0.7448232323232323,0.38461538461538464,0.0,0.6102154936109271,0.6637552636010307,0.05239935405552387,0.14956256640808924,0.0,0.0,0.0,0.0,0.0,18473,global,0.0
5,3,lr5e-05_bs8_drop0p2_temp1p0_a0p25_b0p05__wd1e-04trmiss0_degmodglobal,8,5e-05,0.0001,0.2,1.0,0.25,0.05,lr5e-05_bs8_drop0p2_temp1p0_a0p25_b0p05__wd1e-04trmiss0_degmodglobal,7,0.6670408589499337,0.7043280601501465,0.475,0.7135732323232323,0.38461538461538464,0.0,0.5702179840632847,0.6499836359705243,0.04394534496324403,0.12141761183738708,0.0,0.0,0.0,0.0,0.0,18473,global,0.0
5,3,lr5e-05_bs8_drop0p2_temp1p0_a0p25_b0p05__wd1e-04trmiss0_degmodglobal,8,5e-05,0.0001,0.2,1.0,0.25,0.05,lr5e-05_bs8_drop0p2_temp1p0_a0p25_b0p05__wd1e-04trmiss0_degmodglobal,8,0.6396876743861607,0.703233152627945,0.44999999999999996,0.6948232323232324,0.38461538461538464,0.0,0.5607289757047381,0.6244526164872306,0.04039773770741054,0.10271258865083967,0.0,0.0,0.0,0.0,0.0,18473,global,0.0
5,3,lr5e-05_bs8_drop0p2_temp1p0_a0p25_b0p05__wd1e-04trmiss0_degmodglobal,8,5e-05,0.0001,0.2,1.0,0.25,0.05,lr5e-05_bs8_drop0p2_temp1p0_a0p25_b0p05__wd1e-04trmiss0_degmodglobal,9,0.6301827260426113,0.6997652649879456,0.44999999999999996,0.6948232323232324,0.38461538461538464,0.0,0.5772559727941241,0.6160466926438468,0.03815380749957902,0.09195169806480408,0.0,0.0,0.0,0.0,0.0,18473,global,0.0
5,3,lr5e-05_bs8_drop0p2_temp1p0_a0p25_b0p05__wd1e-04trmiss0_degmodglobal,8,5e-05,0.0001,0.2,1.0,0.25,0.05,lr5e-05_bs8_drop0p2_temp1p0_a0p25_b0p05__wd1e-04trmiss0_degmodglobal,10,0.6499819840703692,0.6937054991722107,0.475,0.7037518037518038,0.38461538461538464,0.0,0.5888840130397252,0.6308162978717259,0.04589961655437946,0.1538159421512059,0.0,0.0,0.0,0.0,0.0,18473,global,0.0
5,3,lr5e-05_bs8_drop0p2_temp1p0_a0p25_b0p05__wd1e-04trmiss0_degmodglobal,8,5e-05,0.0001,0.2,1.0,0.25,0.05,lr5e-05_bs8_drop0p2_temp1p0_a0p25_b0p05__wd1e-04trmiss0_degmodglobal,11,0.6537818227495465,0.6996179819107056,0.475,0.7037518037518038,0.38461538461538464,0.0,0.578462268624987,0.6391650778906686,0.03879559252943311,0.0983569473028183,0.0,0.0,0.0,0.0,0.0,18473,global,0.0
5,3,lr5e-05_bs8_drop0p2_temp1p0_a0p25_b0p05__wd1e-04trmiss0_degmodglobal,8,5e-05,0.0001,0.2,1.0,0.25,0.05,lr5e-05_bs8_drop0p2_temp1p0_a0p25_b0p05__wd1e-04trmiss0_degmodglobal,12,0.6538512706756592,0.700156956911087,0.475,0.7037518037518038,0.38461538461538464,0.0,0.561363160610199,0.633913380759103,0.04616193739431245,0.16794811614922114,0.0,0.0,0.0,0.0,0.0,18473,global,0.0
5,3,lr5e-05_bs8_drop0p2_temp1p0_a0p25_b0p05__wd1e-04trmiss0_degmodglobal,8,5e-05,0.0001,0.2,1.0,0.25,0.05,lr5e-05_bs8_drop0p2_temp1p0_a0p25_b0p05__wd1e-04trmiss0_degmodglobal,13,0.652465215751103,0.6938447654247284,0.5,0.692739898989899,0.46153846153846156,0.0,0.5663175497736249,0.6340526853288923,0.047926107687609534,0.12861985500369752,0.0,0.0,0.0,0.0,0.0,18473,global,0.0
5,3,lr5e-05_bs8_drop0p2_temp1p0_a0p25_b0p05__wd1e-04trmiss0_degmodglobal,8,5e-05,0.0001,0.2,1.0,0.25,0.05,lr5e-05_bs8_drop0p2_temp1p0_a0p25_b0p05__wd1e-04trmiss0_degmodglobal,14,0.6305439387048993,0.6949897706508636,0.475,0.673989898989899,0.5384615384615384,0.0,0.5498389984880175,0.6138073631695339,0.04194776634020465,0.1249928932104792,0.0,0.0,0.0,0.0,0.0,18473,global,0.0
5,3,lr5e-05_bs8_drop0p2_temp1p0_a0p25_b0p05__wd1e-04trmiss0_degmodglobal,8,5e-05,0.0001,0.2,1.0,0.25,0.05,lr5e-05_bs8_drop0p2_temp1p0_a0p25_b0p05__wd1e-04trmiss0_degmodglobal,15,0.627243425164904,0.6927100121974945,0.525,0.7094065656565657,0.5384615384615384,0.0,0.552516520023346,0.6106573343276978,0.042062391127858846,0.12140970836792674,0.0,0.0,0.0,0.0,0.0,18473,global,0.0
5,3,lr5e-05_bs8_drop0p2_temp1p0_a0p25_b0p05__wd1e-04trmiss0_degmodglobal,8,5e-05,0.0001,0.2,1.0,0.25,0.05,lr5e-05_bs8_drop0p2_temp1p0_a0p25_b0p05__wd1e-04trmiss0_degmodglobal,16,0.5930848462241036,0.6870639324188232,0.5,0.692739898989899,0.5384615384615384,0.0,0.5217740067413875,0.576021032673972,0.04325306309120996,0.12501090339251927,0.0,0.0,0.0,0.0,0.0,18473,global,0.0
5,3,lr5e-05_bs8_drop0p2_temp1p0_a0p25_b0p05__wd1e-04trmiss0_degmodglobal,8,5e-05,0.0001,0.2,1.0,0.25,0.05,lr5e-05_bs8_drop0p2_temp1p0_a0p25_b0p05__wd1e-04trmiss0_degmodglobal,17,0.6264037660190037,0.6872506737709045,0.475,0.673989898989899,0.5384615384615384,0.0,0.5331360995769501,0.60730870280947,0.05017307320875781,0.1310359090566635,0.0,0.0,0.0,0.0,0.0,18473,global,0.0
5,3,lr5e-05_bs8_drop0p2_temp1p0_a0p25_b0p05__wd1e-04trmiss0_degmodglobal,8,5e-05,0.0001,0.2,1.0,0.25,0.05,lr5e-05_bs8_drop0p2_temp1p0_a0p25_b0p05__wd1e-04trmiss0_degmodglobal,18,0.630171035017286,0.6890073418617249,0.475,0.673989898989899,0.5384615384615384,0.0,0.5293378872530801,0.6110658049583435,0.049392882734537125,0.13513997516461781,0.0,0.0,0.0,0.0,0.0,18473,global,0.0
5,3,lr5e-05_bs8_drop0p2_temp1p0_a0p25_b0p05__wd1e-04trmiss0_degmodglobal,8,5e-05,0.0001,0.2,1.0,0.25,0.05,lr5e-05_bs8_drop0p2_temp1p0_a0p25_b0p05__wd1e-04trmiss0_degmodglobal,19,0.5989387375967843,0.6892824470996857,0.5,0.7156565656565657,0.5384615384615384,0.0,0.5052856845515115,0.5796027609280178,0.04664611390658787,0.15348889731935092,0.0,0.0,0.0,0.0,0.0,18473,global,0.0
5,3,lr5e-05_bs8_drop0p2_temp1p0_a0p25_b0p05__wd1e-04trmiss0_degmodglobal,8,5e-05,0.0001,0.2,1.0,0.25,0.05,lr5e-05_bs8_drop0p2_temp1p0_a0p25_b0p05__wd1e-04trmiss0_degmodglobal,20,0.6061775428908212,0.6905469298362732,0.475,0.673989898989899,0.46153846153846156,0.0,0.5426351640905652,0.5907602650778634,0.04134266770311764,0.10163253705416407,0.0,0.0,0.0,0.0,0.0,18473,global,0.0
5,3,lr5e-05_bs8_drop0p2_temp1p0_a0p25_b0p05__wd1e-04trmiss0_degmodglobal,8,5e-05,0.0001,0.2,1.0,0.25,0.05,lr5e-05_bs8_drop0p2_temp1p0_a0p25_b0p05__wd1e-04trmiss0_degmodglobal,21,0.6139729363577706,0.688290536403656,0.525,0.7243371212121212,0.46153846153846156,0.0,0.5241058085645948,0.591306848185403,0.05710521978991372,0.16779580286570958,0.0,0.0,0.0,0.0,0.0,18473,global,0.0
5,3,lr5e-05_bs8_drop0p2_temp1p0_a0p25_b0p05__wd1e-04trmiss0_degmodglobal,8,5e-05,0.0001,0.2,1.0,0.25,0.05,lr5e-05_bs8_drop0p2_temp1p0_a0p25_b0p05__wd1e-04trmiss0_degmodglobal,22,0.6136140312467303,0.6879218816757202,0.5,0.6826704545454545,0.46153846153846156,0.0,0.5016975786004748,0.5936733484268188,0.05078956591231482,0.1448658247079168,0.0,0.0,0.0,0.0,0.0,18473,global,0.0
5,3,lr5e-05_bs8_drop0p2_temp1p0_a0p25_b0p05__wd1e-04trmiss0_degmodglobal,8,5e-05,0.0001,0.2,1.0,0.25,0.05,lr5e-05_bs8_drop0p2_temp1p0_a0p25_b0p05__wd1e-04trmiss0_degmodglobal,23,0.6124154584748405,0.6895251572132111,0.44999999999999996,0.662085137085137,0.46153846153846156,0.0,0.5212354574884687,0.592502406665257,0.05053017235227993,0.14561017602682114,0.0,0.0,0.0,0.0,0.0,18473,global,0.0
5,3,lr5e-05_bs8_drop0p2_temp1p0_a0p25_b0p05__wd1e-04trmiss0_degmodglobal,8,5e-05,0.0001,0.2,1.0,0.25,0.05,lr5e-05_bs8_drop0p2_temp1p0_a0p25_b0p05__wd1e-04trmiss0_degmodglobal,24,0.6068974392754691,0.6908526420593262,0.475,0.673989898989899,0.46153846153846156,0.0,0.48010132568223135,0.5834354077066694,0.05851115765316146,0.17668468664799417,0.0,0.0,0.0,0.0,0.0,18473,global,0.0
5,3,lr5e-05_bs8_drop0p2_temp1p0_a0p25_b0p05__wd1e-04trmiss0_degmodglobal,8,5e-05,0.0001,0.2,1.0,0.25,0.05,lr5e-05_bs8_drop0p2_temp1p0_a0p25_b0p05__wd1e-04trmiss0_degmodglobal,25,0.603407451084682,0.6850865185260773,0.5,0.6826704545454545,0.5384615384615384,0.0,0.4891520355428968,0.5792084080832345,0.0612767402614866,0.17759704909154347,0.0,0.0,0.0,0.0,0.0,18473,global,0.0
5,3,lr5e-05_bs8_drop0p2_temp1p0_a0p25_b0p05__wd1e-04trmiss0_degmodglobal,8,5e-05,0.0001,0.2,1.0,0.25,0.05,lr5e-05_bs8_drop0p2_temp1p0_a0p25_b0p05__wd1e-04trmiss0_degmodglobal,26,0.6205694930894035,0.6863449811935425,0.5,0.6826704545454545,0.5384615384615384,0.0,0.5258916701589312,0.5983684403555733,0.05880560992019517,0.14999283530882426,0.0,0.0,0.0,0.0,0.0,18473,global,0.0
5,3,lr5e-05_bs8_drop0p2_temp1p0_a0p25_b0p05__wd1e-04trmiss0_degmodglobal,8,5e-05,0.0001,0.2,1.0,0.25,0.05,lr5e-05_bs8_drop0p2_temp1p0_a0p25_b0p05__wd1e-04trmiss0_degmodglobal,27,0.602497901235308,0.6831232607364655,0.5,0.6826704545454545,0.5384615384615384,0.0,0.4789035533155714,0.5775121535573687,0.06203269426311765,0.18955149820872716,0.0,0.0,0.0,0.0,0.0,18473,global,0.0
5,3,lr5e-05_bs8_drop0p2_temp1p0_a0p25_b0p05__wd1e-04trmiss0_degmodglobal,8,5e-05,0.0001,0.2,1.0,0.25,0.05,lr5e-05_bs8_drop0p2_temp1p0_a0p25_b0p05__wd1e-04trmiss0_degmodglobal,28,0.6091094953673226,0.6824266016483307,0.5,0.6826704545454545,0.5384615384615384,0.0,0.4878391282899039,0.5860815388815743,0.056725079991987774,0.17693319384540832,0.0,0.0,0.0,0.0,0.0,18473,global,0.0
5,3,lr5e-05_bs8_drop0p2_temp1p0_a0p25_b0p05__wd1e-04trmiss0_degmodglobal,8,5e-05,0.0001,0.2,1.0,0.25,0.05,lr5e-05_bs8_drop0p2_temp1p0_a0p25_b0p05__wd1e-04trmiss0_degmodglobal,29,0.6254701784678868,0.6853281557559967,0.5,0.6826704545454545,0.5384615384615384,0.0,0.5027133013520922,0.6063304032598223,0.0502815805375576,0.13138753814356668,0.0,0.0,0.0,0.0,0.0,18473,global,0.0
5,3,lr5e-05_bs8_drop0p2_temp1p0_a0p25_b0p05__wd1e-04trmiss0_degmodglobal,8,5e-05,0.0001,0.2,1.0,0.25,0.05,lr5e-05_bs8_drop0p2_temp1p0_a0p25_b0p05__wd1e-04trmiss0_degmodglobal,30,0.5979916623660496,0.6832873225212097,0.475,0.673989898989899,0.5384615384615384,0.0,0.4938682871205466,0.5732440607888358,0.06430615697588239,0.1734213743891035,0.0,0.0,0.0,0.0,0.0,18473,global,0.0
5,3,lr5e-05_bs8_drop0p2_temp1p0_a0p25_b0p05__wd1e-04trmiss0_degmodglobal,8,5e-05,0.0001,0.2,1.0,0.25,0.05,lr5e-05_bs8_drop0p2_temp1p0_a0p25_b0p05__wd1e-04trmiss0_degmodglobal,31,0.6181435670171466,0.683433473110199,0.475,0.673989898989899,0.5384615384615384,0.0,0.48880563037736074,0.5905459438051496,0.0699699776513236,0.20210255256720952,0.0,0.0,0.0,0.0,0.0,18473,global,0.0
5,3,lr5e-05_bs8_drop0p2_temp1p0_a0p25_b0p05__wd1e-04trmiss0_degmodglobal,8,5e-05,0.0001,0.2,1.0,0.25,0.05,lr5e-05_bs8_drop0p2_temp1p0_a0p25_b0p05__wd1e-04trmiss0_degmodglobal,32,0.6230364782469613,0.6888496577739716,0.475,0.673989898989899,0.5384615384615384,0.0,0.5001076417309898,0.6005226118224007,0.056703170761466026,0.1667615015591894,0.0,0.0,0.0,0.0,0.0,18473,global,0.0
5,3,lr5e-05_bs8_drop0p2_temp1p0_a0p25_b0p05__wd1e-04trmiss0_degmodglobal,8,5e-05,0.0001,0.2,1.0,0.25,0.05,lr5e-05_bs8_drop0p2_temp1p0_a0p25_b0p05__wd1e-04trmiss0_degmodglobal,33,0.59946437392916,0.6827647387981415,0.475,0.673989898989899,0.5384615384615384,0.0,0.48350888916424345,0.5767126849719456,0.054637182503938675,0.18184736371040344,0.0,0.0,0.0,0.0,0.0,18473,global,0.0
5,3,lr5e-05_bs8_drop0p2_temp1p0_a0p25_b0p05__wd1e-04trmiss0_degmodglobal,8,5e-05,0.0001,0.2,1.0,0.25,0.05,lr5e-05_bs8_drop0p2_temp1p0_a0p25_b0p05__wd1e-04trmiss0_degmodglobal,34,0.5978350469044277,0.6815495193004608,0.5,0.6826704545454545,0.5384615384615384,0.0,0.45773944684437345,0.5719592486109052,0.06724087414996964,0.18131147857223237,0.0,0.0,0.0,0.0,0.0,18473,global,0.0
5,3,lr5e-05_bs8_drop0p2_temp1p0_a0p25_b0p05__wd1e-04trmiss0_degmodglobal,8,5e-05,0.0001,0.2,1.0,0.25,0.05,lr5e-05_bs8_drop0p2_temp1p0_a0p25_b0p05__wd1e-04trmiss0_degmodglobal,35,0.6002628718103681,0.685919463634491,0.44999999999999996,0.6531565656565657,0.5384615384615384,0.0,0.4579488890511649,0.5678690246173314,0.08401762428028244,0.22778862501893724,0.0,0.0,0.0,0.0,0.0,18473,global,0.0
5,3,lr5e-05_bs8_drop0p2_temp1p0_a0p25_b0p05__wd1e-04trmiss0_degmodglobal,8,5e-05,0.0001,0.2,1.0,0.25,0.05,lr5e-05_bs8_drop0p2_temp1p0_a0p25_b0p05__wd1e-04trmiss0_degmodglobal,36,0.6223673820495605,0.685183048248291,0.5,0.6826704545454545,0.5384615384615384,0.0,0.47139029843466623,0.5954493624823434,0.06337620211499077,0.2214792509164129,0.0,0.0,0.0,0.0,0.0,18473,global,0.0
5,3,lr5e-05_bs8_drop0p2_temp1p0_a0p25_b0p05__wd1e-04trmiss0_degmodglobal,8,5e-05,0.0001,0.2,1.0,0.25,0.05,lr5e-05_bs8_drop0p2_temp1p0_a0p25_b0p05__wd1e-04trmiss0_degmodglobal,37,0.6013727528708321,0.6833236813545227,0.5,0.6826704545454545,0.5384615384615384,0.0,0.4776053598948887,0.5744140999657767,0.06734004084553037,0.20247288793325424,0.0,0.0,0.0,0.0,0.0,18473,global,0.0
5,3,lr5e-05_bs8_drop0p2_temp1p0_a0p25_b0p05__wd1e-04trmiss0_degmodglobal,8,5e-05,0.0001,0.2,1.0,0.25,0.05,lr5e-05_bs8_drop0p2_temp1p0_a0p25_b0p05__wd1e-04trmiss0_degmodglobal,38,0.6039048518453326,0.6871119141578674,0.5,0.6826704545454545,0.5384615384615384,0.0,0.4986373313835689,0.5796446587358203,0.06087683354105268,0.1808197796344757,0.0,0.0,0.0,0.0,0.0,18473,global,0.0
5,3,lr5e-05_bs8_drop0p2_temp1p0_a0p25_b0p05__wd1e-04trmiss0_degmodglobal,8,5e-05,0.0001,0.2,1.0,0.25,0.05,lr5e-05_bs8_drop0p2_temp1p0_a0p25_b0p05__wd1e-04trmiss0_degmodglobal,39,0.6236031140599932,0.6887107491493225,0.475,0.6618371212121212,0.5384615384615384,0.0,0.4781610539981297,0.5969483256340027,0.0633034338908536,0.21657850912639073,0.0,0.0,0.0,0.0,0.0,18473,global,0.0
5,3,lr5e-05_bs8_drop0p2_temp1p0_a0p25_b0p05__wd1e-04trmiss0_degmodglobal,8,5e-05,0.0001,0.2,1.0,0.25,0.05,lr5e-05_bs8_drop0p2_temp1p0_a0p25_b0p05__wd1e-04trmiss0_degmodglobal,40,0.6070962803704398,0.6854043304920197,0.5,0.6826704545454545,0.5384615384615384,0.0,0.45901353870119366,0.5834449274199349,0.059249469744307656,0.1767794362136296,0.0,0.0,0.0,0.0,0.0,18473,global,0.0
5,3,lr5e-05_bs8_drop0p2_temp1p0_a0p25_b0p05__wd1e-04trmiss0_degmodglobal,8,5e-05,0.0001,0.2,1.0,0.25,0.05,lr5e-05_bs8_drop0p2_temp1p0_a0p25_b0p05__wd1e-04trmiss0_degmodglobal,41,0.6375571489334106,0.6858993172645569,0.475,0.6618371212121212,0.5384615384615384,0.0,0.4951135643890926,0.6121396677834647,0.05971286978040423,0.20978535924639022,0.0,0.0,0.0,0.0,0.0,18473,global,0.0
5,3,lr5e-05_bs8_drop0p2_temp2p0_a0p25_b0p05__wd1e-04trmiss0_degmodglobal,8,5e-05,0.0001,0.2,2.0,0.25,0.05,lr5e-05_bs8_drop0p2_temp2p0_a0p25_b0p05__wd1e-04trmiss0_degmodglobal,1,0.7728955234800067,0.7323469817638397,0.325,0.5311823593073592,0.23076923076923078,0.0,0.6884687542915344,0.758060233933585,0.0354180389216968,0.11961546433823449,0.0,0.0,0.0,0.0,0.0,18473,global,0.0
5,3,lr5e-05_bs8_drop0p2_temp2p0_a0p25_b0p05__wd1e-04trmiss0_degmodglobal,8,5e-05,0.0001,0.2,2.0,0.25,0.05,lr5e-05_bs8_drop0p2_temp2p0_a0p25_b0p05__wd1e-04trmiss0_degmodglobal,2,0.7473440596035549,0.7416755855083466,0.3,0.5225018037518037,0.23076923076923078,0.0,0.659978347165244,0.731925904750824,0.03615663333662918,0.1275798092995371,0.0,0.0,0.0,0.0,0.0,18473,global,0.0
5,3,lr5e-05_bs8_drop0p2_temp2p0_a0p25_b0p05__wd1e-04trmiss0_degmodglobal,8,5e-05,0.0001,0.2,2.0,0.25,0.05,lr5e-05_bs8_drop0p2_temp2p0_a0p25_b0p05__wd1e-04trmiss0_degmodglobal,3,0.7304082938602993,0.7528608739376068,0.24999999999999997,0.5046446608946609,0.23076923076923078,0.0,0.6575098889214652,0.7136013848440987,0.04430632931845529,0.11460639749254499,0.0,0.0,0.0,0.0,0.0,18473,global,0.0
5,3,lr5e-05_bs8_drop0p2_temp2p0_a0p25_b0p05__wd1e-04trmiss0_degmodglobal,8,5e-05,0.0001,0.2,2.0,0.25,0.05,lr5e-05_bs8_drop0p2_temp2p0_a0p25_b0p05__wd1e-04trmiss0_degmodglobal,4,0.7204586267471313,0.755636602640152,0.24999999999999997,0.5046446608946609,0.23076923076923078,0.0,0.6328010559082031,0.7018395577158246,0.04313199621226106,0.15672114491462708,0.0,0.0,0.0,0.0,0.0,18473,global,0.0
5,3,lr5e-05_bs8_drop0p2_temp2p0_a0p25_b0p05__wd1e-04trmiss0_degmodglobal,8,5e-05,0.0001,0.2,2.0,0.25,0.05,lr5e-05_bs8_drop0p2_temp2p0_a0p25_b0p05__wd1e-04trmiss0_degmodglobal,5,0.6927440421921867,0.7578029930591583,0.27499999999999997,0.5150613275613275,0.3076923076923077,0.0,0.6145992193903241,0.6790106211389814,0.033254695790154595,0.10839512571692467,0.0,0.0,0.0,0.0,0.0,18473,global,0.0
5,3,lr5e-05_bs8_drop0p2_temp2p0_a0p25_b0p05__wd1e-04trmiss0_degmodglobal,8,5e-05,0.0001,0.2,2.0,0.25,0.05,lr5e-05_bs8_drop0p2_temp2p0_a0p25_b0p05__wd1e-04trmiss0_degmodglobal,6,0.6870072739464896,0.7633762359619141,0.24999999999999994,0.5067279942279942,0.23076923076923078,0.0,0.613167941570282,0.6749569943972996,0.031944326258131435,0.08128406000988823,0.0,0.0,0.0,0.0,0.0,18473,global,0.0
5,3,lr5e-05_bs8_drop0p2_temp2p0_a0p25_b0p05__wd1e-04trmiss0_degmodglobal,8,5e-05,0.0001,0.2,2.0,0.25,0.05,lr5e-05_bs8_drop0p2_temp2p0_a0p25_b0p05__wd1e-04trmiss0_degmodglobal,7,0.6736684015819004,0.7796972095966339,0.27499999999999997,0.5150613275613275,0.23076923076923078,0.0,0.5963842017310006,0.6595138566834586,0.034480447215693336,0.11068885028362274,0.0,0.0,0.0,0.0,0.0,18473,global,0.0
5,3,lr5e-05_bs8_drop0p2_temp2p0_a0p25_b0p05__wd1e-04trmiss0_degmodglobal,8,5e-05,0.0001,0.2,2.0,0.25,0.05,lr5e-05_bs8_drop0p2_temp2p0_a0p25_b0p05__wd1e-04trmiss0_degmodglobal,8,0.6663711496761867,0.7732470333576202,0.24999999999999994,0.5067279942279942,0.23076923076923078,0.0,0.5916393654687064,0.6503995997565133,0.04112657931234155,0.11379812019211906,0.0,0.0,0.0,0.0,0.0,18473,global,0.0
5,3,lr5e-05_bs8_drop0p2_temp2p0_a0p25_b0p05__wd1e-04trmiss0_degmodglobal,8,5e-05,0.0001,0.2,2.0,0.25,0.05,lr5e-05_bs8_drop0p2_temp2p0_a0p25_b0p05__wd1e-04trmiss0_degmodglobal,9,0.6710770555904934,0.7694412767887115,0.24999999999999994,0.5067279942279942,0.23076923076923078,0.0,0.5824013437543597,0.6566478439739772,0.03450639572526727,0.11605220500911985,0.0,0.0,0.0,0.0,0.0,18473,global,0.0
5,3,lr5e-05_bs8_drop0p2_temp2p0_a0p25_b0p05__wd1e-04trmiss0_degmodglobal,8,5e-05,0.0001,0.2,2.0,0.25,0.05,lr5e-05_bs8_drop0p2_temp2p0_a0p25_b0p05__wd1e-04trmiss0_degmodglobal,10,0.6606038638523647,0.7703530192375183,0.24999999999999994,0.5067279942279942,0.23076923076923078,0.0,0.559352057320731,0.644699147769383,0.03867568501404354,0.12471592106989451,0.0,0.0,0.0,0.0,0.0,18473,global,0.0
5,3,lr5e-05_bs8_drop0p2_temp2p0_a0p25_b0p05__wd1e-04trmiss0_degmodglobal,8,5e-05,0.0001,0.2,2.0,0.25,0.05,lr5e-05_bs8_drop0p2_temp2p0_a0p25_b0p05__wd1e-04trmiss0_degmodglobal,11,0.6771769779069083,0.7694225311279297,0.24999999999999994,0.5067279942279942,0.23076923076923078,0.0,0.577607912676675,0.6618546502930778,0.03794586126293455,0.11671742051839828,0.0,0.0,0.0,0.0,0.0,18473,global,0.0
5,3,lr5e-05_bs8_drop0p2_temp2p0_a0p25_b0p05__wd1e-04trmiss0_degmodglobal,8,5e-05,0.0001,0.2,2.0,0.25,0.05,lr5e-05_bs8_drop0p2_temp2p0_a0p25_b0p05__wd1e-04trmiss0_degmodglobal,12,0.659636310168675,0.7700747847557068,0.22499999999999998,0.5003177378177378,0.23076923076923078,0.0,0.5646316749708993,0.6408873200416565,0.04651974620563643,0.14238100818225316,0.0,0.0,0.0,0.0,0.0,18473,global,0.0
5,3,lr5e-05_bs8_drop0p2_temp2p0_a0p25_b0p05__wd1e-04trmiss0_degmodglobal,8,5e-05,0.0001,0.2,2.0,0.25,0.05,lr5e-05_bs8_drop0p2_temp2p0_a0p25_b0p05__wd1e-04trmiss0_degmodglobal,13,0.6747131432805743,0.7688203155994415,0.24999999999999997,0.5086510711510711,0.23076923076923078,0.0,0.560563155582973,0.6571349842207772,0.042819761271987646,0.13746438707624162,0.0,0.0,0.0,0.0,0.0,18473,global,0.0
5,3,lr5e-05_bs8_drop0p2_temp2p0_a0p25_b0p05__wd1e-04trmiss0_degmodglobal,8,5e-05,0.0001,0.2,2.0,0.25,0.05,lr5e-05_bs8_drop0p2_temp2p0_a0p25_b0p05__wd1e-04trmiss0_degmodglobal,14,0.6671122227396283,0.7765977382659912,0.19999999999999996,0.49368894993895,0.23076923076923078,0.0,0.5476799181529454,0.6440933687346322,0.05384062070931707,0.19117412929024016,0.0,0.0,0.0,0.0,0.0,18473,global,0.0
5,3,lr5e-05_bs8_drop0p2_temp2p0_a0p25_b0p05__wd1e-04trmiss0_degmodglobal,8,5e-05,0.0001,0.2,2.0,0.25,0.05,lr5e-05_bs8_drop0p2_temp2p0_a0p25_b0p05__wd1e-04trmiss0_degmodglobal,15,0.6680115120751517,0.7791776955127716,0.19999999999999996,0.49368894993895,0.23076923076923078,0.0,0.5516767246382577,0.6497524465833392,0.0454617834516934,0.1378724170582635,0.0,0.0,0.0,0.0,0.0,18473,global,0.0
5,3,lr5e-05_bs8_drop0p2_temp2p0_a0p25_b0p05__wd1e-04trmiss0_degmodglobal,8,5e-05,0.0001,0.2,2.0,0.25,0.05,lr5e-05_bs8_drop0p2_temp2p0_a0p25_b0p05__wd1e-04trmiss0_degmodglobal,16,0.6256726554461888,0.7833800315856934,0.175,0.4868707681207682,0.23076923076923078,0.0,0.5518700310162136,0.6069781609943935,0.049340631280626567,0.12718658787863596,0.0,0.0,0.0,0.0,0.0,18473,global,0.0
5,3,lr5e-05_bs8_drop0p2_temp2p0_a0p25_b0p05__wd1e-04trmiss0_degmodglobal,8,5e-05,0.0001,0.2,2.0,0.25,0.05,lr5e-05_bs8_drop0p2_temp2p0_a0p25_b0p05__wd1e-04trmiss0_degmodglobal,17,0.6499126638684954,0.7839608788490295,0.14999999999999997,0.4799263236763237,0.23076923076923078,0.0,0.5692118576594761,0.6309490374156407,0.04412564981196608,0.15864412167242595,0.0,0.0,0.0,0.0,0.0,18473,global,0.0
5,3,lr5e-05_bs8_drop0p2_temp2p0_a0p25_b0p05__wd1e-04trmiss0_degmodglobal,8,5e-05,0.0001,0.2,2.0,0.25,0.05,lr5e-05_bs8_drop0p2_temp2p0_a0p25_b0p05__wd1e-04trmiss0_degmodglobal,18,0.6674578785896301,0.7777701020240784,0.14999999999999997,0.4799263236763237,0.23076923076923078,0.0,0.5561601519584656,0.6479147587503705,0.04313512997967856,0.1751867937190192,0.0,0.0,0.0,0.0,0.0,18473,global,0.0
5,3,lr5e-05_bs8_drop0p2_temp2p0_a0p25_b0p05__wd1e-04trmiss0_degmodglobal,8,5e-05,0.0001,0.2,2.0,0.25,0.05,lr5e-05_bs8_drop0p2_temp2p0_a0p25_b0p05__wd1e-04trmiss0_degmodglobal,19,0.6546893034662519,0.7744657099246979,0.225,0.5061167998667999,0.23076923076923078,0.0,0.5587216743401119,0.6364969270569938,0.043123387332473485,0.14823045900889806,0.0,0.0,0.0,0.0,0.0,18473,global,0.0
5,3,lr5e-05_bs8_drop0p2_temp2p0_a0p25_b0p05__wd1e-04trmiss0_degmodglobal,8,5e-05,0.0001,0.2,2.0,0.25,0.05,lr5e-05_bs8_drop0p2_temp2p0_a0p25_b0p05__wd1e-04trmiss0_degmodglobal,20,0.664034732750484,0.7745335698127747,0.25,0.5186167998667999,0.23076923076923078,0.0,0.5398760182516915,0.644218521458762,0.04518538846501282,0.17039714115006582,0.0,0.0,0.0,0.0,0.0,18473,global,0.0
5,3,lr5e-05_bs8_drop0p2_temp2p0_a0p25_b0p05__wd1e-04trmiss0_degmodglobal,8,5e-05,0.0001,0.2,2.0,0.25,0.05,lr5e-05_bs8_drop0p2_temp2p0_a0p25_b0p05__wd1e-04trmiss0_degmodglobal,21,0.6461379613195147,0.7714885175228119,0.22499999999999998,0.5096882284382285,0.23076923076923078,0.0,0.5223829916545323,0.6213949918746948,0.058914447469370704,0.20028742934976304,0.0,0.0,0.0,0.0,0.0,18473,global,0.0
5,3,lr5e-05_bs8_drop0p2_temp2p0_a0p25_b0p05__wd1e-04trmiss0_degmodglobal,8,5e-05,0.0001,0.2,2.0,0.25,0.05,lr5e-05_bs8_drop0p2_temp2p0_a0p25_b0p05__wd1e-04trmiss0_degmodglobal,22,0.6664126004491534,0.7810074388980865,0.22499999999999998,0.5096882284382285,0.23076923076923078,0.0,0.540941664150783,0.6414735317230225,0.05989901029637882,0.1992860095841544,0.0,0.0,0.0,0.0,0.0,18473,global,0.0
5,3,lr5e-05_bs8_drop0p2_temp2p0_a0p25_b0p05__wd1e-04trmiss0_degmodglobal,8,5e-05,0.0001,0.2,2.0,0.25,0.05,lr5e-05_bs8_drop0p2_temp2p0_a0p25_b0p05__wd1e-04trmiss0_degmodglobal,23,0.6318369933537075,0.7804757058620453,0.22499999999999998,0.5096882284382285,0.23076923076923078,0.0,0.5063713661261967,0.6115573644638062,0.04769880111728396,0.16709870100021362,0.0,0.0,0.0,0.0,0.0,18473,global,0.0
5,3,lr5e-05_bs8_drop0p2_temp2p0_a0p25_b0p05__wd1e-04trmiss0_degmodglobal,8,5e-05,0.0001,0.2,2.0,0.25,0.05,lr5e-05_bs8_drop0p2_temp2p0_a0p25_b0p05__wd1e-04trmiss0_degmodglobal,24,0.655535135950361,0.7825246751308441,0.19999999999999998,0.49718822843822846,0.23076923076923078,0.0,0.5120412111282349,0.6255495633397784,0.06760254129767418,0.26169868452208384,0.0,0.0,0.0,0.0,0.0,18473,global,0.0
5,3,lr5e-05_bs8_drop0p2_temp2p0_a0p25_b0p05__wd1e-04trmiss0_degmodglobal,8,5e-05,0.0001,0.2,2.0,0.25,0.05,lr5e-05_bs8_drop0p2_temp2p0_a0p25_b0p05__wd1e-04trmiss0_degmodglobal,25,0.6341750366347176,0.7833910584449768,0.19999999999999998,0.49718822843822846,0.23076923076923078,0.0,0.5014306008815765,0.6085319689341954,0.061593230813741684,0.20489533032689775,0.0,0.0,0.0,0.0,0.0,18473,global,0.0
5,3,lr5e-05_bs8_drop0p4_temp1p0_a0p25_b0p05__wd1e-04trmiss0_degmodglobal,8,5e-05,0.0001,0.4,1.0,0.25,0.05,lr5e-05_bs8_drop0p4_temp1p0_a0p25_b0p05__wd1e-04trmiss0_degmodglobal,1,0.745066932269505,0.6893942356109619,0.7,0.729301948051948,0.38461538461538464,0.0,0.6783467701503209,0.7246897901807513,0.05089596871818815,0.1530631354876927,0.0,0.0,0.0,0.0,0.0,18473,global,0.0
5,3,lr5e-05_bs8_drop0p4_temp1p0_a0p25_b0p05__wd1e-04trmiss0_degmodglobal,8,5e-05,0.0001,0.4,1.0,0.25,0.05,lr5e-05_bs8_drop0p4_temp1p0_a0p25_b0p05__wd1e-04trmiss0_degmodglobal,2,0.7441038233893258,0.6969540417194366,0.55,0.6343614718614718,0.38461538461538464,0.0,0.6564321688243321,0.710539698600769,0.0765749519424779,0.2884078717657498,0.0,0.0,0.0,0.0,0.0,18473,global,0.0
5,3,lr5e-05_bs8_drop0p4_temp1p0_a0p25_b0p05__wd1e-04trmiss0_degmodglobal,8,5e-05,0.0001,0.4,1.0,0.25,0.05,lr5e-05_bs8_drop0p4_temp1p0_a0p25_b0p05__wd1e-04trmiss0_degmodglobal,3,0.7157677497182574,0.7055673897266388,0.5,0.6023674242424242,0.23076923076923078,0.0,0.6314094322068351,0.6904104351997375,0.05394896279488291,0.23740113845893315,0.0,0.0,0.0,0.0,0.0,18473,global,0.0
5,3,lr5e-05_bs8_drop0p4_temp1p0_a0p25_b0p05__wd1e-04trmiss0_degmodglobal,8,5e-05,0.0001,0.4,1.0,0.25,0.05,lr5e-05_bs8_drop0p4_temp1p0_a0p25_b0p05__wd1e-04trmiss0_degmodglobal,4,0.6821816904204232,0.7091160118579865,0.5,0.6023674242424242,0.23076923076923078,0.0,0.636754972594125,0.6555367878505162,0.06753448609794889,0.19522549424852645,0.0,0.0,0.0,0.0,0.0,18473,global,0.0
5,3,lr5e-05_bs8_drop0p4_temp1p0_a0p25_b0p05__wd1e-04trmiss0_degmodglobal,8,5e-05,0.0001,0.4,1.0,0.25,0.05,lr5e-05_bs8_drop0p4_temp1p0_a0p25_b0p05__wd1e-04trmiss0_degmodglobal,5,0.6811085173061916,0.715776801109314,0.5,0.6023674242424242,0.23076923076923078,0.0,0.6359985385622297,0.6537842324801854,0.06487147616488594,0.22212869780404226,0.0,0.0,0.0,0.0,0.0,18473,global,0.0
5,3,lr5e-05_bs8_drop0p4_temp1p0_a0p25_b0p05__wd1e-04trmiss0_degmodglobal,8,5e-05,0.0001,0.4,1.0,0.25,0.05,lr5e-05_bs8_drop0p4_temp1p0_a0p25_b0p05__wd1e-04trmiss0_degmodglobal,6,0.6782949566841125,0.7185193002223969,0.475,0.5904626623376622,0.23076923076923078,0.0,0.5794744832175118,0.6514899986130851,0.0652374540056501,0.20991185839687074,0.0,0.0,0.0,0.0,0.0,18473,global,0.0
5,3,lr5e-05_bs8_drop0p4_temp1p0_a0p25_b0p05__wd1e-04trmiss0_degmodglobal,8,5e-05,0.0001,0.4,1.0,0.25,0.05,lr5e-05_bs8_drop0p4_temp1p0_a0p25_b0p05__wd1e-04trmiss0_degmodglobal,7,0.6650100946426392,0.7220680415630341,0.44999999999999996,0.5828869047619046,0.23076923076923078,0.0,0.5931066870689392,0.6418280175754002,0.052216949207442145,0.2025570912020547,0.0,0.0,0.0,0.0,0.0,18473,global,0.0
5,3,lr5e-05_bs8_drop0p4_temp1p0_a0p25_b0p05__wd1e-04trmiss0_degmodglobal,8,5e-05,0.0001,0.4,1.0,0.25,0.05,lr5e-05_bs8_drop0p4_temp1p0_a0p25_b0p05__wd1e-04trmiss0_degmodglobal,8,0.6409774167197091,0.7273468971252441,0.44999999999999996,0.5828869047619046,0.23076923076923078,0.0,0.5930995430265155,0.6147299579211644,0.06201547118169921,0.21487184188195638,0.0,0.0,0.0,0.0,0.0,18473,global,0.0
5,3,lr5e-05_bs8_drop0p4_temp1p0_a0p25_b0p05__wd1e-04trmiss0_degmodglobal,8,5e-05,0.0001,0.4,1.0,0.25,0.05,lr5e-05_bs8_drop0p4_temp1p0_a0p25_b0p05__wd1e-04trmiss0_degmodglobal,9,0.674628564289638,0.7215991318225861,0.5,0.6084145021645021,0.23076923076923078,0.0,0.6240386537143162,0.6458107488495963,0.06377353173281465,0.2574888254914965,0.0,0.0,0.0,0.0,0.0,18473,global,0.0
5,3,lr5e-05_bs8_drop0p4_temp1p0_a0p25_b0p05__wd1e-04trmiss0_degmodglobal,8,5e-05,0.0001,0.4,1.0,0.25,0.05,lr5e-05_bs8_drop0p4_temp1p0_a0p25_b0p05__wd1e-04trmiss0_degmodglobal,10,0.6904958486557007,0.7267554104328156,0.475,0.5979978354978354,0.23076923076923078,0.0,0.5664976579802377,0.6594793966838292,0.06836691871285439,0.278494479400771,0.0,0.0,0.0,0.0,0.0,18473,global,0.0
5,3,lr5e-05_bs8_drop0p4_temp1p0_a0p25_b0p05__wd1e-04trmiss0_degmodglobal,8,5e-05,0.0001,0.4,1.0,0.25,0.05,lr5e-05_bs8_drop0p4_temp1p0_a0p25_b0p05__wd1e-04trmiss0_degmodglobal,11,0.619754535811288,0.7314300239086151,0.44999999999999996,0.5868371212121212,0.23076923076923078,0.0,0.578379920550755,0.5984925372259957,0.05355324702603476,0.15747363013880594,0.0,0.0,0.0,0.0,0.0,18473,global,0.0
5,3,lr5e-05_bs8_drop0p4_temp1p0_a0p25_b0p05__wd1e-04trmiss0_degmodglobal,8,5e-05,0.0001,0.4,1.0,0.25,0.05,lr5e-05_bs8_drop0p4_temp1p0_a0p25_b0p05__wd1e-04trmiss0_degmodglobal,12,0.5897342222077506,0.7380349338054657,0.425,0.5785037878787879,0.23076923076923078,0.0,0.5555846691131592,0.5617160541670663,0.06763393431901932,0.22219362429210118,0.0,0.0,0.0,0.0,0.0,18473,global,0.0
5,3,lr5e-05_bs8_drop0p4_temp1p0_a0p25_b0p05__wd1e-04trmiss0_degmodglobal,8,5e-05,0.0001,0.4,1.0,0.25,0.05,lr5e-05_bs8_drop0p4_temp1p0_a0p25_b0p05__wd1e-04trmiss0_degmodglobal,13,0.6321530767849514,0.732453316450119,0.44999999999999996,0.5868371212121212,0.23076923076923078,0.0,0.5952836700848171,0.6069486481802804,0.058705248470817296,0.21056224086454936,0.0,0.0,0.0,0.0,0.0,18473,global,0.0
5,3,lr5e-05_bs8_drop0p4_temp1p0_a0p25_b0p05__wd1e-04trmiss0_degmodglobal,8,5e-05,0.0001,0.4,1.0,0.25,0.05,lr5e-05_bs8_drop0p4_temp1p0_a0p25_b0p05__wd1e-04trmiss0_degmodglobal,14,0.6449011223656791,0.7346467673778534,0.425,0.5785037878787879,0.23076923076923078,0.0,0.5904725023678371,0.6181165746280125,0.059801093701805384,0.23668549742017472,0.0,0.0,0.0,0.0,0.0,18473,global,0.0
5,3,lr5e-05_bs8_drop0p4_temp1p0_a0p25_b0p05__wd1e-04trmiss0_degmodglobal,8,5e-05,0.0001,0.4,1.0,0.25,0.05,lr5e-05_bs8_drop0p4_temp1p0_a0p25_b0p05__wd1e-04trmiss0_degmodglobal,15,0.6250200527054923,0.7305555939674377,0.39999999999999997,0.5698232323232323,0.3076923076923077,0.0,0.5769790410995483,0.5954391700880868,0.07282114720770291,0.2275118444647108,0.0,0.0,0.0,0.0,0.0,18473,global,0.0
5,3,lr5e-05_bs8_drop0p4_temp1p0_a0p25_b0p05__wd1e-04trmiss0_degmodglobal,8,5e-05,0.0001,0.4,1.0,0.25,0.05,lr5e-05_bs8_drop0p4_temp1p0_a0p25_b0p05__wd1e-04trmiss0_degmodglobal,16,0.601331387247358,0.729065328836441,0.39999999999999997,0.5698232323232323,0.3076923076923077,0.0,0.5127529161317008,0.573067877973829,0.06578359752893448,0.23635243943759374,0.0,0.0,0.0,0.0,0.0,18473,global,0.0
5,3,lr5e-05_bs8_drop0p4_temp1p0_a0p25_b0p05__wd1e-04trmiss0_degmodglobal,8,5e-05,0.0001,0.4,1.0,0.25,0.05,lr5e-05_bs8_drop0p4_temp1p0_a0p25_b0p05__wd1e-04trmiss0_degmodglobal,17,0.5948198352541242,0.7334409654140472,0.39999999999999997,0.5698232323232323,0.3076923076923077,0.0,0.5476211352007729,0.5643593200615474,0.07564709761313029,0.23097471679959977,0.0,0.0,0.0,0.0,0.0,18473,global,0.0
5,3,lr5e-05_bs8_drop0p4_temp1p0_a0p25_b0p05__wd1e-04trmiss0_degmodglobal,8,5e-05,0.0001,0.4,1.0,0.25,0.05,lr5e-05_bs8_drop0p4_temp1p0_a0p25_b0p05__wd1e-04trmiss0_degmodglobal,18,0.6091872113091605,0.7355329096317291,0.39999999999999997,0.5698232323232323,0.3076923076923077,0.0,0.5660322308540344,0.580374709197453,0.07130709663033485,0.2197144946881703,0.0,0.0,0.0,0.0,0.0,18473,global,0.0
5,3,lr5e-05_bs8_drop0p4_temp1p0_a0p25_b0p05__wd1e-04trmiss0_degmodglobal,8,5e-05,0.0001,0.4,1.0,0.25,0.05,lr5e-05_bs8_drop0p4_temp1p0_a0p25_b0p05__wd1e-04trmiss0_degmodglobal,19,0.6116621920040676,0.7381563186645508,0.39999999999999997,0.5698232323232323,0.3076923076923077,0.0,0.5457036708082471,0.5860103794506618,0.0624147823878697,0.2009622667516981,0.0,0.0,0.0,0.0,0.0,18473,global,0.0
5,3,lr5e-05_bs8_drop0p4_temp1p0_a0p25_b0p05__wd1e-04trmiss0_degmodglobal,8,5e-05,0.0001,0.4,1.0,0.25,0.05,lr5e-05_bs8_drop0p4_temp1p0_a0p25_b0p05__wd1e-04trmiss0_degmodglobal,20,0.6174352509634835,0.7413879930973053,0.425,0.5785037878787879,0.3076923076923077,0.0,0.5413203282015664,0.5899281672069004,0.06846892833709717,0.20779709943703242,0.0,0.0,0.0,0.0,0.0,18473,global,0.0
5,3,lr5e-05_bs8_drop0p4_temp1p0_a0p25_b0p05__wd1e-04trmiss0_degmodglobal,8,5e-05,0.0001,0.4,1.0,0.25,0.05,lr5e-05_bs8_drop0p4_temp1p0_a0p25_b0p05__wd1e-04trmiss0_degmodglobal,21,0.5946848051888602,0.7461745142936707,0.44999999999999996,0.5868371212121212,0.23076923076923078,0.0,0.5498324377196175,0.5696023319448743,0.06257202476263046,0.1887891526733126,0.0,0.0,0.0,0.0,0.0,18473,global,0.0
5,3,lr5e-05_bs8_drop0p4_temp1p0_a0p25_b0p05__wd1e-04trmiss0_degmodglobal,8,5e-05,0.0001,0.4,1.0,0.25,0.05,lr5e-05_bs8_drop0p4_temp1p0_a0p25_b0p05__wd1e-04trmiss0_degmodglobal,22,0.5892388820648193,0.7490930557250977,0.44999999999999996,0.5868371212121212,0.23076923076923078,0.0,0.5242778871740613,0.5529816831861224,0.08096482924052648,0.3203196291412626,0.0,0.0,0.0,0.0,0.0,18473,global,0.0
5,3,lr5e-05_bs8_drop0p4_temp1p0_a0p25_b0p05__wd1e-04trmiss0_degmodglobal,8,5e-05,0.0001,0.4,1.0,0.25,0.05,lr5e-05_bs8_drop0p4_temp1p0_a0p25_b0p05__wd1e-04trmiss0_degmodglobal,23,0.6260260258402143,0.7547627687454224,0.44999999999999996,0.5868371212121212,0.23076923076923078,0.0,0.5461527023996625,0.5818515888282231,0.10243436960237366,0.37131706891315325,0.0,0.0,0.0,0.0,0.0,18473,global,0.0
5,3,lr5e-05_bs8_drop0p4_temp1p0_a0p25_b0p05__wd1e-04trmiss0_degmodglobal,8,5e-05,0.0001,0.4,1.0,0.25,0.05,lr5e-05_bs8_drop0p4_temp1p0_a0p25_b0p05__wd1e-04trmiss0_degmodglobal,24,0.6629033088684082,0.7557888329029083,0.44999999999999996,0.5868371212121212,0.23076923076923078,0.0,0.5870152797017779,0.6330257398741586,0.07345924898982048,0.23025496623345784,0.0,0.0,0.0,0.0,0.0,18473,global,0.0
5,3,lr5e-05_bs8_drop0p4_temp1p0_a0p25_b0p05__wd1e-04trmiss0_degmodglobal,8,5e-05,0.0001,0.4,1.0,0.25,0.05,lr5e-05_bs8_drop0p4_temp1p0_a0p25_b0p05__wd1e-04trmiss0_degmodglobal,25,0.584883085318974,0.7548623383045197,0.44999999999999996,0.5868371212121212,0.23076923076923078,0.0,0.5327277907303402,0.5533283139978137,0.08361124353749412,0.21303907249655044,0.0,0.0,0.0,0.0,0.0,18473,global,0.0
5,3,lr5e-05_bs8_drop0p4_temp2p0_a0p25_b0p05__wd1e-04trmiss0_degmodglobal,8,5e-05,0.0001,0.4,2.0,0.25,0.05,lr5e-05_bs8_drop0p4_temp2p0_a0p25_b0p05__wd1e-04trmiss0_degmodglobal,1,0.740433122430529,0.7069801390171051,0.375,0.5474702380952381,0.15384615384615385,0.0,0.7278253436088562,0.7214286582810538,0.051208432763814926,0.12404729851654597,0.0,0.0,0.0,0.0,0.0,18473,global,0.0
5,3,lr5e-05_bs8_drop0p4_temp2p0_a0p25_b0p05__wd1e-04trmiss0_degmodglobal,8,5e-05,0.0001,0.4,2.0,0.25,0.05,lr5e-05_bs8_drop0p4_temp2p0_a0p25_b0p05__wd1e-04trmiss0_degmodglobal,2,0.7029910343033927,0.7139280736446381,0.35,0.5395156926406927,0.15384615384615385,0.0,0.6940731576510838,0.6867549845150539,0.04176498976136957,0.11589649745396205,0.0,0.0,0.0,0.0,0.0,18473,global,0.0
5,3,lr5e-05_bs8_drop0p4_temp2p0_a0p25_b0p05__wd1e-04trmiss0_degmodglobal,8,5e-05,0.0001,0.4,2.0,0.25,0.05,lr5e-05_bs8_drop0p4_temp2p0_a0p25_b0p05__wd1e-04trmiss0_degmodglobal,3,0.7114064863749913,0.7192115783691406,0.3,0.5225018037518037,0.15384615384615385,0.0,0.6851783820561,0.6915112222943988,0.05192564534289496,0.13827669301203319,0.0,0.0,0.0,0.0,0.0,18473,global,0.0
5,3,lr5e-05_bs8_drop0p4_temp2p0_a0p25_b0p05__wd1e-04trmiss0_degmodglobal,8,5e-05,0.0001,0.4,2.0,0.25,0.05,lr5e-05_bs8_drop0p4_temp2p0_a0p25_b0p05__wd1e-04trmiss0_degmodglobal,4,0.6976544516427177,0.7184866070747375,0.325,0.5311823593073592,0.15384615384615385,0.0,0.6665281738553729,0.6852478725569588,0.03270985877939633,0.08458196318575315,0.0,0.0,0.0,0.0,0.0,18473,global,0.0
5,3,lr5e-05_bs8_drop0p4_temp2p0_a0p25_b0p05__wd1e-04trmiss0_degmodglobal,8,5e-05,0.0001,0.4,2.0,0.25,0.05,lr5e-05_bs8_drop0p4_temp2p0_a0p25_b0p05__wd1e-04trmiss0_degmodglobal,5,0.6581126366342817,0.7157652676105499,0.3,0.5225018037518037,0.15384615384615385,0.0,0.6486913221223014,0.6357030953679766,0.061801990760224204,0.13918061554431915,0.0,0.0,0.0,0.0,0.0,18473,global,0.0
5,3,lr5e-05_bs8_drop0p4_temp2p0_a0p25_b0p05__wd1e-04trmiss0_degmodglobal,8,5e-05,0.0001,0.4,2.0,0.25,0.05,lr5e-05_bs8_drop0p4_temp2p0_a0p25_b0p05__wd1e-04trmiss0_degmodglobal,6,0.6383064729826791,0.7244682908058167,0.19999999999999996,0.4900613275613276,0.23076923076923078,0.0,0.6063154595238822,0.6228696789060321,0.044544217841965814,0.08601449855736323,0.0,0.0,0.0,0.0,0.0,18473,global,0.0
5,3,lr5e-05_bs8_drop0p4_temp2p0_a0p25_b0p05__wd1e-04trmiss0_degmodglobal,8,5e-05,0.0001,0.4,2.0,0.25,0.05,lr5e-05_bs8_drop0p4_temp2p0_a0p25_b0p05__wd1e-04trmiss0_degmodglobal,7,0.6894164255687169,0.7459895014762878,0.27499999999999997,0.5135732323232323,0.15384615384615385,0.0,0.6073515244892665,0.6705326097352164,0.05063701580677714,0.12449113332799502,0.0,0.0,0.0,0.0,0.0,18473,global,0.0
5,3,lr5e-05_bs8_drop0p4_temp2p0_a0p25_b0p05__wd1e-04trmiss0_degmodglobal,8,5e-05,0.0001,0.4,2.0,0.25,0.05,lr5e-05_bs8_drop0p4_temp2p0_a0p25_b0p05__wd1e-04trmiss0_degmodglobal,8,0.6553868140493121,0.744194895029068,0.22499999999999998,0.49631132756132756,0.3076923076923077,0.0,0.6018155557768685,0.6376350181443351,0.046499018158231466,0.12254065088927746,0.0,0.0,0.0,0.0,0.0,18473,global,0.0
5,3,lr5e-05_bs8_drop0p4_temp2p0_a0p25_b0p05__wd1e-04trmiss0_degmodglobal,8,5e-05,0.0001,0.4,2.0,0.25,0.05,lr5e-05_bs8_drop0p4_temp2p0_a0p25_b0p05__wd1e-04trmiss0_degmodglobal,9,0.6693504452705383,0.7392160296440125,0.22499999999999998,0.49631132756132756,0.3076923076923077,0.0,0.59519909960883,0.6467623455183846,0.05956174433231354,0.1539532659309251,0.0,0.0,0.0,0.0,0.0,18473,global,0.0
5,3,lr5e-05_bs8_drop0p4_temp2p0_a0p25_b0p05__wd1e-04trmiss0_degmodglobal,8,5e-05,0.0001,0.4,2.0,0.25,0.05,lr5e-05_bs8_drop0p4_temp2p0_a0p25_b0p05__wd1e-04trmiss0_degmodglobal,10,0.6671655859266009,0.7358559668064117,0.22499999999999998,0.49631132756132756,0.3076923076923077,0.0,0.5948634488242013,0.6501973271369934,0.04447433432298047,0.11699302813836507,0.0,0.0,0.0,0.0,0.0,18473,global,0.0
5,3,lr5e-05_bs8_drop0p4_temp2p0_a0p25_b0p05__wd1e-04trmiss0_degmodglobal,8,5e-05,0.0001,0.4,2.0,0.25,0.05,lr5e-05_bs8_drop0p4_temp2p0_a0p25_b0p05__wd1e-04trmiss0_degmodglobal,11,0.6364187342779977,0.7366423606872559,0.22499999999999998,0.49631132756132756,0.23076923076923078,0.0,0.5773080800260816,0.6166782549449376,0.050218118620770316,0.14371929530586516,0.0,0.0,0.0,0.0,0.0,18473,global,0.0
5,3,lr5e-05_bs8_drop0p4_temp2p0_a0p25_b0p05__wd1e-04trmiss0_degmodglobal,8,5e-05,0.0001,0.4,2.0,0.25,0.05,lr5e-05_bs8_drop0p4_temp2p0_a0p25_b0p05__wd1e-04trmiss0_degmodglobal,12,0.6179565020969936,0.7307713627815247,0.24999999999999997,0.5046446608946609,0.15384615384615385,0.0,0.6105916925839016,0.600145297391074,0.04491372619356428,0.13165523005383356,0.0,0.0,0.0,0.0,0.0,18473,global,0.0
5,3,lr5e-05_bs8_drop0p4_temp2p0_a0p25_b0p05__wd1e-04trmiss0_degmodglobal,8,5e-05,0.0001,0.4,2.0,0.25,0.05,lr5e-05_bs8_drop0p4_temp2p0_a0p25_b0p05__wd1e-04trmiss0_degmodglobal,13,0.6276332821164813,0.7287542819976807,0.27499999999999997,0.5135732323232323,0.23076923076923078,0.0,0.5737168874059405,0.6118936623845782,0.04283178384814944,0.10063349535422665,0.0,0.0,0.0,0.0,0.0,18473,global,0.0
5,3,lr5e-05_bs8_drop0p4_temp2p0_a0p25_b0p05__wd1e-04trmiss0_degmodglobal,8,5e-05,0.0001,0.4,2.0,0.25,0.05,lr5e-05_bs8_drop0p4_temp2p0_a0p25_b0p05__wd1e-04trmiss0_degmodglobal,14,0.6265353645597186,0.7286176681518555,0.27499999999999997,0.5135732323232323,0.23076923076923078,0.0,0.5964764101164681,0.606750990663256,0.05316999873944691,0.1298372969031334,0.0,0.0,0.0,0.0,0.0,18473,global,0.0
5,3,lr5e-05_bs8_drop0p4_temp2p0_a0p25_b0p05__wd1e-04trmiss0_degmodglobal,8,5e-05,0.0001,0.4,2.0,0.25,0.05,lr5e-05_bs8_drop0p4_temp2p0_a0p25_b0p05__wd1e-04trmiss0_degmodglobal,15,0.6108345559665135,0.7273179292678833,0.27499999999999997,0.5135732323232323,0.23076923076923078,0.0,0.5450736965451922,0.5902376898697445,0.055191307195595334,0.13598117711288588,0.0,0.0,0.0,0.0,0.0,18473,global,0.0
5,3,lr5e-05_bs8_drop0p4_temp2p0_a0p25_b0p05__wd1e-04trmiss0_degmodglobal,8,5e-05,0.0001,0.4,2.0,0.25,0.05,lr5e-05_bs8_drop0p4_temp2p0_a0p25_b0p05__wd1e-04trmiss0_degmodglobal,16,0.6196344835417611,0.727027177810669,0.27499999999999997,0.5135732323232323,0.15384615384615385,0.0,0.5619626641273499,0.5998675056866237,0.05409492099923747,0.1248650172991412,0.0,0.0,0.0,0.0,0.0,18473,global,0.0
5,3,lr5e-05_bs8_drop0p4_temp2p0_a0p25_b0p05__wd1e-04trmiss0_degmodglobal,8,5e-05,0.0001,0.4,2.0,0.25,0.05,lr5e-05_bs8_drop0p4_temp2p0_a0p25_b0p05__wd1e-04trmiss0_degmodglobal,17,0.6418174164635795,0.7309489846229553,0.27499999999999997,0.5135732323232323,0.15384615384615385,0.0,0.5521392141069684,0.618591981274741,0.055678256920405796,0.18611773422786168,0.0,0.0,0.0,0.0,0.0,18473,global,0.0
5,3,lr5e-05_bs8_drop0p4_temp2p0_a0p25_b0p05__wd1e-04trmiss0_degmodglobal,8,5e-05,0.0001,0.4,2.0,0.25,0.05,lr5e-05_bs8_drop0p4_temp2p0_a0p25_b0p05__wd1e-04trmiss0_degmodglobal,18,0.6148813366889954,0.7321866750717163,0.27499999999999997,0.5135732323232323,0.15384615384615385,0.0,0.5570784424032483,0.5958901473454067,0.054586258849927356,0.10689294710755348,0.0,0.0,0.0,0.0,0.0,18473,global,0.0
5,3,lr5e-05_bs8_drop0p4_temp2p0_a0p25_b0p05__wd1e-04trmiss0_degmodglobal,8,5e-05,0.0001,0.4,2.0,0.25,0.05,lr5e-05_bs8_drop0p4_temp2p0_a0p25_b0p05__wd1e-04trmiss0_degmodglobal,19,0.6319673487118312,0.7238934338092804,0.3,0.5225018037518037,0.15384615384615385,0.0,0.563853246825082,0.6088362251009259,0.06234361071671758,0.15090468100139073,0.0,0.0,0.0,0.0,0.0,18473,global,0.0
5,3,lr5e-05_bs8_drop0p4_temp2p0_a0p25_b0p05__wd1e-04trmiss0_degmodglobal,8,5e-05,0.0001,0.4,2.0,0.25,0.05,lr5e-05_bs8_drop0p4_temp2p0_a0p25_b0p05__wd1e-04trmiss0_degmodglobal,20,0.6668851886476789,0.7266561388969421,0.27499999999999997,0.5135732323232323,0.15384615384615385,0.0,0.5952854752540588,0.6365108404840741,0.08062812499701977,0.20434636835541045,0.0,0.0,0.0,0.0,0.0,18473,global,0.0
5,3,lr5e-05_bs8_drop0p4_temp2p0_a0p25_b0p05__wd1e-04trmiss0_degmodglobal,8,5e-05,0.0001,0.4,2.0,0.25,0.05,lr5e-05_bs8_drop0p4_temp2p0_a0p25_b0p05__wd1e-04trmiss0_degmodglobal,21,0.637796802180154,0.7264920175075531,0.27499999999999997,0.5135732323232323,0.15384615384615385,0.0,0.55097325359072,0.6138998525483268,0.06110546072678907,0.1724114226443427,0.0,0.0,0.0,0.0,0.0,18473,global,0.0
5,3,lr5e-05_bs8_drop0p4_temp2p0_a0p25_b0p05__wd1e-04trmiss0_degmodglobal,8,5e-05,0.0001,0.4,2.0,0.25,0.05,lr5e-05_bs8_drop0p4_temp2p0_a0p25_b0p05__wd1e-04trmiss0_degmodglobal,22,0.6179592609405518,0.7244502902030945,0.27499999999999997,0.5135732323232323,0.15384615384615385,0.0,0.5666413222040448,0.5986716662134443,0.053531120398214886,0.11809624146137919,0.0,0.0,0.0,0.0,0.0,18473,global,0.0
5,3,lr5e-05_bs8_drop0p4_temp2p0_a0p25_b0p05__wd1e-04trmiss0_degmodglobal,8,5e-05,0.0001,0.4,2.0,0.25,0.05,lr5e-05_bs8_drop0p4_temp2p0_a0p25_b0p05__wd1e-04trmiss0_degmodglobal,23,0.6208215185574123,0.7264195382595062,0.27499999999999997,0.5135732323232323,0.15384615384615385,0.0,0.5547698991639274,0.6031549147197178,0.048067518909062655,0.112994768257652,0.0,0.0,0.0,0.0,0.0,18473,global,0.0
5,3,lr5e-05_bs8_drop0p4_temp2p0_a0p25_b0p05__wd1e-04trmiss0_degmodglobal,8,5e-05,0.0001,0.4,2.0,0.25,0.05,lr5e-05_bs8_drop0p4_temp2p0_a0p25_b0p05__wd1e-04trmiss0_degmodglobal,24,0.6202749013900757,0.7267035245895386,0.27499999999999997,0.5135732323232323,0.23076923076923078,0.0,0.5573055957044873,0.5961645501000541,0.06031815228717668,0.18061651289463043,0.0,0.0,0.0,0.0,0.0,18473,global,0.0
5,3,lr5e-05_bs8_drop0p4_temp2p0_a0p25_b0p05__wd1e-04trmiss0_degmodglobal,8,5e-05,0.0001,0.4,2.0,0.25,0.05,lr5e-05_bs8_drop0p4_temp2p0_a0p25_b0p05__wd1e-04trmiss0_degmodglobal,25,0.6027390147958483,0.7261659502983093,0.27499999999999997,0.5135732323232323,0.23076923076923078,0.0,0.5757813879421779,0.5806847299848285,0.06183946239096778,0.13188863971403667,0.0,0.0,0.0,0.0,0.0,18473,global,0.0
5,3,lr1e-05_bs8_drop0p2_temp1p0_a0p25_b0p05__wd1e-04trmiss0_degmodglobal,8,1e-05,0.0001,0.2,1.0,0.25,0.05,lr1e-05_bs8_drop0p2_temp1p0_a0p25_b0p05__wd1e-04trmiss0_degmodglobal,1,0.6959933979170663,0.6959440410137177,0.425,0.6577266483516484,0.46153846153846156,0.0,0.6687325154032026,0.6731769357408796,0.06753779468791825,0.11864028977496284,0.0,0.0,0.0,0.0,0.0,18473,global,0.0
5,3,lr1e-05_bs8_drop0p2_temp1p0_a0p25_b0p05__wd1e-04trmiss0_degmodglobal,8,1e-05,0.0001,0.2,1.0,0.25,0.05,lr1e-05_bs8_drop0p2_temp1p0_a0p25_b0p05__wd1e-04trmiss0_degmodglobal,2,0.7027254700660706,0.7026974260807037,0.375,0.6243933150183151,0.46153846153846156,0.0,0.6745261124202183,0.6833791051592145,0.06086141988635063,0.08262030301349503,0.0,0.0,0.0,0.0,0.0,18473,global,0.0
5,3,lr1e-05_bs8_drop0p2_temp1p0_a0p25_b0p05__wd1e-04trmiss0_degmodglobal,8,1e-05,0.0001,0.2,1.0,0.25,0.05,lr1e-05_bs8_drop0p2_temp1p0_a0p25_b0p05__wd1e-04trmiss0_degmodglobal,3,0.6690402712140765,0.7076632082462311,0.325,0.6032127594627594,0.5384615384615384,0.0,0.6698270525251117,0.6461430702890668,0.06693025279257979,0.12329291126557759,0.0,0.0,0.0,0.0,0.0,18473,global,0.0
5,3,lr1e-05_bs8_drop0p2_temp1p0_a0p25_b0p05__wd1e-04trmiss0_degmodglobal,8,1e-05,0.0001,0.2,1.0,0.25,0.05,lr1e-05_bs8_drop0p2_temp1p0_a0p25_b0p05__wd1e-04trmiss0_degmodglobal,4,0.681013115814754,0.710490494966507,0.35,0.6157127594627595,0.5384615384615384,0.0,0.661451918738229,0.6559697049004691,0.07699730087603841,0.11588172508137566,0.0,0.0,0.0,0.0,0.0,18473,global,0.0
5,3,lr1e-05_bs8_drop0p2_temp1p0_a0p25_b0p05__wd1e-04trmiss0_degmodglobal,8,1e-05,0.0001,0.2,1.0,0.25,0.05,lr1e-05_bs8_drop0p2_temp1p0_a0p25_b0p05__wd1e-04trmiss0_degmodglobal,5,0.67719680922372,0.7147973775863647,0.35,0.6157127594627595,0.46153846153846156,0.0,0.6347831402506147,0.653544408934457,0.06295461846249444,0.1582752146891185,0.0,0.0,0.0,0.0,0.0,18473,global,0.0
5,3,lr1e-05_bs8_drop0p2_temp1p0_a0p25_b0p05__wd1e-04trmiss0_degmodglobal,8,1e-05,0.0001,0.2,1.0,0.25,0.05,lr1e-05_bs8_drop0p2_temp1p0_a0p25_b0p05__wd1e-04trmiss0_degmodglobal,6,0.6802435772759574,0.7159804999828339,0.325,0.567227910977911,0.38461538461538464,0.0,0.6538093345505851,0.6574000716209412,0.07190368750265666,0.09735198904361043,0.0,0.0,0.0,0.0,0.0,18473,global,0.0
5,3,lr1e-05_bs8_drop0p2_temp1p0_a0p25_b0p05__wd1e-04trmiss0_degmodglobal,8,1e-05,0.0001,0.2,1.0,0.25,0.05,lr1e-05_bs8_drop0p2_temp1p0_a0p25_b0p05__wd1e-04trmiss0_degmodglobal,7,0.6591289384024483,0.7181515395641327,0.3,0.5602834665334666,0.38461538461538464,0.0,0.6500575372150966,0.6327036874634879,0.0764733904174396,0.1461381326828684,0.0,0.0,0.0,0.0,0.0,18473,global,0.0
5,3,lr1e-05_bs8_drop0p2_temp1p0_a0p25_b0p05__wd1e-04trmiss0_degmodglobal,8,1e-05,0.0001,0.2,1.0,0.25,0.05,lr1e-05_bs8_drop0p2_temp1p0_a0p25_b0p05__wd1e-04trmiss0_degmodglobal,8,0.6664035405431475,0.7220406234264374,0.27499999999999997,0.5513548951048951,0.38461538461538464,0.0,0.6409488490649632,0.6379961626870292,0.07790455435003553,0.17862516002995626,0.0,0.0,0.0,0.0,0.0,18473,global,0.0
5,3,lr1e-05_bs8_drop0p2_temp1p0_a0p25_b0p05__wd1e-04trmiss0_degmodglobal,8,1e-05,0.0001,0.2,1.0,0.25,0.05,lr1e-05_bs8_drop0p2_temp1p0_a0p25_b0p05__wd1e-04trmiss0_degmodglobal,9,0.6622679148401532,0.7242538630962372,0.225,0.5235771173271173,0.38461538461538464,0.0,0.623604987348829,0.6405300583158221,0.0647227545934064,0.11114345969898361,0.0,0.0,0.0,0.0,0.0,18473,global,0.0
5,3,lr1e-05_bs8_drop0p2_temp1p0_a0p25_b0p05__wd1e-04trmiss0_degmodglobal,8,1e-05,0.0001,0.2,1.0,0.25,0.05,lr1e-05_bs8_drop0p2_temp1p0_a0p25_b0p05__wd1e-04trmiss0_degmodglobal,10,0.662922067301614,0.7266456484794617,0.25,0.5444104506604506,0.23076923076923078,0.0,0.6144637635775975,0.641538313456944,0.061896594507353644,0.11819206923246384,0.0,0.0,0.0,0.0,0.0,18473,global,0.0
5,3,lr1e-05_bs8_drop0p2_temp1p0_a0p25_b0p05__wd1e-04trmiss0_degmodglobal,8,1e-05,0.0001,0.2,1.0,0.25,0.05,lr1e-05_bs8_drop0p2_temp1p0_a0p25_b0p05__wd1e-04trmiss0_degmodglobal,11,0.6456018856593541,0.730410635471344,0.19999999999999998,0.5146485458985459,0.23076923076923078,0.0,0.6198254483086723,0.6238450493131366,0.06748152151703835,0.0977293040071215,0.0,0.0,0.0,0.0,0.0,18473,global,0.0
5,3,lr1e-05_bs8_drop0p2_temp1p0_a0p25_b0p05__wd1e-04trmiss0_degmodglobal,8,1e-05,0.0001,0.2,1.0,0.25,0.05,lr1e-05_bs8_drop0p2_temp1p0_a0p25_b0p05__wd1e-04trmiss0_degmodglobal,12,0.631148602281298,0.7337040305137634,0.19999999999999998,0.5146485458985459,0.23076923076923078,0.0,0.6087511266980853,0.6078128048351833,0.07205708431346076,0.10643052735498973,0.0,0.0,0.0,0.0,0.0,18473,global,0.0
5,3,lr1e-05_bs8_drop0p2_temp1p0_a0p25_b0p05__wd1e-04trmiss0_degmodglobal,8,1e-05,0.0001,0.2,1.0,0.25,0.05,lr1e-05_bs8_drop0p2_temp1p0_a0p25_b0p05__wd1e-04trmiss0_degmodglobal,13,0.6314352835927691,0.7344482839107513,0.225,0.5354818792318792,0.3076923076923077,0.0,0.6019001943724496,0.6095673952783857,0.06286608374544553,0.12302738960300173,0.0,0.0,0.0,0.0,0.0,18473,global,0.0
5,3,lr1e-05_bs8_drop0p2_temp1p0_a0p25_b0p05__wd1e-04trmiss0_degmodglobal,8,1e-05,0.0001,0.2,1.0,0.25,0.05,lr1e-05_bs8_drop0p2_temp1p0_a0p25_b0p05__wd1e-04trmiss0_degmodglobal,14,0.6390428628240313,0.7375005483627319,0.225,0.5354818792318792,0.3076923076923077,0.0,0.6159587843077523,0.6168552041053772,0.06208483555487224,0.13332871241228922,0.0,0.0,0.0,0.0,0.0,18473,global,0.0
5,3,lr1e-05_bs8_drop0p2_temp1p0_a0p25_b0p05__wd1e-04trmiss0_degmodglobal,8,1e-05,0.0001,0.2,1.0,0.25,0.05,lr1e-05_bs8_drop0p2_temp1p0_a0p25_b0p05__wd1e-04trmiss0_degmodglobal,15,0.6264646819659642,0.7392890751361847,0.19999999999999998,0.5146485458985459,0.3076923076923077,0.0,0.6159912943840027,0.6085663948740277,0.05231767733182226,0.09637711835759026,0.0,0.0,0.0,0.0,0.0,18473,global,0.0
5,3,lr1e-05_bs8_drop0p2_temp1p0_a0p25_b0p05__wd1e-04trmiss0_degmodglobal,8,1e-05,0.0001,0.2,1.0,0.25,0.05,lr1e-05_bs8_drop0p2_temp1p0_a0p25_b0p05__wd1e-04trmiss0_degmodglobal,16,0.6551354016576495,0.7365172505378723,0.225,0.5354818792318792,0.3076923076923077,0.0,0.6076647766998836,0.6321687528065273,0.06623174675873347,0.1281740175826209,0.0,0.0,0.0,0.0,0.0,18473,global,0.0
5,3,lr1e-05_bs8_drop0p2_temp1p0_a0p25_b0p05__wd1e-04trmiss0_degmodglobal,8,1e-05,0.0001,0.2,1.0,0.25,0.05,lr1e-05_bs8_drop0p2_temp1p0_a0p25_b0p05__wd1e-04trmiss0_degmodglobal,17,0.651611328125,0.737283319234848,0.175,0.4938152125652126,0.3076923076923077,0.0,0.6141027808189392,0.6245624252728054,0.07516968197056226,0.1651297669325556,0.0,0.0,0.0,0.0,0.0,18473,global,0.0
5,3,lr1e-05_bs8_drop0p2_temp1p0_a0p25_b0p05__wd1e-04trmiss0_degmodglobal,8,1e-05,0.0001,0.2,1.0,0.25,0.05,lr1e-05_bs8_drop0p2_temp1p0_a0p25_b0p05__wd1e-04trmiss0_degmodglobal,18,0.6381330830710275,0.7377547919750214,0.175,0.4938152125652126,0.3076923076923077,0.0,0.620429345539638,0.6208044801439557,0.0544525289109775,0.07430938551468509,0.0,0.0,0.0,0.0,0.0,18473,global,0.0
5,3,lr1e-05_bs8_drop0p2_temp1p0_a0p25_b0p05__wd1e-04trmiss0_degmodglobal,8,1e-05,0.0001,0.2,1.0,0.25,0.05,lr1e-05_bs8_drop0p2_temp1p0_a0p25_b0p05__wd1e-04trmiss0_degmodglobal,19,0.651535417352404,0.7392686903476715,0.19999999999999998,0.5146485458985459,0.3076923076923077,0.0,0.5918340257235936,0.630097576550075,0.06082481784479959,0.12463271830763135,0.0,0.0,0.0,0.0,0.0,18473,global,0.0
5,3,lr1e-05_bs8_drop0p2_temp1p0_a0p25_b0p05__wd1e-04trmiss0_degmodglobal,8,1e-05,0.0001,0.2,1.0,0.25,0.05,lr1e-05_bs8_drop0p2_temp1p0_a0p25_b0p05__wd1e-04trmiss0_degmodglobal,20,0.6352368933813912,0.7379432618618011,0.19999999999999998,0.5146485458985459,0.3076923076923077,0.0,0.6044064504759652,0.6137573804174151,0.0685565322637558,0.08680742074336324,0.0,0.0,0.0,0.0,0.0,18473,global,0.0
5,3,lr1e-05_bs8_drop0p2_temp1p0_a0p25_b0p05__wd1e-04trmiss0_degmodglobal,8,1e-05,0.0001,0.2,1.0,0.25,0.05,lr1e-05_bs8_drop0p2_temp1p0_a0p25_b0p05__wd1e-04trmiss0_degmodglobal,21,0.6184309550694057,0.7365953028202057,0.225,0.5354818792318792,0.3076923076923077,0.0,0.5800307478223529,0.6004454834120614,0.05763965579015868,0.07151125690766744,0.0,0.0,0.0,0.0,0.0,18473,global,0.0
5,3,lr1e-05_bs8_drop0p2_temp1p0_a0p25_b0p05__wd1e-04trmiss0_degmodglobal,8,1e-05,0.0001,0.2,1.0,0.25,0.05,lr1e-05_bs8_drop0p2_temp1p0_a0p25_b0p05__wd1e-04trmiss0_degmodglobal,22,0.6128745675086975,0.7338716089725494,0.225,0.5235771173271173,0.3076923076923077,0.0,0.6073153700147357,0.5894600919314793,0.07193919271230698,0.10859380662441254,0.0,0.0,0.0,0.0,0.0,18473,global,0.0
5,3,lr1e-05_bs8_drop0p2_temp1p0_a0p25_b0p05__wd1e-04trmiss0_degmodglobal,8,1e-05,0.0001,0.2,1.0,0.25,0.05,lr1e-05_bs8_drop0p2_temp1p0_a0p25_b0p05__wd1e-04trmiss0_degmodglobal,23,0.6179840735026768,0.7373853921890259,0.19999999999999998,0.5146485458985459,0.3076923076923077,0.0,0.5773573560374123,0.5983657155718122,0.05673844686576298,0.10867489874362946,0.0,0.0,0.0,0.0,0.0,18473,global,0.0
5,3,lr1e-05_bs8_drop0p2_temp1p0_a0p25_b0p05__wd1e-04trmiss0_degmodglobal,8,1e-05,0.0001,0.2,1.0,0.25,0.05,lr1e-05_bs8_drop0p2_temp1p0_a0p25_b0p05__wd1e-04trmiss0_degmodglobal,24,0.6602179748671395,0.7377348244190216,0.19999999999999998,0.5146485458985459,0.3076923076923077,0.0,0.588165887764522,0.6351620044027056,0.07179623789020947,0.14213847581829345,0.0,0.0,0.0,0.0,0.0,18473,global,0.0
5,3,lr1e-05_bs8_drop0p2_temp1p0_a0p25_b0p05__wd1e-04trmiss0_degmodglobal,8,1e-05,0.0001,0.2,1.0,0.25,0.05,lr1e-05_bs8_drop0p2_temp1p0_a0p25_b0p05__wd1e-04trmiss0_degmodglobal,25,0.6443683419908796,0.7377374470233917,0.19999999999999998,0.5146485458985459,0.3076923076923077,0.0,0.5992272666522435,0.6199995109013149,0.07056882764611926,0.13453234838587896,0.0,0.0,0.0,0.0,0.0,18473,global,0.0
5,3,lr1e-05_bs8_drop0p2_temp2p0_a0p25_b0p05__wd1e-04trmiss0_degmodglobal,8,1e-05,0.0001,0.2,2.0,0.25,0.05,lr1e-05_bs8_drop0p2_temp2p0_a0p25_b0p05__wd1e-04trmiss0_degmodglobal,1,0.686017666544233,0.6912225484848022,0.32499999999999996,0.5448232323232323,0.38461538461538464,0.0,0.7023323518889291,0.6721225040299552,0.038703444812979014,0.08438598311373166,0.0,0.0,0.0,0.0,0.0,18473,global,0.0
5,3,lr1e-05_bs8_drop0p2_temp2p0_a0p25_b0p05__wd1e-04trmiss0_degmodglobal,8,1e-05,0.0001,0.2,2.0,0.25,0.05,lr1e-05_bs8_drop0p2_temp2p0_a0p25_b0p05__wd1e-04trmiss0_degmodglobal,2,0.7259958556720189,0.6936055719852448,0.32499999999999996,0.5448232323232323,0.38461538461538464,0.0,0.7224234427724566,0.7123945099966866,0.03439819599900927,0.1000358552805015,0.0,0.0,0.0,0.0,0.0,18473,global,0.0
5,3,lr1e-05_bs8_drop0p2_temp2p0_a0p25_b0p05__wd1e-04trmiss0_degmodglobal,8,1e-05,0.0001,0.2,2.0,0.25,0.05,lr1e-05_bs8_drop0p2_temp2p0_a0p25_b0p05__wd1e-04trmiss0_degmodglobal,3,0.6934435878481183,0.6965093910694122,0.32499999999999996,0.5448232323232323,0.3076923076923077,0.0,0.686261100428445,0.679067211491721,0.04142379308385508,0.08040842413902283,0.0,0.0,0.0,0.0,0.0,18473,global,0.0
5,3,lr1e-05_bs8_drop0p2_temp2p0_a0p25_b0p05__wd1e-04trmiss0_degmodglobal,8,1e-05,0.0001,0.2,2.0,0.25,0.05,lr1e-05_bs8_drop0p2_temp2p0_a0p25_b0p05__wd1e-04trmiss0_degmodglobal,4,0.7008149198123387,0.6963119506835938,0.32499999999999996,0.5448232323232323,0.38461538461538464,0.0,0.6846829993384225,0.6874553561210632,0.033563836344650815,0.09937230125069618,0.0,0.0,0.0,0.0,0.0,18473,global,0.0
5,3,lr1e-05_bs8_drop0p2_temp2p0_a0p25_b0p05__wd1e-04trmiss0_degmodglobal,8,1e-05,0.0001,0.2,2.0,0.25,0.05,lr1e-05_bs8_drop0p2_temp2p0_a0p25_b0p05__wd1e-04trmiss0_degmodglobal,5,0.6810034343174526,0.695480614900589,0.32499999999999996,0.5448232323232323,0.38461538461538464,0.0,0.6757595453943525,0.6684925215584892,0.033461029242192,0.08291324174829892,0.0,0.0,0.0,0.0,0.0,18473,global,0.0
5,3,lr1e-05_bs8_drop0p2_temp2p0_a0p25_b0p05__wd1e-04trmiss0_degmodglobal,8,1e-05,0.0001,0.2,2.0,0.25,0.05,lr1e-05_bs8_drop0p2_temp2p0_a0p25_b0p05__wd1e-04trmiss0_degmodglobal,6,0.6803724595478603,0.7006320357322693,0.29999999999999993,0.5358946608946609,0.38461538461538464,0.0,0.6705573626926967,0.6658838391304016,0.041985028822507174,0.07984706865889686,0.0,0.0,0.0,0.0,0.0,18473,global,0.0
5,3,lr1e-05_bs8_drop0p2_temp2p0_a0p25_b0p05__wd1e-04trmiss0_degmodglobal,8,1e-05,0.0001,0.2,2.0,0.25,0.05,lr1e-05_bs8_drop0p2_temp2p0_a0p25_b0p05__wd1e-04trmiss0_degmodglobal,7,0.6924652372087751,0.7029878199100494,0.27499999999999997,0.5275613275613276,0.38461538461538464,0.0,0.6668423414230347,0.6783317582947868,0.03835972345301083,0.09087094025952476,0.0,0.0,0.0,0.0,0.0,18473,global,0.0
5,3,lr1e-05_bs8_drop0p2_temp2p0_a0p25_b0p05__wd1e-04trmiss0_degmodglobal,8,1e-05,0.0001,0.2,2.0,0.25,0.05,lr1e-05_bs8_drop0p2_temp2p0_a0p25_b0p05__wd1e-04trmiss0_degmodglobal,8,0.6932899355888367,0.7060300707817078,0.24999999999999994,0.5067279942279942,0.38461538461538464,0.0,0.6812487840652466,0.6771041325160435,0.04063632685158934,0.12053444981575012,0.0,0.0,0.0,0.0,0.0,18473,global,0.0
5,3,lr1e-05_bs8_drop0p2_temp2p0_a0p25_b0p05__wd1e-04trmiss0_degmodglobal,8,1e-05,0.0001,0.2,2.0,0.25,0.05,lr1e-05_bs8_drop0p2_temp2p0_a0p25_b0p05__wd1e-04trmiss0_degmodglobal,9,0.660701436655862,0.7055270671844482,0.24999999999999997,0.5046446608946609,0.3076923076923077,0.0,0.6817452311515808,0.6459641797201974,0.038432015904358456,0.1025849234844957,0.0,0.0,0.0,0.0,0.0,18473,global,0.0
5,3,lr1e-05_bs8_drop0p2_temp2p0_a0p25_b0p05__wd1e-04trmiss0_degmodglobal,8,1e-05,0.0001,0.2,2.0,0.25,0.05,lr1e-05_bs8_drop0p2_temp2p0_a0p25_b0p05__wd1e-04trmiss0_degmodglobal,10,0.6870974983487811,0.7058634161949158,0.24999999999999997,0.5046446608946609,0.3076923076923077,0.0,0.6633600422314235,0.6732886689049857,0.035569886810013225,0.09832709761602539,0.0,0.0,0.0,0.0,0.0,18473,global,0.0
5,3,lr1e-05_bs8_drop0p2_temp2p0_a0p25_b0p05__wd1e-04trmiss0_degmodglobal,8,1e-05,0.0001,0.2,2.0,0.25,0.05,lr1e-05_bs8_drop0p2_temp2p0_a0p25_b0p05__wd1e-04trmiss0_degmodglobal,11,0.6697692360196795,0.7089790999889374,0.24999999999999997,0.5046446608946609,0.3076923076923077,0.0,0.6638184445244926,0.6565290774617877,0.03277664565082107,0.10091958780373846,0.0,0.0,0.0,0.0,0.0,18473,global,0.0
5,3,lr1e-05_bs8_drop0p2_temp2p0_a0p25_b0p05__wd1e-04trmiss0_degmodglobal,8,1e-05,0.0001,0.2,2.0,0.25,0.05,lr1e-05_bs8_drop0p2_temp2p0_a0p25_b0p05__wd1e-04trmiss0_degmodglobal,12,0.6665375232696533,0.7110028266906738,0.24999999999999997,0.5046446608946609,0.3076923076923077,0.0,0.6594768932887486,0.652514500277383,0.03517441957124642,0.10458824836782046,0.0,0.0,0.0,0.0,0.0,18473,global,0.0
5,3,lr1e-05_bs8_drop0p2_temp2p0_a0p25_b0p05__wd1e-04trmiss0_degmodglobal,8,1e-05,0.0001,0.2,2.0,0.25,0.05,lr1e-05_bs8_drop0p2_temp2p0_a0p25_b0p05__wd1e-04trmiss0_degmodglobal,13,0.6793089423860822,0.7144290506839752,0.22499999999999998,0.49631132756132756,0.38461538461538464,0.0,0.6702098080090114,0.6657492177827018,0.03439205405967576,0.09923409670591354,0.0,0.0,0.0,0.0,0.0,18473,global,0.0
5,3,lr1e-05_bs8_drop0p2_temp2p0_a0p25_b0p05__wd1e-04trmiss0_degmodglobal,8,1e-05,0.0001,0.2,2.0,0.25,0.05,lr1e-05_bs8_drop0p2_temp2p0_a0p25_b0p05__wd1e-04trmiss0_degmodglobal,14,0.662774886403765,0.7148108780384064,0.22499999999999998,0.49631132756132756,0.38461538461538464,0.0,0.6531254649162292,0.6510501078196934,0.03126865465726171,0.07815239445439406,0.0,0.0,0.0,0.0,0.0,18473,global,0.0
5,3,lr1e-05_bs8_drop0p2_temp2p0_a0p25_b0p05__wd1e-04trmiss0_degmodglobal,8,1e-05,0.0001,0.2,2.0,0.25,0.05,lr1e-05_bs8_drop0p2_temp2p0_a0p25_b0p05__wd1e-04trmiss0_degmodglobal,15,0.6778825266020638,0.7177305817604065,0.19999999999999996,0.4900613275613276,0.38461538461538464,0.0,0.6569544672966003,0.666330703667232,0.0298037018094744,0.0820179759923901,0.0,0.0,0.0,0.0,0.0,18473,global,0.0
5,3,lr1e-05_bs8_drop0p2_temp2p0_a0p25_b0p05__wd1e-04trmiss0_degmodglobal,8,1e-05,0.0001,0.2,2.0,0.25,0.05,lr1e-05_bs8_drop0p2_temp2p0_a0p25_b0p05__wd1e-04trmiss0_degmodglobal,16,0.6565784386226109,0.7222696840763092,0.19999999999999996,0.4900613275613276,0.38461538461538464,0.0,0.6577943904059274,0.6437810403960091,0.033283673492925506,0.08952974900603294,0.0,0.0,0.0,0.0,0.0,18473,global,0.0
5,3,lr1e-05_bs8_drop0p2_temp2p0_a0p25_b0p05__wd1e-04trmiss0_degmodglobal,8,1e-05,0.0001,0.2,2.0,0.25,0.05,lr1e-05_bs8_drop0p2_temp2p0_a0p25_b0p05__wd1e-04trmiss0_degmodglobal,17,0.6783588443483625,0.7248574495315552,0.19999999999999996,0.4900613275613276,0.38461538461538464,0.0,0.6306863342012677,0.6649003369467599,0.03487489505537918,0.09479576828224319,0.0,0.0,0.0,0.0,0.0,18473,global,0.0
5,3,lr1e-05_bs8_drop0p2_temp2p0_a0p25_b0p05__wd1e-04trmiss0_degmodglobal,8,1e-05,0.0001,0.2,2.0,0.25,0.05,lr1e-05_bs8_drop0p2_temp2p0_a0p25_b0p05__wd1e-04trmiss0_degmodglobal,18,0.6617531095232282,0.7261110246181488,0.19999999999999996,0.4900613275613276,0.15384615384615385,0.0,0.6336406554494586,0.6520395023482186,0.028411316818424633,0.05221560278109142,0.0,0.0,0.0,0.0,0.0,18473,global,0.0
5,3,lr1e-05_bs8_drop0p2_temp2p0_a0p25_b0p05__wd1e-04trmiss0_degmodglobal,8,1e-05,0.0001,0.2,2.0,0.25,0.05,lr1e-05_bs8_drop0p2_temp2p0_a0p25_b0p05__wd1e-04trmiss0_degmodglobal,19,0.6547465664999825,0.7276550233364105,0.19999999999999996,0.4900613275613276,0.3076923076923077,0.0,0.6458626219204494,0.6411166701998029,0.03273551804678781,0.10892042251569885,0.0,0.0,0.0,0.0,0.0,18473,global,0.0
5,3,lr1e-05_bs8_drop0p2_temp2p0_a0p25_b0p05__wd1e-04trmiss0_degmodglobal,8,1e-05,0.0001,0.2,2.0,0.25,0.05,lr1e-05_bs8_drop0p2_temp2p0_a0p25_b0p05__wd1e-04trmiss0_degmodglobal,20,0.648465735571725,0.7263041734695435,0.19999999999999996,0.4900613275613276,0.3076923076923077,0.0,0.6460422192301069,0.637168458529881,0.0313791347933667,0.06904997463737216,0.0,0.0,0.0,0.0,0.0,18473,global,0.0
5,3,lr1e-05_bs8_drop0p2_temp2p0_a0p25_b0p05__wd1e-04trmiss0_degmodglobal,8,1e-05,0.0001,0.2,2.0,0.25,0.05,lr1e-05_bs8_drop0p2_temp2p0_a0p25_b0p05__wd1e-04trmiss0_degmodglobal,21,0.6574278218405587,0.7286743223667145,0.19999999999999996,0.4900613275613276,0.3076923076923077,0.0,0.6446499483925956,0.6435635260173252,0.03787074610590935,0.0879321891282286,0.0,0.0,0.0,0.0,0.0,18473,global,0.0
5,3,lr1e-05_bs8_drop0p2_temp2p0_a0p25_b0p05__wd1e-04trmiss0_degmodglobal,8,1e-05,0.0001,0.2,2.0,0.25,0.05,lr1e-05_bs8_drop0p2_temp2p0_a0p25_b0p05__wd1e-04trmiss0_degmodglobal,22,0.6493707554680961,0.7301004528999329,0.19999999999999996,0.4900613275613276,0.3076923076923077,0.0,0.6632858259337289,0.6338278651237488,0.03984758683613369,0.11161957042557853,0.0,0.0,0.0,0.0,0.0,18473,global,0.0
5,3,lr1e-05_bs8_drop0p2_temp2p0_a0p25_b0p05__wd1e-04trmiss0_degmodglobal,8,1e-05,0.0001,0.2,2.0,0.25,0.05,lr1e-05_bs8_drop0p2_temp2p0_a0p25_b0p05__wd1e-04trmiss0_degmodglobal,23,0.6548219152859279,0.7309135794639587,0.19999999999999996,0.4900613275613276,0.15384615384615385,0.0,0.6392851046153477,0.6416359032903399,0.03451776717390333,0.0911312358719962,0.0,0.0,0.0,0.0,0.0,18473,global,0.0
5,3,lr1e-05_bs8_drop0p2_temp2p0_a0p25_b0p05__wd1e-04trmiss0_degmodglobal,8,1e-05,0.0001,0.2,2.0,0.25,0.05,lr1e-05_bs8_drop0p2_temp2p0_a0p25_b0p05__wd1e-04trmiss0_degmodglobal,24,0.6613181744303022,0.7291450500488281,0.19999999999999996,0.4900613275613276,0.3076923076923077,0.0,0.6299055303846087,0.6492576939719064,0.03410573237176452,0.07068095569099699,0.0,0.0,0.0,0.0,0.0,18473,global,0.0
5,3,lr1e-05_bs8_drop0p2_temp2p0_a0p25_b0p05__wd1e-04trmiss0_degmodglobal,8,1e-05,0.0001,0.2,2.0,0.25,0.05,lr1e-05_bs8_drop0p2_temp2p0_a0p25_b0p05__wd1e-04trmiss0_degmodglobal,25,0.6425574932779584,0.7289756536483765,0.19999999999999996,0.4900613275613276,0.3076923076923077,0.0,0.6380972691944667,0.6300227897507804,0.03150545034025397,0.09316652002079147,0.0,0.0,0.0,0.0,0.0,18473,global,0.0
5,3,lr1e-05_bs8_drop0p4_temp1p0_a0p25_b0p05__wd1e-04trmiss0_degmodglobal,8,1e-05,0.0001,0.4,1.0,0.25,0.05,lr1e-05_bs8_drop0p4_temp1p0_a0p25_b0p05__wd1e-04trmiss0_degmodglobal,1,0.762977830001286,0.6872389018535614,0.75,0.8998397435897436,0.7692307692307693,0.0,0.7350065452711922,0.7379325457981655,0.0707941720528262,0.14693465669240272,0.0,0.0,0.0,0.0,0.0,18473,global,0.0
5,3,lr1e-05_bs8_drop0p4_temp1p0_a0p25_b0p05__wd1e-04trmiss0_degmodglobal,8,1e-05,0.0001,0.4,1.0,0.25,0.05,lr1e-05_bs8_drop0p4_temp1p0_a0p25_b0p05__wd1e-04trmiss0_degmodglobal,2,0.7966220208576748,0.686762124300003,0.6749999999999999,0.8477564102564104,0.6923076923076923,0.0,0.726159257548196,0.7644138591630119,0.08814438538891929,0.20344110365424836,0.0,0.0,0.0,0.0,0.0,18473,global,0.0
5,3,lr1e-05_bs8_drop0p4_temp1p0_a0p25_b0p05__wd1e-04trmiss0_degmodglobal,8,1e-05,0.0001,0.4,1.0,0.25,0.05,lr1e-05_bs8_drop0p4_temp1p0_a0p25_b0p05__wd1e-04trmiss0_degmodglobal,3,0.7503333772931781,0.6861673295497894,0.6000000000000001,0.8112980769230769,0.5384615384615384,0.0,0.7520984922136579,0.7227042317390442,0.07281221076846123,0.18852152861654758,0.0,0.0,0.0,0.0,0.0,18473,global,0.0
5,3,lr1e-05_bs8_drop0p4_temp1p0_a0p25_b0p05__wd1e-04trmiss0_degmodglobal,8,1e-05,0.0001,0.4,1.0,0.25,0.05,lr1e-05_bs8_drop0p4_temp1p0_a0p25_b0p05__wd1e-04trmiss0_degmodglobal,4,0.738614593233381,0.6888073980808258,0.575,0.786298076923077,0.46153846153846156,0.0,0.7125416738646371,0.7150258847645351,0.06583040739808764,0.14262207091919013,0.0,0.0,0.0,0.0,0.0,18473,global,0.0
5,3,lr1e-05_bs8_drop0p4_temp1p0_a0p25_b0p05__wd1e-04trmiss0_degmodglobal,8,1e-05,0.0001,0.4,1.0,0.25,0.05,lr1e-05_bs8_drop0p4_temp1p0_a0p25_b0p05__wd1e-04trmiss0_degmodglobal,5,0.7420513033866882,0.6906943321228027,0.55,0.7696314102564102,0.5384615384615384,0.0,0.7402725219726562,0.7158610565321786,0.07114448717662267,0.16808261190141952,0.0,0.0,0.0,0.0,0.0,18473,global,0.0
5,3,lr1e-05_bs8_drop0p4_temp1p0_a0p25_b0p05__wd1e-04trmiss0_degmodglobal,8,1e-05,0.0001,0.4,1.0,0.25,0.05,lr1e-05_bs8_drop0p4_temp1p0_a0p25_b0p05__wd1e-04trmiss0_degmodglobal,6,0.7516861728259495,0.6941518187522888,0.55,0.7696314102564102,0.46153846153846156,0.0,0.7220723628997803,0.7287756970950535,0.06299323003206934,0.14324363321065903,0.0,0.0,0.0,0.0,0.0,18473,global,0.0
5,3,lr1e-05_bs8_drop0p4_temp1p0_a0p25_b0p05__wd1e-04trmiss0_degmodglobal,8,1e-05,0.0001,0.4,1.0,0.25,0.05,lr1e-05_bs8_drop0p4_temp1p0_a0p25_b0p05__wd1e-04trmiss0_degmodglobal,7,0.717938380581992,0.6957248151302338,0.475,0.7077266483516484,0.46153846153846156,0.0,0.7133960127830505,0.696283255304609,0.06186356182609286,0.1237844138273171,0.0,0.0,0.0,0.0,0.0,18473,global,0.0
5,3,lr1e-05_bs8_drop0p4_temp1p0_a0p25_b0p05__wd1e-04trmiss0_degmodglobal,8,1e-05,0.0001,0.4,1.0,0.25,0.05,lr1e-05_bs8_drop0p4_temp1p0_a0p25_b0p05__wd1e-04trmiss0_degmodglobal,8,0.7187507237706866,0.6986518204212189,0.475,0.7077266483516484,0.46153846153846156,0.0,0.7302251287869045,0.6878989253725324,0.08268029881375176,0.2036344302552087,0.0,0.0,0.0,0.0,0.0,18473,global,0.0
5,3,lr1e-05_bs8_drop0p4_temp1p0_a0p25_b0p05__wd1e-04trmiss0_degmodglobal,8,1e-05,0.0001,0.4,1.0,0.25,0.05,lr1e-05_bs8_drop0p4_temp1p0_a0p25_b0p05__wd1e-04trmiss0_degmodglobal,9,0.7422688518251691,0.70269575715065,0.475,0.7077266483516484,0.46153846153846156,0.0,0.7259403467178345,0.7164332270622253,0.06554525398782321,0.18898614389555796,0.0,0.0,0.0,0.0,0.0,18473,global,0.0
5,3,lr1e-05_bs8_drop0p4_temp1p0_a0p25_b0p05__wd1e-04trmiss0_degmodglobal,8,1e-05,0.0001,0.4,1.0,0.25,0.05,lr1e-05_bs8_drop0p4_temp1p0_a0p25_b0p05__wd1e-04trmiss0_degmodglobal,10,0.7156869939395359,0.7004311382770538,0.475,0.7077266483516484,0.46153846153846156,0.0,0.6842908092907497,0.6842184833117894,0.08229737036994525,0.21788321541888372,0.0,0.0,0.0,0.0,0.0,18473,global,0.0
5,3,lr1e-05_bs8_drop0p4_temp1p0_a0p25_b0p05__wd1e-04trmiss0_degmodglobal,8,1e-05,0.0001,0.4,1.0,0.25,0.05,lr1e-05_bs8_drop0p4_temp1p0_a0p25_b0p05__wd1e-04trmiss0_degmodglobal,11,0.7248755352837699,0.7004648447036743,0.475,0.7077266483516484,0.46153846153846156,0.0,0.6920091084071568,0.700542756489345,0.06624366236584527,0.1554372592696122,0.0,0.0,0.0,0.0,0.0,18473,global,0.0
5,3,lr1e-05_bs8_drop0p4_temp1p0_a0p25_b0p05__wd1e-04trmiss0_degmodglobal,8,1e-05,0.0001,0.4,1.0,0.25,0.05,lr1e-05_bs8_drop0p4_temp1p0_a0p25_b0p05__wd1e-04trmiss0_degmodglobal,12,0.7264758603913444,0.7000754177570343,0.475,0.7077266483516484,0.46153846153846156,0.0,0.6720152071544102,0.6990030322756086,0.07093362350549016,0.19478861455406463,0.0,0.0,0.0,0.0,0.0,18473,global,0.0
5,3,lr1e-05_bs8_drop0p4_temp1p0_a0p25_b0p05__wd1e-04trmiss0_degmodglobal,8,1e-05,0.0001,0.4,1.0,0.25,0.05,lr1e-05_bs8_drop0p4_temp1p0_a0p25_b0p05__wd1e-04trmiss0_degmodglobal,13,0.7660432202475411,0.6996107399463654,0.475,0.7077266483516484,0.46153846153846156,0.0,0.7017124380384173,0.7408587336540222,0.0686130119221551,0.16062466161591665,0.0,0.0,0.0,0.0,0.0,18473,global,0.0
5,3,lr1e-05_bs8_drop0p4_temp1p0_a0p25_b0p05__wd1e-04trmiss0_degmodglobal,8,1e-05,0.0001,0.4,1.0,0.25,0.05,lr1e-05_bs8_drop0p4_temp1p0_a0p25_b0p05__wd1e-04trmiss0_degmodglobal,14,0.7312583412442889,0.7005153596401215,0.475,0.7077266483516484,0.46153846153846156,0.0,0.6857281838144574,0.705219430582864,0.07201233452984265,0.16071623084800585,0.0,0.0,0.0,0.0,0.0,18473,global,0.0
5,3,lr1e-05_bs8_drop0p4_temp1p0_a0p25_b0p05__wd1e-04trmiss0_degmodglobal,8,1e-05,0.0001,0.4,1.0,0.25,0.05,lr1e-05_bs8_drop0p4_temp1p0_a0p25_b0p05__wd1e-04trmiss0_degmodglobal,15,0.7171176586832319,0.7010092437267303,0.475,0.7077266483516484,0.46153846153846156,0.0,0.6792471493993487,0.6972623467445374,0.05569768111620631,0.11861814292413848,0.0,0.0,0.0,0.0,0.0,18473,global,0.0
5,3,lr1e-05_bs8_drop0p4_temp1p0_a0p25_b0p05__wd1e-04trmiss0_degmodglobal,8,1e-05,0.0001,0.4,1.0,0.25,0.05,lr1e-05_bs8_drop0p4_temp1p0_a0p25_b0p05__wd1e-04trmiss0_degmodglobal,16,0.732562610081264,0.7003109455108643,0.475,0.7077266483516484,0.46153846153846156,0.0,0.6671804189682007,0.704828645501818,0.0787595414689609,0.16088189397539412,0.0,0.0,0.0,0.0,0.0,18473,global,0.0
5,3,lr1e-05_bs8_drop0p4_temp1p0_a0p25_b0p05__wd1e-04trmiss0_degmodglobal,8,1e-05,0.0001,0.4,1.0,0.25,0.05,lr1e-05_bs8_drop0p4_temp1p0_a0p25_b0p05__wd1e-04trmiss0_degmodglobal,17,0.6839122772216797,0.6996655464172363,0.475,0.7077266483516484,0.46153846153846156,0.0,0.6635515774999347,0.6682153344154358,0.0472868343016931,0.07750482484698296,0.0,0.0,0.0,0.0,0.0,18473,global,0.0
5,3,lr1e-05_bs8_drop0p4_temp1p0_a0p25_b0p05__wd1e-04trmiss0_degmodglobal,8,1e-05,0.0001,0.4,1.0,0.25,0.05,lr1e-05_bs8_drop0p4_temp1p0_a0p25_b0p05__wd1e-04trmiss0_degmodglobal,18,0.7272241967064994,0.6967672407627106,0.475,0.7077266483516484,0.46153846153846156,0.0,0.6770920412881034,0.7038847463471549,0.06602495802300316,0.13666440466684954,0.0,0.0,0.0,0.0,0.0,18473,global,0.0
5,3,lr1e-05_bs8_drop0p4_temp1p0_a0p25_b0p05__wd1e-04trmiss0_degmodglobal,8,1e-05,0.0001,0.4,1.0,0.25,0.05,lr1e-05_bs8_drop0p4_temp1p0_a0p25_b0p05__wd1e-04trmiss0_degmodglobal,19,0.7047296507017953,0.6964643001556396,0.5,0.7143554362304363,0.46153846153846156,0.0,0.6864897012710571,0.684863303388868,0.05473390806998525,0.12365717494062015,0.0,0.0,0.0,0.0,0.0,18473,global,0.0
5,3,lr1e-05_bs8_drop0p4_temp1p0_a0p25_b0p05__wd1e-04trmiss0_degmodglobal,8,1e-05,0.0001,0.4,1.0,0.25,0.05,lr1e-05_bs8_drop0p4_temp1p0_a0p25_b0p05__wd1e-04trmiss0_degmodglobal,20,0.7147918769291469,0.6952379047870636,0.5,0.7143554362304363,0.46153846153846156,0.0,0.6837848680359977,0.6913500939096723,0.06224910169839859,0.15759039031607763,0.0,0.0,0.0,0.0,0.0,18473,global,0.0
5,3,lr1e-05_bs8_drop0p4_temp1p0_a0p25_b0p05__wd1e-04trmiss0_degmodglobal,8,1e-05,0.0001,0.4,1.0,0.25,0.05,lr1e-05_bs8_drop0p4_temp1p0_a0p25_b0p05__wd1e-04trmiss0_degmodglobal,21,0.6886759400367737,0.6962218880653381,0.5,0.7143554362304363,0.46153846153846156,0.0,0.6599353722163609,0.6679205298423767,0.055365705862641335,0.13827968867761747,0.0,0.0,0.0,0.0,0.0,18473,global,0.0
5,3,lr1e-05_bs8_drop0p4_temp1p0_a0p25_b0p05__wd1e-04trmiss0_degmodglobal,8,1e-05,0.0001,0.4,1.0,0.25,0.05,lr1e-05_bs8_drop0p4_temp1p0_a0p25_b0p05__wd1e-04trmiss0_degmodglobal,22,0.7578905139650617,0.6981483399868011,0.5,0.7143554362304363,0.46153846153846156,0.0,0.6530744859150478,0.7256382278033665,0.08096591489655632,0.24021639355591365,0.0,0.0,0.0,0.0,0.0,18473,global,0.0
5,3,lr1e-05_bs8_drop0p4_temp1p0_a0p25_b0p05__wd1e-04trmiss0_degmodglobal,8,1e-05,0.0001,0.4,1.0,0.25,0.05,lr1e-05_bs8_drop0p4_temp1p0_a0p25_b0p05__wd1e-04trmiss0_degmodglobal,23,0.7013531071799142,0.696973443031311,0.5,0.7143554362304363,0.46153846153846156,0.0,0.7006817970957074,0.6752778802599225,0.07059643257941518,0.16852252398218429,0.0,0.0,0.0,0.0,0.0,18473,global,0.0
5,3,lr1e-05_bs8_drop0p4_temp1p0_a0p25_b0p05__wd1e-04trmiss0_degmodglobal,8,1e-05,0.0001,0.4,1.0,0.25,0.05,lr1e-05_bs8_drop0p4_temp1p0_a0p25_b0p05__wd1e-04trmiss0_degmodglobal,24,0.7201266544205802,0.6966750919818878,0.5,0.7143554362304363,0.46153846153846156,0.0,0.6455995440483093,0.6960557954651969,0.06595446595123836,0.15164494780557497,0.0,0.0,0.0,0.0,0.0,18473,global,0.0
5,3,lr1e-05_bs8_drop0p4_temp1p0_a0p25_b0p05__wd1e-04trmiss0_degmodglobal,8,1e-05,0.0001,0.4,1.0,0.25,0.05,lr1e-05_bs8_drop0p4_temp1p0_a0p25_b0p05__wd1e-04trmiss0_degmodglobal,25,0.6973228539739337,0.6963692009449005,0.5,0.7143554362304363,0.46153846153846156,0.0,0.6741736446108136,0.6726829920496259,0.06775579069341932,0.15401847873415267,0.0,0.0,0.0,0.0,0.0,18473,global,0.0
5,3,lr1e-05_bs8_drop0p4_temp2p0_a0p25_b0p05__wd1e-04trmiss0_degmodglobal,8,1e-05,0.0001,0.4,2.0,0.25,0.05,lr1e-05_bs8_drop0p4_temp2p0_a0p25_b0p05__wd1e-04trmiss0_degmodglobal,1,0.7068262100219727,0.6966871917247772,0.55,0.6516254578754579,0.38461538461538464,0.0,0.6759989006178719,0.6761005180222648,0.07486719744546073,0.24017796984740666,0.0,0.0,0.0,0.0,0.0,18473,global,0.0
5,3,lr1e-05_bs8_drop0p4_temp2p0_a0p25_b0p05__wd1e-04trmiss0_degmodglobal,8,1e-05,0.0001,0.4,2.0,0.25,0.05,lr1e-05_bs8_drop0p4_temp2p0_a0p25_b0p05__wd1e-04trmiss0_degmodglobal,2,0.7664535471371242,0.69446861743927,0.55,0.6343614718614718,0.46153846153846156,0.0,0.6427042143685477,0.7354046787534442,0.06773675020251956,0.2822935570563589,0.0,0.0,0.0,0.0,0.0,18473,global,0.0
5,3,lr1e-05_bs8_drop0p4_temp2p0_a0p25_b0p05__wd1e-04trmiss0_degmodglobal,8,1e-05,0.0001,0.4,2.0,0.25,0.05,lr1e-05_bs8_drop0p4_temp2p0_a0p25_b0p05__wd1e-04trmiss0_degmodglobal,3,0.7374054789543152,0.6920512914657593,0.525,0.6135281385281385,0.46153846153846156,0.0,0.6501550163541522,0.7154960547174726,0.04794600073780332,0.19845843740871974,0.0,0.0,0.0,0.0,0.0,18473,global,0.0
5,3,lr1e-05_bs8_drop0p4_temp2p0_a0p25_b0p05__wd1e-04trmiss0_degmodglobal,8,1e-05,0.0001,0.4,2.0,0.25,0.05,lr1e-05_bs8_drop0p4_temp2p0_a0p25_b0p05__wd1e-04trmiss0_degmodglobal,4,0.7029291902269635,0.693019449710846,0.5,0.6023674242424242,0.46153846153846156,0.0,0.6536149467740741,0.6810816526412964,0.05228923048291888,0.17550444336874144,0.0,0.0,0.0,0.0,0.0,18473,global,0.0
5,3,lr1e-05_bs8_drop0p4_temp2p0_a0p25_b0p05__wd1e-04trmiss0_degmodglobal,8,1e-05,0.0001,0.4,2.0,0.25,0.05,lr1e-05_bs8_drop0p4_temp2p0_a0p25_b0p05__wd1e-04trmiss0_degmodglobal,5,0.7042959928512573,0.6962462365627289,0.5,0.6023674242424242,0.46153846153846156,0.0,0.6311748198100499,0.6799510972840446,0.058891204851014275,0.1924417508499963,0.0,0.0,0.0,0.0,0.0,18473,global,0.0
5,3,lr1e-05_bs8_drop0p4_temp2p0_a0p25_b0p05__wd1e-04trmiss0_degmodglobal,8,1e-05,0.0001,0.4,2.0,0.25,0.05,lr1e-05_bs8_drop0p4_temp2p0_a0p25_b0p05__wd1e-04trmiss0_degmodglobal,6,0.7263709562165397,0.6953599154949188,0.5,0.6023674242424242,0.46153846153846156,0.0,0.6396125129290989,0.6965773871966771,0.06840633867042405,0.2538394885403769,0.0,0.0,0.0,0.0,0.0,18473,global,0.0
5,3,lr1e-05_bs8_drop0p4_temp2p0_a0p25_b0p05__wd1e-04trmiss0_degmodglobal,8,1e-05,0.0001,0.4,2.0,0.25,0.05,lr1e-05_bs8_drop0p4_temp2p0_a0p25_b0p05__wd1e-04trmiss0_degmodglobal,7,0.7049973011016846,0.6963391602039337,0.44999999999999996,0.5868371212121212,0.46153846153846156,0.0,0.6049058948244367,0.6789067472730365,0.06225287914276123,0.21054665318557195,0.0,0.0,0.0,0.0,0.0,18473,global,0.0
5,3,lr1e-05_bs8_drop0p4_temp2p0_a0p25_b0p05__wd1e-04trmiss0_degmodglobal,8,1e-05,0.0001,0.4,2.0,0.25,0.05,lr1e-05_bs8_drop0p4_temp2p0_a0p25_b0p05__wd1e-04trmiss0_degmodglobal,8,0.7195566296577454,0.6967998743057251,0.475,0.5979978354978354,0.46153846153846156,0.0,0.6242184468678066,0.6877683656556266,0.06969988346099854,0.2872661990778787,0.0,0.0,0.0,0.0,0.0,18473,global,0.0
5,3,lr1e-05_bs8_drop0p4_temp2p0_a0p25_b0p05__wd1e-04trmiss0_degmodglobal,8,1e-05,0.0001,0.4,2.0,0.25,0.05,lr1e-05_bs8_drop0p4_temp2p0_a0p25_b0p05__wd1e-04trmiss0_degmodglobal,9,0.733348718711308,0.696086049079895,0.5,0.6084145021645021,0.46153846153846156,0.0,0.6070829204150608,0.7008113179888044,0.07262229493686131,0.28763658340488163,0.0,0.0,0.0,0.0,0.0,18473,global,0.0
5,3,lr1e-05_bs8_drop0p4_temp2p0_a0p25_b0p05__wd1e-04trmiss0_degmodglobal,8,1e-05,0.0001,0.4,2.0,0.25,0.05,lr1e-05_bs8_drop0p4_temp2p0_a0p25_b0p05__wd1e-04trmiss0_degmodglobal,10,0.7276677063533238,0.6955648362636566,0.5,0.6084145021645021,0.46153846153846156,0.0,0.590277339730944,0.6902806844030108,0.0862588956952095,0.31644603822912487,0.0,0.0,0.0,0.0,0.0,18473,global,0.0
5,3,lr1e-05_bs8_drop0p4_temp2p0_a0p25_b0p05__wd1e-04trmiss0_degmodglobal,8,1e-05,0.0001,0.4,2.0,0.25,0.05,lr1e-05_bs8_drop0p4_temp2p0_a0p25_b0p05__wd1e-04trmiss0_degmodglobal,11,0.7059687546321324,0.6971413791179657,0.5,0.6084145021645021,0.46153846153846156,0.0,0.6207008617264884,0.6682488322257996,0.0861521874155317,0.3236378026860101,0.0,0.0,0.0,0.0,0.0,18473,global,0.0
5,3,lr1e-05_bs8_drop0p4_temp2p0_a0p25_b0p05__wd1e-04trmiss0_degmodglobal,8,1e-05,0.0001,0.4,2.0,0.25,0.05,lr1e-05_bs8_drop0p4_temp2p0_a0p25_b0p05__wd1e-04trmiss0_degmodglobal,12,0.7055537360055106,0.6989462673664093,0.5,0.6084145021645021,0.46153846153846156,0.0,0.6285399368831089,0.6787453719547817,0.06439422496727534,0.21419597097805568,0.0,0.0,0.0,0.0,0.0,18473,global,0.0
5,3,lr1e-05_bs8_drop0p4_temp2p0_a0p25_b0p05__wd1e-04trmiss0_degmodglobal,8,1e-05,0.0001,0.4,2.0,0.25,0.05,lr1e-05_bs8_drop0p4_temp2p0_a0p25_b0p05__wd1e-04trmiss0_degmodglobal,13,0.6757230503218514,0.6986047029495239,0.5,0.6084145021645021,0.46153846153846156,0.0,0.61336350440979,0.6491458415985107,0.06090407499245235,0.2270239261644227,0.0,0.0,0.0,0.0,0.0,18473,global,0.0
5,3,lr1e-05_bs8_drop0p4_temp2p0_a0p25_b0p05__wd1e-04trmiss0_degmodglobal,8,1e-05,0.0001,0.4,2.0,0.25,0.05,lr1e-05_bs8_drop0p4_temp2p0_a0p25_b0p05__wd1e-04trmiss0_degmodglobal,14,0.6769415821347918,0.6985344290733337,0.5,0.6084145021645021,0.38461538461538464,0.0,0.6107497215270996,0.6500873565673828,0.0581345550183739,0.24641187063285283,0.0,0.0,0.0,0.0,0.0,18473,global,0.0
5,3,lr1e-05_bs8_drop0p4_temp2p0_a0p25_b0p05__wd1e-04trmiss0_degmodglobal,8,1e-05,0.0001,0.4,2.0,0.25,0.05,lr1e-05_bs8_drop0p4_temp2p0_a0p25_b0p05__wd1e-04trmiss0_degmodglobal,15,0.6920400432177952,0.6994966566562653,0.5,0.6084145021645021,0.38461538461538464,0.0,0.587482614176614,0.6555390868868146,0.08056579317365374,0.3271900841167995,0.0,0.0,0.0,0.0,0.0,18473,global,0.0
5,3,lr1e-05_bs8_drop0p4_temp2p0_a0p25_b0p05__wd1e-04trmiss0_degmodglobal,8,1e-05,0.0001,0.4,2.0,0.25,0.05,lr1e-05_bs8_drop0p4_temp2p0_a0p25_b0p05__wd1e-04trmiss0_degmodglobal,16,0.6783325161252703,0.700363278388977,0.475,0.5979978354978354,0.38461538461538464,0.0,0.6026714699608939,0.6414644462721688,0.07900177048785346,0.34235276920454843,0.0,0.0,0.0,0.0,0.0,18473,global,0.0
5,3,lr1e-05_bs8_drop0p4_temp2p0_a0p25_b0p05__wd1e-04trmiss0_degmodglobal,8,1e-05,0.0001,0.4,2.0,0.25,0.05,lr1e-05_bs8_drop0p4_temp2p0_a0p25_b0p05__wd1e-04trmiss0_degmodglobal,17,0.7137799092701503,0.7005520761013031,0.475,0.5979978354978354,0.38461538461538464,0.0,0.6080442922455924,0.6805115853037152,0.07620993522661072,0.284316500382764,0.0,0.0,0.0,0.0,0.0,18473,global,0.0
5,3,lr1e-05_bs8_drop0p4_temp2p0_a0p25_b0p05__wd1e-04trmiss0_degmodglobal,8,1e-05,0.0001,0.4,2.0,0.25,0.05,lr1e-05_bs8_drop0p4_temp2p0_a0p25_b0p05__wd1e-04trmiss0_degmodglobal,18,0.6985216396195548,0.7005118429660797,0.5,0.6084145021645021,0.38461538461538464,0.0,0.6027907133102417,0.6693659765379769,0.06807798572949,0.2427232414484024,0.0,0.0,0.0,0.0,0.0,18473,global,0.0
5,3,lr1e-05_bs8_drop0p4_temp2p0_a0p25_b0p05__wd1e-04trmiss0_degmodglobal,8,1e-05,0.0001,0.4,2.0,0.25,0.05,lr1e-05_bs8_drop0p4_temp2p0_a0p25_b0p05__wd1e-04trmiss0_degmodglobal,19,0.707402663571494,0.6988945007324219,0.475,0.5979978354978354,0.38461538461538464,0.0,0.5858078258378165,0.6743658951350621,0.07319555697696549,0.29475773870944977,0.0,0.0,0.0,0.0,0.0,18473,global,0.0
5,3,lr1e-05_bs8_drop0p4_temp2p0_a0p25_b0p05__wd1e-04trmiss0_degmodglobal,8,1e-05,0.0001,0.4,2.0,0.25,0.05,lr1e-05_bs8_drop0p4_temp2p0_a0p25_b0p05__wd1e-04trmiss0_degmodglobal,20,0.6808264000075204,0.6981854140758514,0.475,0.5979978354978354,0.38461538461538464,0.0,0.5968876651355198,0.6519347599574498,0.06419608050159045,0.2568527268511908,0.0,0.0,0.0,0.0,0.0,18473,global,0.0
5,3,lr1e-05_bs8_drop0p4_temp2p0_a0p25_b0p05__wd1e-04trmiss0_degmodglobal,8,1e-05,0.0001,0.4,2.0,0.25,0.05,lr1e-05_bs8_drop0p4_temp2p0_a0p25_b0p05__wd1e-04trmiss0_degmodglobal,21,0.7237302575792585,0.6994203329086304,0.475,0.5979978354978354,0.3076923076923077,0.0,0.6193091699055263,0.68821610723223,0.08454669479812894,0.2875492029956409,0.0,0.0,0.0,0.0,0.0,18473,global,0.0
5,3,lr1e-05_bs8_drop0p4_temp2p0_a0p25_b0p05__wd1e-04trmiss0_degmodglobal,8,1e-05,0.0001,0.4,2.0,0.25,0.05,lr1e-05_bs8_drop0p4_temp2p0_a0p25_b0p05__wd1e-04trmiss0_degmodglobal,22,0.6805349843842643,0.7010116279125214,0.425,0.5785037878787879,0.3076923076923077,0.0,0.6012553572654724,0.6565108043806893,0.05968187802604267,0.18207459258181707,0.0,0.0,0.0,0.0,0.0,18473,global,0.0
5,3,lr1e-05_bs8_drop0p4_temp2p0_a0p25_b0p05__wd1e-04trmiss0_degmodglobal,8,1e-05,0.0001,0.4,2.0,0.25,0.05,lr1e-05_bs8_drop0p4_temp2p0_a0p25_b0p05__wd1e-04trmiss0_degmodglobal,23,0.6981176563671657,0.7004673480987549,0.42499999999999993,0.5749323593073593,0.3076923076923077,0.0,0.5857120326587132,0.6662096551486424,0.0723897319819246,0.27621140756777357,0.0,0.0,0.0,0.0,0.0,18473,global,0.0
5,3,lr1e-05_bs8_drop0p4_temp2p0_a0p25_b0p05__wd1e-04trmiss0_degmodglobal,8,1e-05,0.0001,0.4,2.0,0.25,0.05,lr1e-05_bs8_drop0p4_temp2p0_a0p25_b0p05__wd1e-04trmiss0_degmodglobal,24,0.6940294674464634,0.6994858384132385,0.39999999999999997,0.5624323593073592,0.3076923076923077,0.0,0.6176430327551705,0.6608728085245404,0.07629909978381225,0.28163771650620867,0.0,0.0,0.0,0.0,0.0,18473,global,0.0
5,3,lr1e-05_bs8_drop0p4_temp2p0_a0p25_b0p05__wd1e-04trmiss0_degmodglobal,8,1e-05,0.0001,0.4,2.0,0.25,0.05,lr1e-05_bs8_drop0p4_temp2p0_a0p25_b0p05__wd1e-04trmiss0_degmodglobal,25,0.663353443145752,0.6986285746097565,0.42499999999999993,0.5749323593073593,0.38461538461538464,0.0,0.6145858934947422,0.6364060129438128,0.06308468111923762,0.22352544111864908,0.0,0.0,0.0,0.0,0.0,18473,global,0.0
5,3,lr1e-05_bs8_drop0p4_temp2p0_a0p25_b0p05__wd1e-04trmiss0_degmodglobal,8,1e-05,0.0001,0.4,2.0,0.25,0.05,lr1e-05_bs8_drop0p4_temp2p0_a0p25_b0p05__wd1e-04trmiss0_degmodglobal,26,0.673118702002934,0.6993228495121002,0.42499999999999993,0.5749323593073593,0.38461538461538464,0.0,0.5936618191855294,0.642660745552608,0.06414075781192098,0.28845531599862234,0.0,0.0,0.0,0.0,0.0,18473,global,0.0
5,3,lr1e-04_bs16_drop0p2_temp1p0_a0p25_b0p05__wd1e-04trmiss0_degmodglobal,16,0.0001,0.0001,0.2,1.0,0.25,0.05,lr1e-04_bs16_drop0p2_temp1p0_a0p25_b0p05__wd1e-04trmiss0_degmodglobal,1,0.695450484752655,0.736814022064209,0.17499999999999996,0.4836510711510712,0.15384615384615385,0.0,0.7167031764984131,0.6838771104812622,0.03392542339861393,0.06184067204594612,0.0,0.0,0.0,0.0,0.0,18473,global,0.0
5,3,lr1e-04_bs16_drop0p2_temp1p0_a0p25_b0p05__wd1e-04trmiss0_degmodglobal,16,0.0001,0.0001,0.2,1.0,0.25,0.05,lr1e-04_bs16_drop0p2_temp1p0_a0p25_b0p05__wd1e-04trmiss0_degmodglobal,2,0.6999156773090363,0.7573394775390625,0.17499999999999996,0.4836510711510712,0.23076923076923078,0.0,0.6880996972322464,0.6853978484869003,0.039560371078550816,0.09255455527454615,0.0,0.0,0.0,0.0,0.0,18473,global,0.0
5,3,lr1e-04_bs16_drop0p2_temp1p0_a0p25_b0p05__wd1e-04trmiss0_degmodglobal,16,0.0001,0.0001,0.2,1.0,0.25,0.05,lr1e-04_bs16_drop0p2_temp1p0_a0p25_b0p05__wd1e-04trmiss0_degmodglobal,3,0.6825465261936188,0.7644035220146179,0.12499999999999999,0.47298187923187923,0.23076923076923078,0.0,0.6186933219432831,0.661724641919136,0.0525284968316555,0.15379492565989494,0.0,0.0,0.0,0.0,0.0,18473,global,0.0
5,3,lr1e-04_bs16_drop0p2_temp1p0_a0p25_b0p05__wd1e-04trmiss0_degmodglobal,16,0.0001,0.0001,0.2,1.0,0.25,0.05,lr1e-04_bs16_drop0p2_temp1p0_a0p25_b0p05__wd1e-04trmiss0_degmodglobal,4,0.6529829502105713,0.7658599019050598,0.1,0.4642021173271173,0.23076923076923078,0.0,0.6236468404531479,0.6335279047489166,0.054887810721993446,0.11466127447783947,0.0,0.0,0.0,0.0,0.0,18473,global,0.0
5,3,lr1e-04_bs16_drop0p2_temp1p0_a0p25_b0p05__wd1e-04trmiss0_degmodglobal,16,0.0001,0.0001,0.2,1.0,0.25,0.05,lr1e-04_bs16_drop0p2_temp1p0_a0p25_b0p05__wd1e-04trmiss0_degmodglobal,5,0.623532623052597,0.7743609547615051,0.1,0.4642021173271173,0.23076923076923078,0.0,0.6039459556341171,0.6010442674160004,0.05940575432032347,0.15273825079202652,0.0,0.0,0.0,0.0,0.0,18473,global,0.0
5,3,lr1e-04_bs16_drop0p2_temp1p0_a0p25_b0p05__wd1e-04trmiss0_degmodglobal,16,0.0001,0.0001,0.2,1.0,0.25,0.05,lr1e-04_bs16_drop0p2_temp1p0_a0p25_b0p05__wd1e-04trmiss0_degmodglobal,6,0.6490986198186874,0.7856058478355408,0.075,0.455868783993784,0.23076923076923078,0.0,0.5892999619245529,0.6289675682783127,0.05606975965201855,0.12227213755249977,0.0,0.0,0.0,0.0,0.0,18473,global,0.0
5,3,lr1e-04_bs16_drop0p2_temp1p0_a0p25_b0p05__wd1e-04trmiss0_degmodglobal,16,0.0001,0.0001,0.2,1.0,0.25,0.05,lr1e-04_bs16_drop0p2_temp1p0_a0p25_b0p05__wd1e-04trmiss0_degmodglobal,7,0.633811742067337,0.7960134744644165,0.1,0.4642021173271173,0.23076923076923078,0.0,0.5973689556121826,0.6126506477594376,0.054881758987903595,0.14881274569779634,0.0,0.0,0.0,0.0,0.0,18473,global,0.0
5,3,lr1e-04_bs16_drop0p2_temp1p0_a0p25_b0p05__wd1e-04trmiss0_degmodglobal,16,0.0001,0.0001,0.2,1.0,0.25,0.05,lr1e-04_bs16_drop0p2_temp1p0_a0p25_b0p05__wd1e-04trmiss0_degmodglobal,8,0.6010430604219437,0.7948051691055298,0.075,0.455868783993784,0.15384615384615385,0.0,0.5718189179897308,0.5828996896743774,0.05147665645927191,0.10548419319093227,0.0,0.0,0.0,0.0,0.0,18473,global,0.0
5,3,lr1e-04_bs16_drop0p2_temp1p0_a0p25_b0p05__wd1e-04trmiss0_degmodglobal,16,0.0001,0.0001,0.2,1.0,0.25,0.05,lr1e-04_bs16_drop0p2_temp1p0_a0p25_b0p05__wd1e-04trmiss0_degmodglobal,9,0.6089483797550201,0.7844876050949097,0.04999999999999999,0.449618783993784,0.15384615384615385,0.0,0.6064255684614182,0.5918678641319275,0.04457468539476395,0.11873632669448853,0.0,0.0,0.0,0.0,0.0,18473,global,0.0
5,3,lr1e-04_bs16_drop0p2_temp1p0_a0p25_b0p05__wd1e-04trmiss0_degmodglobal,16,0.0001,0.0001,0.2,1.0,0.25,0.05,lr1e-04_bs16_drop0p2_temp1p0_a0p25_b0p05__wd1e-04trmiss0_degmodglobal,10,0.5927740931510925,0.7846112847328186,0.09999999999999998,0.46325965700965704,0.07692307692307693,0.0,0.5482020676136017,0.571281760931015,0.05699024349451065,0.1448953039944172,0.0,0.0,0.0,0.0,0.0,18473,global,0.0
5,3,lr1e-04_bs16_drop0p2_temp1p0_a0p25_b0p05__wd1e-04trmiss0_degmodglobal,16,0.0001,0.0001,0.2,1.0,0.25,0.05,lr1e-04_bs16_drop0p2_temp1p0_a0p25_b0p05__wd1e-04trmiss0_degmodglobal,11,0.5893713682889938,0.7877826690673828,0.09999999999999998,0.46325965700965704,0.07692307692307693,0.0,0.5850549191236496,0.5669755041599274,0.05671143904328346,0.16435972228646278,0.0,0.0,0.0,0.0,0.0,18473,global,0.0
5,3,lr1e-04_bs16_drop0p2_temp1p0_a0p25_b0p05__wd1e-04trmiss0_degmodglobal,16,0.0001,0.0001,0.2,1.0,0.25,0.05,lr1e-04_bs16_drop0p2_temp1p0_a0p25_b0p05__wd1e-04trmiss0_degmodglobal,12,0.6102567464113235,0.7867205739021301,0.09999999999999998,0.46325965700965704,0.07692307692307693,0.0,0.560285896062851,0.5851928889751434,0.0673318225890398,0.1646178774535656,0.0,0.0,0.0,0.0,0.0,18473,global,0.0
5,3,lr1e-04_bs16_drop0p2_temp1p0_a0p25_b0p05__wd1e-04trmiss0_degmodglobal,16,0.0001,0.0001,0.2,1.0,0.25,0.05,lr1e-04_bs16_drop0p2_temp1p0_a0p25_b0p05__wd1e-04trmiss0_degmodglobal,13,0.5762400031089783,0.7861382961273193,0.14999999999999997,0.47702228327228335,0.07692307692307693,0.0,0.5311699062585831,0.5625318065285683,0.038947613909840584,0.07942618522793055,0.0,0.0,0.0,0.0,0.0,18473,global,0.0
5,3,lr1e-04_bs16_drop0p2_temp1p0_a0p25_b0p05__wd1e-04trmiss0_degmodglobal,16,0.0001,0.0001,0.2,1.0,0.25,0.05,lr1e-04_bs16_drop0p2_temp1p0_a0p25_b0p05__wd1e-04trmiss0_degmodglobal,14,0.5850911289453506,0.7812355160713196,0.14999999999999997,0.47702228327228335,0.07692307692307693,0.0,0.5655269920825958,0.5698042660951614,0.043197065126150846,0.08975144848227501,0.0,0.0,0.0,0.0,0.0,18473,global,0.0
5,3,lr1e-04_bs16_drop0p2_temp1p0_a0p25_b0p05__wd1e-04trmiss0_degmodglobal,16,0.0001,0.0001,0.2,1.0,0.25,0.05,lr1e-04_bs16_drop0p2_temp1p0_a0p25_b0p05__wd1e-04trmiss0_degmodglobal,15,0.5707961022853851,0.787281334400177,0.14999999999999997,0.47702228327228335,0.07692307692307693,0.0,0.5372957810759544,0.5566985607147217,0.04183087591081858,0.07279639132320881,0.0,0.0,0.0,0.0,0.0,18473,global,0.0
5,3,lr1e-04_bs16_drop0p2_temp1p0_a0p25_b0p05__wd1e-04trmiss0_degmodglobal,16,0.0001,0.0001,0.2,1.0,0.25,0.05,lr1e-04_bs16_drop0p2_temp1p0_a0p25_b0p05__wd1e-04trmiss0_degmodglobal,16,0.587316170334816,0.7905316948890686,0.14999999999999997,0.47702228327228335,0.07692307692307693,0.0,0.5464190095663071,0.5696206986904144,0.05035004112869501,0.10215937532484531,0.0,0.0,0.0,0.0,0.0,18473,global,0.0
5,3,lr1e-04_bs16_drop0p2_temp1p0_a0p25_b0p05__wd1e-04trmiss0_degmodglobal,16,0.0001,0.0001,0.2,1.0,0.25,0.05,lr1e-04_bs16_drop0p2_temp1p0_a0p25_b0p05__wd1e-04trmiss0_degmodglobal,17,0.5607772916555405,0.7902935147285461,0.14999999999999997,0.47702228327228335,0.07692307692307693,0.0,0.5176661387085915,0.5428905189037323,0.050635532941669226,0.10455751651898026,0.0,0.0,0.0,0.0,0.0,18473,global,0.0
5,3,lr1e-04_bs16_drop0p2_temp1p0_a0p25_b0p05__wd1e-04trmiss0_degmodglobal,16,0.0001,0.0001,0.2,1.0,0.25,0.05,lr1e-04_bs16_drop0p2_temp1p0_a0p25_b0p05__wd1e-04trmiss0_degmodglobal,18,0.5846885740756989,0.7934926152229309,0.14999999999999997,0.47702228327228335,0.07692307692307693,0.0,0.4968665987253189,0.5612381547689438,0.06745888758450747,0.131713954731822,0.0,0.0,0.0,0.0,0.0,18473,global,0.0
5,3,lr1e-04_bs16_drop0p2_temp1p0_a0p25_b0p05__wd1e-04trmiss0_degmodglobal,16,0.0001,0.0001,0.2,1.0,0.25,0.05,lr1e-04_bs16_drop0p2_temp1p0_a0p25_b0p05__wd1e-04trmiss0_degmodglobal,19,0.5990085750818253,0.7935531735420227,0.14999999999999997,0.47702228327228335,0.07692307692307693,0.0,0.5048131421208382,0.5710753202438354,0.07871096581220627,0.1651102416217327,0.0,0.0,0.0,0.0,0.0,18473,global,0.0
5,3,lr1e-04_bs16_drop0p2_temp1p0_a0p25_b0p05__wd1e-04trmiss0_degmodglobal,16,0.0001,0.0001,0.2,1.0,0.25,0.05,lr1e-04_bs16_drop0p2_temp1p0_a0p25_b0p05__wd1e-04trmiss0_degmodglobal,20,0.5606178864836693,0.7944911122322083,0.14999999999999997,0.47702228327228335,0.07692307692307693,0.0,0.47139938175678253,0.5280146077275276,0.08912327792495489,0.20644938200712204,0.0,0.0,0.0,0.0,0.0,18473,global,0.0
5,3,lr1e-04_bs16_drop0p2_temp1p0_a0p25_b0p05__wd1e-04trmiss0_degmodglobal,16,0.0001,0.0001,0.2,1.0,0.25,0.05,lr1e-04_bs16_drop0p2_temp1p0_a0p25_b0p05__wd1e-04trmiss0_degmodglobal,21,0.5887622237205505,0.7991061806678772,0.14999999999999997,0.47702228327228335,0.07692307692307693,0.0,0.5061946138739586,0.569172590970993,0.05544675560668111,0.11455884203314781,0.0,0.0,0.0,0.0,0.0,18473,global,0.0
5,3,lr1e-04_bs16_drop0p2_temp1p0_a0p25_b0p05__wd1e-04trmiss0_degmodglobal,16,0.0001,0.0001,0.2,1.0,0.25,0.05,lr1e-04_bs16_drop0p2_temp1p0_a0p25_b0p05__wd1e-04trmiss0_degmodglobal,22,0.5549184530973434,0.8021044731140137,0.14999999999999997,0.47702228327228335,0.07692307692307693,0.0,0.5023014172911644,0.5326190814375877,0.06361800339072943,0.12789737433195114,0.0,0.0,0.0,0.0,0.0,18473,global,0.0
5,3,lr1e-04_bs16_drop0p2_temp1p0_a0p25_b0p05__wd1e-04trmiss0_degmodglobal,16,0.0001,0.0001,0.2,1.0,0.25,0.05,lr1e-04_bs16_drop0p2_temp1p0_a0p25_b0p05__wd1e-04trmiss0_degmodglobal,23,0.5780819058418274,0.7963922023773193,0.14999999999999997,0.47702228327228335,0.07692307692307693,0.0,0.49879593402147293,0.5516241639852524,0.07636343687772751,0.1473379172384739,0.0,0.0,0.0,0.0,0.0,18473,global,0.0
5,3,lr1e-04_bs16_drop0p2_temp1p0_a0p25_b0p05__wd1e-04trmiss0_degmodglobal,16,0.0001,0.0001,0.2,1.0,0.25,0.05,lr1e-04_bs16_drop0p2_temp1p0_a0p25_b0p05__wd1e-04trmiss0_degmodglobal,24,0.5828924179077148,0.7948535084724426,0.14999999999999997,0.47702228327228335,0.07692307692307693,0.0,0.4819442555308342,0.5602612346410751,0.06182011030614376,0.1435229368507862,0.0,0.0,0.0,0.0,0.0,18473,global,0.0
5,3,lr1e-04_bs16_drop0p2_temp1p0_a0p25_b0p05__wd1e-04trmiss0_degmodglobal,16,0.0001,0.0001,0.2,1.0,0.25,0.05,lr1e-04_bs16_drop0p2_temp1p0_a0p25_b0p05__wd1e-04trmiss0_degmodglobal,25,0.5673332065343857,0.7895906567573547,0.14999999999999997,0.47702228327228335,0.07692307692307693,0.0,0.4827858731150627,0.5454461723566055,0.0616968022659421,0.12925696559250355,0.0,0.0,0.0,0.0,0.0,18473,global,0.0
5,3,lr1e-04_bs16_drop0p2_temp1p0_a0p25_b0p05__wd1e-04trmiss0_degmodglobal,16,0.0001,0.0001,0.2,1.0,0.25,0.05,lr1e-04_bs16_drop0p2_temp1p0_a0p25_b0p05__wd1e-04trmiss0_degmodglobal,26,0.5725332945585251,0.7906044125556946,0.14999999999999997,0.47702228327228335,0.07692307692307693,0.0,0.4779544845223427,0.5438085049390793,0.0801495611667633,0.17374802567064762,0.0,0.0,0.0,0.0,0.0,18473,global,0.0
5,3,lr1e-04_bs16_drop0p2_temp1p0_a0p25_b0p05__wd1e-04trmiss0_degmodglobal,16,0.0001,0.0001,0.2,1.0,0.25,0.05,lr1e-04_bs16_drop0p2_temp1p0_a0p25_b0p05__wd1e-04trmiss0_degmodglobal,27,0.6160009801387787,0.7961688041687012,0.14999999999999997,0.47702228327228335,0.07692307692307693,0.0,0.5142063274979591,0.5758765786886215,0.11017459444701672,0.2516151890158653,0.0,0.0,0.0,0.0,0.0,18473,global,0.0
5,3,lr1e-04_bs16_drop0p2_temp1p0_a0p25_b0p05__wd1e-04trmiss0_degmodglobal,16,0.0001,0.0001,0.2,1.0,0.25,0.05,lr1e-04_bs16_drop0p2_temp1p0_a0p25_b0p05__wd1e-04trmiss0_degmodglobal,28,0.5953444093465805,0.7975841760635376,0.14999999999999997,0.47702228327228335,0.07692307692307693,0.0,0.5013963133096695,0.5702114850282669,0.07335898652672768,0.13586405664682388,0.0,0.0,0.0,0.0,0.0,18473,global,0.0
5,3,lr1e-04_bs16_drop0p2_temp1p0_a0p25_b0p05__wd1e-04trmiss0_degmodglobal,16,0.0001,0.0001,0.2,1.0,0.25,0.05,lr1e-04_bs16_drop0p2_temp1p0_a0p25_b0p05__wd1e-04trmiss0_degmodglobal,29,0.5779274553060532,0.7932849526405334,0.17499999999999996,0.4836510711510712,0.07692307692307693,0.0,0.4583159312605858,0.550253689289093,0.07199390418827534,0.19350532442331314,0.0,0.0,0.0,0.0,0.0,18473,global,0.0
5,3,lr1e-04_bs16_drop0p2_temp1p0_a0p25_b0p05__wd1e-04trmiss0_degmodglobal,16,0.0001,0.0001,0.2,1.0,0.25,0.05,lr1e-04_bs16_drop0p2_temp1p0_a0p25_b0p05__wd1e-04trmiss0_degmodglobal,30,0.5685431510210037,0.7975000739097595,0.17499999999999996,0.4836510711510712,0.07692307692307693,0.0,0.48569200187921524,0.5472943782806396,0.059356129728257656,0.12819460034370422,0.0,0.0,0.0,0.0,0.0,18473,global,0.0
5,3,lr1e-04_bs16_drop0p2_temp1p0_a0p25_b0p05__wd1e-04trmiss0_degmodglobal,16,0.0001,0.0001,0.2,1.0,0.25,0.05,lr1e-04_bs16_drop0p2_temp1p0_a0p25_b0p05__wd1e-04trmiss0_degmodglobal,31,0.5720740705728531,0.7957291007041931,0.14999999999999997,0.47702228327228335,0.07692307692307693,0.0,0.4800855815410614,0.545613706111908,0.07521297968924046,0.15314245223999023,0.0,0.0,0.0,0.0,0.0,18473,global,0.0
5,3,lr1e-04_bs16_drop0p2_temp1p0_a0p25_b0p05__wd1e-04trmiss0_degmodglobal,16,0.0001,0.0001,0.2,1.0,0.25,0.05,lr1e-04_bs16_drop0p2_temp1p0_a0p25_b0p05__wd1e-04trmiss0_degmodglobal,32,0.5593083053827286,0.7961192727088928,0.14999999999999997,0.47702228327228335,0.07692307692307693,0.0,0.4666392654180527,0.5347021371126175,0.07266809791326523,0.12878334429115057,0.0,0.0,0.0,0.0,0.0,18473,global,0.0
5,3,lr1e-04_bs16_drop0p2_temp1p0_a0p25_b0p05__wd1e-04trmiss0_degmodglobal,16,0.0001,0.0001,0.2,1.0,0.25,0.05,lr1e-04_bs16_drop0p2_temp1p0_a0p25_b0p05__wd1e-04trmiss0_degmodglobal,33,0.5686090141534805,0.7940905094146729,0.14999999999999997,0.47702228327228335,0.07692307692307693,0.0,0.47808170318603516,0.5375657975673676,0.08323907852172852,0.2046685740351677,0.0,0.0,0.0,0.0,0.0,18473,global,0.0
5,3,lr1e-04_bs16_drop0p2_temp1p0_a0p25_b0p05__wd1e-04trmiss0_degmodglobal,16,0.0001,0.0001,0.2,1.0,0.25,0.05,lr1e-04_bs16_drop0p2_temp1p0_a0p25_b0p05__wd1e-04trmiss0_degmodglobal,34,0.5551776438951492,0.7897481918334961,0.14999999999999997,0.47702228327228335,0.07692307692307693,0.0,0.4949442744255066,0.533379390835762,0.06548198219388723,0.10855521447956562,0.0,0.0,0.0,0.0,0.0,18473,global,0.0
5,3,lr1e-04_bs16_drop0p2_temp1p0_a0p25_b0p05__wd1e-04trmiss0_degmodglobal,16,0.0001,0.0001,0.2,1.0,0.25,0.05,lr1e-04_bs16_drop0p2_temp1p0_a0p25_b0p05__wd1e-04trmiss0_degmodglobal,35,0.5627656131982803,0.7939531207084656,0.14999999999999997,0.47702228327228335,0.07692307692307693,0.0,0.472124345600605,0.5332030430436134,0.0832052007317543,0.17522535473108292,0.0,0.0,0.0,0.0,0.0,18473,global,0.0
5,3,lr1e-04_bs16_drop0p2_temp1p0_a0p25_b0p05__wd1e-04trmiss0_degmodglobal,16,0.0001,0.0001,0.2,1.0,0.25,0.05,lr1e-04_bs16_drop0p2_temp1p0_a0p25_b0p05__wd1e-04trmiss0_degmodglobal,36,0.5494721531867981,0.7906931638717651,0.14999999999999997,0.47702228327228335,0.07692307692307693,0.0,0.45928873866796494,0.5288390964269638,0.059731049463152885,0.11400549579411745,0.0,0.0,0.0,0.0,0.0,18473,global,0.0
5,3,lr1e-04_bs16_drop0p2_temp1p0_a0p25_b0p05__wd1e-04trmiss0_degmodglobal,16,0.0001,0.0001,0.2,1.0,0.25,0.05,lr1e-04_bs16_drop0p2_temp1p0_a0p25_b0p05__wd1e-04trmiss0_degmodglobal,37,0.5652548968791962,0.7953040599822998,0.14999999999999997,0.47702228327228335,0.07692307692307693,0.0,0.45038650929927826,0.537199854850769,0.07898117788136005,0.16619527339935303,0.0,0.0,0.0,0.0,0.0,18473,global,0.0
5,3,lr1e-04_bs16_drop0p2_temp1p0_a0p25_b0p05__wd1e-04trmiss0_degmodglobal,16,0.0001,0.0001,0.2,1.0,0.25,0.05,lr1e-04_bs16_drop0p2_temp1p0_a0p25_b0p05__wd1e-04trmiss0_degmodglobal,38,0.5738379508256912,0.7945806384086609,0.14999999999999997,0.47702228327228335,0.07692307692307693,0.0,0.46802813559770584,0.5488660335540771,0.07071568351238966,0.14585979282855988,0.0,0.0,0.0,0.0,0.0,18473,global,0.0
5,3,lr1e-04_bs16_drop0p2_temp1p0_a0p25_b0p05__wd1e-04trmiss0_degmodglobal,16,0.0001,0.0001,0.2,1.0,0.25,0.05,lr1e-04_bs16_drop0p2_temp1p0_a0p25_b0p05__wd1e-04trmiss0_degmodglobal,39,0.5500517636537552,0.7954205870628357,0.17499999999999996,0.4836510711510712,0.07692307692307693,0.0,0.47968972474336624,0.5250653624534607,0.071240009739995,0.14352786540985107,0.0,0.0,0.0,0.0,0.0,18473,global,0.0
5,3,lr1e-04_bs16_drop0p2_temp1p0_a0p25_b0p05__wd1e-04trmiss0_degmodglobal,16,0.0001,0.0001,0.2,1.0,0.25,0.05,lr1e-04_bs16_drop0p2_temp1p0_a0p25_b0p05__wd1e-04trmiss0_degmodglobal,40,0.5695278495550156,0.7982320189476013,0.17499999999999996,0.4836510711510712,0.07692307692307693,0.0,0.44845254719257355,0.5426604747772217,0.07468144409358501,0.1639402061700821,0.0,0.0,0.0,0.0,0.0,18473,global,0.0
5,3,lr1e-04_bs16_drop0p2_temp1p0_a0p25_b0p05__wd1e-04trmiss0_degmodglobal,16,0.0001,0.0001,0.2,1.0,0.25,0.05,lr1e-04_bs16_drop0p2_temp1p0_a0p25_b0p05__wd1e-04trmiss0_degmodglobal,41,0.584290400147438,0.7946441769599915,0.17499999999999996,0.4836510711510712,0.07692307692307693,0.0,0.46000780910253525,0.5545597672462463,0.07741797249764204,0.20752247795462608,0.0,0.0,0.0,0.0,0.0,18473,global,0.0
5,3,lr1e-04_bs16_drop0p2_temp1p0_a0p25_b0p05__wd1e-04trmiss0_degmodglobal,16,0.0001,0.0001,0.2,1.0,0.25,0.05,lr1e-04_bs16_drop0p2_temp1p0_a0p25_b0p05__wd1e-04trmiss0_degmodglobal,42,0.5936273485422134,0.8007292151451111,0.14999999999999997,0.47702228327228335,0.07692307692307693,0.0,0.49234098196029663,0.5598618686199188,0.09553332161158323,0.19764292053878307,0.0,0.0,0.0,0.0,0.0,18473,global,0.0
5,3,lr1e-04_bs16_drop0p2_temp1p0_a0p25_b0p05__wd1e-04trmiss0_degmodglobal,16,0.0001,0.0001,0.2,1.0,0.25,0.05,lr1e-04_bs16_drop0p2_temp1p0_a0p25_b0p05__wd1e-04trmiss0_degmodglobal,43,0.5572185665369034,0.7952869534492493,0.14999999999999997,0.47702228327228335,0.07692307692307693,0.0,0.43975944072008133,0.5326837077736855,0.06955149862915277,0.14293992146849632,0.0,0.0,0.0,0.0,0.0,18473,global,0.0
5,3,lr1e-04_bs16_drop0p2_temp1p0_a0p25_b0p05__wd1e-04trmiss0_degmodglobal,16,0.0001,0.0001,0.2,1.0,0.25,0.05,lr1e-04_bs16_drop0p2_temp1p0_a0p25_b0p05__wd1e-04trmiss0_degmodglobal,44,0.5896333158016205,0.7906657457351685,0.14999999999999997,0.47702228327228335,0.07692307692307693,0.0,0.42014244943857193,0.5432278513908386,0.12105580791831017,0.3228301405906677,0.0,0.0,0.0,0.0,0.0,18473,global,0.0
5,3,lr1e-04_bs16_drop0p2_temp1p0_a0p25_b0p05__wd1e-04trmiss0_degmodglobal,16,0.0001,0.0001,0.2,1.0,0.25,0.05,lr1e-04_bs16_drop0p2_temp1p0_a0p25_b0p05__wd1e-04trmiss0_degmodglobal,45,0.5679670870304108,0.7934728860855103,0.14999999999999997,0.47702228327228335,0.07692307692307693,0.0,0.4437626600265503,0.538110762834549,0.08583690784871578,0.16794167831540108,0.0,0.0,0.0,0.0,0.0,18473,global,0.0
5,3,lr1e-04_bs16_drop0p2_temp1p0_a0p25_b0p05__wd1e-04trmiss0_degmodglobal,16,0.0001,0.0001,0.2,1.0,0.25,0.05,lr1e-04_bs16_drop0p2_temp1p0_a0p25_b0p05__wd1e-04trmiss0_degmodglobal,46,0.5925607085227966,0.7968315482139587,0.14999999999999997,0.47702228327228335,0.07692307692307693,0.0,0.4574316591024399,0.5604550093412399,0.08365819603204727,0.22382326424121857,0.0,0.0,0.0,0.0,0.0,18473,global,0.0
5,3,lr1e-04_bs16_drop0p2_temp1p0_a0p25_b0p05__wd1e-04trmiss0_degmodglobal,16,0.0001,0.0001,0.2,1.0,0.25,0.05,lr1e-04_bs16_drop0p2_temp1p0_a0p25_b0p05__wd1e-04trmiss0_degmodglobal,47,0.5577792376279831,0.7975901365280151,0.14999999999999997,0.47702228327228335,0.07692307692307693,0.0,0.4731627032160759,0.5270931571722031,0.09142185002565384,0.15661249868571758,0.0,0.0,0.0,0.0,0.0,18473,global,0.0
5,3,lr1e-04_bs16_drop0p2_temp1p0_a0p25_b0p05__wd1e-04trmiss0_degmodglobal,16,0.0001,0.0001,0.2,1.0,0.25,0.05,lr1e-04_bs16_drop0p2_temp1p0_a0p25_b0p05__wd1e-04trmiss0_degmodglobal,48,0.5701795667409897,0.7938847541809082,0.17499999999999996,0.4836510711510712,0.07692307692307693,0.0,0.4408561512827873,0.5314766466617584,0.10107241943478584,0.26869649440050125,0.0,0.0,0.0,0.0,0.0,18473,global,0.0
5,3,lr1e-04_bs16_drop0p2_temp1p0_a0p25_b0p05__wd1e-04trmiss0_degmodglobal,16,0.0001,0.0001,0.2,1.0,0.25,0.05,lr1e-04_bs16_drop0p2_temp1p0_a0p25_b0p05__wd1e-04trmiss0_degmodglobal,49,0.5644466131925583,0.7920393347740173,0.17499999999999996,0.4836510711510712,0.07692307692307693,0.0,0.4480746313929558,0.5346211344003677,0.08704435266554356,0.1612878143787384,0.0,0.0,0.0,0.0,0.0,18473,global,0.0
5,3,lr1e-04_bs16_drop0p2_temp1p0_a0p25_b0p05__wd1e-04trmiss0_degmodglobal,16,0.0001,0.0001,0.2,1.0,0.25,0.05,lr1e-04_bs16_drop0p2_temp1p0_a0p25_b0p05__wd1e-04trmiss0_degmodglobal,50,0.5533447712659836,0.7942671179771423,0.14999999999999997,0.47702228327228335,0.07692307692307693,0.0,0.4197892099618912,0.5201929360628128,0.09423469379544258,0.19186346605420113,0.0,0.0,0.0,0.0,0.0,18473,global,0.0
5,3,lr1e-04_bs16_drop0p2_temp1p0_a0p25_b0p05__wd1e-04trmiss0_degmodglobal,16,0.0001,0.0001,0.2,1.0,0.25,0.05,lr1e-04_bs16_drop0p2_temp1p0_a0p25_b0p05__wd1e-04trmiss0_degmodglobal,51,0.5676522850990295,0.7947850227355957,0.17499999999999996,0.4836510711510712,0.07692307692307693,0.0,0.42071058601140976,0.5320409685373306,0.09108236338943243,0.2568141780793667,0.0,0.0,0.0,0.0,0.0,18473,global,0.0
5,3,lr1e-04_bs16_drop0p2_temp1p0_a0p25_b0p05__wd1e-04trmiss0_degmodglobal,16,0.0001,0.0001,0.2,1.0,0.25,0.05,lr1e-04_bs16_drop0p2_temp1p0_a0p25_b0p05__wd1e-04trmiss0_degmodglobal,52,0.5901213735342026,0.7967932820320129,0.14999999999999997,0.47702228327228335,0.07692307692307693,0.0,0.4617909714579582,0.5495798289775848,0.10716378688812256,0.27501173317432404,0.0,0.0,0.0,0.0,0.0,18473,global,0.0
5,3,lr1e-04_bs16_drop0p2_temp1p0_a0p25_b0p05__wd1e-04trmiss0_degmodglobal,16,0.0001,0.0001,0.2,1.0,0.25,0.05,lr1e-04_bs16_drop0p2_temp1p0_a0p25_b0p05__wd1e-04trmiss0_degmodglobal,53,0.5782866477966309,0.7935447692871094,0.14999999999999997,0.47702228327228335,0.07692307692307693,0.0,0.45131024718284607,0.5415747687220573,0.1016394030302763,0.22604049369692802,0.0,0.0,0.0,0.0,0.0,18473,global,0.0
5,3,lr1e-04_bs16_drop0p2_temp1p0_a0p25_b0p05__wd1e-04trmiss0_degmodglobal,16,0.0001,0.0001,0.2,1.0,0.25,0.05,lr1e-04_bs16_drop0p2_temp1p0_a0p25_b0p05__wd1e-04trmiss0_degmodglobal,54,0.579782024025917,0.7982485294342041,0.14999999999999997,0.47702228327228335,0.07692307692307693,0.0,0.44336750358343124,0.5441697686910629,0.09567700047045946,0.23386012762784958,0.0,0.0,0.0,0.0,0.0,18473,global,0.0
5,3,lr1e-04_bs16_drop0p2_temp1p0_a0p25_b0p05__wd1e-04trmiss0_degmodglobal,16,0.0001,0.0001,0.2,1.0,0.25,0.05,lr1e-04_bs16_drop0p2_temp1p0_a0p25_b0p05__wd1e-04trmiss0_degmodglobal,55,0.5742871314287186,0.7975876927375793,0.14999999999999997,0.47702228327228335,0.07692307692307693,0.0,0.4456590265035629,0.5396560877561569,0.09770370274782181,0.20410244539380074,0.0,0.0,0.0,0.0,0.0,18473,global,0.0
5,3,lr1e-04_bs16_drop0p2_temp1p0_a0p25_b0p05__wd1e-04trmiss0_degmodglobal,16,0.0001,0.0001,0.2,1.0,0.25,0.05,lr1e-04_bs16_drop0p2_temp1p0_a0p25_b0p05__wd1e-04trmiss0_degmodglobal,56,0.5889430791139603,0.7963281869888306,0.14999999999999997,0.47702228327228335,0.07692307692307693,0.0,0.46043799072504044,0.5587594509124756,0.08332015108317137,0.1870720051229,0.0,0.0,0.0,0.0,0.0,18473,global,0.0
5,3,lr1e-04_bs16_drop0p2_temp1p0_a0p25_b0p05__wd1e-04trmiss0_degmodglobal,16,0.0001,0.0001,0.2,1.0,0.25,0.05,lr1e-04_bs16_drop0p2_temp1p0_a0p25_b0p05__wd1e-04trmiss0_degmodglobal,57,0.5847907215356827,0.797981858253479,0.14999999999999997,0.47702228327228335,0.07692307692307693,0.0,0.4373287260532379,0.545349583029747,0.1027630940079689,0.27500761300325394,0.0,0.0,0.0,0.0,0.0,18473,global,0.0
5,3,lr1e-04_bs16_drop0p2_temp1p0_a0p25_b0p05__wd1e-04trmiss0_degmodglobal,16,0.0001,0.0001,0.2,1.0,0.25,0.05,lr1e-04_bs16_drop0p2_temp1p0_a0p25_b0p05__wd1e-04trmiss0_degmodglobal,58,0.5745582431554794,0.7956832051277161,0.14999999999999997,0.47702228327228335,0.07692307692307693,0.0,0.4242910072207451,0.5409938991069794,0.09087099693715572,0.2169320471584797,0.0,0.0,0.0,0.0,0.0,18473,global,0.0
5,3,lr1e-04_bs16_drop0p2_temp1p0_a0p25_b0p05__wd1e-04trmiss0_degmodglobal,16,0.0001,0.0001,0.2,1.0,0.25,0.05,lr1e-04_bs16_drop0p2_temp1p0_a0p25_b0p05__wd1e-04trmiss0_degmodglobal,59,0.5741081684827805,0.7952864766120911,0.14999999999999997,0.47702228327228335,0.07692307692307693,0.0,0.44820940494537354,0.5460771024227142,0.07780525740236044,0.17159501276910305,0.0,0.0,0.0,0.0,0.0,18473,global,0.0
5,3,lr1e-04_bs16_drop0p2_temp1p0_a0p25_b0p05__wd1e-04trmiss0_degmodglobal,16,0.0001,0.0001,0.2,1.0,0.25,0.05,lr1e-04_bs16_drop0p2_temp1p0_a0p25_b0p05__wd1e-04trmiss0_degmodglobal,60,0.5926088839769363,0.7968469262123108,0.17499999999999996,0.4836510711510712,0.07692307692307693,0.0,0.44081373512744904,0.5547813773155212,0.09432625770568848,0.2849193103611469,0.0,0.0,0.0,0.0,0.0,18473,global,0.0
5,3,lr1e-04_bs16_drop0p2_temp1p0_a0p25_b0p05__wd1e-04trmiss0_degmodglobal,16,0.0001,0.0001,0.2,1.0,0.25,0.05,lr1e-04_bs16_drop0p2_temp1p0_a0p25_b0p05__wd1e-04trmiss0_degmodglobal,61,0.5717219710350037,0.7915947437286377,0.17499999999999996,0.4836510711510712,0.07692307692307693,0.0,0.415339395403862,0.5321978032588959,0.10720730572938919,0.25444696471095085,0.0,0.0,0.0,0.0,0.0,18473,global,0.0
5,3,lr1e-04_bs16_drop0p2_temp1p0_a0p25_b0p05__wd1e-04trmiss0_degmodglobal,16,0.0001,0.0001,0.2,1.0,0.25,0.05,lr1e-04_bs16_drop0p2_temp1p0_a0p25_b0p05__wd1e-04trmiss0_degmodglobal,62,0.5675260126590729,0.7972163558006287,0.14999999999999997,0.47702228327228335,0.07692307692307693,0.0,0.38649794459342957,0.5204467475414276,0.12963409908115864,0.29341504722833633,0.0,0.0,0.0,0.0,0.0,18473,global,0.0
5,3,lr1e-04_bs16_drop0p2_temp1p0_a0p25_b0p05__wd1e-04trmiss0_degmodglobal,16,0.0001,0.0001,0.2,1.0,0.25,0.05,lr1e-04_bs16_drop0p2_temp1p0_a0p25_b0p05__wd1e-04trmiss0_degmodglobal,63,0.5959465503692627,0.7943310737609863,0.17499999999999996,0.4836510711510712,0.07692307692307693,0.0,0.4136851578950882,0.5534447133541107,0.11559261754155159,0.27207357436418533,0.0,0.0,0.0,0.0,0.0,18473,global,0.0
5,3,lr1e-04_bs16_drop0p2_temp1p0_a0p25_b0p05__wd1e-04trmiss0_degmodglobal,16,0.0001,0.0001,0.2,1.0,0.25,0.05,lr1e-04_bs16_drop0p2_temp1p0_a0p25_b0p05__wd1e-04trmiss0_degmodglobal,64,0.5777788013219833,0.7920279502868652,0.17499999999999996,0.4836510711510712,0.07692307692307693,0.0,0.39703553169965744,0.5365583300590515,0.10851694084703922,0.28182459622621536,0.0,0.0,0.0,0.0,0.0,18473,global,0.0
5,3,lr1e-04_bs16_drop0p2_temp1p0_a0p25_b0p05__wd1e-04trmiss0_degmodglobal,16,0.0001,0.0001,0.2,1.0,0.25,0.05,lr1e-04_bs16_drop0p2_temp1p0_a0p25_b0p05__wd1e-04trmiss0_degmodglobal,65,0.5802146643400192,0.7943339943885803,0.17499999999999996,0.4836510711510712,0.07692307692307693,0.0,0.3947816863656044,0.5391891002655029,0.10977201908826828,0.2716515436768532,0.0,0.0,0.0,0.0,0.0,18473,global,0.0
5,3,lr1e-04_bs16_drop0p2_temp1p0_a0p25_b0p05__wd1e-04trmiss0_degmodglobal,16,0.0001,0.0001,0.2,1.0,0.25,0.05,lr1e-04_bs16_drop0p2_temp1p0_a0p25_b0p05__wd1e-04trmiss0_degmodglobal,66,0.5714127421379089,0.7953786849975586,0.17499999999999996,0.4836510711510712,0.07692307692307693,0.0,0.41236262768507004,0.5279842838644981,0.1179615743458271,0.27876120433211327,0.0,0.0,0.0,0.0,0.0,18473,global,0.0
5,3,lr1e-04_bs16_drop0p2_temp1p0_a0p25_b0p05__wd1e-04trmiss0_degmodglobal,16,0.0001,0.0001,0.2,1.0,0.25,0.05,lr1e-04_bs16_drop0p2_temp1p0_a0p25_b0p05__wd1e-04trmiss0_degmodglobal,67,0.5837681740522385,0.7951085567474365,0.17499999999999996,0.4836510711510712,0.07692307692307693,0.0,0.4109431132674217,0.5416300892829895,0.11273470893502235,0.27908819913864136,0.0,0.0,0.0,0.0,0.0,18473,global,0.0
5,3,lr1e-04_bs16_drop0p2_temp1p0_a0p25_b0p05__wd1e-04trmiss0_degmodglobal,16,0.0001,0.0001,0.2,1.0,0.25,0.05,lr1e-04_bs16_drop0p2_temp1p0_a0p25_b0p05__wd1e-04trmiss0_degmodglobal,68,0.5978211015462875,0.7932903170585632,0.17499999999999996,0.4836510711510712,0.07692307692307693,0.0,0.38963086158037186,0.5499470233917236,0.11971996910870075,0.3588816747069359,0.0,0.0,0.0,0.0,0.0,18473,global,0.0
5,3,lr1e-04_bs16_drop0p2_temp1p0_a0p25_b0p05__wd1e-04trmiss0_degmodglobal,16,0.0001,0.0001,0.2,1.0,0.25,0.05,lr1e-04_bs16_drop0p2_temp1p0_a0p25_b0p05__wd1e-04trmiss0_degmodglobal,69,0.5803058966994286,0.7921299934387207,0.17499999999999996,0.4836510711510712,0.07692307692307693,0.0,0.42914245277643204,0.5428481101989746,0.09731699340045452,0.26257048919796944,0.0,0.0,0.0,0.0,0.0,18473,global,0.0
5,3,lr1e-04_bs16_drop0p2_temp1p0_a0p25_b0p05__wd1e-04trmiss0_degmodglobal,16,0.0001,0.0001,0.2,1.0,0.25,0.05,lr1e-04_bs16_drop0p2_temp1p0_a0p25_b0p05__wd1e-04trmiss0_degmodglobal,70,0.5867602974176407,0.7901785969734192,0.17499999999999996,0.4836510711510712,0.07692307692307693,0.0,0.40761491656303406,0.545836478471756,0.10808419808745384,0.27805542945861816,0.0,0.0,0.0,0.0,0.0,18473,global,0.0
5,3,lr1e-04_bs16_drop0p2_temp1p0_a0p25_b0p05__wd1e-04trmiss0_degmodglobal,16,0.0001,0.0001,0.2,1.0,0.25,0.05,lr1e-04_bs16_drop0p2_temp1p0_a0p25_b0p05__wd1e-04trmiss0_degmodglobal,71,0.5731423944234848,0.7960678339004517,0.14999999999999997,0.47702228327228335,0.07692307692307693,0.0,0.3892969712615013,0.5339128375053406,0.10523996129631996,0.25839094817638397,0.0,0.0,0.0,0.0,0.0,18473,global,0.0
5,3,lr1e-04_bs16_drop0p2_temp1p0_a0p25_b0p05__wd1e-04trmiss0_degmodglobal,16,0.0001,0.0001,0.2,1.0,0.25,0.05,lr1e-04_bs16_drop0p2_temp1p0_a0p25_b0p05__wd1e-04trmiss0_degmodglobal,72,0.5835847109556198,0.7957695126533508,0.14999999999999997,0.47702228327228335,0.07692307692307693,0.0,0.41046034544706345,0.5433792173862457,0.10834057070314884,0.2624070830643177,0.0,0.0,0.0,0.0,0.0,18473,global,0.0
5,3,lr1e-04_bs16_drop0p2_temp1p0_a0p25_b0p05__wd1e-04trmiss0_degmodglobal,16,0.0001,0.0001,0.2,1.0,0.25,0.05,lr1e-04_bs16_drop0p2_temp1p0_a0p25_b0p05__wd1e-04trmiss0_degmodglobal,73,0.5971415638923645,0.7991195321083069,0.14999999999999997,0.47702228327228335,0.07692307692307693,0.0,0.4307352900505066,0.5478461682796478,0.1312144286930561,0.32983605936169624,0.0,0.0,0.0,0.0,0.0,18473,global,0.0
5,3,lr1e-04_bs16_drop0p2_temp1p0_a0p25_b0p05__wd1e-04trmiss0_degmodglobal,16,0.0001,0.0001,0.2,1.0,0.25,0.05,lr1e-04_bs16_drop0p2_temp1p0_a0p25_b0p05__wd1e-04trmiss0_degmodglobal,74,0.5892274528741837,0.7985698580741882,0.17499999999999996,0.4836510711510712,0.07692307692307693,0.0,0.41665780544281006,0.5460095480084419,0.1150750145316124,0.2889828681945801,0.0,0.0,0.0,0.0,0.0,18473,global,0.0
5,3,lr1e-04_bs16_drop0p2_temp1p0_a0p25_b0p05__wd1e-04trmiss0_degmodglobal,16,0.0001,0.0001,0.2,1.0,0.25,0.05,lr1e-04_bs16_drop0p2_temp1p0_a0p25_b0p05__wd1e-04trmiss0_degmodglobal,75,0.6026477515697479,0.7931154370307922,0.17499999999999996,0.4836510711510712,0.07692307692307693,0.0,0.41835199296474457,0.5534047186374664,0.13693796657025814,0.30017051845788956,0.0,0.0,0.0,0.0,0.0,18473,global,0.0
5,3,lr1e-04_bs16_drop0p2_temp1p0_a0p25_b0p05__wd1e-04trmiss0_degmodglobal,16,0.0001,0.0001,0.2,1.0,0.25,0.05,lr1e-04_bs16_drop0p2_temp1p0_a0p25_b0p05__wd1e-04trmiss0_degmodglobal,76,0.5947828441858292,0.7952841520309448,0.17499999999999996,0.4836510711510712,0.07692307692307693,0.0,0.39937592297792435,0.546183779835701,0.12674985639750957,0.3382321931421757,0.0,0.0,0.0,0.0,0.0,18473,global,0.0
5,3,lr1e-04_bs16_drop0p2_temp1p0_a0p25_b0p05__wd1e-04trmiss0_degmodglobal,16,0.0001,0.0001,0.2,1.0,0.25,0.05,lr1e-04_bs16_drop0p2_temp1p0_a0p25_b0p05__wd1e-04trmiss0_degmodglobal,77,0.5905034393072128,0.7947207689285278,0.17499999999999996,0.4836510711510712,0.07692307692307693,0.0,0.3852793872356415,0.5410077720880508,0.13313583843410015,0.32423415780067444,0.0,0.0,0.0,0.0,0.0,18473,global,0.0
5,3,lr1e-04_bs16_drop0p2_temp1p0_a0p25_b0p05__wd1e-04trmiss0_degmodglobal,16,0.0001,0.0001,0.2,1.0,0.25,0.05,lr1e-04_bs16_drop0p2_temp1p0_a0p25_b0p05__wd1e-04trmiss0_degmodglobal,78,0.5961352735757828,0.7948715090751648,0.17499999999999996,0.4836510711510712,0.07692307692307693,0.0,0.42082463949918747,0.5495100319385529,0.12123503722250462,0.3263298012316227,0.0,0.0,0.0,0.0,0.0,18473,global,0.0
5,3,lr1e-04_bs16_drop0p2_temp1p0_a0p25_b0p05__wd1e-04trmiss0_degmodglobal,16,0.0001,0.0001,0.2,1.0,0.25,0.05,lr1e-04_bs16_drop0p2_temp1p0_a0p25_b0p05__wd1e-04trmiss0_degmodglobal,79,0.6324388235807419,0.8018160462379456,0.14999999999999997,0.47702228327228335,0.07692307692307693,0.0,0.42822183668613434,0.5877538770437241,0.11732920818030834,0.3070529140532017,0.0,0.0,0.0,0.0,0.0,18473,global,0.0
5,3,lr1e-04_bs16_drop0p2_temp1p0_a0p25_b0p05__wd1e-04trmiss0_degmodglobal,16,0.0001,0.0001,0.2,1.0,0.25,0.05,lr1e-04_bs16_drop0p2_temp1p0_a0p25_b0p05__wd1e-04trmiss0_degmodglobal,80,0.5963751673698425,0.8018152117729187,0.14999999999999997,0.47702228327228335,0.07692307692307693,0.0,0.3962376117706299,0.5441465228796005,0.14097713492810726,0.33968695998191833,0.0,0.0,0.0,0.0,0.0,18473,global,0.0
5,3,lr1e-04_bs16_drop0p2_temp2p0_a0p25_b0p05__wd1e-04trmiss0_degmodglobal,16,0.0001,0.0001,0.2,2.0,0.25,0.05,lr1e-04_bs16_drop0p2_temp2p0_a0p25_b0p05__wd1e-04trmiss0_degmodglobal,1,0.7504713088274002,0.7299615740776062,0.15000000000000002,0.4798271173271173,0.3076923076923077,0.0,0.6753300875425339,0.7387866526842117,0.028099745977669954,0.09319481067359447,0.0,0.0,0.0,0.0,0.0,18473,global,0.0
5,3,lr1e-04_bs16_drop0p2_temp2p0_a0p25_b0p05__wd1e-04trmiss0_degmodglobal,16,0.0001,0.0001,0.2,2.0,0.25,0.05,lr1e-04_bs16_drop0p2_temp2p0_a0p25_b0p05__wd1e-04trmiss0_degmodglobal,2,0.7140285074710846,0.7527711987495422,0.15,0.487118783993784,0.3076923076923077,0.0,0.6500673294067383,0.7010644525289536,0.03186561306938529,0.09995292313396931,0.0,0.0,0.0,0.0,0.0,18473,global,0.0
5,3,lr1e-04_bs16_drop0p2_temp2p0_a0p25_b0p05__wd1e-04trmiss0_degmodglobal,16,0.0001,0.0001,0.2,2.0,0.25,0.05,lr1e-04_bs16_drop0p2_temp2p0_a0p25_b0p05__wd1e-04trmiss0_degmodglobal,3,0.6840367913246155,0.7604806423187256,0.125,0.474618783993784,0.3076923076923077,0.0,0.6168375611305237,0.6690496653318405,0.03627279121428728,0.11837859451770782,0.0,0.0,0.0,0.0,0.0,18473,global,0.0
5,3,lr1e-04_bs16_drop0p2_temp2p0_a0p25_b0p05__wd1e-04trmiss0_degmodglobal,16,0.0001,0.0001,0.2,2.0,0.25,0.05,lr1e-04_bs16_drop0p2_temp2p0_a0p25_b0p05__wd1e-04trmiss0_degmodglobal,4,0.6410342305898666,0.765692949295044,0.1,0.4642021173271173,0.3076923076923077,0.0,0.5891125053167343,0.6283595412969589,0.03188685001805425,0.0940597839653492,0.0,0.0,0.0,0.0,0.0,18473,global,0.0
5,3,lr1e-04_bs16_drop0p2_temp2p0_a0p25_b0p05__wd1e-04trmiss0_degmodglobal,16,0.0001,0.0001,0.2,2.0,0.25,0.05,lr1e-04_bs16_drop0p2_temp2p0_a0p25_b0p05__wd1e-04trmiss0_degmodglobal,5,0.6192068010568619,0.7730318307876587,0.1,0.4642021173271173,0.3076923076923077,0.0,0.5808767825365067,0.6080430150032043,0.02864262228831649,0.08006221801042557,0.0,0.0,0.0,0.0,0.0,18473,global,0.0
5,3,lr1e-04_bs16_drop0p2_temp2p0_a0p25_b0p05__wd1e-04trmiss0_degmodglobal,16,0.0001,0.0001,0.2,2.0,0.25,0.05,lr1e-04_bs16_drop0p2_temp2p0_a0p25_b0p05__wd1e-04trmiss0_degmodglobal,6,0.5925360321998596,0.7746586799621582,0.125,0.4708985458985459,0.23076923076923078,0.0,0.5600606799125671,0.5765559077262878,0.037683069705963135,0.131187342107296,0.0,0.0,0.0,0.0,0.0,18473,global,0.0
5,3,lr1e-04_bs16_drop0p2_temp2p0_a0p25_b0p05__wd1e-04trmiss0_degmodglobal,16,0.0001,0.0001,0.2,2.0,0.25,0.05,lr1e-04_bs16_drop0p2_temp2p0_a0p25_b0p05__wd1e-04trmiss0_degmodglobal,7,0.6177374124526978,0.773114025592804,0.19999999999999998,0.49160561660561664,0.15384615384615385,0.0,0.5808632224798203,0.603274405002594,0.038307338021695614,0.09772325493395329,0.0,0.0,0.0,0.0,0.0,18473,global,0.0
5,3,lr1e-04_bs16_drop0p2_temp2p0_a0p25_b0p05__wd1e-04trmiss0_degmodglobal,16,0.0001,0.0001,0.2,2.0,0.25,0.05,lr1e-04_bs16_drop0p2_temp2p0_a0p25_b0p05__wd1e-04trmiss0_degmodglobal,8,0.6076993644237518,0.7723698616027832,0.19999999999999998,0.49160561660561664,0.15384615384615385,0.0,0.5562718063592911,0.5971107631921768,0.02548864111304283,0.08432860393077135,0.0,0.0,0.0,0.0,0.0,18473,global,0.0
5,3,lr1e-04_bs16_drop0p2_temp2p0_a0p25_b0p05__wd1e-04trmiss0_degmodglobal,16,0.0001,0.0001,0.2,2.0,0.25,0.05,lr1e-04_bs16_drop0p2_temp2p0_a0p25_b0p05__wd1e-04trmiss0_degmodglobal,9,0.5869873464107513,0.7721350789070129,0.19999999999999998,0.49160561660561664,0.15384615384615385,0.0,0.5504237711429596,0.5728068351745605,0.03584786457940936,0.10437067411839962,0.0,0.0,0.0,0.0,0.0,18473,global,0.0
5,3,lr1e-04_bs16_drop0p2_temp2p0_a0p25_b0p05__wd1e-04trmiss0_degmodglobal,16,0.0001,0.0001,0.2,2.0,0.25,0.05,lr1e-04_bs16_drop0p2_temp2p0_a0p25_b0p05__wd1e-04trmiss0_degmodglobal,10,0.5718390196561813,0.7721534371376038,0.19999999999999998,0.49160561660561664,0.15384615384615385,0.0,0.5164338499307632,0.5575709342956543,0.035692415200173855,0.10689958557486534,0.0,0.0,0.0,0.0,0.0,18473,global,0.0
5,3,lr1e-04_bs16_drop0p2_temp2p0_a0p25_b0p05__wd1e-04trmiss0_degmodglobal,16,0.0001,0.0001,0.2,2.0,0.25,0.05,lr1e-04_bs16_drop0p2_temp2p0_a0p25_b0p05__wd1e-04trmiss0_degmodglobal,11,0.59416863322258,0.7755739092826843,0.19999999999999998,0.49160561660561664,0.15384615384615385,0.0,0.5221374034881592,0.5718421638011932,0.0537823848426342,0.1776174157857895,0.0,0.0,0.0,0.0,0.0,18473,global,0.0
5,3,lr1e-04_bs16_drop0p2_temp2p0_a0p25_b0p05__wd1e-04trmiss0_degmodglobal,16,0.0001,0.0001,0.2,2.0,0.25,0.05,lr1e-04_bs16_drop0p2_temp2p0_a0p25_b0p05__wd1e-04trmiss0_degmodglobal,12,0.5862211138010025,0.7765350341796875,0.19999999999999998,0.49160561660561664,0.15384615384615385,0.0,0.5451758280396461,0.573065310716629,0.03349198866635561,0.0956561965867877,0.0,0.0,0.0,0.0,0.0,18473,global,0.0
5,3,lr1e-04_bs16_drop0p2_temp2p0_a0p25_b0p05__wd1e-04trmiss0_degmodglobal,16,0.0001,0.0001,0.2,2.0,0.25,0.05,lr1e-04_bs16_drop0p2_temp2p0_a0p25_b0p05__wd1e-04trmiss0_degmodglobal,13,0.5803355574607849,0.7720761299133301,0.19999999999999998,0.49160561660561664,0.15384615384615385,0.0,0.5265404134988785,0.5619278401136398,0.04442640906199813,0.1460220217704773,0.0,0.0,0.0,0.0,0.0,18473,global,0.0
5,3,lr1e-04_bs16_drop0p2_temp2p0_a0p25_b0p05__wd1e-04trmiss0_degmodglobal,16,0.0001,0.0001,0.2,2.0,0.25,0.05,lr1e-04_bs16_drop0p2_temp2p0_a0p25_b0p05__wd1e-04trmiss0_degmodglobal,14,0.5816952958703041,0.7711688876152039,0.25,0.5071629759129759,0.15384615384615385,0.0,0.5553496032953262,0.568440169095993,0.03357622725889087,0.09722142107784748,0.0,0.0,0.0,0.0,0.0,18473,global,0.0
5,3,lr1e-04_bs16_drop0p2_temp2p0_a0p25_b0p05__wd1e-04trmiss0_degmodglobal,16,0.0001,0.0001,0.2,2.0,0.25,0.05,lr1e-04_bs16_drop0p2_temp2p0_a0p25_b0p05__wd1e-04trmiss0_degmodglobal,15,0.5586076527833939,0.7696571350097656,0.19999999999999996,0.4899010711510712,0.15384615384615385,0.0,0.5280618667602539,0.5422085523605347,0.04459303617477417,0.10501673817634583,0.0,0.0,0.0,0.0,0.0,18473,global,0.0
5,3,lr1e-04_bs16_drop0p2_temp2p0_a0p25_b0p05__wd1e-04trmiss0_degmodglobal,16,0.0001,0.0001,0.2,2.0,0.25,0.05,lr1e-04_bs16_drop0p2_temp2p0_a0p25_b0p05__wd1e-04trmiss0_degmodglobal,16,0.55790776014328,0.7664070129394531,0.22499999999999998,0.49631132756132756,0.15384615384615385,0.0,0.5252665430307388,0.5461704805493355,0.030883372761309147,0.08032849244773388,0.0,0.0,0.0,0.0,0.0,18473,global,0.0
5,3,lr1e-04_bs16_drop0p2_temp2p0_a0p25_b0p05__wd1e-04trmiss0_degmodglobal,16,0.0001,0.0001,0.2,2.0,0.25,0.05,lr1e-04_bs16_drop0p2_temp2p0_a0p25_b0p05__wd1e-04trmiss0_degmodglobal,17,0.5975504517555237,0.7685170769691467,0.19999999999999996,0.4900613275613276,0.23076923076923078,0.0,0.5333334356546402,0.5849102064967155,0.031299394089728594,0.09630780667066574,0.0,0.0,0.0,0.0,0.0,18473,global,0.0
5,3,lr1e-04_bs16_drop0p2_temp2p0_a0p25_b0p05__wd1e-04trmiss0_degmodglobal,16,0.0001,0.0001,0.2,2.0,0.25,0.05,lr1e-04_bs16_drop0p2_temp2p0_a0p25_b0p05__wd1e-04trmiss0_degmodglobal,18,0.5639830604195595,0.7680562138557434,0.22499999999999998,0.49631132756132756,0.23076923076923078,0.0,0.5021250993013382,0.5451424047350883,0.04478347487747669,0.1528956489637494,0.0,0.0,0.0,0.0,0.0,18473,global,0.0
5,3,lr1e-04_bs16_drop0p2_temp2p0_a0p25_b0p05__wd1e-04trmiss0_degmodglobal,16,0.0001,0.0001,0.2,2.0,0.25,0.05,lr1e-04_bs16_drop0p2_temp2p0_a0p25_b0p05__wd1e-04trmiss0_degmodglobal,19,0.5931581929326057,0.7688140273094177,0.22499999999999998,0.49631132756132756,0.23076923076923078,0.0,0.5307163000106812,0.5806053578853607,0.03185892850160599,0.0917618926614523,0.0,0.0,0.0,0.0,0.0,18473,global,0.0
5,3,lr1e-04_bs16_drop0p2_temp2p0_a0p25_b0p05__wd1e-04trmiss0_degmodglobal,16,0.0001,0.0001,0.2,2.0,0.25,0.05,lr1e-04_bs16_drop0p2_temp2p0_a0p25_b0p05__wd1e-04trmiss0_degmodglobal,20,0.5667603015899658,0.7681255340576172,0.22499999999999998,0.49631132756132756,0.23076923076923078,0.0,0.508499875664711,0.5524550080299377,0.03745103161782026,0.09885121136903763,0.0,0.0,0.0,0.0,0.0,18473,global,0.0
5,3,lr1e-04_bs16_drop0p2_temp2p0_a0p25_b0p05__wd1e-04trmiss0_degmodglobal,16,0.0001,0.0001,0.2,2.0,0.25,0.05,lr1e-04_bs16_drop0p2_temp2p0_a0p25_b0p05__wd1e-04trmiss0_degmodglobal,21,0.5597206354141235,0.7646823525428772,0.22499999999999998,0.49631132756132756,0.15384615384615385,0.0,0.49218395352363586,0.5445922017097473,0.03970226785168052,0.10405763238668442,0.0,0.0,0.0,0.0,0.0,18473,global,0.0
5,3,lr1e-04_bs16_drop0p2_temp2p0_a0p25_b0p05__wd1e-04trmiss0_degmodglobal,16,0.0001,0.0001,0.2,2.0,0.25,0.05,lr1e-04_bs16_drop0p2_temp2p0_a0p25_b0p05__wd1e-04trmiss0_degmodglobal,22,0.5400625020265579,0.7667143940925598,0.22499999999999998,0.49631132756132756,0.23076923076923078,0.0,0.4860818237066269,0.5243089720606804,0.04041650192812085,0.11298803798854351,0.0,0.0,0.0,0.0,0.0,18473,global,0.0
5,3,lr1e-04_bs16_drop0p2_temp2p0_a0p25_b0p05__wd1e-04trmiss0_degmodglobal,16,0.0001,0.0001,0.2,2.0,0.25,0.05,lr1e-04_bs16_drop0p2_temp2p0_a0p25_b0p05__wd1e-04trmiss0_degmodglobal,23,0.5612950026988983,0.7681190967559814,0.22499999999999998,0.49631132756132756,0.23076923076923078,0.0,0.4749797061085701,0.5441719740629196,0.04208317771553993,0.13204485550522804,0.0,0.0,0.0,0.0,0.0,18473,global,0.0
5,3,lr1e-04_bs16_drop0p2_temp2p0_a0p25_b0p05__wd1e-04trmiss0_degmodglobal,16,0.0001,0.0001,0.2,2.0,0.25,0.05,lr1e-04_bs16_drop0p2_temp2p0_a0p25_b0p05__wd1e-04trmiss0_degmodglobal,24,0.56400927901268,0.7690780758857727,0.19999999999999996,0.4900613275613276,0.23076923076923078,0.0,0.500788688659668,0.5487209260463715,0.03678773110732436,0.12182856351137161,0.0,0.0,0.0,0.0,0.0,18473,global,0.0
5,3,lr1e-04_bs16_drop0p2_temp2p0_a0p25_b0p05__wd1e-04trmiss0_degmodglobal,16,0.0001,0.0001,0.2,2.0,0.25,0.05,lr1e-04_bs16_drop0p2_temp2p0_a0p25_b0p05__wd1e-04trmiss0_degmodglobal,25,0.5327509865164757,0.7675146460533142,0.22499999999999998,0.49631132756132756,0.15384615384615385,0.0,0.4690601974725723,0.516897939145565,0.03693831944838166,0.1323696505278349,0.0,0.0,0.0,0.0,0.0,18473,global,0.0
5,3,lr1e-04_bs16_drop0p2_temp2p0_a0p25_b0p05__wd1e-04trmiss0_degmodglobal,16,0.0001,0.0001,0.2,2.0,0.25,0.05,lr1e-04_bs16_drop0p2_temp2p0_a0p25_b0p05__wd1e-04trmiss0_degmodglobal,26,0.5354706943035126,0.767310380935669,0.22499999999999998,0.49631132756132756,0.15384615384615385,0.0,0.46795012801885605,0.5214238911867142,0.03546387702226639,0.10361647233366966,0.0,0.0,0.0,0.0,0.0,18473,global,0.0
5,3,lr1e-04_bs16_drop0p2_temp2p0_a0p25_b0p05__wd1e-04trmiss0_degmodglobal,16,0.0001,0.0001,0.2,2.0,0.25,0.05,lr1e-04_bs16_drop0p2_temp2p0_a0p25_b0p05__wd1e-04trmiss0_degmodglobal,27,0.5610696077346802,0.7668850421905518,0.19999999999999996,0.4900613275613276,0.23076923076923078,0.0,0.497378334403038,0.5484392419457436,0.03249093587510288,0.09015254210680723,0.0,0.0,0.0,0.0,0.0,18473,global,0.0
5,3,lr1e-04_bs16_drop0p2_temp2p0_a0p25_b0p05__wd1e-04trmiss0_degmodglobal,16,0.0001,0.0001,0.2,2.0,0.25,0.05,lr1e-04_bs16_drop0p2_temp2p0_a0p25_b0p05__wd1e-04trmiss0_degmodglobal,28,0.5849955379962921,0.7661342024803162,0.22499999999999998,0.49631132756132756,0.15384615384615385,0.0,0.5109644457697868,0.5670488178730011,0.04541680123656988,0.13185086380690336,0.0,0.0,0.0,0.0,0.0,18473,global,0.0
5,3,lr1e-04_bs16_drop0p2_temp2p0_a0p25_b0p05__wd1e-04trmiss0_degmodglobal,16,0.0001,0.0001,0.2,2.0,0.25,0.05,lr1e-04_bs16_drop0p2_temp2p0_a0p25_b0p05__wd1e-04trmiss0_degmodglobal,29,0.5709922611713409,0.76651531457901,0.22499999999999998,0.49631132756132756,0.15384615384615385,0.0,0.49871163070201874,0.557912215590477,0.029935014434158802,0.11192581988871098,0.0,0.0,0.0,0.0,0.0,18473,global,0.0
5,3,lr1e-04_bs16_drop0p2_temp2p0_a0p25_b0p05__wd1e-04trmiss0_degmodglobal,16,0.0001,0.0001,0.2,2.0,0.25,0.05,lr1e-04_bs16_drop0p2_temp2p0_a0p25_b0p05__wd1e-04trmiss0_degmodglobal,30,0.5464620962738991,0.7665625810623169,0.22499999999999998,0.49631132756132756,0.15384615384615385,0.0,0.47552862763404846,0.5312249511480331,0.03878885740414262,0.11079879477620125,0.0,0.0,0.0,0.0,0.0,18473,global,0.0
5,3,lr1e-04_bs16_drop0p2_temp2p0_a0p25_b0p05__wd1e-04trmiss0_degmodglobal,16,0.0001,0.0001,0.2,2.0,0.25,0.05,lr1e-04_bs16_drop0p2_temp2p0_a0p25_b0p05__wd1e-04trmiss0_degmodglobal,31,0.5569695979356766,0.7665672302246094,0.22499999999999998,0.49631132756132756,0.15384615384615385,0.0,0.47899022698402405,0.5354067459702492,0.0524255596101284,0.16912919282913208,0.0,0.0,0.0,0.0,0.0,18473,global,0.0
5,3,lr1e-04_bs16_drop0p2_temp2p0_a0p25_b0p05__wd1e-04trmiss0_degmodglobal,16,0.0001,0.0001,0.2,2.0,0.25,0.05,lr1e-04_bs16_drop0p2_temp2p0_a0p25_b0p05__wd1e-04trmiss0_degmodglobal,32,0.5516137778759003,0.7659231424331665,0.22499999999999998,0.49631132756132756,0.23076923076923078,0.0,0.4697718769311905,0.5346115231513977,0.04119054973125458,0.13409225828945637,0.0,0.0,0.0,0.0,0.0,18473,global,0.0
5,3,lr1e-04_bs16_drop0p2_temp2p0_a0p25_b0p05__wd1e-04trmiss0_degmodglobal,16,0.0001,0.0001,0.2,2.0,0.25,0.05,lr1e-04_bs16_drop0p2_temp2p0_a0p25_b0p05__wd1e-04trmiss0_degmodglobal,33,0.555629163980484,0.7657752633094788,0.22499999999999998,0.49631132756132756,0.23076923076923078,0.0,0.4811147078871727,0.5373761355876923,0.041519174352288246,0.15746473893523216,0.0,0.0,0.0,0.0,0.0,18473,global,0.0
5,3,lr1e-04_bs16_drop0p2_temp2p0_a0p25_b0p05__wd1e-04trmiss0_degmodglobal,16,0.0001,0.0001,0.2,2.0,0.25,0.05,lr1e-04_bs16_drop0p2_temp2p0_a0p25_b0p05__wd1e-04trmiss0_degmodglobal,34,0.5462188869714737,0.7651830315589905,0.19999999999999996,0.4900613275613276,0.23076923076923078,0.0,0.5055570006370544,0.5328222662210464,0.03340943343937397,0.1008852981030941,0.0,0.0,0.0,0.0,0.0,18473,global,0.0
5,3,lr1e-04_bs16_drop0p4_temp1p0_a0p25_b0p05__wd1e-04trmiss0_degmodglobal,16,0.0001,0.0001,0.4,1.0,0.25,0.05,lr1e-04_bs16_drop0p4_temp1p0_a0p25_b0p05__wd1e-04trmiss0_degmodglobal,1,0.7634138464927673,0.7062439322471619,0.375,0.5579184704184704,0.46153846153846156,0.0,0.6853159219026566,0.7374022901058197,0.06906811241060495,0.1748909056186676,0.0,0.0,0.0,0.0,0.0,18473,global,0.0
5,3,lr1e-04_bs16_drop0p4_temp1p0_a0p25_b0p05__wd1e-04trmiss0_degmodglobal,16,0.0001,0.0001,0.4,1.0,0.25,0.05,lr1e-04_bs16_drop0p4_temp1p0_a0p25_b0p05__wd1e-04trmiss0_degmodglobal,2,0.6749018281698227,0.7168698906898499,0.24999999999999997,0.5046446608946609,0.38461538461538464,0.0,0.6524858176708221,0.6426150649785995,0.08220973145216703,0.2346867211163044,0.0,0.0,0.0,0.0,0.0,18473,global,0.0
5,3,lr1e-04_bs16_drop0p4_temp1p0_a0p25_b0p05__wd1e-04trmiss0_degmodglobal,16,0.0001,0.0001,0.4,1.0,0.25,0.05,lr1e-04_bs16_drop0p4_temp1p0_a0p25_b0p05__wd1e-04trmiss0_degmodglobal,3,0.6948392242193222,0.7276370525360107,0.19999999999999996,0.4900613275613276,0.3076923076923077,0.0,0.6392295807600021,0.6663735806941986,0.07824153080582619,0.1781048011034727,0.0,0.0,0.0,0.0,0.0,18473,global,0.0
5,3,lr1e-04_bs16_drop0p4_temp1p0_a0p25_b0p05__wd1e-04trmiss0_degmodglobal,16,0.0001,0.0001,0.4,1.0,0.25,0.05,lr1e-04_bs16_drop0p4_temp1p0_a0p25_b0p05__wd1e-04trmiss0_degmodglobal,4,0.6494235545396805,0.7326968312263489,0.19999999999999996,0.4900613275613276,0.07692307692307693,0.0,0.6400680691003799,0.6253110766410828,0.06420325674116611,0.16123325563967228,0.0,0.0,0.0,0.0,0.0,18473,global,0.0
5,3,lr1e-04_bs16_drop0p4_temp1p0_a0p25_b0p05__wd1e-04trmiss0_degmodglobal,16,0.0001,0.0001,0.4,1.0,0.25,0.05,lr1e-04_bs16_drop0p4_temp1p0_a0p25_b0p05__wd1e-04trmiss0_degmodglobal,5,0.6659355908632278,0.7347276210784912,0.17499999999999996,0.4836510711510712,0.3076923076923077,0.0,0.5805042237043381,0.6412700414657593,0.06459588091820478,0.17033204808831215,0.0,0.0,0.0,0.0,0.0,18473,global,0.0
5,3,lr1e-04_bs16_drop0p4_temp1p0_a0p25_b0p05__wd1e-04trmiss0_degmodglobal,16,0.0001,0.0001,0.4,1.0,0.25,0.05,lr1e-04_bs16_drop0p4_temp1p0_a0p25_b0p05__wd1e-04trmiss0_degmodglobal,6,0.6454983353614807,0.7360332608222961,0.25,0.5071629759129759,0.38461538461538464,0.0,0.577364593744278,0.6220877170562744,0.06676047947257757,0.13441014289855957,0.0,0.0,0.0,0.0,0.0,18473,global,0.0
5,3,lr1e-04_bs16_drop0p4_temp1p0_a0p25_b0p05__wd1e-04trmiss0_degmodglobal,16,0.0001,0.0001,0.4,1.0,0.25,0.05,lr1e-04_bs16_drop0p4_temp1p0_a0p25_b0p05__wd1e-04trmiss0_degmodglobal,7,0.6321713626384735,0.7412031888961792,0.275,0.5160915473415473,0.46153846153846156,0.0,0.5823011845350266,0.6019905060529709,0.07491146307438612,0.22905965708196163,0.0,0.0,0.0,0.0,0.0,18473,global,0.0
5,3,lr1e-04_bs16_drop0p4_temp1p0_a0p25_b0p05__wd1e-04trmiss0_degmodglobal,16,0.0001,0.0001,0.4,1.0,0.25,0.05,lr1e-04_bs16_drop0p4_temp1p0_a0p25_b0p05__wd1e-04trmiss0_degmodglobal,8,0.6148940026760101,0.7467665672302246,0.275,0.5160915473415473,0.46153846153846156,0.0,0.5392993539571762,0.5879673212766647,0.0726460199803114,0.17530331388115883,0.0,0.0,0.0,0.0,0.0,18473,global,0.0
5,3,lr1e-04_bs16_drop0p4_temp1p0_a0p25_b0p05__wd1e-04trmiss0_degmodglobal,16,0.0001,0.0001,0.4,1.0,0.25,0.05,lr1e-04_bs16_drop0p4_temp1p0_a0p25_b0p05__wd1e-04trmiss0_degmodglobal,9,0.5946334451436996,0.7504620552062988,0.275,0.5160915473415473,0.46153846153846156,0.0,0.5398450791835785,0.5647398829460144,0.08050355594605207,0.19535339251160622,0.0,0.0,0.0,0.0,0.0,18473,global,0.0
5,3,lr1e-04_bs16_drop0p4_temp1p0_a0p25_b0p05__wd1e-04trmiss0_degmodglobal,16,0.0001,0.0001,0.4,1.0,0.25,0.05,lr1e-04_bs16_drop0p4_temp1p0_a0p25_b0p05__wd1e-04trmiss0_degmodglobal,10,0.6056332588195801,0.7536230087280273,0.275,0.5160915473415473,0.38461538461538464,0.0,0.5357588976621628,0.5722164809703827,0.09221392311155796,0.2072654366493225,0.0,0.0,0.0,0.0,0.0,18473,global,0.0
5,3,lr1e-04_bs16_drop0p4_temp1p0_a0p25_b0p05__wd1e-04trmiss0_degmodglobal,16,0.0001,0.0001,0.4,1.0,0.25,0.05,lr1e-04_bs16_drop0p4_temp1p0_a0p25_b0p05__wd1e-04trmiss0_degmodglobal,11,0.6092614084482193,0.7603204846382141,0.25,0.5094627594627594,0.3076923076923077,0.0,0.5612541884183884,0.5739094465970993,0.09044128842651844,0.25483338534832,0.0,0.0,0.0,0.0,0.0,18473,global,0.0
5,3,lr1e-04_bs16_drop0p4_temp1p0_a0p25_b0p05__wd1e-04trmiss0_degmodglobal,16,0.0001,0.0001,0.4,1.0,0.25,0.05,lr1e-04_bs16_drop0p4_temp1p0_a0p25_b0p05__wd1e-04trmiss0_degmodglobal,12,0.5838691592216492,0.7620622515678406,0.25,0.5094627594627594,0.3076923076923077,0.0,0.5286563113331795,0.5598002523183823,0.07194863259792328,0.12163504399359226,0.0,0.0,0.0,0.0,0.0,18473,global,0.0
5,3,lr1e-04_bs16_drop0p4_temp1p0_a0p25_b0p05__wd1e-04trmiss0_degmodglobal,16,0.0001,0.0001,0.4,1.0,0.25,0.05,lr1e-04_bs16_drop0p4_temp1p0_a0p25_b0p05__wd1e-04trmiss0_degmodglobal,13,0.6059880256652832,0.766071081161499,0.30000000000000004,0.5247721028971029,0.3076923076923077,0.0,0.5325081050395966,0.5715579688549042,0.09824654087424278,0.1973683126270771,0.0,0.0,0.0,0.0,0.0,18473,global,0.0
5,3,lr1e-04_bs16_drop0p4_temp1p0_a0p25_b0p05__wd1e-04trmiss0_degmodglobal,16,0.0001,0.0001,0.4,1.0,0.25,0.05,lr1e-04_bs16_drop0p4_temp1p0_a0p25_b0p05__wd1e-04trmiss0_degmodglobal,14,0.5702915787696838,0.7670919895172119,0.30000000000000004,0.5247721028971029,0.3076923076923077,0.0,0.5351202338933945,0.5419356673955917,0.08345999754965305,0.1498177871108055,0.0,0.0,0.0,0.0,0.0,18473,global,0.0
5,3,lr1e-04_bs16_drop0p4_temp1p0_a0p25_b0p05__wd1e-04trmiss0_degmodglobal,16,0.0001,0.0001,0.4,1.0,0.25,0.05,lr1e-04_bs16_drop0p4_temp1p0_a0p25_b0p05__wd1e-04trmiss0_degmodglobal,15,0.5647490471601486,0.7682456970214844,0.30000000000000004,0.5247721028971029,0.3076923076923077,0.0,0.5160857513546944,0.5365989506244659,0.07677802443504333,0.17911189049482346,0.0,0.0,0.0,0.0,0.0,18473,global,0.0
5,3,lr1e-04_bs16_drop0p4_temp1p0_a0p25_b0p05__wd1e-04trmiss0_degmodglobal,16,0.0001,0.0001,0.4,1.0,0.25,0.05,lr1e-04_bs16_drop0p4_temp1p0_a0p25_b0p05__wd1e-04trmiss0_degmodglobal,16,0.5834108144044876,0.7743478417396545,0.30000000000000004,0.5247721028971029,0.23076923076923078,0.0,0.5754977166652679,0.5445102602243423,0.11494413949549198,0.20329023152589798,0.0,0.0,0.0,0.0,0.0,18473,global,0.0
5,3,lr1e-04_bs16_drop0p4_temp1p0_a0p25_b0p05__wd1e-04trmiss0_degmodglobal,16,0.0001,0.0001,0.4,1.0,0.25,0.05,lr1e-04_bs16_drop0p4_temp1p0_a0p25_b0p05__wd1e-04trmiss0_degmodglobal,17,0.558940127491951,0.7748945355415344,0.30000000000000004,0.5247721028971029,0.3076923076923077,0.0,0.553070530295372,0.5353684797883034,0.06597913056612015,0.14153709821403027,0.0,0.0,0.0,0.0,0.0,18473,global,0.0
5,3,lr1e-04_bs16_drop0p4_temp1p0_a0p25_b0p05__wd1e-04trmiss0_degmodglobal,16,0.0001,0.0001,0.4,1.0,0.25,0.05,lr1e-04_bs16_drop0p4_temp1p0_a0p25_b0p05__wd1e-04trmiss0_degmodglobal,18,0.5672979950904846,0.7763473987579346,0.275,0.518143315018315,0.3076923076923077,0.0,0.5342831313610077,0.5332468077540398,0.09462646953761578,0.20789151638746262,0.0,0.0,0.0,0.0,0.0,18473,global,0.0
5,3,lr1e-04_bs16_drop0p4_temp1p0_a0p25_b0p05__wd1e-04trmiss0_degmodglobal,16,0.0001,0.0001,0.4,1.0,0.25,0.05,lr1e-04_bs16_drop0p4_temp1p0_a0p25_b0p05__wd1e-04trmiss0_degmodglobal,19,0.549036905169487,0.7757551074028015,0.275,0.518143315018315,0.3076923076923077,0.0,0.5239388346672058,0.5139667019248009,0.09903558623045683,0.20622578263282776,0.0,0.0,0.0,0.0,0.0,18473,global,0.0
5,3,lr1e-04_bs16_drop0p4_temp1p0_a0p25_b0p05__wd1e-04trmiss0_degmodglobal,16,0.0001,0.0001,0.4,1.0,0.25,0.05,lr1e-04_bs16_drop0p4_temp1p0_a0p25_b0p05__wd1e-04trmiss0_degmodglobal,20,0.5597565621137619,0.7736818194389343,0.275,0.518143315018315,0.3076923076923077,0.0,0.5372924506664276,0.5274461209774017,0.09216330386698246,0.18539206311106682,0.0,0.0,0.0,0.0,0.0,18473,global,0.0
5,3,lr1e-04_bs16_drop0p4_temp1p0_a0p25_b0p05__wd1e-04trmiss0_degmodglobal,16,0.0001,0.0001,0.4,1.0,0.25,0.05,lr1e-04_bs16_drop0p4_temp1p0_a0p25_b0p05__wd1e-04trmiss0_degmodglobal,21,0.5617289692163467,0.7723405361175537,0.325,0.5331054362304363,0.38461538461538464,0.0,0.5208897739648819,0.5294987186789513,0.08584978990256786,0.21535605937242508,0.0,0.0,0.0,0.0,0.0,18473,global,0.0
5,3,lr1e-04_bs16_drop0p4_temp1p0_a0p25_b0p05__wd1e-04trmiss0_degmodglobal,16,0.0001,0.0001,0.4,1.0,0.25,0.05,lr1e-04_bs16_drop0p4_temp1p0_a0p25_b0p05__wd1e-04trmiss0_degmodglobal,22,0.5480095893144608,0.7740633487701416,0.325,0.5331054362304363,0.38461538461538464,0.0,0.5095963180065155,0.5231164693832397,0.07025037053972483,0.14661053754389286,0.0,0.0,0.0,0.0,0.0,18473,global,0.0
5,3,lr1e-04_bs16_drop0p4_temp1p0_a0p25_b0p05__wd1e-04trmiss0_degmodglobal,16,0.0001,0.0001,0.4,1.0,0.25,0.05,lr1e-04_bs16_drop0p4_temp1p0_a0p25_b0p05__wd1e-04trmiss0_degmodglobal,23,0.5570769906044006,0.7734905481338501,0.325,0.5331054362304363,0.38461538461538464,0.0,0.5052807927131653,0.5240894928574562,0.09658988937735558,0.17680031061172485,0.0,0.0,0.0,0.0,0.0,18473,global,0.0
5,3,lr1e-04_bs16_drop0p4_temp1p0_a0p25_b0p05__wd1e-04trmiss0_degmodglobal,16,0.0001,0.0001,0.4,1.0,0.25,0.05,lr1e-04_bs16_drop0p4_temp1p0_a0p25_b0p05__wd1e-04trmiss0_degmodglobal,24,0.546181321144104,0.7740597724914551,0.325,0.5331054362304363,0.38461538461538464,0.0,0.5072267428040504,0.5124864429235458,0.0963001623749733,0.19239654392004013,0.0,0.0,0.0,0.0,0.0,18473,global,0.0
5,3,lr1e-04_bs16_drop0p4_temp1p0_a0p25_b0p05__wd1e-04trmiss0_degmodglobal,16,0.0001,0.0001,0.4,1.0,0.25,0.05,lr1e-04_bs16_drop0p4_temp1p0_a0p25_b0p05__wd1e-04trmiss0_degmodglobal,25,0.5341009497642517,0.7761276364326477,0.325,0.5331054362304363,0.38461538461538464,0.0,0.5115579441189766,0.5027386844158173,0.09051121212542057,0.17468950897455215,0.0,0.0,0.0,0.0,0.0,18473,global,0.0
5,3,lr1e-04_bs16_drop0p4_temp1p0_a0p25_b0p05__wd1e-04trmiss0_degmodglobal,16,0.0001,0.0001,0.4,1.0,0.25,0.05,lr1e-04_bs16_drop0p4_temp1p0_a0p25_b0p05__wd1e-04trmiss0_degmodglobal,26,0.6050664484500885,0.7778033018112183,0.325,0.5331054362304363,0.3076923076923077,0.0,0.49472712725400925,0.5558570921421051,0.13481440022587776,0.3101153336465359,0.0,0.0,0.0,0.0,0.0,18473,global,0.0
5,3,lr1e-04_bs16_drop0p4_temp1p0_a0p25_b0p05__wd1e-04trmiss0_degmodglobal,16,0.0001,0.0001,0.4,1.0,0.25,0.05,lr1e-04_bs16_drop0p4_temp1p0_a0p25_b0p05__wd1e-04trmiss0_degmodglobal,27,0.5797061920166016,0.7813363075256348,0.30000000000000004,0.5264766483516483,0.3076923076923077,0.0,0.48960136622190475,0.5395733714103699,0.11396298371255398,0.23284132219851017,0.0,0.0,0.0,0.0,0.0,18473,global,0.0
5,3,lr1e-04_bs16_drop0p4_temp1p0_a0p25_b0p05__wd1e-04trmiss0_degmodglobal,16,0.0001,0.0001,0.4,1.0,0.25,0.05,lr1e-04_bs16_drop0p4_temp1p0_a0p25_b0p05__wd1e-04trmiss0_degmodglobal,28,0.5618146657943726,0.7832374572753906,0.30000000000000004,0.5264766483516483,0.3076923076923077,0.0,0.4827893525362015,0.5281986892223358,0.09774857014417648,0.18357690796256065,0.0,0.0,0.0,0.0,0.0,18473,global,0.0
5,3,lr1e-04_bs16_drop0p4_temp1p0_a0p25_b0p05__wd1e-04trmiss0_degmodglobal,16,0.0001,0.0001,0.4,1.0,0.25,0.05,lr1e-04_bs16_drop0p4_temp1p0_a0p25_b0p05__wd1e-04trmiss0_degmodglobal,29,0.5741118639707565,0.7806289792060852,0.30000000000000004,0.5264766483516483,0.3076923076923077,0.0,0.4863397479057312,0.5447809100151062,0.08768644370138645,0.14818691089749336,0.0,0.0,0.0,0.0,0.0,18473,global,0.0
5,3,lr1e-04_bs16_drop0p4_temp1p0_a0p25_b0p05__wd1e-04trmiss0_degmodglobal,16,0.0001,0.0001,0.4,1.0,0.25,0.05,lr1e-04_bs16_drop0p4_temp1p0_a0p25_b0p05__wd1e-04trmiss0_degmodglobal,30,0.5747604221105576,0.7786453366279602,0.325,0.5331054362304363,0.3076923076923077,0.0,0.47854825109243393,0.5420147776603699,0.09295783936977386,0.1901237927377224,0.0,0.0,0.0,0.0,0.0,18473,global,0.0
5,3,lr1e-04_bs16_drop0p4_temp1p0_a0p25_b0p05__wd1e-04trmiss0_degmodglobal,16,0.0001,0.0001,0.4,1.0,0.25,0.05,lr1e-04_bs16_drop0p4_temp1p0_a0p25_b0p05__wd1e-04trmiss0_degmodglobal,31,0.5673719942569733,0.7773392200469971,0.35,0.5395156926406927,0.38461538461538464,0.0,0.4856025502085686,0.5323459729552269,0.09943702258169651,0.20333529822528362,0.0,0.0,0.0,0.0,0.0,18473,global,0.0
5,3,lr1e-04_bs16_drop0p4_temp1p0_a0p25_b0p05__wd1e-04trmiss0_degmodglobal,16,0.0001,0.0001,0.4,1.0,0.25,0.05,lr1e-04_bs16_drop0p4_temp1p0_a0p25_b0p05__wd1e-04trmiss0_degmodglobal,32,0.5534537509083748,0.7785389423370361,0.35,0.5395156926406927,0.3076923076923077,0.0,0.49097105860710144,0.5252562314271927,0.0807675076648593,0.16011307016015053,0.0,0.0,0.0,0.0,0.0,18473,global,0.0
5,3,lr1e-04_bs16_drop0p4_temp1p0_a0p25_b0p05__wd1e-04trmiss0_degmodglobal,16,0.0001,0.0001,0.4,1.0,0.25,0.05,lr1e-04_bs16_drop0p4_temp1p0_a0p25_b0p05__wd1e-04trmiss0_degmodglobal,33,0.5942669063806534,0.777506411075592,0.35,0.5395156926406927,0.38461538461538464,0.0,0.5085894837975502,0.5474348366260529,0.13004644587635994,0.28640948608517647,0.0,0.0,0.0,0.0,0.0,18473,global,0.0
5,3,lr1e-04_bs16_drop0p4_temp1p0_a0p25_b0p05__wd1e-04trmiss0_degmodglobal,16,0.0001,0.0001,0.4,1.0,0.25,0.05,lr1e-04_bs16_drop0p4_temp1p0_a0p25_b0p05__wd1e-04trmiss0_degmodglobal,34,0.5700345784425735,0.7761175632476807,0.35,0.5395156926406927,0.38461538461538464,0.0,0.4513700008392334,0.5249222591519356,0.12054331228137016,0.29952921345829964,0.0,0.0,0.0,0.0,0.0,18473,global,0.0
5,3,lr1e-04_bs16_drop0p4_temp1p0_a0p25_b0p05__wd1e-04trmiss0_degmodglobal,16,0.0001,0.0001,0.4,1.0,0.25,0.05,lr1e-04_bs16_drop0p4_temp1p0_a0p25_b0p05__wd1e-04trmiss0_degmodglobal,35,0.5807041823863983,0.7760924696922302,0.35,0.5395156926406927,0.38461538461538464,0.0,0.4661342725157738,0.5446994006633759,0.09685822483152151,0.23580430820584297,0.0,0.0,0.0,0.0,0.0,18473,global,0.0
5,3,lr1e-04_bs16_drop0p4_temp1p0_a0p25_b0p05__wd1e-04trmiss0_degmodglobal,16,0.0001,0.0001,0.4,1.0,0.25,0.05,lr1e-04_bs16_drop0p4_temp1p0_a0p25_b0p05__wd1e-04trmiss0_degmodglobal,36,0.6085599660873413,0.7789409160614014,0.35,0.5395156926406927,0.3076923076923077,0.0,0.47582434117794037,0.5596931129693985,0.13018090836703777,0.3264324329793453,0.0,0.0,0.0,0.0,0.0,18473,global,0.0
5,3,lr1e-04_bs16_drop0p4_temp1p0_a0p25_b0p05__wd1e-04trmiss0_degmodglobal,16,0.0001,0.0001,0.4,1.0,0.25,0.05,lr1e-04_bs16_drop0p4_temp1p0_a0p25_b0p05__wd1e-04trmiss0_degmodglobal,37,0.5517393052577972,0.7788523435592651,0.35,0.5395156926406927,0.3076923076923077,0.0,0.4573885574936867,0.5159399211406708,0.09154081158339977,0.2582836039364338,0.0,0.0,0.0,0.0,0.0,18473,global,0.0
5,3,lr1e-04_bs16_drop0p4_temp1p0_a0p25_b0p05__wd1e-04trmiss0_degmodglobal,16,0.0001,0.0001,0.4,1.0,0.25,0.05,lr1e-04_bs16_drop0p4_temp1p0_a0p25_b0p05__wd1e-04trmiss0_degmodglobal,38,0.5518639087677002,0.7783594131469727,0.35,0.5395156926406927,0.3076923076923077,0.0,0.45978838950395584,0.5111871957778931,0.11037438176572323,0.26166218519210815,0.0,0.0,0.0,0.0,0.0,18473,global,0.0
5,3,lr1e-04_bs16_drop0p4_temp1p0_a0p25_b0p05__wd1e-04trmiss0_degmodglobal,16,0.0001,0.0001,0.4,1.0,0.25,0.05,lr1e-04_bs16_drop0p4_temp1p0_a0p25_b0p05__wd1e-04trmiss0_degmodglobal,39,0.5571693778038025,0.7779025435447693,0.35,0.5395156926406927,0.3076923076923077,0.0,0.47646502405405045,0.5249239653348923,0.08500773645937443,0.2198699302971363,0.0,0.0,0.0,0.0,0.0,18473,global,0.0
5,3,lr1e-04_bs16_drop0p4_temp1p0_a0p25_b0p05__wd1e-04trmiss0_degmodglobal,16,0.0001,0.0001,0.4,1.0,0.25,0.05,lr1e-04_bs16_drop0p4_temp1p0_a0p25_b0p05__wd1e-04trmiss0_degmodglobal,40,0.5819577574729919,0.7771947383880615,0.35,0.5395156926406927,0.3076923076923077,0.0,0.5056425631046295,0.5455389022827148,0.10391238518059254,0.20881520910188556,0.0,0.0,0.0,0.0,0.0,18473,global,0.0
5,3,lr1e-04_bs16_drop0p4_temp1p0_a0p25_b0p05__wd1e-04trmiss0_degmodglobal,16,0.0001,0.0001,0.4,1.0,0.25,0.05,lr1e-04_bs16_drop0p4_temp1p0_a0p25_b0p05__wd1e-04trmiss0_degmodglobal,41,0.5868612974882126,0.7813941240310669,0.35,0.5395156926406927,0.3076923076923077,0.0,0.45100727677345276,0.5485817790031433,0.10368350334465504,0.24717291817069054,0.0,0.0,0.0,0.0,0.0,18473,global,0.0
5,3,lr1e-04_bs16_drop0p4_temp1p0_a0p25_b0p05__wd1e-04trmiss0_degmodglobal,16,0.0001,0.0001,0.4,1.0,0.25,0.05,lr1e-04_bs16_drop0p4_temp1p0_a0p25_b0p05__wd1e-04trmiss0_degmodglobal,42,0.541755922138691,0.7798183560371399,0.35,0.5395156926406927,0.3076923076923077,0.0,0.4744139164686203,0.508180782198906,0.09037852846086025,0.21960962936282158,0.0,0.0,0.0,0.0,0.0,18473,global,0.0
5,3,lr1e-04_bs16_drop0p4_temp1p0_a0p25_b0p05__wd1e-04trmiss0_degmodglobal,16,0.0001,0.0001,0.4,1.0,0.25,0.05,lr1e-04_bs16_drop0p4_temp1p0_a0p25_b0p05__wd1e-04trmiss0_degmodglobal,43,0.524932399392128,0.7846316695213318,0.30000000000000004,0.5247721028971029,0.3076923076923077,0.0,0.4472491890192032,0.4917862266302109,0.09910257905721664,0.16741034016013145,0.0,0.0,0.0,0.0,0.0,18473,global,0.0
5,3,lr1e-04_bs16_drop0p4_temp1p0_a0p25_b0p05__wd1e-04trmiss0_degmodglobal,16,0.0001,0.0001,0.4,1.0,0.25,0.05,lr1e-04_bs16_drop0p4_temp1p0_a0p25_b0p05__wd1e-04trmiss0_degmodglobal,44,0.5495214015245438,0.7857970595359802,0.325,0.5331054362304363,0.3076923076923077,0.0,0.45885393768548965,0.5107904151082039,0.09987081214785576,0.2752656228840351,0.0,0.0,0.0,0.0,0.0,18473,global,0.0
5,3,lr1e-04_bs16_drop0p4_temp1p0_a0p25_b0p05__wd1e-04trmiss0_degmodglobal,16,0.0001,0.0001,0.4,1.0,0.25,0.05,lr1e-04_bs16_drop0p4_temp1p0_a0p25_b0p05__wd1e-04trmiss0_degmodglobal,45,0.5390910655260086,0.7841232419013977,0.325,0.5331054362304363,0.3076923076923077,0.0,0.47219984978437424,0.5034588947892189,0.09316930547356606,0.2467963993549347,0.0,0.0,0.0,0.0,0.0,18473,global,0.0
5,3,lr1e-04_bs16_drop0p4_temp1p0_a0p25_b0p05__wd1e-04trmiss0_degmodglobal,16,0.0001,0.0001,0.4,1.0,0.25,0.05,lr1e-04_bs16_drop0p4_temp1p0_a0p25_b0p05__wd1e-04trmiss0_degmodglobal,46,0.5459844619035721,0.7873649597167969,0.30000000000000004,0.5264766483516483,0.3076923076923077,0.0,0.449109323322773,0.5103740692138672,0.10175578482449055,0.203428752720356,0.0,0.0,0.0,0.0,0.0,18473,global,0.0
5,3,lr1e-04_bs16_drop0p4_temp1p0_a0p25_b0p05__wd1e-04trmiss0_degmodglobal,16,0.0001,0.0001,0.4,1.0,0.25,0.05,lr1e-04_bs16_drop0p4_temp1p0_a0p25_b0p05__wd1e-04trmiss0_degmodglobal,47,0.5625085532665253,0.7834554314613342,0.35,0.5395156926406927,0.3076923076923077,0.0,0.4210498407483101,0.5266092419624329,0.10207584872841835,0.2076066993176937,0.0,0.0,0.0,0.0,0.0,18473,global,0.0
5,3,lr1e-04_bs16_drop0p4_temp1p0_a0p25_b0p05__wd1e-04trmiss0_degmodglobal,16,0.0001,0.0001,0.4,1.0,0.25,0.05,lr1e-04_bs16_drop0p4_temp1p0_a0p25_b0p05__wd1e-04trmiss0_degmodglobal,48,0.5759156793355942,0.7828171849250793,0.325,0.5311823593073592,0.3076923076923077,0.0,0.45158854871988297,0.5295281633734703,0.13605406321585178,0.24748017638921738,0.0,0.0,0.0,0.0,0.0,18473,global,0.0
5,3,lr1e-04_bs16_drop0p4_temp1p0_a0p25_b0p05__wd1e-04trmiss0_degmodglobal,16,0.0001,0.0001,0.4,1.0,0.25,0.05,lr1e-04_bs16_drop0p4_temp1p0_a0p25_b0p05__wd1e-04trmiss0_degmodglobal,49,0.5437830835580826,0.7842987775802612,0.25,0.5094627594627594,0.3076923076923077,0.0,0.4858400300145149,0.5130711197853088,0.09193158894777298,0.15458091162145138,0.0,0.0,0.0,0.0,0.0,18473,global,0.0
5,3,lr1e-04_bs16_drop0p4_temp1p0_a0p25_b0p05__wd1e-04trmiss0_degmodglobal,16,0.0001,0.0001,0.4,1.0,0.25,0.05,lr1e-04_bs16_drop0p4_temp1p0_a0p25_b0p05__wd1e-04trmiss0_degmodglobal,50,0.575452908873558,0.7836213111877441,0.275,0.518143315018315,0.3076923076923077,0.0,0.44763725250959396,0.5223098024725914,0.14890217781066895,0.3183515593409538,0.0,0.0,0.0,0.0,0.0,18473,global,0.0
5,3,lr1e-04_bs16_drop0p4_temp1p0_a0p25_b0p05__wd1e-04trmiss0_degmodglobal,16,0.0001,0.0001,0.4,1.0,0.25,0.05,lr1e-04_bs16_drop0p4_temp1p0_a0p25_b0p05__wd1e-04trmiss0_degmodglobal,51,0.5571532547473907,0.7815835475921631,0.3,0.5225018037518037,0.3076923076923077,0.0,0.45387958735227585,0.5120186433196068,0.12447163462638855,0.28033412247896194,0.0,0.0,0.0,0.0,0.0,18473,global,0.0
5,3,lr1e-04_bs16_drop0p4_temp1p0_a0p25_b0p05__wd1e-04trmiss0_degmodglobal,16,0.0001,0.0001,0.4,1.0,0.25,0.05,lr1e-04_bs16_drop0p4_temp1p0_a0p25_b0p05__wd1e-04trmiss0_degmodglobal,52,0.5687286853790283,0.7837089896202087,0.30000000000000004,0.5247721028971029,0.3076923076923077,0.0,0.42954788357019424,0.5241294503211975,0.1251811981201172,0.2660786807537079,0.0,0.0,0.0,0.0,0.0,18473,global,0.0
5,3,lr1e-04_bs16_drop0p4_temp1p0_a0p25_b0p05__wd1e-04trmiss0_degmodglobal,16,0.0001,0.0001,0.4,1.0,0.25,0.05,lr1e-04_bs16_drop0p4_temp1p0_a0p25_b0p05__wd1e-04trmiss0_degmodglobal,53,0.577552542090416,0.78724604845047,0.275,0.518143315018315,0.3076923076923077,0.0,0.42672988027334213,0.5279273465275764,0.12910103984177113,0.3469986841082573,0.0,0.0,0.0,0.0,0.0,18473,global,0.0
5,3,lr1e-04_bs16_drop0p4_temp1p0_a0p25_b0p05__wd1e-04trmiss0_degmodglobal,16,0.0001,0.0001,0.4,1.0,0.25,0.05,lr1e-04_bs16_drop0p4_temp1p0_a0p25_b0p05__wd1e-04trmiss0_degmodglobal,54,0.5642755627632141,0.7873038649559021,0.30000000000000004,0.5247721028971029,0.3076923076923077,0.0,0.42515282332897186,0.5192036479711533,0.122568778693676,0.28859399259090424,0.0,0.0,0.0,0.0,0.0,18473,global,0.0
5,3,lr1e-04_bs16_drop0p4_temp1p0_a0p25_b0p05__wd1e-04trmiss0_degmodglobal,16,0.0001,0.0001,0.4,1.0,0.25,0.05,lr1e-04_bs16_drop0p4_temp1p0_a0p25_b0p05__wd1e-04trmiss0_degmodglobal,55,0.576523169875145,0.7835826873779297,0.30000000000000004,0.5247721028971029,0.3076923076923077,0.0,0.4493068680167198,0.5335261523723602,0.12555965967476368,0.23214190267026424,0.0,0.0,0.0,0.0,0.0,18473,global,0.0
5,3,lr1e-04_bs16_drop0p4_temp2p0_a0p25_b0p05__wd1e-04trmiss0_degmodglobal,16,0.0001,0.0001,0.4,2.0,0.25,0.05,lr1e-04_bs16_drop0p4_temp2p0_a0p25_b0p05__wd1e-04trmiss0_degmodglobal,1,0.728407546877861,0.722439706325531,0.35000000000000003,0.5476887695637696,0.5384615384615384,0.0,0.7013597935438156,0.7011340409517288,0.05929605197161436,0.24898969754576683,0.0,0.0,0.0,0.0,0.0,18473,global,0.0
5,3,lr1e-04_bs16_drop0p4_temp2p0_a0p25_b0p05__wd1e-04trmiss0_degmodglobal,16,0.0001,0.0001,0.4,2.0,0.25,0.05,lr1e-04_bs16_drop0p4_temp2p0_a0p25_b0p05__wd1e-04trmiss0_degmodglobal,2,0.6612546890974045,0.7262356877326965,0.27499999999999997,0.5135732323232323,0.38461538461538464,0.0,0.6540412753820419,0.6297904551029205,0.0785230491310358,0.23666943982243538,0.0,0.0,0.0,0.0,0.0,18473,global,0.0
5,3,lr1e-04_bs16_drop0p4_temp2p0_a0p25_b0p05__wd1e-04trmiss0_degmodglobal,16,0.0001,0.0001,0.4,2.0,0.25,0.05,lr1e-04_bs16_drop0p4_temp2p0_a0p25_b0p05__wd1e-04trmiss0_degmodglobal,3,0.622978463768959,0.7308946847915649,0.27499999999999997,0.5135732323232323,0.3076923076923077,0.0,0.6597329825162888,0.600875660777092,0.06112601514905691,0.1364260334521532,0.0,0.0,0.0,0.0,0.0,18473,global,0.0
5,3,lr1e-04_bs16_drop0p4_temp2p0_a0p25_b0p05__wd1e-04trmiss0_degmodglobal,16,0.0001,0.0001,0.4,2.0,0.25,0.05,lr1e-04_bs16_drop0p4_temp2p0_a0p25_b0p05__wd1e-04trmiss0_degmodglobal,4,0.5927864760160446,0.7330302000045776,0.24999999999999997,0.5046446608946609,0.3076923076923077,0.0,0.6345511227846146,0.5681065768003464,0.06214263662695885,0.1828845888376236,0.0,0.0,0.0,0.0,0.0,18473,global,0.0
5,3,lr1e-04_bs16_drop0p4_temp2p0_a0p25_b0p05__wd1e-04trmiss0_degmodglobal,16,0.0001,0.0001,0.4,2.0,0.25,0.05,lr1e-04_bs16_drop0p4_temp2p0_a0p25_b0p05__wd1e-04trmiss0_degmodglobal,5,0.6216122061014175,0.7306998372077942,0.27499999999999997,0.5150613275613275,0.3076923076923077,0.0,0.6292871832847595,0.5951160341501236,0.07028349582105875,0.17850621789693832,0.0,0.0,0.0,0.0,0.0,18473,global,0.0
5,3,lr1e-04_bs16_drop0p4_temp2p0_a0p25_b0p05__wd1e-04trmiss0_degmodglobal,16,0.0001,0.0001,0.4,2.0,0.25,0.05,lr1e-04_bs16_drop0p4_temp2p0_a0p25_b0p05__wd1e-04trmiss0_degmodglobal,6,0.61210136115551,0.7396564483642578,0.27499999999999997,0.5150613275613275,0.23076923076923078,0.0,0.6186651587486267,0.5766980051994324,0.09825050458312035,0.21681446954607964,0.0,0.0,0.0,0.0,0.0,18473,global,0.0
5,3,lr1e-04_bs16_drop0p4_temp2p0_a0p25_b0p05__wd1e-04trmiss0_degmodglobal,16,0.0001,0.0001,0.4,2.0,0.25,0.05,lr1e-04_bs16_drop0p4_temp2p0_a0p25_b0p05__wd1e-04trmiss0_degmodglobal,7,0.5611218065023422,0.755764901638031,0.24999999999999997,0.5046446608946609,0.23076923076923078,0.0,0.6131593734025955,0.5280662551522255,0.0863175168633461,0.2295232005417347,0.0,0.0,0.0,0.0,0.0,18473,global,0.0
5,3,lr1e-04_bs16_drop0p4_temp2p0_a0p25_b0p05__wd1e-04trmiss0_degmodglobal,16,0.0001,0.0001,0.4,2.0,0.25,0.05,lr1e-04_bs16_drop0p4_temp2p0_a0p25_b0p05__wd1e-04trmiss0_degmodglobal,8,0.5525893718004227,0.7668963670730591,0.24999999999999997,0.5046446608946609,0.23076923076923078,0.0,0.5923351943492889,0.527608223259449,0.06905669905245304,0.15433976985514164,0.0,0.0,0.0,0.0,0.0,18473,global,0.0
5,3,lr1e-04_bs16_drop0p4_temp2p0_a0p25_b0p05__wd1e-04trmiss0_degmodglobal,16,0.0001,0.0001,0.4,2.0,0.25,0.05,lr1e-04_bs16_drop0p4_temp2p0_a0p25_b0p05__wd1e-04trmiss0_degmodglobal,9,0.5690192133188248,0.7690722942352295,0.22499999999999998,0.49631132756132756,0.23076923076923078,0.0,0.5880701690912247,0.538517639040947,0.08842448145151138,0.16790912114083767,0.0,0.0,0.0,0.0,0.0,18473,global,0.0
5,3,lr1e-04_bs16_drop0p4_temp2p0_a0p25_b0p05__wd1e-04trmiss0_degmodglobal,16,0.0001,0.0001,0.4,2.0,0.25,0.05,lr1e-04_bs16_drop0p4_temp2p0_a0p25_b0p05__wd1e-04trmiss0_degmodglobal,10,0.5351438224315643,0.7695407271385193,0.24999999999999994,0.5067279942279942,0.23076923076923078,0.0,0.5883675068616867,0.49716491997241974,0.09898185729980469,0.2646685689687729,0.0,0.0,0.0,0.0,0.0,18473,global,0.0
5,3,lr1e-04_bs16_drop0p4_temp2p0_a0p25_b0p05__wd1e-04trmiss0_degmodglobal,16,0.0001,0.0001,0.4,2.0,0.25,0.05,lr1e-04_bs16_drop0p4_temp2p0_a0p25_b0p05__wd1e-04trmiss0_degmodglobal,11,0.5765860974788666,0.769600510597229,0.24999999999999994,0.5067279942279942,0.23076923076923078,0.0,0.5839020311832428,0.5421137362718582,0.09002169501036406,0.2393383737653494,0.0,0.0,0.0,0.0,0.0,18473,global,0.0
5,3,lr1e-04_bs16_drop0p4_temp2p0_a0p25_b0p05__wd1e-04trmiss0_degmodglobal,16,0.0001,0.0001,0.4,2.0,0.25,0.05,lr1e-04_bs16_drop0p4_temp2p0_a0p25_b0p05__wd1e-04trmiss0_degmodglobal,12,0.5588967651128769,0.7711256742477417,0.27499999999999997,0.5150613275613275,0.23076923076923078,0.0,0.5788213908672333,0.5270232409238815,0.08018579334020615,0.23654159903526306,0.0,0.0,0.0,0.0,0.0,18473,global,0.0
5,3,lr1e-04_bs16_drop0p4_temp2p0_a0p25_b0p05__wd1e-04trmiss0_degmodglobal,16,0.0001,0.0001,0.4,2.0,0.25,0.05,lr1e-04_bs16_drop0p4_temp2p0_a0p25_b0p05__wd1e-04trmiss0_degmodglobal,13,0.552557960152626,0.7715067267417908,0.27499999999999997,0.5150613275613275,0.23076923076923078,0.0,0.5823797434568405,0.5131821036338806,0.111828139051795,0.22837664932012558,0.0,0.0,0.0,0.0,0.0,18473,global,0.0
5,3,lr1e-04_bs16_drop0p4_temp2p0_a0p25_b0p05__wd1e-04trmiss0_degmodglobal,16,0.0001,0.0001,0.4,2.0,0.25,0.05,lr1e-04_bs16_drop0p4_temp2p0_a0p25_b0p05__wd1e-04trmiss0_degmodglobal,14,0.53495092689991,0.7768579721450806,0.27499999999999997,0.5150613275613275,0.23076923076923078,0.0,0.5629905313253403,0.5032716020941734,0.08944720961153507,0.18635034188628197,0.0,0.0,0.0,0.0,0.0,18473,global,0.0
5,3,lr1e-04_bs16_drop0p4_temp2p0_a0p25_b0p05__wd1e-04trmiss0_degmodglobal,16,0.0001,0.0001,0.4,2.0,0.25,0.05,lr1e-04_bs16_drop0p4_temp2p0_a0p25_b0p05__wd1e-04trmiss0_degmodglobal,15,0.553068220615387,0.7776894569396973,0.27499999999999997,0.5150613275613275,0.23076923076923078,0.0,0.6113927662372589,0.5263672471046448,0.06850732117891312,0.19148226082324982,0.0,0.0,0.0,0.0,0.0,18473,global,0.0
5,3,lr1e-04_bs16_drop0p4_temp2p0_a0p25_b0p05__wd1e-04trmiss0_degmodglobal,16,0.0001,0.0001,0.4,2.0,0.25,0.05,lr1e-04_bs16_drop0p4_temp2p0_a0p25_b0p05__wd1e-04trmiss0_degmodglobal,16,0.5437781661748886,0.7785105109214783,0.27499999999999997,0.5150613275613275,0.23076923076923078,0.0,0.5749010592699051,0.511830098927021,0.08502141200006008,0.21385403349995613,0.0,0.0,0.0,0.0,0.0,18473,global,0.0
5,3,lr1e-04_bs16_drop0p4_temp2p0_a0p25_b0p05__wd1e-04trmiss0_degmodglobal,16,0.0001,0.0001,0.4,2.0,0.25,0.05,lr1e-04_bs16_drop0p4_temp2p0_a0p25_b0p05__wd1e-04trmiss0_degmodglobal,17,0.5584156811237335,0.7752761840820312,0.27499999999999997,0.5150613275613275,0.23076923076923078,0.0,0.5577641874551773,0.5227759629487991,0.09752659313380718,0.22516143694519997,0.0,0.0,0.0,0.0,0.0,18473,global,0.0
5,3,lr1e-04_bs16_drop0p4_temp2p0_a0p25_b0p05__wd1e-04trmiss0_degmodglobal,16,0.0001,0.0001,0.4,2.0,0.25,0.05,lr1e-04_bs16_drop0p4_temp2p0_a0p25_b0p05__wd1e-04trmiss0_degmodglobal,18,0.5524069219827652,0.7755281329154968,0.27499999999999997,0.5150613275613275,0.23076923076923078,0.0,0.6091190129518509,0.5137990862131119,0.08861415088176727,0.3290863484144211,0.0,0.0,0.0,0.0,0.0,18473,global,0.0
5,3,lr1e-04_bs16_drop0p4_temp2p0_a0p25_b0p05__wd1e-04trmiss0_degmodglobal,16,0.0001,0.0001,0.4,2.0,0.25,0.05,lr1e-04_bs16_drop0p4_temp2p0_a0p25_b0p05__wd1e-04trmiss0_degmodglobal,19,0.5439321249723434,0.7763594388961792,0.27499999999999997,0.5150613275613275,0.3076923076923077,0.0,0.5733276307582855,0.507399894297123,0.09316523931920528,0.26481884345412254,0.0,0.0,0.0,0.0,0.0,18473,global,0.0
5,3,lr1e-04_bs16_drop0p4_temp2p0_a0p25_b0p05__wd1e-04trmiss0_degmodglobal,16,0.0001,0.0001,0.4,2.0,0.25,0.05,lr1e-04_bs16_drop0p4_temp2p0_a0p25_b0p05__wd1e-04trmiss0_degmodglobal,20,0.5536269322037697,0.7772349715232849,0.27499999999999997,0.5150613275613275,0.3076923076923077,0.0,0.557033360004425,0.5156364887952805,0.09669017884880304,0.27635813876986504,0.0,0.0,0.0,0.0,0.0,18473,global,0.0
5,3,lr1e-04_bs16_drop0p4_temp2p0_a0p25_b0p05__wd1e-04trmiss0_degmodglobal,16,0.0001,0.0001,0.4,2.0,0.25,0.05,lr1e-04_bs16_drop0p4_temp2p0_a0p25_b0p05__wd1e-04trmiss0_degmodglobal,21,0.5275410935282707,0.7760171294212341,0.27499999999999997,0.5150613275613275,0.3076923076923077,0.0,0.559860959649086,0.49127232283353806,0.09902650583535433,0.23024291172623634,0.0,0.0,0.0,0.0,0.0,18473,global,0.0
5,3,lr1e-04_bs16_drop0p4_temp2p0_a0p25_b0p05__wd1e-04trmiss0_degmodglobal,16,0.0001,0.0001,0.4,2.0,0.25,0.05,lr1e-04_bs16_drop0p4_temp2p0_a0p25_b0p05__wd1e-04trmiss0_degmodglobal,22,0.5024323910474777,0.7733719944953918,0.27499999999999997,0.5150613275613275,0.3076923076923077,0.0,0.5869848430156708,0.46556972712278366,0.09025560040026903,0.2859756276011467,0.0,0.0,0.0,0.0,0.0,18473,global,0.0
5,3,lr1e-04_bs16_drop0p4_temp2p0_a0p25_b0p05__wd1e-04trmiss0_degmodglobal,16,0.0001,0.0001,0.4,2.0,0.25,0.05,lr1e-04_bs16_drop0p4_temp2p0_a0p25_b0p05__wd1e-04trmiss0_degmodglobal,23,0.5702680051326752,0.7769185900688171,0.27499999999999997,0.5150613275613275,0.3076923076923077,0.0,0.5685598999261856,0.5391844809055328,0.07655289024114609,0.2389061599969864,0.0,0.0,0.0,0.0,0.0,18473,global,0.0
5,3,lr1e-04_bs16_drop0p4_temp2p0_a0p25_b0p05__wd1e-04trmiss0_degmodglobal,16,0.0001,0.0001,0.4,2.0,0.25,0.05,lr1e-04_bs16_drop0p4_temp2p0_a0p25_b0p05__wd1e-04trmiss0_degmodglobal,24,0.5462913513183594,0.7765346169471741,0.27499999999999997,0.5150613275613275,0.3076923076923077,0.0,0.5528405010700226,0.5071957930922508,0.10591333918273449,0.2523443251848221,0.0,0.0,0.0,0.0,0.0,18473,global,0.0
5,3,lr1e-04_bs16_drop0p4_temp2p0_a0p25_b0p05__wd1e-04trmiss0_degmodglobal,16,0.0001,0.0001,0.4,2.0,0.25,0.05,lr1e-04_bs16_drop0p4_temp2p0_a0p25_b0p05__wd1e-04trmiss0_degmodglobal,25,0.5442204251885414,0.7786647081375122,0.27499999999999997,0.5150613275613275,0.23076923076923078,0.0,0.572266012430191,0.5135410949587822,0.08577501587569714,0.18471179902553558,0.0,0.0,0.0,0.0,0.0,18473,global,0.0
5,3,lr5e-05_bs16_drop0p2_temp1p0_a0p25_b0p05__wd1e-04trmiss0_degmodglobal,16,5e-05,0.0001,0.2,1.0,0.25,0.05,lr5e-05_bs16_drop0p2_temp1p0_a0p25_b0p05__wd1e-04trmiss0_degmodglobal,1,0.7414969652891159,0.6885883212089539,0.575,0.671875,0.6153846153846154,0.0,0.700587809085846,0.7135728597640991,0.0753960870206356,0.18150166794657707,0.0,0.0,0.0,0.0,0.0,18473,global,0.0
5,3,lr5e-05_bs16_drop0p2_temp1p0_a0p25_b0p05__wd1e-04trmiss0_degmodglobal,16,5e-05,0.0001,0.2,1.0,0.25,0.05,lr5e-05_bs16_drop0p2_temp1p0_a0p25_b0p05__wd1e-04trmiss0_degmodglobal,2,0.7077319473028183,0.686029851436615,0.675,0.7180555555555556,0.6923076923076923,0.0,0.6722900122404099,0.6814137846231461,0.0755405779927969,0.148660060018301,0.0,0.0,0.0,0.0,0.0,18473,global,0.0
5,3,lr5e-05_bs16_drop0p2_temp1p0_a0p25_b0p05__wd1e-04trmiss0_degmodglobal,16,5e-05,0.0001,0.2,1.0,0.25,0.05,lr5e-05_bs16_drop0p2_temp1p0_a0p25_b0p05__wd1e-04trmiss0_degmodglobal,3,0.7058440148830414,0.6853201985359192,0.675,0.7180555555555556,0.6153846153846154,0.0,0.6641668677330017,0.6833604276180267,0.06255796179175377,0.13688179850578308,0.0,0.0,0.0,0.0,0.0,18473,global,0.0
5,3,lr5e-05_bs16_drop0p2_temp1p0_a0p25_b0p05__wd1e-04trmiss0_degmodglobal,16,5e-05,0.0001,0.2,1.0,0.25,0.05,lr5e-05_bs16_drop0p2_temp1p0_a0p25_b0p05__wd1e-04trmiss0_degmodglobal,4,0.6674656420946121,0.686252772808075,0.65,0.7116452991452992,0.6923076923076923,0.0,0.6483580619096756,0.6448364108800888,0.06549382023513317,0.1251156460493803,0.0,0.0,0.0,0.0,0.0,18473,global,0.0
5,3,lr5e-05_bs16_drop0p2_temp1p0_a0p25_b0p05__wd1e-04trmiss0_degmodglobal,16,5e-05,0.0001,0.2,1.0,0.25,0.05,lr5e-05_bs16_drop0p2_temp1p0_a0p25_b0p05__wd1e-04trmiss0_degmodglobal,5,0.6667421013116837,0.690235435962677,0.6,0.6939685314685315,0.6923076923076923,0.0,0.6337779462337494,0.6463257670402527,0.05884524155408144,0.11410095356404781,0.0,0.0,0.0,0.0,0.0,18473,global,0.0
5,3,lr5e-05_bs16_drop0p2_temp1p0_a0p25_b0p05__wd1e-04trmiss0_degmodglobal,16,5e-05,0.0001,0.2,1.0,0.25,0.05,lr5e-05_bs16_drop0p2_temp1p0_a0p25_b0p05__wd1e-04trmiss0_degmodglobal,6,0.6561652570962906,0.6902296543121338,0.675,0.7217261904761905,0.6923076923076923,0.0,0.6304343640804291,0.6377621293067932,0.051684328354895115,0.1096409447491169,0.0,0.0,0.0,0.0,0.0,18473,global,0.0
5,3,lr5e-05_bs16_drop0p2_temp1p0_a0p25_b0p05__wd1e-04trmiss0_degmodglobal,16,5e-05,0.0001,0.2,1.0,0.25,0.05,lr5e-05_bs16_drop0p2_temp1p0_a0p25_b0p05__wd1e-04trmiss0_degmodglobal,7,0.642085924744606,0.6905137896537781,0.6,0.6739448051948053,0.6153846153846154,0.0,0.6013942956924438,0.6245025098323822,0.05344991013407707,0.08441847935318947,0.0,0.0,0.0,0.0,0.0,18473,global,0.0
5,3,lr5e-05_bs16_drop0p2_temp1p0_a0p25_b0p05__wd1e-04trmiss0_degmodglobal,16,5e-05,0.0001,0.2,1.0,0.25,0.05,lr5e-05_bs16_drop0p2_temp1p0_a0p25_b0p05__wd1e-04trmiss0_degmodglobal,8,0.6604843735694885,0.6925241351127625,0.525,0.6321293290043289,0.38461538461538464,0.0,0.6268075704574585,0.6428315192461014,0.05475131515413523,0.07930017542093992,0.0,0.0,0.0,0.0,0.0,18473,global,0.0
5,3,lr5e-05_bs16_drop0p2_temp1p0_a0p25_b0p05__wd1e-04trmiss0_degmodglobal,16,5e-05,0.0001,0.2,1.0,0.25,0.05,lr5e-05_bs16_drop0p2_temp1p0_a0p25_b0p05__wd1e-04trmiss0_degmodglobal,9,0.6120300740003586,0.6932929158210754,0.5,0.619629329004329,0.3076923076923077,0.0,0.5732342600822449,0.5940766036510468,0.05178359616547823,0.10015135072171688,0.0,0.0,0.0,0.0,0.0,18473,global,0.0
5,3,lr5e-05_bs16_drop0p2_temp1p0_a0p25_b0p05__wd1e-04trmiss0_degmodglobal,16,5e-05,0.0001,0.2,1.0,0.25,0.05,lr5e-05_bs16_drop0p2_temp1p0_a0p25_b0p05__wd1e-04trmiss0_degmodglobal,10,0.6070155799388885,0.6915176510810852,0.5,0.619629329004329,0.3076923076923077,0.0,0.5823617726564407,0.5878796726465225,0.05696710478514433,0.09788262378424406,0.0,0.0,0.0,0.0,0.0,18473,global,0.0
5,3,lr5e-05_bs16_drop0p2_temp1p0_a0p25_b0p05__wd1e-04trmiss0_degmodglobal,16,5e-05,0.0001,0.2,1.0,0.25,0.05,lr5e-05_bs16_drop0p2_temp1p0_a0p25_b0p05__wd1e-04trmiss0_degmodglobal,11,0.6428960263729095,0.692213237285614,0.5,0.619629329004329,0.3076923076923077,0.0,0.5886207818984985,0.6241537928581238,0.05665820371359587,0.09155353531241417,0.0,0.0,0.0,0.0,0.0,18473,global,0.0
5,3,lr5e-05_bs16_drop0p2_temp1p0_a0p25_b0p05__wd1e-04trmiss0_degmodglobal,16,5e-05,0.0001,0.2,1.0,0.25,0.05,lr5e-05_bs16_drop0p2_temp1p0_a0p25_b0p05__wd1e-04trmiss0_degmodglobal,12,0.5931255966424942,0.694868266582489,0.5,0.619629329004329,0.38461538461538464,0.0,0.5815886706113815,0.5705843567848206,0.0646902434527874,0.1273738332092762,0.0,0.0,0.0,0.0,0.0,18473,global,0.0
5,3,lr5e-05_bs16_drop0p2_temp1p0_a0p25_b0p05__wd1e-04trmiss0_degmodglobal,16,5e-05,0.0001,0.2,1.0,0.25,0.05,lr5e-05_bs16_drop0p2_temp1p0_a0p25_b0p05__wd1e-04trmiss0_degmodglobal,13,0.5865354835987091,0.6965333819389343,0.49999999999999994,0.6245535714285714,0.38461538461538464,0.0,0.5704372525215149,0.5678465664386749,0.056283771991729736,0.09235971607267857,0.0,0.0,0.0,0.0,0.0,18473,global,0.0
5,3,lr5e-05_bs16_drop0p2_temp1p0_a0p25_b0p05__wd1e-04trmiss0_degmodglobal,16,5e-05,0.0001,0.2,1.0,0.25,0.05,lr5e-05_bs16_drop0p2_temp1p0_a0p25_b0p05__wd1e-04trmiss0_degmodglobal,14,0.612429067492485,0.6999142169952393,0.5249999999999999,0.6364583333333333,0.38461538461538464,0.0,0.5996031165122986,0.5937130600214005,0.05945190601050854,0.07706053368747234,0.0,0.0,0.0,0.0,0.0,18473,global,0.0
5,3,lr5e-05_bs16_drop0p2_temp1p0_a0p25_b0p05__wd1e-04trmiss0_degmodglobal,16,5e-05,0.0001,0.2,1.0,0.25,0.05,lr5e-05_bs16_drop0p2_temp1p0_a0p25_b0p05__wd1e-04trmiss0_degmodglobal,15,0.6167687475681305,0.703872799873352,0.5249999999999999,0.6364583333333333,0.38461538461538464,0.0,0.5527088195085526,0.5941954255104065,0.07011212687939405,0.10090548917651176,0.0,0.0,0.0,0.0,0.0,18473,global,0.0
5,3,lr5e-05_bs16_drop0p2_temp1p0_a0p25_b0p05__wd1e-04trmiss0_degmodglobal,16,5e-05,0.0001,0.2,1.0,0.25,0.05,lr5e-05_bs16_drop0p2_temp1p0_a0p25_b0p05__wd1e-04trmiss0_degmodglobal,16,0.5921645313501358,0.7025626301765442,0.525,0.6321293290043289,0.38461538461538464,0.0,0.530234158039093,0.5675239413976669,0.07172113098204136,0.134206747636199,0.0,0.0,0.0,0.0,0.0,18473,global,0.0
5,3,lr5e-05_bs16_drop0p2_temp1p0_a0p25_b0p05__wd1e-04trmiss0_degmodglobal,16,5e-05,0.0001,0.2,1.0,0.25,0.05,lr5e-05_bs16_drop0p2_temp1p0_a0p25_b0p05__wd1e-04trmiss0_degmodglobal,17,0.5867491960525513,0.7021912932395935,0.525,0.6321293290043289,0.38461538461538464,0.0,0.5460063815116882,0.5667219310998917,0.0647559417411685,0.07676612259820104,0.0,0.0,0.0,0.0,0.0,18473,global,0.0
5,3,lr5e-05_bs16_drop0p2_temp1p0_a0p25_b0p05__wd1e-04trmiss0_degmodglobal,16,5e-05,0.0001,0.2,1.0,0.25,0.05,lr5e-05_bs16_drop0p2_temp1p0_a0p25_b0p05__wd1e-04trmiss0_degmodglobal,18,0.5789771974086761,0.7042363286018372,0.55,0.6440340909090909,0.38461538461538464,0.0,0.5267039462924004,0.5553600192070007,0.07348562404513359,0.10491547547280788,0.0,0.0,0.0,0.0,0.0,18473,global,0.0
5,3,lr5e-05_bs16_drop0p2_temp1p0_a0p25_b0p05__wd1e-04trmiss0_degmodglobal,16,5e-05,0.0001,0.2,1.0,0.25,0.05,lr5e-05_bs16_drop0p2_temp1p0_a0p25_b0p05__wd1e-04trmiss0_degmodglobal,19,0.6069049090147018,0.7048056125640869,0.55,0.6440340909090909,0.38461538461538464,0.0,0.5551041513681412,0.5849226862192154,0.06859156861901283,0.09668618626892567,0.0,0.0,0.0,0.0,0.0,18473,global,0.0
5,3,lr5e-05_bs16_drop0p2_temp1p0_a0p25_b0p05__wd1e-04trmiss0_degmodglobal,16,5e-05,0.0001,0.2,1.0,0.25,0.05,lr5e-05_bs16_drop0p2_temp1p0_a0p25_b0p05__wd1e-04trmiss0_degmodglobal,20,0.5616445690393448,0.7060070037841797,0.5249999999999999,0.6364583333333333,0.38461538461538464,0.0,0.5376052856445312,0.5440493524074554,0.05277899466454983,0.08800932951271534,0.0,0.0,0.0,0.0,0.0,18473,global,0.0
5,3,lr5e-05_bs16_drop0p2_temp1p0_a0p25_b0p05__wd1e-04trmiss0_degmodglobal,16,5e-05,0.0001,0.2,1.0,0.25,0.05,lr5e-05_bs16_drop0p2_temp1p0_a0p25_b0p05__wd1e-04trmiss0_degmodglobal,21,0.5910689681768417,0.7068156003952026,0.55,0.6440340909090909,0.38461538461538464,0.0,0.529444545507431,0.5669162571430206,0.07456557266414165,0.11022626981139183,0.0,0.0,0.0,0.0,0.0,18473,global,0.0
5,3,lr5e-05_bs16_drop0p2_temp1p0_a0p25_b0p05__wd1e-04trmiss0_degmodglobal,16,5e-05,0.0001,0.2,1.0,0.25,0.05,lr5e-05_bs16_drop0p2_temp1p0_a0p25_b0p05__wd1e-04trmiss0_degmodglobal,22,0.5976846218109131,0.7062844634056091,0.55,0.6440340909090909,0.38461538461538464,0.0,0.5297020822763443,0.5773638784885406,0.06425870675593615,0.08512104582041502,0.0,0.0,0.0,0.0,0.0,18473,global,0.0
5,3,lr5e-05_bs16_drop0p2_temp1p0_a0p25_b0p05__wd1e-04trmiss0_degmodglobal,16,5e-05,0.0001,0.2,1.0,0.25,0.05,lr5e-05_bs16_drop0p2_temp1p0_a0p25_b0p05__wd1e-04trmiss0_degmodglobal,23,0.5700351297855377,0.7052506804466248,0.55,0.6440340909090909,0.38461538461538464,0.0,0.5032079443335533,0.5480355322360992,0.06626704707741737,0.10865695960819721,0.0,0.0,0.0,0.0,0.0,18473,global,0.0
5,3,lr5e-05_bs16_drop0p2_temp1p0_a0p25_b0p05__wd1e-04trmiss0_degmodglobal,16,5e-05,0.0001,0.2,1.0,0.25,0.05,lr5e-05_bs16_drop0p2_temp1p0_a0p25_b0p05__wd1e-04trmiss0_degmodglobal,24,0.5833988338708878,0.7060002684593201,0.55,0.6440340909090909,0.5384615384615384,0.0,0.5137581378221512,0.5604300051927567,0.06766676343977451,0.12104212678968906,0.0,0.0,0.0,0.0,0.0,18473,global,0.0
5,3,lr5e-05_bs16_drop0p2_temp1p0_a0p25_b0p05__wd1e-04trmiss0_degmodglobal,16,5e-05,0.0001,0.2,1.0,0.25,0.05,lr5e-05_bs16_drop0p2_temp1p0_a0p25_b0p05__wd1e-04trmiss0_degmodglobal,25,0.5844655781984329,0.7055553793907166,0.55,0.6440340909090909,0.46153846153846156,0.0,0.516497865319252,0.5630127191543579,0.061558921821415424,0.12126266770064831,0.0,0.0,0.0,0.0,0.0,18473,global,0.0
5,3,lr5e-05_bs16_drop0p2_temp1p0_a0p25_b0p05__wd1e-04trmiss0_degmodglobal,16,5e-05,0.0001,0.2,1.0,0.25,0.05,lr5e-05_bs16_drop0p2_temp1p0_a0p25_b0p05__wd1e-04trmiss0_degmodglobal,26,0.5757763534784317,0.7055128812789917,0.525,0.6232007575757575,0.46153846153846156,0.0,0.5113370716571808,0.5464354455471039,0.08387804590165615,0.1674278061836958,0.0,0.0,0.0,0.0,0.0,18473,global,0.0
5,3,lr5e-05_bs16_drop0p2_temp2p0_a0p25_b0p05__wd1e-04trmiss0_degmodglobal,16,5e-05,0.0001,0.2,2.0,0.25,0.05,lr5e-05_bs16_drop0p2_temp2p0_a0p25_b0p05__wd1e-04trmiss0_degmodglobal,1,0.6611878424882889,0.6831439137458801,0.5249999999999999,0.6603375790875792,0.5384615384615384,0.0,0.6727279126644135,0.6448862552642822,0.042639159597456455,0.11283552832901478,0.0,0.0,0.0,0.0,0.0,18473,global,0.0
5,3,lr5e-05_bs16_drop0p2_temp2p0_a0p25_b0p05__wd1e-04trmiss0_degmodglobal,16,5e-05,0.0001,0.2,2.0,0.25,0.05,lr5e-05_bs16_drop0p2_temp2p0_a0p25_b0p05__wd1e-04trmiss0_degmodglobal,2,0.6447638124227524,0.6853480935096741,0.42500000000000004,0.6270493395493396,0.5384615384615384,0.0,0.6412815600633621,0.6281193196773529,0.04280279856175184,0.11887614615261555,0.0,0.0,0.0,0.0,0.0,18473,global,0.0
5,3,lr5e-05_bs16_drop0p2_temp2p0_a0p25_b0p05__wd1e-04trmiss0_degmodglobal,16,5e-05,0.0001,0.2,2.0,0.25,0.05,lr5e-05_bs16_drop0p2_temp2p0_a0p25_b0p05__wd1e-04trmiss0_degmodglobal,3,0.6134141683578491,0.6908634305000305,0.4,0.6201048951048952,0.6153846153846154,0.0,0.6427262425422668,0.5976418852806091,0.040065988432615995,0.11511562392115593,0.0,0.0,0.0,0.0,0.0,18473,global,0.0
5,3,lr5e-05_bs16_drop0p2_temp2p0_a0p25_b0p05__wd1e-04trmiss0_degmodglobal,16,5e-05,0.0001,0.2,2.0,0.25,0.05,lr5e-05_bs16_drop0p2_temp2p0_a0p25_b0p05__wd1e-04trmiss0_degmodglobal,4,0.6005219966173172,0.6946746706962585,0.35,0.5915334665334666,0.5384615384615384,0.0,0.6344174444675446,0.5837538093328476,0.04338298924267292,0.11844909563660622,0.0,0.0,0.0,0.0,0.0,18473,global,0.0
5,3,lr5e-05_bs16_drop0p2_temp2p0_a0p25_b0p05__wd1e-04trmiss0_degmodglobal,16,5e-05,0.0001,0.2,2.0,0.25,0.05,lr5e-05_bs16_drop0p2_temp2p0_a0p25_b0p05__wd1e-04trmiss0_degmodglobal,5,0.585351437330246,0.6954386234283447,0.375,0.598477910977911,0.5384615384615384,0.0,0.6309618353843689,0.5676182508468628,0.04361981898546219,0.13656454533338547,0.0,0.0,0.0,0.0,0.0,18473,global,0.0
5,3,lr5e-05_bs16_drop0p2_temp2p0_a0p25_b0p05__wd1e-04trmiss0_degmodglobal,16,5e-05,0.0001,0.2,2.0,0.25,0.05,lr5e-05_bs16_drop0p2_temp2p0_a0p25_b0p05__wd1e-04trmiss0_degmodglobal,6,0.5853445678949356,0.6971997618675232,0.375,0.598477910977911,0.5384615384615384,0.0,0.613628014922142,0.5632145553827286,0.06048002280294895,0.14020021259784698,0.0,0.0,0.0,0.0,0.0,18473,global,0.0
5,3,lr5e-05_bs16_drop0p2_temp2p0_a0p25_b0p05__wd1e-04trmiss0_degmodglobal,16,5e-05,0.0001,0.2,2.0,0.25,0.05,lr5e-05_bs16_drop0p2_temp2p0_a0p25_b0p05__wd1e-04trmiss0_degmodglobal,7,0.5787957012653351,0.7071732878684998,0.24999999999999997,0.5305215617715617,0.5384615384615384,0.0,0.5954660028219223,0.5601018518209457,0.05089962016791105,0.11937900260090828,0.0,0.0,0.0,0.0,0.0,18473,global,0.0
5,3,lr5e-05_bs16_drop0p2_temp2p0_a0p25_b0p05__wd1e-04trmiss0_degmodglobal,16,5e-05,0.0001,0.2,2.0,0.25,0.05,lr5e-05_bs16_drop0p2_temp2p0_a0p25_b0p05__wd1e-04trmiss0_degmodglobal,8,0.5792255401611328,0.7110402584075928,0.24999999999999997,0.5305215617715617,0.46153846153846156,0.0,0.6056620329618454,0.5616510212421417,0.044469259679317474,0.12914402037858963,0.0,0.0,0.0,0.0,0.0,18473,global,0.0
5,3,lr5e-05_bs16_drop0p2_temp2p0_a0p25_b0p05__wd1e-04trmiss0_degmodglobal,16,5e-05,0.0001,0.2,2.0,0.25,0.05,lr5e-05_bs16_drop0p2_temp2p0_a0p25_b0p05__wd1e-04trmiss0_degmodglobal,9,0.5764716118574142,0.7117209434509277,0.24999999999999997,0.5305215617715617,0.46153846153846156,0.0,0.5913689881563187,0.5591074526309967,0.04462416656315327,0.12416235916316509,0.0,0.0,0.0,0.0,0.0,18473,global,0.0
5,3,lr5e-05_bs16_drop0p2_temp2p0_a0p25_b0p05__wd1e-04trmiss0_degmodglobal,16,5e-05,0.0001,0.2,2.0,0.25,0.05,lr5e-05_bs16_drop0p2_temp2p0_a0p25_b0p05__wd1e-04trmiss0_degmodglobal,10,0.5735930651426315,0.7137323617935181,0.22499999999999998,0.5096882284382285,0.5384615384615384,0.0,0.5879921913146973,0.5570982843637466,0.04199220333248377,0.11993446573615074,0.0,0.0,0.0,0.0,0.0,18473,global,0.0
5,3,lr5e-05_bs16_drop0p2_temp2p0_a0p25_b0p05__wd1e-04trmiss0_degmodglobal,16,5e-05,0.0001,0.2,2.0,0.25,0.05,lr5e-05_bs16_drop0p2_temp2p0_a0p25_b0p05__wd1e-04trmiss0_degmodglobal,11,0.5788216292858124,0.7123507261276245,0.275,0.5394501332001332,0.5384615384615384,0.0,0.5833810567855835,0.5616098642349243,0.04210306890308857,0.13371981121599674,0.0,0.0,0.0,0.0,0.0,18473,global,0.0
5,3,lr5e-05_bs16_drop0p2_temp2p0_a0p25_b0p05__wd1e-04trmiss0_degmodglobal,16,5e-05,0.0001,0.2,2.0,0.25,0.05,lr5e-05_bs16_drop0p2_temp2p0_a0p25_b0p05__wd1e-04trmiss0_degmodglobal,12,0.5689712911844254,0.7130697965621948,0.275,0.5394501332001332,0.5384615384615384,0.0,0.5822721421718597,0.5520444214344025,0.04574527405202389,0.10981104895472527,0.0,0.0,0.0,0.0,0.0,18473,global,0.0
5,3,lr5e-05_bs16_drop0p2_temp2p0_a0p25_b0p05__wd1e-04trmiss0_degmodglobal,16,5e-05,0.0001,0.2,2.0,0.25,0.05,lr5e-05_bs16_drop0p2_temp2p0_a0p25_b0p05__wd1e-04trmiss0_degmodglobal,13,0.560915544629097,0.7113170623779297,0.275,0.5394501332001332,0.5384615384615384,0.0,0.5632354319095612,0.5451503694057465,0.04307394102215767,0.09993387386202812,0.0,0.0,0.0,0.0,0.0,18473,global,0.0
5,3,lr5e-05_bs16_drop0p2_temp2p0_a0p25_b0p05__wd1e-04trmiss0_degmodglobal,16,5e-05,0.0001,0.2,2.0,0.25,0.05,lr5e-05_bs16_drop0p2_temp2p0_a0p25_b0p05__wd1e-04trmiss0_degmodglobal,14,0.549731582403183,0.7109366655349731,0.275,0.5394501332001332,0.5384615384615384,0.0,0.5717264264822006,0.5310159027576447,0.04596178187057376,0.14450448751449585,0.0,0.0,0.0,0.0,0.0,18473,global,0.0
5,3,lr5e-05_bs16_drop0p2_temp2p0_a0p25_b0p05__wd1e-04trmiss0_degmodglobal,16,5e-05,0.0001,0.2,2.0,0.25,0.05,lr5e-05_bs16_drop0p2_temp2p0_a0p25_b0p05__wd1e-04trmiss0_degmodglobal,15,0.5448741912841797,0.7119138836860657,0.25,0.5186167998667999,0.5384615384615384,0.0,0.5620162487030029,0.5242185816168785,0.05534750409424305,0.13637469336390495,0.0,0.0,0.0,0.0,0.0,18473,global,0.0
5,3,lr5e-05_bs16_drop0p2_temp2p0_a0p25_b0p05__wd1e-04trmiss0_degmodglobal,16,5e-05,0.0001,0.2,2.0,0.25,0.05,lr5e-05_bs16_drop0p2_temp2p0_a0p25_b0p05__wd1e-04trmiss0_degmodglobal,16,0.5635611116886139,0.7098392844200134,0.3,0.5463945776445777,0.46153846153846156,0.0,0.5744124054908752,0.5429883003234863,0.05159419681876898,0.1534854806959629,0.0,0.0,0.0,0.0,0.0,18473,global,0.0
5,3,lr5e-05_bs16_drop0p2_temp2p0_a0p25_b0p05__wd1e-04trmiss0_degmodglobal,16,5e-05,0.0001,0.2,2.0,0.25,0.05,lr5e-05_bs16_drop0p2_temp2p0_a0p25_b0p05__wd1e-04trmiss0_degmodglobal,17,0.5400147438049316,0.7129753232002258,0.225,0.5061167998667999,0.5384615384615384,0.0,0.554633840918541,0.5198093801736832,0.052611278370022774,0.14105071127414703,0.0,0.0,0.0,0.0,0.0,18473,global,0.0
5,3,lr5e-05_bs16_drop0p2_temp2p0_a0p25_b0p05__wd1e-04trmiss0_degmodglobal,16,5e-05,0.0001,0.2,2.0,0.25,0.05,lr5e-05_bs16_drop0p2_temp2p0_a0p25_b0p05__wd1e-04trmiss0_degmodglobal,18,0.538351833820343,0.7148916125297546,0.225,0.5061167998667999,0.5384615384615384,0.0,0.5343672782182693,0.5205251127481461,0.04831175971776247,0.11497601121664047,0.0,0.0,0.0,0.0,0.0,18473,global,0.0
5,3,lr5e-05_bs16_drop0p2_temp2p0_a0p25_b0p05__wd1e-04trmiss0_degmodglobal,16,5e-05,0.0001,0.2,2.0,0.25,0.05,lr5e-05_bs16_drop0p2_temp2p0_a0p25_b0p05__wd1e-04trmiss0_degmodglobal,19,0.550815537571907,0.7144374847412109,0.225,0.5061167998667999,0.5384615384615384,0.0,0.5657307952642441,0.5343118607997894,0.046501027420163155,0.09756890311837196,0.0,0.0,0.0,0.0,0.0,18473,global,0.0
5,3,lr5e-05_bs16_drop0p2_temp2p0_a0p25_b0p05__wd1e-04trmiss0_degmodglobal,16,5e-05,0.0001,0.2,2.0,0.25,0.05,lr5e-05_bs16_drop0p2_temp2p0_a0p25_b0p05__wd1e-04trmiss0_degmodglobal,20,0.5538463592529297,0.7140551805496216,0.225,0.5061167998667999,0.5384615384615384,0.0,0.5526536107063293,0.5388572216033936,0.04297227505594492,0.08492134604603052,0.0,0.0,0.0,0.0,0.0,18473,global,0.0
5,3,lr5e-05_bs16_drop0p2_temp2p0_a0p25_b0p05__wd1e-04trmiss0_degmodglobal,16,5e-05,0.0001,0.2,2.0,0.25,0.05,lr5e-05_bs16_drop0p2_temp2p0_a0p25_b0p05__wd1e-04trmiss0_degmodglobal,21,0.558958612382412,0.7125369310379028,0.275,0.5255612443112443,0.38461538461538464,0.0,0.5402429103851318,0.5386621803045273,0.04842172935605049,0.16381972283124924,0.0,0.0,0.0,0.0,0.0,18473,global,0.0
5,3,lr5e-05_bs16_drop0p2_temp2p0_a0p25_b0p05__wd1e-04trmiss0_degmodglobal,16,5e-05,0.0001,0.2,2.0,0.25,0.05,lr5e-05_bs16_drop0p2_temp2p0_a0p25_b0p05__wd1e-04trmiss0_degmodglobal,22,0.5544373095035553,0.7133317589759827,0.25,0.5130612443112443,0.46153846153846156,0.0,0.5593031421303749,0.536429189145565,0.04689228441566229,0.12570066563785076,0.0,0.0,0.0,0.0,0.0,18473,global,0.0
5,3,lr5e-05_bs16_drop0p2_temp2p0_a0p25_b0p05__wd1e-04trmiss0_degmodglobal,16,5e-05,0.0001,0.2,2.0,0.25,0.05,lr5e-05_bs16_drop0p2_temp2p0_a0p25_b0p05__wd1e-04trmiss0_degmodglobal,23,0.5447749495506287,0.7135002017021179,0.25,0.5130612443112443,0.38461538461538464,0.0,0.5244199708104134,0.5281210094690323,0.046052432619035244,0.10281643085181713,0.0,0.0,0.0,0.0,0.0,18473,global,0.0
5,3,lr5e-05_bs16_drop0p2_temp2p0_a0p25_b0p05__wd1e-04trmiss0_degmodglobal,16,5e-05,0.0001,0.2,2.0,0.25,0.05,lr5e-05_bs16_drop0p2_temp2p0_a0p25_b0p05__wd1e-04trmiss0_degmodglobal,24,0.5287365764379501,0.7155229449272156,0.225,0.5061167998667999,0.46153846153846156,0.0,0.5245094895362854,0.5114997178316116,0.04895295388996601,0.09997227601706982,0.0,0.0,0.0,0.0,0.0,18473,global,0.0
5,3,lr5e-05_bs16_drop0p2_temp2p0_a0p25_b0p05__wd1e-04trmiss0_degmodglobal,16,5e-05,0.0001,0.2,2.0,0.25,0.05,lr5e-05_bs16_drop0p2_temp2p0_a0p25_b0p05__wd1e-04trmiss0_degmodglobal,25,0.5409749299287796,0.7151951789855957,0.225,0.5061167998667999,0.5384615384615384,0.0,0.5287174582481384,0.522993877530098,0.04888525418937206,0.1151946447789669,0.0,0.0,0.0,0.0,0.0,18473,global,0.0
5,3,lr5e-05_bs16_drop0p4_temp1p0_a0p25_b0p05__wd1e-04trmiss0_degmodglobal,16,5e-05,0.0001,0.4,1.0,0.25,0.05,lr5e-05_bs16_drop0p4_temp1p0_a0p25_b0p05__wd1e-04trmiss0_degmodglobal,1,0.8196683824062347,0.6977502703666687,0.6,0.6545003607503607,0.38461538461538464,0.0,0.6324622184038162,0.7625693678855896,0.11335804872214794,0.5751897171139717,0.0,0.0,0.0,0.0,0.0,18473,global,0.0
5,3,lr5e-05_bs16_drop0p4_temp1p0_a0p25_b0p05__wd1e-04trmiss0_degmodglobal,16,5e-05,0.0001,0.4,1.0,0.25,0.05,lr5e-05_bs16_drop0p4_temp1p0_a0p25_b0p05__wd1e-04trmiss0_degmodglobal,2,0.8135768920183182,0.7006797790527344,0.625,0.6635912698412698,0.38461538461538464,0.0,0.6708462834358215,0.7708327025175095,0.09276498295366764,0.39105866104364395,0.0,0.0,0.0,0.0,0.0,18473,global,0.0
5,3,lr5e-05_bs16_drop0p4_temp1p0_a0p25_b0p05__wd1e-04trmiss0_degmodglobal,16,5e-05,0.0001,0.4,1.0,0.25,0.05,lr5e-05_bs16_drop0p4_temp1p0_a0p25_b0p05__wd1e-04trmiss0_degmodglobal,3,0.8111850917339325,0.6987593173980713,0.625,0.6635912698412698,0.3076923076923077,0.0,0.6550585031509399,0.7594497948884964,0.10725422389805317,0.498434878885746,0.0,0.0,0.0,0.0,0.0,18473,global,0.0
5,3,lr5e-05_bs16_drop0p4_temp1p0_a0p25_b0p05__wd1e-04trmiss0_degmodglobal,16,5e-05,0.0001,0.4,1.0,0.25,0.05,lr5e-05_bs16_drop0p4_temp1p0_a0p25_b0p05__wd1e-04trmiss0_degmodglobal,4,0.8002761155366898,0.6968871355056763,0.575,0.6447781385281385,0.3076923076923077,0.0,0.6133466958999634,0.7394433170557022,0.13265854306519032,0.5533632636070251,0.0,0.0,0.0,0.0,0.0,18473,global,0.0
5,3,lr5e-05_bs16_drop0p4_temp1p0_a0p25_b0p05__wd1e-04trmiss0_degmodglobal,16,5e-05,0.0001,0.4,1.0,0.25,0.05,lr5e-05_bs16_drop0p4_temp1p0_a0p25_b0p05__wd1e-04trmiss0_degmodglobal,5,0.7790384292602539,0.6953295469284058,0.55,0.6239448051948051,0.3076923076923077,0.0,0.6358238160610199,0.7269864827394485,0.10572400316596031,0.5124189108610153,0.0,0.0,0.0,0.0,0.0,18473,global,0.0
5,3,lr5e-05_bs16_drop0p4_temp1p0_a0p25_b0p05__wd1e-04trmiss0_degmodglobal,16,5e-05,0.0001,0.4,1.0,0.25,0.05,lr5e-05_bs16_drop0p4_temp1p0_a0p25_b0p05__wd1e-04trmiss0_degmodglobal,6,0.7795009911060333,0.6965288519859314,0.475,0.5904626623376622,0.3076923076923077,0.0,0.5782729685306549,0.7243467271327972,0.11800417862832546,0.5130649358034134,0.0,0.0,0.0,0.0,0.0,18473,global,0.0
5,3,lr5e-05_bs16_drop0p4_temp1p0_a0p25_b0p05__wd1e-04trmiss0_degmodglobal,16,5e-05,0.0001,0.4,1.0,0.25,0.05,lr5e-05_bs16_drop0p4_temp1p0_a0p25_b0p05__wd1e-04trmiss0_degmodglobal,7,0.7708148509263992,0.696556806564331,0.47500000000000003,0.6487959956709957,0.38461538461538464,0.0,0.5830449908971786,0.7077140659093857,0.12779438309371471,0.6230438575148582,0.0,0.0,0.0,0.0,0.0,18473,global,0.0
5,3,lr5e-05_bs16_drop0p4_temp1p0_a0p25_b0p05__wd1e-04trmiss0_degmodglobal,16,5e-05,0.0001,0.4,1.0,0.25,0.05,lr5e-05_bs16_drop0p4_temp1p0_a0p25_b0p05__wd1e-04trmiss0_degmodglobal,8,0.719226211309433,0.7011584043502808,0.5,0.6612959956709956,0.46153846153846156,0.0,0.5763736069202423,0.6750320345163345,0.09224742650985718,0.4226461574435234,0.0,0.0,0.0,0.0,0.0,18473,global,0.0
5,3,lr5e-05_bs16_drop0p4_temp1p0_a0p25_b0p05__wd1e-04trmiss0_degmodglobal,16,5e-05,0.0001,0.4,1.0,0.25,0.05,lr5e-05_bs16_drop0p4_temp1p0_a0p25_b0p05__wd1e-04trmiss0_degmodglobal,9,0.7183593511581421,0.7109507322311401,0.475,0.6076704545454545,0.38461538461538464,0.0,0.5613491237163544,0.6651655286550522,0.11268731020390987,0.50043985247612,0.0,0.0,0.0,0.0,0.0,18473,global,0.0
5,3,lr5e-05_bs16_drop0p4_temp1p0_a0p25_b0p05__wd1e-04trmiss0_degmodglobal,16,5e-05,0.0001,0.4,1.0,0.25,0.05,lr5e-05_bs16_drop0p4_temp1p0_a0p25_b0p05__wd1e-04trmiss0_degmodglobal,10,0.7218933254480362,0.718479573726654,0.4,0.566599025974026,0.38461538461538464,0.0,0.6065596491098404,0.6765473634004593,0.09870811551809311,0.41337867826223373,0.0,0.0,0.0,0.0,0.0,18473,global,0.0
5,3,lr5e-05_bs16_drop0p4_temp1p0_a0p25_b0p05__wd1e-04trmiss0_degmodglobal,16,5e-05,0.0001,0.4,1.0,0.25,0.05,lr5e-05_bs16_drop0p4_temp1p0_a0p25_b0p05__wd1e-04trmiss0_degmodglobal,11,0.7497924864292145,0.7212424874305725,0.375,0.5540990259740259,0.38461538461538464,0.0,0.5394316911697388,0.6969192177057266,0.10868977196514606,0.5140162780880928,0.0,0.0,0.0,0.0,0.0,18473,global,0.0
5,3,lr5e-05_bs16_drop0p4_temp1p0_a0p25_b0p05__wd1e-04trmiss0_degmodglobal,16,5e-05,0.0001,0.4,1.0,0.25,0.05,lr5e-05_bs16_drop0p4_temp1p0_a0p25_b0p05__wd1e-04trmiss0_degmodglobal,12,0.7304072678089142,0.7265706062316895,0.325,0.5311823593073592,0.38461538461538464,0.0,0.5383914858102798,0.6675376743078232,0.13105376809835434,0.6021230667829514,0.0,0.0,0.0,0.0,0.0,18473,global,0.0
5,3,lr5e-05_bs16_drop0p4_temp1p0_a0p25_b0p05__wd1e-04trmiss0_degmodglobal,16,5e-05,0.0001,0.4,1.0,0.25,0.05,lr5e-05_bs16_drop0p4_temp1p0_a0p25_b0p05__wd1e-04trmiss0_degmodglobal,13,0.7530715465545654,0.7256089448928833,0.325,0.5311823593073592,0.38461538461538464,0.0,0.5438643097877502,0.6926303505897522,0.12858078069984913,0.565919779241085,0.0,0.0,0.0,0.0,0.0,18473,global,0.0
5,3,lr5e-05_bs16_drop0p4_temp1p0_a0p25_b0p05__wd1e-04trmiss0_degmodglobal,16,5e-05,0.0001,0.4,1.0,0.25,0.05,lr5e-05_bs16_drop0p4_temp1p0_a0p25_b0p05__wd1e-04trmiss0_degmodglobal,14,0.7193890959024429,0.725496768951416,0.27499999999999997,0.5135732323232323,0.38461538461538464,0.0,0.5543573200702667,0.6651220917701721,0.1182139664888382,0.4942701756954193,0.0,0.0,0.0,0.0,0.0,18473,global,0.0
5,3,lr5e-05_bs16_drop0p4_temp1p0_a0p25_b0p05__wd1e-04trmiss0_degmodglobal,16,5e-05,0.0001,0.4,1.0,0.25,0.05,lr5e-05_bs16_drop0p4_temp1p0_a0p25_b0p05__wd1e-04trmiss0_degmodglobal,15,0.7346031367778778,0.7253010272979736,0.27499999999999997,0.5135732323232323,0.38461538461538464,0.0,0.5412047207355499,0.6784784346818924,0.12184962444007397,0.5132463574409485,0.0,0.0,0.0,0.0,0.0,18473,global,0.0
5,3,lr5e-05_bs16_drop0p4_temp1p0_a0p25_b0p05__wd1e-04trmiss0_degmodglobal,16,5e-05,0.0001,0.4,1.0,0.25,0.05,lr5e-05_bs16_drop0p4_temp1p0_a0p25_b0p05__wd1e-04trmiss0_degmodglobal,16,0.6934344172477722,0.7245905995368958,0.375,0.5662518037518037,0.38461538461538464,0.0,0.5382884442806244,0.6475557386875153,0.10317663662135601,0.4016902521252632,0.0,0.0,0.0,0.0,0.0,18473,global,0.0
5,3,lr5e-05_bs16_drop0p4_temp1p0_a0p25_b0p05__wd1e-04trmiss0_degmodglobal,16,5e-05,0.0001,0.4,1.0,0.25,0.05,lr5e-05_bs16_drop0p4_temp1p0_a0p25_b0p05__wd1e-04trmiss0_degmodglobal,17,0.6990730613470078,0.7233853340148926,0.35,0.6108946608946608,0.38461538461538464,0.0,0.5575724244117737,0.6397692561149597,0.12469564005732536,0.5625975504517555,0.0,0.0,0.0,0.0,0.0,18473,global,0.0
5,3,lr5e-05_bs16_drop0p4_temp1p0_a0p25_b0p05__wd1e-04trmiss0_degmodglobal,16,5e-05,0.0001,0.4,1.0,0.25,0.05,lr5e-05_bs16_drop0p4_temp1p0_a0p25_b0p05__wd1e-04trmiss0_degmodglobal,18,0.7904504537582397,0.7221513986587524,0.35,0.6108946608946608,0.38461538461538464,0.0,0.5157160758972168,0.7207421064376831,0.140615776181221,0.6910880580544472,0.0,0.0,0.0,0.0,0.0,18473,global,0.0
5,3,lr5e-05_bs16_drop0p4_temp1p0_a0p25_b0p05__wd1e-04trmiss0_degmodglobal,16,5e-05,0.0001,0.4,1.0,0.25,0.05,lr5e-05_bs16_drop0p4_temp1p0_a0p25_b0p05__wd1e-04trmiss0_degmodglobal,19,0.7288534492254257,0.7219169735908508,0.35,0.6073232323232323,0.46153846153846156,0.0,0.5310158282518387,0.6642351001501083,0.14096296578645706,0.5875525027513504,0.0,0.0,0.0,0.0,0.0,18473,global,0.0
5,3,lr5e-05_bs16_drop0p4_temp1p0_a0p25_b0p05__wd1e-04trmiss0_degmodglobal,16,5e-05,0.0001,0.4,1.0,0.25,0.05,lr5e-05_bs16_drop0p4_temp1p0_a0p25_b0p05__wd1e-04trmiss0_degmodglobal,20,0.7477113306522369,0.7218667268753052,0.37499999999999994,0.6198232323232323,0.46153846153846156,0.0,0.5607866570353508,0.6673501282930374,0.19693863950669765,0.6225309371948242,0.0,0.0,0.0,0.0,0.0,18473,global,0.0
5,3,lr5e-05_bs16_drop0p4_temp1p0_a0p25_b0p05__wd1e-04trmiss0_degmodglobal,16,5e-05,0.0001,0.4,1.0,0.25,0.05,lr5e-05_bs16_drop0p4_temp1p0_a0p25_b0p05__wd1e-04trmiss0_degmodglobal,21,0.715757206082344,0.7232031226158142,0.35,0.6108946608946608,0.46153846153846156,0.0,0.5405805110931396,0.661716878414154,0.10880984552204609,0.5367575883865356,0.0,0.0,0.0,0.0,0.0,18473,global,0.0
5,3,lr5e-05_bs16_drop0p4_temp1p0_a0p25_b0p05__wd1e-04trmiss0_degmodglobal,16,5e-05,0.0001,0.4,1.0,0.25,0.05,lr5e-05_bs16_drop0p4_temp1p0_a0p25_b0p05__wd1e-04trmiss0_degmodglobal,22,0.7460034638643265,0.7245430946350098,0.35,0.6108946608946608,0.38461538461538464,0.0,0.49756625294685364,0.6661315709352493,0.16694413125514984,0.7627172619104385,0.0,0.0,0.0,0.0,0.0,18473,global,0.0
5,3,lr5e-05_bs16_drop0p4_temp1p0_a0p25_b0p05__wd1e-04trmiss0_degmodglobal,16,5e-05,0.0001,0.4,1.0,0.25,0.05,lr5e-05_bs16_drop0p4_temp1p0_a0p25_b0p05__wd1e-04trmiss0_degmodglobal,23,0.7460120320320129,0.7317965626716614,0.32499999999999996,0.5983946608946609,0.38461538461538464,0.0,0.5344041734933853,0.6855439096689224,0.1263161227107048,0.5777816697955132,0.0,0.0,0.0,0.0,0.0,18473,global,0.0
5,3,lr5e-05_bs16_drop0p4_temp1p0_a0p25_b0p05__wd1e-04trmiss0_degmodglobal,16,5e-05,0.0001,0.4,1.0,0.25,0.05,lr5e-05_bs16_drop0p4_temp1p0_a0p25_b0p05__wd1e-04trmiss0_degmodglobal,24,0.7055539190769196,0.7331612706184387,0.29999999999999993,0.5358946608946609,0.38461538461538464,0.0,0.5188496708869934,0.6393854767084122,0.13663925975561142,0.6401722878217697,0.0,0.0,0.0,0.0,0.0,18473,global,0.0
5,3,lr5e-05_bs16_drop0p4_temp1p0_a0p25_b0p05__wd1e-04trmiss0_degmodglobal,16,5e-05,0.0001,0.4,1.0,0.25,0.05,lr5e-05_bs16_drop0p4_temp1p0_a0p25_b0p05__wd1e-04trmiss0_degmodglobal,25,0.7360848039388657,0.735296368598938,0.32499999999999996,0.5483946608946608,0.38461538461538464,0.0,0.5151792392134666,0.6583361029624939,0.16233541443943977,0.7432972937822342,0.0,0.0,0.0,0.0,0.0,18473,global,0.0
5,3,lr5e-05_bs16_drop0p4_temp2p0_a0p25_b0p05__wd1e-04trmiss0_degmodglobal,16,5e-05,0.0001,0.4,2.0,0.25,0.05,lr5e-05_bs16_drop0p4_temp2p0_a0p25_b0p05__wd1e-04trmiss0_degmodglobal,1,0.7494614273309708,0.6757102608680725,0.675,0.7250381562881564,0.6923076923076923,0.0,0.6461367905139923,0.7002808451652527,0.12602880597114563,0.3534676134586334,0.0,0.0,0.0,0.0,0.0,18473,global,0.0
5,3,lr5e-05_bs16_drop0p4_temp2p0_a0p25_b0p05__wd1e-04trmiss0_degmodglobal,16,5e-05,0.0001,0.4,2.0,0.25,0.05,lr5e-05_bs16_drop0p4_temp2p0_a0p25_b0p05__wd1e-04trmiss0_degmodglobal,2,0.7028452455997467,0.6811417937278748,0.675,0.7250381562881564,0.6923076923076923,0.0,0.6064617484807968,0.6698430627584457,0.07995581533759832,0.26026511937379837,0.0,0.0,0.0,0.0,0.0,18473,global,0.0
5,3,lr5e-05_bs16_drop0p4_temp2p0_a0p25_b0p05__wd1e-04trmiss0_degmodglobal,16,5e-05,0.0001,0.4,2.0,0.25,0.05,lr5e-05_bs16_drop0p4_temp2p0_a0p25_b0p05__wd1e-04trmiss0_degmodglobal,3,0.73323754966259,0.6864564418792725,0.65,0.7153159340659341,0.6923076923076923,0.0,0.6316922605037689,0.6940937638282776,0.09795544110238552,0.2930990494787693,0.0,0.0,0.0,0.0,0.0,18473,global,0.0
5,3,lr5e-05_bs16_drop0p4_temp2p0_a0p25_b0p05__wd1e-04trmiss0_degmodglobal,16,5e-05,0.0001,0.4,2.0,0.25,0.05,lr5e-05_bs16_drop0p4_temp2p0_a0p25_b0p05__wd1e-04trmiss0_degmodglobal,4,0.6916750073432922,0.6863478422164917,0.625,0.7073613886113886,0.6923076923076923,0.0,0.6088356822729111,0.651564821600914,0.10628755763173103,0.27076541259884834,0.0,0.0,0.0,0.0,0.0,18473,global,0.0
5,3,lr5e-05_bs16_drop0p4_temp2p0_a0p25_b0p05__wd1e-04trmiss0_degmodglobal,16,5e-05,0.0001,0.4,2.0,0.25,0.05,lr5e-05_bs16_drop0p4_temp2p0_a0p25_b0p05__wd1e-04trmiss0_degmodglobal,5,0.6833055168390274,0.6867875456809998,0.625,0.701923076923077,0.6923076923076923,0.0,0.5845323801040649,0.6477282494306564,0.0894340593367815,0.26437509804964066,0.0,0.0,0.0,0.0,0.0,18473,global,0.0
5,3,lr5e-05_bs16_drop0p4_temp2p0_a0p25_b0p05__wd1e-04trmiss0_degmodglobal,16,5e-05,0.0001,0.4,2.0,0.25,0.05,lr5e-05_bs16_drop0p4_temp2p0_a0p25_b0p05__wd1e-04trmiss0_degmodglobal,6,0.6684390157461166,0.6891531348228455,0.6,0.6939685314685315,0.6923076923076923,0.0,0.5898249596357346,0.6249676942825317,0.10645977221429348,0.33712760731577873,0.0,0.0,0.0,0.0,0.0,18473,global,0.0
5,3,lr5e-05_bs16_drop0p4_temp2p0_a0p25_b0p05__wd1e-04trmiss0_degmodglobal,16,5e-05,0.0001,0.4,2.0,0.25,0.05,lr5e-05_bs16_drop0p4_temp2p0_a0p25_b0p05__wd1e-04trmiss0_degmodglobal,7,0.6729666143655777,0.6935318112373352,0.5499999999999999,0.6686709124209125,0.5384615384615384,0.0,0.6360878497362137,0.636004313826561,0.08851696364581585,0.2966611348092556,0.0,0.0,0.0,0.0,0.0,18473,global,0.0
5,3,lr5e-05_bs16_drop0p4_temp2p0_a0p25_b0p05__wd1e-04trmiss0_degmodglobal,16,5e-05,0.0001,0.4,2.0,0.25,0.05,lr5e-05_bs16_drop0p4_temp2p0_a0p25_b0p05__wd1e-04trmiss0_degmodglobal,8,0.6829943209886551,0.7073458433151245,0.42499999999999993,0.5832542457542457,0.46153846153846156,0.0,0.5780693143606186,0.6352867484092712,0.11404164787381887,0.38394321501255035,0.0,0.0,0.0,0.0,0.0,18473,global,0.0
5,3,lr5e-05_bs16_drop0p4_temp2p0_a0p25_b0p05__wd1e-04trmiss0_degmodglobal,16,5e-05,0.0001,0.4,2.0,0.25,0.05,lr5e-05_bs16_drop0p4_temp2p0_a0p25_b0p05__wd1e-04trmiss0_degmodglobal,9,0.6900986433029175,0.7097287178039551,0.4,0.5720935314685315,0.46153846153846156,0.0,0.5546288937330246,0.6529733091592789,0.08951997384428978,0.2949069142341614,0.0,0.0,0.0,0.0,0.0,18473,global,0.0
5,3,lr5e-05_bs16_drop0p4_temp2p0_a0p25_b0p05__wd1e-04trmiss0_degmodglobal,16,5e-05,0.0001,0.4,2.0,0.25,0.05,lr5e-05_bs16_drop0p4_temp2p0_a0p25_b0p05__wd1e-04trmiss0_degmodglobal,10,0.6389147192239761,0.7077673077583313,0.375,0.625912975912976,0.38461538461538464,0.0,0.5293747261166573,0.6034350246191025,0.09614532068371773,0.22886714339256287,0.0,0.0,0.0,0.0,0.0,18473,global,0.0
5,3,lr5e-05_bs16_drop0p4_temp2p0_a0p25_b0p05__wd1e-04trmiss0_degmodglobal,16,5e-05,0.0001,0.4,2.0,0.25,0.05,lr5e-05_bs16_drop0p4_temp2p0_a0p25_b0p05__wd1e-04trmiss0_degmodglobal,11,0.6964753419160843,0.7077147960662842,0.375,0.6317279942279942,0.46153846153846156,0.0,0.5436564683914185,0.653482660651207,0.10291346162557602,0.3452862873673439,0.0,0.0,0.0,0.0,0.0,18473,global,0.0
5,3,lr5e-05_bs16_drop0p4_temp2p0_a0p25_b0p05__wd1e-04trmiss0_degmodglobal,16,5e-05,0.0001,0.4,2.0,0.25,0.05,lr5e-05_bs16_drop0p4_temp2p0_a0p25_b0p05__wd1e-04trmiss0_degmodglobal,12,0.6454686373472214,0.7069731950759888,0.425,0.6495851370851371,0.38461538461538464,0.0,0.5622338652610779,0.6062418222427368,0.11262199655175209,0.22142664715647697,0.0,0.0,0.0,0.0,0.0,18473,global,0.0
5,3,lr5e-05_bs16_drop0p4_temp2p0_a0p25_b0p05__wd1e-04trmiss0_degmodglobal,16,5e-05,0.0001,0.4,2.0,0.25,0.05,lr5e-05_bs16_drop0p4_temp2p0_a0p25_b0p05__wd1e-04trmiss0_degmodglobal,13,0.6324841231107712,0.7101140022277832,0.39999999999999997,0.5870851370851371,0.38461538461538464,0.0,0.5513510555028915,0.5941806435585022,0.10011899843811989,0.265474621206522,0.0,0.0,0.0,0.0,0.0,18473,global,0.0
5,3,lr5e-05_bs16_drop0p4_temp2p0_a0p25_b0p05__wd1e-04trmiss0_degmodglobal,16,5e-05,0.0001,0.4,2.0,0.25,0.05,lr5e-05_bs16_drop0p4_temp2p0_a0p25_b0p05__wd1e-04trmiss0_degmodglobal,14,0.6503495275974274,0.7104633450508118,0.44999999999999996,0.6183351370851371,0.38461538461538464,0.0,0.5324028134346008,0.6105816215276718,0.10097849741578102,0.29046574607491493,0.0,0.0,0.0,0.0,0.0,18473,global,0.0
5,3,lr5e-05_bs16_drop0p4_temp2p0_a0p25_b0p05__wd1e-04trmiss0_degmodglobal,16,5e-05,0.0001,0.4,2.0,0.25,0.05,lr5e-05_bs16_drop0p4_temp2p0_a0p25_b0p05__wd1e-04trmiss0_degmodglobal,15,0.6548352241516113,0.7125053405761719,0.5,0.692739898989899,0.38461538461538464,0.0,0.5363152176141739,0.6197855770587921,0.09330040216445923,0.2344907708466053,0.0,0.0,0.0,0.0,0.0,18473,global,0.0
5,3,lr5e-05_bs16_drop0p4_temp2p0_a0p25_b0p05__wd1e-04trmiss0_degmodglobal,16,5e-05,0.0001,0.4,2.0,0.25,0.05,lr5e-05_bs16_drop0p4_temp2p0_a0p25_b0p05__wd1e-04trmiss0_degmodglobal,16,0.6681288182735443,0.7124312520027161,0.425,0.6412518037518038,0.38461538461538464,0.0,0.5400198921561241,0.6241553574800491,0.11308072321116924,0.3140654116868973,0.0,0.0,0.0,0.0,0.0,18473,global,0.0
5,3,lr5e-05_bs16_drop0p4_temp2p0_a0p25_b0p05__wd1e-04trmiss0_degmodglobal,16,5e-05,0.0001,0.4,2.0,0.25,0.05,lr5e-05_bs16_drop0p4_temp2p0_a0p25_b0p05__wd1e-04trmiss0_degmodglobal,17,0.647696852684021,0.7096616625785828,0.44999999999999996,0.662085137085137,0.46153846153846156,0.0,0.5315962880849838,0.6043165028095245,0.10561997070908546,0.3395070545375347,0.0,0.0,0.0,0.0,0.0,18473,global,0.0
5,3,lr5e-05_bs16_drop0p4_temp2p0_a0p25_b0p05__wd1e-04trmiss0_degmodglobal,16,5e-05,0.0001,0.4,2.0,0.25,0.05,lr5e-05_bs16_drop0p4_temp2p0_a0p25_b0p05__wd1e-04trmiss0_degmodglobal,18,0.6145257502794266,0.7076446413993835,0.39999999999999997,0.6406565656565657,0.38461538461538464,0.0,0.5111623108386993,0.5757396966218948,0.11035761144012213,0.22393273934721947,0.0,0.0,0.0,0.0,0.0,18473,global,0.0
5,3,lr5e-05_bs16_drop0p4_temp2p0_a0p25_b0p05__wd1e-04trmiss0_degmodglobal,16,5e-05,0.0001,0.4,2.0,0.25,0.05,lr5e-05_bs16_drop0p4_temp2p0_a0p25_b0p05__wd1e-04trmiss0_degmodglobal,19,0.6516013443470001,0.7065047025680542,0.44999999999999996,0.6912518037518037,0.38461538461538464,0.0,0.5140807032585144,0.6067624241113663,0.1183709092438221,0.3049236610531807,0.0,0.0,0.0,0.0,0.0,18473,global,0.0
5,3,lr5e-05_bs16_drop0p4_temp2p0_a0p25_b0p05__wd1e-04trmiss0_degmodglobal,16,5e-05,0.0001,0.4,2.0,0.25,0.05,lr5e-05_bs16_drop0p4_temp2p0_a0p25_b0p05__wd1e-04trmiss0_degmodglobal,20,0.6083009988069534,0.7073044776916504,0.475,0.6808351370851371,0.46153846153846156,0.0,0.513455793261528,0.5758364051580429,0.08609215542674065,0.21883126720786095,0.0,0.0,0.0,0.0,0.0,18473,global,0.0
5,3,lr5e-05_bs16_drop0p4_temp2p0_a0p25_b0p05__wd1e-04trmiss0_degmodglobal,16,5e-05,0.0001,0.4,2.0,0.25,0.05,lr5e-05_bs16_drop0p4_temp2p0_a0p25_b0p05__wd1e-04trmiss0_degmodglobal,21,0.6554936915636063,0.7115336656570435,0.44999999999999996,0.662085137085137,0.46153846153846156,0.0,0.5174634456634521,0.6136768609285355,0.11370071768760681,0.26783332228660583,0.0,0.0,0.0,0.0,0.0,18473,global,0.0
5,3,lr5e-05_bs16_drop0p4_temp2p0_a0p25_b0p05__wd1e-04trmiss0_degmodglobal,16,5e-05,0.0001,0.4,2.0,0.25,0.05,lr5e-05_bs16_drop0p4_temp2p0_a0p25_b0p05__wd1e-04trmiss0_degmodglobal,22,0.6636956483125687,0.7142529487609863,0.44999999999999996,0.662085137085137,0.38461538461538464,0.0,0.49799393117427826,0.6165739744901657,0.12166270241141319,0.33411959558725357,0.0,0.0,0.0,0.0,0.0,18473,global,0.0
5,3,lr5e-05_bs16_drop0p4_temp2p0_a0p25_b0p05__wd1e-04trmiss0_degmodglobal,16,5e-05,0.0001,0.4,2.0,0.25,0.05,lr5e-05_bs16_drop0p4_temp2p0_a0p25_b0p05__wd1e-04trmiss0_degmodglobal,23,0.6277908831834793,0.7147884368896484,0.45,0.6082656926406926,0.38461538461538464,0.0,0.4915205389261246,0.5866203904151917,0.10259945318102837,0.31041276454925537,0.0,0.0,0.0,0.0,0.0,18473,global,0.0
5,3,lr5e-05_bs16_drop0p4_temp2p0_a0p25_b0p05__wd1e-04trmiss0_degmodglobal,16,5e-05,0.0001,0.4,2.0,0.25,0.05,lr5e-05_bs16_drop0p4_temp2p0_a0p25_b0p05__wd1e-04trmiss0_degmodglobal,24,0.6121549159288406,0.7131884694099426,0.45,0.6082656926406926,0.38461538461538464,0.0,0.5050694197416306,0.5757725983858109,0.09099745005369186,0.27265898138284683,0.0,0.0,0.0,0.0,0.0,18473,global,0.0
5,3,lr5e-05_bs16_drop0p4_temp2p0_a0p25_b0p05__wd1e-04trmiss0_degmodglobal,16,5e-05,0.0001,0.4,2.0,0.25,0.05,lr5e-05_bs16_drop0p4_temp2p0_a0p25_b0p05__wd1e-04trmiss0_degmodglobal,25,0.6205233037471771,0.710351824760437,0.475,0.6707656926406926,0.46153846153846156,0.0,0.5583997890353203,0.5768047422170639,0.11688982509076595,0.28992223367094994,0.0,0.0,0.0,0.0,0.0,18473,global,0.0
5,3,lr1e-05_bs16_drop0p2_temp1p0_a0p25_b0p05__wd1e-04trmiss0_degmodglobal,16,1e-05,0.0001,0.2,1.0,0.25,0.05,lr1e-05_bs16_drop0p2_temp1p0_a0p25_b0p05__wd1e-04trmiss0_degmodglobal,1,0.7658123672008514,0.6802834868431091,0.625,0.6906114718614719,0.5384615384615384,0.0,0.8634269386529922,0.7361010164022446,0.06680618226528168,0.26019594073295593,0.0,0.0,0.0,0.0,0.0,18473,global,0.0
5,3,lr1e-05_bs16_drop0p2_temp1p0_a0p25_b0p05__wd1e-04trmiss0_degmodglobal,16,1e-05,0.0001,0.2,1.0,0.25,0.05,lr1e-05_bs16_drop0p2_temp1p0_a0p25_b0p05__wd1e-04trmiss0_degmodglobal,2,0.767466589808464,0.6785084009170532,0.625,0.6843614718614719,0.46153846153846156,0.0,0.8444938063621521,0.7352359145879745,0.07225396949797869,0.2833435032516718,0.0,0.0,0.0,0.0,0.0,18473,global,0.0
5,3,lr1e-05_bs16_drop0p2_temp1p0_a0p25_b0p05__wd1e-04trmiss0_degmodglobal,16,1e-05,0.0001,0.2,1.0,0.25,0.05,lr1e-05_bs16_drop0p2_temp1p0_a0p25_b0p05__wd1e-04trmiss0_degmodglobal,3,0.7591448128223419,0.6776300668716431,0.6,0.6739448051948053,0.5384615384615384,0.0,0.8474186658859253,0.7240578532218933,0.07259933091700077,0.3387424200773239,0.0,0.0,0.0,0.0,0.0,18473,global,0.0
5,3,lr1e-05_bs16_drop0p2_temp1p0_a0p25_b0p05__wd1e-04trmiss0_degmodglobal,16,1e-05,0.0001,0.2,1.0,0.25,0.05,lr1e-05_bs16_drop0p2_temp1p0_a0p25_b0p05__wd1e-04trmiss0_degmodglobal,4,0.7487000823020935,0.6763245463371277,0.65,0.6940836940836941,0.5384615384615384,0.0,0.8150918930768967,0.7196464240550995,0.05940640065819025,0.28404123708605766,0.0,0.0,0.0,0.0,0.0,18473,global,0.0
5,3,lr1e-05_bs16_drop0p2_temp1p0_a0p25_b0p05__wd1e-04trmiss0_degmodglobal,16,1e-05,0.0001,0.2,1.0,0.25,0.05,lr1e-05_bs16_drop0p2_temp1p0_a0p25_b0p05__wd1e-04trmiss0_degmodglobal,5,0.708184152841568,0.6763564348220825,0.625,0.6843614718614719,0.5384615384615384,0.0,0.8092212378978729,0.6777684092521667,0.06277356669306755,0.2944471910595894,0.0,0.0,0.0,0.0,0.0,18473,global,0.0
5,3,lr1e-05_bs16_drop0p2_temp1p0_a0p25_b0p05__wd1e-04trmiss0_degmodglobal,16,1e-05,0.0001,0.2,1.0,0.25,0.05,lr1e-05_bs16_drop0p2_temp1p0_a0p25_b0p05__wd1e-04trmiss0_degmodglobal,6,0.7216586023569107,0.6786342263221741,0.575,0.6447781385281385,0.46153846153846156,0.0,0.7801320552825928,0.6920632719993591,0.06557160336524248,0.26404865086078644,0.0,0.0,0.0,0.0,0.0,18473,global,0.0
5,3,lr1e-05_bs16_drop0p2_temp1p0_a0p25_b0p05__wd1e-04trmiss0_degmodglobal,16,1e-05,0.0001,0.2,1.0,0.25,0.05,lr1e-05_bs16_drop0p2_temp1p0_a0p25_b0p05__wd1e-04trmiss0_degmodglobal,7,0.7260801494121552,0.6833648681640625,0.575,0.6447781385281385,0.46153846153846156,0.0,0.8008663356304169,0.6987376809120178,0.05936839245259762,0.25000736489892006,0.0,0.0,0.0,0.0,0.0,18473,global,0.0
5,3,lr1e-05_bs16_drop0p2_temp1p0_a0p25_b0p05__wd1e-04trmiss0_degmodglobal,16,1e-05,0.0001,0.2,1.0,0.25,0.05,lr1e-05_bs16_drop0p2_temp1p0_a0p25_b0p05__wd1e-04trmiss0_degmodglobal,8,0.7206925749778748,0.686652421951294,0.575,0.6447781385281385,0.38461538461538464,0.0,0.7942417860031128,0.6841639429330826,0.07772252522408962,0.34196001291275024,0.0,0.0,0.0,0.0,0.0,18473,global,0.0
5,3,lr1e-05_bs16_drop0p2_temp1p0_a0p25_b0p05__wd1e-04trmiss0_degmodglobal,16,1e-05,0.0001,0.2,1.0,0.25,0.05,lr1e-05_bs16_drop0p2_temp1p0_a0p25_b0p05__wd1e-04trmiss0_degmodglobal,9,0.7094697505235672,0.6878932118415833,0.6,0.6545003607503607,0.38461538461538464,0.0,0.7519906461238861,0.6849961578845978,0.051191107369959354,0.23351600021123886,0.0,0.0,0.0,0.0,0.0,18473,global,0.0
5,3,lr1e-05_bs16_drop0p2_temp1p0_a0p25_b0p05__wd1e-04trmiss0_degmodglobal,16,1e-05,0.0001,0.2,1.0,0.25,0.05,lr1e-05_bs16_drop0p2_temp1p0_a0p25_b0p05__wd1e-04trmiss0_degmodglobal,10,0.6958342045545578,0.6891350746154785,0.6,0.6545003607503607,0.38461538461538464,0.0,0.7693315744400024,0.6697610020637512,0.05331081431359053,0.25491003319621086,0.0,0.0,0.0,0.0,0.0,18473,global,0.0
5,3,lr1e-05_bs16_drop0p2_temp1p0_a0p25_b0p05__wd1e-04trmiss0_degmodglobal,16,1e-05,0.0001,0.2,1.0,0.25,0.05,lr1e-05_bs16_drop0p2_temp1p0_a0p25_b0p05__wd1e-04trmiss0_degmodglobal,11,0.7230119407176971,0.6903430819511414,0.6,0.6545003607503607,0.38461538461538464,0.0,0.8124240934848785,0.691772922873497,0.06380909401923418,0.3057347312569618,0.0,0.0,0.0,0.0,0.0,18473,global,0.0
5,3,lr1e-05_bs16_drop0p2_temp1p0_a0p25_b0p05__wd1e-04trmiss0_degmodglobal,16,1e-05,0.0001,0.2,1.0,0.25,0.05,lr1e-05_bs16_drop0p2_temp1p0_a0p25_b0p05__wd1e-04trmiss0_degmodglobal,12,0.7003712356090546,0.6931427121162415,0.575,0.6447781385281385,0.3076923076923077,0.0,0.7606325149536133,0.6675197184085846,0.06944812275469303,0.30978986993432045,0.0,0.0,0.0,0.0,0.0,18473,global,0.0
5,3,lr1e-05_bs16_drop0p2_temp1p0_a0p25_b0p05__wd1e-04trmiss0_degmodglobal,16,1e-05,0.0001,0.2,1.0,0.25,0.05,lr1e-05_bs16_drop0p2_temp1p0_a0p25_b0p05__wd1e-04trmiss0_degmodglobal,13,0.6768081486225128,0.6952399015426636,0.575,0.6447781385281385,0.3076923076923077,0.0,0.7553438544273376,0.6487250179052353,0.05805924627929926,0.2713658735156059,0.0,0.0,0.0,0.0,0.0,18473,global,0.0
5,3,lr1e-05_bs16_drop0p2_temp1p0_a0p25_b0p05__wd1e-04trmiss0_degmodglobal,16,1e-05,0.0001,0.2,1.0,0.25,0.05,lr1e-05_bs16_drop0p2_temp1p0_a0p25_b0p05__wd1e-04trmiss0_degmodglobal,14,0.6911095678806305,0.6970056891441345,0.575,0.6447781385281385,0.3076923076923077,0.0,0.7766882628202438,0.6606701761484146,0.06096486933529377,0.30396369844675064,0.0,0.0,0.0,0.0,0.0,18473,global,0.0
5,3,lr1e-05_bs16_drop0p2_temp1p0_a0p25_b0p05__wd1e-04trmiss0_degmodglobal,16,1e-05,0.0001,0.2,1.0,0.25,0.05,lr1e-05_bs16_drop0p2_temp1p0_a0p25_b0p05__wd1e-04trmiss0_degmodglobal,15,0.6863544136285782,0.6966680884361267,0.575,0.6447781385281385,0.3076923076923077,0.0,0.729114755988121,0.6542856693267822,0.06891652569174767,0.29679223895072937,0.0,0.0,0.0,0.0,0.0,18473,global,0.0
5,3,lr1e-05_bs16_drop0p2_temp1p0_a0p25_b0p05__wd1e-04trmiss0_degmodglobal,16,1e-05,0.0001,0.2,1.0,0.25,0.05,lr1e-05_bs16_drop0p2_temp1p0_a0p25_b0p05__wd1e-04trmiss0_degmodglobal,16,0.6996518522500992,0.7000710964202881,0.575,0.6447781385281385,0.3076923076923077,0.0,0.7664835751056671,0.6693700402975082,0.06448986660689116,0.2831868752837181,0.0,0.0,0.0,0.0,0.0,18473,global,0.0
5,3,lr1e-05_bs16_drop0p2_temp1p0_a0p25_b0p05__wd1e-04trmiss0_degmodglobal,16,1e-05,0.0001,0.2,1.0,0.25,0.05,lr1e-05_bs16_drop0p2_temp1p0_a0p25_b0p05__wd1e-04trmiss0_degmodglobal,17,0.6823438704013824,0.6977192163467407,0.575,0.6447781385281385,0.3076923076923077,0.0,0.7381961792707443,0.6554848998785019,0.05785459466278553,0.24790628999471664,0.0,0.0,0.0,0.0,0.0,18473,global,0.0
5,3,lr1e-05_bs16_drop0p2_temp1p0_a0p25_b0p05__wd1e-04trmiss0_degmodglobal,16,1e-05,0.0001,0.2,1.0,0.25,0.05,lr1e-05_bs16_drop0p2_temp1p0_a0p25_b0p05__wd1e-04trmiss0_degmodglobal,18,0.7053601145744324,0.6973494291305542,0.6,0.6545003607503607,0.3076923076923077,0.0,0.7300980985164642,0.6754781901836395,0.06358237005770206,0.27972685918211937,0.0,0.0,0.0,0.0,0.0,18473,global,0.0
5,3,lr1e-05_bs16_drop0p2_temp1p0_a0p25_b0p05__wd1e-04trmiss0_degmodglobal,16,1e-05,0.0001,0.2,1.0,0.25,0.05,lr1e-05_bs16_drop0p2_temp1p0_a0p25_b0p05__wd1e-04trmiss0_degmodglobal,19,0.6952111274003983,0.698024570941925,0.625,0.6635912698412698,0.3076923076923077,0.0,0.7338290065526962,0.6687561273574829,0.0579011021181941,0.2395949773490429,0.0,0.0,0.0,0.0,0.0,18473,global,0.0
5,3,lr1e-05_bs16_drop0p2_temp1p0_a0p25_b0p05__wd1e-04trmiss0_degmodglobal,16,1e-05,0.0001,0.2,1.0,0.25,0.05,lr1e-05_bs16_drop0p2_temp1p0_a0p25_b0p05__wd1e-04trmiss0_degmodglobal,20,0.7057619243860245,0.6984601020812988,0.625,0.6635912698412698,0.3076923076923077,0.0,0.7367665618658066,0.6752822250127792,0.06430682633072138,0.28806047514081,0.0,0.0,0.0,0.0,0.0,18473,global,0.0
5,3,lr1e-05_bs16_drop0p2_temp1p0_a0p25_b0p05__wd1e-04trmiss0_degmodglobal,16,1e-05,0.0001,0.2,1.0,0.25,0.05,lr1e-05_bs16_drop0p2_temp1p0_a0p25_b0p05__wd1e-04trmiss0_degmodglobal,21,0.6836495101451874,0.696795642375946,0.625,0.6635912698412698,0.3076923076923077,0.0,0.6938235759735107,0.6455798298120499,0.08384124841541052,0.342187762260437,0.0,0.0,0.0,0.0,0.0,18473,global,0.0
5,3,lr1e-05_bs16_drop0p2_temp1p0_a0p25_b0p05__wd1e-04trmiss0_degmodglobal,16,1e-05,0.0001,0.2,1.0,0.25,0.05,lr1e-05_bs16_drop0p2_temp1p0_a0p25_b0p05__wd1e-04trmiss0_degmodglobal,22,0.7132827341556549,0.6998465657234192,0.575,0.6447781385281385,0.3076923076923077,0.0,0.7567288428544998,0.6858613193035126,0.05658538546413183,0.26550107449293137,0.0,0.0,0.0,0.0,0.0,18473,global,0.0
5,3,lr1e-05_bs16_drop0p2_temp1p0_a0p25_b0p05__wd1e-04trmiss0_degmodglobal,16,1e-05,0.0001,0.2,1.0,0.25,0.05,lr1e-05_bs16_drop0p2_temp1p0_a0p25_b0p05__wd1e-04trmiss0_degmodglobal,23,0.6966440975666046,0.7016939520835876,0.575,0.6447781385281385,0.3076923076923077,0.0,0.7247358113527298,0.6706061661243439,0.05420311354100704,0.2497430369257927,0.0,0.0,0.0,0.0,0.0,18473,global,0.0
5,3,lr1e-05_bs16_drop0p2_temp1p0_a0p25_b0p05__wd1e-04trmiss0_degmodglobal,16,1e-05,0.0001,0.2,1.0,0.25,0.05,lr1e-05_bs16_drop0p2_temp1p0_a0p25_b0p05__wd1e-04trmiss0_degmodglobal,24,0.6954309940338135,0.7015221118927002,0.575,0.6447781385281385,0.3076923076923077,0.0,0.6889030933380127,0.6634842753410339,0.0637846365571022,0.3200114369392395,0.0,0.0,0.0,0.0,0.0,18473,global,0.0
5,3,lr1e-05_bs16_drop0p2_temp1p0_a0p25_b0p05__wd1e-04trmiss0_degmodglobal,16,1e-05,0.0001,0.2,1.0,0.25,0.05,lr1e-05_bs16_drop0p2_temp1p0_a0p25_b0p05__wd1e-04trmiss0_degmodglobal,25,0.7147291898727417,0.7004820108413696,0.6,0.6545003607503607,0.3076923076923077,0.0,0.7201465666294098,0.6790477484464645,0.07713392935693264,0.32795896381139755,0.0,0.0,0.0,0.0,0.0,18473,global,0.0
5,3,lr1e-05_bs16_drop0p2_temp2p0_a0p25_b0p05__wd1e-04trmiss0_degmodglobal,16,1e-05,0.0001,0.2,2.0,0.25,0.05,lr1e-05_bs16_drop0p2_temp2p0_a0p25_b0p05__wd1e-04trmiss0_degmodglobal,1,0.7169404327869415,0.7381570935249329,0.15,0.4813152125652126,0.3076923076923077,0.0,0.7228568345308304,0.6993602067232132,0.05145405512303114,0.09433453343808651,0.0,0.0,0.0,0.0,0.0,18473,global,0.0
5,3,lr1e-05_bs16_drop0p2_temp2p0_a0p25_b0p05__wd1e-04trmiss0_degmodglobal,16,1e-05,0.0001,0.2,2.0,0.25,0.05,lr1e-05_bs16_drop0p2_temp2p0_a0p25_b0p05__wd1e-04trmiss0_degmodglobal,2,0.6926370859146118,0.7400419116020203,0.175,0.4847874347874348,0.3076923076923077,0.0,0.7217656224966049,0.6705878376960754,0.06383077800273895,0.12183105759322643,0.0,0.0,0.0,0.0,0.0,18473,global,0.0
5,3,lr1e-05_bs16_drop0p2_temp2p0_a0p25_b0p05__wd1e-04trmiss0_degmodglobal,16,1e-05,0.0001,0.2,2.0,0.25,0.05,lr1e-05_bs16_drop0p2_temp2p0_a0p25_b0p05__wd1e-04trmiss0_degmodglobal,3,0.6789265722036362,0.7445073127746582,0.175,0.4847874347874348,0.38461538461538464,0.0,0.7125588804483414,0.6561552286148071,0.06183532439172268,0.14624990336596966,0.0,0.0,0.0,0.0,0.0,18473,global,0.0
5,3,lr1e-05_bs16_drop0p2_temp2p0_a0p25_b0p05__wd1e-04trmiss0_degmodglobal,16,1e-05,0.0001,0.2,2.0,0.25,0.05,lr1e-05_bs16_drop0p2_temp2p0_a0p25_b0p05__wd1e-04trmiss0_degmodglobal,4,0.6686926633119583,0.7472249865531921,0.175,0.4847874347874348,0.38461538461538464,0.0,0.7095444649457932,0.6528548151254654,0.047134301625192165,0.08108565025031567,0.0,0.0,0.0,0.0,0.0,18473,global,0.0
5,3,lr1e-05_bs16_drop0p2_temp2p0_a0p25_b0p05__wd1e-04trmiss0_degmodglobal,16,1e-05,0.0001,0.2,2.0,0.25,0.05,lr1e-05_bs16_drop0p2_temp2p0_a0p25_b0p05__wd1e-04trmiss0_degmodglobal,5,0.6971870362758636,0.7486836910247803,0.175,0.4847874347874348,0.38461538461538464,0.0,0.7054260969161987,0.6776326447725296,0.060568359680473804,0.08824623189866543,0.0,0.0,0.0,0.0,0.0,18473,global,0.0
5,3,lr1e-05_bs16_drop0p2_temp2p0_a0p25_b0p05__wd1e-04trmiss0_degmodglobal,16,1e-05,0.0001,0.2,2.0,0.25,0.05,lr1e-05_bs16_drop0p2_temp2p0_a0p25_b0p05__wd1e-04trmiss0_degmodglobal,6,0.6592845469713211,0.7502133846282959,0.175,0.4847874347874348,0.46153846153846156,0.0,0.7079097181558609,0.6381827741861343,0.059563418850302696,0.12421865016222,0.0,0.0,0.0,0.0,0.0,18473,global,0.0
5,3,lr1e-05_bs16_drop0p2_temp2p0_a0p25_b0p05__wd1e-04trmiss0_degmodglobal,16,1e-05,0.0001,0.2,2.0,0.25,0.05,lr1e-05_bs16_drop0p2_temp2p0_a0p25_b0p05__wd1e-04trmiss0_degmodglobal,7,0.6601274758577347,0.7504621744155884,0.175,0.4847874347874348,0.46153846153846156,0.0,0.6679793000221252,0.6438311487436295,0.048722575418651104,0.08231383841484785,0.0,0.0,0.0,0.0,0.0,18473,global,0.0
5,3,lr1e-05_bs16_drop0p2_temp2p0_a0p25_b0p05__wd1e-04trmiss0_degmodglobal,16,1e-05,0.0001,0.2,2.0,0.25,0.05,lr1e-05_bs16_drop0p2_temp2p0_a0p25_b0p05__wd1e-04trmiss0_degmodglobal,8,0.6810217350721359,0.752225399017334,0.19999999999999998,0.49160561660561664,0.46153846153846156,0.0,0.6910151392221451,0.6600450128316879,0.06031564436852932,0.11795583087950945,0.0,0.0,0.0,0.0,0.0,18473,global,0.0
5,3,lr1e-05_bs16_drop0p2_temp2p0_a0p25_b0p05__wd1e-04trmiss0_degmodglobal,16,1e-05,0.0001,0.2,2.0,0.25,0.05,lr1e-05_bs16_drop0p2_temp2p0_a0p25_b0p05__wd1e-04trmiss0_degmodglobal,9,0.6805909276008606,0.753713071346283,0.19999999999999998,0.49160561660561664,0.38461538461538464,0.0,0.6910988688468933,0.6589507609605789,0.06111872848123312,0.1272098831832409,0.0,0.0,0.0,0.0,0.0,18473,global,0.0
5,3,lr1e-05_bs16_drop0p2_temp2p0_a0p25_b0p05__wd1e-04trmiss0_degmodglobal,16,1e-05,0.0001,0.2,2.0,0.25,0.05,lr1e-05_bs16_drop0p2_temp2p0_a0p25_b0p05__wd1e-04trmiss0_degmodglobal,10,0.6410566717386246,0.7547677159309387,0.175,0.48327228327228333,0.38461538461538464,0.0,0.689044713973999,0.6259778589010239,0.04392623761668801,0.08194493595510721,0.0,0.0,0.0,0.0,0.0,18473,global,0.0
5,3,lr1e-05_bs16_drop0p2_temp2p0_a0p25_b0p05__wd1e-04trmiss0_degmodglobal,16,1e-05,0.0001,0.2,2.0,0.25,0.05,lr1e-05_bs16_drop0p2_temp2p0_a0p25_b0p05__wd1e-04trmiss0_degmodglobal,11,0.6670940071344376,0.7597050070762634,0.175,0.48327228327228333,0.38461538461538464,0.0,0.6691134423017502,0.6477165669202805,0.05137262120842934,0.1306859590113163,0.0,0.0,0.0,0.0,0.0,18473,global,0.0
5,3,lr1e-05_bs16_drop0p2_temp2p0_a0p25_b0p05__wd1e-04trmiss0_degmodglobal,16,1e-05,0.0001,0.2,2.0,0.25,0.05,lr1e-05_bs16_drop0p2_temp2p0_a0p25_b0p05__wd1e-04trmiss0_degmodglobal,12,0.6697011142969131,0.7578101754188538,0.19999999999999998,0.49160561660561664,0.38461538461538464,0.0,0.6552951037883759,0.6548399478197098,0.04285566695034504,0.08294515684247017,0.0,0.0,0.0,0.0,0.0,18473,global,0.0
5,3,lr1e-05_bs16_drop0p2_temp2p0_a0p25_b0p05__wd1e-04trmiss0_degmodglobal,16,1e-05,0.0001,0.2,2.0,0.25,0.05,lr1e-05_bs16_drop0p2_temp2p0_a0p25_b0p05__wd1e-04trmiss0_degmodglobal,13,0.6615193337202072,0.7573177814483643,0.19999999999999998,0.49160561660561664,0.3076923076923077,0.0,0.6497921943664551,0.6463321447372437,0.04532519821077585,0.0771176666021347,0.0,0.0,0.0,0.0,0.0,18473,global,0.0
5,3,lr1e-05_bs16_drop0p2_temp2p0_a0p25_b0p05__wd1e-04trmiss0_degmodglobal,16,1e-05,0.0001,0.2,2.0,0.25,0.05,lr1e-05_bs16_drop0p2_temp2p0_a0p25_b0p05__wd1e-04trmiss0_degmodglobal,14,0.6621785312891006,0.7598026394844055,0.19999999999999998,0.49160561660561664,0.38461538461538464,0.0,0.6553560644388199,0.6409179419279099,0.05969920754432678,0.1267158966511488,0.0,0.0,0.0,0.0,0.0,18473,global,0.0
5,3,lr1e-05_bs16_drop0p2_temp2p0_a0p25_b0p05__wd1e-04trmiss0_degmodglobal,16,1e-05,0.0001,0.2,2.0,0.25,0.05,lr1e-05_bs16_drop0p2_temp2p0_a0p25_b0p05__wd1e-04trmiss0_degmodglobal,15,0.6550352424383163,0.7618706226348877,0.175,0.4847874347874348,0.46153846153846156,0.0,0.6587999910116196,0.6350905895233154,0.05772254802286625,0.11028040945529938,0.0,0.0,0.0,0.0,0.0,18473,global,0.0
5,3,lr1e-05_bs16_drop0p2_temp2p0_a0p25_b0p05__wd1e-04trmiss0_degmodglobal,16,1e-05,0.0001,0.2,2.0,0.25,0.05,lr1e-05_bs16_drop0p2_temp2p0_a0p25_b0p05__wd1e-04trmiss0_degmodglobal,16,0.6654716283082962,0.7638319730758667,0.12499999999999997,0.4702041014541015,0.38461538461538464,0.0,0.6499782651662827,0.6431863158941269,0.06096977833658457,0.14085710979998112,0.0,0.0,0.0,0.0,0.0,18473,global,0.0
5,3,lr1e-05_bs16_drop0p2_temp2p0_a0p25_b0p05__wd1e-04trmiss0_degmodglobal,16,1e-05,0.0001,0.2,2.0,0.25,0.05,lr1e-05_bs16_drop0p2_temp2p0_a0p25_b0p05__wd1e-04trmiss0_degmodglobal,17,0.6419262439012527,0.7596463561058044,0.12499999999999997,0.4702041014541015,0.46153846153846156,0.0,0.6232264190912247,0.6242657750844955,0.05310636758804321,0.08767751883715391,0.0,0.0,0.0,0.0,0.0,18473,global,0.0
5,3,lr1e-05_bs16_drop0p2_temp2p0_a0p25_b0p05__wd1e-04trmiss0_degmodglobal,16,1e-05,0.0001,0.2,2.0,0.25,0.05,lr1e-05_bs16_drop0p2_temp2p0_a0p25_b0p05__wd1e-04trmiss0_degmodglobal,18,0.6517505645751953,0.7622240781784058,0.12499999999999997,0.4702041014541015,0.46153846153846156,0.0,0.6349500566720963,0.6319011598825455,0.05909841600805521,0.10149569064378738,0.0,0.0,0.0,0.0,0.0,18473,global,0.0
5,3,lr1e-05_bs16_drop0p2_temp2p0_a0p25_b0p05__wd1e-04trmiss0_degmodglobal,16,1e-05,0.0001,0.2,2.0,0.25,0.05,lr1e-05_bs16_drop0p2_temp2p0_a0p25_b0p05__wd1e-04trmiss0_degmodglobal,19,0.6440401822328568,0.7646506428718567,0.12499999999999997,0.4702041014541015,0.38461538461538464,0.0,0.6309332549571991,0.6236914545297623,0.06249558459967375,0.09449675120413303,0.0,0.0,0.0,0.0,0.0,18473,global,0.0
5,3,lr1e-05_bs16_drop0p2_temp2p0_a0p25_b0p05__wd1e-04trmiss0_degmodglobal,16,1e-05,0.0001,0.2,2.0,0.25,0.05,lr1e-05_bs16_drop0p2_temp2p0_a0p25_b0p05__wd1e-04trmiss0_degmodglobal,20,0.637438103556633,0.7631576657295227,0.14999999999999997,0.47702228327228335,0.38461538461538464,0.0,0.6255393922328949,0.6177244037389755,0.056710428558290005,0.11072225123643875,0.0,0.0,0.0,0.0,0.0,18473,global,0.0
5,3,lr1e-05_bs16_drop0p2_temp2p0_a0p25_b0p05__wd1e-04trmiss0_degmodglobal,16,1e-05,0.0001,0.2,2.0,0.25,0.05,lr1e-05_bs16_drop0p2_temp2p0_a0p25_b0p05__wd1e-04trmiss0_degmodglobal,21,0.6474423259496689,0.7601403594017029,0.14999999999999997,0.47702228327228335,0.38461538461538464,0.0,0.6361866146326065,0.6310280412435532,0.0472785085439682,0.09189336374402046,0.0,0.0,0.0,0.0,0.0,18473,global,0.0
5,3,lr1e-05_bs16_drop0p2_temp2p0_a0p25_b0p05__wd1e-04trmiss0_degmodglobal,16,1e-05,0.0001,0.2,2.0,0.25,0.05,lr1e-05_bs16_drop0p2_temp2p0_a0p25_b0p05__wd1e-04trmiss0_degmodglobal,22,0.642869845032692,0.7601491808891296,0.14999999999999997,0.47702228327228335,0.38461538461538464,0.0,0.6210738569498062,0.6215873807668686,0.06382797472178936,0.10650953650474548,0.0,0.0,0.0,0.0,0.0,18473,global,0.0
5,3,lr1e-05_bs16_drop0p2_temp2p0_a0p25_b0p05__wd1e-04trmiss0_degmodglobal,16,1e-05,0.0001,0.2,2.0,0.25,0.05,lr1e-05_bs16_drop0p2_temp2p0_a0p25_b0p05__wd1e-04trmiss0_degmodglobal,23,0.6412470936775208,0.761357843875885,0.14999999999999997,0.47702228327228335,0.3076923076923077,0.0,0.6511136144399643,0.6240553706884384,0.05157333333045244,0.08596761059015989,0.0,0.0,0.0,0.0,0.0,18473,global,0.0
5,3,lr1e-05_bs16_drop0p2_temp2p0_a0p25_b0p05__wd1e-04trmiss0_degmodglobal,16,1e-05,0.0001,0.2,2.0,0.25,0.05,lr1e-05_bs16_drop0p2_temp2p0_a0p25_b0p05__wd1e-04trmiss0_degmodglobal,24,0.6486140489578247,0.7627861499786377,0.175,0.48327228327228333,0.38461538461538464,0.0,0.6374535411596298,0.6287879198789597,0.054854849353432655,0.12224827706813812,0.0,0.0,0.0,0.0,0.0,18473,global,0.0
5,3,lr1e-05_bs16_drop0p2_temp2p0_a0p25_b0p05__wd1e-04trmiss0_degmodglobal,16,1e-05,0.0001,0.2,2.0,0.25,0.05,lr1e-05_bs16_drop0p2_temp2p0_a0p25_b0p05__wd1e-04trmiss0_degmodglobal,25,0.6566064357757568,0.76583331823349,0.14999999999999997,0.47702228327228335,0.3076923076923077,0.0,0.6258065551519394,0.6355641931295395,0.06102266255766153,0.11573165655136108,0.0,0.0,0.0,0.0,0.0,18473,global,0.0
5,3,lr1e-05_bs16_drop0p2_temp2p0_a0p25_b0p05__wd1e-04trmiss0_degmodglobal,16,1e-05,0.0001,0.2,2.0,0.25,0.05,lr1e-05_bs16_drop0p2_temp2p0_a0p25_b0p05__wd1e-04trmiss0_degmodglobal,26,0.6264709979295731,0.7676256895065308,0.14999999999999997,0.47702228327228335,0.3076923076923077,0.0,0.63365738093853,0.6068310141563416,0.05419951677322388,0.12180225923657417,0.0,0.0,0.0,0.0,0.0,18473,global,0.0
5,3,lr1e-05_bs16_drop0p2_temp2p0_a0p25_b0p05__wd1e-04trmiss0_degmodglobal,16,1e-05,0.0001,0.2,2.0,0.25,0.05,lr1e-05_bs16_drop0p2_temp2p0_a0p25_b0p05__wd1e-04trmiss0_degmodglobal,27,0.6328755021095276,0.7652606964111328,0.14999999999999997,0.47702228327228335,0.46153846153846156,0.0,0.6166721433401108,0.6135459244251251,0.054816871881484985,0.11250678263604641,0.0,0.0,0.0,0.0,0.0,18473,global,0.0
5,3,lr1e-05_bs16_drop0p2_temp2p0_a0p25_b0p05__wd1e-04trmiss0_degmodglobal,16,1e-05,0.0001,0.2,2.0,0.25,0.05,lr1e-05_bs16_drop0p2_temp2p0_a0p25_b0p05__wd1e-04trmiss0_degmodglobal,28,0.6586023718118668,0.7656366229057312,0.14999999999999997,0.47702228327228335,0.46153846153846156,0.0,0.6376376152038574,0.640234112739563,0.05617951322346926,0.08646808564662933,0.0,0.0,0.0,0.0,0.0,18473,global,0.0
5,3,lr1e-05_bs16_drop0p4_temp1p0_a0p25_b0p05__wd1e-04trmiss0_degmodglobal,16,1e-05,0.0001,0.4,1.0,0.25,0.05,lr1e-05_bs16_drop0p4_temp1p0_a0p25_b0p05__wd1e-04trmiss0_degmodglobal,1,0.7644693106412888,0.6962446570396423,0.6,0.7375811688311689,0.38461538461538464,0.0,0.660809800028801,0.7356589585542679,0.05847345944494009,0.28383997827768326,0.0,0.0,0.0,0.0,0.0,18473,global,0.0
5,3,lr1e-05_bs16_drop0p4_temp1p0_a0p25_b0p05__wd1e-04trmiss0_degmodglobal,16,1e-05,0.0001,0.4,1.0,0.25,0.05,lr1e-05_bs16_drop0p4_temp1p0_a0p25_b0p05__wd1e-04trmiss0_degmodglobal,2,0.7441552579402924,0.6971167325973511,0.6,0.7375811688311689,0.38461538461538464,0.0,0.6648401319980621,0.7218490093946457,0.05033473949879408,0.19445126503705978,0.0,0.0,0.0,0.0,0.0,18473,global,0.0
5,3,lr1e-05_bs16_drop0p4_temp1p0_a0p25_b0p05__wd1e-04trmiss0_degmodglobal,16,1e-05,0.0001,0.4,1.0,0.25,0.05,lr1e-05_bs16_drop0p4_temp1p0_a0p25_b0p05__wd1e-04trmiss0_degmodglobal,3,0.7585899978876114,0.6979748010635376,0.6,0.7375811688311689,0.38461538461538464,0.0,0.6520135253667831,0.736638218164444,0.050523512065410614,0.1864176169037819,0.0,0.0,0.0,0.0,0.0,18473,global,0.0
5,3,lr1e-05_bs16_drop0p4_temp1p0_a0p25_b0p05__wd1e-04trmiss0_degmodglobal,16,1e-05,0.0001,0.4,1.0,0.25,0.05,lr1e-05_bs16_drop0p4_temp1p0_a0p25_b0p05__wd1e-04trmiss0_degmodglobal,4,0.7526658326387405,0.6984850168228149,0.575,0.7311709124209125,0.38461538461538464,0.0,0.6317001134157181,0.7272764295339584,0.05789682548493147,0.21830401197075844,0.0,0.0,0.0,0.0,0.0,18473,global,0.0
5,3,lr1e-05_bs16_drop0p4_temp1p0_a0p25_b0p05__wd1e-04trmiss0_degmodglobal,16,1e-05,0.0001,0.4,1.0,0.25,0.05,lr1e-05_bs16_drop0p4_temp1p0_a0p25_b0p05__wd1e-04trmiss0_degmodglobal,5,0.7611909061670303,0.6981458067893982,0.575,0.7561709124209124,0.46153846153846156,0.0,0.6548245400190353,0.7327748537063599,0.06892640423029661,0.22368887066841125,0.0,0.0,0.0,0.0,0.0,18473,global,0.0
5,3,lr1e-05_bs16_drop0p4_temp1p0_a0p25_b0p05__wd1e-04trmiss0_degmodglobal,16,1e-05,0.0001,0.4,1.0,0.25,0.05,lr1e-05_bs16_drop0p4_temp1p0_a0p25_b0p05__wd1e-04trmiss0_degmodglobal,6,0.7291051149368286,0.6988098621368408,0.575,0.7478375790875791,0.46153846153846156,0.0,0.6316963881254196,0.7049762457609177,0.057186687365174294,0.19664417579770088,0.0,0.0,0.0,0.0,0.0,18473,global,0.0
5,3,lr1e-05_bs16_drop0p4_temp1p0_a0p25_b0p05__wd1e-04trmiss0_degmodglobal,16,1e-05,0.0001,0.4,1.0,0.25,0.05,lr1e-05_bs16_drop0p4_temp1p0_a0p25_b0p05__wd1e-04trmiss0_degmodglobal,7,0.7601494193077087,0.6980289816856384,0.6,0.7557921245421245,0.5384615384615384,0.0,0.6277711987495422,0.7323855012655258,0.0625864565372467,0.242346353828907,0.0,0.0,0.0,0.0,0.0,18473,global,0.0
5,3,lr1e-05_bs16_drop0p4_temp1p0_a0p25_b0p05__wd1e-04trmiss0_degmodglobal,16,1e-05,0.0001,0.4,1.0,0.25,0.05,lr1e-05_bs16_drop0p4_temp1p0_a0p25_b0p05__wd1e-04trmiss0_degmodglobal,8,0.7365337908267975,0.6979786157608032,0.575,0.7599587912087913,0.46153846153846156,0.0,0.6363233774900436,0.7140391021966934,0.05547044984996319,0.17254184186458588,0.0,0.0,0.0,0.0,0.0,18473,global,0.0
5,3,lr1e-05_bs16_drop0p4_temp1p0_a0p25_b0p05__wd1e-04trmiss0_degmodglobal,16,1e-05,0.0001,0.4,1.0,0.25,0.05,lr1e-05_bs16_drop0p4_temp1p0_a0p25_b0p05__wd1e-04trmiss0_degmodglobal,9,0.7339328527450562,0.6960527896881104,0.6,0.7665875790875791,0.46153846153846156,0.0,0.6244349479675293,0.7115801274776459,0.050223156809806824,0.19593899603933096,0.0,0.0,0.0,0.0,0.0,18473,global,0.0
5,3,lr1e-05_bs16_drop0p4_temp1p0_a0p25_b0p05__wd1e-04trmiss0_degmodglobal,16,1e-05,0.0001,0.4,1.0,0.25,0.05,lr1e-05_bs16_drop0p4_temp1p0_a0p25_b0p05__wd1e-04trmiss0_degmodglobal,10,0.7163430154323578,0.6989893317222595,0.625,0.7745421245421246,0.46153846153846156,0.0,0.6547129601240158,0.6938736885786057,0.05130868777632713,0.19284291565418243,0.0,0.0,0.0,0.0,0.0,18473,global,0.0
5,3,lr1e-05_bs16_drop0p4_temp1p0_a0p25_b0p05__wd1e-04trmiss0_degmodglobal,16,1e-05,0.0001,0.4,1.0,0.25,0.05,lr1e-05_bs16_drop0p4_temp1p0_a0p25_b0p05__wd1e-04trmiss0_degmodglobal,11,0.7449397444725037,0.7002025246620178,0.575,0.7224587912087912,0.46153846153846156,0.0,0.6417113691568375,0.7164809703826904,0.06100818607956171,0.2641342133283615,0.0,0.0,0.0,0.0,0.0,18473,global,0.0
5,3,lr1e-05_bs16_drop0p4_temp1p0_a0p25_b0p05__wd1e-04trmiss0_degmodglobal,16,1e-05,0.0001,0.4,1.0,0.25,0.05,lr1e-05_bs16_drop0p4_temp1p0_a0p25_b0p05__wd1e-04trmiss0_degmodglobal,12,0.7342580109834671,0.7005811929702759,0.6000000000000001,0.7641254578754578,0.46153846153846156,0.0,0.625107616186142,0.7122332751750946,0.050694520585238934,0.18702233582735062,0.0,0.0,0.0,0.0,0.0,18473,global,0.0
5,3,lr1e-05_bs16_drop0p4_temp1p0_a0p25_b0p05__wd1e-04trmiss0_degmodglobal,16,1e-05,0.0001,0.4,1.0,0.25,0.05,lr1e-05_bs16_drop0p4_temp1p0_a0p25_b0p05__wd1e-04trmiss0_degmodglobal,13,0.7303284108638763,0.7001565098762512,0.6000000000000001,0.7641254578754578,0.46153846153846156,0.0,0.6398782283067703,0.7103378921747208,0.048304165713489056,0.15828949585556984,0.0,0.0,0.0,0.0,0.0,18473,global,0.0
5,3,lr1e-05_bs16_drop0p4_temp1p0_a0p25_b0p05__wd1e-04trmiss0_degmodglobal,16,1e-05,0.0001,0.4,1.0,0.25,0.05,lr1e-05_bs16_drop0p4_temp1p0_a0p25_b0p05__wd1e-04trmiss0_degmodglobal,14,0.7182908803224564,0.7007469534873962,0.6,0.7328754578754579,0.46153846153846156,0.0,0.596670612692833,0.6923108547925949,0.06106065399944782,0.21429708041250706,0.0,0.0,0.0,0.0,0.0,18473,global,0.0
5,3,lr1e-05_bs16_drop0p4_temp1p0_a0p25_b0p05__wd1e-04trmiss0_degmodglobal,16,1e-05,0.0001,0.4,1.0,0.25,0.05,lr1e-05_bs16_drop0p4_temp1p0_a0p25_b0p05__wd1e-04trmiss0_degmodglobal,15,0.7093272656202316,0.6990582942962646,0.6000000000000001,0.7641254578754578,0.46153846153846156,0.0,0.6165743619203568,0.6818612962961197,0.06266470532864332,0.23599563911557198,0.0,0.0,0.0,0.0,0.0,18473,global,0.0
5,3,lr1e-05_bs16_drop0p4_temp1p0_a0p25_b0p05__wd1e-04trmiss0_degmodglobal,16,1e-05,0.0001,0.4,1.0,0.25,0.05,lr1e-05_bs16_drop0p4_temp1p0_a0p25_b0p05__wd1e-04trmiss0_degmodglobal,16,0.7116269618272781,0.6988488435745239,0.5499999999999999,0.7145042457542458,0.46153846153846156,0.0,0.6155616939067841,0.6872772574424744,0.060046340338885784,0.18676284700632095,0.0,0.0,0.0,0.0,0.0,18473,global,0.0
5,3,lr1e-05_bs16_drop0p4_temp1p0_a0p25_b0p05__wd1e-04trmiss0_degmodglobal,16,1e-05,0.0001,0.4,1.0,0.25,0.05,lr1e-05_bs16_drop0p4_temp1p0_a0p25_b0p05__wd1e-04trmiss0_degmodglobal,17,0.7336771041154861,0.699314296245575,0.525,0.7078754578754579,0.46153846153846156,0.0,0.624732494354248,0.7127524167299271,0.05021612625569105,0.16741301864385605,0.0,0.0,0.0,0.0,0.0,18473,global,0.0
5,3,lr1e-05_bs16_drop0p4_temp1p0_a0p25_b0p05__wd1e-04trmiss0_degmodglobal,16,1e-05,0.0001,0.4,1.0,0.25,0.05,lr1e-05_bs16_drop0p4_temp1p0_a0p25_b0p05__wd1e-04trmiss0_degmodglobal,18,0.7063958197832108,0.7000234723091125,0.525,0.7078754578754579,0.46153846153846156,0.0,0.6213236451148987,0.6824778318405151,0.055090732872486115,0.2029065452516079,0.0,0.0,0.0,0.0,0.0,18473,global,0.0
5,3,lr1e-05_bs16_drop0p4_temp1p0_a0p25_b0p05__wd1e-04trmiss0_degmodglobal,16,1e-05,0.0001,0.4,1.0,0.25,0.05,lr1e-05_bs16_drop0p4_temp1p0_a0p25_b0p05__wd1e-04trmiss0_degmodglobal,19,0.7800289541482925,0.7022358179092407,0.5,0.6967147435897436,0.46153846153846156,0.0,0.6016739010810852,0.7451472133398056,0.06581645645201206,0.3685527592897415,0.0,0.0,0.0,0.0,0.0,18473,global,0.0
5,3,lr1e-05_bs16_drop0p4_temp1p0_a0p25_b0p05__wd1e-04trmiss0_degmodglobal,16,1e-05,0.0001,0.4,1.0,0.25,0.05,lr1e-05_bs16_drop0p4_temp1p0_a0p25_b0p05__wd1e-04trmiss0_degmodglobal,20,0.7063461244106293,0.7024298906326294,0.47500000000000003,0.6883814102564103,0.46153846153846156,0.0,0.5976307690143585,0.6792167574167252,0.06106497347354889,0.23726265877485275,0.0,0.0,0.0,0.0,0.0,18473,global,0.0
5,3,lr1e-05_bs16_drop0p4_temp1p0_a0p25_b0p05__wd1e-04trmiss0_degmodglobal,16,1e-05,0.0001,0.4,1.0,0.25,0.05,lr1e-05_bs16_drop0p4_temp1p0_a0p25_b0p05__wd1e-04trmiss0_degmodglobal,21,0.727942705154419,0.7021424770355225,0.5499999999999999,0.7145042457542458,0.46153846153846156,0.0,0.5995098054409027,0.702171191573143,0.05844371672719717,0.22321179881691933,0.0,0.0,0.0,0.0,0.0,18473,global,0.0
5,3,lr1e-05_bs16_drop0p4_temp1p0_a0p25_b0p05__wd1e-04trmiss0_degmodglobal,16,1e-05,0.0001,0.4,1.0,0.25,0.05,lr1e-05_bs16_drop0p4_temp1p0_a0p25_b0p05__wd1e-04trmiss0_degmodglobal,22,0.7007617056369781,0.7021009922027588,0.5249999999999999,0.7033435314685315,0.46153846153846156,0.0,0.5983880311250687,0.6786432266235352,0.052323329262435436,0.1807527132332325,0.0,0.0,0.0,0.0,0.0,18473,global,0.0
5,3,lr1e-05_bs16_drop0p4_temp1p0_a0p25_b0p05__wd1e-04trmiss0_degmodglobal,16,1e-05,0.0001,0.4,1.0,0.25,0.05,lr1e-05_bs16_drop0p4_temp1p0_a0p25_b0p05__wd1e-04trmiss0_degmodglobal,23,0.7128591537475586,0.7003225684165955,0.55,0.7112980769230769,0.46153846153846156,0.0,0.5932042300701141,0.6902728974819183,0.05604229401797056,0.17151362355798483,0.0,0.0,0.0,0.0,0.0,18473,global,0.0
5,3,lr1e-05_bs16_drop0p4_temp1p0_a0p25_b0p05__wd1e-04trmiss0_degmodglobal,16,1e-05,0.0001,0.4,1.0,0.25,0.05,lr1e-05_bs16_drop0p4_temp1p0_a0p25_b0p05__wd1e-04trmiss0_degmodglobal,24,0.7435429841279984,0.7016405463218689,0.55,0.7112980769230769,0.46153846153846156,0.0,0.595324233174324,0.7196610271930695,0.052432564087212086,0.21547609195113182,0.0,0.0,0.0,0.0,0.0,18473,global,0.0
5,3,lr1e-05_bs16_drop0p4_temp1p0_a0p25_b0p05__wd1e-04trmiss0_degmodglobal,16,1e-05,0.0001,0.4,1.0,0.25,0.05,lr1e-05_bs16_drop0p4_temp1p0_a0p25_b0p05__wd1e-04trmiss0_degmodglobal,25,0.7348337322473526,0.7018076181411743,0.55,0.7112980769230769,0.46153846153846156,0.0,0.5765205025672913,0.7020600438117981,0.07110133115202188,0.29996727406978607,0.0,0.0,0.0,0.0,0.0,18473,global,0.0
5,3,lr1e-05_bs16_drop0p4_temp1p0_a0p25_b0p05__wd1e-04trmiss0_degmodglobal,16,1e-05,0.0001,0.4,1.0,0.25,0.05,lr1e-05_bs16_drop0p4_temp1p0_a0p25_b0p05__wd1e-04trmiss0_degmodglobal,26,0.7051747888326645,0.7005954384803772,0.55,0.7112980769230769,0.46153846153846156,0.0,0.5674674212932587,0.6711414009332657,0.07667516730725765,0.29729216173291206,0.0,0.0,0.0,0.0,0.0,18473,global,0.0
5,3,lr1e-05_bs16_drop0p4_temp1p0_a0p25_b0p05__wd1e-04trmiss0_degmodglobal,16,1e-05,0.0001,0.4,1.0,0.25,0.05,lr1e-05_bs16_drop0p4_temp1p0_a0p25_b0p05__wd1e-04trmiss0_degmodglobal,27,0.7148963212966919,0.6990326642990112,0.575,0.7279647435897436,0.46153846153846156,0.0,0.617321714758873,0.6867791712284088,0.06477190367877483,0.23848363757133484,0.0,0.0,0.0,0.0,0.0,18473,global,0.0
5,3,lr1e-05_bs16_drop0p4_temp1p0_a0p25_b0p05__wd1e-04trmiss0_degmodglobal,16,1e-05,0.0001,0.4,1.0,0.25,0.05,lr1e-05_bs16_drop0p4_temp1p0_a0p25_b0p05__wd1e-04trmiss0_degmodglobal,28,0.709081158041954,0.6975781917572021,0.55,0.7112980769230769,0.46153846153846156,0.0,0.6027304530143738,0.683417558670044,0.05840839818120003,0.22122999280691147,0.0,0.0,0.0,0.0,0.0,18473,global,0.0
5,3,lr1e-05_bs16_drop0p4_temp1p0_a0p25_b0p05__wd1e-04trmiss0_degmodglobal,16,1e-05,0.0001,0.4,1.0,0.25,0.05,lr1e-05_bs16_drop0p4_temp1p0_a0p25_b0p05__wd1e-04trmiss0_degmodglobal,29,0.6977542042732239,0.6990590691566467,0.55,0.7112980769230769,0.46153846153846156,0.0,0.60780830681324,0.6700488477945328,0.06735526118427515,0.21733063273131847,0.0,0.0,0.0,0.0,0.0,18473,global,0.0
5,3,lr1e-05_bs16_drop0p4_temp1p0_a0p25_b0p05__wd1e-04trmiss0_degmodglobal,16,1e-05,0.0001,0.4,1.0,0.25,0.05,lr1e-05_bs16_drop0p4_temp1p0_a0p25_b0p05__wd1e-04trmiss0_degmodglobal,30,0.7042530477046967,0.6979741454124451,0.575,0.7279647435897436,0.46153846153846156,0.0,0.5958580374717712,0.6830661296844482,0.05460269283503294,0.15072431974112988,0.0,0.0,0.0,0.0,0.0,18473,global,0.0
5,3,lr1e-05_bs16_drop0p4_temp2p0_a0p25_b0p05__wd1e-04trmiss0_degmodglobal,16,1e-05,0.0001,0.4,2.0,0.25,0.05,lr1e-05_bs16_drop0p4_temp2p0_a0p25_b0p05__wd1e-04trmiss0_degmodglobal,1,0.7043228149414062,0.7077982425689697,0.19999999999999996,0.49368894993895,0.46153846153846156,0.0,0.6889979541301727,0.6863100230693817,0.05177540238946676,0.10137935914099216,0.0,0.0,0.0,0.0,0.0,18473,global,0.0
5,3,lr1e-05_bs16_drop0p4_temp2p0_a0p25_b0p05__wd1e-04trmiss0_degmodglobal,16,1e-05,0.0001,0.4,2.0,0.25,0.05,lr1e-05_bs16_drop0p4_temp2p0_a0p25_b0p05__wd1e-04trmiss0_degmodglobal,2,0.6729885786771774,0.7103288173675537,0.19999999999999996,0.49368894993895,0.38461538461538464,0.0,0.6935214400291443,0.6555340588092804,0.05000841338187456,0.09904836304485798,0.0,0.0,0.0,0.0,0.0,18473,global,0.0
5,3,lr1e-05_bs16_drop0p4_temp2p0_a0p25_b0p05__wd1e-04trmiss0_degmodglobal,16,1e-05,0.0001,0.4,2.0,0.25,0.05,lr1e-05_bs16_drop0p4_temp2p0_a0p25_b0p05__wd1e-04trmiss0_degmodglobal,3,0.6957313269376755,0.712288498878479,0.175,0.4868707681207682,0.38461538461538464,0.0,0.7080477923154831,0.6775038540363312,0.04545069485902786,0.1372959828004241,0.0,0.0,0.0,0.0,0.0,18473,global,0.0
5,3,lr1e-05_bs16_drop0p4_temp2p0_a0p25_b0p05__wd1e-04trmiss0_degmodglobal,16,1e-05,0.0001,0.4,2.0,0.25,0.05,lr1e-05_bs16_drop0p4_temp2p0_a0p25_b0p05__wd1e-04trmiss0_degmodglobal,4,0.6808435320854187,0.7153767943382263,0.175,0.4868707681207682,0.38461538461538464,0.0,0.6824436038732529,0.6674176454544067,0.0393303744494915,0.07186586316674948,0.0,0.0,0.0,0.0,0.0,18473,global,0.0
5,3,lr1e-05_bs16_drop0p4_temp2p0_a0p25_b0p05__wd1e-04trmiss0_degmodglobal,16,1e-05,0.0001,0.4,2.0,0.25,0.05,lr1e-05_bs16_drop0p4_temp2p0_a0p25_b0p05__wd1e-04trmiss0_degmodglobal,5,0.6727838814258575,0.7183949947357178,0.175,0.4868707681207682,0.38461538461538464,0.0,0.6796983480453491,0.6583512872457504,0.04172804206609726,0.08001175057142973,0.0,0.0,0.0,0.0,0.0,18473,global,0.0
5,3,lr1e-05_bs16_drop0p4_temp2p0_a0p25_b0p05__wd1e-04trmiss0_degmodglobal,16,1e-05,0.0001,0.4,2.0,0.25,0.05,lr1e-05_bs16_drop0p4_temp2p0_a0p25_b0p05__wd1e-04trmiss0_degmodglobal,6,0.7132368981838226,0.7213754057884216,0.175,0.4868707681207682,0.38461538461538464,0.0,0.6951867491006851,0.6916474401950836,0.05712555442005396,0.14616157114505768,0.0,0.0,0.0,0.0,0.0,18473,global,0.0
5,3,lr1e-05_bs16_drop0p4_temp2p0_a0p25_b0p05__wd1e-04trmiss0_degmodglobal,16,1e-05,0.0001,0.4,2.0,0.25,0.05,lr1e-05_bs16_drop0p4_temp2p0_a0p25_b0p05__wd1e-04trmiss0_degmodglobal,7,0.6822021901607513,0.7238825559616089,0.175,0.4868707681207682,0.38461538461538464,0.0,0.7113808393478394,0.6662191301584244,0.04468981735408306,0.09621251188218594,0.0,0.0,0.0,0.0,0.0,18473,global,0.0
5,3,lr1e-05_bs16_drop0p4_temp2p0_a0p25_b0p05__wd1e-04trmiss0_degmodglobal,16,1e-05,0.0001,0.4,2.0,0.25,0.05,lr1e-05_bs16_drop0p4_temp2p0_a0p25_b0p05__wd1e-04trmiss0_degmodglobal,8,0.6762468665838242,0.7255043983459473,0.175,0.4868707681207682,0.38461538461538464,0.0,0.6576758176088333,0.6596801728010178,0.04629524424672127,0.099857522174716,0.0,0.0,0.0,0.0,0.0,18473,global,0.0
5,3,lr1e-05_bs16_drop0p4_temp2p0_a0p25_b0p05__wd1e-04trmiss0_degmodglobal,16,1e-05,0.0001,0.4,2.0,0.25,0.05,lr1e-05_bs16_drop0p4_temp2p0_a0p25_b0p05__wd1e-04trmiss0_degmodglobal,9,0.6859646439552307,0.7273494005203247,0.19999999999999998,0.500759657009657,0.3076923076923077,0.0,0.6892986744642258,0.6720038056373596,0.03749355906620622,0.09174897335469723,0.0,0.0,0.0,0.0,0.0,18473,global,0.0
5,3,lr1e-05_bs16_drop0p4_temp2p0_a0p25_b0p05__wd1e-04trmiss0_degmodglobal,16,1e-05,0.0001,0.4,2.0,0.25,0.05,lr1e-05_bs16_drop0p4_temp2p0_a0p25_b0p05__wd1e-04trmiss0_degmodglobal,10,0.7012749463319778,0.7286088466644287,0.175,0.4938152125652126,0.3076923076923077,0.0,0.6785333305597305,0.6866498291492462,0.04086198750883341,0.08819248154759407,0.0,0.0,0.0,0.0,0.0,18473,global,0.0
5,3,lr1e-05_bs16_drop0p4_temp2p0_a0p25_b0p05__wd1e-04trmiss0_degmodglobal,16,1e-05,0.0001,0.4,2.0,0.25,0.05,lr1e-05_bs16_drop0p4_temp2p0_a0p25_b0p05__wd1e-04trmiss0_degmodglobal,11,0.6711641848087311,0.7299615740776062,0.15,0.4813152125652126,0.3076923076923077,0.0,0.6593903601169586,0.652738094329834,0.049586801789700985,0.12058764696121216,0.0,0.0,0.0,0.0,0.0,18473,global,0.0
5,3,lr1e-05_bs16_drop0p4_temp2p0_a0p25_b0p05__wd1e-04trmiss0_degmodglobal,16,1e-05,0.0001,0.4,2.0,0.25,0.05,lr1e-05_bs16_drop0p4_temp2p0_a0p25_b0p05__wd1e-04trmiss0_degmodglobal,12,0.7044378221035004,0.731744110584259,0.15,0.4813152125652126,0.3076923076923077,0.0,0.657497227191925,0.6851300001144409,0.052144392393529415,0.12543445080518723,0.0,0.0,0.0,0.0,0.0,18473,global,0.0
5,3,lr1e-05_bs16_drop0p4_temp2p0_a0p25_b0p05__wd1e-04trmiss0_degmodglobal,16,1e-05,0.0001,0.4,2.0,0.25,0.05,lr1e-05_bs16_drop0p4_temp2p0_a0p25_b0p05__wd1e-04trmiss0_degmodglobal,13,0.6836374551057816,0.7323190569877625,0.175,0.4938152125652126,0.3076923076923077,0.0,0.6599700003862381,0.6622481048107147,0.05811429535970092,0.13721579872071743,0.0,0.0,0.0,0.0,0.0,18473,global,0.0
5,3,lr1e-05_bs16_drop0p4_temp2p0_a0p25_b0p05__wd1e-04trmiss0_degmodglobal,16,1e-05,0.0001,0.4,2.0,0.25,0.05,lr1e-05_bs16_drop0p4_temp2p0_a0p25_b0p05__wd1e-04trmiss0_degmodglobal,14,0.6658723801374435,0.7317594885826111,0.175,0.4938152125652126,0.23076923076923078,0.0,0.6639739871025085,0.6480081379413605,0.05103277741000056,0.10212068352848291,0.0,0.0,0.0,0.0,0.0,18473,global,0.0
5,3,lr1e-05_bs16_drop0p4_temp2p0_a0p25_b0p05__wd1e-04trmiss0_degmodglobal,16,1e-05,0.0001,0.4,2.0,0.25,0.05,lr1e-05_bs16_drop0p4_temp2p0_a0p25_b0p05__wd1e-04trmiss0_degmodglobal,15,0.6675777286291122,0.7322236895561218,0.175,0.4938152125652126,0.23076923076923078,0.0,0.6677167415618896,0.6477197259664536,0.05278110224753618,0.13325458392500877,0.0,0.0,0.0,0.0,0.0,18473,global,0.0
5,3,lr1e-05_bs16_drop0p4_temp2p0_a0p25_b0p05__wd1e-04trmiss0_degmodglobal,16,1e-05,0.0001,0.4,2.0,0.25,0.05,lr1e-05_bs16_drop0p4_temp2p0_a0p25_b0p05__wd1e-04trmiss0_degmodglobal,16,0.6849049627780914,0.7318190932273865,0.175,0.4938152125652126,0.23076923076923078,0.0,0.6735830903053284,0.6710505336523056,0.03595535550266504,0.0973119456321001,0.0,0.0,0.0,0.0,0.0,18473,global,0.0
5,3,lr1e-05_bs16_drop0p4_temp2p0_a0p25_b0p05__wd1e-04trmiss0_degmodglobal,16,1e-05,0.0001,0.4,2.0,0.25,0.05,lr1e-05_bs16_drop0p4_temp2p0_a0p25_b0p05__wd1e-04trmiss0_degmodglobal,17,0.655389815568924,0.7318597435951233,0.15,0.487118783993784,0.3076923076923077,0.0,0.640124499797821,0.6349645107984543,0.05149403214454651,0.15103591047227383,0.0,0.0,0.0,0.0,0.0,18473,global,0.0
5,3,lr1e-05_bs16_drop0p4_temp2p0_a0p25_b0p05__wd1e-04trmiss0_degmodglobal,16,1e-05,0.0001,0.4,2.0,0.25,0.05,lr1e-05_bs16_drop0p4_temp2p0_a0p25_b0p05__wd1e-04trmiss0_degmodglobal,18,0.6735831946134567,0.7322865724563599,0.15,0.487118783993784,0.3076923076923077,0.0,0.6355129778385162,0.6558839678764343,0.04596142657101154,0.1241777129471302,0.0,0.0,0.0,0.0,0.0,18473,global,0.0
5,3,lr1e-05_bs16_drop0p4_temp2p0_a0p25_b0p05__wd1e-04trmiss0_degmodglobal,16,1e-05,0.0001,0.4,2.0,0.25,0.05,lr1e-05_bs16_drop0p4_temp2p0_a0p25_b0p05__wd1e-04trmiss0_degmodglobal,19,0.6791166514158249,0.7326136827468872,0.09999999999999999,0.4662854506604507,0.3076923076923077,0.0,0.6211479157209396,0.6598300188779831,0.05144818127155304,0.12849174439907074,0.0,0.0,0.0,0.0,0.0,18473,global,0.0
5,3,lr1e-05_bs16_drop0p4_temp2p0_a0p25_b0p05__wd1e-04trmiss0_degmodglobal,16,1e-05,0.0001,0.4,2.0,0.25,0.05,lr1e-05_bs16_drop0p4_temp2p0_a0p25_b0p05__wd1e-04trmiss0_degmodglobal,20,0.6423999816179276,0.7338443398475647,0.09999999999999999,0.4662854506604507,0.3076923076923077,0.0,0.6194851398468018,0.6281883269548416,0.04259474668651819,0.07125967741012573,0.0,0.0,0.0,0.0,0.0,18473,global,0.0
5,3,lr1e-05_bs16_drop0p4_temp2p0_a0p25_b0p05__wd1e-04trmiss0_degmodglobal,16,1e-05,0.0001,0.4,2.0,0.25,0.05,lr1e-05_bs16_drop0p4_temp2p0_a0p25_b0p05__wd1e-04trmiss0_degmodglobal,21,0.6558545529842377,0.734478235244751,0.14999999999999997,0.4799263236763237,0.38461538461538464,0.0,0.6357284188270569,0.6382043212652206,0.04521627724170685,0.12692339532077312,0.0,0.0,0.0,0.0,0.0,18473,global,0.0
5,3,lr1e-05_bs16_drop0p4_temp2p0_a0p25_b0p05__wd1e-04trmiss0_degmodglobal,16,1e-05,0.0001,0.4,2.0,0.25,0.05,lr1e-05_bs16_drop0p4_temp2p0_a0p25_b0p05__wd1e-04trmiss0_degmodglobal,22,0.6761247962713242,0.7344919443130493,0.14999999999999997,0.4799263236763237,0.38461538461538464,0.0,0.6685447692871094,0.6595457196235657,0.04473229218274355,0.10792005807161331,0.0,0.0,0.0,0.0,0.0,18473,global,0.0
5,3,lr1e-05_bs16_drop0p4_temp2p0_a0p25_b0p05__wd1e-04trmiss0_degmodglobal,16,1e-05,0.0001,0.4,2.0,0.25,0.05,lr1e-05_bs16_drop0p4_temp2p0_a0p25_b0p05__wd1e-04trmiss0_degmodglobal,23,0.6523005813360214,0.735187292098999,0.175,0.488259657009657,0.23076923076923078,0.0,0.6595829576253891,0.6356277912855148,0.05131901614367962,0.07686067372560501,0.0,0.0,0.0,0.0,0.0,18473,global,0.0
5,3,lr1e-05_bs16_drop0p4_temp2p0_a0p25_b0p05__wd1e-04trmiss0_degmodglobal,16,1e-05,0.0001,0.4,2.0,0.25,0.05,lr1e-05_bs16_drop0p4_temp2p0_a0p25_b0p05__wd1e-04trmiss0_degmodglobal,24,0.6794947236776352,0.7357811331748962,0.19999999999999998,0.49718822843822846,0.38461538461538464,0.0,0.6170573085546494,0.6583031862974167,0.05348877236247063,0.15638699755072594,0.0,0.0,0.0,0.0,0.0,18473,global,0.0
5,3,lr1e-05_bs16_drop0p4_temp2p0_a0p25_b0p05__wd1e-04trmiss0_degmodglobal,16,1e-05,0.0001,0.4,2.0,0.25,0.05,lr1e-05_bs16_drop0p4_temp2p0_a0p25_b0p05__wd1e-04trmiss0_degmodglobal,25,0.6681156605482101,0.7364199757575989,0.19999999999999998,0.49718822843822846,0.38461538461538464,0.0,0.6282282769680023,0.6516048461198807,0.04803307168185711,0.09005089849233627,0.0,0.0,0.0,0.0,0.0,18473,global,0.0
5,3,lr1e-05_bs16_drop0p4_temp2p0_a0p25_b0p05__wd1e-04trmiss0_degmodglobal,16,1e-05,0.0001,0.4,2.0,0.25,0.05,lr1e-05_bs16_drop0p4_temp2p0_a0p25_b0p05__wd1e-04trmiss0_degmodglobal,26,0.6875988841056824,0.7364749908447266,0.17500000000000002,0.490243783993784,0.3076923076923077,0.0,0.6757465153932571,0.6646993309259415,0.05942919664084911,0.16084531135857105,0.0,0.0,0.0,0.0,0.0,18473,global,0.0
5,3,lr1e-05_bs16_drop0p4_temp2p0_a0p25_b0p05__wd1e-04trmiss0_degmodglobal,16,1e-05,0.0001,0.4,2.0,0.25,0.05,lr1e-05_bs16_drop0p4_temp2p0_a0p25_b0p05__wd1e-04trmiss0_degmodglobal,27,0.6485924869775772,0.7357802987098694,0.17500000000000002,0.490243783993784,0.38461538461538464,0.0,0.5950741767883301,0.6302919685840607,0.04926745593547821,0.11967290379106998,0.0,0.0,0.0,0.0,0.0,18473,global,0.0
5,3,lr1e-05_bs16_drop0p4_temp2p0_a0p25_b0p05__wd1e-04trmiss0_degmodglobal,16,1e-05,0.0001,0.4,2.0,0.25,0.05,lr1e-05_bs16_drop0p4_temp2p0_a0p25_b0p05__wd1e-04trmiss0_degmodglobal,28,0.6683568507432938,0.7346752882003784,0.19999999999999998,0.49718822843822846,0.3076923076923077,0.0,0.6353202909231186,0.6487801820039749,0.05078116897493601,0.13762759417295456,0.0,0.0,0.0,0.0,0.0,18473,global,0.0
5,3,lr1e-05_bs16_drop0p4_temp2p0_a0p25_b0p05__wd1e-04trmiss0_degmodglobal,16,1e-05,0.0001,0.4,2.0,0.25,0.05,lr1e-05_bs16_drop0p4_temp2p0_a0p25_b0p05__wd1e-04trmiss0_degmodglobal,29,0.6608657091856003,0.7350758910179138,0.19999999999999998,0.49718822843822846,0.38461538461538464,0.0,0.6151208132505417,0.645974189043045,0.03889660909771919,0.10334753803908825,0.0,0.0,0.0,0.0,0.0,18473,global,0.0
5,4,lr1e-04_bs8_drop0p2_temp1p0_a0p25_b0p05__wd1e-04trmiss0_degmodglobal,8,0.0001,0.0001,0.2,1.0,0.25,0.05,lr1e-04_bs8_drop0p2_temp1p0_a0p25_b0p05__wd1e-04trmiss0_degmodglobal,1,0.7486508573804583,0.860740602016449,0.3055555555555556,0.662048137048137,0.38461538461538464,0.0,0.7120156543595451,0.7249534981591361,0.0729488240821021,0.10920290861810956,0.0,0.0,0.0,0.0,0.0,18473,global,0.0
5,4,lr1e-04_bs8_drop0p2_temp1p0_a0p25_b0p05__wd1e-04trmiss0_degmodglobal,8,0.0001,0.0001,0.2,1.0,0.25,0.05,lr1e-04_bs8_drop0p2_temp1p0_a0p25_b0p05__wd1e-04trmiss0_degmodglobal,2,0.711659448487418,0.8557947874069214,0.38888888888888884,0.6918100418100419,0.23076923076923078,0.0,0.6575127414294651,0.6853976930890765,0.07807697249310357,0.13485013161386764,0.0,0.0,0.0,0.0,0.0,18473,global,0.0
5,4,lr1e-04_bs8_drop0p2_temp1p0_a0p25_b0p05__wd1e-04trmiss0_degmodglobal,8,0.0001,0.0001,0.2,1.0,0.25,0.05,lr1e-04_bs8_drop0p2_temp1p0_a0p25_b0p05__wd1e-04trmiss0_degmodglobal,3,0.6696381228310722,0.815221756696701,0.5555555555555556,0.7778930945597613,0.3076923076923077,0.0,0.6291552526610238,0.6443264143807548,0.07767834620816368,0.11784254120928901,0.0,0.0,0.0,0.0,0.0,18473,global,0.0
5,4,lr1e-04_bs8_drop0p2_temp1p0_a0p25_b0p05__wd1e-04trmiss0_degmodglobal,8,0.0001,0.0001,0.2,1.0,0.25,0.05,lr1e-04_bs8_drop0p2_temp1p0_a0p25_b0p05__wd1e-04trmiss0_degmodglobal,4,0.6678207261221749,0.7862167358398438,0.6388888888888888,0.8422990589657258,0.5384615384615384,0.0,0.6105252078601292,0.6397623249462673,0.0847844619836126,0.13724602439573833,0.0,0.0,0.0,0.0,0.0,18473,global,0.0
5,4,lr1e-04_bs8_drop0p2_temp1p0_a0p25_b0p05__wd1e-04trmiss0_degmodglobal,8,0.0001,0.0001,0.2,1.0,0.25,0.05,lr1e-04_bs8_drop0p2_temp1p0_a0p25_b0p05__wd1e-04trmiss0_degmodglobal,5,0.651711676801954,0.7251165807247162,0.7222222222222223,0.8872285122285124,0.6153846153846154,0.0,0.5797996520996094,0.6252525193350655,0.07908519889627184,0.1337571761437825,0.0,0.0,0.0,0.0,0.0,18473,global,0.0
5,4,lr1e-04_bs8_drop0p2_temp1p0_a0p25_b0p05__wd1e-04trmiss0_degmodglobal,8,0.0001,0.0001,0.2,1.0,0.25,0.05,lr1e-04_bs8_drop0p2_temp1p0_a0p25_b0p05__wd1e-04trmiss0_degmodglobal,6,0.6237356662750244,0.7219247221946716,0.638888888888889,0.8371523538190206,0.5384615384615384,0.0,0.5829758303506034,0.5933937685830253,0.08818540402821132,0.1659112274646759,0.0,0.0,0.0,0.0,0.0,18473,global,0.0
5,4,lr1e-04_bs8_drop0p2_temp1p0_a0p25_b0p05__wd1e-04trmiss0_degmodglobal,8,0.0001,0.0001,0.2,1.0,0.25,0.05,lr1e-04_bs8_drop0p2_temp1p0_a0p25_b0p05__wd1e-04trmiss0_degmodglobal,7,0.6619119729314532,0.7824606001377106,0.4722222222222222,0.7519110519110519,0.3076923076923077,0.0,0.5712840557098389,0.6286315321922302,0.10435384884476662,0.14383953330772264,0.0,0.0,0.0,0.0,0.0,18473,global,0.0
5,4,lr1e-04_bs8_drop0p2_temp1p0_a0p25_b0p05__wd1e-04trmiss0_degmodglobal,8,0.0001,0.0001,0.2,1.0,0.25,0.05,lr1e-04_bs8_drop0p2_temp1p0_a0p25_b0p05__wd1e-04trmiss0_degmodglobal,8,0.6514076590538025,0.7393025755882263,0.49999999999999994,0.7611703111703112,0.38461538461538464,0.0,0.5744684679167611,0.6203608853476388,0.08888692515236991,0.1765010239822524,0.0,0.0,0.0,0.0,0.0,18473,global,0.0
5,4,lr1e-04_bs8_drop0p2_temp1p0_a0p25_b0p05__wd1e-04trmiss0_degmodglobal,8,0.0001,0.0001,0.2,1.0,0.25,0.05,lr1e-04_bs8_drop0p2_temp1p0_a0p25_b0p05__wd1e-04trmiss0_degmodglobal,9,0.6228439296994891,0.7463915646076202,0.6111111111111112,0.8336570836570838,0.46153846153846156,0.0,0.5587735942431858,0.5919292569160461,0.09108457607882363,0.16287062210696085,0.0,0.0,0.0,0.0,0.0,18473,global,0.0
5,4,lr1e-04_bs8_drop0p2_temp1p0_a0p25_b0p05__wd1e-04trmiss0_degmodglobal,8,0.0001,0.0001,0.2,1.0,0.25,0.05,lr1e-04_bs8_drop0p2_temp1p0_a0p25_b0p05__wd1e-04trmiss0_degmodglobal,10,0.6078216007777623,0.7423796653747559,0.6388888888888888,0.8422990589657258,0.5384615384615384,0.0,0.5748343978609357,0.5774676586900439,0.092854343354702,0.142807380429336,0.0,0.0,0.0,0.0,0.0,18473,global,0.0
5,4,lr1e-04_bs8_drop0p2_temp1p0_a0p25_b0p05__wd1e-04trmiss0_degmodglobal,8,0.0001,0.0001,0.2,1.0,0.25,0.05,lr1e-04_bs8_drop0p2_temp1p0_a0p25_b0p05__wd1e-04trmiss0_degmodglobal,11,0.6148546763828823,0.7233069241046906,0.638888888888889,0.8371523538190206,0.5384615384615384,0.0,0.5377756825515202,0.580967903137207,0.09584451360361916,0.19851290860346385,0.0,0.0,0.0,0.0,0.0,18473,global,0.0
5,4,lr1e-04_bs8_drop0p2_temp1p0_a0p25_b0p05__wd1e-04trmiss0_degmodglobal,8,0.0001,0.0001,0.2,1.0,0.25,0.05,lr1e-04_bs8_drop0p2_temp1p0_a0p25_b0p05__wd1e-04trmiss0_degmodglobal,12,0.6345515166010175,0.7129761874675751,0.6666666666666666,0.8503798670465339,0.5384615384615384,0.0,0.5686309082167489,0.6041270324162075,0.09069218273673739,0.1550290190747806,0.0,0.0,0.0,0.0,0.0,18473,global,0.0
5,4,lr1e-04_bs8_drop0p2_temp1p0_a0p25_b0p05__wd1e-04trmiss0_degmodglobal,8,0.0001,0.0001,0.2,1.0,0.25,0.05,lr1e-04_bs8_drop0p2_temp1p0_a0p25_b0p05__wd1e-04trmiss0_degmodglobal,13,0.6112014821597508,0.7153032720088959,0.6944444444444444,0.8830397997064665,0.6923076923076923,0.0,0.5426878843988691,0.5795597178595406,0.09705325588583946,0.14756907841988973,0.0,0.0,0.0,0.0,0.0,18473,global,0.0
5,4,lr1e-04_bs8_drop0p2_temp1p0_a0p25_b0p05__wd1e-04trmiss0_degmodglobal,8,0.0001,0.0001,0.2,1.0,0.25,0.05,lr1e-04_bs8_drop0p2_temp1p0_a0p25_b0p05__wd1e-04trmiss0_degmodglobal,14,0.5961488825934274,0.707511305809021,0.6944444444444444,0.8830397997064665,0.6153846153846154,0.0,0.5287533317293439,0.5593587756156921,0.10860034450888634,0.19280042073556355,0.0,0.0,0.0,0.0,0.0,18473,global,0.0
5,4,lr1e-04_bs8_drop0p2_temp1p0_a0p25_b0p05__wd1e-04trmiss0_degmodglobal,8,0.0001,0.0001,0.2,1.0,0.25,0.05,lr1e-04_bs8_drop0p2_temp1p0_a0p25_b0p05__wd1e-04trmiss0_degmodglobal,15,0.5965502347264972,0.7075178027153015,0.6666666666666667,0.8645212811879479,0.6153846153846154,0.0,0.5326943440096719,0.5649973920413426,0.0957622230052948,0.15224575677088328,0.0,0.0,0.0,0.0,0.0,18473,global,0.0
5,4,lr1e-04_bs8_drop0p2_temp1p0_a0p25_b0p05__wd1e-04trmiss0_degmodglobal,8,0.0001,0.0001,0.2,1.0,0.25,0.05,lr1e-04_bs8_drop0p2_temp1p0_a0p25_b0p05__wd1e-04trmiss0_degmodglobal,16,0.5917211941310337,0.6982015669345856,0.6666666666666667,0.8645212811879479,0.6153846153846154,0.0,0.5395710297993251,0.5593795095171247,0.0972480880362647,0.160593397383179,0.0,0.0,0.0,0.0,0.0,18473,global,0.0
5,4,lr1e-04_bs8_drop0p2_temp1p0_a0p25_b0p05__wd1e-04trmiss0_degmodglobal,8,0.0001,0.0001,0.2,1.0,0.25,0.05,lr1e-04_bs8_drop0p2_temp1p0_a0p25_b0p05__wd1e-04trmiss0_degmodglobal,17,0.599858786378588,0.7206953763961792,0.7222222222222221,0.8845068511735179,0.6153846153846154,0.0,0.5407428230558123,0.5657075047492981,0.10342914078916822,0.16588031607014792,0.0,0.0,0.0,0.0,0.0,18473,global,0.0
5,4,lr1e-04_bs8_drop0p2_temp1p0_a0p25_b0p05__wd1e-04trmiss0_degmodglobal,8,0.0001,0.0001,0.2,1.0,0.25,0.05,lr1e-04_bs8_drop0p2_temp1p0_a0p25_b0p05__wd1e-04trmiss0_degmodglobal,18,0.5770718966211591,0.680376797914505,0.6666666666666666,0.8503798670465339,0.6153846153846154,0.0,0.521721601486206,0.5404403592858996,0.10815410528864179,0.19186047783919744,0.0,0.0,0.0,0.0,0.0,18473,global,0.0
5,4,lr1e-04_bs8_drop0p2_temp1p0_a0p25_b0p05__wd1e-04trmiss0_degmodglobal,8,0.0001,0.0001,0.2,1.0,0.25,0.05,lr1e-04_bs8_drop0p2_temp1p0_a0p25_b0p05__wd1e-04trmiss0_degmodglobal,19,0.6229182822363717,0.6878364682197571,0.6388888888888888,0.822602089268756,0.5384615384615384,0.0,0.5131497085094452,0.5790196912629264,0.12676454122577394,0.2441491750734193,0.0,0.0,0.0,0.0,0.0,18473,global,0.0
5,4,lr1e-04_bs8_drop0p2_temp1p0_a0p25_b0p05__wd1e-04trmiss0_degmodglobal,8,0.0001,0.0001,0.2,1.0,0.25,0.05,lr1e-04_bs8_drop0p2_temp1p0_a0p25_b0p05__wd1e-04trmiss0_degmodglobal,20,0.5855915461267743,0.6962730288505554,0.6944444444444444,0.8622846289512958,0.6153846153846154,0.0,0.49018519691058565,0.5397375396319798,0.12851050283227647,0.2745276710816792,0.0,0.0,0.0,0.0,0.0,18473,global,0.0
5,4,lr1e-04_bs8_drop0p2_temp1p0_a0p25_b0p05__wd1e-04trmiss0_degmodglobal,8,0.0001,0.0001,0.2,1.0,0.25,0.05,lr1e-04_bs8_drop0p2_temp1p0_a0p25_b0p05__wd1e-04trmiss0_degmodglobal,21,0.5864995888301304,0.6829519867897034,0.7222222222222221,0.8845068511735179,0.6153846153846154,0.0,0.5196862433637891,0.5495028240340096,0.10766961106232234,0.2015871043716158,0.0,0.0,0.0,0.0,0.0,18473,global,0.0
5,4,lr1e-04_bs8_drop0p2_temp1p0_a0p25_b0p05__wd1e-04trmiss0_degmodglobal,8,0.0001,0.0001,0.2,1.0,0.25,0.05,lr1e-04_bs8_drop0p2_temp1p0_a0p25_b0p05__wd1e-04trmiss0_degmodglobal,22,0.5952930109841483,0.6799430847167969,0.6944444444444444,0.872602089268756,0.6153846153846154,0.0,0.5066555184977395,0.5615584850311279,0.10298198567969459,0.1597805448940822,0.0,0.0,0.0,0.0,0.0,18473,global,0.0
5,4,lr1e-04_bs8_drop0p2_temp1p0_a0p25_b0p05__wd1e-04trmiss0_degmodglobal,8,0.0001,0.0001,0.2,1.0,0.25,0.05,lr1e-04_bs8_drop0p2_temp1p0_a0p25_b0p05__wd1e-04trmiss0_degmodglobal,23,0.5628881795065743,0.6770132184028625,0.6666666666666666,0.8290123456790124,0.6153846153846154,0.0,0.4913742797715323,0.5264784565993718,0.11337300390005112,0.16132934604372298,0.0,0.0,0.0,0.0,0.0,18473,global,0.0
5,4,lr1e-04_bs8_drop0p2_temp1p0_a0p25_b0p05__wd1e-04trmiss0_degmodglobal,8,0.0001,0.0001,0.2,1.0,0.25,0.05,lr1e-04_bs8_drop0p2_temp1p0_a0p25_b0p05__wd1e-04trmiss0_degmodglobal,24,0.5774615662438529,0.6603612899780273,0.75,0.8909171075837743,0.6153846153846154,0.0,0.5096718030316489,0.5391393559319633,0.11180375303540911,0.20742571353912354,0.0,0.0,0.0,0.0,0.0,18473,global,0.0
5,4,lr1e-04_bs8_drop0p2_temp1p0_a0p25_b0p05__wd1e-04trmiss0_degmodglobal,8,0.0001,0.0001,0.2,1.0,0.25,0.05,lr1e-04_bs8_drop0p2_temp1p0_a0p25_b0p05__wd1e-04trmiss0_degmodglobal,25,0.5801134364945548,0.6640350818634033,0.7777777777777777,0.9138278388278389,0.6153846153846154,0.0,0.49697941541671753,0.5343589654990605,0.13303158964429582,0.2499314887183053,0.0,0.0,0.0,0.0,0.0,18473,global,0.0
5,4,lr1e-04_bs8_drop0p2_temp1p0_a0p25_b0p05__wd1e-04trmiss0_degmodglobal,8,0.0001,0.0001,0.2,1.0,0.25,0.05,lr1e-04_bs8_drop0p2_temp1p0_a0p25_b0p05__wd1e-04trmiss0_degmodglobal,26,0.5547283462115696,0.655513346195221,0.7777777777777777,0.9017195767195769,0.6153846153846154,0.0,0.5010688815798078,0.5129970865590232,0.12444258055516652,0.2124123807464327,0.0,0.0,0.0,0.0,0.0,18473,global,0.0
5,4,lr1e-04_bs8_drop0p2_temp1p0_a0p25_b0p05__wd1e-04trmiss0_degmodglobal,8,0.0001,0.0001,0.2,1.0,0.25,0.05,lr1e-04_bs8_drop0p2_temp1p0_a0p25_b0p05__wd1e-04trmiss0_degmodglobal,27,0.5784704600061689,0.6595662534236908,0.6388888888888888,0.8157848324514991,0.5384615384615384,0.0,0.4955089134829385,0.5421792353902545,0.10634374192782811,0.19410599023103714,0.0,0.0,0.0,0.0,0.0,18473,global,0.0
5,4,lr1e-04_bs8_drop0p2_temp1p0_a0p25_b0p05__wd1e-04trmiss0_degmodglobal,8,0.0001,0.0001,0.2,1.0,0.25,0.05,lr1e-04_bs8_drop0p2_temp1p0_a0p25_b0p05__wd1e-04trmiss0_degmodglobal,28,0.6241485731942313,0.6916719079017639,0.6388888888888888,0.8157848324514991,0.5384615384615384,0.0,0.5014335640839168,0.5708402480397906,0.1483099918280329,0.3246165556567056,0.0,0.0,0.0,0.0,0.0,18473,global,0.0
5,4,lr1e-04_bs8_drop0p2_temp1p0_a0p25_b0p05__wd1e-04trmiss0_degmodglobal,8,0.0001,0.0001,0.2,1.0,0.25,0.05,lr1e-04_bs8_drop0p2_temp1p0_a0p25_b0p05__wd1e-04trmiss0_degmodglobal,29,0.5870915651321411,0.684310644865036,0.6666666666666666,0.8290123456790124,0.5384615384615384,0.0,0.5002509653568268,0.5499681489808219,0.11253041986908231,0.17981634608336858,0.0,0.0,0.0,0.0,0.0,18473,global,0.0
5,4,lr1e-04_bs8_drop0p2_temp1p0_a0p25_b0p05__wd1e-04trmiss0_degmodglobal,8,0.0001,0.0001,0.2,1.0,0.25,0.05,lr1e-04_bs8_drop0p2_temp1p0_a0p25_b0p05__wd1e-04trmiss0_degmodglobal,30,0.5734187194279262,0.6645131409168243,0.6666666666666666,0.8290123456790124,0.6153846153846154,0.0,0.49668048535074505,0.533230858189719,0.11244188568421773,0.2415474738393511,0.0,0.0,0.0,0.0,0.0,18473,global,0.0
5,4,lr1e-04_bs8_drop0p2_temp1p0_a0p25_b0p05__wd1e-04trmiss0_degmodglobal,8,0.0001,0.0001,0.2,1.0,0.25,0.05,lr1e-04_bs8_drop0p2_temp1p0_a0p25_b0p05__wd1e-04trmiss0_degmodglobal,31,0.5794375113078526,0.6538683176040649,0.7222222222222221,0.8686948853615521,0.6153846153846154,0.0,0.48085435799189974,0.529356313603265,0.1415707767009735,0.2937702786709581,0.0,0.0,0.0,0.0,0.0,18473,global,0.0
5,4,lr1e-04_bs8_drop0p2_temp1p0_a0p25_b0p05__wd1e-04trmiss0_degmodglobal,8,0.0001,0.0001,0.2,1.0,0.25,0.05,lr1e-04_bs8_drop0p2_temp1p0_a0p25_b0p05__wd1e-04trmiss0_degmodglobal,32,0.5826348747525897,0.6611702144145966,0.75,0.8794973544973546,0.6153846153846154,0.0,0.48985330973352703,0.5377481409481594,0.12915682366916112,0.2519508419292314,0.0,0.0,0.0,0.0,0.0,18473,global,0.0
5,4,lr1e-04_bs8_drop0p2_temp1p0_a0p25_b0p05__wd1e-04trmiss0_degmodglobal,8,0.0001,0.0001,0.2,1.0,0.25,0.05,lr1e-04_bs8_drop0p2_temp1p0_a0p25_b0p05__wd1e-04trmiss0_degmodglobal,33,0.5614904165267944,0.6655692160129547,0.75,0.8829636412969748,0.6153846153846154,0.0,0.47466860498700825,0.5150063208171299,0.13832067166055953,0.23807878153664724,0.0,0.0,0.0,0.0,0.0,18473,global,0.0
5,4,lr1e-04_bs8_drop0p2_temp1p0_a0p25_b0p05__wd1e-04trmiss0_degmodglobal,8,0.0001,0.0001,0.2,1.0,0.25,0.05,lr1e-04_bs8_drop0p2_temp1p0_a0p25_b0p05__wd1e-04trmiss0_degmodglobal,34,0.5532319375446865,0.6648147106170654,0.6111111111111112,0.7402437069103737,0.6923076923076923,0.0,0.49084958008357454,0.5074888340064457,0.1325211301445961,0.25225671167884556,0.0,0.0,0.0,0.0,0.0,18473,global,0.0
5,4,lr1e-04_bs8_drop0p2_temp1p0_a0p25_b0p05__wd1e-04trmiss0_degmodglobal,8,0.0001,0.0001,0.2,1.0,0.25,0.05,lr1e-04_bs8_drop0p2_temp1p0_a0p25_b0p05__wd1e-04trmiss0_degmodglobal,35,0.5381320416927338,0.6603654026985168,0.6388888888888888,0.7483245149911817,0.6923076923076923,0.0,0.47605978165354046,0.49913914288793293,0.11494744249752589,0.20512063801288605,0.0,0.0,0.0,0.0,0.0,18473,global,0.0
5,4,lr1e-04_bs8_drop0p2_temp1p0_a0p25_b0p05__wd1e-04trmiss0_degmodglobal,8,0.0001,0.0001,0.2,1.0,0.25,0.05,lr1e-04_bs8_drop0p2_temp1p0_a0p25_b0p05__wd1e-04trmiss0_degmodglobal,36,0.5467708664281028,0.6684869229793549,0.611111111111111,0.7419142585809253,0.6923076923076923,0.0,0.4881194063595363,0.5097975816045489,0.11129932105541229,0.182969331741333,0.0,0.0,0.0,0.0,0.0,18473,global,0.0
5,4,lr1e-04_bs8_drop0p2_temp1p0_a0p25_b0p05__wd1e-04trmiss0_degmodglobal,8,0.0001,0.0001,0.2,1.0,0.25,0.05,lr1e-04_bs8_drop0p2_temp1p0_a0p25_b0p05__wd1e-04trmiss0_degmodglobal,37,0.5405597303594861,0.6739895343780518,0.6666666666666666,0.8038800705467373,0.6153846153846154,0.0,0.46384363940783907,0.4957290632384164,0.13112604937383107,0.24098301998206548,0.0,0.0,0.0,0.0,0.0,18473,global,0.0
5,4,lr1e-04_bs8_drop0p2_temp1p0_a0p25_b0p05__wd1e-04trmiss0_degmodglobal,8,0.0001,0.0001,0.2,1.0,0.25,0.05,lr1e-04_bs8_drop0p2_temp1p0_a0p25_b0p05__wd1e-04trmiss0_degmodglobal,38,0.5612100447927203,0.6525657176971436,0.6666666666666666,0.8038800705467373,0.6923076923076923,0.0,0.46225678494998385,0.5138400707926069,0.13324873788016184,0.2811552903481892,0.0,0.0,0.0,0.0,0.0,18473,global,0.0
5,4,lr1e-04_bs8_drop0p2_temp1p0_a0p25_b0p05__wd1e-04trmiss0_degmodglobal,8,0.0001,0.0001,0.2,1.0,0.25,0.05,lr1e-04_bs8_drop0p2_temp1p0_a0p25_b0p05__wd1e-04trmiss0_degmodglobal,39,0.5167439069066729,0.64713916182518,0.6666666666666666,0.8038800705467373,0.6923076923076923,0.0,0.47351124031203135,0.4816067474228995,0.10875773110560008,0.15895439311861992,0.0,0.0,0.0,0.0,0.0,18473,global,0.0
5,4,lr1e-04_bs8_drop0p2_temp1p0_a0p25_b0p05__wd1e-04trmiss0_degmodglobal,8,0.0001,0.0001,0.2,1.0,0.25,0.05,lr1e-04_bs8_drop0p2_temp1p0_a0p25_b0p05__wd1e-04trmiss0_degmodglobal,40,0.5242472333567483,0.6467349231243134,0.6944444444444444,0.8409171075837742,0.6923076923076923,0.0,0.45635831356048584,0.477243755544935,0.13950769283941813,0.2425312272139958,0.0,0.0,0.0,0.0,0.0,18473,global,0.0
5,4,lr1e-04_bs8_drop0p2_temp1p0_a0p25_b0p05__wd1e-04trmiss0_degmodglobal,8,0.0001,0.0001,0.2,1.0,0.25,0.05,lr1e-04_bs8_drop0p2_temp1p0_a0p25_b0p05__wd1e-04trmiss0_degmodglobal,41,0.5099542651857648,0.6433232128620148,0.7222222222222222,0.8714165464165466,0.6153846153846154,0.0,0.4577229789325169,0.4708049552781241,0.12281128125531333,0.16892976739576884,0.0,0.0,0.0,0.0,0.0,18473,global,0.0
5,4,lr1e-04_bs8_drop0p2_temp1p0_a0p25_b0p05__wd1e-04trmiss0_degmodglobal,8,0.0001,0.0001,0.2,1.0,0.25,0.05,lr1e-04_bs8_drop0p2_temp1p0_a0p25_b0p05__wd1e-04trmiss0_degmodglobal,42,0.5399155361311776,0.6361639201641083,0.7777777777777777,0.9017195767195769,0.6153846153846154,0.0,0.474180919783456,0.49631295459611074,0.12792750980172837,0.2324138730764389,0.0,0.0,0.0,0.0,0.0,18473,global,0.0
5,4,lr1e-04_bs8_drop0p2_temp1p0_a0p25_b0p05__wd1e-04trmiss0_degmodglobal,8,0.0001,0.0001,0.2,1.0,0.25,0.05,lr1e-04_bs8_drop0p2_temp1p0_a0p25_b0p05__wd1e-04trmiss0_degmodglobal,43,0.5281938527311597,0.6394737958908081,0.7222222222222222,0.8517195767195769,0.6153846153846154,0.0,0.46506007654326303,0.4882813734667642,0.1223806579198156,0.1863463031394141,0.0,0.0,0.0,0.0,0.0,18473,global,0.0
5,4,lr1e-04_bs8_drop0p2_temp1p0_a0p25_b0p05__wd1e-04trmiss0_degmodglobal,8,0.0001,0.0001,0.2,1.0,0.25,0.05,lr1e-04_bs8_drop0p2_temp1p0_a0p25_b0p05__wd1e-04trmiss0_degmodglobal,44,0.523866708789553,0.648926317691803,0.6388888888888888,0.8241943241943244,0.6153846153846154,0.0,0.47159930637904574,0.4863873038973127,0.1123765270624842,0.1877055833382266,0.0,0.0,0.0,0.0,0.0,18473,global,0.0
5,4,lr1e-04_bs8_drop0p2_temp1p0_a0p25_b0p05__wd1e-04trmiss0_degmodglobal,8,0.0001,0.0001,0.2,1.0,0.25,0.05,lr1e-04_bs8_drop0p2_temp1p0_a0p25_b0p05__wd1e-04trmiss0_degmodglobal,45,0.5467347843306405,0.6466349363327026,0.6944444444444444,0.860614077280744,0.6153846153846154,0.0,0.4673822820186615,0.49962481430598665,0.13887993565627507,0.2477994646344866,0.0,0.0,0.0,0.0,0.0,18473,global,0.0
5,4,lr1e-04_bs8_drop0p2_temp1p0_a0p25_b0p05__wd1e-04trmiss0_degmodglobal,8,0.0001,0.0001,0.2,1.0,0.25,0.05,lr1e-04_bs8_drop0p2_temp1p0_a0p25_b0p05__wd1e-04trmiss0_degmodglobal,46,0.5167212613991329,0.6420904695987701,0.6944444444444444,0.860614077280744,0.6923076923076923,0.0,0.45357284375599455,0.48341032011168344,0.10644577550036567,0.1339899195092065,0.0,0.0,0.0,0.0,0.0,18473,global,0.0
5,4,lr1e-04_bs8_drop0p2_temp1p0_a0p25_b0p05__wd1e-04trmiss0_degmodglobal,8,0.0001,0.0001,0.2,1.0,0.25,0.05,lr1e-04_bs8_drop0p2_temp1p0_a0p25_b0p05__wd1e-04trmiss0_degmodglobal,47,0.5186141899653843,0.6312672197818756,0.75,0.8909171075837743,0.6153846153846154,0.0,0.45269102283886503,0.47651827335357666,0.12494121491909027,0.21721227147749492,0.0,0.0,0.0,0.0,0.0,18473,global,0.0
5,4,lr1e-04_bs8_drop0p2_temp1p0_a0p25_b0p05__wd1e-04trmiss0_degmodglobal,8,0.0001,0.0001,0.2,1.0,0.25,0.05,lr1e-04_bs8_drop0p2_temp1p0_a0p25_b0p05__wd1e-04trmiss0_degmodglobal,48,0.5312618868691581,0.6022209227085114,0.8055555555555556,0.9170113836780505,0.6923076923076923,0.0,0.4441750645637512,0.48080146312713623,0.15355107188224792,0.2414531750338418,0.0,0.0,0.0,0.0,0.0,18473,global,0.0
5,4,lr1e-04_bs8_drop0p2_temp1p0_a0p25_b0p05__wd1e-04trmiss0_degmodglobal,8,0.0001,0.0001,0.2,1.0,0.25,0.05,lr1e-04_bs8_drop0p2_temp1p0_a0p25_b0p05__wd1e-04trmiss0_degmodglobal,49,0.5283939370087215,0.6076253056526184,0.7777777777777777,0.9094356261022929,0.6923076923076923,0.0,0.4361211487225124,0.4825647473335266,0.13004485411303385,0.2663596251181194,0.0,0.0,0.0,0.0,0.0,18473,global,0.0
5,4,lr1e-04_bs8_drop0p2_temp1p0_a0p25_b0p05__wd1e-04trmiss0_degmodglobal,8,0.0001,0.0001,0.2,1.0,0.25,0.05,lr1e-04_bs8_drop0p2_temp1p0_a0p25_b0p05__wd1e-04trmiss0_degmodglobal,50,0.5543623353753772,0.6168063879013062,0.75,0.8909171075837743,0.6153846153846154,0.0,0.46628646339688984,0.5051862384591784,0.14670663433415548,0.2499885857105255,0.0,0.0,0.0,0.0,0.0,18473,global,0.0
5,4,lr1e-04_bs8_drop0p2_temp1p0_a0p25_b0p05__wd1e-04trmiss0_degmodglobal,8,0.0001,0.0001,0.2,1.0,0.25,0.05,lr1e-04_bs8_drop0p2_temp1p0_a0p25_b0p05__wd1e-04trmiss0_degmodglobal,51,0.5268686626638684,0.6155520975589752,0.7777777777777777,0.9017195767195769,0.6923076923076923,0.0,0.4431024193763733,0.4778813251427242,0.14738634867327555,0.2428150400519371,0.0,0.0,0.0,0.0,0.0,18473,global,0.0
5,4,lr1e-04_bs8_drop0p2_temp1p0_a0p25_b0p05__wd1e-04trmiss0_degmodglobal,8,0.0001,0.0001,0.2,1.0,0.25,0.05,lr1e-04_bs8_drop0p2_temp1p0_a0p25_b0p05__wd1e-04trmiss0_degmodglobal,52,0.5377199181488582,0.6185784637928009,0.7777777777777777,0.9017195767195769,0.6923076923076923,0.0,0.4667822888919285,0.4946128640856062,0.13210696939911162,0.20160630558218276,0.0,0.0,0.0,0.0,0.0,18473,global,0.0
5,4,lr1e-04_bs8_drop0p2_temp1p0_a0p25_b0p05__wd1e-04trmiss0_degmodglobal,8,0.0001,0.0001,0.2,1.0,0.25,0.05,lr1e-04_bs8_drop0p2_temp1p0_a0p25_b0p05__wd1e-04trmiss0_degmodglobal,53,0.5190061032772064,0.6177415549755096,0.7777777777777777,0.9094356261022929,0.6153846153846154,0.0,0.4490618918623243,0.4760557157652719,0.13397241596664702,0.18914557248353958,0.0,0.0,0.0,0.0,0.0,18473,global,0.0
5,4,lr1e-04_bs8_drop0p2_temp1p0_a0p25_b0p05__wd1e-04trmiss0_degmodglobal,8,0.0001,0.0001,0.2,1.0,0.25,0.05,lr1e-04_bs8_drop0p2_temp1p0_a0p25_b0p05__wd1e-04trmiss0_degmodglobal,54,0.5155482462474278,0.6183165013790131,0.7222222222222222,0.8828362995029664,0.6923076923076923,0.0,0.43734670536858694,0.4763934995446886,0.1258561105600425,0.15381438497986114,0.0,0.0,0.0,0.0,0.0,18473,global,0.0
5,4,lr1e-04_bs8_drop0p2_temp1p0_a0p25_b0p05__wd1e-04trmiss0_degmodglobal,8,0.0001,0.0001,0.2,1.0,0.25,0.05,lr1e-04_bs8_drop0p2_temp1p0_a0p25_b0p05__wd1e-04trmiss0_degmodglobal,55,0.4908824733325413,0.6204693615436554,0.75,0.8909171075837743,0.6153846153846154,0.0,0.43888782603400095,0.4550597923142569,0.11259038533483233,0.15350173466971942,0.0,0.0,0.0,0.0,0.0,18473,global,0.0
5,4,lr1e-04_bs8_drop0p2_temp1p0_a0p25_b0p05__wd1e-04trmiss0_degmodglobal,8,0.0001,0.0001,0.2,1.0,0.25,0.05,lr1e-04_bs8_drop0p2_temp1p0_a0p25_b0p05__wd1e-04trmiss0_degmodglobal,56,0.5336015607629504,0.6161297857761383,0.75,0.8909171075837743,0.6923076923076923,0.0,0.4518963737147195,0.4819406824452536,0.15878304626260484,0.23930219454424723,0.0,0.0,0.0,0.0,0.0,18473,global,0.0
5,4,lr1e-04_bs8_drop0p2_temp1p0_a0p25_b0p05__wd1e-04trmiss0_degmodglobal,8,0.0001,0.0001,0.2,1.0,0.25,0.05,lr1e-04_bs8_drop0p2_temp1p0_a0p25_b0p05__wd1e-04trmiss0_degmodglobal,57,0.5377100195203509,0.615475594997406,0.7777777777777777,0.9017195767195769,0.7692307692307693,0.0,0.43787640758923124,0.48979854583740234,0.15048981138638087,0.2057802677154541,0.0,0.0,0.0,0.0,0.0,18473,global,0.0
5,4,lr1e-04_bs8_drop0p2_temp1p0_a0p25_b0p05__wd1e-04trmiss0_degmodglobal,8,0.0001,0.0001,0.2,1.0,0.25,0.05,lr1e-04_bs8_drop0p2_temp1p0_a0p25_b0p05__wd1e-04trmiss0_degmodglobal,58,0.4974891458238874,0.6224494874477386,0.7777777777777777,0.9017195767195769,0.6923076923076923,0.0,0.4213851136820657,0.44836977975709097,0.143766422356878,0.2635550839560373,0.0,0.0,0.0,0.0,0.0,18473,global,0.0
5,4,lr1e-04_bs8_drop0p2_temp1p0_a0p25_b0p05__wd1e-04trmiss0_degmodglobal,8,0.0001,0.0001,0.2,1.0,0.25,0.05,lr1e-04_bs8_drop0p2_temp1p0_a0p25_b0p05__wd1e-04trmiss0_degmodglobal,59,0.5651316217013768,0.6179933845996857,0.75,0.8909171075837743,0.6923076923076923,0.0,0.4737951585224697,0.5172345765999385,0.14580584636756352,0.22891167657715933,0.0,0.0,0.0,0.0,0.0,18473,global,0.0
5,4,lr1e-04_bs8_drop0p2_temp1p0_a0p25_b0p05__wd1e-04trmiss0_degmodglobal,8,0.0001,0.0001,0.2,1.0,0.25,0.05,lr1e-04_bs8_drop0p2_temp1p0_a0p25_b0p05__wd1e-04trmiss0_degmodglobal,60,0.4939440531390054,0.6146207749843597,0.8055555555555556,0.9202380952380953,0.6153846153846154,0.0,0.43834419761385235,0.4558609298297337,0.12309061948742185,0.14620943473918097,0.0,0.0,0.0,0.0,0.0,18473,global,0.0
5,4,lr1e-04_bs8_drop0p2_temp1p0_a0p25_b0p05__wd1e-04trmiss0_degmodglobal,8,0.0001,0.0001,0.2,1.0,0.25,0.05,lr1e-04_bs8_drop0p2_temp1p0_a0p25_b0p05__wd1e-04trmiss0_degmodglobal,61,0.5540380775928497,0.6113117337226868,0.8055555555555556,0.9202380952380953,0.6153846153846154,0.0,0.4526900351047516,0.5056160518101284,0.1431508543235915,0.25268670490809847,0.0,0.0,0.0,0.0,0.0,18473,global,0.0
5,4,lr1e-04_bs8_drop0p2_temp1p0_a0p25_b0p05__wd1e-04trmiss0_degmodglobal,8,0.0001,0.0001,0.2,1.0,0.25,0.05,lr1e-04_bs8_drop0p2_temp1p0_a0p25_b0p05__wd1e-04trmiss0_degmodglobal,62,0.49017655849456787,0.6114964187145233,0.8055555555555556,0.9202380952380953,0.6923076923076923,0.0,0.43049771019390654,0.44491314036505564,0.14073466509580612,0.20159476782594407,0.0,0.0,0.0,0.0,0.0,18473,global,0.0
5,4,lr1e-04_bs8_drop0p2_temp1p0_a0p25_b0p05__wd1e-04trmiss0_degmodglobal,8,0.0001,0.0001,0.2,1.0,0.25,0.05,lr1e-04_bs8_drop0p2_temp1p0_a0p25_b0p05__wd1e-04trmiss0_degmodglobal,63,0.4953004164355142,0.6048582792282104,0.8055555555555556,0.9202380952380953,0.7692307692307693,0.0,0.4051544836589268,0.43942006145204815,0.1675377062388829,0.27991864723818644,0.0,0.0,0.0,0.0,0.0,18473,global,0.0
5,4,lr1e-04_bs8_drop0p2_temp1p0_a0p25_b0p05__wd1e-04trmiss0_degmodglobal,8,0.0001,0.0001,0.2,1.0,0.25,0.05,lr1e-04_bs8_drop0p2_temp1p0_a0p25_b0p05__wd1e-04trmiss0_degmodglobal,64,0.5300982339041573,0.6050950288772583,0.8055555555555556,0.9202380952380953,0.7692307692307693,0.0,0.42157420090266634,0.4762501077992575,0.16329411310809,0.26049201616219114,0.0,0.0,0.0,0.0,0.0,18473,global,0.0
5,4,lr1e-04_bs8_drop0p2_temp1p0_a0p25_b0p05__wd1e-04trmiss0_degmodglobal,8,0.0001,0.0001,0.2,1.0,0.25,0.05,lr1e-04_bs8_drop0p2_temp1p0_a0p25_b0p05__wd1e-04trmiss0_degmodglobal,65,0.484084244285311,0.6048974394798279,0.8055555555555556,0.9202380952380953,0.6923076923076923,0.0,0.4311120254652841,0.442701199225017,0.1280811397092683,0.18725512496062688,0.0,0.0,0.0,0.0,0.0,18473,global,0.0
5,4,lr1e-04_bs8_drop0p2_temp1p0_a0p25_b0p05__wd1e-04trmiss0_degmodglobal,8,0.0001,0.0001,0.2,1.0,0.25,0.05,lr1e-04_bs8_drop0p2_temp1p0_a0p25_b0p05__wd1e-04trmiss0_degmodglobal,66,0.5163111686706543,0.6085983514785767,0.8055555555555556,0.9202380952380953,0.6923076923076923,0.0,0.41850774203027996,0.46265622121947153,0.16218188192163194,0.26218948300395695,0.0,0.0,0.0,0.0,0.0,18473,global,0.0
5,4,lr1e-04_bs8_drop0p2_temp1p0_a0p25_b0p05__wd1e-04trmiss0_degmodglobal,8,0.0001,0.0001,0.2,1.0,0.25,0.05,lr1e-04_bs8_drop0p2_temp1p0_a0p25_b0p05__wd1e-04trmiss0_degmodglobal,67,0.5140507434095655,0.6032556295394897,0.8333333333333333,0.9301146384479719,0.7692307692307693,0.0,0.4305025850023542,0.46846804022789,0.13798510708979198,0.22172863355704717,0.0,0.0,0.0,0.0,0.0,18473,global,0.0
5,4,lr1e-04_bs8_drop0p2_temp1p0_a0p25_b0p05__wd1e-04trmiss0_degmodglobal,8,0.0001,0.0001,0.2,1.0,0.25,0.05,lr1e-04_bs8_drop0p2_temp1p0_a0p25_b0p05__wd1e-04trmiss0_degmodglobal,68,0.4883347153663635,0.6047156155109406,0.8055555555555556,0.9115961199294533,0.7692307692307693,0.0,0.4013610141617911,0.4413766690662929,0.14079721910612925,0.2351750305720738,0.0,0.0,0.0,0.0,0.0,18473,global,0.0
5,4,lr1e-04_bs8_drop0p2_temp1p0_a0p25_b0p05__wd1e-04trmiss0_degmodglobal,8,0.0001,0.0001,0.2,1.0,0.25,0.05,lr1e-04_bs8_drop0p2_temp1p0_a0p25_b0p05__wd1e-04trmiss0_degmodglobal,69,0.49527514406612944,0.6068286299705505,0.8055555555555556,0.9115961199294533,0.6923076923076923,0.0,0.40483140093939646,0.4445617539542062,0.15257872002465384,0.25137405948979513,0.0,0.0,0.0,0.0,0.0,18473,global,0.0
5,4,lr1e-04_bs8_drop0p2_temp1p0_a0p25_b0p05__wd1e-04trmiss0_degmodglobal,8,0.0001,0.0001,0.2,1.0,0.25,0.05,lr1e-04_bs8_drop0p2_temp1p0_a0p25_b0p05__wd1e-04trmiss0_degmodglobal,70,0.5118734538555145,0.603691965341568,0.7777777777777777,0.9017195767195769,0.7692307692307693,0.0,0.3970989670072283,0.4451207220554352,0.20347434601613454,0.3176829580749784,0.0,0.0,0.0,0.0,0.0,18473,global,0.0
5,4,lr1e-04_bs8_drop0p2_temp1p0_a0p25_b0p05__wd1e-04trmiss0_degmodglobal,8,0.0001,0.0001,0.2,1.0,0.25,0.05,lr1e-04_bs8_drop0p2_temp1p0_a0p25_b0p05__wd1e-04trmiss0_degmodglobal,71,0.5448674176420484,0.6012412905693054,0.8055555555555556,0.9092953342953345,0.7692307692307693,0.0,0.39967975871903555,0.4768636567252023,0.19512465596199036,0.38445180122341427,0.0,0.0,0.0,0.0,0.0,18473,global,0.0
5,4,lr1e-04_bs8_drop0p2_temp1p0_a0p25_b0p05__wd1e-04trmiss0_degmodglobal,8,0.0001,0.0001,0.2,1.0,0.25,0.05,lr1e-04_bs8_drop0p2_temp1p0_a0p25_b0p05__wd1e-04trmiss0_degmodglobal,72,0.4938520107950483,0.6050128638744354,0.75,0.8794973544973546,0.7692307692307693,0.0,0.399596244096756,0.4352607769625528,0.1757797066654478,0.292926441345896,0.0,0.0,0.0,0.0,0.0,18473,global,0.0
5,4,lr1e-04_bs8_drop0p2_temp1p0_a0p25_b0p05__wd1e-04trmiss0_degmodglobal,8,0.0001,0.0001,0.2,1.0,0.25,0.05,lr1e-04_bs8_drop0p2_temp1p0_a0p25_b0p05__wd1e-04trmiss0_degmodglobal,73,0.4977425847734724,0.6039991080760956,0.7777777777777777,0.9017195767195769,0.7692307692307693,0.0,0.396529278584889,0.45234639729772297,0.13838763535022736,0.21598555679832185,0.0,0.0,0.0,0.0,0.0,18473,global,0.0
5,4,lr1e-04_bs8_drop0p2_temp1p0_a0p25_b0p05__wd1e-04trmiss0_degmodglobal,8,0.0001,0.0001,0.2,1.0,0.25,0.05,lr1e-04_bs8_drop0p2_temp1p0_a0p25_b0p05__wd1e-04trmiss0_degmodglobal,74,0.49964519909449984,0.6041131615638733,0.75,0.8794973544973546,0.7692307692307693,0.0,0.3988038556916373,0.44310589347566876,0.16819188850266592,0.2898267039230892,0.0,0.0,0.0,0.0,0.0,18473,global,0.0
5,4,lr1e-04_bs8_drop0p2_temp1p0_a0p25_b0p05__wd1e-04trmiss0_degmodglobal,8,0.0001,0.0001,0.2,1.0,0.25,0.05,lr1e-04_bs8_drop0p2_temp1p0_a0p25_b0p05__wd1e-04trmiss0_degmodglobal,75,0.5164631221975599,0.6027612090110779,0.8333333333333334,0.9278138528138529,0.6923076923076923,0.0,0.3905729821750096,0.4627938057695116,0.159069119819573,0.2780408135482243,0.0,0.0,0.0,0.0,0.0,18473,global,0.0
5,4,lr1e-04_bs8_drop0p2_temp1p0_a0p25_b0p05__wd1e-04trmiss0_degmodglobal,8,0.0001,0.0001,0.2,1.0,0.25,0.05,lr1e-04_bs8_drop0p2_temp1p0_a0p25_b0p05__wd1e-04trmiss0_degmodglobal,76,0.510944664478302,0.6055379807949066,0.8055555555555556,0.9092953342953345,0.6923076923076923,0.0,0.399521495614733,0.4539940357208252,0.1700920026217188,0.2885525918432644,0.0,0.0,0.0,0.0,0.0,18473,global,0.0
5,4,lr1e-04_bs8_drop0p2_temp1p0_a0p25_b0p05__wd1e-04trmiss0_degmodglobal,8,0.0001,0.0001,0.2,1.0,0.25,0.05,lr1e-04_bs8_drop0p2_temp1p0_a0p25_b0p05__wd1e-04trmiss0_degmodglobal,77,0.5014120297772544,0.6068982779979706,0.8055555555555556,0.9092953342953345,0.7692307692307693,0.0,0.3762608936854771,0.4372266445841108,0.18547787623746054,0.3563183418342045,0.0,0.0,0.0,0.0,0.0,18473,global,0.0
5,4,lr1e-04_bs8_drop0p2_temp1p0_a0p25_b0p05__wd1e-04trmiss0_degmodglobal,8,0.0001,0.0001,0.2,1.0,0.25,0.05,lr1e-04_bs8_drop0p2_temp1p0_a0p25_b0p05__wd1e-04trmiss0_degmodglobal,78,0.5148667182241168,0.6108620762825012,0.75,0.8794973544973546,0.6923076923076923,0.0,0.39816831265177044,0.4498424828052521,0.1939993862594877,0.33048799846853527,0.0,0.0,0.0,0.0,0.0,18473,global,0.0
5,4,lr1e-04_bs8_drop0p2_temp1p0_a0p25_b0p05__wd1e-04trmiss0_degmodglobal,8,0.0001,0.0001,0.2,1.0,0.25,0.05,lr1e-04_bs8_drop0p2_temp1p0_a0p25_b0p05__wd1e-04trmiss0_degmodglobal,79,0.511765969651086,0.6120553612709045,0.75,0.8794973544973546,0.6923076923076923,0.0,0.37440623130117145,0.44776247654642376,0.1945264967424529,0.30743761360645294,0.0,0.0,0.0,0.0,0.0,18473,global,0.0
5,4,lr1e-04_bs8_drop0p2_temp1p0_a0p25_b0p05__wd1e-04trmiss0_degmodglobal,8,0.0001,0.0001,0.2,1.0,0.25,0.05,lr1e-04_bs8_drop0p2_temp1p0_a0p25_b0p05__wd1e-04trmiss0_degmodglobal,80,0.5015961442674909,0.6085173189640045,0.7777777777777778,0.8870731120731121,0.6923076923076923,0.0,0.3599599812711988,0.42968403015817913,0.22261552938393184,0.3251642499651228,0.0,0.0,0.0,0.0,0.0,18473,global,0.0
5,4,lr1e-04_bs8_drop0p2_temp2p0_a0p25_b0p05__wd1e-04trmiss0_degmodglobal,8,0.0001,0.0001,0.2,2.0,0.25,0.05,lr1e-04_bs8_drop0p2_temp2p0_a0p25_b0p05__wd1e-04trmiss0_degmodglobal,1,0.7078333582196917,0.6546330749988556,0.47222222222222215,0.7874449624449624,0.6153846153846154,0.0,0.7066705482346671,0.6891328862735203,0.04109734722546169,0.16852258252246038,0.0,0.0,0.0,0.0,0.0,18473,global,0.0
5,4,lr1e-04_bs8_drop0p2_temp2p0_a0p25_b0p05__wd1e-04trmiss0_degmodglobal,8,0.0001,0.0001,0.2,2.0,0.25,0.05,lr1e-04_bs8_drop0p2_temp2p0_a0p25_b0p05__wd1e-04trmiss0_degmodglobal,2,0.6545002715928214,0.6555670201778412,0.5555555555555556,0.8198523698523699,0.5384615384615384,0.0,0.6532904165131705,0.6355689167976379,0.04096009103315217,0.1738267248230321,0.0,0.0,0.0,0.0,0.0,18473,global,0.0
5,4,lr1e-04_bs8_drop0p2_temp2p0_a0p25_b0p05__wd1e-04trmiss0_degmodglobal,8,0.0001,0.0001,0.2,2.0,0.25,0.05,lr1e-04_bs8_drop0p2_temp2p0_a0p25_b0p05__wd1e-04trmiss0_degmodglobal,3,0.6284952248845782,0.644273966550827,0.5555555555555556,0.8198523698523699,0.5384615384615384,0.0,0.617851904460362,0.612991852419717,0.036450774275830815,0.12781386503151485,0.0,0.0,0.0,0.0,0.0,18473,global,0.0
5,4,lr1e-04_bs8_drop0p2_temp2p0_a0p25_b0p05__wd1e-04trmiss0_degmodglobal,8,0.0001,0.0001,0.2,2.0,0.25,0.05,lr1e-04_bs8_drop0p2_temp2p0_a0p25_b0p05__wd1e-04trmiss0_degmodglobal,4,0.599465046610151,0.6311158239841461,0.6111111111111112,0.819692036358703,0.6153846153846154,0.0,0.6059151717594692,0.5809700659343174,0.041179229372314045,0.1640037511076246,0.0,0.0,0.0,0.0,0.0,18473,global,0.0
5,4,lr1e-04_bs8_drop0p2_temp2p0_a0p25_b0p05__wd1e-04trmiss0_degmodglobal,8,0.0001,0.0001,0.2,2.0,0.25,0.05,lr1e-04_bs8_drop0p2_temp2p0_a0p25_b0p05__wd1e-04trmiss0_degmodglobal,5,0.6072190744536263,0.6299881041049957,0.5833333333333334,0.8269230769230771,0.6923076923076923,0.0,0.5997799549783979,0.5897624492645264,0.037943919854504723,0.15941279168639863,0.0,0.0,0.0,0.0,0.0,18473,global,0.0
5,4,lr1e-04_bs8_drop0p2_temp2p0_a0p25_b0p05__wd1e-04trmiss0_degmodglobal,8,0.0001,0.0001,0.2,2.0,0.25,0.05,lr1e-04_bs8_drop0p2_temp2p0_a0p25_b0p05__wd1e-04trmiss0_degmodglobal,6,0.5941337176731655,0.6205756664276123,0.6388888888888888,0.8610500610500611,0.6153846153846154,0.0,0.5710280282156808,0.5816142984798977,0.02900730791900839,0.10535174182483129,0.0,0.0,0.0,0.0,0.0,18473,global,0.0
5,4,lr1e-04_bs8_drop0p2_temp2p0_a0p25_b0p05__wd1e-04trmiss0_degmodglobal,8,0.0001,0.0001,0.2,2.0,0.25,0.05,lr1e-04_bs8_drop0p2_temp2p0_a0p25_b0p05__wd1e-04trmiss0_degmodglobal,7,0.5794853823525565,0.6267009079456329,0.6111111111111112,0.838827838827839,0.6153846153846154,0.0,0.5752710955483573,0.5676211203847613,0.026046448786343847,0.10705293395689555,0.0,0.0,0.0,0.0,0.0,18473,global,0.0
5,4,lr1e-04_bs8_drop0p2_temp2p0_a0p25_b0p05__wd1e-04trmiss0_degmodglobal,8,0.0001,0.0001,0.2,2.0,0.25,0.05,lr1e-04_bs8_drop0p2_temp2p0_a0p25_b0p05__wd1e-04trmiss0_degmodglobal,8,0.5770191465105329,0.634721040725708,0.6111111111111112,0.838827838827839,0.5384615384615384,0.0,0.5604782019342694,0.5576055475643703,0.043324299422757964,0.1716508971793311,0.0,0.0,0.0,0.0,0.0,18473,global,0.0
5,4,lr1e-04_bs8_drop0p2_temp2p0_a0p25_b0p05__wd1e-04trmiss0_degmodglobal,8,0.0001,0.0001,0.2,2.0,0.25,0.05,lr1e-04_bs8_drop0p2_temp2p0_a0p25_b0p05__wd1e-04trmiss0_degmodglobal,9,0.6105261359895978,0.6271702945232391,0.6111111111111112,0.838827838827839,0.5384615384615384,0.0,0.601382417338235,0.5946875725473676,0.03638129521693502,0.13486481245074952,0.0,0.0,0.0,0.0,0.0,18473,global,0.0
5,4,lr1e-04_bs8_drop0p2_temp2p0_a0p25_b0p05__wd1e-04trmiss0_degmodglobal,8,0.0001,0.0001,0.2,2.0,0.25,0.05,lr1e-04_bs8_drop0p2_temp2p0_a0p25_b0p05__wd1e-04trmiss0_degmodglobal,10,0.5565003156661987,0.6253197491168976,0.638888888888889,0.8474698141364809,0.6153846153846154,0.0,0.537497763122831,0.5366788719381604,0.04330271322812353,0.17991536855697632,0.0,0.0,0.0,0.0,0.0,18473,global,0.0
5,4,lr1e-04_bs8_drop0p2_temp2p0_a0p25_b0p05__wd1e-04trmiss0_degmodglobal,8,0.0001,0.0001,0.2,2.0,0.25,0.05,lr1e-04_bs8_drop0p2_temp2p0_a0p25_b0p05__wd1e-04trmiss0_degmodglobal,11,0.5356645115784237,0.6126641929149628,0.6666666666666667,0.8645212811879479,0.6153846153846154,0.0,0.5305828537259784,0.5190538125378745,0.03922435401805809,0.1360925425376211,0.0,0.0,0.0,0.0,0.0,18473,global,0.0
5,4,lr1e-04_bs8_drop0p2_temp2p0_a0p25_b0p05__wd1e-04trmiss0_degmodglobal,8,0.0001,0.0001,0.2,2.0,0.25,0.05,lr1e-04_bs8_drop0p2_temp2p0_a0p25_b0p05__wd1e-04trmiss0_degmodglobal,12,0.5646278943334307,0.6149784028530121,0.6388888888888888,0.8264260430927097,0.6153846153846154,0.0,0.5572987454278129,0.5449165616716657,0.042997311002441814,0.17923991062811442,0.0,0.0,0.0,0.0,0.0,18473,global,0.0
5,4,lr1e-04_bs8_drop0p2_temp2p0_a0p25_b0p05__wd1e-04trmiss0_degmodglobal,8,0.0001,0.0001,0.2,2.0,0.25,0.05,lr1e-04_bs8_drop0p2_temp2p0_a0p25_b0p05__wd1e-04trmiss0_degmodglobal,13,0.557353811604636,0.6255489885807037,0.6111111111111112,0.8177840677840678,0.6923076923076923,0.0,0.5293365291186741,0.5390206234795707,0.04165483745081084,0.15838984719344548,0.0,0.0,0.0,0.0,0.0,18473,global,0.0
5,4,lr1e-04_bs8_drop0p2_temp2p0_a0p25_b0p05__wd1e-04trmiss0_degmodglobal,8,0.0001,0.0001,0.2,2.0,0.25,0.05,lr1e-04_bs8_drop0p2_temp2p0_a0p25_b0p05__wd1e-04trmiss0_degmodglobal,14,0.5674655054296766,0.6317569315433502,0.6111111111111112,0.7871572871572872,0.6923076923076923,0.0,0.5590993762016296,0.5512270671980721,0.0348996849996703,0.15027049503156117,0.0,0.0,0.0,0.0,0.0,18473,global,0.0
5,4,lr1e-04_bs8_drop0p2_temp2p0_a0p25_b0p05__wd1e-04trmiss0_degmodglobal,8,0.0001,0.0001,0.2,2.0,0.25,0.05,lr1e-04_bs8_drop0p2_temp2p0_a0p25_b0p05__wd1e-04trmiss0_degmodglobal,15,0.5362189071519035,0.6369923651218414,0.5833333333333333,0.7807470307470308,0.6923076923076923,0.0,0.528782286814281,0.5189851777894157,0.039165757330400605,0.1488455491406577,0.0,0.0,0.0,0.0,0.0,18473,global,0.0
5,4,lr1e-04_bs8_drop0p2_temp2p0_a0p25_b0p05__wd1e-04trmiss0_degmodglobal,8,0.0001,0.0001,0.2,2.0,0.25,0.05,lr1e-04_bs8_drop0p2_temp2p0_a0p25_b0p05__wd1e-04trmiss0_degmodglobal,16,0.5376194715499878,0.6406142711639404,0.5833333333333333,0.7752525252525253,0.6153846153846154,0.0,0.5129099488258362,0.5176841020584106,0.043322229225720675,0.1820961215666362,0.0,0.0,0.0,0.0,0.0,18473,global,0.0
5,4,lr1e-04_bs8_drop0p2_temp2p0_a0p25_b0p05__wd1e-04trmiss0_degmodglobal,8,0.0001,0.0001,0.2,2.0,0.25,0.05,lr1e-04_bs8_drop0p2_temp2p0_a0p25_b0p05__wd1e-04trmiss0_degmodglobal,17,0.5572588571480342,0.6418065130710602,0.6388888888888888,0.8400673400673402,0.6153846153846154,0.0,0.5284426467759269,0.5394826275961739,0.03922833049935954,0.15938295743295125,0.0,0.0,0.0,0.0,0.0,18473,global,0.0
5,4,lr1e-04_bs8_drop0p2_temp2p0_a0p25_b0p05__wd1e-04trmiss0_degmodglobal,8,0.0001,0.0001,0.2,2.0,0.25,0.05,lr1e-04_bs8_drop0p2_temp2p0_a0p25_b0p05__wd1e-04trmiss0_degmodglobal,18,0.5295555719307491,0.6363005936145782,0.6666666666666666,0.851972101972102,0.6923076923076923,0.0,0.5065162394727979,0.512376857655389,0.03845587665481227,0.1512949147394725,0.0,0.0,0.0,0.0,0.0,18473,global,0.0
5,4,lr1e-04_bs8_drop0p2_temp2p0_a0p25_b0p05__wd1e-04trmiss0_degmodglobal,8,0.0001,0.0001,0.2,2.0,0.25,0.05,lr1e-04_bs8_drop0p2_temp2p0_a0p25_b0p05__wd1e-04trmiss0_degmodglobal,19,0.522243972335543,0.6339301764965057,0.6666666666666666,0.851972101972102,0.6923076923076923,0.0,0.5169839007513863,0.5074270367622375,0.03634086437523365,0.11463463359645434,0.0,0.0,0.0,0.0,0.0,18473,global,0.0
5,4,lr1e-04_bs8_drop0p2_temp2p0_a0p25_b0p05__wd1e-04trmiss0_degmodglobal,8,0.0001,0.0001,0.2,2.0,0.25,0.05,lr1e-04_bs8_drop0p2_temp2p0_a0p25_b0p05__wd1e-04trmiss0_degmodglobal,20,0.539357202393668,0.6306259632110596,0.6388888888888888,0.8400673400673402,0.6923076923076923,0.0,0.5003199790205274,0.522921370608466,0.03799409552344254,0.13874611045633042,0.0,0.0,0.0,0.0,0.0,18473,global,0.0
5,4,lr1e-04_bs8_drop0p2_temp2p0_a0p25_b0p05__wd1e-04trmiss0_degmodglobal,8,0.0001,0.0001,0.2,2.0,0.25,0.05,lr1e-04_bs8_drop0p2_temp2p0_a0p25_b0p05__wd1e-04trmiss0_degmodglobal,21,0.5140460729598999,0.6273419559001923,0.6666666666666666,0.851972101972102,0.6923076923076923,0.0,0.4983468013150351,0.4965541660785675,0.040201430075934956,0.14883072887148177,0.0,0.0,0.0,0.0,0.0,18473,global,0.0
5,4,lr1e-04_bs8_drop0p2_temp2p0_a0p25_b0p05__wd1e-04trmiss0_degmodglobal,8,0.0001,0.0001,0.2,2.0,0.25,0.05,lr1e-04_bs8_drop0p2_temp2p0_a0p25_b0p05__wd1e-04trmiss0_degmodglobal,22,0.5133482898984637,0.6255302429199219,0.6666666666666666,0.851972101972102,0.6923076923076923,0.0,0.4944223165512085,0.49530236635889324,0.04078048840165138,0.15701612936598913,0.0,0.0,0.0,0.0,0.0,18473,global,0.0
5,4,lr1e-04_bs8_drop0p2_temp2p0_a0p25_b0p05__wd1e-04trmiss0_degmodglobal,8,0.0001,0.0001,0.2,2.0,0.25,0.05,lr1e-04_bs8_drop0p2_temp2p0_a0p25_b0p05__wd1e-04trmiss0_degmodglobal,23,0.5113851257732936,0.6233707666397095,0.6666666666666666,0.851972101972102,0.6923076923076923,0.0,0.47567029510225567,0.4939759075641632,0.03860276325472763,0.1551704364163535,0.0,0.0,0.0,0.0,0.0,18473,global,0.0
5,4,lr1e-04_bs8_drop0p2_temp2p0_a0p25_b0p05__wd1e-04trmiss0_degmodglobal,8,0.0001,0.0001,0.2,2.0,0.25,0.05,lr1e-04_bs8_drop0p2_temp2p0_a0p25_b0p05__wd1e-04trmiss0_degmodglobal,24,0.521541599716459,0.6262781322002411,0.6666666666666666,0.851972101972102,0.6923076923076923,0.0,0.4903027628149305,0.4984607568808964,0.05601089234863009,0.181562534400395,0.0,0.0,0.0,0.0,0.0,18473,global,0.0
5,4,lr1e-04_bs8_drop0p2_temp2p0_a0p25_b0p05__wd1e-04trmiss0_degmodglobal,8,0.0001,0.0001,0.2,2.0,0.25,0.05,lr1e-04_bs8_drop0p2_temp2p0_a0p25_b0p05__wd1e-04trmiss0_degmodglobal,25,0.507083100931985,0.6233201324939728,0.6388888888888888,0.8400673400673402,0.6923076923076923,0.0,0.46896742071424213,0.4854651008333479,0.05136114518557276,0.17555461930377142,0.0,0.0,0.0,0.0,0.0,18473,global,0.0
5,4,lr1e-04_bs8_drop0p2_temp2p0_a0p25_b0p05__wd1e-04trmiss0_degmodglobal,8,0.0001,0.0001,0.2,2.0,0.25,0.05,lr1e-04_bs8_drop0p2_temp2p0_a0p25_b0p05__wd1e-04trmiss0_degmodglobal,26,0.5023675688675472,0.6229514479637146,0.6388888888888888,0.8400673400673402,0.6923076923076923,0.0,0.45661277004650663,0.4783546541418348,0.055596864383135526,0.20227418733494623,0.0,0.0,0.0,0.0,0.0,18473,global,0.0
5,4,lr1e-04_bs8_drop0p2_temp2p0_a0p25_b0p05__wd1e-04trmiss0_degmodglobal,8,0.0001,0.0001,0.2,2.0,0.25,0.05,lr1e-04_bs8_drop0p2_temp2p0_a0p25_b0p05__wd1e-04trmiss0_degmodglobal,27,0.5058770860944476,0.6250791549682617,0.6388888888888888,0.8400673400673402,0.6923076923076923,0.0,0.46782471026693073,0.4874663991587503,0.043963919792856486,0.14839401841163635,0.0,0.0,0.0,0.0,0.0,18473,global,0.0
5,4,lr1e-04_bs8_drop0p2_temp2p0_a0p25_b0p05__wd1e-04trmiss0_degmodglobal,8,0.0001,0.0001,0.2,2.0,0.25,0.05,lr1e-04_bs8_drop0p2_temp2p0_a0p25_b0p05__wd1e-04trmiss0_degmodglobal,28,0.5048826507159642,0.6279056668281555,0.6388888888888888,0.8400673400673402,0.6923076923076923,0.0,0.48484158515930176,0.48508363536425997,0.04673094195978982,0.1623257196375302,0.0,0.0,0.0,0.0,0.0,18473,global,0.0
5,4,lr1e-04_bs8_drop0p2_temp2p0_a0p25_b0p05__wd1e-04trmiss0_degmodglobal,8,0.0001,0.0001,0.2,2.0,0.25,0.05,lr1e-04_bs8_drop0p2_temp2p0_a0p25_b0p05__wd1e-04trmiss0_degmodglobal,29,0.5205764429909843,0.629242867231369,0.6111111111111112,0.8308080808080809,0.6923076923076923,0.0,0.4759820784841265,0.4938859556402479,0.06196164180125509,0.22400165562118804,0.0,0.0,0.0,0.0,0.0,18473,global,0.0
5,4,lr1e-04_bs8_drop0p2_temp2p0_a0p25_b0p05__wd1e-04trmiss0_degmodglobal,8,0.0001,0.0001,0.2,2.0,0.25,0.05,lr1e-04_bs8_drop0p2_temp2p0_a0p25_b0p05__wd1e-04trmiss0_degmodglobal,30,0.5183748134544918,0.625990092754364,0.6666666666666667,0.8622895622895623,0.6153846153846154,0.0,0.5064429938793182,0.502462557383946,0.03621208082352366,0.13718488812446594,0.0,0.0,0.0,0.0,0.0,18473,global,0.0
5,4,lr1e-04_bs8_drop0p2_temp2p0_a0p25_b0p05__wd1e-04trmiss0_degmodglobal,8,0.0001,0.0001,0.2,2.0,0.25,0.05,lr1e-04_bs8_drop0p2_temp2p0_a0p25_b0p05__wd1e-04trmiss0_degmodglobal,31,0.4939130757536207,0.6154574751853943,0.6944444444444444,0.8741943241943244,0.6923076923076923,0.0,0.4618719688483647,0.4805821606091091,0.03252880009157317,0.10397431041513171,0.0,0.0,0.0,0.0,0.0,18473,global,0.0
5,4,lr1e-04_bs8_drop0p2_temp2p0_a0p25_b0p05__wd1e-04trmiss0_degmodglobal,8,0.0001,0.0001,0.2,2.0,0.25,0.05,lr1e-04_bs8_drop0p2_temp2p0_a0p25_b0p05__wd1e-04trmiss0_degmodglobal,32,0.5050038354737418,0.6145189702510834,0.6944444444444444,0.8741943241943244,0.6923076923076923,0.0,0.464064074414117,0.4775916848863874,0.06610161651458059,0.21773504785129003,0.0,0.0,0.0,0.0,0.0,18473,global,0.0
5,4,lr1e-04_bs8_drop0p2_temp2p0_a0p25_b0p05__wd1e-04trmiss0_degmodglobal,8,0.0001,0.0001,0.2,2.0,0.25,0.05,lr1e-04_bs8_drop0p2_temp2p0_a0p25_b0p05__wd1e-04trmiss0_degmodglobal,33,0.5035509935447148,0.6182529926300049,0.6944444444444444,0.8741943241943244,0.6923076923076923,0.0,0.4629222069467817,0.4831883864743369,0.050831440304006846,0.15309496436800277,0.0,0.0,0.0,0.0,0.0,18473,global,0.0
5,4,lr1e-04_bs8_drop0p2_temp2p0_a0p25_b0p05__wd1e-04trmiss0_degmodglobal,8,0.0001,0.0001,0.2,2.0,0.25,0.05,lr1e-04_bs8_drop0p2_temp2p0_a0p25_b0p05__wd1e-04trmiss0_degmodglobal,34,0.5011963375977108,0.6161910891532898,0.6944444444444444,0.8741943241943244,0.6923076923076923,0.0,0.44142779282161165,0.4773924606187003,0.05500773952475616,0.20103876292705536,0.0,0.0,0.0,0.0,0.0,18473,global,0.0
5,4,lr1e-04_bs8_drop0p2_temp2p0_a0p25_b0p05__wd1e-04trmiss0_degmodglobal,8,0.0001,0.0001,0.2,2.0,0.25,0.05,lr1e-04_bs8_drop0p2_temp2p0_a0p25_b0p05__wd1e-04trmiss0_degmodglobal,35,0.5039992460182735,0.6171617805957794,0.6944444444444444,0.8741943241943244,0.6153846153846154,0.0,0.4574903590338571,0.48605442472866606,0.04366316247199263,0.14058065201554978,0.0,0.0,0.0,0.0,0.0,18473,global,0.0
5,4,lr1e-04_bs8_drop0p2_temp2p0_a0p25_b0p05__wd1e-04trmiss0_degmodglobal,8,0.0001,0.0001,0.2,2.0,0.25,0.05,lr1e-04_bs8_drop0p2_temp2p0_a0p25_b0p05__wd1e-04trmiss0_degmodglobal,36,0.5215667699064527,0.6247592270374298,0.6666666666666666,0.851972101972102,0.6153846153846154,0.0,0.45170081087521147,0.49551112736974445,0.06318655663302966,0.20518022349902562,0.0,0.0,0.0,0.0,0.0,18473,global,0.0
5,4,lr1e-04_bs8_drop0p2_temp2p0_a0p25_b0p05__wd1e-04trmiss0_degmodglobal,8,0.0001,0.0001,0.2,2.0,0.25,0.05,lr1e-04_bs8_drop0p2_temp2p0_a0p25_b0p05__wd1e-04trmiss0_degmodglobal,37,0.5204045985426221,0.6214354038238525,0.6666666666666666,0.851972101972102,0.6923076923076923,0.0,0.4655473402568272,0.4998998131070818,0.04884702978389604,0.16586044004985265,0.0,0.0,0.0,0.0,0.0,18473,global,0.0
5,4,lr1e-04_bs8_drop0p2_temp2p0_a0p25_b0p05__wd1e-04trmiss0_degmodglobal,8,0.0001,0.0001,0.2,2.0,0.25,0.05,lr1e-04_bs8_drop0p2_temp2p0_a0p25_b0p05__wd1e-04trmiss0_degmodglobal,38,0.5082709406103406,0.6215286254882812,0.6944444444444444,0.8741943241943244,0.6923076923076923,0.0,0.452671080827713,0.4894065260887146,0.045164266867297034,0.15146690607070923,0.0,0.0,0.0,0.0,0.0,18473,global,0.0
5,4,lr1e-04_bs8_drop0p2_temp2p0_a0p25_b0p05__wd1e-04trmiss0_degmodglobal,8,0.0001,0.0001,0.2,2.0,0.25,0.05,lr1e-04_bs8_drop0p2_temp2p0_a0p25_b0p05__wd1e-04trmiss0_degmodglobal,39,0.4936964384147099,0.6267346441745758,0.6944444444444444,0.8741943241943244,0.6153846153846154,0.0,0.43534184779439655,0.4718742370605469,0.05170263669320515,0.17793099688632147,0.0,0.0,0.0,0.0,0.0,18473,global,0.0
5,4,lr1e-04_bs8_drop0p2_temp2p0_a0p25_b0p05__wd1e-04trmiss0_degmodglobal,8,0.0001,0.0001,0.2,2.0,0.25,0.05,lr1e-04_bs8_drop0p2_temp2p0_a0p25_b0p05__wd1e-04trmiss0_degmodglobal,40,0.48667640345437185,0.6253334879875183,0.6666666666666666,0.851972101972102,0.6153846153846154,0.0,0.4313090997082846,0.4651149553912027,0.05210887401231697,0.17068461435181753,0.0,0.0,0.0,0.0,0.0,18473,global,0.0
5,4,lr1e-04_bs8_drop0p2_temp2p0_a0p25_b0p05__wd1e-04trmiss0_degmodglobal,8,0.0001,0.0001,0.2,2.0,0.25,0.05,lr1e-04_bs8_drop0p2_temp2p0_a0p25_b0p05__wd1e-04trmiss0_degmodglobal,41,0.5132694372109005,0.6213627457618713,0.6388888888888888,0.8241943241943244,0.6923076923076923,0.0,0.42849049397877287,0.48469002757753643,0.06985294366521495,0.22232361563614436,0.0,0.0,0.0,0.0,0.0,18473,global,0.0
5,4,lr1e-04_bs8_drop0p2_temp2p0_a0p25_b0p05__wd1e-04trmiss0_degmodglobal,8,0.0001,0.0001,0.2,2.0,0.25,0.05,lr1e-04_bs8_drop0p2_temp2p0_a0p25_b0p05__wd1e-04trmiss0_degmodglobal,42,0.5078342131205967,0.6208935976028442,0.6388888888888888,0.8241943241943244,0.6923076923076923,0.0,0.41850898947034565,0.4790084532329014,0.0690971493188824,0.2310296201280185,0.0,0.0,0.0,0.0,0.0,18473,global,0.0
5,4,lr1e-04_bs8_drop0p2_temp2p0_a0p25_b0p05__wd1e-04trmiss0_degmodglobal,8,0.0001,0.0001,0.2,2.0,0.25,0.05,lr1e-04_bs8_drop0p2_temp2p0_a0p25_b0p05__wd1e-04trmiss0_degmodglobal,43,0.5073249765804836,0.6209356486797333,0.6666666666666666,0.851972101972102,0.6923076923076923,0.0,0.43696329423359465,0.4756761831896646,0.07364298775792122,0.264760713492121,0.0,0.0,0.0,0.0,0.0,18473,global,0.0
5,4,lr1e-04_bs8_drop0p2_temp2p0_a0p25_b0p05__wd1e-04trmiss0_degmodglobal,8,0.0001,0.0001,0.2,2.0,0.25,0.05,lr1e-04_bs8_drop0p2_temp2p0_a0p25_b0p05__wd1e-04trmiss0_degmodglobal,44,0.4950986291681017,0.6201795935630798,0.6666666666666666,0.851972101972102,0.6923076923076923,0.0,0.42358908908707754,0.4702947012015751,0.05726057503904615,0.2097757767353739,0.0,0.0,0.0,0.0,0.0,18473,global,0.0
5,4,lr1e-04_bs8_drop0p2_temp2p0_a0p25_b0p05__wd1e-04trmiss0_degmodglobal,8,0.0001,0.0001,0.2,2.0,0.25,0.05,lr1e-04_bs8_drop0p2_temp2p0_a0p25_b0p05__wd1e-04trmiss0_degmodglobal,45,0.5225921017783028,0.6232913732528687,0.6388888888888888,0.8241943241943244,0.6923076923076923,0.0,0.43357062339782715,0.492891469172069,0.07359106945140022,0.22605713989053453,0.0,0.0,0.0,0.0,0.0,18473,global,0.0
5,4,lr1e-04_bs8_drop0p2_temp2p0_a0p25_b0p05__wd1e-04trmiss0_degmodglobal,8,0.0001,0.0001,0.2,2.0,0.25,0.05,lr1e-04_bs8_drop0p2_temp2p0_a0p25_b0p05__wd1e-04trmiss0_degmodglobal,46,0.4923963419028691,0.6232752501964569,0.6666666666666666,0.851972101972102,0.6923076923076923,0.0,0.4447399548121861,0.4687758002962385,0.05506375857761928,0.1970919987985066,0.0,0.0,0.0,0.0,0.0,18473,global,0.0
5,4,lr1e-04_bs8_drop0p2_temp2p0_a0p25_b0p05__wd1e-04trmiss0_degmodglobal,8,0.0001,0.0001,0.2,2.0,0.25,0.05,lr1e-04_bs8_drop0p2_temp2p0_a0p25_b0p05__wd1e-04trmiss0_degmodglobal,47,0.5108066541807992,0.623824805021286,0.6388888888888888,0.8400673400673402,0.6923076923076923,0.0,0.4607096569878714,0.4889650728021349,0.0520559698343277,0.1765520657811846,0.0,0.0,0.0,0.0,0.0,18473,global,0.0
5,4,lr1e-04_bs8_drop0p2_temp2p0_a0p25_b0p05__wd1e-04trmiss0_degmodglobal,8,0.0001,0.0001,0.2,2.0,0.25,0.05,lr1e-04_bs8_drop0p2_temp2p0_a0p25_b0p05__wd1e-04trmiss0_degmodglobal,48,0.5066914686134883,0.6213811635971069,0.6388888888888888,0.8400673400673402,0.6923076923076923,0.0,0.43565772686685833,0.4809030294418335,0.06042984127998352,0.2136196025780269,0.0,0.0,0.0,0.0,0.0,18473,global,0.0
5,4,lr1e-04_bs8_drop0p2_temp2p0_a0p25_b0p05__wd1e-04trmiss0_degmodglobal,8,0.0001,0.0001,0.2,2.0,0.25,0.05,lr1e-04_bs8_drop0p2_temp2p0_a0p25_b0p05__wd1e-04trmiss0_degmodglobal,49,0.5266935782773154,0.622176319360733,0.6111111111111112,0.8122895622895623,0.6923076923076923,0.0,0.44364304627691,0.4996897450515202,0.06634976129446711,0.2083279054079737,0.0,0.0,0.0,0.0,0.0,18473,global,0.0
5,4,lr1e-04_bs8_drop0p2_temp2p0_a0p25_b0p05__wd1e-04trmiss0_degmodglobal,8,0.0001,0.0001,0.2,2.0,0.25,0.05,lr1e-04_bs8_drop0p2_temp2p0_a0p25_b0p05__wd1e-04trmiss0_degmodglobal,50,0.5147371930735452,0.6241911053657532,0.6388888888888888,0.8241943241943244,0.6923076923076923,0.0,0.4103801889078958,0.47682952880859375,0.09539025596209935,0.2812019394976752,0.0,0.0,0.0,0.0,0.0,18473,global,0.0
5,4,lr1e-04_bs8_drop0p2_temp2p0_a0p25_b0p05__wd1e-04trmiss0_degmodglobal,8,0.0001,0.0001,0.2,2.0,0.25,0.05,lr1e-04_bs8_drop0p2_temp2p0_a0p25_b0p05__wd1e-04trmiss0_degmodglobal,51,0.5282946739877973,0.6265968382358551,0.5833333333333334,0.8030303030303032,0.6153846153846154,0.0,0.45387305106435505,0.5010464021137783,0.06517934346837657,0.21906872200114386,0.0,0.0,0.0,0.0,0.0,18473,global,0.0
5,4,lr1e-04_bs8_drop0p2_temp2p0_a0p25_b0p05__wd1e-04trmiss0_degmodglobal,8,0.0001,0.0001,0.2,2.0,0.25,0.05,lr1e-04_bs8_drop0p2_temp2p0_a0p25_b0p05__wd1e-04trmiss0_degmodglobal,52,0.49279908197266714,0.6243830025196075,0.6388888888888888,0.8241943241943244,0.6923076923076923,0.0,0.42429007802690777,0.46727297987256733,0.06189811948154654,0.20103120165211813,0.0,0.0,0.0,0.0,0.0,18473,global,0.0
5,4,lr1e-04_bs8_drop0p4_temp1p0_a0p25_b0p05__wd1e-04trmiss0_degmodglobal,8,0.0001,0.0001,0.4,1.0,0.25,0.05,lr1e-04_bs8_drop0p4_temp1p0_a0p25_b0p05__wd1e-04trmiss0_degmodglobal,1,0.7377877576010567,0.6451696157455444,0.8333333333333333,0.9301146384479719,0.8461538461538461,0.0,0.7293899399893624,0.7080882872853961,0.07608294008033616,0.21357459894248418,0.0,0.0,0.0,0.0,0.0,18473,global,0.0
5,4,lr1e-04_bs8_drop0p4_temp1p0_a0p25_b0p05__wd1e-04trmiss0_degmodglobal,8,0.0001,0.0001,0.4,1.0,0.25,0.05,lr1e-04_bs8_drop0p4_temp1p0_a0p25_b0p05__wd1e-04trmiss0_degmodglobal,2,0.7268126010894775,0.6233041882514954,0.9166666666666666,0.9722222222222223,0.8461538461538461,0.0,0.7319408144269671,0.6983413185392108,0.07233499682375363,0.20775047689676285,0.0,0.0,0.0,0.0,0.0,18473,global,0.0
5,4,lr1e-04_bs8_drop0p4_temp1p0_a0p25_b0p05__wd1e-04trmiss0_degmodglobal,8,0.0001,0.0001,0.4,1.0,0.25,0.05,lr1e-04_bs8_drop0p4_temp1p0_a0p25_b0p05__wd1e-04trmiss0_degmodglobal,3,0.6815590603010995,0.606770932674408,0.9166666666666666,0.9722222222222223,0.8461538461538461,0.0,0.6976731504712786,0.6655392731939044,0.039526783994265964,0.12276166783911842,0.0,0.0,0.0,0.0,0.0,18473,global,0.0
5,4,lr1e-04_bs8_drop0p4_temp1p0_a0p25_b0p05__wd1e-04trmiss0_degmodglobal,8,0.0001,0.0001,0.4,1.0,0.25,0.05,lr1e-04_bs8_drop0p4_temp1p0_a0p25_b0p05__wd1e-04trmiss0_degmodglobal,4,0.6641866053853717,0.6073810160160065,0.8611111111111112,0.9500000000000002,0.7692307692307693,0.0,0.6502012695584979,0.6413610236985343,0.060759064342294423,0.15271601400205068,0.0,0.0,0.0,0.0,0.0,18473,global,0.0
5,4,lr1e-04_bs8_drop0p4_temp1p0_a0p25_b0p05__wd1e-04trmiss0_degmodglobal,8,0.0001,0.0001,0.4,1.0,0.25,0.05,lr1e-04_bs8_drop0p4_temp1p0_a0p25_b0p05__wd1e-04trmiss0_degmodglobal,5,0.6652788349560329,0.6129500865936279,0.7777777777777777,0.9094356261022929,0.7692307692307693,0.0,0.6543399947030204,0.647129910332816,0.04898803521479879,0.1180384446467672,0.0,0.0,0.0,0.0,0.0,18473,global,0.0
5,4,lr1e-04_bs8_drop0p4_temp1p0_a0p25_b0p05__wd1e-04trmiss0_degmodglobal,8,0.0001,0.0001,0.4,1.0,0.25,0.05,lr1e-04_bs8_drop0p4_temp1p0_a0p25_b0p05__wd1e-04trmiss0_degmodglobal,6,0.6545342462403434,0.6107563674449921,0.8055555555555556,0.9253086419753087,0.6923076923076923,0.0,0.6650697844369071,0.6338922466550555,0.0522876392517771,0.15140168794563838,0.0,0.0,0.0,0.0,0.0,18473,global,0.0
5,4,lr1e-04_bs8_drop0p4_temp1p0_a0p25_b0p05__wd1e-04trmiss0_degmodglobal,8,0.0001,0.0001,0.4,1.0,0.25,0.05,lr1e-04_bs8_drop0p4_temp1p0_a0p25_b0p05__wd1e-04trmiss0_degmodglobal,7,0.6509535482951573,0.604660838842392,0.8055555555555556,0.9253086419753087,0.7692307692307693,0.0,0.6624604037829808,0.6308120659419468,0.05673596795116152,0.1191497812313693,0.0,0.0,0.0,0.0,0.0,18473,global,0.0
5,4,lr1e-04_bs8_drop0p4_temp1p0_a0p25_b0p05__wd1e-04trmiss0_degmodglobal,8,0.0001,0.0001,0.4,1.0,0.25,0.05,lr1e-04_bs8_drop0p4_temp1p0_a0p25_b0p05__wd1e-04trmiss0_degmodglobal,8,0.6282646400587899,0.6023819744586945,0.861111111111111,0.9459876543209877,0.7692307692307693,0.0,0.624411770275661,0.605122583253043,0.05868455874068396,0.1694184829081808,0.0,0.0,0.0,0.0,0.0,18473,global,0.0
5,4,lr1e-04_bs8_drop0p4_temp1p0_a0p25_b0p05__wd1e-04trmiss0_degmodglobal,8,0.0001,0.0001,0.4,1.0,0.25,0.05,lr1e-04_bs8_drop0p4_temp1p0_a0p25_b0p05__wd1e-04trmiss0_degmodglobal,9,0.6371108634131295,0.6177595555782318,0.7777777777777777,0.9094356261022929,0.6923076923076923,0.0,0.6106430973325457,0.6127674324171883,0.06943572365811893,0.1396899480106575,0.0,0.0,0.0,0.0,0.0,18473,global,0.0
5,4,lr1e-04_bs8_drop0p4_temp1p0_a0p25_b0p05__wd1e-04trmiss0_degmodglobal,8,0.0001,0.0001,0.4,1.0,0.25,0.05,lr1e-04_bs8_drop0p4_temp1p0_a0p25_b0p05__wd1e-04trmiss0_degmodglobal,10,0.6144096340451922,0.6059686839580536,0.75,0.8909171075837743,0.7692307692307693,0.0,0.6079656907490322,0.5925331456320626,0.05681408515998295,0.15345931904656546,0.0,0.0,0.0,0.0,0.0,18473,global,0.0
5,4,lr1e-04_bs8_drop0p4_temp1p0_a0p25_b0p05__wd1e-04trmiss0_degmodglobal,8,0.0001,0.0001,0.4,1.0,0.25,0.05,lr1e-04_bs8_drop0p4_temp1p0_a0p25_b0p05__wd1e-04trmiss0_degmodglobal,11,0.6283783146313259,0.6073206067085266,0.75,0.8909171075837743,0.7692307692307693,0.0,0.6293217624936785,0.6006024394716535,0.07518191635608673,0.17960795015096664,0.0,0.0,0.0,0.0,0.0,18473,global,0.0
5,4,lr1e-04_bs8_drop0p4_temp1p0_a0p25_b0p05__wd1e-04trmiss0_degmodglobal,8,0.0001,0.0001,0.4,1.0,0.25,0.05,lr1e-04_bs8_drop0p4_temp1p0_a0p25_b0p05__wd1e-04trmiss0_degmodglobal,12,0.598976365157536,0.6079844534397125,0.75,0.8909171075837743,0.6923076923076923,0.0,0.6153245994022915,0.5701508436884198,0.08642525225877762,0.1443842388689518,0.0,0.0,0.0,0.0,0.0,18473,global,0.0
5,4,lr1e-04_bs8_drop0p4_temp1p0_a0p25_b0p05__wd1e-04trmiss0_degmodglobal,8,0.0001,0.0001,0.4,1.0,0.25,0.05,lr1e-04_bs8_drop0p4_temp1p0_a0p25_b0p05__wd1e-04trmiss0_degmodglobal,13,0.6066748414720807,0.6098704934120178,0.75,0.8909171075837743,0.6923076923076923,0.0,0.6104462146759033,0.5810154931885856,0.07269844466022082,0.14969475248030253,0.0,0.0,0.0,0.0,0.0,18473,global,0.0
5,4,lr1e-04_bs8_drop0p4_temp1p0_a0p25_b0p05__wd1e-04trmiss0_degmodglobal,8,0.0001,0.0001,0.4,1.0,0.25,0.05,lr1e-04_bs8_drop0p4_temp1p0_a0p25_b0p05__wd1e-04trmiss0_degmodglobal,14,0.5727426622595105,0.6082465350627899,0.75,0.8909171075837743,0.6923076923076923,0.0,0.6148468852043152,0.5429912252085549,0.07559141676340785,0.21707172798258917,0.0,0.0,0.0,0.0,0.0,18473,global,0.0
5,4,lr1e-04_bs8_drop0p4_temp1p0_a0p25_b0p05__wd1e-04trmiss0_degmodglobal,8,0.0001,0.0001,0.4,1.0,0.25,0.05,lr1e-04_bs8_drop0p4_temp1p0_a0p25_b0p05__wd1e-04trmiss0_degmodglobal,15,0.6144454053470066,0.6003069579601288,0.75,0.8909171075837743,0.6923076923076923,0.0,0.6020276546478271,0.5859260218484061,0.07234479619988374,0.2086637882249696,0.0,0.0,0.0,0.0,0.0,18473,global,0.0
5,4,lr1e-04_bs8_drop0p4_temp1p0_a0p25_b0p05__wd1e-04trmiss0_degmodglobal,8,0.0001,0.0001,0.4,1.0,0.25,0.05,lr1e-04_bs8_drop0p4_temp1p0_a0p25_b0p05__wd1e-04trmiss0_degmodglobal,16,0.5799140589577811,0.5969860851764679,0.7777777777777777,0.9094356261022929,0.7692307692307693,0.0,0.5997618181364877,0.5528188390391213,0.07233357535941261,0.1802361990724291,0.0,0.0,0.0,0.0,0.0,18473,global,0.0
5,4,lr1e-04_bs8_drop0p4_temp1p0_a0p25_b0p05__wd1e-04trmiss0_degmodglobal,8,0.0001,0.0001,0.4,1.0,0.25,0.05,lr1e-04_bs8_drop0p4_temp1p0_a0p25_b0p05__wd1e-04trmiss0_degmodglobal,17,0.6073139650481088,0.6135208010673523,0.7777777777777777,0.9094356261022929,0.6153846153846154,0.0,0.5902245555605207,0.5810434647968837,0.06405629856245858,0.20512843770640238,0.0,0.0,0.0,0.0,0.0,18473,global,0.0
5,4,lr1e-04_bs8_drop0p4_temp1p0_a0p25_b0p05__wd1e-04trmiss0_degmodglobal,8,0.0001,0.0001,0.4,1.0,0.25,0.05,lr1e-04_bs8_drop0p4_temp1p0_a0p25_b0p05__wd1e-04trmiss0_degmodglobal,18,0.5925546033041817,0.6068044602870941,0.8055555555555556,0.9170113836780505,0.6153846153846154,0.0,0.5946753621101379,0.566450263772692,0.07032852034483637,0.17044406543884957,0.0,0.0,0.0,0.0,0.0,18473,global,0.0
5,4,lr1e-04_bs8_drop0p4_temp1p0_a0p25_b0p05__wd1e-04trmiss0_degmodglobal,8,0.0001,0.0001,0.4,1.0,0.25,0.05,lr1e-04_bs8_drop0p4_temp1p0_a0p25_b0p05__wd1e-04trmiss0_degmodglobal,19,0.6011943561690194,0.6020772457122803,0.8055555555555556,0.9170113836780505,0.6153846153846154,0.0,0.6262582625661578,0.5738870756966727,0.07219033102904047,0.185193803693567,0.0,0.0,0.0,0.0,0.0,18473,global,0.0
5,4,lr1e-04_bs8_drop0p4_temp1p0_a0p25_b0p05__wd1e-04trmiss0_degmodglobal,8,0.0001,0.0001,0.4,1.0,0.25,0.05,lr1e-04_bs8_drop0p4_temp1p0_a0p25_b0p05__wd1e-04trmiss0_degmodglobal,20,0.5729600276265826,0.5895589888095856,0.8333333333333333,0.9328843995510663,0.6923076923076923,0.0,0.6083044324602399,0.5390816586358207,0.09123548546007701,0.2213899035538946,0.0,0.0,0.0,0.0,0.0,18473,global,0.0
5,4,lr1e-04_bs8_drop0p4_temp1p0_a0p25_b0p05__wd1e-04trmiss0_degmodglobal,8,0.0001,0.0001,0.4,1.0,0.25,0.05,lr1e-04_bs8_drop0p4_temp1p0_a0p25_b0p05__wd1e-04trmiss0_degmodglobal,21,0.5889998418944222,0.5921447575092316,0.8611111111111112,0.9500000000000002,0.8461538461538461,0.0,0.6031371355056763,0.5602356706346784,0.07617517401065145,0.19440772557365044,0.0,0.0,0.0,0.0,0.0,18473,global,0.0
5,4,lr1e-04_bs8_drop0p4_temp1p0_a0p25_b0p05__wd1e-04trmiss0_degmodglobal,8,0.0001,0.0001,0.4,1.0,0.25,0.05,lr1e-04_bs8_drop0p4_temp1p0_a0p25_b0p05__wd1e-04trmiss0_degmodglobal,22,0.6020571504320417,0.5914654433727264,0.8888888888888888,0.9598765432098768,0.8461538461538461,0.0,0.5976719856262207,0.5724425571305412,0.07597930197204862,0.2123955339193344,0.0,0.0,0.0,0.0,0.0,18473,global,0.0
5,4,lr1e-04_bs8_drop0p4_temp1p0_a0p25_b0p05__wd1e-04trmiss0_degmodglobal,8,0.0001,0.0001,0.4,1.0,0.25,0.05,lr1e-04_bs8_drop0p4_temp1p0_a0p25_b0p05__wd1e-04trmiss0_degmodglobal,23,0.5926881432533264,0.589633047580719,0.9166666666666666,0.9722222222222223,0.7692307692307693,0.0,0.5945811995438167,0.5620688199996948,0.0771128780075482,0.22682179297719682,0.0,0.0,0.0,0.0,0.0,18473,global,0.0
5,4,lr1e-04_bs8_drop0p4_temp1p0_a0p25_b0p05__wd1e-04trmiss0_degmodglobal,8,0.0001,0.0001,0.4,1.0,0.25,0.05,lr1e-04_bs8_drop0p4_temp1p0_a0p25_b0p05__wd1e-04trmiss0_degmodglobal,24,0.5872607827186584,0.5894406735897064,0.861111111111111,0.9459876543209877,0.6923076923076923,0.0,0.5662037219320025,0.5565677114895412,0.08152130991220474,0.2062549889087677,0.0,0.0,0.0,0.0,0.0,18473,global,0.0
5,4,lr1e-04_bs8_drop0p4_temp1p0_a0p25_b0p05__wd1e-04trmiss0_degmodglobal,8,0.0001,0.0001,0.4,1.0,0.25,0.05,lr1e-04_bs8_drop0p4_temp1p0_a0p25_b0p05__wd1e-04trmiss0_degmodglobal,25,0.5898269755499703,0.5922101736068726,0.8333333333333333,0.9361111111111113,0.6923076923076923,0.0,0.5864670361791339,0.5585154550416129,0.07903674298099109,0.2310468288404601,0.0,0.0,0.0,0.0,0.0,18473,global,0.0
5,4,lr1e-04_bs8_drop0p4_temp1p0_a0p25_b0p05__wd1e-04trmiss0_degmodglobal,8,0.0001,0.0001,0.4,1.0,0.25,0.05,lr1e-04_bs8_drop0p4_temp1p0_a0p25_b0p05__wd1e-04trmiss0_degmodglobal,26,0.5782283970287868,0.6000684499740601,0.8055555555555556,0.9253086419753087,0.6153846153846154,0.0,0.5884576610156468,0.5532819841589246,0.06379246658512525,0.17996585156236375,0.0,0.0,0.0,0.0,0.0,18473,global,0.0
5,4,lr1e-04_bs8_drop0p4_temp1p0_a0p25_b0p05__wd1e-04trmiss0_degmodglobal,8,0.0001,0.0001,0.4,1.0,0.25,0.05,lr1e-04_bs8_drop0p4_temp1p0_a0p25_b0p05__wd1e-04trmiss0_degmodglobal,27,0.5835870163781303,0.6072695553302765,0.8055555555555556,0.9253086419753087,0.6153846153846154,0.0,0.572321321283068,0.5543458972658429,0.07685698036636625,0.20053737184831075,0.0,0.0,0.0,0.0,0.0,18473,global,0.0
5,4,lr1e-04_bs8_drop0p4_temp1p0_a0p25_b0p05__wd1e-04trmiss0_degmodglobal,8,0.0001,0.0001,0.4,1.0,0.25,0.05,lr1e-04_bs8_drop0p4_temp1p0_a0p25_b0p05__wd1e-04trmiss0_degmodglobal,28,0.5751568675041199,0.606047660112381,0.8055555555555556,0.9253086419753087,0.6153846153846154,0.0,0.595934339932033,0.5489571946007865,0.06620487783636365,0.19296908591474807,0.0,0.0,0.0,0.0,0.0,18473,global,0.0
5,4,lr1e-04_bs8_drop0p4_temp1p0_a0p25_b0p05__wd1e-04trmiss0_degmodglobal,8,0.0001,0.0001,0.4,1.0,0.25,0.05,lr1e-04_bs8_drop0p4_temp1p0_a0p25_b0p05__wd1e-04trmiss0_degmodglobal,29,0.5638743553842817,0.6063889265060425,0.8055555555555556,0.9253086419753087,0.6153846153846154,0.0,0.5913046087537494,0.5424277612141201,0.054871439933776855,0.15457466138260706,0.0,0.0,0.0,0.0,0.0,18473,global,0.0
5,4,lr1e-04_bs8_drop0p4_temp1p0_a0p25_b0p05__wd1e-04trmiss0_degmodglobal,8,0.0001,0.0001,0.4,1.0,0.25,0.05,lr1e-04_bs8_drop0p4_temp1p0_a0p25_b0p05__wd1e-04trmiss0_degmodglobal,30,0.5753527453967503,0.6002186238765717,0.8055555555555556,0.9253086419753087,0.6153846153846154,0.0,0.5821973936898368,0.5508196353912354,0.0593905725649425,0.1937095129064151,0.0,0.0,0.0,0.0,0.0,18473,global,0.0
5,4,lr1e-04_bs8_drop0p4_temp1p0_a0p25_b0p05__wd1e-04trmiss0_degmodglobal,8,0.0001,0.0001,0.4,1.0,0.25,0.05,lr1e-04_bs8_drop0p4_temp1p0_a0p25_b0p05__wd1e-04trmiss0_degmodglobal,31,0.5867097292627607,0.5877867341041565,0.8055555555555556,0.9253086419753087,0.6923076923076923,0.0,0.5907820974077497,0.553710767201015,0.08556412213615008,0.2321589147405965,0.0,0.0,0.0,0.0,0.0,18473,global,0.0
5,4,lr1e-04_bs8_drop0p4_temp1p0_a0p25_b0p05__wd1e-04trmiss0_degmodglobal,8,0.0001,0.0001,0.4,1.0,0.25,0.05,lr1e-04_bs8_drop0p4_temp1p0_a0p25_b0p05__wd1e-04trmiss0_degmodglobal,32,0.5772621844496045,0.5942776501178741,0.8055555555555556,0.9253086419753087,0.6923076923076923,0.0,0.5691502860614231,0.5506250262260437,0.06775977888277598,0.19394409975835256,0.0,0.0,0.0,0.0,0.0,18473,global,0.0
5,4,lr1e-04_bs8_drop0p4_temp1p0_a0p25_b0p05__wd1e-04trmiss0_degmodglobal,8,0.0001,0.0001,0.4,1.0,0.25,0.05,lr1e-04_bs8_drop0p4_temp1p0_a0p25_b0p05__wd1e-04trmiss0_degmodglobal,33,0.550578100340707,0.5883941948413849,0.8888888888888888,0.9535634118967453,0.7692307692307693,0.0,0.558755236012595,0.5258714769567762,0.06737091019749641,0.1572781183889934,0.0,0.0,0.0,0.0,0.0,18473,global,0.0
5,4,lr1e-04_bs8_drop0p4_temp1p0_a0p25_b0p05__wd1e-04trmiss0_degmodglobal,8,0.0001,0.0001,0.4,1.0,0.25,0.05,lr1e-04_bs8_drop0p4_temp1p0_a0p25_b0p05__wd1e-04trmiss0_degmodglobal,34,0.5535609126091003,0.5947458446025848,0.8611111111111112,0.9436868686868689,0.7692307692307693,0.0,0.5737971067428589,0.5170654399054391,0.09125869987266404,0.2736158200672695,0.0,0.0,0.0,0.0,0.0,18473,global,0.0
5,4,lr1e-04_bs8_drop0p4_temp1p0_a0p25_b0p05__wd1e-04trmiss0_degmodglobal,8,0.0001,0.0001,0.4,1.0,0.25,0.05,lr1e-04_bs8_drop0p4_temp1p0_a0p25_b0p05__wd1e-04trmiss0_degmodglobal,35,0.5888755193778447,0.5945159792900085,0.9166666666666666,0.9674523007856344,0.7692307692307693,0.0,0.5950464180537632,0.5624603373663766,0.0688777140208653,0.1839152436171259,0.0,0.0,0.0,0.0,0.0,18473,global,0.0
5,4,lr1e-04_bs8_drop0p4_temp1p0_a0p25_b0p05__wd1e-04trmiss0_degmodglobal,8,0.0001,0.0001,0.4,1.0,0.25,0.05,lr1e-04_bs8_drop0p4_temp1p0_a0p25_b0p05__wd1e-04trmiss0_degmodglobal,36,0.5474832696574075,0.5921559929847717,0.8611111111111112,0.9436868686868689,0.7692307692307693,0.0,0.542990675994328,0.5240046083927155,0.06204213627747127,0.15936232411435672,0.0,0.0,0.0,0.0,0.0,18473,global,0.0
5,4,lr1e-04_bs8_drop0p4_temp1p0_a0p25_b0p05__wd1e-04trmiss0_degmodglobal,8,0.0001,0.0001,0.4,1.0,0.25,0.05,lr1e-04_bs8_drop0p4_temp1p0_a0p25_b0p05__wd1e-04trmiss0_degmodglobal,37,0.560974793774741,0.6013742685317993,0.8055555555555556,0.9170113836780505,0.6923076923076923,0.0,0.5834567419120243,0.5339317662375314,0.06982532516121864,0.19173399997609003,0.0,0.0,0.0,0.0,0.0,18473,global,0.0
5,4,lr1e-04_bs8_drop0p4_temp1p0_a0p25_b0p05__wd1e-04trmiss0_degmodglobal,8,0.0001,0.0001,0.4,1.0,0.25,0.05,lr1e-04_bs8_drop0p4_temp1p0_a0p25_b0p05__wd1e-04trmiss0_degmodglobal,38,0.5660403285707746,0.5925377011299133,0.8611111111111112,0.9436868686868689,0.6923076923076923,0.0,0.5729646810463497,0.5418143996170589,0.06534009453441415,0.15781797362225397,0.0,0.0,0.0,0.0,0.0,18473,global,0.0
5,4,lr1e-04_bs8_drop0p4_temp1p0_a0p25_b0p05__wd1e-04trmiss0_degmodglobal,8,0.0001,0.0001,0.4,1.0,0.25,0.05,lr1e-04_bs8_drop0p4_temp1p0_a0p25_b0p05__wd1e-04trmiss0_degmodglobal,39,0.5211796760559082,0.5827470421791077,0.8888888888888888,0.9535634118967453,0.7692307692307693,0.0,0.5372186984334674,0.4894894616944449,0.08516710251569748,0.20796874165534973,0.0,0.0,0.0,0.0,0.0,18473,global,0.0
5,4,lr1e-04_bs8_drop0p4_temp1p0_a0p25_b0p05__wd1e-04trmiss0_degmodglobal,8,0.0001,0.0001,0.4,1.0,0.25,0.05,lr1e-04_bs8_drop0p4_temp1p0_a0p25_b0p05__wd1e-04trmiss0_degmodglobal,40,0.5538682767323085,0.5830680131912231,0.8888888888888888,0.9535634118967453,0.7692307692307693,0.0,0.554115891456604,0.5253428646496364,0.07559645335589137,0.19252612548215048,0.0,0.0,0.0,0.0,0.0,18473,global,0.0
5,4,lr1e-04_bs8_drop0p4_temp1p0_a0p25_b0p05__wd1e-04trmiss0_degmodglobal,8,0.0001,0.0001,0.4,1.0,0.25,0.05,lr1e-04_bs8_drop0p4_temp1p0_a0p25_b0p05__wd1e-04trmiss0_degmodglobal,41,0.5415309199265071,0.5976107120513916,0.8055555555555556,0.9170113836780505,0.6153846153846154,0.0,0.5605371466704777,0.5102532761437553,0.08737712566341672,0.1886672287115029,0.0,0.0,0.0,0.0,0.0,18473,global,0.0
5,4,lr1e-04_bs8_drop0p4_temp1p0_a0p25_b0p05__wd1e-04trmiss0_degmodglobal,8,0.0001,0.0001,0.4,1.0,0.25,0.05,lr1e-04_bs8_drop0p4_temp1p0_a0p25_b0p05__wd1e-04trmiss0_degmodglobal,42,0.5558112221104758,0.5800820887088776,0.8611111111111112,0.9436868686868689,0.7692307692307693,0.0,0.5971304178237915,0.523125844342368,0.08127944490739278,0.2473104809011732,0.0,0.0,0.0,0.0,0.0,18473,global,0.0
5,4,lr1e-04_bs8_drop0p4_temp1p0_a0p25_b0p05__wd1e-04trmiss0_degmodglobal,8,0.0001,0.0001,0.4,1.0,0.25,0.05,lr1e-04_bs8_drop0p4_temp1p0_a0p25_b0p05__wd1e-04trmiss0_degmodglobal,43,0.5274186474936349,0.5796374976634979,0.9166666666666666,0.9626543209876546,0.7692307692307693,0.0,0.5385253855160305,0.5005217237131936,0.07506614098591465,0.16260774646486556,0.0,0.0,0.0,0.0,0.0,18473,global,0.0
5,4,lr1e-04_bs8_drop0p4_temp1p0_a0p25_b0p05__wd1e-04trmiss0_degmodglobal,8,0.0001,0.0001,0.4,1.0,0.25,0.05,lr1e-04_bs8_drop0p4_temp1p0_a0p25_b0p05__wd1e-04trmiss0_degmodglobal,44,0.5122156313487461,0.5767408311367035,0.9444444444444444,0.9765432098765434,0.7692307692307693,0.0,0.5416290163993835,0.47727638483047485,0.09261552936264447,0.23570743203163147,0.0,0.0,0.0,0.0,0.0,18473,global,0.0
5,4,lr1e-04_bs8_drop0p4_temp1p0_a0p25_b0p05__wd1e-04trmiss0_degmodglobal,8,0.0001,0.0001,0.4,1.0,0.25,0.05,lr1e-04_bs8_drop0p4_temp1p0_a0p25_b0p05__wd1e-04trmiss0_degmodglobal,45,0.5239173173904419,0.5916180312633514,0.8611111111111112,0.9436868686868689,0.6923076923076923,0.0,0.5219012541430337,0.4853538317339761,0.10328573307820729,0.25484095620257513,0.0,0.0,0.0,0.0,0.0,18473,global,0.0
5,4,lr1e-04_bs8_drop0p4_temp1p0_a0p25_b0p05__wd1e-04trmiss0_degmodglobal,8,0.0001,0.0001,0.4,1.0,0.25,0.05,lr1e-04_bs8_drop0p4_temp1p0_a0p25_b0p05__wd1e-04trmiss0_degmodglobal,46,0.5627491133553642,0.6232876479625702,0.7777777777777778,0.9051066217732886,0.5384615384615384,0.0,0.5730977654457092,0.5320262312889099,0.07945658372981208,0.21717470990759985,0.0,0.0,0.0,0.0,0.0,18473,global,0.0
5,4,lr1e-04_bs8_drop0p4_temp1p0_a0p25_b0p05__wd1e-04trmiss0_degmodglobal,8,0.0001,0.0001,0.4,1.0,0.25,0.05,lr1e-04_bs8_drop0p4_temp1p0_a0p25_b0p05__wd1e-04trmiss0_degmodglobal,47,0.5323298956666674,0.6162501275539398,0.8055555555555556,0.9170113836780505,0.6923076923076923,0.0,0.538624529327665,0.503180308001382,0.07353172185165542,0.2153329849243164,0.0,0.0,0.0,0.0,0.0,18473,global,0.0
5,4,lr1e-04_bs8_drop0p4_temp1p0_a0p25_b0p05__wd1e-04trmiss0_degmodglobal,8,0.0001,0.0001,0.4,1.0,0.25,0.05,lr1e-04_bs8_drop0p4_temp1p0_a0p25_b0p05__wd1e-04trmiss0_degmodglobal,48,0.5370511880942753,0.6060521900653839,0.8333333333333333,0.9328843995510663,0.6923076923076923,0.0,0.53934132201331,0.5160079300403595,0.05615988799503872,0.14006585255265236,0.0,0.0,0.0,0.0,0.0,18473,global,0.0
5,4,lr1e-04_bs8_drop0p4_temp1p0_a0p25_b0p05__wd1e-04trmiss0_degmodglobal,8,0.0001,0.0001,0.4,1.0,0.25,0.05,lr1e-04_bs8_drop0p4_temp1p0_a0p25_b0p05__wd1e-04trmiss0_degmodglobal,49,0.5333771535328456,0.5996801555156708,0.8055555555555556,0.9170113836780505,0.6923076923076923,0.0,0.5474073375974383,0.5013326449053628,0.08729400485754013,0.20442026321377074,0.0,0.0,0.0,0.0,0.0,18473,global,0.0
5,4,lr1e-04_bs8_drop0p4_temp1p0_a0p25_b0p05__wd1e-04trmiss0_degmodglobal,8,0.0001,0.0001,0.4,1.0,0.25,0.05,lr1e-04_bs8_drop0p4_temp1p0_a0p25_b0p05__wd1e-04trmiss0_degmodglobal,50,0.4997993069035666,0.5995319485664368,0.8055555555555556,0.9170113836780505,0.6923076923076923,0.0,0.5552692796502795,0.4608921323503767,0.0965617767402104,0.2953345094408308,0.0,0.0,0.0,0.0,0.0,18473,global,0.0
5,4,lr1e-04_bs8_drop0p4_temp1p0_a0p25_b0p05__wd1e-04trmiss0_degmodglobal,8,0.0001,0.0001,0.4,1.0,0.25,0.05,lr1e-04_bs8_drop0p4_temp1p0_a0p25_b0p05__wd1e-04trmiss0_degmodglobal,51,0.5294536394732339,0.588030219078064,0.8333333333333333,0.9328843995510663,0.6153846153846154,0.0,0.5332034868853432,0.5060241605554309,0.06110254196184022,0.16307676157781056,0.0,0.0,0.0,0.0,0.0,18473,global,0.0
5,4,lr1e-04_bs8_drop0p4_temp1p0_a0p25_b0p05__wd1e-04trmiss0_degmodglobal,8,0.0001,0.0001,0.4,1.0,0.25,0.05,lr1e-04_bs8_drop0p4_temp1p0_a0p25_b0p05__wd1e-04trmiss0_degmodglobal,52,0.5209080236298698,0.5889876782894135,0.8333333333333333,0.9328843995510663,0.6153846153846154,0.0,0.545675448008946,0.4935079174382346,0.07298813068440982,0.1830615018095289,0.0,0.0,0.0,0.0,0.0,18473,global,0.0
5,4,lr1e-04_bs8_drop0p4_temp1p0_a0p25_b0p05__wd1e-04trmiss0_degmodglobal,8,0.0001,0.0001,0.4,1.0,0.25,0.05,lr1e-04_bs8_drop0p4_temp1p0_a0p25_b0p05__wd1e-04trmiss0_degmodglobal,53,0.5238419558320727,0.5891481041908264,0.8333333333333333,0.9328843995510663,0.6153846153846154,0.0,0.5171317287853786,0.4856791113104139,0.09863299770014626,0.2700920083693096,0.0,0.0,0.0,0.0,0.0,18473,global,0.0
5,4,lr1e-04_bs8_drop0p4_temp1p0_a0p25_b0p05__wd1e-04trmiss0_degmodglobal,8,0.0001,0.0001,0.4,1.0,0.25,0.05,lr1e-04_bs8_drop0p4_temp1p0_a0p25_b0p05__wd1e-04trmiss0_degmodglobal,54,0.5187832755701882,0.5876014530658722,0.8333333333333333,0.9328843995510663,0.6923076923076923,0.0,0.5433287152222225,0.4928428402968815,0.07396958768367767,0.14896092670304434,0.0,0.0,0.0,0.0,0.0,18473,global,0.0
5,4,lr1e-04_bs8_drop0p4_temp1p0_a0p25_b0p05__wd1e-04trmiss0_degmodglobal,8,0.0001,0.0001,0.4,1.0,0.25,0.05,lr1e-04_bs8_drop0p4_temp1p0_a0p25_b0p05__wd1e-04trmiss0_degmodglobal,55,0.5367360711097717,0.5760788917541504,0.8611111111111112,0.9436868686868689,0.6923076923076923,0.0,0.4904655005250658,0.4935264544827597,0.11346744107348579,0.29685506969690323,0.0,0.0,0.0,0.0,0.0,18473,global,0.0
5,4,lr1e-04_bs8_drop0p4_temp1p0_a0p25_b0p05__wd1e-04trmiss0_degmodglobal,8,0.0001,0.0001,0.4,1.0,0.25,0.05,lr1e-04_bs8_drop0p4_temp1p0_a0p25_b0p05__wd1e-04trmiss0_degmodglobal,56,0.49906050307410105,0.585366427898407,0.8333333333333333,0.9328843995510663,0.6153846153846154,0.0,0.5153111304555621,0.4710593947342464,0.07815966116530555,0.1692240030637809,0.0,0.0,0.0,0.0,0.0,18473,global,0.0
5,4,lr1e-04_bs8_drop0p4_temp1p0_a0p25_b0p05__wd1e-04trmiss0_degmodglobal,8,0.0001,0.0001,0.4,1.0,0.25,0.05,lr1e-04_bs8_drop0p4_temp1p0_a0p25_b0p05__wd1e-04trmiss0_degmodglobal,57,0.5133823326655796,0.5964751839637756,0.8055555555555556,0.9170113836780505,0.6153846153846154,0.0,0.4884272302900042,0.48202132327216013,0.08709938930613655,0.1917233823665551,0.0,0.0,0.0,0.0,0.0,18473,global,0.0
5,4,lr1e-04_bs8_drop0p4_temp1p0_a0p25_b0p05__wd1e-04trmiss0_degmodglobal,8,0.0001,0.0001,0.4,1.0,0.25,0.05,lr1e-04_bs8_drop0p4_temp1p0_a0p25_b0p05__wd1e-04trmiss0_degmodglobal,58,0.5256752031190055,0.5961400866508484,0.8333333333333333,0.9328843995510663,0.6923076923076923,0.0,0.5308907415185656,0.48865020275115967,0.09540412894317082,0.2634791987282889,0.0,0.0,0.0,0.0,0.0,18473,global,0.0
5,4,lr1e-04_bs8_drop0p4_temp1p0_a0p25_b0p05__wd1e-04trmiss0_degmodglobal,8,0.0001,0.0001,0.4,1.0,0.25,0.05,lr1e-04_bs8_drop0p4_temp1p0_a0p25_b0p05__wd1e-04trmiss0_degmodglobal,59,0.5185142414910453,0.5926827490329742,0.8611111111111112,0.9436868686868689,0.6923076923076923,0.0,0.5193678736686707,0.4822372623852321,0.09526104746120316,0.24923427615846908,0.0,0.0,0.0,0.0,0.0,18473,global,0.0
5,4,lr1e-04_bs8_drop0p4_temp1p0_a0p25_b0p05__wd1e-04trmiss0_degmodglobal,8,0.0001,0.0001,0.4,1.0,0.25,0.05,lr1e-04_bs8_drop0p4_temp1p0_a0p25_b0p05__wd1e-04trmiss0_degmodglobal,60,0.5439064843314034,0.601306676864624,0.8333333333333333,0.9328843995510663,0.6923076923076923,0.0,0.4810811366353716,0.5066686357770648,0.1059002737913813,0.21525539670671737,0.0,0.0,0.0,0.0,0.0,18473,global,0.0
5,4,lr1e-04_bs8_drop0p4_temp1p0_a0p25_b0p05__wd1e-04trmiss0_degmodglobal,8,0.0001,0.0001,0.4,1.0,0.25,0.05,lr1e-04_bs8_drop0p4_temp1p0_a0p25_b0p05__wd1e-04trmiss0_degmodglobal,61,0.5208006501197815,0.6001572608947754,0.8333333333333333,0.9328843995510663,0.6923076923076923,0.0,0.5143711652074542,0.482442136321749,0.09834131385598864,0.2754638322762081,0.0,0.0,0.0,0.0,0.0,18473,global,0.0
5,4,lr1e-04_bs8_drop0p4_temp1p0_a0p25_b0p05__wd1e-04trmiss0_degmodglobal,8,0.0001,0.0001,0.4,1.0,0.25,0.05,lr1e-04_bs8_drop0p4_temp1p0_a0p25_b0p05__wd1e-04trmiss0_degmodglobal,62,0.5198286856923785,0.581569105386734,0.8611111111111112,0.9436868686868689,0.7692307692307693,0.0,0.5222129651478359,0.4872229610170637,0.08348000049591064,0.23471440161977494,0.0,0.0,0.0,0.0,0.0,18473,global,0.0
5,4,lr1e-04_bs8_drop0p4_temp1p0_a0p25_b0p05__wd1e-04trmiss0_degmodglobal,8,0.0001,0.0001,0.4,1.0,0.25,0.05,lr1e-04_bs8_drop0p4_temp1p0_a0p25_b0p05__wd1e-04trmiss0_degmodglobal,63,0.49936663252966745,0.5725778043270111,0.8611111111111112,0.9436868686868689,0.7692307692307693,0.0,0.4817341310637338,0.4655651535306658,0.09792075625487737,0.18642588491950715,0.0,0.0,0.0,0.0,0.0,18473,global,0.0
5,4,lr1e-04_bs8_drop0p4_temp1p0_a0p25_b0p05__wd1e-04trmiss0_degmodglobal,8,0.0001,0.0001,0.4,1.0,0.25,0.05,lr1e-04_bs8_drop0p4_temp1p0_a0p25_b0p05__wd1e-04trmiss0_degmodglobal,64,0.5084237030574253,0.5740900039672852,0.8611111111111112,0.9436868686868689,0.7692307692307693,0.0,0.4970073231628963,0.4689527579716274,0.11154120149356979,0.23171296289988927,0.0,0.0,0.0,0.0,0.0,18473,global,0.0
5,4,lr1e-04_bs8_drop0p4_temp2p0_a0p25_b0p05__wd1e-04trmiss0_degmodglobal,8,0.0001,0.0001,0.4,2.0,0.25,0.05,lr1e-04_bs8_drop0p4_temp2p0_a0p25_b0p05__wd1e-04trmiss0_degmodglobal,1,0.7382221307073321,0.6596416234970093,0.6111111111111112,0.8466200466200469,0.6153846153846154,0.0,0.7105780669621059,0.7108924048287528,0.06584680719035012,0.2173603836979185,0.0,0.0,0.0,0.0,0.0,18473,global,0.0
5,4,lr1e-04_bs8_drop0p4_temp2p0_a0p25_b0p05__wd1e-04trmiss0_degmodglobal,8,0.0001,0.0001,0.4,2.0,0.25,0.05,lr1e-04_bs8_drop0p4_temp2p0_a0p25_b0p05__wd1e-04trmiss0_degmodglobal,2,0.7044926115444728,0.6598107516765594,0.6388888888888888,0.8651385651385652,0.6923076923076923,0.0,0.6838726571628025,0.6739994372640338,0.07225264395986285,0.24860042546476638,0.0,0.0,0.0,0.0,0.0,18473,global,0.0
5,4,lr1e-04_bs8_drop0p4_temp2p0_a0p25_b0p05__wd1e-04trmiss0_degmodglobal,8,0.0001,0.0001,0.4,2.0,0.25,0.05,lr1e-04_bs8_drop0p4_temp2p0_a0p25_b0p05__wd1e-04trmiss0_degmodglobal,3,0.6709771582058498,0.6573311388492584,0.7222222222222222,0.8927128427128428,0.6153846153846154,0.0,0.6502302118710109,0.6545675226620266,0.044454258999654224,0.10592129826545715,0.0,0.0,0.0,0.0,0.0,18473,global,0.0
5,4,lr1e-04_bs8_drop0p4_temp2p0_a0p25_b0p05__wd1e-04trmiss0_degmodglobal,8,0.0001,0.0001,0.4,2.0,0.25,0.05,lr1e-04_bs8_drop0p4_temp2p0_a0p25_b0p05__wd1e-04trmiss0_degmodglobal,4,0.6761039750916618,0.6537071466445923,0.7222222222222222,0.8927128427128428,0.6153846153846154,0.0,0.6330804143633161,0.6554650408881051,0.04872245767286846,0.16916650533676147,0.0,0.0,0.0,0.0,0.0,18473,global,0.0
5,4,lr1e-04_bs8_drop0p4_temp2p0_a0p25_b0p05__wd1e-04trmiss0_degmodglobal,8,0.0001,0.0001,0.4,2.0,0.25,0.05,lr1e-04_bs8_drop0p4_temp2p0_a0p25_b0p05__wd1e-04trmiss0_degmodglobal,5,0.6596043109893799,0.655101478099823,0.7222222222222222,0.8927128427128428,0.6153846153846154,0.0,0.6730413692338126,0.6403116754123143,0.05139871207731111,0.1288594071354185,0.0,0.0,0.0,0.0,0.0,18473,global,0.0
5,4,lr1e-04_bs8_drop0p4_temp2p0_a0p25_b0p05__wd1e-04trmiss0_degmodglobal,8,0.0001,0.0001,0.4,2.0,0.25,0.05,lr1e-04_bs8_drop0p4_temp2p0_a0p25_b0p05__wd1e-04trmiss0_degmodglobal,6,0.6490744182041713,0.6547211408615112,0.6944444444444444,0.8741943241943244,0.6153846153846154,0.0,0.6170040198734829,0.6283106292997088,0.058878401560442786,0.1208836053098951,0.0,0.0,0.0,0.0,0.0,18473,global,0.0
5,4,lr1e-04_bs8_drop0p4_temp2p0_a0p25_b0p05__wd1e-04trmiss0_degmodglobal,8,0.0001,0.0001,0.4,2.0,0.25,0.05,lr1e-04_bs8_drop0p4_temp2p0_a0p25_b0p05__wd1e-04trmiss0_degmodglobal,7,0.6515663266181946,0.6657422184944153,0.6944444444444444,0.8741943241943244,0.5384615384615384,0.0,0.6071181637900216,0.6317187121936253,0.049242651356118064,0.15073914613042558,0.0,0.0,0.0,0.0,0.0,18473,global,0.0
5,4,lr1e-04_bs8_drop0p4_temp2p0_a0p25_b0p05__wd1e-04trmiss0_degmodglobal,8,0.0001,0.0001,0.4,2.0,0.25,0.05,lr1e-04_bs8_drop0p4_temp2p0_a0p25_b0p05__wd1e-04trmiss0_degmodglobal,8,0.644916662148067,0.6596159338951111,0.6944444444444444,0.8741943241943244,0.5384615384615384,0.0,0.588492465870721,0.611563537802015,0.08912951020257813,0.22141496517828532,0.0,0.0,0.0,0.0,0.0,18473,global,0.0
5,4,lr1e-04_bs8_drop0p4_temp2p0_a0p25_b0p05__wd1e-04trmiss0_degmodglobal,8,0.0001,0.0001,0.4,2.0,0.25,0.05,lr1e-04_bs8_drop0p4_temp2p0_a0p25_b0p05__wd1e-04trmiss0_degmodglobal,9,0.6622118013245719,0.6581040024757385,0.6944444444444444,0.8741943241943244,0.5384615384615384,0.0,0.5883528419903347,0.635418312890189,0.06666268195424761,0.20255603747708456,0.0,0.0,0.0,0.0,0.0,18473,global,0.0
5,4,lr1e-04_bs8_drop0p4_temp2p0_a0p25_b0p05__wd1e-04trmiss0_degmodglobal,8,0.0001,0.0001,0.4,2.0,0.25,0.05,lr1e-04_bs8_drop0p4_temp2p0_a0p25_b0p05__wd1e-04trmiss0_degmodglobal,10,0.6349209547042847,0.6655441522598267,0.6944444444444444,0.8741943241943244,0.5384615384615384,0.0,0.607766330242157,0.6114524688039508,0.05806170164474419,0.1790612382548196,0.0,0.0,0.0,0.0,0.0,18473,global,0.0
5,4,lr1e-04_bs8_drop0p4_temp2p0_a0p25_b0p05__wd1e-04trmiss0_degmodglobal,8,0.0001,0.0001,0.4,2.0,0.25,0.05,lr1e-04_bs8_drop0p4_temp2p0_a0p25_b0p05__wd1e-04trmiss0_degmodglobal,11,0.6246175425393241,0.6567743122577667,0.6944444444444444,0.8741943241943244,0.6153846153846154,0.0,0.5984688145773751,0.5997669611658368,0.06658846938184329,0.16406910627016,0.0,0.0,0.0,0.0,0.0,18473,global,0.0
5,4,lr1e-04_bs8_drop0p4_temp2p0_a0p25_b0p05__wd1e-04trmiss0_degmodglobal,8,0.0001,0.0001,0.4,2.0,0.25,0.05,lr1e-04_bs8_drop0p4_temp2p0_a0p25_b0p05__wd1e-04trmiss0_degmodglobal,12,0.6545977592468262,0.6533173024654388,0.7222222222222222,0.8927128427128428,0.6153846153846154,0.0,0.5843358380453927,0.6133449247905186,0.10863617275442396,0.2818761020898819,0.0,0.0,0.0,0.0,0.0,18473,global,0.0
5,4,lr1e-04_bs8_drop0p4_temp2p0_a0p25_b0p05__wd1e-04trmiss0_degmodglobal,8,0.0001,0.0001,0.4,2.0,0.25,0.05,lr1e-04_bs8_drop0p4_temp2p0_a0p25_b0p05__wd1e-04trmiss0_degmodglobal,13,0.6361390948295593,0.6477573812007904,0.7222222222222222,0.8927128427128428,0.6153846153846154,0.0,0.5859741483415876,0.6002786159515381,0.09019328068409647,0.26624315338475363,0.0,0.0,0.0,0.0,0.0,18473,global,0.0
5,4,lr1e-04_bs8_drop0p4_temp2p0_a0p25_b0p05__wd1e-04trmiss0_degmodglobal,8,0.0001,0.0001,0.4,2.0,0.25,0.05,lr1e-04_bs8_drop0p4_temp2p0_a0p25_b0p05__wd1e-04trmiss0_degmodglobal,14,0.6145414795194354,0.6388329267501831,0.7222222222222222,0.8927128427128428,0.6153846153846154,0.0,0.5609604290553502,0.5913580485752651,0.0664826115327222,0.13125526372875487,0.0,0.0,0.0,0.0,0.0,18473,global,0.0
5,4,lr1e-04_bs8_drop0p4_temp2p0_a0p25_b0p05__wd1e-04trmiss0_degmodglobal,8,0.0001,0.0001,0.4,2.0,0.25,0.05,lr1e-04_bs8_drop0p4_temp2p0_a0p25_b0p05__wd1e-04trmiss0_degmodglobal,15,0.5882237553596497,0.6322875618934631,0.7222222222222222,0.8927128427128428,0.6153846153846154,0.0,0.5898829613413129,0.5693983350481305,0.04709879628249577,0.1410144338650363,0.0,0.0,0.0,0.0,0.0,18473,global,0.0
5,4,lr1e-04_bs8_drop0p4_temp2p0_a0p25_b0p05__wd1e-04trmiss0_degmodglobal,8,0.0001,0.0001,0.4,2.0,0.25,0.05,lr1e-04_bs8_drop0p4_temp2p0_a0p25_b0p05__wd1e-04trmiss0_degmodglobal,16,0.601990989276341,0.6419792473316193,0.7222222222222222,0.8927128427128428,0.6153846153846154,0.0,0.5493821842329842,0.5748629484857831,0.07291519668485437,0.17798498166458948,0.0,0.0,0.0,0.0,0.0,18473,global,0.0
5,4,lr1e-04_bs8_drop0p4_temp2p0_a0p25_b0p05__wd1e-04trmiss0_degmodglobal,8,0.0001,0.0001,0.4,2.0,0.25,0.05,lr1e-04_bs8_drop0p4_temp2p0_a0p25_b0p05__wd1e-04trmiss0_degmodglobal,17,0.5952159251485553,0.6454942226409912,0.7222222222222222,0.8927128427128428,0.6153846153846154,0.0,0.5377044592584882,0.5727823632104057,0.06249204597302845,0.1362110520047801,0.0,0.0,0.0,0.0,0.0,18473,global,0.0
5,4,lr1e-04_bs8_drop0p4_temp2p0_a0p25_b0p05__wd1e-04trmiss0_degmodglobal,8,0.0001,0.0001,0.4,2.0,0.25,0.05,lr1e-04_bs8_drop0p4_temp2p0_a0p25_b0p05__wd1e-04trmiss0_degmodglobal,18,0.5738404393196106,0.6412243843078613,0.7222222222222222,0.8927128427128428,0.6923076923076923,0.0,0.5291260395731244,0.5481806482587542,0.06728560637150492,0.17676773986646108,0.0,0.0,0.0,0.0,0.0,18473,global,0.0
5,4,lr1e-04_bs8_drop0p4_temp2p0_a0p25_b0p05__wd1e-04trmiss0_degmodglobal,8,0.0001,0.0001,0.4,2.0,0.25,0.05,lr1e-04_bs8_drop0p4_temp2p0_a0p25_b0p05__wd1e-04trmiss0_degmodglobal,19,0.5969196302550179,0.6348808705806732,0.7777777777777778,0.9172278338945008,0.6923076923076923,0.0,0.5530283663954053,0.5601931384631565,0.09640586056879588,0.2525005659886769,0.0,0.0,0.0,0.0,0.0,18473,global,0.0
5,4,lr1e-04_bs8_drop0p4_temp2p0_a0p25_b0p05__wd1e-04trmiss0_degmodglobal,8,0.0001,0.0001,0.4,2.0,0.25,0.05,lr1e-04_bs8_drop0p4_temp2p0_a0p25_b0p05__wd1e-04trmiss0_degmodglobal,20,0.5984356658799308,0.6279500424861908,0.8055555555555556,0.9253086419753087,0.7692307692307693,0.0,0.5593942616667066,0.5752427067075457,0.060823961560215266,0.15973949751683644,0.0,0.0,0.0,0.0,0.0,18473,global,0.0
5,4,lr1e-04_bs8_drop0p4_temp2p0_a0p25_b0p05__wd1e-04trmiss0_degmodglobal,8,0.0001,0.0001,0.4,2.0,0.25,0.05,lr1e-04_bs8_drop0p4_temp2p0_a0p25_b0p05__wd1e-04trmiss0_degmodglobal,21,0.609397658279964,0.6215384900569916,0.75,0.9085858585858586,0.7692307692307693,0.0,0.5307525140898568,0.5745313167572021,0.08310935912387711,0.28177993851048605,0.0,0.0,0.0,0.0,0.0,18473,global,0.0
5,4,lr1e-04_bs8_drop0p4_temp2p0_a0p25_b0p05__wd1e-04trmiss0_degmodglobal,8,0.0001,0.0001,0.4,2.0,0.25,0.05,lr1e-04_bs8_drop0p4_temp2p0_a0p25_b0p05__wd1e-04trmiss0_degmodglobal,22,0.583860559122903,0.6283182799816132,0.75,0.9085858585858586,0.7692307692307693,0.0,0.5400002769061497,0.5630852154323033,0.05630404395716531,0.13398706194545543,0.0,0.0,0.0,0.0,0.0,18473,global,0.0
5,4,lr1e-04_bs8_drop0p4_temp2p0_a0p25_b0p05__wd1e-04trmiss0_degmodglobal,8,0.0001,0.0001,0.4,2.0,0.25,0.05,lr1e-04_bs8_drop0p4_temp2p0_a0p25_b0p05__wd1e-04trmiss0_degmodglobal,23,0.5798133781978062,0.6296223104000092,0.75,0.9085858585858586,0.7692307692307693,0.0,0.5135346608502525,0.5586296617984772,0.058585869680557935,0.1307448691555432,0.0,0.0,0.0,0.0,0.0,18473,global,0.0
5,4,lr1e-04_bs8_drop0p4_temp2p0_a0p25_b0p05__wd1e-04trmiss0_degmodglobal,8,0.0001,0.0001,0.4,2.0,0.25,0.05,lr1e-04_bs8_drop0p4_temp2p0_a0p25_b0p05__wd1e-04trmiss0_degmodglobal,24,0.5904534373964582,0.6261187493801117,0.75,0.9085858585858586,0.7692307692307693,0.0,0.5602082312107086,0.5630775434630257,0.07950396516493388,0.1499981385256563,0.0,0.0,0.0,0.0,0.0,18473,global,0.0
5,4,lr1e-04_bs8_drop0p4_temp2p0_a0p25_b0p05__wd1e-04trmiss0_degmodglobal,8,0.0001,0.0001,0.4,2.0,0.25,0.05,lr1e-04_bs8_drop0p4_temp2p0_a0p25_b0p05__wd1e-04trmiss0_degmodglobal,25,0.5785465666225978,0.6200944483280182,0.8055555555555556,0.9253086419753087,0.7692307692307693,0.0,0.5332210489681789,0.5550589689186641,0.06389613768884114,0.15027173927852086,0.0,0.0,0.0,0.0,0.0,18473,global,0.0
5,4,lr1e-04_bs8_drop0p4_temp2p0_a0p25_b0p05__wd1e-04trmiss0_degmodglobal,8,0.0001,0.0001,0.4,2.0,0.25,0.05,lr1e-04_bs8_drop0p4_temp2p0_a0p25_b0p05__wd1e-04trmiss0_degmodglobal,26,0.618420021874564,0.6200579702854156,0.8055555555555556,0.9253086419753087,0.7692307692307693,0.0,0.5165299858365741,0.5846881696156093,0.08486332531486239,0.25032038560935427,0.0,0.0,0.0,0.0,0.0,18473,global,0.0
5,4,lr1e-04_bs8_drop0p4_temp2p0_a0p25_b0p05__wd1e-04trmiss0_degmodglobal,8,0.0001,0.0001,0.4,2.0,0.25,0.05,lr1e-04_bs8_drop0p4_temp2p0_a0p25_b0p05__wd1e-04trmiss0_degmodglobal,27,0.5692924303667886,0.6150080561637878,0.8055555555555556,0.9253086419753087,0.7692307692307693,0.0,0.4830058217048645,0.538764374596732,0.08325040180768285,0.19430887433035032,0.0,0.0,0.0,0.0,0.0,18473,global,0.0
5,4,lr1e-04_bs8_drop0p4_temp2p0_a0p25_b0p05__wd1e-04trmiss0_degmodglobal,8,0.0001,0.0001,0.4,2.0,0.25,0.05,lr1e-04_bs8_drop0p4_temp2p0_a0p25_b0p05__wd1e-04trmiss0_degmodglobal,28,0.5999070661408561,0.6173580288887024,0.8055555555555556,0.9253086419753087,0.7692307692307693,0.0,0.5589257521288735,0.5724514509950366,0.07466111864362444,0.17580670331205642,0.0,0.0,0.0,0.0,0.0,18473,global,0.0
5,4,lr1e-04_bs8_drop0p4_temp2p0_a0p25_b0p05__wd1e-04trmiss0_degmodglobal,8,0.0001,0.0001,0.4,2.0,0.25,0.05,lr1e-04_bs8_drop0p4_temp2p0_a0p25_b0p05__wd1e-04trmiss0_degmodglobal,29,0.5656222360474723,0.6186017096042633,0.8055555555555556,0.9253086419753087,0.7692307692307693,0.0,0.5075045653751918,0.5398873261043003,0.06789968215993472,0.17519991312708175,0.0,0.0,0.0,0.0,0.0,18473,global,0.0
5,4,lr1e-04_bs8_drop0p4_temp2p0_a0p25_b0p05__wd1e-04trmiss0_degmodglobal,8,0.0001,0.0001,0.4,2.0,0.25,0.05,lr1e-04_bs8_drop0p4_temp2p0_a0p25_b0p05__wd1e-04trmiss0_degmodglobal,30,0.5997277413095746,0.626192569732666,0.7777777777777777,0.9094356261022929,0.6923076923076923,0.0,0.5116466752120427,0.5604568379265922,0.0988428635256631,0.2912034552012171,0.0,0.0,0.0,0.0,0.0,18473,global,0.0
5,4,lr1e-04_bs8_drop0p4_temp2p0_a0p25_b0p05__wd1e-04trmiss0_degmodglobal,8,0.0001,0.0001,0.4,2.0,0.25,0.05,lr1e-04_bs8_drop0p4_temp2p0_a0p25_b0p05__wd1e-04trmiss0_degmodglobal,31,0.5662445511136737,0.6254992783069611,0.7222222222222222,0.8927128427128428,0.6153846153846154,0.0,0.5133928826877049,0.5333879547459739,0.08559669979981013,0.22914826337780272,0.0,0.0,0.0,0.0,0.0,18473,global,0.0
5,4,lr1e-04_bs8_drop0p4_temp2p0_a0p25_b0p05__wd1e-04trmiss0_degmodglobal,8,0.0001,0.0001,0.4,2.0,0.25,0.05,lr1e-04_bs8_drop0p4_temp2p0_a0p25_b0p05__wd1e-04trmiss0_degmodglobal,32,0.5426512062549591,0.6301443576812744,0.7222222222222222,0.8927128427128428,0.6153846153846154,0.0,0.4859616202967508,0.5123548337391445,0.0821917514715876,0.19496876852852957,0.0,0.0,0.0,0.0,0.0,18473,global,0.0
5,4,lr1e-04_bs8_drop0p4_temp2p0_a0p25_b0p05__wd1e-04trmiss0_degmodglobal,8,0.0001,0.0001,0.4,2.0,0.25,0.05,lr1e-04_bs8_drop0p4_temp2p0_a0p25_b0p05__wd1e-04trmiss0_degmodglobal,33,0.5584283215659005,0.6197216808795929,0.7777777777777777,0.9094356261022929,0.6153846153846154,0.0,0.5038888369287763,0.5346950675759997,0.06361450787101473,0.15659220396940196,0.0,0.0,0.0,0.0,0.0,18473,global,0.0
5,4,lr1e-04_bs8_drop0p4_temp2p0_a0p25_b0p05__wd1e-04trmiss0_degmodglobal,8,0.0001,0.0001,0.4,2.0,0.25,0.05,lr1e-04_bs8_drop0p4_temp2p0_a0p25_b0p05__wd1e-04trmiss0_degmodglobal,34,0.5600845643452236,0.6257409155368805,0.7222222222222222,0.8927128427128428,0.6153846153846154,0.0,0.5112778203827995,0.5150027189935956,0.12506400793790817,0.27631684499127523,0.0,0.0,0.0,0.0,0.0,18473,global,0.0
5,4,lr1e-04_bs8_drop0p4_temp2p0_a0p25_b0p05__wd1e-04trmiss0_degmodglobal,8,0.0001,0.0001,0.4,2.0,0.25,0.05,lr1e-04_bs8_drop0p4_temp2p0_a0p25_b0p05__wd1e-04trmiss0_degmodglobal,35,0.5754030432019915,0.6289244890213013,0.7222222222222222,0.8927128427128428,0.6153846153846154,0.0,0.5445534544331687,0.537843759570803,0.09357099341494697,0.28333045542240143,0.0,0.0,0.0,0.0,0.0,18473,global,0.0
5,4,lr1e-04_bs8_drop0p4_temp2p0_a0p25_b0p05__wd1e-04trmiss0_degmodglobal,8,0.0001,0.0001,0.4,2.0,0.25,0.05,lr1e-04_bs8_drop0p4_temp2p0_a0p25_b0p05__wd1e-04trmiss0_degmodglobal,36,0.584382061447416,0.6284426748752594,0.7222222222222222,0.8927128427128428,0.6153846153846154,0.0,0.48736036249569487,0.542983855519976,0.10814834066799708,0.28722264404807774,0.0,0.0,0.0,0.0,0.0,18473,global,0.0
5,4,lr1e-04_bs8_drop0p4_temp2p0_a0p25_b0p05__wd1e-04trmiss0_degmodglobal,8,0.0001,0.0001,0.4,2.0,0.25,0.05,lr1e-04_bs8_drop0p4_temp2p0_a0p25_b0p05__wd1e-04trmiss0_degmodglobal,37,0.5999173607145037,0.6257945597171783,0.7222222222222222,0.8927128427128428,0.6153846153846154,0.0,0.4899108750479562,0.5575854352542332,0.10462933672325951,0.32349182452474323,0.0,0.0,0.0,0.0,0.0,18473,global,0.0
5,4,lr1e-04_bs8_drop0p4_temp2p0_a0p25_b0p05__wd1e-04trmiss0_degmodglobal,8,0.0001,0.0001,0.4,2.0,0.25,0.05,lr1e-04_bs8_drop0p4_temp2p0_a0p25_b0p05__wd1e-04trmiss0_degmodglobal,38,0.565448020185743,0.6314507126808167,0.7222222222222222,0.8927128427128428,0.6153846153846154,0.0,0.49538539562906536,0.5294436897550311,0.09047805464693479,0.2676961432610239,0.0,0.0,0.0,0.0,0.0,18473,global,0.0
5,4,lr1e-04_bs8_drop0p4_temp2p0_a0p25_b0p05__wd1e-04trmiss0_degmodglobal,8,0.0001,0.0001,0.4,2.0,0.25,0.05,lr1e-04_bs8_drop0p4_temp2p0_a0p25_b0p05__wd1e-04trmiss0_degmodglobal,39,0.5714347958564758,0.6380341947078705,0.6666666666666667,0.8715488215488216,0.6153846153846154,0.0,0.5123184365885598,0.5383931568690709,0.09676483167069298,0.17700845748186111,0.0,0.0,0.0,0.0,0.0,18473,global,0.0
5,4,lr1e-04_bs8_drop0p4_temp2p0_a0p25_b0p05__wd1e-04trmiss0_degmodglobal,8,0.0001,0.0001,0.4,2.0,0.25,0.05,lr1e-04_bs8_drop0p4_temp2p0_a0p25_b0p05__wd1e-04trmiss0_degmodglobal,40,0.5922779100281852,0.6365530788898468,0.6666666666666667,0.8715488215488216,0.6923076923076923,0.0,0.48874405877930777,0.5611900431769234,0.07726294334445681,0.23544248725686753,0.0,0.0,0.0,0.0,0.0,18473,global,0.0
5,4,lr1e-04_bs8_drop0p4_temp2p0_a0p25_b0p05__wd1e-04trmiss0_degmodglobal,8,0.0001,0.0001,0.4,2.0,0.25,0.05,lr1e-04_bs8_drop0p4_temp2p0_a0p25_b0p05__wd1e-04trmiss0_degmodglobal,41,0.5563542928014483,0.632660984992981,0.6666666666666667,0.8715488215488216,0.6923076923076923,0.0,0.5101094969681331,0.5356308392116002,0.06356546123112951,0.09664187979485307,0.0,0.0,0.0,0.0,0.0,18473,global,0.0
5,4,lr1e-04_bs8_drop0p4_temp2p0_a0p25_b0p05__wd1e-04trmiss0_degmodglobal,8,0.0001,0.0001,0.4,2.0,0.25,0.05,lr1e-04_bs8_drop0p4_temp2p0_a0p25_b0p05__wd1e-04trmiss0_degmodglobal,42,0.6413971526282174,0.6380949020385742,0.6944444444444444,0.8808080808080809,0.6923076923076923,0.0,0.5506034876619067,0.5931349226406643,0.11976427265575953,0.36642338654824663,0.0,0.0,0.0,0.0,0.0,18473,global,0.0
5,4,lr1e-04_bs8_drop0p4_temp2p0_a0p25_b0p05__wd1e-04trmiss0_degmodglobal,8,0.0001,0.0001,0.4,2.0,0.25,0.05,lr1e-04_bs8_drop0p4_temp2p0_a0p25_b0p05__wd1e-04trmiss0_degmodglobal,43,0.565124477658953,0.6314157545566559,0.7222222222222222,0.8927128427128428,0.6923076923076923,0.0,0.4938188450677054,0.5410176302705493,0.06602893822959491,0.15199242212942668,0.0,0.0,0.0,0.0,0.0,18473,global,0.0
5,4,lr1e-04_bs8_drop0p4_temp2p0_a0p25_b0p05__wd1e-04trmiss0_degmodglobal,8,0.0001,0.0001,0.4,2.0,0.25,0.05,lr1e-04_bs8_drop0p4_temp2p0_a0p25_b0p05__wd1e-04trmiss0_degmodglobal,44,0.56991103717259,0.6307207942008972,0.7222222222222222,0.8927128427128428,0.6923076923076923,0.0,0.507321685552597,0.5441059853349414,0.0745513593511922,0.1433441394141742,0.0,0.0,0.0,0.0,0.0,18473,global,0.0
5,4,lr1e-04_bs8_drop0p4_temp2p0_a0p25_b0p05__wd1e-04trmiss0_degmodglobal,8,0.0001,0.0001,0.4,2.0,0.25,0.05,lr1e-04_bs8_drop0p4_temp2p0_a0p25_b0p05__wd1e-04trmiss0_degmodglobal,45,0.5841035502297538,0.6193716824054718,0.7222222222222222,0.8927128427128428,0.6923076923076923,0.0,0.5158085950783321,0.551394807440894,0.0859431219952447,0.2244593192424093,0.0,0.0,0.0,0.0,0.0,18473,global,0.0
5,4,lr1e-04_bs8_drop0p4_temp2p0_a0p25_b0p05__wd1e-04trmiss0_degmodglobal,8,0.0001,0.0001,0.4,2.0,0.25,0.05,lr1e-04_bs8_drop0p4_temp2p0_a0p25_b0p05__wd1e-04trmiss0_degmodglobal,46,0.5794562101364136,0.6191992163658142,0.7222222222222222,0.8927128427128428,0.6923076923076923,0.0,0.49072693075452534,0.5424229332378933,0.09125981479883194,0.2843664927142007,0.0,0.0,0.0,0.0,0.0,18473,global,0.0
5,4,lr1e-04_bs8_drop0p4_temp2p0_a0p25_b0p05__wd1e-04trmiss0_degmodglobal,8,0.0001,0.0001,0.4,2.0,0.25,0.05,lr1e-04_bs8_drop0p4_temp2p0_a0p25_b0p05__wd1e-04trmiss0_degmodglobal,47,0.5644432391439166,0.625378280878067,0.7222222222222222,0.8927128427128428,0.6923076923076923,0.0,0.5023856163024902,0.5222528960023608,0.10914271963494164,0.29809328487941195,0.0,0.0,0.0,0.0,0.0,18473,global,0.0
5,4,lr5e-05_bs8_drop0p2_temp1p0_a0p25_b0p05__wd1e-04trmiss0_degmodglobal,8,5e-05,0.0001,0.2,1.0,0.25,0.05,lr5e-05_bs8_drop0p2_temp1p0_a0p25_b0p05__wd1e-04trmiss0_degmodglobal,1,0.7586715476853507,0.9391601383686066,0.4444444444444444,0.6808793058793059,0.3076923076923077,0.0,0.686316226209913,0.7186232549803597,0.08963755837508611,0.3527780600956508,0.0,0.0,0.0,0.0,0.0,18473,global,0.0
5,4,lr5e-05_bs8_drop0p2_temp1p0_a0p25_b0p05__wd1e-04trmiss0_degmodglobal,8,5e-05,0.0001,0.2,1.0,0.25,0.05,lr5e-05_bs8_drop0p2_temp1p0_a0p25_b0p05__wd1e-04trmiss0_degmodglobal,2,0.7418791907174247,0.9547632932662964,0.4444444444444444,0.6808793058793059,0.23076923076923078,0.0,0.6541223781449454,0.6992387345858982,0.09640609472990036,0.37077865430286955,0.0,0.0,0.0,0.0,0.0,18473,global,0.0
5,4,lr5e-05_bs8_drop0p2_temp1p0_a0p25_b0p05__wd1e-04trmiss0_degmodglobal,8,5e-05,0.0001,0.2,1.0,0.25,0.05,lr5e-05_bs8_drop0p2_temp1p0_a0p25_b0p05__wd1e-04trmiss0_degmodglobal,3,0.7287273492131915,0.9623055458068848,0.4722222222222222,0.6907999407999409,0.23076923076923078,0.0,0.6380530510629926,0.6902241366250175,0.08424785626786095,0.34882500554834095,0.0,0.0,0.0,0.0,0.0,18473,global,0.0
5,4,lr5e-05_bs8_drop0p2_temp1p0_a0p25_b0p05__wd1e-04trmiss0_degmodglobal,8,5e-05,0.0001,0.2,1.0,0.25,0.05,lr5e-05_bs8_drop0p2_temp1p0_a0p25_b0p05__wd1e-04trmiss0_degmodglobal,4,0.6616164105279105,0.9153484106063843,0.5555555555555556,0.7219286885953553,0.23076923076923078,0.0,0.6166152272905622,0.6344431809016636,0.06772550035800252,0.2048369933451925,0.0,0.0,0.0,0.0,0.0,18473,global,0.0
5,4,lr5e-05_bs8_drop0p2_temp1p0_a0p25_b0p05__wd1e-04trmiss0_degmodglobal,8,5e-05,0.0001,0.2,1.0,0.25,0.05,lr5e-05_bs8_drop0p2_temp1p0_a0p25_b0p05__wd1e-04trmiss0_degmodglobal,5,0.7004985383578709,0.9192900955677032,0.5555555555555556,0.7219286885953553,0.23076923076923078,0.0,0.5944638252258301,0.6638000352042062,0.0864675183381353,0.30163247883319855,0.0,0.0,0.0,0.0,0.0,18473,global,0.0
5,4,lr5e-05_bs8_drop0p2_temp1p0_a0p25_b0p05__wd1e-04trmiss0_degmodglobal,8,5e-05,0.0001,0.2,1.0,0.25,0.05,lr5e-05_bs8_drop0p2_temp1p0_a0p25_b0p05__wd1e-04trmiss0_degmodglobal,6,0.6595876046589443,0.9100962281227112,0.5555555555555556,0.7219286885953553,0.23076923076923078,0.0,0.6120600359780448,0.624925434589386,0.0819818452000618,0.28333422754492077,0.0,0.0,0.0,0.0,0.0,18473,global,0.0
5,4,lr5e-05_bs8_drop0p2_temp1p0_a0p25_b0p05__wd1e-04trmiss0_degmodglobal,8,5e-05,0.0001,0.2,1.0,0.25,0.05,lr5e-05_bs8_drop0p2_temp1p0_a0p25_b0p05__wd1e-04trmiss0_degmodglobal,7,0.6611208234514508,0.9067319929599762,0.5833333333333333,0.7300094966761634,0.23076923076923078,0.0,0.5899499995367867,0.6275155033384051,0.0781124968613897,0.2815441106046949,0.0,0.0,0.0,0.0,0.0,18473,global,0.0
5,4,lr5e-05_bs8_drop0p2_temp1p0_a0p25_b0p05__wd1e-04trmiss0_degmodglobal,8,5e-05,0.0001,0.2,1.0,0.25,0.05,lr5e-05_bs8_drop0p2_temp1p0_a0p25_b0p05__wd1e-04trmiss0_degmodglobal,8,0.6582978793552944,0.8576844036579132,0.611111111111111,0.7419142585809253,0.23076923076923078,0.0,0.5935607211930412,0.6203393084662301,0.08850380459002086,0.31665240228176117,0.0,0.0,0.0,0.0,0.0,18473,global,0.0
5,4,lr5e-05_bs8_drop0p2_temp1p0_a0p25_b0p05__wd1e-04trmiss0_degmodglobal,8,5e-05,0.0001,0.2,1.0,0.25,0.05,lr5e-05_bs8_drop0p2_temp1p0_a0p25_b0p05__wd1e-04trmiss0_degmodglobal,9,0.6712981973375592,0.8375517129898071,0.6111111111111112,0.7446359196359197,0.23076923076923078,0.0,0.6024485571043832,0.6397505147116525,0.07435778741325651,0.25916456644024166,0.0,0.0,0.0,0.0,0.0,18473,global,0.0
5,4,lr5e-05_bs8_drop0p2_temp1p0_a0p25_b0p05__wd1e-04trmiss0_degmodglobal,8,5e-05,0.0001,0.2,1.0,0.25,0.05,lr5e-05_bs8_drop0p2_temp1p0_a0p25_b0p05__wd1e-04trmiss0_degmodglobal,10,0.6396661826542446,0.845037430524826,0.6111111111111112,0.7446359196359197,0.23076923076923078,0.0,0.5828177673476083,0.6064280952726092,0.07849947682448796,0.2722643549953188,0.0,0.0,0.0,0.0,0.0,18473,global,0.0
5,4,lr5e-05_bs8_drop0p2_temp1p0_a0p25_b0p05__wd1e-04trmiss0_degmodglobal,8,5e-05,0.0001,0.2,1.0,0.25,0.05,lr5e-05_bs8_drop0p2_temp1p0_a0p25_b0p05__wd1e-04trmiss0_degmodglobal,11,0.6345722334725517,0.8395245373249054,0.6388888888888888,0.8001914751914752,0.38461538461538464,0.0,0.5841584886823382,0.6049583554267883,0.07055278494954109,0.23951364840779985,0.0,0.0,0.0,0.0,0.0,18473,global,0.0
5,4,lr5e-05_bs8_drop0p2_temp1p0_a0p25_b0p05__wd1e-04trmiss0_degmodglobal,8,5e-05,0.0001,0.2,1.0,0.25,0.05,lr5e-05_bs8_drop0p2_temp1p0_a0p25_b0p05__wd1e-04trmiss0_degmodglobal,12,0.66607837166105,0.8273210525512695,0.6388888888888888,0.8001914751914752,0.3076923076923077,0.0,0.5907057438577924,0.631411782332829,0.07901881209441594,0.29823758346693857,0.0,0.0,0.0,0.0,0.0,18473,global,0.0
5,4,lr5e-05_bs8_drop0p2_temp1p0_a0p25_b0p05__wd1e-04trmiss0_degmodglobal,8,5e-05,0.0001,0.2,1.0,0.25,0.05,lr5e-05_bs8_drop0p2_temp1p0_a0p25_b0p05__wd1e-04trmiss0_degmodglobal,13,0.6430275355066571,0.8435811698436737,0.6111111111111112,0.7446359196359197,0.3076923076923077,0.0,0.5669918315751212,0.6070212977273124,0.08183308797223228,0.31095920716013226,0.0,0.0,0.0,0.0,0.0,18473,global,0.0
5,4,lr5e-05_bs8_drop0p2_temp1p0_a0p25_b0p05__wd1e-04trmiss0_degmodglobal,8,5e-05,0.0001,0.2,1.0,0.25,0.05,lr5e-05_bs8_drop0p2_temp1p0_a0p25_b0p05__wd1e-04trmiss0_degmodglobal,14,0.6343133449554443,0.8269193768501282,0.6111111111111112,0.7446359196359197,0.3076923076923077,0.0,0.5843495726585388,0.5968546782221112,0.08710497351629394,0.31364854105881285,0.0,0.0,0.0,0.0,0.0,18473,global,0.0
5,4,lr5e-05_bs8_drop0p2_temp1p0_a0p25_b0p05__wd1e-04trmiss0_degmodglobal,8,5e-05,0.0001,0.2,1.0,0.25,0.05,lr5e-05_bs8_drop0p2_temp1p0_a0p25_b0p05__wd1e-04trmiss0_degmodglobal,15,0.6187460933412824,0.8072746992111206,0.6111111111111112,0.7446359196359197,0.3076923076923077,0.0,0.5558813895498004,0.5825410229819161,0.08663236562694822,0.29093933956963675,0.0,0.0,0.0,0.0,0.0,18473,global,0.0
5,4,lr5e-05_bs8_drop0p2_temp1p0_a0p25_b0p05__wd1e-04trmiss0_degmodglobal,8,5e-05,0.0001,0.2,1.0,0.25,0.05,lr5e-05_bs8_drop0p2_temp1p0_a0p25_b0p05__wd1e-04trmiss0_degmodglobal,16,0.6286821705954415,0.7930885255336761,0.6111111111111112,0.7446359196359197,0.3076923076923077,0.0,0.5269498441900525,0.5876051230090005,0.09174721155847822,0.36280469809259686,0.0,0.0,0.0,0.0,0.0,18473,global,0.0
5,4,lr5e-05_bs8_drop0p2_temp1p0_a0p25_b0p05__wd1e-04trmiss0_degmodglobal,8,5e-05,0.0001,0.2,1.0,0.25,0.05,lr5e-05_bs8_drop0p2_temp1p0_a0p25_b0p05__wd1e-04trmiss0_degmodglobal,17,0.6131429672241211,0.8136275112628937,0.6111111111111112,0.7446359196359197,0.3076923076923077,0.0,0.5515466332435608,0.5765658702169146,0.08822110188858849,0.2904363487448011,0.0,0.0,0.0,0.0,0.0,18473,global,0.0
5,4,lr5e-05_bs8_drop0p2_temp1p0_a0p25_b0p05__wd1e-04trmiss0_degmodglobal,8,5e-05,0.0001,0.2,1.0,0.25,0.05,lr5e-05_bs8_drop0p2_temp1p0_a0p25_b0p05__wd1e-04trmiss0_degmodglobal,18,0.6033216459410531,0.8202912211418152,0.6111111111111112,0.7446359196359197,0.3076923076923077,0.0,0.5463654909815107,0.5684022051947457,0.08455996481435639,0.27558877425534384,0.0,0.0,0.0,0.0,0.0,18473,global,0.0
5,4,lr5e-05_bs8_drop0p2_temp1p0_a0p25_b0p05__wd1e-04trmiss0_degmodglobal,8,5e-05,0.0001,0.2,1.0,0.25,0.05,lr5e-05_bs8_drop0p2_temp1p0_a0p25_b0p05__wd1e-04trmiss0_degmodglobal,19,0.603662405695234,0.8248094916343689,0.6111111111111112,0.7446359196359197,0.3076923076923077,0.0,0.5445561579295567,0.5674443244934082,0.08615878969430923,0.29356769578797476,0.0,0.0,0.0,0.0,0.0,18473,global,0.0
5,4,lr5e-05_bs8_drop0p2_temp1p0_a0p25_b0p05__wd1e-04trmiss0_degmodglobal,8,5e-05,0.0001,0.2,1.0,0.25,0.05,lr5e-05_bs8_drop0p2_temp1p0_a0p25_b0p05__wd1e-04trmiss0_degmodglobal,20,0.5797689046178546,0.8278136253356934,0.6111111111111112,0.7446359196359197,0.3076923076923077,0.0,0.5488378916467939,0.5433615488665444,0.09025391191244125,0.27687727979251314,0.0,0.0,0.0,0.0,0.0,18473,global,0.0
5,4,lr5e-05_bs8_drop0p2_temp1p0_a0p25_b0p05__wd1e-04trmiss0_degmodglobal,8,5e-05,0.0001,0.2,1.0,0.25,0.05,lr5e-05_bs8_drop0p2_temp1p0_a0p25_b0p05__wd1e-04trmiss0_degmodglobal,21,0.5939476490020752,0.8139395415782928,0.6111111111111112,0.7446359196359197,0.3076923076923077,0.0,0.5554337075778416,0.5637353318078178,0.07205732805388314,0.2439594886132649,0.0,0.0,0.0,0.0,0.0,18473,global,0.0
5,4,lr5e-05_bs8_drop0p2_temp1p0_a0p25_b0p05__wd1e-04trmiss0_degmodglobal,8,5e-05,0.0001,0.2,1.0,0.25,0.05,lr5e-05_bs8_drop0p2_temp1p0_a0p25_b0p05__wd1e-04trmiss0_degmodglobal,22,0.5796604582241603,0.8267361223697662,0.6111111111111112,0.7446359196359197,0.3076923076923077,0.0,0.5349097422191075,0.5460756846836635,0.07900167895214898,0.276687074984823,0.0,0.0,0.0,0.0,0.0,18473,global,0.0
5,4,lr5e-05_bs8_drop0p2_temp1p0_a0p25_b0p05__wd1e-04trmiss0_degmodglobal,8,5e-05,0.0001,0.2,1.0,0.25,0.05,lr5e-05_bs8_drop0p2_temp1p0_a0p25_b0p05__wd1e-04trmiss0_degmodglobal,23,0.5716844030788967,0.8099919557571411,0.6111111111111112,0.7446359196359197,0.3076923076923077,0.0,0.5385800812925611,0.5356878425393786,0.09024601163608688,0.2687008646982057,0.0,0.0,0.0,0.0,0.0,18473,global,0.0
5,4,lr5e-05_bs8_drop0p2_temp1p0_a0p25_b0p05__wd1e-04trmiss0_degmodglobal,8,5e-05,0.0001,0.2,1.0,0.25,0.05,lr5e-05_bs8_drop0p2_temp1p0_a0p25_b0p05__wd1e-04trmiss0_degmodglobal,24,0.5832268169948033,0.7953520119190216,0.6388888888888888,0.8001914751914752,0.3076923076923077,0.0,0.5394541450909206,0.5506453343800136,0.08039320526378495,0.2496639404978071,0.0,0.0,0.0,0.0,0.0,18473,global,0.0
5,4,lr5e-05_bs8_drop0p2_temp1p0_a0p25_b0p05__wd1e-04trmiss0_degmodglobal,8,5e-05,0.0001,0.2,1.0,0.25,0.05,lr5e-05_bs8_drop0p2_temp1p0_a0p25_b0p05__wd1e-04trmiss0_degmodglobal,25,0.5792408840996879,0.8011500835418701,0.6388888888888888,0.8001914751914752,0.3076923076923077,0.0,0.5295909430299487,0.5407441684177944,0.096396696886846,0.28795093085084644,0.0,0.0,0.0,0.0,0.0,18473,global,0.0
5,4,lr5e-05_bs8_drop0p2_temp1p0_a0p25_b0p05__wd1e-04trmiss0_degmodglobal,8,5e-05,0.0001,0.2,1.0,0.25,0.05,lr5e-05_bs8_drop0p2_temp1p0_a0p25_b0p05__wd1e-04trmiss0_degmodglobal,26,0.5887970413480487,0.7938482463359833,0.6388888888888888,0.8001914751914752,0.3076923076923077,0.0,0.5481802991458348,0.5519577775682721,0.09370074953351702,0.2682813491140093,0.0,0.0,0.0,0.0,0.0,18473,global,0.0
5,4,lr5e-05_bs8_drop0p2_temp1p0_a0p25_b0p05__wd1e-04trmiss0_degmodglobal,8,5e-05,0.0001,0.2,1.0,0.25,0.05,lr5e-05_bs8_drop0p2_temp1p0_a0p25_b0p05__wd1e-04trmiss0_degmodglobal,27,0.5653883729662214,0.7982698976993561,0.6388888888888888,0.8001914751914752,0.3076923076923077,0.0,0.5152893619877952,0.5288758277893066,0.09124243578740529,0.2740388023001807,0.0,0.0,0.0,0.0,0.0,18473,global,0.0
5,4,lr5e-05_bs8_drop0p2_temp1p0_a0p25_b0p05__wd1e-04trmiss0_degmodglobal,8,5e-05,0.0001,0.2,1.0,0.25,0.05,lr5e-05_bs8_drop0p2_temp1p0_a0p25_b0p05__wd1e-04trmiss0_degmodglobal,28,0.5851410031318665,0.7913245260715485,0.6388888888888888,0.8001914751914752,0.3076923076923077,0.0,0.5218056653227124,0.547414094209671,0.0910392233303615,0.29934195961271015,0.0,0.0,0.0,0.0,0.0,18473,global,0.0
5,4,lr5e-05_bs8_drop0p2_temp1p0_a0p25_b0p05__wd1e-04trmiss0_degmodglobal,8,5e-05,0.0001,0.2,1.0,0.25,0.05,lr5e-05_bs8_drop0p2_temp1p0_a0p25_b0p05__wd1e-04trmiss0_degmodglobal,29,0.5586822628974915,0.7664261758327484,0.6388888888888888,0.8001914751914752,0.3076923076923077,0.0,0.5109458523137229,0.527603771005358,0.0740555471607617,0.2512916113649096,0.0,0.0,0.0,0.0,0.0,18473,global,0.0
5,4,lr5e-05_bs8_drop0p2_temp1p0_a0p25_b0p05__wd1e-04trmiss0_degmodglobal,8,5e-05,0.0001,0.2,1.0,0.25,0.05,lr5e-05_bs8_drop0p2_temp1p0_a0p25_b0p05__wd1e-04trmiss0_degmodglobal,30,0.5650099345615932,0.7981210350990295,0.6944444444444444,0.8453093203093205,0.38461538461538464,0.0,0.5143384890896934,0.529684134892055,0.08802457685981478,0.2663931686963354,0.0,0.0,0.0,0.0,0.0,18473,global,0.0
5,4,lr5e-05_bs8_drop0p2_temp1p0_a0p25_b0p05__wd1e-04trmiss0_degmodglobal,8,5e-05,0.0001,0.2,1.0,0.25,0.05,lr5e-05_bs8_drop0p2_temp1p0_a0p25_b0p05__wd1e-04trmiss0_degmodglobal,31,0.5621275774070195,0.80548095703125,0.7222222222222222,0.8730870980870982,0.38461538461538464,0.0,0.5028791342462812,0.5281387099197933,0.08914534907255854,0.2340505634035383,0.0,0.0,0.0,0.0,0.0,18473,global,0.0
5,4,lr5e-05_bs8_drop0p2_temp1p0_a0p25_b0p05__wd1e-04trmiss0_degmodglobal,8,5e-05,0.0001,0.2,1.0,0.25,0.05,lr5e-05_bs8_drop0p2_temp1p0_a0p25_b0p05__wd1e-04trmiss0_degmodglobal,32,0.6042333330426898,0.776019811630249,0.6666666666666666,0.8082722832722833,0.46153846153846156,0.0,0.546132756131036,0.5750799477100372,0.07385025120207242,0.21381668959345138,0.0,0.0,0.0,0.0,0.0,18473,global,0.0
5,4,lr5e-05_bs8_drop0p2_temp1p0_a0p25_b0p05__wd1e-04trmiss0_degmodglobal,8,5e-05,0.0001,0.2,1.0,0.25,0.05,lr5e-05_bs8_drop0p2_temp1p0_a0p25_b0p05__wd1e-04trmiss0_degmodglobal,33,0.5707750746182033,0.7703709006309509,0.6388888888888888,0.8001914751914752,0.3076923076923077,0.0,0.5136885302407401,0.5313694306782314,0.0947819926909038,0.3142027769769941,0.0,0.0,0.0,0.0,0.0,18473,global,0.0
5,4,lr5e-05_bs8_drop0p2_temp1p0_a0p25_b0p05__wd1e-04trmiss0_degmodglobal,8,5e-05,0.0001,0.2,1.0,0.25,0.05,lr5e-05_bs8_drop0p2_temp1p0_a0p25_b0p05__wd1e-04trmiss0_degmodglobal,34,0.5600537657737732,0.7821459174156189,0.6388888888888888,0.8001914751914752,0.3076923076923077,0.0,0.5184213987418583,0.5257524720260075,0.08305678090878896,0.2707421715770449,0.0,0.0,0.0,0.0,0.0,18473,global,0.0
5,4,lr5e-05_bs8_drop0p2_temp1p0_a0p25_b0p05__wd1e-04trmiss0_degmodglobal,8,5e-05,0.0001,0.2,1.0,0.25,0.05,lr5e-05_bs8_drop0p2_temp1p0_a0p25_b0p05__wd1e-04trmiss0_degmodglobal,35,0.5707754748208183,0.7630365788936615,0.6666666666666667,0.8066017316017318,0.3076923076923077,0.0,0.5070856639317104,0.5370316122259412,0.08529950678348541,0.2483800138745989,0.0,0.0,0.0,0.0,0.0,18473,global,0.0
5,4,lr5e-05_bs8_drop0p2_temp1p0_a0p25_b0p05__wd1e-04trmiss0_degmodglobal,8,5e-05,0.0001,0.2,1.0,0.25,0.05,lr5e-05_bs8_drop0p2_temp1p0_a0p25_b0p05__wd1e-04trmiss0_degmodglobal,36,0.5446319622652871,0.7624658942222595,0.6944444444444444,0.8146825396825397,0.38461538461538464,0.0,0.5026116413729531,0.5130660235881805,0.07723960333636828,0.24512056154864176,0.0,0.0,0.0,0.0,0.0,18473,global,0.0
5,4,lr5e-05_bs8_drop0p2_temp1p0_a0p25_b0p05__wd1e-04trmiss0_degmodglobal,8,5e-05,0.0001,0.2,1.0,0.25,0.05,lr5e-05_bs8_drop0p2_temp1p0_a0p25_b0p05__wd1e-04trmiss0_degmodglobal,37,0.5650568689618792,0.7594212889671326,0.6666666666666667,0.8066017316017318,0.3076923076923077,0.0,0.521233686379024,0.528211670262473,0.09298230122242655,0.271992489695549,0.0,0.0,0.0,0.0,0.0,18473,global,0.0
5,4,lr5e-05_bs8_drop0p2_temp1p0_a0p25_b0p05__wd1e-04trmiss0_degmodglobal,8,5e-05,0.0001,0.2,1.0,0.25,0.05,lr5e-05_bs8_drop0p2_temp1p0_a0p25_b0p05__wd1e-04trmiss0_degmodglobal,38,0.5317826781954084,0.7519250214099884,0.6666666666666667,0.8066017316017318,0.38461538461538464,0.0,0.49524026683398653,0.50209470306124,0.07604652377111572,0.21352707701069967,0.0,0.0,0.0,0.0,0.0,18473,global,0.0
5,4,lr5e-05_bs8_drop0p2_temp1p0_a0p25_b0p05__wd1e-04trmiss0_degmodglobal,8,5e-05,0.0001,0.2,1.0,0.25,0.05,lr5e-05_bs8_drop0p2_temp1p0_a0p25_b0p05__wd1e-04trmiss0_degmodglobal,39,0.534609956400735,0.7563389837741852,0.6944444444444444,0.8436387686387687,0.38461538461538464,0.0,0.49384017075811115,0.5044843511922019,0.07730033567973546,0.21601028101784842,0.0,0.0,0.0,0.0,0.0,18473,global,0.0
5,4,lr5e-05_bs8_drop0p2_temp1p0_a0p25_b0p05__wd1e-04trmiss0_degmodglobal,8,5e-05,0.0001,0.2,1.0,0.25,0.05,lr5e-05_bs8_drop0p2_temp1p0_a0p25_b0p05__wd1e-04trmiss0_degmodglobal,40,0.5537559049470084,0.7560250461101532,0.6944444444444444,0.8436387686387687,0.46153846153846156,0.0,0.5085140253816333,0.5201635403292519,0.08480316719838552,0.24783137014933995,0.0,0.0,0.0,0.0,0.0,18473,global,0.0
5,4,lr5e-05_bs8_drop0p2_temp1p0_a0p25_b0p05__wd1e-04trmiss0_degmodglobal,8,5e-05,0.0001,0.2,1.0,0.25,0.05,lr5e-05_bs8_drop0p2_temp1p0_a0p25_b0p05__wd1e-04trmiss0_degmodglobal,41,0.5666072794369289,0.7452091872692108,0.7222222222222222,0.8714165464165466,0.46153846153846156,0.0,0.49939341630254475,0.5266773360116142,0.10074475833347865,0.29487504065036774,0.0,0.0,0.0,0.0,0.0,18473,global,0.0
5,4,lr5e-05_bs8_drop0p2_temp1p0_a0p25_b0p05__wd1e-04trmiss0_degmodglobal,8,5e-05,0.0001,0.2,1.0,0.25,0.05,lr5e-05_bs8_drop0p2_temp1p0_a0p25_b0p05__wd1e-04trmiss0_degmodglobal,42,0.5669004576546806,0.7454610466957092,0.7222222222222222,0.8714165464165466,0.46153846153846156,0.0,0.5038936734199524,0.5254393901143756,0.09939232149294444,0.3322598103966032,0.0,0.0,0.0,0.0,0.0,18473,global,0.0
5,4,lr5e-05_bs8_drop0p2_temp1p0_a0p25_b0p05__wd1e-04trmiss0_degmodglobal,8,5e-05,0.0001,0.2,1.0,0.25,0.05,lr5e-05_bs8_drop0p2_temp1p0_a0p25_b0p05__wd1e-04trmiss0_degmodglobal,43,0.5321244086538043,0.7553355395793915,0.7222222222222222,0.8714165464165466,0.5384615384615384,0.0,0.4994019312517984,0.5003134608268738,0.08239384900246348,0.22424998453685216,0.0,0.0,0.0,0.0,0.0,18473,global,0.0
5,4,lr5e-05_bs8_drop0p2_temp1p0_a0p25_b0p05__wd1e-04trmiss0_degmodglobal,8,5e-05,0.0001,0.2,1.0,0.25,0.05,lr5e-05_bs8_drop0p2_temp1p0_a0p25_b0p05__wd1e-04trmiss0_degmodglobal,44,0.539645424910954,0.751963883638382,0.7222222222222222,0.8714165464165466,0.46153846153846156,0.0,0.5058335789612362,0.5043214304106576,0.09147235644715172,0.2491182110139302,0.0,0.0,0.0,0.0,0.0,18473,global,0.0
5,4,lr5e-05_bs8_drop0p2_temp1p0_a0p25_b0p05__wd1e-04trmiss0_degmodglobal,8,5e-05,0.0001,0.2,1.0,0.25,0.05,lr5e-05_bs8_drop0p2_temp1p0_a0p25_b0p05__wd1e-04trmiss0_degmodglobal,45,0.5507110186985561,0.7363675534725189,0.6944444444444444,0.8436387686387687,0.38461538461538464,0.0,0.49111525075776236,0.5098481093134198,0.10296532618147987,0.30243159191949026,0.0,0.0,0.0,0.0,0.0,18473,global,0.0
5,4,lr5e-05_bs8_drop0p2_temp1p0_a0p25_b0p05__wd1e-04trmiss0_degmodglobal,8,5e-05,0.0001,0.2,1.0,0.25,0.05,lr5e-05_bs8_drop0p2_temp1p0_a0p25_b0p05__wd1e-04trmiss0_degmodglobal,46,0.5417939807687487,0.7368265688419342,0.6944444444444444,0.8436387686387687,0.38461538461538464,0.0,0.48374553663390024,0.5033814523901258,0.0957536633525576,0.2894825339317322,0.0,0.0,0.0,0.0,0.0,18473,global,0.0
5,4,lr5e-05_bs8_drop0p2_temp1p0_a0p25_b0p05__wd1e-04trmiss0_degmodglobal,8,5e-05,0.0001,0.2,1.0,0.25,0.05,lr5e-05_bs8_drop0p2_temp1p0_a0p25_b0p05__wd1e-04trmiss0_degmodglobal,47,0.5436224596840995,0.735335111618042,0.75,0.8794973544973546,0.5384615384615384,0.0,0.475285998412541,0.5114327456269946,0.07889102292912346,0.24933924419539316,0.0,0.0,0.0,0.0,0.0,18473,global,0.0
5,4,lr5e-05_bs8_drop0p2_temp1p0_a0p25_b0p05__wd1e-04trmiss0_degmodglobal,8,5e-05,0.0001,0.2,1.0,0.25,0.05,lr5e-05_bs8_drop0p2_temp1p0_a0p25_b0p05__wd1e-04trmiss0_degmodglobal,48,0.5476305059024266,0.7441581785678864,0.75,0.8794973544973546,0.5384615384615384,0.0,0.4950133391789028,0.5114666393824986,0.0875589017357145,0.285482651421002,0.0,0.0,0.0,0.0,0.0,18473,global,0.0
5,4,lr5e-05_bs8_drop0p2_temp1p0_a0p25_b0p05__wd1e-04trmiss0_degmodglobal,8,5e-05,0.0001,0.2,1.0,0.25,0.05,lr5e-05_bs8_drop0p2_temp1p0_a0p25_b0p05__wd1e-04trmiss0_degmodglobal,49,0.5436094658715385,0.7342213094234467,0.75,0.8794973544973546,0.5384615384615384,0.0,0.4795313647815159,0.5150370342390878,0.07492511187280927,0.19682293491704123,0.0,0.0,0.0,0.0,0.0,18473,global,0.0
5,4,lr5e-05_bs8_drop0p2_temp1p0_a0p25_b0p05__wd1e-04trmiss0_degmodglobal,8,5e-05,0.0001,0.2,1.0,0.25,0.05,lr5e-05_bs8_drop0p2_temp1p0_a0p25_b0p05__wd1e-04trmiss0_degmodglobal,50,0.5284548061234611,0.7445163726806641,0.75,0.8794973544973546,0.38461538461538464,0.0,0.47438664947237286,0.49000166995184763,0.09786726108619145,0.2797263924564634,0.0,0.0,0.0,0.0,0.0,18473,global,0.0
5,4,lr5e-05_bs8_drop0p2_temp1p0_a0p25_b0p05__wd1e-04trmiss0_degmodglobal,8,5e-05,0.0001,0.2,1.0,0.25,0.05,lr5e-05_bs8_drop0p2_temp1p0_a0p25_b0p05__wd1e-04trmiss0_degmodglobal,51,0.547778423343386,0.7414520978927612,0.75,0.8794973544973546,0.5384615384615384,0.0,0.4998632414000375,0.5110193533556802,0.09322045424154826,0.26907919347286224,0.0,0.0,0.0,0.0,0.0,18473,global,0.0
5,4,lr5e-05_bs8_drop0p2_temp1p0_a0p25_b0p05__wd1e-04trmiss0_degmodglobal,8,5e-05,0.0001,0.2,1.0,0.25,0.05,lr5e-05_bs8_drop0p2_temp1p0_a0p25_b0p05__wd1e-04trmiss0_degmodglobal,52,0.5358954923493522,0.7260039746761322,0.7222222222222222,0.8714165464165466,0.5384615384615384,0.0,0.4805614565099989,0.5027272956711906,0.08568709982292992,0.23492848873138428,0.0,0.0,0.0,0.0,0.0,18473,global,0.0
5,4,lr5e-05_bs8_drop0p2_temp1p0_a0p25_b0p05__wd1e-04trmiss0_degmodglobal,8,5e-05,0.0001,0.2,1.0,0.25,0.05,lr5e-05_bs8_drop0p2_temp1p0_a0p25_b0p05__wd1e-04trmiss0_degmodglobal,53,0.565334005015237,0.7261355817317963,0.75,0.8794973544973546,0.5384615384615384,0.0,0.5102702634675162,0.5284248718193599,0.08915419237954277,0.2924116424151829,0.0,0.0,0.0,0.0,0.0,18473,global,0.0
5,4,lr5e-05_bs8_drop0p2_temp1p0_a0p25_b0p05__wd1e-04trmiss0_degmodglobal,8,5e-05,0.0001,0.2,1.0,0.25,0.05,lr5e-05_bs8_drop0p2_temp1p0_a0p25_b0p05__wd1e-04trmiss0_degmodglobal,54,0.5167733175413949,0.7358786761760712,0.75,0.8794973544973546,0.46153846153846156,0.0,0.4743163117340633,0.481686532497406,0.08723918880735125,0.26553982709135326,0.0,0.0,0.0,0.0,0.0,18473,global,0.0
5,4,lr5e-05_bs8_drop0p2_temp1p0_a0p25_b0p05__wd1e-04trmiss0_degmodglobal,8,5e-05,0.0001,0.2,1.0,0.25,0.05,lr5e-05_bs8_drop0p2_temp1p0_a0p25_b0p05__wd1e-04trmiss0_degmodglobal,55,0.5585756897926331,0.7435693442821503,0.75,0.8794973544973546,0.5384615384615384,0.0,0.48098947746413095,0.5300201305321285,0.06712033333522933,0.2355097308754921,0.0,0.0,0.0,0.0,0.0,18473,global,0.0
5,4,lr5e-05_bs8_drop0p2_temp1p0_a0p25_b0p05__wd1e-04trmiss0_degmodglobal,8,5e-05,0.0001,0.2,1.0,0.25,0.05,lr5e-05_bs8_drop0p2_temp1p0_a0p25_b0p05__wd1e-04trmiss0_degmodglobal,56,0.5957555600575039,0.7554227113723755,0.7222222222222222,0.8714165464165466,0.46153846153846156,0.0,0.4957578480243683,0.5612342400210244,0.085701442190579,0.26191933027335573,0.0,0.0,0.0,0.0,0.0,18473,global,0.0
5,4,lr5e-05_bs8_drop0p2_temp1p0_a0p25_b0p05__wd1e-04trmiss0_degmodglobal,8,5e-05,0.0001,0.2,1.0,0.25,0.05,lr5e-05_bs8_drop0p2_temp1p0_a0p25_b0p05__wd1e-04trmiss0_degmodglobal,57,0.5299736474241529,0.7328073680400848,0.7222222222222222,0.8714165464165466,0.46153846153846156,0.0,0.4897246616227286,0.49744464669908794,0.08565804521952357,0.2222896654691015,0.0,0.0,0.0,0.0,0.0,18473,global,0.0
5,4,lr5e-05_bs8_drop0p2_temp1p0_a0p25_b0p05__wd1e-04trmiss0_degmodglobal,8,5e-05,0.0001,0.2,1.0,0.25,0.05,lr5e-05_bs8_drop0p2_temp1p0_a0p25_b0p05__wd1e-04trmiss0_degmodglobal,58,0.5244896624769483,0.7303315103054047,0.6944444444444444,0.8436387686387687,0.46153846153846156,0.0,0.4842362829617092,0.49378632647650583,0.07821680924722127,0.22298264077731542,0.0,0.0,0.0,0.0,0.0,18473,global,0.0
5,4,lr5e-05_bs8_drop0p2_temp1p0_a0p25_b0p05__wd1e-04trmiss0_degmodglobal,8,5e-05,0.0001,0.2,1.0,0.25,0.05,lr5e-05_bs8_drop0p2_temp1p0_a0p25_b0p05__wd1e-04trmiss0_degmodglobal,59,0.5355922281742096,0.7102165520191193,0.7222222222222222,0.8714165464165466,0.46153846153846156,0.0,0.47216824548585073,0.4967787776674543,0.09922459934438978,0.2801460027694702,0.0,0.0,0.0,0.0,0.0,18473,global,0.0
5,4,lr5e-05_bs8_drop0p2_temp1p0_a0p25_b0p05__wd1e-04trmiss0_degmodglobal,8,5e-05,0.0001,0.2,1.0,0.25,0.05,lr5e-05_bs8_drop0p2_temp1p0_a0p25_b0p05__wd1e-04trmiss0_degmodglobal,60,0.5373084204537528,0.7106178998947144,0.7222222222222222,0.8714165464165466,0.5384615384615384,0.0,0.4803714496748788,0.5015476090567452,0.0905781521328858,0.26232531666755676,0.0,0.0,0.0,0.0,0.0,18473,global,0.0
5,4,lr5e-05_bs8_drop0p2_temp1p0_a0p25_b0p05__wd1e-04trmiss0_degmodglobal,8,5e-05,0.0001,0.2,1.0,0.25,0.05,lr5e-05_bs8_drop0p2_temp1p0_a0p25_b0p05__wd1e-04trmiss0_degmodglobal,61,0.5640698543616703,0.7071929275989532,0.7222222222222222,0.8714165464165466,0.5384615384615384,0.0,0.487776803118842,0.5276519741330828,0.0970865147454398,0.24292496272495814,0.0,0.0,0.0,0.0,0.0,18473,global,0.0
5,4,lr5e-05_bs8_drop0p2_temp1p0_a0p25_b0p05__wd1e-04trmiss0_degmodglobal,8,5e-05,0.0001,0.2,1.0,0.25,0.05,lr5e-05_bs8_drop0p2_temp1p0_a0p25_b0p05__wd1e-04trmiss0_degmodglobal,62,0.5421946346759796,0.7238229513168335,0.75,0.8794973544973546,0.38461538461538464,0.0,0.4656329027244023,0.5076887905597687,0.08595974743366241,0.26031810470989775,0.0,0.0,0.0,0.0,0.0,18473,global,0.0
5,4,lr5e-05_bs8_drop0p2_temp1p0_a0p25_b0p05__wd1e-04trmiss0_degmodglobal,8,5e-05,0.0001,0.2,1.0,0.25,0.05,lr5e-05_bs8_drop0p2_temp1p0_a0p25_b0p05__wd1e-04trmiss0_degmodglobal,63,0.5248405635356903,0.7216704189777374,0.75,0.8794973544973546,0.46153846153846156,0.0,0.474811600787299,0.49143598335129873,0.08085761432136808,0.26380341606480734,0.0,0.0,0.0,0.0,0.0,18473,global,0.0
5,4,lr5e-05_bs8_drop0p2_temp1p0_a0p25_b0p05__wd1e-04trmiss0_degmodglobal,8,5e-05,0.0001,0.2,1.0,0.25,0.05,lr5e-05_bs8_drop0p2_temp1p0_a0p25_b0p05__wd1e-04trmiss0_degmodglobal,64,0.5625344599996295,0.7197734713554382,0.6944444444444444,0.8146825396825397,0.3076923076923077,0.0,0.4815990286214011,0.5193184316158295,0.10587155712502343,0.3349625894001552,0.0,0.0,0.0,0.0,0.0,18473,global,0.0
5,4,lr5e-05_bs8_drop0p2_temp1p0_a0p25_b0p05__wd1e-04trmiss0_degmodglobal,8,5e-05,0.0001,0.2,1.0,0.25,0.05,lr5e-05_bs8_drop0p2_temp1p0_a0p25_b0p05__wd1e-04trmiss0_degmodglobal,65,0.5391439582620349,0.7309090197086334,0.75,0.8794973544973546,0.38461538461538464,0.0,0.4787665605545044,0.5014206554208483,0.09783330506512097,0.26529973638909204,0.0,0.0,0.0,0.0,0.0,18473,global,0.0
5,4,lr5e-05_bs8_drop0p2_temp1p0_a0p25_b0p05__wd1e-04trmiss0_degmodglobal,8,5e-05,0.0001,0.2,1.0,0.25,0.05,lr5e-05_bs8_drop0p2_temp1p0_a0p25_b0p05__wd1e-04trmiss0_degmodglobal,66,0.5506382371698108,0.732812911272049,0.6666666666666667,0.8066017316017318,0.38461538461538464,0.0,0.46889195271900724,0.5110297117914472,0.10099360240357262,0.28720253918852123,0.0,0.0,0.0,0.0,0.0,18473,global,0.0
5,4,lr5e-05_bs8_drop0p2_temp1p0_a0p25_b0p05__wd1e-04trmiss0_degmodglobal,8,5e-05,0.0001,0.2,1.0,0.25,0.05,lr5e-05_bs8_drop0p2_temp1p0_a0p25_b0p05__wd1e-04trmiss0_degmodglobal,67,0.5557899858270373,0.7230546176433563,0.6666666666666667,0.8066017316017318,0.3076923076923077,0.0,0.469674003975732,0.5136082768440247,0.1079390501337392,0.30393890185015543,0.0,0.0,0.0,0.0,0.0,18473,global,0.0
5,4,lr5e-05_bs8_drop0p2_temp1p0_a0p25_b0p05__wd1e-04trmiss0_degmodglobal,8,5e-05,0.0001,0.2,1.0,0.25,0.05,lr5e-05_bs8_drop0p2_temp1p0_a0p25_b0p05__wd1e-04trmiss0_degmodglobal,68,0.5721734975065503,0.7094567716121674,0.6666666666666667,0.8066017316017318,0.3076923076923077,0.0,0.48089280298777987,0.5320933674063001,0.09643521692071642,0.31942677817174364,0.0,0.0,0.0,0.0,0.0,18473,global,0.0
5,4,lr5e-05_bs8_drop0p2_temp1p0_a0p25_b0p05__wd1e-04trmiss0_degmodglobal,8,5e-05,0.0001,0.2,1.0,0.25,0.05,lr5e-05_bs8_drop0p2_temp1p0_a0p25_b0p05__wd1e-04trmiss0_degmodglobal,69,0.5350978033883231,0.7042920291423798,0.6944444444444444,0.8146825396825397,0.38461538461538464,0.0,0.45143925717898775,0.495236269065312,0.09486710067306246,0.3228952224765505,0.0,0.0,0.0,0.0,0.0,18473,global,0.0
5,4,lr5e-05_bs8_drop0p2_temp1p0_a0p25_b0p05__wd1e-04trmiss0_degmodglobal,8,5e-05,0.0001,0.2,1.0,0.25,0.05,lr5e-05_bs8_drop0p2_temp1p0_a0p25_b0p05__wd1e-04trmiss0_degmodglobal,70,0.5368713991982597,0.6970462799072266,0.75,0.8794973544973546,0.5384615384615384,0.0,0.4612601782594408,0.49897593685558866,0.08823736331292562,0.31672235471861704,0.0,0.0,0.0,0.0,0.0,18473,global,0.0
5,4,lr5e-05_bs8_drop0p2_temp1p0_a0p25_b0p05__wd1e-04trmiss0_degmodglobal,8,5e-05,0.0001,0.2,1.0,0.25,0.05,lr5e-05_bs8_drop0p2_temp1p0_a0p25_b0p05__wd1e-04trmiss0_degmodglobal,71,0.564943905387606,0.6892461478710175,0.75,0.8794973544973546,0.5384615384615384,0.0,0.4890681079455784,0.522655555180141,0.10342151778084892,0.32865962386131287,0.0,0.0,0.0,0.0,0.0,18473,global,0.0
5,4,lr5e-05_bs8_drop0p2_temp1p0_a0p25_b0p05__wd1e-04trmiss0_degmodglobal,8,5e-05,0.0001,0.2,1.0,0.25,0.05,lr5e-05_bs8_drop0p2_temp1p0_a0p25_b0p05__wd1e-04trmiss0_degmodglobal,72,0.5327117570808956,0.7003803551197052,0.7222222222222222,0.8714165464165466,0.5384615384615384,0.0,0.4612006289618356,0.4893286909375872,0.10588725549834115,0.33822510497910635,0.0,0.0,0.0,0.0,0.0,18473,global,0.0
5,4,lr5e-05_bs8_drop0p2_temp1p0_a0p25_b0p05__wd1e-04trmiss0_degmodglobal,8,5e-05,0.0001,0.2,1.0,0.25,0.05,lr5e-05_bs8_drop0p2_temp1p0_a0p25_b0p05__wd1e-04trmiss0_degmodglobal,73,0.4973520508834294,0.7046809494495392,0.75,0.8794973544973546,0.46153846153846156,0.0,0.43489615832056316,0.465858165706907,0.0799909196794033,0.22992289545280592,0.0,0.0,0.0,0.0,0.0,18473,global,0.0
5,4,lr5e-05_bs8_drop0p2_temp1p0_a0p25_b0p05__wd1e-04trmiss0_degmodglobal,8,5e-05,0.0001,0.2,1.0,0.25,0.05,lr5e-05_bs8_drop0p2_temp1p0_a0p25_b0p05__wd1e-04trmiss0_degmodglobal,74,0.5150916448661259,0.7081142365932465,0.75,0.8794973544973546,0.46153846153846156,0.0,0.43730308754103525,0.47804359453065054,0.09702426088707787,0.2558396916304316,0.0,0.0,0.0,0.0,0.0,18473,global,0.0
5,4,lr5e-05_bs8_drop0p2_temp1p0_a0p25_b0p05__wd1e-04trmiss0_degmodglobal,8,5e-05,0.0001,0.2,1.0,0.25,0.05,lr5e-05_bs8_drop0p2_temp1p0_a0p25_b0p05__wd1e-04trmiss0_degmodglobal,75,0.5321959469999585,0.7176512777805328,0.75,0.8794973544973546,0.46153846153846156,0.0,0.4507018881184714,0.4915061720779964,0.10109437629580498,0.3083232438990048,0.0,0.0,0.0,0.0,0.0,18473,global,0.0
5,4,lr5e-05_bs8_drop0p2_temp1p0_a0p25_b0p05__wd1e-04trmiss0_degmodglobal,8,5e-05,0.0001,0.2,1.0,0.25,0.05,lr5e-05_bs8_drop0p2_temp1p0_a0p25_b0p05__wd1e-04trmiss0_degmodglobal,76,0.5138381378991264,0.732160210609436,0.75,0.8794973544973546,0.38461538461538464,0.0,0.44386860728263855,0.4768354424408504,0.09226718757833753,0.278717964887619,0.0,0.0,0.0,0.0,0.0,18473,global,0.0
5,4,lr5e-05_bs8_drop0p2_temp1p0_a0p25_b0p05__wd1e-04trmiss0_degmodglobal,8,5e-05,0.0001,0.2,1.0,0.25,0.05,lr5e-05_bs8_drop0p2_temp1p0_a0p25_b0p05__wd1e-04trmiss0_degmodglobal,77,0.5319475914750781,0.7198653519153595,0.75,0.8794973544973546,0.5384615384615384,0.0,0.47750075800078257,0.4936632088252476,0.10147431705679212,0.2583156440939222,0.0,0.0,0.0,0.0,0.0,18473,global,0.0
5,4,lr5e-05_bs8_drop0p2_temp1p0_a0p25_b0p05__wd1e-04trmiss0_degmodglobal,8,5e-05,0.0001,0.2,1.0,0.25,0.05,lr5e-05_bs8_drop0p2_temp1p0_a0p25_b0p05__wd1e-04trmiss0_degmodglobal,78,0.5266537325722831,0.7298057079315186,0.7222222222222222,0.8714165464165466,0.5384615384615384,0.0,0.45172424401555744,0.486822315624782,0.09934940827744347,0.29988120922020506,0.0,0.0,0.0,0.0,0.0,18473,global,0.0
5,4,lr5e-05_bs8_drop0p2_temp1p0_a0p25_b0p05__wd1e-04trmiss0_degmodglobal,8,5e-05,0.0001,0.2,1.0,0.25,0.05,lr5e-05_bs8_drop0p2_temp1p0_a0p25_b0p05__wd1e-04trmiss0_degmodglobal,79,0.5032902147088733,0.7253997325897217,0.7222222222222222,0.8714165464165466,0.5384615384615384,0.0,0.4470700877053397,0.4703688195773533,0.08581787667104177,0.22933834791183472,0.0,0.0,0.0,0.0,0.0,18473,global,0.0
5,4,lr5e-05_bs8_drop0p2_temp1p0_a0p25_b0p05__wd1e-04trmiss0_degmodglobal,8,5e-05,0.0001,0.2,1.0,0.25,0.05,lr5e-05_bs8_drop0p2_temp1p0_a0p25_b0p05__wd1e-04trmiss0_degmodglobal,80,0.5261804589203426,0.728712797164917,0.7222222222222222,0.8714165464165466,0.5384615384615384,0.0,0.4590581612927573,0.48833949651036945,0.09397473505565099,0.28694595609392437,0.0,0.0,0.0,0.0,0.0,18473,global,0.0
5,4,lr5e-05_bs8_drop0p2_temp2p0_a0p25_b0p05__wd1e-04trmiss0_degmodglobal,8,5e-05,0.0001,0.2,2.0,0.25,0.05,lr5e-05_bs8_drop0p2_temp2p0_a0p25_b0p05__wd1e-04trmiss0_degmodglobal,1,0.733918275151934,1.2822693884372711,0.1388888888888889,0.5506283839617172,0.3076923076923077,0.0,0.6817672422954014,0.7151115621839251,0.05478486099413463,0.10220994161708015,0.0,0.0,0.0,0.0,0.0,18473,global,0.0
5,4,lr5e-05_bs8_drop0p2_temp2p0_a0p25_b0p05__wd1e-04trmiss0_degmodglobal,8,5e-05,0.0001,0.2,2.0,0.25,0.05,lr5e-05_bs8_drop0p2_temp2p0_a0p25_b0p05__wd1e-04trmiss0_degmodglobal,2,0.7154956034251622,1.4331571757793427,0.1111111111111111,0.5426918760252093,0.3076923076923077,0.0,0.6625663127217974,0.6984192047800336,0.04872371921581881,0.09790938134704318,0.0,0.0,0.0,0.0,0.0,18473,global,0.0
5,4,lr5e-05_bs8_drop0p2_temp2p0_a0p25_b0p05__wd1e-04trmiss0_degmodglobal,8,5e-05,0.0001,0.2,2.0,0.25,0.05,lr5e-05_bs8_drop0p2_temp2p0_a0p25_b0p05__wd1e-04trmiss0_degmodglobal,3,0.7184698837144035,1.5781948268413544,0.1111111111111111,0.5458664791998125,0.15384615384615385,0.0,0.6580590520586286,0.6971698573657444,0.05864483703460012,0.13277632370591164,0.0,0.0,0.0,0.0,0.0,18473,global,0.0
5,4,lr5e-05_bs8_drop0p2_temp2p0_a0p25_b0p05__wd1e-04trmiss0_degmodglobal,8,5e-05,0.0001,0.2,2.0,0.25,0.05,lr5e-05_bs8_drop0p2_temp2p0_a0p25_b0p05__wd1e-04trmiss0_degmodglobal,4,0.6827695540019444,1.6368888318538666,0.1111111111111111,0.5458664791998125,0.15384615384615385,0.0,0.6259018608501979,0.6650566373552594,0.05347991308995655,0.08685862751943725,0.0,0.0,0.0,0.0,0.0,18473,global,0.0
5,4,lr5e-05_bs8_drop0p2_temp2p0_a0p25_b0p05__wd1e-04trmiss0_degmodglobal,8,5e-05,0.0001,0.2,2.0,0.25,0.05,lr5e-05_bs8_drop0p2_temp2p0_a0p25_b0p05__wd1e-04trmiss0_degmodglobal,5,0.6798050829342434,1.6847287714481354,0.1388888888888889,0.5506283839617172,0.3076923076923077,0.0,0.6478095735822406,0.6630952613694328,0.048085717750447135,0.09376823316727366,0.0,0.0,0.0,0.0,0.0,18473,global,0.0
5,4,lr5e-05_bs8_drop0p2_temp2p0_a0p25_b0p05__wd1e-04trmiss0_degmodglobal,8,5e-05,0.0001,0.2,2.0,0.25,0.05,lr5e-05_bs8_drop0p2_temp2p0_a0p25_b0p05__wd1e-04trmiss0_degmodglobal,6,0.671273376260485,1.706055074930191,0.2222222222222222,0.5768629518629518,0.38461538461538464,0.0,0.6378699200493949,0.6547098926135472,0.04630604652421815,0.0997396968305111,0.0,0.0,0.0,0.0,0.0,18473,global,0.0
5,4,lr5e-05_bs8_drop0p2_temp2p0_a0p25_b0p05__wd1e-04trmiss0_degmodglobal,8,5e-05,0.0001,0.2,2.0,0.25,0.05,lr5e-05_bs8_drop0p2_temp2p0_a0p25_b0p05__wd1e-04trmiss0_degmodglobal,7,0.6805776527949742,1.7282262742519379,0.1111111111111111,0.5458664791998125,0.23076923076923078,0.0,0.6037130355834961,0.6642604555402484,0.04536189963775022,0.09953433541314942,0.0,0.0,0.0,0.0,0.0,18473,global,0.0
5,4,lr5e-05_bs8_drop0p2_temp2p0_a0p25_b0p05__wd1e-04trmiss0_degmodglobal,8,5e-05,0.0001,0.2,2.0,0.25,0.05,lr5e-05_bs8_drop0p2_temp2p0_a0p25_b0p05__wd1e-04trmiss0_degmodglobal,8,0.640100223677499,1.7492186725139618,0.16666666666666669,0.5723215056548391,0.23076923076923078,0.0,0.6107016120638166,0.6240997995649066,0.047245654676641734,0.08378020620771817,0.0,0.0,0.0,0.0,0.0,18473,global,0.0
5,4,lr5e-05_bs8_drop0p2_temp2p0_a0p25_b0p05__wd1e-04trmiss0_degmodglobal,8,5e-05,0.0001,0.2,2.0,0.25,0.05,lr5e-05_bs8_drop0p2_temp2p0_a0p25_b0p05__wd1e-04trmiss0_degmodglobal,9,0.6450005854879107,1.7505238354206085,0.16666666666666666,0.5617394950728285,0.3076923076923077,0.0,0.6152047429765973,0.6311351827212742,0.0412318328661578,0.07114854135683604,0.0,0.0,0.0,0.0,0.0,18473,global,0.0
5,4,lr5e-05_bs8_drop0p2_temp2p0_a0p25_b0p05__wd1e-04trmiss0_degmodglobal,8,5e-05,0.0001,0.2,2.0,0.25,0.05,lr5e-05_bs8_drop0p2_temp2p0_a0p25_b0p05__wd1e-04trmiss0_degmodglobal,10,0.6248716115951538,1.740393728017807,0.25,0.5911486661486662,0.38461538461538464,0.0,0.5901667305401394,0.6093076808112008,0.04759334985698972,0.07331168731408459,0.0,0.0,0.0,0.0,0.0,18473,global,0.0
5,4,lr5e-05_bs8_drop0p2_temp2p0_a0p25_b0p05__wd1e-04trmiss0_degmodglobal,8,5e-05,0.0001,0.2,2.0,0.25,0.05,lr5e-05_bs8_drop0p2_temp2p0_a0p25_b0p05__wd1e-04trmiss0_degmodglobal,11,0.6309734242303031,1.727688878774643,0.2777777777777778,0.6096671846671847,0.46153846153846156,0.0,0.5982406735420227,0.6177600877625602,0.036290620054517476,0.0828137504202979,0.0,0.0,0.0,0.0,0.0,18473,global,0.0
5,4,lr5e-05_bs8_drop0p2_temp2p0_a0p25_b0p05__wd1e-04trmiss0_degmodglobal,8,5e-05,0.0001,0.2,2.0,0.25,0.05,lr5e-05_bs8_drop0p2_temp2p0_a0p25_b0p05__wd1e-04trmiss0_degmodglobal,12,0.6434301137924194,1.7289000451564789,0.33333333333333337,0.626995226995227,0.46153846153846156,0.0,0.6132554837635585,0.6257371476718357,0.04929695810590472,0.10737466386386327,0.0,0.0,0.0,0.0,0.0,18473,global,0.0
5,4,lr5e-05_bs8_drop0p2_temp2p0_a0p25_b0p05__wd1e-04trmiss0_degmodglobal,8,5e-05,0.0001,0.2,2.0,0.25,0.05,lr5e-05_bs8_drop0p2_temp2p0_a0p25_b0p05__wd1e-04trmiss0_degmodglobal,13,0.6333743248667035,1.7121944427490234,0.33333333333333337,0.626995226995227,0.46153846153846156,0.0,0.5801221898623875,0.6191702144486564,0.04133255407214165,0.07741950026580266,0.0,0.0,0.0,0.0,0.0,18473,global,0.0
5,4,lr5e-05_bs8_drop0p2_temp2p0_a0p25_b0p05__wd1e-04trmiss0_degmodglobal,8,5e-05,0.0001,0.2,2.0,0.25,0.05,lr5e-05_bs8_drop0p2_temp2p0_a0p25_b0p05__wd1e-04trmiss0_degmodglobal,14,0.619056931563786,1.717694252729416,0.3611111111111111,0.6362544862544863,0.46153846153846156,0.0,0.5848710111209324,0.6051086442811149,0.04157365033669131,0.07109744474291801,0.0,0.0,0.0,0.0,0.0,18473,global,0.0
5,4,lr5e-05_bs8_drop0p2_temp2p0_a0p25_b0p05__wd1e-04trmiss0_degmodglobal,8,5e-05,0.0001,0.2,2.0,0.25,0.05,lr5e-05_bs8_drop0p2_temp2p0_a0p25_b0p05__wd1e-04trmiss0_degmodglobal,15,0.6244525568825858,1.7205199003219604,0.3611111111111111,0.6362544862544863,0.38461538461538464,0.0,0.5733926466533116,0.6097033960478646,0.04365117980965546,0.0767274440399238,0.0,0.0,0.0,0.0,0.0,18473,global,0.0
5,4,lr5e-05_bs8_drop0p2_temp2p0_a0p25_b0p05__wd1e-04trmiss0_degmodglobal,8,5e-05,0.0001,0.2,2.0,0.25,0.05,lr5e-05_bs8_drop0p2_temp2p0_a0p25_b0p05__wd1e-04trmiss0_degmodglobal,16,0.6331899762153625,1.7406232357025146,0.3333333333333333,0.6177359677359677,0.38461538461538464,0.0,0.5612195645059858,0.6164802483149937,0.04642944729753903,0.10204722093684333,0.0,0.0,0.0,0.0,0.0,18473,global,0.0
5,4,lr5e-05_bs8_drop0p2_temp2p0_a0p25_b0p05__wd1e-04trmiss0_degmodglobal,8,5e-05,0.0001,0.2,2.0,0.25,0.05,lr5e-05_bs8_drop0p2_temp2p0_a0p25_b0p05__wd1e-04trmiss0_degmodglobal,17,0.6229924218995231,1.7323531806468964,0.3333333333333333,0.6177359677359677,0.38461538461538464,0.0,0.5803927438599723,0.6078131709780011,0.04711308277079037,0.06801955561552729,0.0,0.0,0.0,0.0,0.0,18473,global,0.0
5,4,lr5e-05_bs8_drop0p2_temp2p0_a0p25_b0p05__wd1e-04trmiss0_degmodglobal,8,5e-05,0.0001,0.2,2.0,0.25,0.05,lr5e-05_bs8_drop0p2_temp2p0_a0p25_b0p05__wd1e-04trmiss0_degmodglobal,18,0.6386399439402989,1.7289554476737976,0.3333333333333333,0.6177359677359677,0.38461538461538464,0.0,0.572900150503431,0.6256284287997654,0.04034299296992166,0.05851535539009741,0.0,0.0,0.0,0.0,0.0,18473,global,0.0
5,4,lr5e-05_bs8_drop0p2_temp2p0_a0p25_b0p05__wd1e-04trmiss0_degmodglobal,8,5e-05,0.0001,0.2,2.0,0.25,0.05,lr5e-05_bs8_drop0p2_temp2p0_a0p25_b0p05__wd1e-04trmiss0_degmodglobal,19,0.6300200053623745,1.725421279668808,0.2777777777777778,0.5985560735560735,0.38461538461538464,0.0,0.5583459053720746,0.6123640963009426,0.047602031379938126,0.11510811001062393,0.0,0.0,0.0,0.0,0.0,18473,global,0.0
5,4,lr5e-05_bs8_drop0p2_temp2p0_a0p25_b0p05__wd1e-04trmiss0_degmodglobal,8,5e-05,0.0001,0.2,2.0,0.25,0.05,lr5e-05_bs8_drop0p2_temp2p0_a0p25_b0p05__wd1e-04trmiss0_degmodglobal,20,0.6380981121744428,1.7549123466014862,0.3055555555555556,0.6084767084767084,0.46153846153846156,0.0,0.55387943983078,0.618407700742994,0.05550665568028178,0.11627489434821266,0.0,0.0,0.0,0.0,0.0,18473,global,0.0
5,4,lr5e-05_bs8_drop0p2_temp2p0_a0p25_b0p05__wd1e-04trmiss0_degmodglobal,8,5e-05,0.0001,0.2,2.0,0.25,0.05,lr5e-05_bs8_drop0p2_temp2p0_a0p25_b0p05__wd1e-04trmiss0_degmodglobal,21,0.6263599736349923,1.7213487029075623,0.3055555555555556,0.6084767084767084,0.5384615384615384,0.0,0.5434318099703107,0.6081851976258414,0.052542545167463164,0.10078307720167297,0.0,0.0,0.0,0.0,0.0,18473,global,0.0
5,4,lr5e-05_bs8_drop0p2_temp2p0_a0p25_b0p05__wd1e-04trmiss0_degmodglobal,8,5e-05,0.0001,0.2,2.0,0.25,0.05,lr5e-05_bs8_drop0p2_temp2p0_a0p25_b0p05__wd1e-04trmiss0_degmodglobal,22,0.6250640324183873,1.706838309764862,0.3333333333333333,0.6177359677359677,0.46153846153846156,0.0,0.557618396622794,0.6064379215240479,0.05039094441703388,0.12056772197995867,0.0,0.0,0.0,0.0,0.0,18473,global,0.0
5,4,lr5e-05_bs8_drop0p2_temp2p0_a0p25_b0p05__wd1e-04trmiss0_degmodglobal,8,5e-05,0.0001,0.2,2.0,0.25,0.05,lr5e-05_bs8_drop0p2_temp2p0_a0p25_b0p05__wd1e-04trmiss0_degmodglobal,23,0.6194798946380615,1.7090569138526917,0.3333333333333333,0.6177359677359677,0.46153846153846156,0.0,0.5415294766426086,0.599686358656202,0.05531615551028933,0.11928984842130116,0.0,0.0,0.0,0.0,0.0,18473,global,0.0
5,4,lr5e-05_bs8_drop0p2_temp2p0_a0p25_b0p05__wd1e-04trmiss0_degmodglobal,8,5e-05,0.0001,0.2,2.0,0.25,0.05,lr5e-05_bs8_drop0p2_temp2p0_a0p25_b0p05__wd1e-04trmiss0_degmodglobal,24,0.6213923266955784,1.7247694432735443,0.3611111111111111,0.6362544862544863,0.46153846153846156,0.0,0.544426713671003,0.6022919501577105,0.054089022534234185,0.11156231377805982,0.0,0.0,0.0,0.0,0.0,18473,global,0.0
5,4,lr5e-05_bs8_drop0p2_temp2p0_a0p25_b0p05__wd1e-04trmiss0_degmodglobal,8,5e-05,0.0001,0.2,2.0,0.25,0.05,lr5e-05_bs8_drop0p2_temp2p0_a0p25_b0p05__wd1e-04trmiss0_degmodglobal,25,0.6178789479391915,1.701225459575653,0.3611111111111111,0.6362544862544863,0.46153846153846156,0.0,0.5470023495810372,0.60227518422263,0.04572262614965439,0.08346220584852355,0.0,0.0,0.0,0.0,0.0,18473,global,0.0
5,4,lr5e-05_bs8_drop0p2_temp2p0_a0p25_b0p05__wd1e-04trmiss0_degmodglobal,8,5e-05,0.0001,0.2,2.0,0.25,0.05,lr5e-05_bs8_drop0p2_temp2p0_a0p25_b0p05__wd1e-04trmiss0_degmodglobal,26,0.6156031233923775,1.7121847569942474,0.3611111111111111,0.6362544862544863,0.46153846153846156,0.0,0.5448943546840123,0.5990781102861676,0.04647811768310411,0.09810957631894521,0.0,0.0,0.0,0.0,0.0,18473,global,0.0
5,4,lr5e-05_bs8_drop0p2_temp2p0_a0p25_b0p05__wd1e-04trmiss0_degmodglobal,8,5e-05,0.0001,0.2,2.0,0.25,0.05,lr5e-05_bs8_drop0p2_temp2p0_a0p25_b0p05__wd1e-04trmiss0_degmodglobal,27,0.6281830668449402,1.7385555505752563,0.3611111111111111,0.6362544862544863,0.6153846153846154,0.0,0.5366264751979283,0.6104149052074977,0.049119810440710614,0.10976393733705793,0.0,0.0,0.0,0.0,0.0,18473,global,0.0
5,4,lr5e-05_bs8_drop0p2_temp2p0_a0p25_b0p05__wd1e-04trmiss0_degmodglobal,8,5e-05,0.0001,0.2,2.0,0.25,0.05,lr5e-05_bs8_drop0p2_temp2p0_a0p25_b0p05__wd1e-04trmiss0_degmodglobal,28,0.613628762108939,1.7254270315170288,0.3333333333333333,0.6177359677359677,0.5384615384615384,0.0,0.5585355503218514,0.5982513001986912,0.044741948534335406,0.08383956045976707,0.0,0.0,0.0,0.0,0.0,18473,global,0.0
5,4,lr5e-05_bs8_drop0p2_temp2p0_a0p25_b0p05__wd1e-04trmiss0_degmodglobal,8,5e-05,0.0001,0.2,2.0,0.25,0.05,lr5e-05_bs8_drop0p2_temp2p0_a0p25_b0p05__wd1e-04trmiss0_degmodglobal,29,0.6073985270091465,1.7072570025920868,0.3611111111111111,0.6362544862544863,0.5384615384615384,0.0,0.5548228280884879,0.5906079581805638,0.049278918387634416,0.08941637458545822,0.0,0.0,0.0,0.0,0.0,18473,global,0.0
5,4,lr5e-05_bs8_drop0p2_temp2p0_a0p25_b0p05__wd1e-04trmiss0_degmodglobal,8,5e-05,0.0001,0.2,2.0,0.25,0.05,lr5e-05_bs8_drop0p2_temp2p0_a0p25_b0p05__wd1e-04trmiss0_degmodglobal,30,0.6213504416601998,1.7193390130996704,0.3333333333333333,0.6177359677359677,0.46153846153846156,0.0,0.5404521099158696,0.6001529182706561,0.05847657684768949,0.13156766231570924,0.0,0.0,0.0,0.0,0.0,18473,global,0.0
5,4,lr5e-05_bs8_drop0p2_temp2p0_a0p25_b0p05__wd1e-04trmiss0_degmodglobal,8,5e-05,0.0001,0.2,2.0,0.25,0.05,lr5e-05_bs8_drop0p2_temp2p0_a0p25_b0p05__wd1e-04trmiss0_degmodglobal,31,0.6204720735549927,1.7087863981723785,0.3611111111111111,0.624806674806675,0.5384615384615384,0.0,0.5603930183819362,0.604351316179548,0.04683045404297965,0.08826288886900459,0.0,0.0,0.0,0.0,0.0,18473,global,0.0
5,4,lr5e-05_bs8_drop0p2_temp2p0_a0p25_b0p05__wd1e-04trmiss0_degmodglobal,8,5e-05,0.0001,0.2,2.0,0.25,0.05,lr5e-05_bs8_drop0p2_temp2p0_a0p25_b0p05__wd1e-04trmiss0_degmodglobal,32,0.6258062039102826,1.6968706250190735,0.3888888888888889,0.6433251933251934,0.6153846153846154,0.0,0.5219398992402213,0.6044930304799762,0.061980637056486945,0.11636040146861758,0.0,0.0,0.0,0.0,0.0,18473,global,0.0
5,4,lr5e-05_bs8_drop0p2_temp2p0_a0p25_b0p05__wd1e-04trmiss0_degmodglobal,8,5e-05,0.0001,0.2,2.0,0.25,0.05,lr5e-05_bs8_drop0p2_temp2p0_a0p25_b0p05__wd1e-04trmiss0_degmodglobal,33,0.6316945382526943,1.692609280347824,0.3611111111111111,0.624806674806675,0.5384615384615384,0.0,0.5467144676617214,0.6118157165391105,0.052261244505643845,0.13627034053206444,0.0,0.0,0.0,0.0,0.0,18473,global,0.0
5,4,lr5e-05_bs8_drop0p2_temp2p0_a0p25_b0p05__wd1e-04trmiss0_degmodglobal,8,5e-05,0.0001,0.2,2.0,0.25,0.05,lr5e-05_bs8_drop0p2_temp2p0_a0p25_b0p05__wd1e-04trmiss0_degmodglobal,34,0.6037776044436863,1.707333654165268,0.3888888888888889,0.6433251933251934,0.46153846153846156,0.0,0.5424904312406268,0.5847218632698059,0.05150248961789267,0.12360219763857978,0.0,0.0,0.0,0.0,0.0,18473,global,0.0
5,4,lr5e-05_bs8_drop0p2_temp2p0_a0p25_b0p05__wd1e-04trmiss0_degmodglobal,8,5e-05,0.0001,0.2,2.0,0.25,0.05,lr5e-05_bs8_drop0p2_temp2p0_a0p25_b0p05__wd1e-04trmiss0_degmodglobal,35,0.6170964241027832,1.7009580433368683,0.3611111111111111,0.6362544862544863,0.46153846153846156,0.0,0.5159488873822349,0.5980240447180611,0.052160310958112986,0.12064601108431816,0.0,0.0,0.0,0.0,0.0,18473,global,0.0
5,4,lr5e-05_bs8_drop0p2_temp2p0_a0p25_b0p05__wd1e-04trmiss0_degmodglobal,8,5e-05,0.0001,0.2,2.0,0.25,0.05,lr5e-05_bs8_drop0p2_temp2p0_a0p25_b0p05__wd1e-04trmiss0_degmodglobal,36,0.6136744703565326,1.683316707611084,0.3611111111111111,0.6362544862544863,0.46153846153846156,0.0,0.5154535855565753,0.5934090869767326,0.057558627533061166,0.11751447139041764,0.0,0.0,0.0,0.0,0.0,18473,global,0.0
5,4,lr5e-05_bs8_drop0p2_temp2p0_a0p25_b0p05__wd1e-04trmiss0_degmodglobal,8,5e-05,0.0001,0.2,2.0,0.25,0.05,lr5e-05_bs8_drop0p2_temp2p0_a0p25_b0p05__wd1e-04trmiss0_degmodglobal,37,0.62359790291105,1.7024029791355133,0.3611111111111111,0.6362544862544863,0.38461538461538464,0.0,0.5137662887573242,0.6036961844989231,0.05913891004664557,0.10233970412186214,0.0,0.0,0.0,0.0,0.0,18473,global,0.0
5,4,lr5e-05_bs8_drop0p2_temp2p0_a0p25_b0p05__wd1e-04trmiss0_degmodglobal,8,5e-05,0.0001,0.2,2.0,0.25,0.05,lr5e-05_bs8_drop0p2_temp2p0_a0p25_b0p05__wd1e-04trmiss0_degmodglobal,38,0.6052350316728864,1.7093431055545807,0.3611111111111111,0.6362544862544863,0.46153846153846156,0.0,0.5295363324029105,0.5867086904389518,0.053681720580373495,0.10211792694670814,0.0,0.0,0.0,0.0,0.0,18473,global,0.0
5,4,lr5e-05_bs8_drop0p2_temp2p0_a0p25_b0p05__wd1e-04trmiss0_degmodglobal,8,5e-05,0.0001,0.2,2.0,0.25,0.05,lr5e-05_bs8_drop0p2_temp2p0_a0p25_b0p05__wd1e-04trmiss0_degmodglobal,39,0.6297963602202279,1.748380422592163,0.3611111111111111,0.6362544862544863,0.5384615384615384,0.0,0.5362746460097176,0.6061437981469291,0.06405303786907877,0.15278603242976324,0.0,0.0,0.0,0.0,0.0,18473,global,0.0
5,4,lr5e-05_bs8_drop0p2_temp2p0_a0p25_b0p05__wd1e-04trmiss0_degmodglobal,8,5e-05,0.0001,0.2,2.0,0.25,0.05,lr5e-05_bs8_drop0p2_temp2p0_a0p25_b0p05__wd1e-04trmiss0_degmodglobal,40,0.6210181627954755,1.7190019190311432,0.3611111111111111,0.6362544862544863,0.6153846153846154,0.0,0.5380821568625314,0.5999735423496791,0.06050841776388032,0.11835025463785444,0.0,0.0,0.0,0.0,0.0,18473,global,0.0
5,4,lr5e-05_bs8_drop0p2_temp2p0_a0p25_b0p05__wd1e-04trmiss0_degmodglobal,8,5e-05,0.0001,0.2,2.0,0.25,0.05,lr5e-05_bs8_drop0p2_temp2p0_a0p25_b0p05__wd1e-04trmiss0_degmodglobal,41,0.6028860807418823,1.7450667023658752,0.3333333333333333,0.6177359677359677,0.6153846153846154,0.0,0.5263715854712895,0.5810421449797494,0.06187696967806135,0.1274939634438072,0.0,0.0,0.0,0.0,0.0,18473,global,0.0
5,4,lr5e-05_bs8_drop0p2_temp2p0_a0p25_b0p05__wd1e-04trmiss0_degmodglobal,8,5e-05,0.0001,0.2,2.0,0.25,0.05,lr5e-05_bs8_drop0p2_temp2p0_a0p25_b0p05__wd1e-04trmiss0_degmodglobal,42,0.6125145724841526,1.735361635684967,0.3611111111111111,0.6362544862544863,0.5384615384615384,0.0,0.5103735072272164,0.593569278717041,0.05551341442125184,0.1013385642852102,0.0,0.0,0.0,0.0,0.0,18473,global,0.0
5,4,lr5e-05_bs8_drop0p2_temp2p0_a0p25_b0p05__wd1e-04trmiss0_degmodglobal,8,5e-05,0.0001,0.2,2.0,0.25,0.05,lr5e-05_bs8_drop0p2_temp2p0_a0p25_b0p05__wd1e-04trmiss0_degmodglobal,43,0.6285912139075143,1.7200557887554169,0.3333333333333333,0.6177359677359677,0.5384615384615384,0.0,0.5135457558291299,0.6063463176999774,0.05811356859547751,0.15432991087436676,0.0,0.0,0.0,0.0,0.0,18473,global,0.0
5,4,lr5e-05_bs8_drop0p2_temp2p0_a0p25_b0p05__wd1e-04trmiss0_degmodglobal,8,5e-05,0.0001,0.2,2.0,0.25,0.05,lr5e-05_bs8_drop0p2_temp2p0_a0p25_b0p05__wd1e-04trmiss0_degmodglobal,44,0.6324899452073234,1.7204962074756622,0.3611111111111111,0.6362544862544863,0.5384615384615384,0.0,0.5377764616693769,0.6143303258078439,0.05000655965081283,0.11315964109131268,0.0,0.0,0.0,0.0,0.0,18473,global,0.0
5,4,lr5e-05_bs8_drop0p2_temp2p0_a0p25_b0p05__wd1e-04trmiss0_degmodglobal,8,5e-05,0.0001,0.2,2.0,0.25,0.05,lr5e-05_bs8_drop0p2_temp2p0_a0p25_b0p05__wd1e-04trmiss0_degmodglobal,45,0.5954640422548566,1.7195355892181396,0.3611111111111111,0.6362544862544863,0.38461538461538464,0.0,0.5212810635566711,0.5781545383589608,0.05183742940425873,0.08700305968523026,0.0,0.0,0.0,0.0,0.0,18473,global,0.0
5,4,lr5e-05_bs8_drop0p2_temp2p0_a0p25_b0p05__wd1e-04trmiss0_degmodglobal,8,5e-05,0.0001,0.2,2.0,0.25,0.05,lr5e-05_bs8_drop0p2_temp2p0_a0p25_b0p05__wd1e-04trmiss0_degmodglobal,46,0.6378088252885001,1.7293649017810822,0.3611111111111111,0.6362544862544863,0.5384615384615384,0.0,0.496620523078101,0.6091058935437884,0.07687706074544362,0.18967349082231522,0.0,0.0,0.0,0.0,0.0,18473,global,0.0
5,4,lr5e-05_bs8_drop0p2_temp2p0_a0p25_b0p05__wd1e-04trmiss0_degmodglobal,8,5e-05,0.0001,0.2,2.0,0.25,0.05,lr5e-05_bs8_drop0p2_temp2p0_a0p25_b0p05__wd1e-04trmiss0_degmodglobal,47,0.6315696154321943,1.7195922136306763,0.3611111111111111,0.6362544862544863,0.6153846153846154,0.0,0.5212965437344143,0.6040362971169608,0.08145435686622347,0.14339459368160792,0.0,0.0,0.0,0.0,0.0,18473,global,0.0
5,4,lr5e-05_bs8_drop0p2_temp2p0_a0p25_b0p05__wd1e-04trmiss0_degmodglobal,8,5e-05,0.0001,0.2,2.0,0.25,0.05,lr5e-05_bs8_drop0p2_temp2p0_a0p25_b0p05__wd1e-04trmiss0_degmodglobal,48,0.6307571870940072,1.725699543952942,0.3333333333333333,0.6177359677359677,0.6153846153846154,0.0,0.49705925583839417,0.6015997443880353,0.07977696933916636,0.18426409044436046,0.0,0.0,0.0,0.0,0.0,18473,global,0.0
5,4,lr5e-05_bs8_drop0p2_temp2p0_a0p25_b0p05__wd1e-04trmiss0_degmodglobal,8,5e-05,0.0001,0.2,2.0,0.25,0.05,lr5e-05_bs8_drop0p2_temp2p0_a0p25_b0p05__wd1e-04trmiss0_degmodglobal,49,0.6350543328693935,1.7377393245697021,0.3611111111111111,0.6362544862544863,0.5384615384615384,0.0,0.5130428544112614,0.605865980897631,0.07965908838169915,0.18547156506351062,0.0,0.0,0.0,0.0,0.0,18473,global,0.0
5,4,lr5e-05_bs8_drop0p2_temp2p0_a0p25_b0p05__wd1e-04trmiss0_degmodglobal,8,5e-05,0.0001,0.2,2.0,0.25,0.05,lr5e-05_bs8_drop0p2_temp2p0_a0p25_b0p05__wd1e-04trmiss0_degmodglobal,50,0.6104963762419564,1.736937940120697,0.3611111111111111,0.6362544862544863,0.5384615384615384,0.0,0.4751490865434919,0.5806181175368172,0.08330088108778,0.18106094215597426,0.0,0.0,0.0,0.0,0.0,18473,global,0.0
5,4,lr5e-05_bs8_drop0p2_temp2p0_a0p25_b0p05__wd1e-04trmiss0_degmodglobal,8,5e-05,0.0001,0.2,2.0,0.25,0.05,lr5e-05_bs8_drop0p2_temp2p0_a0p25_b0p05__wd1e-04trmiss0_degmodglobal,51,0.6276702540261405,1.7171749472618103,0.3611111111111111,0.6362544862544863,0.46153846153846156,0.0,0.5050290908132281,0.5985669323376247,0.08445484191179276,0.1597925520368985,0.0,0.0,0.0,0.0,0.0,18473,global,0.0
5,4,lr5e-05_bs8_drop0p2_temp2p0_a0p25_b0p05__wd1e-04trmiss0_degmodglobal,8,5e-05,0.0001,0.2,2.0,0.25,0.05,lr5e-05_bs8_drop0p2_temp2p0_a0p25_b0p05__wd1e-04trmiss0_degmodglobal,52,0.6346999321665082,1.7233658730983734,0.3611111111111111,0.6362544862544863,0.5384615384615384,0.0,0.5133180362837655,0.6104021838733128,0.06976423412561417,0.13713398575782776,0.0,0.0,0.0,0.0,0.0,18473,global,0.0
5,4,lr5e-05_bs8_drop0p4_temp1p0_a0p25_b0p05__wd1e-04trmiss0_degmodglobal,8,5e-05,0.0001,0.4,1.0,0.25,0.05,lr5e-05_bs8_drop0p4_temp1p0_a0p25_b0p05__wd1e-04trmiss0_degmodglobal,1,0.7211685691561017,0.7291496992111206,0.5277777777777778,0.7621082621082622,0.6153846153846154,0.0,0.672560087272099,0.6893064464841571,0.07642014963286263,0.25514185215745655,0.0,0.0,0.0,0.0,0.0,18473,global,0.0
5,4,lr5e-05_bs8_drop0p4_temp1p0_a0p25_b0p05__wd1e-04trmiss0_degmodglobal,8,5e-05,0.0001,0.4,1.0,0.25,0.05,lr5e-05_bs8_drop0p4_temp1p0_a0p25_b0p05__wd1e-04trmiss0_degmodglobal,2,0.713907173701695,0.7103036344051361,0.5833333333333334,0.811050061050061,0.5384615384615384,0.0,0.6650192141532898,0.6896917394229344,0.06685181494270052,0.1500497513583728,0.0,0.0,0.0,0.0,0.0,18473,global,0.0
5,4,lr5e-05_bs8_drop0p4_temp1p0_a0p25_b0p05__wd1e-04trmiss0_degmodglobal,8,5e-05,0.0001,0.4,1.0,0.25,0.05,lr5e-05_bs8_drop0p4_temp1p0_a0p25_b0p05__wd1e-04trmiss0_degmodglobal,3,0.6839619364057269,0.689033031463623,0.6111111111111112,0.819692036358703,0.5384615384615384,0.0,0.6188620839800153,0.6600869723728725,0.06303637554602963,0.16231755380119597,0.0,0.0,0.0,0.0,0.0,18473,global,0.0
5,4,lr5e-05_bs8_drop0p4_temp1p0_a0p25_b0p05__wd1e-04trmiss0_degmodglobal,8,5e-05,0.0001,0.4,1.0,0.25,0.05,lr5e-05_bs8_drop0p4_temp1p0_a0p25_b0p05__wd1e-04trmiss0_degmodglobal,4,0.6797757489340646,0.6815798580646515,0.5833333333333334,0.8077872744539412,0.6153846153846154,0.0,0.6363914353506905,0.6569176316261292,0.05636618605681828,0.17533141055277415,0.0,0.0,0.0,0.0,0.0,18473,global,0.0
5,4,lr5e-05_bs8_drop0p4_temp1p0_a0p25_b0p05__wd1e-04trmiss0_degmodglobal,8,5e-05,0.0001,0.4,1.0,0.25,0.05,lr5e-05_bs8_drop0p4_temp1p0_a0p25_b0p05__wd1e-04trmiss0_degmodglobal,5,0.6683265481676374,0.672160416841507,0.5833333333333334,0.811050061050061,0.6153846153846154,0.0,0.6388506293296814,0.6389822959899902,0.07630755592669759,0.20534693662609374,0.0,0.0,0.0,0.0,0.0,18473,global,0.0
5,4,lr5e-05_bs8_drop0p4_temp1p0_a0p25_b0p05__wd1e-04trmiss0_degmodglobal,8,5e-05,0.0001,0.4,1.0,0.25,0.05,lr5e-05_bs8_drop0p4_temp1p0_a0p25_b0p05__wd1e-04trmiss0_degmodglobal,6,0.6544321945735386,0.6621069312095642,0.5555555555555556,0.7991452991452992,0.6153846153846154,0.0,0.6075156331062317,0.6292682375226702,0.06520981448037284,0.17723019421100616,0.0,0.0,0.0,0.0,0.0,18473,global,0.0
5,4,lr5e-05_bs8_drop0p4_temp1p0_a0p25_b0p05__wd1e-04trmiss0_degmodglobal,8,5e-05,0.0001,0.4,1.0,0.25,0.05,lr5e-05_bs8_drop0p4_temp1p0_a0p25_b0p05__wd1e-04trmiss0_degmodglobal,7,0.6630551985331944,0.642627477645874,0.5277777777777778,0.7778369778369778,0.6923076923076923,0.0,0.634610823222569,0.6387169190815517,0.0642081696007933,0.16572483948298863,0.0,0.0,0.0,0.0,0.0,18473,global,0.0
5,4,lr5e-05_bs8_drop0p4_temp1p0_a0p25_b0p05__wd1e-04trmiss0_degmodglobal,8,5e-05,0.0001,0.4,1.0,0.25,0.05,lr5e-05_bs8_drop0p4_temp1p0_a0p25_b0p05__wd1e-04trmiss0_degmodglobal,8,0.6327836002622332,0.6588582694530487,0.5277777777777778,0.7898860398860401,0.6153846153846154,0.0,0.6029711025101798,0.6056169016020638,0.07540526666811534,0.16630748765809195,0.0,0.0,0.0,0.0,0.0,18473,global,0.0
5,4,lr5e-05_bs8_drop0p4_temp1p0_a0p25_b0p05__wd1e-04trmiss0_degmodglobal,8,5e-05,0.0001,0.4,1.0,0.25,0.05,lr5e-05_bs8_drop0p4_temp1p0_a0p25_b0p05__wd1e-04trmiss0_degmodglobal,9,0.6912084306989398,0.6691089272499084,0.49999999999999994,0.6938863605530272,0.6923076923076923,0.0,0.566282834325518,0.6587858285222735,0.08247547596693039,0.23607486379998072,0.0,0.0,0.0,0.0,0.0,18473,global,0.0
5,4,lr5e-05_bs8_drop0p4_temp1p0_a0p25_b0p05__wd1e-04trmiss0_degmodglobal,8,5e-05,0.0001,0.4,1.0,0.25,0.05,lr5e-05_bs8_drop0p4_temp1p0_a0p25_b0p05__wd1e-04trmiss0_degmodglobal,10,0.6587077804974147,0.6593824923038483,0.5555555555555556,0.7167819834486502,0.7692307692307693,0.0,0.557746776512691,0.634387731552124,0.06598801698003497,0.15646102439079965,0.0,0.0,0.0,0.0,0.0,18473,global,0.0
5,4,lr5e-05_bs8_drop0p4_temp1p0_a0p25_b0p05__wd1e-04trmiss0_degmodglobal,8,5e-05,0.0001,0.4,1.0,0.25,0.05,lr5e-05_bs8_drop0p4_temp1p0_a0p25_b0p05__wd1e-04trmiss0_degmodglobal,11,0.638721764087677,0.6548109650611877,0.638888888888889,0.8455618455618457,0.6153846153846154,0.0,0.5699962164674487,0.607560362134661,0.08818605648619789,0.18229807913303375,0.0,0.0,0.0,0.0,0.0,18473,global,0.0
5,4,lr5e-05_bs8_drop0p4_temp1p0_a0p25_b0p05__wd1e-04trmiss0_degmodglobal,8,5e-05,0.0001,0.4,1.0,0.25,0.05,lr5e-05_bs8_drop0p4_temp1p0_a0p25_b0p05__wd1e-04trmiss0_degmodglobal,12,0.6522886667932782,0.6378732621669769,0.638888888888889,0.8474698141364809,0.5384615384615384,0.0,0.5630364673478263,0.6282156876155308,0.06555698333042008,0.15367448862109864,0.0,0.0,0.0,0.0,0.0,18473,global,0.0
5,4,lr5e-05_bs8_drop0p4_temp1p0_a0p25_b0p05__wd1e-04trmiss0_degmodglobal,8,5e-05,0.0001,0.4,1.0,0.25,0.05,lr5e-05_bs8_drop0p4_temp1p0_a0p25_b0p05__wd1e-04trmiss0_degmodglobal,13,0.6131041475704738,0.6378052234649658,0.6666666666666667,0.8372285122285124,0.6153846153846154,0.0,0.5746009434972491,0.5858415535518101,0.07636012881994247,0.16345135974032537,0.0,0.0,0.0,0.0,0.0,18473,global,0.0
5,4,lr5e-05_bs8_drop0p4_temp1p0_a0p25_b0p05__wd1e-04trmiss0_degmodglobal,8,5e-05,0.0001,0.4,1.0,0.25,0.05,lr5e-05_bs8_drop0p4_temp1p0_a0p25_b0p05__wd1e-04trmiss0_degmodglobal,14,0.6611498423985073,0.6333858966827393,0.6666666666666666,0.8345068511735179,0.6923076923076923,0.0,0.5644078510148185,0.6356714367866516,0.07007159133042608,0.1592101284435817,0.0,0.0,0.0,0.0,0.0,18473,global,0.0
5,4,lr5e-05_bs8_drop0p4_temp1p0_a0p25_b0p05__wd1e-04trmiss0_degmodglobal,8,5e-05,0.0001,0.4,1.0,0.25,0.05,lr5e-05_bs8_drop0p4_temp1p0_a0p25_b0p05__wd1e-04trmiss0_degmodglobal,15,0.6139686107635498,0.6352933943271637,0.6944444444444444,0.8453093203093205,0.6153846153846154,0.0,0.5360584599631173,0.5779838051114764,0.10435436027390617,0.19792428932019643,0.0,0.0,0.0,0.0,0.0,18473,global,0.0
5,4,lr5e-05_bs8_drop0p4_temp1p0_a0p25_b0p05__wd1e-04trmiss0_degmodglobal,8,5e-05,0.0001,0.4,1.0,0.25,0.05,lr5e-05_bs8_drop0p4_temp1p0_a0p25_b0p05__wd1e-04trmiss0_degmodglobal,16,0.6401643582752773,0.6265474855899811,0.6666666666666667,0.8582722832722833,0.6153846153846154,0.0,0.5864055071558271,0.6098147971289498,0.0821980679673808,0.19600081869534083,0.0,0.0,0.0,0.0,0.0,18473,global,0.0
5,4,lr5e-05_bs8_drop0p4_temp1p0_a0p25_b0p05__wd1e-04trmiss0_degmodglobal,8,5e-05,0.0001,0.4,1.0,0.25,0.05,lr5e-05_bs8_drop0p4_temp1p0_a0p25_b0p05__wd1e-04trmiss0_degmodglobal,17,0.5774697576250348,0.6277016699314117,0.6944444444444444,0.8181488264821599,0.6153846153846154,0.0,0.5470446007592338,0.5462480953761509,0.09137180554015296,0.16757453605532646,0.0,0.0,0.0,0.0,0.0,18473,global,0.0
5,4,lr5e-05_bs8_drop0p4_temp1p0_a0p25_b0p05__wd1e-04trmiss0_degmodglobal,8,5e-05,0.0001,0.4,1.0,0.25,0.05,lr5e-05_bs8_drop0p4_temp1p0_a0p25_b0p05__wd1e-04trmiss0_degmodglobal,18,0.6101166605949402,0.6330793499946594,0.6944444444444444,0.8181488264821599,0.6923076923076923,0.0,0.5523971702371325,0.5741800325257438,0.09679392352700233,0.23476270266941615,0.0,0.0,0.0,0.0,0.0,18473,global,0.0
5,4,lr5e-05_bs8_drop0p4_temp1p0_a0p25_b0p05__wd1e-04trmiss0_degmodglobal,8,5e-05,0.0001,0.4,1.0,0.25,0.05,lr5e-05_bs8_drop0p4_temp1p0_a0p25_b0p05__wd1e-04trmiss0_degmodglobal,19,0.6109693561281476,0.6473875641822815,0.6666666666666666,0.7625932709266043,0.6923076923076923,0.0,0.5608074835368565,0.5791066884994507,0.0873340613075665,0.2005831471511296,0.0,0.0,0.0,0.0,0.0,18473,global,0.0
5,4,lr5e-05_bs8_drop0p4_temp1p0_a0p25_b0p05__wd1e-04trmiss0_degmodglobal,8,5e-05,0.0001,0.4,1.0,0.25,0.05,lr5e-05_bs8_drop0p4_temp1p0_a0p25_b0p05__wd1e-04trmiss0_degmodglobal,20,0.5878610525812421,0.6477850675582886,0.6666666666666666,0.7559002725669393,0.7692307692307693,0.0,0.5443614295550755,0.556047362940652,0.09132881888321467,0.17962990488324845,0.0,0.0,0.0,0.0,0.0,18473,global,0.0
5,4,lr5e-05_bs8_drop0p4_temp1p0_a0p25_b0p05__wd1e-04trmiss0_degmodglobal,8,5e-05,0.0001,0.4,1.0,0.25,0.05,lr5e-05_bs8_drop0p4_temp1p0_a0p25_b0p05__wd1e-04trmiss0_degmodglobal,21,0.5967738883835929,0.6382598876953125,0.7222222222222222,0.8222582972582972,0.7692307692307693,0.0,0.5707081726619175,0.5649900734424591,0.0881066561809608,0.1951428816786834,0.0,0.0,0.0,0.0,0.0,18473,global,0.0
5,4,lr5e-05_bs8_drop0p4_temp1p0_a0p25_b0p05__wd1e-04trmiss0_degmodglobal,8,5e-05,0.0001,0.4,1.0,0.25,0.05,lr5e-05_bs8_drop0p4_temp1p0_a0p25_b0p05__wd1e-04trmiss0_degmodglobal,22,0.5696671945708138,0.6440001428127289,0.7222222222222222,0.8222582972582972,0.7692307692307693,0.0,0.577476224728993,0.5345522633620671,0.10528233860220228,0.17588711636407034,0.0,0.0,0.0,0.0,0.0,18473,global,0.0
5,4,lr5e-05_bs8_drop0p4_temp1p0_a0p25_b0p05__wd1e-04trmiss0_degmodglobal,8,5e-05,0.0001,0.4,1.0,0.25,0.05,lr5e-05_bs8_drop0p4_temp1p0_a0p25_b0p05__wd1e-04trmiss0_degmodglobal,23,0.6106508289064679,0.6320431232452393,0.75,0.8615961199294533,0.7692307692307693,0.0,0.5654343962669373,0.5768477235521589,0.10216078162193298,0.16525833095823014,0.0,0.0,0.0,0.0,0.0,18473,global,0.0
5,4,lr5e-05_bs8_drop0p4_temp1p0_a0p25_b0p05__wd1e-04trmiss0_degmodglobal,8,5e-05,0.0001,0.4,1.0,0.25,0.05,lr5e-05_bs8_drop0p4_temp1p0_a0p25_b0p05__wd1e-04trmiss0_degmodglobal,24,0.6069364462579999,0.6254074573516846,0.8055555555555556,0.8782627865961199,0.9230769230769231,0.0,0.5208458219255719,0.5674005661691938,0.10690951773098537,0.25617032178810667,0.0,0.0,0.0,0.0,0.0,18473,global,0.0
5,4,lr5e-05_bs8_drop0p4_temp1p0_a0p25_b0p05__wd1e-04trmiss0_degmodglobal,8,5e-05,0.0001,0.4,1.0,0.25,0.05,lr5e-05_bs8_drop0p4_temp1p0_a0p25_b0p05__wd1e-04trmiss0_degmodglobal,25,0.6091457860810416,0.6408502161502838,0.7222222222222222,0.8245590828924163,0.7692307692307693,0.0,0.5477222374507359,0.5765608719417027,0.08985154011419841,0.20244027887071883,0.0,0.0,0.0,0.0,0.0,18473,global,0.0
5,4,lr5e-05_bs8_drop0p4_temp1p0_a0p25_b0p05__wd1e-04trmiss0_degmodglobal,8,5e-05,0.0001,0.4,1.0,0.25,0.05,lr5e-05_bs8_drop0p4_temp1p0_a0p25_b0p05__wd1e-04trmiss0_degmodglobal,26,0.6087331601551601,0.6285023093223572,0.7777777777777778,0.8691718775052109,0.8461538461538461,0.0,0.5286202345575605,0.5811164804867336,0.07953008902924401,0.1546828576496669,0.0,0.0,0.0,0.0,0.0,18473,global,0.0
5,4,lr5e-05_bs8_drop0p4_temp1p0_a0p25_b0p05__wd1e-04trmiss0_degmodglobal,8,5e-05,0.0001,0.4,1.0,0.25,0.05,lr5e-05_bs8_drop0p4_temp1p0_a0p25_b0p05__wd1e-04trmiss0_degmodglobal,27,0.5978302359580994,0.6426043510437012,0.7777777777777778,0.8412257495590829,0.9230769230769231,0.0,0.5328744181564876,0.5650508999824524,0.09399513900279999,0.18561093349541938,0.0,0.0,0.0,0.0,0.0,18473,global,0.0
5,4,lr5e-05_bs8_drop0p4_temp1p0_a0p25_b0p05__wd1e-04trmiss0_degmodglobal,8,5e-05,0.0001,0.4,1.0,0.25,0.05,lr5e-05_bs8_drop0p4_temp1p0_a0p25_b0p05__wd1e-04trmiss0_degmodglobal,28,0.593502300126212,0.6265837848186493,0.7777777777777778,0.8412257495590829,0.8461538461538461,0.0,0.5180167513234275,0.5512671640941075,0.11473909765481949,0.27100721108061926,0.0,0.0,0.0,0.0,0.0,18473,global,0.0
5,4,lr5e-05_bs8_drop0p4_temp1p0_a0p25_b0p05__wd1e-04trmiss0_degmodglobal,8,5e-05,0.0001,0.4,1.0,0.25,0.05,lr5e-05_bs8_drop0p4_temp1p0_a0p25_b0p05__wd1e-04trmiss0_degmodglobal,29,0.6190248131752014,0.6157456338405609,0.8055555555555556,0.8782627865961199,0.9230769230769231,0.0,0.5530933652605329,0.57500102690288,0.12389008700847626,0.2610256054571697,0.0,0.0,0.0,0.0,0.0,18473,global,0.0
5,4,lr5e-05_bs8_drop0p4_temp1p0_a0p25_b0p05__wd1e-04trmiss0_degmodglobal,8,5e-05,0.0001,0.4,1.0,0.25,0.05,lr5e-05_bs8_drop0p4_temp1p0_a0p25_b0p05__wd1e-04trmiss0_degmodglobal,30,0.5821693028722491,0.6131540834903717,0.8055555555555556,0.8782627865961199,0.8461538461538461,0.0,0.5167042911052704,0.5450237223080227,0.11624865074242864,0.16166863484042032,0.0,0.0,0.0,0.0,0.0,18473,global,0.0
5,4,lr5e-05_bs8_drop0p4_temp1p0_a0p25_b0p05__wd1e-04trmiss0_degmodglobal,8,5e-05,0.0001,0.4,1.0,0.25,0.05,lr5e-05_bs8_drop0p4_temp1p0_a0p25_b0p05__wd1e-04trmiss0_degmodglobal,31,0.5907730545316424,0.6184203326702118,0.8055555555555556,0.8782627865961199,0.8461538461538461,0.0,0.557184955903462,0.5587774089404515,0.08847788774541446,0.19752366894057818,0.0,0.0,0.0,0.0,0.0,18473,global,0.0
5,4,lr5e-05_bs8_drop0p4_temp1p0_a0p25_b0p05__wd1e-04trmiss0_degmodglobal,8,5e-05,0.0001,0.4,1.0,0.25,0.05,lr5e-05_bs8_drop0p4_temp1p0_a0p25_b0p05__wd1e-04trmiss0_degmodglobal,32,0.5972706164632525,0.620966911315918,0.8055555555555556,0.8782627865961199,0.8461538461538461,0.0,0.5566552834851402,0.5583732894488743,0.11475541389414243,0.20416969805955887,0.0,0.0,0.0,0.0,0.0,18473,global,0.0
5,4,lr5e-05_bs8_drop0p4_temp1p0_a0p25_b0p05__wd1e-04trmiss0_degmodglobal,8,5e-05,0.0001,0.4,1.0,0.25,0.05,lr5e-05_bs8_drop0p4_temp1p0_a0p25_b0p05__wd1e-04trmiss0_degmodglobal,33,0.5655374782426017,0.6152190268039703,0.8055555555555556,0.8782627865961199,0.8461538461538461,0.0,0.5230194968836648,0.5314958776746478,0.10336846645389285,0.1639899058001382,0.0,0.0,0.0,0.0,0.0,18473,global,0.0
5,4,lr5e-05_bs8_drop0p4_temp1p0_a0p25_b0p05__wd1e-04trmiss0_degmodglobal,8,5e-05,0.0001,0.4,1.0,0.25,0.05,lr5e-05_bs8_drop0p4_temp1p0_a0p25_b0p05__wd1e-04trmiss0_degmodglobal,34,0.6038485424859183,0.5997823476791382,0.8611111111111112,0.9376903960237295,0.8461538461538461,0.0,0.5629422494343349,0.573386379650661,0.08788022665040833,0.16984218305775098,0.0,0.0,0.0,0.0,0.0,18473,global,0.0
5,4,lr5e-05_bs8_drop0p4_temp1p0_a0p25_b0p05__wd1e-04trmiss0_degmodglobal,8,5e-05,0.0001,0.4,1.0,0.25,0.05,lr5e-05_bs8_drop0p4_temp1p0_a0p25_b0p05__wd1e-04trmiss0_degmodglobal,35,0.5836080057280404,0.6004538536071777,0.8611111111111112,0.9376903960237295,0.8461538461538461,0.0,0.5166793380464826,0.5425842574664524,0.11693847392286573,0.23578281274863652,0.0,0.0,0.0,0.0,0.0,18473,global,0.0
5,4,lr5e-05_bs8_drop0p4_temp1p0_a0p25_b0p05__wd1e-04trmiss0_degmodglobal,8,5e-05,0.0001,0.4,1.0,0.25,0.05,lr5e-05_bs8_drop0p4_temp1p0_a0p25_b0p05__wd1e-04trmiss0_degmodglobal,36,0.5650702459471566,0.6080852150917053,0.8055555555555556,0.8782627865961199,0.8461538461538461,0.0,0.5030610476221357,0.5264016560145787,0.11929908501250404,0.17687675037554332,0.0,0.0,0.0,0.0,0.0,18473,global,0.0
5,4,lr5e-05_bs8_drop0p4_temp1p0_a0p25_b0p05__wd1e-04trmiss0_degmodglobal,8,5e-05,0.0001,0.4,1.0,0.25,0.05,lr5e-05_bs8_drop0p4_temp1p0_a0p25_b0p05__wd1e-04trmiss0_degmodglobal,37,0.5854139413152423,0.6002400815486908,0.8055555555555556,0.8782627865961199,0.8461538461538461,0.0,0.5181846788951329,0.5477848649024963,0.10725276970437594,0.21631778084806033,0.0,0.0,0.0,0.0,0.0,18473,global,0.0
5,4,lr5e-05_bs8_drop0p4_temp1p0_a0p25_b0p05__wd1e-04trmiss0_degmodglobal,8,5e-05,0.0001,0.4,1.0,0.25,0.05,lr5e-05_bs8_drop0p4_temp1p0_a0p25_b0p05__wd1e-04trmiss0_degmodglobal,38,0.5508220621517727,0.6074585616588593,0.8055555555555556,0.8782627865961199,0.8461538461538461,0.0,0.5391202313559396,0.5139622475419726,0.10317779385617801,0.22130727980818068,0.0,0.0,0.0,0.0,0.0,18473,global,0.0
5,4,lr5e-05_bs8_drop0p4_temp1p0_a0p25_b0p05__wd1e-04trmiss0_degmodglobal,8,5e-05,0.0001,0.4,1.0,0.25,0.05,lr5e-05_bs8_drop0p4_temp1p0_a0p25_b0p05__wd1e-04trmiss0_degmodglobal,39,0.562967734677451,0.6068630814552307,0.8055555555555556,0.8782627865961199,0.8461538461538461,0.0,0.5141311202730451,0.5261391486440387,0.11190913617610931,0.17702590141977584,0.0,0.0,0.0,0.0,0.0,18473,global,0.0
5,4,lr5e-05_bs8_drop0p4_temp1p0_a0p25_b0p05__wd1e-04trmiss0_degmodglobal,8,5e-05,0.0001,0.4,1.0,0.25,0.05,lr5e-05_bs8_drop0p4_temp1p0_a0p25_b0p05__wd1e-04trmiss0_degmodglobal,40,0.5655882954597473,0.6056129336357117,0.8055555555555556,0.8782627865961199,0.8461538461538461,0.0,0.5177125079291207,0.5256022981234959,0.11985221930912562,0.2004587139402117,0.0,0.0,0.0,0.0,0.0,18473,global,0.0
5,4,lr5e-05_bs8_drop0p4_temp1p0_a0p25_b0p05__wd1e-04trmiss0_degmodglobal,8,5e-05,0.0001,0.4,1.0,0.25,0.05,lr5e-05_bs8_drop0p4_temp1p0_a0p25_b0p05__wd1e-04trmiss0_degmodglobal,41,0.5895411883081708,0.609365850687027,0.7777777777777778,0.8412257495590829,0.8461538461538461,0.0,0.5032368983541217,0.5397477277687618,0.13937293951000487,0.2990043056862695,0.0,0.0,0.0,0.0,0.0,18473,global,0.0
5,4,lr5e-05_bs8_drop0p4_temp1p0_a0p25_b0p05__wd1e-04trmiss0_degmodglobal,8,5e-05,0.0001,0.4,1.0,0.25,0.05,lr5e-05_bs8_drop0p4_temp1p0_a0p25_b0p05__wd1e-04trmiss0_degmodglobal,42,0.5770439675876072,0.6081937849521637,0.8055555555555556,0.8782627865961199,0.8461538461538461,0.0,0.4978210926055908,0.5391118313585009,0.11712771547692162,0.17300405193652427,0.0,0.0,0.0,0.0,0.0,18473,global,0.0
5,4,lr5e-05_bs8_drop0p4_temp1p0_a0p25_b0p05__wd1e-04trmiss0_degmodglobal,8,5e-05,0.0001,0.4,1.0,0.25,0.05,lr5e-05_bs8_drop0p4_temp1p0_a0p25_b0p05__wd1e-04trmiss0_degmodglobal,43,0.5723825948578971,0.6148064136505127,0.8055555555555556,0.8782627865961199,0.8461538461538461,0.0,0.5250248994146075,0.5379234509808677,0.10288797691464424,0.17474339263779776,0.0,0.0,0.0,0.0,0.0,18473,global,0.0
5,4,lr5e-05_bs8_drop0p4_temp1p0_a0p25_b0p05__wd1e-04trmiss0_degmodglobal,8,5e-05,0.0001,0.4,1.0,0.25,0.05,lr5e-05_bs8_drop0p4_temp1p0_a0p25_b0p05__wd1e-04trmiss0_degmodglobal,44,0.5535032962049756,0.6120513379573822,0.7777777777777778,0.8412257495590829,0.8461538461538461,0.0,0.523802080324718,0.5187989345618657,0.10206695858921323,0.18375249526330403,0.0,0.0,0.0,0.0,0.0,18473,global,0.0
5,4,lr5e-05_bs8_drop0p4_temp1p0_a0p25_b0p05__wd1e-04trmiss0_degmodglobal,8,5e-05,0.0001,0.4,1.0,0.25,0.05,lr5e-05_bs8_drop0p4_temp1p0_a0p25_b0p05__wd1e-04trmiss0_degmodglobal,45,0.5536896458693913,0.617400735616684,0.8055555555555556,0.8782627865961199,0.8461538461538461,0.0,0.5013637968472072,0.5178539029189518,0.10846262638057981,0.17440158873796463,0.0,0.0,0.0,0.0,0.0,18473,global,0.0
5,4,lr5e-05_bs8_drop0p4_temp1p0_a0p25_b0p05__wd1e-04trmiss0_degmodglobal,8,5e-05,0.0001,0.4,1.0,0.25,0.05,lr5e-05_bs8_drop0p4_temp1p0_a0p25_b0p05__wd1e-04trmiss0_degmodglobal,46,0.5610697524888175,0.6097630560398102,0.7777777777777778,0.8691718775052109,0.8461538461538461,0.0,0.48151493072509766,0.5162969529628754,0.13285031488963536,0.2312044075557164,0.0,0.0,0.0,0.0,0.0,18473,global,0.0
5,4,lr5e-05_bs8_drop0p4_temp1p0_a0p25_b0p05__wd1e-04trmiss0_degmodglobal,8,5e-05,0.0001,0.4,1.0,0.25,0.05,lr5e-05_bs8_drop0p4_temp1p0_a0p25_b0p05__wd1e-04trmiss0_degmodglobal,47,0.5918007876191821,0.6157966554164886,0.7777777777777778,0.8412257495590829,0.7692307692307693,0.0,0.48560663206236704,0.5390838980674744,0.14468815177679062,0.3308969789317676,0.0,0.0,0.0,0.0,0.0,18473,global,0.0
5,4,lr5e-05_bs8_drop0p4_temp1p0_a0p25_b0p05__wd1e-04trmiss0_degmodglobal,8,5e-05,0.0001,0.4,1.0,0.25,0.05,lr5e-05_bs8_drop0p4_temp1p0_a0p25_b0p05__wd1e-04trmiss0_degmodglobal,48,0.5945279598236084,0.6051432192325592,0.8055555555555556,0.8782627865961199,0.8461538461538461,0.0,0.5332840553351811,0.5522204637527466,0.11975102339472089,0.24739504711968557,0.0,0.0,0.0,0.0,0.0,18473,global,0.0
5,4,lr5e-05_bs8_drop0p4_temp1p0_a0p25_b0p05__wd1e-04trmiss0_degmodglobal,8,5e-05,0.0001,0.4,1.0,0.25,0.05,lr5e-05_bs8_drop0p4_temp1p0_a0p25_b0p05__wd1e-04trmiss0_degmodglobal,49,0.5848119344030108,0.59822678565979,0.8055555555555556,0.8782627865961199,0.8461538461538461,0.0,0.49178110701697214,0.5451180253710065,0.11222997946398598,0.23272825990404403,0.0,0.0,0.0,0.0,0.0,18473,global,0.0
5,4,lr5e-05_bs8_drop0p4_temp1p0_a0p25_b0p05__wd1e-04trmiss0_degmodglobal,8,5e-05,0.0001,0.4,1.0,0.25,0.05,lr5e-05_bs8_drop0p4_temp1p0_a0p25_b0p05__wd1e-04trmiss0_degmodglobal,50,0.5634791936193194,0.6002593040466309,0.8055555555555556,0.8782627865961199,0.8461538461538461,0.0,0.4890987958226885,0.5224354905741555,0.12703142208712442,0.185716858665858,0.0,0.0,0.0,0.0,0.0,18473,global,0.0
5,4,lr5e-05_bs8_drop0p4_temp1p0_a0p25_b0p05__wd1e-04trmiss0_degmodglobal,8,5e-05,0.0001,0.4,1.0,0.25,0.05,lr5e-05_bs8_drop0p4_temp1p0_a0p25_b0p05__wd1e-04trmiss0_degmodglobal,51,0.5633483699389866,0.6031248867511749,0.8055555555555556,0.8782627865961199,0.9230769230769231,0.0,0.4893043168953487,0.5284806617668697,0.10464290795581681,0.1741398088634014,0.0,0.0,0.0,0.0,0.0,18473,global,0.0
5,4,lr5e-05_bs8_drop0p4_temp1p0_a0p25_b0p05__wd1e-04trmiss0_degmodglobal,8,5e-05,0.0001,0.4,1.0,0.25,0.05,lr5e-05_bs8_drop0p4_temp1p0_a0p25_b0p05__wd1e-04trmiss0_degmodglobal,52,0.5706400190080915,0.6101803779602051,0.8055555555555556,0.8782627865961199,0.9230769230769231,0.0,0.49511965683528353,0.5326951827321734,0.10667434015444346,0.22552497578518732,0.0,0.0,0.0,0.0,0.0,18473,global,0.0
5,4,lr5e-05_bs8_drop0p4_temp1p0_a0p25_b0p05__wd1e-04trmiss0_degmodglobal,8,5e-05,0.0001,0.4,1.0,0.25,0.05,lr5e-05_bs8_drop0p4_temp1p0_a0p25_b0p05__wd1e-04trmiss0_degmodglobal,53,0.5795890603746686,0.6172100901603699,0.8055555555555556,0.8782627865961199,0.8461538461538461,0.0,0.4932382106781006,0.525175826890128,0.1681698656507901,0.24741554792438233,0.0,0.0,0.0,0.0,0.0,18473,global,0.0
5,4,lr5e-05_bs8_drop0p4_temp1p0_a0p25_b0p05__wd1e-04trmiss0_degmodglobal,8,5e-05,0.0001,0.4,1.0,0.25,0.05,lr5e-05_bs8_drop0p4_temp1p0_a0p25_b0p05__wd1e-04trmiss0_degmodglobal,54,0.5588526385171073,0.6145609319210052,0.8055555555555556,0.8782627865961199,0.8461538461538461,0.0,0.47308461155210224,0.5139316022396088,0.13951576394694193,0.20084208569356374,0.0,0.0,0.0,0.0,0.0,18473,global,0.0
5,4,lr5e-05_bs8_drop0p4_temp2p0_a0p25_b0p05__wd1e-04trmiss0_degmodglobal,8,5e-05,0.0001,0.4,2.0,0.25,0.05,lr5e-05_bs8_drop0p4_temp2p0_a0p25_b0p05__wd1e-04trmiss0_degmodglobal,1,0.7063999176025391,0.7223527729511261,0.16666666666666666,0.5829035162368497,0.3076923076923077,0.0,0.7167272908346993,0.6913509794643947,0.03809285190488611,0.11051450563328606,0.0,0.0,0.0,0.0,0.0,18473,global,0.0
5,4,lr5e-05_bs8_drop0p4_temp2p0_a0p25_b0p05__wd1e-04trmiss0_degmodglobal,8,5e-05,0.0001,0.4,2.0,0.25,0.05,lr5e-05_bs8_drop0p4_temp2p0_a0p25_b0p05__wd1e-04trmiss0_degmodglobal,2,0.7105867266654968,0.7559840083122253,0.3055555555555555,0.6760252093585426,0.3076923076923077,0.0,0.7226400034768241,0.6928917339869908,0.043609812057444027,0.13585045135446958,0.0,0.0,0.0,0.0,0.0,18473,global,0.0
5,4,lr5e-05_bs8_drop0p4_temp2p0_a0p25_b0p05__wd1e-04trmiss0_degmodglobal,8,5e-05,0.0001,0.4,2.0,0.25,0.05,lr5e-05_bs8_drop0p4_temp2p0_a0p25_b0p05__wd1e-04trmiss0_degmodglobal,3,0.6769294738769531,0.7590038478374481,0.24999999999999997,0.6098876432209765,0.3076923076923077,0.0,0.6757855500493731,0.6583741392408099,0.04941217228770256,0.1240460074373654,0.0,0.0,0.0,0.0,0.0,18473,global,0.0
5,4,lr5e-05_bs8_drop0p4_temp2p0_a0p25_b0p05__wd1e-04trmiss0_degmodglobal,8,5e-05,0.0001,0.4,2.0,0.25,0.05,lr5e-05_bs8_drop0p4_temp2p0_a0p25_b0p05__wd1e-04trmiss0_degmodglobal,4,0.6853529470307487,0.7567073404788971,0.24999999999999997,0.6098876432209765,0.3076923076923077,0.0,0.6761120387486049,0.6686272280556815,0.04219235133911882,0.12355222925543785,0.0,0.0,0.0,0.0,0.0,18473,global,0.0
5,4,lr5e-05_bs8_drop0p4_temp2p0_a0p25_b0p05__wd1e-04trmiss0_degmodglobal,8,5e-05,0.0001,0.4,2.0,0.25,0.05,lr5e-05_bs8_drop0p4_temp2p0_a0p25_b0p05__wd1e-04trmiss0_degmodglobal,5,0.6936039158276149,0.7546222805976868,0.25,0.6543320876654211,0.38461538461538464,0.0,0.6936463798795428,0.6761345182146344,0.042370177273239405,0.13753719148891314,0.0,0.0,0.0,0.0,0.0,18473,global,0.0
5,4,lr5e-05_bs8_drop0p4_temp2p0_a0p25_b0p05__wd1e-04trmiss0_degmodglobal,8,5e-05,0.0001,0.4,2.0,0.25,0.05,lr5e-05_bs8_drop0p4_temp2p0_a0p25_b0p05__wd1e-04trmiss0_degmodglobal,6,0.6713862333978925,0.7538412511348724,0.25,0.6469246802580135,0.38461538461538464,0.0,0.6691181404250008,0.6535089952605111,0.04649991276008742,0.1250451004930905,0.0,0.0,0.0,0.0,0.0,18473,global,0.0
5,4,lr5e-05_bs8_drop0p4_temp2p0_a0p25_b0p05__wd1e-04trmiss0_degmodglobal,8,5e-05,0.0001,0.4,2.0,0.25,0.05,lr5e-05_bs8_drop0p4_temp2p0_a0p25_b0p05__wd1e-04trmiss0_degmodglobal,7,0.6550553781645638,0.74385204911232,0.27777777777777773,0.6654431987765321,0.38461538461538464,0.0,0.6605520163263593,0.6389297842979431,0.04548791689532144,0.0950723939708301,0.0,0.0,0.0,0.0,0.0,18473,global,0.0
5,4,lr5e-05_bs8_drop0p4_temp2p0_a0p25_b0p05__wd1e-04trmiss0_degmodglobal,8,5e-05,0.0001,0.4,2.0,0.25,0.05,lr5e-05_bs8_drop0p4_temp2p0_a0p25_b0p05__wd1e-04trmiss0_degmodglobal,8,0.6194414496421814,0.7412555515766144,0.3055555555555555,0.6821098654431987,0.38461538461538464,0.0,0.6276132719857352,0.6016660588128226,0.05132206582597324,0.09889798717839378,0.0,0.0,0.0,0.0,0.0,18473,global,0.0
5,4,lr5e-05_bs8_drop0p4_temp2p0_a0p25_b0p05__wd1e-04trmiss0_degmodglobal,8,5e-05,0.0001,0.4,2.0,0.25,0.05,lr5e-05_bs8_drop0p4_temp2p0_a0p25_b0p05__wd1e-04trmiss0_degmodglobal,9,0.6358693838119507,0.7360230386257172,0.3055555555555555,0.6821098654431987,0.38461538461538464,0.0,0.6526301418031965,0.618264934846333,0.04472260523055281,0.12847580068877765,0.0,0.0,0.0,0.0,0.0,18473,global,0.0
5,4,lr5e-05_bs8_drop0p4_temp2p0_a0p25_b0p05__wd1e-04trmiss0_degmodglobal,8,5e-05,0.0001,0.4,2.0,0.25,0.05,lr5e-05_bs8_drop0p4_temp2p0_a0p25_b0p05__wd1e-04trmiss0_degmodglobal,10,0.6198187555585589,0.7329201996326447,0.3055555555555555,0.6821098654431987,0.38461538461538464,0.0,0.638615437916347,0.5985357761383057,0.052980776876211166,0.16075542143413,0.0,0.0,0.0,0.0,0.0,18473,global,0.0
5,4,lr5e-05_bs8_drop0p4_temp2p0_a0p25_b0p05__wd1e-04trmiss0_degmodglobal,8,5e-05,0.0001,0.4,2.0,0.25,0.05,lr5e-05_bs8_drop0p4_temp2p0_a0p25_b0p05__wd1e-04trmiss0_degmodglobal,11,0.6258784787995475,0.7293258309364319,0.3055555555555555,0.6821098654431987,0.38461538461538464,0.0,0.6233197706086295,0.6031301277024406,0.058147934930665154,0.1642276101878711,0.0,0.0,0.0,0.0,0.0,18473,global,0.0
5,4,lr5e-05_bs8_drop0p4_temp2p0_a0p25_b0p05__wd1e-04trmiss0_degmodglobal,8,5e-05,0.0001,0.4,2.0,0.25,0.05,lr5e-05_bs8_drop0p4_temp2p0_a0p25_b0p05__wd1e-04trmiss0_degmodglobal,12,0.6006027034350804,0.7272419035434723,0.3055555555555555,0.7024802358135691,0.38461538461538464,0.0,0.6501431805746896,0.5821930510657174,0.04802943180714335,0.12804589101246425,0.0,0.0,0.0,0.0,0.0,18473,global,0.0
5,4,lr5e-05_bs8_drop0p4_temp2p0_a0p25_b0p05__wd1e-04trmiss0_degmodglobal,8,5e-05,0.0001,0.4,2.0,0.25,0.05,lr5e-05_bs8_drop0p4_temp2p0_a0p25_b0p05__wd1e-04trmiss0_degmodglobal,13,0.6007498332432338,0.7268724143505096,0.36111111111111105,0.7297289130622464,0.38461538461538464,0.0,0.6407186559268406,0.5830985733440944,0.04477968199976853,0.12912658814873015,0.0,0.0,0.0,0.0,0.0,18473,global,0.0
5,4,lr5e-05_bs8_drop0p4_temp2p0_a0p25_b0p05__wd1e-04trmiss0_degmodglobal,8,5e-05,0.0001,0.4,2.0,0.25,0.05,lr5e-05_bs8_drop0p4_temp2p0_a0p25_b0p05__wd1e-04trmiss0_degmodglobal,14,0.5826632721083504,0.7266879379749298,0.41666666666666663,0.7226301476301475,0.38461538461538464,0.0,0.6142299515860421,0.565184337752206,0.046592099858181815,0.11661825541939054,0.0,0.0,0.0,0.0,0.0,18473,global,0.0
5,4,lr5e-05_bs8_drop0p4_temp2p0_a0p25_b0p05__wd1e-04trmiss0_degmodglobal,8,5e-05,0.0001,0.4,2.0,0.25,0.05,lr5e-05_bs8_drop0p4_temp2p0_a0p25_b0p05__wd1e-04trmiss0_degmodglobal,15,0.6520658305713108,0.7223665416240692,0.4444444444444444,0.7596671846671847,0.38461538461538464,0.0,0.6238878284181867,0.6305123141833714,0.057064593370471685,0.145747538123812,0.0,0.0,0.0,0.0,0.0,18473,global,0.0
5,4,lr5e-05_bs8_drop0p4_temp2p0_a0p25_b0p05__wd1e-04trmiss0_degmodglobal,8,5e-05,0.0001,0.4,2.0,0.25,0.05,lr5e-05_bs8_drop0p4_temp2p0_a0p25_b0p05__wd1e-04trmiss0_degmodglobal,16,0.6087887457438877,0.7239986062049866,0.41666666666666663,0.7226301476301475,0.38461538461538464,0.0,0.5979482616697039,0.5867660386221749,0.05612389902983393,0.15983474999666214,0.0,0.0,0.0,0.0,0.0,18473,global,0.0
5,4,lr5e-05_bs8_drop0p4_temp2p0_a0p25_b0p05__wd1e-04trmiss0_degmodglobal,8,5e-05,0.0001,0.4,2.0,0.25,0.05,lr5e-05_bs8_drop0p4_temp2p0_a0p25_b0p05__wd1e-04trmiss0_degmodglobal,17,0.5737619144575936,0.7223308086395264,0.41666666666666663,0.7226301476301475,0.38461538461538464,0.0,0.6386106014251709,0.5503952716078077,0.05940046693597521,0.1703305287020547,0.0,0.0,0.0,0.0,0.0,18473,global,0.0
5,4,lr5e-05_bs8_drop0p4_temp2p0_a0p25_b0p05__wd1e-04trmiss0_degmodglobal,8,5e-05,0.0001,0.4,2.0,0.25,0.05,lr5e-05_bs8_drop0p4_temp2p0_a0p25_b0p05__wd1e-04trmiss0_degmodglobal,18,0.5823308399745396,0.7230249345302582,0.4166666666666667,0.7148860398860399,0.38461538461538464,0.0,0.603705814906529,0.5643043518066406,0.0518159775861672,0.10144976632935661,0.0,0.0,0.0,0.0,0.0,18473,global,0.0
5,4,lr5e-05_bs8_drop0p4_temp2p0_a0p25_b0p05__wd1e-04trmiss0_degmodglobal,8,5e-05,0.0001,0.4,2.0,0.25,0.05,lr5e-05_bs8_drop0p4_temp2p0_a0p25_b0p05__wd1e-04trmiss0_degmodglobal,19,0.5999431524957929,0.7186408340930939,0.4166666666666667,0.7148860398860399,0.38461538461538464,0.0,0.6195604971476963,0.5761604905128479,0.06118361545460565,0.16973535929407393,0.0,0.0,0.0,0.0,0.0,18473,global,0.0
5,4,lr5e-05_bs8_drop0p4_temp2p0_a0p25_b0p05__wd1e-04trmiss0_degmodglobal,8,5e-05,0.0001,0.4,2.0,0.25,0.05,lr5e-05_bs8_drop0p4_temp2p0_a0p25_b0p05__wd1e-04trmiss0_degmodglobal,20,0.628296068736485,0.7136882245540619,0.4166666666666667,0.7352564102564103,0.38461538461538464,0.0,0.6076134443283081,0.5942987842219216,0.08780279595937047,0.24093158010925567,0.0,0.0,0.0,0.0,0.0,18473,global,0.0
5,4,lr5e-05_bs8_drop0p4_temp2p0_a0p25_b0p05__wd1e-04trmiss0_degmodglobal,8,5e-05,0.0001,0.4,2.0,0.25,0.05,lr5e-05_bs8_drop0p4_temp2p0_a0p25_b0p05__wd1e-04trmiss0_degmodglobal,21,0.5868536233901978,0.7124848365783691,0.3888888888888889,0.6982193732193731,0.38461538461538464,0.0,0.5962503211838859,0.5642562593732562,0.0559483069394316,0.17220590263605118,0.0,0.0,0.0,0.0,0.0,18473,global,0.0
5,4,lr5e-05_bs8_drop0p4_temp2p0_a0p25_b0p05__wd1e-04trmiss0_degmodglobal,8,5e-05,0.0001,0.4,2.0,0.25,0.05,lr5e-05_bs8_drop0p4_temp2p0_a0p25_b0p05__wd1e-04trmiss0_degmodglobal,22,0.5689687814031329,0.7063969671726227,0.4166666666666667,0.7352564102564103,0.38461538461538464,0.0,0.5691356829234532,0.548403480223247,0.053084846585989,0.14588171350104467,0.0,0.0,0.0,0.0,0.0,18473,global,0.0
5,4,lr5e-05_bs8_drop0p4_temp2p0_a0p25_b0p05__wd1e-04trmiss0_degmodglobal,8,5e-05,0.0001,0.4,2.0,0.25,0.05,lr5e-05_bs8_drop0p4_temp2p0_a0p25_b0p05__wd1e-04trmiss0_degmodglobal,23,0.6176652227129255,0.7026544809341431,0.41666666666666663,0.7314084064084063,0.38461538461538464,0.0,0.6242965970720563,0.5955755880900792,0.05700946200106825,0.1567453986832074,0.0,0.0,0.0,0.0,0.0,18473,global,0.0
5,4,lr5e-05_bs8_drop0p4_temp2p0_a0p25_b0p05__wd1e-04trmiss0_degmodglobal,8,5e-05,0.0001,0.4,2.0,0.25,0.05,lr5e-05_bs8_drop0p4_temp2p0_a0p25_b0p05__wd1e-04trmiss0_degmodglobal,24,0.5927807603563581,0.6926138997077942,0.4444444444444444,0.741990416990417,0.5384615384615384,0.0,0.6188938702855792,0.5714042271886554,0.057132934885365624,0.1418659585927214,0.0,0.0,0.0,0.0,0.0,18473,global,0.0
5,4,lr5e-05_bs8_drop0p4_temp2p0_a0p25_b0p05__wd1e-04trmiss0_degmodglobal,8,5e-05,0.0001,0.4,2.0,0.25,0.05,lr5e-05_bs8_drop0p4_temp2p0_a0p25_b0p05__wd1e-04trmiss0_degmodglobal,25,0.5836801528930664,0.6839955449104309,0.5,0.76506734006734,0.6153846153846154,0.0,0.6090530327388218,0.5643943803650993,0.04677247256040573,0.15185271203517914,0.0,0.0,0.0,0.0,0.0,18473,global,0.0
5,4,lr5e-05_bs8_drop0p4_temp2p0_a0p25_b0p05__wd1e-04trmiss0_degmodglobal,8,5e-05,0.0001,0.4,2.0,0.25,0.05,lr5e-05_bs8_drop0p4_temp2p0_a0p25_b0p05__wd1e-04trmiss0_degmodglobal,26,0.5971483375344958,0.6875694394111633,0.5,0.76506734006734,0.5384615384615384,0.0,0.614022467817579,0.5752001873084477,0.06262188936982836,0.12585376256278583,0.0,0.0,0.0,0.0,0.0,18473,global,0.0
5,4,lr5e-05_bs8_drop0p4_temp2p0_a0p25_b0p05__wd1e-04trmiss0_degmodglobal,8,5e-05,0.0001,0.4,2.0,0.25,0.05,lr5e-05_bs8_drop0p4_temp2p0_a0p25_b0p05__wd1e-04trmiss0_degmodglobal,27,0.5871123160634723,0.6874333620071411,0.4722222222222222,0.728030303030303,0.5384615384615384,0.0,0.5811903008392879,0.5666338290487017,0.046789921554071565,0.1756199768611363,0.0,0.0,0.0,0.0,0.0,18473,global,0.0
5,4,lr5e-05_bs8_drop0p4_temp2p0_a0p25_b0p05__wd1e-04trmiss0_degmodglobal,8,5e-05,0.0001,0.4,2.0,0.25,0.05,lr5e-05_bs8_drop0p4_temp2p0_a0p25_b0p05__wd1e-04trmiss0_degmodglobal,28,0.5818272147859845,0.685228556394577,0.5,0.7428451178451179,0.5384615384615384,0.0,0.5974037604672569,0.5653506517410278,0.04172249164964471,0.12091859270419393,0.0,0.0,0.0,0.0,0.0,18473,global,0.0
5,4,lr5e-05_bs8_drop0p4_temp2p0_a0p25_b0p05__wd1e-04trmiss0_degmodglobal,8,5e-05,0.0001,0.4,2.0,0.25,0.05,lr5e-05_bs8_drop0p4_temp2p0_a0p25_b0p05__wd1e-04trmiss0_degmodglobal,29,0.62923777954919,0.6861659586429596,0.5,0.7428451178451179,0.5384615384615384,0.0,0.6168009127889361,0.6129626205989293,0.04418806651873248,0.10456261996712003,0.0,0.0,0.0,0.0,0.0,18473,global,0.0
5,4,lr5e-05_bs8_drop0p4_temp2p0_a0p25_b0p05__wd1e-04trmiss0_degmodglobal,8,5e-05,0.0001,0.4,2.0,0.25,0.05,lr5e-05_bs8_drop0p4_temp2p0_a0p25_b0p05__wd1e-04trmiss0_degmodglobal,30,0.573977530002594,0.6874653398990631,0.5,0.7428451178451179,0.5384615384615384,0.0,0.5748407585280282,0.5545401488031659,0.05409322838698115,0.118281539529562,0.0,0.0,0.0,0.0,0.0,18473,global,0.0
5,4,lr5e-05_bs8_drop0p4_temp2p0_a0p25_b0p05__wd1e-04trmiss0_degmodglobal,8,5e-05,0.0001,0.4,2.0,0.25,0.05,lr5e-05_bs8_drop0p4_temp2p0_a0p25_b0p05__wd1e-04trmiss0_degmodglobal,31,0.5728860923222133,0.6888282299041748,0.5,0.7428451178451179,0.5384615384615384,0.0,0.5714195200375148,0.5479905520166669,0.06885874271392822,0.15361720749310084,0.0,0.0,0.0,0.0,0.0,18473,global,0.0
5,4,lr5e-05_bs8_drop0p4_temp2p0_a0p25_b0p05__wd1e-04trmiss0_degmodglobal,8,5e-05,0.0001,0.4,2.0,0.25,0.05,lr5e-05_bs8_drop0p4_temp2p0_a0p25_b0p05__wd1e-04trmiss0_degmodglobal,32,0.5814870638506753,0.6868584156036377,0.5,0.76506734006734,0.5384615384615384,0.0,0.5553697858537946,0.5631221447672162,0.05367663023727281,0.09891512989997864,0.0,0.0,0.0,0.0,0.0,18473,global,0.0
5,4,lr5e-05_bs8_drop0p4_temp2p0_a0p25_b0p05__wd1e-04trmiss0_degmodglobal,8,5e-05,0.0001,0.4,2.0,0.25,0.05,lr5e-05_bs8_drop0p4_temp2p0_a0p25_b0p05__wd1e-04trmiss0_degmodglobal,33,0.5798216036387852,0.6922950744628906,0.4722222222222222,0.7544853294853295,0.5384615384615384,0.0,0.5750590477670942,0.5619219541549683,0.04685188776680401,0.12373363545962743,0.0,0.0,0.0,0.0,0.0,18473,global,0.0
5,4,lr5e-05_bs8_drop0p4_temp2p0_a0p25_b0p05__wd1e-04trmiss0_degmodglobal,8,5e-05,0.0001,0.4,2.0,0.25,0.05,lr5e-05_bs8_drop0p4_temp2p0_a0p25_b0p05__wd1e-04trmiss0_degmodglobal,34,0.5713237609182086,0.690198689699173,0.4722222222222222,0.7544853294853295,0.5384615384615384,0.0,0.5448309438569205,0.5425125956535339,0.07383795880845614,0.20703310785549028,0.0,0.0,0.0,0.0,0.0,18473,global,0.0
5,4,lr5e-05_bs8_drop0p4_temp2p0_a0p25_b0p05__wd1e-04trmiss0_degmodglobal,8,5e-05,0.0001,0.4,2.0,0.25,0.05,lr5e-05_bs8_drop0p4_temp2p0_a0p25_b0p05__wd1e-04trmiss0_degmodglobal,35,0.5590207491602216,0.6887089014053345,0.4444444444444444,0.7174482924482923,0.5384615384615384,0.0,0.5730871558189392,0.5366665720939636,0.06232504812734468,0.13545811123081616,0.0,0.0,0.0,0.0,0.0,18473,global,0.0
5,4,lr5e-05_bs8_drop0p4_temp2p0_a0p25_b0p05__wd1e-04trmiss0_degmodglobal,8,5e-05,0.0001,0.4,2.0,0.25,0.05,lr5e-05_bs8_drop0p4_temp2p0_a0p25_b0p05__wd1e-04trmiss0_degmodglobal,36,0.6064536401203701,0.6842969655990601,0.4444444444444444,0.7174482924482923,0.6153846153846154,0.0,0.5608217290469578,0.5794433355331421,0.06431575385587555,0.21862734641347611,0.0,0.0,0.0,0.0,0.0,18473,global,0.0
5,4,lr5e-05_bs8_drop0p4_temp2p0_a0p25_b0p05__wd1e-04trmiss0_degmodglobal,8,5e-05,0.0001,0.4,2.0,0.25,0.05,lr5e-05_bs8_drop0p4_temp2p0_a0p25_b0p05__wd1e-04trmiss0_degmodglobal,37,0.596381059714726,0.6801262497901917,0.4444444444444444,0.7174482924482923,0.6153846153846154,0.0,0.5753777878625053,0.5732123979500362,0.0641643697662013,0.1425511943442481,0.0,0.0,0.0,0.0,0.0,18473,global,0.0
5,4,lr5e-05_bs8_drop0p4_temp2p0_a0p25_b0p05__wd1e-04trmiss0_degmodglobal,8,5e-05,0.0001,0.4,2.0,0.25,0.05,lr5e-05_bs8_drop0p4_temp2p0_a0p25_b0p05__wd1e-04trmiss0_degmodglobal,38,0.56467946938106,0.6787960231304169,0.4444444444444444,0.7174482924482923,0.6153846153846154,0.0,0.5366962381771633,0.5438019548143659,0.05552767217159271,0.13991181233099528,0.0,0.0,0.0,0.0,0.0,18473,global,0.0
5,4,lr5e-05_bs8_drop0p4_temp2p0_a0p25_b0p05__wd1e-04trmiss0_degmodglobal,8,5e-05,0.0001,0.4,2.0,0.25,0.05,lr5e-05_bs8_drop0p4_temp2p0_a0p25_b0p05__wd1e-04trmiss0_degmodglobal,39,0.5721058079174587,0.6834751069545746,0.4444444444444444,0.7174482924482923,0.6153846153846154,0.0,0.5551382090364184,0.5470437066895621,0.06703565163271767,0.16606390795537404,0.0,0.0,0.0,0.0,0.0,18473,global,0.0
5,4,lr5e-05_bs8_drop0p4_temp2p0_a0p25_b0p05__wd1e-04trmiss0_degmodglobal,8,5e-05,0.0001,0.4,2.0,0.25,0.05,lr5e-05_bs8_drop0p4_temp2p0_a0p25_b0p05__wd1e-04trmiss0_degmodglobal,40,0.5900485515594482,0.6840991377830505,0.4444444444444444,0.7174482924482923,0.6153846153846154,0.0,0.5674351879528591,0.5710088780948094,0.05160621926188469,0.12276282374347959,0.0,0.0,0.0,0.0,0.0,18473,global,0.0
5,4,lr5e-05_bs8_drop0p4_temp2p0_a0p25_b0p05__wd1e-04trmiss0_degmodglobal,8,5e-05,0.0001,0.4,2.0,0.25,0.05,lr5e-05_bs8_drop0p4_temp2p0_a0p25_b0p05__wd1e-04trmiss0_degmodglobal,41,0.5832013828413827,0.6848711967468262,0.4444444444444444,0.7174482924482923,0.6153846153846154,0.0,0.5439183712005615,0.5492745637893677,0.0897168612905911,0.2299521608012063,0.0,0.0,0.0,0.0,0.0,18473,global,0.0
5,4,lr5e-05_bs8_drop0p4_temp2p0_a0p25_b0p05__wd1e-04trmiss0_degmodglobal,8,5e-05,0.0001,0.4,2.0,0.25,0.05,lr5e-05_bs8_drop0p4_temp2p0_a0p25_b0p05__wd1e-04trmiss0_degmodglobal,42,0.5796004491192954,0.6888446807861328,0.4722222222222222,0.7544853294853295,0.6153846153846154,0.0,0.5845784630094256,0.5511981248855591,0.07452343297856194,0.1954293463911329,0.0,0.0,0.0,0.0,0.0,18473,global,0.0
5,4,lr5e-05_bs8_drop0p4_temp2p0_a0p25_b0p05__wd1e-04trmiss0_degmodglobal,8,5e-05,0.0001,0.4,2.0,0.25,0.05,lr5e-05_bs8_drop0p4_temp2p0_a0p25_b0p05__wd1e-04trmiss0_degmodglobal,43,0.5999464477811541,0.687548816204071,0.4722222222222222,0.7544853294853295,0.6153846153846154,0.0,0.5422197452613285,0.5822346636227199,0.050399993413261006,0.10223572967307908,0.0,0.0,0.0,0.0,0.0,18473,global,0.0
5,4,lr5e-05_bs8_drop0p4_temp2p0_a0p25_b0p05__wd1e-04trmiss0_degmodglobal,8,5e-05,0.0001,0.4,2.0,0.25,0.05,lr5e-05_bs8_drop0p4_temp2p0_a0p25_b0p05__wd1e-04trmiss0_degmodglobal,44,0.5702776951449258,0.6907170712947845,0.4722222222222222,0.7544853294853295,0.46153846153846156,0.0,0.5616637808935983,0.548638254404068,0.058438721245953014,0.14059535360762052,0.0,0.0,0.0,0.0,0.0,18473,global,0.0
5,4,lr5e-05_bs8_drop0p4_temp2p0_a0p25_b0p05__wd1e-04trmiss0_degmodglobal,8,5e-05,0.0001,0.4,2.0,0.25,0.05,lr5e-05_bs8_drop0p4_temp2p0_a0p25_b0p05__wd1e-04trmiss0_degmodglobal,45,0.5919875758034843,0.6931742429733276,0.4444444444444444,0.7174482924482923,0.46153846153846156,0.0,0.5489438261304583,0.5718822308949062,0.058492324714149745,0.10964515273060117,0.0,0.0,0.0,0.0,0.0,18473,global,0.0
5,4,lr1e-05_bs8_drop0p2_temp1p0_a0p25_b0p05__wd1e-04trmiss0_degmodglobal,8,1e-05,0.0001,0.2,1.0,0.25,0.05,lr1e-05_bs8_drop0p2_temp1p0_a0p25_b0p05__wd1e-04trmiss0_degmodglobal,1,0.7357230101312909,0.6982631385326385,0.75,0.8829636412969748,0.46153846153846156,0.0,0.706446281501225,0.7131175739424569,0.06067418147410665,0.1487379888338702,0.0,0.0,0.0,0.0,0.0,18473,global,0.0
5,4,lr1e-05_bs8_drop0p2_temp1p0_a0p25_b0p05__wd1e-04trmiss0_degmodglobal,8,1e-05,0.0001,0.2,1.0,0.25,0.05,lr1e-05_bs8_drop0p2_temp1p0_a0p25_b0p05__wd1e-04trmiss0_degmodglobal,2,0.7326103448867798,0.6947489082813263,0.75,0.8829636412969748,0.46153846153846156,0.0,0.6987502234322684,0.7101017321859088,0.06057817488908768,0.14728150703012943,0.0,0.0,0.0,0.0,0.0,18473,global,0.0
5,4,lr1e-05_bs8_drop0p2_temp1p0_a0p25_b0p05__wd1e-04trmiss0_degmodglobal,8,1e-05,0.0001,0.2,1.0,0.25,0.05,lr1e-05_bs8_drop0p2_temp1p0_a0p25_b0p05__wd1e-04trmiss0_degmodglobal,3,0.7281144346509661,0.6968353688716888,0.75,0.8829636412969748,0.46153846153846156,0.0,0.6945953454290118,0.7104138135910034,0.04852448510272162,0.1113901755639485,0.0,0.0,0.0,0.0,0.0,18473,global,0.0
5,4,lr1e-05_bs8_drop0p2_temp1p0_a0p25_b0p05__wd1e-04trmiss0_degmodglobal,8,1e-05,0.0001,0.2,1.0,0.25,0.05,lr1e-05_bs8_drop0p2_temp1p0_a0p25_b0p05__wd1e-04trmiss0_degmodglobal,4,0.7230567846979413,0.7024281620979309,0.7222222222222222,0.8551858635191969,0.46153846153846156,0.0,0.6997343982969012,0.7034031237874713,0.05157473736575672,0.1351994052529335,0.0,0.0,0.0,0.0,0.0,18473,global,0.0
5,4,lr1e-05_bs8_drop0p2_temp1p0_a0p25_b0p05__wd1e-04trmiss0_degmodglobal,8,1e-05,0.0001,0.2,1.0,0.25,0.05,lr1e-05_bs8_drop0p2_temp1p0_a0p25_b0p05__wd1e-04trmiss0_degmodglobal,5,0.7397000704492841,0.7008402049541473,0.6666666666666666,0.8082722832722833,0.46153846153846156,0.0,0.6923508473805019,0.7213081632341657,0.04742502314703805,0.13071295459355628,0.0,0.0,0.0,0.0,0.0,18473,global,0.0
5,4,lr1e-05_bs8_drop0p2_temp1p0_a0p25_b0p05__wd1e-04trmiss0_degmodglobal,8,1e-05,0.0001,0.2,1.0,0.25,0.05,lr1e-05_bs8_drop0p2_temp1p0_a0p25_b0p05__wd1e-04trmiss0_degmodglobal,6,0.7008630463055202,0.70297771692276,0.6944444444444444,0.8181488264821599,0.46153846153846156,0.0,0.6887003694261823,0.6820807371820722,0.05195307465536254,0.11588044783898763,0.0,0.0,0.0,0.0,0.0,18473,global,0.0
5,4,lr1e-05_bs8_drop0p2_temp1p0_a0p25_b0p05__wd1e-04trmiss0_degmodglobal,8,1e-05,0.0001,0.2,1.0,0.25,0.05,lr1e-05_bs8_drop0p2_temp1p0_a0p25_b0p05__wd1e-04trmiss0_degmodglobal,7,0.7096489923340934,0.7031422853469849,0.6944444444444444,0.8181488264821599,0.46153846153846156,0.0,0.6739851321492877,0.691189672265734,0.05151295395834105,0.11162179282733373,0.0,0.0,0.0,0.0,0.0,18473,global,0.0
5,4,lr1e-05_bs8_drop0p2_temp1p0_a0p25_b0p05__wd1e-04trmiss0_degmodglobal,8,1e-05,0.0001,0.2,1.0,0.25,0.05,lr1e-05_bs8_drop0p2_temp1p0_a0p25_b0p05__wd1e-04trmiss0_degmodglobal,8,0.7079566291400364,0.705788642168045,0.6944444444444444,0.8181488264821599,0.46153846153846156,0.0,0.6879079171589443,0.6911880629403251,0.047061090490647724,0.10006597052727427,0.0,0.0,0.0,0.0,0.0,18473,global,0.0
5,4,lr1e-05_bs8_drop0p2_temp1p0_a0p25_b0p05__wd1e-04trmiss0_degmodglobal,8,1e-05,0.0001,0.2,1.0,0.25,0.05,lr1e-05_bs8_drop0p2_temp1p0_a0p25_b0p05__wd1e-04trmiss0_degmodglobal,9,0.6970220633915493,0.7000793516635895,0.6944444444444444,0.8181488264821599,0.46153846153846156,0.0,0.6741556525230408,0.6793973956789289,0.04849369078874588,0.11002480504768235,0.0,0.0,0.0,0.0,0.0,18473,global,0.0
5,4,lr1e-05_bs8_drop0p2_temp1p0_a0p25_b0p05__wd1e-04trmiss0_degmodglobal,8,1e-05,0.0001,0.2,1.0,0.25,0.05,lr1e-05_bs8_drop0p2_temp1p0_a0p25_b0p05__wd1e-04trmiss0_degmodglobal,10,0.6849656105041504,0.7014604210853577,0.6944444444444444,0.8181488264821599,0.46153846153846156,0.0,0.6875618525913784,0.6647524067333767,0.05483205722911017,0.13010370518480027,0.0,0.0,0.0,0.0,0.0,18473,global,0.0
5,4,lr1e-05_bs8_drop0p2_temp1p0_a0p25_b0p05__wd1e-04trmiss0_degmodglobal,8,1e-05,0.0001,0.2,1.0,0.25,0.05,lr1e-05_bs8_drop0p2_temp1p0_a0p25_b0p05__wd1e-04trmiss0_degmodglobal,11,0.7094847985676357,0.7029164433479309,0.6944444444444444,0.8181488264821599,0.46153846153846156,0.0,0.6726195812225342,0.6880098496164594,0.05511235019990376,0.15393742652876036,0.0,0.0,0.0,0.0,0.0,18473,global,0.0
5,4,lr1e-05_bs8_drop0p2_temp1p0_a0p25_b0p05__wd1e-04trmiss0_degmodglobal,8,1e-05,0.0001,0.2,1.0,0.25,0.05,lr1e-05_bs8_drop0p2_temp1p0_a0p25_b0p05__wd1e-04trmiss0_degmodglobal,12,0.6923938819340297,0.7076171338558197,0.6944444444444444,0.8181488264821599,0.46153846153846156,0.0,0.6601965171950204,0.6728435243879046,0.05447087064385414,0.11865314841270447,0.0,0.0,0.0,0.0,0.0,18473,global,0.0
5,4,lr1e-05_bs8_drop0p2_temp1p0_a0p25_b0p05__wd1e-04trmiss0_degmodglobal,8,1e-05,0.0001,0.2,1.0,0.25,0.05,lr1e-05_bs8_drop0p2_temp1p0_a0p25_b0p05__wd1e-04trmiss0_degmodglobal,13,0.6849941440990993,0.7031989991664886,0.6944444444444444,0.8181488264821599,0.46153846153846156,0.0,0.6932366830962045,0.6675570351736886,0.04866847129804747,0.10539946066481727,0.0,0.0,0.0,0.0,0.0,18473,global,0.0
5,4,lr1e-05_bs8_drop0p2_temp1p0_a0p25_b0p05__wd1e-04trmiss0_degmodglobal,8,1e-05,0.0001,0.2,1.0,0.25,0.05,lr1e-05_bs8_drop0p2_temp1p0_a0p25_b0p05__wd1e-04trmiss0_degmodglobal,14,0.6945068325315203,0.7002396881580353,0.7222222222222222,0.8245590828924163,0.46153846153846156,0.0,0.6736133439200265,0.6733166916029794,0.05596708506345749,0.14396747308118002,0.0,0.0,0.0,0.0,0.0,18473,global,0.0
5,4,lr1e-05_bs8_drop0p2_temp1p0_a0p25_b0p05__wd1e-04trmiss0_degmodglobal,8,1e-05,0.0001,0.2,1.0,0.25,0.05,lr1e-05_bs8_drop0p2_temp1p0_a0p25_b0p05__wd1e-04trmiss0_degmodglobal,15,0.6968548468181065,0.699594646692276,0.6944444444444444,0.8181488264821599,0.46153846153846156,0.0,0.6640778950282505,0.6787460020610264,0.04874179033296449,0.1184680483170918,0.0,0.0,0.0,0.0,0.0,18473,global,0.0
5,4,lr1e-05_bs8_drop0p2_temp1p0_a0p25_b0p05__wd1e-04trmiss0_degmodglobal,8,1e-05,0.0001,0.2,1.0,0.25,0.05,lr1e-05_bs8_drop0p2_temp1p0_a0p25_b0p05__wd1e-04trmiss0_degmodglobal,16,0.666970261505672,0.6976445913314819,0.7222222222222222,0.8245590828924163,0.46153846153846156,0.0,0.645658722945622,0.6487579090254647,0.05260495575410979,0.1012222170829773,0.0,0.0,0.0,0.0,0.0,18473,global,0.0
5,4,lr1e-05_bs8_drop0p2_temp1p0_a0p25_b0p05__wd1e-04trmiss0_degmodglobal,8,1e-05,0.0001,0.2,1.0,0.25,0.05,lr1e-05_bs8_drop0p2_temp1p0_a0p25_b0p05__wd1e-04trmiss0_degmodglobal,17,0.68531334400177,0.6963557004928589,0.7222222222222222,0.8245590828924163,0.46153846153846156,0.0,0.6625749298504421,0.6658650636672974,0.05265042771186147,0.12571353518537112,0.0,0.0,0.0,0.0,0.0,18473,global,0.0
5,4,lr1e-05_bs8_drop0p2_temp1p0_a0p25_b0p05__wd1e-04trmiss0_degmodglobal,8,1e-05,0.0001,0.2,1.0,0.25,0.05,lr1e-05_bs8_drop0p2_temp1p0_a0p25_b0p05__wd1e-04trmiss0_degmodglobal,18,0.6734501719474792,0.6957248449325562,0.7222222222222222,0.8245590828924163,0.46153846153846156,0.0,0.662152920450483,0.6544827222824097,0.05248098394700459,0.11694399160998208,0.0,0.0,0.0,0.0,0.0,18473,global,0.0
5,4,lr1e-05_bs8_drop0p2_temp1p0_a0p25_b0p05__wd1e-04trmiss0_degmodglobal,8,1e-05,0.0001,0.2,1.0,0.25,0.05,lr1e-05_bs8_drop0p2_temp1p0_a0p25_b0p05__wd1e-04trmiss0_degmodglobal,19,0.6893770268985203,0.6967039406299591,0.7222222222222222,0.8245590828924163,0.46153846153846156,0.0,0.6520454798425946,0.6701865707124982,0.053111006638833454,0.11825406338487353,0.0,0.0,0.0,0.0,0.0,18473,global,0.0
5,4,lr1e-05_bs8_drop0p2_temp1p0_a0p25_b0p05__wd1e-04trmiss0_degmodglobal,8,1e-05,0.0001,0.2,1.0,0.25,0.05,lr1e-05_bs8_drop0p2_temp1p0_a0p25_b0p05__wd1e-04trmiss0_degmodglobal,20,0.6910221491541181,0.6936277449131012,0.7222222222222222,0.8245590828924163,0.46153846153846156,0.0,0.6598699178014483,0.6737439376967294,0.05298197269439697,0.08065425232052803,0.0,0.0,0.0,0.0,0.0,18473,global,0.0
5,4,lr1e-05_bs8_drop0p2_temp1p0_a0p25_b0p05__wd1e-04trmiss0_degmodglobal,8,1e-05,0.0001,0.2,1.0,0.25,0.05,lr1e-05_bs8_drop0p2_temp1p0_a0p25_b0p05__wd1e-04trmiss0_degmodglobal,21,0.6802260620253426,0.6938886642456055,0.7222222222222222,0.8245590828924163,0.46153846153846156,0.0,0.6294938666479928,0.6604449919291905,0.05822209322026798,0.10451108536549977,0.0,0.0,0.0,0.0,0.0,18473,global,0.0
5,4,lr1e-05_bs8_drop0p2_temp1p0_a0p25_b0p05__wd1e-04trmiss0_degmodglobal,8,1e-05,0.0001,0.2,1.0,0.25,0.05,lr1e-05_bs8_drop0p2_temp1p0_a0p25_b0p05__wd1e-04trmiss0_degmodglobal,22,0.6759255869047982,0.6946816146373749,0.7222222222222222,0.8245590828924163,0.46153846153846156,0.0,0.6662372435842242,0.6534201332501003,0.05685994774103165,0.16580930671521596,0.0,0.0,0.0,0.0,0.0,18473,global,0.0
5,4,lr1e-05_bs8_drop0p2_temp1p0_a0p25_b0p05__wd1e-04trmiss0_degmodglobal,8,1e-05,0.0001,0.2,1.0,0.25,0.05,lr1e-05_bs8_drop0p2_temp1p0_a0p25_b0p05__wd1e-04trmiss0_degmodglobal,23,0.6908254453114101,0.6927366554737091,0.7222222222222222,0.8245590828924163,0.46153846153846156,0.0,0.633540655885424,0.670905317578997,0.05458915552922657,0.12545648110764368,0.0,0.0,0.0,0.0,0.0,18473,global,0.0
5,4,lr1e-05_bs8_drop0p2_temp1p0_a0p25_b0p05__wd1e-04trmiss0_degmodglobal,8,1e-05,0.0001,0.2,1.0,0.25,0.05,lr1e-05_bs8_drop0p2_temp1p0_a0p25_b0p05__wd1e-04trmiss0_degmodglobal,24,0.6996993252209255,0.6936002373695374,0.7222222222222222,0.8245590828924163,0.38461538461538464,0.0,0.6623764038085938,0.6758396284920829,0.06501192652753421,0.1521340874688966,0.0,0.0,0.0,0.0,0.0,18473,global,0.0
5,4,lr1e-05_bs8_drop0p2_temp1p0_a0p25_b0p05__wd1e-04trmiss0_degmodglobal,8,1e-05,0.0001,0.2,1.0,0.25,0.05,lr1e-05_bs8_drop0p2_temp1p0_a0p25_b0p05__wd1e-04trmiss0_degmodglobal,25,0.6997861606734139,0.695317417383194,0.7222222222222222,0.8245590828924163,0.46153846153846156,0.0,0.6570332816668919,0.6790710857936314,0.059693921357393265,0.11583200629268374,0.0,0.0,0.0,0.0,0.0,18473,global,0.0
5,4,lr1e-05_bs8_drop0p2_temp1p0_a0p25_b0p05__wd1e-04trmiss0_degmodglobal,8,1e-05,0.0001,0.2,1.0,0.25,0.05,lr1e-05_bs8_drop0p2_temp1p0_a0p25_b0p05__wd1e-04trmiss0_degmodglobal,26,0.7013154285294669,0.6963686048984528,0.7222222222222222,0.8245590828924163,0.38461538461538464,0.0,0.644751753125872,0.6819057464599609,0.056860345282724926,0.10389184206724167,0.0,0.0,0.0,0.0,0.0,18473,global,0.0
5,4,lr1e-05_bs8_drop0p2_temp1p0_a0p25_b0p05__wd1e-04trmiss0_degmodglobal,8,1e-05,0.0001,0.2,1.0,0.25,0.05,lr1e-05_bs8_drop0p2_temp1p0_a0p25_b0p05__wd1e-04trmiss0_degmodglobal,27,0.6762240954807827,0.6942988932132721,0.7222222222222222,0.8245590828924163,0.46153846153846156,0.0,0.6486829008374896,0.6561388543673924,0.05755266919732094,0.11394156089850835,0.0,0.0,0.0,0.0,0.0,18473,global,0.0
5,4,lr1e-05_bs8_drop0p2_temp1p0_a0p25_b0p05__wd1e-04trmiss0_degmodglobal,8,1e-05,0.0001,0.2,1.0,0.25,0.05,lr1e-05_bs8_drop0p2_temp1p0_a0p25_b0p05__wd1e-04trmiss0_degmodglobal,28,0.6630595070975167,0.6927716732025146,0.7222222222222222,0.8245590828924163,0.46153846153846156,0.0,0.6213635546820504,0.644710728100368,0.05276861733623913,0.1031324490904808,0.0,0.0,0.0,0.0,0.0,18473,global,0.0
5,4,lr1e-05_bs8_drop0p2_temp1p0_a0p25_b0p05__wd1e-04trmiss0_degmodglobal,8,1e-05,0.0001,0.2,1.0,0.25,0.05,lr1e-05_bs8_drop0p2_temp1p0_a0p25_b0p05__wd1e-04trmiss0_degmodglobal,29,0.683343095438821,0.6922352015972137,0.7222222222222222,0.8245590828924163,0.46153846153846156,0.0,0.6591771245002747,0.665671033518655,0.04462912891592298,0.13029550441673823,0.0,0.0,0.0,0.0,0.0,18473,global,0.0
5,4,lr1e-05_bs8_drop0p2_temp1p0_a0p25_b0p05__wd1e-04trmiss0_degmodglobal,8,1e-05,0.0001,0.2,1.0,0.25,0.05,lr1e-05_bs8_drop0p2_temp1p0_a0p25_b0p05__wd1e-04trmiss0_degmodglobal,30,0.6826669488634381,0.6913317143917084,0.7222222222222222,0.8245590828924163,0.38461538461538464,0.0,0.642931980746133,0.6622844593865531,0.05562779094491686,0.1295104537691389,0.0,0.0,0.0,0.0,0.0,18473,global,0.0
5,4,lr1e-05_bs8_drop0p2_temp1p0_a0p25_b0p05__wd1e-04trmiss0_degmodglobal,8,1e-05,0.0001,0.2,1.0,0.25,0.05,lr1e-05_bs8_drop0p2_temp1p0_a0p25_b0p05__wd1e-04trmiss0_degmodglobal,31,0.6765590480395726,0.6896050870418549,0.7222222222222222,0.8245590828924163,0.38461538461538464,0.0,0.6321551203727722,0.6598227449825832,0.04701521673372814,0.09964978535260473,0.0,0.0,0.0,0.0,0.0,18473,global,0.0
5,4,lr1e-05_bs8_drop0p2_temp1p0_a0p25_b0p05__wd1e-04trmiss0_degmodglobal,8,1e-05,0.0001,0.2,1.0,0.25,0.05,lr1e-05_bs8_drop0p2_temp1p0_a0p25_b0p05__wd1e-04trmiss0_degmodglobal,32,0.6914827993937901,0.6947714388370514,0.7222222222222222,0.8245590828924163,0.38461538461538464,0.0,0.6348650285175869,0.6680947116443089,0.06003363909465926,0.16759365051984787,0.0,0.0,0.0,0.0,0.0,18473,global,0.0
5,4,lr1e-05_bs8_drop0p2_temp1p0_a0p25_b0p05__wd1e-04trmiss0_degmodglobal,8,1e-05,0.0001,0.2,1.0,0.25,0.05,lr1e-05_bs8_drop0p2_temp1p0_a0p25_b0p05__wd1e-04trmiss0_degmodglobal,33,0.6731628434998649,0.694473385810852,0.7222222222222222,0.8245590828924163,0.38461538461538464,0.0,0.6150969352040973,0.6537643074989319,0.0519091109079974,0.12842494994401932,0.0,0.0,0.0,0.0,0.0,18473,global,0.0
5,4,lr1e-05_bs8_drop0p2_temp1p0_a0p25_b0p05__wd1e-04trmiss0_degmodglobal,8,1e-05,0.0001,0.2,1.0,0.25,0.05,lr1e-05_bs8_drop0p2_temp1p0_a0p25_b0p05__wd1e-04trmiss0_degmodglobal,34,0.688244777066367,0.6947661340236664,0.7222222222222222,0.8245590828924163,0.38461538461538464,0.0,0.6076655813625881,0.6658833197184971,0.05998845877391951,0.14728697602237975,0.0,0.0,0.0,0.0,0.0,18473,global,0.0
5,4,lr1e-05_bs8_drop0p2_temp1p0_a0p25_b0p05__wd1e-04trmiss0_degmodglobal,8,1e-05,0.0001,0.2,1.0,0.25,0.05,lr1e-05_bs8_drop0p2_temp1p0_a0p25_b0p05__wd1e-04trmiss0_degmodglobal,35,0.6800147550446647,0.6919458508491516,0.7222222222222222,0.8245590828924163,0.38461538461538464,0.0,0.593893153326852,0.6592319522585187,0.05611626910311835,0.13507456864629472,0.0,0.0,0.0,0.0,0.0,18473,global,0.0
5,4,lr1e-05_bs8_drop0p2_temp1p0_a0p25_b0p05__wd1e-04trmiss0_degmodglobal,8,1e-05,0.0001,0.2,1.0,0.25,0.05,lr1e-05_bs8_drop0p2_temp1p0_a0p25_b0p05__wd1e-04trmiss0_degmodglobal,36,0.6699787293161664,0.6901072561740875,0.75,0.8321348404681739,0.38461538461538464,0.0,0.6135399426732745,0.6524427277701241,0.049940046455178945,0.10101945166076932,0.0,0.0,0.0,0.0,0.0,18473,global,0.0
5,4,lr1e-05_bs8_drop0p2_temp1p0_a0p25_b0p05__wd1e-04trmiss0_degmodglobal,8,1e-05,0.0001,0.2,1.0,0.25,0.05,lr1e-05_bs8_drop0p2_temp1p0_a0p25_b0p05__wd1e-04trmiss0_degmodglobal,37,0.6589602913175311,0.6887508034706116,0.75,0.8321348404681739,0.38461538461538464,0.0,0.6036869032042367,0.639422961643764,0.053655706346035004,0.12246813571878842,0.0,0.0,0.0,0.0,0.0,18473,global,0.0
5,4,lr1e-05_bs8_drop0p2_temp1p0_a0p25_b0p05__wd1e-04trmiss0_degmodglobal,8,1e-05,0.0001,0.2,1.0,0.25,0.05,lr1e-05_bs8_drop0p2_temp1p0_a0p25_b0p05__wd1e-04trmiss0_degmodglobal,38,0.684017368725368,0.693172425031662,0.75,0.8321348404681739,0.38461538461538464,0.0,0.6442873563085284,0.666442734854562,0.04683197555797441,0.11733266072613853,0.0,0.0,0.0,0.0,0.0,18473,global,0.0
5,4,lr1e-05_bs8_drop0p2_temp1p0_a0p25_b0p05__wd1e-04trmiss0_degmodglobal,8,1e-05,0.0001,0.2,1.0,0.25,0.05,lr1e-05_bs8_drop0p2_temp1p0_a0p25_b0p05__wd1e-04trmiss0_degmodglobal,39,0.6639185122081211,0.6863212585449219,0.75,0.8321348404681739,0.38461538461538464,0.0,0.624422720500401,0.6425333363669259,0.0598456971347332,0.12847539143902914,0.0,0.0,0.0,0.0,0.0,18473,global,0.0
5,4,lr1e-05_bs8_drop0p2_temp1p0_a0p25_b0p05__wd1e-04trmiss0_degmodglobal,8,1e-05,0.0001,0.2,1.0,0.25,0.05,lr1e-05_bs8_drop0p2_temp1p0_a0p25_b0p05__wd1e-04trmiss0_degmodglobal,40,0.6762348924364362,0.6882953941822052,0.75,0.8321348404681739,0.38461538461538464,0.0,0.6208636675562177,0.6518490144184658,0.06605499823178564,0.15744289755821228,0.0,0.0,0.0,0.0,0.0,18473,global,0.0
5,4,lr1e-05_bs8_drop0p2_temp1p0_a0p25_b0p05__wd1e-04trmiss0_degmodglobal,8,1e-05,0.0001,0.2,1.0,0.25,0.05,lr1e-05_bs8_drop0p2_temp1p0_a0p25_b0p05__wd1e-04trmiss0_degmodglobal,41,0.6528796127864293,0.6865396201610565,0.75,0.8321348404681739,0.38461538461538464,0.0,0.6048298733575004,0.6344455650874546,0.052586509713104794,0.10574834101966449,0.0,0.0,0.0,0.0,0.0,18473,global,0.0
5,4,lr1e-05_bs8_drop0p2_temp1p0_a0p25_b0p05__wd1e-04trmiss0_degmodglobal,8,1e-05,0.0001,0.2,1.0,0.25,0.05,lr1e-05_bs8_drop0p2_temp1p0_a0p25_b0p05__wd1e-04trmiss0_degmodglobal,42,0.6574020726340157,0.6845420300960541,0.75,0.8321348404681739,0.38461538461538464,0.0,0.5769214459827968,0.6327827317374093,0.06669053807854652,0.15893421322107315,0.0,0.0,0.0,0.0,0.0,18473,global,0.0
5,4,lr1e-05_bs8_drop0p2_temp1p0_a0p25_b0p05__wd1e-04trmiss0_degmodglobal,8,1e-05,0.0001,0.2,1.0,0.25,0.05,lr1e-05_bs8_drop0p2_temp1p0_a0p25_b0p05__wd1e-04trmiss0_degmodglobal,43,0.6760776724134173,0.6858771741390228,0.7222222222222222,0.8245590828924163,0.38461538461538464,0.0,0.6138994268008641,0.6526889545576913,0.06960751116275787,0.11973679385014943,0.0,0.0,0.0,0.0,0.0,18473,global,0.0
5,4,lr1e-05_bs8_drop0p2_temp1p0_a0p25_b0p05__wd1e-04trmiss0_degmodglobal,8,1e-05,0.0001,0.2,1.0,0.25,0.05,lr1e-05_bs8_drop0p2_temp1p0_a0p25_b0p05__wd1e-04trmiss0_degmodglobal,44,0.6682250584874835,0.6848292648792267,0.75,0.8321348404681739,0.38461538461538464,0.0,0.5968925697462899,0.6457830326897758,0.06422456779650279,0.12771775147744588,0.0,0.0,0.0,0.0,0.0,18473,global,0.0
5,4,lr1e-05_bs8_drop0p2_temp1p0_a0p25_b0p05__wd1e-04trmiss0_degmodglobal,8,1e-05,0.0001,0.2,1.0,0.25,0.05,lr1e-05_bs8_drop0p2_temp1p0_a0p25_b0p05__wd1e-04trmiss0_degmodglobal,45,0.663998680455344,0.6854637265205383,0.75,0.8321348404681739,0.38461538461538464,0.0,0.5884373273168292,0.6364778876304626,0.07124255331499237,0.19420340018612997,0.0,0.0,0.0,0.0,0.0,18473,global,0.0
5,4,lr1e-05_bs8_drop0p2_temp1p0_a0p25_b0p05__wd1e-04trmiss0_degmodglobal,8,1e-05,0.0001,0.2,1.0,0.25,0.05,lr1e-05_bs8_drop0p2_temp1p0_a0p25_b0p05__wd1e-04trmiss0_degmodglobal,46,0.6880689007895333,0.688774824142456,0.75,0.8321348404681739,0.38461538461538464,0.0,0.6001231840678624,0.6618658900260925,0.06905389949679375,0.17879083859069006,0.0,0.0,0.0,0.0,0.0,18473,global,0.0
5,4,lr1e-05_bs8_drop0p2_temp1p0_a0p25_b0p05__wd1e-04trmiss0_degmodglobal,8,1e-05,0.0001,0.2,1.0,0.25,0.05,lr1e-05_bs8_drop0p2_temp1p0_a0p25_b0p05__wd1e-04trmiss0_degmodglobal,47,0.6595686078071594,0.6841938197612762,0.7222222222222222,0.8245590828924163,0.38461538461538464,0.0,0.6080721361296517,0.636925995349884,0.06464923545718193,0.12960637467248098,0.0,0.0,0.0,0.0,0.0,18473,global,0.0
5,4,lr1e-05_bs8_drop0p2_temp1p0_a0p25_b0p05__wd1e-04trmiss0_degmodglobal,8,1e-05,0.0001,0.2,1.0,0.25,0.05,lr1e-05_bs8_drop0p2_temp1p0_a0p25_b0p05__wd1e-04trmiss0_degmodglobal,48,0.6727538619722638,0.6789350509643555,0.75,0.8321348404681739,0.38461538461538464,0.0,0.6176248022488185,0.6438901168959481,0.07645065763166972,0.1950217384312834,0.0,0.0,0.0,0.0,0.0,18473,global,0.0
5,4,lr1e-05_bs8_drop0p2_temp1p0_a0p25_b0p05__wd1e-04trmiss0_degmodglobal,8,1e-05,0.0001,0.2,1.0,0.25,0.05,lr1e-05_bs8_drop0p2_temp1p0_a0p25_b0p05__wd1e-04trmiss0_degmodglobal,49,0.656459995678493,0.6756220757961273,0.7777777777777778,0.8691718775052109,0.38461538461538464,0.0,0.5757698161261422,0.6310304573604039,0.0718369111418724,0.14940602545227324,0.0,0.0,0.0,0.0,0.0,18473,global,0.0
5,4,lr1e-05_bs8_drop0p2_temp1p0_a0p25_b0p05__wd1e-04trmiss0_degmodglobal,8,1e-05,0.0001,0.2,1.0,0.25,0.05,lr1e-05_bs8_drop0p2_temp1p0_a0p25_b0p05__wd1e-04trmiss0_degmodglobal,50,0.6633809038570949,0.6736407279968262,0.8055555555555556,0.8782627865961199,0.38461538461538464,0.0,0.5976106779915946,0.6396634238106864,0.06729143112897873,0.13789249850170954,0.0,0.0,0.0,0.0,0.0,18473,global,0.0
5,4,lr1e-05_bs8_drop0p2_temp1p0_a0p25_b0p05__wd1e-04trmiss0_degmodglobal,8,1e-05,0.0001,0.2,1.0,0.25,0.05,lr1e-05_bs8_drop0p2_temp1p0_a0p25_b0p05__wd1e-04trmiss0_degmodglobal,51,0.6722529104777745,0.6705290675163269,0.8055555555555556,0.8782627865961199,0.38461538461538464,0.0,0.5903254321643284,0.6433274405343192,0.07981744568262782,0.17942214810422488,0.0,0.0,0.0,0.0,0.0,18473,global,0.0
5,4,lr1e-05_bs8_drop0p2_temp1p0_a0p25_b0p05__wd1e-04trmiss0_degmodglobal,8,1e-05,0.0001,0.2,1.0,0.25,0.05,lr1e-05_bs8_drop0p2_temp1p0_a0p25_b0p05__wd1e-04trmiss0_degmodglobal,52,0.6584432295390538,0.6751016080379486,0.8055555555555556,0.8782627865961199,0.38461538461538464,0.0,0.6068657125745501,0.6298588599477496,0.0770377027136939,0.18649891018867493,0.0,0.0,0.0,0.0,0.0,18473,global,0.0
5,4,lr1e-05_bs8_drop0p2_temp1p0_a0p25_b0p05__wd1e-04trmiss0_degmodglobal,8,1e-05,0.0001,0.2,1.0,0.25,0.05,lr1e-05_bs8_drop0p2_temp1p0_a0p25_b0p05__wd1e-04trmiss0_degmodglobal,53,0.6524469086102077,0.6770008206367493,0.7777777777777778,0.8691718775052109,0.38461538461538464,0.0,0.5888692566326686,0.6250531843730381,0.07795259303280286,0.15811171701976232,0.0,0.0,0.0,0.0,0.0,18473,global,0.0
5,4,lr1e-05_bs8_drop0p2_temp1p0_a0p25_b0p05__wd1e-04trmiss0_degmodglobal,8,1e-05,0.0001,0.2,1.0,0.25,0.05,lr1e-05_bs8_drop0p2_temp1p0_a0p25_b0p05__wd1e-04trmiss0_degmodglobal,54,0.6685280544417245,0.6768116056919098,0.7777777777777778,0.8691718775052109,0.38461538461538464,0.0,0.5936245151928493,0.6429869788033622,0.07229754754475184,0.14933356642723083,0.0,0.0,0.0,0.0,0.0,18473,global,0.0
5,4,lr1e-05_bs8_drop0p2_temp1p0_a0p25_b0p05__wd1e-04trmiss0_degmodglobal,8,1e-05,0.0001,0.2,1.0,0.25,0.05,lr1e-05_bs8_drop0p2_temp1p0_a0p25_b0p05__wd1e-04trmiss0_degmodglobal,55,0.6572247913905552,0.6751898527145386,0.7777777777777778,0.8691718775052109,0.46153846153846156,0.0,0.5939698645046779,0.6344698582376752,0.06477308432970728,0.1312330812215805,0.0,0.0,0.0,0.0,0.0,18473,global,0.0
5,4,lr1e-05_bs8_drop0p2_temp1p0_a0p25_b0p05__wd1e-04trmiss0_degmodglobal,8,1e-05,0.0001,0.2,1.0,0.25,0.05,lr1e-05_bs8_drop0p2_temp1p0_a0p25_b0p05__wd1e-04trmiss0_degmodglobal,56,0.6708163448742458,0.6782030165195465,0.75,0.8615961199294533,0.38461538461538464,0.0,0.5858249664306641,0.6425822377204895,0.0765478504555566,0.18194308504462242,0.0,0.0,0.0,0.0,0.0,18473,global,0.0
5,4,lr1e-05_bs8_drop0p2_temp1p0_a0p25_b0p05__wd1e-04trmiss0_degmodglobal,8,1e-05,0.0001,0.2,1.0,0.25,0.05,lr1e-05_bs8_drop0p2_temp1p0_a0p25_b0p05__wd1e-04trmiss0_degmodglobal,57,0.6564162288393293,0.6812449097633362,0.75,0.8615961199294533,0.38461538461538464,0.0,0.5749774745532444,0.6329340083258492,0.06576102333409446,0.14083918343697274,0.0,0.0,0.0,0.0,0.0,18473,global,0.0
5,4,lr1e-05_bs8_drop0p2_temp1p0_a0p25_b0p05__wd1e-04trmiss0_degmodglobal,8,1e-05,0.0001,0.2,1.0,0.25,0.05,lr1e-05_bs8_drop0p2_temp1p0_a0p25_b0p05__wd1e-04trmiss0_degmodglobal,58,0.6580329281943185,0.6809477210044861,0.75,0.8615961199294533,0.38461538461538464,0.0,0.5786114760807582,0.6351541961942401,0.06187559238501957,0.14819695906979696,0.0,0.0,0.0,0.0,0.0,18473,global,0.0
5,4,lr1e-05_bs8_drop0p2_temp1p0_a0p25_b0p05__wd1e-04trmiss0_degmodglobal,8,1e-05,0.0001,0.2,1.0,0.25,0.05,lr1e-05_bs8_drop0p2_temp1p0_a0p25_b0p05__wd1e-04trmiss0_degmodglobal,59,0.6533169065202985,0.6786715984344482,0.75,0.8615961199294533,0.38461538461538464,0.0,0.586862393787929,0.6286974549293518,0.07286249952656883,0.12807676355753625,0.0,0.0,0.0,0.0,0.0,18473,global,0.0
5,4,lr1e-05_bs8_drop0p2_temp1p0_a0p25_b0p05__wd1e-04trmiss0_degmodglobal,8,1e-05,0.0001,0.2,1.0,0.25,0.05,lr1e-05_bs8_drop0p2_temp1p0_a0p25_b0p05__wd1e-04trmiss0_degmodglobal,60,0.6707566721098763,0.6739559769630432,0.75,0.8615961199294533,0.38461538461538464,0.0,0.5949310234614781,0.6466994711330959,0.06643182997192655,0.14898479623453958,0.0,0.0,0.0,0.0,0.0,18473,global,0.0
5,4,lr1e-05_bs8_drop0p2_temp1p0_a0p25_b0p05__wd1e-04trmiss0_degmodglobal,8,1e-05,0.0001,0.2,1.0,0.25,0.05,lr1e-05_bs8_drop0p2_temp1p0_a0p25_b0p05__wd1e-04trmiss0_degmodglobal,61,0.6849683438028608,0.6759267449378967,0.7222222222222222,0.8245590828924163,0.38461538461538464,0.0,0.5949544480868748,0.6588481324059623,0.07287548535636493,0.1580269065286432,0.0,0.0,0.0,0.0,0.0,18473,global,0.0
5,4,lr1e-05_bs8_drop0p2_temp1p0_a0p25_b0p05__wd1e-04trmiss0_degmodglobal,8,1e-05,0.0001,0.2,1.0,0.25,0.05,lr1e-05_bs8_drop0p2_temp1p0_a0p25_b0p05__wd1e-04trmiss0_degmodglobal,62,0.6474837916237968,0.678423672914505,0.7222222222222222,0.8245590828924163,0.38461538461538464,0.0,0.5750788450241089,0.6216907245772225,0.07398085030061859,0.14595738691943033,0.0,0.0,0.0,0.0,0.0,18473,global,0.0
5,4,lr1e-05_bs8_drop0p2_temp1p0_a0p25_b0p05__wd1e-04trmiss0_degmodglobal,8,1e-05,0.0001,0.2,1.0,0.25,0.05,lr1e-05_bs8_drop0p2_temp1p0_a0p25_b0p05__wd1e-04trmiss0_degmodglobal,63,0.6449194465364728,0.676870197057724,0.7222222222222222,0.8245590828924163,0.38461538461538464,0.0,0.5755806054387774,0.6215073721749442,0.07292397267052106,0.10362181865743228,0.0,0.0,0.0,0.0,0.0,18473,global,0.0
5,4,lr1e-05_bs8_drop0p2_temp1p0_a0p25_b0p05__wd1e-04trmiss0_degmodglobal,8,1e-05,0.0001,0.2,1.0,0.25,0.05,lr1e-05_bs8_drop0p2_temp1p0_a0p25_b0p05__wd1e-04trmiss0_degmodglobal,64,0.6559408136776516,0.6792827546596527,0.75,0.8615961199294533,0.38461538461538464,0.0,0.5853091563497271,0.6267912813595363,0.08545191905328206,0.15573097871882574,0.0,0.0,0.0,0.0,0.0,18473,global,0.0
5,4,lr1e-05_bs8_drop0p2_temp1p0_a0p25_b0p05__wd1e-04trmiss0_degmodglobal,8,1e-05,0.0001,0.2,1.0,0.25,0.05,lr1e-05_bs8_drop0p2_temp1p0_a0p25_b0p05__wd1e-04trmiss0_degmodglobal,65,0.6458282811301095,0.6798172891139984,0.7222222222222222,0.8245590828924163,0.38461538461538464,0.0,0.5632268786430359,0.6161296878542218,0.08286192800317492,0.17966245114803314,0.0,0.0,0.0,0.0,0.0,18473,global,0.0
5,4,lr1e-05_bs8_drop0p2_temp1p0_a0p25_b0p05__wd1e-04trmiss0_degmodglobal,8,1e-05,0.0001,0.2,1.0,0.25,0.05,lr1e-05_bs8_drop0p2_temp1p0_a0p25_b0p05__wd1e-04trmiss0_degmodglobal,66,0.6613254206521171,0.6820831894874573,0.7222222222222222,0.8245590828924163,0.38461538461538464,0.0,0.5629121320588248,0.6328627978052411,0.0817251338490418,0.16062686698777334,0.0,0.0,0.0,0.0,0.0,18473,global,0.0
5,4,lr1e-05_bs8_drop0p2_temp1p0_a0p25_b0p05__wd1e-04trmiss0_degmodglobal,8,1e-05,0.0001,0.2,1.0,0.25,0.05,lr1e-05_bs8_drop0p2_temp1p0_a0p25_b0p05__wd1e-04trmiss0_degmodglobal,67,0.6432790585926601,0.6830282509326935,0.7222222222222222,0.8245590828924163,0.38461538461538464,0.0,0.6050245421273368,0.6183390532221112,0.07376691060406822,0.12996574704136168,0.0,0.0,0.0,0.0,0.0,18473,global,0.0
5,4,lr1e-05_bs8_drop0p2_temp1p0_a0p25_b0p05__wd1e-04trmiss0_degmodglobal,8,1e-05,0.0001,0.2,1.0,0.25,0.05,lr1e-05_bs8_drop0p2_temp1p0_a0p25_b0p05__wd1e-04trmiss0_degmodglobal,68,0.6604470355170113,0.6848786175251007,0.7222222222222222,0.8245590828924163,0.38461538461538464,0.0,0.558474063873291,0.6297563484736851,0.0855719947389194,0.18595390553985322,0.0,0.0,0.0,0.0,0.0,18473,global,0.0
5,4,lr1e-05_bs8_drop0p2_temp1p0_a0p25_b0p05__wd1e-04trmiss0_degmodglobal,8,1e-05,0.0001,0.2,1.0,0.25,0.05,lr1e-05_bs8_drop0p2_temp1p0_a0p25_b0p05__wd1e-04trmiss0_degmodglobal,69,0.660214534827641,0.6864203214645386,0.7222222222222222,0.8245590828924163,0.38461538461538464,0.0,0.5838456153869629,0.6381664957318988,0.06170540675520897,0.13243346075926507,0.0,0.0,0.0,0.0,0.0,18473,global,0.0
5,4,lr1e-05_bs8_drop0p2_temp1p0_a0p25_b0p05__wd1e-04trmiss0_degmodglobal,8,1e-05,0.0001,0.2,1.0,0.25,0.05,lr1e-05_bs8_drop0p2_temp1p0_a0p25_b0p05__wd1e-04trmiss0_degmodglobal,70,0.6449660318238395,0.6832885146141052,0.7222222222222222,0.8245590828924163,0.38461538461538464,0.0,0.5572500058582851,0.619884729385376,0.07317705931408065,0.1357406367148672,0.0,0.0,0.0,0.0,0.0,18473,global,0.0
5,4,lr1e-05_bs8_drop0p2_temp1p0_a0p25_b0p05__wd1e-04trmiss0_degmodglobal,8,1e-05,0.0001,0.2,1.0,0.25,0.05,lr1e-05_bs8_drop0p2_temp1p0_a0p25_b0p05__wd1e-04trmiss0_degmodglobal,71,0.6674716813223702,0.6838701069355011,0.7222222222222222,0.8245590828924163,0.38461538461538464,0.0,0.5587477428572518,0.6363498994282314,0.08711381682327815,0.18686690713678086,0.0,0.0,0.0,0.0,0.0,18473,global,0.0
5,4,lr1e-05_bs8_drop0p2_temp2p0_a0p25_b0p05__wd1e-04trmiss0_degmodglobal,8,1e-05,0.0001,0.2,2.0,0.25,0.05,lr1e-05_bs8_drop0p2_temp2p0_a0p25_b0p05__wd1e-04trmiss0_degmodglobal,1,0.7541305763380868,1.0064052641391754,0.05555555555555555,0.5273479606812941,0.15384615384615385,0.0,0.6676495841571263,0.7280502319335938,0.06861878399338041,0.17851303943565913,0.0,0.0,0.0,0.0,0.0,18473,global,0.0
5,4,lr1e-05_bs8_drop0p2_temp2p0_a0p25_b0p05__wd1e-04trmiss0_degmodglobal,8,1e-05,0.0001,0.2,2.0,0.25,0.05,lr1e-05_bs8_drop0p2_temp2p0_a0p25_b0p05__wd1e-04trmiss0_degmodglobal,2,0.7297012380191258,1.0838094651699066,0.08333333333333333,0.5458664791998126,0.07692307692307693,0.0,0.6695772750037057,0.7014859233583722,0.07289745073233332,0.1998192412512643,0.0,0.0,0.0,0.0,0.0,18473,global,0.0
5,4,lr1e-05_bs8_drop0p2_temp2p0_a0p25_b0p05__wd1e-04trmiss0_degmodglobal,8,1e-05,0.0001,0.2,2.0,0.25,0.05,lr1e-05_bs8_drop0p2_temp2p0_a0p25_b0p05__wd1e-04trmiss0_degmodglobal,3,0.7299609865461077,1.1172479689121246,0.08333333333333333,0.5458664791998126,0.07692307692307693,0.0,0.6638697470937457,0.7014338033539909,0.07158064150384494,0.2126405324254717,0.0,0.0,0.0,0.0,0.0,18473,global,0.0
5,4,lr1e-05_bs8_drop0p2_temp2p0_a0p25_b0p05__wd1e-04trmiss0_degmodglobal,8,1e-05,0.0001,0.2,2.0,0.25,0.05,lr1e-05_bs8_drop0p2_temp2p0_a0p25_b0p05__wd1e-04trmiss0_degmodglobal,4,0.7229674458503723,1.1658234894275665,0.08333333333333333,0.5458664791998126,0.07692307692307693,0.0,0.6626595854759216,0.7003383125577655,0.05845224591238158,0.16032175613301142,0.0,0.0,0.0,0.0,0.0,18473,global,0.0
5,4,lr1e-05_bs8_drop0p2_temp2p0_a0p25_b0p05__wd1e-04trmiss0_degmodglobal,8,1e-05,0.0001,0.2,2.0,0.25,0.05,lr1e-05_bs8_drop0p2_temp2p0_a0p25_b0p05__wd1e-04trmiss0_degmodglobal,5,0.7213353514671326,1.1856598556041718,0.08333333333333333,0.5458664791998126,0.07692307692307693,0.0,0.667578535420554,0.7000347205570766,0.05631959278668676,0.14441474633557455,0.0,0.0,0.0,0.0,0.0,18473,global,0.0
5,4,lr1e-05_bs8_drop0p2_temp2p0_a0p25_b0p05__wd1e-04trmiss0_degmodglobal,8,1e-05,0.0001,0.2,2.0,0.25,0.05,lr1e-05_bs8_drop0p2_temp2p0_a0p25_b0p05__wd1e-04trmiss0_degmodglobal,6,0.6966762372425624,1.19679793715477,0.08333333333333333,0.5458664791998126,0.15384615384615385,0.0,0.641444742679596,0.6755683847836086,0.06158897919314248,0.11421194991895131,0.0,0.0,0.0,0.0,0.0,18473,global,0.0
5,4,lr1e-05_bs8_drop0p2_temp2p0_a0p25_b0p05__wd1e-04trmiss0_degmodglobal,8,1e-05,0.0001,0.2,2.0,0.25,0.05,lr1e-05_bs8_drop0p2_temp2p0_a0p25_b0p05__wd1e-04trmiss0_degmodglobal,7,0.6977307200431824,1.1982417404651642,0.08333333333333333,0.5458664791998126,0.15384615384615385,0.0,0.6577345047678266,0.6772185223443168,0.05723435910684722,0.12407209830624717,0.0,0.0,0.0,0.0,0.0,18473,global,0.0
5,4,lr1e-05_bs8_drop0p2_temp2p0_a0p25_b0p05__wd1e-04trmiss0_degmodglobal,8,1e-05,0.0001,0.2,2.0,0.25,0.05,lr1e-05_bs8_drop0p2_temp2p0_a0p25_b0p05__wd1e-04trmiss0_degmodglobal,8,0.7067000440188816,1.189194679260254,0.08333333333333333,0.5458664791998126,0.15384615384615385,0.0,0.6467137081282479,0.6871381827763149,0.05690190675003188,0.10672762457813535,0.0,0.0,0.0,0.0,0.0,18473,global,0.0
5,4,lr1e-05_bs8_drop0p2_temp2p0_a0p25_b0p05__wd1e-04trmiss0_degmodglobal,8,1e-05,0.0001,0.2,2.0,0.25,0.05,lr1e-05_bs8_drop0p2_temp2p0_a0p25_b0p05__wd1e-04trmiss0_degmodglobal,9,0.7075645753315517,1.1496370732784271,0.08333333333333333,0.5458664791998126,0.15384615384615385,0.0,0.646234793322427,0.6871861474854606,0.05882628155606134,0.11343702354601451,0.0,0.0,0.0,0.0,0.0,18473,global,0.0
5,4,lr1e-05_bs8_drop0p2_temp2p0_a0p25_b0p05__wd1e-04trmiss0_degmodglobal,8,1e-05,0.0001,0.2,2.0,0.25,0.05,lr1e-05_bs8_drop0p2_temp2p0_a0p25_b0p05__wd1e-04trmiss0_degmodglobal,10,0.7101868135588509,1.1482335031032562,0.08333333333333333,0.5458664791998126,0.15384615384615385,0.0,0.6430804303714207,0.6919288550104413,0.05297684296965599,0.1002750215785844,0.0,0.0,0.0,0.0,0.0,18473,global,0.0
5,4,lr1e-05_bs8_drop0p2_temp2p0_a0p25_b0p05__wd1e-04trmiss0_degmodglobal,8,1e-05,0.0001,0.2,2.0,0.25,0.05,lr1e-05_bs8_drop0p2_temp2p0_a0p25_b0p05__wd1e-04trmiss0_degmodglobal,11,0.7001654505729675,1.161288470029831,0.08333333333333333,0.5458664791998126,0.15384615384615385,0.0,0.6504832846777779,0.6824630073138646,0.050573792308568954,0.10117992971624647,0.0,0.0,0.0,0.0,0.0,18473,global,0.0
5,4,lr1e-05_bs8_drop0p2_temp2p0_a0p25_b0p05__wd1e-04trmiss0_degmodglobal,8,1e-05,0.0001,0.2,2.0,0.25,0.05,lr1e-05_bs8_drop0p2_temp2p0_a0p25_b0p05__wd1e-04trmiss0_degmodglobal,12,0.6980669072696141,1.146136224269867,0.08333333333333333,0.5458664791998126,0.15384615384615385,0.0,0.624732996736254,0.6783668228558132,0.054579145674194605,0.12110565283468791,0.0,0.0,0.0,0.0,0.0,18473,global,0.0
5,4,lr1e-05_bs8_drop0p2_temp2p0_a0p25_b0p05__wd1e-04trmiss0_degmodglobal,8,1e-05,0.0001,0.2,2.0,0.25,0.05,lr1e-05_bs8_drop0p2_temp2p0_a0p25_b0p05__wd1e-04trmiss0_degmodglobal,13,0.7066733666828701,1.1625581681728363,0.08333333333333333,0.5458664791998126,0.15384615384615385,0.0,0.6272910067013332,0.6858938166073391,0.05418603867292404,0.14466064529759542,0.0,0.0,0.0,0.0,0.0,18473,global,0.0
5,4,lr1e-05_bs8_drop0p2_temp2p0_a0p25_b0p05__wd1e-04trmiss0_degmodglobal,8,1e-05,0.0001,0.2,2.0,0.25,0.05,lr1e-05_bs8_drop0p2_temp2p0_a0p25_b0p05__wd1e-04trmiss0_degmodglobal,14,0.6902323109763009,1.1590518355369568,0.08333333333333333,0.5458664791998126,0.15384615384615385,0.0,0.6128679428781781,0.6690264599663871,0.06056156222309385,0.12130904144474439,0.0,0.0,0.0,0.0,0.0,18473,global,0.0
5,4,lr1e-05_bs8_drop0p2_temp2p0_a0p25_b0p05__wd1e-04trmiss0_degmodglobal,8,1e-05,0.0001,0.2,2.0,0.25,0.05,lr1e-05_bs8_drop0p2_temp2p0_a0p25_b0p05__wd1e-04trmiss0_degmodglobal,15,0.7192370040076119,1.1552001237869263,0.08333333333333333,0.5458664791998126,0.15384615384615385,0.0,0.6473377432141986,0.6937541195324489,0.07058031218392509,0.15675570922238485,0.0,0.0,0.0,0.0,0.0,18473,global,0.0
5,4,lr1e-05_bs8_drop0p2_temp2p0_a0p25_b0p05__wd1e-04trmiss0_degmodglobal,8,1e-05,0.0001,0.2,2.0,0.25,0.05,lr1e-05_bs8_drop0p2_temp2p0_a0p25_b0p05__wd1e-04trmiss0_degmodglobal,16,0.7068064212799072,1.1711592972278595,0.08333333333333333,0.5458664791998126,0.15384615384615385,0.0,0.606826228754861,0.6846772687775748,0.059384699910879135,0.14565995335578918,0.0,0.0,0.0,0.0,0.0,18473,global,0.0
5,4,lr1e-05_bs8_drop0p2_temp2p0_a0p25_b0p05__wd1e-04trmiss0_degmodglobal,8,1e-05,0.0001,0.2,2.0,0.25,0.05,lr1e-05_bs8_drop0p2_temp2p0_a0p25_b0p05__wd1e-04trmiss0_degmodglobal,17,0.6910321882792881,1.1660780608654022,0.08333333333333333,0.5458664791998126,0.15384615384615385,0.0,0.625101659979139,0.6716805270739964,0.052304647862911224,0.1255097868187087,0.0,0.0,0.0,0.0,0.0,18473,global,0.0
5,4,lr1e-05_bs8_drop0p2_temp2p0_a0p25_b0p05__wd1e-04trmiss0_degmodglobal,8,1e-05,0.0001,0.2,2.0,0.25,0.05,lr1e-05_bs8_drop0p2_temp2p0_a0p25_b0p05__wd1e-04trmiss0_degmodglobal,18,0.7009640506335667,1.1605030000209808,0.08333333333333333,0.5458664791998126,0.15384615384615385,0.0,0.6314760616847447,0.679033100605011,0.059329834899732044,0.14196978509426117,0.0,0.0,0.0,0.0,0.0,18473,global,0.0
5,4,lr1e-05_bs8_drop0p2_temp2p0_a0p25_b0p05__wd1e-04trmiss0_degmodglobal,8,1e-05,0.0001,0.2,2.0,0.25,0.05,lr1e-05_bs8_drop0p2_temp2p0_a0p25_b0p05__wd1e-04trmiss0_degmodglobal,19,0.6890779903956822,1.1467945277690887,0.08333333333333333,0.5458664791998126,0.15384615384615385,0.0,0.6109298978533063,0.6656241587230137,0.06461516927395548,0.14600068197718688,0.0,0.0,0.0,0.0,0.0,18473,global,0.0
5,4,lr1e-05_bs8_drop0p2_temp2p0_a0p25_b0p05__wd1e-04trmiss0_degmodglobal,8,1e-05,0.0001,0.2,2.0,0.25,0.05,lr1e-05_bs8_drop0p2_temp2p0_a0p25_b0p05__wd1e-04trmiss0_degmodglobal,20,0.6945230960845947,1.1607621908187866,0.08333333333333333,0.5458664791998126,0.15384615384615385,0.0,0.614051239831107,0.6731237343379429,0.05954932048916817,0.13024075595395906,0.0,0.0,0.0,0.0,0.0,18473,global,0.0
5,4,lr1e-05_bs8_drop0p2_temp2p0_a0p25_b0p05__wd1e-04trmiss0_degmodglobal,8,1e-05,0.0001,0.2,2.0,0.25,0.05,lr1e-05_bs8_drop0p2_temp2p0_a0p25_b0p05__wd1e-04trmiss0_degmodglobal,21,0.6854116831507001,1.149182140827179,0.08333333333333333,0.5458664791998126,0.15384615384615385,0.0,0.6025965554373605,0.664530200617654,0.05533956949199949,0.14093176328710147,0.0,0.0,0.0,0.0,0.0,18473,global,0.0
5,4,lr1e-05_bs8_drop0p2_temp2p0_a0p25_b0p05__wd1e-04trmiss0_degmodglobal,8,1e-05,0.0001,0.2,2.0,0.25,0.05,lr1e-05_bs8_drop0p2_temp2p0_a0p25_b0p05__wd1e-04trmiss0_degmodglobal,22,0.7031379852976117,1.1994741261005402,0.08333333333333333,0.5458664791998126,0.15384615384615385,0.0,0.608217750276838,0.6800820401736668,0.05989143092717443,0.16166192506040847,0.0,0.0,0.0,0.0,0.0,18473,global,0.0
5,4,lr1e-05_bs8_drop0p2_temp2p0_a0p25_b0p05__wd1e-04trmiss0_degmodglobal,8,1e-05,0.0001,0.2,2.0,0.25,0.05,lr1e-05_bs8_drop0p2_temp2p0_a0p25_b0p05__wd1e-04trmiss0_degmodglobal,23,0.6784056595393589,1.1958083808422089,0.08333333333333333,0.5458664791998126,0.15384615384615385,0.0,0.6191724283354623,0.6545193535940987,0.059925690825496404,0.1780977419444493,0.0,0.0,0.0,0.0,0.0,18473,global,0.0
5,4,lr1e-05_bs8_drop0p2_temp2p0_a0p25_b0p05__wd1e-04trmiss0_degmodglobal,8,1e-05,0.0001,0.2,2.0,0.25,0.05,lr1e-05_bs8_drop0p2_temp2p0_a0p25_b0p05__wd1e-04trmiss0_degmodglobal,24,0.6855782100132534,1.1819404661655426,0.08333333333333333,0.5458664791998126,0.15384615384615385,0.0,0.6098418661526271,0.6648709603718349,0.055128629718508036,0.13850191235542297,0.0,0.0,0.0,0.0,0.0,18473,global,0.0
5,4,lr1e-05_bs8_drop0p2_temp2p0_a0p25_b0p05__wd1e-04trmiss0_degmodglobal,8,1e-05,0.0001,0.2,2.0,0.25,0.05,lr1e-05_bs8_drop0p2_temp2p0_a0p25_b0p05__wd1e-04trmiss0_degmodglobal,25,0.6777139987264361,1.1820132434368134,0.08333333333333333,0.5458664791998126,0.15384615384615385,0.0,0.6095312237739563,0.6583521451268878,0.05390474359904017,0.11771344393491745,0.0,0.0,0.0,0.0,0.0,18473,global,0.0
5,4,lr1e-05_bs8_drop0p2_temp2p0_a0p25_b0p05__wd1e-04trmiss0_degmodglobal,8,1e-05,0.0001,0.2,2.0,0.25,0.05,lr1e-05_bs8_drop0p2_temp2p0_a0p25_b0p05__wd1e-04trmiss0_degmodglobal,26,0.6814204028674534,1.1696335971355438,0.1111111111111111,0.55327388660722,0.15384615384615385,0.0,0.6199951171875,0.659262878554208,0.05946633805121694,0.1458186720098768,0.0,0.0,0.0,0.0,0.0,18473,global,0.0
5,4,lr1e-05_bs8_drop0p2_temp2p0_a0p25_b0p05__wd1e-04trmiss0_degmodglobal,8,1e-05,0.0001,0.2,2.0,0.25,0.05,lr1e-05_bs8_drop0p2_temp2p0_a0p25_b0p05__wd1e-04trmiss0_degmodglobal,27,0.6754560811179025,1.135423094034195,0.08333333333333333,0.5458664791998126,0.15384615384615385,0.0,0.5918200612068176,0.6550094059535435,0.06003931377615247,0.10873716324567795,0.0,0.0,0.0,0.0,0.0,18473,global,0.0
5,4,lr1e-05_bs8_drop0p2_temp2p0_a0p25_b0p05__wd1e-04trmiss0_degmodglobal,8,1e-05,0.0001,0.2,2.0,0.25,0.05,lr1e-05_bs8_drop0p2_temp2p0_a0p25_b0p05__wd1e-04trmiss0_degmodglobal,28,0.6980897273336139,1.131078153848648,0.08333333333333333,0.5458664791998126,0.15384615384615385,0.0,0.5970183610916138,0.675471305847168,0.0593495885176318,0.15562051002468383,0.0,0.0,0.0,0.0,0.0,18473,global,0.0
5,4,lr1e-05_bs8_drop0p2_temp2p0_a0p25_b0p05__wd1e-04trmiss0_degmodglobal,8,1e-05,0.0001,0.2,2.0,0.25,0.05,lr1e-05_bs8_drop0p2_temp2p0_a0p25_b0p05__wd1e-04trmiss0_degmodglobal,29,0.6940745881625584,1.1567926108837128,0.08333333333333333,0.5458664791998126,0.15384615384615385,0.0,0.590572110244206,0.66781199829919,0.07099943129079682,0.1702545785478183,0.0,0.0,0.0,0.0,0.0,18473,global,0.0
5,4,lr1e-05_bs8_drop0p2_temp2p0_a0p25_b0p05__wd1e-04trmiss0_degmodglobal,8,1e-05,0.0001,0.2,2.0,0.25,0.05,lr1e-05_bs8_drop0p2_temp2p0_a0p25_b0p05__wd1e-04trmiss0_degmodglobal,30,0.6830245341573443,1.1554682552814484,0.08333333333333333,0.5458664791998126,0.15384615384615385,0.0,0.6142552835600716,0.6626670019967216,0.05694957662905965,0.12240304159266609,0.0,0.0,0.0,0.0,0.0,18473,global,0.0
5,4,lr1e-05_bs8_drop0p2_temp2p0_a0p25_b0p05__wd1e-04trmiss0_degmodglobal,8,1e-05,0.0001,0.2,2.0,0.25,0.05,lr1e-05_bs8_drop0p2_temp2p0_a0p25_b0p05__wd1e-04trmiss0_degmodglobal,31,0.6967788083212716,1.1555788815021515,0.1111111111111111,0.55327388660722,0.15384615384615385,0.0,0.5835309284073966,0.6711189832006182,0.06817686504551343,0.1723123395017215,0.0,0.0,0.0,0.0,0.0,18473,global,0.0
5,4,lr1e-05_bs8_drop0p2_temp2p0_a0p25_b0p05__wd1e-04trmiss0_degmodglobal,8,1e-05,0.0001,0.2,2.0,0.25,0.05,lr1e-05_bs8_drop0p2_temp2p0_a0p25_b0p05__wd1e-04trmiss0_degmodglobal,32,0.6572393774986267,1.1477516889572144,0.1111111111111111,0.55327388660722,0.15384615384615385,0.0,0.5778933678354535,0.6325621264321464,0.06608485270823751,0.16312087965863092,0.0,0.0,0.0,0.0,0.0,18473,global,0.0
5,4,lr1e-05_bs8_drop0p2_temp2p0_a0p25_b0p05__wd1e-04trmiss0_degmodglobal,8,1e-05,0.0001,0.2,2.0,0.25,0.05,lr1e-05_bs8_drop0p2_temp2p0_a0p25_b0p05__wd1e-04trmiss0_degmodglobal,33,0.6790097781590053,1.116372138261795,0.1111111111111111,0.55327388660722,0.15384615384615385,0.0,0.5952236652374268,0.6586913551603045,0.05608737788030079,0.12593143167240278,0.0,0.0,0.0,0.0,0.0,18473,global,0.0
5,4,lr1e-05_bs8_drop0p2_temp2p0_a0p25_b0p05__wd1e-04trmiss0_degmodglobal,8,1e-05,0.0001,0.2,2.0,0.25,0.05,lr1e-05_bs8_drop0p2_temp2p0_a0p25_b0p05__wd1e-04trmiss0_degmodglobal,34,0.6925690174102783,1.1342341601848602,0.1111111111111111,0.55327388660722,0.15384615384615385,0.0,0.5705287371362958,0.6691381505557469,0.06129077183348792,0.16216348856687546,0.0,0.0,0.0,0.0,0.0,18473,global,0.0
5,4,lr1e-05_bs8_drop0p2_temp2p0_a0p25_b0p05__wd1e-04trmiss0_degmodglobal,8,1e-05,0.0001,0.2,2.0,0.25,0.05,lr1e-05_bs8_drop0p2_temp2p0_a0p25_b0p05__wd1e-04trmiss0_degmodglobal,35,0.6888230528150286,1.1359688937664032,0.1111111111111111,0.55327388660722,0.15384615384615385,0.0,0.5683631811823163,0.6662898319108146,0.06145255746585982,0.14340154081583023,0.0,0.0,0.0,0.0,0.0,18473,global,0.0
5,4,lr1e-05_bs8_drop0p2_temp2p0_a0p25_b0p05__wd1e-04trmiss0_degmodglobal,8,1e-05,0.0001,0.2,2.0,0.25,0.05,lr1e-05_bs8_drop0p2_temp2p0_a0p25_b0p05__wd1e-04trmiss0_degmodglobal,36,0.6768716744014195,1.1558458805084229,0.1111111111111111,0.55327388660722,0.15384615384615385,0.0,0.5698123829705375,0.6543889216014317,0.06372832294021334,0.13101348600217275,0.0,0.0,0.0,0.0,0.0,18473,global,0.0
5,4,lr1e-05_bs8_drop0p2_temp2p0_a0p25_b0p05__wd1e-04trmiss0_degmodglobal,8,1e-05,0.0001,0.2,2.0,0.25,0.05,lr1e-05_bs8_drop0p2_temp2p0_a0p25_b0p05__wd1e-04trmiss0_degmodglobal,37,0.683287901537759,1.1864720582962036,0.1111111111111111,0.55327388660722,0.15384615384615385,0.0,0.5890033670834133,0.659034618309566,0.06513392233422824,0.1593963120664869,0.0,0.0,0.0,0.0,0.0,18473,global,0.0
5,4,lr1e-05_bs8_drop0p2_temp2p0_a0p25_b0p05__wd1e-04trmiss0_degmodglobal,8,1e-05,0.0001,0.2,2.0,0.25,0.05,lr1e-05_bs8_drop0p2_temp2p0_a0p25_b0p05__wd1e-04trmiss0_degmodglobal,38,0.6750983766147068,1.1711348295211792,0.1111111111111111,0.55327388660722,0.15384615384615385,0.0,0.5993620412690299,0.6539985963276455,0.05923911503383091,0.12580005185944693,0.0,0.0,0.0,0.0,0.0,18473,global,0.0
5,4,lr1e-05_bs8_drop0p2_temp2p0_a0p25_b0p05__wd1e-04trmiss0_degmodglobal,8,1e-05,0.0001,0.2,2.0,0.25,0.05,lr1e-05_bs8_drop0p2_temp2p0_a0p25_b0p05__wd1e-04trmiss0_degmodglobal,39,0.6799530301775251,1.1703125834465027,0.1111111111111111,0.55327388660722,0.15384615384615385,0.0,0.5951852032116481,0.6579621945108686,0.060573767338480265,0.13694783406598227,0.0,0.0,0.0,0.0,0.0,18473,global,0.0
5,4,lr1e-05_bs8_drop0p2_temp2p0_a0p25_b0p05__wd1e-04trmiss0_degmodglobal,8,1e-05,0.0001,0.2,2.0,0.25,0.05,lr1e-05_bs8_drop0p2_temp2p0_a0p25_b0p05__wd1e-04trmiss0_degmodglobal,40,0.6950574091502598,1.1959894299507141,0.1111111111111111,0.55327388660722,0.15384615384615385,0.0,0.5655969509056636,0.6656742436545235,0.07691204388226781,0.20310278875487192,0.0,0.0,0.0,0.0,0.0,18473,global,0.0
5,4,lr1e-05_bs8_drop0p2_temp2p0_a0p25_b0p05__wd1e-04trmiss0_degmodglobal,8,1e-05,0.0001,0.2,2.0,0.25,0.05,lr1e-05_bs8_drop0p2_temp2p0_a0p25_b0p05__wd1e-04trmiss0_degmodglobal,41,0.6843595164162772,1.1588596403598785,0.1111111111111111,0.55327388660722,0.15384615384615385,0.0,0.5755675264767238,0.6620016268321446,0.058439496372427256,0.15496047799076354,0.0,0.0,0.0,0.0,0.0,18473,global,0.0
5,4,lr1e-05_bs8_drop0p2_temp2p0_a0p25_b0p05__wd1e-04trmiss0_degmodglobal,8,1e-05,0.0001,0.2,2.0,0.25,0.05,lr1e-05_bs8_drop0p2_temp2p0_a0p25_b0p05__wd1e-04trmiss0_degmodglobal,42,0.6730746626853943,1.1574369072914124,0.1111111111111111,0.55327388660722,0.15384615384615385,0.0,0.571252737726484,0.6519225069454738,0.05843611700194223,0.1308623711977686,0.0,0.0,0.0,0.0,0.0,18473,global,0.0
5,4,lr1e-05_bs8_drop0p2_temp2p0_a0p25_b0p05__wd1e-04trmiss0_degmodglobal,8,1e-05,0.0001,0.2,2.0,0.25,0.05,lr1e-05_bs8_drop0p2_temp2p0_a0p25_b0p05__wd1e-04trmiss0_degmodglobal,43,0.6937640309333801,1.1631926000118256,0.1111111111111111,0.55327388660722,0.15384615384615385,0.0,0.5753464102745056,0.6716273086411613,0.05671518136348043,0.15915869708572114,0.0,0.0,0.0,0.0,0.0,18473,global,0.0
5,4,lr1e-05_bs8_drop0p2_temp2p0_a0p25_b0p05__wd1e-04trmiss0_degmodglobal,8,1e-05,0.0001,0.2,2.0,0.25,0.05,lr1e-05_bs8_drop0p2_temp2p0_a0p25_b0p05__wd1e-04trmiss0_degmodglobal,44,0.6793434619903564,1.1670560240745544,0.1111111111111111,0.55327388660722,0.15384615384615385,0.0,0.5638388395309448,0.657474798815591,0.05972648411989212,0.1387407620038305,0.0,0.0,0.0,0.0,0.0,18473,global,0.0
5,4,lr1e-05_bs8_drop0p2_temp2p0_a0p25_b0p05__wd1e-04trmiss0_degmodglobal,8,1e-05,0.0001,0.2,2.0,0.25,0.05,lr1e-05_bs8_drop0p2_temp2p0_a0p25_b0p05__wd1e-04trmiss0_degmodglobal,45,0.6919495122773307,1.1560938358306885,0.1111111111111111,0.55327388660722,0.15384615384615385,0.0,0.5683982968330383,0.667631345135825,0.06487506574818067,0.16198776449475968,0.0,0.0,0.0,0.0,0.0,18473,global,0.0
5,4,lr1e-05_bs8_drop0p2_temp2p0_a0p25_b0p05__wd1e-04trmiss0_degmodglobal,8,1e-05,0.0001,0.2,2.0,0.25,0.05,lr1e-05_bs8_drop0p2_temp2p0_a0p25_b0p05__wd1e-04trmiss0_degmodglobal,46,0.6759840505463737,1.1771925389766693,0.1111111111111111,0.55327388660722,0.15384615384615385,0.0,0.5491493429456439,0.6536293966429574,0.0617088819188731,0.13854882440396718,0.0,0.0,0.0,0.0,0.0,18473,global,0.0
5,4,lr1e-05_bs8_drop0p2_temp2p0_a0p25_b0p05__wd1e-04trmiss0_degmodglobal,8,1e-05,0.0001,0.2,2.0,0.25,0.05,lr1e-05_bs8_drop0p2_temp2p0_a0p25_b0p05__wd1e-04trmiss0_degmodglobal,47,0.6796285254614693,1.1501852571964264,0.1111111111111111,0.55327388660722,0.15384615384615385,0.0,0.5619224054472787,0.6550158943448748,0.06685378562126841,0.15798338183334895,0.0,0.0,0.0,0.0,0.0,18473,global,0.0
5,4,lr1e-05_bs8_drop0p2_temp2p0_a0p25_b0p05__wd1e-04trmiss0_degmodglobal,8,1e-05,0.0001,0.2,2.0,0.25,0.05,lr1e-05_bs8_drop0p2_temp2p0_a0p25_b0p05__wd1e-04trmiss0_degmodglobal,48,0.6926685316222054,1.1537281572818756,0.1111111111111111,0.55327388660722,0.15384615384615385,0.0,0.5503745589937482,0.6653680716242109,0.07151184976100922,0.18844992880310332,0.0,0.0,0.0,0.0,0.0,18473,global,0.0
5,4,lr1e-05_bs8_drop0p2_temp2p0_a0p25_b0p05__wd1e-04trmiss0_degmodglobal,8,1e-05,0.0001,0.2,2.0,0.25,0.05,lr1e-05_bs8_drop0p2_temp2p0_a0p25_b0p05__wd1e-04trmiss0_degmodglobal,49,0.7054668239184788,1.1552952527999878,0.1111111111111111,0.55327388660722,0.15384615384615385,0.0,0.5481749176979065,0.6793595807892936,0.06698672526649066,0.18721113886151994,0.0,0.0,0.0,0.0,0.0,18473,global,0.0
5,4,lr1e-05_bs8_drop0p2_temp2p0_a0p25_b0p05__wd1e-04trmiss0_degmodglobal,8,1e-05,0.0001,0.2,2.0,0.25,0.05,lr1e-05_bs8_drop0p2_temp2p0_a0p25_b0p05__wd1e-04trmiss0_degmodglobal,50,0.6806533166340419,1.155026137828827,0.1111111111111111,0.55327388660722,0.15384615384615385,0.0,0.5589251177651542,0.654530542237418,0.06492434814572334,0.1978338062763214,0.0,0.0,0.0,0.0,0.0,18473,global,0.0
5,4,lr1e-05_bs8_drop0p2_temp2p0_a0p25_b0p05__wd1e-04trmiss0_degmodglobal,8,1e-05,0.0001,0.2,2.0,0.25,0.05,lr1e-05_bs8_drop0p2_temp2p0_a0p25_b0p05__wd1e-04trmiss0_degmodglobal,51,0.6827286056109837,1.1556361019611359,0.1111111111111111,0.55327388660722,0.15384615384615385,0.0,0.5678415553910392,0.6633407558713641,0.052213386233363836,0.12668989971280098,0.0,0.0,0.0,0.0,0.0,18473,global,0.0
5,4,lr1e-05_bs8_drop0p2_temp2p0_a0p25_b0p05__wd1e-04trmiss0_degmodglobal,8,1e-05,0.0001,0.2,2.0,0.25,0.05,lr1e-05_bs8_drop0p2_temp2p0_a0p25_b0p05__wd1e-04trmiss0_degmodglobal,52,0.6990273083959307,1.1539254486560822,0.1111111111111111,0.55327388660722,0.15384615384615385,0.0,0.5645588721547808,0.6741200855800084,0.06659642819847379,0.16516218866620744,0.0,0.0,0.0,0.0,0.0,18473,global,0.0
5,4,lr1e-05_bs8_drop0p2_temp2p0_a0p25_b0p05__wd1e-04trmiss0_degmodglobal,8,1e-05,0.0001,0.2,2.0,0.25,0.05,lr1e-05_bs8_drop0p2_temp2p0_a0p25_b0p05__wd1e-04trmiss0_degmodglobal,53,0.6796060374804905,1.1334049999713898,0.1111111111111111,0.55327388660722,0.15384615384615385,0.0,0.5636375205857413,0.6562657185963222,0.06394885054656438,0.14706233782427652,0.0,0.0,0.0,0.0,0.0,18473,global,0.0
5,4,lr1e-05_bs8_drop0p4_temp1p0_a0p25_b0p05__wd1e-04trmiss0_degmodglobal,8,1e-05,0.0001,0.4,1.0,0.25,0.05,lr1e-05_bs8_drop0p4_temp1p0_a0p25_b0p05__wd1e-04trmiss0_degmodglobal,1,0.7312572853905814,0.7008723318576813,0.6944444444444444,0.7690035273368607,0.38461538461538464,0.0,0.6860494698796954,0.7005128519875663,0.07069356686302594,0.26142112272126333,0.0,0.0,0.0,0.0,0.0,18473,global,0.0
5,4,lr1e-05_bs8_drop0p4_temp1p0_a0p25_b0p05__wd1e-04trmiss0_degmodglobal,8,1e-05,0.0001,0.4,1.0,0.25,0.05,lr1e-05_bs8_drop0p4_temp1p0_a0p25_b0p05__wd1e-04trmiss0_degmodglobal,2,0.710901813847678,0.7085846960544586,0.6666666666666666,0.7625932709266043,0.38461538461538464,0.0,0.6920740263802665,0.6925859366144452,0.04576610454491207,0.13748715472008502,0.0,0.0,0.0,0.0,0.0,18473,global,0.0
5,4,lr1e-05_bs8_drop0p4_temp1p0_a0p25_b0p05__wd1e-04trmiss0_degmodglobal,8,1e-05,0.0001,0.4,1.0,0.25,0.05,lr1e-05_bs8_drop0p4_temp1p0_a0p25_b0p05__wd1e-04trmiss0_degmodglobal,3,0.7495241761207581,0.7168858349323273,0.6666666666666666,0.8503798670465339,0.5384615384615384,0.0,0.6726584945406232,0.7259681480271476,0.055579956620931625,0.19322102197578975,0.0,0.0,0.0,0.0,0.0,18473,global,0.0
5,4,lr1e-05_bs8_drop0p4_temp1p0_a0p25_b0p05__wd1e-04trmiss0_degmodglobal,8,1e-05,0.0001,0.4,1.0,0.25,0.05,lr1e-05_bs8_drop0p4_temp1p0_a0p25_b0p05__wd1e-04trmiss0_degmodglobal,4,0.7158130151884896,0.7232989966869354,0.6388888888888888,0.8651385651385652,0.38461538461538464,0.0,0.695780166557857,0.6962322166987828,0.05101234146526882,0.1365541453872408,0.0,0.0,0.0,0.0,0.0,18473,global,0.0
5,4,lr1e-05_bs8_drop0p4_temp1p0_a0p25_b0p05__wd1e-04trmiss0_degmodglobal,8,1e-05,0.0001,0.4,1.0,0.25,0.05,lr1e-05_bs8_drop0p4_temp1p0_a0p25_b0p05__wd1e-04trmiss0_degmodglobal,5,0.7346011315073285,0.7277238368988037,0.6388888888888888,0.8651385651385652,0.46153846153846156,0.0,0.6613913689340863,0.7164974127496991,0.050313568274889676,0.11050660109945706,0.0,0.0,0.0,0.0,0.0,18473,global,0.0
5,4,lr1e-05_bs8_drop0p4_temp1p0_a0p25_b0p05__wd1e-04trmiss0_degmodglobal,8,1e-05,0.0001,0.4,1.0,0.25,0.05,lr1e-05_bs8_drop0p4_temp1p0_a0p25_b0p05__wd1e-04trmiss0_degmodglobal,6,0.7309550642967224,0.7345166504383087,0.6388888888888888,0.8651385651385652,0.46153846153846156,0.0,0.6609470929418292,0.7109312840870449,0.053268563002347946,0.13413299034748757,0.0,0.0,0.0,0.0,0.0,18473,global,0.0
5,4,lr1e-05_bs8_drop0p4_temp1p0_a0p25_b0p05__wd1e-04trmiss0_degmodglobal,8,1e-05,0.0001,0.4,1.0,0.25,0.05,lr1e-05_bs8_drop0p4_temp1p0_a0p25_b0p05__wd1e-04trmiss0_degmodglobal,7,0.6932301436151777,0.7337749898433685,0.6388888888888888,0.8651385651385652,0.46153846153846156,0.0,0.685249958719526,0.6717366916792733,0.053649219551256726,0.1616228728422097,0.0,0.0,0.0,0.0,0.0,18473,global,0.0
5,4,lr1e-05_bs8_drop0p4_temp1p0_a0p25_b0p05__wd1e-04trmiss0_degmodglobal,8,1e-05,0.0001,0.4,1.0,0.25,0.05,lr1e-05_bs8_drop0p4_temp1p0_a0p25_b0p05__wd1e-04trmiss0_degmodglobal,8,0.7020003199577332,0.7338840663433075,0.6388888888888888,0.8651385651385652,0.46153846153846156,0.0,0.6632187451635089,0.6822565623692104,0.05332027828054769,0.1282734889537096,0.0,0.0,0.0,0.0,0.0,18473,global,0.0
5,4,lr1e-05_bs8_drop0p4_temp1p0_a0p25_b0p05__wd1e-04trmiss0_degmodglobal,8,1e-05,0.0001,0.4,1.0,0.25,0.05,lr1e-05_bs8_drop0p4_temp1p0_a0p25_b0p05__wd1e-04trmiss0_degmodglobal,9,0.6879545450210571,0.7345188558101654,0.6388888888888888,0.8651385651385652,0.46153846153846156,0.0,0.625637412071228,0.6657564043998718,0.0575431478875024,0.15624709320919855,0.0,0.0,0.0,0.0,0.0,18473,global,0.0
5,4,lr1e-05_bs8_drop0p4_temp1p0_a0p25_b0p05__wd1e-04trmiss0_degmodglobal,8,1e-05,0.0001,0.4,1.0,0.25,0.05,lr1e-05_bs8_drop0p4_temp1p0_a0p25_b0p05__wd1e-04trmiss0_degmodglobal,10,0.6702251945223127,0.7344820201396942,0.6388888888888888,0.8651385651385652,0.46153846153846156,0.0,0.6550940360341754,0.6443567786897931,0.06315470433660916,0.20159477421215602,0.0,0.0,0.0,0.0,0.0,18473,global,0.0
5,4,lr1e-05_bs8_drop0p4_temp1p0_a0p25_b0p05__wd1e-04trmiss0_degmodglobal,8,1e-05,0.0001,0.4,1.0,0.25,0.05,lr1e-05_bs8_drop0p4_temp1p0_a0p25_b0p05__wd1e-04trmiss0_degmodglobal,11,0.684558629989624,0.7353419363498688,0.6111111111111112,0.8466200466200469,0.46153846153846156,0.0,0.6518658740179879,0.6634648357118879,0.04953730505492006,0.17418923441852843,0.0,0.0,0.0,0.0,0.0,18473,global,0.0
5,4,lr1e-05_bs8_drop0p4_temp1p0_a0p25_b0p05__wd1e-04trmiss0_degmodglobal,8,1e-05,0.0001,0.4,1.0,0.25,0.05,lr1e-05_bs8_drop0p4_temp1p0_a0p25_b0p05__wd1e-04trmiss0_degmodglobal,12,0.6890151756150382,0.7323860824108124,0.6388888888888888,0.8651385651385652,0.46153846153846156,0.0,0.6711404323577881,0.6692825981548854,0.05432913851525102,0.12300603091716766,0.0,0.0,0.0,0.0,0.0,18473,global,0.0
5,4,lr1e-05_bs8_drop0p4_temp1p0_a0p25_b0p05__wd1e-04trmiss0_degmodglobal,8,1e-05,0.0001,0.4,1.0,0.25,0.05,lr1e-05_bs8_drop0p4_temp1p0_a0p25_b0p05__wd1e-04trmiss0_degmodglobal,13,0.6939406650406974,0.7334037721157074,0.6388888888888888,0.8651385651385652,0.46153846153846156,0.0,0.6603303466524396,0.6763136812618801,0.04755088447460106,0.11478524415620736,0.0,0.0,0.0,0.0,0.0,18473,global,0.0
5,4,lr1e-05_bs8_drop0p4_temp1p0_a0p25_b0p05__wd1e-04trmiss0_degmodglobal,8,1e-05,0.0001,0.4,1.0,0.25,0.05,lr1e-05_bs8_drop0p4_temp1p0_a0p25_b0p05__wd1e-04trmiss0_degmodglobal,14,0.6896498969623021,0.7330501079559326,0.6388888888888888,0.8651385651385652,0.46153846153846156,0.0,0.6353773644992283,0.6696423547608512,0.05161770965371813,0.14206221806151526,0.0,0.0,0.0,0.0,0.0,18473,global,0.0
5,4,lr1e-05_bs8_drop0p4_temp1p0_a0p25_b0p05__wd1e-04trmiss0_degmodglobal,8,1e-05,0.0001,0.4,1.0,0.25,0.05,lr1e-05_bs8_drop0p4_temp1p0_a0p25_b0p05__wd1e-04trmiss0_degmodglobal,15,0.6868112598146711,0.7349419891834259,0.6111111111111112,0.8466200466200469,0.46153846153846156,0.0,0.6637556808335441,0.6651086466653007,0.05560796282121113,0.1560122902904238,0.0,0.0,0.0,0.0,0.0,18473,global,0.0
5,4,lr1e-05_bs8_drop0p4_temp1p0_a0p25_b0p05__wd1e-04trmiss0_degmodglobal,8,1e-05,0.0001,0.4,1.0,0.25,0.05,lr1e-05_bs8_drop0p4_temp1p0_a0p25_b0p05__wd1e-04trmiss0_degmodglobal,16,0.6792984349387032,0.735276609659195,0.6111111111111112,0.8466200466200469,0.46153846153846156,0.0,0.669191667011806,0.6563547338758197,0.05318849427359445,0.192931453032153,0.0,0.0,0.0,0.0,0.0,18473,global,0.0
5,4,lr1e-05_bs8_drop0p4_temp1p0_a0p25_b0p05__wd1e-04trmiss0_degmodglobal,8,1e-05,0.0001,0.4,1.0,0.25,0.05,lr1e-05_bs8_drop0p4_temp1p0_a0p25_b0p05__wd1e-04trmiss0_degmodglobal,17,0.6697563103267125,0.7345134019851685,0.6111111111111112,0.8466200466200469,0.46153846153846156,0.0,0.6284786122185844,0.649875955922263,0.04677138317908559,0.16375047181333816,0.0,0.0,0.0,0.0,0.0,18473,global,0.0
5,4,lr1e-05_bs8_drop0p4_temp1p0_a0p25_b0p05__wd1e-04trmiss0_degmodglobal,8,1e-05,0.0001,0.4,1.0,0.25,0.05,lr1e-05_bs8_drop0p4_temp1p0_a0p25_b0p05__wd1e-04trmiss0_degmodglobal,18,0.6779712949480329,0.7347483932971954,0.6388888888888888,0.8651385651385652,0.46153846153846156,0.0,0.6307171498026166,0.6592743737357003,0.051783917737858634,0.11501876610730376,0.0,0.0,0.0,0.0,0.0,18473,global,0.0
5,4,lr1e-05_bs8_drop0p4_temp1p0_a0p25_b0p05__wd1e-04trmiss0_degmodglobal,8,1e-05,0.0001,0.4,1.0,0.25,0.05,lr1e-05_bs8_drop0p4_temp1p0_a0p25_b0p05__wd1e-04trmiss0_degmodglobal,19,0.6802118931497846,0.7334899306297302,0.5833333333333334,0.8243978243978245,0.46153846153846156,0.0,0.6434422475951058,0.6545740962028503,0.05946791757430349,0.21541617065668106,0.0,0.0,0.0,0.0,0.0,18473,global,0.0
5,4,lr1e-05_bs8_drop0p4_temp1p0_a0p25_b0p05__wd1e-04trmiss0_degmodglobal,8,1e-05,0.0001,0.4,1.0,0.25,0.05,lr1e-05_bs8_drop0p4_temp1p0_a0p25_b0p05__wd1e-04trmiss0_degmodglobal,20,0.6835292492594037,0.7342163920402527,0.5833333333333334,0.8243978243978245,0.46153846153846156,0.0,0.6265853643417358,0.6600447637694222,0.05469781745757375,0.19620060069220407,0.0,0.0,0.0,0.0,0.0,18473,global,0.0
5,4,lr1e-05_bs8_drop0p4_temp1p0_a0p25_b0p05__wd1e-04trmiss0_degmodglobal,8,1e-05,0.0001,0.4,1.0,0.25,0.05,lr1e-05_bs8_drop0p4_temp1p0_a0p25_b0p05__wd1e-04trmiss0_degmodglobal,21,0.6866978066308158,0.7349757254123688,0.5833333333333334,0.8243978243978245,0.46153846153846156,0.0,0.6794069239071437,0.665331849030086,0.052876578111733706,0.1629361446414675,0.0,0.0,0.0,0.0,0.0,18473,global,0.0
5,4,lr1e-05_bs8_drop0p4_temp1p0_a0p25_b0p05__wd1e-04trmiss0_degmodglobal,8,1e-05,0.0001,0.4,1.0,0.25,0.05,lr1e-05_bs8_drop0p4_temp1p0_a0p25_b0p05__wd1e-04trmiss0_degmodglobal,22,0.6496961287089756,0.7406027019023895,0.6111111111111112,0.8336570836570838,0.46153846153846156,0.0,0.6526609914643424,0.6323902777263096,0.04148454112665994,0.1386947152870042,0.0,0.0,0.0,0.0,0.0,18473,global,0.0
5,4,lr1e-05_bs8_drop0p4_temp1p0_a0p25_b0p05__wd1e-04trmiss0_degmodglobal,8,1e-05,0.0001,0.4,1.0,0.25,0.05,lr1e-05_bs8_drop0p4_temp1p0_a0p25_b0p05__wd1e-04trmiss0_degmodglobal,23,0.6700180172920227,0.7406640946865082,0.6111111111111112,0.8336570836570838,0.46153846153846156,0.0,0.6469679049083165,0.6501784580094474,0.05213516790952001,0.13611538921083724,0.0,0.0,0.0,0.0,0.0,18473,global,0.0
5,4,lr1e-05_bs8_drop0p4_temp1p0_a0p25_b0p05__wd1e-04trmiss0_degmodglobal,8,1e-05,0.0001,0.4,1.0,0.25,0.05,lr1e-05_bs8_drop0p4_temp1p0_a0p25_b0p05__wd1e-04trmiss0_degmodglobal,24,0.6986193316323417,0.7410596311092377,0.6111111111111112,0.8336570836570838,0.46153846153846156,0.0,0.6111256054469517,0.6752594368798392,0.059679385274648666,0.16880083403417043,0.0,0.0,0.0,0.0,0.0,18473,global,0.0
5,4,lr1e-05_bs8_drop0p4_temp1p0_a0p25_b0p05__wd1e-04trmiss0_degmodglobal,8,1e-05,0.0001,0.4,1.0,0.25,0.05,lr1e-05_bs8_drop0p4_temp1p0_a0p25_b0p05__wd1e-04trmiss0_degmodglobal,25,0.6900595937456403,0.7396267056465149,0.5833333333333334,0.8243978243978245,0.46153846153846156,0.0,0.6289728283882141,0.6708535892622811,0.04847402125597,0.14174999935286386,0.0,0.0,0.0,0.0,0.0,18473,global,0.0
5,4,lr1e-05_bs8_drop0p4_temp2p0_a0p25_b0p05__wd1e-04trmiss0_degmodglobal,8,1e-05,0.0001,0.4,2.0,0.25,0.05,lr1e-05_bs8_drop0p4_temp2p0_a0p25_b0p05__wd1e-04trmiss0_degmodglobal,1,0.7222834229469299,0.6958612501621246,0.4166666666666667,0.7352564102564103,0.5384615384615384,0.0,0.6794529897826058,0.6984217592648098,0.05927615958665099,0.18085248449019023,0.0,0.0,0.0,0.0,0.0,18473,global,0.0
5,4,lr1e-05_bs8_drop0p4_temp2p0_a0p25_b0p05__wd1e-04trmiss0_degmodglobal,8,1e-05,0.0001,0.4,2.0,0.25,0.05,lr1e-05_bs8_drop0p4_temp2p0_a0p25_b0p05__wd1e-04trmiss0_degmodglobal,2,0.7469929541860308,0.6958640515804291,0.3888888888888889,0.7246743996743996,0.5384615384615384,0.0,0.6635690246309552,0.718891475881849,0.06631974024432045,0.2304309361747333,0.0,0.0,0.0,0.0,0.0,18473,global,0.0
5,4,lr1e-05_bs8_drop0p4_temp2p0_a0p25_b0p05__wd1e-04trmiss0_degmodglobal,8,1e-05,0.0001,0.4,2.0,0.25,0.05,lr1e-05_bs8_drop0p4_temp2p0_a0p25_b0p05__wd1e-04trmiss0_degmodglobal,3,0.732589168207986,0.6933952271938324,0.3611111111111111,0.7176036926036926,0.46153846153846156,0.0,0.6844132542610168,0.7072665350777763,0.06370275414415769,0.18793880087988718,0.0,0.0,0.0,0.0,0.0,18473,global,0.0
5,4,lr1e-05_bs8_drop0p4_temp2p0_a0p25_b0p05__wd1e-04trmiss0_degmodglobal,8,1e-05,0.0001,0.4,2.0,0.25,0.05,lr1e-05_bs8_drop0p4_temp2p0_a0p25_b0p05__wd1e-04trmiss0_degmodglobal,4,0.7273328730038234,0.6882897615432739,0.3888888888888889,0.7246743996743996,0.6153846153846154,0.0,0.6515555296625409,0.7017622590065002,0.06550418159791402,0.18389120165790832,0.0,0.0,0.0,0.0,0.0,18473,global,0.0
5,4,lr1e-05_bs8_drop0p4_temp2p0_a0p25_b0p05__wd1e-04trmiss0_degmodglobal,8,1e-05,0.0001,0.4,2.0,0.25,0.05,lr1e-05_bs8_drop0p4_temp2p0_a0p25_b0p05__wd1e-04trmiss0_degmodglobal,5,0.7228340336254665,0.6895952820777893,0.3611111111111111,0.7135632885632885,0.6153846153846154,0.0,0.6415700657027108,0.6927541579519,0.07923080080321857,0.20544347167015076,0.0,0.0,0.0,0.0,0.0,18473,global,0.0
5,4,lr1e-05_bs8_drop0p4_temp2p0_a0p25_b0p05__wd1e-04trmiss0_degmodglobal,8,1e-05,0.0001,0.4,2.0,0.25,0.05,lr1e-05_bs8_drop0p4_temp2p0_a0p25_b0p05__wd1e-04trmiss0_degmodglobal,6,0.7401089412825448,0.6858386695384979,0.3888888888888889,0.7246743996743996,0.6153846153846154,0.0,0.647663584777287,0.7138566289629255,0.06869519927671977,0.18157027236052922,0.0,0.0,0.0,0.0,0.0,18473,global,0.0
5,4,lr1e-05_bs8_drop0p4_temp2p0_a0p25_b0p05__wd1e-04trmiss0_degmodglobal,8,1e-05,0.0001,0.4,2.0,0.25,0.05,lr1e-05_bs8_drop0p4_temp2p0_a0p25_b0p05__wd1e-04trmiss0_degmodglobal,7,0.7192939945629665,0.6869800388813019,0.3611111111111111,0.6876373626373626,0.6153846153846154,0.0,0.6622350641659328,0.6910936747278486,0.06582945904561452,0.2348590259041105,0.0,0.0,0.0,0.0,0.0,18473,global,0.0
5,4,lr1e-05_bs8_drop0p4_temp2p0_a0p25_b0p05__wd1e-04trmiss0_degmodglobal,8,1e-05,0.0001,0.4,2.0,0.25,0.05,lr1e-05_bs8_drop0p4_temp2p0_a0p25_b0p05__wd1e-04trmiss0_degmodglobal,8,0.7270058052880424,0.6822947263717651,0.3611111111111111,0.6876373626373626,0.6153846153846154,0.0,0.6676040547234672,0.7035128729684013,0.06029099811400686,0.16840369360787527,0.0,0.0,0.0,0.0,0.0,18473,global,0.0
5,4,lr1e-05_bs8_drop0p4_temp2p0_a0p25_b0p05__wd1e-04trmiss0_degmodglobal,8,1e-05,0.0001,0.4,2.0,0.25,0.05,lr1e-05_bs8_drop0p4_temp2p0_a0p25_b0p05__wd1e-04trmiss0_degmodglobal,9,0.7132732101849147,0.6833057999610901,0.3888888888888889,0.6982193732193731,0.6153846153846154,0.0,0.6481988515172686,0.6853952492986407,0.0679309107363224,0.21790485509804317,0.0,0.0,0.0,0.0,0.0,18473,global,0.0
5,4,lr1e-05_bs8_drop0p4_temp2p0_a0p25_b0p05__wd1e-04trmiss0_degmodglobal,8,1e-05,0.0001,0.4,2.0,0.25,0.05,lr1e-05_bs8_drop0p4_temp2p0_a0p25_b0p05__wd1e-04trmiss0_degmodglobal,10,0.7059976628848484,0.6821491122245789,0.41666666666666663,0.7049533799533798,0.6153846153846154,0.0,0.6480535439082554,0.6817314795085362,0.06006703366126333,0.18498840502330235,0.0,0.0,0.0,0.0,0.0,18473,global,0.0
5,4,lr1e-05_bs8_drop0p4_temp2p0_a0p25_b0p05__wd1e-04trmiss0_degmodglobal,8,1e-05,0.0001,0.4,2.0,0.25,0.05,lr1e-05_bs8_drop0p4_temp2p0_a0p25_b0p05__wd1e-04trmiss0_degmodglobal,11,0.6904524309294564,0.6786165535449982,0.4444444444444444,0.7148740148740149,0.6153846153846154,0.0,0.6489794424601963,0.6662328158106122,0.0598025457667453,0.1853794412953513,0.0,0.0,0.0,0.0,0.0,18473,global,0.0
5,4,lr1e-05_bs8_drop0p4_temp2p0_a0p25_b0p05__wd1e-04trmiss0_degmodglobal,8,1e-05,0.0001,0.4,2.0,0.25,0.05,lr1e-05_bs8_drop0p4_temp2p0_a0p25_b0p05__wd1e-04trmiss0_degmodglobal,12,0.7255357759339469,0.6827715337276459,0.49999999999999994,0.7305435305435306,0.5384615384615384,0.0,0.6618744049753461,0.6985596077782767,0.06590533735496658,0.20999690251691,0.0,0.0,0.0,0.0,0.0,18473,global,0.0
5,4,lr1e-05_bs8_drop0p4_temp2p0_a0p25_b0p05__wd1e-04trmiss0_degmodglobal,8,1e-05,0.0001,0.4,2.0,0.25,0.05,lr1e-05_bs8_drop0p4_temp2p0_a0p25_b0p05__wd1e-04trmiss0_degmodglobal,13,0.6918069549969265,0.6818168759346008,0.47222222222222215,0.7241332741332742,0.6153846153846154,0.0,0.6561240042958941,0.6665082744189671,0.06716478669217654,0.17014965734311513,0.0,0.0,0.0,0.0,0.0,18473,global,0.0
5,4,lr1e-05_bs8_drop0p4_temp2p0_a0p25_b0p05__wd1e-04trmiss0_degmodglobal,8,1e-05,0.0001,0.4,2.0,0.25,0.05,lr1e-05_bs8_drop0p4_temp2p0_a0p25_b0p05__wd1e-04trmiss0_degmodglobal,14,0.6896792735372271,0.6765101850032806,0.49999999999999994,0.7407999407999408,0.6153846153846154,0.0,0.6347190993172782,0.6651249017034259,0.05676172354391643,0.20727880405528204,0.0,0.0,0.0,0.0,0.0,18473,global,0.0
5,4,lr1e-05_bs8_drop0p4_temp2p0_a0p25_b0p05__wd1e-04trmiss0_degmodglobal,8,1e-05,0.0001,0.4,2.0,0.25,0.05,lr1e-05_bs8_drop0p4_temp2p0_a0p25_b0p05__wd1e-04trmiss0_degmodglobal,15,0.6833924736295428,0.6786016523838043,0.5277777777777777,0.7472101972101972,0.5384615384615384,0.0,0.6373775345938546,0.6568830609321594,0.06504579926175731,0.20495926482336863,0.0,0.0,0.0,0.0,0.0,18473,global,0.0
5,4,lr1e-05_bs8_drop0p4_temp2p0_a0p25_b0p05__wd1e-04trmiss0_degmodglobal,8,1e-05,0.0001,0.4,2.0,0.25,0.05,lr1e-05_bs8_drop0p4_temp2p0_a0p25_b0p05__wd1e-04trmiss0_degmodglobal,16,0.6778073566300529,0.6836538016796112,0.5277777777777777,0.7472101972101972,0.6153846153846154,0.0,0.6425445931298392,0.6591552581105914,0.04882950761488506,0.1288947867495673,0.0,0.0,0.0,0.0,0.0,18473,global,0.0
5,4,lr1e-05_bs8_drop0p4_temp2p0_a0p25_b0p05__wd1e-04trmiss0_degmodglobal,8,1e-05,0.0001,0.4,2.0,0.25,0.05,lr1e-05_bs8_drop0p4_temp2p0_a0p25_b0p05__wd1e-04trmiss0_degmodglobal,17,0.6563890406063625,0.6898840069770813,0.5,0.7379509379509379,0.6153846153846154,0.0,0.643901526927948,0.6286343250955854,0.07108266598411969,0.19968078285455704,0.0,0.0,0.0,0.0,0.0,18473,global,0.0
5,4,lr1e-05_bs8_drop0p4_temp2p0_a0p25_b0p05__wd1e-04trmiss0_degmodglobal,8,1e-05,0.0001,0.4,2.0,0.25,0.05,lr1e-05_bs8_drop0p4_temp2p0_a0p25_b0p05__wd1e-04trmiss0_degmodglobal,18,0.70452766759055,0.6911130845546722,0.49999999999999994,0.7305435305435306,0.6153846153846154,0.0,0.6323648691177368,0.6815231697899955,0.05505112771477018,0.18483468358005797,0.0,0.0,0.0,0.0,0.0,18473,global,0.0
5,4,lr1e-05_bs8_drop0p4_temp2p0_a0p25_b0p05__wd1e-04trmiss0_degmodglobal,8,1e-05,0.0001,0.4,2.0,0.25,0.05,lr1e-05_bs8_drop0p4_temp2p0_a0p25_b0p05__wd1e-04trmiss0_degmodglobal,19,0.6832368203571865,0.6811453700065613,0.5555555555555556,0.7558521725188392,0.6153846153846154,0.0,0.6212768128940037,0.6499980092048645,0.07676784694194794,0.28093719482421875,0.0,0.0,0.0,0.0,0.0,18473,global,0.0
5,4,lr1e-05_bs8_drop0p4_temp2p0_a0p25_b0p05__wd1e-04trmiss0_degmodglobal,8,1e-05,0.0001,0.4,2.0,0.25,0.05,lr1e-05_bs8_drop0p4_temp2p0_a0p25_b0p05__wd1e-04trmiss0_degmodglobal,20,0.6817231518881661,0.6799369156360626,0.5555555555555556,0.7558521725188392,0.6923076923076923,0.0,0.6326450109481812,0.6584891166005816,0.057948247130428045,0.17493973353079387,0.0,0.0,0.0,0.0,0.0,18473,global,0.0
5,4,lr1e-05_bs8_drop0p4_temp2p0_a0p25_b0p05__wd1e-04trmiss0_degmodglobal,8,1e-05,0.0001,0.4,2.0,0.25,0.05,lr1e-05_bs8_drop0p4_temp2p0_a0p25_b0p05__wd1e-04trmiss0_degmodglobal,21,0.6656924826758248,0.6773157715797424,0.5555555555555556,0.7558521725188392,0.6153846153846154,0.0,0.6222327351570129,0.6401202763829913,0.06422851660421916,0.19030168226787023,0.0,0.0,0.0,0.0,0.0,18473,global,0.0
5,4,lr1e-05_bs8_drop0p4_temp2p0_a0p25_b0p05__wd1e-04trmiss0_degmodglobal,8,1e-05,0.0001,0.4,2.0,0.25,0.05,lr1e-05_bs8_drop0p4_temp2p0_a0p25_b0p05__wd1e-04trmiss0_degmodglobal,22,0.6443670988082886,0.6768370568752289,0.5555555555555556,0.7558521725188392,0.6153846153846154,0.0,0.6294773050716945,0.618661778313773,0.06376089794295174,0.1953019808445658,0.0,0.0,0.0,0.0,0.0,18473,global,0.0
5,4,lr1e-05_bs8_drop0p4_temp2p0_a0p25_b0p05__wd1e-04trmiss0_degmodglobal,8,1e-05,0.0001,0.4,2.0,0.25,0.05,lr1e-05_bs8_drop0p4_temp2p0_a0p25_b0p05__wd1e-04trmiss0_degmodglobal,23,0.6658057825905936,0.6754927337169647,0.5555555555555556,0.7558521725188392,0.6153846153846154,0.0,0.6167593768664769,0.6340923394475665,0.0767563267477921,0.25048732118947165,0.0,0.0,0.0,0.0,0.0,18473,global,0.0
5,4,lr1e-05_bs8_drop0p4_temp2p0_a0p25_b0p05__wd1e-04trmiss0_degmodglobal,8,1e-05,0.0001,0.4,2.0,0.25,0.05,lr1e-05_bs8_drop0p4_temp2p0_a0p25_b0p05__wd1e-04trmiss0_degmodglobal,24,0.6587990948132106,0.6819078028202057,0.5555555555555556,0.7558521725188392,0.6153846153846154,0.0,0.6332182628767831,0.6321406279291425,0.06611458797539983,0.2025963951434408,0.0,0.0,0.0,0.0,0.0,18473,global,0.0
5,4,lr1e-05_bs8_drop0p4_temp2p0_a0p25_b0p05__wd1e-04trmiss0_degmodglobal,8,1e-05,0.0001,0.4,2.0,0.25,0.05,lr1e-05_bs8_drop0p4_temp2p0_a0p25_b0p05__wd1e-04trmiss0_degmodglobal,25,0.6633104937417167,0.673447459936142,0.5555555555555556,0.7558521725188392,0.6923076923076923,0.0,0.6370285408837455,0.6384826217378888,0.06278200607214655,0.18264740173305785,0.0,0.0,0.0,0.0,0.0,18473,global,0.0
5,4,lr1e-05_bs8_drop0p4_temp2p0_a0p25_b0p05__wd1e-04trmiss0_degmodglobal,8,1e-05,0.0001,0.4,2.0,0.25,0.05,lr1e-05_bs8_drop0p4_temp2p0_a0p25_b0p05__wd1e-04trmiss0_degmodglobal,26,0.6529976044382367,0.6698898077011108,0.5555555555555556,0.7558521725188392,0.6923076923076923,0.0,0.6041343637875148,0.6277112364768982,0.0648504269442388,0.18147556803056172,0.0,0.0,0.0,0.0,0.0,18473,global,0.0
5,4,lr1e-05_bs8_drop0p4_temp2p0_a0p25_b0p05__wd1e-04trmiss0_degmodglobal,8,1e-05,0.0001,0.4,2.0,0.25,0.05,lr1e-05_bs8_drop0p4_temp2p0_a0p25_b0p05__wd1e-04trmiss0_degmodglobal,27,0.6478668366159711,0.6740685105323792,0.5555555555555556,0.7558521725188392,0.6923076923076923,0.0,0.5954918435641697,0.6255624123982021,0.05705522426537105,0.16081234546644346,0.0,0.0,0.0,0.0,0.0,18473,global,0.0
5,4,lr1e-05_bs8_drop0p4_temp2p0_a0p25_b0p05__wd1e-04trmiss0_degmodglobal,8,1e-05,0.0001,0.4,2.0,0.25,0.05,lr1e-05_bs8_drop0p4_temp2p0_a0p25_b0p05__wd1e-04trmiss0_degmodglobal,28,0.6576511178697858,0.6744023263454437,0.5555555555555556,0.7558521725188392,0.6923076923076923,0.0,0.60679749080113,0.6256361518587384,0.07294147461652756,0.2755922632558005,0.0,0.0,0.0,0.0,0.0,18473,global,0.0
5,4,lr1e-05_bs8_drop0p4_temp2p0_a0p25_b0p05__wd1e-04trmiss0_degmodglobal,8,1e-05,0.0001,0.4,2.0,0.25,0.05,lr1e-05_bs8_drop0p4_temp2p0_a0p25_b0p05__wd1e-04trmiss0_degmodglobal,29,0.655791699886322,0.6792035698890686,0.5277777777777778,0.7391855058521726,0.6923076923076923,0.0,0.6071998987879071,0.6325013211795262,0.060648554669959207,0.16256490243332727,0.0,0.0,0.0,0.0,0.0,18473,global,0.0
5,4,lr1e-05_bs8_drop0p4_temp2p0_a0p25_b0p05__wd1e-04trmiss0_degmodglobal,8,1e-05,0.0001,0.4,2.0,0.25,0.05,lr1e-05_bs8_drop0p4_temp2p0_a0p25_b0p05__wd1e-04trmiss0_degmodglobal,30,0.6688446913446698,0.6867937743663788,0.5277777777777778,0.7391855058521726,0.6153846153846154,0.0,0.6357282229832241,0.6358374782970974,0.08591824982847486,0.23055330557482584,0.0,0.0,0.0,0.0,0.0,18473,global,0.0
5,4,lr1e-05_bs8_drop0p4_temp2p0_a0p25_b0p05__wd1e-04trmiss0_degmodglobal,8,1e-05,0.0001,0.4,2.0,0.25,0.05,lr1e-05_bs8_drop0p4_temp2p0_a0p25_b0p05__wd1e-04trmiss0_degmodglobal,31,0.6651414377348763,0.685181587934494,0.5277777777777778,0.7391855058521726,0.6923076923076923,0.0,0.6381421855517796,0.6367934516498021,0.07190115643399102,0.20745381712913513,0.0,0.0,0.0,0.0,0.0,18473,global,0.0
5,4,lr1e-05_bs8_drop0p4_temp2p0_a0p25_b0p05__wd1e-04trmiss0_degmodglobal,8,1e-05,0.0001,0.4,2.0,0.25,0.05,lr1e-05_bs8_drop0p4_temp2p0_a0p25_b0p05__wd1e-04trmiss0_degmodglobal,32,0.6435473646436419,0.6875261068344116,0.5277777777777778,0.7391855058521726,0.6153846153846154,0.0,0.602396445614951,0.626785227230617,0.045477887083377154,0.10785361592258726,0.0,0.0,0.0,0.0,0.0,18473,global,0.0
5,4,lr1e-05_bs8_drop0p4_temp2p0_a0p25_b0p05__wd1e-04trmiss0_degmodglobal,8,1e-05,0.0001,0.4,2.0,0.25,0.05,lr1e-05_bs8_drop0p4_temp2p0_a0p25_b0p05__wd1e-04trmiss0_degmodglobal,33,0.6617575372968402,0.6899599730968475,0.49999999999999994,0.7305435305435306,0.6153846153846154,0.0,0.6197730132511684,0.6392896175384521,0.05614294058510235,0.16864395567349025,0.0,0.0,0.0,0.0,0.0,18473,global,0.0
5,4,lr1e-05_bs8_drop0p4_temp2p0_a0p25_b0p05__wd1e-04trmiss0_degmodglobal,8,1e-05,0.0001,0.4,2.0,0.25,0.05,lr1e-05_bs8_drop0p4_temp2p0_a0p25_b0p05__wd1e-04trmiss0_degmodglobal,34,0.652495299066816,0.6904358863830566,0.49999999999999994,0.7305435305435306,0.5384615384615384,0.0,0.6082240768841335,0.6278222714151654,0.06279694235750607,0.17947576088564737,0.0,0.0,0.0,0.0,0.0,18473,global,0.0
5,4,lr1e-05_bs8_drop0p4_temp2p0_a0p25_b0p05__wd1e-04trmiss0_degmodglobal,8,1e-05,0.0001,0.4,2.0,0.25,0.05,lr1e-05_bs8_drop0p4_temp2p0_a0p25_b0p05__wd1e-04trmiss0_degmodglobal,35,0.634331498827253,0.6863760352134705,0.49999999999999994,0.7305435305435306,0.6153846153846154,0.0,0.6095242074557713,0.6079231585775103,0.06908694814358439,0.18273213718618667,0.0,0.0,0.0,0.0,0.0,18473,global,0.0
5,4,lr1e-05_bs8_drop0p4_temp2p0_a0p25_b0p05__wd1e-04trmiss0_degmodglobal,8,1e-05,0.0001,0.4,2.0,0.25,0.05,lr1e-05_bs8_drop0p4_temp2p0_a0p25_b0p05__wd1e-04trmiss0_degmodglobal,36,0.6223606041499546,0.6842456161975861,0.49999999999999994,0.7305435305435306,0.6153846153846154,0.0,0.6010931304522923,0.5967913866043091,0.06668730133346149,0.17794757336378098,0.0,0.0,0.0,0.0,0.0,18473,global,0.0
5,4,lr1e-05_bs8_drop0p4_temp2p0_a0p25_b0p05__wd1e-04trmiss0_degmodglobal,8,1e-05,0.0001,0.4,2.0,0.25,0.05,lr1e-05_bs8_drop0p4_temp2p0_a0p25_b0p05__wd1e-04trmiss0_degmodglobal,37,0.6569057192121234,0.6863023638725281,0.49999999999999994,0.7305435305435306,0.6153846153846154,0.0,0.5790477735655648,0.6265085509845189,0.07349728899342674,0.24045695258038385,0.0,0.0,0.0,0.0,0.0,18473,global,0.0
5,4,lr1e-05_bs8_drop0p4_temp2p0_a0p25_b0p05__wd1e-04trmiss0_degmodglobal,8,1e-05,0.0001,0.4,2.0,0.25,0.05,lr1e-05_bs8_drop0p4_temp2p0_a0p25_b0p05__wd1e-04trmiss0_degmodglobal,38,0.6261868647166661,0.6874389350414276,0.49999999999999994,0.7305435305435306,0.5384615384615384,0.0,0.6010800429752895,0.5972952927861895,0.07599318240370069,0.19786548082317626,0.0,0.0,0.0,0.0,0.0,18473,global,0.0
5,4,lr1e-05_bs8_drop0p4_temp2p0_a0p25_b0p05__wd1e-04trmiss0_degmodglobal,8,1e-05,0.0001,0.4,2.0,0.25,0.05,lr1e-05_bs8_drop0p4_temp2p0_a0p25_b0p05__wd1e-04trmiss0_degmodglobal,39,0.6671516469546727,0.6818426549434662,0.5277777777777778,0.7391855058521726,0.6923076923076923,0.0,0.597425503390176,0.6326826555388314,0.08613379618951253,0.2587108856865338,0.0,0.0,0.0,0.0,0.0,18473,global,0.0
5,4,lr1e-05_bs8_drop0p4_temp2p0_a0p25_b0p05__wd1e-04trmiss0_degmodglobal,8,1e-05,0.0001,0.4,2.0,0.25,0.05,lr1e-05_bs8_drop0p4_temp2p0_a0p25_b0p05__wd1e-04trmiss0_degmodglobal,40,0.6235980902399335,0.6839909851551056,0.49999999999999994,0.7305435305435306,0.6153846153846154,0.0,0.5879549298967633,0.604670660836356,0.05739609843918255,0.09156828160796847,0.0,0.0,0.0,0.0,0.0,18473,global,0.0
5,4,lr1e-05_bs8_drop0p4_temp2p0_a0p25_b0p05__wd1e-04trmiss0_degmodglobal,8,1e-05,0.0001,0.4,2.0,0.25,0.05,lr1e-05_bs8_drop0p4_temp2p0_a0p25_b0p05__wd1e-04trmiss0_degmodglobal,41,0.6695763298443386,0.6789867579936981,0.5277777777777777,0.7472101972101972,0.6153846153846154,0.0,0.6019799879619053,0.6374758652278355,0.07622108608484268,0.260903785271304,0.0,0.0,0.0,0.0,0.0,18473,global,0.0
5,4,lr1e-05_bs8_drop0p4_temp2p0_a0p25_b0p05__wd1e-04trmiss0_degmodglobal,8,1e-05,0.0001,0.4,2.0,0.25,0.05,lr1e-05_bs8_drop0p4_temp2p0_a0p25_b0p05__wd1e-04trmiss0_degmodglobal,42,0.6508103694234576,0.6771866977214813,0.5277777777777777,0.7472101972101972,0.5384615384615384,0.0,0.5706762671470642,0.6203699878283909,0.0803225753562791,0.20719530539853231,0.0,0.0,0.0,0.0,0.0,18473,global,0.0
5,4,lr1e-05_bs8_drop0p4_temp2p0_a0p25_b0p05__wd1e-04trmiss0_degmodglobal,8,1e-05,0.0001,0.4,2.0,0.25,0.05,lr1e-05_bs8_drop0p4_temp2p0_a0p25_b0p05__wd1e-04trmiss0_degmodglobal,43,0.6318968193871635,0.6788607239723206,0.5277777777777778,0.7391855058521726,0.6153846153846154,0.0,0.5939660923821586,0.6076610854693821,0.05577955661075456,0.20581733328955515,0.0,0.0,0.0,0.0,0.0,18473,global,0.0
5,4,lr1e-05_bs8_drop0p4_temp2p0_a0p25_b0p05__wd1e-04trmiss0_degmodglobal,8,1e-05,0.0001,0.4,2.0,0.25,0.05,lr1e-05_bs8_drop0p4_temp2p0_a0p25_b0p05__wd1e-04trmiss0_degmodglobal,44,0.623159374509539,0.6821349561214447,0.49999999999999994,0.7305435305435306,0.6153846153846154,0.0,0.582996836730412,0.6036813088825771,0.04740964461650167,0.1525129745049136,0.0,0.0,0.0,0.0,0.0,18473,global,0.0
5,4,lr1e-05_bs8_drop0p4_temp2p0_a0p25_b0p05__wd1e-04trmiss0_degmodglobal,8,1e-05,0.0001,0.4,2.0,0.25,0.05,lr1e-05_bs8_drop0p4_temp2p0_a0p25_b0p05__wd1e-04trmiss0_degmodglobal,45,0.627074556691306,0.6835143864154816,0.5277777777777777,0.7472101972101972,0.6153846153846154,0.0,0.5908429963248116,0.6024695719991412,0.06528830687914576,0.16565810569695064,0.0,0.0,0.0,0.0,0.0,18473,global,0.0
5,4,lr1e-05_bs8_drop0p4_temp2p0_a0p25_b0p05__wd1e-04trmiss0_degmodglobal,8,1e-05,0.0001,0.4,2.0,0.25,0.05,lr1e-05_bs8_drop0p4_temp2p0_a0p25_b0p05__wd1e-04trmiss0_degmodglobal,46,0.6316745366368975,0.6835362613201141,0.5277777777777777,0.7472101972101972,0.6153846153846154,0.0,0.6077543667384556,0.6042998433113098,0.0660679175385407,0.21715399197169713,0.0,0.0,0.0,0.0,0.0,18473,global,0.0
5,4,lr1e-04_bs16_drop0p2_temp1p0_a0p25_b0p05__wd1e-04trmiss0_degmodglobal,16,0.0001,0.0001,0.2,1.0,0.25,0.05,lr1e-04_bs16_drop0p2_temp1p0_a0p25_b0p05__wd1e-04trmiss0_degmodglobal,1,0.7146279960870743,0.6690688729286194,0.4722222222222222,0.7519110519110519,0.6153846153846154,0.0,0.6598794758319855,0.7010946869850159,0.034867587964981794,0.09632803313434124,0.0,0.0,0.0,0.0,0.0,18473,global,0.0
5,4,lr1e-04_bs16_drop0p2_temp1p0_a0p25_b0p05__wd1e-04trmiss0_degmodglobal,16,0.0001,0.0001,0.2,1.0,0.25,0.05,lr1e-04_bs16_drop0p2_temp1p0_a0p25_b0p05__wd1e-04trmiss0_degmodglobal,2,0.6698160320520401,0.6712940335273743,0.4444444444444444,0.7480750730750731,0.6153846153846154,0.0,0.6577781140804291,0.6555317789316177,0.03861504606902599,0.0926096923649311,0.0,0.0,0.0,0.0,0.0,18473,global,0.0
5,4,lr1e-04_bs16_drop0p2_temp1p0_a0p25_b0p05__wd1e-04trmiss0_degmodglobal,16,0.0001,0.0001,0.2,1.0,0.25,0.05,lr1e-04_bs16_drop0p2_temp1p0_a0p25_b0p05__wd1e-04trmiss0_degmodglobal,3,0.6491764932870865,0.6822094917297363,0.4444444444444444,0.7519230769230769,0.46153846153846156,0.0,0.6203453987836838,0.6344519257545471,0.03729096567258239,0.10803691763430834,0.0,0.0,0.0,0.0,0.0,18473,global,0.0
5,4,lr1e-04_bs16_drop0p2_temp1p0_a0p25_b0p05__wd1e-04trmiss0_degmodglobal,16,0.0001,0.0001,0.2,1.0,0.25,0.05,lr1e-04_bs16_drop0p2_temp1p0_a0p25_b0p05__wd1e-04trmiss0_degmodglobal,4,0.6484944224357605,0.6822469234466553,0.4166666666666667,0.7148860398860399,0.46153846153846156,0.0,0.6095883995294571,0.6363738179206848,0.03560023382306099,0.06441078893840313,0.0,0.0,0.0,0.0,0.0,18473,global,0.0
5,4,lr1e-04_bs16_drop0p2_temp1p0_a0p25_b0p05__wd1e-04trmiss0_degmodglobal,16,0.0001,0.0001,0.2,1.0,0.25,0.05,lr1e-04_bs16_drop0p2_temp1p0_a0p25_b0p05__wd1e-04trmiss0_degmodglobal,5,0.6050266027450562,0.6776805520057678,0.5277777777777778,0.7749879749879751,0.46153846153846156,0.0,0.5692714750766754,0.5907995253801346,0.03872589021921158,0.09091215208172798,0.0,0.0,0.0,0.0,0.0,18473,global,0.0
5,4,lr1e-04_bs16_drop0p2_temp1p0_a0p25_b0p05__wd1e-04trmiss0_degmodglobal,16,0.0001,0.0001,0.2,1.0,0.25,0.05,lr1e-04_bs16_drop0p2_temp1p0_a0p25_b0p05__wd1e-04trmiss0_degmodglobal,6,0.6246924996376038,0.6730918884277344,0.5277777777777778,0.7391855058521726,0.5384615384615384,0.0,0.6126656234264374,0.6043079793453217,0.05799763835966587,0.11770245432853699,0.0,0.0,0.0,0.0,0.0,18473,global,0.0
5,4,lr1e-04_bs16_drop0p2_temp1p0_a0p25_b0p05__wd1e-04trmiss0_degmodglobal,16,0.0001,0.0001,0.2,1.0,0.25,0.05,lr1e-04_bs16_drop0p2_temp1p0_a0p25_b0p05__wd1e-04trmiss0_degmodglobal,7,0.6103120297193527,0.6725207567214966,0.4722222222222222,0.7315406815406815,0.5384615384615384,0.0,0.548830047249794,0.59230075776577,0.052585083059966564,0.09730022214353085,0.0,0.0,0.0,0.0,0.0,18473,global,0.0
5,4,lr1e-04_bs16_drop0p2_temp1p0_a0p25_b0p05__wd1e-04trmiss0_degmodglobal,16,0.0001,0.0001,0.2,1.0,0.25,0.05,lr1e-04_bs16_drop0p2_temp1p0_a0p25_b0p05__wd1e-04trmiss0_degmodglobal,8,0.588501051068306,0.669895350933075,0.5,0.7528490028490029,0.5384615384615384,0.0,0.5417170971632004,0.5711635798215866,0.04841953422874212,0.1046518087387085,0.0,0.0,0.0,0.0,0.0,18473,global,0.0
5,4,lr1e-04_bs16_drop0p2_temp1p0_a0p25_b0p05__wd1e-04trmiss0_degmodglobal,16,0.0001,0.0001,0.2,1.0,0.25,0.05,lr1e-04_bs16_drop0p2_temp1p0_a0p25_b0p05__wd1e-04trmiss0_degmodglobal,9,0.5843934714794159,0.6670162081718445,0.5277777777777778,0.7898860398860401,0.5384615384615384,0.0,0.5245445370674133,0.5654572248458862,0.05323598347604275,0.11254483461380005,0.0,0.0,0.0,0.0,0.0,18473,global,0.0
5,4,lr1e-04_bs16_drop0p2_temp1p0_a0p25_b0p05__wd1e-04trmiss0_degmodglobal,16,0.0001,0.0001,0.2,1.0,0.25,0.05,lr1e-04_bs16_drop0p2_temp1p0_a0p25_b0p05__wd1e-04trmiss0_degmodglobal,10,0.5949150025844574,0.6642006039619446,0.5277777777777778,0.7898860398860401,0.5384615384615384,0.0,0.5519512891769409,0.5780389755964279,0.046022201888263226,0.10740990657359362,0.0,0.0,0.0,0.0,0.0,18473,global,0.0
5,4,lr1e-04_bs16_drop0p2_temp1p0_a0p25_b0p05__wd1e-04trmiss0_degmodglobal,16,0.0001,0.0001,0.2,1.0,0.25,0.05,lr1e-04_bs16_drop0p2_temp1p0_a0p25_b0p05__wd1e-04trmiss0_degmodglobal,11,0.6049626916646957,0.6648275256156921,0.6111111111111112,0.8268398268398269,0.6153846153846154,0.0,0.51659095287323,0.5855995118618011,0.0494521870277822,0.14000274427235126,0.0,0.0,0.0,0.0,0.0,18473,global,0.0
5,4,lr1e-04_bs16_drop0p2_temp1p0_a0p25_b0p05__wd1e-04trmiss0_degmodglobal,16,0.0001,0.0001,0.2,1.0,0.25,0.05,lr1e-04_bs16_drop0p2_temp1p0_a0p25_b0p05__wd1e-04trmiss0_degmodglobal,12,0.5921219885349274,0.6603627800941467,0.5833333333333334,0.8243978243978245,0.46153846153846156,0.0,0.5213944017887115,0.5700031369924545,0.05796633195132017,0.15254545584321022,0.0,0.0,0.0,0.0,0.0,18473,global,0.0
5,4,lr1e-04_bs16_drop0p2_temp1p0_a0p25_b0p05__wd1e-04trmiss0_degmodglobal,16,0.0001,0.0001,0.2,1.0,0.25,0.05,lr1e-04_bs16_drop0p2_temp1p0_a0p25_b0p05__wd1e-04trmiss0_degmodglobal,13,0.5677718967199326,0.6675431132316589,0.6111111111111112,0.8077040243706912,0.5384615384615384,0.0,0.5125105306506157,0.5471412092447281,0.05610373243689537,0.13209538161754608,0.0,0.0,0.0,0.0,0.0,18473,global,0.0
5,4,lr1e-04_bs16_drop0p2_temp1p0_a0p25_b0p05__wd1e-04trmiss0_degmodglobal,16,0.0001,0.0001,0.2,1.0,0.25,0.05,lr1e-04_bs16_drop0p2_temp1p0_a0p25_b0p05__wd1e-04trmiss0_degmodglobal,14,0.5884664803743362,0.6631513833999634,0.6388888888888888,0.8157848324514991,0.5384615384615384,0.0,0.503125473856926,0.5659496784210205,0.05497161950916052,0.1754784882068634,0.0,0.0,0.0,0.0,0.0,18473,global,0.0
5,4,lr1e-04_bs16_drop0p2_temp1p0_a0p25_b0p05__wd1e-04trmiss0_degmodglobal,16,0.0001,0.0001,0.2,1.0,0.25,0.05,lr1e-04_bs16_drop0p2_temp1p0_a0p25_b0p05__wd1e-04trmiss0_degmodglobal,15,0.5782487392425537,0.6610033512115479,0.6666666666666666,0.8233605900272567,0.5384615384615384,0.0,0.501972496509552,0.5553587228059769,0.06226050201803446,0.14649768359959126,0.0,0.0,0.0,0.0,0.0,18473,global,0.0
5,4,lr1e-04_bs16_drop0p2_temp1p0_a0p25_b0p05__wd1e-04trmiss0_degmodglobal,16,0.0001,0.0001,0.2,1.0,0.25,0.05,lr1e-04_bs16_drop0p2_temp1p0_a0p25_b0p05__wd1e-04trmiss0_degmodglobal,16,0.5921280682086945,0.6660647392272949,0.6111111111111112,0.7715087381754049,0.5384615384615384,0.0,0.5015104189515114,0.5684011876583099,0.0600249907001853,0.17441264912486076,0.0,0.0,0.0,0.0,0.0,18473,global,0.0
5,4,lr1e-04_bs16_drop0p2_temp1p0_a0p25_b0p05__wd1e-04trmiss0_degmodglobal,16,0.0001,0.0001,0.2,1.0,0.25,0.05,lr1e-04_bs16_drop0p2_temp1p0_a0p25_b0p05__wd1e-04trmiss0_degmodglobal,17,0.591236025094986,0.6745734810829163,0.6388888888888888,0.8085457752124419,0.46153846153846156,0.0,0.5317080989480019,0.571839302778244,0.05170892924070358,0.1293899305164814,0.0,0.0,0.0,0.0,0.0,18473,global,0.0
5,4,lr1e-04_bs16_drop0p2_temp1p0_a0p25_b0p05__wd1e-04trmiss0_degmodglobal,16,0.0001,0.0001,0.2,1.0,0.25,0.05,lr1e-04_bs16_drop0p2_temp1p0_a0p25_b0p05__wd1e-04trmiss0_degmodglobal,18,0.5882292240858078,0.6709536910057068,0.6388888888888888,0.7863235529902197,0.46153846153846156,0.0,0.5129591748118401,0.5640520453453064,0.06253430340439081,0.170872300863266,0.0,0.0,0.0,0.0,0.0,18473,global,0.0
5,4,lr1e-04_bs16_drop0p2_temp1p0_a0p25_b0p05__wd1e-04trmiss0_degmodglobal,16,0.0001,0.0001,0.2,1.0,0.25,0.05,lr1e-04_bs16_drop0p2_temp1p0_a0p25_b0p05__wd1e-04trmiss0_degmodglobal,19,0.551967442035675,0.6688608527183533,0.6388888888888888,0.7863235529902197,0.5384615384615384,0.0,0.5033118650317192,0.5347390323877335,0.04902764689177275,0.09942979365587234,0.0,0.0,0.0,0.0,0.0,18473,global,0.0
5,4,lr1e-04_bs16_drop0p2_temp1p0_a0p25_b0p05__wd1e-04trmiss0_degmodglobal,16,0.0001,0.0001,0.2,1.0,0.25,0.05,lr1e-04_bs16_drop0p2_temp1p0_a0p25_b0p05__wd1e-04trmiss0_degmodglobal,20,0.5824538916349411,0.6619136929512024,0.6388888888888888,0.7863235529902197,0.6153846153846154,0.0,0.5264724120497704,0.5619362592697144,0.05454289494082332,0.13763832487165928,0.0,0.0,0.0,0.0,0.0,18473,global,0.0
5,4,lr1e-04_bs16_drop0p2_temp1p0_a0p25_b0p05__wd1e-04trmiss0_degmodglobal,16,0.0001,0.0001,0.2,1.0,0.25,0.05,lr1e-04_bs16_drop0p2_temp1p0_a0p25_b0p05__wd1e-04trmiss0_degmodglobal,21,0.5593531876802444,0.6616642475128174,0.6388888888888888,0.7863235529902197,0.6153846153846154,0.0,0.4801652356982231,0.539691612124443,0.055051143281161785,0.11797601357102394,0.0,0.0,0.0,0.0,0.0,18473,global,0.0
5,4,lr1e-04_bs16_drop0p2_temp1p0_a0p25_b0p05__wd1e-04trmiss0_degmodglobal,16,0.0001,0.0001,0.2,1.0,0.25,0.05,lr1e-04_bs16_drop0p2_temp1p0_a0p25_b0p05__wd1e-04trmiss0_degmodglobal,22,0.5567734241485596,0.6648132801055908,0.6388888888888888,0.7863235529902197,0.5384615384615384,0.0,0.5015798807144165,0.5402439832687378,0.04652334190905094,0.09797209315001965,0.0,0.0,0.0,0.0,0.0,18473,global,0.0
5,4,lr1e-04_bs16_drop0p2_temp1p0_a0p25_b0p05__wd1e-04trmiss0_degmodglobal,16,0.0001,0.0001,0.2,1.0,0.25,0.05,lr1e-04_bs16_drop0p2_temp1p0_a0p25_b0p05__wd1e-04trmiss0_degmodglobal,23,0.544554591178894,0.6678211688995361,0.5833333333333333,0.7723375390042058,0.5384615384615384,0.0,0.4825008064508438,0.5241170078516006,0.05885068699717522,0.11449819058179855,0.0,0.0,0.0,0.0,0.0,18473,global,0.0
5,4,lr1e-04_bs16_drop0p2_temp1p0_a0p25_b0p05__wd1e-04trmiss0_degmodglobal,16,0.0001,0.0001,0.2,1.0,0.25,0.05,lr1e-04_bs16_drop0p2_temp1p0_a0p25_b0p05__wd1e-04trmiss0_degmodglobal,24,0.5509426891803741,0.6672492027282715,0.5833333333333333,0.7723375390042058,0.5384615384615384,0.0,0.4660332575440407,0.5234857797622681,0.08024224825203419,0.14792688563466072,0.0,0.0,0.0,0.0,0.0,18473,global,0.0
5,4,lr1e-04_bs16_drop0p2_temp1p0_a0p25_b0p05__wd1e-04trmiss0_degmodglobal,16,0.0001,0.0001,0.2,1.0,0.25,0.05,lr1e-04_bs16_drop0p2_temp1p0_a0p25_b0p05__wd1e-04trmiss0_degmodglobal,25,0.5580703616142273,0.6656731367111206,0.6388888888888888,0.7863235529902197,0.5384615384615384,0.0,0.4631245955824852,0.5328096598386765,0.06784460134804249,0.16599105671048164,0.0,0.0,0.0,0.0,0.0,18473,global,0.0
5,4,lr1e-04_bs16_drop0p2_temp1p0_a0p25_b0p05__wd1e-04trmiss0_degmodglobal,16,0.0001,0.0001,0.2,1.0,0.25,0.05,lr1e-04_bs16_drop0p2_temp1p0_a0p25_b0p05__wd1e-04trmiss0_degmodglobal,26,0.5453203469514847,0.6587988138198853,0.6388888888888888,0.7863235529902197,0.6153846153846154,0.0,0.49557898938655853,0.5240507423877716,0.0588160096667707,0.13131223153322935,0.0,0.0,0.0,0.0,0.0,18473,global,0.0
5,4,lr1e-04_bs16_drop0p2_temp1p0_a0p25_b0p05__wd1e-04trmiss0_degmodglobal,16,0.0001,0.0001,0.2,1.0,0.25,0.05,lr1e-04_bs16_drop0p2_temp1p0_a0p25_b0p05__wd1e-04trmiss0_degmodglobal,27,0.5371355563402176,0.6549369096755981,0.6388888888888888,0.7863235529902197,0.5384615384615384,0.0,0.4584398567676544,0.5112981796264648,0.07362975180149078,0.14859861135482788,0.0,0.0,0.0,0.0,0.0,18473,global,0.0
5,4,lr1e-04_bs16_drop0p2_temp1p0_a0p25_b0p05__wd1e-04trmiss0_degmodglobal,16,0.0001,0.0001,0.2,1.0,0.25,0.05,lr1e-04_bs16_drop0p2_temp1p0_a0p25_b0p05__wd1e-04trmiss0_degmodglobal,28,0.5567389875650406,0.6570816040039062,0.6388888888888888,0.7863235529902197,0.5384615384615384,0.0,0.4738258123397827,0.5319171249866486,0.06479061860591173,0.17248409986495972,0.0,0.0,0.0,0.0,0.0,18473,global,0.0
5,4,lr1e-04_bs16_drop0p2_temp1p0_a0p25_b0p05__wd1e-04trmiss0_degmodglobal,16,0.0001,0.0001,0.2,1.0,0.25,0.05,lr1e-04_bs16_drop0p2_temp1p0_a0p25_b0p05__wd1e-04trmiss0_degmodglobal,29,0.5621194839477539,0.6597349047660828,0.6388888888888888,0.7863235529902197,0.5384615384615384,0.0,0.4605429172515869,0.5379704907536507,0.06495458446443081,0.15820675157010555,0.0,0.0,0.0,0.0,0.0,18473,global,0.0
5,4,lr1e-04_bs16_drop0p2_temp1p0_a0p25_b0p05__wd1e-04trmiss0_degmodglobal,16,0.0001,0.0001,0.2,1.0,0.25,0.05,lr1e-04_bs16_drop0p2_temp1p0_a0p25_b0p05__wd1e-04trmiss0_degmodglobal,30,0.5704322755336761,0.6553685069084167,0.6388888888888888,0.7863235529902197,0.6153846153846154,0.0,0.4920254051685333,0.547144427895546,0.06410133000463247,0.1452503576874733,0.0,0.0,0.0,0.0,0.0,18473,global,0.0
5,4,lr1e-04_bs16_drop0p2_temp1p0_a0p25_b0p05__wd1e-04trmiss0_degmodglobal,16,0.0001,0.0001,0.2,1.0,0.25,0.05,lr1e-04_bs16_drop0p2_temp1p0_a0p25_b0p05__wd1e-04trmiss0_degmodglobal,31,0.5500350296497345,0.6544890403747559,0.6666666666666667,0.799551066217733,0.6923076923076923,0.0,0.4609841927886009,0.5265916138887405,0.0630318708717823,0.15370921790599823,0.0,0.0,0.0,0.0,0.0,18473,global,0.0
5,4,lr1e-04_bs16_drop0p2_temp1p0_a0p25_b0p05__wd1e-04trmiss0_degmodglobal,16,0.0001,0.0001,0.2,1.0,0.25,0.05,lr1e-04_bs16_drop0p2_temp1p0_a0p25_b0p05__wd1e-04trmiss0_degmodglobal,32,0.5329840555787086,0.656128466129303,0.6666666666666667,0.799551066217733,0.6923076923076923,0.0,0.4558987393975258,0.5084202364087105,0.06650503072887659,0.1587514728307724,0.0,0.0,0.0,0.0,0.0,18473,global,0.0
5,4,lr1e-04_bs16_drop0p2_temp1p0_a0p25_b0p05__wd1e-04trmiss0_degmodglobal,16,0.0001,0.0001,0.2,1.0,0.25,0.05,lr1e-04_bs16_drop0p2_temp1p0_a0p25_b0p05__wd1e-04trmiss0_degmodglobal,33,0.5334891378879547,0.6548559069633484,0.6666666666666667,0.799551066217733,0.6153846153846154,0.0,0.4268094226717949,0.5083296298980713,0.07049784250557423,0.15070106834173203,0.0,0.0,0.0,0.0,0.0,18473,global,0.0
5,4,lr1e-04_bs16_drop0p2_temp1p0_a0p25_b0p05__wd1e-04trmiss0_degmodglobal,16,0.0001,0.0001,0.2,1.0,0.25,0.05,lr1e-04_bs16_drop0p2_temp1p0_a0p25_b0p05__wd1e-04trmiss0_degmodglobal,34,0.5542219579219818,0.6480526328086853,0.6666666666666667,0.799551066217733,0.6923076923076923,0.0,0.4543345645070076,0.5280001759529114,0.0741379177197814,0.15374597068876028,0.0,0.0,0.0,0.0,0.0,18473,global,0.0
5,4,lr1e-04_bs16_drop0p2_temp1p0_a0p25_b0p05__wd1e-04trmiss0_degmodglobal,16,0.0001,0.0001,0.2,1.0,0.25,0.05,lr1e-04_bs16_drop0p2_temp1p0_a0p25_b0p05__wd1e-04trmiss0_degmodglobal,35,0.5336568206548691,0.6519702076911926,0.5833333333333334,0.754842071508738,0.5384615384615384,0.0,0.46488264203071594,0.5080329030752182,0.06881722155958414,0.1683922652155161,0.0,0.0,0.0,0.0,0.0,18473,global,0.0
5,4,lr1e-04_bs16_drop0p2_temp1p0_a0p25_b0p05__wd1e-04trmiss0_degmodglobal,16,0.0001,0.0001,0.2,1.0,0.25,0.05,lr1e-04_bs16_drop0p2_temp1p0_a0p25_b0p05__wd1e-04trmiss0_degmodglobal,36,0.5495287999510765,0.6622270941734314,0.6111111111111112,0.7918791085457753,0.5384615384615384,0.0,0.4730450436472893,0.5224632620811462,0.07714929804205894,0.15556395426392555,0.0,0.0,0.0,0.0,0.0,18473,global,0.0
5,4,lr1e-04_bs16_drop0p2_temp1p0_a0p25_b0p05__wd1e-04trmiss0_degmodglobal,16,0.0001,0.0001,0.2,1.0,0.25,0.05,lr1e-04_bs16_drop0p2_temp1p0_a0p25_b0p05__wd1e-04trmiss0_degmodglobal,37,0.539834663271904,0.652468204498291,0.6111111111111112,0.7918791085457753,0.5384615384615384,0.0,0.48148979991674423,0.5145441368222237,0.07289558323100209,0.14133226312696934,0.0,0.0,0.0,0.0,0.0,18473,global,0.0
5,4,lr1e-04_bs16_drop0p2_temp1p0_a0p25_b0p05__wd1e-04trmiss0_degmodglobal,16,0.0001,0.0001,0.2,1.0,0.25,0.05,lr1e-04_bs16_drop0p2_temp1p0_a0p25_b0p05__wd1e-04trmiss0_degmodglobal,38,0.5371686965227127,0.6469706296920776,0.6111111111111112,0.7715087381754049,0.5384615384615384,0.0,0.452256940305233,0.5120892003178596,0.07496583554893732,0.12676072120666504,0.0,0.0,0.0,0.0,0.0,18473,global,0.0
5,4,lr1e-04_bs16_drop0p2_temp1p0_a0p25_b0p05__wd1e-04trmiss0_degmodglobal,16,0.0001,0.0001,0.2,1.0,0.25,0.05,lr1e-04_bs16_drop0p2_temp1p0_a0p25_b0p05__wd1e-04trmiss0_degmodglobal,39,0.5596958100795746,0.6488478779792786,0.6388888888888888,0.7863235529902197,0.6153846153846154,0.0,0.4895826056599617,0.5365515798330307,0.06631866469979286,0.1312912106513977,0.0,0.0,0.0,0.0,0.0,18473,global,0.0
5,4,lr1e-04_bs16_drop0p2_temp1p0_a0p25_b0p05__wd1e-04trmiss0_degmodglobal,16,0.0001,0.0001,0.2,1.0,0.25,0.05,lr1e-04_bs16_drop0p2_temp1p0_a0p25_b0p05__wd1e-04trmiss0_degmodglobal,40,0.528113529086113,0.6529157757759094,0.6666666666666667,0.799551066217733,0.6153846153846154,0.0,0.44536786526441574,0.5042086765170097,0.07122991420328617,0.1219476256519556,0.0,0.0,0.0,0.0,0.0,18473,global,0.0
5,4,lr1e-04_bs16_drop0p2_temp1p0_a0p25_b0p05__wd1e-04trmiss0_degmodglobal,16,0.0001,0.0001,0.2,1.0,0.25,0.05,lr1e-04_bs16_drop0p2_temp1p0_a0p25_b0p05__wd1e-04trmiss0_degmodglobal,41,0.5424935221672058,0.6556921005249023,0.6666666666666667,0.799551066217733,0.6153846153846154,0.0,0.45964232087135315,0.5186126083135605,0.06792793329805136,0.1379784569144249,0.0,0.0,0.0,0.0,0.0,18473,global,0.0
5,4,lr1e-04_bs16_drop0p2_temp1p0_a0p25_b0p05__wd1e-04trmiss0_degmodglobal,16,0.0001,0.0001,0.2,1.0,0.25,0.05,lr1e-04_bs16_drop0p2_temp1p0_a0p25_b0p05__wd1e-04trmiss0_degmodglobal,42,0.5223613008856773,0.6524541974067688,0.6388888888888888,0.7863235529902197,0.5384615384615384,0.0,0.44268467277288437,0.49645955860614777,0.07326225936412811,0.15172353945672512,0.0,0.0,0.0,0.0,0.0,18473,global,0.0
5,4,lr1e-04_bs16_drop0p2_temp1p0_a0p25_b0p05__wd1e-04trmiss0_degmodglobal,16,0.0001,0.0001,0.2,1.0,0.25,0.05,lr1e-04_bs16_drop0p2_temp1p0_a0p25_b0p05__wd1e-04trmiss0_degmodglobal,43,0.530945435166359,0.6540484428405762,0.6388888888888888,0.7863235529902197,0.5384615384615384,0.0,0.45954450219869614,0.5091217160224915,0.06482028495520353,0.1123731229454279,0.0,0.0,0.0,0.0,0.0,18473,global,0.0
5,4,lr1e-04_bs16_drop0p2_temp1p0_a0p25_b0p05__wd1e-04trmiss0_degmodglobal,16,0.0001,0.0001,0.2,1.0,0.25,0.05,lr1e-04_bs16_drop0p2_temp1p0_a0p25_b0p05__wd1e-04trmiss0_degmodglobal,44,0.5366565734148026,0.6577370762825012,0.6388888888888888,0.7863235529902197,0.6153846153846154,0.0,0.4336373880505562,0.5047919228672981,0.08676397800445557,0.2034730464220047,0.0,0.0,0.0,0.0,0.0,18473,global,0.0
5,4,lr1e-04_bs16_drop0p2_temp1p0_a0p25_b0p05__wd1e-04trmiss0_degmodglobal,16,0.0001,0.0001,0.2,1.0,0.25,0.05,lr1e-04_bs16_drop0p2_temp1p0_a0p25_b0p05__wd1e-04trmiss0_degmodglobal,45,0.5217315405607224,0.6607460975646973,0.6666666666666667,0.799551066217733,0.5384615384615384,0.0,0.4387576952576637,0.5005128011107445,0.059970234520733356,0.12452368997037411,0.0,0.0,0.0,0.0,0.0,18473,global,0.0
5,4,lr1e-04_bs16_drop0p2_temp1p0_a0p25_b0p05__wd1e-04trmiss0_degmodglobal,16,0.0001,0.0001,0.2,1.0,0.25,0.05,lr1e-04_bs16_drop0p2_temp1p0_a0p25_b0p05__wd1e-04trmiss0_degmodglobal,46,0.5343940407037735,0.6570452451705933,0.6666666666666667,0.799551066217733,0.6153846153846154,0.0,0.4325587674975395,0.5106978490948677,0.06794078182429075,0.13421976938843727,0.0,0.0,0.0,0.0,0.0,18473,global,0.0
5,4,lr1e-04_bs16_drop0p2_temp1p0_a0p25_b0p05__wd1e-04trmiss0_degmodglobal,16,0.0001,0.0001,0.2,1.0,0.25,0.05,lr1e-04_bs16_drop0p2_temp1p0_a0p25_b0p05__wd1e-04trmiss0_degmodglobal,47,0.5320883765816689,0.6558232307434082,0.6666666666666667,0.799551066217733,0.6153846153846154,0.0,0.42756131291389465,0.5079436600208282,0.0677717411890626,0.1440359391272068,0.0,0.0,0.0,0.0,0.0,18473,global,0.0
5,4,lr1e-04_bs16_drop0p2_temp1p0_a0p25_b0p05__wd1e-04trmiss0_degmodglobal,16,0.0001,0.0001,0.2,1.0,0.25,0.05,lr1e-04_bs16_drop0p2_temp1p0_a0p25_b0p05__wd1e-04trmiss0_degmodglobal,48,0.5462179034948349,0.654028058052063,0.6388888888888888,0.7919753086419754,0.6153846153846154,0.0,0.4436093345284462,0.5183403193950653,0.0794411413371563,0.1603455450385809,0.0,0.0,0.0,0.0,0.0,18473,global,0.0
5,4,lr1e-04_bs16_drop0p2_temp1p0_a0p25_b0p05__wd1e-04trmiss0_degmodglobal,16,0.0001,0.0001,0.2,1.0,0.25,0.05,lr1e-04_bs16_drop0p2_temp1p0_a0p25_b0p05__wd1e-04trmiss0_degmodglobal,49,0.5403201580047607,0.6510040760040283,0.6666666666666667,0.799551066217733,0.6153846153846154,0.0,0.4465039223432541,0.518350139260292,0.06641096994280815,0.10734553821384907,0.0,0.0,0.0,0.0,0.0,18473,global,0.0
5,4,lr1e-04_bs16_drop0p2_temp1p0_a0p25_b0p05__wd1e-04trmiss0_degmodglobal,16,0.0001,0.0001,0.2,1.0,0.25,0.05,lr1e-04_bs16_drop0p2_temp1p0_a0p25_b0p05__wd1e-04trmiss0_degmodglobal,50,0.5367124080657959,0.6507560014724731,0.6388888888888888,0.7919753086419754,0.6153846153846154,0.0,0.4227944016456604,0.5067825019359589,0.08651377074420452,0.1660289131104946,0.0,0.0,0.0,0.0,0.0,18473,global,0.0
5,4,lr1e-04_bs16_drop0p2_temp1p0_a0p25_b0p05__wd1e-04trmiss0_degmodglobal,16,0.0001,0.0001,0.2,1.0,0.25,0.05,lr1e-04_bs16_drop0p2_temp1p0_a0p25_b0p05__wd1e-04trmiss0_degmodglobal,51,0.5456065982580185,0.647216796875,0.6944444444444444,0.8114558281224948,0.6923076923076923,0.0,0.4426347613334656,0.5197500586509705,0.07298594526946545,0.15220079012215137,0.0,0.0,0.0,0.0,0.0,18473,global,0.0
5,4,lr1e-04_bs16_drop0p2_temp1p0_a0p25_b0p05__wd1e-04trmiss0_degmodglobal,16,0.0001,0.0001,0.2,1.0,0.25,0.05,lr1e-04_bs16_drop0p2_temp1p0_a0p25_b0p05__wd1e-04trmiss0_degmodglobal,52,0.5479260087013245,0.6487340331077576,0.6666666666666667,0.799551066217733,0.6153846153846154,0.0,0.46172386407852173,0.5239860489964485,0.06667764019221067,0.14541111327707767,0.0,0.0,0.0,0.0,0.0,18473,global,0.0
5,4,lr1e-04_bs16_drop0p2_temp1p0_a0p25_b0p05__wd1e-04trmiss0_degmodglobal,16,0.0001,0.0001,0.2,1.0,0.25,0.05,lr1e-04_bs16_drop0p2_temp1p0_a0p25_b0p05__wd1e-04trmiss0_degmodglobal,53,0.5319046974182129,0.6493551135063171,0.6388888888888888,0.7919753086419754,0.6153846153846154,0.0,0.42872022837400436,0.50513606518507,0.07338187750428915,0.1684631183743477,0.0,0.0,0.0,0.0,0.0,18473,global,0.0
5,4,lr1e-04_bs16_drop0p2_temp1p0_a0p25_b0p05__wd1e-04trmiss0_degmodglobal,16,0.0001,0.0001,0.2,1.0,0.25,0.05,lr1e-04_bs16_drop0p2_temp1p0_a0p25_b0p05__wd1e-04trmiss0_degmodglobal,54,0.544299766421318,0.6510331034660339,0.6388888888888888,0.7919753086419754,0.6153846153846154,0.0,0.44748175889253616,0.5159917101264,0.07684394158422947,0.1819409318268299,0.0,0.0,0.0,0.0,0.0,18473,global,0.0
5,4,lr1e-04_bs16_drop0p2_temp1p0_a0p25_b0p05__wd1e-04trmiss0_degmodglobal,16,0.0001,0.0001,0.2,1.0,0.25,0.05,lr1e-04_bs16_drop0p2_temp1p0_a0p25_b0p05__wd1e-04trmiss0_degmodglobal,55,0.5355379581451416,0.6560266613960266,0.6388888888888888,0.7919753086419754,0.5384615384615384,0.0,0.43080759048461914,0.5043564885854721,0.08925838954746723,0.1773376576602459,0.0,0.0,0.0,0.0,0.0,18473,global,0.0
5,4,lr1e-04_bs16_drop0p2_temp1p0_a0p25_b0p05__wd1e-04trmiss0_degmodglobal,16,0.0001,0.0001,0.2,1.0,0.25,0.05,lr1e-04_bs16_drop0p2_temp1p0_a0p25_b0p05__wd1e-04trmiss0_degmodglobal,56,0.5272274166345596,0.6538161635398865,0.6388888888888888,0.7919753086419754,0.5384615384615384,0.0,0.40823905169963837,0.4914223253726959,0.09663870744407177,0.23290839418768883,0.0,0.0,0.0,0.0,0.0,18473,global,0.0
5,4,lr1e-04_bs16_drop0p2_temp1p0_a0p25_b0p05__wd1e-04trmiss0_degmodglobal,16,0.0001,0.0001,0.2,1.0,0.25,0.05,lr1e-04_bs16_drop0p2_temp1p0_a0p25_b0p05__wd1e-04trmiss0_degmodglobal,57,0.5456806272268295,0.6556152701377869,0.6388888888888888,0.7919753086419754,0.6153846153846154,0.0,0.43221233785152435,0.5177742019295692,0.07556368596851826,0.1803102046251297,0.0,0.0,0.0,0.0,0.0,18473,global,0.0
5,4,lr1e-04_bs16_drop0p2_temp1p0_a0p25_b0p05__wd1e-04trmiss0_degmodglobal,16,0.0001,0.0001,0.2,1.0,0.25,0.05,lr1e-04_bs16_drop0p2_temp1p0_a0p25_b0p05__wd1e-04trmiss0_degmodglobal,58,0.5301478654146194,0.6549330949783325,0.6666666666666666,0.8038800705467373,0.6923076923076923,0.0,0.44299492985010147,0.5034874007105827,0.07430859096348286,0.16166676580905914,0.0,0.0,0.0,0.0,0.0,18473,global,0.0
5,4,lr1e-04_bs16_drop0p2_temp1p0_a0p25_b0p05__wd1e-04trmiss0_degmodglobal,16,0.0001,0.0001,0.2,1.0,0.25,0.05,lr1e-04_bs16_drop0p2_temp1p0_a0p25_b0p05__wd1e-04trmiss0_degmodglobal,59,0.5205786973237991,0.6522260904312134,0.6666666666666666,0.8038800705467373,0.6923076923076923,0.0,0.4375971779227257,0.49340154975652695,0.07423348445445299,0.17237577214837074,0.0,0.0,0.0,0.0,0.0,18473,global,0.0
5,4,lr1e-04_bs16_drop0p2_temp1p0_a0p25_b0p05__wd1e-04trmiss0_degmodglobal,16,0.0001,0.0001,0.2,1.0,0.25,0.05,lr1e-04_bs16_drop0p2_temp1p0_a0p25_b0p05__wd1e-04trmiss0_degmodglobal,60,0.544378936290741,0.6528220772743225,0.6666666666666666,0.8038800705467373,0.6923076923076923,0.0,0.41383688151836395,0.5072326883673668,0.10187575407326221,0.23354588821530342,0.0,0.0,0.0,0.0,0.0,18473,global,0.0
5,4,lr1e-04_bs16_drop0p2_temp1p0_a0p25_b0p05__wd1e-04trmiss0_degmodglobal,16,0.0001,0.0001,0.2,1.0,0.25,0.05,lr1e-04_bs16_drop0p2_temp1p0_a0p25_b0p05__wd1e-04trmiss0_degmodglobal,61,0.5221758559346199,0.652448296546936,0.6666666666666666,0.8038800705467373,0.6153846153846154,0.0,0.4235004186630249,0.4919399544596672,0.08685016445815563,0.17046745773404837,0.0,0.0,0.0,0.0,0.0,18473,global,0.0
5,4,lr1e-04_bs16_drop0p2_temp1p0_a0p25_b0p05__wd1e-04trmiss0_degmodglobal,16,0.0001,0.0001,0.2,1.0,0.25,0.05,lr1e-04_bs16_drop0p2_temp1p0_a0p25_b0p05__wd1e-04trmiss0_degmodglobal,62,0.5444919019937515,0.6513375043869019,0.6666666666666666,0.8038800705467373,0.6153846153846154,0.0,0.42625775933265686,0.5141507461667061,0.08275586925446987,0.19304362870752811,0.0,0.0,0.0,0.0,0.0,18473,global,0.0
5,4,lr1e-04_bs16_drop0p2_temp1p0_a0p25_b0p05__wd1e-04trmiss0_degmodglobal,16,0.0001,0.0001,0.2,1.0,0.25,0.05,lr1e-04_bs16_drop0p2_temp1p0_a0p25_b0p05__wd1e-04trmiss0_degmodglobal,63,0.5414610058069229,0.6507341861724854,0.6666666666666666,0.8038800705467373,0.6923076923076923,0.0,0.42299170792102814,0.5104523524641991,0.0859052948653698,0.1906465869396925,0.0,0.0,0.0,0.0,0.0,18473,global,0.0
5,4,lr1e-04_bs16_drop0p2_temp1p0_a0p25_b0p05__wd1e-04trmiss0_degmodglobal,16,0.0001,0.0001,0.2,1.0,0.25,0.05,lr1e-04_bs16_drop0p2_temp1p0_a0p25_b0p05__wd1e-04trmiss0_degmodglobal,64,0.5594035536050797,0.6512437462806702,0.6666666666666666,0.8038800705467373,0.6923076923076923,0.0,0.39149830490350723,0.5144971683621407,0.1184269804507494,0.3059929274022579,0.0,0.0,0.0,0.0,0.0,18473,global,0.0
5,4,lr1e-04_bs16_drop0p2_temp1p0_a0p25_b0p05__wd1e-04trmiss0_degmodglobal,16,0.0001,0.0001,0.2,1.0,0.25,0.05,lr1e-04_bs16_drop0p2_temp1p0_a0p25_b0p05__wd1e-04trmiss0_degmodglobal,65,0.5410165041685104,0.6520190238952637,0.6666666666666666,0.8038800705467373,0.6923076923076923,0.0,0.42590244859457016,0.5121607631444931,0.08206279762089252,0.16680116578936577,0.0,0.0,0.0,0.0,0.0,18473,global,0.0
5,4,lr1e-04_bs16_drop0p2_temp1p0_a0p25_b0p05__wd1e-04trmiss0_degmodglobal,16,0.0001,0.0001,0.2,1.0,0.25,0.05,lr1e-04_bs16_drop0p2_temp1p0_a0p25_b0p05__wd1e-04trmiss0_degmodglobal,66,0.5229967907071114,0.6510230898857117,0.6666666666666667,0.799551066217733,0.6153846153846154,0.0,0.40343550592660904,0.487728588283062,0.10172120109200478,0.19675776362419128,0.0,0.0,0.0,0.0,0.0,18473,global,0.0
5,4,lr1e-04_bs16_drop0p2_temp1p0_a0p25_b0p05__wd1e-04trmiss0_degmodglobal,16,0.0001,0.0001,0.2,1.0,0.25,0.05,lr1e-04_bs16_drop0p2_temp1p0_a0p25_b0p05__wd1e-04trmiss0_degmodglobal,67,0.556525781750679,0.6522684097290039,0.6666666666666667,0.799551066217733,0.6153846153846154,0.0,0.4151085168123245,0.525340273976326,0.08359331265091896,0.20574381574988365,0.0,0.0,0.0,0.0,0.0,18473,global,0.0
5,4,lr1e-04_bs16_drop0p2_temp1p0_a0p25_b0p05__wd1e-04trmiss0_degmodglobal,16,0.0001,0.0001,0.2,1.0,0.25,0.05,lr1e-04_bs16_drop0p2_temp1p0_a0p25_b0p05__wd1e-04trmiss0_degmodglobal,68,0.5572088211774826,0.6515998840332031,0.6666666666666667,0.799551066217733,0.6153846153846154,0.0,0.41231999546289444,0.5186451375484467,0.10410727746784687,0.250737089663744,0.0,0.0,0.0,0.0,0.0,18473,global,0.0
5,4,lr1e-04_bs16_drop0p2_temp1p0_a0p25_b0p05__wd1e-04trmiss0_degmodglobal,16,0.0001,0.0001,0.2,1.0,0.25,0.05,lr1e-04_bs16_drop0p2_temp1p0_a0p25_b0p05__wd1e-04trmiss0_degmodglobal,69,0.5220944583415985,0.65116947889328,0.6666666666666667,0.799551066217733,0.6153846153846154,0.0,0.4369973987340927,0.4966552406549454,0.07304238621145487,0.14357249066233635,0.0,0.0,0.0,0.0,0.0,18473,global,0.0
5,4,lr1e-04_bs16_drop0p2_temp1p0_a0p25_b0p05__wd1e-04trmiss0_degmodglobal,16,0.0001,0.0001,0.2,1.0,0.25,0.05,lr1e-04_bs16_drop0p2_temp1p0_a0p25_b0p05__wd1e-04trmiss0_degmodglobal,70,0.5305940210819244,0.6529448628425598,0.6388888888888888,0.7919753086419754,0.6153846153846154,0.0,0.4138901010155678,0.5010016784071922,0.08146247081458569,0.18453460559248924,0.0,0.0,0.0,0.0,0.0,18473,global,0.0
5,4,lr1e-04_bs16_drop0p2_temp1p0_a0p25_b0p05__wd1e-04trmiss0_degmodglobal,16,0.0001,0.0001,0.2,1.0,0.25,0.05,lr1e-04_bs16_drop0p2_temp1p0_a0p25_b0p05__wd1e-04trmiss0_degmodglobal,71,0.5254164636135101,0.6519069075584412,0.6666666666666666,0.8038800705467373,0.6153846153846154,0.0,0.40496091544628143,0.4939371421933174,0.08493632823228836,0.20490499027073383,0.0,0.0,0.0,0.0,0.0,18473,global,0.0
5,4,lr1e-04_bs16_drop0p2_temp2p0_a0p25_b0p05__wd1e-04trmiss0_degmodglobal,16,0.0001,0.0001,0.2,2.0,0.25,0.05,lr1e-04_bs16_drop0p2_temp2p0_a0p25_b0p05__wd1e-04trmiss0_degmodglobal,1,0.6755725294351578,0.6833166480064392,0.47222222222222215,0.6852443852443852,0.5384615384615384,0.0,0.7057116031646729,0.6556099653244019,0.05026196874678135,0.14794126152992249,0.0,0.0,0.0,0.0,0.0,18473,global,0.0
5,4,lr1e-04_bs16_drop0p2_temp2p0_a0p25_b0p05__wd1e-04trmiss0_degmodglobal,16,0.0001,0.0001,0.2,2.0,0.25,0.05,lr1e-04_bs16_drop0p2_temp2p0_a0p25_b0p05__wd1e-04trmiss0_degmodglobal,2,0.6330448538064957,0.6854132413864136,0.4444444444444444,0.6759851259851261,0.5384615384615384,0.0,0.6921051442623138,0.6173193603754044,0.03884181985631585,0.12030109018087387,0.0,0.0,0.0,0.0,0.0,18473,global,0.0
5,4,lr1e-04_bs16_drop0p2_temp2p0_a0p25_b0p05__wd1e-04trmiss0_degmodglobal,16,0.0001,0.0001,0.2,2.0,0.25,0.05,lr1e-04_bs16_drop0p2_temp2p0_a0p25_b0p05__wd1e-04trmiss0_degmodglobal,3,0.6097889095544815,0.6767472624778748,0.5,0.6972101972101973,0.6153846153846154,0.0,0.6754646301269531,0.5899405777454376,0.04843176528811455,0.15480762347579002,0.0,0.0,0.0,0.0,0.0,18473,global,0.0
5,4,lr1e-04_bs16_drop0p2_temp2p0_a0p25_b0p05__wd1e-04trmiss0_degmodglobal,16,0.0001,0.0001,0.2,2.0,0.25,0.05,lr1e-04_bs16_drop0p2_temp2p0_a0p25_b0p05__wd1e-04trmiss0_degmodglobal,4,0.5652174428105354,0.6691296696662903,0.5277777777777778,0.7104377104377105,0.6153846153846154,0.0,0.6538889557123184,0.5435837134718895,0.05314039811491966,0.16697252728044987,0.0,0.0,0.0,0.0,0.0,18473,global,0.0
5,4,lr1e-04_bs16_drop0p2_temp2p0_a0p25_b0p05__wd1e-04trmiss0_degmodglobal,16,0.0001,0.0001,0.2,2.0,0.25,0.05,lr1e-04_bs16_drop0p2_temp2p0_a0p25_b0p05__wd1e-04trmiss0_degmodglobal,5,0.5807353407144547,0.6693052649497986,0.5555555555555556,0.7196969696969697,0.6153846153846154,0.0,0.622380256652832,0.5609704107046127,0.05290205962955952,0.13078870065510273,0.0,0.0,0.0,0.0,0.0,18473,global,0.0
5,4,lr1e-04_bs16_drop0p2_temp2p0_a0p25_b0p05__wd1e-04trmiss0_degmodglobal,16,0.0001,0.0001,0.2,2.0,0.25,0.05,lr1e-04_bs16_drop0p2_temp2p0_a0p25_b0p05__wd1e-04trmiss0_degmodglobal,6,0.5654463171958923,0.6620314717292786,0.6111111111111112,0.7402437069103737,0.6923076923076923,0.0,0.5918605625629425,0.5455608367919922,0.053674491122365,0.1293369848281145,0.0,0.0,0.0,0.0,0.0,18473,global,0.0
5,4,lr1e-04_bs16_drop0p2_temp2p0_a0p25_b0p05__wd1e-04trmiss0_degmodglobal,16,0.0001,0.0001,0.2,2.0,0.25,0.05,lr1e-04_bs16_drop0p2_temp2p0_a0p25_b0p05__wd1e-04trmiss0_degmodglobal,7,0.5606528967618942,0.6602638363838196,0.5833333333333334,0.7283389450056118,0.6153846153846154,0.0,0.5951646268367767,0.5387465506792068,0.06061791628599167,0.13503697514533997,0.0,0.0,0.0,0.0,0.0,18473,global,0.0
5,4,lr1e-04_bs16_drop0p2_temp2p0_a0p25_b0p05__wd1e-04trmiss0_degmodglobal,16,0.0001,0.0001,0.2,2.0,0.25,0.05,lr1e-04_bs16_drop0p2_temp2p0_a0p25_b0p05__wd1e-04trmiss0_degmodglobal,8,0.5456612259149551,0.6613888740539551,0.5833333333333334,0.7283389450056118,0.6153846153846154,0.0,0.5864021927118301,0.5245629996061325,0.056843346916139126,0.13774748612195253,0.0,0.0,0.0,0.0,0.0,18473,global,0.0
5,4,lr1e-04_bs16_drop0p2_temp2p0_a0p25_b0p05__wd1e-04trmiss0_degmodglobal,16,0.0001,0.0001,0.2,2.0,0.25,0.05,lr1e-04_bs16_drop0p2_temp2p0_a0p25_b0p05__wd1e-04trmiss0_degmodglobal,9,0.5448348522186279,0.6666855812072754,0.5555555555555556,0.7196969696969697,0.6153846153846154,0.0,0.5854123830795288,0.5207517147064209,0.06467229779809713,0.1583007574081421,0.0,0.0,0.0,0.0,0.0,18473,global,0.0
5,4,lr1e-04_bs16_drop0p2_temp2p0_a0p25_b0p05__wd1e-04trmiss0_degmodglobal,16,0.0001,0.0001,0.2,2.0,0.25,0.05,lr1e-04_bs16_drop0p2_temp2p0_a0p25_b0p05__wd1e-04trmiss0_degmodglobal,10,0.5324569344520569,0.6621454954147339,0.5555555555555556,0.7196969696969697,0.6153846153846154,0.0,0.5678485333919525,0.5094490200281143,0.060898483730852604,0.15566591173410416,0.0,0.0,0.0,0.0,0.0,18473,global,0.0
5,4,lr1e-04_bs16_drop0p2_temp2p0_a0p25_b0p05__wd1e-04trmiss0_degmodglobal,16,0.0001,0.0001,0.2,2.0,0.25,0.05,lr1e-04_bs16_drop0p2_temp2p0_a0p25_b0p05__wd1e-04trmiss0_degmodglobal,11,0.5248526930809021,0.6630129218101501,0.5277777777777778,0.7104377104377105,0.6153846153846154,0.0,0.5665129274129868,0.5023452118039131,0.0641736127436161,0.12928129453212023,0.0,0.0,0.0,0.0,0.0,18473,global,0.0
5,4,lr1e-04_bs16_drop0p2_temp2p0_a0p25_b0p05__wd1e-04trmiss0_degmodglobal,16,0.0001,0.0001,0.2,2.0,0.25,0.05,lr1e-04_bs16_drop0p2_temp2p0_a0p25_b0p05__wd1e-04trmiss0_degmodglobal,12,0.5569042861461639,0.6838361024856567,0.4722222222222222,0.6872895622895623,0.5384615384615384,0.0,0.5885960757732391,0.534321516752243,0.06426394544541836,0.130335234105587,0.0,0.0,0.0,0.0,0.0,18473,global,0.0
5,4,lr1e-04_bs16_drop0p2_temp2p0_a0p25_b0p05__wd1e-04trmiss0_degmodglobal,16,0.0001,0.0001,0.2,2.0,0.25,0.05,lr1e-04_bs16_drop0p2_temp2p0_a0p25_b0p05__wd1e-04trmiss0_degmodglobal,13,0.5242156833410263,0.694951593875885,0.4722222222222222,0.6872895622895623,0.5384615384615384,0.0,0.5690660029649734,0.5004071295261383,0.06840302236378193,0.13415543362498283,0.0,0.0,0.0,0.0,0.0,18473,global,0.0
5,4,lr1e-04_bs16_drop0p2_temp2p0_a0p25_b0p05__wd1e-04trmiss0_degmodglobal,16,0.0001,0.0001,0.2,2.0,0.25,0.05,lr1e-04_bs16_drop0p2_temp2p0_a0p25_b0p05__wd1e-04trmiss0_degmodglobal,14,0.5259675681591034,0.7008822560310364,0.4722222222222222,0.6872895622895623,0.5384615384615384,0.0,0.57833531498909,0.49999167025089264,0.07117307372391224,0.16365272738039494,0.0,0.0,0.0,0.0,0.0,18473,global,0.0
5,4,lr1e-04_bs16_drop0p2_temp2p0_a0p25_b0p05__wd1e-04trmiss0_degmodglobal,16,0.0001,0.0001,0.2,2.0,0.25,0.05,lr1e-04_bs16_drop0p2_temp2p0_a0p25_b0p05__wd1e-04trmiss0_degmodglobal,15,0.5216479822993279,0.6975852251052856,0.4722222222222222,0.6872895622895623,0.5384615384615384,0.0,0.5736173093318939,0.49122514575719833,0.08557645231485367,0.18057449162006378,0.0,0.0,0.0,0.0,0.0,18473,global,0.0
5,4,lr1e-04_bs16_drop0p2_temp2p0_a0p25_b0p05__wd1e-04trmiss0_degmodglobal,16,0.0001,0.0001,0.2,2.0,0.25,0.05,lr1e-04_bs16_drop0p2_temp2p0_a0p25_b0p05__wd1e-04trmiss0_degmodglobal,16,0.5154450610280037,0.7000722289085388,0.4722222222222222,0.6872895622895623,0.5384615384615384,0.0,0.579380214214325,0.47719184309244156,0.0979520482942462,0.27530406787991524,0.0,0.0,0.0,0.0,0.0,18473,global,0.0
5,4,lr1e-04_bs16_drop0p2_temp2p0_a0p25_b0p05__wd1e-04trmiss0_degmodglobal,16,0.0001,0.0001,0.2,2.0,0.25,0.05,lr1e-04_bs16_drop0p2_temp2p0_a0p25_b0p05__wd1e-04trmiss0_degmodglobal,17,0.5028997734189034,0.7041230201721191,0.4722222222222222,0.6872895622895623,0.5384615384615384,0.0,0.5563916265964508,0.47981246560811996,0.06205094698816538,0.15149138495326042,0.0,0.0,0.0,0.0,0.0,18473,global,0.0
5,4,lr1e-04_bs16_drop0p2_temp2p0_a0p25_b0p05__wd1e-04trmiss0_degmodglobal,16,0.0001,0.0001,0.2,2.0,0.25,0.05,lr1e-04_bs16_drop0p2_temp2p0_a0p25_b0p05__wd1e-04trmiss0_degmodglobal,18,0.49229293316602707,0.6986414194107056,0.4722222222222222,0.6872895622895623,0.5384615384615384,0.0,0.5314588844776154,0.4642401784658432,0.07886951230466366,0.1667076162993908,0.0,0.0,0.0,0.0,0.0,18473,global,0.0
5,4,lr1e-04_bs16_drop0p2_temp2p0_a0p25_b0p05__wd1e-04trmiss0_degmodglobal,16,0.0001,0.0001,0.2,2.0,0.25,0.05,lr1e-04_bs16_drop0p2_temp2p0_a0p25_b0p05__wd1e-04trmiss0_degmodglobal,19,0.5165889263153076,0.6954957842826843,0.4722222222222222,0.6872895622895623,0.5384615384615384,0.0,0.5698225349187851,0.4879554361104965,0.07597601786255836,0.19278989732265472,0.0,0.0,0.0,0.0,0.0,18473,global,0.0
5,4,lr1e-04_bs16_drop0p2_temp2p0_a0p25_b0p05__wd1e-04trmiss0_degmodglobal,16,0.0001,0.0001,0.2,2.0,0.25,0.05,lr1e-04_bs16_drop0p2_temp2p0_a0p25_b0p05__wd1e-04trmiss0_degmodglobal,20,0.5104684680700302,0.6924129724502563,0.4722222222222222,0.6872895622895623,0.46153846153846156,0.0,0.5542705953121185,0.4884180948138237,0.0608996357768774,0.13650891557335854,0.0,0.0,0.0,0.0,0.0,18473,global,0.0
5,4,lr1e-04_bs16_drop0p2_temp2p0_a0p25_b0p05__wd1e-04trmiss0_degmodglobal,16,0.0001,0.0001,0.2,2.0,0.25,0.05,lr1e-04_bs16_drop0p2_temp2p0_a0p25_b0p05__wd1e-04trmiss0_degmodglobal,21,0.48922594636678696,0.6854955554008484,0.5,0.6972101972101973,0.46153846153846156,0.0,0.5470738410949707,0.46306099742650986,0.07446433790028095,0.15097701177001,0.0,0.0,0.0,0.0,0.0,18473,global,0.0
5,4,lr1e-04_bs16_drop0p2_temp2p0_a0p25_b0p05__wd1e-04trmiss0_degmodglobal,16,0.0001,0.0001,0.2,2.0,0.25,0.05,lr1e-04_bs16_drop0p2_temp2p0_a0p25_b0p05__wd1e-04trmiss0_degmodglobal,22,0.5179964229464531,0.6888655424118042,0.5,0.6972101972101973,0.46153846153846156,0.0,0.5346052274107933,0.49816613644361496,0.05465973634272814,0.12330717220902443,0.0,0.0,0.0,0.0,0.0,18473,global,0.0
5,4,lr1e-04_bs16_drop0p2_temp2p0_a0p25_b0p05__wd1e-04trmiss0_degmodglobal,16,0.0001,0.0001,0.2,2.0,0.25,0.05,lr1e-04_bs16_drop0p2_temp2p0_a0p25_b0p05__wd1e-04trmiss0_degmodglobal,23,0.5031723454594612,0.6865777373313904,0.5,0.6972101972101973,0.46153846153846156,0.0,0.5267554521560669,0.4765525236725807,0.08159451931715012,0.12442389316856861,0.0,0.0,0.0,0.0,0.0,18473,global,0.0
5,4,lr1e-04_bs16_drop0p2_temp2p0_a0p25_b0p05__wd1e-04trmiss0_degmodglobal,16,0.0001,0.0001,0.2,2.0,0.25,0.05,lr1e-04_bs16_drop0p2_temp2p0_a0p25_b0p05__wd1e-04trmiss0_degmodglobal,24,0.48786208033561707,0.6848886609077454,0.5,0.6972101972101973,0.46153846153846156,0.0,0.513446606695652,0.46125340461730957,0.0757144633680582,0.153600811958313,0.0,0.0,0.0,0.0,0.0,18473,global,0.0
5,4,lr1e-04_bs16_drop0p2_temp2p0_a0p25_b0p05__wd1e-04trmiss0_degmodglobal,16,0.0001,0.0001,0.2,2.0,0.25,0.05,lr1e-04_bs16_drop0p2_temp2p0_a0p25_b0p05__wd1e-04trmiss0_degmodglobal,25,0.49253516644239426,0.687659502029419,0.5,0.6972101972101973,0.46153846153846156,0.0,0.5265180394053459,0.46752212196588516,0.06817288603633642,0.1593963447958231,0.0,0.0,0.0,0.0,0.0,18473,global,0.0
5,4,lr1e-04_bs16_drop0p2_temp2p0_a0p25_b0p05__wd1e-04trmiss0_degmodglobal,16,0.0001,0.0001,0.2,2.0,0.25,0.05,lr1e-04_bs16_drop0p2_temp2p0_a0p25_b0p05__wd1e-04trmiss0_degmodglobal,26,0.49487263709306717,0.6885809302330017,0.5277777777777778,0.7104377104377105,0.46153846153846156,0.0,0.5533078759908676,0.4634590893983841,0.08542855829000473,0.20112786069512367,0.0,0.0,0.0,0.0,0.0,18473,global,0.0
5,4,lr1e-04_bs16_drop0p4_temp1p0_a0p25_b0p05__wd1e-04trmiss0_degmodglobal,16,0.0001,0.0001,0.4,1.0,0.25,0.05,lr1e-04_bs16_drop0p4_temp1p0_a0p25_b0p05__wd1e-04trmiss0_degmodglobal,1,0.6950046569108963,0.6675918698310852,0.4722222222222222,0.7484006734006734,0.7692307692307693,0.0,0.717916801571846,0.6642575711011887,0.07497067656368017,0.24008845165371895,0.0,0.0,0.0,0.0,0.0,18473,global,0.0
5,4,lr1e-04_bs16_drop0p4_temp1p0_a0p25_b0p05__wd1e-04trmiss0_degmodglobal,16,0.0001,0.0001,0.4,1.0,0.25,0.05,lr1e-04_bs16_drop0p4_temp1p0_a0p25_b0p05__wd1e-04trmiss0_degmodglobal,2,0.6390104591846466,0.6671580076217651,0.4444444444444444,0.7378186628186629,0.6923076923076923,0.0,0.703874796628952,0.6160335838794708,0.0544043593108654,0.18751615285873413,0.0,0.0,0.0,0.0,0.0,18473,global,0.0
5,4,lr1e-04_bs16_drop0p4_temp1p0_a0p25_b0p05__wd1e-04trmiss0_degmodglobal,16,0.0001,0.0001,0.4,1.0,0.25,0.05,lr1e-04_bs16_drop0p4_temp1p0_a0p25_b0p05__wd1e-04trmiss0_degmodglobal,3,0.6620407402515411,0.6664251685142517,0.4722222222222222,0.7212842712842713,0.6153846153846154,0.0,0.6767561733722687,0.6373192965984344,0.0661036279052496,0.16391078382730484,0.0,0.0,0.0,0.0,0.0,18473,global,0.0
5,4,lr1e-04_bs16_drop0p4_temp1p0_a0p25_b0p05__wd1e-04trmiss0_degmodglobal,16,0.0001,0.0001,0.4,1.0,0.25,0.05,lr1e-04_bs16_drop0p4_temp1p0_a0p25_b0p05__wd1e-04trmiss0_degmodglobal,4,0.6316522508859634,0.6604680418968201,0.5,0.720666987333654,0.6153846153846154,0.0,0.6285401582717896,0.6092832237482071,0.05833148490637541,0.155723225325346,0.0,0.0,0.0,0.0,0.0,18473,global,0.0
5,4,lr1e-04_bs16_drop0p4_temp1p0_a0p25_b0p05__wd1e-04trmiss0_degmodglobal,16,0.0001,0.0001,0.4,1.0,0.25,0.05,lr1e-04_bs16_drop0p4_temp1p0_a0p25_b0p05__wd1e-04trmiss0_degmodglobal,5,0.6025314033031464,0.6561324000358582,0.5277777777777778,0.7391855058521726,0.6153846153846154,0.0,0.6236409246921539,0.5790801644325256,0.061139474622905254,0.16332751512527466,0.0,0.0,0.0,0.0,0.0,18473,global,0.0
5,4,lr1e-04_bs16_drop0p4_temp1p0_a0p25_b0p05__wd1e-04trmiss0_degmodglobal,16,0.0001,0.0001,0.4,1.0,0.25,0.05,lr1e-04_bs16_drop0p4_temp1p0_a0p25_b0p05__wd1e-04trmiss0_degmodglobal,6,0.6183468103408813,0.6519384384155273,0.5277777777777778,0.7391855058521726,0.6153846153846154,0.0,0.5979513972997665,0.5949805974960327,0.05938831064850092,0.17038290575146675,0.0,0.0,0.0,0.0,0.0,18473,global,0.0
5,4,lr1e-04_bs16_drop0p4_temp1p0_a0p25_b0p05__wd1e-04trmiss0_degmodglobal,16,0.0001,0.0001,0.4,1.0,0.25,0.05,lr1e-04_bs16_drop0p4_temp1p0_a0p25_b0p05__wd1e-04trmiss0_degmodglobal,7,0.5777775198221207,0.6460191607475281,0.5555555555555556,0.7762225428892096,0.6153846153846154,0.0,0.6129847019910812,0.5494403317570686,0.0707893343642354,0.21279717609286308,0.0,0.0,0.0,0.0,0.0,18473,global,0.0
5,4,lr1e-04_bs16_drop0p4_temp1p0_a0p25_b0p05__wd1e-04trmiss0_degmodglobal,16,0.0001,0.0001,0.4,1.0,0.25,0.05,lr1e-04_bs16_drop0p4_temp1p0_a0p25_b0p05__wd1e-04trmiss0_degmodglobal,8,0.5792669355869293,0.6420914530754089,0.5833333333333334,0.7928892095558764,0.6153846153846154,0.0,0.6183700412511826,0.5542635023593903,0.06277386378496885,0.1861991062760353,0.0,0.0,0.0,0.0,0.0,18473,global,0.0
5,4,lr1e-04_bs16_drop0p4_temp1p0_a0p25_b0p05__wd1e-04trmiss0_degmodglobal,16,0.0001,0.0001,0.4,1.0,0.25,0.05,lr1e-04_bs16_drop0p4_temp1p0_a0p25_b0p05__wd1e-04trmiss0_degmodglobal,9,0.6121598184108734,0.6396839022636414,0.6944444444444444,0.8436387686387687,0.6923076923076923,0.0,0.59694504737854,0.5921423584222794,0.05055368226021528,0.14758076891303062,0.0,0.0,0.0,0.0,0.0,18473,global,0.0
5,4,lr1e-04_bs16_drop0p4_temp1p0_a0p25_b0p05__wd1e-04trmiss0_degmodglobal,16,0.0001,0.0001,0.4,1.0,0.25,0.05,lr1e-04_bs16_drop0p4_temp1p0_a0p25_b0p05__wd1e-04trmiss0_degmodglobal,10,0.5818104296922684,0.6378113627433777,0.6944444444444444,0.8436387686387687,0.7692307692307693,0.0,0.592617079615593,0.5604539662599564,0.0572633845731616,0.14081231132149696,0.0,0.0,0.0,0.0,0.0,18473,global,0.0
5,4,lr1e-04_bs16_drop0p4_temp1p0_a0p25_b0p05__wd1e-04trmiss0_degmodglobal,16,0.0001,0.0001,0.4,1.0,0.25,0.05,lr1e-04_bs16_drop0p4_temp1p0_a0p25_b0p05__wd1e-04trmiss0_degmodglobal,11,0.5817220509052277,0.6346116662025452,0.6666666666666666,0.851972101972102,0.7692307692307693,0.0,0.5917861759662628,0.5597542077302933,0.06026651989668608,0.13802465051412582,0.0,0.0,0.0,0.0,0.0,18473,global,0.0
5,4,lr1e-04_bs16_drop0p4_temp1p0_a0p25_b0p05__wd1e-04trmiss0_degmodglobal,16,0.0001,0.0001,0.4,1.0,0.25,0.05,lr1e-04_bs16_drop0p4_temp1p0_a0p25_b0p05__wd1e-04trmiss0_degmodglobal,12,0.5718217194080353,0.6325721740722656,0.5277777777777778,0.7675805675805676,0.7692307692307693,0.0,0.5711144953966141,0.5503758192062378,0.05770776979625225,0.14037878438830376,0.0,0.0,0.0,0.0,0.0,18473,global,0.0
5,4,lr1e-04_bs16_drop0p4_temp1p0_a0p25_b0p05__wd1e-04trmiss0_degmodglobal,16,0.0001,0.0001,0.4,1.0,0.25,0.05,lr1e-04_bs16_drop0p4_temp1p0_a0p25_b0p05__wd1e-04trmiss0_degmodglobal,13,0.5672397762537003,0.6370687484741211,0.5277777777777778,0.7675805675805676,0.7692307692307693,0.0,0.5539026260375977,0.5434603691101074,0.05711613642051816,0.19000744447112083,0.0,0.0,0.0,0.0,0.0,18473,global,0.0
5,4,lr1e-04_bs16_drop0p4_temp1p0_a0p25_b0p05__wd1e-04trmiss0_degmodglobal,16,0.0001,0.0001,0.4,1.0,0.25,0.05,lr1e-04_bs16_drop0p4_temp1p0_a0p25_b0p05__wd1e-04trmiss0_degmodglobal,14,0.5460933744907379,0.6405326128005981,0.5277777777777778,0.7675805675805676,0.6923076923076923,0.0,0.5759769976139069,0.5182860866189003,0.06983273290097713,0.20698226615786552,0.0,0.0,0.0,0.0,0.0,18473,global,0.0
5,4,lr1e-04_bs16_drop0p4_temp1p0_a0p25_b0p05__wd1e-04trmiss0_degmodglobal,16,0.0001,0.0001,0.4,1.0,0.25,0.05,lr1e-04_bs16_drop0p4_temp1p0_a0p25_b0p05__wd1e-04trmiss0_degmodglobal,15,0.553037017583847,0.6404700875282288,0.5277777777777778,0.7675805675805676,0.7692307692307693,0.0,0.5767260640859604,0.5283323526382446,0.06528609804809093,0.16766294976696372,0.0,0.0,0.0,0.0,0.0,18473,global,0.0
5,4,lr1e-04_bs16_drop0p4_temp1p0_a0p25_b0p05__wd1e-04trmiss0_degmodglobal,16,0.0001,0.0001,0.4,1.0,0.25,0.05,lr1e-04_bs16_drop0p4_temp1p0_a0p25_b0p05__wd1e-04trmiss0_degmodglobal,16,0.5557823926210403,0.6406813859939575,0.5277777777777778,0.7675805675805676,0.7692307692307693,0.0,0.5587136894464493,0.524983212351799,0.07991691492497921,0.2163988444954157,0.0,0.0,0.0,0.0,0.0,18473,global,0.0
5,4,lr1e-04_bs16_drop0p4_temp1p0_a0p25_b0p05__wd1e-04trmiss0_degmodglobal,16,0.0001,0.0001,0.4,1.0,0.25,0.05,lr1e-04_bs16_drop0p4_temp1p0_a0p25_b0p05__wd1e-04trmiss0_degmodglobal,17,0.5572851896286011,0.6493455171585083,0.5555555555555556,0.7842472342472344,0.5384615384615384,0.0,0.5611965358257294,0.530738964676857,0.06683976948261261,0.1967257559299469,0.0,0.0,0.0,0.0,0.0,18473,global,0.0
5,4,lr1e-04_bs16_drop0p4_temp1p0_a0p25_b0p05__wd1e-04trmiss0_degmodglobal,16,0.0001,0.0001,0.4,1.0,0.25,0.05,lr1e-04_bs16_drop0p4_temp1p0_a0p25_b0p05__wd1e-04trmiss0_degmodglobal,18,0.565641313791275,0.6505091786384583,0.6111111111111112,0.8122895622895623,0.5384615384615384,0.0,0.5497243255376816,0.5355229079723358,0.07833404093980789,0.21069737896323204,0.0,0.0,0.0,0.0,0.0,18473,global,0.0
5,4,lr1e-04_bs16_drop0p4_temp1p0_a0p25_b0p05__wd1e-04trmiss0_degmodglobal,16,0.0001,0.0001,0.4,1.0,0.25,0.05,lr1e-04_bs16_drop0p4_temp1p0_a0p25_b0p05__wd1e-04trmiss0_degmodglobal,19,0.5498706698417664,0.6385026574134827,0.6666666666666666,0.8328362995029663,0.7692307692307693,0.0,0.5484388098120689,0.5197910070419312,0.0827423669397831,0.18788164295256138,0.0,0.0,0.0,0.0,0.0,18473,global,0.0
5,4,lr1e-04_bs16_drop0p4_temp1p0_a0p25_b0p05__wd1e-04trmiss0_degmodglobal,16,0.0001,0.0001,0.4,1.0,0.25,0.05,lr1e-04_bs16_drop0p4_temp1p0_a0p25_b0p05__wd1e-04trmiss0_degmodglobal,20,0.5365367829799652,0.6325340270996094,0.7777777777777778,0.8870731120731121,0.7692307692307693,0.0,0.525248795747757,0.5102732181549072,0.07314516603946686,0.15954535640776157,0.0,0.0,0.0,0.0,0.0,18473,global,0.0
5,4,lr1e-04_bs16_drop0p4_temp1p0_a0p25_b0p05__wd1e-04trmiss0_degmodglobal,16,0.0001,0.0001,0.4,1.0,0.25,0.05,lr1e-04_bs16_drop0p4_temp1p0_a0p25_b0p05__wd1e-04trmiss0_degmodglobal,21,0.5706020891666412,0.6324436664581299,0.8333333333333334,0.9060405643738978,0.7692307692307693,0.0,0.5315137058496475,0.5458141565322876,0.07170929200947285,0.13721251115202904,0.0,0.0,0.0,0.0,0.0,18473,global,0.0
5,4,lr1e-04_bs16_drop0p4_temp1p0_a0p25_b0p05__wd1e-04trmiss0_degmodglobal,16,0.0001,0.0001,0.4,1.0,0.25,0.05,lr1e-04_bs16_drop0p4_temp1p0_a0p25_b0p05__wd1e-04trmiss0_degmodglobal,22,0.5742316991090775,0.6268822550773621,0.8333333333333334,0.9060405643738978,0.7692307692307693,0.0,0.5357349291443825,0.5502684414386749,0.0647152429446578,0.15568864904344082,0.0,0.0,0.0,0.0,0.0,18473,global,0.0
5,4,lr1e-04_bs16_drop0p4_temp1p0_a0p25_b0p05__wd1e-04trmiss0_degmodglobal,16,0.0001,0.0001,0.4,1.0,0.25,0.05,lr1e-04_bs16_drop0p4_temp1p0_a0p25_b0p05__wd1e-04trmiss0_degmodglobal,23,0.560096874833107,0.6253877878189087,0.7777777777777778,0.8870731120731121,0.7692307692307693,0.0,0.514971487224102,0.5287402123212814,0.08451012521982193,0.2045823261141777,0.0,0.0,0.0,0.0,0.0,18473,global,0.0
5,4,lr1e-04_bs16_drop0p4_temp1p0_a0p25_b0p05__wd1e-04trmiss0_degmodglobal,16,0.0001,0.0001,0.4,1.0,0.25,0.05,lr1e-04_bs16_drop0p4_temp1p0_a0p25_b0p05__wd1e-04trmiss0_degmodglobal,24,0.5433804914355278,0.6294434666633606,0.7222222222222222,0.8643658810325479,0.7692307692307693,0.0,0.554659903049469,0.5151879265904427,0.07390123885124922,0.19434507936239243,0.0,0.0,0.0,0.0,0.0,18473,global,0.0
5,4,lr1e-04_bs16_drop0p4_temp1p0_a0p25_b0p05__wd1e-04trmiss0_degmodglobal,16,0.0001,0.0001,0.4,1.0,0.25,0.05,lr1e-04_bs16_drop0p4_temp1p0_a0p25_b0p05__wd1e-04trmiss0_degmodglobal,25,0.510564848780632,0.632063090801239,0.7222222222222222,0.8643658810325479,0.7692307692307693,0.0,0.511549174785614,0.47889692336320877,0.08695143833756447,0.19860109686851501,0.0,0.0,0.0,0.0,0.0,18473,global,0.0
5,4,lr1e-04_bs16_drop0p4_temp1p0_a0p25_b0p05__wd1e-04trmiss0_degmodglobal,16,0.0001,0.0001,0.4,1.0,0.25,0.05,lr1e-04_bs16_drop0p4_temp1p0_a0p25_b0p05__wd1e-04trmiss0_degmodglobal,26,0.5157631188631058,0.632376492023468,0.6944444444444444,0.8567901234567903,0.7692307692307693,0.0,0.5020471066236496,0.4874252378940582,0.06797469966113567,0.22688427940011024,0.0,0.0,0.0,0.0,0.0,18473,global,0.0
5,4,lr1e-04_bs16_drop0p4_temp1p0_a0p25_b0p05__wd1e-04trmiss0_degmodglobal,16,0.0001,0.0001,0.4,1.0,0.25,0.05,lr1e-04_bs16_drop0p4_temp1p0_a0p25_b0p05__wd1e-04trmiss0_degmodglobal,27,0.53277188539505,0.6286057829856873,0.6944444444444444,0.8567901234567903,0.6923076923076923,0.0,0.4881954565644264,0.5001179128885269,0.09383582882583141,0.18389987107366323,0.0,0.0,0.0,0.0,0.0,18473,global,0.0
5,4,lr1e-04_bs16_drop0p4_temp1p0_a0p25_b0p05__wd1e-04trmiss0_degmodglobal,16,0.0001,0.0001,0.4,1.0,0.25,0.05,lr1e-04_bs16_drop0p4_temp1p0_a0p25_b0p05__wd1e-04trmiss0_degmodglobal,28,0.5000279322266579,0.6251921057701111,0.6666666666666666,0.843562610229277,0.6923076923076923,0.0,0.5232731252908707,0.46928870677948,0.08001676108688116,0.2147008553147316,0.0,0.0,0.0,0.0,0.0,18473,global,0.0
5,4,lr1e-04_bs16_drop0p4_temp1p0_a0p25_b0p05__wd1e-04trmiss0_degmodglobal,16,0.0001,0.0001,0.4,1.0,0.25,0.05,lr1e-04_bs16_drop0p4_temp1p0_a0p25_b0p05__wd1e-04trmiss0_degmodglobal,29,0.53179781883955,0.6295645833015442,0.6388888888888888,0.8287477954144622,0.7692307692307693,0.0,0.5042662769556046,0.502254918217659,0.07855958212167025,0.19806021451950073,0.0,0.0,0.0,0.0,0.0,18473,global,0.0
5,4,lr1e-04_bs16_drop0p4_temp1p0_a0p25_b0p05__wd1e-04trmiss0_degmodglobal,16,0.0001,0.0001,0.4,1.0,0.25,0.05,lr1e-04_bs16_drop0p4_temp1p0_a0p25_b0p05__wd1e-04trmiss0_degmodglobal,30,0.5226515531539917,0.6274921894073486,0.6666666666666666,0.843562610229277,0.6923076923076923,0.0,0.502239540219307,0.489849328994751,0.0935399029403925,0.18834444135427475,0.0,0.0,0.0,0.0,0.0,18473,global,0.0
5,4,lr1e-04_bs16_drop0p4_temp1p0_a0p25_b0p05__wd1e-04trmiss0_degmodglobal,16,0.0001,0.0001,0.4,1.0,0.25,0.05,lr1e-04_bs16_drop0p4_temp1p0_a0p25_b0p05__wd1e-04trmiss0_degmodglobal,31,0.5191548690199852,0.6258127093315125,0.7222222222222221,0.8686948853615521,0.6923076923076923,0.0,0.4973163306713104,0.4901054576039314,0.07349719479680061,0.21350226923823357,0.0,0.0,0.0,0.0,0.0,18473,global,0.0
5,4,lr1e-04_bs16_drop0p4_temp1p0_a0p25_b0p05__wd1e-04trmiss0_degmodglobal,16,0.0001,0.0001,0.4,1.0,0.25,0.05,lr1e-04_bs16_drop0p4_temp1p0_a0p25_b0p05__wd1e-04trmiss0_degmodglobal,32,0.5197671875357628,0.6275808215141296,0.7222222222222221,0.8686948853615521,0.6923076923076923,0.0,0.5029048323631287,0.49146414548158646,0.0698742400854826,0.21668975055217743,0.0,0.0,0.0,0.0,0.0,18473,global,0.0
5,4,lr1e-04_bs16_drop0p4_temp1p0_a0p25_b0p05__wd1e-04trmiss0_degmodglobal,16,0.0001,0.0001,0.4,1.0,0.25,0.05,lr1e-04_bs16_drop0p4_temp1p0_a0p25_b0p05__wd1e-04trmiss0_degmodglobal,33,0.5119673013687134,0.6255108714103699,0.6944444444444444,0.8657848324514992,0.7692307692307693,0.0,0.4827219545841217,0.4834158197045326,0.07036332041025162,0.21921293810009956,0.0,0.0,0.0,0.0,0.0,18473,global,0.0
5,4,lr1e-04_bs16_drop0p4_temp1p0_a0p25_b0p05__wd1e-04trmiss0_degmodglobal,16,0.0001,0.0001,0.4,1.0,0.25,0.05,lr1e-04_bs16_drop0p4_temp1p0_a0p25_b0p05__wd1e-04trmiss0_degmodglobal,34,0.5118837729096413,0.6329542398452759,0.6944444444444444,0.8511383678050346,0.7692307692307693,0.0,0.4828097075223923,0.4867964833974838,0.06684761960059404,0.16750755719840527,0.0,0.0,0.0,0.0,0.0,18473,global,0.0
5,4,lr1e-04_bs16_drop0p4_temp1p0_a0p25_b0p05__wd1e-04trmiss0_degmodglobal,16,0.0001,0.0001,0.4,1.0,0.25,0.05,lr1e-04_bs16_drop0p4_temp1p0_a0p25_b0p05__wd1e-04trmiss0_degmodglobal,35,0.5422663986682892,0.6283844709396362,0.7777777777777778,0.8870731120731121,0.8461538461538461,0.0,0.4486846327781677,0.5099588483572006,0.08715626318007708,0.21036949008703232,0.0,0.0,0.0,0.0,0.0,18473,global,0.0
5,4,lr1e-04_bs16_drop0p4_temp1p0_a0p25_b0p05__wd1e-04trmiss0_degmodglobal,16,0.0001,0.0001,0.4,1.0,0.25,0.05,lr1e-04_bs16_drop0p4_temp1p0_a0p25_b0p05__wd1e-04trmiss0_degmodglobal,36,0.5107606798410416,0.6316502690315247,0.6666666666666666,0.8363235529902198,0.8461538461538461,0.0,0.4803229048848152,0.48258864879608154,0.07681126054376364,0.17938415706157684,0.0,0.0,0.0,0.0,0.0,18473,global,0.0
5,4,lr1e-04_bs16_drop0p4_temp1p0_a0p25_b0p05__wd1e-04trmiss0_degmodglobal,16,0.0001,0.0001,0.4,1.0,0.25,0.05,lr1e-04_bs16_drop0p4_temp1p0_a0p25_b0p05__wd1e-04trmiss0_degmodglobal,37,0.5397234484553337,0.6345163583755493,0.6666666666666666,0.8363235529902198,0.8461538461538461,0.0,0.528701089322567,0.5059461817145348,0.09585121460258961,0.19628950767219067,0.0,0.0,0.0,0.0,0.0,18473,global,0.0
5,4,lr1e-04_bs16_drop0p4_temp1p0_a0p25_b0p05__wd1e-04trmiss0_degmodglobal,16,0.0001,0.0001,0.4,1.0,0.25,0.05,lr1e-04_bs16_drop0p4_temp1p0_a0p25_b0p05__wd1e-04trmiss0_degmodglobal,38,0.5241661444306374,0.6311134696006775,0.6666666666666666,0.8363235529902198,0.7692307692307693,0.0,0.49793166667222977,0.48662732541561127,0.10202121641486883,0.2406701184809208,0.0,0.0,0.0,0.0,0.0,18473,global,0.0
5,4,lr1e-04_bs16_drop0p4_temp1p0_a0p25_b0p05__wd1e-04trmiss0_degmodglobal,16,0.0001,0.0001,0.4,1.0,0.25,0.05,lr1e-04_bs16_drop0p4_temp1p0_a0p25_b0p05__wd1e-04trmiss0_degmodglobal,39,0.5301891043782234,0.6307053565979004,0.6666666666666666,0.8363235529902198,0.7692307692307693,0.0,0.4712692201137543,0.5053685829043388,0.07540076971054077,0.11940665543079376,0.0,0.0,0.0,0.0,0.0,18473,global,0.0
5,4,lr1e-04_bs16_drop0p4_temp1p0_a0p25_b0p05__wd1e-04trmiss0_degmodglobal,16,0.0001,0.0001,0.4,1.0,0.25,0.05,lr1e-04_bs16_drop0p4_temp1p0_a0p25_b0p05__wd1e-04trmiss0_degmodglobal,40,0.5187498182058334,0.6296718716621399,0.6666666666666666,0.8233605900272567,0.8461538461538461,0.0,0.48188817501068115,0.4895634576678276,0.08000808022916317,0.1836867295205593,0.0,0.0,0.0,0.0,0.0,18473,global,0.0
5,4,lr1e-04_bs16_drop0p4_temp1p0_a0p25_b0p05__wd1e-04trmiss0_degmodglobal,16,0.0001,0.0001,0.4,1.0,0.25,0.05,lr1e-04_bs16_drop0p4_temp1p0_a0p25_b0p05__wd1e-04trmiss0_degmodglobal,41,0.48664025217294693,0.6234798431396484,0.7222222222222222,0.8733605900272567,0.7692307692307693,0.0,0.4846324324607849,0.45347877591848373,0.08307849429547787,0.24783731997013092,0.0,0.0,0.0,0.0,0.0,18473,global,0.0
5,4,lr1e-04_bs16_drop0p4_temp1p0_a0p25_b0p05__wd1e-04trmiss0_degmodglobal,16,0.0001,0.0001,0.4,1.0,0.25,0.05,lr1e-04_bs16_drop0p4_temp1p0_a0p25_b0p05__wd1e-04trmiss0_degmodglobal,42,0.4873160943388939,0.6225433349609375,0.7222222222222222,0.8790123456790124,0.7692307692307693,0.0,0.4651302769780159,0.462467722594738,0.0740779023617506,0.12657830794341862,0.0,0.0,0.0,0.0,0.0,18473,global,0.0
5,4,lr1e-04_bs16_drop0p4_temp2p0_a0p25_b0p05__wd1e-04trmiss0_degmodglobal,16,0.0001,0.0001,0.4,2.0,0.25,0.05,lr1e-04_bs16_drop0p4_temp2p0_a0p25_b0p05__wd1e-04trmiss0_degmodglobal,1,0.7992122620344162,0.8111913204193115,0.3055555555555556,0.6990851740851742,0.38461538461538464,0.0,0.7301417738199234,0.7682646363973618,0.08204187080264091,0.20874308049678802,0.0,0.0,0.0,0.0,0.0,18473,global,0.0
5,4,lr1e-04_bs16_drop0p4_temp2p0_a0p25_b0p05__wd1e-04trmiss0_degmodglobal,16,0.0001,0.0001,0.4,2.0,0.25,0.05,lr1e-04_bs16_drop0p4_temp2p0_a0p25_b0p05__wd1e-04trmiss0_degmodglobal,2,0.7885022312402725,0.8529676795005798,0.25,0.6543320876654211,0.3076923076923077,0.0,0.6574586480855942,0.7554192543029785,0.08230491448193789,0.2501351535320282,0.0,0.0,0.0,0.0,0.0,18473,global,0.0
5,4,lr1e-04_bs16_drop0p4_temp2p0_a0p25_b0p05__wd1e-04trmiss0_degmodglobal,16,0.0001,0.0001,0.4,2.0,0.25,0.05,lr1e-04_bs16_drop0p4_temp2p0_a0p25_b0p05__wd1e-04trmiss0_degmodglobal,3,0.7708356976509094,0.8841618895530701,0.2777777777777778,0.650937025937026,0.3076923076923077,0.0,0.6627256721258163,0.7370961457490921,0.0830780379474163,0.2594003975391388,0.0,0.0,0.0,0.0,0.0,18473,global,0.0
5,4,lr1e-04_bs16_drop0p4_temp2p0_a0p25_b0p05__wd1e-04trmiss0_degmodglobal,16,0.0001,0.0001,0.4,2.0,0.25,0.05,lr1e-04_bs16_drop0p4_temp2p0_a0p25_b0p05__wd1e-04trmiss0_degmodglobal,4,0.7324426621198654,0.9126734137535095,0.3055555555555556,0.6694555444555446,0.3076923076923077,0.0,0.6629606932401657,0.7041669338941574,0.07925496250391006,0.169239591807127,0.0,0.0,0.0,0.0,0.0,18473,global,0.0
5,4,lr1e-04_bs16_drop0p4_temp2p0_a0p25_b0p05__wd1e-04trmiss0_degmodglobal,16,0.0001,0.0001,0.4,2.0,0.25,0.05,lr1e-04_bs16_drop0p4_temp2p0_a0p25_b0p05__wd1e-04trmiss0_degmodglobal,5,0.7411565184593201,0.9293652176856995,0.3055555555555556,0.6694555444555446,0.3076923076923077,0.0,0.6258076876401901,0.7045197933912277,0.09355147927999496,0.2649773471057415,0.0,0.0,0.0,0.0,0.0,18473,global,0.0
5,4,lr1e-04_bs16_drop0p4_temp2p0_a0p25_b0p05__wd1e-04trmiss0_degmodglobal,16,0.0001,0.0001,0.4,2.0,0.25,0.05,lr1e-04_bs16_drop0p4_temp2p0_a0p25_b0p05__wd1e-04trmiss0_degmodglobal,6,0.6757268607616425,0.9480639696121216,0.3333333333333333,0.6805666555666556,0.38461538461538464,0.0,0.6107613891363144,0.6532768756151199,0.06438878457993269,0.12705590203404427,0.0,0.0,0.0,0.0,0.0,18473,global,0.0
5,4,lr1e-04_bs16_drop0p4_temp2p0_a0p25_b0p05__wd1e-04trmiss0_degmodglobal,16,0.0001,0.0001,0.4,2.0,0.25,0.05,lr1e-04_bs16_drop0p4_temp2p0_a0p25_b0p05__wd1e-04trmiss0_degmodglobal,7,0.6798302531242371,1.001906394958496,0.36111111111111105,0.6972333222333222,0.38461538461538464,0.0,0.6161813586950302,0.6476175934076309,0.08817880414426327,0.20335892029106617,0.0,0.0,0.0,0.0,0.0,18473,global,0.0
5,4,lr1e-04_bs16_drop0p4_temp2p0_a0p25_b0p05__wd1e-04trmiss0_degmodglobal,16,0.0001,0.0001,0.4,2.0,0.25,0.05,lr1e-04_bs16_drop0p4_temp2p0_a0p25_b0p05__wd1e-04trmiss0_degmodglobal,8,0.709714487195015,1.0068455934524536,0.36111111111111105,0.6972333222333222,0.38461538461538464,0.0,0.6110180020332336,0.6778000593185425,0.08740122802555561,0.20128241553902626,0.0,0.0,0.0,0.0,0.0,18473,global,0.0
5,4,lr1e-04_bs16_drop0p4_temp2p0_a0p25_b0p05__wd1e-04trmiss0_degmodglobal,16,0.0001,0.0001,0.4,2.0,0.25,0.05,lr1e-04_bs16_drop0p4_temp2p0_a0p25_b0p05__wd1e-04trmiss0_degmodglobal,9,0.71921606361866,1.0183651447296143,0.36111111111111105,0.6972333222333222,0.38461538461538464,0.0,0.6220508813858032,0.6856950223445892,0.09150472097098827,0.2128971964120865,0.0,0.0,0.0,0.0,0.0,18473,global,0.0
5,4,lr1e-04_bs16_drop0p4_temp2p0_a0p25_b0p05__wd1e-04trmiss0_degmodglobal,16,0.0001,0.0001,0.4,2.0,0.25,0.05,lr1e-04_bs16_drop0p4_temp2p0_a0p25_b0p05__wd1e-04trmiss0_degmodglobal,10,0.6592603325843811,1.0106477737426758,0.41666666666666663,0.7448523698523699,0.46153846153846156,0.0,0.608774721622467,0.6309617906808853,0.0753121729940176,0.18941018357872963,0.0,0.0,0.0,0.0,0.0,18473,global,0.0
5,4,lr1e-04_bs16_drop0p4_temp2p0_a0p25_b0p05__wd1e-04trmiss0_degmodglobal,16,0.0001,0.0001,0.4,2.0,0.25,0.05,lr1e-04_bs16_drop0p4_temp2p0_a0p25_b0p05__wd1e-04trmiss0_degmodglobal,11,0.6632291823625565,0.9795396327972412,0.5,0.791810041810042,0.46153846153846156,0.0,0.5801012814044952,0.6286491304636002,0.0885959742590785,0.2486211359500885,0.0,0.0,0.0,0.0,0.0,18473,global,0.0
5,4,lr1e-04_bs16_drop0p4_temp2p0_a0p25_b0p05__wd1e-04trmiss0_degmodglobal,16,0.0001,0.0001,0.4,2.0,0.25,0.05,lr1e-04_bs16_drop0p4_temp2p0_a0p25_b0p05__wd1e-04trmiss0_degmodglobal,12,0.7209586501121521,0.9880224466323853,0.4722222222222222,0.7640322640322641,0.46153846153846156,0.0,0.5499071478843689,0.6822797060012817,0.10042251832783222,0.27146634832024574,0.0,0.0,0.0,0.0,0.0,18473,global,0.0
5,4,lr1e-04_bs16_drop0p4_temp2p0_a0p25_b0p05__wd1e-04trmiss0_degmodglobal,16,0.0001,0.0001,0.4,2.0,0.25,0.05,lr1e-04_bs16_drop0p4_temp2p0_a0p25_b0p05__wd1e-04trmiss0_degmodglobal,13,0.6501262187957764,0.9617317914962769,0.5,0.7711029711029711,0.46153846153846156,0.0,0.5203306525945663,0.6125164479017258,0.10523972846567631,0.22599634900689125,0.0,0.0,0.0,0.0,0.0,18473,global,0.0
5,4,lr1e-04_bs16_drop0p4_temp2p0_a0p25_b0p05__wd1e-04trmiss0_degmodglobal,16,0.0001,0.0001,0.4,2.0,0.25,0.05,lr1e-04_bs16_drop0p4_temp2p0_a0p25_b0p05__wd1e-04trmiss0_degmodglobal,14,0.68098384141922,0.9579223394393921,0.5,0.791810041810042,0.46153846153846156,0.0,0.5438188016414642,0.6334046423435211,0.12283875979483128,0.33739013597369194,0.0,0.0,0.0,0.0,0.0,18473,global,0.0
5,4,lr1e-04_bs16_drop0p4_temp2p0_a0p25_b0p05__wd1e-04trmiss0_degmodglobal,16,0.0001,0.0001,0.4,2.0,0.25,0.05,lr1e-04_bs16_drop0p4_temp2p0_a0p25_b0p05__wd1e-04trmiss0_degmodglobal,15,0.6976994574069977,0.9524149298667908,0.5,0.7766585266585269,0.46153846153846156,0.0,0.5087126940488815,0.6477688550949097,0.13650016114115715,0.3161115497350693,0.0,0.0,0.0,0.0,0.0,18473,global,0.0
5,4,lr1e-04_bs16_drop0p4_temp2p0_a0p25_b0p05__wd1e-04trmiss0_degmodglobal,16,0.0001,0.0001,0.4,2.0,0.25,0.05,lr1e-04_bs16_drop0p4_temp2p0_a0p25_b0p05__wd1e-04trmiss0_degmodglobal,16,0.647230789065361,0.9894455075263977,0.4166666666666667,0.7148860398860399,0.38461538461538464,0.0,0.5222724080085754,0.6067554205656052,0.11735013872385025,0.2227565124630928,0.0,0.0,0.0,0.0,0.0,18473,global,0.0
5,4,lr1e-04_bs16_drop0p4_temp2p0_a0p25_b0p05__wd1e-04trmiss0_degmodglobal,16,0.0001,0.0001,0.4,2.0,0.25,0.05,lr1e-04_bs16_drop0p4_temp2p0_a0p25_b0p05__wd1e-04trmiss0_degmodglobal,17,0.708479642868042,0.9480065703392029,0.41666666666666663,0.7448523698523699,0.38461538461538464,0.0,0.533534049987793,0.6641115248203278,0.11511881463229656,0.311768040060997,0.0,0.0,0.0,0.0,0.0,18473,global,0.0
5,4,lr1e-04_bs16_drop0p4_temp2p0_a0p25_b0p05__wd1e-04trmiss0_degmodglobal,16,0.0001,0.0001,0.4,2.0,0.25,0.05,lr1e-04_bs16_drop0p4_temp2p0_a0p25_b0p05__wd1e-04trmiss0_degmodglobal,18,0.6541810035705566,0.9462860226631165,0.41666666666666663,0.7448523698523699,0.38461538461538464,0.0,0.5491799116134644,0.6240347325801849,0.08155844826251268,0.1951330453157425,0.0,0.0,0.0,0.0,0.0,18473,global,0.0
5,4,lr1e-04_bs16_drop0p4_temp2p0_a0p25_b0p05__wd1e-04trmiss0_degmodglobal,16,0.0001,0.0001,0.4,2.0,0.25,0.05,lr1e-04_bs16_drop0p4_temp2p0_a0p25_b0p05__wd1e-04trmiss0_degmodglobal,19,0.6516423374414444,0.9466026425361633,0.41666666666666663,0.7448523698523699,0.38461538461538464,0.0,0.5356795191764832,0.6155468225479126,0.09692167304456234,0.23730214312672615,0.0,0.0,0.0,0.0,0.0,18473,global,0.0
5,4,lr1e-04_bs16_drop0p4_temp2p0_a0p25_b0p05__wd1e-04trmiss0_degmodglobal,16,0.0001,0.0001,0.4,2.0,0.25,0.05,lr1e-04_bs16_drop0p4_temp2p0_a0p25_b0p05__wd1e-04trmiss0_degmodglobal,20,0.6476934254169464,0.9695664048194885,0.41666666666666663,0.7413410663410664,0.38461538461538464,0.0,0.5306656658649445,0.6173491775989532,0.08255657460540533,0.19410230964422226,0.0,0.0,0.0,0.0,0.0,18473,global,0.0
5,4,lr1e-04_bs16_drop0p4_temp2p0_a0p25_b0p05__wd1e-04trmiss0_degmodglobal,16,0.0001,0.0001,0.4,2.0,0.25,0.05,lr1e-04_bs16_drop0p4_temp2p0_a0p25_b0p05__wd1e-04trmiss0_degmodglobal,21,0.6317792534828186,0.9780194759368896,0.41666666666666663,0.7413410663410664,0.38461538461538464,0.0,0.5395774692296982,0.6012074053287506,0.0850819330662489,0.18602744489908218,0.0,0.0,0.0,0.0,0.0,18473,global,0.0
5,4,lr1e-04_bs16_drop0p4_temp2p0_a0p25_b0p05__wd1e-04trmiss0_degmodglobal,16,0.0001,0.0001,0.4,2.0,0.25,0.05,lr1e-04_bs16_drop0p4_temp2p0_a0p25_b0p05__wd1e-04trmiss0_degmodglobal,22,0.7079803645610809,1.0031172037124634,0.4166666666666667,0.7148860398860399,0.38461538461538464,0.0,0.6170016378164291,0.6778783798217773,0.07935015438124537,0.20528867840766907,0.0,0.0,0.0,0.0,0.0,18473,global,0.0
5,4,lr1e-04_bs16_drop0p4_temp2p0_a0p25_b0p05__wd1e-04trmiss0_degmodglobal,16,0.0001,0.0001,0.4,2.0,0.25,0.05,lr1e-04_bs16_drop0p4_temp2p0_a0p25_b0p05__wd1e-04trmiss0_degmodglobal,23,0.6765010356903076,0.9685776233673096,0.38888888888888884,0.7043040293040292,0.38461538461538464,0.0,0.5798731744289398,0.6457365453243256,0.08443229924887419,0.19312831573188305,0.0,0.0,0.0,0.0,0.0,18473,global,0.0
5,4,lr1e-04_bs16_drop0p4_temp2p0_a0p25_b0p05__wd1e-04trmiss0_degmodglobal,16,0.0001,0.0001,0.4,2.0,0.25,0.05,lr1e-04_bs16_drop0p4_temp2p0_a0p25_b0p05__wd1e-04trmiss0_degmodglobal,24,0.6704769879579544,0.9739990830421448,0.4166666666666667,0.7148860398860399,0.38461538461538464,0.0,0.5565117299556732,0.6311542391777039,0.09964521415531635,0.28822848200798035,0.0,0.0,0.0,0.0,0.0,18473,global,0.0
5,4,lr1e-04_bs16_drop0p4_temp2p0_a0p25_b0p05__wd1e-04trmiss0_degmodglobal,16,0.0001,0.0001,0.4,2.0,0.25,0.05,lr1e-04_bs16_drop0p4_temp2p0_a0p25_b0p05__wd1e-04trmiss0_degmodglobal,25,0.6778554320335388,0.9955375790596008,0.38888888888888884,0.7043040293040292,0.38461538461538464,0.0,0.5610400438308716,0.6491030901670456,0.07858533971011639,0.18212022632360458,0.0,0.0,0.0,0.0,0.0,18473,global,0.0
5,4,lr1e-04_bs16_drop0p4_temp2p0_a0p25_b0p05__wd1e-04trmiss0_degmodglobal,16,0.0001,0.0001,0.4,2.0,0.25,0.05,lr1e-04_bs16_drop0p4_temp2p0_a0p25_b0p05__wd1e-04trmiss0_degmodglobal,26,0.6685852259397507,0.9844543933868408,0.41666666666666663,0.7413410663410664,0.38461538461538464,0.0,0.5711960941553116,0.6314671188592911,0.1096422653645277,0.1941507402807474,0.0,0.0,0.0,0.0,0.0,18473,global,0.0
5,4,lr1e-04_bs16_drop0p4_temp2p0_a0p25_b0p05__wd1e-04trmiss0_degmodglobal,16,0.0001,0.0001,0.4,2.0,0.25,0.05,lr1e-04_bs16_drop0p4_temp2p0_a0p25_b0p05__wd1e-04trmiss0_degmodglobal,27,0.660367876291275,0.9816491603851318,0.4722222222222222,0.7667378917378918,0.38461538461538464,0.0,0.5727686434984207,0.6239605098962784,0.09973956272006035,0.22944949939846992,0.0,0.0,0.0,0.0,0.0,18473,global,0.0
5,4,lr1e-04_bs16_drop0p4_temp2p0_a0p25_b0p05__wd1e-04trmiss0_degmodglobal,16,0.0001,0.0001,0.4,2.0,0.25,0.05,lr1e-04_bs16_drop0p4_temp2p0_a0p25_b0p05__wd1e-04trmiss0_degmodglobal,28,0.6786531805992126,0.9860634803771973,0.5,0.7766585266585269,0.38461538461538464,0.0,0.5557960793375969,0.6432126015424728,0.09316934365779161,0.24296480976045132,0.0,0.0,0.0,0.0,0.0,18473,global,0.0
5,4,lr1e-04_bs16_drop0p4_temp2p0_a0p25_b0p05__wd1e-04trmiss0_degmodglobal,16,0.0001,0.0001,0.4,2.0,0.25,0.05,lr1e-04_bs16_drop0p4_temp2p0_a0p25_b0p05__wd1e-04trmiss0_degmodglobal,29,0.6499019414186478,0.9722765684127808,0.5277777777777778,0.7898860398860401,0.46153846153846156,0.0,0.5058753788471222,0.6035729646682739,0.12762694992125034,0.2884447015821934,0.0,0.0,0.0,0.0,0.0,18473,global,0.0
5,4,lr1e-04_bs16_drop0p4_temp2p0_a0p25_b0p05__wd1e-04trmiss0_degmodglobal,16,0.0001,0.0001,0.4,2.0,0.25,0.05,lr1e-04_bs16_drop0p4_temp2p0_a0p25_b0p05__wd1e-04trmiss0_degmodglobal,30,0.6250447705388069,0.9654909372329712,0.5277777777777778,0.8044363044363045,0.46153846153846156,0.0,0.5063405409455299,0.5931190401315689,0.09248590096831322,0.17608521692454815,0.0,0.0,0.0,0.0,0.0,18473,global,0.0
5,4,lr1e-04_bs16_drop0p4_temp2p0_a0p25_b0p05__wd1e-04trmiss0_degmodglobal,16,0.0001,0.0001,0.4,2.0,0.25,0.05,lr1e-04_bs16_drop0p4_temp2p0_a0p25_b0p05__wd1e-04trmiss0_degmodglobal,31,0.6607686132192612,0.9769347906112671,0.5,0.7766585266585269,0.46153846153846156,0.0,0.5039559900760651,0.6197852194309235,0.11137683503329754,0.26278340443968773,0.0,0.0,0.0,0.0,0.0,18473,global,0.0
5,4,lr1e-04_bs16_drop0p4_temp2p0_a0p25_b0p05__wd1e-04trmiss0_degmodglobal,16,0.0001,0.0001,0.4,2.0,0.25,0.05,lr1e-04_bs16_drop0p4_temp2p0_a0p25_b0p05__wd1e-04trmiss0_degmodglobal,32,0.673062726855278,0.9645130634307861,0.5277777777777778,0.7898860398860401,0.38461538461538464,0.0,0.5827684849500656,0.632615402340889,0.11539136245846748,0.2319895587861538,0.0,0.0,0.0,0.0,0.0,18473,global,0.0
5,4,lr1e-04_bs16_drop0p4_temp2p0_a0p25_b0p05__wd1e-04trmiss0_degmodglobal,16,0.0001,0.0001,0.4,2.0,0.25,0.05,lr1e-04_bs16_drop0p4_temp2p0_a0p25_b0p05__wd1e-04trmiss0_degmodglobal,33,0.6903390735387802,0.9703002572059631,0.5277777777777778,0.7898860398860401,0.38461538461538464,0.0,0.5342362225055695,0.6434442698955536,0.11831849440932274,0.34630336612463,0.0,0.0,0.0,0.0,0.0,18473,global,0.0
5,4,lr1e-04_bs16_drop0p4_temp2p0_a0p25_b0p05__wd1e-04trmiss0_degmodglobal,16,0.0001,0.0001,0.4,2.0,0.25,0.05,lr1e-04_bs16_drop0p4_temp2p0_a0p25_b0p05__wd1e-04trmiss0_degmodglobal,34,0.6429223716259003,0.9996079802513123,0.5277777777777778,0.7898860398860401,0.38461538461538464,0.0,0.503465473651886,0.6073082536458969,0.09738641045987606,0.22535056248307228,0.0,0.0,0.0,0.0,0.0,18473,global,0.0
5,4,lr1e-04_bs16_drop0p4_temp2p0_a0p25_b0p05__wd1e-04trmiss0_degmodglobal,16,0.0001,0.0001,0.4,2.0,0.25,0.05,lr1e-04_bs16_drop0p4_temp2p0_a0p25_b0p05__wd1e-04trmiss0_degmodglobal,35,0.6771517395973206,1.0077178478240967,0.5277777777777778,0.7898860398860401,0.38461538461538464,0.0,0.5256582796573639,0.638621598482132,0.11022530496120453,0.21947580575942993,0.0,0.0,0.0,0.0,0.0,18473,global,0.0
5,4,lr1e-04_bs16_drop0p4_temp2p0_a0p25_b0p05__wd1e-04trmiss0_degmodglobal,16,0.0001,0.0001,0.4,2.0,0.25,0.05,lr1e-04_bs16_drop0p4_temp2p0_a0p25_b0p05__wd1e-04trmiss0_degmodglobal,36,0.6404675990343094,0.9994074106216431,0.5277777777777778,0.7898860398860401,0.38461538461538464,0.0,0.5032899230718613,0.5972404628992081,0.12019991874694824,0.2635437473654747,0.0,0.0,0.0,0.0,0.0,18473,global,0.0
5,4,lr1e-04_bs16_drop0p4_temp2p0_a0p25_b0p05__wd1e-04trmiss0_degmodglobal,16,0.0001,0.0001,0.4,2.0,0.25,0.05,lr1e-04_bs16_drop0p4_temp2p0_a0p25_b0p05__wd1e-04trmiss0_degmodglobal,37,0.6975514739751816,1.0144835710525513,0.5277777777777778,0.7898860398860401,0.38461538461538464,0.0,0.511119082570076,0.6367325782775879,0.14824369549751282,0.47515952587127686,0.0,0.0,0.0,0.0,0.0,18473,global,0.0
5,4,lr1e-04_bs16_drop0p4_temp2p0_a0p25_b0p05__wd1e-04trmiss0_degmodglobal,16,0.0001,0.0001,0.4,2.0,0.25,0.05,lr1e-04_bs16_drop0p4_temp2p0_a0p25_b0p05__wd1e-04trmiss0_degmodglobal,38,0.6603317707777023,1.0230741500854492,0.5277777777777778,0.7898860398860401,0.38461538461538464,0.0,0.5203877687454224,0.625116378068924,0.10188946966081858,0.1948603391647339,0.0,0.0,0.0,0.0,0.0,18473,global,0.0
5,4,lr1e-04_bs16_drop0p4_temp2p0_a0p25_b0p05__wd1e-04trmiss0_degmodglobal,16,0.0001,0.0001,0.4,2.0,0.25,0.05,lr1e-04_bs16_drop0p4_temp2p0_a0p25_b0p05__wd1e-04trmiss0_degmodglobal,39,0.6546049416065216,0.9953427314758301,0.5277777777777778,0.7898860398860401,0.38461538461538464,0.0,0.5241284519433975,0.6160106509923935,0.10195595398545265,0.2621059715747833,0.0,0.0,0.0,0.0,0.0,18473,global,0.0
5,4,lr1e-04_bs16_drop0p4_temp2p0_a0p25_b0p05__wd1e-04trmiss0_degmodglobal,16,0.0001,0.0001,0.4,2.0,0.25,0.05,lr1e-04_bs16_drop0p4_temp2p0_a0p25_b0p05__wd1e-04trmiss0_degmodglobal,40,0.6677284240722656,0.9992916584014893,0.5277777777777778,0.7898860398860401,0.38461538461538464,0.0,0.521575003862381,0.6300663352012634,0.09904074110090733,0.2580379992723465,0.0,0.0,0.0,0.0,0.0,18473,global,0.0
5,4,lr1e-04_bs16_drop0p4_temp2p0_a0p25_b0p05__wd1e-04trmiss0_degmodglobal,16,0.0001,0.0001,0.4,2.0,0.25,0.05,lr1e-04_bs16_drop0p4_temp2p0_a0p25_b0p05__wd1e-04trmiss0_degmodglobal,41,0.6965962946414948,0.9903205633163452,0.5277777777777778,0.7898860398860401,0.38461538461538464,0.0,0.567857027053833,0.6597135961055756,0.0944830160588026,0.2652386240661144,0.0,0.0,0.0,0.0,0.0,18473,global,0.0
5,4,lr1e-04_bs16_drop0p4_temp2p0_a0p25_b0p05__wd1e-04trmiss0_degmodglobal,16,0.0001,0.0001,0.4,2.0,0.25,0.05,lr1e-04_bs16_drop0p4_temp2p0_a0p25_b0p05__wd1e-04trmiss0_degmodglobal,42,0.6723843812942505,0.9618618488311768,0.5833333333333334,0.8243978243978245,0.5384615384615384,0.0,0.494320809841156,0.633194088935852,0.10130643099546432,0.2772737331688404,0.0,0.0,0.0,0.0,0.0,18473,global,0.0
5,4,lr1e-04_bs16_drop0p4_temp2p0_a0p25_b0p05__wd1e-04trmiss0_degmodglobal,16,0.0001,0.0001,0.4,2.0,0.25,0.05,lr1e-04_bs16_drop0p4_temp2p0_a0p25_b0p05__wd1e-04trmiss0_degmodglobal,43,0.694942831993103,0.9343291521072388,0.6111111111111112,0.8336570836570838,0.46153846153846156,0.0,0.5023336634039879,0.6447633504867554,0.1295467782765627,0.35585571825504303,0.0,0.0,0.0,0.0,0.0,18473,global,0.0
5,4,lr1e-04_bs16_drop0p4_temp2p0_a0p25_b0p05__wd1e-04trmiss0_degmodglobal,16,0.0001,0.0001,0.4,2.0,0.25,0.05,lr1e-04_bs16_drop0p4_temp2p0_a0p25_b0p05__wd1e-04trmiss0_degmodglobal,44,0.6686607301235199,0.9589483737945557,0.5833333333333334,0.8058793058793059,0.46153846153846156,0.0,0.5077326223254204,0.6296331733465195,0.09989806544035673,0.28106105886399746,0.0,0.0,0.0,0.0,0.0,18473,global,0.0
5,4,lr1e-04_bs16_drop0p4_temp2p0_a0p25_b0p05__wd1e-04trmiss0_degmodglobal,16,0.0001,0.0001,0.4,2.0,0.25,0.05,lr1e-04_bs16_drop0p4_temp2p0_a0p25_b0p05__wd1e-04trmiss0_degmodglobal,45,0.66646608710289,0.9637003540992737,0.5555555555555556,0.7966200466200468,0.38461538461538464,0.0,0.5059795081615448,0.6258652210235596,0.11185482703149319,0.252743411809206,0.0,0.0,0.0,0.0,0.0,18473,global,0.0
5,4,lr1e-04_bs16_drop0p4_temp2p0_a0p25_b0p05__wd1e-04trmiss0_degmodglobal,16,0.0001,0.0001,0.4,2.0,0.25,0.05,lr1e-04_bs16_drop0p4_temp2p0_a0p25_b0p05__wd1e-04trmiss0_degmodglobal,46,0.6773859858512878,0.9477290511131287,0.5555555555555556,0.7966200466200468,0.46153846153846156,0.0,0.4883570373058319,0.6375968754291534,0.10884705372154713,0.2515466697514057,0.0,0.0,0.0,0.0,0.0,18473,global,0.0
5,4,lr1e-04_bs16_drop0p4_temp2p0_a0p25_b0p05__wd1e-04trmiss0_degmodglobal,16,0.0001,0.0001,0.4,2.0,0.25,0.05,lr1e-04_bs16_drop0p4_temp2p0_a0p25_b0p05__wd1e-04trmiss0_degmodglobal,47,0.6438624262809753,0.9718937873840332,0.5555555555555556,0.7966200466200468,0.46153846153846156,0.0,0.47401420027017593,0.609019473195076,0.09388418309390545,0.2274378463625908,0.0,0.0,0.0,0.0,0.0,18473,global,0.0
5,4,lr1e-04_bs16_drop0p4_temp2p0_a0p25_b0p05__wd1e-04trmiss0_degmodglobal,16,0.0001,0.0001,0.4,2.0,0.25,0.05,lr1e-04_bs16_drop0p4_temp2p0_a0p25_b0p05__wd1e-04trmiss0_degmodglobal,48,0.6780483275651932,0.9843562841415405,0.5555555555555556,0.7966200466200468,0.38461538461538464,0.0,0.4968572035431862,0.6266465783119202,0.12328758090734482,0.41159679740667343,0.0,0.0,0.0,0.0,0.0,18473,global,0.0
5,4,lr1e-04_bs16_drop0p4_temp2p0_a0p25_b0p05__wd1e-04trmiss0_degmodglobal,16,0.0001,0.0001,0.4,2.0,0.25,0.05,lr1e-04_bs16_drop0p4_temp2p0_a0p25_b0p05__wd1e-04trmiss0_degmodglobal,49,0.6619027256965637,1.0117167234420776,0.5277777777777778,0.7898860398860401,0.46153846153846156,0.0,0.4769071266055107,0.6004397869110107,0.18152716383337975,0.32162344455718994,0.0,0.0,0.0,0.0,0.0,18473,global,0.0
5,4,lr1e-04_bs16_drop0p4_temp2p0_a0p25_b0p05__wd1e-04trmiss0_degmodglobal,16,0.0001,0.0001,0.4,2.0,0.25,0.05,lr1e-04_bs16_drop0p4_temp2p0_a0p25_b0p05__wd1e-04trmiss0_degmodglobal,50,0.6728069633245468,0.9793657660484314,0.5555555555555556,0.7966200466200468,0.46153846153846156,0.0,0.4679938107728958,0.6201543658971786,0.1411548238247633,0.34727801382541656,0.0,0.0,0.0,0.0,0.0,18473,global,0.0
5,4,lr1e-04_bs16_drop0p4_temp2p0_a0p25_b0p05__wd1e-04trmiss0_degmodglobal,16,0.0001,0.0001,0.4,2.0,0.25,0.05,lr1e-04_bs16_drop0p4_temp2p0_a0p25_b0p05__wd1e-04trmiss0_degmodglobal,51,0.6636333465576172,0.9640837907791138,0.5555555555555556,0.7966200466200468,0.46153846153846156,0.0,0.5041430741548538,0.6240193098783493,0.10628374852240086,0.2608622536063194,0.0,0.0,0.0,0.0,0.0,18473,global,0.0
5,4,lr1e-04_bs16_drop0p4_temp2p0_a0p25_b0p05__wd1e-04trmiss0_degmodglobal,16,0.0001,0.0001,0.4,2.0,0.25,0.05,lr1e-04_bs16_drop0p4_temp2p0_a0p25_b0p05__wd1e-04trmiss0_degmodglobal,52,0.6403160989284515,0.9733996987342834,0.5555555555555556,0.7966200466200468,0.46153846153846156,0.0,0.46618586778640747,0.6019880920648575,0.11087656021118164,0.2121773138642311,0.0,0.0,0.0,0.0,0.0,18473,global,0.0
5,4,lr1e-04_bs16_drop0p4_temp2p0_a0p25_b0p05__wd1e-04trmiss0_degmodglobal,16,0.0001,0.0001,0.4,2.0,0.25,0.05,lr1e-04_bs16_drop0p4_temp2p0_a0p25_b0p05__wd1e-04trmiss0_degmodglobal,53,0.6898468732833862,0.9744711518287659,0.5555555555555556,0.7966200466200468,0.46153846153846156,0.0,0.484895259141922,0.625970333814621,0.171913031488657,0.4179656207561493,0.0,0.0,0.0,0.0,0.0,18473,global,0.0
5,4,lr1e-04_bs16_drop0p4_temp2p0_a0p25_b0p05__wd1e-04trmiss0_degmodglobal,16,0.0001,0.0001,0.4,2.0,0.25,0.05,lr1e-04_bs16_drop0p4_temp2p0_a0p25_b0p05__wd1e-04trmiss0_degmodglobal,54,0.6894343346357346,0.9764888882637024,0.5555555555555556,0.7966200466200468,0.46153846153846156,0.0,0.46136701852083206,0.6363601684570312,0.14155472069978714,0.35370979458093643,0.0,0.0,0.0,0.0,0.0,18473,global,0.0
5,4,lr1e-04_bs16_drop0p4_temp2p0_a0p25_b0p05__wd1e-04trmiss0_degmodglobal,16,0.0001,0.0001,0.4,2.0,0.25,0.05,lr1e-04_bs16_drop0p4_temp2p0_a0p25_b0p05__wd1e-04trmiss0_degmodglobal,55,0.6213241666555405,0.9674097299575806,0.6111111111111112,0.8336570836570838,0.46153846153846156,0.0,0.46607113629579544,0.5759753882884979,0.12852498143911362,0.26435060799121857,0.0,0.0,0.0,0.0,0.0,18473,global,0.0
5,4,lr1e-04_bs16_drop0p4_temp2p0_a0p25_b0p05__wd1e-04trmiss0_degmodglobal,16,0.0001,0.0001,0.4,2.0,0.25,0.05,lr1e-04_bs16_drop0p4_temp2p0_a0p25_b0p05__wd1e-04trmiss0_degmodglobal,56,0.6478747129440308,0.9718531370162964,0.5833333333333334,0.8243978243978245,0.46153846153846156,0.0,0.47101832181215286,0.6000290215015411,0.13083995692431927,0.3027138262987137,0.0,0.0,0.0,0.0,0.0,18473,global,0.0
5,4,lr1e-04_bs16_drop0p4_temp2p0_a0p25_b0p05__wd1e-04trmiss0_degmodglobal,16,0.0001,0.0001,0.4,2.0,0.25,0.05,lr1e-04_bs16_drop0p4_temp2p0_a0p25_b0p05__wd1e-04trmiss0_degmodglobal,57,0.6602253317832947,0.9547905921936035,0.5833333333333334,0.8058793058793059,0.46153846153846156,0.0,0.42792004346847534,0.599857285618782,0.15821052342653275,0.4163082167506218,0.0,0.0,0.0,0.0,0.0,18473,global,0.0
5,4,lr1e-04_bs16_drop0p4_temp2p0_a0p25_b0p05__wd1e-04trmiss0_degmodglobal,16,0.0001,0.0001,0.4,2.0,0.25,0.05,lr1e-04_bs16_drop0p4_temp2p0_a0p25_b0p05__wd1e-04trmiss0_degmodglobal,58,0.6804307103157043,0.9744783639907837,0.5833333333333334,0.8058793058793059,0.46153846153846156,0.0,0.4419836327433586,0.6199226677417755,0.1545533686876297,0.43739382550120354,0.0,0.0,0.0,0.0,0.0,18473,global,0.0
5,4,lr1e-04_bs16_drop0p4_temp2p0_a0p25_b0p05__wd1e-04trmiss0_degmodglobal,16,0.0001,0.0001,0.4,2.0,0.25,0.05,lr1e-04_bs16_drop0p4_temp2p0_a0p25_b0p05__wd1e-04trmiss0_degmodglobal,59,0.6695271730422974,0.9584149718284607,0.5833333333333334,0.8058793058793059,0.46153846153846156,0.0,0.4482431635260582,0.6083155870437622,0.16139211505651474,0.4172712713479996,0.0,0.0,0.0,0.0,0.0,18473,global,0.0
5,4,lr1e-04_bs16_drop0p4_temp2p0_a0p25_b0p05__wd1e-04trmiss0_degmodglobal,16,0.0001,0.0001,0.4,2.0,0.25,0.05,lr1e-04_bs16_drop0p4_temp2p0_a0p25_b0p05__wd1e-04trmiss0_degmodglobal,60,0.6897741556167603,0.972804605960846,0.5833333333333334,0.8058793058793059,0.46153846153846156,0.0,0.47338586300611496,0.6163185685873032,0.19765789806842804,0.48082181066274643,0.0,0.0,0.0,0.0,0.0,18473,global,0.0
5,4,lr1e-04_bs16_drop0p4_temp2p0_a0p25_b0p05__wd1e-04trmiss0_degmodglobal,16,0.0001,0.0001,0.4,2.0,0.25,0.05,lr1e-04_bs16_drop0p4_temp2p0_a0p25_b0p05__wd1e-04trmiss0_degmodglobal,61,0.67332723736763,0.9795060753822327,0.5555555555555556,0.7991452991452992,0.46153846153846156,0.0,0.4606444984674454,0.6252809315919876,0.12063075974583626,0.3577721640467644,0.0,0.0,0.0,0.0,0.0,18473,global,0.0
5,4,lr1e-04_bs16_drop0p4_temp2p0_a0p25_b0p05__wd1e-04trmiss0_degmodglobal,16,0.0001,0.0001,0.4,2.0,0.25,0.05,lr1e-04_bs16_drop0p4_temp2p0_a0p25_b0p05__wd1e-04trmiss0_degmodglobal,62,0.6698112785816193,0.9674206376075745,0.5833333333333334,0.8058793058793059,0.46153846153846156,0.0,0.4368841424584389,0.6152744442224503,0.14351297728717327,0.3731719180941582,0.0,0.0,0.0,0.0,0.0,18473,global,0.0
5,4,lr1e-04_bs16_drop0p4_temp2p0_a0p25_b0p05__wd1e-04trmiss0_degmodglobal,16,0.0001,0.0001,0.4,2.0,0.25,0.05,lr1e-04_bs16_drop0p4_temp2p0_a0p25_b0p05__wd1e-04trmiss0_degmodglobal,63,0.679260715842247,0.9648236632347107,0.5833333333333334,0.8058793058793059,0.46153846153846156,0.0,0.42740242928266525,0.6189757883548737,0.1527863498777151,0.44176653772592545,0.0,0.0,0.0,0.0,0.0,18473,global,0.0
5,4,lr5e-05_bs16_drop0p2_temp1p0_a0p25_b0p05__wd1e-04trmiss0_degmodglobal,16,5e-05,0.0001,0.2,1.0,0.25,0.05,lr5e-05_bs16_drop0p2_temp1p0_a0p25_b0p05__wd1e-04trmiss0_degmodglobal,1,0.7316491454839706,0.6189551949501038,0.5833333333333334,0.8012937679604346,0.6153846153846154,0.0,0.7682828456163406,0.6993102431297302,0.06952917017042637,0.2991318963468075,0.0,0.0,0.0,0.0,0.0,18473,global,0.0
5,4,lr5e-05_bs16_drop0p2_temp1p0_a0p25_b0p05__wd1e-04trmiss0_degmodglobal,16,5e-05,0.0001,0.2,1.0,0.25,0.05,lr5e-05_bs16_drop0p2_temp1p0_a0p25_b0p05__wd1e-04trmiss0_degmodglobal,2,0.6943004131317139,0.6221833229064941,0.5833333333333334,0.8012937679604346,0.6153846153846154,0.0,0.753301203250885,0.6691026538610458,0.05850472114980221,0.21143141388893127,0.0,0.0,0.0,0.0,0.0,18473,global,0.0
5,4,lr5e-05_bs16_drop0p2_temp1p0_a0p25_b0p05__wd1e-04trmiss0_degmodglobal,16,5e-05,0.0001,0.2,1.0,0.25,0.05,lr5e-05_bs16_drop0p2_temp1p0_a0p25_b0p05__wd1e-04trmiss0_degmodglobal,3,0.6910098493099213,0.623677134513855,0.5,0.7427079093745761,0.6923076923076923,0.0,0.7347644865512848,0.6598258912563324,0.07217455748468637,0.2628064304590225,0.0,0.0,0.0,0.0,0.0,18473,global,0.0
5,4,lr5e-05_bs16_drop0p2_temp1p0_a0p25_b0p05__wd1e-04trmiss0_degmodglobal,16,5e-05,0.0001,0.2,1.0,0.25,0.05,lr5e-05_bs16_drop0p2_temp1p0_a0p25_b0p05__wd1e-04trmiss0_degmodglobal,4,0.6934484243392944,0.6282134056091309,0.5,0.7427079093745761,0.6923076923076923,0.0,0.7030832916498184,0.6648236066102982,0.06110417004674673,0.26697589829564095,0.0,0.0,0.0,0.0,0.0,18473,global,0.0
5,4,lr5e-05_bs16_drop0p2_temp1p0_a0p25_b0p05__wd1e-04trmiss0_degmodglobal,16,5e-05,0.0001,0.2,1.0,0.25,0.05,lr5e-05_bs16_drop0p2_temp1p0_a0p25_b0p05__wd1e-04trmiss0_degmodglobal,5,0.6977773904800415,0.6280760765075684,0.5,0.7427079093745761,0.6923076923076923,0.0,0.7442829459905624,0.6619626581668854,0.08832274936139584,0.27468042075634,0.0,0.0,0.0,0.0,0.0,18473,global,0.0
5,4,lr5e-05_bs16_drop0p2_temp1p0_a0p25_b0p05__wd1e-04trmiss0_degmodglobal,16,5e-05,0.0001,0.2,1.0,0.25,0.05,lr5e-05_bs16_drop0p2_temp1p0_a0p25_b0p05__wd1e-04trmiss0_degmodglobal,6,0.6884477436542511,0.6263299584388733,0.5,0.7427079093745761,0.6153846153846154,0.0,0.6893946677446365,0.658469095826149,0.06754444725811481,0.26185087859630585,0.0,0.0,0.0,0.0,0.0,18473,global,0.0
5,4,lr5e-05_bs16_drop0p2_temp1p0_a0p25_b0p05__wd1e-04trmiss0_degmodglobal,16,5e-05,0.0001,0.2,1.0,0.25,0.05,lr5e-05_bs16_drop0p2_temp1p0_a0p25_b0p05__wd1e-04trmiss0_degmodglobal,7,0.662080392241478,0.6230940818786621,0.5277777777777778,0.7575227241893909,0.6153846153846154,0.0,0.6978168189525604,0.6367944031953812,0.05957755446434021,0.2078317515552044,0.0,0.0,0.0,0.0,0.0,18473,global,0.0
5,4,lr5e-05_bs16_drop0p2_temp1p0_a0p25_b0p05__wd1e-04trmiss0_degmodglobal,16,5e-05,0.0001,0.2,1.0,0.25,0.05,lr5e-05_bs16_drop0p2_temp1p0_a0p25_b0p05__wd1e-04trmiss0_degmodglobal,8,0.6371037662029266,0.6201511025428772,0.611111111111111,0.7893890060556727,0.6153846153846154,0.0,0.6684018820524216,0.6124928891658783,0.060620374977588654,0.18911617621779442,0.0,0.0,0.0,0.0,0.0,18473,global,0.0
5,4,lr5e-05_bs16_drop0p2_temp1p0_a0p25_b0p05__wd1e-04trmiss0_degmodglobal,16,5e-05,0.0001,0.2,1.0,0.25,0.05,lr5e-05_bs16_drop0p2_temp1p0_a0p25_b0p05__wd1e-04trmiss0_degmodglobal,9,0.6514748930931091,0.619211733341217,0.611111111111111,0.7893890060556727,0.6153846153846154,0.0,0.6601445972919464,0.6209613382816315,0.07483145873993635,0.23611394315958023,0.0,0.0,0.0,0.0,0.0,18473,global,0.0
5,4,lr5e-05_bs16_drop0p2_temp1p0_a0p25_b0p05__wd1e-04trmiss0_degmodglobal,16,5e-05,0.0001,0.2,1.0,0.25,0.05,lr5e-05_bs16_drop0p2_temp1p0_a0p25_b0p05__wd1e-04trmiss0_degmodglobal,10,0.6548210978507996,0.6156618595123291,0.6388888888888888,0.7974698141364809,0.6923076923076923,0.0,0.6979867368936539,0.6298419237136841,0.06605353020131588,0.1693161018192768,0.0,0.0,0.0,0.0,0.0,18473,global,0.0
5,4,lr5e-05_bs16_drop0p2_temp1p0_a0p25_b0p05__wd1e-04trmiss0_degmodglobal,16,5e-05,0.0001,0.2,1.0,0.25,0.05,lr5e-05_bs16_drop0p2_temp1p0_a0p25_b0p05__wd1e-04trmiss0_degmodglobal,11,0.6419396847486496,0.6106908321380615,0.6944444444444444,0.8146825396825397,0.6923076923076923,0.0,0.6318632662296295,0.6107487678527832,0.08211236819624901,0.2132563181221485,0.0,0.0,0.0,0.0,0.0,18473,global,0.0
5,4,lr5e-05_bs16_drop0p2_temp1p0_a0p25_b0p05__wd1e-04trmiss0_degmodglobal,16,5e-05,0.0001,0.2,1.0,0.25,0.05,lr5e-05_bs16_drop0p2_temp1p0_a0p25_b0p05__wd1e-04trmiss0_degmodglobal,12,0.6670314371585846,0.6077693104743958,0.7222222222222222,0.8517195767195769,0.6923076923076923,0.0,0.6358744502067566,0.6341987252235413,0.08228416554629803,0.24523340910673141,0.0,0.0,0.0,0.0,0.0,18473,global,0.0
5,4,lr5e-05_bs16_drop0p2_temp1p0_a0p25_b0p05__wd1e-04trmiss0_degmodglobal,16,5e-05,0.0001,0.2,1.0,0.25,0.05,lr5e-05_bs16_drop0p2_temp1p0_a0p25_b0p05__wd1e-04trmiss0_degmodglobal,13,0.6338762640953064,0.6061734557151794,0.75,0.8615961199294533,0.6923076923076923,0.0,0.6398607492446899,0.6048264354467392,0.07506220228970051,0.2056855745613575,0.0,0.0,0.0,0.0,0.0,18473,global,0.0
5,4,lr5e-05_bs16_drop0p2_temp1p0_a0p25_b0p05__wd1e-04trmiss0_degmodglobal,16,5e-05,0.0001,0.2,1.0,0.25,0.05,lr5e-05_bs16_drop0p2_temp1p0_a0p25_b0p05__wd1e-04trmiss0_degmodglobal,14,0.642040804028511,0.6042928099632263,0.7222222222222222,0.8245590828924163,0.6923076923076923,0.0,0.6092894673347473,0.6122901886701584,0.07620322331786156,0.21399608254432678,0.0,0.0,0.0,0.0,0.0,18473,global,0.0
5,4,lr5e-05_bs16_drop0p2_temp1p0_a0p25_b0p05__wd1e-04trmiss0_degmodglobal,16,5e-05,0.0001,0.2,1.0,0.25,0.05,lr5e-05_bs16_drop0p2_temp1p0_a0p25_b0p05__wd1e-04trmiss0_degmodglobal,15,0.6350526213645935,0.6048758029937744,0.7222222222222222,0.8245590828924163,0.7692307692307693,0.0,0.5922142565250397,0.6031748205423355,0.08345266804099083,0.22029292955994606,0.0,0.0,0.0,0.0,0.0,18473,global,0.0
5,4,lr5e-05_bs16_drop0p2_temp1p0_a0p25_b0p05__wd1e-04trmiss0_degmodglobal,16,5e-05,0.0001,0.2,1.0,0.25,0.05,lr5e-05_bs16_drop0p2_temp1p0_a0p25_b0p05__wd1e-04trmiss0_degmodglobal,16,0.6289103925228119,0.6010956764221191,0.7222222222222222,0.8245590828924163,0.7692307692307693,0.0,0.6100977659225464,0.5960022062063217,0.07914629019796848,0.26243238151073456,0.0,0.0,0.0,0.0,0.0,18473,global,0.0
5,4,lr5e-05_bs16_drop0p2_temp1p0_a0p25_b0p05__wd1e-04trmiss0_degmodglobal,16,5e-05,0.0001,0.2,1.0,0.25,0.05,lr5e-05_bs16_drop0p2_temp1p0_a0p25_b0p05__wd1e-04trmiss0_degmodglobal,17,0.6287042945623398,0.5979942679405212,0.7777777777777778,0.8691718775052109,0.7692307692307693,0.0,0.6144039034843445,0.5977785289287567,0.08455385826528072,0.19574612751603127,0.0,0.0,0.0,0.0,0.0,18473,global,0.0
5,4,lr5e-05_bs16_drop0p2_temp1p0_a0p25_b0p05__wd1e-04trmiss0_degmodglobal,16,5e-05,0.0001,0.2,1.0,0.25,0.05,lr5e-05_bs16_drop0p2_temp1p0_a0p25_b0p05__wd1e-04trmiss0_degmodglobal,18,0.640676885843277,0.5978484749794006,0.7777777777777778,0.8691718775052109,0.8461538461538461,0.0,0.5978972762823105,0.6078051626682281,0.08377797901630402,0.23854446411132812,0.0,0.0,0.0,0.0,0.0,18473,global,0.0
5,4,lr5e-05_bs16_drop0p2_temp1p0_a0p25_b0p05__wd1e-04trmiss0_degmodglobal,16,5e-05,0.0001,0.2,1.0,0.25,0.05,lr5e-05_bs16_drop0p2_temp1p0_a0p25_b0p05__wd1e-04trmiss0_degmodglobal,19,0.6271744519472122,0.5975419282913208,0.8055555555555556,0.8782627865961199,0.8461538461538461,0.0,0.6063764840364456,0.5913168638944626,0.09636421501636505,0.23533039912581444,0.0,0.0,0.0,0.0,0.0,18473,global,0.0
5,4,lr5e-05_bs16_drop0p2_temp1p0_a0p25_b0p05__wd1e-04trmiss0_degmodglobal,16,5e-05,0.0001,0.2,1.0,0.25,0.05,lr5e-05_bs16_drop0p2_temp1p0_a0p25_b0p05__wd1e-04trmiss0_degmodglobal,20,0.608142226934433,0.5996487140655518,0.7777777777777778,0.8870731120731121,0.8461538461538461,0.0,0.5985973626375198,0.5810255110263824,0.07119124941527843,0.1863783374428749,0.0,0.0,0.0,0.0,0.0,18473,global,0.0
5,4,lr5e-05_bs16_drop0p2_temp1p0_a0p25_b0p05__wd1e-04trmiss0_degmodglobal,16,5e-05,0.0001,0.2,1.0,0.25,0.05,lr5e-05_bs16_drop0p2_temp1p0_a0p25_b0p05__wd1e-04trmiss0_degmodglobal,21,0.6244240999221802,0.6005591750144958,0.75,0.8592953342953344,0.8461538461538461,0.0,0.5882765054702759,0.5992910861968994,0.07332787849009037,0.1360207237303257,0.0,0.0,0.0,0.0,0.0,18473,global,0.0
5,4,lr5e-05_bs16_drop0p2_temp1p0_a0p25_b0p05__wd1e-04trmiss0_degmodglobal,16,5e-05,0.0001,0.2,1.0,0.25,0.05,lr5e-05_bs16_drop0p2_temp1p0_a0p25_b0p05__wd1e-04trmiss0_degmodglobal,22,0.6102755665779114,0.6004104018211365,0.8055555555555556,0.8782627865961199,0.8461538461538461,0.0,0.5705099701881409,0.5760861933231354,0.09062814898788929,0.23064690083265305,0.0,0.0,0.0,0.0,0.0,18473,global,0.0
5,4,lr5e-05_bs16_drop0p2_temp1p0_a0p25_b0p05__wd1e-04trmiss0_degmodglobal,16,5e-05,0.0001,0.2,1.0,0.25,0.05,lr5e-05_bs16_drop0p2_temp1p0_a0p25_b0p05__wd1e-04trmiss0_degmodglobal,23,0.642280787229538,0.5911216735839844,0.8055555555555556,0.8782627865961199,0.8461538461538461,0.0,0.6104404479265213,0.6121241301298141,0.08509544003754854,0.1776561178267002,0.0,0.0,0.0,0.0,0.0,18473,global,0.0
5,4,lr5e-05_bs16_drop0p2_temp1p0_a0p25_b0p05__wd1e-04trmiss0_degmodglobal,16,5e-05,0.0001,0.2,1.0,0.25,0.05,lr5e-05_bs16_drop0p2_temp1p0_a0p25_b0p05__wd1e-04trmiss0_degmodglobal,24,0.6139006614685059,0.5846720933914185,0.8055555555555556,0.8782627865961199,0.8461538461538461,0.0,0.5766020119190216,0.5812259167432785,0.0911449808627367,0.1977700050920248,0.0,0.0,0.0,0.0,0.0,18473,global,0.0
5,4,lr5e-05_bs16_drop0p2_temp1p0_a0p25_b0p05__wd1e-04trmiss0_degmodglobal,16,5e-05,0.0001,0.2,1.0,0.25,0.05,lr5e-05_bs16_drop0p2_temp1p0_a0p25_b0p05__wd1e-04trmiss0_degmodglobal,25,0.603673979640007,0.5788658261299133,0.8055555555555556,0.8782627865961199,0.8461538461538461,0.0,0.564351037144661,0.5725163817405701,0.08329764101654291,0.2066638395190239,0.0,0.0,0.0,0.0,0.0,18473,global,0.0
5,4,lr5e-05_bs16_drop0p2_temp1p0_a0p25_b0p05__wd1e-04trmiss0_degmodglobal,16,5e-05,0.0001,0.2,1.0,0.25,0.05,lr5e-05_bs16_drop0p2_temp1p0_a0p25_b0p05__wd1e-04trmiss0_degmodglobal,26,0.5972963273525238,0.576775848865509,0.8055555555555556,0.8782627865961199,0.8461538461538461,0.0,0.5525674521923065,0.5731922686100006,0.0680095748975873,0.1420331969857216,0.0,0.0,0.0,0.0,0.0,18473,global,0.0
5,4,lr5e-05_bs16_drop0p2_temp1p0_a0p25_b0p05__wd1e-04trmiss0_degmodglobal,16,5e-05,0.0001,0.2,1.0,0.25,0.05,lr5e-05_bs16_drop0p2_temp1p0_a0p25_b0p05__wd1e-04trmiss0_degmodglobal,27,0.5961984097957611,0.5761798024177551,0.8055555555555556,0.8782627865961199,0.9230769230769231,0.0,0.5800901651382446,0.5665579289197922,0.0790244834497571,0.1976870559155941,0.0,0.0,0.0,0.0,0.0,18473,global,0.0
5,4,lr5e-05_bs16_drop0p2_temp1p0_a0p25_b0p05__wd1e-04trmiss0_degmodglobal,16,5e-05,0.0001,0.2,1.0,0.25,0.05,lr5e-05_bs16_drop0p2_temp1p0_a0p25_b0p05__wd1e-04trmiss0_degmodglobal,28,0.6093241274356842,0.5790936350822449,0.8055555555555556,0.8782627865961199,0.9230769230769231,0.0,0.5525142103433609,0.5727407783269882,0.09948190674185753,0.23425712436437607,0.0,0.0,0.0,0.0,0.0,18473,global,0.0
5,4,lr5e-05_bs16_drop0p2_temp1p0_a0p25_b0p05__wd1e-04trmiss0_degmodglobal,16,5e-05,0.0001,0.2,1.0,0.25,0.05,lr5e-05_bs16_drop0p2_temp1p0_a0p25_b0p05__wd1e-04trmiss0_degmodglobal,29,0.5851432681083679,0.5754399299621582,0.8055555555555556,0.8782627865961199,0.9230769230769231,0.0,0.5638411194086075,0.5552030801773071,0.0813629450276494,0.19198910519480705,0.0,0.0,0.0,0.0,0.0,18473,global,0.0
5,4,lr5e-05_bs16_drop0p2_temp1p0_a0p25_b0p05__wd1e-04trmiss0_degmodglobal,16,5e-05,0.0001,0.2,1.0,0.25,0.05,lr5e-05_bs16_drop0p2_temp1p0_a0p25_b0p05__wd1e-04trmiss0_degmodglobal,30,0.627838596701622,0.5731120109558105,0.8055555555555556,0.8782627865961199,0.9230769230769231,0.0,0.5825750231742859,0.6048257797956467,0.06448870059102774,0.13781303353607655,0.0,0.0,0.0,0.0,0.0,18473,global,0.0
5,4,lr5e-05_bs16_drop0p2_temp1p0_a0p25_b0p05__wd1e-04trmiss0_degmodglobal,16,5e-05,0.0001,0.2,1.0,0.25,0.05,lr5e-05_bs16_drop0p2_temp1p0_a0p25_b0p05__wd1e-04trmiss0_degmodglobal,31,0.62714484333992,0.5740036368370056,0.8055555555555556,0.8782627865961199,0.8461538461538461,0.0,0.6128698289394379,0.5995887815952301,0.07123943977057934,0.19492405652999878,0.0,0.0,0.0,0.0,0.0,18473,global,0.0
5,4,lr5e-05_bs16_drop0p2_temp1p0_a0p25_b0p05__wd1e-04trmiss0_degmodglobal,16,5e-05,0.0001,0.2,1.0,0.25,0.05,lr5e-05_bs16_drop0p2_temp1p0_a0p25_b0p05__wd1e-04trmiss0_degmodglobal,32,0.6038036793470383,0.5709952116012573,0.8055555555555556,0.8782627865961199,0.9230769230769231,0.0,0.5556879341602325,0.5703264772891998,0.08555387519299984,0.2417750209569931,0.0,0.0,0.0,0.0,0.0,18473,global,0.0
5,4,lr5e-05_bs16_drop0p2_temp1p0_a0p25_b0p05__wd1e-04trmiss0_degmodglobal,16,5e-05,0.0001,0.2,1.0,0.25,0.05,lr5e-05_bs16_drop0p2_temp1p0_a0p25_b0p05__wd1e-04trmiss0_degmodglobal,33,0.5851939022541046,0.5603505969047546,0.8055555555555556,0.8782627865961199,0.9230769230769231,0.0,0.5411050096154213,0.5586038082838058,0.07214352209120989,0.1710843499749899,0.0,0.0,0.0,0.0,0.0,18473,global,0.0
5,4,lr5e-05_bs16_drop0p2_temp1p0_a0p25_b0p05__wd1e-04trmiss0_degmodglobal,16,5e-05,0.0001,0.2,1.0,0.25,0.05,lr5e-05_bs16_drop0p2_temp1p0_a0p25_b0p05__wd1e-04trmiss0_degmodglobal,34,0.5863949954509735,0.5622313618659973,0.8055555555555556,0.8782627865961199,0.9230769230769231,0.0,0.5554874986410141,0.5523168593645096,0.0897287018597126,0.23291934840381145,0.0,0.0,0.0,0.0,0.0,18473,global,0.0
5,4,lr5e-05_bs16_drop0p2_temp1p0_a0p25_b0p05__wd1e-04trmiss0_degmodglobal,16,5e-05,0.0001,0.2,1.0,0.25,0.05,lr5e-05_bs16_drop0p2_temp1p0_a0p25_b0p05__wd1e-04trmiss0_degmodglobal,35,0.5817523449659348,0.5674732327461243,0.8055555555555556,0.8782627865961199,0.9230769230769231,0.0,0.5803651064634323,0.550623819231987,0.0794850941747427,0.22514472156763077,0.0,0.0,0.0,0.0,0.0,18473,global,0.0
5,4,lr5e-05_bs16_drop0p2_temp1p0_a0p25_b0p05__wd1e-04trmiss0_degmodglobal,16,5e-05,0.0001,0.2,1.0,0.25,0.05,lr5e-05_bs16_drop0p2_temp1p0_a0p25_b0p05__wd1e-04trmiss0_degmodglobal,36,0.6028869301080704,0.5674577951431274,0.8333333333333334,0.9060405643738978,0.9230769230769231,0.0,0.5561832562088966,0.5709667503833771,0.08618429861962795,0.2074824832379818,0.0,0.0,0.0,0.0,0.0,18473,global,0.0
5,4,lr5e-05_bs16_drop0p2_temp1p0_a0p25_b0p05__wd1e-04trmiss0_degmodglobal,16,5e-05,0.0001,0.2,1.0,0.25,0.05,lr5e-05_bs16_drop0p2_temp1p0_a0p25_b0p05__wd1e-04trmiss0_degmodglobal,37,0.5882250070571899,0.5688903331756592,0.8055555555555556,0.8782627865961199,0.9230769230769231,0.0,0.5529111325740814,0.5597356557846069,0.07815637066960335,0.17900491878390312,0.0,0.0,0.0,0.0,0.0,18473,global,0.0
5,4,lr5e-05_bs16_drop0p2_temp1p0_a0p25_b0p05__wd1e-04trmiss0_degmodglobal,16,5e-05,0.0001,0.2,1.0,0.25,0.05,lr5e-05_bs16_drop0p2_temp1p0_a0p25_b0p05__wd1e-04trmiss0_degmodglobal,38,0.6178437024354935,0.5642337799072266,0.8333333333333334,0.9060405643738978,0.8461538461538461,0.0,0.6055804267525673,0.5853934288024902,0.08231897000223398,0.23741068691015244,0.0,0.0,0.0,0.0,0.0,18473,global,0.0
5,4,lr5e-05_bs16_drop0p2_temp1p0_a0p25_b0p05__wd1e-04trmiss0_degmodglobal,16,5e-05,0.0001,0.2,1.0,0.25,0.05,lr5e-05_bs16_drop0p2_temp1p0_a0p25_b0p05__wd1e-04trmiss0_degmodglobal,39,0.5888866931200027,0.5646418929100037,0.8055555555555556,0.8782627865961199,0.8461538461538461,0.0,0.5623403564095497,0.5643248558044434,0.06308413948863745,0.17581616342067719,0.0,0.0,0.0,0.0,0.0,18473,global,0.0
5,4,lr5e-05_bs16_drop0p2_temp1p0_a0p25_b0p05__wd1e-04trmiss0_degmodglobal,16,5e-05,0.0001,0.2,1.0,0.25,0.05,lr5e-05_bs16_drop0p2_temp1p0_a0p25_b0p05__wd1e-04trmiss0_degmodglobal,40,0.6306912899017334,0.565850555896759,0.8055555555555556,0.8782627865961199,0.8461538461538461,0.0,0.5695952996611595,0.5906318426132202,0.10453779809176922,0.2784998491406441,0.0,0.0,0.0,0.0,0.0,18473,global,0.0
5,4,lr5e-05_bs16_drop0p2_temp1p0_a0p25_b0p05__wd1e-04trmiss0_degmodglobal,16,5e-05,0.0001,0.2,1.0,0.25,0.05,lr5e-05_bs16_drop0p2_temp1p0_a0p25_b0p05__wd1e-04trmiss0_degmodglobal,41,0.5701331347227097,0.567748486995697,0.8055555555555556,0.8782627865961199,0.8461538461538461,0.0,0.5236691012978554,0.5373574942350388,0.09450852684676647,0.1829698644578457,0.0,0.0,0.0,0.0,0.0,18473,global,0.0
5,4,lr5e-05_bs16_drop0p2_temp1p0_a0p25_b0p05__wd1e-04trmiss0_degmodglobal,16,5e-05,0.0001,0.2,1.0,0.25,0.05,lr5e-05_bs16_drop0p2_temp1p0_a0p25_b0p05__wd1e-04trmiss0_degmodglobal,42,0.5865457504987717,0.5698975324630737,0.8055555555555556,0.8782627865961199,0.8461538461538461,0.0,0.5698216408491135,0.5610758066177368,0.06728138402104378,0.17299178801476955,0.0,0.0,0.0,0.0,0.0,18473,global,0.0
5,4,lr5e-05_bs16_drop0p2_temp1p0_a0p25_b0p05__wd1e-04trmiss0_degmodglobal,16,5e-05,0.0001,0.2,1.0,0.25,0.05,lr5e-05_bs16_drop0p2_temp1p0_a0p25_b0p05__wd1e-04trmiss0_degmodglobal,43,0.6105286628007889,0.5659011006355286,0.8333333333333334,0.9060405643738978,0.8461538461538461,0.0,0.5648418143391609,0.5801911801099777,0.07723422907292843,0.22057827934622765,0.0,0.0,0.0,0.0,0.0,18473,global,0.0
5,4,lr5e-05_bs16_drop0p2_temp1p0_a0p25_b0p05__wd1e-04trmiss0_degmodglobal,16,5e-05,0.0001,0.2,1.0,0.25,0.05,lr5e-05_bs16_drop0p2_temp1p0_a0p25_b0p05__wd1e-04trmiss0_degmodglobal,44,0.6167233288288116,0.5682988166809082,0.8333333333333334,0.9060405643738978,0.9230769230769231,0.0,0.5470216125249863,0.5802998691797256,0.09827011451125145,0.23711895942687988,0.0,0.0,0.0,0.0,0.0,18473,global,0.0
5,4,lr5e-05_bs16_drop0p2_temp1p0_a0p25_b0p05__wd1e-04trmiss0_degmodglobal,16,5e-05,0.0001,0.2,1.0,0.25,0.05,lr5e-05_bs16_drop0p2_temp1p0_a0p25_b0p05__wd1e-04trmiss0_degmodglobal,45,0.6034787446260452,0.5673795938491821,0.8055555555555556,0.8782627865961199,0.9230769230769231,0.0,0.5489771887660027,0.5717025101184845,0.0862206295132637,0.20442115515470505,0.0,0.0,0.0,0.0,0.0,18473,global,0.0
5,4,lr5e-05_bs16_drop0p2_temp1p0_a0p25_b0p05__wd1e-04trmiss0_degmodglobal,16,5e-05,0.0001,0.2,1.0,0.25,0.05,lr5e-05_bs16_drop0p2_temp1p0_a0p25_b0p05__wd1e-04trmiss0_degmodglobal,46,0.5855097621679306,0.5680671334266663,0.8055555555555556,0.8782627865961199,0.9230769230769231,0.0,0.5280095040798187,0.5517328977584839,0.08623616211116314,0.2443566843867302,0.0,0.0,0.0,0.0,0.0,18473,global,0.0
5,4,lr5e-05_bs16_drop0p2_temp1p0_a0p25_b0p05__wd1e-04trmiss0_degmodglobal,16,5e-05,0.0001,0.2,1.0,0.25,0.05,lr5e-05_bs16_drop0p2_temp1p0_a0p25_b0p05__wd1e-04trmiss0_degmodglobal,47,0.5949220061302185,0.5701768398284912,0.8055555555555556,0.8782627865961199,0.9230769230769231,0.0,0.5446695536375046,0.5660155117511749,0.0800632331520319,0.1778139341622591,0.0,0.0,0.0,0.0,0.0,18473,global,0.0
5,4,lr5e-05_bs16_drop0p2_temp1p0_a0p25_b0p05__wd1e-04trmiss0_degmodglobal,16,5e-05,0.0001,0.2,1.0,0.25,0.05,lr5e-05_bs16_drop0p2_temp1p0_a0p25_b0p05__wd1e-04trmiss0_degmodglobal,48,0.5772132873535156,0.5718443989753723,0.8055555555555556,0.8782627865961199,0.9230769230769231,0.0,0.5316722542047501,0.542557843029499,0.0943484827876091,0.2213666345924139,0.0,0.0,0.0,0.0,0.0,18473,global,0.0
5,4,lr5e-05_bs16_drop0p2_temp1p0_a0p25_b0p05__wd1e-04trmiss0_degmodglobal,16,5e-05,0.0001,0.2,1.0,0.25,0.05,lr5e-05_bs16_drop0p2_temp1p0_a0p25_b0p05__wd1e-04trmiss0_degmodglobal,49,0.607997328042984,0.5709896087646484,0.8055555555555556,0.8782627865961199,0.9230769230769231,0.0,0.5895083993673325,0.5768594294786453,0.0825962545350194,0.20977632701396942,0.0,0.0,0.0,0.0,0.0,18473,global,0.0
5,4,lr5e-05_bs16_drop0p2_temp1p0_a0p25_b0p05__wd1e-04trmiss0_degmodglobal,16,5e-05,0.0001,0.2,1.0,0.25,0.05,lr5e-05_bs16_drop0p2_temp1p0_a0p25_b0p05__wd1e-04trmiss0_degmodglobal,50,0.5857287049293518,0.5723072290420532,0.8055555555555556,0.8782627865961199,0.9230769230769231,0.0,0.504087008535862,0.5398594588041306,0.12400168180465698,0.2973763607442379,0.0,0.0,0.0,0.0,0.0,18473,global,0.0
5,4,lr5e-05_bs16_drop0p2_temp1p0_a0p25_b0p05__wd1e-04trmiss0_degmodglobal,16,5e-05,0.0001,0.2,1.0,0.25,0.05,lr5e-05_bs16_drop0p2_temp1p0_a0p25_b0p05__wd1e-04trmiss0_degmodglobal,51,0.5854615122079849,0.5711337327957153,0.8055555555555556,0.8782627865961199,0.9230769230769231,0.0,0.506843127310276,0.548340231180191,0.10274912789463997,0.22867963649332523,0.0,0.0,0.0,0.0,0.0,18473,global,0.0
5,4,lr5e-05_bs16_drop0p2_temp1p0_a0p25_b0p05__wd1e-04trmiss0_degmodglobal,16,5e-05,0.0001,0.2,1.0,0.25,0.05,lr5e-05_bs16_drop0p2_temp1p0_a0p25_b0p05__wd1e-04trmiss0_degmodglobal,52,0.595887690782547,0.5691260695457458,0.8055555555555556,0.8782627865961199,0.9230769230769231,0.0,0.5113661289215088,0.5563888251781464,0.09379361011087894,0.3210093006491661,0.0,0.0,0.0,0.0,0.0,18473,global,0.0
5,4,lr5e-05_bs16_drop0p2_temp1p0_a0p25_b0p05__wd1e-04trmiss0_degmodglobal,16,5e-05,0.0001,0.2,1.0,0.25,0.05,lr5e-05_bs16_drop0p2_temp1p0_a0p25_b0p05__wd1e-04trmiss0_degmodglobal,53,0.5859486162662506,0.5681053400039673,0.8055555555555556,0.8782627865961199,0.9230769230769231,0.0,0.5371670722961426,0.5537387877702713,0.08023384865373373,0.24302753061056137,0.0,0.0,0.0,0.0,0.0,18473,global,0.0
5,4,lr5e-05_bs16_drop0p2_temp1p0_a0p25_b0p05__wd1e-04trmiss0_degmodglobal,16,5e-05,0.0001,0.2,1.0,0.25,0.05,lr5e-05_bs16_drop0p2_temp1p0_a0p25_b0p05__wd1e-04trmiss0_degmodglobal,54,0.5780168026685715,0.5687541961669922,0.8055555555555556,0.8782627865961199,0.9230769230769231,0.0,0.5390288680791855,0.5473865568637848,0.08487739693373442,0.18821785226464272,0.0,0.0,0.0,0.0,0.0,18473,global,0.0
5,4,lr5e-05_bs16_drop0p2_temp1p0_a0p25_b0p05__wd1e-04trmiss0_degmodglobal,16,5e-05,0.0001,0.2,1.0,0.25,0.05,lr5e-05_bs16_drop0p2_temp1p0_a0p25_b0p05__wd1e-04trmiss0_degmodglobal,55,0.5923913419246674,0.5684741139411926,0.8055555555555556,0.8782627865961199,0.9230769230769231,0.0,0.5244173780083656,0.5598469972610474,0.0883176140487194,0.20929866284132004,0.0,0.0,0.0,0.0,0.0,18473,global,0.0
5,4,lr5e-05_bs16_drop0p2_temp1p0_a0p25_b0p05__wd1e-04trmiss0_degmodglobal,16,5e-05,0.0001,0.2,1.0,0.25,0.05,lr5e-05_bs16_drop0p2_temp1p0_a0p25_b0p05__wd1e-04trmiss0_degmodglobal,56,0.5822038054466248,0.5713130235671997,0.8055555555555556,0.8782627865961199,0.9230769230769231,0.0,0.5275253802537918,0.5470079481601715,0.09797963313758373,0.21401861682534218,0.0,0.0,0.0,0.0,0.0,18473,global,0.0
5,4,lr5e-05_bs16_drop0p2_temp1p0_a0p25_b0p05__wd1e-04trmiss0_degmodglobal,16,5e-05,0.0001,0.2,1.0,0.25,0.05,lr5e-05_bs16_drop0p2_temp1p0_a0p25_b0p05__wd1e-04trmiss0_degmodglobal,57,0.5922870188951492,0.5708921551704407,0.8055555555555556,0.8782627865961199,0.9230769230769231,0.0,0.5194141268730164,0.561258539557457,0.0874162670224905,0.18348804116249084,0.0,0.0,0.0,0.0,0.0,18473,global,0.0
5,4,lr5e-05_bs16_drop0p2_temp1p0_a0p25_b0p05__wd1e-04trmiss0_degmodglobal,16,5e-05,0.0001,0.2,1.0,0.25,0.05,lr5e-05_bs16_drop0p2_temp1p0_a0p25_b0p05__wd1e-04trmiss0_degmodglobal,58,0.5755124688148499,0.5721294283866882,0.8055555555555556,0.8782627865961199,0.9230769230769231,0.0,0.5233178287744522,0.5489018857479095,0.077017642557621,0.1471233367919922,0.0,0.0,0.0,0.0,0.0,18473,global,0.0
5,4,lr5e-05_bs16_drop0p2_temp2p0_a0p25_b0p05__wd1e-04trmiss0_degmodglobal,16,5e-05,0.0001,0.2,2.0,0.25,0.05,lr5e-05_bs16_drop0p2_temp2p0_a0p25_b0p05__wd1e-04trmiss0_degmodglobal,1,0.7326943725347519,0.7034236192703247,0.25,0.5953814703814704,0.38461538461538464,0.0,0.680852934718132,0.7141738086938858,0.04642227478325367,0.13830010034143925,0.0,0.0,0.0,0.0,0.0,18473,global,0.0
5,4,lr5e-05_bs16_drop0p2_temp2p0_a0p25_b0p05__wd1e-04trmiss0_degmodglobal,16,5e-05,0.0001,0.2,2.0,0.25,0.05,lr5e-05_bs16_drop0p2_temp2p0_a0p25_b0p05__wd1e-04trmiss0_degmodglobal,2,0.684277132153511,0.7056782841682434,0.2222222222222222,0.5805666555666555,0.46153846153846156,0.0,0.669798269867897,0.6704310178756714,0.03490250580944121,0.1024096067994833,0.0,0.0,0.0,0.0,0.0,18473,global,0.0
5,4,lr5e-05_bs16_drop0p2_temp2p0_a0p25_b0p05__wd1e-04trmiss0_degmodglobal,16,5e-05,0.0001,0.2,2.0,0.25,0.05,lr5e-05_bs16_drop0p2_temp2p0_a0p25_b0p05__wd1e-04trmiss0_degmodglobal,3,0.6788935363292694,0.7124377489089966,0.25,0.5879740629740628,0.46153846153846156,0.0,0.6527900844812393,0.6626811623573303,0.047199077904224396,0.08825221471488476,0.0,0.0,0.0,0.0,0.0,18473,global,0.0
5,4,lr5e-05_bs16_drop0p2_temp2p0_a0p25_b0p05__wd1e-04trmiss0_degmodglobal,16,5e-05,0.0001,0.2,2.0,0.25,0.05,lr5e-05_bs16_drop0p2_temp2p0_a0p25_b0p05__wd1e-04trmiss0_degmodglobal,4,0.664704218506813,0.7178671956062317,0.25,0.5879740629740628,0.46153846153846156,0.0,0.6019088178873062,0.6467076689004898,0.049453397281467915,0.11266386974602938,0.0,0.0,0.0,0.0,0.0,18473,global,0.0
5,4,lr5e-05_bs16_drop0p2_temp2p0_a0p25_b0p05__wd1e-04trmiss0_degmodglobal,16,5e-05,0.0001,0.2,2.0,0.25,0.05,lr5e-05_bs16_drop0p2_temp2p0_a0p25_b0p05__wd1e-04trmiss0_degmodglobal,5,0.6439500898122787,0.724371075630188,0.25,0.5879740629740628,0.46153846153846156,0.0,0.5898073315620422,0.6218809485435486,0.05680917762219906,0.15733703039586544,0.0,0.0,0.0,0.0,0.0,18473,global,0.0
5,4,lr5e-05_bs16_drop0p2_temp2p0_a0p25_b0p05__wd1e-04trmiss0_degmodglobal,16,5e-05,0.0001,0.2,2.0,0.25,0.05,lr5e-05_bs16_drop0p2_temp2p0_a0p25_b0p05__wd1e-04trmiss0_degmodglobal,6,0.6315158754587173,0.7211285829544067,0.2777777777777778,0.5985560735560735,0.46153846153846156,0.0,0.608339935541153,0.6150581389665604,0.0458920244127512,0.0996946208178997,0.0,0.0,0.0,0.0,0.0,18473,global,0.0
5,4,lr5e-05_bs16_drop0p2_temp2p0_a0p25_b0p05__wd1e-04trmiss0_degmodglobal,16,5e-05,0.0001,0.2,2.0,0.25,0.05,lr5e-05_bs16_drop0p2_temp2p0_a0p25_b0p05__wd1e-04trmiss0_degmodglobal,7,0.6630476117134094,0.7326951622962952,0.2777777777777778,0.5985560735560735,0.46153846153846156,0.0,0.593111127614975,0.6457643806934357,0.04684109706431627,0.11145918071269989,0.0,0.0,0.0,0.0,0.0,18473,global,0.0
5,4,lr5e-05_bs16_drop0p2_temp2p0_a0p25_b0p05__wd1e-04trmiss0_degmodglobal,16,5e-05,0.0001,0.2,2.0,0.25,0.05,lr5e-05_bs16_drop0p2_temp2p0_a0p25_b0p05__wd1e-04trmiss0_degmodglobal,8,0.6278646141290665,0.7161555886268616,0.3055555555555556,0.6056267806267805,0.6153846153846154,0.0,0.5845438241958618,0.6093234717845917,0.04969843477010727,0.12233080342411995,0.0,0.0,0.0,0.0,0.0,18473,global,0.0
5,4,lr5e-05_bs16_drop0p2_temp2p0_a0p25_b0p05__wd1e-04trmiss0_degmodglobal,16,5e-05,0.0001,0.2,2.0,0.25,0.05,lr5e-05_bs16_drop0p2_temp2p0_a0p25_b0p05__wd1e-04trmiss0_degmodglobal,9,0.6128828525543213,0.701008141040802,0.3333333333333333,0.6123607873607873,0.5384615384615384,0.0,0.559862807393074,0.5921864807605743,0.056182535365223885,0.13301486894488335,0.0,0.0,0.0,0.0,0.0,18473,global,0.0
5,4,lr5e-05_bs16_drop0p2_temp2p0_a0p25_b0p05__wd1e-04trmiss0_degmodglobal,16,5e-05,0.0001,0.2,2.0,0.25,0.05,lr5e-05_bs16_drop0p2_temp2p0_a0p25_b0p05__wd1e-04trmiss0_degmodglobal,10,0.6310727000236511,0.7044437527656555,0.3333333333333333,0.6123607873607873,0.5384615384615384,0.0,0.5807934999465942,0.616821900010109,0.037280252669006586,0.09861473180353642,0.0,0.0,0.0,0.0,0.0,18473,global,0.0
5,4,lr5e-05_bs16_drop0p2_temp2p0_a0p25_b0p05__wd1e-04trmiss0_degmodglobal,16,5e-05,0.0001,0.2,2.0,0.25,0.05,lr5e-05_bs16_drop0p2_temp2p0_a0p25_b0p05__wd1e-04trmiss0_degmodglobal,11,0.6166599243879318,0.7086410522460938,0.3333333333333333,0.6202972952972953,0.5384615384615384,0.0,0.5431707352399826,0.5946245044469833,0.060395400039851665,0.13873111456632614,0.0,0.0,0.0,0.0,0.0,18473,global,0.0
5,4,lr5e-05_bs16_drop0p2_temp2p0_a0p25_b0p05__wd1e-04trmiss0_degmodglobal,16,5e-05,0.0001,0.2,2.0,0.25,0.05,lr5e-05_bs16_drop0p2_temp2p0_a0p25_b0p05__wd1e-04trmiss0_degmodglobal,12,0.6114246696233749,0.723280131816864,0.36111111111111105,0.6388158138158138,0.5384615384615384,0.0,0.5433299690485001,0.5877994000911713,0.06602573208510876,0.14237643592059612,0.0,0.0,0.0,0.0,0.0,18473,global,0.0
5,4,lr5e-05_bs16_drop0p2_temp2p0_a0p25_b0p05__wd1e-04trmiss0_degmodglobal,16,5e-05,0.0001,0.2,2.0,0.25,0.05,lr5e-05_bs16_drop0p2_temp2p0_a0p25_b0p05__wd1e-04trmiss0_degmodglobal,13,0.6183805763721466,0.7068457007408142,0.38888888888888884,0.6554824804824805,0.6153846153846154,0.0,0.542540580034256,0.5931042730808258,0.06910932902246714,0.15997910127043724,0.0,0.0,0.0,0.0,0.0,18473,global,0.0
5,4,lr5e-05_bs16_drop0p2_temp2p0_a0p25_b0p05__wd1e-04trmiss0_degmodglobal,16,5e-05,0.0001,0.2,2.0,0.25,0.05,lr5e-05_bs16_drop0p2_temp2p0_a0p25_b0p05__wd1e-04trmiss0_degmodglobal,14,0.6386692076921463,0.698652446269989,0.41666666666666663,0.6660644910644911,0.6923076923076923,0.0,0.5703838467597961,0.6145441681146622,0.06684035528451204,0.14829931780695915,0.0,0.0,0.0,0.0,0.0,18473,global,0.0
5,4,lr5e-05_bs16_drop0p2_temp2p0_a0p25_b0p05__wd1e-04trmiss0_degmodglobal,16,5e-05,0.0001,0.2,2.0,0.25,0.05,lr5e-05_bs16_drop0p2_temp2p0_a0p25_b0p05__wd1e-04trmiss0_degmodglobal,15,0.6278065890073776,0.6907850503921509,0.41666666666666663,0.6660644910644911,0.6923076923076923,0.0,0.541334792971611,0.6002794504165649,0.07545908913016319,0.17324762791395187,0.0,0.0,0.0,0.0,0.0,18473,global,0.0
5,4,lr5e-05_bs16_drop0p2_temp2p0_a0p25_b0p05__wd1e-04trmiss0_degmodglobal,16,5e-05,0.0001,0.2,2.0,0.25,0.05,lr5e-05_bs16_drop0p2_temp2p0_a0p25_b0p05__wd1e-04trmiss0_degmodglobal,16,0.611443504691124,0.6920914053916931,0.41666666666666663,0.6660644910644911,0.6923076923076923,0.0,0.49513012915849686,0.5849981606006622,0.07435719482600689,0.15712069906294346,0.0,0.0,0.0,0.0,0.0,18473,global,0.0
5,4,lr5e-05_bs16_drop0p2_temp2p0_a0p25_b0p05__wd1e-04trmiss0_degmodglobal,16,5e-05,0.0001,0.2,2.0,0.25,0.05,lr5e-05_bs16_drop0p2_temp2p0_a0p25_b0p05__wd1e-04trmiss0_degmodglobal,17,0.6092325299978256,0.6984925866127014,0.41666666666666663,0.6660644910644911,0.6923076923076923,0.0,0.5421968400478363,0.5870379656553268,0.06268042605370283,0.13048934191465378,0.0,0.0,0.0,0.0,0.0,18473,global,0.0
5,4,lr5e-05_bs16_drop0p2_temp2p0_a0p25_b0p05__wd1e-04trmiss0_degmodglobal,16,5e-05,0.0001,0.2,2.0,0.25,0.05,lr5e-05_bs16_drop0p2_temp2p0_a0p25_b0p05__wd1e-04trmiss0_degmodglobal,18,0.5999204218387604,0.6928842663764954,0.41666666666666663,0.6660644910644911,0.6923076923076923,0.0,0.5199497491121292,0.5744110643863678,0.07352548278868198,0.14255946315824986,0.0,0.0,0.0,0.0,0.0,18473,global,0.0
5,4,lr5e-05_bs16_drop0p2_temp2p0_a0p25_b0p05__wd1e-04trmiss0_degmodglobal,16,5e-05,0.0001,0.2,2.0,0.25,0.05,lr5e-05_bs16_drop0p2_temp2p0_a0p25_b0p05__wd1e-04trmiss0_degmodglobal,19,0.6084093749523163,0.714079737663269,0.41666666666666663,0.6660644910644911,0.6923076923076923,0.0,0.49926480650901794,0.5757429152727127,0.08975231274962425,0.2045674379914999,0.0,0.0,0.0,0.0,0.0,18473,global,0.0
5,4,lr5e-05_bs16_drop0p2_temp2p0_a0p25_b0p05__wd1e-04trmiss0_degmodglobal,16,5e-05,0.0001,0.2,2.0,0.25,0.05,lr5e-05_bs16_drop0p2_temp2p0_a0p25_b0p05__wd1e-04trmiss0_degmodglobal,20,0.6116040199995041,0.6780598759651184,0.4444444444444444,0.6808793058793059,0.6923076923076923,0.0,0.5200170129537582,0.5828555524349213,0.07415062095969915,0.20421620085835457,0.0,0.0,0.0,0.0,0.0,18473,global,0.0
5,4,lr5e-05_bs16_drop0p2_temp2p0_a0p25_b0p05__wd1e-04trmiss0_degmodglobal,16,5e-05,0.0001,0.2,2.0,0.25,0.05,lr5e-05_bs16_drop0p2_temp2p0_a0p25_b0p05__wd1e-04trmiss0_degmodglobal,21,0.5983617901802063,0.6779655814170837,0.4444444444444444,0.7216200466200466,0.6923076923076923,0.0,0.5024138316512108,0.5738997310400009,0.0670899385586381,0.15379158779978752,0.0,0.0,0.0,0.0,0.0,18473,global,0.0
5,4,lr5e-05_bs16_drop0p2_temp2p0_a0p25_b0p05__wd1e-04trmiss0_degmodglobal,16,5e-05,0.0001,0.2,2.0,0.25,0.05,lr5e-05_bs16_drop0p2_temp2p0_a0p25_b0p05__wd1e-04trmiss0_degmodglobal,22,0.6165721714496613,0.682126522064209,0.5,0.7463554963554964,0.6923076923076923,0.0,0.5440271571278572,0.5925305038690567,0.06424951460212469,0.15958557650446892,0.0,0.0,0.0,0.0,0.0,18473,global,0.0
5,4,lr5e-05_bs16_drop0p2_temp2p0_a0p25_b0p05__wd1e-04trmiss0_degmodglobal,16,5e-05,0.0001,0.2,2.0,0.25,0.05,lr5e-05_bs16_drop0p2_temp2p0_a0p25_b0p05__wd1e-04trmiss0_degmodglobal,23,0.6222594231367111,0.6691709160804749,0.5555555555555556,0.7926517926517926,0.6923076923076923,0.0,0.4905313104391098,0.5865665376186371,0.09924352914094925,0.21763987094163895,0.0,0.0,0.0,0.0,0.0,18473,global,0.0
5,4,lr5e-05_bs16_drop0p2_temp2p0_a0p25_b0p05__wd1e-04trmiss0_degmodglobal,16,5e-05,0.0001,0.2,2.0,0.25,0.05,lr5e-05_bs16_drop0p2_temp2p0_a0p25_b0p05__wd1e-04trmiss0_degmodglobal,24,0.6025963425636292,0.6828078031539917,0.5277777777777778,0.7833925333925336,0.6923076923076923,0.0,0.4995226413011551,0.5778601616621017,0.06845359038561583,0.15245544910430908,0.0,0.0,0.0,0.0,0.0,18473,global,0.0
5,4,lr5e-05_bs16_drop0p2_temp2p0_a0p25_b0p05__wd1e-04trmiss0_degmodglobal,16,5e-05,0.0001,0.2,2.0,0.25,0.05,lr5e-05_bs16_drop0p2_temp2p0_a0p25_b0p05__wd1e-04trmiss0_degmodglobal,25,0.5962743759155273,0.6860591173171997,0.4444444444444444,0.6808793058793059,0.6923076923076923,0.0,0.47329626977443695,0.568017840385437,0.07558383699506521,0.18721166998147964,0.0,0.0,0.0,0.0,0.0,18473,global,0.0
5,4,lr5e-05_bs16_drop0p2_temp2p0_a0p25_b0p05__wd1e-04trmiss0_degmodglobal,16,5e-05,0.0001,0.2,2.0,0.25,0.05,lr5e-05_bs16_drop0p2_temp2p0_a0p25_b0p05__wd1e-04trmiss0_degmodglobal,26,0.5946357995271683,0.6948551535606384,0.49999999999999994,0.7000592000592001,0.6923076923076923,0.0,0.4832305908203125,0.5705280601978302,0.06780128926038742,0.1431483868509531,0.0,0.0,0.0,0.0,0.0,18473,global,0.0
5,4,lr5e-05_bs16_drop0p2_temp2p0_a0p25_b0p05__wd1e-04trmiss0_degmodglobal,16,5e-05,0.0001,0.2,2.0,0.25,0.05,lr5e-05_bs16_drop0p2_temp2p0_a0p25_b0p05__wd1e-04trmiss0_degmodglobal,27,0.5830968171358109,0.6878358721733093,0.5277777777777778,0.7019671686338353,0.6923076923076923,0.0,0.4795491620898247,0.5560642927885056,0.077732321806252,0.15198874101042747,0.0,0.0,0.0,0.0,0.0,18473,global,0.0
5,4,lr5e-05_bs16_drop0p2_temp2p0_a0p25_b0p05__wd1e-04trmiss0_degmodglobal,16,5e-05,0.0001,0.2,2.0,0.25,0.05,lr5e-05_bs16_drop0p2_temp2p0_a0p25_b0p05__wd1e-04trmiss0_degmodglobal,28,0.5984640419483185,0.6732920408248901,0.5277777777777778,0.7019671686338353,0.7692307692307693,0.0,0.4923145994544029,0.5733868330717087,0.07009778823703527,0.15105541422963142,0.0,0.0,0.0,0.0,0.0,18473,global,0.0
5,4,lr5e-05_bs16_drop0p2_temp2p0_a0p25_b0p05__wd1e-04trmiss0_degmodglobal,16,5e-05,0.0001,0.2,2.0,0.25,0.05,lr5e-05_bs16_drop0p2_temp2p0_a0p25_b0p05__wd1e-04trmiss0_degmodglobal,29,0.5946852266788483,0.6619659662246704,0.5555555555555556,0.7083774250440917,0.7692307692307693,0.0,0.49604208022356033,0.5701308697462082,0.06996651459485292,0.1412544958293438,0.0,0.0,0.0,0.0,0.0,18473,global,0.0
5,4,lr5e-05_bs16_drop0p2_temp2p0_a0p25_b0p05__wd1e-04trmiss0_degmodglobal,16,5e-05,0.0001,0.2,2.0,0.25,0.05,lr5e-05_bs16_drop0p2_temp2p0_a0p25_b0p05__wd1e-04trmiss0_degmodglobal,30,0.5580844432115555,0.6475110650062561,0.6388888888888888,0.8157848324514991,0.7692307692307693,0.0,0.4852268695831299,0.5350436270236969,0.06598730478435755,0.13087942264974117,0.0,0.0,0.0,0.0,0.0,18473,global,0.0
5,4,lr5e-05_bs16_drop0p2_temp2p0_a0p25_b0p05__wd1e-04trmiss0_degmodglobal,16,5e-05,0.0001,0.2,2.0,0.25,0.05,lr5e-05_bs16_drop0p2_temp2p0_a0p25_b0p05__wd1e-04trmiss0_degmodglobal,31,0.6059652268886566,0.6321569681167603,0.7222222222222222,0.8484928651595318,0.7692307692307693,0.0,0.4729734808206558,0.5790782570838928,0.07124384678900242,0.18152032792568207,0.0,0.0,0.0,0.0,0.0,18473,global,0.0
5,4,lr5e-05_bs16_drop0p2_temp2p0_a0p25_b0p05__wd1e-04trmiss0_degmodglobal,16,5e-05,0.0001,0.2,2.0,0.25,0.05,lr5e-05_bs16_drop0p2_temp2p0_a0p25_b0p05__wd1e-04trmiss0_degmodglobal,32,0.5704562366008759,0.6550130844116211,0.6111111111111112,0.8093745760412427,0.7692307692307693,0.0,0.4957737773656845,0.5439405143260956,0.0737052634358406,0.16178827360272408,0.0,0.0,0.0,0.0,0.0,18473,global,0.0
5,4,lr5e-05_bs16_drop0p2_temp2p0_a0p25_b0p05__wd1e-04trmiss0_degmodglobal,16,5e-05,0.0001,0.2,2.0,0.25,0.05,lr5e-05_bs16_drop0p2_temp2p0_a0p25_b0p05__wd1e-04trmiss0_degmodglobal,33,0.542536698281765,0.6457105278968811,0.6388888888888888,0.8157848324514991,0.7692307692307693,0.0,0.4703056737780571,0.5164904594421387,0.0755353569984436,0.14324779249727726,0.0,0.0,0.0,0.0,0.0,18473,global,0.0
5,4,lr5e-05_bs16_drop0p2_temp2p0_a0p25_b0p05__wd1e-04trmiss0_degmodglobal,16,5e-05,0.0001,0.2,2.0,0.25,0.05,lr5e-05_bs16_drop0p2_temp2p0_a0p25_b0p05__wd1e-04trmiss0_degmodglobal,34,0.5900680869817734,0.665887713432312,0.5277777777777778,0.7019671686338353,0.7692307692307693,0.0,0.47168513387441635,0.5606698095798492,0.08013594429939985,0.18728546053171158,0.0,0.0,0.0,0.0,0.0,18473,global,0.0
5,4,lr5e-05_bs16_drop0p2_temp2p0_a0p25_b0p05__wd1e-04trmiss0_degmodglobal,16,5e-05,0.0001,0.2,2.0,0.25,0.05,lr5e-05_bs16_drop0p2_temp2p0_a0p25_b0p05__wd1e-04trmiss0_degmodglobal,35,0.5790301561355591,0.6456510424613953,0.5833333333333334,0.7159531826198493,0.8461538461538461,0.0,0.4943088889122009,0.5529322326183319,0.07103913556784391,0.16676272824406624,0.0,0.0,0.0,0.0,0.0,18473,global,0.0
5,4,lr5e-05_bs16_drop0p2_temp2p0_a0p25_b0p05__wd1e-04trmiss0_degmodglobal,16,5e-05,0.0001,0.2,2.0,0.25,0.05,lr5e-05_bs16_drop0p2_temp2p0_a0p25_b0p05__wd1e-04trmiss0_degmodglobal,36,0.6022518873214722,0.6376852989196777,0.6111111111111112,0.7307679974346641,0.8461538461538461,0.0,0.4711270034313202,0.5678074508905411,0.0871124416589737,0.253326840698719,0.0,0.0,0.0,0.0,0.0,18473,global,0.0
5,4,lr5e-05_bs16_drop0p2_temp2p0_a0p25_b0p05__wd1e-04trmiss0_degmodglobal,16,5e-05,0.0001,0.2,2.0,0.25,0.05,lr5e-05_bs16_drop0p2_temp2p0_a0p25_b0p05__wd1e-04trmiss0_degmodglobal,37,0.5799087584018707,0.6522601246833801,0.5555555555555556,0.7083774250440917,0.7692307692307693,0.0,0.4768878445029259,0.5532246977090836,0.0736531289294362,0.16541551798582077,0.0,0.0,0.0,0.0,0.0,18473,global,0.0
5,4,lr5e-05_bs16_drop0p2_temp2p0_a0p25_b0p05__wd1e-04trmiss0_degmodglobal,16,5e-05,0.0001,0.2,2.0,0.25,0.05,lr5e-05_bs16_drop0p2_temp2p0_a0p25_b0p05__wd1e-04trmiss0_degmodglobal,38,0.5685365945100784,0.6506277918815613,0.5833333333333334,0.7159531826198493,0.7692307692307693,0.0,0.47820255905389786,0.5367024168372154,0.08769538067281246,0.19820649921894073,0.0,0.0,0.0,0.0,0.0,18473,global,0.0
5,4,lr5e-05_bs16_drop0p2_temp2p0_a0p25_b0p05__wd1e-04trmiss0_degmodglobal,16,5e-05,0.0001,0.2,2.0,0.25,0.05,lr5e-05_bs16_drop0p2_temp2p0_a0p25_b0p05__wd1e-04trmiss0_degmodglobal,39,0.5560873597860336,0.6493648886680603,0.5833333333333333,0.7231922398589066,0.7692307692307693,0.0,0.46920856833457947,0.5346193760633469,0.06155675929039717,0.1215757355093956,0.0,0.0,0.0,0.0,0.0,18473,global,0.0
5,4,lr5e-05_bs16_drop0p2_temp2p0_a0p25_b0p05__wd1e-04trmiss0_degmodglobal,16,5e-05,0.0001,0.2,2.0,0.25,0.05,lr5e-05_bs16_drop0p2_temp2p0_a0p25_b0p05__wd1e-04trmiss0_degmodglobal,40,0.5511605739593506,0.6367573142051697,0.6111111111111112,0.7307679974346641,0.7692307692307693,0.0,0.46474001556634903,0.5152314975857735,0.09703132137656212,0.23342502117156982,0.0,0.0,0.0,0.0,0.0,18473,global,0.0
5,4,lr5e-05_bs16_drop0p2_temp2p0_a0p25_b0p05__wd1e-04trmiss0_degmodglobal,16,5e-05,0.0001,0.2,2.0,0.25,0.05,lr5e-05_bs16_drop0p2_temp2p0_a0p25_b0p05__wd1e-04trmiss0_degmodglobal,41,0.5922016501426697,0.612747311592102,0.7222222222222222,0.8222582972582972,0.8461538461538461,0.0,0.4612521454691887,0.5620253533124924,0.08482001721858978,0.179426159709692,0.0,0.0,0.0,0.0,0.0,18473,global,0.0
5,4,lr5e-05_bs16_drop0p2_temp2p0_a0p25_b0p05__wd1e-04trmiss0_degmodglobal,16,5e-05,0.0001,0.2,2.0,0.25,0.05,lr5e-05_bs16_drop0p2_temp2p0_a0p25_b0p05__wd1e-04trmiss0_degmodglobal,42,0.5664038360118866,0.6078077554702759,0.6944444444444444,0.8114558281224948,0.8461538461538461,0.0,0.44991137832403183,0.5402108281850815,0.07279572356492281,0.15988168492913246,0.0,0.0,0.0,0.0,0.0,18473,global,0.0
5,4,lr5e-05_bs16_drop0p2_temp2p0_a0p25_b0p05__wd1e-04trmiss0_degmodglobal,16,5e-05,0.0001,0.2,2.0,0.25,0.05,lr5e-05_bs16_drop0p2_temp2p0_a0p25_b0p05__wd1e-04trmiss0_degmodglobal,43,0.6022718995809555,0.6293468475341797,0.6388888888888888,0.7439955106621774,0.8461538461538461,0.0,0.47046545147895813,0.5699155926704407,0.08519435487687588,0.2211538814008236,0.0,0.0,0.0,0.0,0.0,18473,global,0.0
5,4,lr5e-05_bs16_drop0p2_temp2p0_a0p25_b0p05__wd1e-04trmiss0_degmodglobal,16,5e-05,0.0001,0.2,2.0,0.25,0.05,lr5e-05_bs16_drop0p2_temp2p0_a0p25_b0p05__wd1e-04trmiss0_degmodglobal,44,0.5576503723859787,0.633858323097229,0.6388888888888888,0.7439955106621774,0.8461538461538461,0.0,0.4660816341638565,0.5304248481988907,0.07729215174913406,0.1580495610833168,0.0,0.0,0.0,0.0,0.0,18473,global,0.0
5,4,lr5e-05_bs16_drop0p2_temp2p0_a0p25_b0p05__wd1e-04trmiss0_degmodglobal,16,5e-05,0.0001,0.2,2.0,0.25,0.05,lr5e-05_bs16_drop0p2_temp2p0_a0p25_b0p05__wd1e-04trmiss0_degmodglobal,45,0.5397298857569695,0.642510712146759,0.5833333333333334,0.7159531826198493,0.8461538461538461,0.0,0.4536528214812279,0.5140075981616974,0.07083560386672616,0.16026762872934341,0.0,0.0,0.0,0.0,0.0,18473,global,0.0
5,4,lr5e-05_bs16_drop0p2_temp2p0_a0p25_b0p05__wd1e-04trmiss0_degmodglobal,16,5e-05,0.0001,0.2,2.0,0.25,0.05,lr5e-05_bs16_drop0p2_temp2p0_a0p25_b0p05__wd1e-04trmiss0_degmodglobal,46,0.564186155796051,0.659405529499054,0.5555555555555556,0.7083774250440917,0.7692307692307693,0.0,0.4463540017604828,0.5321407914161682,0.0933412779122591,0.17420092597603798,0.0,0.0,0.0,0.0,0.0,18473,global,0.0
5,4,lr5e-05_bs16_drop0p2_temp2p0_a0p25_b0p05__wd1e-04trmiss0_degmodglobal,16,5e-05,0.0001,0.2,2.0,0.25,0.05,lr5e-05_bs16_drop0p2_temp2p0_a0p25_b0p05__wd1e-04trmiss0_degmodglobal,47,0.5544032007455826,0.6534100770950317,0.5555555555555556,0.7083774250440917,0.7692307692307693,0.0,0.45097100734710693,0.5246441513299942,0.08579374849796295,0.16621213778853416,0.0,0.0,0.0,0.0,0.0,18473,global,0.0
5,4,lr5e-05_bs16_drop0p2_temp2p0_a0p25_b0p05__wd1e-04trmiss0_degmodglobal,16,5e-05,0.0001,0.2,2.0,0.25,0.05,lr5e-05_bs16_drop0p2_temp2p0_a0p25_b0p05__wd1e-04trmiss0_degmodglobal,48,0.5704818218946457,0.6344329118728638,0.6388888888888888,0.7439955106621774,0.7692307692307693,0.0,0.4572163298726082,0.5330248028039932,0.10187513008713722,0.23976478353142738,0.0,0.0,0.0,0.0,0.0,18473,global,0.0
5,4,lr5e-05_bs16_drop0p2_temp2p0_a0p25_b0p05__wd1e-04trmiss0_degmodglobal,16,5e-05,0.0001,0.2,2.0,0.25,0.05,lr5e-05_bs16_drop0p2_temp2p0_a0p25_b0p05__wd1e-04trmiss0_degmodglobal,49,0.5837403386831284,0.6518157124519348,0.6388888888888888,0.7483245149911817,0.7692307692307693,0.0,0.4582398310303688,0.5523137003183365,0.08849244005978107,0.18607081100344658,0.0,0.0,0.0,0.0,0.0,18473,global,0.0
5,4,lr5e-05_bs16_drop0p2_temp2p0_a0p25_b0p05__wd1e-04trmiss0_degmodglobal,16,5e-05,0.0001,0.2,2.0,0.25,0.05,lr5e-05_bs16_drop0p2_temp2p0_a0p25_b0p05__wd1e-04trmiss0_degmodglobal,50,0.5878860056400299,0.6302658915519714,0.6944444444444444,0.8114558281224948,0.8461538461538461,0.0,0.45555954426527023,0.5518564730882645,0.09379293583333492,0.2516261488199234,0.0,0.0,0.0,0.0,0.0,18473,global,0.0
5,4,lr5e-05_bs16_drop0p2_temp2p0_a0p25_b0p05__wd1e-04trmiss0_degmodglobal,16,5e-05,0.0001,0.2,2.0,0.25,0.05,lr5e-05_bs16_drop0p2_temp2p0_a0p25_b0p05__wd1e-04trmiss0_degmodglobal,51,0.5759465098381042,0.6338457465171814,0.6944444444444444,0.8114558281224948,0.8461538461538461,0.0,0.44535041600465775,0.5460554361343384,0.08190551120787859,0.18829377740621567,0.0,0.0,0.0,0.0,0.0,18473,global,0.0
5,4,lr5e-05_bs16_drop0p2_temp2p0_a0p25_b0p05__wd1e-04trmiss0_degmodglobal,16,5e-05,0.0001,0.2,2.0,0.25,0.05,lr5e-05_bs16_drop0p2_temp2p0_a0p25_b0p05__wd1e-04trmiss0_degmodglobal,52,0.556591309607029,0.6412237882614136,0.6388888888888888,0.7439955106621774,0.7692307692307693,0.0,0.4494759291410446,0.5282644405961037,0.07872054073959589,0.17293472122401,0.0,0.0,0.0,0.0,0.0,18473,global,0.0
5,4,lr5e-05_bs16_drop0p2_temp2p0_a0p25_b0p05__wd1e-04trmiss0_degmodglobal,16,5e-05,0.0001,0.2,2.0,0.25,0.05,lr5e-05_bs16_drop0p2_temp2p0_a0p25_b0p05__wd1e-04trmiss0_degmodglobal,53,0.5784569084644318,0.650180459022522,0.5833333333333333,0.7231922398589066,0.7692307692307693,0.0,0.4268725663423538,0.5379331111907959,0.10845074988901615,0.26822178810834885,0.0,0.0,0.0,0.0,0.0,18473,global,0.0
5,4,lr5e-05_bs16_drop0p2_temp2p0_a0p25_b0p05__wd1e-04trmiss0_degmodglobal,16,5e-05,0.0001,0.2,2.0,0.25,0.05,lr5e-05_bs16_drop0p2_temp2p0_a0p25_b0p05__wd1e-04trmiss0_degmodglobal,54,0.567828044295311,0.6515061259269714,0.5833333333333333,0.7231922398589066,0.7692307692307693,0.0,0.4290260151028633,0.5342379808425903,0.09035886824131012,0.2200068235397339,0.0,0.0,0.0,0.0,0.0,18473,global,0.0
5,4,lr5e-05_bs16_drop0p2_temp2p0_a0p25_b0p05__wd1e-04trmiss0_degmodglobal,16,5e-05,0.0001,0.2,2.0,0.25,0.05,lr5e-05_bs16_drop0p2_temp2p0_a0p25_b0p05__wd1e-04trmiss0_degmodglobal,55,0.5612120479345322,0.633661150932312,0.6388888888888888,0.7439955106621774,0.8461538461538461,0.0,0.4371180757880211,0.5313116759061813,0.0801289789378643,0.19736259803175926,0.0,0.0,0.0,0.0,0.0,18473,global,0.0
5,4,lr5e-05_bs16_drop0p2_temp2p0_a0p25_b0p05__wd1e-04trmiss0_degmodglobal,16,5e-05,0.0001,0.2,2.0,0.25,0.05,lr5e-05_bs16_drop0p2_temp2p0_a0p25_b0p05__wd1e-04trmiss0_degmodglobal,56,0.5740262717008591,0.635940432548523,0.6388888888888888,0.7439955106621774,0.8461538461538461,0.0,0.44809770584106445,0.5466318726539612,0.07329021207988262,0.18143648840487003,0.0,0.0,0.0,0.0,0.0,18473,global,0.0
5,4,lr5e-05_bs16_drop0p2_temp2p0_a0p25_b0p05__wd1e-04trmiss0_degmodglobal,16,5e-05,0.0001,0.2,2.0,0.25,0.05,lr5e-05_bs16_drop0p2_temp2p0_a0p25_b0p05__wd1e-04trmiss0_degmodglobal,57,0.5706422626972198,0.6482215523719788,0.6111111111111112,0.7307679974346641,0.6923076923076923,0.0,0.42573267221450806,0.5326412171125412,0.11203146167099476,0.19986314326524734,0.0,0.0,0.0,0.0,0.0,18473,global,0.0
5,4,lr5e-05_bs16_drop0p2_temp2p0_a0p25_b0p05__wd1e-04trmiss0_degmodglobal,16,5e-05,0.0001,0.2,2.0,0.25,0.05,lr5e-05_bs16_drop0p2_temp2p0_a0p25_b0p05__wd1e-04trmiss0_degmodglobal,58,0.5543536841869354,0.6349385380744934,0.6388888888888888,0.7439955106621774,0.7692307692307693,0.0,0.44467078149318695,0.5232689008116722,0.08374331705272198,0.20297864079475403,0.0,0.0,0.0,0.0,0.0,18473,global,0.0
5,4,lr5e-05_bs16_drop0p2_temp2p0_a0p25_b0p05__wd1e-04trmiss0_degmodglobal,16,5e-05,0.0001,0.2,2.0,0.25,0.05,lr5e-05_bs16_drop0p2_temp2p0_a0p25_b0p05__wd1e-04trmiss0_degmodglobal,59,0.5748116225004196,0.6441007256507874,0.6111111111111112,0.7307679974346641,0.7692307692307693,0.0,0.42552798241376877,0.5367002040147781,0.102674575522542,0.2488558478653431,0.0,0.0,0.0,0.0,0.0,18473,global,0.0
5,4,lr5e-05_bs16_drop0p2_temp2p0_a0p25_b0p05__wd1e-04trmiss0_degmodglobal,16,5e-05,0.0001,0.2,2.0,0.25,0.05,lr5e-05_bs16_drop0p2_temp2p0_a0p25_b0p05__wd1e-04trmiss0_degmodglobal,60,0.5741456001996994,0.6444317698478699,0.6111111111111112,0.7307679974346641,0.6923076923076923,0.0,0.44226329773664474,0.5444059371948242,0.08301800861954689,0.17970304936170578,0.0,0.0,0.0,0.0,0.0,18473,global,0.0
5,4,lr5e-05_bs16_drop0p2_temp2p0_a0p25_b0p05__wd1e-04trmiss0_degmodglobal,16,5e-05,0.0001,0.2,2.0,0.25,0.05,lr5e-05_bs16_drop0p2_temp2p0_a0p25_b0p05__wd1e-04trmiss0_degmodglobal,61,0.5706610828638077,0.6578110456466675,0.6111111111111112,0.7364197530864198,0.6923076923076923,0.0,0.42595550417900085,0.5396182835102081,0.08533057291060686,0.19420309364795685,0.0,0.0,0.0,0.0,0.0,18473,global,0.0
5,4,lr5e-05_bs16_drop0p4_temp1p0_a0p25_b0p05__wd1e-04trmiss0_degmodglobal,16,5e-05,0.0001,0.4,1.0,0.25,0.05,lr5e-05_bs16_drop0p4_temp1p0_a0p25_b0p05__wd1e-04trmiss0_degmodglobal,1,0.7034967839717865,0.7030412554740906,0.05555555555555555,0.5254961088294422,0.5384615384615384,0.0,0.6465532332658768,0.6891268938779831,0.03326601115986705,0.12106801196932793,0.0,0.0,0.0,0.0,0.0,18473,global,0.0
5,4,lr5e-05_bs16_drop0p4_temp1p0_a0p25_b0p05__wd1e-04trmiss0_degmodglobal,16,5e-05,0.0001,0.4,1.0,0.25,0.05,lr5e-05_bs16_drop0p4_temp1p0_a0p25_b0p05__wd1e-04trmiss0_degmodglobal,2,0.6852539479732513,0.7011018991470337,0.1111111111111111,0.5458664791998125,0.6153846153846154,0.0,0.6503067910671234,0.6736414730548859,0.03102860599756241,0.07710603065788746,0.0,0.0,0.0,0.0,0.0,18473,global,0.0
5,4,lr5e-05_bs16_drop0p4_temp1p0_a0p25_b0p05__wd1e-04trmiss0_degmodglobal,16,5e-05,0.0001,0.4,1.0,0.25,0.05,lr5e-05_bs16_drop0p4_temp1p0_a0p25_b0p05__wd1e-04trmiss0_degmodglobal,3,0.6706871539354324,0.6965682506561279,0.16666666666666666,0.5829035162368497,0.6153846153846154,0.0,0.6345028579235077,0.6556438058614731,0.03982081264257431,0.1017631758004427,0.0,0.0,0.0,0.0,0.0,18473,global,0.0
5,4,lr5e-05_bs16_drop0p4_temp1p0_a0p25_b0p05__wd1e-04trmiss0_degmodglobal,16,5e-05,0.0001,0.4,1.0,0.25,0.05,lr5e-05_bs16_drop0p4_temp1p0_a0p25_b0p05__wd1e-04trmiss0_degmodglobal,4,0.6740754097700119,0.6951390504837036,0.19444444444444442,0.6384590717924052,0.5384615384615384,0.0,0.6280763745307922,0.6594648659229279,0.03905871324241161,0.09691759757697582,0.0,0.0,0.0,0.0,0.0,18473,global,0.0
5,4,lr5e-05_bs16_drop0p4_temp1p0_a0p25_b0p05__wd1e-04trmiss0_degmodglobal,16,5e-05,0.0001,0.4,1.0,0.25,0.05,lr5e-05_bs16_drop0p4_temp1p0_a0p25_b0p05__wd1e-04trmiss0_degmodglobal,5,0.6662715673446655,0.6933662295341492,0.16666666666666666,0.5829035162368497,0.6153846153846154,0.0,0.6044147610664368,0.6489447504281998,0.04308558953925967,0.13110839575529099,0.0,0.0,0.0,0.0,0.0,18473,global,0.0
5,4,lr5e-05_bs16_drop0p4_temp1p0_a0p25_b0p05__wd1e-04trmiss0_degmodglobal,16,5e-05,0.0001,0.4,1.0,0.25,0.05,lr5e-05_bs16_drop0p4_temp1p0_a0p25_b0p05__wd1e-04trmiss0_degmodglobal,6,0.6440019905567169,0.6945431232452393,0.16666666666666666,0.5829035162368497,0.6153846153846154,0.0,0.6006891280412674,0.627164900302887,0.04268696531653404,0.12330666743218899,0.0,0.0,0.0,0.0,0.0,18473,global,0.0
5,4,lr5e-05_bs16_drop0p4_temp1p0_a0p25_b0p05__wd1e-04trmiss0_degmodglobal,16,5e-05,0.0001,0.4,1.0,0.25,0.05,lr5e-05_bs16_drop0p4_temp1p0_a0p25_b0p05__wd1e-04trmiss0_degmodglobal,7,0.6447541117668152,0.6951560974121094,0.16666666666666666,0.5829035162368497,0.6153846153846154,0.0,0.5983997136354446,0.6315703392028809,0.03685305267572403,0.07941018790006638,0.0,0.0,0.0,0.0,0.0,18473,global,0.0
5,4,lr5e-05_bs16_drop0p4_temp1p0_a0p25_b0p05__wd1e-04trmiss0_degmodglobal,16,5e-05,0.0001,0.4,1.0,0.25,0.05,lr5e-05_bs16_drop0p4_temp1p0_a0p25_b0p05__wd1e-04trmiss0_degmodglobal,8,0.6320175677537918,0.6930892467498779,0.16666666666666666,0.5829035162368497,0.6153846153846154,0.0,0.608274295926094,0.6174871474504471,0.03825235180556774,0.09934655204415321,0.0,0.0,0.0,0.0,0.0,18473,global,0.0
5,4,lr5e-05_bs16_drop0p4_temp1p0_a0p25_b0p05__wd1e-04trmiss0_degmodglobal,16,5e-05,0.0001,0.4,1.0,0.25,0.05,lr5e-05_bs16_drop0p4_temp1p0_a0p25_b0p05__wd1e-04trmiss0_degmodglobal,9,0.6372738033533096,0.6933193206787109,0.16666666666666666,0.5829035162368497,0.6923076923076923,0.0,0.5774856954813004,0.6205396950244904,0.04281027475371957,0.12063086591660976,0.0,0.0,0.0,0.0,0.0,18473,global,0.0
5,4,lr5e-05_bs16_drop0p4_temp1p0_a0p25_b0p05__wd1e-04trmiss0_degmodglobal,16,5e-05,0.0001,0.4,1.0,0.25,0.05,lr5e-05_bs16_drop0p4_temp1p0_a0p25_b0p05__wd1e-04trmiss0_degmodglobal,10,0.6313091218471527,0.6919110417366028,0.16666666666666666,0.5829035162368497,0.6923076923076923,0.0,0.5865485668182373,0.6157432794570923,0.04125237185508013,0.10505475476384163,0.0,0.0,0.0,0.0,0.0,18473,global,0.0
5,4,lr5e-05_bs16_drop0p4_temp1p0_a0p25_b0p05__wd1e-04trmiss0_degmodglobal,16,5e-05,0.0001,0.4,1.0,0.25,0.05,lr5e-05_bs16_drop0p4_temp1p0_a0p25_b0p05__wd1e-04trmiss0_degmodglobal,11,0.6244008839130402,0.6903334856033325,0.16666666666666666,0.5829035162368497,0.6923076923076923,0.0,0.5544273108243942,0.6112344264984131,0.033372217789292336,0.09646775852888823,0.0,0.0,0.0,0.0,0.0,18473,global,0.0
5,4,lr5e-05_bs16_drop0p4_temp1p0_a0p25_b0p05__wd1e-04trmiss0_degmodglobal,16,5e-05,0.0001,0.4,1.0,0.25,0.05,lr5e-05_bs16_drop0p4_temp1p0_a0p25_b0p05__wd1e-04trmiss0_degmodglobal,12,0.6516806334257126,0.6886305212974548,0.16666666666666666,0.5829035162368497,0.6923076923076923,0.0,0.5924621671438217,0.6369380503892899,0.040875173872336745,0.09047547820955515,0.0,0.0,0.0,0.0,0.0,18473,global,0.0
5,4,lr5e-05_bs16_drop0p4_temp1p0_a0p25_b0p05__wd1e-04trmiss0_degmodglobal,16,5e-05,0.0001,0.4,1.0,0.25,0.05,lr5e-05_bs16_drop0p4_temp1p0_a0p25_b0p05__wd1e-04trmiss0_degmodglobal,13,0.6123216599225998,0.6866979002952576,0.16666666666666666,0.5829035162368497,0.6923076923076923,0.0,0.5446654260158539,0.5955759584903717,0.039887015242129564,0.13547933287918568,0.0,0.0,0.0,0.0,0.0,18473,global,0.0
5,4,lr5e-05_bs16_drop0p4_temp1p0_a0p25_b0p05__wd1e-04trmiss0_degmodglobal,16,5e-05,0.0001,0.4,1.0,0.25,0.05,lr5e-05_bs16_drop0p4_temp1p0_a0p25_b0p05__wd1e-04trmiss0_degmodglobal,14,0.6048609465360641,0.6815093159675598,0.24999999999999997,0.6098876432209765,0.6923076923076923,0.0,0.5389326512813568,0.5853826999664307,0.05025406088680029,0.13829457573592663,0.0,0.0,0.0,0.0,0.0,18473,global,0.0
5,4,lr5e-05_bs16_drop0p4_temp1p0_a0p25_b0p05__wd1e-04trmiss0_degmodglobal,16,5e-05,0.0001,0.4,1.0,0.25,0.05,lr5e-05_bs16_drop0p4_temp1p0_a0p25_b0p05__wd1e-04trmiss0_degmodglobal,15,0.6174095720052719,0.6793503761291504,0.24999999999999997,0.6098876432209765,0.6923076923076923,0.0,0.5642941445112228,0.6052834987640381,0.031214296352118254,0.08645027643069625,0.0,0.0,0.0,0.0,0.0,18473,global,0.0
5,4,lr5e-05_bs16_drop0p4_temp1p0_a0p25_b0p05__wd1e-04trmiss0_degmodglobal,16,5e-05,0.0001,0.4,1.0,0.25,0.05,lr5e-05_bs16_drop0p4_temp1p0_a0p25_b0p05__wd1e-04trmiss0_degmodglobal,16,0.5883986577391624,0.6769051551818848,0.2777777777777778,0.6945437278770612,0.6923076923076923,0.0,0.5298193171620369,0.5679041594266891,0.050619130954146385,0.1567943785339594,0.0,0.0,0.0,0.0,0.0,18473,global,0.0
5,4,lr5e-05_bs16_drop0p4_temp1p0_a0p25_b0p05__wd1e-04trmiss0_degmodglobal,16,5e-05,0.0001,0.4,1.0,0.25,0.05,lr5e-05_bs16_drop0p4_temp1p0_a0p25_b0p05__wd1e-04trmiss0_degmodglobal,17,0.5809706896543503,0.6777501106262207,0.33333333333333337,0.7191469024802357,0.6153846153846154,0.0,0.5452829152345657,0.5637785494327545,0.04905448481440544,0.09857017919421196,0.0,0.0,0.0,0.0,0.0,18473,global,0.0
5,4,lr5e-05_bs16_drop0p4_temp1p0_a0p25_b0p05__wd1e-04trmiss0_degmodglobal,16,5e-05,0.0001,0.4,1.0,0.25,0.05,lr5e-05_bs16_drop0p4_temp1p0_a0p25_b0p05__wd1e-04trmiss0_degmodglobal,18,0.6190032511949539,0.6804189682006836,0.3055555555555555,0.7024802358135691,0.6153846153846154,0.0,0.5799411982297897,0.6020416915416718,0.040060221683233976,0.13893049024045467,0.0,0.0,0.0,0.0,0.0,18473,global,0.0
5,4,lr5e-05_bs16_drop0p4_temp1p0_a0p25_b0p05__wd1e-04trmiss0_degmodglobal,16,5e-05,0.0001,0.4,1.0,0.25,0.05,lr5e-05_bs16_drop0p4_temp1p0_a0p25_b0p05__wd1e-04trmiss0_degmodglobal,19,0.6111514866352081,0.6761888861656189,0.3055555555555555,0.6731592481592481,0.6153846153846154,0.0,0.5123907923698425,0.593282625079155,0.043404849246144295,0.14035256579518318,0.0,0.0,0.0,0.0,0.0,18473,global,0.0
5,4,lr5e-05_bs16_drop0p4_temp1p0_a0p25_b0p05__wd1e-04trmiss0_degmodglobal,16,5e-05,0.0001,0.4,1.0,0.25,0.05,lr5e-05_bs16_drop0p4_temp1p0_a0p25_b0p05__wd1e-04trmiss0_degmodglobal,20,0.5842470228672028,0.670471727848053,0.3333333333333333,0.6805666555666556,0.6153846153846154,0.0,0.5505282431840897,0.5649722665548325,0.044608596712350845,0.1624518781900406,0.0,0.0,0.0,0.0,0.0,18473,global,0.0
5,4,lr5e-05_bs16_drop0p4_temp1p0_a0p25_b0p05__wd1e-04trmiss0_degmodglobal,16,5e-05,0.0001,0.4,1.0,0.25,0.05,lr5e-05_bs16_drop0p4_temp1p0_a0p25_b0p05__wd1e-04trmiss0_degmodglobal,21,0.5782072693109512,0.6667231321334839,0.41666666666666663,0.7448523698523699,0.6153846153846154,0.0,0.535908430814743,0.5596638023853302,0.0430009257979691,0.1558648981153965,0.0,0.0,0.0,0.0,0.0,18473,global,0.0
5,4,lr5e-05_bs16_drop0p4_temp1p0_a0p25_b0p05__wd1e-04trmiss0_degmodglobal,16,5e-05,0.0001,0.4,1.0,0.25,0.05,lr5e-05_bs16_drop0p4_temp1p0_a0p25_b0p05__wd1e-04trmiss0_degmodglobal,22,0.6080582588911057,0.6602325439453125,0.4444444444444444,0.7547730047730048,0.6153846153846154,0.0,0.5481302440166473,0.5877512097358704,0.04986677784472704,0.15680706314742565,0.0,0.0,0.0,0.0,0.0,18473,global,0.0
5,4,lr5e-05_bs16_drop0p4_temp1p0_a0p25_b0p05__wd1e-04trmiss0_degmodglobal,16,5e-05,0.0001,0.4,1.0,0.25,0.05,lr5e-05_bs16_drop0p4_temp1p0_a0p25_b0p05__wd1e-04trmiss0_degmodglobal,23,0.5856959074735641,0.6604847311973572,0.4444444444444444,0.7547730047730048,0.6153846153846154,0.0,0.5275717973709106,0.5592679679393768,0.061640708707273006,0.22035521641373634,0.0,0.0,0.0,0.0,0.0,18473,global,0.0
5,4,lr5e-05_bs16_drop0p4_temp1p0_a0p25_b0p05__wd1e-04trmiss0_degmodglobal,16,5e-05,0.0001,0.4,1.0,0.25,0.05,lr5e-05_bs16_drop0p4_temp1p0_a0p25_b0p05__wd1e-04trmiss0_degmodglobal,24,0.6086365878582001,0.6605009436607361,0.4722222222222222,0.761843711843712,0.6153846153846154,0.0,0.5189075469970703,0.5828493386507034,0.06490187905728817,0.1912354975938797,0.0,0.0,0.0,0.0,0.0,18473,global,0.0
5,4,lr5e-05_bs16_drop0p4_temp1p0_a0p25_b0p05__wd1e-04trmiss0_degmodglobal,16,5e-05,0.0001,0.4,1.0,0.25,0.05,lr5e-05_bs16_drop0p4_temp1p0_a0p25_b0p05__wd1e-04trmiss0_degmodglobal,25,0.597316637635231,0.6602122187614441,0.4722222222222222,0.761843711843712,0.6153846153846154,0.0,0.5508929044008255,0.5764429271221161,0.052494094241410494,0.15500350669026375,0.0,0.0,0.0,0.0,0.0,18473,global,0.0
5,4,lr5e-05_bs16_drop0p4_temp1p0_a0p25_b0p05__wd1e-04trmiss0_degmodglobal,16,5e-05,0.0001,0.4,1.0,0.25,0.05,lr5e-05_bs16_drop0p4_temp1p0_a0p25_b0p05__wd1e-04trmiss0_degmodglobal,26,0.5834846049547195,0.6588968634605408,0.4722222222222222,0.761843711843712,0.6153846153846154,0.0,0.5415590554475784,0.5640631467103958,0.051623971201479435,0.13030949793756008,0.0,0.0,0.0,0.0,0.0,18473,global,0.0
5,4,lr5e-05_bs16_drop0p4_temp1p0_a0p25_b0p05__wd1e-04trmiss0_degmodglobal,16,5e-05,0.0001,0.4,1.0,0.25,0.05,lr5e-05_bs16_drop0p4_temp1p0_a0p25_b0p05__wd1e-04trmiss0_degmodglobal,27,0.5975034981966019,0.6625102162361145,0.4722222222222222,0.761843711843712,0.6153846153846154,0.0,0.5095850825309753,0.5721435397863388,0.06341766007244587,0.19011099264025688,0.0,0.0,0.0,0.0,0.0,18473,global,0.0
5,4,lr5e-05_bs16_drop0p4_temp1p0_a0p25_b0p05__wd1e-04trmiss0_degmodglobal,16,5e-05,0.0001,0.4,1.0,0.25,0.05,lr5e-05_bs16_drop0p4_temp1p0_a0p25_b0p05__wd1e-04trmiss0_degmodglobal,28,0.574584886431694,0.6658251881599426,0.4166666666666667,0.7148860398860399,0.6153846153846154,0.0,0.5033451020717621,0.5519576221704483,0.05789019167423248,0.16309432871639729,0.0,0.0,0.0,0.0,0.0,18473,global,0.0
5,4,lr5e-05_bs16_drop0p4_temp1p0_a0p25_b0p05__wd1e-04trmiss0_degmodglobal,16,5e-05,0.0001,0.4,1.0,0.25,0.05,lr5e-05_bs16_drop0p4_temp1p0_a0p25_b0p05__wd1e-04trmiss0_degmodglobal,29,0.6303881853818893,0.6533694863319397,0.4722222222222222,0.761843711843712,0.6153846153846154,0.0,0.5552469938993454,0.6079950034618378,0.05618283338844776,0.166949562728405,0.0,0.0,0.0,0.0,0.0,18473,global,0.0
5,4,lr5e-05_bs16_drop0p4_temp1p0_a0p25_b0p05__wd1e-04trmiss0_degmodglobal,16,5e-05,0.0001,0.4,1.0,0.25,0.05,lr5e-05_bs16_drop0p4_temp1p0_a0p25_b0p05__wd1e-04trmiss0_degmodglobal,30,0.586423248052597,0.651820719242096,0.5,0.7711029711029711,0.6153846153846154,0.0,0.5274511650204659,0.5678894221782684,0.05076020397245884,0.1168756471015513,0.0,0.0,0.0,0.0,0.0,18473,global,0.0
5,4,lr5e-05_bs16_drop0p4_temp1p0_a0p25_b0p05__wd1e-04trmiss0_degmodglobal,16,5e-05,0.0001,0.4,1.0,0.25,0.05,lr5e-05_bs16_drop0p4_temp1p0_a0p25_b0p05__wd1e-04trmiss0_degmodglobal,31,0.6030693650245667,0.6533939838409424,0.5,0.7711029711029711,0.6153846153846154,0.0,0.5655169039964676,0.5809139162302017,0.05719416122883558,0.1571378968656063,0.0,0.0,0.0,0.0,0.0,18473,global,0.0
5,4,lr5e-05_bs16_drop0p4_temp1p0_a0p25_b0p05__wd1e-04trmiss0_degmodglobal,16,5e-05,0.0001,0.4,1.0,0.25,0.05,lr5e-05_bs16_drop0p4_temp1p0_a0p25_b0p05__wd1e-04trmiss0_degmodglobal,32,0.5669061988592148,0.6577697396278381,0.4444444444444444,0.7519230769230769,0.6923076923076923,0.0,0.5139876753091812,0.5469533056020737,0.053642513230443,0.13084528967738152,0.0,0.0,0.0,0.0,0.0,18473,global,0.0
5,4,lr5e-05_bs16_drop0p4_temp1p0_a0p25_b0p05__wd1e-04trmiss0_degmodglobal,16,5e-05,0.0001,0.4,1.0,0.25,0.05,lr5e-05_bs16_drop0p4_temp1p0_a0p25_b0p05__wd1e-04trmiss0_degmodglobal,33,0.574521079659462,0.6473560333251953,0.5,0.7711029711029711,0.6153846153846154,0.0,0.5200889185070992,0.5589340776205063,0.03847615933045745,0.11935912724584341,0.0,0.0,0.0,0.0,0.0,18473,global,0.0
5,4,lr5e-05_bs16_drop0p4_temp1p0_a0p25_b0p05__wd1e-04trmiss0_degmodglobal,16,5e-05,0.0001,0.4,1.0,0.25,0.05,lr5e-05_bs16_drop0p4_temp1p0_a0p25_b0p05__wd1e-04trmiss0_degmodglobal,34,0.5440478622913361,0.6412371397018433,0.5833333333333334,0.8269230769230771,0.6153846153846154,0.0,0.5301525890827179,0.5263256579637527,0.046946602407842875,0.1197110852226615,0.0,0.0,0.0,0.0,0.0,18473,global,0.0
5,4,lr5e-05_bs16_drop0p4_temp1p0_a0p25_b0p05__wd1e-04trmiss0_degmodglobal,16,5e-05,0.0001,0.4,1.0,0.25,0.05,lr5e-05_bs16_drop0p4_temp1p0_a0p25_b0p05__wd1e-04trmiss0_degmodglobal,35,0.5906176865100861,0.6406452655792236,0.5833333333333334,0.8269230769230771,0.6923076923076923,0.0,0.5271216854453087,0.566432923078537,0.06534531805664301,0.15696867741644382,0.0,0.0,0.0,0.0,0.0,18473,global,0.0
5,4,lr5e-05_bs16_drop0p4_temp1p0_a0p25_b0p05__wd1e-04trmiss0_degmodglobal,16,5e-05,0.0001,0.4,1.0,0.25,0.05,lr5e-05_bs16_drop0p4_temp1p0_a0p25_b0p05__wd1e-04trmiss0_degmodglobal,36,0.5372660383582115,0.6491943001747131,0.5555555555555556,0.7842472342472344,0.6923076923076923,0.0,0.5010206550359726,0.5187741816043854,0.051075580064207315,0.1144593246281147,0.0,0.0,0.0,0.0,0.0,18473,global,0.0
5,4,lr5e-05_bs16_drop0p4_temp1p0_a0p25_b0p05__wd1e-04trmiss0_degmodglobal,16,5e-05,0.0001,0.4,1.0,0.25,0.05,lr5e-05_bs16_drop0p4_temp1p0_a0p25_b0p05__wd1e-04trmiss0_degmodglobal,37,0.5762032866477966,0.6553658843040466,0.4722222222222222,0.6823953823953824,0.6923076923076923,0.0,0.5248481184244156,0.5547660142183304,0.057340582367032766,0.14204302616417408,0.0,0.0,0.0,0.0,0.0,18473,global,0.0
5,4,lr5e-05_bs16_drop0p4_temp1p0_a0p25_b0p05__wd1e-04trmiss0_degmodglobal,16,5e-05,0.0001,0.4,1.0,0.25,0.05,lr5e-05_bs16_drop0p4_temp1p0_a0p25_b0p05__wd1e-04trmiss0_degmodglobal,38,0.562174841761589,0.6610013842582703,0.41666666666666663,0.6558080808080808,0.6923076923076923,0.0,0.5204469710588455,0.5449109971523285,0.043149336241185665,0.1295302091166377,0.0,0.0,0.0,0.0,0.0,18473,global,0.0
5,4,lr5e-05_bs16_drop0p4_temp1p0_a0p25_b0p05__wd1e-04trmiss0_degmodglobal,16,5e-05,0.0001,0.4,1.0,0.25,0.05,lr5e-05_bs16_drop0p4_temp1p0_a0p25_b0p05__wd1e-04trmiss0_degmodglobal,39,0.5636450797319412,0.6700109839439392,0.41666666666666663,0.6558080808080808,0.7692307692307693,0.0,0.5172756016254425,0.5400970429182053,0.05994944740086794,0.17121299542486668,0.0,0.0,0.0,0.0,0.0,18473,global,0.0
5,4,lr5e-05_bs16_drop0p4_temp1p0_a0p25_b0p05__wd1e-04trmiss0_degmodglobal,16,5e-05,0.0001,0.4,1.0,0.25,0.05,lr5e-05_bs16_drop0p4_temp1p0_a0p25_b0p05__wd1e-04trmiss0_degmodglobal,40,0.5733512043952942,0.6710690855979919,0.41666666666666663,0.6558080808080808,0.6923076923076923,0.0,0.49766286462545395,0.5431956648826599,0.07888740859925747,0.20867382362484932,0.0,0.0,0.0,0.0,0.0,18473,global,0.0
5,4,lr5e-05_bs16_drop0p4_temp1p0_a0p25_b0p05__wd1e-04trmiss0_degmodglobal,16,5e-05,0.0001,0.4,1.0,0.25,0.05,lr5e-05_bs16_drop0p4_temp1p0_a0p25_b0p05__wd1e-04trmiss0_degmodglobal,41,0.5375127121806145,0.6684280633926392,0.41666666666666663,0.6558080808080808,0.7692307692307693,0.0,0.48814357817173004,0.5167244225740433,0.05617900472134352,0.13487092405557632,0.0,0.0,0.0,0.0,0.0,18473,global,0.0
5,4,lr5e-05_bs16_drop0p4_temp1p0_a0p25_b0p05__wd1e-04trmiss0_degmodglobal,16,5e-05,0.0001,0.4,1.0,0.25,0.05,lr5e-05_bs16_drop0p4_temp1p0_a0p25_b0p05__wd1e-04trmiss0_degmodglobal,42,0.5595144331455231,0.6695687174797058,0.38888888888888884,0.6493978243978243,0.6923076923076923,0.0,0.5283662229776382,0.5354350507259369,0.05914565362036228,0.1858595348894596,0.0,0.0,0.0,0.0,0.0,18473,global,0.0
5,4,lr5e-05_bs16_drop0p4_temp1p0_a0p25_b0p05__wd1e-04trmiss0_degmodglobal,16,5e-05,0.0001,0.4,1.0,0.25,0.05,lr5e-05_bs16_drop0p4_temp1p0_a0p25_b0p05__wd1e-04trmiss0_degmodglobal,43,0.5439886301755905,0.6713628172874451,0.41666666666666663,0.6558080808080808,0.6923076923076923,0.0,0.500133328139782,0.5257141143083572,0.049439129419624805,0.1182942632585764,0.0,0.0,0.0,0.0,0.0,18473,global,0.0
5,4,lr5e-05_bs16_drop0p4_temp1p0_a0p25_b0p05__wd1e-04trmiss0_degmodglobal,16,5e-05,0.0001,0.4,1.0,0.25,0.05,lr5e-05_bs16_drop0p4_temp1p0_a0p25_b0p05__wd1e-04trmiss0_degmodglobal,44,0.5693326145410538,0.6726489663124084,0.41666666666666663,0.6558080808080808,0.6923076923076923,0.0,0.4802468940615654,0.538496345281601,0.07257217355072498,0.25386471673846245,0.0,0.0,0.0,0.0,0.0,18473,global,0.0
5,4,lr5e-05_bs16_drop0p4_temp1p0_a0p25_b0p05__wd1e-04trmiss0_degmodglobal,16,5e-05,0.0001,0.4,1.0,0.25,0.05,lr5e-05_bs16_drop0p4_temp1p0_a0p25_b0p05__wd1e-04trmiss0_degmodglobal,45,0.5445366352796555,0.6788541674613953,0.41666666666666663,0.6558080808080808,0.6923076923076923,0.0,0.5021456032991409,0.5217364132404327,0.054869054816663265,0.18165916576981544,0.0,0.0,0.0,0.0,0.0,18473,global,0.0
5,4,lr5e-05_bs16_drop0p4_temp1p0_a0p25_b0p05__wd1e-04trmiss0_degmodglobal,16,5e-05,0.0001,0.4,1.0,0.25,0.05,lr5e-05_bs16_drop0p4_temp1p0_a0p25_b0p05__wd1e-04trmiss0_degmodglobal,46,0.5583660453557968,0.6834957599639893,0.3888888888888889,0.6372895622895624,0.7692307692307693,0.0,0.5076998323202133,0.5349742993712425,0.06139202509075403,0.16087498888373375,0.0,0.0,0.0,0.0,0.0,18473,global,0.0
5,4,lr5e-05_bs16_drop0p4_temp1p0_a0p25_b0p05__wd1e-04trmiss0_degmodglobal,16,5e-05,0.0001,0.4,1.0,0.25,0.05,lr5e-05_bs16_drop0p4_temp1p0_a0p25_b0p05__wd1e-04trmiss0_degmodglobal,47,0.5489644110202789,0.6852933764457703,0.3611111111111111,0.6267075517075518,0.7692307692307693,0.0,0.5083039849996567,0.5237280279397964,0.06866016611456871,0.16142654977738857,0.0,0.0,0.0,0.0,0.0,18473,global,0.0
5,4,lr5e-05_bs16_drop0p4_temp1p0_a0p25_b0p05__wd1e-04trmiss0_degmodglobal,16,5e-05,0.0001,0.4,1.0,0.25,0.05,lr5e-05_bs16_drop0p4_temp1p0_a0p25_b0p05__wd1e-04trmiss0_degmodglobal,48,0.5461672395467758,0.6744725108146667,0.36111111111111105,0.6388158138158138,0.6923076923076923,0.0,0.504381574690342,0.5276048183441162,0.04727955628186464,0.13485031202435493,0.0,0.0,0.0,0.0,0.0,18473,global,0.0
5,4,lr5e-05_bs16_drop0p4_temp1p0_a0p25_b0p05__wd1e-04trmiss0_degmodglobal,16,5e-05,0.0001,0.4,1.0,0.25,0.05,lr5e-05_bs16_drop0p4_temp1p0_a0p25_b0p05__wd1e-04trmiss0_degmodglobal,49,0.5440335869789124,0.6636913418769836,0.41666666666666663,0.711038036038036,0.6923076923076923,0.0,0.4872983694076538,0.525410994887352,0.05537541024386883,0.09557499177753925,0.0,0.0,0.0,0.0,0.0,18473,global,0.0
5,4,lr5e-05_bs16_drop0p4_temp1p0_a0p25_b0p05__wd1e-04trmiss0_degmodglobal,16,5e-05,0.0001,0.4,1.0,0.25,0.05,lr5e-05_bs16_drop0p4_temp1p0_a0p25_b0p05__wd1e-04trmiss0_degmodglobal,50,0.5292591080069542,0.6605666279792786,0.41666666666666663,0.6660644910644911,0.6923076923076923,0.0,0.4929887354373932,0.5131324976682663,0.042369467206299305,0.11068475618958473,0.0,0.0,0.0,0.0,0.0,18473,global,0.0
5,4,lr5e-05_bs16_drop0p4_temp1p0_a0p25_b0p05__wd1e-04trmiss0_degmodglobal,16,5e-05,0.0001,0.4,1.0,0.25,0.05,lr5e-05_bs16_drop0p4_temp1p0_a0p25_b0p05__wd1e-04trmiss0_degmodglobal,51,0.5816060602664948,0.6609541177749634,0.38888888888888884,0.6554824804824805,0.6923076923076923,0.0,0.528819777071476,0.5536979883909225,0.07474648673087358,0.18442930839955807,0.0,0.0,0.0,0.0,0.0,18473,global,0.0
5,4,lr5e-05_bs16_drop0p4_temp1p0_a0p25_b0p05__wd1e-04trmiss0_degmodglobal,16,5e-05,0.0001,0.4,1.0,0.25,0.05,lr5e-05_bs16_drop0p4_temp1p0_a0p25_b0p05__wd1e-04trmiss0_degmodglobal,52,0.5618144869804382,0.6700453758239746,0.3888888888888889,0.6452260702260703,0.6923076923076923,0.0,0.539251521229744,0.543926440179348,0.05091627687215805,0.10317932814359665,0.0,0.0,0.0,0.0,0.0,18473,global,0.0
5,4,lr5e-05_bs16_drop0p4_temp1p0_a0p25_b0p05__wd1e-04trmiss0_degmodglobal,16,5e-05,0.0001,0.4,1.0,0.25,0.05,lr5e-05_bs16_drop0p4_temp1p0_a0p25_b0p05__wd1e-04trmiss0_degmodglobal,53,0.5501539707183838,0.6853076219558716,0.3611111111111111,0.6341149591149592,0.7692307692307693,0.0,0.49596404284238815,0.5290462672710419,0.05537470616400242,0.14528048038482666,0.0,0.0,0.0,0.0,0.0,18473,global,0.0
5,4,lr5e-05_bs16_drop0p4_temp1p0_a0p25_b0p05__wd1e-04trmiss0_degmodglobal,16,5e-05,0.0001,0.4,1.0,0.25,0.05,lr5e-05_bs16_drop0p4_temp1p0_a0p25_b0p05__wd1e-04trmiss0_degmodglobal,54,0.5502513945102692,0.6886510252952576,0.3611111111111111,0.6341149591149592,0.7692307692307693,0.0,0.491492323577404,0.522797666490078,0.07220146898180246,0.1880673449486494,0.0,0.0,0.0,0.0,0.0,18473,global,0.0
5,4,lr5e-05_bs16_drop0p4_temp1p0_a0p25_b0p05__wd1e-04trmiss0_degmodglobal,16,5e-05,0.0001,0.4,1.0,0.25,0.05,lr5e-05_bs16_drop0p4_temp1p0_a0p25_b0p05__wd1e-04trmiss0_degmodglobal,55,0.5513835549354553,0.6908487677574158,0.3611111111111111,0.6341149591149592,0.6923076923076923,0.0,0.47626810520887375,0.5227982252836227,0.07424017041921616,0.2005057092756033,0.0,0.0,0.0,0.0,0.0,18473,global,0.0
5,4,lr5e-05_bs16_drop0p4_temp2p0_a0p25_b0p05__wd1e-04trmiss0_degmodglobal,16,5e-05,0.0001,0.4,2.0,0.25,0.05,lr5e-05_bs16_drop0p4_temp2p0_a0p25_b0p05__wd1e-04trmiss0_degmodglobal,1,0.8465415388345718,1.3682676553726196,0.611111111111111,0.7419142585809253,0.3076923076923077,0.0,0.6917571127414703,0.7985164225101471,0.10677901655435562,0.4266074076294899,0.0,0.0,0.0,0.0,0.0,18473,global,0.0
5,4,lr5e-05_bs16_drop0p4_temp2p0_a0p25_b0p05__wd1e-04trmiss0_degmodglobal,16,5e-05,0.0001,0.4,2.0,0.25,0.05,lr5e-05_bs16_drop0p4_temp2p0_a0p25_b0p05__wd1e-04trmiss0_degmodglobal,2,0.8131589144468307,1.4142987728118896,0.611111111111111,0.7419142585809253,0.3076923076923077,0.0,0.6896489709615707,0.7760682553052902,0.07887808233499527,0.3474227488040924,0.0,0.0,0.0,0.0,0.0,18473,global,0.0
5,4,lr5e-05_bs16_drop0p4_temp2p0_a0p25_b0p05__wd1e-04trmiss0_degmodglobal,16,5e-05,0.0001,0.4,2.0,0.25,0.05,lr5e-05_bs16_drop0p4_temp2p0_a0p25_b0p05__wd1e-04trmiss0_degmodglobal,3,0.820626750588417,1.4015918970108032,0.611111111111111,0.7419142585809253,0.3076923076923077,0.0,0.6362494081258774,0.7756109535694122,0.0860398281365633,0.4701164811849594,0.0,0.0,0.0,0.0,0.0,18473,global,0.0
5,4,lr5e-05_bs16_drop0p4_temp2p0_a0p25_b0p05__wd1e-04trmiss0_degmodglobal,16,5e-05,0.0001,0.4,2.0,0.25,0.05,lr5e-05_bs16_drop0p4_temp2p0_a0p25_b0p05__wd1e-04trmiss0_degmodglobal,4,0.7392521500587463,1.4574192762374878,0.611111111111111,0.7419142585809253,0.3076923076923077,0.0,0.6379988789558411,0.7014018595218658,0.08128608763217926,0.3505748510360718,0.0,0.0,0.0,0.0,0.0,18473,global,0.0
5,4,lr5e-05_bs16_drop0p4_temp2p0_a0p25_b0p05__wd1e-04trmiss0_degmodglobal,16,5e-05,0.0001,0.4,2.0,0.25,0.05,lr5e-05_bs16_drop0p4_temp2p0_a0p25_b0p05__wd1e-04trmiss0_degmodglobal,5,0.7364582866430283,1.4867651462554932,0.611111111111111,0.7419142585809253,0.3076923076923077,0.0,0.6357260644435883,0.6949764639139175,0.088528573513031,0.38699351996183395,0.0,0.0,0.0,0.0,0.0,18473,global,0.0
5,4,lr5e-05_bs16_drop0p4_temp2p0_a0p25_b0p05__wd1e-04trmiss0_degmodglobal,16,5e-05,0.0001,0.4,2.0,0.25,0.05,lr5e-05_bs16_drop0p4_temp2p0_a0p25_b0p05__wd1e-04trmiss0_degmodglobal,6,0.7483954578638077,1.4798818826675415,0.611111111111111,0.7419142585809253,0.3076923076923077,0.0,0.6006600707769394,0.7124172449111938,0.07745118997991085,0.332308154553175,0.0,0.0,0.0,0.0,0.0,18473,global,0.0
5,4,lr5e-05_bs16_drop0p4_temp2p0_a0p25_b0p05__wd1e-04trmiss0_degmodglobal,16,5e-05,0.0001,0.4,2.0,0.25,0.05,lr5e-05_bs16_drop0p4_temp2p0_a0p25_b0p05__wd1e-04trmiss0_degmodglobal,7,0.7364923804998398,1.537996530532837,0.611111111111111,0.7419142585809253,0.3076923076923077,0.0,0.6292790472507477,0.6894791722297668,0.10674995183944702,0.4065147116780281,0.0,0.0,0.0,0.0,0.0,18473,global,0.0
5,4,lr5e-05_bs16_drop0p4_temp2p0_a0p25_b0p05__wd1e-04trmiss0_degmodglobal,16,5e-05,0.0001,0.4,2.0,0.25,0.05,lr5e-05_bs16_drop0p4_temp2p0_a0p25_b0p05__wd1e-04trmiss0_degmodglobal,8,0.74041548371315,1.5298632383346558,0.5277777777777777,0.708701175367842,0.3076923076923077,0.0,0.62347611784935,0.7094442695379257,0.06652629282325506,0.2867927923798561,0.0,0.0,0.0,0.0,0.0,18473,global,0.0
5,4,lr5e-05_bs16_drop0p4_temp2p0_a0p25_b0p05__wd1e-04trmiss0_degmodglobal,16,5e-05,0.0001,0.4,2.0,0.25,0.05,lr5e-05_bs16_drop0p4_temp2p0_a0p25_b0p05__wd1e-04trmiss0_degmodglobal,9,0.7472390830516815,1.5269993543624878,0.5277777777777777,0.708701175367842,0.3076923076923077,0.0,0.596877858042717,0.7068692892789841,0.08256204146891832,0.3945854529738426,0.0,0.0,0.0,0.0,0.0,18473,global,0.0
5,4,lr5e-05_bs16_drop0p4_temp2p0_a0p25_b0p05__wd1e-04trmiss0_degmodglobal,16,5e-05,0.0001,0.4,2.0,0.25,0.05,lr5e-05_bs16_drop0p4_temp2p0_a0p25_b0p05__wd1e-04trmiss0_degmodglobal,10,0.7083519399166107,1.5666539669036865,0.5277777777777777,0.708701175367842,0.3076923076923077,0.0,0.6020641773939133,0.6659102439880371,0.09779052436351776,0.3598814606666565,0.0,0.0,0.0,0.0,0.0,18473,global,0.0
5,4,lr5e-05_bs16_drop0p4_temp2p0_a0p25_b0p05__wd1e-04trmiss0_degmodglobal,16,5e-05,0.0001,0.4,2.0,0.25,0.05,lr5e-05_bs16_drop0p4_temp2p0_a0p25_b0p05__wd1e-04trmiss0_degmodglobal,11,0.7428315281867981,1.5825614929199219,0.5555555555555556,0.7167819834486502,0.3076923076923077,0.0,0.5909473448991776,0.6972226053476334,0.09776899218559265,0.42333338037133217,0.0,0.0,0.0,0.0,0.0,18473,global,0.0
5,4,lr5e-05_bs16_drop0p4_temp2p0_a0p25_b0p05__wd1e-04trmiss0_degmodglobal,16,5e-05,0.0001,0.4,2.0,0.25,0.05,lr5e-05_bs16_drop0p4_temp2p0_a0p25_b0p05__wd1e-04trmiss0_degmodglobal,12,0.7264568507671356,1.5530610084533691,0.5277777777777777,0.708701175367842,0.3076923076923077,0.0,0.6060225516557693,0.6853300929069519,0.09011419955641031,0.3719645366072655,0.0,0.0,0.0,0.0,0.0,18473,global,0.0
5,4,lr5e-05_bs16_drop0p4_temp2p0_a0p25_b0p05__wd1e-04trmiss0_degmodglobal,16,5e-05,0.0001,0.4,2.0,0.25,0.05,lr5e-05_bs16_drop0p4_temp2p0_a0p25_b0p05__wd1e-04trmiss0_degmodglobal,13,0.7360208928585052,1.5838465690612793,0.5277777777777777,0.708701175367842,0.3076923076923077,0.0,0.5655599236488342,0.6848222315311432,0.10989777185022831,0.4744844287633896,0.0,0.0,0.0,0.0,0.0,18473,global,0.0
5,4,lr5e-05_bs16_drop0p4_temp2p0_a0p25_b0p05__wd1e-04trmiss0_degmodglobal,16,5e-05,0.0001,0.4,2.0,0.25,0.05,lr5e-05_bs16_drop0p4_temp2p0_a0p25_b0p05__wd1e-04trmiss0_degmodglobal,14,0.7214060723781586,1.601012110710144,0.5833333333333333,0.7300094966761634,0.3076923076923077,0.0,0.5580883324146271,0.6825284063816071,0.08648901432752609,0.34510795772075653,0.0,0.0,0.0,0.0,0.0,18473,global,0.0
5,4,lr5e-05_bs16_drop0p4_temp2p0_a0p25_b0p05__wd1e-04trmiss0_degmodglobal,16,5e-05,0.0001,0.4,2.0,0.25,0.05,lr5e-05_bs16_drop0p4_temp2p0_a0p25_b0p05__wd1e-04trmiss0_degmodglobal,15,0.7007808685302734,1.5977367162704468,0.5555555555555556,0.7167819834486502,0.3076923076923077,0.0,0.5504892915487289,0.6670765727758408,0.07815395761281252,0.28331639245152473,0.0,0.0,0.0,0.0,0.0,18473,global,0.0
5,4,lr5e-05_bs16_drop0p4_temp2p0_a0p25_b0p05__wd1e-04trmiss0_degmodglobal,16,5e-05,0.0001,0.4,2.0,0.25,0.05,lr5e-05_bs16_drop0p4_temp2p0_a0p25_b0p05__wd1e-04trmiss0_degmodglobal,16,0.7040091454982758,1.5366085767745972,0.5555555555555556,0.7167819834486502,0.3076923076923077,0.0,0.5640262365341187,0.6537249982357025,0.11108541861176491,0.45025599747896194,0.0,0.0,0.0,0.0,0.0,18473,global,0.0
5,4,lr5e-05_bs16_drop0p4_temp2p0_a0p25_b0p05__wd1e-04trmiss0_degmodglobal,16,5e-05,0.0001,0.4,2.0,0.25,0.05,lr5e-05_bs16_drop0p4_temp2p0_a0p25_b0p05__wd1e-04trmiss0_degmodglobal,17,0.6961690038442612,1.580774188041687,0.5555555555555556,0.7167819834486502,0.3076923076923077,0.0,0.5591084957122803,0.6568386107683182,0.09291221387684345,0.3220466934144497,0.0,0.0,0.0,0.0,0.0,18473,global,0.0
5,4,lr5e-05_bs16_drop0p4_temp2p0_a0p25_b0p05__wd1e-04trmiss0_degmodglobal,16,5e-05,0.0001,0.4,2.0,0.25,0.05,lr5e-05_bs16_drop0p4_temp2p0_a0p25_b0p05__wd1e-04trmiss0_degmodglobal,18,0.6902740150690079,1.5717419385910034,0.611111111111111,0.7419142585809253,0.3076923076923077,0.0,0.5408897548913956,0.6408764123916626,0.10272699221968651,0.4743172824382782,0.0,0.0,0.0,0.0,0.0,18473,global,0.0
5,4,lr5e-05_bs16_drop0p4_temp2p0_a0p25_b0p05__wd1e-04trmiss0_degmodglobal,16,5e-05,0.0001,0.4,2.0,0.25,0.05,lr5e-05_bs16_drop0p4_temp2p0_a0p25_b0p05__wd1e-04trmiss0_degmodglobal,19,0.709514394402504,1.5587561130523682,0.611111111111111,0.7419142585809253,0.3076923076923077,0.0,0.5448462292551994,0.6637974679470062,0.09744158759713173,0.42713093012571335,0.0,0.0,0.0,0.0,0.0,18473,global,0.0
5,4,lr5e-05_bs16_drop0p4_temp2p0_a0p25_b0p05__wd1e-04trmiss0_degmodglobal,16,5e-05,0.0001,0.4,2.0,0.25,0.05,lr5e-05_bs16_drop0p4_temp2p0_a0p25_b0p05__wd1e-04trmiss0_degmodglobal,20,0.7293526828289032,1.5507296323776245,0.5833333333333333,0.7338334505001172,0.3076923076923077,0.0,0.5514508634805679,0.6910226345062256,0.08002594858407974,0.36647140234708786,0.0,0.0,0.0,0.0,0.0,18473,global,0.0
5,4,lr5e-05_bs16_drop0p4_temp2p0_a0p25_b0p05__wd1e-04trmiss0_degmodglobal,16,5e-05,0.0001,0.4,2.0,0.25,0.05,lr5e-05_bs16_drop0p4_temp2p0_a0p25_b0p05__wd1e-04trmiss0_degmodglobal,21,0.7121041417121887,1.564113974571228,0.5833333333333333,0.7338334505001172,0.3076923076923077,0.0,0.5654807090759277,0.6699483543634415,0.0929221399128437,0.3785048946738243,0.0,0.0,0.0,0.0,0.0,18473,global,0.0
5,4,lr5e-05_bs16_drop0p4_temp2p0_a0p25_b0p05__wd1e-04trmiss0_degmodglobal,16,5e-05,0.0001,0.4,2.0,0.25,0.05,lr5e-05_bs16_drop0p4_temp2p0_a0p25_b0p05__wd1e-04trmiss0_degmodglobal,22,0.6841340959072113,1.5483722686767578,0.5833333333333333,0.7338334505001172,0.3076923076923077,0.0,0.5122317299246788,0.6388151049613953,0.09919825755059719,0.4103882983326912,0.0,0.0,0.0,0.0,0.0,18473,global,0.0
5,4,lr5e-05_bs16_drop0p4_temp2p0_a0p25_b0p05__wd1e-04trmiss0_degmodglobal,16,5e-05,0.0001,0.4,2.0,0.25,0.05,lr5e-05_bs16_drop0p4_temp2p0_a0p25_b0p05__wd1e-04trmiss0_degmodglobal,23,0.6992833465337753,1.5636727809906006,0.5833333333333333,0.7338334505001172,0.3076923076923077,0.0,0.5280759632587433,0.6563457101583481,0.09496091119945049,0.38394811004400253,0.0,0.0,0.0,0.0,0.0,18473,global,0.0
5,4,lr5e-05_bs16_drop0p4_temp2p0_a0p25_b0p05__wd1e-04trmiss0_degmodglobal,16,5e-05,0.0001,0.4,2.0,0.25,0.05,lr5e-05_bs16_drop0p4_temp2p0_a0p25_b0p05__wd1e-04trmiss0_degmodglobal,24,0.7496864348649979,1.5739256143569946,0.5833333333333333,0.7338334505001172,0.3076923076923077,0.0,0.5091124624013901,0.6894500702619553,0.11984189599752426,0.6055175587534904,0.0,0.0,0.0,0.0,0.0,18473,global,0.0
5,4,lr5e-05_bs16_drop0p4_temp2p0_a0p25_b0p05__wd1e-04trmiss0_degmodglobal,16,5e-05,0.0001,0.4,2.0,0.25,0.05,lr5e-05_bs16_drop0p4_temp2p0_a0p25_b0p05__wd1e-04trmiss0_degmodglobal,25,0.6879333406686783,1.648891806602478,0.5833333333333333,0.7338334505001172,0.3076923076923077,0.0,0.518438532948494,0.647577315568924,0.08755443803966045,0.3693481609225273,0.0,0.0,0.0,0.0,0.0,18473,global,0.0
5,4,lr5e-05_bs16_drop0p4_temp2p0_a0p25_b0p05__wd1e-04trmiss0_degmodglobal,16,5e-05,0.0001,0.4,2.0,0.25,0.05,lr5e-05_bs16_drop0p4_temp2p0_a0p25_b0p05__wd1e-04trmiss0_degmodglobal,26,0.7605578303337097,1.6031115055084229,0.5833333333333333,0.7338334505001172,0.3076923076923077,0.0,0.5296826586127281,0.7089715600013733,0.11105077341198921,0.47647155821323395,0.0,0.0,0.0,0.0,0.0,18473,global,0.0
5,4,lr1e-05_bs16_drop0p2_temp1p0_a0p25_b0p05__wd1e-04trmiss0_degmodglobal,16,1e-05,0.0001,0.2,1.0,0.25,0.05,lr1e-05_bs16_drop0p2_temp1p0_a0p25_b0p05__wd1e-04trmiss0_degmodglobal,1,0.7044910788536072,0.6949194669723511,0.6111111111111112,0.8268398268398269,0.46153846153846156,0.0,0.7007422149181366,0.6930505037307739,0.028373632114380598,0.08694333955645561,0.0,0.0,0.0,0.0,0.0,18473,global,0.0
5,4,lr1e-05_bs16_drop0p2_temp1p0_a0p25_b0p05__wd1e-04trmiss0_degmodglobal,16,1e-05,0.0001,0.2,1.0,0.25,0.05,lr1e-05_bs16_drop0p2_temp1p0_a0p25_b0p05__wd1e-04trmiss0_degmodglobal,2,0.7129316031932831,0.6939641237258911,0.6111111111111112,0.8268398268398269,0.46153846153846156,0.0,0.699701264500618,0.7023926079273224,0.027632995508611202,0.07261453941464424,0.0,0.0,0.0,0.0,0.0,18473,global,0.0
5,4,lr1e-05_bs16_drop0p2_temp1p0_a0p25_b0p05__wd1e-04trmiss0_degmodglobal,16,1e-05,0.0001,0.2,1.0,0.25,0.05,lr1e-05_bs16_drop0p2_temp1p0_a0p25_b0p05__wd1e-04trmiss0_degmodglobal,3,0.6897132247686386,0.6932229995727539,0.5833333333333333,0.8204295704295705,0.46153846153846156,0.0,0.6912220567464828,0.678541973233223,0.032416204921901226,0.0613444778136909,0.0,0.0,0.0,0.0,0.0,18473,global,0.0
5,4,lr1e-05_bs16_drop0p2_temp1p0_a0p25_b0p05__wd1e-04trmiss0_degmodglobal,16,1e-05,0.0001,0.2,1.0,0.25,0.05,lr1e-05_bs16_drop0p2_temp1p0_a0p25_b0p05__wd1e-04trmiss0_degmodglobal,4,0.6792556047439575,0.6932420134544373,0.5833333333333333,0.8204295704295705,0.46153846153846156,0.0,0.6703732311725616,0.6685789525508881,0.028579595033079386,0.07063501421362162,0.0,0.0,0.0,0.0,0.0,18473,global,0.0
5,4,lr1e-05_bs16_drop0p2_temp1p0_a0p25_b0p05__wd1e-04trmiss0_degmodglobal,16,1e-05,0.0001,0.2,1.0,0.25,0.05,lr1e-05_bs16_drop0p2_temp1p0_a0p25_b0p05__wd1e-04trmiss0_degmodglobal,5,0.6748520284891129,0.6932562589645386,0.5833333333333333,0.8204295704295705,0.46153846153846156,0.0,0.6776505708694458,0.6631226539611816,0.02883642679080367,0.09040575474500656,0.0,0.0,0.0,0.0,0.0,18473,global,0.0
5,4,lr1e-05_bs16_drop0p2_temp1p0_a0p25_b0p05__wd1e-04trmiss0_degmodglobal,16,1e-05,0.0001,0.2,1.0,0.25,0.05,lr1e-05_bs16_drop0p2_temp1p0_a0p25_b0p05__wd1e-04trmiss0_degmodglobal,6,0.6895146518945694,0.6926450133323669,0.6111111111111112,0.8290715457382125,0.46153846153846156,0.0,0.6756492853164673,0.6774304211139679,0.029725954867899418,0.09305519238114357,0.0,0.0,0.0,0.0,0.0,18473,global,0.0
5,4,lr1e-05_bs16_drop0p2_temp1p0_a0p25_b0p05__wd1e-04trmiss0_degmodglobal,16,1e-05,0.0001,0.2,1.0,0.25,0.05,lr1e-05_bs16_drop0p2_temp1p0_a0p25_b0p05__wd1e-04trmiss0_degmodglobal,7,0.673577681183815,0.6940863728523254,0.5833333333333333,0.8204295704295705,0.46153846153846156,0.0,0.6839941143989563,0.662647157907486,0.027471665758639574,0.08125187270343304,0.0,0.0,0.0,0.0,0.0,18473,global,0.0
5,4,lr1e-05_bs16_drop0p2_temp1p0_a0p25_b0p05__wd1e-04trmiss0_degmodglobal,16,1e-05,0.0001,0.2,1.0,0.25,0.05,lr1e-05_bs16_drop0p2_temp1p0_a0p25_b0p05__wd1e-04trmiss0_degmodglobal,8,0.6680567115545273,0.6929062008857727,0.6388888888888888,0.8354818021484689,0.46153846153846156,0.0,0.6648085713386536,0.655521810054779,0.03438833635300398,0.07875595334917307,0.0,0.0,0.0,0.0,0.0,18473,global,0.0
5,4,lr1e-05_bs16_drop0p2_temp1p0_a0p25_b0p05__wd1e-04trmiss0_degmodglobal,16,1e-05,0.0001,0.2,1.0,0.25,0.05,lr1e-05_bs16_drop0p2_temp1p0_a0p25_b0p05__wd1e-04trmiss0_degmodglobal,9,0.6696663796901703,0.6925041079521179,0.5555555555555556,0.7864789531456198,0.46153846153846156,0.0,0.6498749107122421,0.6617686897516251,0.021430998109281063,0.05079922266304493,0.0,0.0,0.0,0.0,0.0,18473,global,0.0
5,4,lr1e-05_bs16_drop0p2_temp1p0_a0p25_b0p05__wd1e-04trmiss0_degmodglobal,16,1e-05,0.0001,0.2,1.0,0.25,0.05,lr1e-05_bs16_drop0p2_temp1p0_a0p25_b0p05__wd1e-04trmiss0_degmodglobal,10,0.6749421507120132,0.6914411783218384,0.5833333333333334,0.7928892095558764,0.46153846153846156,0.0,0.6643415540456772,0.6614023149013519,0.033361476846039295,0.10398933850228786,0.0,0.0,0.0,0.0,0.0,18473,global,0.0
5,4,lr1e-05_bs16_drop0p2_temp1p0_a0p25_b0p05__wd1e-04trmiss0_degmodglobal,16,1e-05,0.0001,0.2,1.0,0.25,0.05,lr1e-05_bs16_drop0p2_temp1p0_a0p25_b0p05__wd1e-04trmiss0_degmodglobal,11,0.7006614208221436,0.6928166747093201,0.5833333333333334,0.7928892095558764,0.46153846153846156,0.0,0.6581456363201141,0.6849216371774673,0.034773887135088444,0.14092618599534035,0.0,0.0,0.0,0.0,0.0,18473,global,0.0
5,4,lr1e-05_bs16_drop0p2_temp1p0_a0p25_b0p05__wd1e-04trmiss0_degmodglobal,16,1e-05,0.0001,0.2,1.0,0.25,0.05,lr1e-05_bs16_drop0p2_temp1p0_a0p25_b0p05__wd1e-04trmiss0_degmodglobal,12,0.6534957885742188,0.692759096622467,0.5833333333333334,0.7928892095558764,0.46153846153846156,0.0,0.6420557051897049,0.6408403813838959,0.03160431934520602,0.09508603997528553,0.0,0.0,0.0,0.0,0.0,18473,global,0.0
5,4,lr1e-05_bs16_drop0p2_temp1p0_a0p25_b0p05__wd1e-04trmiss0_degmodglobal,16,1e-05,0.0001,0.2,1.0,0.25,0.05,lr1e-05_bs16_drop0p2_temp1p0_a0p25_b0p05__wd1e-04trmiss0_degmodglobal,13,0.6608600318431854,0.6902956366539001,0.6111111111111112,0.8077040243706912,0.46153846153846156,0.0,0.6467798948287964,0.6481463611125946,0.032943714410066605,0.08955466747283936,0.0,0.0,0.0,0.0,0.0,18473,global,0.0
5,4,lr1e-05_bs16_drop0p2_temp1p0_a0p25_b0p05__wd1e-04trmiss0_degmodglobal,16,1e-05,0.0001,0.2,1.0,0.25,0.05,lr1e-05_bs16_drop0p2_temp1p0_a0p25_b0p05__wd1e-04trmiss0_degmodglobal,14,0.6560375094413757,0.687791109085083,0.6111111111111112,0.8077040243706912,0.46153846153846156,0.0,0.642013281583786,0.6439085453748703,0.03408069722354412,0.07217556517571211,0.0,0.0,0.0,0.0,0.0,18473,global,0.0
5,4,lr1e-05_bs16_drop0p2_temp1p0_a0p25_b0p05__wd1e-04trmiss0_degmodglobal,16,1e-05,0.0001,0.2,1.0,0.25,0.05,lr1e-05_bs16_drop0p2_temp1p0_a0p25_b0p05__wd1e-04trmiss0_degmodglobal,15,0.6767285913228989,0.6868469715118408,0.6111111111111112,0.8077040243706912,0.46153846153846156,0.0,0.6356569230556488,0.6635672152042389,0.029409836046397686,0.11617821455001831,0.0,0.0,0.0,0.0,0.0,18473,global,0.0
5,4,lr1e-05_bs16_drop0p2_temp1p0_a0p25_b0p05__wd1e-04trmiss0_degmodglobal,16,1e-05,0.0001,0.2,1.0,0.25,0.05,lr1e-05_bs16_drop0p2_temp1p0_a0p25_b0p05__wd1e-04trmiss0_degmodglobal,16,0.6562785059213638,0.6837188601493835,0.6388888888888888,0.8354818021484689,0.46153846153846156,0.0,0.6430681496858597,0.6450175493955612,0.029575105290859938,0.07734344247728586,0.0,0.0,0.0,0.0,0.0,18473,global,0.0
5,4,lr1e-05_bs16_drop0p2_temp1p0_a0p25_b0p05__wd1e-04trmiss0_degmodglobal,16,1e-05,0.0001,0.2,1.0,0.25,0.05,lr1e-05_bs16_drop0p2_temp1p0_a0p25_b0p05__wd1e-04trmiss0_degmodglobal,17,0.6489438563585281,0.6809247136116028,0.6111111111111112,0.8268398268398269,0.46153846153846156,0.0,0.6350851655006409,0.6373345851898193,0.03131747804582119,0.07559810020029545,0.0,0.0,0.0,0.0,0.0,18473,global,0.0
5,4,lr1e-05_bs16_drop0p2_temp1p0_a0p25_b0p05__wd1e-04trmiss0_degmodglobal,16,1e-05,0.0001,0.2,1.0,0.25,0.05,lr1e-05_bs16_drop0p2_temp1p0_a0p25_b0p05__wd1e-04trmiss0_degmodglobal,18,0.6675312668085098,0.6781256198883057,0.6388888888888888,0.8354818021484689,0.46153846153846156,0.0,0.6126578450202942,0.6527876108884811,0.03440078953281045,0.12286926060914993,0.0,0.0,0.0,0.0,0.0,18473,global,0.0
5,4,lr1e-05_bs16_drop0p2_temp1p0_a0p25_b0p05__wd1e-04trmiss0_degmodglobal,16,1e-05,0.0001,0.2,1.0,0.25,0.05,lr1e-05_bs16_drop0p2_temp1p0_a0p25_b0p05__wd1e-04trmiss0_degmodglobal,19,0.6540033668279648,0.6833001971244812,0.6388888888888888,0.8354818021484689,0.46153846153846156,0.0,0.6550599932670593,0.6409632414579391,0.03481146693229675,0.08674501068890095,0.0,0.0,0.0,0.0,0.0,18473,global,0.0
5,4,lr1e-05_bs16_drop0p2_temp1p0_a0p25_b0p05__wd1e-04trmiss0_degmodglobal,16,1e-05,0.0001,0.2,1.0,0.25,0.05,lr1e-05_bs16_drop0p2_temp1p0_a0p25_b0p05__wd1e-04trmiss0_degmodglobal,20,0.6838597357273102,0.6825065016746521,0.6388888888888888,0.8354818021484689,0.46153846153846156,0.0,0.6277447938919067,0.6710118353366852,0.034087696112692356,0.08651964459568262,0.0,0.0,0.0,0.0,0.0,18473,global,0.0
5,4,lr1e-05_bs16_drop0p2_temp1p0_a0p25_b0p05__wd1e-04trmiss0_degmodglobal,16,1e-05,0.0001,0.2,1.0,0.25,0.05,lr1e-05_bs16_drop0p2_temp1p0_a0p25_b0p05__wd1e-04trmiss0_degmodglobal,21,0.6441059410572052,0.6780092120170593,0.6388888888888888,0.8354818021484689,0.46153846153846156,0.0,0.6174405366182327,0.6331140995025635,0.029471036046743393,0.07248221850022674,0.0,0.0,0.0,0.0,0.0,18473,global,0.0
5,4,lr1e-05_bs16_drop0p2_temp1p0_a0p25_b0p05__wd1e-04trmiss0_degmodglobal,16,1e-05,0.0001,0.2,1.0,0.25,0.05,lr1e-05_bs16_drop0p2_temp1p0_a0p25_b0p05__wd1e-04trmiss0_degmodglobal,22,0.6376179307699203,0.6765797138214111,0.6111111111111112,0.8206669873336541,0.46153846153846156,0.0,0.6035448312759399,0.6249205619096756,0.03335739625617862,0.08716064039617777,0.0,0.0,0.0,0.0,0.0,18473,global,0.0
5,4,lr1e-05_bs16_drop0p2_temp1p0_a0p25_b0p05__wd1e-04trmiss0_degmodglobal,16,1e-05,0.0001,0.2,1.0,0.25,0.05,lr1e-05_bs16_drop0p2_temp1p0_a0p25_b0p05__wd1e-04trmiss0_degmodglobal,23,0.661678358912468,0.6781474351882935,0.6388888888888888,0.8354818021484689,0.46153846153846156,0.0,0.6295201629400253,0.6504249572753906,0.029500997625291348,0.07756280153989792,0.0,0.0,0.0,0.0,0.0,18473,global,0.0
5,4,lr1e-05_bs16_drop0p2_temp1p0_a0p25_b0p05__wd1e-04trmiss0_degmodglobal,16,1e-05,0.0001,0.2,1.0,0.25,0.05,lr1e-05_bs16_drop0p2_temp1p0_a0p25_b0p05__wd1e-04trmiss0_degmodglobal,24,0.6455563902854919,0.6777845621109009,0.6388888888888888,0.8354818021484689,0.46153846153846156,0.0,0.6146188974380493,0.6325973868370056,0.03451098734512925,0.086624895920977,0.0,0.0,0.0,0.0,0.0,18473,global,0.0
5,4,lr1e-05_bs16_drop0p2_temp1p0_a0p25_b0p05__wd1e-04trmiss0_degmodglobal,16,1e-05,0.0001,0.2,1.0,0.25,0.05,lr1e-05_bs16_drop0p2_temp1p0_a0p25_b0p05__wd1e-04trmiss0_degmodglobal,25,0.6532018780708313,0.6769440770149231,0.6388888888888888,0.8354818021484689,0.46153846153846156,0.0,0.6178193241357803,0.6411138474941254,0.031009923666715622,0.08671129494905472,0.0,0.0,0.0,0.0,0.0,18473,global,0.0
5,4,lr1e-05_bs16_drop0p2_temp1p0_a0p25_b0p05__wd1e-04trmiss0_degmodglobal,16,1e-05,0.0001,0.2,1.0,0.25,0.05,lr1e-05_bs16_drop0p2_temp1p0_a0p25_b0p05__wd1e-04trmiss0_degmodglobal,26,0.6578042805194855,0.674611508846283,0.6388888888888888,0.8354818021484689,0.46153846153846156,0.0,0.6087305843830109,0.6430198401212692,0.03523590136319399,0.11950947716832161,0.0,0.0,0.0,0.0,0.0,18473,global,0.0
5,4,lr1e-05_bs16_drop0p2_temp1p0_a0p25_b0p05__wd1e-04trmiss0_degmodglobal,16,1e-05,0.0001,0.2,1.0,0.25,0.05,lr1e-05_bs16_drop0p2_temp1p0_a0p25_b0p05__wd1e-04trmiss0_degmodglobal,27,0.654789075255394,0.6747950315475464,0.6388888888888888,0.8354818021484689,0.46153846153846156,0.0,0.6174987852573395,0.640215128660202,0.038623782340437174,0.09835999831557274,0.0,0.0,0.0,0.0,0.0,18473,global,0.0
5,4,lr1e-05_bs16_drop0p2_temp1p0_a0p25_b0p05__wd1e-04trmiss0_degmodglobal,16,1e-05,0.0001,0.2,1.0,0.25,0.05,lr1e-05_bs16_drop0p2_temp1p0_a0p25_b0p05__wd1e-04trmiss0_degmodglobal,28,0.637131005525589,0.6727825403213501,0.6388888888888888,0.8354818021484689,0.46153846153846156,0.0,0.5997996777296066,0.6249464750289917,0.03159707831218839,0.08570510149002075,0.0,0.0,0.0,0.0,0.0,18473,global,0.0
5,4,lr1e-05_bs16_drop0p2_temp1p0_a0p25_b0p05__wd1e-04trmiss0_degmodglobal,16,1e-05,0.0001,0.2,1.0,0.25,0.05,lr1e-05_bs16_drop0p2_temp1p0_a0p25_b0p05__wd1e-04trmiss0_degmodglobal,29,0.6193070858716965,0.6683225035667419,0.6944444444444444,0.8657848324514992,0.5384615384615384,0.0,0.6082858294248581,0.6090140044689178,0.02875647903420031,0.06207862310111523,0.0,0.0,0.0,0.0,0.0,18473,global,0.0
5,4,lr1e-05_bs16_drop0p2_temp1p0_a0p25_b0p05__wd1e-04trmiss0_degmodglobal,16,1e-05,0.0001,0.2,1.0,0.25,0.05,lr1e-05_bs16_drop0p2_temp1p0_a0p25_b0p05__wd1e-04trmiss0_degmodglobal,30,0.6238910406827927,0.6676622629165649,0.6666666666666666,0.8577040243706913,0.5384615384615384,0.0,0.5849258899688721,0.6103672981262207,0.03391495253890753,0.10090025886893272,0.0,0.0,0.0,0.0,0.0,18473,global,0.0
5,4,lr1e-05_bs16_drop0p2_temp1p0_a0p25_b0p05__wd1e-04trmiss0_degmodglobal,16,1e-05,0.0001,0.2,1.0,0.25,0.05,lr1e-05_bs16_drop0p2_temp1p0_a0p25_b0p05__wd1e-04trmiss0_degmodglobal,31,0.6395297199487686,0.6670427322387695,0.6944444444444444,0.8657848324514992,0.5384615384615384,0.0,0.5776359736919403,0.6249602884054184,0.038070053327828646,0.10103848949074745,0.0,0.0,0.0,0.0,0.0,18473,global,0.0
5,4,lr1e-05_bs16_drop0p2_temp1p0_a0p25_b0p05__wd1e-04trmiss0_degmodglobal,16,1e-05,0.0001,0.2,1.0,0.25,0.05,lr1e-05_bs16_drop0p2_temp1p0_a0p25_b0p05__wd1e-04trmiss0_degmodglobal,32,0.6213133633136749,0.6677159667015076,0.6944444444444444,0.8657848324514992,0.5384615384615384,0.0,0.5932058542966843,0.6091817170381546,0.03005490731447935,0.09235841035842896,0.0,0.0,0.0,0.0,0.0,18473,global,0.0
5,4,lr1e-05_bs16_drop0p2_temp1p0_a0p25_b0p05__wd1e-04trmiss0_degmodglobal,16,1e-05,0.0001,0.2,1.0,0.25,0.05,lr1e-05_bs16_drop0p2_temp1p0_a0p25_b0p05__wd1e-04trmiss0_degmodglobal,33,0.6238221377134323,0.671244204044342,0.6666666666666666,0.8577040243706913,0.46153846153846156,0.0,0.5893868654966354,0.608819380402565,0.03899382334202528,0.10508630238473415,0.0,0.0,0.0,0.0,0.0,18473,global,0.0
5,4,lr1e-05_bs16_drop0p2_temp1p0_a0p25_b0p05__wd1e-04trmiss0_degmodglobal,16,1e-05,0.0001,0.2,1.0,0.25,0.05,lr1e-05_bs16_drop0p2_temp1p0_a0p25_b0p05__wd1e-04trmiss0_degmodglobal,34,0.6317953765392303,0.670644223690033,0.6666666666666666,0.8577040243706913,0.46153846153846156,0.0,0.578761875629425,0.6179297715425491,0.03444606577977538,0.10508158057928085,0.0,0.0,0.0,0.0,0.0,18473,global,0.0
5,4,lr1e-05_bs16_drop0p2_temp1p0_a0p25_b0p05__wd1e-04trmiss0_degmodglobal,16,1e-05,0.0001,0.2,1.0,0.25,0.05,lr1e-05_bs16_drop0p2_temp1p0_a0p25_b0p05__wd1e-04trmiss0_degmodglobal,35,0.6153325438499451,0.6772091388702393,0.6666666666666666,0.8577040243706913,0.46153846153846156,0.0,0.5854125618934631,0.6027997434139252,0.03229046962223947,0.08920368319377303,0.0,0.0,0.0,0.0,0.0,18473,global,0.0
5,4,lr1e-05_bs16_drop0p2_temp1p0_a0p25_b0p05__wd1e-04trmiss0_degmodglobal,16,1e-05,0.0001,0.2,1.0,0.25,0.05,lr1e-05_bs16_drop0p2_temp1p0_a0p25_b0p05__wd1e-04trmiss0_degmodglobal,36,0.6408979296684265,0.6792595386505127,0.6388888888888888,0.8354818021484689,0.46153846153846156,0.0,0.5871218144893646,0.6241234242916107,0.03877463610842824,0.14161677658557892,0.0,0.0,0.0,0.0,0.0,18473,global,0.0
5,4,lr1e-05_bs16_drop0p2_temp1p0_a0p25_b0p05__wd1e-04trmiss0_degmodglobal,16,1e-05,0.0001,0.2,1.0,0.25,0.05,lr1e-05_bs16_drop0p2_temp1p0_a0p25_b0p05__wd1e-04trmiss0_degmodglobal,37,0.6141126602888107,0.6798787117004395,0.6388888888888888,0.8354818021484689,0.46153846153846156,0.0,0.5688211619853973,0.6006539314985275,0.03507959051057696,0.09377682022750378,0.0,0.0,0.0,0.0,0.0,18473,global,0.0
5,4,lr1e-05_bs16_drop0p2_temp1p0_a0p25_b0p05__wd1e-04trmiss0_degmodglobal,16,1e-05,0.0001,0.2,1.0,0.25,0.05,lr1e-05_bs16_drop0p2_temp1p0_a0p25_b0p05__wd1e-04trmiss0_degmodglobal,38,0.6281020492315292,0.6796415448188782,0.6388888888888888,0.8354818021484689,0.46153846153846156,0.0,0.5683433562517166,0.6129656434059143,0.03735831659287214,0.11593685857951641,0.0,0.0,0.0,0.0,0.0,18473,global,0.0
5,4,lr1e-05_bs16_drop0p2_temp1p0_a0p25_b0p05__wd1e-04trmiss0_degmodglobal,16,1e-05,0.0001,0.2,1.0,0.25,0.05,lr1e-05_bs16_drop0p2_temp1p0_a0p25_b0p05__wd1e-04trmiss0_degmodglobal,39,0.6245061159133911,0.6812235116958618,0.6388888888888888,0.8354818021484689,0.46153846153846156,0.0,0.5930072516202927,0.6096527576446533,0.037105854600667953,0.11153801064938307,0.0,0.0,0.0,0.0,0.0,18473,global,0.0
5,4,lr1e-05_bs16_drop0p2_temp1p0_a0p25_b0p05__wd1e-04trmiss0_degmodglobal,16,1e-05,0.0001,0.2,1.0,0.25,0.05,lr1e-05_bs16_drop0p2_temp1p0_a0p25_b0p05__wd1e-04trmiss0_degmodglobal,40,0.6444846987724304,0.6809365749359131,0.6388888888888888,0.8354818021484689,0.46153846153846156,0.0,0.566482812166214,0.6270286738872528,0.04516723100095987,0.12328411173075438,0.0,0.0,0.0,0.0,0.0,18473,global,0.0
5,4,lr1e-05_bs16_drop0p2_temp1p0_a0p25_b0p05__wd1e-04trmiss0_degmodglobal,16,1e-05,0.0001,0.2,1.0,0.25,0.05,lr1e-05_bs16_drop0p2_temp1p0_a0p25_b0p05__wd1e-04trmiss0_degmodglobal,41,0.6248888671398163,0.6807920336723328,0.6388888888888888,0.8354818021484689,0.46153846153846156,0.0,0.5958275645971298,0.6116525530815125,0.03327288362197578,0.09836203511804342,0.0,0.0,0.0,0.0,0.0,18473,global,0.0
5,4,lr1e-05_bs16_drop0p2_temp1p0_a0p25_b0p05__wd1e-04trmiss0_degmodglobal,16,1e-05,0.0001,0.2,1.0,0.25,0.05,lr1e-05_bs16_drop0p2_temp1p0_a0p25_b0p05__wd1e-04trmiss0_degmodglobal,42,0.6172145009040833,0.6776909828186035,0.6388888888888888,0.8354818021484689,0.46153846153846156,0.0,0.567635104060173,0.603753849864006,0.0350014865398407,0.09420575201511383,0.0,0.0,0.0,0.0,0.0,18473,global,0.0
5,4,lr1e-05_bs16_drop0p2_temp1p0_a0p25_b0p05__wd1e-04trmiss0_degmodglobal,16,1e-05,0.0001,0.2,1.0,0.25,0.05,lr1e-05_bs16_drop0p2_temp1p0_a0p25_b0p05__wd1e-04trmiss0_degmodglobal,43,0.6336231827735901,0.6783450245857239,0.6388888888888888,0.8354818021484689,0.46153846153846156,0.0,0.5787414461374283,0.6156126409769058,0.048657807521522045,0.1169215701520443,0.0,0.0,0.0,0.0,0.0,18473,global,0.0
5,4,lr1e-05_bs16_drop0p2_temp1p0_a0p25_b0p05__wd1e-04trmiss0_degmodglobal,16,1e-05,0.0001,0.2,1.0,0.25,0.05,lr1e-05_bs16_drop0p2_temp1p0_a0p25_b0p05__wd1e-04trmiss0_degmodglobal,44,0.6004278063774109,0.6797221302986145,0.6388888888888888,0.8354818021484689,0.46153846153846156,0.0,0.5616671293973923,0.5868463218212128,0.035934829618781805,0.09195590391755104,0.0,0.0,0.0,0.0,0.0,18473,global,0.0
5,4,lr1e-05_bs16_drop0p2_temp1p0_a0p25_b0p05__wd1e-04trmiss0_degmodglobal,16,1e-05,0.0001,0.2,1.0,0.25,0.05,lr1e-05_bs16_drop0p2_temp1p0_a0p25_b0p05__wd1e-04trmiss0_degmodglobal,45,0.6162022650241852,0.6815352439880371,0.6666666666666666,0.8577040243706913,0.46153846153846156,0.0,0.576712042093277,0.6020353883504868,0.035799385979771614,0.10434113349765539,0.0,0.0,0.0,0.0,0.0,18473,global,0.0
5,4,lr1e-05_bs16_drop0p2_temp1p0_a0p25_b0p05__wd1e-04trmiss0_degmodglobal,16,1e-05,0.0001,0.2,1.0,0.25,0.05,lr1e-05_bs16_drop0p2_temp1p0_a0p25_b0p05__wd1e-04trmiss0_degmodglobal,46,0.6125014573335648,0.6810681819915771,0.6666666666666666,0.8577040243706913,0.46153846153846156,0.0,0.5918836146593094,0.6007566154003143,0.03329427633434534,0.06842577457427979,0.0,0.0,0.0,0.0,0.0,18473,global,0.0
5,4,lr1e-05_bs16_drop0p2_temp1p0_a0p25_b0p05__wd1e-04trmiss0_degmodglobal,16,1e-05,0.0001,0.2,1.0,0.25,0.05,lr1e-05_bs16_drop0p2_temp1p0_a0p25_b0p05__wd1e-04trmiss0_degmodglobal,47,0.6069643944501877,0.6831510066986084,0.6666666666666666,0.8577040243706913,0.46153846153846156,0.0,0.5781527608633041,0.590916097164154,0.04254417400807142,0.10824457928538322,0.0,0.0,0.0,0.0,0.0,18473,global,0.0
5,4,lr1e-05_bs16_drop0p2_temp1p0_a0p25_b0p05__wd1e-04trmiss0_degmodglobal,16,1e-05,0.0001,0.2,1.0,0.25,0.05,lr1e-05_bs16_drop0p2_temp1p0_a0p25_b0p05__wd1e-04trmiss0_degmodglobal,48,0.6105609983205795,0.678997814655304,0.6666666666666666,0.8577040243706913,0.46153846153846156,0.0,0.5516630709171295,0.5903932750225067,0.051047760993242264,0.14811535365879536,0.0,0.0,0.0,0.0,0.0,18473,global,0.0
5,4,lr1e-05_bs16_drop0p2_temp1p0_a0p25_b0p05__wd1e-04trmiss0_degmodglobal,16,1e-05,0.0001,0.2,1.0,0.25,0.05,lr1e-05_bs16_drop0p2_temp1p0_a0p25_b0p05__wd1e-04trmiss0_degmodglobal,49,0.6071901321411133,0.6787139177322388,0.6666666666666666,0.8577040243706913,0.46153846153846156,0.0,0.5453172326087952,0.5917413979768753,0.04006912326440215,0.10862893611192703,0.0,0.0,0.0,0.0,0.0,18473,global,0.0
5,4,lr1e-05_bs16_drop0p2_temp1p0_a0p25_b0p05__wd1e-04trmiss0_degmodglobal,16,1e-05,0.0001,0.2,1.0,0.25,0.05,lr1e-05_bs16_drop0p2_temp1p0_a0p25_b0p05__wd1e-04trmiss0_degmodglobal,50,0.6206661313772202,0.6794893145561218,0.6666666666666666,0.8577040243706913,0.46153846153846156,0.0,0.5589602887630463,0.6012917011976242,0.051587341353297234,0.1295519918203354,0.0,0.0,0.0,0.0,0.0,18473,global,0.0
5,4,lr1e-05_bs16_drop0p2_temp1p0_a0p25_b0p05__wd1e-04trmiss0_degmodglobal,16,1e-05,0.0001,0.2,1.0,0.25,0.05,lr1e-05_bs16_drop0p2_temp1p0_a0p25_b0p05__wd1e-04trmiss0_degmodglobal,51,0.6329411715269089,0.6793298125267029,0.6666666666666666,0.8577040243706913,0.46153846153846156,0.0,0.5665066838264465,0.6151380389928818,0.04574917443096638,0.12731630634516478,0.0,0.0,0.0,0.0,0.0,18473,global,0.0
5,4,lr1e-05_bs16_drop0p2_temp2p0_a0p25_b0p05__wd1e-04trmiss0_degmodglobal,16,1e-05,0.0001,0.2,2.0,0.25,0.05,lr1e-05_bs16_drop0p2_temp2p0_a0p25_b0p05__wd1e-04trmiss0_degmodglobal,1,0.7465270161628723,0.8047096133232117,0.027777777777777776,0.5180887014220348,0.07692307692307693,0.0,0.6595390290021896,0.7306984663009644,0.038537902757525444,0.12388146854937077,0.0,0.0,0.0,0.0,0.0,18473,global,0.0
5,4,lr1e-05_bs16_drop0p2_temp2p0_a0p25_b0p05__wd1e-04trmiss0_degmodglobal,16,1e-05,0.0001,0.2,2.0,0.25,0.05,lr1e-05_bs16_drop0p2_temp2p0_a0p25_b0p05__wd1e-04trmiss0_degmodglobal,2,0.7280648797750473,0.8243727087974548,0.0,0.5125331458664792,0.07692307692307693,0.0,0.6431161463260651,0.7110850811004639,0.0395261119119823,0.14196530543267727,0.0,0.0,0.0,0.0,0.0,18473,global,0.0
5,4,lr1e-05_bs16_drop0p2_temp2p0_a0p25_b0p05__wd1e-04trmiss0_degmodglobal,16,1e-05,0.0001,0.2,2.0,0.25,0.05,lr1e-05_bs16_drop0p2_temp2p0_a0p25_b0p05__wd1e-04trmiss0_degmodglobal,3,0.7364170551300049,0.8518369197845459,0.027777777777777776,0.5180887014220348,0.07692307692307693,0.0,0.6482029259204865,0.715372309088707,0.04983907286077738,0.17169954627752304,0.0,0.0,0.0,0.0,0.0,18473,global,0.0
5,4,lr1e-05_bs16_drop0p2_temp2p0_a0p25_b0p05__wd1e-04trmiss0_degmodglobal,16,1e-05,0.0001,0.2,2.0,0.25,0.05,lr1e-05_bs16_drop0p2_temp2p0_a0p25_b0p05__wd1e-04trmiss0_degmodglobal,4,0.7301706969738007,0.9020819067955017,0.027777777777777776,0.5180887014220348,0.07692307692307693,0.0,0.6560970842838287,0.7107119262218475,0.049441258888691664,0.14196931384503841,0.0,0.0,0.0,0.0,0.0,18473,global,0.0
5,4,lr1e-05_bs16_drop0p2_temp2p0_a0p25_b0p05__wd1e-04trmiss0_degmodglobal,16,1e-05,0.0001,0.2,2.0,0.25,0.05,lr1e-05_bs16_drop0p2_temp2p0_a0p25_b0p05__wd1e-04trmiss0_degmodglobal,5,0.7340387403964996,0.9279676675796509,0.027777777777777776,0.5180887014220348,0.07692307692307693,0.0,0.6760294139385223,0.7172209173440933,0.04202019143849611,0.1262557003647089,0.0,0.0,0.0,0.0,0.0,18473,global,0.0
5,4,lr1e-05_bs16_drop0p2_temp2p0_a0p25_b0p05__wd1e-04trmiss0_degmodglobal,16,1e-05,0.0001,0.2,2.0,0.25,0.05,lr1e-05_bs16_drop0p2_temp2p0_a0p25_b0p05__wd1e-04trmiss0_degmodglobal,6,0.7098160684108734,0.9977676868438721,0.027777777777777776,0.5180887014220348,0.07692307692307693,0.0,0.6584824174642563,0.6918750107288361,0.04487965349107981,0.13442273810505867,0.0,0.0,0.0,0.0,0.0,18473,global,0.0
5,4,lr1e-05_bs16_drop0p2_temp2p0_a0p25_b0p05__wd1e-04trmiss0_degmodglobal,16,1e-05,0.0001,0.2,2.0,0.25,0.05,lr1e-05_bs16_drop0p2_temp2p0_a0p25_b0p05__wd1e-04trmiss0_degmodglobal,7,0.7278112322092056,1.0230944156646729,0.0,0.5125331458664792,0.07692307692307693,0.0,0.6626981794834137,0.7054165452718735,0.05633479682728648,0.16621985100209713,0.0,0.0,0.0,0.0,0.0,18473,global,0.0
5,4,lr1e-05_bs16_drop0p2_temp2p0_a0p25_b0p05__wd1e-04trmiss0_degmodglobal,16,1e-05,0.0001,0.2,2.0,0.25,0.05,lr1e-05_bs16_drop0p2_temp2p0_a0p25_b0p05__wd1e-04trmiss0_degmodglobal,8,0.7156994342803955,1.0215120315551758,0.0,0.5125331458664792,0.07692307692307693,0.0,0.6568640470504761,0.7012806087732315,0.034772873390465975,0.11451187916100025,0.0,0.0,0.0,0.0,0.0,18473,global,0.0
5,4,lr1e-05_bs16_drop0p2_temp2p0_a0p25_b0p05__wd1e-04trmiss0_degmodglobal,16,1e-05,0.0001,0.2,2.0,0.25,0.05,lr1e-05_bs16_drop0p2_temp2p0_a0p25_b0p05__wd1e-04trmiss0_degmodglobal,9,0.7001081854104996,1.0670284032821655,0.0,0.5125331458664792,0.07692307692307693,0.0,0.67182457447052,0.6798989921808243,0.0488023990765214,0.16017178818583488,0.0,0.0,0.0,0.0,0.0,18473,global,0.0
5,4,lr1e-05_bs16_drop0p2_temp2p0_a0p25_b0p05__wd1e-04trmiss0_degmodglobal,16,1e-05,0.0001,0.2,2.0,0.25,0.05,lr1e-05_bs16_drop0p2_temp2p0_a0p25_b0p05__wd1e-04trmiss0_degmodglobal,10,0.7183892726898193,1.0883102416992188,0.0,0.5125331458664792,0.07692307692307693,0.0,0.6374111920595169,0.6993429064750671,0.046479348093271255,0.1485305167734623,0.0,0.0,0.0,0.0,0.0,18473,global,0.0
5,4,lr1e-05_bs16_drop0p2_temp2p0_a0p25_b0p05__wd1e-04trmiss0_degmodglobal,16,1e-05,0.0001,0.2,2.0,0.25,0.05,lr1e-05_bs16_drop0p2_temp2p0_a0p25_b0p05__wd1e-04trmiss0_degmodglobal,11,0.7107706367969513,1.0241851806640625,0.027777777777777776,0.5180887014220348,0.07692307692307693,0.0,0.6560090482234955,0.6955219358205795,0.0367546109482646,0.12120096199214458,0.0,0.0,0.0,0.0,0.0,18473,global,0.0
5,4,lr1e-05_bs16_drop0p2_temp2p0_a0p25_b0p05__wd1e-04trmiss0_degmodglobal,16,1e-05,0.0001,0.2,2.0,0.25,0.05,lr1e-05_bs16_drop0p2_temp2p0_a0p25_b0p05__wd1e-04trmiss0_degmodglobal,12,0.7177283763885498,1.0402644872665405,0.027777777777777776,0.5180887014220348,0.07692307692307693,0.0,0.6605600267648697,0.702257513999939,0.038480357732623816,0.11701548285782337,0.0,0.0,0.0,0.0,0.0,18473,global,0.0
5,4,lr1e-05_bs16_drop0p2_temp2p0_a0p25_b0p05__wd1e-04trmiss0_degmodglobal,16,1e-05,0.0001,0.2,2.0,0.25,0.05,lr1e-05_bs16_drop0p2_temp2p0_a0p25_b0p05__wd1e-04trmiss0_degmodglobal,13,0.7222656309604645,1.051777958869934,0.0,0.5125331458664792,0.07692307692307693,0.0,0.6767440289258957,0.7009426057338715,0.04795900918543339,0.18666532263159752,0.0,0.0,0.0,0.0,0.0,18473,global,0.0
5,4,lr1e-05_bs16_drop0p2_temp2p0_a0p25_b0p05__wd1e-04trmiss0_degmodglobal,16,1e-05,0.0001,0.2,2.0,0.25,0.05,lr1e-05_bs16_drop0p2_temp2p0_a0p25_b0p05__wd1e-04trmiss0_degmodglobal,14,0.7353214025497437,1.0435285568237305,0.027777777777777776,0.5180887014220348,0.07692307692307693,0.0,0.6435450613498688,0.7152290791273117,0.047773631289601326,0.16297819651663303,0.0,0.0,0.0,0.0,0.0,18473,global,0.0
5,4,lr1e-05_bs16_drop0p2_temp2p0_a0p25_b0p05__wd1e-04trmiss0_degmodglobal,16,1e-05,0.0001,0.2,2.0,0.25,0.05,lr1e-05_bs16_drop0p2_temp2p0_a0p25_b0p05__wd1e-04trmiss0_degmodglobal,15,0.7082970887422562,1.0751817226409912,0.0,0.5125331458664792,0.07692307692307693,0.0,0.6375360190868378,0.6877961903810501,0.05109202116727829,0.15455769561231136,0.0,0.0,0.0,0.0,0.0,18473,global,0.0
5,4,lr1e-05_bs16_drop0p2_temp2p0_a0p25_b0p05__wd1e-04trmiss0_degmodglobal,16,1e-05,0.0001,0.2,2.0,0.25,0.05,lr1e-05_bs16_drop0p2_temp2p0_a0p25_b0p05__wd1e-04trmiss0_degmodglobal,16,0.6979627311229706,1.0930557250976562,0.0,0.5125331458664792,0.0,0.0,0.6291472613811493,0.6831994652748108,0.03567448863759637,0.11689303629100323,0.0,0.0,0.0,0.0,0.0,18473,global,0.0
5,4,lr1e-05_bs16_drop0p2_temp2p0_a0p25_b0p05__wd1e-04trmiss0_degmodglobal,16,1e-05,0.0001,0.2,2.0,0.25,0.05,lr1e-05_bs16_drop0p2_temp2p0_a0p25_b0p05__wd1e-04trmiss0_degmodglobal,17,0.7111266404390335,1.0706138610839844,0.0,0.5125331458664792,0.07692307692307693,0.0,0.6470803618431091,0.6883805841207504,0.05703768692910671,0.16973251104354858,0.0,0.0,0.0,0.0,0.0,18473,global,0.0
5,4,lr1e-05_bs16_drop0p2_temp2p0_a0p25_b0p05__wd1e-04trmiss0_degmodglobal,16,1e-05,0.0001,0.2,2.0,0.25,0.05,lr1e-05_bs16_drop0p2_temp2p0_a0p25_b0p05__wd1e-04trmiss0_degmodglobal,18,0.7010010182857513,1.0926662683486938,0.0,0.5125331458664792,0.07692307692307693,0.0,0.6218784898519516,0.6847904324531555,0.03768408112227917,0.13579130172729492,0.0,0.0,0.0,0.0,0.0,18473,global,0.0
5,4,lr1e-05_bs16_drop0p2_temp2p0_a0p25_b0p05__wd1e-04trmiss0_degmodglobal,16,1e-05,0.0001,0.2,2.0,0.25,0.05,lr1e-05_bs16_drop0p2_temp2p0_a0p25_b0p05__wd1e-04trmiss0_degmodglobal,19,0.7063208520412445,1.1039022207260132,0.0,0.5125331458664792,0.0,0.0,0.6278911083936691,0.6881817728281021,0.04744199849665165,0.12557164020836353,0.0,0.0,0.0,0.0,0.0,18473,global,0.0
5,4,lr1e-05_bs16_drop0p2_temp2p0_a0p25_b0p05__wd1e-04trmiss0_degmodglobal,16,1e-05,0.0001,0.2,2.0,0.25,0.05,lr1e-05_bs16_drop0p2_temp2p0_a0p25_b0p05__wd1e-04trmiss0_degmodglobal,20,0.7158474028110504,1.0922237634658813,0.0,0.5125331458664792,0.0,0.0,0.6371501535177231,0.695722758769989,0.0529079157859087,0.13795344904065132,0.0,0.0,0.0,0.0,0.0,18473,global,0.0
5,4,lr1e-05_bs16_drop0p2_temp2p0_a0p25_b0p05__wd1e-04trmiss0_degmodglobal,16,1e-05,0.0001,0.2,2.0,0.25,0.05,lr1e-05_bs16_drop0p2_temp2p0_a0p25_b0p05__wd1e-04trmiss0_degmodglobal,21,0.7227379232645035,1.0906044244766235,0.0,0.5125331458664792,0.0,0.0,0.6258119195699692,0.7011377960443497,0.049608672969043255,0.18395958468317986,0.0,0.0,0.0,0.0,0.0,18473,global,0.0
5,4,lr1e-05_bs16_drop0p2_temp2p0_a0p25_b0p05__wd1e-04trmiss0_degmodglobal,16,1e-05,0.0001,0.2,2.0,0.25,0.05,lr1e-05_bs16_drop0p2_temp2p0_a0p25_b0p05__wd1e-04trmiss0_degmodglobal,22,0.6991211771965027,1.0928359031677246,0.0,0.5125331458664792,0.0,0.0,0.6210011541843414,0.6817832291126251,0.039240237325429916,0.15055721998214722,0.0,0.0,0.0,0.0,0.0,18473,global,0.0
5,4,lr1e-05_bs16_drop0p2_temp2p0_a0p25_b0p05__wd1e-04trmiss0_degmodglobal,16,1e-05,0.0001,0.2,2.0,0.25,0.05,lr1e-05_bs16_drop0p2_temp2p0_a0p25_b0p05__wd1e-04trmiss0_degmodglobal,23,0.7098644375801086,1.133776307106018,0.0,0.5125331458664792,0.0,0.0,0.6189897954463959,0.6910061687231064,0.046352097764611244,0.14540507830679417,0.0,0.0,0.0,0.0,0.0,18473,global,0.0
5,4,lr1e-05_bs16_drop0p2_temp2p0_a0p25_b0p05__wd1e-04trmiss0_degmodglobal,16,1e-05,0.0001,0.2,2.0,0.25,0.05,lr1e-05_bs16_drop0p2_temp2p0_a0p25_b0p05__wd1e-04trmiss0_degmodglobal,24,0.7139615416526794,1.1287834644317627,0.0,0.5125331458664792,0.0,0.0,0.626423254609108,0.6965811997652054,0.04199178609997034,0.13764793053269386,0.0,0.0,0.0,0.0,0.0,18473,global,0.0
5,4,lr1e-05_bs16_drop0p2_temp2p0_a0p25_b0p05__wd1e-04trmiss0_degmodglobal,16,1e-05,0.0001,0.2,2.0,0.25,0.05,lr1e-05_bs16_drop0p2_temp2p0_a0p25_b0p05__wd1e-04trmiss0_degmodglobal,25,0.701001301407814,1.124837875366211,0.0,0.5125331458664792,0.0,0.0,0.634413942694664,0.6851750463247299,0.03920430410653353,0.12050372920930386,0.0,0.0,0.0,0.0,0.0,18473,global,0.0
5,4,lr1e-05_bs16_drop0p4_temp1p0_a0p25_b0p05__wd1e-04trmiss0_degmodglobal,16,1e-05,0.0001,0.4,1.0,0.25,0.05,lr1e-05_bs16_drop0p4_temp1p0_a0p25_b0p05__wd1e-04trmiss0_degmodglobal,1,0.7220211327075958,0.6702775359153748,0.3333333333333333,0.6898259148259149,0.6923076923076923,0.0,0.7081487774848938,0.6902666091918945,0.08175692148506641,0.22630595788359642,0.0,0.0,0.0,0.0,0.0,18473,global,0.0
5,4,lr1e-05_bs16_drop0p4_temp1p0_a0p25_b0p05__wd1e-04trmiss0_degmodglobal,16,1e-05,0.0001,0.4,1.0,0.25,0.05,lr1e-05_bs16_drop0p4_temp1p0_a0p25_b0p05__wd1e-04trmiss0_degmodglobal,2,0.6818466335535049,0.6691250801086426,0.3055555555555555,0.6821098654431987,0.6923076923076923,0.0,0.6724215447902679,0.6482068002223969,0.09252698346972466,0.2101617529988289,0.0,0.0,0.0,0.0,0.0,18473,global,0.0
5,4,lr1e-05_bs16_drop0p4_temp1p0_a0p25_b0p05__wd1e-04trmiss0_degmodglobal,16,1e-05,0.0001,0.4,1.0,0.25,0.05,lr1e-05_bs16_drop0p4_temp1p0_a0p25_b0p05__wd1e-04trmiss0_degmodglobal,3,0.6611652970314026,0.667439877986908,0.3055555555555555,0.6821098654431987,0.6923076923076923,0.0,0.662065863609314,0.6292382031679153,0.08707713708281517,0.20315657556056976,0.0,0.0,0.0,0.0,0.0,18473,global,0.0
5,4,lr1e-05_bs16_drop0p4_temp1p0_a0p25_b0p05__wd1e-04trmiss0_degmodglobal,16,1e-05,0.0001,0.4,1.0,0.25,0.05,lr1e-05_bs16_drop0p4_temp1p0_a0p25_b0p05__wd1e-04trmiss0_degmodglobal,4,0.7013660818338394,0.6669062376022339,0.3055555555555555,0.6821098654431987,0.6923076923076923,0.0,0.701003223657608,0.6664194762706757,0.09529345855116844,0.22246531024575233,0.0,0.0,0.0,0.0,0.0,18473,global,0.0
5,4,lr1e-05_bs16_drop0p4_temp1p0_a0p25_b0p05__wd1e-04trmiss0_degmodglobal,16,1e-05,0.0001,0.4,1.0,0.25,0.05,lr1e-05_bs16_drop0p4_temp1p0_a0p25_b0p05__wd1e-04trmiss0_degmodglobal,5,0.6692069172859192,0.6642950773239136,0.27777777777777773,0.6654431987765321,0.6923076923076923,0.0,0.6778969466686249,0.6367526054382324,0.0885978601872921,0.20609735138714314,0.0,0.0,0.0,0.0,0.0,18473,global,0.0
5,4,lr1e-05_bs16_drop0p4_temp1p0_a0p25_b0p05__wd1e-04trmiss0_degmodglobal,16,1e-05,0.0001,0.4,1.0,0.25,0.05,lr1e-05_bs16_drop0p4_temp1p0_a0p25_b0p05__wd1e-04trmiss0_degmodglobal,6,0.6845404356718063,0.6640838980674744,0.3055555555555555,0.7024802358135691,0.6923076923076923,0.0,0.6633344739675522,0.6515326797962189,0.08097411971539259,0.25528502091765404,0.0,0.0,0.0,0.0,0.0,18473,global,0.0
5,4,lr1e-05_bs16_drop0p4_temp1p0_a0p25_b0p05__wd1e-04trmiss0_degmodglobal,16,1e-05,0.0001,0.4,1.0,0.25,0.05,lr1e-05_bs16_drop0p4_temp1p0_a0p25_b0p05__wd1e-04trmiss0_degmodglobal,7,0.6680615246295929,0.6639138460159302,0.3055555555555555,0.7024802358135691,0.6923076923076923,0.0,0.6698714047670364,0.6383207589387894,0.07876213453710079,0.2010042518377304,0.0,0.0,0.0,0.0,0.0,18473,global,0.0
5,4,lr1e-05_bs16_drop0p4_temp1p0_a0p25_b0p05__wd1e-04trmiss0_degmodglobal,16,1e-05,0.0001,0.4,1.0,0.25,0.05,lr1e-05_bs16_drop0p4_temp1p0_a0p25_b0p05__wd1e-04trmiss0_degmodglobal,8,0.6641407608985901,0.6635338664054871,0.3055555555555555,0.7024802358135691,0.6923076923076923,0.0,0.6604605466127396,0.6374360471963882,0.0699198367074132,0.1844950169324875,0.0,0.0,0.0,0.0,0.0,18473,global,0.0
5,4,lr1e-05_bs16_drop0p4_temp1p0_a0p25_b0p05__wd1e-04trmiss0_degmodglobal,16,1e-05,0.0001,0.4,1.0,0.25,0.05,lr1e-05_bs16_drop0p4_temp1p0_a0p25_b0p05__wd1e-04trmiss0_degmodglobal,9,0.6763327121734619,0.6640883684158325,0.3055555555555555,0.7024802358135691,0.6923076923076923,0.0,0.6554876863956451,0.6445642560720444,0.08214753307402134,0.22463121265172958,0.0,0.0,0.0,0.0,0.0,18473,global,0.0
5,4,lr1e-05_bs16_drop0p4_temp1p0_a0p25_b0p05__wd1e-04trmiss0_degmodglobal,16,1e-05,0.0001,0.4,1.0,0.25,0.05,lr1e-05_bs16_drop0p4_temp1p0_a0p25_b0p05__wd1e-04trmiss0_degmodglobal,10,0.6512630879878998,0.6640973687171936,0.27777777777777773,0.6654431987765321,0.6923076923076923,0.0,0.623647078871727,0.6155972480773926,0.0888061597943306,0.26928644999861717,0.0,0.0,0.0,0.0,0.0,18473,global,0.0
5,4,lr1e-05_bs16_drop0p4_temp1p0_a0p25_b0p05__wd1e-04trmiss0_degmodglobal,16,1e-05,0.0001,0.4,1.0,0.25,0.05,lr1e-05_bs16_drop0p4_temp1p0_a0p25_b0p05__wd1e-04trmiss0_degmodglobal,11,0.6515057533979416,0.6619303822517395,0.3333333333333333,0.6805666555666556,0.6923076923076923,0.0,0.6541985124349594,0.6126537621021271,0.1025772225111723,0.2641537971794605,0.0,0.0,0.0,0.0,0.0,18473,global,0.0
5,4,lr1e-05_bs16_drop0p4_temp1p0_a0p25_b0p05__wd1e-04trmiss0_degmodglobal,16,1e-05,0.0001,0.4,1.0,0.25,0.05,lr1e-05_bs16_drop0p4_temp1p0_a0p25_b0p05__wd1e-04trmiss0_degmodglobal,12,0.7002168893814087,0.6602296829223633,0.36111111111111105,0.6972333222333222,0.6923076923076923,0.0,0.6389839500188828,0.6726675480604172,0.07421605195850134,0.1799065936356783,0.0,0.0,0.0,0.0,0.0,18473,global,0.0
5,4,lr1e-05_bs16_drop0p4_temp1p0_a0p25_b0p05__wd1e-04trmiss0_degmodglobal,16,1e-05,0.0001,0.4,1.0,0.25,0.05,lr1e-05_bs16_drop0p4_temp1p0_a0p25_b0p05__wd1e-04trmiss0_degmodglobal,13,0.6673064529895782,0.6562259793281555,0.38888888888888884,0.7342703592703592,0.6923076923076923,0.0,0.6701729148626328,0.6339917033910751,0.09209948033094406,0.20579805970191956,0.0,0.0,0.0,0.0,0.0,18473,global,0.0
5,4,lr1e-05_bs16_drop0p4_temp1p0_a0p25_b0p05__wd1e-04trmiss0_degmodglobal,16,1e-05,0.0001,0.4,1.0,0.25,0.05,lr1e-05_bs16_drop0p4_temp1p0_a0p25_b0p05__wd1e-04trmiss0_degmodglobal,14,0.6645798683166504,0.6532066464424133,0.38888888888888884,0.7342703592703592,0.6923076923076923,0.0,0.6169575303792953,0.6346664726734161,0.08418990671634674,0.17731845751404762,0.0,0.0,0.0,0.0,0.0,18473,global,0.0
5,4,lr1e-05_bs16_drop0p4_temp1p0_a0p25_b0p05__wd1e-04trmiss0_degmodglobal,16,1e-05,0.0001,0.4,1.0,0.25,0.05,lr1e-05_bs16_drop0p4_temp1p0_a0p25_b0p05__wd1e-04trmiss0_degmodglobal,15,0.6465044319629669,0.6496356129646301,0.4444444444444444,0.7726301476301476,0.6923076923076923,0.0,0.6509140431880951,0.6091794371604919,0.10384334437549114,0.22728316485881805,0.0,0.0,0.0,0.0,0.0,18473,global,0.0
5,4,lr1e-05_bs16_drop0p4_temp1p0_a0p25_b0p05__wd1e-04trmiss0_degmodglobal,16,1e-05,0.0001,0.4,1.0,0.25,0.05,lr1e-05_bs16_drop0p4_temp1p0_a0p25_b0p05__wd1e-04trmiss0_degmodglobal,16,0.6727447658777237,0.6460639834403992,0.41666666666666663,0.7652227402227403,0.6923076923076923,0.0,0.6093958467245102,0.6438488662242889,0.07381438463926315,0.20884595438838005,0.0,0.0,0.0,0.0,0.0,18473,global,0.0
5,4,lr1e-05_bs16_drop0p4_temp1p0_a0p25_b0p05__wd1e-04trmiss0_degmodglobal,16,1e-05,0.0001,0.4,1.0,0.25,0.05,lr1e-05_bs16_drop0p4_temp1p0_a0p25_b0p05__wd1e-04trmiss0_degmodglobal,17,0.646722748875618,0.6444734930992126,0.41666666666666663,0.7652227402227403,0.6923076923076923,0.0,0.6404696255922318,0.6167243868112564,0.0770189855247736,0.21487222611904144,0.0,0.0,0.0,0.0,0.0,18473,global,0.0
5,4,lr1e-05_bs16_drop0p4_temp1p0_a0p25_b0p05__wd1e-04trmiss0_degmodglobal,16,1e-05,0.0001,0.4,1.0,0.25,0.05,lr1e-05_bs16_drop0p4_temp1p0_a0p25_b0p05__wd1e-04trmiss0_degmodglobal,18,0.6577121168375015,0.6426214575767517,0.4722222222222222,0.8022597772597773,0.6923076923076923,0.0,0.6749925315380096,0.6258685141801834,0.09113003686070442,0.1812220010906458,0.0,0.0,0.0,0.0,0.0,18473,global,0.0
5,4,lr1e-05_bs16_drop0p4_temp1p0_a0p25_b0p05__wd1e-04trmiss0_degmodglobal,16,1e-05,0.0001,0.4,1.0,0.25,0.05,lr1e-05_bs16_drop0p4_temp1p0_a0p25_b0p05__wd1e-04trmiss0_degmodglobal,19,0.640521377325058,0.6435618996620178,0.4722222222222222,0.8022597772597773,0.6923076923076923,0.0,0.6661359518766403,0.6125922352075577,0.0738756014034152,0.1892048977315426,0.0,0.0,0.0,0.0,0.0,18473,global,0.0
5,4,lr1e-05_bs16_drop0p4_temp1p0_a0p25_b0p05__wd1e-04trmiss0_degmodglobal,16,1e-05,0.0001,0.4,1.0,0.25,0.05,lr1e-05_bs16_drop0p4_temp1p0_a0p25_b0p05__wd1e-04trmiss0_degmodglobal,20,0.6208106428384781,0.6429069638252258,0.4722222222222222,0.8022597772597773,0.6923076923076923,0.0,0.613623633980751,0.5919329822063446,0.08431809023022652,0.15596270561218262,0.0,0.0,0.0,0.0,0.0,18473,global,0.0
5,4,lr1e-05_bs16_drop0p4_temp1p0_a0p25_b0p05__wd1e-04trmiss0_degmodglobal,16,1e-05,0.0001,0.4,1.0,0.25,0.05,lr1e-05_bs16_drop0p4_temp1p0_a0p25_b0p05__wd1e-04trmiss0_degmodglobal,21,0.6163918823003769,0.6428363919258118,0.41666666666666663,0.7723215056548391,0.6923076923076923,0.0,0.5920087993144989,0.5866008549928665,0.07396440487354994,0.22599897161126137,0.0,0.0,0.0,0.0,0.0,18473,global,0.0
5,4,lr1e-05_bs16_drop0p4_temp1p0_a0p25_b0p05__wd1e-04trmiss0_degmodglobal,16,1e-05,0.0001,0.4,1.0,0.25,0.05,lr1e-05_bs16_drop0p4_temp1p0_a0p25_b0p05__wd1e-04trmiss0_degmodglobal,22,0.6662575751543045,0.6410499215126038,0.4722222222222222,0.8022597772597773,0.6923076923076923,0.0,0.6247899681329727,0.6388730406761169,0.07614324241876602,0.16697461903095245,0.0,0.0,0.0,0.0,0.0,18473,global,0.0
5,4,lr1e-05_bs16_drop0p4_temp1p0_a0p25_b0p05__wd1e-04trmiss0_degmodglobal,16,1e-05,0.0001,0.4,1.0,0.25,0.05,lr1e-05_bs16_drop0p4_temp1p0_a0p25_b0p05__wd1e-04trmiss0_degmodglobal,23,0.6769633889198303,0.6381335258483887,0.4722222222222222,0.8022597772597773,0.6923076923076923,0.0,0.6219231188297272,0.6507537364959717,0.07055890187621117,0.1713984366506338,0.0,0.0,0.0,0.0,0.0,18473,global,0.0
5,4,lr1e-05_bs16_drop0p4_temp1p0_a0p25_b0p05__wd1e-04trmiss0_degmodglobal,16,1e-05,0.0001,0.4,1.0,0.25,0.05,lr1e-05_bs16_drop0p4_temp1p0_a0p25_b0p05__wd1e-04trmiss0_degmodglobal,24,0.6446679085493088,0.6336376070976257,0.5277777777777778,0.8167378917378918,0.6923076923076923,0.0,0.6399134248495102,0.600200742483139,0.12682510167360306,0.2552175186574459,0.0,0.0,0.0,0.0,0.0,18473,global,0.0
5,4,lr1e-05_bs16_drop0p4_temp1p0_a0p25_b0p05__wd1e-04trmiss0_degmodglobal,16,1e-05,0.0001,0.4,1.0,0.25,0.05,lr1e-05_bs16_drop0p4_temp1p0_a0p25_b0p05__wd1e-04trmiss0_degmodglobal,25,0.6664514690637589,0.6347630620002747,0.5277777777777778,0.8167378917378918,0.6923076923076923,0.0,0.622274711728096,0.6374612152576447,0.07489841897040606,0.2053128071129322,0.0,0.0,0.0,0.0,0.0,18473,global,0.0
5,4,lr1e-05_bs16_drop0p4_temp1p0_a0p25_b0p05__wd1e-04trmiss0_degmodglobal,16,1e-05,0.0001,0.4,1.0,0.25,0.05,lr1e-05_bs16_drop0p4_temp1p0_a0p25_b0p05__wd1e-04trmiss0_degmodglobal,26,0.634719580411911,0.6334584355354309,0.5277777777777778,0.8167378917378918,0.6923076923076923,0.0,0.6283315271139145,0.6067838221788406,0.07241092063486576,0.1966606006026268,0.0,0.0,0.0,0.0,0.0,18473,global,0.0
5,4,lr1e-05_bs16_drop0p4_temp1p0_a0p25_b0p05__wd1e-04trmiss0_degmodglobal,16,1e-05,0.0001,0.4,1.0,0.25,0.05,lr1e-05_bs16_drop0p4_temp1p0_a0p25_b0p05__wd1e-04trmiss0_degmodglobal,27,0.6102184355258942,0.6337993741035461,0.5,0.8096671846671848,0.6923076923076923,0.0,0.6355146020650864,0.5764822959899902,0.0935226920992136,0.20710932463407516,0.0,0.0,0.0,0.0,0.0,18473,global,0.0
5,4,lr1e-05_bs16_drop0p4_temp1p0_a0p25_b0p05__wd1e-04trmiss0_degmodglobal,16,1e-05,0.0001,0.4,1.0,0.25,0.05,lr1e-05_bs16_drop0p4_temp1p0_a0p25_b0p05__wd1e-04trmiss0_degmodglobal,28,0.6313561052083969,0.6329147219657898,0.5277777777777778,0.8167378917378918,0.6923076923076923,0.0,0.6064954847097397,0.5979500412940979,0.08869591634720564,0.22464164346456528,0.0,0.0,0.0,0.0,0.0,18473,global,0.0
5,4,lr1e-05_bs16_drop0p4_temp1p0_a0p25_b0p05__wd1e-04trmiss0_degmodglobal,16,1e-05,0.0001,0.4,1.0,0.25,0.05,lr1e-05_bs16_drop0p4_temp1p0_a0p25_b0p05__wd1e-04trmiss0_degmodglobal,29,0.6209108233451843,0.6280120015144348,0.5555555555555556,0.8234718984718985,0.6923076923076923,0.0,0.6201953589916229,0.596018373966217,0.07187117449939251,0.13849354162812233,0.0,0.0,0.0,0.0,0.0,18473,global,0.0
5,4,lr1e-05_bs16_drop0p4_temp1p0_a0p25_b0p05__wd1e-04trmiss0_degmodglobal,16,1e-05,0.0001,0.4,1.0,0.25,0.05,lr1e-05_bs16_drop0p4_temp1p0_a0p25_b0p05__wd1e-04trmiss0_degmodglobal,30,0.6188976168632507,0.6277677416801453,0.5555555555555556,0.8234718984718985,0.6923076923076923,0.0,0.6279720664024353,0.5890041440725327,0.07932505011558533,0.2012438252568245,0.0,0.0,0.0,0.0,0.0,18473,global,0.0
5,4,lr1e-05_bs16_drop0p4_temp1p0_a0p25_b0p05__wd1e-04trmiss0_degmodglobal,16,1e-05,0.0001,0.4,1.0,0.25,0.05,lr1e-05_bs16_drop0p4_temp1p0_a0p25_b0p05__wd1e-04trmiss0_degmodglobal,31,0.6298507302999496,0.6261415481567383,0.5555555555555556,0.8234718984718985,0.6923076923076923,0.0,0.6560909599065781,0.6061525940895081,0.059649535454809666,0.17571493238210678,0.0,0.0,0.0,0.0,0.0,18473,global,0.0
5,4,lr1e-05_bs16_drop0p4_temp1p0_a0p25_b0p05__wd1e-04trmiss0_degmodglobal,16,1e-05,0.0001,0.4,1.0,0.25,0.05,lr1e-05_bs16_drop0p4_temp1p0_a0p25_b0p05__wd1e-04trmiss0_degmodglobal,32,0.629273921251297,0.6248794198036194,0.5555555555555556,0.8234718984718985,0.6923076923076923,0.0,0.5939061194658279,0.5977607220411301,0.09353679046034813,0.16257994063198566,0.0,0.0,0.0,0.0,0.0,18473,global,0.0
5,4,lr1e-05_bs16_drop0p4_temp1p0_a0p25_b0p05__wd1e-04trmiss0_degmodglobal,16,1e-05,0.0001,0.4,1.0,0.25,0.05,lr1e-05_bs16_drop0p4_temp1p0_a0p25_b0p05__wd1e-04trmiss0_degmodglobal,33,0.590903028845787,0.627640426158905,0.5555555555555556,0.8234718984718985,0.6923076923076923,0.0,0.6198482811450958,0.5573304891586304,0.08683556690812111,0.23727304115891457,0.0,0.0,0.0,0.0,0.0,18473,global,0.0
5,4,lr1e-05_bs16_drop0p4_temp1p0_a0p25_b0p05__wd1e-04trmiss0_degmodglobal,16,1e-05,0.0001,0.4,1.0,0.25,0.05,lr1e-05_bs16_drop0p4_temp1p0_a0p25_b0p05__wd1e-04trmiss0_degmodglobal,34,0.609461784362793,0.6267098188400269,0.5555555555555556,0.8234718984718985,0.6923076923076923,0.0,0.5889997333288193,0.5860927850008011,0.06632362399250269,0.13576186634600163,0.0,0.0,0.0,0.0,0.0,18473,global,0.0
5,4,lr1e-05_bs16_drop0p4_temp1p0_a0p25_b0p05__wd1e-04trmiss0_degmodglobal,16,1e-05,0.0001,0.4,1.0,0.25,0.05,lr1e-05_bs16_drop0p4_temp1p0_a0p25_b0p05__wd1e-04trmiss0_degmodglobal,35,0.6100335717201233,0.6266725659370422,0.5555555555555556,0.8234718984718985,0.6923076923076923,0.0,0.5922326594591141,0.5882027298212051,0.06259816139936447,0.12362612225115299,0.0,0.0,0.0,0.0,0.0,18473,global,0.0
5,4,lr1e-05_bs16_drop0p4_temp1p0_a0p25_b0p05__wd1e-04trmiss0_degmodglobal,16,1e-05,0.0001,0.4,1.0,0.25,0.05,lr1e-05_bs16_drop0p4_temp1p0_a0p25_b0p05__wd1e-04trmiss0_degmodglobal,36,0.6116438060998917,0.6277514696121216,0.5555555555555556,0.8234718984718985,0.6923076923076923,0.0,0.6128564924001694,0.5812909305095673,0.08166311122477055,0.19874219596385956,0.0,0.0,0.0,0.0,0.0,18473,global,0.0
5,4,lr1e-05_bs16_drop0p4_temp1p0_a0p25_b0p05__wd1e-04trmiss0_degmodglobal,16,1e-05,0.0001,0.4,1.0,0.25,0.05,lr1e-05_bs16_drop0p4_temp1p0_a0p25_b0p05__wd1e-04trmiss0_degmodglobal,37,0.6179497092962265,0.6269170641899109,0.5555555555555556,0.8234718984718985,0.6923076923076923,0.0,0.6080717295408249,0.5959269553422928,0.06462187599390745,0.1173460993450135,0.0,0.0,0.0,0.0,0.0,18473,global,0.0
5,4,lr1e-05_bs16_drop0p4_temp1p0_a0p25_b0p05__wd1e-04trmiss0_degmodglobal,16,1e-05,0.0001,0.4,1.0,0.25,0.05,lr1e-05_bs16_drop0p4_temp1p0_a0p25_b0p05__wd1e-04trmiss0_degmodglobal,38,0.6094689071178436,0.6267520189285278,0.5555555555555556,0.8234718984718985,0.6923076923076923,0.0,0.6018356084823608,0.579711303114891,0.07578665390610695,0.21621934697031975,0.0,0.0,0.0,0.0,0.0,18473,global,0.0
5,4,lr1e-05_bs16_drop0p4_temp1p0_a0p25_b0p05__wd1e-04trmiss0_degmodglobal,16,1e-05,0.0001,0.4,1.0,0.25,0.05,lr1e-05_bs16_drop0p4_temp1p0_a0p25_b0p05__wd1e-04trmiss0_degmodglobal,39,0.6027580946683884,0.6263729929924011,0.5555555555555556,0.8234718984718985,0.6923076923076923,0.0,0.6133440732955933,0.5768345445394516,0.07054325379431248,0.16575463116168976,0.0,0.0,0.0,0.0,0.0,18473,global,0.0
5,4,lr1e-05_bs16_drop0p4_temp1p0_a0p25_b0p05__wd1e-04trmiss0_degmodglobal,16,1e-05,0.0001,0.4,1.0,0.25,0.05,lr1e-05_bs16_drop0p4_temp1p0_a0p25_b0p05__wd1e-04trmiss0_degmodglobal,40,0.6045453101396561,0.6266101002693176,0.5555555555555556,0.8234718984718985,0.6923076923076923,0.0,0.6090269982814789,0.5713568180799484,0.09049616008996964,0.2112891897559166,0.0,0.0,0.0,0.0,0.0,18473,global,0.0
5,4,lr1e-05_bs16_drop0p4_temp1p0_a0p25_b0p05__wd1e-04trmiss0_degmodglobal,16,1e-05,0.0001,0.4,1.0,0.25,0.05,lr1e-05_bs16_drop0p4_temp1p0_a0p25_b0p05__wd1e-04trmiss0_degmodglobal,41,0.6162222176790237,0.6229727864265442,0.5833333333333333,0.8333925333925336,0.6923076923076923,0.0,0.6035619527101517,0.5774223655462265,0.10540626756846905,0.24896550551056862,0.0,0.0,0.0,0.0,0.0,18473,global,0.0
5,4,lr1e-05_bs16_drop0p4_temp1p0_a0p25_b0p05__wd1e-04trmiss0_degmodglobal,16,1e-05,0.0001,0.4,1.0,0.25,0.05,lr1e-05_bs16_drop0p4_temp1p0_a0p25_b0p05__wd1e-04trmiss0_degmodglobal,42,0.6118807792663574,0.6221553087234497,0.611111111111111,0.8426517926517927,0.6923076923076923,0.0,0.6327972412109375,0.5744894742965698,0.09823333099484444,0.2566596232354641,0.0,0.0,0.0,0.0,0.0,18473,global,0.0
5,4,lr1e-05_bs16_drop0p4_temp1p0_a0p25_b0p05__wd1e-04trmiss0_degmodglobal,16,1e-05,0.0001,0.4,1.0,0.25,0.05,lr1e-05_bs16_drop0p4_temp1p0_a0p25_b0p05__wd1e-04trmiss0_degmodglobal,43,0.6373652666807175,0.6201665997505188,0.611111111111111,0.8426517926517927,0.6923076923076923,0.0,0.6165125817060471,0.609559491276741,0.07158123794943094,0.19820894673466682,0.0,0.0,0.0,0.0,0.0,18473,global,0.0
5,4,lr1e-05_bs16_drop0p4_temp1p0_a0p25_b0p05__wd1e-04trmiss0_degmodglobal,16,1e-05,0.0001,0.4,1.0,0.25,0.05,lr1e-05_bs16_drop0p4_temp1p0_a0p25_b0p05__wd1e-04trmiss0_degmodglobal,44,0.609593465924263,0.6223284006118774,0.6388888888888888,0.8558793058793059,0.6923076923076923,0.0,0.6037151962518692,0.5814152956008911,0.07959878444671631,0.16556916758418083,0.0,0.0,0.0,0.0,0.0,18473,global,0.0
5,4,lr1e-05_bs16_drop0p4_temp1p0_a0p25_b0p05__wd1e-04trmiss0_degmodglobal,16,1e-05,0.0001,0.4,1.0,0.25,0.05,lr1e-05_bs16_drop0p4_temp1p0_a0p25_b0p05__wd1e-04trmiss0_degmodglobal,45,0.5853413045406342,0.6242473721504211,0.5833333333333333,0.8333925333925336,0.6923076923076923,0.0,0.614783376455307,0.5603453516960144,0.06616292707622051,0.16910445317626,0.0,0.0,0.0,0.0,0.0,18473,global,0.0
5,4,lr1e-05_bs16_drop0p4_temp1p0_a0p25_b0p05__wd1e-04trmiss0_degmodglobal,16,1e-05,0.0001,0.4,1.0,0.25,0.05,lr1e-05_bs16_drop0p4_temp1p0_a0p25_b0p05__wd1e-04trmiss0_degmodglobal,46,0.6219139099121094,0.6233487129211426,0.6388888888888888,0.8558793058793059,0.6923076923076923,0.0,0.5736789703369141,0.5903052240610123,0.07840376533567905,0.24015429615974426,0.0,0.0,0.0,0.0,0.0,18473,global,0.0
5,4,lr1e-05_bs16_drop0p4_temp1p0_a0p25_b0p05__wd1e-04trmiss0_degmodglobal,16,1e-05,0.0001,0.4,1.0,0.25,0.05,lr1e-05_bs16_drop0p4_temp1p0_a0p25_b0p05__wd1e-04trmiss0_degmodglobal,47,0.597744807600975,0.6221214532852173,0.6111111111111112,0.8466200466200469,0.6923076923076923,0.0,0.5769575536251068,0.5731763988733292,0.06974932178854942,0.14262128062546253,0.0,0.0,0.0,0.0,0.0,18473,global,0.0
5,4,lr1e-05_bs16_drop0p4_temp1p0_a0p25_b0p05__wd1e-04trmiss0_degmodglobal,16,1e-05,0.0001,0.4,1.0,0.25,0.05,lr1e-05_bs16_drop0p4_temp1p0_a0p25_b0p05__wd1e-04trmiss0_degmodglobal,48,0.6306423842906952,0.6232699155807495,0.5833333333333333,0.8333925333925336,0.6923076923076923,0.0,0.5736730247735977,0.6032511293888092,0.07394281774759293,0.17811116110533476,0.0,0.0,0.0,0.0,0.0,18473,global,0.0
5,4,lr1e-05_bs16_drop0p4_temp1p0_a0p25_b0p05__wd1e-04trmiss0_degmodglobal,16,1e-05,0.0001,0.4,1.0,0.25,0.05,lr1e-05_bs16_drop0p4_temp1p0_a0p25_b0p05__wd1e-04trmiss0_degmodglobal,49,0.5803537517786026,0.6216852068901062,0.611111111111111,0.8426517926517927,0.6923076923076923,0.0,0.5926833599805832,0.5459656268358231,0.0888613760471344,0.24345554038882256,0.0,0.0,0.0,0.0,0.0,18473,global,0.0
5,4,lr1e-05_bs16_drop0p4_temp1p0_a0p25_b0p05__wd1e-04trmiss0_degmodglobal,16,1e-05,0.0001,0.4,1.0,0.25,0.05,lr1e-05_bs16_drop0p4_temp1p0_a0p25_b0p05__wd1e-04trmiss0_degmodglobal,50,0.609458789229393,0.619838535785675,0.6388888888888888,0.8558793058793059,0.6923076923076923,0.0,0.5982813984155655,0.5787916332483292,0.0804095771163702,0.21129554510116577,0.0,0.0,0.0,0.0,0.0,18473,global,0.0
5,4,lr1e-05_bs16_drop0p4_temp1p0_a0p25_b0p05__wd1e-04trmiss0_degmodglobal,16,1e-05,0.0001,0.4,1.0,0.25,0.05,lr1e-05_bs16_drop0p4_temp1p0_a0p25_b0p05__wd1e-04trmiss0_degmodglobal,51,0.6159800589084625,0.620027482509613,0.611111111111111,0.8426517926517927,0.6923076923076923,0.0,0.6030337661504745,0.5856225490570068,0.08215286582708359,0.19638573750853539,0.0,0.0,0.0,0.0,0.0,18473,global,0.0
5,4,lr1e-05_bs16_drop0p4_temp1p0_a0p25_b0p05__wd1e-04trmiss0_degmodglobal,16,1e-05,0.0001,0.4,1.0,0.25,0.05,lr1e-05_bs16_drop0p4_temp1p0_a0p25_b0p05__wd1e-04trmiss0_degmodglobal,52,0.6098494380712509,0.6191822290420532,0.6666666666666667,0.8645212811879479,0.6923076923076923,0.0,0.6005296856164932,0.5809345990419388,0.07670905254781246,0.19475184381008148,0.0,0.0,0.0,0.0,0.0,18473,global,0.0
5,4,lr1e-05_bs16_drop0p4_temp1p0_a0p25_b0p05__wd1e-04trmiss0_degmodglobal,16,1e-05,0.0001,0.4,1.0,0.25,0.05,lr1e-05_bs16_drop0p4_temp1p0_a0p25_b0p05__wd1e-04trmiss0_degmodglobal,53,0.598856195807457,0.6187794208526611,0.6388888888888888,0.8512937679604347,0.6923076923076923,0.0,0.5709380581974983,0.5679260790348053,0.07973738154396415,0.21991527266800404,0.0,0.0,0.0,0.0,0.0,18473,global,0.0
5,4,lr1e-05_bs16_drop0p4_temp1p0_a0p25_b0p05__wd1e-04trmiss0_degmodglobal,16,1e-05,0.0001,0.4,1.0,0.25,0.05,lr1e-05_bs16_drop0p4_temp1p0_a0p25_b0p05__wd1e-04trmiss0_degmodglobal,54,0.5893041491508484,0.6203526854515076,0.6388888888888888,0.8512937679604347,0.6923076923076923,0.0,0.5880388170480728,0.5653643757104874,0.06709052808582783,0.14334271103143692,0.0,0.0,0.0,0.0,0.0,18473,global,0.0
5,4,lr1e-05_bs16_drop0p4_temp1p0_a0p25_b0p05__wd1e-04trmiss0_degmodglobal,16,1e-05,0.0001,0.4,1.0,0.25,0.05,lr1e-05_bs16_drop0p4_temp1p0_a0p25_b0p05__wd1e-04trmiss0_degmodglobal,55,0.6160676181316376,0.6173250079154968,0.6666666666666667,0.8677840677840678,0.6923076923076923,0.0,0.5795682370662689,0.5903521180152893,0.07116859406232834,0.15846710838377476,0.0,0.0,0.0,0.0,0.0,18473,global,0.0
5,4,lr1e-05_bs16_drop0p4_temp1p0_a0p25_b0p05__wd1e-04trmiss0_degmodglobal,16,1e-05,0.0001,0.4,1.0,0.25,0.05,lr1e-05_bs16_drop0p4_temp1p0_a0p25_b0p05__wd1e-04trmiss0_degmodglobal,56,0.6062464416027069,0.6191636919975281,0.7222222222222221,0.8845068511735179,0.6923076923076923,0.0,0.5895131528377533,0.5638900101184845,0.10496793128550053,0.3222890608012676,0.0,0.0,0.0,0.0,0.0,18473,global,0.0
5,4,lr1e-05_bs16_drop0p4_temp1p0_a0p25_b0p05__wd1e-04trmiss0_degmodglobal,16,1e-05,0.0001,0.4,1.0,0.25,0.05,lr1e-05_bs16_drop0p4_temp1p0_a0p25_b0p05__wd1e-04trmiss0_degmodglobal,57,0.6016069948673248,0.6175945401191711,0.75,0.8953093203093205,0.6923076923076923,0.0,0.5669952630996704,0.5720150172710419,0.08217518776655197,0.18096386082470417,0.0,0.0,0.0,0.0,0.0,18473,global,0.0
5,4,lr1e-05_bs16_drop0p4_temp1p0_a0p25_b0p05__wd1e-04trmiss0_degmodglobal,16,1e-05,0.0001,0.4,1.0,0.25,0.05,lr1e-05_bs16_drop0p4_temp1p0_a0p25_b0p05__wd1e-04trmiss0_degmodglobal,58,0.5978686660528183,0.6171750426292419,0.6944444444444444,0.8764260430927098,0.6923076923076923,0.0,0.5831676125526428,0.5669813901185989,0.07954249158501625,0.22003304213285446,0.0,0.0,0.0,0.0,0.0,18473,global,0.0
5,4,lr1e-05_bs16_drop0p4_temp1p0_a0p25_b0p05__wd1e-04trmiss0_degmodglobal,16,1e-05,0.0001,0.4,1.0,0.25,0.05,lr1e-05_bs16_drop0p4_temp1p0_a0p25_b0p05__wd1e-04trmiss0_degmodglobal,59,0.6083488613367081,0.6162025928497314,0.6944444444444444,0.8764260430927098,0.6923076923076923,0.0,0.5759354829788208,0.5762568414211273,0.08337462693452835,0.22496729716658592,0.0,0.0,0.0,0.0,0.0,18473,global,0.0
5,4,lr1e-05_bs16_drop0p4_temp1p0_a0p25_b0p05__wd1e-04trmiss0_degmodglobal,16,1e-05,0.0001,0.4,1.0,0.25,0.05,lr1e-05_bs16_drop0p4_temp1p0_a0p25_b0p05__wd1e-04trmiss0_degmodglobal,60,0.5912653505802155,0.6143003106117249,0.75,0.8953093203093205,0.6923076923076923,0.0,0.5552018359303474,0.5673128515481949,0.06285843998193741,0.16475793719291687,0.0,0.0,0.0,0.0,0.0,18473,global,0.0
5,4,lr1e-05_bs16_drop0p4_temp1p0_a0p25_b0p05__wd1e-04trmiss0_degmodglobal,16,1e-05,0.0001,0.4,1.0,0.25,0.05,lr1e-05_bs16_drop0p4_temp1p0_a0p25_b0p05__wd1e-04trmiss0_degmodglobal,61,0.5561313629150391,0.6125391125679016,0.75,0.8953093203093205,0.6923076923076923,0.0,0.5494433343410492,0.5319059044122696,0.0716013740748167,0.1265022847801447,0.0,0.0,0.0,0.0,0.0,18473,global,0.0
5,4,lr1e-05_bs16_drop0p4_temp1p0_a0p25_b0p05__wd1e-04trmiss0_degmodglobal,16,1e-05,0.0001,0.4,1.0,0.25,0.05,lr1e-05_bs16_drop0p4_temp1p0_a0p25_b0p05__wd1e-04trmiss0_degmodglobal,62,0.579365462064743,0.6142277717590332,0.7777777777777777,0.9051858635191969,0.6923076923076923,0.0,0.5586540400981903,0.5511829107999802,0.07723184488713741,0.17749179154634476,0.0,0.0,0.0,0.0,0.0,18473,global,0.0
5,4,lr1e-05_bs16_drop0p4_temp1p0_a0p25_b0p05__wd1e-04trmiss0_degmodglobal,16,1e-05,0.0001,0.4,1.0,0.25,0.05,lr1e-05_bs16_drop0p4_temp1p0_a0p25_b0p05__wd1e-04trmiss0_degmodglobal,63,0.5930942744016647,0.6162558794021606,0.75,0.8953093203093205,0.6923076923076923,0.0,0.5513611882925034,0.5595556795597076,0.08578760921955109,0.24183429032564163,0.0,0.0,0.0,0.0,0.0,18473,global,0.0
5,4,lr1e-05_bs16_drop0p4_temp1p0_a0p25_b0p05__wd1e-04trmiss0_degmodglobal,16,1e-05,0.0001,0.4,1.0,0.25,0.05,lr1e-05_bs16_drop0p4_temp1p0_a0p25_b0p05__wd1e-04trmiss0_degmodglobal,64,0.5989652723073959,0.6194060444831848,0.7222222222222223,0.8872285122285124,0.6923076923076923,0.0,0.5882367789745331,0.5662707537412643,0.07816800940781832,0.26305047050118446,0.0,0.0,0.0,0.0,0.0,18473,global,0.0
5,4,lr1e-05_bs16_drop0p4_temp1p0_a0p25_b0p05__wd1e-04trmiss0_degmodglobal,16,1e-05,0.0001,0.4,1.0,0.25,0.05,lr1e-05_bs16_drop0p4_temp1p0_a0p25_b0p05__wd1e-04trmiss0_degmodglobal,65,0.5942228734493256,0.6237019896507263,0.5833333333333333,0.8333925333925336,0.6923076923076923,0.0,0.5545201152563095,0.5672479867935181,0.0730851674452424,0.1740721333771944,0.0,0.0,0.0,0.0,0.0,18473,global,0.0
5,4,lr1e-05_bs16_drop0p4_temp1p0_a0p25_b0p05__wd1e-04trmiss0_degmodglobal,16,1e-05,0.0001,0.4,1.0,0.25,0.05,lr1e-05_bs16_drop0p4_temp1p0_a0p25_b0p05__wd1e-04trmiss0_degmodglobal,66,0.6165295243263245,0.6263353228569031,0.6111111111111112,0.8268398268398269,0.6923076923076923,0.0,0.5451917871832848,0.5868902802467346,0.08670453354716301,0.15926232747733593,0.0,0.0,0.0,0.0,0.0,18473,global,0.0
5,4,lr1e-05_bs16_drop0p4_temp1p0_a0p25_b0p05__wd1e-04trmiss0_degmodglobal,16,1e-05,0.0001,0.4,1.0,0.25,0.05,lr1e-05_bs16_drop0p4_temp1p0_a0p25_b0p05__wd1e-04trmiss0_degmodglobal,67,0.5874453783035278,0.6288288235664368,0.5833333333333333,0.8175805675805676,0.6923076923076923,0.0,0.5639430433511734,0.5548345446586609,0.09130865335464478,0.19567333534359932,0.0,0.0,0.0,0.0,0.0,18473,global,0.0
5,4,lr1e-05_bs16_drop0p4_temp1p0_a0p25_b0p05__wd1e-04trmiss0_degmodglobal,16,1e-05,0.0001,0.4,1.0,0.25,0.05,lr1e-05_bs16_drop0p4_temp1p0_a0p25_b0p05__wd1e-04trmiss0_degmodglobal,68,0.5818513780832291,0.6273724436759949,0.5833333333333334,0.8243978243978245,0.6923076923076923,0.0,0.5342160165309906,0.5487232506275177,0.09441789612174034,0.1904727667570114,0.0,0.0,0.0,0.0,0.0,18473,global,0.0
5,4,lr1e-05_bs16_drop0p4_temp1p0_a0p25_b0p05__wd1e-04trmiss0_degmodglobal,16,1e-05,0.0001,0.4,1.0,0.25,0.05,lr1e-05_bs16_drop0p4_temp1p0_a0p25_b0p05__wd1e-04trmiss0_degmodglobal,69,0.6100666224956512,0.6241635084152222,0.5833333333333334,0.8243978243978245,0.6923076923076923,0.0,0.5393616259098053,0.5772105902433395,0.0851375199854374,0.23143300786614418,0.0,0.0,0.0,0.0,0.0,18473,global,0.0
5,4,lr1e-05_bs16_drop0p4_temp1p0_a0p25_b0p05__wd1e-04trmiss0_degmodglobal,16,1e-05,0.0001,0.4,1.0,0.25,0.05,lr1e-05_bs16_drop0p4_temp1p0_a0p25_b0p05__wd1e-04trmiss0_degmodglobal,70,0.6020426452159882,0.6206056475639343,0.6111111111111112,0.8466200466200469,0.6923076923076923,0.0,0.5693562924861908,0.5665091127157211,0.09476502612233162,0.2368456870317459,0.0,0.0,0.0,0.0,0.0,18473,global,0.0
5,4,lr1e-05_bs16_drop0p4_temp1p0_a0p25_b0p05__wd1e-04trmiss0_degmodglobal,16,1e-05,0.0001,0.4,1.0,0.25,0.05,lr1e-05_bs16_drop0p4_temp1p0_a0p25_b0p05__wd1e-04trmiss0_degmodglobal,71,0.5906623303890228,0.6178337931632996,0.6111111111111112,0.8466200466200469,0.6923076923076923,0.0,0.5861632525920868,0.5640860497951508,0.07067806646227837,0.17813545279204845,0.0,0.0,0.0,0.0,0.0,18473,global,0.0
5,4,lr1e-05_bs16_drop0p4_temp1p0_a0p25_b0p05__wd1e-04trmiss0_degmodglobal,16,1e-05,0.0001,0.4,1.0,0.25,0.05,lr1e-05_bs16_drop0p4_temp1p0_a0p25_b0p05__wd1e-04trmiss0_degmodglobal,72,0.5923819839954376,0.6136909127235413,0.7222222222222223,0.8872285122285124,0.6923076923076923,0.0,0.5578800439834595,0.5668132156133652,0.06675479235127568,0.17760145291686058,0.0,0.0,0.0,0.0,0.0,18473,global,0.0
5,4,lr1e-05_bs16_drop0p4_temp1p0_a0p25_b0p05__wd1e-04trmiss0_degmodglobal,16,1e-05,0.0001,0.4,1.0,0.25,0.05,lr1e-05_bs16_drop0p4_temp1p0_a0p25_b0p05__wd1e-04trmiss0_degmodglobal,73,0.6271476447582245,0.6140183806419373,0.7222222222222223,0.8872285122285124,0.6923076923076923,0.0,0.5662550330162048,0.602063775062561,0.06518674921244383,0.1757437139749527,0.0,0.0,0.0,0.0,0.0,18473,global,0.0
5,4,lr1e-05_bs16_drop0p4_temp1p0_a0p25_b0p05__wd1e-04trmiss0_degmodglobal,16,1e-05,0.0001,0.4,1.0,0.25,0.05,lr1e-05_bs16_drop0p4_temp1p0_a0p25_b0p05__wd1e-04trmiss0_degmodglobal,74,0.5875359773635864,0.6139194965362549,0.7222222222222223,0.8872285122285124,0.6923076923076923,0.0,0.5714709609746933,0.5577353239059448,0.07287962175905704,0.23161477595567703,0.0,0.0,0.0,0.0,0.0,18473,global,0.0
5,4,lr1e-05_bs16_drop0p4_temp1p0_a0p25_b0p05__wd1e-04trmiss0_degmodglobal,16,1e-05,0.0001,0.4,1.0,0.25,0.05,lr1e-05_bs16_drop0p4_temp1p0_a0p25_b0p05__wd1e-04trmiss0_degmodglobal,75,0.6086200624704361,0.612040638923645,0.7222222222222223,0.8872285122285124,0.6923076923076923,0.0,0.5450892895460129,0.5746505856513977,0.08883809670805931,0.2351989895105362,0.0,0.0,0.0,0.0,0.0,18473,global,0.0
5,4,lr1e-05_bs16_drop0p4_temp1p0_a0p25_b0p05__wd1e-04trmiss0_degmodglobal,16,1e-05,0.0001,0.4,1.0,0.25,0.05,lr1e-05_bs16_drop0p4_temp1p0_a0p25_b0p05__wd1e-04trmiss0_degmodglobal,76,0.6017150729894638,0.6117443442344666,0.7222222222222223,0.8872285122285124,0.6923076923076923,0.0,0.563389927148819,0.568792924284935,0.0896611250936985,0.21013744920492172,0.0,0.0,0.0,0.0,0.0,18473,global,0.0
5,4,lr1e-05_bs16_drop0p4_temp1p0_a0p25_b0p05__wd1e-04trmiss0_degmodglobal,16,1e-05,0.0001,0.4,1.0,0.25,0.05,lr1e-05_bs16_drop0p4_temp1p0_a0p25_b0p05__wd1e-04trmiss0_degmodglobal,77,0.5709041208028793,0.6098642349243164,0.75,0.8953093203093205,0.6923076923076923,0.0,0.5586020797491074,0.5416845828294754,0.08019275590777397,0.18342708051204681,0.0,0.0,0.0,0.0,0.0,18473,global,0.0
5,4,lr1e-05_bs16_drop0p4_temp1p0_a0p25_b0p05__wd1e-04trmiss0_degmodglobal,16,1e-05,0.0001,0.4,1.0,0.25,0.05,lr1e-05_bs16_drop0p4_temp1p0_a0p25_b0p05__wd1e-04trmiss0_degmodglobal,78,0.582540288567543,0.6121636629104614,0.7222222222222223,0.8872285122285124,0.6923076923076923,0.0,0.5348775684833527,0.5566720440983772,0.06881868373602629,0.17327120527625084,0.0,0.0,0.0,0.0,0.0,18473,global,0.0
5,4,lr1e-05_bs16_drop0p4_temp1p0_a0p25_b0p05__wd1e-04trmiss0_degmodglobal,16,1e-05,0.0001,0.4,1.0,0.25,0.05,lr1e-05_bs16_drop0p4_temp1p0_a0p25_b0p05__wd1e-04trmiss0_degmodglobal,79,0.5831235200166702,0.6126298308372498,0.7222222222222223,0.8872285122285124,0.6923076923076923,0.0,0.5384026318788528,0.5556189268827438,0.07587006222456694,0.17074177786707878,0.0,0.0,0.0,0.0,0.0,18473,global,0.0
5,4,lr1e-05_bs16_drop0p4_temp1p0_a0p25_b0p05__wd1e-04trmiss0_degmodglobal,16,1e-05,0.0001,0.4,1.0,0.25,0.05,lr1e-05_bs16_drop0p4_temp1p0_a0p25_b0p05__wd1e-04trmiss0_degmodglobal,80,0.5798300504684448,0.6144008040428162,0.7222222222222223,0.8872285122285124,0.6923076923076923,0.0,0.5231004282832146,0.554604634642601,0.07222167029976845,0.143399927765131,0.0,0.0,0.0,0.0,0.0,18473,global,0.0
5,4,lr1e-05_bs16_drop0p4_temp2p0_a0p25_b0p05__wd1e-04trmiss0_degmodglobal,16,1e-05,0.0001,0.4,2.0,0.25,0.05,lr1e-05_bs16_drop0p4_temp2p0_a0p25_b0p05__wd1e-04trmiss0_degmodglobal,1,0.7365310937166214,0.7119932174682617,0.6944444444444444,0.7690035273368607,0.3076923076923077,0.0,0.6564811766147614,0.7000605762004852,0.09941302426159382,0.23234518617391586,0.0,0.0,0.0,0.0,0.0,18473,global,0.0
5,4,lr1e-05_bs16_drop0p4_temp2p0_a0p25_b0p05__wd1e-04trmiss0_degmodglobal,16,1e-05,0.0001,0.4,2.0,0.25,0.05,lr1e-05_bs16_drop0p4_temp2p0_a0p25_b0p05__wd1e-04trmiss0_degmodglobal,2,0.7677571475505829,0.7130354642868042,0.6944444444444444,0.7690035273368607,0.3076923076923077,0.0,0.6804487854242325,0.7329485863447189,0.08952515386044979,0.24854568392038345,0.0,0.0,0.0,0.0,0.0,18473,global,0.0
5,4,lr1e-05_bs16_drop0p4_temp2p0_a0p25_b0p05__wd1e-04trmiss0_degmodglobal,16,1e-05,0.0001,0.4,2.0,0.25,0.05,lr1e-05_bs16_drop0p4_temp2p0_a0p25_b0p05__wd1e-04trmiss0_degmodglobal,3,0.7506750822067261,0.7135894894599915,0.6944444444444444,0.7690035273368607,0.3076923076923077,0.0,0.6644363105297089,0.717026099562645,0.09374766796827316,0.2042410597205162,0.0,0.0,0.0,0.0,0.0,18473,global,0.0
5,4,lr1e-05_bs16_drop0p4_temp2p0_a0p25_b0p05__wd1e-04trmiss0_degmodglobal,16,1e-05,0.0001,0.4,2.0,0.25,0.05,lr1e-05_bs16_drop0p4_temp2p0_a0p25_b0p05__wd1e-04trmiss0_degmodglobal,4,0.8174469023942947,0.7146213054656982,0.7222222222222222,0.7765792849126183,0.3076923076923077,0.0,0.6570995151996613,0.7747577130794525,0.10474512726068497,0.33005792647600174,0.0,0.0,0.0,0.0,0.0,18473,global,0.0
5,4,lr1e-05_bs16_drop0p4_temp2p0_a0p25_b0p05__wd1e-04trmiss0_degmodglobal,16,1e-05,0.0001,0.4,2.0,0.25,0.05,lr1e-05_bs16_drop0p4_temp2p0_a0p25_b0p05__wd1e-04trmiss0_degmodglobal,5,0.7101088166236877,0.7117922902107239,0.7222222222222222,0.7765792849126183,0.3076923076923077,0.0,0.6618235260248184,0.6809323132038116,0.08375673927366734,0.16474634408950806,0.0,0.0,0.0,0.0,0.0,18473,global,0.0
5,4,lr1e-05_bs16_drop0p4_temp2p0_a0p25_b0p05__wd1e-04trmiss0_degmodglobal,16,1e-05,0.0001,0.4,2.0,0.25,0.05,lr1e-05_bs16_drop0p4_temp2p0_a0p25_b0p05__wd1e-04trmiss0_degmodglobal,6,0.7619704902172089,0.7112464904785156,0.7222222222222222,0.7765792849126183,0.3076923076923077,0.0,0.6430345177650452,0.7209931910037994,0.10980500094592571,0.2705205865204334,0.0,0.0,0.0,0.0,0.0,18473,global,0.0
5,4,lr1e-05_bs16_drop0p4_temp2p0_a0p25_b0p05__wd1e-04trmiss0_degmodglobal,16,1e-05,0.0001,0.4,2.0,0.25,0.05,lr1e-05_bs16_drop0p4_temp2p0_a0p25_b0p05__wd1e-04trmiss0_degmodglobal,7,0.7185741662979126,0.7138498425483704,0.7222222222222222,0.7765792849126183,0.3076923076923077,0.0,0.6698076874017715,0.6877093464136124,0.09102115221321583,0.16219087317585945,0.0,0.0,0.0,0.0,0.0,18473,global,0.0
5,4,lr1e-05_bs16_drop0p4_temp2p0_a0p25_b0p05__wd1e-04trmiss0_degmodglobal,16,1e-05,0.0001,0.4,2.0,0.25,0.05,lr1e-05_bs16_drop0p4_temp2p0_a0p25_b0p05__wd1e-04trmiss0_degmodglobal,8,0.7160719484090805,0.7163224816322327,0.7222222222222222,0.7765792849126183,0.3076923076923077,0.0,0.6520145237445831,0.6884497404098511,0.0786698842421174,0.15909424237906933,0.0,0.0,0.0,0.0,0.0,18473,global,0.0
5,4,lr1e-05_bs16_drop0p4_temp2p0_a0p25_b0p05__wd1e-04trmiss0_degmodglobal,16,1e-05,0.0001,0.4,2.0,0.25,0.05,lr1e-05_bs16_drop0p4_temp2p0_a0p25_b0p05__wd1e-04trmiss0_degmodglobal,9,0.7471950352191925,0.7163275480270386,0.6666666666666666,0.7591269841269842,0.38461538461538464,0.0,0.6236323267221451,0.715477243065834,0.08996939286589622,0.18450915813446045,0.0,0.0,0.0,0.0,0.0,18473,global,0.0
5,4,lr1e-05_bs16_drop0p4_temp2p0_a0p25_b0p05__wd1e-04trmiss0_degmodglobal,16,1e-05,0.0001,0.4,2.0,0.25,0.05,lr1e-05_bs16_drop0p4_temp2p0_a0p25_b0p05__wd1e-04trmiss0_degmodglobal,10,0.7322744727134705,0.7210378646850586,0.6666666666666666,0.7591269841269842,0.38461538461538464,0.0,0.6432390511035919,0.6868802905082703,0.1108616441488266,0.3535752296447754,0.0,0.0,0.0,0.0,0.0,18473,global,0.0
5,4,lr1e-05_bs16_drop0p4_temp2p0_a0p25_b0p05__wd1e-04trmiss0_degmodglobal,16,1e-05,0.0001,0.4,2.0,0.25,0.05,lr1e-05_bs16_drop0p4_temp2p0_a0p25_b0p05__wd1e-04trmiss0_degmodglobal,11,0.7112919837236404,0.7216610908508301,0.6666666666666666,0.7591269841269842,0.38461538461538464,0.0,0.6278140842914581,0.682586669921875,0.08012066222727299,0.17350324243307114,0.0,0.0,0.0,0.0,0.0,18473,global,0.0
5,4,lr1e-05_bs16_drop0p4_temp2p0_a0p25_b0p05__wd1e-04trmiss0_degmodglobal,16,1e-05,0.0001,0.4,2.0,0.25,0.05,lr1e-05_bs16_drop0p4_temp2p0_a0p25_b0p05__wd1e-04trmiss0_degmodglobal,12,0.7482572495937347,0.7201554775238037,0.6944444444444444,0.7667027417027418,0.38461538461538464,0.0,0.6425585746765137,0.7091082632541656,0.10632857866585255,0.2513367459177971,0.0,0.0,0.0,0.0,0.0,18473,global,0.0
5,4,lr1e-05_bs16_drop0p4_temp2p0_a0p25_b0p05__wd1e-04trmiss0_degmodglobal,16,1e-05,0.0001,0.4,2.0,0.25,0.05,lr1e-05_bs16_drop0p4_temp2p0_a0p25_b0p05__wd1e-04trmiss0_degmodglobal,13,0.7087776511907578,0.7127013802528381,0.6944444444444444,0.7667027417027418,0.38461538461538464,0.0,0.6488293409347534,0.681762769818306,0.06860049441456795,0.19729533419013023,0.0,0.0,0.0,0.0,0.0,18473,global,0.0
5,4,lr1e-05_bs16_drop0p4_temp2p0_a0p25_b0p05__wd1e-04trmiss0_degmodglobal,16,1e-05,0.0001,0.4,2.0,0.25,0.05,lr1e-05_bs16_drop0p4_temp2p0_a0p25_b0p05__wd1e-04trmiss0_degmodglobal,14,0.723720371723175,0.708249032497406,0.6944444444444444,0.7667027417027418,0.38461538461538464,0.0,0.6328219473361969,0.682147666811943,0.11079114116728306,0.2774983048439026,0.0,0.0,0.0,0.0,0.0,18473,global,0.0
5,4,lr1e-05_bs16_drop0p4_temp2p0_a0p25_b0p05__wd1e-04trmiss0_degmodglobal,16,1e-05,0.0001,0.4,2.0,0.25,0.05,lr1e-05_bs16_drop0p4_temp2p0_a0p25_b0p05__wd1e-04trmiss0_degmodglobal,15,0.6987853050231934,0.7052608132362366,0.6944444444444444,0.7667027417027418,0.38461538461538464,0.0,0.6666949391365051,0.6652120500802994,0.08950826898217201,0.2239237278699875,0.0,0.0,0.0,0.0,0.0,18473,global,0.0
5,4,lr1e-05_bs16_drop0p4_temp2p0_a0p25_b0p05__wd1e-04trmiss0_degmodglobal,16,1e-05,0.0001,0.4,2.0,0.25,0.05,lr1e-05_bs16_drop0p4_temp2p0_a0p25_b0p05__wd1e-04trmiss0_degmodglobal,16,0.6829421371221542,0.7056549191474915,0.7222222222222222,0.7765792849126183,0.38461538461538464,0.0,0.629334956407547,0.6467020809650421,0.08741390518844128,0.2877313308417797,0.0,0.0,0.0,0.0,0.0,18473,global,0.0
5,4,lr1e-05_bs16_drop0p4_temp2p0_a0p25_b0p05__wd1e-04trmiss0_degmodglobal,16,1e-05,0.0001,0.4,2.0,0.25,0.05,lr1e-05_bs16_drop0p4_temp2p0_a0p25_b0p05__wd1e-04trmiss0_degmodglobal,17,0.6937296986579895,0.7048026323318481,0.7222222222222222,0.7765792849126183,0.38461538461538464,0.0,0.618142768740654,0.6715502142906189,0.06493336707353592,0.11892309412360191,0.0,0.0,0.0,0.0,0.0,18473,global,0.0
5,4,lr1e-05_bs16_drop0p4_temp2p0_a0p25_b0p05__wd1e-04trmiss0_degmodglobal,16,1e-05,0.0001,0.4,2.0,0.25,0.05,lr1e-05_bs16_drop0p4_temp2p0_a0p25_b0p05__wd1e-04trmiss0_degmodglobal,18,0.7148022949695587,0.705276370048523,0.7222222222222222,0.7765792849126183,0.3076923076923077,0.0,0.6476414799690247,0.6835085153579712,0.08346389420330524,0.20855620503425598,0.0,0.0,0.0,0.0,0.0,18473,global,0.0
5,4,lr1e-05_bs16_drop0p4_temp2p0_a0p25_b0p05__wd1e-04trmiss0_degmodglobal,16,1e-05,0.0001,0.4,2.0,0.25,0.05,lr1e-05_bs16_drop0p4_temp2p0_a0p25_b0p05__wd1e-04trmiss0_degmodglobal,19,0.694747656583786,0.7045137286186218,0.7222222222222222,0.7765792849126183,0.3076923076923077,0.0,0.621224120259285,0.6620416641235352,0.08093982934951782,0.2494201697409153,0.0,0.0,0.0,0.0,0.0,18473,global,0.0
5,4,lr1e-05_bs16_drop0p4_temp2p0_a0p25_b0p05__wd1e-04trmiss0_degmodglobal,16,1e-05,0.0001,0.4,2.0,0.25,0.05,lr1e-05_bs16_drop0p4_temp2p0_a0p25_b0p05__wd1e-04trmiss0_degmodglobal,20,0.6822379678487778,0.7035822868347168,0.7222222222222222,0.7765792849126183,0.3076923076923077,0.0,0.6294909119606018,0.6469507068395615,0.09904168732464314,0.21053706854581833,0.0,0.0,0.0,0.0,0.0,18473,global,0.0
5,4,lr1e-05_bs16_drop0p4_temp2p0_a0p25_b0p05__wd1e-04trmiss0_degmodglobal,16,1e-05,0.0001,0.4,2.0,0.25,0.05,lr1e-05_bs16_drop0p4_temp2p0_a0p25_b0p05__wd1e-04trmiss0_degmodglobal,21,0.6909774541854858,0.7017171382904053,0.7222222222222222,0.7765792849126183,0.3076923076923077,0.0,0.6295346915721893,0.6588419079780579,0.0797403771430254,0.2440088428556919,0.0,0.0,0.0,0.0,0.0,18473,global,0.0
5,4,lr1e-05_bs16_drop0p4_temp2p0_a0p25_b0p05__wd1e-04trmiss0_degmodglobal,16,1e-05,0.0001,0.4,2.0,0.25,0.05,lr1e-05_bs16_drop0p4_temp2p0_a0p25_b0p05__wd1e-04trmiss0_degmodglobal,22,0.713528960943222,0.7000369429588318,0.7222222222222222,0.7765792849126183,0.3076923076923077,0.0,0.6255597770214081,0.6814143061637878,0.0909603126347065,0.18749158829450607,0.0,0.0,0.0,0.0,0.0,18473,global,0.0
5,4,lr1e-05_bs16_drop0p4_temp2p0_a0p25_b0p05__wd1e-04trmiss0_degmodglobal,16,1e-05,0.0001,0.4,2.0,0.25,0.05,lr1e-05_bs16_drop0p4_temp2p0_a0p25_b0p05__wd1e-04trmiss0_degmodglobal,23,0.6726511418819427,0.7029480338096619,0.7222222222222222,0.7765792849126183,0.23076923076923078,0.0,0.6148367673158646,0.6339865326881409,0.10896500386297703,0.22846724092960358,0.0,0.0,0.0,0.0,0.0,18473,global,0.0
5,4,lr1e-05_bs16_drop0p4_temp2p0_a0p25_b0p05__wd1e-04trmiss0_degmodglobal,16,1e-05,0.0001,0.4,2.0,0.25,0.05,lr1e-05_bs16_drop0p4_temp2p0_a0p25_b0p05__wd1e-04trmiss0_degmodglobal,24,0.6951892822980881,0.7021280527114868,0.7222222222222222,0.7765792849126183,0.3076923076923077,0.0,0.5838090926408768,0.6568325161933899,0.10551610961556435,0.23955469578504562,0.0,0.0,0.0,0.0,0.0,18473,global,0.0
5,4,lr1e-05_bs16_drop0p4_temp2p0_a0p25_b0p05__wd1e-04trmiss0_degmodglobal,16,1e-05,0.0001,0.4,2.0,0.25,0.05,lr1e-05_bs16_drop0p4_temp2p0_a0p25_b0p05__wd1e-04trmiss0_degmodglobal,25,0.6821988075971603,0.6992313861846924,0.7222222222222222,0.7765792849126183,0.3076923076923077,0.0,0.6019939333200455,0.6358412057161331,0.12323216535151005,0.31099093332886696,0.0,0.0,0.0,0.0,0.0,18473,global,0.0
5,4,lr1e-05_bs16_drop0p4_temp2p0_a0p25_b0p05__wd1e-04trmiss0_degmodglobal,16,1e-05,0.0001,0.4,2.0,0.25,0.05,lr1e-05_bs16_drop0p4_temp2p0_a0p25_b0p05__wd1e-04trmiss0_degmodglobal,26,0.6689137816429138,0.698051929473877,0.7222222222222222,0.7765792849126183,0.3076923076923077,0.0,0.5960265696048737,0.6341048777103424,0.09669339284300804,0.21271103620529175,0.0,0.0,0.0,0.0,0.0,18473,global,0.0
5,4,lr1e-05_bs16_drop0p4_temp2p0_a0p25_b0p05__wd1e-04trmiss0_degmodglobal,16,1e-05,0.0001,0.4,2.0,0.25,0.05,lr1e-05_bs16_drop0p4_temp2p0_a0p25_b0p05__wd1e-04trmiss0_degmodglobal,27,0.6772779226303101,0.6982747316360474,0.75,0.7856701940035273,0.3076923076923077,0.0,0.6360550373792648,0.6475043147802353,0.08251284714788198,0.1829075589776039,0.0,0.0,0.0,0.0,0.0,18473,global,0.0
5,4,lr1e-05_bs16_drop0p4_temp2p0_a0p25_b0p05__wd1e-04trmiss0_degmodglobal,16,1e-05,0.0001,0.4,2.0,0.25,0.05,lr1e-05_bs16_drop0p4_temp2p0_a0p25_b0p05__wd1e-04trmiss0_degmodglobal,28,0.688258484005928,0.7005525827407837,0.7222222222222222,0.7765792849126183,0.23076923076923078,0.0,0.6251661479473114,0.6572287082672119,0.08713766559958458,0.18490710109472275,0.0,0.0,0.0,0.0,0.0,18473,global,0.0
5,4,lr1e-05_bs16_drop0p4_temp2p0_a0p25_b0p05__wd1e-04trmiss0_degmodglobal,16,1e-05,0.0001,0.4,2.0,0.25,0.05,lr1e-05_bs16_drop0p4_temp2p0_a0p25_b0p05__wd1e-04trmiss0_degmodglobal,29,0.7044529169797897,0.7022092342376709,0.7222222222222222,0.7765792849126183,0.3076923076923077,0.0,0.6256203353404999,0.6584381461143494,0.12162730656564236,0.3121584877371788,0.0,0.0,0.0,0.0,0.0,18473,global,0.0
5,4,lr1e-05_bs16_drop0p4_temp2p0_a0p25_b0p05__wd1e-04trmiss0_degmodglobal,16,1e-05,0.0001,0.4,2.0,0.25,0.05,lr1e-05_bs16_drop0p4_temp2p0_a0p25_b0p05__wd1e-04trmiss0_degmodglobal,30,0.6860428005456924,0.7036423683166504,0.7222222222222222,0.7765792849126183,0.23076923076923078,0.0,0.6081072837114334,0.6540854424238205,0.08193600177764893,0.22946684807538986,0.0,0.0,0.0,0.0,0.0,18473,global,0.0
5,4,lr1e-05_bs16_drop0p4_temp2p0_a0p25_b0p05__wd1e-04trmiss0_degmodglobal,16,1e-05,0.0001,0.4,2.0,0.25,0.05,lr1e-05_bs16_drop0p4_temp2p0_a0p25_b0p05__wd1e-04trmiss0_degmodglobal,31,0.734621524810791,0.7054195404052734,0.6944444444444444,0.7667027417027418,0.23076923076923078,0.0,0.6020452082157135,0.694069504737854,0.09872378595173359,0.31742170453071594,0.0,0.0,0.0,0.0,0.0,18473,global,0.0
5,4,lr1e-05_bs16_drop0p4_temp2p0_a0p25_b0p05__wd1e-04trmiss0_degmodglobal,16,1e-05,0.0001,0.4,2.0,0.25,0.05,lr1e-05_bs16_drop0p4_temp2p0_a0p25_b0p05__wd1e-04trmiss0_degmodglobal,32,0.6982155442237854,0.7006043791770935,0.6944444444444444,0.7667027417027418,0.3076923076923077,0.0,0.6044491678476334,0.6659919172525406,0.09119315445423126,0.1885071974247694,0.0,0.0,0.0,0.0,0.0,18473,global,0.0
5,4,lr1e-05_bs16_drop0p4_temp2p0_a0p25_b0p05__wd1e-04trmiss0_degmodglobal,16,1e-05,0.0001,0.4,2.0,0.25,0.05,lr1e-05_bs16_drop0p4_temp2p0_a0p25_b0p05__wd1e-04trmiss0_degmodglobal,33,0.722199335694313,0.6964635252952576,0.6944444444444444,0.7667027417027418,0.46153846153846156,0.0,0.5949149280786514,0.6899795234203339,0.08855545707046986,0.20161906629800797,0.0,0.0,0.0,0.0,0.0,18473,global,0.0
5,4,lr1e-05_bs16_drop0p4_temp2p0_a0p25_b0p05__wd1e-04trmiss0_degmodglobal,16,1e-05,0.0001,0.4,2.0,0.25,0.05,lr1e-05_bs16_drop0p4_temp2p0_a0p25_b0p05__wd1e-04trmiss0_degmodglobal,34,0.6588878482580185,0.6977920532226562,0.6944444444444444,0.7667027417027418,0.46153846153846156,0.0,0.615014523267746,0.6227232217788696,0.09729692153632641,0.2368077039718628,0.0,0.0,0.0,0.0,0.0,18473,global,0.0
5,4,lr1e-05_bs16_drop0p4_temp2p0_a0p25_b0p05__wd1e-04trmiss0_degmodglobal,16,1e-05,0.0001,0.4,2.0,0.25,0.05,lr1e-05_bs16_drop0p4_temp2p0_a0p25_b0p05__wd1e-04trmiss0_degmodglobal,35,0.6943381577730179,0.6989787220954895,0.6944444444444444,0.7667027417027418,0.38461538461538464,0.0,0.6246743947267532,0.6646015793085098,0.07454673200845718,0.2219979204237461,0.0,0.0,0.0,0.0,0.0,18473,global,0.0
5,4,lr1e-05_bs16_drop0p4_temp2p0_a0p25_b0p05__wd1e-04trmiss0_degmodglobal,16,1e-05,0.0001,0.4,2.0,0.25,0.05,lr1e-05_bs16_drop0p4_temp2p0_a0p25_b0p05__wd1e-04trmiss0_degmodglobal,36,0.7084084749221802,0.69717937707901,0.6944444444444444,0.7667027417027418,0.38461538461538464,0.0,0.5788319706916809,0.6744222193956375,0.08897591568529606,0.2348456308245659,0.0,0.0,0.0,0.0,0.0,18473,global,0.0
5,4,lr1e-05_bs16_drop0p4_temp2p0_a0p25_b0p05__wd1e-04trmiss0_degmodglobal,16,1e-05,0.0001,0.4,2.0,0.25,0.05,lr1e-05_bs16_drop0p4_temp2p0_a0p25_b0p05__wd1e-04trmiss0_degmodglobal,37,0.6863127499818802,0.6944876909255981,0.6944444444444444,0.7667027417027418,0.46153846153846156,0.0,0.5936784148216248,0.6444226652383804,0.1077518854290247,0.29904254525899887,0.0,0.0,0.0,0.0,0.0,18473,global,0.0
5,4,lr1e-05_bs16_drop0p4_temp2p0_a0p25_b0p05__wd1e-04trmiss0_degmodglobal,16,1e-05,0.0001,0.4,2.0,0.25,0.05,lr1e-05_bs16_drop0p4_temp2p0_a0p25_b0p05__wd1e-04trmiss0_degmodglobal,38,0.6811792552471161,0.6923530697822571,0.6944444444444444,0.7667027417027418,0.46153846153846156,0.0,0.5880349576473236,0.6404015570878983,0.11032355576753616,0.2639358304440975,0.0,0.0,0.0,0.0,0.0,18473,global,0.0
5,4,lr1e-05_bs16_drop0p4_temp2p0_a0p25_b0p05__wd1e-04trmiss0_degmodglobal,16,1e-05,0.0001,0.4,2.0,0.25,0.05,lr1e-05_bs16_drop0p4_temp2p0_a0p25_b0p05__wd1e-04trmiss0_degmodglobal,39,0.69119593501091,0.6944587230682373,0.6944444444444444,0.7667027417027418,0.46153846153846156,0.0,0.6053212583065033,0.6419362425804138,0.12416446581482887,0.3643718548119068,0.0,0.0,0.0,0.0,0.0,18473,global,0.0
5,4,lr1e-05_bs16_drop0p4_temp2p0_a0p25_b0p05__wd1e-04trmiss0_degmodglobal,16,1e-05,0.0001,0.4,2.0,0.25,0.05,lr1e-05_bs16_drop0p4_temp2p0_a0p25_b0p05__wd1e-04trmiss0_degmodglobal,40,0.6715956330299377,0.6927478313446045,0.6944444444444444,0.7667027417027418,0.46153846153846156,0.0,0.6182523518800735,0.6393392980098724,0.0884499792009592,0.20287687703967094,0.0,0.0,0.0,0.0,0.0,18473,global,0.0
5,4,lr1e-05_bs16_drop0p4_temp2p0_a0p25_b0p05__wd1e-04trmiss0_degmodglobal,16,1e-05,0.0001,0.4,2.0,0.25,0.05,lr1e-05_bs16_drop0p4_temp2p0_a0p25_b0p05__wd1e-04trmiss0_degmodglobal,41,0.7094869166612625,0.6961163878440857,0.6944444444444444,0.7667027417027418,0.38461538461538464,0.0,0.5942867994308472,0.6717999279499054,0.09554668329656124,0.2760063111782074,0.0,0.0,0.0,0.0,0.0,18473,global,0.0
5,4,lr1e-05_bs16_drop0p4_temp2p0_a0p25_b0p05__wd1e-04trmiss0_degmodglobal,16,1e-05,0.0001,0.4,2.0,0.25,0.05,lr1e-05_bs16_drop0p4_temp2p0_a0p25_b0p05__wd1e-04trmiss0_degmodglobal,42,0.6400001645088196,0.688974142074585,0.6944444444444444,0.7667027417027418,0.46153846153846156,0.0,0.5644372254610062,0.5990303605794907,0.11204980127513409,0.2591472379863262,0.0,0.0,0.0,0.0,0.0,18473,global,0.0
5,4,lr1e-05_bs16_drop0p4_temp2p0_a0p25_b0p05__wd1e-04trmiss0_degmodglobal,16,1e-05,0.0001,0.4,2.0,0.25,0.05,lr1e-05_bs16_drop0p4_temp2p0_a0p25_b0p05__wd1e-04trmiss0_degmodglobal,43,0.6937318593263626,0.6882545948028564,0.7222222222222222,0.7765792849126183,0.46153846153846156,0.0,0.6016196757555008,0.6632503867149353,0.08839505165815353,0.16765376552939415,0.0,0.0,0.0,0.0,0.0,18473,global,0.0
5,4,lr1e-05_bs16_drop0p4_temp2p0_a0p25_b0p05__wd1e-04trmiss0_degmodglobal,16,1e-05,0.0001,0.4,2.0,0.25,0.05,lr1e-05_bs16_drop0p4_temp2p0_a0p25_b0p05__wd1e-04trmiss0_degmodglobal,44,0.7140449434518814,0.6859734058380127,0.7222222222222222,0.7765792849126183,0.46153846153846156,0.0,0.585379883646965,0.6741626560688019,0.10875431634485722,0.25387386232614517,0.0,0.0,0.0,0.0,0.0,18473,global,0.0
5,4,lr1e-05_bs16_drop0p4_temp2p0_a0p25_b0p05__wd1e-04trmiss0_degmodglobal,16,1e-05,0.0001,0.4,2.0,0.25,0.05,lr1e-05_bs16_drop0p4_temp2p0_a0p25_b0p05__wd1e-04trmiss0_degmodglobal,45,0.6952265948057175,0.6848448514938354,0.7222222222222222,0.7765792849126183,0.38461538461538464,0.0,0.5856442451477051,0.6532907634973526,0.10560394171625376,0.310696579515934,0.0,0.0,0.0,0.0,0.0,18473,global,0.0
5,4,lr1e-05_bs16_drop0p4_temp2p0_a0p25_b0p05__wd1e-04trmiss0_degmodglobal,16,1e-05,0.0001,0.4,2.0,0.25,0.05,lr1e-05_bs16_drop0p4_temp2p0_a0p25_b0p05__wd1e-04trmiss0_degmodglobal,46,0.7168019860982895,0.6846836805343628,0.75,0.7856701940035273,0.38461538461538464,0.0,0.6082947254180908,0.6775692701339722,0.10094515793025494,0.2799287773668766,0.0,0.0,0.0,0.0,0.0,18473,global,0.0
5,4,lr1e-05_bs16_drop0p4_temp2p0_a0p25_b0p05__wd1e-04trmiss0_degmodglobal,16,1e-05,0.0001,0.4,2.0,0.25,0.05,lr1e-05_bs16_drop0p4_temp2p0_a0p25_b0p05__wd1e-04trmiss0_degmodglobal,47,0.7038958072662354,0.6837984323501587,0.75,0.7856701940035273,0.38461538461538464,0.0,0.5595342069864273,0.6621101200580597,0.11034883372485638,0.2839694544672966,0.0,0.0,0.0,0.0,0.0,18473,global,0.0
5,4,lr1e-05_bs16_drop0p4_temp2p0_a0p25_b0p05__wd1e-04trmiss0_degmodglobal,16,1e-05,0.0001,0.4,2.0,0.25,0.05,lr1e-05_bs16_drop0p4_temp2p0_a0p25_b0p05__wd1e-04trmiss0_degmodglobal,48,0.6686067581176758,0.6817460060119629,0.7222222222222222,0.7765792849126183,0.46153846153846156,0.0,0.5732516497373581,0.6284042596817017,0.11193846724927425,0.24435750395059586,0.0,0.0,0.0,0.0,0.0,18473,global,0.0
5,4,lr1e-05_bs16_drop0p4_temp2p0_a0p25_b0p05__wd1e-04trmiss0_degmodglobal,16,1e-05,0.0001,0.4,2.0,0.25,0.05,lr1e-05_bs16_drop0p4_temp2p0_a0p25_b0p05__wd1e-04trmiss0_degmodglobal,49,0.6489991992712021,0.6818938255310059,0.7222222222222222,0.7765792849126183,0.46153846153846156,0.0,0.5778042078018188,0.6119752824306488,0.1092820018529892,0.19406874477863312,0.0,0.0,0.0,0.0,0.0,18473,global,0.0
5,4,lr1e-05_bs16_drop0p4_temp2p0_a0p25_b0p05__wd1e-04trmiss0_degmodglobal,16,1e-05,0.0001,0.4,2.0,0.25,0.05,lr1e-05_bs16_drop0p4_temp2p0_a0p25_b0p05__wd1e-04trmiss0_degmodglobal,50,0.6519670337438583,0.6805561184883118,0.7222222222222222,0.7765792849126183,0.46153846153846156,0.0,0.584438368678093,0.6160565614700317,0.0970795638859272,0.23281195387244225,0.0,0.0,0.0,0.0,0.0,18473,global,0.0
5,4,lr1e-05_bs16_drop0p4_temp2p0_a0p25_b0p05__wd1e-04trmiss0_degmodglobal,16,1e-05,0.0001,0.4,2.0,0.25,0.05,lr1e-05_bs16_drop0p4_temp2p0_a0p25_b0p05__wd1e-04trmiss0_degmodglobal,51,0.7149582356214523,0.6830568313598633,0.7222222222222222,0.7765792849126183,0.46153846153846156,0.0,0.6040294170379639,0.6660453081130981,0.1285278405994177,0.3356195390224457,0.0,0.0,0.0,0.0,0.0,18473,global,0.0
5,4,lr1e-05_bs16_drop0p4_temp2p0_a0p25_b0p05__wd1e-04trmiss0_degmodglobal,16,1e-05,0.0001,0.4,2.0,0.25,0.05,lr1e-05_bs16_drop0p4_temp2p0_a0p25_b0p05__wd1e-04trmiss0_degmodglobal,52,0.671237975358963,0.6839114427566528,0.7222222222222222,0.7765792849126183,0.38461538461538464,0.0,0.5559463500976562,0.63818359375,0.08422930352389812,0.23994122073054314,0.0,0.0,0.0,0.0,0.0,18473,global,0.0
5,4,lr1e-05_bs16_drop0p4_temp2p0_a0p25_b0p05__wd1e-04trmiss0_degmodglobal,16,1e-05,0.0001,0.4,2.0,0.25,0.05,lr1e-05_bs16_drop0p4_temp2p0_a0p25_b0p05__wd1e-04trmiss0_degmodglobal,53,0.7245956361293793,0.689542293548584,0.7222222222222222,0.7765792849126183,0.3076923076923077,0.0,0.5763835906982422,0.685608446598053,0.10408568941056728,0.25931568443775177,0.0,0.0,0.0,0.0,0.0,18473,global,0.0
5,4,lr1e-05_bs16_drop0p4_temp2p0_a0p25_b0p05__wd1e-04trmiss0_degmodglobal,16,1e-05,0.0001,0.4,2.0,0.25,0.05,lr1e-05_bs16_drop0p4_temp2p0_a0p25_b0p05__wd1e-04trmiss0_degmodglobal,54,0.6785759180784225,0.6908624768257141,0.75,0.7856701940035273,0.3076923076923077,0.0,0.5764621049165726,0.646801233291626,0.09002542868256569,0.18536647409200668,0.0,0.0,0.0,0.0,0.0,18473,global,0.0
5,4,lr1e-05_bs16_drop0p4_temp2p0_a0p25_b0p05__wd1e-04trmiss0_degmodglobal,16,1e-05,0.0001,0.4,2.0,0.25,0.05,lr1e-05_bs16_drop0p4_temp2p0_a0p25_b0p05__wd1e-04trmiss0_degmodglobal,55,0.6929903030395508,0.6911325454711914,0.75,0.7856701940035273,0.3076923076923077,0.0,0.5555831044912338,0.6510583460330963,0.10959366150200367,0.2906705439090729,0.0,0.0,0.0,0.0,0.0,18473,global,0.0
5,4,lr1e-05_bs16_drop0p4_temp2p0_a0p25_b0p05__wd1e-04trmiss0_degmodglobal,16,1e-05,0.0001,0.4,2.0,0.25,0.05,lr1e-05_bs16_drop0p4_temp2p0_a0p25_b0p05__wd1e-04trmiss0_degmodglobal,56,0.7169940918684006,0.6835070848464966,0.7222222222222222,0.7765792849126183,0.46153846153846156,0.0,0.5895687490701675,0.6764380633831024,0.1033038329333067,0.294601745903492,0.0,0.0,0.0,0.0,0.0,18473,global,0.0
5,4,lr1e-05_bs16_drop0p4_temp2p0_a0p25_b0p05__wd1e-04trmiss0_degmodglobal,16,1e-05,0.0001,0.4,2.0,0.25,0.05,lr1e-05_bs16_drop0p4_temp2p0_a0p25_b0p05__wd1e-04trmiss0_degmodglobal,57,0.6553486734628677,0.6832841038703918,0.75,0.7856701940035273,0.38461538461538464,0.0,0.5699162632226944,0.6136814057826996,0.11569651030004025,0.2548624463379383,0.0,0.0,0.0,0.0,0.0,18473,global,0.0
5,4,lr1e-05_bs16_drop0p4_temp2p0_a0p25_b0p05__wd1e-04trmiss0_degmodglobal,16,1e-05,0.0001,0.4,2.0,0.25,0.05,lr1e-05_bs16_drop0p4_temp2p0_a0p25_b0p05__wd1e-04trmiss0_degmodglobal,58,0.647850826382637,0.6828795671463013,0.7222222222222222,0.7765792849126183,0.38461538461538464,0.0,0.5788117051124573,0.6145948022603989,0.09023327007889748,0.21395402401685715,0.0,0.0,0.0,0.0,0.0,18473,global,0.0
5,4,lr1e-05_bs16_drop0p4_temp2p0_a0p25_b0p05__wd1e-04trmiss0_degmodglobal,16,1e-05,0.0001,0.4,2.0,0.25,0.05,lr1e-05_bs16_drop0p4_temp2p0_a0p25_b0p05__wd1e-04trmiss0_degmodglobal,59,0.6748666614294052,0.6854555010795593,0.7222222222222222,0.7765792849126183,0.38461538461538464,0.0,0.5583573952317238,0.6363936960697174,0.10871903039515018,0.22586427256464958,0.0,0.0,0.0,0.0,0.0,18473,global,0.0
5,4,lr1e-05_bs16_drop0p4_temp2p0_a0p25_b0p05__wd1e-04trmiss0_degmodglobal,16,1e-05,0.0001,0.4,2.0,0.25,0.05,lr1e-05_bs16_drop0p4_temp2p0_a0p25_b0p05__wd1e-04trmiss0_degmodglobal,60,0.6454778462648392,0.6847195029258728,0.7222222222222222,0.7765792849126183,0.38461538461538464,0.0,0.5678259879350662,0.6096406877040863,0.10497047007083893,0.19189093075692654,0.0,0.0,0.0,0.0,0.0,18473,global,0.0
5,4,lr1e-05_bs16_drop0p4_temp2p0_a0p25_b0p05__wd1e-04trmiss0_degmodglobal,16,1e-05,0.0001,0.4,2.0,0.25,0.05,lr1e-05_bs16_drop0p4_temp2p0_a0p25_b0p05__wd1e-04trmiss0_degmodglobal,61,0.6455829292535782,0.6820891499519348,0.7222222222222222,0.7765792849126183,0.46153846153846156,0.0,0.5621141791343689,0.6101841479539871,0.09874845668673515,0.2142334245145321,0.0,0.0,0.0,0.0,0.0,18473,global,0.0
5,4,lr1e-05_bs16_drop0p4_temp2p0_a0p25_b0p05__wd1e-04trmiss0_degmodglobal,16,1e-05,0.0001,0.4,2.0,0.25,0.05,lr1e-05_bs16_drop0p4_temp2p0_a0p25_b0p05__wd1e-04trmiss0_degmodglobal,62,0.668899729847908,0.6795465350151062,0.7222222222222222,0.7765792849126183,0.46153846153846156,0.0,0.5696488320827484,0.6222656220197678,0.12255515158176422,0.319906547665596,0.0,0.0,0.0,0.0,0.0,18473,global,0.0
5,4,lr1e-05_bs16_drop0p4_temp2p0_a0p25_b0p05__wd1e-04trmiss0_degmodglobal,16,1e-05,0.0001,0.4,2.0,0.25,0.05,lr1e-05_bs16_drop0p4_temp2p0_a0p25_b0p05__wd1e-04trmiss0_degmodglobal,63,0.631084755063057,0.6801213622093201,0.7222222222222222,0.7765792849126183,0.46153846153846156,0.0,0.5563416630029678,0.5928141325712204,0.10236788541078568,0.2535730078816414,0.0,0.0,0.0,0.0,0.0,18473,global,0.0
5,4,lr1e-05_bs16_drop0p4_temp2p0_a0p25_b0p05__wd1e-04trmiss0_degmodglobal,16,1e-05,0.0001,0.4,2.0,0.25,0.05,lr1e-05_bs16_drop0p4_temp2p0_a0p25_b0p05__wd1e-04trmiss0_degmodglobal,64,0.6336878836154938,0.6803273558616638,0.7222222222222222,0.7765792849126183,0.38461538461538464,0.0,0.5519908517599106,0.600443497300148,0.09688876383006573,0.1804443635046482,0.0,0.0,0.0,0.0,0.0,18473,global,0.0
5,4,lr1e-05_bs16_drop0p4_temp2p0_a0p25_b0p05__wd1e-04trmiss0_degmodglobal,16,1e-05,0.0001,0.4,2.0,0.25,0.05,lr1e-05_bs16_drop0p4_temp2p0_a0p25_b0p05__wd1e-04trmiss0_degmodglobal,65,0.6546815782785416,0.682443380355835,0.7222222222222222,0.7765792849126183,0.38461538461538464,0.0,0.5937550663948059,0.6235550194978714,0.08795488998293877,0.1827564835548401,0.0,0.0,0.0,0.0,0.0,18473,global,0.0
5,4,lr1e-05_bs16_drop0p4_temp2p0_a0p25_b0p05__wd1e-04trmiss0_degmodglobal,16,1e-05,0.0001,0.4,2.0,0.25,0.05,lr1e-05_bs16_drop0p4_temp2p0_a0p25_b0p05__wd1e-04trmiss0_degmodglobal,66,0.6586509943008423,0.6816501617431641,0.7222222222222222,0.7765792849126183,0.38461538461538464,0.0,0.5476603657007217,0.6221617460250854,0.10425117611885071,0.2085289340466261,0.0,0.0,0.0,0.0,0.0,18473,global,0.0
5,4,lr1e-05_bs16_drop0p4_temp2p0_a0p25_b0p05__wd1e-04trmiss0_degmodglobal,16,1e-05,0.0001,0.4,2.0,0.25,0.05,lr1e-05_bs16_drop0p4_temp2p0_a0p25_b0p05__wd1e-04trmiss0_degmodglobal,67,0.6613284945487976,0.6787369251251221,0.7222222222222222,0.7765792849126183,0.46153846153846156,0.0,0.5154784321784973,0.6147949546575546,0.12304066494107246,0.31546761840581894,0.0,0.0,0.0,0.0,0.0,18473,global,0.0
5,4,lr1e-05_bs16_drop0p4_temp2p0_a0p25_b0p05__wd1e-04trmiss0_degmodglobal,16,1e-05,0.0001,0.4,2.0,0.25,0.05,lr1e-05_bs16_drop0p4_temp2p0_a0p25_b0p05__wd1e-04trmiss0_degmodglobal,68,0.6804502755403519,0.6802023649215698,0.7222222222222222,0.7765792849126183,0.38461538461538464,0.0,0.5656914785504341,0.6405460983514786,0.1116351317614317,0.23990827426314354,0.0,0.0,0.0,0.0,0.0,18473,global,0.0
5,4,lr1e-05_bs16_drop0p4_temp2p0_a0p25_b0p05__wd1e-04trmiss0_degmodglobal,16,1e-05,0.0001,0.4,2.0,0.25,0.05,lr1e-05_bs16_drop0p4_temp2p0_a0p25_b0p05__wd1e-04trmiss0_degmodglobal,69,0.6726412624120712,0.6765875220298767,0.7222222222222222,0.7765792849126183,0.46153846153846156,0.0,0.584831491112709,0.6386461853981018,0.0945812426507473,0.20699522644281387,0.0,0.0,0.0,0.0,0.0,18473,global,0.0
5,4,lr1e-05_bs16_drop0p4_temp2p0_a0p25_b0p05__wd1e-04trmiss0_degmodglobal,16,1e-05,0.0001,0.4,2.0,0.25,0.05,lr1e-05_bs16_drop0p4_temp2p0_a0p25_b0p05__wd1e-04trmiss0_degmodglobal,70,0.666735053062439,0.6791933178901672,0.7222222222222222,0.7765792849126183,0.38461538461538464,0.0,0.544886626303196,0.6169378757476807,0.134176192805171,0.32506249845027924,0.0,0.0,0.0,0.0,0.0,18473,global,0.0
5,4,lr1e-05_bs16_drop0p4_temp2p0_a0p25_b0p05__wd1e-04trmiss0_degmodglobal,16,1e-05,0.0001,0.4,2.0,0.25,0.05,lr1e-05_bs16_drop0p4_temp2p0_a0p25_b0p05__wd1e-04trmiss0_degmodglobal,71,0.6535290777683258,0.6763383150100708,0.7222222222222222,0.7765792849126183,0.38461538461538464,0.0,0.5725918561220169,0.620395764708519,0.08487341739237309,0.23829945176839828,0.0,0.0,0.0,0.0,0.0,18473,global,0.0
5,4,lr1e-05_bs16_drop0p4_temp2p0_a0p25_b0p05__wd1e-04trmiss0_degmodglobal,16,1e-05,0.0001,0.4,2.0,0.25,0.05,lr1e-05_bs16_drop0p4_temp2p0_a0p25_b0p05__wd1e-04trmiss0_degmodglobal,72,0.6830564141273499,0.6705607175827026,0.75,0.8321348404681739,0.38461538461538464,0.0,0.5937195867300034,0.6401465982198715,0.11562023684382439,0.2800949364900589,0.0,0.0,0.0,0.0,0.0,18473,global,0.0
5,4,lr1e-05_bs16_drop0p4_temp2p0_a0p25_b0p05__wd1e-04trmiss0_degmodglobal,16,1e-05,0.0001,0.4,2.0,0.25,0.05,lr1e-05_bs16_drop0p4_temp2p0_a0p25_b0p05__wd1e-04trmiss0_degmodglobal,73,0.6502567082643509,0.6696975827217102,0.75,0.8321348404681739,0.38461538461538464,0.0,0.5540595501661301,0.6126282662153244,0.10066262260079384,0.24925570748746395,0.0,0.0,0.0,0.0,0.0,18473,global,0.0
5,4,lr1e-05_bs16_drop0p4_temp2p0_a0p25_b0p05__wd1e-04trmiss0_degmodglobal,16,1e-05,0.0001,0.4,2.0,0.25,0.05,lr1e-05_bs16_drop0p4_temp2p0_a0p25_b0p05__wd1e-04trmiss0_degmodglobal,74,0.6463214308023453,0.6692308783531189,0.7777777777777778,0.8691718775052109,0.38461538461538464,0.0,0.5596776157617569,0.6142841577529907,0.09133701026439667,0.18406039103865623,0.0,0.0,0.0,0.0,0.0,18473,global,0.0
5,4,lr1e-05_bs16_drop0p4_temp2p0_a0p25_b0p05__wd1e-04trmiss0_degmodglobal,16,1e-05,0.0001,0.4,2.0,0.25,0.05,lr1e-05_bs16_drop0p4_temp2p0_a0p25_b0p05__wd1e-04trmiss0_degmodglobal,75,0.6739699095487595,0.6701226234436035,0.8055555555555556,0.8782627865961199,0.38461538461538464,0.0,0.5682150423526764,0.6385650336742401,0.09700599126517773,0.2230674885213375,0.0,0.0,0.0,0.0,0.0,18473,global,0.0
5,4,lr1e-05_bs16_drop0p4_temp2p0_a0p25_b0p05__wd1e-04trmiss0_degmodglobal,16,1e-05,0.0001,0.4,2.0,0.25,0.05,lr1e-05_bs16_drop0p4_temp2p0_a0p25_b0p05__wd1e-04trmiss0_degmodglobal,76,0.6389515399932861,0.6675601005554199,0.8055555555555556,0.8782627865961199,0.38461538461538464,0.0,0.5752867311239243,0.6058089286088943,0.09696978703141212,0.17800313979387283,0.0,0.0,0.0,0.0,0.0,18473,global,0.0
5,4,lr1e-05_bs16_drop0p4_temp2p0_a0p25_b0p05__wd1e-04trmiss0_degmodglobal,16,1e-05,0.0001,0.4,2.0,0.25,0.05,lr1e-05_bs16_drop0p4_temp2p0_a0p25_b0p05__wd1e-04trmiss0_degmodglobal,77,0.6526806950569153,0.6705371737480164,0.8055555555555556,0.8782627865961199,0.38461538461538464,0.0,0.5460243076086044,0.5953734368085861,0.15384960919618607,0.3768968731164932,0.0,0.0,0.0,0.0,0.0,18473,global,0.0
5,4,lr1e-05_bs16_drop0p4_temp2p0_a0p25_b0p05__wd1e-04trmiss0_degmodglobal,16,1e-05,0.0001,0.4,2.0,0.25,0.05,lr1e-05_bs16_drop0p4_temp2p0_a0p25_b0p05__wd1e-04trmiss0_degmodglobal,78,0.6498461961746216,0.6715875864028931,0.8055555555555556,0.8782627865961199,0.38461538461538464,0.0,0.5247911810874939,0.5994435399770737,0.1418187879025936,0.2989586442708969,0.0,0.0,0.0,0.0,0.0,18473,global,0.0
5,4,lr1e-05_bs16_drop0p4_temp2p0_a0p25_b0p05__wd1e-04trmiss0_degmodglobal,16,1e-05,0.0001,0.4,2.0,0.25,0.05,lr1e-05_bs16_drop0p4_temp2p0_a0p25_b0p05__wd1e-04trmiss0_degmodglobal,79,0.6627797037363052,0.6728836297988892,0.7777777777777778,0.8691718775052109,0.38461538461538464,0.0,0.5581311732530594,0.6274124532938004,0.09842144139111042,0.215237844735384,0.0,0.0,0.0,0.0,0.0,18473,global,0.0
5,4,lr1e-05_bs16_drop0p4_temp2p0_a0p25_b0p05__wd1e-04trmiss0_degmodglobal,16,1e-05,0.0001,0.4,2.0,0.25,0.05,lr1e-05_bs16_drop0p4_temp2p0_a0p25_b0p05__wd1e-04trmiss0_degmodglobal,80,0.6436441540718079,0.6743201017379761,0.75,0.8321348404681739,0.38461538461538464,0.0,0.5483993887901306,0.5986467152833939,0.12365517765283585,0.28167302906513214,0.0,0.0,0.0,0.0,0.0,18473,global,0.0
5,5,lr1e-04_bs8_drop0p2_temp1p0_a0p25_b0p05__wd1e-04trmiss0_degmodglobal,8,0.0001,0.0001,0.2,1.0,0.25,0.05,lr1e-04_bs8_drop0p2_temp1p0_a0p25_b0p05__wd1e-04trmiss0_degmodglobal,1,0.6996600031852722,0.6716966927051544,0.5277777777777778,0.8105931105931108,0.6153846153846154,0.0,0.7264063102858407,0.6738025801522392,0.06810886519295829,0.17660419749362127,0.0,0.0,0.0,0.0,0.0,18473,global,0.0
5,5,lr1e-04_bs8_drop0p2_temp1p0_a0p25_b0p05__wd1e-04trmiss0_degmodglobal,8,0.0001,0.0001,0.2,1.0,0.25,0.05,lr1e-04_bs8_drop0p2_temp1p0_a0p25_b0p05__wd1e-04trmiss0_degmodglobal,2,0.664915314742497,0.6550023853778839,0.5833333333333334,0.8243978243978245,0.5384615384615384,0.0,0.6650387304169791,0.6444407020296369,0.05532159762723105,0.1328843001808439,0.0,0.0,0.0,0.0,0.0,18473,global,0.0
5,5,lr1e-04_bs8_drop0p2_temp1p0_a0p25_b0p05__wd1e-04trmiss0_degmodglobal,8,0.0001,0.0001,0.2,1.0,0.25,0.05,lr1e-04_bs8_drop0p2_temp1p0_a0p25_b0p05__wd1e-04trmiss0_degmodglobal,3,0.6376156806945801,0.6545523107051849,0.5277777777777778,0.7833925333925336,0.5384615384615384,0.0,0.6311701110431126,0.6150650467191424,0.058897502188171656,0.15652505680918694,0.0,0.0,0.0,0.0,0.0,18473,global,0.0
5,5,lr1e-04_bs8_drop0p2_temp1p0_a0p25_b0p05__wd1e-04trmiss0_degmodglobal,8,0.0001,0.0001,0.2,1.0,0.25,0.05,lr1e-04_bs8_drop0p2_temp1p0_a0p25_b0p05__wd1e-04trmiss0_degmodglobal,4,0.6406959210123334,0.6546879708766937,0.5555555555555556,0.7926517926517926,0.5384615384615384,0.0,0.6230175750596183,0.6149478299277169,0.06654690046395574,0.18222724327019282,0.0,0.0,0.0,0.0,0.0,18473,global,0.0
5,5,lr1e-04_bs8_drop0p2_temp1p0_a0p25_b0p05__wd1e-04trmiss0_degmodglobal,8,0.0001,0.0001,0.2,1.0,0.25,0.05,lr1e-04_bs8_drop0p2_temp1p0_a0p25_b0p05__wd1e-04trmiss0_degmodglobal,5,0.646861868245261,0.6680470407009125,0.5,0.7828153328153329,0.6153846153846154,0.0,0.6363190412521362,0.6278781976018634,0.05509186562682901,0.10421376036746162,0.0,0.0,0.0,0.0,0.0,18473,global,0.0
5,5,lr1e-04_bs8_drop0p2_temp1p0_a0p25_b0p05__wd1e-04trmiss0_degmodglobal,8,0.0001,0.0001,0.2,1.0,0.25,0.05,lr1e-04_bs8_drop0p2_temp1p0_a0p25_b0p05__wd1e-04trmiss0_degmodglobal,6,0.6381752150399345,0.6901965141296387,0.4722222222222222,0.7754079254079256,0.5384615384615384,0.0,0.6248797604015895,0.6185211624417987,0.05767030295516763,0.10472982323595456,0.0,0.0,0.0,0.0,0.0,18473,global,0.0
5,5,lr1e-04_bs8_drop0p2_temp1p0_a0p25_b0p05__wd1e-04trmiss0_degmodglobal,8,0.0001,0.0001,0.2,1.0,0.25,0.05,lr1e-04_bs8_drop0p2_temp1p0_a0p25_b0p05__wd1e-04trmiss0_degmodglobal,7,0.6183090806007385,0.677111029624939,0.4722222222222222,0.7754079254079256,0.6153846153846154,0.0,0.593902553830828,0.596304544380733,0.05996944595660482,0.14024343181933677,0.0,0.0,0.0,0.0,0.0,18473,global,0.0
5,5,lr1e-04_bs8_drop0p2_temp1p0_a0p25_b0p05__wd1e-04trmiss0_degmodglobal,8,0.0001,0.0001,0.2,1.0,0.25,0.05,lr1e-04_bs8_drop0p2_temp1p0_a0p25_b0p05__wd1e-04trmiss0_degmodglobal,8,0.6205504281180245,0.6758054494857788,0.4722222222222222,0.7754079254079256,0.5384615384615384,0.0,0.5896130587373462,0.5970207878521511,0.06199203538043158,0.16063284873962402,0.0,0.0,0.0,0.0,0.0,18473,global,0.0
5,5,lr1e-04_bs8_drop0p2_temp1p0_a0p25_b0p05__wd1e-04trmiss0_degmodglobal,8,0.0001,0.0001,0.2,1.0,0.25,0.05,lr1e-04_bs8_drop0p2_temp1p0_a0p25_b0p05__wd1e-04trmiss0_degmodglobal,9,0.6085796015603202,0.6765115857124329,0.4722222222222222,0.7754079254079256,0.5384615384615384,0.0,0.5789375816072736,0.5891755223274231,0.054052265627043586,0.11782048216887883,0.0,0.0,0.0,0.0,0.0,18473,global,0.0
5,5,lr1e-04_bs8_drop0p2_temp1p0_a0p25_b0p05__wd1e-04trmiss0_degmodglobal,8,0.0001,0.0001,0.2,1.0,0.25,0.05,lr1e-04_bs8_drop0p2_temp1p0_a0p25_b0p05__wd1e-04trmiss0_degmodglobal,10,0.5853769779205322,0.6665321886539459,0.5277777777777778,0.7859177859177859,0.5384615384615384,0.0,0.5713475346565247,0.5656245861734662,0.05794795496123178,0.10530798988682884,0.0,0.0,0.0,0.0,0.0,18473,global,0.0
5,5,lr1e-04_bs8_drop0p2_temp1p0_a0p25_b0p05__wd1e-04trmiss0_degmodglobal,8,0.0001,0.0001,0.2,1.0,0.25,0.05,lr1e-04_bs8_drop0p2_temp1p0_a0p25_b0p05__wd1e-04trmiss0_degmodglobal,11,0.5932742357254028,0.6470822989940643,0.5833333333333334,0.7945597612264279,0.6923076923076923,0.0,0.5732614057404655,0.5731463176863534,0.05482879201216357,0.12841476233942167,0.0,0.0,0.0,0.0,0.0,18473,global,0.0
5,5,lr1e-04_bs8_drop0p2_temp1p0_a0p25_b0p05__wd1e-04trmiss0_degmodglobal,8,0.0001,0.0001,0.2,1.0,0.25,0.05,lr1e-04_bs8_drop0p2_temp1p0_a0p25_b0p05__wd1e-04trmiss0_degmodglobal,12,0.5768658263342721,0.6437268853187561,0.5833333333333333,0.8142567309233977,0.6923076923076923,0.0,0.5596850769860404,0.5535532534122467,0.06453107776386398,0.1435961616890771,0.0,0.0,0.0,0.0,0.0,18473,global,0.0
5,5,lr1e-04_bs8_drop0p2_temp1p0_a0p25_b0p05__wd1e-04trmiss0_degmodglobal,8,0.0001,0.0001,0.2,1.0,0.25,0.05,lr1e-04_bs8_drop0p2_temp1p0_a0p25_b0p05__wd1e-04trmiss0_degmodglobal,13,0.5785770842007228,0.6522946953773499,0.5555555555555556,0.7945597612264279,0.6153846153846154,0.0,0.5550663130623954,0.555663240807397,0.062402483608041494,0.14626463183334895,0.0,0.0,0.0,0.0,0.0,18473,global,0.0
5,5,lr1e-04_bs8_drop0p2_temp1p0_a0p25_b0p05__wd1e-04trmiss0_degmodglobal,8,0.0001,0.0001,0.2,1.0,0.25,0.05,lr1e-04_bs8_drop0p2_temp1p0_a0p25_b0p05__wd1e-04trmiss0_degmodglobal,14,0.5803586925779071,0.6499850153923035,0.6111111111111112,0.8093745760412427,0.6153846153846154,0.0,0.5635382788521903,0.5599195999758584,0.06019875939403262,0.10778788583619255,0.0,0.0,0.0,0.0,0.0,18473,global,0.0
5,5,lr1e-04_bs8_drop0p2_temp1p0_a0p25_b0p05__wd1e-04trmiss0_degmodglobal,8,0.0001,0.0001,0.2,1.0,0.25,0.05,lr1e-04_bs8_drop0p2_temp1p0_a0p25_b0p05__wd1e-04trmiss0_degmodglobal,15,0.5588775532586234,0.6504612863063812,0.5833333333333334,0.7945597612264279,0.6153846153846154,0.0,0.5522974474089486,0.534972825220653,0.06286142393946648,0.16378728726080485,0.0,0.0,0.0,0.0,0.0,18473,global,0.0
5,5,lr1e-04_bs8_drop0p2_temp1p0_a0p25_b0p05__wd1e-04trmiss0_degmodglobal,8,0.0001,0.0001,0.2,1.0,0.25,0.05,lr1e-04_bs8_drop0p2_temp1p0_a0p25_b0p05__wd1e-04trmiss0_degmodglobal,16,0.5853482825415475,0.647121787071228,0.611111111111111,0.8223375390042058,0.6923076923076923,0.0,0.5309736260346004,0.5618266292980739,0.06679707659142357,0.13644785859755107,0.0,0.0,0.0,0.0,0.0,18473,global,0.0
5,5,lr1e-04_bs8_drop0p2_temp1p0_a0p25_b0p05__wd1e-04trmiss0_degmodglobal,8,0.0001,0.0001,0.2,1.0,0.25,0.05,lr1e-04_bs8_drop0p2_temp1p0_a0p25_b0p05__wd1e-04trmiss0_degmodglobal,17,0.5741441249847412,0.6458500027656555,0.611111111111111,0.8223375390042058,0.6923076923076923,0.0,0.5415355392864772,0.5462338413511004,0.07583724388054439,0.17901949052299773,0.0,0.0,0.0,0.0,0.0,18473,global,0.0
5,5,lr1e-04_bs8_drop0p2_temp1p0_a0p25_b0p05__wd1e-04trmiss0_degmodglobal,8,0.0001,0.0001,0.2,1.0,0.25,0.05,lr1e-04_bs8_drop0p2_temp1p0_a0p25_b0p05__wd1e-04trmiss0_degmodglobal,18,0.5842798181942531,0.6625335812568665,0.5555555555555556,0.7945597612264279,0.5384615384615384,0.0,0.5713863755975451,0.5588253225599017,0.07236813753843307,0.14724906108209065,0.0,0.0,0.0,0.0,0.0,18473,global,0.0
5,5,lr1e-04_bs8_drop0p2_temp1p0_a0p25_b0p05__wd1e-04trmiss0_degmodglobal,8,0.0001,0.0001,0.2,1.0,0.25,0.05,lr1e-04_bs8_drop0p2_temp1p0_a0p25_b0p05__wd1e-04trmiss0_degmodglobal,19,0.5717732736042568,0.6599187552928925,0.5277777777777778,0.7797449464116131,0.6153846153846154,0.0,0.551247558423451,0.5457940442221505,0.07013565301895142,0.16890621717487062,0.0,0.0,0.0,0.0,0.0,18473,global,0.0
5,5,lr1e-04_bs8_drop0p2_temp1p0_a0p25_b0p05__wd1e-04trmiss0_degmodglobal,8,0.0001,0.0001,0.2,1.0,0.25,0.05,lr1e-04_bs8_drop0p2_temp1p0_a0p25_b0p05__wd1e-04trmiss0_degmodglobal,20,0.5508102178573608,0.6484225988388062,0.5833333333333334,0.7945597612264279,0.6923076923076923,0.0,0.5342438774449485,0.5296705194881984,0.06150380043046815,0.11527497614068645,0.0,0.0,0.0,0.0,0.0,18473,global,0.0
5,5,lr1e-04_bs8_drop0p2_temp1p0_a0p25_b0p05__wd1e-04trmiss0_degmodglobal,8,0.0001,0.0001,0.2,1.0,0.25,0.05,lr1e-04_bs8_drop0p2_temp1p0_a0p25_b0p05__wd1e-04trmiss0_degmodglobal,21,0.5475802634443555,0.6439159214496613,0.6111111111111112,0.8093745760412427,0.6923076923076923,0.0,0.5300927673067365,0.5244786611625126,0.06361321253435952,0.1439659148454666,0.0,0.0,0.0,0.0,0.0,18473,global,0.0
5,5,lr1e-04_bs8_drop0p2_temp1p0_a0p25_b0p05__wd1e-04trmiss0_degmodglobal,8,0.0001,0.0001,0.2,1.0,0.25,0.05,lr1e-04_bs8_drop0p2_temp1p0_a0p25_b0p05__wd1e-04trmiss0_degmodglobal,22,0.5558127675737653,0.6502611339092255,0.611111111111111,0.8223375390042058,0.6923076923076923,0.0,0.5200229840619224,0.5302084939820426,0.06654051318764687,0.17938289472035,0.0,0.0,0.0,0.0,0.0,18473,global,0.0
5,5,lr1e-04_bs8_drop0p2_temp1p0_a0p25_b0p05__wd1e-04trmiss0_degmodglobal,8,0.0001,0.0001,0.2,1.0,0.25,0.05,lr1e-04_bs8_drop0p2_temp1p0_a0p25_b0p05__wd1e-04trmiss0_degmodglobal,23,0.5601591893604824,0.6516492068767548,0.5833333333333334,0.7945597612264279,0.6923076923076923,0.0,0.5292849540710449,0.531074047088623,0.08205197645085198,0.17144305046115602,0.0,0.0,0.0,0.0,0.0,18473,global,0.0
5,5,lr1e-04_bs8_drop0p2_temp1p0_a0p25_b0p05__wd1e-04trmiss0_degmodglobal,8,0.0001,0.0001,0.2,1.0,0.25,0.05,lr1e-04_bs8_drop0p2_temp1p0_a0p25_b0p05__wd1e-04trmiss0_degmodglobal,24,0.5447954961231777,0.6532478928565979,0.5833333333333334,0.7945597612264279,0.6923076923076923,0.0,0.5392771746431079,0.5232784790652139,0.06378333802734103,0.11142343123044286,0.0,0.0,0.0,0.0,0.0,18473,global,0.0
5,5,lr1e-04_bs8_drop0p2_temp1p0_a0p25_b0p05__wd1e-04trmiss0_degmodglobal,8,0.0001,0.0001,0.2,1.0,0.25,0.05,lr1e-04_bs8_drop0p2_temp1p0_a0p25_b0p05__wd1e-04trmiss0_degmodglobal,25,0.5644620912415641,0.6550332605838776,0.5833333333333334,0.7945597612264279,0.6923076923076923,0.0,0.5296229592391423,0.5406403797013419,0.06188015480126653,0.16703344455787114,0.0,0.0,0.0,0.0,0.0,18473,global,0.0
5,5,lr1e-04_bs8_drop0p2_temp1p0_a0p25_b0p05__wd1e-04trmiss0_degmodglobal,8,0.0001,0.0001,0.2,1.0,0.25,0.05,lr1e-04_bs8_drop0p2_temp1p0_a0p25_b0p05__wd1e-04trmiss0_degmodglobal,26,0.5614539214542934,0.6542193293571472,0.5833333333333334,0.7945597612264279,0.6923076923076923,0.0,0.5554634630680084,0.5397760442325047,0.06112459834132876,0.12793486192822456,0.0,0.0,0.0,0.0,0.0,18473,global,0.0
5,5,lr1e-04_bs8_drop0p2_temp1p0_a0p25_b0p05__wd1e-04trmiss0_degmodglobal,8,0.0001,0.0001,0.2,1.0,0.25,0.05,lr1e-04_bs8_drop0p2_temp1p0_a0p25_b0p05__wd1e-04trmiss0_degmodglobal,27,0.5655308238097599,0.6586325466632843,0.5833333333333334,0.7945597612264279,0.6923076923076923,0.0,0.5178690893309457,0.5352259150573185,0.08233139876808439,0.19444130467517035,0.0,0.0,0.0,0.0,0.0,18473,global,0.0
5,5,lr1e-04_bs8_drop0p2_temp1p0_a0p25_b0p05__wd1e-04trmiss0_degmodglobal,8,0.0001,0.0001,0.2,1.0,0.25,0.05,lr1e-04_bs8_drop0p2_temp1p0_a0p25_b0p05__wd1e-04trmiss0_degmodglobal,28,0.5441508080278125,0.6603742837905884,0.5833333333333334,0.7945597612264279,0.6923076923076923,0.0,0.5234701463154384,0.5178981423377991,0.0736210708107267,0.15694784639137133,0.0,0.0,0.0,0.0,0.0,18473,global,0.0
5,5,lr1e-04_bs8_drop0p2_temp1p0_a0p25_b0p05__wd1e-04trmiss0_degmodglobal,8,0.0001,0.0001,0.2,1.0,0.25,0.05,lr1e-04_bs8_drop0p2_temp1p0_a0p25_b0p05__wd1e-04trmiss0_degmodglobal,29,0.5524446538516453,0.662400096654892,0.5277777777777777,0.7698122864789532,0.6923076923076923,0.0,0.51572585105896,0.5229091899735587,0.08027096412011556,0.18935435584613255,0.0,0.0,0.0,0.0,0.0,18473,global,0.0
5,5,lr1e-04_bs8_drop0p2_temp1p0_a0p25_b0p05__wd1e-04trmiss0_degmodglobal,8,0.0001,0.0001,0.2,1.0,0.25,0.05,lr1e-04_bs8_drop0p2_temp1p0_a0p25_b0p05__wd1e-04trmiss0_degmodglobal,30,0.5396499846662793,0.6611201465129852,0.5277777777777777,0.7698122864789532,0.6923076923076923,0.0,0.5229455360344478,0.5171476006507874,0.06405466422438622,0.12977440655231476,0.0,0.0,0.0,0.0,0.0,18473,global,0.0
5,5,lr1e-04_bs8_drop0p2_temp1p0_a0p25_b0p05__wd1e-04trmiss0_degmodglobal,8,0.0001,0.0001,0.2,1.0,0.25,0.05,lr1e-04_bs8_drop0p2_temp1p0_a0p25_b0p05__wd1e-04trmiss0_degmodglobal,31,0.5311460707868848,0.6600233614444733,0.5277777777777777,0.7698122864789532,0.6923076923076923,0.0,0.5093674276556287,0.4994909039565495,0.0850692093372345,0.20775738571371352,0.0,0.0,0.0,0.0,0.0,18473,global,0.0
5,5,lr1e-04_bs8_drop0p2_temp1p0_a0p25_b0p05__wd1e-04trmiss0_degmodglobal,8,0.0001,0.0001,0.2,1.0,0.25,0.05,lr1e-04_bs8_drop0p2_temp1p0_a0p25_b0p05__wd1e-04trmiss0_degmodglobal,32,0.5509284308978489,0.6651487946510315,0.4722222222222222,0.7260412427079095,0.6923076923076923,0.0,0.49510118791035246,0.5249856199537005,0.06894421471016747,0.1741350708263261,0.0,0.0,0.0,0.0,0.0,18473,global,0.0
5,5,lr1e-04_bs8_drop0p2_temp1p0_a0p25_b0p05__wd1e-04trmiss0_degmodglobal,8,0.0001,0.0001,0.2,1.0,0.25,0.05,lr1e-04_bs8_drop0p2_temp1p0_a0p25_b0p05__wd1e-04trmiss0_degmodglobal,33,0.5582830139568874,0.6657391488552094,0.4722222222222222,0.7260412427079095,0.6923076923076923,0.0,0.4961997994354793,0.5284365287848881,0.07982048924480166,0.19782715822969163,0.0,0.0,0.0,0.0,0.0,18473,global,0.0
5,5,lr1e-04_bs8_drop0p2_temp1p0_a0p25_b0p05__wd1e-04trmiss0_degmodglobal,8,0.0001,0.0001,0.2,1.0,0.25,0.05,lr1e-04_bs8_drop0p2_temp1p0_a0p25_b0p05__wd1e-04trmiss0_degmodglobal,34,0.5617111197539738,0.6666061878204346,0.5,0.7427079093745761,0.6923076923076923,0.0,0.5038858013493674,0.5310481531279427,0.08538421775613513,0.18633849173784256,0.0,0.0,0.0,0.0,0.0,18473,global,0.0
5,5,lr1e-04_bs8_drop0p2_temp1p0_a0p25_b0p05__wd1e-04trmiss0_degmodglobal,8,0.0001,0.0001,0.2,1.0,0.25,0.05,lr1e-04_bs8_drop0p2_temp1p0_a0p25_b0p05__wd1e-04trmiss0_degmodglobal,35,0.5276763439178467,0.6646901667118073,0.5,0.7427079093745761,0.6923076923076923,0.0,0.4838437097413199,0.5016611303601947,0.07621681583779198,0.1392203095768179,0.0,0.0,0.0,0.0,0.0,18473,global,0.0
5,5,lr1e-04_bs8_drop0p2_temp1p0_a0p25_b0p05__wd1e-04trmiss0_degmodglobal,8,0.0001,0.0001,0.2,1.0,0.25,0.05,lr1e-04_bs8_drop0p2_temp1p0_a0p25_b0p05__wd1e-04trmiss0_degmodglobal,36,0.549894894872393,0.662568598985672,0.5,0.7427079093745761,0.6923076923076923,0.0,0.4833925579275404,0.5223094522953033,0.07450907677412033,0.17916339050446237,0.0,0.0,0.0,0.0,0.0,18473,global,0.0
5,5,lr1e-04_bs8_drop0p2_temp1p0_a0p25_b0p05__wd1e-04trmiss0_degmodglobal,8,0.0001,0.0001,0.2,1.0,0.25,0.05,lr1e-04_bs8_drop0p2_temp1p0_a0p25_b0p05__wd1e-04trmiss0_degmodglobal,37,0.5510971588747842,0.6594957113265991,0.5277777777777777,0.7494419161085828,0.6923076923076923,0.0,0.4796248120920999,0.5196645600455148,0.0820625466959817,0.2183392835514886,0.0,0.0,0.0,0.0,0.0,18473,global,0.0
5,5,lr1e-04_bs8_drop0p2_temp1p0_a0p25_b0p05__wd1e-04trmiss0_degmodglobal,8,0.0001,0.0001,0.2,1.0,0.25,0.05,lr1e-04_bs8_drop0p2_temp1p0_a0p25_b0p05__wd1e-04trmiss0_degmodglobal,38,0.5244256470884595,0.6596992611885071,0.5277777777777777,0.7494419161085828,0.6923076923076923,0.0,0.4779332833630698,0.49585434794425964,0.08138100164277214,0.16452108323574066,0.0,0.0,0.0,0.0,0.0,18473,global,0.0
5,5,lr1e-04_bs8_drop0p2_temp1p0_a0p25_b0p05__wd1e-04trmiss0_degmodglobal,8,0.0001,0.0001,0.2,1.0,0.25,0.05,lr1e-04_bs8_drop0p2_temp1p0_a0p25_b0p05__wd1e-04trmiss0_degmodglobal,39,0.5448299220630101,0.656849592924118,0.5277777777777777,0.7494419161085828,0.6923076923076923,0.0,0.48372706345149447,0.5192575284412929,0.07228776918990272,0.1500090765101569,0.0,0.0,0.0,0.0,0.0,18473,global,0.0
5,5,lr1e-04_bs8_drop0p2_temp1p0_a0p25_b0p05__wd1e-04trmiss0_degmodglobal,8,0.0001,0.0001,0.2,1.0,0.25,0.05,lr1e-04_bs8_drop0p2_temp1p0_a0p25_b0p05__wd1e-04trmiss0_degmodglobal,40,0.5272327150617327,0.6587174832820892,0.5277777777777777,0.7494419161085828,0.6923076923076923,0.0,0.4793228251593454,0.50348214166505,0.06855092516967229,0.13225680589675903,0.0,0.0,0.0,0.0,0.0,18473,global,0.0
5,5,lr1e-04_bs8_drop0p2_temp1p0_a0p25_b0p05__wd1e-04trmiss0_degmodglobal,8,0.0001,0.0001,0.2,1.0,0.25,0.05,lr1e-04_bs8_drop0p2_temp1p0_a0p25_b0p05__wd1e-04trmiss0_degmodglobal,41,0.5649512793336596,0.6576943099498749,0.5277777777777777,0.7494419161085828,0.6923076923076923,0.0,0.5225954353809357,0.5375590366976601,0.07248288073710032,0.18543047883680888,0.0,0.0,0.0,0.0,0.0,18473,global,0.0
5,5,lr1e-04_bs8_drop0p2_temp2p0_a0p25_b0p05__wd1e-04trmiss0_degmodglobal,8,0.0001,0.0001,0.2,2.0,0.25,0.05,lr1e-04_bs8_drop0p2_temp2p0_a0p25_b0p05__wd1e-04trmiss0_degmodglobal,1,0.6978225452559335,0.6473202705383301,0.6388888888888888,0.8264260430927097,0.6153846153846154,0.0,0.6617702756609235,0.6835576636450631,0.036859168271933286,0.10100164690187999,0.0,0.0,0.0,0.0,0.0,18473,global,0.0
5,5,lr1e-04_bs8_drop0p2_temp2p0_a0p25_b0p05__wd1e-04trmiss0_degmodglobal,8,0.0001,0.0001,0.2,2.0,0.25,0.05,lr1e-04_bs8_drop0p2_temp2p0_a0p25_b0p05__wd1e-04trmiss0_degmodglobal,2,0.6645841257912772,0.6460593938827515,0.6666666666666666,0.8290123456790124,0.7692307692307693,0.0,0.6338755743844169,0.6507494279316494,0.030766316024320468,0.12286246088998658,0.0,0.0,0.0,0.0,0.0,18473,global,0.0
5,5,lr1e-04_bs8_drop0p2_temp2p0_a0p25_b0p05__wd1e-04trmiss0_degmodglobal,8,0.0001,0.0001,0.2,2.0,0.25,0.05,lr1e-04_bs8_drop0p2_temp2p0_a0p25_b0p05__wd1e-04trmiss0_degmodglobal,3,0.614620063986097,0.6554239690303802,0.6111111111111112,0.7715087381754049,0.8461538461538461,0.0,0.6248504945210048,0.6000162022454398,0.03507224630032267,0.11671614859785352,0.0,0.0,0.0,0.0,0.0,18473,global,0.0
5,5,lr1e-04_bs8_drop0p2_temp2p0_a0p25_b0p05__wd1e-04trmiss0_degmodglobal,8,0.0001,0.0001,0.2,2.0,0.25,0.05,lr1e-04_bs8_drop0p2_temp2p0_a0p25_b0p05__wd1e-04trmiss0_degmodglobal,4,0.6021627868924823,0.6637381911277771,0.5,0.6622494789161455,0.8461538461538461,0.0,0.618500999041966,0.5905928526605878,0.028989977602447783,0.08644880460841316,0.0,0.0,0.0,0.0,0.0,18473,global,0.0
5,5,lr1e-04_bs8_drop0p2_temp2p0_a0p25_b0p05__wd1e-04trmiss0_degmodglobal,8,0.0001,0.0001,0.2,2.0,0.25,0.05,lr1e-04_bs8_drop0p2_temp2p0_a0p25_b0p05__wd1e-04trmiss0_degmodglobal,5,0.604533851146698,0.6651579439640045,0.5555555555555556,0.6992865159531826,0.7692307692307693,0.0,0.5708061712128776,0.5900420035634723,0.034695175077234,0.11636115823473249,0.0,0.0,0.0,0.0,0.0,18473,global,0.0
5,5,lr1e-04_bs8_drop0p2_temp2p0_a0p25_b0p05__wd1e-04trmiss0_degmodglobal,8,0.0001,0.0001,0.2,2.0,0.25,0.05,lr1e-04_bs8_drop0p2_temp2p0_a0p25_b0p05__wd1e-04trmiss0_degmodglobal,6,0.5955327323504856,0.6476609706878662,0.5555555555555556,0.7363235529902197,0.8461538461538461,0.0,0.5824298092297145,0.580985529082162,0.031191921127693995,0.13498421226228988,0.0,0.0,0.0,0.0,0.0,18473,global,0.0
5,5,lr1e-04_bs8_drop0p2_temp2p0_a0p25_b0p05__wd1e-04trmiss0_degmodglobal,8,0.0001,0.0001,0.2,2.0,0.25,0.05,lr1e-04_bs8_drop0p2_temp2p0_a0p25_b0p05__wd1e-04trmiss0_degmodglobal,7,0.5826387660843986,0.6486920416355133,0.5555555555555556,0.7363235529902197,0.8461538461538461,0.0,0.5568829093660627,0.570559595312391,0.03132848148899419,0.08494092470833234,0.0,0.0,0.0,0.0,0.0,18473,global,0.0
5,5,lr1e-04_bs8_drop0p2_temp2p0_a0p25_b0p05__wd1e-04trmiss0_degmodglobal,8,0.0001,0.0001,0.2,2.0,0.25,0.05,lr1e-04_bs8_drop0p2_temp2p0_a0p25_b0p05__wd1e-04trmiss0_degmodglobal,8,0.5851671184812274,0.6510383188724518,0.5555555555555556,0.7363235529902197,0.8461538461538461,0.0,0.5574816593102047,0.5687114000320435,0.04029553423502615,0.12763688606875284,0.0,0.0,0.0,0.0,0.0,18473,global,0.0
5,5,lr1e-04_bs8_drop0p2_temp2p0_a0p25_b0p05__wd1e-04trmiss0_degmodglobal,8,0.0001,0.0001,0.2,2.0,0.25,0.05,lr1e-04_bs8_drop0p2_temp2p0_a0p25_b0p05__wd1e-04trmiss0_degmodglobal,9,0.5849285040582929,0.65674689412117,0.5555555555555556,0.7363235529902197,0.8461538461538461,0.0,0.5724040823323386,0.5664112993649074,0.043937851807900836,0.15065496947084153,0.0,0.0,0.0,0.0,0.0,18473,global,0.0
5,5,lr1e-04_bs8_drop0p2_temp2p0_a0p25_b0p05__wd1e-04trmiss0_degmodglobal,8,0.0001,0.0001,0.2,2.0,0.25,0.05,lr1e-04_bs8_drop0p2_temp2p0_a0p25_b0p05__wd1e-04trmiss0_degmodglobal,10,0.5516995063849858,0.6585215628147125,0.5555555555555556,0.7363235529902197,0.8461538461538461,0.0,0.5345914704459054,0.5359448322228023,0.03914454792227064,0.11937092351061958,0.0,0.0,0.0,0.0,0.0,18473,global,0.0
5,5,lr1e-04_bs8_drop0p2_temp2p0_a0p25_b0p05__wd1e-04trmiss0_degmodglobal,8,0.0001,0.0001,0.2,2.0,0.25,0.05,lr1e-04_bs8_drop0p2_temp2p0_a0p25_b0p05__wd1e-04trmiss0_degmodglobal,11,0.549193126814706,0.6648204028606415,0.5555555555555556,0.7363235529902197,0.8461538461538461,0.0,0.517931308065142,0.5333562323025295,0.0376467401427882,0.1285041623881885,0.0,0.0,0.0,0.0,0.0,18473,global,0.0
5,5,lr1e-04_bs8_drop0p2_temp2p0_a0p25_b0p05__wd1e-04trmiss0_degmodglobal,8,0.0001,0.0001,0.2,2.0,0.25,0.05,lr1e-04_bs8_drop0p2_temp2p0_a0p25_b0p05__wd1e-04trmiss0_degmodglobal,12,0.534009575843811,0.6736140251159668,0.5555555555555556,0.7363235529902197,0.7692307692307693,0.0,0.5054861221994672,0.5198366684573037,0.03688032951738153,0.099056426435709,0.0,0.0,0.0,0.0,0.0,18473,global,0.0
5,5,lr1e-04_bs8_drop0p2_temp2p0_a0p25_b0p05__wd1e-04trmiss0_degmodglobal,8,0.0001,0.0001,0.2,2.0,0.25,0.05,lr1e-04_bs8_drop0p2_temp2p0_a0p25_b0p05__wd1e-04trmiss0_degmodglobal,13,0.5571394051824298,0.6714601516723633,0.5555555555555556,0.7363235529902197,0.8461538461538461,0.0,0.5248511901923588,0.5419242637498038,0.04161510057747364,0.09622716025582381,0.0,0.0,0.0,0.0,0.0,18473,global,0.0
5,5,lr1e-04_bs8_drop0p2_temp2p0_a0p25_b0p05__wd1e-04trmiss0_degmodglobal,8,0.0001,0.0001,0.2,2.0,0.25,0.05,lr1e-04_bs8_drop0p2_temp2p0_a0p25_b0p05__wd1e-04trmiss0_degmodglobal,14,0.5609431479658399,0.6678094565868378,0.5,0.6622494789161455,0.8461538461538461,0.0,0.5218304991722107,0.5452901380402702,0.042096933349967,0.10257563527141299,0.0,0.0,0.0,0.0,0.0,18473,global,0.0
5,5,lr1e-04_bs8_drop0p2_temp2p0_a0p25_b0p05__wd1e-04trmiss0_degmodglobal,8,0.0001,0.0001,0.2,2.0,0.25,0.05,lr1e-04_bs8_drop0p2_temp2p0_a0p25_b0p05__wd1e-04trmiss0_degmodglobal,15,0.5455007382801601,0.6701510846614838,0.5,0.6622494789161455,0.8461538461538461,0.0,0.5185600859778268,0.5302426133837018,0.042335087433457375,0.093487306364945,0.0,0.0,0.0,0.0,0.0,18473,global,0.0
5,5,lr1e-04_bs8_drop0p2_temp2p0_a0p25_b0p05__wd1e-04trmiss0_degmodglobal,8,0.0001,0.0001,0.2,2.0,0.25,0.05,lr1e-04_bs8_drop0p2_temp2p0_a0p25_b0p05__wd1e-04trmiss0_degmodglobal,16,0.5362271070480347,0.6759322583675385,0.5,0.6622494789161455,0.7692307692307693,0.0,0.5129014721938542,0.5237907682146344,0.034690648317337036,0.07527367504579681,0.0,0.0,0.0,0.0,0.0,18473,global,0.0
5,5,lr1e-04_bs8_drop0p2_temp2p0_a0p25_b0p05__wd1e-04trmiss0_degmodglobal,8,0.0001,0.0001,0.2,2.0,0.25,0.05,lr1e-04_bs8_drop0p2_temp2p0_a0p25_b0p05__wd1e-04trmiss0_degmodglobal,17,0.5417371775422778,0.6662444770336151,0.5,0.6622494789161455,0.7692307692307693,0.0,0.4943700432777405,0.5289709057126727,0.03473055203046117,0.08167236298322678,0.0,0.0,0.0,0.0,0.0,18473,global,0.0
5,5,lr1e-04_bs8_drop0p2_temp2p0_a0p25_b0p05__wd1e-04trmiss0_degmodglobal,8,0.0001,0.0001,0.2,2.0,0.25,0.05,lr1e-04_bs8_drop0p2_temp2p0_a0p25_b0p05__wd1e-04trmiss0_degmodglobal,18,0.5539474104131971,0.663487583398819,0.5,0.6622494789161455,0.7692307692307693,0.0,0.48343062826565336,0.5375626385211945,0.043198825525385995,0.11170138152582305,0.0,0.0,0.0,0.0,0.0,18473,global,0.0
5,5,lr1e-04_bs8_drop0p2_temp2p0_a0p25_b0p05__wd1e-04trmiss0_degmodglobal,8,0.0001,0.0001,0.2,2.0,0.25,0.05,lr1e-04_bs8_drop0p2_temp2p0_a0p25_b0p05__wd1e-04trmiss0_degmodglobal,19,0.5457412345068795,0.6694062352180481,0.5,0.6622494789161455,0.7692307692307693,0.0,0.4849213106291635,0.5273285252707345,0.048267247687493055,0.1269179486802646,0.0,0.0,0.0,0.0,0.0,18473,global,0.0
5,5,lr1e-04_bs8_drop0p2_temp2p0_a0p25_b0p05__wd1e-04trmiss0_degmodglobal,8,0.0001,0.0001,0.2,2.0,0.25,0.05,lr1e-04_bs8_drop0p2_temp2p0_a0p25_b0p05__wd1e-04trmiss0_degmodglobal,20,0.5383217505046299,0.6752575039863586,0.5,0.6622494789161455,0.7692307692307693,0.0,0.5039018094539642,0.5237347398485456,0.03704237113041537,0.10652829866324152,0.0,0.0,0.0,0.0,0.0,18473,global,0.0
5,5,lr1e-04_bs8_drop0p2_temp2p0_a0p25_b0p05__wd1e-04trmiss0_degmodglobal,8,0.0001,0.0001,0.2,2.0,0.25,0.05,lr1e-04_bs8_drop0p2_temp2p0_a0p25_b0p05__wd1e-04trmiss0_degmodglobal,21,0.5246022386210305,0.6790997087955475,0.5277777777777778,0.6807679974346641,0.8461538461538461,0.0,0.5225376657077244,0.5057540493352073,0.04595413910491126,0.14719331530588015,0.0,0.0,0.0,0.0,0.0,18473,global,0.0
5,5,lr1e-04_bs8_drop0p2_temp2p0_a0p25_b0p05__wd1e-04trmiss0_degmodglobal,8,0.0001,0.0001,0.2,2.0,0.25,0.05,lr1e-04_bs8_drop0p2_temp2p0_a0p25_b0p05__wd1e-04trmiss0_degmodglobal,22,0.5218442891325269,0.6763103604316711,0.5277777777777778,0.6807679974346641,0.8461538461538461,0.0,0.49469941002982004,0.5067558458873204,0.037880073700632365,0.11236863423671041,0.0,0.0,0.0,0.0,0.0,18473,global,0.0
5,5,lr1e-04_bs8_drop0p2_temp2p0_a0p25_b0p05__wd1e-04trmiss0_degmodglobal,8,0.0001,0.0001,0.2,2.0,0.25,0.05,lr1e-04_bs8_drop0p2_temp2p0_a0p25_b0p05__wd1e-04trmiss0_degmodglobal,23,0.5322103926113674,0.6735945641994476,0.5277777777777778,0.6807679974346641,0.7692307692307693,0.0,0.5058249575751168,0.5166561007499695,0.04031687362917832,0.10950133736644473,0.0,0.0,0.0,0.0,0.0,18473,global,0.0
5,5,lr1e-04_bs8_drop0p2_temp2p0_a0p25_b0p05__wd1e-04trmiss0_degmodglobal,8,0.0001,0.0001,0.2,2.0,0.25,0.05,lr1e-04_bs8_drop0p2_temp2p0_a0p25_b0p05__wd1e-04trmiss0_degmodglobal,24,0.5347045745168414,0.6699869930744171,0.5,0.6622494789161455,0.7692307692307693,0.0,0.46875811900411335,0.511469338621412,0.05355683022311756,0.19692065566778183,0.0,0.0,0.0,0.0,0.0,18473,global,0.0
5,5,lr1e-04_bs8_drop0p2_temp2p0_a0p25_b0p05__wd1e-04trmiss0_degmodglobal,8,0.0001,0.0001,0.2,2.0,0.25,0.05,lr1e-04_bs8_drop0p2_temp2p0_a0p25_b0p05__wd1e-04trmiss0_degmodglobal,25,0.5141292469842094,0.6695912480354309,0.5,0.6622494789161455,0.7692307692307693,0.0,0.4910161282335009,0.5010986839021955,0.03557544334658554,0.08273412021143096,0.0,0.0,0.0,0.0,0.0,18473,global,0.0
5,5,lr1e-04_bs8_drop0p2_temp2p0_a0p25_b0p05__wd1e-04trmiss0_degmodglobal,8,0.0001,0.0001,0.2,2.0,0.25,0.05,lr1e-04_bs8_drop0p2_temp2p0_a0p25_b0p05__wd1e-04trmiss0_degmodglobal,26,0.5263436904975346,0.6685295701026917,0.5,0.6622494789161455,0.7692307692307693,0.0,0.48194936769349234,0.5085202710969108,0.04649661162069866,0.12398508244327136,0.0,0.0,0.0,0.0,0.0,18473,global,0.0
5,5,lr1e-04_bs8_drop0p4_temp1p0_a0p25_b0p05__wd1e-04trmiss0_degmodglobal,8,0.0001,0.0001,0.4,1.0,0.25,0.05,lr1e-04_bs8_drop0p4_temp1p0_a0p25_b0p05__wd1e-04trmiss0_degmodglobal,1,0.6838382056781224,0.7026053965091705,0.3611111111111111,0.7004079254079254,0.46153846153846156,0.0,0.6021359392574855,0.6558640173503331,0.06755372669015612,0.22171515811766898,0.0,0.0,0.0,0.0,0.0,18473,global,0.0
5,5,lr1e-04_bs8_drop0p4_temp1p0_a0p25_b0p05__wd1e-04trmiss0_degmodglobal,8,0.0001,0.0001,0.4,1.0,0.25,0.05,lr1e-04_bs8_drop0p4_temp1p0_a0p25_b0p05__wd1e-04trmiss0_degmodglobal,2,0.6860692075320652,0.7036002576351166,0.3888888888888889,0.7281857031857033,0.46153846153846156,0.0,0.586374112537929,0.6539369480950492,0.08427754363843373,0.22125767969659396,0.0,0.0,0.0,0.0,0.0,18473,global,0.0
5,5,lr1e-04_bs8_drop0p4_temp1p0_a0p25_b0p05__wd1e-04trmiss0_degmodglobal,8,0.0001,0.0001,0.4,1.0,0.25,0.05,lr1e-04_bs8_drop0p4_temp1p0_a0p25_b0p05__wd1e-04trmiss0_degmodglobal,3,0.6798575861113412,0.7186793088912964,0.3333333333333333,0.6805666555666556,0.38461538461538464,0.0,0.6008023279053825,0.6489798256329128,0.0776045907820974,0.22953195976359503,0.0,0.0,0.0,0.0,0.0,18473,global,0.0
5,5,lr1e-04_bs8_drop0p4_temp1p0_a0p25_b0p05__wd1e-04trmiss0_degmodglobal,8,0.0001,0.0001,0.4,1.0,0.25,0.05,lr1e-04_bs8_drop0p4_temp1p0_a0p25_b0p05__wd1e-04trmiss0_degmodglobal,4,0.6605059504508972,0.7207049131393433,0.3055555555555556,0.6694555444555446,0.38461538461538464,0.0,0.5927772521972656,0.6285077674048287,0.07486932671495847,0.2656169469867434,0.0,0.0,0.0,0.0,0.0,18473,global,0.0
5,5,lr1e-04_bs8_drop0p4_temp1p0_a0p25_b0p05__wd1e-04trmiss0_degmodglobal,8,0.0001,0.0001,0.4,1.0,0.25,0.05,lr1e-04_bs8_drop0p4_temp1p0_a0p25_b0p05__wd1e-04trmiss0_degmodglobal,5,0.6762410998344421,0.7234228849411011,0.3055555555555556,0.6694555444555446,0.38461538461538464,0.0,0.642698620046888,0.6394558378628322,0.09001285476343972,0.2856411838105747,0.0,0.0,0.0,0.0,0.0,18473,global,0.0
5,5,lr1e-04_bs8_drop0p4_temp1p0_a0p25_b0p05__wd1e-04trmiss0_degmodglobal,8,0.0001,0.0001,0.4,1.0,0.25,0.05,lr1e-04_bs8_drop0p4_temp1p0_a0p25_b0p05__wd1e-04trmiss0_degmodglobal,6,0.6463624664715358,0.7270088791847229,0.2777777777777778,0.650937025937026,0.38461538461538464,0.0,0.5664604476519993,0.6227288586752755,0.06465353391000203,0.14940437568085535,0.0,0.0,0.0,0.0,0.0,18473,global,0.0
5,5,lr1e-04_bs8_drop0p4_temp1p0_a0p25_b0p05__wd1e-04trmiss0_degmodglobal,8,0.0001,0.0001,0.4,1.0,0.25,0.05,lr1e-04_bs8_drop0p4_temp1p0_a0p25_b0p05__wd1e-04trmiss0_degmodglobal,7,0.6264931559562683,0.7292914390563965,0.25,0.6398259148259149,0.38461538461538464,0.0,0.5568941405841282,0.5950770633561271,0.08171218048248972,0.21976109913417272,0.0,0.0,0.0,0.0,0.0,18473,global,0.0
5,5,lr1e-04_bs8_drop0p4_temp1p0_a0p25_b0p05__wd1e-04trmiss0_degmodglobal,8,0.0001,0.0001,0.4,1.0,0.25,0.05,lr1e-04_bs8_drop0p4_temp1p0_a0p25_b0p05__wd1e-04trmiss0_degmodglobal,8,0.6361638988767352,0.7212448418140411,0.25,0.6398259148259149,0.5384615384615384,0.0,0.5589957450117383,0.6021030034337725,0.0864323941724641,0.24905581133706228,0.0,0.0,0.0,0.0,0.0,18473,global,0.0
5,5,lr1e-04_bs8_drop0p4_temp1p0_a0p25_b0p05__wd1e-04trmiss0_degmodglobal,8,0.0001,0.0001,0.4,1.0,0.25,0.05,lr1e-04_bs8_drop0p4_temp1p0_a0p25_b0p05__wd1e-04trmiss0_degmodglobal,9,0.6121311187744141,0.7238196134567261,0.25,0.6398259148259149,0.5384615384615384,0.0,0.5342464702469962,0.5836682830538068,0.07747893993343626,0.18186203496796743,0.0,0.0,0.0,0.0,0.0,18473,global,0.0
5,5,lr1e-04_bs8_drop0p4_temp1p0_a0p25_b0p05__wd1e-04trmiss0_degmodglobal,8,0.0001,0.0001,0.4,1.0,0.25,0.05,lr1e-04_bs8_drop0p4_temp1p0_a0p25_b0p05__wd1e-04trmiss0_degmodglobal,10,0.6241303256579808,0.73396897315979,0.25,0.6398259148259149,0.46153846153846156,0.0,0.5223512053489685,0.5857962965965271,0.09886380178587777,0.2723617734653609,0.0,0.0,0.0,0.0,0.0,18473,global,0.0
5,5,lr1e-04_bs8_drop0p4_temp1p0_a0p25_b0p05__wd1e-04trmiss0_degmodglobal,8,0.0001,0.0001,0.4,1.0,0.25,0.05,lr1e-04_bs8_drop0p4_temp1p0_a0p25_b0p05__wd1e-04trmiss0_degmodglobal,11,0.622885525226593,0.7309809625148773,0.25,0.6398259148259149,0.38461538461538464,0.0,0.5429535933903286,0.58887608562197,0.09577877074480057,0.20129487557070597,0.0,0.0,0.0,0.0,0.0,18473,global,0.0
5,5,lr1e-04_bs8_drop0p4_temp1p0_a0p25_b0p05__wd1e-04trmiss0_degmodglobal,8,0.0001,0.0001,0.4,1.0,0.25,0.05,lr1e-04_bs8_drop0p4_temp1p0_a0p25_b0p05__wd1e-04trmiss0_degmodglobal,12,0.5993960414613996,0.7259439527988434,0.25,0.6398259148259149,0.5384615384615384,0.0,0.5423572574343,0.5656958903585162,0.09183721350772041,0.2148167139717511,0.0,0.0,0.0,0.0,0.0,18473,global,0.0
5,5,lr1e-04_bs8_drop0p4_temp1p0_a0p25_b0p05__wd1e-04trmiss0_degmodglobal,8,0.0001,0.0001,0.4,1.0,0.25,0.05,lr1e-04_bs8_drop0p4_temp1p0_a0p25_b0p05__wd1e-04trmiss0_degmodglobal,13,0.596751698425838,0.7288950979709625,0.2777777777777778,0.6468966218966219,0.5384615384615384,0.0,0.5198081135749817,0.5709885954856873,0.07320904518876757,0.14921642520598002,0.0,0.0,0.0,0.0,0.0,18473,global,0.0
5,5,lr1e-04_bs8_drop0p4_temp1p0_a0p25_b0p05__wd1e-04trmiss0_degmodglobal,8,0.0001,0.0001,0.4,1.0,0.25,0.05,lr1e-04_bs8_drop0p4_temp1p0_a0p25_b0p05__wd1e-04trmiss0_degmodglobal,14,0.5865705013275146,0.7361478805541992,0.3055555555555556,0.658007733007733,0.38461538461538464,0.0,0.5041774341038295,0.5518252210957664,0.10194412831749235,0.18518478742667607,0.0,0.0,0.0,0.0,0.0,18473,global,0.0
5,5,lr1e-04_bs8_drop0p4_temp1p0_a0p25_b0p05__wd1e-04trmiss0_degmodglobal,8,0.0001,0.0001,0.4,1.0,0.25,0.05,lr1e-04_bs8_drop0p4_temp1p0_a0p25_b0p05__wd1e-04trmiss0_degmodglobal,15,0.597314042704446,0.7296574413776398,0.2777777777777778,0.6024521774521775,0.38461538461538464,0.0,0.5331424815314156,0.5709174786295209,0.06552869241152491,0.2002878880926541,0.0,0.0,0.0,0.0,0.0,18473,global,0.0
5,5,lr1e-04_bs8_drop0p4_temp1p0_a0p25_b0p05__wd1e-04trmiss0_degmodglobal,8,0.0001,0.0001,0.4,1.0,0.25,0.05,lr1e-04_bs8_drop0p4_temp1p0_a0p25_b0p05__wd1e-04trmiss0_degmodglobal,16,0.5646893552371434,0.7191075384616852,0.3055555555555556,0.6135632885632886,0.5384615384615384,0.0,0.5196658756051745,0.5391251444816589,0.06895401115928378,0.1665139560188566,0.0,0.0,0.0,0.0,0.0,18473,global,0.0
5,5,lr1e-04_bs8_drop0p4_temp1p0_a0p25_b0p05__wd1e-04trmiss0_degmodglobal,8,0.0001,0.0001,0.4,1.0,0.25,0.05,lr1e-04_bs8_drop0p4_temp1p0_a0p25_b0p05__wd1e-04trmiss0_degmodglobal,17,0.5740646209035601,0.7178118526935577,0.3055555555555556,0.6135632885632886,0.5384615384615384,0.0,0.5252520356859479,0.5491808823176793,0.07073527361665453,0.1439983525446483,0.0,0.0,0.0,0.0,0.0,18473,global,0.0
5,5,lr1e-04_bs8_drop0p4_temp1p0_a0p25_b0p05__wd1e-04trmiss0_degmodglobal,8,0.0001,0.0001,0.4,1.0,0.25,0.05,lr1e-04_bs8_drop0p4_temp1p0_a0p25_b0p05__wd1e-04trmiss0_degmodglobal,18,0.5827824941703251,0.7218929529190063,0.3055555555555556,0.6135632885632886,0.5384615384615384,0.0,0.5083439988749368,0.5529628651482719,0.08064993364470345,0.19314303355557577,0.0,0.0,0.0,0.0,0.0,18473,global,0.0
5,5,lr1e-04_bs8_drop0p4_temp1p0_a0p25_b0p05__wd1e-04trmiss0_degmodglobal,8,0.0001,0.0001,0.4,1.0,0.25,0.05,lr1e-04_bs8_drop0p4_temp1p0_a0p25_b0p05__wd1e-04trmiss0_degmodglobal,19,0.5842081308364868,0.7252518236637115,0.2777777777777778,0.6024521774521775,0.5384615384615384,0.0,0.5112826696463993,0.5505202242306301,0.08869838608162743,0.23026631772518158,0.0,0.0,0.0,0.0,0.0,18473,global,0.0
5,5,lr1e-04_bs8_drop0p4_temp1p0_a0p25_b0p05__wd1e-04trmiss0_degmodglobal,8,0.0001,0.0001,0.4,1.0,0.25,0.05,lr1e-04_bs8_drop0p4_temp1p0_a0p25_b0p05__wd1e-04trmiss0_degmodglobal,20,0.5858889392444065,0.7214165031909943,0.2777777777777778,0.6024521774521775,0.5384615384615384,0.0,0.4947598235947745,0.5553723318236214,0.08050683300409998,0.20779814464705332,0.0,0.0,0.0,0.0,0.0,18473,global,0.0
5,5,lr1e-04_bs8_drop0p4_temp1p0_a0p25_b0p05__wd1e-04trmiss0_degmodglobal,8,0.0001,0.0001,0.4,1.0,0.25,0.05,lr1e-04_bs8_drop0p4_temp1p0_a0p25_b0p05__wd1e-04trmiss0_degmodglobal,21,0.6032587034361703,0.7328543961048126,0.2777777777777778,0.6024521774521775,0.46153846153846156,0.0,0.5079281883580344,0.5731747831617083,0.0728755598621709,0.2373002895287105,0.0,0.0,0.0,0.0,0.0,18473,global,0.0
5,5,lr1e-04_bs8_drop0p4_temp1p0_a0p25_b0p05__wd1e-04trmiss0_degmodglobal,8,0.0001,0.0001,0.4,1.0,0.25,0.05,lr1e-04_bs8_drop0p4_temp1p0_a0p25_b0p05__wd1e-04trmiss0_degmodglobal,22,0.5746913041387286,0.7335458993911743,0.2777777777777778,0.6024521774521775,0.5384615384615384,0.0,0.5051221932683673,0.5461054018565586,0.07453445664473943,0.19904561127935136,0.0,0.0,0.0,0.0,0.0,18473,global,0.0
5,5,lr1e-04_bs8_drop0p4_temp1p0_a0p25_b0p05__wd1e-04trmiss0_degmodglobal,8,0.0001,0.0001,0.4,1.0,0.25,0.05,lr1e-04_bs8_drop0p4_temp1p0_a0p25_b0p05__wd1e-04trmiss0_degmodglobal,23,0.5699010746819633,0.7350096702575684,0.2777777777777778,0.6024521774521775,0.5384615384615384,0.0,0.48657280632427763,0.5389784446784428,0.09078907327992576,0.16450723207422666,0.0,0.0,0.0,0.0,0.0,18473,global,0.0
5,5,lr1e-04_bs8_drop0p4_temp1p0_a0p25_b0p05__wd1e-04trmiss0_degmodglobal,8,0.0001,0.0001,0.4,1.0,0.25,0.05,lr1e-04_bs8_drop0p4_temp1p0_a0p25_b0p05__wd1e-04trmiss0_degmodglobal,24,0.5674635427338737,0.7240153849124908,0.33333333333333337,0.6320818070818071,0.5384615384615384,0.0,0.4855496883392334,0.537156845842089,0.08552277513912745,0.17852015580449784,0.0,0.0,0.0,0.0,0.0,18473,global,0.0
5,5,lr1e-04_bs8_drop0p4_temp1p0_a0p25_b0p05__wd1e-04trmiss0_degmodglobal,8,0.0001,0.0001,0.4,1.0,0.25,0.05,lr1e-04_bs8_drop0p4_temp1p0_a0p25_b0p05__wd1e-04trmiss0_degmodglobal,25,0.5824352077075413,0.729002058506012,0.2777777777777778,0.6024521774521775,0.5384615384615384,0.0,0.4610974448067801,0.5401239991188049,0.11614478698798589,0.2655003922326224,0.0,0.0,0.0,0.0,0.0,18473,global,0.0
5,5,lr1e-04_bs8_drop0p4_temp1p0_a0p25_b0p05__wd1e-04trmiss0_degmodglobal,8,0.0001,0.0001,0.4,1.0,0.25,0.05,lr1e-04_bs8_drop0p4_temp1p0_a0p25_b0p05__wd1e-04trmiss0_degmodglobal,26,0.5659957528114319,0.7261341512203217,0.33333333333333337,0.6320818070818071,0.5384615384615384,0.0,0.4846199240003313,0.5296363277094704,0.10370287778122085,0.20867439838392393,0.0,0.0,0.0,0.0,0.0,18473,global,0.0
5,5,lr1e-04_bs8_drop0p4_temp1p0_a0p25_b0p05__wd1e-04trmiss0_degmodglobal,8,0.0001,0.0001,0.4,1.0,0.25,0.05,lr1e-04_bs8_drop0p4_temp1p0_a0p25_b0p05__wd1e-04trmiss0_degmodglobal,27,0.573873485837664,0.7251957058906555,0.36111111111111116,0.6426638176638176,0.5384615384615384,0.0,0.492050439119339,0.5477678946086338,0.07218526889170919,0.16118563924516952,0.0,0.0,0.0,0.0,0.0,18473,global,0.0
5,5,lr1e-04_bs8_drop0p4_temp1p0_a0p25_b0p05__wd1e-04trmiss0_degmodglobal,8,0.0001,0.0001,0.4,1.0,0.25,0.05,lr1e-04_bs8_drop0p4_temp1p0_a0p25_b0p05__wd1e-04trmiss0_degmodglobal,28,0.5536081790924072,0.7209833860397339,0.38888888888888895,0.6525844525844526,0.5384615384615384,0.0,0.48865642292158945,0.521134751183646,0.08548149200422424,0.22206110507249832,0.0,0.0,0.0,0.0,0.0,18473,global,0.0
5,5,lr1e-04_bs8_drop0p4_temp1p0_a0p25_b0p05__wd1e-04trmiss0_degmodglobal,8,0.0001,0.0001,0.4,1.0,0.25,0.05,lr1e-04_bs8_drop0p4_temp1p0_a0p25_b0p05__wd1e-04trmiss0_degmodglobal,29,0.570896565914154,0.716521680355072,0.41666666666666663,0.6618437118437119,0.5384615384615384,0.0,0.4947261129106794,0.54140334044184,0.08286044799855777,0.1755620688199997,0.0,0.0,0.0,0.0,0.0,18473,global,0.0
5,5,lr1e-04_bs8_drop0p4_temp1p0_a0p25_b0p05__wd1e-04trmiss0_degmodglobal,8,0.0001,0.0001,0.4,1.0,0.25,0.05,lr1e-04_bs8_drop0p4_temp1p0_a0p25_b0p05__wd1e-04trmiss0_degmodglobal,30,0.5515274320329938,0.7176826596260071,0.38888888888888895,0.6525844525844526,0.5384615384615384,0.0,0.5029126831463405,0.5189018760408673,0.09358180367520877,0.1846021270113332,0.0,0.0,0.0,0.0,0.0,18473,global,0.0
5,5,lr1e-04_bs8_drop0p4_temp1p0_a0p25_b0p05__wd1e-04trmiss0_degmodglobal,8,0.0001,0.0001,0.4,1.0,0.25,0.05,lr1e-04_bs8_drop0p4_temp1p0_a0p25_b0p05__wd1e-04trmiss0_degmodglobal,31,0.5408700449126107,0.7143830955028534,0.41666666666666663,0.6618437118437119,0.5384615384615384,0.0,0.4836166501045227,0.5134380076612745,0.07930445085678782,0.1521185679095132,0.0,0.0,0.0,0.0,0.0,18473,global,0.0
5,5,lr1e-04_bs8_drop0p4_temp1p0_a0p25_b0p05__wd1e-04trmiss0_degmodglobal,8,0.0001,0.0001,0.4,1.0,0.25,0.05,lr1e-04_bs8_drop0p4_temp1p0_a0p25_b0p05__wd1e-04trmiss0_degmodglobal,32,0.5823810696601868,0.7199425101280212,0.36111111111111116,0.6340659340659341,0.5384615384615384,0.0,0.4837075429303305,0.5464221366814205,0.09896018515740122,0.22437782479184015,0.0,0.0,0.0,0.0,0.0,18473,global,0.0
5,5,lr1e-04_bs8_drop0p4_temp1p0_a0p25_b0p05__wd1e-04trmiss0_degmodglobal,8,0.0001,0.0001,0.4,1.0,0.25,0.05,lr1e-04_bs8_drop0p4_temp1p0_a0p25_b0p05__wd1e-04trmiss0_degmodglobal,33,0.627996700150626,0.72666135430336,0.3888888888888889,0.6433251933251934,0.5384615384615384,0.0,0.4569219563688551,0.5637385845184326,0.18068792085562432,0.3817232261810984,0.0,0.0,0.0,0.0,0.0,18473,global,0.0
5,5,lr1e-04_bs8_drop0p4_temp1p0_a0p25_b0p05__wd1e-04trmiss0_degmodglobal,8,0.0001,0.0001,0.4,1.0,0.25,0.05,lr1e-04_bs8_drop0p4_temp1p0_a0p25_b0p05__wd1e-04trmiss0_degmodglobal,34,0.5357309920447213,0.7239989638328552,0.41666666666666663,0.6618437118437119,0.5384615384615384,0.0,0.45711261459759306,0.49674043910843985,0.12635590774672373,0.14803156150238855,0.0,0.0,0.0,0.0,0.0,18473,global,0.0
5,5,lr1e-04_bs8_drop0p4_temp1p0_a0p25_b0p05__wd1e-04trmiss0_degmodglobal,8,0.0001,0.0001,0.4,1.0,0.25,0.05,lr1e-04_bs8_drop0p4_temp1p0_a0p25_b0p05__wd1e-04trmiss0_degmodglobal,35,0.5338902303150722,0.7219511866569519,0.41666666666666663,0.6618437118437119,0.5384615384615384,0.0,0.46299308112689425,0.48857778310775757,0.13348351631845748,0.23883117522512162,0.0,0.0,0.0,0.0,0.0,18473,global,0.0
5,5,lr1e-04_bs8_drop0p4_temp1p0_a0p25_b0p05__wd1e-04trmiss0_degmodglobal,8,0.0001,0.0001,0.4,1.0,0.25,0.05,lr1e-04_bs8_drop0p4_temp1p0_a0p25_b0p05__wd1e-04trmiss0_degmodglobal,36,0.5397540884358543,0.7195769250392914,0.38888888888888895,0.6525844525844526,0.5384615384615384,0.0,0.4550870486668178,0.4988240769931248,0.11541576364210673,0.24152149792228425,0.0,0.0,0.0,0.0,0.0,18473,global,0.0
5,5,lr1e-04_bs8_drop0p4_temp1p0_a0p25_b0p05__wd1e-04trmiss0_degmodglobal,8,0.0001,0.0001,0.4,1.0,0.25,0.05,lr1e-04_bs8_drop0p4_temp1p0_a0p25_b0p05__wd1e-04trmiss0_degmodglobal,37,0.6129033097199031,0.7186465263366699,0.36111111111111116,0.6340659340659341,0.5384615384615384,0.0,0.5092716855662209,0.574154964515141,0.10868568292685918,0.2315386501806123,0.0,0.0,0.0,0.0,0.0,18473,global,0.0
5,5,lr1e-04_bs8_drop0p4_temp1p0_a0p25_b0p05__wd1e-04trmiss0_degmodglobal,8,0.0001,0.0001,0.4,1.0,0.25,0.05,lr1e-04_bs8_drop0p4_temp1p0_a0p25_b0p05__wd1e-04trmiss0_degmodglobal,38,0.5688206042562213,0.7230015099048615,0.36111111111111116,0.6340659340659341,0.5384615384615384,0.0,0.45871153473854065,0.5335121325084141,0.09852505954248565,0.21354381952966964,0.0,0.0,0.0,0.0,0.0,18473,global,0.0
5,5,lr1e-04_bs8_drop0p4_temp1p0_a0p25_b0p05__wd1e-04trmiss0_degmodglobal,8,0.0001,0.0001,0.4,1.0,0.25,0.05,lr1e-04_bs8_drop0p4_temp1p0_a0p25_b0p05__wd1e-04trmiss0_degmodglobal,39,0.5579736275332314,0.7194568514823914,0.36111111111111116,0.6340659340659341,0.5384615384615384,0.0,0.4567673121179853,0.5108262641089303,0.13648323927606856,0.26053122111729216,0.0,0.0,0.0,0.0,0.0,18473,global,0.0
5,5,lr1e-04_bs8_drop0p4_temp1p0_a0p25_b0p05__wd1e-04trmiss0_degmodglobal,8,0.0001,0.0001,0.4,1.0,0.25,0.05,lr1e-04_bs8_drop0p4_temp1p0_a0p25_b0p05__wd1e-04trmiss0_degmodglobal,40,0.569885390145438,0.7165766656398773,0.36111111111111116,0.6340659340659341,0.5384615384615384,0.0,0.4588529680456434,0.5284969466073173,0.10977528457130704,0.2788923255034855,0.0,0.0,0.0,0.0,0.0,18473,global,0.0
5,5,lr1e-04_bs8_drop0p4_temp1p0_a0p25_b0p05__wd1e-04trmiss0_degmodglobal,8,0.0001,0.0001,0.4,1.0,0.25,0.05,lr1e-04_bs8_drop0p4_temp1p0_a0p25_b0p05__wd1e-04trmiss0_degmodglobal,41,0.5473989759172712,0.7178666591644287,0.41666666666666663,0.6618437118437119,0.5384615384615384,0.0,0.466043267931257,0.5161430580275399,0.08952404132911138,0.17749815540654318,0.0,0.0,0.0,0.0,0.0,18473,global,0.0
5,5,lr1e-04_bs8_drop0p4_temp1p0_a0p25_b0p05__wd1e-04trmiss0_degmodglobal,8,0.0001,0.0001,0.4,1.0,0.25,0.05,lr1e-04_bs8_drop0p4_temp1p0_a0p25_b0p05__wd1e-04trmiss0_degmodglobal,42,0.5803178889410836,0.7214115560054779,0.3888888888888889,0.6433251933251934,0.5384615384615384,0.0,0.45804268547466825,0.539085579769952,0.1200031925524984,0.22463058360985347,0.0,0.0,0.0,0.0,0.0,18473,global,0.0
5,5,lr1e-04_bs8_drop0p4_temp1p0_a0p25_b0p05__wd1e-04trmiss0_degmodglobal,8,0.0001,0.0001,0.4,1.0,0.25,0.05,lr1e-04_bs8_drop0p4_temp1p0_a0p25_b0p05__wd1e-04trmiss0_degmodglobal,43,0.5494748609406608,0.7193538844585419,0.41666666666666663,0.6618437118437119,0.5384615384615384,0.0,0.42335156883512226,0.5003618683133807,0.14382428941982134,0.2631383069923946,0.0,0.0,0.0,0.0,0.0,18473,global,0.0
5,5,lr1e-04_bs8_drop0p4_temp1p0_a0p25_b0p05__wd1e-04trmiss0_degmodglobal,8,0.0001,0.0001,0.4,1.0,0.25,0.05,lr1e-04_bs8_drop0p4_temp1p0_a0p25_b0p05__wd1e-04trmiss0_degmodglobal,44,0.5571478945868356,0.7189240455627441,0.41666666666666663,0.6618437118437119,0.5384615384615384,0.0,0.41730423484529766,0.5161849090031215,0.11120629949229104,0.263228391962392,0.0,0.0,0.0,0.0,0.0,18473,global,0.0
5,5,lr1e-04_bs8_drop0p4_temp1p0_a0p25_b0p05__wd1e-04trmiss0_degmodglobal,8,0.0001,0.0001,0.4,1.0,0.25,0.05,lr1e-04_bs8_drop0p4_temp1p0_a0p25_b0p05__wd1e-04trmiss0_degmodglobal,45,0.5913920061928886,0.7174645364284515,0.41666666666666663,0.6618437118437119,0.5384615384615384,0.0,0.4517560132912227,0.5468967514378684,0.1221281151686396,0.27926469700677053,0.0,0.0,0.0,0.0,0.0,18473,global,0.0
5,5,lr1e-04_bs8_drop0p4_temp1p0_a0p25_b0p05__wd1e-04trmiss0_degmodglobal,8,0.0001,0.0001,0.4,1.0,0.25,0.05,lr1e-04_bs8_drop0p4_temp1p0_a0p25_b0p05__wd1e-04trmiss0_degmodglobal,46,0.5818693126950946,0.7153071463108063,0.41666666666666663,0.6618437118437119,0.5384615384615384,0.0,0.4080862317766462,0.5385980606079102,0.11515782667057854,0.2896359520299094,0.0,0.0,0.0,0.0,0.0,18473,global,0.0
5,5,lr1e-04_bs8_drop0p4_temp1p0_a0p25_b0p05__wd1e-04trmiss0_degmodglobal,8,0.0001,0.0001,0.4,1.0,0.25,0.05,lr1e-04_bs8_drop0p4_temp1p0_a0p25_b0p05__wd1e-04trmiss0_degmodglobal,47,0.592923138822828,0.7177560329437256,0.41666666666666663,0.6618437118437119,0.5384615384615384,0.0,0.4424659311771393,0.5451641721384866,0.13049672011818206,0.3026959683213915,0.0,0.0,0.0,0.0,0.0,18473,global,0.0
5,5,lr1e-04_bs8_drop0p4_temp1p0_a0p25_b0p05__wd1e-04trmiss0_degmodglobal,8,0.0001,0.0001,0.4,1.0,0.25,0.05,lr1e-04_bs8_drop0p4_temp1p0_a0p25_b0p05__wd1e-04trmiss0_degmodglobal,48,0.5862270678792681,0.7174376547336578,0.41666666666666663,0.6618437118437119,0.5384615384615384,0.0,0.42209640571049284,0.5399958661624363,0.12533227886472428,0.2979626165969031,0.0,0.0,0.0,0.0,0.0,18473,global,0.0
5,5,lr1e-04_bs8_drop0p4_temp1p0_a0p25_b0p05__wd1e-04trmiss0_degmodglobal,8,0.0001,0.0001,0.4,1.0,0.25,0.05,lr1e-04_bs8_drop0p4_temp1p0_a0p25_b0p05__wd1e-04trmiss0_degmodglobal,49,0.5748098322323391,0.7173413336277008,0.41666666666666663,0.6618437118437119,0.5384615384615384,0.0,0.4281771906784603,0.5163847506046295,0.15579201813255036,0.3895414152315685,0.0,0.0,0.0,0.0,0.0,18473,global,0.0
5,5,lr1e-04_bs8_drop0p4_temp1p0_a0p25_b0p05__wd1e-04trmiss0_degmodglobal,8,0.0001,0.0001,0.4,1.0,0.25,0.05,lr1e-04_bs8_drop0p4_temp1p0_a0p25_b0p05__wd1e-04trmiss0_degmodglobal,50,0.5490001312323979,0.7172211110591888,0.41666666666666663,0.6618437118437119,0.5384615384615384,0.0,0.40542280673980713,0.5092694291046688,0.10951809478657586,0.2470237144402095,0.0,0.0,0.0,0.0,0.0,18473,global,0.0
5,5,lr1e-04_bs8_drop0p4_temp1p0_a0p25_b0p05__wd1e-04trmiss0_degmodglobal,8,0.0001,0.0001,0.4,1.0,0.25,0.05,lr1e-04_bs8_drop0p4_temp1p0_a0p25_b0p05__wd1e-04trmiss0_degmodglobal,51,0.5714065262249538,0.716147243976593,0.41666666666666663,0.6618437118437119,0.5384615384615384,0.0,0.40306633710861206,0.5188172842775073,0.1408101793910776,0.3477340170315334,0.0,0.0,0.0,0.0,0.0,18473,global,0.0
5,5,lr1e-04_bs8_drop0p4_temp2p0_a0p25_b0p05__wd1e-04trmiss0_degmodglobal,8,0.0001,0.0001,0.4,2.0,0.25,0.05,lr1e-04_bs8_drop0p4_temp2p0_a0p25_b0p05__wd1e-04trmiss0_degmodglobal,1,0.7098278743880135,0.6647752225399017,0.6388888888888888,0.8354818021484689,0.6153846153846154,0.0,0.6883480037961688,0.6844118237495422,0.059768294117280414,0.20947955974510737,0.0,0.0,0.0,0.0,0.0,18473,global,0.0
5,5,lr1e-04_bs8_drop0p4_temp2p0_a0p25_b0p05__wd1e-04trmiss0_degmodglobal,8,0.0001,0.0001,0.4,2.0,0.25,0.05,lr1e-04_bs8_drop0p4_temp2p0_a0p25_b0p05__wd1e-04trmiss0_degmodglobal,2,0.6869966898645673,0.6829412281513214,0.5277777777777777,0.7556147556147557,0.5384615384615384,0.0,0.6290344340460641,0.6659702914101737,0.05833392483847482,0.12885831935065134,0.0,0.0,0.0,0.0,0.0,18473,global,0.0
5,5,lr1e-04_bs8_drop0p4_temp2p0_a0p25_b0p05__wd1e-04trmiss0_degmodglobal,8,0.0001,0.0001,0.4,2.0,0.25,0.05,lr1e-04_bs8_drop0p4_temp2p0_a0p25_b0p05__wd1e-04trmiss0_degmodglobal,3,0.6904230969292777,0.6904899179935455,0.5277777777777777,0.7132867132867133,0.5384615384615384,0.0,0.656341518674578,0.6564389211790902,0.09262653653110776,0.21655068759407317,0.0,0.0,0.0,0.0,0.0,18473,global,0.0
5,5,lr1e-04_bs8_drop0p4_temp2p0_a0p25_b0p05__wd1e-04trmiss0_degmodglobal,8,0.0001,0.0001,0.4,2.0,0.25,0.05,lr1e-04_bs8_drop0p4_temp2p0_a0p25_b0p05__wd1e-04trmiss0_degmodglobal,4,0.6563255190849304,0.6906194686889648,0.5277777777777777,0.708701175367842,0.5384615384615384,0.0,0.6385655147688729,0.6265403968947274,0.07931820675730705,0.19911111838051251,0.0,0.0,0.0,0.0,0.0,18473,global,0.0
5,5,lr1e-04_bs8_drop0p4_temp2p0_a0p25_b0p05__wd1e-04trmiss0_degmodglobal,8,0.0001,0.0001,0.4,2.0,0.25,0.05,lr1e-04_bs8_drop0p4_temp2p0_a0p25_b0p05__wd1e-04trmiss0_degmodglobal,5,0.653455913066864,0.6878360211849213,0.5277777777777777,0.708701175367842,0.5384615384615384,0.0,0.6213889377457755,0.6280344128608704,0.06722762648548399,0.17229178441422327,0.0,0.0,0.0,0.0,0.0,18473,global,0.0
5,5,lr1e-04_bs8_drop0p4_temp2p0_a0p25_b0p05__wd1e-04trmiss0_degmodglobal,8,0.0001,0.0001,0.4,2.0,0.25,0.05,lr1e-04_bs8_drop0p4_temp2p0_a0p25_b0p05__wd1e-04trmiss0_degmodglobal,6,0.6488412278039115,0.6874702572822571,0.5277777777777777,0.708701175367842,0.46153846153846156,0.0,0.6121698277337211,0.6262468695640564,0.059415203386119435,0.15481109225324222,0.0,0.0,0.0,0.0,0.0,18473,global,0.0
5,5,lr1e-04_bs8_drop0p4_temp2p0_a0p25_b0p05__wd1e-04trmiss0_degmodglobal,8,0.0001,0.0001,0.4,2.0,0.25,0.05,lr1e-04_bs8_drop0p4_temp2p0_a0p25_b0p05__wd1e-04trmiss0_degmodglobal,7,0.634099679333823,0.6890610158443451,0.5277777777777777,0.708701175367842,0.5384615384615384,0.0,0.620469697884151,0.609712472983769,0.06566855950014931,0.1594013310968876,0.0,0.0,0.0,0.0,0.0,18473,global,0.0
5,5,lr1e-04_bs8_drop0p4_temp2p0_a0p25_b0p05__wd1e-04trmiss0_degmodglobal,8,0.0001,0.0001,0.4,2.0,0.25,0.05,lr1e-04_bs8_drop0p4_temp2p0_a0p25_b0p05__wd1e-04trmiss0_degmodglobal,8,0.6292514034679958,0.6938001215457916,0.5,0.7019671686338353,0.46153846153846156,0.0,0.5690110836710248,0.6061603512082782,0.06211979687213898,0.15122216727052415,0.0,0.0,0.0,0.0,0.0,18473,global,0.0
5,5,lr1e-04_bs8_drop0p4_temp2p0_a0p25_b0p05__wd1e-04trmiss0_degmodglobal,8,0.0001,0.0001,0.4,2.0,0.25,0.05,lr1e-04_bs8_drop0p4_temp2p0_a0p25_b0p05__wd1e-04trmiss0_degmodglobal,9,0.6203915987695966,0.6912358701229095,0.4722222222222222,0.6871523538190205,0.5384615384615384,0.0,0.5690680273941585,0.6030113697052002,0.044158578983375,0.12681179666625603,0.0,0.0,0.0,0.0,0.0,18473,global,0.0
5,5,lr1e-04_bs8_drop0p4_temp2p0_a0p25_b0p05__wd1e-04trmiss0_degmodglobal,8,0.0001,0.0001,0.4,2.0,0.25,0.05,lr1e-04_bs8_drop0p4_temp2p0_a0p25_b0p05__wd1e-04trmiss0_degmodglobal,10,0.6105178935187203,0.6886371672153473,0.4444444444444444,0.6704856871523539,0.6153846153846154,0.0,0.6052624072347369,0.5944606832095555,0.0411576759070158,0.11535553261637688,0.0,0.0,0.0,0.0,0.0,18473,global,0.0
5,5,lr1e-04_bs8_drop0p4_temp2p0_a0p25_b0p05__wd1e-04trmiss0_degmodglobal,8,0.0001,0.0001,0.4,2.0,0.25,0.05,lr1e-04_bs8_drop0p4_temp2p0_a0p25_b0p05__wd1e-04trmiss0_degmodglobal,11,0.6295491797583443,0.6957652866840363,0.4444444444444444,0.6785103785103785,0.46153846153846156,0.0,0.5826501590864999,0.6092994298253741,0.04984246167753424,0.15578270703554153,0.0,0.0,0.0,0.0,0.0,18473,global,0.0
5,5,lr1e-04_bs8_drop0p4_temp2p0_a0p25_b0p05__wd1e-04trmiss0_degmodglobal,8,0.0001,0.0001,0.4,2.0,0.25,0.05,lr1e-04_bs8_drop0p4_temp2p0_a0p25_b0p05__wd1e-04trmiss0_degmodglobal,12,0.6018893207822528,0.6984264552593231,0.4444444444444444,0.6759851259851261,0.46153846153846156,0.0,0.5755687015397208,0.5804333090782166,0.05526986851223877,0.15277097906385148,0.0,0.0,0.0,0.0,0.0,18473,global,0.0
5,5,lr1e-04_bs8_drop0p4_temp2p0_a0p25_b0p05__wd1e-04trmiss0_degmodglobal,8,0.0001,0.0001,0.4,2.0,0.25,0.05,lr1e-04_bs8_drop0p4_temp2p0_a0p25_b0p05__wd1e-04trmiss0_degmodglobal,13,0.5912469370024545,0.6969629526138306,0.4444444444444444,0.6759851259851261,0.46153846153846156,0.0,0.5440291081156049,0.5716490149497986,0.04970812212143626,0.14341806354267256,0.0,0.0,0.0,0.0,0.0,18473,global,0.0
5,5,lr1e-04_bs8_drop0p4_temp2p0_a0p25_b0p05__wd1e-04trmiss0_degmodglobal,8,0.0001,0.0001,0.4,2.0,0.25,0.05,lr1e-04_bs8_drop0p4_temp2p0_a0p25_b0p05__wd1e-04trmiss0_degmodglobal,14,0.6416029589516776,0.6937254071235657,0.47222222222222215,0.6852443852443852,0.46153846153846156,0.0,0.6039014969553266,0.6255671722548348,0.03968155969466482,0.12230798602104187,0.0,0.0,0.0,0.0,0.0,18473,global,0.0
5,5,lr1e-04_bs8_drop0p4_temp2p0_a0p25_b0p05__wd1e-04trmiss0_degmodglobal,8,0.0001,0.0001,0.4,2.0,0.25,0.05,lr1e-04_bs8_drop0p4_temp2p0_a0p25_b0p05__wd1e-04trmiss0_degmodglobal,15,0.6262449026107788,0.690965324640274,0.4722222222222222,0.6871523538190205,0.46153846153846156,0.0,0.566632057939257,0.6044244851384845,0.05823008290358952,0.14525775185653142,0.0,0.0,0.0,0.0,0.0,18473,global,0.0
5,5,lr1e-04_bs8_drop0p4_temp2p0_a0p25_b0p05__wd1e-04trmiss0_degmodglobal,8,0.0001,0.0001,0.4,2.0,0.25,0.05,lr1e-04_bs8_drop0p4_temp2p0_a0p25_b0p05__wd1e-04trmiss0_degmodglobal,16,0.5956456661224365,0.6926862895488739,0.4722222222222222,0.6871523538190205,0.46153846153846156,0.0,0.5369558845247541,0.574186384677887,0.05471985946808543,0.155586696096829,0.0,0.0,0.0,0.0,0.0,18473,global,0.0
5,5,lr1e-04_bs8_drop0p4_temp2p0_a0p25_b0p05__wd1e-04trmiss0_degmodglobal,8,0.0001,0.0001,0.4,2.0,0.25,0.05,lr1e-04_bs8_drop0p4_temp2p0_a0p25_b0p05__wd1e-04trmiss0_degmodglobal,17,0.5742053730147225,0.6931275129318237,0.4444444444444444,0.6785103785103785,0.46153846153846156,0.0,0.5237116387912205,0.5491263355527606,0.06260875506060463,0.18853730814797537,0.0,0.0,0.0,0.0,0.0,18473,global,0.0
5,5,lr1e-04_bs8_drop0p4_temp2p0_a0p25_b0p05__wd1e-04trmiss0_degmodglobal,8,0.0001,0.0001,0.4,2.0,0.25,0.05,lr1e-04_bs8_drop0p4_temp2p0_a0p25_b0p05__wd1e-04trmiss0_degmodglobal,18,0.5786190203257969,0.694845587015152,0.4444444444444444,0.6785103785103785,0.46153846153846156,0.0,0.5575017588479179,0.5589209156376975,0.0548763887158462,0.11958004853555135,0.0,0.0,0.0,0.0,0.0,18473,global,0.0
5,5,lr1e-04_bs8_drop0p4_temp2p0_a0p25_b0p05__wd1e-04trmiss0_degmodglobal,8,0.0001,0.0001,0.4,2.0,0.25,0.05,lr1e-04_bs8_drop0p4_temp2p0_a0p25_b0p05__wd1e-04trmiss0_degmodglobal,19,0.6176952293940953,0.6984152793884277,0.4444444444444444,0.6785103785103785,0.46153846153846156,0.0,0.5767560175486973,0.5969047376087734,0.05639940021293504,0.133812954383237,0.0,0.0,0.0,0.0,0.0,18473,global,0.0
5,5,lr1e-04_bs8_drop0p4_temp2p0_a0p25_b0p05__wd1e-04trmiss0_degmodglobal,8,0.0001,0.0001,0.4,2.0,0.25,0.05,lr1e-04_bs8_drop0p4_temp2p0_a0p25_b0p05__wd1e-04trmiss0_degmodglobal,20,0.5830816796847752,0.6956891417503357,0.5,0.7019671686338353,0.46153846153846156,0.0,0.5017591416835785,0.5598214566707611,0.06117217828120504,0.15934378228017262,0.0,0.0,0.0,0.0,0.0,18473,global,0.0
5,5,lr1e-04_bs8_drop0p4_temp2p0_a0p25_b0p05__wd1e-04trmiss0_degmodglobal,8,0.0001,0.0001,0.4,2.0,0.25,0.05,lr1e-04_bs8_drop0p4_temp2p0_a0p25_b0p05__wd1e-04trmiss0_degmodglobal,21,0.5474251295839038,0.6911787688732147,0.4722222222222222,0.6933251933251934,0.46153846153846156,0.0,0.48980709058897837,0.5243758984974453,0.06101682356425694,0.15590035702501023,0.0,0.0,0.0,0.0,0.0,18473,global,0.0
5,5,lr1e-04_bs8_drop0p4_temp2p0_a0p25_b0p05__wd1e-04trmiss0_degmodglobal,8,0.0001,0.0001,0.4,2.0,0.25,0.05,lr1e-04_bs8_drop0p4_temp2p0_a0p25_b0p05__wd1e-04trmiss0_degmodglobal,22,0.5694235392979213,0.6917654573917389,0.4444444444444444,0.6685777185777186,0.5384615384615384,0.0,0.5159461285386767,0.5492311375481742,0.05669816822877952,0.12035720848611423,0.0,0.0,0.0,0.0,0.0,18473,global,0.0
5,5,lr1e-04_bs8_drop0p4_temp2p0_a0p25_b0p05__wd1e-04trmiss0_degmodglobal,8,0.0001,0.0001,0.4,2.0,0.25,0.05,lr1e-04_bs8_drop0p4_temp2p0_a0p25_b0p05__wd1e-04trmiss0_degmodglobal,23,0.6262548565864563,0.6907506883144379,0.4444444444444444,0.6685777185777186,0.5384615384615384,0.0,0.5113136512892587,0.59369843346732,0.08839746032442365,0.2091412576181548,0.0,0.0,0.0,0.0,0.0,18473,global,0.0
5,5,lr1e-04_bs8_drop0p4_temp2p0_a0p25_b0p05__wd1e-04trmiss0_degmodglobal,8,0.0001,0.0001,0.4,2.0,0.25,0.05,lr1e-04_bs8_drop0p4_temp2p0_a0p25_b0p05__wd1e-04trmiss0_degmodglobal,24,0.573193439415523,0.6951302886009216,0.4444444444444444,0.6685777185777186,0.5384615384615384,0.0,0.49071974413735525,0.5508409653391156,0.06033116738711085,0.14539357913391932,0.0,0.0,0.0,0.0,0.0,18473,global,0.0
5,5,lr1e-04_bs8_drop0p4_temp2p0_a0p25_b0p05__wd1e-04trmiss0_degmodglobal,8,0.0001,0.0001,0.4,2.0,0.25,0.05,lr1e-04_bs8_drop0p4_temp2p0_a0p25_b0p05__wd1e-04trmiss0_degmodglobal,25,0.5761137178965977,0.697801411151886,0.41666666666666663,0.6593184593184593,0.5384615384615384,0.0,0.4808556522641863,0.555250917162214,0.05866933347923415,0.12390958624226707,0.0,0.0,0.0,0.0,0.0,18473,global,0.0
5,5,lr1e-04_bs8_drop0p4_temp2p0_a0p25_b0p05__wd1e-04trmiss0_degmodglobal,8,0.0001,0.0001,0.4,2.0,0.25,0.05,lr1e-04_bs8_drop0p4_temp2p0_a0p25_b0p05__wd1e-04trmiss0_degmodglobal,26,0.5858343328748431,0.696442037820816,0.41666666666666663,0.6593184593184593,0.5384615384615384,0.0,0.5068625680037907,0.5597048316683088,0.06450712840471949,0.20005424107824052,0.0,0.0,0.0,0.0,0.0,18473,global,0.0
5,5,lr5e-05_bs8_drop0p2_temp1p0_a0p25_b0p05__wd1e-04trmiss0_degmodglobal,8,5e-05,0.0001,0.2,1.0,0.25,0.05,lr5e-05_bs8_drop0p2_temp1p0_a0p25_b0p05__wd1e-04trmiss0_degmodglobal,1,0.7178134918212891,0.7076394855976105,0.41666666666666663,0.637950937950938,0.5384615384615384,0.0,0.7065292511667524,0.7040508900369916,0.038537922714437754,0.08256237049187932,0.0,0.0,0.0,0.0,0.0,18473,global,0.0
5,5,lr5e-05_bs8_drop0p2_temp1p0_a0p25_b0p05__wd1e-04trmiss0_degmodglobal,8,5e-05,0.0001,0.2,1.0,0.25,0.05,lr5e-05_bs8_drop0p2_temp1p0_a0p25_b0p05__wd1e-04trmiss0_degmodglobal,2,0.6930421420506069,0.7006850838661194,0.4722222222222222,0.6546737213403881,0.5384615384615384,0.0,0.6860871911048889,0.6804155707359314,0.03622211648949555,0.0714208936052663,0.0,0.0,0.0,0.0,0.0,18473,global,0.0
5,5,lr5e-05_bs8_drop0p2_temp1p0_a0p25_b0p05__wd1e-04trmiss0_degmodglobal,8,5e-05,0.0001,0.2,1.0,0.25,0.05,lr5e-05_bs8_drop0p2_temp1p0_a0p25_b0p05__wd1e-04trmiss0_degmodglobal,3,0.6744329673903329,0.7030923664569855,0.5,0.6622494789161455,0.5384615384615384,0.0,0.6408037713595799,0.6591123172215053,0.038143180044634004,0.11569706669875554,0.0,0.0,0.0,0.0,0.0,18473,global,0.0
5,5,lr5e-05_bs8_drop0p2_temp1p0_a0p25_b0p05__wd1e-04trmiss0_degmodglobal,8,5e-05,0.0001,0.2,1.0,0.25,0.05,lr5e-05_bs8_drop0p2_temp1p0_a0p25_b0p05__wd1e-04trmiss0_degmodglobal,4,0.6486629673412868,0.7067544758319855,0.5,0.6622494789161455,0.46153846153846156,0.0,0.6472955346107483,0.6346311143466404,0.03864826528089387,0.08739587451730456,0.0,0.0,0.0,0.0,0.0,18473,global,0.0
5,5,lr5e-05_bs8_drop0p2_temp1p0_a0p25_b0p05__wd1e-04trmiss0_degmodglobal,8,5e-05,0.0001,0.2,1.0,0.25,0.05,lr5e-05_bs8_drop0p2_temp1p0_a0p25_b0p05__wd1e-04trmiss0_degmodglobal,5,0.643527226788657,0.6998676061630249,0.5,0.6622494789161455,0.6923076923076923,0.0,0.6282770718847003,0.6288653356688363,0.039919360407761166,0.09364080482295581,0.0,0.0,0.0,0.0,0.0,18473,global,0.0
5,5,lr5e-05_bs8_drop0p2_temp1p0_a0p25_b0p05__wd1e-04trmiss0_degmodglobal,8,5e-05,0.0001,0.2,1.0,0.25,0.05,lr5e-05_bs8_drop0p2_temp1p0_a0p25_b0p05__wd1e-04trmiss0_degmodglobal,6,0.6424273082188198,0.6995509266853333,0.5,0.6622494789161455,0.46153846153846156,0.0,0.6252940978322711,0.626631132193974,0.04279685552631106,0.10193920241934913,0.0,0.0,0.0,0.0,0.0,18473,global,0.0
5,5,lr5e-05_bs8_drop0p2_temp1p0_a0p25_b0p05__wd1e-04trmiss0_degmodglobal,8,5e-05,0.0001,0.2,1.0,0.25,0.05,lr5e-05_bs8_drop0p2_temp1p0_a0p25_b0p05__wd1e-04trmiss0_degmodglobal,7,0.5955146891730172,0.7140648663043976,0.5,0.6622494789161455,0.38461538461538464,0.0,0.6152497785431998,0.5840619632175991,0.030032927968672345,0.07888998091220856,0.0,0.0,0.0,0.0,0.0,18473,global,0.0
5,5,lr5e-05_bs8_drop0p2_temp1p0_a0p25_b0p05__wd1e-04trmiss0_degmodglobal,8,5e-05,0.0001,0.2,1.0,0.25,0.05,lr5e-05_bs8_drop0p2_temp1p0_a0p25_b0p05__wd1e-04trmiss0_degmodglobal,8,0.6058726140430996,0.7149256765842438,0.5,0.6622494789161455,0.5384615384615384,0.0,0.6076813680785043,0.5908120700291225,0.040608370144452365,0.09816870146564075,0.0,0.0,0.0,0.0,0.0,18473,global,0.0
5,5,lr5e-05_bs8_drop0p2_temp1p0_a0p25_b0p05__wd1e-04trmiss0_degmodglobal,8,5e-05,0.0001,0.2,1.0,0.25,0.05,lr5e-05_bs8_drop0p2_temp1p0_a0p25_b0p05__wd1e-04trmiss0_degmodglobal,9,0.6016933577401298,0.7038194537162781,0.5,0.6622494789161455,0.5384615384615384,0.0,0.6050949266978672,0.5888910634177071,0.0359027556010655,0.07653220955814634,0.0,0.0,0.0,0.0,0.0,18473,global,0.0
5,5,lr5e-05_bs8_drop0p2_temp1p0_a0p25_b0p05__wd1e-04trmiss0_degmodglobal,8,5e-05,0.0001,0.2,1.0,0.25,0.05,lr5e-05_bs8_drop0p2_temp1p0_a0p25_b0p05__wd1e-04trmiss0_degmodglobal,10,0.5852093355996268,0.684645414352417,0.5,0.6622494789161455,0.6923076923076923,0.0,0.5849602903638568,0.5732420086860657,0.0346641873142549,0.06602557269590241,0.0,0.0,0.0,0.0,0.0,18473,global,0.0
5,5,lr5e-05_bs8_drop0p2_temp1p0_a0p25_b0p05__wd1e-04trmiss0_degmodglobal,8,5e-05,0.0001,0.2,1.0,0.25,0.05,lr5e-05_bs8_drop0p2_temp1p0_a0p25_b0p05__wd1e-04trmiss0_degmodglobal,11,0.6153221981866019,0.7000171840190887,0.5,0.6622494789161455,0.5384615384615384,0.0,0.5889325652803693,0.6024366106305804,0.041136939876845906,0.05202712517763887,0.0,0.0,0.0,0.0,0.0,18473,global,0.0
5,5,lr5e-05_bs8_drop0p2_temp1p0_a0p25_b0p05__wd1e-04trmiss0_degmodglobal,8,5e-05,0.0001,0.2,1.0,0.25,0.05,lr5e-05_bs8_drop0p2_temp1p0_a0p25_b0p05__wd1e-04trmiss0_degmodglobal,12,0.5729724083627973,0.6967720985412598,0.5,0.6622494789161455,0.6153846153846154,0.0,0.5822468740599496,0.5582771939890725,0.04454963601061276,0.07115649964128222,0.0,0.0,0.0,0.0,0.0,18473,global,0.0
5,5,lr5e-05_bs8_drop0p2_temp1p0_a0p25_b0p05__wd1e-04trmiss0_degmodglobal,8,5e-05,0.0001,0.2,1.0,0.25,0.05,lr5e-05_bs8_drop0p2_temp1p0_a0p25_b0p05__wd1e-04trmiss0_degmodglobal,13,0.5733874355043683,0.697822242975235,0.5,0.6622494789161455,0.5384615384615384,0.0,0.5642081584249224,0.5562005724225726,0.04928245821169445,0.0973246017737048,0.0,0.0,0.0,0.0,0.0,18473,global,0.0
5,5,lr5e-05_bs8_drop0p2_temp1p0_a0p25_b0p05__wd1e-04trmiss0_degmodglobal,8,5e-05,0.0001,0.2,1.0,0.25,0.05,lr5e-05_bs8_drop0p2_temp1p0_a0p25_b0p05__wd1e-04trmiss0_degmodglobal,14,0.6034740805625916,0.6889918148517609,0.5,0.6622494789161455,0.5384615384615384,0.0,0.5715920329093933,0.585600733757019,0.051983922986047607,0.09754736934389387,0.0,0.0,0.0,0.0,0.0,18473,global,0.0
5,5,lr5e-05_bs8_drop0p2_temp1p0_a0p25_b0p05__wd1e-04trmiss0_degmodglobal,8,5e-05,0.0001,0.2,1.0,0.25,0.05,lr5e-05_bs8_drop0p2_temp1p0_a0p25_b0p05__wd1e-04trmiss0_degmodglobal,15,0.5770301478249686,0.6917807161808014,0.5,0.6622494789161455,0.6153846153846154,0.0,0.5657208136149815,0.5617932421820504,0.04402180388569832,0.08462860328810555,0.0,0.0,0.0,0.0,0.0,18473,global,0.0
5,5,lr5e-05_bs8_drop0p2_temp1p0_a0p25_b0p05__wd1e-04trmiss0_degmodglobal,8,5e-05,0.0001,0.2,1.0,0.25,0.05,lr5e-05_bs8_drop0p2_temp1p0_a0p25_b0p05__wd1e-04trmiss0_degmodglobal,16,0.5779627731868199,0.6886687576770782,0.5,0.6622494789161455,0.6153846153846154,0.0,0.5531444932733264,0.5643488849912371,0.041898510817970545,0.06278507065560136,0.0,0.0,0.0,0.0,0.0,18473,global,0.0
5,5,lr5e-05_bs8_drop0p2_temp1p0_a0p25_b0p05__wd1e-04trmiss0_degmodglobal,8,5e-05,0.0001,0.2,1.0,0.25,0.05,lr5e-05_bs8_drop0p2_temp1p0_a0p25_b0p05__wd1e-04trmiss0_degmodglobal,17,0.6130805781909398,0.6943268477916718,0.5,0.6622494789161455,0.6153846153846154,0.0,0.5704027329172406,0.5934939639908927,0.055989145168236325,0.11178650813443321,0.0,0.0,0.0,0.0,0.0,18473,global,0.0
5,5,lr5e-05_bs8_drop0p2_temp1p0_a0p25_b0p05__wd1e-04trmiss0_degmodglobal,8,5e-05,0.0001,0.2,1.0,0.25,0.05,lr5e-05_bs8_drop0p2_temp1p0_a0p25_b0p05__wd1e-04trmiss0_degmodglobal,18,0.5877820083073207,0.6935238242149353,0.5,0.6622494789161455,0.6153846153846154,0.0,0.5538490755217416,0.5698340620313372,0.05023046077362129,0.10780639414276395,0.0,0.0,0.0,0.0,0.0,18473,global,0.0
5,5,lr5e-05_bs8_drop0p2_temp1p0_a0p25_b0p05__wd1e-04trmiss0_degmodglobal,8,5e-05,0.0001,0.2,1.0,0.25,0.05,lr5e-05_bs8_drop0p2_temp1p0_a0p25_b0p05__wd1e-04trmiss0_degmodglobal,19,0.5826517513820103,0.6840213537216187,0.5,0.6622494789161455,0.6153846153846154,0.0,0.5358538457325527,0.5619903973170689,0.0605964149747576,0.110244733946664,0.0,0.0,0.0,0.0,0.0,18473,global,0.0
5,5,lr5e-05_bs8_drop0p2_temp1p0_a0p25_b0p05__wd1e-04trmiss0_degmodglobal,8,5e-05,0.0001,0.2,1.0,0.25,0.05,lr5e-05_bs8_drop0p2_temp1p0_a0p25_b0p05__wd1e-04trmiss0_degmodglobal,20,0.5643253326416016,0.6903293430805206,0.5,0.6622494789161455,0.6153846153846154,0.0,0.5433151551655361,0.5472346884863717,0.051985145679541996,0.0818870413516249,0.0,0.0,0.0,0.0,0.0,18473,global,0.0
5,5,lr5e-05_bs8_drop0p2_temp1p0_a0p25_b0p05__wd1e-04trmiss0_degmodglobal,8,5e-05,0.0001,0.2,1.0,0.25,0.05,lr5e-05_bs8_drop0p2_temp1p0_a0p25_b0p05__wd1e-04trmiss0_degmodglobal,21,0.5758576137678963,0.6919230818748474,0.5,0.6622494789161455,0.5384615384615384,0.0,0.5439642071723938,0.5548270515033177,0.061035548469849994,0.11543342683996473,0.0,0.0,0.0,0.0,0.0,18473,global,0.0
5,5,lr5e-05_bs8_drop0p2_temp1p0_a0p25_b0p05__wd1e-04trmiss0_degmodglobal,8,5e-05,0.0001,0.2,1.0,0.25,0.05,lr5e-05_bs8_drop0p2_temp1p0_a0p25_b0p05__wd1e-04trmiss0_degmodglobal,22,0.5572485285145896,0.6903986036777496,0.5,0.6622494789161455,0.5384615384615384,0.0,0.5482713069234576,0.541716958795275,0.04316849713878972,0.09478917611496789,0.0,0.0,0.0,0.0,0.0,18473,global,0.0
5,5,lr5e-05_bs8_drop0p2_temp1p0_a0p25_b0p05__wd1e-04trmiss0_degmodglobal,8,5e-05,0.0001,0.2,1.0,0.25,0.05,lr5e-05_bs8_drop0p2_temp1p0_a0p25_b0p05__wd1e-04trmiss0_degmodglobal,23,0.5826526199068341,0.6759302020072937,0.5,0.6622494789161455,0.6923076923076923,0.0,0.5395370466368539,0.5638296135834285,0.051732143121106286,0.1177994002188955,0.0,0.0,0.0,0.0,0.0,18473,global,0.0
5,5,lr5e-05_bs8_drop0p2_temp1p0_a0p25_b0p05__wd1e-04trmiss0_degmodglobal,8,5e-05,0.0001,0.2,1.0,0.25,0.05,lr5e-05_bs8_drop0p2_temp1p0_a0p25_b0p05__wd1e-04trmiss0_degmodglobal,24,0.5533390130315509,0.6735612452030182,0.5,0.6622494789161455,0.6923076923076923,0.0,0.5133691515241351,0.5364386354173932,0.053071574973208566,0.07264949487788337,0.0,0.0,0.0,0.0,0.0,18473,global,0.0
5,5,lr5e-05_bs8_drop0p2_temp1p0_a0p25_b0p05__wd1e-04trmiss0_degmodglobal,8,5e-05,0.0001,0.2,1.0,0.25,0.05,lr5e-05_bs8_drop0p2_temp1p0_a0p25_b0p05__wd1e-04trmiss0_degmodglobal,25,0.541047717843737,0.678869217634201,0.5,0.6622494789161455,0.6923076923076923,0.0,0.5331776695592063,0.5245030777794975,0.05305072771651404,0.06563923188618251,0.0,0.0,0.0,0.0,0.0,18473,global,0.0
5,5,lr5e-05_bs8_drop0p2_temp1p0_a0p25_b0p05__wd1e-04trmiss0_degmodglobal,8,5e-05,0.0001,0.2,1.0,0.25,0.05,lr5e-05_bs8_drop0p2_temp1p0_a0p25_b0p05__wd1e-04trmiss0_degmodglobal,26,0.5504373993192401,0.6695674359798431,0.5,0.6622494789161455,0.6923076923076923,0.0,0.5427361301013401,0.5313874994005475,0.0569041690656117,0.09647699498704501,0.0,0.0,0.0,0.0,0.0,18473,global,0.0
5,5,lr5e-05_bs8_drop0p2_temp1p0_a0p25_b0p05__wd1e-04trmiss0_degmodglobal,8,5e-05,0.0001,0.2,1.0,0.25,0.05,lr5e-05_bs8_drop0p2_temp1p0_a0p25_b0p05__wd1e-04trmiss0_degmodglobal,27,0.5630376168659755,0.6725635230541229,0.5,0.6622494789161455,0.6153846153846154,0.0,0.5289517981665475,0.5383428675787789,0.07640363169567925,0.1118771063962153,0.0,0.0,0.0,0.0,0.0,18473,global,0.0
5,5,lr5e-05_bs8_drop0p2_temp1p0_a0p25_b0p05__wd1e-04trmiss0_degmodglobal,8,5e-05,0.0001,0.2,1.0,0.25,0.05,lr5e-05_bs8_drop0p2_temp1p0_a0p25_b0p05__wd1e-04trmiss0_degmodglobal,28,0.553313170160566,0.6810861527919769,0.5,0.6622494789161455,0.6153846153846154,0.0,0.5189486912318638,0.5342503104891095,0.05871109398347991,0.08770187784518514,0.0,0.0,0.0,0.0,0.0,18473,global,0.0
5,5,lr5e-05_bs8_drop0p2_temp1p0_a0p25_b0p05__wd1e-04trmiss0_degmodglobal,8,5e-05,0.0001,0.2,1.0,0.25,0.05,lr5e-05_bs8_drop0p2_temp1p0_a0p25_b0p05__wd1e-04trmiss0_degmodglobal,29,0.5782021624701363,0.6838153302669525,0.5,0.6622494789161455,0.6153846153846154,0.0,0.5247862296445029,0.5597881845065525,0.05579466585602079,0.08930629837725844,0.0,0.0,0.0,0.0,0.0,18473,global,0.0
5,5,lr5e-05_bs8_drop0p2_temp1p0_a0p25_b0p05__wd1e-04trmiss0_degmodglobal,8,5e-05,0.0001,0.2,1.0,0.25,0.05,lr5e-05_bs8_drop0p2_temp1p0_a0p25_b0p05__wd1e-04trmiss0_degmodglobal,30,0.5501086328710828,0.6807910799980164,0.5,0.6622494789161455,0.6153846153846154,0.0,0.5089932552405766,0.5278100073337555,0.06705506997449058,0.11069692405206817,0.0,0.0,0.0,0.0,0.0,18473,global,0.0
5,5,lr5e-05_bs8_drop0p2_temp1p0_a0p25_b0p05__wd1e-04trmiss0_degmodglobal,8,5e-05,0.0001,0.2,1.0,0.25,0.05,lr5e-05_bs8_drop0p2_temp1p0_a0p25_b0p05__wd1e-04trmiss0_degmodglobal,31,0.5509371842656817,0.6902457177639008,0.5,0.6622494789161455,0.5384615384615384,0.0,0.5226804273469108,0.5293769793851035,0.0629624245422227,0.11639213189482689,0.0,0.0,0.0,0.0,0.0,18473,global,0.0
5,5,lr5e-05_bs8_drop0p2_temp1p0_a0p25_b0p05__wd1e-04trmiss0_degmodglobal,8,5e-05,0.0001,0.2,1.0,0.25,0.05,lr5e-05_bs8_drop0p2_temp1p0_a0p25_b0p05__wd1e-04trmiss0_degmodglobal,32,0.5514693260192871,0.6867238879203796,0.5,0.6622494789161455,0.5384615384615384,0.0,0.5239485246794564,0.5325226187705994,0.05668279528617859,0.09552000516227313,0.0,0.0,0.0,0.0,0.0,18473,global,0.0
5,5,lr5e-05_bs8_drop0p2_temp1p0_a0p25_b0p05__wd1e-04trmiss0_degmodglobal,8,5e-05,0.0001,0.2,1.0,0.25,0.05,lr5e-05_bs8_drop0p2_temp1p0_a0p25_b0p05__wd1e-04trmiss0_degmodglobal,33,0.5385578104427883,0.6863670945167542,0.5,0.6622494789161455,0.6153846153846154,0.0,0.529577374458313,0.5224324464797974,0.04884987643786839,0.0782578129853521,0.0,0.0,0.0,0.0,0.0,18473,global,0.0
5,5,lr5e-05_bs8_drop0p2_temp1p0_a0p25_b0p05__wd1e-04trmiss0_degmodglobal,8,5e-05,0.0001,0.2,1.0,0.25,0.05,lr5e-05_bs8_drop0p2_temp1p0_a0p25_b0p05__wd1e-04trmiss0_degmodglobal,34,0.5596735775470734,0.6841498613357544,0.5,0.6622494789161455,0.6153846153846154,0.0,0.5229772457054683,0.5427489536149162,0.051850513954247744,0.07923997459667069,0.0,0.0,0.0,0.0,0.0,18473,global,0.0
5,5,lr5e-05_bs8_drop0p2_temp1p0_a0p25_b0p05__wd1e-04trmiss0_degmodglobal,8,5e-05,0.0001,0.2,1.0,0.25,0.05,lr5e-05_bs8_drop0p2_temp1p0_a0p25_b0p05__wd1e-04trmiss0_degmodglobal,35,0.545687368937901,0.6804682314395905,0.5,0.6622494789161455,0.6153846153846154,0.0,0.5226672164031437,0.5256720313004085,0.05653449094721249,0.11763425703559603,0.0,0.0,0.0,0.0,0.0,18473,global,0.0
5,5,lr5e-05_bs8_drop0p2_temp1p0_a0p25_b0p05__wd1e-04trmiss0_degmodglobal,8,5e-05,0.0001,0.2,1.0,0.25,0.05,lr5e-05_bs8_drop0p2_temp1p0_a0p25_b0p05__wd1e-04trmiss0_degmodglobal,36,0.5668851137161255,0.6794267892837524,0.5,0.6622494789161455,0.5384615384615384,0.0,0.5289179895605359,0.5454717363630023,0.061338054814508984,0.12157735175320081,0.0,0.0,0.0,0.0,0.0,18473,global,0.0
5,5,lr5e-05_bs8_drop0p2_temp1p0_a0p25_b0p05__wd1e-04trmiss0_degmodglobal,8,5e-05,0.0001,0.2,1.0,0.25,0.05,lr5e-05_bs8_drop0p2_temp1p0_a0p25_b0p05__wd1e-04trmiss0_degmodglobal,37,0.5333079440253121,0.6801833808422089,0.5,0.6622494789161455,0.5384615384615384,0.0,0.5294140747615269,0.5161045065947941,0.05483029782772064,0.06991701839225632,0.0,0.0,0.0,0.0,0.0,18473,global,0.0
5,5,lr5e-05_bs8_drop0p2_temp1p0_a0p25_b0p05__wd1e-04trmiss0_degmodglobal,8,5e-05,0.0001,0.2,1.0,0.25,0.05,lr5e-05_bs8_drop0p2_temp1p0_a0p25_b0p05__wd1e-04trmiss0_degmodglobal,38,0.5208425308976855,0.6830456852912903,0.5,0.6622494789161455,0.6153846153846154,0.0,0.49885518636022297,0.49918815919331144,0.06645781014646802,0.10079836526087352,0.0,0.0,0.0,0.0,0.0,18473,global,0.0
5,5,lr5e-05_bs8_drop0p2_temp1p0_a0p25_b0p05__wd1e-04trmiss0_degmodglobal,8,5e-05,0.0001,0.2,1.0,0.25,0.05,lr5e-05_bs8_drop0p2_temp1p0_a0p25_b0p05__wd1e-04trmiss0_degmodglobal,39,0.5321691930294037,0.6816978752613068,0.5,0.6622494789161455,0.6153846153846154,0.0,0.49919828346797396,0.5081668496131897,0.07439609510557992,0.10806646730218615,0.0,0.0,0.0,0.0,0.0,18473,global,0.0
5,5,lr5e-05_bs8_drop0p2_temp1p0_a0p25_b0p05__wd1e-04trmiss0_degmodglobal,8,5e-05,0.0001,0.2,1.0,0.25,0.05,lr5e-05_bs8_drop0p2_temp1p0_a0p25_b0p05__wd1e-04trmiss0_degmodglobal,40,0.5296408917222705,0.6821368634700775,0.5,0.6622494789161455,0.6153846153846154,0.0,0.5205979474953243,0.5085419629301343,0.06428749540022441,0.10054102965763637,0.0,0.0,0.0,0.0,0.0,18473,global,0.0
5,5,lr5e-05_bs8_drop0p2_temp1p0_a0p25_b0p05__wd1e-04trmiss0_degmodglobal,8,5e-05,0.0001,0.2,1.0,0.25,0.05,lr5e-05_bs8_drop0p2_temp1p0_a0p25_b0p05__wd1e-04trmiss0_degmodglobal,41,0.5154968925884792,0.6836746335029602,0.5,0.6622494789161455,0.6153846153846154,0.0,0.5009783123220716,0.49611782176154,0.06115804719073432,0.08179144747555256,0.0,0.0,0.0,0.0,0.0,18473,global,0.0
5,5,lr5e-05_bs8_drop0p2_temp1p0_a0p25_b0p05__wd1e-04trmiss0_degmodglobal,8,5e-05,0.0001,0.2,1.0,0.25,0.05,lr5e-05_bs8_drop0p2_temp1p0_a0p25_b0p05__wd1e-04trmiss0_degmodglobal,42,0.5083159719194684,0.6837804317474365,0.5,0.6622494789161455,0.6153846153846154,0.0,0.4937817284039089,0.48712202480861116,0.0675734771149499,0.08601155105446066,0.0,0.0,0.0,0.0,0.0,18473,global,0.0
5,5,lr5e-05_bs8_drop0p2_temp1p0_a0p25_b0p05__wd1e-04trmiss0_degmodglobal,8,5e-05,0.0001,0.2,1.0,0.25,0.05,lr5e-05_bs8_drop0p2_temp1p0_a0p25_b0p05__wd1e-04trmiss0_degmodglobal,43,0.5321171241147178,0.6802636086940765,0.5,0.6622494789161455,0.6153846153846154,0.0,0.5328900303159442,0.5113414611135211,0.06326573980706078,0.0991844620023455,0.0,0.0,0.0,0.0,0.0,18473,global,0.0
5,5,lr5e-05_bs8_drop0p2_temp1p0_a0p25_b0p05__wd1e-04trmiss0_degmodglobal,8,5e-05,0.0001,0.2,1.0,0.25,0.05,lr5e-05_bs8_drop0p2_temp1p0_a0p25_b0p05__wd1e-04trmiss0_degmodglobal,44,0.5177978490080152,0.6830140948295593,0.5,0.6622494789161455,0.6153846153846154,0.0,0.4944407769611904,0.4982618008341108,0.061648951577288766,0.0824757388659886,0.0,0.0,0.0,0.0,0.0,18473,global,0.0
5,5,lr5e-05_bs8_drop0p2_temp1p0_a0p25_b0p05__wd1e-04trmiss0_degmodglobal,8,5e-05,0.0001,0.2,1.0,0.25,0.05,lr5e-05_bs8_drop0p2_temp1p0_a0p25_b0p05__wd1e-04trmiss0_degmodglobal,45,0.5318097940513066,0.6837172210216522,0.5,0.6622494789161455,0.6153846153846154,0.0,0.5198431015014648,0.5092959574290684,0.06411067822149821,0.1297235174902848,0.0,0.0,0.0,0.0,0.0,18473,global,0.0
5,5,lr5e-05_bs8_drop0p2_temp1p0_a0p25_b0p05__wd1e-04trmiss0_degmodglobal,8,5e-05,0.0001,0.2,1.0,0.25,0.05,lr5e-05_bs8_drop0p2_temp1p0_a0p25_b0p05__wd1e-04trmiss0_degmodglobal,46,0.5476924521582467,0.6853519976139069,0.5,0.6622494789161455,0.6153846153846154,0.0,0.5011424251965114,0.5278515943459102,0.061133146818195074,0.0911512475992952,0.0,0.0,0.0,0.0,0.0,18473,global,0.0
5,5,lr5e-05_bs8_drop0p2_temp2p0_a0p25_b0p05__wd1e-04trmiss0_degmodglobal,8,5e-05,0.0001,0.2,2.0,0.25,0.05,lr5e-05_bs8_drop0p2_temp2p0_a0p25_b0p05__wd1e-04trmiss0_degmodglobal,1,0.7356522849627903,0.6912559270858765,0.7222222222222222,0.8484928651595318,0.46153846153846156,0.0,0.6781191740717206,0.719753120626722,0.03743018236543451,0.1308322474360466,0.0,0.0,0.0,0.0,0.0,18473,global,0.0
5,5,lr5e-05_bs8_drop0p2_temp2p0_a0p25_b0p05__wd1e-04trmiss0_degmodglobal,8,5e-05,0.0001,0.2,2.0,0.25,0.05,lr5e-05_bs8_drop0p2_temp2p0_a0p25_b0p05__wd1e-04trmiss0_degmodglobal,2,0.6925524984087262,0.7027585804462433,0.5833333333333333,0.7843033509700177,0.38461538461538464,0.0,0.6598699178014483,0.6817213807787214,0.026021755433508327,0.08651355866874967,0.0,0.0,0.0,0.0,0.0,18473,global,0.0
5,5,lr5e-05_bs8_drop0p2_temp2p0_a0p25_b0p05__wd1e-04trmiss0_degmodglobal,8,5e-05,0.0001,0.2,2.0,0.25,0.05,lr5e-05_bs8_drop0p2_temp2p0_a0p25_b0p05__wd1e-04trmiss0_degmodglobal,3,0.6688836216926575,0.7124297916889191,0.5555555555555556,0.6992865159531826,0.3076923076923077,0.0,0.6317298667771476,0.6535502757344928,0.03568424843251705,0.12824578796114242,0.0,0.0,0.0,0.0,0.0,18473,global,0.0
5,5,lr5e-05_bs8_drop0p2_temp2p0_a0p25_b0p05__wd1e-04trmiss0_degmodglobal,8,5e-05,0.0001,0.2,2.0,0.25,0.05,lr5e-05_bs8_drop0p2_temp2p0_a0p25_b0p05__wd1e-04trmiss0_degmodglobal,4,0.6828533751623971,0.7309542894363403,0.5277777777777778,0.6917107583774251,0.38461538461538464,0.0,0.638253220490047,0.6681735345295498,0.03451158558683736,0.12103877642324992,0.0,0.0,0.0,0.0,0.0,18473,global,0.0
5,5,lr5e-05_bs8_drop0p2_temp2p0_a0p25_b0p05__wd1e-04trmiss0_degmodglobal,8,5e-05,0.0001,0.2,2.0,0.25,0.05,lr5e-05_bs8_drop0p2_temp2p0_a0p25_b0p05__wd1e-04trmiss0_degmodglobal,5,0.6490059154374259,0.7376186549663544,0.5,0.6853005019671686,0.38461538461538464,0.0,0.6330368689128331,0.6314431003161839,0.0416205409648163,0.14315341200147355,0.0,0.0,0.0,0.0,0.0,18473,global,0.0
5,5,lr5e-05_bs8_drop0p2_temp2p0_a0p25_b0p05__wd1e-04trmiss0_degmodglobal,8,5e-05,0.0001,0.2,2.0,0.25,0.05,lr5e-05_bs8_drop0p2_temp2p0_a0p25_b0p05__wd1e-04trmiss0_degmodglobal,6,0.6387416635240827,0.7271794676780701,0.5555555555555556,0.6992865159531826,0.38461538461538464,0.0,0.5888454232897077,0.6283124344689506,0.02598076207297189,0.07868082342403275,0.0,0.0,0.0,0.0,0.0,18473,global,0.0
5,5,lr5e-05_bs8_drop0p2_temp2p0_a0p25_b0p05__wd1e-04trmiss0_degmodglobal,8,5e-05,0.0001,0.2,2.0,0.25,0.05,lr5e-05_bs8_drop0p2_temp2p0_a0p25_b0p05__wd1e-04trmiss0_degmodglobal,7,0.6354597210884094,0.7200914323329926,0.5555555555555556,0.6992865159531826,0.3076923076923077,0.0,0.5783091953822544,0.6207364542143685,0.03675935257758413,0.11066856607794762,0.0,0.0,0.0,0.0,0.0,18473,global,0.0
5,5,lr5e-05_bs8_drop0p2_temp2p0_a0p25_b0p05__wd1e-04trmiss0_degmodglobal,8,5e-05,0.0001,0.2,2.0,0.25,0.05,lr5e-05_bs8_drop0p2_temp2p0_a0p25_b0p05__wd1e-04trmiss0_degmodglobal,8,0.6419457197189331,0.7179502546787262,0.5277777777777778,0.6807679974346641,0.3076923076923077,0.0,0.5825070909091404,0.6299959591456822,0.03218782400446279,0.0780561523778098,0.0,0.0,0.0,0.0,0.0,18473,global,0.0
5,5,lr5e-05_bs8_drop0p2_temp2p0_a0p25_b0p05__wd1e-04trmiss0_degmodglobal,8,5e-05,0.0001,0.2,2.0,0.25,0.05,lr5e-05_bs8_drop0p2_temp2p0_a0p25_b0p05__wd1e-04trmiss0_degmodglobal,9,0.6268911361694336,0.711136519908905,0.5277777777777778,0.6807679974346641,0.38461538461538464,0.0,0.5583013040678841,0.6129952073097229,0.033344718760677745,0.11119487881660461,0.0,0.0,0.0,0.0,0.0,18473,global,0.0
5,5,lr5e-05_bs8_drop0p2_temp2p0_a0p25_b0p05__wd1e-04trmiss0_degmodglobal,8,5e-05,0.0001,0.2,2.0,0.25,0.05,lr5e-05_bs8_drop0p2_temp2p0_a0p25_b0p05__wd1e-04trmiss0_degmodglobal,10,0.6102373685155597,0.7089272737503052,0.5277777777777778,0.6807679974346641,0.3076923076923077,0.0,0.555006572178432,0.5953545825822013,0.03680752616907869,0.11361794067280633,0.0,0.0,0.0,0.0,0.0,18473,global,0.0
5,5,lr5e-05_bs8_drop0p2_temp2p0_a0p25_b0p05__wd1e-04trmiss0_degmodglobal,8,5e-05,0.0001,0.2,2.0,0.25,0.05,lr5e-05_bs8_drop0p2_temp2p0_a0p25_b0p05__wd1e-04trmiss0_degmodglobal,11,0.5989853399140495,0.7131131291389465,0.5277777777777778,0.6807679974346641,0.3076923076923077,0.0,0.5480132613863263,0.5852592587471008,0.032649739512375424,0.11127302476337977,0.0,0.0,0.0,0.0,0.0,18473,global,0.0
5,5,lr5e-05_bs8_drop0p2_temp2p0_a0p25_b0p05__wd1e-04trmiss0_degmodglobal,8,5e-05,0.0001,0.2,2.0,0.25,0.05,lr5e-05_bs8_drop0p2_temp2p0_a0p25_b0p05__wd1e-04trmiss0_degmodglobal,12,0.6150026917457581,0.714645653963089,0.5277777777777778,0.6807679974346641,0.3076923076923077,0.0,0.5427792838641575,0.598957189491817,0.039945609867572784,0.12118172645568848,0.0,0.0,0.0,0.0,0.0,18473,global,0.0
5,5,lr5e-05_bs8_drop0p2_temp2p0_a0p25_b0p05__wd1e-04trmiss0_degmodglobal,8,5e-05,0.0001,0.2,2.0,0.25,0.05,lr5e-05_bs8_drop0p2_temp2p0_a0p25_b0p05__wd1e-04trmiss0_degmodglobal,13,0.6052143914358956,0.7193939685821533,0.5,0.6622494789161455,0.3076923076923077,0.0,0.5495980211666652,0.5899680001395089,0.03753254722271647,0.11726513824292592,0.0,0.0,0.0,0.0,0.0,18473,global,0.0
5,5,lr5e-05_bs8_drop0p2_temp2p0_a0p25_b0p05__wd1e-04trmiss0_degmodglobal,8,5e-05,0.0001,0.2,2.0,0.25,0.05,lr5e-05_bs8_drop0p2_temp2p0_a0p25_b0p05__wd1e-04trmiss0_degmodglobal,14,0.6188319410596576,0.7200201153755188,0.5,0.6622494789161455,0.3076923076923077,0.0,0.5543225492749896,0.6022500566073826,0.04135372782392161,0.12486902943679265,0.0,0.0,0.0,0.0,0.0,18473,global,0.0
5,5,lr5e-05_bs8_drop0p2_temp2p0_a0p25_b0p05__wd1e-04trmiss0_degmodglobal,8,5e-05,0.0001,0.2,2.0,0.25,0.05,lr5e-05_bs8_drop0p2_temp2p0_a0p25_b0p05__wd1e-04trmiss0_degmodglobal,15,0.5618829301425389,0.7174786031246185,0.5277777777777778,0.6807679974346641,0.3076923076923077,0.0,0.5381822032587869,0.5481664410659245,0.035602238960564137,0.09631865870739732,0.0,0.0,0.0,0.0,0.0,18473,global,0.0
5,5,lr5e-05_bs8_drop0p2_temp2p0_a0p25_b0p05__wd1e-04trmiss0_degmodglobal,8,5e-05,0.0001,0.2,2.0,0.25,0.05,lr5e-05_bs8_drop0p2_temp2p0_a0p25_b0p05__wd1e-04trmiss0_degmodglobal,16,0.5910989556993756,0.7207235395908356,0.5,0.6622494789161455,0.3076923076923077,0.0,0.546101953302111,0.5781256897108895,0.03379471812929426,0.09049181746585029,0.0,0.0,0.0,0.0,0.0,18473,global,0.0
5,5,lr5e-05_bs8_drop0p2_temp2p0_a0p25_b0p05__wd1e-04trmiss0_degmodglobal,8,5e-05,0.0001,0.2,2.0,0.25,0.05,lr5e-05_bs8_drop0p2_temp2p0_a0p25_b0p05__wd1e-04trmiss0_degmodglobal,17,0.5895651664052691,0.7215469777584076,0.5,0.6622494789161455,0.3076923076923077,0.0,0.5346925258636475,0.5767909373555865,0.03682595677673817,0.07135488146117755,0.0,0.0,0.0,0.0,0.0,18473,global,0.0
5,5,lr5e-05_bs8_drop0p2_temp2p0_a0p25_b0p05__wd1e-04trmiss0_degmodglobal,8,5e-05,0.0001,0.2,2.0,0.25,0.05,lr5e-05_bs8_drop0p2_temp2p0_a0p25_b0p05__wd1e-04trmiss0_degmodglobal,18,0.5884038465363639,0.7221012115478516,0.5,0.6622494789161455,0.3076923076923077,0.0,0.5362630827086312,0.5739924396787371,0.03558655668582235,0.11029518608536039,0.0,0.0,0.0,0.0,0.0,18473,global,0.0
5,5,lr5e-05_bs8_drop0p2_temp2p0_a0p25_b0p05__wd1e-04trmiss0_degmodglobal,8,5e-05,0.0001,0.2,2.0,0.25,0.05,lr5e-05_bs8_drop0p2_temp2p0_a0p25_b0p05__wd1e-04trmiss0_degmodglobal,19,0.5930823683738708,0.7200857698917389,0.5,0.6622494789161455,0.3076923076923077,0.0,0.5259188881942204,0.5767053365707397,0.04090376118464129,0.12302186765841075,0.0,0.0,0.0,0.0,0.0,18473,global,0.0
5,5,lr5e-05_bs8_drop0p2_temp2p0_a0p25_b0p05__wd1e-04trmiss0_degmodglobal,8,5e-05,0.0001,0.2,2.0,0.25,0.05,lr5e-05_bs8_drop0p2_temp2p0_a0p25_b0p05__wd1e-04trmiss0_degmodglobal,20,0.5933766705649239,0.7164514660835266,0.5,0.6622494789161455,0.3076923076923077,0.0,0.5277378857135773,0.5783416373389108,0.04372793063521385,0.08206098526716232,0.0,0.0,0.0,0.0,0.0,18473,global,0.0
5,5,lr5e-05_bs8_drop0p2_temp2p0_a0p25_b0p05__wd1e-04trmiss0_degmodglobal,8,5e-05,0.0001,0.2,2.0,0.25,0.05,lr5e-05_bs8_drop0p2_temp2p0_a0p25_b0p05__wd1e-04trmiss0_degmodglobal,21,0.5844479543822152,0.7162282168865204,0.5,0.6622494789161455,0.3076923076923077,0.0,0.5229112080165318,0.565660468169621,0.04980788699218205,0.12671017114605224,0.0,0.0,0.0,0.0,0.0,18473,global,0.0
5,5,lr5e-05_bs8_drop0p2_temp2p0_a0p25_b0p05__wd1e-04trmiss0_degmodglobal,8,5e-05,0.0001,0.2,2.0,0.25,0.05,lr5e-05_bs8_drop0p2_temp2p0_a0p25_b0p05__wd1e-04trmiss0_degmodglobal,22,0.5951433607510158,0.7193127870559692,0.5277777777777778,0.6807679974346641,0.3076923076923077,0.0,0.5281366961342948,0.5754249862262181,0.050704541483095715,0.1408447442310197,0.0,0.0,0.0,0.0,0.0,18473,global,0.0
5,5,lr5e-05_bs8_drop0p2_temp2p0_a0p25_b0p05__wd1e-04trmiss0_degmodglobal,8,5e-05,0.0001,0.2,2.0,0.25,0.05,lr5e-05_bs8_drop0p2_temp2p0_a0p25_b0p05__wd1e-04trmiss0_degmodglobal,23,0.5934443048068455,0.7178893387317657,0.5277777777777778,0.6807679974346641,0.3076923076923077,0.0,0.5206282096249717,0.5781921403748649,0.041169535368680954,0.09919569428477969,0.0,0.0,0.0,0.0,0.0,18473,global,0.0
5,5,lr5e-05_bs8_drop0p2_temp2p0_a0p25_b0p05__wd1e-04trmiss0_degmodglobal,8,5e-05,0.0001,0.2,2.0,0.25,0.05,lr5e-05_bs8_drop0p2_temp2p0_a0p25_b0p05__wd1e-04trmiss0_degmodglobal,24,0.5659677556582859,0.7183380126953125,0.5,0.6622494789161455,0.3076923076923077,0.0,0.4785431751183101,0.5486102019037519,0.04607575998774597,0.11677251702972821,0.0,0.0,0.0,0.0,0.0,18473,global,0.0
5,5,lr5e-05_bs8_drop0p2_temp2p0_a0p25_b0p05__wd1e-04trmiss0_degmodglobal,8,5e-05,0.0001,0.2,2.0,0.25,0.05,lr5e-05_bs8_drop0p2_temp2p0_a0p25_b0p05__wd1e-04trmiss0_degmodglobal,25,0.5474669337272644,0.7184686660766602,0.5,0.6622494789161455,0.3076923076923077,0.0,0.4862222032887595,0.5290282198360988,0.04932742778744016,0.12213695315378052,0.0,0.0,0.0,0.0,0.0,18473,global,0.0
5,5,lr5e-05_bs8_drop0p2_temp2p0_a0p25_b0p05__wd1e-04trmiss0_degmodglobal,8,5e-05,0.0001,0.2,2.0,0.25,0.05,lr5e-05_bs8_drop0p2_temp2p0_a0p25_b0p05__wd1e-04trmiss0_degmodglobal,26,0.5644274992602212,0.7147709429264069,0.5,0.6622494789161455,0.38461538461538464,0.0,0.5136242210865021,0.5460610474858966,0.05137815645762852,0.1104383473949773,0.0,0.0,0.0,0.0,0.0,18473,global,0.0
5,5,lr5e-05_bs8_drop0p2_temp2p0_a0p25_b0p05__wd1e-04trmiss0_degmodglobal,8,5e-05,0.0001,0.2,2.0,0.25,0.05,lr5e-05_bs8_drop0p2_temp2p0_a0p25_b0p05__wd1e-04trmiss0_degmodglobal,27,0.5716813547270638,0.7135639786720276,0.5,0.6622494789161455,0.38461538461538464,0.0,0.48599888597215923,0.5521471244948251,0.0501851604453155,0.13975891258035386,0.0,0.0,0.0,0.0,0.0,18473,global,0.0
5,5,lr5e-05_bs8_drop0p4_temp1p0_a0p25_b0p05__wd1e-04trmiss0_degmodglobal,8,5e-05,0.0001,0.4,1.0,0.25,0.05,lr5e-05_bs8_drop0p4_temp1p0_a0p25_b0p05__wd1e-04trmiss0_degmodglobal,1,0.7174456460135323,0.698582798242569,0.6944444444444444,0.860614077280744,0.5384615384615384,0.0,0.7357877578054156,0.696517288684845,0.05426949369055884,0.14721970366580145,0.0,0.0,0.0,0.0,0.0,18473,global,0.0
5,5,lr5e-05_bs8_drop0p4_temp1p0_a0p25_b0p05__wd1e-04trmiss0_degmodglobal,8,5e-05,0.0001,0.4,1.0,0.25,0.05,lr5e-05_bs8_drop0p4_temp1p0_a0p25_b0p05__wd1e-04trmiss0_degmodglobal,2,0.7161982314927238,0.6960020363330841,0.6666666666666667,0.8487093153759822,0.5384615384615384,0.0,0.7017243249075753,0.6935735089438302,0.06426025182008743,0.13119293642895563,0.0,0.0,0.0,0.0,0.0,18473,global,0.0
5,5,lr5e-05_bs8_drop0p4_temp1p0_a0p25_b0p05__wd1e-04trmiss0_degmodglobal,8,5e-05,0.0001,0.4,1.0,0.25,0.05,lr5e-05_bs8_drop0p4_temp1p0_a0p25_b0p05__wd1e-04trmiss0_degmodglobal,3,0.6919313584055219,0.6993824243545532,0.5833333333333333,0.8175805675805676,0.46153846153846156,0.0,0.649222901889256,0.6656355091503688,0.07867193009172167,0.1325576433113643,0.0,0.0,0.0,0.0,0.0,18473,global,0.0
5,5,lr5e-05_bs8_drop0p4_temp1p0_a0p25_b0p05__wd1e-04trmiss0_degmodglobal,8,5e-05,0.0001,0.4,1.0,0.25,0.05,lr5e-05_bs8_drop0p4_temp1p0_a0p25_b0p05__wd1e-04trmiss0_degmodglobal,4,0.7151534472193036,0.7080369591712952,0.5,0.7428451178451179,0.38461538461538464,0.0,0.6841782416616168,0.6945263317653111,0.05658135509916714,0.1296356851235032,0.0,0.0,0.0,0.0,0.0,18473,global,0.0
5,5,lr5e-05_bs8_drop0p4_temp1p0_a0p25_b0p05__wd1e-04trmiss0_degmodglobal,8,5e-05,0.0001,0.4,1.0,0.25,0.05,lr5e-05_bs8_drop0p4_temp1p0_a0p25_b0p05__wd1e-04trmiss0_degmodglobal,5,0.6664650610515049,0.7167819142341614,0.5,0.7428451178451179,0.3076923076923077,0.0,0.6561388628823417,0.6354171804019383,0.08636939312730517,0.18911072398935044,0.0,0.0,0.0,0.0,0.0,18473,global,0.0
5,5,lr5e-05_bs8_drop0p4_temp1p0_a0p25_b0p05__wd1e-04trmiss0_degmodglobal,8,5e-05,0.0001,0.4,1.0,0.25,0.05,lr5e-05_bs8_drop0p4_temp1p0_a0p25_b0p05__wd1e-04trmiss0_degmodglobal,6,0.6929557153156826,0.7125314772129059,0.5,0.7428451178451179,0.3076923076923077,0.0,0.6523770093917847,0.6738954016140529,0.05483671171324594,0.10702242489371981,0.0,0.0,0.0,0.0,0.0,18473,global,0.0
5,5,lr5e-05_bs8_drop0p4_temp1p0_a0p25_b0p05__wd1e-04trmiss0_degmodglobal,8,5e-05,0.0001,0.4,1.0,0.25,0.05,lr5e-05_bs8_drop0p4_temp1p0_a0p25_b0p05__wd1e-04trmiss0_degmodglobal,7,0.6566431777817863,0.7113654911518097,0.5,0.7428451178451179,0.3076923076923077,0.0,0.6514878698757717,0.6352466940879822,0.06180007702537945,0.11892962296094213,0.0,0.0,0.0,0.0,0.0,18473,global,0.0
5,5,lr5e-05_bs8_drop0p4_temp1p0_a0p25_b0p05__wd1e-04trmiss0_degmodglobal,8,5e-05,0.0001,0.4,1.0,0.25,0.05,lr5e-05_bs8_drop0p4_temp1p0_a0p25_b0p05__wd1e-04trmiss0_degmodglobal,8,0.6832501462527684,0.7084372043609619,0.5277777777777778,0.7002966169632837,0.38461538461538464,0.0,0.6399559293474469,0.6579806123461042,0.06842358410358429,0.16327272461993353,0.0,0.0,0.0,0.0,0.0,18473,global,0.0
5,5,lr5e-05_bs8_drop0p4_temp1p0_a0p25_b0p05__wd1e-04trmiss0_degmodglobal,8,5e-05,0.0001,0.4,1.0,0.25,0.05,lr5e-05_bs8_drop0p4_temp1p0_a0p25_b0p05__wd1e-04trmiss0_degmodglobal,9,0.6388163822037833,0.7037833631038666,0.5277777777777778,0.6807679974346641,0.38461538461538464,0.0,0.6172449929373605,0.612270542553493,0.07737721875309944,0.1440303304365703,0.0,0.0,0.0,0.0,0.0,18473,global,0.0
5,5,lr5e-05_bs8_drop0p4_temp1p0_a0p25_b0p05__wd1e-04trmiss0_degmodglobal,8,5e-05,0.0001,0.4,1.0,0.25,0.05,lr5e-05_bs8_drop0p4_temp1p0_a0p25_b0p05__wd1e-04trmiss0_degmodglobal,10,0.6332817843982151,0.7061797082424164,0.5,0.6622494789161455,0.38461538461538464,0.0,0.6142574719020298,0.6119969912937709,0.061002783477306366,0.12068164614694459,0.0,0.0,0.0,0.0,0.0,18473,global,0.0
5,5,lr5e-05_bs8_drop0p4_temp1p0_a0p25_b0p05__wd1e-04trmiss0_degmodglobal,8,5e-05,0.0001,0.4,1.0,0.25,0.05,lr5e-05_bs8_drop0p4_temp1p0_a0p25_b0p05__wd1e-04trmiss0_degmodglobal,11,0.6309769834790911,0.709670752286911,0.5277777777777778,0.6807679974346641,0.3076923076923077,0.0,0.5857274787766593,0.6068353738103595,0.06903467220919472,0.13765891641378403,0.0,0.0,0.0,0.0,0.0,18473,global,0.0
5,5,lr5e-05_bs8_drop0p4_temp1p0_a0p25_b0p05__wd1e-04trmiss0_degmodglobal,8,5e-05,0.0001,0.4,1.0,0.25,0.05,lr5e-05_bs8_drop0p4_temp1p0_a0p25_b0p05__wd1e-04trmiss0_degmodglobal,12,0.611563469682421,0.7084633708000183,0.5277777777777778,0.6807679974346641,0.3076923076923077,0.0,0.6167689221245902,0.5812741688319615,0.08490541124982494,0.18125873218689645,0.0,0.0,0.0,0.0,0.0,18473,global,0.0
5,5,lr5e-05_bs8_drop0p4_temp1p0_a0p25_b0p05__wd1e-04trmiss0_degmodglobal,8,5e-05,0.0001,0.4,1.0,0.25,0.05,lr5e-05_bs8_drop0p4_temp1p0_a0p25_b0p05__wd1e-04trmiss0_degmodglobal,13,0.65223285981587,0.7110067009925842,0.5,0.6731922398589066,0.3076923076923077,0.0,0.5900662967136928,0.6274901373045785,0.06598934903740883,0.16490756294557027,0.0,0.0,0.0,0.0,0.0,18473,global,0.0
5,5,lr5e-05_bs8_drop0p4_temp1p0_a0p25_b0p05__wd1e-04trmiss0_degmodglobal,8,5e-05,0.0001,0.4,1.0,0.25,0.05,lr5e-05_bs8_drop0p4_temp1p0_a0p25_b0p05__wd1e-04trmiss0_degmodglobal,14,0.6358975172042847,0.714986264705658,0.5277777777777778,0.6807679974346641,0.23076923076923078,0.0,0.5643839069775173,0.6084421191896711,0.0744993979377406,0.17661128831761225,0.0,0.0,0.0,0.0,0.0,18473,global,0.0
5,5,lr5e-05_bs8_drop0p4_temp1p0_a0p25_b0p05__wd1e-04trmiss0_degmodglobal,8,5e-05,0.0001,0.4,1.0,0.25,0.05,lr5e-05_bs8_drop0p4_temp1p0_a0p25_b0p05__wd1e-04trmiss0_degmodglobal,15,0.6459991421018328,0.7177453637123108,0.5,0.6731922398589066,0.3076923076923077,0.0,0.608565730707986,0.62137257201331,0.06432553540383067,0.1709037572145462,0.0,0.0,0.0,0.0,0.0,18473,global,0.0
5,5,lr5e-05_bs8_drop0p4_temp1p0_a0p25_b0p05__wd1e-04trmiss0_degmodglobal,8,5e-05,0.0001,0.4,1.0,0.25,0.05,lr5e-05_bs8_drop0p4_temp1p0_a0p25_b0p05__wd1e-04trmiss0_degmodglobal,16,0.6253361531666347,0.7155717015266418,0.5,0.6731922398589066,0.3076923076923077,0.0,0.5848626451832908,0.6012182406016758,0.06895904455866132,0.13756284330572402,0.0,0.0,0.0,0.0,0.0,18473,global,0.0
5,5,lr5e-05_bs8_drop0p4_temp1p0_a0p25_b0p05__wd1e-04trmiss0_degmodglobal,8,5e-05,0.0001,0.4,1.0,0.25,0.05,lr5e-05_bs8_drop0p4_temp1p0_a0p25_b0p05__wd1e-04trmiss0_degmodglobal,17,0.5998142531939915,0.7128515839576721,0.5,0.6731922398589066,0.3076923076923077,0.0,0.5788161499159676,0.5769120965685163,0.06459123854126249,0.13508670989956176,0.0,0.0,0.0,0.0,0.0,18473,global,0.0
5,5,lr5e-05_bs8_drop0p4_temp1p0_a0p25_b0p05__wd1e-04trmiss0_degmodglobal,8,5e-05,0.0001,0.4,1.0,0.25,0.05,lr5e-05_bs8_drop0p4_temp1p0_a0p25_b0p05__wd1e-04trmiss0_degmodglobal,18,0.5994593756539481,0.7080132067203522,0.4722222222222222,0.6546737213403881,0.3076923076923077,0.0,0.5597972103527614,0.5670675720487323,0.09870691065277372,0.1543016050543104,0.0,0.0,0.0,0.0,0.0,18473,global,0.0
5,5,lr5e-05_bs8_drop0p4_temp1p0_a0p25_b0p05__wd1e-04trmiss0_degmodglobal,8,5e-05,0.0001,0.4,1.0,0.25,0.05,lr5e-05_bs8_drop0p4_temp1p0_a0p25_b0p05__wd1e-04trmiss0_degmodglobal,19,0.6052991833005633,0.7092615962028503,0.4722222222222222,0.6546737213403881,0.3076923076923077,0.0,0.5974050334521702,0.5762128574507577,0.08075810010944094,0.17793578867401397,0.0,0.0,0.0,0.0,0.0,18473,global,0.0
5,5,lr5e-05_bs8_drop0p4_temp1p0_a0p25_b0p05__wd1e-04trmiss0_degmodglobal,8,5e-05,0.0001,0.4,1.0,0.25,0.05,lr5e-05_bs8_drop0p4_temp1p0_a0p25_b0p05__wd1e-04trmiss0_degmodglobal,20,0.6100636039461408,0.7144809663295746,0.4444444444444444,0.64659291325958,0.3076923076923077,0.0,0.5806121144975934,0.5843376517295837,0.07022549478071076,0.16339144855737686,0.0,0.0,0.0,0.0,0.0,18473,global,0.0
5,5,lr5e-05_bs8_drop0p4_temp1p0_a0p25_b0p05__wd1e-04trmiss0_degmodglobal,8,5e-05,0.0001,0.4,1.0,0.25,0.05,lr5e-05_bs8_drop0p4_temp1p0_a0p25_b0p05__wd1e-04trmiss0_degmodglobal,21,0.6086146746362958,0.7140985429286957,0.4722222222222222,0.6546737213403881,0.3076923076923077,0.0,0.5774509736469814,0.5824828147888184,0.07473167457750865,0.14897880809647696,0.0,0.0,0.0,0.0,0.0,18473,global,0.0
5,5,lr5e-05_bs8_drop0p4_temp1p0_a0p25_b0p05__wd1e-04trmiss0_degmodglobal,8,5e-05,0.0001,0.4,1.0,0.25,0.05,lr5e-05_bs8_drop0p4_temp1p0_a0p25_b0p05__wd1e-04trmiss0_degmodglobal,22,0.623559696333749,0.7182702124118805,0.5,0.6622494789161455,0.3076923076923077,0.0,0.5448611804417202,0.5945228593690055,0.08307672025901931,0.16535312575953348,0.0,0.0,0.0,0.0,0.0,18473,global,0.0
5,5,lr5e-05_bs8_drop0p4_temp1p0_a0p25_b0p05__wd1e-04trmiss0_degmodglobal,8,5e-05,0.0001,0.4,1.0,0.25,0.05,lr5e-05_bs8_drop0p4_temp1p0_a0p25_b0p05__wd1e-04trmiss0_degmodglobal,23,0.6207279392651149,0.7182596623897552,0.5,0.6622494789161455,0.3076923076923077,0.0,0.560110547712871,0.5912918789046151,0.0874146254999297,0.15164812441383088,0.0,0.0,0.0,0.0,0.0,18473,global,0.0
5,5,lr5e-05_bs8_drop0p4_temp1p0_a0p25_b0p05__wd1e-04trmiss0_degmodglobal,8,5e-05,0.0001,0.4,1.0,0.25,0.05,lr5e-05_bs8_drop0p4_temp1p0_a0p25_b0p05__wd1e-04trmiss0_degmodglobal,24,0.6216097133500236,0.7176274359226227,0.5,0.6622494789161455,0.3076923076923077,0.0,0.5786007515021733,0.591061430318015,0.08845612513167518,0.16868498921394348,0.0,0.0,0.0,0.0,0.0,18473,global,0.0
5,5,lr5e-05_bs8_drop0p4_temp1p0_a0p25_b0p05__wd1e-04trmiss0_degmodglobal,8,5e-05,0.0001,0.4,1.0,0.25,0.05,lr5e-05_bs8_drop0p4_temp1p0_a0p25_b0p05__wd1e-04trmiss0_degmodglobal,25,0.6498474563871112,0.7129882872104645,0.5,0.6622494789161455,0.3076923076923077,0.0,0.5922416363443647,0.6221934727260044,0.07361181399651937,0.1850203541772706,0.0,0.0,0.0,0.0,0.0,18473,global,0.0
5,5,lr5e-05_bs8_drop0p4_temp1p0_a0p25_b0p05__wd1e-04trmiss0_degmodglobal,8,5e-05,0.0001,0.4,1.0,0.25,0.05,lr5e-05_bs8_drop0p4_temp1p0_a0p25_b0p05__wd1e-04trmiss0_degmodglobal,26,0.6172079699380058,0.7094032466411591,0.5,0.6622494789161455,0.3076923076923077,0.0,0.5684737733432225,0.5875775643757412,0.0831572243145534,0.17682196306330816,0.0,0.0,0.0,0.0,0.0,18473,global,0.0
5,5,lr5e-05_bs8_drop0p4_temp1p0_a0p25_b0p05__wd1e-04trmiss0_degmodglobal,8,5e-05,0.0001,0.4,1.0,0.25,0.05,lr5e-05_bs8_drop0p4_temp1p0_a0p25_b0p05__wd1e-04trmiss0_degmodglobal,27,0.5899323735918317,0.7092824578285217,0.5,0.6622494789161455,0.3076923076923077,0.0,0.5633759413446698,0.5623882710933685,0.0735461844929627,0.1831515058875084,0.0,0.0,0.0,0.0,0.0,18473,global,0.0
5,5,lr5e-05_bs8_drop0p4_temp1p0_a0p25_b0p05__wd1e-04trmiss0_degmodglobal,8,5e-05,0.0001,0.4,1.0,0.25,0.05,lr5e-05_bs8_drop0p4_temp1p0_a0p25_b0p05__wd1e-04trmiss0_degmodglobal,28,0.6099551320075989,0.7069239616394043,0.5,0.6622494789161455,0.3076923076923077,0.0,0.5232736894062587,0.581344587462289,0.08097754365631513,0.16732320615223475,0.0,0.0,0.0,0.0,0.0,18473,global,0.0
5,5,lr5e-05_bs8_drop0p4_temp1p0_a0p25_b0p05__wd1e-04trmiss0_degmodglobal,8,5e-05,0.0001,0.4,1.0,0.25,0.05,lr5e-05_bs8_drop0p4_temp1p0_a0p25_b0p05__wd1e-04trmiss0_degmodglobal,29,0.6080146602221898,0.7104224264621735,0.5,0.6622494789161455,0.3076923076923077,0.0,0.5467021465301514,0.5788576262337821,0.08112724125385284,0.17750459270817892,0.0,0.0,0.0,0.0,0.0,18473,global,0.0
5,5,lr5e-05_bs8_drop0p4_temp2p0_a0p25_b0p05__wd1e-04trmiss0_degmodglobal,8,5e-05,0.0001,0.4,2.0,0.25,0.05,lr5e-05_bs8_drop0p4_temp2p0_a0p25_b0p05__wd1e-04trmiss0_degmodglobal,1,0.7499119554247174,0.694253534078598,0.36111111111111116,0.6426638176638176,0.5384615384615384,0.0,0.7181908999170575,0.7231126938547406,0.061452980020216534,0.22872063943317958,0.0,0.0,0.0,0.0,0.0,18473,global,0.0
5,5,lr5e-05_bs8_drop0p4_temp2p0_a0p25_b0p05__wd1e-04trmiss0_degmodglobal,8,5e-05,0.0001,0.4,2.0,0.25,0.05,lr5e-05_bs8_drop0p4_temp2p0_a0p25_b0p05__wd1e-04trmiss0_degmodglobal,2,0.6972323826381138,0.703037679195404,0.25,0.5913410663410663,0.5384615384615384,0.0,0.7137623599597386,0.6592545679637364,0.08618874581796783,0.3286125191620418,0.0,0.0,0.0,0.0,0.0,18473,global,0.0
5,5,lr5e-05_bs8_drop0p4_temp2p0_a0p25_b0p05__wd1e-04trmiss0_degmodglobal,8,5e-05,0.0001,0.4,2.0,0.25,0.05,lr5e-05_bs8_drop0p4_temp2p0_a0p25_b0p05__wd1e-04trmiss0_degmodglobal,3,0.6566674028124128,0.714595228433609,0.2777777777777778,0.5906676656676657,0.6923076923076923,0.0,0.6997917635100228,0.62506674017225,0.07615241727658681,0.25125118664332796,0.0,0.0,0.0,0.0,0.0,18473,global,0.0
5,5,lr5e-05_bs8_drop0p4_temp2p0_a0p25_b0p05__wd1e-04trmiss0_degmodglobal,8,5e-05,0.0001,0.4,2.0,0.25,0.05,lr5e-05_bs8_drop0p4_temp2p0_a0p25_b0p05__wd1e-04trmiss0_degmodglobal,4,0.6478638819285801,0.7286888062953949,0.25,0.5795565545565544,0.6923076923076923,0.0,0.6850339003971645,0.6220929111753192,0.06281049336705889,0.2013672356094633,0.0,0.0,0.0,0.0,0.0,18473,global,0.0
5,5,lr5e-05_bs8_drop0p4_temp2p0_a0p25_b0p05__wd1e-04trmiss0_degmodglobal,8,5e-05,0.0001,0.4,2.0,0.25,0.05,lr5e-05_bs8_drop0p4_temp2p0_a0p25_b0p05__wd1e-04trmiss0_degmodglobal,5,0.6346619725227356,0.7306726574897766,0.25,0.5795565545565544,0.6153846153846154,0.0,0.6736675671168736,0.6063206621578762,0.06790825937475477,0.2272851158465658,0.0,0.0,0.0,0.0,0.0,18473,global,0.0
5,5,lr5e-05_bs8_drop0p4_temp2p0_a0p25_b0p05__wd1e-04trmiss0_degmodglobal,8,5e-05,0.0001,0.4,2.0,0.25,0.05,lr5e-05_bs8_drop0p4_temp2p0_a0p25_b0p05__wd1e-04trmiss0_degmodglobal,6,0.6278100865227836,0.7282786071300507,0.2777777777777778,0.5906676656676657,0.6153846153846154,0.0,0.6946830749511719,0.5936613253184727,0.07826418110302516,0.2916542078767504,0.0,0.0,0.0,0.0,0.0,18473,global,0.0
5,5,lr5e-05_bs8_drop0p4_temp2p0_a0p25_b0p05__wd1e-04trmiss0_degmodglobal,8,5e-05,0.0001,0.4,2.0,0.25,0.05,lr5e-05_bs8_drop0p4_temp2p0_a0p25_b0p05__wd1e-04trmiss0_degmodglobal,7,0.6228580389704023,0.7320842444896698,0.2777777777777778,0.5906676656676657,0.6153846153846154,0.0,0.6805574297904968,0.5941102078982762,0.06970174929925374,0.2264476077897208,0.0,0.0,0.0,0.0,0.0,18473,global,0.0
5,5,lr5e-05_bs8_drop0p4_temp2p0_a0p25_b0p05__wd1e-04trmiss0_degmodglobal,8,5e-05,0.0001,0.4,2.0,0.25,0.05,lr5e-05_bs8_drop0p4_temp2p0_a0p25_b0p05__wd1e-04trmiss0_degmodglobal,8,0.6044780782290867,0.7326812446117401,0.25,0.5795565545565544,0.6153846153846154,0.0,0.6553612692015511,0.5779870067323957,0.06015855818986893,0.22902822281633103,0.0,0.0,0.0,0.0,0.0,18473,global,0.0
5,5,lr5e-05_bs8_drop0p4_temp2p0_a0p25_b0p05__wd1e-04trmiss0_degmodglobal,8,5e-05,0.0001,0.4,2.0,0.25,0.05,lr5e-05_bs8_drop0p4_temp2p0_a0p25_b0p05__wd1e-04trmiss0_degmodglobal,9,0.6311639973095485,0.7372746765613556,0.25,0.5795565545565544,0.6153846153846154,0.0,0.6646812047277179,0.5929026007652283,0.0935119582074029,0.29766805682863506,0.0,0.0,0.0,0.0,0.0,18473,global,0.0
5,5,lr5e-05_bs8_drop0p4_temp2p0_a0p25_b0p05__wd1e-04trmiss0_degmodglobal,8,5e-05,0.0001,0.4,2.0,0.25,0.05,lr5e-05_bs8_drop0p4_temp2p0_a0p25_b0p05__wd1e-04trmiss0_degmodglobal,10,0.6345474720001221,0.7441022396087646,0.3055555555555555,0.6017787767787768,0.6153846153846154,0.0,0.6435501064573016,0.606790576662336,0.0652178233223302,0.2290489992925099,0.0,0.0,0.0,0.0,0.0,18473,global,0.0
5,5,lr5e-05_bs8_drop0p4_temp2p0_a0p25_b0p05__wd1e-04trmiss0_degmodglobal,8,5e-05,0.0001,0.4,2.0,0.25,0.05,lr5e-05_bs8_drop0p4_temp2p0_a0p25_b0p05__wd1e-04trmiss0_degmodglobal,11,0.6174765058926174,0.7414090633392334,0.2777777777777778,0.5950447700447701,0.6153846153846154,0.0,0.6389020596231733,0.5900018555777413,0.06405522993632726,0.22921702585050038,0.0,0.0,0.0,0.0,0.0,18473,global,0.0
5,5,lr5e-05_bs8_drop0p4_temp2p0_a0p25_b0p05__wd1e-04trmiss0_degmodglobal,8,5e-05,0.0001,0.4,2.0,0.25,0.05,lr5e-05_bs8_drop0p4_temp2p0_a0p25_b0p05__wd1e-04trmiss0_degmodglobal,12,0.6129992604255676,0.7397412061691284,0.3333333333333333,0.6123607873607873,0.6153846153846154,0.0,0.6578125102179391,0.5751005666596549,0.08656556691442217,0.32514628767967224,0.0,0.0,0.0,0.0,0.0,18473,global,0.0
5,5,lr5e-05_bs8_drop0p4_temp2p0_a0p25_b0p05__wd1e-04trmiss0_degmodglobal,8,5e-05,0.0001,0.4,2.0,0.25,0.05,lr5e-05_bs8_drop0p4_temp2p0_a0p25_b0p05__wd1e-04trmiss0_degmodglobal,13,0.6113026056970868,0.7369799911975861,0.3333333333333333,0.6123607873607873,0.6153846153846154,0.0,0.6428618601390294,0.5735920199326107,0.08503639751246997,0.329029666525977,0.0,0.0,0.0,0.0,0.0,18473,global,0.0
5,5,lr5e-05_bs8_drop0p4_temp2p0_a0p25_b0p05__wd1e-04trmiss0_degmodglobal,8,5e-05,0.0001,0.4,2.0,0.25,0.05,lr5e-05_bs8_drop0p4_temp2p0_a0p25_b0p05__wd1e-04trmiss0_degmodglobal,14,0.5993696621486119,0.7437417805194855,0.3055555555555555,0.6017787767787768,0.6153846153846154,0.0,0.632081755570003,0.5512782505580357,0.10740915473018374,0.42478244432381224,0.0,0.0,0.0,0.0,0.0,18473,global,0.0
5,5,lr5e-05_bs8_drop0p4_temp2p0_a0p25_b0p05__wd1e-04trmiss0_degmodglobal,8,5e-05,0.0001,0.4,2.0,0.25,0.05,lr5e-05_bs8_drop0p4_temp2p0_a0p25_b0p05__wd1e-04trmiss0_degmodglobal,15,0.6207524367741176,0.7432882487773895,0.3055555555555555,0.6017787767787768,0.6153846153846154,0.0,0.6105345657893589,0.5838291049003601,0.08709609348859106,0.3029861045735223,0.0,0.0,0.0,0.0,0.0,18473,global,0.0
5,5,lr5e-05_bs8_drop0p4_temp2p0_a0p25_b0p05__wd1e-04trmiss0_degmodglobal,8,5e-05,0.0001,0.4,2.0,0.25,0.05,lr5e-05_bs8_drop0p4_temp2p0_a0p25_b0p05__wd1e-04trmiss0_degmodglobal,16,0.6187913077218192,0.7437155246734619,0.3333333333333333,0.6123607873607873,0.6153846153846154,0.0,0.6319697073527745,0.5859387602124896,0.08078300314290184,0.25313585145132883,0.0,0.0,0.0,0.0,0.0,18473,global,0.0
5,5,lr5e-05_bs8_drop0p4_temp2p0_a0p25_b0p05__wd1e-04trmiss0_degmodglobal,8,5e-05,0.0001,0.4,2.0,0.25,0.05,lr5e-05_bs8_drop0p4_temp2p0_a0p25_b0p05__wd1e-04trmiss0_degmodglobal,17,0.5886647190366473,0.7429744303226471,0.3333333333333333,0.6123607873607873,0.6153846153846154,0.0,0.6312236445290702,0.5602259891373771,0.06598646087305886,0.23884218718324388,0.0,0.0,0.0,0.0,0.0,18473,global,0.0
5,5,lr5e-05_bs8_drop0p4_temp2p0_a0p25_b0p05__wd1e-04trmiss0_degmodglobal,8,5e-05,0.0001,0.4,2.0,0.25,0.05,lr5e-05_bs8_drop0p4_temp2p0_a0p25_b0p05__wd1e-04trmiss0_degmodglobal,18,0.5911805289132255,0.7427150905132294,0.3055555555555555,0.6017787767787768,0.6153846153846154,0.0,0.6042377863611493,0.5495169247899737,0.10409336271030563,0.3128054461308888,0.0,0.0,0.0,0.0,0.0,18473,global,0.0
5,5,lr5e-05_bs8_drop0p4_temp2p0_a0p25_b0p05__wd1e-04trmiss0_degmodglobal,8,5e-05,0.0001,0.4,2.0,0.25,0.05,lr5e-05_bs8_drop0p4_temp2p0_a0p25_b0p05__wd1e-04trmiss0_degmodglobal,19,0.5731610230037144,0.7418571412563324,0.3055555555555555,0.6017787767787768,0.6153846153846154,0.0,0.6155030982834953,0.5377001251493182,0.08544776987816606,0.28197924899203436,0.0,0.0,0.0,0.0,0.0,18473,global,0.0
5,5,lr5e-05_bs8_drop0p4_temp2p0_a0p25_b0p05__wd1e-04trmiss0_degmodglobal,8,5e-05,0.0001,0.4,2.0,0.25,0.05,lr5e-05_bs8_drop0p4_temp2p0_a0p25_b0p05__wd1e-04trmiss0_degmodglobal,20,0.5942802344049726,0.7481659352779388,0.2777777777777778,0.5906676656676657,0.6153846153846154,0.0,0.6056589909962246,0.5584514226232257,0.08420638580407415,0.29554425392832073,0.0,0.0,0.0,0.0,0.0,18473,global,0.0
5,5,lr5e-05_bs8_drop0p4_temp2p0_a0p25_b0p05__wd1e-04trmiss0_degmodglobal,8,5e-05,0.0001,0.4,2.0,0.25,0.05,lr5e-05_bs8_drop0p4_temp2p0_a0p25_b0p05__wd1e-04trmiss0_degmodglobal,21,0.5856988940920148,0.7538697719573975,0.2777777777777778,0.5906676656676657,0.6153846153846154,0.0,0.614830996309008,0.5546191760471889,0.07358252044234957,0.253681797002043,0.0,0.0,0.0,0.0,0.0,18473,global,0.0
5,5,lr5e-05_bs8_drop0p4_temp2p0_a0p25_b0p05__wd1e-04trmiss0_degmodglobal,8,5e-05,0.0001,0.4,2.0,0.25,0.05,lr5e-05_bs8_drop0p4_temp2p0_a0p25_b0p05__wd1e-04trmiss0_degmodglobal,22,0.5734943747520447,0.7508261501789093,0.3055555555555555,0.6017787767787768,0.6153846153846154,0.0,0.627728453704289,0.534425995179585,0.09027873565043722,0.3299736614738192,0.0,0.0,0.0,0.0,0.0,18473,global,0.0
5,5,lr5e-05_bs8_drop0p4_temp2p0_a0p25_b0p05__wd1e-04trmiss0_degmodglobal,8,5e-05,0.0001,0.4,2.0,0.25,0.05,lr5e-05_bs8_drop0p4_temp2p0_a0p25_b0p05__wd1e-04trmiss0_degmodglobal,23,0.626140296459198,0.7470176517963409,0.3055555555555555,0.6017787767787768,0.6153846153846154,0.0,0.6304373656000409,0.5900791372571673,0.08527531687702451,0.2948466581957681,0.0,0.0,0.0,0.0,0.0,18473,global,0.0
5,5,lr5e-05_bs8_drop0p4_temp2p0_a0p25_b0p05__wd1e-04trmiss0_degmodglobal,8,5e-05,0.0001,0.4,2.0,0.25,0.05,lr5e-05_bs8_drop0p4_temp2p0_a0p25_b0p05__wd1e-04trmiss0_degmodglobal,24,0.5610522116933551,0.7450582087039948,0.3055555555555555,0.6017787767787768,0.6153846153846154,0.0,0.5857897486005511,0.5232395103999546,0.09327260138733047,0.2898909108979361,0.0,0.0,0.0,0.0,0.0,18473,global,0.0
5,5,lr5e-05_bs8_drop0p4_temp2p0_a0p25_b0p05__wd1e-04trmiss0_degmodglobal,8,5e-05,0.0001,0.4,2.0,0.25,0.05,lr5e-05_bs8_drop0p4_temp2p0_a0p25_b0p05__wd1e-04trmiss0_degmodglobal,25,0.5881014806883675,0.7467657327651978,0.3333333333333333,0.6123607873607873,0.6153846153846154,0.0,0.630975033555712,0.5527180518422808,0.08532794405307088,0.2810289519173758,0.0,0.0,0.0,0.0,0.0,18473,global,0.0
5,5,lr5e-05_bs8_drop0p4_temp2p0_a0p25_b0p05__wd1e-04trmiss0_degmodglobal,8,5e-05,0.0001,0.4,2.0,0.25,0.05,lr5e-05_bs8_drop0p4_temp2p0_a0p25_b0p05__wd1e-04trmiss0_degmodglobal,26,0.563145135130201,0.7447967529296875,0.3611111111111111,0.6222814222814224,0.6153846153846154,0.0,0.5805780461856297,0.5261526448386056,0.08854338792817933,0.29713282201971325,0.0,0.0,0.0,0.0,0.0,18473,global,0.0
5,5,lr5e-05_bs8_drop0p4_temp2p0_a0p25_b0p05__wd1e-04trmiss0_degmodglobal,8,5e-05,0.0001,0.4,2.0,0.25,0.05,lr5e-05_bs8_drop0p4_temp2p0_a0p25_b0p05__wd1e-04trmiss0_degmodglobal,27,0.5829974242619106,0.7450324892997742,0.3611111111111111,0.6222814222814224,0.6153846153846154,0.0,0.6169717993055072,0.55064742905753,0.0765200246657644,0.26440006734005045,0.0,0.0,0.0,0.0,0.0,18473,global,0.0
5,5,lr5e-05_bs8_drop0p4_temp2p0_a0p25_b0p05__wd1e-04trmiss0_degmodglobal,8,5e-05,0.0001,0.4,2.0,0.25,0.05,lr5e-05_bs8_drop0p4_temp2p0_a0p25_b0p05__wd1e-04trmiss0_degmodglobal,28,0.5797330226216998,0.7463931739330292,0.3611111111111111,0.6222814222814224,0.6153846153846154,0.0,0.6058249941893986,0.5487376706940787,0.07591442817023822,0.2403348684310913,0.0,0.0,0.0,0.0,0.0,18473,global,0.0
5,5,lr5e-05_bs8_drop0p4_temp2p0_a0p25_b0p05__wd1e-04trmiss0_degmodglobal,8,5e-05,0.0001,0.4,2.0,0.25,0.05,lr5e-05_bs8_drop0p4_temp2p0_a0p25_b0p05__wd1e-04trmiss0_degmodglobal,29,0.5688730307987758,0.747747004032135,0.3333333333333333,0.6123607873607873,0.6153846153846154,0.0,0.5764355318886893,0.5331451296806335,0.08941753953695297,0.26747056522539686,0.0,0.0,0.0,0.0,0.0,18473,global,0.0
5,5,lr5e-05_bs8_drop0p4_temp2p0_a0p25_b0p05__wd1e-04trmiss0_degmodglobal,8,5e-05,0.0001,0.4,2.0,0.25,0.05,lr5e-05_bs8_drop0p4_temp2p0_a0p25_b0p05__wd1e-04trmiss0_degmodglobal,30,0.6110971399715969,0.74593785405159,0.3333333333333333,0.6123607873607873,0.6153846153846154,0.0,0.5977491310664585,0.5739316259111676,0.09357023877756936,0.27545890531369616,0.0,0.0,0.0,0.0,0.0,18473,global,0.0
5,5,lr5e-05_bs8_drop0p4_temp2p0_a0p25_b0p05__wd1e-04trmiss0_degmodglobal,8,5e-05,0.0001,0.4,2.0,0.25,0.05,lr5e-05_bs8_drop0p4_temp2p0_a0p25_b0p05__wd1e-04trmiss0_degmodglobal,31,0.5702175838606698,0.7456493973731995,0.3333333333333333,0.6123607873607873,0.6153846153846154,0.0,0.5877873386655535,0.5273802280426025,0.09488484263420105,0.3823231203215463,0.0,0.0,0.0,0.0,0.0,18473,global,0.0
5,5,lr5e-05_bs8_drop0p4_temp2p0_a0p25_b0p05__wd1e-04trmiss0_degmodglobal,8,5e-05,0.0001,0.4,2.0,0.25,0.05,lr5e-05_bs8_drop0p4_temp2p0_a0p25_b0p05__wd1e-04trmiss0_degmodglobal,32,0.5820653694016593,0.7456860840320587,0.3333333333333333,0.6123607873607873,0.6153846153846154,0.0,0.5574813612869808,0.5482478312083653,0.07692015969327518,0.2917498041476522,0.0,0.0,0.0,0.0,0.0,18473,global,0.0
5,5,lr5e-05_bs8_drop0p4_temp2p0_a0p25_b0p05__wd1e-04trmiss0_degmodglobal,8,5e-05,0.0001,0.4,2.0,0.25,0.05,lr5e-05_bs8_drop0p4_temp2p0_a0p25_b0p05__wd1e-04trmiss0_degmodglobal,33,0.6016503827912467,0.7437869608402252,0.3611111111111111,0.6222814222814224,0.6153846153846154,0.0,0.5764922797679901,0.5653143269675118,0.090898262070758,0.2722298971244267,0.0,0.0,0.0,0.0,0.0,18473,global,0.0
5,5,lr5e-05_bs8_drop0p4_temp2p0_a0p25_b0p05__wd1e-04trmiss0_degmodglobal,8,5e-05,0.0001,0.4,2.0,0.25,0.05,lr5e-05_bs8_drop0p4_temp2p0_a0p25_b0p05__wd1e-04trmiss0_degmodglobal,34,0.5661997709955487,0.7416703402996063,0.3611111111111111,0.6222814222814224,0.6153846153846154,0.0,0.5924356707504818,0.5316813332693917,0.08760484467659678,0.2523443762745176,0.0,0.0,0.0,0.0,0.0,18473,global,0.0
5,5,lr5e-05_bs8_drop0p4_temp2p0_a0p25_b0p05__wd1e-04trmiss0_degmodglobal,8,5e-05,0.0001,0.4,2.0,0.25,0.05,lr5e-05_bs8_drop0p4_temp2p0_a0p25_b0p05__wd1e-04trmiss0_degmodglobal,35,0.5793593696185521,0.742837518453598,0.3333333333333333,0.6123607873607873,0.6153846153846154,0.0,0.5802200266293117,0.5512491634913853,0.06649907784802574,0.22970859706401825,0.0,0.0,0.0,0.0,0.0,18473,global,0.0
5,5,lr5e-05_bs8_drop0p4_temp2p0_a0p25_b0p05__wd1e-04trmiss0_degmodglobal,8,5e-05,0.0001,0.4,2.0,0.25,0.05,lr5e-05_bs8_drop0p4_temp2p0_a0p25_b0p05__wd1e-04trmiss0_degmodglobal,36,0.5758822304861886,0.7405931055545807,0.38888888888888884,0.6315406815406817,0.6153846153846154,0.0,0.5652311486857278,0.5432714734758649,0.08613173876489912,0.22155675079141343,0.0,0.0,0.0,0.0,0.0,18473,global,0.0
5,5,lr5e-05_bs8_drop0p4_temp2p0_a0p25_b0p05__wd1e-04trmiss0_degmodglobal,8,5e-05,0.0001,0.4,2.0,0.25,0.05,lr5e-05_bs8_drop0p4_temp2p0_a0p25_b0p05__wd1e-04trmiss0_degmodglobal,37,0.5700883865356445,0.7405396997928619,0.38888888888888884,0.6315406815406817,0.6153846153846154,0.0,0.5875039526394435,0.5364857656615121,0.08499573330794062,0.2470737567969731,0.0,0.0,0.0,0.0,0.0,18473,global,0.0
5,5,lr5e-05_bs8_drop0p4_temp2p0_a0p25_b0p05__wd1e-04trmiss0_degmodglobal,8,5e-05,0.0001,0.4,2.0,0.25,0.05,lr5e-05_bs8_drop0p4_temp2p0_a0p25_b0p05__wd1e-04trmiss0_degmodglobal,38,0.601839005947113,0.7448351681232452,0.38888888888888884,0.6315406815406817,0.6153846153846154,0.0,0.5878009455544608,0.5597170804228101,0.09780536804880414,0.3534115787063326,0.0,0.0,0.0,0.0,0.0,18473,global,0.0
5,5,lr5e-05_bs8_drop0p4_temp2p0_a0p25_b0p05__wd1e-04trmiss0_degmodglobal,8,5e-05,0.0001,0.4,2.0,0.25,0.05,lr5e-05_bs8_drop0p4_temp2p0_a0p25_b0p05__wd1e-04trmiss0_degmodglobal,39,0.577744015625545,0.7424798309803009,0.3611111111111111,0.6222814222814224,0.6153846153846154,0.0,0.5619051541600909,0.5437028408050537,0.08144496008753777,0.27359876888138907,0.0,0.0,0.0,0.0,0.0,18473,global,0.0
5,5,lr5e-05_bs8_drop0p4_temp2p0_a0p25_b0p05__wd1e-04trmiss0_degmodglobal,8,5e-05,0.0001,0.4,2.0,0.25,0.05,lr5e-05_bs8_drop0p4_temp2p0_a0p25_b0p05__wd1e-04trmiss0_degmodglobal,40,0.5783952730042594,0.7409642338752747,0.3611111111111111,0.6222814222814224,0.6153846153846154,0.0,0.5933502401624408,0.5401278478758675,0.10049395476068769,0.2628786808678082,0.0,0.0,0.0,0.0,0.0,18473,global,0.0
5,5,lr5e-05_bs8_drop0p4_temp2p0_a0p25_b0p05__wd1e-04trmiss0_degmodglobal,8,5e-05,0.0001,0.4,2.0,0.25,0.05,lr5e-05_bs8_drop0p4_temp2p0_a0p25_b0p05__wd1e-04trmiss0_degmodglobal,41,0.5751516819000244,0.7449940741062164,0.3611111111111111,0.6222814222814224,0.6153846153846154,0.0,0.5951446039336068,0.5415446417672294,0.07933025274957929,0.27548968153340475,0.0,0.0,0.0,0.0,0.0,18473,global,0.0
5,5,lr5e-05_bs8_drop0p4_temp2p0_a0p25_b0p05__wd1e-04trmiss0_degmodglobal,8,5e-05,0.0001,0.4,2.0,0.25,0.05,lr5e-05_bs8_drop0p4_temp2p0_a0p25_b0p05__wd1e-04trmiss0_degmodglobal,42,0.5685286181313651,0.7463907301425934,0.38888888888888884,0.6315406815406817,0.6153846153846154,0.0,0.5587322030748639,0.5315255607877459,0.09456110798886844,0.2672557958534786,0.0,0.0,0.0,0.0,0.0,18473,global,0.0
5,5,lr5e-05_bs8_drop0p4_temp2p0_a0p25_b0p05__wd1e-04trmiss0_degmodglobal,8,5e-05,0.0001,0.4,2.0,0.25,0.05,lr5e-05_bs8_drop0p4_temp2p0_a0p25_b0p05__wd1e-04trmiss0_degmodglobal,43,0.572105986731393,0.745768278837204,0.38888888888888884,0.6315406815406817,0.6153846153846154,0.0,0.5690872243472508,0.543814310005733,0.07325944198029381,0.19953639486006328,0.0,0.0,0.0,0.0,0.0,18473,global,0.0
5,5,lr5e-05_bs8_drop0p4_temp2p0_a0p25_b0p05__wd1e-04trmiss0_degmodglobal,8,5e-05,0.0001,0.4,2.0,0.25,0.05,lr5e-05_bs8_drop0p4_temp2p0_a0p25_b0p05__wd1e-04trmiss0_degmodglobal,44,0.5665805169514248,0.743411123752594,0.3611111111111111,0.6222814222814224,0.6153846153846154,0.0,0.5652048076902118,0.5297334449631828,0.09568236182842936,0.25852945766278673,0.0,0.0,0.0,0.0,0.0,18473,global,0.0
5,5,lr5e-05_bs8_drop0p4_temp2p0_a0p25_b0p05__wd1e-04trmiss0_degmodglobal,8,5e-05,0.0001,0.4,2.0,0.25,0.05,lr5e-05_bs8_drop0p4_temp2p0_a0p25_b0p05__wd1e-04trmiss0_degmodglobal,45,0.5731366702488491,0.7402433454990387,0.3611111111111111,0.6222814222814224,0.6153846153846154,0.0,0.6002969826970782,0.5427274278232029,0.07527656640325274,0.231801943055221,0.0,0.0,0.0,0.0,0.0,18473,global,0.0
5,5,lr5e-05_bs8_drop0p4_temp2p0_a0p25_b0p05__wd1e-04trmiss0_degmodglobal,8,5e-05,0.0001,0.4,2.0,0.25,0.05,lr5e-05_bs8_drop0p4_temp2p0_a0p25_b0p05__wd1e-04trmiss0_degmodglobal,46,0.5946410894393921,0.7416156530380249,0.41666666666666663,0.6401826568493236,0.6153846153846154,0.0,0.5641433554036277,0.5710307615143912,0.060770268951143534,0.16835567674466542,0.0,0.0,0.0,0.0,0.0,18473,global,0.0
5,5,lr5e-05_bs8_drop0p4_temp2p0_a0p25_b0p05__wd1e-04trmiss0_degmodglobal,8,5e-05,0.0001,0.4,2.0,0.25,0.05,lr5e-05_bs8_drop0p4_temp2p0_a0p25_b0p05__wd1e-04trmiss0_degmodglobal,47,0.5638424839292254,0.7406625151634216,0.38888888888888884,0.6315406815406817,0.6153846153846154,0.0,0.5464731667722974,0.5259660823004586,0.09228149641837392,0.2961206500019346,0.0,0.0,0.0,0.0,0.0,18473,global,0.0
5,5,lr5e-05_bs8_drop0p4_temp2p0_a0p25_b0p05__wd1e-04trmiss0_degmodglobal,8,5e-05,0.0001,0.4,2.0,0.25,0.05,lr5e-05_bs8_drop0p4_temp2p0_a0p25_b0p05__wd1e-04trmiss0_degmodglobal,48,0.5775058695248195,0.7439419329166412,0.3611111111111111,0.6222814222814224,0.6153846153846154,0.0,0.5868049306528909,0.5367976725101471,0.1043953432568482,0.29218734375068117,0.0,0.0,0.0,0.0,0.0,18473,global,0.0
5,5,lr5e-05_bs8_drop0p4_temp2p0_a0p25_b0p05__wd1e-04trmiss0_degmodglobal,8,5e-05,0.0001,0.4,2.0,0.25,0.05,lr5e-05_bs8_drop0p4_temp2p0_a0p25_b0p05__wd1e-04trmiss0_degmodglobal,49,0.5821182812963214,0.7417885065078735,0.3611111111111111,0.6222814222814224,0.6153846153846154,0.0,0.5453468263149261,0.5541852755205972,0.07706307566591672,0.17334448546171188,0.0,0.0,0.0,0.0,0.0,18473,global,0.0
5,5,lr5e-05_bs8_drop0p4_temp2p0_a0p25_b0p05__wd1e-04trmiss0_degmodglobal,8,5e-05,0.0001,0.4,2.0,0.25,0.05,lr5e-05_bs8_drop0p4_temp2p0_a0p25_b0p05__wd1e-04trmiss0_degmodglobal,50,0.5918267113821847,0.7423352003097534,0.38888888888888884,0.6315406815406817,0.6153846153846154,0.0,0.5535448108400617,0.5636710098811558,0.07841971835919789,0.17101542332342692,0.0,0.0,0.0,0.0,0.0,18473,global,0.0
5,5,lr5e-05_bs8_drop0p4_temp2p0_a0p25_b0p05__wd1e-04trmiss0_degmodglobal,8,5e-05,0.0001,0.4,2.0,0.25,0.05,lr5e-05_bs8_drop0p4_temp2p0_a0p25_b0p05__wd1e-04trmiss0_degmodglobal,51,0.5474373698234558,0.7422026097774506,0.41666666666666663,0.6401826568493236,0.6153846153846154,0.0,0.5495343038014003,0.513134092092514,0.0831416632447924,0.2703572799052511,0.0,0.0,0.0,0.0,0.0,18473,global,0.0
5,5,lr5e-05_bs8_drop0p4_temp2p0_a0p25_b0p05__wd1e-04trmiss0_degmodglobal,8,5e-05,0.0001,0.4,2.0,0.25,0.05,lr5e-05_bs8_drop0p4_temp2p0_a0p25_b0p05__wd1e-04trmiss0_degmodglobal,52,0.5690639317035675,0.7408668696880341,0.38888888888888884,0.6315406815406817,0.6153846153846154,0.0,0.5584352953093392,0.5431881163801465,0.06881817749568395,0.17342528168644225,0.0,0.0,0.0,0.0,0.0,18473,global,0.0
5,5,lr5e-05_bs8_drop0p4_temp2p0_a0p25_b0p05__wd1e-04trmiss0_degmodglobal,8,5e-05,0.0001,0.4,2.0,0.25,0.05,lr5e-05_bs8_drop0p4_temp2p0_a0p25_b0p05__wd1e-04trmiss0_degmodglobal,53,0.5623409152030945,0.7406063079833984,0.38888888888888884,0.6315406815406817,0.6153846153846154,0.0,0.5885318177086967,0.5265782305172512,0.09421050282461303,0.24420095288327762,0.0,0.0,0.0,0.0,0.0,18473,global,0.0
5,5,lr5e-05_bs8_drop0p4_temp2p0_a0p25_b0p05__wd1e-04trmiss0_degmodglobal,8,5e-05,0.0001,0.4,2.0,0.25,0.05,lr5e-05_bs8_drop0p4_temp2p0_a0p25_b0p05__wd1e-04trmiss0_degmodglobal,54,0.5549830027988979,0.7378741204738617,0.38888888888888884,0.6315406815406817,0.6153846153846154,0.0,0.5420411569731576,0.5273595878056118,0.07161131820508412,0.19441196961062296,0.0,0.0,0.0,0.0,0.0,18473,global,0.0
5,5,lr5e-05_bs8_drop0p4_temp2p0_a0p25_b0p05__wd1e-04trmiss0_degmodglobal,8,5e-05,0.0001,0.4,2.0,0.25,0.05,lr5e-05_bs8_drop0p4_temp2p0_a0p25_b0p05__wd1e-04trmiss0_degmodglobal,55,0.5672482592718942,0.7405277192592621,0.3611111111111111,0.6222814222814224,0.6153846153846154,0.0,0.5473520585468837,0.5359110065868923,0.0786159597337246,0.23366511719567434,0.0,0.0,0.0,0.0,0.0,18473,global,0.0
5,5,lr5e-05_bs8_drop0p4_temp2p0_a0p25_b0p05__wd1e-04trmiss0_degmodglobal,8,5e-05,0.0001,0.4,2.0,0.25,0.05,lr5e-05_bs8_drop0p4_temp2p0_a0p25_b0p05__wd1e-04trmiss0_degmodglobal,56,0.5589619066034045,0.7396105229854584,0.3611111111111111,0.6222814222814224,0.6153846153846154,0.0,0.5386538335255214,0.5342375806399754,0.0665138087102345,0.16191726284367697,0.0,0.0,0.0,0.0,0.0,18473,global,0.0
5,5,lr5e-05_bs8_drop0p4_temp2p0_a0p25_b0p05__wd1e-04trmiss0_degmodglobal,8,5e-05,0.0001,0.4,2.0,0.25,0.05,lr5e-05_bs8_drop0p4_temp2p0_a0p25_b0p05__wd1e-04trmiss0_degmodglobal,57,0.5758225236620221,0.7402539849281311,0.3611111111111111,0.6222814222814224,0.6153846153846154,0.0,0.5858808500426156,0.5448030148233686,0.07565471050994736,0.24211685998099192,0.0,0.0,0.0,0.0,0.0,18473,global,0.0
5,5,lr5e-05_bs8_drop0p4_temp2p0_a0p25_b0p05__wd1e-04trmiss0_degmodglobal,8,5e-05,0.0001,0.4,2.0,0.25,0.05,lr5e-05_bs8_drop0p4_temp2p0_a0p25_b0p05__wd1e-04trmiss0_degmodglobal,58,0.5785147377422878,0.7401222586631775,0.3611111111111111,0.6222814222814224,0.6153846153846154,0.0,0.5452153853007725,0.5535685845783779,0.061576435076338906,0.19104085436889104,0.0,0.0,0.0,0.0,0.0,18473,global,0.0
5,5,lr5e-05_bs8_drop0p4_temp2p0_a0p25_b0p05__wd1e-04trmiss0_degmodglobal,8,5e-05,0.0001,0.4,2.0,0.25,0.05,lr5e-05_bs8_drop0p4_temp2p0_a0p25_b0p05__wd1e-04trmiss0_degmodglobal,59,0.5590163384165082,0.7415762841701508,0.3611111111111111,0.6222814222814224,0.6153846153846154,0.0,0.5396066776343754,0.533846059015819,0.06806479021906853,0.1630815640091896,0.0,0.0,0.0,0.0,0.0,18473,global,0.0
5,5,lr5e-05_bs8_drop0p4_temp2p0_a0p25_b0p05__wd1e-04trmiss0_degmodglobal,8,5e-05,0.0001,0.4,2.0,0.25,0.05,lr5e-05_bs8_drop0p4_temp2p0_a0p25_b0p05__wd1e-04trmiss0_degmodglobal,60,0.5733681406293597,0.7400108277797699,0.3611111111111111,0.6222814222814224,0.6153846153846154,0.0,0.5292633857045855,0.5322967171669006,0.10470766361270632,0.2978901607649667,0.0,0.0,0.0,0.0,0.0,18473,global,0.0
5,5,lr5e-05_bs8_drop0p4_temp2p0_a0p25_b0p05__wd1e-04trmiss0_degmodglobal,8,5e-05,0.0001,0.4,2.0,0.25,0.05,lr5e-05_bs8_drop0p4_temp2p0_a0p25_b0p05__wd1e-04trmiss0_degmodglobal,61,0.5894909075328282,0.7395398914813995,0.3611111111111111,0.6222814222814224,0.6153846153846154,0.0,0.560381429536002,0.5599473459380013,0.07536945598466056,0.21402421540447644,0.0,0.0,0.0,0.0,0.0,18473,global,0.0
5,5,lr5e-05_bs8_drop0p4_temp2p0_a0p25_b0p05__wd1e-04trmiss0_degmodglobal,8,5e-05,0.0001,0.4,2.0,0.25,0.05,lr5e-05_bs8_drop0p4_temp2p0_a0p25_b0p05__wd1e-04trmiss0_degmodglobal,62,0.5856751884732928,0.7385779619216919,0.3611111111111111,0.6222814222814224,0.6153846153846154,0.0,0.546538165637425,0.5476815615381513,0.09699176251888275,0.27491363883018494,0.0,0.0,0.0,0.0,0.0,18473,global,0.0
5,5,lr5e-05_bs8_drop0p4_temp2p0_a0p25_b0p05__wd1e-04trmiss0_degmodglobal,8,5e-05,0.0001,0.4,2.0,0.25,0.05,lr5e-05_bs8_drop0p4_temp2p0_a0p25_b0p05__wd1e-04trmiss0_degmodglobal,63,0.5823951874460492,0.7393196225166321,0.3611111111111111,0.6222814222814224,0.6153846153846154,0.0,0.5502465239592961,0.5504336612565177,0.07959212602249213,0.2412700653076172,0.0,0.0,0.0,0.0,0.0,18473,global,0.0
5,5,lr5e-05_bs8_drop0p4_temp2p0_a0p25_b0p05__wd1e-04trmiss0_degmodglobal,8,5e-05,0.0001,0.4,2.0,0.25,0.05,lr5e-05_bs8_drop0p4_temp2p0_a0p25_b0p05__wd1e-04trmiss0_degmodglobal,64,0.5713903989110675,0.7384033501148224,0.3611111111111111,0.6222814222814224,0.6153846153846154,0.0,0.5525307783058712,0.5413053589207786,0.0748379219855581,0.2275113325033869,0.0,0.0,0.0,0.0,0.0,18473,global,0.0
5,5,lr5e-05_bs8_drop0p4_temp2p0_a0p25_b0p05__wd1e-04trmiss0_degmodglobal,8,5e-05,0.0001,0.4,2.0,0.25,0.05,lr5e-05_bs8_drop0p4_temp2p0_a0p25_b0p05__wd1e-04trmiss0_degmodglobal,65,0.5839460236685616,0.7387441396713257,0.3611111111111111,0.6222814222814224,0.6153846153846154,0.0,0.5479903646877834,0.5495548844337463,0.08694426768592425,0.2531013808080128,0.0,0.0,0.0,0.0,0.0,18473,global,0.0
5,5,lr5e-05_bs8_drop0p4_temp2p0_a0p25_b0p05__wd1e-04trmiss0_degmodglobal,8,5e-05,0.0001,0.4,2.0,0.25,0.05,lr5e-05_bs8_drop0p4_temp2p0_a0p25_b0p05__wd1e-04trmiss0_degmodglobal,66,0.553142215524401,0.7405598163604736,0.3611111111111111,0.6222814222814224,0.6153846153846154,0.0,0.5462848842144012,0.5251876754420144,0.07353587581643037,0.1914116750870432,0.0,0.0,0.0,0.0,0.0,18473,global,0.0
5,5,lr1e-05_bs8_drop0p2_temp1p0_a0p25_b0p05__wd1e-04trmiss0_degmodglobal,8,1e-05,0.0001,0.2,1.0,0.25,0.05,lr1e-05_bs8_drop0p2_temp1p0_a0p25_b0p05__wd1e-04trmiss0_degmodglobal,1,0.714173938546862,0.6707131862640381,0.5555555555555556,0.7926517926517926,0.6153846153846154,0.0,0.7055878894669669,0.6979042036192757,0.044720734868730815,0.101790970989636,0.0,0.0,0.0,0.0,0.0,18473,global,0.0
5,5,lr1e-05_bs8_drop0p2_temp1p0_a0p25_b0p05__wd1e-04trmiss0_degmodglobal,8,1e-05,0.0001,0.2,1.0,0.25,0.05,lr1e-05_bs8_drop0p2_temp1p0_a0p25_b0p05__wd1e-04trmiss0_degmodglobal,2,0.6887425609997341,0.6674464643001556,0.5833333333333334,0.8012937679604346,0.6923076923076923,0.0,0.6764554807118007,0.674051719052451,0.04284327636872019,0.07960051830325808,0.0,0.0,0.0,0.0,0.0,18473,global,0.0
5,5,lr1e-05_bs8_drop0p2_temp1p0_a0p25_b0p05__wd1e-04trmiss0_degmodglobal,8,1e-05,0.0001,0.2,1.0,0.25,0.05,lr1e-05_bs8_drop0p2_temp1p0_a0p25_b0p05__wd1e-04trmiss0_degmodglobal,3,0.6828906961849758,0.6643349230289459,0.5833333333333334,0.8012937679604346,0.6153846153846154,0.0,0.6708804368972778,0.670458333832877,0.03744401676314218,0.061427079141139984,0.0,0.0,0.0,0.0,0.0,18473,global,0.0
5,5,lr1e-05_bs8_drop0p2_temp1p0_a0p25_b0p05__wd1e-04trmiss0_degmodglobal,8,1e-05,0.0001,0.2,1.0,0.25,0.05,lr1e-05_bs8_drop0p2_temp1p0_a0p25_b0p05__wd1e-04trmiss0_degmodglobal,4,0.6716057658195496,0.6653837859630585,0.5833333333333333,0.8142567309233977,0.6153846153846154,0.0,0.6769885420799255,0.6564335823059082,0.038171007963163514,0.11258851630347115,0.0,0.0,0.0,0.0,0.0,18473,global,0.0
5,5,lr1e-05_bs8_drop0p2_temp1p0_a0p25_b0p05__wd1e-04trmiss0_degmodglobal,8,1e-05,0.0001,0.2,1.0,0.25,0.05,lr1e-05_bs8_drop0p2_temp1p0_a0p25_b0p05__wd1e-04trmiss0_degmodglobal,5,0.6810155255453927,0.6682058870792389,0.5277777777777778,0.798880748880749,0.6153846153846154,0.0,0.6713000195366996,0.665468156337738,0.04158972656088216,0.10299875986363206,0.0,0.0,0.0,0.0,0.0,18473,global,0.0
5,5,lr1e-05_bs8_drop0p2_temp1p0_a0p25_b0p05__wd1e-04trmiss0_degmodglobal,8,1e-05,0.0001,0.2,1.0,0.25,0.05,lr1e-05_bs8_drop0p2_temp1p0_a0p25_b0p05__wd1e-04trmiss0_degmodglobal,6,0.6636666570390973,0.6696609854698181,0.4722222222222222,0.7640322640322641,0.6153846153846154,0.0,0.6569948792457581,0.6503697804042271,0.038636132808668275,0.0727566834539175,0.0,0.0,0.0,0.0,0.0,18473,global,0.0
5,5,lr1e-05_bs8_drop0p2_temp1p0_a0p25_b0p05__wd1e-04trmiss0_degmodglobal,8,1e-05,0.0001,0.2,1.0,0.25,0.05,lr1e-05_bs8_drop0p2_temp1p0_a0p25_b0p05__wd1e-04trmiss0_degmodglobal,7,0.6389647466795785,0.6701569855213165,0.5,0.7711029711029711,0.6153846153846154,0.0,0.6551633136613029,0.6214146018028259,0.047882642064775736,0.11158942856958934,0.0,0.0,0.0,0.0,0.0,18473,global,0.0
5,5,lr1e-05_bs8_drop0p2_temp1p0_a0p25_b0p05__wd1e-04trmiss0_degmodglobal,8,1e-05,0.0001,0.2,1.0,0.25,0.05,lr1e-05_bs8_drop0p2_temp1p0_a0p25_b0p05__wd1e-04trmiss0_degmodglobal,8,0.6585792217935834,0.6723083257675171,0.4722222222222222,0.7340659340659341,0.6153846153846154,0.0,0.6490947774478367,0.6403038927486965,0.04792223604662078,0.12589580885001592,0.0,0.0,0.0,0.0,0.0,18473,global,0.0
5,5,lr1e-05_bs8_drop0p2_temp1p0_a0p25_b0p05__wd1e-04trmiss0_degmodglobal,8,1e-05,0.0001,0.2,1.0,0.25,0.05,lr1e-05_bs8_drop0p2_temp1p0_a0p25_b0p05__wd1e-04trmiss0_degmodglobal,9,0.6628927418163845,0.6761488616466522,0.38888888888888884,0.7043040293040292,0.6153846153846154,0.0,0.6312275784356254,0.6485820753233773,0.04206723081214087,0.0758774924491133,0.0,0.0,0.0,0.0,0.0,18473,global,0.0
5,5,lr1e-05_bs8_drop0p2_temp1p0_a0p25_b0p05__wd1e-04trmiss0_degmodglobal,8,1e-05,0.0001,0.2,1.0,0.25,0.05,lr1e-05_bs8_drop0p2_temp1p0_a0p25_b0p05__wd1e-04trmiss0_degmodglobal,10,0.6462902767317635,0.6739736497402191,0.41666666666666663,0.711038036038036,0.6153846153846154,0.0,0.6335793563297817,0.6320092763219561,0.0398680924304894,0.08627966897828239,0.0,0.0,0.0,0.0,0.0,18473,global,0.0
5,5,lr1e-05_bs8_drop0p2_temp1p0_a0p25_b0p05__wd1e-04trmiss0_degmodglobal,8,1e-05,0.0001,0.2,1.0,0.25,0.05,lr1e-05_bs8_drop0p2_temp1p0_a0p25_b0p05__wd1e-04trmiss0_degmodglobal,11,0.6591443845203945,0.6735888719558716,0.41666666666666663,0.711038036038036,0.6153846153846154,0.0,0.6437140703201294,0.644410959311894,0.04083228590232985,0.09050738252699375,0.0,0.0,0.0,0.0,0.0,18473,global,0.0
5,5,lr1e-05_bs8_drop0p2_temp1p0_a0p25_b0p05__wd1e-04trmiss0_degmodglobal,8,1e-05,0.0001,0.2,1.0,0.25,0.05,lr1e-05_bs8_drop0p2_temp1p0_a0p25_b0p05__wd1e-04trmiss0_degmodglobal,12,0.6473137651171003,0.6740391552448273,0.41666666666666663,0.711038036038036,0.6153846153846154,0.0,0.6116450258663723,0.6319275838988168,0.04215617371456964,0.09694292396306992,0.0,0.0,0.0,0.0,0.0,18473,global,0.0
5,5,lr1e-05_bs8_drop0p2_temp1p0_a0p25_b0p05__wd1e-04trmiss0_degmodglobal,8,1e-05,0.0001,0.2,1.0,0.25,0.05,lr1e-05_bs8_drop0p2_temp1p0_a0p25_b0p05__wd1e-04trmiss0_degmodglobal,13,0.6246426275798252,0.6787770688533783,0.41666666666666663,0.711038036038036,0.6153846153846154,0.0,0.619992094380515,0.6100725616727557,0.04096926748752594,0.08655472631965365,0.0,0.0,0.0,0.0,0.0,18473,global,0.0
5,5,lr1e-05_bs8_drop0p2_temp1p0_a0p25_b0p05__wd1e-04trmiss0_degmodglobal,8,1e-05,0.0001,0.2,1.0,0.25,0.05,lr1e-05_bs8_drop0p2_temp1p0_a0p25_b0p05__wd1e-04trmiss0_degmodglobal,14,0.645502609866006,0.6758197546005249,0.41666666666666663,0.711038036038036,0.6153846153846154,0.0,0.6015728626932416,0.6316661494118827,0.039926619668092043,0.07709561873759542,0.0,0.0,0.0,0.0,0.0,18473,global,0.0
5,5,lr1e-05_bs8_drop0p2_temp1p0_a0p25_b0p05__wd1e-04trmiss0_degmodglobal,8,1e-05,0.0001,0.2,1.0,0.25,0.05,lr1e-05_bs8_drop0p2_temp1p0_a0p25_b0p05__wd1e-04trmiss0_degmodglobal,15,0.6462218846593585,0.6788727045059204,0.41666666666666663,0.711038036038036,0.6153846153846154,0.0,0.6180510946682521,0.6329525027956281,0.03955993162734168,0.06758788121598107,0.0,0.0,0.0,0.0,0.0,18473,global,0.0
5,5,lr1e-05_bs8_drop0p2_temp1p0_a0p25_b0p05__wd1e-04trmiss0_degmodglobal,8,1e-05,0.0001,0.2,1.0,0.25,0.05,lr1e-05_bs8_drop0p2_temp1p0_a0p25_b0p05__wd1e-04trmiss0_degmodglobal,16,0.6289318033627102,0.6791670918464661,0.41666666666666663,0.711038036038036,0.6153846153846154,0.0,0.6129664097513471,0.6158931255340576,0.03784697875380516,0.07153850314872605,0.0,0.0,0.0,0.0,0.0,18473,global,0.0
5,5,lr1e-05_bs8_drop0p2_temp1p0_a0p25_b0p05__wd1e-04trmiss0_degmodglobal,8,1e-05,0.0001,0.2,1.0,0.25,0.05,lr1e-05_bs8_drop0p2_temp1p0_a0p25_b0p05__wd1e-04trmiss0_degmodglobal,17,0.6402737838881356,0.677571028470993,0.41666666666666663,0.711038036038036,0.6153846153846154,0.0,0.6019143632480076,0.6273943185806274,0.03792140047465052,0.06798219734004565,0.0,0.0,0.0,0.0,0.0,18473,global,0.0
5,5,lr1e-05_bs8_drop0p2_temp1p0_a0p25_b0p05__wd1e-04trmiss0_degmodglobal,8,1e-05,0.0001,0.2,1.0,0.25,0.05,lr1e-05_bs8_drop0p2_temp1p0_a0p25_b0p05__wd1e-04trmiss0_degmodglobal,18,0.6251172763960702,0.6742808818817139,0.41666666666666663,0.711038036038036,0.6153846153846154,0.0,0.5987403222492763,0.6099641663687569,0.04372058595929827,0.0844595916569233,0.0,0.0,0.0,0.0,0.0,18473,global,0.0
5,5,lr1e-05_bs8_drop0p2_temp1p0_a0p25_b0p05__wd1e-04trmiss0_degmodglobal,8,1e-05,0.0001,0.2,1.0,0.25,0.05,lr1e-05_bs8_drop0p2_temp1p0_a0p25_b0p05__wd1e-04trmiss0_degmodglobal,19,0.6401144777025495,0.6756176948547363,0.41666666666666663,0.711038036038036,0.6153846153846154,0.0,0.6034900971821376,0.6261722956384931,0.03930194463048663,0.08233385267002243,0.0,0.0,0.0,0.0,0.0,18473,global,0.0
5,5,lr1e-05_bs8_drop0p2_temp1p0_a0p25_b0p05__wd1e-04trmiss0_degmodglobal,8,1e-05,0.0001,0.2,1.0,0.25,0.05,lr1e-05_bs8_drop0p2_temp1p0_a0p25_b0p05__wd1e-04trmiss0_degmodglobal,20,0.6304822734424046,0.6769821345806122,0.41666666666666663,0.711038036038036,0.6153846153846154,0.0,0.5974588819912502,0.6157347219330924,0.04102478229573795,0.08982704047645841,0.0,0.0,0.0,0.0,0.0,18473,global,0.0
5,5,lr1e-05_bs8_drop0p2_temp1p0_a0p25_b0p05__wd1e-04trmiss0_degmodglobal,8,1e-05,0.0001,0.2,1.0,0.25,0.05,lr1e-05_bs8_drop0p2_temp1p0_a0p25_b0p05__wd1e-04trmiss0_degmodglobal,21,0.6357600433485848,0.6772261559963226,0.41666666666666663,0.711038036038036,0.6153846153846154,0.0,0.57696932554245,0.6203058276857648,0.04326721679951463,0.09274822313870702,0.0,0.0,0.0,0.0,0.0,18473,global,0.0
5,5,lr1e-05_bs8_drop0p2_temp1p0_a0p25_b0p05__wd1e-04trmiss0_degmodglobal,8,1e-05,0.0001,0.2,1.0,0.25,0.05,lr1e-05_bs8_drop0p2_temp1p0_a0p25_b0p05__wd1e-04trmiss0_degmodglobal,22,0.6386073231697083,0.6759848296642303,0.41666666666666663,0.711038036038036,0.6153846153846154,0.0,0.6033141953604562,0.6237115349088397,0.04073701479605266,0.09423090623957771,0.0,0.0,0.0,0.0,0.0,18473,global,0.0
5,5,lr1e-05_bs8_drop0p2_temp1p0_a0p25_b0p05__wd1e-04trmiss0_degmodglobal,8,1e-05,0.0001,0.2,1.0,0.25,0.05,lr1e-05_bs8_drop0p2_temp1p0_a0p25_b0p05__wd1e-04trmiss0_degmodglobal,23,0.6056318197931562,0.6754137873649597,0.41666666666666663,0.711038036038036,0.6153846153846154,0.0,0.5688168151038033,0.5869153397423881,0.05181829045925822,0.11523845259632383,0.0,0.0,0.0,0.0,0.0,18473,global,0.0
5,5,lr1e-05_bs8_drop0p2_temp1p0_a0p25_b0p05__wd1e-04trmiss0_degmodglobal,8,1e-05,0.0001,0.2,1.0,0.25,0.05,lr1e-05_bs8_drop0p2_temp1p0_a0p25_b0p05__wd1e-04trmiss0_degmodglobal,24,0.6260730113301959,0.6762821972370148,0.41666666666666663,0.711038036038036,0.6153846153846154,0.0,0.5596321310315814,0.6097836494445801,0.0499420953648431,0.0760769434273243,0.0,0.0,0.0,0.0,0.0,18473,global,0.0
5,5,lr1e-05_bs8_drop0p2_temp1p0_a0p25_b0p05__wd1e-04trmiss0_degmodglobal,8,1e-05,0.0001,0.2,1.0,0.25,0.05,lr1e-05_bs8_drop0p2_temp1p0_a0p25_b0p05__wd1e-04trmiss0_degmodglobal,25,0.6460330315998623,0.6746847927570343,0.41666666666666663,0.711038036038036,0.6153846153846154,0.0,0.5862742917878287,0.6311969331332615,0.04053108686847346,0.09406673535704613,0.0,0.0,0.0,0.0,0.0,18473,global,0.0
5,5,lr1e-05_bs8_drop0p2_temp2p0_a0p25_b0p05__wd1e-04trmiss0_degmodglobal,8,1e-05,0.0001,0.2,2.0,0.25,0.05,lr1e-05_bs8_drop0p2_temp2p0_a0p25_b0p05__wd1e-04trmiss0_degmodglobal,1,0.735758364200592,0.6958306729793549,0.6111111111111112,0.8355650522317191,0.5384615384615384,0.0,0.689076840877533,0.7167470625468663,0.05486910045146942,0.10588035413197108,0.0,0.0,0.0,0.0,0.0,18473,global,0.0
5,5,lr1e-05_bs8_drop0p2_temp2p0_a0p25_b0p05__wd1e-04trmiss0_degmodglobal,8,1e-05,0.0001,0.2,2.0,0.25,0.05,lr1e-05_bs8_drop0p2_temp2p0_a0p25_b0p05__wd1e-04trmiss0_degmodglobal,2,0.70310492174966,0.6895738244056702,0.5833333333333334,0.737901912901913,0.6153846153846154,0.0,0.6915397218295506,0.6851598194667271,0.05250537980880056,0.0963748579046556,0.0,0.0,0.0,0.0,0.0,18473,global,0.0
5,5,lr1e-05_bs8_drop0p2_temp2p0_a0p25_b0p05__wd1e-04trmiss0_degmodglobal,8,1e-05,0.0001,0.2,2.0,0.25,0.05,lr1e-05_bs8_drop0p2_temp2p0_a0p25_b0p05__wd1e-04trmiss0_degmodglobal,3,0.708322891167232,0.684407114982605,0.5833333333333334,0.737901912901913,0.6153846153846154,0.0,0.6936972481863839,0.6911756566592625,0.04640617886824267,0.11091425535934311,0.0,0.0,0.0,0.0,0.0,18473,global,0.0
5,5,lr1e-05_bs8_drop0p2_temp2p0_a0p25_b0p05__wd1e-04trmiss0_degmodglobal,8,1e-05,0.0001,0.2,2.0,0.25,0.05,lr1e-05_bs8_drop0p2_temp2p0_a0p25_b0p05__wd1e-04trmiss0_degmodglobal,4,0.6955466185297284,0.681871622800827,0.6388888888888888,0.8001914751914752,0.6153846153846154,0.0,0.6891885144369942,0.6815978799547467,0.040472609124013355,0.07661157633577075,0.0,0.0,0.0,0.0,0.0,18473,global,0.0
5,5,lr1e-05_bs8_drop0p2_temp2p0_a0p25_b0p05__wd1e-04trmiss0_degmodglobal,8,1e-05,0.0001,0.2,2.0,0.25,0.05,lr1e-05_bs8_drop0p2_temp2p0_a0p25_b0p05__wd1e-04trmiss0_degmodglobal,5,0.689562235559736,0.6810375452041626,0.6388888888888888,0.8001914751914752,0.6153846153846154,0.0,0.7028101938111442,0.6738073400088719,0.040975530232701986,0.11022008636168071,0.0,0.0,0.0,0.0,0.0,18473,global,0.0
5,5,lr1e-05_bs8_drop0p2_temp2p0_a0p25_b0p05__wd1e-04trmiss0_degmodglobal,8,1e-05,0.0001,0.2,2.0,0.25,0.05,lr1e-05_bs8_drop0p2_temp2p0_a0p25_b0p05__wd1e-04trmiss0_degmodglobal,6,0.6785031812531608,0.6803721487522125,0.6666666666666667,0.8066017316017318,0.6153846153846154,0.0,0.6808462738990784,0.6649715048926217,0.03657966612705162,0.08773517502205712,0.0,0.0,0.0,0.0,0.0,18473,global,0.0
5,5,lr1e-05_bs8_drop0p2_temp2p0_a0p25_b0p05__wd1e-04trmiss0_degmodglobal,8,1e-05,0.0001,0.2,2.0,0.25,0.05,lr1e-05_bs8_drop0p2_temp2p0_a0p25_b0p05__wd1e-04trmiss0_degmodglobal,7,0.707319336278098,0.6808120906352997,0.6388888888888888,0.7510461760461762,0.5384615384615384,0.0,0.6703246831893921,0.6929616246904645,0.040713137813976834,0.08358858738626752,0.0,0.0,0.0,0.0,0.0,18473,global,0.0
5,5,lr1e-05_bs8_drop0p2_temp2p0_a0p25_b0p05__wd1e-04trmiss0_degmodglobal,8,1e-05,0.0001,0.2,2.0,0.25,0.05,lr1e-05_bs8_drop0p2_temp2p0_a0p25_b0p05__wd1e-04trmiss0_degmodglobal,8,0.7052613496780396,0.6794012188911438,0.6388888888888888,0.7510461760461762,0.6153846153846154,0.0,0.6880351305007935,0.6903378878320966,0.04352521896362305,0.08084306599838394,0.0,0.0,0.0,0.0,0.0,18473,global,0.0
5,5,lr1e-05_bs8_drop0p2_temp2p0_a0p25_b0p05__wd1e-04trmiss0_degmodglobal,8,1e-05,0.0001,0.2,2.0,0.25,0.05,lr1e-05_bs8_drop0p2_temp2p0_a0p25_b0p05__wd1e-04trmiss0_degmodglobal,9,0.6949264662606376,0.6826891005039215,0.6388888888888888,0.7510461760461762,0.6153846153846154,0.0,0.6685351388795036,0.6795310207775661,0.04163079389504024,0.09975492422069822,0.0,0.0,0.0,0.0,0.0,18473,global,0.0
5,5,lr1e-05_bs8_drop0p2_temp2p0_a0p25_b0p05__wd1e-04trmiss0_degmodglobal,8,1e-05,0.0001,0.2,2.0,0.25,0.05,lr1e-05_bs8_drop0p2_temp2p0_a0p25_b0p05__wd1e-04trmiss0_degmodglobal,10,0.6866209592138018,0.6821279525756836,0.6388888888888888,0.7510461760461762,0.6153846153846154,0.0,0.6521727187292916,0.6722998448780605,0.04195619108421462,0.07664108755333084,0.0,0.0,0.0,0.0,0.0,18473,global,0.0
5,5,lr1e-05_bs8_drop0p2_temp2p0_a0p25_b0p05__wd1e-04trmiss0_degmodglobal,8,1e-05,0.0001,0.2,2.0,0.25,0.05,lr1e-05_bs8_drop0p2_temp2p0_a0p25_b0p05__wd1e-04trmiss0_degmodglobal,11,0.6730022941316877,0.681044727563858,0.6388888888888888,0.7510461760461762,0.6153846153846154,0.0,0.6802472387041364,0.6597796763692584,0.03887804624225412,0.07006199072514262,0.0,0.0,0.0,0.0,0.0,18473,global,0.0
5,5,lr1e-05_bs8_drop0p2_temp2p0_a0p25_b0p05__wd1e-04trmiss0_degmodglobal,8,1e-05,0.0001,0.2,2.0,0.25,0.05,lr1e-05_bs8_drop0p2_temp2p0_a0p25_b0p05__wd1e-04trmiss0_degmodglobal,12,0.6648111683981759,0.682755172252655,0.6666666666666666,0.7591269841269842,0.6153846153846154,0.0,0.6532951423100063,0.652926470552172,0.03338411769696644,0.07077349136982646,0.0,0.0,0.0,0.0,0.0,18473,global,0.0
5,5,lr1e-05_bs8_drop0p2_temp2p0_a0p25_b0p05__wd1e-04trmiss0_degmodglobal,8,1e-05,0.0001,0.2,2.0,0.25,0.05,lr1e-05_bs8_drop0p2_temp2p0_a0p25_b0p05__wd1e-04trmiss0_degmodglobal,13,0.6844078472682408,0.6834728121757507,0.6111111111111112,0.7364197530864198,0.6153846153846154,0.0,0.6315146514347622,0.6692524467195783,0.04287156728761537,0.08875020699841636,0.0,0.0,0.0,0.0,0.0,18473,global,0.0
5,5,lr1e-05_bs8_drop0p2_temp2p0_a0p25_b0p05__wd1e-04trmiss0_degmodglobal,8,1e-05,0.0001,0.2,2.0,0.25,0.05,lr1e-05_bs8_drop0p2_temp2p0_a0p25_b0p05__wd1e-04trmiss0_degmodglobal,14,0.681022652557918,0.6854173839092255,0.6111111111111112,0.7364197530864198,0.6153846153846154,0.0,0.6522861548832485,0.6685668230056763,0.03746511015508856,0.061790974012443,0.0,0.0,0.0,0.0,0.0,18473,global,0.0
5,5,lr1e-05_bs8_drop0p2_temp2p0_a0p25_b0p05__wd1e-04trmiss0_degmodglobal,8,1e-05,0.0001,0.2,2.0,0.25,0.05,lr1e-05_bs8_drop0p2_temp2p0_a0p25_b0p05__wd1e-04trmiss0_degmodglobal,15,0.6874232121876308,0.6777332127094269,0.6388888888888888,0.7483245149911817,0.6153846153846154,0.0,0.6615369405065264,0.6730472615786961,0.041738009612475126,0.07882908039859363,0.0,0.0,0.0,0.0,0.0,18473,global,0.0
5,5,lr1e-05_bs8_drop0p2_temp2p0_a0p25_b0p05__wd1e-04trmiss0_degmodglobal,8,1e-05,0.0001,0.2,2.0,0.25,0.05,lr1e-05_bs8_drop0p2_temp2p0_a0p25_b0p05__wd1e-04trmiss0_degmodglobal,16,0.6471063494682312,0.6715210676193237,0.6666666666666666,0.7559002725669393,0.6923076923076923,0.0,0.6401973281587873,0.6338757106236049,0.041579071432352066,0.05671753654522555,0.0,0.0,0.0,0.0,0.0,18473,global,0.0
5,5,lr1e-05_bs8_drop0p2_temp2p0_a0p25_b0p05__wd1e-04trmiss0_degmodglobal,8,1e-05,0.0001,0.2,2.0,0.25,0.05,lr1e-05_bs8_drop0p2_temp2p0_a0p25_b0p05__wd1e-04trmiss0_degmodglobal,17,0.6615226098469326,0.6731700897216797,0.6666666666666666,0.7559002725669393,0.6153846153846154,0.0,0.6551657063620431,0.6478948933737618,0.03861695820731776,0.07946975848504476,0.0,0.0,0.0,0.0,0.0,18473,global,0.0
5,5,lr1e-05_bs8_drop0p2_temp2p0_a0p25_b0p05__wd1e-04trmiss0_degmodglobal,8,1e-05,0.0001,0.2,2.0,0.25,0.05,lr1e-05_bs8_drop0p2_temp2p0_a0p25_b0p05__wd1e-04trmiss0_degmodglobal,18,0.652416637965611,0.6745719313621521,0.6666666666666666,0.7559002725669393,0.6153846153846154,0.0,0.6408758589199611,0.6381566269057137,0.04113149882427284,0.07954245167119163,0.0,0.0,0.0,0.0,0.0,18473,global,0.0
5,5,lr1e-05_bs8_drop0p2_temp2p0_a0p25_b0p05__wd1e-04trmiss0_degmodglobal,8,1e-05,0.0001,0.2,2.0,0.25,0.05,lr1e-05_bs8_drop0p2_temp2p0_a0p25_b0p05__wd1e-04trmiss0_degmodglobal,19,0.6599546841212681,0.6762801706790924,0.6666666666666666,0.7559002725669393,0.6153846153846154,0.0,0.6436886276517596,0.6462752819061279,0.039483130776456425,0.0761725695005485,0.0,0.0,0.0,0.0,0.0,18473,global,0.0
5,5,lr1e-05_bs8_drop0p2_temp2p0_a0p25_b0p05__wd1e-04trmiss0_degmodglobal,8,1e-05,0.0001,0.2,2.0,0.25,0.05,lr1e-05_bs8_drop0p2_temp2p0_a0p25_b0p05__wd1e-04trmiss0_degmodglobal,20,0.6566751939909798,0.673772931098938,0.6944444444444444,0.7667027417027418,0.6923076923076923,0.0,0.6412050638880048,0.642720912184034,0.040938716381788254,0.07439201564661094,0.0,0.0,0.0,0.0,0.0,18473,global,0.0
5,5,lr1e-05_bs8_drop0p2_temp2p0_a0p25_b0p05__wd1e-04trmiss0_degmodglobal,8,1e-05,0.0001,0.2,2.0,0.25,0.05,lr1e-05_bs8_drop0p2_temp2p0_a0p25_b0p05__wd1e-04trmiss0_degmodglobal,21,0.640593775681087,0.6750476956367493,0.6944444444444444,0.7667027417027418,0.6923076923076923,0.0,0.6202673656599862,0.6263418623379299,0.04094331445438521,0.08032156846352986,0.0,0.0,0.0,0.0,0.0,18473,global,0.0
5,5,lr1e-05_bs8_drop0p2_temp2p0_a0p25_b0p05__wd1e-04trmiss0_degmodglobal,8,1e-05,0.0001,0.2,2.0,0.25,0.05,lr1e-05_bs8_drop0p2_temp2p0_a0p25_b0p05__wd1e-04trmiss0_degmodglobal,22,0.6307774697031293,0.6761681735515594,0.6388888888888888,0.7483245149911817,0.6923076923076923,0.0,0.6288775886808123,0.6204153384481158,0.031443080199616294,0.05002710622336183,0.0,0.0,0.0,0.0,0.0,18473,global,0.0
5,5,lr1e-05_bs8_drop0p2_temp2p0_a0p25_b0p05__wd1e-04trmiss0_degmodglobal,8,1e-05,0.0001,0.2,2.0,0.25,0.05,lr1e-05_bs8_drop0p2_temp2p0_a0p25_b0p05__wd1e-04trmiss0_degmodglobal,23,0.6648680312292916,0.6830019354820251,0.6111111111111112,0.7307679974346641,0.6153846153846154,0.0,0.6281945705413818,0.6498193996293204,0.04110791693840708,0.09543309227696486,0.0,0.0,0.0,0.0,0.0,18473,global,0.0
5,5,lr1e-05_bs8_drop0p2_temp2p0_a0p25_b0p05__wd1e-04trmiss0_degmodglobal,8,1e-05,0.0001,0.2,2.0,0.25,0.05,lr1e-05_bs8_drop0p2_temp2p0_a0p25_b0p05__wd1e-04trmiss0_degmodglobal,24,0.6506189703941345,0.6767770349979401,0.6388888888888888,0.7439955106621774,0.6153846153846154,0.0,0.6241539120674133,0.6352990014212472,0.044577376384820254,0.08351218354489122,0.0,0.0,0.0,0.0,0.0,18473,global,0.0
5,5,lr1e-05_bs8_drop0p2_temp2p0_a0p25_b0p05__wd1e-04trmiss0_degmodglobal,8,1e-05,0.0001,0.2,2.0,0.25,0.05,lr1e-05_bs8_drop0p2_temp2p0_a0p25_b0p05__wd1e-04trmiss0_degmodglobal,25,0.6522789086614337,0.6786064207553864,0.6666666666666666,0.7559002725669393,0.6923076923076923,0.0,0.6327190314020429,0.6391812137195042,0.03845299381230559,0.06968891194888524,0.0,0.0,0.0,0.0,0.0,18473,global,0.0
5,5,lr1e-05_bs8_drop0p2_temp2p0_a0p25_b0p05__wd1e-04trmiss0_degmodglobal,8,1e-05,0.0001,0.2,2.0,0.25,0.05,lr1e-05_bs8_drop0p2_temp2p0_a0p25_b0p05__wd1e-04trmiss0_degmodglobal,26,0.6198388082640511,0.6774258017539978,0.6666666666666666,0.7559002725669393,0.6923076923076923,0.0,0.6052634290286473,0.6024397952216012,0.048158267246825356,0.1071886590548924,0.0,0.0,0.0,0.0,0.0,18473,global,0.0
5,5,lr1e-05_bs8_drop0p2_temp2p0_a0p25_b0p05__wd1e-04trmiss0_degmodglobal,8,1e-05,0.0001,0.2,2.0,0.25,0.05,lr1e-05_bs8_drop0p2_temp2p0_a0p25_b0p05__wd1e-04trmiss0_degmodglobal,27,0.6323620676994324,0.6749948263168335,0.6666666666666666,0.7559002725669393,0.6923076923076923,0.0,0.634178638458252,0.6167966723442078,0.044553231980119436,0.08854167003716741,0.0,0.0,0.0,0.0,0.0,18473,global,0.0
5,5,lr1e-05_bs8_drop0p2_temp2p0_a0p25_b0p05__wd1e-04trmiss0_degmodglobal,8,1e-05,0.0001,0.2,2.0,0.25,0.05,lr1e-05_bs8_drop0p2_temp2p0_a0p25_b0p05__wd1e-04trmiss0_degmodglobal,28,0.6586412787437439,0.675885021686554,0.6666666666666666,0.7559002725669393,0.6923076923076923,0.0,0.6237600190298898,0.6451001933642796,0.040216529475791116,0.06973894898380552,0.0,0.0,0.0,0.0,0.0,18473,global,0.0
5,5,lr1e-05_bs8_drop0p2_temp2p0_a0p25_b0p05__wd1e-04trmiss0_degmodglobal,8,1e-05,0.0001,0.2,2.0,0.25,0.05,lr1e-05_bs8_drop0p2_temp2p0_a0p25_b0p05__wd1e-04trmiss0_degmodglobal,29,0.6165330495153155,0.6789217889308929,0.6666666666666666,0.7559002725669393,0.6923076923076923,0.0,0.6142348391669137,0.599345896925245,0.04796725431723254,0.10390701357807432,0.0,0.0,0.0,0.0,0.0,18473,global,0.0
5,5,lr1e-05_bs8_drop0p2_temp2p0_a0p25_b0p05__wd1e-04trmiss0_degmodglobal,8,1e-05,0.0001,0.2,2.0,0.25,0.05,lr1e-05_bs8_drop0p2_temp2p0_a0p25_b0p05__wd1e-04trmiss0_degmodglobal,30,0.6226100495883397,0.6813831627368927,0.6666666666666666,0.7559002725669393,0.6923076923076923,0.0,0.6021377103669303,0.6085274730409894,0.03722448647022247,0.09552937879094056,0.0,0.0,0.0,0.0,0.0,18473,global,0.0
5,5,lr1e-05_bs8_drop0p2_temp2p0_a0p25_b0p05__wd1e-04trmiss0_degmodglobal,8,1e-05,0.0001,0.2,2.0,0.25,0.05,lr1e-05_bs8_drop0p2_temp2p0_a0p25_b0p05__wd1e-04trmiss0_degmodglobal,31,0.6406227690832955,0.6830823719501495,0.6666666666666666,0.7559002725669393,0.6923076923076923,0.0,0.6266989622797284,0.6250202740941729,0.04904284008911678,0.06683566261615072,0.0,0.0,0.0,0.0,0.0,18473,global,0.0
5,5,lr1e-05_bs8_drop0p2_temp2p0_a0p25_b0p05__wd1e-04trmiss0_degmodglobal,8,1e-05,0.0001,0.2,2.0,0.25,0.05,lr1e-05_bs8_drop0p2_temp2p0_a0p25_b0p05__wd1e-04trmiss0_degmodglobal,32,0.6280017920902797,0.6821046769618988,0.6666666666666666,0.7559002725669393,0.6923076923076923,0.0,0.6086808953966413,0.6107158490589687,0.04992049054375717,0.09611650982073375,0.0,0.0,0.0,0.0,0.0,18473,global,0.0
5,5,lr1e-05_bs8_drop0p2_temp2p0_a0p25_b0p05__wd1e-04trmiss0_degmodglobal,8,1e-05,0.0001,0.2,2.0,0.25,0.05,lr1e-05_bs8_drop0p2_temp2p0_a0p25_b0p05__wd1e-04trmiss0_degmodglobal,33,0.6176622084208897,0.6804698407649994,0.6666666666666666,0.7559002725669393,0.6153846153846154,0.0,0.5944083673613412,0.6041850447654724,0.04037807935050556,0.06765294287885938,0.0,0.0,0.0,0.0,0.0,18473,global,0.0
5,5,lr1e-05_bs8_drop0p2_temp2p0_a0p25_b0p05__wd1e-04trmiss0_degmodglobal,8,1e-05,0.0001,0.2,2.0,0.25,0.05,lr1e-05_bs8_drop0p2_temp2p0_a0p25_b0p05__wd1e-04trmiss0_degmodglobal,34,0.6361309800829206,0.6800323724746704,0.6388888888888888,0.7483245149911817,0.6923076923076923,0.0,0.6150987659181867,0.6231579269681659,0.038579589022057395,0.06656323320099286,0.0,0.0,0.0,0.0,0.0,18473,global,0.0
5,5,lr1e-05_bs8_drop0p2_temp2p0_a0p25_b0p05__wd1e-04trmiss0_degmodglobal,8,1e-05,0.0001,0.2,2.0,0.25,0.05,lr1e-05_bs8_drop0p2_temp2p0_a0p25_b0p05__wd1e-04trmiss0_degmodglobal,35,0.6343174151011876,0.6817479729652405,0.6666666666666666,0.7559002725669393,0.6923076923076923,0.0,0.5992358922958374,0.6195935266358512,0.04191856724875314,0.08488494530320168,0.0,0.0,0.0,0.0,0.0,18473,global,0.0
5,5,lr1e-05_bs8_drop0p2_temp2p0_a0p25_b0p05__wd1e-04trmiss0_degmodglobal,8,1e-05,0.0001,0.2,2.0,0.25,0.05,lr1e-05_bs8_drop0p2_temp2p0_a0p25_b0p05__wd1e-04trmiss0_degmodglobal,36,0.6472125819751194,0.6810319721698761,0.6388888888888888,0.7483245149911817,0.6923076923076923,0.0,0.6150208456175668,0.6317929455212185,0.04514428361185959,0.08267094434372016,0.0,0.0,0.0,0.0,0.0,18473,global,0.0
5,5,lr1e-05_bs8_drop0p2_temp2p0_a0p25_b0p05__wd1e-04trmiss0_degmodglobal,8,1e-05,0.0001,0.2,2.0,0.25,0.05,lr1e-05_bs8_drop0p2_temp2p0_a0p25_b0p05__wd1e-04trmiss0_degmodglobal,37,0.635593593120575,0.6787973642349243,0.6388888888888888,0.7483245149911817,0.6923076923076923,0.0,0.6019225716590881,0.6183549506323678,0.04950652617428984,0.09724017126219613,0.0,0.0,0.0,0.0,0.0,18473,global,0.0
5,5,lr1e-05_bs8_drop0p2_temp2p0_a0p25_b0p05__wd1e-04trmiss0_degmodglobal,8,1e-05,0.0001,0.2,2.0,0.25,0.05,lr1e-05_bs8_drop0p2_temp2p0_a0p25_b0p05__wd1e-04trmiss0_degmodglobal,38,0.6399331092834473,0.6783672869205475,0.6388888888888888,0.7483245149911817,0.6923076923076923,0.0,0.6083307095936367,0.6263063039098468,0.03850194652165685,0.08002648715462003,0.0,0.0,0.0,0.0,0.0,18473,global,0.0
5,5,lr1e-05_bs8_drop0p2_temp2p0_a0p25_b0p05__wd1e-04trmiss0_degmodglobal,8,1e-05,0.0001,0.2,2.0,0.25,0.05,lr1e-05_bs8_drop0p2_temp2p0_a0p25_b0p05__wd1e-04trmiss0_degmodglobal,39,0.6185413599014282,0.6756765246391296,0.6666666666666666,0.7559002725669393,0.6923076923076923,0.0,0.6124076502663749,0.6042446579251971,0.04134211183658668,0.07922355138829776,0.0,0.0,0.0,0.0,0.0,18473,global,0.0
5,5,lr1e-05_bs8_drop0p2_temp2p0_a0p25_b0p05__wd1e-04trmiss0_degmodglobal,8,1e-05,0.0001,0.2,2.0,0.25,0.05,lr1e-05_bs8_drop0p2_temp2p0_a0p25_b0p05__wd1e-04trmiss0_degmodglobal,40,0.6275839975902012,0.67817422747612,0.6666666666666666,0.7559002725669393,0.6923076923076923,0.0,0.6227106537137713,0.6127986907958984,0.04539211147597858,0.0687456444970199,0.0,0.0,0.0,0.0,0.0,18473,global,0.0
5,5,lr1e-05_bs8_drop0p4_temp1p0_a0p25_b0p05__wd1e-04trmiss0_degmodglobal,8,1e-05,0.0001,0.4,1.0,0.25,0.05,lr1e-05_bs8_drop0p4_temp1p0_a0p25_b0p05__wd1e-04trmiss0_degmodglobal,1,0.6963499358722142,0.6492624282836914,0.7222222222222222,0.7765792849126183,0.8461538461538461,0.0,0.698884904384613,0.6753889407430377,0.055445500782557895,0.1419921453510012,0.0,0.0,0.0,0.0,0.0,18473,global,0.0
5,5,lr1e-05_bs8_drop0p4_temp1p0_a0p25_b0p05__wd1e-04trmiss0_degmodglobal,8,1e-05,0.0001,0.4,1.0,0.25,0.05,lr1e-05_bs8_drop0p4_temp1p0_a0p25_b0p05__wd1e-04trmiss0_degmodglobal,2,0.7270560605185372,0.6443965137004852,0.75,0.7856701940035273,0.8461538461538461,0.0,0.7027843935149056,0.7073275446891785,0.05012843917523112,0.14392824417778424,0.0,0.0,0.0,0.0,0.0,18473,global,0.0
5,5,lr1e-05_bs8_drop0p4_temp1p0_a0p25_b0p05__wd1e-04trmiss0_degmodglobal,8,1e-05,0.0001,0.4,1.0,0.25,0.05,lr1e-05_bs8_drop0p4_temp1p0_a0p25_b0p05__wd1e-04trmiss0_degmodglobal,3,0.6911560722759792,0.6423779129981995,0.75,0.7856701940035273,0.8461538461538461,0.0,0.6933028697967529,0.6729916504451207,0.04740240770791258,0.12627620143549784,0.0,0.0,0.0,0.0,0.0,18473,global,0.0
5,5,lr1e-05_bs8_drop0p4_temp1p0_a0p25_b0p05__wd1e-04trmiss0_degmodglobal,8,1e-05,0.0001,0.4,1.0,0.25,0.05,lr1e-05_bs8_drop0p4_temp1p0_a0p25_b0p05__wd1e-04trmiss0_degmodglobal,4,0.673792839050293,0.6418323516845703,0.75,0.7856701940035273,0.8461538461538461,0.0,0.6477335521153041,0.6577474985803876,0.044133507779666355,0.10023948337350573,0.0,0.0,0.0,0.0,0.0,18473,global,0.0
5,5,lr1e-05_bs8_drop0p4_temp1p0_a0p25_b0p05__wd1e-04trmiss0_degmodglobal,8,1e-05,0.0001,0.4,1.0,0.25,0.05,lr1e-05_bs8_drop0p4_temp1p0_a0p25_b0p05__wd1e-04trmiss0_degmodglobal,5,0.6828814404351371,0.6415421962738037,0.75,0.7856701940035273,0.8461538461538461,0.0,0.6330540776252747,0.6627647280693054,0.05075854914528983,0.14854171872138977,0.0,0.0,0.0,0.0,0.0,18473,global,0.0
5,5,lr1e-05_bs8_drop0p4_temp1p0_a0p25_b0p05__wd1e-04trmiss0_degmodglobal,8,1e-05,0.0001,0.4,1.0,0.25,0.05,lr1e-05_bs8_drop0p4_temp1p0_a0p25_b0p05__wd1e-04trmiss0_degmodglobal,6,0.6974924802780151,0.6440102756023407,0.75,0.7856701940035273,0.8461538461538461,0.0,0.6411421895027161,0.6729213765689305,0.059853892241205485,0.1921524384192058,0.0,0.0,0.0,0.0,0.0,18473,global,0.0
5,5,lr1e-05_bs8_drop0p4_temp1p0_a0p25_b0p05__wd1e-04trmiss0_degmodglobal,8,1e-05,0.0001,0.4,1.0,0.25,0.05,lr1e-05_bs8_drop0p4_temp1p0_a0p25_b0p05__wd1e-04trmiss0_degmodglobal,7,0.6631444692611694,0.6448919177055359,0.75,0.7856701940035273,0.8461538461538461,0.0,0.6415025080953326,0.6416475091661725,0.05557405868811267,0.15206900877611979,0.0,0.0,0.0,0.0,0.0,18473,global,0.0
5,5,lr1e-05_bs8_drop0p4_temp1p0_a0p25_b0p05__wd1e-04trmiss0_degmodglobal,8,1e-05,0.0001,0.4,1.0,0.25,0.05,lr1e-05_bs8_drop0p4_temp1p0_a0p25_b0p05__wd1e-04trmiss0_degmodglobal,8,0.6729731389454433,0.6456535756587982,0.75,0.7856701940035273,0.8461538461538461,0.0,0.6294723067964826,0.6514168807438442,0.05781672788517816,0.14204166936022894,0.0,0.0,0.0,0.0,0.0,18473,global,0.0
5,5,lr1e-05_bs8_drop0p4_temp1p0_a0p25_b0p05__wd1e-04trmiss0_degmodglobal,8,1e-05,0.0001,0.4,1.0,0.25,0.05,lr1e-05_bs8_drop0p4_temp1p0_a0p25_b0p05__wd1e-04trmiss0_degmodglobal,9,0.6863598993846348,0.6456108391284943,0.75,0.7856701940035273,0.8461538461538461,0.0,0.6622369970594134,0.6640475647790092,0.058790434151887894,0.15229446760245732,0.0,0.0,0.0,0.0,0.0,18473,global,0.0
5,5,lr1e-05_bs8_drop0p4_temp1p0_a0p25_b0p05__wd1e-04trmiss0_degmodglobal,8,1e-05,0.0001,0.4,1.0,0.25,0.05,lr1e-05_bs8_drop0p4_temp1p0_a0p25_b0p05__wd1e-04trmiss0_degmodglobal,10,0.6789247904505048,0.6488609313964844,0.75,0.7856701940035273,0.7692307692307693,0.0,0.6181889602116176,0.6591672045843942,0.050041720803294866,0.1449430850999696,0.0,0.0,0.0,0.0,0.0,18473,global,0.0
5,5,lr1e-05_bs8_drop0p4_temp1p0_a0p25_b0p05__wd1e-04trmiss0_degmodglobal,8,1e-05,0.0001,0.4,1.0,0.25,0.05,lr1e-05_bs8_drop0p4_temp1p0_a0p25_b0p05__wd1e-04trmiss0_degmodglobal,11,0.6605790427752903,0.6494068205356598,0.75,0.7856701940035273,0.7692307692307693,0.0,0.620292740208762,0.6424295476504734,0.04619091509708336,0.13203508406877518,0.0,0.0,0.0,0.0,0.0,18473,global,0.0
5,5,lr1e-05_bs8_drop0p4_temp1p0_a0p25_b0p05__wd1e-04trmiss0_degmodglobal,8,1e-05,0.0001,0.4,1.0,0.25,0.05,lr1e-05_bs8_drop0p4_temp1p0_a0p25_b0p05__wd1e-04trmiss0_degmodglobal,12,0.6709862351417542,0.651594489812851,0.75,0.7856701940035273,0.6923076923076923,0.0,0.63949887241636,0.6450777053833008,0.06223328784108162,0.20700395213706152,0.0,0.0,0.0,0.0,0.0,18473,global,0.0
5,5,lr1e-05_bs8_drop0p4_temp1p0_a0p25_b0p05__wd1e-04trmiss0_degmodglobal,8,1e-05,0.0001,0.4,1.0,0.25,0.05,lr1e-05_bs8_drop0p4_temp1p0_a0p25_b0p05__wd1e-04trmiss0_degmodglobal,13,0.6800710899489266,0.6492139101028442,0.75,0.7856701940035273,0.8461538461538461,0.0,0.6702397465705872,0.6575706856591361,0.05645874461957386,0.16771408489772252,0.0,0.0,0.0,0.0,0.0,18473,global,0.0
5,5,lr1e-05_bs8_drop0p4_temp1p0_a0p25_b0p05__wd1e-04trmiss0_degmodglobal,8,1e-05,0.0001,0.4,1.0,0.25,0.05,lr1e-05_bs8_drop0p4_temp1p0_a0p25_b0p05__wd1e-04trmiss0_degmodglobal,14,0.6723718983786446,0.6510508060455322,0.75,0.7856701940035273,0.8461538461538461,0.0,0.6296606745038714,0.6475881082671029,0.06189198153359549,0.18621555822236197,0.0,0.0,0.0,0.0,0.0,18473,global,0.0
5,5,lr1e-05_bs8_drop0p4_temp1p0_a0p25_b0p05__wd1e-04trmiss0_degmodglobal,8,1e-05,0.0001,0.4,1.0,0.25,0.05,lr1e-05_bs8_drop0p4_temp1p0_a0p25_b0p05__wd1e-04trmiss0_degmodglobal,15,0.6886950901576451,0.652422159910202,0.75,0.7856701940035273,0.9230769230769231,0.0,0.6164733171463013,0.6666065284184047,0.056266666523047855,0.16043801126735552,0.0,0.0,0.0,0.0,0.0,18473,global,0.0
5,5,lr1e-05_bs8_drop0p4_temp1p0_a0p25_b0p05__wd1e-04trmiss0_degmodglobal,8,1e-05,0.0001,0.4,1.0,0.25,0.05,lr1e-05_bs8_drop0p4_temp1p0_a0p25_b0p05__wd1e-04trmiss0_degmodglobal,16,0.6846294232777187,0.6520592272281647,0.75,0.7856701940035273,0.9230769230769231,0.0,0.5929096000535148,0.6634620598384312,0.0524310613317149,0.16119220427104405,0.0,0.0,0.0,0.0,0.0,18473,global,0.0
5,5,lr1e-05_bs8_drop0p4_temp1p0_a0p25_b0p05__wd1e-04trmiss0_degmodglobal,8,1e-05,0.0001,0.4,1.0,0.25,0.05,lr1e-05_bs8_drop0p4_temp1p0_a0p25_b0p05__wd1e-04trmiss0_degmodglobal,17,0.6641133001872471,0.6512086391448975,0.75,0.7856701940035273,0.9230769230769231,0.0,0.630849438054221,0.645315306527274,0.04976725525089672,0.12712360173463821,0.0,0.0,0.0,0.0,0.0,18473,global,0.0
5,5,lr1e-05_bs8_drop0p4_temp1p0_a0p25_b0p05__wd1e-04trmiss0_degmodglobal,8,1e-05,0.0001,0.4,1.0,0.25,0.05,lr1e-05_bs8_drop0p4_temp1p0_a0p25_b0p05__wd1e-04trmiss0_degmodglobal,18,0.6564827561378479,0.6517049074172974,0.75,0.7856701940035273,0.9230769230769231,0.0,0.5976002727236066,0.6390488488333566,0.044313924121005197,0.12710826098918915,0.0,0.0,0.0,0.0,0.0,18473,global,0.0
5,5,lr1e-05_bs8_drop0p4_temp1p0_a0p25_b0p05__wd1e-04trmiss0_degmodglobal,8,1e-05,0.0001,0.4,1.0,0.25,0.05,lr1e-05_bs8_drop0p4_temp1p0_a0p25_b0p05__wd1e-04trmiss0_degmodglobal,19,0.6579450028283256,0.6525885164737701,0.75,0.7856701940035273,0.9230769230769231,0.0,0.5923169297831399,0.6379560232162476,0.050281847161906104,0.1483707076736859,0.0,0.0,0.0,0.0,0.0,18473,global,0.0
5,5,lr1e-05_bs8_drop0p4_temp1p0_a0p25_b0p05__wd1e-04trmiss0_degmodglobal,8,1e-05,0.0001,0.4,1.0,0.25,0.05,lr1e-05_bs8_drop0p4_temp1p0_a0p25_b0p05__wd1e-04trmiss0_degmodglobal,20,0.6419057760919843,0.6526948511600494,0.75,0.7856701940035273,0.9230769230769231,0.0,0.5965332048279899,0.6220646926334926,0.05232833033161504,0.13518001724566733,0.0,0.0,0.0,0.0,0.0,18473,global,0.0
5,5,lr1e-05_bs8_drop0p4_temp1p0_a0p25_b0p05__wd1e-04trmiss0_degmodglobal,8,1e-05,0.0001,0.4,1.0,0.25,0.05,lr1e-05_bs8_drop0p4_temp1p0_a0p25_b0p05__wd1e-04trmiss0_degmodglobal,21,0.6514630573136466,0.6538067162036896,0.75,0.7856701940035273,0.9230769230769231,0.0,0.592345118522644,0.6288537383079529,0.0544843998338495,0.17976446130446025,0.0,0.0,0.0,0.0,0.0,18473,global,0.0
5,5,lr1e-05_bs8_drop0p4_temp1p0_a0p25_b0p05__wd1e-04trmiss0_degmodglobal,8,1e-05,0.0001,0.4,1.0,0.25,0.05,lr1e-05_bs8_drop0p4_temp1p0_a0p25_b0p05__wd1e-04trmiss0_degmodglobal,22,0.6651755997112819,0.6532591283321381,0.75,0.7856701940035273,0.9230769230769231,0.0,0.5958808660507202,0.6387330123356411,0.07259248197078705,0.1658890438931329,0.0,0.0,0.0,0.0,0.0,18473,global,0.0
5,5,lr1e-05_bs8_drop0p4_temp1p0_a0p25_b0p05__wd1e-04trmiss0_degmodglobal,8,1e-05,0.0001,0.4,1.0,0.25,0.05,lr1e-05_bs8_drop0p4_temp1p0_a0p25_b0p05__wd1e-04trmiss0_degmodglobal,23,0.6640573143959045,0.6534459590911865,0.75,0.7856701940035273,0.9230769230769231,0.0,0.6092441763196673,0.6405114701816014,0.05617798918059894,0.1900268585554191,0.0,0.0,0.0,0.0,0.0,18473,global,0.0
5,5,lr1e-05_bs8_drop0p4_temp1p0_a0p25_b0p05__wd1e-04trmiss0_degmodglobal,8,1e-05,0.0001,0.4,1.0,0.25,0.05,lr1e-05_bs8_drop0p4_temp1p0_a0p25_b0p05__wd1e-04trmiss0_degmodglobal,24,0.6561246854918343,0.6529608070850372,0.75,0.7856701940035273,0.9230769230769231,0.0,0.6205701657703945,0.6355011633464268,0.05477849633565971,0.1385778257889407,0.0,0.0,0.0,0.0,0.0,18473,global,0.0
5,5,lr1e-05_bs8_drop0p4_temp1p0_a0p25_b0p05__wd1e-04trmiss0_degmodglobal,8,1e-05,0.0001,0.4,1.0,0.25,0.05,lr1e-05_bs8_drop0p4_temp1p0_a0p25_b0p05__wd1e-04trmiss0_degmodglobal,25,0.6438891632216317,0.6529859304428101,0.75,0.7856701940035273,0.8461538461538461,0.0,0.5885242394038609,0.621077937739236,0.06317584961652756,0.14034538928951537,0.0,0.0,0.0,0.0,0.0,18473,global,0.0
5,5,lr1e-05_bs8_drop0p4_temp2p0_a0p25_b0p05__wd1e-04trmiss0_degmodglobal,8,1e-05,0.0001,0.4,2.0,0.25,0.05,lr1e-05_bs8_drop0p4_temp2p0_a0p25_b0p05__wd1e-04trmiss0_degmodglobal,1,0.6959916438375201,0.6942834258079529,0.41666666666666663,0.7314084064084063,0.46153846153846156,0.0,0.664106377533504,0.6808601447514125,0.0402703412941524,0.10127820021339826,0.0,0.0,0.0,0.0,0.0,18473,global,0.0
5,5,lr1e-05_bs8_drop0p4_temp2p0_a0p25_b0p05__wd1e-04trmiss0_degmodglobal,8,1e-05,0.0001,0.4,2.0,0.25,0.05,lr1e-05_bs8_drop0p4_temp2p0_a0p25_b0p05__wd1e-04trmiss0_degmodglobal,2,0.7186958278928485,0.6949358284473419,0.4444444444444444,0.741990416990417,0.5384615384615384,0.0,0.6499491163662502,0.6979794076510838,0.05310659616121224,0.14879546580570086,0.0,0.0,0.0,0.0,0.0,18473,global,0.0
5,5,lr1e-05_bs8_drop0p4_temp2p0_a0p25_b0p05__wd1e-04trmiss0_degmodglobal,8,1e-05,0.0001,0.4,2.0,0.25,0.05,lr1e-05_bs8_drop0p4_temp2p0_a0p25_b0p05__wd1e-04trmiss0_degmodglobal,3,0.6933037042617798,0.6956901550292969,0.4444444444444444,0.741990416990417,0.5384615384615384,0.0,0.6668240598269871,0.677423255784171,0.04164875405175345,0.10936516310487475,0.0,0.0,0.0,0.0,0.0,18473,global,0.0
5,5,lr1e-05_bs8_drop0p4_temp2p0_a0p25_b0p05__wd1e-04trmiss0_degmodglobal,8,1e-05,0.0001,0.4,2.0,0.25,0.05,lr1e-05_bs8_drop0p4_temp2p0_a0p25_b0p05__wd1e-04trmiss0_degmodglobal,4,0.6967632089342389,0.6991068124771118,0.4444444444444444,0.741990416990417,0.5384615384615384,0.0,0.6572620953832354,0.678127646446228,0.04695892067892211,0.13791679271629878,0.0,0.0,0.0,0.0,0.0,18473,global,0.0
5,5,lr1e-05_bs8_drop0p4_temp2p0_a0p25_b0p05__wd1e-04trmiss0_degmodglobal,8,1e-05,0.0001,0.4,2.0,0.25,0.05,lr1e-05_bs8_drop0p4_temp2p0_a0p25_b0p05__wd1e-04trmiss0_degmodglobal,5,0.6870107225009373,0.6999443769454956,0.41666666666666663,0.7049533799533798,0.5384615384615384,0.0,0.6320893253598895,0.66555369751794,0.05469495164496558,0.15566579146044596,0.0,0.0,0.0,0.0,0.0,18473,global,0.0
5,5,lr1e-05_bs8_drop0p4_temp2p0_a0p25_b0p05__wd1e-04trmiss0_degmodglobal,8,1e-05,0.0001,0.4,2.0,0.25,0.05,lr1e-05_bs8_drop0p4_temp2p0_a0p25_b0p05__wd1e-04trmiss0_degmodglobal,6,0.7057580862726484,0.6974532008171082,0.41666666666666663,0.7049533799533798,0.5384615384615384,0.0,0.6688663278307233,0.6910125528063092,0.03728355573756354,0.1084929731275354,0.0,0.0,0.0,0.0,0.0,18473,global,0.0
5,5,lr1e-05_bs8_drop0p4_temp2p0_a0p25_b0p05__wd1e-04trmiss0_degmodglobal,8,1e-05,0.0001,0.4,2.0,0.25,0.05,lr1e-05_bs8_drop0p4_temp2p0_a0p25_b0p05__wd1e-04trmiss0_degmodglobal,7,0.6706515550613403,0.701254665851593,0.38888888888888884,0.6493978243978243,0.5384615384615384,0.0,0.662047266960144,0.6561184866087777,0.04180975817143917,0.08161269075104169,0.0,0.0,0.0,0.0,0.0,18473,global,0.0
5,5,lr1e-05_bs8_drop0p4_temp2p0_a0p25_b0p05__wd1e-04trmiss0_degmodglobal,8,1e-05,0.0001,0.4,2.0,0.25,0.05,lr1e-05_bs8_drop0p4_temp2p0_a0p25_b0p05__wd1e-04trmiss0_degmodglobal,8,0.6823653408459255,0.7003892362117767,0.36111111111111105,0.6388158138158138,0.5384615384615384,0.0,0.6405263457979474,0.6607416527611869,0.053185581362673214,0.16654592752456665,0.0,0.0,0.0,0.0,0.0,18473,global,0.0
5,5,lr1e-05_bs8_drop0p4_temp2p0_a0p25_b0p05__wd1e-04trmiss0_degmodglobal,8,1e-05,0.0001,0.4,2.0,0.25,0.05,lr1e-05_bs8_drop0p4_temp2p0_a0p25_b0p05__wd1e-04trmiss0_degmodglobal,9,0.6822958929198129,0.7025060653686523,0.36111111111111105,0.6388158138158138,0.5384615384615384,0.0,0.6270446521895272,0.6619892801557269,0.05076037320707526,0.1523306178195136,0.0,0.0,0.0,0.0,0.0,18473,global,0.0
5,5,lr1e-05_bs8_drop0p4_temp2p0_a0p25_b0p05__wd1e-04trmiss0_degmodglobal,8,1e-05,0.0001,0.4,2.0,0.25,0.05,lr1e-05_bs8_drop0p4_temp2p0_a0p25_b0p05__wd1e-04trmiss0_degmodglobal,10,0.6549800378935677,0.6998572051525116,0.41666666666666663,0.7049533799533798,0.5384615384615384,0.0,0.6428066747529166,0.637820439679282,0.04456742799707821,0.12035502067634038,0.0,0.0,0.0,0.0,0.0,18473,global,0.0
5,5,lr1e-05_bs8_drop0p4_temp2p0_a0p25_b0p05__wd1e-04trmiss0_degmodglobal,8,1e-05,0.0001,0.4,2.0,0.25,0.05,lr1e-05_bs8_drop0p4_temp2p0_a0p25_b0p05__wd1e-04trmiss0_degmodglobal,11,0.6880205699375698,0.6996572017669678,0.3333333333333333,0.6202972952972953,0.5384615384615384,0.0,0.6694756661142621,0.6709219898496356,0.04665710244859968,0.10868623852729797,0.0,0.0,0.0,0.0,0.0,18473,global,0.0
5,5,lr1e-05_bs8_drop0p4_temp2p0_a0p25_b0p05__wd1e-04trmiss0_degmodglobal,8,1e-05,0.0001,0.4,2.0,0.25,0.05,lr1e-05_bs8_drop0p4_temp2p0_a0p25_b0p05__wd1e-04trmiss0_degmodglobal,12,0.660937488079071,0.7000793218612671,0.3888888888888889,0.6407999407999408,0.5384615384615384,0.0,0.617413410118648,0.6448161091123309,0.04492373551641192,0.09780893421598844,0.0,0.0,0.0,0.0,0.0,18473,global,0.0
5,5,lr1e-05_bs8_drop0p4_temp2p0_a0p25_b0p05__wd1e-04trmiss0_degmodglobal,8,1e-05,0.0001,0.4,2.0,0.25,0.05,lr1e-05_bs8_drop0p4_temp2p0_a0p25_b0p05__wd1e-04trmiss0_degmodglobal,13,0.6673312783241272,0.7037878334522247,0.3611111111111111,0.6308793058793059,0.5384615384615384,0.0,0.6296038712774005,0.6530996986797878,0.041319221524255614,0.07803533811654363,0.0,0.0,0.0,0.0,0.0,18473,global,0.0
5,5,lr1e-05_bs8_drop0p4_temp2p0_a0p25_b0p05__wd1e-04trmiss0_degmodglobal,8,1e-05,0.0001,0.4,2.0,0.25,0.05,lr1e-05_bs8_drop0p4_temp2p0_a0p25_b0p05__wd1e-04trmiss0_degmodglobal,14,0.6865710190364293,0.7061761021614075,0.3611111111111111,0.6308793058793059,0.5384615384615384,0.0,0.631271209035601,0.6641496164458138,0.060747824875371795,0.14468878614051,0.0,0.0,0.0,0.0,0.0,18473,global,0.0
5,5,lr1e-05_bs8_drop0p4_temp2p0_a0p25_b0p05__wd1e-04trmiss0_degmodglobal,8,1e-05,0.0001,0.4,2.0,0.25,0.05,lr1e-05_bs8_drop0p4_temp2p0_a0p25_b0p05__wd1e-04trmiss0_degmodglobal,15,0.6625231589589801,0.7044268250465393,0.3611111111111111,0.6308793058793059,0.5384615384615384,0.0,0.626247661454337,0.6442361388887677,0.04978332083140101,0.11682402076465744,0.0,0.0,0.0,0.0,0.0,18473,global,0.0
5,5,lr1e-05_bs8_drop0p4_temp2p0_a0p25_b0p05__wd1e-04trmiss0_degmodglobal,8,1e-05,0.0001,0.4,2.0,0.25,0.05,lr1e-05_bs8_drop0p4_temp2p0_a0p25_b0p05__wd1e-04trmiss0_degmodglobal,16,0.6547984566007342,0.7032780647277832,0.3611111111111111,0.6308793058793059,0.5384615384615384,0.0,0.6342072401727948,0.6325422525405884,0.05662900102990014,0.16197902922119414,0.0,0.0,0.0,0.0,0.0,18473,global,0.0
5,5,lr1e-05_bs8_drop0p4_temp2p0_a0p25_b0p05__wd1e-04trmiss0_degmodglobal,8,1e-05,0.0001,0.4,2.0,0.25,0.05,lr1e-05_bs8_drop0p4_temp2p0_a0p25_b0p05__wd1e-04trmiss0_degmodglobal,17,0.6530668565205165,0.7017537653446198,0.3611111111111111,0.6308793058793059,0.5384615384615384,0.0,0.5876484513282776,0.6381659848349435,0.0428304062890155,0.08386547278080668,0.0,0.0,0.0,0.0,0.0,18473,global,0.0
5,5,lr1e-05_bs8_drop0p4_temp2p0_a0p25_b0p05__wd1e-04trmiss0_degmodglobal,8,1e-05,0.0001,0.4,2.0,0.25,0.05,lr1e-05_bs8_drop0p4_temp2p0_a0p25_b0p05__wd1e-04trmiss0_degmodglobal,18,0.6691863451685224,0.7030950486660004,0.3611111111111111,0.6308793058793059,0.5384615384615384,0.0,0.6201673150062561,0.6503709469522748,0.04938372437443052,0.12938939141375677,0.0,0.0,0.0,0.0,0.0,18473,global,0.0
5,5,lr1e-05_bs8_drop0p4_temp2p0_a0p25_b0p05__wd1e-04trmiss0_degmodglobal,8,1e-05,0.0001,0.4,2.0,0.25,0.05,lr1e-05_bs8_drop0p4_temp2p0_a0p25_b0p05__wd1e-04trmiss0_degmodglobal,19,0.6394603082111904,0.7012627124786377,0.3611111111111111,0.6308793058793059,0.5384615384615384,0.0,0.6114353537559509,0.6210636496543884,0.04954011259334428,0.12023241285766874,0.0,0.0,0.0,0.0,0.0,18473,global,0.0
5,5,lr1e-05_bs8_drop0p4_temp2p0_a0p25_b0p05__wd1e-04trmiss0_degmodglobal,8,1e-05,0.0001,0.4,2.0,0.25,0.05,lr1e-05_bs8_drop0p4_temp2p0_a0p25_b0p05__wd1e-04trmiss0_degmodglobal,20,0.6505470105579921,0.7028404772281647,0.3611111111111111,0.6308793058793059,0.5384615384615384,0.0,0.6038040263312203,0.6323361822537014,0.05019763857126236,0.11322841101459094,0.0,0.0,0.0,0.0,0.0,18473,global,0.0
5,5,lr1e-05_bs8_drop0p4_temp2p0_a0p25_b0p05__wd1e-04trmiss0_degmodglobal,8,1e-05,0.0001,0.4,2.0,0.25,0.05,lr1e-05_bs8_drop0p4_temp2p0_a0p25_b0p05__wd1e-04trmiss0_degmodglobal,21,0.6544786180768695,0.7030855417251587,0.3611111111111111,0.6308793058793059,0.5384615384615384,0.0,0.6213979550770351,0.6363927125930786,0.04814226020659719,0.12100722108568464,0.0,0.0,0.0,0.0,0.0,18473,global,0.0
5,5,lr1e-05_bs8_drop0p4_temp2p0_a0p25_b0p05__wd1e-04trmiss0_degmodglobal,8,1e-05,0.0001,0.4,2.0,0.25,0.05,lr1e-05_bs8_drop0p4_temp2p0_a0p25_b0p05__wd1e-04trmiss0_degmodglobal,22,0.6427039504051208,0.7032678723335266,0.3611111111111111,0.6308793058793059,0.5384615384615384,0.0,0.6219260181699481,0.624051068510328,0.05053783394396305,0.12036845886281558,0.0,0.0,0.0,0.0,0.0,18473,global,0.0
5,5,lr1e-05_bs8_drop0p4_temp2p0_a0p25_b0p05__wd1e-04trmiss0_degmodglobal,8,1e-05,0.0001,0.4,2.0,0.25,0.05,lr1e-05_bs8_drop0p4_temp2p0_a0p25_b0p05__wd1e-04trmiss0_degmodglobal,23,0.6498738867895943,0.7027201652526855,0.3611111111111111,0.6308793058793059,0.5384615384615384,0.0,0.5978725893156869,0.63338531766619,0.041879069592271535,0.12037585941808564,0.0,0.0,0.0,0.0,0.0,18473,global,0.0
5,5,lr1e-05_bs8_drop0p4_temp2p0_a0p25_b0p05__wd1e-04trmiss0_degmodglobal,8,1e-05,0.0001,0.4,2.0,0.25,0.05,lr1e-05_bs8_drop0p4_temp2p0_a0p25_b0p05__wd1e-04trmiss0_degmodglobal,24,0.653916963509151,0.7020524144172668,0.3611111111111111,0.6308793058793059,0.5384615384615384,0.0,0.599730806691306,0.6375645484243121,0.04186401196888515,0.11772810561316353,0.0,0.0,0.0,0.0,0.0,18473,global,0.0
5,5,lr1e-05_bs8_drop0p4_temp2p0_a0p25_b0p05__wd1e-04trmiss0_degmodglobal,8,1e-05,0.0001,0.4,2.0,0.25,0.05,lr1e-05_bs8_drop0p4_temp2p0_a0p25_b0p05__wd1e-04trmiss0_degmodglobal,25,0.6663760798318046,0.7018447816371918,0.3611111111111111,0.6308793058793059,0.5384615384615384,0.0,0.6145597355706351,0.6400047625814166,0.06793872267007828,0.18773276039532252,0.0,0.0,0.0,0.0,0.0,18473,global,0.0
5,5,lr1e-05_bs8_drop0p4_temp2p0_a0p25_b0p05__wd1e-04trmiss0_degmodglobal,8,1e-05,0.0001,0.4,2.0,0.25,0.05,lr1e-05_bs8_drop0p4_temp2p0_a0p25_b0p05__wd1e-04trmiss0_degmodglobal,26,0.664673524243491,0.7042184770107269,0.3611111111111111,0.6308793058793059,0.5384615384615384,0.0,0.6042260357311794,0.6458162409918649,0.04852157086133957,0.13453772557633265,0.0,0.0,0.0,0.0,0.0,18473,global,0.0
5,5,lr1e-04_bs16_drop0p2_temp1p0_a0p25_b0p05__wd1e-04trmiss0_degmodglobal,16,0.0001,0.0001,0.2,1.0,0.25,0.05,lr1e-04_bs16_drop0p2_temp1p0_a0p25_b0p05__wd1e-04trmiss0_degmodglobal,1,0.7037534862756729,0.6851029396057129,0.6111111111111112,0.8539793539793541,0.46153846153846156,0.0,0.6560860127210617,0.6871836930513382,0.03844126360490918,0.13918986916542053,0.0,0.0,0.0,0.0,0.0,18473,global,0.0
5,5,lr1e-04_bs16_drop0p2_temp1p0_a0p25_b0p05__wd1e-04trmiss0_degmodglobal,16,0.0001,0.0001,0.2,1.0,0.25,0.05,lr1e-04_bs16_drop0p2_temp1p0_a0p25_b0p05__wd1e-04trmiss0_degmodglobal,2,0.6624526083469391,0.6829706430435181,0.5555555555555556,0.8328153328153329,0.5384615384615384,0.0,0.6170972287654877,0.649701401591301,0.030625743325799704,0.10189530998468399,0.0,0.0,0.0,0.0,0.0,18473,global,0.0
5,5,lr1e-04_bs16_drop0p2_temp1p0_a0p25_b0p05__wd1e-04trmiss0_degmodglobal,16,0.0001,0.0001,0.2,1.0,0.25,0.05,lr1e-04_bs16_drop0p2_temp1p0_a0p25_b0p05__wd1e-04trmiss0_degmodglobal,3,0.6461930125951767,0.681430995464325,0.5277777777777778,0.8044363044363045,0.5384615384615384,0.0,0.6052912622690201,0.63410684466362,0.02921729115769267,0.09563673427328467,0.0,0.0,0.0,0.0,0.0,18473,global,0.0
5,5,lr1e-04_bs16_drop0p2_temp1p0_a0p25_b0p05__wd1e-04trmiss0_degmodglobal,16,0.0001,0.0001,0.2,1.0,0.25,0.05,lr1e-04_bs16_drop0p2_temp1p0_a0p25_b0p05__wd1e-04trmiss0_degmodglobal,4,0.6525701731443405,0.7013277411460876,0.4166666666666667,0.7148860398860399,0.46153846153846156,0.0,0.6040483117103577,0.6402048617601395,0.03210439346730709,0.08678414672613144,0.0,0.0,0.0,0.0,0.0,18473,global,0.0
5,5,lr1e-04_bs16_drop0p2_temp1p0_a0p25_b0p05__wd1e-04trmiss0_degmodglobal,16,0.0001,0.0001,0.2,1.0,0.25,0.05,lr1e-04_bs16_drop0p2_temp1p0_a0p25_b0p05__wd1e-04trmiss0_degmodglobal,5,0.6079042553901672,0.712469220161438,0.38888888888888884,0.6943713693713693,0.38461538461538464,0.0,0.5546834170818329,0.5904970318078995,0.0416549826040864,0.13986960798501968,0.0,0.0,0.0,0.0,0.0,18473,global,0.0
5,5,lr1e-04_bs16_drop0p2_temp1p0_a0p25_b0p05__wd1e-04trmiss0_degmodglobal,16,0.0001,0.0001,0.2,1.0,0.25,0.05,lr1e-04_bs16_drop0p2_temp1p0_a0p25_b0p05__wd1e-04trmiss0_degmodglobal,6,0.6388086378574371,0.7150676846504211,0.38888888888888884,0.6864348614348614,0.46153846153846156,0.0,0.5605674684047699,0.6211443990468979,0.043677087873220444,0.13489902764558792,0.0,0.0,0.0,0.0,0.0,18473,global,0.0
5,5,lr1e-04_bs16_drop0p2_temp1p0_a0p25_b0p05__wd1e-04trmiss0_degmodglobal,16,0.0001,0.0001,0.2,1.0,0.25,0.05,lr1e-04_bs16_drop0p2_temp1p0_a0p25_b0p05__wd1e-04trmiss0_degmodglobal,7,0.5982940495014191,0.7066401243209839,0.4444444444444444,0.7027657527657527,0.46153846153846156,0.0,0.5555013418197632,0.58372962474823,0.03405877621844411,0.12099472247064114,0.0,0.0,0.0,0.0,0.0,18473,global,0.0
5,5,lr1e-04_bs16_drop0p2_temp1p0_a0p25_b0p05__wd1e-04trmiss0_degmodglobal,16,0.0001,0.0001,0.2,1.0,0.25,0.05,lr1e-04_bs16_drop0p2_temp1p0_a0p25_b0p05__wd1e-04trmiss0_degmodglobal,8,0.5512728691101074,0.6982070803642273,0.4444444444444444,0.7027657527657527,0.5384615384615384,0.0,0.5356813371181488,0.5366587489843369,0.03617841983214021,0.11139063350856304,0.0,0.0,0.0,0.0,0.0,18473,global,0.0
5,5,lr1e-04_bs16_drop0p2_temp1p0_a0p25_b0p05__wd1e-04trmiss0_degmodglobal,16,0.0001,0.0001,0.2,1.0,0.25,0.05,lr1e-04_bs16_drop0p2_temp1p0_a0p25_b0p05__wd1e-04trmiss0_degmodglobal,9,0.5842765420675278,0.7027544379234314,0.4444444444444444,0.7027657527657527,0.5384615384615384,0.0,0.5253888741135597,0.5658760219812393,0.04090222902595997,0.16349907778203487,0.0,0.0,0.0,0.0,0.0,18473,global,0.0
5,5,lr1e-04_bs16_drop0p2_temp1p0_a0p25_b0p05__wd1e-04trmiss0_degmodglobal,16,0.0001,0.0001,0.2,1.0,0.25,0.05,lr1e-04_bs16_drop0p2_temp1p0_a0p25_b0p05__wd1e-04trmiss0_degmodglobal,10,0.5466803163290024,0.7013004422187805,0.4722222222222222,0.712025012025012,0.5384615384615384,0.0,0.5280604213476181,0.5326336622238159,0.034254076424986124,0.1096626091748476,0.0,0.0,0.0,0.0,0.0,18473,global,0.0
5,5,lr1e-04_bs16_drop0p2_temp1p0_a0p25_b0p05__wd1e-04trmiss0_degmodglobal,16,0.0001,0.0001,0.2,1.0,0.25,0.05,lr1e-04_bs16_drop0p2_temp1p0_a0p25_b0p05__wd1e-04trmiss0_degmodglobal,11,0.5608620345592499,0.7028909921646118,0.4444444444444444,0.7027657527657527,0.5384615384615384,0.0,0.5159597992897034,0.543494813144207,0.04312376817688346,0.13172569870948792,0.0,0.0,0.0,0.0,0.0,18473,global,0.0
5,5,lr1e-04_bs16_drop0p2_temp1p0_a0p25_b0p05__wd1e-04trmiss0_degmodglobal,16,0.0001,0.0001,0.2,1.0,0.25,0.05,lr1e-04_bs16_drop0p2_temp1p0_a0p25_b0p05__wd1e-04trmiss0_degmodglobal,12,0.5444794148206711,0.6958330869674683,0.4722222222222222,0.712025012025012,0.5384615384615384,0.0,0.5171210616827011,0.5291591584682465,0.03936496563255787,0.10958077944815159,0.0,0.0,0.0,0.0,0.0,18473,global,0.0
5,5,lr1e-04_bs16_drop0p2_temp1p0_a0p25_b0p05__wd1e-04trmiss0_degmodglobal,16,0.0001,0.0001,0.2,1.0,0.25,0.05,lr1e-04_bs16_drop0p2_temp1p0_a0p25_b0p05__wd1e-04trmiss0_degmodglobal,13,0.5493640154600143,0.7029451727867126,0.5,0.720666987333654,0.5384615384615384,0.0,0.5014062151312828,0.5318078249692917,0.04471616307273507,0.12754296138882637,0.0,0.0,0.0,0.0,0.0,18473,global,0.0
5,5,lr1e-04_bs16_drop0p2_temp1p0_a0p25_b0p05__wd1e-04trmiss0_degmodglobal,16,0.0001,0.0001,0.2,1.0,0.25,0.05,lr1e-04_bs16_drop0p2_temp1p0_a0p25_b0p05__wd1e-04trmiss0_degmodglobal,14,0.5407229363918304,0.7078607678413391,0.5,0.720666987333654,0.5384615384615384,0.0,0.5108078122138977,0.5254411324858665,0.0396416736766696,0.10742768086493015,0.0,0.0,0.0,0.0,0.0,18473,global,0.0
5,5,lr1e-04_bs16_drop0p2_temp1p0_a0p25_b0p05__wd1e-04trmiss0_degmodglobal,16,0.0001,0.0001,0.2,1.0,0.25,0.05,lr1e-04_bs16_drop0p2_temp1p0_a0p25_b0p05__wd1e-04trmiss0_degmodglobal,15,0.531345471739769,0.7112388610839844,0.4722222222222222,0.712025012025012,0.5384615384615384,0.0,0.5061117559671402,0.5143242627382278,0.044824701733887196,0.11630078684538603,0.0,0.0,0.0,0.0,0.0,18473,global,0.0
5,5,lr1e-04_bs16_drop0p2_temp1p0_a0p25_b0p05__wd1e-04trmiss0_degmodglobal,16,0.0001,0.0001,0.2,1.0,0.25,0.05,lr1e-04_bs16_drop0p2_temp1p0_a0p25_b0p05__wd1e-04trmiss0_degmodglobal,16,0.524224042892456,0.7216758728027344,0.4444444444444444,0.6564694564694565,0.5384615384615384,0.0,0.49219653755426407,0.5097541660070419,0.035139329731464386,0.11370037868618965,0.0,0.0,0.0,0.0,0.0,18473,global,0.0
5,5,lr1e-04_bs16_drop0p2_temp1p0_a0p25_b0p05__wd1e-04trmiss0_degmodglobal,16,0.0001,0.0001,0.2,1.0,0.25,0.05,lr1e-04_bs16_drop0p2_temp1p0_a0p25_b0p05__wd1e-04trmiss0_degmodglobal,17,0.5201628655195236,0.7242456674575806,0.4444444444444444,0.6564694564694565,0.5384615384615384,0.0,0.4852946177124977,0.5023258104920387,0.04427858907729387,0.135348254814744,0.0,0.0,0.0,0.0,0.0,18473,global,0.0
5,5,lr1e-04_bs16_drop0p2_temp1p0_a0p25_b0p05__wd1e-04trmiss0_degmodglobal,16,0.0001,0.0001,0.2,1.0,0.25,0.05,lr1e-04_bs16_drop0p2_temp1p0_a0p25_b0p05__wd1e-04trmiss0_degmodglobal,18,0.5216150879859924,0.7180567979812622,0.4444444444444444,0.6564694564694565,0.5384615384615384,0.0,0.4942243993282318,0.5038916766643524,0.044354588724672794,0.13269544765353203,0.0,0.0,0.0,0.0,0.0,18473,global,0.0
5,5,lr1e-04_bs16_drop0p2_temp1p0_a0p25_b0p05__wd1e-04trmiss0_degmodglobal,16,0.0001,0.0001,0.2,1.0,0.25,0.05,lr1e-04_bs16_drop0p2_temp1p0_a0p25_b0p05__wd1e-04trmiss0_degmodglobal,19,0.5165427178144455,0.7155051827430725,0.4444444444444444,0.6564694564694565,0.5384615384615384,0.0,0.49889662861824036,0.5009288638830185,0.03905353415757418,0.1170094683766365,0.0,0.0,0.0,0.0,0.0,18473,global,0.0
5,5,lr1e-04_bs16_drop0p2_temp1p0_a0p25_b0p05__wd1e-04trmiss0_degmodglobal,16,0.0001,0.0001,0.2,1.0,0.25,0.05,lr1e-04_bs16_drop0p2_temp1p0_a0p25_b0p05__wd1e-04trmiss0_degmodglobal,20,0.4997434541583061,0.7163829803466797,0.4444444444444444,0.7056147556147556,0.5384615384615384,0.0,0.4911601021885872,0.48828472197055817,0.03133371705189347,0.07250620611011982,0.0,0.0,0.0,0.0,0.0,18473,global,0.0
5,5,lr1e-04_bs16_drop0p2_temp1p0_a0p25_b0p05__wd1e-04trmiss0_degmodglobal,16,0.0001,0.0001,0.2,1.0,0.25,0.05,lr1e-04_bs16_drop0p2_temp1p0_a0p25_b0p05__wd1e-04trmiss0_degmodglobal,21,0.5160502195358276,0.7135878801345825,0.4722222222222222,0.7142567309233976,0.5384615384615384,0.0,0.5049110278487206,0.4961494952440262,0.053268506191670895,0.13167213276028633,0.0,0.0,0.0,0.0,0.0,18473,global,0.0
5,5,lr1e-04_bs16_drop0p2_temp1p0_a0p25_b0p05__wd1e-04trmiss0_degmodglobal,16,0.0001,0.0001,0.2,1.0,0.25,0.05,lr1e-04_bs16_drop0p2_temp1p0_a0p25_b0p05__wd1e-04trmiss0_degmodglobal,22,0.5154782980680466,0.7130728960037231,0.4722222222222222,0.7142567309233976,0.5384615384615384,0.0,0.4688929170370102,0.49691976606845856,0.045437793247401714,0.1439811997115612,0.0,0.0,0.0,0.0,0.0,18473,global,0.0
5,5,lr1e-04_bs16_drop0p2_temp1p0_a0p25_b0p05__wd1e-04trmiss0_degmodglobal,16,0.0001,0.0001,0.2,1.0,0.25,0.05,lr1e-04_bs16_drop0p2_temp1p0_a0p25_b0p05__wd1e-04trmiss0_degmodglobal,23,0.49302470684051514,0.7146731615066528,0.4722222222222222,0.7142567309233976,0.5384615384615384,0.0,0.467550128698349,0.477187380194664,0.04213916789740324,0.10605049133300781,0.0,0.0,0.0,0.0,0.0,18473,global,0.0
5,5,lr1e-04_bs16_drop0p2_temp1p0_a0p25_b0p05__wd1e-04trmiss0_degmodglobal,16,0.0001,0.0001,0.2,1.0,0.25,0.05,lr1e-04_bs16_drop0p2_temp1p0_a0p25_b0p05__wd1e-04trmiss0_degmodglobal,24,0.5218286514282227,0.7227993011474609,0.41666666666666663,0.6500592000592001,0.5384615384615384,0.0,0.4749511033296585,0.507703922688961,0.03625861508771777,0.10120155289769173,0.0,0.0,0.0,0.0,0.0,18473,global,0.0
5,5,lr1e-04_bs16_drop0p2_temp1p0_a0p25_b0p05__wd1e-04trmiss0_degmodglobal,16,0.0001,0.0001,0.2,1.0,0.25,0.05,lr1e-04_bs16_drop0p2_temp1p0_a0p25_b0p05__wd1e-04trmiss0_degmodglobal,25,0.553323045372963,0.7248045206069946,0.41666666666666663,0.6500592000592001,0.5384615384615384,0.0,0.48412665724754333,0.5338945239782333,0.0486809303984046,0.1451655738055706,0.0,0.0,0.0,0.0,0.0,18473,global,0.0
5,5,lr1e-04_bs16_drop0p2_temp1p0_a0p25_b0p05__wd1e-04trmiss0_degmodglobal,16,0.0001,0.0001,0.2,1.0,0.25,0.05,lr1e-04_bs16_drop0p2_temp1p0_a0p25_b0p05__wd1e-04trmiss0_degmodglobal,26,0.502879373729229,0.7238692045211792,0.4444444444444444,0.7056147556147556,0.5384615384615384,0.0,0.46326835453510284,0.48738323897123337,0.042879700660705566,0.09552435763180256,0.0,0.0,0.0,0.0,0.0,18473,global,0.0
5,5,lr1e-04_bs16_drop0p2_temp1p0_a0p25_b0p05__wd1e-04trmiss0_degmodglobal,16,0.0001,0.0001,0.2,1.0,0.25,0.05,lr1e-04_bs16_drop0p2_temp1p0_a0p25_b0p05__wd1e-04trmiss0_degmodglobal,27,0.5144854038953781,0.7215871214866638,0.4444444444444444,0.7056147556147556,0.5384615384615384,0.0,0.4743276834487915,0.497937835752964,0.04430551081895828,0.1094234511256218,0.0,0.0,0.0,0.0,0.0,18473,global,0.0
5,5,lr1e-04_bs16_drop0p2_temp1p0_a0p25_b0p05__wd1e-04trmiss0_degmodglobal,16,0.0001,0.0001,0.2,1.0,0.25,0.05,lr1e-04_bs16_drop0p2_temp1p0_a0p25_b0p05__wd1e-04trmiss0_degmodglobal,28,0.5093447118997574,0.7188208699226379,0.4444444444444444,0.7056147556147556,0.5384615384615384,0.0,0.45080626755952835,0.48916850984096527,0.05358282756060362,0.13561000488698483,0.0,0.0,0.0,0.0,0.0,18473,global,0.0
5,5,lr1e-04_bs16_drop0p2_temp1p0_a0p25_b0p05__wd1e-04trmiss0_degmodglobal,16,0.0001,0.0001,0.2,1.0,0.25,0.05,lr1e-04_bs16_drop0p2_temp1p0_a0p25_b0p05__wd1e-04trmiss0_degmodglobal,29,0.5189312845468521,0.7230427265167236,0.4444444444444444,0.7056147556147556,0.5384615384615384,0.0,0.4680974930524826,0.502477802336216,0.0448330151848495,0.10490429028868675,0.0,0.0,0.0,0.0,0.0,18473,global,0.0
5,5,lr1e-04_bs16_drop0p2_temp1p0_a0p25_b0p05__wd1e-04trmiss0_degmodglobal,16,0.0001,0.0001,0.2,1.0,0.25,0.05,lr1e-04_bs16_drop0p2_temp1p0_a0p25_b0p05__wd1e-04trmiss0_degmodglobal,30,0.5108019113540649,0.7252918481826782,0.4444444444444444,0.7056147556147556,0.5384615384615384,0.0,0.47019174695014954,0.4899575784802437,0.06188877113163471,0.10744277574121952,0.0,0.0,0.0,0.0,0.0,18473,global,0.0
5,5,lr1e-04_bs16_drop0p2_temp1p0_a0p25_b0p05__wd1e-04trmiss0_degmodglobal,16,0.0001,0.0001,0.2,1.0,0.25,0.05,lr1e-04_bs16_drop0p2_temp1p0_a0p25_b0p05__wd1e-04trmiss0_degmodglobal,31,0.5202655047178268,0.7248152494430542,0.4444444444444444,0.7056147556147556,0.5384615384615384,0.0,0.4499165639281273,0.5006772428750992,0.0530981570482254,0.12627466022968292,0.0,0.0,0.0,0.0,0.0,18473,global,0.0
5,5,lr1e-04_bs16_drop0p2_temp1p0_a0p25_b0p05__wd1e-04trmiss0_degmodglobal,16,0.0001,0.0001,0.2,1.0,0.25,0.05,lr1e-04_bs16_drop0p2_temp1p0_a0p25_b0p05__wd1e-04trmiss0_degmodglobal,32,0.5304148122668266,0.7259925007820129,0.4444444444444444,0.7056147556147556,0.5384615384615384,0.0,0.46606897562742233,0.5076815038919449,0.05910196341574192,0.15915615856647491,0.0,0.0,0.0,0.0,0.0,18473,global,0.0
5,5,lr1e-04_bs16_drop0p2_temp1p0_a0p25_b0p05__wd1e-04trmiss0_degmodglobal,16,0.0001,0.0001,0.2,1.0,0.25,0.05,lr1e-04_bs16_drop0p2_temp1p0_a0p25_b0p05__wd1e-04trmiss0_degmodglobal,33,0.5289282351732254,0.7236526608467102,0.4444444444444444,0.7056147556147556,0.5384615384615384,0.0,0.4715096205472946,0.5064113512635231,0.06263422220945358,0.13716665841639042,0.0,0.0,0.0,0.0,0.0,18473,global,0.0
5,5,lr1e-04_bs16_drop0p2_temp2p0_a0p25_b0p05__wd1e-04trmiss0_degmodglobal,16,0.0001,0.0001,0.2,2.0,0.25,0.05,lr1e-04_bs16_drop0p2_temp2p0_a0p25_b0p05__wd1e-04trmiss0_degmodglobal,1,0.7859650105237961,0.7323962450027466,0.19444444444444442,0.6247024580357914,0.38461538461538464,0.0,0.7037721276283264,0.7597261518239975,0.05842452775686979,0.23265445232391357,0.0,0.0,0.0,0.0,0.0,18473,global,0.0
5,5,lr1e-04_bs16_drop0p2_temp2p0_a0p25_b0p05__wd1e-04trmiss0_degmodglobal,16,0.0001,0.0001,0.2,2.0,0.25,0.05,lr1e-04_bs16_drop0p2_temp2p0_a0p25_b0p05__wd1e-04trmiss0_degmodglobal,2,0.7412244826555252,0.7228195071220398,0.38888888888888884,0.6943713693713693,0.3076923076923077,0.0,0.6618168354034424,0.7123225629329681,0.05922281742095947,0.2819242291152477,0.0,0.0,0.0,0.0,0.0,18473,global,0.0
5,5,lr1e-04_bs16_drop0p2_temp2p0_a0p25_b0p05__wd1e-04trmiss0_degmodglobal,16,0.0001,0.0001,0.2,2.0,0.25,0.05,lr1e-04_bs16_drop0p2_temp2p0_a0p25_b0p05__wd1e-04trmiss0_degmodglobal,3,0.7071025371551514,0.7187995910644531,0.5277777777777777,0.7132867132867133,0.38461538461538464,0.0,0.6207028329372406,0.6771592050790787,0.06417266465723515,0.2780033238232136,0.0,0.0,0.0,0.0,0.0,18473,global,0.0
5,5,lr1e-04_bs16_drop0p2_temp2p0_a0p25_b0p05__wd1e-04trmiss0_degmodglobal,16,0.0001,0.0001,0.2,2.0,0.25,0.05,lr1e-04_bs16_drop0p2_temp2p0_a0p25_b0p05__wd1e-04trmiss0_degmodglobal,4,0.685401663184166,0.728809654712677,0.5277777777777777,0.7132867132867133,0.38461538461538464,0.0,0.637290894985199,0.6604406982660294,0.0520150875672698,0.2391437254846096,0.0,0.0,0.0,0.0,0.0,18473,global,0.0
5,5,lr1e-04_bs16_drop0p2_temp2p0_a0p25_b0p05__wd1e-04trmiss0_degmodglobal,16,0.0001,0.0001,0.2,2.0,0.25,0.05,lr1e-04_bs16_drop0p2_temp2p0_a0p25_b0p05__wd1e-04trmiss0_degmodglobal,5,0.6680867671966553,0.7267080545425415,0.5277777777777778,0.7151946818613486,0.38461538461538464,0.0,0.6288332939147949,0.643553227186203,0.06009128410369158,0.19021451100707054,0.0,0.0,0.0,0.0,0.0,18473,global,0.0
5,5,lr1e-04_bs16_drop0p2_temp2p0_a0p25_b0p05__wd1e-04trmiss0_degmodglobal,16,0.0001,0.0001,0.2,2.0,0.25,0.05,lr1e-04_bs16_drop0p2_temp2p0_a0p25_b0p05__wd1e-04trmiss0_degmodglobal,6,0.6621139943599701,0.7226622104644775,0.5277777777777778,0.7151946818613486,0.46153846153846156,0.0,0.6128999888896942,0.6422201246023178,0.046528096310794353,0.1652370858937502,0.0,0.0,0.0,0.0,0.0,18473,global,0.0
5,5,lr1e-04_bs16_drop0p2_temp2p0_a0p25_b0p05__wd1e-04trmiss0_degmodglobal,16,0.0001,0.0001,0.2,2.0,0.25,0.05,lr1e-04_bs16_drop0p2_temp2p0_a0p25_b0p05__wd1e-04trmiss0_degmodglobal,7,0.6279951930046082,0.7071712613105774,0.5555555555555556,0.7270994437661105,0.6153846153846154,0.0,0.5920040905475616,0.6032818257808685,0.05646548606455326,0.21194005385041237,0.0,0.0,0.0,0.0,0.0,18473,global,0.0
5,5,lr1e-04_bs16_drop0p2_temp2p0_a0p25_b0p05__wd1e-04trmiss0_degmodglobal,16,0.0001,0.0001,0.2,2.0,0.25,0.05,lr1e-04_bs16_drop0p2_temp2p0_a0p25_b0p05__wd1e-04trmiss0_degmodglobal,8,0.6500973403453827,0.717643678188324,0.5277777777777778,0.7184574684574685,0.6153846153846154,0.0,0.6042274087667465,0.6234101355075836,0.0599864711984992,0.23381231352686882,0.0,0.0,0.0,0.0,0.0,18473,global,0.0
5,5,lr1e-04_bs16_drop0p2_temp2p0_a0p25_b0p05__wd1e-04trmiss0_degmodglobal,16,0.0001,0.0001,0.2,2.0,0.25,0.05,lr1e-04_bs16_drop0p2_temp2p0_a0p25_b0p05__wd1e-04trmiss0_degmodglobal,9,0.6279750168323517,0.7299892902374268,0.5555555555555556,0.7251914751914752,0.5384615384615384,0.0,0.5881146490573883,0.6051667630672455,0.05113153159618378,0.20050714910030365,0.0,0.0,0.0,0.0,0.0,18473,global,0.0
5,5,lr1e-04_bs16_drop0p2_temp2p0_a0p25_b0p05__wd1e-04trmiss0_degmodglobal,16,0.0001,0.0001,0.2,2.0,0.25,0.05,lr1e-04_bs16_drop0p2_temp2p0_a0p25_b0p05__wd1e-04trmiss0_degmodglobal,10,0.601336658000946,0.7246665954589844,0.5555555555555556,0.7270994437661105,0.5384615384615384,0.0,0.5743132531642914,0.5698363706469536,0.07844624295830727,0.23777412995696068,0.0,0.0,0.0,0.0,0.0,18473,global,0.0
5,5,lr1e-04_bs16_drop0p2_temp2p0_a0p25_b0p05__wd1e-04trmiss0_degmodglobal,16,0.0001,0.0001,0.2,2.0,0.25,0.05,lr1e-04_bs16_drop0p2_temp2p0_a0p25_b0p05__wd1e-04trmiss0_degmodglobal,11,0.6008601933717728,0.7148565649986267,0.5833333333333334,0.737901912901913,0.5384615384615384,0.0,0.5718071013689041,0.5773962140083313,0.05494839558377862,0.19453762844204903,0.0,0.0,0.0,0.0,0.0,18473,global,0.0
5,5,lr1e-04_bs16_drop0p2_temp2p0_a0p25_b0p05__wd1e-04trmiss0_degmodglobal,16,0.0001,0.0001,0.2,2.0,0.25,0.05,lr1e-04_bs16_drop0p2_temp2p0_a0p25_b0p05__wd1e-04trmiss0_degmodglobal,12,0.6468075960874557,0.6654950380325317,0.5833333333333334,0.737901912901913,0.6153846153846154,0.0,0.5696871653199196,0.6141679137945175,0.07732582837343216,0.26616448536515236,0.0,0.0,0.0,0.0,0.0,18473,global,0.0
5,5,lr1e-04_bs16_drop0p2_temp2p0_a0p25_b0p05__wd1e-04trmiss0_degmodglobal,16,0.0001,0.0001,0.2,2.0,0.25,0.05,lr1e-04_bs16_drop0p2_temp2p0_a0p25_b0p05__wd1e-04trmiss0_degmodglobal,13,0.6114762723445892,0.644525945186615,0.5833333333333334,0.737901912901913,0.6153846153846154,0.0,0.5689773112535477,0.5852667093276978,0.06493046600371599,0.19953908026218414,0.0,0.0,0.0,0.0,0.0,18473,global,0.0
5,5,lr1e-04_bs16_drop0p2_temp2p0_a0p25_b0p05__wd1e-04trmiss0_degmodglobal,16,0.0001,0.0001,0.2,2.0,0.25,0.05,lr1e-04_bs16_drop0p2_temp2p0_a0p25_b0p05__wd1e-04trmiss0_degmodglobal,14,0.5960789173841476,0.646994411945343,0.611111111111111,0.7419142585809253,0.6923076923076923,0.0,0.5792705416679382,0.5676266849040985,0.06329004466533661,0.2525939792394638,0.0,0.0,0.0,0.0,0.0,18473,global,0.0
5,5,lr1e-04_bs16_drop0p2_temp2p0_a0p25_b0p05__wd1e-04trmiss0_degmodglobal,16,0.0001,0.0001,0.2,2.0,0.25,0.05,lr1e-04_bs16_drop0p2_temp2p0_a0p25_b0p05__wd1e-04trmiss0_degmodglobal,15,0.5961504280567169,0.6592238545417786,0.611111111111111,0.7419142585809253,0.6923076923076923,0.0,0.5386262089014053,0.562029704451561,0.08235377911478281,0.2706461660563946,0.0,0.0,0.0,0.0,0.0,18473,global,0.0
5,5,lr1e-04_bs16_drop0p2_temp2p0_a0p25_b0p05__wd1e-04trmiss0_degmodglobal,16,0.0001,0.0001,0.2,2.0,0.25,0.05,lr1e-04_bs16_drop0p2_temp2p0_a0p25_b0p05__wd1e-04trmiss0_degmodglobal,16,0.5881898999214172,0.6745133399963379,0.611111111111111,0.7419142585809253,0.6923076923076923,0.0,0.5608027279376984,0.5644393712282181,0.057511238381266594,0.1874542310833931,0.0,0.0,0.0,0.0,0.0,18473,global,0.0
5,5,lr1e-04_bs16_drop0p2_temp2p0_a0p25_b0p05__wd1e-04trmiss0_degmodglobal,16,0.0001,0.0001,0.2,2.0,0.25,0.05,lr1e-04_bs16_drop0p2_temp2p0_a0p25_b0p05__wd1e-04trmiss0_degmodglobal,17,0.5684493333101273,0.6750497221946716,0.611111111111111,0.7419142585809253,0.6923076923076923,0.0,0.5618353486061096,0.5427015498280525,0.06001495569944382,0.21488118916749954,0.0,0.0,0.0,0.0,0.0,18473,global,0.0
5,5,lr1e-04_bs16_drop0p2_temp2p0_a0p25_b0p05__wd1e-04trmiss0_degmodglobal,16,0.0001,0.0001,0.2,2.0,0.25,0.05,lr1e-04_bs16_drop0p2_temp2p0_a0p25_b0p05__wd1e-04trmiss0_degmodglobal,18,0.5642358958721161,0.6811354756355286,0.611111111111111,0.7419142585809253,0.6923076923076923,0.0,0.5441833585500717,0.5414929538965225,0.057623439468443394,0.16674142144620419,0.0,0.0,0.0,0.0,0.0,18473,global,0.0
5,5,lr1e-04_bs16_drop0p2_temp2p0_a0p25_b0p05__wd1e-04trmiss0_degmodglobal,16,0.0001,0.0001,0.2,2.0,0.25,0.05,lr1e-04_bs16_drop0p2_temp2p0_a0p25_b0p05__wd1e-04trmiss0_degmodglobal,19,0.6121986508369446,0.6911128163337708,0.611111111111111,0.7419142585809253,0.6923076923076923,0.0,0.5510055422782898,0.5888480097055435,0.05580551736056805,0.18798569962382317,0.0,0.0,0.0,0.0,0.0,18473,global,0.0
5,5,lr1e-04_bs16_drop0p2_temp2p0_a0p25_b0p05__wd1e-04trmiss0_degmodglobal,16,0.0001,0.0001,0.2,2.0,0.25,0.05,lr1e-04_bs16_drop0p2_temp2p0_a0p25_b0p05__wd1e-04trmiss0_degmodglobal,20,0.5358511880040169,0.6928600668907166,0.611111111111111,0.7419142585809253,0.6153846153846154,0.0,0.5310379862785339,0.5110295116901398,0.060664949007332325,0.1931089125573635,0.0,0.0,0.0,0.0,0.0,18473,global,0.0
5,5,lr1e-04_bs16_drop0p2_temp2p0_a0p25_b0p05__wd1e-04trmiss0_degmodglobal,16,0.0001,0.0001,0.2,2.0,0.25,0.05,lr1e-04_bs16_drop0p2_temp2p0_a0p25_b0p05__wd1e-04trmiss0_degmodglobal,21,0.5905055403709412,0.6957324147224426,0.611111111111111,0.7419142585809253,0.6153846153846154,0.0,0.5711707174777985,0.5614404082298279,0.06584424013271928,0.25208111479878426,0.0,0.0,0.0,0.0,0.0,18473,global,0.0
5,5,lr1e-04_bs16_drop0p2_temp2p0_a0p25_b0p05__wd1e-04trmiss0_degmodglobal,16,0.0001,0.0001,0.2,2.0,0.25,0.05,lr1e-04_bs16_drop0p2_temp2p0_a0p25_b0p05__wd1e-04trmiss0_degmodglobal,22,0.5288252532482147,0.6929371356964111,0.5833333333333333,0.7300094966761634,0.6153846153846154,0.0,0.5360103398561478,0.5041139647364616,0.06051889434456825,0.1916314773261547,0.0,0.0,0.0,0.0,0.0,18473,global,0.0
5,5,lr1e-04_bs16_drop0p2_temp2p0_a0p25_b0p05__wd1e-04trmiss0_degmodglobal,16,0.0001,0.0001,0.2,2.0,0.25,0.05,lr1e-04_bs16_drop0p2_temp2p0_a0p25_b0p05__wd1e-04trmiss0_degmodglobal,23,0.5494940280914307,0.687943696975708,0.611111111111111,0.7419142585809253,0.6153846153846154,0.0,0.5508008450269699,0.5222400724887848,0.06299622636288404,0.23009813204407692,0.0,0.0,0.0,0.0,0.0,18473,global,0.0
5,5,lr1e-04_bs16_drop0p2_temp2p0_a0p25_b0p05__wd1e-04trmiss0_degmodglobal,16,0.0001,0.0001,0.2,2.0,0.25,0.05,lr1e-04_bs16_drop0p2_temp2p0_a0p25_b0p05__wd1e-04trmiss0_degmodglobal,24,0.5603073164820671,0.6976578235626221,0.5833333333333333,0.7300094966761634,0.6153846153846154,0.0,0.534659743309021,0.5380961075425148,0.05522716511040926,0.16808805894106627,0.0,0.0,0.0,0.0,0.0,18473,global,0.0
5,5,lr1e-04_bs16_drop0p2_temp2p0_a0p25_b0p05__wd1e-04trmiss0_degmodglobal,16,0.0001,0.0001,0.2,2.0,0.25,0.05,lr1e-04_bs16_drop0p2_temp2p0_a0p25_b0p05__wd1e-04trmiss0_degmodglobal,25,0.5429110527038574,0.7089993953704834,0.5833333333333333,0.7300094966761634,0.6153846153846154,0.0,0.5305152237415314,0.5036084577441216,0.08483910746872425,0.3618560880422592,0.0,0.0,0.0,0.0,0.0,18473,global,0.0
5,5,lr1e-04_bs16_drop0p2_temp2p0_a0p25_b0p05__wd1e-04trmiss0_degmodglobal,16,0.0001,0.0001,0.2,2.0,0.25,0.05,lr1e-04_bs16_drop0p2_temp2p0_a0p25_b0p05__wd1e-04trmiss0_degmodglobal,26,0.5795588344335556,0.7071060538291931,0.5833333333333333,0.7300094966761634,0.6153846153846154,0.0,0.5510400086641312,0.552675411105156,0.05868160258978605,0.24426021799445152,0.0,0.0,0.0,0.0,0.0,18473,global,0.0
5,5,lr1e-04_bs16_drop0p2_temp2p0_a0p25_b0p05__wd1e-04trmiss0_degmodglobal,16,0.0001,0.0001,0.2,2.0,0.25,0.05,lr1e-04_bs16_drop0p2_temp2p0_a0p25_b0p05__wd1e-04trmiss0_degmodglobal,27,0.5409634336829185,0.6827640533447266,0.611111111111111,0.7419142585809253,0.6153846153846154,0.0,0.5261162891983986,0.5079601034522057,0.07442220114171505,0.28795590810477734,0.0,0.0,0.0,0.0,0.0,18473,global,0.0
5,5,lr1e-04_bs16_drop0p2_temp2p0_a0p25_b0p05__wd1e-04trmiss0_degmodglobal,16,0.0001,0.0001,0.2,2.0,0.25,0.05,lr1e-04_bs16_drop0p2_temp2p0_a0p25_b0p05__wd1e-04trmiss0_degmodglobal,28,0.542488120496273,0.6779491901397705,0.611111111111111,0.7419142585809253,0.6153846153846154,0.0,0.5206436514854431,0.5132007449865341,0.06886295229196548,0.24143287539482117,0.0,0.0,0.0,0.0,0.0,18473,global,0.0
5,5,lr1e-04_bs16_drop0p2_temp2p0_a0p25_b0p05__wd1e-04trmiss0_degmodglobal,16,0.0001,0.0001,0.2,2.0,0.25,0.05,lr1e-04_bs16_drop0p2_temp2p0_a0p25_b0p05__wd1e-04trmiss0_degmodglobal,29,0.5713105797767639,0.692440927028656,0.611111111111111,0.7419142585809253,0.5384615384615384,0.0,0.5235037505626678,0.5447010844945908,0.0660082409158349,0.20214833319187164,0.0,0.0,0.0,0.0,0.0,18473,global,0.0
5,5,lr1e-04_bs16_drop0p2_temp2p0_a0p25_b0p05__wd1e-04trmiss0_degmodglobal,16,0.0001,0.0001,0.2,2.0,0.25,0.05,lr1e-04_bs16_drop0p2_temp2p0_a0p25_b0p05__wd1e-04trmiss0_degmodglobal,30,0.5345763191580772,0.6940147876739502,0.5833333333333333,0.7300094966761634,0.6153846153846154,0.0,0.5381797850131989,0.503184586763382,0.0731765991076827,0.261951707303524,0.0,0.0,0.0,0.0,0.0,18473,global,0.0
5,5,lr1e-04_bs16_drop0p2_temp2p0_a0p25_b0p05__wd1e-04trmiss0_degmodglobal,16,0.0001,0.0001,0.2,2.0,0.25,0.05,lr1e-04_bs16_drop0p2_temp2p0_a0p25_b0p05__wd1e-04trmiss0_degmodglobal,31,0.5470803081989288,0.6795332431793213,0.611111111111111,0.7419142585809253,0.6153846153846154,0.0,0.5199140310287476,0.5157963037490845,0.06913913413882256,0.27998417988419533,0.0,0.0,0.0,0.0,0.0,18473,global,0.0
5,5,lr1e-04_bs16_drop0p2_temp2p0_a0p25_b0p05__wd1e-04trmiss0_degmodglobal,16,0.0001,0.0001,0.2,2.0,0.25,0.05,lr1e-04_bs16_drop0p2_temp2p0_a0p25_b0p05__wd1e-04trmiss0_degmodglobal,32,0.5364224761724472,0.6705147624015808,0.611111111111111,0.7419142585809253,0.6923076923076923,0.0,0.5035632103681564,0.5065936148166656,0.07219952810555696,0.23557986319065094,0.0,0.0,0.0,0.0,0.0,18473,global,0.0
5,5,lr1e-04_bs16_drop0p2_temp2p0_a0p25_b0p05__wd1e-04trmiss0_degmodglobal,16,0.0001,0.0001,0.2,2.0,0.25,0.05,lr1e-04_bs16_drop0p2_temp2p0_a0p25_b0p05__wd1e-04trmiss0_degmodglobal,33,0.5303084850311279,0.671674370765686,0.611111111111111,0.7419142585809253,0.6153846153846154,0.0,0.5123954936861992,0.5021312236785889,0.06501228827983141,0.23848406225442886,0.0,0.0,0.0,0.0,0.0,18473,global,0.0
5,5,lr1e-04_bs16_drop0p2_temp2p0_a0p25_b0p05__wd1e-04trmiss0_degmodglobal,16,0.0001,0.0001,0.2,2.0,0.25,0.05,lr1e-04_bs16_drop0p2_temp2p0_a0p25_b0p05__wd1e-04trmiss0_degmodglobal,34,0.5276592373847961,0.6805241107940674,0.611111111111111,0.7419142585809253,0.5384615384615384,0.0,0.5034717917442322,0.4962756857275963,0.0739440182223916,0.2579509876668453,0.0,0.0,0.0,0.0,0.0,18473,global,0.0
5,5,lr1e-04_bs16_drop0p4_temp1p0_a0p25_b0p05__wd1e-04trmiss0_degmodglobal,16,0.0001,0.0001,0.4,1.0,0.25,0.05,lr1e-04_bs16_drop0p4_temp1p0_a0p25_b0p05__wd1e-04trmiss0_degmodglobal,1,0.735543817281723,0.709385871887207,0.2222222222222222,0.6754961088294422,0.15384615384615385,0.0,0.7365575730800629,0.7070892453193665,0.08265737816691399,0.15580451302230358,0.0,0.0,0.0,0.0,0.0,18473,global,0.0
5,5,lr1e-04_bs16_drop0p4_temp1p0_a0p25_b0p05__wd1e-04trmiss0_degmodglobal,16,0.0001,0.0001,0.4,1.0,0.25,0.05,lr1e-04_bs16_drop0p4_temp1p0_a0p25_b0p05__wd1e-04trmiss0_degmodglobal,2,0.7373703867197037,0.7140399217605591,0.16666666666666666,0.5829035162368497,0.23076923076923078,0.0,0.6931921690702438,0.7101005762815475,0.08219720423221588,0.13441029749810696,0.0,0.0,0.0,0.0,0.0,18473,global,0.0
5,5,lr1e-04_bs16_drop0p4_temp1p0_a0p25_b0p05__wd1e-04trmiss0_degmodglobal,16,0.0001,0.0001,0.4,1.0,0.25,0.05,lr1e-04_bs16_drop0p4_temp1p0_a0p25_b0p05__wd1e-04trmiss0_degmodglobal,3,0.6765661984682083,0.7139672636985779,0.19444444444444442,0.5834326167659502,0.23076923076923078,0.0,0.6766138672828674,0.6522873789072037,0.07342057768255472,0.1184734720736742,0.0,0.0,0.0,0.0,0.0,18473,global,0.0
5,5,lr1e-04_bs16_drop0p4_temp1p0_a0p25_b0p05__wd1e-04trmiss0_degmodglobal,16,0.0001,0.0001,0.4,1.0,0.25,0.05,lr1e-04_bs16_drop0p4_temp1p0_a0p25_b0p05__wd1e-04trmiss0_degmodglobal,4,0.6616284251213074,0.7148700952529907,0.2222222222222222,0.5913691247024581,0.38461538461538464,0.0,0.6497247666120529,0.6318122744560242,0.09428546205163002,0.12489601783454418,0.0,0.0,0.0,0.0,0.0,18473,global,0.0
5,5,lr1e-04_bs16_drop0p4_temp1p0_a0p25_b0p05__wd1e-04trmiss0_degmodglobal,16,0.0001,0.0001,0.4,1.0,0.25,0.05,lr1e-04_bs16_drop0p4_temp1p0_a0p25_b0p05__wd1e-04trmiss0_degmodglobal,5,0.6440767198801041,0.718962550163269,0.2222222222222222,0.5913691247024581,0.3076923076923077,0.0,0.6152144968509674,0.6113065183162689,0.10767877474427223,0.11701022647321224,0.0,0.0,0.0,0.0,0.0,18473,global,0.0
5,5,lr1e-04_bs16_drop0p4_temp1p0_a0p25_b0p05__wd1e-04trmiss0_degmodglobal,16,0.0001,0.0001,0.4,1.0,0.25,0.05,lr1e-04_bs16_drop0p4_temp1p0_a0p25_b0p05__wd1e-04trmiss0_degmodglobal,6,0.6420392394065857,0.7157734036445618,0.33333333333333337,0.626995226995227,0.46153846153846156,0.0,0.5884804725646973,0.6113346070051193,0.0940146166831255,0.14401979930698872,0.0,0.0,0.0,0.0,0.0,18473,global,0.0
5,5,lr1e-04_bs16_drop0p4_temp1p0_a0p25_b0p05__wd1e-04trmiss0_degmodglobal,16,0.0001,0.0001,0.4,1.0,0.25,0.05,lr1e-04_bs16_drop0p4_temp1p0_a0p25_b0p05__wd1e-04trmiss0_degmodglobal,7,0.6057430654764175,0.7185994982719421,0.33333333333333337,0.6155474155474157,0.5384615384615384,0.0,0.5946915149688721,0.5785082280635834,0.08353060856461525,0.12704367376863956,0.0,0.0,0.0,0.0,0.0,18473,global,0.0
5,5,lr1e-04_bs16_drop0p4_temp1p0_a0p25_b0p05__wd1e-04trmiss0_degmodglobal,16,0.0001,0.0001,0.4,1.0,0.25,0.05,lr1e-04_bs16_drop0p4_temp1p0_a0p25_b0p05__wd1e-04trmiss0_degmodglobal,8,0.6539201885461807,0.7243711948394775,0.2777777777777778,0.5985560735560735,0.46153846153846156,0.0,0.6126289516687393,0.6245314478874207,0.08884921111166477,0.14352885261178017,0.0,0.0,0.0,0.0,0.0,18473,global,0.0
5,5,lr1e-04_bs16_drop0p4_temp1p0_a0p25_b0p05__wd1e-04trmiss0_degmodglobal,16,0.0001,0.0001,0.4,1.0,0.25,0.05,lr1e-04_bs16_drop0p4_temp1p0_a0p25_b0p05__wd1e-04trmiss0_degmodglobal,9,0.6023780405521393,0.7248191833496094,0.3055555555555556,0.6056267806267805,0.46153846153846156,0.0,0.6057175099849701,0.5731825530529022,0.08534769155085087,0.15717115253210068,0.0,0.0,0.0,0.0,0.0,18473,global,0.0
5,5,lr1e-04_bs16_drop0p4_temp1p0_a0p25_b0p05__wd1e-04trmiss0_degmodglobal,16,0.0001,0.0001,0.4,1.0,0.25,0.05,lr1e-04_bs16_drop0p4_temp1p0_a0p25_b0p05__wd1e-04trmiss0_degmodglobal,10,0.5945678800344467,0.7229762077331543,0.3333333333333333,0.6123607873607873,0.46153846153846156,0.0,0.5717131793498993,0.5695013701915741,0.08098528534173965,0.09640364162623882,0.0,0.0,0.0,0.0,0.0,18473,global,0.0
5,5,lr1e-04_bs16_drop0p4_temp1p0_a0p25_b0p05__wd1e-04trmiss0_degmodglobal,16,0.0001,0.0001,0.4,1.0,0.25,0.05,lr1e-04_bs16_drop0p4_temp1p0_a0p25_b0p05__wd1e-04trmiss0_degmodglobal,11,0.6131848692893982,0.7210285067558289,0.38888888888888884,0.6315406815406817,0.46153846153846156,0.0,0.5657152831554413,0.580246090888977,0.10302278958261013,0.14366205409169197,0.0,0.0,0.0,0.0,0.0,18473,global,0.0
5,5,lr1e-04_bs16_drop0p4_temp1p0_a0p25_b0p05__wd1e-04trmiss0_degmodglobal,16,0.0001,0.0001,0.4,1.0,0.25,0.05,lr1e-04_bs16_drop0p4_temp1p0_a0p25_b0p05__wd1e-04trmiss0_degmodglobal,12,0.5874508768320084,0.7241642475128174,0.3888888888888889,0.6334486501153169,0.46153846153846156,0.0,0.5584794282913208,0.5611948519945145,0.08284564316272736,0.11089208256453276,0.0,0.0,0.0,0.0,0.0,18473,global,0.0
5,5,lr1e-04_bs16_drop0p4_temp1p0_a0p25_b0p05__wd1e-04trmiss0_degmodglobal,16,0.0001,0.0001,0.4,1.0,0.25,0.05,lr1e-04_bs16_drop0p4_temp1p0_a0p25_b0p05__wd1e-04trmiss0_degmodglobal,13,0.6190217286348343,0.7221625447273254,0.41666666666666663,0.6401826568493236,0.46153846153846156,0.0,0.5739288777112961,0.5844713896512985,0.09951217658817768,0.19344626367092133,0.0,0.0,0.0,0.0,0.0,18473,global,0.0
5,5,lr1e-04_bs16_drop0p4_temp1p0_a0p25_b0p05__wd1e-04trmiss0_degmodglobal,16,0.0001,0.0001,0.4,1.0,0.25,0.05,lr1e-04_bs16_drop0p4_temp1p0_a0p25_b0p05__wd1e-04trmiss0_degmodglobal,14,0.653378888964653,0.7245883941650391,0.41666666666666663,0.6401826568493236,0.46153846153846156,0.0,0.6024975478649139,0.623092532157898,0.09340562485158443,0.13869904540479183,0.0,0.0,0.0,0.0,0.0,18473,global,0.0
5,5,lr1e-04_bs16_drop0p4_temp1p0_a0p25_b0p05__wd1e-04trmiss0_degmodglobal,16,0.0001,0.0001,0.4,1.0,0.25,0.05,lr1e-04_bs16_drop0p4_temp1p0_a0p25_b0p05__wd1e-04trmiss0_degmodglobal,15,0.56735859811306,0.7190531492233276,0.41666666666666663,0.6401826568493236,0.46153846153846156,0.0,0.5640253126621246,0.5449258834123611,0.06965557765215635,0.1003758255392313,0.0,0.0,0.0,0.0,0.0,18473,global,0.0
5,5,lr1e-04_bs16_drop0p4_temp1p0_a0p25_b0p05__wd1e-04trmiss0_degmodglobal,16,0.0001,0.0001,0.4,1.0,0.25,0.05,lr1e-04_bs16_drop0p4_temp1p0_a0p25_b0p05__wd1e-04trmiss0_degmodglobal,16,0.5797450244426727,0.7171851396560669,0.41666666666666663,0.6401826568493236,0.46153846153846156,0.0,0.5381246656179428,0.5434522032737732,0.11998610943555832,0.12592604011297226,0.0,0.0,0.0,0.0,0.0,18473,global,0.0
5,5,lr1e-04_bs16_drop0p4_temp1p0_a0p25_b0p05__wd1e-04trmiss0_degmodglobal,16,0.0001,0.0001,0.4,1.0,0.25,0.05,lr1e-04_bs16_drop0p4_temp1p0_a0p25_b0p05__wd1e-04trmiss0_degmodglobal,17,0.5961769223213196,0.7145479917526245,0.41666666666666663,0.6401826568493236,0.46153846153846156,0.0,0.5574703514575958,0.5572609454393387,0.1151074767112732,0.20278220437467098,0.0,0.0,0.0,0.0,0.0,18473,global,0.0
5,5,lr1e-04_bs16_drop0p4_temp1p0_a0p25_b0p05__wd1e-04trmiss0_degmodglobal,16,0.0001,0.0001,0.4,1.0,0.25,0.05,lr1e-04_bs16_drop0p4_temp1p0_a0p25_b0p05__wd1e-04trmiss0_degmodglobal,18,0.6034115701913834,0.7163545489311218,0.41666666666666663,0.6401826568493236,0.5384615384615384,0.0,0.5279128924012184,0.5609454289078712,0.13040915317833424,0.19727715849876404,0.0,0.0,0.0,0.0,0.0,18473,global,0.0
5,5,lr1e-04_bs16_drop0p4_temp1p0_a0p25_b0p05__wd1e-04trmiss0_degmodglobal,16,0.0001,0.0001,0.4,1.0,0.25,0.05,lr1e-04_bs16_drop0p4_temp1p0_a0p25_b0p05__wd1e-04trmiss0_degmodglobal,19,0.5796956121921539,0.7147891521453857,0.41666666666666663,0.6401826568493236,0.6153846153846154,0.0,0.5327142030000687,0.5379974544048309,0.12402579933404922,0.21383394673466682,0.0,0.0,0.0,0.0,0.0,18473,global,0.0
5,5,lr1e-04_bs16_drop0p4_temp1p0_a0p25_b0p05__wd1e-04trmiss0_degmodglobal,16,0.0001,0.0001,0.4,1.0,0.25,0.05,lr1e-04_bs16_drop0p4_temp1p0_a0p25_b0p05__wd1e-04trmiss0_degmodglobal,20,0.5928050577640533,0.7144414782524109,0.41666666666666663,0.6401826568493236,0.5384615384615384,0.0,0.5427621901035309,0.5604135543107986,0.09499401040375233,0.17286010086536407,0.0,0.0,0.0,0.0,0.0,18473,global,0.0
5,5,lr1e-04_bs16_drop0p4_temp1p0_a0p25_b0p05__wd1e-04trmiss0_degmodglobal,16,0.0001,0.0001,0.4,1.0,0.25,0.05,lr1e-04_bs16_drop0p4_temp1p0_a0p25_b0p05__wd1e-04trmiss0_degmodglobal,21,0.5688602477312088,0.7200437784194946,0.41666666666666663,0.6401826568493236,0.46153846153846156,0.0,0.5172463580965996,0.5402330905199051,0.09106158278882504,0.11723555251955986,0.0,0.0,0.0,0.0,0.0,18473,global,0.0
5,5,lr1e-04_bs16_drop0p4_temp1p0_a0p25_b0p05__wd1e-04trmiss0_degmodglobal,16,0.0001,0.0001,0.4,1.0,0.25,0.05,lr1e-04_bs16_drop0p4_temp1p0_a0p25_b0p05__wd1e-04trmiss0_degmodglobal,22,0.5828796029090881,0.7175740003585815,0.41666666666666663,0.6401826568493236,0.46153846153846156,0.0,0.49482209235429764,0.5357065722346306,0.14001390896737576,0.2433907836675644,0.0,0.0,0.0,0.0,0.0,18473,global,0.0
5,5,lr1e-04_bs16_drop0p4_temp1p0_a0p25_b0p05__wd1e-04trmiss0_degmodglobal,16,0.0001,0.0001,0.4,1.0,0.25,0.05,lr1e-04_bs16_drop0p4_temp1p0_a0p25_b0p05__wd1e-04trmiss0_degmodglobal,23,0.5954114347696304,0.7166623473167419,0.41666666666666663,0.6401826568493236,0.46153846153846156,0.0,0.5134828984737396,0.5542634874582291,0.12035886570811272,0.22116432711482048,0.0,0.0,0.0,0.0,0.0,18473,global,0.0
5,5,lr1e-04_bs16_drop0p4_temp1p0_a0p25_b0p05__wd1e-04trmiss0_degmodglobal,16,0.0001,0.0001,0.4,1.0,0.25,0.05,lr1e-04_bs16_drop0p4_temp1p0_a0p25_b0p05__wd1e-04trmiss0_degmodglobal,24,0.6030166000127792,0.7158090472221375,0.41666666666666663,0.6401826568493236,0.46153846153846156,0.0,0.5339580476284027,0.5620979219675064,0.12106236815452576,0.21306199952960014,0.0,0.0,0.0,0.0,0.0,18473,global,0.0
5,5,lr1e-04_bs16_drop0p4_temp1p0_a0p25_b0p05__wd1e-04trmiss0_degmodglobal,16,0.0001,0.0001,0.4,1.0,0.25,0.05,lr1e-04_bs16_drop0p4_temp1p0_a0p25_b0p05__wd1e-04trmiss0_degmodglobal,25,0.582345262169838,0.7184777855873108,0.41666666666666663,0.6401826568493236,0.5384615384615384,0.0,0.524935781955719,0.5481622815132141,0.10844625905156136,0.14142845012247562,0.0,0.0,0.0,0.0,0.0,18473,global,0.0
5,5,lr1e-04_bs16_drop0p4_temp1p0_a0p25_b0p05__wd1e-04trmiss0_degmodglobal,16,0.0001,0.0001,0.4,1.0,0.25,0.05,lr1e-04_bs16_drop0p4_temp1p0_a0p25_b0p05__wd1e-04trmiss0_degmodglobal,26,0.5962256193161011,0.7175658345222473,0.3888888888888889,0.6334486501153169,0.5384615384615384,0.0,0.5225010067224503,0.5543938130140305,0.1203624177724123,0.23482416197657585,0.0,0.0,0.0,0.0,0.0,18473,global,0.0
5,5,lr1e-04_bs16_drop0p4_temp1p0_a0p25_b0p05__wd1e-04trmiss0_degmodglobal,16,0.0001,0.0001,0.4,1.0,0.25,0.05,lr1e-04_bs16_drop0p4_temp1p0_a0p25_b0p05__wd1e-04trmiss0_degmodglobal,27,0.5908164530992508,0.7159236073493958,0.3888888888888889,0.6334486501153169,0.5384615384615384,0.0,0.4798315018415451,0.5422999858856201,0.14602196216583252,0.24021915346384048,0.0,0.0,0.0,0.0,0.0,18473,global,0.0
5,5,lr1e-04_bs16_drop0p4_temp1p0_a0p25_b0p05__wd1e-04trmiss0_degmodglobal,16,0.0001,0.0001,0.4,1.0,0.25,0.05,lr1e-04_bs16_drop0p4_temp1p0_a0p25_b0p05__wd1e-04trmiss0_degmodglobal,28,0.5816581845283508,0.7140637636184692,0.41666666666666663,0.6401826568493236,0.5384615384615384,0.0,0.49536558985710144,0.5477512180805206,0.10300377942621708,0.16312069818377495,0.0,0.0,0.0,0.0,0.0,18473,global,0.0
5,5,lr1e-04_bs16_drop0p4_temp1p0_a0p25_b0p05__wd1e-04trmiss0_degmodglobal,16,0.0001,0.0001,0.4,1.0,0.25,0.05,lr1e-04_bs16_drop0p4_temp1p0_a0p25_b0p05__wd1e-04trmiss0_degmodglobal,29,0.5925761312246323,0.7119112014770508,0.41666666666666663,0.6401826568493236,0.5384615384615384,0.0,0.48476676642894745,0.5515128374099731,0.12228681147098541,0.20983173698186874,0.0,0.0,0.0,0.0,0.0,18473,global,0.0
5,5,lr1e-04_bs16_drop0p4_temp1p0_a0p25_b0p05__wd1e-04trmiss0_degmodglobal,16,0.0001,0.0001,0.4,1.0,0.25,0.05,lr1e-04_bs16_drop0p4_temp1p0_a0p25_b0p05__wd1e-04trmiss0_degmodglobal,30,0.6092958301305771,0.7129268646240234,0.41666666666666663,0.6401826568493236,0.6153846153846154,0.0,0.5059246271848679,0.5687336325645447,0.11925740167498589,0.21495666354894638,0.0,0.0,0.0,0.0,0.0,18473,global,0.0
5,5,lr1e-04_bs16_drop0p4_temp1p0_a0p25_b0p05__wd1e-04trmiss0_degmodglobal,16,0.0001,0.0001,0.4,1.0,0.25,0.05,lr1e-04_bs16_drop0p4_temp1p0_a0p25_b0p05__wd1e-04trmiss0_degmodglobal,31,0.5925360172986984,0.7135618925094604,0.41666666666666663,0.6401826568493236,0.5384615384615384,0.0,0.5057961791753769,0.552599586546421,0.1300604362040758,0.1484265886247158,0.0,0.0,0.0,0.0,0.0,18473,global,0.0
5,5,lr1e-04_bs16_drop0p4_temp1p0_a0p25_b0p05__wd1e-04trmiss0_degmodglobal,16,0.0001,0.0001,0.4,1.0,0.25,0.05,lr1e-04_bs16_drop0p4_temp1p0_a0p25_b0p05__wd1e-04trmiss0_degmodglobal,32,0.616586297750473,0.7164651155471802,0.41666666666666663,0.6401826568493236,0.5384615384615384,0.0,0.5236686989665031,0.5845531225204468,0.09927184320986271,0.144304433837533,0.0,0.0,0.0,0.0,0.0,18473,global,0.0
5,5,lr1e-04_bs16_drop0p4_temp1p0_a0p25_b0p05__wd1e-04trmiss0_degmodglobal,16,0.0001,0.0001,0.4,1.0,0.25,0.05,lr1e-04_bs16_drop0p4_temp1p0_a0p25_b0p05__wd1e-04trmiss0_degmodglobal,33,0.5550490766763687,0.7147367000579834,0.41666666666666663,0.6401826568493236,0.5384615384615384,0.0,0.4723428636789322,0.5113596767187119,0.13704057969152927,0.18858511187136173,0.0,0.0,0.0,0.0,0.0,18473,global,0.0
5,5,lr1e-04_bs16_drop0p4_temp1p0_a0p25_b0p05__wd1e-04trmiss0_degmodglobal,16,0.0001,0.0001,0.4,1.0,0.25,0.05,lr1e-04_bs16_drop0p4_temp1p0_a0p25_b0p05__wd1e-04trmiss0_degmodglobal,34,0.5753328651189804,0.7142478227615356,0.41666666666666663,0.6401826568493236,0.5384615384615384,0.0,0.5082387328147888,0.5423338115215302,0.10296917892992496,0.14513574726879597,0.0,0.0,0.0,0.0,0.0,18473,global,0.0
5,5,lr1e-04_bs16_drop0p4_temp1p0_a0p25_b0p05__wd1e-04trmiss0_degmodglobal,16,0.0001,0.0001,0.4,1.0,0.25,0.05,lr1e-04_bs16_drop0p4_temp1p0_a0p25_b0p05__wd1e-04trmiss0_degmodglobal,35,0.6080244332551956,0.717819333076477,0.41666666666666663,0.6401826568493236,0.5384615384615384,0.0,0.5204994902014732,0.5734747797250748,0.1056014858186245,0.16298608109354973,0.0,0.0,0.0,0.0,0.0,18473,global,0.0
5,5,lr1e-04_bs16_drop0p4_temp1p0_a0p25_b0p05__wd1e-04trmiss0_degmodglobal,16,0.0001,0.0001,0.4,1.0,0.25,0.05,lr1e-04_bs16_drop0p4_temp1p0_a0p25_b0p05__wd1e-04trmiss0_degmodglobal,36,0.594083160161972,0.7162035703659058,0.41666666666666663,0.6401826568493236,0.5384615384615384,0.0,0.5049106702208519,0.5516947954893112,0.1255388930439949,0.22007298655807972,0.0,0.0,0.0,0.0,0.0,18473,global,0.0
5,5,lr1e-04_bs16_drop0p4_temp1p0_a0p25_b0p05__wd1e-04trmiss0_degmodglobal,16,0.0001,0.0001,0.4,1.0,0.25,0.05,lr1e-04_bs16_drop0p4_temp1p0_a0p25_b0p05__wd1e-04trmiss0_degmodglobal,37,0.5984980165958405,0.7169732451438904,0.41666666666666663,0.6401826568493236,0.5384615384615384,0.0,0.5328519567847252,0.5588708966970444,0.11939745582640171,0.19555511325597763,0.0,0.0,0.0,0.0,0.0,18473,global,0.0
5,5,lr1e-04_bs16_drop0p4_temp1p0_a0p25_b0p05__wd1e-04trmiss0_degmodglobal,16,0.0001,0.0001,0.4,1.0,0.25,0.05,lr1e-04_bs16_drop0p4_temp1p0_a0p25_b0p05__wd1e-04trmiss0_degmodglobal,38,0.6139742583036423,0.7213403582572937,0.41666666666666663,0.6401826568493236,0.5384615384615384,0.0,0.5154195949435234,0.5769572108983994,0.1176703255623579,0.15198873542249203,0.0,0.0,0.0,0.0,0.0,18473,global,0.0
5,5,lr1e-04_bs16_drop0p4_temp1p0_a0p25_b0p05__wd1e-04trmiss0_degmodglobal,16,0.0001,0.0001,0.4,1.0,0.25,0.05,lr1e-04_bs16_drop0p4_temp1p0_a0p25_b0p05__wd1e-04trmiss0_degmodglobal,39,0.5732745081186295,0.7194828987121582,0.41666666666666663,0.6401826568493236,0.5384615384615384,0.0,0.4572465568780899,0.5242193937301636,0.14474367164075375,0.25738387927412987,0.0,0.0,0.0,0.0,0.0,18473,global,0.0
5,5,lr1e-04_bs16_drop0p4_temp1p0_a0p25_b0p05__wd1e-04trmiss0_degmodglobal,16,0.0001,0.0001,0.4,1.0,0.25,0.05,lr1e-04_bs16_drop0p4_temp1p0_a0p25_b0p05__wd1e-04trmiss0_degmodglobal,40,0.5904400795698166,0.7169670462608337,0.41666666666666663,0.6401826568493236,0.5384615384615384,0.0,0.5003425925970078,0.5509854406118393,0.13143320009112358,0.13192723784595728,0.0,0.0,0.0,0.0,0.0,18473,global,0.0
5,5,lr1e-04_bs16_drop0p4_temp1p0_a0p25_b0p05__wd1e-04trmiss0_degmodglobal,16,0.0001,0.0001,0.4,1.0,0.25,0.05,lr1e-04_bs16_drop0p4_temp1p0_a0p25_b0p05__wd1e-04trmiss0_degmodglobal,41,0.5730763822793961,0.7161573767662048,0.41666666666666663,0.6401826568493236,0.5384615384615384,0.0,0.47789181768894196,0.5292789191007614,0.13571645691990852,0.1973668448626995,0.0,0.0,0.0,0.0,0.0,18473,global,0.0
5,5,lr1e-04_bs16_drop0p4_temp1p0_a0p25_b0p05__wd1e-04trmiss0_degmodglobal,16,0.0001,0.0001,0.4,1.0,0.25,0.05,lr1e-04_bs16_drop0p4_temp1p0_a0p25_b0p05__wd1e-04trmiss0_degmodglobal,42,0.6306443959474564,0.7188303470611572,0.41666666666666663,0.6401826568493236,0.5384615384615384,0.0,0.463549479842186,0.5558985024690628,0.21492986753582954,0.42026883363723755,0.0,0.0,0.0,0.0,0.0,18473,global,0.0
5,5,lr1e-04_bs16_drop0p4_temp1p0_a0p25_b0p05__wd1e-04trmiss0_degmodglobal,16,0.0001,0.0001,0.4,1.0,0.25,0.05,lr1e-04_bs16_drop0p4_temp1p0_a0p25_b0p05__wd1e-04trmiss0_degmodglobal,43,0.5979394316673279,0.719891369342804,0.41666666666666663,0.6401826568493236,0.5384615384615384,0.0,0.48301754146814346,0.549352377653122,0.14315778575837612,0.25595225766301155,0.0,0.0,0.0,0.0,0.0,18473,global,0.0
5,5,lr1e-04_bs16_drop0p4_temp1p0_a0p25_b0p05__wd1e-04trmiss0_degmodglobal,16,0.0001,0.0001,0.4,1.0,0.25,0.05,lr1e-04_bs16_drop0p4_temp1p0_a0p25_b0p05__wd1e-04trmiss0_degmodglobal,44,0.6002039909362793,0.718389630317688,0.41666666666666663,0.6401826568493236,0.5384615384615384,0.0,0.48443281650543213,0.5558013021945953,0.12952995114028454,0.24040406569838524,0.0,0.0,0.0,0.0,0.0,18473,global,0.0
5,5,lr1e-04_bs16_drop0p4_temp1p0_a0p25_b0p05__wd1e-04trmiss0_degmodglobal,16,0.0001,0.0001,0.4,1.0,0.25,0.05,lr1e-04_bs16_drop0p4_temp1p0_a0p25_b0p05__wd1e-04trmiss0_degmodglobal,45,0.606425553560257,0.7147620320320129,0.41666666666666663,0.6401826568493236,0.6153846153846154,0.0,0.47496985644102097,0.5497337877750397,0.16827328223735094,0.2924691829830408,0.0,0.0,0.0,0.0,0.0,18473,global,0.0
5,5,lr1e-04_bs16_drop0p4_temp1p0_a0p25_b0p05__wd1e-04trmiss0_degmodglobal,16,0.0001,0.0001,0.4,1.0,0.25,0.05,lr1e-04_bs16_drop0p4_temp1p0_a0p25_b0p05__wd1e-04trmiss0_degmodglobal,46,0.5754046142101288,0.7145416736602783,0.41666666666666663,0.6401826568493236,0.6153846153846154,0.0,0.465487077832222,0.5217632502317429,0.1634489968419075,0.25558230467140675,0.0,0.0,0.0,0.0,0.0,18473,global,0.0
5,5,lr1e-04_bs16_drop0p4_temp1p0_a0p25_b0p05__wd1e-04trmiss0_degmodglobal,16,0.0001,0.0001,0.4,1.0,0.25,0.05,lr1e-04_bs16_drop0p4_temp1p0_a0p25_b0p05__wd1e-04trmiss0_degmodglobal,47,0.5454735457897186,0.7125735878944397,0.41666666666666663,0.6401826568493236,0.6923076923076923,0.0,0.4695967584848404,0.4992781728506088,0.13395272754132748,0.2541438043117523,0.0,0.0,0.0,0.0,0.0,18473,global,0.0
5,5,lr1e-04_bs16_drop0p4_temp1p0_a0p25_b0p05__wd1e-04trmiss0_degmodglobal,16,0.0001,0.0001,0.4,1.0,0.25,0.05,lr1e-04_bs16_drop0p4_temp1p0_a0p25_b0p05__wd1e-04trmiss0_degmodglobal,48,0.5892982184886932,0.7108233571052551,0.41666666666666663,0.6401826568493236,0.6923076923076923,0.0,0.48369231820106506,0.5475944876670837,0.1236545667052269,0.21580182760953903,0.0,0.0,0.0,0.0,0.0,18473,global,0.0
5,5,lr1e-04_bs16_drop0p4_temp1p0_a0p25_b0p05__wd1e-04trmiss0_degmodglobal,16,0.0001,0.0001,0.4,1.0,0.25,0.05,lr1e-04_bs16_drop0p4_temp1p0_a0p25_b0p05__wd1e-04trmiss0_degmodglobal,49,0.5842486917972565,0.7116812467575073,0.41666666666666663,0.6401826568493236,0.6923076923076923,0.0,0.47398601472377777,0.5387831777334213,0.14345339685678482,0.19204341992735863,0.0,0.0,0.0,0.0,0.0,18473,global,0.0
5,5,lr1e-04_bs16_drop0p4_temp1p0_a0p25_b0p05__wd1e-04trmiss0_degmodglobal,16,0.0001,0.0001,0.4,1.0,0.25,0.05,lr1e-04_bs16_drop0p4_temp1p0_a0p25_b0p05__wd1e-04trmiss0_degmodglobal,50,0.6085766702890396,0.7131911516189575,0.41666666666666663,0.6401826568493236,0.6153846153846154,0.0,0.4228379428386688,0.541539341211319,0.19124328717589378,0.3845302239060402,0.0,0.0,0.0,0.0,0.0,18473,global,0.0
5,5,lr1e-04_bs16_drop0p4_temp1p0_a0p25_b0p05__wd1e-04trmiss0_degmodglobal,16,0.0001,0.0001,0.4,1.0,0.25,0.05,lr1e-04_bs16_drop0p4_temp1p0_a0p25_b0p05__wd1e-04trmiss0_degmodglobal,51,0.6205528080463409,0.7161349058151245,0.41666666666666663,0.6401826568493236,0.5384615384615384,0.0,0.508563943207264,0.5716932564973831,0.14857603795826435,0.2343108467757702,0.0,0.0,0.0,0.0,0.0,18473,global,0.0
5,5,lr1e-04_bs16_drop0p4_temp1p0_a0p25_b0p05__wd1e-04trmiss0_degmodglobal,16,0.0001,0.0001,0.4,1.0,0.25,0.05,lr1e-04_bs16_drop0p4_temp1p0_a0p25_b0p05__wd1e-04trmiss0_degmodglobal,52,0.5757953971624374,0.7157315015792847,0.41666666666666663,0.6401826568493236,0.5384615384615384,0.0,0.45764072239398956,0.527237631380558,0.1575358882546425,0.18347631953656673,0.0,0.0,0.0,0.0,0.0,18473,global,0.0
5,5,lr1e-04_bs16_drop0p4_temp1p0_a0p25_b0p05__wd1e-04trmiss0_degmodglobal,16,0.0001,0.0001,0.4,1.0,0.25,0.05,lr1e-04_bs16_drop0p4_temp1p0_a0p25_b0p05__wd1e-04trmiss0_degmodglobal,53,0.6164912730455399,0.7134263515472412,0.41666666666666663,0.6401826568493236,0.6923076923076923,0.0,0.43477416038513184,0.5541012138128281,0.1807812675833702,0.3438948169350624,0.0,0.0,0.0,0.0,0.0,18473,global,0.0
5,5,lr1e-04_bs16_drop0p4_temp1p0_a0p25_b0p05__wd1e-04trmiss0_degmodglobal,16,0.0001,0.0001,0.4,1.0,0.25,0.05,lr1e-04_bs16_drop0p4_temp1p0_a0p25_b0p05__wd1e-04trmiss0_degmodglobal,54,0.5772354900836945,0.7118350267410278,0.41666666666666663,0.6401826568493236,0.6923076923076923,0.0,0.46084874123334885,0.5327758938074112,0.13357587344944477,0.22131263464689255,0.0,0.0,0.0,0.0,0.0,18473,global,0.0
5,5,lr1e-04_bs16_drop0p4_temp1p0_a0p25_b0p05__wd1e-04trmiss0_degmodglobal,16,0.0001,0.0001,0.4,1.0,0.25,0.05,lr1e-04_bs16_drop0p4_temp1p0_a0p25_b0p05__wd1e-04trmiss0_degmodglobal,55,0.6347742676734924,0.7153722643852234,0.41666666666666663,0.6401826568493236,0.6153846153846154,0.0,0.506644606590271,0.5821426659822464,0.16011590510606766,0.2520521730184555,0.0,0.0,0.0,0.0,0.0,18473,global,0.0
5,5,lr1e-04_bs16_drop0p4_temp1p0_a0p25_b0p05__wd1e-04trmiss0_degmodglobal,16,0.0001,0.0001,0.4,1.0,0.25,0.05,lr1e-04_bs16_drop0p4_temp1p0_a0p25_b0p05__wd1e-04trmiss0_degmodglobal,56,0.574520081281662,0.713811457157135,0.41666666666666663,0.6401826568493236,0.6153846153846154,0.0,0.44931384176015854,0.5242528691887856,0.15530714765191078,0.2288082130253315,0.0,0.0,0.0,0.0,0.0,18473,global,0.0
5,5,lr1e-04_bs16_drop0p4_temp1p0_a0p25_b0p05__wd1e-04trmiss0_degmodglobal,16,0.0001,0.0001,0.4,1.0,0.25,0.05,lr1e-04_bs16_drop0p4_temp1p0_a0p25_b0p05__wd1e-04trmiss0_degmodglobal,57,0.6036920323967934,0.7159250974655151,0.41666666666666663,0.6401826568493236,0.5384615384615384,0.0,0.48801494389772415,0.554276593029499,0.1558100413531065,0.20925883203744888,0.0,0.0,0.0,0.0,0.0,18473,global,0.0
5,5,lr1e-04_bs16_drop0p4_temp1p0_a0p25_b0p05__wd1e-04trmiss0_degmodglobal,16,0.0001,0.0001,0.4,1.0,0.25,0.05,lr1e-04_bs16_drop0p4_temp1p0_a0p25_b0p05__wd1e-04trmiss0_degmodglobal,58,0.5424172803759575,0.7149186134338379,0.41666666666666663,0.6401826568493236,0.5384615384615384,0.0,0.4728439152240753,0.5005518943071365,0.12354813702404499,0.21956688910722733,0.0,0.0,0.0,0.0,0.0,18473,global,0.0
5,5,lr1e-04_bs16_drop0p4_temp1p0_a0p25_b0p05__wd1e-04trmiss0_degmodglobal,16,0.0001,0.0001,0.4,1.0,0.25,0.05,lr1e-04_bs16_drop0p4_temp1p0_a0p25_b0p05__wd1e-04trmiss0_degmodglobal,59,0.6088046580553055,0.7150164842605591,0.41666666666666663,0.6401826568493236,0.6153846153846154,0.0,0.46604733169078827,0.5619826763868332,0.13103179074823856,0.28128112852573395,0.0,0.0,0.0,0.0,0.0,18473,global,0.0
5,5,lr1e-04_bs16_drop0p4_temp1p0_a0p25_b0p05__wd1e-04trmiss0_degmodglobal,16,0.0001,0.0001,0.4,1.0,0.25,0.05,lr1e-04_bs16_drop0p4_temp1p0_a0p25_b0p05__wd1e-04trmiss0_degmodglobal,60,0.5766637474298477,0.7148349285125732,0.41666666666666663,0.6401826568493236,0.6153846153846154,0.0,0.44428185373544693,0.5204846262931824,0.1691192239522934,0.2779860086739063,0.0,0.0,0.0,0.0,0.0,18473,global,0.0
5,5,lr1e-04_bs16_drop0p4_temp1p0_a0p25_b0p05__wd1e-04trmiss0_degmodglobal,16,0.0001,0.0001,0.4,1.0,0.25,0.05,lr1e-04_bs16_drop0p4_temp1p0_a0p25_b0p05__wd1e-04trmiss0_degmodglobal,61,0.5745449960231781,0.7161374092102051,0.41666666666666663,0.6401826568493236,0.6153846153846154,0.0,0.45667435973882675,0.5213605314493179,0.16211837716400623,0.2530980035662651,0.0,0.0,0.0,0.0,0.0,18473,global,0.0
5,5,lr1e-04_bs16_drop0p4_temp1p0_a0p25_b0p05__wd1e-04trmiss0_degmodglobal,16,0.0001,0.0001,0.4,1.0,0.25,0.05,lr1e-04_bs16_drop0p4_temp1p0_a0p25_b0p05__wd1e-04trmiss0_degmodglobal,62,0.6149763017892838,0.7181540727615356,0.41666666666666663,0.6401826568493236,0.5384615384615384,0.0,0.4755312129855156,0.5635659098625183,0.15132105723023415,0.2716028317809105,0.0,0.0,0.0,0.0,0.0,18473,global,0.0
5,5,lr1e-04_bs16_drop0p4_temp1p0_a0p25_b0p05__wd1e-04trmiss0_degmodglobal,16,0.0001,0.0001,0.4,1.0,0.25,0.05,lr1e-04_bs16_drop0p4_temp1p0_a0p25_b0p05__wd1e-04trmiss0_degmodglobal,63,0.588113084435463,0.7189155220985413,0.41666666666666663,0.6401826568493236,0.5384615384615384,0.0,0.43435952812433243,0.5475798845291138,0.11803852021694183,0.22047147527337074,0.0,0.0,0.0,0.0,0.0,18473,global,0.0
5,5,lr1e-04_bs16_drop0p4_temp1p0_a0p25_b0p05__wd1e-04trmiss0_degmodglobal,16,0.0001,0.0001,0.4,1.0,0.25,0.05,lr1e-04_bs16_drop0p4_temp1p0_a0p25_b0p05__wd1e-04trmiss0_degmodglobal,64,0.5898396223783493,0.7196182608604431,0.41666666666666663,0.6401826568493236,0.5384615384615384,0.0,0.49272824823856354,0.5408859401941299,0.14839795231819153,0.2370840609073639,0.0,0.0,0.0,0.0,0.0,18473,global,0.0
5,5,lr1e-04_bs16_drop0p4_temp1p0_a0p25_b0p05__wd1e-04trmiss0_degmodglobal,16,0.0001,0.0001,0.4,1.0,0.25,0.05,lr1e-04_bs16_drop0p4_temp1p0_a0p25_b0p05__wd1e-04trmiss0_degmodglobal,65,0.5784119218587875,0.7167519927024841,0.41666666666666663,0.6401826568493236,0.5384615384615384,0.0,0.4536310061812401,0.5307214260101318,0.13651752192527056,0.2712224181741476,0.0,0.0,0.0,0.0,0.0,18473,global,0.0
5,5,lr1e-04_bs16_drop0p4_temp1p0_a0p25_b0p05__wd1e-04trmiss0_degmodglobal,16,0.0001,0.0001,0.4,1.0,0.25,0.05,lr1e-04_bs16_drop0p4_temp1p0_a0p25_b0p05__wd1e-04trmiss0_degmodglobal,66,0.5854332000017166,0.7153985500335693,0.41666666666666663,0.6401826568493236,0.6153846153846154,0.0,0.4602511301636696,0.5296894162893295,0.17170824110507965,0.2563345730304718,0.0,0.0,0.0,0.0,0.0,18473,global,0.0
5,5,lr1e-04_bs16_drop0p4_temp1p0_a0p25_b0p05__wd1e-04trmiss0_degmodglobal,16,0.0001,0.0001,0.4,1.0,0.25,0.05,lr1e-04_bs16_drop0p4_temp1p0_a0p25_b0p05__wd1e-04trmiss0_degmodglobal,67,0.6274974346160889,0.7127711772918701,0.41666666666666663,0.6401826568493236,0.6153846153846154,0.0,0.4808911234140396,0.5758690536022186,0.1532740257680416,0.26619701460003853,0.0,0.0,0.0,0.0,0.0,18473,global,0.0
5,5,lr1e-04_bs16_drop0p4_temp1p0_a0p25_b0p05__wd1e-04trmiss0_degmodglobal,16,0.0001,0.0001,0.4,1.0,0.25,0.05,lr1e-04_bs16_drop0p4_temp1p0_a0p25_b0p05__wd1e-04trmiss0_degmodglobal,68,0.5874931365251541,0.7145698070526123,0.41666666666666663,0.6401826568493236,0.6153846153846154,0.0,0.4411284625530243,0.533184140920639,0.16292915865778923,0.27153416723012924,0.0,0.0,0.0,0.0,0.0,18473,global,0.0
5,5,lr1e-04_bs16_drop0p4_temp2p0_a0p25_b0p05__wd1e-04trmiss0_degmodglobal,16,0.0001,0.0001,0.4,2.0,0.25,0.05,lr1e-04_bs16_drop0p4_temp2p0_a0p25_b0p05__wd1e-04trmiss0_degmodglobal,1,0.7243218570947647,0.7141703367233276,0.41666666666666663,0.6928451178451178,0.3076923076923077,0.0,0.6757280975580215,0.6987299174070358,0.06780360825359821,0.1728206779807806,0.0,0.0,0.0,0.0,0.0,18473,global,0.0
5,5,lr1e-04_bs16_drop0p4_temp2p0_a0p25_b0p05__wd1e-04trmiss0_degmodglobal,16,0.0001,0.0001,0.4,2.0,0.25,0.05,lr1e-04_bs16_drop0p4_temp2p0_a0p25_b0p05__wd1e-04trmiss0_degmodglobal,2,0.6851432174444199,0.7116298675537109,0.49999999999999994,0.6938863605530272,0.38461538461538464,0.0,0.651529535651207,0.6535609811544418,0.08246836252510548,0.21930296532809734,0.0,0.0,0.0,0.0,0.0,18473,global,0.0
5,5,lr1e-04_bs16_drop0p4_temp2p0_a0p25_b0p05__wd1e-04trmiss0_degmodglobal,16,0.0001,0.0001,0.4,2.0,0.25,0.05,lr1e-04_bs16_drop0p4_temp2p0_a0p25_b0p05__wd1e-04trmiss0_degmodglobal,3,0.6697723418474197,0.7125796675682068,0.5,0.7630782797449465,0.46153846153846156,0.0,0.6511291414499283,0.6475403904914856,0.05403292644768953,0.17447400465607643,0.0,0.0,0.0,0.0,0.0,18473,global,0.0
5,5,lr1e-04_bs16_drop0p4_temp2p0_a0p25_b0p05__wd1e-04trmiss0_degmodglobal,16,0.0001,0.0001,0.4,2.0,0.25,0.05,lr1e-04_bs16_drop0p4_temp2p0_a0p25_b0p05__wd1e-04trmiss0_degmodglobal,4,0.6642147302627563,0.7119356393814087,0.5,0.748880748880749,0.3076923076923077,0.0,0.6102545112371445,0.6444118022918701,0.05660274624824524,0.11304464377462864,0.0,0.0,0.0,0.0,0.0,18473,global,0.0
5,5,lr1e-04_bs16_drop0p4_temp2p0_a0p25_b0p05__wd1e-04trmiss0_degmodglobal,16,0.0001,0.0001,0.4,2.0,0.25,0.05,lr1e-04_bs16_drop0p4_temp2p0_a0p25_b0p05__wd1e-04trmiss0_degmodglobal,5,0.6564699560403824,0.7148389220237732,0.5833333333333333,0.7316017316017317,0.3076923076923077,0.0,0.6455773115158081,0.6335449516773224,0.06197291240096092,0.14863534085452557,0.0,0.0,0.0,0.0,0.0,18473,global,0.0
5,5,lr1e-04_bs16_drop0p4_temp2p0_a0p25_b0p05__wd1e-04trmiss0_degmodglobal,16,0.0001,0.0001,0.4,2.0,0.25,0.05,lr1e-04_bs16_drop0p4_temp2p0_a0p25_b0p05__wd1e-04trmiss0_degmodglobal,6,0.6077182739973068,0.715840756893158,0.5,0.6916546416546417,0.38461538461538464,0.0,0.576121523976326,0.5883945375680923,0.054399256594479084,0.11447829194366932,0.0,0.0,0.0,0.0,0.0,18473,global,0.0
5,5,lr1e-04_bs16_drop0p4_temp2p0_a0p25_b0p05__wd1e-04trmiss0_degmodglobal,16,0.0001,0.0001,0.4,2.0,0.25,0.05,lr1e-04_bs16_drop0p4_temp2p0_a0p25_b0p05__wd1e-04trmiss0_degmodglobal,7,0.628313347697258,0.7006523013114929,0.5277777777777778,0.6917107583774251,0.38461538461538464,0.0,0.5960324555635452,0.6031389981508255,0.0690748579800129,0.15811269916594028,0.0,0.0,0.0,0.0,0.0,18473,global,0.0
5,5,lr1e-04_bs16_drop0p4_temp2p0_a0p25_b0p05__wd1e-04trmiss0_degmodglobal,16,0.0001,0.0001,0.4,2.0,0.25,0.05,lr1e-04_bs16_drop0p4_temp2p0_a0p25_b0p05__wd1e-04trmiss0_degmodglobal,8,0.6194406598806381,0.6995947360992432,0.5555555555555556,0.7363235529902197,0.46153846153846156,0.0,0.5746245980262756,0.5988574624061584,0.05958475824445486,0.11374000273644924,0.0,0.0,0.0,0.0,0.0,18473,global,0.0
5,5,lr1e-04_bs16_drop0p4_temp2p0_a0p25_b0p05__wd1e-04trmiss0_degmodglobal,16,0.0001,0.0001,0.4,2.0,0.25,0.05,lr1e-04_bs16_drop0p4_temp2p0_a0p25_b0p05__wd1e-04trmiss0_degmodglobal,9,0.6737315356731415,0.7042575478553772,0.5555555555555556,0.7363235529902197,0.46153846153846156,0.0,0.5797637403011322,0.6394113004207611,0.1020464077591896,0.176172636449337,0.0,0.0,0.0,0.0,0.0,18473,global,0.0
5,5,lr1e-04_bs16_drop0p4_temp2p0_a0p25_b0p05__wd1e-04trmiss0_degmodglobal,16,0.0001,0.0001,0.4,2.0,0.25,0.05,lr1e-04_bs16_drop0p4_temp2p0_a0p25_b0p05__wd1e-04trmiss0_degmodglobal,10,0.6144278794527054,0.7215889692306519,0.4722222222222222,0.6667819834486501,0.23076923076923078,0.0,0.5706570446491241,0.5912603437900543,0.06750658992677927,0.12581767328083515,0.0,0.0,0.0,0.0,0.0,18473,global,0.0
5,5,lr1e-04_bs16_drop0p4_temp2p0_a0p25_b0p05__wd1e-04trmiss0_degmodglobal,16,0.0001,0.0001,0.4,2.0,0.25,0.05,lr1e-04_bs16_drop0p4_temp2p0_a0p25_b0p05__wd1e-04trmiss0_degmodglobal,11,0.6104171723127365,0.7211792469024658,0.4444444444444444,0.7056147556147556,0.3076923076923077,0.0,0.5514746755361557,0.5826266556978226,0.0806655427441001,0.15248266607522964,0.0,0.0,0.0,0.0,0.0,18473,global,0.0
5,5,lr1e-04_bs16_drop0p4_temp2p0_a0p25_b0p05__wd1e-04trmiss0_degmodglobal,16,0.0001,0.0001,0.4,2.0,0.25,0.05,lr1e-04_bs16_drop0p4_temp2p0_a0p25_b0p05__wd1e-04trmiss0_degmodglobal,12,0.6247519999742508,0.703732430934906,0.5,0.6916546416546417,0.38461538461538464,0.0,0.5269007384777069,0.5971091091632843,0.07666697353124619,0.16952302493155003,0.0,0.0,0.0,0.0,0.0,18473,global,0.0
5,5,lr1e-04_bs16_drop0p4_temp2p0_a0p25_b0p05__wd1e-04trmiss0_degmodglobal,16,0.0001,0.0001,0.4,2.0,0.25,0.05,lr1e-04_bs16_drop0p4_temp2p0_a0p25_b0p05__wd1e-04trmiss0_degmodglobal,13,0.5918924510478973,0.6987916827201843,0.5277777777777778,0.7002966169632837,0.38461538461538464,0.0,0.5412947237491608,0.564770981669426,0.07753547932952642,0.15475212037563324,0.0,0.0,0.0,0.0,0.0,18473,global,0.0
5,5,lr1e-04_bs16_drop0p4_temp2p0_a0p25_b0p05__wd1e-04trmiss0_degmodglobal,16,0.0001,0.0001,0.4,2.0,0.25,0.05,lr1e-04_bs16_drop0p4_temp2p0_a0p25_b0p05__wd1e-04trmiss0_degmodglobal,14,0.6224586367607117,0.6966765522956848,0.5555555555555556,0.7083774250440917,0.46153846153846156,0.0,0.5369190573692322,0.5974754989147186,0.0762027408927679,0.11864913441240788,0.0,0.0,0.0,0.0,0.0,18473,global,0.0
5,5,lr1e-04_bs16_drop0p4_temp2p0_a0p25_b0p05__wd1e-04trmiss0_degmodglobal,16,0.0001,0.0001,0.4,2.0,0.25,0.05,lr1e-04_bs16_drop0p4_temp2p0_a0p25_b0p05__wd1e-04trmiss0_degmodglobal,15,0.5990153104066849,0.6895461678504944,0.5555555555555556,0.7219286885953553,0.6153846153846154,0.0,0.5380965769290924,0.582162469625473,0.05416401522234082,0.06623651273548603,0.0,0.0,0.0,0.0,0.0,18473,global,0.0
5,5,lr1e-04_bs16_drop0p4_temp2p0_a0p25_b0p05__wd1e-04trmiss0_degmodglobal,16,0.0001,0.0001,0.4,2.0,0.25,0.05,lr1e-04_bs16_drop0p4_temp2p0_a0p25_b0p05__wd1e-04trmiss0_degmodglobal,16,0.5967704951763153,0.6750877499580383,0.5833333333333333,0.7338334505001172,0.6923076923076923,0.0,0.4906277731060982,0.5634535849094391,0.08986539021134377,0.21701083704829216,0.0,0.0,0.0,0.0,0.0,18473,global,0.0
5,5,lr1e-04_bs16_drop0p4_temp2p0_a0p25_b0p05__wd1e-04trmiss0_degmodglobal,16,0.0001,0.0001,0.4,2.0,0.25,0.05,lr1e-04_bs16_drop0p4_temp2p0_a0p25_b0p05__wd1e-04trmiss0_degmodglobal,17,0.5917988568544388,0.6809468865394592,0.5555555555555556,0.7219286885953553,0.6153846153846154,0.0,0.5249058604240417,0.5634768009185791,0.08081158250570297,0.16238308884203434,0.0,0.0,0.0,0.0,0.0,18473,global,0.0
5,5,lr1e-04_bs16_drop0p4_temp2p0_a0p25_b0p05__wd1e-04trmiss0_degmodglobal,16,0.0001,0.0001,0.4,2.0,0.25,0.05,lr1e-04_bs16_drop0p4_temp2p0_a0p25_b0p05__wd1e-04trmiss0_degmodglobal,18,0.6132012903690338,0.7054609656333923,0.49999999999999994,0.6938863605530272,0.46153846153846156,0.0,0.5748783946037292,0.5874598771333694,0.07469159178435802,0.14137046225368977,0.0,0.0,0.0,0.0,0.0,18473,global,0.0
5,5,lr1e-04_bs16_drop0p4_temp2p0_a0p25_b0p05__wd1e-04trmiss0_degmodglobal,16,0.0001,0.0001,0.4,2.0,0.25,0.05,lr1e-04_bs16_drop0p4_temp2p0_a0p25_b0p05__wd1e-04trmiss0_degmodglobal,19,0.5605868846178055,0.7140963673591614,0.4722222222222222,0.6667819834486501,0.3076923076923077,0.0,0.5288027375936508,0.5374089330434799,0.06932460889220238,0.1169358491897583,0.0,0.0,0.0,0.0,0.0,18473,global,0.0
5,5,lr1e-04_bs16_drop0p4_temp2p0_a0p25_b0p05__wd1e-04trmiss0_degmodglobal,16,0.0001,0.0001,0.4,2.0,0.25,0.05,lr1e-04_bs16_drop0p4_temp2p0_a0p25_b0p05__wd1e-04trmiss0_degmodglobal,20,0.5843984484672546,0.6962953209877014,0.5277777777777778,0.6917107583774251,0.46153846153846156,0.0,0.48999258875846863,0.5546058490872383,0.08129637874662876,0.18937046267092228,0.0,0.0,0.0,0.0,0.0,18473,global,0.0
5,5,lr1e-04_bs16_drop0p4_temp2p0_a0p25_b0p05__wd1e-04trmiss0_degmodglobal,16,0.0001,0.0001,0.4,2.0,0.25,0.05,lr1e-04_bs16_drop0p4_temp2p0_a0p25_b0p05__wd1e-04trmiss0_degmodglobal,21,0.6145886927843094,0.6905763149261475,0.5277777777777778,0.6917107583774251,0.5384615384615384,0.0,0.5018640384078026,0.5802620500326157,0.09415928833186626,0.21573615074157715,0.0,0.0,0.0,0.0,0.0,18473,global,0.0
5,5,lr1e-04_bs16_drop0p4_temp2p0_a0p25_b0p05__wd1e-04trmiss0_degmodglobal,16,0.0001,0.0001,0.4,2.0,0.25,0.05,lr1e-04_bs16_drop0p4_temp2p0_a0p25_b0p05__wd1e-04trmiss0_degmodglobal,22,0.6233440935611725,0.6889681816101074,0.5,0.6853005019671686,0.5384615384615384,0.0,0.4882950410246849,0.5778427720069885,0.11198052763938904,0.3501238226890564,0.0,0.0,0.0,0.0,0.0,18473,global,0.0
5,5,lr1e-04_bs16_drop0p4_temp2p0_a0p25_b0p05__wd1e-04trmiss0_degmodglobal,16,0.0001,0.0001,0.4,2.0,0.25,0.05,lr1e-04_bs16_drop0p4_temp2p0_a0p25_b0p05__wd1e-04trmiss0_degmodglobal,23,0.5717412531375885,0.7021670937538147,0.4444444444444444,0.64659291325958,0.38461538461538464,0.0,0.4864063262939453,0.5408648401498795,0.08468463364988565,0.1941048689186573,0.0,0.0,0.0,0.0,0.0,18473,global,0.0
5,5,lr1e-04_bs16_drop0p4_temp2p0_a0p25_b0p05__wd1e-04trmiss0_degmodglobal,16,0.0001,0.0001,0.4,2.0,0.25,0.05,lr1e-04_bs16_drop0p4_temp2p0_a0p25_b0p05__wd1e-04trmiss0_degmodglobal,24,0.6059687733650208,0.7084701657295227,0.4444444444444444,0.64659291325958,0.38461538461538464,0.0,0.4581112563610077,0.5665374547243118,0.10287315212190151,0.2742604725062847,0.0,0.0,0.0,0.0,0.0,18473,global,0.0
5,5,lr1e-04_bs16_drop0p4_temp2p0_a0p25_b0p05__wd1e-04trmiss0_degmodglobal,16,0.0001,0.0001,0.4,2.0,0.25,0.05,lr1e-04_bs16_drop0p4_temp2p0_a0p25_b0p05__wd1e-04trmiss0_degmodglobal,25,0.5857899338006973,0.7080748677253723,0.4722222222222222,0.6651114317780985,0.38461538461538464,0.0,0.4705313816666603,0.5555980354547501,0.08004945889115334,0.20359064638614655,0.0,0.0,0.0,0.0,0.0,18473,global,0.0
5,5,lr1e-04_bs16_drop0p4_temp2p0_a0p25_b0p05__wd1e-04trmiss0_degmodglobal,16,0.0001,0.0001,0.4,2.0,0.25,0.05,lr1e-04_bs16_drop0p4_temp2p0_a0p25_b0p05__wd1e-04trmiss0_degmodglobal,26,0.5790087878704071,0.7004075050354004,0.4444444444444444,0.6587011753678421,0.5384615384615384,0.0,0.48516400158405304,0.5415190160274506,0.09529322944581509,0.2733293380588293,0.0,0.0,0.0,0.0,0.0,18473,global,0.0
5,5,lr1e-04_bs16_drop0p4_temp2p0_a0p25_b0p05__wd1e-04trmiss0_degmodglobal,16,0.0001,0.0001,0.4,2.0,0.25,0.05,lr1e-04_bs16_drop0p4_temp2p0_a0p25_b0p05__wd1e-04trmiss0_degmodglobal,27,0.5567128509283066,0.6997237205505371,0.4722222222222222,0.6667819834486501,0.5384615384615384,0.0,0.466352142393589,0.5288016200065613,0.08136399276554585,0.15140462946146727,0.0,0.0,0.0,0.0,0.0,18473,global,0.0
5,5,lr1e-04_bs16_drop0p4_temp2p0_a0p25_b0p05__wd1e-04trmiss0_degmodglobal,16,0.0001,0.0001,0.4,2.0,0.25,0.05,lr1e-04_bs16_drop0p4_temp2p0_a0p25_b0p05__wd1e-04trmiss0_degmodglobal,28,0.5796081274747849,0.7019724249839783,0.4722222222222222,0.6667819834486501,0.5384615384615384,0.0,0.46331317722797394,0.5371801406145096,0.11432530172169209,0.2769332826137543,0.0,0.0,0.0,0.0,0.0,18473,global,0.0
5,5,lr1e-04_bs16_drop0p4_temp2p0_a0p25_b0p05__wd1e-04trmiss0_degmodglobal,16,0.0001,0.0001,0.4,2.0,0.25,0.05,lr1e-04_bs16_drop0p4_temp2p0_a0p25_b0p05__wd1e-04trmiss0_degmodglobal,29,0.5716072022914886,0.7038540244102478,0.4722222222222222,0.6667819834486501,0.5384615384615384,0.0,0.4832495003938675,0.5322770923376083,0.1080746566876769,0.24622836709022522,0.0,0.0,0.0,0.0,0.0,18473,global,0.0
5,5,lr1e-04_bs16_drop0p4_temp2p0_a0p25_b0p05__wd1e-04trmiss0_degmodglobal,16,0.0001,0.0001,0.4,2.0,0.25,0.05,lr1e-04_bs16_drop0p4_temp2p0_a0p25_b0p05__wd1e-04trmiss0_degmodglobal,30,0.5418729782104492,0.7023380398750305,0.4444444444444444,0.6587011753678421,0.5384615384615384,0.0,0.44738590717315674,0.5023445188999176,0.11403065174818039,0.22041583806276321,0.0,0.0,0.0,0.0,0.0,18473,global,0.0
5,5,lr1e-04_bs16_drop0p4_temp2p0_a0p25_b0p05__wd1e-04trmiss0_degmodglobal,16,0.0001,0.0001,0.4,2.0,0.25,0.05,lr1e-04_bs16_drop0p4_temp2p0_a0p25_b0p05__wd1e-04trmiss0_degmodglobal,31,0.5563105791807175,0.6982367038726807,0.4444444444444444,0.6587011753678421,0.5384615384615384,0.0,0.49824412167072296,0.5292203575372696,0.06968647427856922,0.1933721862733364,0.0,0.0,0.0,0.0,0.0,18473,global,0.0
5,5,lr1e-04_bs16_drop0p4_temp2p0_a0p25_b0p05__wd1e-04trmiss0_degmodglobal,16,0.0001,0.0001,0.4,2.0,0.25,0.05,lr1e-04_bs16_drop0p4_temp2p0_a0p25_b0p05__wd1e-04trmiss0_degmodglobal,32,0.5661734789609909,0.708586573600769,0.4166666666666667,0.6519671686338354,0.46153846153846156,0.0,0.4562213346362114,0.5336776077747345,0.09822671487927437,0.1587839052081108,0.0,0.0,0.0,0.0,0.0,18473,global,0.0
5,5,lr1e-04_bs16_drop0p4_temp2p0_a0p25_b0p05__wd1e-04trmiss0_degmodglobal,16,0.0001,0.0001,0.4,2.0,0.25,0.05,lr1e-04_bs16_drop0p4_temp2p0_a0p25_b0p05__wd1e-04trmiss0_degmodglobal,33,0.5778901875019073,0.7174747586250305,0.3888888888888889,0.6334486501153169,0.38461538461538464,0.0,0.48290495574474335,0.5421217828989029,0.10885832831263542,0.1710766926407814,0.0,0.0,0.0,0.0,0.0,18473,global,0.0
5,5,lr1e-04_bs16_drop0p4_temp2p0_a0p25_b0p05__wd1e-04trmiss0_degmodglobal,16,0.0001,0.0001,0.4,2.0,0.25,0.05,lr1e-04_bs16_drop0p4_temp2p0_a0p25_b0p05__wd1e-04trmiss0_degmodglobal,34,0.5495344698429108,0.7219282388687134,0.3888888888888889,0.6334486501153169,0.38461538461538464,0.0,0.4357592612504959,0.5193544775247574,0.08008177578449249,0.2031911499798298,0.0,0.0,0.0,0.0,0.0,18473,global,0.0
5,5,lr1e-04_bs16_drop0p4_temp2p0_a0p25_b0p05__wd1e-04trmiss0_degmodglobal,16,0.0001,0.0001,0.4,2.0,0.25,0.05,lr1e-04_bs16_drop0p4_temp2p0_a0p25_b0p05__wd1e-04trmiss0_degmodglobal,35,0.5512419044971466,0.7148640155792236,0.41666666666666663,0.6401826568493236,0.46153846153846156,0.0,0.4567149132490158,0.5207440853118896,0.08532646298408508,0.1833242028951645,0.0,0.0,0.0,0.0,0.0,18473,global,0.0
5,5,lr1e-04_bs16_drop0p4_temp2p0_a0p25_b0p05__wd1e-04trmiss0_degmodglobal,16,0.0001,0.0001,0.4,2.0,0.25,0.05,lr1e-04_bs16_drop0p4_temp2p0_a0p25_b0p05__wd1e-04trmiss0_degmodglobal,36,0.5614652186632156,0.7067392468452454,0.4722222222222222,0.6667819834486501,0.5384615384615384,0.0,0.46761421114206314,0.521335557103157,0.10617523081600666,0.2717171311378479,0.0,0.0,0.0,0.0,0.0,18473,global,0.0
5,5,lr5e-05_bs16_drop0p2_temp1p0_a0p25_b0p05__wd1e-04trmiss0_degmodglobal,16,5e-05,0.0001,0.2,1.0,0.25,0.05,lr5e-05_bs16_drop0p2_temp1p0_a0p25_b0p05__wd1e-04trmiss0_degmodglobal,1,0.7160452753305435,0.6858528256416321,0.6388888888888888,0.7510461760461762,0.6923076923076923,0.0,0.6748733371496201,0.6996875554323196,0.04459255933761597,0.10419151186943054,0.0,0.0,0.0,0.0,0.0,18473,global,0.0
5,5,lr5e-05_bs16_drop0p2_temp1p0_a0p25_b0p05__wd1e-04trmiss0_degmodglobal,16,5e-05,0.0001,0.2,1.0,0.25,0.05,lr5e-05_bs16_drop0p2_temp1p0_a0p25_b0p05__wd1e-04trmiss0_degmodglobal,2,0.697432354092598,0.6861132383346558,0.6111111111111112,0.7402437069103737,0.6923076923076923,0.0,0.6600187718868256,0.6815600842237473,0.04308403190225363,0.10202512331306934,0.0,0.0,0.0,0.0,0.0,18473,global,0.0
5,5,lr5e-05_bs16_drop0p2_temp1p0_a0p25_b0p05__wd1e-04trmiss0_degmodglobal,16,5e-05,0.0001,0.2,1.0,0.25,0.05,lr5e-05_bs16_drop0p2_temp1p0_a0p25_b0p05__wd1e-04trmiss0_degmodglobal,3,0.6674305349588394,0.6872647404670715,0.6111111111111112,0.7402437069103737,0.6923076923076923,0.0,0.6468300521373749,0.6523550599813461,0.044378722086548805,0.07961558364331722,0.0,0.0,0.0,0.0,0.0,18473,global,0.0
5,5,lr5e-05_bs16_drop0p2_temp1p0_a0p25_b0p05__wd1e-04trmiss0_degmodglobal,16,5e-05,0.0001,0.2,1.0,0.25,0.05,lr5e-05_bs16_drop0p2_temp1p0_a0p25_b0p05__wd1e-04trmiss0_degmodglobal,4,0.6543093323707581,0.6852580308914185,0.6388888888888888,0.7483245149911817,0.6923076923076923,0.0,0.6355340629816055,0.6434564143419266,0.02960115298628807,0.06905291974544525,0.0,0.0,0.0,0.0,0.0,18473,global,0.0
5,5,lr5e-05_bs16_drop0p2_temp1p0_a0p25_b0p05__wd1e-04trmiss0_degmodglobal,16,5e-05,0.0001,0.2,1.0,0.25,0.05,lr5e-05_bs16_drop0p2_temp1p0_a0p25_b0p05__wd1e-04trmiss0_degmodglobal,5,0.6450078040361404,0.6838645935058594,0.6666666666666666,0.7559002725669393,0.6923076923076923,0.0,0.6055582463741302,0.6284749358892441,0.04518241388723254,0.10474534705281258,0.0,0.0,0.0,0.0,0.0,18473,global,0.0
5,5,lr5e-05_bs16_drop0p2_temp1p0_a0p25_b0p05__wd1e-04trmiss0_degmodglobal,16,5e-05,0.0001,0.2,1.0,0.25,0.05,lr5e-05_bs16_drop0p2_temp1p0_a0p25_b0p05__wd1e-04trmiss0_degmodglobal,6,0.6272730976343155,0.687125027179718,0.6666666666666666,0.7559002725669393,0.6153846153846154,0.0,0.5932259261608124,0.6110974997282028,0.04904161486774683,0.07830373384058475,0.0,0.0,0.0,0.0,0.0,18473,global,0.0
5,5,lr5e-05_bs16_drop0p2_temp1p0_a0p25_b0p05__wd1e-04trmiss0_degmodglobal,16,5e-05,0.0001,0.2,1.0,0.25,0.05,lr5e-05_bs16_drop0p2_temp1p0_a0p25_b0p05__wd1e-04trmiss0_degmodglobal,7,0.6197563409805298,0.6879910230636597,0.6111111111111112,0.7364197530864198,0.6153846153846154,0.0,0.5806635469198227,0.6018010526895523,0.050177025608718395,0.10822074208408594,0.0,0.0,0.0,0.0,0.0,18473,global,0.0
5,5,lr5e-05_bs16_drop0p2_temp1p0_a0p25_b0p05__wd1e-04trmiss0_degmodglobal,16,5e-05,0.0001,0.2,1.0,0.25,0.05,lr5e-05_bs16_drop0p2_temp1p0_a0p25_b0p05__wd1e-04trmiss0_degmodglobal,8,0.5996101051568985,0.6862620115280151,0.6111111111111112,0.7364197530864198,0.6153846153846154,0.0,0.5762742459774017,0.5851166993379593,0.042332712560892105,0.07820466719567776,0.0,0.0,0.0,0.0,0.0,18473,global,0.0
5,5,lr5e-05_bs16_drop0p2_temp1p0_a0p25_b0p05__wd1e-04trmiss0_degmodglobal,16,5e-05,0.0001,0.2,1.0,0.25,0.05,lr5e-05_bs16_drop0p2_temp1p0_a0p25_b0p05__wd1e-04trmiss0_degmodglobal,9,0.590570330619812,0.6822899580001831,0.6111111111111112,0.7307679974346641,0.6153846153846154,0.0,0.5703156143426895,0.5734666436910629,0.05484501272439957,0.0678489999845624,0.0,0.0,0.0,0.0,0.0,18473,global,0.0
5,5,lr5e-05_bs16_drop0p2_temp1p0_a0p25_b0p05__wd1e-04trmiss0_degmodglobal,16,5e-05,0.0001,0.2,1.0,0.25,0.05,lr5e-05_bs16_drop0p2_temp1p0_a0p25_b0p05__wd1e-04trmiss0_degmodglobal,10,0.5834095031023026,0.6799270510673523,0.6111111111111112,0.7307679974346641,0.6153846153846154,0.0,0.5421708673238754,0.5641520023345947,0.06407489627599716,0.06477528065443039,0.0,0.0,0.0,0.0,0.0,18473,global,0.0
5,5,lr5e-05_bs16_drop0p2_temp1p0_a0p25_b0p05__wd1e-04trmiss0_degmodglobal,16,5e-05,0.0001,0.2,1.0,0.25,0.05,lr5e-05_bs16_drop0p2_temp1p0_a0p25_b0p05__wd1e-04trmiss0_degmodglobal,11,0.5687654614448547,0.6894418597221375,0.5277777777777778,0.6917107583774251,0.5384615384615384,0.0,0.5631073266267776,0.5471755862236023,0.06310712359845638,0.11626149713993073,0.0,0.0,0.0,0.0,0.0,18473,global,0.0
5,5,lr5e-05_bs16_drop0p2_temp1p0_a0p25_b0p05__wd1e-04trmiss0_degmodglobal,16,5e-05,0.0001,0.2,1.0,0.25,0.05,lr5e-05_bs16_drop0p2_temp1p0_a0p25_b0p05__wd1e-04trmiss0_degmodglobal,12,0.5672120004892349,0.6824000477790833,0.5555555555555556,0.6992865159531826,0.5384615384615384,0.0,0.5456434786319733,0.5506761968135834,0.04974981863051653,0.08196723274886608,0.0,0.0,0.0,0.0,0.0,18473,global,0.0
5,5,lr5e-05_bs16_drop0p2_temp1p0_a0p25_b0p05__wd1e-04trmiss0_degmodglobal,16,5e-05,0.0001,0.2,1.0,0.25,0.05,lr5e-05_bs16_drop0p2_temp1p0_a0p25_b0p05__wd1e-04trmiss0_degmodglobal,13,0.5957300066947937,0.6795070767402649,0.5833333333333334,0.7159531826198493,0.5384615384615384,0.0,0.5873826742172241,0.5764353424310684,0.05121279787272215,0.129829166457057,0.0,0.0,0.0,0.0,0.0,18473,global,0.0
5,5,lr5e-05_bs16_drop0p2_temp1p0_a0p25_b0p05__wd1e-04trmiss0_degmodglobal,16,5e-05,0.0001,0.2,1.0,0.25,0.05,lr5e-05_bs16_drop0p2_temp1p0_a0p25_b0p05__wd1e-04trmiss0_degmodglobal,14,0.6070346683263779,0.6691619753837585,0.5833333333333334,0.7159531826198493,0.5384615384615384,0.0,0.5505440384149551,0.5858781486749649,0.06146824359893799,0.11578922858461738,0.0,0.0,0.0,0.0,0.0,18473,global,0.0
5,5,lr5e-05_bs16_drop0p2_temp1p0_a0p25_b0p05__wd1e-04trmiss0_degmodglobal,16,5e-05,0.0001,0.2,1.0,0.25,0.05,lr5e-05_bs16_drop0p2_temp1p0_a0p25_b0p05__wd1e-04trmiss0_degmodglobal,15,0.5608957707881927,0.6671258211135864,0.5277777777777778,0.6807679974346641,0.6923076923076923,0.0,0.5441742092370987,0.5395510047674179,0.06352916825562716,0.10924915224313736,0.0,0.0,0.0,0.0,0.0,18473,global,0.0
5,5,lr5e-05_bs16_drop0p2_temp1p0_a0p25_b0p05__wd1e-04trmiss0_degmodglobal,16,5e-05,0.0001,0.2,1.0,0.25,0.05,lr5e-05_bs16_drop0p2_temp1p0_a0p25_b0p05__wd1e-04trmiss0_degmodglobal,16,0.5643170326948166,0.6771309971809387,0.5277777777777778,0.6807679974346641,0.6153846153846154,0.0,0.5504266768693924,0.5463669747114182,0.05260823667049408,0.09596004895865917,0.0,0.0,0.0,0.0,0.0,18473,global,0.0
5,5,lr5e-05_bs16_drop0p2_temp1p0_a0p25_b0p05__wd1e-04trmiss0_degmodglobal,16,5e-05,0.0001,0.2,1.0,0.25,0.05,lr5e-05_bs16_drop0p2_temp1p0_a0p25_b0p05__wd1e-04trmiss0_degmodglobal,17,0.525758184492588,0.68439120054245,0.5555555555555556,0.6992865159531826,0.5384615384615384,0.0,0.5123961865901947,0.5040732473134995,0.06346148997545242,0.11639091931283474,0.0,0.0,0.0,0.0,0.0,18473,global,0.0
5,5,lr5e-05_bs16_drop0p2_temp1p0_a0p25_b0p05__wd1e-04trmiss0_degmodglobal,16,5e-05,0.0001,0.2,1.0,0.25,0.05,lr5e-05_bs16_drop0p2_temp1p0_a0p25_b0p05__wd1e-04trmiss0_degmodglobal,18,0.5386779606342316,0.6912036538124084,0.5555555555555556,0.6992865159531826,0.5384615384615384,0.0,0.5393259972333908,0.518013209104538,0.05848315358161926,0.12087931483983994,0.0,0.0,0.0,0.0,0.0,18473,global,0.0
5,5,lr5e-05_bs16_drop0p2_temp1p0_a0p25_b0p05__wd1e-04trmiss0_degmodglobal,16,5e-05,0.0001,0.2,1.0,0.25,0.05,lr5e-05_bs16_drop0p2_temp1p0_a0p25_b0p05__wd1e-04trmiss0_degmodglobal,19,0.5443973690271378,0.6908390522003174,0.5555555555555556,0.6992865159531826,0.5384615384615384,0.0,0.5530992746353149,0.5243311077356339,0.06163054797798395,0.09317255020141602,0.0,0.0,0.0,0.0,0.0,18473,global,0.0
5,5,lr5e-05_bs16_drop0p2_temp1p0_a0p25_b0p05__wd1e-04trmiss0_degmodglobal,16,5e-05,0.0001,0.2,1.0,0.25,0.05,lr5e-05_bs16_drop0p2_temp1p0_a0p25_b0p05__wd1e-04trmiss0_degmodglobal,20,0.5214149728417397,0.6864874958992004,0.5555555555555556,0.6992865159531826,0.5384615384615384,0.0,0.5344809740781784,0.49965425580739975,0.06436784565448761,0.11337511613965034,0.0,0.0,0.0,0.0,0.0,18473,global,0.0
5,5,lr5e-05_bs16_drop0p2_temp1p0_a0p25_b0p05__wd1e-04trmiss0_degmodglobal,16,5e-05,0.0001,0.2,1.0,0.25,0.05,lr5e-05_bs16_drop0p2_temp1p0_a0p25_b0p05__wd1e-04trmiss0_degmodglobal,21,0.543944776058197,0.6807612180709839,0.5277777777777778,0.6807679974346641,0.46153846153846156,0.0,0.5565526783466339,0.5220726728439331,0.0603233752772212,0.1358254086226225,0.0,0.0,0.0,0.0,0.0,18473,global,0.0
5,5,lr5e-05_bs16_drop0p2_temp1p0_a0p25_b0p05__wd1e-04trmiss0_degmodglobal,16,5e-05,0.0001,0.2,1.0,0.25,0.05,lr5e-05_bs16_drop0p2_temp1p0_a0p25_b0p05__wd1e-04trmiss0_degmodglobal,22,0.5604860857129097,0.676950216293335,0.5277777777777778,0.6807679974346641,0.5384615384615384,0.0,0.5341631025075912,0.5411359816789627,0.0561878876760602,0.10606240760535002,0.0,0.0,0.0,0.0,0.0,18473,global,0.0
5,5,lr5e-05_bs16_drop0p2_temp1p0_a0p25_b0p05__wd1e-04trmiss0_degmodglobal,16,5e-05,0.0001,0.2,1.0,0.25,0.05,lr5e-05_bs16_drop0p2_temp1p0_a0p25_b0p05__wd1e-04trmiss0_degmodglobal,23,0.5579677224159241,0.6820043921470642,0.5277777777777778,0.6807679974346641,0.5384615384615384,0.0,0.537414938211441,0.5400471836328506,0.053256246726959944,0.09212949872016907,0.0,0.0,0.0,0.0,0.0,18473,global,0.0
5,5,lr5e-05_bs16_drop0p2_temp1p0_a0p25_b0p05__wd1e-04trmiss0_degmodglobal,16,5e-05,0.0001,0.2,1.0,0.25,0.05,lr5e-05_bs16_drop0p2_temp1p0_a0p25_b0p05__wd1e-04trmiss0_degmodglobal,24,0.5088776350021362,0.6826485991477966,0.5277777777777778,0.6807679974346641,0.6153846153846154,0.0,0.5171622559428215,0.48881837725639343,0.05902693700045347,0.10605049133300781,0.0,0.0,0.0,0.0,0.0,18473,global,0.0
5,5,lr5e-05_bs16_drop0p2_temp1p0_a0p25_b0p05__wd1e-04trmiss0_degmodglobal,16,5e-05,0.0001,0.2,1.0,0.25,0.05,lr5e-05_bs16_drop0p2_temp1p0_a0p25_b0p05__wd1e-04trmiss0_degmodglobal,25,0.5150369703769684,0.6827394962310791,0.5555555555555556,0.6992865159531826,0.5384615384615384,0.0,0.49318739026784897,0.4955047369003296,0.05956603493541479,0.09281496331095695,0.0,0.0,0.0,0.0,0.0,18473,global,0.0
5,5,lr5e-05_bs16_drop0p2_temp2p0_a0p25_b0p05__wd1e-04trmiss0_degmodglobal,16,5e-05,0.0001,0.2,2.0,0.25,0.05,lr5e-05_bs16_drop0p2_temp2p0_a0p25_b0p05__wd1e-04trmiss0_degmodglobal,1,0.736005499958992,0.6639412045478821,0.6388888888888888,0.8558793058793059,0.6153846153846154,0.0,0.7089556902647018,0.7004370093345642,0.09136811457574368,0.25452912226319313,0.0,0.0,0.0,0.0,0.0,18473,global,0.0
5,5,lr5e-05_bs16_drop0p2_temp2p0_a0p25_b0p05__wd1e-04trmiss0_degmodglobal,16,5e-05,0.0001,0.2,2.0,0.25,0.05,lr5e-05_bs16_drop0p2_temp2p0_a0p25_b0p05__wd1e-04trmiss0_degmodglobal,2,0.6760950982570648,0.6779495477676392,0.5277777777777778,0.7778369778369778,0.6153846153846154,0.0,0.7138872742652893,0.6498409509658813,0.0700488518923521,0.17483842745423317,0.0,0.0,0.0,0.0,0.0,18473,global,0.0
5,5,lr5e-05_bs16_drop0p2_temp2p0_a0p25_b0p05__wd1e-04trmiss0_degmodglobal,16,5e-05,0.0001,0.2,2.0,0.25,0.05,lr5e-05_bs16_drop0p2_temp2p0_a0p25_b0p05__wd1e-04trmiss0_degmodglobal,3,0.6657169312238693,0.6890463829040527,0.41666666666666663,0.6714396714396715,0.6153846153846154,0.0,0.6784159988164902,0.6466488391160965,0.05412714835256338,0.11072592437267303,0.0,0.0,0.0,0.0,0.0,18473,global,0.0
5,5,lr5e-05_bs16_drop0p2_temp2p0_a0p25_b0p05__wd1e-04trmiss0_degmodglobal,16,5e-05,0.0001,0.2,2.0,0.25,0.05,lr5e-05_bs16_drop0p2_temp2p0_a0p25_b0p05__wd1e-04trmiss0_degmodglobal,4,0.6571007519960403,0.7005848288536072,0.36111111111111116,0.6426638176638176,0.38461538461538464,0.0,0.6792656183242798,0.6394124627113342,0.047115820460021496,0.11818675510585308,0.0,0.0,0.0,0.0,0.0,18473,global,0.0
5,5,lr5e-05_bs16_drop0p2_temp2p0_a0p25_b0p05__wd1e-04trmiss0_degmodglobal,16,5e-05,0.0001,0.2,2.0,0.25,0.05,lr5e-05_bs16_drop0p2_temp2p0_a0p25_b0p05__wd1e-04trmiss0_degmodglobal,5,0.6582297086715698,0.7062185406684875,0.36111111111111116,0.6426638176638176,0.46153846153846156,0.0,0.6590246707201004,0.6391904056072235,0.05177895165979862,0.12189113534986973,0.0,0.0,0.0,0.0,0.0,18473,global,0.0
5,5,lr5e-05_bs16_drop0p2_temp2p0_a0p25_b0p05__wd1e-04trmiss0_degmodglobal,16,5e-05,0.0001,0.2,2.0,0.25,0.05,lr5e-05_bs16_drop0p2_temp2p0_a0p25_b0p05__wd1e-04trmiss0_degmodglobal,6,0.6486707031726837,0.7044089436531067,0.38888888888888895,0.6525844525844526,0.46153846153846156,0.0,0.6594348698854446,0.6332714408636093,0.041394978761672974,0.10101025644689798,0.0,0.0,0.0,0.0,0.0,18473,global,0.0
5,5,lr5e-05_bs16_drop0p2_temp2p0_a0p25_b0p05__wd1e-04trmiss0_degmodglobal,16,5e-05,0.0001,0.2,2.0,0.25,0.05,lr5e-05_bs16_drop0p2_temp2p0_a0p25_b0p05__wd1e-04trmiss0_degmodglobal,7,0.6099663525819778,0.7031455636024475,0.36111111111111116,0.6426638176638176,0.38461538461538464,0.0,0.6266712099313736,0.5967427343130112,0.03792566433548927,0.0748439459130168,0.0,0.0,0.0,0.0,0.0,18473,global,0.0
5,5,lr5e-05_bs16_drop0p2_temp2p0_a0p25_b0p05__wd1e-04trmiss0_degmodglobal,16,5e-05,0.0001,0.2,2.0,0.25,0.05,lr5e-05_bs16_drop0p2_temp2p0_a0p25_b0p05__wd1e-04trmiss0_degmodglobal,8,0.617370679974556,0.7053765654563904,0.36111111111111116,0.6426638176638176,0.38461538461538464,0.0,0.6426697075366974,0.5969066321849823,0.05528920516371727,0.1328345462679863,0.0,0.0,0.0,0.0,0.0,18473,global,0.0
5,5,lr5e-05_bs16_drop0p2_temp2p0_a0p25_b0p05__wd1e-04trmiss0_degmodglobal,16,5e-05,0.0001,0.2,2.0,0.25,0.05,lr5e-05_bs16_drop0p2_temp2p0_a0p25_b0p05__wd1e-04trmiss0_degmodglobal,9,0.6125016957521439,0.7015132904052734,0.2777777777777778,0.613899988899989,0.5384615384615384,0.0,0.6102164536714554,0.5965455323457718,0.04667275631800294,0.08575928956270218,0.0,0.0,0.0,0.0,0.0,18473,global,0.0
5,5,lr5e-05_bs16_drop0p2_temp2p0_a0p25_b0p05__wd1e-04trmiss0_degmodglobal,16,5e-05,0.0001,0.2,2.0,0.25,0.05,lr5e-05_bs16_drop0p2_temp2p0_a0p25_b0p05__wd1e-04trmiss0_degmodglobal,10,0.5933687090873718,0.6999402046203613,0.3055555555555556,0.620970695970696,0.5384615384615384,0.0,0.617115393280983,0.5744689255952835,0.05316650588065386,0.11216273903846741,0.0,0.0,0.0,0.0,0.0,18473,global,0.0
5,5,lr5e-05_bs16_drop0p2_temp2p0_a0p25_b0p05__wd1e-04trmiss0_degmodglobal,16,5e-05,0.0001,0.2,2.0,0.25,0.05,lr5e-05_bs16_drop0p2_temp2p0_a0p25_b0p05__wd1e-04trmiss0_degmodglobal,11,0.5969095379114151,0.693969190120697,0.36111111111111105,0.6388158138158138,0.6153846153846154,0.0,0.6043882817029953,0.5821387618780136,0.04394072573632002,0.07571185939013958,0.0,0.0,0.0,0.0,0.0,18473,global,0.0
5,5,lr5e-05_bs16_drop0p2_temp2p0_a0p25_b0p05__wd1e-04trmiss0_degmodglobal,16,5e-05,0.0001,0.2,2.0,0.25,0.05,lr5e-05_bs16_drop0p2_temp2p0_a0p25_b0p05__wd1e-04trmiss0_degmodglobal,12,0.5661746561527252,0.6897002458572388,0.36111111111111105,0.6388158138158138,0.6153846153846154,0.0,0.598395511507988,0.5490445643663406,0.04770097881555557,0.10409731976687908,0.0,0.0,0.0,0.0,0.0,18473,global,0.0
5,5,lr5e-05_bs16_drop0p2_temp2p0_a0p25_b0p05__wd1e-04trmiss0_degmodglobal,16,5e-05,0.0001,0.2,2.0,0.25,0.05,lr5e-05_bs16_drop0p2_temp2p0_a0p25_b0p05__wd1e-04trmiss0_degmodglobal,13,0.5969054251909256,0.6878836750984192,0.41666666666666663,0.6558080808080808,0.6153846153846154,0.0,0.6184925138950348,0.5812766700983047,0.04311829525977373,0.09698362275958061,0.0,0.0,0.0,0.0,0.0,18473,global,0.0
5,5,lr5e-05_bs16_drop0p2_temp2p0_a0p25_b0p05__wd1e-04trmiss0_degmodglobal,16,5e-05,0.0001,0.2,2.0,0.25,0.05,lr5e-05_bs16_drop0p2_temp2p0_a0p25_b0p05__wd1e-04trmiss0_degmodglobal,14,0.5903165638446808,0.6880373358726501,0.4166666666666667,0.6472101972101972,0.5384615384615384,0.0,0.6117694675922394,0.5691729933023453,0.05959703866392374,0.12488606199622154,0.0,0.0,0.0,0.0,0.0,18473,global,0.0
5,5,lr5e-05_bs16_drop0p2_temp2p0_a0p25_b0p05__wd1e-04trmiss0_degmodglobal,16,5e-05,0.0001,0.2,2.0,0.25,0.05,lr5e-05_bs16_drop0p2_temp2p0_a0p25_b0p05__wd1e-04trmiss0_degmodglobal,15,0.5973958969116211,0.6845343708992004,0.4166666666666667,0.6472101972101972,0.6153846153846154,0.0,0.6118427664041519,0.5819587409496307,0.04399428050965071,0.08877178095281124,0.0,0.0,0.0,0.0,0.0,18473,global,0.0
5,5,lr5e-05_bs16_drop0p2_temp2p0_a0p25_b0p05__wd1e-04trmiss0_degmodglobal,16,5e-05,0.0001,0.2,2.0,0.25,0.05,lr5e-05_bs16_drop0p2_temp2p0_a0p25_b0p05__wd1e-04trmiss0_degmodglobal,16,0.601433739066124,0.6826406717300415,0.4166666666666667,0.6472101972101972,0.6923076923076923,0.0,0.5898633152246475,0.5834012627601624,0.05042353458702564,0.108531653881073,0.0,0.0,0.0,0.0,0.0,18473,global,0.0
5,5,lr5e-05_bs16_drop0p2_temp2p0_a0p25_b0p05__wd1e-04trmiss0_degmodglobal,16,5e-05,0.0001,0.2,2.0,0.25,0.05,lr5e-05_bs16_drop0p2_temp2p0_a0p25_b0p05__wd1e-04trmiss0_degmodglobal,17,0.5745167136192322,0.6856920719146729,0.3888888888888889,0.6372895622895624,0.6153846153846154,0.0,0.5744114816188812,0.5546109825372696,0.052883706986904144,0.13369597122073174,0.0,0.0,0.0,0.0,0.0,18473,global,0.0
5,5,lr5e-05_bs16_drop0p2_temp2p0_a0p25_b0p05__wd1e-04trmiss0_degmodglobal,16,5e-05,0.0001,0.2,2.0,0.25,0.05,lr5e-05_bs16_drop0p2_temp2p0_a0p25_b0p05__wd1e-04trmiss0_degmodglobal,18,0.5785027295351028,0.6858193874359131,0.3611111111111111,0.6267075517075518,0.6153846153846154,0.0,0.5915318727493286,0.5608328878879547,0.050411405973136425,0.1013399763032794,0.0,0.0,0.0,0.0,0.0,18473,global,0.0
5,5,lr5e-05_bs16_drop0p2_temp2p0_a0p25_b0p05__wd1e-04trmiss0_degmodglobal,16,5e-05,0.0001,0.2,2.0,0.25,0.05,lr5e-05_bs16_drop0p2_temp2p0_a0p25_b0p05__wd1e-04trmiss0_degmodglobal,19,0.6041103601455688,0.6858925223350525,0.4166666666666667,0.6472101972101972,0.6153846153846154,0.0,0.5692419409751892,0.5840553194284439,0.05592504423111677,0.12147587165236473,0.0,0.0,0.0,0.0,0.0,18473,global,0.0
5,5,lr5e-05_bs16_drop0p2_temp2p0_a0p25_b0p05__wd1e-04trmiss0_degmodglobal,16,5e-05,0.0001,0.2,2.0,0.25,0.05,lr5e-05_bs16_drop0p2_temp2p0_a0p25_b0p05__wd1e-04trmiss0_degmodglobal,20,0.6074615716934204,0.689450204372406,0.41666666666666663,0.6558080808080808,0.5384615384615384,0.0,0.6305923163890839,0.5903429687023163,0.048929471522569656,0.09772484749555588,0.0,0.0,0.0,0.0,0.0,18473,global,0.0
5,5,lr5e-05_bs16_drop0p2_temp2p0_a0p25_b0p05__wd1e-04trmiss0_degmodglobal,16,5e-05,0.0001,0.2,2.0,0.25,0.05,lr5e-05_bs16_drop0p2_temp2p0_a0p25_b0p05__wd1e-04trmiss0_degmodglobal,21,0.5656338781118393,0.6918527483940125,0.41666666666666663,0.6558080808080808,0.5384615384615384,0.0,0.5892253071069717,0.5447369068861008,0.0569171654060483,0.13335359282791615,0.0,0.0,0.0,0.0,0.0,18473,global,0.0
5,5,lr5e-05_bs16_drop0p2_temp2p0_a0p25_b0p05__wd1e-04trmiss0_degmodglobal,16,5e-05,0.0001,0.2,2.0,0.25,0.05,lr5e-05_bs16_drop0p2_temp2p0_a0p25_b0p05__wd1e-04trmiss0_degmodglobal,22,0.5736715942621231,0.6943163275718689,0.3888888888888889,0.6452260702260703,0.5384615384615384,0.0,0.5766801089048386,0.5573849081993103,0.04915166087448597,0.07997580245137215,0.0,0.0,0.0,0.0,0.0,18473,global,0.0
5,5,lr5e-05_bs16_drop0p2_temp2p0_a0p25_b0p05__wd1e-04trmiss0_degmodglobal,16,5e-05,0.0001,0.2,2.0,0.25,0.05,lr5e-05_bs16_drop0p2_temp2p0_a0p25_b0p05__wd1e-04trmiss0_degmodglobal,23,0.5629661530256271,0.6930702328681946,0.3888888888888889,0.6452260702260703,0.6153846153846154,0.0,0.5522824823856354,0.5488995164632797,0.03918119985610247,0.08542703464627266,0.0,0.0,0.0,0.0,0.0,18473,global,0.0
5,5,lr5e-05_bs16_drop0p2_temp2p0_a0p25_b0p05__wd1e-04trmiss0_degmodglobal,16,5e-05,0.0001,0.2,2.0,0.25,0.05,lr5e-05_bs16_drop0p2_temp2p0_a0p25_b0p05__wd1e-04trmiss0_degmodglobal,24,0.5700237303972244,0.6957040429115295,0.3888888888888889,0.6452260702260703,0.6153846153846154,0.0,0.5705416202545166,0.5518226325511932,0.05205383151769638,0.10375320725142956,0.0,0.0,0.0,0.0,0.0,18473,global,0.0
5,5,lr5e-05_bs16_drop0p2_temp2p0_a0p25_b0p05__wd1e-04trmiss0_degmodglobal,16,5e-05,0.0001,0.2,2.0,0.25,0.05,lr5e-05_bs16_drop0p2_temp2p0_a0p25_b0p05__wd1e-04trmiss0_degmodglobal,25,0.576103687286377,0.6918025612831116,0.41666666666666663,0.6558080808080808,0.6153846153846154,0.0,0.5353069603443146,0.5571663677692413,0.05549660325050354,0.10126340854912996,0.0,0.0,0.0,0.0,0.0,18473,global,0.0
5,5,lr5e-05_bs16_drop0p2_temp2p0_a0p25_b0p05__wd1e-04trmiss0_degmodglobal,16,5e-05,0.0001,0.2,2.0,0.25,0.05,lr5e-05_bs16_drop0p2_temp2p0_a0p25_b0p05__wd1e-04trmiss0_degmodglobal,26,0.5582893043756485,0.68848717212677,0.41666666666666663,0.6558080808080808,0.6153846153846154,0.0,0.5332600772380829,0.5434105098247528,0.040911873802542686,0.09301676414906979,0.0,0.0,0.0,0.0,0.0,18473,global,0.0
5,5,lr5e-05_bs16_drop0p2_temp2p0_a0p25_b0p05__wd1e-04trmiss0_degmodglobal,16,5e-05,0.0001,0.2,2.0,0.25,0.05,lr5e-05_bs16_drop0p2_temp2p0_a0p25_b0p05__wd1e-04trmiss0_degmodglobal,27,0.5859447121620178,0.686488151550293,0.41666666666666663,0.6558080808080808,0.6153846153846154,0.0,0.5668075233697891,0.5684157758951187,0.0483436263166368,0.10886036790907383,0.0,0.0,0.0,0.0,0.0,18473,global,0.0
5,5,lr5e-05_bs16_drop0p2_temp2p0_a0p25_b0p05__wd1e-04trmiss0_degmodglobal,16,5e-05,0.0001,0.2,2.0,0.25,0.05,lr5e-05_bs16_drop0p2_temp2p0_a0p25_b0p05__wd1e-04trmiss0_degmodglobal,28,0.5944624990224838,0.6832665801048279,0.3888888888888889,0.6372895622895624,0.6923076923076923,0.0,0.5339742451906204,0.5762999355792999,0.048723711632192135,0.11963275447487831,0.0,0.0,0.0,0.0,0.0,18473,global,0.0
5,5,lr5e-05_bs16_drop0p2_temp2p0_a0p25_b0p05__wd1e-04trmiss0_degmodglobal,16,5e-05,0.0001,0.2,2.0,0.25,0.05,lr5e-05_bs16_drop0p2_temp2p0_a0p25_b0p05__wd1e-04trmiss0_degmodglobal,29,0.5728927850723267,0.6834397315979004,0.3888888888888889,0.6372895622895624,0.6923076923076923,0.0,0.5260755717754364,0.5534051805734634,0.05406022537499666,0.11945110000669956,0.0,0.0,0.0,0.0,0.0,18473,global,0.0
5,5,lr5e-05_bs16_drop0p2_temp2p0_a0p25_b0p05__wd1e-04trmiss0_degmodglobal,16,5e-05,0.0001,0.2,2.0,0.25,0.05,lr5e-05_bs16_drop0p2_temp2p0_a0p25_b0p05__wd1e-04trmiss0_degmodglobal,30,0.5704051703214645,0.6846916079521179,0.3888888888888889,0.6372895622895624,0.6923076923076923,0.0,0.5249446853995323,0.551036536693573,0.05253711063414812,0.12468700483441353,0.0,0.0,0.0,0.0,0.0,18473,global,0.0
5,5,lr5e-05_bs16_drop0p2_temp2p0_a0p25_b0p05__wd1e-04trmiss0_degmodglobal,16,5e-05,0.0001,0.2,2.0,0.25,0.05,lr5e-05_bs16_drop0p2_temp2p0_a0p25_b0p05__wd1e-04trmiss0_degmodglobal,31,0.5627290457487106,0.6855475902557373,0.3888888888888889,0.6372895622895624,0.6153846153846154,0.0,0.5537364184856415,0.5386722683906555,0.060927306301891804,0.1764991283416748,0.0,0.0,0.0,0.0,0.0,18473,global,0.0
5,5,lr5e-05_bs16_drop0p2_temp2p0_a0p25_b0p05__wd1e-04trmiss0_degmodglobal,16,5e-05,0.0001,0.2,2.0,0.25,0.05,lr5e-05_bs16_drop0p2_temp2p0_a0p25_b0p05__wd1e-04trmiss0_degmodglobal,32,0.5668050050735474,0.6846163272857666,0.3888888888888889,0.6372895622895624,0.6153846153846154,0.0,0.5507616102695465,0.5489961951971054,0.053753526881337166,0.08740814588963985,0.0,0.0,0.0,0.0,0.0,18473,global,0.0
5,5,lr5e-05_bs16_drop0p2_temp2p0_a0p25_b0p05__wd1e-04trmiss0_degmodglobal,16,5e-05,0.0001,0.2,2.0,0.25,0.05,lr5e-05_bs16_drop0p2_temp2p0_a0p25_b0p05__wd1e-04trmiss0_degmodglobal,33,0.5778154581785202,0.683329701423645,0.3611111111111111,0.6187710437710439,0.6153846153846154,0.0,0.5377820283174515,0.5559202134609222,0.06107230391353369,0.13254326209425926,0.0,0.0,0.0,0.0,0.0,18473,global,0.0
5,5,lr5e-05_bs16_drop0p2_temp2p0_a0p25_b0p05__wd1e-04trmiss0_degmodglobal,16,5e-05,0.0001,0.2,2.0,0.25,0.05,lr5e-05_bs16_drop0p2_temp2p0_a0p25_b0p05__wd1e-04trmiss0_degmodglobal,34,0.5628125071525574,0.6839979290962219,0.3611111111111111,0.6187710437710439,0.6153846153846154,0.0,0.5274811536073685,0.5351780205965042,0.07513018697500229,0.1770388949662447,0.0,0.0,0.0,0.0,0.0,18473,global,0.0
5,5,lr5e-05_bs16_drop0p2_temp2p0_a0p25_b0p05__wd1e-04trmiss0_degmodglobal,16,5e-05,0.0001,0.2,2.0,0.25,0.05,lr5e-05_bs16_drop0p2_temp2p0_a0p25_b0p05__wd1e-04trmiss0_degmodglobal,35,0.5845567435026169,0.6836839914321899,0.3611111111111111,0.6187710437710439,0.6153846153846154,0.0,0.5319947823882103,0.5608170479536057,0.06473901402205229,0.15109915658831596,0.0,0.0,0.0,0.0,0.0,18473,global,0.0
5,5,lr5e-05_bs16_drop0p2_temp2p0_a0p25_b0p05__wd1e-04trmiss0_degmodglobal,16,5e-05,0.0001,0.2,2.0,0.25,0.05,lr5e-05_bs16_drop0p2_temp2p0_a0p25_b0p05__wd1e-04trmiss0_degmodglobal,36,0.5766990482807159,0.6843528747558594,0.3611111111111111,0.6187710437710439,0.6153846153846154,0.0,0.5510787218809128,0.5567407459020615,0.05256455857306719,0.13634291663765907,0.0,0.0,0.0,0.0,0.0,18473,global,0.0
5,5,lr5e-05_bs16_drop0p4_temp1p0_a0p25_b0p05__wd1e-04trmiss0_degmodglobal,16,5e-05,0.0001,0.4,1.0,0.25,0.05,lr5e-05_bs16_drop0p4_temp1p0_a0p25_b0p05__wd1e-04trmiss0_degmodglobal,1,0.687625452876091,0.6734734773635864,0.4722222222222222,0.7418100418100417,0.46153846153846156,0.0,0.7268911451101303,0.6564509719610214,0.07759208418428898,0.23552900180220604,0.0,0.0,0.0,0.0,0.0,18473,global,0.0
5,5,lr5e-05_bs16_drop0p4_temp1p0_a0p25_b0p05__wd1e-04trmiss0_degmodglobal,16,5e-05,0.0001,0.4,1.0,0.25,0.05,lr5e-05_bs16_drop0p4_temp1p0_a0p25_b0p05__wd1e-04trmiss0_degmodglobal,2,0.6848032623529434,0.6746059656143188,0.4444444444444444,0.7173992673992675,0.5384615384615384,0.0,0.6508628875017166,0.6679090708494186,0.05016301851719618,0.08706832863390446,0.0,0.0,0.0,0.0,0.0,18473,global,0.0
5,5,lr5e-05_bs16_drop0p4_temp1p0_a0p25_b0p05__wd1e-04trmiss0_degmodglobal,16,5e-05,0.0001,0.4,1.0,0.25,0.05,lr5e-05_bs16_drop0p4_temp1p0_a0p25_b0p05__wd1e-04trmiss0_degmodglobal,3,0.6630962193012238,0.679792582988739,0.4444444444444444,0.7075227241893909,0.6923076923076923,0.0,0.6276838630437851,0.642847329378128,0.058807093650102615,0.11094246804714203,0.0,0.0,0.0,0.0,0.0,18473,global,0.0
5,5,lr5e-05_bs16_drop0p4_temp1p0_a0p25_b0p05__wd1e-04trmiss0_degmodglobal,16,5e-05,0.0001,0.4,1.0,0.25,0.05,lr5e-05_bs16_drop0p4_temp1p0_a0p25_b0p05__wd1e-04trmiss0_degmodglobal,4,0.6689312309026718,0.6849515438079834,0.4166666666666667,0.6519671686338354,0.6923076923076923,0.0,0.6390728801488876,0.6440442204475403,0.06699775531888008,0.16275150328874588,0.0,0.0,0.0,0.0,0.0,18473,global,0.0
5,5,lr5e-05_bs16_drop0p4_temp1p0_a0p25_b0p05__wd1e-04trmiss0_degmodglobal,16,5e-05,0.0001,0.4,1.0,0.25,0.05,lr5e-05_bs16_drop0p4_temp1p0_a0p25_b0p05__wd1e-04trmiss0_degmodglobal,5,0.667171061038971,0.6862863898277283,0.4166666666666667,0.6519671686338354,0.6923076923076923,0.0,0.6455045640468597,0.6411546170711517,0.07027102075517178,0.16897393204271793,0.0,0.0,0.0,0.0,0.0,18473,global,0.0
5,5,lr5e-05_bs16_drop0p4_temp1p0_a0p25_b0p05__wd1e-04trmiss0_degmodglobal,16,5e-05,0.0001,0.4,1.0,0.25,0.05,lr5e-05_bs16_drop0p4_temp1p0_a0p25_b0p05__wd1e-04trmiss0_degmodglobal,6,0.6691579222679138,0.6872729063034058,0.4166666666666667,0.6519671686338354,0.6923076923076923,0.0,0.6247246861457825,0.6510338187217712,0.0541496267542243,0.09173396695405245,0.0,0.0,0.0,0.0,0.0,18473,global,0.0
5,5,lr5e-05_bs16_drop0p4_temp1p0_a0p25_b0p05__wd1e-04trmiss0_degmodglobal,16,5e-05,0.0001,0.4,1.0,0.25,0.05,lr5e-05_bs16_drop0p4_temp1p0_a0p25_b0p05__wd1e-04trmiss0_degmodglobal,7,0.6535169929265976,0.686436116695404,0.4166666666666667,0.6519671686338354,0.6923076923076923,0.0,0.6131564676761627,0.6274723261594772,0.06897943280637264,0.17599597573280334,0.0,0.0,0.0,0.0,0.0,18473,global,0.0
5,5,lr5e-05_bs16_drop0p4_temp1p0_a0p25_b0p05__wd1e-04trmiss0_degmodglobal,16,5e-05,0.0001,0.4,1.0,0.25,0.05,lr5e-05_bs16_drop0p4_temp1p0_a0p25_b0p05__wd1e-04trmiss0_degmodglobal,8,0.6216026544570923,0.6818795204162598,0.4444444444444444,0.6704856871523539,0.6923076923076923,0.0,0.5919828116893768,0.6047621667385101,0.04835982387885451,0.0950106680393219,0.0,0.0,0.0,0.0,0.0,18473,global,0.0
5,5,lr5e-05_bs16_drop0p4_temp1p0_a0p25_b0p05__wd1e-04trmiss0_degmodglobal,16,5e-05,0.0001,0.4,1.0,0.25,0.05,lr5e-05_bs16_drop0p4_temp1p0_a0p25_b0p05__wd1e-04trmiss0_degmodglobal,9,0.6499000787734985,0.6761391162872314,0.4444444444444444,0.6587011753678421,0.6923076923076923,0.0,0.5995765328407288,0.6268020868301392,0.06756070721894503,0.12415610812604427,0.0,0.0,0.0,0.0,0.0,18473,global,0.0
5,5,lr5e-05_bs16_drop0p4_temp1p0_a0p25_b0p05__wd1e-04trmiss0_degmodglobal,16,5e-05,0.0001,0.4,1.0,0.25,0.05,lr5e-05_bs16_drop0p4_temp1p0_a0p25_b0p05__wd1e-04trmiss0_degmodglobal,10,0.6341440826654434,0.6790153980255127,0.4722222222222222,0.6772196938863606,0.6923076923076923,0.0,0.594261959195137,0.6162651926279068,0.05127418786287308,0.10120729729533195,0.0,0.0,0.0,0.0,0.0,18473,global,0.0
5,5,lr5e-05_bs16_drop0p4_temp1p0_a0p25_b0p05__wd1e-04trmiss0_degmodglobal,16,5e-05,0.0001,0.4,1.0,0.25,0.05,lr5e-05_bs16_drop0p4_temp1p0_a0p25_b0p05__wd1e-04trmiss0_degmodglobal,11,0.625088170170784,0.6830964088439941,0.4722222222222222,0.6772196938863606,0.6923076923076923,0.0,0.5913193076848984,0.6041016429662704,0.059971192851662636,0.1198746059089899,0.0,0.0,0.0,0.0,0.0,18473,global,0.0
5,5,lr5e-05_bs16_drop0p4_temp1p0_a0p25_b0p05__wd1e-04trmiss0_degmodglobal,16,5e-05,0.0001,0.4,1.0,0.25,0.05,lr5e-05_bs16_drop0p4_temp1p0_a0p25_b0p05__wd1e-04trmiss0_degmodglobal,12,0.6249467432498932,0.6802692413330078,0.4722222222222222,0.6667819834486501,0.6923076923076923,0.0,0.5960767567157745,0.5999051779508591,0.06987424567341805,0.1514600245282054,0.0,0.0,0.0,0.0,0.0,18473,global,0.0
5,5,lr5e-05_bs16_drop0p4_temp1p0_a0p25_b0p05__wd1e-04trmiss0_degmodglobal,16,5e-05,0.0001,0.4,1.0,0.25,0.05,lr5e-05_bs16_drop0p4_temp1p0_a0p25_b0p05__wd1e-04trmiss0_degmodglobal,13,0.6183325946331024,0.6747860908508301,0.4722222222222222,0.6667819834486501,0.6923076923076923,0.0,0.5921110957860947,0.5930868983268738,0.07555192708969116,0.12715449929237366,0.0,0.0,0.0,0.0,0.0,18473,global,0.0
5,5,lr5e-05_bs16_drop0p4_temp1p0_a0p25_b0p05__wd1e-04trmiss0_degmodglobal,16,5e-05,0.0001,0.4,1.0,0.25,0.05,lr5e-05_bs16_drop0p4_temp1p0_a0p25_b0p05__wd1e-04trmiss0_degmodglobal,14,0.6131154596805573,0.6730794310569763,0.4722222222222222,0.6667819834486501,0.6923076923076923,0.0,0.5755929350852966,0.5947631299495697,0.0506537826731801,0.1137778777629137,0.0,0.0,0.0,0.0,0.0,18473,global,0.0
5,5,lr5e-05_bs16_drop0p4_temp1p0_a0p25_b0p05__wd1e-04trmiss0_degmodglobal,16,5e-05,0.0001,0.4,1.0,0.25,0.05,lr5e-05_bs16_drop0p4_temp1p0_a0p25_b0p05__wd1e-04trmiss0_degmodglobal,15,0.6351782828569412,0.6693570017814636,0.4722222222222222,0.6667819834486501,0.6923076923076923,0.0,0.5472776144742966,0.6087695062160492,0.0820733979344368,0.11780866421759129,0.0,0.0,0.0,0.0,0.0,18473,global,0.0
5,5,lr5e-05_bs16_drop0p4_temp1p0_a0p25_b0p05__wd1e-04trmiss0_degmodglobal,16,5e-05,0.0001,0.4,1.0,0.25,0.05,lr5e-05_bs16_drop0p4_temp1p0_a0p25_b0p05__wd1e-04trmiss0_degmodglobal,16,0.5923381596803665,0.6678544878959656,0.4722222222222222,0.6667819834486501,0.7692307692307693,0.0,0.5611875653266907,0.5675177723169327,0.07350222859531641,0.12889663502573967,0.0,0.0,0.0,0.0,0.0,18473,global,0.0
5,5,lr5e-05_bs16_drop0p4_temp1p0_a0p25_b0p05__wd1e-04trmiss0_degmodglobal,16,5e-05,0.0001,0.4,1.0,0.25,0.05,lr5e-05_bs16_drop0p4_temp1p0_a0p25_b0p05__wd1e-04trmiss0_degmodglobal,17,0.6097442805767059,0.6664161086082458,0.4722222222222222,0.6667819834486501,0.7692307692307693,0.0,0.5441217571496964,0.58347287774086,0.07853179797530174,0.13276879489421844,0.0,0.0,0.0,0.0,0.0,18473,global,0.0
5,5,lr5e-05_bs16_drop0p4_temp1p0_a0p25_b0p05__wd1e-04trmiss0_degmodglobal,16,5e-05,0.0001,0.4,1.0,0.25,0.05,lr5e-05_bs16_drop0p4_temp1p0_a0p25_b0p05__wd1e-04trmiss0_degmodglobal,18,0.6137057244777679,0.6688221096992493,0.4722222222222222,0.6667819834486501,0.7692307692307693,0.0,0.5442047789692879,0.5867840349674225,0.08181759901344776,0.12934584356844425,0.0,0.0,0.0,0.0,0.0,18473,global,0.0
5,5,lr5e-05_bs16_drop0p4_temp1p0_a0p25_b0p05__wd1e-04trmiss0_degmodglobal,16,5e-05,0.0001,0.4,1.0,0.25,0.05,lr5e-05_bs16_drop0p4_temp1p0_a0p25_b0p05__wd1e-04trmiss0_degmodglobal,19,0.635843887925148,0.6709330677986145,0.4722222222222222,0.6667819834486501,0.7692307692307693,0.0,0.5438955873250961,0.6045083552598953,0.08359015733003616,0.20875979587435722,0.0,0.0,0.0,0.0,0.0,18473,global,0.0
5,5,lr5e-05_bs16_drop0p4_temp1p0_a0p25_b0p05__wd1e-04trmiss0_degmodglobal,16,5e-05,0.0001,0.4,1.0,0.25,0.05,lr5e-05_bs16_drop0p4_temp1p0_a0p25_b0p05__wd1e-04trmiss0_degmodglobal,20,0.6019728630781174,0.6746672987937927,0.4722222222222222,0.6667819834486501,0.7692307692307693,0.0,0.5402636379003525,0.5757585018873215,0.07578269019722939,0.1453735362738371,0.0,0.0,0.0,0.0,0.0,18473,global,0.0
5,5,lr5e-05_bs16_drop0p4_temp1p0_a0p25_b0p05__wd1e-04trmiss0_degmodglobal,16,5e-05,0.0001,0.4,1.0,0.25,0.05,lr5e-05_bs16_drop0p4_temp1p0_a0p25_b0p05__wd1e-04trmiss0_degmodglobal,21,0.5902506411075592,0.6794317364692688,0.4722222222222222,0.6667819834486501,0.7692307692307693,0.0,0.5727028399705887,0.5646780580282211,0.0726895947009325,0.14800399728119373,0.0,0.0,0.0,0.0,0.0,18473,global,0.0
5,5,lr5e-05_bs16_drop0p4_temp1p0_a0p25_b0p05__wd1e-04trmiss0_degmodglobal,16,5e-05,0.0001,0.4,1.0,0.25,0.05,lr5e-05_bs16_drop0p4_temp1p0_a0p25_b0p05__wd1e-04trmiss0_degmodglobal,22,0.5827633142471313,0.6818767189979553,0.4722222222222222,0.6667819834486501,0.6923076923076923,0.0,0.5510521829128265,0.5556913018226624,0.07954158540815115,0.14373222552239895,0.0,0.0,0.0,0.0,0.0,18473,global,0.0
5,5,lr5e-05_bs16_drop0p4_temp1p0_a0p25_b0p05__wd1e-04trmiss0_degmodglobal,16,5e-05,0.0001,0.4,1.0,0.25,0.05,lr5e-05_bs16_drop0p4_temp1p0_a0p25_b0p05__wd1e-04trmiss0_degmodglobal,23,0.6055035144090652,0.6801981925964355,0.5,0.6853005019671686,0.6923076923076923,0.0,0.516468733549118,0.5751275271177292,0.08149252645671368,0.2000574804842472,0.0,0.0,0.0,0.0,0.0,18473,global,0.0
5,5,lr5e-05_bs16_drop0p4_temp1p0_a0p25_b0p05__wd1e-04trmiss0_degmodglobal,16,5e-05,0.0001,0.4,1.0,0.25,0.05,lr5e-05_bs16_drop0p4_temp1p0_a0p25_b0p05__wd1e-04trmiss0_degmodglobal,24,0.5807773172855377,0.6724258065223694,0.5,0.6853005019671686,0.6923076923076923,0.0,0.5581736862659454,0.55867138504982,0.06641043070703745,0.11006668582558632,0.0,0.0,0.0,0.0,0.0,18473,global,0.0
5,5,lr5e-05_bs16_drop0p4_temp1p0_a0p25_b0p05__wd1e-04trmiss0_degmodglobal,16,5e-05,0.0001,0.4,1.0,0.25,0.05,lr5e-05_bs16_drop0p4_temp1p0_a0p25_b0p05__wd1e-04trmiss0_degmodglobal,25,0.5731910616159439,0.6626071929931641,0.5,0.7223375390042057,0.7692307692307693,0.0,0.5221974179148674,0.5496046543121338,0.066462024115026,0.1394179342314601,0.0,0.0,0.0,0.0,0.0,18473,global,0.0
5,5,lr5e-05_bs16_drop0p4_temp1p0_a0p25_b0p05__wd1e-04trmiss0_degmodglobal,16,5e-05,0.0001,0.4,1.0,0.25,0.05,lr5e-05_bs16_drop0p4_temp1p0_a0p25_b0p05__wd1e-04trmiss0_degmodglobal,26,0.5912819653749466,0.6616836190223694,0.5,0.7223375390042057,0.7692307692307693,0.0,0.5446206033229828,0.557052806019783,0.09502648934721947,0.2094505988061428,0.0,0.0,0.0,0.0,0.0,18473,global,0.0
5,5,lr5e-05_bs16_drop0p4_temp1p0_a0p25_b0p05__wd1e-04trmiss0_degmodglobal,16,5e-05,0.0001,0.4,1.0,0.25,0.05,lr5e-05_bs16_drop0p4_temp1p0_a0p25_b0p05__wd1e-04trmiss0_degmodglobal,27,0.5697484463453293,0.6618624925613403,0.5,0.7223375390042057,0.7692307692307693,0.0,0.509403683245182,0.5462997555732727,0.0695598591119051,0.12117431219667196,0.0,0.0,0.0,0.0,0.0,18473,global,0.0
5,5,lr5e-05_bs16_drop0p4_temp1p0_a0p25_b0p05__wd1e-04trmiss0_degmodglobal,16,5e-05,0.0001,0.4,1.0,0.25,0.05,lr5e-05_bs16_drop0p4_temp1p0_a0p25_b0p05__wd1e-04trmiss0_degmodglobal,28,0.581552654504776,0.6563990116119385,0.5555555555555556,0.7575227241893909,0.7692307692307693,0.0,0.5234323665499687,0.5563429147005081,0.07217577006667852,0.14331600815057755,0.0,0.0,0.0,0.0,0.0,18473,global,0.0
5,5,lr5e-05_bs16_drop0p4_temp1p0_a0p25_b0p05__wd1e-04trmiss0_degmodglobal,16,5e-05,0.0001,0.4,1.0,0.25,0.05,lr5e-05_bs16_drop0p4_temp1p0_a0p25_b0p05__wd1e-04trmiss0_degmodglobal,29,0.5613779425621033,0.6559987664222717,0.5555555555555556,0.7575227241893909,0.7692307692307693,0.0,0.5287701711058617,0.5344363003969193,0.07320943661034107,0.17278559692203999,0.0,0.0,0.0,0.0,0.0,18473,global,0.0
5,5,lr5e-05_bs16_drop0p4_temp1p0_a0p25_b0p05__wd1e-04trmiss0_degmodglobal,16,5e-05,0.0001,0.4,1.0,0.25,0.05,lr5e-05_bs16_drop0p4_temp1p0_a0p25_b0p05__wd1e-04trmiss0_degmodglobal,30,0.5948546826839447,0.6619003415107727,0.5,0.7223375390042057,0.7692307692307693,0.0,0.4978923872113228,0.554293692111969,0.1140226423740387,0.24110663682222366,0.0,0.0,0.0,0.0,0.0,18473,global,0.0
5,5,lr5e-05_bs16_drop0p4_temp1p0_a0p25_b0p05__wd1e-04trmiss0_degmodglobal,16,5e-05,0.0001,0.4,1.0,0.25,0.05,lr5e-05_bs16_drop0p4_temp1p0_a0p25_b0p05__wd1e-04trmiss0_degmodglobal,31,0.5917067676782608,0.6692826151847839,0.5,0.7223375390042057,0.7692307692307693,0.0,0.5327498316764832,0.5603929609060287,0.08930820878595114,0.17973508313298225,0.0,0.0,0.0,0.0,0.0,18473,global,0.0
5,5,lr5e-05_bs16_drop0p4_temp1p0_a0p25_b0p05__wd1e-04trmiss0_degmodglobal,16,5e-05,0.0001,0.4,1.0,0.25,0.05,lr5e-05_bs16_drop0p4_temp1p0_a0p25_b0p05__wd1e-04trmiss0_degmodglobal,32,0.5692234337329865,0.6705614924430847,0.5,0.7223375390042057,0.7692307692307693,0.0,0.5220877975225449,0.5411814376711845,0.07722360081970692,0.17472169175744057,0.0,0.0,0.0,0.0,0.0,18473,global,0.0
5,5,lr5e-05_bs16_drop0p4_temp1p0_a0p25_b0p05__wd1e-04trmiss0_degmodglobal,16,5e-05,0.0001,0.4,1.0,0.25,0.05,lr5e-05_bs16_drop0p4_temp1p0_a0p25_b0p05__wd1e-04trmiss0_degmodglobal,33,0.5784668624401093,0.6693009734153748,0.5,0.7223375390042057,0.7692307692307693,0.0,0.4880230650305748,0.5482067316770554,0.08504873048514128,0.17995891347527504,0.0,0.0,0.0,0.0,0.0,18473,global,0.0
5,5,lr5e-05_bs16_drop0p4_temp1p0_a0p25_b0p05__wd1e-04trmiss0_degmodglobal,16,5e-05,0.0001,0.4,1.0,0.25,0.05,lr5e-05_bs16_drop0p4_temp1p0_a0p25_b0p05__wd1e-04trmiss0_degmodglobal,34,0.573628380894661,0.6695295572280884,0.4722222222222222,0.6667819834486501,0.7692307692307693,0.0,0.528197854757309,0.5464518815279007,0.0828732717782259,0.1291635949164629,0.0,0.0,0.0,0.0,0.0,18473,global,0.0
5,5,lr5e-05_bs16_drop0p4_temp1p0_a0p25_b0p05__wd1e-04trmiss0_degmodglobal,16,5e-05,0.0001,0.4,1.0,0.25,0.05,lr5e-05_bs16_drop0p4_temp1p0_a0p25_b0p05__wd1e-04trmiss0_degmodglobal,35,0.6308112740516663,0.6602259874343872,0.5,0.7223375390042057,0.7692307692307693,0.0,0.5380495339632034,0.6046538054943085,0.06641089264303446,0.19109514355659485,0.0,0.0,0.0,0.0,0.0,18473,global,0.0
5,5,lr5e-05_bs16_drop0p4_temp1p0_a0p25_b0p05__wd1e-04trmiss0_degmodglobal,16,5e-05,0.0001,0.4,1.0,0.25,0.05,lr5e-05_bs16_drop0p4_temp1p0_a0p25_b0p05__wd1e-04trmiss0_degmodglobal,36,0.5946259200572968,0.660566508769989,0.5,0.7223375390042057,0.7692307692307693,0.0,0.5412654206156731,0.5567162334918976,0.11260250955820084,0.19518129527568817,0.0,0.0,0.0,0.0,0.0,18473,global,0.0
5,5,lr5e-05_bs16_drop0p4_temp1p0_a0p25_b0p05__wd1e-04trmiss0_degmodglobal,16,5e-05,0.0001,0.4,1.0,0.25,0.05,lr5e-05_bs16_drop0p4_temp1p0_a0p25_b0p05__wd1e-04trmiss0_degmodglobal,37,0.5824069976806641,0.6630451679229736,0.5,0.7223375390042057,0.7692307692307693,0.0,0.5145998075604439,0.5525148957967758,0.0880031418055296,0.15782690607011318,0.0,0.0,0.0,0.0,0.0,18473,global,0.0
5,5,lr5e-05_bs16_drop0p4_temp1p0_a0p25_b0p05__wd1e-04trmiss0_degmodglobal,16,5e-05,0.0001,0.4,1.0,0.25,0.05,lr5e-05_bs16_drop0p4_temp1p0_a0p25_b0p05__wd1e-04trmiss0_degmodglobal,38,0.5676280856132507,0.6618093848228455,0.5,0.7223375390042057,0.7692307692307693,0.0,0.524161197245121,0.539616696536541,0.08252031728625298,0.1476263697259128,0.0,0.0,0.0,0.0,0.0,18473,global,0.0
5,5,lr5e-05_bs16_drop0p4_temp1p0_a0p25_b0p05__wd1e-04trmiss0_degmodglobal,16,5e-05,0.0001,0.4,1.0,0.25,0.05,lr5e-05_bs16_drop0p4_temp1p0_a0p25_b0p05__wd1e-04trmiss0_degmodglobal,39,0.5518878102302551,0.6597241759300232,0.5277777777777778,0.7408560575227241,0.7692307692307693,0.0,0.5130709558725357,0.5288861840963364,0.07506652548909187,0.08470000047236681,0.0,0.0,0.0,0.0,0.0,18473,global,0.0
5,5,lr5e-05_bs16_drop0p4_temp1p0_a0p25_b0p05__wd1e-04trmiss0_degmodglobal,16,5e-05,0.0001,0.4,1.0,0.25,0.05,lr5e-05_bs16_drop0p4_temp1p0_a0p25_b0p05__wd1e-04trmiss0_degmodglobal,40,0.5579241663217545,0.6607611179351807,0.5,0.7223375390042057,0.7692307692307693,0.0,0.5150332599878311,0.5326549261808395,0.07741041108965874,0.11833266168832779,0.0,0.0,0.0,0.0,0.0,18473,global,0.0
5,5,lr5e-05_bs16_drop0p4_temp1p0_a0p25_b0p05__wd1e-04trmiss0_degmodglobal,16,5e-05,0.0001,0.4,1.0,0.25,0.05,lr5e-05_bs16_drop0p4_temp1p0_a0p25_b0p05__wd1e-04trmiss0_degmodglobal,41,0.5694409012794495,0.6611253619194031,0.5,0.7223375390042057,0.7692307692307693,0.0,0.5042928904294968,0.5380044654011726,0.09488135389983654,0.15432225167751312,0.0,0.0,0.0,0.0,0.0,18473,global,0.0
5,5,lr5e-05_bs16_drop0p4_temp1p0_a0p25_b0p05__wd1e-04trmiss0_degmodglobal,16,5e-05,0.0001,0.4,1.0,0.25,0.05,lr5e-05_bs16_drop0p4_temp1p0_a0p25_b0p05__wd1e-04trmiss0_degmodglobal,42,0.5487566292285919,0.6640516519546509,0.5,0.7223375390042057,0.7692307692307693,0.0,0.512767031788826,0.5221092402935028,0.08665206469595432,0.09968749061226845,0.0,0.0,0.0,0.0,0.0,18473,global,0.0
5,5,lr5e-05_bs16_drop0p4_temp1p0_a0p25_b0p05__wd1e-04trmiss0_degmodglobal,16,5e-05,0.0001,0.4,1.0,0.25,0.05,lr5e-05_bs16_drop0p4_temp1p0_a0p25_b0p05__wd1e-04trmiss0_degmodglobal,43,0.5783202648162842,0.6641440391540527,0.5,0.7223375390042057,0.7692307692307693,0.0,0.4945756644010544,0.5444852113723755,0.0973303522914648,0.19004922360181808,0.0,0.0,0.0,0.0,0.0,18473,global,0.0
5,5,lr5e-05_bs16_drop0p4_temp1p0_a0p25_b0p05__wd1e-04trmiss0_degmodglobal,16,5e-05,0.0001,0.4,1.0,0.25,0.05,lr5e-05_bs16_drop0p4_temp1p0_a0p25_b0p05__wd1e-04trmiss0_degmodglobal,44,0.5771617740392685,0.6642571687698364,0.5,0.7223375390042057,0.7692307692307693,0.0,0.5253732204437256,0.5471850335597992,0.08558940514922142,0.171587523072958,0.0,0.0,0.0,0.0,0.0,18473,global,0.0
5,5,lr5e-05_bs16_drop0p4_temp1p0_a0p25_b0p05__wd1e-04trmiss0_degmodglobal,16,5e-05,0.0001,0.4,1.0,0.25,0.05,lr5e-05_bs16_drop0p4_temp1p0_a0p25_b0p05__wd1e-04trmiss0_degmodglobal,45,0.564669206738472,0.661745548248291,0.5,0.7223375390042057,0.7692307692307693,0.0,0.4786683917045593,0.530195027589798,0.0989503525197506,0.19473175145685673,0.0,0.0,0.0,0.0,0.0,18473,global,0.0
5,5,lr5e-05_bs16_drop0p4_temp1p0_a0p25_b0p05__wd1e-04trmiss0_degmodglobal,16,5e-05,0.0001,0.4,1.0,0.25,0.05,lr5e-05_bs16_drop0p4_temp1p0_a0p25_b0p05__wd1e-04trmiss0_degmodglobal,46,0.5650293529033661,0.6607733964920044,0.5,0.7223375390042057,0.7692307692307693,0.0,0.5121961683034897,0.5379050523042679,0.07636856846511364,0.1606430448591709,0.0,0.0,0.0,0.0,0.0,18473,global,0.0
5,5,lr5e-05_bs16_drop0p4_temp1p0_a0p25_b0p05__wd1e-04trmiss0_degmodglobal,16,5e-05,0.0001,0.4,1.0,0.25,0.05,lr5e-05_bs16_drop0p4_temp1p0_a0p25_b0p05__wd1e-04trmiss0_degmodglobal,47,0.581458330154419,0.6617302894592285,0.5,0.7223375390042057,0.7692307692307693,0.0,0.5334493666887283,0.552276074886322,0.08548122271895409,0.15623880084604025,0.0,0.0,0.0,0.0,0.0,18473,global,0.0
5,5,lr5e-05_bs16_drop0p4_temp1p0_a0p25_b0p05__wd1e-04trmiss0_degmodglobal,16,5e-05,0.0001,0.4,1.0,0.25,0.05,lr5e-05_bs16_drop0p4_temp1p0_a0p25_b0p05__wd1e-04trmiss0_degmodglobal,48,0.592665359377861,0.6583876609802246,0.5,0.7223375390042057,0.7692307692307693,0.0,0.5431199595332146,0.5597233921289444,0.10004803910851479,0.15859891567379236,0.0,0.0,0.0,0.0,0.0,18473,global,0.0
5,5,lr5e-05_bs16_drop0p4_temp1p0_a0p25_b0p05__wd1e-04trmiss0_degmodglobal,16,5e-05,0.0001,0.4,1.0,0.25,0.05,lr5e-05_bs16_drop0p4_temp1p0_a0p25_b0p05__wd1e-04trmiss0_degmodglobal,49,0.5608780384063721,0.6586151123046875,0.5,0.7223375390042057,0.7692307692307693,0.0,0.4836583137512207,0.5260430797934532,0.10455279238522053,0.1739349402487278,0.0,0.0,0.0,0.0,0.0,18473,global,0.0
5,5,lr5e-05_bs16_drop0p4_temp2p0_a0p25_b0p05__wd1e-04trmiss0_degmodglobal,16,5e-05,0.0001,0.4,2.0,0.25,0.05,lr5e-05_bs16_drop0p4_temp2p0_a0p25_b0p05__wd1e-04trmiss0_degmodglobal,1,0.7616607993841171,0.686867356300354,0.6111111111111112,0.8206669873336541,0.46153846153846156,0.0,0.7354386150836945,0.7366474270820618,0.06463571358472109,0.1770891770720482,0.0,0.0,0.0,0.0,0.0,18473,global,0.0
5,5,lr5e-05_bs16_drop0p4_temp2p0_a0p25_b0p05__wd1e-04trmiss0_degmodglobal,16,5e-05,0.0001,0.4,2.0,0.25,0.05,lr5e-05_bs16_drop0p4_temp2p0_a0p25_b0p05__wd1e-04trmiss0_degmodglobal,2,0.7201700210571289,0.696753740310669,0.5555555555555556,0.7762225428892096,0.46153846153846156,0.0,0.6994228512048721,0.7022592127323151,0.046418038196861744,0.12612589448690414,0.0,0.0,0.0,0.0,0.0,18473,global,0.0
5,5,lr5e-05_bs16_drop0p4_temp2p0_a0p25_b0p05__wd1e-04trmiss0_degmodglobal,16,5e-05,0.0001,0.4,2.0,0.25,0.05,lr5e-05_bs16_drop0p4_temp2p0_a0p25_b0p05__wd1e-04trmiss0_degmodglobal,3,0.6919003427028656,0.7067661285400391,0.4444444444444444,0.7027657527657527,0.38461538461538464,0.0,0.6812065988779068,0.6755577623844147,0.04489295743405819,0.10238678380846977,0.0,0.0,0.0,0.0,0.0,18473,global,0.0
5,5,lr5e-05_bs16_drop0p4_temp2p0_a0p25_b0p05__wd1e-04trmiss0_degmodglobal,16,5e-05,0.0001,0.4,2.0,0.25,0.05,lr5e-05_bs16_drop0p4_temp2p0_a0p25_b0p05__wd1e-04trmiss0_degmodglobal,4,0.698199525475502,0.7135036587715149,0.4444444444444444,0.6564694564694565,0.38461538461538464,0.0,0.6577110886573792,0.679868072271347,0.05022032931447029,0.1155276820063591,0.0,0.0,0.0,0.0,0.0,18473,global,0.0
5,5,lr5e-05_bs16_drop0p4_temp2p0_a0p25_b0p05__wd1e-04trmiss0_degmodglobal,16,5e-05,0.0001,0.4,2.0,0.25,0.05,lr5e-05_bs16_drop0p4_temp2p0_a0p25_b0p05__wd1e-04trmiss0_degmodglobal,5,0.6963993608951569,0.7163369655609131,0.4444444444444444,0.64659291325958,0.38461538461538464,0.0,0.6658453941345215,0.6744370460510254,0.055340418592095375,0.16254433803260326,0.0,0.0,0.0,0.0,0.0,18473,global,0.0
5,5,lr5e-05_bs16_drop0p4_temp2p0_a0p25_b0p05__wd1e-04trmiss0_degmodglobal,16,5e-05,0.0001,0.4,2.0,0.25,0.05,lr5e-05_bs16_drop0p4_temp2p0_a0p25_b0p05__wd1e-04trmiss0_degmodglobal,6,0.6451604515314102,0.718788743019104,0.4444444444444444,0.64659291325958,0.38461538461538464,0.0,0.6242873817682266,0.6283660382032394,0.044907146133482456,0.11135274730622768,0.0,0.0,0.0,0.0,0.0,18473,global,0.0
5,5,lr5e-05_bs16_drop0p4_temp2p0_a0p25_b0p05__wd1e-04trmiss0_degmodglobal,16,5e-05,0.0001,0.4,2.0,0.25,0.05,lr5e-05_bs16_drop0p4_temp2p0_a0p25_b0p05__wd1e-04trmiss0_degmodglobal,7,0.6878318190574646,0.7234680652618408,0.4444444444444444,0.64659291325958,0.38461538461538464,0.0,0.6275958269834518,0.6631835699081421,0.06805498711764812,0.15269037894904613,0.0,0.0,0.0,0.0,0.0,18473,global,0.0
5,5,lr5e-05_bs16_drop0p4_temp2p0_a0p25_b0p05__wd1e-04trmiss0_degmodglobal,16,5e-05,0.0001,0.4,2.0,0.25,0.05,lr5e-05_bs16_drop0p4_temp2p0_a0p25_b0p05__wd1e-04trmiss0_degmodglobal,8,0.6544848382472992,0.7337055206298828,0.4444444444444444,0.64659291325958,0.38461538461538464,0.0,0.6298013776540756,0.6343719661235809,0.05538681522011757,0.1253235638141632,0.0,0.0,0.0,0.0,0.0,18473,global,0.0
5,5,lr5e-05_bs16_drop0p4_temp2p0_a0p25_b0p05__wd1e-04trmiss0_degmodglobal,16,5e-05,0.0001,0.4,2.0,0.25,0.05,lr5e-05_bs16_drop0p4_temp2p0_a0p25_b0p05__wd1e-04trmiss0_degmodglobal,9,0.6667038351297379,0.7460961937904358,0.4444444444444444,0.64659291325958,0.38461538461538464,0.0,0.6360572874546051,0.6470883190631866,0.048971991054713726,0.14745051600039005,0.0,0.0,0.0,0.0,0.0,18473,global,0.0
5,5,lr5e-05_bs16_drop0p4_temp2p0_a0p25_b0p05__wd1e-04trmiss0_degmodglobal,16,5e-05,0.0001,0.4,2.0,0.25,0.05,lr5e-05_bs16_drop0p4_temp2p0_a0p25_b0p05__wd1e-04trmiss0_degmodglobal,10,0.6309232264757156,0.7540457248687744,0.4444444444444444,0.64659291325958,0.3076923076923077,0.0,0.6146343648433685,0.604653850197792,0.07047698460519314,0.17300254572182894,0.0,0.0,0.0,0.0,0.0,18473,global,0.0
5,5,lr5e-05_bs16_drop0p4_temp2p0_a0p25_b0p05__wd1e-04trmiss0_degmodglobal,16,5e-05,0.0001,0.4,2.0,0.25,0.05,lr5e-05_bs16_drop0p4_temp2p0_a0p25_b0p05__wd1e-04trmiss0_degmodglobal,11,0.6222651153802872,0.7575843930244446,0.41666666666666663,0.6401826568493236,0.3076923076923077,0.0,0.5917187035083771,0.6018540561199188,0.053555040154606104,0.14044644683599472,0.0,0.0,0.0,0.0,0.0,18473,global,0.0
5,5,lr5e-05_bs16_drop0p4_temp2p0_a0p25_b0p05__wd1e-04trmiss0_degmodglobal,16,5e-05,0.0001,0.4,2.0,0.25,0.05,lr5e-05_bs16_drop0p4_temp2p0_a0p25_b0p05__wd1e-04trmiss0_degmodglobal,12,0.5972117036581039,0.7583848237991333,0.38888888888888884,0.6315406815406817,0.3076923076923077,0.0,0.6076054573059082,0.5761130005121231,0.051675381138920784,0.1635968815535307,0.0,0.0,0.0,0.0,0.0,18473,global,0.0
5,5,lr5e-05_bs16_drop0p4_temp2p0_a0p25_b0p05__wd1e-04trmiss0_degmodglobal,16,5e-05,0.0001,0.4,2.0,0.25,0.05,lr5e-05_bs16_drop0p4_temp2p0_a0p25_b0p05__wd1e-04trmiss0_degmodglobal,13,0.6136995851993561,0.7596786022186279,0.38888888888888884,0.6315406815406817,0.3076923076923077,0.0,0.5783102065324783,0.5885236263275146,0.06864176876842976,0.16031060740351677,0.0,0.0,0.0,0.0,0.0,18473,global,0.0
5,5,lr5e-05_bs16_drop0p4_temp2p0_a0p25_b0p05__wd1e-04trmiss0_degmodglobal,16,5e-05,0.0001,0.4,2.0,0.25,0.05,lr5e-05_bs16_drop0p4_temp2p0_a0p25_b0p05__wd1e-04trmiss0_degmodglobal,14,0.6174211502075195,0.7655158638954163,0.38888888888888884,0.6315406815406817,0.3076923076923077,0.0,0.5742680430412292,0.593278780579567,0.06688718870282173,0.14841114729642868,0.0,0.0,0.0,0.0,0.0,18473,global,0.0
5,5,lr5e-05_bs16_drop0p4_temp2p0_a0p25_b0p05__wd1e-04trmiss0_degmodglobal,16,5e-05,0.0001,0.4,2.0,0.25,0.05,lr5e-05_bs16_drop0p4_temp2p0_a0p25_b0p05__wd1e-04trmiss0_degmodglobal,15,0.632936030626297,0.7727533578872681,0.38888888888888884,0.6315406815406817,0.23076923076923078,0.0,0.5811223387718201,0.6115968525409698,0.05507971253246069,0.15138478949666023,0.0,0.0,0.0,0.0,0.0,18473,global,0.0
5,5,lr5e-05_bs16_drop0p4_temp2p0_a0p25_b0p05__wd1e-04trmiss0_degmodglobal,16,5e-05,0.0001,0.4,2.0,0.25,0.05,lr5e-05_bs16_drop0p4_temp2p0_a0p25_b0p05__wd1e-04trmiss0_degmodglobal,16,0.6025442183017731,0.7733108997344971,0.38888888888888884,0.6315406815406817,0.23076923076923078,0.0,0.5875693261623383,0.5850231349468231,0.045181429013609886,0.12451426312327385,0.0,0.0,0.0,0.0,0.0,18473,global,0.0
5,5,lr5e-05_bs16_drop0p4_temp2p0_a0p25_b0p05__wd1e-04trmiss0_degmodglobal,16,5e-05,0.0001,0.4,2.0,0.25,0.05,lr5e-05_bs16_drop0p4_temp2p0_a0p25_b0p05__wd1e-04trmiss0_degmodglobal,17,0.5944463312625885,0.7726436853408813,0.38888888888888884,0.6315406815406817,0.3076923076923077,0.0,0.5748733878135681,0.5716908574104309,0.06283976510167122,0.14091065153479576,0.0,0.0,0.0,0.0,0.0,18473,global,0.0
5,5,lr5e-05_bs16_drop0p4_temp2p0_a0p25_b0p05__wd1e-04trmiss0_degmodglobal,16,5e-05,0.0001,0.4,2.0,0.25,0.05,lr5e-05_bs16_drop0p4_temp2p0_a0p25_b0p05__wd1e-04trmiss0_degmodglobal,18,0.609633132815361,0.7768568396568298,0.38888888888888884,0.6315406815406817,0.23076923076923078,0.0,0.5750933587551117,0.5862417817115784,0.06410358473658562,0.14730899408459663,0.0,0.0,0.0,0.0,0.0,18473,global,0.0
5,5,lr5e-05_bs16_drop0p4_temp2p0_a0p25_b0p05__wd1e-04trmiss0_degmodglobal,16,5e-05,0.0001,0.4,2.0,0.25,0.05,lr5e-05_bs16_drop0p4_temp2p0_a0p25_b0p05__wd1e-04trmiss0_degmodglobal,19,0.6139222085475922,0.7760283946990967,0.38888888888888884,0.6315406815406817,0.23076923076923078,0.0,0.5519657880067825,0.5841548144817352,0.07102424651384354,0.24022673442959785,0.0,0.0,0.0,0.0,0.0,18473,global,0.0
5,5,lr5e-05_bs16_drop0p4_temp2p0_a0p25_b0p05__wd1e-04trmiss0_degmodglobal,16,5e-05,0.0001,0.4,2.0,0.25,0.05,lr5e-05_bs16_drop0p4_temp2p0_a0p25_b0p05__wd1e-04trmiss0_degmodglobal,20,0.6124632209539413,0.7753278613090515,0.38888888888888884,0.6315406815406817,0.23076923076923078,0.0,0.5734081715345383,0.5873853713274002,0.065583610907197,0.17363901436328888,0.0,0.0,0.0,0.0,0.0,18473,global,0.0
5,5,lr5e-05_bs16_drop0p4_temp2p0_a0p25_b0p05__wd1e-04trmiss0_degmodglobal,16,5e-05,0.0001,0.4,2.0,0.25,0.05,lr5e-05_bs16_drop0p4_temp2p0_a0p25_b0p05__wd1e-04trmiss0_degmodglobal,21,0.6089722514152527,0.7748258113861084,0.38888888888888884,0.6315406815406817,0.15384615384615385,0.0,0.5452247560024261,0.5861843526363373,0.05596223659813404,0.17594676837325096,0.0,0.0,0.0,0.0,0.0,18473,global,0.0
5,5,lr5e-05_bs16_drop0p4_temp2p0_a0p25_b0p05__wd1e-04trmiss0_degmodglobal,16,5e-05,0.0001,0.4,2.0,0.25,0.05,lr5e-05_bs16_drop0p4_temp2p0_a0p25_b0p05__wd1e-04trmiss0_degmodglobal,22,0.6037710905075073,0.7717116475105286,0.38888888888888884,0.6315406815406817,0.3076923076923077,0.0,0.5506551861763,0.5821741968393326,0.053922949358820915,0.16232318244874477,0.0,0.0,0.0,0.0,0.0,18473,global,0.0
5,5,lr5e-05_bs16_drop0p4_temp2p0_a0p25_b0p05__wd1e-04trmiss0_degmodglobal,16,5e-05,0.0001,0.4,2.0,0.25,0.05,lr5e-05_bs16_drop0p4_temp2p0_a0p25_b0p05__wd1e-04trmiss0_degmodglobal,23,0.6102993786334991,0.7726783752441406,0.38888888888888884,0.6315406815406817,0.3076923076923077,0.0,0.5492452830076218,0.5847090035676956,0.06932666525244713,0.16517399810254574,0.0,0.0,0.0,0.0,0.0,18473,global,0.0
5,5,lr5e-05_bs16_drop0p4_temp2p0_a0p25_b0p05__wd1e-04trmiss0_degmodglobal,16,5e-05,0.0001,0.4,2.0,0.25,0.05,lr5e-05_bs16_drop0p4_temp2p0_a0p25_b0p05__wd1e-04trmiss0_degmodglobal,24,0.5761429369449615,0.7699033617973328,0.38888888888888884,0.6315406815406817,0.3076923076923077,0.0,0.5259812027215958,0.5583233088254929,0.047682889737188816,0.11797793302685022,0.0,0.0,0.0,0.0,0.0,18473,global,0.0
5,5,lr5e-05_bs16_drop0p4_temp2p0_a0p25_b0p05__wd1e-04trmiss0_degmodglobal,16,5e-05,0.0001,0.4,2.0,0.25,0.05,lr5e-05_bs16_drop0p4_temp2p0_a0p25_b0p05__wd1e-04trmiss0_degmodglobal,25,0.5835804790258408,0.771266520023346,0.38888888888888884,0.6315406815406817,0.3076923076923077,0.0,0.5059605091810226,0.5564754605293274,0.07127787359058857,0.18571066111326218,0.0,0.0,0.0,0.0,0.0,18473,global,0.0
5,5,lr1e-05_bs16_drop0p2_temp1p0_a0p25_b0p05__wd1e-04trmiss0_degmodglobal,16,1e-05,0.0001,0.2,1.0,0.25,0.05,lr1e-05_bs16_drop0p2_temp1p0_a0p25_b0p05__wd1e-04trmiss0_degmodglobal,1,0.6957926452159882,0.6795492172241211,0.5555555555555556,0.7688422688422689,0.6923076923076923,0.0,0.6993759125471115,0.6799218654632568,0.04372976254671812,0.09876685496419668,0.0,0.0,0.0,0.0,0.0,18473,global,0.0
5,5,lr1e-05_bs16_drop0p2_temp1p0_a0p25_b0p05__wd1e-04trmiss0_degmodglobal,16,1e-05,0.0001,0.2,1.0,0.25,0.05,lr1e-05_bs16_drop0p2_temp1p0_a0p25_b0p05__wd1e-04trmiss0_degmodglobal,2,0.713391125202179,0.676668107509613,0.5555555555555556,0.7642567309233976,0.6923076923076923,0.0,0.6866435557603836,0.6987924426794052,0.04082150757312775,0.08786607626825571,0.0,0.0,0.0,0.0,0.0,18473,global,0.0
5,5,lr1e-05_bs16_drop0p2_temp1p0_a0p25_b0p05__wd1e-04trmiss0_degmodglobal,16,1e-05,0.0001,0.2,1.0,0.25,0.05,lr1e-05_bs16_drop0p2_temp1p0_a0p25_b0p05__wd1e-04trmiss0_degmodglobal,3,0.7238525003194809,0.6726818084716797,0.5277777777777777,0.708701175367842,0.6923076923076923,0.0,0.6841600090265274,0.7081851363182068,0.04018940590322018,0.11240029335021973,0.0,0.0,0.0,0.0,0.0,18473,global,0.0
5,5,lr1e-05_bs16_drop0p2_temp1p0_a0p25_b0p05__wd1e-04trmiss0_degmodglobal,16,1e-05,0.0001,0.2,1.0,0.25,0.05,lr1e-05_bs16_drop0p2_temp1p0_a0p25_b0p05__wd1e-04trmiss0_degmodglobal,4,0.7041244804859161,0.6699463725090027,0.5555555555555556,0.7167819834486502,0.6923076923076923,0.0,0.6573876738548279,0.6875086277723312,0.03804329037666321,0.14210016652941704,0.0,0.0,0.0,0.0,0.0,18473,global,0.0
5,5,lr1e-05_bs16_drop0p2_temp1p0_a0p25_b0p05__wd1e-04trmiss0_degmodglobal,16,1e-05,0.0001,0.2,1.0,0.25,0.05,lr1e-05_bs16_drop0p2_temp1p0_a0p25_b0p05__wd1e-04trmiss0_degmodglobal,5,0.6707157492637634,0.6683681607246399,0.5555555555555556,0.7167819834486502,0.6923076923076923,0.0,0.6795021742582321,0.6575224846601486,0.033428583294153214,0.09672251529991627,0.0,0.0,0.0,0.0,0.0,18473,global,0.0
5,5,lr1e-05_bs16_drop0p2_temp1p0_a0p25_b0p05__wd1e-04trmiss0_degmodglobal,16,1e-05,0.0001,0.2,1.0,0.25,0.05,lr1e-05_bs16_drop0p2_temp1p0_a0p25_b0p05__wd1e-04trmiss0_degmodglobal,6,0.6818477511405945,0.6685866117477417,0.5555555555555556,0.7167819834486502,0.6923076923076923,0.0,0.6746748983860016,0.6679109185934067,0.036322859581559896,0.09712230041623116,0.0,0.0,0.0,0.0,0.0,18473,global,0.0
5,5,lr1e-05_bs16_drop0p2_temp1p0_a0p25_b0p05__wd1e-04trmiss0_degmodglobal,16,1e-05,0.0001,0.2,1.0,0.25,0.05,lr1e-05_bs16_drop0p2_temp1p0_a0p25_b0p05__wd1e-04trmiss0_degmodglobal,7,0.6964210271835327,0.6684693694114685,0.5555555555555556,0.7167819834486502,0.6923076923076923,0.0,0.6450365781784058,0.6790643185377121,0.040978542529046535,0.14224162325263023,0.0,0.0,0.0,0.0,0.0,18473,global,0.0
5,5,lr1e-05_bs16_drop0p2_temp1p0_a0p25_b0p05__wd1e-04trmiss0_degmodglobal,16,1e-05,0.0001,0.2,1.0,0.25,0.05,lr1e-05_bs16_drop0p2_temp1p0_a0p25_b0p05__wd1e-04trmiss0_degmodglobal,8,0.676628828048706,0.6699163317680359,0.5277777777777777,0.708701175367842,0.6923076923076923,0.0,0.6482457667589188,0.658417284488678,0.05171328876167536,0.10566464811563492,0.0,0.0,0.0,0.0,0.0,18473,global,0.0
5,5,lr1e-05_bs16_drop0p2_temp1p0_a0p25_b0p05__wd1e-04trmiss0_degmodglobal,16,1e-05,0.0001,0.2,1.0,0.25,0.05,lr1e-05_bs16_drop0p2_temp1p0_a0p25_b0p05__wd1e-04trmiss0_degmodglobal,9,0.6967177391052246,0.6730189919471741,0.5277777777777777,0.708701175367842,0.6923076923076923,0.0,0.6622444689273834,0.6804935783147812,0.03845447674393654,0.13221090100705624,0.0,0.0,0.0,0.0,0.0,18473,global,0.0
5,5,lr1e-05_bs16_drop0p2_temp1p0_a0p25_b0p05__wd1e-04trmiss0_degmodglobal,16,1e-05,0.0001,0.2,1.0,0.25,0.05,lr1e-05_bs16_drop0p2_temp1p0_a0p25_b0p05__wd1e-04trmiss0_degmodglobal,10,0.6897623538970947,0.6746425032615662,0.49999999999999994,0.6938863605530272,0.6923076923076923,0.0,0.6593526601791382,0.6740307360887527,0.04331907443702221,0.09803681634366512,0.0,0.0,0.0,0.0,0.0,18473,global,0.0
5,5,lr1e-05_bs16_drop0p2_temp1p0_a0p25_b0p05__wd1e-04trmiss0_degmodglobal,16,1e-05,0.0001,0.2,1.0,0.25,0.05,lr1e-05_bs16_drop0p2_temp1p0_a0p25_b0p05__wd1e-04trmiss0_degmodglobal,11,0.6652075350284576,0.6746609807014465,0.5277777777777777,0.708701175367842,0.6923076923076923,0.0,0.6514373421669006,0.648870050907135,0.04356520203873515,0.10892352275550365,0.0,0.0,0.0,0.0,0.0,18473,global,0.0
5,5,lr1e-05_bs16_drop0p2_temp1p0_a0p25_b0p05__wd1e-04trmiss0_degmodglobal,16,1e-05,0.0001,0.2,1.0,0.25,0.05,lr1e-05_bs16_drop0p2_temp1p0_a0p25_b0p05__wd1e-04trmiss0_degmodglobal,12,0.6720713526010513,0.6740404367446899,0.5555555555555556,0.7167819834486502,0.6923076923076923,0.0,0.6537557989358902,0.659268707036972,0.031160523649305105,0.10025045089423656,0.0,0.0,0.0,0.0,0.0,18473,global,0.0
5,5,lr1e-05_bs16_drop0p2_temp1p0_a0p25_b0p05__wd1e-04trmiss0_degmodglobal,16,1e-05,0.0001,0.2,1.0,0.25,0.05,lr1e-05_bs16_drop0p2_temp1p0_a0p25_b0p05__wd1e-04trmiss0_degmodglobal,13,0.6748950034379959,0.6775127649307251,0.49999999999999994,0.7000592000592001,0.6923076923076923,0.0,0.6404637843370438,0.6596073806285858,0.040529802441596985,0.10310368333011866,0.0,0.0,0.0,0.0,0.0,18473,global,0.0
5,5,lr1e-05_bs16_drop0p2_temp1p0_a0p25_b0p05__wd1e-04trmiss0_degmodglobal,16,1e-05,0.0001,0.2,1.0,0.25,0.05,lr1e-05_bs16_drop0p2_temp1p0_a0p25_b0p05__wd1e-04trmiss0_degmodglobal,14,0.6569326221942902,0.6806617379188538,0.47222222222222215,0.6852443852443852,0.6923076923076923,0.0,0.6432577222585678,0.6381521672010422,0.047842491418123245,0.13639705814421177,0.0,0.0,0.0,0.0,0.0,18473,global,0.0
5,5,lr1e-05_bs16_drop0p2_temp1p0_a0p25_b0p05__wd1e-04trmiss0_degmodglobal,16,1e-05,0.0001,0.2,1.0,0.25,0.05,lr1e-05_bs16_drop0p2_temp1p0_a0p25_b0p05__wd1e-04trmiss0_degmodglobal,15,0.6784932017326355,0.6830188632011414,0.47222222222222215,0.6852443852443852,0.6153846153846154,0.0,0.6545757949352264,0.6612615287303925,0.04296198394149542,0.1298232562839985,0.0,0.0,0.0,0.0,0.0,18473,global,0.0
5,5,lr1e-05_bs16_drop0p2_temp1p0_a0p25_b0p05__wd1e-04trmiss0_degmodglobal,16,1e-05,0.0001,0.2,1.0,0.25,0.05,lr1e-05_bs16_drop0p2_temp1p0_a0p25_b0p05__wd1e-04trmiss0_degmodglobal,16,0.6556960791349411,0.6814204454421997,0.4444444444444444,0.6685777185777186,0.6153846153846154,0.0,0.6551300585269928,0.6371438354253769,0.049196163192391396,0.1250641569495201,0.0,0.0,0.0,0.0,0.0,18473,global,0.0
5,5,lr1e-05_bs16_drop0p2_temp1p0_a0p25_b0p05__wd1e-04trmiss0_degmodglobal,16,1e-05,0.0001,0.2,1.0,0.25,0.05,lr1e-05_bs16_drop0p2_temp1p0_a0p25_b0p05__wd1e-04trmiss0_degmodglobal,17,0.6550305485725403,0.683381199836731,0.41666666666666663,0.6500592000592001,0.6153846153846154,0.0,0.6455139070749283,0.6386933326721191,0.04251469299197197,0.11417117156088352,0.0,0.0,0.0,0.0,0.0,18473,global,0.0
5,5,lr1e-05_bs16_drop0p2_temp1p0_a0p25_b0p05__wd1e-04trmiss0_degmodglobal,16,1e-05,0.0001,0.2,1.0,0.25,0.05,lr1e-05_bs16_drop0p2_temp1p0_a0p25_b0p05__wd1e-04trmiss0_degmodglobal,18,0.6763405203819275,0.684672474861145,0.4444444444444444,0.6587011753678421,0.6153846153846154,0.0,0.6298238188028336,0.6602290868759155,0.03915491979569197,0.12645399756729603,0.0,0.0,0.0,0.0,0.0,18473,global,0.0
5,5,lr1e-05_bs16_drop0p2_temp1p0_a0p25_b0p05__wd1e-04trmiss0_degmodglobal,16,1e-05,0.0001,0.2,1.0,0.25,0.05,lr1e-05_bs16_drop0p2_temp1p0_a0p25_b0p05__wd1e-04trmiss0_degmodglobal,19,0.6652505695819855,0.6894069314002991,0.41666666666666663,0.6500592000592001,0.6153846153846154,0.0,0.6447454541921616,0.6519565582275391,0.03492054948583245,0.09127775486558676,0.0,0.0,0.0,0.0,0.0,18473,global,0.0
5,5,lr1e-05_bs16_drop0p2_temp1p0_a0p25_b0p05__wd1e-04trmiss0_degmodglobal,16,1e-05,0.0001,0.2,1.0,0.25,0.05,lr1e-05_bs16_drop0p2_temp1p0_a0p25_b0p05__wd1e-04trmiss0_degmodglobal,20,0.6754463762044907,0.6868109703063965,0.4444444444444444,0.6587011753678421,0.6153846153846154,0.0,0.6441145539283752,0.6615012139081955,0.03989667631685734,0.0794200599193573,0.0,0.0,0.0,0.0,0.0,18473,global,0.0
5,5,lr1e-05_bs16_drop0p2_temp1p0_a0p25_b0p05__wd1e-04trmiss0_degmodglobal,16,1e-05,0.0001,0.2,1.0,0.25,0.05,lr1e-05_bs16_drop0p2_temp1p0_a0p25_b0p05__wd1e-04trmiss0_degmodglobal,21,0.6507297158241272,0.689895510673523,0.4444444444444444,0.6587011753678421,0.6153846153846154,0.0,0.6262520998716354,0.6320327669382095,0.04862749017775059,0.13080154918134212,0.0,0.0,0.0,0.0,0.0,18473,global,0.0
5,5,lr1e-05_bs16_drop0p2_temp1p0_a0p25_b0p05__wd1e-04trmiss0_degmodglobal,16,1e-05,0.0001,0.2,1.0,0.25,0.05,lr1e-05_bs16_drop0p2_temp1p0_a0p25_b0p05__wd1e-04trmiss0_degmodglobal,22,0.6408517956733704,0.6924902200698853,0.3888888888888889,0.6433251933251934,0.6153846153846154,0.0,0.6266406923532486,0.6245350539684296,0.046538958325982094,0.09364008065313101,0.0,0.0,0.0,0.0,0.0,18473,global,0.0
5,5,lr1e-05_bs16_drop0p2_temp1p0_a0p25_b0p05__wd1e-04trmiss0_degmodglobal,16,1e-05,0.0001,0.2,1.0,0.25,0.05,lr1e-05_bs16_drop0p2_temp1p0_a0p25_b0p05__wd1e-04trmiss0_degmodglobal,23,0.6573008894920349,0.6923767328262329,0.3888888888888889,0.6433251933251934,0.6153846153846154,0.0,0.6315448135137558,0.641620323061943,0.040162522345781326,0.11279870010912418,0.0,0.0,0.0,0.0,0.0,18473,global,0.0
5,5,lr1e-05_bs16_drop0p2_temp1p0_a0p25_b0p05__wd1e-04trmiss0_degmodglobal,16,1e-05,0.0001,0.2,1.0,0.25,0.05,lr1e-05_bs16_drop0p2_temp1p0_a0p25_b0p05__wd1e-04trmiss0_degmodglobal,24,0.6369143575429916,0.6936666369438171,0.3888888888888889,0.6433251933251934,0.6153846153846154,0.0,0.630339190363884,0.6210689544677734,0.03954488318413496,0.11918394640088081,0.0,0.0,0.0,0.0,0.0,18473,global,0.0
5,5,lr1e-05_bs16_drop0p2_temp1p0_a0p25_b0p05__wd1e-04trmiss0_degmodglobal,16,1e-05,0.0001,0.2,1.0,0.25,0.05,lr1e-05_bs16_drop0p2_temp1p0_a0p25_b0p05__wd1e-04trmiss0_degmodglobal,25,0.6627503931522369,0.6943029761314392,0.3888888888888889,0.6433251933251934,0.6153846153846154,0.0,0.6376575827598572,0.643952414393425,0.048928926698863506,0.13131464272737503,0.0,0.0,0.0,0.0,0.0,18473,global,0.0
5,5,lr1e-05_bs16_drop0p2_temp2p0_a0p25_b0p05__wd1e-04trmiss0_degmodglobal,16,1e-05,0.0001,0.2,2.0,0.25,0.05,lr1e-05_bs16_drop0p2_temp2p0_a0p25_b0p05__wd1e-04trmiss0_degmodglobal,1,0.7438743263483047,0.6733294725418091,0.7777777777777778,0.9172278338945008,0.7692307692307693,0.0,0.7632334381341934,0.7189990878105164,0.05559932393953204,0.2195080779492855,0.0,0.0,0.0,0.0,0.0,18473,global,0.0
5,5,lr1e-05_bs16_drop0p2_temp2p0_a0p25_b0p05__wd1e-04trmiss0_degmodglobal,16,1e-05,0.0001,0.2,2.0,0.25,0.05,lr1e-05_bs16_drop0p2_temp2p0_a0p25_b0p05__wd1e-04trmiss0_degmodglobal,2,0.7113412022590637,0.6731660962104797,0.7777777777777778,0.9172278338945008,0.6923076923076923,0.0,0.7332070469856262,0.6796012371778488,0.06802492402493954,0.29467469081282616,0.0,0.0,0.0,0.0,0.0,18473,global,0.0
5,5,lr1e-05_bs16_drop0p2_temp2p0_a0p25_b0p05__wd1e-04trmiss0_degmodglobal,16,1e-05,0.0001,0.2,2.0,0.25,0.05,lr1e-05_bs16_drop0p2_temp2p0_a0p25_b0p05__wd1e-04trmiss0_degmodglobal,3,0.7107166945934296,0.6725120544433594,0.7777777777777778,0.9172278338945008,0.6923076923076923,0.0,0.7522026002407074,0.6795983910560608,0.07264905981719494,0.2591209225356579,0.0,0.0,0.0,0.0,0.0,18473,global,0.0
5,5,lr1e-05_bs16_drop0p2_temp2p0_a0p25_b0p05__wd1e-04trmiss0_degmodglobal,16,1e-05,0.0001,0.2,2.0,0.25,0.05,lr1e-05_bs16_drop0p2_temp2p0_a0p25_b0p05__wd1e-04trmiss0_degmodglobal,4,0.6908782571554184,0.6703652739524841,0.7777777777777778,0.9172278338945008,0.7692307692307693,0.0,0.7153371721506119,0.6652398854494095,0.05706050246953964,0.22746475599706173,0.0,0.0,0.0,0.0,0.0,18473,global,0.0
5,5,lr1e-05_bs16_drop0p2_temp2p0_a0p25_b0p05__wd1e-04trmiss0_degmodglobal,16,1e-05,0.0001,0.2,2.0,0.25,0.05,lr1e-05_bs16_drop0p2_temp2p0_a0p25_b0p05__wd1e-04trmiss0_degmodglobal,5,0.7294709980487823,0.6674068570137024,0.7777777777777778,0.9172278338945008,0.7692307692307693,0.0,0.7248075902462006,0.6990968436002731,0.06782545056194067,0.2683560885488987,0.0,0.0,0.0,0.0,0.0,18473,global,0.0
5,5,lr1e-05_bs16_drop0p2_temp2p0_a0p25_b0p05__wd1e-04trmiss0_degmodglobal,16,1e-05,0.0001,0.2,2.0,0.25,0.05,lr1e-05_bs16_drop0p2_temp2p0_a0p25_b0p05__wd1e-04trmiss0_degmodglobal,6,0.7041734457015991,0.6644789576530457,0.8055555555555556,0.9280303030303032,0.7692307692307693,0.0,0.7027380466461182,0.6797094196081161,0.055989982560276985,0.20933068916201591,0.0,0.0,0.0,0.0,0.0,18473,global,0.0
5,5,lr1e-05_bs16_drop0p2_temp2p0_a0p25_b0p05__wd1e-04trmiss0_degmodglobal,16,1e-05,0.0001,0.2,2.0,0.25,0.05,lr1e-05_bs16_drop0p2_temp2p0_a0p25_b0p05__wd1e-04trmiss0_degmodglobal,7,0.692084789276123,0.662135660648346,0.8333333333333334,0.941919191919192,0.7692307692307693,0.0,0.734589010477066,0.6653811484575272,0.061216999776661396,0.22798771038651466,0.0,0.0,0.0,0.0,0.0,18473,global,0.0
5,5,lr1e-05_bs16_drop0p2_temp2p0_a0p25_b0p05__wd1e-04trmiss0_degmodglobal,16,1e-05,0.0001,0.2,2.0,0.25,0.05,lr1e-05_bs16_drop0p2_temp2p0_a0p25_b0p05__wd1e-04trmiss0_degmodglobal,8,0.6775010675191879,0.6624331474304199,0.8055555555555556,0.9253086419753087,0.7692307692307693,0.0,0.717941403388977,0.6506709903478622,0.05740839242935181,0.24955952167510986,0.0,0.0,0.0,0.0,0.0,18473,global,0.0
5,5,lr1e-05_bs16_drop0p2_temp2p0_a0p25_b0p05__wd1e-04trmiss0_degmodglobal,16,1e-05,0.0001,0.2,2.0,0.25,0.05,lr1e-05_bs16_drop0p2_temp2p0_a0p25_b0p05__wd1e-04trmiss0_degmodglobal,9,0.6584772914648056,0.6619246602058411,0.8333333333333333,0.9361111111111113,0.6923076923076923,0.0,0.7018356025218964,0.6335912942886353,0.05369760002940893,0.22923168540000916,0.0,0.0,0.0,0.0,0.0,18473,global,0.0
5,5,lr1e-05_bs16_drop0p2_temp2p0_a0p25_b0p05__wd1e-04trmiss0_degmodglobal,16,1e-05,0.0001,0.2,2.0,0.25,0.05,lr1e-05_bs16_drop0p2_temp2p0_a0p25_b0p05__wd1e-04trmiss0_degmodglobal,10,0.6775899529457092,0.6617074012756348,0.8055555555555556,0.9202380952380953,0.6923076923076923,0.0,0.6901246309280396,0.6520123034715652,0.05647025350481272,0.22920183092355728,0.0,0.0,0.0,0.0,0.0,18473,global,0.0
5,5,lr1e-05_bs16_drop0p2_temp2p0_a0p25_b0p05__wd1e-04trmiss0_degmodglobal,16,1e-05,0.0001,0.2,2.0,0.25,0.05,lr1e-05_bs16_drop0p2_temp2p0_a0p25_b0p05__wd1e-04trmiss0_degmodglobal,11,0.6951582729816437,0.6601097583770752,0.8333333333333333,0.9301146384479719,0.6923076923076923,0.0,0.7160684913396835,0.6655523926019669,0.0649207467213273,0.26751358434557915,0.0,0.0,0.0,0.0,0.0,18473,global,0.0
5,5,lr1e-05_bs16_drop0p2_temp2p0_a0p25_b0p05__wd1e-04trmiss0_degmodglobal,16,1e-05,0.0001,0.2,2.0,0.25,0.05,lr1e-05_bs16_drop0p2_temp2p0_a0p25_b0p05__wd1e-04trmiss0_degmodglobal,12,0.6771731525659561,0.6603631377220154,0.7777777777777777,0.9138278388278389,0.6923076923076923,0.0,0.7191070169210434,0.644449383020401,0.07181708887219429,0.29538998007774353,0.0,0.0,0.0,0.0,0.0,18473,global,0.0
5,5,lr1e-05_bs16_drop0p2_temp2p0_a0p25_b0p05__wd1e-04trmiss0_degmodglobal,16,1e-05,0.0001,0.2,2.0,0.25,0.05,lr1e-05_bs16_drop0p2_temp2p0_a0p25_b0p05__wd1e-04trmiss0_degmodglobal,13,0.6711571663618088,0.6644617319107056,0.7777777777777777,0.9138278388278389,0.6923076923076923,0.0,0.7161526679992676,0.6509814560413361,0.04633480776101351,0.17184043303132057,0.0,0.0,0.0,0.0,0.0,18473,global,0.0
5,5,lr1e-05_bs16_drop0p2_temp2p0_a0p25_b0p05__wd1e-04trmiss0_degmodglobal,16,1e-05,0.0001,0.2,2.0,0.25,0.05,lr1e-05_bs16_drop0p2_temp2p0_a0p25_b0p05__wd1e-04trmiss0_degmodglobal,14,0.6585930287837982,0.6665202379226685,0.7777777777777777,0.9138278388278389,0.6923076923076923,0.0,0.722139447927475,0.6331894546747208,0.05784142576158047,0.21886444464325905,0.0,0.0,0.0,0.0,0.0,18473,global,0.0
5,5,lr1e-05_bs16_drop0p2_temp2p0_a0p25_b0p05__wd1e-04trmiss0_degmodglobal,16,1e-05,0.0001,0.2,2.0,0.25,0.05,lr1e-05_bs16_drop0p2_temp2p0_a0p25_b0p05__wd1e-04trmiss0_degmodglobal,15,0.6599533408880234,0.6661131978034973,0.7777777777777777,0.9051858635191969,0.7692307692307693,0.0,0.7232558727264404,0.6352396905422211,0.055608056485652924,0.21623270027339458,0.0,0.0,0.0,0.0,0.0,18473,global,0.0
5,5,lr1e-05_bs16_drop0p2_temp2p0_a0p25_b0p05__wd1e-04trmiss0_degmodglobal,16,1e-05,0.0001,0.2,2.0,0.25,0.05,lr1e-05_bs16_drop0p2_temp2p0_a0p25_b0p05__wd1e-04trmiss0_degmodglobal,16,0.6680235862731934,0.6643227338790894,0.7777777777777777,0.9051858635191969,0.6923076923076923,0.0,0.7480087578296661,0.6355270892381668,0.07572755962610245,0.27129168808460236,0.0,0.0,0.0,0.0,0.0,18473,global,0.0
5,5,lr1e-05_bs16_drop0p2_temp2p0_a0p25_b0p05__wd1e-04trmiss0_degmodglobal,16,1e-05,0.0001,0.2,2.0,0.25,0.05,lr1e-05_bs16_drop0p2_temp2p0_a0p25_b0p05__wd1e-04trmiss0_degmodglobal,17,0.6545220166444778,0.6643908023834229,0.7777777777777777,0.9051858635191969,0.6923076923076923,0.0,0.7056756019592285,0.6333996653556824,0.045576948672533035,0.1945623755455017,0.0,0.0,0.0,0.0,0.0,18473,global,0.0
5,5,lr1e-05_bs16_drop0p2_temp2p0_a0p25_b0p05__wd1e-04trmiss0_degmodglobal,16,1e-05,0.0001,0.2,2.0,0.25,0.05,lr1e-05_bs16_drop0p2_temp2p0_a0p25_b0p05__wd1e-04trmiss0_degmodglobal,18,0.6549879312515259,0.6640048027038574,0.75,0.8829636412969748,0.6923076923076923,0.0,0.698750913143158,0.6305990219116211,0.053810784593224525,0.21872412040829659,0.0,0.0,0.0,0.0,0.0,18473,global,0.0
5,5,lr1e-05_bs16_drop0p2_temp2p0_a0p25_b0p05__wd1e-04trmiss0_degmodglobal,16,1e-05,0.0001,0.2,2.0,0.25,0.05,lr1e-05_bs16_drop0p2_temp2p0_a0p25_b0p05__wd1e-04trmiss0_degmodglobal,19,0.6562227457761765,0.6651830673217773,0.7777777777777777,0.9051858635191969,0.7692307692307693,0.0,0.672104075551033,0.6268031895160675,0.06849745661020279,0.24590393155813217,0.0,0.0,0.0,0.0,0.0,18473,global,0.0
5,5,lr1e-05_bs16_drop0p2_temp2p0_a0p25_b0p05__wd1e-04trmiss0_degmodglobal,16,1e-05,0.0001,0.2,2.0,0.25,0.05,lr1e-05_bs16_drop0p2_temp2p0_a0p25_b0p05__wd1e-04trmiss0_degmodglobal,20,0.6548794060945511,0.6658787727355957,0.75,0.8829636412969748,0.8461538461538461,0.0,0.6990026831626892,0.6285539269447327,0.06177913025021553,0.21761393174529076,0.0,0.0,0.0,0.0,0.0,18473,global,0.0
5,5,lr1e-05_bs16_drop0p2_temp2p0_a0p25_b0p05__wd1e-04trmiss0_degmodglobal,16,1e-05,0.0001,0.2,2.0,0.25,0.05,lr1e-05_bs16_drop0p2_temp2p0_a0p25_b0p05__wd1e-04trmiss0_degmodglobal,21,0.6362589746713638,0.6631801724433899,0.7222222222222222,0.8551858635191969,0.8461538461538461,0.0,0.6883051991462708,0.6078031361103058,0.05858505191281438,0.27619172260165215,0.0,0.0,0.0,0.0,0.0,18473,global,0.0
5,5,lr1e-05_bs16_drop0p2_temp2p0_a0p25_b0p05__wd1e-04trmiss0_degmodglobal,16,1e-05,0.0001,0.2,2.0,0.25,0.05,lr1e-05_bs16_drop0p2_temp2p0_a0p25_b0p05__wd1e-04trmiss0_degmodglobal,22,0.6308487504720688,0.6622799038887024,0.75,0.8829636412969748,0.8461538461538461,0.0,0.7001416385173798,0.6018468886613846,0.06414488330483437,0.25931286811828613,0.0,0.0,0.0,0.0,0.0,18473,global,0.0
5,5,lr1e-05_bs16_drop0p2_temp2p0_a0p25_b0p05__wd1e-04trmiss0_degmodglobal,16,1e-05,0.0001,0.2,2.0,0.25,0.05,lr1e-05_bs16_drop0p2_temp2p0_a0p25_b0p05__wd1e-04trmiss0_degmodglobal,23,0.6459360718727112,0.6604040265083313,0.7222222222222222,0.8551858635191969,0.8461538461538461,0.0,0.6788634657859802,0.619432806968689,0.0604773024097085,0.22767872363328934,0.0,0.0,0.0,0.0,0.0,18473,global,0.0
5,5,lr1e-05_bs16_drop0p2_temp2p0_a0p25_b0p05__wd1e-04trmiss0_degmodglobal,16,1e-05,0.0001,0.2,2.0,0.25,0.05,lr1e-05_bs16_drop0p2_temp2p0_a0p25_b0p05__wd1e-04trmiss0_degmodglobal,24,0.6305663585662842,0.6623959541320801,0.7222222222222222,0.8551858635191969,0.8461538461538461,0.0,0.6451151072978973,0.6022079586982727,0.06525026820600033,0.2409166395664215,0.0,0.0,0.0,0.0,0.0,18473,global,0.0
5,5,lr1e-05_bs16_drop0p2_temp2p0_a0p25_b0p05__wd1e-04trmiss0_degmodglobal,16,1e-05,0.0001,0.2,2.0,0.25,0.05,lr1e-05_bs16_drop0p2_temp2p0_a0p25_b0p05__wd1e-04trmiss0_degmodglobal,25,0.6480710059404373,0.6645967364311218,0.75,0.8829636412969748,0.8461538461538461,0.0,0.6472495049238205,0.6273418217897415,0.04576828982681036,0.18574250489473343,0.0,0.0,0.0,0.0,0.0,18473,global,0.0
5,5,lr1e-05_bs16_drop0p2_temp2p0_a0p25_b0p05__wd1e-04trmiss0_degmodglobal,16,1e-05,0.0001,0.2,2.0,0.25,0.05,lr1e-05_bs16_drop0p2_temp2p0_a0p25_b0p05__wd1e-04trmiss0_degmodglobal,26,0.6261872500181198,0.6635466814041138,0.7222222222222222,0.8551858635191969,0.8461538461538461,0.0,0.6621078550815582,0.6061014235019684,0.04619192937389016,0.17075692489743233,0.0,0.0,0.0,0.0,0.0,18473,global,0.0
5,5,lr1e-05_bs16_drop0p2_temp2p0_a0p25_b0p05__wd1e-04trmiss0_degmodglobal,16,1e-05,0.0001,0.2,2.0,0.25,0.05,lr1e-05_bs16_drop0p2_temp2p0_a0p25_b0p05__wd1e-04trmiss0_degmodglobal,27,0.6609030663967133,0.6645402908325195,0.75,0.8829636412969748,0.8461538461538461,0.0,0.661181852221489,0.6359526067972183,0.058483184315264225,0.20659349486231804,0.0,0.0,0.0,0.0,0.0,18473,global,0.0
5,5,lr1e-05_bs16_drop0p4_temp1p0_a0p25_b0p05__wd1e-04trmiss0_degmodglobal,16,1e-05,0.0001,0.4,1.0,0.25,0.05,lr1e-05_bs16_drop0p4_temp1p0_a0p25_b0p05__wd1e-04trmiss0_degmodglobal,1,0.7564055323600769,0.7299988269805908,0.3611111111111111,0.6936618936618937,0.3076923076923077,0.0,0.6532695591449738,0.7195793986320496,0.07460371777415276,0.3635043725371361,0.0,0.0,0.0,0.0,0.0,18473,global,0.0
5,5,lr1e-05_bs16_drop0p4_temp1p0_a0p25_b0p05__wd1e-04trmiss0_degmodglobal,16,1e-05,0.0001,0.4,1.0,0.25,0.05,lr1e-05_bs16_drop0p4_temp1p0_a0p25_b0p05__wd1e-04trmiss0_degmodglobal,2,0.7047853916883469,0.7313937544822693,0.3888888888888889,0.7306989306989309,0.46153846153846156,0.0,0.6826725900173187,0.6775920987129211,0.057651907205581665,0.2556062936782837,0.0,0.0,0.0,0.0,0.0,18473,global,0.0
5,5,lr1e-05_bs16_drop0p4_temp1p0_a0p25_b0p05__wd1e-04trmiss0_degmodglobal,16,1e-05,0.0001,0.4,1.0,0.25,0.05,lr1e-05_bs16_drop0p4_temp1p0_a0p25_b0p05__wd1e-04trmiss0_degmodglobal,3,0.747435063123703,0.7330699563026428,0.3888888888888889,0.7306989306989309,0.46153846153846156,0.0,0.6589081585407257,0.7186688631772995,0.060943384654819965,0.2706071138381958,0.0,0.0,0.0,0.0,0.0,18473,global,0.0
5,5,lr1e-05_bs16_drop0p4_temp1p0_a0p25_b0p05__wd1e-04trmiss0_degmodglobal,16,1e-05,0.0001,0.4,1.0,0.25,0.05,lr1e-05_bs16_drop0p4_temp1p0_a0p25_b0p05__wd1e-04trmiss0_degmodglobal,4,0.7379983216524124,0.7364072203636169,0.3611111111111111,0.7207782957782958,0.38461538461538464,0.0,0.6741687059402466,0.7078035324811935,0.06204868294298649,0.29365240037441254,0.0,0.0,0.0,0.0,0.0,18473,global,0.0
5,5,lr1e-05_bs16_drop0p4_temp1p0_a0p25_b0p05__wd1e-04trmiss0_degmodglobal,16,1e-05,0.0001,0.4,1.0,0.25,0.05,lr1e-05_bs16_drop0p4_temp1p0_a0p25_b0p05__wd1e-04trmiss0_degmodglobal,5,0.7001220136880875,0.736666202545166,0.41666666666666663,0.7522597772597774,0.38461538461538464,0.0,0.703387513756752,0.6759676933288574,0.04952683299779892,0.23545214161276817,0.0,0.0,0.0,0.0,0.0,18473,global,0.0
5,5,lr1e-05_bs16_drop0p4_temp1p0_a0p25_b0p05__wd1e-04trmiss0_degmodglobal,16,1e-05,0.0001,0.4,1.0,0.25,0.05,lr1e-05_bs16_drop0p4_temp1p0_a0p25_b0p05__wd1e-04trmiss0_degmodglobal,6,0.7046387493610382,0.7366506457328796,0.38888888888888884,0.7445437278770612,0.38461538461538464,0.0,0.6487380266189575,0.6787102222442627,0.05438696779310703,0.24663594365119934,0.0,0.0,0.0,0.0,0.0,18473,global,0.0
5,5,lr1e-05_bs16_drop0p4_temp1p0_a0p25_b0p05__wd1e-04trmiss0_degmodglobal,16,1e-05,0.0001,0.4,1.0,0.25,0.05,lr1e-05_bs16_drop0p4_temp1p0_a0p25_b0p05__wd1e-04trmiss0_degmodglobal,7,0.7089706361293793,0.7373270988464355,0.38888888888888884,0.7445437278770612,0.38461538461538464,0.0,0.650426596403122,0.6797900497913361,0.06516047846525908,0.25780898332595825,0.0,0.0,0.0,0.0,0.0,18473,global,0.0
5,5,lr1e-05_bs16_drop0p4_temp1p0_a0p25_b0p05__wd1e-04trmiss0_degmodglobal,16,1e-05,0.0001,0.4,1.0,0.25,0.05,lr1e-05_bs16_drop0p4_temp1p0_a0p25_b0p05__wd1e-04trmiss0_degmodglobal,8,0.7125062644481659,0.737790584564209,0.41666666666666663,0.7522597772597774,0.46153846153846156,0.0,0.6326617300510406,0.6832090467214584,0.06134822126477957,0.2792033664882183,0.0,0.0,0.0,0.0,0.0,18473,global,0.0
5,5,lr1e-05_bs16_drop0p4_temp1p0_a0p25_b0p05__wd1e-04trmiss0_degmodglobal,16,1e-05,0.0001,0.4,1.0,0.25,0.05,lr1e-05_bs16_drop0p4_temp1p0_a0p25_b0p05__wd1e-04trmiss0_degmodglobal,9,0.7287508249282837,0.7382381558418274,0.41666666666666663,0.7522597772597774,0.38461538461538464,0.0,0.6493367850780487,0.7035225927829742,0.04959491081535816,0.256590086966753,0.0,0.0,0.0,0.0,0.0,18473,global,0.0
5,5,lr1e-05_bs16_drop0p4_temp1p0_a0p25_b0p05__wd1e-04trmiss0_degmodglobal,16,1e-05,0.0001,0.4,1.0,0.25,0.05,lr1e-05_bs16_drop0p4_temp1p0_a0p25_b0p05__wd1e-04trmiss0_degmodglobal,10,0.6820680350065231,0.7379058003425598,0.38888888888888884,0.7445437278770612,0.38461538461538464,0.0,0.6415964365005493,0.6538322567939758,0.05835751350969076,0.27292776107788086,0.0,0.0,0.0,0.0,0.0,18473,global,0.0
5,5,lr1e-05_bs16_drop0p4_temp1p0_a0p25_b0p05__wd1e-04trmiss0_degmodglobal,16,1e-05,0.0001,0.4,1.0,0.25,0.05,lr1e-05_bs16_drop0p4_temp1p0_a0p25_b0p05__wd1e-04trmiss0_degmodglobal,11,0.7034582644701004,0.7397124767303467,0.41666666666666663,0.7723215056548391,0.46153846153846156,0.0,0.6711150854825974,0.6725347638130188,0.07279560342431068,0.2544918842613697,0.0,0.0,0.0,0.0,0.0,18473,global,0.0
5,5,lr1e-05_bs16_drop0p4_temp1p0_a0p25_b0p05__wd1e-04trmiss0_degmodglobal,16,1e-05,0.0001,0.4,1.0,0.25,0.05,lr1e-05_bs16_drop0p4_temp1p0_a0p25_b0p05__wd1e-04trmiss0_degmodglobal,12,0.708256185054779,0.7392070889472961,0.4444444444444444,0.7800375550375551,0.46153846153846156,0.0,0.6349100917577744,0.6786454319953918,0.062262991443276405,0.28090038895606995,0.0,0.0,0.0,0.0,0.0,18473,global,0.0
5,5,lr1e-05_bs16_drop0p4_temp1p0_a0p25_b0p05__wd1e-04trmiss0_degmodglobal,16,1e-05,0.0001,0.4,1.0,0.25,0.05,lr1e-05_bs16_drop0p4_temp1p0_a0p25_b0p05__wd1e-04trmiss0_degmodglobal,13,0.6992549449205399,0.7404796481132507,0.4444444444444444,0.7800375550375551,0.46153846153846156,0.0,0.6262272447347641,0.6697557121515274,0.06268755253404379,0.27654679119586945,0.0,0.0,0.0,0.0,0.0,18473,global,0.0
5,5,lr1e-05_bs16_drop0p4_temp1p0_a0p25_b0p05__wd1e-04trmiss0_degmodglobal,16,1e-05,0.0001,0.4,1.0,0.25,0.05,lr1e-05_bs16_drop0p4_temp1p0_a0p25_b0p05__wd1e-04trmiss0_degmodglobal,14,0.7120264619588852,0.7401251792907715,0.4444444444444444,0.7800375550375551,0.46153846153846156,0.0,0.6422823220491409,0.6829817742109299,0.05746792536228895,0.29355427622795105,0.0,0.0,0.0,0.0,0.0,18473,global,0.0
5,5,lr1e-05_bs16_drop0p4_temp1p0_a0p25_b0p05__wd1e-04trmiss0_degmodglobal,16,1e-05,0.0001,0.4,1.0,0.25,0.05,lr1e-05_bs16_drop0p4_temp1p0_a0p25_b0p05__wd1e-04trmiss0_degmodglobal,15,0.7255435883998871,0.7418475151062012,0.4444444444444444,0.7800375550375551,0.46153846153846156,0.0,0.629029706120491,0.6980446428060532,0.05430192966014147,0.2784692756831646,0.0,0.0,0.0,0.0,0.0,18473,global,0.0
5,5,lr1e-05_bs16_drop0p4_temp1p0_a0p25_b0p05__wd1e-04trmiss0_degmodglobal,16,1e-05,0.0001,0.4,1.0,0.25,0.05,lr1e-05_bs16_drop0p4_temp1p0_a0p25_b0p05__wd1e-04trmiss0_degmodglobal,16,0.7153681516647339,0.7435719966888428,0.38888888888888884,0.7374449624449626,0.46153846153846156,0.0,0.6249138116836548,0.6895684450864792,0.053868911229074,0.2466490902006626,0.0,0.0,0.0,0.0,0.0,18473,global,0.0
5,5,lr1e-05_bs16_drop0p4_temp1p0_a0p25_b0p05__wd1e-04trmiss0_degmodglobal,16,1e-05,0.0001,0.4,1.0,0.25,0.05,lr1e-05_bs16_drop0p4_temp1p0_a0p25_b0p05__wd1e-04trmiss0_degmodglobal,17,0.7091662883758545,0.7430062294006348,0.41666666666666663,0.7652227402227403,0.5384615384615384,0.0,0.6463537216186523,0.6780497878789902,0.06647205352783203,0.2899692803621292,0.0,0.0,0.0,0.0,0.0,18473,global,0.0
5,5,lr1e-05_bs16_drop0p4_temp1p0_a0p25_b0p05__wd1e-04trmiss0_degmodglobal,16,1e-05,0.0001,0.4,1.0,0.25,0.05,lr1e-05_bs16_drop0p4_temp1p0_a0p25_b0p05__wd1e-04trmiss0_degmodglobal,18,0.6809333562850952,0.7410033345222473,0.3888888888888889,0.7546407296407298,0.5384615384615384,0.0,0.6101502329111099,0.6526294648647308,0.061602380126714706,0.25806621462106705,0.0,0.0,0.0,0.0,0.0,18473,global,0.0
5,5,lr1e-05_bs16_drop0p4_temp1p0_a0p25_b0p05__wd1e-04trmiss0_degmodglobal,16,1e-05,0.0001,0.4,1.0,0.25,0.05,lr1e-05_bs16_drop0p4_temp1p0_a0p25_b0p05__wd1e-04trmiss0_degmodglobal,19,0.6993920207023621,0.7377114295959473,0.3888888888888889,0.7546407296407298,0.5384615384615384,0.0,0.6462900638580322,0.6720668226480484,0.061935000121593475,0.23682919889688492,0.0,0.0,0.0,0.0,0.0,18473,global,0.0
5,5,lr1e-05_bs16_drop0p4_temp1p0_a0p25_b0p05__wd1e-04trmiss0_degmodglobal,16,1e-05,0.0001,0.4,1.0,0.25,0.05,lr1e-05_bs16_drop0p4_temp1p0_a0p25_b0p05__wd1e-04trmiss0_degmodglobal,20,0.7194003015756607,0.7365131378173828,0.3888888888888889,0.7546407296407298,0.38461538461538464,0.0,0.6505994647741318,0.6769531220197678,0.09095516800880432,0.3941679149866104,0.0,0.0,0.0,0.0,0.0,18473,global,0.0
5,5,lr1e-05_bs16_drop0p4_temp1p0_a0p25_b0p05__wd1e-04trmiss0_degmodglobal,16,1e-05,0.0001,0.4,1.0,0.25,0.05,lr1e-05_bs16_drop0p4_temp1p0_a0p25_b0p05__wd1e-04trmiss0_degmodglobal,21,0.6905070841312408,0.7369387745857239,0.3888888888888889,0.7546407296407298,0.46153846153846156,0.0,0.6319533139467239,0.6637521982192993,0.05129173584282398,0.27863867953419685,0.0,0.0,0.0,0.0,0.0,18473,global,0.0
5,5,lr1e-05_bs16_drop0p4_temp1p0_a0p25_b0p05__wd1e-04trmiss0_degmodglobal,16,1e-05,0.0001,0.4,1.0,0.25,0.05,lr1e-05_bs16_drop0p4_temp1p0_a0p25_b0p05__wd1e-04trmiss0_degmodglobal,22,0.6557167619466782,0.7368089556694031,0.3888888888888889,0.7546407296407298,0.46153846153846156,0.0,0.6517820209264755,0.6325062215328217,0.0525226891040802,0.20159707590937614,0.0,0.0,0.0,0.0,0.0,18473,global,0.0
5,5,lr1e-05_bs16_drop0p4_temp1p0_a0p25_b0p05__wd1e-04trmiss0_degmodglobal,16,1e-05,0.0001,0.4,1.0,0.25,0.05,lr1e-05_bs16_drop0p4_temp1p0_a0p25_b0p05__wd1e-04trmiss0_degmodglobal,23,0.736001119017601,0.7384557723999023,0.3888888888888889,0.7546407296407298,0.46153846153846156,0.0,0.6124468892812729,0.6994756460189819,0.07086808234453201,0.37616920471191406,0.0,0.0,0.0,0.0,0.0,18473,global,0.0
5,5,lr1e-05_bs16_drop0p4_temp1p0_a0p25_b0p05__wd1e-04trmiss0_degmodglobal,16,1e-05,0.0001,0.4,1.0,0.25,0.05,lr1e-05_bs16_drop0p4_temp1p0_a0p25_b0p05__wd1e-04trmiss0_degmodglobal,24,0.704645186662674,0.7382130026817322,0.3888888888888889,0.7546407296407298,0.46153846153846156,0.0,0.6280551999807358,0.6798778474330902,0.05246961396187544,0.2329990155994892,0.0,0.0,0.0,0.0,0.0,18473,global,0.0
5,5,lr1e-05_bs16_drop0p4_temp1p0_a0p25_b0p05__wd1e-04trmiss0_degmodglobal,16,1e-05,0.0001,0.4,1.0,0.25,0.05,lr1e-05_bs16_drop0p4_temp1p0_a0p25_b0p05__wd1e-04trmiss0_degmodglobal,25,0.677463635802269,0.7354757189750671,0.4444444444444444,0.7800375550375551,0.46153846153846156,0.0,0.6025696098804474,0.6539454609155655,0.052479781210422516,0.20796465128660202,0.0,0.0,0.0,0.0,0.0,18473,global,0.0
5,5,lr1e-05_bs16_drop0p4_temp1p0_a0p25_b0p05__wd1e-04trmiss0_degmodglobal,16,1e-05,0.0001,0.4,1.0,0.25,0.05,lr1e-05_bs16_drop0p4_temp1p0_a0p25_b0p05__wd1e-04trmiss0_degmodglobal,26,0.6861916482448578,0.7361048460006714,0.41666666666666663,0.7652227402227403,0.46153846153846156,0.0,0.6376930326223373,0.6616758704185486,0.04994554445147514,0.24058744683861732,0.0,0.0,0.0,0.0,0.0,18473,global,0.0
5,5,lr1e-05_bs16_drop0p4_temp1p0_a0p25_b0p05__wd1e-04trmiss0_degmodglobal,16,1e-05,0.0001,0.4,1.0,0.25,0.05,lr1e-05_bs16_drop0p4_temp1p0_a0p25_b0p05__wd1e-04trmiss0_degmodglobal,27,0.7031046897172928,0.7385322451591492,0.3888888888888889,0.7546407296407298,0.46153846153846156,0.0,0.6088827550411224,0.6736476719379425,0.06277363188564777,0.27527187392115593,0.0,0.0,0.0,0.0,0.0,18473,global,0.0
5,5,lr1e-05_bs16_drop0p4_temp1p0_a0p25_b0p05__wd1e-04trmiss0_degmodglobal,16,1e-05,0.0001,0.4,1.0,0.25,0.05,lr1e-05_bs16_drop0p4_temp1p0_a0p25_b0p05__wd1e-04trmiss0_degmodglobal,28,0.6729529201984406,0.7407237887382507,0.36111111111111116,0.7268629518629519,0.46153846153846156,0.0,0.6246327310800552,0.6478153169155121,0.05242720898240805,0.2406163550913334,0.0,0.0,0.0,0.0,0.0,18473,global,0.0
5,5,lr1e-05_bs16_drop0p4_temp1p0_a0p25_b0p05__wd1e-04trmiss0_degmodglobal,16,1e-05,0.0001,0.4,1.0,0.25,0.05,lr1e-05_bs16_drop0p4_temp1p0_a0p25_b0p05__wd1e-04trmiss0_degmodglobal,29,0.687546506524086,0.7399751543998718,0.36111111111111116,0.7268629518629519,0.46153846153846156,0.0,0.6269205659627914,0.6574127674102783,0.06409700866788626,0.2821897640824318,0.0,0.0,0.0,0.0,0.0,18473,global,0.0
5,5,lr1e-05_bs16_drop0p4_temp1p0_a0p25_b0p05__wd1e-04trmiss0_degmodglobal,16,1e-05,0.0001,0.4,1.0,0.25,0.05,lr1e-05_bs16_drop0p4_temp1p0_a0p25_b0p05__wd1e-04trmiss0_degmodglobal,30,0.6890572607517242,0.7400422096252441,0.36111111111111116,0.7268629518629519,0.46153846153846156,0.0,0.6136984676122665,0.6637304574251175,0.05779681447893381,0.21755241230130196,0.0,0.0,0.0,0.0,0.0,18473,global,0.0
5,5,lr1e-05_bs16_drop0p4_temp1p0_a0p25_b0p05__wd1e-04trmiss0_degmodglobal,16,1e-05,0.0001,0.4,1.0,0.25,0.05,lr1e-05_bs16_drop0p4_temp1p0_a0p25_b0p05__wd1e-04trmiss0_degmodglobal,31,0.6818169951438904,0.7409412860870361,0.36111111111111116,0.7268629518629519,0.46153846153846156,0.0,0.6343790143728256,0.6544940322637558,0.05409135855734348,0.27600201591849327,0.0,0.0,0.0,0.0,0.0,18473,global,0.0
5,5,lr1e-05_bs16_drop0p4_temp1p0_a0p25_b0p05__wd1e-04trmiss0_degmodglobal,16,1e-05,0.0001,0.4,1.0,0.25,0.05,lr1e-05_bs16_drop0p4_temp1p0_a0p25_b0p05__wd1e-04trmiss0_degmodglobal,32,0.687352180480957,0.7426191568374634,0.36111111111111116,0.7268629518629519,0.46153846153846156,0.0,0.6137119382619858,0.6575524210929871,0.06366164423525333,0.2776871360838413,0.0,0.0,0.0,0.0,0.0,18473,global,0.0
5,5,lr1e-05_bs16_drop0p4_temp1p0_a0p25_b0p05__wd1e-04trmiss0_degmodglobal,16,1e-05,0.0001,0.4,1.0,0.25,0.05,lr1e-05_bs16_drop0p4_temp1p0_a0p25_b0p05__wd1e-04trmiss0_degmodglobal,33,0.7003445327281952,0.741637647151947,0.36111111111111116,0.7268629518629519,0.46153846153846156,0.0,0.6016242206096649,0.6693758517503738,0.06610497459769249,0.2888483330607414,0.0,0.0,0.0,0.0,0.0,18473,global,0.0
5,5,lr1e-05_bs16_drop0p4_temp1p0_a0p25_b0p05__wd1e-04trmiss0_degmodglobal,16,1e-05,0.0001,0.4,1.0,0.25,0.05,lr1e-05_bs16_drop0p4_temp1p0_a0p25_b0p05__wd1e-04trmiss0_degmodglobal,34,0.7144259363412857,0.7399048805236816,0.38888888888888884,0.7342703592703592,0.38461538461538464,0.0,0.6102139204740524,0.6857293844223022,0.06281374208629131,0.25986215099692345,0.0,0.0,0.0,0.0,0.0,18473,global,0.0
5,5,lr1e-05_bs16_drop0p4_temp1p0_a0p25_b0p05__wd1e-04trmiss0_degmodglobal,16,1e-05,0.0001,0.4,1.0,0.25,0.05,lr1e-05_bs16_drop0p4_temp1p0_a0p25_b0p05__wd1e-04trmiss0_degmodglobal,35,0.6835239827632904,0.7387480139732361,0.36111111111111116,0.7268629518629519,0.38461538461538464,0.0,0.6034026741981506,0.6514189094305038,0.06479550432413816,0.3181239441037178,0.0,0.0,0.0,0.0,0.0,18473,global,0.0
5,5,lr1e-05_bs16_drop0p4_temp1p0_a0p25_b0p05__wd1e-04trmiss0_degmodglobal,16,1e-05,0.0001,0.4,1.0,0.25,0.05,lr1e-05_bs16_drop0p4_temp1p0_a0p25_b0p05__wd1e-04trmiss0_degmodglobal,36,0.6971875876188278,0.7392356991767883,0.36111111111111116,0.7268629518629519,0.38461538461538464,0.0,0.5890354663133621,0.6650475114583969,0.0649772435426712,0.31791503727436066,0.0,0.0,0.0,0.0,0.0,18473,global,0.0
5,5,lr1e-05_bs16_drop0p4_temp1p0_a0p25_b0p05__wd1e-04trmiss0_degmodglobal,16,1e-05,0.0001,0.4,1.0,0.25,0.05,lr1e-05_bs16_drop0p4_temp1p0_a0p25_b0p05__wd1e-04trmiss0_degmodglobal,37,0.6793163567781448,0.7389678359031677,0.38888888888888884,0.7342703592703592,0.38461538461538464,0.0,0.603050634264946,0.6503342837095261,0.06229122634977102,0.26818569749593735,0.0,0.0,0.0,0.0,0.0,18473,global,0.0
5,5,lr1e-05_bs16_drop0p4_temp1p0_a0p25_b0p05__wd1e-04trmiss0_degmodglobal,16,1e-05,0.0001,0.4,1.0,0.25,0.05,lr1e-05_bs16_drop0p4_temp1p0_a0p25_b0p05__wd1e-04trmiss0_degmodglobal,38,0.6644128561019897,0.739674985408783,0.36111111111111116,0.7268629518629519,0.3076923076923077,0.0,0.6351265013217926,0.6299707740545273,0.07514826208353043,0.31309960037469864,0.0,0.0,0.0,0.0,0.0,18473,global,0.0
5,5,lr1e-05_bs16_drop0p4_temp1p0_a0p25_b0p05__wd1e-04trmiss0_degmodglobal,16,1e-05,0.0001,0.4,1.0,0.25,0.05,lr1e-05_bs16_drop0p4_temp1p0_a0p25_b0p05__wd1e-04trmiss0_degmodglobal,39,0.6632160246372223,0.7423723340034485,0.3055555555555556,0.6990851740851742,0.3076923076923077,0.0,0.5902180969715118,0.6413829177618027,0.04291083198040724,0.22210795804858208,0.0,0.0,0.0,0.0,0.0,18473,global,0.0
5,5,lr1e-05_bs16_drop0p4_temp1p0_a0p25_b0p05__wd1e-04trmiss0_degmodglobal,16,1e-05,0.0001,0.4,1.0,0.25,0.05,lr1e-05_bs16_drop0p4_temp1p0_a0p25_b0p05__wd1e-04trmiss0_degmodglobal,40,0.698604017496109,0.7402951717376709,0.38888888888888884,0.7342703592703592,0.38461538461538464,0.0,0.5867928862571716,0.6661032438278198,0.06498137582093477,0.32510847598314285,0.0,0.0,0.0,0.0,0.0,18473,global,0.0
5,5,lr1e-05_bs16_drop0p4_temp1p0_a0p25_b0p05__wd1e-04trmiss0_degmodglobal,16,1e-05,0.0001,0.4,1.0,0.25,0.05,lr1e-05_bs16_drop0p4_temp1p0_a0p25_b0p05__wd1e-04trmiss0_degmodglobal,41,0.7095127999782562,0.7396559715270996,0.38888888888888884,0.7342703592703592,0.38461538461538464,0.0,0.6417831927537918,0.6779950708150864,0.06584797520190477,0.3011152446269989,0.0,0.0,0.0,0.0,0.0,18473,global,0.0
5,5,lr1e-05_bs16_drop0p4_temp1p0_a0p25_b0p05__wd1e-04trmiss0_degmodglobal,16,1e-05,0.0001,0.4,1.0,0.25,0.05,lr1e-05_bs16_drop0p4_temp1p0_a0p25_b0p05__wd1e-04trmiss0_degmodglobal,42,0.7039821147918701,0.7375887036323547,0.36111111111111116,0.7268629518629519,0.38461538461538464,0.0,0.5753565281629562,0.6698236614465714,0.07236363552510738,0.32135066762566566,0.0,0.0,0.0,0.0,0.0,18473,global,0.0
5,5,lr1e-05_bs16_drop0p4_temp1p0_a0p25_b0p05__wd1e-04trmiss0_degmodglobal,16,1e-05,0.0001,0.4,1.0,0.25,0.05,lr1e-05_bs16_drop0p4_temp1p0_a0p25_b0p05__wd1e-04trmiss0_degmodglobal,43,0.6895359754562378,0.7376816272735596,0.36111111111111116,0.7268629518629519,0.38461538461538464,0.0,0.5859671086072922,0.6533647030591965,0.07860710471868515,0.33038970828056335,0.0,0.0,0.0,0.0,0.0,18473,global,0.0
5,5,lr1e-05_bs16_drop0p4_temp1p0_a0p25_b0p05__wd1e-04trmiss0_degmodglobal,16,1e-05,0.0001,0.4,1.0,0.25,0.05,lr1e-05_bs16_drop0p4_temp1p0_a0p25_b0p05__wd1e-04trmiss0_degmodglobal,44,0.6763573586940765,0.738666832447052,0.36111111111111116,0.7268629518629519,0.38461538461538464,0.0,0.5953030586242676,0.6563166379928589,0.04260934982448816,0.18776730448007584,0.0,0.0,0.0,0.0,0.0,18473,global,0.0
5,5,lr1e-05_bs16_drop0p4_temp1p0_a0p25_b0p05__wd1e-04trmiss0_degmodglobal,16,1e-05,0.0001,0.4,1.0,0.25,0.05,lr1e-05_bs16_drop0p4_temp1p0_a0p25_b0p05__wd1e-04trmiss0_degmodglobal,45,0.6822639554738998,0.739557683467865,0.36111111111111116,0.7268629518629519,0.3076923076923077,0.0,0.5968610942363739,0.6494179666042328,0.07229616865515709,0.29543937742710114,0.0,0.0,0.0,0.0,0.0,18473,global,0.0
5,5,lr1e-05_bs16_drop0p4_temp2p0_a0p25_b0p05__wd1e-04trmiss0_degmodglobal,16,1e-05,0.0001,0.4,2.0,0.25,0.05,lr1e-05_bs16_drop0p4_temp2p0_a0p25_b0p05__wd1e-04trmiss0_degmodglobal,1,0.7291150391101837,0.6794407963752747,0.75,0.8936387686387688,0.6923076923076923,0.0,0.7167114615440369,0.7069718539714813,0.058305805549025536,0.15133449621498585,0.0,0.0,0.0,0.0,0.0,18473,global,0.0
5,5,lr1e-05_bs16_drop0p4_temp2p0_a0p25_b0p05__wd1e-04trmiss0_degmodglobal,16,1e-05,0.0001,0.4,2.0,0.25,0.05,lr1e-05_bs16_drop0p4_temp2p0_a0p25_b0p05__wd1e-04trmiss0_degmodglobal,2,0.7213312536478043,0.6775448322296143,0.7222222222222222,0.8714165464165466,0.6153846153846154,0.0,0.7033822387456894,0.6947153657674789,0.07297720946371555,0.16743183881044388,0.0,0.0,0.0,0.0,0.0,18473,global,0.0
5,5,lr1e-05_bs16_drop0p4_temp2p0_a0p25_b0p05__wd1e-04trmiss0_degmodglobal,16,1e-05,0.0001,0.4,2.0,0.25,0.05,lr1e-05_bs16_drop0p4_temp2p0_a0p25_b0p05__wd1e-04trmiss0_degmodglobal,3,0.7412690222263336,0.6762614846229553,0.7222222222222222,0.8714165464165466,0.6153846153846154,0.0,0.6986509710550308,0.7163173407316208,0.065211933106184,0.1729741059243679,0.0,0.0,0.0,0.0,0.0,18473,global,0.0
5,5,lr1e-05_bs16_drop0p4_temp2p0_a0p25_b0p05__wd1e-04trmiss0_degmodglobal,16,1e-05,0.0001,0.4,2.0,0.25,0.05,lr1e-05_bs16_drop0p4_temp2p0_a0p25_b0p05__wd1e-04trmiss0_degmodglobal,4,0.7061955630779266,0.6760513782501221,0.7222222222222222,0.8714165464165466,0.6153846153846154,0.0,0.7060818374156952,0.6872860193252563,0.051050711423158646,0.12293757870793343,0.0,0.0,0.0,0.0,0.0,18473,global,0.0
5,5,lr1e-05_bs16_drop0p4_temp2p0_a0p25_b0p05__wd1e-04trmiss0_degmodglobal,16,1e-05,0.0001,0.4,2.0,0.25,0.05,lr1e-05_bs16_drop0p4_temp2p0_a0p25_b0p05__wd1e-04trmiss0_degmodglobal,5,0.7286481112241745,0.6778130531311035,0.7222222222222222,0.8714165464165466,0.6153846153846154,0.0,0.695784255862236,0.7058418095111847,0.059661644510924816,0.15781806595623493,0.0,0.0,0.0,0.0,0.0,18473,global,0.0
5,5,lr1e-05_bs16_drop0p4_temp2p0_a0p25_b0p05__wd1e-04trmiss0_degmodglobal,16,1e-05,0.0001,0.4,2.0,0.25,0.05,lr1e-05_bs16_drop0p4_temp2p0_a0p25_b0p05__wd1e-04trmiss0_degmodglobal,6,0.7506389170885086,0.6790992617607117,0.6944444444444444,0.860614077280744,0.5384615384615384,0.0,0.7362910360097885,0.729483425617218,0.0572027787566185,0.13709572330117226,0.0,0.0,0.0,0.0,0.0,18473,global,0.0
5,5,lr1e-05_bs16_drop0p4_temp2p0_a0p25_b0p05__wd1e-04trmiss0_degmodglobal,16,1e-05,0.0001,0.4,2.0,0.25,0.05,lr1e-05_bs16_drop0p4_temp2p0_a0p25_b0p05__wd1e-04trmiss0_degmodglobal,7,0.7257140576839447,0.6813703775405884,0.6944444444444444,0.860614077280744,0.5384615384615384,0.0,0.695777028799057,0.7058634608983994,0.05504706688225269,0.1217762129381299,0.0,0.0,0.0,0.0,0.0,18473,global,0.0
5,5,lr1e-05_bs16_drop0p4_temp2p0_a0p25_b0p05__wd1e-04trmiss0_degmodglobal,16,1e-05,0.0001,0.4,2.0,0.25,0.05,lr1e-05_bs16_drop0p4_temp2p0_a0p25_b0p05__wd1e-04trmiss0_degmodglobal,8,0.7023968547582626,0.6825346350669861,0.6666666666666667,0.8487093153759822,0.5384615384615384,0.0,0.7008519470691681,0.678702712059021,0.06284107640385628,0.1596769019961357,0.0,0.0,0.0,0.0,0.0,18473,global,0.0
5,5,lr1e-05_bs16_drop0p4_temp2p0_a0p25_b0p05__wd1e-04trmiss0_degmodglobal,16,1e-05,0.0001,0.4,2.0,0.25,0.05,lr1e-05_bs16_drop0p4_temp2p0_a0p25_b0p05__wd1e-04trmiss0_degmodglobal,9,0.6832689195871353,0.6861924529075623,0.6388888888888888,0.8354818021484689,0.46153846153846156,0.0,0.6877441257238388,0.6613205224275589,0.06194669473916292,0.12923487275838852,0.0,0.0,0.0,0.0,0.0,18473,global,0.0
5,5,lr1e-05_bs16_drop0p4_temp2p0_a0p25_b0p05__wd1e-04trmiss0_degmodglobal,16,1e-05,0.0001,0.4,2.0,0.25,0.05,lr1e-05_bs16_drop0p4_temp2p0_a0p25_b0p05__wd1e-04trmiss0_degmodglobal,10,0.7030663788318634,0.6908758878707886,0.6111111111111112,0.8206669873336541,0.46153846153846156,0.0,0.6903180032968521,0.678175300359726,0.06522463448345661,0.17169838584959507,0.0,0.0,0.0,0.0,0.0,18473,global,0.0
5,5,lr1e-05_bs16_drop0p4_temp2p0_a0p25_b0p05__wd1e-04trmiss0_degmodglobal,16,1e-05,0.0001,0.4,2.0,0.25,0.05,lr1e-05_bs16_drop0p4_temp2p0_a0p25_b0p05__wd1e-04trmiss0_degmodglobal,11,0.7102335691452026,0.6915578842163086,0.5555555555555556,0.7762225428892096,0.38461538461538464,0.0,0.6876799613237381,0.6828584522008896,0.07170126866549253,0.18899638950824738,0.0,0.0,0.0,0.0,0.0,18473,global,0.0
5,5,lr1e-05_bs16_drop0p4_temp2p0_a0p25_b0p05__wd1e-04trmiss0_degmodglobal,16,1e-05,0.0001,0.4,2.0,0.25,0.05,lr1e-05_bs16_drop0p4_temp2p0_a0p25_b0p05__wd1e-04trmiss0_degmodglobal,12,0.6902474164962769,0.6891459226608276,0.5555555555555556,0.7762225428892096,0.46153846153846156,0.0,0.6616928577423096,0.6635658442974091,0.07114463113248348,0.1779077611863613,0.0,0.0,0.0,0.0,0.0,18473,global,0.0
5,5,lr1e-05_bs16_drop0p4_temp2p0_a0p25_b0p05__wd1e-04trmiss0_degmodglobal,16,1e-05,0.0001,0.4,2.0,0.25,0.05,lr1e-05_bs16_drop0p4_temp2p0_a0p25_b0p05__wd1e-04trmiss0_degmodglobal,13,0.6759520918130875,0.6896558403968811,0.5555555555555556,0.7762225428892096,0.46153846153846156,0.0,0.684927299618721,0.6497507095336914,0.0660444088280201,0.19380559399724007,0.0,0.0,0.0,0.0,0.0,18473,global,0.0
5,5,lr1e-05_bs16_drop0p4_temp2p0_a0p25_b0p05__wd1e-04trmiss0_degmodglobal,16,1e-05,0.0001,0.4,2.0,0.25,0.05,lr1e-05_bs16_drop0p4_temp2p0_a0p25_b0p05__wd1e-04trmiss0_degmodglobal,14,0.665521040558815,0.6910938620567322,0.5277777777777778,0.7675805675805676,0.46153846153846156,0.0,0.6867514997720718,0.64688940346241,0.04867312964051962,0.12926735635846853,0.0,0.0,0.0,0.0,0.0,18473,global,0.0
5,5,lr1e-05_bs16_drop0p4_temp2p0_a0p25_b0p05__wd1e-04trmiss0_degmodglobal,16,1e-05,0.0001,0.4,2.0,0.25,0.05,lr1e-05_bs16_drop0p4_temp2p0_a0p25_b0p05__wd1e-04trmiss0_degmodglobal,15,0.692156970500946,0.6889557838439941,0.5555555555555556,0.7842472342472344,0.46153846153846156,0.0,0.7025623917579651,0.6711728274822235,0.054623023606836796,0.14656754210591316,0.0,0.0,0.0,0.0,0.0,18473,global,0.0
5,5,lr1e-05_bs16_drop0p4_temp2p0_a0p25_b0p05__wd1e-04trmiss0_degmodglobal,16,1e-05,0.0001,0.4,2.0,0.25,0.05,lr1e-05_bs16_drop0p4_temp2p0_a0p25_b0p05__wd1e-04trmiss0_degmodglobal,16,0.6818516254425049,0.6891343593597412,0.5555555555555556,0.7842472342472344,0.38461538461538464,0.0,0.6483391970396042,0.6606834530830383,0.06338683888316154,0.10642978549003601,0.0,0.0,0.0,0.0,0.0,18473,global,0.0
5,5,lr1e-05_bs16_drop0p4_temp2p0_a0p25_b0p05__wd1e-04trmiss0_degmodglobal,16,1e-05,0.0001,0.4,2.0,0.25,0.05,lr1e-05_bs16_drop0p4_temp2p0_a0p25_b0p05__wd1e-04trmiss0_degmodglobal,17,0.6859974414110184,0.6892908215522766,0.5555555555555556,0.7842472342472344,0.46153846153846156,0.0,0.6904960721731186,0.6633364260196686,0.06391510833054781,0.13364451937377453,0.0,0.0,0.0,0.0,0.0,18473,global,0.0
5,5,lr1e-05_bs16_drop0p4_temp2p0_a0p25_b0p05__wd1e-04trmiss0_degmodglobal,16,1e-05,0.0001,0.4,2.0,0.25,0.05,lr1e-05_bs16_drop0p4_temp2p0_a0p25_b0p05__wd1e-04trmiss0_degmodglobal,18,0.7002007514238358,0.6876102685928345,0.5555555555555556,0.7842472342472344,0.46153846153846156,0.0,0.641233041882515,0.6770011484622955,0.05681320931762457,0.1799258068203926,0.0,0.0,0.0,0.0,0.0,18473,global,0.0
5,5,lr1e-05_bs16_drop0p4_temp2p0_a0p25_b0p05__wd1e-04trmiss0_degmodglobal,16,1e-05,0.0001,0.4,2.0,0.25,0.05,lr1e-05_bs16_drop0p4_temp2p0_a0p25_b0p05__wd1e-04trmiss0_degmodglobal,19,0.6754329800605774,0.6848969459533691,0.5555555555555556,0.7842472342472344,0.46153846153846156,0.0,0.6897006928920746,0.6506146341562271,0.06323277950286865,0.18020335212349892,0.0,0.0,0.0,0.0,0.0,18473,global,0.0
5,5,lr1e-05_bs16_drop0p4_temp2p0_a0p25_b0p05__wd1e-04trmiss0_degmodglobal,16,1e-05,0.0001,0.4,2.0,0.25,0.05,lr1e-05_bs16_drop0p4_temp2p0_a0p25_b0p05__wd1e-04trmiss0_degmodglobal,20,0.6888282299041748,0.6888149380683899,0.5555555555555556,0.7842472342472344,0.38461538461538464,0.0,0.6728575378656387,0.6672764867544174,0.05630479473620653,0.14951071329414845,0.0,0.0,0.0,0.0,0.0,18473,global,0.0
5,5,lr1e-05_bs16_drop0p4_temp2p0_a0p25_b0p05__wd1e-04trmiss0_degmodglobal,16,1e-05,0.0001,0.4,2.0,0.25,0.05,lr1e-05_bs16_drop0p4_temp2p0_a0p25_b0p05__wd1e-04trmiss0_degmodglobal,21,0.6930354088544846,0.6884828805923462,0.5555555555555556,0.7842472342472344,0.46153846153846156,0.0,0.6546263247728348,0.6731583476066589,0.0522609343752265,0.13623624108731747,0.0,0.0,0.0,0.0,0.0,18473,global,0.0
5,5,lr1e-05_bs16_drop0p4_temp2p0_a0p25_b0p05__wd1e-04trmiss0_degmodglobal,16,1e-05,0.0001,0.4,2.0,0.25,0.05,lr1e-05_bs16_drop0p4_temp2p0_a0p25_b0p05__wd1e-04trmiss0_degmodglobal,22,0.702477902173996,0.6888227462768555,0.5555555555555556,0.7842472342472344,0.46153846153846156,0.0,0.6921331435441971,0.6819165199995041,0.04981741402298212,0.1621409635990858,0.0,0.0,0.0,0.0,0.0,18473,global,0.0
5,5,lr1e-05_bs16_drop0p4_temp2p0_a0p25_b0p05__wd1e-04trmiss0_degmodglobal,16,1e-05,0.0001,0.4,2.0,0.25,0.05,lr1e-05_bs16_drop0p4_temp2p0_a0p25_b0p05__wd1e-04trmiss0_degmodglobal,23,0.6656064093112946,0.6902417540550232,0.5555555555555556,0.7842472342472344,0.38461538461538464,0.0,0.6780472993850708,0.6482097655534744,0.04437430575489998,0.1260614413768053,0.0,0.0,0.0,0.0,0.0,18473,global,0.0
5,5,lr1e-05_bs16_drop0p4_temp2p0_a0p25_b0p05__wd1e-04trmiss0_degmodglobal,16,1e-05,0.0001,0.4,2.0,0.25,0.05,lr1e-05_bs16_drop0p4_temp2p0_a0p25_b0p05__wd1e-04trmiss0_degmodglobal,24,0.6800397038459778,0.6893694996833801,0.5555555555555556,0.7842472342472344,0.38461538461538464,0.0,0.6478854119777679,0.6550645977258682,0.06812808103859425,0.15886221267282963,0.0,0.0,0.0,0.0,0.0,18473,global,0.0
5,5,lr1e-05_bs16_drop0p4_temp2p0_a0p25_b0p05__wd1e-04trmiss0_degmodglobal,16,1e-05,0.0001,0.4,2.0,0.25,0.05,lr1e-05_bs16_drop0p4_temp2p0_a0p25_b0p05__wd1e-04trmiss0_degmodglobal,25,0.6722889244556427,0.690571129322052,0.5555555555555556,0.7842472342472344,0.38461538461538464,0.0,0.6502211391925812,0.6487281173467636,0.06175962928682566,0.16241780668497086,0.0,0.0,0.0,0.0,0.0,18473,global,0.0
