outer_fold,inner_fold,hp_name,batch_size,learning_rate,weight_decay,modality_hidden_layers,fusion_hidden_dim,fusion_hidden_layers,fusion_batchnorm,dropout,name,val_best_epoch,val_best_LOGLOSS,val_best_AUC,val_best_AUCPR,val_best_ACC,val_best_SEN,val_best_SP,val_best_MCC,val_best_LOSS,val_best_CINDEX,seed,degrading_modality,train_missing_prop
1,1,lr1e-04_bs8_modL1_fusion16_fusionL1_fusionBN0_drop0p2__wd1e-04trmiss33_degmodglobal,8,0.0001,0.0001,1,16,1,False,0.2,lr1e-04_bs8_modL1_fusion16_fusionL1_fusionBN0_drop0p2__wd1e-04trmiss33_degmodglobal,5,0.717153624766871,0.24999999999999994,0.4139911014911015,0.5,1.0,0.0,0.0,,,18473,global,0.33
1,1,lr1e-04_bs8_modL1_fusion16_fusionL1_fusionBN0_drop0p3__wd1e-04trmiss33_degmodglobal,8,0.0001,0.0001,1,16,1,False,0.3,lr1e-04_bs8_modL1_fusion16_fusionL1_fusionBN0_drop0p3__wd1e-04trmiss33_degmodglobal,5,0.719380652653328,0.4722222222222222,0.5166666666666666,0.4166666666666667,0.6666666666666666,0.16666666666666666,-0.19245008972987526,,,18473,global,0.33
1,1,lr1e-04_bs8_modL1_fusion32_fusionL1_fusionBN0_drop0p2__wd1e-04trmiss33_degmodglobal,8,0.0001,0.0001,1,32,1,False,0.2,lr1e-04_bs8_modL1_fusion32_fusionL1_fusionBN0_drop0p2__wd1e-04trmiss33_degmodglobal,20,0.7015229934243677,0.4444444444444444,0.5234487734487735,0.3333333333333333,0.3333333333333333,0.3333333333333333,-0.3333333333333333,,,18473,global,0.33
1,1,lr1e-04_bs8_modL1_fusion32_fusionL1_fusionBN0_drop0p3__wd1e-04trmiss33_degmodglobal,8,0.0001,0.0001,1,32,1,False,0.3,lr1e-04_bs8_modL1_fusion32_fusionL1_fusionBN0_drop0p3__wd1e-04trmiss33_degmodglobal,6,0.736540991628062,0.2777777777777778,0.4421296296296296,0.5,1.0,0.0,0.0,,,18473,global,0.33
1,1,lr5e-05_bs8_modL1_fusion16_fusionL1_fusionBN0_drop0p2__wd1e-04trmiss33_degmodglobal,8,5e-05,0.0001,1,16,1,False,0.2,lr5e-05_bs8_modL1_fusion16_fusionL1_fusionBN0_drop0p2__wd1e-04trmiss33_degmodglobal,5,0.7014055921898265,0.5,0.5446127946127947,0.4166666666666667,0.0,0.8333333333333334,-0.30151134457776363,,,18473,global,0.33
1,1,lr5e-05_bs8_modL1_fusion16_fusionL1_fusionBN0_drop0p3__wd1e-04trmiss33_degmodglobal,8,5e-05,0.0001,1,16,1,False,0.3,lr5e-05_bs8_modL1_fusion16_fusionL1_fusionBN0_drop0p3__wd1e-04trmiss33_degmodglobal,13,0.7161892679476916,0.36111111111111116,0.4695767195767196,0.5,1.0,0.0,0.0,,,18473,global,0.33
1,1,lr5e-05_bs8_modL1_fusion32_fusionL1_fusionBN0_drop0p2__wd1e-04trmiss33_degmodglobal,8,5e-05,0.0001,1,32,1,False,0.2,lr5e-05_bs8_modL1_fusion32_fusionL1_fusionBN0_drop0p2__wd1e-04trmiss33_degmodglobal,10,0.7133152216081117,0.5277777777777778,0.549404761904762,0.5,1.0,0.0,0.0,,,18473,global,0.33
1,1,lr5e-05_bs8_modL1_fusion32_fusionL1_fusionBN0_drop0p3__wd1e-04trmiss33_degmodglobal,8,5e-05,0.0001,1,32,1,False,0.3,lr5e-05_bs8_modL1_fusion32_fusionL1_fusionBN0_drop0p3__wd1e-04trmiss33_degmodglobal,12,0.7054146272194958,0.3333333333333333,0.4603174603174603,0.5,1.0,0.0,0.0,,,18473,global,0.33
1,1,lr1e-04_bs16_modL1_fusion16_fusionL1_fusionBN0_drop0p2__wd1e-04trmiss33_degmodglobal,16,0.0001,0.0001,1,16,1,False,0.2,lr1e-04_bs16_modL1_fusion16_fusionL1_fusionBN0_drop0p2__wd1e-04trmiss33_degmodglobal,5,0.6976251209224139,0.5555555555555556,0.6952380952380952,0.4166666666666667,0.8333333333333334,0.0,-0.30151134457776363,,,18473,global,0.33
1,1,lr1e-04_bs16_modL1_fusion16_fusionL1_fusionBN0_drop0p3__wd1e-04trmiss33_degmodglobal,16,0.0001,0.0001,1,16,1,False,0.3,lr1e-04_bs16_modL1_fusion16_fusionL1_fusionBN0_drop0p3__wd1e-04trmiss33_degmodglobal,5,0.6910891181054429,0.6388888888888888,0.6155122655122656,0.6666666666666666,0.6666666666666666,0.6666666666666666,0.3333333333333333,,,18473,global,0.33
1,1,lr1e-04_bs16_modL1_fusion32_fusionL1_fusionBN0_drop0p2__wd1e-04trmiss33_degmodglobal,16,0.0001,0.0001,1,32,1,False,0.2,lr1e-04_bs16_modL1_fusion32_fusionL1_fusionBN0_drop0p2__wd1e-04trmiss33_degmodglobal,19,0.7154932192320135,0.3333333333333333,0.4901094276094276,0.3333333333333333,0.3333333333333333,0.3333333333333333,-0.3333333333333333,,,18473,global,0.33
1,1,lr1e-04_bs16_modL1_fusion32_fusionL1_fusionBN0_drop0p3__wd1e-04trmiss33_degmodglobal,16,0.0001,0.0001,1,32,1,False,0.3,lr1e-04_bs16_modL1_fusion32_fusionL1_fusionBN0_drop0p3__wd1e-04trmiss33_degmodglobal,6,0.6853679360147402,0.5277777777777778,0.7007575757575757,0.5833333333333334,0.3333333333333333,0.8333333333333334,0.19245008972987526,,,18473,global,0.33
1,1,lr5e-05_bs16_modL1_fusion16_fusionL1_fusionBN0_drop0p2__wd1e-04trmiss33_degmodglobal,16,5e-05,0.0001,1,16,1,False,0.2,lr5e-05_bs16_modL1_fusion16_fusionL1_fusionBN0_drop0p2__wd1e-04trmiss33_degmodglobal,5,0.7009253721421702,0.6666666666666667,0.7999999999999999,0.5,1.0,0.0,0.0,,,18473,global,0.33
1,1,lr5e-05_bs16_modL1_fusion16_fusionL1_fusionBN0_drop0p3__wd1e-04trmiss33_degmodglobal,16,5e-05,0.0001,1,16,1,False,0.3,lr5e-05_bs16_modL1_fusion16_fusionL1_fusionBN0_drop0p3__wd1e-04trmiss33_degmodglobal,7,0.6878477562237184,0.6666666666666667,0.7759259259259259,0.4166666666666667,0.5,0.3333333333333333,-0.1690308509457033,,,18473,global,0.33
1,1,lr5e-05_bs16_modL1_fusion32_fusionL1_fusionBN0_drop0p2__wd1e-04trmiss33_degmodglobal,16,5e-05,0.0001,1,32,1,False,0.2,lr5e-05_bs16_modL1_fusion32_fusionL1_fusionBN0_drop0p2__wd1e-04trmiss33_degmodglobal,10,0.6962181829433551,0.5,0.6757575757575757,0.3333333333333333,0.6666666666666666,0.0,-0.4472135954999579,,,18473,global,0.33
1,1,lr5e-05_bs16_modL1_fusion32_fusionL1_fusionBN0_drop0p3__wd1e-04trmiss33_degmodglobal,16,5e-05,0.0001,1,32,1,False,0.3,lr5e-05_bs16_modL1_fusion32_fusionL1_fusionBN0_drop0p3__wd1e-04trmiss33_degmodglobal,14,0.6771898817107008,0.8333333333333334,0.8722222222222222,0.75,0.5,1.0,0.5773502691896257,,,18473,global,0.33
1,2,lr1e-04_bs8_modL1_fusion16_fusionL1_fusionBN0_drop0p2__wd1e-04trmiss33_degmodglobal,8,0.0001,0.0001,1,16,1,False,0.2,lr1e-04_bs8_modL1_fusion16_fusionL1_fusionBN0_drop0p2__wd1e-04trmiss33_degmodglobal,5,0.6826432255325531,0.6944444444444445,0.675,0.5833333333333334,0.3333333333333333,0.8333333333333334,0.19245008972987526,,,18473,global,0.33
1,2,lr1e-04_bs8_modL1_fusion16_fusionL1_fusionBN0_drop0p3__wd1e-04trmiss33_degmodglobal,8,0.0001,0.0001,1,16,1,False,0.3,lr1e-04_bs8_modL1_fusion16_fusionL1_fusionBN0_drop0p3__wd1e-04trmiss33_degmodglobal,7,0.7003221832220997,0.4444444444444445,0.5001683501683503,0.4166666666666667,0.0,0.8333333333333334,-0.30151134457776363,,,18473,global,0.33
1,2,lr1e-04_bs8_modL1_fusion32_fusionL1_fusionBN0_drop0p2__wd1e-04trmiss33_degmodglobal,8,0.0001,0.0001,1,32,1,False,0.2,lr1e-04_bs8_modL1_fusion32_fusionL1_fusionBN0_drop0p2__wd1e-04trmiss33_degmodglobal,23,0.6659197088137008,0.888888888888889,0.9166666666666665,0.5833333333333334,0.16666666666666666,1.0,0.30151134457776363,,,18473,global,0.33
1,2,lr1e-04_bs8_modL1_fusion32_fusionL1_fusionBN0_drop0p3__wd1e-04trmiss33_degmodglobal,8,0.0001,0.0001,1,32,1,False,0.3,lr1e-04_bs8_modL1_fusion32_fusionL1_fusionBN0_drop0p3__wd1e-04trmiss33_degmodglobal,11,0.6715211532139665,0.6944444444444445,0.707936507936508,0.6666666666666666,0.8333333333333334,0.5,0.3535533905932738,,,18473,global,0.33
1,2,lr5e-05_bs8_modL1_fusion16_fusionL1_fusionBN0_drop0p2__wd1e-04trmiss33_degmodglobal,8,5e-05,0.0001,1,16,1,False,0.2,lr5e-05_bs8_modL1_fusion16_fusionL1_fusionBN0_drop0p2__wd1e-04trmiss33_degmodglobal,58,0.7259168683187274,0.3055555555555555,0.4280784030784031,0.3333333333333333,0.0,0.6666666666666666,-0.4472135954999579,,,18473,global,0.33
1,2,lr5e-05_bs8_modL1_fusion16_fusionL1_fusionBN0_drop0p3__wd1e-04trmiss33_degmodglobal,8,5e-05,0.0001,1,16,1,False,0.3,lr5e-05_bs8_modL1_fusion16_fusionL1_fusionBN0_drop0p3__wd1e-04trmiss33_degmodglobal,5,0.6933222814697634,0.6388888888888888,0.7453703703703703,0.5833333333333334,0.3333333333333333,0.8333333333333334,0.19245008972987526,,,18473,global,0.33
1,2,lr5e-05_bs8_modL1_fusion32_fusionL1_fusionBN0_drop0p2__wd1e-04trmiss33_degmodglobal,8,5e-05,0.0001,1,32,1,False,0.2,lr5e-05_bs8_modL1_fusion32_fusionL1_fusionBN0_drop0p2__wd1e-04trmiss33_degmodglobal,8,0.7009092972924682,0.41666666666666663,0.58994708994709,0.5,1.0,0.0,0.0,,,18473,global,0.33
1,2,lr5e-05_bs8_modL1_fusion32_fusionL1_fusionBN0_drop0p3__wd1e-04trmiss33_degmodglobal,8,5e-05,0.0001,1,32,1,False,0.3,lr5e-05_bs8_modL1_fusion32_fusionL1_fusionBN0_drop0p3__wd1e-04trmiss33_degmodglobal,5,0.720497179592472,0.4722222222222222,0.5353535353535354,0.4166666666666667,0.5,0.3333333333333333,-0.1690308509457033,,,18473,global,0.33
1,2,lr1e-04_bs16_modL1_fusion16_fusionL1_fusionBN0_drop0p2__wd1e-04trmiss33_degmodglobal,16,0.0001,0.0001,1,16,1,False,0.2,lr1e-04_bs16_modL1_fusion16_fusionL1_fusionBN0_drop0p2__wd1e-04trmiss33_degmodglobal,11,0.6997081305974776,0.6666666666666666,0.7089646464646464,0.5,0.0,1.0,0.0,,,18473,global,0.33
1,2,lr1e-04_bs16_modL1_fusion16_fusionL1_fusionBN0_drop0p3__wd1e-04trmiss33_degmodglobal,16,0.0001,0.0001,1,16,1,False,0.3,lr1e-04_bs16_modL1_fusion16_fusionL1_fusionBN0_drop0p3__wd1e-04trmiss33_degmodglobal,42,0.6474883053686105,0.8611111111111112,0.8555555555555555,0.75,0.6666666666666666,0.8333333333333334,0.50709255283711,,,18473,global,0.33
1,2,lr1e-04_bs16_modL1_fusion32_fusionL1_fusionBN0_drop0p2__wd1e-04trmiss33_degmodglobal,16,0.0001,0.0001,1,32,1,False,0.2,lr1e-04_bs16_modL1_fusion32_fusionL1_fusionBN0_drop0p2__wd1e-04trmiss33_degmodglobal,10,0.6645737160619795,0.8611111111111112,0.8833333333333333,0.8333333333333334,0.8333333333333334,0.8333333333333334,0.6666666666666666,,,18473,global,0.33
1,2,lr1e-04_bs16_modL1_fusion32_fusionL1_fusionBN0_drop0p3__wd1e-04trmiss33_degmodglobal,16,0.0001,0.0001,1,32,1,False,0.3,lr1e-04_bs16_modL1_fusion32_fusionL1_fusionBN0_drop0p3__wd1e-04trmiss33_degmodglobal,5,0.6823439852544603,0.5833333333333334,0.6994047619047619,0.6666666666666666,0.3333333333333333,1.0,0.4472135954999579,,,18473,global,0.33
1,2,lr5e-05_bs16_modL1_fusion16_fusionL1_fusionBN0_drop0p2__wd1e-04trmiss33_degmodglobal,16,5e-05,0.0001,1,16,1,False,0.2,lr5e-05_bs16_modL1_fusion16_fusionL1_fusionBN0_drop0p2__wd1e-04trmiss33_degmodglobal,5,0.7115271490538384,0.4722222222222222,0.5983164983164984,0.5,1.0,0.0,0.0,,,18473,global,0.33
1,2,lr5e-05_bs16_modL1_fusion16_fusionL1_fusionBN0_drop0p3__wd1e-04trmiss33_degmodglobal,16,5e-05,0.0001,1,16,1,False,0.3,lr5e-05_bs16_modL1_fusion16_fusionL1_fusionBN0_drop0p3__wd1e-04trmiss33_degmodglobal,9,0.6686885351654074,0.6388888888888888,0.7103535353535353,0.6666666666666666,0.5,0.8333333333333334,0.3535533905932738,,,18473,global,0.33
1,2,lr5e-05_bs16_modL1_fusion32_fusionL1_fusionBN0_drop0p2__wd1e-04trmiss33_degmodglobal,16,5e-05,0.0001,1,32,1,False,0.2,lr5e-05_bs16_modL1_fusion32_fusionL1_fusionBN0_drop0p2__wd1e-04trmiss33_degmodglobal,18,0.6970224529574205,0.5555555555555556,0.6236471861471861,0.5,1.0,0.0,0.0,,,18473,global,0.33
1,2,lr5e-05_bs16_modL1_fusion32_fusionL1_fusionBN0_drop0p3__wd1e-04trmiss33_degmodglobal,16,5e-05,0.0001,1,32,1,False,0.3,lr5e-05_bs16_modL1_fusion32_fusionL1_fusionBN0_drop0p3__wd1e-04trmiss33_degmodglobal,7,0.7164597357950032,0.38888888888888884,0.5590909090909091,0.5,1.0,0.0,0.0,,,18473,global,0.33
1,3,lr1e-04_bs8_modL1_fusion16_fusionL1_fusionBN0_drop0p2__wd1e-04trmiss33_degmodglobal,8,0.0001,0.0001,1,16,1,False,0.2,lr1e-04_bs8_modL1_fusion16_fusionL1_fusionBN0_drop0p2__wd1e-04trmiss33_degmodglobal,7,0.708515796161695,0.49999999999999994,0.5242424242424242,0.4166666666666667,0.6666666666666666,0.16666666666666666,-0.19245008972987526,,,18473,global,0.33
1,3,lr1e-04_bs8_modL1_fusion16_fusionL1_fusionBN0_drop0p3__wd1e-04trmiss33_degmodglobal,8,0.0001,0.0001,1,16,1,False,0.3,lr1e-04_bs8_modL1_fusion16_fusionL1_fusionBN0_drop0p3__wd1e-04trmiss33_degmodglobal,22,0.694452819619889,0.5,0.5973544973544974,0.5,0.0,1.0,0.0,,,18473,global,0.33
1,3,lr1e-04_bs8_modL1_fusion32_fusionL1_fusionBN0_drop0p2__wd1e-04trmiss33_degmodglobal,8,0.0001,0.0001,1,32,1,False,0.2,lr1e-04_bs8_modL1_fusion32_fusionL1_fusionBN0_drop0p2__wd1e-04trmiss33_degmodglobal,22,0.7039283158840531,0.4722222222222222,0.5882635882635883,0.5,0.6666666666666666,0.3333333333333333,0.0,,,18473,global,0.33
1,3,lr1e-04_bs8_modL1_fusion32_fusionL1_fusionBN0_drop0p3__wd1e-04trmiss33_degmodglobal,8,0.0001,0.0001,1,32,1,False,0.3,lr1e-04_bs8_modL1_fusion32_fusionL1_fusionBN0_drop0p3__wd1e-04trmiss33_degmodglobal,7,0.6752502757360599,0.6944444444444444,0.6458333333333334,0.6666666666666666,0.8333333333333334,0.5,0.3535533905932738,,,18473,global,0.33
1,3,lr5e-05_bs8_modL1_fusion16_fusionL1_fusionBN0_drop0p2__wd1e-04trmiss33_degmodglobal,8,5e-05,0.0001,1,16,1,False,0.2,lr5e-05_bs8_modL1_fusion16_fusionL1_fusionBN0_drop0p2__wd1e-04trmiss33_degmodglobal,14,0.7198752588126331,0.5,0.5259259259259259,0.4166666666666667,0.0,0.8333333333333334,-0.30151134457776363,,,18473,global,0.33
1,3,lr5e-05_bs8_modL1_fusion16_fusionL1_fusionBN0_drop0p3__wd1e-04trmiss33_degmodglobal,8,5e-05,0.0001,1,16,1,False,0.3,lr5e-05_bs8_modL1_fusion16_fusionL1_fusionBN0_drop0p3__wd1e-04trmiss33_degmodglobal,20,0.7162613503492806,0.3333333333333333,0.5365740740740741,0.4166666666666667,0.8333333333333334,0.0,-0.30151134457776363,,,18473,global,0.33
1,3,lr5e-05_bs8_modL1_fusion32_fusionL1_fusionBN0_drop0p2__wd1e-04trmiss33_degmodglobal,8,5e-05,0.0001,1,32,1,False,0.2,lr5e-05_bs8_modL1_fusion32_fusionL1_fusionBN0_drop0p2__wd1e-04trmiss33_degmodglobal,6,0.698707706579607,0.5,0.5954064454064454,0.5,0.6666666666666666,0.3333333333333333,0.0,,,18473,global,0.33
1,3,lr5e-05_bs8_modL1_fusion32_fusionL1_fusionBN0_drop0p3__wd1e-04trmiss33_degmodglobal,8,5e-05,0.0001,1,32,1,False,0.3,lr5e-05_bs8_modL1_fusion32_fusionL1_fusionBN0_drop0p3__wd1e-04trmiss33_degmodglobal,13,0.7073185244748932,0.4166666666666667,0.4771524771524771,0.4166666666666667,0.16666666666666666,0.6666666666666666,-0.19245008972987526,,,18473,global,0.33
1,3,lr1e-04_bs16_modL1_fusion16_fusionL1_fusionBN0_drop0p2__wd1e-04trmiss33_degmodglobal,16,0.0001,0.0001,1,16,1,False,0.2,lr1e-04_bs16_modL1_fusion16_fusionL1_fusionBN0_drop0p2__wd1e-04trmiss33_degmodglobal,6,0.6948952501073538,0.6111111111111112,0.5771825396825396,0.5833333333333334,0.5,0.6666666666666666,0.1690308509457033,,,18473,global,0.33
1,3,lr1e-04_bs16_modL1_fusion16_fusionL1_fusionBN0_drop0p3__wd1e-04trmiss33_degmodglobal,16,0.0001,0.0001,1,16,1,False,0.3,lr1e-04_bs16_modL1_fusion16_fusionL1_fusionBN0_drop0p3__wd1e-04trmiss33_degmodglobal,5,0.6986601660999311,0.5,0.6186868686868687,0.5,0.0,1.0,0.0,,,18473,global,0.33
1,3,lr1e-04_bs16_modL1_fusion32_fusionL1_fusionBN0_drop0p2__wd1e-04trmiss33_degmodglobal,16,0.0001,0.0001,1,32,1,False,0.2,lr1e-04_bs16_modL1_fusion32_fusionL1_fusionBN0_drop0p2__wd1e-04trmiss33_degmodglobal,9,0.7050216635776626,0.33333333333333337,0.5343915343915344,0.25,0.16666666666666666,0.3333333333333333,-0.50709255283711,,,18473,global,0.33
1,3,lr1e-04_bs16_modL1_fusion32_fusionL1_fusionBN0_drop0p3__wd1e-04trmiss33_degmodglobal,16,0.0001,0.0001,1,32,1,False,0.3,lr1e-04_bs16_modL1_fusion32_fusionL1_fusionBN0_drop0p3__wd1e-04trmiss33_degmodglobal,16,0.7324554404555449,0.2777777777777778,0.4757575757575757,0.5,0.0,1.0,0.0,,,18473,global,0.33
1,3,lr5e-05_bs16_modL1_fusion16_fusionL1_fusionBN0_drop0p2__wd1e-04trmiss33_degmodglobal,16,5e-05,0.0001,1,16,1,False,0.2,lr5e-05_bs16_modL1_fusion16_fusionL1_fusionBN0_drop0p2__wd1e-04trmiss33_degmodglobal,21,0.705258367978658,0.36111111111111116,0.4555555555555556,0.5,1.0,0.0,0.0,,,18473,global,0.33
1,3,lr5e-05_bs16_modL1_fusion16_fusionL1_fusionBN0_drop0p3__wd1e-04trmiss33_degmodglobal,16,5e-05,0.0001,1,16,1,False,0.3,lr5e-05_bs16_modL1_fusion16_fusionL1_fusionBN0_drop0p3__wd1e-04trmiss33_degmodglobal,39,0.7010014708021887,0.47222222222222227,0.5160714285714286,0.4166666666666667,0.8333333333333334,0.0,-0.30151134457776363,,,18473,global,0.33
1,3,lr5e-05_bs16_modL1_fusion32_fusionL1_fusionBN0_drop0p2__wd1e-04trmiss33_degmodglobal,16,5e-05,0.0001,1,32,1,False,0.2,lr5e-05_bs16_modL1_fusion32_fusionL1_fusionBN0_drop0p2__wd1e-04trmiss33_degmodglobal,8,0.7000251041265099,0.4722222222222222,0.6094276094276094,0.5833333333333334,0.16666666666666666,1.0,0.30151134457776363,,,18473,global,0.33
1,3,lr5e-05_bs16_modL1_fusion32_fusionL1_fusionBN0_drop0p3__wd1e-04trmiss33_degmodglobal,16,5e-05,0.0001,1,32,1,False,0.3,lr5e-05_bs16_modL1_fusion32_fusionL1_fusionBN0_drop0p3__wd1e-04trmiss33_degmodglobal,5,0.7082360343961892,0.36111111111111105,0.47205387205387206,0.4166666666666667,0.16666666666666666,0.6666666666666666,-0.19245008972987526,,,18473,global,0.33
1,4,lr1e-04_bs8_modL1_fusion16_fusionL1_fusionBN0_drop0p2__wd1e-04trmiss33_degmodglobal,8,0.0001,0.0001,1,16,1,False,0.2,lr1e-04_bs8_modL1_fusion16_fusionL1_fusionBN0_drop0p2__wd1e-04trmiss33_degmodglobal,43,0.6368129736819889,0.5555555555555556,0.6259259259259259,0.5,0.3333333333333333,0.6666666666666666,0.0,,,18473,global,0.33
1,4,lr1e-04_bs8_modL1_fusion16_fusionL1_fusionBN0_drop0p3__wd1e-04trmiss33_degmodglobal,8,0.0001,0.0001,1,16,1,False,0.3,lr1e-04_bs8_modL1_fusion16_fusionL1_fusionBN0_drop0p3__wd1e-04trmiss33_degmodglobal,30,0.6574070470605259,0.6111111111111112,0.6787037037037037,0.5,0.0,1.0,0.0,,,18473,global,0.33
1,4,lr1e-04_bs8_modL1_fusion32_fusionL1_fusionBN0_drop0p2__wd1e-04trmiss33_degmodglobal,8,0.0001,0.0001,1,32,1,False,0.2,lr1e-04_bs8_modL1_fusion32_fusionL1_fusionBN0_drop0p2__wd1e-04trmiss33_degmodglobal,24,0.6235371615031493,0.8055555555555556,0.8523809523809522,0.75,0.5,1.0,0.5773502691896257,,,18473,global,0.33
1,4,lr1e-04_bs8_modL1_fusion32_fusionL1_fusionBN0_drop0p3__wd1e-04trmiss33_degmodglobal,8,0.0001,0.0001,1,32,1,False,0.3,lr1e-04_bs8_modL1_fusion32_fusionL1_fusionBN0_drop0p3__wd1e-04trmiss33_degmodglobal,12,0.6493983479996328,0.8055555555555556,0.7861111111111111,0.5,0.0,1.0,0.0,,,18473,global,0.33
1,4,lr5e-05_bs8_modL1_fusion16_fusionL1_fusionBN0_drop0p2__wd1e-04trmiss33_degmodglobal,8,5e-05,0.0001,1,16,1,False,0.2,lr5e-05_bs8_modL1_fusion16_fusionL1_fusionBN0_drop0p2__wd1e-04trmiss33_degmodglobal,21,0.6598489426400621,0.6666666666666667,0.7370370370370369,0.6666666666666666,1.0,0.3333333333333333,0.4472135954999579,,,18473,global,0.33
1,4,lr5e-05_bs8_modL1_fusion16_fusionL1_fusionBN0_drop0p3__wd1e-04trmiss33_degmodglobal,8,5e-05,0.0001,1,16,1,False,0.3,lr5e-05_bs8_modL1_fusion16_fusionL1_fusionBN0_drop0p3__wd1e-04trmiss33_degmodglobal,12,0.6654453746488714,0.8333333333333335,0.7999999999999999,0.6666666666666666,1.0,0.3333333333333333,0.4472135954999579,,,18473,global,0.33
1,4,lr5e-05_bs8_modL1_fusion32_fusionL1_fusionBN0_drop0p2__wd1e-04trmiss33_degmodglobal,8,5e-05,0.0001,1,32,1,False,0.2,lr5e-05_bs8_modL1_fusion32_fusionL1_fusionBN0_drop0p2__wd1e-04trmiss33_degmodglobal,10,0.8809307200014321,0.36111111111111116,0.4805194805194805,0.5,1.0,0.0,0.0,,,18473,global,0.33
1,4,lr5e-05_bs8_modL1_fusion32_fusionL1_fusionBN0_drop0p3__wd1e-04trmiss33_degmodglobal,8,5e-05,0.0001,1,32,1,False,0.3,lr5e-05_bs8_modL1_fusion32_fusionL1_fusionBN0_drop0p3__wd1e-04trmiss33_degmodglobal,28,0.6608969663018552,0.75,0.7746031746031745,0.5,0.0,1.0,0.0,,,18473,global,0.33
1,4,lr1e-04_bs16_modL1_fusion16_fusionL1_fusionBN0_drop0p2__wd1e-04trmiss33_degmodglobal,16,0.0001,0.0001,1,16,1,False,0.2,lr1e-04_bs16_modL1_fusion16_fusionL1_fusionBN0_drop0p2__wd1e-04trmiss33_degmodglobal,31,0.6579900239546489,0.6111111111111112,0.7044973544973544,0.5833333333333334,0.8333333333333334,0.3333333333333333,0.19245008972987526,,,18473,global,0.33
1,4,lr1e-04_bs16_modL1_fusion16_fusionL1_fusionBN0_drop0p3__wd1e-04trmiss33_degmodglobal,16,0.0001,0.0001,1,16,1,False,0.3,lr1e-04_bs16_modL1_fusion16_fusionL1_fusionBN0_drop0p3__wd1e-04trmiss33_degmodglobal,38,0.6329878521052875,0.9166666666666667,0.9444444444444444,0.5833333333333334,0.16666666666666666,1.0,0.30151134457776363,,,18473,global,0.33
1,4,lr1e-04_bs16_modL1_fusion32_fusionL1_fusionBN0_drop0p2__wd1e-04trmiss33_degmodglobal,16,0.0001,0.0001,1,32,1,False,0.2,lr1e-04_bs16_modL1_fusion32_fusionL1_fusionBN0_drop0p2__wd1e-04trmiss33_degmodglobal,6,0.7615395697730668,0.5277777777777779,0.5403138528138528,0.4166666666666667,0.16666666666666666,0.6666666666666666,-0.19245008972987526,,,18473,global,0.33
1,4,lr1e-04_bs16_modL1_fusion32_fusionL1_fusionBN0_drop0p3__wd1e-04trmiss33_degmodglobal,16,0.0001,0.0001,1,32,1,False,0.3,lr1e-04_bs16_modL1_fusion32_fusionL1_fusionBN0_drop0p3__wd1e-04trmiss33_degmodglobal,62,0.7127156105681077,0.4722222222222222,0.5120731120731121,0.5,0.6666666666666666,0.3333333333333333,0.0,,,18473,global,0.33
1,4,lr5e-05_bs16_modL1_fusion16_fusionL1_fusionBN0_drop0p2__wd1e-04trmiss33_degmodglobal,16,5e-05,0.0001,1,16,1,False,0.2,lr5e-05_bs16_modL1_fusion16_fusionL1_fusionBN0_drop0p2__wd1e-04trmiss33_degmodglobal,18,0.6574401400046282,0.8333333333333334,0.85515873015873,0.5833333333333334,1.0,0.16666666666666666,0.30151134457776363,,,18473,global,0.33
1,4,lr5e-05_bs16_modL1_fusion16_fusionL1_fusionBN0_drop0p3__wd1e-04trmiss33_degmodglobal,16,5e-05,0.0001,1,16,1,False,0.3,lr5e-05_bs16_modL1_fusion16_fusionL1_fusionBN0_drop0p3__wd1e-04trmiss33_degmodglobal,80,0.7691716184044962,0.4722222222222222,0.5353535353535354,0.5833333333333334,1.0,0.16666666666666666,0.30151134457776363,,,18473,global,0.33
1,4,lr5e-05_bs16_modL1_fusion32_fusionL1_fusionBN0_drop0p2__wd1e-04trmiss33_degmodglobal,16,5e-05,0.0001,1,32,1,False,0.2,lr5e-05_bs16_modL1_fusion32_fusionL1_fusionBN0_drop0p2__wd1e-04trmiss33_degmodglobal,48,0.8147418789980762,0.5555555555555556,0.5612794612794613,0.5,1.0,0.0,0.0,,,18473,global,0.33
1,4,lr5e-05_bs16_modL1_fusion32_fusionL1_fusionBN0_drop0p3__wd1e-04trmiss33_degmodglobal,16,5e-05,0.0001,1,32,1,False,0.3,lr5e-05_bs16_modL1_fusion32_fusionL1_fusionBN0_drop0p3__wd1e-04trmiss33_degmodglobal,30,0.6114215594198601,0.75,0.7958333333333333,0.6666666666666666,0.8333333333333334,0.5,0.3535533905932738,,,18473,global,0.33
1,5,lr1e-04_bs8_modL1_fusion16_fusionL1_fusionBN0_drop0p2__wd1e-04trmiss33_degmodglobal,8,0.0001,0.0001,1,16,1,False,0.2,lr1e-04_bs8_modL1_fusion16_fusionL1_fusionBN0_drop0p2__wd1e-04trmiss33_degmodglobal,53,0.6925482231566916,0.5555555555555556,0.6446127946127946,0.5833333333333334,1.0,0.16666666666666666,0.30151134457776363,,,18473,global,0.33
1,5,lr1e-04_bs8_modL1_fusion16_fusionL1_fusionBN0_drop0p3__wd1e-04trmiss33_degmodglobal,8,0.0001,0.0001,1,16,1,False,0.3,lr1e-04_bs8_modL1_fusion16_fusionL1_fusionBN0_drop0p3__wd1e-04trmiss33_degmodglobal,5,0.6954897344670911,0.5833333333333334,0.5703703703703703,0.4166666666666667,0.16666666666666666,0.6666666666666666,-0.19245008972987526,,,18473,global,0.33
1,5,lr1e-04_bs8_modL1_fusion32_fusionL1_fusionBN0_drop0p2__wd1e-04trmiss33_degmodglobal,8,0.0001,0.0001,1,32,1,False,0.2,lr1e-04_bs8_modL1_fusion32_fusionL1_fusionBN0_drop0p2__wd1e-04trmiss33_degmodglobal,14,0.6996964660909798,0.5277777777777778,0.5656084656084656,0.5,0.6666666666666666,0.3333333333333333,0.0,,,18473,global,0.33
1,5,lr1e-04_bs8_modL1_fusion32_fusionL1_fusionBN0_drop0p3__wd1e-04trmiss33_degmodglobal,8,0.0001,0.0001,1,32,1,False,0.3,lr1e-04_bs8_modL1_fusion32_fusionL1_fusionBN0_drop0p3__wd1e-04trmiss33_degmodglobal,6,0.6879074898607337,0.7222222222222222,0.7597222222222221,0.5,0.0,1.0,0.0,,,18473,global,0.33
1,5,lr5e-05_bs8_modL1_fusion16_fusionL1_fusionBN0_drop0p2__wd1e-04trmiss33_degmodglobal,8,5e-05,0.0001,1,16,1,False,0.2,lr5e-05_bs8_modL1_fusion16_fusionL1_fusionBN0_drop0p2__wd1e-04trmiss33_degmodglobal,5,0.692800295741101,0.6944444444444444,0.762037037037037,0.5,1.0,0.0,0.0,,,18473,global,0.33
1,5,lr5e-05_bs8_modL1_fusion16_fusionL1_fusionBN0_drop0p3__wd1e-04trmiss33_degmodglobal,8,5e-05,0.0001,1,16,1,False,0.3,lr5e-05_bs8_modL1_fusion16_fusionL1_fusionBN0_drop0p3__wd1e-04trmiss33_degmodglobal,6,0.6858933964504619,0.8055555555555555,0.8766233766233766,0.5,1.0,0.0,0.0,,,18473,global,0.33
1,5,lr5e-05_bs8_modL1_fusion32_fusionL1_fusionBN0_drop0p2__wd1e-04trmiss33_degmodglobal,8,5e-05,0.0001,1,32,1,False,0.2,lr5e-05_bs8_modL1_fusion32_fusionL1_fusionBN0_drop0p2__wd1e-04trmiss33_degmodglobal,5,0.6843579474346493,0.75,0.6916666666666668,0.5,0.0,1.0,0.0,,,18473,global,0.33
1,5,lr5e-05_bs8_modL1_fusion32_fusionL1_fusionBN0_drop0p3__wd1e-04trmiss33_degmodglobal,8,5e-05,0.0001,1,32,1,False,0.3,lr5e-05_bs8_modL1_fusion32_fusionL1_fusionBN0_drop0p3__wd1e-04trmiss33_degmodglobal,16,0.6863637018675868,0.6944444444444444,0.7132936507936508,0.5,1.0,0.0,0.0,,,18473,global,0.33
1,5,lr1e-04_bs16_modL1_fusion16_fusionL1_fusionBN0_drop0p2__wd1e-04trmiss33_degmodglobal,16,0.0001,0.0001,1,16,1,False,0.2,lr1e-04_bs16_modL1_fusion16_fusionL1_fusionBN0_drop0p2__wd1e-04trmiss33_degmodglobal,11,0.6707125560019925,0.7222222222222223,0.6825757575757576,0.75,0.6666666666666666,0.8333333333333334,0.50709255283711,,,18473,global,0.33
1,5,lr1e-04_bs16_modL1_fusion16_fusionL1_fusionBN0_drop0p3__wd1e-04trmiss33_degmodglobal,16,0.0001,0.0001,1,16,1,False,0.3,lr1e-04_bs16_modL1_fusion16_fusionL1_fusionBN0_drop0p3__wd1e-04trmiss33_degmodglobal,14,0.6873349641518832,0.5833333333333334,0.7159090909090908,0.4166666666666667,0.5,0.3333333333333333,-0.1690308509457033,,,18473,global,0.33
1,5,lr1e-04_bs16_modL1_fusion32_fusionL1_fusionBN0_drop0p2__wd1e-04trmiss33_degmodglobal,16,0.0001,0.0001,1,32,1,False,0.2,lr1e-04_bs16_modL1_fusion32_fusionL1_fusionBN0_drop0p2__wd1e-04trmiss33_degmodglobal,33,0.6437545906975033,0.9166666666666667,0.9150793650793649,0.6666666666666666,0.3333333333333333,1.0,0.4472135954999579,,,18473,global,0.33
1,5,lr1e-04_bs16_modL1_fusion32_fusionL1_fusionBN0_drop0p3__wd1e-04trmiss33_degmodglobal,16,0.0001,0.0001,1,32,1,False,0.3,lr1e-04_bs16_modL1_fusion32_fusionL1_fusionBN0_drop0p3__wd1e-04trmiss33_degmodglobal,22,0.684840724558501,0.6111111111111112,0.5771825396825396,0.5833333333333334,0.6666666666666666,0.5,0.1690308509457033,,,18473,global,0.33
1,5,lr5e-05_bs16_modL1_fusion16_fusionL1_fusionBN0_drop0p2__wd1e-04trmiss33_degmodglobal,16,5e-05,0.0001,1,16,1,False,0.2,lr5e-05_bs16_modL1_fusion16_fusionL1_fusionBN0_drop0p2__wd1e-04trmiss33_degmodglobal,19,0.698487940243553,0.41666666666666663,0.49831649831649827,0.5,0.0,1.0,0.0,,,18473,global,0.33
1,5,lr5e-05_bs16_modL1_fusion16_fusionL1_fusionBN0_drop0p3__wd1e-04trmiss33_degmodglobal,16,5e-05,0.0001,1,16,1,False,0.3,lr5e-05_bs16_modL1_fusion16_fusionL1_fusionBN0_drop0p3__wd1e-04trmiss33_degmodglobal,6,0.7122372718578441,0.41666666666666663,0.5158730158730159,0.5,1.0,0.0,0.0,,,18473,global,0.33
1,5,lr5e-05_bs16_modL1_fusion32_fusionL1_fusionBN0_drop0p2__wd1e-04trmiss33_degmodglobal,16,5e-05,0.0001,1,32,1,False,0.2,lr5e-05_bs16_modL1_fusion32_fusionL1_fusionBN0_drop0p2__wd1e-04trmiss33_degmodglobal,32,0.6955437830121894,0.638888888888889,0.6097222222222222,0.6666666666666666,1.0,0.3333333333333333,0.4472135954999579,,,18473,global,0.33
1,5,lr5e-05_bs16_modL1_fusion32_fusionL1_fusionBN0_drop0p3__wd1e-04trmiss33_degmodglobal,16,5e-05,0.0001,1,32,1,False,0.3,lr5e-05_bs16_modL1_fusion32_fusionL1_fusionBN0_drop0p3__wd1e-04trmiss33_degmodglobal,11,0.6737886299850014,0.8055555555555556,0.7861111111111111,0.5,0.16666666666666666,0.8333333333333334,0.0,,,18473,global,0.33
2,1,lr1e-04_bs8_modL1_fusion16_fusionL1_fusionBN0_drop0p2__wd1e-04trmiss33_degmodglobal,8,0.0001,0.0001,1,16,1,False,0.2,lr1e-04_bs8_modL1_fusion16_fusionL1_fusionBN0_drop0p2__wd1e-04trmiss33_degmodglobal,5,0.7052176343726961,0.5238095238095238,0.5614468864468865,0.46153846153846156,0.0,1.0,0.0,,,18473,global,0.33
2,1,lr1e-04_bs8_modL1_fusion16_fusionL1_fusionBN0_drop0p3__wd1e-04trmiss33_degmodglobal,8,0.0001,0.0001,1,16,1,False,0.3,lr1e-04_bs8_modL1_fusion16_fusionL1_fusionBN0_drop0p3__wd1e-04trmiss33_degmodglobal,43,0.6964083065857216,0.5714285714285714,0.6599162742019884,0.5384615384615384,0.8571428571428571,0.16666666666666666,0.03289758474798845,,,18473,global,0.33
2,1,lr1e-04_bs8_modL1_fusion32_fusionL1_fusionBN0_drop0p2__wd1e-04trmiss33_degmodglobal,8,0.0001,0.0001,1,32,1,False,0.2,lr1e-04_bs8_modL1_fusion32_fusionL1_fusionBN0_drop0p2__wd1e-04trmiss33_degmodglobal,22,0.7086800973503407,0.6428571428571429,0.7408686551543693,0.46153846153846156,0.0,1.0,0.0,,,18473,global,0.33
2,1,lr1e-04_bs8_modL1_fusion32_fusionL1_fusionBN0_drop0p3__wd1e-04trmiss33_degmodglobal,8,0.0001,0.0001,1,32,1,False,0.3,lr1e-04_bs8_modL1_fusion32_fusionL1_fusionBN0_drop0p3__wd1e-04trmiss33_degmodglobal,64,0.7039315882846728,0.4523809523809524,0.6562881562881562,0.46153846153846156,0.8571428571428571,0.0,-0.2672612419124244,,,18473,global,0.33
2,1,lr5e-05_bs8_modL1_fusion16_fusionL1_fusionBN0_drop0p2__wd1e-04trmiss33_degmodglobal,8,5e-05,0.0001,1,16,1,False,0.2,lr5e-05_bs8_modL1_fusion16_fusionL1_fusionBN0_drop0p2__wd1e-04trmiss33_degmodglobal,13,0.6874438676613601,0.6666666666666667,0.6202947845804989,0.38461538461538464,0.14285714285714285,0.6666666666666666,-0.2253744679276044,,,18473,global,0.33
2,1,lr5e-05_bs8_modL1_fusion16_fusionL1_fusionBN0_drop0p3__wd1e-04trmiss33_degmodglobal,8,5e-05,0.0001,1,16,1,False,0.3,lr5e-05_bs8_modL1_fusion16_fusionL1_fusionBN0_drop0p3__wd1e-04trmiss33_degmodglobal,11,0.6759019573844113,0.7380952380952381,0.834065934065934,0.6923076923076923,0.7142857142857143,0.6666666666666666,0.38095238095238093,,,18473,global,0.33
2,1,lr5e-05_bs8_modL1_fusion32_fusionL1_fusionBN0_drop0p2__wd1e-04trmiss33_degmodglobal,8,5e-05,0.0001,1,32,1,False,0.2,lr5e-05_bs8_modL1_fusion32_fusionL1_fusionBN0_drop0p2__wd1e-04trmiss33_degmodglobal,46,0.7334686023800956,0.38095238095238093,0.5183372183372182,0.38461538461538464,0.14285714285714285,0.6666666666666666,-0.2253744679276044,,,18473,global,0.33
2,1,lr5e-05_bs8_modL1_fusion32_fusionL1_fusionBN0_drop0p3__wd1e-04trmiss33_degmodglobal,8,5e-05,0.0001,1,32,1,False,0.3,lr5e-05_bs8_modL1_fusion32_fusionL1_fusionBN0_drop0p3__wd1e-04trmiss33_degmodglobal,22,0.6996985235751173,0.6666666666666667,0.8218210361067504,0.5384615384615384,0.14285714285714285,1.0,0.2672612419124244,,,18473,global,0.33
2,1,lr1e-04_bs16_modL1_fusion16_fusionL1_fusionBN0_drop0p2__wd1e-04trmiss33_degmodglobal,16,0.0001,0.0001,1,16,1,False,0.2,lr1e-04_bs16_modL1_fusion16_fusionL1_fusionBN0_drop0p2__wd1e-04trmiss33_degmodglobal,30,0.7118679117297732,0.42857142857142855,0.5422077922077922,0.46153846153846156,0.7142857142857143,0.16666666666666666,-0.14085904245475275,,,18473,global,0.33
2,1,lr1e-04_bs16_modL1_fusion16_fusionL1_fusionBN0_drop0p3__wd1e-04trmiss33_degmodglobal,16,0.0001,0.0001,1,16,1,False,0.3,lr1e-04_bs16_modL1_fusion16_fusionL1_fusionBN0_drop0p3__wd1e-04trmiss33_degmodglobal,24,0.7058777058169405,0.5,0.5447278911564626,0.38461538461538464,0.0,0.8333333333333334,-0.31180478223116176,,,18473,global,0.33
2,1,lr1e-04_bs16_modL1_fusion32_fusionL1_fusionBN0_drop0p2__wd1e-04trmiss33_degmodglobal,16,0.0001,0.0001,1,32,1,False,0.2,lr1e-04_bs16_modL1_fusion32_fusionL1_fusionBN0_drop0p2__wd1e-04trmiss33_degmodglobal,22,0.6887173899033769,0.5476190476190477,0.6694400837257979,0.46153846153846156,0.7142857142857143,0.16666666666666666,-0.14085904245475275,,,18473,global,0.33
2,1,lr1e-04_bs16_modL1_fusion32_fusionL1_fusionBN0_drop0p3__wd1e-04trmiss33_degmodglobal,16,0.0001,0.0001,1,32,1,False,0.3,lr1e-04_bs16_modL1_fusion32_fusionL1_fusionBN0_drop0p3__wd1e-04trmiss33_degmodglobal,14,0.697789071821967,0.6190476190476191,0.6401360544217687,0.46153846153846156,0.14285714285714285,0.8333333333333334,-0.03289758474798845,,,18473,global,0.33
2,1,lr5e-05_bs16_modL1_fusion16_fusionL1_fusionBN0_drop0p2__wd1e-04trmiss33_degmodglobal,16,5e-05,0.0001,1,16,1,False,0.2,lr5e-05_bs16_modL1_fusion16_fusionL1_fusionBN0_drop0p2__wd1e-04trmiss33_degmodglobal,6,0.6938093669448754,0.5714285714285714,0.6599162742019884,0.5384615384615384,1.0,0.0,0.0,,,18473,global,0.33
2,1,lr5e-05_bs16_modL1_fusion16_fusionL1_fusionBN0_drop0p3__wd1e-04trmiss33_degmodglobal,16,5e-05,0.0001,1,16,1,False,0.3,lr5e-05_bs16_modL1_fusion16_fusionL1_fusionBN0_drop0p3__wd1e-04trmiss33_degmodglobal,5,0.6980363467050323,0.619047619047619,0.7037724180581324,0.46153846153846156,0.0,1.0,0.0,,,18473,global,0.33
2,1,lr5e-05_bs16_modL1_fusion32_fusionL1_fusionBN0_drop0p2__wd1e-04trmiss33_degmodglobal,16,5e-05,0.0001,1,32,1,False,0.2,lr5e-05_bs16_modL1_fusion32_fusionL1_fusionBN0_drop0p2__wd1e-04trmiss33_degmodglobal,7,0.6540443749504286,0.8809523809523809,0.8736394557823128,0.5384615384615384,1.0,0.0,0.0,,,18473,global,0.33
2,1,lr5e-05_bs16_modL1_fusion32_fusionL1_fusionBN0_drop0p3__wd1e-04trmiss33_degmodglobal,16,5e-05,0.0001,1,32,1,False,0.3,lr5e-05_bs16_modL1_fusion32_fusionL1_fusionBN0_drop0p3__wd1e-04trmiss33_degmodglobal,5,0.7271805731161984,0.2857142857142857,0.47190864690864687,0.46153846153846156,0.0,1.0,0.0,,,18473,global,0.33
2,2,lr1e-04_bs8_modL1_fusion16_fusionL1_fusionBN0_drop0p2__wd1e-04trmiss33_degmodglobal,8,0.0001,0.0001,1,16,1,False,0.2,lr1e-04_bs8_modL1_fusion16_fusionL1_fusionBN0_drop0p2__wd1e-04trmiss33_degmodglobal,10,0.698436712804873,0.47222222222222227,0.4981481481481481,0.4166666666666667,0.3333333333333333,0.5,-0.1690308509457033,,,18473,global,0.33
2,2,lr1e-04_bs8_modL1_fusion16_fusionL1_fusionBN0_drop0p3__wd1e-04trmiss33_degmodglobal,8,0.0001,0.0001,1,16,1,False,0.3,lr1e-04_bs8_modL1_fusion16_fusionL1_fusionBN0_drop0p3__wd1e-04trmiss33_degmodglobal,5,0.7045088234306734,0.4444444444444444,0.5166666666666666,0.5,1.0,0.0,0.0,,,18473,global,0.33
2,2,lr1e-04_bs8_modL1_fusion32_fusionL1_fusionBN0_drop0p2__wd1e-04trmiss33_degmodglobal,8,0.0001,0.0001,1,32,1,False,0.2,lr1e-04_bs8_modL1_fusion32_fusionL1_fusionBN0_drop0p2__wd1e-04trmiss33_degmodglobal,21,0.7093646302370952,0.47222222222222227,0.6084656084656085,0.4166666666666667,0.8333333333333334,0.0,-0.30151134457776363,,,18473,global,0.33
2,2,lr1e-04_bs8_modL1_fusion32_fusionL1_fusionBN0_drop0p3__wd1e-04trmiss33_degmodglobal,8,0.0001,0.0001,1,32,1,False,0.3,lr1e-04_bs8_modL1_fusion32_fusionL1_fusionBN0_drop0p3__wd1e-04trmiss33_degmodglobal,8,0.7151098995077194,0.38888888888888884,0.47962962962962963,0.3333333333333333,0.5,0.16666666666666666,-0.3535533905932738,,,18473,global,0.33
2,2,lr5e-05_bs8_modL1_fusion16_fusionL1_fusionBN0_drop0p2__wd1e-04trmiss33_degmodglobal,8,5e-05,0.0001,1,16,1,False,0.2,lr5e-05_bs8_modL1_fusion16_fusionL1_fusionBN0_drop0p2__wd1e-04trmiss33_degmodglobal,13,0.709129193378264,0.3888888888888889,0.4678932178932179,0.5,0.8333333333333334,0.16666666666666666,0.0,,,18473,global,0.33
2,2,lr5e-05_bs8_modL1_fusion16_fusionL1_fusionBN0_drop0p3__wd1e-04trmiss33_degmodglobal,8,5e-05,0.0001,1,16,1,False,0.3,lr5e-05_bs8_modL1_fusion16_fusionL1_fusionBN0_drop0p3__wd1e-04trmiss33_degmodglobal,9,0.7168959476369926,0.5,0.5211640211640212,0.5,1.0,0.0,0.0,,,18473,global,0.33
2,2,lr5e-05_bs8_modL1_fusion32_fusionL1_fusionBN0_drop0p2__wd1e-04trmiss33_degmodglobal,8,5e-05,0.0001,1,32,1,False,0.2,lr5e-05_bs8_modL1_fusion32_fusionL1_fusionBN0_drop0p2__wd1e-04trmiss33_degmodglobal,21,0.7024868107693273,0.4722222222222222,0.5861471861471861,0.5833333333333334,0.6666666666666666,0.5,0.1690308509457033,,,18473,global,0.33
2,2,lr5e-05_bs8_modL1_fusion32_fusionL1_fusionBN0_drop0p3__wd1e-04trmiss33_degmodglobal,8,5e-05,0.0001,1,32,1,False,0.3,lr5e-05_bs8_modL1_fusion32_fusionL1_fusionBN0_drop0p3__wd1e-04trmiss33_degmodglobal,5,0.6935977500055706,0.5833333333333334,0.5822751322751323,0.5,1.0,0.0,0.0,,,18473,global,0.33
2,2,lr1e-04_bs16_modL1_fusion16_fusionL1_fusionBN0_drop0p2__wd1e-04trmiss33_degmodglobal,16,0.0001,0.0001,1,16,1,False,0.2,lr1e-04_bs16_modL1_fusion16_fusionL1_fusionBN0_drop0p2__wd1e-04trmiss33_degmodglobal,5,0.6837788890245754,0.6666666666666667,0.607936507936508,0.5833333333333334,1.0,0.16666666666666666,0.30151134457776363,,,18473,global,0.33
2,2,lr1e-04_bs16_modL1_fusion16_fusionL1_fusionBN0_drop0p3__wd1e-04trmiss33_degmodglobal,16,0.0001,0.0001,1,16,1,False,0.3,lr1e-04_bs16_modL1_fusion16_fusionL1_fusionBN0_drop0p3__wd1e-04trmiss33_degmodglobal,19,0.7324756361564911,0.33333333333333337,0.44179894179894186,0.5,0.8333333333333334,0.16666666666666666,0.0,,,18473,global,0.33
2,2,lr1e-04_bs16_modL1_fusion32_fusionL1_fusionBN0_drop0p2__wd1e-04trmiss33_degmodglobal,16,0.0001,0.0001,1,32,1,False,0.2,lr1e-04_bs16_modL1_fusion32_fusionL1_fusionBN0_drop0p2__wd1e-04trmiss33_degmodglobal,5,0.7053984031261216,0.4166666666666667,0.48826358826358823,0.5,1.0,0.0,0.0,,,18473,global,0.33
2,2,lr1e-04_bs16_modL1_fusion32_fusionL1_fusionBN0_drop0p3__wd1e-04trmiss33_degmodglobal,16,0.0001,0.0001,1,32,1,False,0.3,lr1e-04_bs16_modL1_fusion32_fusionL1_fusionBN0_drop0p3__wd1e-04trmiss33_degmodglobal,7,0.7076162253180623,0.4444444444444444,0.5119047619047619,0.5,0.16666666666666666,0.8333333333333334,0.0,,,18473,global,0.33
2,2,lr5e-05_bs16_modL1_fusion16_fusionL1_fusionBN0_drop0p2__wd1e-04trmiss33_degmodglobal,16,5e-05,0.0001,1,16,1,False,0.2,lr5e-05_bs16_modL1_fusion16_fusionL1_fusionBN0_drop0p2__wd1e-04trmiss33_degmodglobal,5,0.7067400438869383,0.4166666666666667,0.4797979797979798,0.5,0.8333333333333334,0.16666666666666666,0.0,,,18473,global,0.33
2,2,lr5e-05_bs16_modL1_fusion16_fusionL1_fusionBN0_drop0p3__wd1e-04trmiss33_degmodglobal,16,5e-05,0.0001,1,16,1,False,0.3,lr5e-05_bs16_modL1_fusion16_fusionL1_fusionBN0_drop0p3__wd1e-04trmiss33_degmodglobal,5,0.6804135286315446,0.5555555555555556,0.5731842231842231,0.5,0.8333333333333334,0.16666666666666666,0.0,,,18473,global,0.33
2,2,lr5e-05_bs16_modL1_fusion32_fusionL1_fusionBN0_drop0p2__wd1e-04trmiss33_degmodglobal,16,5e-05,0.0001,1,32,1,False,0.2,lr5e-05_bs16_modL1_fusion32_fusionL1_fusionBN0_drop0p2__wd1e-04trmiss33_degmodglobal,6,0.6766650997133002,0.7222222222222223,0.719047619047619,0.5833333333333334,0.3333333333333333,0.8333333333333334,0.19245008972987526,,,18473,global,0.33
2,2,lr5e-05_bs16_modL1_fusion32_fusionL1_fusionBN0_drop0p3__wd1e-04trmiss33_degmodglobal,16,5e-05,0.0001,1,32,1,False,0.3,lr5e-05_bs16_modL1_fusion32_fusionL1_fusionBN0_drop0p3__wd1e-04trmiss33_degmodglobal,6,0.7212770304113829,0.13888888888888887,0.37661736411736413,0.5,0.0,1.0,0.0,,,18473,global,0.33
2,3,lr1e-04_bs8_modL1_fusion16_fusionL1_fusionBN0_drop0p2__wd1e-04trmiss33_degmodglobal,8,0.0001,0.0001,1,16,1,False,0.2,lr1e-04_bs8_modL1_fusion16_fusionL1_fusionBN0_drop0p2__wd1e-04trmiss33_degmodglobal,68,1.00701808068578,0.33333333333333337,0.44365079365079363,0.5,0.8333333333333334,0.16666666666666666,0.0,,,18473,global,0.33
2,3,lr1e-04_bs8_modL1_fusion16_fusionL1_fusionBN0_drop0p3__wd1e-04trmiss33_degmodglobal,8,0.0001,0.0001,1,16,1,False,0.3,lr1e-04_bs8_modL1_fusion16_fusionL1_fusionBN0_drop0p3__wd1e-04trmiss33_degmodglobal,5,1.0445041942132776,0.2222222222222222,0.4039983164983165,0.25,0.3333333333333333,0.16666666666666666,-0.50709255283711,,,18473,global,0.33
2,3,lr1e-04_bs8_modL1_fusion32_fusionL1_fusionBN0_drop0p2__wd1e-04trmiss33_degmodglobal,8,0.0001,0.0001,1,32,1,False,0.2,lr1e-04_bs8_modL1_fusion32_fusionL1_fusionBN0_drop0p2__wd1e-04trmiss33_degmodglobal,32,1.0103457488460097,0.24999999999999997,0.43825757575757573,0.4166666666666667,0.8333333333333334,0.0,-0.30151134457776363,,,18473,global,0.33
2,3,lr1e-04_bs8_modL1_fusion32_fusionL1_fusionBN0_drop0p3__wd1e-04trmiss33_degmodglobal,8,0.0001,0.0001,1,32,1,False,0.3,lr1e-04_bs8_modL1_fusion32_fusionL1_fusionBN0_drop0p3__wd1e-04trmiss33_degmodglobal,64,0.6833475750425267,0.4444444444444445,0.4814814814814815,0.3333333333333333,0.16666666666666666,0.5,-0.3535533905932738,,,18473,global,0.33
2,3,lr5e-05_bs8_modL1_fusion16_fusionL1_fusionBN0_drop0p2__wd1e-04trmiss33_degmodglobal,8,5e-05,0.0001,1,16,1,False,0.2,lr5e-05_bs8_modL1_fusion16_fusionL1_fusionBN0_drop0p2__wd1e-04trmiss33_degmodglobal,13,0.7257770588121528,0.4166666666666667,0.47239057239057247,0.4166666666666667,0.16666666666666666,0.6666666666666666,-0.19245008972987526,,,18473,global,0.33
2,3,lr5e-05_bs8_modL1_fusion16_fusionL1_fusionBN0_drop0p3__wd1e-04trmiss33_degmodglobal,8,5e-05,0.0001,1,16,1,False,0.3,lr5e-05_bs8_modL1_fusion16_fusionL1_fusionBN0_drop0p3__wd1e-04trmiss33_degmodglobal,6,0.6572574602378594,0.7222222222222223,0.6825757575757576,0.5833333333333334,0.8333333333333334,0.3333333333333333,0.19245008972987526,,,18473,global,0.33
2,3,lr5e-05_bs8_modL1_fusion32_fusionL1_fusionBN0_drop0p2__wd1e-04trmiss33_degmodglobal,8,5e-05,0.0001,1,32,1,False,0.2,lr5e-05_bs8_modL1_fusion32_fusionL1_fusionBN0_drop0p2__wd1e-04trmiss33_degmodglobal,5,0.8298403743509621,0.4444444444444445,0.4814814814814815,0.3333333333333333,0.16666666666666666,0.5,-0.3535533905932738,,,18473,global,0.33
2,3,lr5e-05_bs8_modL1_fusion32_fusionL1_fusionBN0_drop0p3__wd1e-04trmiss33_degmodglobal,8,5e-05,0.0001,1,32,1,False,0.3,lr5e-05_bs8_modL1_fusion32_fusionL1_fusionBN0_drop0p3__wd1e-04trmiss33_degmodglobal,5,0.7734743124356256,0.4444444444444445,0.5049302549302549,0.4166666666666667,0.0,0.8333333333333334,-0.30151134457776363,,,18473,global,0.33
2,3,lr1e-04_bs16_modL1_fusion16_fusionL1_fusionBN0_drop0p2__wd1e-04trmiss33_degmodglobal,16,0.0001,0.0001,1,16,1,False,0.2,lr1e-04_bs16_modL1_fusion16_fusionL1_fusionBN0_drop0p2__wd1e-04trmiss33_degmodglobal,6,0.8262698479236844,0.3888888888888889,0.4705387205387205,0.5833333333333334,1.0,0.16666666666666666,0.30151134457776363,,,18473,global,0.33
2,3,lr1e-04_bs16_modL1_fusion16_fusionL1_fusionBN0_drop0p3__wd1e-04trmiss33_degmodglobal,16,0.0001,0.0001,1,16,1,False,0.3,lr1e-04_bs16_modL1_fusion16_fusionL1_fusionBN0_drop0p3__wd1e-04trmiss33_degmodglobal,14,0.8394906654656947,0.2777777777777778,0.42050264550264554,0.3333333333333333,0.3333333333333333,0.3333333333333333,-0.3333333333333333,,,18473,global,0.33
2,3,lr1e-04_bs16_modL1_fusion32_fusionL1_fusionBN0_drop0p2__wd1e-04trmiss33_degmodglobal,16,0.0001,0.0001,1,32,1,False,0.2,lr1e-04_bs16_modL1_fusion32_fusionL1_fusionBN0_drop0p2__wd1e-04trmiss33_degmodglobal,28,0.7264841982146332,0.4722222222222222,0.5285714285714286,0.4166666666666667,0.0,0.8333333333333334,-0.30151134457776363,,,18473,global,0.33
2,3,lr1e-04_bs16_modL1_fusion32_fusionL1_fusionBN0_drop0p3__wd1e-04trmiss33_degmodglobal,16,0.0001,0.0001,1,32,1,False,0.3,lr1e-04_bs16_modL1_fusion32_fusionL1_fusionBN0_drop0p3__wd1e-04trmiss33_degmodglobal,42,0.6873855704758962,0.5833333333333334,0.5494047619047618,0.4166666666666667,0.0,0.8333333333333334,-0.30151134457776363,,,18473,global,0.33
2,3,lr5e-05_bs16_modL1_fusion16_fusionL1_fusionBN0_drop0p2__wd1e-04trmiss33_degmodglobal,16,5e-05,0.0001,1,16,1,False,0.2,lr5e-05_bs16_modL1_fusion16_fusionL1_fusionBN0_drop0p2__wd1e-04trmiss33_degmodglobal,26,0.6634882766450537,0.4444444444444444,0.47949735449735453,0.5833333333333334,1.0,0.16666666666666666,0.30151134457776363,,,18473,global,0.33
2,3,lr5e-05_bs16_modL1_fusion16_fusionL1_fusionBN0_drop0p3__wd1e-04trmiss33_degmodglobal,16,5e-05,0.0001,1,16,1,False,0.3,lr5e-05_bs16_modL1_fusion16_fusionL1_fusionBN0_drop0p3__wd1e-04trmiss33_degmodglobal,5,0.8395431850909462,0.4722222222222222,0.4910714285714286,0.6666666666666666,1.0,0.3333333333333333,0.4472135954999579,,,18473,global,0.33
2,3,lr5e-05_bs16_modL1_fusion32_fusionL1_fusionBN0_drop0p2__wd1e-04trmiss33_degmodglobal,16,5e-05,0.0001,1,32,1,False,0.2,lr5e-05_bs16_modL1_fusion32_fusionL1_fusionBN0_drop0p2__wd1e-04trmiss33_degmodglobal,5,0.7717170826391491,0.5833333333333334,0.5494047619047618,0.5,1.0,0.0,0.0,,,18473,global,0.33
2,3,lr5e-05_bs16_modL1_fusion32_fusionL1_fusionBN0_drop0p3__wd1e-04trmiss33_degmodglobal,16,5e-05,0.0001,1,32,1,False,0.3,lr5e-05_bs16_modL1_fusion32_fusionL1_fusionBN0_drop0p3__wd1e-04trmiss33_degmodglobal,5,1.23341279799196,0.33333333333333337,0.45105820105820105,0.5,0.3333333333333333,0.6666666666666666,0.0,,,18473,global,0.33
2,4,lr1e-04_bs8_modL1_fusion16_fusionL1_fusionBN0_drop0p2__wd1e-04trmiss33_degmodglobal,8,0.0001,0.0001,1,16,1,False,0.2,lr1e-04_bs8_modL1_fusion16_fusionL1_fusionBN0_drop0p2__wd1e-04trmiss33_degmodglobal,29,0.7150278612354181,0.4444444444444445,0.575925925925926,0.4166666666666667,0.16666666666666666,0.6666666666666666,-0.19245008972987526,,,18473,global,0.33
2,4,lr1e-04_bs8_modL1_fusion16_fusionL1_fusionBN0_drop0p3__wd1e-04trmiss33_degmodglobal,8,0.0001,0.0001,1,16,1,False,0.3,lr1e-04_bs8_modL1_fusion16_fusionL1_fusionBN0_drop0p3__wd1e-04trmiss33_degmodglobal,5,0.6931779214995184,0.4444444444444444,0.5992063492063492,0.5833333333333334,0.3333333333333333,0.8333333333333334,0.19245008972987526,,,18473,global,0.33
2,4,lr1e-04_bs8_modL1_fusion32_fusionL1_fusionBN0_drop0p2__wd1e-04trmiss33_degmodglobal,8,0.0001,0.0001,1,32,1,False,0.2,lr1e-04_bs8_modL1_fusion32_fusionL1_fusionBN0_drop0p2__wd1e-04trmiss33_degmodglobal,5,0.6963871710805739,0.4722222222222222,0.6111111111111112,0.5833333333333334,0.16666666666666666,1.0,0.30151134457776363,,,18473,global,0.33
2,4,lr1e-04_bs8_modL1_fusion32_fusionL1_fusionBN0_drop0p3__wd1e-04trmiss33_degmodglobal,8,0.0001,0.0001,1,32,1,False,0.3,lr1e-04_bs8_modL1_fusion32_fusionL1_fusionBN0_drop0p3__wd1e-04trmiss33_degmodglobal,36,0.6972488845965156,0.4722222222222222,0.5983164983164984,0.4166666666666667,0.5,0.3333333333333333,-0.1690308509457033,,,18473,global,0.33
2,4,lr5e-05_bs8_modL1_fusion16_fusionL1_fusionBN0_drop0p2__wd1e-04trmiss33_degmodglobal,8,5e-05,0.0001,1,16,1,False,0.2,lr5e-05_bs8_modL1_fusion16_fusionL1_fusionBN0_drop0p2__wd1e-04trmiss33_degmodglobal,23,0.6916427320289281,0.7222222222222223,0.8134920634920635,0.5,0.8333333333333334,0.16666666666666666,0.0,,,18473,global,0.33
2,4,lr5e-05_bs8_modL1_fusion16_fusionL1_fusionBN0_drop0p3__wd1e-04trmiss33_degmodglobal,8,5e-05,0.0001,1,16,1,False,0.3,lr5e-05_bs8_modL1_fusion16_fusionL1_fusionBN0_drop0p3__wd1e-04trmiss33_degmodglobal,10,0.6882212485827411,0.5277777777777778,0.7331649831649831,0.5833333333333334,0.16666666666666666,1.0,0.30151134457776363,,,18473,global,0.33
2,4,lr5e-05_bs8_modL1_fusion32_fusionL1_fusionBN0_drop0p2__wd1e-04trmiss33_degmodglobal,8,5e-05,0.0001,1,32,1,False,0.2,lr5e-05_bs8_modL1_fusion32_fusionL1_fusionBN0_drop0p2__wd1e-04trmiss33_degmodglobal,28,0.6768591290541129,0.7777777777777778,0.8263888888888888,0.5833333333333334,0.5,0.6666666666666666,0.1690308509457033,,,18473,global,0.33
2,4,lr5e-05_bs8_modL1_fusion32_fusionL1_fusionBN0_drop0p3__wd1e-04trmiss33_degmodglobal,8,5e-05,0.0001,1,32,1,False,0.3,lr5e-05_bs8_modL1_fusion32_fusionL1_fusionBN0_drop0p3__wd1e-04trmiss33_degmodglobal,23,0.7212008948580894,0.25,0.412926887926888,0.3333333333333333,0.3333333333333333,0.3333333333333333,-0.3333333333333333,,,18473,global,0.33
2,4,lr1e-04_bs16_modL1_fusion16_fusionL1_fusionBN0_drop0p2__wd1e-04trmiss33_degmodglobal,16,0.0001,0.0001,1,16,1,False,0.2,lr1e-04_bs16_modL1_fusion16_fusionL1_fusionBN0_drop0p2__wd1e-04trmiss33_degmodglobal,8,0.7067484751398364,0.3888888888888889,0.46313131313131317,0.5,0.0,1.0,0.0,,,18473,global,0.33
2,4,lr1e-04_bs16_modL1_fusion16_fusionL1_fusionBN0_drop0p3__wd1e-04trmiss33_degmodglobal,16,0.0001,0.0001,1,16,1,False,0.3,lr1e-04_bs16_modL1_fusion16_fusionL1_fusionBN0_drop0p3__wd1e-04trmiss33_degmodglobal,11,0.6877791634815204,0.5833333333333333,0.6805555555555555,0.5833333333333334,0.16666666666666666,1.0,0.30151134457776363,,,18473,global,0.33
2,4,lr1e-04_bs16_modL1_fusion32_fusionL1_fusionBN0_drop0p2__wd1e-04trmiss33_degmodglobal,16,0.0001,0.0001,1,32,1,False,0.2,lr1e-04_bs16_modL1_fusion32_fusionL1_fusionBN0_drop0p2__wd1e-04trmiss33_degmodglobal,5,0.6824013800061572,0.75,0.75515873015873,0.5,1.0,0.0,0.0,,,18473,global,0.33
2,4,lr1e-04_bs16_modL1_fusion32_fusionL1_fusionBN0_drop0p3__wd1e-04trmiss33_degmodglobal,16,0.0001,0.0001,1,32,1,False,0.3,lr1e-04_bs16_modL1_fusion32_fusionL1_fusionBN0_drop0p3__wd1e-04trmiss33_degmodglobal,10,0.7031321200546133,0.5,0.7257575757575757,0.6666666666666666,0.5,0.8333333333333334,0.3535533905932738,,,18473,global,0.33
2,4,lr5e-05_bs16_modL1_fusion16_fusionL1_fusionBN0_drop0p2__wd1e-04trmiss33_degmodglobal,16,5e-05,0.0001,1,16,1,False,0.2,lr5e-05_bs16_modL1_fusion16_fusionL1_fusionBN0_drop0p2__wd1e-04trmiss33_degmodglobal,8,0.6951901275696565,0.4722222222222222,0.5327080327080327,0.5,0.3333333333333333,0.6666666666666666,0.0,,,18473,global,0.33
2,4,lr5e-05_bs16_modL1_fusion16_fusionL1_fusionBN0_drop0p3__wd1e-04trmiss33_degmodglobal,16,5e-05,0.0001,1,16,1,False,0.3,lr5e-05_bs16_modL1_fusion16_fusionL1_fusionBN0_drop0p3__wd1e-04trmiss33_degmodglobal,5,0.6875512756343746,0.6388888888888888,0.7319444444444444,0.5833333333333334,0.5,0.6666666666666666,0.1690308509457033,,,18473,global,0.33
2,4,lr5e-05_bs16_modL1_fusion32_fusionL1_fusionBN0_drop0p2__wd1e-04trmiss33_degmodglobal,16,5e-05,0.0001,1,32,1,False,0.2,lr5e-05_bs16_modL1_fusion32_fusionL1_fusionBN0_drop0p2__wd1e-04trmiss33_degmodglobal,58,0.7148131295105685,0.38888888888888895,0.48333333333333334,0.5,0.0,1.0,0.0,,,18473,global,0.33
2,4,lr5e-05_bs16_modL1_fusion32_fusionL1_fusionBN0_drop0p3__wd1e-04trmiss33_degmodglobal,16,5e-05,0.0001,1,32,1,False,0.3,lr5e-05_bs16_modL1_fusion32_fusionL1_fusionBN0_drop0p3__wd1e-04trmiss33_degmodglobal,18,0.7056243064323588,0.36111111111111116,0.47883597883597884,0.5,0.16666666666666666,0.8333333333333334,0.0,,,18473,global,0.33
2,5,lr1e-04_bs8_modL1_fusion16_fusionL1_fusionBN0_drop0p2__wd1e-04trmiss33_degmodglobal,8,0.0001,0.0001,1,16,1,False,0.2,lr1e-04_bs8_modL1_fusion16_fusionL1_fusionBN0_drop0p2__wd1e-04trmiss33_degmodglobal,5,0.6852067352056342,0.7222222222222223,0.8208333333333333,0.5833333333333334,0.16666666666666666,1.0,0.30151134457776363,,,18473,global,0.33
2,5,lr1e-04_bs8_modL1_fusion16_fusionL1_fusionBN0_drop0p3__wd1e-04trmiss33_degmodglobal,8,0.0001,0.0001,1,16,1,False,0.3,lr1e-04_bs8_modL1_fusion16_fusionL1_fusionBN0_drop0p3__wd1e-04trmiss33_degmodglobal,21,0.6980053268918017,0.4722222222222222,0.5353535353535354,0.5833333333333334,1.0,0.16666666666666666,0.30151134457776363,,,18473,global,0.33
2,5,lr1e-04_bs8_modL1_fusion32_fusionL1_fusionBN0_drop0p2__wd1e-04trmiss33_degmodglobal,8,0.0001,0.0001,1,32,1,False,0.2,lr1e-04_bs8_modL1_fusion32_fusionL1_fusionBN0_drop0p2__wd1e-04trmiss33_degmodglobal,16,0.6876811812273638,0.5833333333333334,0.6925925925925925,0.4166666666666667,0.5,0.3333333333333333,-0.1690308509457033,,,18473,global,0.33
2,5,lr1e-04_bs8_modL1_fusion32_fusionL1_fusionBN0_drop0p3__wd1e-04trmiss33_degmodglobal,8,0.0001,0.0001,1,32,1,False,0.3,lr1e-04_bs8_modL1_fusion32_fusionL1_fusionBN0_drop0p3__wd1e-04trmiss33_degmodglobal,5,0.7130617071293797,0.38888888888888884,0.4907407407407407,0.4166666666666667,0.5,0.3333333333333333,-0.1690308509457033,,,18473,global,0.33
2,5,lr5e-05_bs8_modL1_fusion16_fusionL1_fusionBN0_drop0p2__wd1e-04trmiss33_degmodglobal,8,5e-05,0.0001,1,16,1,False,0.2,lr5e-05_bs8_modL1_fusion16_fusionL1_fusionBN0_drop0p2__wd1e-04trmiss33_degmodglobal,36,0.673141509009179,0.7222222222222223,0.7329365079365079,0.6666666666666666,0.6666666666666666,0.6666666666666666,0.3333333333333333,,,18473,global,0.33
2,5,lr5e-05_bs8_modL1_fusion16_fusionL1_fusionBN0_drop0p3__wd1e-04trmiss33_degmodglobal,8,5e-05,0.0001,1,16,1,False,0.3,lr5e-05_bs8_modL1_fusion16_fusionL1_fusionBN0_drop0p3__wd1e-04trmiss33_degmodglobal,7,0.6871959704347125,0.6666666666666667,0.6246031746031747,0.5833333333333334,1.0,0.16666666666666666,0.30151134457776363,,,18473,global,0.33
2,5,lr5e-05_bs8_modL1_fusion32_fusionL1_fusionBN0_drop0p2__wd1e-04trmiss33_degmodglobal,8,5e-05,0.0001,1,32,1,False,0.2,lr5e-05_bs8_modL1_fusion32_fusionL1_fusionBN0_drop0p2__wd1e-04trmiss33_degmodglobal,13,0.7032680345770396,0.3888888888888889,0.47715247715247716,0.3333333333333333,0.3333333333333333,0.3333333333333333,-0.3333333333333333,,,18473,global,0.33
2,5,lr5e-05_bs8_modL1_fusion32_fusionL1_fusionBN0_drop0p3__wd1e-04trmiss33_degmodglobal,8,5e-05,0.0001,1,32,1,False,0.3,lr5e-05_bs8_modL1_fusion32_fusionL1_fusionBN0_drop0p3__wd1e-04trmiss33_degmodglobal,12,0.7117113030614773,0.41666666666666663,0.4932178932178932,0.5,1.0,0.0,0.0,,,18473,global,0.33
2,5,lr1e-04_bs16_modL1_fusion16_fusionL1_fusionBN0_drop0p2__wd1e-04trmiss33_degmodglobal,16,0.0001,0.0001,1,16,1,False,0.2,lr1e-04_bs16_modL1_fusion16_fusionL1_fusionBN0_drop0p2__wd1e-04trmiss33_degmodglobal,42,0.6894264858470587,0.5555555555555556,0.5425925925925925,0.5,0.0,1.0,0.0,,,18473,global,0.33
2,5,lr1e-04_bs16_modL1_fusion16_fusionL1_fusionBN0_drop0p3__wd1e-04trmiss33_degmodglobal,16,0.0001,0.0001,1,16,1,False,0.3,lr1e-04_bs16_modL1_fusion16_fusionL1_fusionBN0_drop0p3__wd1e-04trmiss33_degmodglobal,5,0.7087318960966118,0.36111111111111105,0.47748316498316495,0.4166666666666667,0.6666666666666666,0.16666666666666666,-0.19245008972987526,,,18473,global,0.33
2,5,lr1e-04_bs16_modL1_fusion32_fusionL1_fusionBN0_drop0p2__wd1e-04trmiss33_degmodglobal,16,0.0001,0.0001,1,32,1,False,0.2,lr1e-04_bs16_modL1_fusion32_fusionL1_fusionBN0_drop0p2__wd1e-04trmiss33_degmodglobal,26,0.6882339203551188,0.5833333333333334,0.5605158730158729,0.5,0.5,0.5,0.0,,,18473,global,0.33
2,5,lr1e-04_bs16_modL1_fusion32_fusionL1_fusionBN0_drop0p3__wd1e-04trmiss33_degmodglobal,16,0.0001,0.0001,1,32,1,False,0.3,lr1e-04_bs16_modL1_fusion32_fusionL1_fusionBN0_drop0p3__wd1e-04trmiss33_degmodglobal,5,0.6915667259148807,0.6111111111111112,0.6537037037037037,0.5,1.0,0.0,0.0,,,18473,global,0.33
2,5,lr5e-05_bs16_modL1_fusion16_fusionL1_fusionBN0_drop0p2__wd1e-04trmiss33_degmodglobal,16,5e-05,0.0001,1,16,1,False,0.2,lr5e-05_bs16_modL1_fusion16_fusionL1_fusionBN0_drop0p2__wd1e-04trmiss33_degmodglobal,20,0.6732763822131349,0.8333333333333334,0.7345238095238095,0.5,1.0,0.0,0.0,,,18473,global,0.33
2,5,lr5e-05_bs16_modL1_fusion16_fusionL1_fusionBN0_drop0p3__wd1e-04trmiss33_degmodglobal,16,5e-05,0.0001,1,16,1,False,0.3,lr5e-05_bs16_modL1_fusion16_fusionL1_fusionBN0_drop0p3__wd1e-04trmiss33_degmodglobal,12,0.6915775667179012,0.5833333333333334,0.6696127946127947,0.5,0.0,1.0,0.0,,,18473,global,0.33
2,5,lr5e-05_bs16_modL1_fusion32_fusionL1_fusionBN0_drop0p2__wd1e-04trmiss33_degmodglobal,16,5e-05,0.0001,1,32,1,False,0.2,lr5e-05_bs16_modL1_fusion32_fusionL1_fusionBN0_drop0p2__wd1e-04trmiss33_degmodglobal,32,0.7196939523466325,0.36111111111111105,0.47205387205387206,0.3333333333333333,0.5,0.16666666666666666,-0.3535533905932738,,,18473,global,0.33
2,5,lr5e-05_bs16_modL1_fusion32_fusionL1_fusionBN0_drop0p3__wd1e-04trmiss33_degmodglobal,16,5e-05,0.0001,1,32,1,False,0.3,lr5e-05_bs16_modL1_fusion32_fusionL1_fusionBN0_drop0p3__wd1e-04trmiss33_degmodglobal,37,0.6946322878083685,0.5833333333333334,0.5890572390572392,0.5,0.6666666666666666,0.3333333333333333,0.0,,,18473,global,0.33
3,1,lr1e-04_bs8_modL1_fusion16_fusionL1_fusionBN0_drop0p2__wd1e-04trmiss33_degmodglobal,8,0.0001,0.0001,1,16,1,False,0.2,lr1e-04_bs8_modL1_fusion16_fusionL1_fusionBN0_drop0p2__wd1e-04trmiss33_degmodglobal,20,0.7507040507997745,0.2619047619047619,0.4480991230991231,0.5384615384615384,1.0,0.0,0.0,,,18473,global,0.33
3,1,lr1e-04_bs8_modL1_fusion16_fusionL1_fusionBN0_drop0p3__wd1e-04trmiss33_degmodglobal,8,0.0001,0.0001,1,16,1,False,0.3,lr1e-04_bs8_modL1_fusion16_fusionL1_fusionBN0_drop0p3__wd1e-04trmiss33_degmodglobal,6,0.720664538762658,0.3571428571428571,0.48817848817848813,0.5384615384615384,1.0,0.0,0.0,,,18473,global,0.33
3,1,lr1e-04_bs8_modL1_fusion32_fusionL1_fusionBN0_drop0p2__wd1e-04trmiss33_degmodglobal,8,0.0001,0.0001,1,32,1,False,0.2,lr1e-04_bs8_modL1_fusion32_fusionL1_fusionBN0_drop0p2__wd1e-04trmiss33_degmodglobal,13,0.7039838664744817,0.4285714285714286,0.6056998556998556,0.46153846153846156,0.0,1.0,0.0,,,18473,global,0.33
3,1,lr1e-04_bs8_modL1_fusion32_fusionL1_fusionBN0_drop0p3__wd1e-04trmiss33_degmodglobal,8,0.0001,0.0001,1,32,1,False,0.3,lr1e-04_bs8_modL1_fusion32_fusionL1_fusionBN0_drop0p3__wd1e-04trmiss33_degmodglobal,6,0.6951564389784981,0.5,0.6905594405594406,0.46153846153846156,0.5714285714285714,0.3333333333333333,-0.09759000729485333,,,18473,global,0.33
3,1,lr5e-05_bs8_modL1_fusion16_fusionL1_fusionBN0_drop0p2__wd1e-04trmiss33_degmodglobal,8,5e-05,0.0001,1,16,1,False,0.2,lr5e-05_bs8_modL1_fusion16_fusionL1_fusionBN0_drop0p2__wd1e-04trmiss33_degmodglobal,14,0.7077844520172777,0.42857142857142855,0.6469086469086469,0.5384615384615384,1.0,0.0,0.0,,,18473,global,0.33
3,1,lr5e-05_bs8_modL1_fusion16_fusionL1_fusionBN0_drop0p3__wd1e-04trmiss33_degmodglobal,8,5e-05,0.0001,1,16,1,False,0.3,lr5e-05_bs8_modL1_fusion16_fusionL1_fusionBN0_drop0p3__wd1e-04trmiss33_degmodglobal,8,0.7582937250941929,0.16666666666666666,0.41337432408860975,0.23076923076923078,0.0,0.5,-0.5916079783099616,,,18473,global,0.33
3,1,lr5e-05_bs8_modL1_fusion32_fusionL1_fusionBN0_drop0p2__wd1e-04trmiss33_degmodglobal,8,5e-05,0.0001,1,32,1,False,0.2,lr5e-05_bs8_modL1_fusion32_fusionL1_fusionBN0_drop0p2__wd1e-04trmiss33_degmodglobal,9,0.7109534393133935,0.40476190476190477,0.522192093620665,0.38461538461538464,0.2857142857142857,0.5,-0.21957751641341997,,,18473,global,0.33
3,1,lr5e-05_bs8_modL1_fusion32_fusionL1_fusionBN0_drop0p3__wd1e-04trmiss33_degmodglobal,8,5e-05,0.0001,1,32,1,False,0.3,lr5e-05_bs8_modL1_fusion32_fusionL1_fusionBN0_drop0p3__wd1e-04trmiss33_degmodglobal,5,0.7262629272690975,0.16666666666666669,0.437096237096237,0.46153846153846156,0.0,1.0,0.0,,,18473,global,0.33
3,1,lr1e-04_bs16_modL1_fusion16_fusionL1_fusionBN0_drop0p2__wd1e-04trmiss33_degmodglobal,16,0.0001,0.0001,1,16,1,False,0.2,lr1e-04_bs16_modL1_fusion16_fusionL1_fusionBN0_drop0p2__wd1e-04trmiss33_degmodglobal,5,0.7094713525287601,0.6666666666666667,0.7718210361067503,0.46153846153846156,0.0,1.0,0.0,,,18473,global,0.33
3,1,lr1e-04_bs16_modL1_fusion16_fusionL1_fusionBN0_drop0p3__wd1e-04trmiss33_degmodglobal,16,0.0001,0.0001,1,16,1,False,0.3,lr1e-04_bs16_modL1_fusion16_fusionL1_fusionBN0_drop0p3__wd1e-04trmiss33_degmodglobal,19,0.697492413833839,0.5,0.5896524110809824,0.5384615384615384,0.5714285714285714,0.5,0.07142857142857142,,,18473,global,0.33
3,1,lr1e-04_bs16_modL1_fusion32_fusionL1_fusionBN0_drop0p2__wd1e-04trmiss33_degmodglobal,16,0.0001,0.0001,1,32,1,False,0.2,lr1e-04_bs16_modL1_fusion32_fusionL1_fusionBN0_drop0p2__wd1e-04trmiss33_degmodglobal,11,0.7132553797391478,0.30952380952380953,0.4847152847152847,0.3076923076923077,0.5714285714285714,0.0,-0.50709255283711,,,18473,global,0.33
3,1,lr1e-04_bs16_modL1_fusion32_fusionL1_fusionBN0_drop0p3__wd1e-04trmiss33_degmodglobal,16,0.0001,0.0001,1,32,1,False,0.3,lr1e-04_bs16_modL1_fusion32_fusionL1_fusionBN0_drop0p3__wd1e-04trmiss33_degmodglobal,5,0.717565324152692,0.2380952380952381,0.43576661433804287,0.46153846153846156,0.5714285714285714,0.3333333333333333,-0.09759000729485333,,,18473,global,0.33
3,1,lr5e-05_bs16_modL1_fusion16_fusionL1_fusionBN0_drop0p2__wd1e-04trmiss33_degmodglobal,16,5e-05,0.0001,1,16,1,False,0.2,lr5e-05_bs16_modL1_fusion16_fusionL1_fusionBN0_drop0p2__wd1e-04trmiss33_degmodglobal,5,0.6764305375874253,0.8095238095238095,0.889848246991104,0.46153846153846156,0.8571428571428571,0.0,-0.2672612419124244,,,18473,global,0.33
3,1,lr5e-05_bs16_modL1_fusion16_fusionL1_fusionBN0_drop0p3__wd1e-04trmiss33_degmodglobal,16,5e-05,0.0001,1,16,1,False,0.3,lr5e-05_bs16_modL1_fusion16_fusionL1_fusionBN0_drop0p3__wd1e-04trmiss33_degmodglobal,8,0.6854953727754373,0.6428571428571428,0.7685374149659865,0.5384615384615384,1.0,0.0,0.0,,,18473,global,0.33
3,1,lr5e-05_bs16_modL1_fusion32_fusionL1_fusionBN0_drop0p2__wd1e-04trmiss33_degmodglobal,16,5e-05,0.0001,1,32,1,False,0.2,lr5e-05_bs16_modL1_fusion32_fusionL1_fusionBN0_drop0p2__wd1e-04trmiss33_degmodglobal,14,0.716310142537278,0.3333333333333333,0.488034188034188,0.46153846153846156,0.8571428571428571,0.0,-0.2672612419124244,,,18473,global,0.33
3,1,lr5e-05_bs16_modL1_fusion32_fusionL1_fusionBN0_drop0p3__wd1e-04trmiss33_degmodglobal,16,5e-05,0.0001,1,32,1,False,0.3,lr5e-05_bs16_modL1_fusion32_fusionL1_fusionBN0_drop0p3__wd1e-04trmiss33_degmodglobal,5,0.6958513817071719,0.5238095238095237,0.5882395382395382,0.46153846153846156,0.7142857142857143,0.16666666666666666,-0.14085904245475275,,,18473,global,0.33
3,2,lr1e-04_bs8_modL1_fusion16_fusionL1_fusionBN0_drop0p2__wd1e-04trmiss33_degmodglobal,8,0.0001,0.0001,1,16,1,False,0.2,lr1e-04_bs8_modL1_fusion16_fusionL1_fusionBN0_drop0p2__wd1e-04trmiss33_degmodglobal,6,0.6876903477959267,0.6944444444444445,0.7791666666666666,0.5,0.0,1.0,0.0,,,18473,global,0.33
3,2,lr1e-04_bs8_modL1_fusion16_fusionL1_fusionBN0_drop0p3__wd1e-04trmiss33_degmodglobal,8,0.0001,0.0001,1,16,1,False,0.3,lr1e-04_bs8_modL1_fusion16_fusionL1_fusionBN0_drop0p3__wd1e-04trmiss33_degmodglobal,5,0.7030311931574861,0.6111111111111112,0.5981481481481482,0.5,1.0,0.0,0.0,,,18473,global,0.33
3,2,lr1e-04_bs8_modL1_fusion32_fusionL1_fusionBN0_drop0p2__wd1e-04trmiss33_degmodglobal,8,0.0001,0.0001,1,32,1,False,0.2,lr1e-04_bs8_modL1_fusion32_fusionL1_fusionBN0_drop0p2__wd1e-04trmiss33_degmodglobal,19,0.6881434989717338,0.5833333333333333,0.711111111111111,0.5,0.6666666666666666,0.3333333333333333,0.0,,,18473,global,0.33
3,2,lr1e-04_bs8_modL1_fusion32_fusionL1_fusionBN0_drop0p3__wd1e-04trmiss33_degmodglobal,8,0.0001,0.0001,1,32,1,False,0.3,lr1e-04_bs8_modL1_fusion32_fusionL1_fusionBN0_drop0p3__wd1e-04trmiss33_degmodglobal,22,0.691384869166202,0.5833333333333334,0.6064814814814815,0.6666666666666666,0.6666666666666666,0.6666666666666666,0.3333333333333333,,,18473,global,0.33
3,2,lr5e-05_bs8_modL1_fusion16_fusionL1_fusionBN0_drop0p2__wd1e-04trmiss33_degmodglobal,8,5e-05,0.0001,1,16,1,False,0.2,lr5e-05_bs8_modL1_fusion16_fusionL1_fusionBN0_drop0p2__wd1e-04trmiss33_degmodglobal,20,0.6948677445076649,0.4444444444444445,0.6035353535353536,0.5,0.16666666666666666,0.8333333333333334,0.0,,,18473,global,0.33
3,2,lr5e-05_bs8_modL1_fusion16_fusionL1_fusionBN0_drop0p3__wd1e-04trmiss33_degmodglobal,8,5e-05,0.0001,1,16,1,False,0.3,lr5e-05_bs8_modL1_fusion16_fusionL1_fusionBN0_drop0p3__wd1e-04trmiss33_degmodglobal,69,0.6948282131557723,0.8055555555555555,0.8766233766233766,0.5,0.0,1.0,0.0,,,18473,global,0.33
3,2,lr5e-05_bs8_modL1_fusion32_fusionL1_fusionBN0_drop0p2__wd1e-04trmiss33_degmodglobal,8,5e-05,0.0001,1,32,1,False,0.2,lr5e-05_bs8_modL1_fusion32_fusionL1_fusionBN0_drop0p2__wd1e-04trmiss33_degmodglobal,17,0.7120237695397517,0.5,0.5176286676286675,0.5,0.0,1.0,0.0,,,18473,global,0.33
3,2,lr5e-05_bs8_modL1_fusion32_fusionL1_fusionBN0_drop0p3__wd1e-04trmiss33_degmodglobal,8,5e-05,0.0001,1,32,1,False,0.3,lr5e-05_bs8_modL1_fusion32_fusionL1_fusionBN0_drop0p3__wd1e-04trmiss33_degmodglobal,9,0.7118484094601994,0.5,0.6757575757575757,0.5,0.5,0.5,0.0,,,18473,global,0.33
3,2,lr1e-04_bs16_modL1_fusion16_fusionL1_fusionBN0_drop0p2__wd1e-04trmiss33_degmodglobal,16,0.0001,0.0001,1,16,1,False,0.2,lr1e-04_bs16_modL1_fusion16_fusionL1_fusionBN0_drop0p2__wd1e-04trmiss33_degmodglobal,20,0.6832996271746833,0.6666666666666667,0.7468253968253968,0.5833333333333334,0.8333333333333334,0.3333333333333333,0.19245008972987526,,,18473,global,0.33
3,2,lr1e-04_bs16_modL1_fusion16_fusionL1_fusionBN0_drop0p3__wd1e-04trmiss33_degmodglobal,16,0.0001,0.0001,1,16,1,False,0.3,lr1e-04_bs16_modL1_fusion16_fusionL1_fusionBN0_drop0p3__wd1e-04trmiss33_degmodglobal,41,0.6862297017983963,0.6111111111111112,0.6140572390572391,0.5,0.0,1.0,0.0,,,18473,global,0.33
3,2,lr1e-04_bs16_modL1_fusion32_fusionL1_fusionBN0_drop0p2__wd1e-04trmiss33_degmodglobal,16,0.0001,0.0001,1,32,1,False,0.2,lr1e-04_bs16_modL1_fusion32_fusionL1_fusionBN0_drop0p2__wd1e-04trmiss33_degmodglobal,5,0.7064917595751864,0.4166666666666667,0.49567099567099565,0.5,1.0,0.0,0.0,,,18473,global,0.33
3,2,lr1e-04_bs16_modL1_fusion32_fusionL1_fusionBN0_drop0p3__wd1e-04trmiss33_degmodglobal,16,0.0001,0.0001,1,32,1,False,0.3,lr1e-04_bs16_modL1_fusion32_fusionL1_fusionBN0_drop0p3__wd1e-04trmiss33_degmodglobal,5,0.6872002067263812,0.6111111111111112,0.6438492063492063,0.6666666666666666,1.0,0.3333333333333333,0.4472135954999579,,,18473,global,0.33
3,2,lr5e-05_bs16_modL1_fusion16_fusionL1_fusionBN0_drop0p2__wd1e-04trmiss33_degmodglobal,16,5e-05,0.0001,1,16,1,False,0.2,lr5e-05_bs16_modL1_fusion16_fusionL1_fusionBN0_drop0p2__wd1e-04trmiss33_degmodglobal,6,0.7018826258673974,0.5555555555555556,0.5382936507936508,0.5,1.0,0.0,0.0,,,18473,global,0.33
3,2,lr5e-05_bs16_modL1_fusion16_fusionL1_fusionBN0_drop0p3__wd1e-04trmiss33_degmodglobal,16,5e-05,0.0001,1,16,1,False,0.3,lr5e-05_bs16_modL1_fusion16_fusionL1_fusionBN0_drop0p3__wd1e-04trmiss33_degmodglobal,28,0.6883232400237294,0.5555555555555556,0.6287397787397787,0.5833333333333334,0.16666666666666666,1.0,0.30151134457776363,,,18473,global,0.33
3,2,lr5e-05_bs16_modL1_fusion32_fusionL1_fusionBN0_drop0p2__wd1e-04trmiss33_degmodglobal,16,5e-05,0.0001,1,32,1,False,0.2,lr5e-05_bs16_modL1_fusion32_fusionL1_fusionBN0_drop0p2__wd1e-04trmiss33_degmodglobal,80,0.6924719485780694,0.5555555555555556,0.5612794612794613,0.5,0.6666666666666666,0.3333333333333333,0.0,,,18473,global,0.33
3,2,lr5e-05_bs16_modL1_fusion32_fusionL1_fusionBN0_drop0p3__wd1e-04trmiss33_degmodglobal,16,5e-05,0.0001,1,32,1,False,0.3,lr5e-05_bs16_modL1_fusion32_fusionL1_fusionBN0_drop0p3__wd1e-04trmiss33_degmodglobal,7,0.6820832855086527,1.0,1.0,0.5,0.0,1.0,0.0,,,18473,global,0.33
3,3,lr1e-04_bs8_modL1_fusion16_fusionL1_fusionBN0_drop0p2__wd1e-04trmiss33_degmodglobal,8,0.0001,0.0001,1,16,1,False,0.2,lr1e-04_bs8_modL1_fusion16_fusionL1_fusionBN0_drop0p2__wd1e-04trmiss33_degmodglobal,22,0.6975047942251299,0.5277777777777777,0.6305916305916306,0.4166666666666667,0.6666666666666666,0.16666666666666666,-0.19245008972987526,,,18473,global,0.33
3,3,lr1e-04_bs8_modL1_fusion16_fusionL1_fusionBN0_drop0p3__wd1e-04trmiss33_degmodglobal,8,0.0001,0.0001,1,16,1,False,0.3,lr1e-04_bs8_modL1_fusion16_fusionL1_fusionBN0_drop0p3__wd1e-04trmiss33_degmodglobal,5,0.7333141072132022,0.3055555555555556,0.43240740740740746,0.4166666666666667,0.3333333333333333,0.5,-0.1690308509457033,,,18473,global,0.33
3,3,lr1e-04_bs8_modL1_fusion32_fusionL1_fusionBN0_drop0p2__wd1e-04trmiss33_degmodglobal,8,0.0001,0.0001,1,32,1,False,0.2,lr1e-04_bs8_modL1_fusion32_fusionL1_fusionBN0_drop0p2__wd1e-04trmiss33_degmodglobal,9,0.7280867272742206,0.3333333333333333,0.4901094276094276,0.5,0.0,1.0,0.0,,,18473,global,0.33
3,3,lr1e-04_bs8_modL1_fusion32_fusionL1_fusionBN0_drop0p3__wd1e-04trmiss33_degmodglobal,8,0.0001,0.0001,1,32,1,False,0.3,lr1e-04_bs8_modL1_fusion32_fusionL1_fusionBN0_drop0p3__wd1e-04trmiss33_degmodglobal,25,0.7181126002408772,0.3888888888888889,0.48766233766233763,0.3333333333333333,0.16666666666666666,0.5,-0.3535533905932738,,,18473,global,0.33
3,3,lr5e-05_bs8_modL1_fusion16_fusionL1_fusionBN0_drop0p2__wd1e-04trmiss33_degmodglobal,8,5e-05,0.0001,1,16,1,False,0.2,lr5e-05_bs8_modL1_fusion16_fusionL1_fusionBN0_drop0p2__wd1e-04trmiss33_degmodglobal,7,0.6698916558874332,0.75,0.7847222222222221,0.6666666666666666,0.3333333333333333,1.0,0.4472135954999579,,,18473,global,0.33
3,3,lr5e-05_bs8_modL1_fusion16_fusionL1_fusionBN0_drop0p3__wd1e-04trmiss33_degmodglobal,8,5e-05,0.0001,1,16,1,False,0.3,lr5e-05_bs8_modL1_fusion16_fusionL1_fusionBN0_drop0p3__wd1e-04trmiss33_degmodglobal,30,0.6939276183900729,0.5555555555555556,0.5327380952380951,0.5833333333333334,1.0,0.16666666666666666,0.30151134457776363,,,18473,global,0.33
3,3,lr5e-05_bs8_modL1_fusion32_fusionL1_fusionBN0_drop0p2__wd1e-04trmiss33_degmodglobal,8,5e-05,0.0001,1,32,1,False,0.2,lr5e-05_bs8_modL1_fusion32_fusionL1_fusionBN0_drop0p2__wd1e-04trmiss33_degmodglobal,13,0.7388155179479948,0.19444444444444442,0.3965909090909091,0.3333333333333333,0.0,0.6666666666666666,-0.4472135954999579,,,18473,global,0.33
3,3,lr5e-05_bs8_modL1_fusion32_fusionL1_fusionBN0_drop0p3__wd1e-04trmiss33_degmodglobal,8,5e-05,0.0001,1,32,1,False,0.3,lr5e-05_bs8_modL1_fusion32_fusionL1_fusionBN0_drop0p3__wd1e-04trmiss33_degmodglobal,27,0.7776511026683511,0.19444444444444445,0.3921296296296296,0.16666666666666666,0.0,0.3333333333333333,-0.7071067811865476,,,18473,global,0.33
3,3,lr1e-04_bs16_modL1_fusion16_fusionL1_fusionBN0_drop0p2__wd1e-04trmiss33_degmodglobal,16,0.0001,0.0001,1,16,1,False,0.2,lr1e-04_bs16_modL1_fusion16_fusionL1_fusionBN0_drop0p2__wd1e-04trmiss33_degmodglobal,19,0.6609286080573807,0.8333333333333334,0.8857142857142857,0.75,0.5,1.0,0.5773502691896257,,,18473,global,0.33
3,3,lr1e-04_bs16_modL1_fusion16_fusionL1_fusionBN0_drop0p3__wd1e-04trmiss33_degmodglobal,16,0.0001,0.0001,1,16,1,False,0.3,lr1e-04_bs16_modL1_fusion16_fusionL1_fusionBN0_drop0p3__wd1e-04trmiss33_degmodglobal,33,0.6487261366695737,0.888888888888889,0.9333333333333333,0.8333333333333334,0.8333333333333334,0.8333333333333334,0.6666666666666666,,,18473,global,0.33
3,3,lr1e-04_bs16_modL1_fusion32_fusionL1_fusionBN0_drop0p2__wd1e-04trmiss33_degmodglobal,16,0.0001,0.0001,1,32,1,False,0.2,lr1e-04_bs16_modL1_fusion32_fusionL1_fusionBN0_drop0p2__wd1e-04trmiss33_degmodglobal,5,0.726676191287337,0.5,0.6277777777777778,0.5,0.0,1.0,0.0,,,18473,global,0.33
3,3,lr1e-04_bs16_modL1_fusion32_fusionL1_fusionBN0_drop0p3__wd1e-04trmiss33_degmodglobal,16,0.0001,0.0001,1,32,1,False,0.3,lr1e-04_bs16_modL1_fusion32_fusionL1_fusionBN0_drop0p3__wd1e-04trmiss33_degmodglobal,5,0.704066928181911,0.5555555555555556,0.6603535353535354,0.5,0.0,1.0,0.0,,,18473,global,0.33
3,3,lr5e-05_bs16_modL1_fusion16_fusionL1_fusionBN0_drop0p2__wd1e-04trmiss33_degmodglobal,16,5e-05,0.0001,1,16,1,False,0.2,lr5e-05_bs16_modL1_fusion16_fusionL1_fusionBN0_drop0p2__wd1e-04trmiss33_degmodglobal,6,0.7137125204344993,0.5277777777777777,0.6876623376623376,0.5,0.0,1.0,0.0,,,18473,global,0.33
3,3,lr5e-05_bs16_modL1_fusion16_fusionL1_fusionBN0_drop0p3__wd1e-04trmiss33_degmodglobal,16,5e-05,0.0001,1,16,1,False,0.3,lr5e-05_bs16_modL1_fusion16_fusionL1_fusionBN0_drop0p3__wd1e-04trmiss33_degmodglobal,20,0.7071521896391132,0.3611111111111111,0.4598845598845599,0.3333333333333333,0.16666666666666666,0.5,-0.3535533905932738,,,18473,global,0.33
3,3,lr5e-05_bs16_modL1_fusion32_fusionL1_fusionBN0_drop0p2__wd1e-04trmiss33_degmodglobal,16,5e-05,0.0001,1,32,1,False,0.2,lr5e-05_bs16_modL1_fusion32_fusionL1_fusionBN0_drop0p2__wd1e-04trmiss33_degmodglobal,27,0.6932663044414963,0.5833333333333334,0.7202380952380951,0.4166666666666667,0.8333333333333334,0.0,-0.30151134457776363,,,18473,global,0.33
3,3,lr5e-05_bs16_modL1_fusion32_fusionL1_fusionBN0_drop0p3__wd1e-04trmiss33_degmodglobal,16,5e-05,0.0001,1,32,1,False,0.3,lr5e-05_bs16_modL1_fusion32_fusionL1_fusionBN0_drop0p3__wd1e-04trmiss33_degmodglobal,30,0.7297408333678653,0.19444444444444442,0.39176887926887927,0.5,0.0,1.0,0.0,,,18473,global,0.33
3,4,lr1e-04_bs8_modL1_fusion16_fusionL1_fusionBN0_drop0p2__wd1e-04trmiss33_degmodglobal,8,0.0001,0.0001,1,16,1,False,0.2,lr1e-04_bs8_modL1_fusion16_fusionL1_fusionBN0_drop0p2__wd1e-04trmiss33_degmodglobal,11,0.689808829073618,0.6111111111111112,0.5771825396825396,0.6666666666666666,0.8333333333333334,0.5,0.3535533905932738,,,18473,global,0.33
3,4,lr1e-04_bs8_modL1_fusion16_fusionL1_fusionBN0_drop0p3__wd1e-04trmiss33_degmodglobal,8,0.0001,0.0001,1,16,1,False,0.3,lr1e-04_bs8_modL1_fusion16_fusionL1_fusionBN0_drop0p3__wd1e-04trmiss33_degmodglobal,31,0.7523526105640594,0.33333333333333337,0.49163059163059164,0.4166666666666667,0.8333333333333334,0.0,-0.30151134457776363,,,18473,global,0.33
3,4,lr1e-04_bs8_modL1_fusion32_fusionL1_fusionBN0_drop0p2__wd1e-04trmiss33_degmodglobal,8,0.0001,0.0001,1,32,1,False,0.2,lr1e-04_bs8_modL1_fusion32_fusionL1_fusionBN0_drop0p2__wd1e-04trmiss33_degmodglobal,17,0.7002518791932805,0.5833333333333333,0.7483164983164983,0.5,0.0,1.0,0.0,,,18473,global,0.33
3,4,lr1e-04_bs8_modL1_fusion32_fusionL1_fusionBN0_drop0p3__wd1e-04trmiss33_degmodglobal,8,0.0001,0.0001,1,32,1,False,0.3,lr1e-04_bs8_modL1_fusion32_fusionL1_fusionBN0_drop0p3__wd1e-04trmiss33_degmodglobal,5,0.6947029072509446,0.5,0.6666666666666666,0.4166666666666667,0.3333333333333333,0.5,-0.1690308509457033,,,18473,global,0.33
3,4,lr5e-05_bs8_modL1_fusion16_fusionL1_fusionBN0_drop0p2__wd1e-04trmiss33_degmodglobal,8,5e-05,0.0001,1,16,1,False,0.2,lr5e-05_bs8_modL1_fusion16_fusionL1_fusionBN0_drop0p2__wd1e-04trmiss33_degmodglobal,17,0.6912604389750233,0.5833333333333335,0.7175925925925926,0.4166666666666667,0.8333333333333334,0.0,-0.30151134457776363,,,18473,global,0.33
3,4,lr5e-05_bs8_modL1_fusion16_fusionL1_fusionBN0_drop0p3__wd1e-04trmiss33_degmodglobal,8,5e-05,0.0001,1,16,1,False,0.3,lr5e-05_bs8_modL1_fusion16_fusionL1_fusionBN0_drop0p3__wd1e-04trmiss33_degmodglobal,7,0.7033297438428078,0.6388888888888888,0.6362794612794612,0.5,1.0,0.0,0.0,,,18473,global,0.33
3,4,lr5e-05_bs8_modL1_fusion32_fusionL1_fusionBN0_drop0p2__wd1e-04trmiss33_degmodglobal,8,5e-05,0.0001,1,32,1,False,0.2,lr5e-05_bs8_modL1_fusion32_fusionL1_fusionBN0_drop0p2__wd1e-04trmiss33_degmodglobal,29,0.6970758358593816,0.6111111111111112,0.5819444444444444,0.5,0.3333333333333333,0.6666666666666666,0.0,,,18473,global,0.33
3,4,lr5e-05_bs8_modL1_fusion32_fusionL1_fusionBN0_drop0p3__wd1e-04trmiss33_degmodglobal,8,5e-05,0.0001,1,32,1,False,0.3,lr5e-05_bs8_modL1_fusion32_fusionL1_fusionBN0_drop0p3__wd1e-04trmiss33_degmodglobal,14,0.7056581529271027,0.4444444444444444,0.5075757575757576,0.4166666666666667,0.6666666666666666,0.16666666666666666,-0.19245008972987526,,,18473,global,0.33
3,4,lr1e-04_bs16_modL1_fusion16_fusionL1_fusionBN0_drop0p2__wd1e-04trmiss33_degmodglobal,16,0.0001,0.0001,1,16,1,False,0.2,lr1e-04_bs16_modL1_fusion16_fusionL1_fusionBN0_drop0p2__wd1e-04trmiss33_degmodglobal,9,0.6839468604377535,0.7222222222222221,0.746067821067821,0.5833333333333334,0.3333333333333333,0.8333333333333334,0.19245008972987526,,,18473,global,0.33
3,4,lr1e-04_bs16_modL1_fusion16_fusionL1_fusionBN0_drop0p3__wd1e-04trmiss33_degmodglobal,16,0.0001,0.0001,1,16,1,False,0.3,lr1e-04_bs16_modL1_fusion16_fusionL1_fusionBN0_drop0p3__wd1e-04trmiss33_degmodglobal,5,0.6882478741689568,0.5833333333333335,0.673941798941799,0.5833333333333334,0.16666666666666666,1.0,0.30151134457776363,,,18473,global,0.33
3,4,lr1e-04_bs16_modL1_fusion32_fusionL1_fusionBN0_drop0p2__wd1e-04trmiss33_degmodglobal,16,0.0001,0.0001,1,32,1,False,0.2,lr1e-04_bs16_modL1_fusion32_fusionL1_fusionBN0_drop0p2__wd1e-04trmiss33_degmodglobal,6,0.7004019244229395,0.6666666666666667,0.7021825396825396,0.5,1.0,0.0,0.0,,,18473,global,0.33
3,4,lr1e-04_bs16_modL1_fusion32_fusionL1_fusionBN0_drop0p3__wd1e-04trmiss33_degmodglobal,16,0.0001,0.0001,1,32,1,False,0.3,lr1e-04_bs16_modL1_fusion32_fusionL1_fusionBN0_drop0p3__wd1e-04trmiss33_degmodglobal,5,0.6958527782539893,0.5,0.5361471861471861,0.5,0.3333333333333333,0.6666666666666666,0.0,,,18473,global,0.33
3,4,lr5e-05_bs16_modL1_fusion16_fusionL1_fusionBN0_drop0p2__wd1e-04trmiss33_degmodglobal,16,5e-05,0.0001,1,16,1,False,0.2,lr5e-05_bs16_modL1_fusion16_fusionL1_fusionBN0_drop0p2__wd1e-04trmiss33_degmodglobal,14,0.7079320024595033,0.3055555555555556,0.4827020202020202,0.3333333333333333,0.3333333333333333,0.3333333333333333,-0.3333333333333333,,,18473,global,0.33
3,4,lr5e-05_bs16_modL1_fusion16_fusionL1_fusionBN0_drop0p3__wd1e-04trmiss33_degmodglobal,16,5e-05,0.0001,1,16,1,False,0.3,lr5e-05_bs16_modL1_fusion16_fusionL1_fusionBN0_drop0p3__wd1e-04trmiss33_degmodglobal,17,0.7031339474275056,0.4722222222222222,0.5285714285714286,0.4166666666666667,0.6666666666666666,0.16666666666666666,-0.19245008972987526,,,18473,global,0.33
3,4,lr5e-05_bs16_modL1_fusion32_fusionL1_fusionBN0_drop0p2__wd1e-04trmiss33_degmodglobal,16,5e-05,0.0001,1,32,1,False,0.2,lr5e-05_bs16_modL1_fusion32_fusionL1_fusionBN0_drop0p2__wd1e-04trmiss33_degmodglobal,5,0.7027666697599594,0.5555555555555556,0.6878306878306878,0.5,0.0,1.0,0.0,,,18473,global,0.33
3,4,lr5e-05_bs16_modL1_fusion32_fusionL1_fusionBN0_drop0p3__wd1e-04trmiss33_degmodglobal,16,5e-05,0.0001,1,32,1,False,0.3,lr5e-05_bs16_modL1_fusion32_fusionL1_fusionBN0_drop0p3__wd1e-04trmiss33_degmodglobal,7,0.6963532255039375,0.6666666666666667,0.7569444444444444,0.5,1.0,0.0,0.0,,,18473,global,0.33
3,5,lr1e-04_bs8_modL1_fusion16_fusionL1_fusionBN0_drop0p2__wd1e-04trmiss33_degmodglobal,8,0.0001,0.0001,1,16,1,False,0.2,lr1e-04_bs8_modL1_fusion16_fusionL1_fusionBN0_drop0p2__wd1e-04trmiss33_degmodglobal,15,0.6913962930565808,0.4722222222222222,0.5861471861471861,0.4166666666666667,0.16666666666666666,0.6666666666666666,-0.19245008972987526,,,18473,global,0.33
3,5,lr1e-04_bs8_modL1_fusion16_fusionL1_fusionBN0_drop0p3__wd1e-04trmiss33_degmodglobal,8,0.0001,0.0001,1,16,1,False,0.3,lr1e-04_bs8_modL1_fusion16_fusionL1_fusionBN0_drop0p3__wd1e-04trmiss33_degmodglobal,24,0.693845061222328,0.638888888888889,0.7120370370370369,0.5833333333333334,0.16666666666666666,1.0,0.30151134457776363,,,18473,global,0.33
3,5,lr1e-04_bs8_modL1_fusion32_fusionL1_fusionBN0_drop0p2__wd1e-04trmiss33_degmodglobal,8,0.0001,0.0001,1,32,1,False,0.2,lr1e-04_bs8_modL1_fusion32_fusionL1_fusionBN0_drop0p2__wd1e-04trmiss33_degmodglobal,43,0.7102533116745331,0.41666666666666674,0.4973544973544973,0.5,0.6666666666666666,0.3333333333333333,0.0,,,18473,global,0.33
3,5,lr1e-04_bs8_modL1_fusion32_fusionL1_fusionBN0_drop0p3__wd1e-04trmiss33_degmodglobal,8,0.0001,0.0001,1,32,1,False,0.3,lr1e-04_bs8_modL1_fusion32_fusionL1_fusionBN0_drop0p3__wd1e-04trmiss33_degmodglobal,51,0.677580225658501,0.6666666666666667,0.7021825396825396,0.5833333333333334,0.3333333333333333,0.8333333333333334,0.19245008972987526,,,18473,global,0.33
3,5,lr5e-05_bs8_modL1_fusion16_fusionL1_fusionBN0_drop0p2__wd1e-04trmiss33_degmodglobal,8,5e-05,0.0001,1,16,1,False,0.2,lr5e-05_bs8_modL1_fusion16_fusionL1_fusionBN0_drop0p2__wd1e-04trmiss33_degmodglobal,23,0.6838747584172963,0.6666666666666667,0.6882936507936507,0.5,0.16666666666666666,0.8333333333333334,0.0,,,18473,global,0.33
3,5,lr5e-05_bs8_modL1_fusion16_fusionL1_fusionBN0_drop0p3__wd1e-04trmiss33_degmodglobal,8,5e-05,0.0001,1,16,1,False,0.3,lr5e-05_bs8_modL1_fusion16_fusionL1_fusionBN0_drop0p3__wd1e-04trmiss33_degmodglobal,14,0.7320360697280378,0.3055555555555556,0.43253968253968256,0.4166666666666667,0.6666666666666666,0.16666666666666666,-0.19245008972987526,,,18473,global,0.33
3,5,lr5e-05_bs8_modL1_fusion32_fusionL1_fusionBN0_drop0p2__wd1e-04trmiss33_degmodglobal,8,5e-05,0.0001,1,32,1,False,0.2,lr5e-05_bs8_modL1_fusion32_fusionL1_fusionBN0_drop0p2__wd1e-04trmiss33_degmodglobal,16,0.7010162651923256,0.5,0.6623376623376623,0.4166666666666667,0.3333333333333333,0.5,-0.1690308509457033,,,18473,global,0.33
3,5,lr5e-05_bs8_modL1_fusion32_fusionL1_fusionBN0_drop0p3__wd1e-04trmiss33_degmodglobal,8,5e-05,0.0001,1,32,1,False,0.3,lr5e-05_bs8_modL1_fusion32_fusionL1_fusionBN0_drop0p3__wd1e-04trmiss33_degmodglobal,13,0.6869083772861359,0.6111111111111112,0.6097582972582972,0.5,0.5,0.5,0.0,,,18473,global,0.33
3,5,lr1e-04_bs16_modL1_fusion16_fusionL1_fusionBN0_drop0p2__wd1e-04trmiss33_degmodglobal,16,0.0001,0.0001,1,16,1,False,0.2,lr1e-04_bs16_modL1_fusion16_fusionL1_fusionBN0_drop0p2__wd1e-04trmiss33_degmodglobal,55,0.7076004813786229,0.4444444444444445,0.5049302549302549,0.5,0.8333333333333334,0.16666666666666666,0.0,,,18473,global,0.33
3,5,lr1e-04_bs16_modL1_fusion16_fusionL1_fusionBN0_drop0p3__wd1e-04trmiss33_degmodglobal,16,0.0001,0.0001,1,16,1,False,0.3,lr1e-04_bs16_modL1_fusion16_fusionL1_fusionBN0_drop0p3__wd1e-04trmiss33_degmodglobal,52,0.6835031008729339,0.6944444444444444,0.8075757575757575,0.5833333333333334,0.16666666666666666,1.0,0.30151134457776363,,,18473,global,0.33
3,5,lr1e-04_bs16_modL1_fusion32_fusionL1_fusionBN0_drop0p2__wd1e-04trmiss33_degmodglobal,16,0.0001,0.0001,1,32,1,False,0.2,lr1e-04_bs16_modL1_fusion32_fusionL1_fusionBN0_drop0p2__wd1e-04trmiss33_degmodglobal,33,0.7075866771895116,0.4444444444444445,0.575925925925926,0.4166666666666667,0.8333333333333334,0.0,-0.30151134457776363,,,18473,global,0.33
3,5,lr1e-04_bs16_modL1_fusion32_fusionL1_fusionBN0_drop0p3__wd1e-04trmiss33_degmodglobal,16,0.0001,0.0001,1,32,1,False,0.3,lr1e-04_bs16_modL1_fusion32_fusionL1_fusionBN0_drop0p3__wd1e-04trmiss33_degmodglobal,8,0.700068119606449,0.4722222222222222,0.5285714285714286,0.5,0.6666666666666666,0.3333333333333333,0.0,,,18473,global,0.33
3,5,lr5e-05_bs16_modL1_fusion16_fusionL1_fusionBN0_drop0p2__wd1e-04trmiss33_degmodglobal,16,5e-05,0.0001,1,16,1,False,0.2,lr5e-05_bs16_modL1_fusion16_fusionL1_fusionBN0_drop0p2__wd1e-04trmiss33_degmodglobal,5,0.6988569292551321,0.3888888888888889,0.4604858104858105,0.5,0.0,1.0,0.0,,,18473,global,0.33
3,5,lr5e-05_bs16_modL1_fusion16_fusionL1_fusionBN0_drop0p3__wd1e-04trmiss33_degmodglobal,16,5e-05,0.0001,1,16,1,False,0.3,lr5e-05_bs16_modL1_fusion16_fusionL1_fusionBN0_drop0p3__wd1e-04trmiss33_degmodglobal,5,0.6969480044902602,0.5555555555555556,0.7407407407407407,0.4166666666666667,0.6666666666666666,0.16666666666666666,-0.19245008972987526,,,18473,global,0.33
3,5,lr5e-05_bs16_modL1_fusion32_fusionL1_fusionBN0_drop0p2__wd1e-04trmiss33_degmodglobal,16,5e-05,0.0001,1,32,1,False,0.2,lr5e-05_bs16_modL1_fusion32_fusionL1_fusionBN0_drop0p2__wd1e-04trmiss33_degmodglobal,31,0.6844062563118807,0.6111111111111112,0.712073112073112,0.5,0.6666666666666666,0.3333333333333333,0.0,,,18473,global,0.33
3,5,lr5e-05_bs16_modL1_fusion32_fusionL1_fusionBN0_drop0p3__wd1e-04trmiss33_degmodglobal,16,5e-05,0.0001,1,32,1,False,0.3,lr5e-05_bs16_modL1_fusion32_fusionL1_fusionBN0_drop0p3__wd1e-04trmiss33_degmodglobal,5,0.6926684002560619,0.6944444444444444,0.6569444444444444,0.75,0.6666666666666666,0.8333333333333334,0.50709255283711,,,18473,global,0.33
4,1,lr1e-04_bs8_modL1_fusion16_fusionL1_fusionBN0_drop0p2__wd1e-04trmiss33_degmodglobal,8,0.0001,0.0001,1,16,1,False,0.2,lr1e-04_bs8_modL1_fusion16_fusionL1_fusionBN0_drop0p2__wd1e-04trmiss33_degmodglobal,8,0.7131423311091196,0.5238095238095238,0.5979187479187479,0.38461538461538464,0.6666666666666666,0.14285714285714285,-0.2253744679276044,,,18473,global,0.33
4,1,lr1e-04_bs8_modL1_fusion16_fusionL1_fusionBN0_drop0p3__wd1e-04trmiss33_degmodglobal,8,0.0001,0.0001,1,16,1,False,0.3,lr1e-04_bs8_modL1_fusion16_fusionL1_fusionBN0_drop0p3__wd1e-04trmiss33_degmodglobal,6,0.6885529258032353,0.6666666666666666,0.5771825396825396,0.5384615384615384,0.5,0.5714285714285714,0.07142857142857142,,,18473,global,0.33
4,1,lr1e-04_bs8_modL1_fusion32_fusionL1_fusionBN0_drop0p2__wd1e-04trmiss33_degmodglobal,8,0.0001,0.0001,1,32,1,False,0.2,lr1e-04_bs8_modL1_fusion32_fusionL1_fusionBN0_drop0p2__wd1e-04trmiss33_degmodglobal,13,0.651170258720322,0.8333333333333334,0.8134920634920634,0.7692307692307693,1.0,0.5714285714285714,0.6172133998483676,,,18473,global,0.33
4,1,lr1e-04_bs8_modL1_fusion32_fusionL1_fusionBN0_drop0p3__wd1e-04trmiss33_degmodglobal,8,0.0001,0.0001,1,32,1,False,0.3,lr1e-04_bs8_modL1_fusion32_fusionL1_fusionBN0_drop0p3__wd1e-04trmiss33_degmodglobal,8,0.6862849268881314,0.6190476190476191,0.7424242424242424,0.46153846153846156,0.5,0.42857142857142855,-0.07142857142857142,,,18473,global,0.33
4,1,lr5e-05_bs8_modL1_fusion16_fusionL1_fusionBN0_drop0p2__wd1e-04trmiss33_degmodglobal,8,5e-05,0.0001,1,16,1,False,0.2,lr5e-05_bs8_modL1_fusion16_fusionL1_fusionBN0_drop0p2__wd1e-04trmiss33_degmodglobal,8,0.6791488802300798,0.7142857142857143,0.6246031746031747,0.6153846153846154,0.5,0.7142857142857143,0.21957751641341997,,,18473,global,0.33
4,1,lr5e-05_bs8_modL1_fusion16_fusionL1_fusionBN0_drop0p3__wd1e-04trmiss33_degmodglobal,8,5e-05,0.0001,1,16,1,False,0.3,lr5e-05_bs8_modL1_fusion16_fusionL1_fusionBN0_drop0p3__wd1e-04trmiss33_degmodglobal,13,0.6959779125527701,0.761904761904762,0.7402777777777777,0.46153846153846156,1.0,0.0,0.0,,,18473,global,0.33
4,1,lr5e-05_bs8_modL1_fusion32_fusionL1_fusionBN0_drop0p2__wd1e-04trmiss33_degmodglobal,8,5e-05,0.0001,1,32,1,False,0.2,lr5e-05_bs8_modL1_fusion32_fusionL1_fusionBN0_drop0p2__wd1e-04trmiss33_degmodglobal,6,0.6686448454315251,0.8809523809523809,0.8555555555555555,0.5384615384615384,0.0,1.0,0.0,,,18473,global,0.33
4,1,lr5e-05_bs8_modL1_fusion32_fusionL1_fusionBN0_drop0p3__wd1e-04trmiss33_degmodglobal,8,5e-05,0.0001,1,32,1,False,0.3,lr5e-05_bs8_modL1_fusion32_fusionL1_fusionBN0_drop0p3__wd1e-04trmiss33_degmodglobal,26,0.6739291620471535,0.6904761904761905,0.7777777777777778,0.6923076923076923,0.3333333333333333,1.0,0.4605661864718383,,,18473,global,0.33
4,1,lr1e-04_bs16_modL1_fusion16_fusionL1_fusionBN0_drop0p2__wd1e-04trmiss33_degmodglobal,16,0.0001,0.0001,1,16,1,False,0.2,lr1e-04_bs16_modL1_fusion16_fusionL1_fusionBN0_drop0p2__wd1e-04trmiss33_degmodglobal,21,0.7203980300490953,0.2857142857142857,0.39279609279609284,0.3076923076923077,0.5,0.14285714285714285,-0.38575837490522974,,,18473,global,0.33
4,1,lr1e-04_bs16_modL1_fusion16_fusionL1_fusionBN0_drop0p3__wd1e-04trmiss33_degmodglobal,16,0.0001,0.0001,1,16,1,False,0.3,lr1e-04_bs16_modL1_fusion16_fusionL1_fusionBN0_drop0p3__wd1e-04trmiss33_degmodglobal,25,0.6815874094827717,0.7619047619047619,0.6496031746031746,0.7692307692307693,0.8333333333333334,0.7142857142857143,0.5476190476190477,,,18473,global,0.33
4,1,lr1e-04_bs16_modL1_fusion32_fusionL1_fusionBN0_drop0p2__wd1e-04trmiss33_degmodglobal,16,0.0001,0.0001,1,32,1,False,0.2,lr1e-04_bs16_modL1_fusion32_fusionL1_fusionBN0_drop0p2__wd1e-04trmiss33_degmodglobal,6,0.6636975871537885,0.8571428571428571,0.8819444444444444,0.6923076923076923,0.6666666666666666,0.7142857142857143,0.38095238095238093,,,18473,global,0.33
4,1,lr1e-04_bs16_modL1_fusion32_fusionL1_fusionBN0_drop0p3__wd1e-04trmiss33_degmodglobal,16,0.0001,0.0001,1,32,1,False,0.3,lr1e-04_bs16_modL1_fusion32_fusionL1_fusionBN0_drop0p3__wd1e-04trmiss33_degmodglobal,5,0.6690902857279503,0.738095238095238,0.8144230769230769,0.5384615384615384,0.8333333333333334,0.2857142857142857,0.14085904245475275,,,18473,global,0.33
4,1,lr5e-05_bs16_modL1_fusion16_fusionL1_fusionBN0_drop0p2__wd1e-04trmiss33_degmodglobal,16,5e-05,0.0001,1,16,1,False,0.2,lr5e-05_bs16_modL1_fusion16_fusionL1_fusionBN0_drop0p2__wd1e-04trmiss33_degmodglobal,37,0.7005367187786808,0.5,0.6526806526806527,0.5384615384615384,0.5,0.5714285714285714,0.07142857142857142,,,18473,global,0.33
4,1,lr5e-05_bs16_modL1_fusion16_fusionL1_fusionBN0_drop0p3__wd1e-04trmiss33_degmodglobal,16,5e-05,0.0001,1,16,1,False,0.3,lr5e-05_bs16_modL1_fusion16_fusionL1_fusionBN0_drop0p3__wd1e-04trmiss33_degmodglobal,19,0.6967996825189607,0.7142857142857143,0.6246031746031747,0.6923076923076923,1.0,0.42857142857142855,0.50709255283711,,,18473,global,0.33
4,1,lr5e-05_bs16_modL1_fusion32_fusionL1_fusionBN0_drop0p2__wd1e-04trmiss33_degmodglobal,16,5e-05,0.0001,1,32,1,False,0.2,lr5e-05_bs16_modL1_fusion32_fusionL1_fusionBN0_drop0p2__wd1e-04trmiss33_degmodglobal,26,0.6908086769318488,0.6190476190476191,0.5972222222222222,0.46153846153846156,0.6666666666666666,0.2857142857142857,-0.05143444998736397,,,18473,global,0.33
4,1,lr5e-05_bs16_modL1_fusion32_fusionL1_fusionBN0_drop0p3__wd1e-04trmiss33_degmodglobal,16,5e-05,0.0001,1,32,1,False,0.3,lr5e-05_bs16_modL1_fusion32_fusionL1_fusionBN0_drop0p3__wd1e-04trmiss33_degmodglobal,13,0.6930413947032423,0.5952380952380952,0.6665695415695415,0.5384615384615384,0.16666666666666666,0.8571428571428571,0.03289758474798845,,,18473,global,0.33
4,2,lr1e-04_bs8_modL1_fusion16_fusionL1_fusionBN0_drop0p2__wd1e-04trmiss33_degmodglobal,8,0.0001,0.0001,1,16,1,False,0.2,lr1e-04_bs8_modL1_fusion16_fusionL1_fusionBN0_drop0p2__wd1e-04trmiss33_degmodglobal,68,0.7163786986714421,0.36111111111111116,0.5436507936507936,0.3333333333333333,0.3333333333333333,0.3333333333333333,-0.3333333333333333,,,18473,global,0.33
4,2,lr1e-04_bs8_modL1_fusion16_fusionL1_fusionBN0_drop0p3__wd1e-04trmiss33_degmodglobal,8,0.0001,0.0001,1,16,1,False,0.3,lr1e-04_bs8_modL1_fusion16_fusionL1_fusionBN0_drop0p3__wd1e-04trmiss33_degmodglobal,46,0.698312340635502,0.5833333333333334,0.5930555555555556,0.4166666666666667,0.0,0.8333333333333334,-0.30151134457776363,,,18473,global,0.33
4,2,lr1e-04_bs8_modL1_fusion32_fusionL1_fusionBN0_drop0p2__wd1e-04trmiss33_degmodglobal,8,0.0001,0.0001,1,32,1,False,0.2,lr1e-04_bs8_modL1_fusion32_fusionL1_fusionBN0_drop0p2__wd1e-04trmiss33_degmodglobal,5,0.6863080586638411,0.6944444444444444,0.8333333333333333,0.5833333333333334,0.16666666666666666,1.0,0.30151134457776363,,,18473,global,0.33
4,2,lr1e-04_bs8_modL1_fusion32_fusionL1_fusionBN0_drop0p3__wd1e-04trmiss33_degmodglobal,8,0.0001,0.0001,1,32,1,False,0.3,lr1e-04_bs8_modL1_fusion32_fusionL1_fusionBN0_drop0p3__wd1e-04trmiss33_degmodglobal,26,0.6747939393236662,0.7777777777777778,0.8617424242424241,0.5833333333333334,0.16666666666666666,1.0,0.30151134457776363,,,18473,global,0.33
4,2,lr5e-05_bs8_modL1_fusion16_fusionL1_fusionBN0_drop0p2__wd1e-04trmiss33_degmodglobal,8,5e-05,0.0001,1,16,1,False,0.2,lr5e-05_bs8_modL1_fusion16_fusionL1_fusionBN0_drop0p2__wd1e-04trmiss33_degmodglobal,38,0.6949723796653585,0.6388888888888891,0.6912698412698413,0.5,0.16666666666666666,0.8333333333333334,0.0,,,18473,global,0.33
4,2,lr5e-05_bs8_modL1_fusion16_fusionL1_fusionBN0_drop0p3__wd1e-04trmiss33_degmodglobal,8,5e-05,0.0001,1,16,1,False,0.3,lr5e-05_bs8_modL1_fusion16_fusionL1_fusionBN0_drop0p3__wd1e-04trmiss33_degmodglobal,10,0.6986669630068629,0.5277777777777778,0.6742424242424242,0.5,1.0,0.0,0.0,,,18473,global,0.33
4,2,lr5e-05_bs8_modL1_fusion32_fusionL1_fusionBN0_drop0p2__wd1e-04trmiss33_degmodglobal,8,5e-05,0.0001,1,32,1,False,0.2,lr5e-05_bs8_modL1_fusion32_fusionL1_fusionBN0_drop0p2__wd1e-04trmiss33_degmodglobal,7,0.6675335733927148,0.8333333333333335,0.7999999999999999,0.5833333333333334,1.0,0.16666666666666666,0.30151134457776363,,,18473,global,0.33
4,2,lr5e-05_bs8_modL1_fusion32_fusionL1_fusionBN0_drop0p3__wd1e-04trmiss33_degmodglobal,8,5e-05,0.0001,1,32,1,False,0.3,lr5e-05_bs8_modL1_fusion32_fusionL1_fusionBN0_drop0p3__wd1e-04trmiss33_degmodglobal,5,0.7004175347520513,0.5,0.5563492063492064,0.5,0.16666666666666666,0.8333333333333334,0.0,,,18473,global,0.33
4,2,lr1e-04_bs16_modL1_fusion16_fusionL1_fusionBN0_drop0p2__wd1e-04trmiss33_degmodglobal,16,0.0001,0.0001,1,16,1,False,0.2,lr1e-04_bs16_modL1_fusion16_fusionL1_fusionBN0_drop0p2__wd1e-04trmiss33_degmodglobal,53,0.650549807624614,0.7500000000000001,0.8357142857142856,0.6666666666666666,0.8333333333333334,0.5,0.3535533905932738,,,18473,global,0.33
4,2,lr1e-04_bs16_modL1_fusion16_fusionL1_fusionBN0_drop0p3__wd1e-04trmiss33_degmodglobal,16,0.0001,0.0001,1,16,1,False,0.3,lr1e-04_bs16_modL1_fusion16_fusionL1_fusionBN0_drop0p3__wd1e-04trmiss33_degmodglobal,46,0.6791357160812725,0.6666666666666667,0.594047619047619,0.5,0.0,1.0,0.0,,,18473,global,0.33
4,2,lr1e-04_bs16_modL1_fusion32_fusionL1_fusionBN0_drop0p2__wd1e-04trmiss33_degmodglobal,16,0.0001,0.0001,1,32,1,False,0.2,lr1e-04_bs16_modL1_fusion32_fusionL1_fusionBN0_drop0p2__wd1e-04trmiss33_degmodglobal,49,0.656319445577917,0.8333333333333334,0.8722222222222222,0.5,1.0,0.0,0.0,,,18473,global,0.33
4,2,lr1e-04_bs16_modL1_fusion32_fusionL1_fusionBN0_drop0p3__wd1e-04trmiss33_degmodglobal,16,0.0001,0.0001,1,32,1,False,0.3,lr1e-04_bs16_modL1_fusion32_fusionL1_fusionBN0_drop0p3__wd1e-04trmiss33_degmodglobal,11,0.692988431804527,0.5555555555555556,0.5382936507936508,0.5,0.5,0.5,0.0,,,18473,global,0.33
4,2,lr5e-05_bs16_modL1_fusion16_fusionL1_fusionBN0_drop0p2__wd1e-04trmiss33_degmodglobal,16,5e-05,0.0001,1,16,1,False,0.2,lr5e-05_bs16_modL1_fusion16_fusionL1_fusionBN0_drop0p2__wd1e-04trmiss33_degmodglobal,19,0.7082038048561349,0.5277777777777778,0.5813492063492063,0.5,0.5,0.5,0.0,,,18473,global,0.33
4,2,lr5e-05_bs16_modL1_fusion16_fusionL1_fusionBN0_drop0p3__wd1e-04trmiss33_degmodglobal,16,5e-05,0.0001,1,16,1,False,0.3,lr5e-05_bs16_modL1_fusion16_fusionL1_fusionBN0_drop0p3__wd1e-04trmiss33_degmodglobal,24,0.6868251328757644,0.6666666666666667,0.7162698412698413,0.6666666666666666,0.8333333333333334,0.5,0.3535533905932738,,,18473,global,0.33
4,2,lr5e-05_bs16_modL1_fusion32_fusionL1_fusionBN0_drop0p2__wd1e-04trmiss33_degmodglobal,16,5e-05,0.0001,1,32,1,False,0.2,lr5e-05_bs16_modL1_fusion32_fusionL1_fusionBN0_drop0p2__wd1e-04trmiss33_degmodglobal,20,0.703638609642979,0.47222222222222227,0.4981481481481481,0.5833333333333334,0.8333333333333334,0.3333333333333333,0.19245008972987526,,,18473,global,0.33
4,2,lr5e-05_bs16_modL1_fusion32_fusionL1_fusionBN0_drop0p3__wd1e-04trmiss33_degmodglobal,16,5e-05,0.0001,1,32,1,False,0.3,lr5e-05_bs16_modL1_fusion32_fusionL1_fusionBN0_drop0p3__wd1e-04trmiss33_degmodglobal,23,0.7062065966698822,0.4722222222222222,0.5166666666666666,0.5833333333333334,0.5,0.6666666666666666,0.1690308509457033,,,18473,global,0.33
4,3,lr1e-04_bs8_modL1_fusion16_fusionL1_fusionBN0_drop0p2__wd1e-04trmiss33_degmodglobal,8,0.0001,0.0001,1,16,1,False,0.2,lr1e-04_bs8_modL1_fusion16_fusionL1_fusionBN0_drop0p2__wd1e-04trmiss33_degmodglobal,65,0.7222283189951115,0.3611111111111111,0.5590909090909091,0.5833333333333334,0.16666666666666666,1.0,0.30151134457776363,,,18473,global,0.33
4,3,lr1e-04_bs8_modL1_fusion16_fusionL1_fusionBN0_drop0p3__wd1e-04trmiss33_degmodglobal,8,0.0001,0.0001,1,16,1,False,0.3,lr1e-04_bs8_modL1_fusion16_fusionL1_fusionBN0_drop0p3__wd1e-04trmiss33_degmodglobal,5,0.7064276157737686,0.4444444444444444,0.5260942760942761,0.5,0.0,1.0,0.0,,,18473,global,0.33
4,3,lr1e-04_bs8_modL1_fusion32_fusionL1_fusionBN0_drop0p2__wd1e-04trmiss33_degmodglobal,8,0.0001,0.0001,1,32,1,False,0.2,lr1e-04_bs8_modL1_fusion32_fusionL1_fusionBN0_drop0p2__wd1e-04trmiss33_degmodglobal,12,0.7021435352862864,0.47222222222222227,0.4981481481481481,0.3333333333333333,0.0,0.6666666666666666,-0.4472135954999579,,,18473,global,0.33
4,3,lr1e-04_bs8_modL1_fusion32_fusionL1_fusionBN0_drop0p3__wd1e-04trmiss33_degmodglobal,8,0.0001,0.0001,1,32,1,False,0.3,lr1e-04_bs8_modL1_fusion32_fusionL1_fusionBN0_drop0p3__wd1e-04trmiss33_degmodglobal,7,0.6624111078492165,0.7777777777777779,0.775,0.6666666666666666,0.5,0.8333333333333334,0.3535533905932738,,,18473,global,0.33
4,3,lr5e-05_bs8_modL1_fusion16_fusionL1_fusionBN0_drop0p2__wd1e-04trmiss33_degmodglobal,8,5e-05,0.0001,1,16,1,False,0.2,lr5e-05_bs8_modL1_fusion16_fusionL1_fusionBN0_drop0p2__wd1e-04trmiss33_degmodglobal,55,0.7015537441141793,0.5,0.6092592592592593,0.5833333333333334,0.16666666666666666,1.0,0.30151134457776363,,,18473,global,0.33
4,3,lr5e-05_bs8_modL1_fusion16_fusionL1_fusionBN0_drop0p3__wd1e-04trmiss33_degmodglobal,8,5e-05,0.0001,1,16,1,False,0.3,lr5e-05_bs8_modL1_fusion16_fusionL1_fusionBN0_drop0p3__wd1e-04trmiss33_degmodglobal,8,0.6898447455597719,0.6388888888888888,0.6049603174603174,0.5,0.0,1.0,0.0,,,18473,global,0.33
4,3,lr5e-05_bs8_modL1_fusion32_fusionL1_fusionBN0_drop0p2__wd1e-04trmiss33_degmodglobal,8,5e-05,0.0001,1,32,1,False,0.2,lr5e-05_bs8_modL1_fusion32_fusionL1_fusionBN0_drop0p2__wd1e-04trmiss33_degmodglobal,13,0.6930463039620204,0.5,0.6649831649831649,0.5,1.0,0.0,0.0,,,18473,global,0.33
4,3,lr5e-05_bs8_modL1_fusion32_fusionL1_fusionBN0_drop0p3__wd1e-04trmiss33_degmodglobal,8,5e-05,0.0001,1,32,1,False,0.3,lr5e-05_bs8_modL1_fusion32_fusionL1_fusionBN0_drop0p3__wd1e-04trmiss33_degmodglobal,21,0.6884614633408902,0.5833333333333334,0.5660714285714286,0.5833333333333334,0.6666666666666666,0.5,0.1690308509457033,,,18473,global,0.33
4,3,lr1e-04_bs16_modL1_fusion16_fusionL1_fusionBN0_drop0p2__wd1e-04trmiss33_degmodglobal,16,0.0001,0.0001,1,16,1,False,0.2,lr1e-04_bs16_modL1_fusion16_fusionL1_fusionBN0_drop0p2__wd1e-04trmiss33_degmodglobal,6,0.69510961488815,0.638888888888889,0.6402777777777778,0.5,0.16666666666666666,0.8333333333333334,0.0,,,18473,global,0.33
4,3,lr1e-04_bs16_modL1_fusion16_fusionL1_fusionBN0_drop0p3__wd1e-04trmiss33_degmodglobal,16,0.0001,0.0001,1,16,1,False,0.3,lr1e-04_bs16_modL1_fusion16_fusionL1_fusionBN0_drop0p3__wd1e-04trmiss33_degmodglobal,5,0.7107464814259892,0.4166666666666667,0.5757575757575758,0.5,1.0,0.0,0.0,,,18473,global,0.33
4,3,lr1e-04_bs16_modL1_fusion32_fusionL1_fusionBN0_drop0p2__wd1e-04trmiss33_degmodglobal,16,0.0001,0.0001,1,32,1,False,0.2,lr1e-04_bs16_modL1_fusion32_fusionL1_fusionBN0_drop0p2__wd1e-04trmiss33_degmodglobal,16,0.701617308559658,0.4444444444444444,0.5277777777777778,0.5833333333333334,0.3333333333333333,0.8333333333333334,0.19245008972987526,,,18473,global,0.33
4,3,lr1e-04_bs16_modL1_fusion32_fusionL1_fusionBN0_drop0p3__wd1e-04trmiss33_degmodglobal,16,0.0001,0.0001,1,32,1,False,0.3,lr1e-04_bs16_modL1_fusion32_fusionL1_fusionBN0_drop0p3__wd1e-04trmiss33_degmodglobal,30,0.6911778085067545,0.5555555555555556,0.6646825396825397,0.5833333333333334,0.16666666666666666,1.0,0.30151134457776363,,,18473,global,0.33
4,3,lr5e-05_bs16_modL1_fusion16_fusionL1_fusionBN0_drop0p2__wd1e-04trmiss33_degmodglobal,16,5e-05,0.0001,1,16,1,False,0.2,lr5e-05_bs16_modL1_fusion16_fusionL1_fusionBN0_drop0p2__wd1e-04trmiss33_degmodglobal,5,0.7138469783074551,0.4444444444444444,0.6498316498316498,0.5,1.0,0.0,0.0,,,18473,global,0.33
4,3,lr5e-05_bs16_modL1_fusion16_fusionL1_fusionBN0_drop0p3__wd1e-04trmiss33_degmodglobal,16,5e-05,0.0001,1,16,1,False,0.3,lr5e-05_bs16_modL1_fusion16_fusionL1_fusionBN0_drop0p3__wd1e-04trmiss33_degmodglobal,6,0.7011504558101928,0.4166666666666667,0.48826358826358823,0.5,0.0,1.0,0.0,,,18473,global,0.33
4,3,lr5e-05_bs16_modL1_fusion32_fusionL1_fusionBN0_drop0p2__wd1e-04trmiss33_degmodglobal,16,5e-05,0.0001,1,32,1,False,0.2,lr5e-05_bs16_modL1_fusion32_fusionL1_fusionBN0_drop0p2__wd1e-04trmiss33_degmodglobal,26,0.6974348809021352,0.5000000000000001,0.5537037037037037,0.5,0.16666666666666666,0.8333333333333334,0.0,,,18473,global,0.33
4,3,lr5e-05_bs16_modL1_fusion32_fusionL1_fusionBN0_drop0p3__wd1e-04trmiss33_degmodglobal,16,5e-05,0.0001,1,32,1,False,0.3,lr5e-05_bs16_modL1_fusion32_fusionL1_fusionBN0_drop0p3__wd1e-04trmiss33_degmodglobal,8,0.6715517716216014,0.8055555555555556,0.8523809523809522,0.6666666666666666,0.6666666666666666,0.6666666666666666,0.3333333333333333,,,18473,global,0.33
4,4,lr1e-04_bs8_modL1_fusion16_fusionL1_fusionBN0_drop0p2__wd1e-04trmiss33_degmodglobal,8,0.0001,0.0001,1,16,1,False,0.2,lr1e-04_bs8_modL1_fusion16_fusionL1_fusionBN0_drop0p2__wd1e-04trmiss33_degmodglobal,17,1.2962827586548247,0.4722222222222222,0.4933862433862434,0.3333333333333333,0.16666666666666666,0.5,-0.3535533905932738,,,18473,global,0.33
4,4,lr1e-04_bs8_modL1_fusion16_fusionL1_fusionBN0_drop0p3__wd1e-04trmiss33_degmodglobal,8,0.0001,0.0001,1,16,1,False,0.3,lr1e-04_bs8_modL1_fusion16_fusionL1_fusionBN0_drop0p3__wd1e-04trmiss33_degmodglobal,11,1.260942324252346,0.38888888888888895,0.48068783068783066,0.4166666666666667,0.5,0.3333333333333333,-0.1690308509457033,,,18473,global,0.33
4,4,lr1e-04_bs8_modL1_fusion32_fusionL1_fusionBN0_drop0p2__wd1e-04trmiss33_degmodglobal,8,0.0001,0.0001,1,32,1,False,0.2,lr1e-04_bs8_modL1_fusion32_fusionL1_fusionBN0_drop0p2__wd1e-04trmiss33_degmodglobal,65,0.7035694004630928,0.5000000000000001,0.5537037037037037,0.5,0.5,0.5,0.0,,,18473,global,0.33
4,4,lr1e-04_bs8_modL1_fusion32_fusionL1_fusionBN0_drop0p3__wd1e-04trmiss33_degmodglobal,8,0.0001,0.0001,1,32,1,False,0.3,lr1e-04_bs8_modL1_fusion32_fusionL1_fusionBN0_drop0p3__wd1e-04trmiss33_degmodglobal,16,0.64147893782193,0.75,0.7746031746031745,0.5,0.0,1.0,0.0,,,18473,global,0.33
4,4,lr5e-05_bs8_modL1_fusion16_fusionL1_fusionBN0_drop0p2__wd1e-04trmiss33_degmodglobal,8,5e-05,0.0001,1,16,1,False,0.2,lr5e-05_bs8_modL1_fusion16_fusionL1_fusionBN0_drop0p2__wd1e-04trmiss33_degmodglobal,5,0.7269503467380063,0.4444444444444444,0.5833333333333334,0.5,0.16666666666666666,0.8333333333333334,0.0,,,18473,global,0.33
4,4,lr5e-05_bs8_modL1_fusion16_fusionL1_fusionBN0_drop0p3__wd1e-04trmiss33_degmodglobal,8,5e-05,0.0001,1,16,1,False,0.3,lr5e-05_bs8_modL1_fusion16_fusionL1_fusionBN0_drop0p3__wd1e-04trmiss33_degmodglobal,11,0.8805528425529866,0.3611111111111111,0.4598845598845599,0.4166666666666667,0.0,0.8333333333333334,-0.30151134457776363,,,18473,global,0.33
4,4,lr5e-05_bs8_modL1_fusion32_fusionL1_fusionBN0_drop0p2__wd1e-04trmiss33_degmodglobal,8,5e-05,0.0001,1,32,1,False,0.2,lr5e-05_bs8_modL1_fusion32_fusionL1_fusionBN0_drop0p2__wd1e-04trmiss33_degmodglobal,33,0.7354338858156441,0.5,0.6202020202020202,0.5,1.0,0.0,0.0,,,18473,global,0.33
4,4,lr5e-05_bs8_modL1_fusion32_fusionL1_fusionBN0_drop0p3__wd1e-04trmiss33_degmodglobal,8,5e-05,0.0001,1,32,1,False,0.3,lr5e-05_bs8_modL1_fusion32_fusionL1_fusionBN0_drop0p3__wd1e-04trmiss33_degmodglobal,10,0.6642355262334927,0.6388888888888888,0.5930555555555556,0.5833333333333334,0.5,0.6666666666666666,0.1690308509457033,,,18473,global,0.33
4,4,lr1e-04_bs16_modL1_fusion16_fusionL1_fusionBN0_drop0p2__wd1e-04trmiss33_degmodglobal,16,0.0001,0.0001,1,16,1,False,0.2,lr1e-04_bs16_modL1_fusion16_fusionL1_fusionBN0_drop0p2__wd1e-04trmiss33_degmodglobal,14,0.6673458337599073,0.6388888888888888,0.7160714285714285,0.5833333333333334,0.3333333333333333,0.8333333333333334,0.19245008972987526,,,18473,global,0.33
4,4,lr1e-04_bs16_modL1_fusion16_fusionL1_fusionBN0_drop0p3__wd1e-04trmiss33_degmodglobal,16,0.0001,0.0001,1,16,1,False,0.3,lr1e-04_bs16_modL1_fusion16_fusionL1_fusionBN0_drop0p3__wd1e-04trmiss33_degmodglobal,5,0.7010383150602976,0.5277777777777778,0.5292027417027417,0.5,1.0,0.0,0.0,,,18473,global,0.33
4,4,lr1e-04_bs16_modL1_fusion32_fusionL1_fusionBN0_drop0p2__wd1e-04trmiss33_degmodglobal,16,0.0001,0.0001,1,32,1,False,0.2,lr1e-04_bs16_modL1_fusion32_fusionL1_fusionBN0_drop0p2__wd1e-04trmiss33_degmodglobal,6,0.647144352833343,0.6111111111111112,0.6787037037037037,0.4166666666666667,0.5,0.3333333333333333,-0.1690308509457033,,,18473,global,0.33
4,4,lr1e-04_bs16_modL1_fusion32_fusionL1_fusionBN0_drop0p3__wd1e-04trmiss33_degmodglobal,16,0.0001,0.0001,1,32,1,False,0.3,lr1e-04_bs16_modL1_fusion32_fusionL1_fusionBN0_drop0p3__wd1e-04trmiss33_degmodglobal,8,0.7621559252562354,0.5555555555555556,0.5544973544973545,0.5833333333333334,1.0,0.16666666666666666,0.30151134457776363,,,18473,global,0.33
4,4,lr5e-05_bs16_modL1_fusion16_fusionL1_fusionBN0_drop0p2__wd1e-04trmiss33_degmodglobal,16,5e-05,0.0001,1,16,1,False,0.2,lr5e-05_bs16_modL1_fusion16_fusionL1_fusionBN0_drop0p2__wd1e-04trmiss33_degmodglobal,12,0.6544314585192526,0.5833333333333334,0.5953703703703704,0.4166666666666667,0.5,0.3333333333333333,-0.1690308509457033,,,18473,global,0.33
4,4,lr5e-05_bs16_modL1_fusion16_fusionL1_fusionBN0_drop0p3__wd1e-04trmiss33_degmodglobal,16,5e-05,0.0001,1,16,1,False,0.3,lr5e-05_bs16_modL1_fusion16_fusionL1_fusionBN0_drop0p3__wd1e-04trmiss33_degmodglobal,16,0.6617458051414694,0.7777777777777778,0.8374999999999999,0.5833333333333334,1.0,0.16666666666666666,0.30151134457776363,,,18473,global,0.33
4,4,lr5e-05_bs16_modL1_fusion32_fusionL1_fusionBN0_drop0p2__wd1e-04trmiss33_degmodglobal,16,5e-05,0.0001,1,32,1,False,0.2,lr5e-05_bs16_modL1_fusion32_fusionL1_fusionBN0_drop0p2__wd1e-04trmiss33_degmodglobal,14,0.7686260225104586,0.6111111111111113,0.607936507936508,0.5833333333333334,0.5,0.6666666666666666,0.1690308509457033,,,18473,global,0.33
4,4,lr5e-05_bs16_modL1_fusion32_fusionL1_fusionBN0_drop0p3__wd1e-04trmiss33_degmodglobal,16,5e-05,0.0001,1,32,1,False,0.3,lr5e-05_bs16_modL1_fusion32_fusionL1_fusionBN0_drop0p3__wd1e-04trmiss33_degmodglobal,10,0.7974090720336454,0.36111111111111116,0.4629629629629629,0.5,1.0,0.0,0.0,,,18473,global,0.33
4,5,lr1e-04_bs8_modL1_fusion16_fusionL1_fusionBN0_drop0p2__wd1e-04trmiss33_degmodglobal,8,0.0001,0.0001,1,16,1,False,0.2,lr1e-04_bs8_modL1_fusion16_fusionL1_fusionBN0_drop0p2__wd1e-04trmiss33_degmodglobal,15,0.6877167703861717,0.5833333333333333,0.6631313131313131,0.4166666666666667,0.6666666666666666,0.16666666666666666,-0.19245008972987526,,,18473,global,0.33
4,5,lr1e-04_bs8_modL1_fusion16_fusionL1_fusionBN0_drop0p3__wd1e-04trmiss33_degmodglobal,8,0.0001,0.0001,1,16,1,False,0.3,lr1e-04_bs8_modL1_fusion16_fusionL1_fusionBN0_drop0p3__wd1e-04trmiss33_degmodglobal,6,0.678848449262587,0.7222222222222223,0.7051587301587301,0.5833333333333334,0.16666666666666666,1.0,0.30151134457776363,,,18473,global,0.33
4,5,lr1e-04_bs8_modL1_fusion32_fusionL1_fusionBN0_drop0p2__wd1e-04trmiss33_degmodglobal,8,0.0001,0.0001,1,32,1,False,0.2,lr1e-04_bs8_modL1_fusion32_fusionL1_fusionBN0_drop0p2__wd1e-04trmiss33_degmodglobal,10,0.7058673704311614,0.3888888888888889,0.4705387205387205,0.5,0.3333333333333333,0.6666666666666666,0.0,,,18473,global,0.33
4,5,lr1e-04_bs8_modL1_fusion32_fusionL1_fusionBN0_drop0p3__wd1e-04trmiss33_degmodglobal,8,0.0001,0.0001,1,32,1,False,0.3,lr1e-04_bs8_modL1_fusion32_fusionL1_fusionBN0_drop0p3__wd1e-04trmiss33_degmodglobal,5,0.6772656201437192,0.6944444444444444,0.762037037037037,0.5833333333333334,0.6666666666666666,0.5,0.1690308509457033,,,18473,global,0.33
4,5,lr5e-05_bs8_modL1_fusion16_fusionL1_fusionBN0_drop0p2__wd1e-04trmiss33_degmodglobal,8,5e-05,0.0001,1,16,1,False,0.2,lr5e-05_bs8_modL1_fusion16_fusionL1_fusionBN0_drop0p2__wd1e-04trmiss33_degmodglobal,5,0.699978669118325,0.5555555555555556,0.5652777777777778,0.5,1.0,0.0,0.0,,,18473,global,0.33
4,5,lr5e-05_bs8_modL1_fusion16_fusionL1_fusionBN0_drop0p3__wd1e-04trmiss33_degmodglobal,8,5e-05,0.0001,1,16,1,False,0.3,lr5e-05_bs8_modL1_fusion16_fusionL1_fusionBN0_drop0p3__wd1e-04trmiss33_degmodglobal,5,0.6882316272031795,0.7222222222222222,0.6680555555555555,0.5833333333333334,0.3333333333333333,0.8333333333333334,0.19245008972987526,,,18473,global,0.33
4,5,lr5e-05_bs8_modL1_fusion32_fusionL1_fusionBN0_drop0p2__wd1e-04trmiss33_degmodglobal,8,5e-05,0.0001,1,32,1,False,0.2,lr5e-05_bs8_modL1_fusion32_fusionL1_fusionBN0_drop0p2__wd1e-04trmiss33_degmodglobal,6,0.701530078928173,0.41666666666666663,0.5141895141895142,0.4166666666666667,0.0,0.8333333333333334,-0.30151134457776363,,,18473,global,0.33
4,5,lr5e-05_bs8_modL1_fusion32_fusionL1_fusionBN0_drop0p3__wd1e-04trmiss33_degmodglobal,8,5e-05,0.0001,1,32,1,False,0.3,lr5e-05_bs8_modL1_fusion32_fusionL1_fusionBN0_drop0p3__wd1e-04trmiss33_degmodglobal,21,0.6868343792187988,0.7500000000000001,0.6746031746031745,0.5833333333333334,0.5,0.6666666666666666,0.1690308509457033,,,18473,global,0.33
4,5,lr1e-04_bs16_modL1_fusion16_fusionL1_fusionBN0_drop0p2__wd1e-04trmiss33_degmodglobal,16,0.0001,0.0001,1,16,1,False,0.2,lr1e-04_bs16_modL1_fusion16_fusionL1_fusionBN0_drop0p2__wd1e-04trmiss33_degmodglobal,5,0.6962860809351156,0.4444444444444445,0.4814814814814815,0.3333333333333333,0.16666666666666666,0.5,-0.3535533905932738,,,18473,global,0.33
4,5,lr1e-04_bs16_modL1_fusion16_fusionL1_fusionBN0_drop0p3__wd1e-04trmiss33_degmodglobal,16,0.0001,0.0001,1,16,1,False,0.3,lr1e-04_bs16_modL1_fusion16_fusionL1_fusionBN0_drop0p3__wd1e-04trmiss33_degmodglobal,12,0.6763858219375395,0.75,0.8152777777777778,0.5,0.0,1.0,0.0,,,18473,global,0.33
4,5,lr1e-04_bs16_modL1_fusion32_fusionL1_fusionBN0_drop0p2__wd1e-04trmiss33_degmodglobal,16,0.0001,0.0001,1,32,1,False,0.2,lr1e-04_bs16_modL1_fusion32_fusionL1_fusionBN0_drop0p2__wd1e-04trmiss33_degmodglobal,6,0.732521830279703,0.2222222222222222,0.4039983164983165,0.5,1.0,0.0,0.0,,,18473,global,0.33
4,5,lr1e-04_bs16_modL1_fusion32_fusionL1_fusionBN0_drop0p3__wd1e-04trmiss33_degmodglobal,16,0.0001,0.0001,1,32,1,False,0.3,lr1e-04_bs16_modL1_fusion32_fusionL1_fusionBN0_drop0p3__wd1e-04trmiss33_degmodglobal,7,0.7082236220164351,0.36111111111111116,0.47883597883597884,0.4166666666666667,0.3333333333333333,0.5,-0.1690308509457033,,,18473,global,0.33
4,5,lr5e-05_bs16_modL1_fusion16_fusionL1_fusionBN0_drop0p2__wd1e-04trmiss33_degmodglobal,16,5e-05,0.0001,1,16,1,False,0.2,lr5e-05_bs16_modL1_fusion16_fusionL1_fusionBN0_drop0p2__wd1e-04trmiss33_degmodglobal,9,0.7330160339612298,0.3333333333333333,0.43733766233766236,0.5833333333333334,1.0,0.16666666666666666,0.30151134457776363,,,18473,global,0.33
4,5,lr5e-05_bs16_modL1_fusion16_fusionL1_fusionBN0_drop0p3__wd1e-04trmiss33_degmodglobal,16,5e-05,0.0001,1,16,1,False,0.3,lr5e-05_bs16_modL1_fusion16_fusionL1_fusionBN0_drop0p3__wd1e-04trmiss33_degmodglobal,7,0.711324257836972,0.4444444444444444,0.5166666666666666,0.5,1.0,0.0,0.0,,,18473,global,0.33
4,5,lr5e-05_bs16_modL1_fusion32_fusionL1_fusionBN0_drop0p2__wd1e-04trmiss33_degmodglobal,16,5e-05,0.0001,1,32,1,False,0.2,lr5e-05_bs16_modL1_fusion32_fusionL1_fusionBN0_drop0p2__wd1e-04trmiss33_degmodglobal,5,0.6822265697463306,0.5,0.5049603174603174,0.3333333333333333,0.0,0.6666666666666666,-0.4472135954999579,,,18473,global,0.33
4,5,lr5e-05_bs16_modL1_fusion32_fusionL1_fusionBN0_drop0p3__wd1e-04trmiss33_degmodglobal,16,5e-05,0.0001,1,32,1,False,0.3,lr5e-05_bs16_modL1_fusion32_fusionL1_fusionBN0_drop0p3__wd1e-04trmiss33_degmodglobal,12,0.6847533786653849,0.6388888888888888,0.7103535353535353,0.6666666666666666,0.6666666666666666,0.6666666666666666,0.3333333333333333,,,18473,global,0.33
5,1,lr1e-04_bs8_modL1_fusion16_fusionL1_fusionBN0_drop0p2__wd1e-04trmiss33_degmodglobal,8,0.0001,0.0001,1,16,1,False,0.2,lr1e-04_bs8_modL1_fusion16_fusionL1_fusionBN0_drop0p2__wd1e-04trmiss33_degmodglobal,5,0.7089150635265624,0.40476190476190477,0.47970085470085466,0.5384615384615384,0.5,0.5714285714285714,0.07142857142857142,,,18473,global,0.33
5,1,lr1e-04_bs8_modL1_fusion16_fusionL1_fusionBN0_drop0p3__wd1e-04trmiss33_degmodglobal,8,0.0001,0.0001,1,16,1,False,0.3,lr1e-04_bs8_modL1_fusion16_fusionL1_fusionBN0_drop0p3__wd1e-04trmiss33_degmodglobal,13,0.7547818753437908,0.2380952380952381,0.3756243756243757,0.46153846153846156,1.0,0.0,0.0,,,18473,global,0.33
5,1,lr1e-04_bs8_modL1_fusion32_fusionL1_fusionBN0_drop0p2__wd1e-04trmiss33_degmodglobal,8,0.0001,0.0001,1,32,1,False,0.2,lr1e-04_bs8_modL1_fusion32_fusionL1_fusionBN0_drop0p2__wd1e-04trmiss33_degmodglobal,15,0.7211384935395306,0.4523809523809524,0.4816849816849817,0.38461538461538464,0.8333333333333334,0.0,-0.31180478223116176,,,18473,global,0.33
5,1,lr1e-04_bs8_modL1_fusion32_fusionL1_fusionBN0_drop0p3__wd1e-04trmiss33_degmodglobal,8,0.0001,0.0001,1,32,1,False,0.3,lr1e-04_bs8_modL1_fusion32_fusionL1_fusionBN0_drop0p3__wd1e-04trmiss33_degmodglobal,5,0.7247343942396944,0.38095238095238093,0.5403069153069153,0.46153846153846156,1.0,0.0,0.0,,,18473,global,0.33
5,1,lr5e-05_bs8_modL1_fusion16_fusionL1_fusionBN0_drop0p2__wd1e-04trmiss33_degmodglobal,8,5e-05,0.0001,1,16,1,False,0.2,lr5e-05_bs8_modL1_fusion16_fusionL1_fusionBN0_drop0p2__wd1e-04trmiss33_degmodglobal,11,0.7226851179030281,0.33333333333333337,0.43075905575905576,0.3076923076923077,0.6666666666666666,0.0,-0.4605661864718383,,,18473,global,0.33
5,1,lr5e-05_bs8_modL1_fusion16_fusionL1_fusionBN0_drop0p3__wd1e-04trmiss33_degmodglobal,8,5e-05,0.0001,1,16,1,False,0.3,lr5e-05_bs8_modL1_fusion16_fusionL1_fusionBN0_drop0p3__wd1e-04trmiss33_degmodglobal,5,0.729342507905444,0.5714285714285714,0.5694444444444444,0.46153846153846156,1.0,0.0,0.0,,,18473,global,0.33
5,1,lr5e-05_bs8_modL1_fusion32_fusionL1_fusionBN0_drop0p2__wd1e-04trmiss33_degmodglobal,8,5e-05,0.0001,1,32,1,False,0.2,lr5e-05_bs8_modL1_fusion32_fusionL1_fusionBN0_drop0p2__wd1e-04trmiss33_degmodglobal,5,0.7019389668639526,0.5,0.5043290043290043,0.5384615384615384,0.6666666666666666,0.42857142857142855,0.09759000729485333,,,18473,global,0.33
5,1,lr5e-05_bs8_modL1_fusion32_fusionL1_fusionBN0_drop0p3__wd1e-04trmiss33_degmodglobal,8,5e-05,0.0001,1,32,1,False,0.3,lr5e-05_bs8_modL1_fusion32_fusionL1_fusionBN0_drop0p3__wd1e-04trmiss33_degmodglobal,16,0.7001508971381873,0.45238095238095244,0.486013986013986,0.5384615384615384,0.5,0.5714285714285714,0.07142857142857142,,,18473,global,0.33
5,1,lr1e-04_bs16_modL1_fusion16_fusionL1_fusionBN0_drop0p2__wd1e-04trmiss33_degmodglobal,16,0.0001,0.0001,1,16,1,False,0.2,lr1e-04_bs16_modL1_fusion16_fusionL1_fusionBN0_drop0p2__wd1e-04trmiss33_degmodglobal,14,0.6986098217705895,0.5,0.6424242424242423,0.5384615384615384,0.0,1.0,0.0,,,18473,global,0.33
5,1,lr1e-04_bs16_modL1_fusion16_fusionL1_fusionBN0_drop0p3__wd1e-04trmiss33_degmodglobal,16,0.0001,0.0001,1,16,1,False,0.3,lr1e-04_bs16_modL1_fusion16_fusionL1_fusionBN0_drop0p3__wd1e-04trmiss33_degmodglobal,7,0.6952800089155496,0.5,0.5074074074074074,0.6153846153846154,0.5,0.7142857142857143,0.21957751641341997,,,18473,global,0.33
5,1,lr1e-04_bs16_modL1_fusion32_fusionL1_fusionBN0_drop0p2__wd1e-04trmiss33_degmodglobal,16,0.0001,0.0001,1,32,1,False,0.2,lr1e-04_bs16_modL1_fusion32_fusionL1_fusionBN0_drop0p2__wd1e-04trmiss33_degmodglobal,5,0.7097636698146087,0.1666666666666667,0.3499028749028749,0.46153846153846156,0.0,0.8571428571428571,-0.2672612419124244,,,18473,global,0.33
5,1,lr1e-04_bs16_modL1_fusion32_fusionL1_fusionBN0_drop0p3__wd1e-04trmiss33_degmodglobal,16,0.0001,0.0001,1,32,1,False,0.3,lr1e-04_bs16_modL1_fusion32_fusionL1_fusionBN0_drop0p3__wd1e-04trmiss33_degmodglobal,5,0.7137857245692488,0.33333333333333337,0.40651663151663153,0.38461538461538464,0.8333333333333334,0.0,-0.31180478223116176,,,18473,global,0.33
5,1,lr5e-05_bs16_modL1_fusion16_fusionL1_fusionBN0_drop0p2__wd1e-04trmiss33_degmodglobal,16,5e-05,0.0001,1,16,1,False,0.2,lr5e-05_bs16_modL1_fusion16_fusionL1_fusionBN0_drop0p2__wd1e-04trmiss33_degmodglobal,5,0.7090509934307433,0.2142857142857143,0.36442307692307696,0.5384615384615384,0.0,1.0,0.0,,,18473,global,0.33
5,1,lr5e-05_bs16_modL1_fusion16_fusionL1_fusionBN0_drop0p3__wd1e-04trmiss33_degmodglobal,16,5e-05,0.0001,1,16,1,False,0.3,lr5e-05_bs16_modL1_fusion16_fusionL1_fusionBN0_drop0p3__wd1e-04trmiss33_degmodglobal,22,0.7225228830176257,0.380952380952381,0.45268065268065266,0.38461538461538464,0.5,0.2857142857142857,-0.21957751641341997,,,18473,global,0.33
5,1,lr5e-05_bs16_modL1_fusion32_fusionL1_fusionBN0_drop0p2__wd1e-04trmiss33_degmodglobal,16,5e-05,0.0001,1,32,1,False,0.2,lr5e-05_bs16_modL1_fusion32_fusionL1_fusionBN0_drop0p2__wd1e-04trmiss33_degmodglobal,5,0.7022639691123473,0.5714285714285714,0.5429945054945055,0.46153846153846156,1.0,0.0,0.0,,,18473,global,0.33
5,1,lr5e-05_bs16_modL1_fusion32_fusionL1_fusionBN0_drop0p3__wd1e-04trmiss33_degmodglobal,16,5e-05,0.0001,1,32,1,False,0.3,lr5e-05_bs16_modL1_fusion32_fusionL1_fusionBN0_drop0p3__wd1e-04trmiss33_degmodglobal,5,0.7061498013302081,0.3571428571428572,0.4174242424242424,0.38461538461538464,0.5,0.2857142857142857,-0.21957751641341997,,,18473,global,0.33
5,2,lr1e-04_bs8_modL1_fusion16_fusionL1_fusionBN0_drop0p2__wd1e-04trmiss33_degmodglobal,8,0.0001,0.0001,1,16,1,False,0.2,lr1e-04_bs8_modL1_fusion16_fusionL1_fusionBN0_drop0p2__wd1e-04trmiss33_degmodglobal,7,0.6712941147848944,0.5833333333333334,0.6925925925925925,0.5,0.0,1.0,0.0,,,18473,global,0.33
5,2,lr1e-04_bs8_modL1_fusion16_fusionL1_fusionBN0_drop0p3__wd1e-04trmiss33_degmodglobal,8,0.0001,0.0001,1,16,1,False,0.3,lr1e-04_bs8_modL1_fusion16_fusionL1_fusionBN0_drop0p3__wd1e-04trmiss33_degmodglobal,5,0.6577597291317364,0.5,0.5677609427609428,0.5833333333333334,0.5,0.6666666666666666,0.1690308509457033,,,18473,global,0.33
5,2,lr1e-04_bs8_modL1_fusion32_fusionL1_fusionBN0_drop0p2__wd1e-04trmiss33_degmodglobal,8,0.0001,0.0001,1,32,1,False,0.2,lr1e-04_bs8_modL1_fusion32_fusionL1_fusionBN0_drop0p2__wd1e-04trmiss33_degmodglobal,14,0.6743574536863846,0.41666666666666663,0.49831649831649827,0.5,0.3333333333333333,0.6666666666666666,0.0,,,18473,global,0.33
5,2,lr1e-04_bs8_modL1_fusion32_fusionL1_fusionBN0_drop0p3__wd1e-04trmiss33_degmodglobal,8,0.0001,0.0001,1,32,1,False,0.3,lr1e-04_bs8_modL1_fusion32_fusionL1_fusionBN0_drop0p3__wd1e-04trmiss33_degmodglobal,17,0.6471754687884589,0.5277777777777778,0.6742424242424242,0.4166666666666667,0.6666666666666666,0.16666666666666666,-0.19245008972987526,,,18473,global,0.33
5,2,lr5e-05_bs8_modL1_fusion16_fusionL1_fusionBN0_drop0p2__wd1e-04trmiss33_degmodglobal,8,5e-05,0.0001,1,16,1,False,0.2,lr5e-05_bs8_modL1_fusion16_fusionL1_fusionBN0_drop0p2__wd1e-04trmiss33_degmodglobal,42,0.667607416063511,0.4444444444444444,0.5234487734487735,0.5,0.3333333333333333,0.6666666666666666,0.0,,,18473,global,0.33
5,2,lr5e-05_bs8_modL1_fusion16_fusionL1_fusionBN0_drop0p3__wd1e-04trmiss33_degmodglobal,8,5e-05,0.0001,1,16,1,False,0.3,lr5e-05_bs8_modL1_fusion16_fusionL1_fusionBN0_drop0p3__wd1e-04trmiss33_degmodglobal,33,0.7198727549585514,0.4444444444444444,0.48429533429533433,0.4166666666666667,0.3333333333333333,0.5,-0.1690308509457033,,,18473,global,0.33
5,2,lr5e-05_bs8_modL1_fusion32_fusionL1_fusionBN0_drop0p2__wd1e-04trmiss33_degmodglobal,8,5e-05,0.0001,1,32,1,False,0.2,lr5e-05_bs8_modL1_fusion32_fusionL1_fusionBN0_drop0p2__wd1e-04trmiss33_degmodglobal,11,0.6494226943147515,0.7500000000000001,0.7659090909090909,0.75,0.8333333333333334,0.6666666666666666,0.50709255283711,,,18473,global,0.33
5,2,lr5e-05_bs8_modL1_fusion32_fusionL1_fusionBN0_drop0p3__wd1e-04trmiss33_degmodglobal,8,5e-05,0.0001,1,32,1,False,0.3,lr5e-05_bs8_modL1_fusion32_fusionL1_fusionBN0_drop0p3__wd1e-04trmiss33_degmodglobal,5,0.6646929311273951,0.5,0.5472582972582972,0.4166666666666667,0.3333333333333333,0.5,-0.1690308509457033,,,18473,global,0.33
5,2,lr1e-04_bs16_modL1_fusion16_fusionL1_fusionBN0_drop0p2__wd1e-04trmiss33_degmodglobal,16,0.0001,0.0001,1,16,1,False,0.2,lr1e-04_bs16_modL1_fusion16_fusionL1_fusionBN0_drop0p2__wd1e-04trmiss33_degmodglobal,6,0.6797339980534945,0.4444444444444444,0.5028138528138528,0.3333333333333333,0.16666666666666666,0.5,-0.3535533905932738,,,18473,global,0.33
5,2,lr1e-04_bs16_modL1_fusion16_fusionL1_fusionBN0_drop0p3__wd1e-04trmiss33_degmodglobal,16,0.0001,0.0001,1,16,1,False,0.3,lr1e-04_bs16_modL1_fusion16_fusionL1_fusionBN0_drop0p3__wd1e-04trmiss33_degmodglobal,5,0.6825624918281594,0.5555555555555556,0.5544973544973545,0.4166666666666667,0.0,0.8333333333333334,-0.30151134457776363,,,18473,global,0.33
5,2,lr1e-04_bs16_modL1_fusion32_fusionL1_fusionBN0_drop0p2__wd1e-04trmiss33_degmodglobal,16,0.0001,0.0001,1,32,1,False,0.2,lr1e-04_bs16_modL1_fusion32_fusionL1_fusionBN0_drop0p2__wd1e-04trmiss33_degmodglobal,5,0.7366831516254527,0.5833333333333334,0.5541666666666666,0.5833333333333334,1.0,0.16666666666666666,0.30151134457776363,,,18473,global,0.33
5,2,lr1e-04_bs16_modL1_fusion32_fusionL1_fusionBN0_drop0p3__wd1e-04trmiss33_degmodglobal,16,0.0001,0.0001,1,32,1,False,0.3,lr1e-04_bs16_modL1_fusion32_fusionL1_fusionBN0_drop0p3__wd1e-04trmiss33_degmodglobal,11,0.6717899418761867,0.638888888888889,0.6097222222222222,0.5,0.16666666666666666,0.8333333333333334,0.0,,,18473,global,0.33
5,2,lr5e-05_bs16_modL1_fusion16_fusionL1_fusionBN0_drop0p2__wd1e-04trmiss33_degmodglobal,16,5e-05,0.0001,1,16,1,False,0.2,lr5e-05_bs16_modL1_fusion16_fusionL1_fusionBN0_drop0p2__wd1e-04trmiss33_degmodglobal,7,0.7126453772322238,0.47222222222222227,0.514021164021164,0.6666666666666666,1.0,0.3333333333333333,0.4472135954999579,,,18473,global,0.33
5,2,lr5e-05_bs16_modL1_fusion16_fusionL1_fusionBN0_drop0p3__wd1e-04trmiss33_degmodglobal,16,5e-05,0.0001,1,16,1,False,0.3,lr5e-05_bs16_modL1_fusion16_fusionL1_fusionBN0_drop0p3__wd1e-04trmiss33_degmodglobal,6,0.6933448936242291,0.4444444444444445,0.48624338624338626,0.5,0.0,1.0,0.0,,,18473,global,0.33
5,2,lr5e-05_bs16_modL1_fusion32_fusionL1_fusionBN0_drop0p2__wd1e-04trmiss33_degmodglobal,16,5e-05,0.0001,1,32,1,False,0.2,lr5e-05_bs16_modL1_fusion32_fusionL1_fusionBN0_drop0p2__wd1e-04trmiss33_degmodglobal,26,0.8596154227302705,0.30555555555555564,0.42791005291005296,0.3333333333333333,0.16666666666666666,0.5,-0.3535533905932738,,,18473,global,0.33
5,2,lr5e-05_bs16_modL1_fusion32_fusionL1_fusionBN0_drop0p3__wd1e-04trmiss33_degmodglobal,16,5e-05,0.0001,1,32,1,False,0.3,lr5e-05_bs16_modL1_fusion32_fusionL1_fusionBN0_drop0p3__wd1e-04trmiss33_degmodglobal,7,0.8557438921367707,0.5555555555555556,0.5972222222222222,0.5833333333333334,0.6666666666666666,0.5,0.1690308509457033,,,18473,global,0.33
5,3,lr1e-04_bs8_modL1_fusion16_fusionL1_fusionBN0_drop0p2__wd1e-04trmiss33_degmodglobal,8,0.0001,0.0001,1,16,1,False,0.2,lr1e-04_bs8_modL1_fusion16_fusionL1_fusionBN0_drop0p2__wd1e-04trmiss33_degmodglobal,14,0.7056321625280356,0.47222222222222227,0.4981481481481481,0.5,0.0,1.0,0.0,,,18473,global,0.33
5,3,lr1e-04_bs8_modL1_fusion16_fusionL1_fusionBN0_drop0p3__wd1e-04trmiss33_degmodglobal,8,0.0001,0.0001,1,16,1,False,0.3,lr1e-04_bs8_modL1_fusion16_fusionL1_fusionBN0_drop0p3__wd1e-04trmiss33_degmodglobal,5,0.7133930997621961,0.22222222222222224,0.40105820105820106,0.5,0.8333333333333334,0.16666666666666666,0.0,,,18473,global,0.33
5,3,lr1e-04_bs8_modL1_fusion32_fusionL1_fusionBN0_drop0p2__wd1e-04trmiss33_degmodglobal,8,0.0001,0.0001,1,32,1,False,0.2,lr1e-04_bs8_modL1_fusion32_fusionL1_fusionBN0_drop0p2__wd1e-04trmiss33_degmodglobal,37,0.7357273840024013,0.3055555555555556,0.42622655122655123,0.4166666666666667,0.0,0.8333333333333334,-0.30151134457776363,,,18473,global,0.33
5,3,lr1e-04_bs8_modL1_fusion32_fusionL1_fusionBN0_drop0p3__wd1e-04trmiss33_degmodglobal,8,0.0001,0.0001,1,32,1,False,0.3,lr1e-04_bs8_modL1_fusion32_fusionL1_fusionBN0_drop0p3__wd1e-04trmiss33_degmodglobal,16,0.7075384431850947,0.4722222222222222,0.5009620009620009,0.5,0.6666666666666666,0.3333333333333333,0.0,,,18473,global,0.33
5,3,lr5e-05_bs8_modL1_fusion16_fusionL1_fusionBN0_drop0p2__wd1e-04trmiss33_degmodglobal,8,5e-05,0.0001,1,16,1,False,0.2,lr5e-05_bs8_modL1_fusion16_fusionL1_fusionBN0_drop0p2__wd1e-04trmiss33_degmodglobal,5,0.6866134377446351,0.5555555555555556,0.6160714285714286,0.4166666666666667,0.3333333333333333,0.5,-0.1690308509457033,,,18473,global,0.33
5,3,lr5e-05_bs8_modL1_fusion16_fusionL1_fusionBN0_drop0p3__wd1e-04trmiss33_degmodglobal,8,5e-05,0.0001,1,16,1,False,0.3,lr5e-05_bs8_modL1_fusion16_fusionL1_fusionBN0_drop0p3__wd1e-04trmiss33_degmodglobal,5,0.6583149480228755,0.7777777777777779,0.7662698412698411,0.5,0.0,1.0,0.0,,,18473,global,0.33
5,3,lr5e-05_bs8_modL1_fusion32_fusionL1_fusionBN0_drop0p2__wd1e-04trmiss33_degmodglobal,8,5e-05,0.0001,1,32,1,False,0.2,lr5e-05_bs8_modL1_fusion32_fusionL1_fusionBN0_drop0p2__wd1e-04trmiss33_degmodglobal,10,0.7274877621727249,0.36111111111111116,0.450925925925926,0.5,0.6666666666666666,0.3333333333333333,0.0,,,18473,global,0.33
5,3,lr5e-05_bs8_modL1_fusion32_fusionL1_fusionBN0_drop0p3__wd1e-04trmiss33_degmodglobal,8,5e-05,0.0001,1,32,1,False,0.3,lr5e-05_bs8_modL1_fusion32_fusionL1_fusionBN0_drop0p3__wd1e-04trmiss33_degmodglobal,7,0.7009028461341221,0.33333333333333337,0.4462962962962963,0.4166666666666667,0.8333333333333334,0.0,-0.30151134457776363,,,18473,global,0.33
5,3,lr1e-04_bs16_modL1_fusion16_fusionL1_fusionBN0_drop0p2__wd1e-04trmiss33_degmodglobal,16,0.0001,0.0001,1,16,1,False,0.2,lr1e-04_bs16_modL1_fusion16_fusionL1_fusionBN0_drop0p2__wd1e-04trmiss33_degmodglobal,6,0.6776948938565384,0.6666666666666667,0.6208333333333332,0.75,1.0,0.5,0.5773502691896257,,,18473,global,0.33
5,3,lr1e-04_bs16_modL1_fusion16_fusionL1_fusionBN0_drop0p3__wd1e-04trmiss33_degmodglobal,16,0.0001,0.0001,1,16,1,False,0.3,lr1e-04_bs16_modL1_fusion16_fusionL1_fusionBN0_drop0p3__wd1e-04trmiss33_degmodglobal,5,0.6777996292971379,0.6944444444444444,0.7544011544011544,0.6666666666666666,0.6666666666666666,0.6666666666666666,0.3333333333333333,,,18473,global,0.33
5,3,lr1e-04_bs16_modL1_fusion32_fusionL1_fusionBN0_drop0p2__wd1e-04trmiss33_degmodglobal,16,0.0001,0.0001,1,32,1,False,0.2,lr1e-04_bs16_modL1_fusion32_fusionL1_fusionBN0_drop0p2__wd1e-04trmiss33_degmodglobal,5,0.7211333563395611,0.16666666666666666,0.385479797979798,0.4166666666666667,0.8333333333333334,0.0,-0.30151134457776363,,,18473,global,0.33
5,3,lr1e-04_bs16_modL1_fusion32_fusionL1_fusionBN0_drop0p3__wd1e-04trmiss33_degmodglobal,16,0.0001,0.0001,1,32,1,False,0.3,lr1e-04_bs16_modL1_fusion32_fusionL1_fusionBN0_drop0p3__wd1e-04trmiss33_degmodglobal,5,0.7195135819272683,0.2777777777777778,0.517526455026455,0.3333333333333333,0.16666666666666666,0.5,-0.3535533905932738,,,18473,global,0.33
5,3,lr5e-05_bs16_modL1_fusion16_fusionL1_fusionBN0_drop0p2__wd1e-04trmiss33_degmodglobal,16,5e-05,0.0001,1,16,1,False,0.2,lr5e-05_bs16_modL1_fusion16_fusionL1_fusionBN0_drop0p2__wd1e-04trmiss33_degmodglobal,78,0.7760866309183542,0.08333333333333333,0.36464646464646466,0.16666666666666666,0.16666666666666666,0.16666666666666666,-0.6666666666666666,,,18473,global,0.33
5,3,lr5e-05_bs16_modL1_fusion16_fusionL1_fusionBN0_drop0p3__wd1e-04trmiss33_degmodglobal,16,5e-05,0.0001,1,16,1,False,0.3,lr5e-05_bs16_modL1_fusion16_fusionL1_fusionBN0_drop0p3__wd1e-04trmiss33_degmodglobal,5,0.6905762932249465,0.6666666666666667,0.6801587301587302,0.5,0.0,1.0,0.0,,,18473,global,0.33
5,3,lr5e-05_bs16_modL1_fusion32_fusionL1_fusionBN0_drop0p2__wd1e-04trmiss33_degmodglobal,16,5e-05,0.0001,1,32,1,False,0.2,lr5e-05_bs16_modL1_fusion32_fusionL1_fusionBN0_drop0p2__wd1e-04trmiss33_degmodglobal,7,0.6964359666764567,0.5,0.5236471861471862,0.4166666666666667,0.16666666666666666,0.6666666666666666,-0.19245008972987526,,,18473,global,0.33
5,3,lr5e-05_bs16_modL1_fusion32_fusionL1_fusionBN0_drop0p3__wd1e-04trmiss33_degmodglobal,16,5e-05,0.0001,1,32,1,False,0.3,lr5e-05_bs16_modL1_fusion32_fusionL1_fusionBN0_drop0p3__wd1e-04trmiss33_degmodglobal,5,0.7057966903075189,0.638888888888889,0.5968253968253969,0.5,0.0,1.0,0.0,,,18473,global,0.33
5,4,lr1e-04_bs8_modL1_fusion16_fusionL1_fusionBN0_drop0p2__wd1e-04trmiss33_degmodglobal,8,0.0001,0.0001,1,16,1,False,0.2,lr1e-04_bs8_modL1_fusion16_fusionL1_fusionBN0_drop0p2__wd1e-04trmiss33_degmodglobal,5,0.7060574012946162,0.47222222222222227,0.4958694083694084,0.5833333333333334,1.0,0.16666666666666666,0.30151134457776363,,,18473,global,0.33
5,4,lr1e-04_bs8_modL1_fusion16_fusionL1_fusionBN0_drop0p3__wd1e-04trmiss33_degmodglobal,8,0.0001,0.0001,1,16,1,False,0.3,lr1e-04_bs8_modL1_fusion16_fusionL1_fusionBN0_drop0p3__wd1e-04trmiss33_degmodglobal,5,0.7347130389494376,0.638888888888889,0.6097222222222222,0.5,1.0,0.0,0.0,,,18473,global,0.33
5,4,lr1e-04_bs8_modL1_fusion32_fusionL1_fusionBN0_drop0p2__wd1e-04trmiss33_degmodglobal,8,0.0001,0.0001,1,32,1,False,0.2,lr1e-04_bs8_modL1_fusion32_fusionL1_fusionBN0_drop0p2__wd1e-04trmiss33_degmodglobal,15,0.705091992562665,0.4444444444444445,0.4973544973544974,0.3333333333333333,0.3333333333333333,0.3333333333333333,-0.3333333333333333,,,18473,global,0.33
5,4,lr1e-04_bs8_modL1_fusion32_fusionL1_fusionBN0_drop0p3__wd1e-04trmiss33_degmodglobal,8,0.0001,0.0001,1,32,1,False,0.3,lr1e-04_bs8_modL1_fusion32_fusionL1_fusionBN0_drop0p3__wd1e-04trmiss33_degmodglobal,30,0.6999092976912432,0.5,0.5444444444444444,0.4166666666666667,0.6666666666666666,0.16666666666666666,-0.19245008972987526,,,18473,global,0.33
5,4,lr5e-05_bs8_modL1_fusion16_fusionL1_fusionBN0_drop0p2__wd1e-04trmiss33_degmodglobal,8,5e-05,0.0001,1,16,1,False,0.2,lr5e-05_bs8_modL1_fusion16_fusionL1_fusionBN0_drop0p2__wd1e-04trmiss33_degmodglobal,35,0.7242136576365746,0.5277777777777778,0.5375,0.5833333333333334,0.6666666666666666,0.5,0.1690308509457033,,,18473,global,0.33
5,4,lr5e-05_bs8_modL1_fusion16_fusionL1_fusionBN0_drop0p3__wd1e-04trmiss33_degmodglobal,8,5e-05,0.0001,1,16,1,False,0.3,lr5e-05_bs8_modL1_fusion16_fusionL1_fusionBN0_drop0p3__wd1e-04trmiss33_degmodglobal,24,0.7107660877132944,0.5555555555555556,0.5382936507936508,0.5833333333333334,0.8333333333333334,0.3333333333333333,0.19245008972987526,,,18473,global,0.33
5,4,lr5e-05_bs8_modL1_fusion32_fusionL1_fusionBN0_drop0p2__wd1e-04trmiss33_degmodglobal,8,5e-05,0.0001,1,32,1,False,0.2,lr5e-05_bs8_modL1_fusion32_fusionL1_fusionBN0_drop0p2__wd1e-04trmiss33_degmodglobal,40,0.7182665454442043,0.4444444444444444,0.4964646464646464,0.4166666666666667,0.6666666666666666,0.16666666666666666,-0.19245008972987526,,,18473,global,0.33
5,4,lr5e-05_bs8_modL1_fusion32_fusionL1_fusionBN0_drop0p3__wd1e-04trmiss33_degmodglobal,8,5e-05,0.0001,1,32,1,False,0.3,lr5e-05_bs8_modL1_fusion32_fusionL1_fusionBN0_drop0p3__wd1e-04trmiss33_degmodglobal,5,0.7158297168955068,0.5555555555555556,0.6646825396825397,0.5,0.0,1.0,0.0,,,18473,global,0.33
5,4,lr1e-04_bs16_modL1_fusion16_fusionL1_fusionBN0_drop0p2__wd1e-04trmiss33_degmodglobal,16,0.0001,0.0001,1,16,1,False,0.2,lr1e-04_bs16_modL1_fusion16_fusionL1_fusionBN0_drop0p2__wd1e-04trmiss33_degmodglobal,9,0.7019810288374791,0.6111111111111112,0.7251683501683501,0.5,1.0,0.0,0.0,,,18473,global,0.33
5,4,lr1e-04_bs16_modL1_fusion16_fusionL1_fusionBN0_drop0p3__wd1e-04trmiss33_degmodglobal,16,0.0001,0.0001,1,16,1,False,0.3,lr1e-04_bs16_modL1_fusion16_fusionL1_fusionBN0_drop0p3__wd1e-04trmiss33_degmodglobal,11,0.7083587017835522,0.41666666666666674,0.4814814814814815,0.4166666666666667,0.3333333333333333,0.5,-0.1690308509457033,,,18473,global,0.33
5,4,lr1e-04_bs16_modL1_fusion32_fusionL1_fusionBN0_drop0p2__wd1e-04trmiss33_degmodglobal,16,0.0001,0.0001,1,32,1,False,0.2,lr1e-04_bs16_modL1_fusion32_fusionL1_fusionBN0_drop0p2__wd1e-04trmiss33_degmodglobal,23,0.7028425124642123,0.5277777777777778,0.5292027417027417,0.3333333333333333,0.0,0.6666666666666666,-0.4472135954999579,,,18473,global,0.33
5,4,lr1e-04_bs16_modL1_fusion32_fusionL1_fusionBN0_drop0p3__wd1e-04trmiss33_degmodglobal,16,0.0001,0.0001,1,32,1,False,0.3,lr1e-04_bs16_modL1_fusion32_fusionL1_fusionBN0_drop0p3__wd1e-04trmiss33_degmodglobal,12,0.7385259486110622,0.22222222222222224,0.40105820105820106,0.3333333333333333,0.0,0.6666666666666666,-0.4472135954999579,,,18473,global,0.33
5,4,lr5e-05_bs16_modL1_fusion16_fusionL1_fusionBN0_drop0p2__wd1e-04trmiss33_degmodglobal,16,5e-05,0.0001,1,16,1,False,0.2,lr5e-05_bs16_modL1_fusion16_fusionL1_fusionBN0_drop0p2__wd1e-04trmiss33_degmodglobal,5,0.7411194538227884,0.2222222222222222,0.3997053872053872,0.5,1.0,0.0,0.0,,,18473,global,0.33
5,4,lr5e-05_bs16_modL1_fusion16_fusionL1_fusionBN0_drop0p3__wd1e-04trmiss33_degmodglobal,16,5e-05,0.0001,1,16,1,False,0.3,lr5e-05_bs16_modL1_fusion16_fusionL1_fusionBN0_drop0p3__wd1e-04trmiss33_degmodglobal,53,0.7078375510483584,0.5,0.6649831649831649,0.4166666666666667,0.3333333333333333,0.5,-0.1690308509457033,,,18473,global,0.33
5,4,lr5e-05_bs16_modL1_fusion32_fusionL1_fusionBN0_drop0p2__wd1e-04trmiss33_degmodglobal,16,5e-05,0.0001,1,32,1,False,0.2,lr5e-05_bs16_modL1_fusion32_fusionL1_fusionBN0_drop0p2__wd1e-04trmiss33_degmodglobal,7,0.6878009498541812,0.7222222222222223,0.6825757575757576,0.5833333333333334,0.8333333333333334,0.3333333333333333,0.19245008972987526,,,18473,global,0.33
5,4,lr5e-05_bs16_modL1_fusion32_fusionL1_fusionBN0_drop0p3__wd1e-04trmiss33_degmodglobal,16,5e-05,0.0001,1,32,1,False,0.3,lr5e-05_bs16_modL1_fusion32_fusionL1_fusionBN0_drop0p3__wd1e-04trmiss33_degmodglobal,12,0.7197456322671226,0.5277777777777777,0.6353535353535353,0.5,0.0,1.0,0.0,,,18473,global,0.33
5,5,lr1e-04_bs8_modL1_fusion16_fusionL1_fusionBN0_drop0p2__wd1e-04trmiss33_degmodglobal,8,0.0001,0.0001,1,16,1,False,0.2,lr1e-04_bs8_modL1_fusion16_fusionL1_fusionBN0_drop0p2__wd1e-04trmiss33_degmodglobal,7,0.694349893234317,0.4444444444444445,0.4890572390572391,0.5,0.6666666666666666,0.3333333333333333,0.0,,,18473,global,0.33
5,5,lr1e-04_bs8_modL1_fusion16_fusionL1_fusionBN0_drop0p3__wd1e-04trmiss33_degmodglobal,8,0.0001,0.0001,1,16,1,False,0.3,lr1e-04_bs8_modL1_fusion16_fusionL1_fusionBN0_drop0p3__wd1e-04trmiss33_degmodglobal,5,0.7066810181828772,0.2222222222222222,0.4266173641173641,0.4166666666666667,0.0,0.8333333333333334,-0.30151134457776363,,,18473,global,0.33
5,5,lr1e-04_bs8_modL1_fusion32_fusionL1_fusionBN0_drop0p2__wd1e-04trmiss33_degmodglobal,8,0.0001,0.0001,1,32,1,False,0.2,lr1e-04_bs8_modL1_fusion32_fusionL1_fusionBN0_drop0p2__wd1e-04trmiss33_degmodglobal,8,0.7053710399773827,0.3888888888888889,0.46313131313131317,0.5,0.0,1.0,0.0,,,18473,global,0.33
5,5,lr1e-04_bs8_modL1_fusion32_fusionL1_fusionBN0_drop0p3__wd1e-04trmiss33_degmodglobal,8,0.0001,0.0001,1,32,1,False,0.3,lr1e-04_bs8_modL1_fusion32_fusionL1_fusionBN0_drop0p3__wd1e-04trmiss33_degmodglobal,43,0.7247377818164651,0.3611111111111111,0.574963924963925,0.4166666666666667,0.5,0.3333333333333333,-0.1690308509457033,,,18473,global,0.33
5,5,lr5e-05_bs8_modL1_fusion16_fusionL1_fusionBN0_drop0p2__wd1e-04trmiss33_degmodglobal,8,5e-05,0.0001,1,16,1,False,0.2,lr5e-05_bs8_modL1_fusion16_fusionL1_fusionBN0_drop0p2__wd1e-04trmiss33_degmodglobal,6,0.6886186808127555,0.75,0.744047619047619,0.5,0.0,1.0,0.0,,,18473,global,0.33
5,5,lr5e-05_bs8_modL1_fusion16_fusionL1_fusionBN0_drop0p3__wd1e-04trmiss33_degmodglobal,8,5e-05,0.0001,1,16,1,False,0.3,lr5e-05_bs8_modL1_fusion16_fusionL1_fusionBN0_drop0p3__wd1e-04trmiss33_degmodglobal,27,0.731927601558083,0.19444444444444445,0.3993686868686869,0.5,1.0,0.0,0.0,,,18473,global,0.33
5,5,lr5e-05_bs8_modL1_fusion32_fusionL1_fusionBN0_drop0p2__wd1e-04trmiss33_degmodglobal,8,5e-05,0.0001,1,32,1,False,0.2,lr5e-05_bs8_modL1_fusion32_fusionL1_fusionBN0_drop0p2__wd1e-04trmiss33_degmodglobal,6,0.7116787028629882,0.41666666666666663,0.5276094276094276,0.5,0.0,1.0,0.0,,,18473,global,0.33
5,5,lr5e-05_bs8_modL1_fusion32_fusionL1_fusionBN0_drop0p3__wd1e-04trmiss33_degmodglobal,8,5e-05,0.0001,1,32,1,False,0.3,lr5e-05_bs8_modL1_fusion32_fusionL1_fusionBN0_drop0p3__wd1e-04trmiss33_degmodglobal,69,0.7059410979728423,0.38888888888888884,0.47962962962962963,0.5833333333333334,0.5,0.6666666666666666,0.1690308509457033,,,18473,global,0.33
5,5,lr1e-04_bs16_modL1_fusion16_fusionL1_fusionBN0_drop0p2__wd1e-04trmiss33_degmodglobal,16,0.0001,0.0001,1,16,1,False,0.2,lr1e-04_bs16_modL1_fusion16_fusionL1_fusionBN0_drop0p2__wd1e-04trmiss33_degmodglobal,18,0.6718911606207051,0.8333333333333334,0.85515873015873,0.5,1.0,0.0,0.0,,,18473,global,0.33
5,5,lr1e-04_bs16_modL1_fusion16_fusionL1_fusionBN0_drop0p3__wd1e-04trmiss33_degmodglobal,16,0.0001,0.0001,1,16,1,False,0.3,lr1e-04_bs16_modL1_fusion16_fusionL1_fusionBN0_drop0p3__wd1e-04trmiss33_degmodglobal,5,0.7048691257117362,0.3055555555555556,0.5305194805194805,0.5,0.0,1.0,0.0,,,18473,global,0.33
5,5,lr1e-04_bs16_modL1_fusion32_fusionL1_fusionBN0_drop0p2__wd1e-04trmiss33_degmodglobal,16,0.0001,0.0001,1,32,1,False,0.2,lr1e-04_bs16_modL1_fusion32_fusionL1_fusionBN0_drop0p2__wd1e-04trmiss33_degmodglobal,6,0.7008147546853335,0.3888888888888889,0.5621693121693122,0.4166666666666667,0.6666666666666666,0.16666666666666666,-0.19245008972987526,,,18473,global,0.33
5,5,lr1e-04_bs16_modL1_fusion32_fusionL1_fusionBN0_drop0p3__wd1e-04trmiss33_degmodglobal,16,0.0001,0.0001,1,32,1,False,0.3,lr1e-04_bs16_modL1_fusion32_fusionL1_fusionBN0_drop0p3__wd1e-04trmiss33_degmodglobal,18,0.7317689617118627,0.3055555555555556,0.5590909090909091,0.16666666666666666,0.3333333333333333,0.0,-0.7071067811865476,,,18473,global,0.33
5,5,lr5e-05_bs16_modL1_fusion16_fusionL1_fusionBN0_drop0p2__wd1e-04trmiss33_degmodglobal,16,5e-05,0.0001,1,16,1,False,0.2,lr5e-05_bs16_modL1_fusion16_fusionL1_fusionBN0_drop0p2__wd1e-04trmiss33_degmodglobal,27,0.7232401710862533,0.44444444444444453,0.4981481481481481,0.5,0.0,1.0,0.0,,,18473,global,0.33
5,5,lr5e-05_bs16_modL1_fusion16_fusionL1_fusionBN0_drop0p3__wd1e-04trmiss33_degmodglobal,16,5e-05,0.0001,1,16,1,False,0.3,lr5e-05_bs16_modL1_fusion16_fusionL1_fusionBN0_drop0p3__wd1e-04trmiss33_degmodglobal,7,0.7208143899726958,0.2222222222222222,0.4067760942760943,0.4166666666666667,0.8333333333333334,0.0,-0.30151134457776363,,,18473,global,0.33
5,5,lr5e-05_bs16_modL1_fusion32_fusionL1_fusionBN0_drop0p2__wd1e-04trmiss33_degmodglobal,16,5e-05,0.0001,1,32,1,False,0.2,lr5e-05_bs16_modL1_fusion32_fusionL1_fusionBN0_drop0p2__wd1e-04trmiss33_degmodglobal,14,0.7001406283368629,0.4444444444444445,0.5695767195767196,0.5,0.16666666666666666,0.8333333333333334,0.0,,,18473,global,0.33
5,5,lr5e-05_bs16_modL1_fusion32_fusionL1_fusionBN0_drop0p3__wd1e-04trmiss33_degmodglobal,16,5e-05,0.0001,1,32,1,False,0.3,lr5e-05_bs16_modL1_fusion32_fusionL1_fusionBN0_drop0p3__wd1e-04trmiss33_degmodglobal,7,0.7025399234465359,0.3888888888888889,0.45568783068783075,0.5,0.0,1.0,0.0,,,18473,global,0.33
