outer_fold,outer_eval_target,eval_missing_location,eval_missing_prob,inner_models_count,selected_inner_hp_names,selected_inner_mean_AUC,selected_inner_mean_LOGLOSS,outer_test_LOGLOSS,outer_test_AUC,outer_test_AUCPR,outer_test_ACC,outer_test_SEN,outer_test_SP,outer_test_MCC,seed,train_missing_location,train_missing_prob
1,test_outer,global,0.0,5,lr1e-04_bs32_modL1_fusion32_fusionL1_drop0p1_trmiss20_trlocradio_report|lr1e-04_bs32_modL1_fusion32_fusionL1_drop0p1_trmiss20_trlocradio_report|lr5e-05_bs32_modL1_fusion32_fusionL1_drop0p2_trmiss20_trlocradio_report|lr5e-05_bs32_modL1_fusion64_fusionL1_drop0p2_trmiss20_trlocradio_report|lr5e-05_bs16_modL1_fusion32_fusionL1_drop0p2_trmiss20_trlocradio_report,0.7319653723558388,0.6318165317177773,0.6823071677241338,0.5264550264550264,0.6722036365427417,0.5614035087719298,0.6666666666666666,0.38095238095238093,0.048131095111188946,2002,radio_report,0.2
1,test_outer,global,0.2,5,lr1e-04_bs32_modL1_fusion32_fusionL1_drop0p1_trmiss20_trlocradio_report|lr1e-04_bs32_modL1_fusion32_fusionL1_drop0p1_trmiss20_trlocradio_report|lr5e-05_bs32_modL1_fusion32_fusionL1_drop0p2_trmiss20_trlocradio_report|lr5e-05_bs32_modL1_fusion64_fusionL1_drop0p2_trmiss20_trlocradio_report|lr5e-05_bs16_modL1_fusion32_fusionL1_drop0p2_trmiss20_trlocradio_report,0.7319653723558388,0.6318165317177773,0.6794792132725771,0.5251322751322751,0.656540118575604,0.5964912280701754,0.7222222222222222,0.38095238095238093,0.10706934573993683,2002,radio_report,0.2
1,test_outer,global,0.4,5,lr1e-04_bs32_modL1_fusion32_fusionL1_drop0p1_trmiss20_trlocradio_report|lr1e-04_bs32_modL1_fusion32_fusionL1_drop0p1_trmiss20_trlocradio_report|lr5e-05_bs32_modL1_fusion32_fusionL1_drop0p2_trmiss20_trlocradio_report|lr5e-05_bs32_modL1_fusion64_fusionL1_drop0p2_trmiss20_trlocradio_report|lr5e-05_bs16_modL1_fusion32_fusionL1_drop0p2_trmiss20_trlocradio_report,0.7319653723558388,0.6318165317177773,0.6763025399676333,0.5423280423280423,0.6967486731570346,0.6140350877192983,0.75,0.38095238095238093,0.1380765224446943,2002,radio_report,0.2
1,test_outer,global,0.6,5,lr1e-04_bs32_modL1_fusion32_fusionL1_drop0p1_trmiss20_trlocradio_report|lr1e-04_bs32_modL1_fusion32_fusionL1_drop0p1_trmiss20_trlocradio_report|lr5e-05_bs32_modL1_fusion32_fusionL1_drop0p2_trmiss20_trlocradio_report|lr5e-05_bs32_modL1_fusion64_fusionL1_drop0p2_trmiss20_trlocradio_report|lr5e-05_bs16_modL1_fusion32_fusionL1_drop0p2_trmiss20_trlocradio_report,0.7319653723558388,0.6318165317177773,0.6766114160080122,0.5291005291005292,0.6826702552591707,0.5614035087719298,0.75,0.23809523809523808,-0.013340845850671934,2002,radio_report,0.2
1,test_outer,global,0.8,5,lr1e-04_bs32_modL1_fusion32_fusionL1_drop0p1_trmiss20_trlocradio_report|lr1e-04_bs32_modL1_fusion32_fusionL1_drop0p1_trmiss20_trlocradio_report|lr5e-05_bs32_modL1_fusion32_fusionL1_drop0p2_trmiss20_trlocradio_report|lr5e-05_bs32_modL1_fusion64_fusionL1_drop0p2_trmiss20_trlocradio_report|lr5e-05_bs16_modL1_fusion32_fusionL1_drop0p2_trmiss20_trlocradio_report,0.7319653723558388,0.6318165317177773,0.6834775954003026,0.47883597883597884,0.6866780583018425,0.49122807017543857,0.7222222222222222,0.09523809523809523,-0.21598386509728756,2002,radio_report,0.2
1,test_outer,path,0.0,5,lr1e-04_bs32_modL1_fusion32_fusionL1_drop0p1_trmiss20_trlocradio_report|lr1e-04_bs32_modL1_fusion32_fusionL1_drop0p1_trmiss20_trlocradio_report|lr5e-05_bs32_modL1_fusion32_fusionL1_drop0p2_trmiss20_trlocradio_report|lr5e-05_bs32_modL1_fusion64_fusionL1_drop0p2_trmiss20_trlocradio_report|lr5e-05_bs16_modL1_fusion32_fusionL1_drop0p2_trmiss20_trlocradio_report,0.7319653723558388,0.6318165317177773,0.6823071677241338,0.5264550264550264,0.6722036365427417,0.5614035087719298,0.6666666666666666,0.38095238095238093,0.048131095111188946,2002,radio_report,0.2
1,test_outer,path,0.2,5,lr1e-04_bs32_modL1_fusion32_fusionL1_drop0p1_trmiss20_trlocradio_report|lr1e-04_bs32_modL1_fusion32_fusionL1_drop0p1_trmiss20_trlocradio_report|lr5e-05_bs32_modL1_fusion32_fusionL1_drop0p2_trmiss20_trlocradio_report|lr5e-05_bs32_modL1_fusion64_fusionL1_drop0p2_trmiss20_trlocradio_report|lr5e-05_bs16_modL1_fusion32_fusionL1_drop0p2_trmiss20_trlocradio_report,0.7319653723558388,0.6318165317177773,0.6859854624762025,0.5092592592592593,0.6579797266226785,0.543859649122807,0.6666666666666666,0.3333333333333333,0.0,2002,radio_report,0.2
1,test_outer,path,0.4,5,lr1e-04_bs32_modL1_fusion32_fusionL1_drop0p1_trmiss20_trlocradio_report|lr1e-04_bs32_modL1_fusion32_fusionL1_drop0p1_trmiss20_trlocradio_report|lr5e-05_bs32_modL1_fusion32_fusionL1_drop0p2_trmiss20_trlocradio_report|lr5e-05_bs32_modL1_fusion64_fusionL1_drop0p2_trmiss20_trlocradio_report|lr5e-05_bs16_modL1_fusion32_fusionL1_drop0p2_trmiss20_trlocradio_report,0.7319653723558388,0.6318165317177773,0.6836386514669784,0.5317460317460317,0.6734102308919604,0.543859649122807,0.6388888888888888,0.38095238095238093,0.01984126984126984,2002,radio_report,0.2
1,test_outer,path,0.6,5,lr1e-04_bs32_modL1_fusion32_fusionL1_drop0p1_trmiss20_trlocradio_report|lr1e-04_bs32_modL1_fusion32_fusionL1_drop0p1_trmiss20_trlocradio_report|lr5e-05_bs32_modL1_fusion32_fusionL1_drop0p2_trmiss20_trlocradio_report|lr5e-05_bs32_modL1_fusion64_fusionL1_drop0p2_trmiss20_trlocradio_report|lr5e-05_bs16_modL1_fusion32_fusionL1_drop0p2_trmiss20_trlocradio_report,0.7319653723558388,0.6318165317177773,0.6882675452682213,0.5211640211640212,0.6688555509549611,0.543859649122807,0.6111111111111112,0.42857142857142855,0.03901727911659971,2002,radio_report,0.2
1,test_outer,path,0.8,5,lr1e-04_bs32_modL1_fusion32_fusionL1_drop0p1_trmiss20_trlocradio_report|lr1e-04_bs32_modL1_fusion32_fusionL1_drop0p1_trmiss20_trlocradio_report|lr5e-05_bs32_modL1_fusion32_fusionL1_drop0p2_trmiss20_trlocradio_report|lr5e-05_bs32_modL1_fusion64_fusionL1_drop0p2_trmiss20_trlocradio_report|lr5e-05_bs16_modL1_fusion32_fusionL1_drop0p2_trmiss20_trlocradio_report,0.7319653723558388,0.6318165317177773,0.6905156264315327,0.5052910052910053,0.6489005501142248,0.543859649122807,0.6388888888888888,0.38095238095238093,0.01984126984126984,2002,radio_report,0.2
1,test_outer,radio,0.0,5,lr1e-04_bs32_modL1_fusion32_fusionL1_drop0p1_trmiss20_trlocradio_report|lr1e-04_bs32_modL1_fusion32_fusionL1_drop0p1_trmiss20_trlocradio_report|lr5e-05_bs32_modL1_fusion32_fusionL1_drop0p2_trmiss20_trlocradio_report|lr5e-05_bs32_modL1_fusion64_fusionL1_drop0p2_trmiss20_trlocradio_report|lr5e-05_bs16_modL1_fusion32_fusionL1_drop0p2_trmiss20_trlocradio_report,0.7319653723558388,0.6318165317177773,0.6823071677241338,0.5264550264550264,0.6722036365427417,0.5614035087719298,0.6666666666666666,0.38095238095238093,0.048131095111188946,2002,radio_report,0.2
1,test_outer,radio,0.2,5,lr1e-04_bs32_modL1_fusion32_fusionL1_drop0p1_trmiss20_trlocradio_report|lr1e-04_bs32_modL1_fusion32_fusionL1_drop0p1_trmiss20_trlocradio_report|lr5e-05_bs32_modL1_fusion32_fusionL1_drop0p2_trmiss20_trlocradio_report|lr5e-05_bs32_modL1_fusion64_fusionL1_drop0p2_trmiss20_trlocradio_report|lr5e-05_bs16_modL1_fusion32_fusionL1_drop0p2_trmiss20_trlocradio_report,0.7319653723558388,0.6318165317177773,0.6811716506378134,0.5317460317460317,0.6900539142176884,0.5614035087719298,0.6944444444444444,0.3333333333333333,0.028826362314598376,2002,radio_report,0.2
1,test_outer,radio,0.4,5,lr1e-04_bs32_modL1_fusion32_fusionL1_drop0p1_trmiss20_trlocradio_report|lr1e-04_bs32_modL1_fusion32_fusionL1_drop0p1_trmiss20_trlocradio_report|lr5e-05_bs32_modL1_fusion32_fusionL1_drop0p2_trmiss20_trlocradio_report|lr5e-05_bs32_modL1_fusion64_fusionL1_drop0p2_trmiss20_trlocradio_report|lr5e-05_bs16_modL1_fusion32_fusionL1_drop0p2_trmiss20_trlocradio_report,0.7319653723558388,0.6318165317177773,0.6833950464804943,0.5224867724867726,0.6613296683982495,0.5964912280701754,0.6944444444444444,0.42857142857142855,0.12433866237057145,2002,radio_report,0.2
1,test_outer,radio,0.6,5,lr1e-04_bs32_modL1_fusion32_fusionL1_drop0p1_trmiss20_trlocradio_report|lr1e-04_bs32_modL1_fusion32_fusionL1_drop0p1_trmiss20_trlocradio_report|lr5e-05_bs32_modL1_fusion32_fusionL1_drop0p2_trmiss20_trlocradio_report|lr5e-05_bs32_modL1_fusion64_fusionL1_drop0p2_trmiss20_trlocradio_report|lr5e-05_bs16_modL1_fusion32_fusionL1_drop0p2_trmiss20_trlocradio_report,0.7319653723558388,0.6318165317177773,0.6793379399342105,0.5423280423280423,0.7127889752210307,0.5789473684210527,0.75,0.2857142857142857,0.03912303982179758,2002,radio_report,0.2
1,test_outer,radio,0.8,5,lr1e-04_bs32_modL1_fusion32_fusionL1_drop0p1_trmiss20_trlocradio_report|lr1e-04_bs32_modL1_fusion32_fusionL1_drop0p1_trmiss20_trlocradio_report|lr5e-05_bs32_modL1_fusion32_fusionL1_drop0p2_trmiss20_trlocradio_report|lr5e-05_bs32_modL1_fusion64_fusionL1_drop0p2_trmiss20_trlocradio_report|lr5e-05_bs16_modL1_fusion32_fusionL1_drop0p2_trmiss20_trlocradio_report,0.7319653723558388,0.6318165317177773,0.6858679949764016,0.5277777777777778,0.681869869804899,0.5614035087719298,0.6666666666666666,0.38095238095238093,0.048131095111188946,2002,radio_report,0.2
1,test_outer,clin,0.0,5,lr1e-04_bs32_modL1_fusion32_fusionL1_drop0p1_trmiss20_trlocradio_report|lr1e-04_bs32_modL1_fusion32_fusionL1_drop0p1_trmiss20_trlocradio_report|lr5e-05_bs32_modL1_fusion32_fusionL1_drop0p2_trmiss20_trlocradio_report|lr5e-05_bs32_modL1_fusion64_fusionL1_drop0p2_trmiss20_trlocradio_report|lr5e-05_bs16_modL1_fusion32_fusionL1_drop0p2_trmiss20_trlocradio_report,0.7319653723558388,0.6318165317177773,0.6823071677241338,0.5264550264550264,0.6722036365427417,0.5614035087719298,0.6666666666666666,0.38095238095238093,0.048131095111188946,2002,radio_report,0.2
1,test_outer,clin,0.2,5,lr1e-04_bs32_modL1_fusion32_fusionL1_drop0p1_trmiss20_trlocradio_report|lr1e-04_bs32_modL1_fusion32_fusionL1_drop0p1_trmiss20_trlocradio_report|lr5e-05_bs32_modL1_fusion32_fusionL1_drop0p2_trmiss20_trlocradio_report|lr5e-05_bs32_modL1_fusion64_fusionL1_drop0p2_trmiss20_trlocradio_report|lr5e-05_bs16_modL1_fusion32_fusionL1_drop0p2_trmiss20_trlocradio_report,0.7319653723558388,0.6318165317177773,0.6826712219629552,0.5304232804232805,0.6674869380050669,0.5614035087719298,0.6666666666666666,0.38095238095238093,0.048131095111188946,2002,radio_report,0.2
1,test_outer,clin,0.4,5,lr1e-04_bs32_modL1_fusion32_fusionL1_drop0p1_trmiss20_trlocradio_report|lr1e-04_bs32_modL1_fusion32_fusionL1_drop0p1_trmiss20_trlocradio_report|lr5e-05_bs32_modL1_fusion32_fusionL1_drop0p2_trmiss20_trlocradio_report|lr5e-05_bs32_modL1_fusion64_fusionL1_drop0p2_trmiss20_trlocradio_report|lr5e-05_bs16_modL1_fusion32_fusionL1_drop0p2_trmiss20_trlocradio_report,0.7319653723558388,0.6318165317177773,0.6789895963728672,0.5423280423280424,0.6736347523081699,0.5964912280701754,0.6944444444444444,0.42857142857142855,0.12433866237057145,2002,radio_report,0.2
1,test_outer,clin,0.6,5,lr1e-04_bs32_modL1_fusion32_fusionL1_drop0p1_trmiss20_trlocradio_report|lr1e-04_bs32_modL1_fusion32_fusionL1_drop0p1_trmiss20_trlocradio_report|lr5e-05_bs32_modL1_fusion32_fusionL1_drop0p2_trmiss20_trlocradio_report|lr5e-05_bs32_modL1_fusion64_fusionL1_drop0p2_trmiss20_trlocradio_report|lr5e-05_bs16_modL1_fusion32_fusionL1_drop0p2_trmiss20_trlocradio_report,0.7319653723558388,0.6318165317177773,0.6830769467860963,0.5198412698412699,0.6732948241615936,0.5789473684210527,0.7222222222222222,0.3333333333333333,0.05857791861290061,2002,radio_report,0.2
1,test_outer,clin,0.8,5,lr1e-04_bs32_modL1_fusion32_fusionL1_drop0p1_trmiss20_trlocradio_report|lr1e-04_bs32_modL1_fusion32_fusionL1_drop0p1_trmiss20_trlocradio_report|lr5e-05_bs32_modL1_fusion32_fusionL1_drop0p2_trmiss20_trlocradio_report|lr5e-05_bs32_modL1_fusion64_fusionL1_drop0p2_trmiss20_trlocradio_report|lr5e-05_bs16_modL1_fusion32_fusionL1_drop0p2_trmiss20_trlocradio_report,0.7319653723558388,0.6318165317177773,0.6839998777736555,0.5171957671957672,0.6512143212295981,0.5789473684210527,0.75,0.2857142857142857,0.03912303982179758,2002,radio_report,0.2
1,test_outer,blood,0.0,5,lr1e-04_bs32_modL1_fusion32_fusionL1_drop0p1_trmiss20_trlocradio_report|lr1e-04_bs32_modL1_fusion32_fusionL1_drop0p1_trmiss20_trlocradio_report|lr5e-05_bs32_modL1_fusion32_fusionL1_drop0p2_trmiss20_trlocradio_report|lr5e-05_bs32_modL1_fusion64_fusionL1_drop0p2_trmiss20_trlocradio_report|lr5e-05_bs16_modL1_fusion32_fusionL1_drop0p2_trmiss20_trlocradio_report,0.7319653723558388,0.6318165317177773,0.6823071677241338,0.5264550264550264,0.6722036365427417,0.5614035087719298,0.6666666666666666,0.38095238095238093,0.048131095111188946,2002,radio_report,0.2
1,test_outer,blood,0.2,5,lr1e-04_bs32_modL1_fusion32_fusionL1_drop0p1_trmiss20_trlocradio_report|lr1e-04_bs32_modL1_fusion32_fusionL1_drop0p1_trmiss20_trlocradio_report|lr5e-05_bs32_modL1_fusion32_fusionL1_drop0p2_trmiss20_trlocradio_report|lr5e-05_bs32_modL1_fusion64_fusionL1_drop0p2_trmiss20_trlocradio_report|lr5e-05_bs16_modL1_fusion32_fusionL1_drop0p2_trmiss20_trlocradio_report,0.7319653723558388,0.6318165317177773,0.6810804079756538,0.5291005291005291,0.6866647386949795,0.5789473684210527,0.6666666666666666,0.42857142857142855,0.09523809523809523,2002,radio_report,0.2
1,test_outer,blood,0.4,5,lr1e-04_bs32_modL1_fusion32_fusionL1_drop0p1_trmiss20_trlocradio_report|lr1e-04_bs32_modL1_fusion32_fusionL1_drop0p1_trmiss20_trlocradio_report|lr5e-05_bs32_modL1_fusion32_fusionL1_drop0p2_trmiss20_trlocradio_report|lr5e-05_bs32_modL1_fusion64_fusionL1_drop0p2_trmiss20_trlocradio_report|lr5e-05_bs16_modL1_fusion32_fusionL1_drop0p2_trmiss20_trlocradio_report,0.7319653723558388,0.6318165317177773,0.6844233557040801,0.5171957671957672,0.6734594594669151,0.5614035087719298,0.6666666666666666,0.38095238095238093,0.048131095111188946,2002,radio_report,0.2
1,test_outer,blood,0.6,5,lr1e-04_bs32_modL1_fusion32_fusionL1_drop0p1_trmiss20_trlocradio_report|lr1e-04_bs32_modL1_fusion32_fusionL1_drop0p1_trmiss20_trlocradio_report|lr5e-05_bs32_modL1_fusion32_fusionL1_drop0p2_trmiss20_trlocradio_report|lr5e-05_bs32_modL1_fusion64_fusionL1_drop0p2_trmiss20_trlocradio_report|lr5e-05_bs16_modL1_fusion32_fusionL1_drop0p2_trmiss20_trlocradio_report,0.7319653723558388,0.6318165317177773,0.686990258706081,0.5079365079365079,0.6609298112984046,0.5263157894736842,0.6388888888888888,0.3333333333333333,-0.028076472148193553,2002,radio_report,0.2
1,test_outer,blood,0.8,5,lr1e-04_bs32_modL1_fusion32_fusionL1_drop0p1_trmiss20_trlocradio_report|lr1e-04_bs32_modL1_fusion32_fusionL1_drop0p1_trmiss20_trlocradio_report|lr5e-05_bs32_modL1_fusion32_fusionL1_drop0p2_trmiss20_trlocradio_report|lr5e-05_bs32_modL1_fusion64_fusionL1_drop0p2_trmiss20_trlocradio_report|lr5e-05_bs16_modL1_fusion32_fusionL1_drop0p2_trmiss20_trlocradio_report,0.7319653723558388,0.6318165317177773,0.6883916226015403,0.49206349206349204,0.6458636221917381,0.543859649122807,0.6388888888888888,0.38095238095238093,0.01984126984126984,2002,radio_report,0.2
1,test_outer,radio_report,0.0,5,lr1e-04_bs32_modL1_fusion32_fusionL1_drop0p1_trmiss20_trlocradio_report|lr1e-04_bs32_modL1_fusion32_fusionL1_drop0p1_trmiss20_trlocradio_report|lr5e-05_bs32_modL1_fusion32_fusionL1_drop0p2_trmiss20_trlocradio_report|lr5e-05_bs32_modL1_fusion64_fusionL1_drop0p2_trmiss20_trlocradio_report|lr5e-05_bs16_modL1_fusion32_fusionL1_drop0p2_trmiss20_trlocradio_report,0.7319653723558388,0.6318165317177773,0.6823071677241338,0.5264550264550264,0.6722036365427417,0.5614035087719298,0.6666666666666666,0.38095238095238093,0.048131095111188946,2002,radio_report,0.2
1,test_outer,radio_report,0.2,5,lr1e-04_bs32_modL1_fusion32_fusionL1_drop0p1_trmiss20_trlocradio_report|lr1e-04_bs32_modL1_fusion32_fusionL1_drop0p1_trmiss20_trlocradio_report|lr5e-05_bs32_modL1_fusion32_fusionL1_drop0p2_trmiss20_trlocradio_report|lr5e-05_bs32_modL1_fusion64_fusionL1_drop0p2_trmiss20_trlocradio_report|lr5e-05_bs16_modL1_fusion32_fusionL1_drop0p2_trmiss20_trlocradio_report,0.7319653723558388,0.6318165317177773,0.682571042996745,0.5198412698412699,0.6692618982253333,0.5614035087719298,0.6666666666666666,0.38095238095238093,0.048131095111188946,2002,radio_report,0.2
1,test_outer,radio_report,0.4,5,lr1e-04_bs32_modL1_fusion32_fusionL1_drop0p1_trmiss20_trlocradio_report|lr1e-04_bs32_modL1_fusion32_fusionL1_drop0p1_trmiss20_trlocradio_report|lr5e-05_bs32_modL1_fusion32_fusionL1_drop0p2_trmiss20_trlocradio_report|lr5e-05_bs32_modL1_fusion64_fusionL1_drop0p2_trmiss20_trlocradio_report|lr5e-05_bs16_modL1_fusion32_fusionL1_drop0p2_trmiss20_trlocradio_report,0.7319653723558388,0.6318165317177773,0.6806642993663095,0.5211640211640212,0.6635478264591329,0.49122807017543857,0.6111111111111112,0.2857142857142857,-0.10428403940757605,2002,radio_report,0.2
1,test_outer,radio_report,0.6,5,lr1e-04_bs32_modL1_fusion32_fusionL1_drop0p1_trmiss20_trlocradio_report|lr1e-04_bs32_modL1_fusion32_fusionL1_drop0p1_trmiss20_trlocradio_report|lr5e-05_bs32_modL1_fusion32_fusionL1_drop0p2_trmiss20_trlocradio_report|lr5e-05_bs32_modL1_fusion64_fusionL1_drop0p2_trmiss20_trlocradio_report|lr5e-05_bs16_modL1_fusion32_fusionL1_drop0p2_trmiss20_trlocradio_report,0.7319653723558388,0.6318165317177773,0.6768829906437326,0.5105820105820107,0.6487652651396917,0.543859649122807,0.6944444444444444,0.2857142857142857,-0.020920685218893075,2002,radio_report,0.2
1,test_outer,radio_report,0.8,5,lr1e-04_bs32_modL1_fusion32_fusionL1_drop0p1_trmiss20_trlocradio_report|lr1e-04_bs32_modL1_fusion32_fusionL1_drop0p1_trmiss20_trlocradio_report|lr5e-05_bs32_modL1_fusion32_fusionL1_drop0p2_trmiss20_trlocradio_report|lr5e-05_bs32_modL1_fusion64_fusionL1_drop0p2_trmiss20_trlocradio_report|lr5e-05_bs16_modL1_fusion32_fusionL1_drop0p2_trmiss20_trlocradio_report,0.7319653723558388,0.6318165317177773,0.6773790714604989,0.5013227513227514,0.6729349743309432,0.5263157894736842,0.75,0.14285714285714285,-0.1267731382092775,2002,radio_report,0.2
2,test_outer,global,0.0,5,lr5e-05_bs16_modL1_fusion64_fusionL1_drop0p2_trmiss20_trlocradio_report|lr1e-04_bs16_modL1_fusion32_fusionL1_drop0p1_trmiss20_trlocradio_report|lr5e-05_bs16_modL1_fusion64_fusionL1_drop0p1_trmiss20_trlocradio_report|lr1e-04_bs32_modL1_fusion64_fusionL1_drop0p2_trmiss20_trlocradio_report|lr1e-04_bs32_modL1_fusion32_fusionL1_drop0p2_trmiss20_trlocradio_report,0.7038394668212113,0.6512396700514687,0.7073213104060815,0.4880952380952381,0.6391964637216211,0.5614035087719298,0.5833333333333334,0.5238095238095238,0.1037663642424823,2002,radio_report,0.2
2,test_outer,global,0.2,5,lr5e-05_bs16_modL1_fusion64_fusionL1_drop0p2_trmiss20_trlocradio_report|lr1e-04_bs16_modL1_fusion32_fusionL1_drop0p1_trmiss20_trlocradio_report|lr5e-05_bs16_modL1_fusion64_fusionL1_drop0p1_trmiss20_trlocradio_report|lr1e-04_bs32_modL1_fusion64_fusionL1_drop0p2_trmiss20_trlocradio_report|lr1e-04_bs32_modL1_fusion32_fusionL1_drop0p2_trmiss20_trlocradio_report,0.7038394668212113,0.6512396700514687,0.700432619510355,0.49470899470899476,0.6295293015957053,0.5614035087719298,0.6111111111111112,0.47619047619047616,0.08529438595319316,2002,radio_report,0.2
2,test_outer,global,0.4,5,lr5e-05_bs16_modL1_fusion64_fusionL1_drop0p2_trmiss20_trlocradio_report|lr1e-04_bs16_modL1_fusion32_fusionL1_drop0p1_trmiss20_trlocradio_report|lr5e-05_bs16_modL1_fusion64_fusionL1_drop0p1_trmiss20_trlocradio_report|lr1e-04_bs32_modL1_fusion64_fusionL1_drop0p2_trmiss20_trlocradio_report|lr1e-04_bs32_modL1_fusion32_fusionL1_drop0p2_trmiss20_trlocradio_report,0.7038394668212113,0.6512396700514687,0.7040362459335358,0.47751322751322756,0.611499557528731,0.49122807017543857,0.5277777777777778,0.42857142857142855,-0.04227518543212242,2002,radio_report,0.2
2,test_outer,global,0.6,5,lr5e-05_bs16_modL1_fusion64_fusionL1_drop0p2_trmiss20_trlocradio_report|lr1e-04_bs16_modL1_fusion32_fusionL1_drop0p1_trmiss20_trlocradio_report|lr5e-05_bs16_modL1_fusion64_fusionL1_drop0p1_trmiss20_trlocradio_report|lr1e-04_bs32_modL1_fusion64_fusionL1_drop0p2_trmiss20_trlocradio_report|lr1e-04_bs32_modL1_fusion32_fusionL1_drop0p2_trmiss20_trlocradio_report,0.7038394668212113,0.6512396700514687,0.6949981745494387,0.4880952380952381,0.6387462733522856,0.43859649122807015,0.5,0.3333333333333333,-0.1620185174601965,2002,radio_report,0.2
2,test_outer,global,0.8,5,lr5e-05_bs16_modL1_fusion64_fusionL1_drop0p2_trmiss20_trlocradio_report|lr1e-04_bs16_modL1_fusion32_fusionL1_drop0p1_trmiss20_trlocradio_report|lr5e-05_bs16_modL1_fusion64_fusionL1_drop0p1_trmiss20_trlocradio_report|lr1e-04_bs32_modL1_fusion64_fusionL1_drop0p2_trmiss20_trlocradio_report|lr1e-04_bs32_modL1_fusion32_fusionL1_drop0p2_trmiss20_trlocradio_report,0.7038394668212113,0.6512396700514687,0.6948026057464309,0.5251322751322751,0.6875476692164614,0.5087719298245614,0.5555555555555556,0.42857142857142855,-0.01543033499620919,2002,radio_report,0.2
2,test_outer,path,0.0,5,lr5e-05_bs16_modL1_fusion64_fusionL1_drop0p2_trmiss20_trlocradio_report|lr1e-04_bs16_modL1_fusion32_fusionL1_drop0p1_trmiss20_trlocradio_report|lr5e-05_bs16_modL1_fusion64_fusionL1_drop0p1_trmiss20_trlocradio_report|lr1e-04_bs32_modL1_fusion64_fusionL1_drop0p2_trmiss20_trlocradio_report|lr1e-04_bs32_modL1_fusion32_fusionL1_drop0p2_trmiss20_trlocradio_report,0.7038394668212113,0.6512396700514687,0.7073213104060815,0.4880952380952381,0.6391964637216211,0.5614035087719298,0.5833333333333334,0.5238095238095238,0.1037663642424823,2002,radio_report,0.2
2,test_outer,path,0.2,5,lr5e-05_bs16_modL1_fusion64_fusionL1_drop0p2_trmiss20_trlocradio_report|lr1e-04_bs16_modL1_fusion32_fusionL1_drop0p1_trmiss20_trlocradio_report|lr5e-05_bs16_modL1_fusion64_fusionL1_drop0p1_trmiss20_trlocradio_report|lr1e-04_bs32_modL1_fusion64_fusionL1_drop0p2_trmiss20_trlocradio_report|lr1e-04_bs32_modL1_fusion32_fusionL1_drop0p2_trmiss20_trlocradio_report,0.7038394668212113,0.6512396700514687,0.702253805218369,0.503968253968254,0.6469591717730486,0.5614035087719298,0.6388888888888888,0.42857142857142855,0.0668442285969576,2002,radio_report,0.2
2,test_outer,path,0.4,5,lr5e-05_bs16_modL1_fusion64_fusionL1_drop0p2_trmiss20_trlocradio_report|lr1e-04_bs16_modL1_fusion32_fusionL1_drop0p1_trmiss20_trlocradio_report|lr5e-05_bs16_modL1_fusion64_fusionL1_drop0p1_trmiss20_trlocradio_report|lr1e-04_bs32_modL1_fusion64_fusionL1_drop0p2_trmiss20_trlocradio_report|lr1e-04_bs32_modL1_fusion32_fusionL1_drop0p2_trmiss20_trlocradio_report,0.7038394668212113,0.6512396700514687,0.6990725974022528,0.5343915343915344,0.6527244536320875,0.5964912280701754,0.6111111111111112,0.5714285714285714,0.17678713907978466,2002,radio_report,0.2
2,test_outer,path,0.6,5,lr5e-05_bs16_modL1_fusion64_fusionL1_drop0p2_trmiss20_trlocradio_report|lr1e-04_bs16_modL1_fusion32_fusionL1_drop0p1_trmiss20_trlocradio_report|lr5e-05_bs16_modL1_fusion64_fusionL1_drop0p1_trmiss20_trlocradio_report|lr1e-04_bs32_modL1_fusion64_fusionL1_drop0p2_trmiss20_trlocradio_report|lr1e-04_bs32_modL1_fusion32_fusionL1_drop0p2_trmiss20_trlocradio_report,0.7038394668212113,0.6512396700514687,0.69707112003761,0.5145502645502645,0.6622007612862849,0.543859649122807,0.6111111111111112,0.42857142857142855,0.03901727911659971,2002,radio_report,0.2
2,test_outer,path,0.8,5,lr5e-05_bs16_modL1_fusion64_fusionL1_drop0p2_trmiss20_trlocradio_report|lr1e-04_bs16_modL1_fusion32_fusionL1_drop0p1_trmiss20_trlocradio_report|lr5e-05_bs16_modL1_fusion64_fusionL1_drop0p1_trmiss20_trlocradio_report|lr1e-04_bs32_modL1_fusion64_fusionL1_drop0p2_trmiss20_trlocradio_report|lr1e-04_bs32_modL1_fusion32_fusionL1_drop0p2_trmiss20_trlocradio_report,0.7038394668212113,0.6512396700514687,0.7005378470711514,0.511904761904762,0.6402821447162785,0.5263157894736842,0.6111111111111112,0.38095238095238093,-0.007864026893759719,2002,radio_report,0.2
2,test_outer,radio,0.0,5,lr5e-05_bs16_modL1_fusion64_fusionL1_drop0p2_trmiss20_trlocradio_report|lr1e-04_bs16_modL1_fusion32_fusionL1_drop0p1_trmiss20_trlocradio_report|lr5e-05_bs16_modL1_fusion64_fusionL1_drop0p1_trmiss20_trlocradio_report|lr1e-04_bs32_modL1_fusion64_fusionL1_drop0p2_trmiss20_trlocradio_report|lr1e-04_bs32_modL1_fusion32_fusionL1_drop0p2_trmiss20_trlocradio_report,0.7038394668212113,0.6512396700514687,0.7073213104060815,0.4880952380952381,0.6391964637216211,0.5614035087719298,0.5833333333333334,0.5238095238095238,0.1037663642424823,2002,radio_report,0.2
2,test_outer,radio,0.2,5,lr5e-05_bs16_modL1_fusion64_fusionL1_drop0p2_trmiss20_trlocradio_report|lr1e-04_bs16_modL1_fusion32_fusionL1_drop0p1_trmiss20_trlocradio_report|lr5e-05_bs16_modL1_fusion64_fusionL1_drop0p1_trmiss20_trlocradio_report|lr1e-04_bs32_modL1_fusion64_fusionL1_drop0p2_trmiss20_trlocradio_report|lr1e-04_bs32_modL1_fusion32_fusionL1_drop0p2_trmiss20_trlocradio_report,0.7038394668212113,0.6512396700514687,0.7109096871488084,0.462962962962963,0.6269162338951102,0.5263157894736842,0.5833333333333334,0.42857142857142855,0.011631052629980885,2002,radio_report,0.2
2,test_outer,radio,0.4,5,lr5e-05_bs16_modL1_fusion64_fusionL1_drop0p2_trmiss20_trlocradio_report|lr1e-04_bs16_modL1_fusion32_fusionL1_drop0p1_trmiss20_trlocradio_report|lr5e-05_bs16_modL1_fusion64_fusionL1_drop0p1_trmiss20_trlocradio_report|lr1e-04_bs32_modL1_fusion64_fusionL1_drop0p2_trmiss20_trlocradio_report|lr1e-04_bs32_modL1_fusion32_fusionL1_drop0p2_trmiss20_trlocradio_report,0.7038394668212113,0.6512396700514687,0.7056534933083134,0.49603174603174605,0.668877556480768,0.5087719298245614,0.5277777777777778,0.47619047619047616,0.003833697551901968,2002,radio_report,0.2
2,test_outer,radio,0.6,5,lr5e-05_bs16_modL1_fusion64_fusionL1_drop0p2_trmiss20_trlocradio_report|lr1e-04_bs16_modL1_fusion32_fusionL1_drop0p1_trmiss20_trlocradio_report|lr5e-05_bs16_modL1_fusion64_fusionL1_drop0p1_trmiss20_trlocradio_report|lr1e-04_bs32_modL1_fusion64_fusionL1_drop0p2_trmiss20_trlocradio_report|lr1e-04_bs32_modL1_fusion32_fusionL1_drop0p2_trmiss20_trlocradio_report,0.7038394668212113,0.6512396700514687,0.7112470019405612,0.48412698412698413,0.6468826670682664,0.5087719298245614,0.5277777777777778,0.47619047619047616,0.003833697551901968,2002,radio_report,0.2
2,test_outer,radio,0.8,5,lr5e-05_bs16_modL1_fusion64_fusionL1_drop0p2_trmiss20_trlocradio_report|lr1e-04_bs16_modL1_fusion32_fusionL1_drop0p1_trmiss20_trlocradio_report|lr5e-05_bs16_modL1_fusion64_fusionL1_drop0p1_trmiss20_trlocradio_report|lr1e-04_bs32_modL1_fusion64_fusionL1_drop0p2_trmiss20_trlocradio_report|lr1e-04_bs32_modL1_fusion32_fusionL1_drop0p2_trmiss20_trlocradio_report,0.7038394668212113,0.6512396700514687,0.715486659734147,0.47883597883597884,0.6488695783296785,0.5263157894736842,0.5277777777777778,0.5238095238095238,0.04977665340318334,2002,radio_report,0.2
2,test_outer,clin,0.0,5,lr5e-05_bs16_modL1_fusion64_fusionL1_drop0p2_trmiss20_trlocradio_report|lr1e-04_bs16_modL1_fusion32_fusionL1_drop0p1_trmiss20_trlocradio_report|lr5e-05_bs16_modL1_fusion64_fusionL1_drop0p1_trmiss20_trlocradio_report|lr1e-04_bs32_modL1_fusion64_fusionL1_drop0p2_trmiss20_trlocradio_report|lr1e-04_bs32_modL1_fusion32_fusionL1_drop0p2_trmiss20_trlocradio_report,0.7038394668212113,0.6512396700514687,0.7073213104060815,0.4880952380952381,0.6391964637216211,0.5614035087719298,0.5833333333333334,0.5238095238095238,0.1037663642424823,2002,radio_report,0.2
2,test_outer,clin,0.2,5,lr5e-05_bs16_modL1_fusion64_fusionL1_drop0p2_trmiss20_trlocradio_report|lr1e-04_bs16_modL1_fusion32_fusionL1_drop0p1_trmiss20_trlocradio_report|lr5e-05_bs16_modL1_fusion64_fusionL1_drop0p1_trmiss20_trlocradio_report|lr1e-04_bs32_modL1_fusion64_fusionL1_drop0p2_trmiss20_trlocradio_report|lr1e-04_bs32_modL1_fusion32_fusionL1_drop0p2_trmiss20_trlocradio_report,0.7038394668212113,0.6512396700514687,0.7080455648932964,0.4828042328042328,0.635477062362892,0.5789473684210527,0.6111111111111112,0.5238095238095238,0.13115784746777812,2002,radio_report,0.2
2,test_outer,clin,0.4,5,lr5e-05_bs16_modL1_fusion64_fusionL1_drop0p2_trmiss20_trlocradio_report|lr1e-04_bs16_modL1_fusion32_fusionL1_drop0p1_trmiss20_trlocradio_report|lr5e-05_bs16_modL1_fusion64_fusionL1_drop0p1_trmiss20_trlocradio_report|lr1e-04_bs32_modL1_fusion64_fusionL1_drop0p2_trmiss20_trlocradio_report|lr1e-04_bs32_modL1_fusion32_fusionL1_drop0p2_trmiss20_trlocradio_report,0.7038394668212113,0.6512396700514687,0.705968099159774,0.5013227513227514,0.6528701241947618,0.543859649122807,0.5833333333333334,0.47619047619047616,0.057863756235784464,2002,radio_report,0.2
2,test_outer,clin,0.6,5,lr5e-05_bs16_modL1_fusion64_fusionL1_drop0p2_trmiss20_trlocradio_report|lr1e-04_bs16_modL1_fusion32_fusionL1_drop0p1_trmiss20_trlocradio_report|lr5e-05_bs16_modL1_fusion64_fusionL1_drop0p1_trmiss20_trlocradio_report|lr1e-04_bs32_modL1_fusion64_fusionL1_drop0p2_trmiss20_trlocradio_report|lr1e-04_bs32_modL1_fusion32_fusionL1_drop0p2_trmiss20_trlocradio_report,0.7038394668212113,0.6512396700514687,0.7033778536386286,0.5079365079365079,0.6442965239173707,0.5964912280701754,0.6388888888888888,0.5238095238095238,0.15895771927640542,2002,radio_report,0.2
2,test_outer,clin,0.8,5,lr5e-05_bs16_modL1_fusion64_fusionL1_drop0p2_trmiss20_trlocradio_report|lr1e-04_bs16_modL1_fusion32_fusionL1_drop0p1_trmiss20_trlocradio_report|lr5e-05_bs16_modL1_fusion64_fusionL1_drop0p1_trmiss20_trlocradio_report|lr1e-04_bs32_modL1_fusion64_fusionL1_drop0p2_trmiss20_trlocradio_report|lr1e-04_bs32_modL1_fusion32_fusionL1_drop0p2_trmiss20_trlocradio_report,0.7038394668212113,0.6512396700514687,0.7054029519182154,0.5039682539682541,0.6467720076241411,0.5789473684210527,0.5833333333333334,0.5714285714285714,0.14951420452417674,2002,radio_report,0.2
2,test_outer,blood,0.0,5,lr5e-05_bs16_modL1_fusion64_fusionL1_drop0p2_trmiss20_trlocradio_report|lr1e-04_bs16_modL1_fusion32_fusionL1_drop0p1_trmiss20_trlocradio_report|lr5e-05_bs16_modL1_fusion64_fusionL1_drop0p1_trmiss20_trlocradio_report|lr1e-04_bs32_modL1_fusion64_fusionL1_drop0p2_trmiss20_trlocradio_report|lr1e-04_bs32_modL1_fusion32_fusionL1_drop0p2_trmiss20_trlocradio_report,0.7038394668212113,0.6512396700514687,0.7073213104060815,0.4880952380952381,0.6391964637216211,0.5614035087719298,0.5833333333333334,0.5238095238095238,0.1037663642424823,2002,radio_report,0.2
2,test_outer,blood,0.2,5,lr5e-05_bs16_modL1_fusion64_fusionL1_drop0p2_trmiss20_trlocradio_report|lr1e-04_bs16_modL1_fusion32_fusionL1_drop0p1_trmiss20_trlocradio_report|lr5e-05_bs16_modL1_fusion64_fusionL1_drop0p1_trmiss20_trlocradio_report|lr1e-04_bs32_modL1_fusion64_fusionL1_drop0p2_trmiss20_trlocradio_report|lr1e-04_bs32_modL1_fusion32_fusionL1_drop0p2_trmiss20_trlocradio_report,0.7038394668212113,0.6512396700514687,0.7120219164837452,0.4775132275132275,0.6292238788371242,0.5789473684210527,0.6111111111111112,0.5238095238095238,0.13115784746777812,2002,radio_report,0.2
2,test_outer,blood,0.4,5,lr5e-05_bs16_modL1_fusion64_fusionL1_drop0p2_trmiss20_trlocradio_report|lr1e-04_bs16_modL1_fusion32_fusionL1_drop0p1_trmiss20_trlocradio_report|lr5e-05_bs16_modL1_fusion64_fusionL1_drop0p1_trmiss20_trlocradio_report|lr1e-04_bs32_modL1_fusion64_fusionL1_drop0p2_trmiss20_trlocradio_report|lr1e-04_bs32_modL1_fusion32_fusionL1_drop0p2_trmiss20_trlocradio_report,0.7038394668212113,0.6512396700514687,0.7033683238477567,0.5026455026455027,0.6449501459517529,0.5263157894736842,0.5277777777777778,0.5238095238095238,0.04977665340318334,2002,radio_report,0.2
2,test_outer,blood,0.6,5,lr5e-05_bs16_modL1_fusion64_fusionL1_drop0p2_trmiss20_trlocradio_report|lr1e-04_bs16_modL1_fusion32_fusionL1_drop0p1_trmiss20_trlocradio_report|lr5e-05_bs16_modL1_fusion64_fusionL1_drop0p1_trmiss20_trlocradio_report|lr1e-04_bs32_modL1_fusion64_fusionL1_drop0p2_trmiss20_trlocradio_report|lr1e-04_bs32_modL1_fusion32_fusionL1_drop0p2_trmiss20_trlocradio_report,0.7038394668212113,0.6512396700514687,0.7044046619282391,0.4894179894179894,0.6365620741551238,0.5614035087719298,0.5833333333333334,0.5238095238095238,0.1037663642424823,2002,radio_report,0.2
2,test_outer,blood,0.8,5,lr5e-05_bs16_modL1_fusion64_fusionL1_drop0p2_trmiss20_trlocradio_report|lr1e-04_bs16_modL1_fusion32_fusionL1_drop0p1_trmiss20_trlocradio_report|lr5e-05_bs16_modL1_fusion64_fusionL1_drop0p1_trmiss20_trlocradio_report|lr1e-04_bs32_modL1_fusion64_fusionL1_drop0p2_trmiss20_trlocradio_report|lr1e-04_bs32_modL1_fusion32_fusionL1_drop0p2_trmiss20_trlocradio_report,0.7038394668212113,0.6512396700514687,0.7062474361156743,0.4986772486772487,0.6403342652541213,0.543859649122807,0.5555555555555556,0.5238095238095238,0.07667395103803937,2002,radio_report,0.2
2,test_outer,radio_report,0.0,5,lr5e-05_bs16_modL1_fusion64_fusionL1_drop0p2_trmiss20_trlocradio_report|lr1e-04_bs16_modL1_fusion32_fusionL1_drop0p1_trmiss20_trlocradio_report|lr5e-05_bs16_modL1_fusion64_fusionL1_drop0p1_trmiss20_trlocradio_report|lr1e-04_bs32_modL1_fusion64_fusionL1_drop0p2_trmiss20_trlocradio_report|lr1e-04_bs32_modL1_fusion32_fusionL1_drop0p2_trmiss20_trlocradio_report,0.7038394668212113,0.6512396700514687,0.7073213104060815,0.4880952380952381,0.6391964637216211,0.5614035087719298,0.5833333333333334,0.5238095238095238,0.1037663642424823,2002,radio_report,0.2
2,test_outer,radio_report,0.2,5,lr5e-05_bs16_modL1_fusion64_fusionL1_drop0p2_trmiss20_trlocradio_report|lr1e-04_bs16_modL1_fusion32_fusionL1_drop0p1_trmiss20_trlocradio_report|lr5e-05_bs16_modL1_fusion64_fusionL1_drop0p1_trmiss20_trlocradio_report|lr1e-04_bs32_modL1_fusion64_fusionL1_drop0p2_trmiss20_trlocradio_report|lr1e-04_bs32_modL1_fusion32_fusionL1_drop0p2_trmiss20_trlocradio_report,0.7038394668212113,0.6512396700514687,0.7085259148529094,0.4788359788359789,0.6364111387533599,0.543859649122807,0.5833333333333334,0.47619047619047616,0.057863756235784464,2002,radio_report,0.2
2,test_outer,radio_report,0.4,5,lr5e-05_bs16_modL1_fusion64_fusionL1_drop0p2_trmiss20_trlocradio_report|lr1e-04_bs16_modL1_fusion32_fusionL1_drop0p1_trmiss20_trlocradio_report|lr5e-05_bs16_modL1_fusion64_fusionL1_drop0p1_trmiss20_trlocradio_report|lr1e-04_bs32_modL1_fusion64_fusionL1_drop0p2_trmiss20_trlocradio_report|lr1e-04_bs32_modL1_fusion32_fusionL1_drop0p2_trmiss20_trlocradio_report,0.7038394668212113,0.6512396700514687,0.7002035570612946,0.48412698412698413,0.631723438644244,0.543859649122807,0.5833333333333334,0.47619047619047616,0.057863756235784464,2002,radio_report,0.2
2,test_outer,radio_report,0.6,5,lr5e-05_bs16_modL1_fusion64_fusionL1_drop0p2_trmiss20_trlocradio_report|lr1e-04_bs16_modL1_fusion32_fusionL1_drop0p1_trmiss20_trlocradio_report|lr5e-05_bs16_modL1_fusion64_fusionL1_drop0p1_trmiss20_trlocradio_report|lr1e-04_bs32_modL1_fusion64_fusionL1_drop0p2_trmiss20_trlocradio_report|lr1e-04_bs32_modL1_fusion32_fusionL1_drop0p2_trmiss20_trlocradio_report,0.7038394668212113,0.6512396700514687,0.6958366885486817,0.4933862433862434,0.6471245659657674,0.5614035087719298,0.6111111111111112,0.47619047619047616,0.08529438595319316,2002,radio_report,0.2
2,test_outer,radio_report,0.8,5,lr5e-05_bs16_modL1_fusion64_fusionL1_drop0p2_trmiss20_trlocradio_report|lr1e-04_bs16_modL1_fusion32_fusionL1_drop0p1_trmiss20_trlocradio_report|lr5e-05_bs16_modL1_fusion64_fusionL1_drop0p1_trmiss20_trlocradio_report|lr1e-04_bs32_modL1_fusion64_fusionL1_drop0p2_trmiss20_trlocradio_report|lr1e-04_bs32_modL1_fusion32_fusionL1_drop0p2_trmiss20_trlocradio_report,0.7038394668212113,0.6512396700514687,0.6936372131120306,0.5211640211640212,0.6556180189156221,0.543859649122807,0.6111111111111112,0.42857142857142855,0.03901727911659971,2002,radio_report,0.2
3,test_outer,global,0.0,5,lr1e-04_bs16_modL1_fusion64_fusionL1_drop0p1_trmiss20_trlocradio_report|lr5e-05_bs16_modL1_fusion32_fusionL1_drop0p2_trmiss20_trlocradio_report|lr1e-04_bs16_modL1_fusion32_fusionL1_drop0p2_trmiss20_trlocradio_report|lr5e-05_bs16_modL1_fusion32_fusionL1_drop0p2_trmiss20_trlocradio_report|lr1e-04_bs16_modL1_fusion32_fusionL1_drop0p2_trmiss20_trlocradio_report,0.7689582729643581,0.6234555889327744,0.6805692177491045,0.4993197278911565,0.6853861707029877,0.5357142857142857,0.7142857142857143,0.23809523809523808,-0.052057920629535355,2002,radio_report,0.2
3,test_outer,global,0.2,5,lr1e-04_bs16_modL1_fusion64_fusionL1_drop0p1_trmiss20_trlocradio_report|lr5e-05_bs16_modL1_fusion32_fusionL1_drop0p2_trmiss20_trlocradio_report|lr1e-04_bs16_modL1_fusion32_fusionL1_drop0p2_trmiss20_trlocradio_report|lr5e-05_bs16_modL1_fusion32_fusionL1_drop0p2_trmiss20_trlocradio_report|lr1e-04_bs16_modL1_fusion32_fusionL1_drop0p2_trmiss20_trlocradio_report,0.7689582729643581,0.6234555889327744,0.6792178822144138,0.5319727891156463,0.6939964494415211,0.5535714285714286,0.7142857142857143,0.2857142857142857,0.0,2002,radio_report,0.2
3,test_outer,global,0.4,5,lr1e-04_bs16_modL1_fusion64_fusionL1_drop0p1_trmiss20_trlocradio_report|lr5e-05_bs16_modL1_fusion32_fusionL1_drop0p2_trmiss20_trlocradio_report|lr1e-04_bs16_modL1_fusion32_fusionL1_drop0p2_trmiss20_trlocradio_report|lr5e-05_bs16_modL1_fusion32_fusionL1_drop0p2_trmiss20_trlocradio_report|lr1e-04_bs16_modL1_fusion32_fusionL1_drop0p2_trmiss20_trlocradio_report,0.7689582729643581,0.6234555889327744,0.6805662015087671,0.4870748299319728,0.6503584383894936,0.5892857142857143,0.7428571428571429,0.3333333333333333,0.0816496580927726,2002,radio_report,0.2
3,test_outer,global,0.6,5,lr1e-04_bs16_modL1_fusion64_fusionL1_drop0p1_trmiss20_trlocradio_report|lr5e-05_bs16_modL1_fusion32_fusionL1_drop0p2_trmiss20_trlocradio_report|lr1e-04_bs16_modL1_fusion32_fusionL1_drop0p2_trmiss20_trlocradio_report|lr5e-05_bs16_modL1_fusion32_fusionL1_drop0p2_trmiss20_trlocradio_report|lr1e-04_bs16_modL1_fusion32_fusionL1_drop0p2_trmiss20_trlocradio_report,0.7689582729643581,0.6234555889327744,0.6766356924012495,0.5496598639455782,0.6835847684295693,0.625,0.8571428571428571,0.23809523809523808,0.1203858530857692,2002,radio_report,0.2
3,test_outer,global,0.8,5,lr1e-04_bs16_modL1_fusion64_fusionL1_drop0p1_trmiss20_trlocradio_report|lr5e-05_bs16_modL1_fusion32_fusionL1_drop0p2_trmiss20_trlocradio_report|lr1e-04_bs16_modL1_fusion32_fusionL1_drop0p2_trmiss20_trlocradio_report|lr5e-05_bs16_modL1_fusion32_fusionL1_drop0p2_trmiss20_trlocradio_report|lr1e-04_bs16_modL1_fusion32_fusionL1_drop0p2_trmiss20_trlocradio_report,0.7689582729643581,0.6234555889327744,0.6765911637884352,0.5496598639455782,0.6469616244943392,0.5892857142857143,0.9142857142857143,0.047619047619047616,-0.07161148740394328,2002,radio_report,0.2
3,test_outer,path,0.0,5,lr1e-04_bs16_modL1_fusion64_fusionL1_drop0p1_trmiss20_trlocradio_report|lr5e-05_bs16_modL1_fusion32_fusionL1_drop0p2_trmiss20_trlocradio_report|lr1e-04_bs16_modL1_fusion32_fusionL1_drop0p2_trmiss20_trlocradio_report|lr5e-05_bs16_modL1_fusion32_fusionL1_drop0p2_trmiss20_trlocradio_report|lr1e-04_bs16_modL1_fusion32_fusionL1_drop0p2_trmiss20_trlocradio_report,0.7689582729643581,0.6234555889327744,0.6805692177491045,0.4993197278911565,0.6853861707029877,0.5357142857142857,0.7142857142857143,0.23809523809523808,-0.052057920629535355,2002,radio_report,0.2
3,test_outer,path,0.2,5,lr1e-04_bs16_modL1_fusion64_fusionL1_drop0p1_trmiss20_trlocradio_report|lr5e-05_bs16_modL1_fusion32_fusionL1_drop0p2_trmiss20_trlocradio_report|lr1e-04_bs16_modL1_fusion32_fusionL1_drop0p2_trmiss20_trlocradio_report|lr5e-05_bs16_modL1_fusion32_fusionL1_drop0p2_trmiss20_trlocradio_report|lr1e-04_bs16_modL1_fusion32_fusionL1_drop0p2_trmiss20_trlocradio_report,0.7689582729643581,0.6234555889327744,0.6824621635183414,0.49795918367346936,0.6859259980536188,0.5,0.6857142857142857,0.19047619047619047,-0.13535059363679192,2002,radio_report,0.2
3,test_outer,path,0.4,5,lr1e-04_bs16_modL1_fusion64_fusionL1_drop0p1_trmiss20_trlocradio_report|lr5e-05_bs16_modL1_fusion32_fusionL1_drop0p2_trmiss20_trlocradio_report|lr1e-04_bs16_modL1_fusion32_fusionL1_drop0p2_trmiss20_trlocradio_report|lr5e-05_bs16_modL1_fusion32_fusionL1_drop0p2_trmiss20_trlocradio_report|lr1e-04_bs16_modL1_fusion32_fusionL1_drop0p2_trmiss20_trlocradio_report,0.7689582729643581,0.6234555889327744,0.6772007096667946,0.5224489795918368,0.6996429195918064,0.5178571428571429,0.6857142857142857,0.23809523809523808,-0.0816496580927726,2002,radio_report,0.2
3,test_outer,path,0.6,5,lr1e-04_bs16_modL1_fusion64_fusionL1_drop0p1_trmiss20_trlocradio_report|lr5e-05_bs16_modL1_fusion32_fusionL1_drop0p2_trmiss20_trlocradio_report|lr1e-04_bs16_modL1_fusion32_fusionL1_drop0p2_trmiss20_trlocradio_report|lr5e-05_bs16_modL1_fusion32_fusionL1_drop0p2_trmiss20_trlocradio_report|lr1e-04_bs16_modL1_fusion32_fusionL1_drop0p2_trmiss20_trlocradio_report,0.7689582729643581,0.6234555889327744,0.6717358267264942,0.5414965986394558,0.7163589522926113,0.5357142857142857,0.6857142857142857,0.2857142857142857,-0.030082841879809342,2002,radio_report,0.2
3,test_outer,path,0.8,5,lr1e-04_bs16_modL1_fusion64_fusionL1_drop0p1_trmiss20_trlocradio_report|lr5e-05_bs16_modL1_fusion32_fusionL1_drop0p2_trmiss20_trlocradio_report|lr1e-04_bs16_modL1_fusion32_fusionL1_drop0p2_trmiss20_trlocradio_report|lr5e-05_bs16_modL1_fusion32_fusionL1_drop0p2_trmiss20_trlocradio_report|lr1e-04_bs16_modL1_fusion32_fusionL1_drop0p2_trmiss20_trlocradio_report,0.7689582729643581,0.6234555889327744,0.6752208563159788,0.5319727891156463,0.7038277000615968,0.5535714285714286,0.7428571428571429,0.23809523809523808,-0.021295885499997995,2002,radio_report,0.2
3,test_outer,radio,0.0,5,lr1e-04_bs16_modL1_fusion64_fusionL1_drop0p1_trmiss20_trlocradio_report|lr5e-05_bs16_modL1_fusion32_fusionL1_drop0p2_trmiss20_trlocradio_report|lr1e-04_bs16_modL1_fusion32_fusionL1_drop0p2_trmiss20_trlocradio_report|lr5e-05_bs16_modL1_fusion32_fusionL1_drop0p2_trmiss20_trlocradio_report|lr1e-04_bs16_modL1_fusion32_fusionL1_drop0p2_trmiss20_trlocradio_report,0.7689582729643581,0.6234555889327744,0.6805692177491045,0.4993197278911565,0.6853861707029877,0.5357142857142857,0.7142857142857143,0.23809523809523808,-0.052057920629535355,2002,radio_report,0.2
3,test_outer,radio,0.2,5,lr1e-04_bs16_modL1_fusion64_fusionL1_drop0p1_trmiss20_trlocradio_report|lr5e-05_bs16_modL1_fusion32_fusionL1_drop0p2_trmiss20_trlocradio_report|lr1e-04_bs16_modL1_fusion32_fusionL1_drop0p2_trmiss20_trlocradio_report|lr5e-05_bs16_modL1_fusion32_fusionL1_drop0p2_trmiss20_trlocradio_report|lr1e-04_bs16_modL1_fusion32_fusionL1_drop0p2_trmiss20_trlocradio_report,0.7689582729643581,0.6234555889327744,0.6833015716313389,0.49251700680272104,0.67612770731808,0.5357142857142857,0.7142857142857143,0.23809523809523808,-0.052057920629535355,2002,radio_report,0.2
3,test_outer,radio,0.4,5,lr1e-04_bs16_modL1_fusion64_fusionL1_drop0p1_trmiss20_trlocradio_report|lr5e-05_bs16_modL1_fusion32_fusionL1_drop0p2_trmiss20_trlocradio_report|lr1e-04_bs16_modL1_fusion32_fusionL1_drop0p2_trmiss20_trlocradio_report|lr5e-05_bs16_modL1_fusion32_fusionL1_drop0p2_trmiss20_trlocradio_report|lr1e-04_bs16_modL1_fusion32_fusionL1_drop0p2_trmiss20_trlocradio_report,0.7689582729643581,0.6234555889327744,0.6742693029520065,0.5306122448979591,0.6999506454417374,0.5357142857142857,0.6857142857142857,0.2857142857142857,-0.030082841879809342,2002,radio_report,0.2
3,test_outer,radio,0.6,5,lr1e-04_bs16_modL1_fusion64_fusionL1_drop0p1_trmiss20_trlocradio_report|lr5e-05_bs16_modL1_fusion32_fusionL1_drop0p2_trmiss20_trlocradio_report|lr1e-04_bs16_modL1_fusion32_fusionL1_drop0p2_trmiss20_trlocradio_report|lr5e-05_bs16_modL1_fusion32_fusionL1_drop0p2_trmiss20_trlocradio_report|lr1e-04_bs16_modL1_fusion32_fusionL1_drop0p2_trmiss20_trlocradio_report,0.7689582729643581,0.6234555889327744,0.6770967656452124,0.5102040816326531,0.6733706538413462,0.5535714285714286,0.7142857142857143,0.2857142857142857,0.0,2002,radio_report,0.2
3,test_outer,radio,0.8,5,lr1e-04_bs16_modL1_fusion64_fusionL1_drop0p1_trmiss20_trlocradio_report|lr5e-05_bs16_modL1_fusion32_fusionL1_drop0p2_trmiss20_trlocradio_report|lr1e-04_bs16_modL1_fusion32_fusionL1_drop0p2_trmiss20_trlocradio_report|lr5e-05_bs16_modL1_fusion32_fusionL1_drop0p2_trmiss20_trlocradio_report|lr1e-04_bs16_modL1_fusion32_fusionL1_drop0p2_trmiss20_trlocradio_report,0.7689582729643581,0.6234555889327744,0.6739892460207423,0.5414965986394558,0.6820972299804124,0.5892857142857143,0.7428571428571429,0.3333333333333333,0.0816496580927726,2002,radio_report,0.2
3,test_outer,clin,0.0,5,lr1e-04_bs16_modL1_fusion64_fusionL1_drop0p1_trmiss20_trlocradio_report|lr5e-05_bs16_modL1_fusion32_fusionL1_drop0p2_trmiss20_trlocradio_report|lr1e-04_bs16_modL1_fusion32_fusionL1_drop0p2_trmiss20_trlocradio_report|lr5e-05_bs16_modL1_fusion32_fusionL1_drop0p2_trmiss20_trlocradio_report|lr1e-04_bs16_modL1_fusion32_fusionL1_drop0p2_trmiss20_trlocradio_report,0.7689582729643581,0.6234555889327744,0.6805692177491045,0.4993197278911565,0.6853861707029877,0.5357142857142857,0.7142857142857143,0.23809523809523808,-0.052057920629535355,2002,radio_report,0.2
3,test_outer,clin,0.2,5,lr1e-04_bs16_modL1_fusion64_fusionL1_drop0p1_trmiss20_trlocradio_report|lr5e-05_bs16_modL1_fusion32_fusionL1_drop0p2_trmiss20_trlocradio_report|lr1e-04_bs16_modL1_fusion32_fusionL1_drop0p2_trmiss20_trlocradio_report|lr5e-05_bs16_modL1_fusion32_fusionL1_drop0p2_trmiss20_trlocradio_report|lr1e-04_bs16_modL1_fusion32_fusionL1_drop0p2_trmiss20_trlocradio_report,0.7689582729643581,0.6234555889327744,0.6809235965603365,0.4857142857142857,0.6793748737867935,0.5357142857142857,0.7142857142857143,0.23809523809523808,-0.052057920629535355,2002,radio_report,0.2
3,test_outer,clin,0.4,5,lr1e-04_bs16_modL1_fusion64_fusionL1_drop0p1_trmiss20_trlocradio_report|lr5e-05_bs16_modL1_fusion32_fusionL1_drop0p2_trmiss20_trlocradio_report|lr1e-04_bs16_modL1_fusion32_fusionL1_drop0p2_trmiss20_trlocradio_report|lr5e-05_bs16_modL1_fusion32_fusionL1_drop0p2_trmiss20_trlocradio_report|lr1e-04_bs16_modL1_fusion32_fusionL1_drop0p2_trmiss20_trlocradio_report,0.7689582729643581,0.6234555889327744,0.6798908502572623,0.4993197278911564,0.6856744898978091,0.5357142857142857,0.7142857142857143,0.23809523809523808,-0.052057920629535355,2002,radio_report,0.2
3,test_outer,clin,0.6,5,lr1e-04_bs16_modL1_fusion64_fusionL1_drop0p1_trmiss20_trlocradio_report|lr5e-05_bs16_modL1_fusion32_fusionL1_drop0p2_trmiss20_trlocradio_report|lr1e-04_bs16_modL1_fusion32_fusionL1_drop0p2_trmiss20_trlocradio_report|lr5e-05_bs16_modL1_fusion32_fusionL1_drop0p2_trmiss20_trlocradio_report|lr1e-04_bs16_modL1_fusion32_fusionL1_drop0p2_trmiss20_trlocradio_report,0.7689582729643581,0.6234555889327744,0.682729942638599,0.48027210884353744,0.6827313396954924,0.5535714285714286,0.7428571428571429,0.23809523809523808,-0.021295885499997995,2002,radio_report,0.2
3,test_outer,clin,0.8,5,lr1e-04_bs16_modL1_fusion64_fusionL1_drop0p1_trmiss20_trlocradio_report|lr5e-05_bs16_modL1_fusion32_fusionL1_drop0p2_trmiss20_trlocradio_report|lr1e-04_bs16_modL1_fusion32_fusionL1_drop0p2_trmiss20_trlocradio_report|lr5e-05_bs16_modL1_fusion32_fusionL1_drop0p2_trmiss20_trlocradio_report|lr1e-04_bs16_modL1_fusion32_fusionL1_drop0p2_trmiss20_trlocradio_report,0.7689582729643581,0.6234555889327744,0.683023048724821,0.4816326530612245,0.6776754022358769,0.5357142857142857,0.7142857142857143,0.23809523809523808,-0.052057920629535355,2002,radio_report,0.2
3,test_outer,blood,0.0,5,lr1e-04_bs16_modL1_fusion64_fusionL1_drop0p1_trmiss20_trlocradio_report|lr5e-05_bs16_modL1_fusion32_fusionL1_drop0p2_trmiss20_trlocradio_report|lr1e-04_bs16_modL1_fusion32_fusionL1_drop0p2_trmiss20_trlocradio_report|lr5e-05_bs16_modL1_fusion32_fusionL1_drop0p2_trmiss20_trlocradio_report|lr1e-04_bs16_modL1_fusion32_fusionL1_drop0p2_trmiss20_trlocradio_report,0.7689582729643581,0.6234555889327744,0.6805692177491045,0.4993197278911565,0.6853861707029877,0.5357142857142857,0.7142857142857143,0.23809523809523808,-0.052057920629535355,2002,radio_report,0.2
3,test_outer,blood,0.2,5,lr1e-04_bs16_modL1_fusion64_fusionL1_drop0p1_trmiss20_trlocradio_report|lr5e-05_bs16_modL1_fusion32_fusionL1_drop0p2_trmiss20_trlocradio_report|lr1e-04_bs16_modL1_fusion32_fusionL1_drop0p2_trmiss20_trlocradio_report|lr5e-05_bs16_modL1_fusion32_fusionL1_drop0p2_trmiss20_trlocradio_report|lr1e-04_bs16_modL1_fusion32_fusionL1_drop0p2_trmiss20_trlocradio_report,0.7689582729643581,0.6234555889327744,0.6819016158407781,0.48299319727891155,0.6791061694057146,0.5535714285714286,0.7428571428571429,0.23809523809523808,-0.021295885499997995,2002,radio_report,0.2
3,test_outer,blood,0.4,5,lr1e-04_bs16_modL1_fusion64_fusionL1_drop0p1_trmiss20_trlocradio_report|lr5e-05_bs16_modL1_fusion32_fusionL1_drop0p2_trmiss20_trlocradio_report|lr1e-04_bs16_modL1_fusion32_fusionL1_drop0p2_trmiss20_trlocradio_report|lr5e-05_bs16_modL1_fusion32_fusionL1_drop0p2_trmiss20_trlocradio_report|lr1e-04_bs16_modL1_fusion32_fusionL1_drop0p2_trmiss20_trlocradio_report,0.7689582729643581,0.6234555889327744,0.6783323797950003,0.5034013605442176,0.6892398058264357,0.5714285714285714,0.7714285714285715,0.23809523809523808,0.01092064944849268,2002,radio_report,0.2
3,test_outer,blood,0.6,5,lr1e-04_bs16_modL1_fusion64_fusionL1_drop0p1_trmiss20_trlocradio_report|lr5e-05_bs16_modL1_fusion32_fusionL1_drop0p2_trmiss20_trlocradio_report|lr1e-04_bs16_modL1_fusion32_fusionL1_drop0p2_trmiss20_trlocradio_report|lr5e-05_bs16_modL1_fusion32_fusionL1_drop0p2_trmiss20_trlocradio_report|lr1e-04_bs16_modL1_fusion32_fusionL1_drop0p2_trmiss20_trlocradio_report,0.7689582729643581,0.6234555889327744,0.6808782110282537,0.48435374149659866,0.6795103176987722,0.5178571428571429,0.6857142857142857,0.23809523809523808,-0.0816496580927726,2002,radio_report,0.2
3,test_outer,blood,0.8,5,lr1e-04_bs16_modL1_fusion64_fusionL1_drop0p1_trmiss20_trlocradio_report|lr5e-05_bs16_modL1_fusion32_fusionL1_drop0p2_trmiss20_trlocradio_report|lr1e-04_bs16_modL1_fusion32_fusionL1_drop0p2_trmiss20_trlocradio_report|lr5e-05_bs16_modL1_fusion32_fusionL1_drop0p2_trmiss20_trlocradio_report|lr1e-04_bs16_modL1_fusion32_fusionL1_drop0p2_trmiss20_trlocradio_report,0.7689582729643581,0.6234555889327744,0.6808161590343431,0.49523809523809526,0.686862175178427,0.5178571428571429,0.6857142857142857,0.23809523809523808,-0.0816496580927726,2002,radio_report,0.2
3,test_outer,radio_report,0.0,5,lr1e-04_bs16_modL1_fusion64_fusionL1_drop0p1_trmiss20_trlocradio_report|lr5e-05_bs16_modL1_fusion32_fusionL1_drop0p2_trmiss20_trlocradio_report|lr1e-04_bs16_modL1_fusion32_fusionL1_drop0p2_trmiss20_trlocradio_report|lr5e-05_bs16_modL1_fusion32_fusionL1_drop0p2_trmiss20_trlocradio_report|lr1e-04_bs16_modL1_fusion32_fusionL1_drop0p2_trmiss20_trlocradio_report,0.7689582729643581,0.6234555889327744,0.6805692177491045,0.4993197278911565,0.6853861707029877,0.5357142857142857,0.7142857142857143,0.23809523809523808,-0.052057920629535355,2002,radio_report,0.2
3,test_outer,radio_report,0.2,5,lr1e-04_bs16_modL1_fusion64_fusionL1_drop0p1_trmiss20_trlocradio_report|lr5e-05_bs16_modL1_fusion32_fusionL1_drop0p2_trmiss20_trlocradio_report|lr1e-04_bs16_modL1_fusion32_fusionL1_drop0p2_trmiss20_trlocradio_report|lr5e-05_bs16_modL1_fusion32_fusionL1_drop0p2_trmiss20_trlocradio_report|lr1e-04_bs16_modL1_fusion32_fusionL1_drop0p2_trmiss20_trlocradio_report,0.7689582729643581,0.6234555889327744,0.68031354036654,0.4897959183673469,0.6669167585141718,0.5714285714285714,0.7714285714285715,0.23809523809523808,0.01092064944849268,2002,radio_report,0.2
3,test_outer,radio_report,0.4,5,lr1e-04_bs16_modL1_fusion64_fusionL1_drop0p1_trmiss20_trlocradio_report|lr5e-05_bs16_modL1_fusion32_fusionL1_drop0p2_trmiss20_trlocradio_report|lr1e-04_bs16_modL1_fusion32_fusionL1_drop0p2_trmiss20_trlocradio_report|lr5e-05_bs16_modL1_fusion32_fusionL1_drop0p2_trmiss20_trlocradio_report|lr1e-04_bs16_modL1_fusion32_fusionL1_drop0p2_trmiss20_trlocradio_report,0.7689582729643581,0.6234555889327744,0.6818414997473629,0.4857142857142857,0.6560042545845259,0.5357142857142857,0.7142857142857143,0.23809523809523808,-0.052057920629535355,2002,radio_report,0.2
3,test_outer,radio_report,0.6,5,lr1e-04_bs16_modL1_fusion64_fusionL1_drop0p1_trmiss20_trlocradio_report|lr5e-05_bs16_modL1_fusion32_fusionL1_drop0p2_trmiss20_trlocradio_report|lr1e-04_bs16_modL1_fusion32_fusionL1_drop0p2_trmiss20_trlocradio_report|lr5e-05_bs16_modL1_fusion32_fusionL1_drop0p2_trmiss20_trlocradio_report|lr1e-04_bs16_modL1_fusion32_fusionL1_drop0p2_trmiss20_trlocradio_report,0.7689582729643581,0.6234555889327744,0.691216412706549,0.4530612244897959,0.632646890377702,0.5357142857142857,0.7142857142857143,0.23809523809523808,-0.052057920629535355,2002,radio_report,0.2
3,test_outer,radio_report,0.8,5,lr1e-04_bs16_modL1_fusion64_fusionL1_drop0p1_trmiss20_trlocradio_report|lr5e-05_bs16_modL1_fusion32_fusionL1_drop0p2_trmiss20_trlocradio_report|lr1e-04_bs16_modL1_fusion32_fusionL1_drop0p2_trmiss20_trlocradio_report|lr5e-05_bs16_modL1_fusion32_fusionL1_drop0p2_trmiss20_trlocradio_report|lr1e-04_bs16_modL1_fusion32_fusionL1_drop0p2_trmiss20_trlocradio_report,0.7689582729643581,0.6234555889327744,0.6865071757440562,0.4707482993197279,0.641830783050104,0.5714285714285714,0.7428571428571429,0.2857142857142857,0.031234752377721213,2002,radio_report,0.2
4,test_outer,global,0.0,5,lr5e-05_bs16_modL1_fusion32_fusionL1_drop0p1_trmiss20_trlocradio_report|lr5e-05_bs16_modL1_fusion32_fusionL1_drop0p2_trmiss20_trlocradio_report|lr5e-05_bs32_modL1_fusion32_fusionL1_drop0p2_trmiss20_trlocradio_report|lr1e-04_bs16_modL1_fusion64_fusionL1_drop0p1_trmiss20_trlocradio_report|lr1e-04_bs32_modL1_fusion64_fusionL1_drop0p2_trmiss20_trlocradio_report,0.6985221674876848,0.6573820846380243,0.6378670968568131,0.8486111111111111,0.91534508210054,0.7142857142857143,0.6388888888888888,0.85,0.46970925116158896,2002,radio_report,0.2
4,test_outer,global,0.2,5,lr5e-05_bs16_modL1_fusion32_fusionL1_drop0p1_trmiss20_trlocradio_report|lr5e-05_bs16_modL1_fusion32_fusionL1_drop0p2_trmiss20_trlocradio_report|lr5e-05_bs32_modL1_fusion32_fusionL1_drop0p2_trmiss20_trlocradio_report|lr1e-04_bs16_modL1_fusion64_fusionL1_drop0p1_trmiss20_trlocradio_report|lr1e-04_bs32_modL1_fusion64_fusionL1_drop0p2_trmiss20_trlocradio_report,0.6985221674876848,0.6573820846380243,0.6562799989520227,0.7458333333333333,0.8653146336001666,0.6785714285714286,0.5555555555555556,0.9,0.4469477924479479,2002,radio_report,0.2
4,test_outer,global,0.4,5,lr5e-05_bs16_modL1_fusion32_fusionL1_drop0p1_trmiss20_trlocradio_report|lr5e-05_bs16_modL1_fusion32_fusionL1_drop0p2_trmiss20_trlocradio_report|lr5e-05_bs32_modL1_fusion32_fusionL1_drop0p2_trmiss20_trlocradio_report|lr1e-04_bs16_modL1_fusion64_fusionL1_drop0p1_trmiss20_trlocradio_report|lr1e-04_bs32_modL1_fusion64_fusionL1_drop0p2_trmiss20_trlocradio_report,0.6985221674876848,0.6573820846380243,0.6566261465036164,0.7930555555555556,0.8688030679439778,0.75,0.6666666666666666,0.9,0.5444357229372963,2002,radio_report,0.2
4,test_outer,global,0.6,5,lr5e-05_bs16_modL1_fusion32_fusionL1_drop0p1_trmiss20_trlocradio_report|lr5e-05_bs16_modL1_fusion32_fusionL1_drop0p2_trmiss20_trlocradio_report|lr5e-05_bs32_modL1_fusion32_fusionL1_drop0p2_trmiss20_trlocradio_report|lr1e-04_bs16_modL1_fusion64_fusionL1_drop0p1_trmiss20_trlocradio_report|lr1e-04_bs32_modL1_fusion64_fusionL1_drop0p2_trmiss20_trlocradio_report,0.6985221674876848,0.6573820846380243,0.6741953101497771,0.7430555555555556,0.852889560688056,0.5892857142857143,0.4444444444444444,0.85,0.29798331700803293,2002,radio_report,0.2
4,test_outer,global,0.8,5,lr5e-05_bs16_modL1_fusion32_fusionL1_drop0p1_trmiss20_trlocradio_report|lr5e-05_bs16_modL1_fusion32_fusionL1_drop0p2_trmiss20_trlocradio_report|lr5e-05_bs32_modL1_fusion32_fusionL1_drop0p2_trmiss20_trlocradio_report|lr1e-04_bs16_modL1_fusion64_fusionL1_drop0p1_trmiss20_trlocradio_report|lr1e-04_bs32_modL1_fusion64_fusionL1_drop0p2_trmiss20_trlocradio_report,0.6985221674876848,0.6573820846380243,0.6836383919161158,0.7361111111111112,0.8425793643229843,0.6071428571428571,0.4444444444444444,0.9,0.3533925434959975,2002,radio_report,0.2
4,test_outer,path,0.0,5,lr5e-05_bs16_modL1_fusion32_fusionL1_drop0p1_trmiss20_trlocradio_report|lr5e-05_bs16_modL1_fusion32_fusionL1_drop0p2_trmiss20_trlocradio_report|lr5e-05_bs32_modL1_fusion32_fusionL1_drop0p2_trmiss20_trlocradio_report|lr1e-04_bs16_modL1_fusion64_fusionL1_drop0p1_trmiss20_trlocradio_report|lr1e-04_bs32_modL1_fusion64_fusionL1_drop0p2_trmiss20_trlocradio_report,0.6985221674876848,0.6573820846380243,0.6378670968568131,0.8486111111111111,0.91534508210054,0.7142857142857143,0.6388888888888888,0.85,0.46970925116158896,2002,radio_report,0.2
4,test_outer,path,0.2,5,lr5e-05_bs16_modL1_fusion32_fusionL1_drop0p1_trmiss20_trlocradio_report|lr5e-05_bs16_modL1_fusion32_fusionL1_drop0p2_trmiss20_trlocradio_report|lr5e-05_bs32_modL1_fusion32_fusionL1_drop0p2_trmiss20_trlocradio_report|lr1e-04_bs16_modL1_fusion64_fusionL1_drop0p1_trmiss20_trlocradio_report|lr1e-04_bs32_modL1_fusion64_fusionL1_drop0p2_trmiss20_trlocradio_report,0.6985221674876848,0.6573820846380243,0.6383660764281052,0.8694444444444445,0.9273758696793624,0.7321428571428571,0.6666666666666666,0.85,0.49544541153489696,2002,radio_report,0.2
4,test_outer,path,0.4,5,lr5e-05_bs16_modL1_fusion32_fusionL1_drop0p1_trmiss20_trlocradio_report|lr5e-05_bs16_modL1_fusion32_fusionL1_drop0p2_trmiss20_trlocradio_report|lr5e-05_bs32_modL1_fusion32_fusionL1_drop0p2_trmiss20_trlocradio_report|lr1e-04_bs16_modL1_fusion64_fusionL1_drop0p1_trmiss20_trlocradio_report|lr1e-04_bs32_modL1_fusion64_fusionL1_drop0p2_trmiss20_trlocradio_report,0.6985221674876848,0.6573820846380243,0.6388737181291061,0.8513888888888889,0.9165581350323109,0.7857142857142857,0.7222222222222222,0.9,0.5962847939999439,2002,radio_report,0.2
4,test_outer,path,0.6,5,lr5e-05_bs16_modL1_fusion32_fusionL1_drop0p1_trmiss20_trlocradio_report|lr5e-05_bs16_modL1_fusion32_fusionL1_drop0p2_trmiss20_trlocradio_report|lr5e-05_bs32_modL1_fusion32_fusionL1_drop0p2_trmiss20_trlocradio_report|lr1e-04_bs16_modL1_fusion64_fusionL1_drop0p1_trmiss20_trlocradio_report|lr1e-04_bs32_modL1_fusion64_fusionL1_drop0p2_trmiss20_trlocradio_report,0.6985221674876848,0.6573820846380243,0.6355897382003095,0.8847222222222222,0.9374390516491767,0.8392857142857143,0.7777777777777778,0.95,0.6978854721620592,2002,radio_report,0.2
4,test_outer,path,0.8,5,lr5e-05_bs16_modL1_fusion32_fusionL1_drop0p1_trmiss20_trlocradio_report|lr5e-05_bs16_modL1_fusion32_fusionL1_drop0p2_trmiss20_trlocradio_report|lr5e-05_bs32_modL1_fusion32_fusionL1_drop0p2_trmiss20_trlocradio_report|lr1e-04_bs16_modL1_fusion64_fusionL1_drop0p1_trmiss20_trlocradio_report|lr1e-04_bs32_modL1_fusion64_fusionL1_drop0p2_trmiss20_trlocradio_report,0.6985221674876848,0.6573820846380243,0.6439198832199391,0.8388888888888889,0.9078257110471537,0.6964285714285714,0.6666666666666666,0.75,0.39955275123782014,2002,radio_report,0.2
4,test_outer,radio,0.0,5,lr5e-05_bs16_modL1_fusion32_fusionL1_drop0p1_trmiss20_trlocradio_report|lr5e-05_bs16_modL1_fusion32_fusionL1_drop0p2_trmiss20_trlocradio_report|lr5e-05_bs32_modL1_fusion32_fusionL1_drop0p2_trmiss20_trlocradio_report|lr1e-04_bs16_modL1_fusion64_fusionL1_drop0p1_trmiss20_trlocradio_report|lr1e-04_bs32_modL1_fusion64_fusionL1_drop0p2_trmiss20_trlocradio_report,0.6985221674876848,0.6573820846380243,0.6378670968568131,0.8486111111111111,0.91534508210054,0.7142857142857143,0.6388888888888888,0.85,0.46970925116158896,2002,radio_report,0.2
4,test_outer,radio,0.2,5,lr5e-05_bs16_modL1_fusion32_fusionL1_drop0p1_trmiss20_trlocradio_report|lr5e-05_bs16_modL1_fusion32_fusionL1_drop0p2_trmiss20_trlocradio_report|lr5e-05_bs32_modL1_fusion32_fusionL1_drop0p2_trmiss20_trlocradio_report|lr1e-04_bs16_modL1_fusion64_fusionL1_drop0p1_trmiss20_trlocradio_report|lr1e-04_bs32_modL1_fusion64_fusionL1_drop0p2_trmiss20_trlocradio_report,0.6985221674876848,0.6573820846380243,0.6397297902921851,0.8513888888888889,0.9143916036881549,0.75,0.6944444444444444,0.85,0.521749194749951,2002,radio_report,0.2
4,test_outer,radio,0.4,5,lr5e-05_bs16_modL1_fusion32_fusionL1_drop0p1_trmiss20_trlocradio_report|lr5e-05_bs16_modL1_fusion32_fusionL1_drop0p2_trmiss20_trlocradio_report|lr5e-05_bs32_modL1_fusion32_fusionL1_drop0p2_trmiss20_trlocradio_report|lr1e-04_bs16_modL1_fusion64_fusionL1_drop0p1_trmiss20_trlocradio_report|lr1e-04_bs32_modL1_fusion64_fusionL1_drop0p2_trmiss20_trlocradio_report,0.6985221674876848,0.6573820846380243,0.6431400953321543,0.8319444444444445,0.9075179147285642,0.7142857142857143,0.6388888888888888,0.85,0.46970925116158896,2002,radio_report,0.2
4,test_outer,radio,0.6,5,lr5e-05_bs16_modL1_fusion32_fusionL1_drop0p1_trmiss20_trlocradio_report|lr5e-05_bs16_modL1_fusion32_fusionL1_drop0p2_trmiss20_trlocradio_report|lr5e-05_bs32_modL1_fusion32_fusionL1_drop0p2_trmiss20_trlocradio_report|lr1e-04_bs16_modL1_fusion64_fusionL1_drop0p1_trmiss20_trlocradio_report|lr1e-04_bs32_modL1_fusion64_fusionL1_drop0p2_trmiss20_trlocradio_report,0.6985221674876848,0.6573820846380243,0.6513998010169674,0.7888888888888889,0.8854292808645283,0.6607142857142857,0.5833333333333334,0.8,0.3694808912951495,2002,radio_report,0.2
4,test_outer,radio,0.8,5,lr5e-05_bs16_modL1_fusion32_fusionL1_drop0p1_trmiss20_trlocradio_report|lr5e-05_bs16_modL1_fusion32_fusionL1_drop0p2_trmiss20_trlocradio_report|lr5e-05_bs32_modL1_fusion32_fusionL1_drop0p2_trmiss20_trlocradio_report|lr1e-04_bs16_modL1_fusion64_fusionL1_drop0p1_trmiss20_trlocradio_report|lr1e-04_bs32_modL1_fusion64_fusionL1_drop0p2_trmiss20_trlocradio_report,0.6985221674876848,0.6573820846380243,0.6500638336746591,0.7902777777777777,0.8954108289702216,0.7142857142857143,0.6388888888888888,0.85,0.46970925116158896,2002,radio_report,0.2
4,test_outer,clin,0.0,5,lr5e-05_bs16_modL1_fusion32_fusionL1_drop0p1_trmiss20_trlocradio_report|lr5e-05_bs16_modL1_fusion32_fusionL1_drop0p2_trmiss20_trlocradio_report|lr5e-05_bs32_modL1_fusion32_fusionL1_drop0p2_trmiss20_trlocradio_report|lr1e-04_bs16_modL1_fusion64_fusionL1_drop0p1_trmiss20_trlocradio_report|lr1e-04_bs32_modL1_fusion64_fusionL1_drop0p2_trmiss20_trlocradio_report,0.6985221674876848,0.6573820846380243,0.6378670968568131,0.8486111111111111,0.91534508210054,0.7142857142857143,0.6388888888888888,0.85,0.46970925116158896,2002,radio_report,0.2
4,test_outer,clin,0.2,5,lr5e-05_bs16_modL1_fusion32_fusionL1_drop0p1_trmiss20_trlocradio_report|lr5e-05_bs16_modL1_fusion32_fusionL1_drop0p2_trmiss20_trlocradio_report|lr5e-05_bs32_modL1_fusion32_fusionL1_drop0p2_trmiss20_trlocradio_report|lr1e-04_bs16_modL1_fusion64_fusionL1_drop0p1_trmiss20_trlocradio_report|lr1e-04_bs32_modL1_fusion64_fusionL1_drop0p2_trmiss20_trlocradio_report,0.6985221674876848,0.6573820846380243,0.6388320044504814,0.8333333333333333,0.8996941939102026,0.7142857142857143,0.6388888888888888,0.85,0.46970925116158896,2002,radio_report,0.2
4,test_outer,clin,0.4,5,lr5e-05_bs16_modL1_fusion32_fusionL1_drop0p1_trmiss20_trlocradio_report|lr5e-05_bs16_modL1_fusion32_fusionL1_drop0p2_trmiss20_trlocradio_report|lr5e-05_bs32_modL1_fusion32_fusionL1_drop0p2_trmiss20_trlocradio_report|lr1e-04_bs16_modL1_fusion64_fusionL1_drop0p1_trmiss20_trlocradio_report|lr1e-04_bs32_modL1_fusion64_fusionL1_drop0p2_trmiss20_trlocradio_report,0.6985221674876848,0.6573820846380243,0.6392436785572079,0.8402777777777778,0.9045799564735024,0.6964285714285714,0.6111111111111112,0.85,0.4444480286593827,2002,radio_report,0.2
4,test_outer,clin,0.6,5,lr5e-05_bs16_modL1_fusion32_fusionL1_drop0p1_trmiss20_trlocradio_report|lr5e-05_bs16_modL1_fusion32_fusionL1_drop0p2_trmiss20_trlocradio_report|lr5e-05_bs32_modL1_fusion32_fusionL1_drop0p2_trmiss20_trlocradio_report|lr1e-04_bs16_modL1_fusion64_fusionL1_drop0p1_trmiss20_trlocradio_report|lr1e-04_bs32_modL1_fusion64_fusionL1_drop0p2_trmiss20_trlocradio_report,0.6985221674876848,0.6573820846380243,0.635795295651515,0.8541666666666667,0.9141018627536476,0.6964285714285714,0.6388888888888888,0.8,0.4208622313038372,2002,radio_report,0.2
4,test_outer,clin,0.8,5,lr5e-05_bs16_modL1_fusion32_fusionL1_drop0p1_trmiss20_trlocradio_report|lr5e-05_bs16_modL1_fusion32_fusionL1_drop0p2_trmiss20_trlocradio_report|lr5e-05_bs32_modL1_fusion32_fusionL1_drop0p2_trmiss20_trlocradio_report|lr1e-04_bs16_modL1_fusion64_fusionL1_drop0p1_trmiss20_trlocradio_report|lr1e-04_bs32_modL1_fusion64_fusionL1_drop0p2_trmiss20_trlocradio_report,0.6985221674876848,0.6573820846380243,0.6399210420662345,0.8333333333333333,0.8937168242398805,0.6785714285714286,0.6388888888888888,0.75,0.37267799624996495,2002,radio_report,0.2
4,test_outer,blood,0.0,5,lr5e-05_bs16_modL1_fusion32_fusionL1_drop0p1_trmiss20_trlocradio_report|lr5e-05_bs16_modL1_fusion32_fusionL1_drop0p2_trmiss20_trlocradio_report|lr5e-05_bs32_modL1_fusion32_fusionL1_drop0p2_trmiss20_trlocradio_report|lr1e-04_bs16_modL1_fusion64_fusionL1_drop0p1_trmiss20_trlocradio_report|lr1e-04_bs32_modL1_fusion64_fusionL1_drop0p2_trmiss20_trlocradio_report,0.6985221674876848,0.6573820846380243,0.6378670968568131,0.8486111111111111,0.91534508210054,0.7142857142857143,0.6388888888888888,0.85,0.46970925116158896,2002,radio_report,0.2
4,test_outer,blood,0.2,5,lr5e-05_bs16_modL1_fusion32_fusionL1_drop0p1_trmiss20_trlocradio_report|lr5e-05_bs16_modL1_fusion32_fusionL1_drop0p2_trmiss20_trlocradio_report|lr5e-05_bs32_modL1_fusion32_fusionL1_drop0p2_trmiss20_trlocradio_report|lr1e-04_bs16_modL1_fusion64_fusionL1_drop0p1_trmiss20_trlocradio_report|lr1e-04_bs32_modL1_fusion64_fusionL1_drop0p2_trmiss20_trlocradio_report,0.6985221674876848,0.6573820846380243,0.6431507247031574,0.8458333333333333,0.91067922668338,0.6964285714285714,0.6111111111111112,0.85,0.4444480286593827,2002,radio_report,0.2
4,test_outer,blood,0.4,5,lr5e-05_bs16_modL1_fusion32_fusionL1_drop0p1_trmiss20_trlocradio_report|lr5e-05_bs16_modL1_fusion32_fusionL1_drop0p2_trmiss20_trlocradio_report|lr5e-05_bs32_modL1_fusion32_fusionL1_drop0p2_trmiss20_trlocradio_report|lr1e-04_bs16_modL1_fusion64_fusionL1_drop0p1_trmiss20_trlocradio_report|lr1e-04_bs32_modL1_fusion64_fusionL1_drop0p2_trmiss20_trlocradio_report,0.6985221674876848,0.6573820846380243,0.6441545742007315,0.8541666666666667,0.9162625630255191,0.6785714285714286,0.5555555555555556,0.9,0.4469477924479479,2002,radio_report,0.2
4,test_outer,blood,0.6,5,lr5e-05_bs16_modL1_fusion32_fusionL1_drop0p1_trmiss20_trlocradio_report|lr5e-05_bs16_modL1_fusion32_fusionL1_drop0p2_trmiss20_trlocradio_report|lr5e-05_bs32_modL1_fusion32_fusionL1_drop0p2_trmiss20_trlocradio_report|lr1e-04_bs16_modL1_fusion64_fusionL1_drop0p1_trmiss20_trlocradio_report|lr1e-04_bs32_modL1_fusion64_fusionL1_drop0p2_trmiss20_trlocradio_report,0.6985221674876848,0.6573820846380243,0.6465486650665652,0.8277777777777777,0.9053583517152235,0.6785714285714286,0.5833333333333334,0.85,0.4195731958391368,2002,radio_report,0.2
4,test_outer,blood,0.8,5,lr5e-05_bs16_modL1_fusion32_fusionL1_drop0p1_trmiss20_trlocradio_report|lr5e-05_bs16_modL1_fusion32_fusionL1_drop0p2_trmiss20_trlocradio_report|lr5e-05_bs32_modL1_fusion32_fusionL1_drop0p2_trmiss20_trlocradio_report|lr1e-04_bs16_modL1_fusion64_fusionL1_drop0p1_trmiss20_trlocradio_report|lr1e-04_bs32_modL1_fusion64_fusionL1_drop0p2_trmiss20_trlocradio_report,0.6985221674876848,0.6573820846380243,0.6474068618610562,0.8416666666666667,0.9081079715758051,0.6785714285714286,0.5277777777777778,0.95,0.4777777777777778,2002,radio_report,0.2
4,test_outer,radio_report,0.0,5,lr5e-05_bs16_modL1_fusion32_fusionL1_drop0p1_trmiss20_trlocradio_report|lr5e-05_bs16_modL1_fusion32_fusionL1_drop0p2_trmiss20_trlocradio_report|lr5e-05_bs32_modL1_fusion32_fusionL1_drop0p2_trmiss20_trlocradio_report|lr1e-04_bs16_modL1_fusion64_fusionL1_drop0p1_trmiss20_trlocradio_report|lr1e-04_bs32_modL1_fusion64_fusionL1_drop0p2_trmiss20_trlocradio_report,0.6985221674876848,0.6573820846380243,0.6378670968568131,0.8486111111111111,0.91534508210054,0.7142857142857143,0.6388888888888888,0.85,0.46970925116158896,2002,radio_report,0.2
4,test_outer,radio_report,0.2,5,lr5e-05_bs16_modL1_fusion32_fusionL1_drop0p1_trmiss20_trlocradio_report|lr5e-05_bs16_modL1_fusion32_fusionL1_drop0p2_trmiss20_trlocradio_report|lr5e-05_bs32_modL1_fusion32_fusionL1_drop0p2_trmiss20_trlocradio_report|lr1e-04_bs16_modL1_fusion64_fusionL1_drop0p1_trmiss20_trlocradio_report|lr1e-04_bs32_modL1_fusion64_fusionL1_drop0p2_trmiss20_trlocradio_report,0.6985221674876848,0.6573820846380243,0.6464025095997628,0.8041666666666667,0.8860712934222609,0.6785714285714286,0.5833333333333334,0.85,0.4195731958391368,2002,radio_report,0.2
4,test_outer,radio_report,0.4,5,lr5e-05_bs16_modL1_fusion32_fusionL1_drop0p1_trmiss20_trlocradio_report|lr5e-05_bs16_modL1_fusion32_fusionL1_drop0p2_trmiss20_trlocradio_report|lr5e-05_bs32_modL1_fusion32_fusionL1_drop0p2_trmiss20_trlocradio_report|lr1e-04_bs16_modL1_fusion64_fusionL1_drop0p1_trmiss20_trlocradio_report|lr1e-04_bs32_modL1_fusion64_fusionL1_drop0p2_trmiss20_trlocradio_report,0.6985221674876848,0.6573820846380243,0.6509010872111397,0.7972222222222223,0.8798410277100852,0.6428571428571429,0.5555555555555556,0.8,0.34426518632954817,2002,radio_report,0.2
4,test_outer,radio_report,0.6,5,lr5e-05_bs16_modL1_fusion32_fusionL1_drop0p1_trmiss20_trlocradio_report|lr5e-05_bs16_modL1_fusion32_fusionL1_drop0p2_trmiss20_trlocradio_report|lr5e-05_bs32_modL1_fusion32_fusionL1_drop0p2_trmiss20_trlocradio_report|lr1e-04_bs16_modL1_fusion64_fusionL1_drop0p1_trmiss20_trlocradio_report|lr1e-04_bs32_modL1_fusion64_fusionL1_drop0p2_trmiss20_trlocradio_report,0.6985221674876848,0.6573820846380243,0.6530268265159057,0.7902777777777779,0.8746830693925968,0.6785714285714286,0.6111111111111112,0.8,0.3949827793858816,2002,radio_report,0.2
4,test_outer,radio_report,0.8,5,lr5e-05_bs16_modL1_fusion32_fusionL1_drop0p1_trmiss20_trlocradio_report|lr5e-05_bs16_modL1_fusion32_fusionL1_drop0p2_trmiss20_trlocradio_report|lr5e-05_bs32_modL1_fusion32_fusionL1_drop0p2_trmiss20_trlocradio_report|lr1e-04_bs16_modL1_fusion64_fusionL1_drop0p1_trmiss20_trlocradio_report|lr1e-04_bs32_modL1_fusion64_fusionL1_drop0p2_trmiss20_trlocradio_report,0.6985221674876848,0.6573820846380243,0.668460002764258,0.7305555555555556,0.8257506530666441,0.6607142857142857,0.5555555555555556,0.85,0.3949987445523356,2002,radio_report,0.2
5,test_outer,global,0.0,5,lr1e-04_bs16_modL1_fusion32_fusionL1_drop0p2_trmiss20_trlocradio_report|lr5e-05_bs16_modL1_fusion64_fusionL1_drop0p2_trmiss20_trlocradio_report|lr1e-04_bs16_modL1_fusion64_fusionL1_drop0p1_trmiss20_trlocradio_report|lr1e-04_bs32_modL1_fusion64_fusionL1_drop0p2_trmiss20_trlocradio_report|lr1e-04_bs16_modL1_fusion64_fusionL1_drop0p2_trmiss20_trlocradio_report,0.7847725297015359,0.5978516225034488,0.6893639314488836,0.538888888888889,0.6648159775477229,0.5357142857142857,0.6666666666666666,0.3,-0.03419927840283847,2002,radio_report,0.2
5,test_outer,global,0.2,5,lr1e-04_bs16_modL1_fusion32_fusionL1_drop0p2_trmiss20_trlocradio_report|lr5e-05_bs16_modL1_fusion64_fusionL1_drop0p2_trmiss20_trlocradio_report|lr1e-04_bs16_modL1_fusion64_fusionL1_drop0p1_trmiss20_trlocradio_report|lr1e-04_bs32_modL1_fusion64_fusionL1_drop0p2_trmiss20_trlocradio_report|lr1e-04_bs16_modL1_fusion64_fusionL1_drop0p2_trmiss20_trlocradio_report,0.7847725297015359,0.5978516225034488,0.6789599462810957,0.5319444444444444,0.6989400659805332,0.5892857142857143,0.7777777777777778,0.25,0.03152519949406393,2002,radio_report,0.2
5,test_outer,global,0.4,5,lr1e-04_bs16_modL1_fusion32_fusionL1_drop0p2_trmiss20_trlocradio_report|lr5e-05_bs16_modL1_fusion64_fusionL1_drop0p2_trmiss20_trlocradio_report|lr1e-04_bs16_modL1_fusion64_fusionL1_drop0p1_trmiss20_trlocradio_report|lr1e-04_bs32_modL1_fusion64_fusionL1_drop0p2_trmiss20_trlocradio_report|lr1e-04_bs16_modL1_fusion64_fusionL1_drop0p2_trmiss20_trlocradio_report,0.7847725297015359,0.5978516225034488,0.6782444664862358,0.5319444444444444,0.6606314486475793,0.6071428571428571,0.7777777777777778,0.3,0.08606629658238704,2002,radio_report,0.2
5,test_outer,global,0.6,5,lr1e-04_bs16_modL1_fusion32_fusionL1_drop0p2_trmiss20_trlocradio_report|lr5e-05_bs16_modL1_fusion64_fusionL1_drop0p2_trmiss20_trlocradio_report|lr1e-04_bs16_modL1_fusion64_fusionL1_drop0p1_trmiss20_trlocradio_report|lr1e-04_bs32_modL1_fusion64_fusionL1_drop0p2_trmiss20_trlocradio_report|lr1e-04_bs16_modL1_fusion64_fusionL1_drop0p2_trmiss20_trlocradio_report,0.7847725297015359,0.5978516225034488,0.6759366304526352,0.5402777777777777,0.6512392873085573,0.6071428571428571,0.8611111111111112,0.15,0.015214515486254614,2002,radio_report,0.2
5,test_outer,global,0.8,5,lr1e-04_bs16_modL1_fusion32_fusionL1_drop0p2_trmiss20_trlocradio_report|lr5e-05_bs16_modL1_fusion64_fusionL1_drop0p2_trmiss20_trlocradio_report|lr1e-04_bs16_modL1_fusion64_fusionL1_drop0p1_trmiss20_trlocradio_report|lr1e-04_bs32_modL1_fusion64_fusionL1_drop0p2_trmiss20_trlocradio_report|lr1e-04_bs16_modL1_fusion64_fusionL1_drop0p2_trmiss20_trlocradio_report,0.7847725297015359,0.5978516225034488,0.6684669115039024,0.5180555555555555,0.648289515118861,0.6607142857142857,0.9444444444444444,0.15,0.15869840952317443,2002,radio_report,0.2
5,test_outer,path,0.0,5,lr1e-04_bs16_modL1_fusion32_fusionL1_drop0p2_trmiss20_trlocradio_report|lr5e-05_bs16_modL1_fusion64_fusionL1_drop0p2_trmiss20_trlocradio_report|lr1e-04_bs16_modL1_fusion64_fusionL1_drop0p1_trmiss20_trlocradio_report|lr1e-04_bs32_modL1_fusion64_fusionL1_drop0p2_trmiss20_trlocradio_report|lr1e-04_bs16_modL1_fusion64_fusionL1_drop0p2_trmiss20_trlocradio_report,0.7847725297015359,0.5978516225034488,0.6893639314488836,0.538888888888889,0.6648159775477229,0.5357142857142857,0.6666666666666666,0.3,-0.03419927840283847,2002,radio_report,0.2
5,test_outer,path,0.2,5,lr1e-04_bs16_modL1_fusion32_fusionL1_drop0p2_trmiss20_trlocradio_report|lr5e-05_bs16_modL1_fusion64_fusionL1_drop0p2_trmiss20_trlocradio_report|lr1e-04_bs16_modL1_fusion64_fusionL1_drop0p1_trmiss20_trlocradio_report|lr1e-04_bs32_modL1_fusion64_fusionL1_drop0p2_trmiss20_trlocradio_report|lr1e-04_bs16_modL1_fusion64_fusionL1_drop0p2_trmiss20_trlocradio_report,0.7847725297015359,0.5978516225034488,0.6929544146891978,0.5152777777777777,0.6471053992744518,0.5535714285714286,0.6666666666666666,0.35,0.016866980208001866,2002,radio_report,0.2
5,test_outer,path,0.4,5,lr1e-04_bs16_modL1_fusion32_fusionL1_drop0p2_trmiss20_trlocradio_report|lr5e-05_bs16_modL1_fusion64_fusionL1_drop0p2_trmiss20_trlocradio_report|lr1e-04_bs16_modL1_fusion64_fusionL1_drop0p1_trmiss20_trlocradio_report|lr1e-04_bs32_modL1_fusion64_fusionL1_drop0p2_trmiss20_trlocradio_report|lr1e-04_bs16_modL1_fusion64_fusionL1_drop0p2_trmiss20_trlocradio_report,0.7847725297015359,0.5978516225034488,0.6924392270250527,0.5138888888888888,0.6494176717373931,0.5178571428571429,0.6111111111111112,0.35,-0.03849001794597505,2002,radio_report,0.2
5,test_outer,path,0.6,5,lr1e-04_bs16_modL1_fusion32_fusionL1_drop0p2_trmiss20_trlocradio_report|lr5e-05_bs16_modL1_fusion64_fusionL1_drop0p2_trmiss20_trlocradio_report|lr1e-04_bs16_modL1_fusion64_fusionL1_drop0p1_trmiss20_trlocradio_report|lr1e-04_bs32_modL1_fusion64_fusionL1_drop0p2_trmiss20_trlocradio_report|lr1e-04_bs16_modL1_fusion64_fusionL1_drop0p2_trmiss20_trlocradio_report,0.7847725297015359,0.5978516225034488,0.6898300616985985,0.5347222222222222,0.6624845897393177,0.625,0.7222222222222222,0.45,0.17429212881601927,2002,radio_report,0.2
5,test_outer,path,0.8,5,lr1e-04_bs16_modL1_fusion32_fusionL1_drop0p2_trmiss20_trlocradio_report|lr5e-05_bs16_modL1_fusion64_fusionL1_drop0p2_trmiss20_trlocradio_report|lr1e-04_bs16_modL1_fusion64_fusionL1_drop0p1_trmiss20_trlocradio_report|lr1e-04_bs32_modL1_fusion64_fusionL1_drop0p2_trmiss20_trlocradio_report|lr1e-04_bs16_modL1_fusion64_fusionL1_drop0p2_trmiss20_trlocradio_report,0.7847725297015359,0.5978516225034488,0.6934775833529417,0.5194444444444444,0.6555513166197273,0.5535714285714286,0.6666666666666666,0.35,0.016866980208001866,2002,radio_report,0.2
5,test_outer,radio,0.0,5,lr1e-04_bs16_modL1_fusion32_fusionL1_drop0p2_trmiss20_trlocradio_report|lr5e-05_bs16_modL1_fusion64_fusionL1_drop0p2_trmiss20_trlocradio_report|lr1e-04_bs16_modL1_fusion64_fusionL1_drop0p1_trmiss20_trlocradio_report|lr1e-04_bs32_modL1_fusion64_fusionL1_drop0p2_trmiss20_trlocradio_report|lr1e-04_bs16_modL1_fusion64_fusionL1_drop0p2_trmiss20_trlocradio_report,0.7847725297015359,0.5978516225034488,0.6893639314488836,0.538888888888889,0.6648159775477229,0.5357142857142857,0.6666666666666666,0.3,-0.03419927840283847,2002,radio_report,0.2
5,test_outer,radio,0.2,5,lr1e-04_bs16_modL1_fusion32_fusionL1_drop0p2_trmiss20_trlocradio_report|lr5e-05_bs16_modL1_fusion64_fusionL1_drop0p2_trmiss20_trlocradio_report|lr1e-04_bs16_modL1_fusion64_fusionL1_drop0p1_trmiss20_trlocradio_report|lr1e-04_bs32_modL1_fusion64_fusionL1_drop0p2_trmiss20_trlocradio_report|lr1e-04_bs16_modL1_fusion64_fusionL1_drop0p2_trmiss20_trlocradio_report,0.7847725297015359,0.5978516225034488,0.6794470702969846,0.5513888888888889,0.670346566299711,0.5357142857142857,0.6666666666666666,0.3,-0.03419927840283847,2002,radio_report,0.2
5,test_outer,radio,0.4,5,lr1e-04_bs16_modL1_fusion32_fusionL1_drop0p2_trmiss20_trlocradio_report|lr5e-05_bs16_modL1_fusion64_fusionL1_drop0p2_trmiss20_trlocradio_report|lr1e-04_bs16_modL1_fusion64_fusionL1_drop0p1_trmiss20_trlocradio_report|lr1e-04_bs32_modL1_fusion64_fusionL1_drop0p2_trmiss20_trlocradio_report|lr1e-04_bs16_modL1_fusion64_fusionL1_drop0p2_trmiss20_trlocradio_report,0.7847725297015359,0.5978516225034488,0.6794859707590969,0.5222222222222223,0.6535632270929773,0.5178571428571429,0.6666666666666666,0.25,-0.08684168428648437,2002,radio_report,0.2
5,test_outer,radio,0.6,5,lr1e-04_bs16_modL1_fusion32_fusionL1_drop0p2_trmiss20_trlocradio_report|lr5e-05_bs16_modL1_fusion64_fusionL1_drop0p2_trmiss20_trlocradio_report|lr1e-04_bs16_modL1_fusion64_fusionL1_drop0p1_trmiss20_trlocradio_report|lr1e-04_bs32_modL1_fusion64_fusionL1_drop0p2_trmiss20_trlocradio_report|lr1e-04_bs16_modL1_fusion64_fusionL1_drop0p2_trmiss20_trlocradio_report,0.7847725297015359,0.5978516225034488,0.6677631291883522,0.5652777777777778,0.6742398735318782,0.5357142857142857,0.6666666666666666,0.3,-0.03419927840283847,2002,radio_report,0.2
5,test_outer,radio,0.8,5,lr1e-04_bs16_modL1_fusion32_fusionL1_drop0p2_trmiss20_trlocradio_report|lr5e-05_bs16_modL1_fusion64_fusionL1_drop0p2_trmiss20_trlocradio_report|lr1e-04_bs16_modL1_fusion64_fusionL1_drop0p1_trmiss20_trlocradio_report|lr1e-04_bs32_modL1_fusion64_fusionL1_drop0p2_trmiss20_trlocradio_report|lr1e-04_bs16_modL1_fusion64_fusionL1_drop0p2_trmiss20_trlocradio_report,0.7847725297015359,0.5978516225034488,0.6605025313940985,0.5874999999999999,0.7044949049224889,0.5714285714285714,0.7222222222222222,0.3,0.023570226039551584,2002,radio_report,0.2
5,test_outer,clin,0.0,5,lr1e-04_bs16_modL1_fusion32_fusionL1_drop0p2_trmiss20_trlocradio_report|lr5e-05_bs16_modL1_fusion64_fusionL1_drop0p2_trmiss20_trlocradio_report|lr1e-04_bs16_modL1_fusion64_fusionL1_drop0p1_trmiss20_trlocradio_report|lr1e-04_bs32_modL1_fusion64_fusionL1_drop0p2_trmiss20_trlocradio_report|lr1e-04_bs16_modL1_fusion64_fusionL1_drop0p2_trmiss20_trlocradio_report,0.7847725297015359,0.5978516225034488,0.6893639314488836,0.538888888888889,0.6648159775477229,0.5357142857142857,0.6666666666666666,0.3,-0.03419927840283847,2002,radio_report,0.2
5,test_outer,clin,0.2,5,lr1e-04_bs16_modL1_fusion32_fusionL1_drop0p2_trmiss20_trlocradio_report|lr5e-05_bs16_modL1_fusion64_fusionL1_drop0p2_trmiss20_trlocradio_report|lr1e-04_bs16_modL1_fusion64_fusionL1_drop0p1_trmiss20_trlocradio_report|lr1e-04_bs32_modL1_fusion64_fusionL1_drop0p2_trmiss20_trlocradio_report|lr1e-04_bs16_modL1_fusion64_fusionL1_drop0p2_trmiss20_trlocradio_report,0.7847725297015359,0.5978516225034488,0.6921084992063412,0.5263888888888888,0.6514850065235973,0.5714285714285714,0.6944444444444444,0.35,0.04559903787045129,2002,radio_report,0.2
5,test_outer,clin,0.4,5,lr1e-04_bs16_modL1_fusion32_fusionL1_drop0p2_trmiss20_trlocradio_report|lr5e-05_bs16_modL1_fusion64_fusionL1_drop0p2_trmiss20_trlocradio_report|lr1e-04_bs16_modL1_fusion64_fusionL1_drop0p1_trmiss20_trlocradio_report|lr1e-04_bs32_modL1_fusion64_fusionL1_drop0p2_trmiss20_trlocradio_report|lr1e-04_bs16_modL1_fusion64_fusionL1_drop0p2_trmiss20_trlocradio_report,0.7847725297015359,0.5978516225034488,0.6867755700243795,0.5444444444444444,0.661704199457247,0.6071428571428571,0.7222222222222222,0.4,0.12539735414374104,2002,radio_report,0.2
5,test_outer,clin,0.6,5,lr1e-04_bs16_modL1_fusion32_fusionL1_drop0p2_trmiss20_trlocradio_report|lr5e-05_bs16_modL1_fusion64_fusionL1_drop0p2_trmiss20_trlocradio_report|lr1e-04_bs16_modL1_fusion64_fusionL1_drop0p1_trmiss20_trlocradio_report|lr1e-04_bs32_modL1_fusion64_fusionL1_drop0p2_trmiss20_trlocradio_report|lr1e-04_bs16_modL1_fusion64_fusionL1_drop0p2_trmiss20_trlocradio_report,0.7847725297015359,0.5978516225034488,0.6924242086036642,0.525,0.6546446541862463,0.5714285714285714,0.6944444444444444,0.35,0.04559903787045129,2002,radio_report,0.2
5,test_outer,clin,0.8,5,lr1e-04_bs16_modL1_fusion32_fusionL1_drop0p2_trmiss20_trlocradio_report|lr5e-05_bs16_modL1_fusion64_fusionL1_drop0p2_trmiss20_trlocradio_report|lr1e-04_bs16_modL1_fusion64_fusionL1_drop0p1_trmiss20_trlocradio_report|lr1e-04_bs32_modL1_fusion64_fusionL1_drop0p2_trmiss20_trlocradio_report|lr1e-04_bs16_modL1_fusion64_fusionL1_drop0p2_trmiss20_trlocradio_report,0.7847725297015359,0.5978516225034488,0.6952315581958869,0.5083333333333333,0.6440107065299377,0.5535714285714286,0.6666666666666666,0.35,0.016866980208001866,2002,radio_report,0.2
5,test_outer,blood,0.0,5,lr1e-04_bs16_modL1_fusion32_fusionL1_drop0p2_trmiss20_trlocradio_report|lr5e-05_bs16_modL1_fusion64_fusionL1_drop0p2_trmiss20_trlocradio_report|lr1e-04_bs16_modL1_fusion64_fusionL1_drop0p1_trmiss20_trlocradio_report|lr1e-04_bs32_modL1_fusion64_fusionL1_drop0p2_trmiss20_trlocradio_report|lr1e-04_bs16_modL1_fusion64_fusionL1_drop0p2_trmiss20_trlocradio_report,0.7847725297015359,0.5978516225034488,0.6893639314488836,0.538888888888889,0.6648159775477229,0.5357142857142857,0.6666666666666666,0.3,-0.03419927840283847,2002,radio_report,0.2
5,test_outer,blood,0.2,5,lr1e-04_bs16_modL1_fusion32_fusionL1_drop0p2_trmiss20_trlocradio_report|lr5e-05_bs16_modL1_fusion64_fusionL1_drop0p2_trmiss20_trlocradio_report|lr1e-04_bs16_modL1_fusion64_fusionL1_drop0p1_trmiss20_trlocradio_report|lr1e-04_bs32_modL1_fusion64_fusionL1_drop0p2_trmiss20_trlocradio_report|lr1e-04_bs16_modL1_fusion64_fusionL1_drop0p2_trmiss20_trlocradio_report,0.7847725297015359,0.5978516225034488,0.6877421343872125,0.5375,0.6622383390333544,0.5357142857142857,0.6666666666666666,0.3,-0.03419927840283847,2002,radio_report,0.2
5,test_outer,blood,0.4,5,lr1e-04_bs16_modL1_fusion32_fusionL1_drop0p2_trmiss20_trlocradio_report|lr5e-05_bs16_modL1_fusion64_fusionL1_drop0p2_trmiss20_trlocradio_report|lr1e-04_bs16_modL1_fusion64_fusionL1_drop0p1_trmiss20_trlocradio_report|lr1e-04_bs32_modL1_fusion64_fusionL1_drop0p2_trmiss20_trlocradio_report|lr1e-04_bs16_modL1_fusion64_fusionL1_drop0p2_trmiss20_trlocradio_report,0.7847725297015359,0.5978516225034488,0.6896417217619444,0.5236111111111111,0.6638129381547213,0.5357142857142857,0.6666666666666666,0.3,-0.03419927840283847,2002,radio_report,0.2
5,test_outer,blood,0.6,5,lr1e-04_bs16_modL1_fusion32_fusionL1_drop0p2_trmiss20_trlocradio_report|lr5e-05_bs16_modL1_fusion64_fusionL1_drop0p2_trmiss20_trlocradio_report|lr1e-04_bs16_modL1_fusion64_fusionL1_drop0p1_trmiss20_trlocradio_report|lr1e-04_bs32_modL1_fusion64_fusionL1_drop0p2_trmiss20_trlocradio_report|lr1e-04_bs16_modL1_fusion64_fusionL1_drop0p2_trmiss20_trlocradio_report,0.7847725297015359,0.5978516225034488,0.6949351090328231,0.5083333333333334,0.6468745900517705,0.5,0.6111111111111112,0.3,-0.08888888888888889,2002,radio_report,0.2
5,test_outer,blood,0.8,5,lr1e-04_bs16_modL1_fusion32_fusionL1_drop0p2_trmiss20_trlocradio_report|lr5e-05_bs16_modL1_fusion64_fusionL1_drop0p2_trmiss20_trlocradio_report|lr1e-04_bs16_modL1_fusion64_fusionL1_drop0p1_trmiss20_trlocradio_report|lr1e-04_bs32_modL1_fusion64_fusionL1_drop0p2_trmiss20_trlocradio_report|lr1e-04_bs16_modL1_fusion64_fusionL1_drop0p2_trmiss20_trlocradio_report,0.7847725297015359,0.5978516225034488,0.6963725908404635,0.5097222222222222,0.6457168998815058,0.5535714285714286,0.6666666666666666,0.35,0.016866980208001866,2002,radio_report,0.2
5,test_outer,radio_report,0.0,5,lr1e-04_bs16_modL1_fusion32_fusionL1_drop0p2_trmiss20_trlocradio_report|lr5e-05_bs16_modL1_fusion64_fusionL1_drop0p2_trmiss20_trlocradio_report|lr1e-04_bs16_modL1_fusion64_fusionL1_drop0p1_trmiss20_trlocradio_report|lr1e-04_bs32_modL1_fusion64_fusionL1_drop0p2_trmiss20_trlocradio_report|lr1e-04_bs16_modL1_fusion64_fusionL1_drop0p2_trmiss20_trlocradio_report,0.7847725297015359,0.5978516225034488,0.6893639314488836,0.538888888888889,0.6648159775477229,0.5357142857142857,0.6666666666666666,0.3,-0.03419927840283847,2002,radio_report,0.2
5,test_outer,radio_report,0.2,5,lr1e-04_bs16_modL1_fusion32_fusionL1_drop0p2_trmiss20_trlocradio_report|lr5e-05_bs16_modL1_fusion64_fusionL1_drop0p2_trmiss20_trlocradio_report|lr1e-04_bs16_modL1_fusion64_fusionL1_drop0p1_trmiss20_trlocradio_report|lr1e-04_bs32_modL1_fusion64_fusionL1_drop0p2_trmiss20_trlocradio_report|lr1e-04_bs16_modL1_fusion64_fusionL1_drop0p2_trmiss20_trlocradio_report,0.7847725297015359,0.5978516225034488,0.695631236017389,0.4972222222222222,0.6398254569757699,0.5178571428571429,0.6388888888888888,0.3,-0.06184559409600684,2002,radio_report,0.2
5,test_outer,radio_report,0.4,5,lr1e-04_bs16_modL1_fusion32_fusionL1_drop0p2_trmiss20_trlocradio_report|lr5e-05_bs16_modL1_fusion64_fusionL1_drop0p2_trmiss20_trlocradio_report|lr1e-04_bs16_modL1_fusion64_fusionL1_drop0p1_trmiss20_trlocradio_report|lr1e-04_bs32_modL1_fusion64_fusionL1_drop0p2_trmiss20_trlocradio_report|lr1e-04_bs16_modL1_fusion64_fusionL1_drop0p2_trmiss20_trlocradio_report,0.7847725297015359,0.5978516225034488,0.6933184578724543,0.5097222222222222,0.6448658280730986,0.625,0.75,0.4,0.15631503171567185,2002,radio_report,0.2
5,test_outer,radio_report,0.6,5,lr1e-04_bs16_modL1_fusion32_fusionL1_drop0p2_trmiss20_trlocradio_report|lr5e-05_bs16_modL1_fusion64_fusionL1_drop0p2_trmiss20_trlocradio_report|lr1e-04_bs16_modL1_fusion64_fusionL1_drop0p1_trmiss20_trlocradio_report|lr1e-04_bs32_modL1_fusion64_fusionL1_drop0p2_trmiss20_trlocradio_report|lr1e-04_bs16_modL1_fusion64_fusionL1_drop0p2_trmiss20_trlocradio_report,0.7847725297015359,0.5978516225034488,0.6908128976903204,0.5013888888888889,0.6398933360055401,0.5714285714285714,0.75,0.25,0.0,2002,radio_report,0.2
5,test_outer,radio_report,0.8,5,lr1e-04_bs16_modL1_fusion32_fusionL1_drop0p2_trmiss20_trlocradio_report|lr5e-05_bs16_modL1_fusion64_fusionL1_drop0p2_trmiss20_trlocradio_report|lr1e-04_bs16_modL1_fusion64_fusionL1_drop0p1_trmiss20_trlocradio_report|lr1e-04_bs32_modL1_fusion64_fusionL1_drop0p2_trmiss20_trlocradio_report|lr1e-04_bs16_modL1_fusion64_fusionL1_drop0p2_trmiss20_trlocradio_report,0.7847725297015359,0.5978516225034488,0.6910599663724278,0.48472222222222217,0.6319738906630322,0.5357142857142857,0.6944444444444444,0.25,-0.05892556509887896,2002,radio_report,0.2
