outer_fold,inner_fold,hp_name,batch_size,learning_rate,dyam_dropout,dyam_temperature,name,val_best_epoch,val_best_LOGLOSS,val_best_AUC,val_best_AUCPR,val_best_ACC,val_best_SEN,val_best_SP,val_best_MCC,seed,train_missing_location,train_missing_prob
1,1,lr5e-05_bs16_drop0p2_temp1p0_trmiss80_trlocclin,16,5e-05,0.2,1.0,lr5e-05_bs16_drop0p2_temp1p0_trmiss80_trlocclin,34,0.6994385454389784,0.5357142857142857,0.6652783531930682,0.4888888888888889,0.35714285714285715,0.7058823529411765,0.06482037235521644,22,clin,0.8
1,1,lr5e-05_bs16_drop0p2_temp2p0_trmiss80_trlocclin,16,5e-05,0.2,2.0,lr5e-05_bs16_drop0p2_temp2p0_trmiss80_trlocclin,9,0.6784978376494514,0.5504201680672269,0.6908907248241829,0.6222222222222222,0.75,0.4117647058823529,0.16941130349926678,22,clin,0.8
1,1,lr5e-05_bs16_drop0p4_temp1p0_trmiss80_trlocclin,16,5e-05,0.4,1.0,lr5e-05_bs16_drop0p4_temp1p0_trmiss80_trlocclin,9,0.6760971903800964,0.6008403361344538,0.7043705368558046,0.6444444444444445,0.7142857142857143,0.5294117647058824,0.24369747899159663,22,clin,0.8
1,1,lr5e-05_bs16_drop0p4_temp2p0_trmiss80_trlocclin,16,5e-05,0.4,2.0,lr5e-05_bs16_drop0p4_temp2p0_trmiss80_trlocclin,21,0.6520808431837294,0.6323529411764706,0.7902631986756824,0.5777777777777777,0.6785714285714286,0.4117647058823529,0.09149681760897627,22,clin,0.8
1,1,lr1e-04_bs16_drop0p2_temp1p0_trmiss80_trlocclin,16,0.0001,0.2,1.0,lr1e-04_bs16_drop0p2_temp1p0_trmiss80_trlocclin,3,0.6674510776996613,0.5861344537815126,0.7567660403041254,0.5555555555555556,0.6785714285714286,0.35294117647058826,0.03241018617760822,22,clin,0.8
1,1,lr1e-04_bs16_drop0p2_temp2p0_trmiss80_trlocclin,16,0.0001,0.2,2.0,lr1e-04_bs16_drop0p2_temp2p0_trmiss80_trlocclin,57,0.6716918196943071,0.5672268907563025,0.705356338755734,0.5777777777777777,0.7142857142857143,0.35294117647058826,0.07040469755813684,22,clin,0.8
1,1,lr1e-04_bs16_drop0p4_temp1p0_trmiss80_trlocclin,16,0.0001,0.4,1.0,lr1e-04_bs16_drop0p4_temp1p0_trmiss80_trlocclin,5,0.6667315324147542,0.5336134453781514,0.6574605447699986,0.6,0.75,0.35294117647058826,0.11011486187354486,22,clin,0.8
1,1,lr1e-04_bs16_drop0p4_temp2p0_trmiss80_trlocclin,16,0.0001,0.4,2.0,lr1e-04_bs16_drop0p4_temp2p0_trmiss80_trlocclin,16,0.7028657204575008,0.42436974789915966,0.6204747677627147,0.5333333333333333,0.7142857142857143,0.23529411764705882,-0.0552789992822782,22,clin,0.8
1,1,lr5e-05_bs32_drop0p2_temp1p0_trmiss80_trlocclin,32,5e-05,0.2,1.0,lr5e-05_bs32_drop0p2_temp1p0_trmiss80_trlocclin,12,0.6759257879522111,0.6512605042016806,0.7606503506212998,0.6666666666666666,0.6071428571428571,0.7647058823529411,0.3613720186931436,22,clin,0.8
1,1,lr5e-05_bs32_drop0p2_temp2p0_trmiss80_trlocclin,32,5e-05,0.2,2.0,lr5e-05_bs32_drop0p2_temp2p0_trmiss80_trlocclin,3,0.6956205679310693,0.6134453781512605,0.7589119772114418,0.4666666666666667,0.25,0.8235294117647058,0.08574929257125442,22,clin,0.8
1,1,lr5e-05_bs32_drop0p4_temp1p0_trmiss80_trlocclin,32,5e-05,0.4,1.0,lr5e-05_bs32_drop0p4_temp1p0_trmiss80_trlocclin,32,0.699210320578681,0.542016806722689,0.6791515235461295,0.6,0.7142857142857143,0.4117647058823529,0.12964074471043288,22,clin,0.8
1,1,lr5e-05_bs32_drop0p4_temp2p0_trmiss80_trlocclin,32,5e-05,0.4,2.0,lr5e-05_bs32_drop0p4_temp2p0_trmiss80_trlocclin,64,0.6973229693041907,0.5378151260504203,0.6765852703880719,0.4222222222222222,0.42857142857142855,0.4117647058823529,-0.1548584319808208,22,clin,0.8
1,1,lr1e-04_bs32_drop0p2_temp1p0_trmiss80_trlocclin,32,0.0001,0.2,1.0,lr1e-04_bs32_drop0p2_temp1p0_trmiss80_trlocclin,47,0.6893898069858551,0.5441176470588235,0.7091337973784893,0.5555555555555556,0.6428571428571429,0.4117647058823529,0.0546218487394958,22,clin,0.8
1,1,lr1e-04_bs32_drop0p2_temp2p0_trmiss80_trlocclin,32,0.0001,0.2,2.0,lr1e-04_bs32_drop0p2_temp2p0_trmiss80_trlocclin,8,0.662410933441586,0.5651260504201681,0.72912353747968,0.6222222222222222,0.7857142857142857,0.35294117647058826,0.15201724802626507,22,clin,0.8
1,1,lr1e-04_bs32_drop0p4_temp1p0_trmiss80_trlocclin,32,0.0001,0.4,1.0,lr1e-04_bs32_drop0p4_temp1p0_trmiss80_trlocclin,21,0.6675440357791053,0.6134453781512605,0.7450456247995523,0.6222222222222222,0.6785714285714286,0.5294117647058824,0.20583232685540795,22,clin,0.8
1,1,lr1e-04_bs32_drop0p4_temp2p0_trmiss80_trlocclin,32,0.0001,0.4,2.0,lr1e-04_bs32_drop0p4_temp2p0_trmiss80_trlocclin,15,0.6760509921444787,0.5714285714285714,0.7069034843110618,0.6,0.7142857142857143,0.4117647058823529,0.12964074471043288,22,clin,0.8
1,2,lr5e-05_bs16_drop0p2_temp1p0_trmiss80_trlocclin,16,5e-05,0.2,1.0,lr5e-05_bs16_drop0p2_temp1p0_trmiss80_trlocclin,5,0.6744257734881507,0.680672268907563,0.7725686003143075,0.6222222222222222,0.7142857142857143,0.47058823529411764,0.18724930115325378,22,clin,0.8
1,2,lr5e-05_bs16_drop0p2_temp2p0_trmiss80_trlocclin,16,5e-05,0.2,2.0,lr5e-05_bs16_drop0p2_temp2p0_trmiss80_trlocclin,37,0.6385159846809175,0.7121848739495799,0.7737452461482005,0.6888888888888889,0.6785714285714286,0.7058823529411765,0.3736219176318943,22,clin,0.8
1,2,lr5e-05_bs16_drop0p4_temp1p0_trmiss80_trlocclin,16,5e-05,0.4,1.0,lr5e-05_bs16_drop0p4_temp1p0_trmiss80_trlocclin,49,0.67017822265625,0.615546218487395,0.7144966728359788,0.6,0.6071428571428571,0.5882352941176471,0.1898734335506348,22,clin,0.8
1,2,lr5e-05_bs16_drop0p4_temp2p0_trmiss80_trlocclin,16,5e-05,0.4,2.0,lr5e-05_bs16_drop0p4_temp2p0_trmiss80_trlocclin,47,0.6819134712219238,0.5294117647058824,0.6812142035347953,0.5555555555555556,0.6428571428571429,0.4117647058823529,0.0546218487394958,22,clin,0.8
1,2,lr1e-04_bs16_drop0p2_temp1p0_trmiss80_trlocclin,16,0.0001,0.2,1.0,lr1e-04_bs16_drop0p2_temp1p0_trmiss80_trlocclin,14,0.6856991807619731,0.6197478991596639,0.7896880588080458,0.5777777777777777,0.5357142857142857,0.6470588235294118,0.17762353461188415,22,clin,0.8
1,2,lr1e-04_bs16_drop0p2_temp2p0_trmiss80_trlocclin,16,0.0001,0.2,2.0,lr1e-04_bs16_drop0p2_temp2p0_trmiss80_trlocclin,12,0.6648927781316969,0.6050420168067226,0.7883969751210972,0.4666666666666667,0.4642857142857143,0.47058823529411764,-0.06316593936059796,22,clin,0.8
1,2,lr1e-04_bs16_drop0p4_temp1p0_trmiss80_trlocclin,16,0.0001,0.4,1.0,lr1e-04_bs16_drop0p4_temp1p0_trmiss80_trlocclin,20,0.6563589751720429,0.5903361344537815,0.7379539136799469,0.6222222222222222,0.8571428571428571,0.23529411764705882,0.11722043929149135,22,clin,0.8
1,2,lr1e-04_bs16_drop0p4_temp2p0_trmiss80_trlocclin,16,0.0001,0.4,2.0,lr1e-04_bs16_drop0p4_temp2p0_trmiss80_trlocclin,18,0.6273521340555615,0.6764705882352942,0.7923434221387378,0.6444444444444445,0.8928571428571429,0.23529411764705882,0.1714294928472952,22,clin,0.8
1,2,lr5e-05_bs32_drop0p2_temp1p0_trmiss80_trlocclin,32,5e-05,0.2,1.0,lr5e-05_bs32_drop0p2_temp1p0_trmiss80_trlocclin,7,0.6458655390474531,0.5987394957983194,0.7566147809475272,0.5777777777777777,0.8214285714285714,0.17647058823529413,-0.0026641008929884397,22,clin,0.8
1,2,lr5e-05_bs32_drop0p2_temp2p0_trmiss80_trlocclin,32,5e-05,0.2,2.0,lr5e-05_bs32_drop0p2_temp2p0_trmiss80_trlocclin,5,0.6360404835806952,0.7478991596638656,0.8156373944652084,0.6888888888888889,0.9285714285714286,0.29411764705882354,0.29789387281661134,22,clin,0.8
1,2,lr5e-05_bs32_drop0p4_temp1p0_trmiss80_trlocclin,32,5e-05,0.4,1.0,lr5e-05_bs32_drop0p4_temp1p0_trmiss80_trlocclin,49,0.6822854061921437,0.6113445378151261,0.666091879629514,0.5555555555555556,0.5357142857142857,0.5882352941176471,0.12021904587984773,22,clin,0.8
1,2,lr5e-05_bs32_drop0p4_temp2p0_trmiss80_trlocclin,32,5e-05,0.4,2.0,lr5e-05_bs32_drop0p4_temp2p0_trmiss80_trlocclin,13,0.6898805366622077,0.5945378151260504,0.7182750059375755,0.5555555555555556,0.4642857142857143,0.7058823529411765,0.16840826742715195,22,clin,0.8
1,2,lr1e-04_bs32_drop0p2_temp1p0_trmiss80_trlocclin,32,0.0001,0.2,1.0,lr1e-04_bs32_drop0p2_temp1p0_trmiss80_trlocclin,7,0.6657814317279391,0.680672268907563,0.7569788739022013,0.6888888888888889,0.7142857142857143,0.6470588235294118,0.35470025123634874,22,clin,0.8
1,2,lr1e-04_bs32_drop0p2_temp2p0_trmiss80_trlocclin,32,0.0001,0.2,2.0,lr1e-04_bs32_drop0p2_temp2p0_trmiss80_trlocclin,5,0.6611437486277686,0.7142857142857143,0.7564606390040655,0.6888888888888889,0.7142857142857143,0.6470588235294118,0.35470025123634874,22,clin,0.8
1,2,lr1e-04_bs32_drop0p4_temp1p0_trmiss80_trlocclin,32,0.0001,0.4,1.0,lr1e-04_bs32_drop0p4_temp1p0_trmiss80_trlocclin,8,0.6638242847389645,0.6176470588235294,0.7399078174554353,0.6222222222222222,0.8928571428571429,0.17647058823529413,0.09887865147828519,22,clin,0.8
1,2,lr1e-04_bs32_drop0p4_temp2p0_trmiss80_trlocclin,32,0.0001,0.4,2.0,lr1e-04_bs32_drop0p4_temp2p0_trmiss80_trlocclin,48,0.6414890203211042,0.7079831932773109,0.7406015293630732,0.7555555555555555,0.9285714285714286,0.47058823529411764,0.465496159672524,22,clin,0.8
1,3,lr5e-05_bs16_drop0p2_temp1p0_trmiss80_trlocclin,16,5e-05,0.2,1.0,lr5e-05_bs16_drop0p2_temp1p0_trmiss80_trlocclin,9,0.6480537957615322,0.6831896551724137,0.8198435899950383,0.6444444444444445,0.7586206896551724,0.4375,0.20278579853872353,22,clin,0.8
1,3,lr5e-05_bs16_drop0p2_temp2p0_trmiss80_trlocclin,16,5e-05,0.2,2.0,lr5e-05_bs16_drop0p2_temp2p0_trmiss80_trlocclin,16,0.7083563857608371,0.5668103448275862,0.7447345531425122,0.5555555555555556,0.4827586206896552,0.6875,0.1650078579559533,22,clin,0.8
1,3,lr5e-05_bs16_drop0p4_temp1p0_trmiss80_trlocclin,16,5e-05,0.4,1.0,lr5e-05_bs16_drop0p4_temp1p0_trmiss80_trlocclin,5,0.6795936988459693,0.5043103448275862,0.6925207451701406,0.5555555555555556,0.7931034482758621,0.125,-0.10253656179688207,22,clin,0.8
1,3,lr5e-05_bs16_drop0p4_temp2p0_trmiss80_trlocclin,16,5e-05,0.4,2.0,lr5e-05_bs16_drop0p4_temp2p0_trmiss80_trlocclin,10,0.682880343331231,0.5387931034482759,0.6956364771419249,0.5555555555555556,0.7586206896551724,0.1875,-0.06203645837318314,22,clin,0.8
1,3,lr1e-04_bs16_drop0p2_temp1p0_trmiss80_trlocclin,16,0.0001,0.2,1.0,lr1e-04_bs16_drop0p2_temp1p0_trmiss80_trlocclin,5,0.657999183734258,0.6056034482758621,0.7761213301583144,0.5555555555555556,0.6896551724137931,0.3125,0.0022284153685574013,22,clin,0.8
1,3,lr1e-04_bs16_drop0p2_temp2p0_trmiss80_trlocclin,16,0.0001,0.2,2.0,lr1e-04_bs16_drop0p2_temp2p0_trmiss80_trlocclin,1,0.6858592417505053,0.5431034482758621,0.7396384210280238,0.5111111111111111,0.6206896551724138,0.3125,-0.0668103448275862,22,clin,0.8
1,3,lr1e-04_bs16_drop0p4_temp1p0_trmiss80_trlocclin,16,0.0001,0.4,1.0,lr1e-04_bs16_drop0p4_temp1p0_trmiss80_trlocclin,3,0.6819409271081288,0.4913793103448275,0.7072420417448013,0.5333333333333333,0.6896551724137931,0.25,-0.0637312410638076,22,clin,0.8
1,3,lr1e-04_bs16_drop0p4_temp2p0_trmiss80_trlocclin,16,0.0001,0.4,2.0,lr1e-04_bs16_drop0p4_temp2p0_trmiss80_trlocclin,13,0.6963244027561611,0.5150862068965517,0.6775897486714173,0.4888888888888889,0.5172413793103449,0.4375,-0.0434255208612282,22,clin,0.8
1,3,lr5e-05_bs32_drop0p2_temp1p0_trmiss80_trlocclin,32,5e-05,0.2,1.0,lr5e-05_bs32_drop0p2_temp1p0_trmiss80_trlocclin,8,0.6827954490979512,0.4719827586206896,0.6664400818413869,0.5111111111111111,0.6551724137931034,0.25,-0.09805027621652566,22,clin,0.8
1,3,lr5e-05_bs32_drop0p2_temp2p0_trmiss80_trlocclin,32,5e-05,0.2,2.0,lr5e-05_bs32_drop0p2_temp2p0_trmiss80_trlocclin,10,0.6779614819420708,0.5215517241379309,0.7032313179078916,0.5777777777777777,0.7586206896551724,0.25,0.009602077346081563,22,clin,0.8
1,3,lr5e-05_bs32_drop0p4_temp1p0_trmiss80_trlocclin,32,5e-05,0.4,1.0,lr5e-05_bs32_drop0p4_temp1p0_trmiss80_trlocclin,4,0.6630004737112257,0.521551724137931,0.6624355161777109,0.6666666666666666,1.0,0.0625,0.2029610352214972,22,clin,0.8
1,3,lr5e-05_bs32_drop0p4_temp2p0_trmiss80_trlocclin,32,5e-05,0.4,2.0,lr5e-05_bs32_drop0p4_temp2p0_trmiss80_trlocclin,29,0.6755857566992441,0.49353448275862066,0.7317168256908835,0.4888888888888889,0.5862068965517241,0.3125,-0.10000814947957871,22,clin,0.8
1,3,lr1e-04_bs32_drop0p2_temp1p0_trmiss80_trlocclin,32,0.0001,0.2,1.0,lr1e-04_bs32_drop0p2_temp1p0_trmiss80_trlocclin,4,0.6717236942715115,0.5732758620689655,0.755261786593922,0.5555555555555556,0.6551724137931034,0.375,0.03017241379310345,22,clin,0.8
1,3,lr1e-04_bs32_drop0p2_temp2p0_trmiss80_trlocclin,32,0.0001,0.2,2.0,lr1e-04_bs32_drop0p2_temp2p0_trmiss80_trlocclin,4,0.670176582203971,0.6077586206896551,0.7619649157055625,0.6,0.7586206896551724,0.3125,0.07698522025642997,22,clin,0.8
1,3,lr1e-04_bs32_drop0p4_temp1p0_trmiss80_trlocclin,32,0.0001,0.4,1.0,lr1e-04_bs32_drop0p4_temp1p0_trmiss80_trlocclin,9,0.6931001100275251,0.5021551724137931,0.7184521292359225,0.4666666666666667,0.5172413793103449,0.375,-0.10380684981717496,22,clin,0.8
1,3,lr1e-04_bs32_drop0p4_temp2p0_trmiss80_trlocclin,32,0.0001,0.4,2.0,lr1e-04_bs32_drop0p4_temp2p0_trmiss80_trlocclin,4,0.6784376813305749,0.5646551724137931,0.7474040946512741,0.5555555555555556,0.6551724137931034,0.375,0.03017241379310345,22,clin,0.8
1,4,lr5e-05_bs16_drop0p2_temp1p0_trmiss80_trlocclin,16,5e-05,0.2,1.0,lr5e-05_bs16_drop0p2_temp1p0_trmiss80_trlocclin,23,0.6875073975986905,0.6099137931034483,0.7043495922949057,0.4888888888888889,0.41379310344827586,0.625,0.03790490217894517,22,clin,0.8
1,4,lr5e-05_bs16_drop0p2_temp2p0_trmiss80_trlocclin,16,5e-05,0.2,2.0,lr5e-05_bs16_drop0p2_temp2p0_trmiss80_trlocclin,13,0.7063566029071808,0.5862068965517242,0.6739415528050547,0.4222222222222222,0.3103448275862069,0.625,-0.06565321642986127,22,clin,0.8
1,4,lr5e-05_bs16_drop0p4_temp1p0_trmiss80_trlocclin,16,5e-05,0.4,1.0,lr5e-05_bs16_drop0p4_temp1p0_trmiss80_trlocclin,34,0.6833711524804433,0.564655172413793,0.653508027430317,0.5777777777777777,0.5862068965517241,0.5625,0.14268385425832122,22,clin,0.8
1,4,lr5e-05_bs16_drop0p4_temp2p0_trmiss80_trlocclin,16,5e-05,0.4,2.0,lr5e-05_bs16_drop0p4_temp2p0_trmiss80_trlocclin,59,0.6265428808000353,0.689655172413793,0.7378049707418494,0.6888888888888889,0.7931034482758621,0.5,0.3030644901238066,22,clin,0.8
1,4,lr1e-04_bs16_drop0p2_temp1p0_trmiss80_trlocclin,16,0.0001,0.2,1.0,lr1e-04_bs16_drop0p2_temp1p0_trmiss80_trlocclin,29,0.6548987037605709,0.6551724137931034,0.7161107971006666,0.6666666666666666,0.6896551724137931,0.625,0.30495123115910355,22,clin,0.8
1,4,lr1e-04_bs16_drop0p2_temp2p0_trmiss80_trlocclin,16,0.0001,0.2,2.0,lr1e-04_bs16_drop0p2_temp2p0_trmiss80_trlocclin,18,0.6712968041499455,0.5969827586206896,0.7127197315146131,0.6,0.6206896551724138,0.5625,0.17647164468919743,22,clin,0.8
1,4,lr1e-04_bs16_drop0p4_temp1p0_trmiss80_trlocclin,16,0.0001,0.4,1.0,lr1e-04_bs16_drop0p4_temp1p0_trmiss80_trlocclin,58,0.6417535324891408,0.6530172413793103,0.7003777539781256,0.6888888888888889,0.7586206896551724,0.5625,0.32112068965517243,22,clin,0.8
1,4,lr1e-04_bs16_drop0p4_temp2p0_trmiss80_trlocclin,16,0.0001,0.4,2.0,lr1e-04_bs16_drop0p4_temp2p0_trmiss80_trlocclin,5,0.6873588005701701,0.5948275862068966,0.7153694702524381,0.6,0.5862068965517241,0.625,0.2022515352769304,22,clin,0.8
1,4,lr5e-05_bs32_drop0p2_temp1p0_trmiss80_trlocclin,32,5e-05,0.2,1.0,lr5e-05_bs32_drop0p2_temp1p0_trmiss80_trlocclin,30,0.6884455925888485,0.6228448275862069,0.6969716433857368,0.6444444444444445,0.6551724137931034,0.625,0.2698978095246549,22,clin,0.8
1,4,lr5e-05_bs32_drop0p2_temp2p0_trmiss80_trlocclin,32,5e-05,0.2,2.0,lr5e-05_bs32_drop0p2_temp2p0_trmiss80_trlocclin,21,0.6991140921910604,0.6508620689655172,0.6969031035757557,0.4666666666666667,0.3103448275862069,0.75,0.0637312410638076,22,clin,0.8
1,4,lr5e-05_bs32_drop0p4_temp1p0_trmiss80_trlocclin,32,5e-05,0.4,1.0,lr5e-05_bs32_drop0p4_temp1p0_trmiss80_trlocclin,14,0.6883239613638984,0.5581896551724138,0.6724957433864188,0.5777777777777777,0.5517241379310345,0.625,0.16923087645620707,22,clin,0.8
1,4,lr5e-05_bs32_drop0p4_temp2p0_trmiss80_trlocclin,32,5e-05,0.4,2.0,lr5e-05_bs32_drop0p4_temp2p0_trmiss80_trlocclin,46,0.6375014728969998,0.6788793103448276,0.8101329642917328,0.6222222222222222,0.7241379310344828,0.4375,0.16413304107465318,22,clin,0.8
1,4,lr1e-04_bs32_drop0p2_temp1p0_trmiss80_trlocclin,32,0.0001,0.2,1.0,lr1e-04_bs32_drop0p2_temp1p0_trmiss80_trlocclin,28,0.7000833173592885,0.607758620689655,0.7038620170312131,0.4222222222222222,0.27586206896551724,0.6875,-0.038693967788740326,22,clin,0.8
1,4,lr1e-04_bs32_drop0p2_temp2p0_trmiss80_trlocclin,32,0.0001,0.2,2.0,lr1e-04_bs32_drop0p2_temp2p0_trmiss80_trlocclin,37,0.6454788754383723,0.6896551724137931,0.7991770255168426,0.5555555555555556,0.5172413793103449,0.625,0.13648020842100292,22,clin,0.8
1,4,lr1e-04_bs32_drop0p4_temp1p0_trmiss80_trlocclin,32,0.0001,0.4,1.0,lr1e-04_bs32_drop0p4_temp1p0_trmiss80_trlocclin,22,0.7159418874316745,0.5538793103448276,0.665188568339654,0.6,0.5517241379310345,0.6875,0.22953489598077764,22,clin,0.8
1,4,lr1e-04_bs32_drop0p4_temp2p0_trmiss80_trlocclin,32,0.0001,0.4,2.0,lr1e-04_bs32_drop0p4_temp2p0_trmiss80_trlocclin,11,0.6590275920099682,0.6379310344827587,0.7321457986152967,0.5111111111111111,0.4482758620689655,0.625,0.07101604013294192,22,clin,0.8
1,5,lr5e-05_bs16_drop0p2_temp1p0_trmiss80_trlocclin,16,5e-05,0.2,1.0,lr5e-05_bs16_drop0p2_temp1p0_trmiss80_trlocclin,45,0.6947841962178548,0.5474137931034483,0.7297958289889874,0.5333333333333333,0.5172413793103449,0.5625,0.07636027352292271,22,clin,0.8
1,5,lr5e-05_bs16_drop0p2_temp2p0_trmiss80_trlocclin,16,5e-05,0.2,2.0,lr5e-05_bs16_drop0p2_temp2p0_trmiss80_trlocclin,7,0.6454721417691972,0.7068965517241379,0.7932290162277883,0.7111111111111111,0.7586206896551724,0.625,0.37875426824180874,22,clin,0.8
1,5,lr5e-05_bs16_drop0p4_temp1p0_trmiss80_trlocclin,16,5e-05,0.4,1.0,lr5e-05_bs16_drop0p4_temp1p0_trmiss80_trlocclin,51,0.6321202410591973,0.709051724137931,0.8006735455122276,0.7111111111111111,0.8275862068965517,0.5,0.34596959434638413,22,clin,0.8
1,5,lr5e-05_bs16_drop0p4_temp2p0_trmiss80_trlocclin,16,5e-05,0.4,2.0,lr5e-05_bs16_drop0p4_temp2p0_trmiss80_trlocclin,49,0.6147251023186577,0.709051724137931,0.829236394002145,0.7333333333333333,0.8620689655172413,0.5,0.39192475766909796,22,clin,0.8
1,5,lr1e-04_bs16_drop0p2_temp1p0_trmiss80_trlocclin,16,0.0001,0.2,1.0,lr1e-04_bs16_drop0p2_temp1p0_trmiss80_trlocclin,18,0.6324701281057463,0.6896551724137931,0.7801614368003783,0.6222222222222222,0.6206896551724138,0.625,0.23573854181809595,22,clin,0.8
1,5,lr1e-04_bs16_drop0p2_temp2p0_trmiss80_trlocclin,16,0.0001,0.2,2.0,lr1e-04_bs16_drop0p2_temp2p0_trmiss80_trlocclin,4,0.661179698838128,0.6530172413793104,0.7596413261854547,0.5555555555555556,0.5517241379310345,0.5625,0.10938093234364604,22,clin,0.8
1,5,lr1e-04_bs16_drop0p4_temp1p0_trmiss80_trlocclin,16,0.0001,0.4,1.0,lr1e-04_bs16_drop0p4_temp1p0_trmiss80_trlocclin,44,0.6636274417241415,0.5237068965517241,0.6953683108261772,0.6666666666666666,0.8275862068965517,0.375,0.22564881763291675,22,clin,0.8
1,5,lr1e-04_bs16_drop0p4_temp2p0_trmiss80_trlocclin,16,0.0001,0.4,2.0,lr1e-04_bs16_drop0p4_temp2p0_trmiss80_trlocclin,21,0.6442539076010386,0.6745689655172413,0.7863307144022312,0.6444444444444445,0.7241379310344828,0.5,0.22413793103448276,22,clin,0.8
1,5,lr5e-05_bs32_drop0p2_temp1p0_trmiss80_trlocclin,32,5e-05,0.2,1.0,lr5e-05_bs32_drop0p2_temp1p0_trmiss80_trlocclin,9,0.663013090689977,0.6400862068965517,0.7867297386502659,0.6222222222222222,0.6551724137931034,0.5625,0.2109594133360922,22,clin,0.8
1,5,lr5e-05_bs32_drop0p2_temp2p0_trmiss80_trlocclin,32,5e-05,0.2,2.0,lr5e-05_bs32_drop0p2_temp2p0_trmiss80_trlocclin,5,0.678348347875807,0.5625,0.7302105260558032,0.5333333333333333,0.6206896551724138,0.375,-0.0042556659353012215,22,clin,0.8
1,5,lr5e-05_bs32_drop0p4_temp1p0_trmiss80_trlocclin,32,5e-05,0.4,1.0,lr5e-05_bs32_drop0p4_temp1p0_trmiss80_trlocclin,5,0.6678556283315022,0.5495689655172413,0.7380869586946028,0.6,0.896551724137931,0.0625,-0.06887675637968181,22,clin,0.8
1,5,lr5e-05_bs32_drop0p4_temp2p0_trmiss80_trlocclin,32,5e-05,0.4,2.0,lr5e-05_bs32_drop0p4_temp2p0_trmiss80_trlocclin,24,0.6555831856197781,0.6293103448275863,0.7499935068082761,0.5777777777777777,0.5517241379310345,0.625,0.16923087645620707,22,clin,0.8
1,5,lr1e-04_bs32_drop0p2_temp1p0_trmiss80_trlocclin,32,0.0001,0.2,1.0,lr1e-04_bs32_drop0p2_temp1p0_trmiss80_trlocclin,15,0.6953148113356696,0.5818965517241379,0.6996606038979272,0.5111111111111111,0.4827586206896552,0.5625,0.0434255208612282,22,clin,0.8
1,5,lr1e-04_bs32_drop0p2_temp2p0_trmiss80_trlocclin,32,0.0001,0.2,2.0,lr1e-04_bs32_drop0p2_temp2p0_trmiss80_trlocclin,10,0.6651886840661366,0.6745689655172413,0.7754473510420846,0.6444444444444445,0.6896551724137931,0.5625,0.2463818641631436,22,clin,0.8
1,5,lr1e-04_bs32_drop0p4_temp1p0_trmiss80_trlocclin,32,0.0001,0.4,1.0,lr1e-04_bs32_drop0p4_temp1p0_trmiss80_trlocclin,28,0.6562669820255703,0.6573275862068965,0.7592408697135553,0.7111111111111111,0.7586206896551724,0.625,0.37875426824180874,22,clin,0.8
1,5,lr1e-04_bs32_drop0p4_temp2p0_trmiss80_trlocclin,32,0.0001,0.4,2.0,lr1e-04_bs32_drop0p4_temp2p0_trmiss80_trlocclin,20,0.634693263636695,0.6400862068965517,0.7851256308243446,0.6222222222222222,0.7586206896551724,0.375,0.14111917664128826,22,clin,0.8
2,1,lr5e-05_bs16_drop0p2_temp1p0_trmiss80_trlocclin,16,5e-05,0.2,1.0,lr5e-05_bs16_drop0p2_temp1p0_trmiss80_trlocclin,9,0.6617540233665042,0.6218487394957983,0.6988253256669287,0.6888888888888889,0.9285714285714286,0.29411764705882354,0.29789387281661134,22,clin,0.8
2,1,lr5e-05_bs16_drop0p2_temp2p0_trmiss80_trlocclin,16,5e-05,0.2,2.0,lr5e-05_bs16_drop0p2_temp2p0_trmiss80_trlocclin,30,0.6513477030727598,0.7016806722689075,0.8004337750857111,0.5777777777777777,0.4642857142857143,0.7647058823529411,0.22899159663865545,22,clin,0.8
2,1,lr5e-05_bs16_drop0p4_temp1p0_trmiss80_trlocclin,16,5e-05,0.4,1.0,lr5e-05_bs16_drop0p4_temp1p0_trmiss80_trlocclin,13,0.6784637431303661,0.546218487394958,0.7105188543078688,0.5555555555555556,0.6785714285714286,0.35294117647058826,0.03241018617760822,22,clin,0.8
2,1,lr5e-05_bs16_drop0p4_temp2p0_trmiss80_trlocclin,16,5e-05,0.4,2.0,lr5e-05_bs16_drop0p4_temp2p0_trmiss80_trlocclin,52,0.683716991212633,0.5525210084033614,0.6732812310731615,0.5555555555555556,0.6071428571428571,0.47058823529411764,0.07630179823107501,22,clin,0.8
2,1,lr1e-04_bs16_drop0p2_temp1p0_trmiss80_trlocclin,16,0.0001,0.2,1.0,lr1e-04_bs16_drop0p2_temp1p0_trmiss80_trlocclin,20,0.6540895594490899,0.6323529411764706,0.7908509112403328,0.5555555555555556,0.6071428571428571,0.47058823529411764,0.07630179823107501,22,clin,0.8
2,1,lr1e-04_bs16_drop0p2_temp2p0_trmiss80_trlocclin,16,0.0001,0.2,2.0,lr1e-04_bs16_drop0p2_temp2p0_trmiss80_trlocclin,32,0.6451015839974086,0.6722689075630252,0.740589781130477,0.5777777777777777,0.8214285714285714,0.17647058823529413,-0.0026641008929884397,22,clin,0.8
2,1,lr1e-04_bs16_drop0p4_temp1p0_trmiss80_trlocclin,16,0.0001,0.4,1.0,lr1e-04_bs16_drop0p4_temp1p0_trmiss80_trlocclin,56,0.6662529336081611,0.6512605042016807,0.7546494640102159,0.6666666666666666,0.6785714285714286,0.6470588235294118,0.31771902390518025,22,clin,0.8
2,1,lr1e-04_bs16_drop0p4_temp2p0_trmiss80_trlocclin,16,0.0001,0.4,2.0,lr1e-04_bs16_drop0p4_temp2p0_trmiss80_trlocclin,6,0.6604924036396874,0.5819327731092437,0.737979327843975,0.6444444444444445,0.7857142857142857,0.4117647058823529,0.21124075543088197,22,clin,0.8
2,1,lr5e-05_bs32_drop0p2_temp1p0_trmiss80_trlocclin,32,5e-05,0.2,1.0,lr5e-05_bs32_drop0p2_temp1p0_trmiss80_trlocclin,42,0.6821433279249404,0.6071428571428571,0.7322096311581403,0.5333333333333333,0.42857142857142855,0.7058823529411765,0.13445378151260504,22,clin,0.8
2,1,lr5e-05_bs32_drop0p2_temp2p0_trmiss80_trlocclin,32,5e-05,0.2,2.0,lr5e-05_bs32_drop0p2_temp2p0_trmiss80_trlocclin,53,0.685807732741038,0.5504201680672269,0.6707872015367929,0.5555555555555556,0.6428571428571429,0.4117647058823529,0.0546218487394958,22,clin,0.8
2,1,lr5e-05_bs32_drop0p4_temp1p0_trmiss80_trlocclin,32,5e-05,0.4,1.0,lr5e-05_bs32_drop0p4_temp1p0_trmiss80_trlocclin,44,0.6423009090953403,0.6491596638655461,0.7556330693818241,0.5777777777777777,0.75,0.29411764705882354,0.04836912437199343,22,clin,0.8
2,1,lr5e-05_bs32_drop0p4_temp2p0_trmiss80_trlocclin,32,5e-05,0.4,2.0,lr5e-05_bs32_drop0p4_temp2p0_trmiss80_trlocclin,29,0.6874288790755801,0.5756302521008403,0.7102638468258375,0.5555555555555556,0.5357142857142857,0.5882352941176471,0.12021904587984773,22,clin,0.8
2,1,lr1e-04_bs32_drop0p2_temp1p0_trmiss80_trlocclin,32,0.0001,0.2,1.0,lr1e-04_bs32_drop0p2_temp1p0_trmiss80_trlocclin,46,0.6623191071881188,0.5945378151260504,0.7047429759718905,0.6444444444444445,0.8214285714285714,0.35294117647058826,0.19671560592384282,22,clin,0.8
2,1,lr1e-04_bs32_drop0p2_temp2p0_trmiss80_trlocclin,32,0.0001,0.2,2.0,lr1e-04_bs32_drop0p2_temp2p0_trmiss80_trlocclin,9,0.664939178360833,0.5399159663865546,0.7447967198397324,0.5333333333333333,0.75,0.17647058823529413,-0.08574929257125442,22,clin,0.8
2,1,lr1e-04_bs32_drop0p4_temp1p0_trmiss80_trlocclin,32,0.0001,0.4,1.0,lr1e-04_bs32_drop0p4_temp1p0_trmiss80_trlocclin,40,0.6609252830346425,0.6323529411764706,0.7333388305242814,0.5777777777777777,0.5714285714285714,0.5882352941176471,0.1548584319808208,22,clin,0.8
2,1,lr1e-04_bs32_drop0p4_temp2p0_trmiss80_trlocclin,32,0.0001,0.4,2.0,lr1e-04_bs32_drop0p4_temp2p0_trmiss80_trlocclin,33,0.6846278879377578,0.6218487394957983,0.7312974499179752,0.5555555555555556,0.5,0.6470588235294118,0.14348601079588785,22,clin,0.8
2,2,lr5e-05_bs16_drop0p2_temp1p0_trmiss80_trlocclin,16,5e-05,0.2,1.0,lr5e-05_bs16_drop0p2_temp1p0_trmiss80_trlocclin,44,0.6930027213361528,0.48319327731092443,0.6415589850613778,0.4888888888888889,0.5714285714285714,0.35294117647058826,-0.07484811885651198,22,clin,0.8
2,2,lr5e-05_bs16_drop0p2_temp2p0_trmiss80_trlocclin,16,5e-05,0.2,2.0,lr5e-05_bs16_drop0p2_temp2p0_trmiss80_trlocclin,1,0.7172221766577827,0.36764705882352944,0.5299541629615208,0.37777777777777777,0.2857142857142857,0.5294117647058824,-0.18724930115325378,22,clin,0.8
2,2,lr5e-05_bs16_drop0p4_temp1p0_trmiss80_trlocclin,16,5e-05,0.4,1.0,lr5e-05_bs16_drop0p4_temp1p0_trmiss80_trlocclin,46,0.67537452644772,0.49789915966386555,0.6668851433487271,0.6,0.8214285714285714,0.23529411764705882,0.06875238727711584,22,clin,0.8
2,2,lr5e-05_bs16_drop0p4_temp2p0_trmiss80_trlocclin,16,5e-05,0.4,2.0,lr5e-05_bs16_drop0p4_temp2p0_trmiss80_trlocclin,1,0.6915222982565562,0.4411764705882353,0.6042455804779905,0.4888888888888889,0.6071428571428571,0.29411764705882354,-0.10000814947957871,22,clin,0.8
2,2,lr1e-04_bs16_drop0p2_temp1p0_trmiss80_trlocclin,16,0.0001,0.2,1.0,lr1e-04_bs16_drop0p2_temp1p0_trmiss80_trlocclin,7,0.6696354369322459,0.5987394957983193,0.703078226464543,0.5777777777777777,0.6071428571428571,0.5294117647058824,0.13323701002475302,22,clin,0.8
2,2,lr1e-04_bs16_drop0p2_temp2p0_trmiss80_trlocclin,16,0.0001,0.2,2.0,lr1e-04_bs16_drop0p2_temp2p0_trmiss80_trlocclin,15,0.713837124241723,0.5126050420168067,0.6410382386008268,0.6222222222222222,0.6071428571428571,0.6470588235294118,0.24655092460104366,22,clin,0.8
2,2,lr1e-04_bs16_drop0p4_temp1p0_trmiss80_trlocclin,16,0.0001,0.4,1.0,lr1e-04_bs16_drop0p4_temp1p0_trmiss80_trlocclin,28,0.6662913468148973,0.5903361344537815,0.7272184971111982,0.6,0.7142857142857143,0.4117647058823529,0.12964074471043288,22,clin,0.8
2,2,lr1e-04_bs16_drop0p4_temp2p0_trmiss80_trlocclin,16,0.0001,0.4,2.0,lr1e-04_bs16_drop0p4_temp2p0_trmiss80_trlocclin,41,0.6789848744869232,0.47058823529411764,0.6605665497929756,0.5777777777777777,0.8928571428571429,0.058823529411764705,-0.08231944535915299,22,clin,0.8
2,2,lr5e-05_bs32_drop0p2_temp1p0_trmiss80_trlocclin,32,5e-05,0.2,1.0,lr5e-05_bs32_drop0p2_temp1p0_trmiss80_trlocclin,57,0.7104738427533044,0.4789915966386555,0.6624971963207325,0.4444444444444444,0.39285714285714285,0.5294117647058824,-0.07630179823107501,22,clin,0.8
2,2,lr5e-05_bs32_drop0p2_temp2p0_trmiss80_trlocclin,32,5e-05,0.2,2.0,lr5e-05_bs32_drop0p2_temp2p0_trmiss80_trlocclin,17,0.6632201843791538,0.5840336134453781,0.7299161573356128,0.5111111111111111,0.5714285714285714,0.4117647058823529,-0.01649768610401622,22,clin,0.8
2,2,lr5e-05_bs32_drop0p4_temp1p0_trmiss80_trlocclin,32,5e-05,0.4,1.0,lr5e-05_bs32_drop0p4_temp1p0_trmiss80_trlocclin,30,0.7080980883704291,0.4852941176470588,0.6521197371867504,0.4444444444444444,0.32142857142857145,0.6470588235294118,-0.03241018617760822,22,clin,0.8
2,2,lr5e-05_bs32_drop0p4_temp2p0_trmiss80_trlocclin,32,5e-05,0.4,2.0,lr5e-05_bs32_drop0p4_temp2p0_trmiss80_trlocclin,10,0.7063127371999952,0.4432773109243698,0.604836137839131,0.5333333333333333,0.6071428571428571,0.4117647058823529,0.018712029714127994,22,clin,0.8
2,2,lr1e-04_bs32_drop0p2_temp1p0_trmiss80_trlocclin,32,0.0001,0.2,1.0,lr1e-04_bs32_drop0p2_temp1p0_trmiss80_trlocclin,23,0.6994137108325958,0.5567226890756303,0.6446968553068171,0.5333333333333333,0.5,0.5882352941176471,0.08574929257125442,22,clin,0.8
2,2,lr1e-04_bs32_drop0p2_temp2p0_trmiss80_trlocclin,32,0.0001,0.2,2.0,lr1e-04_bs32_drop0p2_temp2p0_trmiss80_trlocclin,44,0.6724075555801392,0.6050420168067226,0.7342349606437107,0.5555555555555556,0.5714285714285714,0.5294117647058824,0.09799919151000505,22,clin,0.8
2,2,lr1e-04_bs32_drop0p4_temp1p0_trmiss80_trlocclin,32,0.0001,0.4,1.0,lr1e-04_bs32_drop0p4_temp1p0_trmiss80_trlocclin,10,0.6802447689904108,0.6092436974789917,0.7167594495985337,0.5111111111111111,0.5,0.5294117647058824,0.028526553259624887,22,clin,0.8
2,2,lr1e-04_bs32_drop0p4_temp2p0_trmiss80_trlocclin,32,0.0001,0.4,2.0,lr1e-04_bs32_drop0p4_temp2p0_trmiss80_trlocclin,1,0.686265351374944,0.5294117647058824,0.678487517140741,0.5555555555555556,0.6071428571428571,0.47058823529411764,0.07630179823107501,22,clin,0.8
2,3,lr5e-05_bs16_drop0p2_temp1p0_trmiss80_trlocclin,16,5e-05,0.2,1.0,lr5e-05_bs16_drop0p2_temp1p0_trmiss80_trlocclin,38,0.6863723774751027,0.5948275862068966,0.7756418806645522,0.5333333333333333,0.41379310344827586,0.75,0.16379310344827586,22,clin,0.8
2,3,lr5e-05_bs16_drop0p2_temp2p0_trmiss80_trlocclin,16,5e-05,0.2,2.0,lr5e-05_bs16_drop0p2_temp2p0_trmiss80_trlocclin,32,0.6483979059590234,0.6961206896551724,0.8028966505566507,0.7333333333333333,0.8275862068965517,0.5625,0.40334318170888966,22,clin,0.8
2,3,lr5e-05_bs16_drop0p4_temp1p0_trmiss80_trlocclin,16,5e-05,0.4,1.0,lr5e-05_bs16_drop0p4_temp1p0_trmiss80_trlocclin,20,0.6935625043180254,0.6228448275862069,0.7492915120478243,0.6888888888888889,0.7241379310344828,0.625,0.3411441196105065,22,clin,0.8
2,3,lr5e-05_bs16_drop0p4_temp2p0_trmiss80_trlocclin,16,5e-05,0.4,2.0,lr5e-05_bs16_drop0p4_temp2p0_trmiss80_trlocclin,44,0.6987880852487353,0.5775862068965518,0.7552009975663238,0.5111111111111111,0.3793103448275862,0.75,0.13130643285972254,22,clin,0.8
2,3,lr1e-04_bs16_drop0p2_temp1p0_trmiss80_trlocclin,16,0.0001,0.2,1.0,lr1e-04_bs16_drop0p2_temp1p0_trmiss80_trlocclin,42,0.6531478914949629,0.7004310344827586,0.8530638455362849,0.6222222222222222,0.6551724137931034,0.5625,0.2109594133360922,22,clin,0.8
2,3,lr1e-04_bs16_drop0p2_temp2p0_trmiss80_trlocclin,16,0.0001,0.2,2.0,lr1e-04_bs16_drop0p2_temp2p0_trmiss80_trlocclin,21,0.6842331575022803,0.5991379310344828,0.7657314789840033,0.5333333333333333,0.4482758620689655,0.6875,0.1326671576263081,22,clin,0.8
2,3,lr1e-04_bs16_drop0p4_temp1p0_trmiss80_trlocclin,16,0.0001,0.4,1.0,lr1e-04_bs16_drop0p4_temp1p0_trmiss80_trlocclin,18,0.6926940864986844,0.5452586206896551,0.6971469119371995,0.4,0.3103448275862069,0.5625,-0.1271551724137931,22,clin,0.8
2,3,lr1e-04_bs16_drop0p4_temp2p0_trmiss80_trlocclin,16,0.0001,0.4,2.0,lr1e-04_bs16_drop0p4_temp2p0_trmiss80_trlocclin,6,0.680637405316035,0.5495689655172413,0.6909090043707975,0.5111111111111111,0.5862068965517241,0.375,-0.03790490217894517,22,clin,0.8
2,3,lr5e-05_bs32_drop0p2_temp1p0_trmiss80_trlocclin,32,5e-05,0.2,1.0,lr5e-05_bs32_drop0p2_temp1p0_trmiss80_trlocclin,7,0.6713573137919108,0.6379310344827586,0.7193169962875762,0.7111111111111111,0.7931034482758621,0.5625,0.361092690364237,22,clin,0.8
2,3,lr5e-05_bs32_drop0p2_temp2p0_trmiss80_trlocclin,32,5e-05,0.2,2.0,lr5e-05_bs32_drop0p2_temp2p0_trmiss80_trlocclin,12,0.6638813197612763,0.6185344827586207,0.7392716009663717,0.5555555555555556,0.5862068965517241,0.5,0.08304547985373997,22,clin,0.8
2,3,lr5e-05_bs32_drop0p4_temp1p0_trmiss80_trlocclin,32,5e-05,0.4,1.0,lr5e-05_bs32_drop0p4_temp1p0_trmiss80_trlocclin,43,0.6949250472916497,0.6400862068965517,0.8011614891252532,0.5111111111111111,0.3448275862068966,0.8125,0.16615644991635553,22,clin,0.8
2,3,lr5e-05_bs32_drop0p4_temp2p0_trmiss80_trlocclin,32,5e-05,0.4,2.0,lr5e-05_bs32_drop0p4_temp2p0_trmiss80_trlocclin,14,0.6629559973875682,0.5625,0.721326366227631,0.6222222222222222,0.8275862068965517,0.25,0.09284766908852593,22,clin,0.8
2,3,lr1e-04_bs32_drop0p2_temp1p0_trmiss80_trlocclin,32,0.0001,0.2,1.0,lr1e-04_bs32_drop0p2_temp1p0_trmiss80_trlocclin,38,0.6652917067209879,0.5948275862068966,0.757236033119868,0.6222222222222222,0.6551724137931034,0.5625,0.2109594133360922,22,clin,0.8
2,3,lr1e-04_bs32_drop0p2_temp2p0_trmiss80_trlocclin,32,0.0001,0.2,2.0,lr1e-04_bs32_drop0p2_temp2p0_trmiss80_trlocclin,3,0.7118589414490594,0.6163793103448276,0.7799408111656178,0.4666666666666667,0.2413793103448276,0.875,0.1392715036327889,22,clin,0.8
2,3,lr1e-04_bs32_drop0p4_temp1p0_trmiss80_trlocclin,32,0.0001,0.4,1.0,lr1e-04_bs32_drop0p4_temp1p0_trmiss80_trlocclin,12,0.7187513033548991,0.5603448275862069,0.6779563811556828,0.37777777777777777,0.1724137931034483,0.75,-0.09284766908852593,22,clin,0.8
2,3,lr1e-04_bs32_drop0p4_temp2p0_trmiss80_trlocclin,32,0.0001,0.4,2.0,lr1e-04_bs32_drop0p4_temp2p0_trmiss80_trlocclin,14,0.673645900355445,0.6077586206896552,0.7538430296459585,0.6,0.6206896551724138,0.5625,0.17647164468919743,22,clin,0.8
2,4,lr5e-05_bs16_drop0p2_temp1p0_trmiss80_trlocclin,16,5e-05,0.2,1.0,lr5e-05_bs16_drop0p2_temp1p0_trmiss80_trlocclin,4,0.7169299883974923,0.46336206896551724,0.640884487720403,0.4444444444444444,0.3103448275862069,0.6875,-0.0022284153685574013,22,clin,0.8
2,4,lr5e-05_bs16_drop0p2_temp2p0_trmiss80_trlocclin,16,5e-05,0.2,2.0,lr5e-05_bs16_drop0p2_temp2p0_trmiss80_trlocclin,4,0.6821170614825355,0.47844827586206895,0.6632356828158434,0.5333333333333333,0.6551724137931034,0.3125,-0.032826608214930636,22,clin,0.8
2,4,lr5e-05_bs16_drop0p4_temp1p0_trmiss80_trlocclin,16,5e-05,0.4,1.0,lr5e-05_bs16_drop0p4_temp1p0_trmiss80_trlocclin,2,0.6547677781846788,0.6012931034482758,0.7432008718354847,0.6666666666666666,0.7586206896551724,0.5,0.2626128657194451,22,clin,0.8
2,4,lr5e-05_bs16_drop0p4_temp2p0_trmiss80_trlocclin,16,5e-05,0.4,2.0,lr5e-05_bs16_drop0p4_temp2p0_trmiss80_trlocclin,9,0.6325470593240526,0.728448275862069,0.8666666476074245,0.6444444444444445,0.7931034482758621,0.375,0.18196506606065263,22,clin,0.8
2,4,lr1e-04_bs16_drop0p2_temp1p0_trmiss80_trlocclin,16,0.0001,0.2,1.0,lr1e-04_bs16_drop0p2_temp1p0_trmiss80_trlocclin,2,0.6532993204063839,0.6379310344827587,0.7711480649500861,0.6666666666666666,0.896551724137931,0.25,0.19355709889203537,22,clin,0.8
2,4,lr1e-04_bs16_drop0p2_temp2p0_trmiss80_trlocclin,16,0.0001,0.2,2.0,lr1e-04_bs16_drop0p2_temp2p0_trmiss80_trlocclin,4,0.6682677778932783,0.6508620689655172,0.7271468029595676,0.6222222222222222,0.6551724137931034,0.5625,0.2109594133360922,22,clin,0.8
2,4,lr1e-04_bs16_drop0p4_temp1p0_trmiss80_trlocclin,16,0.0001,0.4,1.0,lr1e-04_bs16_drop0p4_temp1p0_trmiss80_trlocclin,20,0.641540852520201,0.665948275862069,0.7846614108499668,0.7111111111111111,0.7586206896551724,0.625,0.37875426824180874,22,clin,0.8
2,4,lr1e-04_bs16_drop0p4_temp2p0_trmiss80_trlocclin,16,0.0001,0.4,2.0,lr1e-04_bs16_drop0p4_temp2p0_trmiss80_trlocclin,2,0.6665741099251641,0.689655172413793,0.8164211794904783,0.6444444444444445,0.5862068965517241,0.75,0.32258958354055234,22,clin,0.8
2,4,lr5e-05_bs32_drop0p2_temp1p0_trmiss80_trlocclin,32,5e-05,0.2,1.0,lr5e-05_bs32_drop0p2_temp1p0_trmiss80_trlocclin,1,0.712250996960534,0.4655172413793104,0.6239294534508725,0.4444444444444444,0.4827586206896552,0.375,-0.13648020842100292,22,clin,0.8
2,4,lr5e-05_bs32_drop0p2_temp2p0_trmiss80_trlocclin,32,5e-05,0.2,2.0,lr5e-05_bs32_drop0p2_temp2p0_trmiss80_trlocclin,10,0.6679492195447286,0.5991379310344828,0.7291902447796231,0.6222222222222222,0.6206896551724138,0.625,0.23573854181809595,22,clin,0.8
2,4,lr5e-05_bs32_drop0p4_temp1p0_trmiss80_trlocclin,32,5e-05,0.4,1.0,lr5e-05_bs32_drop0p4_temp1p0_trmiss80_trlocclin,1,0.7106585813893213,0.4676724137931035,0.6037343616881826,0.4666666666666667,0.4827586206896552,0.4375,-0.07636027352292271,22,clin,0.8
2,4,lr5e-05_bs32_drop0p4_temp2p0_trmiss80_trlocclin,32,5e-05,0.4,2.0,lr5e-05_bs32_drop0p4_temp2p0_trmiss80_trlocclin,69,0.6629542196602819,0.6616379310344828,0.768453182850566,0.6,0.5517241379310345,0.6875,0.22953489598077764,22,clin,0.8
2,4,lr1e-04_bs32_drop0p2_temp1p0_trmiss80_trlocclin,32,0.0001,0.2,1.0,lr1e-04_bs32_drop0p2_temp1p0_trmiss80_trlocclin,8,0.6663138879670037,0.6185344827586207,0.764638407443068,0.5555555555555556,0.5862068965517241,0.5,0.08304547985373997,22,clin,0.8
2,4,lr1e-04_bs32_drop0p2_temp2p0_trmiss80_trlocclin,32,0.0001,0.2,2.0,lr1e-04_bs32_drop0p2_temp2p0_trmiss80_trlocclin,14,0.6072740252440174,0.7198275862068966,0.8180321491785563,0.7111111111111111,0.7586206896551724,0.625,0.37875426824180874,22,clin,0.8
2,4,lr1e-04_bs32_drop0p4_temp1p0_trmiss80_trlocclin,32,0.0001,0.4,1.0,lr1e-04_bs32_drop0p4_temp1p0_trmiss80_trlocclin,41,0.6484216749668121,0.6336206896551724,0.78508901871041,0.6444444444444445,0.7241379310344828,0.5,0.22413793103448276,22,clin,0.8
2,4,lr1e-04_bs32_drop0p4_temp2p0_trmiss80_trlocclin,32,0.0001,0.4,2.0,lr1e-04_bs32_drop0p4_temp2p0_trmiss80_trlocclin,41,0.6510941465695699,0.6573275862068966,0.7601389527033579,0.6444444444444445,0.7241379310344828,0.5,0.22413793103448276,22,clin,0.8
2,5,lr5e-05_bs16_drop0p2_temp1p0_trmiss80_trlocclin,16,5e-05,0.2,1.0,lr5e-05_bs16_drop0p2_temp1p0_trmiss80_trlocclin,27,0.6359312329027388,0.7025862068965517,0.8063811282395095,0.6888888888888889,0.7241379310344828,0.625,0.3411441196105065,22,clin,0.8
2,5,lr5e-05_bs16_drop0p2_temp2p0_trmiss80_trlocclin,16,5e-05,0.2,2.0,lr5e-05_bs16_drop0p2_temp2p0_trmiss80_trlocclin,61,0.6525945623715719,0.603448275862069,0.718691072583435,0.6666666666666666,0.8275862068965517,0.375,0.22564881763291675,22,clin,0.8
2,5,lr5e-05_bs16_drop0p4_temp1p0_trmiss80_trlocclin,16,5e-05,0.4,1.0,lr5e-05_bs16_drop0p4_temp1p0_trmiss80_trlocclin,27,0.6756982756985559,0.5883620689655172,0.7547643760449679,0.5111111111111111,0.5517241379310345,0.4375,-0.010380684981717497,22,clin,0.8
2,5,lr5e-05_bs16_drop0p4_temp2p0_trmiss80_trlocclin,16,5e-05,0.4,2.0,lr5e-05_bs16_drop0p4_temp2p0_trmiss80_trlocclin,51,0.6642337103684743,0.5258620689655172,0.7261284148500264,0.6,0.8275862068965517,0.1875,0.018888314015215117,22,clin,0.8
2,5,lr1e-04_bs16_drop0p2_temp1p0_trmiss80_trlocclin,16,0.0001,0.2,1.0,lr1e-04_bs16_drop0p2_temp1p0_trmiss80_trlocclin,23,0.6498904609017901,0.6400862068965517,0.7827032744248245,0.6222222222222222,0.6551724137931034,0.5625,0.2109594133360922,22,clin,0.8
2,5,lr1e-04_bs16_drop0p2_temp2p0_trmiss80_trlocclin,16,0.0001,0.2,2.0,lr1e-04_bs16_drop0p2_temp2p0_trmiss80_trlocclin,23,0.631653325425254,0.6142241379310345,0.782695883567627,0.5777777777777777,0.6551724137931034,0.4375,0.09149681760897627,22,clin,0.8
2,5,lr1e-04_bs16_drop0p4_temp1p0_trmiss80_trlocclin,16,0.0001,0.4,1.0,lr1e-04_bs16_drop0p4_temp1p0_trmiss80_trlocclin,48,0.6695456127325694,0.5301724137931034,0.7130928859511596,0.5555555555555556,0.6551724137931034,0.375,0.03017241379310345,22,clin,0.8
2,5,lr1e-04_bs16_drop0p4_temp2p0_trmiss80_trlocclin,16,0.0001,0.4,2.0,lr1e-04_bs16_drop0p4_temp2p0_trmiss80_trlocclin,25,0.6881271885501014,0.5150862068965517,0.7143038712826572,0.5777777777777777,0.6896551724137931,0.375,0.06565321642986127,22,clin,0.8
2,5,lr5e-05_bs32_drop0p2_temp1p0_trmiss80_trlocclin,32,5e-05,0.2,1.0,lr5e-05_bs32_drop0p2_temp1p0_trmiss80_trlocclin,47,0.6758976717789967,0.644396551724138,0.7681073964843576,0.5777777777777777,0.5172413793103449,0.6875,0.19723301465263243,22,clin,0.8
2,5,lr5e-05_bs32_drop0p2_temp2p0_trmiss80_trlocclin,32,5e-05,0.2,2.0,lr5e-05_bs32_drop0p2_temp2p0_trmiss80_trlocclin,53,0.6418587366739908,0.665948275862069,0.7893398812831501,0.6666666666666666,0.7931034482758621,0.4375,0.2435443854938362,22,clin,0.8
2,5,lr5e-05_bs32_drop0p4_temp1p0_trmiss80_trlocclin,32,5e-05,0.4,1.0,lr5e-05_bs32_drop0p4_temp1p0_trmiss80_trlocclin,25,0.6675411880016326,0.6637931034482758,0.8205348475025565,0.5777777777777777,0.5517241379310345,0.625,0.16923087645620707,22,clin,0.8
2,5,lr5e-05_bs32_drop0p4_temp2p0_trmiss80_trlocclin,32,5e-05,0.4,2.0,lr5e-05_bs32_drop0p4_temp2p0_trmiss80_trlocclin,29,0.7002552628517151,0.6120689655172413,0.7604818541871112,0.4888888888888889,0.3448275862068966,0.75,0.09805027621652566,22,clin,0.8
2,5,lr1e-04_bs32_drop0p2_temp1p0_trmiss80_trlocclin,32,0.0001,0.2,1.0,lr1e-04_bs32_drop0p2_temp1p0_trmiss80_trlocclin,27,0.6579335974322424,0.6012931034482758,0.7187360025576726,0.6666666666666666,0.8275862068965517,0.375,0.22564881763291675,22,clin,0.8
2,5,lr1e-04_bs32_drop0p2_temp2p0_trmiss80_trlocclin,32,0.0001,0.2,2.0,lr1e-04_bs32_drop0p2_temp2p0_trmiss80_trlocclin,17,0.6932308276494344,0.49137931034482757,0.6794630855018758,0.4222222222222222,0.41379310344827586,0.4375,-0.14268385425832122,22,clin,0.8
2,5,lr1e-04_bs32_drop0p4_temp1p0_trmiss80_trlocclin,32,0.0001,0.4,1.0,lr1e-04_bs32_drop0p4_temp1p0_trmiss80_trlocclin,19,0.6524385909239451,0.6831896551724138,0.8015788280743241,0.6666666666666666,0.7241379310344828,0.5625,0.28300178469753123,22,clin,0.8
2,5,lr1e-04_bs32_drop0p4_temp2p0_trmiss80_trlocclin,32,0.0001,0.4,2.0,lr1e-04_bs32_drop0p4_temp2p0_trmiss80_trlocclin,33,0.7096600810686747,0.5495689655172413,0.7349928573217699,0.4888888888888889,0.3103448275862069,0.8125,0.1329744713520154,22,clin,0.8
3,1,lr5e-05_bs16_drop0p2_temp1p0_trmiss80_trlocclin,16,5e-05,0.2,1.0,lr5e-05_bs16_drop0p2_temp1p0_trmiss80_trlocclin,14,0.6245825407297715,0.7545638945233266,0.8273202408656654,0.6956521739130435,0.8275862068965517,0.47058823529411764,0.3196430227760184,22,clin,0.8
3,1,lr5e-05_bs16_drop0p2_temp2p0_trmiss80_trlocclin,16,5e-05,0.2,2.0,lr5e-05_bs16_drop0p2_temp2p0_trmiss80_trlocclin,16,0.6767986520476963,0.6876267748478702,0.8320757365927012,0.6086956521739131,0.4482758620689655,0.8823529411764706,0.3404377161200009,22,clin,0.8
3,1,lr5e-05_bs16_drop0p4_temp1p0_trmiss80_trlocclin,16,5e-05,0.4,1.0,lr5e-05_bs16_drop0p4_temp1p0_trmiss80_trlocclin,26,0.6512780701336653,0.614604462474645,0.7922846462037412,0.5869565217391305,0.7586206896551724,0.29411764705882354,0.05797220333250438,22,clin,0.8
3,1,lr5e-05_bs16_drop0p4_temp2p0_trmiss80_trlocclin,16,5e-05,0.4,2.0,lr5e-05_bs16_drop0p4_temp2p0_trmiss80_trlocclin,13,0.6947187638801077,0.6328600405679514,0.7724040379963786,0.5,0.27586206896551724,0.8823529411764706,0.18514836986616265,22,clin,0.8
3,1,lr1e-04_bs16_drop0p2_temp1p0_trmiss80_trlocclin,16,0.0001,0.2,1.0,lr1e-04_bs16_drop0p2_temp1p0_trmiss80_trlocclin,16,0.6604592508595922,0.6348884381338742,0.727230348388834,0.6304347826086957,0.6896551724137931,0.5294117647058824,0.21666313737475812,22,clin,0.8
3,1,lr1e-04_bs16_drop0p2_temp2p0_trmiss80_trlocclin,16,0.0001,0.2,2.0,lr1e-04_bs16_drop0p2_temp2p0_trmiss80_trlocclin,8,0.6103590901779092,0.768762677484787,0.8817145801000235,0.6304347826086957,0.896551724137931,0.17647058823529413,0.10465823835696725,22,clin,0.8
3,1,lr1e-04_bs16_drop0p4_temp1p0_trmiss80_trlocclin,16,0.0001,0.4,1.0,lr1e-04_bs16_drop0p4_temp1p0_trmiss80_trlocclin,47,0.6386225113402242,0.6835699797160243,0.7664988190751753,0.717391304347826,0.7931034482758621,0.5882352941176471,0.3864682058127478,22,clin,0.8
3,1,lr1e-04_bs16_drop0p4_temp2p0_trmiss80_trlocclin,16,0.0001,0.4,2.0,lr1e-04_bs16_drop0p4_temp2p0_trmiss80_trlocclin,5,0.662915895814481,0.6490872210953347,0.7237503565015286,0.6956521739130435,0.7586206896551724,0.5882352941176471,0.34685598377281945,22,clin,0.8
3,1,lr5e-05_bs32_drop0p2_temp1p0_trmiss80_trlocclin,32,5e-05,0.2,1.0,lr5e-05_bs32_drop0p2_temp1p0_trmiss80_trlocclin,57,0.6195911927067715,0.7748478701825559,0.8785436930727915,0.6956521739130435,0.6896551724137931,0.7058823529411765,0.3832935402390558,22,clin,0.8
3,1,lr5e-05_bs32_drop0p2_temp2p0_trmiss80_trlocclin,32,5e-05,0.2,2.0,lr5e-05_bs32_drop0p2_temp2p0_trmiss80_trlocclin,13,0.6792539533065713,0.6511156186612576,0.7885437793543797,0.5652173913043478,0.4482758620689655,0.7647058823529411,0.2129817444219067,22,clin,0.8
3,1,lr5e-05_bs32_drop0p4_temp1p0_trmiss80_trlocclin,32,5e-05,0.4,1.0,lr5e-05_bs32_drop0p4_temp1p0_trmiss80_trlocclin,15,0.6627167657665585,0.7444219066937119,0.7956807086189491,0.6086956521739131,0.4827586206896552,0.8235294117647058,0.30628803245436104,22,clin,0.8
3,1,lr5e-05_bs32_drop0p4_temp2p0_trmiss80_trlocclin,32,5e-05,0.4,2.0,lr5e-05_bs32_drop0p4_temp2p0_trmiss80_trlocclin,44,0.6331180761689725,0.7484787018255578,0.8616354355375053,0.6521739130434783,0.6551724137931034,0.6470588235294118,0.2928755769006119,22,clin,0.8
3,1,lr1e-04_bs32_drop0p2_temp1p0_trmiss80_trlocclin,32,0.0001,0.2,1.0,lr1e-04_bs32_drop0p2_temp1p0_trmiss80_trlocclin,12,0.631825160721074,0.7058823529411764,0.8448270994541116,0.6521739130434783,0.6896551724137931,0.5882352941176471,0.2724196464492864,22,clin,0.8
3,1,lr1e-04_bs32_drop0p2_temp2p0_trmiss80_trlocclin,32,0.0001,0.2,2.0,lr1e-04_bs32_drop0p2_temp2p0_trmiss80_trlocclin,10,0.6451788486345954,0.6754563894523326,0.7761210846746273,0.6521739130434783,0.7931034482758621,0.4117647058823529,0.21961867551277453,22,clin,0.8
3,1,lr1e-04_bs32_drop0p4_temp1p0_trmiss80_trlocclin,32,0.0001,0.4,1.0,lr1e-04_bs32_drop0p4_temp1p0_trmiss80_trlocclin,16,0.6514050228440244,0.6166328600405679,0.7364161439399622,0.6086956521739131,0.7586206896551724,0.35294117647058826,0.11959432824953069,22,clin,0.8
3,1,lr1e-04_bs32_drop0p4_temp2p0_trmiss80_trlocclin,32,0.0001,0.4,2.0,lr1e-04_bs32_drop0p4_temp2p0_trmiss80_trlocclin,32,0.6598096075265304,0.6348884381338742,0.7580485623027995,0.6086956521739131,0.7241379310344828,0.4117647058823529,0.13993452134993903,22,clin,0.8
3,2,lr5e-05_bs16_drop0p2_temp1p0_trmiss80_trlocclin,16,5e-05,0.2,1.0,lr5e-05_bs16_drop0p2_temp1p0_trmiss80_trlocclin,16,0.6403111822075314,0.6911764705882353,0.7950095893811451,0.6888888888888889,0.75,0.5882352941176471,0.3382352941176471,22,clin,0.8
3,2,lr5e-05_bs16_drop0p2_temp2p0_trmiss80_trlocclin,16,5e-05,0.2,2.0,lr5e-05_bs16_drop0p2_temp2p0_trmiss80_trlocclin,36,0.6736833850542704,0.6785714285714286,0.7196489777068663,0.6888888888888889,0.6785714285714286,0.7058823529411765,0.3736219176318943,22,clin,0.8
3,2,lr5e-05_bs16_drop0p4_temp1p0_trmiss80_trlocclin,16,5e-05,0.4,1.0,lr5e-05_bs16_drop0p4_temp1p0_trmiss80_trlocclin,55,0.6179169866773817,0.7415966386554622,0.8128321856789898,0.6888888888888889,0.7857142857142857,0.5294117647058824,0.3241018617760822,22,clin,0.8
3,2,lr5e-05_bs16_drop0p4_temp2p0_trmiss80_trlocclin,16,5e-05,0.4,2.0,lr5e-05_bs16_drop0p4_temp2p0_trmiss80_trlocclin,29,0.6515907618734572,0.6218487394957983,0.7264039581225687,0.6222222222222222,0.8214285714285714,0.29411764705882354,0.13474888832625695,22,clin,0.8
3,2,lr1e-04_bs16_drop0p2_temp1p0_trmiss80_trlocclin,16,0.0001,0.2,1.0,lr1e-04_bs16_drop0p2_temp1p0_trmiss80_trlocclin,32,0.6162299315134684,0.7436974789915967,0.8044926427679353,0.6888888888888889,0.8214285714285714,0.47058823529411764,0.3123666489882191,22,clin,0.8
3,2,lr1e-04_bs16_drop0p2_temp2p0_trmiss80_trlocclin,16,0.0001,0.2,2.0,lr1e-04_bs16_drop0p2_temp2p0_trmiss80_trlocclin,8,0.6414770368072722,0.6848739495798319,0.8089462652903319,0.6,0.6428571428571429,0.5294117647058824,0.16910128256616624,22,clin,0.8
3,2,lr1e-04_bs16_drop0p4_temp1p0_trmiss80_trlocclin,16,0.0001,0.4,1.0,lr1e-04_bs16_drop0p4_temp1p0_trmiss80_trlocclin,10,0.6540414141284094,0.6827731092436974,0.788423481640333,0.7111111111111111,0.7857142857142857,0.5882352941176471,0.37875426824180874,22,clin,0.8
3,2,lr1e-04_bs16_drop0p4_temp2p0_trmiss80_trlocclin,16,0.0001,0.4,2.0,lr1e-04_bs16_drop0p4_temp2p0_trmiss80_trlocclin,31,0.5983579059441885,0.7983193277310925,0.8127768310674868,0.7555555555555555,0.8214285714285714,0.6470588235294118,0.47450675178608626,22,clin,0.8
3,2,lr5e-05_bs32_drop0p2_temp1p0_trmiss80_trlocclin,32,5e-05,0.2,1.0,lr5e-05_bs32_drop0p2_temp1p0_trmiss80_trlocclin,42,0.6835751179191801,0.6113445378151261,0.6939172763893738,0.6,0.6428571428571429,0.5294117647058824,0.16910128256616624,22,clin,0.8
3,2,lr5e-05_bs32_drop0p2_temp2p0_trmiss80_trlocclin,32,5e-05,0.2,2.0,lr5e-05_bs32_drop0p2_temp2p0_trmiss80_trlocclin,47,0.6394035948647393,0.6491596638655461,0.7707913934478362,0.6888888888888889,0.8928571428571429,0.35294117647058826,0.2979270115341687,22,clin,0.8
3,2,lr5e-05_bs32_drop0p4_temp1p0_trmiss80_trlocclin,32,5e-05,0.4,1.0,lr5e-05_bs32_drop0p4_temp1p0_trmiss80_trlocclin,74,0.6558362444241842,0.6197478991596639,0.7280023880646983,0.6888888888888889,0.8571428571428571,0.4117647058823529,0.3033686452801432,22,clin,0.8
3,2,lr5e-05_bs32_drop0p4_temp2p0_trmiss80_trlocclin,32,5e-05,0.4,2.0,lr5e-05_bs32_drop0p4_temp2p0_trmiss80_trlocclin,29,0.6748720281653934,0.6743697478991597,0.7540681756727907,0.6444444444444445,0.6785714285714286,0.5882352941176471,0.26190076690125746,22,clin,0.8
3,2,lr1e-04_bs32_drop0p2_temp1p0_trmiss80_trlocclin,32,0.0001,0.2,1.0,lr1e-04_bs32_drop0p2_temp1p0_trmiss80_trlocclin,20,0.6497055434518391,0.6386554621848739,0.7738445629199435,0.5333333333333333,0.6071428571428571,0.4117647058823529,0.018712029714127994,22,clin,0.8
3,2,lr1e-04_bs32_drop0p2_temp2p0_trmiss80_trlocclin,32,0.0001,0.2,2.0,lr1e-04_bs32_drop0p2_temp2p0_trmiss80_trlocclin,58,0.6812599851025476,0.6470588235294118,0.7284614065442063,0.5777777777777777,0.5357142857142857,0.6470588235294118,0.17762353461188415,22,clin,0.8
3,2,lr1e-04_bs32_drop0p4_temp1p0_trmiss80_trlocclin,32,0.0001,0.4,1.0,lr1e-04_bs32_drop0p4_temp1p0_trmiss80_trlocclin,32,0.6215000404251947,0.6953781512605042,0.7974221819614142,0.6222222222222222,0.7142857142857143,0.47058823529411764,0.18724930115325378,22,clin,0.8
3,2,lr1e-04_bs32_drop0p4_temp2p0_trmiss80_trlocclin,32,0.0001,0.4,2.0,lr1e-04_bs32_drop0p4_temp2p0_trmiss80_trlocclin,52,0.6641582270463308,0.6386554621848739,0.696988644313827,0.6222222222222222,0.6428571428571429,0.5882352941176471,0.22547801696496664,22,clin,0.8
3,3,lr5e-05_bs16_drop0p2_temp1p0_trmiss80_trlocclin,16,5e-05,0.2,1.0,lr5e-05_bs16_drop0p2_temp1p0_trmiss80_trlocclin,5,0.6686384803718991,0.6185344827586207,0.773872972884037,0.5777777777777777,0.5172413793103449,0.6875,0.19723301465263243,22,clin,0.8
3,3,lr5e-05_bs16_drop0p2_temp2p0_trmiss80_trlocclin,16,5e-05,0.2,2.0,lr5e-05_bs16_drop0p2_temp2p0_trmiss80_trlocclin,32,0.6559872011343638,0.5905172413793103,0.7516650349783657,0.5777777777777777,0.6896551724137931,0.375,0.06565321642986127,22,clin,0.8
3,3,lr5e-05_bs16_drop0p4_temp1p0_trmiss80_trlocclin,16,5e-05,0.4,1.0,lr5e-05_bs16_drop0p4_temp1p0_trmiss80_trlocclin,10,0.6044073330031501,0.7478448275862069,0.8671208922075866,0.6444444444444445,0.7241379310344828,0.5,0.22413793103448276,22,clin,0.8
3,3,lr5e-05_bs16_drop0p4_temp2p0_trmiss80_trlocclin,16,5e-05,0.4,2.0,lr5e-05_bs16_drop0p4_temp2p0_trmiss80_trlocclin,10,0.6358139687114291,0.7262931034482758,0.8488477936092114,0.7333333333333333,0.7586206896551724,0.6875,0.43590637505786944,22,clin,0.8
3,3,lr1e-04_bs16_drop0p2_temp1p0_trmiss80_trlocclin,16,0.0001,0.2,1.0,lr1e-04_bs16_drop0p2_temp1p0_trmiss80_trlocclin,48,0.6655795812606812,0.5517241379310345,0.7560075067741905,0.5333333333333333,0.6551724137931034,0.3125,-0.032826608214930636,22,clin,0.8
3,3,lr1e-04_bs16_drop0p2_temp2p0_trmiss80_trlocclin,16,0.0001,0.2,2.0,lr1e-04_bs16_drop0p2_temp2p0_trmiss80_trlocclin,25,0.6381001975801256,0.6422413793103448,0.8105628049590143,0.5555555555555556,0.6206896551724138,0.4375,0.05685735326841775,22,clin,0.8
3,3,lr1e-04_bs16_drop0p4_temp1p0_trmiss80_trlocclin,16,0.0001,0.4,1.0,lr1e-04_bs16_drop0p4_temp1p0_trmiss80_trlocclin,24,0.6693988313277562,0.6939655172413793,0.8554245012693116,0.6666666666666666,0.6206896551724138,0.75,0.35497208232277583,22,clin,0.8
3,3,lr1e-04_bs16_drop0p4_temp2p0_trmiss80_trlocclin,16,0.0001,0.4,2.0,lr1e-04_bs16_drop0p4_temp2p0_trmiss80_trlocclin,30,0.6536453505357106,0.6594827586206896,0.7916370096748243,0.6444444444444445,0.7241379310344828,0.5,0.22413793103448276,22,clin,0.8
3,3,lr5e-05_bs32_drop0p2_temp1p0_trmiss80_trlocclin,32,5e-05,0.2,1.0,lr5e-05_bs32_drop0p2_temp1p0_trmiss80_trlocclin,11,0.6715101208951738,0.6487068965517242,0.7866551477971904,0.5777777777777777,0.5517241379310345,0.625,0.16923087645620707,22,clin,0.8
3,3,lr5e-05_bs32_drop0p2_temp2p0_trmiss80_trlocclin,32,5e-05,0.2,2.0,lr5e-05_bs32_drop0p2_temp2p0_trmiss80_trlocclin,54,0.6453140940931108,0.627155172413793,0.7690463125836704,0.6,0.7586206896551724,0.3125,0.07698522025642997,22,clin,0.8
3,3,lr5e-05_bs32_drop0p4_temp1p0_trmiss80_trlocclin,32,5e-05,0.4,1.0,lr5e-05_bs32_drop0p4_temp1p0_trmiss80_trlocclin,50,0.6345230976740519,0.709051724137931,0.8298297578537708,0.6666666666666666,0.7586206896551724,0.5,0.2626128657194451,22,clin,0.8
3,3,lr5e-05_bs32_drop0p4_temp2p0_trmiss80_trlocclin,32,5e-05,0.4,2.0,lr5e-05_bs32_drop0p4_temp2p0_trmiss80_trlocclin,20,0.6891278319888645,0.6336206896551724,0.7864600260673407,0.6222222222222222,0.5862068965517241,0.6875,0.26210147938949147,22,clin,0.8
3,3,lr1e-04_bs32_drop0p2_temp1p0_trmiss80_trlocclin,32,0.0001,0.2,1.0,lr1e-04_bs32_drop0p2_temp1p0_trmiss80_trlocclin,56,0.6339385198222266,0.728448275862069,0.8332752476026832,0.6444444444444445,0.6551724137931034,0.625,0.2698978095246549,22,clin,0.8
3,3,lr1e-04_bs32_drop0p2_temp2p0_trmiss80_trlocclin,32,0.0001,0.2,2.0,lr1e-04_bs32_drop0p2_temp2p0_trmiss80_trlocclin,7,0.6447539448738098,0.6530172413793103,0.8143714253872885,0.6222222222222222,0.7241379310344828,0.4375,0.16413304107465318,22,clin,0.8
3,3,lr1e-04_bs32_drop0p4_temp1p0_trmiss80_trlocclin,32,0.0001,0.4,1.0,lr1e-04_bs32_drop0p4_temp1p0_trmiss80_trlocclin,32,0.6671942876444923,0.6228448275862069,0.7776030382966511,0.5777777777777777,0.6551724137931034,0.4375,0.09149681760897627,22,clin,0.8
3,3,lr1e-04_bs32_drop0p4_temp2p0_trmiss80_trlocclin,32,0.0001,0.4,2.0,lr1e-04_bs32_drop0p4_temp2p0_trmiss80_trlocclin,23,0.6681932661268446,0.6271551724137931,0.7431991844351145,0.6666666666666666,0.7586206896551724,0.5,0.2626128657194451,22,clin,0.8
3,4,lr5e-05_bs16_drop0p2_temp1p0_trmiss80_trlocclin,16,5e-05,0.2,1.0,lr5e-05_bs16_drop0p2_temp1p0_trmiss80_trlocclin,48,0.6589028358459472,0.5969827586206897,0.6952670746129835,0.6666666666666666,0.8275862068965517,0.375,0.22564881763291675,22,clin,0.8
3,4,lr5e-05_bs16_drop0p2_temp2p0_trmiss80_trlocclin,16,5e-05,0.2,2.0,lr5e-05_bs16_drop0p2_temp2p0_trmiss80_trlocclin,5,0.6627936853302849,0.6681034482758621,0.7282014435688934,0.6444444444444445,0.6551724137931034,0.625,0.2698978095246549,22,clin,0.8
3,4,lr5e-05_bs16_drop0p4_temp1p0_trmiss80_trlocclin,16,5e-05,0.4,1.0,lr5e-05_bs16_drop0p4_temp1p0_trmiss80_trlocclin,7,0.6855567852656047,0.625,0.7112485897492846,0.5111111111111111,0.41379310344827586,0.6875,0.10000814947957871,22,clin,0.8
3,4,lr5e-05_bs16_drop0p4_temp2p0_trmiss80_trlocclin,16,5e-05,0.4,2.0,lr5e-05_bs16_drop0p4_temp2p0_trmiss80_trlocclin,29,0.6718971576955584,0.5991379310344827,0.7368685979720364,0.5333333333333333,0.4827586206896552,0.625,0.10380684981717496,22,clin,0.8
3,4,lr1e-04_bs16_drop0p2_temp1p0_trmiss80_trlocclin,16,0.0001,0.2,1.0,lr1e-04_bs16_drop0p2_temp1p0_trmiss80_trlocclin,29,0.6631720158788893,0.6573275862068966,0.7054332236106886,0.6444444444444445,0.7241379310344828,0.5,0.22413793103448276,22,clin,0.8
3,4,lr1e-04_bs16_drop0p2_temp2p0_trmiss80_trlocclin,16,0.0001,0.2,2.0,lr1e-04_bs16_drop0p2_temp2p0_trmiss80_trlocclin,8,0.668131552139918,0.6228448275862069,0.7221353713318599,0.5333333333333333,0.5172413793103449,0.5625,0.07636027352292271,22,clin,0.8
3,4,lr1e-04_bs16_drop0p4_temp1p0_trmiss80_trlocclin,16,0.0001,0.4,1.0,lr1e-04_bs16_drop0p4_temp1p0_trmiss80_trlocclin,26,0.6937125894758437,0.625,0.6957564673197673,0.5555555555555556,0.5172413793103449,0.625,0.13648020842100292,22,clin,0.8
3,4,lr1e-04_bs16_drop0p4_temp2p0_trmiss80_trlocclin,16,0.0001,0.4,2.0,lr1e-04_bs16_drop0p4_temp2p0_trmiss80_trlocclin,22,0.6387005163563623,0.665948275862069,0.7370950600770978,0.6666666666666666,0.7586206896551724,0.5,0.2626128657194451,22,clin,0.8
3,4,lr5e-05_bs32_drop0p2_temp1p0_trmiss80_trlocclin,32,5e-05,0.2,1.0,lr5e-05_bs32_drop0p2_temp1p0_trmiss80_trlocclin,2,0.6693736288282607,0.6293103448275862,0.7674131481958485,0.6,0.7241379310344828,0.375,0.10250710695364046,22,clin,0.8
3,4,lr5e-05_bs32_drop0p2_temp2p0_trmiss80_trlocclin,32,5e-05,0.2,2.0,lr5e-05_bs32_drop0p2_temp2p0_trmiss80_trlocclin,28,0.6781454675727421,0.6077586206896551,0.6742272170344549,0.5555555555555556,0.5862068965517241,0.5,0.08304547985373997,22,clin,0.8
3,4,lr5e-05_bs32_drop0p4_temp1p0_trmiss80_trlocclin,32,5e-05,0.4,1.0,lr5e-05_bs32_drop0p4_temp1p0_trmiss80_trlocclin,45,0.7035146398676766,0.4719827586206896,0.6720674735092093,0.35555555555555557,0.3103448275862069,0.4375,-0.2463818641631436,22,clin,0.8
3,4,lr5e-05_bs32_drop0p4_temp2p0_trmiss80_trlocclin,32,5e-05,0.4,2.0,lr5e-05_bs32_drop0p4_temp2p0_trmiss80_trlocclin,42,0.6731947557793723,0.6530172413793104,0.7037043056404171,0.4666666666666667,0.3793103448275862,0.625,0.0042556659353012215,22,clin,0.8
3,4,lr1e-04_bs32_drop0p2_temp1p0_trmiss80_trlocclin,32,0.0001,0.2,1.0,lr1e-04_bs32_drop0p2_temp1p0_trmiss80_trlocclin,10,0.6752277870972951,0.6271551724137931,0.7106715199326998,0.6444444444444445,0.6551724137931034,0.625,0.2698978095246549,22,clin,0.8
3,4,lr1e-04_bs32_drop0p2_temp2p0_trmiss80_trlocclin,32,0.0001,0.2,2.0,lr1e-04_bs32_drop0p2_temp2p0_trmiss80_trlocclin,9,0.6777140635583135,0.48275862068965514,0.6724562933003281,0.5777777777777777,0.7241379310344828,0.3125,0.038693967788740326,22,clin,0.8
3,4,lr1e-04_bs32_drop0p4_temp1p0_trmiss80_trlocclin,32,0.0001,0.4,1.0,lr1e-04_bs32_drop0p4_temp1p0_trmiss80_trlocclin,2,0.7009440885649787,0.5150862068965518,0.7032747776718823,0.4888888888888889,0.3448275862068966,0.75,0.09805027621652566,22,clin,0.8
3,4,lr1e-04_bs32_drop0p4_temp2p0_trmiss80_trlocclin,32,0.0001,0.4,2.0,lr1e-04_bs32_drop0p4_temp2p0_trmiss80_trlocclin,1,0.704830899503496,0.49999999999999994,0.6278179358751675,0.4444444444444444,0.3793103448275862,0.5625,-0.05685735326841775,22,clin,0.8
3,5,lr5e-05_bs16_drop0p2_temp1p0_trmiss80_trlocclin,16,5e-05,0.2,1.0,lr5e-05_bs16_drop0p2_temp1p0_trmiss80_trlocclin,3,0.6798477861616347,0.5797413793103449,0.6569979149089786,0.5333333333333333,0.5172413793103449,0.5625,0.07636027352292271,22,clin,0.8
3,5,lr5e-05_bs16_drop0p2_temp2p0_trmiss80_trlocclin,16,5e-05,0.2,2.0,lr5e-05_bs16_drop0p2_temp2p0_trmiss80_trlocclin,5,0.6835856623119778,0.5581896551724138,0.6983844234179294,0.5555555555555556,0.5517241379310345,0.5625,0.10938093234364604,22,clin,0.8
3,5,lr5e-05_bs16_drop0p4_temp1p0_trmiss80_trlocclin,16,5e-05,0.4,1.0,lr5e-05_bs16_drop0p4_temp1p0_trmiss80_trlocclin,56,0.6505106985569,0.6443965517241379,0.7738530284896754,0.6,0.8620689655172413,0.125,-0.018208926018230744,22,clin,0.8
3,5,lr5e-05_bs16_drop0p4_temp2p0_trmiss80_trlocclin,16,5e-05,0.4,2.0,lr5e-05_bs16_drop0p4_temp2p0_trmiss80_trlocclin,17,0.6652852164374458,0.5905172413793104,0.6622588099851796,0.6666666666666666,0.7931034482758621,0.4375,0.2435443854938362,22,clin,0.8
3,5,lr1e-04_bs16_drop0p2_temp1p0_trmiss80_trlocclin,16,0.0001,0.2,1.0,lr1e-04_bs16_drop0p2_temp1p0_trmiss80_trlocclin,1,0.7062838580873277,0.4245689655172414,0.6354697690585129,0.5333333333333333,0.6551724137931034,0.3125,-0.032826608214930636,22,clin,0.8
3,5,lr1e-04_bs16_drop0p2_temp2p0_trmiss80_trlocclin,16,0.0001,0.2,2.0,lr1e-04_bs16_drop0p2_temp2p0_trmiss80_trlocclin,54,0.669982585310936,0.5043103448275862,0.6671591218128703,0.5555555555555556,0.7241379310344828,0.25,-0.027994625547792713,22,clin,0.8
3,5,lr1e-04_bs16_drop0p4_temp1p0_trmiss80_trlocclin,16,0.0001,0.4,1.0,lr1e-04_bs16_drop0p4_temp1p0_trmiss80_trlocclin,49,0.6674447178840637,0.6400862068965518,0.6911595279977009,0.6888888888888889,0.7586206896551724,0.5625,0.32112068965517243,22,clin,0.8
3,5,lr1e-04_bs16_drop0p4_temp2p0_trmiss80_trlocclin,16,0.0001,0.4,2.0,lr1e-04_bs16_drop0p4_temp2p0_trmiss80_trlocclin,4,0.6781751579708524,0.6379310344827586,0.7185086165699652,0.6,0.5862068965517241,0.625,0.2022515352769304,22,clin,0.8
3,5,lr5e-05_bs32_drop0p2_temp1p0_trmiss80_trlocclin,32,5e-05,0.2,1.0,lr5e-05_bs32_drop0p2_temp1p0_trmiss80_trlocclin,1,0.7026960730552674,0.5625,0.682427833722439,0.4,0.1724137931034483,0.8125,-0.018888314015215117,22,clin,0.8
3,5,lr5e-05_bs32_drop0p2_temp2p0_trmiss80_trlocclin,32,5e-05,0.2,2.0,lr5e-05_bs32_drop0p2_temp2p0_trmiss80_trlocclin,7,0.6824936581982507,0.5969827586206896,0.7391330719392996,0.5111111111111111,0.4827586206896552,0.5625,0.0434255208612282,22,clin,0.8
3,5,lr5e-05_bs32_drop0p4_temp1p0_trmiss80_trlocclin,32,5e-05,0.4,1.0,lr5e-05_bs32_drop0p4_temp1p0_trmiss80_trlocclin,6,0.6900500622060564,0.5646551724137931,0.7314497738018022,0.4666666666666667,0.3448275862068966,0.6875,0.032826608214930636,22,clin,0.8
3,5,lr5e-05_bs32_drop0p4_temp2p0_trmiss80_trlocclin,32,5e-05,0.4,2.0,lr5e-05_bs32_drop0p4_temp2p0_trmiss80_trlocclin,47,0.6507981956005097,0.6982758620689655,0.8000080665784065,0.7555555555555555,0.8620689655172413,0.5625,0.44839480319893205,22,clin,0.8
3,5,lr1e-04_bs32_drop0p2_temp1p0_trmiss80_trlocclin,32,0.0001,0.2,1.0,lr1e-04_bs32_drop0p2_temp1p0_trmiss80_trlocclin,1,0.6977279199494256,0.41163793103448276,0.5789107709858816,0.5333333333333333,0.7241379310344828,0.1875,-0.09842129279733602,22,clin,0.8
3,5,lr1e-04_bs32_drop0p2_temp2p0_trmiss80_trlocclin,32,0.0001,0.2,2.0,lr1e-04_bs32_drop0p2_temp2p0_trmiss80_trlocclin,3,0.6617277767923143,0.5258620689655172,0.7325142801283608,0.6222222222222222,0.896551724137931,0.125,0.032826608214930636,22,clin,0.8
3,5,lr1e-04_bs32_drop0p4_temp1p0_trmiss80_trlocclin,32,0.0001,0.4,1.0,lr1e-04_bs32_drop0p4_temp1p0_trmiss80_trlocclin,52,0.7088793608877394,0.5905172413793103,0.6681463637750428,0.5111111111111111,0.41379310344827586,0.6875,0.10000814947957871,22,clin,0.8
3,5,lr1e-04_bs32_drop0p4_temp2p0_trmiss80_trlocclin,32,0.0001,0.4,2.0,lr1e-04_bs32_drop0p4_temp2p0_trmiss80_trlocclin,12,0.6704463018311395,0.5258620689655172,0.713668158156078,0.5555555555555556,0.6896551724137931,0.3125,0.0022284153685574013,22,clin,0.8
4,1,lr5e-05_bs16_drop0p2_temp1p0_trmiss80_trlocclin,16,5e-05,0.2,1.0,lr5e-05_bs16_drop0p2_temp1p0_trmiss80_trlocclin,15,0.665698286631833,0.616632860040568,0.7076303605060489,0.6521739130434783,0.6896551724137931,0.5882352941176471,0.2724196464492864,22,clin,0.8
4,1,lr5e-05_bs16_drop0p2_temp2p0_trmiss80_trlocclin,16,5e-05,0.2,2.0,lr5e-05_bs16_drop0p2_temp2p0_trmiss80_trlocclin,7,0.6634739702162535,0.5679513184584178,0.7072470653613905,0.6304347826086957,0.896551724137931,0.17647058823529413,0.10465823835696725,22,clin,0.8
4,1,lr5e-05_bs16_drop0p4_temp1p0_trmiss80_trlocclin,16,5e-05,0.4,1.0,lr5e-05_bs16_drop0p4_temp1p0_trmiss80_trlocclin,2,0.6589443605879078,0.693711967545639,0.7881081691253556,0.6739130434782609,0.6896551724137931,0.6470588235294118,0.3278558645742293,22,clin,0.8
4,1,lr5e-05_bs16_drop0p4_temp2p0_trmiss80_trlocclin,16,5e-05,0.4,2.0,lr5e-05_bs16_drop0p4_temp2p0_trmiss80_trlocclin,58,0.6624463511549908,0.6754563894523328,0.7903062483764183,0.6521739130434783,0.6896551724137931,0.5882352941176471,0.2724196464492864,22,clin,0.8
4,1,lr1e-04_bs16_drop0p2_temp1p0_trmiss80_trlocclin,16,0.0001,0.2,1.0,lr1e-04_bs16_drop0p2_temp1p0_trmiss80_trlocclin,8,0.6597738551056903,0.6430020283975659,0.8026817284399861,0.5869565217391305,0.6551724137931034,0.47058823529411764,0.12438068997439818,22,clin,0.8
4,1,lr1e-04_bs16_drop0p2_temp2p0_trmiss80_trlocclin,16,0.0001,0.2,2.0,lr1e-04_bs16_drop0p2_temp2p0_trmiss80_trlocclin,51,0.6602653718512991,0.6186612576064909,0.751392058224655,0.5434782608695652,0.5517241379310345,0.5294117647058824,0.0784006332287917,22,clin,0.8
4,1,lr1e-04_bs16_drop0p4_temp1p0_trmiss80_trlocclin,16,0.0001,0.4,1.0,lr1e-04_bs16_drop0p4_temp1p0_trmiss80_trlocclin,17,0.643615232537622,0.6227180527383367,0.7748804799653446,0.6086956521739131,0.7586206896551724,0.35294117647058826,0.11959432824953069,22,clin,0.8
4,1,lr1e-04_bs16_drop0p4_temp2p0_trmiss80_trlocclin,16,0.0001,0.4,2.0,lr1e-04_bs16_drop0p4_temp2p0_trmiss80_trlocclin,49,0.64787521796382,0.6490872210953347,0.7921078298784259,0.5869565217391305,0.7586206896551724,0.29411764705882354,0.05797220333250438,22,clin,0.8
4,1,lr5e-05_bs32_drop0p2_temp1p0_trmiss80_trlocclin,32,5e-05,0.2,1.0,lr5e-05_bs32_drop0p2_temp1p0_trmiss80_trlocclin,12,0.668675624805948,0.7018255578093306,0.7747012101352673,0.5869565217391305,0.5517241379310345,0.6470588235294118,0.19208155141053967,22,clin,0.8
4,1,lr5e-05_bs32_drop0p2_temp2p0_trmiss80_trlocclin,32,5e-05,0.2,2.0,lr5e-05_bs32_drop0p2_temp2p0_trmiss80_trlocclin,23,0.6739484123561693,0.5537525354969575,0.7012254563730694,0.5869565217391305,0.6551724137931034,0.47058823529411764,0.12438068997439818,22,clin,0.8
4,1,lr5e-05_bs32_drop0p4_temp1p0_trmiss80_trlocclin,32,5e-05,0.4,1.0,lr5e-05_bs32_drop0p4_temp1p0_trmiss80_trlocclin,34,0.6399230458166288,0.6267748478701826,0.7422522346108665,0.6521739130434783,0.9655172413793104,0.11764705882352941,0.1625794095374741,22,clin,0.8
4,1,lr5e-05_bs32_drop0p4_temp2p0_trmiss80_trlocclin,32,5e-05,0.4,2.0,lr5e-05_bs32_drop0p4_temp2p0_trmiss80_trlocclin,52,0.6653649097551471,0.6450304259634889,0.7937567764771314,0.6521739130434783,0.6896551724137931,0.5882352941176471,0.2724196464492864,22,clin,0.8
4,1,lr1e-04_bs32_drop0p2_temp1p0_trmiss80_trlocclin,32,0.0001,0.2,1.0,lr1e-04_bs32_drop0p2_temp1p0_trmiss80_trlocclin,9,0.6601829088252523,0.6004056795131846,0.7094484581297379,0.5869565217391305,0.7586206896551724,0.29411764705882354,0.05797220333250438,22,clin,0.8
4,1,lr1e-04_bs32_drop0p2_temp2p0_trmiss80_trlocclin,32,0.0001,0.2,2.0,lr1e-04_bs32_drop0p2_temp2p0_trmiss80_trlocclin,11,0.6632259002198344,0.6470588235294117,0.7624669035330324,0.6739130434782609,0.7931034482758621,0.47058823529411764,0.2766182857945794,22,clin,0.8
4,1,lr1e-04_bs32_drop0p4_temp1p0_trmiss80_trlocclin,32,0.0001,0.4,1.0,lr1e-04_bs32_drop0p4_temp1p0_trmiss80_trlocclin,19,0.6779960069967352,0.6206896551724138,0.7219666775656103,0.5652173913043478,0.5172413793103449,0.6470588235294118,0.1592142397916078,22,clin,0.8
4,1,lr1e-04_bs32_drop0p4_temp2p0_trmiss80_trlocclin,32,0.0001,0.4,2.0,lr1e-04_bs32_drop0p4_temp2p0_trmiss80_trlocclin,10,0.661428664041602,0.6734279918864097,0.7449705496854377,0.6521739130434783,0.6206896551724138,0.7058823529411765,0.3152641443777315,22,clin,0.8
4,2,lr5e-05_bs16_drop0p2_temp1p0_trmiss80_trlocclin,16,5e-05,0.2,1.0,lr5e-05_bs16_drop0p2_temp1p0_trmiss80_trlocclin,46,0.6549425522486368,0.6512605042016807,0.7982999413817201,0.5777777777777777,0.5357142857142857,0.6470588235294118,0.17762353461188415,22,clin,0.8
4,2,lr5e-05_bs16_drop0p2_temp2p0_trmiss80_trlocclin,16,5e-05,0.2,2.0,lr5e-05_bs16_drop0p2_temp2p0_trmiss80_trlocclin,22,0.686706668138504,0.6134453781512605,0.720012797212406,0.6,0.5357142857142857,0.7058823529411765,0.2357270177361015,22,clin,0.8
4,2,lr5e-05_bs16_drop0p4_temp1p0_trmiss80_trlocclin,16,5e-05,0.4,1.0,lr5e-05_bs16_drop0p4_temp1p0_trmiss80_trlocclin,31,0.6657020529111226,0.5504201680672269,0.6896735585265047,0.6222222222222222,0.7857142857142857,0.35294117647058826,0.15201724802626507,22,clin,0.8
4,2,lr5e-05_bs16_drop0p4_temp2p0_trmiss80_trlocclin,16,5e-05,0.4,2.0,lr5e-05_bs16_drop0p4_temp2p0_trmiss80_trlocclin,44,0.6964450478553772,0.48949579831932777,0.684006615268801,0.4444444444444444,0.4642857142857143,0.4117647058823529,-0.12021904587984773,22,clin,0.8
4,2,lr1e-04_bs16_drop0p2_temp1p0_trmiss80_trlocclin,16,0.0001,0.2,1.0,lr1e-04_bs16_drop0p2_temp1p0_trmiss80_trlocclin,3,0.6683161126242744,0.5777310924369747,0.6972672175322812,0.5777777777777777,0.8571428571428571,0.11764705882352941,-0.035955873264830976,22,clin,0.8
4,2,lr1e-04_bs16_drop0p2_temp2p0_trmiss80_trlocclin,16,0.0001,0.2,2.0,lr1e-04_bs16_drop0p2_temp2p0_trmiss80_trlocclin,15,0.6668722033500671,0.5357142857142857,0.7030163022105265,0.6,0.75,0.35294117647058826,0.11011486187354486,22,clin,0.8
4,2,lr1e-04_bs16_drop0p4_temp1p0_trmiss80_trlocclin,16,0.0001,0.4,1.0,lr1e-04_bs16_drop0p4_temp1p0_trmiss80_trlocclin,7,0.6635004672739241,0.5945378151260504,0.7253917315250478,0.6222222222222222,0.6785714285714286,0.5294117647058824,0.20583232685540795,22,clin,0.8
4,2,lr1e-04_bs16_drop0p4_temp2p0_trmiss80_trlocclin,16,0.0001,0.4,2.0,lr1e-04_bs16_drop0p4_temp2p0_trmiss80_trlocclin,8,0.6441692166858249,0.6407563025210085,0.7312529270953221,0.6666666666666666,0.8571428571428571,0.35294117647058826,0.24499797877501261,22,clin,0.8
4,2,lr5e-05_bs32_drop0p2_temp1p0_trmiss80_trlocclin,32,5e-05,0.2,1.0,lr5e-05_bs32_drop0p2_temp1p0_trmiss80_trlocclin,10,0.6702950517336528,0.680672268907563,0.7529532974472538,0.7111111111111111,0.6428571428571429,0.8235294117647058,0.4532462607337734,22,clin,0.8
4,2,lr5e-05_bs32_drop0p2_temp2p0_trmiss80_trlocclin,32,5e-05,0.2,2.0,lr5e-05_bs32_drop0p2_temp2p0_trmiss80_trlocclin,9,0.6617656575308906,0.6554621848739496,0.7997246678828825,0.6666666666666666,0.6785714285714286,0.6470588235294118,0.31771902390518025,22,clin,0.8
4,2,lr5e-05_bs32_drop0p4_temp1p0_trmiss80_trlocclin,32,5e-05,0.4,1.0,lr5e-05_bs32_drop0p4_temp1p0_trmiss80_trlocclin,56,0.6554240710205502,0.5903361344537815,0.7041346049604139,0.6444444444444445,0.8214285714285714,0.35294117647058826,0.19671560592384282,22,clin,0.8
4,2,lr5e-05_bs32_drop0p4_temp2p0_trmiss80_trlocclin,32,5e-05,0.4,2.0,lr5e-05_bs32_drop0p4_temp2p0_trmiss80_trlocclin,14,0.6626037743356493,0.6722689075630253,0.7870246372286376,0.6222222222222222,0.5714285714285714,0.7058823529411765,0.2694977766525139,22,clin,0.8
4,2,lr1e-04_bs32_drop0p2_temp1p0_trmiss80_trlocclin,32,0.0001,0.2,1.0,lr1e-04_bs32_drop0p2_temp1p0_trmiss80_trlocclin,26,0.6604509929815928,0.6176470588235294,0.74156909624187,0.5777777777777777,0.6785714285714286,0.4117647058823529,0.09149681760897627,22,clin,0.8
4,2,lr1e-04_bs32_drop0p2_temp2p0_trmiss80_trlocclin,32,0.0001,0.2,2.0,lr1e-04_bs32_drop0p2_temp2p0_trmiss80_trlocclin,1,0.6939587460623847,0.6197478991596639,0.7391367474614221,0.5555555555555556,0.5,0.6470588235294118,0.14348601079588785,22,clin,0.8
4,2,lr1e-04_bs32_drop0p4_temp1p0_trmiss80_trlocclin,32,0.0001,0.4,1.0,lr1e-04_bs32_drop0p4_temp1p0_trmiss80_trlocclin,5,0.6752519733375973,0.5777310924369748,0.6989440927804316,0.5555555555555556,0.6071428571428571,0.47058823529411764,0.07630179823107501,22,clin,0.8
4,2,lr1e-04_bs32_drop0p4_temp2p0_trmiss80_trlocclin,32,0.0001,0.4,2.0,lr1e-04_bs32_drop0p4_temp2p0_trmiss80_trlocclin,7,0.6743221276336246,0.6281512605042018,0.7713444079409538,0.5777777777777777,0.5714285714285714,0.5882352941176471,0.1548584319808208,22,clin,0.8
4,3,lr5e-05_bs16_drop0p2_temp1p0_trmiss80_trlocclin,16,5e-05,0.2,1.0,lr5e-05_bs16_drop0p2_temp1p0_trmiss80_trlocclin,17,0.6643186450004578,0.6260504201680672,0.7380476927418492,0.5333333333333333,0.5,0.5882352941176471,0.08574929257125442,22,clin,0.8
4,3,lr5e-05_bs16_drop0p2_temp2p0_trmiss80_trlocclin,16,5e-05,0.2,2.0,lr5e-05_bs16_drop0p2_temp2p0_trmiss80_trlocclin,16,0.6867145995299021,0.5168067226890756,0.6739996813920149,0.4222222222222222,0.35714285714285715,0.5294117647058824,-0.11227217828476797,22,clin,0.8
4,3,lr5e-05_bs16_drop0p4_temp1p0_trmiss80_trlocclin,16,5e-05,0.4,1.0,lr5e-05_bs16_drop0p4_temp1p0_trmiss80_trlocclin,5,0.6747669425275591,0.6008403361344538,0.7514082762217067,0.6,0.6428571428571429,0.5294117647058824,0.16910128256616624,22,clin,0.8
4,3,lr5e-05_bs16_drop0p4_temp2p0_trmiss80_trlocclin,16,5e-05,0.4,2.0,lr5e-05_bs16_drop0p4_temp2p0_trmiss80_trlocclin,34,0.680787350402938,0.5147058823529411,0.7157653073800082,0.4888888888888889,0.5,0.47058823529411764,-0.028526553259624887,22,clin,0.8
4,3,lr1e-04_bs16_drop0p2_temp1p0_trmiss80_trlocclin,16,0.0001,0.2,1.0,lr1e-04_bs16_drop0p2_temp1p0_trmiss80_trlocclin,1,0.6983190894126892,0.5063025210084033,0.6440868939639689,0.4888888888888889,0.5,0.47058823529411764,-0.028526553259624887,22,clin,0.8
4,3,lr1e-04_bs16_drop0p2_temp2p0_trmiss80_trlocclin,16,0.0001,0.2,2.0,lr1e-04_bs16_drop0p2_temp2p0_trmiss80_trlocclin,6,0.678994788063897,0.546218487394958,0.6987939888254631,0.5333333333333333,0.5,0.5882352941176471,0.08574929257125442,22,clin,0.8
4,3,lr1e-04_bs16_drop0p4_temp1p0_trmiss80_trlocclin,16,0.0001,0.4,1.0,lr1e-04_bs16_drop0p4_temp1p0_trmiss80_trlocclin,9,0.6724272093839115,0.615546218487395,0.7506173005194986,0.5111111111111111,0.42857142857142855,0.6470588235294118,0.07484811885651198,22,clin,0.8
4,3,lr1e-04_bs16_drop0p4_temp2p0_trmiss80_trlocclin,16,0.0001,0.4,2.0,lr1e-04_bs16_drop0p4_temp2p0_trmiss80_trlocclin,10,0.6812523189518187,0.5378151260504201,0.7065155890362764,0.5111111111111111,0.5,0.5294117647058824,0.028526553259624887,22,clin,0.8
4,3,lr5e-05_bs32_drop0p2_temp1p0_trmiss80_trlocclin,32,5e-05,0.2,1.0,lr5e-05_bs32_drop0p2_temp1p0_trmiss80_trlocclin,15,0.6734334667523701,0.569327731092437,0.6900024865139877,0.5777777777777777,0.6785714285714286,0.4117647058823529,0.09149681760897627,22,clin,0.8
4,3,lr5e-05_bs32_drop0p2_temp2p0_trmiss80_trlocclin,32,5e-05,0.2,2.0,lr5e-05_bs32_drop0p2_temp2p0_trmiss80_trlocclin,21,0.688923184076945,0.5210084033613446,0.643050012618036,0.4444444444444444,0.4642857142857143,0.4117647058823529,-0.12021904587984773,22,clin,0.8
4,3,lr5e-05_bs32_drop0p4_temp1p0_trmiss80_trlocclin,32,5e-05,0.4,1.0,lr5e-05_bs32_drop0p4_temp1p0_trmiss80_trlocclin,37,0.6935526159074571,0.45168067226890757,0.6162090955798246,0.5555555555555556,0.75,0.23529411764705882,-0.01659047278875783,22,clin,0.8
4,3,lr5e-05_bs32_drop0p4_temp2p0_trmiss80_trlocclin,32,5e-05,0.4,2.0,lr5e-05_bs32_drop0p4_temp2p0_trmiss80_trlocclin,65,0.7073961443371243,0.5,0.6562733037344678,0.4444444444444444,0.32142857142857145,0.6470588235294118,-0.03241018617760822,22,clin,0.8
4,3,lr1e-04_bs32_drop0p2_temp1p0_trmiss80_trlocclin,32,0.0001,0.2,1.0,lr1e-04_bs32_drop0p2_temp1p0_trmiss80_trlocclin,5,0.6669007387426165,0.6050420168067228,0.6838025697580867,0.5555555555555556,0.6428571428571429,0.4117647058823529,0.0546218487394958,22,clin,0.8
4,3,lr1e-04_bs32_drop0p2_temp2p0_trmiss80_trlocclin,32,0.0001,0.2,2.0,lr1e-04_bs32_drop0p2_temp2p0_trmiss80_trlocclin,4,0.7140567494763268,0.44747899159663873,0.6164031909698942,0.5333333333333333,0.5357142857142857,0.5294117647058824,0.06316593936059796,22,clin,0.8
4,3,lr1e-04_bs32_drop0p4_temp1p0_trmiss80_trlocclin,32,0.0001,0.4,1.0,lr1e-04_bs32_drop0p4_temp1p0_trmiss80_trlocclin,12,0.6996354248788622,0.5336134453781513,0.6198791249804859,0.5111111111111111,0.5,0.5294117647058824,0.028526553259624887,22,clin,0.8
4,3,lr1e-04_bs32_drop0p4_temp2p0_trmiss80_trlocclin,32,0.0001,0.4,2.0,lr1e-04_bs32_drop0p4_temp2p0_trmiss80_trlocclin,50,0.6768746723731359,0.5,0.6767909620770622,0.4888888888888889,0.7142857142857143,0.11764705882352941,-0.1959983830200101,22,clin,0.8
4,4,lr5e-05_bs16_drop0p2_temp1p0_trmiss80_trlocclin,16,5e-05,0.2,1.0,lr5e-05_bs16_drop0p2_temp1p0_trmiss80_trlocclin,10,0.6553451743390825,0.7219827586206896,0.762428846666466,0.7111111111111111,0.6551724137931034,0.8125,0.4478426852560602,22,clin,0.8
4,4,lr5e-05_bs16_drop0p2_temp2p0_trmiss80_trlocclin,16,5e-05,0.2,2.0,lr5e-05_bs16_drop0p2_temp2p0_trmiss80_trlocclin,40,0.722866004705429,0.5775862068965517,0.6913361718310306,0.5555555555555556,0.5862068965517241,0.5,0.08304547985373997,22,clin,0.8
4,4,lr5e-05_bs16_drop0p4_temp1p0_trmiss80_trlocclin,16,5e-05,0.4,1.0,lr5e-05_bs16_drop0p4_temp1p0_trmiss80_trlocclin,36,0.6009661654631296,0.7866379310344828,0.8608178676863083,0.7555555555555555,0.8275862068965517,0.625,0.4595725150090289,22,clin,0.8
4,4,lr5e-05_bs16_drop0p4_temp2p0_trmiss80_trlocclin,16,5e-05,0.4,2.0,lr5e-05_bs16_drop0p4_temp2p0_trmiss80_trlocclin,7,0.6430968476666344,0.7586206896551724,0.8162103856429681,0.6666666666666666,0.6896551724137931,0.625,0.30495123115910355,22,clin,0.8
4,4,lr1e-04_bs16_drop0p2_temp1p0_trmiss80_trlocclin,16,0.0001,0.2,1.0,lr1e-04_bs16_drop0p2_temp1p0_trmiss80_trlocclin,56,0.6936125848028395,0.6142241379310345,0.7302380209240302,0.5777777777777777,0.4482758620689655,0.8125,0.2607758620689655,22,clin,0.8
4,4,lr1e-04_bs16_drop0p2_temp2p0_trmiss80_trlocclin,16,0.0001,0.2,2.0,lr1e-04_bs16_drop0p2_temp2p0_trmiss80_trlocclin,15,0.6694754653506809,0.6530172413793103,0.7561750545754203,0.6444444444444445,0.6896551724137931,0.5625,0.2463818641631436,22,clin,0.8
4,4,lr1e-04_bs16_drop0p4_temp1p0_trmiss80_trlocclin,16,0.0001,0.4,1.0,lr1e-04_bs16_drop0p4_temp1p0_trmiss80_trlocclin,21,0.6353801449139913,0.6831896551724138,0.7842727822480815,0.6222222222222222,0.6896551724137931,0.5,0.18724930115325378,22,clin,0.8
4,4,lr1e-04_bs16_drop0p4_temp2p0_trmiss80_trlocclin,16,0.0001,0.4,2.0,lr1e-04_bs16_drop0p4_temp2p0_trmiss80_trlocclin,5,0.6597452625632286,0.6206896551724138,0.7775727807216226,0.5555555555555556,0.5517241379310345,0.5625,0.10938093234364604,22,clin,0.8
4,4,lr5e-05_bs32_drop0p2_temp1p0_trmiss80_trlocclin,32,5e-05,0.2,1.0,lr5e-05_bs32_drop0p2_temp1p0_trmiss80_trlocclin,48,0.6726013153791428,0.6508620689655171,0.7912177967558532,0.6,0.5172413793103449,0.75,0.25899967577896466,22,clin,0.8
4,4,lr5e-05_bs32_drop0p2_temp2p0_trmiss80_trlocclin,32,5e-05,0.2,2.0,lr5e-05_bs32_drop0p2_temp2p0_trmiss80_trlocclin,31,0.6516704062620798,0.7068965517241379,0.7589935017684875,0.5777777777777777,0.5172413793103449,0.6875,0.19723301465263243,22,clin,0.8
4,4,lr5e-05_bs32_drop0p4_temp1p0_trmiss80_trlocclin,32,5e-05,0.4,1.0,lr5e-05_bs32_drop0p4_temp1p0_trmiss80_trlocclin,12,0.6365572737322913,0.7629310344827587,0.8521173230338503,0.6666666666666666,0.6206896551724138,0.75,0.35497208232277583,22,clin,0.8
4,4,lr5e-05_bs32_drop0p4_temp2p0_trmiss80_trlocclin,32,5e-05,0.4,2.0,lr5e-05_bs32_drop0p4_temp2p0_trmiss80_trlocclin,58,0.6482046458456251,0.6788793103448276,0.748537150292049,0.6888888888888889,0.7931034482758621,0.5,0.3030644901238066,22,clin,0.8
4,4,lr1e-04_bs32_drop0p2_temp1p0_trmiss80_trlocclin,32,0.0001,0.2,1.0,lr1e-04_bs32_drop0p2_temp1p0_trmiss80_trlocclin,13,0.6808036151859496,0.6508620689655171,0.7826922411217971,0.6222222222222222,0.6206896551724138,0.625,0.23573854181809595,22,clin,0.8
4,4,lr1e-04_bs32_drop0p2_temp2p0_trmiss80_trlocclin,32,0.0001,0.2,2.0,lr1e-04_bs32_drop0p2_temp2p0_trmiss80_trlocclin,10,0.6537100354830424,0.7068965517241379,0.8000843590197095,0.6,0.5172413793103449,0.75,0.25899967577896466,22,clin,0.8
4,4,lr1e-04_bs32_drop0p4_temp1p0_trmiss80_trlocclin,32,0.0001,0.4,1.0,lr1e-04_bs32_drop0p4_temp1p0_trmiss80_trlocclin,5,0.6953963259855906,0.5862068965517241,0.6850262525127744,0.5777777777777777,0.5172413793103449,0.6875,0.19723301465263243,22,clin,0.8
4,4,lr1e-04_bs32_drop0p4_temp2p0_trmiss80_trlocclin,32,0.0001,0.4,2.0,lr1e-04_bs32_drop0p4_temp2p0_trmiss80_trlocclin,11,0.6695406019687653,0.625,0.7670307430090983,0.6444444444444445,0.7241379310344828,0.5,0.22413793103448276,22,clin,0.8
4,5,lr5e-05_bs16_drop0p2_temp1p0_trmiss80_trlocclin,16,5e-05,0.2,1.0,lr5e-05_bs16_drop0p2_temp1p0_trmiss80_trlocclin,27,0.6842425107955933,0.5668103448275862,0.7134061218799523,0.5777777777777777,0.5517241379310345,0.625,0.16923087645620707,22,clin,0.8
4,5,lr5e-05_bs16_drop0p2_temp2p0_trmiss80_trlocclin,16,5e-05,0.2,2.0,lr5e-05_bs16_drop0p2_temp2p0_trmiss80_trlocclin,19,0.6441174970732795,0.6508620689655173,0.7704002212049063,0.5777777777777777,0.6896551724137931,0.375,0.06565321642986127,22,clin,0.8
4,5,lr5e-05_bs16_drop0p4_temp1p0_trmiss80_trlocclin,16,5e-05,0.4,1.0,lr5e-05_bs16_drop0p4_temp1p0_trmiss80_trlocclin,43,0.6279641383224064,0.7219827586206896,0.8267573741283833,0.7333333333333333,0.8275862068965517,0.5625,0.40334318170888966,22,clin,0.8
4,5,lr5e-05_bs16_drop0p4_temp2p0_trmiss80_trlocclin,16,5e-05,0.4,2.0,lr5e-05_bs16_drop0p4_temp2p0_trmiss80_trlocclin,28,0.648294057448705,0.6487068965517241,0.7365276328130954,0.6444444444444445,0.6896551724137931,0.5625,0.2463818641631436,22,clin,0.8
4,5,lr1e-04_bs16_drop0p2_temp1p0_trmiss80_trlocclin,16,0.0001,0.2,1.0,lr1e-04_bs16_drop0p2_temp1p0_trmiss80_trlocclin,35,0.640695673889584,0.6982758620689655,0.788345936316583,0.6666666666666666,0.6896551724137931,0.625,0.30495123115910355,22,clin,0.8
4,5,lr1e-04_bs16_drop0p2_temp2p0_trmiss80_trlocclin,16,0.0001,0.2,2.0,lr1e-04_bs16_drop0p2_temp2p0_trmiss80_trlocclin,61,0.6106675454311901,0.6875,0.7867407562250944,0.6444444444444445,0.6896551724137931,0.5625,0.2463818641631436,22,clin,0.8
4,5,lr1e-04_bs16_drop0p4_temp1p0_trmiss80_trlocclin,16,0.0001,0.4,1.0,lr1e-04_bs16_drop0p4_temp1p0_trmiss80_trlocclin,49,0.6175991667641534,0.7586206896551724,0.8181541355433738,0.6666666666666666,0.6206896551724138,0.75,0.35497208232277583,22,clin,0.8
4,5,lr1e-04_bs16_drop0p4_temp2p0_trmiss80_trlocclin,16,0.0001,0.4,2.0,lr1e-04_bs16_drop0p4_temp2p0_trmiss80_trlocclin,12,0.6592759013175964,0.646551724137931,0.7089221480142313,0.6444444444444445,0.7931034482758621,0.375,0.18196506606065263,22,clin,0.8
4,5,lr5e-05_bs32_drop0p2_temp1p0_trmiss80_trlocclin,32,5e-05,0.2,1.0,lr5e-05_bs32_drop0p2_temp1p0_trmiss80_trlocclin,19,0.6762653834289974,0.5797413793103448,0.6692612195790164,0.6222222222222222,0.6551724137931034,0.5625,0.2109594133360922,22,clin,0.8
4,5,lr5e-05_bs32_drop0p2_temp2p0_trmiss80_trlocclin,32,5e-05,0.2,2.0,lr5e-05_bs32_drop0p2_temp2p0_trmiss80_trlocclin,38,0.6659701055950589,0.6314655172413793,0.7242500158520594,0.7333333333333333,0.7931034482758621,0.625,0.41810344827586204,22,clin,0.8
4,5,lr5e-05_bs32_drop0p4_temp1p0_trmiss80_trlocclin,32,5e-05,0.4,1.0,lr5e-05_bs32_drop0p4_temp1p0_trmiss80_trlocclin,57,0.6640943374898699,0.6357758620689655,0.7486164951852136,0.6,0.6551724137931034,0.5,0.15161960871578067,22,clin,0.8
4,5,lr5e-05_bs32_drop0p4_temp2p0_trmiss80_trlocclin,32,5e-05,0.4,2.0,lr5e-05_bs32_drop0p4_temp2p0_trmiss80_trlocclin,31,0.6883297635449304,0.6487068965517242,0.7290594321324468,0.5777777777777777,0.5172413793103449,0.6875,0.19723301465263243,22,clin,0.8
4,5,lr1e-04_bs32_drop0p2_temp1p0_trmiss80_trlocclin,32,0.0001,0.2,1.0,lr1e-04_bs32_drop0p2_temp1p0_trmiss80_trlocclin,38,0.6034594774246216,0.8146551724137931,0.8888487304519002,0.7111111111111111,0.7586206896551724,0.625,0.37875426824180874,22,clin,0.8
4,5,lr1e-04_bs32_drop0p2_temp2p0_trmiss80_trlocclin,32,0.0001,0.2,2.0,lr1e-04_bs32_drop0p2_temp2p0_trmiss80_trlocclin,57,0.6839592920409309,0.5883620689655173,0.7335694062841702,0.4888888888888889,0.41379310344827586,0.625,0.03790490217894517,22,clin,0.8
4,5,lr1e-04_bs32_drop0p4_temp1p0_trmiss80_trlocclin,32,0.0001,0.4,1.0,lr1e-04_bs32_drop0p4_temp1p0_trmiss80_trlocclin,46,0.6338892175091637,0.730603448275862,0.8273657200675715,0.7111111111111111,0.7586206896551724,0.625,0.37875426824180874,22,clin,0.8
4,5,lr1e-04_bs32_drop0p4_temp2p0_trmiss80_trlocclin,32,0.0001,0.4,2.0,lr1e-04_bs32_drop0p4_temp2p0_trmiss80_trlocclin,24,0.6349562280707889,0.728448275862069,0.7774836636301771,0.6888888888888889,0.7241379310344828,0.625,0.3411441196105065,22,clin,0.8
5,1,lr5e-05_bs16_drop0p2_temp1p0_trmiss80_trlocclin,16,5e-05,0.2,1.0,lr5e-05_bs16_drop0p2_temp1p0_trmiss80_trlocclin,1,0.696729759807172,0.4462474645030426,0.6101689383277775,0.5434782608695652,0.6551724137931034,0.35294117647058826,0.008222727783249954,22,clin,0.8
5,1,lr5e-05_bs16_drop0p2_temp2p0_trmiss80_trlocclin,16,5e-05,0.2,2.0,lr5e-05_bs16_drop0p2_temp2p0_trmiss80_trlocclin,3,0.719499260187149,0.4969574036511156,0.6586404695825511,0.45652173913043476,0.2413793103448276,0.8235294117647058,0.075958305586118,22,clin,0.8
5,1,lr5e-05_bs16_drop0p4_temp1p0_trmiss80_trlocclin,16,5e-05,0.4,1.0,lr5e-05_bs16_drop0p4_temp1p0_trmiss80_trlocclin,4,0.7074344430280768,0.5537525354969574,0.66349600030141,0.3695652173913043,0.20689655172413793,0.6470588235294118,-0.16053840922847368,22,clin,0.8
5,1,lr5e-05_bs16_drop0p4_temp2p0_trmiss80_trlocclin,16,5e-05,0.4,2.0,lr5e-05_bs16_drop0p4_temp2p0_trmiss80_trlocclin,3,0.7022398321524911,0.5294117647058824,0.6758031909770279,0.5652173913043478,0.4482758620689655,0.7647058823529411,0.2129817444219067,22,clin,0.8
5,1,lr1e-04_bs16_drop0p2_temp1p0_trmiss80_trlocclin,16,0.0001,0.2,1.0,lr1e-04_bs16_drop0p2_temp1p0_trmiss80_trlocclin,4,0.6793421733638515,0.5496957403651115,0.7030976282624316,0.5652173913043478,0.5862068965517241,0.5294117647058824,0.112039650223724,22,clin,0.8
5,1,lr1e-04_bs16_drop0p2_temp2p0_trmiss80_trlocclin,16,0.0001,0.2,2.0,lr1e-04_bs16_drop0p2_temp2p0_trmiss80_trlocclin,9,0.6896276564701743,0.486815415821501,0.6868023382089568,0.5217391304347826,0.6896551724137931,0.23529411764705882,-0.08045436627695701,22,clin,0.8
5,1,lr1e-04_bs16_drop0p4_temp1p0_trmiss80_trlocclin,16,0.0001,0.4,1.0,lr1e-04_bs16_drop0p4_temp1p0_trmiss80_trlocclin,10,0.6710315490060527,0.5578093306288032,0.713729872030514,0.5652173913043478,0.6551724137931034,0.4117647058823529,0.06693711967545639,22,clin,0.8
5,1,lr1e-04_bs16_drop0p4_temp2p0_trmiss80_trlocclin,16,0.0001,0.4,2.0,lr1e-04_bs16_drop0p4_temp2p0_trmiss80_trlocclin,1,0.7464715747729592,0.31643002028397565,0.5543007817704583,0.3695652173913043,0.4482758620689655,0.23529411764705882,-0.30810551128662517,22,clin,0.8
5,1,lr5e-05_bs32_drop0p2_temp1p0_trmiss80_trlocclin,32,5e-05,0.2,1.0,lr5e-05_bs32_drop0p2_temp1p0_trmiss80_trlocclin,19,0.697483870646228,0.5496957403651116,0.6764360859064117,0.6086956521739131,0.7241379310344828,0.4117647058823529,0.13993452134993903,22,clin,0.8
5,1,lr5e-05_bs32_drop0p2_temp2p0_trmiss80_trlocclin,32,5e-05,0.2,2.0,lr5e-05_bs32_drop0p2_temp2p0_trmiss80_trlocclin,44,0.719600480535756,0.4503042596348885,0.6339302778070499,0.43478260869565216,0.41379310344827586,0.47058823529411764,-0.112039650223724,22,clin,0.8
5,1,lr5e-05_bs32_drop0p4_temp1p0_trmiss80_trlocclin,32,5e-05,0.4,1.0,lr5e-05_bs32_drop0p4_temp1p0_trmiss80_trlocclin,36,0.6814964465473009,0.5963488843813387,0.6927222949182164,0.5652173913043478,0.5517241379310345,0.5882352941176471,0.1351132047333135,22,clin,0.8
5,1,lr5e-05_bs32_drop0p4_temp2p0_trmiss80_trlocclin,32,5e-05,0.4,2.0,lr5e-05_bs32_drop0p4_temp2p0_trmiss80_trlocclin,36,0.673999086022377,0.5598377281947261,0.7144490244401698,0.5652173913043478,0.6551724137931034,0.4117647058823529,0.06693711967545639,22,clin,0.8
5,1,lr1e-04_bs32_drop0p2_temp1p0_trmiss80_trlocclin,32,0.0001,0.2,1.0,lr1e-04_bs32_drop0p2_temp1p0_trmiss80_trlocclin,5,0.6752638428107552,0.6632860040567952,0.7256309904901656,0.6521739130434783,0.6896551724137931,0.5882352941176471,0.2724196464492864,22,clin,0.8
5,1,lr1e-04_bs32_drop0p2_temp2p0_trmiss80_trlocclin,32,0.0001,0.2,2.0,lr1e-04_bs32_drop0p2_temp2p0_trmiss80_trlocclin,1,0.71462842044623,0.436105476673428,0.5760110934758524,0.3695652173913043,0.2413793103448276,0.5882352941176471,-0.17873796928265132,22,clin,0.8
5,1,lr1e-04_bs32_drop0p4_temp1p0_trmiss80_trlocclin,32,0.0001,0.4,1.0,lr1e-04_bs32_drop0p4_temp1p0_trmiss80_trlocclin,47,0.6808514789394711,0.5253549695740365,0.6184182450845954,0.6521739130434783,0.7931034482758621,0.4117647058823529,0.21961867551277453,22,clin,0.8
5,1,lr1e-04_bs32_drop0p4_temp2p0_trmiss80_trlocclin,32,0.0001,0.4,2.0,lr1e-04_bs32_drop0p4_temp2p0_trmiss80_trlocclin,5,0.6675224207017733,0.6308316430020284,0.7913800042053407,0.5869565217391305,0.7241379310344828,0.35294117647058826,0.08085765277072322,22,clin,0.8
5,2,lr5e-05_bs16_drop0p2_temp1p0_trmiss80_trlocclin,16,5e-05,0.2,1.0,lr5e-05_bs16_drop0p2_temp1p0_trmiss80_trlocclin,41,0.648109812868966,0.6407563025210083,0.7168847166515047,0.6888888888888889,0.8571428571428571,0.4117647058823529,0.3033686452801432,22,clin,0.8
5,2,lr5e-05_bs16_drop0p2_temp2p0_trmiss80_trlocclin,16,5e-05,0.2,2.0,lr5e-05_bs16_drop0p2_temp2p0_trmiss80_trlocclin,47,0.6749438706371519,0.5399159663865547,0.6985826719743005,0.4888888888888889,0.5357142857142857,0.4117647058823529,-0.05124500385567424,22,clin,0.8
5,2,lr5e-05_bs16_drop0p4_temp1p0_trmiss80_trlocclin,16,5e-05,0.4,1.0,lr5e-05_bs16_drop0p4_temp1p0_trmiss80_trlocclin,40,0.635724941889445,0.6407563025210083,0.8111594260454039,0.5777777777777777,0.7857142857142857,0.23529411764705882,0.024499797877501263,22,clin,0.8
5,2,lr5e-05_bs16_drop0p4_temp2p0_trmiss80_trlocclin,16,5e-05,0.4,2.0,lr5e-05_bs16_drop0p4_temp2p0_trmiss80_trlocclin,62,0.6788906756374571,0.4852941176470588,0.706327756268847,0.4888888888888889,0.5357142857142857,0.4117647058823529,-0.05124500385567424,22,clin,0.8
5,2,lr1e-04_bs16_drop0p2_temp1p0_trmiss80_trlocclin,16,0.0001,0.2,1.0,lr1e-04_bs16_drop0p2_temp1p0_trmiss80_trlocclin,43,0.6197935104370117,0.6932773109243697,0.8237613392682123,0.6444444444444445,0.75,0.47058823529411764,0.22687130324325755,22,clin,0.8
5,2,lr1e-04_bs16_drop0p2_temp2p0_trmiss80_trlocclin,16,0.0001,0.2,2.0,lr1e-04_bs16_drop0p2_temp2p0_trmiss80_trlocclin,47,0.6875601377752092,0.5777310924369747,0.7036695248895362,0.5777777777777777,0.5714285714285714,0.5882352941176471,0.1548584319808208,22,clin,0.8
5,2,lr1e-04_bs16_drop0p4_temp1p0_trmiss80_trlocclin,16,0.0001,0.4,1.0,lr1e-04_bs16_drop0p4_temp1p0_trmiss80_trlocclin,38,0.6645804127057393,0.5903361344537815,0.7370237623448787,0.5555555555555556,0.75,0.23529411764705882,-0.01659047278875783,22,clin,0.8
5,2,lr1e-04_bs16_drop0p4_temp2p0_trmiss80_trlocclin,16,0.0001,0.4,2.0,lr1e-04_bs16_drop0p4_temp2p0_trmiss80_trlocclin,56,0.6628398343920707,0.6134453781512605,0.7388711559321504,0.5777777777777777,0.6071428571428571,0.5294117647058824,0.13323701002475302,22,clin,0.8
5,2,lr5e-05_bs32_drop0p2_temp1p0_trmiss80_trlocclin,32,5e-05,0.2,1.0,lr5e-05_bs32_drop0p2_temp1p0_trmiss80_trlocclin,32,0.6391560110780928,0.6554621848739496,0.7671457387624021,0.6666666666666666,0.7857142857142857,0.47058823529411764,0.26841790944039673,22,clin,0.8
5,2,lr5e-05_bs32_drop0p2_temp2p0_trmiss80_trlocclin,32,5e-05,0.2,2.0,lr5e-05_bs32_drop0p2_temp2p0_trmiss80_trlocclin,43,0.7516262882285648,0.5063025210084033,0.6638332093385845,0.4666666666666667,0.39285714285714285,0.5882352941176471,-0.018712029714127994,22,clin,0.8
5,2,lr5e-05_bs32_drop0p4_temp1p0_trmiss80_trlocclin,32,5e-05,0.4,1.0,lr5e-05_bs32_drop0p4_temp1p0_trmiss80_trlocclin,58,0.6731510546472338,0.7142857142857143,0.8345629645474684,0.6888888888888889,0.7142857142857143,0.6470588235294118,0.35470025123634874,22,clin,0.8
5,2,lr5e-05_bs32_drop0p4_temp2p0_trmiss80_trlocclin,32,5e-05,0.4,2.0,lr5e-05_bs32_drop0p4_temp2p0_trmiss80_trlocclin,46,0.6516392393244638,0.6008403361344538,0.7219561007960922,0.5555555555555556,0.75,0.23529411764705882,-0.01659047278875783,22,clin,0.8
5,2,lr1e-04_bs32_drop0p2_temp1p0_trmiss80_trlocclin,32,0.0001,0.2,1.0,lr1e-04_bs32_drop0p2_temp1p0_trmiss80_trlocclin,33,0.6361467036936018,0.6218487394957983,0.7809046790127573,0.6444444444444445,0.8571428571428571,0.29411764705882354,0.18333969940564226,22,clin,0.8
5,2,lr1e-04_bs32_drop0p2_temp2p0_trmiss80_trlocclin,32,0.0001,0.2,2.0,lr1e-04_bs32_drop0p2_temp2p0_trmiss80_trlocclin,24,0.6818630933761597,0.6449579831932774,0.7970672082727998,0.5555555555555556,0.4642857142857143,0.7058823529411765,0.16840826742715195,22,clin,0.8
5,2,lr1e-04_bs32_drop0p4_temp1p0_trmiss80_trlocclin,32,0.0001,0.4,1.0,lr1e-04_bs32_drop0p4_temp1p0_trmiss80_trlocclin,14,0.697663222418891,0.5546218487394958,0.7302034337596957,0.4666666666666667,0.39285714285714285,0.5882352941176471,-0.018712029714127994,22,clin,0.8
5,2,lr1e-04_bs32_drop0p4_temp2p0_trmiss80_trlocclin,32,0.0001,0.4,2.0,lr1e-04_bs32_drop0p4_temp2p0_trmiss80_trlocclin,32,0.6233478122287326,0.7436974789915967,0.8608092079109056,0.6888888888888889,0.6785714285714286,0.7058823529411765,0.3736219176318943,22,clin,0.8
5,3,lr5e-05_bs16_drop0p2_temp1p0_trmiss80_trlocclin,16,5e-05,0.2,1.0,lr5e-05_bs16_drop0p2_temp1p0_trmiss80_trlocclin,31,0.6781500370966064,0.5546218487394958,0.6664232012027876,0.5333333333333333,0.5714285714285714,0.47058823529411764,0.04099600308453939,22,clin,0.8
5,3,lr5e-05_bs16_drop0p2_temp2p0_trmiss80_trlocclin,16,5e-05,0.2,2.0,lr5e-05_bs16_drop0p2_temp2p0_trmiss80_trlocclin,53,0.6566382050514221,0.6890756302521008,0.7527294816738428,0.6888888888888889,0.7142857142857143,0.6470588235294118,0.35470025123634874,22,clin,0.8
5,3,lr5e-05_bs16_drop0p4_temp1p0_trmiss80_trlocclin,16,5e-05,0.4,1.0,lr5e-05_bs16_drop0p4_temp1p0_trmiss80_trlocclin,13,0.6750361806816525,0.569327731092437,0.6926458829653703,0.5777777777777777,0.6428571428571429,0.47058823529411764,0.11227217828476797,22,clin,0.8
5,3,lr5e-05_bs16_drop0p4_temp2p0_trmiss80_trlocclin,16,5e-05,0.4,2.0,lr5e-05_bs16_drop0p4_temp2p0_trmiss80_trlocclin,45,0.6658016794257694,0.6554621848739496,0.7729505683427641,0.6222222222222222,0.7142857142857143,0.47058823529411764,0.18724930115325378,22,clin,0.8
5,3,lr1e-04_bs16_drop0p2_temp1p0_trmiss80_trlocclin,16,0.0001,0.2,1.0,lr1e-04_bs16_drop0p2_temp1p0_trmiss80_trlocclin,12,0.6392095082336002,0.6407563025210083,0.7817071148971687,0.6888888888888889,0.7857142857142857,0.5294117647058824,0.3241018617760822,22,clin,0.8
5,3,lr1e-04_bs16_drop0p2_temp2p0_trmiss80_trlocclin,16,0.0001,0.2,2.0,lr1e-04_bs16_drop0p2_temp2p0_trmiss80_trlocclin,6,0.6703479793336656,0.6218487394957983,0.7820856342470044,0.5555555555555556,0.6428571428571429,0.4117647058823529,0.0546218487394958,22,clin,0.8
5,3,lr1e-04_bs16_drop0p4_temp1p0_trmiss80_trlocclin,16,0.0001,0.4,1.0,lr1e-04_bs16_drop0p4_temp1p0_trmiss80_trlocclin,15,0.6362163202630149,0.6176470588235294,0.7520175066437808,0.6222222222222222,0.8928571428571429,0.17647058823529413,0.09887865147828519,22,clin,0.8
5,3,lr1e-04_bs16_drop0p4_temp2p0_trmiss80_trlocclin,16,0.0001,0.4,2.0,lr1e-04_bs16_drop0p4_temp2p0_trmiss80_trlocclin,19,0.6857767581939698,0.5273109243697479,0.7006043529314498,0.5111111111111111,0.5714285714285714,0.4117647058823529,-0.01649768610401622,22,clin,0.8
5,3,lr5e-05_bs32_drop0p2_temp1p0_trmiss80_trlocclin,32,5e-05,0.2,1.0,lr5e-05_bs32_drop0p2_temp1p0_trmiss80_trlocclin,50,0.684138137433264,0.48739495798319327,0.6429468010435159,0.4666666666666667,0.4642857142857143,0.47058823529411764,-0.06316593936059796,22,clin,0.8
5,3,lr5e-05_bs32_drop0p2_temp2p0_trmiss80_trlocclin,32,5e-05,0.2,2.0,lr5e-05_bs32_drop0p2_temp2p0_trmiss80_trlocclin,32,0.6801213973098331,0.5861344537815126,0.6966299909990148,0.6,0.6428571428571429,0.5294117647058824,0.16910128256616624,22,clin,0.8
5,3,lr5e-05_bs32_drop0p4_temp1p0_trmiss80_trlocclin,32,5e-05,0.4,1.0,lr5e-05_bs32_drop0p4_temp1p0_trmiss80_trlocclin,5,0.6750245869159699,0.5861344537815127,0.7256183279855293,0.5333333333333333,0.5714285714285714,0.47058823529411764,0.04099600308453939,22,clin,0.8
5,3,lr5e-05_bs32_drop0p4_temp2p0_trmiss80_trlocclin,32,5e-05,0.4,2.0,lr5e-05_bs32_drop0p4_temp2p0_trmiss80_trlocclin,57,0.6946804642677307,0.4600840336134454,0.6519512143874753,0.4888888888888889,0.6071428571428571,0.29411764705882354,-0.10000814947957871,22,clin,0.8
5,3,lr1e-04_bs32_drop0p2_temp1p0_trmiss80_trlocclin,32,0.0001,0.2,1.0,lr1e-04_bs32_drop0p2_temp1p0_trmiss80_trlocclin,40,0.6400772137774362,0.6743697478991597,0.7592792253750266,0.7111111111111111,0.7857142857142857,0.5882352941176471,0.37875426824180874,22,clin,0.8
5,3,lr1e-04_bs32_drop0p2_temp2p0_trmiss80_trlocclin,32,0.0001,0.2,2.0,lr1e-04_bs32_drop0p2_temp2p0_trmiss80_trlocclin,38,0.7025983764065636,0.48949579831932777,0.6492013083022727,0.4666666666666667,0.5,0.4117647058823529,-0.08574929257125442,22,clin,0.8
5,3,lr1e-04_bs32_drop0p4_temp1p0_trmiss80_trlocclin,32,0.0001,0.4,1.0,lr1e-04_bs32_drop0p4_temp1p0_trmiss80_trlocclin,7,0.6647929350535074,0.5714285714285715,0.6977090541084839,0.5777777777777777,0.8214285714285714,0.17647058823529413,-0.0026641008929884397,22,clin,0.8
5,3,lr1e-04_bs32_drop0p4_temp2p0_trmiss80_trlocclin,32,0.0001,0.4,2.0,lr1e-04_bs32_drop0p4_temp2p0_trmiss80_trlocclin,12,0.6845728655656179,0.4957983193277311,0.6822922467111584,0.5111111111111111,0.6071428571428571,0.35294117647058826,-0.03991596638655462,22,clin,0.8
5,4,lr5e-05_bs16_drop0p2_temp1p0_trmiss80_trlocclin,16,5e-05,0.2,1.0,lr5e-05_bs16_drop0p2_temp1p0_trmiss80_trlocclin,8,0.6731342196464538,0.6012931034482758,0.7509618405794664,0.5111111111111111,0.5172413793103449,0.5,0.016510329410361665,22,clin,0.8
5,4,lr5e-05_bs16_drop0p2_temp2p0_trmiss80_trlocclin,16,5e-05,0.2,2.0,lr5e-05_bs16_drop0p2_temp2p0_trmiss80_trlocclin,7,0.6863059255811903,0.5969827586206896,0.7388452225899972,0.5777777777777777,0.5172413793103449,0.6875,0.19723301465263243,22,clin,0.8
5,4,lr5e-05_bs16_drop0p4_temp1p0_trmiss80_trlocclin,16,5e-05,0.4,1.0,lr5e-05_bs16_drop0p4_temp1p0_trmiss80_trlocclin,26,0.671690763367547,0.5797413793103449,0.6956364227223794,0.5777777777777777,0.6551724137931034,0.4375,0.09149681760897627,22,clin,0.8
5,4,lr5e-05_bs16_drop0p4_temp2p0_trmiss80_trlocclin,16,5e-05,0.4,2.0,lr5e-05_bs16_drop0p4_temp2p0_trmiss80_trlocclin,7,0.7006294376320309,0.5668103448275862,0.7447093982474887,0.5333333333333333,0.41379310344827586,0.75,0.16379310344827586,22,clin,0.8
5,4,lr1e-04_bs16_drop0p2_temp1p0_trmiss80_trlocclin,16,0.0001,0.2,1.0,lr1e-04_bs16_drop0p2_temp1p0_trmiss80_trlocclin,4,0.658810971180598,0.6357758620689655,0.7811989716280382,0.6222222222222222,0.7586206896551724,0.375,0.14111917664128826,22,clin,0.8
5,4,lr1e-04_bs16_drop0p2_temp2p0_trmiss80_trlocclin,16,0.0001,0.2,2.0,lr1e-04_bs16_drop0p2_temp2p0_trmiss80_trlocclin,6,0.6751437081231011,0.668103448275862,0.7996844216816792,0.4888888888888889,0.3793103448275862,0.6875,0.0668103448275862,22,clin,0.8
5,4,lr1e-04_bs16_drop0p4_temp1p0_trmiss80_trlocclin,16,0.0001,0.4,1.0,lr1e-04_bs16_drop0p4_temp1p0_trmiss80_trlocclin,9,0.7005762073728773,0.5474137931034483,0.7227479031187231,0.5111111111111111,0.41379310344827586,0.6875,0.10000814947957871,22,clin,0.8
5,4,lr1e-04_bs16_drop0p4_temp2p0_trmiss80_trlocclin,16,0.0001,0.4,2.0,lr1e-04_bs16_drop0p4_temp2p0_trmiss80_trlocclin,5,0.6591811882125007,0.6443965517241379,0.7298544910894826,0.7333333333333333,0.8275862068965517,0.5625,0.40334318170888966,22,clin,0.8
5,4,lr5e-05_bs32_drop0p2_temp1p0_trmiss80_trlocclin,32,5e-05,0.2,1.0,lr5e-05_bs32_drop0p2_temp1p0_trmiss80_trlocclin,4,0.723303046491411,0.4655172413793104,0.695541940850532,0.4222222222222222,0.20689655172413793,0.8125,0.023211917272131483,22,clin,0.8
5,4,lr5e-05_bs32_drop0p2_temp2p0_trmiss80_trlocclin,32,5e-05,0.2,2.0,lr5e-05_bs32_drop0p2_temp2p0_trmiss80_trlocclin,10,0.6632185273700291,0.6767241379310345,0.7863222660417928,0.6666666666666666,0.6551724137931034,0.6875,0.32879322937787064,22,clin,0.8
5,4,lr5e-05_bs32_drop0p4_temp1p0_trmiss80_trlocclin,32,5e-05,0.4,1.0,lr5e-05_bs32_drop0p4_temp1p0_trmiss80_trlocclin,1,0.6877194060219659,0.478448275862069,0.6409691802939921,0.5777777777777777,0.7586206896551724,0.25,0.009602077346081563,22,clin,0.8
5,4,lr5e-05_bs32_drop0p4_temp2p0_trmiss80_trlocclin,32,5e-05,0.4,2.0,lr5e-05_bs32_drop0p4_temp2p0_trmiss80_trlocclin,13,0.6662022206518385,0.6379310344827587,0.7360883069978565,0.6,0.5862068965517241,0.625,0.2022515352769304,22,clin,0.8
5,4,lr1e-04_bs32_drop0p2_temp1p0_trmiss80_trlocclin,32,0.0001,0.2,1.0,lr1e-04_bs32_drop0p2_temp1p0_trmiss80_trlocclin,23,0.6429216457737816,0.6551724137931034,0.7742231277819982,0.6,0.5862068965517241,0.625,0.2022515352769304,22,clin,0.8
5,4,lr1e-04_bs32_drop0p2_temp2p0_trmiss80_trlocclin,32,0.0001,0.2,2.0,lr1e-04_bs32_drop0p2_temp2p0_trmiss80_trlocclin,1,0.7013565964168973,0.5301724137931034,0.6523034681421525,0.4444444444444444,0.3448275862068966,0.625,-0.03017241379310345,22,clin,0.8
5,4,lr1e-04_bs32_drop0p4_temp1p0_trmiss80_trlocclin,32,0.0001,0.4,1.0,lr1e-04_bs32_drop0p4_temp1p0_trmiss80_trlocclin,13,0.7011776891019609,0.5517241379310345,0.7181562651157195,0.4888888888888889,0.41379310344827586,0.625,0.03790490217894517,22,clin,0.8
5,4,lr1e-04_bs32_drop0p4_temp2p0_trmiss80_trlocclin,32,0.0001,0.4,2.0,lr1e-04_bs32_drop0p4_temp2p0_trmiss80_trlocclin,51,0.7096760312716166,0.5237068965517241,0.6669147574525136,0.5555555555555556,0.4482758620689655,0.75,0.1957606330238562,22,clin,0.8
5,5,lr5e-05_bs16_drop0p2_temp1p0_trmiss80_trlocclin,16,5e-05,0.2,1.0,lr5e-05_bs16_drop0p2_temp1p0_trmiss80_trlocclin,27,0.6866011268562741,0.5668103448275862,0.6854342106278275,0.5333333333333333,0.5172413793103449,0.5625,0.07636027352292271,22,clin,0.8
5,5,lr5e-05_bs16_drop0p2_temp2p0_trmiss80_trlocclin,16,5e-05,0.2,2.0,lr5e-05_bs16_drop0p2_temp2p0_trmiss80_trlocclin,29,0.6605734142992231,0.5754310344827587,0.7418705315463086,0.5777777777777777,0.7241379310344828,0.3125,0.038693967788740326,22,clin,0.8
5,5,lr5e-05_bs16_drop0p4_temp1p0_trmiss80_trlocclin,16,5e-05,0.4,1.0,lr5e-05_bs16_drop0p4_temp1p0_trmiss80_trlocclin,57,0.6616738975048065,0.627155172413793,0.790237453906685,0.5111111111111111,0.4482758620689655,0.625,0.07101604013294192,22,clin,0.8
5,5,lr5e-05_bs16_drop0p4_temp2p0_trmiss80_trlocclin,16,5e-05,0.4,2.0,lr5e-05_bs16_drop0p4_temp2p0_trmiss80_trlocclin,42,0.6700438294145796,0.6594827586206896,0.764648313974343,0.4888888888888889,0.3793103448275862,0.6875,0.0668103448275862,22,clin,0.8
5,5,lr1e-04_bs16_drop0p2_temp1p0_trmiss80_trlocclin,16,0.0001,0.2,1.0,lr1e-04_bs16_drop0p2_temp1p0_trmiss80_trlocclin,4,0.6936704549524519,0.5625,0.7521301082657563,0.5333333333333333,0.5172413793103449,0.5625,0.07636027352292271,22,clin,0.8
5,5,lr1e-04_bs16_drop0p2_temp2p0_trmiss80_trlocclin,16,0.0001,0.2,2.0,lr1e-04_bs16_drop0p2_temp2p0_trmiss80_trlocclin,10,0.7037700600094265,0.4547413793103448,0.6727992534137747,0.5111111111111111,0.5517241379310345,0.4375,-0.010380684981717497,22,clin,0.8
5,5,lr1e-04_bs16_drop0p4_temp1p0_trmiss80_trlocclin,16,0.0001,0.4,1.0,lr1e-04_bs16_drop0p4_temp1p0_trmiss80_trlocclin,7,0.6672687941127353,0.625,0.758672368989547,0.5777777777777777,0.5862068965517241,0.5625,0.14268385425832122,22,clin,0.8
5,5,lr1e-04_bs16_drop0p4_temp2p0_trmiss80_trlocclin,16,0.0001,0.4,2.0,lr1e-04_bs16_drop0p4_temp2p0_trmiss80_trlocclin,46,0.6418246590428882,0.5840517241379309,0.757661535064542,0.6,0.7586206896551724,0.3125,0.07698522025642997,22,clin,0.8
5,5,lr5e-05_bs32_drop0p2_temp1p0_trmiss80_trlocclin,32,5e-05,0.2,1.0,lr5e-05_bs32_drop0p2_temp1p0_trmiss80_trlocclin,51,0.6487911330329047,0.6400862068965516,0.7664526612675999,0.6222222222222222,0.6896551724137931,0.5,0.18724930115325378,22,clin,0.8
5,5,lr5e-05_bs32_drop0p2_temp2p0_trmiss80_trlocclin,32,5e-05,0.2,2.0,lr5e-05_bs32_drop0p2_temp2p0_trmiss80_trlocclin,35,0.6644646465778351,0.6249999999999999,0.7647494423482887,0.5555555555555556,0.5517241379310345,0.5625,0.10938093234364604,22,clin,0.8
5,5,lr5e-05_bs32_drop0p4_temp1p0_trmiss80_trlocclin,32,5e-05,0.4,1.0,lr5e-05_bs32_drop0p4_temp1p0_trmiss80_trlocclin,56,0.678562013970481,0.5581896551724138,0.7252101475366354,0.5333333333333333,0.5517241379310345,0.5,0.049629166698546515,22,clin,0.8
5,5,lr5e-05_bs32_drop0p4_temp2p0_trmiss80_trlocclin,32,5e-05,0.4,2.0,lr5e-05_bs32_drop0p4_temp2p0_trmiss80_trlocclin,22,0.6634166134728325,0.6422413793103448,0.7797543944589266,0.5777777777777777,0.5862068965517241,0.5625,0.14268385425832122,22,clin,0.8
5,5,lr1e-04_bs32_drop0p2_temp1p0_trmiss80_trlocclin,32,0.0001,0.2,1.0,lr1e-04_bs32_drop0p2_temp1p0_trmiss80_trlocclin,13,0.7088080969121721,0.5668103448275862,0.692588620081054,0.4666666666666667,0.3448275862068966,0.6875,0.032826608214930636,22,clin,0.8
5,5,lr1e-04_bs32_drop0p2_temp2p0_trmiss80_trlocclin,32,0.0001,0.2,2.0,lr1e-04_bs32_drop0p2_temp2p0_trmiss80_trlocclin,11,0.6782248728805118,0.6077586206896551,0.7402848425247631,0.5555555555555556,0.5517241379310345,0.5625,0.10938093234364604,22,clin,0.8
5,5,lr1e-04_bs32_drop0p4_temp1p0_trmiss80_trlocclin,32,0.0001,0.4,1.0,lr1e-04_bs32_drop0p4_temp1p0_trmiss80_trlocclin,21,0.6905327253871494,0.5668103448275862,0.6890560753001423,0.4444444444444444,0.41379310344827586,0.5,-0.08304547985373997,22,clin,0.8
5,5,lr1e-04_bs32_drop0p4_temp2p0_trmiss80_trlocclin,32,0.0001,0.4,2.0,lr1e-04_bs32_drop0p4_temp2p0_trmiss80_trlocclin,9,0.7305924289756351,0.4762931034482759,0.688120809506222,0.4222222222222222,0.20689655172413793,0.8125,0.023211917272131483,22,clin,0.8
